01/01/2020,LAS,NV,AWP,WE,Towers with Radar,897,112,115,0,1124,0,392,7,0,399,897,504,122,0,1523,0,0,0,1523
01/02/2020,LAS,NV,AWP,WE,Towers with Radar,1052,110,136,0,1298,0,398,6,0,404,1052,508,142,0,1702,0,0,0,1702
01/03/2020,LAS,NV,AWP,WE,Towers with Radar,1059,113,112,1,1285,0,321,14,0,335,1059,434,126,1,1620,0,0,0,1620
01/04/2020,LAS,NV,AWP,WE,Towers with Radar,924,75,71,0,1070,0,261,17,0,278,924,336,88,0,1348,0,0,0,1348
01/05/2020,LAS,NV,AWP,WE,Towers with Radar,1162,83,97,1,1343,0,192,10,0,202,1162,275,107,1,1545,0,0,0,1545
01/06/2020,LAS,NV,AWP,WE,Towers with Radar,1287,135,124,0,1546,0,146,14,0,160,1287,281,138,0,1706,0,0,0,1706
01/07/2020,LAS,NV,AWP,WE,Towers with Radar,1030,159,143,0,1332,0,86,17,0,103,1030,245,160,0,1435,0,0,0,1435
01/08/2020,LAS,NV,AWP,WE,Towers with Radar,1005,159,145,1,1310,0,105,6,4,115,1005,264,151,5,1425,0,0,0,1425
01/09/2020,LAS,NV,AWP,WE,Towers with Radar,1226,157,166,5,1554,0,123,10,0,133,1226,280,176,5,1687,0,0,0,1687
01/10/2020,LAS,NV,AWP,WE,Towers with Radar,1240,146,145,1,1532,0,195,9,0,204,1240,341,154,1,1736,0,0,0,1736
01/11/2020,LAS,NV,AWP,WE,Towers with Radar,938,78,84,2,1102,0,284,2,0,286,938,362,86,2,1388,0,0,0,1388
01/12/2020,LAS,NV,AWP,WE,Towers with Radar,1113,92,92,4,1301,0,188,11,0,199,1113,280,103,4,1500,0,0,0,1500
01/13/2020,LAS,NV,AWP,WE,Towers with Radar,1115,86,74,1,1276,0,129,20,0,149,1115,215,94,1,1425,0,0,0,1425
01/14/2020,LAS,NV,AWP,WE,Towers with Radar,963,83,70,4,1120,0,148,11,0,159,963,231,81,4,1279,0,0,0,1279
01/15/2020,LAS,NV,AWP,WE,Towers with Radar,975,89,92,2,1158,0,367,14,2,383,975,456,106,4,1541,0,0,0,1541
01/16/2020,LAS,NV,AWP,WE,Towers with Radar,1106,91,98,2,1297,0,172,33,0,205,1106,263,131,2,1502,0,0,0,1502
01/17/2020,LAS,NV,AWP,WE,Towers with Radar,1103,107,148,1,1359,0,246,17,0,263,1103,353,165,1,1622,0,0,0,1622
01/18/2020,LAS,NV,AWP,WE,Towers with Radar,837,102,98,1,1038,0,232,13,2,247,837,334,111,3,1285,0,0,0,1285
01/19/2020,LAS,NV,AWP,WE,Towers with Radar,1067,113,150,0,1330,0,202,17,0,219,1067,315,167,0,1549,0,0,0,1549
01/20/2020,LAS,NV,AWP,WE,Towers with Radar,1047,117,168,0,1332,0,199,9,2,210,1047,316,177,2,1542,0,0,0,1542
01/21/2020,LAS,NV,AWP,WE,Towers with Radar,960,115,129,1,1205,0,123,16,2,141,960,238,145,3,1346,0,0,0,1346
01/22/2020,LAS,NV,AWP,WE,Towers with Radar,976,102,132,0,1210,0,161,18,2,181,976,263,150,2,1391,0,0,0,1391
01/23/2020,LAS,NV,AWP,WE,Towers with Radar,1121,133,170,0,1424,0,176,19,1,196,1121,309,189,1,1620,0,0,0,1620
01/24/2020,LAS,NV,AWP,WE,Towers with Radar,1102,129,181,6,1418,0,230,22,7,259,1102,359,203,13,1677,0,0,0,1677
01/25/2020,LAS,NV,AWP,WE,Towers with Radar,853,71,75,4,1003,0,281,6,0,287,853,352,81,4,1290,0,0,0,1290
01/26/2020,LAS,NV,AWP,WE,Towers with Radar,1101,117,137,5,1360,0,210,10,0,220,1101,327,147,5,1580,0,0,0,1580
01/27/2020,LAS,NV,AWP,WE,Towers with Radar,1080,88,102,5,1275,0,146,6,2,154,1080,234,108,7,1429,0,0,0,1429
01/28/2020,LAS,NV,AWP,WE,Towers with Radar,965,86,89,1,1141,0,148,6,0,154,965,234,95,1,1295,0,0,0,1295
01/29/2020,LAS,NV,AWP,WE,Towers with Radar,973,77,103,1,1154,0,129,8,2,139,973,206,111,3,1293,0,0,0,1293
01/30/2020,LAS,NV,AWP,WE,Towers with Radar,1128,112,105,1,1346,0,169,4,0,173,1128,281,109,1,1519,0,0,0,1519
01/31/2020,LAS,NV,AWP,WE,Towers with Radar,1097,136,166,1,1400,0,155,6,3,164,1097,291,172,4,1564,0,0,0,1564
02/01/2020,LAS,NV,AWP,WE,Towers with Radar,849,102,96,0,1047,0,213,19,0,232,849,315,115,0,1279,0,0,0,1279
02/02/2020,LAS,NV,AWP,WE,Towers with Radar,1060,114,107,2,1283,0,128,11,0,139,1060,242,118,2,1422,0,0,0,1422
02/03/2020,LAS,NV,AWP,WE,Towers with Radar,1103,159,169,0,1431,0,112,3,0,115,1103,271,172,0,1546,0,0,0,1546
02/04/2020,LAS,NV,AWP,WE,Towers with Radar,949,85,104,0,1138,0,121,13,0,134,949,206,117,0,1272,0,0,0,1272
02/05/2020,LAS,NV,AWP,WE,Towers with Radar,979,74,78,1,1132,0,130,12,0,142,979,204,90,1,1274,0,0,0,1274
02/06/2020,LAS,NV,AWP,WE,Towers with Radar,1081,109,108,2,1300,0,156,9,0,165,1081,265,117,2,1465,0,0,0,1465
02/07/2020,LAS,NV,AWP,WE,Towers with Radar,1098,121,125,6,1350,0,195,14,0,209,1098,316,139,6,1559,0,0,0,1559
02/08/2020,LAS,NV,AWP,WE,Towers with Radar,857,71,70,3,1001,0,220,16,2,238,857,291,86,5,1239,0,0,0,1239
02/09/2020,LAS,NV,AWP,WE,Towers with Radar,1077,101,95,0,1273,0,155,2,1,158,1077,256,97,1,1431,0,0,0,1431
02/10/2020,LAS,NV,AWP,WE,Towers with Radar,1097,101,88,7,1293,0,116,7,0,123,1097,217,95,7,1416,0,0,0,1416
02/11/2020,LAS,NV,AWP,WE,Towers with Radar,959,90,97,2,1148,0,156,8,2,166,959,246,105,4,1314,0,0,0,1314
02/12/2020,LAS,NV,AWP,WE,Towers with Radar,981,88,86,6,1161,1,148,6,0,155,982,236,92,6,1316,0,0,0,1316
02/13/2020,LAS,NV,AWP,WE,Towers with Radar,1111,134,118,0,1363,0,169,12,0,181,1111,303,130,0,1544,0,0,0,1544
02/14/2020,LAS,NV,AWP,WE,Towers with Radar,1084,159,144,0,1387,0,305,9,0,314,1084,464,153,0,1701,0,0,0,1701
02/15/2020,LAS,NV,AWP,WE,Towers with Radar,883,109,101,1,1094,0,205,10,2,217,883,314,111,3,1311,0,0,0,1311
02/16/2020,LAS,NV,AWP,WE,Towers with Radar,1073,136,140,4,1353,0,191,17,5,213,1073,327,157,9,1566,0,0,0,1566
02/17/2020,LAS,NV,AWP,WE,Towers with Radar,1069,174,136,4,1383,0,169,19,1,189,1069,343,155,5,1572,0,0,0,1572
02/18/2020,LAS,NV,AWP,WE,Towers with Radar,999,105,86,6,1196,0,192,8,7,207,999,297,94,13,1403,0,0,0,1403
02/19/2020,LAS,NV,AWP,WE,Towers with Radar,1011,102,59,5,1177,0,195,8,4,207,1011,297,67,9,1384,0,0,0,1384
02/20/2020,LAS,NV,AWP,WE,Towers with Radar,1122,77,90,6,1295,0,81,6,7,94,1122,158,96,13,1389,0,0,0,1389
02/21/2020,LAS,NV,AWP,WE,Towers with Radar,1106,91,105,9,1311,0,141,1,0,142,1106,232,106,9,1453,0,0,0,1453
02/22/2020,LAS,NV,AWP,WE,Towers with Radar,878,110,145,5,1138,0,154,11,0,165,878,264,156,5,1303,0,0,0,1303
02/23/2020,LAS,NV,AWP,WE,Towers with Radar,1111,158,215,1,1485,0,324,17,2,343,1111,482,232,3,1828,0,0,0,1828
02/24/2020,LAS,NV,AWP,WE,Towers with Radar,1107,113,85,1,1306,0,235,6,0,241,1107,348,91,1,1547,0,0,0,1547
02/25/2020,LAS,NV,AWP,WE,Towers with Radar,1005,101,91,2,1199,0,177,13,0,190,1005,278,104,2,1389,0,0,0,1389
02/26/2020,LAS,NV,AWP,WE,Towers with Radar,1009,81,102,0,1192,0,140,26,0,166,1009,221,128,0,1358,0,0,0,1358
02/27/2020,LAS,NV,AWP,WE,Towers with Radar,1117,113,85,1,1316,0,174,23,2,199,1117,287,108,3,1515,0,0,0,1515
02/28/2020,LAS,NV,AWP,WE,Towers with Radar,1121,119,96,0,1336,0,192,14,2,208,1121,311,110,2,1544,0,0,0,1544
02/29/2020,LAS,NV,AWP,WE,Towers with Radar,878,79,46,1,1004,0,191,15,0,206,878,270,61,1,1210,0,0,0,1210
03/01/2020,LAS,NV,AWP,WE,Towers with Radar,1096,130,72,1,1299,0,127,3,1,131,1096,257,75,2,1430,0,0,0,1430
03/02/2020,LAS,NV,AWP,WE,Towers with Radar,1110,110,94,0,1314,0,129,2,0,131,1110,239,96,0,1445,0,0,0,1445
03/03/2020,LAS,NV,AWP,WE,Towers with Radar,994,99,73,0,1166,0,135,24,0,159,994,234,97,0,1325,0,0,0,1325
03/04/2020,LAS,NV,AWP,WE,Towers with Radar,1019,101,94,1,1215,0,168,10,3,181,1019,269,104,4,1396,0,0,0,1396
03/05/2020,LAS,NV,AWP,WE,Towers with Radar,1125,102,106,2,1335,0,151,31,0,182,1125,253,137,2,1517,0,0,0,1517
03/06/2020,LAS,NV,AWP,WE,Towers with Radar,1112,120,109,4,1345,0,166,9,0,175,1112,286,118,4,1520,0,0,0,1520
03/07/2020,LAS,NV,AWP,WE,Towers with Radar,932,104,103,3,1142,0,246,14,2,262,932,350,117,5,1404,0,0,0,1404
03/08/2020,LAS,NV,AWP,WE,Towers with Radar,1112,126,161,4,1403,0,186,7,2,195,1112,312,168,6,1598,0,0,0,1598
03/09/2020,LAS,NV,AWP,WE,Towers with Radar,1151,122,111,6,1390,0,226,23,7,256,1151,348,134,13,1646,0,0,0,1646
03/10/2020,LAS,NV,AWP,WE,Towers with Radar,885,96,117,4,1102,0,104,5,1,110,885,200,122,5,1212,0,0,0,1212
03/11/2020,LAS,NV,AWP,WE,Towers with Radar,993,97,113,4,1207,0,135,6,2,143,993,232,119,6,1350,0,0,0,1350
03/12/2020,LAS,NV,AWP,WE,Towers with Radar,1138,119,142,1,1400,0,185,14,2,201,1138,304,156,3,1601,0,0,0,1601
03/13/2020,LAS,NV,AWP,WE,Towers with Radar,1111,126,127,1,1365,0,144,7,0,151,1111,270,134,1,1516,0,0,0,1516
03/14/2020,LAS,NV,AWP,WE,Towers with Radar,969,71,80,2,1122,0,187,1,1,189,969,258,81,3,1311,0,0,0,1311
03/15/2020,LAS,NV,AWP,WE,Towers with Radar,1112,98,73,0,1283,0,159,3,0,162,1112,257,76,0,1445,0,0,0,1445
03/16/2020,LAS,NV,AWP,WE,Towers with Radar,1133,84,57,0,1274,0,113,4,0,117,1133,197,61,0,1391,0,0,0,1391
03/17/2020,LAS,NV,AWP,WE,Towers with Radar,960,73,50,0,1083,0,79,0,0,79,960,152,50,0,1162,0,0,0,1162
03/18/2020,LAS,NV,AWP,WE,Towers with Radar,869,50,35,0,954,9,10,4,0,23,878,60,39,0,977,0,0,0,977
03/19/2020,LAS,NV,AWP,WE,Towers with Radar,290,18,10,0,318,86,7,4,0,97,376,25,14,0,415,0,0,0,415
03/20/2020,LAS,NV,AWP,WE,Towers with Radar,197,11,8,0,216,74,7,4,0,85,271,18,12,0,301,0,0,0,301
03/21/2020,LAS,NV,AWP,WE,Towers with Radar,232,10,6,0,248,97,5,4,0,106,329,15,10,0,354,0,0,0,354
03/22/2020,LAS,NV,AWP,WE,Towers with Radar,235,5,1,0,241,127,10,1,0,138,362,15,2,0,379,0,0,0,379
03/23/2020,LAS,NV,AWP,WE,Towers with Radar,248,12,4,0,264,117,8,1,0,126,365,20,5,0,390,0,0,0,390
03/24/2020,LAS,NV,AWP,WE,Towers with Radar,240,10,3,0,253,144,13,3,0,160,384,23,6,0,413,0,0,0,413
03/25/2020,LAS,NV,AWP,WE,Towers with Radar,385,20,1,0,406,24,3,5,0,32,409,23,6,0,438,0,0,0,438
03/26/2020,LAS,NV,AWP,WE,Towers with Radar,419,18,18,0,455,0,0,1,0,1,419,18,19,0,456,0,0,0,456
03/27/2020,LAS,NV,AWP,WE,Towers with Radar,385,22,16,0,423,0,0,4,0,4,385,22,20,0,427,0,0,0,427
03/28/2020,LAS,NV,AWP,WE,Towers with Radar,374,16,11,0,401,0,2,6,0,8,374,18,17,0,409,0,0,0,409
03/29/2020,LAS,NV,AWP,WE,Towers with Radar,410,19,5,0,434,0,1,6,0,7,410,20,11,0,441,0,0,0,441
03/30/2020,LAS,NV,AWP,WE,Towers with Radar,396,22,15,0,433,0,2,7,3,12,396,24,22,3,445,0,0,0,445
03/31/2020,LAS,NV,AWP,WE,Towers with Radar,427,18,7,0,452,0,5,19,1,25,427,23,26,1,477,0,0,0,477
04/01/2020,LAS,NV,AWP,WE,Towers with Radar,438,21,8,0,467,0,2,12,1,15,438,23,20,1,482,0,0,0,482
04/02/2020,LAS,NV,AWP,WE,Towers with Radar,422,21,9,0,452,0,5,2,0,7,422,26,11,0,459,0,0,0,459
04/03/2020,LAS,NV,AWP,WE,Towers with Radar,427,29,14,0,470,0,1,13,0,14,427,30,27,0,484,0,0,0,484
04/04/2020,LAS,NV,AWP,WE,Towers with Radar,367,14,8,0,389,0,1,5,0,6,367,15,13,0,395,0,0,0,395
04/05/2020,LAS,NV,AWP,WE,Towers with Radar,358,16,3,4,381,0,2,3,0,5,358,18,6,4,386,0,0,0,386
04/06/2020,LAS,NV,AWP,WE,Towers with Radar,337,22,7,0,366,0,0,1,0,1,337,22,8,0,367,0,0,0,367
04/07/2020,LAS,NV,AWP,WE,Towers with Radar,305,21,9,0,335,0,0,0,0,0,305,21,9,0,335,0,0,0,335
04/08/2020,LAS,NV,AWP,WE,Towers with Radar,271,19,9,0,299,0,0,1,0,1,271,19,10,0,300,0,0,0,300
04/09/2020,LAS,NV,AWP,WE,Towers with Radar,276,20,12,0,308,0,0,2,0,2,276,20,14,0,310,0,0,0,310
04/10/2020,LAS,NV,AWP,WE,Towers with Radar,271,20,13,0,304,0,0,14,0,14,271,20,27,0,318,0,0,0,318
04/11/2020,LAS,NV,AWP,WE,Towers with Radar,255,6,5,0,266,0,0,13,3,16,255,6,18,3,282,0,0,0,282
04/12/2020,LAS,NV,AWP,WE,Towers with Radar,270,5,1,0,276,0,1,2,3,6,270,6,3,3,282,0,0,0,282
04/13/2020,LAS,NV,AWP,WE,Towers with Radar,232,22,11,0,265,0,1,6,0,7,232,23,17,0,272,0,0,0,272
04/14/2020,LAS,NV,AWP,WE,Towers with Radar,256,22,11,2,291,0,0,10,2,12,256,22,21,4,303,0,0,0,303
04/15/2020,LAS,NV,AWP,WE,Towers with Radar,229,24,19,6,278,0,0,11,0,11,229,24,30,6,289,0,0,0,289
04/16/2020,LAS,NV,AWP,WE,Towers with Radar,236,33,13,10,292,0,2,3,1,6,236,35,16,11,298,0,0,0,298
04/17/2020,LAS,NV,AWP,WE,Towers with Radar,238,25,25,8,296,0,1,4,0,5,238,26,29,8,301,0,0,0,301
04/18/2020,LAS,NV,AWP,WE,Towers with Radar,231,9,7,2,249,0,4,10,0,14,231,13,17,2,263,0,0,0,263
04/19/2020,LAS,NV,AWP,WE,Towers with Radar,229,11,10,0,250,0,0,7,0,7,229,11,17,0,257,0,0,0,257
04/20/2020,LAS,NV,AWP,WE,Towers with Radar,221,19,17,9,266,0,1,0,2,3,221,20,17,11,269,0,0,0,269
04/21/2020,LAS,NV,AWP,WE,Towers with Radar,211,21,9,10,251,0,1,4,1,6,211,22,13,11,257,0,0,0,257
04/22/2020,LAS,NV,AWP,WE,Towers with Radar,213,23,13,12,261,0,6,13,2,21,213,29,26,14,282,0,0,0,282
04/23/2020,LAS,NV,AWP,WE,Towers with Radar,232,20,14,12,278,0,0,6,2,8,232,20,20,14,286,0,0,0,286
04/24/2020,LAS,NV,AWP,WE,Towers with Radar,223,27,10,10,270,0,7,3,0,10,223,34,13,10,280,0,0,0,280
04/25/2020,LAS,NV,AWP,WE,Towers with Radar,190,12,16,13,231,0,0,8,9,17,190,12,24,22,248,0,0,0,248
04/26/2020,LAS,NV,AWP,WE,Towers with Radar,214,15,10,0,239,0,3,14,0,17,214,18,24,0,256,0,0,0,256
04/27/2020,LAS,NV,AWP,WE,Towers with Radar,188,31,17,28,264,0,0,7,1,8,188,31,24,29,272,0,0,0,272
04/28/2020,LAS,NV,AWP,WE,Towers with Radar,196,16,12,24,248,0,0,12,3,15,196,16,24,27,263,0,0,0,263
04/29/2020,LAS,NV,AWP,WE,Towers with Radar,190,21,9,38,258,0,0,15,3,18,190,21,24,41,276,0,0,0,276
04/30/2020,LAS,NV,AWP,WE,Towers with Radar,212,26,21,26,285,0,2,16,1,19,212,28,37,27,304,0,0,0,304
05/01/2020,LAS,NV,AWP,WE,Towers with Radar,212,29,19,26,286,0,2,8,0,10,212,31,27,26,296,0,0,0,296
05/02/2020,LAS,NV,AWP,WE,Towers with Radar,201,17,10,0,228,0,2,16,0,18,201,19,26,0,246,0,0,0,246
05/03/2020,LAS,NV,AWP,WE,Towers with Radar,252,15,11,2,280,0,7,6,0,13,252,22,17,2,293,0,0,0,293
05/04/2020,LAS,NV,AWP,WE,Towers with Radar,254,34,14,21,323,0,2,6,4,12,254,36,20,25,335,0,0,0,335
05/05/2020,LAS,NV,AWP,WE,Towers with Radar,239,25,18,20,302,0,0,6,2,8,239,25,24,22,310,0,0,0,310
05/06/2020,LAS,NV,AWP,WE,Towers with Radar,240,37,20,20,317,0,4,7,3,14,240,41,27,23,331,0,0,0,331
05/07/2020,LAS,NV,AWP,WE,Towers with Radar,265,34,24,22,345,0,0,19,4,23,265,34,43,26,368,0,0,0,368
05/08/2020,LAS,NV,AWP,WE,Towers with Radar,275,33,20,20,348,0,0,18,0,18,275,33,38,20,366,0,0,0,366
05/09/2020,LAS,NV,AWP,WE,Towers with Radar,246,12,14,0,272,0,2,6,0,8,246,14,20,0,280,0,0,0,280
05/10/2020,LAS,NV,AWP,WE,Towers with Radar,273,17,18,0,308,0,3,19,0,22,273,20,37,0,330,0,0,0,330
05/11/2020,LAS,NV,AWP,WE,Towers with Radar,261,22,14,20,317,0,4,4,0,8,261,26,18,20,325,0,0,0,325
05/12/2020,LAS,NV,AWP,WE,Towers with Radar,239,23,18,26,306,0,14,0,2,16,239,37,18,28,322,0,0,0,322
05/13/2020,LAS,NV,AWP,WE,Towers with Radar,250,28,16,24,318,0,14,3,0,17,250,42,19,24,335,0,0,0,335
05/14/2020,LAS,NV,AWP,WE,Towers with Radar,294,36,30,26,386,0,2,19,0,21,294,38,49,26,407,0,0,0,407
05/15/2020,LAS,NV,AWP,WE,Towers with Radar,291,33,25,25,374,0,0,6,2,8,291,33,31,27,382,0,0,0,382
05/16/2020,LAS,NV,AWP,WE,Towers with Radar,240,10,13,0,263,0,2,3,0,5,240,12,16,0,268,0,0,0,268
05/17/2020,LAS,NV,AWP,WE,Towers with Radar,284,19,18,0,321,0,4,3,0,7,284,23,21,0,328,0,0,0,328
05/18/2020,LAS,NV,AWP,WE,Towers with Radar,283,29,16,30,358,0,20,2,2,24,283,49,18,32,382,0,0,0,382
05/19/2020,LAS,NV,AWP,WE,Towers with Radar,240,21,26,29,316,0,4,3,2,9,240,25,29,31,325,0,0,0,325
05/20/2020,LAS,NV,AWP,WE,Towers with Radar,253,36,36,35,360,0,6,38,2,46,253,42,74,37,406,0,0,0,406
05/21/2020,LAS,NV,AWP,WE,Towers with Radar,331,35,34,33,433,0,5,14,0,19,331,40,48,33,452,0,0,0,452
05/22/2020,LAS,NV,AWP,WE,Towers with Radar,353,37,38,0,428,0,16,6,0,22,353,53,44,0,450,0,0,0,450
05/23/2020,LAS,NV,AWP,WE,Towers with Radar,248,31,12,0,291,0,21,10,1,32,248,52,22,1,323,0,0,0,323
05/24/2020,LAS,NV,AWP,WE,Towers with Radar,314,20,22,0,356,0,21,7,0,28,314,41,29,0,384,0,0,0,384
05/25/2020,LAS,NV,AWP,WE,Towers with Radar,327,20,26,0,373,0,18,21,0,39,327,38,47,0,412,0,0,0,412
05/26/2020,LAS,NV,AWP,WE,Towers with Radar,235,26,29,30,320,0,12,12,4,28,235,38,41,34,348,0,0,0,348
05/27/2020,LAS,NV,AWP,WE,Towers with Radar,256,30,23,36,345,0,14,34,0,48,256,44,57,36,393,0,0,0,393
05/28/2020,LAS,NV,AWP,WE,Towers with Radar,340,47,44,36,467,0,8,7,4,19,340,55,51,40,486,0,0,0,486
05/29/2020,LAS,NV,AWP,WE,Towers with Radar,338,37,39,30,444,0,13,6,2,21,338,50,45,32,465,0,0,0,465
05/30/2020,LAS,NV,AWP,WE,Towers with Radar,240,27,17,0,284,0,28,1,0,29,240,55,18,0,313,0,0,0,313
05/31/2020,LAS,NV,AWP,WE,Towers with Radar,353,36,32,0,421,0,13,8,0,21,353,49,40,0,442,0,0,0,442
06/01/2020,LAS,NV,AWP,WE,Towers with Radar,342,46,26,32,446,0,12,12,0,24,342,58,38,32,470,0,0,0,470
06/02/2020,LAS,NV,AWP,WE,Towers with Radar,254,23,41,41,359,0,9,22,0,31,254,32,63,41,390,0,0,0,390
06/03/2020,LAS,NV,AWP,WE,Towers with Radar,275,39,32,36,382,0,19,4,1,24,275,58,36,37,406,0,0,0,406
06/04/2020,LAS,NV,AWP,WE,Towers with Radar,378,52,68,37,535,0,30,7,1,38,378,82,75,38,573,0,0,0,573
06/05/2020,LAS,NV,AWP,WE,Towers with Radar,397,60,82,32,571,0,26,6,0,32,397,86,88,32,603,0,0,0,603
06/06/2020,LAS,NV,AWP,WE,Towers with Radar,284,36,31,3,354,0,57,1,0,58,284,93,32,3,412,0,0,0,412
06/07/2020,LAS,NV,AWP,WE,Towers with Radar,416,47,74,1,538,0,38,8,1,47,416,85,82,2,585,0,0,0,585
06/08/2020,LAS,NV,AWP,WE,Towers with Radar,420,41,44,37,542,0,25,8,1,34,420,66,52,38,576,0,0,0,576
06/09/2020,LAS,NV,AWP,WE,Towers with Radar,307,43,46,44,440,0,38,19,1,58,307,81,65,45,498,0,0,0,498
06/10/2020,LAS,NV,AWP,WE,Towers with Radar,326,56,65,46,493,0,34,8,0,42,326,90,73,46,535,0,0,0,535
06/11/2020,LAS,NV,AWP,WE,Towers with Radar,457,57,56,46,616,0,48,15,0,63,457,105,71,46,679,0,0,0,679
06/12/2020,LAS,NV,AWP,WE,Towers with Radar,459,57,66,44,626,0,64,8,0,72,459,121,74,44,698,0,0,0,698
06/13/2020,LAS,NV,AWP,WE,Towers with Radar,343,35,29,0,407,0,38,8,0,46,343,73,37,0,453,0,0,0,453
06/14/2020,LAS,NV,AWP,WE,Towers with Radar,462,54,63,1,580,0,68,11,1,80,462,122,74,2,660,0,0,0,660
06/15/2020,LAS,NV,AWP,WE,Towers with Radar,462,58,60,43,623,0,44,10,0,54,462,102,70,43,677,0,0,0,677
06/16/2020,LAS,NV,AWP,WE,Towers with Radar,344,47,43,48,482,0,59,18,2,79,344,106,61,50,561,0,0,0,561
06/17/2020,LAS,NV,AWP,WE,Towers with Radar,348,49,48,50,495,0,57,6,0,63,348,106,54,50,558,0,0,0,558
06/18/2020,LAS,NV,AWP,WE,Towers with Radar,469,58,49,49,625,0,59,11,0,70,469,117,60,49,695,0,0,0,695
06/19/2020,LAS,NV,AWP,WE,Towers with Radar,463,75,86,37,661,0,88,10,0,98,463,163,96,37,759,0,0,0,759
06/20/2020,LAS,NV,AWP,WE,Towers with Radar,370,40,30,0,440,0,101,8,0,109,370,141,38,0,549,0,0,0,549
06/21/2020,LAS,NV,AWP,WE,Towers with Radar,497,65,56,0,618,0,96,3,0,99,497,161,59,0,717,0,0,0,717
06/22/2020,LAS,NV,AWP,WE,Towers with Radar,510,63,44,36,653,0,70,18,0,88,510,133,62,36,741,0,0,0,741
06/23/2020,LAS,NV,AWP,WE,Towers with Radar,407,48,55,42,552,0,78,31,0,109,407,126,86,42,661,0,0,0,661
06/24/2020,LAS,NV,AWP,WE,Towers with Radar,407,58,55,42,562,0,63,12,1,76,407,121,67,43,638,0,0,0,638
06/25/2020,LAS,NV,AWP,WE,Towers with Radar,519,73,74,42,708,0,71,11,1,83,519,144,85,43,791,0,0,0,791
06/26/2020,LAS,NV,AWP,WE,Towers with Radar,511,75,75,42,703,0,112,12,0,124,511,187,87,42,827,0,0,0,827
06/27/2020,LAS,NV,AWP,WE,Towers with Radar,422,47,33,8,510,0,128,14,0,142,422,175,47,8,652,0,0,0,652
06/28/2020,LAS,NV,AWP,WE,Towers with Radar,527,89,81,0,697,0,70,7,0,77,527,159,88,0,774,0,0,0,774
06/29/2020,LAS,NV,AWP,WE,Towers with Radar,531,74,52,38,695,0,80,8,0,88,531,154,60,38,783,0,0,0,783
06/30/2020,LAS,NV,AWP,WE,Towers with Radar,426,61,47,42,576,0,78,5,0,83,426,139,52,42,659,0,0,0,659
07/01/2020,LAS,NV,AWP,WE,Towers with Radar,481,63,73,42,659,0,53,11,0,64,481,116,84,42,723,0,0,0,723
07/02/2020,LAS,NV,AWP,WE,Towers with Radar,615,76,67,43,801,0,60,9,0,69,615,136,76,43,870,0,0,0,870
07/03/2020,LAS,NV,AWP,WE,Towers with Radar,611,73,68,2,754,0,124,15,0,139,611,197,83,2,893,0,0,0,893
07/04/2020,LAS,NV,AWP,WE,Towers with Radar,353,25,31,0,409,0,144,6,0,150,353,169,37,0,559,0,0,0,559
07/05/2020,LAS,NV,AWP,WE,Towers with Radar,629,70,74,0,773,0,134,17,0,151,629,204,91,0,924,0,0,0,924
07/06/2020,LAS,NV,AWP,WE,Towers with Radar,618,61,62,1,742,0,91,17,3,111,618,152,79,4,853,0,0,0,853
07/07/2020,LAS,NV,AWP,WE,Towers with Radar,516,67,48,25,656,0,73,5,1,79,516,140,53,26,735,0,0,0,735
07/08/2020,LAS,NV,AWP,WE,Towers with Radar,523,50,55,29,657,0,61,15,0,76,523,111,70,29,733,0,0,0,733
07/09/2020,LAS,NV,AWP,WE,Towers with Radar,650,61,76,42,829,1,77,11,0,89,651,138,87,42,918,0,0,0,918
07/10/2020,LAS,NV,AWP,WE,Towers with Radar,649,75,63,38,825,0,95,16,1,112,649,170,79,39,937,0,0,0,937
07/11/2020,LAS,NV,AWP,WE,Towers with Radar,535,50,45,0,630,0,138,9,3,150,535,188,54,3,780,0,0,0,780
07/12/2020,LAS,NV,AWP,WE,Towers with Radar,644,72,65,0,781,0,104,19,3,126,644,176,84,3,907,0,0,0,907
07/13/2020,LAS,NV,AWP,WE,Towers with Radar,641,77,54,42,814,0,76,17,0,93,641,153,71,42,907,0,0,0,907
07/14/2020,LAS,NV,AWP,WE,Towers with Radar,510,55,41,44,650,0,69,8,1,78,510,124,49,45,728,0,0,0,728
07/15/2020,LAS,NV,AWP,WE,Towers with Radar,527,47,58,40,672,0,84,15,1,100,527,131,73,41,772,0,0,0,772
07/16/2020,LAS,NV,AWP,WE,Towers with Radar,659,57,49,42,807,3,83,14,1,101,662,140,63,43,908,0,0,0,908
07/17/2020,LAS,NV,AWP,WE,Towers with Radar,657,59,67,40,823,0,106,11,4,121,657,165,78,44,944,0,0,0,944
07/18/2020,LAS,NV,AWP,WE,Towers with Radar,539,28,42,1,610,0,151,32,0,183,539,179,74,1,793,0,0,0,793
07/19/2020,LAS,NV,AWP,WE,Towers with Radar,649,51,48,2,750,0,115,10,0,125,649,166,58,2,875,0,0,0,875
07/20/2020,LAS,NV,AWP,WE,Towers with Radar,654,72,56,45,827,0,78,34,0,112,654,150,90,45,939,0,0,0,939
07/21/2020,LAS,NV,AWP,WE,Towers with Radar,517,44,40,42,643,0,62,10,2,74,517,106,50,44,717,0,0,0,717
07/22/2020,LAS,NV,AWP,WE,Towers with Radar,528,61,38,42,669,0,64,26,0,90,528,125,64,42,759,0,0,0,759
07/23/2020,LAS,NV,AWP,WE,Towers with Radar,667,79,55,44,845,0,86,7,0,93,667,165,62,44,938,0,0,0,938
07/24/2020,LAS,NV,AWP,WE,Towers with Radar,662,74,63,42,841,0,120,3,0,123,662,194,66,42,964,0,0,0,964
07/25/2020,LAS,NV,AWP,WE,Towers with Radar,537,39,32,0,608,0,138,12,0,150,537,177,44,0,758,0,0,0,758
07/26/2020,LAS,NV,AWP,WE,Towers with Radar,655,70,61,3,789,0,136,20,0,156,655,206,81,3,945,0,0,0,945
07/27/2020,LAS,NV,AWP,WE,Towers with Radar,655,70,40,42,807,0,113,11,0,124,655,183,51,42,931,0,0,0,931
07/28/2020,LAS,NV,AWP,WE,Towers with Radar,502,52,56,42,652,0,98,14,2,114,502,150,70,44,766,0,0,0,766
07/29/2020,LAS,NV,AWP,WE,Towers with Radar,521,53,49,42,665,0,96,21,1,118,521,149,70,43,783,0,0,0,783
07/30/2020,LAS,NV,AWP,WE,Towers with Radar,656,53,60,42,811,0,85,15,2,102,656,138,75,44,913,0,0,0,913
07/31/2020,LAS,NV,AWP,WE,Towers with Radar,661,74,80,42,857,0,136,24,2,162,661,210,104,44,1019,0,0,0,1019
08/01/2020,LAS,NV,AWP,WE,Towers with Radar,530,49,37,5,621,0,160,17,1,178,530,209,54,6,799,0,0,0,799
08/02/2020,LAS,NV,AWP,WE,Towers with Radar,670,54,61,6,791,0,150,12,1,163,670,204,73,7,954,0,0,0,954
08/03/2020,LAS,NV,AWP,WE,Towers with Radar,664,67,57,44,832,0,116,4,0,120,664,183,61,44,952,0,0,0,952
08/04/2020,LAS,NV,AWP,WE,Towers with Radar,531,56,58,44,689,0,87,13,1,101,531,143,71,45,790,0,0,0,790
08/05/2020,LAS,NV,AWP,WE,Towers with Radar,517,44,62,45,668,0,92,8,0,100,517,136,70,45,768,0,0,0,768
08/06/2020,LAS,NV,AWP,WE,Towers with Radar,685,68,73,49,875,0,114,7,0,121,685,182,80,49,996,0,0,0,996
08/07/2020,LAS,NV,AWP,WE,Towers with Radar,660,66,71,40,837,0,147,7,1,155,660,213,78,41,992,0,0,0,992
08/08/2020,LAS,NV,AWP,WE,Towers with Radar,534,51,49,0,634,0,165,7,0,172,534,216,56,0,806,0,0,0,806
08/09/2020,LAS,NV,AWP,WE,Towers with Radar,672,60,71,1,804,0,172,10,0,182,672,232,81,1,986,0,0,0,986
08/10/2020,LAS,NV,AWP,WE,Towers with Radar,647,62,53,45,807,0,117,5,0,122,647,179,58,45,929,0,0,0,929
08/11/2020,LAS,NV,AWP,WE,Towers with Radar,535,49,66,42,692,0,97,7,0,104,535,146,73,42,796,0,0,0,796
08/12/2020,LAS,NV,AWP,WE,Towers with Radar,562,44,56,42,704,0,106,21,0,127,562,150,77,42,831,0,0,0,831
08/13/2020,LAS,NV,AWP,WE,Towers with Radar,709,58,58,44,869,0,105,15,0,120,709,163,73,44,989,0,0,0,989
08/14/2020,LAS,NV,AWP,WE,Towers with Radar,700,72,60,38,870,0,148,10,0,158,700,220,70,38,1028,0,0,0,1028
08/15/2020,LAS,NV,AWP,WE,Towers with Radar,593,35,44,2,674,0,152,9,1,162,593,187,53,3,836,0,0,0,836
08/16/2020,LAS,NV,AWP,WE,Towers with Radar,727,66,68,0,861,0,185,10,1,196,727,251,78,1,1057,0,0,0,1057
08/17/2020,LAS,NV,AWP,WE,Towers with Radar,718,50,38,42,848,0,136,32,2,170,718,186,70,44,1018,0,0,0,1018
08/18/2020,LAS,NV,AWP,WE,Towers with Radar,536,41,52,48,677,0,96,17,0,113,536,137,69,48,790,0,0,0,790
08/19/2020,LAS,NV,AWP,WE,Towers with Radar,542,54,65,46,707,0,88,17,0,105,542,142,82,46,812,0,0,0,812
08/20/2020,LAS,NV,AWP,WE,Towers with Radar,731,82,74,43,930,0,106,7,0,113,731,188,81,43,1043,0,0,0,1043
08/21/2020,LAS,NV,AWP,WE,Towers with Radar,693,84,64,50,891,0,166,19,1,186,693,250,83,51,1077,0,0,0,1077
08/22/2020,LAS,NV,AWP,WE,Towers with Radar,582,34,41,1,658,0,211,12,0,223,582,245,53,1,881,0,0,0,881
08/23/2020,LAS,NV,AWP,WE,Towers with Radar,723,79,89,1,892,0,220,9,0,229,723,299,98,1,1121,0,0,0,1121
08/24/2020,LAS,NV,AWP,WE,Towers with Radar,682,63,60,42,847,0,112,8,0,120,682,175,68,42,967,0,0,0,967
08/25/2020,LAS,NV,AWP,WE,Towers with Radar,536,48,43,42,669,0,89,15,0,104,536,137,58,42,773,0,0,0,773
08/26/2020,LAS,NV,AWP,WE,Towers with Radar,537,54,67,42,700,0,88,19,1,108,537,142,86,43,808,0,0,0,808
08/27/2020,LAS,NV,AWP,WE,Towers with Radar,714,61,53,42,870,0,86,40,0,126,714,147,93,42,996,0,0,0,996
08/28/2020,LAS,NV,AWP,WE,Towers with Radar,681,59,49,43,832,0,165,14,0,179,681,224,63,43,1011,0,0,0,1011
08/29/2020,LAS,NV,AWP,WE,Towers with Radar,590,40,40,2,672,0,200,13,2,215,590,240,53,4,887,0,0,0,887
08/30/2020,LAS,NV,AWP,WE,Towers with Radar,718,60,79,0,857,0,212,10,1,223,718,272,89,1,1080,0,0,0,1080
08/31/2020,LAS,NV,AWP,WE,Towers with Radar,683,65,50,44,842,0,119,15,3,137,683,184,65,47,979,0,0,0,979
09/01/2020,LAS,NV,AWP,WE,Towers with Radar,536,51,49,46,682,0,98,44,3,145,536,149,93,49,827,0,0,0,827
09/02/2020,LAS,NV,AWP,WE,Towers with Radar,540,50,74,47,711,0,73,15,3,91,540,123,89,50,802,0,0,0,802
09/03/2020,LAS,NV,AWP,WE,Towers with Radar,717,74,81,46,918,0,120,16,0,136,717,194,97,46,1054,0,0,0,1054
09/04/2020,LAS,NV,AWP,WE,Towers with Radar,729,79,65,2,875,0,194,21,0,215,729,273,86,2,1090,0,0,0,1090
09/05/2020,LAS,NV,AWP,WE,Towers with Radar,580,40,51,0,671,0,278,7,0,285,580,318,58,0,956,0,0,0,956
09/06/2020,LAS,NV,AWP,WE,Towers with Radar,625,53,55,0,733,0,287,5,0,292,625,340,60,0,1025,0,0,0,1025
09/07/2020,LAS,NV,AWP,WE,Towers with Radar,664,67,92,0,823,0,142,7,0,149,664,209,99,0,972,0,0,0,972
09/08/2020,LAS,NV,AWP,WE,Towers with Radar,502,64,57,38,661,0,88,1,0,89,502,152,58,38,750,0,0,0,750
09/09/2020,LAS,NV,AWP,WE,Towers with Radar,433,49,63,45,590,0,94,4,1,99,433,143,67,46,689,0,0,0,689
09/10/2020,LAS,NV,AWP,WE,Towers with Radar,627,72,72,42,813,0,103,17,4,124,627,175,89,46,937,0,0,0,937
09/11/2020,LAS,NV,AWP,WE,Towers with Radar,601,77,92,44,814,0,228,17,0,245,601,305,109,44,1059,0,0,0,1059
09/12/2020,LAS,NV,AWP,WE,Towers with Radar,480,42,40,2,564,0,120,14,0,134,480,162,54,2,698,0,0,0,698
09/13/2020,LAS,NV,AWP,WE,Towers with Radar,632,5,3,0,640,0,0,0,0,0,632,5,3,0,640,0,0,0,640
09/14/2020,LAS,NV,AWP,WE,Towers with Radar,580,69,110,44,803,0,164,8,2,174,580,233,118,46,977,0,0,0,977
09/15/2020,LAS,NV,AWP,WE,Towers with Radar,421,62,63,47,593,0,113,17,5,135,421,175,80,52,728,0,0,0,728
09/16/2020,LAS,NV,AWP,WE,Towers with Radar,444,54,60,44,602,0,104,11,3,118,444,158,71,47,720,0,0,0,720
09/17/2020,LAS,NV,AWP,WE,Towers with Radar,634,79,84,45,842,0,145,9,2,156,634,224,93,47,998,0,0,0,998
09/18/2020,LAS,NV,AWP,WE,Towers with Radar,598,82,93,42,815,0,213,5,0,218,598,295,98,42,1033,0,0,0,1033
09/19/2020,LAS,NV,AWP,WE,Towers with Radar,475,34,38,0,547,0,268,10,2,280,475,302,48,2,827,0,0,0,827
09/20/2020,LAS,NV,AWP,WE,Towers with Radar,633,63,90,1,787,0,227,19,0,246,633,290,109,1,1033,0,0,0,1033
09/21/2020,LAS,NV,AWP,WE,Towers with Radar,582,61,66,41,750,0,149,19,1,169,582,210,85,42,919,0,0,0,919
09/22/2020,LAS,NV,AWP,WE,Towers with Radar,431,44,56,49,580,0,109,12,0,121,431,153,68,49,701,0,0,0,701
09/23/2020,LAS,NV,AWP,WE,Towers with Radar,443,40,61,48,592,0,117,15,1,133,443,157,76,49,725,0,0,0,725
09/24/2020,LAS,NV,AWP,WE,Towers with Radar,637,70,87,46,840,0,138,13,0,151,637,208,100,46,991,0,0,0,991
09/25/2020,LAS,NV,AWP,WE,Towers with Radar,613,84,107,40,844,0,199,22,8,229,613,283,129,48,1073,0,0,0,1073
09/26/2020,LAS,NV,AWP,WE,Towers with Radar,476,50,80,2,608,0,286,6,0,292,476,336,86,2,900,0,0,0,900
09/27/2020,LAS,NV,AWP,WE,Towers with Radar,629,73,92,0,794,0,216,17,0,233,629,289,109,0,1027,0,0,0,1027
09/28/2020,LAS,NV,AWP,WE,Towers with Radar,599,53,49,39,740,0,135,9,3,147,599,188,58,42,887,0,0,0,887
09/29/2020,LAS,NV,AWP,WE,Towers with Radar,442,47,50,46,585,0,112,14,2,128,442,159,64,48,713,0,0,0,713
09/30/2020,LAS,NV,AWP,WE,Towers with Radar,441,54,71,47,613,0,106,23,0,129,441,160,94,47,742,0,0,0,742
10/01/2020,LAS,NV,AWP,WE,Towers with Radar,659,50,50,46,805,0,102,10,0,112,659,152,60,46,917,0,0,0,917
10/02/2020,LAS,NV,AWP,WE,Towers with Radar,658,71,109,45,883,0,177,9,0,186,658,248,118,45,1069,0,0,0,1069
10/03/2020,LAS,NV,AWP,WE,Towers with Radar,520,55,33,1,609,0,310,6,2,318,520,365,39,3,927,0,0,0,927
10/04/2020,LAS,NV,AWP,WE,Towers with Radar,676,62,85,3,826,0,204,6,0,210,676,266,91,3,1036,0,0,0,1036
10/05/2020,LAS,NV,AWP,WE,Towers with Radar,645,52,64,48,809,0,119,10,0,129,645,171,74,48,938,0,0,0,938
10/06/2020,LAS,NV,AWP,WE,Towers with Radar,458,44,54,46,602,0,102,10,0,112,458,146,64,46,714,0,0,0,714
10/07/2020,LAS,NV,AWP,WE,Towers with Radar,484,67,44,49,644,0,140,24,0,164,484,207,68,49,808,0,0,0,808
10/08/2020,LAS,NV,AWP,WE,Towers with Radar,733,61,78,49,921,0,116,11,2,129,733,177,89,51,1050,0,0,0,1050
10/09/2020,LAS,NV,AWP,WE,Towers with Radar,711,67,83,44,905,0,189,16,4,209,711,256,99,48,1114,0,0,0,1114
10/10/2020,LAS,NV,AWP,WE,Towers with Radar,548,42,39,0,629,0,306,10,5,321,548,348,49,5,950,0,0,0,950
10/11/2020,LAS,NV,AWP,WE,Towers with Radar,738,88,84,0,910,0,240,8,1,249,738,328,92,1,1159,0,0,0,1159
10/12/2020,LAS,NV,AWP,WE,Towers with Radar,691,85,80,1,857,0,144,12,0,156,691,229,92,1,1013,0,0,0,1013
10/13/2020,LAS,NV,AWP,WE,Towers with Radar,485,52,57,43,637,0,120,9,3,132,485,172,66,46,769,0,0,0,769
10/14/2020,LAS,NV,AWP,WE,Towers with Radar,498,50,47,32,627,0,118,9,1,128,498,168,56,33,755,0,0,0,755
10/15/2020,LAS,NV,AWP,WE,Towers with Radar,719,64,78,44,905,0,132,9,3,144,719,196,87,47,1049,0,0,0,1049
10/16/2020,LAS,NV,AWP,WE,Towers with Radar,695,91,87,41,914,0,273,13,5,291,695,364,100,46,1205,0,0,0,1205
10/17/2020,LAS,NV,AWP,WE,Towers with Radar,555,52,52,10,669,0,146,21,1,168,555,198,73,11,837,0,0,0,837
10/18/2020,LAS,NV,AWP,WE,Towers with Radar,724,92,72,3,891,0,74,6,0,80,724,166,78,3,971,0,0,0,971
10/19/2020,LAS,NV,AWP,WE,Towers with Radar,677,76,62,52,867,0,138,2,4,144,677,214,64,56,1011,0,0,0,1011
10/20/2020,LAS,NV,AWP,WE,Towers with Radar,483,46,67,47,643,0,117,8,7,132,483,163,75,54,775,0,0,0,775
10/21/2020,LAS,NV,AWP,WE,Towers with Radar,481,57,64,47,649,0,116,13,1,130,481,173,77,48,779,0,0,0,779
10/22/2020,LAS,NV,AWP,WE,Towers with Radar,715,80,81,44,920,0,144,7,0,151,715,224,88,44,1071,0,0,0,1071
10/23/2020,LAS,NV,AWP,WE,Towers with Radar,679,101,94,48,922,0,225,8,1,234,679,326,102,49,1156,0,0,0,1156
10/24/2020,LAS,NV,AWP,WE,Towers with Radar,537,59,40,4,640,0,264,11,0,275,537,323,51,4,915,0,0,0,915
10/25/2020,LAS,NV,AWP,WE,Towers with Radar,685,101,79,0,865,0,176,10,0,186,685,277,89,0,1051,0,0,0,1051
10/26/2020,LAS,NV,AWP,WE,Towers with Radar,647,65,62,46,820,0,114,0,3,117,647,179,62,49,937,0,0,0,937
10/27/2020,LAS,NV,AWP,WE,Towers with Radar,474,61,69,46,650,0,105,7,0,112,474,166,76,46,762,0,0,0,762
10/28/2020,LAS,NV,AWP,WE,Towers with Radar,470,51,43,52,616,0,113,0,6,119,470,164,43,58,735,0,0,0,735
10/29/2020,LAS,NV,AWP,WE,Towers with Radar,676,61,85,50,872,0,101,9,1,111,676,162,94,51,983,0,0,0,983
10/30/2020,LAS,NV,AWP,WE,Towers with Radar,655,89,100,38,882,0,185,15,0,200,655,274,115,38,1082,0,0,0,1082
10/31/2020,LAS,NV,AWP,WE,Towers with Radar,480,42,47,1,570,0,256,4,0,260,480,298,51,1,830,0,0,0,830
11/01/2020,LAS,NV,AWP,WE,Towers with Radar,681,72,85,1,839,0,188,10,0,198,681,260,95,1,1037,0,0,0,1037
11/02/2020,LAS,NV,AWP,WE,Towers with Radar,641,61,53,41,796,0,126,5,0,131,641,187,58,41,927,0,0,0,927
11/03/2020,LAS,NV,AWP,WE,Towers with Radar,459,48,56,45,608,0,90,12,1,103,459,138,68,46,711,0,0,0,711
11/04/2020,LAS,NV,AWP,WE,Towers with Radar,484,71,59,44,658,0,105,9,5,119,484,176,68,49,777,0,0,0,777
11/05/2020,LAS,NV,AWP,WE,Towers with Radar,719,87,78,44,928,0,116,13,0,129,719,203,91,44,1057,0,0,0,1057
11/06/2020,LAS,NV,AWP,WE,Towers with Radar,695,78,91,40,904,0,214,16,0,230,695,292,107,40,1134,0,0,0,1134
11/07/2020,LAS,NV,AWP,WE,Towers with Radar,529,47,56,3,635,0,246,1,0,247,529,293,57,3,882,0,0,0,882
11/08/2020,LAS,NV,AWP,WE,Towers with Radar,758,86,88,5,937,0,134,2,0,136,758,220,90,5,1073,0,0,0,1073
11/09/2020,LAS,NV,AWP,WE,Towers with Radar,686,89,66,46,887,0,109,17,4,130,686,198,83,50,1017,0,0,0,1017
11/10/2020,LAS,NV,AWP,WE,Towers with Radar,466,55,60,44,625,0,106,11,2,119,466,161,71,46,744,0,0,0,744
11/11/2020,LAS,NV,AWP,WE,Towers with Radar,475,61,58,2,596,0,100,15,2,117,475,161,73,4,713,0,0,0,713
11/12/2020,LAS,NV,AWP,WE,Towers with Radar,727,93,84,51,955,0,132,13,1,146,727,225,97,52,1101,0,0,0,1101
11/13/2020,LAS,NV,AWP,WE,Towers with Radar,699,93,70,41,903,0,196,12,0,208,699,289,82,41,1111,0,0,0,1111
11/14/2020,LAS,NV,AWP,WE,Towers with Radar,543,55,49,1,648,0,343,7,2,352,543,398,56,3,1000,0,0,0,1000
11/15/2020,LAS,NV,AWP,WE,Towers with Radar,754,91,98,0,943,0,218,8,0,226,754,309,106,0,1169,0,0,0,1169
11/16/2020,LAS,NV,AWP,WE,Towers with Radar,683,75,52,37,847,0,107,11,0,118,683,182,63,37,965,0,0,0,965
11/17/2020,LAS,NV,AWP,WE,Towers with Radar,459,54,66,48,627,0,114,7,0,121,459,168,73,48,748,0,0,0,748
11/18/2020,LAS,NV,AWP,WE,Towers with Radar,497,50,44,46,637,0,106,6,0,112,497,156,50,46,749,0,0,0,749
11/19/2020,LAS,NV,AWP,WE,Towers with Radar,719,91,70,46,926,0,100,10,0,110,719,191,80,46,1036,0,0,0,1036
11/20/2020,LAS,NV,AWP,WE,Towers with Radar,735,117,103,42,997,0,142,12,0,154,735,259,115,42,1151,0,0,0,1151
11/21/2020,LAS,NV,AWP,WE,Towers with Radar,631,58,61,9,759,0,285,4,1,290,631,343,65,10,1049,0,0,0,1049
11/22/2020,LAS,NV,AWP,WE,Towers with Radar,732,86,101,0,919,0,177,13,0,190,732,263,114,0,1109,0,0,0,1109
11/23/2020,LAS,NV,AWP,WE,Towers with Radar,707,73,46,40,866,0,144,14,0,158,707,217,60,40,1024,0,0,0,1024
11/24/2020,LAS,NV,AWP,WE,Towers with Radar,687,59,49,46,841,0,102,9,0,111,687,161,58,46,952,0,0,0,952
11/25/2020,LAS,NV,AWP,WE,Towers with Radar,719,78,49,34,880,0,113,10,0,123,719,191,59,34,1003,0,0,0,1003
11/26/2020,LAS,NV,AWP,WE,Towers with Radar,474,39,26,0,539,0,61,6,0,67,474,100,32,0,606,0,0,0,606
11/27/2020,LAS,NV,AWP,WE,Towers with Radar,612,49,52,0,713,0,231,9,0,240,612,280,61,0,953,0,0,0,953
11/28/2020,LAS,NV,AWP,WE,Towers with Radar,687,67,54,0,808,0,226,9,0,235,687,293,63,0,1043,0,0,0,1043
11/29/2020,LAS,NV,AWP,WE,Towers with Radar,764,81,112,0,957,0,121,9,0,130,764,202,121,0,1087,0,0,0,1087
11/30/2020,LAS,NV,AWP,WE,Towers with Radar,718,50,42,42,852,0,67,6,1,74,718,117,48,43,926,0,0,0,926
12/01/2020,LAS,NV,AWP,WE,Towers with Radar,592,75,58,46,771,0,47,9,2,58,592,122,67,48,829,0,0,0,829
12/02/2020,LAS,NV,AWP,WE,Towers with Radar,431,64,55,44,594,0,51,13,1,65,431,115,68,45,659,0,0,0,659
12/03/2020,LAS,NV,AWP,WE,Towers with Radar,590,59,74,45,768,0,60,3,1,64,590,119,77,46,832,0,0,0,832
12/04/2020,LAS,NV,AWP,WE,Towers with Radar,580,65,87,37,769,0,122,13,2,137,580,187,100,39,906,0,0,0,906
12/05/2020,LAS,NV,AWP,WE,Towers with Radar,469,58,51,7,585,0,183,3,4,190,469,241,54,11,775,0,0,0,775
12/06/2020,LAS,NV,AWP,WE,Towers with Radar,618,67,74,3,762,0,119,11,0,130,618,186,85,3,892,0,0,0,892
12/07/2020,LAS,NV,AWP,WE,Towers with Radar,572,77,50,43,742,0,48,7,0,55,572,125,57,43,797,0,0,0,797
12/08/2020,LAS,NV,AWP,WE,Towers with Radar,404,53,39,49,545,0,59,16,0,75,404,112,55,49,620,0,0,0,620
12/09/2020,LAS,NV,AWP,WE,Towers with Radar,407,69,40,47,563,0,64,6,1,71,407,133,46,48,634,0,0,0,634
12/10/2020,LAS,NV,AWP,WE,Towers with Radar,582,75,50,45,752,0,62,13,0,75,582,137,63,45,827,0,0,0,827
12/11/2020,LAS,NV,AWP,WE,Towers with Radar,566,109,60,38,773,0,81,5,0,86,566,190,65,38,859,0,0,0,859
12/12/2020,LAS,NV,AWP,WE,Towers with Radar,466,82,45,0,593,0,153,10,0,163,466,235,55,0,756,0,0,0,756
12/13/2020,LAS,NV,AWP,WE,Towers with Radar,596,87,53,0,736,0,90,6,0,96,596,177,59,0,832,0,0,0,832
12/14/2020,LAS,NV,AWP,WE,Towers with Radar,549,62,54,42,707,0,59,4,0,63,549,121,58,42,770,0,0,0,770
12/15/2020,LAS,NV,AWP,WE,Towers with Radar,402,59,61,46,568,0,72,8,0,80,402,131,69,46,648,0,0,0,648
12/16/2020,LAS,NV,AWP,WE,Towers with Radar,450,62,55,46,613,0,74,5,0,79,450,136,60,46,692,0,0,0,692
12/17/2020,LAS,NV,AWP,WE,Towers with Radar,702,83,52,44,881,0,64,1,0,65,702,147,53,44,946,0,0,0,946
12/18/2020,LAS,NV,AWP,WE,Towers with Radar,697,111,98,39,945,0,91,7,0,98,697,202,105,39,1043,0,0,0,1043
12/19/2020,LAS,NV,AWP,WE,Towers with Radar,628,82,65,0,775,0,162,2,0,164,628,244,67,0,939,0,0,0,939
12/20/2020,LAS,NV,AWP,WE,Towers with Radar,722,85,70,2,879,0,138,10,1,149,722,223,80,3,1028,0,0,0,1028
12/21/2020,LAS,NV,AWP,WE,Towers with Radar,671,95,54,32,852,0,83,7,1,91,671,178,61,33,943,0,0,0,943
12/22/2020,LAS,NV,AWP,WE,Towers with Radar,635,68,45,33,781,0,106,5,0,111,635,174,50,33,892,0,0,0,892
12/23/2020,LAS,NV,AWP,WE,Towers with Radar,693,50,47,26,816,0,110,6,0,116,693,160,53,26,932,0,0,0,932
12/24/2020,LAS,NV,AWP,WE,Towers with Radar,531,30,36,2,599,0,54,0,0,54,531,84,36,2,653,0,0,0,653
12/25/2020,LAS,NV,AWP,WE,Towers with Radar,431,58,26,2,517,0,102,10,0,112,431,160,36,2,629,0,0,0,629
12/26/2020,LAS,NV,AWP,WE,Towers with Radar,670,77,50,0,797,0,152,11,0,163,670,229,61,0,960,0,0,0,960
12/27/2020,LAS,NV,AWP,WE,Towers with Radar,714,99,79,0,892,0,122,4,0,126,714,221,83,0,1018,0,0,0,1018
12/28/2020,LAS,NV,AWP,WE,Towers with Radar,667,77,68,15,827,0,112,4,0,116,667,189,72,15,943,0,0,0,943
12/29/2020,LAS,NV,AWP,WE,Towers with Radar,629,99,61,14,803,0,161,7,0,168,629,260,68,14,971,0,0,0,971
12/30/2020,LAS,NV,AWP,WE,Towers with Radar,698,85,64,22,869,0,194,12,1,207,698,279,76,23,1076,0,0,0,1076
12/31/2020,LAS,NV,AWP,WE,Towers with Radar,530,101,61,0,692,0,192,14,1,207,530,293,75,1,899,0,0,0,899
01/01/2021,LAS,NV,AWP,WE,Towers with Radar,475,91,51,0,617,0,270,8,1,279,475,361,59,1,896,0,0,0,896
01/02/2021,LAS,NV,AWP,WE,Towers with Radar,698,86,79,0,863,0,301,11,0,312,698,387,90,0,1175,0,0,0,1175
01/03/2021,LAS,NV,AWP,WE,Towers with Radar,729,67,112,0,908,0,185,10,0,195,729,252,122,0,1103,0,0,0,1103
01/04/2021,LAS,NV,AWP,WE,Towers with Radar,679,60,58,42,839,0,83,5,0,88,679,143,63,42,927,0,0,0,927
01/05/2021,LAS,NV,AWP,WE,Towers with Radar,544,48,36,47,675,0,76,6,0,82,544,124,42,47,757,0,0,0,757
01/06/2021,LAS,NV,AWP,WE,Towers with Radar,477,43,55,46,621,0,55,2,0,57,477,98,57,46,678,0,0,0,678
01/07/2021,LAS,NV,AWP,WE,Towers with Radar,568,51,55,46,720,0,61,4,1,66,568,112,59,47,786,0,0,0,786
01/08/2021,LAS,NV,AWP,WE,Towers with Radar,558,64,61,43,726,0,126,8,1,135,558,190,69,44,861,0,0,0,861
01/09/2021,LAS,NV,AWP,WE,Towers with Radar,464,72,64,2,602,0,170,29,0,199,464,242,93,2,801,0,0,0,801
01/10/2021,LAS,NV,AWP,WE,Towers with Radar,555,70,62,2,689,0,117,10,0,127,555,187,72,2,816,0,0,0,816
01/11/2021,LAS,NV,AWP,WE,Towers with Radar,529,55,49,46,679,0,68,4,0,72,529,123,53,46,751,0,0,0,751
01/12/2021,LAS,NV,AWP,WE,Towers with Radar,416,59,57,46,578,0,56,3,0,59,416,115,60,46,637,0,0,0,637
01/13/2021,LAS,NV,AWP,WE,Towers with Radar,414,53,65,45,577,0,54,6,0,60,414,107,71,45,637,0,0,0,637
01/14/2021,LAS,NV,AWP,WE,Towers with Radar,568,64,69,48,749,0,58,10,2,70,568,122,79,50,819,0,0,0,819
01/15/2021,LAS,NV,AWP,WE,Towers with Radar,567,84,84,6,741,0,135,3,0,138,567,219,87,6,879,0,0,0,879
01/16/2021,LAS,NV,AWP,WE,Towers with Radar,469,71,40,10,590,0,196,8,0,204,469,267,48,10,794,0,0,0,794
01/17/2021,LAS,NV,AWP,WE,Towers with Radar,560,72,79,9,720,0,134,4,0,138,560,206,83,9,858,0,0,0,858
01/18/2021,LAS,NV,AWP,WE,Towers with Radar,551,60,75,1,687,0,74,9,1,84,551,134,84,2,771,0,0,0,771
01/19/2021,LAS,NV,AWP,WE,Towers with Radar,413,40,33,47,533,0,65,2,0,67,413,105,35,47,600,0,0,0,600
01/20/2021,LAS,NV,AWP,WE,Towers with Radar,411,53,60,49,573,0,83,4,0,87,411,136,64,49,660,0,0,0,660
01/21/2021,LAS,NV,AWP,WE,Towers with Radar,576,61,65,47,749,0,86,2,0,88,576,147,67,47,837,0,0,0,837
01/22/2021,LAS,NV,AWP,WE,Towers with Radar,569,87,92,40,788,0,145,2,0,147,569,232,94,40,935,0,0,0,935
01/23/2021,LAS,NV,AWP,WE,Towers with Radar,460,59,48,1,568,0,294,1,0,295,460,353,49,1,863,0,0,0,863
01/24/2021,LAS,NV,AWP,WE,Towers with Radar,571,85,87,1,744,0,146,2,0,148,571,231,89,1,892,0,0,0,892
01/25/2021,LAS,NV,AWP,WE,Towers with Radar,533,63,55,1,652,0,22,0,0,22,533,85,55,1,674,0,0,0,674
01/26/2021,LAS,NV,AWP,WE,Towers with Radar,409,52,63,29,553,0,84,11,4,99,409,136,74,33,652,0,0,0,652
01/27/2021,LAS,NV,AWP,WE,Towers with Radar,418,71,59,18,566,0,93,18,2,113,418,164,77,20,679,0,0,0,679
01/28/2021,LAS,NV,AWP,WE,Towers with Radar,576,69,60,48,753,0,98,8,0,106,576,167,68,48,859,0,0,0,859
01/29/2021,LAS,NV,AWP,WE,Towers with Radar,573,87,68,20,748,0,134,9,1,144,573,221,77,21,892,0,0,0,892
01/30/2021,LAS,NV,AWP,WE,Towers with Radar,460,62,42,4,568,0,322,3,0,325,460,384,45,4,893,0,0,0,893
01/31/2021,LAS,NV,AWP,WE,Towers with Radar,573,83,73,3,732,0,161,6,0,167,573,244,79,3,899,0,0,0,899
02/01/2021,LAS,NV,AWP,WE,Towers with Radar,525,49,43,42,659,0,78,4,0,82,525,127,47,42,741,0,0,0,741
02/02/2021,LAS,NV,AWP,WE,Towers with Radar,415,56,40,46,557,0,78,6,0,84,415,134,46,46,641,0,0,0,641
02/03/2021,LAS,NV,AWP,WE,Towers with Radar,414,49,48,48,559,0,59,3,0,62,414,108,51,48,621,0,0,0,621
02/04/2021,LAS,NV,AWP,WE,Towers with Radar,580,68,89,47,784,0,76,4,0,80,580,144,93,47,864,0,0,0,864
02/05/2021,LAS,NV,AWP,WE,Towers with Radar,581,75,121,44,821,0,178,7,0,185,581,253,128,44,1006,0,0,0,1006
02/06/2021,LAS,NV,AWP,WE,Towers with Radar,467,90,93,1,651,0,320,17,0,337,467,410,110,1,988,0,0,0,988
02/07/2021,LAS,NV,AWP,WE,Towers with Radar,578,109,89,0,776,0,112,4,0,116,578,221,93,0,892,0,0,0,892
02/08/2021,LAS,NV,AWP,WE,Towers with Radar,562,116,133,38,849,0,100,13,1,114,562,216,146,39,963,0,0,0,963
02/09/2021,LAS,NV,AWP,WE,Towers with Radar,416,62,72,50,600,0,109,7,2,118,416,171,79,52,718,0,0,0,718
02/10/2021,LAS,NV,AWP,WE,Towers with Radar,436,53,71,48,608,0,119,11,6,136,436,172,82,54,744,0,0,0,744
02/11/2021,LAS,NV,AWP,WE,Towers with Radar,610,65,95,51,821,0,126,7,7,140,610,191,102,58,961,0,0,0,961
02/12/2021,LAS,NV,AWP,WE,Towers with Radar,619,79,122,6,826,0,331,4,0,335,619,410,126,6,1161,0,0,0,1161
02/13/2021,LAS,NV,AWP,WE,Towers with Radar,481,76,58,2,617,0,432,6,0,438,481,508,64,2,1055,0,0,0,1055
02/14/2021,LAS,NV,AWP,WE,Towers with Radar,518,89,70,2,679,0,502,4,0,506,518,591,74,2,1185,0,0,0,1185
02/15/2021,LAS,NV,AWP,WE,Towers with Radar,517,92,86,1,696,0,318,5,1,324,517,410,91,2,1020,0,0,0,1020
02/16/2021,LAS,NV,AWP,WE,Towers with Radar,397,75,72,51,595,0,154,4,0,158,397,229,76,51,753,0,0,0,753
02/17/2021,LAS,NV,AWP,WE,Towers with Radar,422,69,63,46,600,0,134,8,2,144,422,203,71,48,744,0,0,0,744
02/18/2021,LAS,NV,AWP,WE,Towers with Radar,576,103,87,45,811,0,132,10,1,143,576,235,97,46,954,0,0,0,954
02/19/2021,LAS,NV,AWP,WE,Towers with Radar,605,103,67,49,824,0,220,12,1,233,605,323,79,50,1057,0,0,0,1057
02/20/2021,LAS,NV,AWP,WE,Towers with Radar,509,97,39,9,654,0,317,8,0,325,509,414,47,9,979,0,0,0,979
02/21/2021,LAS,NV,AWP,WE,Towers with Radar,615,92,81,11,799,0,224,13,1,238,615,316,94,12,1037,0,0,0,1037
02/22/2021,LAS,NV,AWP,WE,Towers with Radar,592,68,43,53,756,0,119,5,1,125,592,187,48,54,881,0,0,0,881
02/23/2021,LAS,NV,AWP,WE,Towers with Radar,443,62,73,52,630,0,109,5,3,117,443,171,78,55,747,0,0,0,747
02/24/2021,LAS,NV,AWP,WE,Towers with Radar,459,75,79,62,675,0,88,6,4,98,459,163,85,66,773,0,0,0,773
02/25/2021,LAS,NV,AWP,WE,Towers with Radar,615,83,98,29,825,0,136,6,4,146,615,219,104,33,971,0,0,0,971
02/26/2021,LAS,NV,AWP,WE,Towers with Radar,615,75,147,7,844,0,241,11,0,252,615,316,158,7,1096,0,0,0,1096
02/27/2021,LAS,NV,AWP,WE,Towers with Radar,506,38,68,3,615,0,379,13,0,392,506,417,81,3,1007,0,0,0,1007
02/28/2021,LAS,NV,AWP,WE,Towers with Radar,613,80,85,2,780,0,268,12,1,281,613,348,97,3,1061,0,0,0,1061
03/01/2021,LAS,NV,AWP,WE,Towers with Radar,593,83,67,23,766,0,122,13,1,136,593,205,80,24,902,0,0,0,902
03/02/2021,LAS,NV,AWP,WE,Towers with Radar,454,54,54,52,614,0,104,3,3,110,454,158,57,55,724,0,0,0,724
03/03/2021,LAS,NV,AWP,WE,Towers with Radar,477,66,91,44,678,0,84,3,5,92,477,150,94,49,770,0,0,0,770
03/04/2021,LAS,NV,AWP,WE,Towers with Radar,651,74,119,47,891,0,137,2,3,142,651,211,121,50,1033,0,0,0,1033
03/05/2021,LAS,NV,AWP,WE,Towers with Radar,639,98,105,46,888,0,277,13,0,290,639,375,118,46,1178,0,0,0,1178
03/06/2021,LAS,NV,AWP,WE,Towers with Radar,541,62,76,1,680,0,417,5,1,423,541,479,81,2,1103,0,0,0,1103
03/07/2021,LAS,NV,AWP,WE,Towers with Radar,720,91,125,1,937,0,303,15,1,319,720,394,140,2,1256,0,0,0,1256
03/08/2021,LAS,NV,AWP,WE,Towers with Radar,719,69,67,43,898,0,174,1,2,177,719,243,68,45,1075,0,0,0,1075
03/09/2021,LAS,NV,AWP,WE,Towers with Radar,494,70,54,48,666,0,140,2,4,146,494,210,56,52,812,0,0,0,812
03/10/2021,LAS,NV,AWP,WE,Towers with Radar,535,55,74,36,700,0,126,2,1,129,535,181,76,37,829,0,0,0,829
03/11/2021,LAS,NV,AWP,WE,Towers with Radar,783,79,82,24,968,0,138,0,0,138,783,217,82,24,1106,0,0,0,1106
03/12/2021,LAS,NV,AWP,WE,Towers with Radar,781,92,91,31,995,0,247,4,0,251,781,339,95,31,1246,0,0,0,1246
03/13/2021,LAS,NV,AWP,WE,Towers with Radar,641,62,63,1,767,0,414,2,4,420,641,476,65,5,1187,0,0,0,1187
03/14/2021,LAS,NV,AWP,WE,Towers with Radar,766,79,91,2,938,0,354,1,1,356,766,433,92,3,1294,0,0,0,1294
03/15/2021,LAS,NV,AWP,WE,Towers with Radar,741,66,37,31,875,0,255,0,2,257,741,321,37,33,1132,0,0,0,1132
03/16/2021,LAS,NV,AWP,WE,Towers with Radar,635,70,65,45,815,0,222,4,5,231,635,292,69,50,1046,0,0,0,1046
03/17/2021,LAS,NV,AWP,WE,Towers with Radar,655,56,75,50,836,0,254,21,5,280,655,310,96,55,1116,0,0,0,1116
03/18/2021,LAS,NV,AWP,WE,Towers with Radar,790,104,111,48,1053,0,252,1,5,258,790,356,112,53,1311,0,0,0,1311
03/19/2021,LAS,NV,AWP,WE,Towers with Radar,795,75,129,53,1052,0,354,6,1,361,795,429,135,54,1413,0,0,0,1413
03/20/2021,LAS,NV,AWP,WE,Towers with Radar,669,65,49,1,784,0,385,7,2,394,669,450,56,3,1178,0,0,0,1178
03/21/2021,LAS,NV,AWP,WE,Towers with Radar,787,113,114,4,1018,0,363,7,3,373,787,476,121,7,1391,0,0,0,1391
03/22/2021,LAS,NV,AWP,WE,Towers with Radar,770,97,61,40,968,0,263,7,0,270,770,360,68,40,1238,0,0,0,1238
03/23/2021,LAS,NV,AWP,WE,Towers with Radar,646,66,69,50,831,0,231,4,3,238,646,297,73,53,1069,0,0,0,1069
03/24/2021,LAS,NV,AWP,WE,Towers with Radar,662,65,75,48,850,0,231,7,8,246,662,296,82,56,1096,0,0,0,1096
03/25/2021,LAS,NV,AWP,WE,Towers with Radar,792,104,98,50,1044,0,242,8,2,252,792,346,106,52,1296,0,0,0,1296
03/26/2021,LAS,NV,AWP,WE,Towers with Radar,805,99,133,47,1084,0,351,12,4,367,805,450,145,51,1451,0,0,0,1451
03/27/2021,LAS,NV,AWP,WE,Towers with Radar,675,71,74,1,821,0,393,5,2,400,675,464,79,3,1221,0,0,0,1221
03/28/2021,LAS,NV,AWP,WE,Towers with Radar,789,111,119,5,1024,0,371,12,2,385,789,482,131,7,1409,0,0,0,1409
03/29/2021,LAS,NV,AWP,WE,Towers with Radar,777,67,48,46,938,0,285,13,1,299,777,352,61,47,1237,0,0,0,1237
03/30/2021,LAS,NV,AWP,WE,Towers with Radar,663,56,52,49,820,0,289,7,4,300,663,345,59,53,1120,0,0,0,1120
03/31/2021,LAS,NV,AWP,WE,Towers with Radar,672,70,75,46,863,0,264,25,5,294,672,334,100,51,1157,0,0,0,1157
04/01/2021,LAS,NV,AWP,WE,Towers with Radar,816,66,91,49,1022,0,279,4,1,284,816,345,95,50,1306,0,0,0,1306
04/02/2021,LAS,NV,AWP,WE,Towers with Radar,793,86,76,38,993,0,369,12,4,385,793,455,88,42,1378,0,0,0,1378
04/03/2021,LAS,NV,AWP,WE,Towers with Radar,681,58,65,0,804,0,396,7,0,403,681,454,72,0,1207,0,0,0,1207
04/04/2021,LAS,NV,AWP,WE,Towers with Radar,799,82,63,1,945,0,392,3,2,397,799,474,66,3,1342,0,0,0,1342
04/05/2021,LAS,NV,AWP,WE,Towers with Radar,794,73,84,39,990,0,280,9,0,289,794,353,93,39,1279,0,0,0,1279
04/06/2021,LAS,NV,AWP,WE,Towers with Radar,646,67,65,48,826,0,252,10,2,264,646,319,75,50,1090,0,0,0,1090
04/07/2021,LAS,NV,AWP,WE,Towers with Radar,663,66,90,47,866,0,287,4,7,298,663,353,94,54,1164,0,0,0,1164
04/08/2021,LAS,NV,AWP,WE,Towers with Radar,823,107,79,57,1066,0,285,6,4,295,823,392,85,61,1361,0,0,0,1361
04/09/2021,LAS,NV,AWP,WE,Towers with Radar,806,102,117,41,1066,0,354,24,5,383,806,456,141,46,1449,0,0,0,1449
04/10/2021,LAS,NV,AWP,WE,Towers with Radar,655,82,64,5,806,0,386,7,2,395,655,468,71,7,1201,0,0,0,1201
04/11/2021,LAS,NV,AWP,WE,Towers with Radar,812,126,110,5,1053,0,362,10,1,373,812,488,120,6,1426,0,0,0,1426
04/12/2021,LAS,NV,AWP,WE,Towers with Radar,795,96,72,43,1006,0,233,1,0,234,795,329,73,43,1240,0,0,0,1240
04/13/2021,LAS,NV,AWP,WE,Towers with Radar,553,72,67,51,743,0,230,7,1,238,553,302,74,52,981,0,0,0,981
04/14/2021,LAS,NV,AWP,WE,Towers with Radar,556,81,103,47,787,0,230,4,4,238,556,311,107,51,1025,0,0,0,1025
04/15/2021,LAS,NV,AWP,WE,Towers with Radar,793,93,110,49,1045,0,242,3,6,251,793,335,113,55,1296,0,0,0,1296
04/16/2021,LAS,NV,AWP,WE,Towers with Radar,803,96,110,58,1067,0,341,19,4,364,803,437,129,62,1431,0,0,0,1431
04/17/2021,LAS,NV,AWP,WE,Towers with Radar,629,64,65,2,760,0,372,7,0,379,629,436,72,2,1139,0,0,0,1139
04/18/2021,LAS,NV,AWP,WE,Towers with Radar,815,118,98,11,1042,0,337,13,3,353,815,455,111,14,1395,0,0,0,1395
04/19/2021,LAS,NV,AWP,WE,Towers with Radar,764,90,79,43,976,0,243,14,1,258,764,333,93,44,1234,0,0,0,1234
04/20/2021,LAS,NV,AWP,WE,Towers with Radar,560,71,57,52,740,0,233,3,7,243,560,304,60,59,983,0,0,0,983
04/21/2021,LAS,NV,AWP,WE,Towers with Radar,560,81,96,48,785,0,208,2,2,212,560,289,98,50,997,0,0,0,997
04/22/2021,LAS,NV,AWP,WE,Towers with Radar,804,108,114,49,1075,0,236,3,8,247,804,344,117,57,1322,0,0,0,1322
04/23/2021,LAS,NV,AWP,WE,Towers with Radar,798,124,128,47,1097,0,302,8,3,313,798,426,136,50,1410,0,0,0,1410
04/24/2021,LAS,NV,AWP,WE,Towers with Radar,625,83,50,2,760,0,347,5,1,353,625,430,55,3,1113,0,0,0,1113
04/25/2021,LAS,NV,AWP,WE,Towers with Radar,825,117,118,2,1062,0,302,4,0,306,825,419,122,2,1368,0,0,0,1368
04/26/2021,LAS,NV,AWP,WE,Towers with Radar,795,85,62,44,986,0,225,1,0,226,795,310,63,44,1212,0,0,0,1212
04/27/2021,LAS,NV,AWP,WE,Towers with Radar,555,61,68,48,732,0,217,0,2,219,555,278,68,50,951,0,0,0,951
04/28/2021,LAS,NV,AWP,WE,Towers with Radar,572,85,89,45,791,0,212,8,2,222,572,297,97,47,1013,0,0,0,1013
04/29/2021,LAS,NV,AWP,WE,Towers with Radar,806,111,125,46,1088,0,223,7,4,234,806,334,132,50,1322,0,0,0,1322
04/30/2021,LAS,NV,AWP,WE,Towers with Radar,794,121,126,49,1090,0,340,23,1,364,794,461,149,50,1454,0,0,0,1454
05/01/2021,LAS,NV,AWP,WE,Towers with Radar,645,80,70,5,800,0,368,21,1,390,645,448,91,6,1190,0,0,0,1190
05/02/2021,LAS,NV,AWP,WE,Towers with Radar,809,116,123,2,1050,0,370,15,2,387,809,486,138,4,1437,0,0,0,1437
05/03/2021,LAS,NV,AWP,WE,Towers with Radar,781,85,92,43,1001,0,252,5,3,260,781,337,97,46,1261,0,0,0,1261
05/04/2021,LAS,NV,AWP,WE,Towers with Radar,538,56,99,48,741,0,229,7,9,245,538,285,106,57,986,0,0,0,986
05/05/2021,LAS,NV,AWP,WE,Towers with Radar,612,78,104,51,845,0,231,13,1,245,612,309,117,52,1090,0,0,0,1090
05/06/2021,LAS,NV,AWP,WE,Towers with Radar,830,87,96,54,1067,0,245,11,2,258,830,332,107,56,1325,0,0,0,1325
05/07/2021,LAS,NV,AWP,WE,Towers with Radar,839,113,92,42,1086,0,326,7,4,337,839,439,99,46,1423,0,0,0,1423
05/08/2021,LAS,NV,AWP,WE,Towers with Radar,717,68,69,0,854,0,385,8,0,393,717,453,77,0,1247,0,0,0,1247
05/09/2021,LAS,NV,AWP,WE,Towers with Radar,889,102,110,5,1106,0,369,5,1,375,889,471,115,6,1481,0,0,0,1481
05/10/2021,LAS,NV,AWP,WE,Towers with Radar,879,84,58,51,1072,0,262,0,3,265,879,346,58,54,1337,0,0,0,1337
05/11/2021,LAS,NV,AWP,WE,Towers with Radar,712,78,70,50,910,0,234,3,4,241,712,312,73,54,1151,0,0,0,1151
05/12/2021,LAS,NV,AWP,WE,Towers with Radar,726,76,103,46,951,0,253,5,3,261,726,329,108,49,1212,0,0,0,1212
05/13/2021,LAS,NV,AWP,WE,Towers with Radar,899,113,93,48,1153,0,259,5,5,269,899,372,98,53,1422,0,0,0,1422
05/14/2021,LAS,NV,AWP,WE,Towers with Radar,910,113,150,49,1222,0,346,9,1,356,910,459,159,50,1578,0,0,0,1578
05/15/2021,LAS,NV,AWP,WE,Towers with Radar,733,76,70,3,882,0,387,4,0,391,733,463,74,3,1273,0,0,0,1273
05/16/2021,LAS,NV,AWP,WE,Towers with Radar,903,124,144,2,1173,0,346,7,0,353,903,470,151,2,1526,0,0,0,1526
05/17/2021,LAS,NV,AWP,WE,Towers with Radar,897,87,100,44,1128,0,265,3,2,270,897,352,103,46,1398,0,0,0,1398
05/18/2021,LAS,NV,AWP,WE,Towers with Radar,733,79,107,41,960,0,274,17,2,293,733,353,124,43,1253,0,0,0,1253
05/19/2021,LAS,NV,AWP,WE,Towers with Radar,740,102,99,51,992,0,240,9,2,251,740,342,108,53,1243,0,0,0,1243
05/20/2021,LAS,NV,AWP,WE,Towers with Radar,905,118,110,45,1178,0,108,4,2,114,905,226,114,47,1292,0,0,0,1292
05/21/2021,LAS,NV,AWP,WE,Towers with Radar,915,126,127,24,1192,0,323,8,0,331,915,449,135,24,1523,0,0,0,1523
05/22/2021,LAS,NV,AWP,WE,Towers with Radar,725,100,88,0,913,0,367,8,0,375,725,467,96,0,1288,0,0,0,1288
05/23/2021,LAS,NV,AWP,WE,Towers with Radar,909,137,156,1,1203,0,369,16,1,386,909,506,172,2,1589,0,0,0,1589
05/24/2021,LAS,NV,AWP,WE,Towers with Radar,892,107,93,46,1138,0,283,16,2,301,892,390,109,48,1439,0,0,0,1439
05/25/2021,LAS,NV,AWP,WE,Towers with Radar,716,90,81,50,937,0,298,6,3,307,716,388,87,53,1244,0,0,0,1244
05/26/2021,LAS,NV,AWP,WE,Towers with Radar,737,108,92,44,981,0,271,6,5,282,737,379,98,49,1263,0,0,0,1263
05/27/2021,LAS,NV,AWP,WE,Towers with Radar,908,126,159,51,1244,0,274,9,3,286,908,400,168,54,1530,0,0,0,1530
05/28/2021,LAS,NV,AWP,WE,Towers with Radar,906,138,133,3,1180,0,344,12,0,356,906,482,145,3,1536,0,0,0,1536
05/29/2021,LAS,NV,AWP,WE,Towers with Radar,748,92,71,2,913,0,365,11,0,376,748,457,82,2,1289,0,0,0,1289
05/30/2021,LAS,NV,AWP,WE,Towers with Radar,907,107,68,0,1082,0,393,10,0,403,907,500,78,0,1485,0,0,0,1485
05/31/2021,LAS,NV,AWP,WE,Towers with Radar,904,115,113,1,1133,0,306,14,1,321,904,421,127,2,1454,0,0,0,1454
06/01/2021,LAS,NV,AWP,WE,Towers with Radar,792,89,84,45,1010,0,275,7,2,284,792,364,91,47,1294,0,0,0,1294
06/02/2021,LAS,NV,AWP,WE,Towers with Radar,816,89,97,46,1048,0,271,10,3,284,816,360,107,49,1332,0,0,0,1332
06/03/2021,LAS,NV,AWP,WE,Towers with Radar,899,116,96,48,1159,0,270,10,3,283,899,386,106,51,1442,0,0,0,1442
06/04/2021,LAS,NV,AWP,WE,Towers with Radar,933,147,116,41,1237,0,316,18,1,335,933,463,134,42,1572,0,0,0,1572
06/05/2021,LAS,NV,AWP,WE,Towers with Radar,774,105,91,4,974,0,369,16,3,388,774,474,107,7,1362,0,0,0,1362
06/06/2021,LAS,NV,AWP,WE,Towers with Radar,902,149,154,7,1212,0,350,18,1,369,902,499,172,8,1581,0,0,0,1581
06/07/2021,LAS,NV,AWP,WE,Towers with Radar,932,106,116,49,1203,0,285,5,3,293,932,391,121,52,1496,0,0,0,1496
06/08/2021,LAS,NV,AWP,WE,Towers with Radar,786,88,93,47,1014,0,290,9,3,302,786,378,102,50,1316,0,0,0,1316
06/09/2021,LAS,NV,AWP,WE,Towers with Radar,824,94,100,50,1068,0,277,9,3,289,824,371,109,53,1357,0,0,0,1357
06/10/2021,LAS,NV,AWP,WE,Towers with Radar,935,131,127,50,1243,0,278,6,2,286,935,409,133,52,1529,0,0,0,1529
06/11/2021,LAS,NV,AWP,WE,Towers with Radar,979,130,142,49,1300,0,318,13,1,332,979,448,155,50,1632,0,0,0,1632
06/12/2021,LAS,NV,AWP,WE,Towers with Radar,772,90,98,1,961,0,351,9,0,360,772,441,107,1,1321,0,0,0,1321
06/13/2021,LAS,NV,AWP,WE,Towers with Radar,905,143,147,2,1197,0,367,11,1,379,905,510,158,3,1576,0,0,0,1576
06/14/2021,LAS,NV,AWP,WE,Towers with Radar,939,99,106,44,1188,0,310,6,2,318,939,409,112,46,1506,0,0,0,1506
06/15/2021,LAS,NV,AWP,WE,Towers with Radar,719,87,84,46,936,0,309,12,2,323,719,396,96,48,1259,0,0,0,1259
06/16/2021,LAS,NV,AWP,WE,Towers with Radar,799,109,114,49,1071,0,264,5,3,272,799,373,119,52,1343,0,0,0,1343
06/17/2021,LAS,NV,AWP,WE,Towers with Radar,950,136,120,54,1260,0,310,5,1,316,950,446,125,55,1576,0,0,0,1576
06/18/2021,LAS,NV,AWP,WE,Towers with Radar,929,158,133,16,1236,0,367,3,0,370,929,525,136,16,1606,0,0,0,1606
06/19/2021,LAS,NV,AWP,WE,Towers with Radar,793,106,84,1,984,0,360,6,1,367,793,466,90,2,1351,0,0,0,1351
06/20/2021,LAS,NV,AWP,WE,Towers with Radar,892,144,113,2,1151,0,367,8,1,376,892,511,121,3,1527,0,0,0,1527
06/21/2021,LAS,NV,AWP,WE,Towers with Radar,940,118,107,44,1209,0,337,5,2,344,940,455,112,46,1553,0,0,0,1553
06/22/2021,LAS,NV,AWP,WE,Towers with Radar,801,110,93,51,1055,0,306,5,3,314,801,416,98,54,1369,0,0,0,1369
06/23/2021,LAS,NV,AWP,WE,Towers with Radar,837,105,93,43,1078,0,315,3,3,321,837,420,96,46,1399,0,0,0,1399
06/24/2021,LAS,NV,AWP,WE,Towers with Radar,896,129,114,46,1185,0,319,9,3,331,896,448,123,49,1516,0,0,0,1516
06/25/2021,LAS,NV,AWP,WE,Towers with Radar,951,147,139,43,1280,0,379,16,2,397,951,526,155,45,1677,0,0,0,1677
06/26/2021,LAS,NV,AWP,WE,Towers with Radar,784,97,97,0,978,0,391,11,0,402,784,488,108,0,1380,0,0,0,1380
06/27/2021,LAS,NV,AWP,WE,Towers with Radar,897,155,179,1,1232,0,374,11,4,389,897,529,190,5,1621,0,0,0,1621
06/28/2021,LAS,NV,AWP,WE,Towers with Radar,936,110,122,42,1210,0,306,8,2,316,936,416,130,44,1526,0,0,0,1526
06/29/2021,LAS,NV,AWP,WE,Towers with Radar,805,93,77,47,1022,0,255,5,1,261,805,348,82,48,1283,0,0,0,1283
06/30/2021,LAS,NV,AWP,WE,Towers with Radar,848,106,111,46,1111,0,311,15,2,328,848,417,126,48,1439,0,0,0,1439
07/01/2021,LAS,NV,AWP,WE,Towers with Radar,943,134,116,48,1241,0,296,5,1,302,943,430,121,49,1543,0,0,0,1543
07/02/2021,LAS,NV,AWP,WE,Towers with Radar,974,136,141,1,1252,0,308,8,0,316,974,444,149,1,1568,0,0,0,1568
07/03/2021,LAS,NV,AWP,WE,Towers with Radar,775,112,99,5,991,0,333,3,2,338,775,445,102,7,1329,0,0,0,1329
07/04/2021,LAS,NV,AWP,WE,Towers with Radar,874,105,89,0,1068,0,325,0,0,325,874,430,89,0,1393,0,0,0,1393
07/05/2021,LAS,NV,AWP,WE,Towers with Radar,939,117,144,3,1203,0,341,8,3,352,939,458,152,6,1555,0,0,0,1555
07/06/2021,LAS,NV,AWP,WE,Towers with Radar,831,106,97,42,1076,0,330,6,1,337,831,436,103,43,1413,0,0,0,1413
07/07/2021,LAS,NV,AWP,WE,Towers with Radar,846,88,98,50,1082,0,322,7,4,333,846,410,105,54,1415,0,0,0,1415
07/08/2021,LAS,NV,AWP,WE,Towers with Radar,941,147,150,52,1290,0,326,7,2,335,941,473,157,54,1625,0,0,0,1625
07/09/2021,LAS,NV,AWP,WE,Towers with Radar,912,176,212,40,1340,0,312,17,1,330,912,488,229,41,1670,0,0,0,1670
07/10/2021,LAS,NV,AWP,WE,Towers with Radar,823,149,155,2,1129,0,317,9,0,326,823,466,164,2,1455,0,0,0,1455
07/11/2021,LAS,NV,AWP,WE,Towers with Radar,889,231,286,1,1407,0,205,15,1,221,889,436,301,2,1628,0,0,0,1628
07/12/2021,LAS,NV,AWP,WE,Towers with Radar,932,149,146,46,1273,0,266,17,4,287,932,415,163,50,1560,0,0,0,1560
07/13/2021,LAS,NV,AWP,WE,Towers with Radar,902,96,97,51,1146,2,278,7,13,300,904,374,104,64,1446,0,0,0,1446
07/14/2021,LAS,NV,AWP,WE,Towers with Radar,856,109,113,52,1130,0,281,5,6,292,856,390,118,58,1422,0,0,0,1422
07/15/2021,LAS,NV,AWP,WE,Towers with Radar,964,138,113,53,1268,0,338,3,1,342,964,476,116,54,1610,0,0,0,1610
07/16/2021,LAS,NV,AWP,WE,Towers with Radar,972,116,102,44,1234,0,379,9,4,392,972,495,111,48,1626,0,0,0,1626
07/17/2021,LAS,NV,AWP,WE,Towers with Radar,784,108,73,2,967,0,390,6,0,396,784,498,79,2,1363,0,0,0,1363
07/18/2021,LAS,NV,AWP,WE,Towers with Radar,911,129,140,1,1181,0,321,2,0,323,911,450,142,1,1504,0,0,0,1504
07/19/2021,LAS,NV,AWP,WE,Towers with Radar,960,112,82,43,1197,0,337,5,3,345,960,449,87,46,1542,0,0,0,1542
07/20/2021,LAS,NV,AWP,WE,Towers with Radar,855,85,76,47,1063,0,306,15,5,326,855,391,91,52,1389,0,0,0,1389
07/21/2021,LAS,NV,AWP,WE,Towers with Radar,862,90,102,48,1102,0,340,8,4,352,862,430,110,52,1454,0,0,0,1454
07/22/2021,LAS,NV,AWP,WE,Towers with Radar,929,116,126,41,1212,0,324,10,3,337,929,440,136,44,1549,0,0,0,1549
07/23/2021,LAS,NV,AWP,WE,Towers with Radar,956,129,143,39,1267,0,351,8,5,364,956,480,151,44,1631,0,0,0,1631
07/24/2021,LAS,NV,AWP,WE,Towers with Radar,818,97,90,0,1005,0,385,7,0,392,818,482,97,0,1397,0,0,0,1397
07/25/2021,LAS,NV,AWP,WE,Towers with Radar,876,119,136,5,1136,0,182,8,1,191,876,301,144,6,1327,0,0,0,1327
07/26/2021,LAS,NV,AWP,WE,Towers with Radar,994,93,118,42,1247,0,364,4,1,369,994,457,122,43,1616,0,0,0,1616
07/27/2021,LAS,NV,AWP,WE,Towers with Radar,847,83,73,51,1054,0,333,3,5,341,847,416,76,56,1395,0,0,0,1395
07/28/2021,LAS,NV,AWP,WE,Towers with Radar,857,98,102,48,1105,0,363,6,1,370,857,461,108,49,1475,0,0,0,1475
07/29/2021,LAS,NV,AWP,WE,Towers with Radar,933,117,104,52,1206,0,298,3,1,302,933,415,107,53,1508,0,0,0,1508
07/30/2021,LAS,NV,AWP,WE,Towers with Radar,969,126,135,37,1267,0,357,9,1,367,969,483,144,38,1634,0,0,0,1634
07/31/2021,LAS,NV,AWP,WE,Towers with Radar,801,110,100,2,1013,0,350,11,0,361,801,460,111,2,1374,0,0,0,1374
08/01/2021,LAS,NV,AWP,WE,Towers with Radar,859,125,119,0,1103,0,407,15,0,422,859,532,134,0,1525,0,0,0,1525
08/02/2021,LAS,NV,AWP,WE,Towers with Radar,897,115,78,38,1128,0,334,10,5,349,897,449,88,43,1477,0,0,0,1477
08/03/2021,LAS,NV,AWP,WE,Towers with Radar,774,72,69,46,961,1,329,8,5,343,775,401,77,51,1304,0,0,0,1304
08/04/2021,LAS,NV,AWP,WE,Towers with Radar,811,73,100,50,1034,0,312,2,6,320,811,385,102,56,1354,0,0,0,1354
08/05/2021,LAS,NV,AWP,WE,Towers with Radar,912,111,117,50,1190,0,283,9,2,294,912,394,126,52,1484,0,0,0,1484
08/06/2021,LAS,NV,AWP,WE,Towers with Radar,920,121,114,38,1193,0,319,9,2,330,920,440,123,40,1523,0,0,0,1523
08/07/2021,LAS,NV,AWP,WE,Towers with Radar,815,89,83,3,990,0,284,6,0,290,815,373,89,3,1280,0,0,0,1280
08/08/2021,LAS,NV,AWP,WE,Towers with Radar,923,141,132,4,1200,0,333,11,1,345,923,474,143,5,1545,0,0,0,1545
08/09/2021,LAS,NV,AWP,WE,Towers with Radar,961,123,95,44,1223,0,240,10,1,251,961,363,105,45,1474,0,0,0,1474
08/10/2021,LAS,NV,AWP,WE,Towers with Radar,842,117,99,47,1105,0,256,6,1,263,842,373,105,48,1368,0,0,0,1368
08/11/2021,LAS,NV,AWP,WE,Towers with Radar,859,106,112,46,1123,0,263,5,3,271,859,369,117,49,1394,0,0,0,1394
08/12/2021,LAS,NV,AWP,WE,Towers with Radar,978,119,133,45,1275,0,256,11,3,270,978,375,144,48,1545,0,0,0,1545
08/13/2021,LAS,NV,AWP,WE,Towers with Radar,1002,142,121,39,1304,0,358,6,6,370,1002,500,127,45,1674,0,0,0,1674
08/14/2021,LAS,NV,AWP,WE,Towers with Radar,798,109,110,0,1017,0,369,14,0,383,798,478,124,0,1400,0,0,0,1400
08/15/2021,LAS,NV,AWP,WE,Towers with Radar,908,135,169,1,1213,0,329,18,1,348,908,464,187,2,1561,0,0,0,1561
08/16/2021,LAS,NV,AWP,WE,Towers with Radar,1009,108,102,41,1260,0,289,12,1,302,1009,397,114,42,1562,0,0,0,1562
08/17/2021,LAS,NV,AWP,WE,Towers with Radar,845,95,105,47,1092,0,269,8,5,282,845,364,113,52,1374,0,0,0,1374
08/18/2021,LAS,NV,AWP,WE,Towers with Radar,849,97,110,47,1103,0,300,4,8,312,849,397,114,55,1415,0,0,0,1415
08/19/2021,LAS,NV,AWP,WE,Towers with Radar,985,134,135,47,1301,0,317,3,2,322,985,451,138,49,1623,0,0,0,1623
08/20/2021,LAS,NV,AWP,WE,Towers with Radar,975,127,135,48,1285,0,326,6,2,334,975,453,141,50,1619,0,0,0,1619
08/21/2021,LAS,NV,AWP,WE,Towers with Radar,793,109,107,0,1009,0,359,7,0,366,793,468,114,0,1375,0,0,0,1375
08/22/2021,LAS,NV,AWP,WE,Towers with Radar,967,140,163,1,1271,0,321,13,1,335,967,461,176,2,1606,0,0,0,1606
08/23/2021,LAS,NV,AWP,WE,Towers with Radar,987,128,95,40,1250,0,263,7,5,275,987,391,102,45,1525,0,0,0,1525
08/24/2021,LAS,NV,AWP,WE,Towers with Radar,847,90,86,48,1071,0,235,4,2,241,847,325,90,50,1312,0,0,0,1312
08/25/2021,LAS,NV,AWP,WE,Towers with Radar,834,84,75,46,1039,0,251,6,2,259,834,335,81,48,1298,0,0,0,1298
08/26/2021,LAS,NV,AWP,WE,Towers with Radar,1006,122,99,47,1274,0,233,7,0,240,1006,355,106,47,1514,0,0,0,1514
08/27/2021,LAS,NV,AWP,WE,Towers with Radar,1001,142,141,50,1334,0,289,11,2,302,1001,431,152,52,1636,0,0,0,1636
08/28/2021,LAS,NV,AWP,WE,Towers with Radar,806,84,69,1,960,0,372,8,3,383,806,456,77,4,1343,0,0,0,1343
08/29/2021,LAS,NV,AWP,WE,Towers with Radar,950,130,137,5,1222,0,334,5,2,341,950,464,142,7,1563,0,0,0,1563
08/30/2021,LAS,NV,AWP,WE,Towers with Radar,963,109,85,47,1204,0,232,12,2,246,963,341,97,49,1450,0,0,0,1450
08/31/2021,LAS,NV,AWP,WE,Towers with Radar,834,69,72,49,1024,0,190,4,6,200,834,259,76,55,1224,0,0,0,1224
09/01/2021,LAS,NV,AWP,WE,Towers with Radar,835,78,96,46,1055,0,204,7,2,213,835,282,103,48,1268,0,0,0,1268
09/02/2021,LAS,NV,AWP,WE,Towers with Radar,1019,127,115,48,1309,0,244,8,4,256,1019,371,123,52,1565,0,0,0,1565
09/03/2021,LAS,NV,AWP,WE,Towers with Radar,1022,119,142,4,1287,1,314,7,0,322,1023,433,149,4,1609,0,0,0,1609
09/04/2021,LAS,NV,AWP,WE,Towers with Radar,793,105,96,1,995,0,384,16,0,400,793,489,112,1,1395,0,0,0,1395
09/05/2021,LAS,NV,AWP,WE,Towers with Radar,958,99,143,0,1200,0,393,8,0,401,958,492,151,0,1601,0,0,0,1601
09/06/2021,LAS,NV,AWP,WE,Towers with Radar,1011,112,140,3,1266,0,305,10,4,319,1011,417,150,7,1585,0,0,0,1585
09/07/2021,LAS,NV,AWP,WE,Towers with Radar,825,88,119,39,1071,0,244,20,1,265,825,332,139,40,1336,0,0,0,1336
09/08/2021,LAS,NV,AWP,WE,Towers with Radar,869,101,105,45,1120,0,236,8,5,249,869,337,113,50,1369,0,0,0,1369
09/09/2021,LAS,NV,AWP,WE,Towers with Radar,1019,130,115,46,1310,0,235,10,2,247,1019,365,125,48,1557,0,0,0,1557
09/10/2021,LAS,NV,AWP,WE,Towers with Radar,1017,137,142,37,1333,0,297,9,3,309,1017,434,151,40,1642,0,0,0,1642
09/11/2021,LAS,NV,AWP,WE,Towers with Radar,877,105,100,9,1091,0,359,7,1,367,877,464,107,10,1458,0,0,0,1458
09/12/2021,LAS,NV,AWP,WE,Towers with Radar,1034,168,206,3,1411,0,348,11,1,360,1034,516,217,4,1771,0,0,0,1771
09/13/2021,LAS,NV,AWP,WE,Towers with Radar,1017,167,148,39,1371,0,205,23,3,231,1017,372,171,42,1602,0,0,0,1602
09/14/2021,LAS,NV,AWP,WE,Towers with Radar,877,130,160,49,1216,0,272,10,1,283,877,402,170,50,1499,0,0,0,1499
09/15/2021,LAS,NV,AWP,WE,Towers with Radar,863,114,120,45,1142,0,270,16,2,288,863,384,136,47,1430,0,0,0,1430
09/16/2021,LAS,NV,AWP,WE,Towers with Radar,1070,145,135,48,1398,0,286,4,2,292,1070,431,139,50,1690,0,0,0,1690
09/17/2021,LAS,NV,AWP,WE,Towers with Radar,1048,174,163,38,1423,0,348,11,0,359,1048,522,174,38,1782,0,0,0,1782
09/18/2021,LAS,NV,AWP,WE,Towers with Radar,884,114,93,0,1091,0,374,10,0,384,884,488,103,0,1475,0,0,0,1475
09/19/2021,LAS,NV,AWP,WE,Towers with Radar,1056,154,189,1,1400,0,319,12,1,332,1056,473,201,2,1732,0,0,0,1732
09/20/2021,LAS,NV,AWP,WE,Towers with Radar,1035,126,118,36,1315,0,261,6,1,268,1035,387,124,37,1583,0,0,0,1583
09/21/2021,LAS,NV,AWP,WE,Towers with Radar,876,103,140,46,1165,0,277,9,2,288,876,380,149,48,1453,0,0,0,1453
09/22/2021,LAS,NV,AWP,WE,Towers with Radar,856,113,163,46,1178,0,228,11,2,241,856,341,174,48,1419,0,0,0,1419
09/23/2021,LAS,NV,AWP,WE,Towers with Radar,1039,168,176,48,1431,0,296,7,1,304,1039,464,183,49,1735,0,0,0,1735
09/24/2021,LAS,NV,AWP,WE,Towers with Radar,1062,180,244,38,1524,0,377,11,2,390,1062,557,255,40,1914,0,0,0,1914
09/25/2021,LAS,NV,AWP,WE,Towers with Radar,852,132,137,0,1121,0,384,11,0,395,852,516,148,0,1516,0,0,0,1516
09/26/2021,LAS,NV,AWP,WE,Towers with Radar,1033,180,265,3,1481,0,328,5,1,334,1033,508,270,4,1815,0,0,0,1815
09/27/2021,LAS,NV,AWP,WE,Towers with Radar,1040,138,159,42,1379,0,244,7,2,253,1040,382,166,44,1632,0,0,0,1632
09/28/2021,LAS,NV,AWP,WE,Towers with Radar,859,88,98,46,1091,0,213,13,6,232,859,301,111,52,1323,0,0,0,1323
09/29/2021,LAS,NV,AWP,WE,Towers with Radar,855,92,125,53,1125,0,220,15,5,240,855,312,140,58,1365,0,0,0,1365
09/30/2021,LAS,NV,AWP,WE,Towers with Radar,1048,121,120,49,1338,0,225,10,2,237,1048,346,130,51,1575,0,0,0,1575
10/01/2021,LAS,NV,AWP,WE,Towers with Radar,1041,153,157,33,1384,0,333,10,3,346,1041,486,167,36,1730,0,0,0,1730
10/02/2021,LAS,NV,AWP,WE,Towers with Radar,861,101,82,1,1045,0,372,3,1,376,861,473,85,2,1421,0,0,0,1421
10/03/2021,LAS,NV,AWP,WE,Towers with Radar,1026,154,183,1,1364,0,312,9,1,322,1026,466,192,2,1686,0,0,0,1686
10/04/2021,LAS,NV,AWP,WE,Towers with Radar,1047,155,180,43,1425,0,244,6,5,255,1047,399,186,48,1680,0,0,0,1680
10/05/2021,LAS,NV,AWP,WE,Towers with Radar,874,114,107,49,1144,0,244,3,4,251,874,358,110,53,1395,0,0,0,1395
10/06/2021,LAS,NV,AWP,WE,Towers with Radar,867,114,123,47,1151,0,252,4,3,259,867,366,127,50,1410,0,0,0,1410
10/07/2021,LAS,NV,AWP,WE,Towers with Radar,1027,171,135,47,1380,0,265,4,1,270,1027,436,139,48,1650,0,0,0,1650
10/08/2021,LAS,NV,AWP,WE,Towers with Radar,1013,173,209,39,1434,0,293,2,0,295,1013,466,211,39,1729,0,0,0,1729
10/09/2021,LAS,NV,AWP,WE,Towers with Radar,783,163,158,0,1104,0,376,9,0,385,783,539,167,0,1489,0,0,0,1489
10/10/2021,LAS,NV,AWP,WE,Towers with Radar,908,264,251,0,1423,0,295,22,0,317,908,559,273,0,1740,0,0,0,1740
10/11/2021,LAS,NV,AWP,WE,Towers with Radar,871,170,201,2,1244,0,58,5,2,65,871,228,206,4,1309,0,0,0,1309
10/12/2021,LAS,NV,AWP,WE,Towers with Radar,940,149,175,46,1310,0,237,7,1,245,940,386,182,47,1555,0,0,0,1555
10/13/2021,LAS,NV,AWP,WE,Towers with Radar,868,131,186,47,1232,0,258,8,2,268,868,389,194,49,1500,0,0,0,1500
10/14/2021,LAS,NV,AWP,WE,Towers with Radar,1032,158,218,45,1453,0,248,14,3,265,1032,406,232,48,1718,0,0,0,1718
10/15/2021,LAS,NV,AWP,WE,Towers with Radar,1038,153,174,46,1411,0,334,9,2,345,1038,487,183,48,1756,0,0,0,1756
10/16/2021,LAS,NV,AWP,WE,Towers with Radar,886,119,117,1,1123,0,371,7,0,378,886,490,124,1,1501,0,0,0,1501
10/17/2021,LAS,NV,AWP,WE,Towers with Radar,1026,155,181,4,1366,0,321,11,1,333,1026,476,192,5,1699,0,0,0,1699
10/18/2021,LAS,NV,AWP,WE,Towers with Radar,1014,144,107,49,1314,0,228,3,2,233,1014,372,110,51,1547,0,0,0,1547
10/19/2021,LAS,NV,AWP,WE,Towers with Radar,880,120,162,45,1207,0,249,9,5,263,880,369,171,50,1470,0,0,0,1470
10/20/2021,LAS,NV,AWP,WE,Towers with Radar,876,114,149,45,1184,0,231,12,5,248,876,345,161,50,1432,0,0,0,1432
10/21/2021,LAS,NV,AWP,WE,Towers with Radar,1030,169,211,48,1458,0,251,13,2,266,1030,420,224,50,1724,0,0,0,1724
10/22/2021,LAS,NV,AWP,WE,Towers with Radar,1024,171,202,37,1434,0,527,20,2,549,1024,698,222,39,1983,0,0,0,1983
10/23/2021,LAS,NV,AWP,WE,Towers with Radar,898,145,130,1,1174,0,926,6,2,934,898,1071,136,3,2108,0,0,0,2108
10/24/2021,LAS,NV,AWP,WE,Towers with Radar,998,190,222,2,1412,0,855,12,3,870,998,1045,234,5,2282,0,0,0,2282
10/25/2021,LAS,NV,AWP,WE,Towers with Radar,1030,168,153,23,1374,0,417,8,0,425,1030,585,161,23,1799,0,0,0,1799
10/26/2021,LAS,NV,AWP,WE,Towers with Radar,908,101,145,51,1205,0,267,9,6,282,908,368,154,57,1487,0,0,0,1487
10/27/2021,LAS,NV,AWP,WE,Towers with Radar,872,118,130,47,1167,0,220,9,3,232,872,338,139,50,1399,0,0,0,1399
10/28/2021,LAS,NV,AWP,WE,Towers with Radar,1038,152,143,46,1379,0,232,11,2,245,1038,384,154,48,1624,0,0,0,1624
10/29/2021,LAS,NV,AWP,WE,Towers with Radar,1012,151,115,42,1320,0,335,12,1,348,1012,486,127,43,1668,0,0,0,1668
10/30/2021,LAS,NV,AWP,WE,Towers with Radar,850,119,101,5,1075,0,374,5,1,380,850,493,106,6,1455,0,0,0,1455
10/31/2021,LAS,NV,AWP,WE,Towers with Radar,948,152,128,1,1229,0,271,8,1,280,948,423,136,2,1509,0,0,0,1509
11/01/2021,LAS,NV,AWP,WE,Towers with Radar,966,127,136,42,1271,0,252,7,0,259,966,379,143,42,1530,0,0,0,1530
11/02/2021,LAS,NV,AWP,WE,Towers with Radar,868,101,127,46,1142,0,179,6,2,187,868,280,133,48,1329,0,0,0,1329
11/03/2021,LAS,NV,AWP,WE,Towers with Radar,870,99,156,46,1171,0,220,3,3,226,870,319,159,49,1397,0,0,0,1397
11/04/2021,LAS,NV,AWP,WE,Towers with Radar,1020,160,211,49,1440,0,248,7,5,260,1020,408,218,54,1700,0,0,0,1700
11/05/2021,LAS,NV,AWP,WE,Towers with Radar,996,205,231,47,1479,0,356,28,1,385,996,561,259,48,1864,0,0,0,1864
11/06/2021,LAS,NV,AWP,WE,Towers with Radar,841,148,123,1,1113,0,376,9,2,387,841,524,132,3,1500,0,0,0,1500
11/07/2021,LAS,NV,AWP,WE,Towers with Radar,964,217,256,6,1443,0,360,7,2,369,964,577,263,8,1812,0,0,0,1812
11/08/2021,LAS,NV,AWP,WE,Towers with Radar,979,156,137,46,1318,0,261,3,0,264,979,417,140,46,1582,0,0,0,1582
11/09/2021,LAS,NV,AWP,WE,Towers with Radar,804,104,120,46,1074,0,215,0,1,216,804,319,120,47,1290,0,0,0,1290
11/10/2021,LAS,NV,AWP,WE,Towers with Radar,810,94,117,47,1068,0,242,11,2,255,810,336,128,49,1323,0,0,0,1323
11/11/2021,LAS,NV,AWP,WE,Towers with Radar,987,163,135,0,1285,0,286,12,0,298,987,449,147,0,1583,0,0,0,1583
11/12/2021,LAS,NV,AWP,WE,Towers with Radar,974,169,182,10,1335,0,342,16,0,358,974,511,198,10,1693,0,0,0,1693
11/13/2021,LAS,NV,AWP,WE,Towers with Radar,831,146,131,0,1108,0,416,15,0,431,831,562,146,0,1539,0,0,0,1539
11/14/2021,LAS,NV,AWP,WE,Towers with Radar,967,211,191,1,1370,0,277,30,1,308,967,488,221,2,1678,0,0,0,1678
11/15/2021,LAS,NV,AWP,WE,Towers with Radar,975,208,199,44,1426,0,247,15,2,264,975,455,214,46,1690,0,0,0,1690
11/16/2021,LAS,NV,AWP,WE,Towers with Radar,796,114,137,48,1095,0,235,11,2,248,796,349,148,50,1343,0,0,0,1343
11/17/2021,LAS,NV,AWP,WE,Towers with Radar,815,138,126,48,1127,0,214,6,4,224,815,352,132,52,1351,0,0,0,1351
11/18/2021,LAS,NV,AWP,WE,Towers with Radar,969,151,148,50,1318,0,236,9,2,247,969,387,157,52,1565,0,0,0,1565
11/19/2021,LAS,NV,AWP,WE,Towers with Radar,965,166,177,47,1355,0,320,3,3,326,965,486,180,50,1681,0,0,0,1681
11/20/2021,LAS,NV,AWP,WE,Towers with Radar,815,101,119,2,1037,0,437,5,1,443,815,538,124,3,1480,0,0,0,1480
11/21/2021,LAS,NV,AWP,WE,Towers with Radar,957,163,166,2,1288,0,322,7,4,333,957,485,173,6,1621,0,0,0,1621
11/22/2021,LAS,NV,AWP,WE,Towers with Radar,969,140,93,46,1248,0,322,10,0,332,969,462,103,46,1580,0,0,0,1580
11/23/2021,LAS,NV,AWP,WE,Towers with Radar,956,112,103,48,1219,0,331,7,1,339,956,443,110,49,1558,0,0,0,1558
11/24/2021,LAS,NV,AWP,WE,Towers with Radar,981,145,121,42,1289,0,327,2,1,330,981,472,123,43,1619,0,0,0,1619
11/25/2021,LAS,NV,AWP,WE,Towers with Radar,758,80,46,0,884,0,237,2,0,239,758,317,48,0,1123,0,0,0,1123
11/26/2021,LAS,NV,AWP,WE,Towers with Radar,829,125,98,2,1054,0,404,5,0,409,829,529,103,2,1463,0,0,0,1463
11/27/2021,LAS,NV,AWP,WE,Towers with Radar,879,118,83,0,1080,0,463,6,1,470,879,581,89,1,1550,0,0,0,1550
11/28/2021,LAS,NV,AWP,WE,Towers with Radar,985,144,130,1,1260,0,298,17,1,316,985,442,147,2,1576,0,0,0,1576
11/29/2021,LAS,NV,AWP,WE,Towers with Radar,999,115,100,42,1256,0,181,8,1,190,999,296,108,43,1446,0,0,0,1446
11/30/2021,LAS,NV,AWP,WE,Towers with Radar,878,90,95,49,1112,0,184,6,2,192,878,274,101,51,1304,0,0,0,1304
12/01/2021,LAS,NV,AWP,WE,Towers with Radar,805,96,115,49,1065,0,176,36,3,215,805,272,151,52,1280,0,0,0,1280
12/02/2021,LAS,NV,AWP,WE,Towers with Radar,955,148,157,48,1308,0,200,11,2,213,955,348,168,50,1521,0,0,0,1521
12/03/2021,LAS,NV,AWP,WE,Towers with Radar,945,198,211,47,1401,0,263,10,2,275,945,461,221,49,1676,0,0,0,1676
12/04/2021,LAS,NV,AWP,WE,Towers with Radar,797,150,131,4,1082,0,355,14,4,373,797,505,145,8,1455,0,0,0,1455
12/05/2021,LAS,NV,AWP,WE,Towers with Radar,959,185,269,3,1416,0,241,10,2,253,959,426,279,5,1669,0,0,0,1669
12/06/2021,LAS,NV,AWP,WE,Towers with Radar,937,155,153,47,1292,0,173,11,0,184,937,328,164,47,1476,0,0,0,1476
12/07/2021,LAS,NV,AWP,WE,Towers with Radar,762,136,184,49,1131,9,203,1,2,215,771,339,185,51,1346,0,0,0,1346
12/08/2021,LAS,NV,AWP,WE,Towers with Radar,769,142,182,47,1140,0,211,11,3,225,769,353,193,50,1365,0,0,0,1365
12/09/2021,LAS,NV,AWP,WE,Towers with Radar,916,172,164,32,1284,0,156,0,1,157,916,328,164,33,1441,0,0,0,1441
12/10/2021,LAS,NV,AWP,WE,Towers with Radar,931,151,215,50,1347,0,298,13,4,315,931,449,228,54,1662,0,0,0,1662
12/11/2021,LAS,NV,AWP,WE,Towers with Radar,784,165,112,2,1063,0,349,20,0,369,784,514,132,2,1432,0,0,0,1432
12/12/2021,LAS,NV,AWP,WE,Towers with Radar,957,176,239,5,1377,0,266,18,2,286,957,442,257,7,1663,0,0,0,1663
12/13/2021,LAS,NV,AWP,WE,Towers with Radar,929,109,115,42,1195,0,217,5,0,222,929,326,120,42,1417,0,0,0,1417
12/14/2021,LAS,NV,AWP,WE,Towers with Radar,741,72,91,6,910,0,47,2,0,49,741,119,93,6,959,0,0,0,959
12/15/2021,LAS,NV,AWP,WE,Towers with Radar,761,82,104,22,969,0,194,4,2,200,761,276,108,24,1169,0,0,0,1169
12/16/2021,LAS,NV,AWP,WE,Towers with Radar,946,130,127,50,1253,0,201,9,1,211,946,331,136,51,1464,0,0,0,1464
12/17/2021,LAS,NV,AWP,WE,Towers with Radar,973,122,152,38,1285,0,223,9,5,237,973,345,161,43,1522,0,0,0,1522
12/18/2021,LAS,NV,AWP,WE,Towers with Radar,784,102,102,2,990,0,365,12,1,378,784,467,114,3,1368,0,0,0,1368
12/19/2021,LAS,NV,AWP,WE,Towers with Radar,934,109,130,1,1174,0,296,17,1,314,934,405,147,2,1488,0,0,0,1488
12/20/2021,LAS,NV,AWP,WE,Towers with Radar,944,107,80,30,1161,0,261,15,0,276,944,368,95,30,1437,0,0,0,1437
12/21/2021,LAS,NV,AWP,WE,Towers with Radar,876,62,67,34,1039,0,270,10,2,282,876,332,77,36,1321,0,0,0,1321
12/22/2021,LAS,NV,AWP,WE,Towers with Radar,876,80,82,31,1069,0,293,4,0,297,876,373,86,31,1366,0,0,0,1366
12/23/2021,LAS,NV,AWP,WE,Towers with Radar,950,107,83,2,1142,0,225,3,1,229,950,332,86,3,1371,0,0,0,1371
12/24/2021,LAS,NV,AWP,WE,Towers with Radar,863,81,51,0,995,0,246,1,0,247,863,327,52,0,1242,0,0,0,1242
12/25/2021,LAS,NV,AWP,WE,Towers with Radar,695,64,34,0,793,0,243,0,0,243,695,307,34,0,1036,0,0,0,1036
12/26/2021,LAS,NV,AWP,WE,Towers with Radar,853,109,111,1,1074,0,368,2,1,371,853,477,113,2,1445,0,0,0,1445
12/27/2021,LAS,NV,AWP,WE,Towers with Radar,899,110,99,19,1127,0,336,3,0,339,899,446,102,19,1466,0,0,0,1466
12/28/2021,LAS,NV,AWP,WE,Towers with Radar,892,85,75,31,1083,0,358,1,0,359,892,443,76,31,1442,0,0,0,1442
12/29/2021,LAS,NV,AWP,WE,Towers with Radar,886,99,96,15,1096,0,371,3,1,375,886,470,99,16,1471,0,0,0,1471
12/30/2021,LAS,NV,AWP,WE,Towers with Radar,932,165,176,10,1283,0,391,1,2,394,932,556,177,12,1677,0,0,0,1677
12/31/2021,LAS,NV,AWP,WE,Towers with Radar,829,122,103,0,1054,0,320,1,6,327,829,442,104,6,1381,0,0,0,1381
01/01/2022,LAS,NV,AWP,WE,Towers with Radar,693,97,94,0,884,0,454,6,0,460,693,551,100,0,1344,0,0,0,1344
01/02/2022,LAS,NV,AWP,WE,Towers with Radar,880,113,178,0,1171,1,424,5,1,431,881,537,183,1,1602,0,0,0,1602
01/03/2022,LAS,NV,AWP,WE,Towers with Radar,892,111,119,2,1124,0,266,16,0,282,892,377,135,2,1406,0,0,0,1406
01/04/2022,LAS,NV,AWP,WE,Towers with Radar,875,74,94,46,1089,0,207,6,2,215,875,281,100,48,1304,0,0,0,1304
01/05/2022,LAS,NV,AWP,WE,Towers with Radar,735,78,104,50,967,0,139,6,1,146,735,217,110,51,1113,0,0,0,1113
01/06/2022,LAS,NV,AWP,WE,Towers with Radar,849,108,114,45,1116,0,161,6,3,170,849,269,120,48,1286,0,0,0,1286
01/07/2022,LAS,NV,AWP,WE,Towers with Radar,874,109,120,42,1145,0,98,6,2,106,874,207,126,44,1251,0,0,0,1251
01/08/2022,LAS,NV,AWP,WE,Towers with Radar,795,65,65,7,932,0,277,5,3,285,795,342,70,10,1217,0,0,0,1217
01/09/2022,LAS,NV,AWP,WE,Towers with Radar,943,130,135,3,1211,0,212,11,1,224,943,342,146,4,1435,0,0,0,1435
01/10/2022,LAS,NV,AWP,WE,Towers with Radar,857,125,89,42,1113,0,145,9,0,154,857,270,98,42,1267,0,0,0,1267
01/11/2022,LAS,NV,AWP,WE,Towers with Radar,738,72,49,46,905,0,164,3,1,168,738,236,52,47,1073,0,0,0,1073
01/12/2022,LAS,NV,AWP,WE,Towers with Radar,768,70,64,53,955,0,157,1,6,164,768,227,65,59,1119,0,0,0,1119
01/13/2022,LAS,NV,AWP,WE,Towers with Radar,903,102,78,52,1135,0,160,9,3,172,903,262,87,55,1307,0,0,0,1307
01/14/2022,LAS,NV,AWP,WE,Towers with Radar,920,117,124,2,1163,0,248,6,0,254,920,365,130,2,1417,0,0,0,1417
01/15/2022,LAS,NV,AWP,WE,Towers with Radar,753,82,78,1,914,0,320,5,0,325,753,402,83,1,1239,0,0,0,1239
01/16/2022,LAS,NV,AWP,WE,Towers with Radar,880,97,107,1,1085,0,255,0,0,255,880,352,107,1,1340,0,0,0,1340
01/17/2022,LAS,NV,AWP,WE,Towers with Radar,925,131,114,3,1173,0,168,2,3,173,925,299,116,6,1346,0,0,0,1346
01/18/2022,LAS,NV,AWP,WE,Towers with Radar,778,90,111,42,1021,0,122,8,2,132,778,212,119,44,1153,0,0,0,1153
01/19/2022,LAS,NV,AWP,WE,Towers with Radar,786,106,111,47,1050,0,129,11,2,142,786,235,122,49,1192,0,0,0,1192
01/20/2022,LAS,NV,AWP,WE,Towers with Radar,971,129,144,48,1292,0,162,12,1,175,971,291,156,49,1467,0,0,0,1467
01/21/2022,LAS,NV,AWP,WE,Towers with Radar,973,130,157,41,1301,0,238,6,1,245,973,368,163,42,1546,0,0,0,1546
01/22/2022,LAS,NV,AWP,WE,Towers with Radar,751,110,87,2,950,0,316,11,1,328,751,426,98,3,1278,0,0,0,1278
01/23/2022,LAS,NV,AWP,WE,Towers with Radar,952,154,169,2,1277,0,245,12,1,258,952,399,181,3,1535,0,0,0,1535
01/24/2022,LAS,NV,AWP,WE,Towers with Radar,938,98,72,40,1148,0,156,5,0,161,938,254,77,40,1309,0,0,0,1309
01/25/2022,LAS,NV,AWP,WE,Towers with Radar,772,73,73,45,963,0,146,17,1,164,772,219,90,46,1127,0,0,0,1127
01/26/2022,LAS,NV,AWP,WE,Towers with Radar,800,94,70,47,1011,0,135,15,1,151,800,229,85,48,1162,0,0,0,1162
01/27/2022,LAS,NV,AWP,WE,Towers with Radar,955,130,98,49,1232,0,149,8,1,158,955,279,106,50,1390,0,0,0,1390
01/28/2022,LAS,NV,AWP,WE,Towers with Radar,957,130,126,47,1260,0,240,13,1,254,957,370,139,48,1514,0,0,0,1514
01/29/2022,LAS,NV,AWP,WE,Towers with Radar,728,80,66,3,877,0,381,12,0,393,728,461,78,3,1270,0,0,0,1270
01/30/2022,LAS,NV,AWP,WE,Towers with Radar,944,132,117,3,1196,0,257,13,1,271,944,389,130,4,1467,0,0,0,1467
01/31/2022,LAS,NV,AWP,WE,Towers with Radar,940,122,85,45,1192,0,132,7,0,139,940,254,92,45,1331,0,0,0,1331
02/01/2022,LAS,NV,AWP,WE,Towers with Radar,772,91,83,53,999,0,136,6,1,143,772,227,89,54,1142,0,0,0,1142
02/02/2022,LAS,NV,AWP,WE,Towers with Radar,763,107,114,43,1027,0,125,4,2,131,763,232,118,45,1158,0,0,0,1158
02/03/2022,LAS,NV,AWP,WE,Towers with Radar,854,104,112,48,1118,0,163,11,2,176,854,267,123,50,1294,0,0,0,1294
02/04/2022,LAS,NV,AWP,WE,Towers with Radar,916,152,159,44,1271,0,235,10,2,247,916,387,169,46,1518,0,0,0,1518
02/05/2022,LAS,NV,AWP,WE,Towers with Radar,740,103,100,1,944,0,351,15,0,366,740,454,115,1,1310,0,0,0,1310
02/06/2022,LAS,NV,AWP,WE,Towers with Radar,959,140,158,4,1261,0,244,19,1,264,959,384,177,5,1525,0,0,0,1525
02/07/2022,LAS,NV,AWP,WE,Towers with Radar,952,121,119,45,1237,0,174,11,0,185,952,295,130,45,1422,0,0,0,1422
02/08/2022,LAS,NV,AWP,WE,Towers with Radar,785,92,72,46,995,0,175,25,4,204,785,267,97,50,1199,0,0,0,1199
02/09/2022,LAS,NV,AWP,WE,Towers with Radar,817,87,89,47,1040,0,164,13,2,179,817,251,102,49,1219,0,0,0,1219
02/10/2022,LAS,NV,AWP,WE,Towers with Radar,995,126,133,48,1302,0,182,15,2,199,995,308,148,50,1501,0,0,0,1501
02/11/2022,LAS,NV,AWP,WE,Towers with Radar,984,144,166,46,1340,0,291,15,0,306,984,435,181,46,1646,0,0,0,1646
02/12/2022,LAS,NV,AWP,WE,Towers with Radar,761,137,94,2,994,0,469,3,0,472,761,606,97,2,1466,0,0,0,1466
02/13/2022,LAS,NV,AWP,WE,Towers with Radar,970,151,129,1,1251,0,312,11,1,324,970,463,140,2,1575,0,0,0,1575
02/14/2022,LAS,NV,AWP,WE,Towers with Radar,981,153,154,41,1329,0,423,10,1,434,981,576,164,42,1763,0,0,0,1763
02/15/2022,LAS,NV,AWP,WE,Towers with Radar,812,96,107,47,1062,0,247,3,1,251,812,343,110,48,1313,0,0,0,1313
02/16/2022,LAS,NV,AWP,WE,Towers with Radar,845,84,79,46,1054,0,238,11,1,250,845,322,90,47,1304,0,0,0,1304
02/17/2022,LAS,NV,AWP,WE,Towers with Radar,977,124,112,43,1256,0,239,11,2,252,977,363,123,45,1508,0,0,0,1508
02/18/2022,LAS,NV,AWP,WE,Towers with Radar,1009,128,135,2,1274,0,300,15,1,316,1009,428,150,3,1590,0,0,0,1590
02/19/2022,LAS,NV,AWP,WE,Towers with Radar,823,93,90,1,1007,0,418,16,0,434,823,511,106,1,1441,0,0,0,1441
02/20/2022,LAS,NV,AWP,WE,Towers with Radar,972,112,109,0,1193,0,362,12,0,374,972,474,121,0,1567,0,0,0,1567
02/21/2022,LAS,NV,AWP,WE,Towers with Radar,987,132,128,3,1250,0,193,4,7,204,987,325,132,10,1454,0,0,0,1454
02/22/2022,LAS,NV,AWP,WE,Towers with Radar,897,100,92,44,1133,0,280,3,1,284,897,380,95,45,1417,0,0,0,1417
02/23/2022,LAS,NV,AWP,WE,Towers with Radar,839,105,100,40,1084,0,207,6,0,213,839,312,106,40,1297,0,0,0,1297
02/24/2022,LAS,NV,AWP,WE,Towers with Radar,943,157,123,56,1279,0,288,11,1,300,943,445,134,57,1579,0,0,0,1579
02/25/2022,LAS,NV,AWP,WE,Towers with Radar,1022,168,153,49,1392,0,328,21,0,349,1022,496,174,49,1741,0,0,0,1741
02/26/2022,LAS,NV,AWP,WE,Towers with Radar,841,133,100,1,1075,0,393,8,0,401,841,526,108,1,1476,0,0,0,1476
02/27/2022,LAS,NV,AWP,WE,Towers with Radar,993,176,160,1,1330,0,194,20,3,217,993,370,180,4,1547,0,0,0,1547
02/28/2022,LAS,NV,AWP,WE,Towers with Radar,1004,142,77,44,1267,0,253,4,0,257,1004,395,81,44,1524,0,0,0,1524
03/01/2022,LAS,NV,AWP,WE,Towers with Radar,883,100,82,50,1115,0,240,4,3,247,883,340,86,53,1362,0,0,0,1362
03/02/2022,LAS,NV,AWP,WE,Towers with Radar,887,95,103,47,1132,0,228,13,4,245,887,323,116,51,1377,0,0,0,1377
03/03/2022,LAS,NV,AWP,WE,Towers with Radar,995,167,124,50,1336,0,249,7,7,263,995,416,131,57,1599,0,0,0,1599
03/04/2022,LAS,NV,AWP,WE,Towers with Radar,985,161,181,50,1377,0,334,6,0,340,985,495,187,50,1717,0,0,0,1717
03/05/2022,LAS,NV,AWP,WE,Towers with Radar,786,149,104,1,1040,0,302,0,4,306,786,451,104,5,1346,0,0,0,1346
03/06/2022,LAS,NV,AWP,WE,Towers with Radar,972,176,181,1,1330,0,343,9,1,353,972,519,190,2,1683,0,0,0,1683
03/07/2022,LAS,NV,AWP,WE,Towers with Radar,986,146,107,43,1282,0,237,10,4,251,986,383,117,47,1533,0,0,0,1533
03/08/2022,LAS,NV,AWP,WE,Towers with Radar,833,140,119,45,1137,0,243,9,1,253,833,383,128,46,1390,0,0,0,1390
03/09/2022,LAS,NV,AWP,WE,Towers with Radar,810,158,128,46,1142,0,237,8,7,252,810,395,136,53,1394,0,0,0,1394
03/10/2022,LAS,NV,AWP,WE,Towers with Radar,1024,182,203,48,1457,0,149,11,3,163,1024,331,214,51,1620,0,0,0,1620
03/11/2022,LAS,NV,AWP,WE,Towers with Radar,1022,152,194,46,1414,0,311,14,1,326,1022,463,208,47,1740,0,0,0,1740
03/12/2022,LAS,NV,AWP,WE,Towers with Radar,823,163,170,1,1157,0,371,10,0,381,823,534,180,1,1538,0,0,0,1538
03/13/2022,LAS,NV,AWP,WE,Towers with Radar,964,203,250,2,1419,0,309,22,1,332,964,512,272,3,1751,0,0,0,1751
03/14/2022,LAS,NV,AWP,WE,Towers with Radar,1014,125,93,43,1275,0,312,3,3,318,1014,437,96,46,1593,0,0,0,1593
03/15/2022,LAS,NV,AWP,WE,Towers with Radar,862,85,91,45,1083,0,313,9,1,323,862,398,100,46,1406,0,0,0,1406
03/16/2022,LAS,NV,AWP,WE,Towers with Radar,878,128,134,45,1185,0,308,7,1,316,878,436,141,46,1501,0,0,0,1501
03/17/2022,LAS,NV,AWP,WE,Towers with Radar,1031,147,138,47,1363,0,268,6,2,276,1031,415,144,49,1639,0,0,0,1639
03/18/2022,LAS,NV,AWP,WE,Towers with Radar,1041,151,188,42,1422,0,279,19,0,298,1041,430,207,42,1720,0,0,0,1720
03/19/2022,LAS,NV,AWP,WE,Towers with Radar,834,123,115,9,1081,0,380,19,0,399,834,503,134,9,1480,0,0,0,1480
03/20/2022,LAS,NV,AWP,WE,Towers with Radar,1033,159,204,1,1397,0,162,8,0,170,1033,321,212,1,1567,0,0,0,1567
03/21/2022,LAS,NV,AWP,WE,Towers with Radar,1037,126,130,48,1341,0,293,2,5,300,1037,419,132,53,1641,0,0,0,1641
03/22/2022,LAS,NV,AWP,WE,Towers with Radar,881,115,88,48,1132,0,301,4,2,307,881,416,92,50,1439,0,0,0,1439
03/23/2022,LAS,NV,AWP,WE,Towers with Radar,869,135,144,46,1194,0,297,14,5,316,869,432,158,51,1510,0,0,0,1510
03/24/2022,LAS,NV,AWP,WE,Towers with Radar,1033,157,142,47,1379,0,307,14,1,322,1033,464,156,48,1701,0,0,0,1701
03/25/2022,LAS,NV,AWP,WE,Towers with Radar,1069,127,148,44,1388,0,327,13,5,345,1069,454,161,49,1733,0,0,0,1733
03/26/2022,LAS,NV,AWP,WE,Towers with Radar,819,120,102,7,1048,0,377,5,0,382,819,497,107,7,1430,0,0,0,1430
03/27/2022,LAS,NV,AWP,WE,Towers with Radar,1044,152,142,4,1342,0,621,7,0,628,1044,773,149,4,1970,0,0,0,1970
03/28/2022,LAS,NV,AWP,WE,Towers with Radar,995,98,87,33,1213,0,412,0,0,412,995,510,87,33,1625,0,0,0,1625
03/29/2022,LAS,NV,AWP,WE,Towers with Radar,899,112,87,50,1148,0,483,9,2,494,899,595,96,52,1642,0,0,0,1642
03/30/2022,LAS,NV,AWP,WE,Towers with Radar,855,107,100,49,1111,0,281,10,2,293,855,388,110,51,1404,0,0,0,1404
03/31/2022,LAS,NV,AWP,WE,Towers with Radar,1009,150,142,54,1355,0,293,8,2,303,1009,443,150,56,1658,0,0,0,1658
04/01/2022,LAS,NV,AWP,WE,Towers with Radar,1005,164,181,50,1400,0,304,17,1,322,1005,468,198,51,1722,0,0,0,1722
04/02/2022,LAS,NV,AWP,WE,Towers with Radar,750,141,151,0,1042,0,362,10,0,372,750,503,161,0,1414,0,0,0,1414
04/03/2022,LAS,NV,AWP,WE,Towers with Radar,967,165,188,4,1324,0,302,12,1,315,967,467,200,5,1639,0,0,0,1639
04/04/2022,LAS,NV,AWP,WE,Towers with Radar,991,155,143,43,1332,0,307,5,2,314,991,462,148,45,1646,0,0,0,1646
04/05/2022,LAS,NV,AWP,WE,Towers with Radar,892,84,98,47,1121,0,312,7,2,321,892,396,105,49,1442,0,0,0,1442
04/06/2022,LAS,NV,AWP,WE,Towers with Radar,902,94,97,45,1138,0,306,5,4,315,902,400,102,49,1453,0,0,0,1453
04/07/2022,LAS,NV,AWP,WE,Towers with Radar,1008,140,132,49,1329,0,291,8,4,303,1008,431,140,53,1632,0,0,0,1632
04/08/2022,LAS,NV,AWP,WE,Towers with Radar,1032,140,133,40,1345,0,313,14,3,330,1032,453,147,43,1675,0,0,0,1675
04/09/2022,LAS,NV,AWP,WE,Towers with Radar,785,140,93,2,1020,0,334,3,1,338,785,474,96,3,1358,0,0,0,1358
04/10/2022,LAS,NV,AWP,WE,Towers with Radar,1020,151,132,2,1305,0,326,12,2,340,1020,477,144,4,1645,0,0,0,1645
04/11/2022,LAS,NV,AWP,WE,Towers with Radar,993,116,88,20,1217,0,75,1,2,78,993,191,89,22,1295,0,0,0,1295
04/12/2022,LAS,NV,AWP,WE,Towers with Radar,944,98,85,45,1172,0,323,0,4,327,944,421,85,49,1499,0,0,0,1499
04/13/2022,LAS,NV,AWP,WE,Towers with Radar,894,100,92,45,1131,0,346,2,2,350,894,446,94,47,1481,0,0,0,1481
04/14/2022,LAS,NV,AWP,WE,Towers with Radar,1035,148,123,48,1354,0,326,7,1,334,1035,474,130,49,1688,0,0,0,1688
04/15/2022,LAS,NV,AWP,WE,Towers with Radar,1047,131,112,45,1335,0,343,13,1,357,1047,474,125,46,1692,0,0,0,1692
04/16/2022,LAS,NV,AWP,WE,Towers with Radar,835,108,76,0,1019,0,285,1,0,286,835,393,77,0,1305,0,0,0,1305
04/17/2022,LAS,NV,AWP,WE,Towers with Radar,1046,130,92,2,1270,0,342,4,2,348,1046,472,96,4,1618,0,0,0,1618
04/18/2022,LAS,NV,AWP,WE,Towers with Radar,1026,125,95,42,1288,0,310,8,0,318,1026,435,103,42,1606,0,0,0,1606
04/19/2022,LAS,NV,AWP,WE,Towers with Radar,932,105,67,44,1148,0,280,4,2,286,932,385,71,46,1434,0,0,0,1434
04/20/2022,LAS,NV,AWP,WE,Towers with Radar,920,98,137,50,1205,0,312,13,3,328,920,410,150,53,1533,0,0,0,1533
04/21/2022,LAS,NV,AWP,WE,Towers with Radar,1049,127,136,52,1364,0,288,5,2,295,1049,415,141,54,1659,0,0,0,1659
04/22/2022,LAS,NV,AWP,WE,Towers with Radar,1063,160,140,27,1390,0,335,4,3,342,1063,495,144,30,1732,0,0,0,1732
04/23/2022,LAS,NV,AWP,WE,Towers with Radar,837,109,102,1,1049,0,348,10,0,358,837,457,112,1,1407,0,0,0,1407
04/24/2022,LAS,NV,AWP,WE,Towers with Radar,1035,170,172,2,1379,0,295,5,2,302,1035,465,177,4,1681,0,0,0,1681
04/25/2022,LAS,NV,AWP,WE,Towers with Radar,1033,120,117,45,1315,0,230,13,3,246,1033,350,130,48,1561,0,0,0,1561
04/26/2022,LAS,NV,AWP,WE,Towers with Radar,921,99,109,47,1176,0,246,8,4,258,921,345,117,51,1434,0,0,0,1434
04/27/2022,LAS,NV,AWP,WE,Towers with Radar,924,116,145,47,1232,0,234,15,5,254,924,350,160,52,1486,0,0,0,1486
04/28/2022,LAS,NV,AWP,WE,Towers with Radar,1071,169,148,46,1434,0,209,27,3,239,1071,378,175,49,1673,0,0,0,1673
04/29/2022,LAS,NV,AWP,WE,Towers with Radar,1074,169,134,39,1416,0,287,20,1,308,1074,456,154,40,1724,0,0,0,1724
04/30/2022,LAS,NV,AWP,WE,Towers with Radar,835,130,89,3,1057,0,335,6,0,341,835,465,95,3,1398,0,0,0,1398
05/01/2022,LAS,NV,AWP,WE,Towers with Radar,1039,165,167,3,1374,0,246,7,2,255,1039,411,174,5,1629,0,0,0,1629
05/02/2022,LAS,NV,AWP,WE,Towers with Radar,1065,117,84,42,1308,0,289,3,2,294,1065,406,87,44,1602,0,0,0,1602
05/03/2022,LAS,NV,AWP,WE,Towers with Radar,946,89,92,46,1173,0,294,5,7,306,946,383,97,53,1479,0,0,0,1479
05/04/2022,LAS,NV,AWP,WE,Towers with Radar,951,103,110,45,1209,0,275,5,3,283,951,378,115,48,1492,0,0,0,1492
05/05/2022,LAS,NV,AWP,WE,Towers with Radar,1046,150,134,48,1378,0,315,19,4,338,1046,465,153,52,1716,0,0,0,1716
05/06/2022,LAS,NV,AWP,WE,Towers with Radar,1066,131,113,41,1351,0,340,8,2,350,1066,471,121,43,1701,0,0,0,1701
05/07/2022,LAS,NV,AWP,WE,Towers with Radar,841,116,82,5,1044,0,341,3,1,345,841,457,85,6,1389,0,0,0,1389
05/08/2022,LAS,NV,AWP,WE,Towers with Radar,934,133,123,0,1190,0,180,12,0,192,934,313,135,0,1382,0,0,0,1382
05/09/2022,LAS,NV,AWP,WE,Towers with Radar,1122,146,143,46,1457,0,288,10,3,301,1122,434,153,49,1758,0,0,0,1758
05/10/2022,LAS,NV,AWP,WE,Towers with Radar,952,127,121,48,1248,0,262,7,4,273,952,389,128,52,1521,0,0,0,1521
05/11/2022,LAS,NV,AWP,WE,Towers with Radar,942,129,136,46,1253,0,258,10,2,270,942,387,146,48,1523,0,0,0,1523
05/12/2022,LAS,NV,AWP,WE,Towers with Radar,1053,174,197,52,1476,0,336,6,2,344,1053,510,203,54,1820,0,0,0,1820
05/13/2022,LAS,NV,AWP,WE,Towers with Radar,1059,175,154,50,1438,0,334,9,0,343,1059,509,163,50,1781,0,0,0,1781
05/14/2022,LAS,NV,AWP,WE,Towers with Radar,850,110,109,2,1071,0,350,7,0,357,850,460,116,2,1428,0,0,0,1428
05/15/2022,LAS,NV,AWP,WE,Towers with Radar,1061,182,197,5,1445,0,300,8,1,309,1061,482,205,6,1754,0,0,0,1754
05/16/2022,LAS,NV,AWP,WE,Towers with Radar,1059,137,99,45,1340,0,316,26,4,346,1059,453,125,49,1686,0,0,0,1686
05/17/2022,LAS,NV,AWP,WE,Towers with Radar,951,124,137,47,1259,0,306,6,6,318,951,430,143,53,1577,0,0,0,1577
05/18/2022,LAS,NV,AWP,WE,Towers with Radar,930,103,128,48,1209,0,323,13,2,338,930,426,141,50,1547,0,0,0,1547
05/19/2022,LAS,NV,AWP,WE,Towers with Radar,1061,176,153,47,1437,0,338,13,1,352,1061,514,166,48,1789,0,0,0,1789
05/20/2022,LAS,NV,AWP,WE,Towers with Radar,1038,162,156,46,1402,0,517,11,1,529,1038,679,167,47,1931,0,0,0,1931
05/21/2022,LAS,NV,AWP,WE,Towers with Radar,869,122,127,1,1119,0,870,14,1,885,869,992,141,2,2004,0,0,0,2004
05/22/2022,LAS,NV,AWP,WE,Towers with Radar,1038,180,209,3,1430,0,873,22,2,897,1038,1053,231,5,2327,0,0,0,2327
05/23/2022,LAS,NV,AWP,WE,Towers with Radar,1060,159,149,45,1413,0,547,20,0,567,1060,706,169,45,1980,0,0,0,1980
05/24/2022,LAS,NV,AWP,WE,Towers with Radar,942,148,168,44,1302,0,278,13,2,293,942,426,181,46,1595,0,0,0,1595
05/25/2022,LAS,NV,AWP,WE,Towers with Radar,957,126,133,47,1263,0,297,13,2,312,957,423,146,49,1575,0,0,0,1575
05/26/2022,LAS,NV,AWP,WE,Towers with Radar,1073,125,116,46,1360,0,282,5,2,289,1073,407,121,48,1649,0,0,0,1649
05/27/2022,LAS,NV,AWP,WE,Towers with Radar,1062,154,125,2,1343,0,331,14,0,345,1062,485,139,2,1688,0,0,0,1688
05/28/2022,LAS,NV,AWP,WE,Towers with Radar,861,109,71,0,1041,0,358,12,0,370,861,467,83,0,1411,0,0,0,1411
05/29/2022,LAS,NV,AWP,WE,Towers with Radar,1038,115,83,0,1236,0,309,9,0,318,1038,424,92,0,1554,0,0,0,1554
05/30/2022,LAS,NV,AWP,WE,Towers with Radar,1081,146,124,2,1353,0,323,6,1,330,1081,469,130,3,1683,0,0,0,1683
05/31/2022,LAS,NV,AWP,WE,Towers with Radar,950,124,87,43,1204,0,301,9,2,312,950,425,96,45,1516,0,0,0,1516
06/01/2022,LAS,NV,AWP,WE,Towers with Radar,927,106,92,47,1172,0,302,9,1,312,927,408,101,48,1484,0,0,0,1484
06/02/2022,LAS,NV,AWP,WE,Towers with Radar,1039,143,100,48,1330,0,296,1,3,300,1039,439,101,51,1630,0,0,0,1630
06/03/2022,LAS,NV,AWP,WE,Towers with Radar,1088,161,110,44,1403,0,300,11,4,315,1088,461,121,48,1718,0,0,0,1718
06/04/2022,LAS,NV,AWP,WE,Towers with Radar,858,101,74,9,1042,0,318,1,0,319,858,419,75,9,1361,0,0,0,1361
06/05/2022,LAS,NV,AWP,WE,Towers with Radar,1099,155,104,2,1360,0,321,4,1,326,1099,476,108,3,1686,0,0,0,1686
06/06/2022,LAS,NV,AWP,WE,Towers with Radar,1102,114,91,46,1353,0,263,5,0,268,1102,377,96,46,1621,0,0,0,1621
06/07/2022,LAS,NV,AWP,WE,Towers with Radar,1037,103,71,46,1257,0,264,3,7,274,1037,367,74,53,1531,0,0,0,1531
06/08/2022,LAS,NV,AWP,WE,Towers with Radar,985,111,104,42,1242,0,251,4,2,257,985,362,108,44,1499,0,0,0,1499
06/09/2022,LAS,NV,AWP,WE,Towers with Radar,1116,121,117,47,1401,0,285,4,2,291,1116,406,121,49,1692,0,0,0,1692
06/10/2022,LAS,NV,AWP,WE,Towers with Radar,1117,136,107,44,1404,0,301,6,1,308,1117,437,113,45,1712,0,0,0,1712
06/11/2022,LAS,NV,AWP,WE,Towers with Radar,941,127,88,5,1161,0,329,6,0,335,941,456,94,5,1496,0,0,0,1496
06/12/2022,LAS,NV,AWP,WE,Towers with Radar,1084,149,136,6,1375,0,276,13,1,290,1084,425,149,7,1665,0,0,0,1665
06/13/2022,LAS,NV,AWP,WE,Towers with Radar,1142,131,90,40,1403,0,263,4,0,267,1142,394,94,40,1670,0,0,0,1670
06/14/2022,LAS,NV,AWP,WE,Towers with Radar,1013,96,54,51,1214,0,298,12,2,312,1013,394,66,53,1526,0,0,0,1526
06/15/2022,LAS,NV,AWP,WE,Towers with Radar,1019,101,89,47,1256,0,277,11,3,291,1019,378,100,50,1547,0,0,0,1547
06/16/2022,LAS,NV,AWP,WE,Towers with Radar,1086,136,112,49,1383,0,305,10,4,319,1086,441,122,53,1702,0,0,0,1702
06/17/2022,LAS,NV,AWP,WE,Towers with Radar,1108,129,101,3,1341,0,313,5,3,321,1108,442,106,6,1662,0,0,0,1662
06/18/2022,LAS,NV,AWP,WE,Towers with Radar,934,90,88,3,1115,0,327,12,0,339,934,417,100,3,1454,0,0,0,1454
06/19/2022,LAS,NV,AWP,WE,Towers with Radar,1113,152,107,1,1373,0,371,18,0,389,1113,523,125,1,1762,0,0,0,1762
06/20/2022,LAS,NV,AWP,WE,Towers with Radar,1117,130,92,4,1343,0,311,9,4,324,1117,441,101,8,1667,0,0,0,1667
06/21/2022,LAS,NV,AWP,WE,Towers with Radar,1016,83,73,41,1213,0,284,8,1,293,1016,367,81,42,1506,0,0,0,1506
06/22/2022,LAS,NV,AWP,WE,Towers with Radar,990,101,86,48,1225,0,260,10,2,272,990,361,96,50,1497,0,0,0,1497
06/23/2022,LAS,NV,AWP,WE,Towers with Radar,1125,124,107,41,1397,0,270,20,3,293,1125,394,127,44,1690,0,0,0,1690
06/24/2022,LAS,NV,AWP,WE,Towers with Radar,1130,150,112,45,1437,0,320,8,8,336,1130,470,120,53,1773,0,0,0,1773
06/25/2022,LAS,NV,AWP,WE,Towers with Radar,910,104,66,1,1081,0,332,10,2,344,910,436,76,3,1425,0,0,0,1425
06/26/2022,LAS,NV,AWP,WE,Towers with Radar,1105,118,117,2,1342,0,304,12,2,318,1105,422,129,4,1660,0,0,0,1660
06/27/2022,LAS,NV,AWP,WE,Towers with Radar,1105,117,93,39,1354,0,266,8,5,279,1105,383,101,44,1633,0,0,0,1633
06/28/2022,LAS,NV,AWP,WE,Towers with Radar,1030,86,54,43,1213,0,220,12,3,235,1030,306,66,46,1448,0,0,0,1448
06/29/2022,LAS,NV,AWP,WE,Towers with Radar,992,114,100,47,1253,0,286,18,5,309,992,400,118,52,1562,0,0,0,1562
06/30/2022,LAS,NV,AWP,WE,Towers with Radar,1120,149,103,48,1420,0,304,10,6,320,1120,453,113,54,1740,0,0,0,1740
07/01/2022,LAS,NV,AWP,WE,Towers with Radar,1124,150,122,26,1422,0,301,3,0,304,1124,451,125,26,1726,0,0,0,1726
07/02/2022,LAS,NV,AWP,WE,Towers with Radar,935,134,104,0,1173,0,341,4,0,345,935,475,108,0,1518,0,0,0,1518
07/03/2022,LAS,NV,AWP,WE,Towers with Radar,1082,119,106,0,1307,0,362,3,0,365,1082,481,109,0,1672,0,0,0,1672
07/04/2022,LAS,NV,AWP,WE,Towers with Radar,1073,111,61,3,1248,0,333,2,3,338,1073,444,63,6,1586,0,0,0,1586
07/05/2022,LAS,NV,AWP,WE,Towers with Radar,1048,117,68,39,1272,0,308,6,1,315,1048,425,74,40,1587,0,0,0,1587
07/06/2022,LAS,NV,AWP,WE,Towers with Radar,1036,111,63,48,1258,0,324,12,4,340,1036,435,75,52,1598,0,0,0,1598
07/07/2022,LAS,NV,AWP,WE,Towers with Radar,1151,144,95,51,1441,0,312,5,3,320,1151,456,100,54,1761,0,0,0,1761
07/08/2022,LAS,NV,AWP,WE,Towers with Radar,1143,139,112,43,1437,0,337,9,0,346,1143,476,121,43,1783,0,0,0,1783
07/09/2022,LAS,NV,AWP,WE,Towers with Radar,940,126,69,3,1138,0,350,7,4,361,940,476,76,7,1499,0,0,0,1499
07/10/2022,LAS,NV,AWP,WE,Towers with Radar,1123,164,103,2,1392,0,316,5,2,323,1123,480,108,4,1715,0,0,0,1715
07/11/2022,LAS,NV,AWP,WE,Towers with Radar,1169,143,106,43,1461,0,302,6,1,309,1169,445,112,44,1770,0,0,0,1770
07/12/2022,LAS,NV,AWP,WE,Towers with Radar,1031,105,80,46,1262,0,311,10,2,323,1031,416,90,48,1585,0,0,0,1585
07/13/2022,LAS,NV,AWP,WE,Towers with Radar,1039,118,87,49,1293,0,312,9,4,325,1039,430,96,53,1618,0,0,0,1618
07/14/2022,LAS,NV,AWP,WE,Towers with Radar,1030,124,113,44,1311,0,254,2,5,261,1030,378,115,49,1572,0,0,0,1572
07/15/2022,LAS,NV,AWP,WE,Towers with Radar,1170,143,110,38,1461,0,326,8,0,334,1170,469,118,38,1795,0,0,0,1795
07/16/2022,LAS,NV,AWP,WE,Towers with Radar,966,100,71,0,1137,0,363,12,1,376,966,463,83,1,1513,0,0,0,1513
07/17/2022,LAS,NV,AWP,WE,Towers with Radar,1143,141,99,2,1385,0,345,13,5,363,1143,486,112,7,1748,0,0,0,1748
07/18/2022,LAS,NV,AWP,WE,Towers with Radar,1157,108,86,42,1393,0,290,5,0,295,1157,398,91,42,1688,0,0,0,1688
07/19/2022,LAS,NV,AWP,WE,Towers with Radar,1051,86,87,47,1271,0,298,3,1,302,1051,384,90,48,1573,0,0,0,1573
07/20/2022,LAS,NV,AWP,WE,Towers with Radar,1025,85,82,48,1240,0,292,14,1,307,1025,377,96,49,1547,0,0,0,1547
07/21/2022,LAS,NV,AWP,WE,Towers with Radar,1143,131,97,43,1414,0,297,12,1,310,1143,428,109,44,1724,0,0,0,1724
07/22/2022,LAS,NV,AWP,WE,Towers with Radar,1161,128,92,42,1423,0,376,5,4,385,1161,504,97,46,1808,0,0,0,1808
07/23/2022,LAS,NV,AWP,WE,Towers with Radar,939,95,73,0,1107,0,382,23,0,405,939,477,96,0,1512,0,0,0,1512
07/24/2022,LAS,NV,AWP,WE,Towers with Radar,1124,139,100,1,1364,0,353,10,1,364,1124,492,110,2,1728,0,0,0,1728
07/25/2022,LAS,NV,AWP,WE,Towers with Radar,1048,96,72,39,1255,0,285,7,1,293,1048,381,79,40,1548,0,0,0,1548
07/26/2022,LAS,NV,AWP,WE,Towers with Radar,1003,102,70,43,1218,0,339,10,1,350,1003,441,80,44,1568,0,0,0,1568
07/27/2022,LAS,NV,AWP,WE,Towers with Radar,991,89,56,42,1178,0,206,3,2,211,991,295,59,44,1389,0,0,0,1389
07/28/2022,LAS,NV,AWP,WE,Towers with Radar,1128,141,85,43,1397,0,207,21,1,229,1128,348,106,44,1626,0,0,0,1626
07/29/2022,LAS,NV,AWP,WE,Towers with Radar,1101,138,80,37,1356,0,318,6,2,326,1101,456,86,39,1682,0,0,0,1682
07/30/2022,LAS,NV,AWP,WE,Towers with Radar,1027,110,65,3,1205,0,373,6,1,380,1027,483,71,4,1585,0,0,0,1585
07/31/2022,LAS,NV,AWP,WE,Towers with Radar,1044,129,85,0,1258,0,351,6,0,357,1044,480,91,0,1615,0,0,0,1615
08/01/2022,LAS,NV,AWP,WE,Towers with Radar,1159,101,58,36,1354,0,341,6,2,349,1159,442,64,38,1703,0,0,0,1703
08/02/2022,LAS,NV,AWP,WE,Towers with Radar,1040,69,57,46,1212,0,306,13,14,333,1040,375,70,60,1545,0,0,0,1545
08/03/2022,LAS,NV,AWP,WE,Towers with Radar,1030,93,77,48,1248,0,333,2,1,336,1030,426,79,49,1584,0,0,0,1584
08/04/2022,LAS,NV,AWP,WE,Towers with Radar,998,119,75,41,1233,0,330,4,1,335,998,449,79,42,1568,0,0,0,1568
08/05/2022,LAS,NV,AWP,WE,Towers with Radar,1129,159,112,39,1439,0,343,6,0,349,1129,502,118,39,1788,0,0,0,1788
08/06/2022,LAS,NV,AWP,WE,Towers with Radar,941,118,74,6,1139,0,345,3,0,348,941,463,77,6,1487,0,0,0,1487
08/07/2022,LAS,NV,AWP,WE,Towers with Radar,1133,146,138,1,1418,0,337,11,1,349,1133,483,149,2,1767,0,0,0,1767
08/08/2022,LAS,NV,AWP,WE,Towers with Radar,1144,103,72,42,1361,0,310,5,0,315,1144,413,77,42,1676,0,0,0,1676
08/09/2022,LAS,NV,AWP,WE,Towers with Radar,1023,88,62,44,1217,0,295,7,2,304,1023,383,69,46,1521,0,0,0,1521
08/10/2022,LAS,NV,AWP,WE,Towers with Radar,983,123,99,52,1257,0,303,4,3,310,983,426,103,55,1567,0,0,0,1567
08/11/2022,LAS,NV,AWP,WE,Towers with Radar,1083,141,85,44,1353,0,232,9,2,243,1083,373,94,46,1596,0,0,0,1596
08/12/2022,LAS,NV,AWP,WE,Towers with Radar,1139,131,90,37,1397,0,330,11,0,341,1139,461,101,37,1738,0,0,0,1738
08/13/2022,LAS,NV,AWP,WE,Towers with Radar,975,123,67,0,1165,0,412,5,0,417,975,535,72,0,1582,0,0,0,1582
08/14/2022,LAS,NV,AWP,WE,Towers with Radar,1082,164,95,1,1342,0,360,7,1,368,1082,524,102,2,1710,0,0,0,1710
08/15/2022,LAS,NV,AWP,WE,Towers with Radar,1170,121,63,37,1391,0,271,5,0,276,1170,392,68,37,1667,0,0,0,1667
08/16/2022,LAS,NV,AWP,WE,Towers with Radar,1048,85,74,42,1249,0,309,5,1,315,1048,394,79,43,1564,0,0,0,1564
08/17/2022,LAS,NV,AWP,WE,Towers with Radar,1034,107,103,42,1286,0,295,4,2,301,1034,402,107,44,1587,0,0,0,1587
08/18/2022,LAS,NV,AWP,WE,Towers with Radar,1139,143,110,41,1433,0,316,7,4,327,1139,459,117,45,1760,0,0,0,1760
08/19/2022,LAS,NV,AWP,WE,Towers with Radar,1168,155,99,39,1461,0,373,16,1,390,1168,528,115,40,1851,0,0,0,1851
08/20/2022,LAS,NV,AWP,WE,Towers with Radar,946,121,92,1,1160,0,350,5,1,356,946,471,97,2,1516,0,0,0,1516
08/21/2022,LAS,NV,AWP,WE,Towers with Radar,1130,167,124,1,1422,0,332,9,2,343,1130,499,133,3,1765,0,0,0,1765
08/22/2022,LAS,NV,AWP,WE,Towers with Radar,1141,105,73,39,1358,0,297,3,3,303,1141,402,76,42,1661,0,0,0,1661
08/23/2022,LAS,NV,AWP,WE,Towers with Radar,1037,69,69,43,1218,0,297,5,3,305,1037,366,74,46,1523,0,0,0,1523
08/24/2022,LAS,NV,AWP,WE,Towers with Radar,987,101,86,40,1214,0,277,3,1,281,987,378,89,41,1495,0,0,0,1495
08/25/2022,LAS,NV,AWP,WE,Towers with Radar,1165,120,96,45,1426,0,297,2,4,303,1165,417,98,49,1729,0,0,0,1729
08/26/2022,LAS,NV,AWP,WE,Towers with Radar,1160,146,92,33,1431,0,325,6,2,333,1160,471,98,35,1764,0,0,0,1764
08/27/2022,LAS,NV,AWP,WE,Towers with Radar,933,86,79,0,1098,0,359,9,1,369,933,445,88,1,1467,0,0,0,1467
08/28/2022,LAS,NV,AWP,WE,Towers with Radar,1147,139,91,2,1379,0,318,9,4,331,1147,457,100,6,1710,0,0,0,1710
08/29/2022,LAS,NV,AWP,WE,Towers with Radar,1146,134,66,36,1382,0,281,8,4,293,1146,415,74,40,1675,0,0,0,1675
08/30/2022,LAS,NV,AWP,WE,Towers with Radar,1039,99,54,41,1233,0,269,2,7,278,1039,368,56,48,1511,0,0,0,1511
08/31/2022,LAS,NV,AWP,WE,Towers with Radar,1019,105,83,42,1249,0,253,5,1,259,1019,358,88,43,1508,0,0,0,1508
09/01/2022,LAS,NV,AWP,WE,Towers with Radar,1150,132,118,41,1441,0,239,13,3,255,1150,371,131,44,1696,0,0,0,1696
09/02/2022,LAS,NV,AWP,WE,Towers with Radar,1171,124,127,26,1448,0,291,5,4,300,1171,415,132,30,1748,0,0,0,1748
09/03/2022,LAS,NV,AWP,WE,Towers with Radar,936,88,69,0,1093,0,342,5,4,351,936,430,74,4,1444,0,0,0,1444
09/04/2022,LAS,NV,AWP,WE,Towers with Radar,1037,108,92,1,1238,0,350,4,0,354,1037,458,96,1,1592,0,0,0,1592
09/05/2022,LAS,NV,AWP,WE,Towers with Radar,1150,134,115,3,1402,0,300,7,3,310,1150,434,122,6,1712,0,0,0,1712
09/06/2022,LAS,NV,AWP,WE,Towers with Radar,1054,113,103,38,1308,0,308,7,5,320,1054,421,110,43,1628,0,0,0,1628
09/07/2022,LAS,NV,AWP,WE,Towers with Radar,1009,127,107,42,1285,0,290,8,10,308,1009,417,115,52,1593,0,0,0,1593
09/08/2022,LAS,NV,AWP,WE,Towers with Radar,1146,162,115,44,1467,0,240,10,2,252,1146,402,125,46,1719,0,0,0,1719
09/09/2022,LAS,NV,AWP,WE,Towers with Radar,1210,188,142,37,1577,0,321,4,2,327,1210,509,146,39,1904,0,0,0,1904
09/10/2022,LAS,NV,AWP,WE,Towers with Radar,996,125,86,0,1207,0,370,5,0,375,996,495,91,0,1582,0,0,0,1582
09/11/2022,LAS,NV,AWP,WE,Towers with Radar,1208,176,140,2,1526,0,352,6,2,360,1208,528,146,4,1886,0,0,0,1886
09/12/2022,LAS,NV,AWP,WE,Towers with Radar,1219,157,110,42,1528,0,302,0,1,303,1219,459,110,43,1831,0,0,0,1831
09/13/2022,LAS,NV,AWP,WE,Towers with Radar,1056,110,111,46,1323,0,293,9,1,303,1056,403,120,47,1626,0,0,0,1626
09/14/2022,LAS,NV,AWP,WE,Towers with Radar,1039,131,118,46,1334,0,325,11,2,338,1039,456,129,48,1672,0,0,0,1672
09/15/2022,LAS,NV,AWP,WE,Towers with Radar,1226,158,146,41,1571,0,307,20,14,341,1226,465,166,55,1912,0,0,0,1912
09/16/2022,LAS,NV,AWP,WE,Towers with Radar,1222,167,156,40,1585,0,336,8,4,348,1222,503,164,44,1933,0,0,0,1933
09/17/2022,LAS,NV,AWP,WE,Towers with Radar,983,127,122,0,1232,0,370,8,0,378,983,497,130,0,1610,0,0,0,1610
09/18/2022,LAS,NV,AWP,WE,Towers with Radar,1176,227,193,2,1598,0,742,8,2,752,1176,969,201,4,2350,0,0,0,2350
09/19/2022,LAS,NV,AWP,WE,Towers with Radar,1207,179,144,39,1569,0,742,9,6,757,1207,921,153,45,2326,0,0,0,2326
09/20/2022,LAS,NV,AWP,WE,Towers with Radar,1067,96,101,46,1310,0,313,4,1,318,1067,409,105,47,1628,0,0,0,1628
09/21/2022,LAS,NV,AWP,WE,Towers with Radar,1021,141,125,41,1328,0,294,30,5,329,1021,435,155,46,1657,0,0,0,1657
09/22/2022,LAS,NV,AWP,WE,Towers with Radar,1212,157,147,44,1560,0,317,13,15,345,1212,474,160,59,1905,0,0,0,1905
09/23/2022,LAS,NV,AWP,WE,Towers with Radar,1235,187,140,33,1595,0,319,16,3,338,1235,506,156,36,1933,0,0,0,1933
09/24/2022,LAS,NV,AWP,WE,Towers with Radar,984,115,87,0,1186,0,390,10,4,404,984,505,97,4,1590,0,0,0,1590
09/25/2022,LAS,NV,AWP,WE,Towers with Radar,1193,151,135,2,1481,0,365,10,2,377,1193,516,145,4,1858,0,0,0,1858
09/26/2022,LAS,NV,AWP,WE,Towers with Radar,1209,94,79,42,1424,0,313,6,1,320,1209,407,85,43,1744,0,0,0,1744
09/27/2022,LAS,NV,AWP,WE,Towers with Radar,1045,120,108,42,1315,0,302,5,4,311,1045,422,113,46,1626,0,0,0,1626
09/28/2022,LAS,NV,AWP,WE,Towers with Radar,960,146,108,39,1253,0,289,11,1,301,960,435,119,40,1554,0,0,0,1554
09/29/2022,LAS,NV,AWP,WE,Towers with Radar,1198,156,125,42,1521,0,254,9,2,265,1198,410,134,44,1786,0,0,0,1786
09/30/2022,LAS,NV,AWP,WE,Towers with Radar,1178,211,177,38,1604,0,334,3,0,337,1178,545,180,38,1941,0,0,0,1941
10/01/2022,LAS,NV,AWP,WE,Towers with Radar,903,140,133,0,1176,0,401,10,0,411,903,541,143,0,1587,0,0,0,1587
10/02/2022,LAS,NV,AWP,WE,Towers with Radar,1159,188,215,1,1563,0,338,10,0,348,1159,526,225,1,1911,0,0,0,1911
10/03/2022,LAS,NV,AWP,WE,Towers with Radar,1211,170,141,36,1558,0,284,5,2,291,1211,454,146,38,1849,0,0,0,1849
10/04/2022,LAS,NV,AWP,WE,Towers with Radar,1063,122,107,38,1330,0,312,8,2,322,1063,434,115,40,1652,0,0,0,1652
10/05/2022,LAS,NV,AWP,WE,Towers with Radar,1046,105,77,37,1265,0,233,13,1,247,1046,338,90,38,1512,0,0,0,1512
10/06/2022,LAS,NV,AWP,WE,Towers with Radar,1212,169,152,42,1575,0,304,4,4,312,1212,473,156,46,1887,0,0,0,1887
10/07/2022,LAS,NV,AWP,WE,Towers with Radar,1223,179,163,28,1593,0,305,15,2,322,1223,484,178,30,1915,0,0,0,1915
10/08/2022,LAS,NV,AWP,WE,Towers with Radar,1015,123,120,0,1258,0,382,22,1,405,1015,505,142,1,1663,0,0,0,1663
10/09/2022,LAS,NV,AWP,WE,Towers with Radar,1214,196,177,1,1588,0,340,16,0,356,1214,536,193,1,1944,0,0,0,1944
10/10/2022,LAS,NV,AWP,WE,Towers with Radar,1214,152,116,4,1486,0,331,5,3,339,1214,483,121,7,1825,0,0,0,1825
10/11/2022,LAS,NV,AWP,WE,Towers with Radar,1102,124,101,44,1371,0,305,8,2,315,1102,429,109,46,1686,0,0,0,1686
10/12/2022,LAS,NV,AWP,WE,Towers with Radar,1071,114,117,42,1344,0,263,8,4,275,1071,377,125,46,1619,0,0,0,1619
10/13/2022,LAS,NV,AWP,WE,Towers with Radar,1205,158,149,45,1557,0,312,9,1,322,1205,470,158,46,1879,0,0,0,1879
10/14/2022,LAS,NV,AWP,WE,Towers with Radar,1245,175,124,38,1582,0,352,21,3,376,1245,527,145,41,1958,0,0,0,1958
10/15/2022,LAS,NV,AWP,WE,Towers with Radar,1034,114,106,1,1255,0,407,7,1,415,1034,521,113,2,1670,0,0,0,1670
10/16/2022,LAS,NV,AWP,WE,Towers with Radar,1228,155,160,1,1544,0,425,10,1,436,1228,580,170,2,1980,0,0,0,1980
10/17/2022,LAS,NV,AWP,WE,Towers with Radar,1215,136,107,36,1494,0,335,7,2,344,1215,471,114,38,1838,0,0,0,1838
10/18/2022,LAS,NV,AWP,WE,Towers with Radar,1106,102,105,46,1359,0,291,5,7,303,1106,393,110,53,1662,0,0,0,1662
10/19/2022,LAS,NV,AWP,WE,Towers with Radar,1086,120,98,37,1341,0,253,5,2,260,1086,373,103,39,1601,0,0,0,1601
10/20/2022,LAS,NV,AWP,WE,Towers with Radar,1223,148,157,44,1572,0,295,8,3,306,1223,443,165,47,1878,0,0,0,1878
10/21/2022,LAS,NV,AWP,WE,Towers with Radar,1230,128,126,37,1521,0,299,4,4,307,1230,427,130,41,1828,0,0,0,1828
10/22/2022,LAS,NV,AWP,WE,Towers with Radar,973,109,80,0,1162,0,108,1,0,109,973,217,81,0,1271,0,0,0,1271
10/23/2022,LAS,NV,AWP,WE,Towers with Radar,1243,179,170,1,1593,0,291,4,1,296,1243,470,174,2,1889,0,0,0,1889
10/24/2022,LAS,NV,AWP,WE,Towers with Radar,1215,141,130,32,1518,0,647,7,0,654,1215,788,137,32,2172,0,0,0,2172
10/25/2022,LAS,NV,AWP,WE,Towers with Radar,1092,130,82,45,1349,0,465,5,5,475,1092,595,87,50,1824,0,0,0,1824
10/26/2022,LAS,NV,AWP,WE,Towers with Radar,1098,139,102,39,1378,0,288,5,2,295,1098,427,107,41,1673,0,0,0,1673
10/27/2022,LAS,NV,AWP,WE,Towers with Radar,1237,154,120,42,1553,0,298,1,4,303,1237,452,121,46,1856,0,0,0,1856
10/28/2022,LAS,NV,AWP,WE,Towers with Radar,1234,153,136,33,1556,0,326,6,1,333,1234,479,142,34,1889,0,0,0,1889
10/29/2022,LAS,NV,AWP,WE,Towers with Radar,987,103,81,2,1173,0,323,10,0,333,987,426,91,2,1506,0,0,0,1506
10/30/2022,LAS,NV,AWP,WE,Towers with Radar,1199,147,128,3,1477,0,340,7,1,348,1199,487,135,4,1825,0,0,0,1825
10/31/2022,LAS,NV,AWP,WE,Towers with Radar,1161,127,77,34,1399,0,287,7,3,297,1161,414,84,37,1696,0,0,0,1696
11/01/2022,LAS,NV,AWP,WE,Towers with Radar,1069,138,153,43,1403,0,270,9,4,283,1069,408,162,47,1686,0,0,0,1686
11/02/2022,LAS,NV,AWP,WE,Towers with Radar,1076,126,115,40,1357,0,213,3,2,218,1076,339,118,42,1575,0,0,0,1575
11/03/2022,LAS,NV,AWP,WE,Towers with Radar,1175,143,132,47,1497,0,250,12,8,270,1175,393,144,55,1767,0,0,0,1767
11/04/2022,LAS,NV,AWP,WE,Towers with Radar,1174,175,134,40,1523,0,332,5,0,337,1174,507,139,40,1860,0,0,0,1860
11/05/2022,LAS,NV,AWP,WE,Towers with Radar,943,130,87,1,1161,0,351,13,0,364,943,481,100,1,1525,0,0,0,1525
11/06/2022,LAS,NV,AWP,WE,Towers with Radar,1135,182,136,4,1457,0,327,11,1,339,1135,509,147,5,1796,0,0,0,1796
11/07/2022,LAS,NV,AWP,WE,Towers with Radar,1132,129,77,31,1369,0,300,0,1,301,1132,429,77,32,1670,0,0,0,1670
11/08/2022,LAS,NV,AWP,WE,Towers with Radar,977,76,69,22,1144,0,141,0,0,141,977,217,69,22,1285,0,0,0,1285
11/09/2022,LAS,NV,AWP,WE,Towers with Radar,1003,106,76,38,1223,0,264,4,5,273,1003,370,80,43,1496,0,0,0,1496
11/10/2022,LAS,NV,AWP,WE,Towers with Radar,1139,167,106,2,1414,0,264,7,7,278,1139,431,113,9,1692,0,0,0,1692
11/11/2022,LAS,NV,AWP,WE,Towers with Radar,1154,165,140,5,1464,0,292,9,4,305,1154,457,149,9,1769,0,0,0,1769
11/12/2022,LAS,NV,AWP,WE,Towers with Radar,945,106,87,0,1138,0,367,21,0,388,945,473,108,0,1526,0,0,0,1526
11/13/2022,LAS,NV,AWP,WE,Towers with Radar,1143,199,170,2,1514,0,273,19,1,293,1143,472,189,3,1807,0,0,0,1807
11/14/2022,LAS,NV,AWP,WE,Towers with Radar,1150,174,138,34,1496,0,239,6,1,246,1150,413,144,35,1742,0,0,0,1742
11/15/2022,LAS,NV,AWP,WE,Towers with Radar,1018,124,104,45,1291,0,215,2,3,220,1018,339,106,48,1511,0,0,0,1511
11/16/2022,LAS,NV,AWP,WE,Towers with Radar,1000,136,135,41,1312,0,206,6,2,214,1000,342,141,43,1526,0,0,0,1526
11/17/2022,LAS,NV,AWP,WE,Towers with Radar,1137,163,134,45,1479,0,210,7,4,221,1137,373,141,49,1700,0,0,0,1700
11/18/2022,LAS,NV,AWP,WE,Towers with Radar,1149,173,163,36,1521,0,274,3,1,278,1149,447,166,37,1799,0,0,0,1799
11/19/2022,LAS,NV,AWP,WE,Towers with Radar,979,132,106,4,1221,0,390,8,0,398,979,522,114,4,1619,0,0,0,1619
11/20/2022,LAS,NV,AWP,WE,Towers with Radar,1164,178,133,1,1476,0,296,6,3,305,1164,474,139,4,1781,0,0,0,1781
11/21/2022,LAS,NV,AWP,WE,Towers with Radar,1148,121,69,31,1369,0,325,8,3,336,1148,446,77,34,1705,0,0,0,1705
11/22/2022,LAS,NV,AWP,WE,Towers with Radar,1062,94,82,41,1279,0,323,11,1,335,1062,417,93,42,1614,0,0,0,1614
11/23/2022,LAS,NV,AWP,WE,Towers with Radar,1050,131,79,32,1292,0,319,8,1,328,1050,450,87,33,1620,0,0,0,1620
11/24/2022,LAS,NV,AWP,WE,Towers with Radar,839,70,34,0,943,0,255,1,0,256,839,325,35,0,1199,0,0,0,1199
11/25/2022,LAS,NV,AWP,WE,Towers with Radar,1040,103,66,2,1211,0,366,16,0,382,1040,469,82,2,1593,0,0,0,1593
11/26/2022,LAS,NV,AWP,WE,Towers with Radar,1017,95,92,0,1204,0,418,10,0,428,1017,513,102,0,1632,0,0,0,1632
11/27/2022,LAS,NV,AWP,WE,Towers with Radar,1104,147,133,2,1386,0,298,5,1,304,1104,445,138,3,1690,0,0,0,1690
11/28/2022,LAS,NV,AWP,WE,Towers with Radar,1101,124,84,32,1341,0,202,6,2,210,1101,326,90,34,1551,0,0,0,1551
11/29/2022,LAS,NV,AWP,WE,Towers with Radar,1043,108,83,41,1275,0,182,25,1,208,1043,290,108,42,1483,0,0,0,1483
11/30/2022,LAS,NV,AWP,WE,Towers with Radar,993,120,88,40,1241,0,158,15,1,174,993,278,103,41,1415,0,0,0,1415
12/01/2022,LAS,NV,AWP,WE,Towers with Radar,1108,172,134,43,1457,0,193,2,2,197,1108,365,136,45,1654,0,0,0,1654
12/02/2022,LAS,NV,AWP,WE,Towers with Radar,1126,231,216,32,1605,0,256,6,2,264,1126,487,222,34,1869,0,0,0,1869
12/03/2022,LAS,NV,AWP,WE,Towers with Radar,934,158,124,3,1219,0,273,3,0,276,934,431,127,3,1495,0,0,0,1495
12/04/2022,LAS,NV,AWP,WE,Towers with Radar,1148,215,213,4,1580,0,239,0,1,240,1148,454,213,5,1820,0,0,0,1820
12/05/2022,LAS,NV,AWP,WE,Towers with Radar,1153,168,157,41,1519,0,204,2,1,207,1153,372,159,42,1726,0,0,0,1726
12/06/2022,LAS,NV,AWP,WE,Towers with Radar,1024,140,119,43,1326,0,153,5,1,159,1024,293,124,44,1485,0,0,0,1485
12/07/2022,LAS,NV,AWP,WE,Towers with Radar,1026,141,148,47,1362,0,194,11,1,206,1026,335,159,48,1568,0,0,0,1568
12/08/2022,LAS,NV,AWP,WE,Towers with Radar,1139,182,177,40,1538,0,212,6,1,219,1139,394,183,41,1757,0,0,0,1757
12/09/2022,LAS,NV,AWP,WE,Towers with Radar,1156,186,148,34,1524,0,255,16,3,274,1156,441,164,37,1798,0,0,0,1798
12/10/2022,LAS,NV,AWP,WE,Towers with Radar,938,133,81,2,1154,0,297,16,0,313,938,430,97,2,1467,0,0,0,1467
12/11/2022,LAS,NV,AWP,WE,Towers with Radar,1118,184,172,2,1476,0,212,1,0,213,1118,396,173,2,1689,0,0,0,1689
12/12/2022,LAS,NV,AWP,WE,Towers with Radar,1164,150,95,35,1444,0,195,6,0,201,1164,345,101,35,1645,0,0,0,1645
12/13/2022,LAS,NV,AWP,WE,Towers with Radar,995,81,69,47,1192,0,155,8,3,166,995,236,77,50,1358,0,0,0,1358
12/14/2022,LAS,NV,AWP,WE,Towers with Radar,1001,93,80,44,1218,0,187,14,9,210,1001,280,94,53,1428,0,0,0,1428
12/15/2022,LAS,NV,AWP,WE,Towers with Radar,1078,148,96,45,1367,0,176,14,7,197,1078,324,110,52,1564,0,0,0,1564
12/16/2022,LAS,NV,AWP,WE,Towers with Radar,1163,162,113,41,1479,0,174,4,1,179,1163,336,117,42,1658,0,0,0,1658
12/17/2022,LAS,NV,AWP,WE,Towers with Radar,986,109,111,2,1208,0,295,6,0,301,986,404,117,2,1509,0,0,0,1509
12/18/2022,LAS,NV,AWP,WE,Towers with Radar,1121,153,120,2,1396,0,232,3,1,236,1121,385,123,3,1632,0,0,0,1632
12/19/2022,LAS,NV,AWP,WE,Towers with Radar,1134,145,78,26,1383,0,237,7,2,246,1134,382,85,28,1629,0,0,0,1629
12/20/2022,LAS,NV,AWP,WE,Towers with Radar,1086,89,72,29,1276,0,271,5,1,277,1086,360,77,30,1553,0,0,0,1553
12/21/2022,LAS,NV,AWP,WE,Towers with Radar,991,93,75,25,1184,0,249,33,3,285,991,342,108,28,1469,0,0,0,1469
12/22/2022,LAS,NV,AWP,WE,Towers with Radar,981,118,75,25,1199,0,255,2,1,258,981,373,77,26,1457,0,0,0,1457
12/23/2022,LAS,NV,AWP,WE,Towers with Radar,865,133,81,2,1081,0,265,3,0,268,865,398,84,2,1349,0,0,0,1349
12/24/2022,LAS,NV,AWP,WE,Towers with Radar,708,75,46,0,829,0,267,7,2,276,708,342,53,2,1105,0,0,0,1105
12/25/2022,LAS,NV,AWP,WE,Towers with Radar,703,66,37,0,806,0,197,0,0,197,703,263,37,0,1003,0,0,0,1003
12/26/2022,LAS,NV,AWP,WE,Towers with Radar,674,114,82,3,873,0,334,10,3,347,674,448,92,6,1220,0,0,0,1220
12/27/2022,LAS,NV,AWP,WE,Towers with Radar,810,107,75,24,1016,0,241,6,3,250,810,348,81,27,1266,0,0,0,1266
12/28/2022,LAS,NV,AWP,WE,Towers with Radar,825,106,92,25,1048,0,318,7,1,326,825,424,99,26,1374,0,0,0,1374
12/29/2022,LAS,NV,AWP,WE,Towers with Radar,891,163,117,22,1193,0,356,3,1,360,891,519,120,23,1553,0,0,0,1553
12/30/2022,LAS,NV,AWP,WE,Towers with Radar,1060,189,146,0,1395,0,307,2,2,311,1060,496,148,2,1706,0,0,0,1706
12/31/2022,LAS,NV,AWP,WE,Towers with Radar,910,122,74,8,1114,0,354,3,0,357,910,476,77,8,1471,0,0,0,1471
01/01/2023,LAS,NV,AWP,WE,Towers with Radar,990,134,142,2,1268,0,372,5,0,377,990,506,147,2,1645,0,0,0,1645
01/02/2023,LAS,NV,AWP,WE,Towers with Radar,1037,182,171,3,1393,0,363,3,4,370,1037,545,174,7,1763,0,0,0,1763
01/03/2023,LAS,NV,AWP,WE,Towers with Radar,1178,125,125,35,1463,0,269,2,2,273,1178,394,127,37,1736,0,0,0,1736
01/04/2023,LAS,NV,AWP,WE,Towers with Radar,1143,112,124,37,1416,0,274,3,0,277,1143,386,127,37,1693,0,0,0,1693
01/05/2023,LAS,NV,AWP,WE,Towers with Radar,1181,169,111,18,1479,0,127,2,0,129,1181,296,113,18,1608,0,0,0,1608
01/06/2023,LAS,NV,AWP,WE,Towers with Radar,1204,173,166,36,1579,0,242,7,2,251,1204,415,173,38,1830,0,0,0,1830
01/07/2023,LAS,NV,AWP,WE,Towers with Radar,994,116,105,0,1215,0,297,8,0,305,994,413,113,0,1520,0,0,0,1520
01/08/2023,LAS,NV,AWP,WE,Towers with Radar,1270,143,106,1,1520,0,256,14,1,271,1270,399,120,2,1791,0,0,0,1791
01/09/2023,LAS,NV,AWP,WE,Towers with Radar,1235,104,72,32,1443,0,187,2,0,189,1235,291,74,32,1632,0,0,0,1632
01/10/2023,LAS,NV,AWP,WE,Towers with Radar,1010,71,54,38,1173,0,102,0,0,102,1010,173,54,38,1275,0,0,0,1275
01/11/2023,LAS,NV,AWP,WE,Towers with Radar,972,84,72,37,1165,0,222,3,2,227,972,306,75,39,1392,0,0,0,1392
01/12/2023,LAS,NV,AWP,WE,Towers with Radar,1170,114,78,37,1399,0,190,14,3,207,1170,304,92,40,1606,0,0,0,1606
01/13/2023,LAS,NV,AWP,WE,Towers with Radar,1172,127,107,29,1435,0,258,2,1,261,1172,385,109,30,1696,0,0,0,1696
01/14/2023,LAS,NV,AWP,WE,Towers with Radar,898,90,62,2,1052,0,242,3,0,245,898,332,65,2,1297,0,0,0,1297
01/15/2023,LAS,NV,AWP,WE,Towers with Radar,1122,132,89,1,1344,0,260,4,0,264,1122,392,93,1,1608,0,0,0,1608
01/16/2023,LAS,NV,AWP,WE,Towers with Radar,1150,119,115,2,1386,0,71,2,0,73,1150,190,117,2,1459,0,0,0,1459
01/17/2023,LAS,NV,AWP,WE,Towers with Radar,1004,112,102,34,1252,0,158,1,3,162,1004,270,103,37,1414,0,0,0,1414
01/18/2023,LAS,NV,AWP,WE,Towers with Radar,1006,115,117,37,1275,0,203,5,1,209,1006,318,122,38,1484,0,0,0,1484
01/19/2023,LAS,NV,AWP,WE,Towers with Radar,1156,162,134,41,1493,0,181,2,2,185,1156,343,136,43,1678,0,0,0,1678
01/20/2023,LAS,NV,AWP,WE,Towers with Radar,1180,154,157,33,1524,0,261,2,1,264,1180,415,159,34,1788,0,0,0,1788
01/21/2023,LAS,NV,AWP,WE,Towers with Radar,909,115,72,1,1097,0,338,6,0,344,909,453,78,1,1441,0,0,0,1441
01/22/2023,LAS,NV,AWP,WE,Towers with Radar,1136,166,137,1,1440,0,216,4,1,221,1136,382,141,2,1661,0,0,0,1661
01/23/2023,LAS,NV,AWP,WE,Towers with Radar,1162,110,83,18,1373,0,206,5,0,211,1162,316,88,18,1584,0,0,0,1584
01/24/2023,LAS,NV,AWP,WE,Towers with Radar,1003,78,89,43,1213,0,195,1,3,199,1003,273,90,46,1412,0,0,0,1412
01/25/2023,LAS,NV,AWP,WE,Towers with Radar,1012,88,95,37,1232,0,190,7,1,198,1012,278,102,38,1430,0,0,0,1430
01/26/2023,LAS,NV,AWP,WE,Towers with Radar,1170,146,100,42,1458,0,184,2,3,189,1170,330,102,45,1647,0,0,0,1647
01/27/2023,LAS,NV,AWP,WE,Towers with Radar,1165,138,121,37,1461,0,236,2,4,242,1165,374,123,41,1703,0,0,0,1703
01/28/2023,LAS,NV,AWP,WE,Towers with Radar,899,100,69,0,1068,0,318,3,0,321,899,418,72,0,1389,0,0,0,1389
01/29/2023,LAS,NV,AWP,WE,Towers with Radar,1116,154,131,2,1403,0,224,8,0,232,1116,378,139,2,1635,0,0,0,1635
01/30/2023,LAS,NV,AWP,WE,Towers with Radar,1003,132,174,30,1339,0,84,1,0,85,1003,216,175,30,1424,0,0,0,1424
01/31/2023,LAS,NV,AWP,WE,Towers with Radar,977,136,135,41,1289,0,164,3,3,170,977,300,138,44,1459,0,0,0,1459
02/01/2023,LAS,NV,AWP,WE,Towers with Radar,952,139,137,42,1270,0,141,8,3,152,952,280,145,45,1422,0,0,0,1422
02/02/2023,LAS,NV,AWP,WE,Towers with Radar,1149,178,200,43,1570,0,213,5,1,219,1149,391,205,44,1789,0,0,0,1789
02/03/2023,LAS,NV,AWP,WE,Towers with Radar,1149,178,113,38,1478,0,282,6,8,296,1149,460,119,46,1774,0,0,0,1774
02/04/2023,LAS,NV,AWP,WE,Towers with Radar,904,113,58,3,1078,0,347,3,0,350,904,460,61,3,1428,0,0,0,1428
02/05/2023,LAS,NV,AWP,WE,Towers with Radar,1119,163,130,2,1414,0,231,5,3,239,1119,394,135,5,1653,0,0,0,1653
02/06/2023,LAS,NV,AWP,WE,Towers with Radar,1179,117,81,37,1414,0,174,3,3,180,1179,291,84,40,1594,0,0,0,1594
02/07/2023,LAS,NV,AWP,WE,Towers with Radar,1007,101,62,41,1211,0,208,9,0,217,1007,309,71,41,1428,0,0,0,1428
02/08/2023,LAS,NV,AWP,WE,Towers with Radar,1018,103,86,38,1245,0,196,12,2,210,1018,299,98,40,1455,0,0,0,1455
02/09/2023,LAS,NV,AWP,WE,Towers with Radar,1144,153,112,41,1450,0,215,7,1,223,1144,368,119,42,1673,0,0,0,1673
02/10/2023,LAS,NV,AWP,WE,Towers with Radar,1174,223,134,33,1564,0,272,13,1,286,1174,495,147,34,1850,0,0,0,1850
02/11/2023,LAS,NV,AWP,WE,Towers with Radar,921,133,94,0,1148,0,379,2,0,381,921,512,96,0,1529,0,0,0,1529
02/12/2023,LAS,NV,AWP,WE,Towers with Radar,1129,181,112,1,1423,0,223,3,1,227,1129,404,115,2,1650,0,0,0,1650
02/13/2023,LAS,NV,AWP,WE,Towers with Radar,1138,215,176,25,1554,0,288,6,1,295,1138,503,182,26,1849,0,0,0,1849
02/14/2023,LAS,NV,AWP,WE,Towers with Radar,934,87,57,38,1116,0,285,6,1,292,934,372,63,39,1408,0,0,0,1408
02/15/2023,LAS,NV,AWP,WE,Towers with Radar,1027,124,82,38,1271,0,257,4,4,265,1027,381,86,42,1536,0,0,0,1536
02/16/2023,LAS,NV,AWP,WE,Towers with Radar,1162,152,117,44,1475,0,251,5,3,259,1162,403,122,47,1734,0,0,0,1734
02/17/2023,LAS,NV,AWP,WE,Towers with Radar,1151,153,110,27,1441,0,288,7,6,301,1151,441,117,33,1742,0,0,0,1742
02/18/2023,LAS,NV,AWP,WE,Towers with Radar,909,105,83,0,1097,0,384,12,2,398,909,489,95,2,1495,0,0,0,1495
02/19/2023,LAS,NV,AWP,WE,Towers with Radar,1113,147,107,1,1368,0,333,7,4,344,1113,480,114,5,1712,0,0,0,1712
02/20/2023,LAS,NV,AWP,WE,Towers with Radar,1157,124,90,6,1377,0,294,9,5,308,1157,418,99,11,1685,0,0,0,1685
02/21/2023,LAS,NV,AWP,WE,Towers with Radar,1020,93,65,31,1209,0,89,2,0,91,1020,182,67,31,1300,0,0,0,1300
02/22/2023,LAS,NV,AWP,WE,Towers with Radar,1048,106,84,38,1276,0,200,2,1,203,1048,306,86,39,1479,0,0,0,1479
02/23/2023,LAS,NV,AWP,WE,Towers with Radar,1124,149,95,31,1399,0,171,2,1,174,1124,320,97,32,1573,0,0,0,1573
02/24/2023,LAS,NV,AWP,WE,Towers with Radar,1160,152,95,12,1419,0,283,2,8,293,1160,435,97,20,1712,0,0,0,1712
02/25/2023,LAS,NV,AWP,WE,Towers with Radar,918,94,82,0,1094,0,100,0,0,100,918,194,82,0,1194,0,0,0,1194
02/26/2023,LAS,NV,AWP,WE,Towers with Radar,1150,152,148,0,1450,0,244,5,0,249,1150,396,153,0,1699,0,0,0,1699
02/27/2023,LAS,NV,AWP,WE,Towers with Radar,1159,116,80,34,1389,0,226,0,1,227,1159,342,80,35,1616,0,0,0,1616
02/28/2023,LAS,NV,AWP,WE,Towers with Radar,1028,111,93,41,1273,1,217,3,0,221,1029,328,96,41,1494,0,0,0,1494
03/01/2023,LAS,NV,AWP,WE,Towers with Radar,1079,118,108,20,1325,0,65,1,0,66,1079,183,109,20,1391,0,0,0,1391
03/02/2023,LAS,NV,AWP,WE,Towers with Radar,1161,162,118,42,1483,0,224,5,2,231,1161,386,123,44,1714,0,0,0,1714
03/03/2023,LAS,NV,AWP,WE,Towers with Radar,1145,197,165,39,1546,0,324,18,2,344,1145,521,183,41,1890,0,0,0,1890
03/04/2023,LAS,NV,AWP,WE,Towers with Radar,916,165,101,2,1184,0,318,7,4,329,916,483,108,6,1513,0,0,0,1513
03/05/2023,LAS,NV,AWP,WE,Towers with Radar,1126,210,202,0,1538,0,339,1,0,340,1126,549,203,0,1878,0,0,0,1878
03/06/2023,LAS,NV,AWP,WE,Towers with Radar,1172,149,103,28,1452,0,240,0,4,244,1172,389,103,32,1696,0,0,0,1696
03/07/2023,LAS,NV,AWP,WE,Towers with Radar,1035,122,77,47,1281,0,236,5,2,243,1035,358,82,49,1524,0,0,0,1524
03/08/2023,LAS,NV,AWP,WE,Towers with Radar,1036,117,109,39,1301,0,202,11,1,214,1036,319,120,40,1515,0,0,0,1515
03/09/2023,LAS,NV,AWP,WE,Towers with Radar,1153,180,122,43,1498,0,225,6,5,236,1153,405,128,48,1734,0,0,0,1734
03/10/2023,LAS,NV,AWP,WE,Towers with Radar,1172,178,120,37,1507,0,265,5,0,270,1172,443,125,37,1777,0,0,0,1777
03/11/2023,LAS,NV,AWP,WE,Towers with Radar,924,148,85,3,1160,0,337,8,0,345,924,485,93,3,1505,0,0,0,1505
03/12/2023,LAS,NV,AWP,WE,Towers with Radar,1163,183,145,2,1493,0,319,1,1,321,1163,502,146,3,1814,0,0,0,1814
03/13/2023,LAS,NV,AWP,WE,Towers with Radar,1184,152,144,34,1514,0,318,5,1,324,1184,470,149,35,1838,0,0,0,1838
03/14/2023,LAS,NV,AWP,WE,Towers with Radar,991,119,132,42,1284,0,112,3,2,117,991,231,135,44,1401,0,0,0,1401
03/15/2023,LAS,NV,AWP,WE,Towers with Radar,1038,109,97,42,1286,0,166,1,0,167,1038,275,98,42,1453,0,0,0,1453
03/16/2023,LAS,NV,AWP,WE,Towers with Radar,1204,242,192,40,1678,0,271,2,1,274,1204,513,194,41,1952,0,0,0,1952
03/17/2023,LAS,NV,AWP,WE,Towers with Radar,1205,200,186,32,1623,0,317,3,0,320,1205,517,189,32,1943,0,0,0,1943
03/18/2023,LAS,NV,AWP,WE,Towers with Radar,943,173,142,0,1258,0,379,3,0,382,943,552,145,0,1640,0,0,0,1640
03/19/2023,LAS,NV,AWP,WE,Towers with Radar,1166,206,179,0,1551,0,355,5,2,362,1166,561,184,2,1913,0,0,0,1913
03/20/2023,LAS,NV,AWP,WE,Towers with Radar,1189,147,98,35,1469,0,339,4,1,344,1189,486,102,36,1813,0,0,0,1813
03/21/2023,LAS,NV,AWP,WE,Towers with Radar,933,99,78,31,1141,0,120,0,0,120,933,219,78,31,1261,0,0,0,1261
03/22/2023,LAS,NV,AWP,WE,Towers with Radar,1090,122,100,32,1344,0,283,3,5,291,1090,405,103,37,1635,0,0,0,1635
03/23/2023,LAS,NV,AWP,WE,Towers with Radar,1195,225,162,38,1620,0,294,3,6,303,1195,519,165,44,1923,0,0,0,1923
03/24/2023,LAS,NV,AWP,WE,Towers with Radar,1194,232,186,35,1647,0,284,8,2,294,1194,516,194,37,1941,0,0,0,1941
03/25/2023,LAS,NV,AWP,WE,Towers with Radar,939,178,133,1,1251,0,304,5,1,310,939,482,138,2,1561,0,0,0,1561
03/26/2023,LAS,NV,AWP,WE,Towers with Radar,1157,263,202,1,1623,0,297,7,1,305,1157,560,209,2,1928,0,0,0,1928
03/27/2023,LAS,NV,AWP,WE,Towers with Radar,1196,136,102,37,1471,0,293,0,1,294,1196,429,102,38,1765,0,0,0,1765
03/28/2023,LAS,NV,AWP,WE,Towers with Radar,1043,103,94,42,1282,0,278,3,3,284,1043,381,97,45,1566,0,0,0,1566
03/29/2023,LAS,NV,AWP,WE,Towers with Radar,1039,101,86,43,1269,0,204,3,2,209,1039,305,89,45,1478,0,0,0,1478
03/30/2023,LAS,NV,AWP,WE,Towers with Radar,1222,138,118,44,1522,0,260,3,2,265,1222,398,121,46,1787,0,0,0,1787
03/31/2023,LAS,NV,AWP,WE,Towers with Radar,1178,153,101,39,1471,0,300,5,3,308,1178,453,106,42,1779,0,0,0,1779
04/01/2023,LAS,NV,AWP,WE,Towers with Radar,930,106,87,2,1125,0,349,5,4,358,930,455,92,6,1483,0,0,0,1483
04/02/2023,LAS,NV,AWP,WE,Towers with Radar,1151,147,111,5,1414,0,301,4,1,306,1151,448,115,6,1720,0,0,0,1720
04/03/2023,LAS,NV,AWP,WE,Towers with Radar,1208,129,75,24,1436,0,212,2,0,214,1208,341,77,24,1650,0,0,0,1650
04/04/2023,LAS,NV,AWP,WE,Towers with Radar,1055,89,69,41,1254,0,339,5,1,345,1055,428,74,42,1599,0,0,0,1599
04/05/2023,LAS,NV,AWP,WE,Towers with Radar,1058,102,70,37,1267,0,324,3,4,331,1058,426,73,41,1598,0,0,0,1598
04/06/2023,LAS,NV,AWP,WE,Towers with Radar,1219,133,80,45,1477,0,336,3,3,342,1219,469,83,48,1819,0,0,0,1819
04/07/2023,LAS,NV,AWP,WE,Towers with Radar,1238,127,69,37,1471,0,347,6,1,354,1238,474,75,38,1825,0,0,0,1825
04/08/2023,LAS,NV,AWP,WE,Towers with Radar,953,113,48,3,1117,0,377,5,1,383,953,490,53,4,1500,0,0,0,1500
04/09/2023,LAS,NV,AWP,WE,Towers with Radar,1194,132,73,1,1400,0,338,8,1,347,1194,470,81,2,1747,0,0,0,1747
04/10/2023,LAS,NV,AWP,WE,Towers with Radar,1205,104,77,31,1417,0,242,0,2,244,1205,346,77,33,1661,0,0,0,1661
04/11/2023,LAS,NV,AWP,WE,Towers with Radar,1129,103,68,43,1343,0,259,4,3,266,1129,362,72,46,1609,0,0,0,1609
04/12/2023,LAS,NV,AWP,WE,Towers with Radar,1094,108,73,37,1312,0,300,7,1,308,1094,408,80,38,1620,0,0,0,1620
04/13/2023,LAS,NV,AWP,WE,Towers with Radar,1217,143,90,39,1489,0,324,6,1,331,1217,467,96,40,1820,0,0,0,1820
04/14/2023,LAS,NV,AWP,WE,Towers with Radar,1212,149,144,36,1541,0,301,6,11,318,1212,450,150,47,1859,0,0,0,1859
04/15/2023,LAS,NV,AWP,WE,Towers with Radar,949,101,69,1,1120,0,344,7,0,351,949,445,76,1,1471,0,0,0,1471
04/16/2023,LAS,NV,AWP,WE,Towers with Radar,1180,138,117,1,1436,0,292,6,1,299,1180,430,123,2,1735,0,0,0,1735
04/17/2023,LAS,NV,AWP,WE,Towers with Radar,1235,139,94,34,1502,0,237,3,2,242,1235,376,97,36,1744,0,0,0,1744
04/18/2023,LAS,NV,AWP,WE,Towers with Radar,1114,101,66,42,1323,0,203,2,1,206,1114,304,68,43,1529,0,0,0,1529
04/19/2023,LAS,NV,AWP,WE,Towers with Radar,1084,84,102,38,1308,0,260,4,2,266,1084,344,106,40,1574,0,0,0,1574
04/20/2023,LAS,NV,AWP,WE,Towers with Radar,1051,125,95,40,1311,0,273,2,6,281,1051,398,97,46,1592,0,0,0,1592
04/21/2023,LAS,NV,AWP,WE,Towers with Radar,1231,161,133,36,1561,0,327,6,2,335,1231,488,139,38,1896,0,0,0,1896
04/22/2023,LAS,NV,AWP,WE,Towers with Radar,942,118,77,1,1138,0,300,3,0,303,942,418,80,1,1441,0,0,0,1441
04/23/2023,LAS,NV,AWP,WE,Towers with Radar,1189,197,141,2,1529,0,288,41,2,331,1189,485,182,4,1860,0,0,0,1860
04/24/2023,LAS,NV,AWP,WE,Towers with Radar,1237,118,87,36,1478,0,247,6,4,257,1237,365,93,40,1735,0,0,0,1735
04/25/2023,LAS,NV,AWP,WE,Towers with Radar,1035,79,61,37,1212,0,254,3,3,260,1035,333,64,40,1472,0,0,0,1472
04/26/2023,LAS,NV,AWP,WE,Towers with Radar,1107,104,103,39,1353,0,276,2,1,279,1107,380,105,40,1632,0,0,0,1632
04/27/2023,LAS,NV,AWP,WE,Towers with Radar,1227,158,103,43,1531,0,275,8,1,284,1227,433,111,44,1815,0,0,0,1815
04/28/2023,LAS,NV,AWP,WE,Towers with Radar,1104,129,66,32,1331,0,258,2,3,263,1104,387,68,35,1594,0,0,0,1594
04/29/2023,LAS,NV,AWP,WE,Towers with Radar,1002,107,71,2,1182,0,328,6,1,335,1002,435,77,3,1517,0,0,0,1517
04/30/2023,LAS,NV,AWP,WE,Towers with Radar,1176,148,110,3,1437,0,260,2,1,263,1176,408,112,4,1700,0,0,0,1700
05/01/2023,LAS,NV,AWP,WE,Towers with Radar,1193,115,63,35,1406,0,244,11,2,257,1193,359,74,37,1663,0,0,0,1663
05/02/2023,LAS,NV,AWP,WE,Towers with Radar,1156,89,91,42,1378,0,254,4,1,259,1156,343,95,43,1637,0,0,0,1637
05/03/2023,LAS,NV,AWP,WE,Towers with Radar,1097,109,89,37,1332,0,263,2,3,268,1097,372,91,40,1600,0,0,0,1600
05/04/2023,LAS,NV,AWP,WE,Towers with Radar,1205,133,102,30,1470,0,250,0,3,253,1205,383,102,33,1723,0,0,0,1723
05/05/2023,LAS,NV,AWP,WE,Towers with Radar,1232,146,118,39,1535,0,301,2,4,307,1232,447,120,43,1842,0,0,0,1842
05/06/2023,LAS,NV,AWP,WE,Towers with Radar,967,101,70,0,1138,1,293,4,6,304,968,394,74,6,1442,0,0,0,1442
05/07/2023,LAS,NV,AWP,WE,Towers with Radar,1189,174,131,2,1496,0,308,3,3,314,1189,482,134,5,1810,0,0,0,1810
05/08/2023,LAS,NV,AWP,WE,Towers with Radar,1226,129,107,34,1496,0,282,9,3,294,1226,411,116,37,1790,0,0,0,1790
05/09/2023,LAS,NV,AWP,WE,Towers with Radar,1111,112,104,46,1373,0,302,1,1,304,1111,414,105,47,1677,0,0,0,1677
05/10/2023,LAS,NV,AWP,WE,Towers with Radar,1075,120,112,40,1347,0,294,1,1,296,1075,414,113,41,1643,0,0,0,1643
05/11/2023,LAS,NV,AWP,WE,Towers with Radar,1211,134,95,40,1480,0,294,0,2,296,1211,428,95,42,1776,0,0,0,1776
05/12/2023,LAS,NV,AWP,WE,Towers with Radar,1051,132,83,34,1300,0,312,2,1,315,1051,444,85,35,1615,0,0,0,1615
05/13/2023,LAS,NV,AWP,WE,Towers with Radar,1031,112,44,0,1187,0,325,3,0,328,1031,437,47,0,1515,0,0,0,1515
05/14/2023,LAS,NV,AWP,WE,Towers with Radar,1178,144,79,2,1403,0,316,5,1,322,1178,460,84,3,1725,0,0,0,1725
05/15/2023,LAS,NV,AWP,WE,Towers with Radar,1207,114,70,32,1423,0,287,10,1,298,1207,401,80,33,1721,0,0,0,1721
05/16/2023,LAS,NV,AWP,WE,Towers with Radar,1094,110,52,44,1300,0,321,2,2,325,1094,431,54,46,1625,0,0,0,1625
05/17/2023,LAS,NV,AWP,WE,Towers with Radar,1083,107,89,40,1319,0,308,12,2,322,1083,415,101,42,1641,0,0,0,1641
05/18/2023,LAS,NV,AWP,WE,Towers with Radar,1122,166,106,41,1435,0,324,7,1,332,1122,490,113,42,1767,0,0,0,1767
05/19/2023,LAS,NV,AWP,WE,Towers with Radar,1196,164,126,35,1521,0,541,12,0,553,1196,705,138,35,2074,0,0,0,2074
05/20/2023,LAS,NV,AWP,WE,Towers with Radar,982,137,106,8,1233,0,868,24,14,906,982,1005,130,22,2139,0,0,0,2139
05/21/2023,LAS,NV,AWP,WE,Towers with Radar,1173,216,160,1,1550,0,897,26,1,924,1173,1113,186,2,2474,0,0,0,2474
05/22/2023,LAS,NV,AWP,WE,Towers with Radar,1205,140,114,36,1495,0,488,9,3,500,1205,628,123,39,1995,0,0,0,1995
05/23/2023,LAS,NV,AWP,WE,Towers with Radar,1128,135,140,42,1445,0,278,3,4,285,1128,413,143,46,1730,0,0,0,1730
05/24/2023,LAS,NV,AWP,WE,Towers with Radar,1075,128,110,39,1352,0,300,2,3,305,1075,428,112,42,1657,0,0,0,1657
05/25/2023,LAS,NV,AWP,WE,Towers with Radar,1222,148,99,35,1504,0,320,9,1,330,1222,468,108,36,1834,0,0,0,1834
05/26/2023,LAS,NV,AWP,WE,Towers with Radar,1212,176,90,20,1498,0,318,7,0,325,1212,494,97,20,1823,0,0,0,1823
05/27/2023,LAS,NV,AWP,WE,Towers with Radar,959,131,83,0,1173,0,330,2,0,332,959,461,85,0,1505,0,0,0,1505
05/28/2023,LAS,NV,AWP,WE,Towers with Radar,1145,151,66,0,1362,0,339,4,0,343,1145,490,70,0,1705,0,0,0,1705
05/29/2023,LAS,NV,AWP,WE,Towers with Radar,1192,148,76,2,1418,0,319,2,2,323,1192,467,78,4,1741,0,0,0,1741
05/30/2023,LAS,NV,AWP,WE,Towers with Radar,1100,88,54,35,1277,0,336,0,1,337,1100,424,54,36,1614,0,0,0,1614
05/31/2023,LAS,NV,AWP,WE,Towers with Radar,1096,99,55,43,1293,0,305,4,4,313,1096,404,59,47,1606,0,0,0,1606
06/01/2023,LAS,NV,AWP,WE,Towers with Radar,1192,135,98,38,1463,0,270,12,1,283,1192,405,110,39,1746,0,0,0,1746
06/02/2023,LAS,NV,AWP,WE,Towers with Radar,1218,149,97,34,1498,0,272,5,1,278,1218,421,102,35,1776,0,0,0,1776
06/03/2023,LAS,NV,AWP,WE,Towers with Radar,964,129,82,1,1176,0,290,4,0,294,964,419,86,1,1470,0,0,0,1470
06/04/2023,LAS,NV,AWP,WE,Towers with Radar,1174,163,112,5,1454,0,252,14,1,267,1174,415,126,6,1721,0,0,0,1721
06/05/2023,LAS,NV,AWP,WE,Towers with Radar,1201,127,85,34,1447,0,194,1,1,196,1201,321,86,35,1643,0,0,0,1643
06/06/2023,LAS,NV,AWP,WE,Towers with Radar,1117,79,71,43,1310,0,272,5,2,279,1117,351,76,45,1589,0,0,0,1589
06/07/2023,LAS,NV,AWP,WE,Towers with Radar,1079,114,79,29,1301,0,297,2,0,299,1079,411,81,29,1600,0,0,0,1600
06/08/2023,LAS,NV,AWP,WE,Towers with Radar,1200,143,77,41,1461,0,287,5,1,293,1200,430,82,42,1754,0,0,0,1754
06/09/2023,LAS,NV,AWP,WE,Towers with Radar,1216,127,109,36,1488,0,285,6,3,294,1216,412,115,39,1782,0,0,0,1782
06/10/2023,LAS,NV,AWP,WE,Towers with Radar,912,97,80,1,1090,0,285,2,0,287,912,382,82,1,1377,0,0,0,1377
06/11/2023,LAS,NV,AWP,WE,Towers with Radar,1176,142,109,3,1430,0,252,6,1,259,1176,394,115,4,1689,0,0,0,1689
06/12/2023,LAS,NV,AWP,WE,Towers with Radar,1188,123,84,31,1426,0,247,1,2,250,1188,370,85,33,1676,0,0,0,1676
06/13/2023,LAS,NV,AWP,WE,Towers with Radar,1082,128,96,42,1348,0,261,0,2,263,1082,389,96,44,1611,0,0,0,1611
06/14/2023,LAS,NV,AWP,WE,Towers with Radar,1061,118,99,39,1317,0,272,3,4,279,1061,390,102,43,1596,0,0,0,1596
06/15/2023,LAS,NV,AWP,WE,Towers with Radar,1198,144,93,41,1476,0,271,6,7,284,1198,415,99,48,1760,0,0,0,1760
06/16/2023,LAS,NV,AWP,WE,Towers with Radar,1198,160,95,29,1482,0,297,6,0,303,1198,457,101,29,1785,0,0,0,1785
06/17/2023,LAS,NV,AWP,WE,Towers with Radar,912,102,63,1,1078,0,314,35,0,349,912,416,98,1,1427,0,0,0,1427
06/18/2023,LAS,NV,AWP,WE,Towers with Radar,1147,154,83,1,1385,0,307,3,0,310,1147,461,86,1,1695,0,0,0,1695
06/19/2023,LAS,NV,AWP,WE,Towers with Radar,1195,136,70,4,1405,0,226,5,3,234,1195,362,75,7,1639,0,0,0,1639
06/20/2023,LAS,NV,AWP,WE,Towers with Radar,1060,103,71,34,1268,0,271,5,2,278,1060,374,76,36,1546,0,0,0,1546
06/21/2023,LAS,NV,AWP,WE,Towers with Radar,1047,115,70,39,1271,0,309,6,1,316,1047,424,76,40,1587,0,0,0,1587
06/22/2023,LAS,NV,AWP,WE,Towers with Radar,1195,133,76,40,1444,0,311,50,2,363,1195,444,126,42,1807,0,0,0,1807
06/23/2023,LAS,NV,AWP,WE,Towers with Radar,1194,156,107,34,1491,0,296,12,3,311,1194,452,119,37,1802,0,0,0,1802
06/24/2023,LAS,NV,AWP,WE,Towers with Radar,918,118,64,0,1100,0,302,10,0,312,918,420,74,0,1412,0,0,0,1412
06/25/2023,LAS,NV,AWP,WE,Towers with Radar,1143,132,128,1,1404,0,306,17,1,324,1143,438,145,2,1728,0,0,0,1728
06/26/2023,LAS,NV,AWP,WE,Towers with Radar,1162,111,65,31,1369,0,256,29,3,288,1162,367,94,34,1657,0,0,0,1657
06/27/2023,LAS,NV,AWP,WE,Towers with Radar,1029,98,69,41,1237,1,243,9,2,255,1030,341,78,43,1492,0,0,0,1492
06/28/2023,LAS,NV,AWP,WE,Towers with Radar,1059,104,83,41,1287,0,272,13,2,287,1059,376,96,43,1574,0,0,0,1574
06/29/2023,LAS,NV,AWP,WE,Towers with Radar,1185,130,93,42,1450,0,263,5,1,269,1185,393,98,43,1719,0,0,0,1719
06/30/2023,LAS,NV,AWP,WE,Towers with Radar,1199,125,97,34,1455,0,308,3,1,312,1199,433,100,35,1767,0,0,0,1767
07/01/2023,LAS,NV,AWP,WE,Towers with Radar,935,117,67,1,1120,0,306,1,0,307,935,423,68,1,1427,0,0,0,1427
07/02/2023,LAS,NV,AWP,WE,Towers with Radar,1151,130,85,0,1366,0,348,4,0,352,1151,478,89,0,1718,0,0,0,1718
07/03/2023,LAS,NV,AWP,WE,Towers with Radar,1143,95,52,2,1292,0,338,3,2,343,1143,433,55,4,1635,0,0,0,1635
07/04/2023,LAS,NV,AWP,WE,Towers with Radar,960,77,40,1,1078,0,342,2,1,345,960,419,42,2,1423,0,0,0,1423
07/05/2023,LAS,NV,AWP,WE,Towers with Radar,1030,98,73,41,1242,0,332,3,48,383,1030,430,76,89,1625,0,0,0,1625
07/06/2023,LAS,NV,AWP,WE,Towers with Radar,1210,120,83,40,1453,0,324,4,2,330,1210,444,87,42,1783,0,0,0,1783
07/07/2023,LAS,NV,AWP,WE,Towers with Radar,1180,165,113,36,1494,0,317,27,3,347,1180,482,140,39,1841,0,0,0,1841
07/08/2023,LAS,NV,AWP,WE,Towers with Radar,946,137,84,1,1168,0,288,3,0,291,946,425,87,1,1459,0,0,0,1459
07/09/2023,LAS,NV,AWP,WE,Towers with Radar,1166,187,124,1,1478,0,293,2,1,296,1166,480,126,2,1774,0,0,0,1774
07/10/2023,LAS,NV,AWP,WE,Towers with Radar,1173,138,126,30,1467,0,283,4,0,287,1173,421,130,30,1754,0,0,0,1754
07/11/2023,LAS,NV,AWP,WE,Towers with Radar,1061,120,101,41,1323,0,313,3,1,317,1061,433,104,42,1640,0,0,0,1640
07/12/2023,LAS,NV,AWP,WE,Towers with Radar,1067,131,93,37,1328,0,296,3,1,300,1067,427,96,38,1628,0,0,0,1628
07/13/2023,LAS,NV,AWP,WE,Towers with Radar,1196,164,89,43,1492,0,303,0,5,308,1196,467,89,48,1800,0,0,0,1800
07/14/2023,LAS,NV,AWP,WE,Towers with Radar,1182,155,85,36,1458,0,301,8,1,310,1182,456,93,37,1768,0,0,0,1768
07/15/2023,LAS,NV,AWP,WE,Towers with Radar,955,117,58,4,1134,0,286,0,0,286,955,403,58,4,1420,0,0,0,1420
07/16/2023,LAS,NV,AWP,WE,Towers with Radar,1131,141,104,1,1377,0,260,5,1,266,1131,401,109,2,1643,0,0,0,1643
07/17/2023,LAS,NV,AWP,WE,Towers with Radar,1194,115,82,31,1422,0,267,10,5,282,1194,382,92,36,1704,0,0,0,1704
07/18/2023,LAS,NV,AWP,WE,Towers with Radar,1077,99,66,41,1283,0,250,8,2,260,1077,349,74,43,1543,0,0,0,1543
07/19/2023,LAS,NV,AWP,WE,Towers with Radar,1082,105,76,39,1302,0,250,5,2,257,1082,355,81,41,1559,0,0,0,1559
07/20/2023,LAS,NV,AWP,WE,Towers with Radar,1180,151,88,42,1461,0,293,0,3,296,1180,444,88,45,1757,0,0,0,1757
07/21/2023,LAS,NV,AWP,WE,Towers with Radar,1188,137,98,34,1457,0,285,1,3,289,1188,422,99,37,1746,0,0,0,1746
07/22/2023,LAS,NV,AWP,WE,Towers with Radar,995,76,35,0,1106,0,293,1,0,294,995,369,36,0,1400,0,0,0,1400
07/23/2023,LAS,NV,AWP,WE,Towers with Radar,1152,124,91,0,1367,0,296,1,0,297,1152,420,92,0,1664,0,0,0,1664
07/24/2023,LAS,NV,AWP,WE,Towers with Radar,1219,113,67,34,1433,0,288,10,1,299,1219,401,77,35,1732,0,0,0,1732
07/25/2023,LAS,NV,AWP,WE,Towers with Radar,1051,93,68,42,1254,0,287,3,2,292,1051,380,71,44,1546,0,0,0,1546
07/26/2023,LAS,NV,AWP,WE,Towers with Radar,1061,95,62,39,1257,0,278,5,8,291,1061,373,67,47,1548,0,0,0,1548
07/27/2023,LAS,NV,AWP,WE,Towers with Radar,1195,137,91,42,1465,0,345,2,2,349,1195,482,93,44,1814,0,0,0,1814
07/28/2023,LAS,NV,AWP,WE,Towers with Radar,1183,152,103,35,1473,0,317,4,2,323,1183,469,107,37,1796,0,0,0,1796
07/29/2023,LAS,NV,AWP,WE,Towers with Radar,966,119,87,3,1175,0,318,9,0,327,966,437,96,3,1502,0,0,0,1502
07/30/2023,LAS,NV,AWP,WE,Towers with Radar,1133,177,109,1,1420,0,260,7,0,267,1133,437,116,1,1687,0,0,0,1687
07/31/2023,LAS,NV,AWP,WE,Towers with Radar,1082,127,75,34,1318,0,252,2,1,255,1082,379,77,35,1573,0,0,0,1573
08/01/2023,LAS,NV,AWP,WE,Towers with Radar,1103,116,62,42,1323,0,246,4,1,251,1103,362,66,43,1574,0,0,0,1574
08/02/2023,LAS,NV,AWP,WE,Towers with Radar,1062,90,58,43,1253,0,295,1,0,296,1062,385,59,43,1549,0,0,0,1549
08/03/2023,LAS,NV,AWP,WE,Towers with Radar,1196,137,76,38,1447,0,308,23,1,332,1196,445,99,39,1779,0,0,0,1779
08/04/2023,LAS,NV,AWP,WE,Towers with Radar,1197,140,69,34,1440,0,321,7,2,330,1197,461,76,36,1770,0,0,0,1770
08/05/2023,LAS,NV,AWP,WE,Towers with Radar,952,94,78,1,1125,0,334,1,0,335,952,428,79,1,1460,0,0,0,1460
08/06/2023,LAS,NV,AWP,WE,Towers with Radar,1120,147,109,3,1379,0,294,4,0,298,1120,441,113,3,1677,0,0,0,1677
08/07/2023,LAS,NV,AWP,WE,Towers with Radar,1161,127,78,31,1397,0,297,5,2,304,1161,424,83,33,1701,0,0,0,1701
08/08/2023,LAS,NV,AWP,WE,Towers with Radar,1083,72,71,42,1268,0,303,6,3,312,1083,375,77,45,1580,0,0,0,1580
08/09/2023,LAS,NV,AWP,WE,Towers with Radar,1064,116,67,37,1284,0,267,0,2,269,1064,383,67,39,1553,0,0,0,1553
08/10/2023,LAS,NV,AWP,WE,Towers with Radar,1211,121,83,38,1453,0,289,3,1,293,1211,410,86,39,1746,0,0,0,1746
08/11/2023,LAS,NV,AWP,WE,Towers with Radar,1197,144,78,29,1448,0,306,8,2,316,1197,450,86,31,1764,0,0,0,1764
08/12/2023,LAS,NV,AWP,WE,Towers with Radar,972,105,65,4,1146,0,346,8,1,355,972,451,73,5,1501,0,0,0,1501
08/13/2023,LAS,NV,AWP,WE,Towers with Radar,1159,137,123,1,1420,0,355,3,0,358,1159,492,126,1,1778,0,0,0,1778
08/14/2023,LAS,NV,AWP,WE,Towers with Radar,1184,139,78,36,1437,0,277,4,1,282,1184,416,82,37,1719,0,0,0,1719
08/15/2023,LAS,NV,AWP,WE,Towers with Radar,1098,105,86,48,1337,0,307,2,1,310,1098,412,88,49,1647,0,0,0,1647
08/16/2023,LAS,NV,AWP,WE,Towers with Radar,1058,75,93,43,1269,0,291,3,8,302,1058,366,96,51,1571,0,0,0,1571
08/17/2023,LAS,NV,AWP,WE,Towers with Radar,1192,149,92,43,1476,0,301,4,5,310,1192,450,96,48,1786,0,0,0,1786
08/18/2023,LAS,NV,AWP,WE,Towers with Radar,1052,129,85,35,1301,0,238,3,0,241,1052,367,88,35,1542,0,0,0,1542
08/19/2023,LAS,NV,AWP,WE,Towers with Radar,945,119,86,1,1151,0,222,3,0,225,945,341,89,1,1376,0,0,0,1376
08/20/2023,LAS,NV,AWP,WE,Towers with Radar,861,113,98,0,1072,0,76,1,0,77,861,189,99,0,1149,0,0,0,1149
08/21/2023,LAS,NV,AWP,WE,Towers with Radar,1147,105,87,25,1364,0,222,0,0,222,1147,327,87,25,1586,0,0,0,1586
08/22/2023,LAS,NV,AWP,WE,Towers with Radar,1072,119,79,28,1298,0,302,7,1,310,1072,421,86,29,1608,0,0,0,1608
08/23/2023,LAS,NV,AWP,WE,Towers with Radar,1054,107,94,42,1297,0,269,10,2,281,1054,376,104,44,1578,0,0,0,1578
08/24/2023,LAS,NV,AWP,WE,Towers with Radar,1200,134,91,44,1469,0,276,9,4,289,1200,410,100,48,1758,0,0,0,1758
08/25/2023,LAS,NV,AWP,WE,Towers with Radar,1207,160,99,37,1503,0,262,7,1,270,1207,422,106,38,1773,0,0,0,1773
08/26/2023,LAS,NV,AWP,WE,Towers with Radar,943,110,60,4,1117,0,306,5,0,311,943,416,65,4,1428,0,0,0,1428
08/27/2023,LAS,NV,AWP,WE,Towers with Radar,1195,175,117,4,1491,0,281,7,0,288,1195,456,124,4,1779,0,0,0,1779
08/28/2023,LAS,NV,AWP,WE,Towers with Radar,1158,104,66,34,1362,0,258,1,2,261,1158,362,67,36,1623,0,0,0,1623
08/29/2023,LAS,NV,AWP,WE,Towers with Radar,1059,70,54,41,1224,0,226,34,2,262,1059,296,88,43,1486,0,0,0,1486
08/30/2023,LAS,NV,AWP,WE,Towers with Radar,1057,106,70,41,1274,0,210,24,4,238,1057,316,94,45,1512,0,0,0,1512
08/31/2023,LAS,NV,AWP,WE,Towers with Radar,1183,176,97,39,1495,0,264,20,1,285,1183,440,117,40,1780,0,0,0,1780
01/01/2020,LAS,NV,AWP,WE,Towers with Radar,897,112,115,0,1124,0,392,7,0,399,897,504,122,0,1523,0,0,0,1523
01/02/2020,LAS,NV,AWP,WE,Towers with Radar,1052,110,136,0,1298,0,398,6,0,404,1052,508,142,0,1702,0,0,0,1702
01/03/2020,LAS,NV,AWP,WE,Towers with Radar,1059,113,112,1,1285,0,321,14,0,335,1059,434,126,1,1620,0,0,0,1620
01/04/2020,LAS,NV,AWP,WE,Towers with Radar,924,75,71,0,1070,0,261,17,0,278,924,336,88,0,1348,0,0,0,1348
01/05/2020,LAS,NV,AWP,WE,Towers with Radar,1162,83,97,1,1343,0,192,10,0,202,1162,275,107,1,1545,0,0,0,1545
01/06/2020,LAS,NV,AWP,WE,Towers with Radar,1287,135,124,0,1546,0,146,14,0,160,1287,281,138,0,1706,0,0,0,1706
01/07/2020,LAS,NV,AWP,WE,Towers with Radar,1030,159,143,0,1332,0,86,17,0,103,1030,245,160,0,1435,0,0,0,1435
01/08/2020,LAS,NV,AWP,WE,Towers with Radar,1005,159,145,1,1310,0,105,6,4,115,1005,264,151,5,1425,0,0,0,1425
01/09/2020,LAS,NV,AWP,WE,Towers with Radar,1226,157,166,5,1554,0,123,10,0,133,1226,280,176,5,1687,0,0,0,1687
01/10/2020,LAS,NV,AWP,WE,Towers with Radar,1240,146,145,1,1532,0,195,9,0,204,1240,341,154,1,1736,0,0,0,1736
01/11/2020,LAS,NV,AWP,WE,Towers with Radar,938,78,84,2,1102,0,284,2,0,286,938,362,86,2,1388,0,0,0,1388
01/12/2020,LAS,NV,AWP,WE,Towers with Radar,1113,92,92,4,1301,0,188,11,0,199,1113,280,103,4,1500,0,0,0,1500
01/13/2020,LAS,NV,AWP,WE,Towers with Radar,1115,86,74,1,1276,0,129,20,0,149,1115,215,94,1,1425,0,0,0,1425
01/14/2020,LAS,NV,AWP,WE,Towers with Radar,963,83,70,4,1120,0,148,11,0,159,963,231,81,4,1279,0,0,0,1279
01/15/2020,LAS,NV,AWP,WE,Towers with Radar,975,89,92,2,1158,0,367,14,2,383,975,456,106,4,1541,0,0,0,1541
01/16/2020,LAS,NV,AWP,WE,Towers with Radar,1106,91,98,2,1297,0,172,33,0,205,1106,263,131,2,1502,0,0,0,1502
01/17/2020,LAS,NV,AWP,WE,Towers with Radar,1103,107,148,1,1359,0,246,17,0,263,1103,353,165,1,1622,0,0,0,1622
01/18/2020,LAS,NV,AWP,WE,Towers with Radar,837,102,98,1,1038,0,232,13,2,247,837,334,111,3,1285,0,0,0,1285
01/19/2020,LAS,NV,AWP,WE,Towers with Radar,1067,113,150,0,1330,0,202,17,0,219,1067,315,167,0,1549,0,0,0,1549
01/20/2020,LAS,NV,AWP,WE,Towers with Radar,1047,117,168,0,1332,0,199,9,2,210,1047,316,177,2,1542,0,0,0,1542
01/21/2020,LAS,NV,AWP,WE,Towers with Radar,960,115,129,1,1205,0,123,16,2,141,960,238,145,3,1346,0,0,0,1346
01/22/2020,LAS,NV,AWP,WE,Towers with Radar,976,102,132,0,1210,0,161,18,2,181,976,263,150,2,1391,0,0,0,1391
01/23/2020,LAS,NV,AWP,WE,Towers with Radar,1121,133,170,0,1424,0,176,19,1,196,1121,309,189,1,1620,0,0,0,1620
01/24/2020,LAS,NV,AWP,WE,Towers with Radar,1102,129,181,6,1418,0,230,22,7,259,1102,359,203,13,1677,0,0,0,1677
01/25/2020,LAS,NV,AWP,WE,Towers with Radar,853,71,75,4,1003,0,281,6,0,287,853,352,81,4,1290,0,0,0,1290
01/26/2020,LAS,NV,AWP,WE,Towers with Radar,1101,117,137,5,1360,0,210,10,0,220,1101,327,147,5,1580,0,0,0,1580
01/27/2020,LAS,NV,AWP,WE,Towers with Radar,1080,88,102,5,1275,0,146,6,2,154,1080,234,108,7,1429,0,0,0,1429
01/28/2020,LAS,NV,AWP,WE,Towers with Radar,965,86,89,1,1141,0,148,6,0,154,965,234,95,1,1295,0,0,0,1295
01/29/2020,LAS,NV,AWP,WE,Towers with Radar,973,77,103,1,1154,0,129,8,2,139,973,206,111,3,1293,0,0,0,1293
01/30/2020,LAS,NV,AWP,WE,Towers with Radar,1128,112,105,1,1346,0,169,4,0,173,1128,281,109,1,1519,0,0,0,1519
01/31/2020,LAS,NV,AWP,WE,Towers with Radar,1097,136,166,1,1400,0,155,6,3,164,1097,291,172,4,1564,0,0,0,1564
02/01/2020,LAS,NV,AWP,WE,Towers with Radar,849,102,96,0,1047,0,213,19,0,232,849,315,115,0,1279,0,0,0,1279
02/02/2020,LAS,NV,AWP,WE,Towers with Radar,1060,114,107,2,1283,0,128,11,0,139,1060,242,118,2,1422,0,0,0,1422
02/03/2020,LAS,NV,AWP,WE,Towers with Radar,1103,159,169,0,1431,0,112,3,0,115,1103,271,172,0,1546,0,0,0,1546
02/04/2020,LAS,NV,AWP,WE,Towers with Radar,949,85,104,0,1138,0,121,13,0,134,949,206,117,0,1272,0,0,0,1272
02/05/2020,LAS,NV,AWP,WE,Towers with Radar,979,74,78,1,1132,0,130,12,0,142,979,204,90,1,1274,0,0,0,1274
02/06/2020,LAS,NV,AWP,WE,Towers with Radar,1081,109,108,2,1300,0,156,9,0,165,1081,265,117,2,1465,0,0,0,1465
02/07/2020,LAS,NV,AWP,WE,Towers with Radar,1098,121,125,6,1350,0,195,14,0,209,1098,316,139,6,1559,0,0,0,1559
02/08/2020,LAS,NV,AWP,WE,Towers with Radar,857,71,70,3,1001,0,220,16,2,238,857,291,86,5,1239,0,0,0,1239
02/09/2020,LAS,NV,AWP,WE,Towers with Radar,1077,101,95,0,1273,0,155,2,1,158,1077,256,97,1,1431,0,0,0,1431
02/10/2020,LAS,NV,AWP,WE,Towers with Radar,1097,101,88,7,1293,0,116,7,0,123,1097,217,95,7,1416,0,0,0,1416
02/11/2020,LAS,NV,AWP,WE,Towers with Radar,959,90,97,2,1148,0,156,8,2,166,959,246,105,4,1314,0,0,0,1314
02/12/2020,LAS,NV,AWP,WE,Towers with Radar,981,88,86,6,1161,1,148,6,0,155,982,236,92,6,1316,0,0,0,1316
02/13/2020,LAS,NV,AWP,WE,Towers with Radar,1111,134,118,0,1363,0,169,12,0,181,1111,303,130,0,1544,0,0,0,1544
02/14/2020,LAS,NV,AWP,WE,Towers with Radar,1084,159,144,0,1387,0,305,9,0,314,1084,464,153,0,1701,0,0,0,1701
02/15/2020,LAS,NV,AWP,WE,Towers with Radar,883,109,101,1,1094,0,205,10,2,217,883,314,111,3,1311,0,0,0,1311
02/16/2020,LAS,NV,AWP,WE,Towers with Radar,1073,136,140,4,1353,0,191,17,5,213,1073,327,157,9,1566,0,0,0,1566
02/17/2020,LAS,NV,AWP,WE,Towers with Radar,1069,174,136,4,1383,0,169,19,1,189,1069,343,155,5,1572,0,0,0,1572
02/18/2020,LAS,NV,AWP,WE,Towers with Radar,999,105,86,6,1196,0,192,8,7,207,999,297,94,13,1403,0,0,0,1403
02/19/2020,LAS,NV,AWP,WE,Towers with Radar,1011,102,59,5,1177,0,195,8,4,207,1011,297,67,9,1384,0,0,0,1384
02/20/2020,LAS,NV,AWP,WE,Towers with Radar,1122,77,90,6,1295,0,81,6,7,94,1122,158,96,13,1389,0,0,0,1389
02/21/2020,LAS,NV,AWP,WE,Towers with Radar,1106,91,105,9,1311,0,141,1,0,142,1106,232,106,9,1453,0,0,0,1453
02/22/2020,LAS,NV,AWP,WE,Towers with Radar,878,110,145,5,1138,0,154,11,0,165,878,264,156,5,1303,0,0,0,1303
02/23/2020,LAS,NV,AWP,WE,Towers with Radar,1111,158,215,1,1485,0,324,17,2,343,1111,482,232,3,1828,0,0,0,1828
02/24/2020,LAS,NV,AWP,WE,Towers with Radar,1107,113,85,1,1306,0,235,6,0,241,1107,348,91,1,1547,0,0,0,1547
02/25/2020,LAS,NV,AWP,WE,Towers with Radar,1005,101,91,2,1199,0,177,13,0,190,1005,278,104,2,1389,0,0,0,1389
02/26/2020,LAS,NV,AWP,WE,Towers with Radar,1009,81,102,0,1192,0,140,26,0,166,1009,221,128,0,1358,0,0,0,1358
02/27/2020,LAS,NV,AWP,WE,Towers with Radar,1117,113,85,1,1316,0,174,23,2,199,1117,287,108,3,1515,0,0,0,1515
02/28/2020,LAS,NV,AWP,WE,Towers with Radar,1121,119,96,0,1336,0,192,14,2,208,1121,311,110,2,1544,0,0,0,1544
02/29/2020,LAS,NV,AWP,WE,Towers with Radar,878,79,46,1,1004,0,191,15,0,206,878,270,61,1,1210,0,0,0,1210
03/01/2020,LAS,NV,AWP,WE,Towers with Radar,1096,130,72,1,1299,0,127,3,1,131,1096,257,75,2,1430,0,0,0,1430
03/02/2020,LAS,NV,AWP,WE,Towers with Radar,1110,110,94,0,1314,0,129,2,0,131,1110,239,96,0,1445,0,0,0,1445
03/03/2020,LAS,NV,AWP,WE,Towers with Radar,994,99,73,0,1166,0,135,24,0,159,994,234,97,0,1325,0,0,0,1325
03/04/2020,LAS,NV,AWP,WE,Towers with Radar,1019,101,94,1,1215,0,168,10,3,181,1019,269,104,4,1396,0,0,0,1396
03/05/2020,LAS,NV,AWP,WE,Towers with Radar,1125,102,106,2,1335,0,151,31,0,182,1125,253,137,2,1517,0,0,0,1517
03/06/2020,LAS,NV,AWP,WE,Towers with Radar,1112,120,109,4,1345,0,166,9,0,175,1112,286,118,4,1520,0,0,0,1520
03/07/2020,LAS,NV,AWP,WE,Towers with Radar,932,104,103,3,1142,0,246,14,2,262,932,350,117,5,1404,0,0,0,1404
03/08/2020,LAS,NV,AWP,WE,Towers with Radar,1112,126,161,4,1403,0,186,7,2,195,1112,312,168,6,1598,0,0,0,1598
03/09/2020,LAS,NV,AWP,WE,Towers with Radar,1151,122,111,6,1390,0,226,23,7,256,1151,348,134,13,1646,0,0,0,1646
03/10/2020,LAS,NV,AWP,WE,Towers with Radar,885,96,117,4,1102,0,104,5,1,110,885,200,122,5,1212,0,0,0,1212
03/11/2020,LAS,NV,AWP,WE,Towers with Radar,993,97,113,4,1207,0,135,6,2,143,993,232,119,6,1350,0,0,0,1350
03/12/2020,LAS,NV,AWP,WE,Towers with Radar,1138,119,142,1,1400,0,185,14,2,201,1138,304,156,3,1601,0,0,0,1601
03/13/2020,LAS,NV,AWP,WE,Towers with Radar,1111,126,127,1,1365,0,144,7,0,151,1111,270,134,1,1516,0,0,0,1516
03/14/2020,LAS,NV,AWP,WE,Towers with Radar,969,71,80,2,1122,0,187,1,1,189,969,258,81,3,1311,0,0,0,1311
03/15/2020,LAS,NV,AWP,WE,Towers with Radar,1112,98,73,0,1283,0,159,3,0,162,1112,257,76,0,1445,0,0,0,1445
03/16/2020,LAS,NV,AWP,WE,Towers with Radar,1133,84,57,0,1274,0,113,4,0,117,1133,197,61,0,1391,0,0,0,1391
03/17/2020,LAS,NV,AWP,WE,Towers with Radar,960,73,50,0,1083,0,79,0,0,79,960,152,50,0,1162,0,0,0,1162
03/18/2020,LAS,NV,AWP,WE,Towers with Radar,869,50,35,0,954,9,10,4,0,23,878,60,39,0,977,0,0,0,977
03/19/2020,LAS,NV,AWP,WE,Towers with Radar,290,18,10,0,318,86,7,4,0,97,376,25,14,0,415,0,0,0,415
03/20/2020,LAS,NV,AWP,WE,Towers with Radar,197,11,8,0,216,74,7,4,0,85,271,18,12,0,301,0,0,0,301
03/21/2020,LAS,NV,AWP,WE,Towers with Radar,232,10,6,0,248,97,5,4,0,106,329,15,10,0,354,0,0,0,354
03/22/2020,LAS,NV,AWP,WE,Towers with Radar,235,5,1,0,241,127,10,1,0,138,362,15,2,0,379,0,0,0,379
03/23/2020,LAS,NV,AWP,WE,Towers with Radar,248,12,4,0,264,117,8,1,0,126,365,20,5,0,390,0,0,0,390
03/24/2020,LAS,NV,AWP,WE,Towers with Radar,240,10,3,0,253,144,13,3,0,160,384,23,6,0,413,0,0,0,413
03/25/2020,LAS,NV,AWP,WE,Towers with Radar,385,20,1,0,406,24,3,5,0,32,409,23,6,0,438,0,0,0,438
03/26/2020,LAS,NV,AWP,WE,Towers with Radar,419,18,18,0,455,0,0,1,0,1,419,18,19,0,456,0,0,0,456
03/27/2020,LAS,NV,AWP,WE,Towers with Radar,385,22,16,0,423,0,0,4,0,4,385,22,20,0,427,0,0,0,427
03/28/2020,LAS,NV,AWP,WE,Towers with Radar,374,16,11,0,401,0,2,6,0,8,374,18,17,0,409,0,0,0,409
03/29/2020,LAS,NV,AWP,WE,Towers with Radar,410,19,5,0,434,0,1,6,0,7,410,20,11,0,441,0,0,0,441
03/30/2020,LAS,NV,AWP,WE,Towers with Radar,396,22,15,0,433,0,2,7,3,12,396,24,22,3,445,0,0,0,445
03/31/2020,LAS,NV,AWP,WE,Towers with Radar,427,18,7,0,452,0,5,19,1,25,427,23,26,1,477,0,0,0,477
04/01/2020,LAS,NV,AWP,WE,Towers with Radar,438,21,8,0,467,0,2,12,1,15,438,23,20,1,482,0,0,0,482
04/02/2020,LAS,NV,AWP,WE,Towers with Radar,422,21,9,0,452,0,5,2,0,7,422,26,11,0,459,0,0,0,459
04/03/2020,LAS,NV,AWP,WE,Towers with Radar,427,29,14,0,470,0,1,13,0,14,427,30,27,0,484,0,0,0,484
04/04/2020,LAS,NV,AWP,WE,Towers with Radar,367,14,8,0,389,0,1,5,0,6,367,15,13,0,395,0,0,0,395
04/05/2020,LAS,NV,AWP,WE,Towers with Radar,358,16,3,4,381,0,2,3,0,5,358,18,6,4,386,0,0,0,386
04/06/2020,LAS,NV,AWP,WE,Towers with Radar,337,22,7,0,366,0,0,1,0,1,337,22,8,0,367,0,0,0,367
04/07/2020,LAS,NV,AWP,WE,Towers with Radar,305,21,9,0,335,0,0,0,0,0,305,21,9,0,335,0,0,0,335
04/08/2020,LAS,NV,AWP,WE,Towers with Radar,271,19,9,0,299,0,0,1,0,1,271,19,10,0,300,0,0,0,300
04/09/2020,LAS,NV,AWP,WE,Towers with Radar,276,20,12,0,308,0,0,2,0,2,276,20,14,0,310,0,0,0,310
04/10/2020,LAS,NV,AWP,WE,Towers with Radar,271,20,13,0,304,0,0,14,0,14,271,20,27,0,318,0,0,0,318
04/11/2020,LAS,NV,AWP,WE,Towers with Radar,255,6,5,0,266,0,0,13,3,16,255,6,18,3,282,0,0,0,282
04/12/2020,LAS,NV,AWP,WE,Towers with Radar,270,5,1,0,276,0,1,2,3,6,270,6,3,3,282,0,0,0,282
04/13/2020,LAS,NV,AWP,WE,Towers with Radar,232,22,11,0,265,0,1,6,0,7,232,23,17,0,272,0,0,0,272
04/14/2020,LAS,NV,AWP,WE,Towers with Radar,256,22,11,2,291,0,0,10,2,12,256,22,21,4,303,0,0,0,303
04/15/2020,LAS,NV,AWP,WE,Towers with Radar,229,24,19,6,278,0,0,11,0,11,229,24,30,6,289,0,0,0,289
04/16/2020,LAS,NV,AWP,WE,Towers with Radar,236,33,13,10,292,0,2,3,1,6,236,35,16,11,298,0,0,0,298
04/17/2020,LAS,NV,AWP,WE,Towers with Radar,238,25,25,8,296,0,1,4,0,5,238,26,29,8,301,0,0,0,301
04/18/2020,LAS,NV,AWP,WE,Towers with Radar,231,9,7,2,249,0,4,10,0,14,231,13,17,2,263,0,0,0,263
04/19/2020,LAS,NV,AWP,WE,Towers with Radar,229,11,10,0,250,0,0,7,0,7,229,11,17,0,257,0,0,0,257
04/20/2020,LAS,NV,AWP,WE,Towers with Radar,221,19,17,9,266,0,1,0,2,3,221,20,17,11,269,0,0,0,269
04/21/2020,LAS,NV,AWP,WE,Towers with Radar,211,21,9,10,251,0,1,4,1,6,211,22,13,11,257,0,0,0,257
04/22/2020,LAS,NV,AWP,WE,Towers with Radar,213,23,13,12,261,0,6,13,2,21,213,29,26,14,282,0,0,0,282
04/23/2020,LAS,NV,AWP,WE,Towers with Radar,232,20,14,12,278,0,0,6,2,8,232,20,20,14,286,0,0,0,286
04/24/2020,LAS,NV,AWP,WE,Towers with Radar,223,27,10,10,270,0,7,3,0,10,223,34,13,10,280,0,0,0,280
04/25/2020,LAS,NV,AWP,WE,Towers with Radar,190,12,16,13,231,0,0,8,9,17,190,12,24,22,248,0,0,0,248
04/26/2020,LAS,NV,AWP,WE,Towers with Radar,214,15,10,0,239,0,3,14,0,17,214,18,24,0,256,0,0,0,256
04/27/2020,LAS,NV,AWP,WE,Towers with Radar,188,31,17,28,264,0,0,7,1,8,188,31,24,29,272,0,0,0,272
04/28/2020,LAS,NV,AWP,WE,Towers with Radar,196,16,12,24,248,0,0,12,3,15,196,16,24,27,263,0,0,0,263
04/29/2020,LAS,NV,AWP,WE,Towers with Radar,190,21,9,38,258,0,0,15,3,18,190,21,24,41,276,0,0,0,276
04/30/2020,LAS,NV,AWP,WE,Towers with Radar,212,26,21,26,285,0,2,16,1,19,212,28,37,27,304,0,0,0,304
05/01/2020,LAS,NV,AWP,WE,Towers with Radar,212,29,19,26,286,0,2,8,0,10,212,31,27,26,296,0,0,0,296
05/02/2020,LAS,NV,AWP,WE,Towers with Radar,201,17,10,0,228,0,2,16,0,18,201,19,26,0,246,0,0,0,246
05/03/2020,LAS,NV,AWP,WE,Towers with Radar,252,15,11,2,280,0,7,6,0,13,252,22,17,2,293,0,0,0,293
05/04/2020,LAS,NV,AWP,WE,Towers with Radar,254,34,14,21,323,0,2,6,4,12,254,36,20,25,335,0,0,0,335
05/05/2020,LAS,NV,AWP,WE,Towers with Radar,239,25,18,20,302,0,0,6,2,8,239,25,24,22,310,0,0,0,310
05/06/2020,LAS,NV,AWP,WE,Towers with Radar,240,37,20,20,317,0,4,7,3,14,240,41,27,23,331,0,0,0,331
05/07/2020,LAS,NV,AWP,WE,Towers with Radar,265,34,24,22,345,0,0,19,4,23,265,34,43,26,368,0,0,0,368
05/08/2020,LAS,NV,AWP,WE,Towers with Radar,275,33,20,20,348,0,0,18,0,18,275,33,38,20,366,0,0,0,366
05/09/2020,LAS,NV,AWP,WE,Towers with Radar,246,12,14,0,272,0,2,6,0,8,246,14,20,0,280,0,0,0,280
05/10/2020,LAS,NV,AWP,WE,Towers with Radar,273,17,18,0,308,0,3,19,0,22,273,20,37,0,330,0,0,0,330
05/11/2020,LAS,NV,AWP,WE,Towers with Radar,261,22,14,20,317,0,4,4,0,8,261,26,18,20,325,0,0,0,325
05/12/2020,LAS,NV,AWP,WE,Towers with Radar,239,23,18,26,306,0,14,0,2,16,239,37,18,28,322,0,0,0,322
05/13/2020,LAS,NV,AWP,WE,Towers with Radar,250,28,16,24,318,0,14,3,0,17,250,42,19,24,335,0,0,0,335
05/14/2020,LAS,NV,AWP,WE,Towers with Radar,294,36,30,26,386,0,2,19,0,21,294,38,49,26,407,0,0,0,407
05/15/2020,LAS,NV,AWP,WE,Towers with Radar,291,33,25,25,374,0,0,6,2,8,291,33,31,27,382,0,0,0,382
05/16/2020,LAS,NV,AWP,WE,Towers with Radar,240,10,13,0,263,0,2,3,0,5,240,12,16,0,268,0,0,0,268
05/17/2020,LAS,NV,AWP,WE,Towers with Radar,284,19,18,0,321,0,4,3,0,7,284,23,21,0,328,0,0,0,328
05/18/2020,LAS,NV,AWP,WE,Towers with Radar,283,29,16,30,358,0,20,2,2,24,283,49,18,32,382,0,0,0,382
05/19/2020,LAS,NV,AWP,WE,Towers with Radar,240,21,26,29,316,0,4,3,2,9,240,25,29,31,325,0,0,0,325
05/20/2020,LAS,NV,AWP,WE,Towers with Radar,253,36,36,35,360,0,6,38,2,46,253,42,74,37,406,0,0,0,406
05/21/2020,LAS,NV,AWP,WE,Towers with Radar,331,35,34,33,433,0,5,14,0,19,331,40,48,33,452,0,0,0,452
05/22/2020,LAS,NV,AWP,WE,Towers with Radar,353,37,38,0,428,0,16,6,0,22,353,53,44,0,450,0,0,0,450
05/23/2020,LAS,NV,AWP,WE,Towers with Radar,248,31,12,0,291,0,21,10,1,32,248,52,22,1,323,0,0,0,323
05/24/2020,LAS,NV,AWP,WE,Towers with Radar,314,20,22,0,356,0,21,7,0,28,314,41,29,0,384,0,0,0,384
05/25/2020,LAS,NV,AWP,WE,Towers with Radar,327,20,26,0,373,0,18,21,0,39,327,38,47,0,412,0,0,0,412
05/26/2020,LAS,NV,AWP,WE,Towers with Radar,235,26,29,30,320,0,12,12,4,28,235,38,41,34,348,0,0,0,348
05/27/2020,LAS,NV,AWP,WE,Towers with Radar,256,30,23,36,345,0,14,34,0,48,256,44,57,36,393,0,0,0,393
05/28/2020,LAS,NV,AWP,WE,Towers with Radar,340,47,44,36,467,0,8,7,4,19,340,55,51,40,486,0,0,0,486
05/29/2020,LAS,NV,AWP,WE,Towers with Radar,338,37,39,30,444,0,13,6,2,21,338,50,45,32,465,0,0,0,465
05/30/2020,LAS,NV,AWP,WE,Towers with Radar,240,27,17,0,284,0,28,1,0,29,240,55,18,0,313,0,0,0,313
05/31/2020,LAS,NV,AWP,WE,Towers with Radar,353,36,32,0,421,0,13,8,0,21,353,49,40,0,442,0,0,0,442
06/01/2020,LAS,NV,AWP,WE,Towers with Radar,342,46,26,32,446,0,12,12,0,24,342,58,38,32,470,0,0,0,470
06/02/2020,LAS,NV,AWP,WE,Towers with Radar,254,23,41,41,359,0,9,22,0,31,254,32,63,41,390,0,0,0,390
06/03/2020,LAS,NV,AWP,WE,Towers with Radar,275,39,32,36,382,0,19,4,1,24,275,58,36,37,406,0,0,0,406
06/04/2020,LAS,NV,AWP,WE,Towers with Radar,378,52,68,37,535,0,30,7,1,38,378,82,75,38,573,0,0,0,573
06/05/2020,LAS,NV,AWP,WE,Towers with Radar,397,60,82,32,571,0,26,6,0,32,397,86,88,32,603,0,0,0,603
06/06/2020,LAS,NV,AWP,WE,Towers with Radar,284,36,31,3,354,0,57,1,0,58,284,93,32,3,412,0,0,0,412
06/07/2020,LAS,NV,AWP,WE,Towers with Radar,416,47,74,1,538,0,38,8,1,47,416,85,82,2,585,0,0,0,585
06/08/2020,LAS,NV,AWP,WE,Towers with Radar,420,41,44,37,542,0,25,8,1,34,420,66,52,38,576,0,0,0,576
06/09/2020,LAS,NV,AWP,WE,Towers with Radar,307,43,46,44,440,0,38,19,1,58,307,81,65,45,498,0,0,0,498
06/10/2020,LAS,NV,AWP,WE,Towers with Radar,326,56,65,46,493,0,34,8,0,42,326,90,73,46,535,0,0,0,535
06/11/2020,LAS,NV,AWP,WE,Towers with Radar,457,57,56,46,616,0,48,15,0,63,457,105,71,46,679,0,0,0,679
06/12/2020,LAS,NV,AWP,WE,Towers with Radar,459,57,66,44,626,0,64,8,0,72,459,121,74,44,698,0,0,0,698
06/13/2020,LAS,NV,AWP,WE,Towers with Radar,343,35,29,0,407,0,38,8,0,46,343,73,37,0,453,0,0,0,453
06/14/2020,LAS,NV,AWP,WE,Towers with Radar,462,54,63,1,580,0,68,11,1,80,462,122,74,2,660,0,0,0,660
06/15/2020,LAS,NV,AWP,WE,Towers with Radar,462,58,60,43,623,0,44,10,0,54,462,102,70,43,677,0,0,0,677
06/16/2020,LAS,NV,AWP,WE,Towers with Radar,344,47,43,48,482,0,59,18,2,79,344,106,61,50,561,0,0,0,561
06/17/2020,LAS,NV,AWP,WE,Towers with Radar,348,49,48,50,495,0,57,6,0,63,348,106,54,50,558,0,0,0,558
06/18/2020,LAS,NV,AWP,WE,Towers with Radar,469,58,49,49,625,0,59,11,0,70,469,117,60,49,695,0,0,0,695
06/19/2020,LAS,NV,AWP,WE,Towers with Radar,463,75,86,37,661,0,88,10,0,98,463,163,96,37,759,0,0,0,759
06/20/2020,LAS,NV,AWP,WE,Towers with Radar,370,40,30,0,440,0,101,8,0,109,370,141,38,0,549,0,0,0,549
06/21/2020,LAS,NV,AWP,WE,Towers with Radar,497,65,56,0,618,0,96,3,0,99,497,161,59,0,717,0,0,0,717
06/22/2020,LAS,NV,AWP,WE,Towers with Radar,510,63,44,36,653,0,70,18,0,88,510,133,62,36,741,0,0,0,741
06/23/2020,LAS,NV,AWP,WE,Towers with Radar,407,48,55,42,552,0,78,31,0,109,407,126,86,42,661,0,0,0,661
06/24/2020,LAS,NV,AWP,WE,Towers with Radar,407,58,55,42,562,0,63,12,1,76,407,121,67,43,638,0,0,0,638
06/25/2020,LAS,NV,AWP,WE,Towers with Radar,519,73,74,42,708,0,71,11,1,83,519,144,85,43,791,0,0,0,791
06/26/2020,LAS,NV,AWP,WE,Towers with Radar,511,75,75,42,703,0,112,12,0,124,511,187,87,42,827,0,0,0,827
06/27/2020,LAS,NV,AWP,WE,Towers with Radar,422,47,33,8,510,0,128,14,0,142,422,175,47,8,652,0,0,0,652
06/28/2020,LAS,NV,AWP,WE,Towers with Radar,527,89,81,0,697,0,70,7,0,77,527,159,88,0,774,0,0,0,774
06/29/2020,LAS,NV,AWP,WE,Towers with Radar,531,74,52,38,695,0,80,8,0,88,531,154,60,38,783,0,0,0,783
06/30/2020,LAS,NV,AWP,WE,Towers with Radar,426,61,47,42,576,0,78,5,0,83,426,139,52,42,659,0,0,0,659
07/01/2020,LAS,NV,AWP,WE,Towers with Radar,481,63,73,42,659,0,53,11,0,64,481,116,84,42,723,0,0,0,723
07/02/2020,LAS,NV,AWP,WE,Towers with Radar,615,76,67,43,801,0,60,9,0,69,615,136,76,43,870,0,0,0,870
07/03/2020,LAS,NV,AWP,WE,Towers with Radar,611,73,68,2,754,0,124,15,0,139,611,197,83,2,893,0,0,0,893
07/04/2020,LAS,NV,AWP,WE,Towers with Radar,353,25,31,0,409,0,144,6,0,150,353,169,37,0,559,0,0,0,559
07/05/2020,LAS,NV,AWP,WE,Towers with Radar,629,70,74,0,773,0,134,17,0,151,629,204,91,0,924,0,0,0,924
07/06/2020,LAS,NV,AWP,WE,Towers with Radar,618,61,62,1,742,0,91,17,3,111,618,152,79,4,853,0,0,0,853
07/07/2020,LAS,NV,AWP,WE,Towers with Radar,516,67,48,25,656,0,73,5,1,79,516,140,53,26,735,0,0,0,735
07/08/2020,LAS,NV,AWP,WE,Towers with Radar,523,50,55,29,657,0,61,15,0,76,523,111,70,29,733,0,0,0,733
07/09/2020,LAS,NV,AWP,WE,Towers with Radar,650,61,76,42,829,1,77,11,0,89,651,138,87,42,918,0,0,0,918
07/10/2020,LAS,NV,AWP,WE,Towers with Radar,649,75,63,38,825,0,95,16,1,112,649,170,79,39,937,0,0,0,937
07/11/2020,LAS,NV,AWP,WE,Towers with Radar,535,50,45,0,630,0,138,9,3,150,535,188,54,3,780,0,0,0,780
07/12/2020,LAS,NV,AWP,WE,Towers with Radar,644,72,65,0,781,0,104,19,3,126,644,176,84,3,907,0,0,0,907
07/13/2020,LAS,NV,AWP,WE,Towers with Radar,641,77,54,42,814,0,76,17,0,93,641,153,71,42,907,0,0,0,907
07/14/2020,LAS,NV,AWP,WE,Towers with Radar,510,55,41,44,650,0,69,8,1,78,510,124,49,45,728,0,0,0,728
07/15/2020,LAS,NV,AWP,WE,Towers with Radar,527,47,58,40,672,0,84,15,1,100,527,131,73,41,772,0,0,0,772
07/16/2020,LAS,NV,AWP,WE,Towers with Radar,659,57,49,42,807,3,83,14,1,101,662,140,63,43,908,0,0,0,908
07/17/2020,LAS,NV,AWP,WE,Towers with Radar,657,59,67,40,823,0,106,11,4,121,657,165,78,44,944,0,0,0,944
07/18/2020,LAS,NV,AWP,WE,Towers with Radar,539,28,42,1,610,0,151,32,0,183,539,179,74,1,793,0,0,0,793
07/19/2020,LAS,NV,AWP,WE,Towers with Radar,649,51,48,2,750,0,115,10,0,125,649,166,58,2,875,0,0,0,875
07/20/2020,LAS,NV,AWP,WE,Towers with Radar,654,72,56,45,827,0,78,34,0,112,654,150,90,45,939,0,0,0,939
07/21/2020,LAS,NV,AWP,WE,Towers with Radar,517,44,40,42,643,0,62,10,2,74,517,106,50,44,717,0,0,0,717
07/22/2020,LAS,NV,AWP,WE,Towers with Radar,528,61,38,42,669,0,64,26,0,90,528,125,64,42,759,0,0,0,759
07/23/2020,LAS,NV,AWP,WE,Towers with Radar,667,79,55,44,845,0,86,7,0,93,667,165,62,44,938,0,0,0,938
07/24/2020,LAS,NV,AWP,WE,Towers with Radar,662,74,63,42,841,0,120,3,0,123,662,194,66,42,964,0,0,0,964
07/25/2020,LAS,NV,AWP,WE,Towers with Radar,537,39,32,0,608,0,138,12,0,150,537,177,44,0,758,0,0,0,758
07/26/2020,LAS,NV,AWP,WE,Towers with Radar,655,70,61,3,789,0,136,20,0,156,655,206,81,3,945,0,0,0,945
07/27/2020,LAS,NV,AWP,WE,Towers with Radar,655,70,40,42,807,0,113,11,0,124,655,183,51,42,931,0,0,0,931
07/28/2020,LAS,NV,AWP,WE,Towers with Radar,502,52,56,42,652,0,98,14,2,114,502,150,70,44,766,0,0,0,766
07/29/2020,LAS,NV,AWP,WE,Towers with Radar,521,53,49,42,665,0,96,21,1,118,521,149,70,43,783,0,0,0,783
07/30/2020,LAS,NV,AWP,WE,Towers with Radar,656,53,60,42,811,0,85,15,2,102,656,138,75,44,913,0,0,0,913
07/31/2020,LAS,NV,AWP,WE,Towers with Radar,661,74,80,42,857,0,136,24,2,162,661,210,104,44,1019,0,0,0,1019
08/01/2020,LAS,NV,AWP,WE,Towers with Radar,530,49,37,5,621,0,160,17,1,178,530,209,54,6,799,0,0,0,799
08/02/2020,LAS,NV,AWP,WE,Towers with Radar,670,54,61,6,791,0,150,12,1,163,670,204,73,7,954,0,0,0,954
08/03/2020,LAS,NV,AWP,WE,Towers with Radar,664,67,57,44,832,0,116,4,0,120,664,183,61,44,952,0,0,0,952
08/04/2020,LAS,NV,AWP,WE,Towers with Radar,531,56,58,44,689,0,87,13,1,101,531,143,71,45,790,0,0,0,790
08/05/2020,LAS,NV,AWP,WE,Towers with Radar,517,44,62,45,668,0,92,8,0,100,517,136,70,45,768,0,0,0,768
08/06/2020,LAS,NV,AWP,WE,Towers with Radar,685,68,73,49,875,0,114,7,0,121,685,182,80,49,996,0,0,0,996
08/07/2020,LAS,NV,AWP,WE,Towers with Radar,660,66,71,40,837,0,147,7,1,155,660,213,78,41,992,0,0,0,992
08/08/2020,LAS,NV,AWP,WE,Towers with Radar,534,51,49,0,634,0,165,7,0,172,534,216,56,0,806,0,0,0,806
08/09/2020,LAS,NV,AWP,WE,Towers with Radar,672,60,71,1,804,0,172,10,0,182,672,232,81,1,986,0,0,0,986
08/10/2020,LAS,NV,AWP,WE,Towers with Radar,647,62,53,45,807,0,117,5,0,122,647,179,58,45,929,0,0,0,929
08/11/2020,LAS,NV,AWP,WE,Towers with Radar,535,49,66,42,692,0,97,7,0,104,535,146,73,42,796,0,0,0,796
08/12/2020,LAS,NV,AWP,WE,Towers with Radar,562,44,56,42,704,0,106,21,0,127,562,150,77,42,831,0,0,0,831
08/13/2020,LAS,NV,AWP,WE,Towers with Radar,709,58,58,44,869,0,105,15,0,120,709,163,73,44,989,0,0,0,989
08/14/2020,LAS,NV,AWP,WE,Towers with Radar,700,72,60,38,870,0,148,10,0,158,700,220,70,38,1028,0,0,0,1028
08/15/2020,LAS,NV,AWP,WE,Towers with Radar,593,35,44,2,674,0,152,9,1,162,593,187,53,3,836,0,0,0,836
08/16/2020,LAS,NV,AWP,WE,Towers with Radar,727,66,68,0,861,0,185,10,1,196,727,251,78,1,1057,0,0,0,1057
08/17/2020,LAS,NV,AWP,WE,Towers with Radar,718,50,38,42,848,0,136,32,2,170,718,186,70,44,1018,0,0,0,1018
08/18/2020,LAS,NV,AWP,WE,Towers with Radar,536,41,52,48,677,0,96,17,0,113,536,137,69,48,790,0,0,0,790
08/19/2020,LAS,NV,AWP,WE,Towers with Radar,542,54,65,46,707,0,88,17,0,105,542,142,82,46,812,0,0,0,812
08/20/2020,LAS,NV,AWP,WE,Towers with Radar,731,82,74,43,930,0,106,7,0,113,731,188,81,43,1043,0,0,0,1043
08/21/2020,LAS,NV,AWP,WE,Towers with Radar,693,84,64,50,891,0,166,19,1,186,693,250,83,51,1077,0,0,0,1077
08/22/2020,LAS,NV,AWP,WE,Towers with Radar,582,34,41,1,658,0,211,12,0,223,582,245,53,1,881,0,0,0,881
08/23/2020,LAS,NV,AWP,WE,Towers with Radar,723,79,89,1,892,0,220,9,0,229,723,299,98,1,1121,0,0,0,1121
08/24/2020,LAS,NV,AWP,WE,Towers with Radar,682,63,60,42,847,0,112,8,0,120,682,175,68,42,967,0,0,0,967
08/25/2020,LAS,NV,AWP,WE,Towers with Radar,536,48,43,42,669,0,89,15,0,104,536,137,58,42,773,0,0,0,773
08/26/2020,LAS,NV,AWP,WE,Towers with Radar,537,54,67,42,700,0,88,19,1,108,537,142,86,43,808,0,0,0,808
08/27/2020,LAS,NV,AWP,WE,Towers with Radar,714,61,53,42,870,0,86,40,0,126,714,147,93,42,996,0,0,0,996
08/28/2020,LAS,NV,AWP,WE,Towers with Radar,681,59,49,43,832,0,165,14,0,179,681,224,63,43,1011,0,0,0,1011
08/29/2020,LAS,NV,AWP,WE,Towers with Radar,590,40,40,2,672,0,200,13,2,215,590,240,53,4,887,0,0,0,887
08/30/2020,LAS,NV,AWP,WE,Towers with Radar,718,60,79,0,857,0,212,10,1,223,718,272,89,1,1080,0,0,0,1080
08/31/2020,LAS,NV,AWP,WE,Towers with Radar,683,65,50,44,842,0,119,15,3,137,683,184,65,47,979,0,0,0,979
09/01/2020,LAS,NV,AWP,WE,Towers with Radar,536,51,49,46,682,0,98,44,3,145,536,149,93,49,827,0,0,0,827
09/02/2020,LAS,NV,AWP,WE,Towers with Radar,540,50,74,47,711,0,73,15,3,91,540,123,89,50,802,0,0,0,802
09/03/2020,LAS,NV,AWP,WE,Towers with Radar,717,74,81,46,918,0,120,16,0,136,717,194,97,46,1054,0,0,0,1054
09/04/2020,LAS,NV,AWP,WE,Towers with Radar,729,79,65,2,875,0,194,21,0,215,729,273,86,2,1090,0,0,0,1090
09/05/2020,LAS,NV,AWP,WE,Towers with Radar,580,40,51,0,671,0,278,7,0,285,580,318,58,0,956,0,0,0,956
09/06/2020,LAS,NV,AWP,WE,Towers with Radar,625,53,55,0,733,0,287,5,0,292,625,340,60,0,1025,0,0,0,1025
09/07/2020,LAS,NV,AWP,WE,Towers with Radar,664,67,92,0,823,0,142,7,0,149,664,209,99,0,972,0,0,0,972
09/08/2020,LAS,NV,AWP,WE,Towers with Radar,502,64,57,38,661,0,88,1,0,89,502,152,58,38,750,0,0,0,750
09/09/2020,LAS,NV,AWP,WE,Towers with Radar,433,49,63,45,590,0,94,4,1,99,433,143,67,46,689,0,0,0,689
09/10/2020,LAS,NV,AWP,WE,Towers with Radar,627,72,72,42,813,0,103,17,4,124,627,175,89,46,937,0,0,0,937
09/11/2020,LAS,NV,AWP,WE,Towers with Radar,601,77,92,44,814,0,228,17,0,245,601,305,109,44,1059,0,0,0,1059
09/12/2020,LAS,NV,AWP,WE,Towers with Radar,480,42,40,2,564,0,120,14,0,134,480,162,54,2,698,0,0,0,698
09/13/2020,LAS,NV,AWP,WE,Towers with Radar,632,5,3,0,640,0,0,0,0,0,632,5,3,0,640,0,0,0,640
09/14/2020,LAS,NV,AWP,WE,Towers with Radar,580,69,110,44,803,0,164,8,2,174,580,233,118,46,977,0,0,0,977
09/15/2020,LAS,NV,AWP,WE,Towers with Radar,421,62,63,47,593,0,113,17,5,135,421,175,80,52,728,0,0,0,728
09/16/2020,LAS,NV,AWP,WE,Towers with Radar,444,54,60,44,602,0,104,11,3,118,444,158,71,47,720,0,0,0,720
09/17/2020,LAS,NV,AWP,WE,Towers with Radar,634,79,84,45,842,0,145,9,2,156,634,224,93,47,998,0,0,0,998
09/18/2020,LAS,NV,AWP,WE,Towers with Radar,598,82,93,42,815,0,213,5,0,218,598,295,98,42,1033,0,0,0,1033
09/19/2020,LAS,NV,AWP,WE,Towers with Radar,475,34,38,0,547,0,268,10,2,280,475,302,48,2,827,0,0,0,827
09/20/2020,LAS,NV,AWP,WE,Towers with Radar,633,63,90,1,787,0,227,19,0,246,633,290,109,1,1033,0,0,0,1033
09/21/2020,LAS,NV,AWP,WE,Towers with Radar,582,61,66,41,750,0,149,19,1,169,582,210,85,42,919,0,0,0,919
09/22/2020,LAS,NV,AWP,WE,Towers with Radar,431,44,56,49,580,0,109,12,0,121,431,153,68,49,701,0,0,0,701
09/23/2020,LAS,NV,AWP,WE,Towers with Radar,443,40,61,48,592,0,117,15,1,133,443,157,76,49,725,0,0,0,725
09/24/2020,LAS,NV,AWP,WE,Towers with Radar,637,70,87,46,840,0,138,13,0,151,637,208,100,46,991,0,0,0,991
09/25/2020,LAS,NV,AWP,WE,Towers with Radar,613,84,107,40,844,0,199,22,8,229,613,283,129,48,1073,0,0,0,1073
09/26/2020,LAS,NV,AWP,WE,Towers with Radar,476,50,80,2,608,0,286,6,0,292,476,336,86,2,900,0,0,0,900
09/27/2020,LAS,NV,AWP,WE,Towers with Radar,629,73,92,0,794,0,216,17,0,233,629,289,109,0,1027,0,0,0,1027
09/28/2020,LAS,NV,AWP,WE,Towers with Radar,599,53,49,39,740,0,135,9,3,147,599,188,58,42,887,0,0,0,887
09/29/2020,LAS,NV,AWP,WE,Towers with Radar,442,47,50,46,585,0,112,14,2,128,442,159,64,48,713,0,0,0,713
09/30/2020,LAS,NV,AWP,WE,Towers with Radar,441,54,71,47,613,0,106,23,0,129,441,160,94,47,742,0,0,0,742
10/01/2020,LAS,NV,AWP,WE,Towers with Radar,659,50,50,46,805,0,102,10,0,112,659,152,60,46,917,0,0,0,917
10/02/2020,LAS,NV,AWP,WE,Towers with Radar,658,71,109,45,883,0,177,9,0,186,658,248,118,45,1069,0,0,0,1069
10/03/2020,LAS,NV,AWP,WE,Towers with Radar,520,55,33,1,609,0,310,6,2,318,520,365,39,3,927,0,0,0,927
10/04/2020,LAS,NV,AWP,WE,Towers with Radar,676,62,85,3,826,0,204,6,0,210,676,266,91,3,1036,0,0,0,1036
10/05/2020,LAS,NV,AWP,WE,Towers with Radar,645,52,64,48,809,0,119,10,0,129,645,171,74,48,938,0,0,0,938
10/06/2020,LAS,NV,AWP,WE,Towers with Radar,458,44,54,46,602,0,102,10,0,112,458,146,64,46,714,0,0,0,714
10/07/2020,LAS,NV,AWP,WE,Towers with Radar,484,67,44,49,644,0,140,24,0,164,484,207,68,49,808,0,0,0,808
10/08/2020,LAS,NV,AWP,WE,Towers with Radar,733,61,78,49,921,0,116,11,2,129,733,177,89,51,1050,0,0,0,1050
10/09/2020,LAS,NV,AWP,WE,Towers with Radar,711,67,83,44,905,0,189,16,4,209,711,256,99,48,1114,0,0,0,1114
10/10/2020,LAS,NV,AWP,WE,Towers with Radar,548,42,39,0,629,0,306,10,5,321,548,348,49,5,950,0,0,0,950
10/11/2020,LAS,NV,AWP,WE,Towers with Radar,738,88,84,0,910,0,240,8,1,249,738,328,92,1,1159,0,0,0,1159
10/12/2020,LAS,NV,AWP,WE,Towers with Radar,691,85,80,1,857,0,144,12,0,156,691,229,92,1,1013,0,0,0,1013
10/13/2020,LAS,NV,AWP,WE,Towers with Radar,485,52,57,43,637,0,120,9,3,132,485,172,66,46,769,0,0,0,769
10/14/2020,LAS,NV,AWP,WE,Towers with Radar,498,50,47,32,627,0,118,9,1,128,498,168,56,33,755,0,0,0,755
10/15/2020,LAS,NV,AWP,WE,Towers with Radar,719,64,78,44,905,0,132,9,3,144,719,196,87,47,1049,0,0,0,1049
10/16/2020,LAS,NV,AWP,WE,Towers with Radar,695,91,87,41,914,0,273,13,5,291,695,364,100,46,1205,0,0,0,1205
10/17/2020,LAS,NV,AWP,WE,Towers with Radar,555,52,52,10,669,0,146,21,1,168,555,198,73,11,837,0,0,0,837
10/18/2020,LAS,NV,AWP,WE,Towers with Radar,724,92,72,3,891,0,74,6,0,80,724,166,78,3,971,0,0,0,971
10/19/2020,LAS,NV,AWP,WE,Towers with Radar,677,76,62,52,867,0,138,2,4,144,677,214,64,56,1011,0,0,0,1011
10/20/2020,LAS,NV,AWP,WE,Towers with Radar,483,46,67,47,643,0,117,8,7,132,483,163,75,54,775,0,0,0,775
10/21/2020,LAS,NV,AWP,WE,Towers with Radar,481,57,64,47,649,0,116,13,1,130,481,173,77,48,779,0,0,0,779
10/22/2020,LAS,NV,AWP,WE,Towers with Radar,715,80,81,44,920,0,144,7,0,151,715,224,88,44,1071,0,0,0,1071
10/23/2020,LAS,NV,AWP,WE,Towers with Radar,679,101,94,48,922,0,225,8,1,234,679,326,102,49,1156,0,0,0,1156
10/24/2020,LAS,NV,AWP,WE,Towers with Radar,537,59,40,4,640,0,264,11,0,275,537,323,51,4,915,0,0,0,915
10/25/2020,LAS,NV,AWP,WE,Towers with Radar,685,101,79,0,865,0,176,10,0,186,685,277,89,0,1051,0,0,0,1051
10/26/2020,LAS,NV,AWP,WE,Towers with Radar,647,65,62,46,820,0,114,0,3,117,647,179,62,49,937,0,0,0,937
10/27/2020,LAS,NV,AWP,WE,Towers with Radar,474,61,69,46,650,0,105,7,0,112,474,166,76,46,762,0,0,0,762
10/28/2020,LAS,NV,AWP,WE,Towers with Radar,470,51,43,52,616,0,113,0,6,119,470,164,43,58,735,0,0,0,735
10/29/2020,LAS,NV,AWP,WE,Towers with Radar,676,61,85,50,872,0,101,9,1,111,676,162,94,51,983,0,0,0,983
10/30/2020,LAS,NV,AWP,WE,Towers with Radar,655,89,100,38,882,0,185,15,0,200,655,274,115,38,1082,0,0,0,1082
10/31/2020,LAS,NV,AWP,WE,Towers with Radar,480,42,47,1,570,0,256,4,0,260,480,298,51,1,830,0,0,0,830
11/01/2020,LAS,NV,AWP,WE,Towers with Radar,681,72,85,1,839,0,188,10,0,198,681,260,95,1,1037,0,0,0,1037
11/02/2020,LAS,NV,AWP,WE,Towers with Radar,641,61,53,41,796,0,126,5,0,131,641,187,58,41,927,0,0,0,927
11/03/2020,LAS,NV,AWP,WE,Towers with Radar,459,48,56,45,608,0,90,12,1,103,459,138,68,46,711,0,0,0,711
11/04/2020,LAS,NV,AWP,WE,Towers with Radar,484,71,59,44,658,0,105,9,5,119,484,176,68,49,777,0,0,0,777
11/05/2020,LAS,NV,AWP,WE,Towers with Radar,719,87,78,44,928,0,116,13,0,129,719,203,91,44,1057,0,0,0,1057
11/06/2020,LAS,NV,AWP,WE,Towers with Radar,695,78,91,40,904,0,214,16,0,230,695,292,107,40,1134,0,0,0,1134
11/07/2020,LAS,NV,AWP,WE,Towers with Radar,529,47,56,3,635,0,246,1,0,247,529,293,57,3,882,0,0,0,882
11/08/2020,LAS,NV,AWP,WE,Towers with Radar,758,86,88,5,937,0,134,2,0,136,758,220,90,5,1073,0,0,0,1073
11/09/2020,LAS,NV,AWP,WE,Towers with Radar,686,89,66,46,887,0,109,17,4,130,686,198,83,50,1017,0,0,0,1017
11/10/2020,LAS,NV,AWP,WE,Towers with Radar,466,55,60,44,625,0,106,11,2,119,466,161,71,46,744,0,0,0,744
11/11/2020,LAS,NV,AWP,WE,Towers with Radar,475,61,58,2,596,0,100,15,2,117,475,161,73,4,713,0,0,0,713
11/12/2020,LAS,NV,AWP,WE,Towers with Radar,727,93,84,51,955,0,132,13,1,146,727,225,97,52,1101,0,0,0,1101
11/13/2020,LAS,NV,AWP,WE,Towers with Radar,699,93,70,41,903,0,196,12,0,208,699,289,82,41,1111,0,0,0,1111
11/14/2020,LAS,NV,AWP,WE,Towers with Radar,543,55,49,1,648,0,343,7,2,352,543,398,56,3,1000,0,0,0,1000
11/15/2020,LAS,NV,AWP,WE,Towers with Radar,754,91,98,0,943,0,218,8,0,226,754,309,106,0,1169,0,0,0,1169
11/16/2020,LAS,NV,AWP,WE,Towers with Radar,683,75,52,37,847,0,107,11,0,118,683,182,63,37,965,0,0,0,965
11/17/2020,LAS,NV,AWP,WE,Towers with Radar,459,54,66,48,627,0,114,7,0,121,459,168,73,48,748,0,0,0,748
11/18/2020,LAS,NV,AWP,WE,Towers with Radar,497,50,44,46,637,0,106,6,0,112,497,156,50,46,749,0,0,0,749
11/19/2020,LAS,NV,AWP,WE,Towers with Radar,719,91,70,46,926,0,100,10,0,110,719,191,80,46,1036,0,0,0,1036
11/20/2020,LAS,NV,AWP,WE,Towers with Radar,735,117,103,42,997,0,142,12,0,154,735,259,115,42,1151,0,0,0,1151
11/21/2020,LAS,NV,AWP,WE,Towers with Radar,631,58,61,9,759,0,285,4,1,290,631,343,65,10,1049,0,0,0,1049
11/22/2020,LAS,NV,AWP,WE,Towers with Radar,732,86,101,0,919,0,177,13,0,190,732,263,114,0,1109,0,0,0,1109
11/23/2020,LAS,NV,AWP,WE,Towers with Radar,707,73,46,40,866,0,144,14,0,158,707,217,60,40,1024,0,0,0,1024
11/24/2020,LAS,NV,AWP,WE,Towers with Radar,687,59,49,46,841,0,102,9,0,111,687,161,58,46,952,0,0,0,952
11/25/2020,LAS,NV,AWP,WE,Towers with Radar,719,78,49,34,880,0,113,10,0,123,719,191,59,34,1003,0,0,0,1003
11/26/2020,LAS,NV,AWP,WE,Towers with Radar,474,39,26,0,539,0,61,6,0,67,474,100,32,0,606,0,0,0,606
11/27/2020,LAS,NV,AWP,WE,Towers with Radar,612,49,52,0,713,0,231,9,0,240,612,280,61,0,953,0,0,0,953
11/28/2020,LAS,NV,AWP,WE,Towers with Radar,687,67,54,0,808,0,226,9,0,235,687,293,63,0,1043,0,0,0,1043
11/29/2020,LAS,NV,AWP,WE,Towers with Radar,764,81,112,0,957,0,121,9,0,130,764,202,121,0,1087,0,0,0,1087
11/30/2020,LAS,NV,AWP,WE,Towers with Radar,718,50,42,42,852,0,67,6,1,74,718,117,48,43,926,0,0,0,926
12/01/2020,LAS,NV,AWP,WE,Towers with Radar,592,75,58,46,771,0,47,9,2,58,592,122,67,48,829,0,0,0,829
12/02/2020,LAS,NV,AWP,WE,Towers with Radar,431,64,55,44,594,0,51,13,1,65,431,115,68,45,659,0,0,0,659
12/03/2020,LAS,NV,AWP,WE,Towers with Radar,590,59,74,45,768,0,60,3,1,64,590,119,77,46,832,0,0,0,832
12/04/2020,LAS,NV,AWP,WE,Towers with Radar,580,65,87,37,769,0,122,13,2,137,580,187,100,39,906,0,0,0,906
12/05/2020,LAS,NV,AWP,WE,Towers with Radar,469,58,51,7,585,0,183,3,4,190,469,241,54,11,775,0,0,0,775
12/06/2020,LAS,NV,AWP,WE,Towers with Radar,618,67,74,3,762,0,119,11,0,130,618,186,85,3,892,0,0,0,892
12/07/2020,LAS,NV,AWP,WE,Towers with Radar,572,77,50,43,742,0,48,7,0,55,572,125,57,43,797,0,0,0,797
12/08/2020,LAS,NV,AWP,WE,Towers with Radar,404,53,39,49,545,0,59,16,0,75,404,112,55,49,620,0,0,0,620
12/09/2020,LAS,NV,AWP,WE,Towers with Radar,407,69,40,47,563,0,64,6,1,71,407,133,46,48,634,0,0,0,634
12/10/2020,LAS,NV,AWP,WE,Towers with Radar,582,75,50,45,752,0,62,13,0,75,582,137,63,45,827,0,0,0,827
12/11/2020,LAS,NV,AWP,WE,Towers with Radar,566,109,60,38,773,0,81,5,0,86,566,190,65,38,859,0,0,0,859
12/12/2020,LAS,NV,AWP,WE,Towers with Radar,466,82,45,0,593,0,153,10,0,163,466,235,55,0,756,0,0,0,756
12/13/2020,LAS,NV,AWP,WE,Towers with Radar,596,87,53,0,736,0,90,6,0,96,596,177,59,0,832,0,0,0,832
12/14/2020,LAS,NV,AWP,WE,Towers with Radar,549,62,54,42,707,0,59,4,0,63,549,121,58,42,770,0,0,0,770
12/15/2020,LAS,NV,AWP,WE,Towers with Radar,402,59,61,46,568,0,72,8,0,80,402,131,69,46,648,0,0,0,648
12/16/2020,LAS,NV,AWP,WE,Towers with Radar,450,62,55,46,613,0,74,5,0,79,450,136,60,46,692,0,0,0,692
12/17/2020,LAS,NV,AWP,WE,Towers with Radar,702,83,52,44,881,0,64,1,0,65,702,147,53,44,946,0,0,0,946
12/18/2020,LAS,NV,AWP,WE,Towers with Radar,697,111,98,39,945,0,91,7,0,98,697,202,105,39,1043,0,0,0,1043
12/19/2020,LAS,NV,AWP,WE,Towers with Radar,628,82,65,0,775,0,162,2,0,164,628,244,67,0,939,0,0,0,939
12/20/2020,LAS,NV,AWP,WE,Towers with Radar,722,85,70,2,879,0,138,10,1,149,722,223,80,3,1028,0,0,0,1028
12/21/2020,LAS,NV,AWP,WE,Towers with Radar,671,95,54,32,852,0,83,7,1,91,671,178,61,33,943,0,0,0,943
12/22/2020,LAS,NV,AWP,WE,Towers with Radar,635,68,45,33,781,0,106,5,0,111,635,174,50,33,892,0,0,0,892
12/23/2020,LAS,NV,AWP,WE,Towers with Radar,693,50,47,26,816,0,110,6,0,116,693,160,53,26,932,0,0,0,932
12/24/2020,LAS,NV,AWP,WE,Towers with Radar,531,30,36,2,599,0,54,0,0,54,531,84,36,2,653,0,0,0,653
12/25/2020,LAS,NV,AWP,WE,Towers with Radar,431,58,26,2,517,0,102,10,0,112,431,160,36,2,629,0,0,0,629
12/26/2020,LAS,NV,AWP,WE,Towers with Radar,670,77,50,0,797,0,152,11,0,163,670,229,61,0,960,0,0,0,960
12/27/2020,LAS,NV,AWP,WE,Towers with Radar,714,99,79,0,892,0,122,4,0,126,714,221,83,0,1018,0,0,0,1018
12/28/2020,LAS,NV,AWP,WE,Towers with Radar,667,77,68,15,827,0,112,4,0,116,667,189,72,15,943,0,0,0,943
12/29/2020,LAS,NV,AWP,WE,Towers with Radar,629,99,61,14,803,0,161,7,0,168,629,260,68,14,971,0,0,0,971
12/30/2020,LAS,NV,AWP,WE,Towers with Radar,698,85,64,22,869,0,194,12,1,207,698,279,76,23,1076,0,0,0,1076
12/31/2020,LAS,NV,AWP,WE,Towers with Radar,530,101,61,0,692,0,192,14,1,207,530,293,75,1,899,0,0,0,899
01/01/2021,LAS,NV,AWP,WE,Towers with Radar,475,91,51,0,617,0,270,8,1,279,475,361,59,1,896,0,0,0,896
01/02/2021,LAS,NV,AWP,WE,Towers with Radar,698,86,79,0,863,0,301,11,0,312,698,387,90,0,1175,0,0,0,1175
01/03/2021,LAS,NV,AWP,WE,Towers with Radar,729,67,112,0,908,0,185,10,0,195,729,252,122,0,1103,0,0,0,1103
01/04/2021,LAS,NV,AWP,WE,Towers with Radar,679,60,58,42,839,0,83,5,0,88,679,143,63,42,927,0,0,0,927
01/05/2021,LAS,NV,AWP,WE,Towers with Radar,544,48,36,47,675,0,76,6,0,82,544,124,42,47,757,0,0,0,757
01/06/2021,LAS,NV,AWP,WE,Towers with Radar,477,43,55,46,621,0,55,2,0,57,477,98,57,46,678,0,0,0,678
01/07/2021,LAS,NV,AWP,WE,Towers with Radar,568,51,55,46,720,0,61,4,1,66,568,112,59,47,786,0,0,0,786
01/08/2021,LAS,NV,AWP,WE,Towers with Radar,558,64,61,43,726,0,126,8,1,135,558,190,69,44,861,0,0,0,861
01/09/2021,LAS,NV,AWP,WE,Towers with Radar,464,72,64,2,602,0,170,29,0,199,464,242,93,2,801,0,0,0,801
01/10/2021,LAS,NV,AWP,WE,Towers with Radar,555,70,62,2,689,0,117,10,0,127,555,187,72,2,816,0,0,0,816
01/11/2021,LAS,NV,AWP,WE,Towers with Radar,529,55,49,46,679,0,68,4,0,72,529,123,53,46,751,0,0,0,751
01/12/2021,LAS,NV,AWP,WE,Towers with Radar,416,59,57,46,578,0,56,3,0,59,416,115,60,46,637,0,0,0,637
01/13/2021,LAS,NV,AWP,WE,Towers with Radar,414,53,65,45,577,0,54,6,0,60,414,107,71,45,637,0,0,0,637
01/14/2021,LAS,NV,AWP,WE,Towers with Radar,568,64,69,48,749,0,58,10,2,70,568,122,79,50,819,0,0,0,819
01/15/2021,LAS,NV,AWP,WE,Towers with Radar,567,84,84,6,741,0,135,3,0,138,567,219,87,6,879,0,0,0,879
01/16/2021,LAS,NV,AWP,WE,Towers with Radar,469,71,40,10,590,0,196,8,0,204,469,267,48,10,794,0,0,0,794
01/17/2021,LAS,NV,AWP,WE,Towers with Radar,560,72,79,9,720,0,134,4,0,138,560,206,83,9,858,0,0,0,858
01/18/2021,LAS,NV,AWP,WE,Towers with Radar,551,60,75,1,687,0,74,9,1,84,551,134,84,2,771,0,0,0,771
01/19/2021,LAS,NV,AWP,WE,Towers with Radar,413,40,33,47,533,0,65,2,0,67,413,105,35,47,600,0,0,0,600
01/20/2021,LAS,NV,AWP,WE,Towers with Radar,411,53,60,49,573,0,83,4,0,87,411,136,64,49,660,0,0,0,660
01/21/2021,LAS,NV,AWP,WE,Towers with Radar,576,61,65,47,749,0,86,2,0,88,576,147,67,47,837,0,0,0,837
01/22/2021,LAS,NV,AWP,WE,Towers with Radar,569,87,92,40,788,0,145,2,0,147,569,232,94,40,935,0,0,0,935
01/23/2021,LAS,NV,AWP,WE,Towers with Radar,460,59,48,1,568,0,294,1,0,295,460,353,49,1,863,0,0,0,863
01/24/2021,LAS,NV,AWP,WE,Towers with Radar,571,85,87,1,744,0,146,2,0,148,571,231,89,1,892,0,0,0,892
01/25/2021,LAS,NV,AWP,WE,Towers with Radar,533,63,55,1,652,0,22,0,0,22,533,85,55,1,674,0,0,0,674
01/26/2021,LAS,NV,AWP,WE,Towers with Radar,409,52,63,29,553,0,84,11,4,99,409,136,74,33,652,0,0,0,652
01/27/2021,LAS,NV,AWP,WE,Towers with Radar,418,71,59,18,566,0,93,18,2,113,418,164,77,20,679,0,0,0,679
01/28/2021,LAS,NV,AWP,WE,Towers with Radar,576,69,60,48,753,0,98,8,0,106,576,167,68,48,859,0,0,0,859
01/29/2021,LAS,NV,AWP,WE,Towers with Radar,573,87,68,20,748,0,134,9,1,144,573,221,77,21,892,0,0,0,892
01/30/2021,LAS,NV,AWP,WE,Towers with Radar,460,62,42,4,568,0,322,3,0,325,460,384,45,4,893,0,0,0,893
01/31/2021,LAS,NV,AWP,WE,Towers with Radar,573,83,73,3,732,0,161,6,0,167,573,244,79,3,899,0,0,0,899
02/01/2021,LAS,NV,AWP,WE,Towers with Radar,525,49,43,42,659,0,78,4,0,82,525,127,47,42,741,0,0,0,741
02/02/2021,LAS,NV,AWP,WE,Towers with Radar,415,56,40,46,557,0,78,6,0,84,415,134,46,46,641,0,0,0,641
02/03/2021,LAS,NV,AWP,WE,Towers with Radar,414,49,48,48,559,0,59,3,0,62,414,108,51,48,621,0,0,0,621
02/04/2021,LAS,NV,AWP,WE,Towers with Radar,580,68,89,47,784,0,76,4,0,80,580,144,93,47,864,0,0,0,864
02/05/2021,LAS,NV,AWP,WE,Towers with Radar,581,75,121,44,821,0,178,7,0,185,581,253,128,44,1006,0,0,0,1006
02/06/2021,LAS,NV,AWP,WE,Towers with Radar,467,90,93,1,651,0,320,17,0,337,467,410,110,1,988,0,0,0,988
02/07/2021,LAS,NV,AWP,WE,Towers with Radar,578,109,89,0,776,0,112,4,0,116,578,221,93,0,892,0,0,0,892
02/08/2021,LAS,NV,AWP,WE,Towers with Radar,562,116,133,38,849,0,100,13,1,114,562,216,146,39,963,0,0,0,963
02/09/2021,LAS,NV,AWP,WE,Towers with Radar,416,62,72,50,600,0,109,7,2,118,416,171,79,52,718,0,0,0,718
02/10/2021,LAS,NV,AWP,WE,Towers with Radar,436,53,71,48,608,0,119,11,6,136,436,172,82,54,744,0,0,0,744
02/11/2021,LAS,NV,AWP,WE,Towers with Radar,610,65,95,51,821,0,126,7,7,140,610,191,102,58,961,0,0,0,961
02/12/2021,LAS,NV,AWP,WE,Towers with Radar,619,79,122,6,826,0,331,4,0,335,619,410,126,6,1161,0,0,0,1161
02/13/2021,LAS,NV,AWP,WE,Towers with Radar,481,76,58,2,617,0,432,6,0,438,481,508,64,2,1055,0,0,0,1055
02/14/2021,LAS,NV,AWP,WE,Towers with Radar,518,89,70,2,679,0,502,4,0,506,518,591,74,2,1185,0,0,0,1185
02/15/2021,LAS,NV,AWP,WE,Towers with Radar,517,92,86,1,696,0,318,5,1,324,517,410,91,2,1020,0,0,0,1020
02/16/2021,LAS,NV,AWP,WE,Towers with Radar,397,75,72,51,595,0,154,4,0,158,397,229,76,51,753,0,0,0,753
02/17/2021,LAS,NV,AWP,WE,Towers with Radar,422,69,63,46,600,0,134,8,2,144,422,203,71,48,744,0,0,0,744
02/18/2021,LAS,NV,AWP,WE,Towers with Radar,576,103,87,45,811,0,132,10,1,143,576,235,97,46,954,0,0,0,954
02/19/2021,LAS,NV,AWP,WE,Towers with Radar,605,103,67,49,824,0,220,12,1,233,605,323,79,50,1057,0,0,0,1057
02/20/2021,LAS,NV,AWP,WE,Towers with Radar,509,97,39,9,654,0,317,8,0,325,509,414,47,9,979,0,0,0,979
02/21/2021,LAS,NV,AWP,WE,Towers with Radar,615,92,81,11,799,0,224,13,1,238,615,316,94,12,1037,0,0,0,1037
02/22/2021,LAS,NV,AWP,WE,Towers with Radar,592,68,43,53,756,0,119,5,1,125,592,187,48,54,881,0,0,0,881
02/23/2021,LAS,NV,AWP,WE,Towers with Radar,443,62,73,52,630,0,109,5,3,117,443,171,78,55,747,0,0,0,747
02/24/2021,LAS,NV,AWP,WE,Towers with Radar,459,75,79,62,675,0,88,6,4,98,459,163,85,66,773,0,0,0,773
02/25/2021,LAS,NV,AWP,WE,Towers with Radar,615,83,98,29,825,0,136,6,4,146,615,219,104,33,971,0,0,0,971
02/26/2021,LAS,NV,AWP,WE,Towers with Radar,615,75,147,7,844,0,241,11,0,252,615,316,158,7,1096,0,0,0,1096
02/27/2021,LAS,NV,AWP,WE,Towers with Radar,506,38,68,3,615,0,379,13,0,392,506,417,81,3,1007,0,0,0,1007
02/28/2021,LAS,NV,AWP,WE,Towers with Radar,613,80,85,2,780,0,268,12,1,281,613,348,97,3,1061,0,0,0,1061
03/01/2021,LAS,NV,AWP,WE,Towers with Radar,593,83,67,23,766,0,122,13,1,136,593,205,80,24,902,0,0,0,902
03/02/2021,LAS,NV,AWP,WE,Towers with Radar,454,54,54,52,614,0,104,3,3,110,454,158,57,55,724,0,0,0,724
03/03/2021,LAS,NV,AWP,WE,Towers with Radar,477,66,91,44,678,0,84,3,5,92,477,150,94,49,770,0,0,0,770
03/04/2021,LAS,NV,AWP,WE,Towers with Radar,651,74,119,47,891,0,137,2,3,142,651,211,121,50,1033,0,0,0,1033
03/05/2021,LAS,NV,AWP,WE,Towers with Radar,639,98,105,46,888,0,277,13,0,290,639,375,118,46,1178,0,0,0,1178
03/06/2021,LAS,NV,AWP,WE,Towers with Radar,541,62,76,1,680,0,417,5,1,423,541,479,81,2,1103,0,0,0,1103
03/07/2021,LAS,NV,AWP,WE,Towers with Radar,720,91,125,1,937,0,303,15,1,319,720,394,140,2,1256,0,0,0,1256
03/08/2021,LAS,NV,AWP,WE,Towers with Radar,719,69,67,43,898,0,174,1,2,177,719,243,68,45,1075,0,0,0,1075
03/09/2021,LAS,NV,AWP,WE,Towers with Radar,494,70,54,48,666,0,140,2,4,146,494,210,56,52,812,0,0,0,812
03/10/2021,LAS,NV,AWP,WE,Towers with Radar,535,55,74,36,700,0,126,2,1,129,535,181,76,37,829,0,0,0,829
03/11/2021,LAS,NV,AWP,WE,Towers with Radar,783,79,82,24,968,0,138,0,0,138,783,217,82,24,1106,0,0,0,1106
03/12/2021,LAS,NV,AWP,WE,Towers with Radar,781,92,91,31,995,0,247,4,0,251,781,339,95,31,1246,0,0,0,1246
03/13/2021,LAS,NV,AWP,WE,Towers with Radar,641,62,63,1,767,0,414,2,4,420,641,476,65,5,1187,0,0,0,1187
03/14/2021,LAS,NV,AWP,WE,Towers with Radar,766,79,91,2,938,0,354,1,1,356,766,433,92,3,1294,0,0,0,1294
03/15/2021,LAS,NV,AWP,WE,Towers with Radar,741,66,37,31,875,0,255,0,2,257,741,321,37,33,1132,0,0,0,1132
03/16/2021,LAS,NV,AWP,WE,Towers with Radar,635,70,65,45,815,0,222,4,5,231,635,292,69,50,1046,0,0,0,1046
03/17/2021,LAS,NV,AWP,WE,Towers with Radar,655,56,75,50,836,0,254,21,5,280,655,310,96,55,1116,0,0,0,1116
03/18/2021,LAS,NV,AWP,WE,Towers with Radar,790,104,111,48,1053,0,252,1,5,258,790,356,112,53,1311,0,0,0,1311
03/19/2021,LAS,NV,AWP,WE,Towers with Radar,795,75,129,53,1052,0,354,6,1,361,795,429,135,54,1413,0,0,0,1413
03/20/2021,LAS,NV,AWP,WE,Towers with Radar,669,65,49,1,784,0,385,7,2,394,669,450,56,3,1178,0,0,0,1178
03/21/2021,LAS,NV,AWP,WE,Towers with Radar,787,113,114,4,1018,0,363,7,3,373,787,476,121,7,1391,0,0,0,1391
03/22/2021,LAS,NV,AWP,WE,Towers with Radar,770,97,61,40,968,0,263,7,0,270,770,360,68,40,1238,0,0,0,1238
03/23/2021,LAS,NV,AWP,WE,Towers with Radar,646,66,69,50,831,0,231,4,3,238,646,297,73,53,1069,0,0,0,1069
03/24/2021,LAS,NV,AWP,WE,Towers with Radar,662,65,75,48,850,0,231,7,8,246,662,296,82,56,1096,0,0,0,1096
03/25/2021,LAS,NV,AWP,WE,Towers with Radar,792,104,98,50,1044,0,242,8,2,252,792,346,106,52,1296,0,0,0,1296
03/26/2021,LAS,NV,AWP,WE,Towers with Radar,805,99,133,47,1084,0,351,12,4,367,805,450,145,51,1451,0,0,0,1451
03/27/2021,LAS,NV,AWP,WE,Towers with Radar,675,71,74,1,821,0,393,5,2,400,675,464,79,3,1221,0,0,0,1221
03/28/2021,LAS,NV,AWP,WE,Towers with Radar,789,111,119,5,1024,0,371,12,2,385,789,482,131,7,1409,0,0,0,1409
03/29/2021,LAS,NV,AWP,WE,Towers with Radar,777,67,48,46,938,0,285,13,1,299,777,352,61,47,1237,0,0,0,1237
03/30/2021,LAS,NV,AWP,WE,Towers with Radar,663,56,52,49,820,0,289,7,4,300,663,345,59,53,1120,0,0,0,1120
03/31/2021,LAS,NV,AWP,WE,Towers with Radar,672,70,75,46,863,0,264,25,5,294,672,334,100,51,1157,0,0,0,1157
04/01/2021,LAS,NV,AWP,WE,Towers with Radar,816,66,91,49,1022,0,279,4,1,284,816,345,95,50,1306,0,0,0,1306
04/02/2021,LAS,NV,AWP,WE,Towers with Radar,793,86,76,38,993,0,369,12,4,385,793,455,88,42,1378,0,0,0,1378
04/03/2021,LAS,NV,AWP,WE,Towers with Radar,681,58,65,0,804,0,396,7,0,403,681,454,72,0,1207,0,0,0,1207
04/04/2021,LAS,NV,AWP,WE,Towers with Radar,799,82,63,1,945,0,392,3,2,397,799,474,66,3,1342,0,0,0,1342
04/05/2021,LAS,NV,AWP,WE,Towers with Radar,794,73,84,39,990,0,280,9,0,289,794,353,93,39,1279,0,0,0,1279
04/06/2021,LAS,NV,AWP,WE,Towers with Radar,646,67,65,48,826,0,252,10,2,264,646,319,75,50,1090,0,0,0,1090
04/07/2021,LAS,NV,AWP,WE,Towers with Radar,663,66,90,47,866,0,287,4,7,298,663,353,94,54,1164,0,0,0,1164
04/08/2021,LAS,NV,AWP,WE,Towers with Radar,823,107,79,57,1066,0,285,6,4,295,823,392,85,61,1361,0,0,0,1361
04/09/2021,LAS,NV,AWP,WE,Towers with Radar,806,102,117,41,1066,0,354,24,5,383,806,456,141,46,1449,0,0,0,1449
04/10/2021,LAS,NV,AWP,WE,Towers with Radar,655,82,64,5,806,0,386,7,2,395,655,468,71,7,1201,0,0,0,1201
04/11/2021,LAS,NV,AWP,WE,Towers with Radar,812,126,110,5,1053,0,362,10,1,373,812,488,120,6,1426,0,0,0,1426
04/12/2021,LAS,NV,AWP,WE,Towers with Radar,795,96,72,43,1006,0,233,1,0,234,795,329,73,43,1240,0,0,0,1240
04/13/2021,LAS,NV,AWP,WE,Towers with Radar,553,72,67,51,743,0,230,7,1,238,553,302,74,52,981,0,0,0,981
04/14/2021,LAS,NV,AWP,WE,Towers with Radar,556,81,103,47,787,0,230,4,4,238,556,311,107,51,1025,0,0,0,1025
04/15/2021,LAS,NV,AWP,WE,Towers with Radar,793,93,110,49,1045,0,242,3,6,251,793,335,113,55,1296,0,0,0,1296
04/16/2021,LAS,NV,AWP,WE,Towers with Radar,803,96,110,58,1067,0,341,19,4,364,803,437,129,62,1431,0,0,0,1431
04/17/2021,LAS,NV,AWP,WE,Towers with Radar,629,64,65,2,760,0,372,7,0,379,629,436,72,2,1139,0,0,0,1139
04/18/2021,LAS,NV,AWP,WE,Towers with Radar,815,118,98,11,1042,0,337,13,3,353,815,455,111,14,1395,0,0,0,1395
04/19/2021,LAS,NV,AWP,WE,Towers with Radar,764,90,79,43,976,0,243,14,1,258,764,333,93,44,1234,0,0,0,1234
04/20/2021,LAS,NV,AWP,WE,Towers with Radar,560,71,57,52,740,0,233,3,7,243,560,304,60,59,983,0,0,0,983
04/21/2021,LAS,NV,AWP,WE,Towers with Radar,560,81,96,48,785,0,208,2,2,212,560,289,98,50,997,0,0,0,997
04/22/2021,LAS,NV,AWP,WE,Towers with Radar,804,108,114,49,1075,0,236,3,8,247,804,344,117,57,1322,0,0,0,1322
04/23/2021,LAS,NV,AWP,WE,Towers with Radar,798,124,128,47,1097,0,302,8,3,313,798,426,136,50,1410,0,0,0,1410
04/24/2021,LAS,NV,AWP,WE,Towers with Radar,625,83,50,2,760,0,347,5,1,353,625,430,55,3,1113,0,0,0,1113
04/25/2021,LAS,NV,AWP,WE,Towers with Radar,825,117,118,2,1062,0,302,4,0,306,825,419,122,2,1368,0,0,0,1368
04/26/2021,LAS,NV,AWP,WE,Towers with Radar,795,85,62,44,986,0,225,1,0,226,795,310,63,44,1212,0,0,0,1212
04/27/2021,LAS,NV,AWP,WE,Towers with Radar,555,61,68,48,732,0,217,0,2,219,555,278,68,50,951,0,0,0,951
04/28/2021,LAS,NV,AWP,WE,Towers with Radar,572,85,89,45,791,0,212,8,2,222,572,297,97,47,1013,0,0,0,1013
04/29/2021,LAS,NV,AWP,WE,Towers with Radar,806,111,125,46,1088,0,223,7,4,234,806,334,132,50,1322,0,0,0,1322
04/30/2021,LAS,NV,AWP,WE,Towers with Radar,794,121,126,49,1090,0,340,23,1,364,794,461,149,50,1454,0,0,0,1454
05/01/2021,LAS,NV,AWP,WE,Towers with Radar,645,80,70,5,800,0,368,21,1,390,645,448,91,6,1190,0,0,0,1190
05/02/2021,LAS,NV,AWP,WE,Towers with Radar,809,116,123,2,1050,0,370,15,2,387,809,486,138,4,1437,0,0,0,1437
05/03/2021,LAS,NV,AWP,WE,Towers with Radar,781,85,92,43,1001,0,252,5,3,260,781,337,97,46,1261,0,0,0,1261
05/04/2021,LAS,NV,AWP,WE,Towers with Radar,538,56,99,48,741,0,229,7,9,245,538,285,106,57,986,0,0,0,986
05/05/2021,LAS,NV,AWP,WE,Towers with Radar,612,78,104,51,845,0,231,13,1,245,612,309,117,52,1090,0,0,0,1090
05/06/2021,LAS,NV,AWP,WE,Towers with Radar,830,87,96,54,1067,0,245,11,2,258,830,332,107,56,1325,0,0,0,1325
05/07/2021,LAS,NV,AWP,WE,Towers with Radar,839,113,92,42,1086,0,326,7,4,337,839,439,99,46,1423,0,0,0,1423
05/08/2021,LAS,NV,AWP,WE,Towers with Radar,717,68,69,0,854,0,385,8,0,393,717,453,77,0,1247,0,0,0,1247
05/09/2021,LAS,NV,AWP,WE,Towers with Radar,889,102,110,5,1106,0,369,5,1,375,889,471,115,6,1481,0,0,0,1481
05/10/2021,LAS,NV,AWP,WE,Towers with Radar,879,84,58,51,1072,0,262,0,3,265,879,346,58,54,1337,0,0,0,1337
05/11/2021,LAS,NV,AWP,WE,Towers with Radar,712,78,70,50,910,0,234,3,4,241,712,312,73,54,1151,0,0,0,1151
05/12/2021,LAS,NV,AWP,WE,Towers with Radar,726,76,103,46,951,0,253,5,3,261,726,329,108,49,1212,0,0,0,1212
05/13/2021,LAS,NV,AWP,WE,Towers with Radar,899,113,93,48,1153,0,259,5,5,269,899,372,98,53,1422,0,0,0,1422
05/14/2021,LAS,NV,AWP,WE,Towers with Radar,910,113,150,49,1222,0,346,9,1,356,910,459,159,50,1578,0,0,0,1578
05/15/2021,LAS,NV,AWP,WE,Towers with Radar,733,76,70,3,882,0,387,4,0,391,733,463,74,3,1273,0,0,0,1273
05/16/2021,LAS,NV,AWP,WE,Towers with Radar,903,124,144,2,1173,0,346,7,0,353,903,470,151,2,1526,0,0,0,1526
05/17/2021,LAS,NV,AWP,WE,Towers with Radar,897,87,100,44,1128,0,265,3,2,270,897,352,103,46,1398,0,0,0,1398
05/18/2021,LAS,NV,AWP,WE,Towers with Radar,733,79,107,41,960,0,274,17,2,293,733,353,124,43,1253,0,0,0,1253
05/19/2021,LAS,NV,AWP,WE,Towers with Radar,740,102,99,51,992,0,240,9,2,251,740,342,108,53,1243,0,0,0,1243
05/20/2021,LAS,NV,AWP,WE,Towers with Radar,905,118,110,45,1178,0,108,4,2,114,905,226,114,47,1292,0,0,0,1292
05/21/2021,LAS,NV,AWP,WE,Towers with Radar,915,126,127,24,1192,0,323,8,0,331,915,449,135,24,1523,0,0,0,1523
05/22/2021,LAS,NV,AWP,WE,Towers with Radar,725,100,88,0,913,0,367,8,0,375,725,467,96,0,1288,0,0,0,1288
05/23/2021,LAS,NV,AWP,WE,Towers with Radar,909,137,156,1,1203,0,369,16,1,386,909,506,172,2,1589,0,0,0,1589
05/24/2021,LAS,NV,AWP,WE,Towers with Radar,892,107,93,46,1138,0,283,16,2,301,892,390,109,48,1439,0,0,0,1439
05/25/2021,LAS,NV,AWP,WE,Towers with Radar,716,90,81,50,937,0,298,6,3,307,716,388,87,53,1244,0,0,0,1244
05/26/2021,LAS,NV,AWP,WE,Towers with Radar,737,108,92,44,981,0,271,6,5,282,737,379,98,49,1263,0,0,0,1263
05/27/2021,LAS,NV,AWP,WE,Towers with Radar,908,126,159,51,1244,0,274,9,3,286,908,400,168,54,1530,0,0,0,1530
05/28/2021,LAS,NV,AWP,WE,Towers with Radar,906,138,133,3,1180,0,344,12,0,356,906,482,145,3,1536,0,0,0,1536
05/29/2021,LAS,NV,AWP,WE,Towers with Radar,748,92,71,2,913,0,365,11,0,376,748,457,82,2,1289,0,0,0,1289
05/30/2021,LAS,NV,AWP,WE,Towers with Radar,907,107,68,0,1082,0,393,10,0,403,907,500,78,0,1485,0,0,0,1485
05/31/2021,LAS,NV,AWP,WE,Towers with Radar,904,115,113,1,1133,0,306,14,1,321,904,421,127,2,1454,0,0,0,1454
06/01/2021,LAS,NV,AWP,WE,Towers with Radar,792,89,84,45,1010,0,275,7,2,284,792,364,91,47,1294,0,0,0,1294
06/02/2021,LAS,NV,AWP,WE,Towers with Radar,816,89,97,46,1048,0,271,10,3,284,816,360,107,49,1332,0,0,0,1332
06/03/2021,LAS,NV,AWP,WE,Towers with Radar,899,116,96,48,1159,0,270,10,3,283,899,386,106,51,1442,0,0,0,1442
06/04/2021,LAS,NV,AWP,WE,Towers with Radar,933,147,116,41,1237,0,316,18,1,335,933,463,134,42,1572,0,0,0,1572
06/05/2021,LAS,NV,AWP,WE,Towers with Radar,774,105,91,4,974,0,369,16,3,388,774,474,107,7,1362,0,0,0,1362
06/06/2021,LAS,NV,AWP,WE,Towers with Radar,902,149,154,7,1212,0,350,18,1,369,902,499,172,8,1581,0,0,0,1581
06/07/2021,LAS,NV,AWP,WE,Towers with Radar,932,106,116,49,1203,0,285,5,3,293,932,391,121,52,1496,0,0,0,1496
06/08/2021,LAS,NV,AWP,WE,Towers with Radar,786,88,93,47,1014,0,290,9,3,302,786,378,102,50,1316,0,0,0,1316
06/09/2021,LAS,NV,AWP,WE,Towers with Radar,824,94,100,50,1068,0,277,9,3,289,824,371,109,53,1357,0,0,0,1357
06/10/2021,LAS,NV,AWP,WE,Towers with Radar,935,131,127,50,1243,0,278,6,2,286,935,409,133,52,1529,0,0,0,1529
06/11/2021,LAS,NV,AWP,WE,Towers with Radar,979,130,142,49,1300,0,318,13,1,332,979,448,155,50,1632,0,0,0,1632
06/12/2021,LAS,NV,AWP,WE,Towers with Radar,772,90,98,1,961,0,351,9,0,360,772,441,107,1,1321,0,0,0,1321
06/13/2021,LAS,NV,AWP,WE,Towers with Radar,905,143,147,2,1197,0,367,11,1,379,905,510,158,3,1576,0,0,0,1576
06/14/2021,LAS,NV,AWP,WE,Towers with Radar,939,99,106,44,1188,0,310,6,2,318,939,409,112,46,1506,0,0,0,1506
06/15/2021,LAS,NV,AWP,WE,Towers with Radar,719,87,84,46,936,0,309,12,2,323,719,396,96,48,1259,0,0,0,1259
06/16/2021,LAS,NV,AWP,WE,Towers with Radar,799,109,114,49,1071,0,264,5,3,272,799,373,119,52,1343,0,0,0,1343
06/17/2021,LAS,NV,AWP,WE,Towers with Radar,950,136,120,54,1260,0,310,5,1,316,950,446,125,55,1576,0,0,0,1576
06/18/2021,LAS,NV,AWP,WE,Towers with Radar,929,158,133,16,1236,0,367,3,0,370,929,525,136,16,1606,0,0,0,1606
06/19/2021,LAS,NV,AWP,WE,Towers with Radar,793,106,84,1,984,0,360,6,1,367,793,466,90,2,1351,0,0,0,1351
06/20/2021,LAS,NV,AWP,WE,Towers with Radar,892,144,113,2,1151,0,367,8,1,376,892,511,121,3,1527,0,0,0,1527
06/21/2021,LAS,NV,AWP,WE,Towers with Radar,940,118,107,44,1209,0,337,5,2,344,940,455,112,46,1553,0,0,0,1553
06/22/2021,LAS,NV,AWP,WE,Towers with Radar,801,110,93,51,1055,0,306,5,3,314,801,416,98,54,1369,0,0,0,1369
06/23/2021,LAS,NV,AWP,WE,Towers with Radar,837,105,93,43,1078,0,315,3,3,321,837,420,96,46,1399,0,0,0,1399
06/24/2021,LAS,NV,AWP,WE,Towers with Radar,896,129,114,46,1185,0,319,9,3,331,896,448,123,49,1516,0,0,0,1516
06/25/2021,LAS,NV,AWP,WE,Towers with Radar,951,147,139,43,1280,0,379,16,2,397,951,526,155,45,1677,0,0,0,1677
06/26/2021,LAS,NV,AWP,WE,Towers with Radar,784,97,97,0,978,0,391,11,0,402,784,488,108,0,1380,0,0,0,1380
06/27/2021,LAS,NV,AWP,WE,Towers with Radar,897,155,179,1,1232,0,374,11,4,389,897,529,190,5,1621,0,0,0,1621
06/28/2021,LAS,NV,AWP,WE,Towers with Radar,936,110,122,42,1210,0,306,8,2,316,936,416,130,44,1526,0,0,0,1526
06/29/2021,LAS,NV,AWP,WE,Towers with Radar,805,93,77,47,1022,0,255,5,1,261,805,348,82,48,1283,0,0,0,1283
06/30/2021,LAS,NV,AWP,WE,Towers with Radar,848,106,111,46,1111,0,311,15,2,328,848,417,126,48,1439,0,0,0,1439
07/01/2021,LAS,NV,AWP,WE,Towers with Radar,943,134,116,48,1241,0,296,5,1,302,943,430,121,49,1543,0,0,0,1543
07/02/2021,LAS,NV,AWP,WE,Towers with Radar,974,136,141,1,1252,0,308,8,0,316,974,444,149,1,1568,0,0,0,1568
07/03/2021,LAS,NV,AWP,WE,Towers with Radar,775,112,99,5,991,0,333,3,2,338,775,445,102,7,1329,0,0,0,1329
07/04/2021,LAS,NV,AWP,WE,Towers with Radar,874,105,89,0,1068,0,325,0,0,325,874,430,89,0,1393,0,0,0,1393
07/05/2021,LAS,NV,AWP,WE,Towers with Radar,939,117,144,3,1203,0,341,8,3,352,939,458,152,6,1555,0,0,0,1555
07/06/2021,LAS,NV,AWP,WE,Towers with Radar,831,106,97,42,1076,0,330,6,1,337,831,436,103,43,1413,0,0,0,1413
07/07/2021,LAS,NV,AWP,WE,Towers with Radar,846,88,98,50,1082,0,322,7,4,333,846,410,105,54,1415,0,0,0,1415
07/08/2021,LAS,NV,AWP,WE,Towers with Radar,941,147,150,52,1290,0,326,7,2,335,941,473,157,54,1625,0,0,0,1625
07/09/2021,LAS,NV,AWP,WE,Towers with Radar,912,176,212,40,1340,0,312,17,1,330,912,488,229,41,1670,0,0,0,1670
07/10/2021,LAS,NV,AWP,WE,Towers with Radar,823,149,155,2,1129,0,317,9,0,326,823,466,164,2,1455,0,0,0,1455
07/11/2021,LAS,NV,AWP,WE,Towers with Radar,889,231,286,1,1407,0,205,15,1,221,889,436,301,2,1628,0,0,0,1628
07/12/2021,LAS,NV,AWP,WE,Towers with Radar,932,149,146,46,1273,0,266,17,4,287,932,415,163,50,1560,0,0,0,1560
07/13/2021,LAS,NV,AWP,WE,Towers with Radar,902,96,97,51,1146,2,278,7,13,300,904,374,104,64,1446,0,0,0,1446
07/14/2021,LAS,NV,AWP,WE,Towers with Radar,856,109,113,52,1130,0,281,5,6,292,856,390,118,58,1422,0,0,0,1422
07/15/2021,LAS,NV,AWP,WE,Towers with Radar,964,138,113,53,1268,0,338,3,1,342,964,476,116,54,1610,0,0,0,1610
07/16/2021,LAS,NV,AWP,WE,Towers with Radar,972,116,102,44,1234,0,379,9,4,392,972,495,111,48,1626,0,0,0,1626
07/17/2021,LAS,NV,AWP,WE,Towers with Radar,784,108,73,2,967,0,390,6,0,396,784,498,79,2,1363,0,0,0,1363
07/18/2021,LAS,NV,AWP,WE,Towers with Radar,911,129,140,1,1181,0,321,2,0,323,911,450,142,1,1504,0,0,0,1504
07/19/2021,LAS,NV,AWP,WE,Towers with Radar,960,112,82,43,1197,0,337,5,3,345,960,449,87,46,1542,0,0,0,1542
07/20/2021,LAS,NV,AWP,WE,Towers with Radar,855,85,76,47,1063,0,306,15,5,326,855,391,91,52,1389,0,0,0,1389
07/21/2021,LAS,NV,AWP,WE,Towers with Radar,862,90,102,48,1102,0,340,8,4,352,862,430,110,52,1454,0,0,0,1454
07/22/2021,LAS,NV,AWP,WE,Towers with Radar,929,116,126,41,1212,0,324,10,3,337,929,440,136,44,1549,0,0,0,1549
07/23/2021,LAS,NV,AWP,WE,Towers with Radar,956,129,143,39,1267,0,351,8,5,364,956,480,151,44,1631,0,0,0,1631
07/24/2021,LAS,NV,AWP,WE,Towers with Radar,818,97,90,0,1005,0,385,7,0,392,818,482,97,0,1397,0,0,0,1397
07/25/2021,LAS,NV,AWP,WE,Towers with Radar,876,119,136,5,1136,0,182,8,1,191,876,301,144,6,1327,0,0,0,1327
07/26/2021,LAS,NV,AWP,WE,Towers with Radar,994,93,118,42,1247,0,364,4,1,369,994,457,122,43,1616,0,0,0,1616
07/27/2021,LAS,NV,AWP,WE,Towers with Radar,847,83,73,51,1054,0,333,3,5,341,847,416,76,56,1395,0,0,0,1395
07/28/2021,LAS,NV,AWP,WE,Towers with Radar,857,98,102,48,1105,0,363,6,1,370,857,461,108,49,1475,0,0,0,1475
07/29/2021,LAS,NV,AWP,WE,Towers with Radar,933,117,104,52,1206,0,298,3,1,302,933,415,107,53,1508,0,0,0,1508
07/30/2021,LAS,NV,AWP,WE,Towers with Radar,969,126,135,37,1267,0,357,9,1,367,969,483,144,38,1634,0,0,0,1634
07/31/2021,LAS,NV,AWP,WE,Towers with Radar,801,110,100,2,1013,0,350,11,0,361,801,460,111,2,1374,0,0,0,1374
08/01/2021,LAS,NV,AWP,WE,Towers with Radar,859,125,119,0,1103,0,407,15,0,422,859,532,134,0,1525,0,0,0,1525
08/02/2021,LAS,NV,AWP,WE,Towers with Radar,897,115,78,38,1128,0,334,10,5,349,897,449,88,43,1477,0,0,0,1477
08/03/2021,LAS,NV,AWP,WE,Towers with Radar,774,72,69,46,961,1,329,8,5,343,775,401,77,51,1304,0,0,0,1304
08/04/2021,LAS,NV,AWP,WE,Towers with Radar,811,73,100,50,1034,0,312,2,6,320,811,385,102,56,1354,0,0,0,1354
08/05/2021,LAS,NV,AWP,WE,Towers with Radar,912,111,117,50,1190,0,283,9,2,294,912,394,126,52,1484,0,0,0,1484
08/06/2021,LAS,NV,AWP,WE,Towers with Radar,920,121,114,38,1193,0,319,9,2,330,920,440,123,40,1523,0,0,0,1523
08/07/2021,LAS,NV,AWP,WE,Towers with Radar,815,89,83,3,990,0,284,6,0,290,815,373,89,3,1280,0,0,0,1280
08/08/2021,LAS,NV,AWP,WE,Towers with Radar,923,141,132,4,1200,0,333,11,1,345,923,474,143,5,1545,0,0,0,1545
08/09/2021,LAS,NV,AWP,WE,Towers with Radar,961,123,95,44,1223,0,240,10,1,251,961,363,105,45,1474,0,0,0,1474
08/10/2021,LAS,NV,AWP,WE,Towers with Radar,842,117,99,47,1105,0,256,6,1,263,842,373,105,48,1368,0,0,0,1368
08/11/2021,LAS,NV,AWP,WE,Towers with Radar,859,106,112,46,1123,0,263,5,3,271,859,369,117,49,1394,0,0,0,1394
08/12/2021,LAS,NV,AWP,WE,Towers with Radar,978,119,133,45,1275,0,256,11,3,270,978,375,144,48,1545,0,0,0,1545
08/13/2021,LAS,NV,AWP,WE,Towers with Radar,1002,142,121,39,1304,0,358,6,6,370,1002,500,127,45,1674,0,0,0,1674
08/14/2021,LAS,NV,AWP,WE,Towers with Radar,798,109,110,0,1017,0,369,14,0,383,798,478,124,0,1400,0,0,0,1400
08/15/2021,LAS,NV,AWP,WE,Towers with Radar,908,135,169,1,1213,0,329,18,1,348,908,464,187,2,1561,0,0,0,1561
08/16/2021,LAS,NV,AWP,WE,Towers with Radar,1009,108,102,41,1260,0,289,12,1,302,1009,397,114,42,1562,0,0,0,1562
08/17/2021,LAS,NV,AWP,WE,Towers with Radar,845,95,105,47,1092,0,269,8,5,282,845,364,113,52,1374,0,0,0,1374
08/18/2021,LAS,NV,AWP,WE,Towers with Radar,849,97,110,47,1103,0,300,4,8,312,849,397,114,55,1415,0,0,0,1415
08/19/2021,LAS,NV,AWP,WE,Towers with Radar,985,134,135,47,1301,0,317,3,2,322,985,451,138,49,1623,0,0,0,1623
08/20/2021,LAS,NV,AWP,WE,Towers with Radar,975,127,135,48,1285,0,326,6,2,334,975,453,141,50,1619,0,0,0,1619
08/21/2021,LAS,NV,AWP,WE,Towers with Radar,793,109,107,0,1009,0,359,7,0,366,793,468,114,0,1375,0,0,0,1375
08/22/2021,LAS,NV,AWP,WE,Towers with Radar,967,140,163,1,1271,0,321,13,1,335,967,461,176,2,1606,0,0,0,1606
08/23/2021,LAS,NV,AWP,WE,Towers with Radar,987,128,95,40,1250,0,263,7,5,275,987,391,102,45,1525,0,0,0,1525
08/24/2021,LAS,NV,AWP,WE,Towers with Radar,847,90,86,48,1071,0,235,4,2,241,847,325,90,50,1312,0,0,0,1312
08/25/2021,LAS,NV,AWP,WE,Towers with Radar,834,84,75,46,1039,0,251,6,2,259,834,335,81,48,1298,0,0,0,1298
08/26/2021,LAS,NV,AWP,WE,Towers with Radar,1006,122,99,47,1274,0,233,7,0,240,1006,355,106,47,1514,0,0,0,1514
08/27/2021,LAS,NV,AWP,WE,Towers with Radar,1001,142,141,50,1334,0,289,11,2,302,1001,431,152,52,1636,0,0,0,1636
08/28/2021,LAS,NV,AWP,WE,Towers with Radar,806,84,69,1,960,0,372,8,3,383,806,456,77,4,1343,0,0,0,1343
08/29/2021,LAS,NV,AWP,WE,Towers with Radar,950,130,137,5,1222,0,334,5,2,341,950,464,142,7,1563,0,0,0,1563
08/30/2021,LAS,NV,AWP,WE,Towers with Radar,963,109,85,47,1204,0,232,12,2,246,963,341,97,49,1450,0,0,0,1450
08/31/2021,LAS,NV,AWP,WE,Towers with Radar,834,69,72,49,1024,0,190,4,6,200,834,259,76,55,1224,0,0,0,1224
09/01/2021,LAS,NV,AWP,WE,Towers with Radar,835,78,96,46,1055,0,204,7,2,213,835,282,103,48,1268,0,0,0,1268
09/02/2021,LAS,NV,AWP,WE,Towers with Radar,1019,127,115,48,1309,0,244,8,4,256,1019,371,123,52,1565,0,0,0,1565
09/03/2021,LAS,NV,AWP,WE,Towers with Radar,1022,119,142,4,1287,1,314,7,0,322,1023,433,149,4,1609,0,0,0,1609
09/04/2021,LAS,NV,AWP,WE,Towers with Radar,793,105,96,1,995,0,384,16,0,400,793,489,112,1,1395,0,0,0,1395
09/05/2021,LAS,NV,AWP,WE,Towers with Radar,958,99,143,0,1200,0,393,8,0,401,958,492,151,0,1601,0,0,0,1601
09/06/2021,LAS,NV,AWP,WE,Towers with Radar,1011,112,140,3,1266,0,305,10,4,319,1011,417,150,7,1585,0,0,0,1585
09/07/2021,LAS,NV,AWP,WE,Towers with Radar,825,88,119,39,1071,0,244,20,1,265,825,332,139,40,1336,0,0,0,1336
09/08/2021,LAS,NV,AWP,WE,Towers with Radar,869,101,105,45,1120,0,236,8,5,249,869,337,113,50,1369,0,0,0,1369
09/09/2021,LAS,NV,AWP,WE,Towers with Radar,1019,130,115,46,1310,0,235,10,2,247,1019,365,125,48,1557,0,0,0,1557
09/10/2021,LAS,NV,AWP,WE,Towers with Radar,1017,137,142,37,1333,0,297,9,3,309,1017,434,151,40,1642,0,0,0,1642
09/11/2021,LAS,NV,AWP,WE,Towers with Radar,877,105,100,9,1091,0,359,7,1,367,877,464,107,10,1458,0,0,0,1458
09/12/2021,LAS,NV,AWP,WE,Towers with Radar,1034,168,206,3,1411,0,348,11,1,360,1034,516,217,4,1771,0,0,0,1771
09/13/2021,LAS,NV,AWP,WE,Towers with Radar,1017,167,148,39,1371,0,205,23,3,231,1017,372,171,42,1602,0,0,0,1602
09/14/2021,LAS,NV,AWP,WE,Towers with Radar,877,130,160,49,1216,0,272,10,1,283,877,402,170,50,1499,0,0,0,1499
09/15/2021,LAS,NV,AWP,WE,Towers with Radar,863,114,120,45,1142,0,270,16,2,288,863,384,136,47,1430,0,0,0,1430
09/16/2021,LAS,NV,AWP,WE,Towers with Radar,1070,145,135,48,1398,0,286,4,2,292,1070,431,139,50,1690,0,0,0,1690
09/17/2021,LAS,NV,AWP,WE,Towers with Radar,1048,174,163,38,1423,0,348,11,0,359,1048,522,174,38,1782,0,0,0,1782
09/18/2021,LAS,NV,AWP,WE,Towers with Radar,884,114,93,0,1091,0,374,10,0,384,884,488,103,0,1475,0,0,0,1475
09/19/2021,LAS,NV,AWP,WE,Towers with Radar,1056,154,189,1,1400,0,319,12,1,332,1056,473,201,2,1732,0,0,0,1732
09/20/2021,LAS,NV,AWP,WE,Towers with Radar,1035,126,118,36,1315,0,261,6,1,268,1035,387,124,37,1583,0,0,0,1583
09/21/2021,LAS,NV,AWP,WE,Towers with Radar,876,103,140,46,1165,0,277,9,2,288,876,380,149,48,1453,0,0,0,1453
09/22/2021,LAS,NV,AWP,WE,Towers with Radar,856,113,163,46,1178,0,228,11,2,241,856,341,174,48,1419,0,0,0,1419
09/23/2021,LAS,NV,AWP,WE,Towers with Radar,1039,168,176,48,1431,0,296,7,1,304,1039,464,183,49,1735,0,0,0,1735
09/24/2021,LAS,NV,AWP,WE,Towers with Radar,1062,180,244,38,1524,0,377,11,2,390,1062,557,255,40,1914,0,0,0,1914
09/25/2021,LAS,NV,AWP,WE,Towers with Radar,852,132,137,0,1121,0,384,11,0,395,852,516,148,0,1516,0,0,0,1516
09/26/2021,LAS,NV,AWP,WE,Towers with Radar,1033,180,265,3,1481,0,328,5,1,334,1033,508,270,4,1815,0,0,0,1815
09/27/2021,LAS,NV,AWP,WE,Towers with Radar,1040,138,159,42,1379,0,244,7,2,253,1040,382,166,44,1632,0,0,0,1632
09/28/2021,LAS,NV,AWP,WE,Towers with Radar,859,88,98,46,1091,0,213,13,6,232,859,301,111,52,1323,0,0,0,1323
09/29/2021,LAS,NV,AWP,WE,Towers with Radar,855,92,125,53,1125,0,220,15,5,240,855,312,140,58,1365,0,0,0,1365
09/30/2021,LAS,NV,AWP,WE,Towers with Radar,1048,121,120,49,1338,0,225,10,2,237,1048,346,130,51,1575,0,0,0,1575
10/01/2021,LAS,NV,AWP,WE,Towers with Radar,1041,153,157,33,1384,0,333,10,3,346,1041,486,167,36,1730,0,0,0,1730
10/02/2021,LAS,NV,AWP,WE,Towers with Radar,861,101,82,1,1045,0,372,3,1,376,861,473,85,2,1421,0,0,0,1421
10/03/2021,LAS,NV,AWP,WE,Towers with Radar,1026,154,183,1,1364,0,312,9,1,322,1026,466,192,2,1686,0,0,0,1686
10/04/2021,LAS,NV,AWP,WE,Towers with Radar,1047,155,180,43,1425,0,244,6,5,255,1047,399,186,48,1680,0,0,0,1680
10/05/2021,LAS,NV,AWP,WE,Towers with Radar,874,114,107,49,1144,0,244,3,4,251,874,358,110,53,1395,0,0,0,1395
10/06/2021,LAS,NV,AWP,WE,Towers with Radar,867,114,123,47,1151,0,252,4,3,259,867,366,127,50,1410,0,0,0,1410
10/07/2021,LAS,NV,AWP,WE,Towers with Radar,1027,171,135,47,1380,0,265,4,1,270,1027,436,139,48,1650,0,0,0,1650
10/08/2021,LAS,NV,AWP,WE,Towers with Radar,1013,173,209,39,1434,0,293,2,0,295,1013,466,211,39,1729,0,0,0,1729
10/09/2021,LAS,NV,AWP,WE,Towers with Radar,783,163,158,0,1104,0,376,9,0,385,783,539,167,0,1489,0,0,0,1489
10/10/2021,LAS,NV,AWP,WE,Towers with Radar,908,264,251,0,1423,0,295,22,0,317,908,559,273,0,1740,0,0,0,1740
10/11/2021,LAS,NV,AWP,WE,Towers with Radar,871,170,201,2,1244,0,58,5,2,65,871,228,206,4,1309,0,0,0,1309
10/12/2021,LAS,NV,AWP,WE,Towers with Radar,940,149,175,46,1310,0,237,7,1,245,940,386,182,47,1555,0,0,0,1555
10/13/2021,LAS,NV,AWP,WE,Towers with Radar,868,131,186,47,1232,0,258,8,2,268,868,389,194,49,1500,0,0,0,1500
10/14/2021,LAS,NV,AWP,WE,Towers with Radar,1032,158,218,45,1453,0,248,14,3,265,1032,406,232,48,1718,0,0,0,1718
10/15/2021,LAS,NV,AWP,WE,Towers with Radar,1038,153,174,46,1411,0,334,9,2,345,1038,487,183,48,1756,0,0,0,1756
10/16/2021,LAS,NV,AWP,WE,Towers with Radar,886,119,117,1,1123,0,371,7,0,378,886,490,124,1,1501,0,0,0,1501
10/17/2021,LAS,NV,AWP,WE,Towers with Radar,1026,155,181,4,1366,0,321,11,1,333,1026,476,192,5,1699,0,0,0,1699
10/18/2021,LAS,NV,AWP,WE,Towers with Radar,1014,144,107,49,1314,0,228,3,2,233,1014,372,110,51,1547,0,0,0,1547
10/19/2021,LAS,NV,AWP,WE,Towers with Radar,880,120,162,45,1207,0,249,9,5,263,880,369,171,50,1470,0,0,0,1470
10/20/2021,LAS,NV,AWP,WE,Towers with Radar,876,114,149,45,1184,0,231,12,5,248,876,345,161,50,1432,0,0,0,1432
10/21/2021,LAS,NV,AWP,WE,Towers with Radar,1030,169,211,48,1458,0,251,13,2,266,1030,420,224,50,1724,0,0,0,1724
10/22/2021,LAS,NV,AWP,WE,Towers with Radar,1024,171,202,37,1434,0,527,20,2,549,1024,698,222,39,1983,0,0,0,1983
10/23/2021,LAS,NV,AWP,WE,Towers with Radar,898,145,130,1,1174,0,926,6,2,934,898,1071,136,3,2108,0,0,0,2108
10/24/2021,LAS,NV,AWP,WE,Towers with Radar,998,190,222,2,1412,0,855,12,3,870,998,1045,234,5,2282,0,0,0,2282
10/25/2021,LAS,NV,AWP,WE,Towers with Radar,1030,168,153,23,1374,0,417,8,0,425,1030,585,161,23,1799,0,0,0,1799
10/26/2021,LAS,NV,AWP,WE,Towers with Radar,908,101,145,51,1205,0,267,9,6,282,908,368,154,57,1487,0,0,0,1487
10/27/2021,LAS,NV,AWP,WE,Towers with Radar,872,118,130,47,1167,0,220,9,3,232,872,338,139,50,1399,0,0,0,1399
10/28/2021,LAS,NV,AWP,WE,Towers with Radar,1038,152,143,46,1379,0,232,11,2,245,1038,384,154,48,1624,0,0,0,1624
10/29/2021,LAS,NV,AWP,WE,Towers with Radar,1012,151,115,42,1320,0,335,12,1,348,1012,486,127,43,1668,0,0,0,1668
10/30/2021,LAS,NV,AWP,WE,Towers with Radar,850,119,101,5,1075,0,374,5,1,380,850,493,106,6,1455,0,0,0,1455
10/31/2021,LAS,NV,AWP,WE,Towers with Radar,948,152,128,1,1229,0,271,8,1,280,948,423,136,2,1509,0,0,0,1509
11/01/2021,LAS,NV,AWP,WE,Towers with Radar,966,127,136,42,1271,0,252,7,0,259,966,379,143,42,1530,0,0,0,1530
11/02/2021,LAS,NV,AWP,WE,Towers with Radar,868,101,127,46,1142,0,179,6,2,187,868,280,133,48,1329,0,0,0,1329
11/03/2021,LAS,NV,AWP,WE,Towers with Radar,870,99,156,46,1171,0,220,3,3,226,870,319,159,49,1397,0,0,0,1397
11/04/2021,LAS,NV,AWP,WE,Towers with Radar,1020,160,211,49,1440,0,248,7,5,260,1020,408,218,54,1700,0,0,0,1700
11/05/2021,LAS,NV,AWP,WE,Towers with Radar,996,205,231,47,1479,0,356,28,1,385,996,561,259,48,1864,0,0,0,1864
11/06/2021,LAS,NV,AWP,WE,Towers with Radar,841,148,123,1,1113,0,376,9,2,387,841,524,132,3,1500,0,0,0,1500
11/07/2021,LAS,NV,AWP,WE,Towers with Radar,964,217,256,6,1443,0,360,7,2,369,964,577,263,8,1812,0,0,0,1812
11/08/2021,LAS,NV,AWP,WE,Towers with Radar,979,156,137,46,1318,0,261,3,0,264,979,417,140,46,1582,0,0,0,1582
11/09/2021,LAS,NV,AWP,WE,Towers with Radar,804,104,120,46,1074,0,215,0,1,216,804,319,120,47,1290,0,0,0,1290
11/10/2021,LAS,NV,AWP,WE,Towers with Radar,810,94,117,47,1068,0,242,11,2,255,810,336,128,49,1323,0,0,0,1323
11/11/2021,LAS,NV,AWP,WE,Towers with Radar,987,163,135,0,1285,0,286,12,0,298,987,449,147,0,1583,0,0,0,1583
11/12/2021,LAS,NV,AWP,WE,Towers with Radar,974,169,182,10,1335,0,342,16,0,358,974,511,198,10,1693,0,0,0,1693
11/13/2021,LAS,NV,AWP,WE,Towers with Radar,831,146,131,0,1108,0,416,15,0,431,831,562,146,0,1539,0,0,0,1539
11/14/2021,LAS,NV,AWP,WE,Towers with Radar,967,211,191,1,1370,0,277,30,1,308,967,488,221,2,1678,0,0,0,1678
11/15/2021,LAS,NV,AWP,WE,Towers with Radar,975,208,199,44,1426,0,247,15,2,264,975,455,214,46,1690,0,0,0,1690
11/16/2021,LAS,NV,AWP,WE,Towers with Radar,796,114,137,48,1095,0,235,11,2,248,796,349,148,50,1343,0,0,0,1343
11/17/2021,LAS,NV,AWP,WE,Towers with Radar,815,138,126,48,1127,0,214,6,4,224,815,352,132,52,1351,0,0,0,1351
11/18/2021,LAS,NV,AWP,WE,Towers with Radar,969,151,148,50,1318,0,236,9,2,247,969,387,157,52,1565,0,0,0,1565
11/19/2021,LAS,NV,AWP,WE,Towers with Radar,965,166,177,47,1355,0,320,3,3,326,965,486,180,50,1681,0,0,0,1681
11/20/2021,LAS,NV,AWP,WE,Towers with Radar,815,101,119,2,1037,0,437,5,1,443,815,538,124,3,1480,0,0,0,1480
11/21/2021,LAS,NV,AWP,WE,Towers with Radar,957,163,166,2,1288,0,322,7,4,333,957,485,173,6,1621,0,0,0,1621
11/22/2021,LAS,NV,AWP,WE,Towers with Radar,969,140,93,46,1248,0,322,10,0,332,969,462,103,46,1580,0,0,0,1580
11/23/2021,LAS,NV,AWP,WE,Towers with Radar,956,112,103,48,1219,0,331,7,1,339,956,443,110,49,1558,0,0,0,1558
11/24/2021,LAS,NV,AWP,WE,Towers with Radar,981,145,121,42,1289,0,327,2,1,330,981,472,123,43,1619,0,0,0,1619
11/25/2021,LAS,NV,AWP,WE,Towers with Radar,758,80,46,0,884,0,237,2,0,239,758,317,48,0,1123,0,0,0,1123
11/26/2021,LAS,NV,AWP,WE,Towers with Radar,829,125,98,2,1054,0,404,5,0,409,829,529,103,2,1463,0,0,0,1463
11/27/2021,LAS,NV,AWP,WE,Towers with Radar,879,118,83,0,1080,0,463,6,1,470,879,581,89,1,1550,0,0,0,1550
11/28/2021,LAS,NV,AWP,WE,Towers with Radar,985,144,130,1,1260,0,298,17,1,316,985,442,147,2,1576,0,0,0,1576
11/29/2021,LAS,NV,AWP,WE,Towers with Radar,999,115,100,42,1256,0,181,8,1,190,999,296,108,43,1446,0,0,0,1446
11/30/2021,LAS,NV,AWP,WE,Towers with Radar,878,90,95,49,1112,0,184,6,2,192,878,274,101,51,1304,0,0,0,1304
12/01/2021,LAS,NV,AWP,WE,Towers with Radar,805,96,115,49,1065,0,176,36,3,215,805,272,151,52,1280,0,0,0,1280
12/02/2021,LAS,NV,AWP,WE,Towers with Radar,955,148,157,48,1308,0,200,11,2,213,955,348,168,50,1521,0,0,0,1521
12/03/2021,LAS,NV,AWP,WE,Towers with Radar,945,198,211,47,1401,0,263,10,2,275,945,461,221,49,1676,0,0,0,1676
12/04/2021,LAS,NV,AWP,WE,Towers with Radar,797,150,131,4,1082,0,355,14,4,373,797,505,145,8,1455,0,0,0,1455
12/05/2021,LAS,NV,AWP,WE,Towers with Radar,959,185,269,3,1416,0,241,10,2,253,959,426,279,5,1669,0,0,0,1669
12/06/2021,LAS,NV,AWP,WE,Towers with Radar,937,155,153,47,1292,0,173,11,0,184,937,328,164,47,1476,0,0,0,1476
12/07/2021,LAS,NV,AWP,WE,Towers with Radar,762,136,184,49,1131,9,203,1,2,215,771,339,185,51,1346,0,0,0,1346
12/08/2021,LAS,NV,AWP,WE,Towers with Radar,769,142,182,47,1140,0,211,11,3,225,769,353,193,50,1365,0,0,0,1365
12/09/2021,LAS,NV,AWP,WE,Towers with Radar,916,172,164,32,1284,0,156,0,1,157,916,328,164,33,1441,0,0,0,1441
12/10/2021,LAS,NV,AWP,WE,Towers with Radar,931,151,215,50,1347,0,298,13,4,315,931,449,228,54,1662,0,0,0,1662
12/11/2021,LAS,NV,AWP,WE,Towers with Radar,784,165,112,2,1063,0,349,20,0,369,784,514,132,2,1432,0,0,0,1432
12/12/2021,LAS,NV,AWP,WE,Towers with Radar,957,176,239,5,1377,0,266,18,2,286,957,442,257,7,1663,0,0,0,1663
12/13/2021,LAS,NV,AWP,WE,Towers with Radar,929,109,115,42,1195,0,217,5,0,222,929,326,120,42,1417,0,0,0,1417
12/14/2021,LAS,NV,AWP,WE,Towers with Radar,741,72,91,6,910,0,47,2,0,49,741,119,93,6,959,0,0,0,959
12/15/2021,LAS,NV,AWP,WE,Towers with Radar,761,82,104,22,969,0,194,4,2,200,761,276,108,24,1169,0,0,0,1169
12/16/2021,LAS,NV,AWP,WE,Towers with Radar,946,130,127,50,1253,0,201,9,1,211,946,331,136,51,1464,0,0,0,1464
12/17/2021,LAS,NV,AWP,WE,Towers with Radar,973,122,152,38,1285,0,223,9,5,237,973,345,161,43,1522,0,0,0,1522
12/18/2021,LAS,NV,AWP,WE,Towers with Radar,784,102,102,2,990,0,365,12,1,378,784,467,114,3,1368,0,0,0,1368
12/19/2021,LAS,NV,AWP,WE,Towers with Radar,934,109,130,1,1174,0,296,17,1,314,934,405,147,2,1488,0,0,0,1488
12/20/2021,LAS,NV,AWP,WE,Towers with Radar,944,107,80,30,1161,0,261,15,0,276,944,368,95,30,1437,0,0,0,1437
12/21/2021,LAS,NV,AWP,WE,Towers with Radar,876,62,67,34,1039,0,270,10,2,282,876,332,77,36,1321,0,0,0,1321
12/22/2021,LAS,NV,AWP,WE,Towers with Radar,876,80,82,31,1069,0,293,4,0,297,876,373,86,31,1366,0,0,0,1366
12/23/2021,LAS,NV,AWP,WE,Towers with Radar,950,107,83,2,1142,0,225,3,1,229,950,332,86,3,1371,0,0,0,1371
12/24/2021,LAS,NV,AWP,WE,Towers with Radar,863,81,51,0,995,0,246,1,0,247,863,327,52,0,1242,0,0,0,1242
12/25/2021,LAS,NV,AWP,WE,Towers with Radar,695,64,34,0,793,0,243,0,0,243,695,307,34,0,1036,0,0,0,1036
12/26/2021,LAS,NV,AWP,WE,Towers with Radar,853,109,111,1,1074,0,368,2,1,371,853,477,113,2,1445,0,0,0,1445
12/27/2021,LAS,NV,AWP,WE,Towers with Radar,899,110,99,19,1127,0,336,3,0,339,899,446,102,19,1466,0,0,0,1466
12/28/2021,LAS,NV,AWP,WE,Towers with Radar,892,85,75,31,1083,0,358,1,0,359,892,443,76,31,1442,0,0,0,1442
12/29/2021,LAS,NV,AWP,WE,Towers with Radar,886,99,96,15,1096,0,371,3,1,375,886,470,99,16,1471,0,0,0,1471
12/30/2021,LAS,NV,AWP,WE,Towers with Radar,932,165,176,10,1283,0,391,1,2,394,932,556,177,12,1677,0,0,0,1677
12/31/2021,LAS,NV,AWP,WE,Towers with Radar,829,122,103,0,1054,0,320,1,6,327,829,442,104,6,1381,0,0,0,1381
01/01/2022,LAS,NV,AWP,WE,Towers with Radar,693,97,94,0,884,0,454,6,0,460,693,551,100,0,1344,0,0,0,1344
01/02/2022,LAS,NV,AWP,WE,Towers with Radar,880,113,178,0,1171,1,424,5,1,431,881,537,183,1,1602,0,0,0,1602
01/03/2022,LAS,NV,AWP,WE,Towers with Radar,892,111,119,2,1124,0,266,16,0,282,892,377,135,2,1406,0,0,0,1406
01/04/2022,LAS,NV,AWP,WE,Towers with Radar,875,74,94,46,1089,0,207,6,2,215,875,281,100,48,1304,0,0,0,1304
01/05/2022,LAS,NV,AWP,WE,Towers with Radar,735,78,104,50,967,0,139,6,1,146,735,217,110,51,1113,0,0,0,1113
01/06/2022,LAS,NV,AWP,WE,Towers with Radar,849,108,114,45,1116,0,161,6,3,170,849,269,120,48,1286,0,0,0,1286
01/07/2022,LAS,NV,AWP,WE,Towers with Radar,874,109,120,42,1145,0,98,6,2,106,874,207,126,44,1251,0,0,0,1251
01/08/2022,LAS,NV,AWP,WE,Towers with Radar,795,65,65,7,932,0,277,5,3,285,795,342,70,10,1217,0,0,0,1217
01/09/2022,LAS,NV,AWP,WE,Towers with Radar,943,130,135,3,1211,0,212,11,1,224,943,342,146,4,1435,0,0,0,1435
01/10/2022,LAS,NV,AWP,WE,Towers with Radar,857,125,89,42,1113,0,145,9,0,154,857,270,98,42,1267,0,0,0,1267
01/11/2022,LAS,NV,AWP,WE,Towers with Radar,738,72,49,46,905,0,164,3,1,168,738,236,52,47,1073,0,0,0,1073
01/12/2022,LAS,NV,AWP,WE,Towers with Radar,768,70,64,53,955,0,157,1,6,164,768,227,65,59,1119,0,0,0,1119
01/13/2022,LAS,NV,AWP,WE,Towers with Radar,903,102,78,52,1135,0,160,9,3,172,903,262,87,55,1307,0,0,0,1307
01/14/2022,LAS,NV,AWP,WE,Towers with Radar,920,117,124,2,1163,0,248,6,0,254,920,365,130,2,1417,0,0,0,1417
01/15/2022,LAS,NV,AWP,WE,Towers with Radar,753,82,78,1,914,0,320,5,0,325,753,402,83,1,1239,0,0,0,1239
01/16/2022,LAS,NV,AWP,WE,Towers with Radar,880,97,107,1,1085,0,255,0,0,255,880,352,107,1,1340,0,0,0,1340
01/17/2022,LAS,NV,AWP,WE,Towers with Radar,925,131,114,3,1173,0,168,2,3,173,925,299,116,6,1346,0,0,0,1346
01/18/2022,LAS,NV,AWP,WE,Towers with Radar,778,90,111,42,1021,0,122,8,2,132,778,212,119,44,1153,0,0,0,1153
01/19/2022,LAS,NV,AWP,WE,Towers with Radar,786,106,111,47,1050,0,129,11,2,142,786,235,122,49,1192,0,0,0,1192
01/20/2022,LAS,NV,AWP,WE,Towers with Radar,971,129,144,48,1292,0,162,12,1,175,971,291,156,49,1467,0,0,0,1467
01/21/2022,LAS,NV,AWP,WE,Towers with Radar,973,130,157,41,1301,0,238,6,1,245,973,368,163,42,1546,0,0,0,1546
01/22/2022,LAS,NV,AWP,WE,Towers with Radar,751,110,87,2,950,0,316,11,1,328,751,426,98,3,1278,0,0,0,1278
01/23/2022,LAS,NV,AWP,WE,Towers with Radar,952,154,169,2,1277,0,245,12,1,258,952,399,181,3,1535,0,0,0,1535
01/24/2022,LAS,NV,AWP,WE,Towers with Radar,938,98,72,40,1148,0,156,5,0,161,938,254,77,40,1309,0,0,0,1309
01/25/2022,LAS,NV,AWP,WE,Towers with Radar,772,73,73,45,963,0,146,17,1,164,772,219,90,46,1127,0,0,0,1127
01/26/2022,LAS,NV,AWP,WE,Towers with Radar,800,94,70,47,1011,0,135,15,1,151,800,229,85,48,1162,0,0,0,1162
01/27/2022,LAS,NV,AWP,WE,Towers with Radar,955,130,98,49,1232,0,149,8,1,158,955,279,106,50,1390,0,0,0,1390
01/28/2022,LAS,NV,AWP,WE,Towers with Radar,957,130,126,47,1260,0,240,13,1,254,957,370,139,48,1514,0,0,0,1514
01/29/2022,LAS,NV,AWP,WE,Towers with Radar,728,80,66,3,877,0,381,12,0,393,728,461,78,3,1270,0,0,0,1270
01/30/2022,LAS,NV,AWP,WE,Towers with Radar,944,132,117,3,1196,0,257,13,1,271,944,389,130,4,1467,0,0,0,1467
01/31/2022,LAS,NV,AWP,WE,Towers with Radar,940,122,85,45,1192,0,132,7,0,139,940,254,92,45,1331,0,0,0,1331
02/01/2022,LAS,NV,AWP,WE,Towers with Radar,772,91,83,53,999,0,136,6,1,143,772,227,89,54,1142,0,0,0,1142
02/02/2022,LAS,NV,AWP,WE,Towers with Radar,763,107,114,43,1027,0,125,4,2,131,763,232,118,45,1158,0,0,0,1158
02/03/2022,LAS,NV,AWP,WE,Towers with Radar,854,104,112,48,1118,0,163,11,2,176,854,267,123,50,1294,0,0,0,1294
02/04/2022,LAS,NV,AWP,WE,Towers with Radar,916,152,159,44,1271,0,235,10,2,247,916,387,169,46,1518,0,0,0,1518
02/05/2022,LAS,NV,AWP,WE,Towers with Radar,740,103,100,1,944,0,351,15,0,366,740,454,115,1,1310,0,0,0,1310
02/06/2022,LAS,NV,AWP,WE,Towers with Radar,959,140,158,4,1261,0,244,19,1,264,959,384,177,5,1525,0,0,0,1525
02/07/2022,LAS,NV,AWP,WE,Towers with Radar,952,121,119,45,1237,0,174,11,0,185,952,295,130,45,1422,0,0,0,1422
02/08/2022,LAS,NV,AWP,WE,Towers with Radar,785,92,72,46,995,0,175,25,4,204,785,267,97,50,1199,0,0,0,1199
02/09/2022,LAS,NV,AWP,WE,Towers with Radar,817,87,89,47,1040,0,164,13,2,179,817,251,102,49,1219,0,0,0,1219
02/10/2022,LAS,NV,AWP,WE,Towers with Radar,995,126,133,48,1302,0,182,15,2,199,995,308,148,50,1501,0,0,0,1501
02/11/2022,LAS,NV,AWP,WE,Towers with Radar,984,144,166,46,1340,0,291,15,0,306,984,435,181,46,1646,0,0,0,1646
02/12/2022,LAS,NV,AWP,WE,Towers with Radar,761,137,94,2,994,0,469,3,0,472,761,606,97,2,1466,0,0,0,1466
02/13/2022,LAS,NV,AWP,WE,Towers with Radar,970,151,129,1,1251,0,312,11,1,324,970,463,140,2,1575,0,0,0,1575
02/14/2022,LAS,NV,AWP,WE,Towers with Radar,981,153,154,41,1329,0,423,10,1,434,981,576,164,42,1763,0,0,0,1763
02/15/2022,LAS,NV,AWP,WE,Towers with Radar,812,96,107,47,1062,0,247,3,1,251,812,343,110,48,1313,0,0,0,1313
02/16/2022,LAS,NV,AWP,WE,Towers with Radar,845,84,79,46,1054,0,238,11,1,250,845,322,90,47,1304,0,0,0,1304
02/17/2022,LAS,NV,AWP,WE,Towers with Radar,977,124,112,43,1256,0,239,11,2,252,977,363,123,45,1508,0,0,0,1508
02/18/2022,LAS,NV,AWP,WE,Towers with Radar,1009,128,135,2,1274,0,300,15,1,316,1009,428,150,3,1590,0,0,0,1590
02/19/2022,LAS,NV,AWP,WE,Towers with Radar,823,93,90,1,1007,0,418,16,0,434,823,511,106,1,1441,0,0,0,1441
02/20/2022,LAS,NV,AWP,WE,Towers with Radar,972,112,109,0,1193,0,362,12,0,374,972,474,121,0,1567,0,0,0,1567
02/21/2022,LAS,NV,AWP,WE,Towers with Radar,987,132,128,3,1250,0,193,4,7,204,987,325,132,10,1454,0,0,0,1454
02/22/2022,LAS,NV,AWP,WE,Towers with Radar,897,100,92,44,1133,0,280,3,1,284,897,380,95,45,1417,0,0,0,1417
02/23/2022,LAS,NV,AWP,WE,Towers with Radar,839,105,100,40,1084,0,207,6,0,213,839,312,106,40,1297,0,0,0,1297
02/24/2022,LAS,NV,AWP,WE,Towers with Radar,943,157,123,56,1279,0,288,11,1,300,943,445,134,57,1579,0,0,0,1579
02/25/2022,LAS,NV,AWP,WE,Towers with Radar,1022,168,153,49,1392,0,328,21,0,349,1022,496,174,49,1741,0,0,0,1741
02/26/2022,LAS,NV,AWP,WE,Towers with Radar,841,133,100,1,1075,0,393,8,0,401,841,526,108,1,1476,0,0,0,1476
02/27/2022,LAS,NV,AWP,WE,Towers with Radar,993,176,160,1,1330,0,194,20,3,217,993,370,180,4,1547,0,0,0,1547
02/28/2022,LAS,NV,AWP,WE,Towers with Radar,1004,142,77,44,1267,0,253,4,0,257,1004,395,81,44,1524,0,0,0,1524
03/01/2022,LAS,NV,AWP,WE,Towers with Radar,883,100,82,50,1115,0,240,4,3,247,883,340,86,53,1362,0,0,0,1362
03/02/2022,LAS,NV,AWP,WE,Towers with Radar,887,95,103,47,1132,0,228,13,4,245,887,323,116,51,1377,0,0,0,1377
03/03/2022,LAS,NV,AWP,WE,Towers with Radar,995,167,124,50,1336,0,249,7,7,263,995,416,131,57,1599,0,0,0,1599
03/04/2022,LAS,NV,AWP,WE,Towers with Radar,985,161,181,50,1377,0,334,6,0,340,985,495,187,50,1717,0,0,0,1717
03/05/2022,LAS,NV,AWP,WE,Towers with Radar,786,149,104,1,1040,0,302,0,4,306,786,451,104,5,1346,0,0,0,1346
03/06/2022,LAS,NV,AWP,WE,Towers with Radar,972,176,181,1,1330,0,343,9,1,353,972,519,190,2,1683,0,0,0,1683
03/07/2022,LAS,NV,AWP,WE,Towers with Radar,986,146,107,43,1282,0,237,10,4,251,986,383,117,47,1533,0,0,0,1533
03/08/2022,LAS,NV,AWP,WE,Towers with Radar,833,140,119,45,1137,0,243,9,1,253,833,383,128,46,1390,0,0,0,1390
03/09/2022,LAS,NV,AWP,WE,Towers with Radar,810,158,128,46,1142,0,237,8,7,252,810,395,136,53,1394,0,0,0,1394
03/10/2022,LAS,NV,AWP,WE,Towers with Radar,1024,182,203,48,1457,0,149,11,3,163,1024,331,214,51,1620,0,0,0,1620
03/11/2022,LAS,NV,AWP,WE,Towers with Radar,1022,152,194,46,1414,0,311,14,1,326,1022,463,208,47,1740,0,0,0,1740
03/12/2022,LAS,NV,AWP,WE,Towers with Radar,823,163,170,1,1157,0,371,10,0,381,823,534,180,1,1538,0,0,0,1538
03/13/2022,LAS,NV,AWP,WE,Towers with Radar,964,203,250,2,1419,0,309,22,1,332,964,512,272,3,1751,0,0,0,1751
03/14/2022,LAS,NV,AWP,WE,Towers with Radar,1014,125,93,43,1275,0,312,3,3,318,1014,437,96,46,1593,0,0,0,1593
03/15/2022,LAS,NV,AWP,WE,Towers with Radar,862,85,91,45,1083,0,313,9,1,323,862,398,100,46,1406,0,0,0,1406
03/16/2022,LAS,NV,AWP,WE,Towers with Radar,878,128,134,45,1185,0,308,7,1,316,878,436,141,46,1501,0,0,0,1501
03/17/2022,LAS,NV,AWP,WE,Towers with Radar,1031,147,138,47,1363,0,268,6,2,276,1031,415,144,49,1639,0,0,0,1639
03/18/2022,LAS,NV,AWP,WE,Towers with Radar,1041,151,188,42,1422,0,279,19,0,298,1041,430,207,42,1720,0,0,0,1720
03/19/2022,LAS,NV,AWP,WE,Towers with Radar,834,123,115,9,1081,0,380,19,0,399,834,503,134,9,1480,0,0,0,1480
03/20/2022,LAS,NV,AWP,WE,Towers with Radar,1033,159,204,1,1397,0,162,8,0,170,1033,321,212,1,1567,0,0,0,1567
03/21/2022,LAS,NV,AWP,WE,Towers with Radar,1037,126,130,48,1341,0,293,2,5,300,1037,419,132,53,1641,0,0,0,1641
03/22/2022,LAS,NV,AWP,WE,Towers with Radar,881,115,88,48,1132,0,301,4,2,307,881,416,92,50,1439,0,0,0,1439
03/23/2022,LAS,NV,AWP,WE,Towers with Radar,869,135,144,46,1194,0,297,14,5,316,869,432,158,51,1510,0,0,0,1510
03/24/2022,LAS,NV,AWP,WE,Towers with Radar,1033,157,142,47,1379,0,307,14,1,322,1033,464,156,48,1701,0,0,0,1701
03/25/2022,LAS,NV,AWP,WE,Towers with Radar,1069,127,148,44,1388,0,327,13,5,345,1069,454,161,49,1733,0,0,0,1733
03/26/2022,LAS,NV,AWP,WE,Towers with Radar,819,120,102,7,1048,0,377,5,0,382,819,497,107,7,1430,0,0,0,1430
03/27/2022,LAS,NV,AWP,WE,Towers with Radar,1044,152,142,4,1342,0,621,7,0,628,1044,773,149,4,1970,0,0,0,1970
03/28/2022,LAS,NV,AWP,WE,Towers with Radar,995,98,87,33,1213,0,412,0,0,412,995,510,87,33,1625,0,0,0,1625
03/29/2022,LAS,NV,AWP,WE,Towers with Radar,899,112,87,50,1148,0,483,9,2,494,899,595,96,52,1642,0,0,0,1642
03/30/2022,LAS,NV,AWP,WE,Towers with Radar,855,107,100,49,1111,0,281,10,2,293,855,388,110,51,1404,0,0,0,1404
03/31/2022,LAS,NV,AWP,WE,Towers with Radar,1009,150,142,54,1355,0,293,8,2,303,1009,443,150,56,1658,0,0,0,1658
04/01/2022,LAS,NV,AWP,WE,Towers with Radar,1005,164,181,50,1400,0,304,17,1,322,1005,468,198,51,1722,0,0,0,1722
04/02/2022,LAS,NV,AWP,WE,Towers with Radar,750,141,151,0,1042,0,362,10,0,372,750,503,161,0,1414,0,0,0,1414
04/03/2022,LAS,NV,AWP,WE,Towers with Radar,967,165,188,4,1324,0,302,12,1,315,967,467,200,5,1639,0,0,0,1639
04/04/2022,LAS,NV,AWP,WE,Towers with Radar,991,155,143,43,1332,0,307,5,2,314,991,462,148,45,1646,0,0,0,1646
04/05/2022,LAS,NV,AWP,WE,Towers with Radar,892,84,98,47,1121,0,312,7,2,321,892,396,105,49,1442,0,0,0,1442
04/06/2022,LAS,NV,AWP,WE,Towers with Radar,902,94,97,45,1138,0,306,5,4,315,902,400,102,49,1453,0,0,0,1453
04/07/2022,LAS,NV,AWP,WE,Towers with Radar,1008,140,132,49,1329,0,291,8,4,303,1008,431,140,53,1632,0,0,0,1632
04/08/2022,LAS,NV,AWP,WE,Towers with Radar,1032,140,133,40,1345,0,313,14,3,330,1032,453,147,43,1675,0,0,0,1675
04/09/2022,LAS,NV,AWP,WE,Towers with Radar,785,140,93,2,1020,0,334,3,1,338,785,474,96,3,1358,0,0,0,1358
04/10/2022,LAS,NV,AWP,WE,Towers with Radar,1020,151,132,2,1305,0,326,12,2,340,1020,477,144,4,1645,0,0,0,1645
04/11/2022,LAS,NV,AWP,WE,Towers with Radar,993,116,88,20,1217,0,75,1,2,78,993,191,89,22,1295,0,0,0,1295
04/12/2022,LAS,NV,AWP,WE,Towers with Radar,944,98,85,45,1172,0,323,0,4,327,944,421,85,49,1499,0,0,0,1499
04/13/2022,LAS,NV,AWP,WE,Towers with Radar,894,100,92,45,1131,0,346,2,2,350,894,446,94,47,1481,0,0,0,1481
04/14/2022,LAS,NV,AWP,WE,Towers with Radar,1035,148,123,48,1354,0,326,7,1,334,1035,474,130,49,1688,0,0,0,1688
04/15/2022,LAS,NV,AWP,WE,Towers with Radar,1047,131,112,45,1335,0,343,13,1,357,1047,474,125,46,1692,0,0,0,1692
04/16/2022,LAS,NV,AWP,WE,Towers with Radar,835,108,76,0,1019,0,285,1,0,286,835,393,77,0,1305,0,0,0,1305
04/17/2022,LAS,NV,AWP,WE,Towers with Radar,1046,130,92,2,1270,0,342,4,2,348,1046,472,96,4,1618,0,0,0,1618
04/18/2022,LAS,NV,AWP,WE,Towers with Radar,1026,125,95,42,1288,0,310,8,0,318,1026,435,103,42,1606,0,0,0,1606
04/19/2022,LAS,NV,AWP,WE,Towers with Radar,932,105,67,44,1148,0,280,4,2,286,932,385,71,46,1434,0,0,0,1434
04/20/2022,LAS,NV,AWP,WE,Towers with Radar,920,98,137,50,1205,0,312,13,3,328,920,410,150,53,1533,0,0,0,1533
04/21/2022,LAS,NV,AWP,WE,Towers with Radar,1049,127,136,52,1364,0,288,5,2,295,1049,415,141,54,1659,0,0,0,1659
04/22/2022,LAS,NV,AWP,WE,Towers with Radar,1063,160,140,27,1390,0,335,4,3,342,1063,495,144,30,1732,0,0,0,1732
04/23/2022,LAS,NV,AWP,WE,Towers with Radar,837,109,102,1,1049,0,348,10,0,358,837,457,112,1,1407,0,0,0,1407
04/24/2022,LAS,NV,AWP,WE,Towers with Radar,1035,170,172,2,1379,0,295,5,2,302,1035,465,177,4,1681,0,0,0,1681
04/25/2022,LAS,NV,AWP,WE,Towers with Radar,1033,120,117,45,1315,0,230,13,3,246,1033,350,130,48,1561,0,0,0,1561
04/26/2022,LAS,NV,AWP,WE,Towers with Radar,921,99,109,47,1176,0,246,8,4,258,921,345,117,51,1434,0,0,0,1434
04/27/2022,LAS,NV,AWP,WE,Towers with Radar,924,116,145,47,1232,0,234,15,5,254,924,350,160,52,1486,0,0,0,1486
04/28/2022,LAS,NV,AWP,WE,Towers with Radar,1071,169,148,46,1434,0,209,27,3,239,1071,378,175,49,1673,0,0,0,1673
04/29/2022,LAS,NV,AWP,WE,Towers with Radar,1074,169,134,39,1416,0,287,20,1,308,1074,456,154,40,1724,0,0,0,1724
04/30/2022,LAS,NV,AWP,WE,Towers with Radar,835,130,89,3,1057,0,335,6,0,341,835,465,95,3,1398,0,0,0,1398
05/01/2022,LAS,NV,AWP,WE,Towers with Radar,1039,165,167,3,1374,0,246,7,2,255,1039,411,174,5,1629,0,0,0,1629
05/02/2022,LAS,NV,AWP,WE,Towers with Radar,1065,117,84,42,1308,0,289,3,2,294,1065,406,87,44,1602,0,0,0,1602
05/03/2022,LAS,NV,AWP,WE,Towers with Radar,946,89,92,46,1173,0,294,5,7,306,946,383,97,53,1479,0,0,0,1479
05/04/2022,LAS,NV,AWP,WE,Towers with Radar,951,103,110,45,1209,0,275,5,3,283,951,378,115,48,1492,0,0,0,1492
05/05/2022,LAS,NV,AWP,WE,Towers with Radar,1046,150,134,48,1378,0,315,19,4,338,1046,465,153,52,1716,0,0,0,1716
05/06/2022,LAS,NV,AWP,WE,Towers with Radar,1066,131,113,41,1351,0,340,8,2,350,1066,471,121,43,1701,0,0,0,1701
05/07/2022,LAS,NV,AWP,WE,Towers with Radar,841,116,82,5,1044,0,341,3,1,345,841,457,85,6,1389,0,0,0,1389
05/08/2022,LAS,NV,AWP,WE,Towers with Radar,934,133,123,0,1190,0,180,12,0,192,934,313,135,0,1382,0,0,0,1382
05/09/2022,LAS,NV,AWP,WE,Towers with Radar,1122,146,143,46,1457,0,288,10,3,301,1122,434,153,49,1758,0,0,0,1758
05/10/2022,LAS,NV,AWP,WE,Towers with Radar,952,127,121,48,1248,0,262,7,4,273,952,389,128,52,1521,0,0,0,1521
05/11/2022,LAS,NV,AWP,WE,Towers with Radar,942,129,136,46,1253,0,258,10,2,270,942,387,146,48,1523,0,0,0,1523
05/12/2022,LAS,NV,AWP,WE,Towers with Radar,1053,174,197,52,1476,0,336,6,2,344,1053,510,203,54,1820,0,0,0,1820
05/13/2022,LAS,NV,AWP,WE,Towers with Radar,1059,175,154,50,1438,0,334,9,0,343,1059,509,163,50,1781,0,0,0,1781
05/14/2022,LAS,NV,AWP,WE,Towers with Radar,850,110,109,2,1071,0,350,7,0,357,850,460,116,2,1428,0,0,0,1428
05/15/2022,LAS,NV,AWP,WE,Towers with Radar,1061,182,197,5,1445,0,300,8,1,309,1061,482,205,6,1754,0,0,0,1754
05/16/2022,LAS,NV,AWP,WE,Towers with Radar,1059,137,99,45,1340,0,316,26,4,346,1059,453,125,49,1686,0,0,0,1686
05/17/2022,LAS,NV,AWP,WE,Towers with Radar,951,124,137,47,1259,0,306,6,6,318,951,430,143,53,1577,0,0,0,1577
05/18/2022,LAS,NV,AWP,WE,Towers with Radar,930,103,128,48,1209,0,323,13,2,338,930,426,141,50,1547,0,0,0,1547
05/19/2022,LAS,NV,AWP,WE,Towers with Radar,1061,176,153,47,1437,0,338,13,1,352,1061,514,166,48,1789,0,0,0,1789
05/20/2022,LAS,NV,AWP,WE,Towers with Radar,1038,162,156,46,1402,0,517,11,1,529,1038,679,167,47,1931,0,0,0,1931
05/21/2022,LAS,NV,AWP,WE,Towers with Radar,869,122,127,1,1119,0,870,14,1,885,869,992,141,2,2004,0,0,0,2004
05/22/2022,LAS,NV,AWP,WE,Towers with Radar,1038,180,209,3,1430,0,873,22,2,897,1038,1053,231,5,2327,0,0,0,2327
05/23/2022,LAS,NV,AWP,WE,Towers with Radar,1060,159,149,45,1413,0,547,20,0,567,1060,706,169,45,1980,0,0,0,1980
05/24/2022,LAS,NV,AWP,WE,Towers with Radar,942,148,168,44,1302,0,278,13,2,293,942,426,181,46,1595,0,0,0,1595
05/25/2022,LAS,NV,AWP,WE,Towers with Radar,957,126,133,47,1263,0,297,13,2,312,957,423,146,49,1575,0,0,0,1575
05/26/2022,LAS,NV,AWP,WE,Towers with Radar,1073,125,116,46,1360,0,282,5,2,289,1073,407,121,48,1649,0,0,0,1649
05/27/2022,LAS,NV,AWP,WE,Towers with Radar,1062,154,125,2,1343,0,331,14,0,345,1062,485,139,2,1688,0,0,0,1688
05/28/2022,LAS,NV,AWP,WE,Towers with Radar,861,109,71,0,1041,0,358,12,0,370,861,467,83,0,1411,0,0,0,1411
05/29/2022,LAS,NV,AWP,WE,Towers with Radar,1038,115,83,0,1236,0,309,9,0,318,1038,424,92,0,1554,0,0,0,1554
05/30/2022,LAS,NV,AWP,WE,Towers with Radar,1081,146,124,2,1353,0,323,6,1,330,1081,469,130,3,1683,0,0,0,1683
05/31/2022,LAS,NV,AWP,WE,Towers with Radar,950,124,87,43,1204,0,301,9,2,312,950,425,96,45,1516,0,0,0,1516
06/01/2022,LAS,NV,AWP,WE,Towers with Radar,927,106,92,47,1172,0,302,9,1,312,927,408,101,48,1484,0,0,0,1484
06/02/2022,LAS,NV,AWP,WE,Towers with Radar,1039,143,100,48,1330,0,296,1,3,300,1039,439,101,51,1630,0,0,0,1630
06/03/2022,LAS,NV,AWP,WE,Towers with Radar,1088,161,110,44,1403,0,300,11,4,315,1088,461,121,48,1718,0,0,0,1718
06/04/2022,LAS,NV,AWP,WE,Towers with Radar,858,101,74,9,1042,0,318,1,0,319,858,419,75,9,1361,0,0,0,1361
06/05/2022,LAS,NV,AWP,WE,Towers with Radar,1099,155,104,2,1360,0,321,4,1,326,1099,476,108,3,1686,0,0,0,1686
06/06/2022,LAS,NV,AWP,WE,Towers with Radar,1102,114,91,46,1353,0,263,5,0,268,1102,377,96,46,1621,0,0,0,1621
06/07/2022,LAS,NV,AWP,WE,Towers with Radar,1037,103,71,46,1257,0,264,3,7,274,1037,367,74,53,1531,0,0,0,1531
06/08/2022,LAS,NV,AWP,WE,Towers with Radar,985,111,104,42,1242,0,251,4,2,257,985,362,108,44,1499,0,0,0,1499
06/09/2022,LAS,NV,AWP,WE,Towers with Radar,1116,121,117,47,1401,0,285,4,2,291,1116,406,121,49,1692,0,0,0,1692
06/10/2022,LAS,NV,AWP,WE,Towers with Radar,1117,136,107,44,1404,0,301,6,1,308,1117,437,113,45,1712,0,0,0,1712
06/11/2022,LAS,NV,AWP,WE,Towers with Radar,941,127,88,5,1161,0,329,6,0,335,941,456,94,5,1496,0,0,0,1496
06/12/2022,LAS,NV,AWP,WE,Towers with Radar,1084,149,136,6,1375,0,276,13,1,290,1084,425,149,7,1665,0,0,0,1665
06/13/2022,LAS,NV,AWP,WE,Towers with Radar,1142,131,90,40,1403,0,263,4,0,267,1142,394,94,40,1670,0,0,0,1670
06/14/2022,LAS,NV,AWP,WE,Towers with Radar,1013,96,54,51,1214,0,298,12,2,312,1013,394,66,53,1526,0,0,0,1526
06/15/2022,LAS,NV,AWP,WE,Towers with Radar,1019,101,89,47,1256,0,277,11,3,291,1019,378,100,50,1547,0,0,0,1547
06/16/2022,LAS,NV,AWP,WE,Towers with Radar,1086,136,112,49,1383,0,305,10,4,319,1086,441,122,53,1702,0,0,0,1702
06/17/2022,LAS,NV,AWP,WE,Towers with Radar,1108,129,101,3,1341,0,313,5,3,321,1108,442,106,6,1662,0,0,0,1662
06/18/2022,LAS,NV,AWP,WE,Towers with Radar,934,90,88,3,1115,0,327,12,0,339,934,417,100,3,1454,0,0,0,1454
06/19/2022,LAS,NV,AWP,WE,Towers with Radar,1113,152,107,1,1373,0,371,18,0,389,1113,523,125,1,1762,0,0,0,1762
06/20/2022,LAS,NV,AWP,WE,Towers with Radar,1117,130,92,4,1343,0,311,9,4,324,1117,441,101,8,1667,0,0,0,1667
06/21/2022,LAS,NV,AWP,WE,Towers with Radar,1016,83,73,41,1213,0,284,8,1,293,1016,367,81,42,1506,0,0,0,1506
06/22/2022,LAS,NV,AWP,WE,Towers with Radar,990,101,86,48,1225,0,260,10,2,272,990,361,96,50,1497,0,0,0,1497
06/23/2022,LAS,NV,AWP,WE,Towers with Radar,1125,124,107,41,1397,0,270,20,3,293,1125,394,127,44,1690,0,0,0,1690
06/24/2022,LAS,NV,AWP,WE,Towers with Radar,1130,150,112,45,1437,0,320,8,8,336,1130,470,120,53,1773,0,0,0,1773
06/25/2022,LAS,NV,AWP,WE,Towers with Radar,910,104,66,1,1081,0,332,10,2,344,910,436,76,3,1425,0,0,0,1425
06/26/2022,LAS,NV,AWP,WE,Towers with Radar,1105,118,117,2,1342,0,304,12,2,318,1105,422,129,4,1660,0,0,0,1660
06/27/2022,LAS,NV,AWP,WE,Towers with Radar,1105,117,93,39,1354,0,266,8,5,279,1105,383,101,44,1633,0,0,0,1633
06/28/2022,LAS,NV,AWP,WE,Towers with Radar,1030,86,54,43,1213,0,220,12,3,235,1030,306,66,46,1448,0,0,0,1448
06/29/2022,LAS,NV,AWP,WE,Towers with Radar,992,114,100,47,1253,0,286,18,5,309,992,400,118,52,1562,0,0,0,1562
06/30/2022,LAS,NV,AWP,WE,Towers with Radar,1120,149,103,48,1420,0,304,10,6,320,1120,453,113,54,1740,0,0,0,1740
07/01/2022,LAS,NV,AWP,WE,Towers with Radar,1124,150,122,26,1422,0,301,3,0,304,1124,451,125,26,1726,0,0,0,1726
07/02/2022,LAS,NV,AWP,WE,Towers with Radar,935,134,104,0,1173,0,341,4,0,345,935,475,108,0,1518,0,0,0,1518
07/03/2022,LAS,NV,AWP,WE,Towers with Radar,1082,119,106,0,1307,0,362,3,0,365,1082,481,109,0,1672,0,0,0,1672
07/04/2022,LAS,NV,AWP,WE,Towers with Radar,1073,111,61,3,1248,0,333,2,3,338,1073,444,63,6,1586,0,0,0,1586
07/05/2022,LAS,NV,AWP,WE,Towers with Radar,1048,117,68,39,1272,0,308,6,1,315,1048,425,74,40,1587,0,0,0,1587
07/06/2022,LAS,NV,AWP,WE,Towers with Radar,1036,111,63,48,1258,0,324,12,4,340,1036,435,75,52,1598,0,0,0,1598
07/07/2022,LAS,NV,AWP,WE,Towers with Radar,1151,144,95,51,1441,0,312,5,3,320,1151,456,100,54,1761,0,0,0,1761
07/08/2022,LAS,NV,AWP,WE,Towers with Radar,1143,139,112,43,1437,0,337,9,0,346,1143,476,121,43,1783,0,0,0,1783
07/09/2022,LAS,NV,AWP,WE,Towers with Radar,940,126,69,3,1138,0,350,7,4,361,940,476,76,7,1499,0,0,0,1499
07/10/2022,LAS,NV,AWP,WE,Towers with Radar,1123,164,103,2,1392,0,316,5,2,323,1123,480,108,4,1715,0,0,0,1715
07/11/2022,LAS,NV,AWP,WE,Towers with Radar,1169,143,106,43,1461,0,302,6,1,309,1169,445,112,44,1770,0,0,0,1770
07/12/2022,LAS,NV,AWP,WE,Towers with Radar,1031,105,80,46,1262,0,311,10,2,323,1031,416,90,48,1585,0,0,0,1585
07/13/2022,LAS,NV,AWP,WE,Towers with Radar,1039,118,87,49,1293,0,312,9,4,325,1039,430,96,53,1618,0,0,0,1618
07/14/2022,LAS,NV,AWP,WE,Towers with Radar,1030,124,113,44,1311,0,254,2,5,261,1030,378,115,49,1572,0,0,0,1572
07/15/2022,LAS,NV,AWP,WE,Towers with Radar,1170,143,110,38,1461,0,326,8,0,334,1170,469,118,38,1795,0,0,0,1795
07/16/2022,LAS,NV,AWP,WE,Towers with Radar,966,100,71,0,1137,0,363,12,1,376,966,463,83,1,1513,0,0,0,1513
07/17/2022,LAS,NV,AWP,WE,Towers with Radar,1143,141,99,2,1385,0,345,13,5,363,1143,486,112,7,1748,0,0,0,1748
07/18/2022,LAS,NV,AWP,WE,Towers with Radar,1157,108,86,42,1393,0,290,5,0,295,1157,398,91,42,1688,0,0,0,1688
07/19/2022,LAS,NV,AWP,WE,Towers with Radar,1051,86,87,47,1271,0,298,3,1,302,1051,384,90,48,1573,0,0,0,1573
07/20/2022,LAS,NV,AWP,WE,Towers with Radar,1025,85,82,48,1240,0,292,14,1,307,1025,377,96,49,1547,0,0,0,1547
07/21/2022,LAS,NV,AWP,WE,Towers with Radar,1143,131,97,43,1414,0,297,12,1,310,1143,428,109,44,1724,0,0,0,1724
07/22/2022,LAS,NV,AWP,WE,Towers with Radar,1161,128,92,42,1423,0,376,5,4,385,1161,504,97,46,1808,0,0,0,1808
07/23/2022,LAS,NV,AWP,WE,Towers with Radar,939,95,73,0,1107,0,382,23,0,405,939,477,96,0,1512,0,0,0,1512
07/24/2022,LAS,NV,AWP,WE,Towers with Radar,1124,139,100,1,1364,0,353,10,1,364,1124,492,110,2,1728,0,0,0,1728
07/25/2022,LAS,NV,AWP,WE,Towers with Radar,1048,96,72,39,1255,0,285,7,1,293,1048,381,79,40,1548,0,0,0,1548
07/26/2022,LAS,NV,AWP,WE,Towers with Radar,1003,102,70,43,1218,0,339,10,1,350,1003,441,80,44,1568,0,0,0,1568
07/27/2022,LAS,NV,AWP,WE,Towers with Radar,991,89,56,42,1178,0,206,3,2,211,991,295,59,44,1389,0,0,0,1389
07/28/2022,LAS,NV,AWP,WE,Towers with Radar,1128,141,85,43,1397,0,207,21,1,229,1128,348,106,44,1626,0,0,0,1626
07/29/2022,LAS,NV,AWP,WE,Towers with Radar,1101,138,80,37,1356,0,318,6,2,326,1101,456,86,39,1682,0,0,0,1682
07/30/2022,LAS,NV,AWP,WE,Towers with Radar,1027,110,65,3,1205,0,373,6,1,380,1027,483,71,4,1585,0,0,0,1585
07/31/2022,LAS,NV,AWP,WE,Towers with Radar,1044,129,85,0,1258,0,351,6,0,357,1044,480,91,0,1615,0,0,0,1615
08/01/2022,LAS,NV,AWP,WE,Towers with Radar,1159,101,58,36,1354,0,341,6,2,349,1159,442,64,38,1703,0,0,0,1703
08/02/2022,LAS,NV,AWP,WE,Towers with Radar,1040,69,57,46,1212,0,306,13,14,333,1040,375,70,60,1545,0,0,0,1545
08/03/2022,LAS,NV,AWP,WE,Towers with Radar,1030,93,77,48,1248,0,333,2,1,336,1030,426,79,49,1584,0,0,0,1584
08/04/2022,LAS,NV,AWP,WE,Towers with Radar,998,119,75,41,1233,0,330,4,1,335,998,449,79,42,1568,0,0,0,1568
08/05/2022,LAS,NV,AWP,WE,Towers with Radar,1129,159,112,39,1439,0,343,6,0,349,1129,502,118,39,1788,0,0,0,1788
08/06/2022,LAS,NV,AWP,WE,Towers with Radar,941,118,74,6,1139,0,345,3,0,348,941,463,77,6,1487,0,0,0,1487
08/07/2022,LAS,NV,AWP,WE,Towers with Radar,1133,146,138,1,1418,0,337,11,1,349,1133,483,149,2,1767,0,0,0,1767
08/08/2022,LAS,NV,AWP,WE,Towers with Radar,1144,103,72,42,1361,0,310,5,0,315,1144,413,77,42,1676,0,0,0,1676
08/09/2022,LAS,NV,AWP,WE,Towers with Radar,1023,88,62,44,1217,0,295,7,2,304,1023,383,69,46,1521,0,0,0,1521
08/10/2022,LAS,NV,AWP,WE,Towers with Radar,983,123,99,52,1257,0,303,4,3,310,983,426,103,55,1567,0,0,0,1567
08/11/2022,LAS,NV,AWP,WE,Towers with Radar,1083,141,85,44,1353,0,232,9,2,243,1083,373,94,46,1596,0,0,0,1596
08/12/2022,LAS,NV,AWP,WE,Towers with Radar,1139,131,90,37,1397,0,330,11,0,341,1139,461,101,37,1738,0,0,0,1738
08/13/2022,LAS,NV,AWP,WE,Towers with Radar,975,123,67,0,1165,0,412,5,0,417,975,535,72,0,1582,0,0,0,1582
08/14/2022,LAS,NV,AWP,WE,Towers with Radar,1082,164,95,1,1342,0,360,7,1,368,1082,524,102,2,1710,0,0,0,1710
08/15/2022,LAS,NV,AWP,WE,Towers with Radar,1170,121,63,37,1391,0,271,5,0,276,1170,392,68,37,1667,0,0,0,1667
08/16/2022,LAS,NV,AWP,WE,Towers with Radar,1048,85,74,42,1249,0,309,5,1,315,1048,394,79,43,1564,0,0,0,1564
08/17/2022,LAS,NV,AWP,WE,Towers with Radar,1034,107,103,42,1286,0,295,4,2,301,1034,402,107,44,1587,0,0,0,1587
08/18/2022,LAS,NV,AWP,WE,Towers with Radar,1139,143,110,41,1433,0,316,7,4,327,1139,459,117,45,1760,0,0,0,1760
08/19/2022,LAS,NV,AWP,WE,Towers with Radar,1168,155,99,39,1461,0,373,16,1,390,1168,528,115,40,1851,0,0,0,1851
08/20/2022,LAS,NV,AWP,WE,Towers with Radar,946,121,92,1,1160,0,350,5,1,356,946,471,97,2,1516,0,0,0,1516
08/21/2022,LAS,NV,AWP,WE,Towers with Radar,1130,167,124,1,1422,0,332,9,2,343,1130,499,133,3,1765,0,0,0,1765
08/22/2022,LAS,NV,AWP,WE,Towers with Radar,1141,105,73,39,1358,0,297,3,3,303,1141,402,76,42,1661,0,0,0,1661
08/23/2022,LAS,NV,AWP,WE,Towers with Radar,1037,69,69,43,1218,0,297,5,3,305,1037,366,74,46,1523,0,0,0,1523
08/24/2022,LAS,NV,AWP,WE,Towers with Radar,987,101,86,40,1214,0,277,3,1,281,987,378,89,41,1495,0,0,0,1495
08/25/2022,LAS,NV,AWP,WE,Towers with Radar,1165,120,96,45,1426,0,297,2,4,303,1165,417,98,49,1729,0,0,0,1729
08/26/2022,LAS,NV,AWP,WE,Towers with Radar,1160,146,92,33,1431,0,325,6,2,333,1160,471,98,35,1764,0,0,0,1764
08/27/2022,LAS,NV,AWP,WE,Towers with Radar,933,86,79,0,1098,0,359,9,1,369,933,445,88,1,1467,0,0,0,1467
08/28/2022,LAS,NV,AWP,WE,Towers with Radar,1147,139,91,2,1379,0,318,9,4,331,1147,457,100,6,1710,0,0,0,1710
08/29/2022,LAS,NV,AWP,WE,Towers with Radar,1146,134,66,36,1382,0,281,8,4,293,1146,415,74,40,1675,0,0,0,1675
08/30/2022,LAS,NV,AWP,WE,Towers with Radar,1039,99,54,41,1233,0,269,2,7,278,1039,368,56,48,1511,0,0,0,1511
08/31/2022,LAS,NV,AWP,WE,Towers with Radar,1019,105,83,42,1249,0,253,5,1,259,1019,358,88,43,1508,0,0,0,1508
09/01/2022,LAS,NV,AWP,WE,Towers with Radar,1150,132,118,41,1441,0,239,13,3,255,1150,371,131,44,1696,0,0,0,1696
09/02/2022,LAS,NV,AWP,WE,Towers with Radar,1171,124,127,26,1448,0,291,5,4,300,1171,415,132,30,1748,0,0,0,1748
09/03/2022,LAS,NV,AWP,WE,Towers with Radar,936,88,69,0,1093,0,342,5,4,351,936,430,74,4,1444,0,0,0,1444
09/04/2022,LAS,NV,AWP,WE,Towers with Radar,1037,108,92,1,1238,0,350,4,0,354,1037,458,96,1,1592,0,0,0,1592
09/05/2022,LAS,NV,AWP,WE,Towers with Radar,1150,134,115,3,1402,0,300,7,3,310,1150,434,122,6,1712,0,0,0,1712
09/06/2022,LAS,NV,AWP,WE,Towers with Radar,1054,113,103,38,1308,0,308,7,5,320,1054,421,110,43,1628,0,0,0,1628
09/07/2022,LAS,NV,AWP,WE,Towers with Radar,1009,127,107,42,1285,0,290,8,10,308,1009,417,115,52,1593,0,0,0,1593
09/08/2022,LAS,NV,AWP,WE,Towers with Radar,1146,162,115,44,1467,0,240,10,2,252,1146,402,125,46,1719,0,0,0,1719
09/09/2022,LAS,NV,AWP,WE,Towers with Radar,1210,188,142,37,1577,0,321,4,2,327,1210,509,146,39,1904,0,0,0,1904
09/10/2022,LAS,NV,AWP,WE,Towers with Radar,996,125,86,0,1207,0,370,5,0,375,996,495,91,0,1582,0,0,0,1582
09/11/2022,LAS,NV,AWP,WE,Towers with Radar,1208,176,140,2,1526,0,352,6,2,360,1208,528,146,4,1886,0,0,0,1886
09/12/2022,LAS,NV,AWP,WE,Towers with Radar,1219,157,110,42,1528,0,302,0,1,303,1219,459,110,43,1831,0,0,0,1831
09/13/2022,LAS,NV,AWP,WE,Towers with Radar,1056,110,111,46,1323,0,293,9,1,303,1056,403,120,47,1626,0,0,0,1626
09/14/2022,LAS,NV,AWP,WE,Towers with Radar,1039,131,118,46,1334,0,325,11,2,338,1039,456,129,48,1672,0,0,0,1672
09/15/2022,LAS,NV,AWP,WE,Towers with Radar,1226,158,146,41,1571,0,307,20,14,341,1226,465,166,55,1912,0,0,0,1912
09/16/2022,LAS,NV,AWP,WE,Towers with Radar,1222,167,156,40,1585,0,336,8,4,348,1222,503,164,44,1933,0,0,0,1933
09/17/2022,LAS,NV,AWP,WE,Towers with Radar,983,127,122,0,1232,0,370,8,0,378,983,497,130,0,1610,0,0,0,1610
09/18/2022,LAS,NV,AWP,WE,Towers with Radar,1176,227,193,2,1598,0,742,8,2,752,1176,969,201,4,2350,0,0,0,2350
09/19/2022,LAS,NV,AWP,WE,Towers with Radar,1207,179,144,39,1569,0,742,9,6,757,1207,921,153,45,2326,0,0,0,2326
09/20/2022,LAS,NV,AWP,WE,Towers with Radar,1067,96,101,46,1310,0,313,4,1,318,1067,409,105,47,1628,0,0,0,1628
09/21/2022,LAS,NV,AWP,WE,Towers with Radar,1021,141,125,41,1328,0,294,30,5,329,1021,435,155,46,1657,0,0,0,1657
09/22/2022,LAS,NV,AWP,WE,Towers with Radar,1212,157,147,44,1560,0,317,13,15,345,1212,474,160,59,1905,0,0,0,1905
09/23/2022,LAS,NV,AWP,WE,Towers with Radar,1235,187,140,33,1595,0,319,16,3,338,1235,506,156,36,1933,0,0,0,1933
09/24/2022,LAS,NV,AWP,WE,Towers with Radar,984,115,87,0,1186,0,390,10,4,404,984,505,97,4,1590,0,0,0,1590
09/25/2022,LAS,NV,AWP,WE,Towers with Radar,1193,151,135,2,1481,0,365,10,2,377,1193,516,145,4,1858,0,0,0,1858
09/26/2022,LAS,NV,AWP,WE,Towers with Radar,1209,94,79,42,1424,0,313,6,1,320,1209,407,85,43,1744,0,0,0,1744
09/27/2022,LAS,NV,AWP,WE,Towers with Radar,1045,120,108,42,1315,0,302,5,4,311,1045,422,113,46,1626,0,0,0,1626
09/28/2022,LAS,NV,AWP,WE,Towers with Radar,960,146,108,39,1253,0,289,11,1,301,960,435,119,40,1554,0,0,0,1554
09/29/2022,LAS,NV,AWP,WE,Towers with Radar,1198,156,125,42,1521,0,254,9,2,265,1198,410,134,44,1786,0,0,0,1786
09/30/2022,LAS,NV,AWP,WE,Towers with Radar,1178,211,177,38,1604,0,334,3,0,337,1178,545,180,38,1941,0,0,0,1941
10/01/2022,LAS,NV,AWP,WE,Towers with Radar,903,140,133,0,1176,0,401,10,0,411,903,541,143,0,1587,0,0,0,1587
10/02/2022,LAS,NV,AWP,WE,Towers with Radar,1159,188,215,1,1563,0,338,10,0,348,1159,526,225,1,1911,0,0,0,1911
10/03/2022,LAS,NV,AWP,WE,Towers with Radar,1211,170,141,36,1558,0,284,5,2,291,1211,454,146,38,1849,0,0,0,1849
10/04/2022,LAS,NV,AWP,WE,Towers with Radar,1063,122,107,38,1330,0,312,8,2,322,1063,434,115,40,1652,0,0,0,1652
10/05/2022,LAS,NV,AWP,WE,Towers with Radar,1046,105,77,37,1265,0,233,13,1,247,1046,338,90,38,1512,0,0,0,1512
10/06/2022,LAS,NV,AWP,WE,Towers with Radar,1212,169,152,42,1575,0,304,4,4,312,1212,473,156,46,1887,0,0,0,1887
10/07/2022,LAS,NV,AWP,WE,Towers with Radar,1223,179,163,28,1593,0,305,15,2,322,1223,484,178,30,1915,0,0,0,1915
10/08/2022,LAS,NV,AWP,WE,Towers with Radar,1015,123,120,0,1258,0,382,22,1,405,1015,505,142,1,1663,0,0,0,1663
10/09/2022,LAS,NV,AWP,WE,Towers with Radar,1214,196,177,1,1588,0,340,16,0,356,1214,536,193,1,1944,0,0,0,1944
10/10/2022,LAS,NV,AWP,WE,Towers with Radar,1214,152,116,4,1486,0,331,5,3,339,1214,483,121,7,1825,0,0,0,1825
10/11/2022,LAS,NV,AWP,WE,Towers with Radar,1102,124,101,44,1371,0,305,8,2,315,1102,429,109,46,1686,0,0,0,1686
10/12/2022,LAS,NV,AWP,WE,Towers with Radar,1071,114,117,42,1344,0,263,8,4,275,1071,377,125,46,1619,0,0,0,1619
10/13/2022,LAS,NV,AWP,WE,Towers with Radar,1205,158,149,45,1557,0,312,9,1,322,1205,470,158,46,1879,0,0,0,1879
10/14/2022,LAS,NV,AWP,WE,Towers with Radar,1245,175,124,38,1582,0,352,21,3,376,1245,527,145,41,1958,0,0,0,1958
10/15/2022,LAS,NV,AWP,WE,Towers with Radar,1034,114,106,1,1255,0,407,7,1,415,1034,521,113,2,1670,0,0,0,1670
10/16/2022,LAS,NV,AWP,WE,Towers with Radar,1228,155,160,1,1544,0,425,10,1,436,1228,580,170,2,1980,0,0,0,1980
10/17/2022,LAS,NV,AWP,WE,Towers with Radar,1215,136,107,36,1494,0,335,7,2,344,1215,471,114,38,1838,0,0,0,1838
10/18/2022,LAS,NV,AWP,WE,Towers with Radar,1106,102,105,46,1359,0,291,5,7,303,1106,393,110,53,1662,0,0,0,1662
10/19/2022,LAS,NV,AWP,WE,Towers with Radar,1086,120,98,37,1341,0,253,5,2,260,1086,373,103,39,1601,0,0,0,1601
10/20/2022,LAS,NV,AWP,WE,Towers with Radar,1223,148,157,44,1572,0,295,8,3,306,1223,443,165,47,1878,0,0,0,1878
10/21/2022,LAS,NV,AWP,WE,Towers with Radar,1230,128,126,37,1521,0,299,4,4,307,1230,427,130,41,1828,0,0,0,1828
10/22/2022,LAS,NV,AWP,WE,Towers with Radar,973,109,80,0,1162,0,108,1,0,109,973,217,81,0,1271,0,0,0,1271
10/23/2022,LAS,NV,AWP,WE,Towers with Radar,1243,179,170,1,1593,0,291,4,1,296,1243,470,174,2,1889,0,0,0,1889
10/24/2022,LAS,NV,AWP,WE,Towers with Radar,1215,141,130,32,1518,0,647,7,0,654,1215,788,137,32,2172,0,0,0,2172
10/25/2022,LAS,NV,AWP,WE,Towers with Radar,1092,130,82,45,1349,0,465,5,5,475,1092,595,87,50,1824,0,0,0,1824
10/26/2022,LAS,NV,AWP,WE,Towers with Radar,1098,139,102,39,1378,0,288,5,2,295,1098,427,107,41,1673,0,0,0,1673
10/27/2022,LAS,NV,AWP,WE,Towers with Radar,1237,154,120,42,1553,0,298,1,4,303,1237,452,121,46,1856,0,0,0,1856
10/28/2022,LAS,NV,AWP,WE,Towers with Radar,1234,153,136,33,1556,0,326,6,1,333,1234,479,142,34,1889,0,0,0,1889
10/29/2022,LAS,NV,AWP,WE,Towers with Radar,987,103,81,2,1173,0,323,10,0,333,987,426,91,2,1506,0,0,0,1506
10/30/2022,LAS,NV,AWP,WE,Towers with Radar,1199,147,128,3,1477,0,340,7,1,348,1199,487,135,4,1825,0,0,0,1825
10/31/2022,LAS,NV,AWP,WE,Towers with Radar,1161,127,77,34,1399,0,287,7,3,297,1161,414,84,37,1696,0,0,0,1696
11/01/2022,LAS,NV,AWP,WE,Towers with Radar,1069,138,153,43,1403,0,270,9,4,283,1069,408,162,47,1686,0,0,0,1686
11/02/2022,LAS,NV,AWP,WE,Towers with Radar,1076,126,115,40,1357,0,213,3,2,218,1076,339,118,42,1575,0,0,0,1575
11/03/2022,LAS,NV,AWP,WE,Towers with Radar,1175,143,132,47,1497,0,250,12,8,270,1175,393,144,55,1767,0,0,0,1767
11/04/2022,LAS,NV,AWP,WE,Towers with Radar,1174,175,134,40,1523,0,332,5,0,337,1174,507,139,40,1860,0,0,0,1860
11/05/2022,LAS,NV,AWP,WE,Towers with Radar,943,130,87,1,1161,0,351,13,0,364,943,481,100,1,1525,0,0,0,1525
11/06/2022,LAS,NV,AWP,WE,Towers with Radar,1135,182,136,4,1457,0,327,11,1,339,1135,509,147,5,1796,0,0,0,1796
11/07/2022,LAS,NV,AWP,WE,Towers with Radar,1132,129,77,31,1369,0,300,0,1,301,1132,429,77,32,1670,0,0,0,1670
11/08/2022,LAS,NV,AWP,WE,Towers with Radar,977,76,69,22,1144,0,141,0,0,141,977,217,69,22,1285,0,0,0,1285
11/09/2022,LAS,NV,AWP,WE,Towers with Radar,1003,106,76,38,1223,0,264,4,5,273,1003,370,80,43,1496,0,0,0,1496
11/10/2022,LAS,NV,AWP,WE,Towers with Radar,1139,167,106,2,1414,0,264,7,7,278,1139,431,113,9,1692,0,0,0,1692
11/11/2022,LAS,NV,AWP,WE,Towers with Radar,1154,165,140,5,1464,0,292,9,4,305,1154,457,149,9,1769,0,0,0,1769
11/12/2022,LAS,NV,AWP,WE,Towers with Radar,945,106,87,0,1138,0,367,21,0,388,945,473,108,0,1526,0,0,0,1526
11/13/2022,LAS,NV,AWP,WE,Towers with Radar,1143,199,170,2,1514,0,273,19,1,293,1143,472,189,3,1807,0,0,0,1807
11/14/2022,LAS,NV,AWP,WE,Towers with Radar,1150,174,138,34,1496,0,239,6,1,246,1150,413,144,35,1742,0,0,0,1742
11/15/2022,LAS,NV,AWP,WE,Towers with Radar,1018,124,104,45,1291,0,215,2,3,220,1018,339,106,48,1511,0,0,0,1511
11/16/2022,LAS,NV,AWP,WE,Towers with Radar,1000,136,135,41,1312,0,206,6,2,214,1000,342,141,43,1526,0,0,0,1526
11/17/2022,LAS,NV,AWP,WE,Towers with Radar,1137,163,134,45,1479,0,210,7,4,221,1137,373,141,49,1700,0,0,0,1700
11/18/2022,LAS,NV,AWP,WE,Towers with Radar,1149,173,163,36,1521,0,274,3,1,278,1149,447,166,37,1799,0,0,0,1799
11/19/2022,LAS,NV,AWP,WE,Towers with Radar,979,132,106,4,1221,0,390,8,0,398,979,522,114,4,1619,0,0,0,1619
11/20/2022,LAS,NV,AWP,WE,Towers with Radar,1164,178,133,1,1476,0,296,6,3,305,1164,474,139,4,1781,0,0,0,1781
11/21/2022,LAS,NV,AWP,WE,Towers with Radar,1148,121,69,31,1369,0,325,8,3,336,1148,446,77,34,1705,0,0,0,1705
11/22/2022,LAS,NV,AWP,WE,Towers with Radar,1062,94,82,41,1279,0,323,11,1,335,1062,417,93,42,1614,0,0,0,1614
11/23/2022,LAS,NV,AWP,WE,Towers with Radar,1050,131,79,32,1292,0,319,8,1,328,1050,450,87,33,1620,0,0,0,1620
11/24/2022,LAS,NV,AWP,WE,Towers with Radar,839,70,34,0,943,0,255,1,0,256,839,325,35,0,1199,0,0,0,1199
11/25/2022,LAS,NV,AWP,WE,Towers with Radar,1040,103,66,2,1211,0,366,16,0,382,1040,469,82,2,1593,0,0,0,1593
11/26/2022,LAS,NV,AWP,WE,Towers with Radar,1017,95,92,0,1204,0,418,10,0,428,1017,513,102,0,1632,0,0,0,1632
11/27/2022,LAS,NV,AWP,WE,Towers with Radar,1104,147,133,2,1386,0,298,5,1,304,1104,445,138,3,1690,0,0,0,1690
11/28/2022,LAS,NV,AWP,WE,Towers with Radar,1101,124,84,32,1341,0,202,6,2,210,1101,326,90,34,1551,0,0,0,1551
11/29/2022,LAS,NV,AWP,WE,Towers with Radar,1043,108,83,41,1275,0,182,25,1,208,1043,290,108,42,1483,0,0,0,1483
11/30/2022,LAS,NV,AWP,WE,Towers with Radar,993,120,88,40,1241,0,158,15,1,174,993,278,103,41,1415,0,0,0,1415
12/01/2022,LAS,NV,AWP,WE,Towers with Radar,1108,172,134,43,1457,0,193,2,2,197,1108,365,136,45,1654,0,0,0,1654
12/02/2022,LAS,NV,AWP,WE,Towers with Radar,1126,231,216,32,1605,0,256,6,2,264,1126,487,222,34,1869,0,0,0,1869
12/03/2022,LAS,NV,AWP,WE,Towers with Radar,934,158,124,3,1219,0,273,3,0,276,934,431,127,3,1495,0,0,0,1495
12/04/2022,LAS,NV,AWP,WE,Towers with Radar,1148,215,213,4,1580,0,239,0,1,240,1148,454,213,5,1820,0,0,0,1820
12/05/2022,LAS,NV,AWP,WE,Towers with Radar,1153,168,157,41,1519,0,204,2,1,207,1153,372,159,42,1726,0,0,0,1726
12/06/2022,LAS,NV,AWP,WE,Towers with Radar,1024,140,119,43,1326,0,153,5,1,159,1024,293,124,44,1485,0,0,0,1485
12/07/2022,LAS,NV,AWP,WE,Towers with Radar,1026,141,148,47,1362,0,194,11,1,206,1026,335,159,48,1568,0,0,0,1568
12/08/2022,LAS,NV,AWP,WE,Towers with Radar,1139,182,177,40,1538,0,212,6,1,219,1139,394,183,41,1757,0,0,0,1757
12/09/2022,LAS,NV,AWP,WE,Towers with Radar,1156,186,148,34,1524,0,255,16,3,274,1156,441,164,37,1798,0,0,0,1798
12/10/2022,LAS,NV,AWP,WE,Towers with Radar,938,133,81,2,1154,0,297,16,0,313,938,430,97,2,1467,0,0,0,1467
12/11/2022,LAS,NV,AWP,WE,Towers with Radar,1118,184,172,2,1476,0,212,1,0,213,1118,396,173,2,1689,0,0,0,1689
12/12/2022,LAS,NV,AWP,WE,Towers with Radar,1164,150,95,35,1444,0,195,6,0,201,1164,345,101,35,1645,0,0,0,1645
12/13/2022,LAS,NV,AWP,WE,Towers with Radar,995,81,69,47,1192,0,155,8,3,166,995,236,77,50,1358,0,0,0,1358
12/14/2022,LAS,NV,AWP,WE,Towers with Radar,1001,93,80,44,1218,0,187,14,9,210,1001,280,94,53,1428,0,0,0,1428
12/15/2022,LAS,NV,AWP,WE,Towers with Radar,1078,148,96,45,1367,0,176,14,7,197,1078,324,110,52,1564,0,0,0,1564
12/16/2022,LAS,NV,AWP,WE,Towers with Radar,1163,162,113,41,1479,0,174,4,1,179,1163,336,117,42,1658,0,0,0,1658
12/17/2022,LAS,NV,AWP,WE,Towers with Radar,986,109,111,2,1208,0,295,6,0,301,986,404,117,2,1509,0,0,0,1509
12/18/2022,LAS,NV,AWP,WE,Towers with Radar,1121,153,120,2,1396,0,232,3,1,236,1121,385,123,3,1632,0,0,0,1632
12/19/2022,LAS,NV,AWP,WE,Towers with Radar,1134,145,78,26,1383,0,237,7,2,246,1134,382,85,28,1629,0,0,0,1629
12/20/2022,LAS,NV,AWP,WE,Towers with Radar,1086,89,72,29,1276,0,271,5,1,277,1086,360,77,30,1553,0,0,0,1553
12/21/2022,LAS,NV,AWP,WE,Towers with Radar,991,93,75,25,1184,0,249,33,3,285,991,342,108,28,1469,0,0,0,1469
12/22/2022,LAS,NV,AWP,WE,Towers with Radar,981,118,75,25,1199,0,255,2,1,258,981,373,77,26,1457,0,0,0,1457
12/23/2022,LAS,NV,AWP,WE,Towers with Radar,865,133,81,2,1081,0,265,3,0,268,865,398,84,2,1349,0,0,0,1349
12/24/2022,LAS,NV,AWP,WE,Towers with Radar,708,75,46,0,829,0,267,7,2,276,708,342,53,2,1105,0,0,0,1105
12/25/2022,LAS,NV,AWP,WE,Towers with Radar,703,66,37,0,806,0,197,0,0,197,703,263,37,0,1003,0,0,0,1003
12/26/2022,LAS,NV,AWP,WE,Towers with Radar,674,114,82,3,873,0,334,10,3,347,674,448,92,6,1220,0,0,0,1220
12/27/2022,LAS,NV,AWP,WE,Towers with Radar,810,107,75,24,1016,0,241,6,3,250,810,348,81,27,1266,0,0,0,1266
12/28/2022,LAS,NV,AWP,WE,Towers with Radar,825,106,92,25,1048,0,318,7,1,326,825,424,99,26,1374,0,0,0,1374
12/29/2022,LAS,NV,AWP,WE,Towers with Radar,891,163,117,22,1193,0,356,3,1,360,891,519,120,23,1553,0,0,0,1553
12/30/2022,LAS,NV,AWP,WE,Towers with Radar,1060,189,146,0,1395,0,307,2,2,311,1060,496,148,2,1706,0,0,0,1706
12/31/2022,LAS,NV,AWP,WE,Towers with Radar,910,122,74,8,1114,0,354,3,0,357,910,476,77,8,1471,0,0,0,1471
01/01/2023,LAS,NV,AWP,WE,Towers with Radar,990,134,142,2,1268,0,372,5,0,377,990,506,147,2,1645,0,0,0,1645
01/02/2023,LAS,NV,AWP,WE,Towers with Radar,1037,182,171,3,1393,0,363,3,4,370,1037,545,174,7,1763,0,0,0,1763
01/03/2023,LAS,NV,AWP,WE,Towers with Radar,1178,125,125,35,1463,0,269,2,2,273,1178,394,127,37,1736,0,0,0,1736
01/04/2023,LAS,NV,AWP,WE,Towers with Radar,1143,112,124,37,1416,0,274,3,0,277,1143,386,127,37,1693,0,0,0,1693
01/05/2023,LAS,NV,AWP,WE,Towers with Radar,1181,169,111,18,1479,0,127,2,0,129,1181,296,113,18,1608,0,0,0,1608
01/06/2023,LAS,NV,AWP,WE,Towers with Radar,1204,173,166,36,1579,0,242,7,2,251,1204,415,173,38,1830,0,0,0,1830
01/07/2023,LAS,NV,AWP,WE,Towers with Radar,994,116,105,0,1215,0,297,8,0,305,994,413,113,0,1520,0,0,0,1520
01/08/2023,LAS,NV,AWP,WE,Towers with Radar,1270,143,106,1,1520,0,256,14,1,271,1270,399,120,2,1791,0,0,0,1791
01/09/2023,LAS,NV,AWP,WE,Towers with Radar,1235,104,72,32,1443,0,187,2,0,189,1235,291,74,32,1632,0,0,0,1632
01/10/2023,LAS,NV,AWP,WE,Towers with Radar,1010,71,54,38,1173,0,102,0,0,102,1010,173,54,38,1275,0,0,0,1275
01/11/2023,LAS,NV,AWP,WE,Towers with Radar,972,84,72,37,1165,0,222,3,2,227,972,306,75,39,1392,0,0,0,1392
01/12/2023,LAS,NV,AWP,WE,Towers with Radar,1170,114,78,37,1399,0,190,14,3,207,1170,304,92,40,1606,0,0,0,1606
01/13/2023,LAS,NV,AWP,WE,Towers with Radar,1172,127,107,29,1435,0,258,2,1,261,1172,385,109,30,1696,0,0,0,1696
01/14/2023,LAS,NV,AWP,WE,Towers with Radar,898,90,62,2,1052,0,242,3,0,245,898,332,65,2,1297,0,0,0,1297
01/15/2023,LAS,NV,AWP,WE,Towers with Radar,1122,132,89,1,1344,0,260,4,0,264,1122,392,93,1,1608,0,0,0,1608
01/16/2023,LAS,NV,AWP,WE,Towers with Radar,1150,119,115,2,1386,0,71,2,0,73,1150,190,117,2,1459,0,0,0,1459
01/17/2023,LAS,NV,AWP,WE,Towers with Radar,1004,112,102,34,1252,0,158,1,3,162,1004,270,103,37,1414,0,0,0,1414
01/18/2023,LAS,NV,AWP,WE,Towers with Radar,1006,115,117,37,1275,0,203,5,1,209,1006,318,122,38,1484,0,0,0,1484
01/19/2023,LAS,NV,AWP,WE,Towers with Radar,1156,162,134,41,1493,0,181,2,2,185,1156,343,136,43,1678,0,0,0,1678
01/20/2023,LAS,NV,AWP,WE,Towers with Radar,1180,154,157,33,1524,0,261,2,1,264,1180,415,159,34,1788,0,0,0,1788
01/21/2023,LAS,NV,AWP,WE,Towers with Radar,909,115,72,1,1097,0,338,6,0,344,909,453,78,1,1441,0,0,0,1441
01/22/2023,LAS,NV,AWP,WE,Towers with Radar,1136,166,137,1,1440,0,216,4,1,221,1136,382,141,2,1661,0,0,0,1661
01/23/2023,LAS,NV,AWP,WE,Towers with Radar,1162,110,83,18,1373,0,206,5,0,211,1162,316,88,18,1584,0,0,0,1584
01/24/2023,LAS,NV,AWP,WE,Towers with Radar,1003,78,89,43,1213,0,195,1,3,199,1003,273,90,46,1412,0,0,0,1412
01/25/2023,LAS,NV,AWP,WE,Towers with Radar,1012,88,95,37,1232,0,190,7,1,198,1012,278,102,38,1430,0,0,0,1430
01/26/2023,LAS,NV,AWP,WE,Towers with Radar,1170,146,100,42,1458,0,184,2,3,189,1170,330,102,45,1647,0,0,0,1647
01/27/2023,LAS,NV,AWP,WE,Towers with Radar,1165,138,121,37,1461,0,236,2,4,242,1165,374,123,41,1703,0,0,0,1703
01/28/2023,LAS,NV,AWP,WE,Towers with Radar,899,100,69,0,1068,0,318,3,0,321,899,418,72,0,1389,0,0,0,1389
01/29/2023,LAS,NV,AWP,WE,Towers with Radar,1116,154,131,2,1403,0,224,8,0,232,1116,378,139,2,1635,0,0,0,1635
01/30/2023,LAS,NV,AWP,WE,Towers with Radar,1003,132,174,30,1339,0,84,1,0,85,1003,216,175,30,1424,0,0,0,1424
01/31/2023,LAS,NV,AWP,WE,Towers with Radar,977,136,135,41,1289,0,164,3,3,170,977,300,138,44,1459,0,0,0,1459
02/01/2023,LAS,NV,AWP,WE,Towers with Radar,952,139,137,42,1270,0,141,8,3,152,952,280,145,45,1422,0,0,0,1422
02/02/2023,LAS,NV,AWP,WE,Towers with Radar,1149,178,200,43,1570,0,213,5,1,219,1149,391,205,44,1789,0,0,0,1789
02/03/2023,LAS,NV,AWP,WE,Towers with Radar,1149,178,113,38,1478,0,282,6,8,296,1149,460,119,46,1774,0,0,0,1774
02/04/2023,LAS,NV,AWP,WE,Towers with Radar,904,113,58,3,1078,0,347,3,0,350,904,460,61,3,1428,0,0,0,1428
02/05/2023,LAS,NV,AWP,WE,Towers with Radar,1119,163,130,2,1414,0,231,5,3,239,1119,394,135,5,1653,0,0,0,1653
02/06/2023,LAS,NV,AWP,WE,Towers with Radar,1179,117,81,37,1414,0,174,3,3,180,1179,291,84,40,1594,0,0,0,1594
02/07/2023,LAS,NV,AWP,WE,Towers with Radar,1007,101,62,41,1211,0,208,9,0,217,1007,309,71,41,1428,0,0,0,1428
02/08/2023,LAS,NV,AWP,WE,Towers with Radar,1018,103,86,38,1245,0,196,12,2,210,1018,299,98,40,1455,0,0,0,1455
02/09/2023,LAS,NV,AWP,WE,Towers with Radar,1144,153,112,41,1450,0,215,7,1,223,1144,368,119,42,1673,0,0,0,1673
02/10/2023,LAS,NV,AWP,WE,Towers with Radar,1174,223,134,33,1564,0,272,13,1,286,1174,495,147,34,1850,0,0,0,1850
02/11/2023,LAS,NV,AWP,WE,Towers with Radar,921,133,94,0,1148,0,379,2,0,381,921,512,96,0,1529,0,0,0,1529
02/12/2023,LAS,NV,AWP,WE,Towers with Radar,1129,181,112,1,1423,0,223,3,1,227,1129,404,115,2,1650,0,0,0,1650
02/13/2023,LAS,NV,AWP,WE,Towers with Radar,1138,215,176,25,1554,0,288,6,1,295,1138,503,182,26,1849,0,0,0,1849
02/14/2023,LAS,NV,AWP,WE,Towers with Radar,934,87,57,38,1116,0,285,6,1,292,934,372,63,39,1408,0,0,0,1408
02/15/2023,LAS,NV,AWP,WE,Towers with Radar,1027,124,82,38,1271,0,257,4,4,265,1027,381,86,42,1536,0,0,0,1536
02/16/2023,LAS,NV,AWP,WE,Towers with Radar,1162,152,117,44,1475,0,251,5,3,259,1162,403,122,47,1734,0,0,0,1734
02/17/2023,LAS,NV,AWP,WE,Towers with Radar,1151,153,110,27,1441,0,288,7,6,301,1151,441,117,33,1742,0,0,0,1742
02/18/2023,LAS,NV,AWP,WE,Towers with Radar,909,105,83,0,1097,0,384,12,2,398,909,489,95,2,1495,0,0,0,1495
02/19/2023,LAS,NV,AWP,WE,Towers with Radar,1113,147,107,1,1368,0,333,7,4,344,1113,480,114,5,1712,0,0,0,1712
02/20/2023,LAS,NV,AWP,WE,Towers with Radar,1157,124,90,6,1377,0,294,9,5,308,1157,418,99,11,1685,0,0,0,1685
02/21/2023,LAS,NV,AWP,WE,Towers with Radar,1020,93,65,31,1209,0,89,2,0,91,1020,182,67,31,1300,0,0,0,1300
02/22/2023,LAS,NV,AWP,WE,Towers with Radar,1048,106,84,38,1276,0,200,2,1,203,1048,306,86,39,1479,0,0,0,1479
02/23/2023,LAS,NV,AWP,WE,Towers with Radar,1124,149,95,31,1399,0,171,2,1,174,1124,320,97,32,1573,0,0,0,1573
02/24/2023,LAS,NV,AWP,WE,Towers with Radar,1160,152,95,12,1419,0,283,2,8,293,1160,435,97,20,1712,0,0,0,1712
02/25/2023,LAS,NV,AWP,WE,Towers with Radar,918,94,82,0,1094,0,100,0,0,100,918,194,82,0,1194,0,0,0,1194
02/26/2023,LAS,NV,AWP,WE,Towers with Radar,1150,152,148,0,1450,0,244,5,0,249,1150,396,153,0,1699,0,0,0,1699
02/27/2023,LAS,NV,AWP,WE,Towers with Radar,1159,116,80,34,1389,0,226,0,1,227,1159,342,80,35,1616,0,0,0,1616
02/28/2023,LAS,NV,AWP,WE,Towers with Radar,1028,111,93,41,1273,1,217,3,0,221,1029,328,96,41,1494,0,0,0,1494
03/01/2023,LAS,NV,AWP,WE,Towers with Radar,1079,118,108,20,1325,0,65,1,0,66,1079,183,109,20,1391,0,0,0,1391
03/02/2023,LAS,NV,AWP,WE,Towers with Radar,1161,162,118,42,1483,0,224,5,2,231,1161,386,123,44,1714,0,0,0,1714
03/03/2023,LAS,NV,AWP,WE,Towers with Radar,1145,197,165,39,1546,0,324,18,2,344,1145,521,183,41,1890,0,0,0,1890
03/04/2023,LAS,NV,AWP,WE,Towers with Radar,916,165,101,2,1184,0,318,7,4,329,916,483,108,6,1513,0,0,0,1513
03/05/2023,LAS,NV,AWP,WE,Towers with Radar,1126,210,202,0,1538,0,339,1,0,340,1126,549,203,0,1878,0,0,0,1878
03/06/2023,LAS,NV,AWP,WE,Towers with Radar,1172,149,103,28,1452,0,240,0,4,244,1172,389,103,32,1696,0,0,0,1696
03/07/2023,LAS,NV,AWP,WE,Towers with Radar,1035,122,77,47,1281,0,236,5,2,243,1035,358,82,49,1524,0,0,0,1524
03/08/2023,LAS,NV,AWP,WE,Towers with Radar,1036,117,109,39,1301,0,202,11,1,214,1036,319,120,40,1515,0,0,0,1515
03/09/2023,LAS,NV,AWP,WE,Towers with Radar,1153,180,122,43,1498,0,225,6,5,236,1153,405,128,48,1734,0,0,0,1734
03/10/2023,LAS,NV,AWP,WE,Towers with Radar,1172,178,120,37,1507,0,265,5,0,270,1172,443,125,37,1777,0,0,0,1777
03/11/2023,LAS,NV,AWP,WE,Towers with Radar,924,148,85,3,1160,0,337,8,0,345,924,485,93,3,1505,0,0,0,1505
03/12/2023,LAS,NV,AWP,WE,Towers with Radar,1163,183,145,2,1493,0,319,1,1,321,1163,502,146,3,1814,0,0,0,1814
03/13/2023,LAS,NV,AWP,WE,Towers with Radar,1184,152,144,34,1514,0,318,5,1,324,1184,470,149,35,1838,0,0,0,1838
03/14/2023,LAS,NV,AWP,WE,Towers with Radar,991,119,132,42,1284,0,112,3,2,117,991,231,135,44,1401,0,0,0,1401
03/15/2023,LAS,NV,AWP,WE,Towers with Radar,1038,109,97,42,1286,0,166,1,0,167,1038,275,98,42,1453,0,0,0,1453
03/16/2023,LAS,NV,AWP,WE,Towers with Radar,1204,242,192,40,1678,0,271,2,1,274,1204,513,194,41,1952,0,0,0,1952
03/17/2023,LAS,NV,AWP,WE,Towers with Radar,1205,200,186,32,1623,0,317,3,0,320,1205,517,189,32,1943,0,0,0,1943
03/18/2023,LAS,NV,AWP,WE,Towers with Radar,943,173,142,0,1258,0,379,3,0,382,943,552,145,0,1640,0,0,0,1640
03/19/2023,LAS,NV,AWP,WE,Towers with Radar,1166,206,179,0,1551,0,355,5,2,362,1166,561,184,2,1913,0,0,0,1913
03/20/2023,LAS,NV,AWP,WE,Towers with Radar,1189,147,98,35,1469,0,339,4,1,344,1189,486,102,36,1813,0,0,0,1813
03/21/2023,LAS,NV,AWP,WE,Towers with Radar,933,99,78,31,1141,0,120,0,0,120,933,219,78,31,1261,0,0,0,1261
03/22/2023,LAS,NV,AWP,WE,Towers with Radar,1090,122,100,32,1344,0,283,3,5,291,1090,405,103,37,1635,0,0,0,1635
03/23/2023,LAS,NV,AWP,WE,Towers with Radar,1195,225,162,38,1620,0,294,3,6,303,1195,519,165,44,1923,0,0,0,1923
03/24/2023,LAS,NV,AWP,WE,Towers with Radar,1194,232,186,35,1647,0,284,8,2,294,1194,516,194,37,1941,0,0,0,1941
03/25/2023,LAS,NV,AWP,WE,Towers with Radar,939,178,133,1,1251,0,304,5,1,310,939,482,138,2,1561,0,0,0,1561
03/26/2023,LAS,NV,AWP,WE,Towers with Radar,1157,263,202,1,1623,0,297,7,1,305,1157,560,209,2,1928,0,0,0,1928
03/27/2023,LAS,NV,AWP,WE,Towers with Radar,1196,136,102,37,1471,0,293,0,1,294,1196,429,102,38,1765,0,0,0,1765
03/28/2023,LAS,NV,AWP,WE,Towers with Radar,1043,103,94,42,1282,0,278,3,3,284,1043,381,97,45,1566,0,0,0,1566
03/29/2023,LAS,NV,AWP,WE,Towers with Radar,1039,101,86,43,1269,0,204,3,2,209,1039,305,89,45,1478,0,0,0,1478
03/30/2023,LAS,NV,AWP,WE,Towers with Radar,1222,138,118,44,1522,0,260,3,2,265,1222,398,121,46,1787,0,0,0,1787
03/31/2023,LAS,NV,AWP,WE,Towers with Radar,1178,153,101,39,1471,0,300,5,3,308,1178,453,106,42,1779,0,0,0,1779
04/01/2023,LAS,NV,AWP,WE,Towers with Radar,930,106,87,2,1125,0,349,5,4,358,930,455,92,6,1483,0,0,0,1483
04/02/2023,LAS,NV,AWP,WE,Towers with Radar,1151,147,111,5,1414,0,301,4,1,306,1151,448,115,6,1720,0,0,0,1720
04/03/2023,LAS,NV,AWP,WE,Towers with Radar,1208,129,75,24,1436,0,212,2,0,214,1208,341,77,24,1650,0,0,0,1650
04/04/2023,LAS,NV,AWP,WE,Towers with Radar,1055,89,69,41,1254,0,339,5,1,345,1055,428,74,42,1599,0,0,0,1599
04/05/2023,LAS,NV,AWP,WE,Towers with Radar,1058,102,70,37,1267,0,324,3,4,331,1058,426,73,41,1598,0,0,0,1598
04/06/2023,LAS,NV,AWP,WE,Towers with Radar,1219,133,80,45,1477,0,336,3,3,342,1219,469,83,48,1819,0,0,0,1819
04/07/2023,LAS,NV,AWP,WE,Towers with Radar,1238,127,69,37,1471,0,347,6,1,354,1238,474,75,38,1825,0,0,0,1825
04/08/2023,LAS,NV,AWP,WE,Towers with Radar,953,113,48,3,1117,0,377,5,1,383,953,490,53,4,1500,0,0,0,1500
04/09/2023,LAS,NV,AWP,WE,Towers with Radar,1194,132,73,1,1400,0,338,8,1,347,1194,470,81,2,1747,0,0,0,1747
04/10/2023,LAS,NV,AWP,WE,Towers with Radar,1205,104,77,31,1417,0,242,0,2,244,1205,346,77,33,1661,0,0,0,1661
04/11/2023,LAS,NV,AWP,WE,Towers with Radar,1129,103,68,43,1343,0,259,4,3,266,1129,362,72,46,1609,0,0,0,1609
04/12/2023,LAS,NV,AWP,WE,Towers with Radar,1094,108,73,37,1312,0,300,7,1,308,1094,408,80,38,1620,0,0,0,1620
04/13/2023,LAS,NV,AWP,WE,Towers with Radar,1217,143,90,39,1489,0,324,6,1,331,1217,467,96,40,1820,0,0,0,1820
04/14/2023,LAS,NV,AWP,WE,Towers with Radar,1212,149,144,36,1541,0,301,6,11,318,1212,450,150,47,1859,0,0,0,1859
04/15/2023,LAS,NV,AWP,WE,Towers with Radar,949,101,69,1,1120,0,344,7,0,351,949,445,76,1,1471,0,0,0,1471
04/16/2023,LAS,NV,AWP,WE,Towers with Radar,1180,138,117,1,1436,0,292,6,1,299,1180,430,123,2,1735,0,0,0,1735
04/17/2023,LAS,NV,AWP,WE,Towers with Radar,1235,139,94,34,1502,0,237,3,2,242,1235,376,97,36,1744,0,0,0,1744
04/18/2023,LAS,NV,AWP,WE,Towers with Radar,1114,101,66,42,1323,0,203,2,1,206,1114,304,68,43,1529,0,0,0,1529
04/19/2023,LAS,NV,AWP,WE,Towers with Radar,1084,84,102,38,1308,0,260,4,2,266,1084,344,106,40,1574,0,0,0,1574
04/20/2023,LAS,NV,AWP,WE,Towers with Radar,1051,125,95,40,1311,0,273,2,6,281,1051,398,97,46,1592,0,0,0,1592
04/21/2023,LAS,NV,AWP,WE,Towers with Radar,1231,161,133,36,1561,0,327,6,2,335,1231,488,139,38,1896,0,0,0,1896
04/22/2023,LAS,NV,AWP,WE,Towers with Radar,942,118,77,1,1138,0,300,3,0,303,942,418,80,1,1441,0,0,0,1441
04/23/2023,LAS,NV,AWP,WE,Towers with Radar,1189,197,141,2,1529,0,288,41,2,331,1189,485,182,4,1860,0,0,0,1860
04/24/2023,LAS,NV,AWP,WE,Towers with Radar,1237,118,87,36,1478,0,247,6,4,257,1237,365,93,40,1735,0,0,0,1735
04/25/2023,LAS,NV,AWP,WE,Towers with Radar,1035,79,61,37,1212,0,254,3,3,260,1035,333,64,40,1472,0,0,0,1472
04/26/2023,LAS,NV,AWP,WE,Towers with Radar,1107,104,103,39,1353,0,276,2,1,279,1107,380,105,40,1632,0,0,0,1632
04/27/2023,LAS,NV,AWP,WE,Towers with Radar,1227,158,103,43,1531,0,275,8,1,284,1227,433,111,44,1815,0,0,0,1815
04/28/2023,LAS,NV,AWP,WE,Towers with Radar,1104,129,66,32,1331,0,258,2,3,263,1104,387,68,35,1594,0,0,0,1594
04/29/2023,LAS,NV,AWP,WE,Towers with Radar,1002,107,71,2,1182,0,328,6,1,335,1002,435,77,3,1517,0,0,0,1517
04/30/2023,LAS,NV,AWP,WE,Towers with Radar,1176,148,110,3,1437,0,260,2,1,263,1176,408,112,4,1700,0,0,0,1700
05/01/2023,LAS,NV,AWP,WE,Towers with Radar,1193,115,63,35,1406,0,244,11,2,257,1193,359,74,37,1663,0,0,0,1663
05/02/2023,LAS,NV,AWP,WE,Towers with Radar,1156,89,91,42,1378,0,254,4,1,259,1156,343,95,43,1637,0,0,0,1637
05/03/2023,LAS,NV,AWP,WE,Towers with Radar,1097,109,89,37,1332,0,263,2,3,268,1097,372,91,40,1600,0,0,0,1600
05/04/2023,LAS,NV,AWP,WE,Towers with Radar,1205,133,102,30,1470,0,250,0,3,253,1205,383,102,33,1723,0,0,0,1723
05/05/2023,LAS,NV,AWP,WE,Towers with Radar,1232,146,118,39,1535,0,301,2,4,307,1232,447,120,43,1842,0,0,0,1842
05/06/2023,LAS,NV,AWP,WE,Towers with Radar,967,101,70,0,1138,1,293,4,6,304,968,394,74,6,1442,0,0,0,1442
05/07/2023,LAS,NV,AWP,WE,Towers with Radar,1189,174,131,2,1496,0,308,3,3,314,1189,482,134,5,1810,0,0,0,1810
05/08/2023,LAS,NV,AWP,WE,Towers with Radar,1226,129,107,34,1496,0,282,9,3,294,1226,411,116,37,1790,0,0,0,1790
05/09/2023,LAS,NV,AWP,WE,Towers with Radar,1111,112,104,46,1373,0,302,1,1,304,1111,414,105,47,1677,0,0,0,1677
05/10/2023,LAS,NV,AWP,WE,Towers with Radar,1075,120,112,40,1347,0,294,1,1,296,1075,414,113,41,1643,0,0,0,1643
05/11/2023,LAS,NV,AWP,WE,Towers with Radar,1211,134,95,40,1480,0,294,0,2,296,1211,428,95,42,1776,0,0,0,1776
05/12/2023,LAS,NV,AWP,WE,Towers with Radar,1051,132,83,34,1300,0,312,2,1,315,1051,444,85,35,1615,0,0,0,1615
05/13/2023,LAS,NV,AWP,WE,Towers with Radar,1031,112,44,0,1187,0,325,3,0,328,1031,437,47,0,1515,0,0,0,1515
05/14/2023,LAS,NV,AWP,WE,Towers with Radar,1178,144,79,2,1403,0,316,5,1,322,1178,460,84,3,1725,0,0,0,1725
05/15/2023,LAS,NV,AWP,WE,Towers with Radar,1207,114,70,32,1423,0,287,10,1,298,1207,401,80,33,1721,0,0,0,1721
05/16/2023,LAS,NV,AWP,WE,Towers with Radar,1094,110,52,44,1300,0,321,2,2,325,1094,431,54,46,1625,0,0,0,1625
05/17/2023,LAS,NV,AWP,WE,Towers with Radar,1083,107,89,40,1319,0,308,12,2,322,1083,415,101,42,1641,0,0,0,1641
05/18/2023,LAS,NV,AWP,WE,Towers with Radar,1122,166,106,41,1435,0,324,7,1,332,1122,490,113,42,1767,0,0,0,1767
05/19/2023,LAS,NV,AWP,WE,Towers with Radar,1196,164,126,35,1521,0,541,12,0,553,1196,705,138,35,2074,0,0,0,2074
05/20/2023,LAS,NV,AWP,WE,Towers with Radar,982,137,106,8,1233,0,868,24,14,906,982,1005,130,22,2139,0,0,0,2139
05/21/2023,LAS,NV,AWP,WE,Towers with Radar,1173,216,160,1,1550,0,897,26,1,924,1173,1113,186,2,2474,0,0,0,2474
05/22/2023,LAS,NV,AWP,WE,Towers with Radar,1205,140,114,36,1495,0,488,9,3,500,1205,628,123,39,1995,0,0,0,1995
05/23/2023,LAS,NV,AWP,WE,Towers with Radar,1128,135,140,42,1445,0,278,3,4,285,1128,413,143,46,1730,0,0,0,1730
05/24/2023,LAS,NV,AWP,WE,Towers with Radar,1075,128,110,39,1352,0,300,2,3,305,1075,428,112,42,1657,0,0,0,1657
05/25/2023,LAS,NV,AWP,WE,Towers with Radar,1222,148,99,35,1504,0,320,9,1,330,1222,468,108,36,1834,0,0,0,1834
05/26/2023,LAS,NV,AWP,WE,Towers with Radar,1212,176,90,20,1498,0,318,7,0,325,1212,494,97,20,1823,0,0,0,1823
05/27/2023,LAS,NV,AWP,WE,Towers with Radar,959,131,83,0,1173,0,330,2,0,332,959,461,85,0,1505,0,0,0,1505
05/28/2023,LAS,NV,AWP,WE,Towers with Radar,1145,151,66,0,1362,0,339,4,0,343,1145,490,70,0,1705,0,0,0,1705
05/29/2023,LAS,NV,AWP,WE,Towers with Radar,1192,148,76,2,1418,0,319,2,2,323,1192,467,78,4,1741,0,0,0,1741
05/30/2023,LAS,NV,AWP,WE,Towers with Radar,1100,88,54,35,1277,0,336,0,1,337,1100,424,54,36,1614,0,0,0,1614
05/31/2023,LAS,NV,AWP,WE,Towers with Radar,1096,99,55,43,1293,0,305,4,4,313,1096,404,59,47,1606,0,0,0,1606
06/01/2023,LAS,NV,AWP,WE,Towers with Radar,1192,135,98,38,1463,0,270,12,1,283,1192,405,110,39,1746,0,0,0,1746
06/02/2023,LAS,NV,AWP,WE,Towers with Radar,1218,149,97,34,1498,0,272,5,1,278,1218,421,102,35,1776,0,0,0,1776
06/03/2023,LAS,NV,AWP,WE,Towers with Radar,964,129,82,1,1176,0,290,4,0,294,964,419,86,1,1470,0,0,0,1470
06/04/2023,LAS,NV,AWP,WE,Towers with Radar,1174,163,112,5,1454,0,252,14,1,267,1174,415,126,6,1721,0,0,0,1721
06/05/2023,LAS,NV,AWP,WE,Towers with Radar,1201,127,85,34,1447,0,194,1,1,196,1201,321,86,35,1643,0,0,0,1643
06/06/2023,LAS,NV,AWP,WE,Towers with Radar,1117,79,71,43,1310,0,272,5,2,279,1117,351,76,45,1589,0,0,0,1589
06/07/2023,LAS,NV,AWP,WE,Towers with Radar,1079,114,79,29,1301,0,297,2,0,299,1079,411,81,29,1600,0,0,0,1600
06/08/2023,LAS,NV,AWP,WE,Towers with Radar,1200,143,77,41,1461,0,287,5,1,293,1200,430,82,42,1754,0,0,0,1754
06/09/2023,LAS,NV,AWP,WE,Towers with Radar,1216,127,109,36,1488,0,285,6,3,294,1216,412,115,39,1782,0,0,0,1782
06/10/2023,LAS,NV,AWP,WE,Towers with Radar,912,97,80,1,1090,0,285,2,0,287,912,382,82,1,1377,0,0,0,1377
06/11/2023,LAS,NV,AWP,WE,Towers with Radar,1176,142,109,3,1430,0,252,6,1,259,1176,394,115,4,1689,0,0,0,1689
06/12/2023,LAS,NV,AWP,WE,Towers with Radar,1188,123,84,31,1426,0,247,1,2,250,1188,370,85,33,1676,0,0,0,1676
06/13/2023,LAS,NV,AWP,WE,Towers with Radar,1082,128,96,42,1348,0,261,0,2,263,1082,389,96,44,1611,0,0,0,1611
06/14/2023,LAS,NV,AWP,WE,Towers with Radar,1061,118,99,39,1317,0,272,3,4,279,1061,390,102,43,1596,0,0,0,1596
06/15/2023,LAS,NV,AWP,WE,Towers with Radar,1198,144,93,41,1476,0,271,6,7,284,1198,415,99,48,1760,0,0,0,1760
06/16/2023,LAS,NV,AWP,WE,Towers with Radar,1198,160,95,29,1482,0,297,6,0,303,1198,457,101,29,1785,0,0,0,1785
06/17/2023,LAS,NV,AWP,WE,Towers with Radar,912,102,63,1,1078,0,314,35,0,349,912,416,98,1,1427,0,0,0,1427
06/18/2023,LAS,NV,AWP,WE,Towers with Radar,1147,154,83,1,1385,0,307,3,0,310,1147,461,86,1,1695,0,0,0,1695
06/19/2023,LAS,NV,AWP,WE,Towers with Radar,1195,136,70,4,1405,0,226,5,3,234,1195,362,75,7,1639,0,0,0,1639
06/20/2023,LAS,NV,AWP,WE,Towers with Radar,1060,103,71,34,1268,0,271,5,2,278,1060,374,76,36,1546,0,0,0,1546
06/21/2023,LAS,NV,AWP,WE,Towers with Radar,1047,115,70,39,1271,0,309,6,1,316,1047,424,76,40,1587,0,0,0,1587
06/22/2023,LAS,NV,AWP,WE,Towers with Radar,1195,133,76,40,1444,0,311,50,2,363,1195,444,126,42,1807,0,0,0,1807
06/23/2023,LAS,NV,AWP,WE,Towers with Radar,1194,156,107,34,1491,0,296,12,3,311,1194,452,119,37,1802,0,0,0,1802
06/24/2023,LAS,NV,AWP,WE,Towers with Radar,918,118,64,0,1100,0,302,10,0,312,918,420,74,0,1412,0,0,0,1412
06/25/2023,LAS,NV,AWP,WE,Towers with Radar,1143,132,128,1,1404,0,306,17,1,324,1143,438,145,2,1728,0,0,0,1728
06/26/2023,LAS,NV,AWP,WE,Towers with Radar,1162,111,65,31,1369,0,256,29,3,288,1162,367,94,34,1657,0,0,0,1657
06/27/2023,LAS,NV,AWP,WE,Towers with Radar,1029,98,69,41,1237,1,243,9,2,255,1030,341,78,43,1492,0,0,0,1492
06/28/2023,LAS,NV,AWP,WE,Towers with Radar,1059,104,83,41,1287,0,272,13,2,287,1059,376,96,43,1574,0,0,0,1574
06/29/2023,LAS,NV,AWP,WE,Towers with Radar,1185,130,93,42,1450,0,263,5,1,269,1185,393,98,43,1719,0,0,0,1719
06/30/2023,LAS,NV,AWP,WE,Towers with Radar,1199,125,97,34,1455,0,308,3,1,312,1199,433,100,35,1767,0,0,0,1767
07/01/2023,LAS,NV,AWP,WE,Towers with Radar,935,117,67,1,1120,0,306,1,0,307,935,423,68,1,1427,0,0,0,1427
07/02/2023,LAS,NV,AWP,WE,Towers with Radar,1151,130,85,0,1366,0,348,4,0,352,1151,478,89,0,1718,0,0,0,1718
07/03/2023,LAS,NV,AWP,WE,Towers with Radar,1143,95,52,2,1292,0,338,3,2,343,1143,433,55,4,1635,0,0,0,1635
07/04/2023,LAS,NV,AWP,WE,Towers with Radar,960,77,40,1,1078,0,342,2,1,345,960,419,42,2,1423,0,0,0,1423
07/05/2023,LAS,NV,AWP,WE,Towers with Radar,1030,98,73,41,1242,0,332,3,48,383,1030,430,76,89,1625,0,0,0,1625
07/06/2023,LAS,NV,AWP,WE,Towers with Radar,1210,120,83,40,1453,0,324,4,2,330,1210,444,87,42,1783,0,0,0,1783
07/07/2023,LAS,NV,AWP,WE,Towers with Radar,1180,165,113,36,1494,0,317,27,3,347,1180,482,140,39,1841,0,0,0,1841
07/08/2023,LAS,NV,AWP,WE,Towers with Radar,946,137,84,1,1168,0,288,3,0,291,946,425,87,1,1459,0,0,0,1459
07/09/2023,LAS,NV,AWP,WE,Towers with Radar,1166,187,124,1,1478,0,293,2,1,296,1166,480,126,2,1774,0,0,0,1774
07/10/2023,LAS,NV,AWP,WE,Towers with Radar,1173,138,126,30,1467,0,283,4,0,287,1173,421,130,30,1754,0,0,0,1754
07/11/2023,LAS,NV,AWP,WE,Towers with Radar,1061,120,101,41,1323,0,313,3,1,317,1061,433,104,42,1640,0,0,0,1640
07/12/2023,LAS,NV,AWP,WE,Towers with Radar,1067,131,93,37,1328,0,296,3,1,300,1067,427,96,38,1628,0,0,0,1628
07/13/2023,LAS,NV,AWP,WE,Towers with Radar,1196,164,89,43,1492,0,303,0,5,308,1196,467,89,48,1800,0,0,0,1800
07/14/2023,LAS,NV,AWP,WE,Towers with Radar,1182,155,85,36,1458,0,301,8,1,310,1182,456,93,37,1768,0,0,0,1768
07/15/2023,LAS,NV,AWP,WE,Towers with Radar,955,117,58,4,1134,0,286,0,0,286,955,403,58,4,1420,0,0,0,1420
07/16/2023,LAS,NV,AWP,WE,Towers with Radar,1131,141,104,1,1377,0,260,5,1,266,1131,401,109,2,1643,0,0,0,1643
07/17/2023,LAS,NV,AWP,WE,Towers with Radar,1194,115,82,31,1422,0,267,10,5,282,1194,382,92,36,1704,0,0,0,1704
07/18/2023,LAS,NV,AWP,WE,Towers with Radar,1077,99,66,41,1283,0,250,8,2,260,1077,349,74,43,1543,0,0,0,1543
07/19/2023,LAS,NV,AWP,WE,Towers with Radar,1082,105,76,39,1302,0,250,5,2,257,1082,355,81,41,1559,0,0,0,1559
07/20/2023,LAS,NV,AWP,WE,Towers with Radar,1180,151,88,42,1461,0,293,0,3,296,1180,444,88,45,1757,0,0,0,1757
07/21/2023,LAS,NV,AWP,WE,Towers with Radar,1188,137,98,34,1457,0,285,1,3,289,1188,422,99,37,1746,0,0,0,1746
07/22/2023,LAS,NV,AWP,WE,Towers with Radar,995,76,35,0,1106,0,293,1,0,294,995,369,36,0,1400,0,0,0,1400
07/23/2023,LAS,NV,AWP,WE,Towers with Radar,1152,124,91,0,1367,0,296,1,0,297,1152,420,92,0,1664,0,0,0,1664
07/24/2023,LAS,NV,AWP,WE,Towers with Radar,1219,113,67,34,1433,0,288,10,1,299,1219,401,77,35,1732,0,0,0,1732
07/25/2023,LAS,NV,AWP,WE,Towers with Radar,1051,93,68,42,1254,0,287,3,2,292,1051,380,71,44,1546,0,0,0,1546
07/26/2023,LAS,NV,AWP,WE,Towers with Radar,1061,95,62,39,1257,0,278,5,8,291,1061,373,67,47,1548,0,0,0,1548
07/27/2023,LAS,NV,AWP,WE,Towers with Radar,1195,137,91,42,1465,0,345,2,2,349,1195,482,93,44,1814,0,0,0,1814
07/28/2023,LAS,NV,AWP,WE,Towers with Radar,1183,152,103,35,1473,0,317,4,2,323,1183,469,107,37,1796,0,0,0,1796
07/29/2023,LAS,NV,AWP,WE,Towers with Radar,966,119,87,3,1175,0,318,9,0,327,966,437,96,3,1502,0,0,0,1502
07/30/2023,LAS,NV,AWP,WE,Towers with Radar,1133,177,109,1,1420,0,260,7,0,267,1133,437,116,1,1687,0,0,0,1687
07/31/2023,LAS,NV,AWP,WE,Towers with Radar,1082,127,75,34,1318,0,252,2,1,255,1082,379,77,35,1573,0,0,0,1573
08/01/2023,LAS,NV,AWP,WE,Towers with Radar,1103,116,62,42,1323,0,246,4,1,251,1103,362,66,43,1574,0,0,0,1574
08/02/2023,LAS,NV,AWP,WE,Towers with Radar,1062,90,58,43,1253,0,295,1,0,296,1062,385,59,43,1549,0,0,0,1549
08/03/2023,LAS,NV,AWP,WE,Towers with Radar,1196,137,76,38,1447,0,308,23,1,332,1196,445,99,39,1779,0,0,0,1779
08/04/2023,LAS,NV,AWP,WE,Towers with Radar,1197,140,69,34,1440,0,321,7,2,330,1197,461,76,36,1770,0,0,0,1770
08/05/2023,LAS,NV,AWP,WE,Towers with Radar,952,94,78,1,1125,0,334,1,0,335,952,428,79,1,1460,0,0,0,1460
08/06/2023,LAS,NV,AWP,WE,Towers with Radar,1120,147,109,3,1379,0,294,4,0,298,1120,441,113,3,1677,0,0,0,1677
08/07/2023,LAS,NV,AWP,WE,Towers with Radar,1161,127,78,31,1397,0,297,5,2,304,1161,424,83,33,1701,0,0,0,1701
08/08/2023,LAS,NV,AWP,WE,Towers with Radar,1083,72,71,42,1268,0,303,6,3,312,1083,375,77,45,1580,0,0,0,1580
08/09/2023,LAS,NV,AWP,WE,Towers with Radar,1064,116,67,37,1284,0,267,0,2,269,1064,383,67,39,1553,0,0,0,1553
08/10/2023,LAS,NV,AWP,WE,Towers with Radar,1211,121,83,38,1453,0,289,3,1,293,1211,410,86,39,1746,0,0,0,1746
08/11/2023,LAS,NV,AWP,WE,Towers with Radar,1197,144,78,29,1448,0,306,8,2,316,1197,450,86,31,1764,0,0,0,1764
08/12/2023,LAS,NV,AWP,WE,Towers with Radar,972,105,65,4,1146,0,346,8,1,355,972,451,73,5,1501,0,0,0,1501
08/13/2023,LAS,NV,AWP,WE,Towers with Radar,1159,137,123,1,1420,0,355,3,0,358,1159,492,126,1,1778,0,0,0,1778
08/14/2023,LAS,NV,AWP,WE,Towers with Radar,1184,139,78,36,1437,0,277,4,1,282,1184,416,82,37,1719,0,0,0,1719
08/15/2023,LAS,NV,AWP,WE,Towers with Radar,1098,105,86,48,1337,0,307,2,1,310,1098,412,88,49,1647,0,0,0,1647
08/16/2023,LAS,NV,AWP,WE,Towers with Radar,1058,75,93,43,1269,0,291,3,8,302,1058,366,96,51,1571,0,0,0,1571
08/17/2023,LAS,NV,AWP,WE,Towers with Radar,1192,149,92,43,1476,0,301,4,5,310,1192,450,96,48,1786,0,0,0,1786
08/18/2023,LAS,NV,AWP,WE,Towers with Radar,1052,129,85,35,1301,0,238,3,0,241,1052,367,88,35,1542,0,0,0,1542
08/19/2023,LAS,NV,AWP,WE,Towers with Radar,945,119,86,1,1151,0,222,3,0,225,945,341,89,1,1376,0,0,0,1376
08/20/2023,LAS,NV,AWP,WE,Towers with Radar,861,113,98,0,1072,0,76,1,0,77,861,189,99,0,1149,0,0,0,1149
08/21/2023,LAS,NV,AWP,WE,Towers with Radar,1147,105,87,25,1364,0,222,0,0,222,1147,327,87,25,1586,0,0,0,1586
08/22/2023,LAS,NV,AWP,WE,Towers with Radar,1072,119,79,28,1298,0,302,7,1,310,1072,421,86,29,1608,0,0,0,1608
08/23/2023,LAS,NV,AWP,WE,Towers with Radar,1054,107,94,42,1297,0,269,10,2,281,1054,376,104,44,1578,0,0,0,1578
08/24/2023,LAS,NV,AWP,WE,Towers with Radar,1200,134,91,44,1469,0,276,9,4,289,1200,410,100,48,1758,0,0,0,1758
08/25/2023,LAS,NV,AWP,WE,Towers with Radar,1207,160,99,37,1503,0,262,7,1,270,1207,422,106,38,1773,0,0,0,1773
08/26/2023,LAS,NV,AWP,WE,Towers with Radar,943,110,60,4,1117,0,306,5,0,311,943,416,65,4,1428,0,0,0,1428
08/27/2023,LAS,NV,AWP,WE,Towers with Radar,1195,175,117,4,1491,0,281,7,0,288,1195,456,124,4,1779,0,0,0,1779
08/28/2023,LAS,NV,AWP,WE,Towers with Radar,1158,104,66,34,1362,0,258,1,2,261,1158,362,67,36,1623,0,0,0,1623
08/29/2023,LAS,NV,AWP,WE,Towers with Radar,1059,70,54,41,1224,0,226,34,2,262,1059,296,88,43,1486,0,0,0,1486
08/30/2023,LAS,NV,AWP,WE,Towers with Radar,1057,106,70,41,1274,0,210,24,4,238,1057,316,94,45,1512,0,0,0,1512
08/31/2023,LAS,NV,AWP,WE,Towers with Radar,1183,176,97,39,1495,0,264,20,1,285,1183,440,117,40,1780,0,0,0,1780
