01/01/2020,LAW,OK,ASW,CE,Federal Contract Tower,6,0,0,0,6,0,0,10,0,10,6,0,10,0,16,0,0,0,16
01/02/2020,LAW,OK,ASW,CE,Federal Contract Tower,5,0,9,0,14,0,0,29,0,29,5,0,38,0,43,0,0,0,43
01/03/2020,LAW,OK,ASW,CE,Federal Contract Tower,4,0,0,4,8,0,0,15,0,15,4,0,15,4,23,14,0,14,37
01/04/2020,LAW,OK,ASW,CE,Federal Contract Tower,6,0,0,6,12,0,0,28,12,40,6,0,28,18,52,0,0,0,52
01/05/2020,LAW,OK,ASW,CE,Federal Contract Tower,6,0,2,0,8,0,0,5,0,5,6,0,7,0,13,0,0,0,13
01/06/2020,LAW,OK,ASW,CE,Federal Contract Tower,6,0,4,130,140,0,0,5,1,6,6,0,9,131,146,0,14,14,160
01/07/2020,LAW,OK,ASW,CE,Federal Contract Tower,5,0,7,92,104,0,0,11,2,13,5,0,18,94,117,0,0,0,117
01/08/2020,LAW,OK,ASW,CE,Federal Contract Tower,5,0,5,88,98,0,0,5,4,9,5,0,10,92,107,6,0,6,113
01/09/2020,LAW,OK,ASW,CE,Federal Contract Tower,5,0,1,76,82,0,0,22,1,23,5,0,23,77,105,8,0,8,113
01/10/2020,LAW,OK,ASW,CE,Federal Contract Tower,6,0,0,102,108,0,0,0,4,4,6,0,0,106,112,0,0,0,112
01/11/2020,LAW,OK,ASW,CE,Federal Contract Tower,3,0,2,0,5,0,0,1,0,1,3,0,3,0,6,0,0,0,6
01/12/2020,LAW,OK,ASW,CE,Federal Contract Tower,8,0,0,0,8,0,0,5,2,7,8,0,5,2,15,0,0,0,15
01/13/2020,LAW,OK,ASW,CE,Federal Contract Tower,6,0,6,41,53,0,0,0,0,0,6,0,6,41,53,0,4,4,57
01/14/2020,LAW,OK,ASW,CE,Federal Contract Tower,5,0,5,24,34,0,0,6,4,10,5,0,11,28,44,0,0,0,44
01/15/2020,LAW,OK,ASW,CE,Federal Contract Tower,5,0,1,42,48,0,0,5,0,5,5,0,6,42,53,0,0,0,53
01/16/2020,LAW,OK,ASW,CE,Federal Contract Tower,6,0,4,0,10,0,0,0,0,0,6,0,4,0,10,0,0,0,10
01/17/2020,LAW,OK,ASW,CE,Federal Contract Tower,0,6,16,0,22,0,0,0,0,0,0,6,16,0,22,0,0,0,22
01/18/2020,LAW,OK,ASW,CE,Federal Contract Tower,0,3,1,0,4,0,0,4,0,4,0,3,5,0,8,0,0,0,8
01/19/2020,LAW,OK,ASW,CE,Federal Contract Tower,6,0,2,0,8,0,0,5,0,5,6,0,7,0,13,0,0,0,13
01/20/2020,LAW,OK,ASW,CE,Federal Contract Tower,6,0,3,0,9,0,0,10,0,10,6,0,13,0,19,16,0,16,35
01/21/2020,LAW,OK,ASW,CE,Federal Contract Tower,5,0,2,40,47,0,0,3,0,3,5,0,5,40,50,0,0,0,50
01/22/2020,LAW,OK,ASW,CE,Federal Contract Tower,2,0,0,0,2,0,0,0,0,0,2,0,0,0,2,0,0,0,2
01/23/2020,LAW,OK,ASW,CE,Federal Contract Tower,6,0,2,54,62,0,0,2,4,6,6,0,4,58,68,0,0,0,68
01/24/2020,LAW,OK,ASW,CE,Federal Contract Tower,6,0,0,32,38,0,0,27,4,31,6,0,27,36,69,16,8,24,93
01/25/2020,LAW,OK,ASW,CE,Federal Contract Tower,3,0,0,0,3,0,0,6,0,6,3,0,6,0,9,6,0,6,15
01/26/2020,LAW,OK,ASW,CE,Federal Contract Tower,6,0,2,17,25,0,0,8,8,16,6,0,10,25,41,16,10,26,67
01/27/2020,LAW,OK,ASW,CE,Federal Contract Tower,14,0,2,46,62,0,0,5,0,5,14,0,7,46,67,0,0,0,67
01/28/2020,LAW,OK,ASW,CE,Federal Contract Tower,5,0,5,6,16,0,0,0,0,0,5,0,5,6,16,0,0,0,16
01/29/2020,LAW,OK,ASW,CE,Federal Contract Tower,5,0,2,110,117,0,0,0,0,0,5,0,2,110,117,0,0,0,117
01/30/2020,LAW,OK,ASW,CE,Federal Contract Tower,6,0,5,148,159,0,0,0,0,0,6,0,5,148,159,0,0,0,159
01/31/2020,LAW,OK,ASW,CE,Federal Contract Tower,6,0,3,48,57,0,0,11,16,27,6,0,14,64,84,12,0,12,96
02/01/2020,LAW,OK,ASW,CE,Federal Contract Tower,3,0,1,0,4,0,0,19,0,19,3,0,20,0,23,26,0,26,49
02/02/2020,LAW,OK,ASW,CE,Federal Contract Tower,6,0,2,5,13,0,0,9,26,35,6,0,11,31,48,2,2,4,52
02/03/2020,LAW,OK,ASW,CE,Federal Contract Tower,6,0,0,109,115,0,0,11,2,13,6,0,11,111,128,0,0,0,128
02/04/2020,LAW,OK,ASW,CE,Federal Contract Tower,5,0,2,64,71,0,0,2,0,2,5,0,4,64,73,0,0,0,73
02/05/2020,LAW,OK,ASW,CE,Federal Contract Tower,0,0,0,0,0,0,0,0,0,0,0,0,0,0,0,0,0,0,0
02/06/2020,LAW,OK,ASW,CE,Federal Contract Tower,4,0,0,16,20,0,0,2,0,2,4,0,2,16,22,0,0,0,22
02/07/2020,LAW,OK,ASW,CE,Federal Contract Tower,6,0,0,72,78,0,0,13,0,13,6,0,13,72,91,0,0,0,91
02/08/2020,LAW,OK,ASW,CE,Federal Contract Tower,3,0,3,0,6,0,0,7,0,7,3,0,10,0,13,0,0,0,13
02/09/2020,LAW,OK,ASW,CE,Federal Contract Tower,6,0,0,4,10,0,0,2,4,6,6,0,2,8,16,0,0,0,16
02/10/2020,LAW,OK,ASW,CE,Federal Contract Tower,6,0,1,40,47,0,0,2,0,2,6,0,3,40,49,0,0,0,49
02/11/2020,LAW,OK,ASW,CE,Federal Contract Tower,5,0,3,160,168,0,0,2,8,10,5,0,5,168,178,6,0,6,184
02/12/2020,LAW,OK,ASW,CE,Federal Contract Tower,5,0,4,108,117,0,0,0,0,0,5,0,4,108,117,0,0,0,117
02/13/2020,LAW,OK,ASW,CE,Federal Contract Tower,6,0,5,124,135,0,0,17,4,21,6,0,22,128,156,0,0,0,156
02/14/2020,LAW,OK,ASW,CE,Federal Contract Tower,6,0,9,106,121,0,0,24,0,24,6,0,33,106,145,0,0,0,145
02/15/2020,LAW,OK,ASW,CE,Federal Contract Tower,2,0,4,0,6,0,0,20,0,20,2,0,24,0,26,0,0,0,26
02/16/2020,LAW,OK,ASW,CE,Federal Contract Tower,4,0,8,0,12,0,0,8,0,8,4,0,16,0,20,3,0,3,23
02/17/2020,LAW,OK,ASW,CE,Federal Contract Tower,5,0,5,0,10,0,0,7,0,7,5,0,12,0,17,0,0,0,17
02/18/2020,LAW,OK,ASW,CE,Federal Contract Tower,4,0,1,52,57,0,0,5,0,5,4,0,6,52,62,0,0,0,62
02/19/2020,LAW,OK,ASW,CE,Federal Contract Tower,4,0,14,106,124,0,0,6,0,6,4,0,20,106,130,0,0,0,130
02/20/2020,LAW,OK,ASW,CE,Federal Contract Tower,6,0,18,92,116,0,0,3,0,3,6,0,21,92,119,6,0,6,125
02/21/2020,LAW,OK,ASW,CE,Federal Contract Tower,6,0,3,52,61,0,0,16,7,23,6,0,19,59,84,0,13,13,97
02/22/2020,LAW,OK,ASW,CE,Federal Contract Tower,4,0,18,0,22,0,0,13,0,13,4,0,31,0,35,0,0,0,35
02/23/2020,LAW,OK,ASW,CE,Federal Contract Tower,6,0,2,0,8,0,0,2,0,2,6,0,4,0,10,0,0,0,10
02/24/2020,LAW,OK,ASW,CE,Federal Contract Tower,6,0,7,54,67,0,0,4,5,9,6,0,11,59,76,19,0,19,95
02/25/2020,LAW,OK,ASW,CE,Federal Contract Tower,4,2,0,56,62,0,0,1,2,3,4,2,1,58,65,0,0,0,65
02/26/2020,LAW,OK,ASW,CE,Federal Contract Tower,4,0,10,80,94,0,0,5,4,9,4,0,15,84,103,4,0,4,107
02/27/2020,LAW,OK,ASW,CE,Federal Contract Tower,6,0,12,42,60,0,0,15,0,15,6,0,27,42,75,12,0,12,87
02/28/2020,LAW,OK,ASW,CE,Federal Contract Tower,6,2,19,34,61,0,0,11,0,11,6,2,30,34,72,2,0,2,74
02/29/2020,LAW,OK,ASW,CE,Federal Contract Tower,4,0,7,0,11,0,0,12,0,12,4,0,19,0,23,6,0,6,29
03/01/2020,LAW,OK,ASW,CE,Federal Contract Tower,6,0,3,20,29,0,0,1,2,3,6,0,4,22,32,12,0,12,44
03/02/2020,LAW,OK,ASW,CE,Federal Contract Tower,6,0,4,38,48,0,0,5,1,6,6,0,9,39,54,0,4,4,58
03/03/2020,LAW,OK,ASW,CE,Federal Contract Tower,4,2,8,26,40,0,0,11,4,15,4,2,19,30,55,0,0,0,55
03/04/2020,LAW,OK,ASW,CE,Federal Contract Tower,4,0,1,112,117,0,0,8,0,8,4,0,9,112,125,0,0,0,125
03/05/2020,LAW,OK,ASW,CE,Federal Contract Tower,5,0,5,38,48,0,0,14,0,14,5,0,19,38,62,0,0,0,62
03/06/2020,LAW,OK,ASW,CE,Federal Contract Tower,5,0,1,74,80,0,0,20,4,24,5,0,21,78,104,12,0,12,116
03/07/2020,LAW,OK,ASW,CE,Federal Contract Tower,5,0,5,0,10,0,0,21,0,21,5,0,26,0,31,4,0,4,35
03/08/2020,LAW,OK,ASW,CE,Federal Contract Tower,5,0,24,0,29,0,0,0,0,0,5,0,24,0,29,0,0,0,29
03/09/2020,LAW,OK,ASW,CE,Federal Contract Tower,5,0,1,36,42,0,0,0,0,0,5,0,1,36,42,0,6,6,48
03/10/2020,LAW,OK,ASW,CE,Federal Contract Tower,5,0,12,30,47,0,0,13,0,13,5,0,25,30,60,0,0,0,60
03/11/2020,LAW,OK,ASW,CE,Federal Contract Tower,5,0,20,54,79,0,0,16,0,16,5,0,36,54,95,3,0,3,98
03/12/2020,LAW,OK,ASW,CE,Federal Contract Tower,5,0,10,30,45,0,0,6,0,6,5,0,16,30,51,0,0,0,51
03/13/2020,LAW,OK,ASW,CE,Federal Contract Tower,4,0,4,0,8,0,0,0,0,0,4,0,4,0,8,0,0,0,8
03/14/2020,LAW,OK,ASW,CE,Federal Contract Tower,7,0,4,0,11,0,0,1,0,1,7,0,5,0,12,2,0,2,14
03/15/2020,LAW,OK,ASW,CE,Federal Contract Tower,5,0,1,0,6,0,0,0,0,0,5,0,1,0,6,0,0,0,6
03/16/2020,LAW,OK,ASW,CE,Federal Contract Tower,5,0,2,0,7,0,0,0,0,0,5,0,2,0,7,0,0,0,7
03/17/2020,LAW,OK,ASW,CE,Federal Contract Tower,6,0,1,0,7,0,0,0,0,0,6,0,1,0,7,0,0,0,7
03/18/2020,LAW,OK,ASW,CE,Federal Contract Tower,5,0,8,2,15,0,0,3,0,3,5,0,11,2,18,0,0,0,18
03/19/2020,LAW,OK,ASW,CE,Federal Contract Tower,5,0,6,8,19,0,0,8,0,8,5,0,14,8,27,0,0,0,27
03/20/2020,LAW,OK,ASW,CE,Federal Contract Tower,5,0,8,66,79,0,0,11,0,11,5,0,19,66,90,0,0,0,90
03/21/2020,LAW,OK,ASW,CE,Federal Contract Tower,6,0,0,0,6,0,0,5,0,5,6,0,5,0,11,4,0,4,15
03/22/2020,LAW,OK,ASW,CE,Federal Contract Tower,5,0,0,1,6,0,0,0,0,0,5,0,0,1,6,7,0,7,13
03/24/2020,LAW,OK,ASW,CE,Federal Contract Tower,3,0,2,27,32,0,0,4,1,5,3,0,6,28,37,0,36,36,73
03/25/2020,LAW,OK,ASW,CE,Federal Contract Tower,5,0,0,26,31,0,0,13,0,13,5,0,13,26,44,0,0,0,44
03/26/2020,LAW,OK,ASW,CE,Federal Contract Tower,3,0,2,26,31,0,0,22,0,22,3,0,24,26,53,10,0,10,63
03/27/2020,LAW,OK,ASW,CE,Federal Contract Tower,5,0,2,44,51,0,0,3,0,3,5,0,5,44,54,4,0,4,58
03/28/2020,LAW,OK,ASW,CE,Federal Contract Tower,5,0,0,0,5,0,0,8,0,8,5,0,8,0,13,0,0,0,13
03/29/2020,LAW,OK,ASW,CE,Federal Contract Tower,3,0,2,0,5,0,0,12,0,12,3,0,14,0,17,18,0,18,35
03/30/2020,LAW,OK,ASW,CE,Federal Contract Tower,3,0,1,0,4,0,0,1,0,1,3,0,2,0,5,0,0,0,5
03/31/2020,LAW,OK,ASW,CE,Federal Contract Tower,3,0,4,46,53,0,0,7,2,9,3,0,11,48,62,16,4,20,82
04/01/2020,LAW,OK,ASW,CE,Federal Contract Tower,5,0,0,32,37,0,0,18,0,18,5,0,18,32,55,6,0,6,61
04/02/2020,LAW,OK,ASW,CE,Federal Contract Tower,3,0,8,42,53,0,0,4,0,4,3,0,12,42,57,11,0,11,68
04/03/2020,LAW,OK,ASW,CE,Federal Contract Tower,2,0,1,0,3,0,0,0,0,0,2,0,1,0,3,0,0,0,3
04/04/2020,LAW,OK,ASW,CE,Federal Contract Tower,5,0,11,2,18,0,0,6,0,6,5,0,17,2,24,10,0,10,34
04/05/2020,LAW,OK,ASW,CE,Federal Contract Tower,0,0,4,0,4,0,0,0,0,0,0,0,4,0,4,0,0,0,4
04/06/2020,LAW,OK,ASW,CE,Federal Contract Tower,1,0,7,60,68,0,0,0,0,0,1,0,7,60,68,0,0,0,68
04/07/2020,LAW,OK,ASW,CE,Federal Contract Tower,0,0,5,42,47,0,0,6,0,6,0,0,11,42,53,10,0,10,63
04/08/2020,LAW,OK,ASW,CE,Federal Contract Tower,0,0,2,28,30,0,0,6,4,10,0,0,8,32,40,0,4,4,44
04/09/2020,LAW,OK,ASW,CE,Federal Contract Tower,0,0,4,38,42,0,0,12,0,12,0,0,16,38,54,0,0,0,54
04/10/2020,LAW,OK,ASW,CE,Federal Contract Tower,0,0,1,40,41,0,0,6,2,8,0,0,7,42,49,0,0,0,49
04/11/2020,LAW,OK,ASW,CE,Federal Contract Tower,0,0,0,0,0,0,0,4,0,4,0,0,4,0,4,10,0,10,14
04/12/2020,LAW,OK,ASW,CE,Federal Contract Tower,0,0,2,0,2,0,0,8,0,8,0,0,10,0,10,0,0,0,10
04/13/2020,LAW,OK,ASW,CE,Federal Contract Tower,0,0,2,48,50,0,0,10,0,10,0,0,12,48,60,12,0,12,72
04/14/2020,LAW,OK,ASW,CE,Federal Contract Tower,0,0,0,0,0,0,0,0,0,0,0,0,0,0,0,0,0,0,0
04/15/2020,LAW,OK,ASW,CE,Federal Contract Tower,0,0,8,40,48,0,0,6,4,10,0,0,14,44,58,8,0,8,66
04/16/2020,LAW,OK,ASW,CE,Federal Contract Tower,0,0,5,70,75,0,0,10,0,10,0,0,15,70,85,2,0,2,87
04/17/2020,LAW,OK,ASW,CE,Federal Contract Tower,0,0,0,52,52,0,0,3,0,3,0,0,3,52,55,0,0,0,55
04/18/2020,LAW,OK,ASW,CE,Federal Contract Tower,0,0,3,0,3,0,0,15,0,15,0,0,18,0,18,16,0,16,34
04/19/2020,LAW,OK,ASW,CE,Federal Contract Tower,0,0,2,0,2,0,0,2,0,2,0,0,4,0,4,0,0,0,4
04/20/2020,LAW,OK,ASW,CE,Federal Contract Tower,0,0,1,82,83,0,0,16,0,16,0,0,17,82,99,12,0,12,111
04/21/2020,LAW,OK,ASW,CE,Federal Contract Tower,2,0,3,32,37,0,0,7,0,7,2,0,10,32,44,4,0,4,48
04/22/2020,LAW,OK,ASW,CE,Federal Contract Tower,2,0,0,54,56,0,0,4,2,6,2,0,4,56,62,0,2,2,64
04/23/2020,LAW,OK,ASW,CE,Federal Contract Tower,2,0,2,80,84,0,0,14,0,14,2,0,16,80,98,0,0,0,98
04/24/2020,LAW,OK,ASW,CE,Federal Contract Tower,4,0,3,36,43,0,0,7,2,9,4,0,10,38,52,4,6,10,62
04/25/2020,LAW,OK,ASW,CE,Federal Contract Tower,0,0,5,6,11,0,0,13,0,13,0,0,18,6,24,6,0,6,30
04/27/2020,LAW,OK,ASW,CE,Federal Contract Tower,0,0,2,72,74,0,0,5,0,5,0,0,7,72,79,0,0,0,79
04/28/2020,LAW,OK,ASW,CE,Federal Contract Tower,0,0,4,56,60,0,0,1,2,3,0,0,5,58,63,0,0,0,63
04/29/2020,LAW,OK,ASW,CE,Federal Contract Tower,2,0,3,74,79,0,0,17,0,17,2,0,20,74,96,0,0,0,96
04/30/2020,LAW,OK,ASW,CE,Federal Contract Tower,2,0,17,26,45,0,0,14,0,14,2,0,31,26,59,0,0,0,59
05/01/2020,LAW,OK,ASW,CE,Federal Contract Tower,5,0,7,30,42,0,0,6,0,6,5,0,13,30,48,0,8,8,56
05/02/2020,LAW,OK,ASW,CE,Federal Contract Tower,4,0,10,0,14,0,0,10,0,10,4,0,20,0,24,8,0,8,32
05/03/2020,LAW,OK,ASW,CE,Federal Contract Tower,2,0,0,7,9,0,0,7,0,7,2,0,7,7,16,8,0,8,24
05/04/2020,LAW,OK,ASW,CE,Federal Contract Tower,2,0,0,30,32,0,0,5,2,7,2,0,5,32,39,0,0,0,39
05/05/2020,LAW,OK,ASW,CE,Federal Contract Tower,5,0,4,57,66,0,0,7,0,7,5,0,11,57,73,0,0,0,73
05/06/2020,LAW,OK,ASW,CE,Federal Contract Tower,4,0,2,32,38,0,0,12,0,12,4,0,14,32,50,10,0,10,60
05/07/2020,LAW,OK,ASW,CE,Federal Contract Tower,0,0,1,55,56,0,0,8,0,8,0,0,9,55,64,0,0,0,64
05/08/2020,LAW,OK,ASW,CE,Federal Contract Tower,6,0,0,54,60,0,0,5,0,5,6,0,5,54,65,0,0,0,65
05/09/2020,LAW,OK,ASW,CE,Federal Contract Tower,0,0,26,0,26,0,0,19,0,19,0,0,45,0,45,16,0,16,61
05/10/2020,LAW,OK,ASW,CE,Federal Contract Tower,0,0,12,4,16,0,0,12,0,12,0,0,24,4,28,4,0,4,32
05/11/2020,LAW,OK,ASW,CE,Federal Contract Tower,0,0,16,34,50,0,0,5,0,5,0,0,21,34,55,6,0,6,61
05/12/2020,LAW,OK,ASW,CE,Federal Contract Tower,8,0,6,90,104,0,0,0,0,0,8,0,6,90,104,0,0,0,104
05/13/2020,LAW,OK,ASW,CE,Federal Contract Tower,0,0,13,47,60,0,0,0,1,1,0,0,13,48,61,0,6,6,67
05/14/2020,LAW,OK,ASW,CE,Federal Contract Tower,0,0,6,32,38,0,0,15,0,15,0,0,21,32,53,0,0,0,53
05/15/2020,LAW,OK,ASW,CE,Federal Contract Tower,5,0,1,14,20,0,0,3,0,3,5,0,4,14,23,0,0,0,23
05/16/2020,LAW,OK,ASW,CE,Federal Contract Tower,3,0,5,3,11,0,0,4,0,4,3,0,9,3,15,0,0,0,15
05/17/2020,LAW,OK,ASW,CE,Federal Contract Tower,0,0,6,7,13,0,0,7,0,7,0,0,13,7,20,0,0,0,20
05/18/2020,LAW,OK,ASW,CE,Federal Contract Tower,2,0,18,46,66,0,0,7,6,13,2,0,25,52,79,0,0,0,79
05/19/2020,LAW,OK,ASW,CE,Federal Contract Tower,0,0,3,34,37,0,0,13,0,13,0,0,16,34,50,8,3,11,61
05/20/2020,LAW,OK,ASW,CE,Federal Contract Tower,0,0,7,86,93,0,0,2,0,2,0,0,9,86,95,0,0,0,95
05/21/2020,LAW,OK,ASW,CE,Federal Contract Tower,0,0,1,96,97,0,0,3,0,3,0,0,4,96,100,0,0,0,100
05/22/2020,LAW,OK,ASW,CE,Federal Contract Tower,6,0,4,0,10,0,0,13,0,13,6,0,17,0,23,0,0,0,23
05/23/2020,LAW,OK,ASW,CE,Federal Contract Tower,1,0,2,0,3,0,0,7,0,7,1,0,9,0,10,0,0,0,10
05/24/2020,LAW,OK,ASW,CE,Federal Contract Tower,0,0,6,0,6,0,0,6,0,6,0,0,12,0,12,0,0,0,12
05/25/2020,LAW,OK,ASW,CE,Federal Contract Tower,0,0,6,0,6,0,0,2,0,2,0,0,8,0,8,0,0,0,8
05/26/2020,LAW,OK,ASW,CE,Federal Contract Tower,1,0,12,64,77,0,0,2,12,14,1,0,14,76,91,0,3,3,94
05/27/2020,LAW,OK,ASW,CE,Federal Contract Tower,2,0,9,96,107,0,0,16,0,16,2,0,25,96,123,10,0,10,133
05/28/2020,LAW,OK,ASW,CE,Federal Contract Tower,4,0,10,54,68,0,0,6,3,9,4,0,16,57,77,0,6,6,83
05/29/2020,LAW,OK,ASW,CE,Federal Contract Tower,2,0,8,60,70,0,0,12,0,12,2,0,20,60,82,0,0,0,82
05/30/2020,LAW,OK,ASW,CE,Federal Contract Tower,0,0,1,0,1,0,0,0,0,0,0,0,1,0,1,0,0,0,1
05/31/2020,LAW,OK,ASW,CE,Federal Contract Tower,0,0,0,0,0,0,0,12,0,12,0,0,12,0,12,10,0,10,22
06/01/2020,LAW,OK,ASW,CE,Federal Contract Tower,2,0,8,37,47,0,0,6,0,6,2,0,14,37,53,0,0,0,53
06/02/2020,LAW,OK,ASW,CE,Federal Contract Tower,1,0,2,76,79,0,0,10,0,10,1,0,12,76,89,2,0,2,91
06/03/2020,LAW,OK,ASW,CE,Federal Contract Tower,3,0,6,42,51,0,0,9,2,11,3,0,15,44,62,0,0,0,62
06/04/2020,LAW,OK,ASW,CE,Federal Contract Tower,3,0,15,96,114,0,0,12,0,12,3,0,27,96,126,0,0,0,126
06/05/2020,LAW,OK,ASW,CE,Federal Contract Tower,0,0,4,57,61,0,0,14,0,14,0,0,18,57,75,10,4,14,89
06/06/2020,LAW,OK,ASW,CE,Federal Contract Tower,0,0,0,0,0,0,0,4,0,4,0,0,4,0,4,0,0,0,4
06/07/2020,LAW,OK,ASW,CE,Federal Contract Tower,0,0,3,0,3,0,0,9,0,9,0,0,12,0,12,8,0,8,20
06/08/2020,LAW,OK,ASW,CE,Federal Contract Tower,2,0,3,34,39,0,0,7,0,7,2,0,10,34,46,0,0,0,46
06/09/2020,LAW,OK,ASW,CE,Federal Contract Tower,2,0,1,2,5,0,0,1,0,1,2,0,2,2,6,0,0,0,6
06/10/2020,LAW,OK,ASW,CE,Federal Contract Tower,0,0,2,50,52,0,0,20,0,20,0,0,22,50,72,5,0,5,77
06/11/2020,LAW,OK,ASW,CE,Federal Contract Tower,0,0,5,48,53,0,0,17,3,20,0,0,22,51,73,4,4,8,81
06/12/2020,LAW,OK,ASW,CE,Federal Contract Tower,0,0,11,46,57,0,0,23,0,23,0,0,34,46,80,6,2,8,88
06/13/2020,LAW,OK,ASW,CE,Federal Contract Tower,0,0,3,4,7,0,0,21,0,21,0,0,24,4,28,14,0,14,42
06/14/2020,LAW,OK,ASW,CE,Federal Contract Tower,0,0,1,0,1,0,0,5,0,5,0,0,6,0,6,0,0,0,6
06/15/2020,LAW,OK,ASW,CE,Federal Contract Tower,0,0,14,122,136,0,0,11,0,11,0,0,25,122,147,0,0,0,147
06/16/2020,LAW,OK,ASW,CE,Federal Contract Tower,0,0,16,120,136,0,0,10,0,10,0,0,26,120,146,0,0,0,146
06/17/2020,LAW,OK,ASW,CE,Federal Contract Tower,0,0,5,84,89,0,0,21,0,21,0,0,26,84,110,0,0,0,110
06/18/2020,LAW,OK,ASW,CE,Federal Contract Tower,0,0,8,58,66,0,0,11,0,11,0,0,19,58,77,0,0,0,77
06/19/2020,LAW,OK,ASW,CE,Federal Contract Tower,0,0,8,38,46,0,0,7,0,7,0,0,15,38,53,8,0,8,61
06/20/2020,LAW,OK,ASW,CE,Federal Contract Tower,0,0,8,0,8,0,0,6,0,6,0,0,14,0,14,0,0,0,14
06/21/2020,LAW,OK,ASW,CE,Federal Contract Tower,1,0,1,0,2,0,0,7,0,7,1,0,8,0,9,0,0,0,9
06/22/2020,LAW,OK,ASW,CE,Federal Contract Tower,2,0,13,78,93,0,0,10,0,10,2,0,23,78,103,0,0,0,103
06/23/2020,LAW,OK,ASW,CE,Federal Contract Tower,0,0,3,51,54,0,0,9,1,10,0,0,12,52,64,26,0,26,90
06/24/2020,LAW,OK,ASW,CE,Federal Contract Tower,0,0,6,80,86,0,0,22,0,22,0,0,28,80,108,6,0,6,114
06/25/2020,LAW,OK,ASW,CE,Federal Contract Tower,0,0,9,120,129,0,0,10,0,10,0,0,19,120,139,0,0,0,139
06/26/2020,LAW,OK,ASW,CE,Federal Contract Tower,2,1,6,64,73,0,0,19,0,19,2,1,25,64,92,12,0,12,104
06/27/2020,LAW,OK,ASW,CE,Federal Contract Tower,0,0,1,0,1,0,0,17,0,17,0,0,18,0,18,10,0,10,28
06/28/2020,LAW,OK,ASW,CE,Federal Contract Tower,2,0,0,10,12,0,0,7,0,7,2,0,7,10,19,6,0,6,25
06/29/2020,LAW,OK,ASW,CE,Federal Contract Tower,1,0,3,60,64,0,0,6,0,6,1,0,9,60,70,0,0,0,70
06/30/2020,LAW,OK,ASW,CE,Federal Contract Tower,0,0,8,89,97,0,0,5,0,5,0,0,13,89,102,0,6,6,108
07/01/2020,LAW,OK,ASW,CE,Federal Contract Tower,2,0,7,10,19,0,0,7,1,8,2,0,14,11,27,10,6,16,43
07/02/2020,LAW,OK,ASW,CE,Federal Contract Tower,2,0,10,38,50,0,0,16,0,16,2,0,26,38,66,6,0,6,72
07/03/2020,LAW,OK,ASW,CE,Federal Contract Tower,0,0,9,0,9,0,0,9,0,9,0,0,18,0,18,0,0,0,18
07/04/2020,LAW,OK,ASW,CE,Federal Contract Tower,0,0,0,0,0,0,0,13,0,13,0,0,13,0,13,6,0,6,19
07/05/2020,LAW,OK,ASW,CE,Federal Contract Tower,0,0,0,0,0,0,0,6,0,6,0,0,6,0,6,4,0,4,10
07/06/2020,LAW,OK,ASW,CE,Federal Contract Tower,0,0,2,0,2,0,0,4,0,4,0,0,6,0,6,10,0,10,16
07/07/2020,LAW,OK,ASW,CE,Federal Contract Tower,0,0,7,62,69,0,0,1,0,1,0,0,8,62,70,0,0,0,70
07/08/2020,LAW,OK,ASW,CE,Federal Contract Tower,9,0,4,90,103,0,0,24,2,26,9,0,28,92,129,11,0,11,140
07/09/2020,LAW,OK,ASW,CE,Federal Contract Tower,2,0,8,78,88,0,0,16,6,22,2,0,24,84,110,0,16,16,126
07/10/2020,LAW,OK,ASW,CE,Federal Contract Tower,2,0,3,107,112,0,0,8,1,9,2,0,11,108,121,2,0,2,123
07/11/2020,LAW,OK,ASW,CE,Federal Contract Tower,2,0,14,0,16,0,0,15,0,15,2,0,29,0,31,12,0,12,43
07/12/2020,LAW,OK,ASW,CE,Federal Contract Tower,5,0,9,4,18,0,0,10,0,10,5,0,19,4,28,0,0,0,28
07/13/2020,LAW,OK,ASW,CE,Federal Contract Tower,5,0,10,76,91,0,0,11,0,11,5,0,21,76,102,0,0,0,102
07/14/2020,LAW,OK,ASW,CE,Federal Contract Tower,3,0,0,130,133,0,0,8,10,18,3,0,8,140,151,4,0,4,155
07/15/2020,LAW,OK,ASW,CE,Federal Contract Tower,4,0,15,98,117,0,0,11,4,15,4,0,26,102,132,0,0,0,132
07/16/2020,LAW,OK,ASW,CE,Federal Contract Tower,6,0,12,104,122,0,0,14,2,16,6,0,26,106,138,8,0,8,146
07/17/2020,LAW,OK,ASW,CE,Federal Contract Tower,4,0,6,114,124,0,0,15,0,15,4,0,21,114,139,6,0,6,145
07/18/2020,LAW,OK,ASW,CE,Federal Contract Tower,2,1,3,0,6,0,0,14,2,16,2,1,17,2,22,0,0,0,22
07/19/2020,LAW,OK,ASW,CE,Federal Contract Tower,2,0,0,0,2,0,0,5,0,5,2,0,5,0,7,2,0,2,9
07/20/2020,LAW,OK,ASW,CE,Federal Contract Tower,2,0,6,125,133,0,0,10,1,11,2,0,16,126,144,4,0,4,148
07/21/2020,LAW,OK,ASW,CE,Federal Contract Tower,3,0,6,118,127,0,0,9,8,17,3,0,15,126,144,0,0,0,144
07/22/2020,LAW,OK,ASW,CE,Federal Contract Tower,5,0,0,157,162,0,0,8,10,18,5,0,8,167,180,11,2,13,193
07/23/2020,LAW,OK,ASW,CE,Federal Contract Tower,2,0,8,76,86,0,0,22,0,22,2,0,30,76,108,6,0,6,114
07/24/2020,LAW,OK,ASW,CE,Federal Contract Tower,5,0,7,138,150,0,0,16,0,16,5,0,23,138,166,6,0,6,172
07/25/2020,LAW,OK,ASW,CE,Federal Contract Tower,2,0,7,0,9,0,0,11,0,11,2,0,18,0,20,8,0,8,28
07/26/2020,LAW,OK,ASW,CE,Federal Contract Tower,2,0,11,18,31,0,0,5,0,5,2,0,16,18,36,15,0,15,51
07/27/2020,LAW,OK,ASW,CE,Federal Contract Tower,2,0,0,194,196,0,0,14,4,18,2,0,14,198,214,0,0,0,214
07/28/2020,LAW,OK,ASW,CE,Federal Contract Tower,4,0,4,120,128,0,0,7,0,7,4,0,11,120,135,0,0,0,135
07/29/2020,LAW,OK,ASW,CE,Federal Contract Tower,3,0,1,124,128,0,0,5,0,5,3,0,6,124,133,0,0,0,133
07/30/2020,LAW,OK,ASW,CE,Federal Contract Tower,2,0,3,152,157,0,0,10,0,10,2,0,13,152,167,0,0,0,167
07/31/2020,LAW,OK,ASW,CE,Federal Contract Tower,6,0,4,146,156,0,1,13,0,14,6,1,17,146,170,0,0,0,170
08/01/2020,LAW,OK,ASW,CE,Federal Contract Tower,2,0,1,0,3,0,0,23,0,23,2,0,24,0,26,22,0,22,48
08/02/2020,LAW,OK,ASW,CE,Federal Contract Tower,2,0,2,0,4,0,0,7,0,7,2,0,9,0,11,16,0,16,27
08/03/2020,LAW,OK,ASW,CE,Federal Contract Tower,2,0,1,96,99,0,0,6,2,8,2,0,7,98,107,0,0,0,107
08/04/2020,LAW,OK,ASW,CE,Federal Contract Tower,4,0,4,101,109,0,0,3,1,4,4,0,7,102,113,0,4,4,117
08/05/2020,LAW,OK,ASW,CE,Federal Contract Tower,4,0,54,0,58,0,0,10,1,11,4,0,64,1,69,26,0,26,95
08/06/2020,LAW,OK,ASW,CE,Federal Contract Tower,4,0,2,54,60,0,0,11,5,16,4,0,13,59,76,42,0,42,118
08/07/2020,LAW,OK,ASW,CE,Federal Contract Tower,6,0,4,79,89,0,0,8,0,8,6,0,12,79,97,0,0,0,97
08/08/2020,LAW,OK,ASW,CE,Federal Contract Tower,2,0,2,0,4,0,0,5,0,5,2,0,7,0,9,8,0,8,17
08/09/2020,LAW,OK,ASW,CE,Federal Contract Tower,2,0,0,2,4,0,0,4,0,4,2,0,4,2,8,22,2,24,32
08/10/2020,LAW,OK,ASW,CE,Federal Contract Tower,2,0,0,82,84,0,0,9,0,9,2,0,9,82,93,18,0,18,111
08/11/2020,LAW,OK,ASW,CE,Federal Contract Tower,3,0,0,102,105,0,0,13,0,13,3,0,13,102,118,0,2,2,120
08/12/2020,LAW,OK,ASW,CE,Federal Contract Tower,7,0,3,89,99,0,0,5,1,6,7,0,8,90,105,34,4,38,143
08/13/2020,LAW,OK,ASW,CE,Federal Contract Tower,4,0,5,60,69,0,0,3,0,3,4,0,8,60,72,0,0,0,72
08/14/2020,LAW,OK,ASW,CE,Federal Contract Tower,4,0,4,36,44,0,3,12,0,15,4,3,16,36,59,10,2,12,71
08/15/2020,LAW,OK,ASW,CE,Federal Contract Tower,2,0,1,0,3,0,0,10,0,10,2,0,11,0,13,6,0,6,19
08/16/2020,LAW,OK,ASW,CE,Federal Contract Tower,2,0,5,0,7,0,0,5,0,5,2,0,10,0,12,10,0,10,22
08/17/2020,LAW,OK,ASW,CE,Federal Contract Tower,2,0,2,41,45,0,0,8,0,8,2,0,10,41,53,0,4,4,57
08/18/2020,LAW,OK,ASW,CE,Federal Contract Tower,3,0,2,104,109,0,0,8,2,10,3,0,10,106,119,0,0,0,119
08/19/2020,LAW,OK,ASW,CE,Federal Contract Tower,3,0,1,122,126,0,0,6,0,6,3,0,7,122,132,0,0,0,132
08/20/2020,LAW,OK,ASW,CE,Federal Contract Tower,2,0,4,110,116,0,0,23,2,25,2,0,27,112,141,4,4,8,149
08/21/2020,LAW,OK,ASW,CE,Federal Contract Tower,6,0,4,74,84,0,1,14,0,15,6,1,18,74,99,6,0,6,105
08/22/2020,LAW,OK,ASW,CE,Federal Contract Tower,2,0,2,0,4,0,0,17,0,17,2,0,19,0,21,14,0,14,35
08/23/2020,LAW,OK,ASW,CE,Federal Contract Tower,2,0,17,0,19,0,0,11,0,11,2,0,28,0,30,34,0,34,64
08/24/2020,LAW,OK,ASW,CE,Federal Contract Tower,2,0,2,120,124,0,0,14,8,22,2,0,16,128,146,4,0,4,150
08/25/2020,LAW,OK,ASW,CE,Federal Contract Tower,3,0,4,76,83,0,0,17,0,17,3,0,21,76,100,0,0,0,100
08/26/2020,LAW,OK,ASW,CE,Federal Contract Tower,3,0,0,103,106,0,0,20,1,21,3,0,20,104,127,16,1,17,144
08/27/2020,LAW,OK,ASW,CE,Federal Contract Tower,2,0,0,70,72,0,0,12,0,12,2,0,12,70,84,10,0,10,94
08/28/2020,LAW,OK,ASW,CE,Federal Contract Tower,4,0,2,95,101,0,0,15,1,16,4,0,17,96,117,0,0,0,117
08/29/2020,LAW,OK,ASW,CE,Federal Contract Tower,2,0,7,0,9,0,1,31,0,32,2,1,38,0,41,18,0,18,59
08/30/2020,LAW,OK,ASW,CE,Federal Contract Tower,2,0,1,6,9,0,0,6,0,6,2,0,7,6,15,12,4,16,31
08/31/2020,LAW,OK,ASW,CE,Federal Contract Tower,2,0,4,60,66,0,0,3,6,9,2,0,7,66,75,8,0,8,83
09/01/2020,LAW,OK,ASW,CE,Federal Contract Tower,2,0,6,28,36,0,0,0,0,0,2,0,6,28,36,6,0,6,42
09/02/2020,LAW,OK,ASW,CE,Federal Contract Tower,3,0,1,70,74,0,0,1,0,1,3,0,2,70,75,0,0,0,75
09/03/2020,LAW,OK,ASW,CE,Federal Contract Tower,2,0,5,94,101,0,0,24,6,30,2,0,29,100,131,14,0,14,145
09/04/2020,LAW,OK,ASW,CE,Federal Contract Tower,2,2,2,0,6,0,0,10,0,10,2,2,12,0,16,0,0,0,16
09/05/2020,LAW,OK,ASW,CE,Federal Contract Tower,5,0,1,0,6,0,3,5,0,8,5,3,6,0,14,0,0,0,14
09/06/2020,LAW,OK,ASW,CE,Federal Contract Tower,2,0,7,0,9,0,0,11,0,11,2,0,18,0,20,2,0,2,22
09/07/2020,LAW,OK,ASW,CE,Federal Contract Tower,2,0,1,0,3,0,0,7,0,7,2,0,8,0,10,0,0,0,10
09/08/2020,LAW,OK,ASW,CE,Federal Contract Tower,4,0,12,52,68,0,0,4,4,8,4,0,16,56,76,6,0,6,82
09/09/2020,LAW,OK,ASW,CE,Federal Contract Tower,2,0,1,0,3,0,0,0,0,0,2,0,1,0,3,0,0,0,3
09/10/2020,LAW,OK,ASW,CE,Federal Contract Tower,2,0,2,104,108,0,0,0,0,0,2,0,2,104,108,0,0,0,108
09/11/2020,LAW,OK,ASW,CE,Federal Contract Tower,4,0,4,100,108,0,1,8,0,9,4,1,12,100,117,0,4,4,121
09/12/2020,LAW,OK,ASW,CE,Federal Contract Tower,2,0,13,0,15,0,2,18,0,20,2,2,31,0,35,22,0,22,57
09/13/2020,LAW,OK,ASW,CE,Federal Contract Tower,2,0,1,0,3,0,0,9,2,11,2,0,10,2,14,18,0,18,32
09/14/2020,LAW,OK,ASW,CE,Federal Contract Tower,4,0,1,108,113,0,0,5,3,8,4,0,6,111,121,8,7,15,136
09/15/2020,LAW,OK,ASW,CE,Federal Contract Tower,3,0,2,100,105,0,0,13,8,21,3,0,15,108,126,16,0,16,142
09/16/2020,LAW,OK,ASW,CE,Federal Contract Tower,2,0,2,88,92,0,0,19,4,23,2,0,21,92,115,14,0,14,129
09/17/2020,LAW,OK,ASW,CE,Federal Contract Tower,2,0,7,72,81,0,0,33,0,33,2,0,40,72,114,0,0,0,114
09/18/2020,LAW,OK,ASW,CE,Federal Contract Tower,6,2,6,104,118,0,2,13,0,15,6,4,19,104,133,6,0,6,139
09/19/2020,LAW,OK,ASW,CE,Federal Contract Tower,2,0,7,0,9,0,0,11,0,11,2,0,18,0,20,14,0,14,34
09/20/2020,LAW,OK,ASW,CE,Federal Contract Tower,2,0,6,0,8,0,0,3,0,3,2,0,9,0,11,0,0,0,11
09/21/2020,LAW,OK,ASW,CE,Federal Contract Tower,2,0,10,96,108,0,0,13,0,13,2,0,23,96,121,0,2,2,123
09/22/2020,LAW,OK,ASW,CE,Federal Contract Tower,4,0,16,94,114,0,0,0,0,0,4,0,16,94,114,0,0,0,114
09/23/2020,LAW,OK,ASW,CE,Federal Contract Tower,2,0,10,74,86,0,0,5,0,5,2,0,15,74,91,0,0,0,91
09/24/2020,LAW,OK,ASW,CE,Federal Contract Tower,2,0,6,50,58,0,0,22,0,22,2,0,28,50,80,0,0,0,80
09/25/2020,LAW,OK,ASW,CE,Federal Contract Tower,2,0,7,48,57,0,0,13,0,13,2,0,20,48,70,2,0,2,72
09/26/2020,LAW,OK,ASW,CE,Federal Contract Tower,2,0,6,0,8,0,0,13,0,13,2,0,19,0,21,0,0,0,21
09/27/2020,LAW,OK,ASW,CE,Federal Contract Tower,2,0,3,0,5,0,2,6,0,8,2,2,9,0,13,0,0,0,13
09/28/2020,LAW,OK,ASW,CE,Federal Contract Tower,2,0,4,70,76,0,0,20,0,20,2,0,24,70,96,0,0,0,96
09/29/2020,LAW,OK,ASW,CE,Federal Contract Tower,3,0,5,50,58,0,0,6,0,6,3,0,11,50,64,26,4,30,94
09/30/2020,LAW,OK,ASW,CE,Federal Contract Tower,4,0,0,50,54,0,0,30,2,32,4,0,30,52,86,20,0,20,106
10/01/2020,LAW,OK,ASW,CE,Federal Contract Tower,2,0,7,62,71,0,0,23,0,23,2,0,30,62,94,0,0,0,94
10/02/2020,LAW,OK,ASW,CE,Federal Contract Tower,2,0,2,52,56,0,1,11,0,12,2,1,13,52,68,8,0,8,76
10/03/2020,LAW,OK,ASW,CE,Federal Contract Tower,2,0,0,0,2,0,0,9,0,9,2,0,9,0,11,0,0,0,11
10/04/2020,LAW,OK,ASW,CE,Federal Contract Tower,2,0,6,0,8,0,0,11,0,11,2,0,17,0,19,50,0,50,69
10/05/2020,LAW,OK,ASW,CE,Federal Contract Tower,2,0,3,70,75,0,0,7,2,9,2,0,10,72,84,0,2,2,86
10/06/2020,LAW,OK,ASW,CE,Federal Contract Tower,3,0,6,80,89,0,0,12,0,12,3,0,18,80,101,4,0,4,105
10/07/2020,LAW,OK,ASW,CE,Federal Contract Tower,5,0,10,69,84,0,0,15,2,17,5,0,25,71,101,0,0,0,101
10/08/2020,LAW,OK,ASW,CE,Federal Contract Tower,5,0,7,66,78,0,0,17,0,17,5,0,24,66,95,0,0,0,95
10/09/2020,LAW,OK,ASW,CE,Federal Contract Tower,4,0,7,48,59,0,1,6,0,7,4,1,13,48,66,4,0,4,70
10/10/2020,LAW,OK,ASW,CE,Federal Contract Tower,2,0,3,2,7,0,0,14,0,14,2,0,17,2,21,0,0,0,21
10/11/2020,LAW,OK,ASW,CE,Federal Contract Tower,3,0,1,0,4,0,0,17,0,17,3,0,18,0,21,6,0,6,27
10/12/2020,LAW,OK,ASW,CE,Federal Contract Tower,4,0,6,0,10,0,0,0,0,0,4,0,6,0,10,0,0,0,10
10/13/2020,LAW,OK,ASW,CE,Federal Contract Tower,3,0,7,58,68,0,0,12,0,12,3,0,19,58,80,0,0,0,80
10/14/2020,LAW,OK,ASW,CE,Federal Contract Tower,3,0,5,86,94,0,0,8,2,10,3,0,13,88,104,8,0,8,112
10/15/2020,LAW,OK,ASW,CE,Federal Contract Tower,3,0,3,40,46,0,0,3,0,3,3,0,6,40,49,0,0,0,49
10/16/2020,LAW,OK,ASW,CE,Federal Contract Tower,4,0,3,76,83,0,1,31,1,33,4,1,34,77,116,4,2,6,122
10/17/2020,LAW,OK,ASW,CE,Federal Contract Tower,2,0,5,0,7,0,1,9,0,10,2,1,14,0,17,8,0,8,25
10/18/2020,LAW,OK,ASW,CE,Federal Contract Tower,4,0,8,3,15,0,0,4,0,4,4,0,12,3,19,19,0,19,38
10/19/2020,LAW,OK,ASW,CE,Federal Contract Tower,5,0,13,103,121,0,0,4,0,4,5,0,17,103,125,0,8,8,133
10/20/2020,LAW,OK,ASW,CE,Federal Contract Tower,3,0,4,118,125,0,0,4,0,4,3,0,8,118,129,0,0,0,129
10/21/2020,LAW,OK,ASW,CE,Federal Contract Tower,5,0,4,77,86,0,0,8,1,9,5,0,12,78,95,0,26,26,121
10/22/2020,LAW,OK,ASW,CE,Federal Contract Tower,3,0,0,122,125,0,0,6,0,6,3,0,6,122,131,0,0,0,131
10/23/2020,LAW,OK,ASW,CE,Federal Contract Tower,7,0,2,48,57,0,0,4,0,4,7,0,6,48,61,0,0,0,61
10/24/2020,LAW,OK,ASW,CE,Federal Contract Tower,2,0,2,18,22,0,0,21,0,21,2,0,23,18,43,30,0,30,73
10/25/2020,LAW,OK,ASW,CE,Federal Contract Tower,2,0,5,0,7,0,0,0,0,0,2,0,5,0,7,0,0,0,7
10/26/2020,LAW,OK,ASW,CE,Federal Contract Tower,4,0,0,0,4,0,0,0,0,0,4,0,0,0,4,0,0,0,4
10/27/2020,LAW,OK,ASW,CE,Federal Contract Tower,0,0,0,0,0,0,0,0,0,0,0,0,0,0,0,0,0,0,0
10/28/2020,LAW,OK,ASW,CE,Federal Contract Tower,3,0,2,0,5,0,0,0,0,0,3,0,2,0,5,0,0,0,5
10/29/2020,LAW,OK,ASW,CE,Federal Contract Tower,3,0,8,150,161,0,0,12,2,14,3,0,20,152,175,0,0,0,175
10/30/2020,LAW,OK,ASW,CE,Federal Contract Tower,6,0,9,132,147,0,0,12,0,12,6,0,21,132,159,0,0,0,159
10/31/2020,LAW,OK,ASW,CE,Federal Contract Tower,3,0,3,0,6,0,1,24,0,25,3,1,27,0,31,12,0,12,43
11/01/2020,LAW,OK,ASW,CE,Federal Contract Tower,4,0,4,9,17,0,0,8,0,8,4,0,12,9,25,0,0,0,25
11/02/2020,LAW,OK,ASW,CE,Federal Contract Tower,4,0,0,80,84,0,0,3,0,3,4,0,3,80,87,0,0,0,87
11/03/2020,LAW,OK,ASW,CE,Federal Contract Tower,4,0,4,56,64,0,0,19,0,19,4,0,23,56,83,0,0,0,83
11/04/2020,LAW,OK,ASW,CE,Federal Contract Tower,3,0,8,42,53,0,0,11,12,23,3,0,19,54,76,15,0,15,91
11/05/2020,LAW,OK,ASW,CE,Federal Contract Tower,3,0,3,84,90,0,0,31,0,31,3,0,34,84,121,21,0,21,142
11/06/2020,LAW,OK,ASW,CE,Federal Contract Tower,4,0,4,36,44,0,0,4,0,4,4,0,8,36,48,18,0,18,66
11/07/2020,LAW,OK,ASW,CE,Federal Contract Tower,4,0,2,0,6,0,0,10,0,10,4,0,12,0,16,0,0,0,16
11/08/2020,LAW,OK,ASW,CE,Federal Contract Tower,4,0,0,0,4,0,0,16,0,16,4,0,16,0,20,20,0,20,40
11/09/2020,LAW,OK,ASW,CE,Federal Contract Tower,3,0,4,43,50,0,0,1,0,1,3,0,5,43,51,0,2,2,53
11/10/2020,LAW,OK,ASW,CE,Federal Contract Tower,3,0,1,24,28,0,0,17,0,17,3,0,18,24,45,32,0,32,77
11/11/2020,LAW,OK,ASW,CE,Federal Contract Tower,3,0,3,0,6,0,0,19,0,19,3,0,22,0,25,0,0,0,25
11/12/2020,LAW,OK,ASW,CE,Federal Contract Tower,3,0,4,34,41,0,0,11,0,11,3,0,15,34,52,27,0,27,79
11/13/2020,LAW,OK,ASW,CE,Federal Contract Tower,4,0,1,36,41,0,0,6,0,6,4,0,7,36,47,14,2,16,63
11/14/2020,LAW,OK,ASW,CE,Federal Contract Tower,4,0,5,0,9,0,0,12,0,12,4,0,17,0,21,2,0,2,23
11/15/2020,LAW,OK,ASW,CE,Federal Contract Tower,4,0,1,0,5,0,0,23,0,23,4,0,24,0,28,12,2,14,42
11/16/2020,LAW,OK,ASW,CE,Federal Contract Tower,4,0,2,40,46,0,0,11,2,13,4,0,13,42,59,0,0,0,59
11/17/2020,LAW,OK,ASW,CE,Federal Contract Tower,3,0,5,26,34,0,0,25,0,25,3,0,30,26,59,40,0,40,99
11/18/2020,LAW,OK,ASW,CE,Federal Contract Tower,3,0,1,42,46,0,0,12,0,12,3,0,13,42,58,0,0,0,58
11/19/2020,LAW,OK,ASW,CE,Federal Contract Tower,4,0,6,48,58,0,0,10,2,12,4,0,16,50,70,0,0,0,70
11/20/2020,LAW,OK,ASW,CE,Federal Contract Tower,4,0,11,57,72,0,0,6,1,7,4,0,17,58,79,0,0,0,79
11/21/2020,LAW,OK,ASW,CE,Federal Contract Tower,4,0,2,1,7,0,0,3,1,4,4,0,5,2,11,0,4,4,15
11/22/2020,LAW,OK,ASW,CE,Federal Contract Tower,4,0,0,1,5,0,0,4,0,4,4,0,4,1,9,0,0,0,9
11/23/2020,LAW,OK,ASW,CE,Federal Contract Tower,2,0,4,44,50,0,0,4,0,4,2,0,8,44,54,0,0,0,54
11/24/2020,LAW,OK,ASW,CE,Federal Contract Tower,4,0,1,46,51,0,0,6,0,6,4,0,7,46,57,0,0,0,57
11/25/2020,LAW,OK,ASW,CE,Federal Contract Tower,3,0,6,64,73,0,0,14,0,14,3,0,20,64,87,0,0,0,87
11/26/2020,LAW,OK,ASW,CE,Federal Contract Tower,0,0,4,0,4,0,0,8,0,8,0,0,12,0,12,16,0,16,28
11/27/2020,LAW,OK,ASW,CE,Federal Contract Tower,2,0,1,0,3,0,0,10,0,10,2,0,11,0,13,0,0,0,13
11/28/2020,LAW,OK,ASW,CE,Federal Contract Tower,6,0,0,0,6,0,0,0,0,0,6,0,0,0,6,0,0,0,6
11/29/2020,LAW,OK,ASW,CE,Federal Contract Tower,6,0,2,0,8,0,0,3,0,3,6,0,5,0,11,0,0,0,11
11/30/2020,LAW,OK,ASW,CE,Federal Contract Tower,6,0,3,0,9,0,0,18,1,19,6,0,21,1,28,6,0,6,34
12/01/2020,LAW,OK,ASW,CE,Federal Contract Tower,4,0,7,0,11,0,0,7,0,7,4,0,14,0,18,0,0,0,18
12/02/2020,LAW,OK,ASW,CE,Federal Contract Tower,0,0,0,0,0,0,0,0,0,0,0,0,0,0,0,0,0,0,0
12/03/2020,LAW,OK,ASW,CE,Federal Contract Tower,0,0,0,0,0,1,0,2,0,3,1,0,2,0,3,0,0,0,3
12/04/2020,LAW,OK,ASW,CE,Federal Contract Tower,0,0,0,1,1,5,0,19,1,25,5,0,19,2,26,6,0,6,32
12/05/2020,LAW,OK,ASW,CE,Federal Contract Tower,0,0,0,0,0,2,0,9,0,11,2,0,9,0,11,10,0,10,21
12/06/2020,LAW,OK,ASW,CE,Federal Contract Tower,0,0,0,0,0,4,0,10,0,14,4,0,10,0,14,0,0,0,14
12/07/2020,LAW,OK,ASW,CE,Federal Contract Tower,0,0,0,0,0,4,0,12,0,16,4,0,12,0,16,6,0,6,22
12/08/2020,LAW,OK,ASW,CE,Federal Contract Tower,0,0,0,0,0,2,0,11,0,13,2,0,11,0,13,0,0,0,13
12/09/2020,LAW,OK,ASW,CE,Federal Contract Tower,0,0,0,0,0,2,0,25,0,27,2,0,25,0,27,12,0,12,39
12/10/2020,LAW,OK,ASW,CE,Federal Contract Tower,0,0,0,0,0,4,0,18,0,22,4,0,18,0,22,0,0,0,22
12/11/2020,LAW,OK,ASW,CE,Federal Contract Tower,0,0,0,0,0,4,0,16,0,20,4,0,16,0,20,0,0,0,20
12/12/2020,LAW,OK,ASW,CE,Federal Contract Tower,0,0,0,0,0,3,0,11,0,14,3,0,11,0,14,10,0,10,24
12/13/2020,LAW,OK,ASW,CE,Federal Contract Tower,0,0,0,0,0,0,0,1,0,1,0,0,1,0,1,0,0,0,1
12/14/2020,LAW,OK,ASW,CE,Federal Contract Tower,0,0,0,0,0,5,0,10,0,15,5,0,10,0,15,0,0,0,15
12/15/2020,LAW,OK,ASW,CE,Federal Contract Tower,0,0,0,0,0,0,0,0,0,0,0,0,0,0,0,0,0,0,0
12/16/2020,LAW,OK,ASW,CE,Federal Contract Tower,0,0,0,0,0,2,0,1,0,3,2,0,1,0,3,0,0,0,3
12/17/2020,LAW,OK,ASW,CE,Federal Contract Tower,0,0,0,0,0,6,1,16,2,25,6,1,16,2,25,2,0,2,27
12/18/2020,LAW,OK,ASW,CE,Federal Contract Tower,0,0,0,0,0,6,5,7,0,18,6,5,7,0,18,0,0,0,18
12/19/2020,LAW,OK,ASW,CE,Federal Contract Tower,0,0,0,0,0,6,0,10,0,16,6,0,10,0,16,12,0,12,28
12/20/2020,LAW,OK,ASW,CE,Federal Contract Tower,0,0,0,0,0,6,0,10,0,16,6,0,10,0,16,8,0,8,24
12/21/2020,LAW,OK,ASW,CE,Federal Contract Tower,0,0,0,0,0,6,0,8,2,16,6,0,8,2,16,0,0,0,16
12/22/2020,LAW,OK,ASW,CE,Federal Contract Tower,0,0,0,0,0,6,0,16,0,22,6,0,16,0,22,0,0,0,22
12/23/2020,LAW,OK,ASW,CE,Federal Contract Tower,0,0,0,0,0,6,0,9,0,15,6,0,9,0,15,6,0,6,21
12/24/2020,LAW,OK,ASW,CE,Federal Contract Tower,0,0,0,0,0,2,0,4,0,6,2,0,4,0,6,0,0,0,6
12/25/2020,LAW,OK,ASW,CE,Federal Contract Tower,0,0,0,0,0,2,1,2,0,5,2,1,2,0,5,0,0,0,5
12/26/2020,LAW,OK,ASW,CE,Federal Contract Tower,0,0,0,0,0,6,0,15,0,21,6,0,15,0,21,6,0,6,27
12/27/2020,LAW,OK,ASW,CE,Federal Contract Tower,0,0,0,0,0,6,0,4,0,10,6,0,4,0,10,0,0,0,10
12/28/2020,LAW,OK,ASW,CE,Federal Contract Tower,0,0,0,0,0,3,0,15,0,18,3,0,15,0,18,0,0,0,18
12/29/2020,LAW,OK,ASW,CE,Federal Contract Tower,0,0,0,0,0,0,0,0,0,0,0,0,0,0,0,0,0,0,0
12/30/2020,LAW,OK,ASW,CE,Federal Contract Tower,0,0,0,0,0,0,0,7,0,7,0,0,7,0,7,0,0,0,7
12/31/2020,LAW,OK,ASW,CE,Federal Contract Tower,0,0,0,0,0,2,0,5,0,7,2,0,5,0,7,0,0,0,7
01/01/2021,LAW,OK,ASW,CE,Federal Contract Tower,0,0,0,0,0,0,0,2,0,2,0,0,2,0,2,0,0,0,2
01/02/2021,LAW,OK,ASW,CE,Federal Contract Tower,0,0,0,0,0,7,1,9,0,17,7,1,9,0,17,0,0,0,17
01/03/2021,LAW,OK,ASW,CE,Federal Contract Tower,6,0,10,0,16,0,0,0,0,0,6,0,10,0,16,0,0,0,16
01/04/2021,LAW,OK,ASW,CE,Federal Contract Tower,0,0,0,0,0,6,0,10,0,16,6,0,10,0,16,0,0,0,16
01/05/2021,LAW,OK,ASW,CE,Federal Contract Tower,0,0,0,0,0,4,0,12,0,16,4,0,12,0,16,0,0,0,16
01/06/2021,LAW,OK,ASW,CE,Federal Contract Tower,0,0,0,0,0,4,0,0,0,4,4,0,0,0,4,0,0,0,4
01/07/2021,LAW,OK,ASW,CE,Federal Contract Tower,0,0,0,0,0,4,0,6,0,10,4,0,6,0,10,0,0,0,10
01/08/2021,LAW,OK,ASW,CE,Federal Contract Tower,0,0,0,0,0,4,0,2,0,6,4,0,2,0,6,0,0,0,6
01/09/2021,LAW,OK,ASW,CE,Federal Contract Tower,0,0,0,0,0,5,3,5,0,13,5,3,5,0,13,0,0,0,13
01/10/2021,LAW,OK,ASW,CE,Federal Contract Tower,0,0,0,0,0,0,0,7,0,7,0,0,7,0,7,0,0,0,7
01/11/2021,LAW,OK,ASW,CE,Federal Contract Tower,0,0,0,0,0,5,0,11,0,16,5,0,11,0,16,0,0,0,16
01/12/2021,LAW,OK,ASW,CE,Federal Contract Tower,0,0,0,0,0,4,0,4,0,8,4,0,4,0,8,6,0,6,14
01/13/2021,LAW,OK,ASW,CE,Federal Contract Tower,0,0,0,0,0,4,0,12,0,16,4,0,12,0,16,0,0,0,16
01/14/2021,LAW,OK,ASW,CE,Federal Contract Tower,0,0,0,0,0,4,0,12,0,16,4,0,12,0,16,0,0,0,16
01/15/2021,LAW,OK,ASW,CE,Federal Contract Tower,0,0,0,0,0,0,0,2,0,2,0,0,2,0,2,0,0,0,2
01/16/2021,LAW,OK,ASW,CE,Federal Contract Tower,0,0,0,0,0,4,0,9,0,13,4,0,9,0,13,10,0,10,23
01/17/2021,LAW,OK,ASW,CE,Federal Contract Tower,0,0,0,0,0,4,0,16,0,20,4,0,16,0,20,0,0,0,20
01/18/2021,LAW,OK,ASW,CE,Federal Contract Tower,0,0,0,0,0,4,0,19,0,23,4,0,19,0,23,16,0,16,39
01/19/2021,LAW,OK,ASW,CE,Federal Contract Tower,0,0,0,0,0,4,0,9,0,13,4,0,9,0,13,0,0,0,13
01/20/2021,LAW,OK,ASW,CE,Federal Contract Tower,0,0,0,0,0,4,0,6,2,12,4,0,6,2,12,0,0,0,12
01/21/2021,LAW,OK,ASW,CE,Federal Contract Tower,0,0,0,0,0,4,0,10,0,14,4,0,10,0,14,0,0,0,14
01/22/2021,LAW,OK,ASW,CE,Federal Contract Tower,0,0,0,0,0,4,1,7,0,12,4,1,7,0,12,2,0,2,14
01/23/2021,LAW,OK,ASW,CE,Federal Contract Tower,0,0,0,0,0,0,0,0,0,0,0,0,0,0,0,0,0,0,0
01/24/2021,LAW,OK,ASW,CE,Federal Contract Tower,0,0,0,0,0,0,0,0,0,0,0,0,0,0,0,0,0,0,0
01/25/2021,LAW,OK,ASW,CE,Federal Contract Tower,0,0,0,0,0,1,0,10,0,11,1,0,10,0,11,0,0,0,11
01/26/2021,LAW,OK,ASW,CE,Federal Contract Tower,0,0,0,0,0,5,0,12,0,17,5,0,12,0,17,0,0,0,17
01/27/2021,LAW,OK,ASW,CE,Federal Contract Tower,0,0,0,0,0,4,0,10,0,14,4,0,10,0,14,14,0,14,28
01/28/2021,LAW,OK,ASW,CE,Federal Contract Tower,0,0,0,0,0,4,0,13,0,17,4,0,13,0,17,12,0,12,29
01/29/2021,LAW,OK,ASW,CE,Federal Contract Tower,0,0,0,0,0,5,0,5,0,10,5,0,5,0,10,8,0,8,18
01/30/2021,LAW,OK,ASW,CE,Federal Contract Tower,0,0,0,0,0,0,1,3,0,4,0,1,3,0,4,0,0,0,4
01/31/2021,LAW,OK,ASW,CE,Federal Contract Tower,0,0,0,0,0,5,0,5,0,10,5,0,5,0,10,12,0,12,22
02/01/2021,LAW,OK,ASW,CE,Federal Contract Tower,0,0,0,0,0,4,0,13,0,17,4,0,13,0,17,20,0,20,37
02/02/2021,LAW,OK,ASW,CE,Federal Contract Tower,0,0,0,0,0,4,0,9,0,13,4,0,9,0,13,8,0,8,21
02/03/2021,LAW,OK,ASW,CE,Federal Contract Tower,0,0,0,0,0,4,0,13,0,17,4,0,13,0,17,0,0,0,17
02/04/2021,LAW,OK,ASW,CE,Federal Contract Tower,0,0,0,0,0,4,0,10,0,14,4,0,10,0,14,0,0,0,14
02/05/2021,LAW,OK,ASW,CE,Federal Contract Tower,0,0,1,0,1,4,0,16,0,20,4,0,17,0,21,20,0,20,41
02/06/2021,LAW,OK,ASW,CE,Federal Contract Tower,0,0,0,0,0,3,0,3,0,6,3,0,3,0,6,0,0,0,6
02/07/2021,LAW,OK,ASW,CE,Federal Contract Tower,0,0,0,0,0,3,0,4,0,7,3,0,4,0,7,0,0,0,7
02/08/2021,LAW,OK,ASW,CE,Federal Contract Tower,0,0,0,0,0,0,0,2,0,2,0,0,2,0,2,0,0,0,2
02/09/2021,LAW,OK,ASW,CE,Federal Contract Tower,0,0,0,0,0,1,0,1,0,2,1,0,1,0,2,0,0,0,2
02/10/2021,LAW,OK,ASW,CE,Federal Contract Tower,0,0,0,0,0,0,0,0,0,0,0,0,0,0,0,0,0,0,0
02/11/2021,LAW,OK,ASW,CE,Federal Contract Tower,0,0,0,0,0,0,0,3,0,3,0,0,3,0,3,0,0,0,3
02/12/2021,LAW,OK,ASW,CE,Federal Contract Tower,0,0,0,0,0,0,0,0,0,0,0,0,0,0,0,4,0,4,4
02/13/2021,LAW,OK,ASW,CE,Federal Contract Tower,0,0,0,0,0,5,1,4,0,10,5,1,4,0,10,0,0,0,10
02/14/2021,LAW,OK,ASW,CE,Federal Contract Tower,0,0,0,0,0,0,0,0,0,0,0,0,0,0,0,0,0,0,0
02/15/2021,LAW,OK,ASW,CE,Federal Contract Tower,0,0,0,0,0,0,0,4,0,4,0,0,4,0,4,0,0,0,4
02/16/2021,LAW,OK,ASW,CE,Federal Contract Tower,0,0,0,0,0,0,0,8,0,8,0,0,8,0,8,0,0,0,8
02/17/2021,LAW,OK,ASW,CE,Federal Contract Tower,0,0,0,0,0,0,0,1,0,1,0,0,1,0,1,0,0,0,1
02/18/2021,LAW,OK,ASW,CE,Federal Contract Tower,0,0,0,0,0,0,0,2,0,2,0,0,2,0,2,0,0,0,2
02/19/2021,LAW,OK,ASW,CE,Federal Contract Tower,0,0,0,0,0,0,0,2,0,2,0,0,2,0,2,0,0,0,2
02/20/2021,LAW,OK,ASW,CE,Federal Contract Tower,0,0,0,0,0,4,0,3,0,7,4,0,3,0,7,10,0,10,17
02/21/2021,LAW,OK,ASW,CE,Federal Contract Tower,0,0,0,0,0,5,0,9,0,14,5,0,9,0,14,10,0,10,24
02/22/2021,LAW,OK,ASW,CE,Federal Contract Tower,0,0,0,0,0,4,0,18,0,22,4,0,18,0,22,0,0,0,22
02/23/2021,LAW,OK,ASW,CE,Federal Contract Tower,0,0,0,0,0,4,2,14,0,20,4,2,14,0,20,0,0,0,20
02/24/2021,LAW,OK,ASW,CE,Federal Contract Tower,0,0,0,0,0,4,0,3,0,7,4,0,3,0,7,0,0,0,7
02/25/2021,LAW,OK,ASW,CE,Federal Contract Tower,0,0,0,0,0,1,0,12,2,15,1,0,12,2,15,6,0,6,21
02/26/2021,LAW,OK,ASW,CE,Federal Contract Tower,0,0,0,0,0,3,1,12,0,16,3,1,12,0,16,32,0,32,48
02/27/2021,LAW,OK,ASW,CE,Federal Contract Tower,0,0,0,0,0,0,0,0,0,0,0,0,0,0,0,0,0,0,0
02/28/2021,LAW,OK,ASW,CE,Federal Contract Tower,0,0,0,0,0,4,0,10,0,14,4,0,10,0,14,4,0,4,18
03/01/2021,LAW,OK,ASW,CE,Federal Contract Tower,0,0,0,0,0,4,0,8,0,12,4,0,8,0,12,5,0,5,17
03/02/2021,LAW,OK,ASW,CE,Federal Contract Tower,0,0,0,0,0,4,0,6,2,12,4,0,6,2,12,0,0,0,12
03/03/2021,LAW,OK,ASW,CE,Federal Contract Tower,0,0,0,0,0,4,0,7,0,11,4,0,7,0,11,4,0,4,15
03/04/2021,LAW,OK,ASW,CE,Federal Contract Tower,0,0,0,0,0,4,0,14,0,18,4,0,14,0,18,0,0,0,18
03/05/2021,LAW,OK,ASW,CE,Federal Contract Tower,0,0,0,0,0,3,0,3,1,7,3,0,3,1,7,4,0,4,11
03/06/2021,LAW,OK,ASW,CE,Federal Contract Tower,0,0,0,0,0,4,1,13,1,19,4,1,13,1,19,0,0,0,19
03/07/2021,LAW,OK,ASW,CE,Federal Contract Tower,0,0,0,0,0,4,0,12,0,16,4,0,12,0,16,0,0,0,16
03/08/2021,LAW,OK,ASW,CE,Federal Contract Tower,0,0,0,0,0,4,0,17,2,23,4,0,17,2,23,6,0,6,29
03/09/2021,LAW,OK,ASW,CE,Federal Contract Tower,0,0,0,0,0,4,0,9,2,15,4,0,9,2,15,0,0,0,15
03/10/2021,LAW,OK,ASW,CE,Federal Contract Tower,0,0,0,0,0,4,0,11,2,17,4,0,11,2,17,0,0,0,17
03/11/2021,LAW,OK,ASW,CE,Federal Contract Tower,0,0,0,0,0,4,0,11,1,16,4,0,11,1,16,0,0,0,16
03/12/2021,LAW,OK,ASW,CE,Federal Contract Tower,0,0,0,0,0,4,1,4,3,12,4,1,4,3,12,6,0,6,18
03/13/2021,LAW,OK,ASW,CE,Federal Contract Tower,0,0,0,0,0,3,0,1,1,5,3,0,1,1,5,14,0,14,19
03/14/2021,LAW,OK,ASW,CE,Federal Contract Tower,0,0,0,0,0,2,0,15,0,17,2,0,15,0,17,17,0,17,34
03/15/2021,LAW,OK,ASW,CE,Federal Contract Tower,0,0,0,0,0,2,0,7,45,54,2,0,7,45,54,0,0,0,54
03/16/2021,LAW,OK,ASW,CE,Federal Contract Tower,0,0,0,0,0,6,0,5,1,12,6,0,5,1,12,0,0,0,12
03/17/2021,LAW,OK,ASW,CE,Federal Contract Tower,1,0,1,0,2,1,0,1,0,2,2,0,2,0,4,0,0,0,4
03/18/2021,LAW,OK,ASW,CE,Federal Contract Tower,6,0,5,82,93,0,0,8,2,10,6,0,13,84,103,0,0,0,103
03/19/2021,LAW,OK,ASW,CE,Federal Contract Tower,6,0,0,0,6,0,0,0,0,0,6,0,0,0,6,8,0,8,14
03/20/2021,LAW,OK,ASW,CE,Federal Contract Tower,6,0,1,0,7,0,0,13,0,13,6,0,14,0,20,26,0,26,46
03/21/2021,LAW,OK,ASW,CE,Federal Contract Tower,6,0,1,0,7,0,0,9,4,13,6,0,10,4,20,22,0,22,42
03/22/2021,LAW,OK,ASW,CE,Federal Contract Tower,3,0,1,12,16,0,0,2,0,2,3,0,3,12,18,0,0,0,18
03/23/2021,LAW,OK,ASW,CE,Federal Contract Tower,7,0,2,60,69,0,0,3,3,6,7,0,5,63,75,0,0,0,75
03/24/2021,LAW,OK,ASW,CE,Federal Contract Tower,6,0,1,70,77,0,0,2,1,3,6,0,3,71,80,0,0,0,80
03/25/2021,LAW,OK,ASW,CE,Federal Contract Tower,6,0,2,104,112,0,0,20,0,20,6,0,22,104,132,6,0,6,138
03/26/2021,LAW,OK,ASW,CE,Federal Contract Tower,6,2,1,72,81,0,1,7,0,8,6,3,8,72,89,0,0,0,89
03/27/2021,LAW,OK,ASW,CE,Federal Contract Tower,6,0,1,0,7,0,2,11,0,13,6,2,12,0,20,22,0,22,42
03/28/2021,LAW,OK,ASW,CE,Federal Contract Tower,6,0,3,0,9,0,0,18,0,18,6,0,21,0,27,10,0,10,37
03/29/2021,LAW,OK,ASW,CE,Federal Contract Tower,6,0,5,88,99,0,0,10,0,10,6,0,15,88,109,0,0,0,109
03/30/2021,LAW,OK,ASW,CE,Federal Contract Tower,6,0,3,68,77,0,0,7,4,11,6,0,10,72,88,0,0,0,88
03/31/2021,LAW,OK,ASW,CE,Federal Contract Tower,6,0,3,0,9,0,0,23,0,23,6,0,26,0,32,6,0,6,38
04/01/2021,LAW,OK,ASW,CE,Federal Contract Tower,4,0,3,38,45,0,0,13,0,13,4,0,16,38,58,8,0,8,66
04/02/2021,LAW,OK,ASW,CE,Federal Contract Tower,4,0,2,84,90,0,2,13,0,15,4,2,15,84,105,8,0,8,113
04/03/2021,LAW,OK,ASW,CE,Federal Contract Tower,3,0,0,0,3,0,1,8,2,11,3,1,8,2,14,0,0,0,14
04/04/2021,LAW,OK,ASW,CE,Federal Contract Tower,5,0,3,0,8,0,0,4,0,4,5,0,7,0,12,0,0,0,12
04/05/2021,LAW,OK,ASW,CE,Federal Contract Tower,4,0,8,90,102,0,0,11,0,11,4,0,19,90,113,16,14,30,143
04/06/2021,LAW,OK,ASW,CE,Federal Contract Tower,3,0,2,126,131,0,0,11,0,11,3,0,13,126,142,0,0,0,142
04/07/2021,LAW,OK,ASW,CE,Federal Contract Tower,3,0,6,68,77,0,0,2,0,2,3,0,8,68,79,0,6,6,85
04/08/2021,LAW,OK,ASW,CE,Federal Contract Tower,4,0,5,80,89,0,0,21,0,21,4,0,26,80,110,4,0,4,114
04/09/2021,LAW,OK,ASW,CE,Federal Contract Tower,3,0,0,68,71,0,1,12,1,14,3,1,12,69,85,6,2,8,93
04/10/2021,LAW,OK,ASW,CE,Federal Contract Tower,4,0,1,3,8,0,1,17,5,23,4,1,18,8,31,12,2,14,45
04/11/2021,LAW,OK,ASW,CE,Federal Contract Tower,4,0,8,3,15,0,0,13,0,13,4,0,21,3,28,32,0,32,60
04/12/2021,LAW,OK,ASW,CE,Federal Contract Tower,3,0,0,36,39,0,0,10,2,12,3,0,10,38,51,5,0,5,56
04/13/2021,LAW,OK,ASW,CE,Federal Contract Tower,4,0,4,73,81,0,0,13,0,13,4,0,17,73,94,8,18,26,120
04/14/2021,LAW,OK,ASW,CE,Federal Contract Tower,3,0,7,40,50,0,0,4,0,4,3,0,11,40,54,0,0,0,54
04/15/2021,LAW,OK,ASW,CE,Federal Contract Tower,4,0,9,0,13,0,0,3,0,3,4,0,12,0,16,0,0,0,16
04/16/2021,LAW,OK,ASW,CE,Federal Contract Tower,11,0,10,3,24,0,0,0,0,0,11,0,10,3,24,0,0,0,24
04/17/2021,LAW,OK,ASW,CE,Federal Contract Tower,3,0,8,1,12,0,0,8,0,8,3,0,16,1,20,6,0,6,26
04/18/2021,LAW,OK,ASW,CE,Federal Contract Tower,4,0,0,6,10,0,0,18,2,20,4,0,18,8,30,14,0,14,44
04/19/2021,LAW,OK,ASW,CE,Federal Contract Tower,4,0,1,84,89,0,0,10,2,12,4,0,11,86,101,0,0,0,101
04/20/2021,LAW,OK,ASW,CE,Federal Contract Tower,3,0,0,88,91,0,0,9,0,9,3,0,9,88,100,0,0,0,100
04/21/2021,LAW,OK,ASW,CE,Federal Contract Tower,3,0,6,62,71,0,0,17,0,17,3,0,23,62,88,8,4,12,100
04/22/2021,LAW,OK,ASW,CE,Federal Contract Tower,4,0,9,102,115,0,0,8,0,8,4,0,17,102,123,0,0,0,123
04/23/2021,LAW,OK,ASW,CE,Federal Contract Tower,5,0,6,18,29,0,0,0,0,0,5,0,6,18,29,0,0,0,29
04/24/2021,LAW,OK,ASW,CE,Federal Contract Tower,4,0,3,9,16,0,0,4,2,6,4,0,7,11,22,12,2,14,36
04/25/2021,LAW,OK,ASW,CE,Federal Contract Tower,4,0,0,0,4,0,1,13,0,14,4,1,13,0,18,14,0,14,32
04/26/2021,LAW,OK,ASW,CE,Federal Contract Tower,4,0,2,84,90,0,0,11,2,13,4,0,13,86,103,0,4,4,107
04/27/2021,LAW,OK,ASW,CE,Federal Contract Tower,2,0,9,52,63,0,0,14,0,14,2,0,23,52,77,0,0,0,77
04/28/2021,LAW,OK,ASW,CE,Federal Contract Tower,3,0,6,30,39,0,0,4,0,4,3,0,10,30,43,0,0,0,43
04/29/2021,LAW,OK,ASW,CE,Federal Contract Tower,4,0,11,10,25,0,0,3,0,3,4,0,14,10,28,0,4,4,32
04/30/2021,LAW,OK,ASW,CE,Federal Contract Tower,8,0,5,36,49,0,1,13,0,14,8,1,18,36,63,8,0,8,71
05/01/2021,LAW,OK,ASW,CE,Federal Contract Tower,5,0,6,0,11,0,0,1,0,1,5,0,7,0,12,0,0,0,12
05/02/2021,LAW,OK,ASW,CE,Federal Contract Tower,4,0,12,0,16,0,0,6,0,6,4,0,18,0,22,0,0,0,22
05/03/2021,LAW,OK,ASW,CE,Federal Contract Tower,3,0,3,114,120,0,0,1,0,1,3,0,4,114,121,0,0,0,121
05/04/2021,LAW,OK,ASW,CE,Federal Contract Tower,3,0,6,45,54,0,0,15,0,15,3,0,21,45,69,0,0,0,69
05/05/2021,LAW,OK,ASW,CE,Federal Contract Tower,3,0,6,78,87,0,0,10,4,14,3,0,16,82,101,6,0,6,107
05/06/2021,LAW,OK,ASW,CE,Federal Contract Tower,8,0,4,74,86,0,0,14,5,19,8,0,18,79,105,6,0,6,111
05/07/2021,LAW,OK,ASW,CE,Federal Contract Tower,8,0,4,88,100,0,1,17,4,22,8,1,21,92,122,14,0,14,136
05/08/2021,LAW,OK,ASW,CE,Federal Contract Tower,5,0,0,2,7,0,0,6,0,6,5,0,6,2,13,6,0,6,19
05/09/2021,LAW,OK,ASW,CE,Federal Contract Tower,8,0,0,0,8,0,0,6,0,6,8,0,6,0,14,0,0,0,14
05/10/2021,LAW,OK,ASW,CE,Federal Contract Tower,4,0,5,71,80,0,0,20,0,20,4,0,25,71,100,0,10,10,110
05/11/2021,LAW,OK,ASW,CE,Federal Contract Tower,1,0,2,0,3,0,0,0,0,0,1,0,2,0,3,0,0,0,3
05/12/2021,LAW,OK,ASW,CE,Federal Contract Tower,6,0,5,149,160,0,0,20,4,24,6,0,25,153,184,0,2,2,186
05/13/2021,LAW,OK,ASW,CE,Federal Contract Tower,6,0,4,142,152,0,0,15,4,19,6,0,19,146,171,20,0,20,191
05/14/2021,LAW,OK,ASW,CE,Federal Contract Tower,8,0,4,114,126,0,0,6,3,9,8,0,10,117,135,0,0,0,135
05/15/2021,LAW,OK,ASW,CE,Federal Contract Tower,5,2,0,0,7,0,2,9,0,11,5,4,9,0,18,0,0,0,18
05/16/2021,LAW,OK,ASW,CE,Federal Contract Tower,4,0,1,4,9,0,0,0,4,4,4,0,1,8,13,0,0,0,13
05/17/2021,LAW,OK,ASW,CE,Federal Contract Tower,4,0,0,156,160,0,0,15,0,15,4,0,15,156,175,12,4,16,191
05/18/2021,LAW,OK,ASW,CE,Federal Contract Tower,4,0,0,118,122,0,0,0,0,0,4,0,0,118,122,0,0,0,122
05/19/2021,LAW,OK,ASW,CE,Federal Contract Tower,6,0,1,134,141,0,0,4,1,5,6,0,5,135,146,0,0,0,146
05/20/2021,LAW,OK,ASW,CE,Federal Contract Tower,6,0,2,106,114,0,0,11,0,11,6,0,13,106,125,8,0,8,133
05/21/2021,LAW,OK,ASW,CE,Federal Contract Tower,9,0,6,92,107,0,0,11,0,11,9,0,17,92,118,10,0,10,128
05/22/2021,LAW,OK,ASW,CE,Federal Contract Tower,5,0,6,0,11,0,0,2,0,2,5,0,8,0,13,4,0,4,17
05/23/2021,LAW,OK,ASW,CE,Federal Contract Tower,5,0,1,0,6,0,0,0,0,0,5,0,1,0,6,0,0,0,6
05/24/2021,LAW,OK,ASW,CE,Federal Contract Tower,4,0,2,146,152,0,0,1,0,1,4,0,3,146,153,0,0,0,153
05/25/2021,LAW,OK,ASW,CE,Federal Contract Tower,6,0,4,34,44,0,0,9,2,11,6,0,13,36,55,4,0,4,59
05/26/2021,LAW,OK,ASW,CE,Federal Contract Tower,6,0,10,38,54,0,0,11,0,11,6,0,21,38,65,0,0,0,65
05/27/2021,LAW,OK,ASW,CE,Federal Contract Tower,6,0,19,28,53,0,0,5,0,5,6,0,24,28,58,0,0,0,58
05/28/2021,LAW,OK,ASW,CE,Federal Contract Tower,6,0,5,0,11,0,0,11,0,11,6,0,16,0,22,4,0,4,26
05/29/2021,LAW,OK,ASW,CE,Federal Contract Tower,5,0,7,0,12,0,0,16,0,16,5,0,23,0,28,4,0,4,32
05/30/2021,LAW,OK,ASW,CE,Federal Contract Tower,6,0,3,0,9,0,0,3,0,3,6,0,6,0,12,4,0,4,16
05/31/2021,LAW,OK,ASW,CE,Federal Contract Tower,5,0,0,0,5,0,0,3,0,3,5,0,3,0,8,0,0,0,8
06/01/2021,LAW,OK,ASW,CE,Federal Contract Tower,7,0,1,56,64,0,0,10,0,10,7,0,11,56,74,0,0,0,74
06/02/2021,LAW,OK,ASW,CE,Federal Contract Tower,6,0,1,76,83,0,0,10,0,10,6,0,11,76,93,12,10,22,115
06/03/2021,LAW,OK,ASW,CE,Federal Contract Tower,7,0,5,50,62,0,0,19,0,19,7,0,24,50,81,8,0,8,89
06/04/2021,LAW,OK,ASW,CE,Federal Contract Tower,9,0,2,38,49,0,0,9,0,9,9,0,11,38,58,22,0,22,80
06/05/2021,LAW,OK,ASW,CE,Federal Contract Tower,7,0,4,0,11,0,0,5,0,5,7,0,9,0,16,24,0,24,40
06/06/2021,LAW,OK,ASW,CE,Federal Contract Tower,8,0,1,10,19,0,0,12,7,19,8,0,13,17,38,0,6,6,44
06/07/2021,LAW,OK,ASW,CE,Federal Contract Tower,9,0,0,30,39,0,0,6,1,7,9,0,6,31,46,0,10,10,56
06/08/2021,LAW,OK,ASW,CE,Federal Contract Tower,7,0,7,40,54,0,0,2,0,2,7,0,9,40,56,0,0,0,56
06/09/2021,LAW,OK,ASW,CE,Federal Contract Tower,7,0,10,41,58,0,0,6,4,10,7,0,16,45,68,8,0,8,76
06/10/2021,LAW,OK,ASW,CE,Federal Contract Tower,7,0,2,54,63,0,0,7,0,7,7,0,9,54,70,0,0,0,70
06/11/2021,LAW,OK,ASW,CE,Federal Contract Tower,9,0,9,47,65,0,1,11,0,12,9,1,20,47,77,4,10,14,91
06/12/2021,LAW,OK,ASW,CE,Federal Contract Tower,7,0,3,10,20,0,1,15,0,16,7,1,18,10,36,14,0,14,50
06/13/2021,LAW,OK,ASW,CE,Federal Contract Tower,7,0,0,2,9,0,0,11,0,11,7,0,11,2,20,0,0,0,20
06/14/2021,LAW,OK,ASW,CE,Federal Contract Tower,7,0,4,62,73,0,0,11,2,13,7,0,15,64,86,12,6,18,104
06/15/2021,LAW,OK,ASW,CE,Federal Contract Tower,7,0,3,48,58,0,0,19,2,21,7,0,22,50,79,4,0,4,83
06/16/2021,LAW,OK,ASW,CE,Federal Contract Tower,7,0,5,56,68,0,0,8,0,8,7,0,13,56,76,8,0,8,84
06/17/2021,LAW,OK,ASW,CE,Federal Contract Tower,7,0,6,48,61,0,0,9,0,9,7,0,15,48,70,0,0,0,70
06/18/2021,LAW,OK,ASW,CE,Federal Contract Tower,9,0,9,0,18,0,0,10,0,10,9,0,19,0,28,0,0,0,28
06/19/2021,LAW,OK,ASW,CE,Federal Contract Tower,7,0,4,0,11,0,2,16,0,18,7,2,20,0,29,6,0,6,35
06/20/2021,LAW,OK,ASW,CE,Federal Contract Tower,7,0,4,0,11,0,0,21,0,21,7,0,25,0,32,10,0,10,42
06/21/2021,LAW,OK,ASW,CE,Federal Contract Tower,5,0,5,28,38,0,0,5,0,5,5,0,10,28,43,0,0,0,43
06/22/2021,LAW,OK,ASW,CE,Federal Contract Tower,7,0,4,30,41,0,0,15,2,17,7,0,19,32,58,0,8,8,66
06/23/2021,LAW,OK,ASW,CE,Federal Contract Tower,7,0,1,78,86,0,0,18,2,20,7,0,19,80,106,0,0,0,106
06/24/2021,LAW,OK,ASW,CE,Federal Contract Tower,7,0,4,85,96,0,0,13,1,14,7,0,17,86,110,12,0,12,122
06/25/2021,LAW,OK,ASW,CE,Federal Contract Tower,9,0,3,93,105,0,1,10,1,12,9,1,13,94,117,6,0,6,123
06/26/2021,LAW,OK,ASW,CE,Federal Contract Tower,7,0,3,4,14,0,1,9,0,10,7,1,12,4,24,12,0,12,36
06/27/2021,LAW,OK,ASW,CE,Federal Contract Tower,6,0,0,0,6,0,0,10,0,10,6,0,10,0,16,6,0,6,22
06/28/2021,LAW,OK,ASW,CE,Federal Contract Tower,6,0,5,109,120,0,0,10,0,10,6,0,15,109,130,0,4,4,134
06/29/2021,LAW,OK,ASW,CE,Federal Contract Tower,6,0,2,104,112,0,0,0,0,0,6,0,2,104,112,0,0,0,112
06/30/2021,LAW,OK,ASW,CE,Federal Contract Tower,10,0,5,121,136,0,0,3,0,3,10,0,8,121,139,0,0,0,139
07/01/2021,LAW,OK,ASW,CE,Federal Contract Tower,7,0,9,88,104,0,0,10,0,10,7,0,19,88,114,0,0,0,114
07/02/2021,LAW,OK,ASW,CE,Federal Contract Tower,8,0,1,0,9,0,1,7,0,8,8,1,8,0,17,4,0,4,21
07/03/2021,LAW,OK,ASW,CE,Federal Contract Tower,7,0,2,0,9,0,3,9,0,12,7,3,11,0,21,0,0,0,21
07/04/2021,LAW,OK,ASW,CE,Federal Contract Tower,7,0,0,0,7,0,0,15,0,15,7,0,15,0,22,14,0,14,36
07/05/2021,LAW,OK,ASW,CE,Federal Contract Tower,7,0,0,0,7,0,0,28,0,28,7,0,28,0,35,31,0,31,66
07/06/2021,LAW,OK,ASW,CE,Federal Contract Tower,7,0,3,134,144,0,0,13,0,13,7,0,16,134,157,14,0,14,171
07/07/2021,LAW,OK,ASW,CE,Federal Contract Tower,7,0,6,148,161,0,0,16,0,16,7,0,22,148,177,0,0,0,177
07/08/2021,LAW,OK,ASW,CE,Federal Contract Tower,7,0,3,159,169,0,0,17,3,20,7,0,20,162,189,0,10,10,199
07/09/2021,LAW,OK,ASW,CE,Federal Contract Tower,8,2,3,119,132,0,1,13,2,16,8,3,16,121,148,38,0,38,186
07/10/2021,LAW,OK,ASW,CE,Federal Contract Tower,7,0,0,0,7,0,3,8,4,15,7,3,8,4,22,0,0,0,22
07/11/2021,LAW,OK,ASW,CE,Federal Contract Tower,7,0,1,0,8,0,0,6,6,12,7,0,7,6,20,0,6,6,26
07/12/2021,LAW,OK,ASW,CE,Federal Contract Tower,7,0,5,74,86,0,0,7,8,15,7,0,12,82,101,0,0,0,101
07/13/2021,LAW,OK,ASW,CE,Federal Contract Tower,7,0,2,64,73,0,0,17,2,19,7,0,19,66,92,2,2,4,96
07/14/2021,LAW,OK,ASW,CE,Federal Contract Tower,7,0,3,34,44,0,0,8,1,9,7,0,11,35,53,0,4,4,57
07/15/2021,LAW,OK,ASW,CE,Federal Contract Tower,7,0,12,52,71,0,0,9,3,12,7,0,21,55,83,0,4,4,87
07/16/2021,LAW,OK,ASW,CE,Federal Contract Tower,9,0,9,35,53,0,1,7,7,15,9,1,16,42,68,2,2,4,72
07/17/2021,LAW,OK,ASW,CE,Federal Contract Tower,7,0,4,2,13,0,0,8,2,10,7,0,12,4,23,20,6,26,49
07/18/2021,LAW,OK,ASW,CE,Federal Contract Tower,7,0,1,0,8,0,0,12,0,12,7,0,13,0,20,0,0,0,20
07/19/2021,LAW,OK,ASW,CE,Federal Contract Tower,6,0,6,70,82,0,0,10,5,15,6,0,16,75,97,0,12,12,109
07/20/2021,LAW,OK,ASW,CE,Federal Contract Tower,7,0,5,65,77,0,0,13,4,17,7,0,18,69,94,0,18,18,112
07/21/2021,LAW,OK,ASW,CE,Federal Contract Tower,7,0,2,50,59,0,0,21,2,23,7,0,23,52,82,4,0,4,86
07/22/2021,LAW,OK,ASW,CE,Federal Contract Tower,6,0,5,76,87,0,0,8,0,8,6,0,13,76,95,0,0,0,95
07/23/2021,LAW,OK,ASW,CE,Federal Contract Tower,7,0,3,97,107,0,2,12,0,14,7,2,15,97,121,0,0,0,121
07/24/2021,LAW,OK,ASW,CE,Federal Contract Tower,7,0,3,1,11,0,1,15,7,23,7,1,18,8,34,0,12,12,46
07/25/2021,LAW,OK,ASW,CE,Federal Contract Tower,6,0,1,6,13,0,1,11,0,12,6,1,12,6,25,4,0,4,29
07/26/2021,LAW,OK,ASW,CE,Federal Contract Tower,9,0,3,54,66,0,0,14,2,16,9,0,17,56,82,0,6,6,88
07/27/2021,LAW,OK,ASW,CE,Federal Contract Tower,7,0,1,90,98,0,0,12,0,12,7,0,13,90,110,0,0,0,110
07/28/2021,LAW,OK,ASW,CE,Federal Contract Tower,7,0,2,96,105,0,0,11,5,16,7,0,13,101,121,0,4,4,125
07/29/2021,LAW,OK,ASW,CE,Federal Contract Tower,7,0,2,92,101,0,0,8,9,17,7,0,10,101,118,0,16,16,134
07/30/2021,LAW,OK,ASW,CE,Federal Contract Tower,7,0,3,38,48,0,1,14,2,17,7,1,17,40,65,4,0,4,69
07/31/2021,LAW,OK,ASW,CE,Federal Contract Tower,7,2,8,0,17,0,1,17,0,18,7,3,25,0,35,6,0,6,41
08/01/2021,LAW,OK,ASW,CE,Federal Contract Tower,5,0,1,2,8,0,0,4,6,10,5,0,5,8,18,6,0,6,24
08/02/2021,LAW,OK,ASW,CE,Federal Contract Tower,7,0,3,120,130,0,0,6,10,16,7,0,9,130,146,10,0,10,156
08/03/2021,LAW,OK,ASW,CE,Federal Contract Tower,7,0,3,95,105,0,0,8,4,12,7,0,11,99,117,0,0,0,117
08/04/2021,LAW,OK,ASW,CE,Federal Contract Tower,7,0,0,115,122,0,0,5,4,9,7,0,5,119,131,10,0,10,141
08/05/2021,LAW,OK,ASW,CE,Federal Contract Tower,7,0,3,114,124,0,0,11,1,12,7,0,14,115,136,0,0,0,136
08/06/2021,LAW,OK,ASW,CE,Federal Contract Tower,7,2,2,110,121,0,1,14,1,16,7,3,16,111,137,6,0,6,143
08/07/2021,LAW,OK,ASW,CE,Federal Contract Tower,7,0,2,0,9,0,0,9,0,9,7,0,11,0,18,0,0,0,18
08/08/2021,LAW,OK,ASW,CE,Federal Contract Tower,7,0,3,8,18,0,0,1,0,1,7,0,4,8,19,0,0,0,19
08/09/2021,LAW,OK,ASW,CE,Federal Contract Tower,7,0,3,142,152,0,0,5,4,9,7,0,8,146,161,0,0,0,161
08/10/2021,LAW,OK,ASW,CE,Federal Contract Tower,7,0,2,138,147,0,0,6,0,6,7,0,8,138,153,0,0,0,153
08/11/2021,LAW,OK,ASW,CE,Federal Contract Tower,7,0,2,113,122,0,0,4,1,5,7,0,6,114,127,0,0,0,127
08/12/2021,LAW,OK,ASW,CE,Federal Contract Tower,7,0,2,98,107,0,0,15,4,19,7,0,17,102,126,6,0,6,132
08/13/2021,LAW,OK,ASW,CE,Federal Contract Tower,6,0,7,70,83,0,2,14,2,18,6,2,21,72,101,0,0,0,101
08/14/2021,LAW,OK,ASW,CE,Federal Contract Tower,7,0,5,0,12,0,0,7,0,7,7,0,12,0,19,0,0,0,19
08/15/2021,LAW,OK,ASW,CE,Federal Contract Tower,6,0,3,0,9,0,0,3,0,3,6,0,6,0,12,12,0,12,24
08/16/2021,LAW,OK,ASW,CE,Federal Contract Tower,7,0,12,68,87,0,0,7,2,9,7,0,19,70,96,0,0,0,96
08/17/2021,LAW,OK,ASW,CE,Federal Contract Tower,4,0,5,72,81,0,0,3,0,3,4,0,8,72,84,0,0,0,84
08/18/2021,LAW,OK,ASW,CE,Federal Contract Tower,4,0,3,62,69,0,0,3,0,3,4,0,6,62,72,10,0,10,82
08/19/2021,LAW,OK,ASW,CE,Federal Contract Tower,8,0,4,54,66,0,0,1,0,1,8,0,5,54,67,0,0,0,67
08/20/2021,LAW,OK,ASW,CE,Federal Contract Tower,6,0,1,25,32,0,1,14,0,15,6,1,15,25,47,6,0,6,53
08/21/2021,LAW,OK,ASW,CE,Federal Contract Tower,6,0,2,0,8,0,0,8,0,8,6,0,10,0,16,16,0,16,32
08/22/2021,LAW,OK,ASW,CE,Federal Contract Tower,6,0,4,0,10,0,0,8,0,8,6,0,12,0,18,18,0,18,36
08/23/2021,LAW,OK,ASW,CE,Federal Contract Tower,6,0,3,76,85,0,0,11,1,12,6,0,14,77,97,0,6,6,103
08/24/2021,LAW,OK,ASW,CE,Federal Contract Tower,6,0,4,42,52,0,0,17,0,17,6,0,21,42,69,0,0,0,69
08/25/2021,LAW,OK,ASW,CE,Federal Contract Tower,6,0,5,38,49,0,0,8,0,8,6,0,13,38,57,0,0,0,57
08/26/2021,LAW,OK,ASW,CE,Federal Contract Tower,6,0,7,40,53,0,0,4,0,4,6,0,11,40,57,14,0,14,71
08/27/2021,LAW,OK,ASW,CE,Federal Contract Tower,6,0,7,26,39,0,0,7,0,7,6,0,14,26,46,0,0,0,46
08/28/2021,LAW,OK,ASW,CE,Federal Contract Tower,6,0,2,0,8,0,2,14,0,16,6,2,16,0,24,4,0,4,28
08/29/2021,LAW,OK,ASW,CE,Federal Contract Tower,6,0,5,10,21,0,0,13,0,13,6,0,18,10,34,0,0,0,34
08/30/2021,LAW,OK,ASW,CE,Federal Contract Tower,6,0,3,98,107,0,0,6,0,6,6,0,9,98,113,0,10,10,123
08/31/2021,LAW,OK,ASW,CE,Federal Contract Tower,6,0,4,80,90,0,0,7,0,7,6,0,11,80,97,2,0,2,99
09/01/2021,LAW,OK,ASW,CE,Federal Contract Tower,6,0,2,90,98,0,0,10,0,10,6,0,12,90,108,8,0,8,116
09/02/2021,LAW,OK,ASW,CE,Federal Contract Tower,6,0,1,72,79,0,0,14,0,14,6,0,15,72,93,6,0,6,99
09/03/2021,LAW,OK,ASW,CE,Federal Contract Tower,8,0,2,0,10,0,0,2,0,2,8,0,4,0,12,0,0,0,12
09/04/2021,LAW,OK,ASW,CE,Federal Contract Tower,6,1,5,0,12,0,1,9,0,10,6,2,14,0,22,0,0,0,22
09/05/2021,LAW,OK,ASW,CE,Federal Contract Tower,4,0,1,0,5,0,0,9,0,9,4,0,10,0,14,0,0,0,14
09/06/2021,LAW,OK,ASW,CE,Federal Contract Tower,6,0,1,0,7,0,0,10,0,10,6,0,11,0,17,0,0,0,17
09/07/2021,LAW,OK,ASW,CE,Federal Contract Tower,7,0,8,64,79,0,0,5,2,7,7,0,13,66,86,0,0,0,86
09/08/2021,LAW,OK,ASW,CE,Federal Contract Tower,10,0,8,118,136,0,0,9,1,10,10,0,17,119,146,4,0,4,150
09/09/2021,LAW,OK,ASW,CE,Federal Contract Tower,6,0,5,116,127,0,0,12,0,12,6,0,17,116,139,6,0,6,145
09/10/2021,LAW,OK,ASW,CE,Federal Contract Tower,6,0,3,75,84,0,1,10,4,15,6,1,13,79,99,0,0,0,99
09/11/2021,LAW,OK,ASW,CE,Federal Contract Tower,6,2,0,0,8,0,1,11,0,12,6,3,11,0,20,10,0,10,30
09/12/2021,LAW,OK,ASW,CE,Federal Contract Tower,26,0,0,0,26,0,0,3,5,8,26,0,3,5,34,6,0,6,40
09/13/2021,LAW,OK,ASW,CE,Federal Contract Tower,6,0,12,109,127,0,0,6,0,6,6,0,18,109,133,0,2,2,135
09/14/2021,LAW,OK,ASW,CE,Federal Contract Tower,6,0,1,122,129,0,0,18,0,18,6,0,19,122,147,6,0,6,153
09/15/2021,LAW,OK,ASW,CE,Federal Contract Tower,6,0,5,127,138,0,0,17,0,17,6,0,22,127,155,8,0,8,163
09/16/2021,LAW,OK,ASW,CE,Federal Contract Tower,6,0,5,108,119,0,0,13,0,13,6,0,18,108,132,10,0,10,142
09/17/2021,LAW,OK,ASW,CE,Federal Contract Tower,6,1,2,100,109,0,0,6,0,6,6,1,8,100,115,0,0,0,115
09/18/2021,LAW,OK,ASW,CE,Federal Contract Tower,6,1,3,1,11,0,1,15,1,17,6,2,18,2,28,6,14,20,48
09/19/2021,LAW,OK,ASW,CE,Federal Contract Tower,6,0,9,2,17,0,0,12,0,12,6,0,21,2,29,0,0,0,29
09/20/2021,LAW,OK,ASW,CE,Federal Contract Tower,6,0,2,86,94,0,0,10,0,10,6,0,12,86,104,6,4,10,114
09/21/2021,LAW,OK,ASW,CE,Federal Contract Tower,6,0,0,120,126,0,0,10,2,12,6,0,10,122,138,6,0,6,144
09/22/2021,LAW,OK,ASW,CE,Federal Contract Tower,6,0,1,118,125,0,0,25,2,27,6,0,26,120,152,26,0,26,178
09/23/2021,LAW,OK,ASW,CE,Federal Contract Tower,6,0,2,116,124,0,0,23,3,26,6,0,25,119,150,8,8,16,166
09/24/2021,LAW,OK,ASW,CE,Federal Contract Tower,4,2,0,86,92,0,1,7,0,8,4,3,7,86,100,0,0,0,100
09/25/2021,LAW,OK,ASW,CE,Federal Contract Tower,6,0,1,0,7,0,0,13,0,13,6,0,14,0,20,0,0,0,20
09/26/2021,LAW,OK,ASW,CE,Federal Contract Tower,6,0,10,4,20,0,0,7,0,7,6,0,17,4,27,0,0,0,27
09/27/2021,LAW,OK,ASW,CE,Federal Contract Tower,6,0,6,66,78,0,0,7,0,7,6,0,13,66,85,4,0,4,89
09/28/2021,LAW,OK,ASW,CE,Federal Contract Tower,6,0,4,64,74,0,0,3,0,3,6,0,7,64,77,0,0,0,77
09/29/2021,LAW,OK,ASW,CE,Federal Contract Tower,12,0,0,76,88,0,0,8,3,11,12,0,8,79,99,8,8,16,115
09/30/2021,LAW,OK,ASW,CE,Federal Contract Tower,5,0,5,6,16,0,0,5,0,5,5,0,10,6,21,0,0,0,21
10/01/2021,LAW,OK,ASW,CE,Federal Contract Tower,6,4,0,106,116,0,0,4,0,4,6,4,4,106,120,0,0,0,120
10/02/2021,LAW,OK,ASW,CE,Federal Contract Tower,6,0,3,0,9,0,0,1,0,1,6,0,4,0,10,0,0,0,10
10/03/2021,LAW,OK,ASW,CE,Federal Contract Tower,6,0,7,0,13,0,0,11,0,11,6,0,18,0,24,0,0,0,24
10/04/2021,LAW,OK,ASW,CE,Federal Contract Tower,6,0,3,32,41,0,0,5,0,5,6,0,8,32,46,0,2,2,48
10/05/2021,LAW,OK,ASW,CE,Federal Contract Tower,6,0,5,30,41,0,0,12,0,12,6,0,17,30,53,0,0,0,53
10/06/2021,LAW,OK,ASW,CE,Federal Contract Tower,6,0,6,34,46,0,0,22,4,26,6,0,28,38,72,4,12,16,88
10/07/2021,LAW,OK,ASW,CE,Federal Contract Tower,6,0,4,26,36,0,0,6,0,6,6,0,10,26,42,0,0,0,42
10/08/2021,LAW,OK,ASW,CE,Federal Contract Tower,6,0,2,44,52,0,1,9,2,12,6,1,11,46,64,0,2,2,66
10/09/2021,LAW,OK,ASW,CE,Federal Contract Tower,6,0,2,0,8,0,1,12,0,13,6,1,14,0,21,0,0,0,21
10/10/2021,LAW,OK,ASW,CE,Federal Contract Tower,8,0,3,0,11,0,0,11,6,17,8,0,14,6,28,0,0,0,28
10/11/2021,LAW,OK,ASW,CE,Federal Contract Tower,6,0,4,0,10,0,0,22,10,32,6,0,26,10,42,8,0,8,50
10/12/2021,LAW,OK,ASW,CE,Federal Contract Tower,6,0,5,36,47,0,0,1,0,1,6,0,6,36,48,0,0,0,48
10/13/2021,LAW,OK,ASW,CE,Federal Contract Tower,4,0,4,48,56,0,0,15,2,17,4,0,19,50,73,8,6,14,87
10/14/2021,LAW,OK,ASW,CE,Federal Contract Tower,6,0,1,32,39,0,0,2,0,2,6,0,3,32,41,6,0,6,47
10/15/2021,LAW,OK,ASW,CE,Federal Contract Tower,6,0,8,56,70,0,0,6,0,6,6,0,14,56,76,0,0,0,76
10/16/2021,LAW,OK,ASW,CE,Federal Contract Tower,8,2,2,0,12,0,0,21,0,21,8,2,23,0,33,28,0,28,61
10/17/2021,LAW,OK,ASW,CE,Federal Contract Tower,6,0,2,2,10,0,0,18,0,18,6,0,20,2,28,10,0,10,38
10/18/2021,LAW,OK,ASW,CE,Federal Contract Tower,6,0,12,68,86,0,0,25,0,25,6,0,37,68,111,0,0,0,111
10/19/2021,LAW,OK,ASW,CE,Federal Contract Tower,6,0,8,64,78,0,0,7,0,7,6,0,15,64,85,0,0,0,85
10/20/2021,LAW,OK,ASW,CE,Federal Contract Tower,6,0,1,58,65,0,0,12,0,12,6,0,13,58,77,0,0,0,77
10/21/2021,LAW,OK,ASW,CE,Federal Contract Tower,5,0,6,84,95,0,0,9,0,9,5,0,15,84,104,0,0,0,104
10/22/2021,LAW,OK,ASW,CE,Federal Contract Tower,6,0,3,86,95,0,2,6,0,8,6,2,9,86,103,0,0,0,103
10/23/2021,LAW,OK,ASW,CE,Federal Contract Tower,6,0,5,0,11,0,1,4,0,5,6,1,9,0,16,0,0,0,16
10/24/2021,LAW,OK,ASW,CE,Federal Contract Tower,6,0,6,2,14,0,0,7,0,7,6,0,13,2,21,4,0,4,25
10/25/2021,LAW,OK,ASW,CE,Federal Contract Tower,6,0,4,114,124,0,0,15,6,21,6,0,19,120,145,10,0,10,155
10/26/2021,LAW,OK,ASW,CE,Federal Contract Tower,6,0,2,105,113,0,0,12,1,13,6,0,14,106,126,0,0,0,126
10/27/2021,LAW,OK,ASW,CE,Federal Contract Tower,6,0,1,74,81,0,0,0,3,3,6,0,1,77,84,0,0,0,84
10/28/2021,LAW,OK,ASW,CE,Federal Contract Tower,2,0,7,6,15,0,0,3,0,3,2,0,10,6,18,0,0,0,18
10/29/2021,LAW,OK,ASW,CE,Federal Contract Tower,6,0,6,82,94,0,1,4,4,9,6,1,10,86,103,0,0,0,103
10/30/2021,LAW,OK,ASW,CE,Federal Contract Tower,6,0,5,0,11,0,0,18,0,18,6,0,23,0,29,0,0,0,29
10/31/2021,LAW,OK,ASW,CE,Federal Contract Tower,6,0,0,0,6,0,0,8,0,8,6,0,8,0,14,2,0,2,16
11/01/2021,LAW,OK,ASW,CE,Federal Contract Tower,6,0,9,96,111,0,0,3,6,9,6,0,12,102,120,0,0,0,120
11/02/2021,LAW,OK,ASW,CE,Federal Contract Tower,4,0,8,114,126,0,0,0,0,0,4,0,8,114,126,0,0,0,126
11/03/2021,LAW,OK,ASW,CE,Federal Contract Tower,4,0,7,36,47,0,0,0,0,0,4,0,7,36,47,0,0,0,47
11/04/2021,LAW,OK,ASW,CE,Federal Contract Tower,4,0,4,106,114,0,0,2,0,2,4,0,6,106,116,0,2,2,118
11/05/2021,LAW,OK,ASW,CE,Federal Contract Tower,4,2,3,72,81,0,0,7,2,9,4,2,10,74,90,6,0,6,96
11/06/2021,LAW,OK,ASW,CE,Federal Contract Tower,4,0,2,0,6,0,4,15,0,19,4,4,17,0,25,0,0,0,25
11/07/2021,LAW,OK,ASW,CE,Federal Contract Tower,4,0,3,0,7,0,0,7,0,7,4,0,10,0,14,0,0,0,14
11/08/2021,LAW,OK,ASW,CE,Federal Contract Tower,4,0,7,68,79,0,0,12,0,12,4,0,19,68,91,20,0,20,111
11/09/2021,LAW,OK,ASW,CE,Federal Contract Tower,4,0,13,80,97,0,0,9,0,9,4,0,22,80,106,0,0,0,106
11/10/2021,LAW,OK,ASW,CE,Federal Contract Tower,4,0,2,141,147,0,0,6,0,6,4,0,8,141,153,0,0,0,153
11/11/2021,LAW,OK,ASW,CE,Federal Contract Tower,4,0,4,0,8,0,0,8,0,8,4,0,12,0,16,6,0,6,22
11/12/2021,LAW,OK,ASW,CE,Federal Contract Tower,4,0,2,106,112,0,0,14,0,14,4,0,16,106,126,0,0,0,126
11/13/2021,LAW,OK,ASW,CE,Federal Contract Tower,4,0,2,0,6,0,1,4,0,5,4,1,6,0,11,0,0,0,11
11/14/2021,LAW,OK,ASW,CE,Federal Contract Tower,4,0,3,0,7,0,0,2,0,2,4,0,5,0,9,0,0,0,9
11/15/2021,LAW,OK,ASW,CE,Federal Contract Tower,4,0,6,118,128,0,0,16,2,18,4,0,22,120,146,14,2,16,162
11/16/2021,LAW,OK,ASW,CE,Federal Contract Tower,4,0,2,60,66,0,0,2,0,2,4,0,4,60,68,0,0,0,68
11/17/2021,LAW,OK,ASW,CE,Federal Contract Tower,4,0,1,99,104,0,0,8,3,11,4,0,9,102,115,0,0,0,115
11/18/2021,LAW,OK,ASW,CE,Federal Contract Tower,4,0,5,53,62,0,0,18,3,21,4,0,23,56,83,0,0,0,83
11/19/2021,LAW,OK,ASW,CE,Federal Contract Tower,4,0,1,24,29,0,0,9,0,9,4,0,10,24,38,0,0,0,38
11/20/2021,LAW,OK,ASW,CE,Federal Contract Tower,4,0,1,0,5,0,0,4,0,4,4,0,5,0,9,8,0,8,17
11/21/2021,LAW,OK,ASW,CE,Federal Contract Tower,4,0,0,0,4,0,0,2,0,2,4,0,2,0,6,0,0,0,6
11/22/2021,LAW,OK,ASW,CE,Federal Contract Tower,4,0,2,36,42,0,0,8,0,8,4,0,10,36,50,0,0,0,50
11/23/2021,LAW,OK,ASW,CE,Federal Contract Tower,4,0,0,38,42,0,0,5,0,5,4,0,5,38,47,0,0,0,47
11/24/2021,LAW,OK,ASW,CE,Federal Contract Tower,4,0,1,56,61,0,0,6,0,6,4,0,7,56,67,0,0,0,67
11/25/2021,LAW,OK,ASW,CE,Federal Contract Tower,1,0,1,0,2,0,0,3,0,3,1,0,4,0,5,0,0,0,5
11/26/2021,LAW,OK,ASW,CE,Federal Contract Tower,2,0,2,0,4,0,1,15,0,16,2,1,17,0,20,8,0,8,28
11/27/2021,LAW,OK,ASW,CE,Federal Contract Tower,4,0,4,0,8,0,1,7,0,8,4,1,11,0,16,0,0,0,16
11/28/2021,LAW,OK,ASW,CE,Federal Contract Tower,4,0,3,0,7,0,0,6,0,6,4,0,9,0,13,0,0,0,13
11/29/2021,LAW,OK,ASW,CE,Federal Contract Tower,6,0,2,68,76,0,0,8,0,8,6,0,10,68,84,0,0,0,84
11/30/2021,LAW,OK,ASW,CE,Federal Contract Tower,5,0,0,30,35,0,0,11,0,11,5,0,11,30,46,0,0,0,46
12/01/2021,LAW,OK,ASW,CE,Federal Contract Tower,4,0,8,42,54,0,0,21,2,23,4,0,29,44,77,6,0,6,83
12/02/2021,LAW,OK,ASW,CE,Federal Contract Tower,4,0,9,76,89,0,0,7,0,7,4,0,16,76,96,0,0,0,96
12/03/2021,LAW,OK,ASW,CE,Federal Contract Tower,4,2,7,62,75,0,2,5,0,7,4,4,12,62,82,0,0,0,82
12/04/2021,LAW,OK,ASW,CE,Federal Contract Tower,4,0,4,2,10,0,0,0,0,0,4,0,4,2,10,0,0,0,10
12/05/2021,LAW,OK,ASW,CE,Federal Contract Tower,4,0,13,0,17,0,0,19,0,19,4,0,32,0,36,2,2,4,40
12/06/2021,LAW,OK,ASW,CE,Federal Contract Tower,4,0,5,92,101,0,0,12,0,12,4,0,17,92,113,0,2,2,115
12/07/2021,LAW,OK,ASW,CE,Federal Contract Tower,4,0,4,90,98,0,0,3,0,3,4,0,7,90,101,0,0,0,101
12/08/2021,LAW,OK,ASW,CE,Federal Contract Tower,7,0,1,86,94,0,0,11,0,11,7,0,12,86,105,10,0,10,115
12/09/2021,LAW,OK,ASW,CE,Federal Contract Tower,4,0,10,80,94,0,0,21,0,21,4,0,31,80,115,8,0,8,123
12/10/2021,LAW,OK,ASW,CE,Federal Contract Tower,4,0,5,24,33,0,1,3,0,4,4,1,8,24,37,0,0,0,37
12/11/2021,LAW,OK,ASW,CE,Federal Contract Tower,4,0,0,0,4,0,3,14,0,17,4,3,14,0,21,8,0,8,29
12/12/2021,LAW,OK,ASW,CE,Federal Contract Tower,4,0,2,18,24,0,0,16,9,25,4,0,18,27,49,6,14,20,69
12/13/2021,LAW,OK,ASW,CE,Federal Contract Tower,4,0,2,62,68,0,0,12,0,12,4,0,14,62,80,4,0,4,84
12/14/2021,LAW,OK,ASW,CE,Federal Contract Tower,4,0,9,66,79,0,0,12,4,16,4,0,21,70,95,4,0,4,99
12/15/2021,LAW,OK,ASW,CE,Federal Contract Tower,4,0,5,26,35,0,0,0,0,0,4,0,5,26,35,0,0,0,35
12/16/2021,LAW,OK,ASW,CE,Federal Contract Tower,4,0,1,98,103,0,0,20,2,22,4,0,21,100,125,8,2,10,135
12/17/2021,LAW,OK,ASW,CE,Federal Contract Tower,4,0,3,102,109,0,1,5,0,6,4,1,8,102,115,18,0,18,133
12/18/2021,LAW,OK,ASW,CE,Federal Contract Tower,4,0,1,0,5,0,2,9,0,11,4,2,10,0,16,0,0,0,16
12/19/2021,LAW,OK,ASW,CE,Federal Contract Tower,4,0,8,0,12,0,0,12,0,12,4,0,20,0,24,0,0,0,24
12/20/2021,LAW,OK,ASW,CE,Federal Contract Tower,4,0,6,36,46,0,0,4,0,4,4,0,10,36,50,0,0,0,50
12/21/2021,LAW,OK,ASW,CE,Federal Contract Tower,4,0,4,104,112,0,0,5,4,9,4,0,9,108,121,0,0,0,121
12/22/2021,LAW,OK,ASW,CE,Federal Contract Tower,4,0,4,38,46,0,0,10,0,10,4,0,14,38,56,0,0,0,56
12/23/2021,LAW,OK,ASW,CE,Federal Contract Tower,4,0,3,0,7,0,0,15,0,15,4,0,18,0,22,6,0,6,28
12/24/2021,LAW,OK,ASW,CE,Federal Contract Tower,4,0,5,0,9,0,1,5,0,6,4,1,10,0,15,0,0,0,15
12/25/2021,LAW,OK,ASW,CE,Federal Contract Tower,3,0,0,0,3,0,1,4,0,5,3,1,4,0,8,0,0,0,8
12/26/2021,LAW,OK,ASW,CE,Federal Contract Tower,4,0,11,0,15,0,0,5,0,5,4,0,16,0,20,0,0,0,20
12/27/2021,LAW,OK,ASW,CE,Federal Contract Tower,4,0,2,0,6,0,0,9,0,9,4,0,11,0,15,6,0,6,21
12/28/2021,LAW,OK,ASW,CE,Federal Contract Tower,4,0,1,0,5,0,0,7,0,7,4,0,8,0,12,0,0,0,12
12/29/2021,LAW,OK,ASW,CE,Federal Contract Tower,4,0,3,0,7,0,0,17,0,17,4,0,20,0,24,0,0,0,24
12/30/2021,LAW,OK,ASW,CE,Federal Contract Tower,4,0,0,0,4,0,0,12,0,12,4,0,12,0,16,6,0,6,22
12/31/2021,LAW,OK,ASW,CE,Federal Contract Tower,4,0,4,0,8,0,2,14,0,16,4,2,18,0,24,14,0,14,38
01/01/2022,LAW,OK,ASW,CE,Federal Contract Tower,3,0,0,0,3,0,0,3,0,3,3,0,3,0,6,0,0,0,6
01/02/2022,LAW,OK,ASW,CE,Federal Contract Tower,4,0,2,0,6,0,0,2,0,2,4,0,4,0,8,4,0,4,12
01/03/2022,LAW,OK,ASW,CE,Federal Contract Tower,4,0,9,2,15,0,0,9,0,9,4,0,18,2,24,8,0,8,32
01/04/2022,LAW,OK,ASW,CE,Federal Contract Tower,5,0,3,90,98,0,0,5,0,5,5,0,8,90,103,0,0,0,103
01/05/2022,LAW,OK,ASW,CE,Federal Contract Tower,4,0,7,86,97,0,0,10,0,10,4,0,17,86,107,6,0,6,113
01/06/2022,LAW,OK,ASW,CE,Federal Contract Tower,4,0,5,104,113,0,0,7,1,8,4,0,12,105,121,0,2,2,123
01/07/2022,LAW,OK,ASW,CE,Federal Contract Tower,4,0,2,84,90,0,2,24,0,26,4,2,26,84,116,30,0,30,146
01/08/2022,LAW,OK,ASW,CE,Federal Contract Tower,5,0,7,0,12,0,0,0,0,0,5,0,7,0,12,0,0,0,12
01/09/2022,LAW,OK,ASW,CE,Federal Contract Tower,4,0,3,0,7,0,0,15,0,15,4,0,18,0,22,0,0,0,22
01/10/2022,LAW,OK,ASW,CE,Federal Contract Tower,4,0,13,102,119,0,0,14,2,16,4,0,27,104,135,0,0,0,135
01/11/2022,LAW,OK,ASW,CE,Federal Contract Tower,4,0,20,94,118,0,0,25,0,25,4,0,45,94,143,0,0,0,143
01/12/2022,LAW,OK,ASW,CE,Federal Contract Tower,4,0,11,64,79,0,0,14,0,14,4,0,25,64,93,14,0,14,107
01/13/2022,LAW,OK,ASW,CE,Federal Contract Tower,4,0,8,60,72,0,0,12,2,14,4,0,20,62,86,14,2,16,102
01/14/2022,LAW,OK,ASW,CE,Federal Contract Tower,5,0,0,34,39,0,1,11,0,12,5,1,11,34,51,4,0,4,55
01/15/2022,LAW,OK,ASW,CE,Federal Contract Tower,4,0,1,0,5,0,0,1,0,1,4,0,2,0,6,0,0,0,6
01/16/2022,LAW,OK,ASW,CE,Federal Contract Tower,4,0,12,0,16,0,0,8,0,8,4,0,20,0,24,10,0,10,34
01/17/2022,LAW,OK,ASW,CE,Federal Contract Tower,4,0,2,0,6,0,0,23,0,23,4,0,25,0,29,0,0,0,29
01/18/2022,LAW,OK,ASW,CE,Federal Contract Tower,4,0,2,24,30,0,0,6,0,6,4,0,8,24,36,12,0,12,48
01/19/2022,LAW,OK,ASW,CE,Federal Contract Tower,4,0,9,106,119,0,0,4,0,4,4,0,13,106,123,0,0,0,123
01/20/2022,LAW,OK,ASW,CE,Federal Contract Tower,3,0,0,86,89,0,0,6,0,6,3,0,6,86,95,0,0,0,95
01/21/2022,LAW,OK,ASW,CE,Federal Contract Tower,4,0,8,61,73,0,2,8,2,12,4,2,16,63,85,0,0,0,85
01/22/2022,LAW,OK,ASW,CE,Federal Contract Tower,4,0,3,4,11,0,1,8,2,11,4,1,11,6,22,10,0,10,32
01/23/2022,LAW,OK,ASW,CE,Federal Contract Tower,4,0,4,1,9,0,0,16,0,16,4,0,20,1,25,6,0,6,31
01/24/2022,LAW,OK,ASW,CE,Federal Contract Tower,4,0,6,100,110,0,0,6,0,6,4,0,12,100,116,0,0,0,116
01/25/2022,LAW,OK,ASW,CE,Federal Contract Tower,4,0,4,72,80,0,0,4,2,6,4,0,8,74,86,0,4,4,90
01/26/2022,LAW,OK,ASW,CE,Federal Contract Tower,3,0,2,144,149,0,0,6,0,6,3,0,8,144,155,0,0,0,155
01/27/2022,LAW,OK,ASW,CE,Federal Contract Tower,5,0,3,116,124,0,0,8,0,8,5,0,11,116,132,0,0,0,132
01/28/2022,LAW,OK,ASW,CE,Federal Contract Tower,5,0,2,106,113,0,4,9,2,15,5,4,11,108,128,0,0,0,128
01/29/2022,LAW,OK,ASW,CE,Federal Contract Tower,5,2,5,0,12,0,4,12,0,16,5,6,17,0,28,12,0,12,40
01/30/2022,LAW,OK,ASW,CE,Federal Contract Tower,4,0,6,3,13,0,0,17,4,21,4,0,23,7,34,10,4,14,48
01/31/2022,LAW,OK,ASW,CE,Federal Contract Tower,2,0,10,130,142,0,0,8,2,10,2,0,18,132,152,4,0,4,156
02/01/2022,LAW,OK,ASW,CE,Federal Contract Tower,4,0,6,134,144,0,0,0,2,2,4,0,6,136,146,0,0,0,146
02/02/2022,LAW,OK,ASW,CE,Federal Contract Tower,0,0,0,0,0,0,0,0,0,0,0,0,0,0,0,0,0,0,0
02/03/2022,LAW,OK,ASW,CE,Federal Contract Tower,0,0,0,0,0,0,0,0,0,0,0,0,0,0,0,0,0,0,0
02/04/2022,LAW,OK,ASW,CE,Federal Contract Tower,1,0,0,0,1,0,3,8,0,11,1,3,8,0,12,0,0,0,12
02/05/2022,LAW,OK,ASW,CE,Federal Contract Tower,4,0,0,0,4,0,0,6,0,6,4,0,6,0,10,14,0,14,24
02/06/2022,LAW,OK,ASW,CE,Federal Contract Tower,4,0,1,0,5,0,0,5,0,5,4,0,6,0,10,6,0,6,16
02/07/2022,LAW,OK,ASW,CE,Federal Contract Tower,6,0,2,98,106,0,0,10,2,12,6,0,12,100,118,2,0,2,120
02/08/2022,LAW,OK,ASW,CE,Federal Contract Tower,4,0,4,100,108,0,0,4,2,6,4,0,8,102,114,0,0,0,114
02/09/2022,LAW,OK,ASW,CE,Federal Contract Tower,4,0,12,108,124,0,0,4,2,6,4,0,16,110,130,0,12,12,142
02/10/2022,LAW,OK,ASW,CE,Federal Contract Tower,5,0,10,140,155,0,0,5,0,5,5,0,15,140,160,0,0,0,160
02/11/2022,LAW,OK,ASW,CE,Federal Contract Tower,4,2,3,70,79,0,0,14,0,14,4,2,17,70,93,0,0,0,93
02/12/2022,LAW,OK,ASW,CE,Federal Contract Tower,4,1,0,1,6,0,0,7,2,9,4,1,7,3,15,0,0,0,15
02/13/2022,LAW,OK,ASW,CE,Federal Contract Tower,5,0,3,9,17,0,1,16,7,24,5,1,19,16,41,0,16,16,57
02/14/2022,LAW,OK,ASW,CE,Federal Contract Tower,4,0,2,76,82,0,0,14,0,14,4,0,16,76,96,6,0,6,102
02/15/2022,LAW,OK,ASW,CE,Federal Contract Tower,4,0,0,56,60,0,0,2,8,10,4,0,2,64,70,0,0,0,70
02/16/2022,LAW,OK,ASW,CE,Federal Contract Tower,4,0,9,68,81,0,0,13,0,13,4,0,22,68,94,20,0,20,114
02/17/2022,LAW,OK,ASW,CE,Federal Contract Tower,4,0,2,0,6,0,0,2,0,2,4,0,4,0,8,0,0,0,8
02/18/2022,LAW,OK,ASW,CE,Federal Contract Tower,4,0,1,80,85,0,0,22,0,22,4,0,23,80,107,6,0,6,113
02/19/2022,LAW,OK,ASW,CE,Federal Contract Tower,4,2,2,0,8,0,2,8,0,10,4,4,10,0,18,14,0,14,32
02/20/2022,LAW,OK,ASW,CE,Federal Contract Tower,4,0,3,0,7,0,0,6,0,6,4,0,9,0,13,2,0,2,15
02/21/2022,LAW,OK,ASW,CE,Federal Contract Tower,4,0,14,2,20,0,0,11,0,11,4,0,25,2,31,6,0,6,37
02/22/2022,LAW,OK,ASW,CE,Federal Contract Tower,4,0,1,58,63,0,0,10,2,12,4,0,11,60,75,0,2,2,77
02/23/2022,LAW,OK,ASW,CE,Federal Contract Tower,0,0,0,0,0,0,0,0,0,0,0,0,0,0,0,0,0,0,0
02/24/2022,LAW,OK,ASW,CE,Federal Contract Tower,0,0,0,0,0,0,0,0,0,0,0,0,0,0,0,0,0,0,0
02/25/2022,LAW,OK,ASW,CE,Federal Contract Tower,3,0,2,0,5,0,2,6,0,8,3,2,8,0,13,4,0,4,17
02/26/2022,LAW,OK,ASW,CE,Federal Contract Tower,4,0,1,0,5,0,1,6,0,7,4,1,7,0,12,8,0,8,20
02/27/2022,LAW,OK,ASW,CE,Federal Contract Tower,4,0,8,0,12,0,0,12,4,16,4,0,20,4,28,8,0,8,36
02/28/2022,LAW,OK,ASW,CE,Federal Contract Tower,6,0,4,66,76,0,0,2,0,2,6,0,6,66,78,2,0,2,80
03/01/2022,LAW,OK,ASW,CE,Federal Contract Tower,4,0,6,64,74,0,0,20,0,20,4,0,26,64,94,0,0,0,94
03/02/2022,LAW,OK,ASW,CE,Federal Contract Tower,3,0,5,70,78,0,0,8,0,8,3,0,13,70,86,18,0,18,104
03/03/2022,LAW,OK,ASW,CE,Federal Contract Tower,6,0,1,68,75,0,0,8,2,10,6,0,9,70,85,4,4,8,93
03/04/2022,LAW,OK,ASW,CE,Federal Contract Tower,4,0,6,56,66,0,0,4,2,6,4,0,10,58,72,6,0,6,78
03/05/2022,LAW,OK,ASW,CE,Federal Contract Tower,4,0,6,24,34,0,0,2,3,5,4,0,8,27,39,0,0,0,39
03/06/2022,LAW,OK,ASW,CE,Federal Contract Tower,6,0,2,0,8,0,0,0,0,0,6,0,2,0,8,0,0,0,8
03/07/2022,LAW,OK,ASW,CE,Federal Contract Tower,5,0,2,75,82,0,0,13,1,14,5,0,15,76,96,4,0,4,100
03/08/2022,LAW,OK,ASW,CE,Federal Contract Tower,4,0,10,120,134,0,0,7,4,11,4,0,17,124,145,6,6,12,157
03/09/2022,LAW,OK,ASW,CE,Federal Contract Tower,4,0,7,72,83,0,0,13,2,15,4,0,20,74,98,2,0,2,100
03/10/2022,LAW,OK,ASW,CE,Federal Contract Tower,4,0,6,62,72,0,0,9,0,9,4,0,15,62,81,6,0,6,87
03/11/2022,LAW,OK,ASW,CE,Federal Contract Tower,2,0,2,30,34,0,0,2,0,2,2,0,4,30,36,0,0,0,36
03/12/2022,LAW,OK,ASW,CE,Federal Contract Tower,4,0,2,0,6,0,0,6,0,6,4,0,8,0,12,0,0,0,12
03/13/2022,LAW,OK,ASW,CE,Federal Contract Tower,4,0,2,0,6,0,0,5,0,5,4,0,7,0,11,0,0,0,11
03/14/2022,LAW,OK,ASW,CE,Federal Contract Tower,3,0,13,114,130,0,0,13,0,13,3,0,26,114,143,0,0,0,143
03/15/2022,LAW,OK,ASW,CE,Federal Contract Tower,4,6,114,0,124,0,0,22,0,22,4,6,136,0,146,0,0,0,146
03/16/2022,LAW,OK,ASW,CE,Federal Contract Tower,4,0,5,98,107,0,0,15,0,15,4,0,20,98,122,14,0,14,136
03/17/2022,LAW,OK,ASW,CE,Federal Contract Tower,5,0,3,60,68,0,0,22,0,22,5,0,25,60,90,0,0,0,90
03/18/2022,LAW,OK,ASW,CE,Federal Contract Tower,4,0,2,104,110,0,0,1,0,1,4,0,3,104,111,0,0,0,111
03/19/2022,LAW,OK,ASW,CE,Federal Contract Tower,4,0,4,0,8,0,1,12,0,13,4,1,16,0,21,4,0,4,25
03/20/2022,LAW,OK,ASW,CE,Federal Contract Tower,4,0,2,0,6,0,4,14,0,18,4,4,16,0,24,2,0,2,26
03/21/2022,LAW,OK,ASW,CE,Federal Contract Tower,3,0,5,33,41,0,0,2,0,2,3,0,7,33,43,0,0,0,43
03/22/2022,LAW,OK,ASW,CE,Federal Contract Tower,4,0,1,119,124,0,0,0,0,0,4,0,1,119,124,0,0,0,124
03/23/2022,LAW,OK,ASW,CE,Federal Contract Tower,4,0,2,106,112,0,0,8,0,8,4,0,10,106,120,0,0,0,120
03/24/2022,LAW,OK,ASW,CE,Federal Contract Tower,4,0,5,118,127,0,0,6,2,8,4,0,11,120,135,6,4,10,145
03/25/2022,LAW,OK,ASW,CE,Federal Contract Tower,4,0,3,112,119,0,3,15,0,18,4,3,18,112,137,18,0,18,155
03/26/2022,LAW,OK,ASW,CE,Federal Contract Tower,4,0,1,0,5,0,1,6,0,7,4,1,7,0,12,4,0,4,16
03/27/2022,LAW,OK,ASW,CE,Federal Contract Tower,4,0,4,0,8,0,0,6,0,6,4,0,10,0,14,0,0,0,14
03/28/2022,LAW,OK,ASW,CE,Federal Contract Tower,4,0,5,106,115,0,0,23,4,27,4,0,28,110,142,7,0,7,149
03/29/2022,LAW,OK,ASW,CE,Federal Contract Tower,4,0,0,146,150,0,0,10,4,14,4,0,10,150,164,0,0,0,164
03/30/2022,LAW,OK,ASW,CE,Federal Contract Tower,4,0,4,132,140,0,0,0,0,0,4,0,4,132,140,0,0,0,140
03/31/2022,LAW,OK,ASW,CE,Federal Contract Tower,5,0,3,106,114,0,0,15,0,15,5,0,18,106,129,2,0,2,131
04/01/2022,LAW,OK,ASW,CE,Federal Contract Tower,4,0,8,75,87,0,2,16,1,19,4,2,24,76,106,2,0,2,108
04/02/2022,LAW,OK,ASW,CE,Federal Contract Tower,4,0,5,1,10,0,1,13,0,14,4,1,18,1,24,14,0,14,38
04/03/2022,LAW,OK,ASW,CE,Federal Contract Tower,6,0,2,1,9,0,0,8,6,14,6,0,10,7,23,10,0,10,33
04/04/2022,LAW,OK,ASW,CE,Federal Contract Tower,4,0,4,54,62,0,0,3,0,3,4,0,7,54,65,0,0,0,65
04/05/2022,LAW,OK,ASW,CE,Federal Contract Tower,6,0,1,46,53,0,0,12,0,12,6,0,13,46,65,0,0,0,65
04/06/2022,LAW,OK,ASW,CE,Federal Contract Tower,6,0,0,92,98,0,0,10,0,10,6,0,10,92,108,10,0,10,118
04/07/2022,LAW,OK,ASW,CE,Federal Contract Tower,8,0,2,45,55,0,0,7,0,7,8,0,9,45,62,0,0,0,62
04/08/2022,LAW,OK,ASW,CE,Federal Contract Tower,6,0,0,80,86,0,7,10,0,17,6,7,10,80,103,2,6,8,111
04/09/2022,LAW,OK,ASW,CE,Federal Contract Tower,6,0,2,2,10,0,2,13,0,15,6,2,15,2,25,12,0,12,37
04/10/2022,LAW,OK,ASW,CE,Federal Contract Tower,6,0,0,20,26,0,0,12,3,15,6,0,12,23,41,6,0,6,47
04/11/2022,LAW,OK,ASW,CE,Federal Contract Tower,4,0,3,56,63,0,0,19,12,31,4,0,22,68,94,0,0,0,94
04/12/2022,LAW,OK,ASW,CE,Federal Contract Tower,6,0,4,50,60,0,0,11,1,12,6,0,15,51,72,0,6,6,78
04/13/2022,LAW,OK,ASW,CE,Federal Contract Tower,5,0,8,60,73,0,0,13,0,13,5,0,21,60,86,8,0,8,94
04/14/2022,LAW,OK,ASW,CE,Federal Contract Tower,6,0,6,42,54,0,0,13,3,16,6,0,19,45,70,0,12,12,82
04/15/2022,LAW,OK,ASW,CE,Federal Contract Tower,6,0,3,58,67,0,1,7,0,8,6,1,10,58,75,0,0,0,75
04/16/2022,LAW,OK,ASW,CE,Federal Contract Tower,6,0,2,0,8,0,0,0,0,0,6,0,2,0,8,0,0,0,8
04/17/2022,LAW,OK,ASW,CE,Federal Contract Tower,6,0,2,1,9,0,1,3,0,4,6,1,5,1,13,8,0,8,21
04/18/2022,LAW,OK,ASW,CE,Federal Contract Tower,6,0,5,62,73,0,0,9,2,11,6,0,14,64,84,0,0,0,84
04/19/2022,LAW,OK,ASW,CE,Federal Contract Tower,6,0,4,42,52,0,0,8,0,8,6,0,12,42,60,0,0,0,60
04/20/2022,LAW,OK,ASW,CE,Federal Contract Tower,6,0,2,34,42,0,0,15,0,15,6,0,17,34,57,10,0,10,67
04/21/2022,LAW,OK,ASW,CE,Federal Contract Tower,6,0,0,58,64,0,0,14,2,16,6,0,14,60,80,0,2,2,82
04/22/2022,LAW,OK,ASW,CE,Federal Contract Tower,5,0,1,72,78,0,0,3,0,3,5,0,4,72,81,6,0,6,87
04/23/2022,LAW,OK,ASW,CE,Federal Contract Tower,7,0,0,0,7,0,3,5,0,8,7,3,5,0,15,0,0,0,15
04/24/2022,LAW,OK,ASW,CE,Federal Contract Tower,3,0,3,0,6,0,0,2,0,2,3,0,5,0,8,0,0,0,8
04/25/2022,LAW,OK,ASW,CE,Federal Contract Tower,6,0,2,82,90,0,0,19,0,19,6,0,21,82,109,0,0,0,109
04/26/2022,LAW,OK,ASW,CE,Federal Contract Tower,6,0,17,80,103,0,0,18,0,18,6,0,35,80,121,6,0,6,127
04/27/2022,LAW,OK,ASW,CE,Federal Contract Tower,6,0,16,114,136,0,0,7,0,7,6,0,23,114,143,12,0,12,155
04/28/2022,LAW,OK,ASW,CE,Federal Contract Tower,6,0,2,74,82,0,0,6,0,6,6,0,8,74,88,0,0,0,88
04/29/2022,LAW,OK,ASW,CE,Federal Contract Tower,7,1,3,86,97,0,2,4,0,6,7,3,7,86,103,0,0,0,103
04/30/2022,LAW,OK,ASW,CE,Federal Contract Tower,6,0,1,0,7,0,1,11,0,12,6,1,12,0,19,0,0,0,19
05/01/2022,LAW,OK,ASW,CE,Federal Contract Tower,6,0,8,0,14,0,0,6,8,14,6,0,14,8,28,14,0,14,42
05/02/2022,LAW,OK,ASW,CE,Federal Contract Tower,6,0,2,70,78,0,0,4,2,6,6,0,6,72,84,0,0,0,84
05/03/2022,LAW,OK,ASW,CE,Federal Contract Tower,6,0,12,102,120,0,0,6,4,10,6,0,18,106,130,8,0,8,138
05/04/2022,LAW,OK,ASW,CE,Federal Contract Tower,4,0,2,28,34,0,0,2,0,2,4,0,4,28,36,0,0,0,36
05/05/2022,LAW,OK,ASW,CE,Federal Contract Tower,5,0,4,53,62,0,0,1,1,2,5,0,5,54,64,0,0,0,64
05/06/2022,LAW,OK,ASW,CE,Federal Contract Tower,5,0,7,63,75,0,5,29,1,35,5,5,36,64,110,18,14,32,142
05/07/2022,LAW,OK,ASW,CE,Federal Contract Tower,6,2,4,0,12,0,2,7,0,9,6,4,11,0,21,6,0,6,27
05/08/2022,LAW,OK,ASW,CE,Federal Contract Tower,5,0,8,8,21,0,0,8,2,10,5,0,16,10,31,8,0,8,39
05/09/2022,LAW,OK,ASW,CE,Federal Contract Tower,5,0,2,84,91,0,0,8,4,12,5,0,10,88,103,0,0,0,103
05/10/2022,LAW,OK,ASW,CE,Federal Contract Tower,4,0,2,78,84,0,0,2,6,8,4,0,4,84,92,16,0,16,108
05/11/2022,LAW,OK,ASW,CE,Federal Contract Tower,8,0,2,86,96,0,0,24,0,24,8,0,26,86,120,12,0,12,132
05/12/2022,LAW,OK,ASW,CE,Federal Contract Tower,6,0,3,72,81,0,0,21,0,21,6,0,24,72,102,0,0,0,102
05/13/2022,LAW,OK,ASW,CE,Federal Contract Tower,6,0,3,0,9,0,2,12,2,16,6,2,15,2,25,10,4,14,39
05/14/2022,LAW,OK,ASW,CE,Federal Contract Tower,6,0,6,0,12,0,2,11,0,13,6,2,17,0,25,18,0,18,43
05/15/2022,LAW,OK,ASW,CE,Federal Contract Tower,6,0,13,5,24,0,0,14,6,20,6,0,27,11,44,8,0,8,52
05/16/2022,LAW,OK,ASW,CE,Federal Contract Tower,6,0,2,58,66,0,0,22,2,24,6,0,24,60,90,0,0,0,90
05/17/2022,LAW,OK,ASW,CE,Federal Contract Tower,6,0,15,81,102,0,0,17,2,19,6,0,32,83,121,4,0,4,125
05/18/2022,LAW,OK,ASW,CE,Federal Contract Tower,6,0,5,98,109,0,0,9,0,9,6,0,14,98,118,0,0,0,118
05/19/2022,LAW,OK,ASW,CE,Federal Contract Tower,6,0,10,74,90,0,0,14,0,14,6,0,24,74,104,10,0,10,114
05/20/2022,LAW,OK,ASW,CE,Federal Contract Tower,6,0,4,88,98,0,1,7,2,10,6,1,11,90,108,8,0,8,116
05/21/2022,LAW,OK,ASW,CE,Federal Contract Tower,5,0,11,0,16,0,3,13,0,16,5,3,24,0,32,0,0,0,32
05/22/2022,LAW,OK,ASW,CE,Federal Contract Tower,6,0,0,1,7,0,0,14,1,15,6,0,14,2,22,2,0,2,24
05/23/2022,LAW,OK,ASW,CE,Federal Contract Tower,6,0,7,36,49,0,0,0,0,0,6,0,7,36,49,0,0,0,49
05/24/2022,LAW,OK,ASW,CE,Federal Contract Tower,4,0,0,0,4,0,0,0,0,0,4,0,0,0,4,0,0,0,4
05/25/2022,LAW,OK,ASW,CE,Federal Contract Tower,7,0,16,60,83,0,0,2,6,8,7,0,18,66,91,0,12,12,103
05/26/2022,LAW,OK,ASW,CE,Federal Contract Tower,6,0,6,82,94,0,0,12,4,16,6,0,18,86,110,6,12,18,128
05/27/2022,LAW,OK,ASW,CE,Federal Contract Tower,6,0,5,1,12,0,1,16,0,17,6,1,21,1,29,16,0,16,45
05/28/2022,LAW,OK,ASW,CE,Federal Contract Tower,6,0,4,0,10,0,0,6,0,6,6,0,10,0,16,0,0,0,16
05/29/2022,LAW,OK,ASW,CE,Federal Contract Tower,4,0,2,0,6,0,0,11,0,11,4,0,13,0,17,0,0,0,17
05/30/2022,LAW,OK,ASW,CE,Federal Contract Tower,6,0,2,0,8,0,0,7,0,7,6,0,9,0,15,0,0,0,15
05/31/2022,LAW,OK,ASW,CE,Federal Contract Tower,8,0,7,64,79,0,0,10,0,10,8,0,17,64,89,0,0,0,89
06/01/2022,LAW,OK,ASW,CE,Federal Contract Tower,6,0,10,50,66,0,0,6,0,6,6,0,16,50,72,0,0,0,72
06/02/2022,LAW,OK,ASW,CE,Federal Contract Tower,7,0,7,72,86,0,0,2,0,2,7,0,9,72,88,4,0,4,92
06/03/2022,LAW,OK,ASW,CE,Federal Contract Tower,4,2,5,14,25,0,2,4,1,7,4,4,9,15,32,30,2,32,64
06/04/2022,LAW,OK,ASW,CE,Federal Contract Tower,4,1,1,0,6,0,2,15,1,18,4,3,16,1,24,4,0,4,28
06/05/2022,LAW,OK,ASW,CE,Federal Contract Tower,4,0,2,0,6,0,0,7,2,9,4,0,9,2,15,0,0,0,15
06/06/2022,LAW,OK,ASW,CE,Federal Contract Tower,4,0,7,52,63,0,0,11,6,17,4,0,18,58,80,8,0,8,88
06/07/2022,LAW,OK,ASW,CE,Federal Contract Tower,4,0,8,44,56,0,0,4,0,4,4,0,12,44,60,6,0,6,66
06/08/2022,LAW,OK,ASW,CE,Federal Contract Tower,4,0,3,20,27,0,0,4,2,6,4,0,7,22,33,0,4,4,37
06/09/2022,LAW,OK,ASW,CE,Federal Contract Tower,4,0,2,56,62,0,0,13,0,13,4,0,15,56,75,14,0,14,89
06/10/2022,LAW,OK,ASW,CE,Federal Contract Tower,4,0,9,49,62,0,2,20,1,23,4,2,29,50,85,20,2,22,107
06/11/2022,LAW,OK,ASW,CE,Federal Contract Tower,4,0,2,0,6,0,1,2,0,3,4,1,4,0,9,0,0,0,9
06/12/2022,LAW,OK,ASW,CE,Federal Contract Tower,4,0,1,4,9,0,2,1,0,3,4,2,2,4,12,4,0,4,16
06/13/2022,LAW,OK,ASW,CE,Federal Contract Tower,3,0,6,42,51,0,0,11,0,11,3,0,17,42,62,0,0,0,62
06/14/2022,LAW,OK,ASW,CE,Federal Contract Tower,4,0,9,54,67,0,0,7,0,7,4,0,16,54,74,0,0,0,74
06/15/2022,LAW,OK,ASW,CE,Federal Contract Tower,4,0,7,53,64,0,0,14,2,16,4,0,21,55,80,0,10,10,90
06/16/2022,LAW,OK,ASW,CE,Federal Contract Tower,5,0,5,60,70,0,0,5,0,5,5,0,10,60,75,8,0,8,83
06/17/2022,LAW,OK,ASW,CE,Federal Contract Tower,4,0,2,37,43,0,0,12,0,12,4,0,14,37,55,8,0,8,63
06/18/2022,LAW,OK,ASW,CE,Federal Contract Tower,4,0,1,0,5,0,0,6,0,6,4,0,7,0,11,4,0,4,15
06/19/2022,LAW,OK,ASW,CE,Federal Contract Tower,4,0,2,0,6,0,0,13,0,13,4,0,15,0,19,14,0,14,33
06/20/2022,LAW,OK,ASW,CE,Federal Contract Tower,4,0,5,0,9,0,0,11,0,11,4,0,16,0,20,12,0,12,32
06/21/2022,LAW,OK,ASW,CE,Federal Contract Tower,4,0,1,66,71,0,0,2,2,4,4,0,3,68,75,10,0,10,85
06/22/2022,LAW,OK,ASW,CE,Federal Contract Tower,4,0,6,80,90,0,0,3,0,3,4,0,9,80,93,0,0,0,93
06/23/2022,LAW,OK,ASW,CE,Federal Contract Tower,4,0,3,80,87,0,0,2,0,2,4,0,5,80,89,4,0,4,93
06/24/2022,LAW,OK,ASW,CE,Federal Contract Tower,4,0,1,36,41,0,0,8,1,9,4,0,9,37,50,4,0,4,54
06/25/2022,LAW,OK,ASW,CE,Federal Contract Tower,4,3,0,0,7,0,1,6,0,7,4,4,6,0,14,0,0,0,14
06/26/2022,LAW,OK,ASW,CE,Federal Contract Tower,3,0,4,9,16,0,0,7,0,7,3,0,11,9,23,0,0,0,23
06/27/2022,LAW,OK,ASW,CE,Federal Contract Tower,2,0,4,105,111,0,0,14,6,20,2,0,18,111,131,0,4,4,135
06/28/2022,LAW,OK,ASW,CE,Federal Contract Tower,4,0,1,66,71,0,0,3,0,3,4,0,4,66,74,0,0,0,74
06/29/2022,LAW,OK,ASW,CE,Federal Contract Tower,4,0,12,114,130,0,0,20,0,20,4,0,32,114,150,0,0,0,150
06/30/2022,LAW,OK,ASW,CE,Federal Contract Tower,4,0,9,90,103,0,0,12,0,12,4,0,21,90,115,0,0,0,115
07/01/2022,LAW,OK,ASW,CE,Federal Contract Tower,4,0,5,0,9,0,3,17,0,20,4,3,22,0,29,6,0,6,35
07/02/2022,LAW,OK,ASW,CE,Federal Contract Tower,4,0,3,0,7,0,0,13,0,13,4,0,16,0,20,0,0,0,20
07/03/2022,LAW,OK,ASW,CE,Federal Contract Tower,3,0,2,0,5,0,0,2,0,2,3,0,4,0,7,0,0,0,7
07/04/2022,LAW,OK,ASW,CE,Federal Contract Tower,4,0,0,0,4,0,0,0,0,0,4,0,0,0,4,0,0,0,4
07/05/2022,LAW,OK,ASW,CE,Federal Contract Tower,4,0,3,108,115,0,0,7,4,11,4,0,10,112,126,0,0,0,126
07/06/2022,LAW,OK,ASW,CE,Federal Contract Tower,2,0,9,130,141,0,0,16,0,16,2,0,25,130,157,6,0,6,163
07/07/2022,LAW,OK,ASW,CE,Federal Contract Tower,4,0,0,110,114,0,0,12,0,12,4,0,12,110,126,8,0,8,134
07/08/2022,LAW,OK,ASW,CE,Federal Contract Tower,4,0,5,72,81,0,0,8,6,14,4,0,13,78,95,0,8,8,103
07/09/2022,LAW,OK,ASW,CE,Federal Contract Tower,4,0,4,0,8,0,1,5,0,6,4,1,9,0,14,0,0,0,14
07/10/2022,LAW,OK,ASW,CE,Federal Contract Tower,4,0,0,4,8,0,0,2,16,18,4,0,2,20,26,2,0,2,28
07/11/2022,LAW,OK,ASW,CE,Federal Contract Tower,4,0,3,101,108,0,0,12,0,12,4,0,15,101,120,0,0,0,120
07/12/2022,LAW,OK,ASW,CE,Federal Contract Tower,4,0,0,82,86,0,0,6,0,6,4,0,6,82,92,0,0,0,92
07/13/2022,LAW,OK,ASW,CE,Federal Contract Tower,4,0,1,112,117,0,0,13,0,13,4,0,14,112,130,12,0,12,142
07/14/2022,LAW,OK,ASW,CE,Federal Contract Tower,4,0,2,106,112,0,0,15,0,15,4,0,17,106,127,2,0,2,129
07/15/2022,LAW,OK,ASW,CE,Federal Contract Tower,4,0,7,72,83,0,2,11,0,13,4,2,18,72,96,4,0,4,100
07/16/2022,LAW,OK,ASW,CE,Federal Contract Tower,2,0,0,0,2,0,0,7,2,9,2,0,7,2,11,8,0,8,19
07/17/2022,LAW,OK,ASW,CE,Federal Contract Tower,2,0,0,3,5,0,2,8,2,12,2,2,8,5,17,24,0,24,41
07/18/2022,LAW,OK,ASW,CE,Federal Contract Tower,4,0,3,156,163,0,0,16,0,16,4,0,19,156,179,6,0,6,185
07/19/2022,LAW,OK,ASW,CE,Federal Contract Tower,4,0,0,94,98,0,0,8,0,8,4,0,8,94,106,2,0,2,108
07/20/2022,LAW,OK,ASW,CE,Federal Contract Tower,2,0,3,132,137,0,0,11,0,11,2,0,14,132,148,2,0,2,150
07/21/2022,LAW,OK,ASW,CE,Federal Contract Tower,4,0,4,112,120,0,0,20,0,20,4,0,24,112,140,4,0,4,144
07/22/2022,LAW,OK,ASW,CE,Federal Contract Tower,4,0,0,80,84,0,3,6,0,9,4,3,6,80,93,8,0,8,101
07/23/2022,LAW,OK,ASW,CE,Federal Contract Tower,4,0,0,2,6,0,0,8,1,9,4,0,8,3,15,2,0,2,17
07/24/2022,LAW,OK,ASW,CE,Federal Contract Tower,4,0,1,1,6,0,0,5,3,8,4,0,6,4,14,4,0,4,18
07/25/2022,LAW,OK,ASW,CE,Federal Contract Tower,2,0,14,120,136,0,0,5,0,5,2,0,19,120,141,4,0,4,145
07/26/2022,LAW,OK,ASW,CE,Federal Contract Tower,4,0,2,86,92,0,0,9,0,9,4,0,11,86,101,6,0,6,107
07/27/2022,LAW,OK,ASW,CE,Federal Contract Tower,4,0,3,84,91,0,0,8,0,8,4,0,11,84,99,0,0,0,99
07/28/2022,LAW,OK,ASW,CE,Federal Contract Tower,4,0,8,98,110,0,0,10,0,10,4,0,18,98,120,0,0,0,120
07/29/2022,LAW,OK,ASW,CE,Federal Contract Tower,4,2,5,66,77,0,1,12,1,14,4,3,17,67,91,0,0,0,91
07/30/2022,LAW,OK,ASW,CE,Federal Contract Tower,3,0,1,0,4,0,4,14,0,18,3,4,15,0,22,22,0,22,44
07/31/2022,LAW,OK,ASW,CE,Federal Contract Tower,4,0,2,0,6,0,0,9,0,9,4,0,11,0,15,6,0,6,21
08/01/2022,LAW,OK,ASW,CE,Federal Contract Tower,4,0,2,76,82,0,0,5,4,9,4,0,7,80,91,0,0,0,91
08/02/2022,LAW,OK,ASW,CE,Federal Contract Tower,4,0,1,90,95,0,0,10,0,10,4,0,11,90,105,0,0,0,105
08/03/2022,LAW,OK,ASW,CE,Federal Contract Tower,4,0,3,88,95,0,0,16,2,18,4,0,19,90,113,6,0,6,119
08/04/2022,LAW,OK,ASW,CE,Federal Contract Tower,4,0,12,66,82,0,0,18,12,30,4,0,30,78,112,12,0,12,124
08/05/2022,LAW,OK,ASW,CE,Federal Contract Tower,4,0,5,26,35,0,1,2,1,4,4,1,7,27,39,2,4,6,45
08/06/2022,LAW,OK,ASW,CE,Federal Contract Tower,4,0,2,0,6,0,0,11,0,11,4,0,13,0,17,12,0,12,29
08/07/2022,LAW,OK,ASW,CE,Federal Contract Tower,4,0,9,4,17,0,0,10,13,23,4,0,19,17,40,20,2,22,62
08/08/2022,LAW,OK,ASW,CE,Federal Contract Tower,4,0,1,1,6,0,0,6,20,26,4,0,7,21,32,16,6,22,54
08/09/2022,LAW,OK,ASW,CE,Federal Contract Tower,3,0,1,0,4,0,0,13,4,17,3,0,14,4,21,2,0,2,23
08/10/2022,LAW,OK,ASW,CE,Federal Contract Tower,6,0,2,0,8,0,0,16,0,16,6,0,18,0,24,16,0,16,40
08/11/2022,LAW,OK,ASW,CE,Federal Contract Tower,4,0,6,2,12,0,0,11,0,11,4,0,17,2,23,0,0,0,23
08/12/2022,LAW,OK,ASW,CE,Federal Contract Tower,4,0,3,22,29,0,1,13,0,14,4,1,16,22,43,18,2,20,63
08/13/2022,LAW,OK,ASW,CE,Federal Contract Tower,4,0,1,0,5,0,8,13,0,21,4,8,14,0,26,8,0,8,34
08/14/2022,LAW,OK,ASW,CE,Federal Contract Tower,4,0,4,0,8,0,0,7,0,7,4,0,11,0,15,4,0,4,19
08/15/2022,LAW,OK,ASW,CE,Federal Contract Tower,4,0,1,2,7,0,0,7,6,13,4,0,8,8,20,0,6,6,26
08/16/2022,LAW,OK,ASW,CE,Federal Contract Tower,4,0,3,56,63,0,0,7,0,7,4,0,10,56,70,0,4,4,74
08/17/2022,LAW,OK,ASW,CE,Federal Contract Tower,3,0,0,22,25,0,0,4,0,4,3,0,4,22,29,0,0,0,29
08/18/2022,LAW,OK,ASW,CE,Federal Contract Tower,4,3,0,28,35,0,0,13,0,13,4,3,13,28,48,0,0,0,48
08/19/2022,LAW,OK,ASW,CE,Federal Contract Tower,4,1,7,22,34,0,3,13,0,16,4,4,20,22,50,36,0,36,86
08/20/2022,LAW,OK,ASW,CE,Federal Contract Tower,4,0,0,0,4,0,0,6,0,6,4,0,6,0,10,0,0,0,10
08/21/2022,LAW,OK,ASW,CE,Federal Contract Tower,2,0,1,0,3,0,0,2,0,2,2,0,3,0,5,0,0,0,5
08/22/2022,LAW,OK,ASW,CE,Federal Contract Tower,5,0,1,56,62,0,0,1,0,1,5,0,2,56,63,0,0,0,63
08/23/2022,LAW,OK,ASW,CE,Federal Contract Tower,4,0,11,56,71,0,0,13,0,13,4,0,24,56,84,0,8,8,92
08/24/2022,LAW,OK,ASW,CE,Federal Contract Tower,4,0,1,52,57,0,0,20,2,22,4,0,21,54,79,18,4,22,101
08/25/2022,LAW,OK,ASW,CE,Federal Contract Tower,4,0,10,72,86,0,0,25,0,25,4,0,35,72,111,14,0,14,125
08/26/2022,LAW,OK,ASW,CE,Federal Contract Tower,4,0,1,56,61,0,1,7,1,9,4,1,8,57,70,10,4,14,84
08/27/2022,LAW,OK,ASW,CE,Federal Contract Tower,4,2,1,0,7,0,5,15,0,20,4,7,16,0,27,10,0,10,37
08/28/2022,LAW,OK,ASW,CE,Federal Contract Tower,4,0,3,10,17,0,0,12,8,20,4,0,15,18,37,6,0,6,43
08/29/2022,LAW,OK,ASW,CE,Federal Contract Tower,4,0,4,55,63,0,0,5,0,5,4,0,9,55,68,18,0,18,86
08/30/2022,LAW,OK,ASW,CE,Federal Contract Tower,3,0,16,48,67,0,0,8,0,8,3,0,24,48,75,0,0,0,75
08/31/2022,LAW,OK,ASW,CE,Federal Contract Tower,3,0,2,66,71,0,0,10,2,12,3,0,12,68,83,10,0,10,93
09/01/2022,LAW,OK,ASW,CE,Federal Contract Tower,3,0,7,60,70,0,0,7,0,7,3,0,14,60,77,6,0,6,83
09/02/2022,LAW,OK,ASW,CE,Federal Contract Tower,3,0,1,0,4,0,0,10,0,10,3,0,11,0,14,16,0,16,30
09/03/2022,LAW,OK,ASW,CE,Federal Contract Tower,3,0,0,0,3,0,2,6,0,8,3,2,6,0,11,4,0,4,15
09/04/2022,LAW,OK,ASW,CE,Federal Contract Tower,3,0,0,0,3,0,0,4,0,4,3,0,4,0,7,0,0,0,7
09/05/2022,LAW,OK,ASW,CE,Federal Contract Tower,5,0,6,0,11,0,0,3,0,3,5,0,9,0,14,0,0,0,14
09/06/2022,LAW,OK,ASW,CE,Federal Contract Tower,0,4,5,97,106,0,0,12,5,17,0,4,17,102,123,14,0,14,137
09/07/2022,LAW,OK,ASW,CE,Federal Contract Tower,4,0,4,100,108,0,0,17,0,17,4,0,21,100,125,18,0,18,143
09/08/2022,LAW,OK,ASW,CE,Federal Contract Tower,4,0,19,126,149,0,0,21,0,21,4,0,40,126,170,4,0,4,174
09/09/2022,LAW,OK,ASW,CE,Federal Contract Tower,4,0,15,76,95,0,3,16,0,19,4,3,31,76,114,0,0,0,114
09/10/2022,LAW,OK,ASW,CE,Federal Contract Tower,4,0,7,1,12,0,0,11,0,11,4,0,18,1,23,10,0,10,33
09/11/2022,LAW,OK,ASW,CE,Federal Contract Tower,4,0,6,10,20,0,0,7,12,19,4,0,13,22,39,0,0,0,39
09/12/2022,LAW,OK,ASW,CE,Federal Contract Tower,4,0,1,78,83,0,0,8,0,8,4,0,9,78,91,14,0,14,105
09/13/2022,LAW,OK,ASW,CE,Federal Contract Tower,4,0,11,68,83,0,0,4,0,4,4,0,15,68,87,0,0,0,87
09/14/2022,LAW,OK,ASW,CE,Federal Contract Tower,4,0,4,60,68,0,0,10,0,10,4,0,14,60,78,6,0,6,84
09/15/2022,LAW,OK,ASW,CE,Federal Contract Tower,2,0,1,50,53,0,0,33,0,33,2,0,34,50,86,4,0,4,90
09/16/2022,LAW,OK,ASW,CE,Federal Contract Tower,4,1,5,22,32,0,5,9,0,14,4,6,14,22,46,0,0,0,46
09/17/2022,LAW,OK,ASW,CE,Federal Contract Tower,4,0,0,0,4,0,2,7,0,9,4,2,7,0,13,2,0,2,15
09/18/2022,LAW,OK,ASW,CE,Federal Contract Tower,4,0,3,0,7,0,0,6,0,6,4,0,9,0,13,0,0,0,13
09/19/2022,LAW,OK,ASW,CE,Federal Contract Tower,4,0,4,34,42,0,0,6,0,6,4,0,10,34,48,0,0,0,48
09/20/2022,LAW,OK,ASW,CE,Federal Contract Tower,4,0,4,40,48,0,0,16,2,18,4,0,20,42,66,14,0,14,80
09/21/2022,LAW,OK,ASW,CE,Federal Contract Tower,4,0,0,40,44,0,0,24,0,24,4,0,24,40,68,0,0,0,68
09/22/2022,LAW,OK,ASW,CE,Federal Contract Tower,4,0,5,52,61,0,0,17,4,21,4,0,22,56,82,12,2,14,96
09/23/2022,LAW,OK,ASW,CE,Federal Contract Tower,4,0,0,39,43,0,0,11,0,11,4,0,11,39,54,14,0,14,68
09/24/2022,LAW,OK,ASW,CE,Federal Contract Tower,4,0,1,0,5,0,1,6,0,7,4,1,7,0,12,12,0,12,24
09/25/2022,LAW,OK,ASW,CE,Federal Contract Tower,4,0,3,0,7,0,0,15,0,15,4,0,18,0,22,0,0,0,22
09/26/2022,LAW,OK,ASW,CE,Federal Contract Tower,4,0,7,52,63,0,0,15,0,15,4,0,22,52,78,0,0,0,78
09/27/2022,LAW,OK,ASW,CE,Federal Contract Tower,4,0,0,44,48,0,0,10,2,12,4,0,10,46,60,0,0,0,60
09/28/2022,LAW,OK,ASW,CE,Federal Contract Tower,4,0,5,34,43,0,0,4,2,6,4,0,9,36,49,8,2,10,59
09/29/2022,LAW,OK,ASW,CE,Federal Contract Tower,5,0,5,36,46,0,0,13,2,15,5,0,18,38,61,4,2,6,67
09/30/2022,LAW,OK,ASW,CE,Federal Contract Tower,4,0,4,20,28,0,1,11,2,14,4,1,15,22,42,20,2,22,64
10/01/2022,LAW,OK,ASW,CE,Federal Contract Tower,4,0,1,2,7,0,1,15,0,16,4,1,16,2,23,12,0,12,35
10/02/2022,LAW,OK,ASW,CE,Federal Contract Tower,4,0,7,0,11,0,0,10,0,10,4,0,17,0,21,0,0,0,21
10/03/2022,LAW,OK,ASW,CE,Federal Contract Tower,4,0,2,34,40,0,0,11,2,13,4,0,13,36,53,8,0,8,61
10/04/2022,LAW,OK,ASW,CE,Federal Contract Tower,4,0,3,46,53,0,0,6,0,6,4,0,9,46,59,0,0,0,59
10/05/2022,LAW,OK,ASW,CE,Federal Contract Tower,4,0,3,86,93,0,0,29,2,31,4,0,32,88,124,0,4,4,128
10/06/2022,LAW,OK,ASW,CE,Federal Contract Tower,4,0,1,52,57,0,0,25,0,25,4,0,26,52,82,8,0,8,90
10/07/2022,LAW,OK,ASW,CE,Federal Contract Tower,4,0,6,48,58,0,1,9,0,10,4,1,15,48,68,20,0,20,88
10/08/2022,LAW,OK,ASW,CE,Federal Contract Tower,3,0,3,0,6,0,2,7,0,9,3,2,10,0,15,26,0,26,41
10/09/2022,LAW,OK,ASW,CE,Federal Contract Tower,4,0,5,0,9,0,0,8,0,8,4,0,13,0,17,12,0,12,29
10/10/2022,LAW,OK,ASW,CE,Federal Contract Tower,4,0,5,0,9,0,0,7,0,7,4,0,12,0,16,0,0,0,16
10/11/2022,LAW,OK,ASW,CE,Federal Contract Tower,4,0,10,30,44,0,0,7,0,7,4,0,17,30,51,0,0,0,51
10/12/2022,LAW,OK,ASW,CE,Federal Contract Tower,4,0,3,58,65,0,0,7,0,7,4,0,10,58,72,0,0,0,72
10/13/2022,LAW,OK,ASW,CE,Federal Contract Tower,4,0,8,72,84,0,0,28,0,28,4,0,36,72,112,14,0,14,126
10/14/2022,LAW,OK,ASW,CE,Federal Contract Tower,4,0,3,46,53,0,1,13,0,14,4,1,16,46,67,0,0,0,67
10/15/2022,LAW,OK,ASW,CE,Federal Contract Tower,4,0,1,0,5,0,2,13,0,15,4,2,14,0,20,0,0,0,20
10/16/2022,LAW,OK,ASW,CE,Federal Contract Tower,4,0,7,0,11,0,0,2,0,2,4,0,9,0,13,0,0,0,13
10/17/2022,LAW,OK,ASW,CE,Federal Contract Tower,4,0,0,54,58,0,0,5,2,7,4,0,5,56,65,0,0,0,65
10/18/2022,LAW,OK,ASW,CE,Federal Contract Tower,4,0,2,60,66,0,0,8,4,12,4,0,10,64,78,0,0,0,78
10/19/2022,LAW,OK,ASW,CE,Federal Contract Tower,3,0,2,56,61,0,0,20,0,20,3,0,22,56,81,0,0,0,81
10/20/2022,LAW,OK,ASW,CE,Federal Contract Tower,4,0,2,68,74,0,0,22,4,26,4,0,24,72,100,0,0,0,100
10/21/2022,LAW,OK,ASW,CE,Federal Contract Tower,4,0,5,24,33,0,1,8,0,9,4,1,13,24,42,14,0,14,56
10/22/2022,LAW,OK,ASW,CE,Federal Contract Tower,4,0,2,0,6,0,2,4,0,6,4,2,6,0,12,0,0,0,12
10/23/2022,LAW,OK,ASW,CE,Federal Contract Tower,4,0,5,4,13,0,0,5,2,7,4,0,10,6,20,0,0,0,20
10/24/2022,LAW,OK,ASW,CE,Federal Contract Tower,2,0,2,20,24,0,0,5,0,5,2,0,7,20,29,0,0,0,29
10/25/2022,LAW,OK,ASW,CE,Federal Contract Tower,4,0,5,34,43,0,0,14,0,14,4,0,19,34,57,6,0,6,63
10/26/2022,LAW,OK,ASW,CE,Federal Contract Tower,6,0,2,36,44,0,0,15,2,17,6,0,17,38,61,10,0,10,71
10/27/2022,LAW,OK,ASW,CE,Federal Contract Tower,4,2,7,42,55,0,0,26,2,28,4,2,33,44,83,0,2,2,85
10/28/2022,LAW,OK,ASW,CE,Federal Contract Tower,5,0,4,0,9,0,0,3,0,3,5,0,7,0,12,0,0,0,12
10/29/2022,LAW,OK,ASW,CE,Federal Contract Tower,4,0,6,0,10,0,3,6,2,11,4,3,12,2,21,0,0,0,21
10/30/2022,LAW,OK,ASW,CE,Federal Contract Tower,4,0,6,0,10,0,0,13,0,13,4,0,19,0,23,8,0,8,31
10/31/2022,LAW,OK,ASW,CE,Federal Contract Tower,3,0,5,40,48,0,0,11,4,15,3,0,16,44,63,10,0,10,73
11/01/2022,LAW,OK,ASW,CE,Federal Contract Tower,4,0,2,34,40,0,0,19,0,19,4,0,21,34,59,10,8,18,77
11/02/2022,LAW,OK,ASW,CE,Federal Contract Tower,2,0,5,36,43,0,0,3,0,3,2,0,8,36,46,0,0,0,46
11/03/2022,LAW,OK,ASW,CE,Federal Contract Tower,3,0,12,16,31,0,0,6,0,6,3,0,18,16,37,0,0,0,37
11/04/2022,LAW,OK,ASW,CE,Federal Contract Tower,4,0,1,0,5,0,0,2,0,2,4,0,3,0,7,0,0,0,7
11/05/2022,LAW,OK,ASW,CE,Federal Contract Tower,4,0,0,0,4,0,2,9,0,11,4,2,9,0,15,0,0,0,15
11/07/2022,LAW,OK,ASW,CE,Federal Contract Tower,4,0,48,0,52,0,0,0,4,4,4,0,48,4,56,0,0,0,56
11/08/2022,LAW,OK,ASW,CE,Federal Contract Tower,4,0,4,40,48,0,0,7,0,7,4,0,11,40,55,0,0,0,55
11/09/2022,LAW,OK,ASW,CE,Federal Contract Tower,4,0,3,40,47,0,0,19,2,21,4,0,22,42,68,16,0,16,84
11/10/2022,LAW,OK,ASW,CE,Federal Contract Tower,3,0,5,42,50,0,0,8,0,8,3,0,13,42,58,2,0,2,60
11/11/2022,LAW,OK,ASW,CE,Federal Contract Tower,4,0,0,0,4,0,0,3,0,3,4,0,3,0,7,0,0,0,7
11/12/2022,LAW,OK,ASW,CE,Federal Contract Tower,4,0,11,0,15,0,2,29,0,31,4,2,40,0,46,0,0,0,46
11/13/2022,LAW,OK,ASW,CE,Federal Contract Tower,4,0,0,2,6,0,0,3,0,3,4,0,3,2,9,18,0,18,27
11/14/2022,LAW,OK,ASW,CE,Federal Contract Tower,4,0,0,0,4,0,0,0,0,0,4,0,0,0,4,0,0,0,4
11/15/2022,LAW,OK,ASW,CE,Federal Contract Tower,2,0,2,48,52,0,0,16,0,16,2,0,18,48,68,0,2,2,70
11/16/2022,LAW,OK,ASW,CE,Federal Contract Tower,4,0,4,60,68,0,0,35,0,35,4,0,39,60,103,4,0,4,107
11/17/2022,LAW,OK,ASW,CE,Federal Contract Tower,4,0,7,70,81,0,0,11,0,11,4,0,18,70,92,0,0,0,92
11/18/2022,LAW,OK,ASW,CE,Federal Contract Tower,2,2,3,18,25,0,0,8,0,8,2,2,11,18,33,0,0,0,33
11/19/2022,LAW,OK,ASW,CE,Federal Contract Tower,4,0,0,0,4,0,1,5,0,6,4,1,5,0,10,0,0,0,10
11/20/2022,LAW,OK,ASW,CE,Federal Contract Tower,4,0,2,0,6,0,0,2,0,2,4,0,4,0,8,0,0,0,8
11/21/2022,LAW,OK,ASW,CE,Federal Contract Tower,4,0,1,38,43,0,0,6,0,6,4,0,7,38,49,12,0,12,61
11/22/2022,LAW,OK,ASW,CE,Federal Contract Tower,4,0,5,46,55,0,0,11,0,11,4,0,16,46,66,0,0,0,66
11/23/2022,LAW,OK,ASW,CE,Federal Contract Tower,4,0,0,42,46,0,0,0,0,0,4,0,0,42,46,0,0,0,46
11/24/2022,LAW,OK,ASW,CE,Federal Contract Tower,3,0,6,0,9,0,0,0,0,0,3,0,6,0,9,0,0,0,9
11/25/2022,LAW,OK,ASW,CE,Federal Contract Tower,4,1,4,0,9,0,7,5,0,12,4,8,9,0,21,0,0,0,21
11/26/2022,LAW,OK,ASW,CE,Federal Contract Tower,5,0,6,0,11,0,0,0,0,0,5,0,6,0,11,0,0,0,11
11/27/2022,LAW,OK,ASW,CE,Federal Contract Tower,4,0,4,2,10,0,0,5,0,5,4,0,9,2,15,2,0,2,17
11/28/2022,LAW,OK,ASW,CE,Federal Contract Tower,4,0,7,50,61,0,0,9,6,15,4,0,16,56,76,0,0,0,76
11/29/2022,LAW,OK,ASW,CE,Federal Contract Tower,2,0,9,54,65,0,0,13,12,25,2,0,22,66,90,0,0,0,90
11/30/2022,LAW,OK,ASW,CE,Federal Contract Tower,5,0,4,56,65,0,0,14,0,14,5,0,18,56,79,0,0,0,79
12/01/2022,LAW,OK,ASW,CE,Federal Contract Tower,4,0,5,76,85,0,0,7,0,7,4,0,12,76,92,0,0,0,92
12/02/2022,LAW,OK,ASW,CE,Federal Contract Tower,2,0,4,24,30,0,1,2,0,3,2,1,6,24,33,4,0,4,37
12/03/2022,LAW,OK,ASW,CE,Federal Contract Tower,4,0,2,0,6,0,0,14,0,14,4,0,16,0,20,6,0,6,26
12/04/2022,LAW,OK,ASW,CE,Federal Contract Tower,4,0,7,0,11,0,0,8,0,8,4,0,15,0,19,0,0,0,19
12/05/2022,LAW,OK,ASW,CE,Federal Contract Tower,4,0,1,4,9,0,0,13,0,13,4,0,14,4,22,0,0,0,22
12/06/2022,LAW,OK,ASW,CE,Federal Contract Tower,4,0,12,45,61,0,0,8,1,9,4,0,20,46,70,0,4,4,74
12/07/2022,LAW,OK,ASW,CE,Federal Contract Tower,4,0,7,96,107,0,0,0,0,0,4,0,7,96,107,0,0,0,107
12/08/2022,LAW,OK,ASW,CE,Federal Contract Tower,3,0,4,24,31,0,0,4,0,4,3,0,8,24,35,0,0,0,35
12/09/2022,LAW,OK,ASW,CE,Federal Contract Tower,4,4,9,38,55,0,2,21,4,27,4,6,30,42,82,0,2,2,84
12/10/2022,LAW,OK,ASW,CE,Federal Contract Tower,2,0,13,0,15,0,0,4,0,4,2,0,17,0,19,0,0,0,19
12/11/2022,LAW,OK,ASW,CE,Federal Contract Tower,4,0,9,2,15,0,0,0,0,0,4,0,9,2,15,0,0,0,15
12/12/2022,LAW,OK,ASW,CE,Federal Contract Tower,3,0,3,2,8,0,0,0,0,0,3,0,3,2,8,0,0,0,8
12/13/2022,LAW,OK,ASW,CE,Federal Contract Tower,3,0,1,80,84,0,0,9,0,9,3,0,10,80,93,6,0,6,99
12/14/2022,LAW,OK,ASW,CE,Federal Contract Tower,4,1,4,66,75,0,0,22,0,22,4,1,26,66,97,12,0,12,109
12/15/2022,LAW,OK,ASW,CE,Federal Contract Tower,5,0,68,0,73,0,0,8,0,8,5,0,76,0,81,0,0,0,81
12/16/2022,LAW,OK,ASW,CE,Federal Contract Tower,6,2,8,84,100,0,1,8,0,9,6,3,16,84,109,6,26,32,141
12/17/2022,LAW,OK,ASW,CE,Federal Contract Tower,5,0,0,0,5,0,1,16,0,17,5,1,16,0,22,4,0,4,26
12/18/2022,LAW,OK,ASW,CE,Federal Contract Tower,4,0,3,0,7,0,0,10,0,10,4,0,13,0,17,14,0,14,31
12/19/2022,LAW,OK,ASW,CE,Federal Contract Tower,4,0,3,96,103,0,0,12,1,13,4,0,15,97,116,0,0,0,116
12/20/2022,LAW,OK,ASW,CE,Federal Contract Tower,4,0,5,65,74,0,0,1,0,1,4,0,6,65,75,0,0,0,75
12/21/2022,LAW,OK,ASW,CE,Federal Contract Tower,4,0,0,50,54,0,0,1,0,1,4,0,1,50,55,0,0,0,55
12/22/2022,LAW,OK,ASW,CE,Federal Contract Tower,0,0,2,2,4,0,0,0,0,0,0,0,2,2,4,0,0,0,4
12/23/2022,LAW,OK,ASW,CE,Federal Contract Tower,1,0,0,2,3,0,0,4,0,4,1,0,4,2,7,0,0,0,7
12/24/2022,LAW,OK,ASW,CE,Federal Contract Tower,2,0,1,0,3,0,0,13,0,13,2,0,14,0,16,0,0,0,16
12/25/2022,LAW,OK,ASW,CE,Federal Contract Tower,2,0,1,0,3,0,0,14,0,14,2,0,15,0,17,4,0,4,21
12/26/2022,LAW,OK,ASW,CE,Federal Contract Tower,4,0,9,0,13,0,0,5,0,5,4,0,14,0,18,7,0,7,25
12/27/2022,LAW,OK,ASW,CE,Federal Contract Tower,6,0,7,0,13,0,0,19,0,19,6,0,26,0,32,6,0,6,38
12/28/2022,LAW,OK,ASW,CE,Federal Contract Tower,4,0,1,0,5,0,0,8,0,8,4,0,9,0,13,6,0,6,19
12/29/2022,LAW,OK,ASW,CE,Federal Contract Tower,4,0,6,0,10,0,0,17,0,17,4,0,23,0,27,16,0,16,43
12/30/2022,LAW,OK,ASW,CE,Federal Contract Tower,4,4,5,0,13,0,1,19,0,20,4,5,24,0,33,18,0,18,51
12/31/2022,LAW,OK,ASW,CE,Federal Contract Tower,3,3,3,0,9,0,10,21,0,31,3,13,24,0,40,2,0,2,42
01/01/2023,LAW,OK,ASW,CE,Federal Contract Tower,3,0,1,0,4,0,0,6,0,6,3,0,7,0,10,0,0,0,10
01/02/2023,LAW,OK,ASW,CE,Federal Contract Tower,3,0,5,4,12,0,0,1,0,1,3,0,6,4,13,2,0,2,15
01/03/2023,LAW,OK,ASW,CE,Federal Contract Tower,4,0,1,98,103,0,0,13,0,13,4,0,14,98,116,12,0,12,128
01/04/2023,LAW,OK,ASW,CE,Federal Contract Tower,4,0,2,90,96,0,0,18,0,18,4,0,20,90,114,14,0,14,128
01/05/2023,LAW,OK,ASW,CE,Federal Contract Tower,4,0,2,104,110,0,0,9,0,9,4,0,11,104,119,0,6,6,125
01/06/2023,LAW,OK,ASW,CE,Federal Contract Tower,4,0,3,76,83,0,1,13,0,14,4,1,16,76,97,6,0,6,103
01/07/2023,LAW,OK,ASW,CE,Federal Contract Tower,4,0,3,0,7,0,0,12,0,12,4,0,15,0,19,22,0,22,41
01/08/2023,LAW,OK,ASW,CE,Federal Contract Tower,4,0,0,0,4,0,0,7,0,7,4,0,7,0,11,4,0,4,15
01/09/2023,LAW,OK,ASW,CE,Federal Contract Tower,4,0,1,68,73,0,0,15,0,15,4,0,16,68,88,0,0,0,88
01/10/2023,LAW,OK,ASW,CE,Federal Contract Tower,6,0,1,62,69,0,0,9,0,9,6,0,10,62,78,0,12,12,90
01/11/2023,LAW,OK,ASW,CE,Federal Contract Tower,7,2,0,59,68,0,0,6,0,6,7,2,6,59,74,0,0,0,74
01/12/2023,LAW,OK,ASW,CE,Federal Contract Tower,6,0,5,63,74,0,0,10,0,10,6,0,15,63,84,6,0,6,90
01/13/2023,LAW,OK,ASW,CE,Federal Contract Tower,6,0,5,44,55,0,2,18,4,24,6,2,23,48,79,4,0,4,83
01/14/2023,LAW,OK,ASW,CE,Federal Contract Tower,5,0,0,0,5,0,1,10,0,11,5,1,10,0,16,0,0,0,16
01/15/2023,LAW,OK,ASW,CE,Federal Contract Tower,6,0,5,0,11,0,0,7,0,7,6,0,12,0,18,0,0,0,18
01/16/2023,LAW,OK,ASW,CE,Federal Contract Tower,6,0,3,0,9,0,0,14,0,14,6,0,17,0,23,4,0,4,27
01/17/2023,LAW,OK,ASW,CE,Federal Contract Tower,6,0,4,108,118,0,0,21,0,21,6,0,25,108,139,0,4,4,143
01/18/2023,LAW,OK,ASW,CE,Federal Contract Tower,6,0,2,22,30,0,0,9,0,9,6,0,11,22,39,0,0,0,39
01/19/2023,LAW,OK,ASW,CE,Federal Contract Tower,6,0,1,116,123,0,0,12,0,12,6,0,13,116,135,0,14,14,149
01/20/2023,LAW,OK,ASW,CE,Federal Contract Tower,5,0,2,64,71,0,3,9,0,12,5,3,11,64,83,0,0,0,83
01/21/2023,LAW,OK,ASW,CE,Federal Contract Tower,6,0,1,0,7,0,2,4,0,6,6,2,5,0,13,0,0,0,13
01/22/2023,LAW,OK,ASW,CE,Federal Contract Tower,6,0,4,11,21,0,0,15,2,17,6,0,19,13,38,0,8,8,46
01/23/2023,LAW,OK,ASW,CE,Federal Contract Tower,6,0,6,80,92,0,0,9,0,9,6,0,15,80,101,0,0,0,101
01/24/2023,LAW,OK,ASW,CE,Federal Contract Tower,0,0,1,0,1,0,0,0,0,0,0,0,1,0,1,0,0,0,1
01/25/2023,LAW,OK,ASW,CE,Federal Contract Tower,6,0,0,74,80,0,0,12,0,12,6,0,12,74,92,0,0,0,92
01/26/2023,LAW,OK,ASW,CE,Federal Contract Tower,6,0,5,96,107,0,0,13,0,13,6,0,18,96,120,4,0,4,124
01/27/2023,LAW,OK,ASW,CE,Federal Contract Tower,6,0,0,50,56,0,2,7,0,9,6,2,7,50,65,0,0,0,65
01/28/2023,LAW,OK,ASW,CE,Federal Contract Tower,6,0,0,0,6,0,3,9,0,12,6,3,9,0,18,0,0,0,18
01/29/2023,LAW,OK,ASW,CE,Federal Contract Tower,6,0,0,2,8,0,0,0,0,0,6,0,0,2,8,0,0,0,8
01/30/2023,LAW,OK,ASW,CE,Federal Contract Tower,2,0,1,0,3,0,0,1,0,1,2,0,2,0,4,0,0,0,4
01/31/2023,LAW,OK,ASW,CE,Federal Contract Tower,0,0,0,0,0,0,0,4,0,4,0,0,4,0,4,0,0,0,4
02/01/2023,LAW,OK,ASW,CE,Federal Contract Tower,3,0,0,0,3,0,0,5,0,5,3,0,5,0,8,0,0,0,8
02/02/2023,LAW,OK,ASW,CE,Federal Contract Tower,0,0,1,48,49,0,0,4,0,4,0,0,5,48,53,0,0,0,53
02/03/2023,LAW,OK,ASW,CE,Federal Contract Tower,8,0,2,86,96,0,0,13,1,14,8,0,15,87,110,0,2,2,112
02/04/2023,LAW,OK,ASW,CE,Federal Contract Tower,7,0,7,0,14,0,2,7,2,11,7,2,14,2,25,26,0,26,51
02/05/2023,LAW,OK,ASW,CE,Federal Contract Tower,8,0,17,2,27,0,0,19,0,19,8,0,36,2,46,10,0,10,56
02/06/2023,LAW,OK,ASW,CE,Federal Contract Tower,6,0,90,0,96,0,0,4,0,4,6,0,94,0,100,0,0,0,100
02/07/2023,LAW,OK,ASW,CE,Federal Contract Tower,6,0,10,0,16,0,0,0,2,2,6,0,10,2,18,2,6,8,26
02/08/2023,LAW,OK,ASW,CE,Federal Contract Tower,6,0,4,30,40,0,0,3,1,4,6,0,7,31,44,0,0,0,44
02/10/2023,LAW,OK,ASW,CE,Federal Contract Tower,6,0,7,84,97,0,0,8,0,8,6,0,15,84,105,0,0,0,105
02/11/2023,LAW,OK,ASW,CE,Federal Contract Tower,6,0,0,0,6,0,2,17,3,22,6,2,17,3,28,30,0,30,58
02/12/2023,LAW,OK,ASW,CE,Federal Contract Tower,6,0,1,2,9,0,0,16,0,16,6,0,17,2,25,20,0,20,45
02/13/2023,LAW,OK,ASW,CE,Federal Contract Tower,4,0,10,101,115,0,0,8,4,12,4,0,18,105,127,22,12,34,161
02/14/2023,LAW,OK,ASW,CE,Federal Contract Tower,6,0,1,0,7,0,0,0,0,0,6,0,1,0,7,0,0,0,7
02/15/2023,LAW,OK,ASW,CE,Federal Contract Tower,6,0,21,86,113,0,0,7,0,7,6,0,28,86,120,0,0,0,120
02/16/2023,LAW,OK,ASW,CE,Federal Contract Tower,6,0,1,65,72,0,0,7,0,7,6,0,8,65,79,0,0,0,79
02/17/2023,LAW,OK,ASW,CE,Federal Contract Tower,6,0,2,30,38,0,0,14,2,16,6,0,16,32,54,10,0,10,64
02/18/2023,LAW,OK,ASW,CE,Federal Contract Tower,5,0,0,0,5,0,5,13,0,18,5,5,13,0,23,26,0,26,49
02/19/2023,LAW,OK,ASW,CE,Federal Contract Tower,6,0,22,0,28,0,0,21,0,21,6,0,43,0,49,6,0,6,55
02/20/2023,LAW,OK,ASW,CE,Federal Contract Tower,6,0,3,2,11,0,0,9,0,9,6,0,12,2,20,20,0,20,40
02/21/2023,LAW,OK,ASW,CE,Federal Contract Tower,6,0,1,1,8,0,0,9,0,9,6,0,10,1,17,0,0,0,17
02/22/2023,LAW,OK,ASW,CE,Federal Contract Tower,7,0,4,0,11,0,0,3,0,3,7,0,7,0,14,0,0,0,14
02/23/2023,LAW,OK,ASW,CE,Federal Contract Tower,8,0,2,8,18,0,0,11,0,11,8,0,13,8,29,0,12,12,41
02/24/2023,LAW,OK,ASW,CE,Federal Contract Tower,6,2,1,44,53,0,0,0,0,0,6,2,1,44,53,0,0,0,53
02/25/2023,LAW,OK,ASW,CE,Federal Contract Tower,8,0,13,0,21,0,0,3,0,3,8,0,16,0,24,8,0,8,32
02/26/2023,LAW,OK,ASW,CE,Federal Contract Tower,6,0,3,0,9,0,0,0,0,0,6,0,3,0,9,0,0,0,9
02/27/2023,LAW,OK,ASW,CE,Federal Contract Tower,6,0,7,38,51,0,0,15,0,15,6,0,22,38,66,22,0,22,88
02/28/2023,LAW,OK,ASW,CE,Federal Contract Tower,6,0,1,72,79,0,0,23,0,23,6,0,24,72,102,0,0,0,102
03/01/2023,LAW,OK,ASW,CE,Federal Contract Tower,4,0,2,54,60,0,0,21,0,21,4,0,23,54,81,10,0,10,91
03/02/2023,LAW,OK,ASW,CE,Federal Contract Tower,2,0,6,26,34,0,0,0,0,0,2,0,6,26,34,0,0,0,34
03/03/2023,LAW,OK,ASW,CE,Federal Contract Tower,4,0,8,30,42,0,2,25,0,27,4,2,33,30,69,14,4,18,87
03/04/2023,LAW,OK,ASW,CE,Federal Contract Tower,4,0,4,2,10,0,1,13,0,14,4,1,17,2,24,0,0,0,24
03/05/2023,LAW,OK,ASW,CE,Federal Contract Tower,4,0,0,0,4,0,0,4,0,4,4,0,4,0,8,0,0,0,8
03/06/2023,LAW,OK,ASW,CE,Federal Contract Tower,4,0,4,58,66,0,0,14,0,14,4,0,18,58,80,10,0,10,90
03/07/2023,LAW,OK,ASW,CE,Federal Contract Tower,4,0,4,76,84,0,0,4,0,4,4,0,8,76,88,16,0,16,104
03/08/2023,LAW,OK,ASW,CE,Federal Contract Tower,4,0,2,34,40,0,0,6,0,6,4,0,8,34,46,0,0,0,46
03/09/2023,LAW,OK,ASW,CE,Federal Contract Tower,4,0,14,43,61,0,0,1,0,1,4,0,15,43,62,0,6,6,68
03/10/2023,LAW,OK,ASW,CE,Federal Contract Tower,4,0,3,61,68,0,0,11,8,19,4,0,14,69,87,0,2,2,89
03/11/2023,LAW,OK,ASW,CE,Federal Contract Tower,4,0,0,0,4,0,0,4,7,11,4,0,4,7,15,6,0,6,21
03/12/2023,LAW,OK,ASW,CE,Federal Contract Tower,4,0,4,0,8,0,0,14,10,24,4,0,18,10,32,18,12,30,62
03/13/2023,LAW,OK,ASW,CE,Federal Contract Tower,3,0,8,78,89,0,0,8,8,16,3,0,16,86,105,0,0,0,105
03/14/2023,LAW,OK,ASW,CE,Federal Contract Tower,2,0,1,102,105,0,0,13,6,19,2,0,14,108,124,8,0,8,132
03/15/2023,LAW,OK,ASW,CE,Federal Contract Tower,4,0,1,72,77,0,0,0,7,7,4,0,1,79,84,0,0,0,84
03/16/2023,LAW,OK,ASW,CE,Federal Contract Tower,2,0,3,2,7,0,0,2,1,3,2,0,5,3,10,8,0,8,18
03/17/2023,LAW,OK,ASW,CE,Federal Contract Tower,2,0,3,28,33,0,2,7,4,13,2,2,10,32,46,0,12,12,58
03/18/2023,LAW,OK,ASW,CE,Federal Contract Tower,5,0,2,0,7,0,3,16,0,19,5,3,18,0,26,4,0,4,30
03/19/2023,LAW,OK,ASW,CE,Federal Contract Tower,4,0,11,7,22,0,0,12,7,19,4,0,23,14,41,20,0,20,61
03/20/2023,LAW,OK,ASW,CE,Federal Contract Tower,4,0,7,75,86,0,0,1,5,6,4,0,8,80,92,0,10,10,102
03/21/2023,LAW,OK,ASW,CE,Federal Contract Tower,8,0,9,93,110,0,0,8,2,10,8,0,17,95,120,0,0,0,120
03/22/2023,LAW,OK,ASW,CE,Federal Contract Tower,4,0,0,93,97,0,0,7,10,17,4,0,7,103,114,0,0,0,114
03/23/2023,LAW,OK,ASW,CE,Federal Contract Tower,4,0,7,69,80,0,0,2,0,2,4,0,9,69,82,0,0,0,82
03/24/2023,LAW,OK,ASW,CE,Federal Contract Tower,4,0,1,38,43,0,0,6,0,6,4,0,7,38,49,10,0,10,59
03/25/2023,LAW,OK,ASW,CE,Federal Contract Tower,4,0,5,0,9,0,1,8,0,9,4,1,13,0,18,0,0,0,18
03/26/2023,LAW,OK,ASW,CE,Federal Contract Tower,2,0,0,0,2,0,0,15,0,15,2,0,15,0,17,18,0,18,35
03/27/2023,LAW,OK,ASW,CE,Federal Contract Tower,3,0,9,62,74,0,0,12,2,14,3,0,21,64,88,4,0,4,92
03/28/2023,LAW,OK,ASW,CE,Federal Contract Tower,4,0,5,44,53,0,0,23,0,23,4,0,28,44,76,12,0,12,88
03/29/2023,LAW,OK,ASW,CE,Federal Contract Tower,5,0,2,58,65,0,0,9,0,9,5,0,11,58,74,6,0,6,80
03/30/2023,LAW,OK,ASW,CE,Federal Contract Tower,4,0,8,78,90,0,0,8,0,8,4,0,16,78,98,0,12,12,110
03/31/2023,LAW,OK,ASW,CE,Federal Contract Tower,3,1,0,10,14,0,0,0,0,0,3,1,0,10,14,2,0,2,16
04/01/2023,LAW,OK,ASW,CE,Federal Contract Tower,4,1,9,0,14,0,3,19,0,22,4,4,28,0,36,8,0,8,44
04/02/2023,LAW,OK,ASW,CE,Federal Contract Tower,3,0,3,0,6,0,0,5,0,5,3,0,8,0,11,10,0,10,21
04/03/2023,LAW,OK,ASW,CE,Federal Contract Tower,4,0,1,64,69,0,0,4,2,6,4,0,5,66,75,0,0,0,75
04/04/2023,LAW,OK,ASW,CE,Federal Contract Tower,5,0,11,52,68,0,0,10,0,10,5,0,21,52,78,0,0,0,78
04/05/2023,LAW,OK,ASW,CE,Federal Contract Tower,4,0,1,50,55,0,0,2,0,2,4,0,3,50,57,20,0,20,77
04/06/2023,LAW,OK,ASW,CE,Federal Contract Tower,4,0,5,38,47,0,0,11,2,13,4,0,16,40,60,0,0,0,60
04/07/2023,LAW,OK,ASW,CE,Federal Contract Tower,4,0,5,24,33,0,3,17,2,22,4,3,22,26,55,0,0,0,55
04/08/2023,LAW,OK,ASW,CE,Federal Contract Tower,4,0,1,0,5,0,4,20,0,24,4,4,21,0,29,16,0,16,45
04/09/2023,LAW,OK,ASW,CE,Federal Contract Tower,3,0,0,0,3,0,0,11,0,11,3,0,11,0,14,20,0,20,34
04/10/2023,LAW,OK,ASW,CE,Federal Contract Tower,2,0,1,24,27,0,0,0,0,0,2,0,1,24,27,2,0,2,29
04/11/2023,LAW,OK,ASW,CE,Federal Contract Tower,4,0,1,32,37,0,0,17,2,19,4,0,18,34,56,0,0,0,56
04/12/2023,LAW,OK,ASW,CE,Federal Contract Tower,4,0,1,36,41,0,0,10,3,13,4,0,11,39,54,18,0,18,72
04/13/2023,LAW,OK,ASW,CE,Federal Contract Tower,4,0,2,52,58,0,2,30,0,32,4,2,32,52,90,6,0,6,96
04/14/2023,LAW,OK,ASW,CE,Federal Contract Tower,4,0,4,30,38,0,0,25,0,25,4,0,29,30,63,8,4,12,75
04/16/2023,LAW,OK,ASW,CE,Federal Contract Tower,4,0,11,0,15,0,0,16,0,16,4,0,27,0,31,16,0,16,47
04/17/2023,LAW,OK,ASW,CE,Federal Contract Tower,4,0,2,51,57,0,0,19,0,19,4,0,21,51,76,6,0,6,82
04/18/2023,LAW,OK,ASW,CE,Federal Contract Tower,4,0,1,42,47,0,2,9,0,11,4,2,10,42,58,0,0,0,58
04/19/2023,LAW,OK,ASW,CE,Federal Contract Tower,4,0,10,48,62,0,1,9,0,10,4,1,19,48,72,0,0,0,72
04/20/2023,LAW,OK,ASW,CE,Federal Contract Tower,4,0,9,40,53,0,0,7,0,7,4,0,16,40,60,0,0,0,60
04/21/2023,LAW,OK,ASW,CE,Federal Contract Tower,4,0,3,64,71,0,2,21,0,23,4,2,24,64,94,12,0,12,106
04/22/2023,LAW,OK,ASW,CE,Federal Contract Tower,4,0,3,0,7,0,5,10,2,17,4,5,13,2,24,0,0,0,24
04/23/2023,LAW,OK,ASW,CE,Federal Contract Tower,4,0,2,0,6,0,0,0,6,6,4,0,2,6,12,0,0,0,12
04/24/2023,LAW,OK,ASW,CE,Federal Contract Tower,4,0,5,52,61,0,0,3,0,3,4,0,8,52,64,0,0,0,64
04/25/2023,LAW,OK,ASW,CE,Federal Contract Tower,4,0,0,56,60,0,0,2,0,2,4,0,2,56,62,0,0,0,62
04/26/2023,LAW,OK,ASW,CE,Federal Contract Tower,4,0,2,6,12,0,0,0,0,0,4,0,2,6,12,0,0,0,12
04/27/2023,LAW,OK,ASW,CE,Federal Contract Tower,4,0,3,44,51,0,0,8,2,10,4,0,11,46,61,0,2,2,63
04/28/2023,LAW,OK,ASW,CE,Federal Contract Tower,2,0,1,70,73,0,0,0,2,2,2,0,1,72,75,0,14,14,89
04/29/2023,LAW,OK,ASW,CE,Federal Contract Tower,7,0,1,0,8,0,2,4,0,6,7,2,5,0,14,12,0,12,26
04/30/2023,LAW,OK,ASW,CE,Federal Contract Tower,4,0,5,0,9,0,0,13,0,13,4,0,18,0,22,8,0,8,30
05/01/2023,LAW,OK,ASW,CE,Federal Contract Tower,4,0,3,36,43,0,0,9,1,10,4,0,12,37,53,0,4,4,57
05/02/2023,LAW,OK,ASW,CE,Federal Contract Tower,4,0,1,7,12,0,2,35,0,37,4,2,36,7,49,3,0,3,52
05/03/2023,LAW,OK,ASW,CE,Federal Contract Tower,4,0,0,16,20,0,3,10,0,13,4,3,10,16,33,0,0,0,33
05/04/2023,LAW,OK,ASW,CE,Federal Contract Tower,3,0,5,8,16,0,0,2,0,2,3,0,7,8,18,6,0,6,24
05/05/2023,LAW,OK,ASW,CE,Federal Contract Tower,2,0,13,26,41,0,3,18,0,21,2,3,31,26,62,2,0,2,64
05/06/2023,LAW,OK,ASW,CE,Federal Contract Tower,5,0,6,0,11,0,9,9,0,18,5,9,15,0,29,12,0,12,41
05/07/2023,LAW,OK,ASW,CE,Federal Contract Tower,4,0,4,0,8,0,0,6,0,6,4,0,10,0,14,0,0,0,14
05/08/2023,LAW,OK,ASW,CE,Federal Contract Tower,4,0,2,40,46,0,0,13,3,16,4,0,15,43,62,0,0,0,62
05/09/2023,LAW,OK,ASW,CE,Federal Contract Tower,4,0,2,22,28,0,2,8,0,10,4,2,10,22,38,8,0,8,46
05/10/2023,LAW,OK,ASW,CE,Federal Contract Tower,4,0,3,38,45,0,0,5,0,5,4,0,8,38,50,10,0,10,60
05/11/2023,LAW,OK,ASW,CE,Federal Contract Tower,3,0,2,10,15,0,1,6,0,7,3,1,8,10,22,0,0,0,22
05/12/2023,LAW,OK,ASW,CE,Federal Contract Tower,4,0,3,32,39,0,4,0,0,4,4,4,3,32,43,0,0,0,43
05/13/2023,LAW,OK,ASW,CE,Federal Contract Tower,4,0,3,0,7,0,4,1,0,5,4,4,4,0,12,0,0,0,12
05/14/2023,LAW,OK,ASW,CE,Federal Contract Tower,4,0,0,0,4,0,0,2,0,2,4,0,2,0,6,0,0,0,6
05/15/2023,LAW,OK,ASW,CE,Federal Contract Tower,5,0,3,34,42,0,0,3,0,3,5,0,6,34,45,0,0,0,45
05/16/2023,LAW,OK,ASW,CE,Federal Contract Tower,4,0,3,56,63,0,0,17,0,17,4,0,20,56,80,12,0,12,92
05/17/2023,LAW,OK,ASW,CE,Federal Contract Tower,4,0,5,52,61,0,3,15,0,18,4,3,20,52,79,12,0,12,91
05/18/2023,LAW,OK,ASW,CE,Federal Contract Tower,4,0,0,68,72,0,4,10,0,14,4,4,10,68,86,0,0,0,86
05/19/2023,LAW,OK,ASW,CE,Federal Contract Tower,6,0,1,46,53,0,7,0,0,7,6,7,1,46,60,0,0,0,60
05/20/2023,LAW,OK,ASW,CE,Federal Contract Tower,4,0,0,0,4,0,6,12,0,18,4,6,12,0,22,10,0,10,32
05/21/2023,LAW,OK,ASW,CE,Federal Contract Tower,4,0,4,0,8,0,0,10,0,10,4,0,14,0,18,14,0,14,32
05/22/2023,LAW,OK,ASW,CE,Federal Contract Tower,4,0,1,36,41,0,0,10,0,10,4,0,11,36,51,8,0,8,59
05/23/2023,LAW,OK,ASW,CE,Federal Contract Tower,4,0,0,38,42,0,0,8,0,8,4,0,8,38,50,0,0,0,50
05/24/2023,LAW,OK,ASW,CE,Federal Contract Tower,4,0,0,48,52,0,0,6,0,6,4,0,6,48,58,6,0,6,64
05/25/2023,LAW,OK,ASW,CE,Federal Contract Tower,4,0,1,24,29,0,0,11,0,11,4,0,12,24,40,0,0,0,40
05/26/2023,LAW,OK,ASW,CE,Federal Contract Tower,4,0,3,0,7,0,7,2,0,9,4,7,5,0,16,0,0,0,16
05/27/2023,LAW,OK,ASW,CE,Federal Contract Tower,3,0,5,0,8,0,2,11,0,13,3,2,16,0,21,2,0,2,23
05/28/2023,LAW,OK,ASW,CE,Federal Contract Tower,3,0,0,0,3,0,0,1,0,1,3,0,1,0,4,0,0,0,4
05/29/2023,LAW,OK,ASW,CE,Federal Contract Tower,3,0,5,0,8,0,0,8,0,8,3,0,13,0,16,0,0,0,16
05/30/2023,LAW,OK,ASW,CE,Federal Contract Tower,2,0,4,28,34,0,4,10,0,14,2,4,14,28,48,0,0,0,48
05/31/2023,LAW,OK,ASW,CE,Federal Contract Tower,5,0,2,64,71,0,6,18,0,24,5,6,20,64,95,0,0,0,95
06/01/2023,LAW,OK,ASW,CE,Federal Contract Tower,4,0,1,62,67,0,2,9,0,11,4,2,10,62,78,0,0,0,78
06/02/2023,LAW,OK,ASW,CE,Federal Contract Tower,6,0,2,68,76,0,9,5,0,14,6,9,7,68,90,0,6,6,96
06/03/2023,LAW,OK,ASW,CE,Federal Contract Tower,4,0,0,0,4,0,4,0,0,4,4,4,0,0,8,0,0,0,8
06/04/2023,LAW,OK,ASW,CE,Federal Contract Tower,4,0,0,0,4,0,0,11,0,11,4,0,11,0,15,28,0,28,43
06/05/2023,LAW,OK,ASW,CE,Federal Contract Tower,4,0,0,24,28,0,0,3,0,3,4,0,3,24,31,0,0,0,31
06/06/2023,LAW,OK,ASW,CE,Federal Contract Tower,4,0,3,38,45,0,0,6,0,6,4,0,9,38,51,0,0,0,51
06/07/2023,LAW,OK,ASW,CE,Federal Contract Tower,4,0,0,30,34,0,1,8,0,9,4,1,8,30,43,0,0,0,43
06/08/2023,LAW,OK,ASW,CE,Federal Contract Tower,4,0,3,32,39,0,0,9,0,9,4,0,12,32,48,0,0,0,48
06/09/2023,LAW,OK,ASW,CE,Federal Contract Tower,4,0,1,52,57,0,0,3,2,5,4,0,4,54,62,0,2,2,64
06/10/2023,LAW,OK,ASW,CE,Federal Contract Tower,3,0,3,0,6,0,7,5,0,12,3,7,8,0,18,0,0,0,18
06/11/2023,LAW,OK,ASW,CE,Federal Contract Tower,4,0,3,2,9,0,0,7,0,7,4,0,10,2,16,0,0,0,16
06/12/2023,LAW,OK,ASW,CE,Federal Contract Tower,2,0,2,24,28,0,0,6,2,8,2,0,8,26,36,6,0,6,42
06/13/2023,LAW,OK,ASW,CE,Federal Contract Tower,2,0,9,110,121,0,0,3,2,5,2,0,12,112,126,0,8,8,134
06/14/2023,LAW,OK,ASW,CE,Federal Contract Tower,4,0,5,53,62,0,0,2,1,3,4,0,7,54,65,0,0,0,65
06/15/2023,LAW,OK,ASW,CE,Federal Contract Tower,3,0,0,38,41,0,0,15,0,15,3,0,15,38,56,0,8,8,64
06/16/2023,LAW,OK,ASW,CE,Federal Contract Tower,2,0,4,38,44,0,0,11,0,11,2,0,15,38,55,0,0,0,55
06/17/2023,LAW,OK,ASW,CE,Federal Contract Tower,4,0,1,0,5,0,11,6,0,17,4,11,7,0,22,0,0,0,22
06/18/2023,LAW,OK,ASW,CE,Federal Contract Tower,4,0,4,0,8,0,0,3,0,3,4,0,7,0,11,0,0,0,11
06/19/2023,LAW,OK,ASW,CE,Federal Contract Tower,4,0,8,0,12,0,0,6,0,6,4,0,14,0,18,0,0,0,18
06/20/2023,LAW,OK,ASW,CE,Federal Contract Tower,4,0,5,44,53,0,0,13,0,13,4,0,18,44,66,0,0,0,66
06/21/2023,LAW,OK,ASW,CE,Federal Contract Tower,3,0,1,64,68,0,0,2,0,2,3,0,3,64,70,0,0,0,70
06/22/2023,LAW,OK,ASW,CE,Federal Contract Tower,4,0,3,92,99,0,1,18,0,19,4,1,21,92,118,6,0,6,124
06/23/2023,LAW,OK,ASW,CE,Federal Contract Tower,5,0,2,21,28,0,3,1,2,6,5,3,3,23,34,0,0,0,34
06/24/2023,LAW,OK,ASW,CE,Federal Contract Tower,7,0,6,0,13,0,2,11,0,13,7,2,17,0,26,24,0,24,50
06/25/2023,LAW,OK,ASW,CE,Federal Contract Tower,2,0,1,0,3,0,0,10,0,10,2,0,11,0,13,4,0,4,17
06/26/2023,LAW,OK,ASW,CE,Federal Contract Tower,4,0,3,82,89,0,0,6,0,6,4,0,9,82,95,4,0,4,99
06/27/2023,LAW,OK,ASW,CE,Federal Contract Tower,4,0,7,78,89,0,1,10,0,11,4,1,17,78,100,2,0,2,102
06/28/2023,LAW,OK,ASW,CE,Federal Contract Tower,4,0,4,90,98,0,1,3,0,4,4,1,7,90,102,0,0,0,102
06/29/2023,LAW,OK,ASW,CE,Federal Contract Tower,4,0,0,90,94,0,1,12,0,13,4,1,12,90,107,10,0,10,117
06/30/2023,LAW,OK,ASW,CE,Federal Contract Tower,3,0,8,79,90,0,2,4,1,7,3,2,12,80,97,0,6,6,103
07/01/2023,LAW,OK,ASW,CE,Federal Contract Tower,4,0,1,1,6,0,5,1,0,6,4,5,2,1,12,0,0,0,12
07/02/2023,LAW,OK,ASW,CE,Federal Contract Tower,4,0,0,0,4,0,0,9,0,9,4,0,9,0,13,10,0,10,23
07/03/2023,LAW,OK,ASW,CE,Federal Contract Tower,4,0,4,0,8,0,0,17,0,17,4,0,21,0,25,0,0,0,25
07/04/2023,LAW,OK,ASW,CE,Federal Contract Tower,4,0,0,0,4,0,3,8,0,11,4,3,8,0,15,0,0,0,15
07/05/2023,LAW,OK,ASW,CE,Federal Contract Tower,6,0,0,38,44,0,2,5,0,7,6,2,5,38,51,4,0,4,55
07/06/2023,LAW,OK,ASW,CE,Federal Contract Tower,4,0,0,56,60,0,2,5,0,7,4,2,5,56,67,0,4,4,71
07/07/2023,LAW,OK,ASW,CE,Federal Contract Tower,4,0,1,18,23,0,0,5,0,5,4,0,6,18,28,8,4,12,40
07/08/2023,LAW,OK,ASW,CE,Federal Contract Tower,4,0,8,0,12,0,3,7,0,10,4,3,15,0,22,6,0,6,28
07/09/2023,LAW,OK,ASW,CE,Federal Contract Tower,4,0,11,0,15,0,0,7,0,7,4,0,18,0,22,2,0,2,24
07/10/2023,LAW,OK,ASW,CE,Federal Contract Tower,4,0,8,96,108,0,0,5,1,6,4,0,13,97,114,1,0,1,115
07/11/2023,LAW,OK,ASW,CE,Federal Contract Tower,4,0,5,42,51,0,3,6,0,9,4,3,11,42,60,0,0,0,60
07/12/2023,LAW,OK,ASW,CE,Federal Contract Tower,4,2,2,50,58,0,0,13,0,13,4,2,15,50,71,0,0,0,71
07/13/2023,LAW,OK,ASW,CE,Federal Contract Tower,4,0,1,64,69,0,1,10,0,11,4,1,11,64,80,0,0,0,80
07/14/2023,LAW,OK,ASW,CE,Federal Contract Tower,6,4,33,0,43,0,1,3,1,5,6,5,36,1,48,6,6,12,60
07/15/2023,LAW,OK,ASW,CE,Federal Contract Tower,4,0,0,0,4,0,7,8,0,15,4,7,8,0,19,14,0,14,33
07/16/2023,LAW,OK,ASW,CE,Federal Contract Tower,2,0,1,0,3,0,0,10,0,10,2,0,11,0,13,18,0,18,31
07/17/2023,LAW,OK,ASW,CE,Federal Contract Tower,4,0,2,104,110,0,0,5,0,5,4,0,7,104,115,4,0,4,119
07/18/2023,LAW,OK,ASW,CE,Federal Contract Tower,4,0,0,68,72,0,1,10,0,11,4,1,10,68,83,0,0,0,83
07/19/2023,LAW,OK,ASW,CE,Federal Contract Tower,4,0,0,108,112,0,0,5,2,7,4,0,5,110,119,4,4,8,127
07/20/2023,LAW,OK,ASW,CE,Federal Contract Tower,4,0,2,92,98,0,0,6,2,8,4,0,8,94,106,0,0,0,106
07/21/2023,LAW,OK,ASW,CE,Federal Contract Tower,4,0,4,67,75,0,3,4,0,7,4,3,8,67,82,4,0,4,86
07/22/2023,LAW,OK,ASW,CE,Federal Contract Tower,4,0,0,0,4,0,4,6,0,10,4,4,6,0,14,8,0,8,22
07/23/2023,LAW,OK,ASW,CE,Federal Contract Tower,4,0,1,6,11,0,0,17,1,18,4,0,18,7,29,12,0,12,41
07/24/2023,LAW,OK,ASW,CE,Federal Contract Tower,4,0,6,78,88,0,0,9,0,9,4,0,15,78,97,0,0,0,97
07/25/2023,LAW,OK,ASW,CE,Federal Contract Tower,4,0,3,78,85,0,0,5,0,5,4,0,8,78,90,0,0,0,90
07/26/2023,LAW,OK,ASW,CE,Federal Contract Tower,4,0,0,86,90,0,1,8,0,9,4,1,8,86,99,0,0,0,99
07/28/2023,LAW,OK,ASW,CE,Federal Contract Tower,4,0,1,100,105,0,2,1,0,3,4,2,2,100,108,0,0,0,108
07/29/2023,LAW,OK,ASW,CE,Federal Contract Tower,2,0,4,0,6,0,1,4,0,5,2,1,8,0,11,6,0,6,17
07/30/2023,LAW,OK,ASW,CE,Federal Contract Tower,4,0,4,0,8,0,0,15,0,15,4,0,19,0,23,20,0,20,43
07/31/2023,LAW,OK,ASW,CE,Federal Contract Tower,4,0,10,82,96,0,0,9,0,9,4,0,19,82,105,0,0,0,105
08/01/2023,LAW,OK,ASW,CE,Federal Contract Tower,4,0,2,102,108,0,0,10,0,10,4,0,12,102,118,4,0,4,122
08/02/2023,LAW,OK,ASW,CE,Federal Contract Tower,4,0,2,68,74,0,0,1,0,1,4,0,3,68,75,0,0,0,75
08/03/2023,LAW,OK,ASW,CE,Federal Contract Tower,4,0,3,74,81,0,2,5,0,7,4,2,8,74,88,0,0,0,88
08/04/2023,LAW,OK,ASW,CE,Federal Contract Tower,4,0,1,56,61,0,4,1,0,5,4,4,2,56,66,0,0,0,66
08/05/2023,LAW,OK,ASW,CE,Federal Contract Tower,4,0,0,0,4,0,0,2,2,4,4,0,2,2,8,18,0,18,26
08/06/2023,LAW,OK,ASW,CE,Federal Contract Tower,4,0,0,0,4,0,0,12,0,12,4,0,12,0,16,12,0,12,28
08/07/2023,LAW,OK,ASW,CE,Federal Contract Tower,4,0,0,92,96,0,0,8,0,8,4,0,8,92,104,0,0,0,104
08/08/2023,LAW,OK,ASW,CE,Federal Contract Tower,4,0,3,56,63,0,1,15,0,16,4,1,18,56,79,0,0,0,79
08/09/2023,LAW,OK,ASW,CE,Federal Contract Tower,3,0,5,47,55,0,1,5,0,6,3,1,10,47,61,0,0,0,61
08/10/2023,LAW,OK,ASW,CE,Federal Contract Tower,4,0,3,52,59,0,3,30,0,33,4,3,33,52,92,4,0,4,96
08/11/2023,LAW,OK,ASW,CE,Federal Contract Tower,4,0,29,72,105,0,10,6,0,16,4,10,35,72,121,0,0,0,121
08/12/2023,LAW,OK,ASW,CE,Federal Contract Tower,4,0,8,0,12,0,0,10,0,10,4,0,18,0,22,0,0,0,22
08/13/2023,LAW,OK,ASW,CE,Federal Contract Tower,4,0,1,0,5,0,0,3,0,3,4,0,4,0,8,0,0,0,8
08/15/2023,LAW,OK,ASW,CE,Federal Contract Tower,4,0,0,72,76,0,0,14,0,14,4,0,14,72,90,22,0,22,112
08/16/2023,LAW,OK,ASW,CE,Federal Contract Tower,4,0,5,58,67,0,6,10,0,16,4,6,15,58,83,0,0,0,83
08/17/2023,LAW,OK,ASW,CE,Federal Contract Tower,4,0,2,46,52,0,2,12,0,14,4,2,14,46,66,4,0,4,70
08/18/2023,LAW,OK,ASW,CE,Federal Contract Tower,4,0,1,43,48,0,0,5,5,10,4,0,6,48,58,0,0,0,58
08/19/2023,LAW,OK,ASW,CE,Federal Contract Tower,4,0,9,0,13,0,0,10,0,10,4,0,19,0,23,10,0,10,33
08/20/2023,LAW,OK,ASW,CE,Federal Contract Tower,3,0,6,9,18,0,0,7,17,24,3,0,13,26,42,2,26,28,70
08/21/2023,LAW,OK,ASW,CE,Federal Contract Tower,2,0,3,72,77,0,0,7,0,7,2,0,10,72,84,14,0,14,98
08/22/2023,LAW,OK,ASW,CE,Federal Contract Tower,5,0,2,26,33,0,1,16,0,17,5,1,18,26,50,0,0,0,50
08/23/2023,LAW,OK,ASW,CE,Federal Contract Tower,4,0,1,35,40,0,0,7,0,7,4,0,8,35,47,10,0,10,57
08/24/2023,LAW,OK,ASW,CE,Federal Contract Tower,4,0,0,52,56,0,1,11,0,12,4,1,11,52,68,0,0,0,68
08/25/2023,LAW,OK,ASW,CE,Federal Contract Tower,4,0,11,53,68,0,5,6,2,13,4,5,17,55,81,0,2,2,83
08/26/2023,LAW,OK,ASW,CE,Federal Contract Tower,4,2,0,2,8,0,3,10,0,13,4,5,10,2,21,2,0,2,23
08/27/2023,LAW,OK,ASW,CE,Federal Contract Tower,5,0,5,2,12,0,0,6,2,8,5,0,11,4,20,12,0,12,32
08/28/2023,LAW,OK,ASW,CE,Federal Contract Tower,4,0,6,44,54,0,0,15,2,17,4,0,21,46,71,14,0,14,85
08/29/2023,LAW,OK,ASW,CE,Federal Contract Tower,4,0,6,37,47,0,0,23,3,26,4,0,29,40,73,12,4,16,89
08/30/2023,LAW,OK,ASW,CE,Federal Contract Tower,4,0,2,50,56,0,0,4,0,4,4,0,6,50,60,0,16,16,76
08/31/2023,LAW,OK,ASW,CE,Federal Contract Tower,6,0,1,40,47,0,0,14,0,14,6,0,15,40,61,0,0,0,61
01/01/2020,LAW,OK,ASW,CE,Federal Contract Tower,6,0,0,0,6,0,0,10,0,10,6,0,10,0,16,0,0,0,16
01/02/2020,LAW,OK,ASW,CE,Federal Contract Tower,5,0,9,0,14,0,0,29,0,29,5,0,38,0,43,0,0,0,43
01/03/2020,LAW,OK,ASW,CE,Federal Contract Tower,4,0,0,4,8,0,0,15,0,15,4,0,15,4,23,14,0,14,37
01/04/2020,LAW,OK,ASW,CE,Federal Contract Tower,6,0,0,6,12,0,0,28,12,40,6,0,28,18,52,0,0,0,52
01/05/2020,LAW,OK,ASW,CE,Federal Contract Tower,6,0,2,0,8,0,0,5,0,5,6,0,7,0,13,0,0,0,13
01/06/2020,LAW,OK,ASW,CE,Federal Contract Tower,6,0,4,130,140,0,0,5,1,6,6,0,9,131,146,0,14,14,160
01/07/2020,LAW,OK,ASW,CE,Federal Contract Tower,5,0,7,92,104,0,0,11,2,13,5,0,18,94,117,0,0,0,117
01/08/2020,LAW,OK,ASW,CE,Federal Contract Tower,5,0,5,88,98,0,0,5,4,9,5,0,10,92,107,6,0,6,113
01/09/2020,LAW,OK,ASW,CE,Federal Contract Tower,5,0,1,76,82,0,0,22,1,23,5,0,23,77,105,8,0,8,113
01/10/2020,LAW,OK,ASW,CE,Federal Contract Tower,6,0,0,102,108,0,0,0,4,4,6,0,0,106,112,0,0,0,112
01/11/2020,LAW,OK,ASW,CE,Federal Contract Tower,3,0,2,0,5,0,0,1,0,1,3,0,3,0,6,0,0,0,6
01/12/2020,LAW,OK,ASW,CE,Federal Contract Tower,8,0,0,0,8,0,0,5,2,7,8,0,5,2,15,0,0,0,15
01/13/2020,LAW,OK,ASW,CE,Federal Contract Tower,6,0,6,41,53,0,0,0,0,0,6,0,6,41,53,0,4,4,57
01/14/2020,LAW,OK,ASW,CE,Federal Contract Tower,5,0,5,24,34,0,0,6,4,10,5,0,11,28,44,0,0,0,44
01/15/2020,LAW,OK,ASW,CE,Federal Contract Tower,5,0,1,42,48,0,0,5,0,5,5,0,6,42,53,0,0,0,53
01/16/2020,LAW,OK,ASW,CE,Federal Contract Tower,6,0,4,0,10,0,0,0,0,0,6,0,4,0,10,0,0,0,10
01/17/2020,LAW,OK,ASW,CE,Federal Contract Tower,0,6,16,0,22,0,0,0,0,0,0,6,16,0,22,0,0,0,22
01/18/2020,LAW,OK,ASW,CE,Federal Contract Tower,0,3,1,0,4,0,0,4,0,4,0,3,5,0,8,0,0,0,8
01/19/2020,LAW,OK,ASW,CE,Federal Contract Tower,6,0,2,0,8,0,0,5,0,5,6,0,7,0,13,0,0,0,13
01/20/2020,LAW,OK,ASW,CE,Federal Contract Tower,6,0,3,0,9,0,0,10,0,10,6,0,13,0,19,16,0,16,35
01/21/2020,LAW,OK,ASW,CE,Federal Contract Tower,5,0,2,40,47,0,0,3,0,3,5,0,5,40,50,0,0,0,50
01/22/2020,LAW,OK,ASW,CE,Federal Contract Tower,2,0,0,0,2,0,0,0,0,0,2,0,0,0,2,0,0,0,2
01/23/2020,LAW,OK,ASW,CE,Federal Contract Tower,6,0,2,54,62,0,0,2,4,6,6,0,4,58,68,0,0,0,68
01/24/2020,LAW,OK,ASW,CE,Federal Contract Tower,6,0,0,32,38,0,0,27,4,31,6,0,27,36,69,16,8,24,93
01/25/2020,LAW,OK,ASW,CE,Federal Contract Tower,3,0,0,0,3,0,0,6,0,6,3,0,6,0,9,6,0,6,15
01/26/2020,LAW,OK,ASW,CE,Federal Contract Tower,6,0,2,17,25,0,0,8,8,16,6,0,10,25,41,16,10,26,67
01/27/2020,LAW,OK,ASW,CE,Federal Contract Tower,14,0,2,46,62,0,0,5,0,5,14,0,7,46,67,0,0,0,67
01/28/2020,LAW,OK,ASW,CE,Federal Contract Tower,5,0,5,6,16,0,0,0,0,0,5,0,5,6,16,0,0,0,16
01/29/2020,LAW,OK,ASW,CE,Federal Contract Tower,5,0,2,110,117,0,0,0,0,0,5,0,2,110,117,0,0,0,117
01/30/2020,LAW,OK,ASW,CE,Federal Contract Tower,6,0,5,148,159,0,0,0,0,0,6,0,5,148,159,0,0,0,159
01/31/2020,LAW,OK,ASW,CE,Federal Contract Tower,6,0,3,48,57,0,0,11,16,27,6,0,14,64,84,12,0,12,96
02/01/2020,LAW,OK,ASW,CE,Federal Contract Tower,3,0,1,0,4,0,0,19,0,19,3,0,20,0,23,26,0,26,49
02/02/2020,LAW,OK,ASW,CE,Federal Contract Tower,6,0,2,5,13,0,0,9,26,35,6,0,11,31,48,2,2,4,52
02/03/2020,LAW,OK,ASW,CE,Federal Contract Tower,6,0,0,109,115,0,0,11,2,13,6,0,11,111,128,0,0,0,128
02/04/2020,LAW,OK,ASW,CE,Federal Contract Tower,5,0,2,64,71,0,0,2,0,2,5,0,4,64,73,0,0,0,73
02/05/2020,LAW,OK,ASW,CE,Federal Contract Tower,0,0,0,0,0,0,0,0,0,0,0,0,0,0,0,0,0,0,0
02/06/2020,LAW,OK,ASW,CE,Federal Contract Tower,4,0,0,16,20,0,0,2,0,2,4,0,2,16,22,0,0,0,22
02/07/2020,LAW,OK,ASW,CE,Federal Contract Tower,6,0,0,72,78,0,0,13,0,13,6,0,13,72,91,0,0,0,91
02/08/2020,LAW,OK,ASW,CE,Federal Contract Tower,3,0,3,0,6,0,0,7,0,7,3,0,10,0,13,0,0,0,13
02/09/2020,LAW,OK,ASW,CE,Federal Contract Tower,6,0,0,4,10,0,0,2,4,6,6,0,2,8,16,0,0,0,16
02/10/2020,LAW,OK,ASW,CE,Federal Contract Tower,6,0,1,40,47,0,0,2,0,2,6,0,3,40,49,0,0,0,49
02/11/2020,LAW,OK,ASW,CE,Federal Contract Tower,5,0,3,160,168,0,0,2,8,10,5,0,5,168,178,6,0,6,184
02/12/2020,LAW,OK,ASW,CE,Federal Contract Tower,5,0,4,108,117,0,0,0,0,0,5,0,4,108,117,0,0,0,117
02/13/2020,LAW,OK,ASW,CE,Federal Contract Tower,6,0,5,124,135,0,0,17,4,21,6,0,22,128,156,0,0,0,156
02/14/2020,LAW,OK,ASW,CE,Federal Contract Tower,6,0,9,106,121,0,0,24,0,24,6,0,33,106,145,0,0,0,145
02/15/2020,LAW,OK,ASW,CE,Federal Contract Tower,2,0,4,0,6,0,0,20,0,20,2,0,24,0,26,0,0,0,26
02/16/2020,LAW,OK,ASW,CE,Federal Contract Tower,4,0,8,0,12,0,0,8,0,8,4,0,16,0,20,3,0,3,23
02/17/2020,LAW,OK,ASW,CE,Federal Contract Tower,5,0,5,0,10,0,0,7,0,7,5,0,12,0,17,0,0,0,17
02/18/2020,LAW,OK,ASW,CE,Federal Contract Tower,4,0,1,52,57,0,0,5,0,5,4,0,6,52,62,0,0,0,62
02/19/2020,LAW,OK,ASW,CE,Federal Contract Tower,4,0,14,106,124,0,0,6,0,6,4,0,20,106,130,0,0,0,130
02/20/2020,LAW,OK,ASW,CE,Federal Contract Tower,6,0,18,92,116,0,0,3,0,3,6,0,21,92,119,6,0,6,125
02/21/2020,LAW,OK,ASW,CE,Federal Contract Tower,6,0,3,52,61,0,0,16,7,23,6,0,19,59,84,0,13,13,97
02/22/2020,LAW,OK,ASW,CE,Federal Contract Tower,4,0,18,0,22,0,0,13,0,13,4,0,31,0,35,0,0,0,35
02/23/2020,LAW,OK,ASW,CE,Federal Contract Tower,6,0,2,0,8,0,0,2,0,2,6,0,4,0,10,0,0,0,10
02/24/2020,LAW,OK,ASW,CE,Federal Contract Tower,6,0,7,54,67,0,0,4,5,9,6,0,11,59,76,19,0,19,95
02/25/2020,LAW,OK,ASW,CE,Federal Contract Tower,4,2,0,56,62,0,0,1,2,3,4,2,1,58,65,0,0,0,65
02/26/2020,LAW,OK,ASW,CE,Federal Contract Tower,4,0,10,80,94,0,0,5,4,9,4,0,15,84,103,4,0,4,107
02/27/2020,LAW,OK,ASW,CE,Federal Contract Tower,6,0,12,42,60,0,0,15,0,15,6,0,27,42,75,12,0,12,87
02/28/2020,LAW,OK,ASW,CE,Federal Contract Tower,6,2,19,34,61,0,0,11,0,11,6,2,30,34,72,2,0,2,74
02/29/2020,LAW,OK,ASW,CE,Federal Contract Tower,4,0,7,0,11,0,0,12,0,12,4,0,19,0,23,6,0,6,29
03/01/2020,LAW,OK,ASW,CE,Federal Contract Tower,6,0,3,20,29,0,0,1,2,3,6,0,4,22,32,12,0,12,44
03/02/2020,LAW,OK,ASW,CE,Federal Contract Tower,6,0,4,38,48,0,0,5,1,6,6,0,9,39,54,0,4,4,58
03/03/2020,LAW,OK,ASW,CE,Federal Contract Tower,4,2,8,26,40,0,0,11,4,15,4,2,19,30,55,0,0,0,55
03/04/2020,LAW,OK,ASW,CE,Federal Contract Tower,4,0,1,112,117,0,0,8,0,8,4,0,9,112,125,0,0,0,125
03/05/2020,LAW,OK,ASW,CE,Federal Contract Tower,5,0,5,38,48,0,0,14,0,14,5,0,19,38,62,0,0,0,62
03/06/2020,LAW,OK,ASW,CE,Federal Contract Tower,5,0,1,74,80,0,0,20,4,24,5,0,21,78,104,12,0,12,116
03/07/2020,LAW,OK,ASW,CE,Federal Contract Tower,5,0,5,0,10,0,0,21,0,21,5,0,26,0,31,4,0,4,35
03/08/2020,LAW,OK,ASW,CE,Federal Contract Tower,5,0,24,0,29,0,0,0,0,0,5,0,24,0,29,0,0,0,29
03/09/2020,LAW,OK,ASW,CE,Federal Contract Tower,5,0,1,36,42,0,0,0,0,0,5,0,1,36,42,0,6,6,48
03/10/2020,LAW,OK,ASW,CE,Federal Contract Tower,5,0,12,30,47,0,0,13,0,13,5,0,25,30,60,0,0,0,60
03/11/2020,LAW,OK,ASW,CE,Federal Contract Tower,5,0,20,54,79,0,0,16,0,16,5,0,36,54,95,3,0,3,98
03/12/2020,LAW,OK,ASW,CE,Federal Contract Tower,5,0,10,30,45,0,0,6,0,6,5,0,16,30,51,0,0,0,51
03/13/2020,LAW,OK,ASW,CE,Federal Contract Tower,4,0,4,0,8,0,0,0,0,0,4,0,4,0,8,0,0,0,8
03/14/2020,LAW,OK,ASW,CE,Federal Contract Tower,7,0,4,0,11,0,0,1,0,1,7,0,5,0,12,2,0,2,14
03/15/2020,LAW,OK,ASW,CE,Federal Contract Tower,5,0,1,0,6,0,0,0,0,0,5,0,1,0,6,0,0,0,6
03/16/2020,LAW,OK,ASW,CE,Federal Contract Tower,5,0,2,0,7,0,0,0,0,0,5,0,2,0,7,0,0,0,7
03/17/2020,LAW,OK,ASW,CE,Federal Contract Tower,6,0,1,0,7,0,0,0,0,0,6,0,1,0,7,0,0,0,7
03/18/2020,LAW,OK,ASW,CE,Federal Contract Tower,5,0,8,2,15,0,0,3,0,3,5,0,11,2,18,0,0,0,18
03/19/2020,LAW,OK,ASW,CE,Federal Contract Tower,5,0,6,8,19,0,0,8,0,8,5,0,14,8,27,0,0,0,27
03/20/2020,LAW,OK,ASW,CE,Federal Contract Tower,5,0,8,66,79,0,0,11,0,11,5,0,19,66,90,0,0,0,90
03/21/2020,LAW,OK,ASW,CE,Federal Contract Tower,6,0,0,0,6,0,0,5,0,5,6,0,5,0,11,4,0,4,15
03/22/2020,LAW,OK,ASW,CE,Federal Contract Tower,5,0,0,1,6,0,0,0,0,0,5,0,0,1,6,7,0,7,13
03/24/2020,LAW,OK,ASW,CE,Federal Contract Tower,3,0,2,27,32,0,0,4,1,5,3,0,6,28,37,0,36,36,73
03/25/2020,LAW,OK,ASW,CE,Federal Contract Tower,5,0,0,26,31,0,0,13,0,13,5,0,13,26,44,0,0,0,44
03/26/2020,LAW,OK,ASW,CE,Federal Contract Tower,3,0,2,26,31,0,0,22,0,22,3,0,24,26,53,10,0,10,63
03/27/2020,LAW,OK,ASW,CE,Federal Contract Tower,5,0,2,44,51,0,0,3,0,3,5,0,5,44,54,4,0,4,58
03/28/2020,LAW,OK,ASW,CE,Federal Contract Tower,5,0,0,0,5,0,0,8,0,8,5,0,8,0,13,0,0,0,13
03/29/2020,LAW,OK,ASW,CE,Federal Contract Tower,3,0,2,0,5,0,0,12,0,12,3,0,14,0,17,18,0,18,35
03/30/2020,LAW,OK,ASW,CE,Federal Contract Tower,3,0,1,0,4,0,0,1,0,1,3,0,2,0,5,0,0,0,5
03/31/2020,LAW,OK,ASW,CE,Federal Contract Tower,3,0,4,46,53,0,0,7,2,9,3,0,11,48,62,16,4,20,82
04/01/2020,LAW,OK,ASW,CE,Federal Contract Tower,5,0,0,32,37,0,0,18,0,18,5,0,18,32,55,6,0,6,61
04/02/2020,LAW,OK,ASW,CE,Federal Contract Tower,3,0,8,42,53,0,0,4,0,4,3,0,12,42,57,11,0,11,68
04/03/2020,LAW,OK,ASW,CE,Federal Contract Tower,2,0,1,0,3,0,0,0,0,0,2,0,1,0,3,0,0,0,3
04/04/2020,LAW,OK,ASW,CE,Federal Contract Tower,5,0,11,2,18,0,0,6,0,6,5,0,17,2,24,10,0,10,34
04/05/2020,LAW,OK,ASW,CE,Federal Contract Tower,0,0,4,0,4,0,0,0,0,0,0,0,4,0,4,0,0,0,4
04/06/2020,LAW,OK,ASW,CE,Federal Contract Tower,1,0,7,60,68,0,0,0,0,0,1,0,7,60,68,0,0,0,68
04/07/2020,LAW,OK,ASW,CE,Federal Contract Tower,0,0,5,42,47,0,0,6,0,6,0,0,11,42,53,10,0,10,63
04/08/2020,LAW,OK,ASW,CE,Federal Contract Tower,0,0,2,28,30,0,0,6,4,10,0,0,8,32,40,0,4,4,44
04/09/2020,LAW,OK,ASW,CE,Federal Contract Tower,0,0,4,38,42,0,0,12,0,12,0,0,16,38,54,0,0,0,54
04/10/2020,LAW,OK,ASW,CE,Federal Contract Tower,0,0,1,40,41,0,0,6,2,8,0,0,7,42,49,0,0,0,49
04/11/2020,LAW,OK,ASW,CE,Federal Contract Tower,0,0,0,0,0,0,0,4,0,4,0,0,4,0,4,10,0,10,14
04/12/2020,LAW,OK,ASW,CE,Federal Contract Tower,0,0,2,0,2,0,0,8,0,8,0,0,10,0,10,0,0,0,10
04/13/2020,LAW,OK,ASW,CE,Federal Contract Tower,0,0,2,48,50,0,0,10,0,10,0,0,12,48,60,12,0,12,72
04/14/2020,LAW,OK,ASW,CE,Federal Contract Tower,0,0,0,0,0,0,0,0,0,0,0,0,0,0,0,0,0,0,0
04/15/2020,LAW,OK,ASW,CE,Federal Contract Tower,0,0,8,40,48,0,0,6,4,10,0,0,14,44,58,8,0,8,66
04/16/2020,LAW,OK,ASW,CE,Federal Contract Tower,0,0,5,70,75,0,0,10,0,10,0,0,15,70,85,2,0,2,87
04/17/2020,LAW,OK,ASW,CE,Federal Contract Tower,0,0,0,52,52,0,0,3,0,3,0,0,3,52,55,0,0,0,55
04/18/2020,LAW,OK,ASW,CE,Federal Contract Tower,0,0,3,0,3,0,0,15,0,15,0,0,18,0,18,16,0,16,34
04/19/2020,LAW,OK,ASW,CE,Federal Contract Tower,0,0,2,0,2,0,0,2,0,2,0,0,4,0,4,0,0,0,4
04/20/2020,LAW,OK,ASW,CE,Federal Contract Tower,0,0,1,82,83,0,0,16,0,16,0,0,17,82,99,12,0,12,111
04/21/2020,LAW,OK,ASW,CE,Federal Contract Tower,2,0,3,32,37,0,0,7,0,7,2,0,10,32,44,4,0,4,48
04/22/2020,LAW,OK,ASW,CE,Federal Contract Tower,2,0,0,54,56,0,0,4,2,6,2,0,4,56,62,0,2,2,64
04/23/2020,LAW,OK,ASW,CE,Federal Contract Tower,2,0,2,80,84,0,0,14,0,14,2,0,16,80,98,0,0,0,98
04/24/2020,LAW,OK,ASW,CE,Federal Contract Tower,4,0,3,36,43,0,0,7,2,9,4,0,10,38,52,4,6,10,62
04/25/2020,LAW,OK,ASW,CE,Federal Contract Tower,0,0,5,6,11,0,0,13,0,13,0,0,18,6,24,6,0,6,30
04/27/2020,LAW,OK,ASW,CE,Federal Contract Tower,0,0,2,72,74,0,0,5,0,5,0,0,7,72,79,0,0,0,79
04/28/2020,LAW,OK,ASW,CE,Federal Contract Tower,0,0,4,56,60,0,0,1,2,3,0,0,5,58,63,0,0,0,63
04/29/2020,LAW,OK,ASW,CE,Federal Contract Tower,2,0,3,74,79,0,0,17,0,17,2,0,20,74,96,0,0,0,96
04/30/2020,LAW,OK,ASW,CE,Federal Contract Tower,2,0,17,26,45,0,0,14,0,14,2,0,31,26,59,0,0,0,59
05/01/2020,LAW,OK,ASW,CE,Federal Contract Tower,5,0,7,30,42,0,0,6,0,6,5,0,13,30,48,0,8,8,56
05/02/2020,LAW,OK,ASW,CE,Federal Contract Tower,4,0,10,0,14,0,0,10,0,10,4,0,20,0,24,8,0,8,32
05/03/2020,LAW,OK,ASW,CE,Federal Contract Tower,2,0,0,7,9,0,0,7,0,7,2,0,7,7,16,8,0,8,24
05/04/2020,LAW,OK,ASW,CE,Federal Contract Tower,2,0,0,30,32,0,0,5,2,7,2,0,5,32,39,0,0,0,39
05/05/2020,LAW,OK,ASW,CE,Federal Contract Tower,5,0,4,57,66,0,0,7,0,7,5,0,11,57,73,0,0,0,73
05/06/2020,LAW,OK,ASW,CE,Federal Contract Tower,4,0,2,32,38,0,0,12,0,12,4,0,14,32,50,10,0,10,60
05/07/2020,LAW,OK,ASW,CE,Federal Contract Tower,0,0,1,55,56,0,0,8,0,8,0,0,9,55,64,0,0,0,64
05/08/2020,LAW,OK,ASW,CE,Federal Contract Tower,6,0,0,54,60,0,0,5,0,5,6,0,5,54,65,0,0,0,65
05/09/2020,LAW,OK,ASW,CE,Federal Contract Tower,0,0,26,0,26,0,0,19,0,19,0,0,45,0,45,16,0,16,61
05/10/2020,LAW,OK,ASW,CE,Federal Contract Tower,0,0,12,4,16,0,0,12,0,12,0,0,24,4,28,4,0,4,32
05/11/2020,LAW,OK,ASW,CE,Federal Contract Tower,0,0,16,34,50,0,0,5,0,5,0,0,21,34,55,6,0,6,61
05/12/2020,LAW,OK,ASW,CE,Federal Contract Tower,8,0,6,90,104,0,0,0,0,0,8,0,6,90,104,0,0,0,104
05/13/2020,LAW,OK,ASW,CE,Federal Contract Tower,0,0,13,47,60,0,0,0,1,1,0,0,13,48,61,0,6,6,67
05/14/2020,LAW,OK,ASW,CE,Federal Contract Tower,0,0,6,32,38,0,0,15,0,15,0,0,21,32,53,0,0,0,53
05/15/2020,LAW,OK,ASW,CE,Federal Contract Tower,5,0,1,14,20,0,0,3,0,3,5,0,4,14,23,0,0,0,23
05/16/2020,LAW,OK,ASW,CE,Federal Contract Tower,3,0,5,3,11,0,0,4,0,4,3,0,9,3,15,0,0,0,15
05/17/2020,LAW,OK,ASW,CE,Federal Contract Tower,0,0,6,7,13,0,0,7,0,7,0,0,13,7,20,0,0,0,20
05/18/2020,LAW,OK,ASW,CE,Federal Contract Tower,2,0,18,46,66,0,0,7,6,13,2,0,25,52,79,0,0,0,79
05/19/2020,LAW,OK,ASW,CE,Federal Contract Tower,0,0,3,34,37,0,0,13,0,13,0,0,16,34,50,8,3,11,61
05/20/2020,LAW,OK,ASW,CE,Federal Contract Tower,0,0,7,86,93,0,0,2,0,2,0,0,9,86,95,0,0,0,95
05/21/2020,LAW,OK,ASW,CE,Federal Contract Tower,0,0,1,96,97,0,0,3,0,3,0,0,4,96,100,0,0,0,100
05/22/2020,LAW,OK,ASW,CE,Federal Contract Tower,6,0,4,0,10,0,0,13,0,13,6,0,17,0,23,0,0,0,23
05/23/2020,LAW,OK,ASW,CE,Federal Contract Tower,1,0,2,0,3,0,0,7,0,7,1,0,9,0,10,0,0,0,10
05/24/2020,LAW,OK,ASW,CE,Federal Contract Tower,0,0,6,0,6,0,0,6,0,6,0,0,12,0,12,0,0,0,12
05/25/2020,LAW,OK,ASW,CE,Federal Contract Tower,0,0,6,0,6,0,0,2,0,2,0,0,8,0,8,0,0,0,8
05/26/2020,LAW,OK,ASW,CE,Federal Contract Tower,1,0,12,64,77,0,0,2,12,14,1,0,14,76,91,0,3,3,94
05/27/2020,LAW,OK,ASW,CE,Federal Contract Tower,2,0,9,96,107,0,0,16,0,16,2,0,25,96,123,10,0,10,133
05/28/2020,LAW,OK,ASW,CE,Federal Contract Tower,4,0,10,54,68,0,0,6,3,9,4,0,16,57,77,0,6,6,83
05/29/2020,LAW,OK,ASW,CE,Federal Contract Tower,2,0,8,60,70,0,0,12,0,12,2,0,20,60,82,0,0,0,82
05/30/2020,LAW,OK,ASW,CE,Federal Contract Tower,0,0,1,0,1,0,0,0,0,0,0,0,1,0,1,0,0,0,1
05/31/2020,LAW,OK,ASW,CE,Federal Contract Tower,0,0,0,0,0,0,0,12,0,12,0,0,12,0,12,10,0,10,22
06/01/2020,LAW,OK,ASW,CE,Federal Contract Tower,2,0,8,37,47,0,0,6,0,6,2,0,14,37,53,0,0,0,53
06/02/2020,LAW,OK,ASW,CE,Federal Contract Tower,1,0,2,76,79,0,0,10,0,10,1,0,12,76,89,2,0,2,91
06/03/2020,LAW,OK,ASW,CE,Federal Contract Tower,3,0,6,42,51,0,0,9,2,11,3,0,15,44,62,0,0,0,62
06/04/2020,LAW,OK,ASW,CE,Federal Contract Tower,3,0,15,96,114,0,0,12,0,12,3,0,27,96,126,0,0,0,126
06/05/2020,LAW,OK,ASW,CE,Federal Contract Tower,0,0,4,57,61,0,0,14,0,14,0,0,18,57,75,10,4,14,89
06/06/2020,LAW,OK,ASW,CE,Federal Contract Tower,0,0,0,0,0,0,0,4,0,4,0,0,4,0,4,0,0,0,4
06/07/2020,LAW,OK,ASW,CE,Federal Contract Tower,0,0,3,0,3,0,0,9,0,9,0,0,12,0,12,8,0,8,20
06/08/2020,LAW,OK,ASW,CE,Federal Contract Tower,2,0,3,34,39,0,0,7,0,7,2,0,10,34,46,0,0,0,46
06/09/2020,LAW,OK,ASW,CE,Federal Contract Tower,2,0,1,2,5,0,0,1,0,1,2,0,2,2,6,0,0,0,6
06/10/2020,LAW,OK,ASW,CE,Federal Contract Tower,0,0,2,50,52,0,0,20,0,20,0,0,22,50,72,5,0,5,77
06/11/2020,LAW,OK,ASW,CE,Federal Contract Tower,0,0,5,48,53,0,0,17,3,20,0,0,22,51,73,4,4,8,81
06/12/2020,LAW,OK,ASW,CE,Federal Contract Tower,0,0,11,46,57,0,0,23,0,23,0,0,34,46,80,6,2,8,88
06/13/2020,LAW,OK,ASW,CE,Federal Contract Tower,0,0,3,4,7,0,0,21,0,21,0,0,24,4,28,14,0,14,42
06/14/2020,LAW,OK,ASW,CE,Federal Contract Tower,0,0,1,0,1,0,0,5,0,5,0,0,6,0,6,0,0,0,6
06/15/2020,LAW,OK,ASW,CE,Federal Contract Tower,0,0,14,122,136,0,0,11,0,11,0,0,25,122,147,0,0,0,147
06/16/2020,LAW,OK,ASW,CE,Federal Contract Tower,0,0,16,120,136,0,0,10,0,10,0,0,26,120,146,0,0,0,146
06/17/2020,LAW,OK,ASW,CE,Federal Contract Tower,0,0,5,84,89,0,0,21,0,21,0,0,26,84,110,0,0,0,110
06/18/2020,LAW,OK,ASW,CE,Federal Contract Tower,0,0,8,58,66,0,0,11,0,11,0,0,19,58,77,0,0,0,77
06/19/2020,LAW,OK,ASW,CE,Federal Contract Tower,0,0,8,38,46,0,0,7,0,7,0,0,15,38,53,8,0,8,61
06/20/2020,LAW,OK,ASW,CE,Federal Contract Tower,0,0,8,0,8,0,0,6,0,6,0,0,14,0,14,0,0,0,14
06/21/2020,LAW,OK,ASW,CE,Federal Contract Tower,1,0,1,0,2,0,0,7,0,7,1,0,8,0,9,0,0,0,9
06/22/2020,LAW,OK,ASW,CE,Federal Contract Tower,2,0,13,78,93,0,0,10,0,10,2,0,23,78,103,0,0,0,103
06/23/2020,LAW,OK,ASW,CE,Federal Contract Tower,0,0,3,51,54,0,0,9,1,10,0,0,12,52,64,26,0,26,90
06/24/2020,LAW,OK,ASW,CE,Federal Contract Tower,0,0,6,80,86,0,0,22,0,22,0,0,28,80,108,6,0,6,114
06/25/2020,LAW,OK,ASW,CE,Federal Contract Tower,0,0,9,120,129,0,0,10,0,10,0,0,19,120,139,0,0,0,139
06/26/2020,LAW,OK,ASW,CE,Federal Contract Tower,2,1,6,64,73,0,0,19,0,19,2,1,25,64,92,12,0,12,104
06/27/2020,LAW,OK,ASW,CE,Federal Contract Tower,0,0,1,0,1,0,0,17,0,17,0,0,18,0,18,10,0,10,28
06/28/2020,LAW,OK,ASW,CE,Federal Contract Tower,2,0,0,10,12,0,0,7,0,7,2,0,7,10,19,6,0,6,25
06/29/2020,LAW,OK,ASW,CE,Federal Contract Tower,1,0,3,60,64,0,0,6,0,6,1,0,9,60,70,0,0,0,70
06/30/2020,LAW,OK,ASW,CE,Federal Contract Tower,0,0,8,89,97,0,0,5,0,5,0,0,13,89,102,0,6,6,108
07/01/2020,LAW,OK,ASW,CE,Federal Contract Tower,2,0,7,10,19,0,0,7,1,8,2,0,14,11,27,10,6,16,43
07/02/2020,LAW,OK,ASW,CE,Federal Contract Tower,2,0,10,38,50,0,0,16,0,16,2,0,26,38,66,6,0,6,72
07/03/2020,LAW,OK,ASW,CE,Federal Contract Tower,0,0,9,0,9,0,0,9,0,9,0,0,18,0,18,0,0,0,18
07/04/2020,LAW,OK,ASW,CE,Federal Contract Tower,0,0,0,0,0,0,0,13,0,13,0,0,13,0,13,6,0,6,19
07/05/2020,LAW,OK,ASW,CE,Federal Contract Tower,0,0,0,0,0,0,0,6,0,6,0,0,6,0,6,4,0,4,10
07/06/2020,LAW,OK,ASW,CE,Federal Contract Tower,0,0,2,0,2,0,0,4,0,4,0,0,6,0,6,10,0,10,16
07/07/2020,LAW,OK,ASW,CE,Federal Contract Tower,0,0,7,62,69,0,0,1,0,1,0,0,8,62,70,0,0,0,70
07/08/2020,LAW,OK,ASW,CE,Federal Contract Tower,9,0,4,90,103,0,0,24,2,26,9,0,28,92,129,11,0,11,140
07/09/2020,LAW,OK,ASW,CE,Federal Contract Tower,2,0,8,78,88,0,0,16,6,22,2,0,24,84,110,0,16,16,126
07/10/2020,LAW,OK,ASW,CE,Federal Contract Tower,2,0,3,107,112,0,0,8,1,9,2,0,11,108,121,2,0,2,123
07/11/2020,LAW,OK,ASW,CE,Federal Contract Tower,2,0,14,0,16,0,0,15,0,15,2,0,29,0,31,12,0,12,43
07/12/2020,LAW,OK,ASW,CE,Federal Contract Tower,5,0,9,4,18,0,0,10,0,10,5,0,19,4,28,0,0,0,28
07/13/2020,LAW,OK,ASW,CE,Federal Contract Tower,5,0,10,76,91,0,0,11,0,11,5,0,21,76,102,0,0,0,102
07/14/2020,LAW,OK,ASW,CE,Federal Contract Tower,3,0,0,130,133,0,0,8,10,18,3,0,8,140,151,4,0,4,155
07/15/2020,LAW,OK,ASW,CE,Federal Contract Tower,4,0,15,98,117,0,0,11,4,15,4,0,26,102,132,0,0,0,132
07/16/2020,LAW,OK,ASW,CE,Federal Contract Tower,6,0,12,104,122,0,0,14,2,16,6,0,26,106,138,8,0,8,146
07/17/2020,LAW,OK,ASW,CE,Federal Contract Tower,4,0,6,114,124,0,0,15,0,15,4,0,21,114,139,6,0,6,145
07/18/2020,LAW,OK,ASW,CE,Federal Contract Tower,2,1,3,0,6,0,0,14,2,16,2,1,17,2,22,0,0,0,22
07/19/2020,LAW,OK,ASW,CE,Federal Contract Tower,2,0,0,0,2,0,0,5,0,5,2,0,5,0,7,2,0,2,9
07/20/2020,LAW,OK,ASW,CE,Federal Contract Tower,2,0,6,125,133,0,0,10,1,11,2,0,16,126,144,4,0,4,148
07/21/2020,LAW,OK,ASW,CE,Federal Contract Tower,3,0,6,118,127,0,0,9,8,17,3,0,15,126,144,0,0,0,144
07/22/2020,LAW,OK,ASW,CE,Federal Contract Tower,5,0,0,157,162,0,0,8,10,18,5,0,8,167,180,11,2,13,193
07/23/2020,LAW,OK,ASW,CE,Federal Contract Tower,2,0,8,76,86,0,0,22,0,22,2,0,30,76,108,6,0,6,114
07/24/2020,LAW,OK,ASW,CE,Federal Contract Tower,5,0,7,138,150,0,0,16,0,16,5,0,23,138,166,6,0,6,172
07/25/2020,LAW,OK,ASW,CE,Federal Contract Tower,2,0,7,0,9,0,0,11,0,11,2,0,18,0,20,8,0,8,28
07/26/2020,LAW,OK,ASW,CE,Federal Contract Tower,2,0,11,18,31,0,0,5,0,5,2,0,16,18,36,15,0,15,51
07/27/2020,LAW,OK,ASW,CE,Federal Contract Tower,2,0,0,194,196,0,0,14,4,18,2,0,14,198,214,0,0,0,214
07/28/2020,LAW,OK,ASW,CE,Federal Contract Tower,4,0,4,120,128,0,0,7,0,7,4,0,11,120,135,0,0,0,135
07/29/2020,LAW,OK,ASW,CE,Federal Contract Tower,3,0,1,124,128,0,0,5,0,5,3,0,6,124,133,0,0,0,133
07/30/2020,LAW,OK,ASW,CE,Federal Contract Tower,2,0,3,152,157,0,0,10,0,10,2,0,13,152,167,0,0,0,167
07/31/2020,LAW,OK,ASW,CE,Federal Contract Tower,6,0,4,146,156,0,1,13,0,14,6,1,17,146,170,0,0,0,170
08/01/2020,LAW,OK,ASW,CE,Federal Contract Tower,2,0,1,0,3,0,0,23,0,23,2,0,24,0,26,22,0,22,48
08/02/2020,LAW,OK,ASW,CE,Federal Contract Tower,2,0,2,0,4,0,0,7,0,7,2,0,9,0,11,16,0,16,27
08/03/2020,LAW,OK,ASW,CE,Federal Contract Tower,2,0,1,96,99,0,0,6,2,8,2,0,7,98,107,0,0,0,107
08/04/2020,LAW,OK,ASW,CE,Federal Contract Tower,4,0,4,101,109,0,0,3,1,4,4,0,7,102,113,0,4,4,117
08/05/2020,LAW,OK,ASW,CE,Federal Contract Tower,4,0,54,0,58,0,0,10,1,11,4,0,64,1,69,26,0,26,95
08/06/2020,LAW,OK,ASW,CE,Federal Contract Tower,4,0,2,54,60,0,0,11,5,16,4,0,13,59,76,42,0,42,118
08/07/2020,LAW,OK,ASW,CE,Federal Contract Tower,6,0,4,79,89,0,0,8,0,8,6,0,12,79,97,0,0,0,97
08/08/2020,LAW,OK,ASW,CE,Federal Contract Tower,2,0,2,0,4,0,0,5,0,5,2,0,7,0,9,8,0,8,17
08/09/2020,LAW,OK,ASW,CE,Federal Contract Tower,2,0,0,2,4,0,0,4,0,4,2,0,4,2,8,22,2,24,32
08/10/2020,LAW,OK,ASW,CE,Federal Contract Tower,2,0,0,82,84,0,0,9,0,9,2,0,9,82,93,18,0,18,111
08/11/2020,LAW,OK,ASW,CE,Federal Contract Tower,3,0,0,102,105,0,0,13,0,13,3,0,13,102,118,0,2,2,120
08/12/2020,LAW,OK,ASW,CE,Federal Contract Tower,7,0,3,89,99,0,0,5,1,6,7,0,8,90,105,34,4,38,143
08/13/2020,LAW,OK,ASW,CE,Federal Contract Tower,4,0,5,60,69,0,0,3,0,3,4,0,8,60,72,0,0,0,72
08/14/2020,LAW,OK,ASW,CE,Federal Contract Tower,4,0,4,36,44,0,3,12,0,15,4,3,16,36,59,10,2,12,71
08/15/2020,LAW,OK,ASW,CE,Federal Contract Tower,2,0,1,0,3,0,0,10,0,10,2,0,11,0,13,6,0,6,19
08/16/2020,LAW,OK,ASW,CE,Federal Contract Tower,2,0,5,0,7,0,0,5,0,5,2,0,10,0,12,10,0,10,22
08/17/2020,LAW,OK,ASW,CE,Federal Contract Tower,2,0,2,41,45,0,0,8,0,8,2,0,10,41,53,0,4,4,57
08/18/2020,LAW,OK,ASW,CE,Federal Contract Tower,3,0,2,104,109,0,0,8,2,10,3,0,10,106,119,0,0,0,119
08/19/2020,LAW,OK,ASW,CE,Federal Contract Tower,3,0,1,122,126,0,0,6,0,6,3,0,7,122,132,0,0,0,132
08/20/2020,LAW,OK,ASW,CE,Federal Contract Tower,2,0,4,110,116,0,0,23,2,25,2,0,27,112,141,4,4,8,149
08/21/2020,LAW,OK,ASW,CE,Federal Contract Tower,6,0,4,74,84,0,1,14,0,15,6,1,18,74,99,6,0,6,105
08/22/2020,LAW,OK,ASW,CE,Federal Contract Tower,2,0,2,0,4,0,0,17,0,17,2,0,19,0,21,14,0,14,35
08/23/2020,LAW,OK,ASW,CE,Federal Contract Tower,2,0,17,0,19,0,0,11,0,11,2,0,28,0,30,34,0,34,64
08/24/2020,LAW,OK,ASW,CE,Federal Contract Tower,2,0,2,120,124,0,0,14,8,22,2,0,16,128,146,4,0,4,150
08/25/2020,LAW,OK,ASW,CE,Federal Contract Tower,3,0,4,76,83,0,0,17,0,17,3,0,21,76,100,0,0,0,100
08/26/2020,LAW,OK,ASW,CE,Federal Contract Tower,3,0,0,103,106,0,0,20,1,21,3,0,20,104,127,16,1,17,144
08/27/2020,LAW,OK,ASW,CE,Federal Contract Tower,2,0,0,70,72,0,0,12,0,12,2,0,12,70,84,10,0,10,94
08/28/2020,LAW,OK,ASW,CE,Federal Contract Tower,4,0,2,95,101,0,0,15,1,16,4,0,17,96,117,0,0,0,117
08/29/2020,LAW,OK,ASW,CE,Federal Contract Tower,2,0,7,0,9,0,1,31,0,32,2,1,38,0,41,18,0,18,59
08/30/2020,LAW,OK,ASW,CE,Federal Contract Tower,2,0,1,6,9,0,0,6,0,6,2,0,7,6,15,12,4,16,31
08/31/2020,LAW,OK,ASW,CE,Federal Contract Tower,2,0,4,60,66,0,0,3,6,9,2,0,7,66,75,8,0,8,83
09/01/2020,LAW,OK,ASW,CE,Federal Contract Tower,2,0,6,28,36,0,0,0,0,0,2,0,6,28,36,6,0,6,42
09/02/2020,LAW,OK,ASW,CE,Federal Contract Tower,3,0,1,70,74,0,0,1,0,1,3,0,2,70,75,0,0,0,75
09/03/2020,LAW,OK,ASW,CE,Federal Contract Tower,2,0,5,94,101,0,0,24,6,30,2,0,29,100,131,14,0,14,145
09/04/2020,LAW,OK,ASW,CE,Federal Contract Tower,2,2,2,0,6,0,0,10,0,10,2,2,12,0,16,0,0,0,16
09/05/2020,LAW,OK,ASW,CE,Federal Contract Tower,5,0,1,0,6,0,3,5,0,8,5,3,6,0,14,0,0,0,14
09/06/2020,LAW,OK,ASW,CE,Federal Contract Tower,2,0,7,0,9,0,0,11,0,11,2,0,18,0,20,2,0,2,22
09/07/2020,LAW,OK,ASW,CE,Federal Contract Tower,2,0,1,0,3,0,0,7,0,7,2,0,8,0,10,0,0,0,10
09/08/2020,LAW,OK,ASW,CE,Federal Contract Tower,4,0,12,52,68,0,0,4,4,8,4,0,16,56,76,6,0,6,82
09/09/2020,LAW,OK,ASW,CE,Federal Contract Tower,2,0,1,0,3,0,0,0,0,0,2,0,1,0,3,0,0,0,3
09/10/2020,LAW,OK,ASW,CE,Federal Contract Tower,2,0,2,104,108,0,0,0,0,0,2,0,2,104,108,0,0,0,108
09/11/2020,LAW,OK,ASW,CE,Federal Contract Tower,4,0,4,100,108,0,1,8,0,9,4,1,12,100,117,0,4,4,121
09/12/2020,LAW,OK,ASW,CE,Federal Contract Tower,2,0,13,0,15,0,2,18,0,20,2,2,31,0,35,22,0,22,57
09/13/2020,LAW,OK,ASW,CE,Federal Contract Tower,2,0,1,0,3,0,0,9,2,11,2,0,10,2,14,18,0,18,32
09/14/2020,LAW,OK,ASW,CE,Federal Contract Tower,4,0,1,108,113,0,0,5,3,8,4,0,6,111,121,8,7,15,136
09/15/2020,LAW,OK,ASW,CE,Federal Contract Tower,3,0,2,100,105,0,0,13,8,21,3,0,15,108,126,16,0,16,142
09/16/2020,LAW,OK,ASW,CE,Federal Contract Tower,2,0,2,88,92,0,0,19,4,23,2,0,21,92,115,14,0,14,129
09/17/2020,LAW,OK,ASW,CE,Federal Contract Tower,2,0,7,72,81,0,0,33,0,33,2,0,40,72,114,0,0,0,114
09/18/2020,LAW,OK,ASW,CE,Federal Contract Tower,6,2,6,104,118,0,2,13,0,15,6,4,19,104,133,6,0,6,139
09/19/2020,LAW,OK,ASW,CE,Federal Contract Tower,2,0,7,0,9,0,0,11,0,11,2,0,18,0,20,14,0,14,34
09/20/2020,LAW,OK,ASW,CE,Federal Contract Tower,2,0,6,0,8,0,0,3,0,3,2,0,9,0,11,0,0,0,11
09/21/2020,LAW,OK,ASW,CE,Federal Contract Tower,2,0,10,96,108,0,0,13,0,13,2,0,23,96,121,0,2,2,123
09/22/2020,LAW,OK,ASW,CE,Federal Contract Tower,4,0,16,94,114,0,0,0,0,0,4,0,16,94,114,0,0,0,114
09/23/2020,LAW,OK,ASW,CE,Federal Contract Tower,2,0,10,74,86,0,0,5,0,5,2,0,15,74,91,0,0,0,91
09/24/2020,LAW,OK,ASW,CE,Federal Contract Tower,2,0,6,50,58,0,0,22,0,22,2,0,28,50,80,0,0,0,80
09/25/2020,LAW,OK,ASW,CE,Federal Contract Tower,2,0,7,48,57,0,0,13,0,13,2,0,20,48,70,2,0,2,72
09/26/2020,LAW,OK,ASW,CE,Federal Contract Tower,2,0,6,0,8,0,0,13,0,13,2,0,19,0,21,0,0,0,21
09/27/2020,LAW,OK,ASW,CE,Federal Contract Tower,2,0,3,0,5,0,2,6,0,8,2,2,9,0,13,0,0,0,13
09/28/2020,LAW,OK,ASW,CE,Federal Contract Tower,2,0,4,70,76,0,0,20,0,20,2,0,24,70,96,0,0,0,96
09/29/2020,LAW,OK,ASW,CE,Federal Contract Tower,3,0,5,50,58,0,0,6,0,6,3,0,11,50,64,26,4,30,94
09/30/2020,LAW,OK,ASW,CE,Federal Contract Tower,4,0,0,50,54,0,0,30,2,32,4,0,30,52,86,20,0,20,106
10/01/2020,LAW,OK,ASW,CE,Federal Contract Tower,2,0,7,62,71,0,0,23,0,23,2,0,30,62,94,0,0,0,94
10/02/2020,LAW,OK,ASW,CE,Federal Contract Tower,2,0,2,52,56,0,1,11,0,12,2,1,13,52,68,8,0,8,76
10/03/2020,LAW,OK,ASW,CE,Federal Contract Tower,2,0,0,0,2,0,0,9,0,9,2,0,9,0,11,0,0,0,11
10/04/2020,LAW,OK,ASW,CE,Federal Contract Tower,2,0,6,0,8,0,0,11,0,11,2,0,17,0,19,50,0,50,69
10/05/2020,LAW,OK,ASW,CE,Federal Contract Tower,2,0,3,70,75,0,0,7,2,9,2,0,10,72,84,0,2,2,86
10/06/2020,LAW,OK,ASW,CE,Federal Contract Tower,3,0,6,80,89,0,0,12,0,12,3,0,18,80,101,4,0,4,105
10/07/2020,LAW,OK,ASW,CE,Federal Contract Tower,5,0,10,69,84,0,0,15,2,17,5,0,25,71,101,0,0,0,101
10/08/2020,LAW,OK,ASW,CE,Federal Contract Tower,5,0,7,66,78,0,0,17,0,17,5,0,24,66,95,0,0,0,95
10/09/2020,LAW,OK,ASW,CE,Federal Contract Tower,4,0,7,48,59,0,1,6,0,7,4,1,13,48,66,4,0,4,70
10/10/2020,LAW,OK,ASW,CE,Federal Contract Tower,2,0,3,2,7,0,0,14,0,14,2,0,17,2,21,0,0,0,21
10/11/2020,LAW,OK,ASW,CE,Federal Contract Tower,3,0,1,0,4,0,0,17,0,17,3,0,18,0,21,6,0,6,27
10/12/2020,LAW,OK,ASW,CE,Federal Contract Tower,4,0,6,0,10,0,0,0,0,0,4,0,6,0,10,0,0,0,10
10/13/2020,LAW,OK,ASW,CE,Federal Contract Tower,3,0,7,58,68,0,0,12,0,12,3,0,19,58,80,0,0,0,80
10/14/2020,LAW,OK,ASW,CE,Federal Contract Tower,3,0,5,86,94,0,0,8,2,10,3,0,13,88,104,8,0,8,112
10/15/2020,LAW,OK,ASW,CE,Federal Contract Tower,3,0,3,40,46,0,0,3,0,3,3,0,6,40,49,0,0,0,49
10/16/2020,LAW,OK,ASW,CE,Federal Contract Tower,4,0,3,76,83,0,1,31,1,33,4,1,34,77,116,4,2,6,122
10/17/2020,LAW,OK,ASW,CE,Federal Contract Tower,2,0,5,0,7,0,1,9,0,10,2,1,14,0,17,8,0,8,25
10/18/2020,LAW,OK,ASW,CE,Federal Contract Tower,4,0,8,3,15,0,0,4,0,4,4,0,12,3,19,19,0,19,38
10/19/2020,LAW,OK,ASW,CE,Federal Contract Tower,5,0,13,103,121,0,0,4,0,4,5,0,17,103,125,0,8,8,133
10/20/2020,LAW,OK,ASW,CE,Federal Contract Tower,3,0,4,118,125,0,0,4,0,4,3,0,8,118,129,0,0,0,129
10/21/2020,LAW,OK,ASW,CE,Federal Contract Tower,5,0,4,77,86,0,0,8,1,9,5,0,12,78,95,0,26,26,121
10/22/2020,LAW,OK,ASW,CE,Federal Contract Tower,3,0,0,122,125,0,0,6,0,6,3,0,6,122,131,0,0,0,131
10/23/2020,LAW,OK,ASW,CE,Federal Contract Tower,7,0,2,48,57,0,0,4,0,4,7,0,6,48,61,0,0,0,61
10/24/2020,LAW,OK,ASW,CE,Federal Contract Tower,2,0,2,18,22,0,0,21,0,21,2,0,23,18,43,30,0,30,73
10/25/2020,LAW,OK,ASW,CE,Federal Contract Tower,2,0,5,0,7,0,0,0,0,0,2,0,5,0,7,0,0,0,7
10/26/2020,LAW,OK,ASW,CE,Federal Contract Tower,4,0,0,0,4,0,0,0,0,0,4,0,0,0,4,0,0,0,4
10/27/2020,LAW,OK,ASW,CE,Federal Contract Tower,0,0,0,0,0,0,0,0,0,0,0,0,0,0,0,0,0,0,0
10/28/2020,LAW,OK,ASW,CE,Federal Contract Tower,3,0,2,0,5,0,0,0,0,0,3,0,2,0,5,0,0,0,5
10/29/2020,LAW,OK,ASW,CE,Federal Contract Tower,3,0,8,150,161,0,0,12,2,14,3,0,20,152,175,0,0,0,175
10/30/2020,LAW,OK,ASW,CE,Federal Contract Tower,6,0,9,132,147,0,0,12,0,12,6,0,21,132,159,0,0,0,159
10/31/2020,LAW,OK,ASW,CE,Federal Contract Tower,3,0,3,0,6,0,1,24,0,25,3,1,27,0,31,12,0,12,43
11/01/2020,LAW,OK,ASW,CE,Federal Contract Tower,4,0,4,9,17,0,0,8,0,8,4,0,12,9,25,0,0,0,25
11/02/2020,LAW,OK,ASW,CE,Federal Contract Tower,4,0,0,80,84,0,0,3,0,3,4,0,3,80,87,0,0,0,87
11/03/2020,LAW,OK,ASW,CE,Federal Contract Tower,4,0,4,56,64,0,0,19,0,19,4,0,23,56,83,0,0,0,83
11/04/2020,LAW,OK,ASW,CE,Federal Contract Tower,3,0,8,42,53,0,0,11,12,23,3,0,19,54,76,15,0,15,91
11/05/2020,LAW,OK,ASW,CE,Federal Contract Tower,3,0,3,84,90,0,0,31,0,31,3,0,34,84,121,21,0,21,142
11/06/2020,LAW,OK,ASW,CE,Federal Contract Tower,4,0,4,36,44,0,0,4,0,4,4,0,8,36,48,18,0,18,66
11/07/2020,LAW,OK,ASW,CE,Federal Contract Tower,4,0,2,0,6,0,0,10,0,10,4,0,12,0,16,0,0,0,16
11/08/2020,LAW,OK,ASW,CE,Federal Contract Tower,4,0,0,0,4,0,0,16,0,16,4,0,16,0,20,20,0,20,40
11/09/2020,LAW,OK,ASW,CE,Federal Contract Tower,3,0,4,43,50,0,0,1,0,1,3,0,5,43,51,0,2,2,53
11/10/2020,LAW,OK,ASW,CE,Federal Contract Tower,3,0,1,24,28,0,0,17,0,17,3,0,18,24,45,32,0,32,77
11/11/2020,LAW,OK,ASW,CE,Federal Contract Tower,3,0,3,0,6,0,0,19,0,19,3,0,22,0,25,0,0,0,25
11/12/2020,LAW,OK,ASW,CE,Federal Contract Tower,3,0,4,34,41,0,0,11,0,11,3,0,15,34,52,27,0,27,79
11/13/2020,LAW,OK,ASW,CE,Federal Contract Tower,4,0,1,36,41,0,0,6,0,6,4,0,7,36,47,14,2,16,63
11/14/2020,LAW,OK,ASW,CE,Federal Contract Tower,4,0,5,0,9,0,0,12,0,12,4,0,17,0,21,2,0,2,23
11/15/2020,LAW,OK,ASW,CE,Federal Contract Tower,4,0,1,0,5,0,0,23,0,23,4,0,24,0,28,12,2,14,42
11/16/2020,LAW,OK,ASW,CE,Federal Contract Tower,4,0,2,40,46,0,0,11,2,13,4,0,13,42,59,0,0,0,59
11/17/2020,LAW,OK,ASW,CE,Federal Contract Tower,3,0,5,26,34,0,0,25,0,25,3,0,30,26,59,40,0,40,99
11/18/2020,LAW,OK,ASW,CE,Federal Contract Tower,3,0,1,42,46,0,0,12,0,12,3,0,13,42,58,0,0,0,58
11/19/2020,LAW,OK,ASW,CE,Federal Contract Tower,4,0,6,48,58,0,0,10,2,12,4,0,16,50,70,0,0,0,70
11/20/2020,LAW,OK,ASW,CE,Federal Contract Tower,4,0,11,57,72,0,0,6,1,7,4,0,17,58,79,0,0,0,79
11/21/2020,LAW,OK,ASW,CE,Federal Contract Tower,4,0,2,1,7,0,0,3,1,4,4,0,5,2,11,0,4,4,15
11/22/2020,LAW,OK,ASW,CE,Federal Contract Tower,4,0,0,1,5,0,0,4,0,4,4,0,4,1,9,0,0,0,9
11/23/2020,LAW,OK,ASW,CE,Federal Contract Tower,2,0,4,44,50,0,0,4,0,4,2,0,8,44,54,0,0,0,54
11/24/2020,LAW,OK,ASW,CE,Federal Contract Tower,4,0,1,46,51,0,0,6,0,6,4,0,7,46,57,0,0,0,57
11/25/2020,LAW,OK,ASW,CE,Federal Contract Tower,3,0,6,64,73,0,0,14,0,14,3,0,20,64,87,0,0,0,87
11/26/2020,LAW,OK,ASW,CE,Federal Contract Tower,0,0,4,0,4,0,0,8,0,8,0,0,12,0,12,16,0,16,28
11/27/2020,LAW,OK,ASW,CE,Federal Contract Tower,2,0,1,0,3,0,0,10,0,10,2,0,11,0,13,0,0,0,13
11/28/2020,LAW,OK,ASW,CE,Federal Contract Tower,6,0,0,0,6,0,0,0,0,0,6,0,0,0,6,0,0,0,6
11/29/2020,LAW,OK,ASW,CE,Federal Contract Tower,6,0,2,0,8,0,0,3,0,3,6,0,5,0,11,0,0,0,11
11/30/2020,LAW,OK,ASW,CE,Federal Contract Tower,6,0,3,0,9,0,0,18,1,19,6,0,21,1,28,6,0,6,34
12/01/2020,LAW,OK,ASW,CE,Federal Contract Tower,4,0,7,0,11,0,0,7,0,7,4,0,14,0,18,0,0,0,18
12/02/2020,LAW,OK,ASW,CE,Federal Contract Tower,0,0,0,0,0,0,0,0,0,0,0,0,0,0,0,0,0,0,0
12/03/2020,LAW,OK,ASW,CE,Federal Contract Tower,0,0,0,0,0,1,0,2,0,3,1,0,2,0,3,0,0,0,3
12/04/2020,LAW,OK,ASW,CE,Federal Contract Tower,0,0,0,1,1,5,0,19,1,25,5,0,19,2,26,6,0,6,32
12/05/2020,LAW,OK,ASW,CE,Federal Contract Tower,0,0,0,0,0,2,0,9,0,11,2,0,9,0,11,10,0,10,21
12/06/2020,LAW,OK,ASW,CE,Federal Contract Tower,0,0,0,0,0,4,0,10,0,14,4,0,10,0,14,0,0,0,14
12/07/2020,LAW,OK,ASW,CE,Federal Contract Tower,0,0,0,0,0,4,0,12,0,16,4,0,12,0,16,6,0,6,22
12/08/2020,LAW,OK,ASW,CE,Federal Contract Tower,0,0,0,0,0,2,0,11,0,13,2,0,11,0,13,0,0,0,13
12/09/2020,LAW,OK,ASW,CE,Federal Contract Tower,0,0,0,0,0,2,0,25,0,27,2,0,25,0,27,12,0,12,39
12/10/2020,LAW,OK,ASW,CE,Federal Contract Tower,0,0,0,0,0,4,0,18,0,22,4,0,18,0,22,0,0,0,22
12/11/2020,LAW,OK,ASW,CE,Federal Contract Tower,0,0,0,0,0,4,0,16,0,20,4,0,16,0,20,0,0,0,20
12/12/2020,LAW,OK,ASW,CE,Federal Contract Tower,0,0,0,0,0,3,0,11,0,14,3,0,11,0,14,10,0,10,24
12/13/2020,LAW,OK,ASW,CE,Federal Contract Tower,0,0,0,0,0,0,0,1,0,1,0,0,1,0,1,0,0,0,1
12/14/2020,LAW,OK,ASW,CE,Federal Contract Tower,0,0,0,0,0,5,0,10,0,15,5,0,10,0,15,0,0,0,15
12/15/2020,LAW,OK,ASW,CE,Federal Contract Tower,0,0,0,0,0,0,0,0,0,0,0,0,0,0,0,0,0,0,0
12/16/2020,LAW,OK,ASW,CE,Federal Contract Tower,0,0,0,0,0,2,0,1,0,3,2,0,1,0,3,0,0,0,3
12/17/2020,LAW,OK,ASW,CE,Federal Contract Tower,0,0,0,0,0,6,1,16,2,25,6,1,16,2,25,2,0,2,27
12/18/2020,LAW,OK,ASW,CE,Federal Contract Tower,0,0,0,0,0,6,5,7,0,18,6,5,7,0,18,0,0,0,18
12/19/2020,LAW,OK,ASW,CE,Federal Contract Tower,0,0,0,0,0,6,0,10,0,16,6,0,10,0,16,12,0,12,28
12/20/2020,LAW,OK,ASW,CE,Federal Contract Tower,0,0,0,0,0,6,0,10,0,16,6,0,10,0,16,8,0,8,24
12/21/2020,LAW,OK,ASW,CE,Federal Contract Tower,0,0,0,0,0,6,0,8,2,16,6,0,8,2,16,0,0,0,16
12/22/2020,LAW,OK,ASW,CE,Federal Contract Tower,0,0,0,0,0,6,0,16,0,22,6,0,16,0,22,0,0,0,22
12/23/2020,LAW,OK,ASW,CE,Federal Contract Tower,0,0,0,0,0,6,0,9,0,15,6,0,9,0,15,6,0,6,21
12/24/2020,LAW,OK,ASW,CE,Federal Contract Tower,0,0,0,0,0,2,0,4,0,6,2,0,4,0,6,0,0,0,6
12/25/2020,LAW,OK,ASW,CE,Federal Contract Tower,0,0,0,0,0,2,1,2,0,5,2,1,2,0,5,0,0,0,5
12/26/2020,LAW,OK,ASW,CE,Federal Contract Tower,0,0,0,0,0,6,0,15,0,21,6,0,15,0,21,6,0,6,27
12/27/2020,LAW,OK,ASW,CE,Federal Contract Tower,0,0,0,0,0,6,0,4,0,10,6,0,4,0,10,0,0,0,10
12/28/2020,LAW,OK,ASW,CE,Federal Contract Tower,0,0,0,0,0,3,0,15,0,18,3,0,15,0,18,0,0,0,18
12/29/2020,LAW,OK,ASW,CE,Federal Contract Tower,0,0,0,0,0,0,0,0,0,0,0,0,0,0,0,0,0,0,0
12/30/2020,LAW,OK,ASW,CE,Federal Contract Tower,0,0,0,0,0,0,0,7,0,7,0,0,7,0,7,0,0,0,7
12/31/2020,LAW,OK,ASW,CE,Federal Contract Tower,0,0,0,0,0,2,0,5,0,7,2,0,5,0,7,0,0,0,7
01/01/2021,LAW,OK,ASW,CE,Federal Contract Tower,0,0,0,0,0,0,0,2,0,2,0,0,2,0,2,0,0,0,2
01/02/2021,LAW,OK,ASW,CE,Federal Contract Tower,0,0,0,0,0,7,1,9,0,17,7,1,9,0,17,0,0,0,17
01/03/2021,LAW,OK,ASW,CE,Federal Contract Tower,6,0,10,0,16,0,0,0,0,0,6,0,10,0,16,0,0,0,16
01/04/2021,LAW,OK,ASW,CE,Federal Contract Tower,0,0,0,0,0,6,0,10,0,16,6,0,10,0,16,0,0,0,16
01/05/2021,LAW,OK,ASW,CE,Federal Contract Tower,0,0,0,0,0,4,0,12,0,16,4,0,12,0,16,0,0,0,16
01/06/2021,LAW,OK,ASW,CE,Federal Contract Tower,0,0,0,0,0,4,0,0,0,4,4,0,0,0,4,0,0,0,4
01/07/2021,LAW,OK,ASW,CE,Federal Contract Tower,0,0,0,0,0,4,0,6,0,10,4,0,6,0,10,0,0,0,10
01/08/2021,LAW,OK,ASW,CE,Federal Contract Tower,0,0,0,0,0,4,0,2,0,6,4,0,2,0,6,0,0,0,6
01/09/2021,LAW,OK,ASW,CE,Federal Contract Tower,0,0,0,0,0,5,3,5,0,13,5,3,5,0,13,0,0,0,13
01/10/2021,LAW,OK,ASW,CE,Federal Contract Tower,0,0,0,0,0,0,0,7,0,7,0,0,7,0,7,0,0,0,7
01/11/2021,LAW,OK,ASW,CE,Federal Contract Tower,0,0,0,0,0,5,0,11,0,16,5,0,11,0,16,0,0,0,16
01/12/2021,LAW,OK,ASW,CE,Federal Contract Tower,0,0,0,0,0,4,0,4,0,8,4,0,4,0,8,6,0,6,14
01/13/2021,LAW,OK,ASW,CE,Federal Contract Tower,0,0,0,0,0,4,0,12,0,16,4,0,12,0,16,0,0,0,16
01/14/2021,LAW,OK,ASW,CE,Federal Contract Tower,0,0,0,0,0,4,0,12,0,16,4,0,12,0,16,0,0,0,16
01/15/2021,LAW,OK,ASW,CE,Federal Contract Tower,0,0,0,0,0,0,0,2,0,2,0,0,2,0,2,0,0,0,2
01/16/2021,LAW,OK,ASW,CE,Federal Contract Tower,0,0,0,0,0,4,0,9,0,13,4,0,9,0,13,10,0,10,23
01/17/2021,LAW,OK,ASW,CE,Federal Contract Tower,0,0,0,0,0,4,0,16,0,20,4,0,16,0,20,0,0,0,20
01/18/2021,LAW,OK,ASW,CE,Federal Contract Tower,0,0,0,0,0,4,0,19,0,23,4,0,19,0,23,16,0,16,39
01/19/2021,LAW,OK,ASW,CE,Federal Contract Tower,0,0,0,0,0,4,0,9,0,13,4,0,9,0,13,0,0,0,13
01/20/2021,LAW,OK,ASW,CE,Federal Contract Tower,0,0,0,0,0,4,0,6,2,12,4,0,6,2,12,0,0,0,12
01/21/2021,LAW,OK,ASW,CE,Federal Contract Tower,0,0,0,0,0,4,0,10,0,14,4,0,10,0,14,0,0,0,14
01/22/2021,LAW,OK,ASW,CE,Federal Contract Tower,0,0,0,0,0,4,1,7,0,12,4,1,7,0,12,2,0,2,14
01/23/2021,LAW,OK,ASW,CE,Federal Contract Tower,0,0,0,0,0,0,0,0,0,0,0,0,0,0,0,0,0,0,0
01/24/2021,LAW,OK,ASW,CE,Federal Contract Tower,0,0,0,0,0,0,0,0,0,0,0,0,0,0,0,0,0,0,0
01/25/2021,LAW,OK,ASW,CE,Federal Contract Tower,0,0,0,0,0,1,0,10,0,11,1,0,10,0,11,0,0,0,11
01/26/2021,LAW,OK,ASW,CE,Federal Contract Tower,0,0,0,0,0,5,0,12,0,17,5,0,12,0,17,0,0,0,17
01/27/2021,LAW,OK,ASW,CE,Federal Contract Tower,0,0,0,0,0,4,0,10,0,14,4,0,10,0,14,14,0,14,28
01/28/2021,LAW,OK,ASW,CE,Federal Contract Tower,0,0,0,0,0,4,0,13,0,17,4,0,13,0,17,12,0,12,29
01/29/2021,LAW,OK,ASW,CE,Federal Contract Tower,0,0,0,0,0,5,0,5,0,10,5,0,5,0,10,8,0,8,18
01/30/2021,LAW,OK,ASW,CE,Federal Contract Tower,0,0,0,0,0,0,1,3,0,4,0,1,3,0,4,0,0,0,4
01/31/2021,LAW,OK,ASW,CE,Federal Contract Tower,0,0,0,0,0,5,0,5,0,10,5,0,5,0,10,12,0,12,22
02/01/2021,LAW,OK,ASW,CE,Federal Contract Tower,0,0,0,0,0,4,0,13,0,17,4,0,13,0,17,20,0,20,37
02/02/2021,LAW,OK,ASW,CE,Federal Contract Tower,0,0,0,0,0,4,0,9,0,13,4,0,9,0,13,8,0,8,21
02/03/2021,LAW,OK,ASW,CE,Federal Contract Tower,0,0,0,0,0,4,0,13,0,17,4,0,13,0,17,0,0,0,17
02/04/2021,LAW,OK,ASW,CE,Federal Contract Tower,0,0,0,0,0,4,0,10,0,14,4,0,10,0,14,0,0,0,14
02/05/2021,LAW,OK,ASW,CE,Federal Contract Tower,0,0,1,0,1,4,0,16,0,20,4,0,17,0,21,20,0,20,41
02/06/2021,LAW,OK,ASW,CE,Federal Contract Tower,0,0,0,0,0,3,0,3,0,6,3,0,3,0,6,0,0,0,6
02/07/2021,LAW,OK,ASW,CE,Federal Contract Tower,0,0,0,0,0,3,0,4,0,7,3,0,4,0,7,0,0,0,7
02/08/2021,LAW,OK,ASW,CE,Federal Contract Tower,0,0,0,0,0,0,0,2,0,2,0,0,2,0,2,0,0,0,2
02/09/2021,LAW,OK,ASW,CE,Federal Contract Tower,0,0,0,0,0,1,0,1,0,2,1,0,1,0,2,0,0,0,2
02/10/2021,LAW,OK,ASW,CE,Federal Contract Tower,0,0,0,0,0,0,0,0,0,0,0,0,0,0,0,0,0,0,0
02/11/2021,LAW,OK,ASW,CE,Federal Contract Tower,0,0,0,0,0,0,0,3,0,3,0,0,3,0,3,0,0,0,3
02/12/2021,LAW,OK,ASW,CE,Federal Contract Tower,0,0,0,0,0,0,0,0,0,0,0,0,0,0,0,4,0,4,4
02/13/2021,LAW,OK,ASW,CE,Federal Contract Tower,0,0,0,0,0,5,1,4,0,10,5,1,4,0,10,0,0,0,10
02/14/2021,LAW,OK,ASW,CE,Federal Contract Tower,0,0,0,0,0,0,0,0,0,0,0,0,0,0,0,0,0,0,0
02/15/2021,LAW,OK,ASW,CE,Federal Contract Tower,0,0,0,0,0,0,0,4,0,4,0,0,4,0,4,0,0,0,4
02/16/2021,LAW,OK,ASW,CE,Federal Contract Tower,0,0,0,0,0,0,0,8,0,8,0,0,8,0,8,0,0,0,8
02/17/2021,LAW,OK,ASW,CE,Federal Contract Tower,0,0,0,0,0,0,0,1,0,1,0,0,1,0,1,0,0,0,1
02/18/2021,LAW,OK,ASW,CE,Federal Contract Tower,0,0,0,0,0,0,0,2,0,2,0,0,2,0,2,0,0,0,2
02/19/2021,LAW,OK,ASW,CE,Federal Contract Tower,0,0,0,0,0,0,0,2,0,2,0,0,2,0,2,0,0,0,2
02/20/2021,LAW,OK,ASW,CE,Federal Contract Tower,0,0,0,0,0,4,0,3,0,7,4,0,3,0,7,10,0,10,17
02/21/2021,LAW,OK,ASW,CE,Federal Contract Tower,0,0,0,0,0,5,0,9,0,14,5,0,9,0,14,10,0,10,24
02/22/2021,LAW,OK,ASW,CE,Federal Contract Tower,0,0,0,0,0,4,0,18,0,22,4,0,18,0,22,0,0,0,22
02/23/2021,LAW,OK,ASW,CE,Federal Contract Tower,0,0,0,0,0,4,2,14,0,20,4,2,14,0,20,0,0,0,20
02/24/2021,LAW,OK,ASW,CE,Federal Contract Tower,0,0,0,0,0,4,0,3,0,7,4,0,3,0,7,0,0,0,7
02/25/2021,LAW,OK,ASW,CE,Federal Contract Tower,0,0,0,0,0,1,0,12,2,15,1,0,12,2,15,6,0,6,21
02/26/2021,LAW,OK,ASW,CE,Federal Contract Tower,0,0,0,0,0,3,1,12,0,16,3,1,12,0,16,32,0,32,48
02/27/2021,LAW,OK,ASW,CE,Federal Contract Tower,0,0,0,0,0,0,0,0,0,0,0,0,0,0,0,0,0,0,0
02/28/2021,LAW,OK,ASW,CE,Federal Contract Tower,0,0,0,0,0,4,0,10,0,14,4,0,10,0,14,4,0,4,18
03/01/2021,LAW,OK,ASW,CE,Federal Contract Tower,0,0,0,0,0,4,0,8,0,12,4,0,8,0,12,5,0,5,17
03/02/2021,LAW,OK,ASW,CE,Federal Contract Tower,0,0,0,0,0,4,0,6,2,12,4,0,6,2,12,0,0,0,12
03/03/2021,LAW,OK,ASW,CE,Federal Contract Tower,0,0,0,0,0,4,0,7,0,11,4,0,7,0,11,4,0,4,15
03/04/2021,LAW,OK,ASW,CE,Federal Contract Tower,0,0,0,0,0,4,0,14,0,18,4,0,14,0,18,0,0,0,18
03/05/2021,LAW,OK,ASW,CE,Federal Contract Tower,0,0,0,0,0,3,0,3,1,7,3,0,3,1,7,4,0,4,11
03/06/2021,LAW,OK,ASW,CE,Federal Contract Tower,0,0,0,0,0,4,1,13,1,19,4,1,13,1,19,0,0,0,19
03/07/2021,LAW,OK,ASW,CE,Federal Contract Tower,0,0,0,0,0,4,0,12,0,16,4,0,12,0,16,0,0,0,16
03/08/2021,LAW,OK,ASW,CE,Federal Contract Tower,0,0,0,0,0,4,0,17,2,23,4,0,17,2,23,6,0,6,29
03/09/2021,LAW,OK,ASW,CE,Federal Contract Tower,0,0,0,0,0,4,0,9,2,15,4,0,9,2,15,0,0,0,15
03/10/2021,LAW,OK,ASW,CE,Federal Contract Tower,0,0,0,0,0,4,0,11,2,17,4,0,11,2,17,0,0,0,17
03/11/2021,LAW,OK,ASW,CE,Federal Contract Tower,0,0,0,0,0,4,0,11,1,16,4,0,11,1,16,0,0,0,16
03/12/2021,LAW,OK,ASW,CE,Federal Contract Tower,0,0,0,0,0,4,1,4,3,12,4,1,4,3,12,6,0,6,18
03/13/2021,LAW,OK,ASW,CE,Federal Contract Tower,0,0,0,0,0,3,0,1,1,5,3,0,1,1,5,14,0,14,19
03/14/2021,LAW,OK,ASW,CE,Federal Contract Tower,0,0,0,0,0,2,0,15,0,17,2,0,15,0,17,17,0,17,34
03/15/2021,LAW,OK,ASW,CE,Federal Contract Tower,0,0,0,0,0,2,0,7,45,54,2,0,7,45,54,0,0,0,54
03/16/2021,LAW,OK,ASW,CE,Federal Contract Tower,0,0,0,0,0,6,0,5,1,12,6,0,5,1,12,0,0,0,12
03/17/2021,LAW,OK,ASW,CE,Federal Contract Tower,1,0,1,0,2,1,0,1,0,2,2,0,2,0,4,0,0,0,4
03/18/2021,LAW,OK,ASW,CE,Federal Contract Tower,6,0,5,82,93,0,0,8,2,10,6,0,13,84,103,0,0,0,103
03/19/2021,LAW,OK,ASW,CE,Federal Contract Tower,6,0,0,0,6,0,0,0,0,0,6,0,0,0,6,8,0,8,14
03/20/2021,LAW,OK,ASW,CE,Federal Contract Tower,6,0,1,0,7,0,0,13,0,13,6,0,14,0,20,26,0,26,46
03/21/2021,LAW,OK,ASW,CE,Federal Contract Tower,6,0,1,0,7,0,0,9,4,13,6,0,10,4,20,22,0,22,42
03/22/2021,LAW,OK,ASW,CE,Federal Contract Tower,3,0,1,12,16,0,0,2,0,2,3,0,3,12,18,0,0,0,18
03/23/2021,LAW,OK,ASW,CE,Federal Contract Tower,7,0,2,60,69,0,0,3,3,6,7,0,5,63,75,0,0,0,75
03/24/2021,LAW,OK,ASW,CE,Federal Contract Tower,6,0,1,70,77,0,0,2,1,3,6,0,3,71,80,0,0,0,80
03/25/2021,LAW,OK,ASW,CE,Federal Contract Tower,6,0,2,104,112,0,0,20,0,20,6,0,22,104,132,6,0,6,138
03/26/2021,LAW,OK,ASW,CE,Federal Contract Tower,6,2,1,72,81,0,1,7,0,8,6,3,8,72,89,0,0,0,89
03/27/2021,LAW,OK,ASW,CE,Federal Contract Tower,6,0,1,0,7,0,2,11,0,13,6,2,12,0,20,22,0,22,42
03/28/2021,LAW,OK,ASW,CE,Federal Contract Tower,6,0,3,0,9,0,0,18,0,18,6,0,21,0,27,10,0,10,37
03/29/2021,LAW,OK,ASW,CE,Federal Contract Tower,6,0,5,88,99,0,0,10,0,10,6,0,15,88,109,0,0,0,109
03/30/2021,LAW,OK,ASW,CE,Federal Contract Tower,6,0,3,68,77,0,0,7,4,11,6,0,10,72,88,0,0,0,88
03/31/2021,LAW,OK,ASW,CE,Federal Contract Tower,6,0,3,0,9,0,0,23,0,23,6,0,26,0,32,6,0,6,38
04/01/2021,LAW,OK,ASW,CE,Federal Contract Tower,4,0,3,38,45,0,0,13,0,13,4,0,16,38,58,8,0,8,66
04/02/2021,LAW,OK,ASW,CE,Federal Contract Tower,4,0,2,84,90,0,2,13,0,15,4,2,15,84,105,8,0,8,113
04/03/2021,LAW,OK,ASW,CE,Federal Contract Tower,3,0,0,0,3,0,1,8,2,11,3,1,8,2,14,0,0,0,14
04/04/2021,LAW,OK,ASW,CE,Federal Contract Tower,5,0,3,0,8,0,0,4,0,4,5,0,7,0,12,0,0,0,12
04/05/2021,LAW,OK,ASW,CE,Federal Contract Tower,4,0,8,90,102,0,0,11,0,11,4,0,19,90,113,16,14,30,143
04/06/2021,LAW,OK,ASW,CE,Federal Contract Tower,3,0,2,126,131,0,0,11,0,11,3,0,13,126,142,0,0,0,142
04/07/2021,LAW,OK,ASW,CE,Federal Contract Tower,3,0,6,68,77,0,0,2,0,2,3,0,8,68,79,0,6,6,85
04/08/2021,LAW,OK,ASW,CE,Federal Contract Tower,4,0,5,80,89,0,0,21,0,21,4,0,26,80,110,4,0,4,114
04/09/2021,LAW,OK,ASW,CE,Federal Contract Tower,3,0,0,68,71,0,1,12,1,14,3,1,12,69,85,6,2,8,93
04/10/2021,LAW,OK,ASW,CE,Federal Contract Tower,4,0,1,3,8,0,1,17,5,23,4,1,18,8,31,12,2,14,45
04/11/2021,LAW,OK,ASW,CE,Federal Contract Tower,4,0,8,3,15,0,0,13,0,13,4,0,21,3,28,32,0,32,60
04/12/2021,LAW,OK,ASW,CE,Federal Contract Tower,3,0,0,36,39,0,0,10,2,12,3,0,10,38,51,5,0,5,56
04/13/2021,LAW,OK,ASW,CE,Federal Contract Tower,4,0,4,73,81,0,0,13,0,13,4,0,17,73,94,8,18,26,120
04/14/2021,LAW,OK,ASW,CE,Federal Contract Tower,3,0,7,40,50,0,0,4,0,4,3,0,11,40,54,0,0,0,54
04/15/2021,LAW,OK,ASW,CE,Federal Contract Tower,4,0,9,0,13,0,0,3,0,3,4,0,12,0,16,0,0,0,16
04/16/2021,LAW,OK,ASW,CE,Federal Contract Tower,11,0,10,3,24,0,0,0,0,0,11,0,10,3,24,0,0,0,24
04/17/2021,LAW,OK,ASW,CE,Federal Contract Tower,3,0,8,1,12,0,0,8,0,8,3,0,16,1,20,6,0,6,26
04/18/2021,LAW,OK,ASW,CE,Federal Contract Tower,4,0,0,6,10,0,0,18,2,20,4,0,18,8,30,14,0,14,44
04/19/2021,LAW,OK,ASW,CE,Federal Contract Tower,4,0,1,84,89,0,0,10,2,12,4,0,11,86,101,0,0,0,101
04/20/2021,LAW,OK,ASW,CE,Federal Contract Tower,3,0,0,88,91,0,0,9,0,9,3,0,9,88,100,0,0,0,100
04/21/2021,LAW,OK,ASW,CE,Federal Contract Tower,3,0,6,62,71,0,0,17,0,17,3,0,23,62,88,8,4,12,100
04/22/2021,LAW,OK,ASW,CE,Federal Contract Tower,4,0,9,102,115,0,0,8,0,8,4,0,17,102,123,0,0,0,123
04/23/2021,LAW,OK,ASW,CE,Federal Contract Tower,5,0,6,18,29,0,0,0,0,0,5,0,6,18,29,0,0,0,29
04/24/2021,LAW,OK,ASW,CE,Federal Contract Tower,4,0,3,9,16,0,0,4,2,6,4,0,7,11,22,12,2,14,36
04/25/2021,LAW,OK,ASW,CE,Federal Contract Tower,4,0,0,0,4,0,1,13,0,14,4,1,13,0,18,14,0,14,32
04/26/2021,LAW,OK,ASW,CE,Federal Contract Tower,4,0,2,84,90,0,0,11,2,13,4,0,13,86,103,0,4,4,107
04/27/2021,LAW,OK,ASW,CE,Federal Contract Tower,2,0,9,52,63,0,0,14,0,14,2,0,23,52,77,0,0,0,77
04/28/2021,LAW,OK,ASW,CE,Federal Contract Tower,3,0,6,30,39,0,0,4,0,4,3,0,10,30,43,0,0,0,43
04/29/2021,LAW,OK,ASW,CE,Federal Contract Tower,4,0,11,10,25,0,0,3,0,3,4,0,14,10,28,0,4,4,32
04/30/2021,LAW,OK,ASW,CE,Federal Contract Tower,8,0,5,36,49,0,1,13,0,14,8,1,18,36,63,8,0,8,71
05/01/2021,LAW,OK,ASW,CE,Federal Contract Tower,5,0,6,0,11,0,0,1,0,1,5,0,7,0,12,0,0,0,12
05/02/2021,LAW,OK,ASW,CE,Federal Contract Tower,4,0,12,0,16,0,0,6,0,6,4,0,18,0,22,0,0,0,22
05/03/2021,LAW,OK,ASW,CE,Federal Contract Tower,3,0,3,114,120,0,0,1,0,1,3,0,4,114,121,0,0,0,121
05/04/2021,LAW,OK,ASW,CE,Federal Contract Tower,3,0,6,45,54,0,0,15,0,15,3,0,21,45,69,0,0,0,69
05/05/2021,LAW,OK,ASW,CE,Federal Contract Tower,3,0,6,78,87,0,0,10,4,14,3,0,16,82,101,6,0,6,107
05/06/2021,LAW,OK,ASW,CE,Federal Contract Tower,8,0,4,74,86,0,0,14,5,19,8,0,18,79,105,6,0,6,111
05/07/2021,LAW,OK,ASW,CE,Federal Contract Tower,8,0,4,88,100,0,1,17,4,22,8,1,21,92,122,14,0,14,136
05/08/2021,LAW,OK,ASW,CE,Federal Contract Tower,5,0,0,2,7,0,0,6,0,6,5,0,6,2,13,6,0,6,19
05/09/2021,LAW,OK,ASW,CE,Federal Contract Tower,8,0,0,0,8,0,0,6,0,6,8,0,6,0,14,0,0,0,14
05/10/2021,LAW,OK,ASW,CE,Federal Contract Tower,4,0,5,71,80,0,0,20,0,20,4,0,25,71,100,0,10,10,110
05/11/2021,LAW,OK,ASW,CE,Federal Contract Tower,1,0,2,0,3,0,0,0,0,0,1,0,2,0,3,0,0,0,3
05/12/2021,LAW,OK,ASW,CE,Federal Contract Tower,6,0,5,149,160,0,0,20,4,24,6,0,25,153,184,0,2,2,186
05/13/2021,LAW,OK,ASW,CE,Federal Contract Tower,6,0,4,142,152,0,0,15,4,19,6,0,19,146,171,20,0,20,191
05/14/2021,LAW,OK,ASW,CE,Federal Contract Tower,8,0,4,114,126,0,0,6,3,9,8,0,10,117,135,0,0,0,135
05/15/2021,LAW,OK,ASW,CE,Federal Contract Tower,5,2,0,0,7,0,2,9,0,11,5,4,9,0,18,0,0,0,18
05/16/2021,LAW,OK,ASW,CE,Federal Contract Tower,4,0,1,4,9,0,0,0,4,4,4,0,1,8,13,0,0,0,13
05/17/2021,LAW,OK,ASW,CE,Federal Contract Tower,4,0,0,156,160,0,0,15,0,15,4,0,15,156,175,12,4,16,191
05/18/2021,LAW,OK,ASW,CE,Federal Contract Tower,4,0,0,118,122,0,0,0,0,0,4,0,0,118,122,0,0,0,122
05/19/2021,LAW,OK,ASW,CE,Federal Contract Tower,6,0,1,134,141,0,0,4,1,5,6,0,5,135,146,0,0,0,146
05/20/2021,LAW,OK,ASW,CE,Federal Contract Tower,6,0,2,106,114,0,0,11,0,11,6,0,13,106,125,8,0,8,133
05/21/2021,LAW,OK,ASW,CE,Federal Contract Tower,9,0,6,92,107,0,0,11,0,11,9,0,17,92,118,10,0,10,128
05/22/2021,LAW,OK,ASW,CE,Federal Contract Tower,5,0,6,0,11,0,0,2,0,2,5,0,8,0,13,4,0,4,17
05/23/2021,LAW,OK,ASW,CE,Federal Contract Tower,5,0,1,0,6,0,0,0,0,0,5,0,1,0,6,0,0,0,6
05/24/2021,LAW,OK,ASW,CE,Federal Contract Tower,4,0,2,146,152,0,0,1,0,1,4,0,3,146,153,0,0,0,153
05/25/2021,LAW,OK,ASW,CE,Federal Contract Tower,6,0,4,34,44,0,0,9,2,11,6,0,13,36,55,4,0,4,59
05/26/2021,LAW,OK,ASW,CE,Federal Contract Tower,6,0,10,38,54,0,0,11,0,11,6,0,21,38,65,0,0,0,65
05/27/2021,LAW,OK,ASW,CE,Federal Contract Tower,6,0,19,28,53,0,0,5,0,5,6,0,24,28,58,0,0,0,58
05/28/2021,LAW,OK,ASW,CE,Federal Contract Tower,6,0,5,0,11,0,0,11,0,11,6,0,16,0,22,4,0,4,26
05/29/2021,LAW,OK,ASW,CE,Federal Contract Tower,5,0,7,0,12,0,0,16,0,16,5,0,23,0,28,4,0,4,32
05/30/2021,LAW,OK,ASW,CE,Federal Contract Tower,6,0,3,0,9,0,0,3,0,3,6,0,6,0,12,4,0,4,16
05/31/2021,LAW,OK,ASW,CE,Federal Contract Tower,5,0,0,0,5,0,0,3,0,3,5,0,3,0,8,0,0,0,8
06/01/2021,LAW,OK,ASW,CE,Federal Contract Tower,7,0,1,56,64,0,0,10,0,10,7,0,11,56,74,0,0,0,74
06/02/2021,LAW,OK,ASW,CE,Federal Contract Tower,6,0,1,76,83,0,0,10,0,10,6,0,11,76,93,12,10,22,115
06/03/2021,LAW,OK,ASW,CE,Federal Contract Tower,7,0,5,50,62,0,0,19,0,19,7,0,24,50,81,8,0,8,89
06/04/2021,LAW,OK,ASW,CE,Federal Contract Tower,9,0,2,38,49,0,0,9,0,9,9,0,11,38,58,22,0,22,80
06/05/2021,LAW,OK,ASW,CE,Federal Contract Tower,7,0,4,0,11,0,0,5,0,5,7,0,9,0,16,24,0,24,40
06/06/2021,LAW,OK,ASW,CE,Federal Contract Tower,8,0,1,10,19,0,0,12,7,19,8,0,13,17,38,0,6,6,44
06/07/2021,LAW,OK,ASW,CE,Federal Contract Tower,9,0,0,30,39,0,0,6,1,7,9,0,6,31,46,0,10,10,56
06/08/2021,LAW,OK,ASW,CE,Federal Contract Tower,7,0,7,40,54,0,0,2,0,2,7,0,9,40,56,0,0,0,56
06/09/2021,LAW,OK,ASW,CE,Federal Contract Tower,7,0,10,41,58,0,0,6,4,10,7,0,16,45,68,8,0,8,76
06/10/2021,LAW,OK,ASW,CE,Federal Contract Tower,7,0,2,54,63,0,0,7,0,7,7,0,9,54,70,0,0,0,70
06/11/2021,LAW,OK,ASW,CE,Federal Contract Tower,9,0,9,47,65,0,1,11,0,12,9,1,20,47,77,4,10,14,91
06/12/2021,LAW,OK,ASW,CE,Federal Contract Tower,7,0,3,10,20,0,1,15,0,16,7,1,18,10,36,14,0,14,50
06/13/2021,LAW,OK,ASW,CE,Federal Contract Tower,7,0,0,2,9,0,0,11,0,11,7,0,11,2,20,0,0,0,20
06/14/2021,LAW,OK,ASW,CE,Federal Contract Tower,7,0,4,62,73,0,0,11,2,13,7,0,15,64,86,12,6,18,104
06/15/2021,LAW,OK,ASW,CE,Federal Contract Tower,7,0,3,48,58,0,0,19,2,21,7,0,22,50,79,4,0,4,83
06/16/2021,LAW,OK,ASW,CE,Federal Contract Tower,7,0,5,56,68,0,0,8,0,8,7,0,13,56,76,8,0,8,84
06/17/2021,LAW,OK,ASW,CE,Federal Contract Tower,7,0,6,48,61,0,0,9,0,9,7,0,15,48,70,0,0,0,70
06/18/2021,LAW,OK,ASW,CE,Federal Contract Tower,9,0,9,0,18,0,0,10,0,10,9,0,19,0,28,0,0,0,28
06/19/2021,LAW,OK,ASW,CE,Federal Contract Tower,7,0,4,0,11,0,2,16,0,18,7,2,20,0,29,6,0,6,35
06/20/2021,LAW,OK,ASW,CE,Federal Contract Tower,7,0,4,0,11,0,0,21,0,21,7,0,25,0,32,10,0,10,42
06/21/2021,LAW,OK,ASW,CE,Federal Contract Tower,5,0,5,28,38,0,0,5,0,5,5,0,10,28,43,0,0,0,43
06/22/2021,LAW,OK,ASW,CE,Federal Contract Tower,7,0,4,30,41,0,0,15,2,17,7,0,19,32,58,0,8,8,66
06/23/2021,LAW,OK,ASW,CE,Federal Contract Tower,7,0,1,78,86,0,0,18,2,20,7,0,19,80,106,0,0,0,106
06/24/2021,LAW,OK,ASW,CE,Federal Contract Tower,7,0,4,85,96,0,0,13,1,14,7,0,17,86,110,12,0,12,122
06/25/2021,LAW,OK,ASW,CE,Federal Contract Tower,9,0,3,93,105,0,1,10,1,12,9,1,13,94,117,6,0,6,123
06/26/2021,LAW,OK,ASW,CE,Federal Contract Tower,7,0,3,4,14,0,1,9,0,10,7,1,12,4,24,12,0,12,36
06/27/2021,LAW,OK,ASW,CE,Federal Contract Tower,6,0,0,0,6,0,0,10,0,10,6,0,10,0,16,6,0,6,22
06/28/2021,LAW,OK,ASW,CE,Federal Contract Tower,6,0,5,109,120,0,0,10,0,10,6,0,15,109,130,0,4,4,134
06/29/2021,LAW,OK,ASW,CE,Federal Contract Tower,6,0,2,104,112,0,0,0,0,0,6,0,2,104,112,0,0,0,112
06/30/2021,LAW,OK,ASW,CE,Federal Contract Tower,10,0,5,121,136,0,0,3,0,3,10,0,8,121,139,0,0,0,139
07/01/2021,LAW,OK,ASW,CE,Federal Contract Tower,7,0,9,88,104,0,0,10,0,10,7,0,19,88,114,0,0,0,114
07/02/2021,LAW,OK,ASW,CE,Federal Contract Tower,8,0,1,0,9,0,1,7,0,8,8,1,8,0,17,4,0,4,21
07/03/2021,LAW,OK,ASW,CE,Federal Contract Tower,7,0,2,0,9,0,3,9,0,12,7,3,11,0,21,0,0,0,21
07/04/2021,LAW,OK,ASW,CE,Federal Contract Tower,7,0,0,0,7,0,0,15,0,15,7,0,15,0,22,14,0,14,36
07/05/2021,LAW,OK,ASW,CE,Federal Contract Tower,7,0,0,0,7,0,0,28,0,28,7,0,28,0,35,31,0,31,66
07/06/2021,LAW,OK,ASW,CE,Federal Contract Tower,7,0,3,134,144,0,0,13,0,13,7,0,16,134,157,14,0,14,171
07/07/2021,LAW,OK,ASW,CE,Federal Contract Tower,7,0,6,148,161,0,0,16,0,16,7,0,22,148,177,0,0,0,177
07/08/2021,LAW,OK,ASW,CE,Federal Contract Tower,7,0,3,159,169,0,0,17,3,20,7,0,20,162,189,0,10,10,199
07/09/2021,LAW,OK,ASW,CE,Federal Contract Tower,8,2,3,119,132,0,1,13,2,16,8,3,16,121,148,38,0,38,186
07/10/2021,LAW,OK,ASW,CE,Federal Contract Tower,7,0,0,0,7,0,3,8,4,15,7,3,8,4,22,0,0,0,22
07/11/2021,LAW,OK,ASW,CE,Federal Contract Tower,7,0,1,0,8,0,0,6,6,12,7,0,7,6,20,0,6,6,26
07/12/2021,LAW,OK,ASW,CE,Federal Contract Tower,7,0,5,74,86,0,0,7,8,15,7,0,12,82,101,0,0,0,101
07/13/2021,LAW,OK,ASW,CE,Federal Contract Tower,7,0,2,64,73,0,0,17,2,19,7,0,19,66,92,2,2,4,96
07/14/2021,LAW,OK,ASW,CE,Federal Contract Tower,7,0,3,34,44,0,0,8,1,9,7,0,11,35,53,0,4,4,57
07/15/2021,LAW,OK,ASW,CE,Federal Contract Tower,7,0,12,52,71,0,0,9,3,12,7,0,21,55,83,0,4,4,87
07/16/2021,LAW,OK,ASW,CE,Federal Contract Tower,9,0,9,35,53,0,1,7,7,15,9,1,16,42,68,2,2,4,72
07/17/2021,LAW,OK,ASW,CE,Federal Contract Tower,7,0,4,2,13,0,0,8,2,10,7,0,12,4,23,20,6,26,49
07/18/2021,LAW,OK,ASW,CE,Federal Contract Tower,7,0,1,0,8,0,0,12,0,12,7,0,13,0,20,0,0,0,20
07/19/2021,LAW,OK,ASW,CE,Federal Contract Tower,6,0,6,70,82,0,0,10,5,15,6,0,16,75,97,0,12,12,109
07/20/2021,LAW,OK,ASW,CE,Federal Contract Tower,7,0,5,65,77,0,0,13,4,17,7,0,18,69,94,0,18,18,112
07/21/2021,LAW,OK,ASW,CE,Federal Contract Tower,7,0,2,50,59,0,0,21,2,23,7,0,23,52,82,4,0,4,86
07/22/2021,LAW,OK,ASW,CE,Federal Contract Tower,6,0,5,76,87,0,0,8,0,8,6,0,13,76,95,0,0,0,95
07/23/2021,LAW,OK,ASW,CE,Federal Contract Tower,7,0,3,97,107,0,2,12,0,14,7,2,15,97,121,0,0,0,121
07/24/2021,LAW,OK,ASW,CE,Federal Contract Tower,7,0,3,1,11,0,1,15,7,23,7,1,18,8,34,0,12,12,46
07/25/2021,LAW,OK,ASW,CE,Federal Contract Tower,6,0,1,6,13,0,1,11,0,12,6,1,12,6,25,4,0,4,29
07/26/2021,LAW,OK,ASW,CE,Federal Contract Tower,9,0,3,54,66,0,0,14,2,16,9,0,17,56,82,0,6,6,88
07/27/2021,LAW,OK,ASW,CE,Federal Contract Tower,7,0,1,90,98,0,0,12,0,12,7,0,13,90,110,0,0,0,110
07/28/2021,LAW,OK,ASW,CE,Federal Contract Tower,7,0,2,96,105,0,0,11,5,16,7,0,13,101,121,0,4,4,125
07/29/2021,LAW,OK,ASW,CE,Federal Contract Tower,7,0,2,92,101,0,0,8,9,17,7,0,10,101,118,0,16,16,134
07/30/2021,LAW,OK,ASW,CE,Federal Contract Tower,7,0,3,38,48,0,1,14,2,17,7,1,17,40,65,4,0,4,69
07/31/2021,LAW,OK,ASW,CE,Federal Contract Tower,7,2,8,0,17,0,1,17,0,18,7,3,25,0,35,6,0,6,41
08/01/2021,LAW,OK,ASW,CE,Federal Contract Tower,5,0,1,2,8,0,0,4,6,10,5,0,5,8,18,6,0,6,24
08/02/2021,LAW,OK,ASW,CE,Federal Contract Tower,7,0,3,120,130,0,0,6,10,16,7,0,9,130,146,10,0,10,156
08/03/2021,LAW,OK,ASW,CE,Federal Contract Tower,7,0,3,95,105,0,0,8,4,12,7,0,11,99,117,0,0,0,117
08/04/2021,LAW,OK,ASW,CE,Federal Contract Tower,7,0,0,115,122,0,0,5,4,9,7,0,5,119,131,10,0,10,141
08/05/2021,LAW,OK,ASW,CE,Federal Contract Tower,7,0,3,114,124,0,0,11,1,12,7,0,14,115,136,0,0,0,136
08/06/2021,LAW,OK,ASW,CE,Federal Contract Tower,7,2,2,110,121,0,1,14,1,16,7,3,16,111,137,6,0,6,143
08/07/2021,LAW,OK,ASW,CE,Federal Contract Tower,7,0,2,0,9,0,0,9,0,9,7,0,11,0,18,0,0,0,18
08/08/2021,LAW,OK,ASW,CE,Federal Contract Tower,7,0,3,8,18,0,0,1,0,1,7,0,4,8,19,0,0,0,19
08/09/2021,LAW,OK,ASW,CE,Federal Contract Tower,7,0,3,142,152,0,0,5,4,9,7,0,8,146,161,0,0,0,161
08/10/2021,LAW,OK,ASW,CE,Federal Contract Tower,7,0,2,138,147,0,0,6,0,6,7,0,8,138,153,0,0,0,153
08/11/2021,LAW,OK,ASW,CE,Federal Contract Tower,7,0,2,113,122,0,0,4,1,5,7,0,6,114,127,0,0,0,127
08/12/2021,LAW,OK,ASW,CE,Federal Contract Tower,7,0,2,98,107,0,0,15,4,19,7,0,17,102,126,6,0,6,132
08/13/2021,LAW,OK,ASW,CE,Federal Contract Tower,6,0,7,70,83,0,2,14,2,18,6,2,21,72,101,0,0,0,101
08/14/2021,LAW,OK,ASW,CE,Federal Contract Tower,7,0,5,0,12,0,0,7,0,7,7,0,12,0,19,0,0,0,19
08/15/2021,LAW,OK,ASW,CE,Federal Contract Tower,6,0,3,0,9,0,0,3,0,3,6,0,6,0,12,12,0,12,24
08/16/2021,LAW,OK,ASW,CE,Federal Contract Tower,7,0,12,68,87,0,0,7,2,9,7,0,19,70,96,0,0,0,96
08/17/2021,LAW,OK,ASW,CE,Federal Contract Tower,4,0,5,72,81,0,0,3,0,3,4,0,8,72,84,0,0,0,84
08/18/2021,LAW,OK,ASW,CE,Federal Contract Tower,4,0,3,62,69,0,0,3,0,3,4,0,6,62,72,10,0,10,82
08/19/2021,LAW,OK,ASW,CE,Federal Contract Tower,8,0,4,54,66,0,0,1,0,1,8,0,5,54,67,0,0,0,67
08/20/2021,LAW,OK,ASW,CE,Federal Contract Tower,6,0,1,25,32,0,1,14,0,15,6,1,15,25,47,6,0,6,53
08/21/2021,LAW,OK,ASW,CE,Federal Contract Tower,6,0,2,0,8,0,0,8,0,8,6,0,10,0,16,16,0,16,32
08/22/2021,LAW,OK,ASW,CE,Federal Contract Tower,6,0,4,0,10,0,0,8,0,8,6,0,12,0,18,18,0,18,36
08/23/2021,LAW,OK,ASW,CE,Federal Contract Tower,6,0,3,76,85,0,0,11,1,12,6,0,14,77,97,0,6,6,103
08/24/2021,LAW,OK,ASW,CE,Federal Contract Tower,6,0,4,42,52,0,0,17,0,17,6,0,21,42,69,0,0,0,69
08/25/2021,LAW,OK,ASW,CE,Federal Contract Tower,6,0,5,38,49,0,0,8,0,8,6,0,13,38,57,0,0,0,57
08/26/2021,LAW,OK,ASW,CE,Federal Contract Tower,6,0,7,40,53,0,0,4,0,4,6,0,11,40,57,14,0,14,71
08/27/2021,LAW,OK,ASW,CE,Federal Contract Tower,6,0,7,26,39,0,0,7,0,7,6,0,14,26,46,0,0,0,46
08/28/2021,LAW,OK,ASW,CE,Federal Contract Tower,6,0,2,0,8,0,2,14,0,16,6,2,16,0,24,4,0,4,28
08/29/2021,LAW,OK,ASW,CE,Federal Contract Tower,6,0,5,10,21,0,0,13,0,13,6,0,18,10,34,0,0,0,34
08/30/2021,LAW,OK,ASW,CE,Federal Contract Tower,6,0,3,98,107,0,0,6,0,6,6,0,9,98,113,0,10,10,123
08/31/2021,LAW,OK,ASW,CE,Federal Contract Tower,6,0,4,80,90,0,0,7,0,7,6,0,11,80,97,2,0,2,99
09/01/2021,LAW,OK,ASW,CE,Federal Contract Tower,6,0,2,90,98,0,0,10,0,10,6,0,12,90,108,8,0,8,116
09/02/2021,LAW,OK,ASW,CE,Federal Contract Tower,6,0,1,72,79,0,0,14,0,14,6,0,15,72,93,6,0,6,99
09/03/2021,LAW,OK,ASW,CE,Federal Contract Tower,8,0,2,0,10,0,0,2,0,2,8,0,4,0,12,0,0,0,12
09/04/2021,LAW,OK,ASW,CE,Federal Contract Tower,6,1,5,0,12,0,1,9,0,10,6,2,14,0,22,0,0,0,22
09/05/2021,LAW,OK,ASW,CE,Federal Contract Tower,4,0,1,0,5,0,0,9,0,9,4,0,10,0,14,0,0,0,14
09/06/2021,LAW,OK,ASW,CE,Federal Contract Tower,6,0,1,0,7,0,0,10,0,10,6,0,11,0,17,0,0,0,17
09/07/2021,LAW,OK,ASW,CE,Federal Contract Tower,7,0,8,64,79,0,0,5,2,7,7,0,13,66,86,0,0,0,86
09/08/2021,LAW,OK,ASW,CE,Federal Contract Tower,10,0,8,118,136,0,0,9,1,10,10,0,17,119,146,4,0,4,150
09/09/2021,LAW,OK,ASW,CE,Federal Contract Tower,6,0,5,116,127,0,0,12,0,12,6,0,17,116,139,6,0,6,145
09/10/2021,LAW,OK,ASW,CE,Federal Contract Tower,6,0,3,75,84,0,1,10,4,15,6,1,13,79,99,0,0,0,99
09/11/2021,LAW,OK,ASW,CE,Federal Contract Tower,6,2,0,0,8,0,1,11,0,12,6,3,11,0,20,10,0,10,30
09/12/2021,LAW,OK,ASW,CE,Federal Contract Tower,26,0,0,0,26,0,0,3,5,8,26,0,3,5,34,6,0,6,40
09/13/2021,LAW,OK,ASW,CE,Federal Contract Tower,6,0,12,109,127,0,0,6,0,6,6,0,18,109,133,0,2,2,135
09/14/2021,LAW,OK,ASW,CE,Federal Contract Tower,6,0,1,122,129,0,0,18,0,18,6,0,19,122,147,6,0,6,153
09/15/2021,LAW,OK,ASW,CE,Federal Contract Tower,6,0,5,127,138,0,0,17,0,17,6,0,22,127,155,8,0,8,163
09/16/2021,LAW,OK,ASW,CE,Federal Contract Tower,6,0,5,108,119,0,0,13,0,13,6,0,18,108,132,10,0,10,142
09/17/2021,LAW,OK,ASW,CE,Federal Contract Tower,6,1,2,100,109,0,0,6,0,6,6,1,8,100,115,0,0,0,115
09/18/2021,LAW,OK,ASW,CE,Federal Contract Tower,6,1,3,1,11,0,1,15,1,17,6,2,18,2,28,6,14,20,48
09/19/2021,LAW,OK,ASW,CE,Federal Contract Tower,6,0,9,2,17,0,0,12,0,12,6,0,21,2,29,0,0,0,29
09/20/2021,LAW,OK,ASW,CE,Federal Contract Tower,6,0,2,86,94,0,0,10,0,10,6,0,12,86,104,6,4,10,114
09/21/2021,LAW,OK,ASW,CE,Federal Contract Tower,6,0,0,120,126,0,0,10,2,12,6,0,10,122,138,6,0,6,144
09/22/2021,LAW,OK,ASW,CE,Federal Contract Tower,6,0,1,118,125,0,0,25,2,27,6,0,26,120,152,26,0,26,178
09/23/2021,LAW,OK,ASW,CE,Federal Contract Tower,6,0,2,116,124,0,0,23,3,26,6,0,25,119,150,8,8,16,166
09/24/2021,LAW,OK,ASW,CE,Federal Contract Tower,4,2,0,86,92,0,1,7,0,8,4,3,7,86,100,0,0,0,100
09/25/2021,LAW,OK,ASW,CE,Federal Contract Tower,6,0,1,0,7,0,0,13,0,13,6,0,14,0,20,0,0,0,20
09/26/2021,LAW,OK,ASW,CE,Federal Contract Tower,6,0,10,4,20,0,0,7,0,7,6,0,17,4,27,0,0,0,27
09/27/2021,LAW,OK,ASW,CE,Federal Contract Tower,6,0,6,66,78,0,0,7,0,7,6,0,13,66,85,4,0,4,89
09/28/2021,LAW,OK,ASW,CE,Federal Contract Tower,6,0,4,64,74,0,0,3,0,3,6,0,7,64,77,0,0,0,77
09/29/2021,LAW,OK,ASW,CE,Federal Contract Tower,12,0,0,76,88,0,0,8,3,11,12,0,8,79,99,8,8,16,115
09/30/2021,LAW,OK,ASW,CE,Federal Contract Tower,5,0,5,6,16,0,0,5,0,5,5,0,10,6,21,0,0,0,21
10/01/2021,LAW,OK,ASW,CE,Federal Contract Tower,6,4,0,106,116,0,0,4,0,4,6,4,4,106,120,0,0,0,120
10/02/2021,LAW,OK,ASW,CE,Federal Contract Tower,6,0,3,0,9,0,0,1,0,1,6,0,4,0,10,0,0,0,10
10/03/2021,LAW,OK,ASW,CE,Federal Contract Tower,6,0,7,0,13,0,0,11,0,11,6,0,18,0,24,0,0,0,24
10/04/2021,LAW,OK,ASW,CE,Federal Contract Tower,6,0,3,32,41,0,0,5,0,5,6,0,8,32,46,0,2,2,48
10/05/2021,LAW,OK,ASW,CE,Federal Contract Tower,6,0,5,30,41,0,0,12,0,12,6,0,17,30,53,0,0,0,53
10/06/2021,LAW,OK,ASW,CE,Federal Contract Tower,6,0,6,34,46,0,0,22,4,26,6,0,28,38,72,4,12,16,88
10/07/2021,LAW,OK,ASW,CE,Federal Contract Tower,6,0,4,26,36,0,0,6,0,6,6,0,10,26,42,0,0,0,42
10/08/2021,LAW,OK,ASW,CE,Federal Contract Tower,6,0,2,44,52,0,1,9,2,12,6,1,11,46,64,0,2,2,66
10/09/2021,LAW,OK,ASW,CE,Federal Contract Tower,6,0,2,0,8,0,1,12,0,13,6,1,14,0,21,0,0,0,21
10/10/2021,LAW,OK,ASW,CE,Federal Contract Tower,8,0,3,0,11,0,0,11,6,17,8,0,14,6,28,0,0,0,28
10/11/2021,LAW,OK,ASW,CE,Federal Contract Tower,6,0,4,0,10,0,0,22,10,32,6,0,26,10,42,8,0,8,50
10/12/2021,LAW,OK,ASW,CE,Federal Contract Tower,6,0,5,36,47,0,0,1,0,1,6,0,6,36,48,0,0,0,48
10/13/2021,LAW,OK,ASW,CE,Federal Contract Tower,4,0,4,48,56,0,0,15,2,17,4,0,19,50,73,8,6,14,87
10/14/2021,LAW,OK,ASW,CE,Federal Contract Tower,6,0,1,32,39,0,0,2,0,2,6,0,3,32,41,6,0,6,47
10/15/2021,LAW,OK,ASW,CE,Federal Contract Tower,6,0,8,56,70,0,0,6,0,6,6,0,14,56,76,0,0,0,76
10/16/2021,LAW,OK,ASW,CE,Federal Contract Tower,8,2,2,0,12,0,0,21,0,21,8,2,23,0,33,28,0,28,61
10/17/2021,LAW,OK,ASW,CE,Federal Contract Tower,6,0,2,2,10,0,0,18,0,18,6,0,20,2,28,10,0,10,38
10/18/2021,LAW,OK,ASW,CE,Federal Contract Tower,6,0,12,68,86,0,0,25,0,25,6,0,37,68,111,0,0,0,111
10/19/2021,LAW,OK,ASW,CE,Federal Contract Tower,6,0,8,64,78,0,0,7,0,7,6,0,15,64,85,0,0,0,85
10/20/2021,LAW,OK,ASW,CE,Federal Contract Tower,6,0,1,58,65,0,0,12,0,12,6,0,13,58,77,0,0,0,77
10/21/2021,LAW,OK,ASW,CE,Federal Contract Tower,5,0,6,84,95,0,0,9,0,9,5,0,15,84,104,0,0,0,104
10/22/2021,LAW,OK,ASW,CE,Federal Contract Tower,6,0,3,86,95,0,2,6,0,8,6,2,9,86,103,0,0,0,103
10/23/2021,LAW,OK,ASW,CE,Federal Contract Tower,6,0,5,0,11,0,1,4,0,5,6,1,9,0,16,0,0,0,16
10/24/2021,LAW,OK,ASW,CE,Federal Contract Tower,6,0,6,2,14,0,0,7,0,7,6,0,13,2,21,4,0,4,25
10/25/2021,LAW,OK,ASW,CE,Federal Contract Tower,6,0,4,114,124,0,0,15,6,21,6,0,19,120,145,10,0,10,155
10/26/2021,LAW,OK,ASW,CE,Federal Contract Tower,6,0,2,105,113,0,0,12,1,13,6,0,14,106,126,0,0,0,126
10/27/2021,LAW,OK,ASW,CE,Federal Contract Tower,6,0,1,74,81,0,0,0,3,3,6,0,1,77,84,0,0,0,84
10/28/2021,LAW,OK,ASW,CE,Federal Contract Tower,2,0,7,6,15,0,0,3,0,3,2,0,10,6,18,0,0,0,18
10/29/2021,LAW,OK,ASW,CE,Federal Contract Tower,6,0,6,82,94,0,1,4,4,9,6,1,10,86,103,0,0,0,103
10/30/2021,LAW,OK,ASW,CE,Federal Contract Tower,6,0,5,0,11,0,0,18,0,18,6,0,23,0,29,0,0,0,29
10/31/2021,LAW,OK,ASW,CE,Federal Contract Tower,6,0,0,0,6,0,0,8,0,8,6,0,8,0,14,2,0,2,16
11/01/2021,LAW,OK,ASW,CE,Federal Contract Tower,6,0,9,96,111,0,0,3,6,9,6,0,12,102,120,0,0,0,120
11/02/2021,LAW,OK,ASW,CE,Federal Contract Tower,4,0,8,114,126,0,0,0,0,0,4,0,8,114,126,0,0,0,126
11/03/2021,LAW,OK,ASW,CE,Federal Contract Tower,4,0,7,36,47,0,0,0,0,0,4,0,7,36,47,0,0,0,47
11/04/2021,LAW,OK,ASW,CE,Federal Contract Tower,4,0,4,106,114,0,0,2,0,2,4,0,6,106,116,0,2,2,118
11/05/2021,LAW,OK,ASW,CE,Federal Contract Tower,4,2,3,72,81,0,0,7,2,9,4,2,10,74,90,6,0,6,96
11/06/2021,LAW,OK,ASW,CE,Federal Contract Tower,4,0,2,0,6,0,4,15,0,19,4,4,17,0,25,0,0,0,25
11/07/2021,LAW,OK,ASW,CE,Federal Contract Tower,4,0,3,0,7,0,0,7,0,7,4,0,10,0,14,0,0,0,14
11/08/2021,LAW,OK,ASW,CE,Federal Contract Tower,4,0,7,68,79,0,0,12,0,12,4,0,19,68,91,20,0,20,111
11/09/2021,LAW,OK,ASW,CE,Federal Contract Tower,4,0,13,80,97,0,0,9,0,9,4,0,22,80,106,0,0,0,106
11/10/2021,LAW,OK,ASW,CE,Federal Contract Tower,4,0,2,141,147,0,0,6,0,6,4,0,8,141,153,0,0,0,153
11/11/2021,LAW,OK,ASW,CE,Federal Contract Tower,4,0,4,0,8,0,0,8,0,8,4,0,12,0,16,6,0,6,22
11/12/2021,LAW,OK,ASW,CE,Federal Contract Tower,4,0,2,106,112,0,0,14,0,14,4,0,16,106,126,0,0,0,126
11/13/2021,LAW,OK,ASW,CE,Federal Contract Tower,4,0,2,0,6,0,1,4,0,5,4,1,6,0,11,0,0,0,11
11/14/2021,LAW,OK,ASW,CE,Federal Contract Tower,4,0,3,0,7,0,0,2,0,2,4,0,5,0,9,0,0,0,9
11/15/2021,LAW,OK,ASW,CE,Federal Contract Tower,4,0,6,118,128,0,0,16,2,18,4,0,22,120,146,14,2,16,162
11/16/2021,LAW,OK,ASW,CE,Federal Contract Tower,4,0,2,60,66,0,0,2,0,2,4,0,4,60,68,0,0,0,68
11/17/2021,LAW,OK,ASW,CE,Federal Contract Tower,4,0,1,99,104,0,0,8,3,11,4,0,9,102,115,0,0,0,115
11/18/2021,LAW,OK,ASW,CE,Federal Contract Tower,4,0,5,53,62,0,0,18,3,21,4,0,23,56,83,0,0,0,83
11/19/2021,LAW,OK,ASW,CE,Federal Contract Tower,4,0,1,24,29,0,0,9,0,9,4,0,10,24,38,0,0,0,38
11/20/2021,LAW,OK,ASW,CE,Federal Contract Tower,4,0,1,0,5,0,0,4,0,4,4,0,5,0,9,8,0,8,17
11/21/2021,LAW,OK,ASW,CE,Federal Contract Tower,4,0,0,0,4,0,0,2,0,2,4,0,2,0,6,0,0,0,6
11/22/2021,LAW,OK,ASW,CE,Federal Contract Tower,4,0,2,36,42,0,0,8,0,8,4,0,10,36,50,0,0,0,50
11/23/2021,LAW,OK,ASW,CE,Federal Contract Tower,4,0,0,38,42,0,0,5,0,5,4,0,5,38,47,0,0,0,47
11/24/2021,LAW,OK,ASW,CE,Federal Contract Tower,4,0,1,56,61,0,0,6,0,6,4,0,7,56,67,0,0,0,67
11/25/2021,LAW,OK,ASW,CE,Federal Contract Tower,1,0,1,0,2,0,0,3,0,3,1,0,4,0,5,0,0,0,5
11/26/2021,LAW,OK,ASW,CE,Federal Contract Tower,2,0,2,0,4,0,1,15,0,16,2,1,17,0,20,8,0,8,28
11/27/2021,LAW,OK,ASW,CE,Federal Contract Tower,4,0,4,0,8,0,1,7,0,8,4,1,11,0,16,0,0,0,16
11/28/2021,LAW,OK,ASW,CE,Federal Contract Tower,4,0,3,0,7,0,0,6,0,6,4,0,9,0,13,0,0,0,13
11/29/2021,LAW,OK,ASW,CE,Federal Contract Tower,6,0,2,68,76,0,0,8,0,8,6,0,10,68,84,0,0,0,84
11/30/2021,LAW,OK,ASW,CE,Federal Contract Tower,5,0,0,30,35,0,0,11,0,11,5,0,11,30,46,0,0,0,46
12/01/2021,LAW,OK,ASW,CE,Federal Contract Tower,4,0,8,42,54,0,0,21,2,23,4,0,29,44,77,6,0,6,83
12/02/2021,LAW,OK,ASW,CE,Federal Contract Tower,4,0,9,76,89,0,0,7,0,7,4,0,16,76,96,0,0,0,96
12/03/2021,LAW,OK,ASW,CE,Federal Contract Tower,4,2,7,62,75,0,2,5,0,7,4,4,12,62,82,0,0,0,82
12/04/2021,LAW,OK,ASW,CE,Federal Contract Tower,4,0,4,2,10,0,0,0,0,0,4,0,4,2,10,0,0,0,10
12/05/2021,LAW,OK,ASW,CE,Federal Contract Tower,4,0,13,0,17,0,0,19,0,19,4,0,32,0,36,2,2,4,40
12/06/2021,LAW,OK,ASW,CE,Federal Contract Tower,4,0,5,92,101,0,0,12,0,12,4,0,17,92,113,0,2,2,115
12/07/2021,LAW,OK,ASW,CE,Federal Contract Tower,4,0,4,90,98,0,0,3,0,3,4,0,7,90,101,0,0,0,101
12/08/2021,LAW,OK,ASW,CE,Federal Contract Tower,7,0,1,86,94,0,0,11,0,11,7,0,12,86,105,10,0,10,115
12/09/2021,LAW,OK,ASW,CE,Federal Contract Tower,4,0,10,80,94,0,0,21,0,21,4,0,31,80,115,8,0,8,123
12/10/2021,LAW,OK,ASW,CE,Federal Contract Tower,4,0,5,24,33,0,1,3,0,4,4,1,8,24,37,0,0,0,37
12/11/2021,LAW,OK,ASW,CE,Federal Contract Tower,4,0,0,0,4,0,3,14,0,17,4,3,14,0,21,8,0,8,29
12/12/2021,LAW,OK,ASW,CE,Federal Contract Tower,4,0,2,18,24,0,0,16,9,25,4,0,18,27,49,6,14,20,69
12/13/2021,LAW,OK,ASW,CE,Federal Contract Tower,4,0,2,62,68,0,0,12,0,12,4,0,14,62,80,4,0,4,84
12/14/2021,LAW,OK,ASW,CE,Federal Contract Tower,4,0,9,66,79,0,0,12,4,16,4,0,21,70,95,4,0,4,99
12/15/2021,LAW,OK,ASW,CE,Federal Contract Tower,4,0,5,26,35,0,0,0,0,0,4,0,5,26,35,0,0,0,35
12/16/2021,LAW,OK,ASW,CE,Federal Contract Tower,4,0,1,98,103,0,0,20,2,22,4,0,21,100,125,8,2,10,135
12/17/2021,LAW,OK,ASW,CE,Federal Contract Tower,4,0,3,102,109,0,1,5,0,6,4,1,8,102,115,18,0,18,133
12/18/2021,LAW,OK,ASW,CE,Federal Contract Tower,4,0,1,0,5,0,2,9,0,11,4,2,10,0,16,0,0,0,16
12/19/2021,LAW,OK,ASW,CE,Federal Contract Tower,4,0,8,0,12,0,0,12,0,12,4,0,20,0,24,0,0,0,24
12/20/2021,LAW,OK,ASW,CE,Federal Contract Tower,4,0,6,36,46,0,0,4,0,4,4,0,10,36,50,0,0,0,50
12/21/2021,LAW,OK,ASW,CE,Federal Contract Tower,4,0,4,104,112,0,0,5,4,9,4,0,9,108,121,0,0,0,121
12/22/2021,LAW,OK,ASW,CE,Federal Contract Tower,4,0,4,38,46,0,0,10,0,10,4,0,14,38,56,0,0,0,56
12/23/2021,LAW,OK,ASW,CE,Federal Contract Tower,4,0,3,0,7,0,0,15,0,15,4,0,18,0,22,6,0,6,28
12/24/2021,LAW,OK,ASW,CE,Federal Contract Tower,4,0,5,0,9,0,1,5,0,6,4,1,10,0,15,0,0,0,15
12/25/2021,LAW,OK,ASW,CE,Federal Contract Tower,3,0,0,0,3,0,1,4,0,5,3,1,4,0,8,0,0,0,8
12/26/2021,LAW,OK,ASW,CE,Federal Contract Tower,4,0,11,0,15,0,0,5,0,5,4,0,16,0,20,0,0,0,20
12/27/2021,LAW,OK,ASW,CE,Federal Contract Tower,4,0,2,0,6,0,0,9,0,9,4,0,11,0,15,6,0,6,21
12/28/2021,LAW,OK,ASW,CE,Federal Contract Tower,4,0,1,0,5,0,0,7,0,7,4,0,8,0,12,0,0,0,12
12/29/2021,LAW,OK,ASW,CE,Federal Contract Tower,4,0,3,0,7,0,0,17,0,17,4,0,20,0,24,0,0,0,24
12/30/2021,LAW,OK,ASW,CE,Federal Contract Tower,4,0,0,0,4,0,0,12,0,12,4,0,12,0,16,6,0,6,22
12/31/2021,LAW,OK,ASW,CE,Federal Contract Tower,4,0,4,0,8,0,2,14,0,16,4,2,18,0,24,14,0,14,38
01/01/2022,LAW,OK,ASW,CE,Federal Contract Tower,3,0,0,0,3,0,0,3,0,3,3,0,3,0,6,0,0,0,6
01/02/2022,LAW,OK,ASW,CE,Federal Contract Tower,4,0,2,0,6,0,0,2,0,2,4,0,4,0,8,4,0,4,12
01/03/2022,LAW,OK,ASW,CE,Federal Contract Tower,4,0,9,2,15,0,0,9,0,9,4,0,18,2,24,8,0,8,32
01/04/2022,LAW,OK,ASW,CE,Federal Contract Tower,5,0,3,90,98,0,0,5,0,5,5,0,8,90,103,0,0,0,103
01/05/2022,LAW,OK,ASW,CE,Federal Contract Tower,4,0,7,86,97,0,0,10,0,10,4,0,17,86,107,6,0,6,113
01/06/2022,LAW,OK,ASW,CE,Federal Contract Tower,4,0,5,104,113,0,0,7,1,8,4,0,12,105,121,0,2,2,123
01/07/2022,LAW,OK,ASW,CE,Federal Contract Tower,4,0,2,84,90,0,2,24,0,26,4,2,26,84,116,30,0,30,146
01/08/2022,LAW,OK,ASW,CE,Federal Contract Tower,5,0,7,0,12,0,0,0,0,0,5,0,7,0,12,0,0,0,12
01/09/2022,LAW,OK,ASW,CE,Federal Contract Tower,4,0,3,0,7,0,0,15,0,15,4,0,18,0,22,0,0,0,22
01/10/2022,LAW,OK,ASW,CE,Federal Contract Tower,4,0,13,102,119,0,0,14,2,16,4,0,27,104,135,0,0,0,135
01/11/2022,LAW,OK,ASW,CE,Federal Contract Tower,4,0,20,94,118,0,0,25,0,25,4,0,45,94,143,0,0,0,143
01/12/2022,LAW,OK,ASW,CE,Federal Contract Tower,4,0,11,64,79,0,0,14,0,14,4,0,25,64,93,14,0,14,107
01/13/2022,LAW,OK,ASW,CE,Federal Contract Tower,4,0,8,60,72,0,0,12,2,14,4,0,20,62,86,14,2,16,102
01/14/2022,LAW,OK,ASW,CE,Federal Contract Tower,5,0,0,34,39,0,1,11,0,12,5,1,11,34,51,4,0,4,55
01/15/2022,LAW,OK,ASW,CE,Federal Contract Tower,4,0,1,0,5,0,0,1,0,1,4,0,2,0,6,0,0,0,6
01/16/2022,LAW,OK,ASW,CE,Federal Contract Tower,4,0,12,0,16,0,0,8,0,8,4,0,20,0,24,10,0,10,34
01/17/2022,LAW,OK,ASW,CE,Federal Contract Tower,4,0,2,0,6,0,0,23,0,23,4,0,25,0,29,0,0,0,29
01/18/2022,LAW,OK,ASW,CE,Federal Contract Tower,4,0,2,24,30,0,0,6,0,6,4,0,8,24,36,12,0,12,48
01/19/2022,LAW,OK,ASW,CE,Federal Contract Tower,4,0,9,106,119,0,0,4,0,4,4,0,13,106,123,0,0,0,123
01/20/2022,LAW,OK,ASW,CE,Federal Contract Tower,3,0,0,86,89,0,0,6,0,6,3,0,6,86,95,0,0,0,95
01/21/2022,LAW,OK,ASW,CE,Federal Contract Tower,4,0,8,61,73,0,2,8,2,12,4,2,16,63,85,0,0,0,85
01/22/2022,LAW,OK,ASW,CE,Federal Contract Tower,4,0,3,4,11,0,1,8,2,11,4,1,11,6,22,10,0,10,32
01/23/2022,LAW,OK,ASW,CE,Federal Contract Tower,4,0,4,1,9,0,0,16,0,16,4,0,20,1,25,6,0,6,31
01/24/2022,LAW,OK,ASW,CE,Federal Contract Tower,4,0,6,100,110,0,0,6,0,6,4,0,12,100,116,0,0,0,116
01/25/2022,LAW,OK,ASW,CE,Federal Contract Tower,4,0,4,72,80,0,0,4,2,6,4,0,8,74,86,0,4,4,90
01/26/2022,LAW,OK,ASW,CE,Federal Contract Tower,3,0,2,144,149,0,0,6,0,6,3,0,8,144,155,0,0,0,155
01/27/2022,LAW,OK,ASW,CE,Federal Contract Tower,5,0,3,116,124,0,0,8,0,8,5,0,11,116,132,0,0,0,132
01/28/2022,LAW,OK,ASW,CE,Federal Contract Tower,5,0,2,106,113,0,4,9,2,15,5,4,11,108,128,0,0,0,128
01/29/2022,LAW,OK,ASW,CE,Federal Contract Tower,5,2,5,0,12,0,4,12,0,16,5,6,17,0,28,12,0,12,40
01/30/2022,LAW,OK,ASW,CE,Federal Contract Tower,4,0,6,3,13,0,0,17,4,21,4,0,23,7,34,10,4,14,48
01/31/2022,LAW,OK,ASW,CE,Federal Contract Tower,2,0,10,130,142,0,0,8,2,10,2,0,18,132,152,4,0,4,156
02/01/2022,LAW,OK,ASW,CE,Federal Contract Tower,4,0,6,134,144,0,0,0,2,2,4,0,6,136,146,0,0,0,146
02/02/2022,LAW,OK,ASW,CE,Federal Contract Tower,0,0,0,0,0,0,0,0,0,0,0,0,0,0,0,0,0,0,0
02/03/2022,LAW,OK,ASW,CE,Federal Contract Tower,0,0,0,0,0,0,0,0,0,0,0,0,0,0,0,0,0,0,0
02/04/2022,LAW,OK,ASW,CE,Federal Contract Tower,1,0,0,0,1,0,3,8,0,11,1,3,8,0,12,0,0,0,12
02/05/2022,LAW,OK,ASW,CE,Federal Contract Tower,4,0,0,0,4,0,0,6,0,6,4,0,6,0,10,14,0,14,24
02/06/2022,LAW,OK,ASW,CE,Federal Contract Tower,4,0,1,0,5,0,0,5,0,5,4,0,6,0,10,6,0,6,16
02/07/2022,LAW,OK,ASW,CE,Federal Contract Tower,6,0,2,98,106,0,0,10,2,12,6,0,12,100,118,2,0,2,120
02/08/2022,LAW,OK,ASW,CE,Federal Contract Tower,4,0,4,100,108,0,0,4,2,6,4,0,8,102,114,0,0,0,114
02/09/2022,LAW,OK,ASW,CE,Federal Contract Tower,4,0,12,108,124,0,0,4,2,6,4,0,16,110,130,0,12,12,142
02/10/2022,LAW,OK,ASW,CE,Federal Contract Tower,5,0,10,140,155,0,0,5,0,5,5,0,15,140,160,0,0,0,160
02/11/2022,LAW,OK,ASW,CE,Federal Contract Tower,4,2,3,70,79,0,0,14,0,14,4,2,17,70,93,0,0,0,93
02/12/2022,LAW,OK,ASW,CE,Federal Contract Tower,4,1,0,1,6,0,0,7,2,9,4,1,7,3,15,0,0,0,15
02/13/2022,LAW,OK,ASW,CE,Federal Contract Tower,5,0,3,9,17,0,1,16,7,24,5,1,19,16,41,0,16,16,57
02/14/2022,LAW,OK,ASW,CE,Federal Contract Tower,4,0,2,76,82,0,0,14,0,14,4,0,16,76,96,6,0,6,102
02/15/2022,LAW,OK,ASW,CE,Federal Contract Tower,4,0,0,56,60,0,0,2,8,10,4,0,2,64,70,0,0,0,70
02/16/2022,LAW,OK,ASW,CE,Federal Contract Tower,4,0,9,68,81,0,0,13,0,13,4,0,22,68,94,20,0,20,114
02/17/2022,LAW,OK,ASW,CE,Federal Contract Tower,4,0,2,0,6,0,0,2,0,2,4,0,4,0,8,0,0,0,8
02/18/2022,LAW,OK,ASW,CE,Federal Contract Tower,4,0,1,80,85,0,0,22,0,22,4,0,23,80,107,6,0,6,113
02/19/2022,LAW,OK,ASW,CE,Federal Contract Tower,4,2,2,0,8,0,2,8,0,10,4,4,10,0,18,14,0,14,32
02/20/2022,LAW,OK,ASW,CE,Federal Contract Tower,4,0,3,0,7,0,0,6,0,6,4,0,9,0,13,2,0,2,15
02/21/2022,LAW,OK,ASW,CE,Federal Contract Tower,4,0,14,2,20,0,0,11,0,11,4,0,25,2,31,6,0,6,37
02/22/2022,LAW,OK,ASW,CE,Federal Contract Tower,4,0,1,58,63,0,0,10,2,12,4,0,11,60,75,0,2,2,77
02/23/2022,LAW,OK,ASW,CE,Federal Contract Tower,0,0,0,0,0,0,0,0,0,0,0,0,0,0,0,0,0,0,0
02/24/2022,LAW,OK,ASW,CE,Federal Contract Tower,0,0,0,0,0,0,0,0,0,0,0,0,0,0,0,0,0,0,0
02/25/2022,LAW,OK,ASW,CE,Federal Contract Tower,3,0,2,0,5,0,2,6,0,8,3,2,8,0,13,4,0,4,17
02/26/2022,LAW,OK,ASW,CE,Federal Contract Tower,4,0,1,0,5,0,1,6,0,7,4,1,7,0,12,8,0,8,20
02/27/2022,LAW,OK,ASW,CE,Federal Contract Tower,4,0,8,0,12,0,0,12,4,16,4,0,20,4,28,8,0,8,36
02/28/2022,LAW,OK,ASW,CE,Federal Contract Tower,6,0,4,66,76,0,0,2,0,2,6,0,6,66,78,2,0,2,80
03/01/2022,LAW,OK,ASW,CE,Federal Contract Tower,4,0,6,64,74,0,0,20,0,20,4,0,26,64,94,0,0,0,94
03/02/2022,LAW,OK,ASW,CE,Federal Contract Tower,3,0,5,70,78,0,0,8,0,8,3,0,13,70,86,18,0,18,104
03/03/2022,LAW,OK,ASW,CE,Federal Contract Tower,6,0,1,68,75,0,0,8,2,10,6,0,9,70,85,4,4,8,93
03/04/2022,LAW,OK,ASW,CE,Federal Contract Tower,4,0,6,56,66,0,0,4,2,6,4,0,10,58,72,6,0,6,78
03/05/2022,LAW,OK,ASW,CE,Federal Contract Tower,4,0,6,24,34,0,0,2,3,5,4,0,8,27,39,0,0,0,39
03/06/2022,LAW,OK,ASW,CE,Federal Contract Tower,6,0,2,0,8,0,0,0,0,0,6,0,2,0,8,0,0,0,8
03/07/2022,LAW,OK,ASW,CE,Federal Contract Tower,5,0,2,75,82,0,0,13,1,14,5,0,15,76,96,4,0,4,100
03/08/2022,LAW,OK,ASW,CE,Federal Contract Tower,4,0,10,120,134,0,0,7,4,11,4,0,17,124,145,6,6,12,157
03/09/2022,LAW,OK,ASW,CE,Federal Contract Tower,4,0,7,72,83,0,0,13,2,15,4,0,20,74,98,2,0,2,100
03/10/2022,LAW,OK,ASW,CE,Federal Contract Tower,4,0,6,62,72,0,0,9,0,9,4,0,15,62,81,6,0,6,87
03/11/2022,LAW,OK,ASW,CE,Federal Contract Tower,2,0,2,30,34,0,0,2,0,2,2,0,4,30,36,0,0,0,36
03/12/2022,LAW,OK,ASW,CE,Federal Contract Tower,4,0,2,0,6,0,0,6,0,6,4,0,8,0,12,0,0,0,12
03/13/2022,LAW,OK,ASW,CE,Federal Contract Tower,4,0,2,0,6,0,0,5,0,5,4,0,7,0,11,0,0,0,11
03/14/2022,LAW,OK,ASW,CE,Federal Contract Tower,3,0,13,114,130,0,0,13,0,13,3,0,26,114,143,0,0,0,143
03/15/2022,LAW,OK,ASW,CE,Federal Contract Tower,4,6,114,0,124,0,0,22,0,22,4,6,136,0,146,0,0,0,146
03/16/2022,LAW,OK,ASW,CE,Federal Contract Tower,4,0,5,98,107,0,0,15,0,15,4,0,20,98,122,14,0,14,136
03/17/2022,LAW,OK,ASW,CE,Federal Contract Tower,5,0,3,60,68,0,0,22,0,22,5,0,25,60,90,0,0,0,90
03/18/2022,LAW,OK,ASW,CE,Federal Contract Tower,4,0,2,104,110,0,0,1,0,1,4,0,3,104,111,0,0,0,111
03/19/2022,LAW,OK,ASW,CE,Federal Contract Tower,4,0,4,0,8,0,1,12,0,13,4,1,16,0,21,4,0,4,25
03/20/2022,LAW,OK,ASW,CE,Federal Contract Tower,4,0,2,0,6,0,4,14,0,18,4,4,16,0,24,2,0,2,26
03/21/2022,LAW,OK,ASW,CE,Federal Contract Tower,3,0,5,33,41,0,0,2,0,2,3,0,7,33,43,0,0,0,43
03/22/2022,LAW,OK,ASW,CE,Federal Contract Tower,4,0,1,119,124,0,0,0,0,0,4,0,1,119,124,0,0,0,124
03/23/2022,LAW,OK,ASW,CE,Federal Contract Tower,4,0,2,106,112,0,0,8,0,8,4,0,10,106,120,0,0,0,120
03/24/2022,LAW,OK,ASW,CE,Federal Contract Tower,4,0,5,118,127,0,0,6,2,8,4,0,11,120,135,6,4,10,145
03/25/2022,LAW,OK,ASW,CE,Federal Contract Tower,4,0,3,112,119,0,3,15,0,18,4,3,18,112,137,18,0,18,155
03/26/2022,LAW,OK,ASW,CE,Federal Contract Tower,4,0,1,0,5,0,1,6,0,7,4,1,7,0,12,4,0,4,16
03/27/2022,LAW,OK,ASW,CE,Federal Contract Tower,4,0,4,0,8,0,0,6,0,6,4,0,10,0,14,0,0,0,14
03/28/2022,LAW,OK,ASW,CE,Federal Contract Tower,4,0,5,106,115,0,0,23,4,27,4,0,28,110,142,7,0,7,149
03/29/2022,LAW,OK,ASW,CE,Federal Contract Tower,4,0,0,146,150,0,0,10,4,14,4,0,10,150,164,0,0,0,164
03/30/2022,LAW,OK,ASW,CE,Federal Contract Tower,4,0,4,132,140,0,0,0,0,0,4,0,4,132,140,0,0,0,140
03/31/2022,LAW,OK,ASW,CE,Federal Contract Tower,5,0,3,106,114,0,0,15,0,15,5,0,18,106,129,2,0,2,131
04/01/2022,LAW,OK,ASW,CE,Federal Contract Tower,4,0,8,75,87,0,2,16,1,19,4,2,24,76,106,2,0,2,108
04/02/2022,LAW,OK,ASW,CE,Federal Contract Tower,4,0,5,1,10,0,1,13,0,14,4,1,18,1,24,14,0,14,38
04/03/2022,LAW,OK,ASW,CE,Federal Contract Tower,6,0,2,1,9,0,0,8,6,14,6,0,10,7,23,10,0,10,33
04/04/2022,LAW,OK,ASW,CE,Federal Contract Tower,4,0,4,54,62,0,0,3,0,3,4,0,7,54,65,0,0,0,65
04/05/2022,LAW,OK,ASW,CE,Federal Contract Tower,6,0,1,46,53,0,0,12,0,12,6,0,13,46,65,0,0,0,65
04/06/2022,LAW,OK,ASW,CE,Federal Contract Tower,6,0,0,92,98,0,0,10,0,10,6,0,10,92,108,10,0,10,118
04/07/2022,LAW,OK,ASW,CE,Federal Contract Tower,8,0,2,45,55,0,0,7,0,7,8,0,9,45,62,0,0,0,62
04/08/2022,LAW,OK,ASW,CE,Federal Contract Tower,6,0,0,80,86,0,7,10,0,17,6,7,10,80,103,2,6,8,111
04/09/2022,LAW,OK,ASW,CE,Federal Contract Tower,6,0,2,2,10,0,2,13,0,15,6,2,15,2,25,12,0,12,37
04/10/2022,LAW,OK,ASW,CE,Federal Contract Tower,6,0,0,20,26,0,0,12,3,15,6,0,12,23,41,6,0,6,47
04/11/2022,LAW,OK,ASW,CE,Federal Contract Tower,4,0,3,56,63,0,0,19,12,31,4,0,22,68,94,0,0,0,94
04/12/2022,LAW,OK,ASW,CE,Federal Contract Tower,6,0,4,50,60,0,0,11,1,12,6,0,15,51,72,0,6,6,78
04/13/2022,LAW,OK,ASW,CE,Federal Contract Tower,5,0,8,60,73,0,0,13,0,13,5,0,21,60,86,8,0,8,94
04/14/2022,LAW,OK,ASW,CE,Federal Contract Tower,6,0,6,42,54,0,0,13,3,16,6,0,19,45,70,0,12,12,82
04/15/2022,LAW,OK,ASW,CE,Federal Contract Tower,6,0,3,58,67,0,1,7,0,8,6,1,10,58,75,0,0,0,75
04/16/2022,LAW,OK,ASW,CE,Federal Contract Tower,6,0,2,0,8,0,0,0,0,0,6,0,2,0,8,0,0,0,8
04/17/2022,LAW,OK,ASW,CE,Federal Contract Tower,6,0,2,1,9,0,1,3,0,4,6,1,5,1,13,8,0,8,21
04/18/2022,LAW,OK,ASW,CE,Federal Contract Tower,6,0,5,62,73,0,0,9,2,11,6,0,14,64,84,0,0,0,84
04/19/2022,LAW,OK,ASW,CE,Federal Contract Tower,6,0,4,42,52,0,0,8,0,8,6,0,12,42,60,0,0,0,60
04/20/2022,LAW,OK,ASW,CE,Federal Contract Tower,6,0,2,34,42,0,0,15,0,15,6,0,17,34,57,10,0,10,67
04/21/2022,LAW,OK,ASW,CE,Federal Contract Tower,6,0,0,58,64,0,0,14,2,16,6,0,14,60,80,0,2,2,82
04/22/2022,LAW,OK,ASW,CE,Federal Contract Tower,5,0,1,72,78,0,0,3,0,3,5,0,4,72,81,6,0,6,87
04/23/2022,LAW,OK,ASW,CE,Federal Contract Tower,7,0,0,0,7,0,3,5,0,8,7,3,5,0,15,0,0,0,15
04/24/2022,LAW,OK,ASW,CE,Federal Contract Tower,3,0,3,0,6,0,0,2,0,2,3,0,5,0,8,0,0,0,8
04/25/2022,LAW,OK,ASW,CE,Federal Contract Tower,6,0,2,82,90,0,0,19,0,19,6,0,21,82,109,0,0,0,109
04/26/2022,LAW,OK,ASW,CE,Federal Contract Tower,6,0,17,80,103,0,0,18,0,18,6,0,35,80,121,6,0,6,127
04/27/2022,LAW,OK,ASW,CE,Federal Contract Tower,6,0,16,114,136,0,0,7,0,7,6,0,23,114,143,12,0,12,155
04/28/2022,LAW,OK,ASW,CE,Federal Contract Tower,6,0,2,74,82,0,0,6,0,6,6,0,8,74,88,0,0,0,88
04/29/2022,LAW,OK,ASW,CE,Federal Contract Tower,7,1,3,86,97,0,2,4,0,6,7,3,7,86,103,0,0,0,103
04/30/2022,LAW,OK,ASW,CE,Federal Contract Tower,6,0,1,0,7,0,1,11,0,12,6,1,12,0,19,0,0,0,19
05/01/2022,LAW,OK,ASW,CE,Federal Contract Tower,6,0,8,0,14,0,0,6,8,14,6,0,14,8,28,14,0,14,42
05/02/2022,LAW,OK,ASW,CE,Federal Contract Tower,6,0,2,70,78,0,0,4,2,6,6,0,6,72,84,0,0,0,84
05/03/2022,LAW,OK,ASW,CE,Federal Contract Tower,6,0,12,102,120,0,0,6,4,10,6,0,18,106,130,8,0,8,138
05/04/2022,LAW,OK,ASW,CE,Federal Contract Tower,4,0,2,28,34,0,0,2,0,2,4,0,4,28,36,0,0,0,36
05/05/2022,LAW,OK,ASW,CE,Federal Contract Tower,5,0,4,53,62,0,0,1,1,2,5,0,5,54,64,0,0,0,64
05/06/2022,LAW,OK,ASW,CE,Federal Contract Tower,5,0,7,63,75,0,5,29,1,35,5,5,36,64,110,18,14,32,142
05/07/2022,LAW,OK,ASW,CE,Federal Contract Tower,6,2,4,0,12,0,2,7,0,9,6,4,11,0,21,6,0,6,27
05/08/2022,LAW,OK,ASW,CE,Federal Contract Tower,5,0,8,8,21,0,0,8,2,10,5,0,16,10,31,8,0,8,39
05/09/2022,LAW,OK,ASW,CE,Federal Contract Tower,5,0,2,84,91,0,0,8,4,12,5,0,10,88,103,0,0,0,103
05/10/2022,LAW,OK,ASW,CE,Federal Contract Tower,4,0,2,78,84,0,0,2,6,8,4,0,4,84,92,16,0,16,108
05/11/2022,LAW,OK,ASW,CE,Federal Contract Tower,8,0,2,86,96,0,0,24,0,24,8,0,26,86,120,12,0,12,132
05/12/2022,LAW,OK,ASW,CE,Federal Contract Tower,6,0,3,72,81,0,0,21,0,21,6,0,24,72,102,0,0,0,102
05/13/2022,LAW,OK,ASW,CE,Federal Contract Tower,6,0,3,0,9,0,2,12,2,16,6,2,15,2,25,10,4,14,39
05/14/2022,LAW,OK,ASW,CE,Federal Contract Tower,6,0,6,0,12,0,2,11,0,13,6,2,17,0,25,18,0,18,43
05/15/2022,LAW,OK,ASW,CE,Federal Contract Tower,6,0,13,5,24,0,0,14,6,20,6,0,27,11,44,8,0,8,52
05/16/2022,LAW,OK,ASW,CE,Federal Contract Tower,6,0,2,58,66,0,0,22,2,24,6,0,24,60,90,0,0,0,90
05/17/2022,LAW,OK,ASW,CE,Federal Contract Tower,6,0,15,81,102,0,0,17,2,19,6,0,32,83,121,4,0,4,125
05/18/2022,LAW,OK,ASW,CE,Federal Contract Tower,6,0,5,98,109,0,0,9,0,9,6,0,14,98,118,0,0,0,118
05/19/2022,LAW,OK,ASW,CE,Federal Contract Tower,6,0,10,74,90,0,0,14,0,14,6,0,24,74,104,10,0,10,114
05/20/2022,LAW,OK,ASW,CE,Federal Contract Tower,6,0,4,88,98,0,1,7,2,10,6,1,11,90,108,8,0,8,116
05/21/2022,LAW,OK,ASW,CE,Federal Contract Tower,5,0,11,0,16,0,3,13,0,16,5,3,24,0,32,0,0,0,32
05/22/2022,LAW,OK,ASW,CE,Federal Contract Tower,6,0,0,1,7,0,0,14,1,15,6,0,14,2,22,2,0,2,24
05/23/2022,LAW,OK,ASW,CE,Federal Contract Tower,6,0,7,36,49,0,0,0,0,0,6,0,7,36,49,0,0,0,49
05/24/2022,LAW,OK,ASW,CE,Federal Contract Tower,4,0,0,0,4,0,0,0,0,0,4,0,0,0,4,0,0,0,4
05/25/2022,LAW,OK,ASW,CE,Federal Contract Tower,7,0,16,60,83,0,0,2,6,8,7,0,18,66,91,0,12,12,103
05/26/2022,LAW,OK,ASW,CE,Federal Contract Tower,6,0,6,82,94,0,0,12,4,16,6,0,18,86,110,6,12,18,128
05/27/2022,LAW,OK,ASW,CE,Federal Contract Tower,6,0,5,1,12,0,1,16,0,17,6,1,21,1,29,16,0,16,45
05/28/2022,LAW,OK,ASW,CE,Federal Contract Tower,6,0,4,0,10,0,0,6,0,6,6,0,10,0,16,0,0,0,16
05/29/2022,LAW,OK,ASW,CE,Federal Contract Tower,4,0,2,0,6,0,0,11,0,11,4,0,13,0,17,0,0,0,17
05/30/2022,LAW,OK,ASW,CE,Federal Contract Tower,6,0,2,0,8,0,0,7,0,7,6,0,9,0,15,0,0,0,15
05/31/2022,LAW,OK,ASW,CE,Federal Contract Tower,8,0,7,64,79,0,0,10,0,10,8,0,17,64,89,0,0,0,89
06/01/2022,LAW,OK,ASW,CE,Federal Contract Tower,6,0,10,50,66,0,0,6,0,6,6,0,16,50,72,0,0,0,72
06/02/2022,LAW,OK,ASW,CE,Federal Contract Tower,7,0,7,72,86,0,0,2,0,2,7,0,9,72,88,4,0,4,92
06/03/2022,LAW,OK,ASW,CE,Federal Contract Tower,4,2,5,14,25,0,2,4,1,7,4,4,9,15,32,30,2,32,64
06/04/2022,LAW,OK,ASW,CE,Federal Contract Tower,4,1,1,0,6,0,2,15,1,18,4,3,16,1,24,4,0,4,28
06/05/2022,LAW,OK,ASW,CE,Federal Contract Tower,4,0,2,0,6,0,0,7,2,9,4,0,9,2,15,0,0,0,15
06/06/2022,LAW,OK,ASW,CE,Federal Contract Tower,4,0,7,52,63,0,0,11,6,17,4,0,18,58,80,8,0,8,88
06/07/2022,LAW,OK,ASW,CE,Federal Contract Tower,4,0,8,44,56,0,0,4,0,4,4,0,12,44,60,6,0,6,66
06/08/2022,LAW,OK,ASW,CE,Federal Contract Tower,4,0,3,20,27,0,0,4,2,6,4,0,7,22,33,0,4,4,37
06/09/2022,LAW,OK,ASW,CE,Federal Contract Tower,4,0,2,56,62,0,0,13,0,13,4,0,15,56,75,14,0,14,89
06/10/2022,LAW,OK,ASW,CE,Federal Contract Tower,4,0,9,49,62,0,2,20,1,23,4,2,29,50,85,20,2,22,107
06/11/2022,LAW,OK,ASW,CE,Federal Contract Tower,4,0,2,0,6,0,1,2,0,3,4,1,4,0,9,0,0,0,9
06/12/2022,LAW,OK,ASW,CE,Federal Contract Tower,4,0,1,4,9,0,2,1,0,3,4,2,2,4,12,4,0,4,16
06/13/2022,LAW,OK,ASW,CE,Federal Contract Tower,3,0,6,42,51,0,0,11,0,11,3,0,17,42,62,0,0,0,62
06/14/2022,LAW,OK,ASW,CE,Federal Contract Tower,4,0,9,54,67,0,0,7,0,7,4,0,16,54,74,0,0,0,74
06/15/2022,LAW,OK,ASW,CE,Federal Contract Tower,4,0,7,53,64,0,0,14,2,16,4,0,21,55,80,0,10,10,90
06/16/2022,LAW,OK,ASW,CE,Federal Contract Tower,5,0,5,60,70,0,0,5,0,5,5,0,10,60,75,8,0,8,83
06/17/2022,LAW,OK,ASW,CE,Federal Contract Tower,4,0,2,37,43,0,0,12,0,12,4,0,14,37,55,8,0,8,63
06/18/2022,LAW,OK,ASW,CE,Federal Contract Tower,4,0,1,0,5,0,0,6,0,6,4,0,7,0,11,4,0,4,15
06/19/2022,LAW,OK,ASW,CE,Federal Contract Tower,4,0,2,0,6,0,0,13,0,13,4,0,15,0,19,14,0,14,33
06/20/2022,LAW,OK,ASW,CE,Federal Contract Tower,4,0,5,0,9,0,0,11,0,11,4,0,16,0,20,12,0,12,32
06/21/2022,LAW,OK,ASW,CE,Federal Contract Tower,4,0,1,66,71,0,0,2,2,4,4,0,3,68,75,10,0,10,85
06/22/2022,LAW,OK,ASW,CE,Federal Contract Tower,4,0,6,80,90,0,0,3,0,3,4,0,9,80,93,0,0,0,93
06/23/2022,LAW,OK,ASW,CE,Federal Contract Tower,4,0,3,80,87,0,0,2,0,2,4,0,5,80,89,4,0,4,93
06/24/2022,LAW,OK,ASW,CE,Federal Contract Tower,4,0,1,36,41,0,0,8,1,9,4,0,9,37,50,4,0,4,54
06/25/2022,LAW,OK,ASW,CE,Federal Contract Tower,4,3,0,0,7,0,1,6,0,7,4,4,6,0,14,0,0,0,14
06/26/2022,LAW,OK,ASW,CE,Federal Contract Tower,3,0,4,9,16,0,0,7,0,7,3,0,11,9,23,0,0,0,23
06/27/2022,LAW,OK,ASW,CE,Federal Contract Tower,2,0,4,105,111,0,0,14,6,20,2,0,18,111,131,0,4,4,135
06/28/2022,LAW,OK,ASW,CE,Federal Contract Tower,4,0,1,66,71,0,0,3,0,3,4,0,4,66,74,0,0,0,74
06/29/2022,LAW,OK,ASW,CE,Federal Contract Tower,4,0,12,114,130,0,0,20,0,20,4,0,32,114,150,0,0,0,150
06/30/2022,LAW,OK,ASW,CE,Federal Contract Tower,4,0,9,90,103,0,0,12,0,12,4,0,21,90,115,0,0,0,115
07/01/2022,LAW,OK,ASW,CE,Federal Contract Tower,4,0,5,0,9,0,3,17,0,20,4,3,22,0,29,6,0,6,35
07/02/2022,LAW,OK,ASW,CE,Federal Contract Tower,4,0,3,0,7,0,0,13,0,13,4,0,16,0,20,0,0,0,20
07/03/2022,LAW,OK,ASW,CE,Federal Contract Tower,3,0,2,0,5,0,0,2,0,2,3,0,4,0,7,0,0,0,7
07/04/2022,LAW,OK,ASW,CE,Federal Contract Tower,4,0,0,0,4,0,0,0,0,0,4,0,0,0,4,0,0,0,4
07/05/2022,LAW,OK,ASW,CE,Federal Contract Tower,4,0,3,108,115,0,0,7,4,11,4,0,10,112,126,0,0,0,126
07/06/2022,LAW,OK,ASW,CE,Federal Contract Tower,2,0,9,130,141,0,0,16,0,16,2,0,25,130,157,6,0,6,163
07/07/2022,LAW,OK,ASW,CE,Federal Contract Tower,4,0,0,110,114,0,0,12,0,12,4,0,12,110,126,8,0,8,134
07/08/2022,LAW,OK,ASW,CE,Federal Contract Tower,4,0,5,72,81,0,0,8,6,14,4,0,13,78,95,0,8,8,103
07/09/2022,LAW,OK,ASW,CE,Federal Contract Tower,4,0,4,0,8,0,1,5,0,6,4,1,9,0,14,0,0,0,14
07/10/2022,LAW,OK,ASW,CE,Federal Contract Tower,4,0,0,4,8,0,0,2,16,18,4,0,2,20,26,2,0,2,28
07/11/2022,LAW,OK,ASW,CE,Federal Contract Tower,4,0,3,101,108,0,0,12,0,12,4,0,15,101,120,0,0,0,120
07/12/2022,LAW,OK,ASW,CE,Federal Contract Tower,4,0,0,82,86,0,0,6,0,6,4,0,6,82,92,0,0,0,92
07/13/2022,LAW,OK,ASW,CE,Federal Contract Tower,4,0,1,112,117,0,0,13,0,13,4,0,14,112,130,12,0,12,142
07/14/2022,LAW,OK,ASW,CE,Federal Contract Tower,4,0,2,106,112,0,0,15,0,15,4,0,17,106,127,2,0,2,129
07/15/2022,LAW,OK,ASW,CE,Federal Contract Tower,4,0,7,72,83,0,2,11,0,13,4,2,18,72,96,4,0,4,100
07/16/2022,LAW,OK,ASW,CE,Federal Contract Tower,2,0,0,0,2,0,0,7,2,9,2,0,7,2,11,8,0,8,19
07/17/2022,LAW,OK,ASW,CE,Federal Contract Tower,2,0,0,3,5,0,2,8,2,12,2,2,8,5,17,24,0,24,41
07/18/2022,LAW,OK,ASW,CE,Federal Contract Tower,4,0,3,156,163,0,0,16,0,16,4,0,19,156,179,6,0,6,185
07/19/2022,LAW,OK,ASW,CE,Federal Contract Tower,4,0,0,94,98,0,0,8,0,8,4,0,8,94,106,2,0,2,108
07/20/2022,LAW,OK,ASW,CE,Federal Contract Tower,2,0,3,132,137,0,0,11,0,11,2,0,14,132,148,2,0,2,150
07/21/2022,LAW,OK,ASW,CE,Federal Contract Tower,4,0,4,112,120,0,0,20,0,20,4,0,24,112,140,4,0,4,144
07/22/2022,LAW,OK,ASW,CE,Federal Contract Tower,4,0,0,80,84,0,3,6,0,9,4,3,6,80,93,8,0,8,101
07/23/2022,LAW,OK,ASW,CE,Federal Contract Tower,4,0,0,2,6,0,0,8,1,9,4,0,8,3,15,2,0,2,17
07/24/2022,LAW,OK,ASW,CE,Federal Contract Tower,4,0,1,1,6,0,0,5,3,8,4,0,6,4,14,4,0,4,18
07/25/2022,LAW,OK,ASW,CE,Federal Contract Tower,2,0,14,120,136,0,0,5,0,5,2,0,19,120,141,4,0,4,145
07/26/2022,LAW,OK,ASW,CE,Federal Contract Tower,4,0,2,86,92,0,0,9,0,9,4,0,11,86,101,6,0,6,107
07/27/2022,LAW,OK,ASW,CE,Federal Contract Tower,4,0,3,84,91,0,0,8,0,8,4,0,11,84,99,0,0,0,99
07/28/2022,LAW,OK,ASW,CE,Federal Contract Tower,4,0,8,98,110,0,0,10,0,10,4,0,18,98,120,0,0,0,120
07/29/2022,LAW,OK,ASW,CE,Federal Contract Tower,4,2,5,66,77,0,1,12,1,14,4,3,17,67,91,0,0,0,91
07/30/2022,LAW,OK,ASW,CE,Federal Contract Tower,3,0,1,0,4,0,4,14,0,18,3,4,15,0,22,22,0,22,44
07/31/2022,LAW,OK,ASW,CE,Federal Contract Tower,4,0,2,0,6,0,0,9,0,9,4,0,11,0,15,6,0,6,21
08/01/2022,LAW,OK,ASW,CE,Federal Contract Tower,4,0,2,76,82,0,0,5,4,9,4,0,7,80,91,0,0,0,91
08/02/2022,LAW,OK,ASW,CE,Federal Contract Tower,4,0,1,90,95,0,0,10,0,10,4,0,11,90,105,0,0,0,105
08/03/2022,LAW,OK,ASW,CE,Federal Contract Tower,4,0,3,88,95,0,0,16,2,18,4,0,19,90,113,6,0,6,119
08/04/2022,LAW,OK,ASW,CE,Federal Contract Tower,4,0,12,66,82,0,0,18,12,30,4,0,30,78,112,12,0,12,124
08/05/2022,LAW,OK,ASW,CE,Federal Contract Tower,4,0,5,26,35,0,1,2,1,4,4,1,7,27,39,2,4,6,45
08/06/2022,LAW,OK,ASW,CE,Federal Contract Tower,4,0,2,0,6,0,0,11,0,11,4,0,13,0,17,12,0,12,29
08/07/2022,LAW,OK,ASW,CE,Federal Contract Tower,4,0,9,4,17,0,0,10,13,23,4,0,19,17,40,20,2,22,62
08/08/2022,LAW,OK,ASW,CE,Federal Contract Tower,4,0,1,1,6,0,0,6,20,26,4,0,7,21,32,16,6,22,54
08/09/2022,LAW,OK,ASW,CE,Federal Contract Tower,3,0,1,0,4,0,0,13,4,17,3,0,14,4,21,2,0,2,23
08/10/2022,LAW,OK,ASW,CE,Federal Contract Tower,6,0,2,0,8,0,0,16,0,16,6,0,18,0,24,16,0,16,40
08/11/2022,LAW,OK,ASW,CE,Federal Contract Tower,4,0,6,2,12,0,0,11,0,11,4,0,17,2,23,0,0,0,23
08/12/2022,LAW,OK,ASW,CE,Federal Contract Tower,4,0,3,22,29,0,1,13,0,14,4,1,16,22,43,18,2,20,63
08/13/2022,LAW,OK,ASW,CE,Federal Contract Tower,4,0,1,0,5,0,8,13,0,21,4,8,14,0,26,8,0,8,34
08/14/2022,LAW,OK,ASW,CE,Federal Contract Tower,4,0,4,0,8,0,0,7,0,7,4,0,11,0,15,4,0,4,19
08/15/2022,LAW,OK,ASW,CE,Federal Contract Tower,4,0,1,2,7,0,0,7,6,13,4,0,8,8,20,0,6,6,26
08/16/2022,LAW,OK,ASW,CE,Federal Contract Tower,4,0,3,56,63,0,0,7,0,7,4,0,10,56,70,0,4,4,74
08/17/2022,LAW,OK,ASW,CE,Federal Contract Tower,3,0,0,22,25,0,0,4,0,4,3,0,4,22,29,0,0,0,29
08/18/2022,LAW,OK,ASW,CE,Federal Contract Tower,4,3,0,28,35,0,0,13,0,13,4,3,13,28,48,0,0,0,48
08/19/2022,LAW,OK,ASW,CE,Federal Contract Tower,4,1,7,22,34,0,3,13,0,16,4,4,20,22,50,36,0,36,86
08/20/2022,LAW,OK,ASW,CE,Federal Contract Tower,4,0,0,0,4,0,0,6,0,6,4,0,6,0,10,0,0,0,10
08/21/2022,LAW,OK,ASW,CE,Federal Contract Tower,2,0,1,0,3,0,0,2,0,2,2,0,3,0,5,0,0,0,5
08/22/2022,LAW,OK,ASW,CE,Federal Contract Tower,5,0,1,56,62,0,0,1,0,1,5,0,2,56,63,0,0,0,63
08/23/2022,LAW,OK,ASW,CE,Federal Contract Tower,4,0,11,56,71,0,0,13,0,13,4,0,24,56,84,0,8,8,92
08/24/2022,LAW,OK,ASW,CE,Federal Contract Tower,4,0,1,52,57,0,0,20,2,22,4,0,21,54,79,18,4,22,101
08/25/2022,LAW,OK,ASW,CE,Federal Contract Tower,4,0,10,72,86,0,0,25,0,25,4,0,35,72,111,14,0,14,125
08/26/2022,LAW,OK,ASW,CE,Federal Contract Tower,4,0,1,56,61,0,1,7,1,9,4,1,8,57,70,10,4,14,84
08/27/2022,LAW,OK,ASW,CE,Federal Contract Tower,4,2,1,0,7,0,5,15,0,20,4,7,16,0,27,10,0,10,37
08/28/2022,LAW,OK,ASW,CE,Federal Contract Tower,4,0,3,10,17,0,0,12,8,20,4,0,15,18,37,6,0,6,43
08/29/2022,LAW,OK,ASW,CE,Federal Contract Tower,4,0,4,55,63,0,0,5,0,5,4,0,9,55,68,18,0,18,86
08/30/2022,LAW,OK,ASW,CE,Federal Contract Tower,3,0,16,48,67,0,0,8,0,8,3,0,24,48,75,0,0,0,75
08/31/2022,LAW,OK,ASW,CE,Federal Contract Tower,3,0,2,66,71,0,0,10,2,12,3,0,12,68,83,10,0,10,93
09/01/2022,LAW,OK,ASW,CE,Federal Contract Tower,3,0,7,60,70,0,0,7,0,7,3,0,14,60,77,6,0,6,83
09/02/2022,LAW,OK,ASW,CE,Federal Contract Tower,3,0,1,0,4,0,0,10,0,10,3,0,11,0,14,16,0,16,30
09/03/2022,LAW,OK,ASW,CE,Federal Contract Tower,3,0,0,0,3,0,2,6,0,8,3,2,6,0,11,4,0,4,15
09/04/2022,LAW,OK,ASW,CE,Federal Contract Tower,3,0,0,0,3,0,0,4,0,4,3,0,4,0,7,0,0,0,7
09/05/2022,LAW,OK,ASW,CE,Federal Contract Tower,5,0,6,0,11,0,0,3,0,3,5,0,9,0,14,0,0,0,14
09/06/2022,LAW,OK,ASW,CE,Federal Contract Tower,0,4,5,97,106,0,0,12,5,17,0,4,17,102,123,14,0,14,137
09/07/2022,LAW,OK,ASW,CE,Federal Contract Tower,4,0,4,100,108,0,0,17,0,17,4,0,21,100,125,18,0,18,143
09/08/2022,LAW,OK,ASW,CE,Federal Contract Tower,4,0,19,126,149,0,0,21,0,21,4,0,40,126,170,4,0,4,174
09/09/2022,LAW,OK,ASW,CE,Federal Contract Tower,4,0,15,76,95,0,3,16,0,19,4,3,31,76,114,0,0,0,114
09/10/2022,LAW,OK,ASW,CE,Federal Contract Tower,4,0,7,1,12,0,0,11,0,11,4,0,18,1,23,10,0,10,33
09/11/2022,LAW,OK,ASW,CE,Federal Contract Tower,4,0,6,10,20,0,0,7,12,19,4,0,13,22,39,0,0,0,39
09/12/2022,LAW,OK,ASW,CE,Federal Contract Tower,4,0,1,78,83,0,0,8,0,8,4,0,9,78,91,14,0,14,105
09/13/2022,LAW,OK,ASW,CE,Federal Contract Tower,4,0,11,68,83,0,0,4,0,4,4,0,15,68,87,0,0,0,87
09/14/2022,LAW,OK,ASW,CE,Federal Contract Tower,4,0,4,60,68,0,0,10,0,10,4,0,14,60,78,6,0,6,84
09/15/2022,LAW,OK,ASW,CE,Federal Contract Tower,2,0,1,50,53,0,0,33,0,33,2,0,34,50,86,4,0,4,90
09/16/2022,LAW,OK,ASW,CE,Federal Contract Tower,4,1,5,22,32,0,5,9,0,14,4,6,14,22,46,0,0,0,46
09/17/2022,LAW,OK,ASW,CE,Federal Contract Tower,4,0,0,0,4,0,2,7,0,9,4,2,7,0,13,2,0,2,15
09/18/2022,LAW,OK,ASW,CE,Federal Contract Tower,4,0,3,0,7,0,0,6,0,6,4,0,9,0,13,0,0,0,13
09/19/2022,LAW,OK,ASW,CE,Federal Contract Tower,4,0,4,34,42,0,0,6,0,6,4,0,10,34,48,0,0,0,48
09/20/2022,LAW,OK,ASW,CE,Federal Contract Tower,4,0,4,40,48,0,0,16,2,18,4,0,20,42,66,14,0,14,80
09/21/2022,LAW,OK,ASW,CE,Federal Contract Tower,4,0,0,40,44,0,0,24,0,24,4,0,24,40,68,0,0,0,68
09/22/2022,LAW,OK,ASW,CE,Federal Contract Tower,4,0,5,52,61,0,0,17,4,21,4,0,22,56,82,12,2,14,96
09/23/2022,LAW,OK,ASW,CE,Federal Contract Tower,4,0,0,39,43,0,0,11,0,11,4,0,11,39,54,14,0,14,68
09/24/2022,LAW,OK,ASW,CE,Federal Contract Tower,4,0,1,0,5,0,1,6,0,7,4,1,7,0,12,12,0,12,24
09/25/2022,LAW,OK,ASW,CE,Federal Contract Tower,4,0,3,0,7,0,0,15,0,15,4,0,18,0,22,0,0,0,22
09/26/2022,LAW,OK,ASW,CE,Federal Contract Tower,4,0,7,52,63,0,0,15,0,15,4,0,22,52,78,0,0,0,78
09/27/2022,LAW,OK,ASW,CE,Federal Contract Tower,4,0,0,44,48,0,0,10,2,12,4,0,10,46,60,0,0,0,60
09/28/2022,LAW,OK,ASW,CE,Federal Contract Tower,4,0,5,34,43,0,0,4,2,6,4,0,9,36,49,8,2,10,59
09/29/2022,LAW,OK,ASW,CE,Federal Contract Tower,5,0,5,36,46,0,0,13,2,15,5,0,18,38,61,4,2,6,67
09/30/2022,LAW,OK,ASW,CE,Federal Contract Tower,4,0,4,20,28,0,1,11,2,14,4,1,15,22,42,20,2,22,64
10/01/2022,LAW,OK,ASW,CE,Federal Contract Tower,4,0,1,2,7,0,1,15,0,16,4,1,16,2,23,12,0,12,35
10/02/2022,LAW,OK,ASW,CE,Federal Contract Tower,4,0,7,0,11,0,0,10,0,10,4,0,17,0,21,0,0,0,21
10/03/2022,LAW,OK,ASW,CE,Federal Contract Tower,4,0,2,34,40,0,0,11,2,13,4,0,13,36,53,8,0,8,61
10/04/2022,LAW,OK,ASW,CE,Federal Contract Tower,4,0,3,46,53,0,0,6,0,6,4,0,9,46,59,0,0,0,59
10/05/2022,LAW,OK,ASW,CE,Federal Contract Tower,4,0,3,86,93,0,0,29,2,31,4,0,32,88,124,0,4,4,128
10/06/2022,LAW,OK,ASW,CE,Federal Contract Tower,4,0,1,52,57,0,0,25,0,25,4,0,26,52,82,8,0,8,90
10/07/2022,LAW,OK,ASW,CE,Federal Contract Tower,4,0,6,48,58,0,1,9,0,10,4,1,15,48,68,20,0,20,88
10/08/2022,LAW,OK,ASW,CE,Federal Contract Tower,3,0,3,0,6,0,2,7,0,9,3,2,10,0,15,26,0,26,41
10/09/2022,LAW,OK,ASW,CE,Federal Contract Tower,4,0,5,0,9,0,0,8,0,8,4,0,13,0,17,12,0,12,29
10/10/2022,LAW,OK,ASW,CE,Federal Contract Tower,4,0,5,0,9,0,0,7,0,7,4,0,12,0,16,0,0,0,16
10/11/2022,LAW,OK,ASW,CE,Federal Contract Tower,4,0,10,30,44,0,0,7,0,7,4,0,17,30,51,0,0,0,51
10/12/2022,LAW,OK,ASW,CE,Federal Contract Tower,4,0,3,58,65,0,0,7,0,7,4,0,10,58,72,0,0,0,72
10/13/2022,LAW,OK,ASW,CE,Federal Contract Tower,4,0,8,72,84,0,0,28,0,28,4,0,36,72,112,14,0,14,126
10/14/2022,LAW,OK,ASW,CE,Federal Contract Tower,4,0,3,46,53,0,1,13,0,14,4,1,16,46,67,0,0,0,67
10/15/2022,LAW,OK,ASW,CE,Federal Contract Tower,4,0,1,0,5,0,2,13,0,15,4,2,14,0,20,0,0,0,20
10/16/2022,LAW,OK,ASW,CE,Federal Contract Tower,4,0,7,0,11,0,0,2,0,2,4,0,9,0,13,0,0,0,13
10/17/2022,LAW,OK,ASW,CE,Federal Contract Tower,4,0,0,54,58,0,0,5,2,7,4,0,5,56,65,0,0,0,65
10/18/2022,LAW,OK,ASW,CE,Federal Contract Tower,4,0,2,60,66,0,0,8,4,12,4,0,10,64,78,0,0,0,78
10/19/2022,LAW,OK,ASW,CE,Federal Contract Tower,3,0,2,56,61,0,0,20,0,20,3,0,22,56,81,0,0,0,81
10/20/2022,LAW,OK,ASW,CE,Federal Contract Tower,4,0,2,68,74,0,0,22,4,26,4,0,24,72,100,0,0,0,100
10/21/2022,LAW,OK,ASW,CE,Federal Contract Tower,4,0,5,24,33,0,1,8,0,9,4,1,13,24,42,14,0,14,56
10/22/2022,LAW,OK,ASW,CE,Federal Contract Tower,4,0,2,0,6,0,2,4,0,6,4,2,6,0,12,0,0,0,12
10/23/2022,LAW,OK,ASW,CE,Federal Contract Tower,4,0,5,4,13,0,0,5,2,7,4,0,10,6,20,0,0,0,20
10/24/2022,LAW,OK,ASW,CE,Federal Contract Tower,2,0,2,20,24,0,0,5,0,5,2,0,7,20,29,0,0,0,29
10/25/2022,LAW,OK,ASW,CE,Federal Contract Tower,4,0,5,34,43,0,0,14,0,14,4,0,19,34,57,6,0,6,63
10/26/2022,LAW,OK,ASW,CE,Federal Contract Tower,6,0,2,36,44,0,0,15,2,17,6,0,17,38,61,10,0,10,71
10/27/2022,LAW,OK,ASW,CE,Federal Contract Tower,4,2,7,42,55,0,0,26,2,28,4,2,33,44,83,0,2,2,85
10/28/2022,LAW,OK,ASW,CE,Federal Contract Tower,5,0,4,0,9,0,0,3,0,3,5,0,7,0,12,0,0,0,12
10/29/2022,LAW,OK,ASW,CE,Federal Contract Tower,4,0,6,0,10,0,3,6,2,11,4,3,12,2,21,0,0,0,21
10/30/2022,LAW,OK,ASW,CE,Federal Contract Tower,4,0,6,0,10,0,0,13,0,13,4,0,19,0,23,8,0,8,31
10/31/2022,LAW,OK,ASW,CE,Federal Contract Tower,3,0,5,40,48,0,0,11,4,15,3,0,16,44,63,10,0,10,73
11/01/2022,LAW,OK,ASW,CE,Federal Contract Tower,4,0,2,34,40,0,0,19,0,19,4,0,21,34,59,10,8,18,77
11/02/2022,LAW,OK,ASW,CE,Federal Contract Tower,2,0,5,36,43,0,0,3,0,3,2,0,8,36,46,0,0,0,46
11/03/2022,LAW,OK,ASW,CE,Federal Contract Tower,3,0,12,16,31,0,0,6,0,6,3,0,18,16,37,0,0,0,37
11/04/2022,LAW,OK,ASW,CE,Federal Contract Tower,4,0,1,0,5,0,0,2,0,2,4,0,3,0,7,0,0,0,7
11/05/2022,LAW,OK,ASW,CE,Federal Contract Tower,4,0,0,0,4,0,2,9,0,11,4,2,9,0,15,0,0,0,15
11/07/2022,LAW,OK,ASW,CE,Federal Contract Tower,4,0,48,0,52,0,0,0,4,4,4,0,48,4,56,0,0,0,56
11/08/2022,LAW,OK,ASW,CE,Federal Contract Tower,4,0,4,40,48,0,0,7,0,7,4,0,11,40,55,0,0,0,55
11/09/2022,LAW,OK,ASW,CE,Federal Contract Tower,4,0,3,40,47,0,0,19,2,21,4,0,22,42,68,16,0,16,84
11/10/2022,LAW,OK,ASW,CE,Federal Contract Tower,3,0,5,42,50,0,0,8,0,8,3,0,13,42,58,2,0,2,60
11/11/2022,LAW,OK,ASW,CE,Federal Contract Tower,4,0,0,0,4,0,0,3,0,3,4,0,3,0,7,0,0,0,7
11/12/2022,LAW,OK,ASW,CE,Federal Contract Tower,4,0,11,0,15,0,2,29,0,31,4,2,40,0,46,0,0,0,46
11/13/2022,LAW,OK,ASW,CE,Federal Contract Tower,4,0,0,2,6,0,0,3,0,3,4,0,3,2,9,18,0,18,27
11/14/2022,LAW,OK,ASW,CE,Federal Contract Tower,4,0,0,0,4,0,0,0,0,0,4,0,0,0,4,0,0,0,4
11/15/2022,LAW,OK,ASW,CE,Federal Contract Tower,2,0,2,48,52,0,0,16,0,16,2,0,18,48,68,0,2,2,70
11/16/2022,LAW,OK,ASW,CE,Federal Contract Tower,4,0,4,60,68,0,0,35,0,35,4,0,39,60,103,4,0,4,107
11/17/2022,LAW,OK,ASW,CE,Federal Contract Tower,4,0,7,70,81,0,0,11,0,11,4,0,18,70,92,0,0,0,92
11/18/2022,LAW,OK,ASW,CE,Federal Contract Tower,2,2,3,18,25,0,0,8,0,8,2,2,11,18,33,0,0,0,33
11/19/2022,LAW,OK,ASW,CE,Federal Contract Tower,4,0,0,0,4,0,1,5,0,6,4,1,5,0,10,0,0,0,10
11/20/2022,LAW,OK,ASW,CE,Federal Contract Tower,4,0,2,0,6,0,0,2,0,2,4,0,4,0,8,0,0,0,8
11/21/2022,LAW,OK,ASW,CE,Federal Contract Tower,4,0,1,38,43,0,0,6,0,6,4,0,7,38,49,12,0,12,61
11/22/2022,LAW,OK,ASW,CE,Federal Contract Tower,4,0,5,46,55,0,0,11,0,11,4,0,16,46,66,0,0,0,66
11/23/2022,LAW,OK,ASW,CE,Federal Contract Tower,4,0,0,42,46,0,0,0,0,0,4,0,0,42,46,0,0,0,46
11/24/2022,LAW,OK,ASW,CE,Federal Contract Tower,3,0,6,0,9,0,0,0,0,0,3,0,6,0,9,0,0,0,9
11/25/2022,LAW,OK,ASW,CE,Federal Contract Tower,4,1,4,0,9,0,7,5,0,12,4,8,9,0,21,0,0,0,21
11/26/2022,LAW,OK,ASW,CE,Federal Contract Tower,5,0,6,0,11,0,0,0,0,0,5,0,6,0,11,0,0,0,11
11/27/2022,LAW,OK,ASW,CE,Federal Contract Tower,4,0,4,2,10,0,0,5,0,5,4,0,9,2,15,2,0,2,17
11/28/2022,LAW,OK,ASW,CE,Federal Contract Tower,4,0,7,50,61,0,0,9,6,15,4,0,16,56,76,0,0,0,76
11/29/2022,LAW,OK,ASW,CE,Federal Contract Tower,2,0,9,54,65,0,0,13,12,25,2,0,22,66,90,0,0,0,90
11/30/2022,LAW,OK,ASW,CE,Federal Contract Tower,5,0,4,56,65,0,0,14,0,14,5,0,18,56,79,0,0,0,79
12/01/2022,LAW,OK,ASW,CE,Federal Contract Tower,4,0,5,76,85,0,0,7,0,7,4,0,12,76,92,0,0,0,92
12/02/2022,LAW,OK,ASW,CE,Federal Contract Tower,2,0,4,24,30,0,1,2,0,3,2,1,6,24,33,4,0,4,37
12/03/2022,LAW,OK,ASW,CE,Federal Contract Tower,4,0,2,0,6,0,0,14,0,14,4,0,16,0,20,6,0,6,26
12/04/2022,LAW,OK,ASW,CE,Federal Contract Tower,4,0,7,0,11,0,0,8,0,8,4,0,15,0,19,0,0,0,19
12/05/2022,LAW,OK,ASW,CE,Federal Contract Tower,4,0,1,4,9,0,0,13,0,13,4,0,14,4,22,0,0,0,22
12/06/2022,LAW,OK,ASW,CE,Federal Contract Tower,4,0,12,45,61,0,0,8,1,9,4,0,20,46,70,0,4,4,74
12/07/2022,LAW,OK,ASW,CE,Federal Contract Tower,4,0,7,96,107,0,0,0,0,0,4,0,7,96,107,0,0,0,107
12/08/2022,LAW,OK,ASW,CE,Federal Contract Tower,3,0,4,24,31,0,0,4,0,4,3,0,8,24,35,0,0,0,35
12/09/2022,LAW,OK,ASW,CE,Federal Contract Tower,4,4,9,38,55,0,2,21,4,27,4,6,30,42,82,0,2,2,84
12/10/2022,LAW,OK,ASW,CE,Federal Contract Tower,2,0,13,0,15,0,0,4,0,4,2,0,17,0,19,0,0,0,19
12/11/2022,LAW,OK,ASW,CE,Federal Contract Tower,4,0,9,2,15,0,0,0,0,0,4,0,9,2,15,0,0,0,15
12/12/2022,LAW,OK,ASW,CE,Federal Contract Tower,3,0,3,2,8,0,0,0,0,0,3,0,3,2,8,0,0,0,8
12/13/2022,LAW,OK,ASW,CE,Federal Contract Tower,3,0,1,80,84,0,0,9,0,9,3,0,10,80,93,6,0,6,99
12/14/2022,LAW,OK,ASW,CE,Federal Contract Tower,4,1,4,66,75,0,0,22,0,22,4,1,26,66,97,12,0,12,109
12/15/2022,LAW,OK,ASW,CE,Federal Contract Tower,5,0,68,0,73,0,0,8,0,8,5,0,76,0,81,0,0,0,81
12/16/2022,LAW,OK,ASW,CE,Federal Contract Tower,6,2,8,84,100,0,1,8,0,9,6,3,16,84,109,6,26,32,141
12/17/2022,LAW,OK,ASW,CE,Federal Contract Tower,5,0,0,0,5,0,1,16,0,17,5,1,16,0,22,4,0,4,26
12/18/2022,LAW,OK,ASW,CE,Federal Contract Tower,4,0,3,0,7,0,0,10,0,10,4,0,13,0,17,14,0,14,31
12/19/2022,LAW,OK,ASW,CE,Federal Contract Tower,4,0,3,96,103,0,0,12,1,13,4,0,15,97,116,0,0,0,116
12/20/2022,LAW,OK,ASW,CE,Federal Contract Tower,4,0,5,65,74,0,0,1,0,1,4,0,6,65,75,0,0,0,75
12/21/2022,LAW,OK,ASW,CE,Federal Contract Tower,4,0,0,50,54,0,0,1,0,1,4,0,1,50,55,0,0,0,55
12/22/2022,LAW,OK,ASW,CE,Federal Contract Tower,0,0,2,2,4,0,0,0,0,0,0,0,2,2,4,0,0,0,4
12/23/2022,LAW,OK,ASW,CE,Federal Contract Tower,1,0,0,2,3,0,0,4,0,4,1,0,4,2,7,0,0,0,7
12/24/2022,LAW,OK,ASW,CE,Federal Contract Tower,2,0,1,0,3,0,0,13,0,13,2,0,14,0,16,0,0,0,16
12/25/2022,LAW,OK,ASW,CE,Federal Contract Tower,2,0,1,0,3,0,0,14,0,14,2,0,15,0,17,4,0,4,21
12/26/2022,LAW,OK,ASW,CE,Federal Contract Tower,4,0,9,0,13,0,0,5,0,5,4,0,14,0,18,7,0,7,25
12/27/2022,LAW,OK,ASW,CE,Federal Contract Tower,6,0,7,0,13,0,0,19,0,19,6,0,26,0,32,6,0,6,38
12/28/2022,LAW,OK,ASW,CE,Federal Contract Tower,4,0,1,0,5,0,0,8,0,8,4,0,9,0,13,6,0,6,19
12/29/2022,LAW,OK,ASW,CE,Federal Contract Tower,4,0,6,0,10,0,0,17,0,17,4,0,23,0,27,16,0,16,43
12/30/2022,LAW,OK,ASW,CE,Federal Contract Tower,4,4,5,0,13,0,1,19,0,20,4,5,24,0,33,18,0,18,51
12/31/2022,LAW,OK,ASW,CE,Federal Contract Tower,3,3,3,0,9,0,10,21,0,31,3,13,24,0,40,2,0,2,42
01/01/2023,LAW,OK,ASW,CE,Federal Contract Tower,3,0,1,0,4,0,0,6,0,6,3,0,7,0,10,0,0,0,10
01/02/2023,LAW,OK,ASW,CE,Federal Contract Tower,3,0,5,4,12,0,0,1,0,1,3,0,6,4,13,2,0,2,15
01/03/2023,LAW,OK,ASW,CE,Federal Contract Tower,4,0,1,98,103,0,0,13,0,13,4,0,14,98,116,12,0,12,128
01/04/2023,LAW,OK,ASW,CE,Federal Contract Tower,4,0,2,90,96,0,0,18,0,18,4,0,20,90,114,14,0,14,128
01/05/2023,LAW,OK,ASW,CE,Federal Contract Tower,4,0,2,104,110,0,0,9,0,9,4,0,11,104,119,0,6,6,125
01/06/2023,LAW,OK,ASW,CE,Federal Contract Tower,4,0,3,76,83,0,1,13,0,14,4,1,16,76,97,6,0,6,103
01/07/2023,LAW,OK,ASW,CE,Federal Contract Tower,4,0,3,0,7,0,0,12,0,12,4,0,15,0,19,22,0,22,41
01/08/2023,LAW,OK,ASW,CE,Federal Contract Tower,4,0,0,0,4,0,0,7,0,7,4,0,7,0,11,4,0,4,15
01/09/2023,LAW,OK,ASW,CE,Federal Contract Tower,4,0,1,68,73,0,0,15,0,15,4,0,16,68,88,0,0,0,88
01/10/2023,LAW,OK,ASW,CE,Federal Contract Tower,6,0,1,62,69,0,0,9,0,9,6,0,10,62,78,0,12,12,90
01/11/2023,LAW,OK,ASW,CE,Federal Contract Tower,7,2,0,59,68,0,0,6,0,6,7,2,6,59,74,0,0,0,74
01/12/2023,LAW,OK,ASW,CE,Federal Contract Tower,6,0,5,63,74,0,0,10,0,10,6,0,15,63,84,6,0,6,90
01/13/2023,LAW,OK,ASW,CE,Federal Contract Tower,6,0,5,44,55,0,2,18,4,24,6,2,23,48,79,4,0,4,83
01/14/2023,LAW,OK,ASW,CE,Federal Contract Tower,5,0,0,0,5,0,1,10,0,11,5,1,10,0,16,0,0,0,16
01/15/2023,LAW,OK,ASW,CE,Federal Contract Tower,6,0,5,0,11,0,0,7,0,7,6,0,12,0,18,0,0,0,18
01/16/2023,LAW,OK,ASW,CE,Federal Contract Tower,6,0,3,0,9,0,0,14,0,14,6,0,17,0,23,4,0,4,27
01/17/2023,LAW,OK,ASW,CE,Federal Contract Tower,6,0,4,108,118,0,0,21,0,21,6,0,25,108,139,0,4,4,143
01/18/2023,LAW,OK,ASW,CE,Federal Contract Tower,6,0,2,22,30,0,0,9,0,9,6,0,11,22,39,0,0,0,39
01/19/2023,LAW,OK,ASW,CE,Federal Contract Tower,6,0,1,116,123,0,0,12,0,12,6,0,13,116,135,0,14,14,149
01/20/2023,LAW,OK,ASW,CE,Federal Contract Tower,5,0,2,64,71,0,3,9,0,12,5,3,11,64,83,0,0,0,83
01/21/2023,LAW,OK,ASW,CE,Federal Contract Tower,6,0,1,0,7,0,2,4,0,6,6,2,5,0,13,0,0,0,13
01/22/2023,LAW,OK,ASW,CE,Federal Contract Tower,6,0,4,11,21,0,0,15,2,17,6,0,19,13,38,0,8,8,46
01/23/2023,LAW,OK,ASW,CE,Federal Contract Tower,6,0,6,80,92,0,0,9,0,9,6,0,15,80,101,0,0,0,101
01/24/2023,LAW,OK,ASW,CE,Federal Contract Tower,0,0,1,0,1,0,0,0,0,0,0,0,1,0,1,0,0,0,1
01/25/2023,LAW,OK,ASW,CE,Federal Contract Tower,6,0,0,74,80,0,0,12,0,12,6,0,12,74,92,0,0,0,92
01/26/2023,LAW,OK,ASW,CE,Federal Contract Tower,6,0,5,96,107,0,0,13,0,13,6,0,18,96,120,4,0,4,124
01/27/2023,LAW,OK,ASW,CE,Federal Contract Tower,6,0,0,50,56,0,2,7,0,9,6,2,7,50,65,0,0,0,65
01/28/2023,LAW,OK,ASW,CE,Federal Contract Tower,6,0,0,0,6,0,3,9,0,12,6,3,9,0,18,0,0,0,18
01/29/2023,LAW,OK,ASW,CE,Federal Contract Tower,6,0,0,2,8,0,0,0,0,0,6,0,0,2,8,0,0,0,8
01/30/2023,LAW,OK,ASW,CE,Federal Contract Tower,2,0,1,0,3,0,0,1,0,1,2,0,2,0,4,0,0,0,4
01/31/2023,LAW,OK,ASW,CE,Federal Contract Tower,0,0,0,0,0,0,0,4,0,4,0,0,4,0,4,0,0,0,4
02/01/2023,LAW,OK,ASW,CE,Federal Contract Tower,3,0,0,0,3,0,0,5,0,5,3,0,5,0,8,0,0,0,8
02/02/2023,LAW,OK,ASW,CE,Federal Contract Tower,0,0,1,48,49,0,0,4,0,4,0,0,5,48,53,0,0,0,53
02/03/2023,LAW,OK,ASW,CE,Federal Contract Tower,8,0,2,86,96,0,0,13,1,14,8,0,15,87,110,0,2,2,112
02/04/2023,LAW,OK,ASW,CE,Federal Contract Tower,7,0,7,0,14,0,2,7,2,11,7,2,14,2,25,26,0,26,51
02/05/2023,LAW,OK,ASW,CE,Federal Contract Tower,8,0,17,2,27,0,0,19,0,19,8,0,36,2,46,10,0,10,56
02/06/2023,LAW,OK,ASW,CE,Federal Contract Tower,6,0,90,0,96,0,0,4,0,4,6,0,94,0,100,0,0,0,100
02/07/2023,LAW,OK,ASW,CE,Federal Contract Tower,6,0,10,0,16,0,0,0,2,2,6,0,10,2,18,2,6,8,26
02/08/2023,LAW,OK,ASW,CE,Federal Contract Tower,6,0,4,30,40,0,0,3,1,4,6,0,7,31,44,0,0,0,44
02/10/2023,LAW,OK,ASW,CE,Federal Contract Tower,6,0,7,84,97,0,0,8,0,8,6,0,15,84,105,0,0,0,105
02/11/2023,LAW,OK,ASW,CE,Federal Contract Tower,6,0,0,0,6,0,2,17,3,22,6,2,17,3,28,30,0,30,58
02/12/2023,LAW,OK,ASW,CE,Federal Contract Tower,6,0,1,2,9,0,0,16,0,16,6,0,17,2,25,20,0,20,45
02/13/2023,LAW,OK,ASW,CE,Federal Contract Tower,4,0,10,101,115,0,0,8,4,12,4,0,18,105,127,22,12,34,161
02/14/2023,LAW,OK,ASW,CE,Federal Contract Tower,6,0,1,0,7,0,0,0,0,0,6,0,1,0,7,0,0,0,7
02/15/2023,LAW,OK,ASW,CE,Federal Contract Tower,6,0,21,86,113,0,0,7,0,7,6,0,28,86,120,0,0,0,120
02/16/2023,LAW,OK,ASW,CE,Federal Contract Tower,6,0,1,65,72,0,0,7,0,7,6,0,8,65,79,0,0,0,79
02/17/2023,LAW,OK,ASW,CE,Federal Contract Tower,6,0,2,30,38,0,0,14,2,16,6,0,16,32,54,10,0,10,64
02/18/2023,LAW,OK,ASW,CE,Federal Contract Tower,5,0,0,0,5,0,5,13,0,18,5,5,13,0,23,26,0,26,49
02/19/2023,LAW,OK,ASW,CE,Federal Contract Tower,6,0,22,0,28,0,0,21,0,21,6,0,43,0,49,6,0,6,55
02/20/2023,LAW,OK,ASW,CE,Federal Contract Tower,6,0,3,2,11,0,0,9,0,9,6,0,12,2,20,20,0,20,40
02/21/2023,LAW,OK,ASW,CE,Federal Contract Tower,6,0,1,1,8,0,0,9,0,9,6,0,10,1,17,0,0,0,17
02/22/2023,LAW,OK,ASW,CE,Federal Contract Tower,7,0,4,0,11,0,0,3,0,3,7,0,7,0,14,0,0,0,14
02/23/2023,LAW,OK,ASW,CE,Federal Contract Tower,8,0,2,8,18,0,0,11,0,11,8,0,13,8,29,0,12,12,41
02/24/2023,LAW,OK,ASW,CE,Federal Contract Tower,6,2,1,44,53,0,0,0,0,0,6,2,1,44,53,0,0,0,53
02/25/2023,LAW,OK,ASW,CE,Federal Contract Tower,8,0,13,0,21,0,0,3,0,3,8,0,16,0,24,8,0,8,32
02/26/2023,LAW,OK,ASW,CE,Federal Contract Tower,6,0,3,0,9,0,0,0,0,0,6,0,3,0,9,0,0,0,9
02/27/2023,LAW,OK,ASW,CE,Federal Contract Tower,6,0,7,38,51,0,0,15,0,15,6,0,22,38,66,22,0,22,88
02/28/2023,LAW,OK,ASW,CE,Federal Contract Tower,6,0,1,72,79,0,0,23,0,23,6,0,24,72,102,0,0,0,102
03/01/2023,LAW,OK,ASW,CE,Federal Contract Tower,4,0,2,54,60,0,0,21,0,21,4,0,23,54,81,10,0,10,91
03/02/2023,LAW,OK,ASW,CE,Federal Contract Tower,2,0,6,26,34,0,0,0,0,0,2,0,6,26,34,0,0,0,34
03/03/2023,LAW,OK,ASW,CE,Federal Contract Tower,4,0,8,30,42,0,2,25,0,27,4,2,33,30,69,14,4,18,87
03/04/2023,LAW,OK,ASW,CE,Federal Contract Tower,4,0,4,2,10,0,1,13,0,14,4,1,17,2,24,0,0,0,24
03/05/2023,LAW,OK,ASW,CE,Federal Contract Tower,4,0,0,0,4,0,0,4,0,4,4,0,4,0,8,0,0,0,8
03/06/2023,LAW,OK,ASW,CE,Federal Contract Tower,4,0,4,58,66,0,0,14,0,14,4,0,18,58,80,10,0,10,90
03/07/2023,LAW,OK,ASW,CE,Federal Contract Tower,4,0,4,76,84,0,0,4,0,4,4,0,8,76,88,16,0,16,104
03/08/2023,LAW,OK,ASW,CE,Federal Contract Tower,4,0,2,34,40,0,0,6,0,6,4,0,8,34,46,0,0,0,46
03/09/2023,LAW,OK,ASW,CE,Federal Contract Tower,4,0,14,43,61,0,0,1,0,1,4,0,15,43,62,0,6,6,68
03/10/2023,LAW,OK,ASW,CE,Federal Contract Tower,4,0,3,61,68,0,0,11,8,19,4,0,14,69,87,0,2,2,89
03/11/2023,LAW,OK,ASW,CE,Federal Contract Tower,4,0,0,0,4,0,0,4,7,11,4,0,4,7,15,6,0,6,21
03/12/2023,LAW,OK,ASW,CE,Federal Contract Tower,4,0,4,0,8,0,0,14,10,24,4,0,18,10,32,18,12,30,62
03/13/2023,LAW,OK,ASW,CE,Federal Contract Tower,3,0,8,78,89,0,0,8,8,16,3,0,16,86,105,0,0,0,105
03/14/2023,LAW,OK,ASW,CE,Federal Contract Tower,2,0,1,102,105,0,0,13,6,19,2,0,14,108,124,8,0,8,132
03/15/2023,LAW,OK,ASW,CE,Federal Contract Tower,4,0,1,72,77,0,0,0,7,7,4,0,1,79,84,0,0,0,84
03/16/2023,LAW,OK,ASW,CE,Federal Contract Tower,2,0,3,2,7,0,0,2,1,3,2,0,5,3,10,8,0,8,18
03/17/2023,LAW,OK,ASW,CE,Federal Contract Tower,2,0,3,28,33,0,2,7,4,13,2,2,10,32,46,0,12,12,58
03/18/2023,LAW,OK,ASW,CE,Federal Contract Tower,5,0,2,0,7,0,3,16,0,19,5,3,18,0,26,4,0,4,30
03/19/2023,LAW,OK,ASW,CE,Federal Contract Tower,4,0,11,7,22,0,0,12,7,19,4,0,23,14,41,20,0,20,61
03/20/2023,LAW,OK,ASW,CE,Federal Contract Tower,4,0,7,75,86,0,0,1,5,6,4,0,8,80,92,0,10,10,102
03/21/2023,LAW,OK,ASW,CE,Federal Contract Tower,8,0,9,93,110,0,0,8,2,10,8,0,17,95,120,0,0,0,120
03/22/2023,LAW,OK,ASW,CE,Federal Contract Tower,4,0,0,93,97,0,0,7,10,17,4,0,7,103,114,0,0,0,114
03/23/2023,LAW,OK,ASW,CE,Federal Contract Tower,4,0,7,69,80,0,0,2,0,2,4,0,9,69,82,0,0,0,82
03/24/2023,LAW,OK,ASW,CE,Federal Contract Tower,4,0,1,38,43,0,0,6,0,6,4,0,7,38,49,10,0,10,59
03/25/2023,LAW,OK,ASW,CE,Federal Contract Tower,4,0,5,0,9,0,1,8,0,9,4,1,13,0,18,0,0,0,18
03/26/2023,LAW,OK,ASW,CE,Federal Contract Tower,2,0,0,0,2,0,0,15,0,15,2,0,15,0,17,18,0,18,35
03/27/2023,LAW,OK,ASW,CE,Federal Contract Tower,3,0,9,62,74,0,0,12,2,14,3,0,21,64,88,4,0,4,92
03/28/2023,LAW,OK,ASW,CE,Federal Contract Tower,4,0,5,44,53,0,0,23,0,23,4,0,28,44,76,12,0,12,88
03/29/2023,LAW,OK,ASW,CE,Federal Contract Tower,5,0,2,58,65,0,0,9,0,9,5,0,11,58,74,6,0,6,80
03/30/2023,LAW,OK,ASW,CE,Federal Contract Tower,4,0,8,78,90,0,0,8,0,8,4,0,16,78,98,0,12,12,110
03/31/2023,LAW,OK,ASW,CE,Federal Contract Tower,3,1,0,10,14,0,0,0,0,0,3,1,0,10,14,2,0,2,16
04/01/2023,LAW,OK,ASW,CE,Federal Contract Tower,4,1,9,0,14,0,3,19,0,22,4,4,28,0,36,8,0,8,44
04/02/2023,LAW,OK,ASW,CE,Federal Contract Tower,3,0,3,0,6,0,0,5,0,5,3,0,8,0,11,10,0,10,21
04/03/2023,LAW,OK,ASW,CE,Federal Contract Tower,4,0,1,64,69,0,0,4,2,6,4,0,5,66,75,0,0,0,75
04/04/2023,LAW,OK,ASW,CE,Federal Contract Tower,5,0,11,52,68,0,0,10,0,10,5,0,21,52,78,0,0,0,78
04/05/2023,LAW,OK,ASW,CE,Federal Contract Tower,4,0,1,50,55,0,0,2,0,2,4,0,3,50,57,20,0,20,77
04/06/2023,LAW,OK,ASW,CE,Federal Contract Tower,4,0,5,38,47,0,0,11,2,13,4,0,16,40,60,0,0,0,60
04/07/2023,LAW,OK,ASW,CE,Federal Contract Tower,4,0,5,24,33,0,3,17,2,22,4,3,22,26,55,0,0,0,55
04/08/2023,LAW,OK,ASW,CE,Federal Contract Tower,4,0,1,0,5,0,4,20,0,24,4,4,21,0,29,16,0,16,45
04/09/2023,LAW,OK,ASW,CE,Federal Contract Tower,3,0,0,0,3,0,0,11,0,11,3,0,11,0,14,20,0,20,34
04/10/2023,LAW,OK,ASW,CE,Federal Contract Tower,2,0,1,24,27,0,0,0,0,0,2,0,1,24,27,2,0,2,29
04/11/2023,LAW,OK,ASW,CE,Federal Contract Tower,4,0,1,32,37,0,0,17,2,19,4,0,18,34,56,0,0,0,56
04/12/2023,LAW,OK,ASW,CE,Federal Contract Tower,4,0,1,36,41,0,0,10,3,13,4,0,11,39,54,18,0,18,72
04/13/2023,LAW,OK,ASW,CE,Federal Contract Tower,4,0,2,52,58,0,2,30,0,32,4,2,32,52,90,6,0,6,96
04/14/2023,LAW,OK,ASW,CE,Federal Contract Tower,4,0,4,30,38,0,0,25,0,25,4,0,29,30,63,8,4,12,75
04/16/2023,LAW,OK,ASW,CE,Federal Contract Tower,4,0,11,0,15,0,0,16,0,16,4,0,27,0,31,16,0,16,47
04/17/2023,LAW,OK,ASW,CE,Federal Contract Tower,4,0,2,51,57,0,0,19,0,19,4,0,21,51,76,6,0,6,82
04/18/2023,LAW,OK,ASW,CE,Federal Contract Tower,4,0,1,42,47,0,2,9,0,11,4,2,10,42,58,0,0,0,58
04/19/2023,LAW,OK,ASW,CE,Federal Contract Tower,4,0,10,48,62,0,1,9,0,10,4,1,19,48,72,0,0,0,72
04/20/2023,LAW,OK,ASW,CE,Federal Contract Tower,4,0,9,40,53,0,0,7,0,7,4,0,16,40,60,0,0,0,60
04/21/2023,LAW,OK,ASW,CE,Federal Contract Tower,4,0,3,64,71,0,2,21,0,23,4,2,24,64,94,12,0,12,106
04/22/2023,LAW,OK,ASW,CE,Federal Contract Tower,4,0,3,0,7,0,5,10,2,17,4,5,13,2,24,0,0,0,24
04/23/2023,LAW,OK,ASW,CE,Federal Contract Tower,4,0,2,0,6,0,0,0,6,6,4,0,2,6,12,0,0,0,12
04/24/2023,LAW,OK,ASW,CE,Federal Contract Tower,4,0,5,52,61,0,0,3,0,3,4,0,8,52,64,0,0,0,64
04/25/2023,LAW,OK,ASW,CE,Federal Contract Tower,4,0,0,56,60,0,0,2,0,2,4,0,2,56,62,0,0,0,62
04/26/2023,LAW,OK,ASW,CE,Federal Contract Tower,4,0,2,6,12,0,0,0,0,0,4,0,2,6,12,0,0,0,12
04/27/2023,LAW,OK,ASW,CE,Federal Contract Tower,4,0,3,44,51,0,0,8,2,10,4,0,11,46,61,0,2,2,63
04/28/2023,LAW,OK,ASW,CE,Federal Contract Tower,2,0,1,70,73,0,0,0,2,2,2,0,1,72,75,0,14,14,89
04/29/2023,LAW,OK,ASW,CE,Federal Contract Tower,7,0,1,0,8,0,2,4,0,6,7,2,5,0,14,12,0,12,26
04/30/2023,LAW,OK,ASW,CE,Federal Contract Tower,4,0,5,0,9,0,0,13,0,13,4,0,18,0,22,8,0,8,30
05/01/2023,LAW,OK,ASW,CE,Federal Contract Tower,4,0,3,36,43,0,0,9,1,10,4,0,12,37,53,0,4,4,57
05/02/2023,LAW,OK,ASW,CE,Federal Contract Tower,4,0,1,7,12,0,2,35,0,37,4,2,36,7,49,3,0,3,52
05/03/2023,LAW,OK,ASW,CE,Federal Contract Tower,4,0,0,16,20,0,3,10,0,13,4,3,10,16,33,0,0,0,33
05/04/2023,LAW,OK,ASW,CE,Federal Contract Tower,3,0,5,8,16,0,0,2,0,2,3,0,7,8,18,6,0,6,24
05/05/2023,LAW,OK,ASW,CE,Federal Contract Tower,2,0,13,26,41,0,3,18,0,21,2,3,31,26,62,2,0,2,64
05/06/2023,LAW,OK,ASW,CE,Federal Contract Tower,5,0,6,0,11,0,9,9,0,18,5,9,15,0,29,12,0,12,41
05/07/2023,LAW,OK,ASW,CE,Federal Contract Tower,4,0,4,0,8,0,0,6,0,6,4,0,10,0,14,0,0,0,14
05/08/2023,LAW,OK,ASW,CE,Federal Contract Tower,4,0,2,40,46,0,0,13,3,16,4,0,15,43,62,0,0,0,62
05/09/2023,LAW,OK,ASW,CE,Federal Contract Tower,4,0,2,22,28,0,2,8,0,10,4,2,10,22,38,8,0,8,46
05/10/2023,LAW,OK,ASW,CE,Federal Contract Tower,4,0,3,38,45,0,0,5,0,5,4,0,8,38,50,10,0,10,60
05/11/2023,LAW,OK,ASW,CE,Federal Contract Tower,3,0,2,10,15,0,1,6,0,7,3,1,8,10,22,0,0,0,22
05/12/2023,LAW,OK,ASW,CE,Federal Contract Tower,4,0,3,32,39,0,4,0,0,4,4,4,3,32,43,0,0,0,43
05/13/2023,LAW,OK,ASW,CE,Federal Contract Tower,4,0,3,0,7,0,4,1,0,5,4,4,4,0,12,0,0,0,12
05/14/2023,LAW,OK,ASW,CE,Federal Contract Tower,4,0,0,0,4,0,0,2,0,2,4,0,2,0,6,0,0,0,6
05/15/2023,LAW,OK,ASW,CE,Federal Contract Tower,5,0,3,34,42,0,0,3,0,3,5,0,6,34,45,0,0,0,45
05/16/2023,LAW,OK,ASW,CE,Federal Contract Tower,4,0,3,56,63,0,0,17,0,17,4,0,20,56,80,12,0,12,92
05/17/2023,LAW,OK,ASW,CE,Federal Contract Tower,4,0,5,52,61,0,3,15,0,18,4,3,20,52,79,12,0,12,91
05/18/2023,LAW,OK,ASW,CE,Federal Contract Tower,4,0,0,68,72,0,4,10,0,14,4,4,10,68,86,0,0,0,86
05/19/2023,LAW,OK,ASW,CE,Federal Contract Tower,6,0,1,46,53,0,7,0,0,7,6,7,1,46,60,0,0,0,60
05/20/2023,LAW,OK,ASW,CE,Federal Contract Tower,4,0,0,0,4,0,6,12,0,18,4,6,12,0,22,10,0,10,32
05/21/2023,LAW,OK,ASW,CE,Federal Contract Tower,4,0,4,0,8,0,0,10,0,10,4,0,14,0,18,14,0,14,32
05/22/2023,LAW,OK,ASW,CE,Federal Contract Tower,4,0,1,36,41,0,0,10,0,10,4,0,11,36,51,8,0,8,59
05/23/2023,LAW,OK,ASW,CE,Federal Contract Tower,4,0,0,38,42,0,0,8,0,8,4,0,8,38,50,0,0,0,50
05/24/2023,LAW,OK,ASW,CE,Federal Contract Tower,4,0,0,48,52,0,0,6,0,6,4,0,6,48,58,6,0,6,64
05/25/2023,LAW,OK,ASW,CE,Federal Contract Tower,4,0,1,24,29,0,0,11,0,11,4,0,12,24,40,0,0,0,40
05/26/2023,LAW,OK,ASW,CE,Federal Contract Tower,4,0,3,0,7,0,7,2,0,9,4,7,5,0,16,0,0,0,16
05/27/2023,LAW,OK,ASW,CE,Federal Contract Tower,3,0,5,0,8,0,2,11,0,13,3,2,16,0,21,2,0,2,23
05/28/2023,LAW,OK,ASW,CE,Federal Contract Tower,3,0,0,0,3,0,0,1,0,1,3,0,1,0,4,0,0,0,4
05/29/2023,LAW,OK,ASW,CE,Federal Contract Tower,3,0,5,0,8,0,0,8,0,8,3,0,13,0,16,0,0,0,16
05/30/2023,LAW,OK,ASW,CE,Federal Contract Tower,2,0,4,28,34,0,4,10,0,14,2,4,14,28,48,0,0,0,48
05/31/2023,LAW,OK,ASW,CE,Federal Contract Tower,5,0,2,64,71,0,6,18,0,24,5,6,20,64,95,0,0,0,95
06/01/2023,LAW,OK,ASW,CE,Federal Contract Tower,4,0,1,62,67,0,2,9,0,11,4,2,10,62,78,0,0,0,78
06/02/2023,LAW,OK,ASW,CE,Federal Contract Tower,6,0,2,68,76,0,9,5,0,14,6,9,7,68,90,0,6,6,96
06/03/2023,LAW,OK,ASW,CE,Federal Contract Tower,4,0,0,0,4,0,4,0,0,4,4,4,0,0,8,0,0,0,8
06/04/2023,LAW,OK,ASW,CE,Federal Contract Tower,4,0,0,0,4,0,0,11,0,11,4,0,11,0,15,28,0,28,43
06/05/2023,LAW,OK,ASW,CE,Federal Contract Tower,4,0,0,24,28,0,0,3,0,3,4,0,3,24,31,0,0,0,31
06/06/2023,LAW,OK,ASW,CE,Federal Contract Tower,4,0,3,38,45,0,0,6,0,6,4,0,9,38,51,0,0,0,51
06/07/2023,LAW,OK,ASW,CE,Federal Contract Tower,4,0,0,30,34,0,1,8,0,9,4,1,8,30,43,0,0,0,43
06/08/2023,LAW,OK,ASW,CE,Federal Contract Tower,4,0,3,32,39,0,0,9,0,9,4,0,12,32,48,0,0,0,48
06/09/2023,LAW,OK,ASW,CE,Federal Contract Tower,4,0,1,52,57,0,0,3,2,5,4,0,4,54,62,0,2,2,64
06/10/2023,LAW,OK,ASW,CE,Federal Contract Tower,3,0,3,0,6,0,7,5,0,12,3,7,8,0,18,0,0,0,18
06/11/2023,LAW,OK,ASW,CE,Federal Contract Tower,4,0,3,2,9,0,0,7,0,7,4,0,10,2,16,0,0,0,16
06/12/2023,LAW,OK,ASW,CE,Federal Contract Tower,2,0,2,24,28,0,0,6,2,8,2,0,8,26,36,6,0,6,42
06/13/2023,LAW,OK,ASW,CE,Federal Contract Tower,2,0,9,110,121,0,0,3,2,5,2,0,12,112,126,0,8,8,134
06/14/2023,LAW,OK,ASW,CE,Federal Contract Tower,4,0,5,53,62,0,0,2,1,3,4,0,7,54,65,0,0,0,65
06/15/2023,LAW,OK,ASW,CE,Federal Contract Tower,3,0,0,38,41,0,0,15,0,15,3,0,15,38,56,0,8,8,64
06/16/2023,LAW,OK,ASW,CE,Federal Contract Tower,2,0,4,38,44,0,0,11,0,11,2,0,15,38,55,0,0,0,55
06/17/2023,LAW,OK,ASW,CE,Federal Contract Tower,4,0,1,0,5,0,11,6,0,17,4,11,7,0,22,0,0,0,22
06/18/2023,LAW,OK,ASW,CE,Federal Contract Tower,4,0,4,0,8,0,0,3,0,3,4,0,7,0,11,0,0,0,11
06/19/2023,LAW,OK,ASW,CE,Federal Contract Tower,4,0,8,0,12,0,0,6,0,6,4,0,14,0,18,0,0,0,18
06/20/2023,LAW,OK,ASW,CE,Federal Contract Tower,4,0,5,44,53,0,0,13,0,13,4,0,18,44,66,0,0,0,66
06/21/2023,LAW,OK,ASW,CE,Federal Contract Tower,3,0,1,64,68,0,0,2,0,2,3,0,3,64,70,0,0,0,70
06/22/2023,LAW,OK,ASW,CE,Federal Contract Tower,4,0,3,92,99,0,1,18,0,19,4,1,21,92,118,6,0,6,124
06/23/2023,LAW,OK,ASW,CE,Federal Contract Tower,5,0,2,21,28,0,3,1,2,6,5,3,3,23,34,0,0,0,34
06/24/2023,LAW,OK,ASW,CE,Federal Contract Tower,7,0,6,0,13,0,2,11,0,13,7,2,17,0,26,24,0,24,50
06/25/2023,LAW,OK,ASW,CE,Federal Contract Tower,2,0,1,0,3,0,0,10,0,10,2,0,11,0,13,4,0,4,17
06/26/2023,LAW,OK,ASW,CE,Federal Contract Tower,4,0,3,82,89,0,0,6,0,6,4,0,9,82,95,4,0,4,99
06/27/2023,LAW,OK,ASW,CE,Federal Contract Tower,4,0,7,78,89,0,1,10,0,11,4,1,17,78,100,2,0,2,102
06/28/2023,LAW,OK,ASW,CE,Federal Contract Tower,4,0,4,90,98,0,1,3,0,4,4,1,7,90,102,0,0,0,102
06/29/2023,LAW,OK,ASW,CE,Federal Contract Tower,4,0,0,90,94,0,1,12,0,13,4,1,12,90,107,10,0,10,117
06/30/2023,LAW,OK,ASW,CE,Federal Contract Tower,3,0,8,79,90,0,2,4,1,7,3,2,12,80,97,0,6,6,103
07/01/2023,LAW,OK,ASW,CE,Federal Contract Tower,4,0,1,1,6,0,5,1,0,6,4,5,2,1,12,0,0,0,12
07/02/2023,LAW,OK,ASW,CE,Federal Contract Tower,4,0,0,0,4,0,0,9,0,9,4,0,9,0,13,10,0,10,23
07/03/2023,LAW,OK,ASW,CE,Federal Contract Tower,4,0,4,0,8,0,0,17,0,17,4,0,21,0,25,0,0,0,25
07/04/2023,LAW,OK,ASW,CE,Federal Contract Tower,4,0,0,0,4,0,3,8,0,11,4,3,8,0,15,0,0,0,15
07/05/2023,LAW,OK,ASW,CE,Federal Contract Tower,6,0,0,38,44,0,2,5,0,7,6,2,5,38,51,4,0,4,55
07/06/2023,LAW,OK,ASW,CE,Federal Contract Tower,4,0,0,56,60,0,2,5,0,7,4,2,5,56,67,0,4,4,71
07/07/2023,LAW,OK,ASW,CE,Federal Contract Tower,4,0,1,18,23,0,0,5,0,5,4,0,6,18,28,8,4,12,40
07/08/2023,LAW,OK,ASW,CE,Federal Contract Tower,4,0,8,0,12,0,3,7,0,10,4,3,15,0,22,6,0,6,28
07/09/2023,LAW,OK,ASW,CE,Federal Contract Tower,4,0,11,0,15,0,0,7,0,7,4,0,18,0,22,2,0,2,24
07/10/2023,LAW,OK,ASW,CE,Federal Contract Tower,4,0,8,96,108,0,0,5,1,6,4,0,13,97,114,1,0,1,115
07/11/2023,LAW,OK,ASW,CE,Federal Contract Tower,4,0,5,42,51,0,3,6,0,9,4,3,11,42,60,0,0,0,60
07/12/2023,LAW,OK,ASW,CE,Federal Contract Tower,4,2,2,50,58,0,0,13,0,13,4,2,15,50,71,0,0,0,71
07/13/2023,LAW,OK,ASW,CE,Federal Contract Tower,4,0,1,64,69,0,1,10,0,11,4,1,11,64,80,0,0,0,80
07/14/2023,LAW,OK,ASW,CE,Federal Contract Tower,6,4,33,0,43,0,1,3,1,5,6,5,36,1,48,6,6,12,60
07/15/2023,LAW,OK,ASW,CE,Federal Contract Tower,4,0,0,0,4,0,7,8,0,15,4,7,8,0,19,14,0,14,33
07/16/2023,LAW,OK,ASW,CE,Federal Contract Tower,2,0,1,0,3,0,0,10,0,10,2,0,11,0,13,18,0,18,31
07/17/2023,LAW,OK,ASW,CE,Federal Contract Tower,4,0,2,104,110,0,0,5,0,5,4,0,7,104,115,4,0,4,119
07/18/2023,LAW,OK,ASW,CE,Federal Contract Tower,4,0,0,68,72,0,1,10,0,11,4,1,10,68,83,0,0,0,83
07/19/2023,LAW,OK,ASW,CE,Federal Contract Tower,4,0,0,108,112,0,0,5,2,7,4,0,5,110,119,4,4,8,127
07/20/2023,LAW,OK,ASW,CE,Federal Contract Tower,4,0,2,92,98,0,0,6,2,8,4,0,8,94,106,0,0,0,106
07/21/2023,LAW,OK,ASW,CE,Federal Contract Tower,4,0,4,67,75,0,3,4,0,7,4,3,8,67,82,4,0,4,86
07/22/2023,LAW,OK,ASW,CE,Federal Contract Tower,4,0,0,0,4,0,4,6,0,10,4,4,6,0,14,8,0,8,22
07/23/2023,LAW,OK,ASW,CE,Federal Contract Tower,4,0,1,6,11,0,0,17,1,18,4,0,18,7,29,12,0,12,41
07/24/2023,LAW,OK,ASW,CE,Federal Contract Tower,4,0,6,78,88,0,0,9,0,9,4,0,15,78,97,0,0,0,97
07/25/2023,LAW,OK,ASW,CE,Federal Contract Tower,4,0,3,78,85,0,0,5,0,5,4,0,8,78,90,0,0,0,90
07/26/2023,LAW,OK,ASW,CE,Federal Contract Tower,4,0,0,86,90,0,1,8,0,9,4,1,8,86,99,0,0,0,99
07/28/2023,LAW,OK,ASW,CE,Federal Contract Tower,4,0,1,100,105,0,2,1,0,3,4,2,2,100,108,0,0,0,108
07/29/2023,LAW,OK,ASW,CE,Federal Contract Tower,2,0,4,0,6,0,1,4,0,5,2,1,8,0,11,6,0,6,17
07/30/2023,LAW,OK,ASW,CE,Federal Contract Tower,4,0,4,0,8,0,0,15,0,15,4,0,19,0,23,20,0,20,43
07/31/2023,LAW,OK,ASW,CE,Federal Contract Tower,4,0,10,82,96,0,0,9,0,9,4,0,19,82,105,0,0,0,105
08/01/2023,LAW,OK,ASW,CE,Federal Contract Tower,4,0,2,102,108,0,0,10,0,10,4,0,12,102,118,4,0,4,122
08/02/2023,LAW,OK,ASW,CE,Federal Contract Tower,4,0,2,68,74,0,0,1,0,1,4,0,3,68,75,0,0,0,75
08/03/2023,LAW,OK,ASW,CE,Federal Contract Tower,4,0,3,74,81,0,2,5,0,7,4,2,8,74,88,0,0,0,88
08/04/2023,LAW,OK,ASW,CE,Federal Contract Tower,4,0,1,56,61,0,4,1,0,5,4,4,2,56,66,0,0,0,66
08/05/2023,LAW,OK,ASW,CE,Federal Contract Tower,4,0,0,0,4,0,0,2,2,4,4,0,2,2,8,18,0,18,26
08/06/2023,LAW,OK,ASW,CE,Federal Contract Tower,4,0,0,0,4,0,0,12,0,12,4,0,12,0,16,12,0,12,28
08/07/2023,LAW,OK,ASW,CE,Federal Contract Tower,4,0,0,92,96,0,0,8,0,8,4,0,8,92,104,0,0,0,104
08/08/2023,LAW,OK,ASW,CE,Federal Contract Tower,4,0,3,56,63,0,1,15,0,16,4,1,18,56,79,0,0,0,79
08/09/2023,LAW,OK,ASW,CE,Federal Contract Tower,3,0,5,47,55,0,1,5,0,6,3,1,10,47,61,0,0,0,61
08/10/2023,LAW,OK,ASW,CE,Federal Contract Tower,4,0,3,52,59,0,3,30,0,33,4,3,33,52,92,4,0,4,96
08/11/2023,LAW,OK,ASW,CE,Federal Contract Tower,4,0,29,72,105,0,10,6,0,16,4,10,35,72,121,0,0,0,121
08/12/2023,LAW,OK,ASW,CE,Federal Contract Tower,4,0,8,0,12,0,0,10,0,10,4,0,18,0,22,0,0,0,22
08/13/2023,LAW,OK,ASW,CE,Federal Contract Tower,4,0,1,0,5,0,0,3,0,3,4,0,4,0,8,0,0,0,8
08/15/2023,LAW,OK,ASW,CE,Federal Contract Tower,4,0,0,72,76,0,0,14,0,14,4,0,14,72,90,22,0,22,112
08/16/2023,LAW,OK,ASW,CE,Federal Contract Tower,4,0,5,58,67,0,6,10,0,16,4,6,15,58,83,0,0,0,83
08/17/2023,LAW,OK,ASW,CE,Federal Contract Tower,4,0,2,46,52,0,2,12,0,14,4,2,14,46,66,4,0,4,70
08/18/2023,LAW,OK,ASW,CE,Federal Contract Tower,4,0,1,43,48,0,0,5,5,10,4,0,6,48,58,0,0,0,58
08/19/2023,LAW,OK,ASW,CE,Federal Contract Tower,4,0,9,0,13,0,0,10,0,10,4,0,19,0,23,10,0,10,33
08/20/2023,LAW,OK,ASW,CE,Federal Contract Tower,3,0,6,9,18,0,0,7,17,24,3,0,13,26,42,2,26,28,70
08/21/2023,LAW,OK,ASW,CE,Federal Contract Tower,2,0,3,72,77,0,0,7,0,7,2,0,10,72,84,14,0,14,98
08/22/2023,LAW,OK,ASW,CE,Federal Contract Tower,5,0,2,26,33,0,1,16,0,17,5,1,18,26,50,0,0,0,50
08/23/2023,LAW,OK,ASW,CE,Federal Contract Tower,4,0,1,35,40,0,0,7,0,7,4,0,8,35,47,10,0,10,57
08/24/2023,LAW,OK,ASW,CE,Federal Contract Tower,4,0,0,52,56,0,1,11,0,12,4,1,11,52,68,0,0,0,68
08/25/2023,LAW,OK,ASW,CE,Federal Contract Tower,4,0,11,53,68,0,5,6,2,13,4,5,17,55,81,0,2,2,83
08/26/2023,LAW,OK,ASW,CE,Federal Contract Tower,4,2,0,2,8,0,3,10,0,13,4,5,10,2,21,2,0,2,23
08/27/2023,LAW,OK,ASW,CE,Federal Contract Tower,5,0,5,2,12,0,0,6,2,8,5,0,11,4,20,12,0,12,32
08/28/2023,LAW,OK,ASW,CE,Federal Contract Tower,4,0,6,44,54,0,0,15,2,17,4,0,21,46,71,14,0,14,85
08/29/2023,LAW,OK,ASW,CE,Federal Contract Tower,4,0,6,37,47,0,0,23,3,26,4,0,29,40,73,12,4,16,89
08/30/2023,LAW,OK,ASW,CE,Federal Contract Tower,4,0,2,50,56,0,0,4,0,4,4,0,6,50,60,0,16,16,76
08/31/2023,LAW,OK,ASW,CE,Federal Contract Tower,6,0,1,40,47,0,0,14,0,14,6,0,15,40,61,0,0,0,61
