01/01/2020,LBB,TX,ASW,CE,Combined TRACON& Tower with Radar,30,14,11,0,55,0,20,9,0,29,30,34,20,0,84,22,0,22,106
01/02/2020,LBB,TX,ASW,CE,Combined TRACON& Tower with Radar,42,38,44,0,124,0,20,45,0,65,42,58,89,0,189,34,0,34,223
01/03/2020,LBB,TX,ASW,CE,Combined TRACON& Tower with Radar,41,44,42,15,142,0,31,32,0,63,41,75,74,15,205,26,0,26,231
01/04/2020,LBB,TX,ASW,CE,Combined TRACON& Tower with Radar,32,26,26,0,84,0,26,45,0,71,32,52,71,0,155,98,0,98,253
01/05/2020,LBB,TX,ASW,CE,Combined TRACON& Tower with Radar,33,16,14,0,63,0,4,35,1,40,33,20,49,1,103,42,0,42,145
01/06/2020,LBB,TX,ASW,CE,Combined TRACON& Tower with Radar,36,27,32,37,132,0,17,30,1,48,36,44,62,38,180,18,0,18,198
01/07/2020,LBB,TX,ASW,CE,Combined TRACON& Tower with Radar,49,34,38,16,137,0,18,43,3,64,49,52,81,19,201,40,8,48,249
01/08/2020,LBB,TX,ASW,CE,Combined TRACON& Tower with Radar,48,29,31,4,112,0,24,47,0,71,48,53,78,4,183,6,0,6,189
01/09/2020,LBB,TX,ASW,CE,Combined TRACON& Tower with Radar,46,53,44,13,156,0,16,48,5,69,46,69,92,18,225,0,0,0,225
01/10/2020,LBB,TX,ASW,CE,Combined TRACON& Tower with Radar,41,39,30,81,191,0,14,22,6,42,41,53,52,87,233,40,30,70,303
01/11/2020,LBB,TX,ASW,CE,Combined TRACON& Tower with Radar,33,27,29,5,94,0,16,37,4,57,33,43,66,9,151,26,0,26,177
01/12/2020,LBB,TX,ASW,CE,Combined TRACON& Tower with Radar,36,21,29,4,90,0,15,35,0,50,36,36,64,4,140,96,0,96,236
01/13/2020,LBB,TX,ASW,CE,Combined TRACON& Tower with Radar,39,25,33,32,129,0,26,41,5,72,39,51,74,37,201,44,54,98,299
01/14/2020,LBB,TX,ASW,CE,Combined TRACON& Tower with Radar,45,31,31,117,224,0,14,46,7,67,45,45,77,124,291,56,98,154,445
01/15/2020,LBB,TX,ASW,CE,Combined TRACON& Tower with Radar,47,40,55,23,165,0,29,59,9,97,47,69,114,32,262,84,22,106,368
01/16/2020,LBB,TX,ASW,CE,Combined TRACON& Tower with Radar,44,33,26,0,103,0,5,1,0,6,44,38,27,0,109,0,0,0,109
01/17/2020,LBB,TX,ASW,CE,Combined TRACON& Tower with Radar,45,39,47,86,217,0,11,25,2,38,45,50,72,88,255,10,12,22,277
01/18/2020,LBB,TX,ASW,CE,Combined TRACON& Tower with Radar,27,40,27,15,109,0,25,58,2,85,27,65,85,17,194,80,0,80,274
01/19/2020,LBB,TX,ASW,CE,Combined TRACON& Tower with Radar,32,25,37,2,96,0,14,32,2,48,32,39,69,4,144,54,0,54,198
01/20/2020,LBB,TX,ASW,CE,Combined TRACON& Tower with Radar,38,37,34,0,109,0,16,43,0,59,38,53,77,0,168,72,0,72,240
01/21/2020,LBB,TX,ASW,CE,Combined TRACON& Tower with Radar,47,45,50,2,144,0,4,20,3,27,47,49,70,5,171,10,0,10,181
01/22/2020,LBB,TX,ASW,CE,Combined TRACON& Tower with Radar,46,40,32,48,166,0,11,40,2,53,46,51,72,50,219,60,78,138,357
01/23/2020,LBB,TX,ASW,CE,Combined TRACON& Tower with Radar,46,38,36,56,176,0,13,43,16,72,46,51,79,72,248,46,106,152,400
01/24/2020,LBB,TX,ASW,CE,Combined TRACON& Tower with Radar,47,29,47,81,204,0,13,64,0,77,47,42,111,81,281,80,76,156,437
01/25/2020,LBB,TX,ASW,CE,Combined TRACON& Tower with Radar,29,27,47,11,114,0,19,71,1,91,29,46,118,12,205,76,2,78,283
01/26/2020,LBB,TX,ASW,CE,Combined TRACON& Tower with Radar,34,21,48,31,134,0,18,52,2,72,34,39,100,33,206,22,2,24,230
01/27/2020,LBB,TX,ASW,CE,Combined TRACON& Tower with Radar,35,29,25,46,135,0,25,43,12,80,35,54,68,58,215,32,78,110,325
01/28/2020,LBB,TX,ASW,CE,Combined TRACON& Tower with Radar,47,39,40,4,130,0,9,9,0,18,47,48,49,4,148,0,14,14,162
01/29/2020,LBB,TX,ASW,CE,Combined TRACON& Tower with Radar,39,52,55,18,164,0,21,47,4,72,39,73,102,22,236,66,6,72,308
01/30/2020,LBB,TX,ASW,CE,Combined TRACON& Tower with Radar,44,36,47,43,170,0,7,24,0,31,44,43,71,43,201,36,96,132,333
01/31/2020,LBB,TX,ASW,CE,Combined TRACON& Tower with Radar,47,35,53,42,177,0,20,45,4,69,47,55,98,46,246,48,16,64,310
02/01/2020,LBB,TX,ASW,CE,Combined TRACON& Tower with Radar,29,19,36,12,96,0,16,67,0,83,29,35,103,12,179,142,0,142,321
02/02/2020,LBB,TX,ASW,CE,Combined TRACON& Tower with Radar,35,19,31,11,96,0,19,37,2,58,35,38,68,13,154,130,8,138,292
02/03/2020,LBB,TX,ASW,CE,Combined TRACON& Tower with Radar,37,30,23,52,142,0,27,37,1,65,37,57,60,53,207,100,0,100,307
02/04/2020,LBB,TX,ASW,CE,Combined TRACON& Tower with Radar,45,34,28,0,107,0,1,0,1,2,45,35,28,1,109,0,0,0,109
02/05/2020,LBB,TX,ASW,CE,Combined TRACON& Tower with Radar,42,24,12,0,78,0,10,6,2,18,42,34,18,2,96,0,0,0,96
02/06/2020,LBB,TX,ASW,CE,Combined TRACON& Tower with Radar,47,38,31,54,170,0,26,32,1,59,47,64,63,55,229,100,30,130,359
02/07/2020,LBB,TX,ASW,CE,Combined TRACON& Tower with Radar,46,34,56,72,208,0,32,55,5,92,46,66,111,77,300,78,66,144,444
02/08/2020,LBB,TX,ASW,CE,Combined TRACON& Tower with Radar,31,25,38,64,158,0,16,54,12,82,31,41,92,76,240,92,8,100,340
02/09/2020,LBB,TX,ASW,CE,Combined TRACON& Tower with Radar,38,23,20,32,113,0,11,49,2,62,38,34,69,34,175,120,0,120,295
02/10/2020,LBB,TX,ASW,CE,Combined TRACON& Tower with Radar,41,33,30,2,106,0,4,0,0,4,41,37,30,2,110,0,0,0,110
02/11/2020,LBB,TX,ASW,CE,Combined TRACON& Tower with Radar,51,20,12,0,83,0,0,0,0,0,51,20,12,0,83,0,0,0,83
02/12/2020,LBB,TX,ASW,CE,Combined TRACON& Tower with Radar,46,40,29,54,169,0,18,22,8,48,46,58,51,62,217,0,4,4,221
02/13/2020,LBB,TX,ASW,CE,Combined TRACON& Tower with Radar,46,41,43,29,159,0,21,29,1,51,46,62,72,30,210,82,2,84,294
02/14/2020,LBB,TX,ASW,CE,Combined TRACON& Tower with Radar,47,46,54,0,147,0,4,5,0,9,47,50,59,0,156,0,0,0,156
02/15/2020,LBB,TX,ASW,CE,Combined TRACON& Tower with Radar,36,41,17,4,98,0,19,37,2,58,36,60,54,6,156,52,0,52,208
02/16/2020,LBB,TX,ASW,CE,Combined TRACON& Tower with Radar,37,20,30,0,87,0,19,51,0,70,37,39,81,0,157,78,0,78,235
02/17/2020,LBB,TX,ASW,CE,Combined TRACON& Tower with Radar,37,28,61,4,130,0,13,66,1,80,37,41,127,5,210,46,0,46,256
02/18/2020,LBB,TX,ASW,CE,Combined TRACON& Tower with Radar,47,44,46,66,203,0,17,24,4,45,47,61,70,70,248,2,42,44,292
02/19/2020,LBB,TX,ASW,CE,Combined TRACON& Tower with Radar,44,44,55,127,270,0,19,35,2,56,44,63,90,129,326,90,96,186,512
02/20/2020,LBB,TX,ASW,CE,Combined TRACON& Tower with Radar,45,50,49,21,165,0,4,26,0,30,45,54,75,21,195,64,18,82,277
02/21/2020,LBB,TX,ASW,CE,Combined TRACON& Tower with Radar,47,36,49,33,165,0,20,49,2,71,47,56,98,35,236,80,26,106,342
02/22/2020,LBB,TX,ASW,CE,Combined TRACON& Tower with Radar,33,28,48,3,112,0,8,85,0,93,33,36,133,3,205,58,0,58,263
02/23/2020,LBB,TX,ASW,CE,Combined TRACON& Tower with Radar,36,26,37,19,118,0,13,21,1,35,36,39,58,20,153,74,12,86,239
02/24/2020,LBB,TX,ASW,CE,Combined TRACON& Tower with Radar,37,22,41,40,140,0,14,72,12,98,37,36,113,52,238,52,36,88,326
02/25/2020,LBB,TX,ASW,CE,Combined TRACON& Tower with Radar,45,49,42,22,158,0,15,18,1,34,45,64,60,23,192,26,0,26,218
02/26/2020,LBB,TX,ASW,CE,Combined TRACON& Tower with Radar,45,44,58,54,201,0,26,47,9,82,45,70,105,63,283,74,7,81,364
02/27/2020,LBB,TX,ASW,CE,Combined TRACON& Tower with Radar,51,33,64,6,154,0,27,57,6,90,51,60,121,12,244,80,0,80,324
02/28/2020,LBB,TX,ASW,CE,Combined TRACON& Tower with Radar,46,37,39,37,159,0,31,73,6,110,46,68,112,43,269,84,8,92,361
02/29/2020,LBB,TX,ASW,CE,Combined TRACON& Tower with Radar,35,25,29,2,91,0,17,34,4,55,35,42,63,6,146,44,0,44,190
03/01/2020,LBB,TX,ASW,CE,Combined TRACON& Tower with Radar,37,20,56,6,119,0,15,55,0,70,37,35,111,6,189,20,14,34,223
03/02/2020,LBB,TX,ASW,CE,Combined TRACON& Tower with Radar,39,20,39,14,112,0,26,35,6,67,39,46,74,20,179,52,4,56,235
03/03/2020,LBB,TX,ASW,CE,Combined TRACON& Tower with Radar,49,53,33,44,179,0,7,21,0,28,49,60,54,44,207,4,0,4,211
03/04/2020,LBB,TX,ASW,CE,Combined TRACON& Tower with Radar,45,44,35,11,135,0,10,12,0,22,45,54,47,11,157,0,38,38,195
03/05/2020,LBB,TX,ASW,CE,Combined TRACON& Tower with Radar,46,43,47,26,162,0,22,40,4,66,46,65,87,30,228,18,14,32,260
03/06/2020,LBB,TX,ASW,CE,Combined TRACON& Tower with Radar,46,34,39,15,134,0,25,54,6,85,46,59,93,21,219,0,0,0,219
03/07/2020,LBB,TX,ASW,CE,Combined TRACON& Tower with Radar,35,27,53,1,116,0,23,52,0,75,35,50,105,1,191,44,0,44,235
03/08/2020,LBB,TX,ASW,CE,Combined TRACON& Tower with Radar,34,23,29,4,90,0,6,9,1,16,34,29,38,5,106,42,0,42,148
03/09/2020,LBB,TX,ASW,CE,Combined TRACON& Tower with Radar,40,21,41,62,164,0,19,49,6,74,40,40,90,68,238,74,22,96,334
03/10/2020,LBB,TX,ASW,CE,Combined TRACON& Tower with Radar,48,47,54,73,222,0,22,41,4,67,48,69,95,77,289,46,36,82,371
03/11/2020,LBB,TX,ASW,CE,Combined TRACON& Tower with Radar,47,36,49,50,182,0,18,53,9,80,47,54,102,59,262,156,74,230,492
03/12/2020,LBB,TX,ASW,CE,Combined TRACON& Tower with Radar,49,44,55,18,166,0,10,38,3,51,49,54,93,21,217,162,4,166,383
03/13/2020,LBB,TX,ASW,CE,Combined TRACON& Tower with Radar,50,40,25,0,115,0,0,2,0,2,50,40,27,0,117,0,0,0,117
03/14/2020,LBB,TX,ASW,CE,Combined TRACON& Tower with Radar,36,28,47,2,113,0,11,32,4,47,36,39,79,6,160,38,0,38,198
03/15/2020,LBB,TX,ASW,CE,Combined TRACON& Tower with Radar,38,14,16,0,68,0,0,0,0,0,38,14,16,0,68,0,0,0,68
03/16/2020,LBB,TX,ASW,CE,Combined TRACON& Tower with Radar,33,25,26,22,106,0,4,8,0,12,33,29,34,22,118,48,14,62,180
03/17/2020,LBB,TX,ASW,CE,Combined TRACON& Tower with Radar,29,29,19,3,80,0,0,0,1,1,29,29,19,4,81,0,0,0,81
03/18/2020,LBB,TX,ASW,CE,Combined TRACON& Tower with Radar,38,28,26,14,106,0,9,34,2,45,38,37,60,16,151,56,32,88,239
03/19/2020,LBB,TX,ASW,CE,Combined TRACON& Tower with Radar,40,36,22,8,106,0,12,6,2,20,40,48,28,10,126,0,0,0,126
03/20/2020,LBB,TX,ASW,CE,Combined TRACON& Tower with Radar,42,37,41,3,123,0,16,22,0,38,42,53,63,3,161,0,0,0,161
03/21/2020,LBB,TX,ASW,CE,Combined TRACON& Tower with Radar,32,25,19,0,76,0,4,10,0,14,32,29,29,0,90,28,0,28,118
03/22/2020,LBB,TX,ASW,CE,Combined TRACON& Tower with Radar,28,13,14,0,55,0,9,28,0,37,28,22,42,0,92,120,0,120,212
03/23/2020,LBB,TX,ASW,CE,Combined TRACON& Tower with Radar,29,26,20,32,107,0,17,36,3,56,29,43,56,35,163,122,50,172,335
03/24/2020,LBB,TX,ASW,CE,Combined TRACON& Tower with Radar,34,26,30,26,116,0,12,46,4,62,34,38,76,30,178,48,0,48,226
03/25/2020,LBB,TX,ASW,CE,Combined TRACON& Tower with Radar,34,27,31,5,97,0,17,33,0,50,34,44,64,5,147,74,0,74,221
03/26/2020,LBB,TX,ASW,CE,Combined TRACON& Tower with Radar,35,36,19,8,98,0,12,32,0,44,35,48,51,8,142,44,0,44,186
03/27/2020,LBB,TX,ASW,CE,Combined TRACON& Tower with Radar,32,27,23,15,97,0,14,22,4,40,32,41,45,19,137,28,0,28,165
03/28/2020,LBB,TX,ASW,CE,Combined TRACON& Tower with Radar,20,14,1,0,35,0,3,13,0,16,20,17,14,0,51,18,0,18,69
03/29/2020,LBB,TX,ASW,CE,Combined TRACON& Tower with Radar,28,10,11,0,49,0,12,45,0,57,28,22,56,0,106,100,0,100,206
03/30/2020,LBB,TX,ASW,CE,Combined TRACON& Tower with Radar,19,17,6,32,74,0,13,21,0,34,19,30,27,32,108,24,0,24,132
03/31/2020,LBB,TX,ASW,CE,Combined TRACON& Tower with Radar,34,31,18,43,126,0,11,29,4,44,34,42,47,47,170,78,30,108,278
04/01/2020,LBB,TX,ASW,CE,Combined TRACON& Tower with Radar,34,25,19,21,99,0,25,26,5,56,34,50,45,26,155,44,0,44,199
04/02/2020,LBB,TX,ASW,CE,Combined TRACON& Tower with Radar,32,24,18,43,117,0,25,27,0,52,32,49,45,43,169,56,26,82,251
04/03/2020,LBB,TX,ASW,CE,Combined TRACON& Tower with Radar,25,24,13,7,69,0,10,13,0,23,25,34,26,7,92,56,0,56,148
04/04/2020,LBB,TX,ASW,CE,Combined TRACON& Tower with Radar,21,14,12,10,57,0,1,17,0,18,21,15,29,10,75,92,0,92,167
04/05/2020,LBB,TX,ASW,CE,Combined TRACON& Tower with Radar,14,6,4,0,24,0,1,4,0,5,14,7,8,0,29,12,0,12,41
04/06/2020,LBB,TX,ASW,CE,Combined TRACON& Tower with Radar,15,15,20,5,55,0,15,20,0,35,15,30,40,5,90,16,0,16,106
04/07/2020,LBB,TX,ASW,CE,Combined TRACON& Tower with Radar,24,27,20,7,78,0,15,38,2,55,24,42,58,9,133,44,0,44,177
04/08/2020,LBB,TX,ASW,CE,Combined TRACON& Tower with Radar,24,27,13,26,90,0,23,36,2,61,24,50,49,28,151,80,6,86,237
04/09/2020,LBB,TX,ASW,CE,Combined TRACON& Tower with Radar,25,26,24,43,118,0,20,36,3,59,25,46,60,46,177,136,6,142,319
04/10/2020,LBB,TX,ASW,CE,Combined TRACON& Tower with Radar,21,26,10,6,63,0,22,24,0,46,21,48,34,6,109,70,0,70,179
04/11/2020,LBB,TX,ASW,CE,Combined TRACON& Tower with Radar,14,21,19,55,109,0,6,13,7,26,14,27,32,62,135,38,74,112,247
04/12/2020,LBB,TX,ASW,CE,Combined TRACON& Tower with Radar,11,10,7,0,28,0,8,8,0,16,11,18,15,0,44,0,0,0,44
04/13/2020,LBB,TX,ASW,CE,Combined TRACON& Tower with Radar,15,17,15,40,87,0,16,34,7,57,15,33,49,47,144,66,16,82,226
04/14/2020,LBB,TX,ASW,CE,Combined TRACON& Tower with Radar,19,26,16,14,75,0,5,16,0,21,19,31,32,14,96,32,4,36,132
04/15/2020,LBB,TX,ASW,CE,Combined TRACON& Tower with Radar,25,26,38,15,104,0,10,42,4,56,25,36,80,19,160,48,4,52,212
04/16/2020,LBB,TX,ASW,CE,Combined TRACON& Tower with Radar,23,20,24,2,69,0,19,36,2,57,23,39,60,4,126,50,0,50,176
04/17/2020,LBB,TX,ASW,CE,Combined TRACON& Tower with Radar,20,28,25,57,130,0,14,48,3,65,20,42,73,60,195,90,42,132,327
04/18/2020,LBB,TX,ASW,CE,Combined TRACON& Tower with Radar,11,15,21,32,79,0,4,29,1,34,11,19,50,33,113,62,38,100,213
04/19/2020,LBB,TX,ASW,CE,Combined TRACON& Tower with Radar,8,7,29,0,44,0,20,42,0,62,8,27,71,0,106,102,0,102,208
04/20/2020,LBB,TX,ASW,CE,Combined TRACON& Tower with Radar,8,20,31,6,65,0,20,25,0,45,8,40,56,6,110,118,0,118,228
04/21/2020,LBB,TX,ASW,CE,Combined TRACON& Tower with Radar,18,28,20,8,74,0,14,29,3,46,18,42,49,11,120,58,0,58,178
04/22/2020,LBB,TX,ASW,CE,Combined TRACON& Tower with Radar,19,34,11,31,95,0,14,17,2,33,19,48,28,33,128,16,0,16,144
04/23/2020,LBB,TX,ASW,CE,Combined TRACON& Tower with Radar,19,25,26,13,83,0,24,52,0,76,19,49,78,13,159,90,0,90,249
04/24/2020,LBB,TX,ASW,CE,Combined TRACON& Tower with Radar,17,32,14,54,117,0,28,46,1,75,17,60,60,55,192,28,0,28,220
04/25/2020,LBB,TX,ASW,CE,Combined TRACON& Tower with Radar,14,11,15,32,72,0,14,63,6,83,14,25,78,38,155,48,0,48,203
04/26/2020,LBB,TX,ASW,CE,Combined TRACON& Tower with Radar,8,9,10,2,29,0,17,24,2,43,8,26,34,4,72,12,0,12,84
04/27/2020,LBB,TX,ASW,CE,Combined TRACON& Tower with Radar,12,19,19,11,61,0,14,37,5,56,12,33,56,16,117,46,8,54,171
04/28/2020,LBB,TX,ASW,CE,Combined TRACON& Tower with Radar,17,30,14,28,89,0,15,36,1,52,17,45,50,29,141,38,10,48,189
04/29/2020,LBB,TX,ASW,CE,Combined TRACON& Tower with Radar,18,20,21,7,66,0,30,56,0,86,18,50,77,7,152,70,0,70,222
04/30/2020,LBB,TX,ASW,CE,Combined TRACON& Tower with Radar,22,28,42,18,110,0,19,45,1,65,22,47,87,19,175,52,22,74,249
05/01/2020,LBB,TX,ASW,CE,Combined TRACON& Tower with Radar,17,22,14,5,58,0,12,37,0,49,17,34,51,5,107,102,0,102,209
05/02/2020,LBB,TX,ASW,CE,Combined TRACON& Tower with Radar,12,15,14,5,46,0,8,21,2,31,12,23,35,7,77,10,2,12,89
05/03/2020,LBB,TX,ASW,CE,Combined TRACON& Tower with Radar,14,6,16,0,36,0,6,37,4,47,14,12,53,4,83,0,0,0,83
05/04/2020,LBB,TX,ASW,CE,Combined TRACON& Tower with Radar,17,15,31,23,86,0,12,21,1,34,17,27,52,24,120,6,10,16,136
05/05/2020,LBB,TX,ASW,CE,Combined TRACON& Tower with Radar,25,27,25,4,81,0,20,26,0,46,25,47,51,4,127,12,0,12,139
05/06/2020,LBB,TX,ASW,CE,Combined TRACON& Tower with Radar,28,25,43,42,138,0,15,64,1,80,28,40,107,43,218,52,4,56,274
05/07/2020,LBB,TX,ASW,CE,Combined TRACON& Tower with Radar,27,27,22,4,80,0,21,27,2,50,27,48,49,6,130,8,0,8,138
05/08/2020,LBB,TX,ASW,CE,Combined TRACON& Tower with Radar,28,21,22,7,78,0,11,20,13,44,28,32,42,20,122,0,0,0,122
05/09/2020,LBB,TX,ASW,CE,Combined TRACON& Tower with Radar,16,17,23,48,104,0,17,62,10,89,16,34,85,58,193,98,12,110,303
05/10/2020,LBB,TX,ASW,CE,Combined TRACON& Tower with Radar,17,15,20,0,52,0,19,21,5,45,17,34,41,5,97,0,0,0,97
05/11/2020,LBB,TX,ASW,CE,Combined TRACON& Tower with Radar,18,16,22,2,58,0,9,19,0,28,18,25,41,2,86,0,0,0,86
05/12/2020,LBB,TX,ASW,CE,Combined TRACON& Tower with Radar,26,28,28,41,123,0,6,18,1,25,26,34,46,42,148,0,0,0,148
05/13/2020,LBB,TX,ASW,CE,Combined TRACON& Tower with Radar,35,21,13,11,80,0,8,11,1,20,35,29,24,12,100,26,0,26,126
05/14/2020,LBB,TX,ASW,CE,Combined TRACON& Tower with Radar,28,34,37,24,123,0,11,65,3,79,28,45,102,27,202,88,12,100,302
05/15/2020,LBB,TX,ASW,CE,Combined TRACON& Tower with Radar,28,25,31,19,103,0,6,30,0,36,28,31,61,19,139,74,8,82,221
05/16/2020,LBB,TX,ASW,CE,Combined TRACON& Tower with Radar,16,23,20,58,117,0,9,36,0,45,16,32,56,58,162,118,14,132,294
05/17/2020,LBB,TX,ASW,CE,Combined TRACON& Tower with Radar,17,10,30,2,59,0,15,58,0,73,17,25,88,2,132,104,0,104,236
05/18/2020,LBB,TX,ASW,CE,Combined TRACON& Tower with Radar,18,13,23,56,110,0,12,53,2,67,18,25,76,58,177,108,0,108,285
05/19/2020,LBB,TX,ASW,CE,Combined TRACON& Tower with Radar,26,27,34,2,89,0,9,30,0,39,26,36,64,2,128,92,0,92,220
05/20/2020,LBB,TX,ASW,CE,Combined TRACON& Tower with Radar,28,28,36,6,98,0,13,32,9,54,28,41,68,15,152,28,0,28,180
05/21/2020,LBB,TX,ASW,CE,Combined TRACON& Tower with Radar,31,27,23,57,138,0,16,40,6,62,31,43,63,63,200,94,86,180,380
05/22/2020,LBB,TX,ASW,CE,Combined TRACON& Tower with Radar,30,26,47,1,104,0,9,37,1,47,30,35,84,2,151,96,0,96,247
05/23/2020,LBB,TX,ASW,CE,Combined TRACON& Tower with Radar,16,15,16,8,55,0,11,19,0,30,16,26,35,8,85,16,0,16,101
05/24/2020,LBB,TX,ASW,CE,Combined TRACON& Tower with Radar,17,10,16,0,43,0,10,39,0,49,17,20,55,0,92,62,0,62,154
05/25/2020,LBB,TX,ASW,CE,Combined TRACON& Tower with Radar,15,4,21,0,40,0,7,24,0,31,15,11,45,0,71,24,0,24,95
05/26/2020,LBB,TX,ASW,CE,Combined TRACON& Tower with Radar,19,20,23,61,123,0,17,53,5,75,19,37,76,66,198,136,28,164,362
05/27/2020,LBB,TX,ASW,CE,Combined TRACON& Tower with Radar,31,30,27,55,143,0,12,51,4,67,31,42,78,59,210,60,16,76,286
05/28/2020,LBB,TX,ASW,CE,Combined TRACON& Tower with Radar,30,23,37,45,135,0,20,53,3,76,30,43,90,48,211,24,24,48,259
05/29/2020,LBB,TX,ASW,CE,Combined TRACON& Tower with Radar,28,33,41,50,152,0,25,47,4,76,28,58,88,54,228,96,8,104,332
05/30/2020,LBB,TX,ASW,CE,Combined TRACON& Tower with Radar,16,9,12,11,48,0,11,65,4,80,16,20,77,15,128,22,0,22,150
05/31/2020,LBB,TX,ASW,CE,Combined TRACON& Tower with Radar,17,12,18,0,47,0,10,57,0,67,17,22,75,0,114,78,0,78,192
06/01/2020,LBB,TX,ASW,CE,Combined TRACON& Tower with Radar,17,13,36,24,90,0,16,30,2,48,17,29,66,26,138,28,0,28,166
06/02/2020,LBB,TX,ASW,CE,Combined TRACON& Tower with Radar,27,29,31,22,109,0,14,34,0,48,27,43,65,22,157,30,12,42,199
06/03/2020,LBB,TX,ASW,CE,Combined TRACON& Tower with Radar,28,21,26,27,102,0,23,49,2,74,28,44,75,29,176,18,12,30,206
06/04/2020,LBB,TX,ASW,CE,Combined TRACON& Tower with Radar,25,21,35,26,107,0,13,44,0,57,25,34,79,26,164,18,2,20,184
06/05/2020,LBB,TX,ASW,CE,Combined TRACON& Tower with Radar,26,26,31,20,103,0,26,45,4,75,26,52,76,24,178,16,8,24,202
06/06/2020,LBB,TX,ASW,CE,Combined TRACON& Tower with Radar,15,12,33,0,60,0,10,34,0,44,15,22,67,0,104,32,0,32,136
06/07/2020,LBB,TX,ASW,CE,Combined TRACON& Tower with Radar,14,8,27,0,49,0,9,28,0,37,14,17,55,0,86,58,0,58,144
06/08/2020,LBB,TX,ASW,CE,Combined TRACON& Tower with Radar,16,20,35,47,118,0,16,49,1,66,16,36,84,48,184,8,6,14,198
06/09/2020,LBB,TX,ASW,CE,Combined TRACON& Tower with Radar,28,34,18,5,85,0,13,17,2,32,28,47,35,7,117,0,0,0,117
06/10/2020,LBB,TX,ASW,CE,Combined TRACON& Tower with Radar,26,24,48,60,158,0,24,39,2,65,26,48,87,62,223,88,16,104,327
06/11/2020,LBB,TX,ASW,CE,Combined TRACON& Tower with Radar,28,26,37,41,132,0,13,49,5,67,28,39,86,46,199,20,2,22,221
06/12/2020,LBB,TX,ASW,CE,Combined TRACON& Tower with Radar,27,25,47,15,114,0,16,60,0,76,27,41,107,15,190,102,0,102,292
06/13/2020,LBB,TX,ASW,CE,Combined TRACON& Tower with Radar,18,11,17,0,46,0,16,39,0,55,18,27,56,0,101,30,0,30,131
06/14/2020,LBB,TX,ASW,CE,Combined TRACON& Tower with Radar,16,7,24,1,48,0,14,15,0,29,16,21,39,1,77,50,0,50,127
06/15/2020,LBB,TX,ASW,CE,Combined TRACON& Tower with Radar,16,19,36,61,132,0,22,43,1,66,16,41,79,62,198,60,18,78,276
06/16/2020,LBB,TX,ASW,CE,Combined TRACON& Tower with Radar,27,28,30,48,133,0,25,39,5,69,27,53,69,53,202,40,22,62,264
06/17/2020,LBB,TX,ASW,CE,Combined TRACON& Tower with Radar,26,26,32,4,88,0,18,28,1,47,26,44,60,5,135,26,0,26,161
06/18/2020,LBB,TX,ASW,CE,Combined TRACON& Tower with Radar,28,34,53,24,139,0,19,57,2,78,28,53,110,26,217,90,0,90,307
06/19/2020,LBB,TX,ASW,CE,Combined TRACON& Tower with Radar,27,38,35,12,112,0,17,26,1,44,27,55,61,13,156,76,0,76,232
06/20/2020,LBB,TX,ASW,CE,Combined TRACON& Tower with Radar,18,21,26,0,65,0,8,32,1,41,18,29,58,1,106,20,0,20,126
06/21/2020,LBB,TX,ASW,CE,Combined TRACON& Tower with Radar,24,10,44,3,81,0,9,54,5,68,24,19,98,8,149,56,0,56,205
06/22/2020,LBB,TX,ASW,CE,Combined TRACON& Tower with Radar,19,22,37,24,102,0,17,20,2,39,19,39,57,26,141,10,6,16,157
06/23/2020,LBB,TX,ASW,CE,Combined TRACON& Tower with Radar,30,22,51,12,115,0,13,40,0,53,30,35,91,12,168,8,0,8,176
06/24/2020,LBB,TX,ASW,CE,Combined TRACON& Tower with Radar,26,35,62,30,153,0,23,53,7,83,26,58,115,37,236,30,12,42,278
06/25/2020,LBB,TX,ASW,CE,Combined TRACON& Tower with Radar,27,32,45,31,135,0,20,41,1,62,27,52,86,32,197,58,12,70,267
06/26/2020,LBB,TX,ASW,CE,Combined TRACON& Tower with Radar,27,32,28,47,134,0,22,32,1,55,27,54,60,48,189,10,12,22,211
06/27/2020,LBB,TX,ASW,CE,Combined TRACON& Tower with Radar,15,17,40,0,72,0,15,54,0,69,15,32,94,0,141,14,0,14,155
06/28/2020,LBB,TX,ASW,CE,Combined TRACON& Tower with Radar,14,16,49,2,81,0,8,41,0,49,14,24,90,2,130,68,0,68,198
06/29/2020,LBB,TX,ASW,CE,Combined TRACON& Tower with Radar,16,17,35,40,108,0,21,39,3,63,16,38,74,43,171,20,0,20,191
06/30/2020,LBB,TX,ASW,CE,Combined TRACON& Tower with Radar,24,30,45,14,113,0,6,38,0,44,24,36,83,14,157,14,0,14,171
07/01/2020,LBB,TX,ASW,CE,Combined TRACON& Tower with Radar,24,40,35,33,132,0,13,61,2,76,24,53,96,35,208,90,0,90,298
07/02/2020,LBB,TX,ASW,CE,Combined TRACON& Tower with Radar,24,34,38,3,99,0,14,41,3,58,24,48,79,6,157,36,0,36,193
07/03/2020,LBB,TX,ASW,CE,Combined TRACON& Tower with Radar,23,33,33,0,89,0,12,36,0,48,23,45,69,0,137,0,0,0,137
07/04/2020,LBB,TX,ASW,CE,Combined TRACON& Tower with Radar,9,10,5,0,24,0,8,30,0,38,9,18,35,0,62,52,0,52,114
07/05/2020,LBB,TX,ASW,CE,Combined TRACON& Tower with Radar,17,13,31,0,61,0,16,20,0,36,17,29,51,0,97,66,0,66,163
07/06/2020,LBB,TX,ASW,CE,Combined TRACON& Tower with Radar,15,24,26,0,65,0,23,33,0,56,15,47,59,0,121,56,0,56,177
07/07/2020,LBB,TX,ASW,CE,Combined TRACON& Tower with Radar,36,36,23,17,112,0,24,34,2,60,36,60,57,19,172,38,8,46,218
07/08/2020,LBB,TX,ASW,CE,Combined TRACON& Tower with Radar,27,37,23,53,140,0,17,37,0,54,27,54,60,53,194,48,0,48,242
07/09/2020,LBB,TX,ASW,CE,Combined TRACON& Tower with Radar,30,36,32,0,98,0,17,26,2,45,30,53,58,2,143,14,0,14,157
07/10/2020,LBB,TX,ASW,CE,Combined TRACON& Tower with Radar,27,39,34,34,134,0,18,34,2,54,27,57,68,36,188,0,0,0,188
07/11/2020,LBB,TX,ASW,CE,Combined TRACON& Tower with Radar,20,18,21,14,73,0,16,27,0,43,20,34,48,14,116,30,0,30,146
07/12/2020,LBB,TX,ASW,CE,Combined TRACON& Tower with Radar,16,10,22,0,48,0,7,22,0,29,16,17,44,0,77,0,0,0,77
07/13/2020,LBB,TX,ASW,CE,Combined TRACON& Tower with Radar,18,22,27,6,73,0,22,35,2,59,18,44,62,8,132,58,0,58,190
07/14/2020,LBB,TX,ASW,CE,Combined TRACON& Tower with Radar,30,33,21,1,85,0,18,32,1,51,30,51,53,2,136,72,0,72,208
07/15/2020,LBB,TX,ASW,CE,Combined TRACON& Tower with Radar,27,32,36,5,100,0,19,26,1,46,27,51,62,6,146,78,4,82,228
07/16/2020,LBB,TX,ASW,CE,Combined TRACON& Tower with Radar,31,32,31,10,104,0,26,37,2,65,31,58,68,12,169,70,0,70,239
07/17/2020,LBB,TX,ASW,CE,Combined TRACON& Tower with Radar,27,28,33,10,98,0,24,43,0,67,27,52,76,10,165,66,0,66,231
07/18/2020,LBB,TX,ASW,CE,Combined TRACON& Tower with Radar,16,26,33,0,75,0,12,36,0,48,16,38,69,0,123,0,0,0,123
07/19/2020,LBB,TX,ASW,CE,Combined TRACON& Tower with Radar,16,14,21,0,51,0,18,36,0,54,16,32,57,0,105,44,0,44,149
07/20/2020,LBB,TX,ASW,CE,Combined TRACON& Tower with Radar,18,31,34,27,110,0,17,39,0,56,18,48,73,27,166,88,0,88,254
07/21/2020,LBB,TX,ASW,CE,Combined TRACON& Tower with Radar,29,32,32,32,125,0,12,33,3,48,29,44,65,35,173,106,24,130,303
07/22/2020,LBB,TX,ASW,CE,Combined TRACON& Tower with Radar,29,31,32,24,116,0,19,40,1,60,29,50,72,25,176,46,24,70,246
07/23/2020,LBB,TX,ASW,CE,Combined TRACON& Tower with Radar,31,31,32,8,102,0,14,32,4,50,31,45,64,12,152,46,38,84,236
07/24/2020,LBB,TX,ASW,CE,Combined TRACON& Tower with Radar,30,41,13,48,132,0,17,34,0,51,30,58,47,48,183,44,22,66,249
07/25/2020,LBB,TX,ASW,CE,Combined TRACON& Tower with Radar,16,19,32,0,67,0,26,39,2,67,16,45,71,2,134,42,0,42,176
07/26/2020,LBB,TX,ASW,CE,Combined TRACON& Tower with Radar,18,14,33,0,65,0,32,38,3,73,18,46,71,3,138,50,0,50,188
07/27/2020,LBB,TX,ASW,CE,Combined TRACON& Tower with Radar,30,30,31,58,149,0,22,45,3,70,30,52,76,61,219,46,80,126,345
07/28/2020,LBB,TX,ASW,CE,Combined TRACON& Tower with Radar,29,31,31,40,131,0,13,36,5,54,29,44,67,45,185,48,28,76,261
07/29/2020,LBB,TX,ASW,CE,Combined TRACON& Tower with Radar,27,33,28,46,134,0,28,42,5,75,27,61,70,51,209,64,4,68,277
07/30/2020,LBB,TX,ASW,CE,Combined TRACON& Tower with Radar,29,39,32,20,120,0,11,56,4,71,29,50,88,24,191,46,18,64,255
07/31/2020,LBB,TX,ASW,CE,Combined TRACON& Tower with Radar,25,35,37,19,116,0,24,46,2,72,25,59,83,21,188,44,0,44,232
08/01/2020,LBB,TX,ASW,CE,Combined TRACON& Tower with Radar,16,22,18,8,64,0,22,53,2,77,16,44,71,10,141,42,0,42,183
08/02/2020,LBB,TX,ASW,CE,Combined TRACON& Tower with Radar,14,20,17,8,59,0,14,41,0,55,14,34,58,8,114,74,6,80,194
08/03/2020,LBB,TX,ASW,CE,Combined TRACON& Tower with Radar,14,24,29,22,89,0,13,46,4,63,14,37,75,26,152,72,38,110,262
08/04/2020,LBB,TX,ASW,CE,Combined TRACON& Tower with Radar,27,33,29,39,128,0,21,34,4,59,27,54,63,43,187,30,60,90,277
08/05/2020,LBB,TX,ASW,CE,Combined TRACON& Tower with Radar,25,28,37,21,111,0,19,58,0,77,25,47,95,21,188,0,0,0,188
08/06/2020,LBB,TX,ASW,CE,Combined TRACON& Tower with Radar,25,38,51,0,114,0,19,37,0,56,25,57,88,0,170,40,0,40,210
08/07/2020,LBB,TX,ASW,CE,Combined TRACON& Tower with Radar,25,43,42,28,138,0,18,43,2,63,25,61,85,30,201,12,6,18,219
08/08/2020,LBB,TX,ASW,CE,Combined TRACON& Tower with Radar,18,18,8,0,44,0,11,60,0,71,18,29,68,0,115,0,0,0,115
08/09/2020,LBB,TX,ASW,CE,Combined TRACON& Tower with Radar,15,19,38,0,72,0,11,40,2,53,15,30,78,2,125,24,0,24,149
08/10/2020,LBB,TX,ASW,CE,Combined TRACON& Tower with Radar,16,29,23,22,90,0,19,29,1,49,16,48,52,23,139,32,12,44,183
08/11/2020,LBB,TX,ASW,CE,Combined TRACON& Tower with Radar,29,33,32,17,111,0,19,31,1,51,29,52,63,18,162,42,14,56,218
08/12/2020,LBB,TX,ASW,CE,Combined TRACON& Tower with Radar,27,38,44,15,124,0,15,35,0,50,27,53,79,15,174,30,0,30,204
08/13/2020,LBB,TX,ASW,CE,Combined TRACON& Tower with Radar,27,42,30,31,130,0,33,45,0,78,27,75,75,31,208,36,6,42,250
08/14/2020,LBB,TX,ASW,CE,Combined TRACON& Tower with Radar,29,40,32,14,115,0,21,34,3,58,29,61,66,17,173,64,0,64,237
08/15/2020,LBB,TX,ASW,CE,Combined TRACON& Tower with Radar,20,16,15,3,54,0,17,63,0,80,20,33,78,3,134,54,0,54,188
08/16/2020,LBB,TX,ASW,CE,Combined TRACON& Tower with Radar,21,18,34,0,73,0,16,38,2,56,21,34,72,2,129,50,0,50,179
08/17/2020,LBB,TX,ASW,CE,Combined TRACON& Tower with Radar,19,33,31,5,88,0,10,59,1,70,19,43,90,6,158,86,0,86,244
08/18/2020,LBB,TX,ASW,CE,Combined TRACON& Tower with Radar,29,33,33,13,108,0,17,59,2,78,29,50,92,15,186,82,10,92,278
08/19/2020,LBB,TX,ASW,CE,Combined TRACON& Tower with Radar,31,36,39,18,124,0,20,48,1,69,31,56,87,19,193,0,0,0,193
08/20/2020,LBB,TX,ASW,CE,Combined TRACON& Tower with Radar,27,52,41,27,147,0,13,63,2,78,27,65,104,29,225,64,6,70,295
08/21/2020,LBB,TX,ASW,CE,Combined TRACON& Tower with Radar,29,40,28,58,155,0,19,50,0,69,29,59,78,58,224,40,0,40,264
08/22/2020,LBB,TX,ASW,CE,Combined TRACON& Tower with Radar,18,26,31,0,75,0,10,48,2,60,18,36,79,2,135,124,0,124,259
08/23/2020,LBB,TX,ASW,CE,Combined TRACON& Tower with Radar,17,24,14,7,62,0,11,47,3,61,17,35,61,10,123,98,8,106,229
08/24/2020,LBB,TX,ASW,CE,Combined TRACON& Tower with Radar,30,23,25,0,78,0,14,35,0,49,30,37,60,0,127,74,0,74,201
08/25/2020,LBB,TX,ASW,CE,Combined TRACON& Tower with Radar,25,31,34,51,141,0,20,45,4,69,25,51,79,55,210,56,0,56,266
08/26/2020,LBB,TX,ASW,CE,Combined TRACON& Tower with Radar,25,26,23,60,134,0,12,54,3,69,25,38,77,63,203,68,12,80,283
08/27/2020,LBB,TX,ASW,CE,Combined TRACON& Tower with Radar,29,38,34,55,156,0,18,53,3,74,29,56,87,58,230,10,0,10,240
08/28/2020,LBB,TX,ASW,CE,Combined TRACON& Tower with Radar,27,38,33,9,107,0,26,36,3,65,27,64,69,12,172,36,0,36,208
08/29/2020,LBB,TX,ASW,CE,Combined TRACON& Tower with Radar,18,16,31,6,71,0,15,53,2,70,18,31,84,8,141,90,0,90,231
08/30/2020,LBB,TX,ASW,CE,Combined TRACON& Tower with Radar,17,19,26,25,87,0,19,37,7,63,17,38,63,32,150,78,12,90,240
08/31/2020,LBB,TX,ASW,CE,Combined TRACON& Tower with Radar,25,28,28,21,102,0,10,42,0,52,25,38,70,21,154,64,0,64,218
09/01/2020,LBB,TX,ASW,CE,Combined TRACON& Tower with Radar,30,41,30,24,125,0,14,22,5,41,30,55,52,29,166,4,28,32,198
09/02/2020,LBB,TX,ASW,CE,Combined TRACON& Tower with Radar,30,34,30,29,123,0,12,29,1,42,30,46,59,30,165,26,10,36,201
09/03/2020,LBB,TX,ASW,CE,Combined TRACON& Tower with Radar,53,38,49,53,193,0,22,58,2,82,53,60,107,55,275,38,2,40,315
09/04/2020,LBB,TX,ASW,CE,Combined TRACON& Tower with Radar,27,38,40,0,105,0,13,41,0,54,27,51,81,0,159,66,0,66,225
09/05/2020,LBB,TX,ASW,CE,Combined TRACON& Tower with Radar,20,15,14,6,55,0,12,47,0,59,20,27,61,6,114,74,0,74,188
09/06/2020,LBB,TX,ASW,CE,Combined TRACON& Tower with Radar,24,15,18,0,57,0,12,36,0,48,24,27,54,0,105,74,0,74,179
09/07/2020,LBB,TX,ASW,CE,Combined TRACON& Tower with Radar,11,28,34,0,73,0,10,50,0,60,11,38,84,0,133,58,0,58,191
09/08/2020,LBB,TX,ASW,CE,Combined TRACON& Tower with Radar,21,32,39,12,104,0,9,9,0,18,21,41,48,12,122,16,0,16,138
09/09/2020,LBB,TX,ASW,CE,Combined TRACON& Tower with Radar,28,27,23,21,99,0,0,0,0,0,28,27,23,21,99,0,0,0,99
09/10/2020,LBB,TX,ASW,CE,Combined TRACON& Tower with Radar,28,46,66,106,246,0,2,11,1,14,28,48,77,107,260,44,20,64,324
09/11/2020,LBB,TX,ASW,CE,Combined TRACON& Tower with Radar,31,43,50,92,216,0,24,38,2,64,31,67,88,94,280,74,84,158,438
09/12/2020,LBB,TX,ASW,CE,Combined TRACON& Tower with Radar,19,19,25,4,67,0,9,46,2,57,19,28,71,6,124,98,0,98,222
09/13/2020,LBB,TX,ASW,CE,Combined TRACON& Tower with Radar,18,19,28,10,75,0,8,26,4,38,18,27,54,14,113,88,16,104,217
09/14/2020,LBB,TX,ASW,CE,Combined TRACON& Tower with Radar,17,23,48,35,123,0,20,34,1,55,17,43,82,36,178,104,18,122,300
09/15/2020,LBB,TX,ASW,CE,Combined TRACON& Tower with Radar,42,32,43,30,147,0,31,47,2,80,42,63,90,32,227,100,0,100,327
09/16/2020,LBB,TX,ASW,CE,Combined TRACON& Tower with Radar,52,32,49,26,159,0,8,60,5,73,52,40,109,31,232,24,4,28,260
09/17/2020,LBB,TX,ASW,CE,Combined TRACON& Tower with Radar,27,34,44,3,108,0,22,43,1,66,27,56,87,4,174,10,0,10,184
09/18/2020,LBB,TX,ASW,CE,Combined TRACON& Tower with Radar,27,37,40,27,131,0,11,60,0,71,27,48,100,27,202,58,0,58,260
09/19/2020,LBB,TX,ASW,CE,Combined TRACON& Tower with Radar,18,24,24,16,82,0,16,47,2,65,18,40,71,18,147,92,10,102,249
09/20/2020,LBB,TX,ASW,CE,Combined TRACON& Tower with Radar,17,16,36,16,85,0,14,32,2,48,17,30,68,18,133,174,0,174,307
09/21/2020,LBB,TX,ASW,CE,Combined TRACON& Tower with Radar,17,21,20,14,72,0,15,45,0,60,17,36,65,14,132,104,30,134,266
09/22/2020,LBB,TX,ASW,CE,Combined TRACON& Tower with Radar,27,32,29,102,190,0,17,46,14,77,27,49,75,116,267,30,144,174,441
09/23/2020,LBB,TX,ASW,CE,Combined TRACON& Tower with Radar,27,42,47,13,129,0,10,26,2,38,27,52,73,15,167,12,0,12,179
09/24/2020,LBB,TX,ASW,CE,Combined TRACON& Tower with Radar,27,37,37,38,139,0,23,55,6,84,27,60,92,44,223,74,10,84,307
09/25/2020,LBB,TX,ASW,CE,Combined TRACON& Tower with Radar,29,40,63,2,134,0,25,67,1,93,29,65,130,3,227,34,0,34,261
09/26/2020,LBB,TX,ASW,CE,Combined TRACON& Tower with Radar,20,20,63,10,113,0,34,79,3,116,20,54,142,13,229,50,0,50,279
09/27/2020,LBB,TX,ASW,CE,Combined TRACON& Tower with Radar,17,22,45,7,91,0,13,43,5,61,17,35,88,12,152,20,0,20,172
09/28/2020,LBB,TX,ASW,CE,Combined TRACON& Tower with Radar,16,26,34,6,82,0,19,13,3,35,16,45,47,9,117,12,14,26,143
09/29/2020,LBB,TX,ASW,CE,Combined TRACON& Tower with Radar,27,26,30,21,104,0,18,34,2,54,27,44,64,23,158,52,0,52,210
09/30/2020,LBB,TX,ASW,CE,Combined TRACON& Tower with Radar,26,37,26,15,104,0,24,48,0,72,26,61,74,15,176,0,0,0,176
10/01/2020,LBB,TX,ASW,CE,Combined TRACON& Tower with Radar,28,41,46,4,119,0,31,38,4,73,28,72,84,8,192,72,0,72,264
10/02/2020,LBB,TX,ASW,CE,Combined TRACON& Tower with Radar,27,36,39,15,117,0,25,46,3,74,27,61,85,18,191,82,32,114,305
10/03/2020,LBB,TX,ASW,CE,Combined TRACON& Tower with Radar,20,19,27,1,67,0,22,37,3,62,20,41,64,4,129,28,10,38,167
10/04/2020,LBB,TX,ASW,CE,Combined TRACON& Tower with Radar,17,19,34,16,86,0,27,40,5,72,17,46,74,21,158,80,10,90,248
10/05/2020,LBB,TX,ASW,CE,Combined TRACON& Tower with Radar,27,25,32,32,116,0,17,40,2,59,27,42,72,34,175,46,12,58,233
10/06/2020,LBB,TX,ASW,CE,Combined TRACON& Tower with Radar,42,36,40,21,139,0,21,42,13,76,42,57,82,34,215,58,12,70,285
10/07/2020,LBB,TX,ASW,CE,Combined TRACON& Tower with Radar,42,34,40,14,130,0,21,31,0,52,42,55,71,14,182,0,0,0,182
10/08/2020,LBB,TX,ASW,CE,Combined TRACON& Tower with Radar,31,34,39,26,130,0,22,44,5,71,31,56,83,31,201,54,0,54,255
10/09/2020,LBB,TX,ASW,CE,Combined TRACON& Tower with Radar,35,40,49,51,175,0,18,48,3,69,35,58,97,54,244,14,0,14,258
10/10/2020,LBB,TX,ASW,CE,Combined TRACON& Tower with Radar,24,17,28,4,73,0,17,45,2,64,24,34,73,6,137,20,0,20,157
10/11/2020,LBB,TX,ASW,CE,Combined TRACON& Tower with Radar,23,13,29,6,71,0,12,37,4,53,23,25,66,10,124,65,0,65,189
10/12/2020,LBB,TX,ASW,CE,Combined TRACON& Tower with Radar,21,28,46,7,102,0,17,39,1,57,21,45,85,8,159,54,0,54,213
10/13/2020,LBB,TX,ASW,CE,Combined TRACON& Tower with Radar,33,30,34,27,124,0,25,50,1,76,33,55,84,28,200,36,10,46,246
10/14/2020,LBB,TX,ASW,CE,Combined TRACON& Tower with Radar,31,30,34,12,107,0,23,32,7,62,31,53,66,19,169,26,10,36,205
10/15/2020,LBB,TX,ASW,CE,Combined TRACON& Tower with Radar,31,38,23,17,109,0,16,27,4,47,31,54,50,21,156,46,22,68,224
10/16/2020,LBB,TX,ASW,CE,Combined TRACON& Tower with Radar,33,42,56,8,139,0,24,58,2,84,33,66,114,10,223,113,18,131,354
10/17/2020,LBB,TX,ASW,CE,Combined TRACON& Tower with Radar,22,24,21,78,145,0,22,33,6,61,22,46,54,84,206,46,4,50,256
10/18/2020,LBB,TX,ASW,CE,Combined TRACON& Tower with Radar,21,20,50,8,99,0,8,49,2,59,21,28,99,10,158,32,0,32,190
10/19/2020,LBB,TX,ASW,CE,Combined TRACON& Tower with Radar,21,33,61,60,175,0,7,41,5,53,21,40,102,65,228,14,0,14,242
10/20/2020,LBB,TX,ASW,CE,Combined TRACON& Tower with Radar,33,32,52,38,155,0,12,40,4,56,33,44,92,42,211,36,12,48,259
10/21/2020,LBB,TX,ASW,CE,Combined TRACON& Tower with Radar,35,38,51,29,153,0,14,36,3,53,35,52,87,32,206,42,0,42,248
10/22/2020,LBB,TX,ASW,CE,Combined TRACON& Tower with Radar,32,35,65,18,150,0,21,40,3,64,32,56,105,21,214,40,0,40,254
10/23/2020,LBB,TX,ASW,CE,Combined TRACON& Tower with Radar,34,42,49,83,208,0,13,3,7,23,34,55,52,90,231,38,22,60,291
10/24/2020,LBB,TX,ASW,CE,Combined TRACON& Tower with Radar,24,17,33,5,79,0,23,42,4,69,24,40,75,9,148,62,14,76,224
10/25/2020,LBB,TX,ASW,CE,Combined TRACON& Tower with Radar,21,21,52,21,115,0,5,5,1,11,21,26,57,22,126,6,0,6,132
10/26/2020,LBB,TX,ASW,CE,Combined TRACON& Tower with Radar,17,15,20,0,52,0,0,0,0,0,17,15,20,0,52,0,0,0,52
10/27/2020,LBB,TX,ASW,CE,Combined TRACON& Tower with Radar,18,0,4,0,22,0,0,0,0,0,18,0,4,0,22,0,0,0,22
10/28/2020,LBB,TX,ASW,CE,Combined TRACON& Tower with Radar,30,37,11,0,78,0,0,0,0,0,30,37,11,0,78,0,0,0,78
10/29/2020,LBB,TX,ASW,CE,Combined TRACON& Tower with Radar,32,35,35,9,111,0,17,36,1,54,32,52,71,10,165,30,16,46,211
10/30/2020,LBB,TX,ASW,CE,Combined TRACON& Tower with Radar,33,36,49,50,168,0,31,81,10,122,33,67,130,60,290,100,18,118,408
10/31/2020,LBB,TX,ASW,CE,Combined TRACON& Tower with Radar,21,22,37,4,84,0,10,63,1,74,21,32,100,5,158,46,0,46,204
11/01/2020,LBB,TX,ASW,CE,Combined TRACON& Tower with Radar,26,19,27,0,72,0,14,62,0,76,26,33,89,0,148,80,0,80,228
11/02/2020,LBB,TX,ASW,CE,Combined TRACON& Tower with Radar,21,24,38,69,152,0,13,36,6,55,21,37,74,75,207,16,42,58,265
11/03/2020,LBB,TX,ASW,CE,Combined TRACON& Tower with Radar,31,37,24,27,119,0,20,24,0,44,31,57,48,27,163,30,8,38,201
11/04/2020,LBB,TX,ASW,CE,Combined TRACON& Tower with Radar,30,36,51,26,143,0,27,50,4,81,30,63,101,30,224,20,0,20,244
11/05/2020,LBB,TX,ASW,CE,Combined TRACON& Tower with Radar,35,39,30,9,113,0,19,37,4,60,35,58,67,13,173,20,22,42,215
11/06/2020,LBB,TX,ASW,CE,Combined TRACON& Tower with Radar,40,38,48,7,133,0,27,50,7,84,40,65,98,14,217,70,0,70,287
11/07/2020,LBB,TX,ASW,CE,Combined TRACON& Tower with Radar,26,21,20,4,71,0,13,40,2,55,26,34,60,6,126,46,10,56,182
11/08/2020,LBB,TX,ASW,CE,Combined TRACON& Tower with Radar,29,21,32,14,96,0,13,20,0,33,29,34,52,14,129,18,0,18,147
11/09/2020,LBB,TX,ASW,CE,Combined TRACON& Tower with Radar,24,23,32,42,121,0,13,22,0,35,24,36,54,42,156,8,12,20,176
11/10/2020,LBB,TX,ASW,CE,Combined TRACON& Tower with Radar,28,33,40,20,121,0,18,37,8,63,28,51,77,28,184,18,16,34,218
11/11/2020,LBB,TX,ASW,CE,Combined TRACON& Tower with Radar,31,33,31,0,95,0,16,48,0,64,31,49,79,0,159,42,0,42,201
11/12/2020,LBB,TX,ASW,CE,Combined TRACON& Tower with Radar,35,33,37,16,121,0,27,43,2,72,35,60,80,18,193,36,0,36,229
11/13/2020,LBB,TX,ASW,CE,Combined TRACON& Tower with Radar,39,39,43,67,188,0,19,25,3,47,39,58,68,70,235,66,18,84,319
11/14/2020,LBB,TX,ASW,CE,Combined TRACON& Tower with Radar,25,44,23,8,100,0,9,17,2,28,25,53,40,10,128,6,8,14,142
11/15/2020,LBB,TX,ASW,CE,Combined TRACON& Tower with Radar,28,14,41,16,99,0,8,46,1,55,28,22,87,17,154,28,0,28,182
11/16/2020,LBB,TX,ASW,CE,Combined TRACON& Tower with Radar,25,31,48,9,113,0,19,34,1,54,25,50,82,10,167,44,2,46,213
11/17/2020,LBB,TX,ASW,CE,Combined TRACON& Tower with Radar,31,33,30,21,115,0,17,29,2,48,31,50,59,23,163,34,12,46,209
11/18/2020,LBB,TX,ASW,CE,Combined TRACON& Tower with Radar,31,38,52,44,165,0,20,51,2,73,31,58,103,46,238,61,0,61,299
11/19/2020,LBB,TX,ASW,CE,Combined TRACON& Tower with Radar,37,46,53,17,153,0,28,62,0,90,37,74,115,17,243,38,2,40,283
11/20/2020,LBB,TX,ASW,CE,Combined TRACON& Tower with Radar,37,45,48,11,141,0,13,80,0,93,37,58,128,11,234,114,6,120,354
11/21/2020,LBB,TX,ASW,CE,Combined TRACON& Tower with Radar,28,25,26,8,87,0,12,53,2,67,28,37,79,10,154,0,0,0,154
11/22/2020,LBB,TX,ASW,CE,Combined TRACON& Tower with Radar,29,26,40,4,99,0,2,3,0,5,29,28,43,4,104,68,0,68,172
11/23/2020,LBB,TX,ASW,CE,Combined TRACON& Tower with Radar,26,28,43,0,97,0,0,0,0,0,26,28,43,0,97,0,0,0,97
11/24/2020,LBB,TX,ASW,CE,Combined TRACON& Tower with Radar,38,39,38,13,128,0,8,7,0,15,38,47,45,13,143,0,12,12,155
11/25/2020,LBB,TX,ASW,CE,Combined TRACON& Tower with Radar,38,33,27,27,125,0,24,45,2,71,38,57,72,29,196,44,24,68,264
11/26/2020,LBB,TX,ASW,CE,Combined TRACON& Tower with Radar,10,6,7,1,24,0,23,19,2,44,10,29,26,3,68,0,0,0,68
11/27/2020,LBB,TX,ASW,CE,Combined TRACON& Tower with Radar,33,28,13,0,74,0,32,21,0,53,33,60,34,0,127,31,0,31,158
11/28/2020,LBB,TX,ASW,CE,Combined TRACON& Tower with Radar,31,25,30,2,88,0,5,4,0,9,31,30,34,2,97,0,0,0,97
11/29/2020,LBB,TX,ASW,CE,Combined TRACON& Tower with Radar,29,21,33,2,85,0,16,9,4,29,29,37,42,6,114,26,0,26,140
11/30/2020,LBB,TX,ASW,CE,Combined TRACON& Tower with Radar,26,27,26,14,93,0,14,30,3,47,26,41,56,17,140,12,4,16,156
12/01/2020,LBB,TX,ASW,CE,Combined TRACON& Tower with Radar,51,43,35,24,153,0,15,39,0,54,51,58,74,24,207,70,20,90,297
12/02/2020,LBB,TX,ASW,CE,Combined TRACON& Tower with Radar,30,41,29,17,117,0,5,22,2,29,30,46,51,19,146,0,50,50,196
12/03/2020,LBB,TX,ASW,CE,Combined TRACON& Tower with Radar,34,47,44,47,172,0,16,24,0,40,34,63,68,47,212,68,14,82,294
12/04/2020,LBB,TX,ASW,CE,Combined TRACON& Tower with Radar,37,34,25,11,107,0,36,39,1,76,37,70,64,12,183,6,6,12,195
12/05/2020,LBB,TX,ASW,CE,Combined TRACON& Tower with Radar,27,27,24,9,87,0,22,31,2,55,27,49,55,11,142,0,4,4,146
12/06/2020,LBB,TX,ASW,CE,Combined TRACON& Tower with Radar,27,12,26,19,84,0,15,45,1,61,27,27,71,20,145,40,4,44,189
12/07/2020,LBB,TX,ASW,CE,Combined TRACON& Tower with Radar,25,30,38,14,107,0,25,43,4,72,25,55,81,18,179,26,0,26,205
12/08/2020,LBB,TX,ASW,CE,Combined TRACON& Tower with Radar,31,42,34,2,109,0,34,38,0,72,31,76,72,2,181,16,0,16,197
12/09/2020,LBB,TX,ASW,CE,Combined TRACON& Tower with Radar,31,40,41,64,176,0,22,44,0,66,31,62,85,64,242,44,22,66,308
12/10/2020,LBB,TX,ASW,CE,Combined TRACON& Tower with Radar,32,33,50,10,125,0,16,33,4,53,32,49,83,14,178,12,0,12,190
12/11/2020,LBB,TX,ASW,CE,Combined TRACON& Tower with Radar,36,28,38,49,151,0,20,49,2,71,36,48,87,51,222,22,26,48,270
12/12/2020,LBB,TX,ASW,CE,Combined TRACON& Tower with Radar,26,26,30,10,92,0,6,43,1,50,26,32,73,11,142,76,0,76,218
12/13/2020,LBB,TX,ASW,CE,Combined TRACON& Tower with Radar,24,16,32,7,79,0,2,6,0,8,24,18,38,7,87,0,0,0,87
12/14/2020,LBB,TX,ASW,CE,Combined TRACON& Tower with Radar,26,23,42,41,132,0,14,38,1,53,26,37,80,42,185,34,0,34,219
12/15/2020,LBB,TX,ASW,CE,Combined TRACON& Tower with Radar,30,36,26,26,118,0,14,11,3,28,30,50,37,29,146,20,0,20,166
12/16/2020,LBB,TX,ASW,CE,Combined TRACON& Tower with Radar,31,43,37,6,117,0,23,54,2,79,31,66,91,8,196,18,0,18,214
12/17/2020,LBB,TX,ASW,CE,Combined TRACON& Tower with Radar,37,32,62,18,149,0,33,45,4,82,37,65,107,22,231,24,10,34,265
12/18/2020,LBB,TX,ASW,CE,Combined TRACON& Tower with Radar,38,37,46,20,141,0,30,48,3,81,38,67,94,23,222,34,4,38,260
12/19/2020,LBB,TX,ASW,CE,Combined TRACON& Tower with Radar,35,30,34,0,99,0,11,44,0,55,35,41,78,0,154,58,0,58,212
12/20/2020,LBB,TX,ASW,CE,Combined TRACON& Tower with Radar,33,13,16,2,64,0,13,45,2,60,33,26,61,4,124,12,0,12,136
12/21/2020,LBB,TX,ASW,CE,Combined TRACON& Tower with Radar,31,21,35,24,111,0,18,55,1,74,31,39,90,25,185,38,0,38,223
12/22/2020,LBB,TX,ASW,CE,Combined TRACON& Tower with Radar,43,37,40,24,144,0,21,41,0,62,43,58,81,24,206,30,0,30,236
12/23/2020,LBB,TX,ASW,CE,Combined TRACON& Tower with Radar,42,38,27,7,114,0,17,27,0,44,42,55,54,7,158,0,0,0,158
12/24/2020,LBB,TX,ASW,CE,Combined TRACON& Tower with Radar,29,35,13,0,77,0,12,31,0,43,29,47,44,0,120,14,0,14,134
12/25/2020,LBB,TX,ASW,CE,Combined TRACON& Tower with Radar,11,14,17,0,42,0,5,8,1,14,11,19,25,1,56,0,0,0,56
12/26/2020,LBB,TX,ASW,CE,Combined TRACON& Tower with Radar,27,21,29,0,77,0,26,35,2,63,27,47,64,2,140,22,0,22,162
12/27/2020,LBB,TX,ASW,CE,Combined TRACON& Tower with Radar,27,25,27,0,79,0,14,40,0,54,27,39,67,0,133,26,0,26,159
12/28/2020,LBB,TX,ASW,CE,Combined TRACON& Tower with Radar,34,26,34,4,98,0,7,14,0,21,34,33,48,4,119,22,0,22,141
12/29/2020,LBB,TX,ASW,CE,Combined TRACON& Tower with Radar,38,38,39,0,115,0,7,13,0,20,38,45,52,0,135,24,0,24,159
12/30/2020,LBB,TX,ASW,CE,Combined TRACON& Tower with Radar,36,37,16,0,89,1,1,3,0,5,37,38,19,0,94,0,0,0,94
12/31/2020,LBB,TX,ASW,CE,Combined TRACON& Tower with Radar,29,29,25,0,83,0,3,25,0,28,29,32,50,0,111,22,0,22,133
01/01/2021,LBB,TX,ASW,CE,Combined TRACON& Tower with Radar,21,19,20,0,60,0,24,11,0,35,21,43,31,0,95,0,0,0,95
01/02/2021,LBB,TX,ASW,CE,Combined TRACON& Tower with Radar,30,24,47,1,102,0,15,42,0,57,30,39,89,1,159,66,0,66,225
01/03/2021,LBB,TX,ASW,CE,Combined TRACON& Tower with Radar,29,14,45,1,89,0,12,54,0,66,29,26,99,1,155,94,0,94,249
01/04/2021,LBB,TX,ASW,CE,Combined TRACON& Tower with Radar,27,22,27,0,76,0,9,36,0,45,27,31,63,0,121,16,0,16,137
01/05/2021,LBB,TX,ASW,CE,Combined TRACON& Tower with Radar,34,36,23,4,97,0,22,24,0,46,34,58,47,4,143,6,0,6,149
01/06/2021,LBB,TX,ASW,CE,Combined TRACON& Tower with Radar,37,48,32,25,142,0,19,12,0,31,37,67,44,25,173,12,6,18,191
01/07/2021,LBB,TX,ASW,CE,Combined TRACON& Tower with Radar,32,35,26,40,133,0,16,41,3,60,32,51,67,43,193,20,0,20,213
01/08/2021,LBB,TX,ASW,CE,Combined TRACON& Tower with Radar,35,31,33,23,122,0,3,27,2,32,35,34,60,25,154,0,10,10,164
01/09/2021,LBB,TX,ASW,CE,Combined TRACON& Tower with Radar,26,14,22,1,63,0,0,1,0,1,26,14,23,1,64,0,0,0,64
01/10/2021,LBB,TX,ASW,CE,Combined TRACON& Tower with Radar,12,5,11,0,28,0,1,0,0,1,12,6,11,0,29,0,0,0,29
01/11/2021,LBB,TX,ASW,CE,Combined TRACON& Tower with Radar,23,26,33,13,95,0,20,13,1,34,23,46,46,14,129,10,0,10,139
01/12/2021,LBB,TX,ASW,CE,Combined TRACON& Tower with Radar,37,42,26,45,150,0,18,35,11,64,37,60,61,56,214,10,0,10,224
01/13/2021,LBB,TX,ASW,CE,Combined TRACON& Tower with Radar,32,30,47,29,138,0,17,35,10,62,32,47,82,39,200,10,0,10,210
01/14/2021,LBB,TX,ASW,CE,Combined TRACON& Tower with Radar,38,40,41,8,127,0,15,21,0,36,38,55,62,8,163,8,0,8,171
01/15/2021,LBB,TX,ASW,CE,Combined TRACON& Tower with Radar,33,38,33,0,104,0,16,29,1,46,33,54,62,1,150,16,0,16,166
01/16/2021,LBB,TX,ASW,CE,Combined TRACON& Tower with Radar,24,28,33,0,85,0,14,45,1,60,24,42,78,1,145,46,0,46,191
01/17/2021,LBB,TX,ASW,CE,Combined TRACON& Tower with Radar,23,24,14,0,61,0,21,37,1,59,23,45,51,1,120,30,0,30,150
01/18/2021,LBB,TX,ASW,CE,Combined TRACON& Tower with Radar,22,27,31,0,80,0,21,21,0,42,22,48,52,0,122,12,0,12,134
01/19/2021,LBB,TX,ASW,CE,Combined TRACON& Tower with Radar,34,36,39,19,128,0,8,28,3,39,34,44,67,22,167,16,8,24,191
01/20/2021,LBB,TX,ASW,CE,Combined TRACON& Tower with Radar,36,43,28,35,142,0,9,18,0,27,36,52,46,35,169,46,0,46,215
01/21/2021,LBB,TX,ASW,CE,Combined TRACON& Tower with Radar,36,34,40,44,154,0,12,31,2,45,36,46,71,46,199,66,12,78,277
01/22/2021,LBB,TX,ASW,CE,Combined TRACON& Tower with Radar,32,31,35,31,129,0,5,3,1,9,32,36,38,32,138,0,0,0,138
01/23/2021,LBB,TX,ASW,CE,Combined TRACON& Tower with Radar,27,18,22,49,116,0,5,14,17,36,27,23,36,66,152,80,48,128,280
01/24/2021,LBB,TX,ASW,CE,Combined TRACON& Tower with Radar,26,14,19,7,66,0,0,0,1,1,26,14,19,8,67,0,0,0,67
01/25/2021,LBB,TX,ASW,CE,Combined TRACON& Tower with Radar,21,24,41,94,180,0,16,24,15,55,21,40,65,109,235,22,0,22,257
01/26/2021,LBB,TX,ASW,CE,Combined TRACON& Tower with Radar,36,36,45,7,124,0,10,17,2,29,36,46,62,9,153,14,0,14,167
01/27/2021,LBB,TX,ASW,CE,Combined TRACON& Tower with Radar,34,39,55,19,147,0,16,53,7,76,34,55,108,26,223,53,0,53,276
01/28/2021,LBB,TX,ASW,CE,Combined TRACON& Tower with Radar,32,39,50,18,139,0,22,29,2,53,32,61,79,20,192,44,10,54,246
01/29/2021,LBB,TX,ASW,CE,Combined TRACON& Tower with Radar,36,35,44,28,143,0,14,32,6,52,36,49,76,34,195,12,4,16,211
01/30/2021,LBB,TX,ASW,CE,Combined TRACON& Tower with Radar,23,24,15,4,66,0,3,10,0,13,23,27,25,4,79,0,0,0,79
01/31/2021,LBB,TX,ASW,CE,Combined TRACON& Tower with Radar,24,15,28,9,76,0,34,55,1,90,24,49,83,10,166,52,0,52,218
02/01/2021,LBB,TX,ASW,CE,Combined TRACON& Tower with Radar,21,22,47,31,121,0,17,51,3,71,21,39,98,34,192,64,8,72,264
02/02/2021,LBB,TX,ASW,CE,Combined TRACON& Tower with Radar,33,29,46,46,154,0,29,57,5,91,33,58,103,51,245,50,0,50,295
02/03/2021,LBB,TX,ASW,CE,Combined TRACON& Tower with Radar,31,31,31,11,104,0,20,34,2,56,31,51,65,13,160,50,0,50,210
02/04/2021,LBB,TX,ASW,CE,Combined TRACON& Tower with Radar,34,37,35,4,110,0,22,34,2,58,34,59,69,6,168,10,0,10,178
02/05/2021,LBB,TX,ASW,CE,Combined TRACON& Tower with Radar,37,41,39,56,173,0,23,68,5,96,37,64,107,61,269,74,24,98,367
02/06/2021,LBB,TX,ASW,CE,Combined TRACON& Tower with Radar,28,20,26,8,82,0,20,28,4,52,28,40,54,12,134,28,0,28,162
02/07/2021,LBB,TX,ASW,CE,Combined TRACON& Tower with Radar,24,21,47,8,100,0,18,69,0,87,24,39,116,8,187,58,0,58,245
02/08/2021,LBB,TX,ASW,CE,Combined TRACON& Tower with Radar,22,30,35,14,101,0,14,42,3,59,22,44,77,17,160,30,20,50,210
02/09/2021,LBB,TX,ASW,CE,Combined TRACON& Tower with Radar,37,29,64,38,168,0,4,37,2,43,37,33,101,40,211,22,14,36,247
02/10/2021,LBB,TX,ASW,CE,Combined TRACON& Tower with Radar,29,13,19,0,61,0,0,0,0,0,29,13,19,0,61,0,0,0,61
02/11/2021,LBB,TX,ASW,CE,Combined TRACON& Tower with Radar,44,42,32,4,122,0,0,9,0,9,44,42,41,4,131,0,0,0,131
02/12/2021,LBB,TX,ASW,CE,Combined TRACON& Tower with Radar,29,30,32,0,91,0,0,4,0,4,29,30,36,0,95,0,0,0,95
02/13/2021,LBB,TX,ASW,CE,Combined TRACON& Tower with Radar,21,26,13,1,61,0,0,5,1,6,21,26,18,2,67,28,0,28,95
02/14/2021,LBB,TX,ASW,CE,Combined TRACON& Tower with Radar,6,2,8,0,16,0,0,0,0,0,6,2,8,0,16,0,0,0,16
02/15/2021,LBB,TX,ASW,CE,Combined TRACON& Tower with Radar,8,12,31,2,53,0,3,12,2,17,8,15,43,4,70,0,0,0,70
02/16/2021,LBB,TX,ASW,CE,Combined TRACON& Tower with Radar,17,6,10,0,33,0,0,0,0,0,17,6,10,0,33,0,0,0,33
02/17/2021,LBB,TX,ASW,CE,Combined TRACON& Tower with Radar,10,10,5,0,25,0,0,1,0,1,10,10,6,0,26,0,0,0,26
02/18/2021,LBB,TX,ASW,CE,Combined TRACON& Tower with Radar,10,27,30,0,67,0,6,5,0,11,10,33,35,0,78,0,0,0,78
02/19/2021,LBB,TX,ASW,CE,Combined TRACON& Tower with Radar,24,28,45,34,131,0,14,43,4,61,24,42,88,38,192,30,46,76,268
02/20/2021,LBB,TX,ASW,CE,Combined TRACON& Tower with Radar,26,25,26,3,80,0,21,60,1,82,26,46,86,4,162,52,0,52,214
02/21/2021,LBB,TX,ASW,CE,Combined TRACON& Tower with Radar,25,15,32,12,84,0,16,46,4,66,25,31,78,16,150,64,2,66,216
02/22/2021,LBB,TX,ASW,CE,Combined TRACON& Tower with Radar,23,21,46,23,113,0,24,56,1,81,23,45,102,24,194,52,2,54,248
02/23/2021,LBB,TX,ASW,CE,Combined TRACON& Tower with Radar,34,37,38,21,130,0,17,46,6,69,34,54,84,27,199,4,12,16,215
02/24/2021,LBB,TX,ASW,CE,Combined TRACON& Tower with Radar,32,42,45,11,130,0,26,48,9,83,32,68,93,20,213,48,14,62,275
02/25/2021,LBB,TX,ASW,CE,Combined TRACON& Tower with Radar,32,38,47,23,140,0,22,41,4,67,32,60,88,27,207,134,10,144,351
02/26/2021,LBB,TX,ASW,CE,Combined TRACON& Tower with Radar,33,45,59,79,216,0,25,44,3,72,33,70,103,82,288,44,54,98,386
02/27/2021,LBB,TX,ASW,CE,Combined TRACON& Tower with Radar,28,29,39,43,139,0,16,46,9,71,28,45,85,52,210,44,92,136,346
02/28/2021,LBB,TX,ASW,CE,Combined TRACON& Tower with Radar,27,14,40,20,101,0,15,21,1,37,27,29,61,21,138,12,0,12,150
03/01/2021,LBB,TX,ASW,CE,Combined TRACON& Tower with Radar,24,22,37,11,94,0,18,17,2,37,24,40,54,13,131,48,32,80,211
03/02/2021,LBB,TX,ASW,CE,Combined TRACON& Tower with Radar,31,39,41,17,128,0,21,58,6,85,31,60,99,23,213,36,0,36,249
03/03/2021,LBB,TX,ASW,CE,Combined TRACON& Tower with Radar,33,28,56,34,151,0,23,58,0,81,33,51,114,34,232,74,20,94,326
03/04/2021,LBB,TX,ASW,CE,Combined TRACON& Tower with Radar,42,36,47,16,141,0,21,20,4,45,42,57,67,20,186,16,12,28,214
03/05/2021,LBB,TX,ASW,CE,Combined TRACON& Tower with Radar,33,54,51,14,152,0,11,7,0,18,33,65,58,14,170,0,0,0,170
03/06/2021,LBB,TX,ASW,CE,Combined TRACON& Tower with Radar,28,25,35,14,102,0,24,60,1,85,28,49,95,15,187,144,0,144,331
03/07/2021,LBB,TX,ASW,CE,Combined TRACON& Tower with Radar,31,14,30,18,93,0,25,40,3,68,31,39,70,21,161,48,18,66,227
03/08/2021,LBB,TX,ASW,CE,Combined TRACON& Tower with Radar,31,17,28,39,115,0,14,37,6,57,31,31,65,45,172,42,0,42,214
03/09/2021,LBB,TX,ASW,CE,Combined TRACON& Tower with Radar,34,36,54,20,144,0,25,36,6,67,34,61,90,26,211,50,34,84,295
03/10/2021,LBB,TX,ASW,CE,Combined TRACON& Tower with Radar,35,34,39,23,131,0,21,22,2,45,35,55,61,25,176,20,4,24,200
03/11/2021,LBB,TX,ASW,CE,Combined TRACON& Tower with Radar,38,37,45,9,129,0,21,54,3,78,38,58,99,12,207,132,6,138,345
03/12/2021,LBB,TX,ASW,CE,Combined TRACON& Tower with Radar,42,49,47,0,138,0,1,12,2,15,42,50,59,2,153,4,0,4,157
03/13/2021,LBB,TX,ASW,CE,Combined TRACON& Tower with Radar,31,31,25,7,94,0,4,6,0,10,31,35,31,7,104,2,4,6,110
03/14/2021,LBB,TX,ASW,CE,Combined TRACON& Tower with Radar,30,18,20,15,83,0,8,17,10,35,30,26,37,25,118,36,22,58,176
03/15/2021,LBB,TX,ASW,CE,Combined TRACON& Tower with Radar,27,32,53,34,146,0,15,50,0,65,27,47,103,34,211,30,48,78,289
03/16/2021,LBB,TX,ASW,CE,Combined TRACON& Tower with Radar,40,31,32,41,144,0,18,20,6,44,40,49,52,47,188,42,0,42,230
03/17/2021,LBB,TX,ASW,CE,Combined TRACON& Tower with Radar,35,25,29,6,95,0,8,5,2,15,35,33,34,8,110,0,0,0,110
03/18/2021,LBB,TX,ASW,CE,Combined TRACON& Tower with Radar,39,37,37,43,156,0,30,71,16,117,39,67,108,59,273,110,16,126,399
03/19/2021,LBB,TX,ASW,CE,Combined TRACON& Tower with Radar,38,39,46,31,154,0,19,73,6,98,38,58,119,37,252,118,2,120,372
03/20/2021,LBB,TX,ASW,CE,Combined TRACON& Tower with Radar,29,21,47,13,110,0,19,53,6,78,29,40,100,19,188,6,2,8,196
03/21/2021,LBB,TX,ASW,CE,Combined TRACON& Tower with Radar,28,16,30,2,76,0,10,42,2,54,28,26,72,4,130,52,16,68,198
03/22/2021,LBB,TX,ASW,CE,Combined TRACON& Tower with Radar,31,33,37,25,126,0,7,7,6,20,31,40,44,31,146,28,0,28,174
03/23/2021,LBB,TX,ASW,CE,Combined TRACON& Tower with Radar,38,36,41,30,145,0,41,51,2,94,38,77,92,32,239,70,24,94,333
03/24/2021,LBB,TX,ASW,CE,Combined TRACON& Tower with Radar,36,39,52,23,150,0,13,9,1,23,36,52,61,24,173,0,20,20,193
03/25/2021,LBB,TX,ASW,CE,Combined TRACON& Tower with Radar,40,46,46,67,199,0,16,53,13,82,40,62,99,80,281,44,30,74,355
03/26/2021,LBB,TX,ASW,CE,Combined TRACON& Tower with Radar,35,38,47,21,141,0,29,47,5,81,35,67,94,26,222,80,0,80,302
03/27/2021,LBB,TX,ASW,CE,Combined TRACON& Tower with Radar,28,25,33,23,109,0,25,43,6,74,28,50,76,29,183,66,22,88,271
03/28/2021,LBB,TX,ASW,CE,Combined TRACON& Tower with Radar,27,19,38,19,103,0,25,43,6,74,27,44,81,25,177,38,0,38,215
03/29/2021,LBB,TX,ASW,CE,Combined TRACON& Tower with Radar,28,21,25,15,89,0,29,26,3,58,28,50,51,18,147,8,0,8,155
03/30/2021,LBB,TX,ASW,CE,Combined TRACON& Tower with Radar,37,37,38,4,116,0,21,31,4,56,37,58,69,8,172,54,0,54,226
03/31/2021,LBB,TX,ASW,CE,Combined TRACON& Tower with Radar,39,38,39,27,143,0,20,45,12,77,39,58,84,39,220,62,0,62,282
04/01/2021,LBB,TX,ASW,CE,Combined TRACON& Tower with Radar,36,38,35,13,122,0,24,55,5,84,36,62,90,18,206,40,4,44,250
04/02/2021,LBB,TX,ASW,CE,Combined TRACON& Tower with Radar,35,37,32,39,143,0,13,27,3,43,35,50,59,42,186,4,14,18,204
04/03/2021,LBB,TX,ASW,CE,Combined TRACON& Tower with Radar,25,28,16,0,69,0,20,72,0,92,25,48,88,0,161,108,0,108,269
04/04/2021,LBB,TX,ASW,CE,Combined TRACON& Tower with Radar,30,23,27,21,101,0,15,15,1,31,30,38,42,22,132,4,16,20,152
04/05/2021,LBB,TX,ASW,CE,Combined TRACON& Tower with Radar,26,34,41,25,126,0,11,31,1,43,26,45,72,26,169,44,0,44,213
04/06/2021,LBB,TX,ASW,CE,Combined TRACON& Tower with Radar,32,40,25,13,110,0,20,42,2,64,32,60,67,15,174,46,0,46,220
04/07/2021,LBB,TX,ASW,CE,Combined TRACON& Tower with Radar,32,35,44,39,150,0,19,64,7,90,32,54,108,46,240,42,12,54,294
04/08/2021,LBB,TX,ASW,CE,Combined TRACON& Tower with Radar,34,48,45,33,160,0,35,46,4,85,34,83,91,37,245,26,10,36,281
04/09/2021,LBB,TX,ASW,CE,Combined TRACON& Tower with Radar,35,38,46,35,154,0,13,38,4,55,35,51,84,39,209,38,2,40,249
04/10/2021,LBB,TX,ASW,CE,Combined TRACON& Tower with Radar,28,18,21,10,77,0,15,47,8,70,28,33,68,18,147,82,0,82,229
04/11/2021,LBB,TX,ASW,CE,Combined TRACON& Tower with Radar,25,17,49,4,95,0,16,39,0,55,25,33,88,4,150,48,0,48,198
04/12/2021,LBB,TX,ASW,CE,Combined TRACON& Tower with Radar,26,26,32,19,103,0,24,23,0,47,26,50,55,19,150,24,0,24,174
04/13/2021,LBB,TX,ASW,CE,Combined TRACON& Tower with Radar,30,35,43,71,179,0,14,35,3,52,30,49,78,74,231,70,6,76,307
04/14/2021,LBB,TX,ASW,CE,Combined TRACON& Tower with Radar,30,56,59,31,176,0,0,11,0,11,30,56,70,31,187,38,6,44,231
04/15/2021,LBB,TX,ASW,CE,Combined TRACON& Tower with Radar,36,37,27,2,102,0,0,0,0,0,36,37,27,2,102,0,0,0,102
04/16/2021,LBB,TX,ASW,CE,Combined TRACON& Tower with Radar,35,42,55,9,141,0,13,18,0,31,35,55,73,9,172,38,0,38,210
04/17/2021,LBB,TX,ASW,CE,Combined TRACON& Tower with Radar,28,31,41,6,106,0,17,43,2,62,28,48,84,8,168,144,0,144,312
04/18/2021,LBB,TX,ASW,CE,Combined TRACON& Tower with Radar,27,19,45,5,96,0,24,54,4,82,27,43,99,9,178,48,4,52,230
04/19/2021,LBB,TX,ASW,CE,Combined TRACON& Tower with Radar,26,24,21,32,103,0,30,38,1,69,26,54,59,33,172,52,0,52,224
04/20/2021,LBB,TX,ASW,CE,Combined TRACON& Tower with Radar,30,38,40,28,136,0,13,22,2,37,30,51,62,30,173,48,0,48,221
04/21/2021,LBB,TX,ASW,CE,Combined TRACON& Tower with Radar,30,41,48,47,166,0,23,57,4,84,30,64,105,51,250,110,6,116,366
04/22/2021,LBB,TX,ASW,CE,Combined TRACON& Tower with Radar,36,47,47,27,157,0,16,30,7,53,36,63,77,34,210,34,14,48,258
04/23/2021,LBB,TX,ASW,CE,Combined TRACON& Tower with Radar,41,47,56,101,245,0,4,30,7,41,41,51,86,108,286,32,84,116,402
04/24/2021,LBB,TX,ASW,CE,Combined TRACON& Tower with Radar,27,22,44,3,96,0,39,78,5,122,27,61,122,8,218,144,6,150,368
04/25/2021,LBB,TX,ASW,CE,Combined TRACON& Tower with Radar,26,14,48,8,96,0,20,36,2,58,26,34,84,10,154,16,0,16,170
04/26/2021,LBB,TX,ASW,CE,Combined TRACON& Tower with Radar,26,28,37,56,147,0,23,33,4,60,26,51,70,60,207,20,0,20,227
04/27/2021,LBB,TX,ASW,CE,Combined TRACON& Tower with Radar,30,39,44,6,119,0,8,29,2,39,30,47,73,8,158,36,22,58,216
04/28/2021,LBB,TX,ASW,CE,Combined TRACON& Tower with Radar,29,37,28,17,111,0,4,21,2,27,29,41,49,19,138,43,24,67,205
04/29/2021,LBB,TX,ASW,CE,Combined TRACON& Tower with Radar,35,49,34,27,145,0,4,6,4,14,35,53,40,31,159,8,30,38,197
04/30/2021,LBB,TX,ASW,CE,Combined TRACON& Tower with Radar,34,50,54,25,163,0,16,73,6,95,34,66,127,31,258,83,26,109,367
05/01/2021,LBB,TX,ASW,CE,Combined TRACON& Tower with Radar,28,26,20,16,90,0,26,40,4,70,28,52,60,20,160,58,2,60,220
05/02/2021,LBB,TX,ASW,CE,Combined TRACON& Tower with Radar,25,28,44,12,109,0,4,37,7,48,25,32,81,19,157,22,4,26,183
05/03/2021,LBB,TX,ASW,CE,Combined TRACON& Tower with Radar,26,30,62,32,150,0,11,34,0,45,26,41,96,32,195,47,0,47,242
05/04/2021,LBB,TX,ASW,CE,Combined TRACON& Tower with Radar,41,47,63,31,182,0,26,31,1,58,41,73,94,32,240,38,10,48,288
05/05/2021,LBB,TX,ASW,CE,Combined TRACON& Tower with Radar,30,37,46,16,129,0,34,48,4,86,30,71,94,20,215,21,24,45,260
05/06/2021,LBB,TX,ASW,CE,Combined TRACON& Tower with Radar,36,44,46,34,160,0,33,45,10,88,36,77,91,44,248,58,0,58,306
05/07/2021,LBB,TX,ASW,CE,Combined TRACON& Tower with Radar,38,35,27,39,139,0,26,48,4,78,38,61,75,43,217,16,12,28,245
05/08/2021,LBB,TX,ASW,CE,Combined TRACON& Tower with Radar,31,29,17,10,87,0,6,30,2,38,31,35,47,12,125,12,0,12,137
05/09/2021,LBB,TX,ASW,CE,Combined TRACON& Tower with Radar,28,22,35,10,95,0,25,46,1,72,28,47,81,11,167,60,0,60,227
05/10/2021,LBB,TX,ASW,CE,Combined TRACON& Tower with Radar,29,34,30,28,121,0,19,31,1,51,29,53,61,29,172,11,24,35,207
05/11/2021,LBB,TX,ASW,CE,Combined TRACON& Tower with Radar,31,49,39,0,119,0,0,0,0,0,31,49,39,0,119,0,0,0,119
05/12/2021,LBB,TX,ASW,CE,Combined TRACON& Tower with Radar,36,42,43,53,174,0,12,41,2,55,36,54,84,55,229,112,70,182,411
05/13/2021,LBB,TX,ASW,CE,Combined TRACON& Tower with Radar,36,51,53,18,158,0,12,57,1,70,36,63,110,19,228,80,8,88,316
05/14/2021,LBB,TX,ASW,CE,Combined TRACON& Tower with Radar,36,50,66,39,191,0,25,35,3,63,36,75,101,42,254,6,8,14,268
05/15/2021,LBB,TX,ASW,CE,Combined TRACON& Tower with Radar,30,33,35,0,98,0,12,31,2,45,30,45,66,2,143,34,0,34,177
05/16/2021,LBB,TX,ASW,CE,Combined TRACON& Tower with Radar,27,30,55,3,115,0,8,27,0,35,27,38,82,3,150,10,10,20,170
05/17/2021,LBB,TX,ASW,CE,Combined TRACON& Tower with Radar,28,15,32,36,111,0,10,34,9,53,28,25,66,45,164,28,6,34,198
05/18/2021,LBB,TX,ASW,CE,Combined TRACON& Tower with Radar,37,48,41,21,147,0,5,40,1,46,37,53,81,22,193,17,0,17,210
05/19/2021,LBB,TX,ASW,CE,Combined TRACON& Tower with Radar,36,34,46,7,123,0,16,21,0,37,36,50,67,7,160,14,12,26,186
05/20/2021,LBB,TX,ASW,CE,Combined TRACON& Tower with Radar,38,42,71,51,202,0,19,61,11,91,38,61,132,62,293,44,14,58,351
05/21/2021,LBB,TX,ASW,CE,Combined TRACON& Tower with Radar,37,38,71,69,215,0,19,31,2,52,37,57,102,71,267,16,39,55,322
05/22/2021,LBB,TX,ASW,CE,Combined TRACON& Tower with Radar,30,28,42,43,143,0,8,30,7,45,30,36,72,50,188,28,44,72,260
05/23/2021,LBB,TX,ASW,CE,Combined TRACON& Tower with Radar,28,30,33,24,115,0,4,13,0,17,28,34,46,24,132,16,0,16,148
05/24/2021,LBB,TX,ASW,CE,Combined TRACON& Tower with Radar,23,25,18,62,128,0,4,24,2,30,23,29,42,64,158,34,40,74,232
05/25/2021,LBB,TX,ASW,CE,Combined TRACON& Tower with Radar,36,46,55,58,195,0,11,31,0,42,36,57,86,58,237,80,60,140,377
05/26/2021,LBB,TX,ASW,CE,Combined TRACON& Tower with Radar,36,42,50,14,142,0,19,44,1,64,36,61,94,15,206,59,12,71,277
05/27/2021,LBB,TX,ASW,CE,Combined TRACON& Tower with Radar,38,46,60,65,209,0,8,60,7,75,38,54,120,72,284,64,32,96,380
05/28/2021,LBB,TX,ASW,CE,Combined TRACON& Tower with Radar,37,42,63,7,149,0,5,19,2,26,37,47,82,9,175,10,0,10,185
05/29/2021,LBB,TX,ASW,CE,Combined TRACON& Tower with Radar,30,37,45,5,117,0,7,14,1,22,30,44,59,6,139,24,0,24,163
05/30/2021,LBB,TX,ASW,CE,Combined TRACON& Tower with Radar,26,21,38,3,88,0,0,3,0,3,26,21,41,3,91,0,0,0,91
05/31/2021,LBB,TX,ASW,CE,Combined TRACON& Tower with Radar,23,14,23,1,61,0,3,2,0,5,23,17,25,1,66,0,0,0,66
06/01/2021,LBB,TX,ASW,CE,Combined TRACON& Tower with Radar,30,34,43,69,176,0,11,26,3,40,30,45,69,72,216,22,18,40,256
06/02/2021,LBB,TX,ASW,CE,Combined TRACON& Tower with Radar,38,38,49,21,146,0,15,52,8,75,38,53,101,29,221,12,0,12,233
06/03/2021,LBB,TX,ASW,CE,Combined TRACON& Tower with Radar,38,47,48,22,155,0,25,51,2,78,38,72,99,24,233,97,56,153,386
06/04/2021,LBB,TX,ASW,CE,Combined TRACON& Tower with Radar,42,40,41,111,234,0,34,52,6,92,42,74,93,117,326,56,50,106,432
06/05/2021,LBB,TX,ASW,CE,Combined TRACON& Tower with Radar,27,20,34,4,85,0,13,53,12,78,27,33,87,16,163,54,24,78,241
06/06/2021,LBB,TX,ASW,CE,Combined TRACON& Tower with Radar,35,23,51,23,132,0,14,29,4,47,35,37,80,27,179,6,0,6,185
06/07/2021,LBB,TX,ASW,CE,Combined TRACON& Tower with Radar,31,42,41,60,174,0,17,45,9,71,31,59,86,69,245,50,26,76,321
06/08/2021,LBB,TX,ASW,CE,Combined TRACON& Tower with Radar,37,42,41,8,128,0,22,40,0,62,37,64,81,8,190,28,0,28,218
06/09/2021,LBB,TX,ASW,CE,Combined TRACON& Tower with Radar,43,48,35,28,154,0,19,44,1,64,43,67,79,29,218,22,5,27,245
06/10/2021,LBB,TX,ASW,CE,Combined TRACON& Tower with Radar,39,41,73,28,181,0,35,65,9,109,39,76,138,37,290,44,20,64,354
06/11/2021,LBB,TX,ASW,CE,Combined TRACON& Tower with Radar,42,39,36,21,138,0,24,46,1,71,42,63,82,22,209,16,10,26,235
06/12/2021,LBB,TX,ASW,CE,Combined TRACON& Tower with Radar,28,20,34,3,85,0,14,38,7,59,28,34,72,10,144,70,12,82,226
06/13/2021,LBB,TX,ASW,CE,Combined TRACON& Tower with Radar,31,21,37,10,99,0,7,50,5,62,31,28,87,15,161,40,0,40,201
06/14/2021,LBB,TX,ASW,CE,Combined TRACON& Tower with Radar,28,21,33,28,110,0,26,38,3,67,28,47,71,31,177,32,22,54,231
06/15/2021,LBB,TX,ASW,CE,Combined TRACON& Tower with Radar,38,38,62,24,162,0,15,49,4,68,38,53,111,28,230,54,42,96,326
06/16/2021,LBB,TX,ASW,CE,Combined TRACON& Tower with Radar,40,32,44,49,165,0,31,37,5,73,40,63,81,54,238,44,4,48,286
06/17/2021,LBB,TX,ASW,CE,Combined TRACON& Tower with Radar,40,43,50,43,176,0,30,52,1,83,40,73,102,44,259,48,20,68,327
06/18/2021,LBB,TX,ASW,CE,Combined TRACON& Tower with Radar,41,40,39,43,163,0,27,37,6,70,41,67,76,49,233,38,2,40,273
06/19/2021,LBB,TX,ASW,CE,Combined TRACON& Tower with Radar,28,35,53,2,118,0,38,48,5,91,28,73,101,7,209,90,0,90,299
06/20/2021,LBB,TX,ASW,CE,Combined TRACON& Tower with Radar,26,33,51,50,160,0,23,47,5,75,26,56,98,55,235,25,5,30,265
06/21/2021,LBB,TX,ASW,CE,Combined TRACON& Tower with Radar,26,31,41,8,106,0,11,14,0,25,26,42,55,8,131,0,12,12,143
06/22/2021,LBB,TX,ASW,CE,Combined TRACON& Tower with Radar,35,39,70,7,151,0,33,49,1,83,35,72,119,8,234,22,0,22,256
06/23/2021,LBB,TX,ASW,CE,Combined TRACON& Tower with Radar,41,43,43,17,144,0,23,46,2,71,41,66,89,19,215,24,0,24,239
06/24/2021,LBB,TX,ASW,CE,Combined TRACON& Tower with Radar,39,43,59,28,169,0,17,31,5,53,39,60,90,33,222,62,34,96,318
06/25/2021,LBB,TX,ASW,CE,Combined TRACON& Tower with Radar,41,38,64,33,176,0,27,52,4,83,41,65,116,37,259,24,14,38,297
06/26/2021,LBB,TX,ASW,CE,Combined TRACON& Tower with Radar,25,29,36,3,93,0,17,44,3,64,25,46,80,6,157,32,0,32,189
06/27/2021,LBB,TX,ASW,CE,Combined TRACON& Tower with Radar,32,19,47,4,102,0,8,14,2,24,32,27,61,6,126,32,0,32,158
06/28/2021,LBB,TX,ASW,CE,Combined TRACON& Tower with Radar,30,35,52,4,121,0,2,12,0,14,30,37,64,4,135,47,0,47,182
06/29/2021,LBB,TX,ASW,CE,Combined TRACON& Tower with Radar,40,42,31,5,118,0,0,8,1,9,40,42,39,6,127,16,0,16,143
06/30/2021,LBB,TX,ASW,CE,Combined TRACON& Tower with Radar,39,38,71,8,156,0,4,26,0,30,39,42,97,8,186,50,0,50,236
07/01/2021,LBB,TX,ASW,CE,Combined TRACON& Tower with Radar,42,41,59,40,182,0,10,70,6,86,42,51,129,46,268,118,34,152,420
07/02/2021,LBB,TX,ASW,CE,Combined TRACON& Tower with Radar,33,43,45,2,123,0,9,17,0,26,33,52,62,2,149,22,0,22,171
07/03/2021,LBB,TX,ASW,CE,Combined TRACON& Tower with Radar,28,28,33,0,89,0,9,19,0,28,28,37,52,0,117,94,0,94,211
07/04/2021,LBB,TX,ASW,CE,Combined TRACON& Tower with Radar,27,15,21,0,63,0,12,16,0,28,27,27,37,0,91,8,0,8,99
07/05/2021,LBB,TX,ASW,CE,Combined TRACON& Tower with Radar,25,24,60,0,109,0,6,37,0,43,25,30,97,0,152,90,0,90,242
07/06/2021,LBB,TX,ASW,CE,Combined TRACON& Tower with Radar,33,44,45,51,173,0,9,24,0,33,33,53,69,51,206,98,28,126,332
07/07/2021,LBB,TX,ASW,CE,Combined TRACON& Tower with Radar,37,42,39,62,180,0,16,58,8,82,37,58,97,70,262,98,54,152,414
07/08/2021,LBB,TX,ASW,CE,Combined TRACON& Tower with Radar,37,44,46,39,166,0,26,58,9,93,37,70,104,48,259,82,30,112,371
07/09/2021,LBB,TX,ASW,CE,Combined TRACON& Tower with Radar,38,41,52,32,163,0,17,69,9,95,38,58,121,41,258,66,18,84,342
07/10/2021,LBB,TX,ASW,CE,Combined TRACON& Tower with Radar,27,30,76,6,139,0,17,37,8,62,27,47,113,14,201,22,2,24,225
07/11/2021,LBB,TX,ASW,CE,Combined TRACON& Tower with Radar,22,23,39,15,99,0,7,16,2,25,22,30,55,17,124,52,0,52,176
07/12/2021,LBB,TX,ASW,CE,Combined TRACON& Tower with Radar,33,24,43,53,153,0,15,46,7,68,33,39,89,60,221,78,36,114,335
07/13/2021,LBB,TX,ASW,CE,Combined TRACON& Tower with Radar,35,45,54,16,150,0,26,64,5,95,35,71,118,21,245,4,18,22,267
07/14/2021,LBB,TX,ASW,CE,Combined TRACON& Tower with Radar,37,52,55,30,174,0,26,71,4,101,37,78,126,34,275,40,12,52,327
07/15/2021,LBB,TX,ASW,CE,Combined TRACON& Tower with Radar,39,47,62,19,167,0,27,46,3,76,39,74,108,22,243,40,6,46,289
07/16/2021,LBB,TX,ASW,CE,Combined TRACON& Tower with Radar,40,48,51,17,156,0,22,56,2,80,40,70,107,19,236,48,6,54,290
07/17/2021,LBB,TX,ASW,CE,Combined TRACON& Tower with Radar,28,27,31,14,100,0,17,59,10,86,28,44,90,24,186,86,14,100,286
07/18/2021,LBB,TX,ASW,CE,Combined TRACON& Tower with Radar,28,18,40,16,102,0,12,41,12,65,28,30,81,28,167,54,0,54,221
07/19/2021,LBB,TX,ASW,CE,Combined TRACON& Tower with Radar,33,29,41,8,111,0,16,49,0,65,33,45,90,8,176,54,8,62,238
07/20/2021,LBB,TX,ASW,CE,Combined TRACON& Tower with Radar,37,47,45,15,144,0,26,41,0,67,37,73,86,15,211,48,0,48,259
07/21/2021,LBB,TX,ASW,CE,Combined TRACON& Tower with Radar,40,48,70,17,175,0,26,61,3,90,40,74,131,20,265,54,16,70,335
07/22/2021,LBB,TX,ASW,CE,Combined TRACON& Tower with Radar,37,46,68,21,172,0,44,62,4,110,37,90,130,25,282,78,26,104,386
07/23/2021,LBB,TX,ASW,CE,Combined TRACON& Tower with Radar,39,43,48,31,161,0,13,48,3,64,39,56,96,34,225,78,14,92,317
07/24/2021,LBB,TX,ASW,CE,Combined TRACON& Tower with Radar,26,26,38,11,101,0,16,45,3,64,26,42,83,14,165,58,0,58,223
07/25/2021,LBB,TX,ASW,CE,Combined TRACON& Tower with Radar,27,16,36,8,87,0,23,35,4,62,27,39,71,12,149,46,0,46,195
07/26/2021,LBB,TX,ASW,CE,Combined TRACON& Tower with Radar,32,24,47,13,116,0,21,30,1,52,32,45,77,14,168,16,8,24,192
07/27/2021,LBB,TX,ASW,CE,Combined TRACON& Tower with Radar,38,43,45,7,133,0,14,46,2,62,38,57,91,9,195,56,10,66,261
07/28/2021,LBB,TX,ASW,CE,Combined TRACON& Tower with Radar,43,40,53,2,138,0,12,35,2,49,43,52,88,4,187,52,0,52,239
07/29/2021,LBB,TX,ASW,CE,Combined TRACON& Tower with Radar,40,43,55,17,155,0,24,52,1,77,40,67,107,18,232,70,6,76,308
07/30/2021,LBB,TX,ASW,CE,Combined TRACON& Tower with Radar,43,39,44,8,134,0,9,49,4,62,43,48,93,12,196,48,0,48,244
07/31/2021,LBB,TX,ASW,CE,Combined TRACON& Tower with Radar,28,19,30,8,85,0,19,68,2,89,28,38,98,10,174,28,12,40,214
08/01/2021,LBB,TX,ASW,CE,Combined TRACON& Tower with Radar,20,22,37,1,80,0,3,8,2,13,20,25,45,3,93,22,0,22,115
08/02/2021,LBB,TX,ASW,CE,Combined TRACON& Tower with Radar,28,25,38,16,107,0,14,36,3,53,28,39,74,19,160,64,0,64,224
08/03/2021,LBB,TX,ASW,CE,Combined TRACON& Tower with Radar,40,42,31,2,115,0,34,56,4,94,40,76,87,6,209,0,0,0,209
08/04/2021,LBB,TX,ASW,CE,Combined TRACON& Tower with Radar,38,37,45,33,153,0,18,55,3,76,38,55,100,36,229,66,14,80,309
08/05/2021,LBB,TX,ASW,CE,Combined TRACON& Tower with Radar,39,46,34,7,126,0,18,55,2,75,39,64,89,9,201,76,16,92,293
08/06/2021,LBB,TX,ASW,CE,Combined TRACON& Tower with Radar,41,48,60,23,172,0,22,74,4,100,41,70,134,27,272,72,20,92,364
08/07/2021,LBB,TX,ASW,CE,Combined TRACON& Tower with Radar,28,26,43,0,97,0,25,62,3,90,28,51,105,3,187,68,0,68,255
08/08/2021,LBB,TX,ASW,CE,Combined TRACON& Tower with Radar,27,24,58,0,109,0,25,48,4,77,27,49,106,4,186,0,0,0,186
08/09/2021,LBB,TX,ASW,CE,Combined TRACON& Tower with Radar,34,26,37,29,126,0,12,59,3,74,34,38,96,32,200,0,0,0,200
08/10/2021,LBB,TX,ASW,CE,Combined TRACON& Tower with Radar,38,37,39,58,172,0,18,58,2,78,38,55,97,60,250,94,64,158,408
08/11/2021,LBB,TX,ASW,CE,Combined TRACON& Tower with Radar,42,42,43,43,170,0,14,66,4,84,42,56,109,47,254,76,32,108,362
08/12/2021,LBB,TX,ASW,CE,Combined TRACON& Tower with Radar,50,38,67,6,161,0,4,40,0,44,50,42,107,6,205,26,12,38,243
08/13/2021,LBB,TX,ASW,CE,Combined TRACON& Tower with Radar,40,42,66,32,180,0,3,48,1,52,40,45,114,33,232,44,0,44,276
08/14/2021,LBB,TX,ASW,CE,Combined TRACON& Tower with Radar,27,24,28,4,83,0,2,26,3,31,27,26,54,7,114,72,2,74,188
08/15/2021,LBB,TX,ASW,CE,Combined TRACON& Tower with Radar,28,22,40,31,121,0,3,53,0,56,28,25,93,31,177,0,0,0,177
08/16/2021,LBB,TX,ASW,CE,Combined TRACON& Tower with Radar,31,23,29,5,88,0,5,43,0,48,31,28,72,5,136,0,0,0,136
08/17/2021,LBB,TX,ASW,CE,Combined TRACON& Tower with Radar,33,39,35,14,121,0,13,52,0,65,33,52,87,14,186,38,6,44,230
08/18/2021,LBB,TX,ASW,CE,Combined TRACON& Tower with Radar,34,42,64,2,142,0,15,30,0,45,34,57,94,2,187,80,2,82,269
08/19/2021,LBB,TX,ASW,CE,Combined TRACON& Tower with Radar,40,43,63,42,188,0,9,48,10,67,40,52,111,52,255,60,54,114,369
08/20/2021,LBB,TX,ASW,CE,Combined TRACON& Tower with Radar,40,34,41,54,169,0,15,37,1,53,40,49,78,55,222,64,56,120,342
08/21/2021,LBB,TX,ASW,CE,Combined TRACON& Tower with Radar,31,19,42,18,110,0,5,83,7,95,31,24,125,25,205,110,6,116,321
08/22/2021,LBB,TX,ASW,CE,Combined TRACON& Tower with Radar,28,14,33,14,89,0,4,31,2,37,28,18,64,16,126,54,0,54,180
08/23/2021,LBB,TX,ASW,CE,Combined TRACON& Tower with Radar,33,26,33,24,116,0,12,38,0,50,33,38,71,24,166,68,28,96,262
08/24/2021,LBB,TX,ASW,CE,Combined TRACON& Tower with Radar,37,40,54,11,142,0,11,33,3,47,37,51,87,14,189,24,8,32,221
08/25/2021,LBB,TX,ASW,CE,Combined TRACON& Tower with Radar,40,33,35,7,115,0,27,37,2,66,40,60,72,9,181,30,0,30,211
08/26/2021,LBB,TX,ASW,CE,Combined TRACON& Tower with Radar,38,42,50,24,154,0,20,56,2,78,38,62,106,26,232,56,0,56,288
08/27/2021,LBB,TX,ASW,CE,Combined TRACON& Tower with Radar,41,46,48,41,176,0,7,55,11,73,41,53,103,52,249,72,68,140,389
08/28/2021,LBB,TX,ASW,CE,Combined TRACON& Tower with Radar,32,26,34,13,105,0,18,46,3,67,32,44,80,16,172,40,6,46,218
08/29/2021,LBB,TX,ASW,CE,Combined TRACON& Tower with Radar,31,20,31,18,100,0,11,25,2,38,31,31,56,20,138,16,22,38,176
08/30/2021,LBB,TX,ASW,CE,Combined TRACON& Tower with Radar,31,35,51,52,169,0,17,45,3,65,31,52,96,55,234,14,30,44,278
08/31/2021,LBB,TX,ASW,CE,Combined TRACON& Tower with Radar,38,35,68,25,166,0,15,59,1,75,38,50,127,26,241,88,0,88,329
09/01/2021,LBB,TX,ASW,CE,Combined TRACON& Tower with Radar,38,57,65,30,190,0,7,43,7,57,38,64,108,37,247,0,0,0,247
09/02/2021,LBB,TX,ASW,CE,Combined TRACON& Tower with Radar,53,40,57,12,162,0,6,69,4,79,53,46,126,16,241,62,18,80,321
09/03/2021,LBB,TX,ASW,CE,Combined TRACON& Tower with Radar,45,55,110,6,216,0,17,55,1,73,45,72,165,7,289,130,0,130,419
09/04/2021,LBB,TX,ASW,CE,Combined TRACON& Tower with Radar,31,32,24,0,87,0,18,50,1,69,31,50,74,1,156,40,14,54,210
09/05/2021,LBB,TX,ASW,CE,Combined TRACON& Tower with Radar,26,12,27,0,65,0,4,10,2,16,26,16,37,2,81,52,0,52,133
09/06/2021,LBB,TX,ASW,CE,Combined TRACON& Tower with Radar,25,17,85,10,137,0,4,58,0,62,25,21,143,10,199,66,0,66,265
09/07/2021,LBB,TX,ASW,CE,Combined TRACON& Tower with Radar,34,25,63,6,128,0,20,35,0,55,34,45,98,6,183,62,0,62,245
09/08/2021,LBB,TX,ASW,CE,Combined TRACON& Tower with Radar,38,36,48,12,134,0,13,62,9,84,38,49,110,21,218,57,34,91,309
09/09/2021,LBB,TX,ASW,CE,Combined TRACON& Tower with Radar,41,41,44,8,134,0,15,55,0,70,41,56,99,8,204,71,0,71,275
09/10/2021,LBB,TX,ASW,CE,Combined TRACON& Tower with Radar,42,36,87,24,189,0,14,69,0,83,42,50,156,24,272,86,20,106,378
09/11/2021,LBB,TX,ASW,CE,Combined TRACON& Tower with Radar,31,28,53,11,123,0,16,48,2,66,31,44,101,13,189,88,4,92,281
09/12/2021,LBB,TX,ASW,CE,Combined TRACON& Tower with Radar,34,17,63,6,120,0,9,43,0,52,34,26,106,6,172,30,0,30,202
09/13/2021,LBB,TX,ASW,CE,Combined TRACON& Tower with Radar,32,37,35,54,158,0,14,37,3,54,32,51,72,57,212,6,14,20,232
09/14/2021,LBB,TX,ASW,CE,Combined TRACON& Tower with Radar,38,48,33,59,178,0,18,52,1,71,38,66,85,60,249,22,18,40,289
09/15/2021,LBB,TX,ASW,CE,Combined TRACON& Tower with Radar,39,38,63,61,201,0,12,48,1,61,39,50,111,62,262,58,20,78,340
09/16/2021,LBB,TX,ASW,CE,Combined TRACON& Tower with Radar,40,38,41,32,151,0,28,34,0,62,40,66,75,32,213,48,8,56,269
09/17/2021,LBB,TX,ASW,CE,Combined TRACON& Tower with Radar,43,43,58,23,167,0,15,56,2,73,43,58,114,25,240,36,0,36,276
09/18/2021,LBB,TX,ASW,CE,Combined TRACON& Tower with Radar,32,24,42,1,99,0,17,83,2,102,32,41,125,3,201,34,0,34,235
09/19/2021,LBB,TX,ASW,CE,Combined TRACON& Tower with Radar,33,27,42,0,102,0,27,49,0,76,33,54,91,0,178,0,0,0,178
09/20/2021,LBB,TX,ASW,CE,Combined TRACON& Tower with Radar,33,24,30,42,129,0,11,59,7,77,33,35,89,49,206,32,18,50,256
09/21/2021,LBB,TX,ASW,CE,Combined TRACON& Tower with Radar,44,34,40,18,136,0,6,49,4,59,44,40,89,22,195,30,6,36,231
09/22/2021,LBB,TX,ASW,CE,Combined TRACON& Tower with Radar,40,32,57,44,173,1,17,64,5,87,41,49,121,49,260,68,22,90,350
09/23/2021,LBB,TX,ASW,CE,Combined TRACON& Tower with Radar,40,41,41,20,142,0,20,50,2,72,40,61,91,22,214,42,12,54,268
09/24/2021,LBB,TX,ASW,CE,Combined TRACON& Tower with Radar,43,41,52,5,141,0,18,91,4,113,43,59,143,9,254,16,14,30,284
09/25/2021,LBB,TX,ASW,CE,Combined TRACON& Tower with Radar,32,24,36,2,94,0,22,57,0,79,32,46,93,2,173,30,0,30,203
09/26/2021,LBB,TX,ASW,CE,Combined TRACON& Tower with Radar,31,17,43,7,98,0,17,47,3,67,31,34,90,10,165,8,0,8,173
09/27/2021,LBB,TX,ASW,CE,Combined TRACON& Tower with Radar,30,28,49,2,109,0,14,37,2,53,30,42,86,4,162,4,0,4,166
09/28/2021,LBB,TX,ASW,CE,Combined TRACON& Tower with Radar,39,43,45,42,169,0,22,32,6,60,39,65,77,48,229,20,18,38,267
09/29/2021,LBB,TX,ASW,CE,Combined TRACON& Tower with Radar,39,42,56,68,205,0,14,57,14,85,39,56,113,82,290,45,40,85,375
09/30/2021,LBB,TX,ASW,CE,Combined TRACON& Tower with Radar,41,43,54,34,172,0,8,27,0,35,41,51,81,34,207,40,20,60,267
10/01/2021,LBB,TX,ASW,CE,Combined TRACON& Tower with Radar,43,40,44,0,127,0,0,5,0,5,43,40,49,0,132,6,0,6,138
10/02/2021,LBB,TX,ASW,CE,Combined TRACON& Tower with Radar,31,26,51,11,119,0,7,41,2,50,31,33,92,13,169,105,20,125,294
10/03/2021,LBB,TX,ASW,CE,Combined TRACON& Tower with Radar,32,16,42,22,112,0,18,58,0,76,32,34,100,22,188,54,0,54,242
10/04/2021,LBB,TX,ASW,CE,Combined TRACON& Tower with Radar,32,18,39,17,106,0,20,55,11,86,32,38,94,28,192,42,10,52,244
10/05/2021,LBB,TX,ASW,CE,Combined TRACON& Tower with Radar,50,31,51,22,154,0,12,43,2,57,50,43,94,24,211,32,8,40,251
10/06/2021,LBB,TX,ASW,CE,Combined TRACON& Tower with Radar,42,34,57,21,154,0,19,58,1,78,42,53,115,22,232,38,10,48,280
10/07/2021,LBB,TX,ASW,CE,Combined TRACON& Tower with Radar,44,27,63,9,143,0,17,55,1,73,44,44,118,10,216,50,0,50,266
10/08/2021,LBB,TX,ASW,CE,Combined TRACON& Tower with Radar,46,37,60,46,189,0,23,76,2,101,46,60,136,48,290,94,28,122,412
10/09/2021,LBB,TX,ASW,CE,Combined TRACON& Tower with Radar,35,29,60,1,125,0,9,41,0,50,35,38,101,1,175,66,0,66,241
10/10/2021,LBB,TX,ASW,CE,Combined TRACON& Tower with Radar,23,16,59,5,103,0,4,32,0,36,23,20,91,5,139,14,0,14,153
10/11/2021,LBB,TX,ASW,CE,Combined TRACON& Tower with Radar,31,20,47,4,102,0,7,68,0,75,31,27,115,4,177,66,0,66,243
10/12/2021,LBB,TX,ASW,CE,Combined TRACON& Tower with Radar,42,41,56,48,187,0,12,15,6,33,42,53,71,54,220,12,38,50,270
10/13/2021,LBB,TX,ASW,CE,Combined TRACON& Tower with Radar,37,37,57,74,205,0,15,36,2,53,37,52,93,76,258,50,28,78,336
10/14/2021,LBB,TX,ASW,CE,Combined TRACON& Tower with Radar,40,52,62,15,169,0,19,41,4,64,40,71,103,19,233,78,6,84,317
10/15/2021,LBB,TX,ASW,CE,Combined TRACON& Tower with Radar,49,33,63,24,169,0,22,45,7,74,49,55,108,31,243,48,16,64,307
10/16/2021,LBB,TX,ASW,CE,Combined TRACON& Tower with Radar,37,17,50,3,107,0,20,79,4,103,37,37,129,7,210,46,0,46,256
10/17/2021,LBB,TX,ASW,CE,Combined TRACON& Tower with Radar,32,11,51,0,94,0,6,42,0,48,32,17,93,0,142,6,0,6,148
10/18/2021,LBB,TX,ASW,CE,Combined TRACON& Tower with Radar,33,19,61,15,128,0,16,46,1,63,33,35,107,16,191,46,8,54,245
10/19/2021,LBB,TX,ASW,CE,Combined TRACON& Tower with Radar,40,28,24,4,96,0,23,36,5,64,40,51,60,9,160,0,0,0,160
10/20/2021,LBB,TX,ASW,CE,Combined TRACON& Tower with Radar,41,32,48,15,136,0,23,35,2,60,41,55,83,17,196,62,24,86,282
10/21/2021,LBB,TX,ASW,CE,Combined TRACON& Tower with Radar,39,41,77,17,174,0,16,42,2,60,39,57,119,19,234,50,26,76,310
10/22/2021,LBB,TX,ASW,CE,Combined TRACON& Tower with Radar,46,42,84,12,184,0,14,59,0,73,46,56,143,12,257,74,0,74,331
10/23/2021,LBB,TX,ASW,CE,Combined TRACON& Tower with Radar,37,26,46,0,109,0,29,75,0,104,37,55,121,0,213,34,0,34,247
10/24/2021,LBB,TX,ASW,CE,Combined TRACON& Tower with Radar,31,18,52,0,101,0,24,70,0,94,31,42,122,0,195,26,0,26,221
10/25/2021,LBB,TX,ASW,CE,Combined TRACON& Tower with Radar,31,16,52,29,128,0,10,65,7,82,31,26,117,36,210,30,16,46,256
10/26/2021,LBB,TX,ASW,CE,Combined TRACON& Tower with Radar,40,36,54,74,204,0,10,25,4,39,40,46,79,78,243,28,32,60,303
10/27/2021,LBB,TX,ASW,CE,Combined TRACON& Tower with Radar,41,21,35,27,124,0,12,20,3,35,41,33,55,30,159,0,28,28,187
10/28/2021,LBB,TX,ASW,CE,Combined TRACON& Tower with Radar,39,34,41,74,188,0,20,26,6,52,39,54,67,80,240,16,38,54,294
10/29/2021,LBB,TX,ASW,CE,Combined TRACON& Tower with Radar,47,36,53,7,143,0,21,66,6,93,47,57,119,13,236,62,14,76,312
10/30/2021,LBB,TX,ASW,CE,Combined TRACON& Tower with Radar,37,21,32,0,90,0,27,94,3,124,37,48,126,3,214,62,0,62,276
10/31/2021,LBB,TX,ASW,CE,Combined TRACON& Tower with Radar,28,13,41,0,82,0,20,50,1,71,28,33,91,1,153,32,0,32,185
11/01/2021,LBB,TX,ASW,CE,Combined TRACON& Tower with Radar,30,19,41,14,104,0,10,52,3,65,30,29,93,17,169,80,28,108,277
11/02/2021,LBB,TX,ASW,CE,Combined TRACON& Tower with Radar,40,41,44,13,138,0,1,1,0,2,40,42,45,13,140,0,0,0,140
11/03/2021,LBB,TX,ASW,CE,Combined TRACON& Tower with Radar,37,45,42,16,140,0,1,4,0,5,37,46,46,16,145,48,28,76,221
11/04/2021,LBB,TX,ASW,CE,Combined TRACON& Tower with Radar,40,36,60,54,190,0,18,51,10,79,40,54,111,64,269,72,96,168,437
11/05/2021,LBB,TX,ASW,CE,Combined TRACON& Tower with Radar,44,55,82,0,181,0,21,49,0,70,44,76,131,0,251,58,0,58,309
11/06/2021,LBB,TX,ASW,CE,Combined TRACON& Tower with Radar,36,22,40,5,103,0,6,89,3,98,36,28,129,8,201,0,0,0,201
11/07/2021,LBB,TX,ASW,CE,Combined TRACON& Tower with Radar,30,26,38,15,109,0,9,33,4,46,30,35,71,19,155,14,2,16,171
11/08/2021,LBB,TX,ASW,CE,Combined TRACON& Tower with Radar,31,26,46,9,112,0,21,47,5,73,31,47,93,14,185,0,0,0,185
11/09/2021,LBB,TX,ASW,CE,Combined TRACON& Tower with Radar,40,45,65,48,198,0,18,74,15,107,40,63,139,63,305,61,96,157,462
11/10/2021,LBB,TX,ASW,CE,Combined TRACON& Tower with Radar,37,44,60,2,143,0,12,39,1,52,37,56,99,3,195,27,0,27,222
11/11/2021,LBB,TX,ASW,CE,Combined TRACON& Tower with Radar,43,39,64,7,153,0,11,42,0,53,43,50,106,7,206,77,8,85,291
11/12/2021,LBB,TX,ASW,CE,Combined TRACON& Tower with Radar,44,31,57,27,159,0,20,39,7,66,44,51,96,34,225,22,28,50,275
11/13/2021,LBB,TX,ASW,CE,Combined TRACON& Tower with Radar,33,35,35,11,114,0,13,58,5,76,33,48,93,16,190,54,18,72,262
11/14/2021,LBB,TX,ASW,CE,Combined TRACON& Tower with Radar,29,12,41,2,84,0,8,44,3,55,29,20,85,5,139,58,0,58,197
11/15/2021,LBB,TX,ASW,CE,Combined TRACON& Tower with Radar,33,29,46,23,131,0,28,63,5,96,33,57,109,28,227,112,8,120,347
11/16/2021,LBB,TX,ASW,CE,Combined TRACON& Tower with Radar,39,45,44,11,139,0,11,52,2,65,39,56,96,13,204,20,2,22,226
11/17/2021,LBB,TX,ASW,CE,Combined TRACON& Tower with Radar,38,38,61,13,150,0,8,31,6,45,38,46,92,19,195,60,10,70,265
11/18/2021,LBB,TX,ASW,CE,Combined TRACON& Tower with Radar,42,39,68,14,163,0,19,72,5,96,42,58,140,19,259,122,44,166,425
11/19/2021,LBB,TX,ASW,CE,Combined TRACON& Tower with Radar,42,45,58,15,160,0,25,44,1,70,42,70,102,16,230,38,4,42,272
11/20/2021,LBB,TX,ASW,CE,Combined TRACON& Tower with Radar,34,29,68,5,136,0,13,84,2,99,34,42,152,7,235,52,0,52,287
11/21/2021,LBB,TX,ASW,CE,Combined TRACON& Tower with Radar,29,31,77,9,146,0,10,55,0,65,29,41,132,9,211,10,6,16,227
11/22/2021,LBB,TX,ASW,CE,Combined TRACON& Tower with Radar,31,27,48,4,110,0,8,67,0,75,31,35,115,4,185,40,0,40,225
11/23/2021,LBB,TX,ASW,CE,Combined TRACON& Tower with Radar,39,50,43,8,140,0,15,39,2,56,39,65,82,10,196,42,0,42,238
11/24/2021,LBB,TX,ASW,CE,Combined TRACON& Tower with Radar,42,43,41,4,130,0,28,58,0,86,42,71,99,4,216,39,0,39,255
11/25/2021,LBB,TX,ASW,CE,Combined TRACON& Tower with Radar,19,20,14,0,53,0,17,12,0,29,19,37,26,0,82,0,0,0,82
11/26/2021,LBB,TX,ASW,CE,Combined TRACON& Tower with Radar,36,37,45,2,120,0,24,43,0,67,36,61,88,2,187,40,0,40,227
11/27/2021,LBB,TX,ASW,CE,Combined TRACON& Tower with Radar,32,19,26,2,79,0,19,9,0,28,32,38,35,2,107,0,0,0,107
11/28/2021,LBB,TX,ASW,CE,Combined TRACON& Tower with Radar,34,28,54,2,118,0,13,59,0,72,34,41,113,2,190,6,0,6,196
11/29/2021,LBB,TX,ASW,CE,Combined TRACON& Tower with Radar,34,24,48,25,131,0,24,44,2,70,34,48,92,27,201,54,8,62,263
11/30/2021,LBB,TX,ASW,CE,Combined TRACON& Tower with Radar,42,33,33,4,112,0,20,49,1,70,42,53,82,5,182,26,0,26,208
12/01/2021,LBB,TX,ASW,CE,Combined TRACON& Tower with Radar,40,41,48,21,150,0,10,63,0,73,40,51,111,21,223,38,0,38,261
12/02/2021,LBB,TX,ASW,CE,Combined TRACON& Tower with Radar,43,39,40,22,144,0,17,67,7,91,43,56,107,29,235,56,26,82,317
12/03/2021,LBB,TX,ASW,CE,Combined TRACON& Tower with Radar,41,35,39,63,178,0,13,63,17,93,41,48,102,80,271,76,94,170,441
12/04/2021,LBB,TX,ASW,CE,Combined TRACON& Tower with Radar,33,24,40,37,134,0,12,54,4,70,33,36,94,41,204,112,2,114,318
12/05/2021,LBB,TX,ASW,CE,Combined TRACON& Tower with Radar,31,11,37,5,84,0,9,26,0,35,31,20,63,5,119,0,0,0,119
12/06/2021,LBB,TX,ASW,CE,Combined TRACON& Tower with Radar,31,24,46,8,109,0,9,45,8,62,31,33,91,16,171,72,36,108,279
12/07/2021,LBB,TX,ASW,CE,Combined TRACON& Tower with Radar,40,53,47,9,149,0,11,36,2,49,40,64,83,11,198,84,0,84,282
12/08/2021,LBB,TX,ASW,CE,Combined TRACON& Tower with Radar,43,37,52,35,167,0,13,26,1,40,43,50,78,36,207,26,12,38,245
12/09/2021,LBB,TX,ASW,CE,Combined TRACON& Tower with Radar,41,32,48,7,128,0,11,32,3,46,41,43,80,10,174,0,0,0,174
12/10/2021,LBB,TX,ASW,CE,Combined TRACON& Tower with Radar,42,34,41,4,121,16,8,12,1,37,58,42,53,5,158,10,34,44,202
12/11/2021,LBB,TX,ASW,CE,Combined TRACON& Tower with Radar,29,23,35,14,101,0,6,34,0,40,29,29,69,14,141,0,0,0,141
12/12/2021,LBB,TX,ASW,CE,Combined TRACON& Tower with Radar,26,15,53,5,99,0,6,34,3,43,26,21,87,8,142,6,0,6,148
12/13/2021,LBB,TX,ASW,CE,Combined TRACON& Tower with Radar,31,19,42,31,123,0,10,53,1,64,31,29,95,32,187,60,16,76,263
12/14/2021,LBB,TX,ASW,CE,Combined TRACON& Tower with Radar,37,38,39,19,133,0,13,48,1,62,37,51,87,20,195,62,0,62,257
12/15/2021,LBB,TX,ASW,CE,Combined TRACON& Tower with Radar,44,44,34,5,127,0,17,14,5,36,44,61,48,10,163,10,14,24,187
12/16/2021,LBB,TX,ASW,CE,Combined TRACON& Tower with Radar,37,34,65,23,159,0,11,79,4,94,37,45,144,27,253,68,26,94,347
12/17/2021,LBB,TX,ASW,CE,Combined TRACON& Tower with Radar,39,37,84,53,213,0,7,44,1,52,39,44,128,54,265,20,0,20,285
12/18/2021,LBB,TX,ASW,CE,Combined TRACON& Tower with Radar,36,26,39,3,104,0,12,50,2,64,36,38,89,5,168,44,0,44,212
12/19/2021,LBB,TX,ASW,CE,Combined TRACON& Tower with Radar,33,15,36,2,86,0,16,36,0,52,33,31,72,2,138,26,0,26,164
12/20/2021,LBB,TX,ASW,CE,Combined TRACON& Tower with Radar,27,23,40,16,106,0,14,39,0,53,27,37,79,16,159,0,0,0,159
12/21/2021,LBB,TX,ASW,CE,Combined TRACON& Tower with Radar,38,36,43,31,148,0,17,35,9,61,38,53,78,40,209,22,14,36,245
12/22/2021,LBB,TX,ASW,CE,Combined TRACON& Tower with Radar,37,42,48,19,146,0,19,49,0,68,37,61,97,19,214,52,8,60,274
12/23/2021,LBB,TX,ASW,CE,Combined TRACON& Tower with Radar,38,41,57,0,136,0,18,47,0,65,38,59,104,0,201,58,0,58,259
12/24/2021,LBB,TX,ASW,CE,Combined TRACON& Tower with Radar,32,30,17,0,79,0,10,6,0,16,32,40,23,0,95,0,0,0,95
12/25/2021,LBB,TX,ASW,CE,Combined TRACON& Tower with Radar,21,29,9,0,59,0,18,11,0,29,21,47,20,0,88,0,0,0,88
12/26/2021,LBB,TX,ASW,CE,Combined TRACON& Tower with Radar,27,15,38,0,80,0,14,11,2,27,27,29,49,2,107,0,0,0,107
12/27/2021,LBB,TX,ASW,CE,Combined TRACON& Tower with Radar,28,37,74,0,139,0,12,46,2,60,28,49,120,2,199,52,0,52,251
12/28/2021,LBB,TX,ASW,CE,Combined TRACON& Tower with Radar,34,40,35,10,119,0,10,29,0,39,34,50,64,10,158,8,0,8,166
12/29/2021,LBB,TX,ASW,CE,Combined TRACON& Tower with Radar,40,31,48,2,121,0,7,47,0,54,40,38,95,2,175,36,0,36,211
12/30/2021,LBB,TX,ASW,CE,Combined TRACON& Tower with Radar,36,42,38,8,124,0,20,56,0,76,36,62,94,8,200,30,2,32,232
12/31/2021,LBB,TX,ASW,CE,Combined TRACON& Tower with Radar,31,25,37,0,93,0,9,9,2,20,31,34,46,2,113,34,0,34,147
01/01/2022,LBB,TX,ASW,CE,Combined TRACON& Tower with Radar,15,15,29,2,61,0,2,1,0,3,15,17,30,2,64,0,0,0,64
01/02/2022,LBB,TX,ASW,CE,Combined TRACON& Tower with Radar,22,18,52,0,92,0,14,21,0,35,22,32,73,0,127,38,0,38,165
01/03/2022,LBB,TX,ASW,CE,Combined TRACON& Tower with Radar,21,19,42,0,82,0,14,46,0,60,21,33,88,0,142,64,0,64,206
01/04/2022,LBB,TX,ASW,CE,Combined TRACON& Tower with Radar,34,30,29,4,97,0,11,18,1,30,34,41,47,5,127,14,0,14,141
01/05/2022,LBB,TX,ASW,CE,Combined TRACON& Tower with Radar,34,32,47,6,119,0,5,55,0,60,34,37,102,6,179,38,0,38,217
01/06/2022,LBB,TX,ASW,CE,Combined TRACON& Tower with Radar,40,37,27,37,141,0,12,38,1,51,40,49,65,38,192,30,34,64,256
01/07/2022,LBB,TX,ASW,CE,Combined TRACON& Tower with Radar,42,40,43,53,178,0,10,42,4,56,42,50,85,57,234,76,86,162,396
01/08/2022,LBB,TX,ASW,CE,Combined TRACON& Tower with Radar,28,15,45,132,220,0,14,69,14,97,28,29,114,146,317,22,310,332,649
01/09/2022,LBB,TX,ASW,CE,Combined TRACON& Tower with Radar,28,6,46,48,128,0,16,46,8,70,28,22,92,56,198,56,8,64,262
01/10/2022,LBB,TX,ASW,CE,Combined TRACON& Tower with Radar,30,11,38,22,101,0,6,48,1,55,30,17,86,23,156,40,16,56,212
01/11/2022,LBB,TX,ASW,CE,Combined TRACON& Tower with Radar,38,40,47,44,169,0,12,45,5,62,38,52,92,49,231,42,18,60,291
01/12/2022,LBB,TX,ASW,CE,Combined TRACON& Tower with Radar,34,30,59,29,152,0,6,51,1,58,34,36,110,30,210,44,16,60,270
01/13/2022,LBB,TX,ASW,CE,Combined TRACON& Tower with Radar,38,37,69,15,159,0,6,72,3,81,38,43,141,18,240,12,30,42,282
01/14/2022,LBB,TX,ASW,CE,Combined TRACON& Tower with Radar,45,32,51,24,152,0,9,21,3,33,45,41,72,27,185,4,8,12,197
01/15/2022,LBB,TX,ASW,CE,Combined TRACON& Tower with Radar,30,28,19,0,77,0,3,20,3,26,30,31,39,3,103,2,0,2,105
01/16/2022,LBB,TX,ASW,CE,Combined TRACON& Tower with Radar,25,10,44,3,82,0,16,61,0,77,25,26,105,3,159,38,0,38,197
01/17/2022,LBB,TX,ASW,CE,Combined TRACON& Tower with Radar,30,15,48,6,99,0,13,59,0,72,30,28,107,6,171,80,0,80,251
01/18/2022,LBB,TX,ASW,CE,Combined TRACON& Tower with Radar,40,34,51,13,138,0,13,40,1,54,40,47,91,14,192,4,12,16,208
01/19/2022,LBB,TX,ASW,CE,Combined TRACON& Tower with Radar,33,30,43,42,148,0,13,26,1,40,33,43,69,43,188,42,20,62,250
01/20/2022,LBB,TX,ASW,CE,Combined TRACON& Tower with Radar,40,32,52,5,129,0,4,32,5,41,40,36,84,10,170,64,0,64,234
01/21/2022,LBB,TX,ASW,CE,Combined TRACON& Tower with Radar,43,37,34,21,135,0,15,57,2,74,43,52,91,23,209,57,14,71,280
01/22/2022,LBB,TX,ASW,CE,Combined TRACON& Tower with Radar,29,28,33,12,102,0,26,45,3,74,29,54,78,15,176,102,10,112,288
01/23/2022,LBB,TX,ASW,CE,Combined TRACON& Tower with Radar,29,20,42,2,93,0,14,68,1,83,29,34,110,3,176,64,0,64,240
01/24/2022,LBB,TX,ASW,CE,Combined TRACON& Tower with Radar,30,17,44,26,117,0,13,45,8,66,30,30,89,34,183,0,0,0,183
01/25/2022,LBB,TX,ASW,CE,Combined TRACON& Tower with Radar,37,35,37,7,116,0,15,27,11,53,37,50,64,18,169,0,20,20,189
01/26/2022,LBB,TX,ASW,CE,Combined TRACON& Tower with Radar,36,18,22,0,76,0,0,0,0,0,36,18,22,0,76,0,0,0,76
01/27/2022,LBB,TX,ASW,CE,Combined TRACON& Tower with Radar,40,38,74,18,170,0,11,43,4,58,40,49,117,22,228,34,0,34,262
01/28/2022,LBB,TX,ASW,CE,Combined TRACON& Tower with Radar,40,38,51,10,139,0,12,52,2,66,40,50,103,12,205,30,86,116,321
01/29/2022,LBB,TX,ASW,CE,Combined TRACON& Tower with Radar,22,22,29,32,105,0,9,64,0,73,22,31,93,32,178,82,8,90,268
01/30/2022,LBB,TX,ASW,CE,Combined TRACON& Tower with Radar,28,15,43,6,92,0,3,51,2,56,28,18,94,8,148,0,0,0,148
01/31/2022,LBB,TX,ASW,CE,Combined TRACON& Tower with Radar,26,27,45,72,170,0,8,65,5,78,26,35,110,77,248,44,34,78,326
02/01/2022,LBB,TX,ASW,CE,Combined TRACON& Tower with Radar,35,47,89,42,213,0,10,61,18,89,35,57,150,60,302,32,44,76,378
02/02/2022,LBB,TX,ASW,CE,Combined TRACON& Tower with Radar,34,26,29,0,89,0,0,2,0,2,34,26,31,0,91,0,0,0,91
02/03/2022,LBB,TX,ASW,CE,Combined TRACON& Tower with Radar,11,15,15,0,41,0,0,1,0,1,11,15,16,0,42,0,0,0,42
02/04/2022,LBB,TX,ASW,CE,Combined TRACON& Tower with Radar,23,29,51,125,228,0,10,47,5,62,23,39,98,130,290,18,56,74,364
02/05/2022,LBB,TX,ASW,CE,Combined TRACON& Tower with Radar,22,18,38,63,141,0,6,33,4,43,22,24,71,67,184,32,10,42,226
02/06/2022,LBB,TX,ASW,CE,Combined TRACON& Tower with Radar,29,22,35,19,105,0,5,27,1,33,29,27,62,20,138,0,0,0,138
02/07/2022,LBB,TX,ASW,CE,Combined TRACON& Tower with Radar,32,16,42,27,117,0,18,73,3,94,32,34,115,30,211,0,0,0,211
02/08/2022,LBB,TX,ASW,CE,Combined TRACON& Tower with Radar,39,34,64,28,165,0,14,43,1,58,39,48,107,29,223,0,0,0,223
02/09/2022,LBB,TX,ASW,CE,Combined TRACON& Tower with Radar,36,33,58,22,149,0,7,62,3,72,36,40,120,25,221,64,10,74,295
02/10/2022,LBB,TX,ASW,CE,Combined TRACON& Tower with Radar,40,28,62,3,133,0,9,54,1,64,40,37,116,4,197,56,8,64,261
02/11/2022,LBB,TX,ASW,CE,Combined TRACON& Tower with Radar,40,43,71,4,158,0,11,55,1,67,40,54,126,5,225,4,8,12,237
02/12/2022,LBB,TX,ASW,CE,Combined TRACON& Tower with Radar,23,18,36,9,86,0,5,58,2,65,23,23,94,11,151,78,10,88,239
02/13/2022,LBB,TX,ASW,CE,Combined TRACON& Tower with Radar,31,14,38,14,97,0,10,35,1,46,31,24,73,15,143,58,0,58,201
02/14/2022,LBB,TX,ASW,CE,Combined TRACON& Tower with Radar,30,18,52,24,124,0,9,54,4,67,30,27,106,28,191,0,0,0,191
02/15/2022,LBB,TX,ASW,CE,Combined TRACON& Tower with Radar,37,34,42,16,129,0,16,30,7,53,37,50,72,23,182,0,8,8,190
02/16/2022,LBB,TX,ASW,CE,Combined TRACON& Tower with Radar,40,36,62,19,157,0,4,26,2,32,40,40,88,21,189,4,8,12,201
02/17/2022,LBB,TX,ASW,CE,Combined TRACON& Tower with Radar,38,37,65,19,159,0,13,26,1,40,38,50,91,20,199,16,6,22,221
02/18/2022,LBB,TX,ASW,CE,Combined TRACON& Tower with Radar,42,28,59,19,148,0,13,68,2,83,42,41,127,21,231,88,4,92,323
02/19/2022,LBB,TX,ASW,CE,Combined TRACON& Tower with Radar,30,23,40,0,93,0,15,41,0,56,30,38,81,0,149,96,0,96,245
02/20/2022,LBB,TX,ASW,CE,Combined TRACON& Tower with Radar,27,20,61,18,126,0,14,38,0,52,27,34,99,18,178,50,0,50,228
02/21/2022,LBB,TX,ASW,CE,Combined TRACON& Tower with Radar,27,19,51,0,97,0,14,21,0,35,27,33,72,0,132,0,0,0,132
02/22/2022,LBB,TX,ASW,CE,Combined TRACON& Tower with Radar,40,30,65,34,169,0,10,58,6,74,40,40,123,40,243,38,32,70,313
02/23/2022,LBB,TX,ASW,CE,Combined TRACON& Tower with Radar,26,24,46,2,98,0,1,20,2,23,26,25,66,4,121,56,0,56,177
02/24/2022,LBB,TX,ASW,CE,Combined TRACON& Tower with Radar,23,24,52,12,111,0,9,36,1,46,23,33,88,13,157,38,28,66,223
02/25/2022,LBB,TX,ASW,CE,Combined TRACON& Tower with Radar,36,29,43,8,116,0,10,35,0,45,36,39,78,8,161,28,0,28,189
02/26/2022,LBB,TX,ASW,CE,Combined TRACON& Tower with Radar,27,21,36,21,105,0,7,49,6,62,27,28,85,27,167,36,6,42,209
02/27/2022,LBB,TX,ASW,CE,Combined TRACON& Tower with Radar,32,19,39,6,96,0,15,62,0,77,32,34,101,6,173,86,0,86,259
02/28/2022,LBB,TX,ASW,CE,Combined TRACON& Tower with Radar,30,16,52,3,101,0,19,49,5,73,30,35,101,8,174,8,26,34,208
03/01/2022,LBB,TX,ASW,CE,Combined TRACON& Tower with Radar,34,32,56,7,129,0,18,81,3,102,34,50,137,10,231,92,6,98,329
03/02/2022,LBB,TX,ASW,CE,Combined TRACON& Tower with Radar,32,36,57,3,128,0,9,75,0,84,32,45,132,3,212,60,10,70,282
03/03/2022,LBB,TX,ASW,CE,Combined TRACON& Tower with Radar,34,32,56,17,139,0,15,87,3,105,34,47,143,20,244,60,40,100,344
03/04/2022,LBB,TX,ASW,CE,Combined TRACON& Tower with Radar,41,38,84,44,207,0,28,46,2,76,41,66,130,46,283,76,64,140,423
03/05/2022,LBB,TX,ASW,CE,Combined TRACON& Tower with Radar,28,24,52,4,108,0,12,45,1,58,28,36,97,5,166,4,4,8,174
03/06/2022,LBB,TX,ASW,CE,Combined TRACON& Tower with Radar,28,11,21,0,60,0,8,16,0,24,28,19,37,0,84,86,0,86,170
03/07/2022,LBB,TX,ASW,CE,Combined TRACON& Tower with Radar,29,22,52,27,130,0,13,63,6,82,29,35,115,33,212,38,46,84,296
03/08/2022,LBB,TX,ASW,CE,Combined TRACON& Tower with Radar,35,35,42,18,130,0,18,69,10,97,35,53,111,28,227,110,8,118,345
03/09/2022,LBB,TX,ASW,CE,Combined TRACON& Tower with Radar,35,39,39,18,131,0,15,47,3,65,35,54,86,21,196,20,8,28,224
03/10/2022,LBB,TX,ASW,CE,Combined TRACON& Tower with Radar,36,44,68,3,151,0,11,66,0,77,36,55,134,3,228,66,0,66,294
03/11/2022,LBB,TX,ASW,CE,Combined TRACON& Tower with Radar,39,30,33,24,126,0,11,14,1,26,39,41,47,25,152,0,0,0,152
03/12/2022,LBB,TX,ASW,CE,Combined TRACON& Tower with Radar,27,22,38,3,90,0,17,52,3,72,27,39,90,6,162,77,0,77,239
03/13/2022,LBB,TX,ASW,CE,Combined TRACON& Tower with Radar,32,7,46,12,97,0,10,49,3,62,32,17,95,15,159,36,0,36,195
03/14/2022,LBB,TX,ASW,CE,Combined TRACON& Tower with Radar,29,29,23,22,103,0,8,29,1,38,29,37,52,23,141,26,22,48,189
03/15/2022,LBB,TX,ASW,CE,Combined TRACON& Tower with Radar,38,34,51,15,138,0,21,91,8,120,38,55,142,23,258,92,14,106,364
03/16/2022,LBB,TX,ASW,CE,Combined TRACON& Tower with Radar,37,32,48,15,132,0,20,67,6,93,37,52,115,21,225,106,22,128,353
03/17/2022,LBB,TX,ASW,CE,Combined TRACON& Tower with Radar,37,26,40,6,109,0,9,15,0,24,37,35,55,6,133,22,10,32,165
03/18/2022,LBB,TX,ASW,CE,Combined TRACON& Tower with Radar,42,31,67,34,174,0,16,71,2,89,42,47,138,36,263,46,20,66,329
03/19/2022,LBB,TX,ASW,CE,Combined TRACON& Tower with Radar,29,21,54,6,110,0,12,88,3,103,29,33,142,9,213,82,0,82,295
03/20/2022,LBB,TX,ASW,CE,Combined TRACON& Tower with Radar,29,17,32,13,91,0,7,23,1,31,29,24,55,14,122,8,4,12,134
03/21/2022,LBB,TX,ASW,CE,Combined TRACON& Tower with Radar,27,26,31,22,106,0,4,18,0,22,27,30,49,22,128,14,16,30,158
03/22/2022,LBB,TX,ASW,CE,Combined TRACON& Tower with Radar,40,49,37,38,164,0,3,2,0,5,40,52,39,38,169,8,38,46,215
03/23/2022,LBB,TX,ASW,CE,Combined TRACON& Tower with Radar,38,35,58,31,162,0,11,31,14,56,38,46,89,45,218,20,40,60,278
03/24/2022,LBB,TX,ASW,CE,Combined TRACON& Tower with Radar,41,35,73,19,168,0,21,101,5,127,41,56,174,24,295,56,6,62,357
03/25/2022,LBB,TX,ASW,CE,Combined TRACON& Tower with Radar,43,33,59,49,184,0,15,91,9,115,43,48,150,58,299,44,6,50,349
03/26/2022,LBB,TX,ASW,CE,Combined TRACON& Tower with Radar,27,21,34,20,102,0,8,64,6,78,27,29,98,26,180,60,2,62,242
03/27/2022,LBB,TX,ASW,CE,Combined TRACON& Tower with Radar,33,19,35,0,87,0,10,64,0,74,33,29,99,0,161,58,0,58,219
03/28/2022,LBB,TX,ASW,CE,Combined TRACON& Tower with Radar,30,18,33,15,96,0,10,62,5,77,30,28,95,20,173,80,8,88,261
03/29/2022,LBB,TX,ASW,CE,Combined TRACON& Tower with Radar,36,25,42,5,108,0,2,9,0,11,36,27,51,5,119,4,0,4,123
03/30/2022,LBB,TX,ASW,CE,Combined TRACON& Tower with Radar,37,28,41,21,127,0,4,28,5,37,37,32,69,26,164,32,50,82,246
03/31/2022,LBB,TX,ASW,CE,Combined TRACON& Tower with Radar,39,28,52,15,134,0,19,78,8,105,39,47,130,23,239,144,2,146,385
04/01/2022,LBB,TX,ASW,CE,Combined TRACON& Tower with Radar,40,26,53,14,133,0,19,37,6,62,40,45,90,20,195,4,0,4,199
04/02/2022,LBB,TX,ASW,CE,Combined TRACON& Tower with Radar,25,19,27,0,71,0,21,63,0,84,25,40,90,0,155,70,0,70,225
04/03/2022,LBB,TX,ASW,CE,Combined TRACON& Tower with Radar,28,18,24,1,71,0,12,49,3,64,28,30,73,4,135,26,0,26,161
04/04/2022,LBB,TX,ASW,CE,Combined TRACON& Tower with Radar,32,21,55,27,135,0,19,54,2,75,32,40,109,29,210,74,2,76,286
04/05/2022,LBB,TX,ASW,CE,Combined TRACON& Tower with Radar,39,33,25,10,107,0,7,21,0,28,39,40,46,10,135,10,0,10,145
04/06/2022,LBB,TX,ASW,CE,Combined TRACON& Tower with Radar,42,40,42,8,132,0,15,48,1,64,42,55,90,9,196,130,0,130,326
04/07/2022,LBB,TX,ASW,CE,Combined TRACON& Tower with Radar,40,37,51,96,224,0,14,37,0,51,40,51,88,96,275,48,94,142,417
04/08/2022,LBB,TX,ASW,CE,Combined TRACON& Tower with Radar,47,31,48,9,135,0,14,69,0,83,47,45,117,9,218,94,0,94,312
04/09/2022,LBB,TX,ASW,CE,Combined TRACON& Tower with Radar,29,16,25,0,70,0,20,26,2,48,29,36,51,2,118,18,0,18,136
04/10/2022,LBB,TX,ASW,CE,Combined TRACON& Tower with Radar,33,13,53,4,103,0,14,24,0,38,33,27,77,4,141,0,0,0,141
04/11/2022,LBB,TX,ASW,CE,Combined TRACON& Tower with Radar,32,22,34,34,122,0,13,39,0,52,32,35,73,34,174,105,16,121,295
04/12/2022,LBB,TX,ASW,CE,Combined TRACON& Tower with Radar,37,39,55,9,140,0,7,4,0,11,37,46,59,9,151,0,0,0,151
04/13/2022,LBB,TX,ASW,CE,Combined TRACON& Tower with Radar,46,29,51,17,143,0,9,17,4,30,46,38,68,21,173,16,6,22,195
04/14/2022,LBB,TX,ASW,CE,Combined TRACON& Tower with Radar,42,39,64,26,171,0,12,46,0,58,42,51,110,26,229,22,14,36,265
04/15/2022,LBB,TX,ASW,CE,Combined TRACON& Tower with Radar,43,30,36,23,132,0,13,42,0,55,43,43,78,23,187,2,0,2,189
04/16/2022,LBB,TX,ASW,CE,Combined TRACON& Tower with Radar,31,19,33,0,83,0,9,56,0,65,31,28,89,0,148,82,0,82,230
04/17/2022,LBB,TX,ASW,CE,Combined TRACON& Tower with Radar,34,12,30,4,80,0,23,42,0,65,34,35,72,4,145,26,0,26,171
04/18/2022,LBB,TX,ASW,CE,Combined TRACON& Tower with Radar,33,21,53,10,117,0,23,56,6,85,33,44,109,16,202,30,38,68,270
04/19/2022,LBB,TX,ASW,CE,Combined TRACON& Tower with Radar,43,38,74,6,161,0,12,19,0,31,43,50,93,6,192,28,0,28,220
04/20/2022,LBB,TX,ASW,CE,Combined TRACON& Tower with Radar,41,33,46,39,159,0,18,68,5,91,41,51,114,44,250,176,26,202,452
04/21/2022,LBB,TX,ASW,CE,Combined TRACON& Tower with Radar,42,46,52,56,196,0,17,72,22,111,42,63,124,78,307,218,36,254,561
04/22/2022,LBB,TX,ASW,CE,Combined TRACON& Tower with Radar,40,41,45,6,132,0,1,4,2,7,40,42,49,8,139,20,0,20,159
04/23/2022,LBB,TX,ASW,CE,Combined TRACON& Tower with Radar,30,25,41,71,167,0,26,33,15,74,30,51,74,86,241,48,0,48,289
04/24/2022,LBB,TX,ASW,CE,Combined TRACON& Tower with Radar,33,15,40,13,101,0,4,37,14,55,33,19,77,27,156,80,10,90,246
04/25/2022,LBB,TX,ASW,CE,Combined TRACON& Tower with Radar,37,13,42,10,102,0,14,48,0,62,37,27,90,10,164,114,4,118,282
04/26/2022,LBB,TX,ASW,CE,Combined TRACON& Tower with Radar,40,31,49,53,173,0,17,72,3,92,40,48,121,56,265,152,12,164,429
04/27/2022,LBB,TX,ASW,CE,Combined TRACON& Tower with Radar,42,33,67,47,189,0,9,30,3,42,42,42,97,50,231,96,28,124,355
04/28/2022,LBB,TX,ASW,CE,Combined TRACON& Tower with Radar,41,42,46,45,174,0,20,53,12,85,41,62,99,57,259,94,36,130,389
04/29/2022,LBB,TX,ASW,CE,Combined TRACON& Tower with Radar,41,36,34,61,172,0,16,60,3,79,41,52,94,64,251,108,60,168,419
04/30/2022,LBB,TX,ASW,CE,Combined TRACON& Tower with Radar,30,22,20,16,88,0,10,64,1,75,30,32,84,17,163,168,18,186,349
05/01/2022,LBB,TX,ASW,CE,Combined TRACON& Tower with Radar,30,15,39,5,89,0,1,21,0,22,30,16,60,5,111,8,0,8,119
05/02/2022,LBB,TX,ASW,CE,Combined TRACON& Tower with Radar,35,20,31,44,130,0,11,27,4,42,35,31,58,48,172,54,60,114,286
05/03/2022,LBB,TX,ASW,CE,Combined TRACON& Tower with Radar,40,33,47,18,138,0,9,90,14,113,40,42,137,32,251,142,40,182,433
05/04/2022,LBB,TX,ASW,CE,Combined TRACON& Tower with Radar,35,39,42,0,116,0,11,19,0,30,35,50,61,0,146,18,0,18,164
05/05/2022,LBB,TX,ASW,CE,Combined TRACON& Tower with Radar,39,30,65,69,203,0,6,81,4,91,39,36,146,73,294,126,42,168,462
05/06/2022,LBB,TX,ASW,CE,Combined TRACON& Tower with Radar,43,29,42,11,125,0,19,83,8,110,43,48,125,19,235,142,26,168,403
05/07/2022,LBB,TX,ASW,CE,Combined TRACON& Tower with Radar,27,24,28,0,79,0,17,64,7,88,27,41,92,7,167,102,0,102,269
05/08/2022,LBB,TX,ASW,CE,Combined TRACON& Tower with Radar,29,17,24,6,76,0,17,24,0,41,29,34,48,6,117,42,0,42,159
05/09/2022,LBB,TX,ASW,CE,Combined TRACON& Tower with Radar,33,24,40,2,99,0,15,31,0,46,33,39,71,2,145,6,0,6,151
05/10/2022,LBB,TX,ASW,CE,Combined TRACON& Tower with Radar,37,27,30,15,109,0,2,36,1,39,37,29,66,16,148,84,4,88,236
05/11/2022,LBB,TX,ASW,CE,Combined TRACON& Tower with Radar,43,42,34,23,142,0,8,36,1,45,43,50,70,24,187,52,19,71,258
05/12/2022,LBB,TX,ASW,CE,Combined TRACON& Tower with Radar,39,43,65,20,167,0,17,71,2,90,39,60,136,22,257,88,20,108,365
05/13/2022,LBB,TX,ASW,CE,Combined TRACON& Tower with Radar,42,45,63,8,158,0,17,63,3,83,42,62,126,11,241,104,10,114,355
05/14/2022,LBB,TX,ASW,CE,Combined TRACON& Tower with Radar,27,17,41,1,86,0,22,64,3,89,27,39,105,4,175,68,2,70,245
05/15/2022,LBB,TX,ASW,CE,Combined TRACON& Tower with Radar,32,17,42,23,114,0,11,50,3,64,32,28,92,26,178,12,0,12,190
05/16/2022,LBB,TX,ASW,CE,Combined TRACON& Tower with Radar,32,18,43,14,107,0,13,26,1,40,32,31,69,15,147,62,4,66,213
05/17/2022,LBB,TX,ASW,CE,Combined TRACON& Tower with Radar,38,30,41,5,114,0,9,29,5,43,38,39,70,10,157,28,0,28,185
05/18/2022,LBB,TX,ASW,CE,Combined TRACON& Tower with Radar,40,44,56,4,144,0,24,75,1,100,40,68,131,5,244,114,0,114,358
05/19/2022,LBB,TX,ASW,CE,Combined TRACON& Tower with Radar,40,37,51,13,141,0,21,72,0,93,40,58,123,13,234,104,8,112,346
05/20/2022,LBB,TX,ASW,CE,Combined TRACON& Tower with Radar,41,34,40,39,154,0,21,58,7,86,41,55,98,46,240,158,40,198,438
05/21/2022,LBB,TX,ASW,CE,Combined TRACON& Tower with Radar,29,19,28,14,90,0,21,49,5,75,29,40,77,19,165,56,12,68,233
05/22/2022,LBB,TX,ASW,CE,Combined TRACON& Tower with Radar,30,16,35,8,89,0,19,55,2,76,30,35,90,10,165,104,0,104,269
05/23/2022,LBB,TX,ASW,CE,Combined TRACON& Tower with Radar,34,22,32,8,96,0,6,6,2,14,34,28,38,10,110,6,0,6,116
05/24/2022,LBB,TX,ASW,CE,Combined TRACON& Tower with Radar,31,25,33,20,109,0,5,5,0,10,31,30,38,20,119,52,22,74,193
05/25/2022,LBB,TX,ASW,CE,Combined TRACON& Tower with Radar,39,33,71,46,189,0,10,57,7,74,39,43,128,53,263,76,52,128,391
05/26/2022,LBB,TX,ASW,CE,Combined TRACON& Tower with Radar,44,31,53,32,160,0,18,72,5,95,44,49,125,37,255,94,48,142,397
05/27/2022,LBB,TX,ASW,CE,Combined TRACON& Tower with Radar,44,35,43,0,122,0,18,55,0,73,44,53,98,0,195,122,0,122,317
05/28/2022,LBB,TX,ASW,CE,Combined TRACON& Tower with Radar,27,16,14,2,59,0,8,28,1,37,27,24,42,3,96,36,0,36,132
05/29/2022,LBB,TX,ASW,CE,Combined TRACON& Tower with Radar,27,10,16,0,53,0,4,12,1,17,27,14,28,1,70,0,0,0,70
05/30/2022,LBB,TX,ASW,CE,Combined TRACON& Tower with Radar,30,11,47,0,88,0,13,56,0,69,30,24,103,0,157,104,0,104,261
05/31/2022,LBB,TX,ASW,CE,Combined TRACON& Tower with Radar,32,24,48,8,112,0,11,54,1,66,32,35,102,9,178,146,4,150,328
06/01/2022,LBB,TX,ASW,CE,Combined TRACON& Tower with Radar,38,33,39,0,110,0,7,7,1,15,38,40,46,1,125,40,0,40,165
06/02/2022,LBB,TX,ASW,CE,Combined TRACON& Tower with Radar,44,35,53,15,147,0,2,25,0,27,44,37,78,15,174,98,0,98,272
06/03/2022,LBB,TX,ASW,CE,Combined TRACON& Tower with Radar,41,24,42,21,128,0,3,46,1,50,41,27,88,22,178,84,22,106,284
06/04/2022,LBB,TX,ASW,CE,Combined TRACON& Tower with Radar,28,20,31,2,81,0,14,79,2,95,28,34,110,4,176,174,0,174,350
06/05/2022,LBB,TX,ASW,CE,Combined TRACON& Tower with Radar,37,16,51,9,113,0,26,59,2,87,37,42,110,11,200,54,8,62,262
06/06/2022,LBB,TX,ASW,CE,Combined TRACON& Tower with Radar,37,26,40,37,140,0,14,49,6,69,37,40,89,43,209,162,44,206,415
06/07/2022,LBB,TX,ASW,CE,Combined TRACON& Tower with Radar,45,35,61,10,151,0,20,54,3,77,45,55,115,13,228,98,6,104,332
06/08/2022,LBB,TX,ASW,CE,Combined TRACON& Tower with Radar,46,41,52,0,139,0,8,30,1,39,46,49,82,1,178,62,0,62,240
06/09/2022,LBB,TX,ASW,CE,Combined TRACON& Tower with Radar,43,43,48,1,135,0,9,45,4,58,43,52,93,5,193,108,0,108,301
06/10/2022,LBB,TX,ASW,CE,Combined TRACON& Tower with Radar,44,35,36,6,121,0,19,41,0,60,44,54,77,6,181,108,0,108,289
06/11/2022,LBB,TX,ASW,CE,Combined TRACON& Tower with Radar,28,27,22,4,81,0,30,31,0,61,28,57,53,4,142,52,0,52,194
06/12/2022,LBB,TX,ASW,CE,Combined TRACON& Tower with Radar,37,22,27,0,86,0,15,25,0,40,37,37,52,0,126,52,0,52,178
06/13/2022,LBB,TX,ASW,CE,Combined TRACON& Tower with Radar,34,27,33,2,96,0,19,16,0,35,34,46,49,2,131,0,0,0,131
06/14/2022,LBB,TX,ASW,CE,Combined TRACON& Tower with Radar,43,54,62,24,183,0,14,54,2,70,43,68,116,26,253,86,6,92,345
06/15/2022,LBB,TX,ASW,CE,Combined TRACON& Tower with Radar,46,43,44,14,147,0,27,46,2,75,46,70,90,16,222,76,6,82,304
06/16/2022,LBB,TX,ASW,CE,Combined TRACON& Tower with Radar,45,36,35,4,120,0,13,55,3,71,45,49,90,7,191,24,0,24,215
06/17/2022,LBB,TX,ASW,CE,Combined TRACON& Tower with Radar,45,30,45,6,126,0,30,55,4,89,45,60,100,10,215,44,2,46,261
06/18/2022,LBB,TX,ASW,CE,Combined TRACON& Tower with Radar,28,23,35,2,88,0,12,39,0,51,28,35,74,2,139,72,0,72,211
06/19/2022,LBB,TX,ASW,CE,Combined TRACON& Tower with Radar,34,20,41,2,97,0,11,60,1,72,34,31,101,3,169,0,0,0,169
06/20/2022,LBB,TX,ASW,CE,Combined TRACON& Tower with Radar,36,21,41,13,111,0,18,72,0,90,36,39,113,13,201,0,0,0,201
06/21/2022,LBB,TX,ASW,CE,Combined TRACON& Tower with Radar,42,39,56,13,150,0,18,68,0,86,42,57,124,13,236,96,4,100,336
06/22/2022,LBB,TX,ASW,CE,Combined TRACON& Tower with Radar,45,36,62,17,160,0,11,60,6,77,45,47,122,23,237,102,18,120,357
06/23/2022,LBB,TX,ASW,CE,Combined TRACON& Tower with Radar,43,26,48,6,123,0,10,60,0,70,43,36,108,6,193,112,0,112,305
06/24/2022,LBB,TX,ASW,CE,Combined TRACON& Tower with Radar,48,37,84,18,187,0,14,70,0,84,48,51,154,18,271,40,6,46,317
06/25/2022,LBB,TX,ASW,CE,Combined TRACON& Tower with Radar,26,30,37,28,121,0,11,64,2,77,26,41,101,30,198,74,12,86,284
06/26/2022,LBB,TX,ASW,CE,Combined TRACON& Tower with Radar,36,24,46,12,118,0,12,13,6,31,36,36,59,18,149,0,0,0,149
06/27/2022,LBB,TX,ASW,CE,Combined TRACON& Tower with Radar,33,24,42,14,113,0,11,52,9,72,33,35,94,23,185,92,32,124,309
06/28/2022,LBB,TX,ASW,CE,Combined TRACON& Tower with Radar,47,30,59,15,151,0,7,31,1,39,47,37,90,16,190,126,0,126,316
06/29/2022,LBB,TX,ASW,CE,Combined TRACON& Tower with Radar,45,40,41,16,142,0,18,58,2,78,45,58,99,18,220,58,0,58,278
06/30/2022,LBB,TX,ASW,CE,Combined TRACON& Tower with Radar,44,35,57,8,144,0,23,65,0,88,44,58,122,8,232,102,0,102,334
07/01/2022,LBB,TX,ASW,CE,Combined TRACON& Tower with Radar,44,36,55,14,149,0,25,57,0,82,44,61,112,14,231,78,0,78,309
07/02/2022,LBB,TX,ASW,CE,Combined TRACON& Tower with Radar,29,30,38,9,106,0,23,62,0,85,29,53,100,9,191,50,0,50,241
07/03/2022,LBB,TX,ASW,CE,Combined TRACON& Tower with Radar,29,16,18,0,63,0,21,45,0,66,29,37,63,0,129,82,0,82,211
07/04/2022,LBB,TX,ASW,CE,Combined TRACON& Tower with Radar,32,19,26,0,77,0,15,46,0,61,32,34,72,0,138,50,0,50,188
07/05/2022,LBB,TX,ASW,CE,Combined TRACON& Tower with Radar,32,45,41,3,121,0,10,35,1,46,32,55,76,4,167,2,0,2,169
07/06/2022,LBB,TX,ASW,CE,Combined TRACON& Tower with Radar,42,43,53,0,138,0,10,48,2,60,42,53,101,2,198,86,0,86,284
07/07/2022,LBB,TX,ASW,CE,Combined TRACON& Tower with Radar,45,29,40,13,127,0,15,49,2,66,45,44,89,15,193,54,20,74,267
07/08/2022,LBB,TX,ASW,CE,Combined TRACON& Tower with Radar,40,37,36,1,114,0,13,48,2,63,40,50,84,3,177,100,6,106,283
07/09/2022,LBB,TX,ASW,CE,Combined TRACON& Tower with Radar,28,23,23,12,86,0,11,60,1,72,28,34,83,13,158,138,0,138,296
07/10/2022,LBB,TX,ASW,CE,Combined TRACON& Tower with Radar,30,17,35,7,89,0,18,49,1,68,30,35,84,8,157,14,0,14,171
07/11/2022,LBB,TX,ASW,CE,Combined TRACON& Tower with Radar,36,27,54,6,123,0,23,50,0,73,36,50,104,6,196,90,0,90,286
07/12/2022,LBB,TX,ASW,CE,Combined TRACON& Tower with Radar,41,38,48,6,133,0,22,45,0,67,41,60,93,6,200,26,0,26,226
07/13/2022,LBB,TX,ASW,CE,Combined TRACON& Tower with Radar,42,48,64,33,187,0,22,68,0,90,42,70,132,33,277,82,26,108,385
07/14/2022,LBB,TX,ASW,CE,Combined TRACON& Tower with Radar,44,36,71,36,187,0,17,80,0,97,44,53,151,36,284,114,0,114,398
07/15/2022,LBB,TX,ASW,CE,Combined TRACON& Tower with Radar,44,36,45,46,171,0,28,103,2,133,44,64,148,48,304,130,24,154,458
07/16/2022,LBB,TX,ASW,CE,Combined TRACON& Tower with Radar,25,24,41,3,93,0,32,74,0,106,25,56,115,3,199,68,0,68,267
07/17/2022,LBB,TX,ASW,CE,Combined TRACON& Tower with Radar,35,20,38,2,95,0,20,44,0,64,35,40,82,2,159,130,0,130,289
07/18/2022,LBB,TX,ASW,CE,Combined TRACON& Tower with Radar,36,23,37,10,106,0,32,45,3,80,36,55,82,13,186,150,4,154,340
07/19/2022,LBB,TX,ASW,CE,Combined TRACON& Tower with Radar,42,36,47,11,136,0,25,32,1,58,42,61,79,12,194,10,16,26,220
07/20/2022,LBB,TX,ASW,CE,Combined TRACON& Tower with Radar,44,33,50,18,145,0,11,38,10,59,44,44,88,28,204,96,0,96,300
07/21/2022,LBB,TX,ASW,CE,Combined TRACON& Tower with Radar,44,35,51,6,136,0,10,36,3,49,44,45,87,9,185,84,10,94,279
07/22/2022,LBB,TX,ASW,CE,Combined TRACON& Tower with Radar,44,38,44,13,139,0,11,35,3,49,44,49,79,16,188,40,0,40,228
07/23/2022,LBB,TX,ASW,CE,Combined TRACON& Tower with Radar,25,26,31,1,83,0,20,59,1,80,25,46,90,2,163,60,0,60,223
07/24/2022,LBB,TX,ASW,CE,Combined TRACON& Tower with Radar,34,21,45,2,102,0,19,58,0,77,34,40,103,2,179,64,0,64,243
07/25/2022,LBB,TX,ASW,CE,Combined TRACON& Tower with Radar,32,26,33,39,130,0,20,53,1,74,32,46,86,40,204,82,0,82,286
07/26/2022,LBB,TX,ASW,CE,Combined TRACON& Tower with Radar,39,37,27,8,111,0,14,31,0,45,39,51,58,8,156,88,0,88,244
07/27/2022,LBB,TX,ASW,CE,Combined TRACON& Tower with Radar,42,37,44,24,147,0,21,34,4,59,42,58,78,28,206,88,22,110,316
07/28/2022,LBB,TX,ASW,CE,Combined TRACON& Tower with Radar,43,39,40,3,125,0,15,42,1,58,43,54,82,4,183,22,0,22,205
07/29/2022,LBB,TX,ASW,CE,Combined TRACON& Tower with Radar,44,40,27,45,156,0,19,44,1,64,44,59,71,46,220,74,60,134,354
07/30/2022,LBB,TX,ASW,CE,Combined TRACON& Tower with Radar,30,25,26,7,88,0,6,44,4,54,30,31,70,11,142,60,22,82,224
07/31/2022,LBB,TX,ASW,CE,Combined TRACON& Tower with Radar,34,16,37,12,99,0,19,23,0,42,34,35,60,12,141,34,0,34,175
08/01/2022,LBB,TX,ASW,CE,Combined TRACON& Tower with Radar,34,18,29,16,97,0,23,34,0,57,34,41,63,16,154,40,4,44,198
08/02/2022,LBB,TX,ASW,CE,Combined TRACON& Tower with Radar,41,38,19,14,112,0,15,59,0,74,41,53,78,14,186,88,8,96,282
08/03/2022,LBB,TX,ASW,CE,Combined TRACON& Tower with Radar,42,34,18,8,102,0,28,42,0,70,42,62,60,8,172,33,18,51,223
08/04/2022,LBB,TX,ASW,CE,Combined TRACON& Tower with Radar,40,40,37,21,138,0,12,27,0,39,40,52,64,21,177,28,28,56,233
08/05/2022,LBB,TX,ASW,CE,Combined TRACON& Tower with Radar,46,40,59,42,187,0,16,53,4,73,46,56,112,46,260,56,40,96,356
08/06/2022,LBB,TX,ASW,CE,Combined TRACON& Tower with Radar,27,24,30,9,90,0,24,55,2,81,27,48,85,11,171,30,16,46,217
08/07/2022,LBB,TX,ASW,CE,Combined TRACON& Tower with Radar,33,23,34,10,100,0,16,32,0,48,33,39,66,10,148,28,0,28,176
08/08/2022,LBB,TX,ASW,CE,Combined TRACON& Tower with Radar,37,27,39,19,122,0,13,34,1,48,37,40,73,20,170,44,16,60,230
08/09/2022,LBB,TX,ASW,CE,Combined TRACON& Tower with Radar,34,40,41,0,115,0,4,31,0,35,34,44,72,0,150,6,0,6,156
08/10/2022,LBB,TX,ASW,CE,Combined TRACON& Tower with Radar,43,38,43,2,126,0,9,31,0,40,43,47,74,2,166,58,0,58,224
08/11/2022,LBB,TX,ASW,CE,Combined TRACON& Tower with Radar,45,43,67,36,191,0,23,58,1,82,45,66,125,37,273,28,36,64,337
08/12/2022,LBB,TX,ASW,CE,Combined TRACON& Tower with Radar,43,33,49,6,131,0,22,65,0,87,43,55,114,6,218,26,0,26,244
08/13/2022,LBB,TX,ASW,CE,Combined TRACON& Tower with Radar,29,28,30,0,87,0,21,61,0,82,29,49,91,0,169,88,0,88,257
08/14/2022,LBB,TX,ASW,CE,Combined TRACON& Tower with Radar,33,17,36,6,92,0,14,42,2,58,33,31,78,8,150,58,2,60,210
08/15/2022,LBB,TX,ASW,CE,Combined TRACON& Tower with Radar,37,21,46,19,123,0,16,40,0,56,37,37,86,19,179,44,10,54,233
08/16/2022,LBB,TX,ASW,CE,Combined TRACON& Tower with Radar,41,25,35,41,142,0,29,56,0,85,41,54,91,41,227,74,48,122,349
08/17/2022,LBB,TX,ASW,CE,Combined TRACON& Tower with Radar,42,34,59,23,158,0,14,35,1,50,42,48,94,24,208,52,28,80,288
08/18/2022,LBB,TX,ASW,CE,Combined TRACON& Tower with Radar,43,34,47,19,143,0,9,18,1,28,43,43,65,20,171,0,0,0,171
08/19/2022,LBB,TX,ASW,CE,Combined TRACON& Tower with Radar,44,42,63,56,205,0,12,54,3,69,44,54,117,59,274,86,30,116,390
08/20/2022,LBB,TX,ASW,CE,Combined TRACON& Tower with Radar,29,27,46,0,102,0,3,19,0,22,29,30,65,0,124,8,0,8,132
08/21/2022,LBB,TX,ASW,CE,Combined TRACON& Tower with Radar,30,27,48,4,109,0,0,3,0,3,30,27,51,4,112,4,0,4,116
08/22/2022,LBB,TX,ASW,CE,Combined TRACON& Tower with Radar,39,39,40,16,134,0,9,9,0,18,39,48,49,16,152,36,0,36,188
08/23/2022,LBB,TX,ASW,CE,Combined TRACON& Tower with Radar,44,41,57,22,164,0,12,57,0,69,44,53,114,22,233,34,0,34,267
08/24/2022,LBB,TX,ASW,CE,Combined TRACON& Tower with Radar,45,36,51,27,159,0,17,39,3,59,45,53,90,30,218,58,70,128,346
08/25/2022,LBB,TX,ASW,CE,Combined TRACON& Tower with Radar,43,37,62,15,157,0,18,75,3,96,43,55,137,18,253,50,0,50,303
08/26/2022,LBB,TX,ASW,CE,Combined TRACON& Tower with Radar,46,51,39,33,169,0,27,58,10,95,46,78,97,43,264,94,42,136,400
08/27/2022,LBB,TX,ASW,CE,Combined TRACON& Tower with Radar,30,21,35,10,96,0,17,53,1,71,30,38,88,11,167,88,0,88,255
08/28/2022,LBB,TX,ASW,CE,Combined TRACON& Tower with Radar,32,14,31,45,122,0,20,25,3,48,32,34,56,48,170,40,16,56,226
08/29/2022,LBB,TX,ASW,CE,Combined TRACON& Tower with Radar,35,17,32,4,88,0,8,46,0,54,35,25,78,4,142,0,0,0,142
08/30/2022,LBB,TX,ASW,CE,Combined TRACON& Tower with Radar,44,44,51,2,141,0,4,32,0,36,44,48,83,2,177,32,0,32,209
08/31/2022,LBB,TX,ASW,CE,Combined TRACON& Tower with Radar,46,43,52,4,145,0,2,15,1,18,46,45,67,5,163,0,0,0,163
09/01/2022,LBB,TX,ASW,CE,Combined TRACON& Tower with Radar,43,53,43,18,157,0,18,27,2,47,43,71,70,20,204,26,18,44,248
09/02/2022,LBB,TX,ASW,CE,Combined TRACON& Tower with Radar,50,38,60,0,148,0,15,48,2,65,50,53,108,2,213,10,0,10,223
09/03/2022,LBB,TX,ASW,CE,Combined TRACON& Tower with Radar,29,26,41,0,96,0,20,39,2,61,29,46,80,2,157,34,0,34,191
09/04/2022,LBB,TX,ASW,CE,Combined TRACON& Tower with Radar,28,17,25,0,70,0,26,43,3,72,28,43,68,3,142,24,0,24,166
09/05/2022,LBB,TX,ASW,CE,Combined TRACON& Tower with Radar,32,22,40,2,96,0,32,59,0,91,32,54,99,2,187,60,0,60,247
09/06/2022,LBB,TX,ASW,CE,Combined TRACON& Tower with Radar,36,25,42,7,110,0,19,77,0,96,36,44,119,7,206,50,0,50,256
09/07/2022,LBB,TX,ASW,CE,Combined TRACON& Tower with Radar,44,43,47,10,144,0,29,51,0,80,44,72,98,10,224,92,10,102,326
09/08/2022,LBB,TX,ASW,CE,Combined TRACON& Tower with Radar,41,31,48,28,148,0,28,58,0,86,41,59,106,28,234,42,32,74,308
09/09/2022,LBB,TX,ASW,CE,Combined TRACON& Tower with Radar,47,35,55,18,155,0,29,57,5,91,47,64,112,23,246,40,0,40,286
09/10/2022,LBB,TX,ASW,CE,Combined TRACON& Tower with Radar,35,32,73,0,140,0,26,62,6,94,35,58,135,6,234,30,0,30,264
09/11/2022,LBB,TX,ASW,CE,Combined TRACON& Tower with Radar,37,23,46,0,106,0,18,27,2,47,37,41,73,2,153,0,0,0,153
09/12/2022,LBB,TX,ASW,CE,Combined TRACON& Tower with Radar,36,18,44,8,106,0,18,40,2,60,36,36,84,10,166,34,8,42,208
09/13/2022,LBB,TX,ASW,CE,Combined TRACON& Tower with Radar,44,31,45,29,149,0,22,36,0,58,44,53,81,29,207,82,16,98,305
09/14/2022,LBB,TX,ASW,CE,Combined TRACON& Tower with Radar,39,32,49,5,125,0,16,41,1,58,39,48,90,6,183,44,0,44,227
09/15/2022,LBB,TX,ASW,CE,Combined TRACON& Tower with Radar,45,39,44,12,140,0,19,56,0,75,45,58,100,12,215,88,26,114,329
09/16/2022,LBB,TX,ASW,CE,Combined TRACON& Tower with Radar,47,35,50,17,149,0,31,67,9,107,47,66,117,26,256,72,0,72,328
09/17/2022,LBB,TX,ASW,CE,Combined TRACON& Tower with Radar,32,33,23,4,92,0,27,97,0,124,32,60,120,4,216,88,0,88,304
09/18/2022,LBB,TX,ASW,CE,Combined TRACON& Tower with Radar,40,18,41,6,105,0,23,42,0,65,40,41,83,6,170,68,0,68,238
09/19/2022,LBB,TX,ASW,CE,Combined TRACON& Tower with Radar,35,23,47,21,126,0,23,52,1,76,35,46,99,22,202,0,0,0,202
09/20/2022,LBB,TX,ASW,CE,Combined TRACON& Tower with Radar,43,32,55,9,139,0,31,54,1,86,43,63,109,10,225,66,0,66,291
09/21/2022,LBB,TX,ASW,CE,Combined TRACON& Tower with Radar,42,30,77,8,157,0,21,69,0,90,42,51,146,8,247,76,4,80,327
09/22/2022,LBB,TX,ASW,CE,Combined TRACON& Tower with Radar,44,37,54,24,159,0,22,86,5,113,44,59,140,29,272,124,28,152,424
09/23/2022,LBB,TX,ASW,CE,Combined TRACON& Tower with Radar,44,44,68,46,202,0,21,68,17,106,44,65,136,63,308,130,0,130,438
09/24/2022,LBB,TX,ASW,CE,Combined TRACON& Tower with Radar,37,50,89,4,180,0,22,58,2,82,37,72,147,6,262,12,0,12,274
09/25/2022,LBB,TX,ASW,CE,Combined TRACON& Tower with Radar,38,17,57,8,120,0,21,53,0,74,38,38,110,8,194,18,0,18,212
09/26/2022,LBB,TX,ASW,CE,Combined TRACON& Tower with Radar,37,18,38,9,102,0,16,48,3,67,37,34,86,12,169,112,6,118,287
09/27/2022,LBB,TX,ASW,CE,Combined TRACON& Tower with Radar,41,40,55,7,143,0,27,78,2,107,41,67,133,9,250,136,10,146,396
09/28/2022,LBB,TX,ASW,CE,Combined TRACON& Tower with Radar,43,33,53,29,158,0,14,67,1,82,43,47,120,30,240,136,8,144,384
09/29/2022,LBB,TX,ASW,CE,Combined TRACON& Tower with Radar,44,30,59,23,156,0,23,61,0,84,44,53,120,23,240,133,16,149,389
09/30/2022,LBB,TX,ASW,CE,Combined TRACON& Tower with Radar,47,31,64,14,156,0,17,69,1,87,47,48,133,15,243,108,10,118,361
10/01/2022,LBB,TX,ASW,CE,Combined TRACON& Tower with Radar,32,36,39,6,113,0,24,73,0,97,32,60,112,6,210,52,0,52,262
10/02/2022,LBB,TX,ASW,CE,Combined TRACON& Tower with Radar,39,17,55,0,111,0,24,58,0,82,39,41,113,0,193,20,0,20,213
10/03/2022,LBB,TX,ASW,CE,Combined TRACON& Tower with Radar,35,23,43,19,120,0,23,53,7,83,35,46,96,26,203,98,0,98,301
10/04/2022,LBB,TX,ASW,CE,Combined TRACON& Tower with Radar,43,29,38,25,135,0,20,36,0,56,43,49,74,25,191,52,0,52,243
10/05/2022,LBB,TX,ASW,CE,Combined TRACON& Tower with Radar,38,36,41,11,126,0,7,22,0,29,38,43,63,11,155,66,0,66,221
10/06/2022,LBB,TX,ASW,CE,Combined TRACON& Tower with Radar,41,40,48,25,154,0,14,42,2,58,41,54,90,27,212,106,36,142,354
10/07/2022,LBB,TX,ASW,CE,Combined TRACON& Tower with Radar,44,36,53,1,134,0,16,32,0,48,44,52,85,1,182,28,0,28,210
10/08/2022,LBB,TX,ASW,CE,Combined TRACON& Tower with Radar,36,34,49,0,119,0,2,6,0,8,36,36,55,0,127,0,0,0,127
10/09/2022,LBB,TX,ASW,CE,Combined TRACON& Tower with Radar,34,25,62,0,121,0,8,14,2,24,34,33,76,2,145,0,0,0,145
10/10/2022,LBB,TX,ASW,CE,Combined TRACON& Tower with Radar,31,25,44,2,102,0,10,7,0,17,31,35,51,2,119,0,0,0,119
10/11/2022,LBB,TX,ASW,CE,Combined TRACON& Tower with Radar,40,32,58,5,135,0,16,55,2,73,40,48,113,7,208,72,16,88,296
10/12/2022,LBB,TX,ASW,CE,Combined TRACON& Tower with Radar,39,39,45,23,146,0,18,69,2,89,39,57,114,25,235,124,16,140,375
10/13/2022,LBB,TX,ASW,CE,Combined TRACON& Tower with Radar,40,39,58,16,153,0,16,85,1,102,40,55,143,17,255,64,10,74,329
10/14/2022,LBB,TX,ASW,CE,Combined TRACON& Tower with Radar,43,38,66,55,202,0,23,65,1,89,43,61,131,56,291,48,0,48,339
10/15/2022,LBB,TX,ASW,CE,Combined TRACON& Tower with Radar,28,24,38,0,90,0,19,51,0,70,28,43,89,0,160,36,0,36,196
10/16/2022,LBB,TX,ASW,CE,Combined TRACON& Tower with Radar,36,18,27,0,81,0,2,2,0,4,36,20,29,0,85,0,0,0,85
10/17/2022,LBB,TX,ASW,CE,Combined TRACON& Tower with Radar,32,20,37,0,89,0,20,35,1,56,32,40,72,1,145,0,0,0,145
10/18/2022,LBB,TX,ASW,CE,Combined TRACON& Tower with Radar,40,36,82,8,166,0,14,28,1,43,40,50,110,9,209,22,16,38,247
10/19/2022,LBB,TX,ASW,CE,Combined TRACON& Tower with Radar,39,44,71,30,184,0,19,57,5,81,39,63,128,35,265,60,44,104,369
10/20/2022,LBB,TX,ASW,CE,Combined TRACON& Tower with Radar,44,34,50,11,139,0,19,70,6,95,44,53,120,17,234,56,18,74,308
10/21/2022,LBB,TX,ASW,CE,Combined TRACON& Tower with Radar,44,37,52,1,134,0,20,70,1,91,44,57,122,2,225,66,0,66,291
10/22/2022,LBB,TX,ASW,CE,Combined TRACON& Tower with Radar,33,19,38,1,91,0,39,35,1,75,33,58,73,2,166,20,0,20,186
10/23/2022,LBB,TX,ASW,CE,Combined TRACON& Tower with Radar,35,21,41,0,97,0,14,25,1,40,35,35,66,1,137,0,0,0,137
10/24/2022,LBB,TX,ASW,CE,Combined TRACON& Tower with Radar,28,23,29,11,91,0,4,13,1,18,28,27,42,12,109,0,0,0,109
10/25/2022,LBB,TX,ASW,CE,Combined TRACON& Tower with Radar,40,39,39,48,166,0,31,78,3,112,40,70,117,51,278,98,18,116,394
10/26/2022,LBB,TX,ASW,CE,Combined TRACON& Tower with Radar,42,36,46,19,143,0,20,44,6,70,42,56,90,25,213,30,0,30,243
10/27/2022,LBB,TX,ASW,CE,Combined TRACON& Tower with Radar,41,36,76,15,168,0,10,54,15,79,41,46,130,30,247,72,14,86,333
10/28/2022,LBB,TX,ASW,CE,Combined TRACON& Tower with Radar,40,40,73,52,205,0,2,2,0,4,40,42,75,52,209,0,0,0,209
10/29/2022,LBB,TX,ASW,CE,Combined TRACON& Tower with Radar,29,49,81,14,173,0,14,77,6,97,29,63,158,20,270,46,0,46,316
10/30/2022,LBB,TX,ASW,CE,Combined TRACON& Tower with Radar,36,25,55,2,118,0,26,47,1,74,36,51,102,3,192,0,0,0,192
10/31/2022,LBB,TX,ASW,CE,Combined TRACON& Tower with Radar,29,24,39,19,111,0,22,79,10,111,29,46,118,29,222,46,18,64,286
11/01/2022,LBB,TX,ASW,CE,Combined TRACON& Tower with Radar,41,36,62,30,169,0,11,60,2,73,41,47,122,32,242,10,0,10,252
11/02/2022,LBB,TX,ASW,CE,Combined TRACON& Tower with Radar,39,33,60,25,157,0,19,32,5,56,39,52,92,30,213,64,24,88,301
11/03/2022,LBB,TX,ASW,CE,Combined TRACON& Tower with Radar,39,36,77,53,205,0,6,35,8,49,39,42,112,61,254,40,0,40,294
11/04/2022,LBB,TX,ASW,CE,Combined TRACON& Tower with Radar,41,38,39,93,211,0,7,21,3,31,41,45,60,96,242,48,10,58,300
11/05/2022,LBB,TX,ASW,CE,Combined TRACON& Tower with Radar,34,24,27,11,96,0,24,47,4,75,34,48,74,15,171,14,0,14,185
11/06/2022,LBB,TX,ASW,CE,Combined TRACON& Tower with Radar,33,15,28,5,81,0,51,59,0,110,33,66,87,5,191,108,0,108,299
11/07/2022,LBB,TX,ASW,CE,Combined TRACON& Tower with Radar,31,24,51,38,144,0,16,32,3,51,31,40,83,41,195,74,38,112,307
11/08/2022,LBB,TX,ASW,CE,Combined TRACON& Tower with Radar,38,39,50,23,150,0,8,14,0,22,38,47,64,23,172,6,4,10,182
11/09/2022,LBB,TX,ASW,CE,Combined TRACON& Tower with Radar,41,39,47,7,134,0,10,11,0,21,41,49,58,7,155,16,0,16,171
11/10/2022,LBB,TX,ASW,CE,Combined TRACON& Tower with Radar,40,43,42,34,159,0,12,58,11,81,40,55,100,45,240,86,28,114,354
11/11/2022,LBB,TX,ASW,CE,Combined TRACON& Tower with Radar,42,55,56,9,162,0,17,39,5,61,42,72,95,14,223,18,0,18,241
11/12/2022,LBB,TX,ASW,CE,Combined TRACON& Tower with Radar,28,39,48,10,125,0,15,70,4,89,28,54,118,14,214,106,0,106,320
11/13/2022,LBB,TX,ASW,CE,Combined TRACON& Tower with Radar,34,24,47,6,111,0,13,52,0,65,34,37,99,6,176,16,0,16,192
11/14/2022,LBB,TX,ASW,CE,Combined TRACON& Tower with Radar,32,24,36,2,94,0,9,30,0,39,32,33,66,2,133,0,0,0,133
11/15/2022,LBB,TX,ASW,CE,Combined TRACON& Tower with Radar,39,39,45,23,146,0,27,62,10,99,39,66,107,33,245,44,22,66,311
11/16/2022,LBB,TX,ASW,CE,Combined TRACON& Tower with Radar,39,38,56,12,145,0,22,69,1,92,39,60,125,13,237,36,14,50,287
11/17/2022,LBB,TX,ASW,CE,Combined TRACON& Tower with Radar,36,44,55,3,138,0,20,85,1,106,36,64,140,4,244,116,8,124,368
11/18/2022,LBB,TX,ASW,CE,Combined TRACON& Tower with Radar,43,40,51,3,137,0,12,28,1,41,43,52,79,4,178,96,0,96,274
11/19/2022,LBB,TX,ASW,CE,Combined TRACON& Tower with Radar,28,26,34,1,89,0,9,45,0,54,28,35,79,1,143,50,0,50,193
11/20/2022,LBB,TX,ASW,CE,Combined TRACON& Tower with Radar,35,24,42,72,173,0,23,35,4,62,35,47,77,76,235,44,0,44,279
11/21/2022,LBB,TX,ASW,CE,Combined TRACON& Tower with Radar,36,28,40,50,154,0,15,41,5,61,36,43,81,55,215,38,42,80,295
11/22/2022,LBB,TX,ASW,CE,Combined TRACON& Tower with Radar,35,35,50,71,191,0,19,69,3,91,35,54,119,74,282,84,20,104,386
11/23/2022,LBB,TX,ASW,CE,Combined TRACON& Tower with Radar,42,23,54,0,119,0,6,14,0,20,42,29,68,0,139,4,0,4,143
11/24/2022,LBB,TX,ASW,CE,Combined TRACON& Tower with Radar,33,8,8,0,49,0,2,1,0,3,33,10,9,0,52,0,0,0,52
11/25/2022,LBB,TX,ASW,CE,Combined TRACON& Tower with Radar,41,35,21,0,97,0,0,1,0,1,41,35,22,0,98,0,0,0,98
11/26/2022,LBB,TX,ASW,CE,Combined TRACON& Tower with Radar,29,37,52,2,120,0,4,6,0,10,29,41,58,2,130,12,0,12,142
11/27/2022,LBB,TX,ASW,CE,Combined TRACON& Tower with Radar,36,34,52,0,122,0,14,54,1,69,36,48,106,1,191,52,0,52,243
11/28/2022,LBB,TX,ASW,CE,Combined TRACON& Tower with Radar,31,29,50,23,133,0,22,62,5,89,31,51,112,28,222,62,14,76,298
11/29/2022,LBB,TX,ASW,CE,Combined TRACON& Tower with Radar,43,34,44,33,154,0,13,38,7,58,43,47,82,40,212,48,50,98,310
11/30/2022,LBB,TX,ASW,CE,Combined TRACON& Tower with Radar,42,45,48,16,151,0,26,67,2,95,42,71,115,18,246,56,30,86,332
12/01/2022,LBB,TX,ASW,CE,Combined TRACON& Tower with Radar,40,46,53,14,153,0,11,58,2,71,40,57,111,16,224,90,0,90,314
12/02/2022,LBB,TX,ASW,CE,Combined TRACON& Tower with Radar,39,40,37,102,218,0,17,44,20,81,39,57,81,122,299,28,0,28,327
12/03/2022,LBB,TX,ASW,CE,Combined TRACON& Tower with Radar,27,26,32,8,93,0,18,41,0,59,27,44,73,8,152,62,8,70,222
12/04/2022,LBB,TX,ASW,CE,Combined TRACON& Tower with Radar,32,21,37,14,104,0,24,31,1,56,32,45,68,15,160,0,0,0,160
12/05/2022,LBB,TX,ASW,CE,Combined TRACON& Tower with Radar,36,28,40,43,147,0,20,29,7,56,36,48,69,50,203,48,34,82,285
12/06/2022,LBB,TX,ASW,CE,Combined TRACON& Tower with Radar,38,33,43,23,137,0,8,36,10,54,38,41,79,33,191,76,26,102,293
12/07/2022,LBB,TX,ASW,CE,Combined TRACON& Tower with Radar,38,39,80,16,173,0,2,14,0,16,38,41,94,16,189,84,0,84,273
12/08/2022,LBB,TX,ASW,CE,Combined TRACON& Tower with Radar,44,37,40,46,167,0,11,38,5,54,44,48,78,51,221,98,32,130,351
12/09/2022,LBB,TX,ASW,CE,Combined TRACON& Tower with Radar,43,30,52,5,130,0,1,14,1,16,43,31,66,6,146,48,0,48,194
12/10/2022,LBB,TX,ASW,CE,Combined TRACON& Tower with Radar,28,28,32,1,89,0,5,25,0,30,28,33,57,1,119,78,0,78,197
12/11/2022,LBB,TX,ASW,CE,Combined TRACON& Tower with Radar,29,18,31,8,86,0,2,9,0,11,29,20,40,8,97,84,0,84,181
12/12/2022,LBB,TX,ASW,CE,Combined TRACON& Tower with Radar,34,27,38,3,102,0,7,7,0,14,34,34,45,3,116,32,0,32,148
12/13/2022,LBB,TX,ASW,CE,Combined TRACON& Tower with Radar,33,41,32,109,215,0,22,25,11,58,33,63,57,120,273,12,70,82,355
12/14/2022,LBB,TX,ASW,CE,Combined TRACON& Tower with Radar,41,47,69,28,185,0,20,69,6,95,41,67,138,34,280,68,10,78,358
12/15/2022,LBB,TX,ASW,CE,Combined TRACON& Tower with Radar,41,51,68,14,174,0,19,51,8,78,41,70,119,22,252,124,14,138,390
12/16/2022,LBB,TX,ASW,CE,Combined TRACON& Tower with Radar,40,43,43,18,144,0,19,60,9,88,40,62,103,27,232,144,53,197,429
12/17/2022,LBB,TX,ASW,CE,Combined TRACON& Tower with Radar,38,25,37,31,131,0,20,64,0,84,38,45,101,31,215,128,0,128,343
12/18/2022,LBB,TX,ASW,CE,Combined TRACON& Tower with Radar,32,24,36,2,94,0,31,50,0,81,32,55,86,2,175,150,0,150,325
12/19/2022,LBB,TX,ASW,CE,Combined TRACON& Tower with Radar,37,36,42,60,175,0,13,51,5,69,37,49,93,65,244,84,94,178,422
12/20/2022,LBB,TX,ASW,CE,Combined TRACON& Tower with Radar,36,39,42,115,232,0,7,46,6,59,36,46,88,121,291,54,58,112,403
12/21/2022,LBB,TX,ASW,CE,Combined TRACON& Tower with Radar,43,38,40,2,123,0,12,17,2,31,43,50,57,4,154,0,0,0,154
12/22/2022,LBB,TX,ASW,CE,Combined TRACON& Tower with Radar,36,35,24,2,97,0,9,6,3,18,36,44,30,5,115,2,0,2,117
12/23/2022,LBB,TX,ASW,CE,Combined TRACON& Tower with Radar,35,36,23,0,94,0,9,20,0,29,35,45,43,0,123,72,0,72,195
12/24/2022,LBB,TX,ASW,CE,Combined TRACON& Tower with Radar,26,26,20,0,72,0,12,28,0,40,26,38,48,0,112,12,0,12,124
12/25/2022,LBB,TX,ASW,CE,Combined TRACON& Tower with Radar,13,13,6,0,32,0,17,8,0,25,13,30,14,0,57,0,0,0,57
12/26/2022,LBB,TX,ASW,CE,Combined TRACON& Tower with Radar,16,21,47,1,85,0,18,33,1,52,16,39,80,2,137,70,0,70,207
12/27/2022,LBB,TX,ASW,CE,Combined TRACON& Tower with Radar,28,28,56,1,113,0,16,45,0,61,28,44,101,1,174,48,0,48,222
12/28/2022,LBB,TX,ASW,CE,Combined TRACON& Tower with Radar,32,39,32,2,105,0,11,18,0,29,32,50,50,2,134,2,0,2,136
12/29/2022,LBB,TX,ASW,CE,Combined TRACON& Tower with Radar,36,40,43,0,119,0,7,22,0,29,36,47,65,0,148,31,0,31,179
12/30/2022,LBB,TX,ASW,CE,Combined TRACON& Tower with Radar,41,40,24,1,106,0,10,48,0,58,41,50,72,1,164,88,0,88,252
12/31/2022,LBB,TX,ASW,CE,Combined TRACON& Tower with Radar,30,18,23,0,71,0,12,17,0,29,30,30,40,0,100,0,0,0,100
01/01/2023,LBB,TX,ASW,CE,Combined TRACON& Tower with Radar,29,15,31,2,77,0,12,24,2,38,29,27,55,4,115,24,0,24,139
01/02/2023,LBB,TX,ASW,CE,Combined TRACON& Tower with Radar,29,13,25,1,68,0,10,19,2,31,29,23,44,3,99,34,0,34,133
01/03/2023,LBB,TX,ASW,CE,Combined TRACON& Tower with Radar,39,27,45,0,111,0,7,36,0,43,39,34,81,0,154,40,0,40,194
01/04/2023,LBB,TX,ASW,CE,Combined TRACON& Tower with Radar,42,39,42,4,127,0,20,42,2,64,42,59,84,6,191,34,0,34,225
01/05/2023,LBB,TX,ASW,CE,Combined TRACON& Tower with Radar,41,40,36,21,138,0,17,62,0,79,41,57,98,21,217,84,24,108,325
01/06/2023,LBB,TX,ASW,CE,Combined TRACON& Tower with Radar,43,32,38,40,153,0,20,38,10,68,43,52,76,50,221,92,10,102,323
01/07/2023,LBB,TX,ASW,CE,Combined TRACON& Tower with Radar,32,30,20,9,91,0,16,37,7,60,32,46,57,16,151,90,16,106,257
01/08/2023,LBB,TX,ASW,CE,Combined TRACON& Tower with Radar,33,12,36,6,87,0,20,40,0,60,33,32,76,6,147,42,0,42,189
01/09/2023,LBB,TX,ASW,CE,Combined TRACON& Tower with Radar,36,16,37,33,122,0,15,44,11,70,36,31,81,44,192,132,6,138,330
01/10/2023,LBB,TX,ASW,CE,Combined TRACON& Tower with Radar,40,38,44,35,157,0,12,50,3,65,40,50,94,38,222,96,22,118,340
01/11/2023,LBB,TX,ASW,CE,Combined TRACON& Tower with Radar,40,23,38,8,109,0,7,24,3,34,40,30,62,11,143,6,0,6,149
01/12/2023,LBB,TX,ASW,CE,Combined TRACON& Tower with Radar,41,36,38,20,135,0,15,46,8,69,41,51,84,28,204,32,6,38,242
01/13/2023,LBB,TX,ASW,CE,Combined TRACON& Tower with Radar,46,30,57,46,179,0,12,73,4,89,46,42,130,50,268,100,6,106,374
01/14/2023,LBB,TX,ASW,CE,Combined TRACON& Tower with Radar,28,22,23,2,75,0,6,45,0,51,28,28,68,2,126,116,0,116,242
01/15/2023,LBB,TX,ASW,CE,Combined TRACON& Tower with Radar,30,28,22,0,80,0,9,16,0,25,30,37,38,0,105,30,0,30,135
01/16/2023,LBB,TX,ASW,CE,Combined TRACON& Tower with Radar,32,24,32,2,90,0,16,41,3,60,32,40,73,5,150,32,0,32,182
01/17/2023,LBB,TX,ASW,CE,Combined TRACON& Tower with Radar,44,35,41,41,161,0,20,51,8,79,44,55,92,49,240,84,24,108,348
01/18/2023,LBB,TX,ASW,CE,Combined TRACON& Tower with Radar,41,40,30,43,154,0,12,20,3,35,41,52,50,46,189,8,30,38,227
01/19/2023,LBB,TX,ASW,CE,Combined TRACON& Tower with Radar,43,31,58,25,157,0,9,68,5,82,43,40,126,30,239,70,20,90,329
01/20/2023,LBB,TX,ASW,CE,Combined TRACON& Tower with Radar,48,33,35,33,149,0,21,40,2,63,48,54,75,35,212,64,40,104,316
01/21/2023,LBB,TX,ASW,CE,Combined TRACON& Tower with Radar,31,24,20,6,81,0,16,21,1,38,31,40,41,7,119,0,0,0,119
01/22/2023,LBB,TX,ASW,CE,Combined TRACON& Tower with Radar,32,17,27,16,92,0,16,44,0,60,32,33,71,16,152,50,18,68,220
01/23/2023,LBB,TX,ASW,CE,Combined TRACON& Tower with Radar,36,19,28,4,87,0,4,9,0,13,36,23,37,4,100,10,6,16,116
01/24/2023,LBB,TX,ASW,CE,Combined TRACON& Tower with Radar,42,18,13,0,73,0,0,0,0,0,42,18,13,0,73,0,0,0,73
01/25/2023,LBB,TX,ASW,CE,Combined TRACON& Tower with Radar,39,27,35,64,165,0,7,34,5,46,39,34,69,69,211,56,46,102,313
01/26/2023,LBB,TX,ASW,CE,Combined TRACON& Tower with Radar,42,38,41,41,162,0,11,50,7,68,42,49,91,48,230,60,36,96,326
01/27/2023,LBB,TX,ASW,CE,Combined TRACON& Tower with Radar,46,31,34,47,158,0,25,44,6,75,46,56,78,53,233,56,26,82,315
01/28/2023,LBB,TX,ASW,CE,Combined TRACON& Tower with Radar,29,26,32,10,97,0,16,71,1,88,29,42,103,11,185,122,0,122,307
01/29/2023,LBB,TX,ASW,CE,Combined TRACON& Tower with Radar,31,18,49,0,98,0,7,11,0,18,31,25,60,0,116,4,0,4,120
01/30/2023,LBB,TX,ASW,CE,Combined TRACON& Tower with Radar,24,17,11,2,54,0,0,1,0,1,24,17,12,2,55,0,0,0,55
01/31/2023,LBB,TX,ASW,CE,Combined TRACON& Tower with Radar,17,23,18,0,58,0,2,3,0,5,17,25,21,0,63,32,0,32,95
02/01/2023,LBB,TX,ASW,CE,Combined TRACON& Tower with Radar,8,19,12,2,41,0,2,1,2,5,8,21,13,4,46,0,0,0,46
02/02/2023,LBB,TX,ASW,CE,Combined TRACON& Tower with Radar,28,21,39,9,97,0,24,31,5,60,28,45,70,14,157,70,18,88,245
02/03/2023,LBB,TX,ASW,CE,Combined TRACON& Tower with Radar,43,41,47,36,167,0,18,78,13,109,43,59,125,49,276,114,30,144,420
02/04/2023,LBB,TX,ASW,CE,Combined TRACON& Tower with Radar,37,21,29,14,101,0,10,54,2,66,37,31,83,16,167,110,6,116,283
02/05/2023,LBB,TX,ASW,CE,Combined TRACON& Tower with Radar,37,15,41,12,105,0,15,63,0,78,37,30,104,12,183,26,0,26,209
02/06/2023,LBB,TX,ASW,CE,Combined TRACON& Tower with Radar,39,21,34,23,117,0,19,23,7,49,39,40,57,30,166,40,26,66,232
02/07/2023,LBB,TX,ASW,CE,Combined TRACON& Tower with Radar,39,41,33,26,139,0,7,12,0,19,39,48,45,26,158,32,0,32,190
02/08/2023,LBB,TX,ASW,CE,Combined TRACON& Tower with Radar,43,39,39,64,185,0,10,52,4,66,43,49,91,68,251,122,32,154,405
02/09/2023,LBB,TX,ASW,CE,Combined TRACON& Tower with Radar,44,33,48,0,125,0,7,27,0,34,44,40,75,0,159,14,0,14,173
02/10/2023,LBB,TX,ASW,CE,Combined TRACON& Tower with Radar,51,25,41,44,161,0,9,50,7,66,51,34,91,51,227,62,44,106,333
02/11/2023,LBB,TX,ASW,CE,Combined TRACON& Tower with Radar,34,16,32,15,97,0,15,62,5,82,34,31,94,20,179,146,10,156,335
02/12/2023,LBB,TX,ASW,CE,Combined TRACON& Tower with Radar,37,11,24,7,79,0,13,44,0,57,37,24,68,7,136,101,0,101,237
02/13/2023,LBB,TX,ASW,CE,Combined TRACON& Tower with Radar,38,21,56,12,127,0,17,47,0,64,38,38,103,12,191,86,8,94,285
02/14/2023,LBB,TX,ASW,CE,Combined TRACON& Tower with Radar,43,15,26,0,84,0,7,2,0,9,43,22,28,0,93,0,0,0,93
02/15/2023,LBB,TX,ASW,CE,Combined TRACON& Tower with Radar,39,38,39,0,116,0,6,12,0,18,39,44,51,0,134,36,0,36,170
02/16/2023,LBB,TX,ASW,CE,Combined TRACON& Tower with Radar,40,31,55,24,150,0,15,52,7,74,40,46,107,31,224,46,34,80,304
02/17/2023,LBB,TX,ASW,CE,Combined TRACON& Tower with Radar,48,30,62,16,156,0,13,60,6,79,48,43,122,22,235,116,34,150,385
02/18/2023,LBB,TX,ASW,CE,Combined TRACON& Tower with Radar,36,23,25,7,91,0,23,20,0,43,36,46,45,7,134,58,0,58,192
02/19/2023,LBB,TX,ASW,CE,Combined TRACON& Tower with Radar,36,22,31,1,90,0,9,17,0,26,36,31,48,1,116,32,0,32,148
02/20/2023,LBB,TX,ASW,CE,Combined TRACON& Tower with Radar,36,26,46,0,108,0,6,22,0,28,36,32,68,0,136,30,0,30,166
02/21/2023,LBB,TX,ASW,CE,Combined TRACON& Tower with Radar,43,31,48,2,124,0,8,31,2,41,43,39,79,4,165,20,0,20,185
02/22/2023,LBB,TX,ASW,CE,Combined TRACON& Tower with Radar,48,13,22,0,83,0,4,1,0,5,48,17,23,0,88,0,0,0,88
02/23/2023,LBB,TX,ASW,CE,Combined TRACON& Tower with Radar,46,35,51,10,142,0,12,75,9,96,46,47,126,19,238,38,30,68,306
02/24/2023,LBB,TX,ASW,CE,Combined TRACON& Tower with Radar,46,30,61,24,161,0,8,22,2,32,46,38,83,26,193,20,0,20,213
02/25/2023,LBB,TX,ASW,CE,Combined TRACON& Tower with Radar,36,27,53,0,116,0,2,10,1,13,36,29,63,1,129,20,0,20,149
02/26/2023,LBB,TX,ASW,CE,Combined TRACON& Tower with Radar,23,7,17,0,47,0,0,0,0,0,23,7,17,0,47,0,0,0,47
02/27/2023,LBB,TX,ASW,CE,Combined TRACON& Tower with Radar,37,20,30,0,87,0,11,23,2,36,37,31,53,2,123,20,0,20,143
02/28/2023,LBB,TX,ASW,CE,Combined TRACON& Tower with Radar,43,41,38,6,128,0,8,44,2,54,43,49,82,8,182,18,0,18,200
03/01/2023,LBB,TX,ASW,CE,Combined TRACON& Tower with Radar,44,38,54,46,182,0,14,53,4,71,44,52,107,50,253,97,20,117,370
03/02/2023,LBB,TX,ASW,CE,Combined TRACON& Tower with Radar,45,33,33,9,120,0,7,22,0,29,45,40,55,9,149,46,0,46,195
03/03/2023,LBB,TX,ASW,CE,Combined TRACON& Tower with Radar,45,30,77,22,174,0,17,78,2,97,45,47,155,24,271,54,8,62,333
03/04/2023,LBB,TX,ASW,CE,Combined TRACON& Tower with Radar,33,16,32,8,89,0,19,71,1,91,33,35,103,9,180,76,0,76,256
03/05/2023,LBB,TX,ASW,CE,Combined TRACON& Tower with Radar,35,13,33,1,82,0,8,31,3,42,35,21,64,4,124,4,2,6,130
03/06/2023,LBB,TX,ASW,CE,Combined TRACON& Tower with Radar,36,21,37,30,124,0,13,55,1,69,36,34,92,31,193,8,26,34,227
03/07/2023,LBB,TX,ASW,CE,Combined TRACON& Tower with Radar,46,23,51,12,132,0,3,40,5,48,46,26,91,17,180,8,14,22,202
03/08/2023,LBB,TX,ASW,CE,Combined TRACON& Tower with Radar,45,34,43,8,130,0,3,6,0,9,45,37,49,8,139,64,0,64,203
03/09/2023,LBB,TX,ASW,CE,Combined TRACON& Tower with Radar,48,38,49,22,157,0,3,29,3,35,48,41,78,25,192,74,8,82,274
03/10/2023,LBB,TX,ASW,CE,Combined TRACON& Tower with Radar,44,36,79,26,185,0,14,34,2,50,44,50,113,28,235,104,30,134,369
03/11/2023,LBB,TX,ASW,CE,Combined TRACON& Tower with Radar,35,21,25,0,81,0,14,33,2,49,35,35,58,2,130,32,0,32,162
03/12/2023,LBB,TX,ASW,CE,Combined TRACON& Tower with Radar,36,15,32,3,86,0,11,59,2,72,36,26,91,5,158,114,8,122,280
03/13/2023,LBB,TX,ASW,CE,Combined TRACON& Tower with Radar,36,21,44,24,125,0,13,43,0,56,36,34,87,24,181,72,18,90,271
03/14/2023,LBB,TX,ASW,CE,Combined TRACON& Tower with Radar,44,28,29,23,124,0,15,54,1,70,44,43,83,24,194,112,6,118,312
03/15/2023,LBB,TX,ASW,CE,Combined TRACON& Tower with Radar,45,36,39,9,129,0,11,10,3,24,45,47,49,12,153,0,0,0,153
03/16/2023,LBB,TX,ASW,CE,Combined TRACON& Tower with Radar,40,25,31,3,99,0,3,2,0,5,40,28,33,3,104,4,0,4,108
03/17/2023,LBB,TX,ASW,CE,Combined TRACON& Tower with Radar,41,44,39,9,133,0,15,61,1,77,41,59,100,10,210,126,0,126,336
03/18/2023,LBB,TX,ASW,CE,Combined TRACON& Tower with Radar,33,25,37,1,96,0,18,53,0,71,33,43,90,1,167,74,0,74,241
03/19/2023,LBB,TX,ASW,CE,Combined TRACON& Tower with Radar,34,10,43,6,93,0,14,52,0,66,34,24,95,6,159,28,0,28,187
03/20/2023,LBB,TX,ASW,CE,Combined TRACON& Tower with Radar,34,21,38,4,97,0,11,37,0,48,34,32,75,4,145,66,0,66,211
03/21/2023,LBB,TX,ASW,CE,Combined TRACON& Tower with Radar,44,35,41,23,143,0,11,37,1,49,44,46,78,24,192,20,18,38,230
03/22/2023,LBB,TX,ASW,CE,Combined TRACON& Tower with Radar,43,31,44,33,151,0,11,32,2,45,43,42,76,35,196,22,8,30,226
03/23/2023,LBB,TX,ASW,CE,Combined TRACON& Tower with Radar,41,39,43,29,152,0,10,47,0,57,41,49,90,29,209,44,0,44,253
03/24/2023,LBB,TX,ASW,CE,Combined TRACON& Tower with Radar,45,26,51,84,206,0,15,39,3,57,45,41,90,87,263,48,42,90,353
03/25/2023,LBB,TX,ASW,CE,Combined TRACON& Tower with Radar,29,25,33,2,89,0,12,41,0,53,29,37,74,2,142,66,0,66,208
03/26/2023,LBB,TX,ASW,CE,Combined TRACON& Tower with Radar,33,8,44,13,98,0,10,66,1,77,33,18,110,14,175,64,0,64,239
03/27/2023,LBB,TX,ASW,CE,Combined TRACON& Tower with Radar,34,15,31,37,117,0,16,66,2,84,34,31,97,39,201,150,6,156,357
03/28/2023,LBB,TX,ASW,CE,Combined TRACON& Tower with Radar,41,32,40,1,114,0,16,70,0,86,41,48,110,1,200,146,14,160,360
03/29/2023,LBB,TX,ASW,CE,Combined TRACON& Tower with Radar,39,33,58,11,141,0,20,69,5,94,39,53,127,16,235,44,8,52,287
03/30/2023,LBB,TX,ASW,CE,Combined TRACON& Tower with Radar,42,35,57,14,148,0,5,10,0,15,42,40,67,14,163,4,20,24,187
03/31/2023,LBB,TX,ASW,CE,Combined TRACON& Tower with Radar,43,30,38,11,122,0,11,10,0,21,43,41,48,11,143,0,0,0,143
04/01/2023,LBB,TX,ASW,CE,Combined TRACON& Tower with Radar,32,20,38,15,105,0,14,76,1,91,32,34,114,16,196,166,8,174,370
04/02/2023,LBB,TX,ASW,CE,Combined TRACON& Tower with Radar,30,19,30,13,92,0,14,40,3,57,30,33,70,16,149,64,0,64,213
04/03/2023,LBB,TX,ASW,CE,Combined TRACON& Tower with Radar,35,27,23,4,89,0,21,40,2,63,35,48,63,6,152,92,14,106,258
04/04/2023,LBB,TX,ASW,CE,Combined TRACON& Tower with Radar,39,26,31,2,98,0,5,4,0,9,39,31,35,2,107,10,0,10,117
04/05/2023,LBB,TX,ASW,CE,Combined TRACON& Tower with Radar,42,24,45,34,145,0,26,51,1,78,42,50,96,35,223,38,18,56,279
04/06/2023,LBB,TX,ASW,CE,Combined TRACON& Tower with Radar,41,31,63,11,146,0,15,67,5,87,41,46,130,16,233,24,8,32,265
04/07/2023,LBB,TX,ASW,CE,Combined TRACON& Tower with Radar,44,33,52,54,183,0,21,65,6,92,44,54,117,60,275,78,40,118,393
04/08/2023,LBB,TX,ASW,CE,Combined TRACON& Tower with Radar,31,19,23,12,85,0,23,81,0,104,31,42,104,12,189,96,0,96,285
04/09/2023,LBB,TX,ASW,CE,Combined TRACON& Tower with Radar,33,25,23,0,81,0,11,15,0,26,33,36,38,0,107,20,0,20,127
04/10/2023,LBB,TX,ASW,CE,Combined TRACON& Tower with Radar,31,23,37,8,99,0,10,69,2,81,31,33,106,10,180,146,24,170,350
04/11/2023,LBB,TX,ASW,CE,Combined TRACON& Tower with Radar,44,35,41,18,138,0,24,71,0,95,44,59,112,18,233,132,0,132,365
04/12/2023,LBB,TX,ASW,CE,Combined TRACON& Tower with Radar,44,27,48,8,127,0,23,70,0,93,44,50,118,8,220,126,0,126,346
04/13/2023,LBB,TX,ASW,CE,Combined TRACON& Tower with Radar,44,34,54,4,136,0,13,46,1,60,44,47,100,5,196,0,12,12,208
04/14/2023,LBB,TX,ASW,CE,Combined TRACON& Tower with Radar,44,32,40,27,143,0,15,26,7,48,44,47,66,34,191,0,36,36,227
04/15/2023,LBB,TX,ASW,CE,Combined TRACON& Tower with Radar,32,19,35,7,93,0,18,50,1,69,32,37,85,8,162,60,0,60,222
04/16/2023,LBB,TX,ASW,CE,Combined TRACON& Tower with Radar,32,27,52,11,122,0,21,62,1,84,32,48,114,12,206,96,0,96,302
04/17/2023,LBB,TX,ASW,CE,Combined TRACON& Tower with Radar,35,33,42,16,126,0,15,38,2,55,35,48,80,18,181,15,52,67,248
04/18/2023,LBB,TX,ASW,CE,Combined TRACON& Tower with Radar,44,30,63,4,141,0,18,44,0,62,44,48,107,4,203,92,10,102,305
04/19/2023,LBB,TX,ASW,CE,Combined TRACON& Tower with Radar,41,41,24,6,112,0,17,21,1,39,41,58,45,7,151,50,10,60,211
04/20/2023,LBB,TX,ASW,CE,Combined TRACON& Tower with Radar,42,36,36,41,155,0,17,50,10,77,42,53,86,51,232,62,42,104,336
04/21/2023,LBB,TX,ASW,CE,Combined TRACON& Tower with Radar,45,24,64,6,139,0,23,66,4,93,45,47,130,10,232,92,0,92,324
04/22/2023,LBB,TX,ASW,CE,Combined TRACON& Tower with Radar,32,20,48,1,101,0,19,37,3,59,32,39,85,4,160,12,0,12,172
04/23/2023,LBB,TX,ASW,CE,Combined TRACON& Tower with Radar,33,30,42,27,132,0,3,4,0,7,33,33,46,27,139,0,48,48,187
04/24/2023,LBB,TX,ASW,CE,Combined TRACON& Tower with Radar,33,24,47,1,105,0,13,14,1,28,33,37,61,2,133,28,0,28,161
04/25/2023,LBB,TX,ASW,CE,Combined TRACON& Tower with Radar,39,42,62,10,153,0,7,21,0,28,39,49,83,10,181,44,0,44,225
04/26/2023,LBB,TX,ASW,CE,Combined TRACON& Tower with Radar,39,39,47,0,125,0,8,21,0,29,39,47,68,0,154,30,0,30,184
04/27/2023,LBB,TX,ASW,CE,Combined TRACON& Tower with Radar,47,40,66,29,182,0,12,78,2,92,47,52,144,31,274,16,28,44,318
04/28/2023,LBB,TX,ASW,CE,Combined TRACON& Tower with Radar,45,34,31,13,123,0,9,6,2,17,45,43,37,15,140,6,12,18,158
04/29/2023,LBB,TX,ASW,CE,Combined TRACON& Tower with Radar,31,22,47,0,100,0,9,67,0,76,31,31,114,0,176,48,0,48,224
04/30/2023,LBB,TX,ASW,CE,Combined TRACON& Tower with Radar,35,18,29,0,82,0,19,23,4,46,35,37,52,4,128,28,0,28,156
05/01/2023,LBB,TX,ASW,CE,Combined TRACON& Tower with Radar,33,22,29,3,87,0,23,37,1,61,33,45,66,4,148,26,0,26,174
05/02/2023,LBB,TX,ASW,CE,Combined TRACON& Tower with Radar,43,28,47,42,160,0,10,58,1,69,43,38,105,43,229,0,0,0,229
05/03/2023,LBB,TX,ASW,CE,Combined TRACON& Tower with Radar,41,33,48,0,122,0,11,58,1,70,41,44,106,1,192,56,46,102,294
05/04/2023,LBB,TX,ASW,CE,Combined TRACON& Tower with Radar,44,28,83,0,155,0,16,25,0,41,44,44,108,0,196,22,0,22,218
05/05/2023,LBB,TX,ASW,CE,Combined TRACON& Tower with Radar,44,28,50,18,140,0,27,56,0,83,44,55,106,18,223,34,2,36,259
05/06/2023,LBB,TX,ASW,CE,Combined TRACON& Tower with Radar,30,25,38,12,105,0,9,65,3,77,30,34,103,15,182,45,0,45,227
05/07/2023,LBB,TX,ASW,CE,Combined TRACON& Tower with Radar,32,19,37,0,88,0,10,25,2,37,32,29,62,2,125,28,0,28,153
05/08/2023,LBB,TX,ASW,CE,Combined TRACON& Tower with Radar,33,22,36,15,106,0,16,49,0,65,33,38,85,15,171,34,8,42,213
05/09/2023,LBB,TX,ASW,CE,Combined TRACON& Tower with Radar,40,31,59,43,173,0,20,59,2,81,40,51,118,45,254,48,8,56,310
05/10/2023,LBB,TX,ASW,CE,Combined TRACON& Tower with Radar,42,36,44,33,155,0,24,35,7,66,42,60,79,40,221,34,26,60,281
05/11/2023,LBB,TX,ASW,CE,Combined TRACON& Tower with Radar,43,33,56,61,193,0,13,39,1,53,43,46,95,62,246,86,22,108,354
05/12/2023,LBB,TX,ASW,CE,Combined TRACON& Tower with Radar,45,40,65,35,185,0,27,54,6,87,45,67,119,41,272,38,0,38,310
05/13/2023,LBB,TX,ASW,CE,Combined TRACON& Tower with Radar,32,22,25,0,79,0,0,4,0,4,32,22,29,0,83,6,0,6,89
05/14/2023,LBB,TX,ASW,CE,Combined TRACON& Tower with Radar,35,13,36,20,104,0,5,11,0,16,35,18,47,20,120,4,0,4,124
05/15/2023,LBB,TX,ASW,CE,Combined TRACON& Tower with Radar,34,32,50,11,127,0,9,22,0,31,34,41,72,11,158,32,4,36,194
05/16/2023,LBB,TX,ASW,CE,Combined TRACON& Tower with Radar,44,46,45,31,166,0,16,48,8,72,44,62,93,39,238,84,62,146,384
05/17/2023,LBB,TX,ASW,CE,Combined TRACON& Tower with Radar,43,29,44,6,122,0,16,47,0,63,43,45,91,6,185,138,0,138,323
05/18/2023,LBB,TX,ASW,CE,Combined TRACON& Tower with Radar,41,30,47,2,120,0,9,35,0,44,41,39,82,2,164,80,0,80,244
05/19/2023,LBB,TX,ASW,CE,Combined TRACON& Tower with Radar,47,36,63,38,184,0,12,36,1,49,47,48,99,39,233,72,2,74,307
05/20/2023,LBB,TX,ASW,CE,Combined TRACON& Tower with Radar,34,27,33,2,96,0,9,39,0,48,34,36,72,2,144,60,4,64,208
05/21/2023,LBB,TX,ASW,CE,Combined TRACON& Tower with Radar,33,21,37,6,97,0,9,37,1,47,33,30,74,7,144,18,12,30,174
05/22/2023,LBB,TX,ASW,CE,Combined TRACON& Tower with Radar,33,26,41,2,102,0,11,23,0,34,33,37,64,2,136,4,0,4,140
05/23/2023,LBB,TX,ASW,CE,Combined TRACON& Tower with Radar,43,27,56,11,137,0,16,40,6,62,43,43,96,17,199,36,6,42,241
05/24/2023,LBB,TX,ASW,CE,Combined TRACON& Tower with Radar,46,30,49,27,152,0,12,56,2,70,46,42,105,29,222,68,74,142,364
05/25/2023,LBB,TX,ASW,CE,Combined TRACON& Tower with Radar,44,28,49,4,125,0,15,41,0,56,44,43,90,4,181,30,30,60,241
05/26/2023,LBB,TX,ASW,CE,Combined TRACON& Tower with Radar,45,36,42,1,124,0,8,20,1,29,45,44,62,2,153,0,0,0,153
05/27/2023,LBB,TX,ASW,CE,Combined TRACON& Tower with Radar,28,20,27,1,76,0,0,5,0,5,28,20,32,1,81,36,0,36,117
05/28/2023,LBB,TX,ASW,CE,Combined TRACON& Tower with Radar,36,22,30,0,88,0,8,10,0,18,36,30,40,0,106,22,0,22,128
05/29/2023,LBB,TX,ASW,CE,Combined TRACON& Tower with Radar,31,15,45,0,91,0,3,32,0,35,31,18,77,0,126,48,0,48,174
05/30/2023,LBB,TX,ASW,CE,Combined TRACON& Tower with Radar,36,34,59,47,176,0,13,62,6,81,36,47,121,53,257,70,64,134,391
05/31/2023,LBB,TX,ASW,CE,Combined TRACON& Tower with Radar,42,26,32,0,100,0,8,22,0,30,42,34,54,0,130,0,0,0,130
06/01/2023,LBB,TX,ASW,CE,Combined TRACON& Tower with Radar,47,31,31,0,109,0,5,7,0,12,47,36,38,0,121,0,0,0,121
06/02/2023,LBB,TX,ASW,CE,Combined TRACON& Tower with Radar,44,26,34,0,104,0,6,2,2,10,44,32,36,2,114,0,0,0,114
06/03/2023,LBB,TX,ASW,CE,Combined TRACON& Tower with Radar,32,24,29,0,85,0,8,22,1,31,32,32,51,1,116,42,0,42,158
06/04/2023,LBB,TX,ASW,CE,Combined TRACON& Tower with Radar,37,20,55,10,122,0,15,33,3,51,37,35,88,13,173,18,14,32,205
06/05/2023,LBB,TX,ASW,CE,Combined TRACON& Tower with Radar,37,26,38,3,104,0,5,26,0,31,37,31,64,3,135,25,0,25,160
06/06/2023,LBB,TX,ASW,CE,Combined TRACON& Tower with Radar,39,39,56,13,147,0,27,54,1,82,39,66,110,14,229,80,0,80,309
06/07/2023,LBB,TX,ASW,CE,Combined TRACON& Tower with Radar,42,27,59,0,128,0,13,42,0,55,42,40,101,0,183,64,0,64,247
06/08/2023,LBB,TX,ASW,CE,Combined TRACON& Tower with Radar,47,29,45,0,121,0,12,74,4,90,47,41,119,4,211,94,8,102,313
06/09/2023,LBB,TX,ASW,CE,Combined TRACON& Tower with Radar,48,23,44,19,134,0,26,61,2,89,48,49,105,21,223,78,0,78,301
06/10/2023,LBB,TX,ASW,CE,Combined TRACON& Tower with Radar,26,26,33,2,87,0,29,37,0,66,26,55,70,2,153,62,0,62,215
06/11/2023,LBB,TX,ASW,CE,Combined TRACON& Tower with Radar,35,15,29,5,84,0,16,35,2,53,35,31,64,7,137,20,0,20,157
06/12/2023,LBB,TX,ASW,CE,Combined TRACON& Tower with Radar,36,35,45,2,118,0,7,12,0,19,36,42,57,2,137,6,0,6,143
06/13/2023,LBB,TX,ASW,CE,Combined TRACON& Tower with Radar,39,34,40,9,122,0,15,23,0,38,39,49,63,9,160,32,0,32,192
06/14/2023,LBB,TX,ASW,CE,Combined TRACON& Tower with Radar,45,38,43,17,143,0,17,47,3,67,45,55,90,20,210,64,56,120,330
06/15/2023,LBB,TX,ASW,CE,Combined TRACON& Tower with Radar,47,26,32,2,107,0,14,23,0,37,47,40,55,2,144,34,0,34,178
06/16/2023,LBB,TX,ASW,CE,Combined TRACON& Tower with Radar,48,37,34,17,136,0,32,41,1,74,48,69,75,18,210,7,0,7,217
06/17/2023,LBB,TX,ASW,CE,Combined TRACON& Tower with Radar,28,21,37,1,87,0,8,47,5,60,28,29,84,6,147,35,14,49,196
06/18/2023,LBB,TX,ASW,CE,Combined TRACON& Tower with Radar,36,16,27,0,79,0,12,43,0,55,36,28,70,0,134,6,0,6,140
06/19/2023,LBB,TX,ASW,CE,Combined TRACON& Tower with Radar,37,20,44,0,101,0,23,40,0,63,37,43,84,0,164,0,0,0,164
06/20/2023,LBB,TX,ASW,CE,Combined TRACON& Tower with Radar,42,32,47,4,125,0,19,46,0,65,42,51,93,4,190,44,0,44,234
06/21/2023,LBB,TX,ASW,CE,Combined TRACON& Tower with Radar,53,28,42,9,132,0,4,48,2,54,53,32,90,11,186,36,6,42,228
06/22/2023,LBB,TX,ASW,CE,Combined TRACON& Tower with Radar,51,32,48,5,136,0,13,28,4,45,51,45,76,9,181,50,0,50,231
06/23/2023,LBB,TX,ASW,CE,Combined TRACON& Tower with Radar,44,34,35,20,133,0,12,19,1,32,44,46,54,21,165,0,0,0,165
06/24/2023,LBB,TX,ASW,CE,Combined TRACON& Tower with Radar,27,30,38,0,95,0,22,46,1,69,27,52,84,1,164,54,0,54,218
06/25/2023,LBB,TX,ASW,CE,Combined TRACON& Tower with Radar,36,28,37,2,103,0,19,38,0,57,36,47,75,2,160,0,0,0,160
06/26/2023,LBB,TX,ASW,CE,Combined TRACON& Tower with Radar,32,27,34,26,119,0,8,39,0,47,32,35,73,26,166,6,18,24,190
06/27/2023,LBB,TX,ASW,CE,Combined TRACON& Tower with Radar,45,34,51,8,138,0,14,44,4,62,45,48,95,12,200,52,0,52,252
06/28/2023,LBB,TX,ASW,CE,Combined TRACON& Tower with Radar,44,31,39,0,114,0,8,34,1,43,44,39,73,1,157,20,0,20,177
06/29/2023,LBB,TX,ASW,CE,Combined TRACON& Tower with Radar,47,31,41,0,119,0,12,42,1,55,47,43,83,1,174,58,0,58,232
06/30/2023,LBB,TX,ASW,CE,Combined TRACON& Tower with Radar,44,31,39,0,114,0,14,50,2,66,44,45,89,2,180,60,0,60,240
07/01/2023,LBB,TX,ASW,CE,Combined TRACON& Tower with Radar,28,28,55,0,111,0,19,20,2,41,28,47,75,2,152,38,0,38,190
07/02/2023,LBB,TX,ASW,CE,Combined TRACON& Tower with Radar,30,16,28,2,76,0,15,33,0,48,30,31,61,2,124,22,0,22,146
07/03/2023,LBB,TX,ASW,CE,Combined TRACON& Tower with Radar,33,19,34,2,88,0,20,42,0,62,33,39,76,2,150,110,0,110,260
07/04/2023,LBB,TX,ASW,CE,Combined TRACON& Tower with Radar,32,14,28,0,74,0,17,55,0,72,32,31,83,0,146,42,0,42,188
07/05/2023,LBB,TX,ASW,CE,Combined TRACON& Tower with Radar,42,28,49,4,123,0,28,49,0,77,42,56,98,4,200,46,6,52,252
07/06/2023,LBB,TX,ASW,CE,Combined TRACON& Tower with Radar,45,28,55,4,132,0,13,39,4,56,45,41,94,8,188,42,30,72,260
07/07/2023,LBB,TX,ASW,CE,Combined TRACON& Tower with Radar,47,30,43,14,134,0,9,42,0,51,47,39,85,14,185,26,0,26,211
07/08/2023,LBB,TX,ASW,CE,Combined TRACON& Tower with Radar,28,21,45,0,94,0,8,46,0,54,28,29,91,0,148,88,0,88,236
07/09/2023,LBB,TX,ASW,CE,Combined TRACON& Tower with Radar,36,17,47,28,128,0,13,32,6,51,36,30,79,34,179,60,12,72,251
07/10/2023,LBB,TX,ASW,CE,Combined TRACON& Tower with Radar,40,24,46,2,112,0,6,36,0,42,40,30,82,2,154,80,0,80,234
07/11/2023,LBB,TX,ASW,CE,Combined TRACON& Tower with Radar,47,32,62,25,166,0,13,66,0,79,47,45,128,25,245,38,0,38,283
07/12/2023,LBB,TX,ASW,CE,Combined TRACON& Tower with Radar,45,31,56,4,136,0,15,48,4,67,45,46,104,8,203,24,0,24,227
07/13/2023,LBB,TX,ASW,CE,Combined TRACON& Tower with Radar,47,30,71,12,160,0,16,41,0,57,47,46,112,12,217,32,6,38,255
07/14/2023,LBB,TX,ASW,CE,Combined TRACON& Tower with Radar,42,40,47,35,164,0,19,33,2,54,42,59,80,37,218,66,20,86,304
07/15/2023,LBB,TX,ASW,CE,Combined TRACON& Tower with Radar,28,17,29,0,74,0,17,45,0,62,28,34,74,0,136,84,0,84,220
07/16/2023,LBB,TX,ASW,CE,Combined TRACON& Tower with Radar,30,17,33,6,86,0,21,40,2,63,30,38,73,8,149,42,42,84,233
07/17/2023,LBB,TX,ASW,CE,Combined TRACON& Tower with Radar,35,28,44,49,156,0,24,50,0,74,35,52,94,49,230,38,40,78,308
07/18/2023,LBB,TX,ASW,CE,Combined TRACON& Tower with Radar,44,37,36,11,128,0,9,40,0,49,44,46,76,11,177,54,2,56,233
07/19/2023,LBB,TX,ASW,CE,Combined TRACON& Tower with Radar,45,31,46,3,125,0,18,76,13,107,45,49,122,16,232,70,0,70,302
07/20/2023,LBB,TX,ASW,CE,Combined TRACON& Tower with Radar,44,32,44,19,139,0,29,59,1,89,44,61,103,20,228,74,10,84,312
07/21/2023,LBB,TX,ASW,CE,Combined TRACON& Tower with Radar,41,29,39,9,118,0,27,58,0,85,41,56,97,9,203,70,0,70,273
07/22/2023,LBB,TX,ASW,CE,Combined TRACON& Tower with Radar,29,18,37,0,84,0,26,54,0,80,29,44,91,0,164,42,0,42,206
07/23/2023,LBB,TX,ASW,CE,Combined TRACON& Tower with Radar,39,13,36,10,98,0,16,36,1,53,39,29,72,11,151,0,0,0,151
07/24/2023,LBB,TX,ASW,CE,Combined TRACON& Tower with Radar,38,29,24,4,95,0,20,35,0,55,38,49,59,4,150,86,0,86,236
07/25/2023,LBB,TX,ASW,CE,Combined TRACON& Tower with Radar,44,26,41,30,141,0,17,49,2,68,44,43,90,32,209,54,46,100,309
07/26/2023,LBB,TX,ASW,CE,Combined TRACON& Tower with Radar,42,28,42,8,120,0,20,58,2,80,42,48,100,10,200,34,0,34,234
07/27/2023,LBB,TX,ASW,CE,Combined TRACON& Tower with Radar,42,34,54,0,130,0,19,58,1,78,42,53,112,1,208,10,0,10,218
07/28/2023,LBB,TX,ASW,CE,Combined TRACON& Tower with Radar,44,36,38,19,137,0,26,55,1,82,44,62,93,20,219,46,6,52,271
07/29/2023,LBB,TX,ASW,CE,Combined TRACON& Tower with Radar,29,24,34,0,87,0,19,54,0,73,29,43,88,0,160,70,0,70,230
07/30/2023,LBB,TX,ASW,CE,Combined TRACON& Tower with Radar,35,14,32,9,90,0,26,34,0,60,35,40,66,9,150,38,0,38,188
07/31/2023,LBB,TX,ASW,CE,Combined TRACON& Tower with Radar,40,17,25,10,92,0,31,33,0,64,40,48,58,10,156,33,10,43,199
08/01/2023,LBB,TX,ASW,CE,Combined TRACON& Tower with Radar,46,33,32,11,122,0,18,39,0,57,46,51,71,11,179,34,20,54,233
08/02/2023,LBB,TX,ASW,CE,Combined TRACON& Tower with Radar,44,29,41,8,122,0,19,32,4,55,44,48,73,12,177,58,0,58,235
08/03/2023,LBB,TX,ASW,CE,Combined TRACON& Tower with Radar,44,22,41,16,123,0,31,35,0,66,44,53,76,16,189,38,28,66,255
08/04/2023,LBB,TX,ASW,CE,Combined TRACON& Tower with Radar,48,23,30,7,108,0,29,41,2,72,48,52,71,9,180,22,34,56,236
08/05/2023,LBB,TX,ASW,CE,Combined TRACON& Tower with Radar,28,23,27,16,94,0,21,38,0,59,28,44,65,16,153,52,48,100,253
08/06/2023,LBB,TX,ASW,CE,Combined TRACON& Tower with Radar,34,24,37,1,96,0,36,47,0,83,34,60,84,1,179,74,0,74,253
08/07/2023,LBB,TX,ASW,CE,Combined TRACON& Tower with Radar,38,25,23,8,94,0,12,21,0,33,38,37,44,8,127,32,0,32,159
08/08/2023,LBB,TX,ASW,CE,Combined TRACON& Tower with Radar,45,30,37,11,123,0,19,39,0,58,45,49,76,11,181,22,10,32,213
08/09/2023,LBB,TX,ASW,CE,Combined TRACON& Tower with Radar,47,44,37,5,133,0,30,41,0,71,47,74,78,5,204,36,6,42,246
08/10/2023,LBB,TX,ASW,CE,Combined TRACON& Tower with Radar,45,31,39,28,143,0,27,53,1,81,45,58,92,29,224,35,50,85,309
08/11/2023,LBB,TX,ASW,CE,Combined TRACON& Tower with Radar,45,32,50,19,146,0,11,56,2,69,45,43,106,21,215,58,13,71,286
08/12/2023,LBB,TX,ASW,CE,Combined TRACON& Tower with Radar,27,20,42,0,89,0,11,49,0,60,27,31,91,0,149,38,0,38,187
08/13/2023,LBB,TX,ASW,CE,Combined TRACON& Tower with Radar,40,26,34,9,109,0,8,32,0,40,40,34,66,9,149,8,0,8,157
08/14/2023,LBB,TX,ASW,CE,Combined TRACON& Tower with Radar,39,29,28,48,144,0,10,19,0,29,39,39,47,48,173,26,8,34,207
08/15/2023,LBB,TX,ASW,CE,Combined TRACON& Tower with Radar,42,26,27,13,108,0,17,59,1,77,42,43,86,14,185,48,0,48,233
08/16/2023,LBB,TX,ASW,CE,Combined TRACON& Tower with Radar,43,30,53,21,147,0,23,45,0,68,43,53,98,21,215,26,14,40,255
08/17/2023,LBB,TX,ASW,CE,Combined TRACON& Tower with Radar,44,42,48,6,140,0,22,59,0,81,44,64,107,6,221,42,0,42,263
08/18/2023,LBB,TX,ASW,CE,Combined TRACON& Tower with Radar,45,28,37,27,137,0,26,47,2,75,45,54,84,29,212,22,0,22,234
08/19/2023,LBB,TX,ASW,CE,Combined TRACON& Tower with Radar,26,25,25,10,86,0,17,35,2,54,26,42,60,12,140,12,0,12,152
08/20/2023,LBB,TX,ASW,CE,Combined TRACON& Tower with Radar,38,17,31,2,88,0,20,37,2,59,38,37,68,4,147,12,4,16,163
08/21/2023,LBB,TX,ASW,CE,Combined TRACON& Tower with Radar,37,22,35,24,118,0,30,43,3,76,37,52,78,27,194,24,14,38,232
08/22/2023,LBB,TX,ASW,CE,Combined TRACON& Tower with Radar,46,30,29,18,123,0,25,39,2,66,46,55,68,20,189,60,44,104,293
08/23/2023,LBB,TX,ASW,CE,Combined TRACON& Tower with Radar,45,34,48,3,130,0,14,45,1,60,45,48,93,4,190,40,0,40,230
08/24/2023,LBB,TX,ASW,CE,Combined TRACON& Tower with Radar,39,28,47,30,144,0,15,53,4,72,39,43,100,34,216,40,54,94,310
08/25/2023,LBB,TX,ASW,CE,Combined TRACON& Tower with Radar,45,31,52,16,144,0,27,50,2,79,45,58,102,18,223,38,4,42,265
08/26/2023,LBB,TX,ASW,CE,Combined TRACON& Tower with Radar,25,22,29,0,76,0,24,65,3,92,25,46,94,3,168,0,0,0,168
08/27/2023,LBB,TX,ASW,CE,Combined TRACON& Tower with Radar,38,15,41,6,100,0,13,27,0,40,38,28,68,6,140,40,0,40,180
08/28/2023,LBB,TX,ASW,CE,Combined TRACON& Tower with Radar,35,19,43,6,103,0,12,38,0,50,35,31,81,6,153,54,6,60,213
08/29/2023,LBB,TX,ASW,CE,Combined TRACON& Tower with Radar,41,47,39,6,133,0,16,63,1,80,41,63,102,7,213,38,14,52,265
08/30/2023,LBB,TX,ASW,CE,Combined TRACON& Tower with Radar,42,33,43,4,122,0,26,47,0,73,42,59,90,4,195,24,2,26,221
08/31/2023,LBB,TX,ASW,CE,Combined TRACON& Tower with Radar,42,28,70,2,142,0,21,69,1,91,42,49,139,3,233,118,0,118,351
01/01/2020,LBB,TX,ASW,CE,Combined TRACON& Tower with Radar,30,14,11,0,55,0,20,9,0,29,30,34,20,0,84,22,0,22,106
01/02/2020,LBB,TX,ASW,CE,Combined TRACON& Tower with Radar,42,38,44,0,124,0,20,45,0,65,42,58,89,0,189,34,0,34,223
01/03/2020,LBB,TX,ASW,CE,Combined TRACON& Tower with Radar,41,44,42,15,142,0,31,32,0,63,41,75,74,15,205,26,0,26,231
01/04/2020,LBB,TX,ASW,CE,Combined TRACON& Tower with Radar,32,26,26,0,84,0,26,45,0,71,32,52,71,0,155,98,0,98,253
01/05/2020,LBB,TX,ASW,CE,Combined TRACON& Tower with Radar,33,16,14,0,63,0,4,35,1,40,33,20,49,1,103,42,0,42,145
01/06/2020,LBB,TX,ASW,CE,Combined TRACON& Tower with Radar,36,27,32,37,132,0,17,30,1,48,36,44,62,38,180,18,0,18,198
01/07/2020,LBB,TX,ASW,CE,Combined TRACON& Tower with Radar,49,34,38,16,137,0,18,43,3,64,49,52,81,19,201,40,8,48,249
01/08/2020,LBB,TX,ASW,CE,Combined TRACON& Tower with Radar,48,29,31,4,112,0,24,47,0,71,48,53,78,4,183,6,0,6,189
01/09/2020,LBB,TX,ASW,CE,Combined TRACON& Tower with Radar,46,53,44,13,156,0,16,48,5,69,46,69,92,18,225,0,0,0,225
01/10/2020,LBB,TX,ASW,CE,Combined TRACON& Tower with Radar,41,39,30,81,191,0,14,22,6,42,41,53,52,87,233,40,30,70,303
01/11/2020,LBB,TX,ASW,CE,Combined TRACON& Tower with Radar,33,27,29,5,94,0,16,37,4,57,33,43,66,9,151,26,0,26,177
01/12/2020,LBB,TX,ASW,CE,Combined TRACON& Tower with Radar,36,21,29,4,90,0,15,35,0,50,36,36,64,4,140,96,0,96,236
01/13/2020,LBB,TX,ASW,CE,Combined TRACON& Tower with Radar,39,25,33,32,129,0,26,41,5,72,39,51,74,37,201,44,54,98,299
01/14/2020,LBB,TX,ASW,CE,Combined TRACON& Tower with Radar,45,31,31,117,224,0,14,46,7,67,45,45,77,124,291,56,98,154,445
01/15/2020,LBB,TX,ASW,CE,Combined TRACON& Tower with Radar,47,40,55,23,165,0,29,59,9,97,47,69,114,32,262,84,22,106,368
01/16/2020,LBB,TX,ASW,CE,Combined TRACON& Tower with Radar,44,33,26,0,103,0,5,1,0,6,44,38,27,0,109,0,0,0,109
01/17/2020,LBB,TX,ASW,CE,Combined TRACON& Tower with Radar,45,39,47,86,217,0,11,25,2,38,45,50,72,88,255,10,12,22,277
01/18/2020,LBB,TX,ASW,CE,Combined TRACON& Tower with Radar,27,40,27,15,109,0,25,58,2,85,27,65,85,17,194,80,0,80,274
01/19/2020,LBB,TX,ASW,CE,Combined TRACON& Tower with Radar,32,25,37,2,96,0,14,32,2,48,32,39,69,4,144,54,0,54,198
01/20/2020,LBB,TX,ASW,CE,Combined TRACON& Tower with Radar,38,37,34,0,109,0,16,43,0,59,38,53,77,0,168,72,0,72,240
01/21/2020,LBB,TX,ASW,CE,Combined TRACON& Tower with Radar,47,45,50,2,144,0,4,20,3,27,47,49,70,5,171,10,0,10,181
01/22/2020,LBB,TX,ASW,CE,Combined TRACON& Tower with Radar,46,40,32,48,166,0,11,40,2,53,46,51,72,50,219,60,78,138,357
01/23/2020,LBB,TX,ASW,CE,Combined TRACON& Tower with Radar,46,38,36,56,176,0,13,43,16,72,46,51,79,72,248,46,106,152,400
01/24/2020,LBB,TX,ASW,CE,Combined TRACON& Tower with Radar,47,29,47,81,204,0,13,64,0,77,47,42,111,81,281,80,76,156,437
01/25/2020,LBB,TX,ASW,CE,Combined TRACON& Tower with Radar,29,27,47,11,114,0,19,71,1,91,29,46,118,12,205,76,2,78,283
01/26/2020,LBB,TX,ASW,CE,Combined TRACON& Tower with Radar,34,21,48,31,134,0,18,52,2,72,34,39,100,33,206,22,2,24,230
01/27/2020,LBB,TX,ASW,CE,Combined TRACON& Tower with Radar,35,29,25,46,135,0,25,43,12,80,35,54,68,58,215,32,78,110,325
01/28/2020,LBB,TX,ASW,CE,Combined TRACON& Tower with Radar,47,39,40,4,130,0,9,9,0,18,47,48,49,4,148,0,14,14,162
01/29/2020,LBB,TX,ASW,CE,Combined TRACON& Tower with Radar,39,52,55,18,164,0,21,47,4,72,39,73,102,22,236,66,6,72,308
01/30/2020,LBB,TX,ASW,CE,Combined TRACON& Tower with Radar,44,36,47,43,170,0,7,24,0,31,44,43,71,43,201,36,96,132,333
01/31/2020,LBB,TX,ASW,CE,Combined TRACON& Tower with Radar,47,35,53,42,177,0,20,45,4,69,47,55,98,46,246,48,16,64,310
02/01/2020,LBB,TX,ASW,CE,Combined TRACON& Tower with Radar,29,19,36,12,96,0,16,67,0,83,29,35,103,12,179,142,0,142,321
02/02/2020,LBB,TX,ASW,CE,Combined TRACON& Tower with Radar,35,19,31,11,96,0,19,37,2,58,35,38,68,13,154,130,8,138,292
02/03/2020,LBB,TX,ASW,CE,Combined TRACON& Tower with Radar,37,30,23,52,142,0,27,37,1,65,37,57,60,53,207,100,0,100,307
02/04/2020,LBB,TX,ASW,CE,Combined TRACON& Tower with Radar,45,34,28,0,107,0,1,0,1,2,45,35,28,1,109,0,0,0,109
02/05/2020,LBB,TX,ASW,CE,Combined TRACON& Tower with Radar,42,24,12,0,78,0,10,6,2,18,42,34,18,2,96,0,0,0,96
02/06/2020,LBB,TX,ASW,CE,Combined TRACON& Tower with Radar,47,38,31,54,170,0,26,32,1,59,47,64,63,55,229,100,30,130,359
02/07/2020,LBB,TX,ASW,CE,Combined TRACON& Tower with Radar,46,34,56,72,208,0,32,55,5,92,46,66,111,77,300,78,66,144,444
02/08/2020,LBB,TX,ASW,CE,Combined TRACON& Tower with Radar,31,25,38,64,158,0,16,54,12,82,31,41,92,76,240,92,8,100,340
02/09/2020,LBB,TX,ASW,CE,Combined TRACON& Tower with Radar,38,23,20,32,113,0,11,49,2,62,38,34,69,34,175,120,0,120,295
02/10/2020,LBB,TX,ASW,CE,Combined TRACON& Tower with Radar,41,33,30,2,106,0,4,0,0,4,41,37,30,2,110,0,0,0,110
02/11/2020,LBB,TX,ASW,CE,Combined TRACON& Tower with Radar,51,20,12,0,83,0,0,0,0,0,51,20,12,0,83,0,0,0,83
02/12/2020,LBB,TX,ASW,CE,Combined TRACON& Tower with Radar,46,40,29,54,169,0,18,22,8,48,46,58,51,62,217,0,4,4,221
02/13/2020,LBB,TX,ASW,CE,Combined TRACON& Tower with Radar,46,41,43,29,159,0,21,29,1,51,46,62,72,30,210,82,2,84,294
02/14/2020,LBB,TX,ASW,CE,Combined TRACON& Tower with Radar,47,46,54,0,147,0,4,5,0,9,47,50,59,0,156,0,0,0,156
02/15/2020,LBB,TX,ASW,CE,Combined TRACON& Tower with Radar,36,41,17,4,98,0,19,37,2,58,36,60,54,6,156,52,0,52,208
02/16/2020,LBB,TX,ASW,CE,Combined TRACON& Tower with Radar,37,20,30,0,87,0,19,51,0,70,37,39,81,0,157,78,0,78,235
02/17/2020,LBB,TX,ASW,CE,Combined TRACON& Tower with Radar,37,28,61,4,130,0,13,66,1,80,37,41,127,5,210,46,0,46,256
02/18/2020,LBB,TX,ASW,CE,Combined TRACON& Tower with Radar,47,44,46,66,203,0,17,24,4,45,47,61,70,70,248,2,42,44,292
02/19/2020,LBB,TX,ASW,CE,Combined TRACON& Tower with Radar,44,44,55,127,270,0,19,35,2,56,44,63,90,129,326,90,96,186,512
02/20/2020,LBB,TX,ASW,CE,Combined TRACON& Tower with Radar,45,50,49,21,165,0,4,26,0,30,45,54,75,21,195,64,18,82,277
02/21/2020,LBB,TX,ASW,CE,Combined TRACON& Tower with Radar,47,36,49,33,165,0,20,49,2,71,47,56,98,35,236,80,26,106,342
02/22/2020,LBB,TX,ASW,CE,Combined TRACON& Tower with Radar,33,28,48,3,112,0,8,85,0,93,33,36,133,3,205,58,0,58,263
02/23/2020,LBB,TX,ASW,CE,Combined TRACON& Tower with Radar,36,26,37,19,118,0,13,21,1,35,36,39,58,20,153,74,12,86,239
02/24/2020,LBB,TX,ASW,CE,Combined TRACON& Tower with Radar,37,22,41,40,140,0,14,72,12,98,37,36,113,52,238,52,36,88,326
02/25/2020,LBB,TX,ASW,CE,Combined TRACON& Tower with Radar,45,49,42,22,158,0,15,18,1,34,45,64,60,23,192,26,0,26,218
02/26/2020,LBB,TX,ASW,CE,Combined TRACON& Tower with Radar,45,44,58,54,201,0,26,47,9,82,45,70,105,63,283,74,7,81,364
02/27/2020,LBB,TX,ASW,CE,Combined TRACON& Tower with Radar,51,33,64,6,154,0,27,57,6,90,51,60,121,12,244,80,0,80,324
02/28/2020,LBB,TX,ASW,CE,Combined TRACON& Tower with Radar,46,37,39,37,159,0,31,73,6,110,46,68,112,43,269,84,8,92,361
02/29/2020,LBB,TX,ASW,CE,Combined TRACON& Tower with Radar,35,25,29,2,91,0,17,34,4,55,35,42,63,6,146,44,0,44,190
03/01/2020,LBB,TX,ASW,CE,Combined TRACON& Tower with Radar,37,20,56,6,119,0,15,55,0,70,37,35,111,6,189,20,14,34,223
03/02/2020,LBB,TX,ASW,CE,Combined TRACON& Tower with Radar,39,20,39,14,112,0,26,35,6,67,39,46,74,20,179,52,4,56,235
03/03/2020,LBB,TX,ASW,CE,Combined TRACON& Tower with Radar,49,53,33,44,179,0,7,21,0,28,49,60,54,44,207,4,0,4,211
03/04/2020,LBB,TX,ASW,CE,Combined TRACON& Tower with Radar,45,44,35,11,135,0,10,12,0,22,45,54,47,11,157,0,38,38,195
03/05/2020,LBB,TX,ASW,CE,Combined TRACON& Tower with Radar,46,43,47,26,162,0,22,40,4,66,46,65,87,30,228,18,14,32,260
03/06/2020,LBB,TX,ASW,CE,Combined TRACON& Tower with Radar,46,34,39,15,134,0,25,54,6,85,46,59,93,21,219,0,0,0,219
03/07/2020,LBB,TX,ASW,CE,Combined TRACON& Tower with Radar,35,27,53,1,116,0,23,52,0,75,35,50,105,1,191,44,0,44,235
03/08/2020,LBB,TX,ASW,CE,Combined TRACON& Tower with Radar,34,23,29,4,90,0,6,9,1,16,34,29,38,5,106,42,0,42,148
03/09/2020,LBB,TX,ASW,CE,Combined TRACON& Tower with Radar,40,21,41,62,164,0,19,49,6,74,40,40,90,68,238,74,22,96,334
03/10/2020,LBB,TX,ASW,CE,Combined TRACON& Tower with Radar,48,47,54,73,222,0,22,41,4,67,48,69,95,77,289,46,36,82,371
03/11/2020,LBB,TX,ASW,CE,Combined TRACON& Tower with Radar,47,36,49,50,182,0,18,53,9,80,47,54,102,59,262,156,74,230,492
03/12/2020,LBB,TX,ASW,CE,Combined TRACON& Tower with Radar,49,44,55,18,166,0,10,38,3,51,49,54,93,21,217,162,4,166,383
03/13/2020,LBB,TX,ASW,CE,Combined TRACON& Tower with Radar,50,40,25,0,115,0,0,2,0,2,50,40,27,0,117,0,0,0,117
03/14/2020,LBB,TX,ASW,CE,Combined TRACON& Tower with Radar,36,28,47,2,113,0,11,32,4,47,36,39,79,6,160,38,0,38,198
03/15/2020,LBB,TX,ASW,CE,Combined TRACON& Tower with Radar,38,14,16,0,68,0,0,0,0,0,38,14,16,0,68,0,0,0,68
03/16/2020,LBB,TX,ASW,CE,Combined TRACON& Tower with Radar,33,25,26,22,106,0,4,8,0,12,33,29,34,22,118,48,14,62,180
03/17/2020,LBB,TX,ASW,CE,Combined TRACON& Tower with Radar,29,29,19,3,80,0,0,0,1,1,29,29,19,4,81,0,0,0,81
03/18/2020,LBB,TX,ASW,CE,Combined TRACON& Tower with Radar,38,28,26,14,106,0,9,34,2,45,38,37,60,16,151,56,32,88,239
03/19/2020,LBB,TX,ASW,CE,Combined TRACON& Tower with Radar,40,36,22,8,106,0,12,6,2,20,40,48,28,10,126,0,0,0,126
03/20/2020,LBB,TX,ASW,CE,Combined TRACON& Tower with Radar,42,37,41,3,123,0,16,22,0,38,42,53,63,3,161,0,0,0,161
03/21/2020,LBB,TX,ASW,CE,Combined TRACON& Tower with Radar,32,25,19,0,76,0,4,10,0,14,32,29,29,0,90,28,0,28,118
03/22/2020,LBB,TX,ASW,CE,Combined TRACON& Tower with Radar,28,13,14,0,55,0,9,28,0,37,28,22,42,0,92,120,0,120,212
03/23/2020,LBB,TX,ASW,CE,Combined TRACON& Tower with Radar,29,26,20,32,107,0,17,36,3,56,29,43,56,35,163,122,50,172,335
03/24/2020,LBB,TX,ASW,CE,Combined TRACON& Tower with Radar,34,26,30,26,116,0,12,46,4,62,34,38,76,30,178,48,0,48,226
03/25/2020,LBB,TX,ASW,CE,Combined TRACON& Tower with Radar,34,27,31,5,97,0,17,33,0,50,34,44,64,5,147,74,0,74,221
03/26/2020,LBB,TX,ASW,CE,Combined TRACON& Tower with Radar,35,36,19,8,98,0,12,32,0,44,35,48,51,8,142,44,0,44,186
03/27/2020,LBB,TX,ASW,CE,Combined TRACON& Tower with Radar,32,27,23,15,97,0,14,22,4,40,32,41,45,19,137,28,0,28,165
03/28/2020,LBB,TX,ASW,CE,Combined TRACON& Tower with Radar,20,14,1,0,35,0,3,13,0,16,20,17,14,0,51,18,0,18,69
03/29/2020,LBB,TX,ASW,CE,Combined TRACON& Tower with Radar,28,10,11,0,49,0,12,45,0,57,28,22,56,0,106,100,0,100,206
03/30/2020,LBB,TX,ASW,CE,Combined TRACON& Tower with Radar,19,17,6,32,74,0,13,21,0,34,19,30,27,32,108,24,0,24,132
03/31/2020,LBB,TX,ASW,CE,Combined TRACON& Tower with Radar,34,31,18,43,126,0,11,29,4,44,34,42,47,47,170,78,30,108,278
04/01/2020,LBB,TX,ASW,CE,Combined TRACON& Tower with Radar,34,25,19,21,99,0,25,26,5,56,34,50,45,26,155,44,0,44,199
04/02/2020,LBB,TX,ASW,CE,Combined TRACON& Tower with Radar,32,24,18,43,117,0,25,27,0,52,32,49,45,43,169,56,26,82,251
04/03/2020,LBB,TX,ASW,CE,Combined TRACON& Tower with Radar,25,24,13,7,69,0,10,13,0,23,25,34,26,7,92,56,0,56,148
04/04/2020,LBB,TX,ASW,CE,Combined TRACON& Tower with Radar,21,14,12,10,57,0,1,17,0,18,21,15,29,10,75,92,0,92,167
04/05/2020,LBB,TX,ASW,CE,Combined TRACON& Tower with Radar,14,6,4,0,24,0,1,4,0,5,14,7,8,0,29,12,0,12,41
04/06/2020,LBB,TX,ASW,CE,Combined TRACON& Tower with Radar,15,15,20,5,55,0,15,20,0,35,15,30,40,5,90,16,0,16,106
04/07/2020,LBB,TX,ASW,CE,Combined TRACON& Tower with Radar,24,27,20,7,78,0,15,38,2,55,24,42,58,9,133,44,0,44,177
04/08/2020,LBB,TX,ASW,CE,Combined TRACON& Tower with Radar,24,27,13,26,90,0,23,36,2,61,24,50,49,28,151,80,6,86,237
04/09/2020,LBB,TX,ASW,CE,Combined TRACON& Tower with Radar,25,26,24,43,118,0,20,36,3,59,25,46,60,46,177,136,6,142,319
04/10/2020,LBB,TX,ASW,CE,Combined TRACON& Tower with Radar,21,26,10,6,63,0,22,24,0,46,21,48,34,6,109,70,0,70,179
04/11/2020,LBB,TX,ASW,CE,Combined TRACON& Tower with Radar,14,21,19,55,109,0,6,13,7,26,14,27,32,62,135,38,74,112,247
04/12/2020,LBB,TX,ASW,CE,Combined TRACON& Tower with Radar,11,10,7,0,28,0,8,8,0,16,11,18,15,0,44,0,0,0,44
04/13/2020,LBB,TX,ASW,CE,Combined TRACON& Tower with Radar,15,17,15,40,87,0,16,34,7,57,15,33,49,47,144,66,16,82,226
04/14/2020,LBB,TX,ASW,CE,Combined TRACON& Tower with Radar,19,26,16,14,75,0,5,16,0,21,19,31,32,14,96,32,4,36,132
04/15/2020,LBB,TX,ASW,CE,Combined TRACON& Tower with Radar,25,26,38,15,104,0,10,42,4,56,25,36,80,19,160,48,4,52,212
04/16/2020,LBB,TX,ASW,CE,Combined TRACON& Tower with Radar,23,20,24,2,69,0,19,36,2,57,23,39,60,4,126,50,0,50,176
04/17/2020,LBB,TX,ASW,CE,Combined TRACON& Tower with Radar,20,28,25,57,130,0,14,48,3,65,20,42,73,60,195,90,42,132,327
04/18/2020,LBB,TX,ASW,CE,Combined TRACON& Tower with Radar,11,15,21,32,79,0,4,29,1,34,11,19,50,33,113,62,38,100,213
04/19/2020,LBB,TX,ASW,CE,Combined TRACON& Tower with Radar,8,7,29,0,44,0,20,42,0,62,8,27,71,0,106,102,0,102,208
04/20/2020,LBB,TX,ASW,CE,Combined TRACON& Tower with Radar,8,20,31,6,65,0,20,25,0,45,8,40,56,6,110,118,0,118,228
04/21/2020,LBB,TX,ASW,CE,Combined TRACON& Tower with Radar,18,28,20,8,74,0,14,29,3,46,18,42,49,11,120,58,0,58,178
04/22/2020,LBB,TX,ASW,CE,Combined TRACON& Tower with Radar,19,34,11,31,95,0,14,17,2,33,19,48,28,33,128,16,0,16,144
04/23/2020,LBB,TX,ASW,CE,Combined TRACON& Tower with Radar,19,25,26,13,83,0,24,52,0,76,19,49,78,13,159,90,0,90,249
04/24/2020,LBB,TX,ASW,CE,Combined TRACON& Tower with Radar,17,32,14,54,117,0,28,46,1,75,17,60,60,55,192,28,0,28,220
04/25/2020,LBB,TX,ASW,CE,Combined TRACON& Tower with Radar,14,11,15,32,72,0,14,63,6,83,14,25,78,38,155,48,0,48,203
04/26/2020,LBB,TX,ASW,CE,Combined TRACON& Tower with Radar,8,9,10,2,29,0,17,24,2,43,8,26,34,4,72,12,0,12,84
04/27/2020,LBB,TX,ASW,CE,Combined TRACON& Tower with Radar,12,19,19,11,61,0,14,37,5,56,12,33,56,16,117,46,8,54,171
04/28/2020,LBB,TX,ASW,CE,Combined TRACON& Tower with Radar,17,30,14,28,89,0,15,36,1,52,17,45,50,29,141,38,10,48,189
04/29/2020,LBB,TX,ASW,CE,Combined TRACON& Tower with Radar,18,20,21,7,66,0,30,56,0,86,18,50,77,7,152,70,0,70,222
04/30/2020,LBB,TX,ASW,CE,Combined TRACON& Tower with Radar,22,28,42,18,110,0,19,45,1,65,22,47,87,19,175,52,22,74,249
05/01/2020,LBB,TX,ASW,CE,Combined TRACON& Tower with Radar,17,22,14,5,58,0,12,37,0,49,17,34,51,5,107,102,0,102,209
05/02/2020,LBB,TX,ASW,CE,Combined TRACON& Tower with Radar,12,15,14,5,46,0,8,21,2,31,12,23,35,7,77,10,2,12,89
05/03/2020,LBB,TX,ASW,CE,Combined TRACON& Tower with Radar,14,6,16,0,36,0,6,37,4,47,14,12,53,4,83,0,0,0,83
05/04/2020,LBB,TX,ASW,CE,Combined TRACON& Tower with Radar,17,15,31,23,86,0,12,21,1,34,17,27,52,24,120,6,10,16,136
05/05/2020,LBB,TX,ASW,CE,Combined TRACON& Tower with Radar,25,27,25,4,81,0,20,26,0,46,25,47,51,4,127,12,0,12,139
05/06/2020,LBB,TX,ASW,CE,Combined TRACON& Tower with Radar,28,25,43,42,138,0,15,64,1,80,28,40,107,43,218,52,4,56,274
05/07/2020,LBB,TX,ASW,CE,Combined TRACON& Tower with Radar,27,27,22,4,80,0,21,27,2,50,27,48,49,6,130,8,0,8,138
05/08/2020,LBB,TX,ASW,CE,Combined TRACON& Tower with Radar,28,21,22,7,78,0,11,20,13,44,28,32,42,20,122,0,0,0,122
05/09/2020,LBB,TX,ASW,CE,Combined TRACON& Tower with Radar,16,17,23,48,104,0,17,62,10,89,16,34,85,58,193,98,12,110,303
05/10/2020,LBB,TX,ASW,CE,Combined TRACON& Tower with Radar,17,15,20,0,52,0,19,21,5,45,17,34,41,5,97,0,0,0,97
05/11/2020,LBB,TX,ASW,CE,Combined TRACON& Tower with Radar,18,16,22,2,58,0,9,19,0,28,18,25,41,2,86,0,0,0,86
05/12/2020,LBB,TX,ASW,CE,Combined TRACON& Tower with Radar,26,28,28,41,123,0,6,18,1,25,26,34,46,42,148,0,0,0,148
05/13/2020,LBB,TX,ASW,CE,Combined TRACON& Tower with Radar,35,21,13,11,80,0,8,11,1,20,35,29,24,12,100,26,0,26,126
05/14/2020,LBB,TX,ASW,CE,Combined TRACON& Tower with Radar,28,34,37,24,123,0,11,65,3,79,28,45,102,27,202,88,12,100,302
05/15/2020,LBB,TX,ASW,CE,Combined TRACON& Tower with Radar,28,25,31,19,103,0,6,30,0,36,28,31,61,19,139,74,8,82,221
05/16/2020,LBB,TX,ASW,CE,Combined TRACON& Tower with Radar,16,23,20,58,117,0,9,36,0,45,16,32,56,58,162,118,14,132,294
05/17/2020,LBB,TX,ASW,CE,Combined TRACON& Tower with Radar,17,10,30,2,59,0,15,58,0,73,17,25,88,2,132,104,0,104,236
05/18/2020,LBB,TX,ASW,CE,Combined TRACON& Tower with Radar,18,13,23,56,110,0,12,53,2,67,18,25,76,58,177,108,0,108,285
05/19/2020,LBB,TX,ASW,CE,Combined TRACON& Tower with Radar,26,27,34,2,89,0,9,30,0,39,26,36,64,2,128,92,0,92,220
05/20/2020,LBB,TX,ASW,CE,Combined TRACON& Tower with Radar,28,28,36,6,98,0,13,32,9,54,28,41,68,15,152,28,0,28,180
05/21/2020,LBB,TX,ASW,CE,Combined TRACON& Tower with Radar,31,27,23,57,138,0,16,40,6,62,31,43,63,63,200,94,86,180,380
05/22/2020,LBB,TX,ASW,CE,Combined TRACON& Tower with Radar,30,26,47,1,104,0,9,37,1,47,30,35,84,2,151,96,0,96,247
05/23/2020,LBB,TX,ASW,CE,Combined TRACON& Tower with Radar,16,15,16,8,55,0,11,19,0,30,16,26,35,8,85,16,0,16,101
05/24/2020,LBB,TX,ASW,CE,Combined TRACON& Tower with Radar,17,10,16,0,43,0,10,39,0,49,17,20,55,0,92,62,0,62,154
05/25/2020,LBB,TX,ASW,CE,Combined TRACON& Tower with Radar,15,4,21,0,40,0,7,24,0,31,15,11,45,0,71,24,0,24,95
05/26/2020,LBB,TX,ASW,CE,Combined TRACON& Tower with Radar,19,20,23,61,123,0,17,53,5,75,19,37,76,66,198,136,28,164,362
05/27/2020,LBB,TX,ASW,CE,Combined TRACON& Tower with Radar,31,30,27,55,143,0,12,51,4,67,31,42,78,59,210,60,16,76,286
05/28/2020,LBB,TX,ASW,CE,Combined TRACON& Tower with Radar,30,23,37,45,135,0,20,53,3,76,30,43,90,48,211,24,24,48,259
05/29/2020,LBB,TX,ASW,CE,Combined TRACON& Tower with Radar,28,33,41,50,152,0,25,47,4,76,28,58,88,54,228,96,8,104,332
05/30/2020,LBB,TX,ASW,CE,Combined TRACON& Tower with Radar,16,9,12,11,48,0,11,65,4,80,16,20,77,15,128,22,0,22,150
05/31/2020,LBB,TX,ASW,CE,Combined TRACON& Tower with Radar,17,12,18,0,47,0,10,57,0,67,17,22,75,0,114,78,0,78,192
06/01/2020,LBB,TX,ASW,CE,Combined TRACON& Tower with Radar,17,13,36,24,90,0,16,30,2,48,17,29,66,26,138,28,0,28,166
06/02/2020,LBB,TX,ASW,CE,Combined TRACON& Tower with Radar,27,29,31,22,109,0,14,34,0,48,27,43,65,22,157,30,12,42,199
06/03/2020,LBB,TX,ASW,CE,Combined TRACON& Tower with Radar,28,21,26,27,102,0,23,49,2,74,28,44,75,29,176,18,12,30,206
06/04/2020,LBB,TX,ASW,CE,Combined TRACON& Tower with Radar,25,21,35,26,107,0,13,44,0,57,25,34,79,26,164,18,2,20,184
06/05/2020,LBB,TX,ASW,CE,Combined TRACON& Tower with Radar,26,26,31,20,103,0,26,45,4,75,26,52,76,24,178,16,8,24,202
06/06/2020,LBB,TX,ASW,CE,Combined TRACON& Tower with Radar,15,12,33,0,60,0,10,34,0,44,15,22,67,0,104,32,0,32,136
06/07/2020,LBB,TX,ASW,CE,Combined TRACON& Tower with Radar,14,8,27,0,49,0,9,28,0,37,14,17,55,0,86,58,0,58,144
06/08/2020,LBB,TX,ASW,CE,Combined TRACON& Tower with Radar,16,20,35,47,118,0,16,49,1,66,16,36,84,48,184,8,6,14,198
06/09/2020,LBB,TX,ASW,CE,Combined TRACON& Tower with Radar,28,34,18,5,85,0,13,17,2,32,28,47,35,7,117,0,0,0,117
06/10/2020,LBB,TX,ASW,CE,Combined TRACON& Tower with Radar,26,24,48,60,158,0,24,39,2,65,26,48,87,62,223,88,16,104,327
06/11/2020,LBB,TX,ASW,CE,Combined TRACON& Tower with Radar,28,26,37,41,132,0,13,49,5,67,28,39,86,46,199,20,2,22,221
06/12/2020,LBB,TX,ASW,CE,Combined TRACON& Tower with Radar,27,25,47,15,114,0,16,60,0,76,27,41,107,15,190,102,0,102,292
06/13/2020,LBB,TX,ASW,CE,Combined TRACON& Tower with Radar,18,11,17,0,46,0,16,39,0,55,18,27,56,0,101,30,0,30,131
06/14/2020,LBB,TX,ASW,CE,Combined TRACON& Tower with Radar,16,7,24,1,48,0,14,15,0,29,16,21,39,1,77,50,0,50,127
06/15/2020,LBB,TX,ASW,CE,Combined TRACON& Tower with Radar,16,19,36,61,132,0,22,43,1,66,16,41,79,62,198,60,18,78,276
06/16/2020,LBB,TX,ASW,CE,Combined TRACON& Tower with Radar,27,28,30,48,133,0,25,39,5,69,27,53,69,53,202,40,22,62,264
06/17/2020,LBB,TX,ASW,CE,Combined TRACON& Tower with Radar,26,26,32,4,88,0,18,28,1,47,26,44,60,5,135,26,0,26,161
06/18/2020,LBB,TX,ASW,CE,Combined TRACON& Tower with Radar,28,34,53,24,139,0,19,57,2,78,28,53,110,26,217,90,0,90,307
06/19/2020,LBB,TX,ASW,CE,Combined TRACON& Tower with Radar,27,38,35,12,112,0,17,26,1,44,27,55,61,13,156,76,0,76,232
06/20/2020,LBB,TX,ASW,CE,Combined TRACON& Tower with Radar,18,21,26,0,65,0,8,32,1,41,18,29,58,1,106,20,0,20,126
06/21/2020,LBB,TX,ASW,CE,Combined TRACON& Tower with Radar,24,10,44,3,81,0,9,54,5,68,24,19,98,8,149,56,0,56,205
06/22/2020,LBB,TX,ASW,CE,Combined TRACON& Tower with Radar,19,22,37,24,102,0,17,20,2,39,19,39,57,26,141,10,6,16,157
06/23/2020,LBB,TX,ASW,CE,Combined TRACON& Tower with Radar,30,22,51,12,115,0,13,40,0,53,30,35,91,12,168,8,0,8,176
06/24/2020,LBB,TX,ASW,CE,Combined TRACON& Tower with Radar,26,35,62,30,153,0,23,53,7,83,26,58,115,37,236,30,12,42,278
06/25/2020,LBB,TX,ASW,CE,Combined TRACON& Tower with Radar,27,32,45,31,135,0,20,41,1,62,27,52,86,32,197,58,12,70,267
06/26/2020,LBB,TX,ASW,CE,Combined TRACON& Tower with Radar,27,32,28,47,134,0,22,32,1,55,27,54,60,48,189,10,12,22,211
06/27/2020,LBB,TX,ASW,CE,Combined TRACON& Tower with Radar,15,17,40,0,72,0,15,54,0,69,15,32,94,0,141,14,0,14,155
06/28/2020,LBB,TX,ASW,CE,Combined TRACON& Tower with Radar,14,16,49,2,81,0,8,41,0,49,14,24,90,2,130,68,0,68,198
06/29/2020,LBB,TX,ASW,CE,Combined TRACON& Tower with Radar,16,17,35,40,108,0,21,39,3,63,16,38,74,43,171,20,0,20,191
06/30/2020,LBB,TX,ASW,CE,Combined TRACON& Tower with Radar,24,30,45,14,113,0,6,38,0,44,24,36,83,14,157,14,0,14,171
07/01/2020,LBB,TX,ASW,CE,Combined TRACON& Tower with Radar,24,40,35,33,132,0,13,61,2,76,24,53,96,35,208,90,0,90,298
07/02/2020,LBB,TX,ASW,CE,Combined TRACON& Tower with Radar,24,34,38,3,99,0,14,41,3,58,24,48,79,6,157,36,0,36,193
07/03/2020,LBB,TX,ASW,CE,Combined TRACON& Tower with Radar,23,33,33,0,89,0,12,36,0,48,23,45,69,0,137,0,0,0,137
07/04/2020,LBB,TX,ASW,CE,Combined TRACON& Tower with Radar,9,10,5,0,24,0,8,30,0,38,9,18,35,0,62,52,0,52,114
07/05/2020,LBB,TX,ASW,CE,Combined TRACON& Tower with Radar,17,13,31,0,61,0,16,20,0,36,17,29,51,0,97,66,0,66,163
07/06/2020,LBB,TX,ASW,CE,Combined TRACON& Tower with Radar,15,24,26,0,65,0,23,33,0,56,15,47,59,0,121,56,0,56,177
07/07/2020,LBB,TX,ASW,CE,Combined TRACON& Tower with Radar,36,36,23,17,112,0,24,34,2,60,36,60,57,19,172,38,8,46,218
07/08/2020,LBB,TX,ASW,CE,Combined TRACON& Tower with Radar,27,37,23,53,140,0,17,37,0,54,27,54,60,53,194,48,0,48,242
07/09/2020,LBB,TX,ASW,CE,Combined TRACON& Tower with Radar,30,36,32,0,98,0,17,26,2,45,30,53,58,2,143,14,0,14,157
07/10/2020,LBB,TX,ASW,CE,Combined TRACON& Tower with Radar,27,39,34,34,134,0,18,34,2,54,27,57,68,36,188,0,0,0,188
07/11/2020,LBB,TX,ASW,CE,Combined TRACON& Tower with Radar,20,18,21,14,73,0,16,27,0,43,20,34,48,14,116,30,0,30,146
07/12/2020,LBB,TX,ASW,CE,Combined TRACON& Tower with Radar,16,10,22,0,48,0,7,22,0,29,16,17,44,0,77,0,0,0,77
07/13/2020,LBB,TX,ASW,CE,Combined TRACON& Tower with Radar,18,22,27,6,73,0,22,35,2,59,18,44,62,8,132,58,0,58,190
07/14/2020,LBB,TX,ASW,CE,Combined TRACON& Tower with Radar,30,33,21,1,85,0,18,32,1,51,30,51,53,2,136,72,0,72,208
07/15/2020,LBB,TX,ASW,CE,Combined TRACON& Tower with Radar,27,32,36,5,100,0,19,26,1,46,27,51,62,6,146,78,4,82,228
07/16/2020,LBB,TX,ASW,CE,Combined TRACON& Tower with Radar,31,32,31,10,104,0,26,37,2,65,31,58,68,12,169,70,0,70,239
07/17/2020,LBB,TX,ASW,CE,Combined TRACON& Tower with Radar,27,28,33,10,98,0,24,43,0,67,27,52,76,10,165,66,0,66,231
07/18/2020,LBB,TX,ASW,CE,Combined TRACON& Tower with Radar,16,26,33,0,75,0,12,36,0,48,16,38,69,0,123,0,0,0,123
07/19/2020,LBB,TX,ASW,CE,Combined TRACON& Tower with Radar,16,14,21,0,51,0,18,36,0,54,16,32,57,0,105,44,0,44,149
07/20/2020,LBB,TX,ASW,CE,Combined TRACON& Tower with Radar,18,31,34,27,110,0,17,39,0,56,18,48,73,27,166,88,0,88,254
07/21/2020,LBB,TX,ASW,CE,Combined TRACON& Tower with Radar,29,32,32,32,125,0,12,33,3,48,29,44,65,35,173,106,24,130,303
07/22/2020,LBB,TX,ASW,CE,Combined TRACON& Tower with Radar,29,31,32,24,116,0,19,40,1,60,29,50,72,25,176,46,24,70,246
07/23/2020,LBB,TX,ASW,CE,Combined TRACON& Tower with Radar,31,31,32,8,102,0,14,32,4,50,31,45,64,12,152,46,38,84,236
07/24/2020,LBB,TX,ASW,CE,Combined TRACON& Tower with Radar,30,41,13,48,132,0,17,34,0,51,30,58,47,48,183,44,22,66,249
07/25/2020,LBB,TX,ASW,CE,Combined TRACON& Tower with Radar,16,19,32,0,67,0,26,39,2,67,16,45,71,2,134,42,0,42,176
07/26/2020,LBB,TX,ASW,CE,Combined TRACON& Tower with Radar,18,14,33,0,65,0,32,38,3,73,18,46,71,3,138,50,0,50,188
07/27/2020,LBB,TX,ASW,CE,Combined TRACON& Tower with Radar,30,30,31,58,149,0,22,45,3,70,30,52,76,61,219,46,80,126,345
07/28/2020,LBB,TX,ASW,CE,Combined TRACON& Tower with Radar,29,31,31,40,131,0,13,36,5,54,29,44,67,45,185,48,28,76,261
07/29/2020,LBB,TX,ASW,CE,Combined TRACON& Tower with Radar,27,33,28,46,134,0,28,42,5,75,27,61,70,51,209,64,4,68,277
07/30/2020,LBB,TX,ASW,CE,Combined TRACON& Tower with Radar,29,39,32,20,120,0,11,56,4,71,29,50,88,24,191,46,18,64,255
07/31/2020,LBB,TX,ASW,CE,Combined TRACON& Tower with Radar,25,35,37,19,116,0,24,46,2,72,25,59,83,21,188,44,0,44,232
08/01/2020,LBB,TX,ASW,CE,Combined TRACON& Tower with Radar,16,22,18,8,64,0,22,53,2,77,16,44,71,10,141,42,0,42,183
08/02/2020,LBB,TX,ASW,CE,Combined TRACON& Tower with Radar,14,20,17,8,59,0,14,41,0,55,14,34,58,8,114,74,6,80,194
08/03/2020,LBB,TX,ASW,CE,Combined TRACON& Tower with Radar,14,24,29,22,89,0,13,46,4,63,14,37,75,26,152,72,38,110,262
08/04/2020,LBB,TX,ASW,CE,Combined TRACON& Tower with Radar,27,33,29,39,128,0,21,34,4,59,27,54,63,43,187,30,60,90,277
08/05/2020,LBB,TX,ASW,CE,Combined TRACON& Tower with Radar,25,28,37,21,111,0,19,58,0,77,25,47,95,21,188,0,0,0,188
08/06/2020,LBB,TX,ASW,CE,Combined TRACON& Tower with Radar,25,38,51,0,114,0,19,37,0,56,25,57,88,0,170,40,0,40,210
08/07/2020,LBB,TX,ASW,CE,Combined TRACON& Tower with Radar,25,43,42,28,138,0,18,43,2,63,25,61,85,30,201,12,6,18,219
08/08/2020,LBB,TX,ASW,CE,Combined TRACON& Tower with Radar,18,18,8,0,44,0,11,60,0,71,18,29,68,0,115,0,0,0,115
08/09/2020,LBB,TX,ASW,CE,Combined TRACON& Tower with Radar,15,19,38,0,72,0,11,40,2,53,15,30,78,2,125,24,0,24,149
08/10/2020,LBB,TX,ASW,CE,Combined TRACON& Tower with Radar,16,29,23,22,90,0,19,29,1,49,16,48,52,23,139,32,12,44,183
08/11/2020,LBB,TX,ASW,CE,Combined TRACON& Tower with Radar,29,33,32,17,111,0,19,31,1,51,29,52,63,18,162,42,14,56,218
08/12/2020,LBB,TX,ASW,CE,Combined TRACON& Tower with Radar,27,38,44,15,124,0,15,35,0,50,27,53,79,15,174,30,0,30,204
08/13/2020,LBB,TX,ASW,CE,Combined TRACON& Tower with Radar,27,42,30,31,130,0,33,45,0,78,27,75,75,31,208,36,6,42,250
08/14/2020,LBB,TX,ASW,CE,Combined TRACON& Tower with Radar,29,40,32,14,115,0,21,34,3,58,29,61,66,17,173,64,0,64,237
08/15/2020,LBB,TX,ASW,CE,Combined TRACON& Tower with Radar,20,16,15,3,54,0,17,63,0,80,20,33,78,3,134,54,0,54,188
08/16/2020,LBB,TX,ASW,CE,Combined TRACON& Tower with Radar,21,18,34,0,73,0,16,38,2,56,21,34,72,2,129,50,0,50,179
08/17/2020,LBB,TX,ASW,CE,Combined TRACON& Tower with Radar,19,33,31,5,88,0,10,59,1,70,19,43,90,6,158,86,0,86,244
08/18/2020,LBB,TX,ASW,CE,Combined TRACON& Tower with Radar,29,33,33,13,108,0,17,59,2,78,29,50,92,15,186,82,10,92,278
08/19/2020,LBB,TX,ASW,CE,Combined TRACON& Tower with Radar,31,36,39,18,124,0,20,48,1,69,31,56,87,19,193,0,0,0,193
08/20/2020,LBB,TX,ASW,CE,Combined TRACON& Tower with Radar,27,52,41,27,147,0,13,63,2,78,27,65,104,29,225,64,6,70,295
08/21/2020,LBB,TX,ASW,CE,Combined TRACON& Tower with Radar,29,40,28,58,155,0,19,50,0,69,29,59,78,58,224,40,0,40,264
08/22/2020,LBB,TX,ASW,CE,Combined TRACON& Tower with Radar,18,26,31,0,75,0,10,48,2,60,18,36,79,2,135,124,0,124,259
08/23/2020,LBB,TX,ASW,CE,Combined TRACON& Tower with Radar,17,24,14,7,62,0,11,47,3,61,17,35,61,10,123,98,8,106,229
08/24/2020,LBB,TX,ASW,CE,Combined TRACON& Tower with Radar,30,23,25,0,78,0,14,35,0,49,30,37,60,0,127,74,0,74,201
08/25/2020,LBB,TX,ASW,CE,Combined TRACON& Tower with Radar,25,31,34,51,141,0,20,45,4,69,25,51,79,55,210,56,0,56,266
08/26/2020,LBB,TX,ASW,CE,Combined TRACON& Tower with Radar,25,26,23,60,134,0,12,54,3,69,25,38,77,63,203,68,12,80,283
08/27/2020,LBB,TX,ASW,CE,Combined TRACON& Tower with Radar,29,38,34,55,156,0,18,53,3,74,29,56,87,58,230,10,0,10,240
08/28/2020,LBB,TX,ASW,CE,Combined TRACON& Tower with Radar,27,38,33,9,107,0,26,36,3,65,27,64,69,12,172,36,0,36,208
08/29/2020,LBB,TX,ASW,CE,Combined TRACON& Tower with Radar,18,16,31,6,71,0,15,53,2,70,18,31,84,8,141,90,0,90,231
08/30/2020,LBB,TX,ASW,CE,Combined TRACON& Tower with Radar,17,19,26,25,87,0,19,37,7,63,17,38,63,32,150,78,12,90,240
08/31/2020,LBB,TX,ASW,CE,Combined TRACON& Tower with Radar,25,28,28,21,102,0,10,42,0,52,25,38,70,21,154,64,0,64,218
09/01/2020,LBB,TX,ASW,CE,Combined TRACON& Tower with Radar,30,41,30,24,125,0,14,22,5,41,30,55,52,29,166,4,28,32,198
09/02/2020,LBB,TX,ASW,CE,Combined TRACON& Tower with Radar,30,34,30,29,123,0,12,29,1,42,30,46,59,30,165,26,10,36,201
09/03/2020,LBB,TX,ASW,CE,Combined TRACON& Tower with Radar,53,38,49,53,193,0,22,58,2,82,53,60,107,55,275,38,2,40,315
09/04/2020,LBB,TX,ASW,CE,Combined TRACON& Tower with Radar,27,38,40,0,105,0,13,41,0,54,27,51,81,0,159,66,0,66,225
09/05/2020,LBB,TX,ASW,CE,Combined TRACON& Tower with Radar,20,15,14,6,55,0,12,47,0,59,20,27,61,6,114,74,0,74,188
09/06/2020,LBB,TX,ASW,CE,Combined TRACON& Tower with Radar,24,15,18,0,57,0,12,36,0,48,24,27,54,0,105,74,0,74,179
09/07/2020,LBB,TX,ASW,CE,Combined TRACON& Tower with Radar,11,28,34,0,73,0,10,50,0,60,11,38,84,0,133,58,0,58,191
09/08/2020,LBB,TX,ASW,CE,Combined TRACON& Tower with Radar,21,32,39,12,104,0,9,9,0,18,21,41,48,12,122,16,0,16,138
09/09/2020,LBB,TX,ASW,CE,Combined TRACON& Tower with Radar,28,27,23,21,99,0,0,0,0,0,28,27,23,21,99,0,0,0,99
09/10/2020,LBB,TX,ASW,CE,Combined TRACON& Tower with Radar,28,46,66,106,246,0,2,11,1,14,28,48,77,107,260,44,20,64,324
09/11/2020,LBB,TX,ASW,CE,Combined TRACON& Tower with Radar,31,43,50,92,216,0,24,38,2,64,31,67,88,94,280,74,84,158,438
09/12/2020,LBB,TX,ASW,CE,Combined TRACON& Tower with Radar,19,19,25,4,67,0,9,46,2,57,19,28,71,6,124,98,0,98,222
09/13/2020,LBB,TX,ASW,CE,Combined TRACON& Tower with Radar,18,19,28,10,75,0,8,26,4,38,18,27,54,14,113,88,16,104,217
09/14/2020,LBB,TX,ASW,CE,Combined TRACON& Tower with Radar,17,23,48,35,123,0,20,34,1,55,17,43,82,36,178,104,18,122,300
09/15/2020,LBB,TX,ASW,CE,Combined TRACON& Tower with Radar,42,32,43,30,147,0,31,47,2,80,42,63,90,32,227,100,0,100,327
09/16/2020,LBB,TX,ASW,CE,Combined TRACON& Tower with Radar,52,32,49,26,159,0,8,60,5,73,52,40,109,31,232,24,4,28,260
09/17/2020,LBB,TX,ASW,CE,Combined TRACON& Tower with Radar,27,34,44,3,108,0,22,43,1,66,27,56,87,4,174,10,0,10,184
09/18/2020,LBB,TX,ASW,CE,Combined TRACON& Tower with Radar,27,37,40,27,131,0,11,60,0,71,27,48,100,27,202,58,0,58,260
09/19/2020,LBB,TX,ASW,CE,Combined TRACON& Tower with Radar,18,24,24,16,82,0,16,47,2,65,18,40,71,18,147,92,10,102,249
09/20/2020,LBB,TX,ASW,CE,Combined TRACON& Tower with Radar,17,16,36,16,85,0,14,32,2,48,17,30,68,18,133,174,0,174,307
09/21/2020,LBB,TX,ASW,CE,Combined TRACON& Tower with Radar,17,21,20,14,72,0,15,45,0,60,17,36,65,14,132,104,30,134,266
09/22/2020,LBB,TX,ASW,CE,Combined TRACON& Tower with Radar,27,32,29,102,190,0,17,46,14,77,27,49,75,116,267,30,144,174,441
09/23/2020,LBB,TX,ASW,CE,Combined TRACON& Tower with Radar,27,42,47,13,129,0,10,26,2,38,27,52,73,15,167,12,0,12,179
09/24/2020,LBB,TX,ASW,CE,Combined TRACON& Tower with Radar,27,37,37,38,139,0,23,55,6,84,27,60,92,44,223,74,10,84,307
09/25/2020,LBB,TX,ASW,CE,Combined TRACON& Tower with Radar,29,40,63,2,134,0,25,67,1,93,29,65,130,3,227,34,0,34,261
09/26/2020,LBB,TX,ASW,CE,Combined TRACON& Tower with Radar,20,20,63,10,113,0,34,79,3,116,20,54,142,13,229,50,0,50,279
09/27/2020,LBB,TX,ASW,CE,Combined TRACON& Tower with Radar,17,22,45,7,91,0,13,43,5,61,17,35,88,12,152,20,0,20,172
09/28/2020,LBB,TX,ASW,CE,Combined TRACON& Tower with Radar,16,26,34,6,82,0,19,13,3,35,16,45,47,9,117,12,14,26,143
09/29/2020,LBB,TX,ASW,CE,Combined TRACON& Tower with Radar,27,26,30,21,104,0,18,34,2,54,27,44,64,23,158,52,0,52,210
09/30/2020,LBB,TX,ASW,CE,Combined TRACON& Tower with Radar,26,37,26,15,104,0,24,48,0,72,26,61,74,15,176,0,0,0,176
10/01/2020,LBB,TX,ASW,CE,Combined TRACON& Tower with Radar,28,41,46,4,119,0,31,38,4,73,28,72,84,8,192,72,0,72,264
10/02/2020,LBB,TX,ASW,CE,Combined TRACON& Tower with Radar,27,36,39,15,117,0,25,46,3,74,27,61,85,18,191,82,32,114,305
10/03/2020,LBB,TX,ASW,CE,Combined TRACON& Tower with Radar,20,19,27,1,67,0,22,37,3,62,20,41,64,4,129,28,10,38,167
10/04/2020,LBB,TX,ASW,CE,Combined TRACON& Tower with Radar,17,19,34,16,86,0,27,40,5,72,17,46,74,21,158,80,10,90,248
10/05/2020,LBB,TX,ASW,CE,Combined TRACON& Tower with Radar,27,25,32,32,116,0,17,40,2,59,27,42,72,34,175,46,12,58,233
10/06/2020,LBB,TX,ASW,CE,Combined TRACON& Tower with Radar,42,36,40,21,139,0,21,42,13,76,42,57,82,34,215,58,12,70,285
10/07/2020,LBB,TX,ASW,CE,Combined TRACON& Tower with Radar,42,34,40,14,130,0,21,31,0,52,42,55,71,14,182,0,0,0,182
10/08/2020,LBB,TX,ASW,CE,Combined TRACON& Tower with Radar,31,34,39,26,130,0,22,44,5,71,31,56,83,31,201,54,0,54,255
10/09/2020,LBB,TX,ASW,CE,Combined TRACON& Tower with Radar,35,40,49,51,175,0,18,48,3,69,35,58,97,54,244,14,0,14,258
10/10/2020,LBB,TX,ASW,CE,Combined TRACON& Tower with Radar,24,17,28,4,73,0,17,45,2,64,24,34,73,6,137,20,0,20,157
10/11/2020,LBB,TX,ASW,CE,Combined TRACON& Tower with Radar,23,13,29,6,71,0,12,37,4,53,23,25,66,10,124,65,0,65,189
10/12/2020,LBB,TX,ASW,CE,Combined TRACON& Tower with Radar,21,28,46,7,102,0,17,39,1,57,21,45,85,8,159,54,0,54,213
10/13/2020,LBB,TX,ASW,CE,Combined TRACON& Tower with Radar,33,30,34,27,124,0,25,50,1,76,33,55,84,28,200,36,10,46,246
10/14/2020,LBB,TX,ASW,CE,Combined TRACON& Tower with Radar,31,30,34,12,107,0,23,32,7,62,31,53,66,19,169,26,10,36,205
10/15/2020,LBB,TX,ASW,CE,Combined TRACON& Tower with Radar,31,38,23,17,109,0,16,27,4,47,31,54,50,21,156,46,22,68,224
10/16/2020,LBB,TX,ASW,CE,Combined TRACON& Tower with Radar,33,42,56,8,139,0,24,58,2,84,33,66,114,10,223,113,18,131,354
10/17/2020,LBB,TX,ASW,CE,Combined TRACON& Tower with Radar,22,24,21,78,145,0,22,33,6,61,22,46,54,84,206,46,4,50,256
10/18/2020,LBB,TX,ASW,CE,Combined TRACON& Tower with Radar,21,20,50,8,99,0,8,49,2,59,21,28,99,10,158,32,0,32,190
10/19/2020,LBB,TX,ASW,CE,Combined TRACON& Tower with Radar,21,33,61,60,175,0,7,41,5,53,21,40,102,65,228,14,0,14,242
10/20/2020,LBB,TX,ASW,CE,Combined TRACON& Tower with Radar,33,32,52,38,155,0,12,40,4,56,33,44,92,42,211,36,12,48,259
10/21/2020,LBB,TX,ASW,CE,Combined TRACON& Tower with Radar,35,38,51,29,153,0,14,36,3,53,35,52,87,32,206,42,0,42,248
10/22/2020,LBB,TX,ASW,CE,Combined TRACON& Tower with Radar,32,35,65,18,150,0,21,40,3,64,32,56,105,21,214,40,0,40,254
10/23/2020,LBB,TX,ASW,CE,Combined TRACON& Tower with Radar,34,42,49,83,208,0,13,3,7,23,34,55,52,90,231,38,22,60,291
10/24/2020,LBB,TX,ASW,CE,Combined TRACON& Tower with Radar,24,17,33,5,79,0,23,42,4,69,24,40,75,9,148,62,14,76,224
10/25/2020,LBB,TX,ASW,CE,Combined TRACON& Tower with Radar,21,21,52,21,115,0,5,5,1,11,21,26,57,22,126,6,0,6,132
10/26/2020,LBB,TX,ASW,CE,Combined TRACON& Tower with Radar,17,15,20,0,52,0,0,0,0,0,17,15,20,0,52,0,0,0,52
10/27/2020,LBB,TX,ASW,CE,Combined TRACON& Tower with Radar,18,0,4,0,22,0,0,0,0,0,18,0,4,0,22,0,0,0,22
10/28/2020,LBB,TX,ASW,CE,Combined TRACON& Tower with Radar,30,37,11,0,78,0,0,0,0,0,30,37,11,0,78,0,0,0,78
10/29/2020,LBB,TX,ASW,CE,Combined TRACON& Tower with Radar,32,35,35,9,111,0,17,36,1,54,32,52,71,10,165,30,16,46,211
10/30/2020,LBB,TX,ASW,CE,Combined TRACON& Tower with Radar,33,36,49,50,168,0,31,81,10,122,33,67,130,60,290,100,18,118,408
10/31/2020,LBB,TX,ASW,CE,Combined TRACON& Tower with Radar,21,22,37,4,84,0,10,63,1,74,21,32,100,5,158,46,0,46,204
11/01/2020,LBB,TX,ASW,CE,Combined TRACON& Tower with Radar,26,19,27,0,72,0,14,62,0,76,26,33,89,0,148,80,0,80,228
11/02/2020,LBB,TX,ASW,CE,Combined TRACON& Tower with Radar,21,24,38,69,152,0,13,36,6,55,21,37,74,75,207,16,42,58,265
11/03/2020,LBB,TX,ASW,CE,Combined TRACON& Tower with Radar,31,37,24,27,119,0,20,24,0,44,31,57,48,27,163,30,8,38,201
11/04/2020,LBB,TX,ASW,CE,Combined TRACON& Tower with Radar,30,36,51,26,143,0,27,50,4,81,30,63,101,30,224,20,0,20,244
11/05/2020,LBB,TX,ASW,CE,Combined TRACON& Tower with Radar,35,39,30,9,113,0,19,37,4,60,35,58,67,13,173,20,22,42,215
11/06/2020,LBB,TX,ASW,CE,Combined TRACON& Tower with Radar,40,38,48,7,133,0,27,50,7,84,40,65,98,14,217,70,0,70,287
11/07/2020,LBB,TX,ASW,CE,Combined TRACON& Tower with Radar,26,21,20,4,71,0,13,40,2,55,26,34,60,6,126,46,10,56,182
11/08/2020,LBB,TX,ASW,CE,Combined TRACON& Tower with Radar,29,21,32,14,96,0,13,20,0,33,29,34,52,14,129,18,0,18,147
11/09/2020,LBB,TX,ASW,CE,Combined TRACON& Tower with Radar,24,23,32,42,121,0,13,22,0,35,24,36,54,42,156,8,12,20,176
11/10/2020,LBB,TX,ASW,CE,Combined TRACON& Tower with Radar,28,33,40,20,121,0,18,37,8,63,28,51,77,28,184,18,16,34,218
11/11/2020,LBB,TX,ASW,CE,Combined TRACON& Tower with Radar,31,33,31,0,95,0,16,48,0,64,31,49,79,0,159,42,0,42,201
11/12/2020,LBB,TX,ASW,CE,Combined TRACON& Tower with Radar,35,33,37,16,121,0,27,43,2,72,35,60,80,18,193,36,0,36,229
11/13/2020,LBB,TX,ASW,CE,Combined TRACON& Tower with Radar,39,39,43,67,188,0,19,25,3,47,39,58,68,70,235,66,18,84,319
11/14/2020,LBB,TX,ASW,CE,Combined TRACON& Tower with Radar,25,44,23,8,100,0,9,17,2,28,25,53,40,10,128,6,8,14,142
11/15/2020,LBB,TX,ASW,CE,Combined TRACON& Tower with Radar,28,14,41,16,99,0,8,46,1,55,28,22,87,17,154,28,0,28,182
11/16/2020,LBB,TX,ASW,CE,Combined TRACON& Tower with Radar,25,31,48,9,113,0,19,34,1,54,25,50,82,10,167,44,2,46,213
11/17/2020,LBB,TX,ASW,CE,Combined TRACON& Tower with Radar,31,33,30,21,115,0,17,29,2,48,31,50,59,23,163,34,12,46,209
11/18/2020,LBB,TX,ASW,CE,Combined TRACON& Tower with Radar,31,38,52,44,165,0,20,51,2,73,31,58,103,46,238,61,0,61,299
11/19/2020,LBB,TX,ASW,CE,Combined TRACON& Tower with Radar,37,46,53,17,153,0,28,62,0,90,37,74,115,17,243,38,2,40,283
11/20/2020,LBB,TX,ASW,CE,Combined TRACON& Tower with Radar,37,45,48,11,141,0,13,80,0,93,37,58,128,11,234,114,6,120,354
11/21/2020,LBB,TX,ASW,CE,Combined TRACON& Tower with Radar,28,25,26,8,87,0,12,53,2,67,28,37,79,10,154,0,0,0,154
11/22/2020,LBB,TX,ASW,CE,Combined TRACON& Tower with Radar,29,26,40,4,99,0,2,3,0,5,29,28,43,4,104,68,0,68,172
11/23/2020,LBB,TX,ASW,CE,Combined TRACON& Tower with Radar,26,28,43,0,97,0,0,0,0,0,26,28,43,0,97,0,0,0,97
11/24/2020,LBB,TX,ASW,CE,Combined TRACON& Tower with Radar,38,39,38,13,128,0,8,7,0,15,38,47,45,13,143,0,12,12,155
11/25/2020,LBB,TX,ASW,CE,Combined TRACON& Tower with Radar,38,33,27,27,125,0,24,45,2,71,38,57,72,29,196,44,24,68,264
11/26/2020,LBB,TX,ASW,CE,Combined TRACON& Tower with Radar,10,6,7,1,24,0,23,19,2,44,10,29,26,3,68,0,0,0,68
11/27/2020,LBB,TX,ASW,CE,Combined TRACON& Tower with Radar,33,28,13,0,74,0,32,21,0,53,33,60,34,0,127,31,0,31,158
11/28/2020,LBB,TX,ASW,CE,Combined TRACON& Tower with Radar,31,25,30,2,88,0,5,4,0,9,31,30,34,2,97,0,0,0,97
11/29/2020,LBB,TX,ASW,CE,Combined TRACON& Tower with Radar,29,21,33,2,85,0,16,9,4,29,29,37,42,6,114,26,0,26,140
11/30/2020,LBB,TX,ASW,CE,Combined TRACON& Tower with Radar,26,27,26,14,93,0,14,30,3,47,26,41,56,17,140,12,4,16,156
12/01/2020,LBB,TX,ASW,CE,Combined TRACON& Tower with Radar,51,43,35,24,153,0,15,39,0,54,51,58,74,24,207,70,20,90,297
12/02/2020,LBB,TX,ASW,CE,Combined TRACON& Tower with Radar,30,41,29,17,117,0,5,22,2,29,30,46,51,19,146,0,50,50,196
12/03/2020,LBB,TX,ASW,CE,Combined TRACON& Tower with Radar,34,47,44,47,172,0,16,24,0,40,34,63,68,47,212,68,14,82,294
12/04/2020,LBB,TX,ASW,CE,Combined TRACON& Tower with Radar,37,34,25,11,107,0,36,39,1,76,37,70,64,12,183,6,6,12,195
12/05/2020,LBB,TX,ASW,CE,Combined TRACON& Tower with Radar,27,27,24,9,87,0,22,31,2,55,27,49,55,11,142,0,4,4,146
12/06/2020,LBB,TX,ASW,CE,Combined TRACON& Tower with Radar,27,12,26,19,84,0,15,45,1,61,27,27,71,20,145,40,4,44,189
12/07/2020,LBB,TX,ASW,CE,Combined TRACON& Tower with Radar,25,30,38,14,107,0,25,43,4,72,25,55,81,18,179,26,0,26,205
12/08/2020,LBB,TX,ASW,CE,Combined TRACON& Tower with Radar,31,42,34,2,109,0,34,38,0,72,31,76,72,2,181,16,0,16,197
12/09/2020,LBB,TX,ASW,CE,Combined TRACON& Tower with Radar,31,40,41,64,176,0,22,44,0,66,31,62,85,64,242,44,22,66,308
12/10/2020,LBB,TX,ASW,CE,Combined TRACON& Tower with Radar,32,33,50,10,125,0,16,33,4,53,32,49,83,14,178,12,0,12,190
12/11/2020,LBB,TX,ASW,CE,Combined TRACON& Tower with Radar,36,28,38,49,151,0,20,49,2,71,36,48,87,51,222,22,26,48,270
12/12/2020,LBB,TX,ASW,CE,Combined TRACON& Tower with Radar,26,26,30,10,92,0,6,43,1,50,26,32,73,11,142,76,0,76,218
12/13/2020,LBB,TX,ASW,CE,Combined TRACON& Tower with Radar,24,16,32,7,79,0,2,6,0,8,24,18,38,7,87,0,0,0,87
12/14/2020,LBB,TX,ASW,CE,Combined TRACON& Tower with Radar,26,23,42,41,132,0,14,38,1,53,26,37,80,42,185,34,0,34,219
12/15/2020,LBB,TX,ASW,CE,Combined TRACON& Tower with Radar,30,36,26,26,118,0,14,11,3,28,30,50,37,29,146,20,0,20,166
12/16/2020,LBB,TX,ASW,CE,Combined TRACON& Tower with Radar,31,43,37,6,117,0,23,54,2,79,31,66,91,8,196,18,0,18,214
12/17/2020,LBB,TX,ASW,CE,Combined TRACON& Tower with Radar,37,32,62,18,149,0,33,45,4,82,37,65,107,22,231,24,10,34,265
12/18/2020,LBB,TX,ASW,CE,Combined TRACON& Tower with Radar,38,37,46,20,141,0,30,48,3,81,38,67,94,23,222,34,4,38,260
12/19/2020,LBB,TX,ASW,CE,Combined TRACON& Tower with Radar,35,30,34,0,99,0,11,44,0,55,35,41,78,0,154,58,0,58,212
12/20/2020,LBB,TX,ASW,CE,Combined TRACON& Tower with Radar,33,13,16,2,64,0,13,45,2,60,33,26,61,4,124,12,0,12,136
12/21/2020,LBB,TX,ASW,CE,Combined TRACON& Tower with Radar,31,21,35,24,111,0,18,55,1,74,31,39,90,25,185,38,0,38,223
12/22/2020,LBB,TX,ASW,CE,Combined TRACON& Tower with Radar,43,37,40,24,144,0,21,41,0,62,43,58,81,24,206,30,0,30,236
12/23/2020,LBB,TX,ASW,CE,Combined TRACON& Tower with Radar,42,38,27,7,114,0,17,27,0,44,42,55,54,7,158,0,0,0,158
12/24/2020,LBB,TX,ASW,CE,Combined TRACON& Tower with Radar,29,35,13,0,77,0,12,31,0,43,29,47,44,0,120,14,0,14,134
12/25/2020,LBB,TX,ASW,CE,Combined TRACON& Tower with Radar,11,14,17,0,42,0,5,8,1,14,11,19,25,1,56,0,0,0,56
12/26/2020,LBB,TX,ASW,CE,Combined TRACON& Tower with Radar,27,21,29,0,77,0,26,35,2,63,27,47,64,2,140,22,0,22,162
12/27/2020,LBB,TX,ASW,CE,Combined TRACON& Tower with Radar,27,25,27,0,79,0,14,40,0,54,27,39,67,0,133,26,0,26,159
12/28/2020,LBB,TX,ASW,CE,Combined TRACON& Tower with Radar,34,26,34,4,98,0,7,14,0,21,34,33,48,4,119,22,0,22,141
12/29/2020,LBB,TX,ASW,CE,Combined TRACON& Tower with Radar,38,38,39,0,115,0,7,13,0,20,38,45,52,0,135,24,0,24,159
12/30/2020,LBB,TX,ASW,CE,Combined TRACON& Tower with Radar,36,37,16,0,89,1,1,3,0,5,37,38,19,0,94,0,0,0,94
12/31/2020,LBB,TX,ASW,CE,Combined TRACON& Tower with Radar,29,29,25,0,83,0,3,25,0,28,29,32,50,0,111,22,0,22,133
01/01/2021,LBB,TX,ASW,CE,Combined TRACON& Tower with Radar,21,19,20,0,60,0,24,11,0,35,21,43,31,0,95,0,0,0,95
01/02/2021,LBB,TX,ASW,CE,Combined TRACON& Tower with Radar,30,24,47,1,102,0,15,42,0,57,30,39,89,1,159,66,0,66,225
01/03/2021,LBB,TX,ASW,CE,Combined TRACON& Tower with Radar,29,14,45,1,89,0,12,54,0,66,29,26,99,1,155,94,0,94,249
01/04/2021,LBB,TX,ASW,CE,Combined TRACON& Tower with Radar,27,22,27,0,76,0,9,36,0,45,27,31,63,0,121,16,0,16,137
01/05/2021,LBB,TX,ASW,CE,Combined TRACON& Tower with Radar,34,36,23,4,97,0,22,24,0,46,34,58,47,4,143,6,0,6,149
01/06/2021,LBB,TX,ASW,CE,Combined TRACON& Tower with Radar,37,48,32,25,142,0,19,12,0,31,37,67,44,25,173,12,6,18,191
01/07/2021,LBB,TX,ASW,CE,Combined TRACON& Tower with Radar,32,35,26,40,133,0,16,41,3,60,32,51,67,43,193,20,0,20,213
01/08/2021,LBB,TX,ASW,CE,Combined TRACON& Tower with Radar,35,31,33,23,122,0,3,27,2,32,35,34,60,25,154,0,10,10,164
01/09/2021,LBB,TX,ASW,CE,Combined TRACON& Tower with Radar,26,14,22,1,63,0,0,1,0,1,26,14,23,1,64,0,0,0,64
01/10/2021,LBB,TX,ASW,CE,Combined TRACON& Tower with Radar,12,5,11,0,28,0,1,0,0,1,12,6,11,0,29,0,0,0,29
01/11/2021,LBB,TX,ASW,CE,Combined TRACON& Tower with Radar,23,26,33,13,95,0,20,13,1,34,23,46,46,14,129,10,0,10,139
01/12/2021,LBB,TX,ASW,CE,Combined TRACON& Tower with Radar,37,42,26,45,150,0,18,35,11,64,37,60,61,56,214,10,0,10,224
01/13/2021,LBB,TX,ASW,CE,Combined TRACON& Tower with Radar,32,30,47,29,138,0,17,35,10,62,32,47,82,39,200,10,0,10,210
01/14/2021,LBB,TX,ASW,CE,Combined TRACON& Tower with Radar,38,40,41,8,127,0,15,21,0,36,38,55,62,8,163,8,0,8,171
01/15/2021,LBB,TX,ASW,CE,Combined TRACON& Tower with Radar,33,38,33,0,104,0,16,29,1,46,33,54,62,1,150,16,0,16,166
01/16/2021,LBB,TX,ASW,CE,Combined TRACON& Tower with Radar,24,28,33,0,85,0,14,45,1,60,24,42,78,1,145,46,0,46,191
01/17/2021,LBB,TX,ASW,CE,Combined TRACON& Tower with Radar,23,24,14,0,61,0,21,37,1,59,23,45,51,1,120,30,0,30,150
01/18/2021,LBB,TX,ASW,CE,Combined TRACON& Tower with Radar,22,27,31,0,80,0,21,21,0,42,22,48,52,0,122,12,0,12,134
01/19/2021,LBB,TX,ASW,CE,Combined TRACON& Tower with Radar,34,36,39,19,128,0,8,28,3,39,34,44,67,22,167,16,8,24,191
01/20/2021,LBB,TX,ASW,CE,Combined TRACON& Tower with Radar,36,43,28,35,142,0,9,18,0,27,36,52,46,35,169,46,0,46,215
01/21/2021,LBB,TX,ASW,CE,Combined TRACON& Tower with Radar,36,34,40,44,154,0,12,31,2,45,36,46,71,46,199,66,12,78,277
01/22/2021,LBB,TX,ASW,CE,Combined TRACON& Tower with Radar,32,31,35,31,129,0,5,3,1,9,32,36,38,32,138,0,0,0,138
01/23/2021,LBB,TX,ASW,CE,Combined TRACON& Tower with Radar,27,18,22,49,116,0,5,14,17,36,27,23,36,66,152,80,48,128,280
01/24/2021,LBB,TX,ASW,CE,Combined TRACON& Tower with Radar,26,14,19,7,66,0,0,0,1,1,26,14,19,8,67,0,0,0,67
01/25/2021,LBB,TX,ASW,CE,Combined TRACON& Tower with Radar,21,24,41,94,180,0,16,24,15,55,21,40,65,109,235,22,0,22,257
01/26/2021,LBB,TX,ASW,CE,Combined TRACON& Tower with Radar,36,36,45,7,124,0,10,17,2,29,36,46,62,9,153,14,0,14,167
01/27/2021,LBB,TX,ASW,CE,Combined TRACON& Tower with Radar,34,39,55,19,147,0,16,53,7,76,34,55,108,26,223,53,0,53,276
01/28/2021,LBB,TX,ASW,CE,Combined TRACON& Tower with Radar,32,39,50,18,139,0,22,29,2,53,32,61,79,20,192,44,10,54,246
01/29/2021,LBB,TX,ASW,CE,Combined TRACON& Tower with Radar,36,35,44,28,143,0,14,32,6,52,36,49,76,34,195,12,4,16,211
01/30/2021,LBB,TX,ASW,CE,Combined TRACON& Tower with Radar,23,24,15,4,66,0,3,10,0,13,23,27,25,4,79,0,0,0,79
01/31/2021,LBB,TX,ASW,CE,Combined TRACON& Tower with Radar,24,15,28,9,76,0,34,55,1,90,24,49,83,10,166,52,0,52,218
02/01/2021,LBB,TX,ASW,CE,Combined TRACON& Tower with Radar,21,22,47,31,121,0,17,51,3,71,21,39,98,34,192,64,8,72,264
02/02/2021,LBB,TX,ASW,CE,Combined TRACON& Tower with Radar,33,29,46,46,154,0,29,57,5,91,33,58,103,51,245,50,0,50,295
02/03/2021,LBB,TX,ASW,CE,Combined TRACON& Tower with Radar,31,31,31,11,104,0,20,34,2,56,31,51,65,13,160,50,0,50,210
02/04/2021,LBB,TX,ASW,CE,Combined TRACON& Tower with Radar,34,37,35,4,110,0,22,34,2,58,34,59,69,6,168,10,0,10,178
02/05/2021,LBB,TX,ASW,CE,Combined TRACON& Tower with Radar,37,41,39,56,173,0,23,68,5,96,37,64,107,61,269,74,24,98,367
02/06/2021,LBB,TX,ASW,CE,Combined TRACON& Tower with Radar,28,20,26,8,82,0,20,28,4,52,28,40,54,12,134,28,0,28,162
02/07/2021,LBB,TX,ASW,CE,Combined TRACON& Tower with Radar,24,21,47,8,100,0,18,69,0,87,24,39,116,8,187,58,0,58,245
02/08/2021,LBB,TX,ASW,CE,Combined TRACON& Tower with Radar,22,30,35,14,101,0,14,42,3,59,22,44,77,17,160,30,20,50,210
02/09/2021,LBB,TX,ASW,CE,Combined TRACON& Tower with Radar,37,29,64,38,168,0,4,37,2,43,37,33,101,40,211,22,14,36,247
02/10/2021,LBB,TX,ASW,CE,Combined TRACON& Tower with Radar,29,13,19,0,61,0,0,0,0,0,29,13,19,0,61,0,0,0,61
02/11/2021,LBB,TX,ASW,CE,Combined TRACON& Tower with Radar,44,42,32,4,122,0,0,9,0,9,44,42,41,4,131,0,0,0,131
02/12/2021,LBB,TX,ASW,CE,Combined TRACON& Tower with Radar,29,30,32,0,91,0,0,4,0,4,29,30,36,0,95,0,0,0,95
02/13/2021,LBB,TX,ASW,CE,Combined TRACON& Tower with Radar,21,26,13,1,61,0,0,5,1,6,21,26,18,2,67,28,0,28,95
02/14/2021,LBB,TX,ASW,CE,Combined TRACON& Tower with Radar,6,2,8,0,16,0,0,0,0,0,6,2,8,0,16,0,0,0,16
02/15/2021,LBB,TX,ASW,CE,Combined TRACON& Tower with Radar,8,12,31,2,53,0,3,12,2,17,8,15,43,4,70,0,0,0,70
02/16/2021,LBB,TX,ASW,CE,Combined TRACON& Tower with Radar,17,6,10,0,33,0,0,0,0,0,17,6,10,0,33,0,0,0,33
02/17/2021,LBB,TX,ASW,CE,Combined TRACON& Tower with Radar,10,10,5,0,25,0,0,1,0,1,10,10,6,0,26,0,0,0,26
02/18/2021,LBB,TX,ASW,CE,Combined TRACON& Tower with Radar,10,27,30,0,67,0,6,5,0,11,10,33,35,0,78,0,0,0,78
02/19/2021,LBB,TX,ASW,CE,Combined TRACON& Tower with Radar,24,28,45,34,131,0,14,43,4,61,24,42,88,38,192,30,46,76,268
02/20/2021,LBB,TX,ASW,CE,Combined TRACON& Tower with Radar,26,25,26,3,80,0,21,60,1,82,26,46,86,4,162,52,0,52,214
02/21/2021,LBB,TX,ASW,CE,Combined TRACON& Tower with Radar,25,15,32,12,84,0,16,46,4,66,25,31,78,16,150,64,2,66,216
02/22/2021,LBB,TX,ASW,CE,Combined TRACON& Tower with Radar,23,21,46,23,113,0,24,56,1,81,23,45,102,24,194,52,2,54,248
02/23/2021,LBB,TX,ASW,CE,Combined TRACON& Tower with Radar,34,37,38,21,130,0,17,46,6,69,34,54,84,27,199,4,12,16,215
02/24/2021,LBB,TX,ASW,CE,Combined TRACON& Tower with Radar,32,42,45,11,130,0,26,48,9,83,32,68,93,20,213,48,14,62,275
02/25/2021,LBB,TX,ASW,CE,Combined TRACON& Tower with Radar,32,38,47,23,140,0,22,41,4,67,32,60,88,27,207,134,10,144,351
02/26/2021,LBB,TX,ASW,CE,Combined TRACON& Tower with Radar,33,45,59,79,216,0,25,44,3,72,33,70,103,82,288,44,54,98,386
02/27/2021,LBB,TX,ASW,CE,Combined TRACON& Tower with Radar,28,29,39,43,139,0,16,46,9,71,28,45,85,52,210,44,92,136,346
02/28/2021,LBB,TX,ASW,CE,Combined TRACON& Tower with Radar,27,14,40,20,101,0,15,21,1,37,27,29,61,21,138,12,0,12,150
03/01/2021,LBB,TX,ASW,CE,Combined TRACON& Tower with Radar,24,22,37,11,94,0,18,17,2,37,24,40,54,13,131,48,32,80,211
03/02/2021,LBB,TX,ASW,CE,Combined TRACON& Tower with Radar,31,39,41,17,128,0,21,58,6,85,31,60,99,23,213,36,0,36,249
03/03/2021,LBB,TX,ASW,CE,Combined TRACON& Tower with Radar,33,28,56,34,151,0,23,58,0,81,33,51,114,34,232,74,20,94,326
03/04/2021,LBB,TX,ASW,CE,Combined TRACON& Tower with Radar,42,36,47,16,141,0,21,20,4,45,42,57,67,20,186,16,12,28,214
03/05/2021,LBB,TX,ASW,CE,Combined TRACON& Tower with Radar,33,54,51,14,152,0,11,7,0,18,33,65,58,14,170,0,0,0,170
03/06/2021,LBB,TX,ASW,CE,Combined TRACON& Tower with Radar,28,25,35,14,102,0,24,60,1,85,28,49,95,15,187,144,0,144,331
03/07/2021,LBB,TX,ASW,CE,Combined TRACON& Tower with Radar,31,14,30,18,93,0,25,40,3,68,31,39,70,21,161,48,18,66,227
03/08/2021,LBB,TX,ASW,CE,Combined TRACON& Tower with Radar,31,17,28,39,115,0,14,37,6,57,31,31,65,45,172,42,0,42,214
03/09/2021,LBB,TX,ASW,CE,Combined TRACON& Tower with Radar,34,36,54,20,144,0,25,36,6,67,34,61,90,26,211,50,34,84,295
03/10/2021,LBB,TX,ASW,CE,Combined TRACON& Tower with Radar,35,34,39,23,131,0,21,22,2,45,35,55,61,25,176,20,4,24,200
03/11/2021,LBB,TX,ASW,CE,Combined TRACON& Tower with Radar,38,37,45,9,129,0,21,54,3,78,38,58,99,12,207,132,6,138,345
03/12/2021,LBB,TX,ASW,CE,Combined TRACON& Tower with Radar,42,49,47,0,138,0,1,12,2,15,42,50,59,2,153,4,0,4,157
03/13/2021,LBB,TX,ASW,CE,Combined TRACON& Tower with Radar,31,31,25,7,94,0,4,6,0,10,31,35,31,7,104,2,4,6,110
03/14/2021,LBB,TX,ASW,CE,Combined TRACON& Tower with Radar,30,18,20,15,83,0,8,17,10,35,30,26,37,25,118,36,22,58,176
03/15/2021,LBB,TX,ASW,CE,Combined TRACON& Tower with Radar,27,32,53,34,146,0,15,50,0,65,27,47,103,34,211,30,48,78,289
03/16/2021,LBB,TX,ASW,CE,Combined TRACON& Tower with Radar,40,31,32,41,144,0,18,20,6,44,40,49,52,47,188,42,0,42,230
03/17/2021,LBB,TX,ASW,CE,Combined TRACON& Tower with Radar,35,25,29,6,95,0,8,5,2,15,35,33,34,8,110,0,0,0,110
03/18/2021,LBB,TX,ASW,CE,Combined TRACON& Tower with Radar,39,37,37,43,156,0,30,71,16,117,39,67,108,59,273,110,16,126,399
03/19/2021,LBB,TX,ASW,CE,Combined TRACON& Tower with Radar,38,39,46,31,154,0,19,73,6,98,38,58,119,37,252,118,2,120,372
03/20/2021,LBB,TX,ASW,CE,Combined TRACON& Tower with Radar,29,21,47,13,110,0,19,53,6,78,29,40,100,19,188,6,2,8,196
03/21/2021,LBB,TX,ASW,CE,Combined TRACON& Tower with Radar,28,16,30,2,76,0,10,42,2,54,28,26,72,4,130,52,16,68,198
03/22/2021,LBB,TX,ASW,CE,Combined TRACON& Tower with Radar,31,33,37,25,126,0,7,7,6,20,31,40,44,31,146,28,0,28,174
03/23/2021,LBB,TX,ASW,CE,Combined TRACON& Tower with Radar,38,36,41,30,145,0,41,51,2,94,38,77,92,32,239,70,24,94,333
03/24/2021,LBB,TX,ASW,CE,Combined TRACON& Tower with Radar,36,39,52,23,150,0,13,9,1,23,36,52,61,24,173,0,20,20,193
03/25/2021,LBB,TX,ASW,CE,Combined TRACON& Tower with Radar,40,46,46,67,199,0,16,53,13,82,40,62,99,80,281,44,30,74,355
03/26/2021,LBB,TX,ASW,CE,Combined TRACON& Tower with Radar,35,38,47,21,141,0,29,47,5,81,35,67,94,26,222,80,0,80,302
03/27/2021,LBB,TX,ASW,CE,Combined TRACON& Tower with Radar,28,25,33,23,109,0,25,43,6,74,28,50,76,29,183,66,22,88,271
03/28/2021,LBB,TX,ASW,CE,Combined TRACON& Tower with Radar,27,19,38,19,103,0,25,43,6,74,27,44,81,25,177,38,0,38,215
03/29/2021,LBB,TX,ASW,CE,Combined TRACON& Tower with Radar,28,21,25,15,89,0,29,26,3,58,28,50,51,18,147,8,0,8,155
03/30/2021,LBB,TX,ASW,CE,Combined TRACON& Tower with Radar,37,37,38,4,116,0,21,31,4,56,37,58,69,8,172,54,0,54,226
03/31/2021,LBB,TX,ASW,CE,Combined TRACON& Tower with Radar,39,38,39,27,143,0,20,45,12,77,39,58,84,39,220,62,0,62,282
04/01/2021,LBB,TX,ASW,CE,Combined TRACON& Tower with Radar,36,38,35,13,122,0,24,55,5,84,36,62,90,18,206,40,4,44,250
04/02/2021,LBB,TX,ASW,CE,Combined TRACON& Tower with Radar,35,37,32,39,143,0,13,27,3,43,35,50,59,42,186,4,14,18,204
04/03/2021,LBB,TX,ASW,CE,Combined TRACON& Tower with Radar,25,28,16,0,69,0,20,72,0,92,25,48,88,0,161,108,0,108,269
04/04/2021,LBB,TX,ASW,CE,Combined TRACON& Tower with Radar,30,23,27,21,101,0,15,15,1,31,30,38,42,22,132,4,16,20,152
04/05/2021,LBB,TX,ASW,CE,Combined TRACON& Tower with Radar,26,34,41,25,126,0,11,31,1,43,26,45,72,26,169,44,0,44,213
04/06/2021,LBB,TX,ASW,CE,Combined TRACON& Tower with Radar,32,40,25,13,110,0,20,42,2,64,32,60,67,15,174,46,0,46,220
04/07/2021,LBB,TX,ASW,CE,Combined TRACON& Tower with Radar,32,35,44,39,150,0,19,64,7,90,32,54,108,46,240,42,12,54,294
04/08/2021,LBB,TX,ASW,CE,Combined TRACON& Tower with Radar,34,48,45,33,160,0,35,46,4,85,34,83,91,37,245,26,10,36,281
04/09/2021,LBB,TX,ASW,CE,Combined TRACON& Tower with Radar,35,38,46,35,154,0,13,38,4,55,35,51,84,39,209,38,2,40,249
04/10/2021,LBB,TX,ASW,CE,Combined TRACON& Tower with Radar,28,18,21,10,77,0,15,47,8,70,28,33,68,18,147,82,0,82,229
04/11/2021,LBB,TX,ASW,CE,Combined TRACON& Tower with Radar,25,17,49,4,95,0,16,39,0,55,25,33,88,4,150,48,0,48,198
04/12/2021,LBB,TX,ASW,CE,Combined TRACON& Tower with Radar,26,26,32,19,103,0,24,23,0,47,26,50,55,19,150,24,0,24,174
04/13/2021,LBB,TX,ASW,CE,Combined TRACON& Tower with Radar,30,35,43,71,179,0,14,35,3,52,30,49,78,74,231,70,6,76,307
04/14/2021,LBB,TX,ASW,CE,Combined TRACON& Tower with Radar,30,56,59,31,176,0,0,11,0,11,30,56,70,31,187,38,6,44,231
04/15/2021,LBB,TX,ASW,CE,Combined TRACON& Tower with Radar,36,37,27,2,102,0,0,0,0,0,36,37,27,2,102,0,0,0,102
04/16/2021,LBB,TX,ASW,CE,Combined TRACON& Tower with Radar,35,42,55,9,141,0,13,18,0,31,35,55,73,9,172,38,0,38,210
04/17/2021,LBB,TX,ASW,CE,Combined TRACON& Tower with Radar,28,31,41,6,106,0,17,43,2,62,28,48,84,8,168,144,0,144,312
04/18/2021,LBB,TX,ASW,CE,Combined TRACON& Tower with Radar,27,19,45,5,96,0,24,54,4,82,27,43,99,9,178,48,4,52,230
04/19/2021,LBB,TX,ASW,CE,Combined TRACON& Tower with Radar,26,24,21,32,103,0,30,38,1,69,26,54,59,33,172,52,0,52,224
04/20/2021,LBB,TX,ASW,CE,Combined TRACON& Tower with Radar,30,38,40,28,136,0,13,22,2,37,30,51,62,30,173,48,0,48,221
04/21/2021,LBB,TX,ASW,CE,Combined TRACON& Tower with Radar,30,41,48,47,166,0,23,57,4,84,30,64,105,51,250,110,6,116,366
04/22/2021,LBB,TX,ASW,CE,Combined TRACON& Tower with Radar,36,47,47,27,157,0,16,30,7,53,36,63,77,34,210,34,14,48,258
04/23/2021,LBB,TX,ASW,CE,Combined TRACON& Tower with Radar,41,47,56,101,245,0,4,30,7,41,41,51,86,108,286,32,84,116,402
04/24/2021,LBB,TX,ASW,CE,Combined TRACON& Tower with Radar,27,22,44,3,96,0,39,78,5,122,27,61,122,8,218,144,6,150,368
04/25/2021,LBB,TX,ASW,CE,Combined TRACON& Tower with Radar,26,14,48,8,96,0,20,36,2,58,26,34,84,10,154,16,0,16,170
04/26/2021,LBB,TX,ASW,CE,Combined TRACON& Tower with Radar,26,28,37,56,147,0,23,33,4,60,26,51,70,60,207,20,0,20,227
04/27/2021,LBB,TX,ASW,CE,Combined TRACON& Tower with Radar,30,39,44,6,119,0,8,29,2,39,30,47,73,8,158,36,22,58,216
04/28/2021,LBB,TX,ASW,CE,Combined TRACON& Tower with Radar,29,37,28,17,111,0,4,21,2,27,29,41,49,19,138,43,24,67,205
04/29/2021,LBB,TX,ASW,CE,Combined TRACON& Tower with Radar,35,49,34,27,145,0,4,6,4,14,35,53,40,31,159,8,30,38,197
04/30/2021,LBB,TX,ASW,CE,Combined TRACON& Tower with Radar,34,50,54,25,163,0,16,73,6,95,34,66,127,31,258,83,26,109,367
05/01/2021,LBB,TX,ASW,CE,Combined TRACON& Tower with Radar,28,26,20,16,90,0,26,40,4,70,28,52,60,20,160,58,2,60,220
05/02/2021,LBB,TX,ASW,CE,Combined TRACON& Tower with Radar,25,28,44,12,109,0,4,37,7,48,25,32,81,19,157,22,4,26,183
05/03/2021,LBB,TX,ASW,CE,Combined TRACON& Tower with Radar,26,30,62,32,150,0,11,34,0,45,26,41,96,32,195,47,0,47,242
05/04/2021,LBB,TX,ASW,CE,Combined TRACON& Tower with Radar,41,47,63,31,182,0,26,31,1,58,41,73,94,32,240,38,10,48,288
05/05/2021,LBB,TX,ASW,CE,Combined TRACON& Tower with Radar,30,37,46,16,129,0,34,48,4,86,30,71,94,20,215,21,24,45,260
05/06/2021,LBB,TX,ASW,CE,Combined TRACON& Tower with Radar,36,44,46,34,160,0,33,45,10,88,36,77,91,44,248,58,0,58,306
05/07/2021,LBB,TX,ASW,CE,Combined TRACON& Tower with Radar,38,35,27,39,139,0,26,48,4,78,38,61,75,43,217,16,12,28,245
05/08/2021,LBB,TX,ASW,CE,Combined TRACON& Tower with Radar,31,29,17,10,87,0,6,30,2,38,31,35,47,12,125,12,0,12,137
05/09/2021,LBB,TX,ASW,CE,Combined TRACON& Tower with Radar,28,22,35,10,95,0,25,46,1,72,28,47,81,11,167,60,0,60,227
05/10/2021,LBB,TX,ASW,CE,Combined TRACON& Tower with Radar,29,34,30,28,121,0,19,31,1,51,29,53,61,29,172,11,24,35,207
05/11/2021,LBB,TX,ASW,CE,Combined TRACON& Tower with Radar,31,49,39,0,119,0,0,0,0,0,31,49,39,0,119,0,0,0,119
05/12/2021,LBB,TX,ASW,CE,Combined TRACON& Tower with Radar,36,42,43,53,174,0,12,41,2,55,36,54,84,55,229,112,70,182,411
05/13/2021,LBB,TX,ASW,CE,Combined TRACON& Tower with Radar,36,51,53,18,158,0,12,57,1,70,36,63,110,19,228,80,8,88,316
05/14/2021,LBB,TX,ASW,CE,Combined TRACON& Tower with Radar,36,50,66,39,191,0,25,35,3,63,36,75,101,42,254,6,8,14,268
05/15/2021,LBB,TX,ASW,CE,Combined TRACON& Tower with Radar,30,33,35,0,98,0,12,31,2,45,30,45,66,2,143,34,0,34,177
05/16/2021,LBB,TX,ASW,CE,Combined TRACON& Tower with Radar,27,30,55,3,115,0,8,27,0,35,27,38,82,3,150,10,10,20,170
05/17/2021,LBB,TX,ASW,CE,Combined TRACON& Tower with Radar,28,15,32,36,111,0,10,34,9,53,28,25,66,45,164,28,6,34,198
05/18/2021,LBB,TX,ASW,CE,Combined TRACON& Tower with Radar,37,48,41,21,147,0,5,40,1,46,37,53,81,22,193,17,0,17,210
05/19/2021,LBB,TX,ASW,CE,Combined TRACON& Tower with Radar,36,34,46,7,123,0,16,21,0,37,36,50,67,7,160,14,12,26,186
05/20/2021,LBB,TX,ASW,CE,Combined TRACON& Tower with Radar,38,42,71,51,202,0,19,61,11,91,38,61,132,62,293,44,14,58,351
05/21/2021,LBB,TX,ASW,CE,Combined TRACON& Tower with Radar,37,38,71,69,215,0,19,31,2,52,37,57,102,71,267,16,39,55,322
05/22/2021,LBB,TX,ASW,CE,Combined TRACON& Tower with Radar,30,28,42,43,143,0,8,30,7,45,30,36,72,50,188,28,44,72,260
05/23/2021,LBB,TX,ASW,CE,Combined TRACON& Tower with Radar,28,30,33,24,115,0,4,13,0,17,28,34,46,24,132,16,0,16,148
05/24/2021,LBB,TX,ASW,CE,Combined TRACON& Tower with Radar,23,25,18,62,128,0,4,24,2,30,23,29,42,64,158,34,40,74,232
05/25/2021,LBB,TX,ASW,CE,Combined TRACON& Tower with Radar,36,46,55,58,195,0,11,31,0,42,36,57,86,58,237,80,60,140,377
05/26/2021,LBB,TX,ASW,CE,Combined TRACON& Tower with Radar,36,42,50,14,142,0,19,44,1,64,36,61,94,15,206,59,12,71,277
05/27/2021,LBB,TX,ASW,CE,Combined TRACON& Tower with Radar,38,46,60,65,209,0,8,60,7,75,38,54,120,72,284,64,32,96,380
05/28/2021,LBB,TX,ASW,CE,Combined TRACON& Tower with Radar,37,42,63,7,149,0,5,19,2,26,37,47,82,9,175,10,0,10,185
05/29/2021,LBB,TX,ASW,CE,Combined TRACON& Tower with Radar,30,37,45,5,117,0,7,14,1,22,30,44,59,6,139,24,0,24,163
05/30/2021,LBB,TX,ASW,CE,Combined TRACON& Tower with Radar,26,21,38,3,88,0,0,3,0,3,26,21,41,3,91,0,0,0,91
05/31/2021,LBB,TX,ASW,CE,Combined TRACON& Tower with Radar,23,14,23,1,61,0,3,2,0,5,23,17,25,1,66,0,0,0,66
06/01/2021,LBB,TX,ASW,CE,Combined TRACON& Tower with Radar,30,34,43,69,176,0,11,26,3,40,30,45,69,72,216,22,18,40,256
06/02/2021,LBB,TX,ASW,CE,Combined TRACON& Tower with Radar,38,38,49,21,146,0,15,52,8,75,38,53,101,29,221,12,0,12,233
06/03/2021,LBB,TX,ASW,CE,Combined TRACON& Tower with Radar,38,47,48,22,155,0,25,51,2,78,38,72,99,24,233,97,56,153,386
06/04/2021,LBB,TX,ASW,CE,Combined TRACON& Tower with Radar,42,40,41,111,234,0,34,52,6,92,42,74,93,117,326,56,50,106,432
06/05/2021,LBB,TX,ASW,CE,Combined TRACON& Tower with Radar,27,20,34,4,85,0,13,53,12,78,27,33,87,16,163,54,24,78,241
06/06/2021,LBB,TX,ASW,CE,Combined TRACON& Tower with Radar,35,23,51,23,132,0,14,29,4,47,35,37,80,27,179,6,0,6,185
06/07/2021,LBB,TX,ASW,CE,Combined TRACON& Tower with Radar,31,42,41,60,174,0,17,45,9,71,31,59,86,69,245,50,26,76,321
06/08/2021,LBB,TX,ASW,CE,Combined TRACON& Tower with Radar,37,42,41,8,128,0,22,40,0,62,37,64,81,8,190,28,0,28,218
06/09/2021,LBB,TX,ASW,CE,Combined TRACON& Tower with Radar,43,48,35,28,154,0,19,44,1,64,43,67,79,29,218,22,5,27,245
06/10/2021,LBB,TX,ASW,CE,Combined TRACON& Tower with Radar,39,41,73,28,181,0,35,65,9,109,39,76,138,37,290,44,20,64,354
06/11/2021,LBB,TX,ASW,CE,Combined TRACON& Tower with Radar,42,39,36,21,138,0,24,46,1,71,42,63,82,22,209,16,10,26,235
06/12/2021,LBB,TX,ASW,CE,Combined TRACON& Tower with Radar,28,20,34,3,85,0,14,38,7,59,28,34,72,10,144,70,12,82,226
06/13/2021,LBB,TX,ASW,CE,Combined TRACON& Tower with Radar,31,21,37,10,99,0,7,50,5,62,31,28,87,15,161,40,0,40,201
06/14/2021,LBB,TX,ASW,CE,Combined TRACON& Tower with Radar,28,21,33,28,110,0,26,38,3,67,28,47,71,31,177,32,22,54,231
06/15/2021,LBB,TX,ASW,CE,Combined TRACON& Tower with Radar,38,38,62,24,162,0,15,49,4,68,38,53,111,28,230,54,42,96,326
06/16/2021,LBB,TX,ASW,CE,Combined TRACON& Tower with Radar,40,32,44,49,165,0,31,37,5,73,40,63,81,54,238,44,4,48,286
06/17/2021,LBB,TX,ASW,CE,Combined TRACON& Tower with Radar,40,43,50,43,176,0,30,52,1,83,40,73,102,44,259,48,20,68,327
06/18/2021,LBB,TX,ASW,CE,Combined TRACON& Tower with Radar,41,40,39,43,163,0,27,37,6,70,41,67,76,49,233,38,2,40,273
06/19/2021,LBB,TX,ASW,CE,Combined TRACON& Tower with Radar,28,35,53,2,118,0,38,48,5,91,28,73,101,7,209,90,0,90,299
06/20/2021,LBB,TX,ASW,CE,Combined TRACON& Tower with Radar,26,33,51,50,160,0,23,47,5,75,26,56,98,55,235,25,5,30,265
06/21/2021,LBB,TX,ASW,CE,Combined TRACON& Tower with Radar,26,31,41,8,106,0,11,14,0,25,26,42,55,8,131,0,12,12,143
06/22/2021,LBB,TX,ASW,CE,Combined TRACON& Tower with Radar,35,39,70,7,151,0,33,49,1,83,35,72,119,8,234,22,0,22,256
06/23/2021,LBB,TX,ASW,CE,Combined TRACON& Tower with Radar,41,43,43,17,144,0,23,46,2,71,41,66,89,19,215,24,0,24,239
06/24/2021,LBB,TX,ASW,CE,Combined TRACON& Tower with Radar,39,43,59,28,169,0,17,31,5,53,39,60,90,33,222,62,34,96,318
06/25/2021,LBB,TX,ASW,CE,Combined TRACON& Tower with Radar,41,38,64,33,176,0,27,52,4,83,41,65,116,37,259,24,14,38,297
06/26/2021,LBB,TX,ASW,CE,Combined TRACON& Tower with Radar,25,29,36,3,93,0,17,44,3,64,25,46,80,6,157,32,0,32,189
06/27/2021,LBB,TX,ASW,CE,Combined TRACON& Tower with Radar,32,19,47,4,102,0,8,14,2,24,32,27,61,6,126,32,0,32,158
06/28/2021,LBB,TX,ASW,CE,Combined TRACON& Tower with Radar,30,35,52,4,121,0,2,12,0,14,30,37,64,4,135,47,0,47,182
06/29/2021,LBB,TX,ASW,CE,Combined TRACON& Tower with Radar,40,42,31,5,118,0,0,8,1,9,40,42,39,6,127,16,0,16,143
06/30/2021,LBB,TX,ASW,CE,Combined TRACON& Tower with Radar,39,38,71,8,156,0,4,26,0,30,39,42,97,8,186,50,0,50,236
07/01/2021,LBB,TX,ASW,CE,Combined TRACON& Tower with Radar,42,41,59,40,182,0,10,70,6,86,42,51,129,46,268,118,34,152,420
07/02/2021,LBB,TX,ASW,CE,Combined TRACON& Tower with Radar,33,43,45,2,123,0,9,17,0,26,33,52,62,2,149,22,0,22,171
07/03/2021,LBB,TX,ASW,CE,Combined TRACON& Tower with Radar,28,28,33,0,89,0,9,19,0,28,28,37,52,0,117,94,0,94,211
07/04/2021,LBB,TX,ASW,CE,Combined TRACON& Tower with Radar,27,15,21,0,63,0,12,16,0,28,27,27,37,0,91,8,0,8,99
07/05/2021,LBB,TX,ASW,CE,Combined TRACON& Tower with Radar,25,24,60,0,109,0,6,37,0,43,25,30,97,0,152,90,0,90,242
07/06/2021,LBB,TX,ASW,CE,Combined TRACON& Tower with Radar,33,44,45,51,173,0,9,24,0,33,33,53,69,51,206,98,28,126,332
07/07/2021,LBB,TX,ASW,CE,Combined TRACON& Tower with Radar,37,42,39,62,180,0,16,58,8,82,37,58,97,70,262,98,54,152,414
07/08/2021,LBB,TX,ASW,CE,Combined TRACON& Tower with Radar,37,44,46,39,166,0,26,58,9,93,37,70,104,48,259,82,30,112,371
07/09/2021,LBB,TX,ASW,CE,Combined TRACON& Tower with Radar,38,41,52,32,163,0,17,69,9,95,38,58,121,41,258,66,18,84,342
07/10/2021,LBB,TX,ASW,CE,Combined TRACON& Tower with Radar,27,30,76,6,139,0,17,37,8,62,27,47,113,14,201,22,2,24,225
07/11/2021,LBB,TX,ASW,CE,Combined TRACON& Tower with Radar,22,23,39,15,99,0,7,16,2,25,22,30,55,17,124,52,0,52,176
07/12/2021,LBB,TX,ASW,CE,Combined TRACON& Tower with Radar,33,24,43,53,153,0,15,46,7,68,33,39,89,60,221,78,36,114,335
07/13/2021,LBB,TX,ASW,CE,Combined TRACON& Tower with Radar,35,45,54,16,150,0,26,64,5,95,35,71,118,21,245,4,18,22,267
07/14/2021,LBB,TX,ASW,CE,Combined TRACON& Tower with Radar,37,52,55,30,174,0,26,71,4,101,37,78,126,34,275,40,12,52,327
07/15/2021,LBB,TX,ASW,CE,Combined TRACON& Tower with Radar,39,47,62,19,167,0,27,46,3,76,39,74,108,22,243,40,6,46,289
07/16/2021,LBB,TX,ASW,CE,Combined TRACON& Tower with Radar,40,48,51,17,156,0,22,56,2,80,40,70,107,19,236,48,6,54,290
07/17/2021,LBB,TX,ASW,CE,Combined TRACON& Tower with Radar,28,27,31,14,100,0,17,59,10,86,28,44,90,24,186,86,14,100,286
07/18/2021,LBB,TX,ASW,CE,Combined TRACON& Tower with Radar,28,18,40,16,102,0,12,41,12,65,28,30,81,28,167,54,0,54,221
07/19/2021,LBB,TX,ASW,CE,Combined TRACON& Tower with Radar,33,29,41,8,111,0,16,49,0,65,33,45,90,8,176,54,8,62,238
07/20/2021,LBB,TX,ASW,CE,Combined TRACON& Tower with Radar,37,47,45,15,144,0,26,41,0,67,37,73,86,15,211,48,0,48,259
07/21/2021,LBB,TX,ASW,CE,Combined TRACON& Tower with Radar,40,48,70,17,175,0,26,61,3,90,40,74,131,20,265,54,16,70,335
07/22/2021,LBB,TX,ASW,CE,Combined TRACON& Tower with Radar,37,46,68,21,172,0,44,62,4,110,37,90,130,25,282,78,26,104,386
07/23/2021,LBB,TX,ASW,CE,Combined TRACON& Tower with Radar,39,43,48,31,161,0,13,48,3,64,39,56,96,34,225,78,14,92,317
07/24/2021,LBB,TX,ASW,CE,Combined TRACON& Tower with Radar,26,26,38,11,101,0,16,45,3,64,26,42,83,14,165,58,0,58,223
07/25/2021,LBB,TX,ASW,CE,Combined TRACON& Tower with Radar,27,16,36,8,87,0,23,35,4,62,27,39,71,12,149,46,0,46,195
07/26/2021,LBB,TX,ASW,CE,Combined TRACON& Tower with Radar,32,24,47,13,116,0,21,30,1,52,32,45,77,14,168,16,8,24,192
07/27/2021,LBB,TX,ASW,CE,Combined TRACON& Tower with Radar,38,43,45,7,133,0,14,46,2,62,38,57,91,9,195,56,10,66,261
07/28/2021,LBB,TX,ASW,CE,Combined TRACON& Tower with Radar,43,40,53,2,138,0,12,35,2,49,43,52,88,4,187,52,0,52,239
07/29/2021,LBB,TX,ASW,CE,Combined TRACON& Tower with Radar,40,43,55,17,155,0,24,52,1,77,40,67,107,18,232,70,6,76,308
07/30/2021,LBB,TX,ASW,CE,Combined TRACON& Tower with Radar,43,39,44,8,134,0,9,49,4,62,43,48,93,12,196,48,0,48,244
07/31/2021,LBB,TX,ASW,CE,Combined TRACON& Tower with Radar,28,19,30,8,85,0,19,68,2,89,28,38,98,10,174,28,12,40,214
08/01/2021,LBB,TX,ASW,CE,Combined TRACON& Tower with Radar,20,22,37,1,80,0,3,8,2,13,20,25,45,3,93,22,0,22,115
08/02/2021,LBB,TX,ASW,CE,Combined TRACON& Tower with Radar,28,25,38,16,107,0,14,36,3,53,28,39,74,19,160,64,0,64,224
08/03/2021,LBB,TX,ASW,CE,Combined TRACON& Tower with Radar,40,42,31,2,115,0,34,56,4,94,40,76,87,6,209,0,0,0,209
08/04/2021,LBB,TX,ASW,CE,Combined TRACON& Tower with Radar,38,37,45,33,153,0,18,55,3,76,38,55,100,36,229,66,14,80,309
08/05/2021,LBB,TX,ASW,CE,Combined TRACON& Tower with Radar,39,46,34,7,126,0,18,55,2,75,39,64,89,9,201,76,16,92,293
08/06/2021,LBB,TX,ASW,CE,Combined TRACON& Tower with Radar,41,48,60,23,172,0,22,74,4,100,41,70,134,27,272,72,20,92,364
08/07/2021,LBB,TX,ASW,CE,Combined TRACON& Tower with Radar,28,26,43,0,97,0,25,62,3,90,28,51,105,3,187,68,0,68,255
08/08/2021,LBB,TX,ASW,CE,Combined TRACON& Tower with Radar,27,24,58,0,109,0,25,48,4,77,27,49,106,4,186,0,0,0,186
08/09/2021,LBB,TX,ASW,CE,Combined TRACON& Tower with Radar,34,26,37,29,126,0,12,59,3,74,34,38,96,32,200,0,0,0,200
08/10/2021,LBB,TX,ASW,CE,Combined TRACON& Tower with Radar,38,37,39,58,172,0,18,58,2,78,38,55,97,60,250,94,64,158,408
08/11/2021,LBB,TX,ASW,CE,Combined TRACON& Tower with Radar,42,42,43,43,170,0,14,66,4,84,42,56,109,47,254,76,32,108,362
08/12/2021,LBB,TX,ASW,CE,Combined TRACON& Tower with Radar,50,38,67,6,161,0,4,40,0,44,50,42,107,6,205,26,12,38,243
08/13/2021,LBB,TX,ASW,CE,Combined TRACON& Tower with Radar,40,42,66,32,180,0,3,48,1,52,40,45,114,33,232,44,0,44,276
08/14/2021,LBB,TX,ASW,CE,Combined TRACON& Tower with Radar,27,24,28,4,83,0,2,26,3,31,27,26,54,7,114,72,2,74,188
08/15/2021,LBB,TX,ASW,CE,Combined TRACON& Tower with Radar,28,22,40,31,121,0,3,53,0,56,28,25,93,31,177,0,0,0,177
08/16/2021,LBB,TX,ASW,CE,Combined TRACON& Tower with Radar,31,23,29,5,88,0,5,43,0,48,31,28,72,5,136,0,0,0,136
08/17/2021,LBB,TX,ASW,CE,Combined TRACON& Tower with Radar,33,39,35,14,121,0,13,52,0,65,33,52,87,14,186,38,6,44,230
08/18/2021,LBB,TX,ASW,CE,Combined TRACON& Tower with Radar,34,42,64,2,142,0,15,30,0,45,34,57,94,2,187,80,2,82,269
08/19/2021,LBB,TX,ASW,CE,Combined TRACON& Tower with Radar,40,43,63,42,188,0,9,48,10,67,40,52,111,52,255,60,54,114,369
08/20/2021,LBB,TX,ASW,CE,Combined TRACON& Tower with Radar,40,34,41,54,169,0,15,37,1,53,40,49,78,55,222,64,56,120,342
08/21/2021,LBB,TX,ASW,CE,Combined TRACON& Tower with Radar,31,19,42,18,110,0,5,83,7,95,31,24,125,25,205,110,6,116,321
08/22/2021,LBB,TX,ASW,CE,Combined TRACON& Tower with Radar,28,14,33,14,89,0,4,31,2,37,28,18,64,16,126,54,0,54,180
08/23/2021,LBB,TX,ASW,CE,Combined TRACON& Tower with Radar,33,26,33,24,116,0,12,38,0,50,33,38,71,24,166,68,28,96,262
08/24/2021,LBB,TX,ASW,CE,Combined TRACON& Tower with Radar,37,40,54,11,142,0,11,33,3,47,37,51,87,14,189,24,8,32,221
08/25/2021,LBB,TX,ASW,CE,Combined TRACON& Tower with Radar,40,33,35,7,115,0,27,37,2,66,40,60,72,9,181,30,0,30,211
08/26/2021,LBB,TX,ASW,CE,Combined TRACON& Tower with Radar,38,42,50,24,154,0,20,56,2,78,38,62,106,26,232,56,0,56,288
08/27/2021,LBB,TX,ASW,CE,Combined TRACON& Tower with Radar,41,46,48,41,176,0,7,55,11,73,41,53,103,52,249,72,68,140,389
08/28/2021,LBB,TX,ASW,CE,Combined TRACON& Tower with Radar,32,26,34,13,105,0,18,46,3,67,32,44,80,16,172,40,6,46,218
08/29/2021,LBB,TX,ASW,CE,Combined TRACON& Tower with Radar,31,20,31,18,100,0,11,25,2,38,31,31,56,20,138,16,22,38,176
08/30/2021,LBB,TX,ASW,CE,Combined TRACON& Tower with Radar,31,35,51,52,169,0,17,45,3,65,31,52,96,55,234,14,30,44,278
08/31/2021,LBB,TX,ASW,CE,Combined TRACON& Tower with Radar,38,35,68,25,166,0,15,59,1,75,38,50,127,26,241,88,0,88,329
09/01/2021,LBB,TX,ASW,CE,Combined TRACON& Tower with Radar,38,57,65,30,190,0,7,43,7,57,38,64,108,37,247,0,0,0,247
09/02/2021,LBB,TX,ASW,CE,Combined TRACON& Tower with Radar,53,40,57,12,162,0,6,69,4,79,53,46,126,16,241,62,18,80,321
09/03/2021,LBB,TX,ASW,CE,Combined TRACON& Tower with Radar,45,55,110,6,216,0,17,55,1,73,45,72,165,7,289,130,0,130,419
09/04/2021,LBB,TX,ASW,CE,Combined TRACON& Tower with Radar,31,32,24,0,87,0,18,50,1,69,31,50,74,1,156,40,14,54,210
09/05/2021,LBB,TX,ASW,CE,Combined TRACON& Tower with Radar,26,12,27,0,65,0,4,10,2,16,26,16,37,2,81,52,0,52,133
09/06/2021,LBB,TX,ASW,CE,Combined TRACON& Tower with Radar,25,17,85,10,137,0,4,58,0,62,25,21,143,10,199,66,0,66,265
09/07/2021,LBB,TX,ASW,CE,Combined TRACON& Tower with Radar,34,25,63,6,128,0,20,35,0,55,34,45,98,6,183,62,0,62,245
09/08/2021,LBB,TX,ASW,CE,Combined TRACON& Tower with Radar,38,36,48,12,134,0,13,62,9,84,38,49,110,21,218,57,34,91,309
09/09/2021,LBB,TX,ASW,CE,Combined TRACON& Tower with Radar,41,41,44,8,134,0,15,55,0,70,41,56,99,8,204,71,0,71,275
09/10/2021,LBB,TX,ASW,CE,Combined TRACON& Tower with Radar,42,36,87,24,189,0,14,69,0,83,42,50,156,24,272,86,20,106,378
09/11/2021,LBB,TX,ASW,CE,Combined TRACON& Tower with Radar,31,28,53,11,123,0,16,48,2,66,31,44,101,13,189,88,4,92,281
09/12/2021,LBB,TX,ASW,CE,Combined TRACON& Tower with Radar,34,17,63,6,120,0,9,43,0,52,34,26,106,6,172,30,0,30,202
09/13/2021,LBB,TX,ASW,CE,Combined TRACON& Tower with Radar,32,37,35,54,158,0,14,37,3,54,32,51,72,57,212,6,14,20,232
09/14/2021,LBB,TX,ASW,CE,Combined TRACON& Tower with Radar,38,48,33,59,178,0,18,52,1,71,38,66,85,60,249,22,18,40,289
09/15/2021,LBB,TX,ASW,CE,Combined TRACON& Tower with Radar,39,38,63,61,201,0,12,48,1,61,39,50,111,62,262,58,20,78,340
09/16/2021,LBB,TX,ASW,CE,Combined TRACON& Tower with Radar,40,38,41,32,151,0,28,34,0,62,40,66,75,32,213,48,8,56,269
09/17/2021,LBB,TX,ASW,CE,Combined TRACON& Tower with Radar,43,43,58,23,167,0,15,56,2,73,43,58,114,25,240,36,0,36,276
09/18/2021,LBB,TX,ASW,CE,Combined TRACON& Tower with Radar,32,24,42,1,99,0,17,83,2,102,32,41,125,3,201,34,0,34,235
09/19/2021,LBB,TX,ASW,CE,Combined TRACON& Tower with Radar,33,27,42,0,102,0,27,49,0,76,33,54,91,0,178,0,0,0,178
09/20/2021,LBB,TX,ASW,CE,Combined TRACON& Tower with Radar,33,24,30,42,129,0,11,59,7,77,33,35,89,49,206,32,18,50,256
09/21/2021,LBB,TX,ASW,CE,Combined TRACON& Tower with Radar,44,34,40,18,136,0,6,49,4,59,44,40,89,22,195,30,6,36,231
09/22/2021,LBB,TX,ASW,CE,Combined TRACON& Tower with Radar,40,32,57,44,173,1,17,64,5,87,41,49,121,49,260,68,22,90,350
09/23/2021,LBB,TX,ASW,CE,Combined TRACON& Tower with Radar,40,41,41,20,142,0,20,50,2,72,40,61,91,22,214,42,12,54,268
09/24/2021,LBB,TX,ASW,CE,Combined TRACON& Tower with Radar,43,41,52,5,141,0,18,91,4,113,43,59,143,9,254,16,14,30,284
09/25/2021,LBB,TX,ASW,CE,Combined TRACON& Tower with Radar,32,24,36,2,94,0,22,57,0,79,32,46,93,2,173,30,0,30,203
09/26/2021,LBB,TX,ASW,CE,Combined TRACON& Tower with Radar,31,17,43,7,98,0,17,47,3,67,31,34,90,10,165,8,0,8,173
09/27/2021,LBB,TX,ASW,CE,Combined TRACON& Tower with Radar,30,28,49,2,109,0,14,37,2,53,30,42,86,4,162,4,0,4,166
09/28/2021,LBB,TX,ASW,CE,Combined TRACON& Tower with Radar,39,43,45,42,169,0,22,32,6,60,39,65,77,48,229,20,18,38,267
09/29/2021,LBB,TX,ASW,CE,Combined TRACON& Tower with Radar,39,42,56,68,205,0,14,57,14,85,39,56,113,82,290,45,40,85,375
09/30/2021,LBB,TX,ASW,CE,Combined TRACON& Tower with Radar,41,43,54,34,172,0,8,27,0,35,41,51,81,34,207,40,20,60,267
10/01/2021,LBB,TX,ASW,CE,Combined TRACON& Tower with Radar,43,40,44,0,127,0,0,5,0,5,43,40,49,0,132,6,0,6,138
10/02/2021,LBB,TX,ASW,CE,Combined TRACON& Tower with Radar,31,26,51,11,119,0,7,41,2,50,31,33,92,13,169,105,20,125,294
10/03/2021,LBB,TX,ASW,CE,Combined TRACON& Tower with Radar,32,16,42,22,112,0,18,58,0,76,32,34,100,22,188,54,0,54,242
10/04/2021,LBB,TX,ASW,CE,Combined TRACON& Tower with Radar,32,18,39,17,106,0,20,55,11,86,32,38,94,28,192,42,10,52,244
10/05/2021,LBB,TX,ASW,CE,Combined TRACON& Tower with Radar,50,31,51,22,154,0,12,43,2,57,50,43,94,24,211,32,8,40,251
10/06/2021,LBB,TX,ASW,CE,Combined TRACON& Tower with Radar,42,34,57,21,154,0,19,58,1,78,42,53,115,22,232,38,10,48,280
10/07/2021,LBB,TX,ASW,CE,Combined TRACON& Tower with Radar,44,27,63,9,143,0,17,55,1,73,44,44,118,10,216,50,0,50,266
10/08/2021,LBB,TX,ASW,CE,Combined TRACON& Tower with Radar,46,37,60,46,189,0,23,76,2,101,46,60,136,48,290,94,28,122,412
10/09/2021,LBB,TX,ASW,CE,Combined TRACON& Tower with Radar,35,29,60,1,125,0,9,41,0,50,35,38,101,1,175,66,0,66,241
10/10/2021,LBB,TX,ASW,CE,Combined TRACON& Tower with Radar,23,16,59,5,103,0,4,32,0,36,23,20,91,5,139,14,0,14,153
10/11/2021,LBB,TX,ASW,CE,Combined TRACON& Tower with Radar,31,20,47,4,102,0,7,68,0,75,31,27,115,4,177,66,0,66,243
10/12/2021,LBB,TX,ASW,CE,Combined TRACON& Tower with Radar,42,41,56,48,187,0,12,15,6,33,42,53,71,54,220,12,38,50,270
10/13/2021,LBB,TX,ASW,CE,Combined TRACON& Tower with Radar,37,37,57,74,205,0,15,36,2,53,37,52,93,76,258,50,28,78,336
10/14/2021,LBB,TX,ASW,CE,Combined TRACON& Tower with Radar,40,52,62,15,169,0,19,41,4,64,40,71,103,19,233,78,6,84,317
10/15/2021,LBB,TX,ASW,CE,Combined TRACON& Tower with Radar,49,33,63,24,169,0,22,45,7,74,49,55,108,31,243,48,16,64,307
10/16/2021,LBB,TX,ASW,CE,Combined TRACON& Tower with Radar,37,17,50,3,107,0,20,79,4,103,37,37,129,7,210,46,0,46,256
10/17/2021,LBB,TX,ASW,CE,Combined TRACON& Tower with Radar,32,11,51,0,94,0,6,42,0,48,32,17,93,0,142,6,0,6,148
10/18/2021,LBB,TX,ASW,CE,Combined TRACON& Tower with Radar,33,19,61,15,128,0,16,46,1,63,33,35,107,16,191,46,8,54,245
10/19/2021,LBB,TX,ASW,CE,Combined TRACON& Tower with Radar,40,28,24,4,96,0,23,36,5,64,40,51,60,9,160,0,0,0,160
10/20/2021,LBB,TX,ASW,CE,Combined TRACON& Tower with Radar,41,32,48,15,136,0,23,35,2,60,41,55,83,17,196,62,24,86,282
10/21/2021,LBB,TX,ASW,CE,Combined TRACON& Tower with Radar,39,41,77,17,174,0,16,42,2,60,39,57,119,19,234,50,26,76,310
10/22/2021,LBB,TX,ASW,CE,Combined TRACON& Tower with Radar,46,42,84,12,184,0,14,59,0,73,46,56,143,12,257,74,0,74,331
10/23/2021,LBB,TX,ASW,CE,Combined TRACON& Tower with Radar,37,26,46,0,109,0,29,75,0,104,37,55,121,0,213,34,0,34,247
10/24/2021,LBB,TX,ASW,CE,Combined TRACON& Tower with Radar,31,18,52,0,101,0,24,70,0,94,31,42,122,0,195,26,0,26,221
10/25/2021,LBB,TX,ASW,CE,Combined TRACON& Tower with Radar,31,16,52,29,128,0,10,65,7,82,31,26,117,36,210,30,16,46,256
10/26/2021,LBB,TX,ASW,CE,Combined TRACON& Tower with Radar,40,36,54,74,204,0,10,25,4,39,40,46,79,78,243,28,32,60,303
10/27/2021,LBB,TX,ASW,CE,Combined TRACON& Tower with Radar,41,21,35,27,124,0,12,20,3,35,41,33,55,30,159,0,28,28,187
10/28/2021,LBB,TX,ASW,CE,Combined TRACON& Tower with Radar,39,34,41,74,188,0,20,26,6,52,39,54,67,80,240,16,38,54,294
10/29/2021,LBB,TX,ASW,CE,Combined TRACON& Tower with Radar,47,36,53,7,143,0,21,66,6,93,47,57,119,13,236,62,14,76,312
10/30/2021,LBB,TX,ASW,CE,Combined TRACON& Tower with Radar,37,21,32,0,90,0,27,94,3,124,37,48,126,3,214,62,0,62,276
10/31/2021,LBB,TX,ASW,CE,Combined TRACON& Tower with Radar,28,13,41,0,82,0,20,50,1,71,28,33,91,1,153,32,0,32,185
11/01/2021,LBB,TX,ASW,CE,Combined TRACON& Tower with Radar,30,19,41,14,104,0,10,52,3,65,30,29,93,17,169,80,28,108,277
11/02/2021,LBB,TX,ASW,CE,Combined TRACON& Tower with Radar,40,41,44,13,138,0,1,1,0,2,40,42,45,13,140,0,0,0,140
11/03/2021,LBB,TX,ASW,CE,Combined TRACON& Tower with Radar,37,45,42,16,140,0,1,4,0,5,37,46,46,16,145,48,28,76,221
11/04/2021,LBB,TX,ASW,CE,Combined TRACON& Tower with Radar,40,36,60,54,190,0,18,51,10,79,40,54,111,64,269,72,96,168,437
11/05/2021,LBB,TX,ASW,CE,Combined TRACON& Tower with Radar,44,55,82,0,181,0,21,49,0,70,44,76,131,0,251,58,0,58,309
11/06/2021,LBB,TX,ASW,CE,Combined TRACON& Tower with Radar,36,22,40,5,103,0,6,89,3,98,36,28,129,8,201,0,0,0,201
11/07/2021,LBB,TX,ASW,CE,Combined TRACON& Tower with Radar,30,26,38,15,109,0,9,33,4,46,30,35,71,19,155,14,2,16,171
11/08/2021,LBB,TX,ASW,CE,Combined TRACON& Tower with Radar,31,26,46,9,112,0,21,47,5,73,31,47,93,14,185,0,0,0,185
11/09/2021,LBB,TX,ASW,CE,Combined TRACON& Tower with Radar,40,45,65,48,198,0,18,74,15,107,40,63,139,63,305,61,96,157,462
11/10/2021,LBB,TX,ASW,CE,Combined TRACON& Tower with Radar,37,44,60,2,143,0,12,39,1,52,37,56,99,3,195,27,0,27,222
11/11/2021,LBB,TX,ASW,CE,Combined TRACON& Tower with Radar,43,39,64,7,153,0,11,42,0,53,43,50,106,7,206,77,8,85,291
11/12/2021,LBB,TX,ASW,CE,Combined TRACON& Tower with Radar,44,31,57,27,159,0,20,39,7,66,44,51,96,34,225,22,28,50,275
11/13/2021,LBB,TX,ASW,CE,Combined TRACON& Tower with Radar,33,35,35,11,114,0,13,58,5,76,33,48,93,16,190,54,18,72,262
11/14/2021,LBB,TX,ASW,CE,Combined TRACON& Tower with Radar,29,12,41,2,84,0,8,44,3,55,29,20,85,5,139,58,0,58,197
11/15/2021,LBB,TX,ASW,CE,Combined TRACON& Tower with Radar,33,29,46,23,131,0,28,63,5,96,33,57,109,28,227,112,8,120,347
11/16/2021,LBB,TX,ASW,CE,Combined TRACON& Tower with Radar,39,45,44,11,139,0,11,52,2,65,39,56,96,13,204,20,2,22,226
11/17/2021,LBB,TX,ASW,CE,Combined TRACON& Tower with Radar,38,38,61,13,150,0,8,31,6,45,38,46,92,19,195,60,10,70,265
11/18/2021,LBB,TX,ASW,CE,Combined TRACON& Tower with Radar,42,39,68,14,163,0,19,72,5,96,42,58,140,19,259,122,44,166,425
11/19/2021,LBB,TX,ASW,CE,Combined TRACON& Tower with Radar,42,45,58,15,160,0,25,44,1,70,42,70,102,16,230,38,4,42,272
11/20/2021,LBB,TX,ASW,CE,Combined TRACON& Tower with Radar,34,29,68,5,136,0,13,84,2,99,34,42,152,7,235,52,0,52,287
11/21/2021,LBB,TX,ASW,CE,Combined TRACON& Tower with Radar,29,31,77,9,146,0,10,55,0,65,29,41,132,9,211,10,6,16,227
11/22/2021,LBB,TX,ASW,CE,Combined TRACON& Tower with Radar,31,27,48,4,110,0,8,67,0,75,31,35,115,4,185,40,0,40,225
11/23/2021,LBB,TX,ASW,CE,Combined TRACON& Tower with Radar,39,50,43,8,140,0,15,39,2,56,39,65,82,10,196,42,0,42,238
11/24/2021,LBB,TX,ASW,CE,Combined TRACON& Tower with Radar,42,43,41,4,130,0,28,58,0,86,42,71,99,4,216,39,0,39,255
11/25/2021,LBB,TX,ASW,CE,Combined TRACON& Tower with Radar,19,20,14,0,53,0,17,12,0,29,19,37,26,0,82,0,0,0,82
11/26/2021,LBB,TX,ASW,CE,Combined TRACON& Tower with Radar,36,37,45,2,120,0,24,43,0,67,36,61,88,2,187,40,0,40,227
11/27/2021,LBB,TX,ASW,CE,Combined TRACON& Tower with Radar,32,19,26,2,79,0,19,9,0,28,32,38,35,2,107,0,0,0,107
11/28/2021,LBB,TX,ASW,CE,Combined TRACON& Tower with Radar,34,28,54,2,118,0,13,59,0,72,34,41,113,2,190,6,0,6,196
11/29/2021,LBB,TX,ASW,CE,Combined TRACON& Tower with Radar,34,24,48,25,131,0,24,44,2,70,34,48,92,27,201,54,8,62,263
11/30/2021,LBB,TX,ASW,CE,Combined TRACON& Tower with Radar,42,33,33,4,112,0,20,49,1,70,42,53,82,5,182,26,0,26,208
12/01/2021,LBB,TX,ASW,CE,Combined TRACON& Tower with Radar,40,41,48,21,150,0,10,63,0,73,40,51,111,21,223,38,0,38,261
12/02/2021,LBB,TX,ASW,CE,Combined TRACON& Tower with Radar,43,39,40,22,144,0,17,67,7,91,43,56,107,29,235,56,26,82,317
12/03/2021,LBB,TX,ASW,CE,Combined TRACON& Tower with Radar,41,35,39,63,178,0,13,63,17,93,41,48,102,80,271,76,94,170,441
12/04/2021,LBB,TX,ASW,CE,Combined TRACON& Tower with Radar,33,24,40,37,134,0,12,54,4,70,33,36,94,41,204,112,2,114,318
12/05/2021,LBB,TX,ASW,CE,Combined TRACON& Tower with Radar,31,11,37,5,84,0,9,26,0,35,31,20,63,5,119,0,0,0,119
12/06/2021,LBB,TX,ASW,CE,Combined TRACON& Tower with Radar,31,24,46,8,109,0,9,45,8,62,31,33,91,16,171,72,36,108,279
12/07/2021,LBB,TX,ASW,CE,Combined TRACON& Tower with Radar,40,53,47,9,149,0,11,36,2,49,40,64,83,11,198,84,0,84,282
12/08/2021,LBB,TX,ASW,CE,Combined TRACON& Tower with Radar,43,37,52,35,167,0,13,26,1,40,43,50,78,36,207,26,12,38,245
12/09/2021,LBB,TX,ASW,CE,Combined TRACON& Tower with Radar,41,32,48,7,128,0,11,32,3,46,41,43,80,10,174,0,0,0,174
12/10/2021,LBB,TX,ASW,CE,Combined TRACON& Tower with Radar,42,34,41,4,121,16,8,12,1,37,58,42,53,5,158,10,34,44,202
12/11/2021,LBB,TX,ASW,CE,Combined TRACON& Tower with Radar,29,23,35,14,101,0,6,34,0,40,29,29,69,14,141,0,0,0,141
12/12/2021,LBB,TX,ASW,CE,Combined TRACON& Tower with Radar,26,15,53,5,99,0,6,34,3,43,26,21,87,8,142,6,0,6,148
12/13/2021,LBB,TX,ASW,CE,Combined TRACON& Tower with Radar,31,19,42,31,123,0,10,53,1,64,31,29,95,32,187,60,16,76,263
12/14/2021,LBB,TX,ASW,CE,Combined TRACON& Tower with Radar,37,38,39,19,133,0,13,48,1,62,37,51,87,20,195,62,0,62,257
12/15/2021,LBB,TX,ASW,CE,Combined TRACON& Tower with Radar,44,44,34,5,127,0,17,14,5,36,44,61,48,10,163,10,14,24,187
12/16/2021,LBB,TX,ASW,CE,Combined TRACON& Tower with Radar,37,34,65,23,159,0,11,79,4,94,37,45,144,27,253,68,26,94,347
12/17/2021,LBB,TX,ASW,CE,Combined TRACON& Tower with Radar,39,37,84,53,213,0,7,44,1,52,39,44,128,54,265,20,0,20,285
12/18/2021,LBB,TX,ASW,CE,Combined TRACON& Tower with Radar,36,26,39,3,104,0,12,50,2,64,36,38,89,5,168,44,0,44,212
12/19/2021,LBB,TX,ASW,CE,Combined TRACON& Tower with Radar,33,15,36,2,86,0,16,36,0,52,33,31,72,2,138,26,0,26,164
12/20/2021,LBB,TX,ASW,CE,Combined TRACON& Tower with Radar,27,23,40,16,106,0,14,39,0,53,27,37,79,16,159,0,0,0,159
12/21/2021,LBB,TX,ASW,CE,Combined TRACON& Tower with Radar,38,36,43,31,148,0,17,35,9,61,38,53,78,40,209,22,14,36,245
12/22/2021,LBB,TX,ASW,CE,Combined TRACON& Tower with Radar,37,42,48,19,146,0,19,49,0,68,37,61,97,19,214,52,8,60,274
12/23/2021,LBB,TX,ASW,CE,Combined TRACON& Tower with Radar,38,41,57,0,136,0,18,47,0,65,38,59,104,0,201,58,0,58,259
12/24/2021,LBB,TX,ASW,CE,Combined TRACON& Tower with Radar,32,30,17,0,79,0,10,6,0,16,32,40,23,0,95,0,0,0,95
12/25/2021,LBB,TX,ASW,CE,Combined TRACON& Tower with Radar,21,29,9,0,59,0,18,11,0,29,21,47,20,0,88,0,0,0,88
12/26/2021,LBB,TX,ASW,CE,Combined TRACON& Tower with Radar,27,15,38,0,80,0,14,11,2,27,27,29,49,2,107,0,0,0,107
12/27/2021,LBB,TX,ASW,CE,Combined TRACON& Tower with Radar,28,37,74,0,139,0,12,46,2,60,28,49,120,2,199,52,0,52,251
12/28/2021,LBB,TX,ASW,CE,Combined TRACON& Tower with Radar,34,40,35,10,119,0,10,29,0,39,34,50,64,10,158,8,0,8,166
12/29/2021,LBB,TX,ASW,CE,Combined TRACON& Tower with Radar,40,31,48,2,121,0,7,47,0,54,40,38,95,2,175,36,0,36,211
12/30/2021,LBB,TX,ASW,CE,Combined TRACON& Tower with Radar,36,42,38,8,124,0,20,56,0,76,36,62,94,8,200,30,2,32,232
12/31/2021,LBB,TX,ASW,CE,Combined TRACON& Tower with Radar,31,25,37,0,93,0,9,9,2,20,31,34,46,2,113,34,0,34,147
01/01/2022,LBB,TX,ASW,CE,Combined TRACON& Tower with Radar,15,15,29,2,61,0,2,1,0,3,15,17,30,2,64,0,0,0,64
01/02/2022,LBB,TX,ASW,CE,Combined TRACON& Tower with Radar,22,18,52,0,92,0,14,21,0,35,22,32,73,0,127,38,0,38,165
01/03/2022,LBB,TX,ASW,CE,Combined TRACON& Tower with Radar,21,19,42,0,82,0,14,46,0,60,21,33,88,0,142,64,0,64,206
01/04/2022,LBB,TX,ASW,CE,Combined TRACON& Tower with Radar,34,30,29,4,97,0,11,18,1,30,34,41,47,5,127,14,0,14,141
01/05/2022,LBB,TX,ASW,CE,Combined TRACON& Tower with Radar,34,32,47,6,119,0,5,55,0,60,34,37,102,6,179,38,0,38,217
01/06/2022,LBB,TX,ASW,CE,Combined TRACON& Tower with Radar,40,37,27,37,141,0,12,38,1,51,40,49,65,38,192,30,34,64,256
01/07/2022,LBB,TX,ASW,CE,Combined TRACON& Tower with Radar,42,40,43,53,178,0,10,42,4,56,42,50,85,57,234,76,86,162,396
01/08/2022,LBB,TX,ASW,CE,Combined TRACON& Tower with Radar,28,15,45,132,220,0,14,69,14,97,28,29,114,146,317,22,310,332,649
01/09/2022,LBB,TX,ASW,CE,Combined TRACON& Tower with Radar,28,6,46,48,128,0,16,46,8,70,28,22,92,56,198,56,8,64,262
01/10/2022,LBB,TX,ASW,CE,Combined TRACON& Tower with Radar,30,11,38,22,101,0,6,48,1,55,30,17,86,23,156,40,16,56,212
01/11/2022,LBB,TX,ASW,CE,Combined TRACON& Tower with Radar,38,40,47,44,169,0,12,45,5,62,38,52,92,49,231,42,18,60,291
01/12/2022,LBB,TX,ASW,CE,Combined TRACON& Tower with Radar,34,30,59,29,152,0,6,51,1,58,34,36,110,30,210,44,16,60,270
01/13/2022,LBB,TX,ASW,CE,Combined TRACON& Tower with Radar,38,37,69,15,159,0,6,72,3,81,38,43,141,18,240,12,30,42,282
01/14/2022,LBB,TX,ASW,CE,Combined TRACON& Tower with Radar,45,32,51,24,152,0,9,21,3,33,45,41,72,27,185,4,8,12,197
01/15/2022,LBB,TX,ASW,CE,Combined TRACON& Tower with Radar,30,28,19,0,77,0,3,20,3,26,30,31,39,3,103,2,0,2,105
01/16/2022,LBB,TX,ASW,CE,Combined TRACON& Tower with Radar,25,10,44,3,82,0,16,61,0,77,25,26,105,3,159,38,0,38,197
01/17/2022,LBB,TX,ASW,CE,Combined TRACON& Tower with Radar,30,15,48,6,99,0,13,59,0,72,30,28,107,6,171,80,0,80,251
01/18/2022,LBB,TX,ASW,CE,Combined TRACON& Tower with Radar,40,34,51,13,138,0,13,40,1,54,40,47,91,14,192,4,12,16,208
01/19/2022,LBB,TX,ASW,CE,Combined TRACON& Tower with Radar,33,30,43,42,148,0,13,26,1,40,33,43,69,43,188,42,20,62,250
01/20/2022,LBB,TX,ASW,CE,Combined TRACON& Tower with Radar,40,32,52,5,129,0,4,32,5,41,40,36,84,10,170,64,0,64,234
01/21/2022,LBB,TX,ASW,CE,Combined TRACON& Tower with Radar,43,37,34,21,135,0,15,57,2,74,43,52,91,23,209,57,14,71,280
01/22/2022,LBB,TX,ASW,CE,Combined TRACON& Tower with Radar,29,28,33,12,102,0,26,45,3,74,29,54,78,15,176,102,10,112,288
01/23/2022,LBB,TX,ASW,CE,Combined TRACON& Tower with Radar,29,20,42,2,93,0,14,68,1,83,29,34,110,3,176,64,0,64,240
01/24/2022,LBB,TX,ASW,CE,Combined TRACON& Tower with Radar,30,17,44,26,117,0,13,45,8,66,30,30,89,34,183,0,0,0,183
01/25/2022,LBB,TX,ASW,CE,Combined TRACON& Tower with Radar,37,35,37,7,116,0,15,27,11,53,37,50,64,18,169,0,20,20,189
01/26/2022,LBB,TX,ASW,CE,Combined TRACON& Tower with Radar,36,18,22,0,76,0,0,0,0,0,36,18,22,0,76,0,0,0,76
01/27/2022,LBB,TX,ASW,CE,Combined TRACON& Tower with Radar,40,38,74,18,170,0,11,43,4,58,40,49,117,22,228,34,0,34,262
01/28/2022,LBB,TX,ASW,CE,Combined TRACON& Tower with Radar,40,38,51,10,139,0,12,52,2,66,40,50,103,12,205,30,86,116,321
01/29/2022,LBB,TX,ASW,CE,Combined TRACON& Tower with Radar,22,22,29,32,105,0,9,64,0,73,22,31,93,32,178,82,8,90,268
01/30/2022,LBB,TX,ASW,CE,Combined TRACON& Tower with Radar,28,15,43,6,92,0,3,51,2,56,28,18,94,8,148,0,0,0,148
01/31/2022,LBB,TX,ASW,CE,Combined TRACON& Tower with Radar,26,27,45,72,170,0,8,65,5,78,26,35,110,77,248,44,34,78,326
02/01/2022,LBB,TX,ASW,CE,Combined TRACON& Tower with Radar,35,47,89,42,213,0,10,61,18,89,35,57,150,60,302,32,44,76,378
02/02/2022,LBB,TX,ASW,CE,Combined TRACON& Tower with Radar,34,26,29,0,89,0,0,2,0,2,34,26,31,0,91,0,0,0,91
02/03/2022,LBB,TX,ASW,CE,Combined TRACON& Tower with Radar,11,15,15,0,41,0,0,1,0,1,11,15,16,0,42,0,0,0,42
02/04/2022,LBB,TX,ASW,CE,Combined TRACON& Tower with Radar,23,29,51,125,228,0,10,47,5,62,23,39,98,130,290,18,56,74,364
02/05/2022,LBB,TX,ASW,CE,Combined TRACON& Tower with Radar,22,18,38,63,141,0,6,33,4,43,22,24,71,67,184,32,10,42,226
02/06/2022,LBB,TX,ASW,CE,Combined TRACON& Tower with Radar,29,22,35,19,105,0,5,27,1,33,29,27,62,20,138,0,0,0,138
02/07/2022,LBB,TX,ASW,CE,Combined TRACON& Tower with Radar,32,16,42,27,117,0,18,73,3,94,32,34,115,30,211,0,0,0,211
02/08/2022,LBB,TX,ASW,CE,Combined TRACON& Tower with Radar,39,34,64,28,165,0,14,43,1,58,39,48,107,29,223,0,0,0,223
02/09/2022,LBB,TX,ASW,CE,Combined TRACON& Tower with Radar,36,33,58,22,149,0,7,62,3,72,36,40,120,25,221,64,10,74,295
02/10/2022,LBB,TX,ASW,CE,Combined TRACON& Tower with Radar,40,28,62,3,133,0,9,54,1,64,40,37,116,4,197,56,8,64,261
02/11/2022,LBB,TX,ASW,CE,Combined TRACON& Tower with Radar,40,43,71,4,158,0,11,55,1,67,40,54,126,5,225,4,8,12,237
02/12/2022,LBB,TX,ASW,CE,Combined TRACON& Tower with Radar,23,18,36,9,86,0,5,58,2,65,23,23,94,11,151,78,10,88,239
02/13/2022,LBB,TX,ASW,CE,Combined TRACON& Tower with Radar,31,14,38,14,97,0,10,35,1,46,31,24,73,15,143,58,0,58,201
02/14/2022,LBB,TX,ASW,CE,Combined TRACON& Tower with Radar,30,18,52,24,124,0,9,54,4,67,30,27,106,28,191,0,0,0,191
02/15/2022,LBB,TX,ASW,CE,Combined TRACON& Tower with Radar,37,34,42,16,129,0,16,30,7,53,37,50,72,23,182,0,8,8,190
02/16/2022,LBB,TX,ASW,CE,Combined TRACON& Tower with Radar,40,36,62,19,157,0,4,26,2,32,40,40,88,21,189,4,8,12,201
02/17/2022,LBB,TX,ASW,CE,Combined TRACON& Tower with Radar,38,37,65,19,159,0,13,26,1,40,38,50,91,20,199,16,6,22,221
02/18/2022,LBB,TX,ASW,CE,Combined TRACON& Tower with Radar,42,28,59,19,148,0,13,68,2,83,42,41,127,21,231,88,4,92,323
02/19/2022,LBB,TX,ASW,CE,Combined TRACON& Tower with Radar,30,23,40,0,93,0,15,41,0,56,30,38,81,0,149,96,0,96,245
02/20/2022,LBB,TX,ASW,CE,Combined TRACON& Tower with Radar,27,20,61,18,126,0,14,38,0,52,27,34,99,18,178,50,0,50,228
02/21/2022,LBB,TX,ASW,CE,Combined TRACON& Tower with Radar,27,19,51,0,97,0,14,21,0,35,27,33,72,0,132,0,0,0,132
02/22/2022,LBB,TX,ASW,CE,Combined TRACON& Tower with Radar,40,30,65,34,169,0,10,58,6,74,40,40,123,40,243,38,32,70,313
02/23/2022,LBB,TX,ASW,CE,Combined TRACON& Tower with Radar,26,24,46,2,98,0,1,20,2,23,26,25,66,4,121,56,0,56,177
02/24/2022,LBB,TX,ASW,CE,Combined TRACON& Tower with Radar,23,24,52,12,111,0,9,36,1,46,23,33,88,13,157,38,28,66,223
02/25/2022,LBB,TX,ASW,CE,Combined TRACON& Tower with Radar,36,29,43,8,116,0,10,35,0,45,36,39,78,8,161,28,0,28,189
02/26/2022,LBB,TX,ASW,CE,Combined TRACON& Tower with Radar,27,21,36,21,105,0,7,49,6,62,27,28,85,27,167,36,6,42,209
02/27/2022,LBB,TX,ASW,CE,Combined TRACON& Tower with Radar,32,19,39,6,96,0,15,62,0,77,32,34,101,6,173,86,0,86,259
02/28/2022,LBB,TX,ASW,CE,Combined TRACON& Tower with Radar,30,16,52,3,101,0,19,49,5,73,30,35,101,8,174,8,26,34,208
03/01/2022,LBB,TX,ASW,CE,Combined TRACON& Tower with Radar,34,32,56,7,129,0,18,81,3,102,34,50,137,10,231,92,6,98,329
03/02/2022,LBB,TX,ASW,CE,Combined TRACON& Tower with Radar,32,36,57,3,128,0,9,75,0,84,32,45,132,3,212,60,10,70,282
03/03/2022,LBB,TX,ASW,CE,Combined TRACON& Tower with Radar,34,32,56,17,139,0,15,87,3,105,34,47,143,20,244,60,40,100,344
03/04/2022,LBB,TX,ASW,CE,Combined TRACON& Tower with Radar,41,38,84,44,207,0,28,46,2,76,41,66,130,46,283,76,64,140,423
03/05/2022,LBB,TX,ASW,CE,Combined TRACON& Tower with Radar,28,24,52,4,108,0,12,45,1,58,28,36,97,5,166,4,4,8,174
03/06/2022,LBB,TX,ASW,CE,Combined TRACON& Tower with Radar,28,11,21,0,60,0,8,16,0,24,28,19,37,0,84,86,0,86,170
03/07/2022,LBB,TX,ASW,CE,Combined TRACON& Tower with Radar,29,22,52,27,130,0,13,63,6,82,29,35,115,33,212,38,46,84,296
03/08/2022,LBB,TX,ASW,CE,Combined TRACON& Tower with Radar,35,35,42,18,130,0,18,69,10,97,35,53,111,28,227,110,8,118,345
03/09/2022,LBB,TX,ASW,CE,Combined TRACON& Tower with Radar,35,39,39,18,131,0,15,47,3,65,35,54,86,21,196,20,8,28,224
03/10/2022,LBB,TX,ASW,CE,Combined TRACON& Tower with Radar,36,44,68,3,151,0,11,66,0,77,36,55,134,3,228,66,0,66,294
03/11/2022,LBB,TX,ASW,CE,Combined TRACON& Tower with Radar,39,30,33,24,126,0,11,14,1,26,39,41,47,25,152,0,0,0,152
03/12/2022,LBB,TX,ASW,CE,Combined TRACON& Tower with Radar,27,22,38,3,90,0,17,52,3,72,27,39,90,6,162,77,0,77,239
03/13/2022,LBB,TX,ASW,CE,Combined TRACON& Tower with Radar,32,7,46,12,97,0,10,49,3,62,32,17,95,15,159,36,0,36,195
03/14/2022,LBB,TX,ASW,CE,Combined TRACON& Tower with Radar,29,29,23,22,103,0,8,29,1,38,29,37,52,23,141,26,22,48,189
03/15/2022,LBB,TX,ASW,CE,Combined TRACON& Tower with Radar,38,34,51,15,138,0,21,91,8,120,38,55,142,23,258,92,14,106,364
03/16/2022,LBB,TX,ASW,CE,Combined TRACON& Tower with Radar,37,32,48,15,132,0,20,67,6,93,37,52,115,21,225,106,22,128,353
03/17/2022,LBB,TX,ASW,CE,Combined TRACON& Tower with Radar,37,26,40,6,109,0,9,15,0,24,37,35,55,6,133,22,10,32,165
03/18/2022,LBB,TX,ASW,CE,Combined TRACON& Tower with Radar,42,31,67,34,174,0,16,71,2,89,42,47,138,36,263,46,20,66,329
03/19/2022,LBB,TX,ASW,CE,Combined TRACON& Tower with Radar,29,21,54,6,110,0,12,88,3,103,29,33,142,9,213,82,0,82,295
03/20/2022,LBB,TX,ASW,CE,Combined TRACON& Tower with Radar,29,17,32,13,91,0,7,23,1,31,29,24,55,14,122,8,4,12,134
03/21/2022,LBB,TX,ASW,CE,Combined TRACON& Tower with Radar,27,26,31,22,106,0,4,18,0,22,27,30,49,22,128,14,16,30,158
03/22/2022,LBB,TX,ASW,CE,Combined TRACON& Tower with Radar,40,49,37,38,164,0,3,2,0,5,40,52,39,38,169,8,38,46,215
03/23/2022,LBB,TX,ASW,CE,Combined TRACON& Tower with Radar,38,35,58,31,162,0,11,31,14,56,38,46,89,45,218,20,40,60,278
03/24/2022,LBB,TX,ASW,CE,Combined TRACON& Tower with Radar,41,35,73,19,168,0,21,101,5,127,41,56,174,24,295,56,6,62,357
03/25/2022,LBB,TX,ASW,CE,Combined TRACON& Tower with Radar,43,33,59,49,184,0,15,91,9,115,43,48,150,58,299,44,6,50,349
03/26/2022,LBB,TX,ASW,CE,Combined TRACON& Tower with Radar,27,21,34,20,102,0,8,64,6,78,27,29,98,26,180,60,2,62,242
03/27/2022,LBB,TX,ASW,CE,Combined TRACON& Tower with Radar,33,19,35,0,87,0,10,64,0,74,33,29,99,0,161,58,0,58,219
03/28/2022,LBB,TX,ASW,CE,Combined TRACON& Tower with Radar,30,18,33,15,96,0,10,62,5,77,30,28,95,20,173,80,8,88,261
03/29/2022,LBB,TX,ASW,CE,Combined TRACON& Tower with Radar,36,25,42,5,108,0,2,9,0,11,36,27,51,5,119,4,0,4,123
03/30/2022,LBB,TX,ASW,CE,Combined TRACON& Tower with Radar,37,28,41,21,127,0,4,28,5,37,37,32,69,26,164,32,50,82,246
03/31/2022,LBB,TX,ASW,CE,Combined TRACON& Tower with Radar,39,28,52,15,134,0,19,78,8,105,39,47,130,23,239,144,2,146,385
04/01/2022,LBB,TX,ASW,CE,Combined TRACON& Tower with Radar,40,26,53,14,133,0,19,37,6,62,40,45,90,20,195,4,0,4,199
04/02/2022,LBB,TX,ASW,CE,Combined TRACON& Tower with Radar,25,19,27,0,71,0,21,63,0,84,25,40,90,0,155,70,0,70,225
04/03/2022,LBB,TX,ASW,CE,Combined TRACON& Tower with Radar,28,18,24,1,71,0,12,49,3,64,28,30,73,4,135,26,0,26,161
04/04/2022,LBB,TX,ASW,CE,Combined TRACON& Tower with Radar,32,21,55,27,135,0,19,54,2,75,32,40,109,29,210,74,2,76,286
04/05/2022,LBB,TX,ASW,CE,Combined TRACON& Tower with Radar,39,33,25,10,107,0,7,21,0,28,39,40,46,10,135,10,0,10,145
04/06/2022,LBB,TX,ASW,CE,Combined TRACON& Tower with Radar,42,40,42,8,132,0,15,48,1,64,42,55,90,9,196,130,0,130,326
04/07/2022,LBB,TX,ASW,CE,Combined TRACON& Tower with Radar,40,37,51,96,224,0,14,37,0,51,40,51,88,96,275,48,94,142,417
04/08/2022,LBB,TX,ASW,CE,Combined TRACON& Tower with Radar,47,31,48,9,135,0,14,69,0,83,47,45,117,9,218,94,0,94,312
04/09/2022,LBB,TX,ASW,CE,Combined TRACON& Tower with Radar,29,16,25,0,70,0,20,26,2,48,29,36,51,2,118,18,0,18,136
04/10/2022,LBB,TX,ASW,CE,Combined TRACON& Tower with Radar,33,13,53,4,103,0,14,24,0,38,33,27,77,4,141,0,0,0,141
04/11/2022,LBB,TX,ASW,CE,Combined TRACON& Tower with Radar,32,22,34,34,122,0,13,39,0,52,32,35,73,34,174,105,16,121,295
04/12/2022,LBB,TX,ASW,CE,Combined TRACON& Tower with Radar,37,39,55,9,140,0,7,4,0,11,37,46,59,9,151,0,0,0,151
04/13/2022,LBB,TX,ASW,CE,Combined TRACON& Tower with Radar,46,29,51,17,143,0,9,17,4,30,46,38,68,21,173,16,6,22,195
04/14/2022,LBB,TX,ASW,CE,Combined TRACON& Tower with Radar,42,39,64,26,171,0,12,46,0,58,42,51,110,26,229,22,14,36,265
04/15/2022,LBB,TX,ASW,CE,Combined TRACON& Tower with Radar,43,30,36,23,132,0,13,42,0,55,43,43,78,23,187,2,0,2,189
04/16/2022,LBB,TX,ASW,CE,Combined TRACON& Tower with Radar,31,19,33,0,83,0,9,56,0,65,31,28,89,0,148,82,0,82,230
04/17/2022,LBB,TX,ASW,CE,Combined TRACON& Tower with Radar,34,12,30,4,80,0,23,42,0,65,34,35,72,4,145,26,0,26,171
04/18/2022,LBB,TX,ASW,CE,Combined TRACON& Tower with Radar,33,21,53,10,117,0,23,56,6,85,33,44,109,16,202,30,38,68,270
04/19/2022,LBB,TX,ASW,CE,Combined TRACON& Tower with Radar,43,38,74,6,161,0,12,19,0,31,43,50,93,6,192,28,0,28,220
04/20/2022,LBB,TX,ASW,CE,Combined TRACON& Tower with Radar,41,33,46,39,159,0,18,68,5,91,41,51,114,44,250,176,26,202,452
04/21/2022,LBB,TX,ASW,CE,Combined TRACON& Tower with Radar,42,46,52,56,196,0,17,72,22,111,42,63,124,78,307,218,36,254,561
04/22/2022,LBB,TX,ASW,CE,Combined TRACON& Tower with Radar,40,41,45,6,132,0,1,4,2,7,40,42,49,8,139,20,0,20,159
04/23/2022,LBB,TX,ASW,CE,Combined TRACON& Tower with Radar,30,25,41,71,167,0,26,33,15,74,30,51,74,86,241,48,0,48,289
04/24/2022,LBB,TX,ASW,CE,Combined TRACON& Tower with Radar,33,15,40,13,101,0,4,37,14,55,33,19,77,27,156,80,10,90,246
04/25/2022,LBB,TX,ASW,CE,Combined TRACON& Tower with Radar,37,13,42,10,102,0,14,48,0,62,37,27,90,10,164,114,4,118,282
04/26/2022,LBB,TX,ASW,CE,Combined TRACON& Tower with Radar,40,31,49,53,173,0,17,72,3,92,40,48,121,56,265,152,12,164,429
04/27/2022,LBB,TX,ASW,CE,Combined TRACON& Tower with Radar,42,33,67,47,189,0,9,30,3,42,42,42,97,50,231,96,28,124,355
04/28/2022,LBB,TX,ASW,CE,Combined TRACON& Tower with Radar,41,42,46,45,174,0,20,53,12,85,41,62,99,57,259,94,36,130,389
04/29/2022,LBB,TX,ASW,CE,Combined TRACON& Tower with Radar,41,36,34,61,172,0,16,60,3,79,41,52,94,64,251,108,60,168,419
04/30/2022,LBB,TX,ASW,CE,Combined TRACON& Tower with Radar,30,22,20,16,88,0,10,64,1,75,30,32,84,17,163,168,18,186,349
05/01/2022,LBB,TX,ASW,CE,Combined TRACON& Tower with Radar,30,15,39,5,89,0,1,21,0,22,30,16,60,5,111,8,0,8,119
05/02/2022,LBB,TX,ASW,CE,Combined TRACON& Tower with Radar,35,20,31,44,130,0,11,27,4,42,35,31,58,48,172,54,60,114,286
05/03/2022,LBB,TX,ASW,CE,Combined TRACON& Tower with Radar,40,33,47,18,138,0,9,90,14,113,40,42,137,32,251,142,40,182,433
05/04/2022,LBB,TX,ASW,CE,Combined TRACON& Tower with Radar,35,39,42,0,116,0,11,19,0,30,35,50,61,0,146,18,0,18,164
05/05/2022,LBB,TX,ASW,CE,Combined TRACON& Tower with Radar,39,30,65,69,203,0,6,81,4,91,39,36,146,73,294,126,42,168,462
05/06/2022,LBB,TX,ASW,CE,Combined TRACON& Tower with Radar,43,29,42,11,125,0,19,83,8,110,43,48,125,19,235,142,26,168,403
05/07/2022,LBB,TX,ASW,CE,Combined TRACON& Tower with Radar,27,24,28,0,79,0,17,64,7,88,27,41,92,7,167,102,0,102,269
05/08/2022,LBB,TX,ASW,CE,Combined TRACON& Tower with Radar,29,17,24,6,76,0,17,24,0,41,29,34,48,6,117,42,0,42,159
05/09/2022,LBB,TX,ASW,CE,Combined TRACON& Tower with Radar,33,24,40,2,99,0,15,31,0,46,33,39,71,2,145,6,0,6,151
05/10/2022,LBB,TX,ASW,CE,Combined TRACON& Tower with Radar,37,27,30,15,109,0,2,36,1,39,37,29,66,16,148,84,4,88,236
05/11/2022,LBB,TX,ASW,CE,Combined TRACON& Tower with Radar,43,42,34,23,142,0,8,36,1,45,43,50,70,24,187,52,19,71,258
05/12/2022,LBB,TX,ASW,CE,Combined TRACON& Tower with Radar,39,43,65,20,167,0,17,71,2,90,39,60,136,22,257,88,20,108,365
05/13/2022,LBB,TX,ASW,CE,Combined TRACON& Tower with Radar,42,45,63,8,158,0,17,63,3,83,42,62,126,11,241,104,10,114,355
05/14/2022,LBB,TX,ASW,CE,Combined TRACON& Tower with Radar,27,17,41,1,86,0,22,64,3,89,27,39,105,4,175,68,2,70,245
05/15/2022,LBB,TX,ASW,CE,Combined TRACON& Tower with Radar,32,17,42,23,114,0,11,50,3,64,32,28,92,26,178,12,0,12,190
05/16/2022,LBB,TX,ASW,CE,Combined TRACON& Tower with Radar,32,18,43,14,107,0,13,26,1,40,32,31,69,15,147,62,4,66,213
05/17/2022,LBB,TX,ASW,CE,Combined TRACON& Tower with Radar,38,30,41,5,114,0,9,29,5,43,38,39,70,10,157,28,0,28,185
05/18/2022,LBB,TX,ASW,CE,Combined TRACON& Tower with Radar,40,44,56,4,144,0,24,75,1,100,40,68,131,5,244,114,0,114,358
05/19/2022,LBB,TX,ASW,CE,Combined TRACON& Tower with Radar,40,37,51,13,141,0,21,72,0,93,40,58,123,13,234,104,8,112,346
05/20/2022,LBB,TX,ASW,CE,Combined TRACON& Tower with Radar,41,34,40,39,154,0,21,58,7,86,41,55,98,46,240,158,40,198,438
05/21/2022,LBB,TX,ASW,CE,Combined TRACON& Tower with Radar,29,19,28,14,90,0,21,49,5,75,29,40,77,19,165,56,12,68,233
05/22/2022,LBB,TX,ASW,CE,Combined TRACON& Tower with Radar,30,16,35,8,89,0,19,55,2,76,30,35,90,10,165,104,0,104,269
05/23/2022,LBB,TX,ASW,CE,Combined TRACON& Tower with Radar,34,22,32,8,96,0,6,6,2,14,34,28,38,10,110,6,0,6,116
05/24/2022,LBB,TX,ASW,CE,Combined TRACON& Tower with Radar,31,25,33,20,109,0,5,5,0,10,31,30,38,20,119,52,22,74,193
05/25/2022,LBB,TX,ASW,CE,Combined TRACON& Tower with Radar,39,33,71,46,189,0,10,57,7,74,39,43,128,53,263,76,52,128,391
05/26/2022,LBB,TX,ASW,CE,Combined TRACON& Tower with Radar,44,31,53,32,160,0,18,72,5,95,44,49,125,37,255,94,48,142,397
05/27/2022,LBB,TX,ASW,CE,Combined TRACON& Tower with Radar,44,35,43,0,122,0,18,55,0,73,44,53,98,0,195,122,0,122,317
05/28/2022,LBB,TX,ASW,CE,Combined TRACON& Tower with Radar,27,16,14,2,59,0,8,28,1,37,27,24,42,3,96,36,0,36,132
05/29/2022,LBB,TX,ASW,CE,Combined TRACON& Tower with Radar,27,10,16,0,53,0,4,12,1,17,27,14,28,1,70,0,0,0,70
05/30/2022,LBB,TX,ASW,CE,Combined TRACON& Tower with Radar,30,11,47,0,88,0,13,56,0,69,30,24,103,0,157,104,0,104,261
05/31/2022,LBB,TX,ASW,CE,Combined TRACON& Tower with Radar,32,24,48,8,112,0,11,54,1,66,32,35,102,9,178,146,4,150,328
06/01/2022,LBB,TX,ASW,CE,Combined TRACON& Tower with Radar,38,33,39,0,110,0,7,7,1,15,38,40,46,1,125,40,0,40,165
06/02/2022,LBB,TX,ASW,CE,Combined TRACON& Tower with Radar,44,35,53,15,147,0,2,25,0,27,44,37,78,15,174,98,0,98,272
06/03/2022,LBB,TX,ASW,CE,Combined TRACON& Tower with Radar,41,24,42,21,128,0,3,46,1,50,41,27,88,22,178,84,22,106,284
06/04/2022,LBB,TX,ASW,CE,Combined TRACON& Tower with Radar,28,20,31,2,81,0,14,79,2,95,28,34,110,4,176,174,0,174,350
06/05/2022,LBB,TX,ASW,CE,Combined TRACON& Tower with Radar,37,16,51,9,113,0,26,59,2,87,37,42,110,11,200,54,8,62,262
06/06/2022,LBB,TX,ASW,CE,Combined TRACON& Tower with Radar,37,26,40,37,140,0,14,49,6,69,37,40,89,43,209,162,44,206,415
06/07/2022,LBB,TX,ASW,CE,Combined TRACON& Tower with Radar,45,35,61,10,151,0,20,54,3,77,45,55,115,13,228,98,6,104,332
06/08/2022,LBB,TX,ASW,CE,Combined TRACON& Tower with Radar,46,41,52,0,139,0,8,30,1,39,46,49,82,1,178,62,0,62,240
06/09/2022,LBB,TX,ASW,CE,Combined TRACON& Tower with Radar,43,43,48,1,135,0,9,45,4,58,43,52,93,5,193,108,0,108,301
06/10/2022,LBB,TX,ASW,CE,Combined TRACON& Tower with Radar,44,35,36,6,121,0,19,41,0,60,44,54,77,6,181,108,0,108,289
06/11/2022,LBB,TX,ASW,CE,Combined TRACON& Tower with Radar,28,27,22,4,81,0,30,31,0,61,28,57,53,4,142,52,0,52,194
06/12/2022,LBB,TX,ASW,CE,Combined TRACON& Tower with Radar,37,22,27,0,86,0,15,25,0,40,37,37,52,0,126,52,0,52,178
06/13/2022,LBB,TX,ASW,CE,Combined TRACON& Tower with Radar,34,27,33,2,96,0,19,16,0,35,34,46,49,2,131,0,0,0,131
06/14/2022,LBB,TX,ASW,CE,Combined TRACON& Tower with Radar,43,54,62,24,183,0,14,54,2,70,43,68,116,26,253,86,6,92,345
06/15/2022,LBB,TX,ASW,CE,Combined TRACON& Tower with Radar,46,43,44,14,147,0,27,46,2,75,46,70,90,16,222,76,6,82,304
06/16/2022,LBB,TX,ASW,CE,Combined TRACON& Tower with Radar,45,36,35,4,120,0,13,55,3,71,45,49,90,7,191,24,0,24,215
06/17/2022,LBB,TX,ASW,CE,Combined TRACON& Tower with Radar,45,30,45,6,126,0,30,55,4,89,45,60,100,10,215,44,2,46,261
06/18/2022,LBB,TX,ASW,CE,Combined TRACON& Tower with Radar,28,23,35,2,88,0,12,39,0,51,28,35,74,2,139,72,0,72,211
06/19/2022,LBB,TX,ASW,CE,Combined TRACON& Tower with Radar,34,20,41,2,97,0,11,60,1,72,34,31,101,3,169,0,0,0,169
06/20/2022,LBB,TX,ASW,CE,Combined TRACON& Tower with Radar,36,21,41,13,111,0,18,72,0,90,36,39,113,13,201,0,0,0,201
06/21/2022,LBB,TX,ASW,CE,Combined TRACON& Tower with Radar,42,39,56,13,150,0,18,68,0,86,42,57,124,13,236,96,4,100,336
06/22/2022,LBB,TX,ASW,CE,Combined TRACON& Tower with Radar,45,36,62,17,160,0,11,60,6,77,45,47,122,23,237,102,18,120,357
06/23/2022,LBB,TX,ASW,CE,Combined TRACON& Tower with Radar,43,26,48,6,123,0,10,60,0,70,43,36,108,6,193,112,0,112,305
06/24/2022,LBB,TX,ASW,CE,Combined TRACON& Tower with Radar,48,37,84,18,187,0,14,70,0,84,48,51,154,18,271,40,6,46,317
06/25/2022,LBB,TX,ASW,CE,Combined TRACON& Tower with Radar,26,30,37,28,121,0,11,64,2,77,26,41,101,30,198,74,12,86,284
06/26/2022,LBB,TX,ASW,CE,Combined TRACON& Tower with Radar,36,24,46,12,118,0,12,13,6,31,36,36,59,18,149,0,0,0,149
06/27/2022,LBB,TX,ASW,CE,Combined TRACON& Tower with Radar,33,24,42,14,113,0,11,52,9,72,33,35,94,23,185,92,32,124,309
06/28/2022,LBB,TX,ASW,CE,Combined TRACON& Tower with Radar,47,30,59,15,151,0,7,31,1,39,47,37,90,16,190,126,0,126,316
06/29/2022,LBB,TX,ASW,CE,Combined TRACON& Tower with Radar,45,40,41,16,142,0,18,58,2,78,45,58,99,18,220,58,0,58,278
06/30/2022,LBB,TX,ASW,CE,Combined TRACON& Tower with Radar,44,35,57,8,144,0,23,65,0,88,44,58,122,8,232,102,0,102,334
07/01/2022,LBB,TX,ASW,CE,Combined TRACON& Tower with Radar,44,36,55,14,149,0,25,57,0,82,44,61,112,14,231,78,0,78,309
07/02/2022,LBB,TX,ASW,CE,Combined TRACON& Tower with Radar,29,30,38,9,106,0,23,62,0,85,29,53,100,9,191,50,0,50,241
07/03/2022,LBB,TX,ASW,CE,Combined TRACON& Tower with Radar,29,16,18,0,63,0,21,45,0,66,29,37,63,0,129,82,0,82,211
07/04/2022,LBB,TX,ASW,CE,Combined TRACON& Tower with Radar,32,19,26,0,77,0,15,46,0,61,32,34,72,0,138,50,0,50,188
07/05/2022,LBB,TX,ASW,CE,Combined TRACON& Tower with Radar,32,45,41,3,121,0,10,35,1,46,32,55,76,4,167,2,0,2,169
07/06/2022,LBB,TX,ASW,CE,Combined TRACON& Tower with Radar,42,43,53,0,138,0,10,48,2,60,42,53,101,2,198,86,0,86,284
07/07/2022,LBB,TX,ASW,CE,Combined TRACON& Tower with Radar,45,29,40,13,127,0,15,49,2,66,45,44,89,15,193,54,20,74,267
07/08/2022,LBB,TX,ASW,CE,Combined TRACON& Tower with Radar,40,37,36,1,114,0,13,48,2,63,40,50,84,3,177,100,6,106,283
07/09/2022,LBB,TX,ASW,CE,Combined TRACON& Tower with Radar,28,23,23,12,86,0,11,60,1,72,28,34,83,13,158,138,0,138,296
07/10/2022,LBB,TX,ASW,CE,Combined TRACON& Tower with Radar,30,17,35,7,89,0,18,49,1,68,30,35,84,8,157,14,0,14,171
07/11/2022,LBB,TX,ASW,CE,Combined TRACON& Tower with Radar,36,27,54,6,123,0,23,50,0,73,36,50,104,6,196,90,0,90,286
07/12/2022,LBB,TX,ASW,CE,Combined TRACON& Tower with Radar,41,38,48,6,133,0,22,45,0,67,41,60,93,6,200,26,0,26,226
07/13/2022,LBB,TX,ASW,CE,Combined TRACON& Tower with Radar,42,48,64,33,187,0,22,68,0,90,42,70,132,33,277,82,26,108,385
07/14/2022,LBB,TX,ASW,CE,Combined TRACON& Tower with Radar,44,36,71,36,187,0,17,80,0,97,44,53,151,36,284,114,0,114,398
07/15/2022,LBB,TX,ASW,CE,Combined TRACON& Tower with Radar,44,36,45,46,171,0,28,103,2,133,44,64,148,48,304,130,24,154,458
07/16/2022,LBB,TX,ASW,CE,Combined TRACON& Tower with Radar,25,24,41,3,93,0,32,74,0,106,25,56,115,3,199,68,0,68,267
07/17/2022,LBB,TX,ASW,CE,Combined TRACON& Tower with Radar,35,20,38,2,95,0,20,44,0,64,35,40,82,2,159,130,0,130,289
07/18/2022,LBB,TX,ASW,CE,Combined TRACON& Tower with Radar,36,23,37,10,106,0,32,45,3,80,36,55,82,13,186,150,4,154,340
07/19/2022,LBB,TX,ASW,CE,Combined TRACON& Tower with Radar,42,36,47,11,136,0,25,32,1,58,42,61,79,12,194,10,16,26,220
07/20/2022,LBB,TX,ASW,CE,Combined TRACON& Tower with Radar,44,33,50,18,145,0,11,38,10,59,44,44,88,28,204,96,0,96,300
07/21/2022,LBB,TX,ASW,CE,Combined TRACON& Tower with Radar,44,35,51,6,136,0,10,36,3,49,44,45,87,9,185,84,10,94,279
07/22/2022,LBB,TX,ASW,CE,Combined TRACON& Tower with Radar,44,38,44,13,139,0,11,35,3,49,44,49,79,16,188,40,0,40,228
07/23/2022,LBB,TX,ASW,CE,Combined TRACON& Tower with Radar,25,26,31,1,83,0,20,59,1,80,25,46,90,2,163,60,0,60,223
07/24/2022,LBB,TX,ASW,CE,Combined TRACON& Tower with Radar,34,21,45,2,102,0,19,58,0,77,34,40,103,2,179,64,0,64,243
07/25/2022,LBB,TX,ASW,CE,Combined TRACON& Tower with Radar,32,26,33,39,130,0,20,53,1,74,32,46,86,40,204,82,0,82,286
07/26/2022,LBB,TX,ASW,CE,Combined TRACON& Tower with Radar,39,37,27,8,111,0,14,31,0,45,39,51,58,8,156,88,0,88,244
07/27/2022,LBB,TX,ASW,CE,Combined TRACON& Tower with Radar,42,37,44,24,147,0,21,34,4,59,42,58,78,28,206,88,22,110,316
07/28/2022,LBB,TX,ASW,CE,Combined TRACON& Tower with Radar,43,39,40,3,125,0,15,42,1,58,43,54,82,4,183,22,0,22,205
07/29/2022,LBB,TX,ASW,CE,Combined TRACON& Tower with Radar,44,40,27,45,156,0,19,44,1,64,44,59,71,46,220,74,60,134,354
07/30/2022,LBB,TX,ASW,CE,Combined TRACON& Tower with Radar,30,25,26,7,88,0,6,44,4,54,30,31,70,11,142,60,22,82,224
07/31/2022,LBB,TX,ASW,CE,Combined TRACON& Tower with Radar,34,16,37,12,99,0,19,23,0,42,34,35,60,12,141,34,0,34,175
08/01/2022,LBB,TX,ASW,CE,Combined TRACON& Tower with Radar,34,18,29,16,97,0,23,34,0,57,34,41,63,16,154,40,4,44,198
08/02/2022,LBB,TX,ASW,CE,Combined TRACON& Tower with Radar,41,38,19,14,112,0,15,59,0,74,41,53,78,14,186,88,8,96,282
08/03/2022,LBB,TX,ASW,CE,Combined TRACON& Tower with Radar,42,34,18,8,102,0,28,42,0,70,42,62,60,8,172,33,18,51,223
08/04/2022,LBB,TX,ASW,CE,Combined TRACON& Tower with Radar,40,40,37,21,138,0,12,27,0,39,40,52,64,21,177,28,28,56,233
08/05/2022,LBB,TX,ASW,CE,Combined TRACON& Tower with Radar,46,40,59,42,187,0,16,53,4,73,46,56,112,46,260,56,40,96,356
08/06/2022,LBB,TX,ASW,CE,Combined TRACON& Tower with Radar,27,24,30,9,90,0,24,55,2,81,27,48,85,11,171,30,16,46,217
08/07/2022,LBB,TX,ASW,CE,Combined TRACON& Tower with Radar,33,23,34,10,100,0,16,32,0,48,33,39,66,10,148,28,0,28,176
08/08/2022,LBB,TX,ASW,CE,Combined TRACON& Tower with Radar,37,27,39,19,122,0,13,34,1,48,37,40,73,20,170,44,16,60,230
08/09/2022,LBB,TX,ASW,CE,Combined TRACON& Tower with Radar,34,40,41,0,115,0,4,31,0,35,34,44,72,0,150,6,0,6,156
08/10/2022,LBB,TX,ASW,CE,Combined TRACON& Tower with Radar,43,38,43,2,126,0,9,31,0,40,43,47,74,2,166,58,0,58,224
08/11/2022,LBB,TX,ASW,CE,Combined TRACON& Tower with Radar,45,43,67,36,191,0,23,58,1,82,45,66,125,37,273,28,36,64,337
08/12/2022,LBB,TX,ASW,CE,Combined TRACON& Tower with Radar,43,33,49,6,131,0,22,65,0,87,43,55,114,6,218,26,0,26,244
08/13/2022,LBB,TX,ASW,CE,Combined TRACON& Tower with Radar,29,28,30,0,87,0,21,61,0,82,29,49,91,0,169,88,0,88,257
08/14/2022,LBB,TX,ASW,CE,Combined TRACON& Tower with Radar,33,17,36,6,92,0,14,42,2,58,33,31,78,8,150,58,2,60,210
08/15/2022,LBB,TX,ASW,CE,Combined TRACON& Tower with Radar,37,21,46,19,123,0,16,40,0,56,37,37,86,19,179,44,10,54,233
08/16/2022,LBB,TX,ASW,CE,Combined TRACON& Tower with Radar,41,25,35,41,142,0,29,56,0,85,41,54,91,41,227,74,48,122,349
08/17/2022,LBB,TX,ASW,CE,Combined TRACON& Tower with Radar,42,34,59,23,158,0,14,35,1,50,42,48,94,24,208,52,28,80,288
08/18/2022,LBB,TX,ASW,CE,Combined TRACON& Tower with Radar,43,34,47,19,143,0,9,18,1,28,43,43,65,20,171,0,0,0,171
08/19/2022,LBB,TX,ASW,CE,Combined TRACON& Tower with Radar,44,42,63,56,205,0,12,54,3,69,44,54,117,59,274,86,30,116,390
08/20/2022,LBB,TX,ASW,CE,Combined TRACON& Tower with Radar,29,27,46,0,102,0,3,19,0,22,29,30,65,0,124,8,0,8,132
08/21/2022,LBB,TX,ASW,CE,Combined TRACON& Tower with Radar,30,27,48,4,109,0,0,3,0,3,30,27,51,4,112,4,0,4,116
08/22/2022,LBB,TX,ASW,CE,Combined TRACON& Tower with Radar,39,39,40,16,134,0,9,9,0,18,39,48,49,16,152,36,0,36,188
08/23/2022,LBB,TX,ASW,CE,Combined TRACON& Tower with Radar,44,41,57,22,164,0,12,57,0,69,44,53,114,22,233,34,0,34,267
08/24/2022,LBB,TX,ASW,CE,Combined TRACON& Tower with Radar,45,36,51,27,159,0,17,39,3,59,45,53,90,30,218,58,70,128,346
08/25/2022,LBB,TX,ASW,CE,Combined TRACON& Tower with Radar,43,37,62,15,157,0,18,75,3,96,43,55,137,18,253,50,0,50,303
08/26/2022,LBB,TX,ASW,CE,Combined TRACON& Tower with Radar,46,51,39,33,169,0,27,58,10,95,46,78,97,43,264,94,42,136,400
08/27/2022,LBB,TX,ASW,CE,Combined TRACON& Tower with Radar,30,21,35,10,96,0,17,53,1,71,30,38,88,11,167,88,0,88,255
08/28/2022,LBB,TX,ASW,CE,Combined TRACON& Tower with Radar,32,14,31,45,122,0,20,25,3,48,32,34,56,48,170,40,16,56,226
08/29/2022,LBB,TX,ASW,CE,Combined TRACON& Tower with Radar,35,17,32,4,88,0,8,46,0,54,35,25,78,4,142,0,0,0,142
08/30/2022,LBB,TX,ASW,CE,Combined TRACON& Tower with Radar,44,44,51,2,141,0,4,32,0,36,44,48,83,2,177,32,0,32,209
08/31/2022,LBB,TX,ASW,CE,Combined TRACON& Tower with Radar,46,43,52,4,145,0,2,15,1,18,46,45,67,5,163,0,0,0,163
09/01/2022,LBB,TX,ASW,CE,Combined TRACON& Tower with Radar,43,53,43,18,157,0,18,27,2,47,43,71,70,20,204,26,18,44,248
09/02/2022,LBB,TX,ASW,CE,Combined TRACON& Tower with Radar,50,38,60,0,148,0,15,48,2,65,50,53,108,2,213,10,0,10,223
09/03/2022,LBB,TX,ASW,CE,Combined TRACON& Tower with Radar,29,26,41,0,96,0,20,39,2,61,29,46,80,2,157,34,0,34,191
09/04/2022,LBB,TX,ASW,CE,Combined TRACON& Tower with Radar,28,17,25,0,70,0,26,43,3,72,28,43,68,3,142,24,0,24,166
09/05/2022,LBB,TX,ASW,CE,Combined TRACON& Tower with Radar,32,22,40,2,96,0,32,59,0,91,32,54,99,2,187,60,0,60,247
09/06/2022,LBB,TX,ASW,CE,Combined TRACON& Tower with Radar,36,25,42,7,110,0,19,77,0,96,36,44,119,7,206,50,0,50,256
09/07/2022,LBB,TX,ASW,CE,Combined TRACON& Tower with Radar,44,43,47,10,144,0,29,51,0,80,44,72,98,10,224,92,10,102,326
09/08/2022,LBB,TX,ASW,CE,Combined TRACON& Tower with Radar,41,31,48,28,148,0,28,58,0,86,41,59,106,28,234,42,32,74,308
09/09/2022,LBB,TX,ASW,CE,Combined TRACON& Tower with Radar,47,35,55,18,155,0,29,57,5,91,47,64,112,23,246,40,0,40,286
09/10/2022,LBB,TX,ASW,CE,Combined TRACON& Tower with Radar,35,32,73,0,140,0,26,62,6,94,35,58,135,6,234,30,0,30,264
09/11/2022,LBB,TX,ASW,CE,Combined TRACON& Tower with Radar,37,23,46,0,106,0,18,27,2,47,37,41,73,2,153,0,0,0,153
09/12/2022,LBB,TX,ASW,CE,Combined TRACON& Tower with Radar,36,18,44,8,106,0,18,40,2,60,36,36,84,10,166,34,8,42,208
09/13/2022,LBB,TX,ASW,CE,Combined TRACON& Tower with Radar,44,31,45,29,149,0,22,36,0,58,44,53,81,29,207,82,16,98,305
09/14/2022,LBB,TX,ASW,CE,Combined TRACON& Tower with Radar,39,32,49,5,125,0,16,41,1,58,39,48,90,6,183,44,0,44,227
09/15/2022,LBB,TX,ASW,CE,Combined TRACON& Tower with Radar,45,39,44,12,140,0,19,56,0,75,45,58,100,12,215,88,26,114,329
09/16/2022,LBB,TX,ASW,CE,Combined TRACON& Tower with Radar,47,35,50,17,149,0,31,67,9,107,47,66,117,26,256,72,0,72,328
09/17/2022,LBB,TX,ASW,CE,Combined TRACON& Tower with Radar,32,33,23,4,92,0,27,97,0,124,32,60,120,4,216,88,0,88,304
09/18/2022,LBB,TX,ASW,CE,Combined TRACON& Tower with Radar,40,18,41,6,105,0,23,42,0,65,40,41,83,6,170,68,0,68,238
09/19/2022,LBB,TX,ASW,CE,Combined TRACON& Tower with Radar,35,23,47,21,126,0,23,52,1,76,35,46,99,22,202,0,0,0,202
09/20/2022,LBB,TX,ASW,CE,Combined TRACON& Tower with Radar,43,32,55,9,139,0,31,54,1,86,43,63,109,10,225,66,0,66,291
09/21/2022,LBB,TX,ASW,CE,Combined TRACON& Tower with Radar,42,30,77,8,157,0,21,69,0,90,42,51,146,8,247,76,4,80,327
09/22/2022,LBB,TX,ASW,CE,Combined TRACON& Tower with Radar,44,37,54,24,159,0,22,86,5,113,44,59,140,29,272,124,28,152,424
09/23/2022,LBB,TX,ASW,CE,Combined TRACON& Tower with Radar,44,44,68,46,202,0,21,68,17,106,44,65,136,63,308,130,0,130,438
09/24/2022,LBB,TX,ASW,CE,Combined TRACON& Tower with Radar,37,50,89,4,180,0,22,58,2,82,37,72,147,6,262,12,0,12,274
09/25/2022,LBB,TX,ASW,CE,Combined TRACON& Tower with Radar,38,17,57,8,120,0,21,53,0,74,38,38,110,8,194,18,0,18,212
09/26/2022,LBB,TX,ASW,CE,Combined TRACON& Tower with Radar,37,18,38,9,102,0,16,48,3,67,37,34,86,12,169,112,6,118,287
09/27/2022,LBB,TX,ASW,CE,Combined TRACON& Tower with Radar,41,40,55,7,143,0,27,78,2,107,41,67,133,9,250,136,10,146,396
09/28/2022,LBB,TX,ASW,CE,Combined TRACON& Tower with Radar,43,33,53,29,158,0,14,67,1,82,43,47,120,30,240,136,8,144,384
09/29/2022,LBB,TX,ASW,CE,Combined TRACON& Tower with Radar,44,30,59,23,156,0,23,61,0,84,44,53,120,23,240,133,16,149,389
09/30/2022,LBB,TX,ASW,CE,Combined TRACON& Tower with Radar,47,31,64,14,156,0,17,69,1,87,47,48,133,15,243,108,10,118,361
10/01/2022,LBB,TX,ASW,CE,Combined TRACON& Tower with Radar,32,36,39,6,113,0,24,73,0,97,32,60,112,6,210,52,0,52,262
10/02/2022,LBB,TX,ASW,CE,Combined TRACON& Tower with Radar,39,17,55,0,111,0,24,58,0,82,39,41,113,0,193,20,0,20,213
10/03/2022,LBB,TX,ASW,CE,Combined TRACON& Tower with Radar,35,23,43,19,120,0,23,53,7,83,35,46,96,26,203,98,0,98,301
10/04/2022,LBB,TX,ASW,CE,Combined TRACON& Tower with Radar,43,29,38,25,135,0,20,36,0,56,43,49,74,25,191,52,0,52,243
10/05/2022,LBB,TX,ASW,CE,Combined TRACON& Tower with Radar,38,36,41,11,126,0,7,22,0,29,38,43,63,11,155,66,0,66,221
10/06/2022,LBB,TX,ASW,CE,Combined TRACON& Tower with Radar,41,40,48,25,154,0,14,42,2,58,41,54,90,27,212,106,36,142,354
10/07/2022,LBB,TX,ASW,CE,Combined TRACON& Tower with Radar,44,36,53,1,134,0,16,32,0,48,44,52,85,1,182,28,0,28,210
10/08/2022,LBB,TX,ASW,CE,Combined TRACON& Tower with Radar,36,34,49,0,119,0,2,6,0,8,36,36,55,0,127,0,0,0,127
10/09/2022,LBB,TX,ASW,CE,Combined TRACON& Tower with Radar,34,25,62,0,121,0,8,14,2,24,34,33,76,2,145,0,0,0,145
10/10/2022,LBB,TX,ASW,CE,Combined TRACON& Tower with Radar,31,25,44,2,102,0,10,7,0,17,31,35,51,2,119,0,0,0,119
10/11/2022,LBB,TX,ASW,CE,Combined TRACON& Tower with Radar,40,32,58,5,135,0,16,55,2,73,40,48,113,7,208,72,16,88,296
10/12/2022,LBB,TX,ASW,CE,Combined TRACON& Tower with Radar,39,39,45,23,146,0,18,69,2,89,39,57,114,25,235,124,16,140,375
10/13/2022,LBB,TX,ASW,CE,Combined TRACON& Tower with Radar,40,39,58,16,153,0,16,85,1,102,40,55,143,17,255,64,10,74,329
10/14/2022,LBB,TX,ASW,CE,Combined TRACON& Tower with Radar,43,38,66,55,202,0,23,65,1,89,43,61,131,56,291,48,0,48,339
10/15/2022,LBB,TX,ASW,CE,Combined TRACON& Tower with Radar,28,24,38,0,90,0,19,51,0,70,28,43,89,0,160,36,0,36,196
10/16/2022,LBB,TX,ASW,CE,Combined TRACON& Tower with Radar,36,18,27,0,81,0,2,2,0,4,36,20,29,0,85,0,0,0,85
10/17/2022,LBB,TX,ASW,CE,Combined TRACON& Tower with Radar,32,20,37,0,89,0,20,35,1,56,32,40,72,1,145,0,0,0,145
10/18/2022,LBB,TX,ASW,CE,Combined TRACON& Tower with Radar,40,36,82,8,166,0,14,28,1,43,40,50,110,9,209,22,16,38,247
10/19/2022,LBB,TX,ASW,CE,Combined TRACON& Tower with Radar,39,44,71,30,184,0,19,57,5,81,39,63,128,35,265,60,44,104,369
10/20/2022,LBB,TX,ASW,CE,Combined TRACON& Tower with Radar,44,34,50,11,139,0,19,70,6,95,44,53,120,17,234,56,18,74,308
10/21/2022,LBB,TX,ASW,CE,Combined TRACON& Tower with Radar,44,37,52,1,134,0,20,70,1,91,44,57,122,2,225,66,0,66,291
10/22/2022,LBB,TX,ASW,CE,Combined TRACON& Tower with Radar,33,19,38,1,91,0,39,35,1,75,33,58,73,2,166,20,0,20,186
10/23/2022,LBB,TX,ASW,CE,Combined TRACON& Tower with Radar,35,21,41,0,97,0,14,25,1,40,35,35,66,1,137,0,0,0,137
10/24/2022,LBB,TX,ASW,CE,Combined TRACON& Tower with Radar,28,23,29,11,91,0,4,13,1,18,28,27,42,12,109,0,0,0,109
10/25/2022,LBB,TX,ASW,CE,Combined TRACON& Tower with Radar,40,39,39,48,166,0,31,78,3,112,40,70,117,51,278,98,18,116,394
10/26/2022,LBB,TX,ASW,CE,Combined TRACON& Tower with Radar,42,36,46,19,143,0,20,44,6,70,42,56,90,25,213,30,0,30,243
10/27/2022,LBB,TX,ASW,CE,Combined TRACON& Tower with Radar,41,36,76,15,168,0,10,54,15,79,41,46,130,30,247,72,14,86,333
10/28/2022,LBB,TX,ASW,CE,Combined TRACON& Tower with Radar,40,40,73,52,205,0,2,2,0,4,40,42,75,52,209,0,0,0,209
10/29/2022,LBB,TX,ASW,CE,Combined TRACON& Tower with Radar,29,49,81,14,173,0,14,77,6,97,29,63,158,20,270,46,0,46,316
10/30/2022,LBB,TX,ASW,CE,Combined TRACON& Tower with Radar,36,25,55,2,118,0,26,47,1,74,36,51,102,3,192,0,0,0,192
10/31/2022,LBB,TX,ASW,CE,Combined TRACON& Tower with Radar,29,24,39,19,111,0,22,79,10,111,29,46,118,29,222,46,18,64,286
11/01/2022,LBB,TX,ASW,CE,Combined TRACON& Tower with Radar,41,36,62,30,169,0,11,60,2,73,41,47,122,32,242,10,0,10,252
11/02/2022,LBB,TX,ASW,CE,Combined TRACON& Tower with Radar,39,33,60,25,157,0,19,32,5,56,39,52,92,30,213,64,24,88,301
11/03/2022,LBB,TX,ASW,CE,Combined TRACON& Tower with Radar,39,36,77,53,205,0,6,35,8,49,39,42,112,61,254,40,0,40,294
11/04/2022,LBB,TX,ASW,CE,Combined TRACON& Tower with Radar,41,38,39,93,211,0,7,21,3,31,41,45,60,96,242,48,10,58,300
11/05/2022,LBB,TX,ASW,CE,Combined TRACON& Tower with Radar,34,24,27,11,96,0,24,47,4,75,34,48,74,15,171,14,0,14,185
11/06/2022,LBB,TX,ASW,CE,Combined TRACON& Tower with Radar,33,15,28,5,81,0,51,59,0,110,33,66,87,5,191,108,0,108,299
11/07/2022,LBB,TX,ASW,CE,Combined TRACON& Tower with Radar,31,24,51,38,144,0,16,32,3,51,31,40,83,41,195,74,38,112,307
11/08/2022,LBB,TX,ASW,CE,Combined TRACON& Tower with Radar,38,39,50,23,150,0,8,14,0,22,38,47,64,23,172,6,4,10,182
11/09/2022,LBB,TX,ASW,CE,Combined TRACON& Tower with Radar,41,39,47,7,134,0,10,11,0,21,41,49,58,7,155,16,0,16,171
11/10/2022,LBB,TX,ASW,CE,Combined TRACON& Tower with Radar,40,43,42,34,159,0,12,58,11,81,40,55,100,45,240,86,28,114,354
11/11/2022,LBB,TX,ASW,CE,Combined TRACON& Tower with Radar,42,55,56,9,162,0,17,39,5,61,42,72,95,14,223,18,0,18,241
11/12/2022,LBB,TX,ASW,CE,Combined TRACON& Tower with Radar,28,39,48,10,125,0,15,70,4,89,28,54,118,14,214,106,0,106,320
11/13/2022,LBB,TX,ASW,CE,Combined TRACON& Tower with Radar,34,24,47,6,111,0,13,52,0,65,34,37,99,6,176,16,0,16,192
11/14/2022,LBB,TX,ASW,CE,Combined TRACON& Tower with Radar,32,24,36,2,94,0,9,30,0,39,32,33,66,2,133,0,0,0,133
11/15/2022,LBB,TX,ASW,CE,Combined TRACON& Tower with Radar,39,39,45,23,146,0,27,62,10,99,39,66,107,33,245,44,22,66,311
11/16/2022,LBB,TX,ASW,CE,Combined TRACON& Tower with Radar,39,38,56,12,145,0,22,69,1,92,39,60,125,13,237,36,14,50,287
11/17/2022,LBB,TX,ASW,CE,Combined TRACON& Tower with Radar,36,44,55,3,138,0,20,85,1,106,36,64,140,4,244,116,8,124,368
11/18/2022,LBB,TX,ASW,CE,Combined TRACON& Tower with Radar,43,40,51,3,137,0,12,28,1,41,43,52,79,4,178,96,0,96,274
11/19/2022,LBB,TX,ASW,CE,Combined TRACON& Tower with Radar,28,26,34,1,89,0,9,45,0,54,28,35,79,1,143,50,0,50,193
11/20/2022,LBB,TX,ASW,CE,Combined TRACON& Tower with Radar,35,24,42,72,173,0,23,35,4,62,35,47,77,76,235,44,0,44,279
11/21/2022,LBB,TX,ASW,CE,Combined TRACON& Tower with Radar,36,28,40,50,154,0,15,41,5,61,36,43,81,55,215,38,42,80,295
11/22/2022,LBB,TX,ASW,CE,Combined TRACON& Tower with Radar,35,35,50,71,191,0,19,69,3,91,35,54,119,74,282,84,20,104,386
11/23/2022,LBB,TX,ASW,CE,Combined TRACON& Tower with Radar,42,23,54,0,119,0,6,14,0,20,42,29,68,0,139,4,0,4,143
11/24/2022,LBB,TX,ASW,CE,Combined TRACON& Tower with Radar,33,8,8,0,49,0,2,1,0,3,33,10,9,0,52,0,0,0,52
11/25/2022,LBB,TX,ASW,CE,Combined TRACON& Tower with Radar,41,35,21,0,97,0,0,1,0,1,41,35,22,0,98,0,0,0,98
11/26/2022,LBB,TX,ASW,CE,Combined TRACON& Tower with Radar,29,37,52,2,120,0,4,6,0,10,29,41,58,2,130,12,0,12,142
11/27/2022,LBB,TX,ASW,CE,Combined TRACON& Tower with Radar,36,34,52,0,122,0,14,54,1,69,36,48,106,1,191,52,0,52,243
11/28/2022,LBB,TX,ASW,CE,Combined TRACON& Tower with Radar,31,29,50,23,133,0,22,62,5,89,31,51,112,28,222,62,14,76,298
11/29/2022,LBB,TX,ASW,CE,Combined TRACON& Tower with Radar,43,34,44,33,154,0,13,38,7,58,43,47,82,40,212,48,50,98,310
11/30/2022,LBB,TX,ASW,CE,Combined TRACON& Tower with Radar,42,45,48,16,151,0,26,67,2,95,42,71,115,18,246,56,30,86,332
12/01/2022,LBB,TX,ASW,CE,Combined TRACON& Tower with Radar,40,46,53,14,153,0,11,58,2,71,40,57,111,16,224,90,0,90,314
12/02/2022,LBB,TX,ASW,CE,Combined TRACON& Tower with Radar,39,40,37,102,218,0,17,44,20,81,39,57,81,122,299,28,0,28,327
12/03/2022,LBB,TX,ASW,CE,Combined TRACON& Tower with Radar,27,26,32,8,93,0,18,41,0,59,27,44,73,8,152,62,8,70,222
12/04/2022,LBB,TX,ASW,CE,Combined TRACON& Tower with Radar,32,21,37,14,104,0,24,31,1,56,32,45,68,15,160,0,0,0,160
12/05/2022,LBB,TX,ASW,CE,Combined TRACON& Tower with Radar,36,28,40,43,147,0,20,29,7,56,36,48,69,50,203,48,34,82,285
12/06/2022,LBB,TX,ASW,CE,Combined TRACON& Tower with Radar,38,33,43,23,137,0,8,36,10,54,38,41,79,33,191,76,26,102,293
12/07/2022,LBB,TX,ASW,CE,Combined TRACON& Tower with Radar,38,39,80,16,173,0,2,14,0,16,38,41,94,16,189,84,0,84,273
12/08/2022,LBB,TX,ASW,CE,Combined TRACON& Tower with Radar,44,37,40,46,167,0,11,38,5,54,44,48,78,51,221,98,32,130,351
12/09/2022,LBB,TX,ASW,CE,Combined TRACON& Tower with Radar,43,30,52,5,130,0,1,14,1,16,43,31,66,6,146,48,0,48,194
12/10/2022,LBB,TX,ASW,CE,Combined TRACON& Tower with Radar,28,28,32,1,89,0,5,25,0,30,28,33,57,1,119,78,0,78,197
12/11/2022,LBB,TX,ASW,CE,Combined TRACON& Tower with Radar,29,18,31,8,86,0,2,9,0,11,29,20,40,8,97,84,0,84,181
12/12/2022,LBB,TX,ASW,CE,Combined TRACON& Tower with Radar,34,27,38,3,102,0,7,7,0,14,34,34,45,3,116,32,0,32,148
12/13/2022,LBB,TX,ASW,CE,Combined TRACON& Tower with Radar,33,41,32,109,215,0,22,25,11,58,33,63,57,120,273,12,70,82,355
12/14/2022,LBB,TX,ASW,CE,Combined TRACON& Tower with Radar,41,47,69,28,185,0,20,69,6,95,41,67,138,34,280,68,10,78,358
12/15/2022,LBB,TX,ASW,CE,Combined TRACON& Tower with Radar,41,51,68,14,174,0,19,51,8,78,41,70,119,22,252,124,14,138,390
12/16/2022,LBB,TX,ASW,CE,Combined TRACON& Tower with Radar,40,43,43,18,144,0,19,60,9,88,40,62,103,27,232,144,53,197,429
12/17/2022,LBB,TX,ASW,CE,Combined TRACON& Tower with Radar,38,25,37,31,131,0,20,64,0,84,38,45,101,31,215,128,0,128,343
12/18/2022,LBB,TX,ASW,CE,Combined TRACON& Tower with Radar,32,24,36,2,94,0,31,50,0,81,32,55,86,2,175,150,0,150,325
12/19/2022,LBB,TX,ASW,CE,Combined TRACON& Tower with Radar,37,36,42,60,175,0,13,51,5,69,37,49,93,65,244,84,94,178,422
12/20/2022,LBB,TX,ASW,CE,Combined TRACON& Tower with Radar,36,39,42,115,232,0,7,46,6,59,36,46,88,121,291,54,58,112,403
12/21/2022,LBB,TX,ASW,CE,Combined TRACON& Tower with Radar,43,38,40,2,123,0,12,17,2,31,43,50,57,4,154,0,0,0,154
12/22/2022,LBB,TX,ASW,CE,Combined TRACON& Tower with Radar,36,35,24,2,97,0,9,6,3,18,36,44,30,5,115,2,0,2,117
12/23/2022,LBB,TX,ASW,CE,Combined TRACON& Tower with Radar,35,36,23,0,94,0,9,20,0,29,35,45,43,0,123,72,0,72,195
12/24/2022,LBB,TX,ASW,CE,Combined TRACON& Tower with Radar,26,26,20,0,72,0,12,28,0,40,26,38,48,0,112,12,0,12,124
12/25/2022,LBB,TX,ASW,CE,Combined TRACON& Tower with Radar,13,13,6,0,32,0,17,8,0,25,13,30,14,0,57,0,0,0,57
12/26/2022,LBB,TX,ASW,CE,Combined TRACON& Tower with Radar,16,21,47,1,85,0,18,33,1,52,16,39,80,2,137,70,0,70,207
12/27/2022,LBB,TX,ASW,CE,Combined TRACON& Tower with Radar,28,28,56,1,113,0,16,45,0,61,28,44,101,1,174,48,0,48,222
12/28/2022,LBB,TX,ASW,CE,Combined TRACON& Tower with Radar,32,39,32,2,105,0,11,18,0,29,32,50,50,2,134,2,0,2,136
12/29/2022,LBB,TX,ASW,CE,Combined TRACON& Tower with Radar,36,40,43,0,119,0,7,22,0,29,36,47,65,0,148,31,0,31,179
12/30/2022,LBB,TX,ASW,CE,Combined TRACON& Tower with Radar,41,40,24,1,106,0,10,48,0,58,41,50,72,1,164,88,0,88,252
12/31/2022,LBB,TX,ASW,CE,Combined TRACON& Tower with Radar,30,18,23,0,71,0,12,17,0,29,30,30,40,0,100,0,0,0,100
01/01/2023,LBB,TX,ASW,CE,Combined TRACON& Tower with Radar,29,15,31,2,77,0,12,24,2,38,29,27,55,4,115,24,0,24,139
01/02/2023,LBB,TX,ASW,CE,Combined TRACON& Tower with Radar,29,13,25,1,68,0,10,19,2,31,29,23,44,3,99,34,0,34,133
01/03/2023,LBB,TX,ASW,CE,Combined TRACON& Tower with Radar,39,27,45,0,111,0,7,36,0,43,39,34,81,0,154,40,0,40,194
01/04/2023,LBB,TX,ASW,CE,Combined TRACON& Tower with Radar,42,39,42,4,127,0,20,42,2,64,42,59,84,6,191,34,0,34,225
01/05/2023,LBB,TX,ASW,CE,Combined TRACON& Tower with Radar,41,40,36,21,138,0,17,62,0,79,41,57,98,21,217,84,24,108,325
01/06/2023,LBB,TX,ASW,CE,Combined TRACON& Tower with Radar,43,32,38,40,153,0,20,38,10,68,43,52,76,50,221,92,10,102,323
01/07/2023,LBB,TX,ASW,CE,Combined TRACON& Tower with Radar,32,30,20,9,91,0,16,37,7,60,32,46,57,16,151,90,16,106,257
01/08/2023,LBB,TX,ASW,CE,Combined TRACON& Tower with Radar,33,12,36,6,87,0,20,40,0,60,33,32,76,6,147,42,0,42,189
01/09/2023,LBB,TX,ASW,CE,Combined TRACON& Tower with Radar,36,16,37,33,122,0,15,44,11,70,36,31,81,44,192,132,6,138,330
01/10/2023,LBB,TX,ASW,CE,Combined TRACON& Tower with Radar,40,38,44,35,157,0,12,50,3,65,40,50,94,38,222,96,22,118,340
01/11/2023,LBB,TX,ASW,CE,Combined TRACON& Tower with Radar,40,23,38,8,109,0,7,24,3,34,40,30,62,11,143,6,0,6,149
01/12/2023,LBB,TX,ASW,CE,Combined TRACON& Tower with Radar,41,36,38,20,135,0,15,46,8,69,41,51,84,28,204,32,6,38,242
01/13/2023,LBB,TX,ASW,CE,Combined TRACON& Tower with Radar,46,30,57,46,179,0,12,73,4,89,46,42,130,50,268,100,6,106,374
01/14/2023,LBB,TX,ASW,CE,Combined TRACON& Tower with Radar,28,22,23,2,75,0,6,45,0,51,28,28,68,2,126,116,0,116,242
01/15/2023,LBB,TX,ASW,CE,Combined TRACON& Tower with Radar,30,28,22,0,80,0,9,16,0,25,30,37,38,0,105,30,0,30,135
01/16/2023,LBB,TX,ASW,CE,Combined TRACON& Tower with Radar,32,24,32,2,90,0,16,41,3,60,32,40,73,5,150,32,0,32,182
01/17/2023,LBB,TX,ASW,CE,Combined TRACON& Tower with Radar,44,35,41,41,161,0,20,51,8,79,44,55,92,49,240,84,24,108,348
01/18/2023,LBB,TX,ASW,CE,Combined TRACON& Tower with Radar,41,40,30,43,154,0,12,20,3,35,41,52,50,46,189,8,30,38,227
01/19/2023,LBB,TX,ASW,CE,Combined TRACON& Tower with Radar,43,31,58,25,157,0,9,68,5,82,43,40,126,30,239,70,20,90,329
01/20/2023,LBB,TX,ASW,CE,Combined TRACON& Tower with Radar,48,33,35,33,149,0,21,40,2,63,48,54,75,35,212,64,40,104,316
01/21/2023,LBB,TX,ASW,CE,Combined TRACON& Tower with Radar,31,24,20,6,81,0,16,21,1,38,31,40,41,7,119,0,0,0,119
01/22/2023,LBB,TX,ASW,CE,Combined TRACON& Tower with Radar,32,17,27,16,92,0,16,44,0,60,32,33,71,16,152,50,18,68,220
01/23/2023,LBB,TX,ASW,CE,Combined TRACON& Tower with Radar,36,19,28,4,87,0,4,9,0,13,36,23,37,4,100,10,6,16,116
01/24/2023,LBB,TX,ASW,CE,Combined TRACON& Tower with Radar,42,18,13,0,73,0,0,0,0,0,42,18,13,0,73,0,0,0,73
01/25/2023,LBB,TX,ASW,CE,Combined TRACON& Tower with Radar,39,27,35,64,165,0,7,34,5,46,39,34,69,69,211,56,46,102,313
01/26/2023,LBB,TX,ASW,CE,Combined TRACON& Tower with Radar,42,38,41,41,162,0,11,50,7,68,42,49,91,48,230,60,36,96,326
01/27/2023,LBB,TX,ASW,CE,Combined TRACON& Tower with Radar,46,31,34,47,158,0,25,44,6,75,46,56,78,53,233,56,26,82,315
01/28/2023,LBB,TX,ASW,CE,Combined TRACON& Tower with Radar,29,26,32,10,97,0,16,71,1,88,29,42,103,11,185,122,0,122,307
01/29/2023,LBB,TX,ASW,CE,Combined TRACON& Tower with Radar,31,18,49,0,98,0,7,11,0,18,31,25,60,0,116,4,0,4,120
01/30/2023,LBB,TX,ASW,CE,Combined TRACON& Tower with Radar,24,17,11,2,54,0,0,1,0,1,24,17,12,2,55,0,0,0,55
01/31/2023,LBB,TX,ASW,CE,Combined TRACON& Tower with Radar,17,23,18,0,58,0,2,3,0,5,17,25,21,0,63,32,0,32,95
02/01/2023,LBB,TX,ASW,CE,Combined TRACON& Tower with Radar,8,19,12,2,41,0,2,1,2,5,8,21,13,4,46,0,0,0,46
02/02/2023,LBB,TX,ASW,CE,Combined TRACON& Tower with Radar,28,21,39,9,97,0,24,31,5,60,28,45,70,14,157,70,18,88,245
02/03/2023,LBB,TX,ASW,CE,Combined TRACON& Tower with Radar,43,41,47,36,167,0,18,78,13,109,43,59,125,49,276,114,30,144,420
02/04/2023,LBB,TX,ASW,CE,Combined TRACON& Tower with Radar,37,21,29,14,101,0,10,54,2,66,37,31,83,16,167,110,6,116,283
02/05/2023,LBB,TX,ASW,CE,Combined TRACON& Tower with Radar,37,15,41,12,105,0,15,63,0,78,37,30,104,12,183,26,0,26,209
02/06/2023,LBB,TX,ASW,CE,Combined TRACON& Tower with Radar,39,21,34,23,117,0,19,23,7,49,39,40,57,30,166,40,26,66,232
02/07/2023,LBB,TX,ASW,CE,Combined TRACON& Tower with Radar,39,41,33,26,139,0,7,12,0,19,39,48,45,26,158,32,0,32,190
02/08/2023,LBB,TX,ASW,CE,Combined TRACON& Tower with Radar,43,39,39,64,185,0,10,52,4,66,43,49,91,68,251,122,32,154,405
02/09/2023,LBB,TX,ASW,CE,Combined TRACON& Tower with Radar,44,33,48,0,125,0,7,27,0,34,44,40,75,0,159,14,0,14,173
02/10/2023,LBB,TX,ASW,CE,Combined TRACON& Tower with Radar,51,25,41,44,161,0,9,50,7,66,51,34,91,51,227,62,44,106,333
02/11/2023,LBB,TX,ASW,CE,Combined TRACON& Tower with Radar,34,16,32,15,97,0,15,62,5,82,34,31,94,20,179,146,10,156,335
02/12/2023,LBB,TX,ASW,CE,Combined TRACON& Tower with Radar,37,11,24,7,79,0,13,44,0,57,37,24,68,7,136,101,0,101,237
02/13/2023,LBB,TX,ASW,CE,Combined TRACON& Tower with Radar,38,21,56,12,127,0,17,47,0,64,38,38,103,12,191,86,8,94,285
02/14/2023,LBB,TX,ASW,CE,Combined TRACON& Tower with Radar,43,15,26,0,84,0,7,2,0,9,43,22,28,0,93,0,0,0,93
02/15/2023,LBB,TX,ASW,CE,Combined TRACON& Tower with Radar,39,38,39,0,116,0,6,12,0,18,39,44,51,0,134,36,0,36,170
02/16/2023,LBB,TX,ASW,CE,Combined TRACON& Tower with Radar,40,31,55,24,150,0,15,52,7,74,40,46,107,31,224,46,34,80,304
02/17/2023,LBB,TX,ASW,CE,Combined TRACON& Tower with Radar,48,30,62,16,156,0,13,60,6,79,48,43,122,22,235,116,34,150,385
02/18/2023,LBB,TX,ASW,CE,Combined TRACON& Tower with Radar,36,23,25,7,91,0,23,20,0,43,36,46,45,7,134,58,0,58,192
02/19/2023,LBB,TX,ASW,CE,Combined TRACON& Tower with Radar,36,22,31,1,90,0,9,17,0,26,36,31,48,1,116,32,0,32,148
02/20/2023,LBB,TX,ASW,CE,Combined TRACON& Tower with Radar,36,26,46,0,108,0,6,22,0,28,36,32,68,0,136,30,0,30,166
02/21/2023,LBB,TX,ASW,CE,Combined TRACON& Tower with Radar,43,31,48,2,124,0,8,31,2,41,43,39,79,4,165,20,0,20,185
02/22/2023,LBB,TX,ASW,CE,Combined TRACON& Tower with Radar,48,13,22,0,83,0,4,1,0,5,48,17,23,0,88,0,0,0,88
02/23/2023,LBB,TX,ASW,CE,Combined TRACON& Tower with Radar,46,35,51,10,142,0,12,75,9,96,46,47,126,19,238,38,30,68,306
02/24/2023,LBB,TX,ASW,CE,Combined TRACON& Tower with Radar,46,30,61,24,161,0,8,22,2,32,46,38,83,26,193,20,0,20,213
02/25/2023,LBB,TX,ASW,CE,Combined TRACON& Tower with Radar,36,27,53,0,116,0,2,10,1,13,36,29,63,1,129,20,0,20,149
02/26/2023,LBB,TX,ASW,CE,Combined TRACON& Tower with Radar,23,7,17,0,47,0,0,0,0,0,23,7,17,0,47,0,0,0,47
02/27/2023,LBB,TX,ASW,CE,Combined TRACON& Tower with Radar,37,20,30,0,87,0,11,23,2,36,37,31,53,2,123,20,0,20,143
02/28/2023,LBB,TX,ASW,CE,Combined TRACON& Tower with Radar,43,41,38,6,128,0,8,44,2,54,43,49,82,8,182,18,0,18,200
03/01/2023,LBB,TX,ASW,CE,Combined TRACON& Tower with Radar,44,38,54,46,182,0,14,53,4,71,44,52,107,50,253,97,20,117,370
03/02/2023,LBB,TX,ASW,CE,Combined TRACON& Tower with Radar,45,33,33,9,120,0,7,22,0,29,45,40,55,9,149,46,0,46,195
03/03/2023,LBB,TX,ASW,CE,Combined TRACON& Tower with Radar,45,30,77,22,174,0,17,78,2,97,45,47,155,24,271,54,8,62,333
03/04/2023,LBB,TX,ASW,CE,Combined TRACON& Tower with Radar,33,16,32,8,89,0,19,71,1,91,33,35,103,9,180,76,0,76,256
03/05/2023,LBB,TX,ASW,CE,Combined TRACON& Tower with Radar,35,13,33,1,82,0,8,31,3,42,35,21,64,4,124,4,2,6,130
03/06/2023,LBB,TX,ASW,CE,Combined TRACON& Tower with Radar,36,21,37,30,124,0,13,55,1,69,36,34,92,31,193,8,26,34,227
03/07/2023,LBB,TX,ASW,CE,Combined TRACON& Tower with Radar,46,23,51,12,132,0,3,40,5,48,46,26,91,17,180,8,14,22,202
03/08/2023,LBB,TX,ASW,CE,Combined TRACON& Tower with Radar,45,34,43,8,130,0,3,6,0,9,45,37,49,8,139,64,0,64,203
03/09/2023,LBB,TX,ASW,CE,Combined TRACON& Tower with Radar,48,38,49,22,157,0,3,29,3,35,48,41,78,25,192,74,8,82,274
03/10/2023,LBB,TX,ASW,CE,Combined TRACON& Tower with Radar,44,36,79,26,185,0,14,34,2,50,44,50,113,28,235,104,30,134,369
03/11/2023,LBB,TX,ASW,CE,Combined TRACON& Tower with Radar,35,21,25,0,81,0,14,33,2,49,35,35,58,2,130,32,0,32,162
03/12/2023,LBB,TX,ASW,CE,Combined TRACON& Tower with Radar,36,15,32,3,86,0,11,59,2,72,36,26,91,5,158,114,8,122,280
03/13/2023,LBB,TX,ASW,CE,Combined TRACON& Tower with Radar,36,21,44,24,125,0,13,43,0,56,36,34,87,24,181,72,18,90,271
03/14/2023,LBB,TX,ASW,CE,Combined TRACON& Tower with Radar,44,28,29,23,124,0,15,54,1,70,44,43,83,24,194,112,6,118,312
03/15/2023,LBB,TX,ASW,CE,Combined TRACON& Tower with Radar,45,36,39,9,129,0,11,10,3,24,45,47,49,12,153,0,0,0,153
03/16/2023,LBB,TX,ASW,CE,Combined TRACON& Tower with Radar,40,25,31,3,99,0,3,2,0,5,40,28,33,3,104,4,0,4,108
03/17/2023,LBB,TX,ASW,CE,Combined TRACON& Tower with Radar,41,44,39,9,133,0,15,61,1,77,41,59,100,10,210,126,0,126,336
03/18/2023,LBB,TX,ASW,CE,Combined TRACON& Tower with Radar,33,25,37,1,96,0,18,53,0,71,33,43,90,1,167,74,0,74,241
03/19/2023,LBB,TX,ASW,CE,Combined TRACON& Tower with Radar,34,10,43,6,93,0,14,52,0,66,34,24,95,6,159,28,0,28,187
03/20/2023,LBB,TX,ASW,CE,Combined TRACON& Tower with Radar,34,21,38,4,97,0,11,37,0,48,34,32,75,4,145,66,0,66,211
03/21/2023,LBB,TX,ASW,CE,Combined TRACON& Tower with Radar,44,35,41,23,143,0,11,37,1,49,44,46,78,24,192,20,18,38,230
03/22/2023,LBB,TX,ASW,CE,Combined TRACON& Tower with Radar,43,31,44,33,151,0,11,32,2,45,43,42,76,35,196,22,8,30,226
03/23/2023,LBB,TX,ASW,CE,Combined TRACON& Tower with Radar,41,39,43,29,152,0,10,47,0,57,41,49,90,29,209,44,0,44,253
03/24/2023,LBB,TX,ASW,CE,Combined TRACON& Tower with Radar,45,26,51,84,206,0,15,39,3,57,45,41,90,87,263,48,42,90,353
03/25/2023,LBB,TX,ASW,CE,Combined TRACON& Tower with Radar,29,25,33,2,89,0,12,41,0,53,29,37,74,2,142,66,0,66,208
03/26/2023,LBB,TX,ASW,CE,Combined TRACON& Tower with Radar,33,8,44,13,98,0,10,66,1,77,33,18,110,14,175,64,0,64,239
03/27/2023,LBB,TX,ASW,CE,Combined TRACON& Tower with Radar,34,15,31,37,117,0,16,66,2,84,34,31,97,39,201,150,6,156,357
03/28/2023,LBB,TX,ASW,CE,Combined TRACON& Tower with Radar,41,32,40,1,114,0,16,70,0,86,41,48,110,1,200,146,14,160,360
03/29/2023,LBB,TX,ASW,CE,Combined TRACON& Tower with Radar,39,33,58,11,141,0,20,69,5,94,39,53,127,16,235,44,8,52,287
03/30/2023,LBB,TX,ASW,CE,Combined TRACON& Tower with Radar,42,35,57,14,148,0,5,10,0,15,42,40,67,14,163,4,20,24,187
03/31/2023,LBB,TX,ASW,CE,Combined TRACON& Tower with Radar,43,30,38,11,122,0,11,10,0,21,43,41,48,11,143,0,0,0,143
04/01/2023,LBB,TX,ASW,CE,Combined TRACON& Tower with Radar,32,20,38,15,105,0,14,76,1,91,32,34,114,16,196,166,8,174,370
04/02/2023,LBB,TX,ASW,CE,Combined TRACON& Tower with Radar,30,19,30,13,92,0,14,40,3,57,30,33,70,16,149,64,0,64,213
04/03/2023,LBB,TX,ASW,CE,Combined TRACON& Tower with Radar,35,27,23,4,89,0,21,40,2,63,35,48,63,6,152,92,14,106,258
04/04/2023,LBB,TX,ASW,CE,Combined TRACON& Tower with Radar,39,26,31,2,98,0,5,4,0,9,39,31,35,2,107,10,0,10,117
04/05/2023,LBB,TX,ASW,CE,Combined TRACON& Tower with Radar,42,24,45,34,145,0,26,51,1,78,42,50,96,35,223,38,18,56,279
04/06/2023,LBB,TX,ASW,CE,Combined TRACON& Tower with Radar,41,31,63,11,146,0,15,67,5,87,41,46,130,16,233,24,8,32,265
04/07/2023,LBB,TX,ASW,CE,Combined TRACON& Tower with Radar,44,33,52,54,183,0,21,65,6,92,44,54,117,60,275,78,40,118,393
04/08/2023,LBB,TX,ASW,CE,Combined TRACON& Tower with Radar,31,19,23,12,85,0,23,81,0,104,31,42,104,12,189,96,0,96,285
04/09/2023,LBB,TX,ASW,CE,Combined TRACON& Tower with Radar,33,25,23,0,81,0,11,15,0,26,33,36,38,0,107,20,0,20,127
04/10/2023,LBB,TX,ASW,CE,Combined TRACON& Tower with Radar,31,23,37,8,99,0,10,69,2,81,31,33,106,10,180,146,24,170,350
04/11/2023,LBB,TX,ASW,CE,Combined TRACON& Tower with Radar,44,35,41,18,138,0,24,71,0,95,44,59,112,18,233,132,0,132,365
04/12/2023,LBB,TX,ASW,CE,Combined TRACON& Tower with Radar,44,27,48,8,127,0,23,70,0,93,44,50,118,8,220,126,0,126,346
04/13/2023,LBB,TX,ASW,CE,Combined TRACON& Tower with Radar,44,34,54,4,136,0,13,46,1,60,44,47,100,5,196,0,12,12,208
04/14/2023,LBB,TX,ASW,CE,Combined TRACON& Tower with Radar,44,32,40,27,143,0,15,26,7,48,44,47,66,34,191,0,36,36,227
04/15/2023,LBB,TX,ASW,CE,Combined TRACON& Tower with Radar,32,19,35,7,93,0,18,50,1,69,32,37,85,8,162,60,0,60,222
04/16/2023,LBB,TX,ASW,CE,Combined TRACON& Tower with Radar,32,27,52,11,122,0,21,62,1,84,32,48,114,12,206,96,0,96,302
04/17/2023,LBB,TX,ASW,CE,Combined TRACON& Tower with Radar,35,33,42,16,126,0,15,38,2,55,35,48,80,18,181,15,52,67,248
04/18/2023,LBB,TX,ASW,CE,Combined TRACON& Tower with Radar,44,30,63,4,141,0,18,44,0,62,44,48,107,4,203,92,10,102,305
04/19/2023,LBB,TX,ASW,CE,Combined TRACON& Tower with Radar,41,41,24,6,112,0,17,21,1,39,41,58,45,7,151,50,10,60,211
04/20/2023,LBB,TX,ASW,CE,Combined TRACON& Tower with Radar,42,36,36,41,155,0,17,50,10,77,42,53,86,51,232,62,42,104,336
04/21/2023,LBB,TX,ASW,CE,Combined TRACON& Tower with Radar,45,24,64,6,139,0,23,66,4,93,45,47,130,10,232,92,0,92,324
04/22/2023,LBB,TX,ASW,CE,Combined TRACON& Tower with Radar,32,20,48,1,101,0,19,37,3,59,32,39,85,4,160,12,0,12,172
04/23/2023,LBB,TX,ASW,CE,Combined TRACON& Tower with Radar,33,30,42,27,132,0,3,4,0,7,33,33,46,27,139,0,48,48,187
04/24/2023,LBB,TX,ASW,CE,Combined TRACON& Tower with Radar,33,24,47,1,105,0,13,14,1,28,33,37,61,2,133,28,0,28,161
04/25/2023,LBB,TX,ASW,CE,Combined TRACON& Tower with Radar,39,42,62,10,153,0,7,21,0,28,39,49,83,10,181,44,0,44,225
04/26/2023,LBB,TX,ASW,CE,Combined TRACON& Tower with Radar,39,39,47,0,125,0,8,21,0,29,39,47,68,0,154,30,0,30,184
04/27/2023,LBB,TX,ASW,CE,Combined TRACON& Tower with Radar,47,40,66,29,182,0,12,78,2,92,47,52,144,31,274,16,28,44,318
04/28/2023,LBB,TX,ASW,CE,Combined TRACON& Tower with Radar,45,34,31,13,123,0,9,6,2,17,45,43,37,15,140,6,12,18,158
04/29/2023,LBB,TX,ASW,CE,Combined TRACON& Tower with Radar,31,22,47,0,100,0,9,67,0,76,31,31,114,0,176,48,0,48,224
04/30/2023,LBB,TX,ASW,CE,Combined TRACON& Tower with Radar,35,18,29,0,82,0,19,23,4,46,35,37,52,4,128,28,0,28,156
05/01/2023,LBB,TX,ASW,CE,Combined TRACON& Tower with Radar,33,22,29,3,87,0,23,37,1,61,33,45,66,4,148,26,0,26,174
05/02/2023,LBB,TX,ASW,CE,Combined TRACON& Tower with Radar,43,28,47,42,160,0,10,58,1,69,43,38,105,43,229,0,0,0,229
05/03/2023,LBB,TX,ASW,CE,Combined TRACON& Tower with Radar,41,33,48,0,122,0,11,58,1,70,41,44,106,1,192,56,46,102,294
05/04/2023,LBB,TX,ASW,CE,Combined TRACON& Tower with Radar,44,28,83,0,155,0,16,25,0,41,44,44,108,0,196,22,0,22,218
05/05/2023,LBB,TX,ASW,CE,Combined TRACON& Tower with Radar,44,28,50,18,140,0,27,56,0,83,44,55,106,18,223,34,2,36,259
05/06/2023,LBB,TX,ASW,CE,Combined TRACON& Tower with Radar,30,25,38,12,105,0,9,65,3,77,30,34,103,15,182,45,0,45,227
05/07/2023,LBB,TX,ASW,CE,Combined TRACON& Tower with Radar,32,19,37,0,88,0,10,25,2,37,32,29,62,2,125,28,0,28,153
05/08/2023,LBB,TX,ASW,CE,Combined TRACON& Tower with Radar,33,22,36,15,106,0,16,49,0,65,33,38,85,15,171,34,8,42,213
05/09/2023,LBB,TX,ASW,CE,Combined TRACON& Tower with Radar,40,31,59,43,173,0,20,59,2,81,40,51,118,45,254,48,8,56,310
05/10/2023,LBB,TX,ASW,CE,Combined TRACON& Tower with Radar,42,36,44,33,155,0,24,35,7,66,42,60,79,40,221,34,26,60,281
05/11/2023,LBB,TX,ASW,CE,Combined TRACON& Tower with Radar,43,33,56,61,193,0,13,39,1,53,43,46,95,62,246,86,22,108,354
05/12/2023,LBB,TX,ASW,CE,Combined TRACON& Tower with Radar,45,40,65,35,185,0,27,54,6,87,45,67,119,41,272,38,0,38,310
05/13/2023,LBB,TX,ASW,CE,Combined TRACON& Tower with Radar,32,22,25,0,79,0,0,4,0,4,32,22,29,0,83,6,0,6,89
05/14/2023,LBB,TX,ASW,CE,Combined TRACON& Tower with Radar,35,13,36,20,104,0,5,11,0,16,35,18,47,20,120,4,0,4,124
05/15/2023,LBB,TX,ASW,CE,Combined TRACON& Tower with Radar,34,32,50,11,127,0,9,22,0,31,34,41,72,11,158,32,4,36,194
05/16/2023,LBB,TX,ASW,CE,Combined TRACON& Tower with Radar,44,46,45,31,166,0,16,48,8,72,44,62,93,39,238,84,62,146,384
05/17/2023,LBB,TX,ASW,CE,Combined TRACON& Tower with Radar,43,29,44,6,122,0,16,47,0,63,43,45,91,6,185,138,0,138,323
05/18/2023,LBB,TX,ASW,CE,Combined TRACON& Tower with Radar,41,30,47,2,120,0,9,35,0,44,41,39,82,2,164,80,0,80,244
05/19/2023,LBB,TX,ASW,CE,Combined TRACON& Tower with Radar,47,36,63,38,184,0,12,36,1,49,47,48,99,39,233,72,2,74,307
05/20/2023,LBB,TX,ASW,CE,Combined TRACON& Tower with Radar,34,27,33,2,96,0,9,39,0,48,34,36,72,2,144,60,4,64,208
05/21/2023,LBB,TX,ASW,CE,Combined TRACON& Tower with Radar,33,21,37,6,97,0,9,37,1,47,33,30,74,7,144,18,12,30,174
05/22/2023,LBB,TX,ASW,CE,Combined TRACON& Tower with Radar,33,26,41,2,102,0,11,23,0,34,33,37,64,2,136,4,0,4,140
05/23/2023,LBB,TX,ASW,CE,Combined TRACON& Tower with Radar,43,27,56,11,137,0,16,40,6,62,43,43,96,17,199,36,6,42,241
05/24/2023,LBB,TX,ASW,CE,Combined TRACON& Tower with Radar,46,30,49,27,152,0,12,56,2,70,46,42,105,29,222,68,74,142,364
05/25/2023,LBB,TX,ASW,CE,Combined TRACON& Tower with Radar,44,28,49,4,125,0,15,41,0,56,44,43,90,4,181,30,30,60,241
05/26/2023,LBB,TX,ASW,CE,Combined TRACON& Tower with Radar,45,36,42,1,124,0,8,20,1,29,45,44,62,2,153,0,0,0,153
05/27/2023,LBB,TX,ASW,CE,Combined TRACON& Tower with Radar,28,20,27,1,76,0,0,5,0,5,28,20,32,1,81,36,0,36,117
05/28/2023,LBB,TX,ASW,CE,Combined TRACON& Tower with Radar,36,22,30,0,88,0,8,10,0,18,36,30,40,0,106,22,0,22,128
05/29/2023,LBB,TX,ASW,CE,Combined TRACON& Tower with Radar,31,15,45,0,91,0,3,32,0,35,31,18,77,0,126,48,0,48,174
05/30/2023,LBB,TX,ASW,CE,Combined TRACON& Tower with Radar,36,34,59,47,176,0,13,62,6,81,36,47,121,53,257,70,64,134,391
05/31/2023,LBB,TX,ASW,CE,Combined TRACON& Tower with Radar,42,26,32,0,100,0,8,22,0,30,42,34,54,0,130,0,0,0,130
06/01/2023,LBB,TX,ASW,CE,Combined TRACON& Tower with Radar,47,31,31,0,109,0,5,7,0,12,47,36,38,0,121,0,0,0,121
06/02/2023,LBB,TX,ASW,CE,Combined TRACON& Tower with Radar,44,26,34,0,104,0,6,2,2,10,44,32,36,2,114,0,0,0,114
06/03/2023,LBB,TX,ASW,CE,Combined TRACON& Tower with Radar,32,24,29,0,85,0,8,22,1,31,32,32,51,1,116,42,0,42,158
06/04/2023,LBB,TX,ASW,CE,Combined TRACON& Tower with Radar,37,20,55,10,122,0,15,33,3,51,37,35,88,13,173,18,14,32,205
06/05/2023,LBB,TX,ASW,CE,Combined TRACON& Tower with Radar,37,26,38,3,104,0,5,26,0,31,37,31,64,3,135,25,0,25,160
06/06/2023,LBB,TX,ASW,CE,Combined TRACON& Tower with Radar,39,39,56,13,147,0,27,54,1,82,39,66,110,14,229,80,0,80,309
06/07/2023,LBB,TX,ASW,CE,Combined TRACON& Tower with Radar,42,27,59,0,128,0,13,42,0,55,42,40,101,0,183,64,0,64,247
06/08/2023,LBB,TX,ASW,CE,Combined TRACON& Tower with Radar,47,29,45,0,121,0,12,74,4,90,47,41,119,4,211,94,8,102,313
06/09/2023,LBB,TX,ASW,CE,Combined TRACON& Tower with Radar,48,23,44,19,134,0,26,61,2,89,48,49,105,21,223,78,0,78,301
06/10/2023,LBB,TX,ASW,CE,Combined TRACON& Tower with Radar,26,26,33,2,87,0,29,37,0,66,26,55,70,2,153,62,0,62,215
06/11/2023,LBB,TX,ASW,CE,Combined TRACON& Tower with Radar,35,15,29,5,84,0,16,35,2,53,35,31,64,7,137,20,0,20,157
06/12/2023,LBB,TX,ASW,CE,Combined TRACON& Tower with Radar,36,35,45,2,118,0,7,12,0,19,36,42,57,2,137,6,0,6,143
06/13/2023,LBB,TX,ASW,CE,Combined TRACON& Tower with Radar,39,34,40,9,122,0,15,23,0,38,39,49,63,9,160,32,0,32,192
06/14/2023,LBB,TX,ASW,CE,Combined TRACON& Tower with Radar,45,38,43,17,143,0,17,47,3,67,45,55,90,20,210,64,56,120,330
06/15/2023,LBB,TX,ASW,CE,Combined TRACON& Tower with Radar,47,26,32,2,107,0,14,23,0,37,47,40,55,2,144,34,0,34,178
06/16/2023,LBB,TX,ASW,CE,Combined TRACON& Tower with Radar,48,37,34,17,136,0,32,41,1,74,48,69,75,18,210,7,0,7,217
06/17/2023,LBB,TX,ASW,CE,Combined TRACON& Tower with Radar,28,21,37,1,87,0,8,47,5,60,28,29,84,6,147,35,14,49,196
06/18/2023,LBB,TX,ASW,CE,Combined TRACON& Tower with Radar,36,16,27,0,79,0,12,43,0,55,36,28,70,0,134,6,0,6,140
06/19/2023,LBB,TX,ASW,CE,Combined TRACON& Tower with Radar,37,20,44,0,101,0,23,40,0,63,37,43,84,0,164,0,0,0,164
06/20/2023,LBB,TX,ASW,CE,Combined TRACON& Tower with Radar,42,32,47,4,125,0,19,46,0,65,42,51,93,4,190,44,0,44,234
06/21/2023,LBB,TX,ASW,CE,Combined TRACON& Tower with Radar,53,28,42,9,132,0,4,48,2,54,53,32,90,11,186,36,6,42,228
06/22/2023,LBB,TX,ASW,CE,Combined TRACON& Tower with Radar,51,32,48,5,136,0,13,28,4,45,51,45,76,9,181,50,0,50,231
06/23/2023,LBB,TX,ASW,CE,Combined TRACON& Tower with Radar,44,34,35,20,133,0,12,19,1,32,44,46,54,21,165,0,0,0,165
06/24/2023,LBB,TX,ASW,CE,Combined TRACON& Tower with Radar,27,30,38,0,95,0,22,46,1,69,27,52,84,1,164,54,0,54,218
06/25/2023,LBB,TX,ASW,CE,Combined TRACON& Tower with Radar,36,28,37,2,103,0,19,38,0,57,36,47,75,2,160,0,0,0,160
06/26/2023,LBB,TX,ASW,CE,Combined TRACON& Tower with Radar,32,27,34,26,119,0,8,39,0,47,32,35,73,26,166,6,18,24,190
06/27/2023,LBB,TX,ASW,CE,Combined TRACON& Tower with Radar,45,34,51,8,138,0,14,44,4,62,45,48,95,12,200,52,0,52,252
06/28/2023,LBB,TX,ASW,CE,Combined TRACON& Tower with Radar,44,31,39,0,114,0,8,34,1,43,44,39,73,1,157,20,0,20,177
06/29/2023,LBB,TX,ASW,CE,Combined TRACON& Tower with Radar,47,31,41,0,119,0,12,42,1,55,47,43,83,1,174,58,0,58,232
06/30/2023,LBB,TX,ASW,CE,Combined TRACON& Tower with Radar,44,31,39,0,114,0,14,50,2,66,44,45,89,2,180,60,0,60,240
07/01/2023,LBB,TX,ASW,CE,Combined TRACON& Tower with Radar,28,28,55,0,111,0,19,20,2,41,28,47,75,2,152,38,0,38,190
07/02/2023,LBB,TX,ASW,CE,Combined TRACON& Tower with Radar,30,16,28,2,76,0,15,33,0,48,30,31,61,2,124,22,0,22,146
07/03/2023,LBB,TX,ASW,CE,Combined TRACON& Tower with Radar,33,19,34,2,88,0,20,42,0,62,33,39,76,2,150,110,0,110,260
07/04/2023,LBB,TX,ASW,CE,Combined TRACON& Tower with Radar,32,14,28,0,74,0,17,55,0,72,32,31,83,0,146,42,0,42,188
07/05/2023,LBB,TX,ASW,CE,Combined TRACON& Tower with Radar,42,28,49,4,123,0,28,49,0,77,42,56,98,4,200,46,6,52,252
07/06/2023,LBB,TX,ASW,CE,Combined TRACON& Tower with Radar,45,28,55,4,132,0,13,39,4,56,45,41,94,8,188,42,30,72,260
07/07/2023,LBB,TX,ASW,CE,Combined TRACON& Tower with Radar,47,30,43,14,134,0,9,42,0,51,47,39,85,14,185,26,0,26,211
07/08/2023,LBB,TX,ASW,CE,Combined TRACON& Tower with Radar,28,21,45,0,94,0,8,46,0,54,28,29,91,0,148,88,0,88,236
07/09/2023,LBB,TX,ASW,CE,Combined TRACON& Tower with Radar,36,17,47,28,128,0,13,32,6,51,36,30,79,34,179,60,12,72,251
07/10/2023,LBB,TX,ASW,CE,Combined TRACON& Tower with Radar,40,24,46,2,112,0,6,36,0,42,40,30,82,2,154,80,0,80,234
07/11/2023,LBB,TX,ASW,CE,Combined TRACON& Tower with Radar,47,32,62,25,166,0,13,66,0,79,47,45,128,25,245,38,0,38,283
07/12/2023,LBB,TX,ASW,CE,Combined TRACON& Tower with Radar,45,31,56,4,136,0,15,48,4,67,45,46,104,8,203,24,0,24,227
07/13/2023,LBB,TX,ASW,CE,Combined TRACON& Tower with Radar,47,30,71,12,160,0,16,41,0,57,47,46,112,12,217,32,6,38,255
07/14/2023,LBB,TX,ASW,CE,Combined TRACON& Tower with Radar,42,40,47,35,164,0,19,33,2,54,42,59,80,37,218,66,20,86,304
07/15/2023,LBB,TX,ASW,CE,Combined TRACON& Tower with Radar,28,17,29,0,74,0,17,45,0,62,28,34,74,0,136,84,0,84,220
07/16/2023,LBB,TX,ASW,CE,Combined TRACON& Tower with Radar,30,17,33,6,86,0,21,40,2,63,30,38,73,8,149,42,42,84,233
07/17/2023,LBB,TX,ASW,CE,Combined TRACON& Tower with Radar,35,28,44,49,156,0,24,50,0,74,35,52,94,49,230,38,40,78,308
07/18/2023,LBB,TX,ASW,CE,Combined TRACON& Tower with Radar,44,37,36,11,128,0,9,40,0,49,44,46,76,11,177,54,2,56,233
07/19/2023,LBB,TX,ASW,CE,Combined TRACON& Tower with Radar,45,31,46,3,125,0,18,76,13,107,45,49,122,16,232,70,0,70,302
07/20/2023,LBB,TX,ASW,CE,Combined TRACON& Tower with Radar,44,32,44,19,139,0,29,59,1,89,44,61,103,20,228,74,10,84,312
07/21/2023,LBB,TX,ASW,CE,Combined TRACON& Tower with Radar,41,29,39,9,118,0,27,58,0,85,41,56,97,9,203,70,0,70,273
07/22/2023,LBB,TX,ASW,CE,Combined TRACON& Tower with Radar,29,18,37,0,84,0,26,54,0,80,29,44,91,0,164,42,0,42,206
07/23/2023,LBB,TX,ASW,CE,Combined TRACON& Tower with Radar,39,13,36,10,98,0,16,36,1,53,39,29,72,11,151,0,0,0,151
07/24/2023,LBB,TX,ASW,CE,Combined TRACON& Tower with Radar,38,29,24,4,95,0,20,35,0,55,38,49,59,4,150,86,0,86,236
07/25/2023,LBB,TX,ASW,CE,Combined TRACON& Tower with Radar,44,26,41,30,141,0,17,49,2,68,44,43,90,32,209,54,46,100,309
07/26/2023,LBB,TX,ASW,CE,Combined TRACON& Tower with Radar,42,28,42,8,120,0,20,58,2,80,42,48,100,10,200,34,0,34,234
07/27/2023,LBB,TX,ASW,CE,Combined TRACON& Tower with Radar,42,34,54,0,130,0,19,58,1,78,42,53,112,1,208,10,0,10,218
07/28/2023,LBB,TX,ASW,CE,Combined TRACON& Tower with Radar,44,36,38,19,137,0,26,55,1,82,44,62,93,20,219,46,6,52,271
07/29/2023,LBB,TX,ASW,CE,Combined TRACON& Tower with Radar,29,24,34,0,87,0,19,54,0,73,29,43,88,0,160,70,0,70,230
07/30/2023,LBB,TX,ASW,CE,Combined TRACON& Tower with Radar,35,14,32,9,90,0,26,34,0,60,35,40,66,9,150,38,0,38,188
07/31/2023,LBB,TX,ASW,CE,Combined TRACON& Tower with Radar,40,17,25,10,92,0,31,33,0,64,40,48,58,10,156,33,10,43,199
08/01/2023,LBB,TX,ASW,CE,Combined TRACON& Tower with Radar,46,33,32,11,122,0,18,39,0,57,46,51,71,11,179,34,20,54,233
08/02/2023,LBB,TX,ASW,CE,Combined TRACON& Tower with Radar,44,29,41,8,122,0,19,32,4,55,44,48,73,12,177,58,0,58,235
08/03/2023,LBB,TX,ASW,CE,Combined TRACON& Tower with Radar,44,22,41,16,123,0,31,35,0,66,44,53,76,16,189,38,28,66,255
08/04/2023,LBB,TX,ASW,CE,Combined TRACON& Tower with Radar,48,23,30,7,108,0,29,41,2,72,48,52,71,9,180,22,34,56,236
08/05/2023,LBB,TX,ASW,CE,Combined TRACON& Tower with Radar,28,23,27,16,94,0,21,38,0,59,28,44,65,16,153,52,48,100,253
08/06/2023,LBB,TX,ASW,CE,Combined TRACON& Tower with Radar,34,24,37,1,96,0,36,47,0,83,34,60,84,1,179,74,0,74,253
08/07/2023,LBB,TX,ASW,CE,Combined TRACON& Tower with Radar,38,25,23,8,94,0,12,21,0,33,38,37,44,8,127,32,0,32,159
08/08/2023,LBB,TX,ASW,CE,Combined TRACON& Tower with Radar,45,30,37,11,123,0,19,39,0,58,45,49,76,11,181,22,10,32,213
08/09/2023,LBB,TX,ASW,CE,Combined TRACON& Tower with Radar,47,44,37,5,133,0,30,41,0,71,47,74,78,5,204,36,6,42,246
08/10/2023,LBB,TX,ASW,CE,Combined TRACON& Tower with Radar,45,31,39,28,143,0,27,53,1,81,45,58,92,29,224,35,50,85,309
08/11/2023,LBB,TX,ASW,CE,Combined TRACON& Tower with Radar,45,32,50,19,146,0,11,56,2,69,45,43,106,21,215,58,13,71,286
08/12/2023,LBB,TX,ASW,CE,Combined TRACON& Tower with Radar,27,20,42,0,89,0,11,49,0,60,27,31,91,0,149,38,0,38,187
08/13/2023,LBB,TX,ASW,CE,Combined TRACON& Tower with Radar,40,26,34,9,109,0,8,32,0,40,40,34,66,9,149,8,0,8,157
08/14/2023,LBB,TX,ASW,CE,Combined TRACON& Tower with Radar,39,29,28,48,144,0,10,19,0,29,39,39,47,48,173,26,8,34,207
08/15/2023,LBB,TX,ASW,CE,Combined TRACON& Tower with Radar,42,26,27,13,108,0,17,59,1,77,42,43,86,14,185,48,0,48,233
08/16/2023,LBB,TX,ASW,CE,Combined TRACON& Tower with Radar,43,30,53,21,147,0,23,45,0,68,43,53,98,21,215,26,14,40,255
08/17/2023,LBB,TX,ASW,CE,Combined TRACON& Tower with Radar,44,42,48,6,140,0,22,59,0,81,44,64,107,6,221,42,0,42,263
08/18/2023,LBB,TX,ASW,CE,Combined TRACON& Tower with Radar,45,28,37,27,137,0,26,47,2,75,45,54,84,29,212,22,0,22,234
08/19/2023,LBB,TX,ASW,CE,Combined TRACON& Tower with Radar,26,25,25,10,86,0,17,35,2,54,26,42,60,12,140,12,0,12,152
08/20/2023,LBB,TX,ASW,CE,Combined TRACON& Tower with Radar,38,17,31,2,88,0,20,37,2,59,38,37,68,4,147,12,4,16,163
08/21/2023,LBB,TX,ASW,CE,Combined TRACON& Tower with Radar,37,22,35,24,118,0,30,43,3,76,37,52,78,27,194,24,14,38,232
08/22/2023,LBB,TX,ASW,CE,Combined TRACON& Tower with Radar,46,30,29,18,123,0,25,39,2,66,46,55,68,20,189,60,44,104,293
08/23/2023,LBB,TX,ASW,CE,Combined TRACON& Tower with Radar,45,34,48,3,130,0,14,45,1,60,45,48,93,4,190,40,0,40,230
08/24/2023,LBB,TX,ASW,CE,Combined TRACON& Tower with Radar,39,28,47,30,144,0,15,53,4,72,39,43,100,34,216,40,54,94,310
08/25/2023,LBB,TX,ASW,CE,Combined TRACON& Tower with Radar,45,31,52,16,144,0,27,50,2,79,45,58,102,18,223,38,4,42,265
08/26/2023,LBB,TX,ASW,CE,Combined TRACON& Tower with Radar,25,22,29,0,76,0,24,65,3,92,25,46,94,3,168,0,0,0,168
08/27/2023,LBB,TX,ASW,CE,Combined TRACON& Tower with Radar,38,15,41,6,100,0,13,27,0,40,38,28,68,6,140,40,0,40,180
08/28/2023,LBB,TX,ASW,CE,Combined TRACON& Tower with Radar,35,19,43,6,103,0,12,38,0,50,35,31,81,6,153,54,6,60,213
08/29/2023,LBB,TX,ASW,CE,Combined TRACON& Tower with Radar,41,47,39,6,133,0,16,63,1,80,41,63,102,7,213,38,14,52,265
08/30/2023,LBB,TX,ASW,CE,Combined TRACON& Tower with Radar,42,33,43,4,122,0,26,47,0,73,42,59,90,4,195,24,2,26,221
08/31/2023,LBB,TX,ASW,CE,Combined TRACON& Tower with Radar,42,28,70,2,142,0,21,69,1,91,42,49,139,3,233,118,0,118,351
