01/01/2020,LBE,PA,AEA,CE,Federal Contract Tower,5,10,3,0,18,0,0,2,0,2,5,10,5,0,20,20,0,20,40
01/02/2020,LBE,PA,AEA,CE,Federal Contract Tower,6,5,15,0,26,0,8,36,0,44,6,13,51,0,70,56,0,56,126
01/03/2020,LBE,PA,AEA,CE,Federal Contract Tower,4,4,1,0,9,0,0,0,0,0,4,4,1,0,9,0,0,0,9
01/04/2020,LBE,PA,AEA,CE,Federal Contract Tower,6,2,2,0,10,0,0,0,0,0,6,2,2,0,10,0,0,0,10
01/05/2020,LBE,PA,AEA,CE,Federal Contract Tower,5,6,0,0,11,0,0,11,0,11,5,6,11,0,22,10,0,10,32
01/06/2020,LBE,PA,AEA,CE,Federal Contract Tower,5,8,0,0,13,0,0,16,0,16,5,8,16,0,29,8,0,8,37
01/07/2020,LBE,PA,AEA,CE,Federal Contract Tower,1,7,3,0,11,0,0,2,0,2,1,7,5,0,13,0,0,0,13
01/08/2020,LBE,PA,AEA,CE,Federal Contract Tower,1,9,2,0,12,0,2,1,2,5,1,11,3,2,17,0,0,0,17
01/09/2020,LBE,PA,AEA,CE,Federal Contract Tower,5,11,7,3,26,0,2,40,4,46,5,13,47,7,72,26,14,40,112
01/10/2020,LBE,PA,AEA,CE,Federal Contract Tower,5,2,4,0,11,0,0,32,0,32,5,2,36,0,43,56,0,56,99
01/11/2020,LBE,PA,AEA,CE,Federal Contract Tower,5,1,2,0,8,0,0,12,0,12,5,1,14,0,20,22,0,22,42
01/12/2020,LBE,PA,AEA,CE,Federal Contract Tower,5,13,9,0,27,0,0,5,0,5,5,13,14,0,32,14,0,14,46
01/13/2020,LBE,PA,AEA,CE,Federal Contract Tower,6,8,8,0,22,0,0,26,0,26,6,8,34,0,48,30,0,30,78
01/14/2020,LBE,PA,AEA,CE,Federal Contract Tower,1,11,6,0,18,0,0,10,0,10,1,11,16,0,28,22,0,22,50
01/15/2020,LBE,PA,AEA,CE,Federal Contract Tower,1,7,7,0,15,0,2,36,3,41,1,9,43,3,56,30,0,30,86
01/16/2020,LBE,PA,AEA,CE,Federal Contract Tower,5,11,6,0,22,0,1,1,0,2,5,12,7,0,24,0,0,0,24
01/17/2020,LBE,PA,AEA,CE,Federal Contract Tower,5,16,3,0,24,0,1,36,4,41,5,17,39,4,65,2,2,4,69
01/18/2020,LBE,PA,AEA,CE,Federal Contract Tower,5,7,1,0,13,0,0,0,0,0,5,7,1,0,13,0,0,0,13
01/19/2020,LBE,PA,AEA,CE,Federal Contract Tower,5,10,0,0,15,0,0,0,0,0,5,10,0,0,15,0,0,0,15
01/20/2020,LBE,PA,AEA,CE,Federal Contract Tower,5,17,4,0,26,0,2,19,0,21,5,19,23,0,47,48,0,48,95
01/21/2020,LBE,PA,AEA,CE,Federal Contract Tower,1,12,2,0,15,0,0,41,0,41,1,12,43,0,56,48,0,48,104
01/22/2020,LBE,PA,AEA,CE,Federal Contract Tower,1,11,6,2,20,0,3,65,2,70,1,14,71,4,90,66,12,78,168
01/23/2020,LBE,PA,AEA,CE,Federal Contract Tower,5,12,5,0,22,0,1,69,1,71,5,13,74,1,93,68,0,68,161
01/24/2020,LBE,PA,AEA,CE,Federal Contract Tower,5,11,8,2,26,0,0,8,0,8,5,11,16,2,34,22,0,22,56
01/25/2020,LBE,PA,AEA,CE,Federal Contract Tower,5,7,0,0,12,0,0,0,0,0,5,7,0,0,12,0,0,0,12
01/26/2020,LBE,PA,AEA,CE,Federal Contract Tower,5,7,2,0,14,0,0,0,0,0,5,7,2,0,14,0,0,0,14
01/27/2020,LBE,PA,AEA,CE,Federal Contract Tower,5,16,2,4,27,0,0,0,0,0,5,16,2,4,27,0,0,0,27
01/28/2020,LBE,PA,AEA,CE,Federal Contract Tower,1,7,3,2,13,0,0,0,0,0,1,7,3,2,13,0,0,0,13
01/29/2020,LBE,PA,AEA,CE,Federal Contract Tower,1,10,5,0,16,0,0,17,2,19,1,10,22,2,35,0,6,6,41
01/30/2020,LBE,PA,AEA,CE,Federal Contract Tower,5,9,7,0,21,0,0,18,3,21,5,9,25,3,42,6,0,6,48
01/31/2020,LBE,PA,AEA,CE,Federal Contract Tower,5,13,7,4,29,0,1,21,1,23,5,14,28,5,52,4,2,6,58
02/01/2020,LBE,PA,AEA,CE,Federal Contract Tower,6,0,2,0,8,0,0,0,0,0,6,0,2,0,8,0,0,0,8
02/02/2020,LBE,PA,AEA,CE,Federal Contract Tower,5,4,4,0,13,0,0,0,0,0,5,4,4,0,13,0,0,0,13
02/03/2020,LBE,PA,AEA,CE,Federal Contract Tower,5,13,8,3,29,0,2,83,0,85,5,15,91,3,114,102,0,102,216
02/04/2020,LBE,PA,AEA,CE,Federal Contract Tower,1,7,2,6,16,0,0,7,4,11,1,7,9,10,27,0,8,8,35
02/05/2020,LBE,PA,AEA,CE,Federal Contract Tower,1,7,6,1,15,0,0,11,1,12,1,7,17,2,27,2,0,2,29
02/06/2020,LBE,PA,AEA,CE,Federal Contract Tower,4,20,4,0,28,0,0,0,0,0,4,20,4,0,28,0,0,0,28
02/07/2020,LBE,PA,AEA,CE,Federal Contract Tower,5,7,2,0,14,0,0,0,0,0,5,7,2,0,14,0,0,0,14
02/08/2020,LBE,PA,AEA,CE,Federal Contract Tower,5,7,3,0,15,0,0,0,0,0,5,7,3,0,15,2,0,2,17
02/09/2020,LBE,PA,AEA,CE,Federal Contract Tower,5,10,2,0,17,0,4,21,2,27,5,14,23,2,44,54,0,54,98
02/10/2020,LBE,PA,AEA,CE,Federal Contract Tower,5,13,4,0,22,0,0,0,0,0,5,13,4,0,22,0,0,0,22
02/11/2020,LBE,PA,AEA,CE,Federal Contract Tower,2,9,6,0,17,0,0,1,0,1,2,9,7,0,18,0,0,0,18
02/12/2020,LBE,PA,AEA,CE,Federal Contract Tower,1,11,10,0,22,0,10,42,0,52,1,21,52,0,74,34,0,34,108
02/13/2020,LBE,PA,AEA,CE,Federal Contract Tower,5,18,2,0,25,0,0,0,0,0,5,18,2,0,25,0,0,0,25
02/14/2020,LBE,PA,AEA,CE,Federal Contract Tower,8,9,8,0,25,0,1,14,0,15,8,10,22,0,40,12,0,12,52
02/15/2020,LBE,PA,AEA,CE,Federal Contract Tower,7,3,0,0,10,0,2,41,0,43,7,5,41,0,53,20,0,20,73
02/16/2020,LBE,PA,AEA,CE,Federal Contract Tower,7,4,3,0,14,0,2,26,0,28,7,6,29,0,42,0,0,0,42
02/17/2020,LBE,PA,AEA,CE,Federal Contract Tower,7,18,6,0,31,0,5,53,0,58,7,23,59,0,89,42,0,42,131
02/18/2020,LBE,PA,AEA,CE,Federal Contract Tower,5,12,11,4,32,0,5,7,0,12,5,17,18,4,44,14,0,14,58
02/19/2020,LBE,PA,AEA,CE,Federal Contract Tower,7,12,11,6,36,0,0,27,1,28,7,12,38,7,64,22,10,32,96
02/20/2020,LBE,PA,AEA,CE,Federal Contract Tower,5,14,12,0,31,0,0,24,2,26,5,14,36,2,57,64,6,70,127
02/21/2020,LBE,PA,AEA,CE,Federal Contract Tower,6,8,4,0,18,0,0,64,0,64,6,8,68,0,82,68,0,68,150
02/22/2020,LBE,PA,AEA,CE,Federal Contract Tower,5,7,5,0,17,0,2,46,0,48,5,9,51,0,65,12,0,12,77
02/23/2020,LBE,PA,AEA,CE,Federal Contract Tower,5,9,7,0,21,0,0,70,2,72,5,9,77,2,93,96,6,102,195
02/24/2020,LBE,PA,AEA,CE,Federal Contract Tower,6,5,1,2,14,0,0,39,2,41,6,5,40,4,55,18,0,18,73
02/25/2020,LBE,PA,AEA,CE,Federal Contract Tower,5,6,8,0,19,0,0,0,0,0,5,6,8,0,19,0,0,0,19
02/26/2020,LBE,PA,AEA,CE,Federal Contract Tower,7,6,11,0,24,0,0,4,0,4,7,6,15,0,28,0,0,0,28
02/27/2020,LBE,PA,AEA,CE,Federal Contract Tower,5,11,2,2,20,0,0,0,0,0,5,11,2,2,20,0,0,0,20
02/28/2020,LBE,PA,AEA,CE,Federal Contract Tower,7,9,3,0,19,0,2,8,0,10,7,11,11,0,29,0,0,0,29
02/29/2020,LBE,PA,AEA,CE,Federal Contract Tower,5,5,4,0,14,0,0,6,0,6,5,5,10,0,20,0,0,0,20
03/01/2020,LBE,PA,AEA,CE,Federal Contract Tower,5,13,5,0,23,0,0,78,0,78,5,13,83,0,101,90,0,90,191
03/02/2020,LBE,PA,AEA,CE,Federal Contract Tower,7,10,6,0,23,0,2,10,2,14,7,12,16,2,37,0,10,10,47
03/03/2020,LBE,PA,AEA,CE,Federal Contract Tower,5,16,13,0,34,0,0,3,0,3,5,16,16,0,37,0,0,0,37
03/04/2020,LBE,PA,AEA,CE,Federal Contract Tower,7,13,13,2,35,0,0,34,0,34,7,13,47,2,69,38,0,38,107
03/05/2020,LBE,PA,AEA,CE,Federal Contract Tower,5,6,6,2,19,0,0,67,2,69,5,6,73,4,88,26,0,26,114
03/06/2020,LBE,PA,AEA,CE,Federal Contract Tower,7,10,0,0,17,0,0,7,0,7,7,10,7,0,24,0,0,0,24
03/07/2020,LBE,PA,AEA,CE,Federal Contract Tower,5,9,6,0,20,0,0,20,0,20,5,9,26,0,40,4,0,4,44
03/08/2020,LBE,PA,AEA,CE,Federal Contract Tower,5,16,8,0,29,0,0,74,0,74,5,16,82,0,103,52,0,52,155
03/09/2020,LBE,PA,AEA,CE,Federal Contract Tower,7,9,4,2,22,0,0,25,0,25,7,9,29,2,47,0,0,0,47
03/10/2020,LBE,PA,AEA,CE,Federal Contract Tower,5,14,6,2,27,0,0,2,0,2,5,14,8,2,29,0,0,0,29
03/11/2020,LBE,PA,AEA,CE,Federal Contract Tower,7,5,14,4,30,0,0,10,0,10,7,5,24,4,40,22,0,22,62
03/12/2020,LBE,PA,AEA,CE,Federal Contract Tower,7,16,9,2,34,0,0,64,2,66,7,16,73,4,100,14,8,22,122
03/13/2020,LBE,PA,AEA,CE,Federal Contract Tower,9,8,7,0,24,0,0,4,0,4,9,8,11,0,28,0,0,0,28
03/14/2020,LBE,PA,AEA,CE,Federal Contract Tower,7,3,5,0,15,0,0,81,0,81,7,3,86,0,96,88,0,88,184
03/15/2020,LBE,PA,AEA,CE,Federal Contract Tower,7,10,13,0,30,0,0,20,0,20,7,10,33,0,50,20,0,20,70
03/16/2020,LBE,PA,AEA,CE,Federal Contract Tower,5,15,5,2,27,0,0,27,0,27,5,15,32,2,54,42,0,42,96
03/17/2020,LBE,PA,AEA,CE,Federal Contract Tower,7,5,5,4,21,0,0,1,0,1,7,5,6,4,22,0,0,0,22
03/18/2020,LBE,PA,AEA,CE,Federal Contract Tower,5,12,3,2,22,0,1,30,0,31,5,13,33,2,53,26,0,26,79
03/19/2020,LBE,PA,AEA,CE,Federal Contract Tower,7,6,2,2,17,0,0,7,0,7,7,6,9,2,24,0,0,0,24
03/20/2020,LBE,PA,AEA,CE,Federal Contract Tower,7,9,2,0,18,0,0,0,0,0,7,9,2,0,18,0,0,0,18
03/21/2020,LBE,PA,AEA,CE,Federal Contract Tower,7,0,6,0,13,0,0,2,0,2,7,0,8,0,15,2,0,2,17
03/22/2020,LBE,PA,AEA,CE,Federal Contract Tower,7,4,6,0,17,0,0,37,0,37,7,4,43,0,54,2,0,2,56
03/23/2020,LBE,PA,AEA,CE,Federal Contract Tower,6,4,2,2,14,0,0,0,0,0,6,4,2,2,14,0,0,0,14
03/24/2020,LBE,PA,AEA,CE,Federal Contract Tower,7,8,7,0,22,0,0,23,2,25,7,8,30,2,47,42,0,42,89
03/25/2020,LBE,PA,AEA,CE,Federal Contract Tower,5,1,5,5,16,0,12,6,0,18,5,13,11,5,34,8,0,8,42
03/26/2020,LBE,PA,AEA,CE,Federal Contract Tower,7,7,6,2,22,0,0,44,0,44,7,7,50,2,66,0,0,0,66
03/27/2020,LBE,PA,AEA,CE,Federal Contract Tower,7,4,1,0,12,0,0,6,0,6,7,4,7,0,18,0,0,0,18
03/28/2020,LBE,PA,AEA,CE,Federal Contract Tower,5,2,0,0,7,0,0,3,0,3,5,2,3,0,10,0,0,0,10
03/29/2020,LBE,PA,AEA,CE,Federal Contract Tower,5,4,0,0,9,0,0,1,0,1,5,4,1,0,10,0,0,0,10
03/30/2020,LBE,PA,AEA,CE,Federal Contract Tower,3,3,1,0,7,0,0,1,2,3,3,3,2,2,10,0,10,10,20
03/31/2020,LBE,PA,AEA,CE,Federal Contract Tower,3,4,4,2,13,0,3,25,4,32,3,7,29,6,45,0,0,0,45
04/01/2020,LBE,PA,AEA,CE,Federal Contract Tower,7,2,0,2,11,0,0,10,0,10,7,2,10,2,21,2,0,2,23
04/02/2020,LBE,PA,AEA,CE,Federal Contract Tower,5,10,3,0,18,0,2,16,0,18,5,12,19,0,36,38,0,38,74
04/03/2020,LBE,PA,AEA,CE,Federal Contract Tower,7,5,3,0,15,0,4,33,0,37,7,9,36,0,52,36,0,36,88
04/04/2020,LBE,PA,AEA,CE,Federal Contract Tower,5,0,6,0,11,0,0,60,2,62,5,0,66,2,73,38,0,38,111
04/05/2020,LBE,PA,AEA,CE,Federal Contract Tower,5,4,2,0,11,0,0,28,0,28,5,4,30,0,39,32,0,32,71
04/06/2020,LBE,PA,AEA,CE,Federal Contract Tower,7,4,4,0,15,0,2,83,0,85,7,6,87,0,100,88,0,88,188
04/07/2020,LBE,PA,AEA,CE,Federal Contract Tower,4,2,2,2,10,0,0,16,0,16,4,2,18,2,26,10,6,16,42
04/08/2020,LBE,PA,AEA,CE,Federal Contract Tower,3,3,0,0,6,0,0,4,2,6,3,3,4,2,12,0,0,0,12
04/09/2020,LBE,PA,AEA,CE,Federal Contract Tower,0,1,2,0,3,0,0,1,0,1,0,1,3,0,4,0,0,0,4
04/10/2020,LBE,PA,AEA,CE,Federal Contract Tower,0,2,2,0,4,0,0,2,0,2,0,2,4,0,6,2,0,2,8
04/11/2020,LBE,PA,AEA,CE,Federal Contract Tower,0,0,2,0,2,0,0,24,0,24,0,0,26,0,26,2,0,2,28
04/12/2020,LBE,PA,AEA,CE,Federal Contract Tower,0,0,1,0,1,0,1,17,0,18,0,1,18,0,19,12,0,12,31
04/13/2020,LBE,PA,AEA,CE,Federal Contract Tower,0,2,0,0,2,0,3,0,0,3,0,5,0,0,5,0,0,0,5
04/14/2020,LBE,PA,AEA,CE,Federal Contract Tower,0,5,4,0,9,0,0,38,0,38,0,5,42,0,47,4,0,4,51
04/15/2020,LBE,PA,AEA,CE,Federal Contract Tower,0,4,5,0,9,0,1,23,0,24,0,5,28,0,33,0,0,0,33
04/16/2020,LBE,PA,AEA,CE,Federal Contract Tower,0,6,2,0,8,0,0,0,0,0,0,6,2,0,8,0,0,0,8
04/17/2020,LBE,PA,AEA,CE,Federal Contract Tower,0,4,1,0,5,0,2,4,0,6,0,6,5,0,11,0,0,0,11
04/18/2020,LBE,PA,AEA,CE,Federal Contract Tower,0,1,3,0,4,0,0,21,0,21,0,1,24,0,25,4,0,4,29
04/19/2020,LBE,PA,AEA,CE,Federal Contract Tower,0,2,3,0,5,0,0,13,0,13,0,2,16,0,18,0,0,0,18
04/20/2020,LBE,PA,AEA,CE,Federal Contract Tower,0,4,10,2,16,0,0,67,0,67,0,4,77,2,83,10,0,10,93
04/21/2020,LBE,PA,AEA,CE,Federal Contract Tower,0,0,2,0,2,0,0,2,0,2,0,0,4,0,4,0,0,0,4
04/22/2020,LBE,PA,AEA,CE,Federal Contract Tower,0,4,8,0,12,0,0,18,2,20,0,4,26,2,32,6,0,6,38
04/23/2020,LBE,PA,AEA,CE,Federal Contract Tower,0,2,2,0,4,0,0,4,2,6,0,2,6,2,10,0,6,6,16
04/24/2020,LBE,PA,AEA,CE,Federal Contract Tower,0,2,7,0,9,0,0,4,0,4,0,2,11,0,13,8,0,8,21
04/25/2020,LBE,PA,AEA,CE,Federal Contract Tower,0,1,10,0,11,0,0,56,0,56,0,1,66,0,67,18,0,18,85
04/26/2020,LBE,PA,AEA,CE,Federal Contract Tower,0,5,2,0,7,0,0,0,0,0,0,5,2,0,7,0,0,0,7
04/27/2020,LBE,PA,AEA,CE,Federal Contract Tower,0,0,2,0,2,0,2,33,2,37,0,2,35,2,39,6,8,14,53
04/28/2020,LBE,PA,AEA,CE,Federal Contract Tower,0,6,1,0,7,0,0,9,0,9,0,6,10,0,16,20,0,20,36
04/29/2020,LBE,PA,AEA,CE,Federal Contract Tower,0,5,3,0,8,0,0,17,0,17,0,5,20,0,25,10,0,10,35
04/30/2020,LBE,PA,AEA,CE,Federal Contract Tower,0,5,2,0,7,0,0,9,0,9,0,5,11,0,16,0,0,0,16
05/01/2020,LBE,PA,AEA,CE,Federal Contract Tower,0,3,5,0,8,0,0,24,0,24,0,3,29,0,32,24,0,24,56
05/02/2020,LBE,PA,AEA,CE,Federal Contract Tower,0,2,6,0,8,0,0,71,0,71,0,2,77,0,79,70,0,70,149
05/03/2020,LBE,PA,AEA,CE,Federal Contract Tower,2,2,6,0,10,0,0,20,0,20,2,2,26,0,30,28,0,28,58
05/04/2020,LBE,PA,AEA,CE,Federal Contract Tower,2,4,6,0,12,0,0,18,0,18,2,4,24,0,30,4,0,4,34
05/05/2020,LBE,PA,AEA,CE,Federal Contract Tower,0,0,8,0,8,0,3,21,0,24,0,3,29,0,32,0,0,0,32
05/06/2020,LBE,PA,AEA,CE,Federal Contract Tower,0,0,2,0,2,0,0,0,0,0,0,0,2,0,2,0,0,0,2
05/07/2020,LBE,PA,AEA,CE,Federal Contract Tower,2,4,13,4,23,0,4,37,8,49,2,8,50,12,72,4,10,14,86
05/08/2020,LBE,PA,AEA,CE,Federal Contract Tower,0,7,7,0,14,0,0,2,0,2,0,7,9,0,16,0,0,0,16
05/09/2020,LBE,PA,AEA,CE,Federal Contract Tower,0,0,2,0,2,0,5,6,0,11,0,5,8,0,13,12,0,12,25
05/10/2020,LBE,PA,AEA,CE,Federal Contract Tower,2,2,4,0,8,0,4,19,0,23,2,6,23,0,31,12,0,12,43
05/11/2020,LBE,PA,AEA,CE,Federal Contract Tower,2,1,0,0,3,0,4,8,0,12,2,5,8,0,15,0,0,0,15
05/12/2020,LBE,PA,AEA,CE,Federal Contract Tower,0,5,10,0,15,0,0,23,0,23,0,5,33,0,38,0,0,0,38
05/13/2020,LBE,PA,AEA,CE,Federal Contract Tower,0,7,6,2,15,0,2,89,4,95,0,9,95,6,110,56,8,64,174
05/14/2020,LBE,PA,AEA,CE,Federal Contract Tower,2,3,5,2,12,0,2,22,0,24,2,5,27,2,36,0,0,0,36
05/15/2020,LBE,PA,AEA,CE,Federal Contract Tower,0,3,2,0,5,0,0,2,1,3,0,3,4,1,8,0,0,0,8
05/16/2020,LBE,PA,AEA,CE,Federal Contract Tower,0,1,4,0,5,0,0,32,0,32,0,1,36,0,37,10,0,10,47
05/17/2020,LBE,PA,AEA,CE,Federal Contract Tower,2,1,2,0,5,0,0,11,0,11,2,1,13,0,16,22,0,22,38
05/18/2020,LBE,PA,AEA,CE,Federal Contract Tower,2,8,3,0,13,0,0,8,0,8,2,8,11,0,21,0,0,0,21
05/19/2020,LBE,PA,AEA,CE,Federal Contract Tower,0,8,1,0,9,0,2,14,0,16,0,10,15,0,25,0,0,0,25
05/20/2020,LBE,PA,AEA,CE,Federal Contract Tower,0,3,8,2,13,0,2,12,2,16,0,5,20,4,29,0,0,0,29
05/21/2020,LBE,PA,AEA,CE,Federal Contract Tower,3,4,9,0,16,0,2,44,2,48,3,6,53,2,64,16,14,30,94
05/22/2020,LBE,PA,AEA,CE,Federal Contract Tower,0,7,4,0,11,0,0,7,0,7,0,7,11,0,18,0,0,0,18
05/23/2020,LBE,PA,AEA,CE,Federal Contract Tower,0,5,9,0,14,0,0,41,0,41,0,5,50,0,55,8,0,8,63
05/24/2020,LBE,PA,AEA,CE,Federal Contract Tower,2,4,5,0,11,0,0,34,0,34,2,4,39,0,45,38,0,38,83
05/25/2020,LBE,PA,AEA,CE,Federal Contract Tower,2,0,11,0,13,0,0,60,0,60,2,0,71,0,73,12,0,12,85
05/26/2020,LBE,PA,AEA,CE,Federal Contract Tower,0,2,6,2,10,0,3,41,0,44,0,5,47,2,54,8,0,8,62
05/27/2020,LBE,PA,AEA,CE,Federal Contract Tower,0,6,10,2,18,0,1,42,0,43,0,7,52,2,61,22,0,22,83
05/28/2020,LBE,PA,AEA,CE,Federal Contract Tower,2,1,7,0,10,0,0,9,0,9,2,1,16,0,19,0,0,0,19
05/29/2020,LBE,PA,AEA,CE,Federal Contract Tower,0,1,11,0,12,0,0,10,0,10,0,1,21,0,22,8,0,8,30
05/30/2020,LBE,PA,AEA,CE,Federal Contract Tower,0,2,8,0,10,0,0,33,1,34,0,2,41,1,44,52,2,54,98
05/31/2020,LBE,PA,AEA,CE,Federal Contract Tower,2,4,6,0,12,0,1,89,2,92,2,5,95,2,104,24,0,24,128
06/01/2020,LBE,PA,AEA,CE,Federal Contract Tower,2,1,8,0,11,0,0,67,0,67,2,1,75,0,78,38,0,38,116
06/02/2020,LBE,PA,AEA,CE,Federal Contract Tower,0,4,3,0,7,0,0,30,0,30,0,4,33,0,37,0,0,0,37
06/03/2020,LBE,PA,AEA,CE,Federal Contract Tower,0,10,6,2,18,0,0,5,0,5,0,10,11,2,23,6,0,6,29
06/04/2020,LBE,PA,AEA,CE,Federal Contract Tower,2,9,10,0,21,0,3,16,0,19,2,12,26,0,40,12,0,12,52
06/05/2020,LBE,PA,AEA,CE,Federal Contract Tower,0,6,8,0,14,0,2,14,0,16,0,8,22,0,30,8,0,8,38
06/06/2020,LBE,PA,AEA,CE,Federal Contract Tower,0,5,9,0,14,0,0,52,0,52,0,5,61,0,66,30,0,30,96
06/07/2020,LBE,PA,AEA,CE,Federal Contract Tower,2,7,3,0,12,0,1,69,0,70,2,8,72,0,82,24,0,24,106
06/08/2020,LBE,PA,AEA,CE,Federal Contract Tower,2,7,11,0,20,0,0,56,0,56,2,7,67,0,76,14,0,14,90
06/09/2020,LBE,PA,AEA,CE,Federal Contract Tower,0,1,3,0,4,0,2,51,4,57,0,3,54,4,61,28,0,28,89
06/10/2020,LBE,PA,AEA,CE,Federal Contract Tower,0,5,6,2,13,0,5,15,0,20,0,10,21,2,33,12,0,12,45
06/11/2020,LBE,PA,AEA,CE,Federal Contract Tower,2,5,3,2,12,0,2,28,2,32,2,7,31,4,44,40,4,44,88
06/12/2020,LBE,PA,AEA,CE,Federal Contract Tower,2,8,7,0,17,0,7,55,3,65,2,15,62,3,82,6,0,6,88
06/13/2020,LBE,PA,AEA,CE,Federal Contract Tower,2,3,11,0,16,0,0,72,0,72,2,3,83,0,88,60,0,60,148
06/14/2020,LBE,PA,AEA,CE,Federal Contract Tower,2,5,6,0,13,0,0,53,0,53,2,5,59,0,66,28,0,28,94
06/15/2020,LBE,PA,AEA,CE,Federal Contract Tower,2,2,1,0,5,0,2,41,0,43,2,4,42,0,48,16,0,16,64
06/16/2020,LBE,PA,AEA,CE,Federal Contract Tower,0,4,4,0,8,0,5,54,0,59,0,9,58,0,67,62,0,62,129
06/17/2020,LBE,PA,AEA,CE,Federal Contract Tower,0,10,2,2,14,0,0,39,2,41,0,10,41,4,55,36,0,36,91
06/18/2020,LBE,PA,AEA,CE,Federal Contract Tower,2,11,16,2,31,0,6,16,4,26,2,17,32,6,57,26,0,26,83
06/19/2020,LBE,PA,AEA,CE,Federal Contract Tower,3,10,10,0,23,0,1,19,0,20,3,11,29,0,43,26,0,26,69
06/20/2020,LBE,PA,AEA,CE,Federal Contract Tower,2,7,14,0,23,0,1,54,0,55,2,8,68,0,78,40,0,40,118
06/21/2020,LBE,PA,AEA,CE,Federal Contract Tower,2,6,6,0,14,0,3,25,0,28,2,9,31,0,42,18,0,18,60
06/22/2020,LBE,PA,AEA,CE,Federal Contract Tower,2,8,9,0,19,0,0,33,0,33,2,8,42,0,52,0,0,0,52
06/23/2020,LBE,PA,AEA,CE,Federal Contract Tower,2,9,14,0,25,0,1,42,2,45,2,10,56,2,70,28,0,28,98
06/24/2020,LBE,PA,AEA,CE,Federal Contract Tower,2,11,8,2,23,0,7,48,0,55,2,18,56,2,78,28,4,32,110
06/25/2020,LBE,PA,AEA,CE,Federal Contract Tower,6,8,6,0,20,0,2,48,0,50,6,10,54,0,70,46,0,46,116
06/26/2020,LBE,PA,AEA,CE,Federal Contract Tower,9,8,15,2,34,0,1,40,0,41,9,9,55,2,75,16,0,16,91
06/27/2020,LBE,PA,AEA,CE,Federal Contract Tower,3,10,9,0,22,0,0,3,0,3,3,10,12,0,25,0,0,0,25
06/28/2020,LBE,PA,AEA,CE,Federal Contract Tower,6,7,9,0,22,0,0,19,0,19,6,7,28,0,41,6,0,6,47
06/29/2020,LBE,PA,AEA,CE,Federal Contract Tower,5,4,2,0,11,0,2,64,0,66,5,6,66,0,77,54,0,54,131
06/30/2020,LBE,PA,AEA,CE,Federal Contract Tower,0,6,14,0,20,0,0,40,0,40,0,6,54,0,60,12,0,12,72
07/01/2020,LBE,PA,AEA,CE,Federal Contract Tower,6,7,14,0,27,0,8,48,4,60,6,15,62,4,87,32,2,34,121
07/02/2020,LBE,PA,AEA,CE,Federal Contract Tower,8,10,9,0,27,0,1,81,2,84,8,11,90,2,111,56,0,56,167
07/03/2020,LBE,PA,AEA,CE,Federal Contract Tower,6,21,12,0,39,0,0,54,0,54,6,21,66,0,93,18,0,18,111
07/04/2020,LBE,PA,AEA,CE,Federal Contract Tower,4,4,4,0,12,0,4,31,0,35,4,8,35,0,47,20,0,20,67
07/06/2020,LBE,PA,AEA,CE,Federal Contract Tower,6,9,5,0,20,0,0,60,0,60,6,9,65,0,80,46,0,46,126
07/07/2020,LBE,PA,AEA,CE,Federal Contract Tower,8,8,7,0,23,0,0,35,0,35,8,8,42,0,58,38,0,38,96
07/08/2020,LBE,PA,AEA,CE,Federal Contract Tower,6,4,12,0,22,0,0,46,0,46,6,4,58,0,68,20,0,20,88
07/09/2020,LBE,PA,AEA,CE,Federal Contract Tower,8,8,9,3,28,2,4,27,2,35,10,12,36,5,63,12,8,20,83
07/10/2020,LBE,PA,AEA,CE,Federal Contract Tower,6,7,4,0,17,0,48,0,0,48,6,55,4,0,65,12,0,12,77
07/11/2020,LBE,PA,AEA,CE,Federal Contract Tower,6,2,10,0,18,0,0,7,0,7,6,2,17,0,25,0,0,0,25
07/12/2020,LBE,PA,AEA,CE,Federal Contract Tower,8,5,4,0,17,0,0,29,0,29,8,5,33,0,46,46,0,46,92
07/13/2020,LBE,PA,AEA,CE,Federal Contract Tower,6,7,7,0,20,0,3,50,0,53,6,10,57,0,73,106,0,106,179
07/14/2020,LBE,PA,AEA,CE,Federal Contract Tower,6,0,7,0,13,0,4,33,2,39,6,4,40,2,52,48,0,48,100
07/15/2020,LBE,PA,AEA,CE,Federal Contract Tower,4,9,6,0,19,0,5,75,0,80,4,14,81,0,99,32,0,32,131
07/16/2020,LBE,PA,AEA,CE,Federal Contract Tower,10,9,6,0,25,0,2,27,0,29,10,11,33,0,54,52,0,52,106
07/17/2020,LBE,PA,AEA,CE,Federal Contract Tower,6,4,7,0,17,0,1,34,0,35,6,5,41,0,52,42,0,42,94
07/18/2020,LBE,PA,AEA,CE,Federal Contract Tower,6,5,5,0,16,0,0,47,0,47,6,5,52,0,63,28,0,28,91
07/19/2020,LBE,PA,AEA,CE,Federal Contract Tower,8,9,4,0,21,0,0,25,0,25,8,9,29,0,46,0,0,0,46
07/20/2020,LBE,PA,AEA,CE,Federal Contract Tower,6,3,7,6,22,0,1,33,0,34,6,4,40,6,56,18,0,18,74
07/21/2020,LBE,PA,AEA,CE,Federal Contract Tower,6,5,3,0,14,0,5,19,0,24,6,10,22,0,38,10,0,10,48
07/22/2020,LBE,PA,AEA,CE,Federal Contract Tower,6,8,9,0,23,0,1,11,0,12,6,9,20,0,35,6,0,6,41
07/23/2020,LBE,PA,AEA,CE,Federal Contract Tower,6,8,8,6,28,0,3,18,0,21,6,11,26,6,49,0,0,0,49
07/24/2020,LBE,PA,AEA,CE,Federal Contract Tower,6,6,13,0,25,0,0,78,0,78,6,6,91,0,103,30,0,30,133
07/25/2020,LBE,PA,AEA,CE,Federal Contract Tower,6,14,10,0,30,0,0,51,0,51,6,14,61,0,81,30,0,30,111
07/26/2020,LBE,PA,AEA,CE,Federal Contract Tower,6,11,7,0,24,0,5,75,0,80,6,16,82,0,104,84,0,84,188
07/27/2020,LBE,PA,AEA,CE,Federal Contract Tower,6,10,4,0,20,0,2,38,0,40,6,12,42,0,60,40,0,40,100
07/28/2020,LBE,PA,AEA,CE,Federal Contract Tower,6,14,6,0,26,0,4,30,0,34,6,18,36,0,60,38,0,38,98
07/29/2020,LBE,PA,AEA,CE,Federal Contract Tower,4,8,6,0,18,0,0,60,2,62,4,8,66,2,80,60,0,60,140
07/30/2020,LBE,PA,AEA,CE,Federal Contract Tower,4,9,14,0,27,0,2,38,0,40,4,11,52,0,67,60,0,60,127
07/31/2020,LBE,PA,AEA,CE,Federal Contract Tower,5,12,6,0,23,0,1,38,0,39,5,13,44,0,62,48,0,48,110
08/01/2020,LBE,PA,AEA,CE,Federal Contract Tower,6,5,11,0,22,0,2,29,0,31,6,7,40,0,53,42,0,42,95
08/02/2020,LBE,PA,AEA,CE,Federal Contract Tower,8,9,9,0,26,0,0,15,0,15,8,9,24,0,41,0,0,0,41
08/03/2020,LBE,PA,AEA,CE,Federal Contract Tower,7,7,10,2,26,0,0,74,0,74,7,7,84,2,100,82,0,82,182
08/04/2020,LBE,PA,AEA,CE,Federal Contract Tower,7,7,13,0,27,0,0,9,2,11,7,7,22,2,38,8,6,14,52
08/05/2020,LBE,PA,AEA,CE,Federal Contract Tower,3,8,21,0,32,0,5,54,2,61,3,13,75,2,93,44,0,44,137
08/06/2020,LBE,PA,AEA,CE,Federal Contract Tower,4,11,8,2,25,0,0,74,2,76,4,11,82,4,101,106,0,106,207
08/07/2020,LBE,PA,AEA,CE,Federal Contract Tower,6,6,8,6,26,0,1,27,0,28,6,7,35,6,54,16,0,16,70
08/08/2020,LBE,PA,AEA,CE,Federal Contract Tower,4,8,10,4,26,0,1,38,0,39,4,9,48,4,65,34,0,34,99
08/09/2020,LBE,PA,AEA,CE,Federal Contract Tower,6,12,7,0,25,0,1,28,0,29,6,13,35,0,54,2,0,2,56
08/10/2020,LBE,PA,AEA,CE,Federal Contract Tower,6,11,8,2,27,2,1,61,0,64,8,12,69,2,91,16,0,16,107
08/11/2020,LBE,PA,AEA,CE,Federal Contract Tower,2,5,8,2,17,0,1,35,2,38,2,6,43,4,55,50,0,50,105
08/12/2020,LBE,PA,AEA,CE,Federal Contract Tower,2,6,10,4,22,0,4,43,2,49,2,10,53,6,71,40,0,40,111
08/13/2020,LBE,PA,AEA,CE,Federal Contract Tower,7,15,12,0,34,0,3,42,0,45,7,18,54,0,79,72,0,72,151
08/14/2020,LBE,PA,AEA,CE,Federal Contract Tower,6,10,10,19,45,0,0,67,0,67,6,10,77,19,112,100,0,100,212
08/15/2020,LBE,PA,AEA,CE,Federal Contract Tower,2,14,8,0,24,0,0,34,0,34,2,14,42,0,58,76,0,76,134
08/16/2020,LBE,PA,AEA,CE,Federal Contract Tower,6,7,9,0,22,0,0,60,0,60,6,7,69,0,82,56,0,56,138
08/17/2020,LBE,PA,AEA,CE,Federal Contract Tower,6,5,4,2,17,0,4,37,0,41,6,9,41,2,58,68,0,68,126
08/18/2020,LBE,PA,AEA,CE,Federal Contract Tower,2,11,9,0,22,0,1,47,4,52,2,12,56,4,74,36,2,38,112
08/19/2020,LBE,PA,AEA,CE,Federal Contract Tower,2,9,6,1,18,0,0,41,4,45,2,9,47,5,63,54,2,56,119
08/20/2020,LBE,PA,AEA,CE,Federal Contract Tower,6,3,13,0,22,0,0,53,2,55,6,3,66,2,77,36,0,36,113
08/21/2020,LBE,PA,AEA,CE,Federal Contract Tower,6,8,11,0,25,0,0,28,0,28,6,8,39,0,53,22,0,22,75
08/22/2020,LBE,PA,AEA,CE,Federal Contract Tower,2,5,4,0,11,0,0,38,0,38,2,5,42,0,49,0,0,0,49
08/23/2020,LBE,PA,AEA,CE,Federal Contract Tower,6,2,9,0,17,0,1,8,0,9,6,3,17,0,26,10,0,10,36
08/24/2020,LBE,PA,AEA,CE,Federal Contract Tower,8,1,6,0,15,0,0,18,0,18,8,1,24,0,33,24,0,24,57
08/25/2020,LBE,PA,AEA,CE,Federal Contract Tower,2,4,6,0,12,0,3,21,0,24,2,7,27,0,36,24,0,24,60
08/26/2020,LBE,PA,AEA,CE,Federal Contract Tower,2,9,7,0,18,0,2,39,0,41,2,11,46,0,59,24,0,24,83
08/27/2020,LBE,PA,AEA,CE,Federal Contract Tower,6,14,8,0,28,0,0,13,0,13,6,14,21,0,41,44,0,44,85
08/28/2020,LBE,PA,AEA,CE,Federal Contract Tower,8,6,9,0,23,0,0,0,0,0,8,6,9,0,23,0,0,0,23
08/29/2020,LBE,PA,AEA,CE,Federal Contract Tower,2,3,7,0,12,0,0,8,0,8,2,3,15,0,20,6,0,6,26
08/30/2020,LBE,PA,AEA,CE,Federal Contract Tower,6,4,3,0,13,0,0,55,0,55,6,4,58,0,68,34,0,34,102
08/31/2020,LBE,PA,AEA,CE,Federal Contract Tower,6,12,5,0,23,0,2,17,0,19,6,14,22,0,42,8,0,8,50
09/01/2020,LBE,PA,AEA,CE,Federal Contract Tower,2,5,13,8,28,0,6,45,9,60,2,11,58,17,88,70,14,84,172
09/02/2020,LBE,PA,AEA,CE,Federal Contract Tower,2,3,4,0,9,0,4,8,0,12,2,7,12,0,21,10,0,10,31
09/03/2020,LBE,PA,AEA,CE,Federal Contract Tower,6,9,7,2,24,0,4,6,0,10,6,13,13,2,34,2,0,2,36
09/04/2020,LBE,PA,AEA,CE,Federal Contract Tower,8,12,9,6,35,0,3,70,1,74,8,15,79,7,109,40,0,40,149
09/05/2020,LBE,PA,AEA,CE,Federal Contract Tower,1,6,4,0,11,0,0,84,0,84,1,6,88,0,95,50,0,50,145
09/06/2020,LBE,PA,AEA,CE,Federal Contract Tower,6,3,10,0,19,0,2,35,0,37,6,5,45,0,56,10,0,10,66
09/07/2020,LBE,PA,AEA,CE,Federal Contract Tower,7,10,14,0,31,0,2,54,0,56,7,12,68,0,87,66,0,66,153
09/08/2020,LBE,PA,AEA,CE,Federal Contract Tower,3,20,12,4,39,0,12,95,4,111,3,32,107,8,150,26,0,26,176
09/09/2020,LBE,PA,AEA,CE,Federal Contract Tower,0,0,0,0,0,0,7,7,0,14,0,7,7,0,14,0,0,0,14
09/10/2020,LBE,PA,AEA,CE,Federal Contract Tower,0,0,0,0,0,0,0,2,0,2,0,0,2,0,2,4,0,4,6
09/11/2020,LBE,PA,AEA,CE,Federal Contract Tower,0,0,0,0,0,0,5,0,0,5,0,5,0,0,5,0,0,0,5
09/12/2020,LBE,PA,AEA,CE,Federal Contract Tower,0,0,0,0,0,0,0,1,0,1,0,0,1,0,1,0,0,0,1
09/13/2020,LBE,PA,AEA,CE,Federal Contract Tower,0,0,0,0,0,0,0,0,0,0,0,0,0,0,0,0,0,0,0
09/14/2020,LBE,PA,AEA,CE,Federal Contract Tower,0,0,0,0,0,0,0,7,0,7,0,0,7,0,7,0,0,0,7
09/15/2020,LBE,PA,AEA,CE,Federal Contract Tower,0,0,0,0,0,0,4,1,0,5,0,4,1,0,5,0,0,0,5
09/16/2020,LBE,PA,AEA,CE,Federal Contract Tower,0,0,0,0,0,0,3,9,0,12,0,3,9,0,12,0,0,0,12
09/17/2020,LBE,PA,AEA,CE,Federal Contract Tower,0,0,0,0,0,0,11,1,2,14,0,11,1,2,14,2,0,2,16
09/18/2020,LBE,PA,AEA,CE,Federal Contract Tower,0,0,0,0,0,0,5,1,2,8,0,5,1,2,8,0,0,0,8
09/19/2020,LBE,PA,AEA,CE,Federal Contract Tower,0,0,0,0,0,0,3,9,0,12,0,3,9,0,12,0,0,0,12
09/20/2020,LBE,PA,AEA,CE,Federal Contract Tower,0,0,0,0,0,0,2,1,0,3,0,2,1,0,3,0,0,0,3
09/21/2020,LBE,PA,AEA,CE,Federal Contract Tower,0,0,0,0,0,0,6,10,0,16,0,6,10,0,16,0,0,0,16
09/22/2020,LBE,PA,AEA,CE,Federal Contract Tower,0,0,0,0,0,0,4,0,0,4,0,4,0,0,4,0,0,0,4
09/23/2020,LBE,PA,AEA,CE,Federal Contract Tower,0,0,0,0,0,0,2,0,0,2,0,2,0,0,2,0,0,0,2
09/24/2020,LBE,PA,AEA,CE,Federal Contract Tower,0,0,0,0,0,0,6,8,0,14,0,6,8,0,14,0,0,0,14
09/25/2020,LBE,PA,AEA,CE,Federal Contract Tower,0,20,27,2,49,0,0,90,2,92,0,20,117,4,141,54,0,54,195
09/26/2020,LBE,PA,AEA,CE,Federal Contract Tower,0,4,11,0,15,0,1,39,0,40,0,5,50,0,55,40,0,40,95
09/27/2020,LBE,PA,AEA,CE,Federal Contract Tower,0,8,20,0,28,0,2,28,0,30,0,10,48,0,58,12,0,12,70
09/28/2020,LBE,PA,AEA,CE,Federal Contract Tower,0,13,8,4,25,0,4,29,0,33,0,17,37,4,58,14,0,14,72
09/29/2020,LBE,PA,AEA,CE,Federal Contract Tower,0,5,12,0,17,0,0,0,0,0,0,5,12,0,17,0,0,0,17
09/30/2020,LBE,PA,AEA,CE,Federal Contract Tower,0,13,16,1,30,0,1,18,2,21,0,14,34,3,51,22,0,22,73
10/01/2020,LBE,PA,AEA,CE,Federal Contract Tower,0,14,7,0,21,0,20,33,0,53,0,34,40,0,74,48,0,48,122
10/02/2020,LBE,PA,AEA,CE,Federal Contract Tower,2,9,18,0,29,0,1,12,0,13,2,10,30,0,42,0,0,0,42
10/03/2020,LBE,PA,AEA,CE,Federal Contract Tower,0,2,8,0,10,0,0,47,0,47,0,2,55,0,57,28,0,28,85
10/04/2020,LBE,PA,AEA,CE,Federal Contract Tower,2,13,12,0,27,0,4,36,0,40,2,17,48,0,67,16,0,16,83
10/05/2020,LBE,PA,AEA,CE,Federal Contract Tower,0,7,5,0,12,0,0,30,2,32,0,7,35,2,44,16,0,16,60
10/06/2020,LBE,PA,AEA,CE,Federal Contract Tower,0,5,11,2,18,0,3,53,2,58,0,8,64,4,76,60,4,64,140
10/07/2020,LBE,PA,AEA,CE,Federal Contract Tower,0,11,6,2,19,0,1,11,1,13,0,12,17,3,32,0,0,0,32
10/08/2020,LBE,PA,AEA,CE,Federal Contract Tower,4,19,26,2,51,0,2,40,6,48,4,21,66,8,99,28,0,28,127
10/09/2020,LBE,PA,AEA,CE,Federal Contract Tower,4,10,7,0,21,0,0,56,0,56,4,10,63,0,77,44,0,44,121
10/10/2020,LBE,PA,AEA,CE,Federal Contract Tower,4,3,6,0,13,0,3,31,0,34,4,6,37,0,47,14,0,14,61
10/11/2020,LBE,PA,AEA,CE,Federal Contract Tower,4,12,5,0,21,0,1,11,0,12,4,13,16,0,33,32,0,32,65
10/12/2020,LBE,PA,AEA,CE,Federal Contract Tower,4,15,7,0,26,0,0,0,0,0,4,15,7,0,26,0,0,0,26
10/13/2020,LBE,PA,AEA,CE,Federal Contract Tower,0,19,1,0,20,0,3,26,0,29,0,22,27,0,49,18,0,18,67
10/14/2020,LBE,PA,AEA,CE,Federal Contract Tower,0,9,8,0,17,0,1,75,0,76,0,10,83,0,93,48,0,48,141
10/15/2020,LBE,PA,AEA,CE,Federal Contract Tower,4,16,22,0,42,0,0,18,0,18,4,16,40,0,60,0,0,0,60
10/16/2020,LBE,PA,AEA,CE,Federal Contract Tower,4,10,16,0,30,0,8,25,0,33,4,18,41,0,63,22,0,22,85
10/17/2020,LBE,PA,AEA,CE,Federal Contract Tower,4,3,17,2,26,0,0,75,0,75,4,3,92,2,101,54,0,54,155
10/18/2020,LBE,PA,AEA,CE,Federal Contract Tower,4,7,22,0,33,0,0,71,0,71,4,7,93,0,104,22,0,22,126
10/19/2020,LBE,PA,AEA,CE,Federal Contract Tower,4,15,4,0,23,0,0,2,0,2,4,15,6,0,25,0,0,0,25
10/20/2020,LBE,PA,AEA,CE,Federal Contract Tower,0,13,8,0,21,0,1,17,0,18,0,14,25,0,39,18,0,18,57
10/21/2020,LBE,PA,AEA,CE,Federal Contract Tower,0,18,16,0,34,0,3,22,0,25,0,21,38,0,59,6,0,6,65
10/22/2020,LBE,PA,AEA,CE,Federal Contract Tower,4,11,15,0,30,0,0,58,0,58,4,11,73,0,88,30,2,32,120
10/23/2020,LBE,PA,AEA,CE,Federal Contract Tower,4,7,13,2,26,0,3,41,0,44,4,10,54,2,70,6,0,6,76
10/24/2020,LBE,PA,AEA,CE,Federal Contract Tower,4,0,7,0,11,0,0,0,0,0,4,0,7,0,11,0,0,0,11
10/25/2020,LBE,PA,AEA,CE,Federal Contract Tower,4,14,10,0,28,0,2,18,0,20,4,16,28,0,48,16,0,16,64
10/26/2020,LBE,PA,AEA,CE,Federal Contract Tower,4,15,5,0,24,0,0,0,0,0,4,15,5,0,24,0,0,0,24
10/27/2020,LBE,PA,AEA,CE,Federal Contract Tower,0,10,4,2,16,0,0,26,0,26,0,10,30,2,42,0,0,0,42
10/28/2020,LBE,PA,AEA,CE,Federal Contract Tower,0,10,16,0,26,0,0,0,0,0,0,10,16,0,26,0,0,0,26
10/29/2020,LBE,PA,AEA,CE,Federal Contract Tower,4,6,8,0,18,0,0,0,0,0,4,6,8,0,18,0,0,0,18
10/30/2020,LBE,PA,AEA,CE,Federal Contract Tower,6,19,5,0,30,0,2,2,0,4,6,21,7,0,34,0,0,0,34
10/31/2020,LBE,PA,AEA,CE,Federal Contract Tower,4,4,18,0,26,0,3,59,0,62,4,7,77,0,88,14,0,14,102
11/01/2020,LBE,PA,AEA,CE,Federal Contract Tower,6,9,4,1,20,0,2,0,0,2,6,11,4,1,22,0,0,0,22
11/02/2020,LBE,PA,AEA,CE,Federal Contract Tower,4,12,6,4,26,0,2,0,0,2,4,14,6,4,28,2,0,2,30
11/03/2020,LBE,PA,AEA,CE,Federal Contract Tower,0,3,7,0,10,0,4,32,0,36,0,7,39,0,46,10,0,10,56
11/04/2020,LBE,PA,AEA,CE,Federal Contract Tower,0,4,12,0,16,0,4,29,0,33,0,8,41,0,49,10,0,10,59
11/05/2020,LBE,PA,AEA,CE,Federal Contract Tower,4,14,8,0,26,0,0,50,0,50,4,14,58,0,76,0,0,0,76
11/06/2020,LBE,PA,AEA,CE,Federal Contract Tower,4,3,7,0,14,0,0,50,0,50,4,3,57,0,64,18,0,18,82
11/07/2020,LBE,PA,AEA,CE,Federal Contract Tower,4,5,9,0,18,0,4,88,0,92,4,9,97,0,110,78,0,78,188
11/08/2020,LBE,PA,AEA,CE,Federal Contract Tower,4,6,8,0,18,0,2,99,2,103,4,8,107,2,121,38,0,38,159
11/09/2020,LBE,PA,AEA,CE,Federal Contract Tower,4,3,6,0,13,0,4,72,0,76,4,7,78,0,89,50,0,50,139
11/10/2020,LBE,PA,AEA,CE,Federal Contract Tower,0,7,16,0,23,0,0,61,0,61,0,7,77,0,84,12,0,12,96
11/11/2020,LBE,PA,AEA,CE,Federal Contract Tower,0,15,14,0,29,0,0,0,0,0,0,15,14,0,29,0,0,0,29
11/12/2020,LBE,PA,AEA,CE,Federal Contract Tower,4,10,10,2,26,0,0,20,0,20,4,10,30,2,46,4,0,4,50
11/13/2020,LBE,PA,AEA,CE,Federal Contract Tower,4,10,8,0,22,0,0,16,0,16,4,10,24,0,38,18,0,18,56
11/14/2020,LBE,PA,AEA,CE,Federal Contract Tower,4,8,11,0,23,0,0,81,0,81,4,8,92,0,104,48,0,48,152
11/15/2020,LBE,PA,AEA,CE,Federal Contract Tower,4,8,2,0,14,0,0,2,0,2,4,8,4,0,16,0,0,0,16
11/16/2020,LBE,PA,AEA,CE,Federal Contract Tower,4,17,4,0,25,0,2,15,0,17,4,19,19,0,42,2,0,2,44
11/17/2020,LBE,PA,AEA,CE,Federal Contract Tower,0,17,6,0,23,0,2,0,0,2,0,19,6,0,25,0,0,0,25
11/18/2020,LBE,PA,AEA,CE,Federal Contract Tower,4,17,5,5,31,0,1,25,2,28,4,18,30,7,59,26,2,28,87
11/19/2020,LBE,PA,AEA,CE,Federal Contract Tower,5,6,7,3,21,0,5,15,1,21,5,11,22,4,42,40,0,40,82
11/20/2020,LBE,PA,AEA,CE,Federal Contract Tower,6,10,11,0,27,0,4,12,0,16,6,14,23,0,43,6,0,6,49
11/21/2020,LBE,PA,AEA,CE,Federal Contract Tower,6,9,10,0,25,0,0,18,0,18,6,9,28,0,43,52,0,52,95
11/22/2020,LBE,PA,AEA,CE,Federal Contract Tower,5,13,8,0,26,0,0,6,0,6,5,13,14,0,32,2,0,2,34
11/23/2020,LBE,PA,AEA,CE,Federal Contract Tower,6,14,10,0,30,0,3,4,0,7,6,17,14,0,37,0,0,0,37
11/24/2020,LBE,PA,AEA,CE,Federal Contract Tower,6,12,4,0,22,0,6,68,4,78,6,18,72,4,100,68,0,68,168
11/25/2020,LBE,PA,AEA,CE,Federal Contract Tower,6,8,7,2,23,0,3,13,0,16,6,11,20,2,39,0,0,0,39
11/26/2020,LBE,PA,AEA,CE,Federal Contract Tower,2,1,1,0,4,0,0,0,0,0,2,1,1,0,4,0,0,0,4
11/27/2020,LBE,PA,AEA,CE,Federal Contract Tower,6,4,7,0,17,0,0,2,0,2,6,4,9,0,19,6,0,6,25
11/28/2020,LBE,PA,AEA,CE,Federal Contract Tower,6,3,6,0,15,0,0,21,0,21,6,3,27,0,36,6,0,6,42
11/29/2020,LBE,PA,AEA,CE,Federal Contract Tower,6,19,7,0,32,0,1,83,0,84,6,20,90,0,116,16,0,16,132
11/30/2020,LBE,PA,AEA,CE,Federal Contract Tower,6,6,7,0,19,0,0,1,0,1,6,6,8,0,20,0,0,0,20
12/01/2020,LBE,PA,AEA,CE,Federal Contract Tower,5,3,6,0,14,0,0,0,0,0,5,3,6,0,14,0,0,0,14
12/02/2020,LBE,PA,AEA,CE,Federal Contract Tower,0,6,10,0,16,0,2,3,2,7,0,8,13,2,23,0,4,4,27
12/03/2020,LBE,PA,AEA,CE,Federal Contract Tower,2,7,11,1,21,0,0,55,0,55,2,7,66,1,76,78,0,78,154
12/04/2020,LBE,PA,AEA,CE,Federal Contract Tower,4,7,4,0,15,0,1,13,0,14,4,8,17,0,29,10,0,10,39
12/05/2020,LBE,PA,AEA,CE,Federal Contract Tower,2,4,4,0,10,0,4,4,0,8,2,8,8,0,18,4,0,4,22
12/06/2020,LBE,PA,AEA,CE,Federal Contract Tower,2,7,3,0,12,0,1,3,0,4,2,8,6,0,16,0,0,0,16
12/07/2020,LBE,PA,AEA,CE,Federal Contract Tower,4,1,3,6,14,0,0,13,0,13,4,1,16,6,27,24,0,24,51
12/08/2020,LBE,PA,AEA,CE,Federal Contract Tower,0,3,8,0,11,0,0,8,0,8,0,3,16,0,19,0,0,0,19
12/09/2020,LBE,PA,AEA,CE,Federal Contract Tower,0,5,16,0,21,0,0,0,0,0,0,5,16,0,21,0,0,0,21
12/10/2020,LBE,PA,AEA,CE,Federal Contract Tower,2,13,4,0,19,0,0,63,0,63,2,13,67,0,82,30,0,30,112
12/11/2020,LBE,PA,AEA,CE,Federal Contract Tower,6,3,2,0,11,0,1,53,0,54,6,4,55,0,65,16,0,16,81
12/13/2020,LBE,PA,AEA,CE,Federal Contract Tower,5,4,6,0,15,0,0,0,0,0,5,4,6,0,15,0,0,0,15
12/14/2020,LBE,PA,AEA,CE,Federal Contract Tower,5,6,3,0,14,0,2,6,0,8,5,8,9,0,22,0,0,0,22
12/15/2020,LBE,PA,AEA,CE,Federal Contract Tower,0,7,7,0,14,0,0,52,2,54,0,7,59,2,68,20,6,26,94
12/16/2020,LBE,PA,AEA,CE,Federal Contract Tower,4,3,0,0,7,0,0,0,0,0,4,3,0,0,7,0,0,0,7
12/17/2020,LBE,PA,AEA,CE,Federal Contract Tower,5,6,7,0,18,0,0,0,0,0,5,6,7,0,18,0,0,0,18
12/18/2020,LBE,PA,AEA,CE,Federal Contract Tower,5,2,7,0,14,0,4,1,0,5,5,6,8,0,19,0,0,0,19
12/19/2020,LBE,PA,AEA,CE,Federal Contract Tower,6,12,11,0,29,0,3,42,0,45,6,15,53,0,74,20,0,20,94
12/20/2020,LBE,PA,AEA,CE,Federal Contract Tower,5,7,4,0,16,0,4,0,0,4,5,11,4,0,20,0,0,0,20
12/21/2020,LBE,PA,AEA,CE,Federal Contract Tower,4,11,11,0,26,0,1,7,0,8,4,12,18,0,34,20,0,20,54
12/22/2020,LBE,PA,AEA,CE,Federal Contract Tower,5,10,15,0,30,0,0,2,4,6,5,10,17,4,36,10,4,14,50
12/23/2020,LBE,PA,AEA,CE,Federal Contract Tower,5,9,11,0,25,0,2,51,0,53,5,11,62,0,78,0,0,0,78
12/24/2020,LBE,PA,AEA,CE,Federal Contract Tower,6,0,3,0,9,0,0,0,0,0,6,0,3,0,9,0,0,0,9
12/25/2020,LBE,PA,AEA,CE,Federal Contract Tower,5,0,2,0,7,0,0,0,0,0,5,0,2,0,7,0,0,0,7
12/26/2020,LBE,PA,AEA,CE,Federal Contract Tower,5,9,0,0,14,0,1,1,0,2,5,10,1,0,16,0,0,0,16
12/27/2020,LBE,PA,AEA,CE,Federal Contract Tower,5,7,18,0,30,0,0,51,0,51,5,7,69,0,81,30,0,30,111
12/28/2020,LBE,PA,AEA,CE,Federal Contract Tower,4,11,3,1,19,0,3,10,0,13,4,14,13,1,32,14,0,14,46
12/29/2020,LBE,PA,AEA,CE,Federal Contract Tower,5,6,24,0,35,0,2,29,2,33,5,8,53,2,68,2,0,2,70
12/30/2020,LBE,PA,AEA,CE,Federal Contract Tower,5,6,12,0,23,0,0,2,27,29,5,6,14,27,52,64,0,64,116
12/31/2020,LBE,PA,AEA,CE,Federal Contract Tower,7,2,4,0,13,0,2,27,0,29,7,4,31,0,42,0,0,0,42
01/01/2021,LBE,PA,AEA,CE,Federal Contract Tower,3,7,0,0,10,0,0,0,0,0,3,7,0,0,10,0,0,0,10
01/02/2021,LBE,PA,AEA,CE,Federal Contract Tower,5,2,6,0,13,0,0,0,0,0,5,2,6,0,13,0,0,0,13
01/03/2021,LBE,PA,AEA,CE,Federal Contract Tower,6,6,1,0,13,0,2,4,0,6,6,8,5,0,19,6,0,6,25
01/04/2021,LBE,PA,AEA,CE,Federal Contract Tower,3,4,7,0,14,0,0,0,0,0,3,4,7,0,14,0,0,0,14
01/05/2021,LBE,PA,AEA,CE,Federal Contract Tower,5,6,2,0,13,0,0,0,0,0,5,6,2,0,13,0,0,0,13
01/06/2021,LBE,PA,AEA,CE,Federal Contract Tower,0,8,2,0,10,0,0,9,0,9,0,8,11,0,19,10,0,10,29
01/07/2021,LBE,PA,AEA,CE,Federal Contract Tower,2,7,3,0,12,0,2,53,0,55,2,9,56,0,67,78,0,78,145
01/08/2021,LBE,PA,AEA,CE,Federal Contract Tower,2,5,5,0,12,0,4,30,4,38,2,9,35,4,50,40,0,40,90
01/09/2021,LBE,PA,AEA,CE,Federal Contract Tower,0,6,8,0,14,0,1,59,0,60,0,7,67,0,74,78,0,78,152
01/10/2021,LBE,PA,AEA,CE,Federal Contract Tower,2,4,14,0,20,0,0,0,0,0,2,4,14,0,20,74,0,74,94
01/11/2021,LBE,PA,AEA,CE,Federal Contract Tower,2,5,8,0,15,0,1,16,0,17,2,6,24,0,32,16,0,16,48
01/12/2021,LBE,PA,AEA,CE,Federal Contract Tower,0,10,2,0,12,0,0,29,0,29,0,10,31,0,41,72,0,72,113
01/13/2021,LBE,PA,AEA,CE,Federal Contract Tower,0,2,27,4,33,0,6,21,0,27,0,8,48,4,60,18,0,18,78
01/14/2021,LBE,PA,AEA,CE,Federal Contract Tower,2,8,10,4,24,0,1,30,0,31,2,9,40,4,55,8,0,8,63
01/15/2021,LBE,PA,AEA,CE,Federal Contract Tower,2,4,3,0,9,0,0,2,2,4,2,4,5,2,13,0,4,4,17
01/16/2021,LBE,PA,AEA,CE,Federal Contract Tower,2,2,4,0,8,0,0,0,0,0,2,2,4,0,8,0,0,0,8
01/17/2021,LBE,PA,AEA,CE,Federal Contract Tower,2,3,1,0,6,0,0,0,0,0,2,3,1,0,6,0,0,0,6
01/18/2021,LBE,PA,AEA,CE,Federal Contract Tower,2,5,5,0,12,0,0,2,0,2,2,5,7,0,14,0,0,0,14
01/19/2021,LBE,PA,AEA,CE,Federal Contract Tower,0,6,19,0,25,0,3,15,0,18,0,9,34,0,43,18,0,18,61
01/20/2021,LBE,PA,AEA,CE,Federal Contract Tower,0,5,7,0,12,0,4,16,2,22,0,9,23,2,34,16,8,24,58
01/21/2021,LBE,PA,AEA,CE,Federal Contract Tower,2,7,9,2,20,0,0,7,10,17,2,7,16,12,37,6,0,6,43
01/22/2021,LBE,PA,AEA,CE,Federal Contract Tower,2,6,3,0,11,0,6,10,0,16,2,12,13,0,27,0,0,0,27
01/23/2021,LBE,PA,AEA,CE,Federal Contract Tower,0,1,5,0,6,0,0,26,0,26,0,1,31,0,32,84,0,84,116
01/24/2021,LBE,PA,AEA,CE,Federal Contract Tower,2,6,6,1,15,0,0,36,0,36,2,6,42,1,51,46,0,46,97
01/25/2021,LBE,PA,AEA,CE,Federal Contract Tower,2,7,3,0,12,0,0,0,0,0,2,7,3,0,12,0,0,0,12
01/26/2021,LBE,PA,AEA,CE,Federal Contract Tower,0,6,4,0,10,0,0,0,0,0,0,6,4,0,10,0,0,0,10
01/27/2021,LBE,PA,AEA,CE,Federal Contract Tower,0,5,7,13,25,0,0,23,0,23,0,5,30,13,48,36,0,36,84
01/28/2021,LBE,PA,AEA,CE,Federal Contract Tower,2,10,15,0,27,0,0,5,0,5,2,10,20,0,32,0,0,0,32
01/29/2021,LBE,PA,AEA,CE,Federal Contract Tower,2,7,10,2,21,0,0,10,0,10,2,7,20,2,31,8,0,8,39
01/30/2021,LBE,PA,AEA,CE,Federal Contract Tower,0,9,10,2,21,0,0,70,0,70,0,9,80,2,91,46,0,46,137
01/31/2021,LBE,PA,AEA,CE,Federal Contract Tower,2,2,3,0,7,0,0,0,0,0,2,2,3,0,7,0,0,0,7
02/01/2021,LBE,PA,AEA,CE,Federal Contract Tower,2,2,2,0,6,0,7,0,0,7,2,9,2,0,13,0,0,0,13
02/02/2021,LBE,PA,AEA,CE,Federal Contract Tower,0,4,0,0,4,0,0,6,0,6,0,4,6,0,10,0,0,0,10
02/03/2021,LBE,PA,AEA,CE,Federal Contract Tower,0,3,9,1,13,0,0,23,1,24,0,3,32,2,37,10,0,10,47
02/04/2021,LBE,PA,AEA,CE,Federal Contract Tower,4,13,4,8,29,0,2,45,2,49,4,15,49,10,78,48,0,48,126
02/05/2021,LBE,PA,AEA,CE,Federal Contract Tower,2,10,6,0,18,0,0,3,6,9,2,10,9,6,27,0,4,4,31
02/06/2021,LBE,PA,AEA,CE,Federal Contract Tower,2,0,13,0,15,0,0,10,0,10,2,0,23,0,25,18,0,18,43
02/07/2021,LBE,PA,AEA,CE,Federal Contract Tower,4,2,0,0,6,0,0,2,0,2,4,2,2,0,8,4,0,4,12
02/08/2021,LBE,PA,AEA,CE,Federal Contract Tower,2,9,6,2,19,0,1,28,6,35,2,10,34,8,54,4,0,4,58
02/09/2021,LBE,PA,AEA,CE,Federal Contract Tower,0,7,3,0,10,0,0,0,0,0,0,7,3,0,10,0,0,0,10
02/10/2021,LBE,PA,AEA,CE,Federal Contract Tower,2,6,3,2,13,0,0,7,0,7,2,6,10,2,20,0,0,0,20
02/11/2021,LBE,PA,AEA,CE,Federal Contract Tower,2,14,10,0,26,0,4,11,0,15,2,18,21,0,41,12,0,12,53
02/12/2021,LBE,PA,AEA,CE,Federal Contract Tower,4,10,5,0,19,0,0,2,4,6,4,10,7,4,25,0,0,0,25
02/13/2021,LBE,PA,AEA,CE,Federal Contract Tower,2,3,3,0,8,0,0,4,0,4,2,3,7,0,12,4,0,4,16
02/14/2021,LBE,PA,AEA,CE,Federal Contract Tower,2,3,2,0,7,0,0,0,0,0,2,3,2,0,7,0,0,0,7
02/15/2021,LBE,PA,AEA,CE,Federal Contract Tower,4,7,2,0,13,0,0,0,0,0,4,7,2,0,13,0,0,0,13
02/16/2021,LBE,PA,AEA,CE,Federal Contract Tower,2,6,3,0,11,0,0,0,0,0,2,6,3,0,11,0,0,0,11
02/17/2021,LBE,PA,AEA,CE,Federal Contract Tower,2,3,8,0,13,0,0,36,0,36,2,3,44,0,49,0,0,0,49
02/18/2021,LBE,PA,AEA,CE,Federal Contract Tower,2,9,0,0,11,0,0,0,0,0,2,9,0,0,11,0,0,0,11
02/19/2021,LBE,PA,AEA,CE,Federal Contract Tower,4,11,7,0,22,0,2,3,0,5,4,13,10,0,27,0,0,0,27
02/20/2021,LBE,PA,AEA,CE,Federal Contract Tower,2,8,3,0,13,0,2,1,0,3,2,10,4,0,16,0,0,0,16
02/21/2021,LBE,PA,AEA,CE,Federal Contract Tower,2,14,11,0,27,0,0,78,3,81,2,14,89,3,108,70,0,70,178
02/22/2021,LBE,PA,AEA,CE,Federal Contract Tower,4,6,4,5,19,0,0,0,0,0,4,6,4,5,19,0,0,0,19
02/23/2021,LBE,PA,AEA,CE,Federal Contract Tower,2,10,5,0,17,0,1,7,4,12,2,11,12,4,29,4,0,4,33
02/24/2021,LBE,PA,AEA,CE,Federal Contract Tower,2,5,6,0,13,0,4,28,0,32,2,9,34,0,45,6,0,6,51
02/25/2021,LBE,PA,AEA,CE,Federal Contract Tower,2,9,9,2,22,0,0,62,0,62,2,9,71,2,84,54,0,54,138
02/26/2021,LBE,PA,AEA,CE,Federal Contract Tower,4,13,11,5,33,0,0,41,6,47,4,13,52,11,80,86,4,90,170
02/27/2021,LBE,PA,AEA,CE,Federal Contract Tower,4,1,8,0,13,0,0,2,0,2,4,1,10,0,15,8,0,8,23
02/28/2021,LBE,PA,AEA,CE,Federal Contract Tower,2,7,4,0,13,0,0,1,0,1,2,7,5,0,14,0,0,0,14
03/01/2021,LBE,PA,AEA,CE,Federal Contract Tower,4,5,3,2,14,0,0,1,0,1,4,5,4,2,15,0,0,0,15
03/02/2021,LBE,PA,AEA,CE,Federal Contract Tower,4,8,10,2,24,0,0,50,2,52,4,8,60,4,76,88,0,88,164
03/03/2021,LBE,PA,AEA,CE,Federal Contract Tower,4,5,10,0,19,0,0,45,0,45,4,5,55,0,64,26,0,26,90
03/04/2021,LBE,PA,AEA,CE,Federal Contract Tower,4,7,8,0,19,0,0,15,0,15,4,7,23,0,34,18,0,18,52
03/05/2021,LBE,PA,AEA,CE,Federal Contract Tower,4,12,6,0,22,0,2,34,0,36,4,14,40,0,58,28,0,28,86
03/06/2021,LBE,PA,AEA,CE,Federal Contract Tower,4,4,2,3,13,0,0,16,0,16,4,4,18,3,29,48,0,48,77
03/07/2021,LBE,PA,AEA,CE,Federal Contract Tower,4,10,13,0,27,0,1,63,0,64,4,11,76,0,91,24,0,24,115
03/08/2021,LBE,PA,AEA,CE,Federal Contract Tower,4,8,9,8,29,0,3,30,0,33,4,11,39,8,62,26,0,26,88
03/09/2021,LBE,PA,AEA,CE,Federal Contract Tower,4,5,5,8,22,0,1,44,0,45,4,6,49,8,67,74,0,74,141
03/10/2021,LBE,PA,AEA,CE,Federal Contract Tower,6,7,10,0,23,0,2,23,0,25,6,9,33,0,48,12,0,12,60
03/11/2021,LBE,PA,AEA,CE,Federal Contract Tower,8,6,12,8,34,0,2,3,0,5,8,8,15,8,39,0,0,0,39
03/12/2021,LBE,PA,AEA,CE,Federal Contract Tower,6,12,11,2,31,0,0,62,0,62,6,12,73,2,93,32,0,32,125
03/13/2021,LBE,PA,AEA,CE,Federal Contract Tower,6,2,4,0,12,0,1,49,2,52,6,3,53,2,64,22,6,28,92
03/14/2021,LBE,PA,AEA,CE,Federal Contract Tower,8,11,7,0,26,0,1,15,0,16,8,12,22,0,42,8,0,8,50
03/15/2021,LBE,PA,AEA,CE,Federal Contract Tower,6,11,7,4,28,0,2,35,0,37,6,13,42,4,65,26,0,26,91
03/16/2021,LBE,PA,AEA,CE,Federal Contract Tower,6,3,5,4,18,0,4,19,0,23,6,7,24,4,41,10,0,10,51
03/17/2021,LBE,PA,AEA,CE,Federal Contract Tower,7,9,10,8,34,0,0,71,0,71,7,9,81,8,105,48,0,48,153
03/18/2021,LBE,PA,AEA,CE,Federal Contract Tower,9,10,4,0,23,0,0,1,0,1,9,10,5,0,24,0,0,0,24
03/19/2021,LBE,PA,AEA,CE,Federal Contract Tower,6,17,5,0,28,0,0,22,0,22,6,17,27,0,50,35,0,35,85
03/20/2021,LBE,PA,AEA,CE,Federal Contract Tower,6,2,4,0,12,0,0,65,0,65,6,2,69,0,77,0,0,0,77
03/21/2021,LBE,PA,AEA,CE,Federal Contract Tower,10,13,17,0,40,0,1,56,0,57,10,14,73,0,97,22,0,22,119
03/22/2021,LBE,PA,AEA,CE,Federal Contract Tower,6,7,6,0,19,0,7,58,0,65,6,14,64,0,84,8,0,8,92
03/23/2021,LBE,PA,AEA,CE,Federal Contract Tower,6,7,3,4,20,0,0,52,0,52,6,7,55,4,72,60,0,60,132
03/24/2021,LBE,PA,AEA,CE,Federal Contract Tower,6,5,4,4,19,0,0,35,0,35,6,5,39,4,54,24,0,24,78
03/25/2021,LBE,PA,AEA,CE,Federal Contract Tower,8,6,8,0,22,0,0,17,0,17,8,6,25,0,39,0,0,0,39
03/26/2021,LBE,PA,AEA,CE,Federal Contract Tower,5,8,2,0,15,0,1,1,0,2,5,9,3,0,17,0,0,0,17
03/27/2021,LBE,PA,AEA,CE,Federal Contract Tower,8,7,9,0,24,0,0,71,0,71,8,7,80,0,95,44,0,44,139
03/28/2021,LBE,PA,AEA,CE,Federal Contract Tower,9,11,2,0,22,0,0,0,0,0,9,11,2,0,22,0,0,0,22
03/29/2021,LBE,PA,AEA,CE,Federal Contract Tower,6,6,11,0,23,0,5,19,1,25,6,11,30,1,48,3,0,3,51
03/30/2021,LBE,PA,AEA,CE,Federal Contract Tower,6,12,9,2,29,0,2,47,1,50,6,14,56,3,79,38,0,38,117
03/31/2021,LBE,PA,AEA,CE,Federal Contract Tower,6,9,16,0,31,0,0,9,0,9,6,9,25,0,40,0,0,0,40
04/01/2021,LBE,PA,AEA,CE,Federal Contract Tower,6,9,2,0,17,0,0,1,0,1,6,9,3,0,18,0,0,0,18
04/02/2021,LBE,PA,AEA,CE,Federal Contract Tower,6,4,9,0,19,0,0,13,0,13,6,4,22,0,32,0,0,0,32
04/03/2021,LBE,PA,AEA,CE,Federal Contract Tower,6,11,11,0,28,0,1,52,0,53,6,12,63,0,81,18,0,18,99
04/04/2021,LBE,PA,AEA,CE,Federal Contract Tower,7,8,9,0,24,0,0,24,0,24,7,8,33,0,48,8,0,8,56
04/05/2021,LBE,PA,AEA,CE,Federal Contract Tower,6,12,5,2,25,0,0,68,0,68,6,12,73,2,93,58,0,58,151
04/06/2021,LBE,PA,AEA,CE,Federal Contract Tower,6,13,7,0,26,0,2,58,0,60,6,15,65,0,86,58,0,58,144
04/07/2021,LBE,PA,AEA,CE,Federal Contract Tower,6,17,3,2,28,0,0,51,0,51,6,17,54,2,79,20,0,20,99
04/08/2021,LBE,PA,AEA,CE,Federal Contract Tower,8,5,3,3,19,0,1,27,0,28,8,6,30,3,47,0,0,0,47
04/09/2021,LBE,PA,AEA,CE,Federal Contract Tower,6,5,5,0,16,0,0,13,0,13,6,5,18,0,29,2,0,2,31
04/10/2021,LBE,PA,AEA,CE,Federal Contract Tower,6,8,7,0,21,0,6,88,0,94,6,14,95,0,115,8,0,8,123
04/11/2021,LBE,PA,AEA,CE,Federal Contract Tower,4,11,9,0,24,0,0,19,0,19,4,11,28,0,43,48,0,48,91
04/12/2021,LBE,PA,AEA,CE,Federal Contract Tower,6,17,11,0,34,0,0,12,0,12,6,17,23,0,46,36,0,36,82
04/13/2021,LBE,PA,AEA,CE,Federal Contract Tower,6,10,25,0,41,0,2,63,0,65,6,12,88,0,106,148,2,150,256
04/14/2021,LBE,PA,AEA,CE,Federal Contract Tower,6,14,9,0,29,0,1,51,0,52,6,15,60,0,81,62,0,62,143
04/15/2021,LBE,PA,AEA,CE,Federal Contract Tower,6,26,7,0,39,0,1,21,0,22,6,27,28,0,61,20,0,20,81
04/16/2021,LBE,PA,AEA,CE,Federal Contract Tower,6,7,3,2,18,0,0,2,0,2,6,7,5,2,20,0,0,0,20
04/17/2021,LBE,PA,AEA,CE,Federal Contract Tower,6,9,12,0,27,0,0,10,0,10,6,9,22,0,37,6,0,6,43
04/18/2021,LBE,PA,AEA,CE,Federal Contract Tower,7,3,5,0,15,0,3,65,0,68,7,6,70,0,83,50,0,50,133
04/19/2021,LBE,PA,AEA,CE,Federal Contract Tower,7,12,6,0,25,0,4,35,3,42,7,16,41,3,67,40,0,40,107
04/20/2021,LBE,PA,AEA,CE,Federal Contract Tower,6,3,8,3,20,0,4,45,4,53,6,7,53,7,73,70,0,70,143
04/21/2021,LBE,PA,AEA,CE,Federal Contract Tower,6,10,1,0,17,0,2,0,0,2,6,12,1,0,19,0,0,0,19
04/22/2021,LBE,PA,AEA,CE,Federal Contract Tower,6,10,6,0,22,1,12,1,0,14,7,22,7,0,36,0,0,0,36
04/23/2021,LBE,PA,AEA,CE,Federal Contract Tower,8,6,8,0,22,0,0,38,0,38,8,6,46,0,60,36,0,36,96
04/24/2021,LBE,PA,AEA,CE,Federal Contract Tower,5,6,5,0,16,0,0,45,0,45,5,6,50,0,61,64,0,64,125
04/25/2021,LBE,PA,AEA,CE,Federal Contract Tower,5,8,5,0,18,0,0,13,0,13,5,8,18,0,31,0,0,0,31
04/26/2021,LBE,PA,AEA,CE,Federal Contract Tower,7,5,19,6,37,0,3,63,0,66,7,8,82,6,103,90,0,90,193
04/27/2021,LBE,PA,AEA,CE,Federal Contract Tower,7,6,10,4,27,0,3,41,0,44,7,9,51,4,71,16,0,16,87
04/28/2021,LBE,PA,AEA,CE,Federal Contract Tower,6,17,9,4,36,0,0,13,0,13,6,17,22,4,49,6,0,6,55
04/29/2021,LBE,PA,AEA,CE,Federal Contract Tower,6,10,3,0,19,0,0,0,0,0,6,10,3,0,19,0,0,0,19
04/30/2021,LBE,PA,AEA,CE,Federal Contract Tower,8,11,4,0,23,0,2,2,0,4,8,13,6,0,27,0,0,0,27
05/01/2021,LBE,PA,AEA,CE,Federal Contract Tower,6,7,10,0,23,0,9,77,0,86,6,16,87,0,109,118,0,118,227
05/02/2021,LBE,PA,AEA,CE,Federal Contract Tower,6,15,7,0,28,0,2,23,0,25,6,17,30,0,53,18,0,18,71
05/03/2021,LBE,PA,AEA,CE,Federal Contract Tower,6,4,15,0,25,0,0,12,0,12,6,4,27,0,37,36,0,36,73
05/04/2021,LBE,PA,AEA,CE,Federal Contract Tower,5,5,1,0,11,0,0,14,0,14,5,5,15,0,25,42,0,42,67
05/05/2021,LBE,PA,AEA,CE,Federal Contract Tower,9,9,12,0,30,0,0,4,0,4,9,9,16,0,34,0,0,0,34
05/06/2021,LBE,PA,AEA,CE,Federal Contract Tower,9,2,17,2,30,0,10,52,8,70,9,12,69,10,100,156,6,162,262
05/07/2021,LBE,PA,AEA,CE,Federal Contract Tower,8,7,9,0,24,0,0,14,0,14,8,7,23,0,38,2,0,2,40
05/08/2021,LBE,PA,AEA,CE,Federal Contract Tower,8,12,10,0,30,0,2,9,0,11,8,14,19,0,41,0,0,0,41
05/09/2021,LBE,PA,AEA,CE,Federal Contract Tower,8,5,4,0,17,0,0,1,0,1,8,5,5,0,18,0,0,0,18
05/10/2021,LBE,PA,AEA,CE,Federal Contract Tower,8,4,9,0,21,0,1,37,0,38,8,5,46,0,59,70,0,70,129
05/11/2021,LBE,PA,AEA,CE,Federal Contract Tower,8,0,13,0,21,0,3,31,0,34,8,3,44,0,55,72,0,72,127
05/12/2021,LBE,PA,AEA,CE,Federal Contract Tower,10,13,18,2,43,0,1,70,0,71,10,14,88,2,114,108,0,108,222
05/13/2021,LBE,PA,AEA,CE,Federal Contract Tower,8,12,19,0,39,0,0,82,2,84,8,12,101,2,123,54,0,54,177
05/14/2021,LBE,PA,AEA,CE,Federal Contract Tower,8,3,13,0,24,0,3,56,0,59,8,6,69,0,83,50,0,50,133
05/15/2021,LBE,PA,AEA,CE,Federal Contract Tower,8,5,8,0,21,0,1,60,0,61,8,6,68,0,82,30,0,30,112
05/16/2021,LBE,PA,AEA,CE,Federal Contract Tower,9,11,9,0,29,0,1,51,0,52,9,12,60,0,81,10,0,10,91
05/17/2021,LBE,PA,AEA,CE,Federal Contract Tower,8,4,18,8,38,0,4,69,0,73,8,8,87,8,111,36,0,36,147
05/18/2021,LBE,PA,AEA,CE,Federal Contract Tower,8,3,4,1,16,0,2,57,4,63,8,5,61,5,79,26,0,26,105
05/19/2021,LBE,PA,AEA,CE,Federal Contract Tower,8,4,20,2,34,0,2,59,0,61,8,6,79,2,95,86,0,86,181
05/20/2021,LBE,PA,AEA,CE,Federal Contract Tower,8,15,16,0,39,0,0,51,3,54,8,15,67,3,93,30,0,30,123
05/21/2021,LBE,PA,AEA,CE,Federal Contract Tower,8,8,8,0,24,0,0,45,0,45,8,8,53,0,69,38,0,38,107
05/22/2021,LBE,PA,AEA,CE,Federal Contract Tower,8,7,8,0,23,0,0,51,0,51,8,7,59,0,74,16,0,16,90
05/23/2021,LBE,PA,AEA,CE,Federal Contract Tower,8,19,7,0,34,0,2,24,0,26,8,21,31,0,60,6,0,6,66
05/24/2021,LBE,PA,AEA,CE,Federal Contract Tower,8,2,6,0,16,0,2,7,0,9,8,4,13,0,25,0,0,0,25
05/25/2021,LBE,PA,AEA,CE,Federal Contract Tower,8,12,16,2,38,0,0,40,2,42,8,12,56,4,80,28,4,32,112
05/26/2021,LBE,PA,AEA,CE,Federal Contract Tower,8,24,9,1,42,0,2,3,0,5,8,26,12,1,47,0,0,0,47
05/27/2021,LBE,PA,AEA,CE,Federal Contract Tower,8,9,16,10,43,0,0,21,0,21,8,9,37,10,64,0,0,0,64
05/28/2021,LBE,PA,AEA,CE,Federal Contract Tower,8,10,5,16,39,0,0,5,0,5,8,10,10,16,44,0,0,0,44
05/29/2021,LBE,PA,AEA,CE,Federal Contract Tower,9,2,1,3,15,0,1,1,0,2,9,3,2,3,17,0,0,0,17
05/30/2021,LBE,PA,AEA,CE,Federal Contract Tower,8,0,7,8,23,0,0,1,0,1,8,0,8,8,24,0,0,0,24
05/31/2021,LBE,PA,AEA,CE,Federal Contract Tower,8,10,6,0,24,0,2,75,0,77,8,12,81,0,101,60,0,60,161
06/01/2021,LBE,PA,AEA,CE,Federal Contract Tower,8,12,16,2,38,0,0,58,0,58,8,12,74,2,96,54,0,54,150
06/02/2021,LBE,PA,AEA,CE,Federal Contract Tower,8,2,5,4,19,0,1,14,1,16,8,3,19,5,35,20,0,20,55
06/03/2021,LBE,PA,AEA,CE,Federal Contract Tower,9,16,6,2,33,0,0,1,2,3,9,16,7,4,36,0,0,0,36
06/04/2021,LBE,PA,AEA,CE,Federal Contract Tower,8,12,12,1,33,0,0,33,1,34,8,12,45,2,67,64,0,64,131
06/05/2021,LBE,PA,AEA,CE,Federal Contract Tower,8,1,3,0,12,0,0,38,0,38,8,1,41,0,50,46,0,46,96
06/06/2021,LBE,PA,AEA,CE,Federal Contract Tower,8,18,11,0,37,0,0,79,0,79,8,18,90,0,116,100,0,100,216
06/07/2021,LBE,PA,AEA,CE,Federal Contract Tower,8,3,8,0,19,0,1,24,0,25,8,4,32,0,44,28,0,28,72
06/08/2021,LBE,PA,AEA,CE,Federal Contract Tower,8,11,13,6,38,0,2,27,4,33,8,13,40,10,71,12,10,22,93
06/09/2021,LBE,PA,AEA,CE,Federal Contract Tower,7,15,9,6,37,0,1,7,0,8,7,16,16,6,45,10,0,10,55
06/10/2021,LBE,PA,AEA,CE,Federal Contract Tower,9,20,7,0,36,0,0,0,0,0,9,20,7,0,36,6,0,6,42
06/11/2021,LBE,PA,AEA,CE,Federal Contract Tower,8,17,6,0,31,0,2,5,0,7,8,19,11,0,38,6,0,6,44
06/12/2021,LBE,PA,AEA,CE,Federal Contract Tower,8,11,14,0,33,0,1,32,1,34,8,12,46,1,67,32,6,38,105
06/14/2021,LBE,PA,AEA,CE,Federal Contract Tower,8,10,10,0,28,0,1,48,0,49,8,11,58,0,77,54,0,54,131
06/15/2021,LBE,PA,AEA,CE,Federal Contract Tower,8,13,12,3,36,0,6,36,0,42,8,19,48,3,78,90,0,90,168
06/16/2021,LBE,PA,AEA,CE,Federal Contract Tower,8,6,22,0,36,0,10,64,0,74,8,16,86,0,110,42,0,42,152
06/17/2021,LBE,PA,AEA,CE,Federal Contract Tower,8,13,15,0,36,0,65,2,0,67,8,78,17,0,103,90,2,92,195
06/18/2021,LBE,PA,AEA,CE,Federal Contract Tower,8,11,13,0,32,0,0,22,0,22,8,11,35,0,54,30,0,30,84
06/19/2021,LBE,PA,AEA,CE,Federal Contract Tower,8,4,3,2,17,0,0,6,0,6,8,4,9,2,23,26,0,26,49
06/20/2021,LBE,PA,AEA,CE,Federal Contract Tower,8,4,10,0,22,0,6,29,0,35,8,10,39,0,57,38,0,38,95
06/21/2021,LBE,PA,AEA,CE,Federal Contract Tower,8,10,16,0,34,0,1,22,0,23,8,11,38,0,57,0,0,0,57
06/22/2021,LBE,PA,AEA,CE,Federal Contract Tower,8,7,13,4,32,0,0,39,6,45,8,7,52,10,77,58,0,58,135
06/23/2021,LBE,PA,AEA,CE,Federal Contract Tower,8,9,11,0,28,0,1,75,0,76,8,10,86,0,104,38,0,38,142
06/24/2021,LBE,PA,AEA,CE,Federal Contract Tower,8,13,20,0,41,0,0,96,0,96,8,13,116,0,137,20,0,20,157
06/25/2021,LBE,PA,AEA,CE,Federal Contract Tower,8,11,13,0,32,0,0,53,0,53,8,11,66,0,85,50,0,50,135
06/26/2021,LBE,PA,AEA,CE,Federal Contract Tower,8,14,20,0,42,0,5,33,0,38,8,19,53,0,80,0,0,0,80
06/27/2021,LBE,PA,AEA,CE,Federal Contract Tower,8,9,17,0,34,0,1,63,0,64,8,10,80,0,98,58,0,58,156
06/28/2021,LBE,PA,AEA,CE,Federal Contract Tower,8,18,9,2,37,0,3,52,0,55,8,21,61,2,92,56,0,56,148
06/29/2021,LBE,PA,AEA,CE,Federal Contract Tower,8,14,7,0,29,0,3,53,3,59,8,17,60,3,88,50,0,50,138
06/30/2021,LBE,PA,AEA,CE,Federal Contract Tower,7,16,14,0,37,0,3,39,0,42,7,19,53,0,79,16,0,16,95
07/01/2021,LBE,PA,AEA,CE,Federal Contract Tower,8,16,8,0,32,0,0,0,0,0,8,16,8,0,32,0,0,0,32
07/02/2021,LBE,PA,AEA,CE,Federal Contract Tower,10,8,12,0,30,0,5,15,0,20,10,13,27,0,50,24,0,24,74
07/03/2021,LBE,PA,AEA,CE,Federal Contract Tower,10,14,8,0,32,0,1,30,0,31,10,15,38,0,63,10,0,10,73
07/04/2021,LBE,PA,AEA,CE,Federal Contract Tower,8,5,7,0,20,0,0,43,0,43,8,5,50,0,63,20,0,20,83
07/05/2021,LBE,PA,AEA,CE,Federal Contract Tower,10,19,11,0,40,0,0,46,0,46,10,19,57,0,86,34,0,34,120
07/06/2021,LBE,PA,AEA,CE,Federal Contract Tower,7,9,8,1,25,0,2,62,2,66,7,11,70,3,91,40,0,40,131
07/07/2021,LBE,PA,AEA,CE,Federal Contract Tower,7,8,8,0,23,0,0,21,0,21,7,8,29,0,44,4,0,4,48
07/08/2021,LBE,PA,AEA,CE,Federal Contract Tower,8,8,2,0,18,0,0,4,0,4,8,8,6,0,22,0,0,0,22
07/09/2021,LBE,PA,AEA,CE,Federal Contract Tower,8,6,7,0,21,0,5,7,0,12,8,11,14,0,33,12,0,12,45
07/10/2021,LBE,PA,AEA,CE,Federal Contract Tower,8,8,16,0,32,0,0,64,0,64,8,8,80,0,96,48,0,48,144
07/11/2021,LBE,PA,AEA,CE,Federal Contract Tower,10,7,7,0,24,0,1,26,0,27,10,8,33,0,51,0,0,0,51
07/12/2021,LBE,PA,AEA,CE,Federal Contract Tower,8,9,20,2,39,0,0,35,0,35,8,9,55,2,74,38,0,38,112
07/13/2021,LBE,PA,AEA,CE,Federal Contract Tower,8,20,15,0,43,0,6,38,0,44,8,26,53,0,87,84,0,84,171
07/14/2021,LBE,PA,AEA,CE,Federal Contract Tower,8,12,17,0,37,0,1,37,2,40,8,13,54,2,77,74,0,74,151
07/15/2021,LBE,PA,AEA,CE,Federal Contract Tower,9,19,15,0,43,0,0,60,0,60,9,19,75,0,103,104,0,104,207
07/16/2021,LBE,PA,AEA,CE,Federal Contract Tower,8,25,9,5,47,0,0,36,0,36,8,25,45,5,83,46,0,46,129
07/17/2021,LBE,PA,AEA,CE,Federal Contract Tower,8,9,10,0,27,0,0,3,0,3,8,9,13,0,30,0,0,0,30
07/18/2021,LBE,PA,AEA,CE,Federal Contract Tower,8,25,8,0,41,0,0,27,0,27,8,25,35,0,68,20,0,20,88
07/19/2021,LBE,PA,AEA,CE,Federal Contract Tower,8,12,17,2,39,0,0,77,1,78,8,12,94,3,117,106,2,108,225
07/20/2021,LBE,PA,AEA,CE,Federal Contract Tower,9,14,19,0,42,0,2,71,9,82,9,16,90,9,124,86,0,86,210
07/21/2021,LBE,PA,AEA,CE,Federal Contract Tower,8,16,15,0,39,0,1,64,0,65,8,17,79,0,104,46,0,46,150
07/22/2021,LBE,PA,AEA,CE,Federal Contract Tower,10,13,26,1,50,0,0,63,1,64,10,13,89,2,114,112,0,112,226
07/23/2021,LBE,PA,AEA,CE,Federal Contract Tower,8,22,21,0,51,0,5,90,0,95,8,27,111,0,146,74,0,74,220
07/24/2021,LBE,PA,AEA,CE,Federal Contract Tower,8,7,10,0,25,0,2,63,0,65,8,9,73,0,90,42,0,42,132
07/25/2021,LBE,PA,AEA,CE,Federal Contract Tower,6,11,12,0,29,0,1,12,0,13,6,12,24,0,42,50,0,50,92
07/26/2021,LBE,PA,AEA,CE,Federal Contract Tower,10,18,10,0,38,0,3,55,0,58,10,21,65,0,96,110,0,110,206
07/27/2021,LBE,PA,AEA,CE,Federal Contract Tower,6,21,12,6,45,0,2,111,0,113,6,23,123,6,158,106,0,106,264
07/28/2021,LBE,PA,AEA,CE,Federal Contract Tower,8,24,10,0,42,0,2,47,0,49,8,26,57,0,91,36,0,36,127
07/29/2021,LBE,PA,AEA,CE,Federal Contract Tower,8,14,14,2,38,0,3,15,2,20,8,17,29,4,58,22,0,22,80
07/30/2021,LBE,PA,AEA,CE,Federal Contract Tower,10,20,16,0,46,0,2,29,0,31,10,22,45,0,77,14,0,14,91
07/31/2021,LBE,PA,AEA,CE,Federal Contract Tower,6,9,12,0,27,0,2,48,0,50,6,11,60,0,77,46,0,46,123
08/01/2021,LBE,PA,AEA,CE,Federal Contract Tower,2,12,17,0,31,0,0,12,0,12,2,12,29,0,43,0,0,0,43
08/02/2021,LBE,PA,AEA,CE,Federal Contract Tower,2,13,9,5,29,0,8,44,2,54,2,21,53,7,83,2,8,10,93
08/03/2021,LBE,PA,AEA,CE,Federal Contract Tower,0,8,9,2,19,0,2,48,0,50,0,10,57,2,69,44,0,44,113
08/04/2021,LBE,PA,AEA,CE,Federal Contract Tower,2,9,11,0,22,0,4,22,0,26,2,13,33,0,48,48,0,48,96
08/05/2021,LBE,PA,AEA,CE,Federal Contract Tower,4,19,14,6,43,0,1,62,6,69,4,20,76,12,112,54,12,66,178
08/06/2021,LBE,PA,AEA,CE,Federal Contract Tower,2,19,20,0,41,0,5,51,0,56,2,24,71,0,97,86,0,86,183
08/07/2021,LBE,PA,AEA,CE,Federal Contract Tower,5,9,10,0,24,0,0,27,0,27,5,9,37,0,51,36,0,36,87
08/08/2021,LBE,PA,AEA,CE,Federal Contract Tower,6,12,15,0,33,0,0,46,0,46,6,12,61,0,79,58,0,58,137
08/09/2021,LBE,PA,AEA,CE,Federal Contract Tower,8,15,12,2,37,0,0,58,0,58,8,15,70,2,95,46,0,46,141
08/10/2021,LBE,PA,AEA,CE,Federal Contract Tower,8,13,17,2,40,0,0,16,4,20,8,13,33,6,60,2,4,6,66
08/11/2021,LBE,PA,AEA,CE,Federal Contract Tower,8,7,13,0,28,0,1,16,0,17,8,8,29,0,45,28,0,28,73
08/12/2021,LBE,PA,AEA,CE,Federal Contract Tower,7,21,18,3,49,0,0,44,0,44,7,21,62,3,93,24,4,28,121
08/13/2021,LBE,PA,AEA,CE,Federal Contract Tower,8,13,12,0,33,0,0,52,0,52,8,13,64,0,85,52,0,52,137
08/14/2021,LBE,PA,AEA,CE,Federal Contract Tower,8,12,14,0,34,0,1,41,4,46,8,13,55,4,80,36,0,36,116
08/15/2021,LBE,PA,AEA,CE,Federal Contract Tower,6,21,15,0,42,0,0,54,0,54,6,21,69,0,96,58,0,58,154
08/16/2021,LBE,PA,AEA,CE,Federal Contract Tower,7,12,9,0,28,0,0,23,0,23,7,12,32,0,51,42,0,42,93
08/17/2021,LBE,PA,AEA,CE,Federal Contract Tower,10,11,12,0,33,0,4,43,0,47,10,15,55,0,80,30,0,30,110
08/18/2021,LBE,PA,AEA,CE,Federal Contract Tower,4,11,10,0,25,0,0,0,0,0,4,11,10,0,25,0,0,0,25
08/19/2021,LBE,PA,AEA,CE,Federal Contract Tower,6,10,8,0,24,0,3,7,0,10,6,13,15,0,34,16,0,16,50
08/20/2021,LBE,PA,AEA,CE,Federal Contract Tower,4,18,14,3,39,0,3,62,0,65,4,21,76,3,104,96,0,96,200
08/21/2021,LBE,PA,AEA,CE,Federal Contract Tower,4,8,6,0,18,0,9,56,0,65,4,17,62,0,83,70,0,70,153
08/22/2021,LBE,PA,AEA,CE,Federal Contract Tower,6,17,9,2,34,0,0,69,0,69,6,17,78,2,103,26,0,26,129
08/23/2021,LBE,PA,AEA,CE,Federal Contract Tower,4,4,12,0,20,0,4,42,0,46,4,8,54,0,66,50,0,50,116
08/24/2021,LBE,PA,AEA,CE,Federal Contract Tower,6,7,11,8,32,0,0,83,0,83,6,7,94,8,115,56,0,56,171
08/25/2021,LBE,PA,AEA,CE,Federal Contract Tower,4,17,13,2,36,0,1,65,2,68,4,18,78,4,104,66,0,66,170
08/26/2021,LBE,PA,AEA,CE,Federal Contract Tower,4,13,7,4,28,0,0,76,0,76,4,13,83,4,104,136,0,136,240
08/27/2021,LBE,PA,AEA,CE,Federal Contract Tower,4,18,17,0,39,0,7,39,0,46,4,25,56,0,85,16,0,16,101
08/28/2021,LBE,PA,AEA,CE,Federal Contract Tower,4,9,8,0,21,0,1,47,0,48,4,10,55,0,69,70,0,70,139
08/29/2021,LBE,PA,AEA,CE,Federal Contract Tower,6,15,11,0,32,0,0,35,0,35,6,15,46,0,67,38,0,38,105
08/30/2021,LBE,PA,AEA,CE,Federal Contract Tower,4,10,8,0,22,0,0,15,0,15,4,10,23,0,37,4,0,4,41
08/31/2021,LBE,PA,AEA,CE,Federal Contract Tower,6,7,11,0,24,0,0,4,0,4,6,7,15,0,28,0,0,0,28
09/01/2021,LBE,PA,AEA,CE,Federal Contract Tower,2,13,5,0,20,0,0,3,0,3,2,13,8,0,23,22,0,22,45
09/02/2021,LBE,PA,AEA,CE,Federal Contract Tower,6,22,15,4,47,0,1,87,0,88,6,23,102,4,135,70,0,70,205
09/03/2021,LBE,PA,AEA,CE,Federal Contract Tower,6,21,16,4,47,0,6,101,0,107,6,27,117,4,154,134,0,134,288
09/04/2021,LBE,PA,AEA,CE,Federal Contract Tower,4,1,19,0,24,0,0,73,0,73,4,1,92,0,97,26,0,26,123
09/05/2021,LBE,PA,AEA,CE,Federal Contract Tower,6,18,17,0,41,0,4,0,0,4,6,22,17,0,45,0,0,0,45
09/06/2021,LBE,PA,AEA,CE,Federal Contract Tower,4,22,8,0,34,0,0,72,0,72,4,22,80,0,106,0,0,0,106
09/07/2021,LBE,PA,AEA,CE,Federal Contract Tower,7,16,17,2,42,0,4,97,2,103,7,20,114,4,145,54,0,54,199
09/08/2021,LBE,PA,AEA,CE,Federal Contract Tower,4,14,19,2,39,0,1,17,3,21,4,15,36,5,60,6,0,6,66
09/09/2021,LBE,PA,AEA,CE,Federal Contract Tower,7,19,8,0,34,0,1,6,0,7,7,20,14,0,41,0,0,0,41
09/10/2021,LBE,PA,AEA,CE,Federal Contract Tower,4,20,15,0,39,0,2,32,0,34,4,22,47,0,73,4,0,4,77
09/11/2021,LBE,PA,AEA,CE,Federal Contract Tower,6,11,11,0,28,0,0,0,0,0,6,11,11,0,28,64,0,64,92
09/12/2021,LBE,PA,AEA,CE,Federal Contract Tower,6,19,6,2,33,0,1,20,0,21,6,20,26,2,54,0,0,0,54
09/13/2021,LBE,PA,AEA,CE,Federal Contract Tower,6,22,9,3,40,0,0,60,1,61,6,22,69,4,101,42,0,42,143
09/14/2021,LBE,PA,AEA,CE,Federal Contract Tower,4,12,16,0,32,0,5,92,2,99,4,17,108,2,131,62,0,62,193
09/15/2021,LBE,PA,AEA,CE,Federal Contract Tower,4,11,13,0,28,0,2,8,4,14,4,13,21,4,42,0,0,0,42
09/16/2021,LBE,PA,AEA,CE,Federal Contract Tower,6,32,7,1,46,0,1,54,1,56,6,33,61,2,102,52,0,52,154
09/17/2021,LBE,PA,AEA,CE,Federal Contract Tower,6,20,19,4,49,0,5,50,10,65,6,25,69,14,114,6,8,14,128
09/18/2021,LBE,PA,AEA,CE,Federal Contract Tower,6,4,8,0,18,0,1,68,6,75,6,5,76,6,93,90,6,96,189
09/19/2021,LBE,PA,AEA,CE,Federal Contract Tower,6,26,14,0,46,0,4,86,5,95,6,30,100,5,141,30,0,30,171
09/20/2021,LBE,PA,AEA,CE,Federal Contract Tower,6,24,14,4,48,0,4,62,0,66,6,28,76,4,114,22,0,22,136
09/21/2021,LBE,PA,AEA,CE,Federal Contract Tower,4,15,8,4,31,0,8,39,0,47,4,23,47,4,78,12,0,12,90
09/22/2021,LBE,PA,AEA,CE,Federal Contract Tower,4,17,3,4,28,0,2,5,0,7,4,19,8,4,35,2,0,2,37
09/23/2021,LBE,PA,AEA,CE,Federal Contract Tower,6,12,9,0,27,0,0,1,0,1,6,12,10,0,28,0,0,0,28
09/24/2021,LBE,PA,AEA,CE,Federal Contract Tower,4,22,12,4,42,0,4,61,4,69,4,26,73,8,111,32,0,32,143
09/25/2021,LBE,PA,AEA,CE,Federal Contract Tower,6,10,21,0,37,0,2,61,0,63,6,12,82,0,100,62,0,62,162
09/26/2021,LBE,PA,AEA,CE,Federal Contract Tower,6,19,8,0,33,0,2,76,0,78,6,21,84,0,111,46,0,46,157
09/27/2021,LBE,PA,AEA,CE,Federal Contract Tower,6,17,8,0,31,0,1,15,0,16,6,18,23,0,47,0,0,0,47
09/28/2021,LBE,PA,AEA,CE,Federal Contract Tower,4,11,19,0,34,0,4,15,0,19,4,15,34,0,53,26,0,26,79
09/29/2021,LBE,PA,AEA,CE,Federal Contract Tower,4,11,12,1,28,0,5,97,5,107,4,16,109,6,135,106,8,114,249
09/30/2021,LBE,PA,AEA,CE,Federal Contract Tower,6,12,21,0,39,0,2,72,0,74,6,14,93,0,113,72,0,72,185
10/01/2021,LBE,PA,AEA,CE,Federal Contract Tower,6,16,12,0,34,0,1,52,0,53,6,17,64,0,87,24,0,24,111
10/02/2021,LBE,PA,AEA,CE,Federal Contract Tower,6,8,7,0,21,0,0,38,0,38,6,8,45,0,59,6,0,6,65
10/03/2021,LBE,PA,AEA,CE,Federal Contract Tower,4,15,23,0,42,0,0,9,0,9,4,15,32,0,51,0,0,0,51
10/04/2021,LBE,PA,AEA,CE,Federal Contract Tower,6,7,7,0,20,0,0,25,0,25,6,7,32,0,45,26,0,26,71
10/05/2021,LBE,PA,AEA,CE,Federal Contract Tower,4,11,15,0,30,0,2,68,0,70,4,13,83,0,100,82,0,82,182
10/06/2021,LBE,PA,AEA,CE,Federal Contract Tower,4,15,20,6,45,0,2,61,4,67,4,17,81,10,112,46,4,50,162
10/07/2021,LBE,PA,AEA,CE,Federal Contract Tower,6,20,18,0,44,0,1,43,0,44,6,21,61,0,88,60,0,60,148
10/08/2021,LBE,PA,AEA,CE,Federal Contract Tower,8,20,22,0,50,0,3,68,0,71,8,23,90,0,121,2,0,2,123
10/09/2021,LBE,PA,AEA,CE,Federal Contract Tower,2,11,6,0,19,0,0,10,0,10,2,11,16,0,29,0,0,0,29
10/10/2021,LBE,PA,AEA,CE,Federal Contract Tower,6,20,11,0,37,0,0,72,0,72,6,20,83,0,109,26,0,26,135
10/11/2021,LBE,PA,AEA,CE,Federal Contract Tower,8,15,12,0,35,0,0,55,0,55,8,15,67,0,90,10,0,10,100
10/12/2021,LBE,PA,AEA,CE,Federal Contract Tower,4,11,10,2,27,0,0,50,2,52,4,11,60,4,79,38,0,38,117
10/13/2021,LBE,PA,AEA,CE,Federal Contract Tower,4,9,25,0,38,0,3,47,0,50,4,12,72,0,88,26,0,26,114
10/14/2021,LBE,PA,AEA,CE,Federal Contract Tower,6,12,22,6,46,0,66,3,0,69,6,78,25,6,115,104,4,108,223
10/15/2021,LBE,PA,AEA,CE,Federal Contract Tower,6,16,17,2,41,0,1,36,1,38,6,17,53,3,79,10,0,10,89
10/16/2021,LBE,PA,AEA,CE,Federal Contract Tower,4,13,1,0,18,0,0,3,0,3,4,13,4,0,21,0,0,0,21
10/17/2021,LBE,PA,AEA,CE,Federal Contract Tower,6,10,18,0,34,0,0,24,0,24,6,10,42,0,58,14,0,14,72
10/18/2021,LBE,PA,AEA,CE,Federal Contract Tower,6,22,10,1,39,0,1,29,2,32,6,23,39,3,71,8,0,8,79
10/19/2021,LBE,PA,AEA,CE,Federal Contract Tower,4,19,22,2,47,0,9,86,6,101,4,28,108,8,148,52,0,52,200
10/20/2021,LBE,PA,AEA,CE,Federal Contract Tower,4,15,7,2,28,0,1,81,6,88,4,16,88,8,116,88,8,96,212
10/21/2021,LBE,PA,AEA,CE,Federal Contract Tower,6,15,13,0,34,0,2,23,2,27,6,17,36,2,61,26,2,28,89
10/22/2021,LBE,PA,AEA,CE,Federal Contract Tower,6,16,2,0,24,0,0,0,0,0,6,16,2,0,24,0,0,0,24
10/23/2021,LBE,PA,AEA,CE,Federal Contract Tower,4,9,7,0,20,0,2,0,0,2,4,11,7,0,22,0,0,0,22
10/24/2021,LBE,PA,AEA,CE,Federal Contract Tower,6,14,18,0,38,0,4,33,0,37,6,18,51,0,75,28,0,28,103
10/25/2021,LBE,PA,AEA,CE,Federal Contract Tower,6,20,8,0,34,0,1,17,2,20,6,21,25,2,54,12,0,12,66
10/26/2021,LBE,PA,AEA,CE,Federal Contract Tower,4,18,8,0,30,0,0,3,0,3,4,18,11,0,33,0,0,0,33
10/27/2021,LBE,PA,AEA,CE,Federal Contract Tower,4,12,9,2,27,0,4,0,0,4,4,16,9,2,31,0,0,0,31
10/28/2021,LBE,PA,AEA,CE,Federal Contract Tower,6,13,18,0,37,0,4,67,0,71,6,17,85,0,108,34,0,34,142
10/29/2021,LBE,PA,AEA,CE,Federal Contract Tower,6,19,9,0,34,0,2,2,0,4,6,21,11,0,38,6,0,6,44
10/30/2021,LBE,PA,AEA,CE,Federal Contract Tower,4,6,9,0,19,0,0,14,0,14,4,6,23,0,33,10,0,10,43
10/31/2021,LBE,PA,AEA,CE,Federal Contract Tower,6,13,16,0,35,0,2,0,0,2,6,15,16,0,37,0,0,0,37
11/01/2021,LBE,PA,AEA,CE,Federal Contract Tower,6,13,5,2,26,0,1,78,2,81,6,14,83,4,107,72,6,78,185
11/02/2021,LBE,PA,AEA,CE,Federal Contract Tower,4,17,9,0,30,0,0,65,1,66,4,17,74,1,96,70,0,70,166
11/03/2021,LBE,PA,AEA,CE,Federal Contract Tower,4,17,10,0,31,0,5,61,0,66,4,22,71,0,97,84,0,84,181
11/04/2021,LBE,PA,AEA,CE,Federal Contract Tower,10,23,9,2,44,0,1,52,2,55,10,24,61,4,99,46,0,46,145
11/05/2021,LBE,PA,AEA,CE,Federal Contract Tower,6,13,18,0,37,0,0,64,3,67,6,13,82,3,104,46,2,48,152
11/06/2021,LBE,PA,AEA,CE,Federal Contract Tower,4,14,8,0,26,0,0,51,0,51,4,14,59,0,77,62,0,62,139
11/07/2021,LBE,PA,AEA,CE,Federal Contract Tower,6,18,14,0,38,0,0,82,0,82,6,18,96,0,120,66,0,66,186
11/08/2021,LBE,PA,AEA,CE,Federal Contract Tower,6,16,9,2,33,0,3,50,2,55,6,19,59,4,88,44,0,44,132
11/09/2021,LBE,PA,AEA,CE,Federal Contract Tower,4,18,15,0,37,0,2,73,2,77,4,20,88,2,114,42,0,42,156
11/10/2021,LBE,PA,AEA,CE,Federal Contract Tower,4,14,11,0,29,0,0,84,3,87,4,14,95,3,116,108,0,108,224
11/11/2021,LBE,PA,AEA,CE,Federal Contract Tower,8,12,17,0,37,0,0,19,0,19,8,12,36,0,56,0,0,0,56
11/12/2021,LBE,PA,AEA,CE,Federal Contract Tower,6,19,9,0,34,0,0,43,0,43,6,19,52,0,77,40,0,40,117
11/13/2021,LBE,PA,AEA,CE,Federal Contract Tower,4,3,6,0,13,0,0,0,0,0,4,3,6,0,13,0,0,0,13
11/14/2021,LBE,PA,AEA,CE,Federal Contract Tower,7,17,9,0,33,0,0,2,0,2,7,17,11,0,35,8,0,8,43
11/15/2021,LBE,PA,AEA,CE,Federal Contract Tower,6,18,7,0,31,0,10,0,0,10,6,28,7,0,41,0,0,0,41
11/16/2021,LBE,PA,AEA,CE,Federal Contract Tower,3,14,13,0,30,0,4,67,6,77,3,18,80,6,107,62,4,66,173
11/17/2021,LBE,PA,AEA,CE,Federal Contract Tower,6,15,12,0,33,0,2,22,2,26,6,17,34,2,59,20,0,20,79
11/18/2021,LBE,PA,AEA,CE,Federal Contract Tower,7,21,13,0,41,0,0,2,0,2,7,21,15,0,43,0,0,0,43
11/20/2021,LBE,PA,AEA,CE,Federal Contract Tower,5,14,7,0,26,0,5,39,2,46,5,19,46,2,72,90,0,90,162
11/21/2021,LBE,PA,AEA,CE,Federal Contract Tower,5,12,9,0,26,0,0,14,0,14,5,12,23,0,40,4,0,4,44
11/22/2021,LBE,PA,AEA,CE,Federal Contract Tower,6,11,4,0,21,0,16,10,0,26,6,27,14,0,47,17,0,17,64
11/23/2021,LBE,PA,AEA,CE,Federal Contract Tower,6,15,15,2,38,0,2,65,4,71,6,17,80,6,109,86,8,94,203
11/24/2021,LBE,PA,AEA,CE,Federal Contract Tower,7,19,9,0,35,0,2,89,0,91,7,21,98,0,126,122,0,122,248
11/25/2021,LBE,PA,AEA,CE,Federal Contract Tower,6,1,2,0,9,0,0,4,0,4,6,1,6,0,13,0,0,0,13
11/26/2021,LBE,PA,AEA,CE,Federal Contract Tower,5,3,12,0,20,0,0,0,0,0,5,3,12,0,20,0,0,0,20
11/27/2021,LBE,PA,AEA,CE,Federal Contract Tower,5,8,3,0,16,0,1,39,0,40,5,9,42,0,56,40,0,40,96
11/29/2021,LBE,PA,AEA,CE,Federal Contract Tower,5,11,7,0,23,0,0,17,0,17,5,11,24,0,40,0,0,0,40
11/30/2021,LBE,PA,AEA,CE,Federal Contract Tower,5,14,7,0,26,0,0,16,4,20,5,14,23,4,46,2,4,6,52
12/01/2021,LBE,PA,AEA,CE,Federal Contract Tower,4,9,10,0,23,0,0,40,0,40,4,9,50,0,63,54,54,108,171
12/02/2021,LBE,PA,AEA,CE,Federal Contract Tower,4,18,25,0,47,0,2,10,0,12,4,20,35,0,59,0,0,0,59
12/03/2021,LBE,PA,AEA,CE,Federal Contract Tower,8,15,3,4,30,0,2,26,0,28,8,17,29,4,58,42,0,42,100
12/04/2021,LBE,PA,AEA,CE,Federal Contract Tower,4,6,10,0,20,0,1,84,0,85,4,7,94,0,105,62,0,62,167
12/05/2021,LBE,PA,AEA,CE,Federal Contract Tower,5,16,7,0,28,0,2,29,0,31,5,18,36,0,59,4,0,4,63
12/06/2021,LBE,PA,AEA,CE,Federal Contract Tower,9,6,7,0,22,0,0,0,0,0,9,6,7,0,22,0,0,0,22
12/07/2021,LBE,PA,AEA,CE,Federal Contract Tower,2,16,10,2,30,0,2,55,12,69,2,18,65,14,99,78,2,80,179
12/08/2021,LBE,PA,AEA,CE,Federal Contract Tower,3,11,12,0,26,0,4,7,0,11,3,15,19,0,37,16,0,16,53
12/09/2021,LBE,PA,AEA,CE,Federal Contract Tower,4,13,11,0,28,0,0,52,1,53,4,13,63,1,81,72,0,72,153
12/10/2021,LBE,PA,AEA,CE,Federal Contract Tower,6,5,6,0,17,0,0,29,0,29,6,5,35,0,46,24,0,24,70
12/11/2021,LBE,PA,AEA,CE,Federal Contract Tower,4,7,5,0,16,0,0,4,0,4,4,7,9,0,20,0,0,0,20
12/12/2021,LBE,PA,AEA,CE,Federal Contract Tower,3,9,6,0,18,0,0,46,0,46,3,9,52,0,64,22,0,22,86
12/13/2021,LBE,PA,AEA,CE,Federal Contract Tower,6,15,13,4,38,0,1,51,2,54,6,16,64,6,92,44,6,50,142
12/14/2021,LBE,PA,AEA,CE,Federal Contract Tower,1,14,10,1,26,0,1,77,6,84,1,15,87,7,110,52,0,52,162
12/15/2021,LBE,PA,AEA,CE,Federal Contract Tower,4,10,5,0,19,0,2,28,0,30,4,12,33,0,49,12,0,12,61
12/16/2021,LBE,PA,AEA,CE,Federal Contract Tower,4,15,9,0,28,0,1,2,0,3,4,16,11,0,31,0,0,0,31
12/17/2021,LBE,PA,AEA,CE,Federal Contract Tower,6,13,8,0,27,0,8,82,1,91,6,21,90,1,118,52,0,52,170
12/18/2021,LBE,PA,AEA,CE,Federal Contract Tower,5,8,3,0,16,0,4,0,0,4,5,12,3,0,20,0,0,0,20
12/19/2021,LBE,PA,AEA,CE,Federal Contract Tower,3,13,3,0,19,0,2,17,0,19,3,15,20,0,38,28,0,28,66
12/20/2021,LBE,PA,AEA,CE,Federal Contract Tower,6,6,8,0,20,0,0,0,0,0,6,6,8,0,20,44,0,44,64
12/21/2021,LBE,PA,AEA,CE,Federal Contract Tower,3,10,10,0,23,0,2,109,0,111,3,12,119,0,134,128,0,128,262
12/22/2021,LBE,PA,AEA,CE,Federal Contract Tower,6,13,7,0,26,0,3,8,0,11,6,16,15,0,37,8,0,8,45
12/23/2021,LBE,PA,AEA,CE,Federal Contract Tower,6,17,7,0,30,0,2,63,0,65,6,19,70,0,95,84,0,84,179
12/24/2021,LBE,PA,AEA,CE,Federal Contract Tower,6,1,3,0,10,0,0,16,0,16,6,1,19,0,26,36,0,36,62
12/25/2021,LBE,PA,AEA,CE,Federal Contract Tower,6,3,1,0,10,0,0,0,0,0,6,3,1,0,10,0,0,0,10
12/26/2021,LBE,PA,AEA,CE,Federal Contract Tower,6,15,14,0,35,0,4,31,0,35,6,19,45,0,70,48,0,48,118
12/27/2021,LBE,PA,AEA,CE,Federal Contract Tower,5,29,0,0,34,0,0,0,0,0,5,29,0,0,34,0,0,0,34
12/28/2021,LBE,PA,AEA,CE,Federal Contract Tower,6,13,8,2,29,0,0,49,0,49,6,13,57,2,78,104,0,104,182
12/29/2021,LBE,PA,AEA,CE,Federal Contract Tower,6,10,11,0,27,0,1,0,0,1,6,11,11,0,28,0,0,0,28
12/30/2021,LBE,PA,AEA,CE,Federal Contract Tower,6,10,11,0,27,0,0,8,0,8,6,10,19,0,35,0,0,0,35
12/31/2021,LBE,PA,AEA,CE,Federal Contract Tower,7,3,8,0,18,0,0,12,0,12,7,3,20,0,30,44,0,44,74
01/01/2022,LBE,PA,AEA,CE,Federal Contract Tower,3,9,6,0,18,0,0,0,0,0,3,9,6,0,18,0,0,0,18
01/02/2022,LBE,PA,AEA,CE,Federal Contract Tower,5,25,5,0,35,0,0,0,0,0,5,25,5,0,35,0,0,0,35
01/03/2022,LBE,PA,AEA,CE,Federal Contract Tower,6,10,12,0,28,0,0,47,5,52,6,10,59,5,80,136,0,136,216
01/04/2022,LBE,PA,AEA,CE,Federal Contract Tower,5,17,3,0,25,0,1,70,5,76,5,18,73,5,101,46,0,46,147
01/05/2022,LBE,PA,AEA,CE,Federal Contract Tower,4,11,7,0,22,0,2,4,0,6,4,13,11,0,28,0,0,0,28
01/06/2022,LBE,PA,AEA,CE,Federal Contract Tower,3,14,2,0,19,0,0,15,0,15,3,14,17,0,34,14,0,14,48
01/07/2022,LBE,PA,AEA,CE,Federal Contract Tower,4,7,1,0,12,0,0,0,0,0,4,7,1,0,12,0,0,0,12
01/08/2022,LBE,PA,AEA,CE,Federal Contract Tower,6,5,11,0,22,0,0,42,0,42,6,5,53,0,64,62,0,62,126
01/09/2022,LBE,PA,AEA,CE,Federal Contract Tower,3,4,1,0,8,0,0,0,0,0,3,4,1,0,8,0,0,0,8
01/10/2022,LBE,PA,AEA,CE,Federal Contract Tower,7,10,1,0,18,0,0,4,0,4,7,10,5,0,22,0,0,0,22
01/11/2022,LBE,PA,AEA,CE,Federal Contract Tower,1,14,3,0,18,0,1,52,3,56,1,15,55,3,74,48,0,48,122
01/12/2022,LBE,PA,AEA,CE,Federal Contract Tower,5,11,10,0,26,0,0,17,0,17,5,11,27,0,43,6,0,6,49
01/13/2022,LBE,PA,AEA,CE,Federal Contract Tower,3,8,10,2,23,0,0,15,0,15,3,8,25,2,38,18,0,18,56
01/14/2022,LBE,PA,AEA,CE,Federal Contract Tower,6,5,1,0,12,0,0,9,0,9,6,5,10,0,21,24,0,24,45
01/15/2022,LBE,PA,AEA,CE,Federal Contract Tower,6,6,15,0,27,0,0,51,0,51,6,6,66,0,78,12,0,12,90
01/16/2022,LBE,PA,AEA,CE,Federal Contract Tower,3,6,2,0,11,0,0,6,0,6,3,6,8,0,17,0,0,0,17
01/17/2022,LBE,PA,AEA,CE,Federal Contract Tower,6,4,3,0,13,0,0,0,0,0,6,4,3,0,13,0,0,0,13
01/18/2022,LBE,PA,AEA,CE,Federal Contract Tower,1,11,5,2,19,0,2,3,0,5,1,13,8,2,24,8,0,8,32
01/19/2022,LBE,PA,AEA,CE,Federal Contract Tower,4,14,7,0,25,0,0,18,0,18,4,14,25,0,43,44,0,44,87
01/20/2022,LBE,PA,AEA,CE,Federal Contract Tower,3,9,2,0,14,0,0,9,0,9,3,9,11,0,23,16,0,16,39
01/21/2022,LBE,PA,AEA,CE,Federal Contract Tower,6,7,6,0,19,0,1,36,0,37,6,8,42,0,56,82,0,82,138
01/22/2022,LBE,PA,AEA,CE,Federal Contract Tower,6,4,4,0,14,0,0,37,2,39,6,4,41,2,53,52,0,52,105
01/23/2022,LBE,PA,AEA,CE,Federal Contract Tower,5,14,2,0,21,0,1,3,0,4,5,15,5,0,25,4,0,4,29
01/24/2022,LBE,PA,AEA,CE,Federal Contract Tower,9,4,0,0,13,0,0,1,0,1,9,4,1,0,14,0,0,0,14
01/25/2022,LBE,PA,AEA,CE,Federal Contract Tower,1,19,3,0,23,0,21,3,0,24,1,40,6,0,47,0,0,0,47
01/26/2022,LBE,PA,AEA,CE,Federal Contract Tower,4,15,7,2,28,0,35,30,0,65,4,50,37,2,93,58,0,58,151
01/27/2022,LBE,PA,AEA,CE,Federal Contract Tower,3,13,6,0,22,0,2,53,4,59,3,15,59,4,81,34,0,34,115
01/28/2022,LBE,PA,AEA,CE,Federal Contract Tower,7,4,1,0,12,0,0,0,0,0,7,4,1,0,12,0,0,0,12
01/29/2022,LBE,PA,AEA,CE,Federal Contract Tower,6,9,2,0,17,0,0,16,0,16,6,9,18,0,33,0,0,0,33
01/30/2022,LBE,PA,AEA,CE,Federal Contract Tower,3,10,2,0,15,0,0,8,0,8,3,10,10,0,23,2,0,2,25
01/31/2022,LBE,PA,AEA,CE,Federal Contract Tower,8,5,6,0,19,0,2,18,2,22,8,7,24,2,41,26,0,26,67
02/01/2022,LBE,PA,AEA,CE,Federal Contract Tower,1,6,3,7,17,0,4,35,2,41,1,10,38,9,58,0,4,4,62
02/02/2022,LBE,PA,AEA,CE,Federal Contract Tower,4,10,6,0,20,0,0,25,4,29,4,10,31,4,49,22,0,22,71
02/03/2022,LBE,PA,AEA,CE,Federal Contract Tower,1,4,2,0,7,0,0,0,0,0,1,4,2,0,7,0,0,0,7
02/04/2022,LBE,PA,AEA,CE,Federal Contract Tower,5,11,2,0,18,0,0,0,0,0,5,11,2,0,18,0,0,0,18
02/05/2022,LBE,PA,AEA,CE,Federal Contract Tower,5,5,3,2,15,0,0,9,0,9,5,5,12,2,24,6,0,6,30
02/06/2022,LBE,PA,AEA,CE,Federal Contract Tower,5,8,12,0,25,0,2,57,0,59,5,10,69,0,84,34,0,34,118
02/07/2022,LBE,PA,AEA,CE,Federal Contract Tower,6,17,5,2,30,0,0,31,4,35,6,17,36,6,65,40,6,46,111
02/08/2022,LBE,PA,AEA,CE,Federal Contract Tower,1,4,0,2,7,0,0,4,0,4,1,4,4,2,11,0,0,0,11
02/09/2022,LBE,PA,AEA,CE,Federal Contract Tower,4,6,7,4,21,0,2,20,2,24,4,8,27,6,45,10,0,10,55
02/10/2022,LBE,PA,AEA,CE,Federal Contract Tower,3,16,3,0,22,0,0,22,0,22,3,16,25,0,44,6,0,6,50
02/11/2022,LBE,PA,AEA,CE,Federal Contract Tower,5,10,8,0,23,0,0,16,0,16,5,10,24,0,39,0,0,0,39
02/12/2022,LBE,PA,AEA,CE,Federal Contract Tower,6,3,9,0,18,0,0,8,0,8,6,3,17,0,26,0,0,0,26
02/13/2022,LBE,PA,AEA,CE,Federal Contract Tower,3,8,2,0,13,0,1,16,0,17,3,9,18,0,30,54,0,54,84
02/14/2022,LBE,PA,AEA,CE,Federal Contract Tower,6,10,4,0,20,0,2,17,2,21,6,12,21,2,41,10,0,10,51
02/15/2022,LBE,PA,AEA,CE,Federal Contract Tower,1,5,13,0,19,0,0,59,2,61,1,5,72,2,80,38,0,38,118
02/16/2022,LBE,PA,AEA,CE,Federal Contract Tower,5,19,8,0,32,0,0,24,0,24,5,19,32,0,56,0,0,0,56
02/17/2022,LBE,PA,AEA,CE,Federal Contract Tower,3,10,1,0,14,0,0,0,0,0,3,10,1,0,14,0,0,0,14
02/18/2022,LBE,PA,AEA,CE,Federal Contract Tower,9,9,8,0,26,0,0,5,0,5,9,9,13,0,31,0,0,0,31
02/19/2022,LBE,PA,AEA,CE,Federal Contract Tower,7,4,2,0,13,0,1,2,0,3,7,5,4,0,16,0,0,0,16
02/20/2022,LBE,PA,AEA,CE,Federal Contract Tower,3,11,5,0,19,0,0,56,0,56,3,11,61,0,75,30,0,30,105
02/21/2022,LBE,PA,AEA,CE,Federal Contract Tower,9,11,8,0,28,0,0,61,0,61,9,11,69,0,89,72,0,72,161
02/22/2022,LBE,PA,AEA,CE,Federal Contract Tower,4,16,5,2,27,0,0,3,0,3,4,16,8,2,30,0,0,0,30
02/23/2022,LBE,PA,AEA,CE,Federal Contract Tower,0,0,0,0,0,0,0,0,0,0,0,0,0,0,0,0,0,0,0
02/24/2022,LBE,PA,AEA,CE,Federal Contract Tower,3,15,14,0,32,0,0,16,0,16,3,15,30,0,48,8,0,8,56
02/25/2022,LBE,PA,AEA,CE,Federal Contract Tower,8,11,14,0,33,0,0,2,0,2,8,11,16,0,35,6,0,6,41
02/26/2022,LBE,PA,AEA,CE,Federal Contract Tower,6,6,10,0,22,0,2,24,0,26,6,8,34,0,48,4,0,4,52
02/27/2022,LBE,PA,AEA,CE,Federal Contract Tower,3,4,7,0,14,0,0,14,0,14,3,4,21,0,28,4,0,4,32
02/28/2022,LBE,PA,AEA,CE,Federal Contract Tower,8,11,4,0,23,0,1,63,0,64,8,12,67,0,87,46,0,46,133
03/01/2022,LBE,PA,AEA,CE,Federal Contract Tower,3,12,7,0,22,0,0,34,2,36,3,12,41,2,58,58,8,66,124
03/02/2022,LBE,PA,AEA,CE,Federal Contract Tower,6,5,8,1,20,0,2,70,9,81,6,7,78,10,101,64,8,72,173
03/03/2022,LBE,PA,AEA,CE,Federal Contract Tower,3,9,9,2,23,0,2,21,0,23,3,11,30,2,46,4,0,4,50
03/04/2022,LBE,PA,AEA,CE,Federal Contract Tower,8,9,8,2,27,0,2,78,0,80,8,11,86,2,107,32,0,32,139
03/05/2022,LBE,PA,AEA,CE,Federal Contract Tower,6,5,7,0,18,0,0,55,0,55,6,5,62,0,73,76,0,76,149
03/06/2022,LBE,PA,AEA,CE,Federal Contract Tower,3,12,7,0,22,0,0,0,0,0,3,12,7,0,22,0,0,0,22
03/07/2022,LBE,PA,AEA,CE,Federal Contract Tower,8,6,4,0,18,0,0,4,0,4,8,6,8,0,22,0,0,0,22
03/08/2022,LBE,PA,AEA,CE,Federal Contract Tower,4,5,8,0,17,0,4,22,0,26,4,9,30,0,43,36,0,36,79
03/09/2022,LBE,PA,AEA,CE,Federal Contract Tower,6,18,6,0,30,0,0,0,0,0,6,18,6,0,30,0,0,0,30
03/10/2022,LBE,PA,AEA,CE,Federal Contract Tower,1,9,12,0,22,0,2,53,0,55,1,11,65,0,77,48,0,48,125
03/11/2022,LBE,PA,AEA,CE,Federal Contract Tower,7,12,5,0,24,0,1,37,4,42,7,13,42,4,66,44,4,48,114
03/12/2022,LBE,PA,AEA,CE,Federal Contract Tower,1,4,0,0,5,0,0,0,0,0,1,4,0,0,5,0,0,0,5
03/13/2022,LBE,PA,AEA,CE,Federal Contract Tower,5,12,2,0,19,0,0,4,0,4,5,12,6,0,23,8,0,8,31
03/14/2022,LBE,PA,AEA,CE,Federal Contract Tower,8,8,1,2,19,0,7,80,0,87,8,15,81,2,106,70,0,70,176
03/15/2022,LBE,PA,AEA,CE,Federal Contract Tower,4,10,2,0,16,0,2,40,4,46,4,12,42,4,62,14,0,14,76
03/16/2022,LBE,PA,AEA,CE,Federal Contract Tower,8,8,7,2,25,0,1,62,0,63,8,9,69,2,88,80,0,80,168
03/17/2022,LBE,PA,AEA,CE,Federal Contract Tower,4,17,5,0,26,0,4,75,2,81,4,21,80,2,107,92,0,92,199
03/18/2022,LBE,PA,AEA,CE,Federal Contract Tower,8,15,7,1,31,0,0,55,1,56,8,15,62,2,87,32,0,32,119
03/19/2022,LBE,PA,AEA,CE,Federal Contract Tower,5,7,2,2,16,0,0,11,4,15,5,7,13,6,31,10,0,10,41
03/20/2022,LBE,PA,AEA,CE,Federal Contract Tower,4,17,10,0,31,0,4,5,0,9,4,21,15,0,40,0,0,0,40
03/21/2022,LBE,PA,AEA,CE,Federal Contract Tower,9,9,6,0,24,0,1,29,0,30,9,10,35,0,54,20,0,20,74
03/22/2022,LBE,PA,AEA,CE,Federal Contract Tower,4,9,2,0,15,0,1,44,0,45,4,10,46,0,60,54,0,54,114
03/23/2022,LBE,PA,AEA,CE,Federal Contract Tower,9,8,7,2,26,0,2,2,0,4,9,10,9,2,30,0,0,0,30
03/24/2022,LBE,PA,AEA,CE,Federal Contract Tower,5,12,7,8,32,0,1,22,1,24,5,13,29,9,56,12,2,14,70
03/25/2022,LBE,PA,AEA,CE,Federal Contract Tower,8,14,7,0,29,0,0,11,0,11,8,14,18,0,40,14,0,14,54
03/26/2022,LBE,PA,AEA,CE,Federal Contract Tower,6,8,3,0,17,0,0,0,0,0,6,8,3,0,17,0,0,0,17
03/27/2022,LBE,PA,AEA,CE,Federal Contract Tower,5,9,3,0,17,0,0,0,0,0,5,9,3,0,17,0,0,0,17
03/28/2022,LBE,PA,AEA,CE,Federal Contract Tower,8,9,3,0,20,0,0,0,2,2,8,9,3,2,22,0,2,2,24
03/29/2022,LBE,PA,AEA,CE,Federal Contract Tower,4,19,9,0,32,0,0,41,2,43,4,19,50,2,75,6,2,8,83
03/30/2022,LBE,PA,AEA,CE,Federal Contract Tower,8,14,5,0,27,0,2,31,4,37,8,16,36,4,64,10,0,10,74
03/31/2022,LBE,PA,AEA,CE,Federal Contract Tower,1,9,2,0,12,0,0,0,2,2,1,9,2,2,14,0,0,0,14
04/01/2022,LBE,PA,AEA,CE,Federal Contract Tower,5,10,5,0,20,0,0,2,0,2,5,10,7,0,22,0,0,0,22
04/02/2022,LBE,PA,AEA,CE,Federal Contract Tower,3,3,9,0,15,0,3,138,0,141,3,6,147,0,156,180,0,180,336
04/03/2022,LBE,PA,AEA,CE,Federal Contract Tower,3,8,6,0,17,0,0,2,0,2,3,8,8,0,19,0,0,0,19
04/04/2022,LBE,PA,AEA,CE,Federal Contract Tower,5,13,7,0,25,0,0,47,0,47,5,13,54,0,72,58,0,58,130
04/05/2022,LBE,PA,AEA,CE,Federal Contract Tower,6,10,3,0,19,0,0,31,4,35,6,10,34,4,54,8,10,18,72
04/06/2022,LBE,PA,AEA,CE,Federal Contract Tower,4,14,5,0,23,0,0,57,0,57,4,14,62,0,80,46,0,46,126
04/07/2022,LBE,PA,AEA,CE,Federal Contract Tower,3,7,6,0,16,0,0,5,1,6,3,7,11,1,22,14,0,14,36
04/08/2022,LBE,PA,AEA,CE,Federal Contract Tower,7,10,14,0,31,0,2,21,2,25,7,12,35,2,56,34,0,34,90
04/09/2022,LBE,PA,AEA,CE,Federal Contract Tower,4,1,6,0,11,0,0,0,0,0,4,1,6,0,11,0,0,0,11
04/10/2022,LBE,PA,AEA,CE,Federal Contract Tower,4,8,4,0,16,0,2,11,0,13,4,10,15,0,29,2,0,2,31
04/11/2022,LBE,PA,AEA,CE,Federal Contract Tower,8,10,5,0,23,0,3,28,0,31,8,13,33,0,54,24,0,24,78
04/12/2022,LBE,PA,AEA,CE,Federal Contract Tower,3,8,19,1,31,0,2,85,1,88,3,10,104,2,119,66,0,66,185
04/13/2022,LBE,PA,AEA,CE,Federal Contract Tower,8,13,7,0,28,0,0,47,2,49,8,13,54,2,77,72,0,72,149
04/14/2022,LBE,PA,AEA,CE,Federal Contract Tower,3,18,10,0,31,0,1,22,2,25,3,19,32,2,56,18,0,18,74
04/15/2022,LBE,PA,AEA,CE,Federal Contract Tower,8,9,8,0,25,0,0,31,0,31,8,9,39,0,56,42,0,42,98
04/16/2022,LBE,PA,AEA,CE,Federal Contract Tower,6,6,7,0,19,0,0,15,0,15,6,6,22,0,34,18,0,18,52
04/17/2022,LBE,PA,AEA,CE,Federal Contract Tower,3,7,10,0,20,0,0,35,0,35,3,7,45,0,55,14,0,14,69
04/18/2022,LBE,PA,AEA,CE,Federal Contract Tower,8,19,6,0,33,0,0,0,0,0,8,19,6,0,33,0,0,0,33
04/19/2022,LBE,PA,AEA,CE,Federal Contract Tower,1,9,5,0,15,0,0,0,0,0,1,9,5,0,15,0,0,0,15
04/20/2022,LBE,PA,AEA,CE,Federal Contract Tower,4,24,12,0,40,0,11,107,4,122,4,35,119,4,162,120,0,120,282
04/21/2022,LBE,PA,AEA,CE,Federal Contract Tower,1,15,9,0,25,0,0,6,0,6,1,15,15,0,31,8,0,8,39
04/22/2022,LBE,PA,AEA,CE,Federal Contract Tower,3,9,4,4,20,0,0,86,8,94,3,9,90,12,114,114,0,114,228
04/23/2022,LBE,PA,AEA,CE,Federal Contract Tower,4,6,11,0,21,0,3,83,0,86,4,9,94,0,107,146,0,146,253
04/24/2022,LBE,PA,AEA,CE,Federal Contract Tower,4,14,16,0,34,0,4,68,0,72,4,18,84,0,106,14,8,22,128
04/25/2022,LBE,PA,AEA,CE,Federal Contract Tower,7,8,7,0,22,0,3,44,4,51,7,11,51,4,73,24,10,34,107
04/26/2022,LBE,PA,AEA,CE,Federal Contract Tower,3,11,13,0,27,0,3,13,18,34,3,14,26,18,61,0,0,0,61
04/27/2022,LBE,PA,AEA,CE,Federal Contract Tower,4,15,8,0,27,0,0,12,2,14,4,15,20,2,41,10,0,10,51
04/28/2022,LBE,PA,AEA,CE,Federal Contract Tower,4,20,6,4,34,0,1,59,2,62,4,21,65,6,96,21,0,21,117
04/29/2022,LBE,PA,AEA,CE,Federal Contract Tower,4,10,14,4,32,0,0,90,0,90,4,10,104,4,122,88,0,88,210
04/30/2022,LBE,PA,AEA,CE,Federal Contract Tower,2,9,5,0,16,0,0,123,0,123,2,9,128,0,139,44,0,44,183
05/01/2022,LBE,PA,AEA,CE,Federal Contract Tower,5,12,2,0,19,0,3,7,0,10,5,15,9,0,29,20,0,20,49
05/02/2022,LBE,PA,AEA,CE,Federal Contract Tower,7,11,6,0,24,0,3,50,0,53,7,14,56,0,77,24,0,24,101
05/03/2022,LBE,PA,AEA,CE,Federal Contract Tower,3,8,6,0,17,0,0,34,2,36,3,8,40,2,53,44,0,44,97
05/04/2022,LBE,PA,AEA,CE,Federal Contract Tower,6,14,10,4,34,0,0,23,0,23,6,14,33,4,57,36,0,36,93
05/05/2022,LBE,PA,AEA,CE,Federal Contract Tower,5,16,18,0,39,0,0,31,0,31,5,16,49,0,70,30,0,30,100
05/06/2022,LBE,PA,AEA,CE,Federal Contract Tower,3,14,9,0,26,0,0,0,0,0,3,14,9,0,26,0,0,0,26
05/07/2022,LBE,PA,AEA,CE,Federal Contract Tower,4,4,4,0,12,0,0,4,0,4,4,4,8,0,16,0,0,0,16
05/08/2022,LBE,PA,AEA,CE,Federal Contract Tower,7,16,6,0,29,0,0,51,0,51,7,16,57,0,80,8,0,8,88
05/09/2022,LBE,PA,AEA,CE,Federal Contract Tower,5,11,7,0,23,0,0,66,0,66,5,11,73,0,89,114,0,114,203
05/10/2022,LBE,PA,AEA,CE,Federal Contract Tower,3,6,15,0,24,0,0,104,6,110,3,6,119,6,134,136,0,136,270
05/11/2022,LBE,PA,AEA,CE,Federal Contract Tower,4,13,11,0,28,0,0,105,0,105,4,13,116,0,133,176,0,176,309
05/12/2022,LBE,PA,AEA,CE,Federal Contract Tower,7,17,8,0,32,0,1,57,0,58,7,18,65,0,90,14,0,14,104
05/13/2022,LBE,PA,AEA,CE,Federal Contract Tower,4,10,12,0,26,0,0,75,0,75,4,10,87,0,101,58,0,58,159
05/14/2022,LBE,PA,AEA,CE,Federal Contract Tower,2,9,4,0,15,0,4,68,0,72,2,13,72,0,87,46,0,46,133
05/15/2022,LBE,PA,AEA,CE,Federal Contract Tower,5,14,14,0,33,0,0,88,0,88,5,14,102,0,121,40,0,40,161
05/16/2022,LBE,PA,AEA,CE,Federal Contract Tower,5,13,10,0,28,0,0,3,0,3,5,13,13,0,31,0,0,0,31
05/17/2022,LBE,PA,AEA,CE,Federal Contract Tower,3,12,9,0,24,0,3,43,2,48,3,15,52,2,72,56,0,56,128
05/18/2022,LBE,PA,AEA,CE,Federal Contract Tower,4,12,1,6,23,0,0,48,0,48,4,12,49,6,71,74,2,76,147
05/19/2022,LBE,PA,AEA,CE,Federal Contract Tower,4,27,10,0,41,0,0,14,0,14,4,27,24,0,55,0,0,0,55
05/20/2022,LBE,PA,AEA,CE,Federal Contract Tower,5,18,8,0,31,0,0,35,0,35,5,18,43,0,66,8,0,8,74
05/21/2022,LBE,PA,AEA,CE,Federal Contract Tower,3,6,4,2,15,0,2,61,0,63,3,8,65,2,78,58,0,58,136
05/22/2022,LBE,PA,AEA,CE,Federal Contract Tower,4,23,9,0,36,0,1,16,0,17,4,24,25,0,53,8,0,8,61
05/23/2022,LBE,PA,AEA,CE,Federal Contract Tower,5,9,12,6,32,0,6,48,1,55,5,15,60,7,87,44,6,50,137
05/24/2022,LBE,PA,AEA,CE,Federal Contract Tower,2,7,9,0,18,0,0,47,0,47,2,7,56,0,65,58,0,58,123
05/25/2022,LBE,PA,AEA,CE,Federal Contract Tower,6,5,13,1,25,0,0,58,0,58,6,5,71,1,83,24,0,24,107
05/26/2022,LBE,PA,AEA,CE,Federal Contract Tower,6,11,7,0,24,0,26,0,0,26,6,37,7,0,50,20,0,20,70
05/27/2022,LBE,PA,AEA,CE,Federal Contract Tower,2,14,15,0,31,0,0,32,0,32,2,14,47,0,63,30,0,30,93
05/28/2022,LBE,PA,AEA,CE,Federal Contract Tower,4,8,12,0,24,0,0,45,0,45,4,8,57,0,69,92,0,92,161
05/29/2022,LBE,PA,AEA,CE,Federal Contract Tower,4,3,4,0,11,0,1,63,0,64,4,4,67,0,75,22,0,22,97
05/30/2022,LBE,PA,AEA,CE,Federal Contract Tower,5,13,12,0,30,0,0,67,0,67,5,13,79,0,97,68,0,68,165
05/31/2022,LBE,PA,AEA,CE,Federal Contract Tower,4,8,16,0,28,0,3,82,2,87,4,11,98,2,115,38,0,38,153
06/01/2022,LBE,PA,AEA,CE,Federal Contract Tower,4,21,12,0,37,0,4,62,0,66,4,25,74,0,103,22,0,22,125
06/02/2022,LBE,PA,AEA,CE,Federal Contract Tower,8,11,6,0,25,0,3,0,0,3,8,14,6,0,28,0,0,0,28
06/03/2022,LBE,PA,AEA,CE,Federal Contract Tower,6,5,11,2,24,0,3,96,0,99,6,8,107,2,123,122,0,122,245
06/04/2022,LBE,PA,AEA,CE,Federal Contract Tower,4,4,7,0,15,0,1,96,0,97,4,5,103,0,112,98,0,98,210
06/05/2022,LBE,PA,AEA,CE,Federal Contract Tower,9,11,15,0,35,0,1,51,0,52,9,12,66,0,87,16,0,16,103
06/06/2022,LBE,PA,AEA,CE,Federal Contract Tower,7,18,9,0,34,0,2,40,0,42,7,20,49,0,76,64,0,64,140
06/07/2022,LBE,PA,AEA,CE,Federal Contract Tower,6,11,9,0,26,0,1,11,0,12,6,12,20,0,38,0,0,0,38
06/08/2022,LBE,PA,AEA,CE,Federal Contract Tower,6,12,12,2,32,0,4,84,1,89,6,16,96,3,121,110,0,110,231
06/09/2022,LBE,PA,AEA,CE,Federal Contract Tower,6,15,15,2,38,0,0,26,2,28,6,15,41,4,66,28,10,38,104
06/10/2022,LBE,PA,AEA,CE,Federal Contract Tower,4,7,8,0,19,0,2,94,8,104,4,9,102,8,123,168,0,168,291
06/11/2022,LBE,PA,AEA,CE,Federal Contract Tower,6,4,3,0,13,0,0,42,0,42,6,4,45,0,55,2,0,2,57
06/12/2022,LBE,PA,AEA,CE,Federal Contract Tower,6,11,5,3,25,0,2,37,2,41,6,13,42,5,66,36,0,36,102
06/13/2022,LBE,PA,AEA,CE,Federal Contract Tower,8,16,20,3,47,0,0,48,6,54,8,16,68,9,101,96,0,96,197
06/14/2022,LBE,PA,AEA,CE,Federal Contract Tower,6,16,12,2,36,0,10,35,2,47,6,26,47,4,83,18,0,18,101
06/15/2022,LBE,PA,AEA,CE,Federal Contract Tower,6,15,9,1,31,0,2,62,0,64,6,17,71,1,95,76,16,92,187
06/16/2022,LBE,PA,AEA,CE,Federal Contract Tower,6,22,14,0,42,0,0,34,2,36,6,22,48,2,78,52,0,52,130
06/17/2022,LBE,PA,AEA,CE,Federal Contract Tower,6,22,17,0,45,0,1,27,0,28,6,23,44,0,73,4,0,4,77
06/18/2022,LBE,PA,AEA,CE,Federal Contract Tower,6,10,22,0,38,0,0,11,0,11,6,10,33,0,49,0,0,0,49
06/19/2022,LBE,PA,AEA,CE,Federal Contract Tower,6,8,6,0,20,0,1,52,0,53,6,9,58,0,73,32,0,32,105
06/20/2022,LBE,PA,AEA,CE,Federal Contract Tower,6,12,15,0,33,0,2,61,0,63,6,14,76,0,96,52,0,52,148
06/21/2022,LBE,PA,AEA,CE,Federal Contract Tower,6,23,11,0,40,0,3,77,4,84,6,26,88,4,124,108,4,112,236
06/22/2022,LBE,PA,AEA,CE,Federal Contract Tower,6,19,10,0,35,0,1,58,0,59,6,20,68,0,94,82,0,82,176
06/23/2022,LBE,PA,AEA,CE,Federal Contract Tower,6,12,7,0,25,0,1,79,2,82,6,13,86,2,107,72,0,72,179
06/24/2022,LBE,PA,AEA,CE,Federal Contract Tower,6,14,12,6,38,0,0,100,2,102,6,14,112,8,140,100,0,100,240
06/25/2022,LBE,PA,AEA,CE,Federal Contract Tower,6,8,8,0,22,0,1,63,0,64,6,9,71,0,86,38,0,38,124
06/26/2022,LBE,PA,AEA,CE,Federal Contract Tower,6,12,7,0,25,0,0,10,0,10,6,12,17,0,35,10,0,10,45
06/27/2022,LBE,PA,AEA,CE,Federal Contract Tower,6,9,14,0,29,0,2,63,0,65,6,11,77,0,94,42,0,42,136
06/28/2022,LBE,PA,AEA,CE,Federal Contract Tower,6,12,11,0,29,0,2,65,2,69,6,14,76,2,98,78,0,78,176
06/29/2022,LBE,PA,AEA,CE,Federal Contract Tower,8,22,26,0,56,0,1,84,0,85,8,23,110,0,141,104,0,104,245
06/30/2022,LBE,PA,AEA,CE,Federal Contract Tower,6,9,10,0,25,0,4,75,0,79,6,13,85,0,104,34,0,34,138
07/01/2022,LBE,PA,AEA,CE,Federal Contract Tower,6,10,14,0,30,0,1,46,1,48,6,11,60,1,78,66,0,66,144
07/02/2022,LBE,PA,AEA,CE,Federal Contract Tower,8,10,4,0,22,0,0,34,0,34,8,10,38,0,56,92,0,92,148
07/03/2022,LBE,PA,AEA,CE,Federal Contract Tower,6,10,2,0,18,0,2,65,0,67,6,12,67,0,85,52,0,52,137
07/04/2022,LBE,PA,AEA,CE,Federal Contract Tower,6,5,7,0,18,0,4,50,0,54,6,9,57,0,72,34,0,34,106
07/05/2022,LBE,PA,AEA,CE,Federal Contract Tower,6,7,3,0,16,0,4,3,0,7,6,11,6,0,23,0,0,0,23
07/06/2022,LBE,PA,AEA,CE,Federal Contract Tower,6,10,9,4,29,0,2,18,2,22,6,12,27,6,51,34,0,34,85
07/07/2022,LBE,PA,AEA,CE,Federal Contract Tower,6,15,8,0,29,0,2,63,4,69,6,17,71,4,98,44,0,44,142
07/08/2022,LBE,PA,AEA,CE,Federal Contract Tower,6,17,6,1,30,0,2,92,3,97,6,19,98,4,127,143,0,143,270
07/09/2022,LBE,PA,AEA,CE,Federal Contract Tower,6,2,10,0,18,0,0,56,2,58,6,2,66,2,76,80,0,80,156
07/10/2022,LBE,PA,AEA,CE,Federal Contract Tower,6,13,12,0,31,0,0,47,0,47,6,13,59,0,78,18,0,18,96
07/11/2022,LBE,PA,AEA,CE,Federal Contract Tower,8,5,3,2,18,0,4,52,0,56,8,9,55,2,74,46,4,50,124
07/12/2022,LBE,PA,AEA,CE,Federal Contract Tower,6,10,4,0,20,0,0,13,4,17,6,10,17,4,37,24,0,24,61
07/13/2022,LBE,PA,AEA,CE,Federal Contract Tower,6,13,16,0,35,0,0,47,0,47,6,13,63,0,82,54,0,54,136
07/14/2022,LBE,PA,AEA,CE,Federal Contract Tower,6,10,10,2,28,0,0,51,0,51,6,10,61,2,79,66,0,66,145
07/15/2022,LBE,PA,AEA,CE,Federal Contract Tower,8,8,7,0,23,0,0,60,0,60,8,8,67,0,83,66,0,66,149
07/16/2022,LBE,PA,AEA,CE,Federal Contract Tower,6,3,6,0,15,0,2,75,0,77,6,5,81,0,92,136,0,136,228
07/17/2022,LBE,PA,AEA,CE,Federal Contract Tower,6,12,7,0,25,0,4,19,0,23,6,16,26,0,48,46,0,46,94
07/18/2022,LBE,PA,AEA,CE,Federal Contract Tower,6,11,10,0,27,0,0,1,0,1,6,11,11,0,28,0,0,0,28
07/19/2022,LBE,PA,AEA,CE,Federal Contract Tower,6,6,20,0,32,0,0,42,0,42,6,6,62,0,74,32,0,32,106
07/20/2022,LBE,PA,AEA,CE,Federal Contract Tower,6,11,13,0,30,0,5,49,0,54,6,16,62,0,84,76,0,76,160
07/21/2022,LBE,PA,AEA,CE,Federal Contract Tower,6,26,22,0,54,0,0,23,0,23,6,26,45,0,77,50,0,50,127
07/22/2022,LBE,PA,AEA,CE,Federal Contract Tower,5,18,18,1,42,0,2,53,0,55,5,20,71,1,97,62,0,62,159
07/23/2022,LBE,PA,AEA,CE,Federal Contract Tower,7,20,7,0,34,0,3,53,0,56,7,23,60,0,90,94,0,94,184
07/24/2022,LBE,PA,AEA,CE,Federal Contract Tower,6,14,14,0,34,0,2,33,0,35,6,16,47,0,69,42,0,42,111
07/25/2022,LBE,PA,AEA,CE,Federal Contract Tower,6,6,10,0,22,0,2,17,0,19,6,8,27,0,41,2,0,2,43
07/26/2022,LBE,PA,AEA,CE,Federal Contract Tower,6,16,15,4,41,0,2,58,0,60,6,18,73,4,101,38,0,38,139
07/27/2022,LBE,PA,AEA,CE,Federal Contract Tower,6,20,18,0,44,0,1,8,0,9,6,21,26,0,53,76,4,80,133
07/28/2022,LBE,PA,AEA,CE,Federal Contract Tower,6,13,17,0,36,0,2,23,0,25,6,15,40,0,61,20,0,20,81
07/29/2022,LBE,PA,AEA,CE,Federal Contract Tower,7,15,11,0,33,0,0,45,0,45,7,15,56,0,78,72,0,72,150
07/30/2022,LBE,PA,AEA,CE,Federal Contract Tower,6,10,12,0,28,0,4,86,0,90,6,14,98,0,118,108,0,108,226
07/31/2022,LBE,PA,AEA,CE,Federal Contract Tower,6,9,17,0,32,0,0,49,0,49,6,9,66,0,81,42,0,42,123
08/01/2022,LBE,PA,AEA,CE,Federal Contract Tower,8,9,10,0,27,0,1,28,0,29,8,10,38,0,56,64,0,64,120
08/02/2022,LBE,PA,AEA,CE,Federal Contract Tower,6,13,12,0,31,0,2,40,1,43,6,15,52,1,74,40,0,40,114
08/03/2022,LBE,PA,AEA,CE,Federal Contract Tower,6,9,4,1,20,0,4,80,15,99,6,13,84,16,119,54,30,84,203
08/04/2022,LBE,PA,AEA,CE,Federal Contract Tower,6,27,10,0,43,0,0,25,0,25,6,27,35,0,68,32,0,32,100
08/05/2022,LBE,PA,AEA,CE,Federal Contract Tower,9,11,12,0,32,0,1,34,0,35,9,12,46,0,67,32,0,32,99
08/06/2022,LBE,PA,AEA,CE,Federal Contract Tower,6,9,4,0,19,0,4,25,0,29,6,13,29,0,48,46,0,46,94
08/07/2022,LBE,PA,AEA,CE,Federal Contract Tower,6,12,8,0,26,0,0,2,0,2,6,12,10,0,28,0,0,0,28
08/08/2022,LBE,PA,AEA,CE,Federal Contract Tower,6,6,10,0,22,0,2,23,0,25,6,8,33,0,47,30,0,30,77
08/09/2022,LBE,PA,AEA,CE,Federal Contract Tower,6,9,9,2,26,0,0,10,0,10,6,9,19,2,36,2,0,2,38
08/10/2022,LBE,PA,AEA,CE,Federal Contract Tower,6,18,13,2,39,0,0,48,4,52,6,18,61,6,91,80,0,80,171
08/11/2022,LBE,PA,AEA,CE,Federal Contract Tower,6,13,11,4,34,0,3,68,6,77,6,16,79,10,111,80,10,90,201
08/12/2022,LBE,PA,AEA,CE,Federal Contract Tower,6,10,18,0,34,0,0,90,0,90,6,10,108,0,124,70,0,70,194
08/13/2022,LBE,PA,AEA,CE,Federal Contract Tower,6,13,7,0,26,0,2,64,0,66,6,15,71,0,92,42,0,42,134
08/14/2022,LBE,PA,AEA,CE,Federal Contract Tower,6,8,10,0,24,0,0,74,0,74,6,8,84,0,98,100,0,100,198
08/15/2022,LBE,PA,AEA,CE,Federal Contract Tower,6,14,27,0,47,0,0,37,0,37,6,14,64,0,84,80,0,80,164
08/16/2022,LBE,PA,AEA,CE,Federal Contract Tower,6,12,15,0,33,0,1,30,4,35,6,13,45,4,68,32,10,42,110
08/17/2022,LBE,PA,AEA,CE,Federal Contract Tower,6,12,15,0,33,0,1,86,0,87,6,13,101,0,120,84,0,84,204
08/18/2022,LBE,PA,AEA,CE,Federal Contract Tower,6,23,28,0,57,0,0,109,1,110,6,23,137,1,167,50,0,50,217
08/19/2022,LBE,PA,AEA,CE,Federal Contract Tower,6,15,15,4,40,0,0,62,0,62,6,15,77,4,102,28,0,28,130
08/20/2022,LBE,PA,AEA,CE,Federal Contract Tower,5,7,13,0,25,0,4,48,0,52,5,11,61,0,77,64,0,64,141
08/21/2022,LBE,PA,AEA,CE,Federal Contract Tower,6,7,13,0,26,0,0,9,0,9,6,7,22,0,35,28,0,28,63
08/22/2022,LBE,PA,AEA,CE,Federal Contract Tower,6,13,8,0,27,0,1,12,0,13,6,14,20,0,40,0,0,0,40
08/23/2022,LBE,PA,AEA,CE,Federal Contract Tower,6,19,18,0,43,0,2,51,6,59,6,21,69,6,102,66,2,68,170
08/24/2022,LBE,PA,AEA,CE,Federal Contract Tower,6,15,17,0,38,0,2,85,2,89,6,17,102,2,127,84,0,84,211
08/25/2022,LBE,PA,AEA,CE,Federal Contract Tower,6,16,19,0,41,0,1,99,4,104,6,17,118,4,145,54,0,54,199
08/26/2022,LBE,PA,AEA,CE,Federal Contract Tower,6,9,10,0,25,0,3,40,0,43,6,12,50,0,68,38,0,38,106
08/27/2022,LBE,PA,AEA,CE,Federal Contract Tower,6,8,10,0,24,0,1,49,0,50,6,9,59,0,74,44,0,44,118
08/28/2022,LBE,PA,AEA,CE,Federal Contract Tower,6,17,13,0,36,0,0,68,0,68,6,17,81,0,104,88,0,88,192
08/29/2022,LBE,PA,AEA,CE,Federal Contract Tower,6,10,12,0,28,0,8,43,3,54,6,18,55,3,82,0,0,0,82
08/30/2022,LBE,PA,AEA,CE,Federal Contract Tower,6,6,20,0,32,0,0,14,0,14,6,6,34,0,46,8,0,8,54
08/31/2022,LBE,PA,AEA,CE,Federal Contract Tower,6,14,11,0,31,0,2,61,4,67,6,16,72,4,98,82,0,82,180
09/01/2022,LBE,PA,AEA,CE,Federal Contract Tower,6,23,22,0,51,0,4,77,0,81,6,27,99,0,132,64,0,64,196
09/02/2022,LBE,PA,AEA,CE,Federal Contract Tower,7,18,20,0,45,0,0,54,0,54,7,18,74,0,99,28,0,28,127
09/03/2022,LBE,PA,AEA,CE,Federal Contract Tower,6,6,11,0,23,0,0,87,0,87,6,6,98,0,110,96,0,96,206
09/04/2022,LBE,PA,AEA,CE,Federal Contract Tower,6,3,9,0,18,0,4,23,0,27,6,7,32,0,45,8,0,8,53
09/05/2022,LBE,PA,AEA,CE,Federal Contract Tower,8,17,18,0,43,0,1,0,0,1,8,18,18,0,44,0,0,0,44
09/06/2022,LBE,PA,AEA,CE,Federal Contract Tower,6,10,16,0,32,0,0,0,0,0,6,10,16,0,32,0,0,0,32
09/07/2022,LBE,PA,AEA,CE,Federal Contract Tower,4,8,21,2,35,0,0,7,0,7,4,8,28,2,42,64,0,64,106
09/08/2022,LBE,PA,AEA,CE,Federal Contract Tower,6,19,13,0,38,0,2,87,0,89,6,21,100,0,127,138,0,138,265
09/09/2022,LBE,PA,AEA,CE,Federal Contract Tower,8,15,21,0,44,0,2,93,0,95,8,17,114,0,139,16,0,16,155
09/10/2022,LBE,PA,AEA,CE,Federal Contract Tower,4,18,8,1,31,0,0,92,1,93,4,18,100,2,124,112,0,112,236
09/11/2022,LBE,PA,AEA,CE,Federal Contract Tower,6,16,24,0,46,0,0,14,0,14,6,16,38,0,60,46,0,46,106
09/12/2022,LBE,PA,AEA,CE,Federal Contract Tower,8,8,6,0,22,0,2,0,0,2,8,10,6,0,24,0,0,0,24
09/13/2022,LBE,PA,AEA,CE,Federal Contract Tower,4,15,20,0,39,0,4,50,2,56,4,19,70,2,95,26,0,26,121
09/14/2022,LBE,PA,AEA,CE,Federal Contract Tower,3,15,14,0,32,0,3,56,5,64,3,18,70,5,96,60,0,60,156
09/15/2022,LBE,PA,AEA,CE,Federal Contract Tower,6,14,15,0,35,0,0,48,0,48,6,14,63,0,83,26,0,26,109
09/16/2022,LBE,PA,AEA,CE,Federal Contract Tower,6,19,14,0,39,0,0,55,0,55,6,19,69,0,94,112,0,112,206
09/17/2022,LBE,PA,AEA,CE,Federal Contract Tower,4,7,14,0,25,0,3,76,0,79,4,10,90,0,104,60,0,60,164
09/18/2022,LBE,PA,AEA,CE,Federal Contract Tower,6,26,11,0,43,0,2,42,4,48,6,28,53,4,91,30,0,30,121
09/19/2022,LBE,PA,AEA,CE,Federal Contract Tower,6,11,10,0,27,0,3,2,0,5,6,14,12,0,32,0,0,0,32
09/20/2022,LBE,PA,AEA,CE,Federal Contract Tower,4,14,15,0,33,0,3,39,0,42,4,17,54,0,75,0,0,0,75
09/21/2022,LBE,PA,AEA,CE,Federal Contract Tower,4,20,8,2,34,0,3,38,4,45,4,23,46,6,79,18,0,18,97
09/22/2022,LBE,PA,AEA,CE,Federal Contract Tower,6,13,9,0,28,0,0,6,0,6,6,13,15,0,34,0,0,0,34
09/23/2022,LBE,PA,AEA,CE,Federal Contract Tower,6,7,15,0,28,0,6,43,0,49,6,13,58,0,77,34,0,34,111
09/24/2022,LBE,PA,AEA,CE,Federal Contract Tower,4,6,12,0,22,0,0,59,0,59,4,6,71,0,81,72,0,72,153
09/25/2022,LBE,PA,AEA,CE,Federal Contract Tower,6,14,5,0,25,0,0,7,0,7,6,14,12,0,32,10,0,10,42
09/26/2022,LBE,PA,AEA,CE,Federal Contract Tower,6,15,22,0,43,0,2,15,0,17,6,17,37,0,60,30,0,30,90
09/27/2022,LBE,PA,AEA,CE,Federal Contract Tower,4,11,7,0,22,0,2,29,0,31,4,13,36,0,53,24,0,24,77
09/28/2022,LBE,PA,AEA,CE,Federal Contract Tower,2,12,5,0,19,0,0,0,0,0,2,12,5,0,19,0,0,0,19
09/29/2022,LBE,PA,AEA,CE,Federal Contract Tower,4,15,17,0,36,0,2,107,0,109,4,17,124,0,145,132,0,132,277
09/30/2022,LBE,PA,AEA,CE,Federal Contract Tower,2,14,10,0,26,0,0,75,0,75,2,14,85,0,101,88,0,88,189
10/01/2022,LBE,PA,AEA,CE,Federal Contract Tower,2,7,6,0,15,0,0,0,0,0,2,7,6,0,15,0,0,0,15
10/02/2022,LBE,PA,AEA,CE,Federal Contract Tower,7,14,8,0,29,0,0,14,0,14,7,14,22,0,43,32,0,32,75
10/03/2022,LBE,PA,AEA,CE,Federal Contract Tower,8,14,3,5,30,0,1,53,0,54,8,15,56,5,84,32,0,32,116
10/04/2022,LBE,PA,AEA,CE,Federal Contract Tower,3,7,8,0,18,0,1,31,0,32,3,8,39,0,50,52,0,52,102
10/05/2022,LBE,PA,AEA,CE,Federal Contract Tower,4,17,16,1,38,0,1,83,1,85,4,18,99,2,123,66,0,66,189
10/06/2022,LBE,PA,AEA,CE,Federal Contract Tower,10,16,24,0,50,0,0,68,2,70,10,16,92,2,120,40,0,40,160
10/07/2022,LBE,PA,AEA,CE,Federal Contract Tower,6,19,18,1,44,0,0,0,1,1,6,19,18,2,45,0,0,0,45
10/08/2022,LBE,PA,AEA,CE,Federal Contract Tower,4,16,18,0,38,0,1,50,0,51,4,17,68,0,89,28,0,28,117
10/09/2022,LBE,PA,AEA,CE,Federal Contract Tower,8,12,25,0,45,0,0,57,0,57,8,12,82,0,102,46,0,46,148
10/10/2022,LBE,PA,AEA,CE,Federal Contract Tower,6,8,14,0,28,0,2,43,0,45,6,10,57,0,73,42,0,42,115
10/11/2022,LBE,PA,AEA,CE,Federal Contract Tower,4,11,17,2,34,0,2,79,0,81,4,13,96,2,115,102,0,102,217
10/12/2022,LBE,PA,AEA,CE,Federal Contract Tower,4,15,12,1,32,0,10,60,1,71,4,25,72,2,103,84,0,84,187
10/13/2022,LBE,PA,AEA,CE,Federal Contract Tower,6,8,12,0,26,0,2,5,0,7,6,10,17,0,33,0,0,0,33
10/14/2022,LBE,PA,AEA,CE,Federal Contract Tower,6,23,9,2,40,0,0,64,0,64,6,23,73,2,104,36,0,36,140
10/15/2022,LBE,PA,AEA,CE,Federal Contract Tower,4,2,16,0,22,0,0,17,0,17,4,2,33,0,39,0,0,0,39
10/16/2022,LBE,PA,AEA,CE,Federal Contract Tower,6,29,16,0,51,0,1,72,0,73,6,30,88,0,124,12,0,12,136
10/17/2022,LBE,PA,AEA,CE,Federal Contract Tower,6,19,12,0,37,0,0,26,2,28,6,19,38,2,65,20,0,20,85
10/18/2022,LBE,PA,AEA,CE,Federal Contract Tower,4,14,4,0,22,0,0,2,0,2,4,14,6,0,24,0,0,0,24
10/19/2022,LBE,PA,AEA,CE,Federal Contract Tower,4,18,6,0,28,0,0,0,0,0,4,18,6,0,28,0,0,0,28
10/20/2022,LBE,PA,AEA,CE,Federal Contract Tower,6,16,11,2,35,0,1,42,0,43,6,17,53,2,78,22,0,22,100
10/21/2022,LBE,PA,AEA,CE,Federal Contract Tower,6,17,17,0,40,0,4,64,0,68,6,21,81,0,108,32,0,32,140
10/22/2022,LBE,PA,AEA,CE,Federal Contract Tower,4,8,5,0,17,0,0,88,0,88,4,8,93,0,105,68,0,68,173
10/23/2022,LBE,PA,AEA,CE,Federal Contract Tower,6,20,21,0,47,0,3,99,0,102,6,23,120,0,149,84,0,84,233
10/24/2022,LBE,PA,AEA,CE,Federal Contract Tower,6,15,3,2,26,0,2,94,5,101,6,17,97,7,127,124,8,132,259
10/25/2022,LBE,PA,AEA,CE,Federal Contract Tower,4,9,9,3,25,0,0,79,0,79,4,9,88,3,104,82,10,92,196
10/26/2022,LBE,PA,AEA,CE,Federal Contract Tower,4,9,8,2,23,0,0,0,0,0,4,9,8,2,23,0,0,0,23
10/27/2022,LBE,PA,AEA,CE,Federal Contract Tower,6,18,21,2,47,0,5,50,0,55,6,23,71,2,102,32,0,32,134
10/28/2022,LBE,PA,AEA,CE,Federal Contract Tower,6,15,10,0,31,0,3,72,4,79,6,18,82,4,110,44,0,44,154
10/29/2022,LBE,PA,AEA,CE,Federal Contract Tower,4,4,6,0,14,0,1,83,0,84,4,5,89,0,98,86,0,86,184
10/30/2022,LBE,PA,AEA,CE,Federal Contract Tower,6,17,5,0,28,0,2,61,0,63,6,19,66,0,91,60,0,60,151
10/31/2022,LBE,PA,AEA,CE,Federal Contract Tower,6,15,6,6,33,0,0,0,0,0,6,15,6,6,33,0,0,0,33
11/01/2022,LBE,PA,AEA,CE,Federal Contract Tower,4,12,4,2,22,0,0,10,0,10,4,12,14,2,32,40,0,40,72
11/02/2022,LBE,PA,AEA,CE,Federal Contract Tower,4,18,16,3,41,0,4,27,5,36,4,22,43,8,77,36,0,36,113
11/03/2022,LBE,PA,AEA,CE,Federal Contract Tower,6,12,7,0,25,0,0,83,0,83,6,12,90,0,108,86,0,86,194
11/04/2022,LBE,PA,AEA,CE,Federal Contract Tower,6,13,3,0,22,0,0,64,0,64,6,13,67,0,86,68,0,68,154
11/05/2022,LBE,PA,AEA,CE,Federal Contract Tower,8,9,9,0,26,0,2,10,0,12,8,11,19,0,38,0,0,0,38
11/06/2022,LBE,PA,AEA,CE,Federal Contract Tower,6,13,8,0,27,0,0,33,0,33,6,13,41,0,60,84,0,84,144
11/07/2022,LBE,PA,AEA,CE,Federal Contract Tower,4,5,7,0,16,0,1,68,4,73,4,6,75,4,89,42,0,42,131
11/08/2022,LBE,PA,AEA,CE,Federal Contract Tower,4,14,8,2,28,0,1,71,2,74,4,15,79,4,102,102,0,102,204
11/09/2022,LBE,PA,AEA,CE,Federal Contract Tower,0,15,6,0,21,0,2,40,2,44,0,17,46,2,65,48,0,48,113
11/10/2022,LBE,PA,AEA,CE,Federal Contract Tower,2,18,7,0,27,0,5,68,0,73,2,23,75,0,100,102,0,102,202
11/11/2022,LBE,PA,AEA,CE,Federal Contract Tower,4,7,4,0,15,0,0,0,0,0,4,7,4,0,15,0,0,0,15
11/12/2022,LBE,PA,AEA,CE,Federal Contract Tower,2,11,4,0,17,0,0,0,0,0,2,11,4,0,17,0,0,0,17
11/13/2022,LBE,PA,AEA,CE,Federal Contract Tower,4,8,4,0,16,0,0,5,0,5,4,8,9,0,21,0,0,0,21
11/14/2022,LBE,PA,AEA,CE,Federal Contract Tower,4,10,2,2,18,0,0,32,4,36,4,10,34,6,54,40,0,40,94
11/15/2022,LBE,PA,AEA,CE,Federal Contract Tower,2,10,12,0,24,0,0,4,0,4,2,10,16,0,28,0,0,0,28
11/16/2022,LBE,PA,AEA,CE,Federal Contract Tower,1,2,10,0,13,0,0,0,0,0,1,2,10,0,13,0,0,0,13
11/17/2022,LBE,PA,AEA,CE,Federal Contract Tower,4,20,7,0,31,0,0,4,0,4,4,20,11,0,35,12,0,12,47
11/18/2022,LBE,PA,AEA,CE,Federal Contract Tower,4,15,9,0,28,0,0,0,0,0,4,15,9,0,28,0,0,0,28
11/19/2022,LBE,PA,AEA,CE,Federal Contract Tower,2,10,10,0,22,0,2,8,4,14,2,12,18,4,36,12,0,12,48
11/20/2022,LBE,PA,AEA,CE,Federal Contract Tower,4,14,12,0,30,0,0,10,0,10,4,14,22,0,40,14,0,14,54
11/21/2022,LBE,PA,AEA,CE,Federal Contract Tower,4,5,9,0,18,0,0,25,0,25,4,5,34,0,43,16,0,16,59
11/22/2022,LBE,PA,AEA,CE,Federal Contract Tower,2,12,17,0,31,0,3,55,0,58,2,15,72,0,89,40,0,40,129
11/23/2022,LBE,PA,AEA,CE,Federal Contract Tower,2,11,22,0,35,0,6,95,0,101,2,17,117,0,136,122,0,122,258
11/24/2022,LBE,PA,AEA,CE,Federal Contract Tower,2,5,2,0,9,0,0,14,0,14,2,5,16,0,23,28,0,28,51
11/25/2022,LBE,PA,AEA,CE,Federal Contract Tower,4,10,6,0,20,0,0,10,0,10,4,10,16,0,30,6,0,6,36
11/26/2022,LBE,PA,AEA,CE,Federal Contract Tower,2,8,10,0,20,0,2,56,0,58,2,10,66,0,78,58,0,58,136
11/27/2022,LBE,PA,AEA,CE,Federal Contract Tower,4,11,10,0,25,0,0,0,0,0,4,11,10,0,25,0,0,0,25
11/28/2022,LBE,PA,AEA,CE,Federal Contract Tower,4,15,11,0,30,0,0,2,0,2,4,15,13,0,32,0,0,0,32
11/29/2022,LBE,PA,AEA,CE,Federal Contract Tower,2,8,11,0,21,0,0,38,1,39,2,8,49,1,60,2,0,2,62
11/30/2022,LBE,PA,AEA,CE,Federal Contract Tower,2,13,4,0,19,0,0,0,0,0,2,13,4,0,19,0,0,0,19
12/01/2022,LBE,PA,AEA,CE,Federal Contract Tower,4,20,9,0,33,0,2,27,2,31,4,22,36,2,64,24,0,24,88
12/02/2022,LBE,PA,AEA,CE,Federal Contract Tower,4,13,9,0,26,0,0,32,2,34,4,13,41,2,60,44,6,50,110
12/03/2022,LBE,PA,AEA,CE,Federal Contract Tower,2,4,3,0,9,0,0,1,0,1,2,4,4,0,10,0,0,0,10
12/04/2022,LBE,PA,AEA,CE,Federal Contract Tower,4,18,13,0,35,0,3,57,0,60,4,21,70,0,95,46,0,46,141
12/05/2022,LBE,PA,AEA,CE,Federal Contract Tower,4,9,7,0,20,0,2,82,0,84,4,11,89,0,104,136,2,138,242
12/06/2022,LBE,PA,AEA,CE,Federal Contract Tower,2,12,4,0,18,0,0,0,0,0,2,12,4,0,18,0,0,0,18
12/07/2022,LBE,PA,AEA,CE,Federal Contract Tower,2,13,11,0,26,0,3,0,0,3,2,16,11,0,29,0,0,0,29
12/08/2022,LBE,PA,AEA,CE,Federal Contract Tower,2,12,10,2,26,0,0,18,3,21,2,12,28,5,47,40,0,40,87
12/09/2022,LBE,PA,AEA,CE,Federal Contract Tower,2,5,14,0,21,0,0,57,0,57,2,5,71,0,78,58,0,58,136
12/10/2022,LBE,PA,AEA,CE,Federal Contract Tower,2,8,4,0,14,0,0,5,0,5,2,8,9,0,19,12,0,12,31
12/11/2022,LBE,PA,AEA,CE,Federal Contract Tower,2,12,4,0,18,0,0,1,0,1,2,12,5,0,19,0,0,0,19
12/12/2022,LBE,PA,AEA,CE,Federal Contract Tower,2,10,4,1,17,0,0,15,2,17,2,10,19,3,34,36,0,36,70
12/13/2022,LBE,PA,AEA,CE,Federal Contract Tower,2,11,8,2,23,0,1,47,0,48,2,12,55,2,71,52,0,52,123
12/14/2022,LBE,PA,AEA,CE,Federal Contract Tower,2,6,8,0,16,0,3,39,3,45,2,9,47,3,61,44,0,44,105
12/15/2022,LBE,PA,AEA,CE,Federal Contract Tower,2,9,3,0,14,0,0,0,0,0,2,9,3,0,14,0,0,0,14
12/16/2022,LBE,PA,AEA,CE,Federal Contract Tower,2,16,4,0,22,0,0,16,0,16,2,16,20,0,38,24,0,24,62
12/17/2022,LBE,PA,AEA,CE,Federal Contract Tower,2,11,1,0,14,0,0,4,0,4,2,11,5,0,18,6,0,6,24
12/18/2022,LBE,PA,AEA,CE,Federal Contract Tower,2,12,3,0,17,0,1,2,0,3,2,13,5,0,20,0,0,0,20
12/19/2022,LBE,PA,AEA,CE,Federal Contract Tower,2,14,3,0,19,0,7,9,0,16,2,21,12,0,35,2,0,2,37
12/20/2022,LBE,PA,AEA,CE,Federal Contract Tower,2,6,12,2,22,0,2,57,0,59,2,8,69,2,81,66,0,66,147
12/21/2022,LBE,PA,AEA,CE,Federal Contract Tower,2,14,5,2,23,0,2,55,7,64,2,16,60,9,87,46,0,46,133
12/22/2022,LBE,PA,AEA,CE,Federal Contract Tower,2,15,6,0,23,0,0,0,0,0,2,15,6,0,23,0,0,0,23
12/23/2022,LBE,PA,AEA,CE,Federal Contract Tower,0,2,1,0,3,0,0,0,0,0,0,2,1,0,3,0,0,0,3
12/24/2022,LBE,PA,AEA,CE,Federal Contract Tower,2,4,6,0,12,0,0,0,0,0,2,4,6,0,12,0,0,0,12
12/25/2022,LBE,PA,AEA,CE,Federal Contract Tower,0,2,0,0,2,0,0,0,0,0,0,2,0,0,2,0,0,0,2
12/26/2022,LBE,PA,AEA,CE,Federal Contract Tower,1,20,10,0,31,0,0,8,0,8,1,20,18,0,39,12,0,12,51
12/27/2022,LBE,PA,AEA,CE,Federal Contract Tower,0,16,2,0,18,0,6,2,0,8,0,22,4,0,26,50,0,50,76
12/28/2022,LBE,PA,AEA,CE,Federal Contract Tower,2,17,7,0,26,0,4,46,4,54,2,21,53,4,80,30,0,30,110
12/29/2022,LBE,PA,AEA,CE,Federal Contract Tower,2,15,8,0,25,0,1,37,0,38,2,16,45,0,63,70,0,70,133
12/30/2022,LBE,PA,AEA,CE,Federal Contract Tower,4,8,10,0,22,0,3,57,2,62,4,11,67,2,84,128,0,128,212
12/31/2022,LBE,PA,AEA,CE,Federal Contract Tower,2,5,6,0,13,0,0,0,0,0,2,5,6,0,13,0,0,0,13
01/01/2023,LBE,PA,AEA,CE,Federal Contract Tower,2,15,6,0,23,0,0,2,0,2,2,15,8,0,25,0,0,0,25
01/02/2023,LBE,PA,AEA,CE,Federal Contract Tower,4,3,2,0,9,0,0,0,0,0,4,3,2,0,9,0,0,0,9
01/03/2023,LBE,PA,AEA,CE,Federal Contract Tower,2,5,7,0,14,0,1,3,0,4,2,6,10,0,18,2,0,2,20
01/04/2023,LBE,PA,AEA,CE,Federal Contract Tower,0,8,6,0,14,0,0,6,0,6,0,8,12,0,20,20,0,20,40
01/05/2023,LBE,PA,AEA,CE,Federal Contract Tower,2,8,9,0,19,0,2,44,0,46,2,10,53,0,65,52,6,58,123
01/06/2023,LBE,PA,AEA,CE,Federal Contract Tower,2,12,5,1,20,0,0,1,1,2,2,12,6,2,22,0,6,6,28
01/07/2023,LBE,PA,AEA,CE,Federal Contract Tower,2,11,6,0,19,0,1,14,0,15,2,12,20,0,34,34,0,34,68
01/08/2023,LBE,PA,AEA,CE,Federal Contract Tower,2,4,5,0,11,0,0,35,0,35,2,4,40,0,46,52,0,52,98
01/09/2023,LBE,PA,AEA,CE,Federal Contract Tower,2,17,5,0,24,0,0,5,0,5,2,17,10,0,29,4,0,4,33
01/10/2023,LBE,PA,AEA,CE,Federal Contract Tower,2,14,11,0,27,0,4,45,0,49,2,18,56,0,76,4,0,4,80
01/11/2023,LBE,PA,AEA,CE,Federal Contract Tower,2,5,10,1,18,0,0,68,3,71,2,5,78,4,89,54,22,76,165
01/12/2023,LBE,PA,AEA,CE,Federal Contract Tower,2,15,6,0,23,0,0,0,0,0,2,15,6,0,23,0,0,0,23
01/13/2023,LBE,PA,AEA,CE,Federal Contract Tower,2,8,2,0,12,0,0,0,0,0,2,8,2,0,12,0,0,0,12
01/14/2023,LBE,PA,AEA,CE,Federal Contract Tower,2,14,3,0,19,0,0,0,0,0,2,14,3,0,19,0,0,0,19
01/15/2023,LBE,PA,AEA,CE,Federal Contract Tower,2,3,4,0,9,0,0,42,0,42,2,3,46,0,51,32,0,32,83
01/16/2023,LBE,PA,AEA,CE,Federal Contract Tower,2,9,14,0,25,0,2,84,0,86,2,11,98,0,111,58,0,58,169
01/17/2023,LBE,PA,AEA,CE,Federal Contract Tower,2,15,7,0,24,0,1,0,0,1,2,16,7,0,25,0,0,0,25
01/18/2023,LBE,PA,AEA,CE,Federal Contract Tower,2,7,4,0,13,0,1,5,0,6,2,8,9,0,19,20,0,20,39
01/19/2023,LBE,PA,AEA,CE,Federal Contract Tower,2,14,8,0,24,0,2,12,0,14,2,16,20,0,38,2,0,2,40
01/20/2023,LBE,PA,AEA,CE,Federal Contract Tower,2,26,4,0,32,0,0,1,0,1,2,26,5,0,33,0,0,0,33
01/21/2023,LBE,PA,AEA,CE,Federal Contract Tower,2,8,11,0,21,0,0,10,0,10,2,8,21,0,31,66,0,66,97
01/22/2023,LBE,PA,AEA,CE,Federal Contract Tower,2,11,12,0,25,0,0,5,0,5,2,11,17,0,30,10,0,10,40
01/23/2023,LBE,PA,AEA,CE,Federal Contract Tower,2,19,4,2,27,0,1,2,0,3,2,20,6,2,30,0,0,0,30
01/24/2023,LBE,PA,AEA,CE,Federal Contract Tower,2,10,3,0,15,0,4,14,1,19,2,14,17,1,34,0,0,0,34
01/25/2023,LBE,PA,AEA,CE,Federal Contract Tower,2,9,7,0,18,0,0,0,0,0,2,9,7,0,18,0,0,0,18
01/26/2023,LBE,PA,AEA,CE,Federal Contract Tower,2,22,0,2,26,0,0,0,0,0,2,22,0,2,26,0,0,0,26
01/27/2023,LBE,PA,AEA,CE,Federal Contract Tower,2,15,7,0,24,0,0,6,0,6,2,15,13,0,30,8,0,8,38
01/28/2023,LBE,PA,AEA,CE,Federal Contract Tower,2,11,6,1,20,0,0,42,1,43,2,11,48,2,63,38,0,38,101
01/29/2023,LBE,PA,AEA,CE,Federal Contract Tower,2,8,3,0,13,0,0,0,0,0,2,8,3,0,13,0,0,0,13
01/30/2023,LBE,PA,AEA,CE,Federal Contract Tower,2,12,2,0,16,0,0,0,0,0,2,12,2,0,16,0,0,0,16
01/31/2023,LBE,PA,AEA,CE,Federal Contract Tower,2,14,6,0,22,0,0,0,0,0,2,14,6,0,22,0,0,0,22
02/01/2023,LBE,PA,AEA,CE,Federal Contract Tower,2,11,9,0,22,0,1,59,5,65,2,12,68,5,87,12,0,12,99
02/02/2023,LBE,PA,AEA,CE,Federal Contract Tower,2,9,15,2,28,0,0,61,0,61,2,9,76,2,89,38,0,38,127
02/03/2023,LBE,PA,AEA,CE,Federal Contract Tower,2,9,3,4,18,0,0,6,0,6,2,9,9,4,24,0,0,0,24
02/04/2023,LBE,PA,AEA,CE,Federal Contract Tower,2,10,3,0,15,0,4,36,0,40,2,14,39,0,55,68,0,68,123
02/05/2023,LBE,PA,AEA,CE,Federal Contract Tower,2,11,5,0,18,0,1,15,0,16,2,12,20,0,34,10,0,10,44
02/06/2023,LBE,PA,AEA,CE,Federal Contract Tower,2,2,5,0,9,0,0,7,2,9,2,2,12,2,18,22,0,22,40
02/07/2023,LBE,PA,AEA,CE,Federal Contract Tower,2,7,4,0,13,0,0,20,0,20,2,7,24,0,33,4,0,4,37
02/08/2023,LBE,PA,AEA,CE,Federal Contract Tower,2,15,9,0,26,0,5,37,0,42,2,20,46,0,68,50,0,50,118
02/09/2023,LBE,PA,AEA,CE,Federal Contract Tower,2,11,4,0,17,0,2,1,0,3,2,13,5,0,20,0,0,0,20
02/10/2023,LBE,PA,AEA,CE,Federal Contract Tower,2,15,7,2,26,0,0,0,0,0,2,15,7,2,26,0,0,0,26
02/11/2023,LBE,PA,AEA,CE,Federal Contract Tower,2,3,8,0,13,0,0,79,0,79,2,3,87,0,92,76,0,76,168
02/12/2023,LBE,PA,AEA,CE,Federal Contract Tower,2,4,9,0,15,0,4,49,0,53,2,8,58,0,68,96,0,96,164
02/13/2023,LBE,PA,AEA,CE,Federal Contract Tower,2,11,3,0,16,0,2,9,6,17,2,13,12,6,33,0,0,0,33
02/14/2023,LBE,PA,AEA,CE,Federal Contract Tower,2,13,5,0,20,0,2,80,0,82,2,15,85,0,102,32,0,32,134
02/15/2023,LBE,PA,AEA,CE,Federal Contract Tower,4,7,9,2,22,0,1,15,0,16,4,8,24,2,38,4,0,4,42
02/16/2023,LBE,PA,AEA,CE,Federal Contract Tower,2,15,4,4,25,0,0,0,0,0,2,15,4,4,25,0,0,0,25
02/17/2023,LBE,PA,AEA,CE,Federal Contract Tower,2,12,10,0,24,0,0,0,0,0,2,12,10,0,24,8,0,8,32
02/18/2023,LBE,PA,AEA,CE,Federal Contract Tower,4,3,4,0,11,0,1,30,0,31,4,4,34,0,42,26,0,26,68
02/19/2023,LBE,PA,AEA,CE,Federal Contract Tower,2,8,1,0,11,0,1,22,0,23,2,9,23,0,34,38,0,38,72
02/20/2023,LBE,PA,AEA,CE,Federal Contract Tower,2,20,9,0,31,0,1,16,0,17,2,21,25,0,48,22,0,22,70
02/21/2023,LBE,PA,AEA,CE,Federal Contract Tower,2,9,2,0,13,0,4,8,0,12,2,13,10,0,25,0,0,0,25
02/22/2023,LBE,PA,AEA,CE,Federal Contract Tower,2,10,5,0,17,0,0,0,0,0,2,10,5,0,17,0,0,0,17
02/23/2023,LBE,PA,AEA,CE,Federal Contract Tower,2,14,4,0,20,0,0,20,0,20,2,14,24,0,40,36,0,36,76
02/24/2023,LBE,PA,AEA,CE,Federal Contract Tower,2,2,7,0,11,0,0,3,1,4,2,2,10,1,15,0,0,0,15
02/25/2023,LBE,PA,AEA,CE,Federal Contract Tower,2,17,1,0,20,0,0,71,0,71,2,17,72,0,91,72,0,72,163
02/26/2023,LBE,PA,AEA,CE,Federal Contract Tower,2,19,6,0,27,0,2,19,0,21,2,21,25,0,48,56,0,56,104
02/27/2023,LBE,PA,AEA,CE,Federal Contract Tower,2,8,7,0,17,0,0,8,0,8,2,8,15,0,25,18,0,18,43
02/28/2023,LBE,PA,AEA,CE,Federal Contract Tower,2,7,6,2,17,0,2,2,0,4,2,9,8,2,21,18,0,18,39
03/01/2023,LBE,PA,AEA,CE,Federal Contract Tower,2,9,5,0,16,0,0,42,0,42,2,9,47,0,58,18,0,18,76
03/02/2023,LBE,PA,AEA,CE,Federal Contract Tower,2,12,13,4,31,0,1,60,2,63,2,13,73,6,94,60,0,60,154
03/03/2023,LBE,PA,AEA,CE,Federal Contract Tower,0,7,2,0,9,0,0,2,0,2,0,7,4,0,11,0,0,0,11
03/04/2023,LBE,PA,AEA,CE,Federal Contract Tower,2,8,1,0,11,0,0,3,0,3,2,8,4,0,14,0,0,0,14
03/05/2023,LBE,PA,AEA,CE,Federal Contract Tower,2,14,5,0,21,0,0,54,0,54,2,14,59,0,75,74,0,74,149
03/06/2023,LBE,PA,AEA,CE,Federal Contract Tower,2,12,3,2,19,0,1,74,0,75,2,13,77,2,94,56,0,56,150
03/07/2023,LBE,PA,AEA,CE,Federal Contract Tower,2,6,6,0,14,0,3,4,0,7,2,9,10,0,21,0,0,0,21
03/08/2023,LBE,PA,AEA,CE,Federal Contract Tower,2,16,4,0,22,0,2,41,3,46,2,18,45,3,68,30,0,30,98
03/09/2023,LBE,PA,AEA,CE,Federal Contract Tower,2,13,4,2,21,0,0,80,2,82,2,13,84,4,103,100,0,100,203
03/10/2023,LBE,PA,AEA,CE,Federal Contract Tower,2,10,4,2,18,0,0,0,0,0,2,10,4,2,18,0,0,0,18
03/11/2023,LBE,PA,AEA,CE,Federal Contract Tower,0,6,7,0,13,0,5,1,0,6,0,11,8,0,19,4,0,4,23
03/12/2023,LBE,PA,AEA,CE,Federal Contract Tower,2,14,20,0,36,0,0,24,0,24,2,14,44,0,60,38,0,38,98
03/13/2023,LBE,PA,AEA,CE,Federal Contract Tower,2,12,4,0,18,0,0,0,0,0,2,12,4,0,18,0,0,0,18
03/14/2023,LBE,PA,AEA,CE,Federal Contract Tower,2,13,3,0,18,0,0,0,0,0,2,13,3,0,18,0,0,0,18
03/15/2023,LBE,PA,AEA,CE,Federal Contract Tower,2,12,3,2,19,0,3,39,4,46,2,15,42,6,65,10,0,10,75
03/16/2023,LBE,PA,AEA,CE,Federal Contract Tower,2,11,9,2,24,0,2,81,0,83,2,13,90,2,107,76,0,76,183
03/17/2023,LBE,PA,AEA,CE,Federal Contract Tower,2,13,6,0,21,0,0,0,0,0,2,13,6,0,21,0,0,0,21
03/18/2023,LBE,PA,AEA,CE,Federal Contract Tower,0,3,9,0,12,0,0,53,0,53,0,3,62,0,65,2,0,2,67
03/19/2023,LBE,PA,AEA,CE,Federal Contract Tower,2,20,8,0,30,0,0,3,0,3,2,20,11,0,33,0,0,0,33
03/20/2023,LBE,PA,AEA,CE,Federal Contract Tower,2,10,9,0,21,0,0,56,0,56,2,10,65,0,77,26,0,26,103
03/21/2023,LBE,PA,AEA,CE,Federal Contract Tower,2,11,4,0,17,0,2,65,0,67,2,13,69,0,84,44,0,44,128
03/22/2023,LBE,PA,AEA,CE,Federal Contract Tower,2,8,7,0,17,0,6,46,2,54,2,14,53,2,71,26,6,32,103
03/23/2023,LBE,PA,AEA,CE,Federal Contract Tower,2,15,3,0,20,0,0,0,0,0,2,15,3,0,20,0,0,0,20
03/24/2023,LBE,PA,AEA,CE,Federal Contract Tower,3,17,7,0,27,0,0,3,0,3,3,17,10,0,30,10,0,10,40
03/25/2023,LBE,PA,AEA,CE,Federal Contract Tower,2,10,2,0,14,0,2,1,0,3,2,12,3,0,17,0,0,0,17
03/26/2023,LBE,PA,AEA,CE,Federal Contract Tower,0,15,9,0,24,0,1,58,0,59,0,16,67,0,83,26,0,26,109
03/27/2023,LBE,PA,AEA,CE,Federal Contract Tower,2,12,8,0,22,0,0,10,0,10,2,12,18,0,32,0,0,0,32
03/28/2023,LBE,PA,AEA,CE,Federal Contract Tower,4,10,6,0,20,0,0,34,0,34,4,10,40,0,54,66,0,66,120
03/29/2023,LBE,PA,AEA,CE,Federal Contract Tower,2,13,7,2,24,0,1,67,0,68,2,14,74,2,92,20,0,20,112
03/30/2023,LBE,PA,AEA,CE,Federal Contract Tower,2,13,5,2,22,0,2,65,0,67,2,15,70,2,89,64,0,64,153
03/31/2023,LBE,PA,AEA,CE,Federal Contract Tower,4,15,6,0,25,0,1,0,0,1,4,16,6,0,26,0,0,0,26
04/01/2023,LBE,PA,AEA,CE,Federal Contract Tower,2,1,1,0,4,0,0,0,0,0,2,1,1,0,4,0,0,0,4
04/02/2023,LBE,PA,AEA,CE,Federal Contract Tower,2,4,9,0,15,0,5,78,0,83,2,9,87,0,98,112,0,112,210
04/03/2023,LBE,PA,AEA,CE,Federal Contract Tower,2,14,10,0,26,0,0,51,0,51,2,14,61,0,77,26,0,26,103
04/04/2023,LBE,PA,AEA,CE,Federal Contract Tower,2,18,9,0,29,0,5,107,0,112,2,23,116,0,141,86,0,86,227
04/05/2023,LBE,PA,AEA,CE,Federal Contract Tower,2,12,5,0,19,0,2,8,0,10,2,14,13,0,29,8,0,8,37
04/06/2023,LBE,PA,AEA,CE,Federal Contract Tower,2,18,13,0,33,0,0,0,0,0,2,18,13,0,33,0,0,0,33
04/07/2023,LBE,PA,AEA,CE,Federal Contract Tower,2,8,11,0,21,0,4,44,0,48,2,12,55,0,69,26,0,26,95
04/08/2023,LBE,PA,AEA,CE,Federal Contract Tower,2,9,6,0,17,0,0,28,0,28,2,9,34,0,45,34,0,34,79
04/09/2023,LBE,PA,AEA,CE,Federal Contract Tower,1,5,5,0,11,0,0,25,0,25,1,5,30,0,36,0,0,0,36
04/10/2023,LBE,PA,AEA,CE,Federal Contract Tower,3,11,9,0,23,0,0,79,0,79,3,11,88,0,102,102,0,102,204
04/11/2023,LBE,PA,AEA,CE,Federal Contract Tower,2,18,10,0,30,0,2,54,8,64,2,20,64,8,94,18,6,24,118
04/12/2023,LBE,PA,AEA,CE,Federal Contract Tower,2,10,3,1,16,0,1,32,3,36,2,11,35,4,52,8,0,8,60
04/13/2023,LBE,PA,AEA,CE,Federal Contract Tower,2,10,10,0,22,0,3,69,2,74,2,13,79,2,96,50,0,50,146
04/14/2023,LBE,PA,AEA,CE,Federal Contract Tower,2,18,16,0,36,0,2,72,7,81,2,20,88,7,117,78,0,78,195
04/15/2023,LBE,PA,AEA,CE,Federal Contract Tower,1,9,1,0,11,0,0,13,0,13,1,9,14,0,24,24,0,24,48
04/16/2023,LBE,PA,AEA,CE,Federal Contract Tower,2,15,8,2,27,0,2,50,2,54,2,17,58,4,81,62,0,62,143
04/17/2023,LBE,PA,AEA,CE,Federal Contract Tower,2,10,6,0,18,0,0,3,0,3,2,10,9,0,21,0,0,0,21
04/18/2023,LBE,PA,AEA,CE,Federal Contract Tower,2,8,7,0,17,0,2,9,2,13,2,10,16,2,30,4,0,4,34
04/19/2023,LBE,PA,AEA,CE,Federal Contract Tower,2,20,11,0,33,0,1,52,2,55,2,21,63,2,88,128,4,132,220
04/20/2023,LBE,PA,AEA,CE,Federal Contract Tower,2,14,10,0,26,0,2,63,2,67,2,16,73,2,93,108,0,108,201
04/21/2023,LBE,PA,AEA,CE,Federal Contract Tower,2,15,16,4,37,0,4,43,0,47,2,19,59,4,84,50,50,100,184
04/22/2023,LBE,PA,AEA,CE,Federal Contract Tower,2,3,2,0,7,0,6,1,0,7,2,9,3,0,14,0,0,0,14
04/23/2023,LBE,PA,AEA,CE,Federal Contract Tower,2,14,8,0,24,0,9,29,0,38,2,23,37,0,62,58,0,58,120
04/24/2023,LBE,PA,AEA,CE,Federal Contract Tower,2,8,11,0,21,0,1,13,2,16,2,9,24,2,37,14,0,14,51
04/25/2023,LBE,PA,AEA,CE,Federal Contract Tower,2,13,8,0,23,0,0,82,0,82,2,13,90,0,105,108,0,108,213
04/26/2023,LBE,PA,AEA,CE,Federal Contract Tower,2,10,3,0,15,0,1,75,4,80,2,11,78,4,95,32,0,32,127
04/27/2023,LBE,PA,AEA,CE,Federal Contract Tower,1,17,3,0,21,0,2,76,2,80,1,19,79,2,101,94,0,94,195
04/28/2023,LBE,PA,AEA,CE,Federal Contract Tower,2,9,1,0,12,0,0,0,0,0,2,9,1,0,12,0,0,0,12
04/29/2023,LBE,PA,AEA,CE,Federal Contract Tower,2,8,9,0,19,0,8,4,0,12,2,16,13,0,31,26,0,26,57
04/30/2023,LBE,PA,AEA,CE,Federal Contract Tower,3,15,1,0,19,0,0,3,0,3,3,15,4,0,22,0,0,0,22
05/01/2023,LBE,PA,AEA,CE,Federal Contract Tower,0,13,6,0,19,0,0,0,0,0,0,13,6,0,19,0,0,0,19
05/02/2023,LBE,PA,AEA,CE,Federal Contract Tower,2,12,7,0,21,0,2,0,0,2,2,14,7,0,23,0,0,0,23
05/03/2023,LBE,PA,AEA,CE,Federal Contract Tower,2,14,5,0,21,0,3,0,0,3,2,17,5,0,24,0,0,0,24
05/04/2023,LBE,PA,AEA,CE,Federal Contract Tower,2,11,16,0,29,0,2,35,0,37,2,13,51,0,66,52,0,52,118
05/05/2023,LBE,PA,AEA,CE,Federal Contract Tower,4,8,16,6,34,0,1,103,0,104,4,9,119,6,138,156,0,156,294
05/06/2023,LBE,PA,AEA,CE,Federal Contract Tower,4,6,3,0,13,0,0,76,0,76,4,6,79,0,89,140,0,140,229
05/07/2023,LBE,PA,AEA,CE,Federal Contract Tower,6,13,9,0,28,0,0,24,0,24,6,13,33,0,52,68,0,68,120
05/08/2023,LBE,PA,AEA,CE,Federal Contract Tower,4,10,15,2,31,0,1,45,0,46,4,11,60,2,77,18,0,18,95
05/09/2023,LBE,PA,AEA,CE,Federal Contract Tower,4,7,11,2,24,0,0,45,4,49,4,7,56,6,73,24,0,24,97
05/10/2023,LBE,PA,AEA,CE,Federal Contract Tower,6,9,12,0,27,0,6,78,2,86,6,15,90,2,113,88,0,88,201
05/11/2023,LBE,PA,AEA,CE,Federal Contract Tower,4,12,8,4,28,0,13,120,8,141,4,25,128,12,169,112,0,112,281
05/12/2023,LBE,PA,AEA,CE,Federal Contract Tower,4,25,5,1,35,0,3,114,0,117,4,28,119,1,152,150,0,150,302
05/13/2023,LBE,PA,AEA,CE,Federal Contract Tower,4,4,8,0,16,0,0,3,0,3,4,4,11,0,19,14,0,14,33
05/14/2023,LBE,PA,AEA,CE,Federal Contract Tower,4,6,3,0,13,0,0,36,0,36,4,6,39,0,49,42,0,42,91
05/15/2023,LBE,PA,AEA,CE,Federal Contract Tower,4,18,4,2,28,0,9,71,0,80,4,27,75,2,108,76,0,76,184
05/16/2023,LBE,PA,AEA,CE,Federal Contract Tower,4,20,13,8,45,0,0,50,0,50,4,20,63,8,95,86,0,86,181
05/17/2023,LBE,PA,AEA,CE,Federal Contract Tower,4,21,18,0,43,0,0,74,0,74,4,21,92,0,117,86,0,86,203
05/18/2023,LBE,PA,AEA,CE,Federal Contract Tower,4,15,1,0,20,0,0,64,2,66,4,15,65,2,86,78,0,78,164
05/19/2023,LBE,PA,AEA,CE,Federal Contract Tower,4,9,17,2,32,0,0,60,0,60,4,9,77,2,92,96,0,96,188
05/20/2023,LBE,PA,AEA,CE,Federal Contract Tower,4,2,4,0,10,0,0,4,0,4,4,2,8,0,14,0,0,0,14
05/21/2023,LBE,PA,AEA,CE,Federal Contract Tower,4,13,13,2,32,0,2,66,0,68,4,15,79,2,100,52,0,52,152
05/22/2023,LBE,PA,AEA,CE,Federal Contract Tower,4,30,11,0,45,0,1,57,0,58,4,31,68,0,103,44,0,44,147
05/23/2023,LBE,PA,AEA,CE,Federal Contract Tower,4,16,18,4,42,0,3,76,4,83,4,19,94,8,125,76,2,78,203
05/24/2023,LBE,PA,AEA,CE,Federal Contract Tower,3,15,12,4,34,0,1,73,0,74,3,16,85,4,108,108,0,108,216
05/25/2023,LBE,PA,AEA,CE,Federal Contract Tower,4,18,13,2,37,0,2,69,0,71,4,20,82,2,108,50,0,50,158
05/26/2023,LBE,PA,AEA,CE,Federal Contract Tower,4,14,15,0,33,0,0,83,0,83,4,14,98,0,116,88,0,88,204
05/27/2023,LBE,PA,AEA,CE,Federal Contract Tower,4,5,10,0,19,0,0,75,0,75,4,5,85,0,94,22,0,22,116
05/28/2023,LBE,PA,AEA,CE,Federal Contract Tower,4,1,6,0,11,0,0,42,0,42,4,1,48,0,53,6,0,6,59
05/29/2023,LBE,PA,AEA,CE,Federal Contract Tower,6,2,1,0,9,0,0,44,0,44,6,2,45,0,53,72,0,72,125
05/30/2023,LBE,PA,AEA,CE,Federal Contract Tower,4,19,13,0,36,0,1,69,2,72,4,20,82,2,108,56,0,56,164
05/31/2023,LBE,PA,AEA,CE,Federal Contract Tower,4,17,10,0,31,0,0,56,2,58,4,17,66,2,89,68,0,68,157
06/01/2023,LBE,PA,AEA,CE,Federal Contract Tower,3,18,17,0,38,0,3,78,0,81,3,21,95,0,119,98,0,98,217
06/02/2023,LBE,PA,AEA,CE,Federal Contract Tower,7,12,5,0,24,0,0,46,0,46,7,12,51,0,70,42,0,42,112
06/03/2023,LBE,PA,AEA,CE,Federal Contract Tower,4,19,5,1,29,0,1,30,1,32,4,20,35,2,61,28,0,28,89
06/04/2023,LBE,PA,AEA,CE,Federal Contract Tower,4,12,21,0,37,0,1,53,13,67,4,13,74,13,104,20,58,78,182
06/05/2023,LBE,PA,AEA,CE,Federal Contract Tower,4,10,17,0,31,0,3,59,17,79,4,13,76,17,110,0,0,0,110
06/06/2023,LBE,PA,AEA,CE,Federal Contract Tower,6,12,11,0,29,0,2,52,0,54,6,14,63,0,83,50,0,50,133
06/07/2023,LBE,PA,AEA,CE,Federal Contract Tower,4,20,15,2,41,0,2,79,6,87,4,22,94,8,128,114,8,122,250
06/08/2023,LBE,PA,AEA,CE,Federal Contract Tower,2,16,14,0,32,0,4,46,0,50,2,20,60,0,82,68,0,68,150
06/09/2023,LBE,PA,AEA,CE,Federal Contract Tower,10,12,19,0,41,0,0,38,2,40,10,12,57,2,81,22,0,22,103
06/10/2023,LBE,PA,AEA,CE,Federal Contract Tower,4,5,13,0,22,0,0,29,0,29,4,5,42,0,51,36,0,36,87
06/11/2023,LBE,PA,AEA,CE,Federal Contract Tower,4,14,9,0,27,0,4,47,0,51,4,18,56,0,78,24,0,24,102
06/12/2023,LBE,PA,AEA,CE,Federal Contract Tower,6,19,9,0,34,0,0,2,0,2,6,19,11,0,36,0,0,0,36
06/13/2023,LBE,PA,AEA,CE,Federal Contract Tower,4,14,12,2,32,0,5,31,2,38,4,19,43,4,70,2,0,2,72
06/14/2023,LBE,PA,AEA,CE,Federal Contract Tower,4,15,11,0,30,0,0,11,3,14,4,15,22,3,44,0,0,0,44
06/15/2023,LBE,PA,AEA,CE,Federal Contract Tower,4,36,14,2,56,0,3,38,2,43,4,39,52,4,99,10,0,10,109
06/16/2023,LBE,PA,AEA,CE,Federal Contract Tower,4,15,8,4,31,0,0,7,0,7,4,15,15,4,38,6,0,6,44
06/17/2023,LBE,PA,AEA,CE,Federal Contract Tower,2,7,6,0,15,0,4,30,0,34,2,11,36,0,49,6,0,6,55
06/18/2023,LBE,PA,AEA,CE,Federal Contract Tower,2,6,6,0,14,0,0,44,0,44,2,6,50,0,58,0,0,0,58
06/19/2023,LBE,PA,AEA,CE,Federal Contract Tower,4,20,10,12,46,0,0,54,2,56,4,20,64,14,102,34,0,34,136
06/20/2023,LBE,PA,AEA,CE,Federal Contract Tower,4,15,10,2,31,0,0,41,16,57,4,15,51,18,88,10,16,26,114
06/21/2023,LBE,PA,AEA,CE,Federal Contract Tower,4,14,8,2,28,0,3,52,0,55,4,17,60,2,83,66,0,66,149
06/22/2023,LBE,PA,AEA,CE,Federal Contract Tower,4,22,13,3,42,0,0,39,1,40,4,22,52,4,82,98,10,108,190
06/23/2023,LBE,PA,AEA,CE,Federal Contract Tower,4,9,9,3,25,0,0,7,2,9,4,9,16,5,34,6,0,6,40
06/24/2023,LBE,PA,AEA,CE,Federal Contract Tower,4,8,8,0,20,0,0,1,0,1,4,8,9,0,21,0,0,0,21
06/25/2023,LBE,PA,AEA,CE,Federal Contract Tower,4,8,5,0,17,0,0,39,0,39,4,8,44,0,56,58,0,58,114
06/26/2023,LBE,PA,AEA,CE,Federal Contract Tower,4,10,3,0,17,0,1,22,0,23,4,11,25,0,40,44,0,44,84
06/27/2023,LBE,PA,AEA,CE,Federal Contract Tower,2,11,6,6,25,0,0,0,0,0,2,11,6,6,25,0,0,0,25
06/28/2023,LBE,PA,AEA,CE,Federal Contract Tower,4,16,19,2,41,0,0,25,0,25,4,16,44,2,66,0,0,0,66
06/29/2023,LBE,PA,AEA,CE,Federal Contract Tower,6,23,22,0,51,0,0,0,0,0,6,23,22,0,51,0,0,0,51
06/30/2023,LBE,PA,AEA,CE,Federal Contract Tower,4,16,26,0,46,0,2,22,0,24,4,18,48,0,70,42,0,42,112
07/01/2023,LBE,PA,AEA,CE,Federal Contract Tower,4,20,11,0,35,0,0,23,0,23,4,20,34,0,58,32,0,32,90
07/02/2023,LBE,PA,AEA,CE,Federal Contract Tower,6,5,4,0,15,0,0,1,0,1,6,5,5,0,16,0,0,0,16
07/03/2023,LBE,PA,AEA,CE,Federal Contract Tower,4,3,10,0,17,0,1,15,0,16,4,4,25,0,33,52,0,52,85
07/04/2023,LBE,PA,AEA,CE,Federal Contract Tower,4,4,5,0,13,0,0,20,2,22,4,4,25,2,35,32,0,32,67
07/05/2023,LBE,PA,AEA,CE,Federal Contract Tower,4,11,12,2,29,0,4,86,3,93,4,15,98,5,122,90,0,90,212
07/06/2023,LBE,PA,AEA,CE,Federal Contract Tower,5,13,13,2,33,0,3,60,6,69,5,16,73,8,102,184,6,190,292
07/07/2023,LBE,PA,AEA,CE,Federal Contract Tower,4,10,19,0,33,0,1,44,0,45,4,11,63,0,78,62,0,62,140
07/08/2023,LBE,PA,AEA,CE,Federal Contract Tower,4,14,13,0,31,0,0,106,0,106,4,14,119,0,137,62,0,62,199
07/09/2023,LBE,PA,AEA,CE,Federal Contract Tower,4,16,5,0,25,0,0,0,0,0,4,16,5,0,25,0,0,0,25
07/10/2023,LBE,PA,AEA,CE,Federal Contract Tower,4,13,4,0,21,0,0,23,0,23,4,13,27,0,44,32,0,32,76
07/11/2023,LBE,PA,AEA,CE,Federal Contract Tower,3,15,9,0,27,0,0,83,2,85,3,15,92,2,112,94,0,94,206
07/12/2023,LBE,PA,AEA,CE,Federal Contract Tower,5,29,14,0,48,0,6,81,4,91,5,35,95,4,139,30,4,34,173
07/13/2023,LBE,PA,AEA,CE,Federal Contract Tower,4,19,14,2,39,0,2,30,4,36,4,21,44,6,75,2,0,2,77
07/14/2023,LBE,PA,AEA,CE,Federal Contract Tower,4,9,9,0,22,0,0,18,0,18,4,9,27,0,40,52,0,52,92
07/15/2023,LBE,PA,AEA,CE,Federal Contract Tower,4,10,13,0,27,0,2,25,0,27,4,12,38,0,54,30,0,30,84
07/16/2023,LBE,PA,AEA,CE,Federal Contract Tower,4,10,14,0,28,0,8,22,0,30,4,18,36,0,58,2,0,2,60
07/17/2023,LBE,PA,AEA,CE,Federal Contract Tower,4,19,18,0,41,0,0,6,0,6,4,19,24,0,47,8,0,8,55
07/18/2023,LBE,PA,AEA,CE,Federal Contract Tower,4,12,18,0,34,0,5,39,4,48,4,17,57,4,82,36,0,36,118
07/19/2023,LBE,PA,AEA,CE,Federal Contract Tower,4,16,20,0,40,0,2,56,1,59,4,18,76,1,99,120,0,120,219
07/20/2023,LBE,PA,AEA,CE,Federal Contract Tower,4,18,14,6,42,0,0,33,1,34,4,18,47,7,76,52,0,52,128
07/21/2023,LBE,PA,AEA,CE,Federal Contract Tower,4,23,18,0,45,0,0,22,0,22,4,23,40,0,67,6,0,6,73
07/22/2023,LBE,PA,AEA,CE,Federal Contract Tower,4,9,13,0,26,0,1,61,0,62,4,10,74,0,88,18,0,18,106
07/23/2023,LBE,PA,AEA,CE,Federal Contract Tower,4,22,20,0,46,0,0,88,0,88,4,22,108,0,134,66,0,66,200
07/24/2023,LBE,PA,AEA,CE,Federal Contract Tower,2,18,16,2,38,0,52,4,0,56,2,70,20,2,94,60,2,62,156
07/26/2023,LBE,PA,AEA,CE,Federal Contract Tower,4,25,18,2,49,0,0,29,0,29,4,25,47,2,78,48,0,48,126
07/27/2023,LBE,PA,AEA,CE,Federal Contract Tower,6,14,14,2,36,0,1,12,2,15,6,15,26,4,51,4,0,4,55
07/28/2023,LBE,PA,AEA,CE,Federal Contract Tower,4,5,11,0,20,0,2,13,2,17,4,7,24,2,37,4,10,14,51
07/29/2023,LBE,PA,AEA,CE,Federal Contract Tower,4,2,5,0,11,0,0,1,0,1,4,2,6,0,12,0,0,0,12
07/30/2023,LBE,PA,AEA,CE,Federal Contract Tower,6,15,15,0,36,0,2,26,0,28,6,17,41,0,64,26,0,26,90
07/31/2023,LBE,PA,AEA,CE,Federal Contract Tower,4,24,16,2,46,0,1,54,0,55,4,25,70,2,101,22,0,22,123
08/01/2023,LBE,PA,AEA,CE,Federal Contract Tower,4,23,26,0,53,0,0,96,4,100,4,23,122,4,153,112,0,112,265
08/02/2023,LBE,PA,AEA,CE,Federal Contract Tower,4,15,18,0,37,0,0,88,2,90,4,15,106,2,127,132,0,132,259
08/03/2023,LBE,PA,AEA,CE,Federal Contract Tower,4,27,20,0,51,0,3,45,0,48,4,30,65,0,99,74,0,74,173
08/04/2023,LBE,PA,AEA,CE,Federal Contract Tower,4,15,19,0,38,0,6,36,0,42,4,21,55,0,80,24,0,24,104
08/05/2023,LBE,PA,AEA,CE,Federal Contract Tower,4,9,12,0,25,0,2,58,0,60,4,11,70,0,85,54,0,54,139
08/06/2023,LBE,PA,AEA,CE,Federal Contract Tower,4,10,9,0,23,0,0,57,0,57,4,10,66,0,80,50,0,50,130
08/07/2023,LBE,PA,AEA,CE,Federal Contract Tower,4,11,10,0,25,0,0,5,4,9,4,11,15,4,34,0,0,0,34
08/08/2023,LBE,PA,AEA,CE,Federal Contract Tower,4,12,20,0,36,0,4,24,10,38,4,16,44,10,74,8,0,8,82
08/09/2023,LBE,PA,AEA,CE,Federal Contract Tower,4,28,22,0,54,0,5,92,2,99,4,33,114,2,153,80,0,80,233
08/10/2023,LBE,PA,AEA,CE,Federal Contract Tower,4,19,11,0,34,0,0,4,2,6,4,19,15,2,40,4,0,4,44
08/11/2023,LBE,PA,AEA,CE,Federal Contract Tower,4,21,19,0,44,0,0,81,0,81,4,21,100,0,125,58,0,58,183
08/12/2023,LBE,PA,AEA,CE,Federal Contract Tower,3,9,13,0,25,0,3,28,2,33,3,12,41,2,58,4,0,4,62
08/13/2023,LBE,PA,AEA,CE,Federal Contract Tower,5,10,21,0,36,0,2,81,0,83,5,12,102,0,119,126,0,126,245
08/14/2023,LBE,PA,AEA,CE,Federal Contract Tower,4,8,7,0,19,0,0,36,0,36,4,8,43,0,55,36,0,36,91
08/15/2023,LBE,PA,AEA,CE,Federal Contract Tower,4,11,10,0,25,0,0,31,2,33,4,11,41,2,58,68,0,68,126
08/16/2023,LBE,PA,AEA,CE,Federal Contract Tower,4,16,10,0,30,0,1,51,0,52,4,17,61,0,82,72,0,72,154
08/17/2023,LBE,PA,AEA,CE,Federal Contract Tower,4,22,6,0,32,0,0,66,4,70,4,22,72,4,102,34,0,34,136
08/18/2023,LBE,PA,AEA,CE,Federal Contract Tower,4,23,11,0,38,0,1,28,0,29,4,24,39,0,67,18,0,18,85
08/19/2023,LBE,PA,AEA,CE,Federal Contract Tower,4,10,15,0,29,0,3,91,0,94,4,13,106,0,123,50,0,50,173
08/20/2023,LBE,PA,AEA,CE,Federal Contract Tower,6,17,14,0,37,0,1,72,0,73,6,18,86,0,110,56,0,56,166
08/21/2023,LBE,PA,AEA,CE,Federal Contract Tower,4,9,12,0,25,0,0,47,0,47,4,9,59,0,72,80,0,80,152
08/22/2023,LBE,PA,AEA,CE,Federal Contract Tower,4,15,4,4,27,0,0,30,8,38,4,15,34,12,65,22,4,26,91
08/23/2023,LBE,PA,AEA,CE,Federal Contract Tower,6,21,12,0,39,0,0,43,2,45,6,21,55,2,84,34,0,34,118
08/24/2023,LBE,PA,AEA,CE,Federal Contract Tower,4,24,7,4,39,0,1,31,0,32,4,25,38,4,71,12,0,12,83
08/25/2023,LBE,PA,AEA,CE,Federal Contract Tower,4,15,8,2,29,0,0,20,2,22,4,15,28,4,51,14,0,14,65
08/26/2023,LBE,PA,AEA,CE,Federal Contract Tower,3,10,23,0,36,0,0,41,0,41,3,10,64,0,77,38,0,38,115
08/27/2023,LBE,PA,AEA,CE,Federal Contract Tower,4,15,8,0,27,0,0,30,0,30,4,15,38,0,57,26,0,26,83
08/28/2023,LBE,PA,AEA,CE,Federal Contract Tower,4,12,9,2,27,0,2,11,2,15,4,14,20,4,42,26,8,34,76
08/29/2023,LBE,PA,AEA,CE,Federal Contract Tower,4,17,4,0,25,0,0,21,4,25,4,17,25,4,50,14,0,14,64
08/30/2023,LBE,PA,AEA,CE,Federal Contract Tower,4,14,15,0,33,0,0,44,7,51,4,14,59,7,84,32,0,32,116
08/31/2023,LBE,PA,AEA,CE,Federal Contract Tower,4,14,13,2,33,0,2,94,0,96,4,16,107,2,129,72,0,72,201
01/01/2020,LBE,PA,AEA,CE,Federal Contract Tower,5,10,3,0,18,0,0,2,0,2,5,10,5,0,20,20,0,20,40
01/02/2020,LBE,PA,AEA,CE,Federal Contract Tower,6,5,15,0,26,0,8,36,0,44,6,13,51,0,70,56,0,56,126
01/03/2020,LBE,PA,AEA,CE,Federal Contract Tower,4,4,1,0,9,0,0,0,0,0,4,4,1,0,9,0,0,0,9
01/04/2020,LBE,PA,AEA,CE,Federal Contract Tower,6,2,2,0,10,0,0,0,0,0,6,2,2,0,10,0,0,0,10
01/05/2020,LBE,PA,AEA,CE,Federal Contract Tower,5,6,0,0,11,0,0,11,0,11,5,6,11,0,22,10,0,10,32
01/06/2020,LBE,PA,AEA,CE,Federal Contract Tower,5,8,0,0,13,0,0,16,0,16,5,8,16,0,29,8,0,8,37
01/07/2020,LBE,PA,AEA,CE,Federal Contract Tower,1,7,3,0,11,0,0,2,0,2,1,7,5,0,13,0,0,0,13
01/08/2020,LBE,PA,AEA,CE,Federal Contract Tower,1,9,2,0,12,0,2,1,2,5,1,11,3,2,17,0,0,0,17
01/09/2020,LBE,PA,AEA,CE,Federal Contract Tower,5,11,7,3,26,0,2,40,4,46,5,13,47,7,72,26,14,40,112
01/10/2020,LBE,PA,AEA,CE,Federal Contract Tower,5,2,4,0,11,0,0,32,0,32,5,2,36,0,43,56,0,56,99
01/11/2020,LBE,PA,AEA,CE,Federal Contract Tower,5,1,2,0,8,0,0,12,0,12,5,1,14,0,20,22,0,22,42
01/12/2020,LBE,PA,AEA,CE,Federal Contract Tower,5,13,9,0,27,0,0,5,0,5,5,13,14,0,32,14,0,14,46
01/13/2020,LBE,PA,AEA,CE,Federal Contract Tower,6,8,8,0,22,0,0,26,0,26,6,8,34,0,48,30,0,30,78
01/14/2020,LBE,PA,AEA,CE,Federal Contract Tower,1,11,6,0,18,0,0,10,0,10,1,11,16,0,28,22,0,22,50
01/15/2020,LBE,PA,AEA,CE,Federal Contract Tower,1,7,7,0,15,0,2,36,3,41,1,9,43,3,56,30,0,30,86
01/16/2020,LBE,PA,AEA,CE,Federal Contract Tower,5,11,6,0,22,0,1,1,0,2,5,12,7,0,24,0,0,0,24
01/17/2020,LBE,PA,AEA,CE,Federal Contract Tower,5,16,3,0,24,0,1,36,4,41,5,17,39,4,65,2,2,4,69
01/18/2020,LBE,PA,AEA,CE,Federal Contract Tower,5,7,1,0,13,0,0,0,0,0,5,7,1,0,13,0,0,0,13
01/19/2020,LBE,PA,AEA,CE,Federal Contract Tower,5,10,0,0,15,0,0,0,0,0,5,10,0,0,15,0,0,0,15
01/20/2020,LBE,PA,AEA,CE,Federal Contract Tower,5,17,4,0,26,0,2,19,0,21,5,19,23,0,47,48,0,48,95
01/21/2020,LBE,PA,AEA,CE,Federal Contract Tower,1,12,2,0,15,0,0,41,0,41,1,12,43,0,56,48,0,48,104
01/22/2020,LBE,PA,AEA,CE,Federal Contract Tower,1,11,6,2,20,0,3,65,2,70,1,14,71,4,90,66,12,78,168
01/23/2020,LBE,PA,AEA,CE,Federal Contract Tower,5,12,5,0,22,0,1,69,1,71,5,13,74,1,93,68,0,68,161
01/24/2020,LBE,PA,AEA,CE,Federal Contract Tower,5,11,8,2,26,0,0,8,0,8,5,11,16,2,34,22,0,22,56
01/25/2020,LBE,PA,AEA,CE,Federal Contract Tower,5,7,0,0,12,0,0,0,0,0,5,7,0,0,12,0,0,0,12
01/26/2020,LBE,PA,AEA,CE,Federal Contract Tower,5,7,2,0,14,0,0,0,0,0,5,7,2,0,14,0,0,0,14
01/27/2020,LBE,PA,AEA,CE,Federal Contract Tower,5,16,2,4,27,0,0,0,0,0,5,16,2,4,27,0,0,0,27
01/28/2020,LBE,PA,AEA,CE,Federal Contract Tower,1,7,3,2,13,0,0,0,0,0,1,7,3,2,13,0,0,0,13
01/29/2020,LBE,PA,AEA,CE,Federal Contract Tower,1,10,5,0,16,0,0,17,2,19,1,10,22,2,35,0,6,6,41
01/30/2020,LBE,PA,AEA,CE,Federal Contract Tower,5,9,7,0,21,0,0,18,3,21,5,9,25,3,42,6,0,6,48
01/31/2020,LBE,PA,AEA,CE,Federal Contract Tower,5,13,7,4,29,0,1,21,1,23,5,14,28,5,52,4,2,6,58
02/01/2020,LBE,PA,AEA,CE,Federal Contract Tower,6,0,2,0,8,0,0,0,0,0,6,0,2,0,8,0,0,0,8
02/02/2020,LBE,PA,AEA,CE,Federal Contract Tower,5,4,4,0,13,0,0,0,0,0,5,4,4,0,13,0,0,0,13
02/03/2020,LBE,PA,AEA,CE,Federal Contract Tower,5,13,8,3,29,0,2,83,0,85,5,15,91,3,114,102,0,102,216
02/04/2020,LBE,PA,AEA,CE,Federal Contract Tower,1,7,2,6,16,0,0,7,4,11,1,7,9,10,27,0,8,8,35
02/05/2020,LBE,PA,AEA,CE,Federal Contract Tower,1,7,6,1,15,0,0,11,1,12,1,7,17,2,27,2,0,2,29
02/06/2020,LBE,PA,AEA,CE,Federal Contract Tower,4,20,4,0,28,0,0,0,0,0,4,20,4,0,28,0,0,0,28
02/07/2020,LBE,PA,AEA,CE,Federal Contract Tower,5,7,2,0,14,0,0,0,0,0,5,7,2,0,14,0,0,0,14
02/08/2020,LBE,PA,AEA,CE,Federal Contract Tower,5,7,3,0,15,0,0,0,0,0,5,7,3,0,15,2,0,2,17
02/09/2020,LBE,PA,AEA,CE,Federal Contract Tower,5,10,2,0,17,0,4,21,2,27,5,14,23,2,44,54,0,54,98
02/10/2020,LBE,PA,AEA,CE,Federal Contract Tower,5,13,4,0,22,0,0,0,0,0,5,13,4,0,22,0,0,0,22
02/11/2020,LBE,PA,AEA,CE,Federal Contract Tower,2,9,6,0,17,0,0,1,0,1,2,9,7,0,18,0,0,0,18
02/12/2020,LBE,PA,AEA,CE,Federal Contract Tower,1,11,10,0,22,0,10,42,0,52,1,21,52,0,74,34,0,34,108
02/13/2020,LBE,PA,AEA,CE,Federal Contract Tower,5,18,2,0,25,0,0,0,0,0,5,18,2,0,25,0,0,0,25
02/14/2020,LBE,PA,AEA,CE,Federal Contract Tower,8,9,8,0,25,0,1,14,0,15,8,10,22,0,40,12,0,12,52
02/15/2020,LBE,PA,AEA,CE,Federal Contract Tower,7,3,0,0,10,0,2,41,0,43,7,5,41,0,53,20,0,20,73
02/16/2020,LBE,PA,AEA,CE,Federal Contract Tower,7,4,3,0,14,0,2,26,0,28,7,6,29,0,42,0,0,0,42
02/17/2020,LBE,PA,AEA,CE,Federal Contract Tower,7,18,6,0,31,0,5,53,0,58,7,23,59,0,89,42,0,42,131
02/18/2020,LBE,PA,AEA,CE,Federal Contract Tower,5,12,11,4,32,0,5,7,0,12,5,17,18,4,44,14,0,14,58
02/19/2020,LBE,PA,AEA,CE,Federal Contract Tower,7,12,11,6,36,0,0,27,1,28,7,12,38,7,64,22,10,32,96
02/20/2020,LBE,PA,AEA,CE,Federal Contract Tower,5,14,12,0,31,0,0,24,2,26,5,14,36,2,57,64,6,70,127
02/21/2020,LBE,PA,AEA,CE,Federal Contract Tower,6,8,4,0,18,0,0,64,0,64,6,8,68,0,82,68,0,68,150
02/22/2020,LBE,PA,AEA,CE,Federal Contract Tower,5,7,5,0,17,0,2,46,0,48,5,9,51,0,65,12,0,12,77
02/23/2020,LBE,PA,AEA,CE,Federal Contract Tower,5,9,7,0,21,0,0,70,2,72,5,9,77,2,93,96,6,102,195
02/24/2020,LBE,PA,AEA,CE,Federal Contract Tower,6,5,1,2,14,0,0,39,2,41,6,5,40,4,55,18,0,18,73
02/25/2020,LBE,PA,AEA,CE,Federal Contract Tower,5,6,8,0,19,0,0,0,0,0,5,6,8,0,19,0,0,0,19
02/26/2020,LBE,PA,AEA,CE,Federal Contract Tower,7,6,11,0,24,0,0,4,0,4,7,6,15,0,28,0,0,0,28
02/27/2020,LBE,PA,AEA,CE,Federal Contract Tower,5,11,2,2,20,0,0,0,0,0,5,11,2,2,20,0,0,0,20
02/28/2020,LBE,PA,AEA,CE,Federal Contract Tower,7,9,3,0,19,0,2,8,0,10,7,11,11,0,29,0,0,0,29
02/29/2020,LBE,PA,AEA,CE,Federal Contract Tower,5,5,4,0,14,0,0,6,0,6,5,5,10,0,20,0,0,0,20
03/01/2020,LBE,PA,AEA,CE,Federal Contract Tower,5,13,5,0,23,0,0,78,0,78,5,13,83,0,101,90,0,90,191
03/02/2020,LBE,PA,AEA,CE,Federal Contract Tower,7,10,6,0,23,0,2,10,2,14,7,12,16,2,37,0,10,10,47
03/03/2020,LBE,PA,AEA,CE,Federal Contract Tower,5,16,13,0,34,0,0,3,0,3,5,16,16,0,37,0,0,0,37
03/04/2020,LBE,PA,AEA,CE,Federal Contract Tower,7,13,13,2,35,0,0,34,0,34,7,13,47,2,69,38,0,38,107
03/05/2020,LBE,PA,AEA,CE,Federal Contract Tower,5,6,6,2,19,0,0,67,2,69,5,6,73,4,88,26,0,26,114
03/06/2020,LBE,PA,AEA,CE,Federal Contract Tower,7,10,0,0,17,0,0,7,0,7,7,10,7,0,24,0,0,0,24
03/07/2020,LBE,PA,AEA,CE,Federal Contract Tower,5,9,6,0,20,0,0,20,0,20,5,9,26,0,40,4,0,4,44
03/08/2020,LBE,PA,AEA,CE,Federal Contract Tower,5,16,8,0,29,0,0,74,0,74,5,16,82,0,103,52,0,52,155
03/09/2020,LBE,PA,AEA,CE,Federal Contract Tower,7,9,4,2,22,0,0,25,0,25,7,9,29,2,47,0,0,0,47
03/10/2020,LBE,PA,AEA,CE,Federal Contract Tower,5,14,6,2,27,0,0,2,0,2,5,14,8,2,29,0,0,0,29
03/11/2020,LBE,PA,AEA,CE,Federal Contract Tower,7,5,14,4,30,0,0,10,0,10,7,5,24,4,40,22,0,22,62
03/12/2020,LBE,PA,AEA,CE,Federal Contract Tower,7,16,9,2,34,0,0,64,2,66,7,16,73,4,100,14,8,22,122
03/13/2020,LBE,PA,AEA,CE,Federal Contract Tower,9,8,7,0,24,0,0,4,0,4,9,8,11,0,28,0,0,0,28
03/14/2020,LBE,PA,AEA,CE,Federal Contract Tower,7,3,5,0,15,0,0,81,0,81,7,3,86,0,96,88,0,88,184
03/15/2020,LBE,PA,AEA,CE,Federal Contract Tower,7,10,13,0,30,0,0,20,0,20,7,10,33,0,50,20,0,20,70
03/16/2020,LBE,PA,AEA,CE,Federal Contract Tower,5,15,5,2,27,0,0,27,0,27,5,15,32,2,54,42,0,42,96
03/17/2020,LBE,PA,AEA,CE,Federal Contract Tower,7,5,5,4,21,0,0,1,0,1,7,5,6,4,22,0,0,0,22
03/18/2020,LBE,PA,AEA,CE,Federal Contract Tower,5,12,3,2,22,0,1,30,0,31,5,13,33,2,53,26,0,26,79
03/19/2020,LBE,PA,AEA,CE,Federal Contract Tower,7,6,2,2,17,0,0,7,0,7,7,6,9,2,24,0,0,0,24
03/20/2020,LBE,PA,AEA,CE,Federal Contract Tower,7,9,2,0,18,0,0,0,0,0,7,9,2,0,18,0,0,0,18
03/21/2020,LBE,PA,AEA,CE,Federal Contract Tower,7,0,6,0,13,0,0,2,0,2,7,0,8,0,15,2,0,2,17
03/22/2020,LBE,PA,AEA,CE,Federal Contract Tower,7,4,6,0,17,0,0,37,0,37,7,4,43,0,54,2,0,2,56
03/23/2020,LBE,PA,AEA,CE,Federal Contract Tower,6,4,2,2,14,0,0,0,0,0,6,4,2,2,14,0,0,0,14
03/24/2020,LBE,PA,AEA,CE,Federal Contract Tower,7,8,7,0,22,0,0,23,2,25,7,8,30,2,47,42,0,42,89
03/25/2020,LBE,PA,AEA,CE,Federal Contract Tower,5,1,5,5,16,0,12,6,0,18,5,13,11,5,34,8,0,8,42
03/26/2020,LBE,PA,AEA,CE,Federal Contract Tower,7,7,6,2,22,0,0,44,0,44,7,7,50,2,66,0,0,0,66
03/27/2020,LBE,PA,AEA,CE,Federal Contract Tower,7,4,1,0,12,0,0,6,0,6,7,4,7,0,18,0,0,0,18
03/28/2020,LBE,PA,AEA,CE,Federal Contract Tower,5,2,0,0,7,0,0,3,0,3,5,2,3,0,10,0,0,0,10
03/29/2020,LBE,PA,AEA,CE,Federal Contract Tower,5,4,0,0,9,0,0,1,0,1,5,4,1,0,10,0,0,0,10
03/30/2020,LBE,PA,AEA,CE,Federal Contract Tower,3,3,1,0,7,0,0,1,2,3,3,3,2,2,10,0,10,10,20
03/31/2020,LBE,PA,AEA,CE,Federal Contract Tower,3,4,4,2,13,0,3,25,4,32,3,7,29,6,45,0,0,0,45
04/01/2020,LBE,PA,AEA,CE,Federal Contract Tower,7,2,0,2,11,0,0,10,0,10,7,2,10,2,21,2,0,2,23
04/02/2020,LBE,PA,AEA,CE,Federal Contract Tower,5,10,3,0,18,0,2,16,0,18,5,12,19,0,36,38,0,38,74
04/03/2020,LBE,PA,AEA,CE,Federal Contract Tower,7,5,3,0,15,0,4,33,0,37,7,9,36,0,52,36,0,36,88
04/04/2020,LBE,PA,AEA,CE,Federal Contract Tower,5,0,6,0,11,0,0,60,2,62,5,0,66,2,73,38,0,38,111
04/05/2020,LBE,PA,AEA,CE,Federal Contract Tower,5,4,2,0,11,0,0,28,0,28,5,4,30,0,39,32,0,32,71
04/06/2020,LBE,PA,AEA,CE,Federal Contract Tower,7,4,4,0,15,0,2,83,0,85,7,6,87,0,100,88,0,88,188
04/07/2020,LBE,PA,AEA,CE,Federal Contract Tower,4,2,2,2,10,0,0,16,0,16,4,2,18,2,26,10,6,16,42
04/08/2020,LBE,PA,AEA,CE,Federal Contract Tower,3,3,0,0,6,0,0,4,2,6,3,3,4,2,12,0,0,0,12
04/09/2020,LBE,PA,AEA,CE,Federal Contract Tower,0,1,2,0,3,0,0,1,0,1,0,1,3,0,4,0,0,0,4
04/10/2020,LBE,PA,AEA,CE,Federal Contract Tower,0,2,2,0,4,0,0,2,0,2,0,2,4,0,6,2,0,2,8
04/11/2020,LBE,PA,AEA,CE,Federal Contract Tower,0,0,2,0,2,0,0,24,0,24,0,0,26,0,26,2,0,2,28
04/12/2020,LBE,PA,AEA,CE,Federal Contract Tower,0,0,1,0,1,0,1,17,0,18,0,1,18,0,19,12,0,12,31
04/13/2020,LBE,PA,AEA,CE,Federal Contract Tower,0,2,0,0,2,0,3,0,0,3,0,5,0,0,5,0,0,0,5
04/14/2020,LBE,PA,AEA,CE,Federal Contract Tower,0,5,4,0,9,0,0,38,0,38,0,5,42,0,47,4,0,4,51
04/15/2020,LBE,PA,AEA,CE,Federal Contract Tower,0,4,5,0,9,0,1,23,0,24,0,5,28,0,33,0,0,0,33
04/16/2020,LBE,PA,AEA,CE,Federal Contract Tower,0,6,2,0,8,0,0,0,0,0,0,6,2,0,8,0,0,0,8
04/17/2020,LBE,PA,AEA,CE,Federal Contract Tower,0,4,1,0,5,0,2,4,0,6,0,6,5,0,11,0,0,0,11
04/18/2020,LBE,PA,AEA,CE,Federal Contract Tower,0,1,3,0,4,0,0,21,0,21,0,1,24,0,25,4,0,4,29
04/19/2020,LBE,PA,AEA,CE,Federal Contract Tower,0,2,3,0,5,0,0,13,0,13,0,2,16,0,18,0,0,0,18
04/20/2020,LBE,PA,AEA,CE,Federal Contract Tower,0,4,10,2,16,0,0,67,0,67,0,4,77,2,83,10,0,10,93
04/21/2020,LBE,PA,AEA,CE,Federal Contract Tower,0,0,2,0,2,0,0,2,0,2,0,0,4,0,4,0,0,0,4
04/22/2020,LBE,PA,AEA,CE,Federal Contract Tower,0,4,8,0,12,0,0,18,2,20,0,4,26,2,32,6,0,6,38
04/23/2020,LBE,PA,AEA,CE,Federal Contract Tower,0,2,2,0,4,0,0,4,2,6,0,2,6,2,10,0,6,6,16
04/24/2020,LBE,PA,AEA,CE,Federal Contract Tower,0,2,7,0,9,0,0,4,0,4,0,2,11,0,13,8,0,8,21
04/25/2020,LBE,PA,AEA,CE,Federal Contract Tower,0,1,10,0,11,0,0,56,0,56,0,1,66,0,67,18,0,18,85
04/26/2020,LBE,PA,AEA,CE,Federal Contract Tower,0,5,2,0,7,0,0,0,0,0,0,5,2,0,7,0,0,0,7
04/27/2020,LBE,PA,AEA,CE,Federal Contract Tower,0,0,2,0,2,0,2,33,2,37,0,2,35,2,39,6,8,14,53
04/28/2020,LBE,PA,AEA,CE,Federal Contract Tower,0,6,1,0,7,0,0,9,0,9,0,6,10,0,16,20,0,20,36
04/29/2020,LBE,PA,AEA,CE,Federal Contract Tower,0,5,3,0,8,0,0,17,0,17,0,5,20,0,25,10,0,10,35
04/30/2020,LBE,PA,AEA,CE,Federal Contract Tower,0,5,2,0,7,0,0,9,0,9,0,5,11,0,16,0,0,0,16
05/01/2020,LBE,PA,AEA,CE,Federal Contract Tower,0,3,5,0,8,0,0,24,0,24,0,3,29,0,32,24,0,24,56
05/02/2020,LBE,PA,AEA,CE,Federal Contract Tower,0,2,6,0,8,0,0,71,0,71,0,2,77,0,79,70,0,70,149
05/03/2020,LBE,PA,AEA,CE,Federal Contract Tower,2,2,6,0,10,0,0,20,0,20,2,2,26,0,30,28,0,28,58
05/04/2020,LBE,PA,AEA,CE,Federal Contract Tower,2,4,6,0,12,0,0,18,0,18,2,4,24,0,30,4,0,4,34
05/05/2020,LBE,PA,AEA,CE,Federal Contract Tower,0,0,8,0,8,0,3,21,0,24,0,3,29,0,32,0,0,0,32
05/06/2020,LBE,PA,AEA,CE,Federal Contract Tower,0,0,2,0,2,0,0,0,0,0,0,0,2,0,2,0,0,0,2
05/07/2020,LBE,PA,AEA,CE,Federal Contract Tower,2,4,13,4,23,0,4,37,8,49,2,8,50,12,72,4,10,14,86
05/08/2020,LBE,PA,AEA,CE,Federal Contract Tower,0,7,7,0,14,0,0,2,0,2,0,7,9,0,16,0,0,0,16
05/09/2020,LBE,PA,AEA,CE,Federal Contract Tower,0,0,2,0,2,0,5,6,0,11,0,5,8,0,13,12,0,12,25
05/10/2020,LBE,PA,AEA,CE,Federal Contract Tower,2,2,4,0,8,0,4,19,0,23,2,6,23,0,31,12,0,12,43
05/11/2020,LBE,PA,AEA,CE,Federal Contract Tower,2,1,0,0,3,0,4,8,0,12,2,5,8,0,15,0,0,0,15
05/12/2020,LBE,PA,AEA,CE,Federal Contract Tower,0,5,10,0,15,0,0,23,0,23,0,5,33,0,38,0,0,0,38
05/13/2020,LBE,PA,AEA,CE,Federal Contract Tower,0,7,6,2,15,0,2,89,4,95,0,9,95,6,110,56,8,64,174
05/14/2020,LBE,PA,AEA,CE,Federal Contract Tower,2,3,5,2,12,0,2,22,0,24,2,5,27,2,36,0,0,0,36
05/15/2020,LBE,PA,AEA,CE,Federal Contract Tower,0,3,2,0,5,0,0,2,1,3,0,3,4,1,8,0,0,0,8
05/16/2020,LBE,PA,AEA,CE,Federal Contract Tower,0,1,4,0,5,0,0,32,0,32,0,1,36,0,37,10,0,10,47
05/17/2020,LBE,PA,AEA,CE,Federal Contract Tower,2,1,2,0,5,0,0,11,0,11,2,1,13,0,16,22,0,22,38
05/18/2020,LBE,PA,AEA,CE,Federal Contract Tower,2,8,3,0,13,0,0,8,0,8,2,8,11,0,21,0,0,0,21
05/19/2020,LBE,PA,AEA,CE,Federal Contract Tower,0,8,1,0,9,0,2,14,0,16,0,10,15,0,25,0,0,0,25
05/20/2020,LBE,PA,AEA,CE,Federal Contract Tower,0,3,8,2,13,0,2,12,2,16,0,5,20,4,29,0,0,0,29
05/21/2020,LBE,PA,AEA,CE,Federal Contract Tower,3,4,9,0,16,0,2,44,2,48,3,6,53,2,64,16,14,30,94
05/22/2020,LBE,PA,AEA,CE,Federal Contract Tower,0,7,4,0,11,0,0,7,0,7,0,7,11,0,18,0,0,0,18
05/23/2020,LBE,PA,AEA,CE,Federal Contract Tower,0,5,9,0,14,0,0,41,0,41,0,5,50,0,55,8,0,8,63
05/24/2020,LBE,PA,AEA,CE,Federal Contract Tower,2,4,5,0,11,0,0,34,0,34,2,4,39,0,45,38,0,38,83
05/25/2020,LBE,PA,AEA,CE,Federal Contract Tower,2,0,11,0,13,0,0,60,0,60,2,0,71,0,73,12,0,12,85
05/26/2020,LBE,PA,AEA,CE,Federal Contract Tower,0,2,6,2,10,0,3,41,0,44,0,5,47,2,54,8,0,8,62
05/27/2020,LBE,PA,AEA,CE,Federal Contract Tower,0,6,10,2,18,0,1,42,0,43,0,7,52,2,61,22,0,22,83
05/28/2020,LBE,PA,AEA,CE,Federal Contract Tower,2,1,7,0,10,0,0,9,0,9,2,1,16,0,19,0,0,0,19
05/29/2020,LBE,PA,AEA,CE,Federal Contract Tower,0,1,11,0,12,0,0,10,0,10,0,1,21,0,22,8,0,8,30
05/30/2020,LBE,PA,AEA,CE,Federal Contract Tower,0,2,8,0,10,0,0,33,1,34,0,2,41,1,44,52,2,54,98
05/31/2020,LBE,PA,AEA,CE,Federal Contract Tower,2,4,6,0,12,0,1,89,2,92,2,5,95,2,104,24,0,24,128
06/01/2020,LBE,PA,AEA,CE,Federal Contract Tower,2,1,8,0,11,0,0,67,0,67,2,1,75,0,78,38,0,38,116
06/02/2020,LBE,PA,AEA,CE,Federal Contract Tower,0,4,3,0,7,0,0,30,0,30,0,4,33,0,37,0,0,0,37
06/03/2020,LBE,PA,AEA,CE,Federal Contract Tower,0,10,6,2,18,0,0,5,0,5,0,10,11,2,23,6,0,6,29
06/04/2020,LBE,PA,AEA,CE,Federal Contract Tower,2,9,10,0,21,0,3,16,0,19,2,12,26,0,40,12,0,12,52
06/05/2020,LBE,PA,AEA,CE,Federal Contract Tower,0,6,8,0,14,0,2,14,0,16,0,8,22,0,30,8,0,8,38
06/06/2020,LBE,PA,AEA,CE,Federal Contract Tower,0,5,9,0,14,0,0,52,0,52,0,5,61,0,66,30,0,30,96
06/07/2020,LBE,PA,AEA,CE,Federal Contract Tower,2,7,3,0,12,0,1,69,0,70,2,8,72,0,82,24,0,24,106
06/08/2020,LBE,PA,AEA,CE,Federal Contract Tower,2,7,11,0,20,0,0,56,0,56,2,7,67,0,76,14,0,14,90
06/09/2020,LBE,PA,AEA,CE,Federal Contract Tower,0,1,3,0,4,0,2,51,4,57,0,3,54,4,61,28,0,28,89
06/10/2020,LBE,PA,AEA,CE,Federal Contract Tower,0,5,6,2,13,0,5,15,0,20,0,10,21,2,33,12,0,12,45
06/11/2020,LBE,PA,AEA,CE,Federal Contract Tower,2,5,3,2,12,0,2,28,2,32,2,7,31,4,44,40,4,44,88
06/12/2020,LBE,PA,AEA,CE,Federal Contract Tower,2,8,7,0,17,0,7,55,3,65,2,15,62,3,82,6,0,6,88
06/13/2020,LBE,PA,AEA,CE,Federal Contract Tower,2,3,11,0,16,0,0,72,0,72,2,3,83,0,88,60,0,60,148
06/14/2020,LBE,PA,AEA,CE,Federal Contract Tower,2,5,6,0,13,0,0,53,0,53,2,5,59,0,66,28,0,28,94
06/15/2020,LBE,PA,AEA,CE,Federal Contract Tower,2,2,1,0,5,0,2,41,0,43,2,4,42,0,48,16,0,16,64
06/16/2020,LBE,PA,AEA,CE,Federal Contract Tower,0,4,4,0,8,0,5,54,0,59,0,9,58,0,67,62,0,62,129
06/17/2020,LBE,PA,AEA,CE,Federal Contract Tower,0,10,2,2,14,0,0,39,2,41,0,10,41,4,55,36,0,36,91
06/18/2020,LBE,PA,AEA,CE,Federal Contract Tower,2,11,16,2,31,0,6,16,4,26,2,17,32,6,57,26,0,26,83
06/19/2020,LBE,PA,AEA,CE,Federal Contract Tower,3,10,10,0,23,0,1,19,0,20,3,11,29,0,43,26,0,26,69
06/20/2020,LBE,PA,AEA,CE,Federal Contract Tower,2,7,14,0,23,0,1,54,0,55,2,8,68,0,78,40,0,40,118
06/21/2020,LBE,PA,AEA,CE,Federal Contract Tower,2,6,6,0,14,0,3,25,0,28,2,9,31,0,42,18,0,18,60
06/22/2020,LBE,PA,AEA,CE,Federal Contract Tower,2,8,9,0,19,0,0,33,0,33,2,8,42,0,52,0,0,0,52
06/23/2020,LBE,PA,AEA,CE,Federal Contract Tower,2,9,14,0,25,0,1,42,2,45,2,10,56,2,70,28,0,28,98
06/24/2020,LBE,PA,AEA,CE,Federal Contract Tower,2,11,8,2,23,0,7,48,0,55,2,18,56,2,78,28,4,32,110
06/25/2020,LBE,PA,AEA,CE,Federal Contract Tower,6,8,6,0,20,0,2,48,0,50,6,10,54,0,70,46,0,46,116
06/26/2020,LBE,PA,AEA,CE,Federal Contract Tower,9,8,15,2,34,0,1,40,0,41,9,9,55,2,75,16,0,16,91
06/27/2020,LBE,PA,AEA,CE,Federal Contract Tower,3,10,9,0,22,0,0,3,0,3,3,10,12,0,25,0,0,0,25
06/28/2020,LBE,PA,AEA,CE,Federal Contract Tower,6,7,9,0,22,0,0,19,0,19,6,7,28,0,41,6,0,6,47
06/29/2020,LBE,PA,AEA,CE,Federal Contract Tower,5,4,2,0,11,0,2,64,0,66,5,6,66,0,77,54,0,54,131
06/30/2020,LBE,PA,AEA,CE,Federal Contract Tower,0,6,14,0,20,0,0,40,0,40,0,6,54,0,60,12,0,12,72
07/01/2020,LBE,PA,AEA,CE,Federal Contract Tower,6,7,14,0,27,0,8,48,4,60,6,15,62,4,87,32,2,34,121
07/02/2020,LBE,PA,AEA,CE,Federal Contract Tower,8,10,9,0,27,0,1,81,2,84,8,11,90,2,111,56,0,56,167
07/03/2020,LBE,PA,AEA,CE,Federal Contract Tower,6,21,12,0,39,0,0,54,0,54,6,21,66,0,93,18,0,18,111
07/04/2020,LBE,PA,AEA,CE,Federal Contract Tower,4,4,4,0,12,0,4,31,0,35,4,8,35,0,47,20,0,20,67
07/06/2020,LBE,PA,AEA,CE,Federal Contract Tower,6,9,5,0,20,0,0,60,0,60,6,9,65,0,80,46,0,46,126
07/07/2020,LBE,PA,AEA,CE,Federal Contract Tower,8,8,7,0,23,0,0,35,0,35,8,8,42,0,58,38,0,38,96
07/08/2020,LBE,PA,AEA,CE,Federal Contract Tower,6,4,12,0,22,0,0,46,0,46,6,4,58,0,68,20,0,20,88
07/09/2020,LBE,PA,AEA,CE,Federal Contract Tower,8,8,9,3,28,2,4,27,2,35,10,12,36,5,63,12,8,20,83
07/10/2020,LBE,PA,AEA,CE,Federal Contract Tower,6,7,4,0,17,0,48,0,0,48,6,55,4,0,65,12,0,12,77
07/11/2020,LBE,PA,AEA,CE,Federal Contract Tower,6,2,10,0,18,0,0,7,0,7,6,2,17,0,25,0,0,0,25
07/12/2020,LBE,PA,AEA,CE,Federal Contract Tower,8,5,4,0,17,0,0,29,0,29,8,5,33,0,46,46,0,46,92
07/13/2020,LBE,PA,AEA,CE,Federal Contract Tower,6,7,7,0,20,0,3,50,0,53,6,10,57,0,73,106,0,106,179
07/14/2020,LBE,PA,AEA,CE,Federal Contract Tower,6,0,7,0,13,0,4,33,2,39,6,4,40,2,52,48,0,48,100
07/15/2020,LBE,PA,AEA,CE,Federal Contract Tower,4,9,6,0,19,0,5,75,0,80,4,14,81,0,99,32,0,32,131
07/16/2020,LBE,PA,AEA,CE,Federal Contract Tower,10,9,6,0,25,0,2,27,0,29,10,11,33,0,54,52,0,52,106
07/17/2020,LBE,PA,AEA,CE,Federal Contract Tower,6,4,7,0,17,0,1,34,0,35,6,5,41,0,52,42,0,42,94
07/18/2020,LBE,PA,AEA,CE,Federal Contract Tower,6,5,5,0,16,0,0,47,0,47,6,5,52,0,63,28,0,28,91
07/19/2020,LBE,PA,AEA,CE,Federal Contract Tower,8,9,4,0,21,0,0,25,0,25,8,9,29,0,46,0,0,0,46
07/20/2020,LBE,PA,AEA,CE,Federal Contract Tower,6,3,7,6,22,0,1,33,0,34,6,4,40,6,56,18,0,18,74
07/21/2020,LBE,PA,AEA,CE,Federal Contract Tower,6,5,3,0,14,0,5,19,0,24,6,10,22,0,38,10,0,10,48
07/22/2020,LBE,PA,AEA,CE,Federal Contract Tower,6,8,9,0,23,0,1,11,0,12,6,9,20,0,35,6,0,6,41
07/23/2020,LBE,PA,AEA,CE,Federal Contract Tower,6,8,8,6,28,0,3,18,0,21,6,11,26,6,49,0,0,0,49
07/24/2020,LBE,PA,AEA,CE,Federal Contract Tower,6,6,13,0,25,0,0,78,0,78,6,6,91,0,103,30,0,30,133
07/25/2020,LBE,PA,AEA,CE,Federal Contract Tower,6,14,10,0,30,0,0,51,0,51,6,14,61,0,81,30,0,30,111
07/26/2020,LBE,PA,AEA,CE,Federal Contract Tower,6,11,7,0,24,0,5,75,0,80,6,16,82,0,104,84,0,84,188
07/27/2020,LBE,PA,AEA,CE,Federal Contract Tower,6,10,4,0,20,0,2,38,0,40,6,12,42,0,60,40,0,40,100
07/28/2020,LBE,PA,AEA,CE,Federal Contract Tower,6,14,6,0,26,0,4,30,0,34,6,18,36,0,60,38,0,38,98
07/29/2020,LBE,PA,AEA,CE,Federal Contract Tower,4,8,6,0,18,0,0,60,2,62,4,8,66,2,80,60,0,60,140
07/30/2020,LBE,PA,AEA,CE,Federal Contract Tower,4,9,14,0,27,0,2,38,0,40,4,11,52,0,67,60,0,60,127
07/31/2020,LBE,PA,AEA,CE,Federal Contract Tower,5,12,6,0,23,0,1,38,0,39,5,13,44,0,62,48,0,48,110
08/01/2020,LBE,PA,AEA,CE,Federal Contract Tower,6,5,11,0,22,0,2,29,0,31,6,7,40,0,53,42,0,42,95
08/02/2020,LBE,PA,AEA,CE,Federal Contract Tower,8,9,9,0,26,0,0,15,0,15,8,9,24,0,41,0,0,0,41
08/03/2020,LBE,PA,AEA,CE,Federal Contract Tower,7,7,10,2,26,0,0,74,0,74,7,7,84,2,100,82,0,82,182
08/04/2020,LBE,PA,AEA,CE,Federal Contract Tower,7,7,13,0,27,0,0,9,2,11,7,7,22,2,38,8,6,14,52
08/05/2020,LBE,PA,AEA,CE,Federal Contract Tower,3,8,21,0,32,0,5,54,2,61,3,13,75,2,93,44,0,44,137
08/06/2020,LBE,PA,AEA,CE,Federal Contract Tower,4,11,8,2,25,0,0,74,2,76,4,11,82,4,101,106,0,106,207
08/07/2020,LBE,PA,AEA,CE,Federal Contract Tower,6,6,8,6,26,0,1,27,0,28,6,7,35,6,54,16,0,16,70
08/08/2020,LBE,PA,AEA,CE,Federal Contract Tower,4,8,10,4,26,0,1,38,0,39,4,9,48,4,65,34,0,34,99
08/09/2020,LBE,PA,AEA,CE,Federal Contract Tower,6,12,7,0,25,0,1,28,0,29,6,13,35,0,54,2,0,2,56
08/10/2020,LBE,PA,AEA,CE,Federal Contract Tower,6,11,8,2,27,2,1,61,0,64,8,12,69,2,91,16,0,16,107
08/11/2020,LBE,PA,AEA,CE,Federal Contract Tower,2,5,8,2,17,0,1,35,2,38,2,6,43,4,55,50,0,50,105
08/12/2020,LBE,PA,AEA,CE,Federal Contract Tower,2,6,10,4,22,0,4,43,2,49,2,10,53,6,71,40,0,40,111
08/13/2020,LBE,PA,AEA,CE,Federal Contract Tower,7,15,12,0,34,0,3,42,0,45,7,18,54,0,79,72,0,72,151
08/14/2020,LBE,PA,AEA,CE,Federal Contract Tower,6,10,10,19,45,0,0,67,0,67,6,10,77,19,112,100,0,100,212
08/15/2020,LBE,PA,AEA,CE,Federal Contract Tower,2,14,8,0,24,0,0,34,0,34,2,14,42,0,58,76,0,76,134
08/16/2020,LBE,PA,AEA,CE,Federal Contract Tower,6,7,9,0,22,0,0,60,0,60,6,7,69,0,82,56,0,56,138
08/17/2020,LBE,PA,AEA,CE,Federal Contract Tower,6,5,4,2,17,0,4,37,0,41,6,9,41,2,58,68,0,68,126
08/18/2020,LBE,PA,AEA,CE,Federal Contract Tower,2,11,9,0,22,0,1,47,4,52,2,12,56,4,74,36,2,38,112
08/19/2020,LBE,PA,AEA,CE,Federal Contract Tower,2,9,6,1,18,0,0,41,4,45,2,9,47,5,63,54,2,56,119
08/20/2020,LBE,PA,AEA,CE,Federal Contract Tower,6,3,13,0,22,0,0,53,2,55,6,3,66,2,77,36,0,36,113
08/21/2020,LBE,PA,AEA,CE,Federal Contract Tower,6,8,11,0,25,0,0,28,0,28,6,8,39,0,53,22,0,22,75
08/22/2020,LBE,PA,AEA,CE,Federal Contract Tower,2,5,4,0,11,0,0,38,0,38,2,5,42,0,49,0,0,0,49
08/23/2020,LBE,PA,AEA,CE,Federal Contract Tower,6,2,9,0,17,0,1,8,0,9,6,3,17,0,26,10,0,10,36
08/24/2020,LBE,PA,AEA,CE,Federal Contract Tower,8,1,6,0,15,0,0,18,0,18,8,1,24,0,33,24,0,24,57
08/25/2020,LBE,PA,AEA,CE,Federal Contract Tower,2,4,6,0,12,0,3,21,0,24,2,7,27,0,36,24,0,24,60
08/26/2020,LBE,PA,AEA,CE,Federal Contract Tower,2,9,7,0,18,0,2,39,0,41,2,11,46,0,59,24,0,24,83
08/27/2020,LBE,PA,AEA,CE,Federal Contract Tower,6,14,8,0,28,0,0,13,0,13,6,14,21,0,41,44,0,44,85
08/28/2020,LBE,PA,AEA,CE,Federal Contract Tower,8,6,9,0,23,0,0,0,0,0,8,6,9,0,23,0,0,0,23
08/29/2020,LBE,PA,AEA,CE,Federal Contract Tower,2,3,7,0,12,0,0,8,0,8,2,3,15,0,20,6,0,6,26
08/30/2020,LBE,PA,AEA,CE,Federal Contract Tower,6,4,3,0,13,0,0,55,0,55,6,4,58,0,68,34,0,34,102
08/31/2020,LBE,PA,AEA,CE,Federal Contract Tower,6,12,5,0,23,0,2,17,0,19,6,14,22,0,42,8,0,8,50
09/01/2020,LBE,PA,AEA,CE,Federal Contract Tower,2,5,13,8,28,0,6,45,9,60,2,11,58,17,88,70,14,84,172
09/02/2020,LBE,PA,AEA,CE,Federal Contract Tower,2,3,4,0,9,0,4,8,0,12,2,7,12,0,21,10,0,10,31
09/03/2020,LBE,PA,AEA,CE,Federal Contract Tower,6,9,7,2,24,0,4,6,0,10,6,13,13,2,34,2,0,2,36
09/04/2020,LBE,PA,AEA,CE,Federal Contract Tower,8,12,9,6,35,0,3,70,1,74,8,15,79,7,109,40,0,40,149
09/05/2020,LBE,PA,AEA,CE,Federal Contract Tower,1,6,4,0,11,0,0,84,0,84,1,6,88,0,95,50,0,50,145
09/06/2020,LBE,PA,AEA,CE,Federal Contract Tower,6,3,10,0,19,0,2,35,0,37,6,5,45,0,56,10,0,10,66
09/07/2020,LBE,PA,AEA,CE,Federal Contract Tower,7,10,14,0,31,0,2,54,0,56,7,12,68,0,87,66,0,66,153
09/08/2020,LBE,PA,AEA,CE,Federal Contract Tower,3,20,12,4,39,0,12,95,4,111,3,32,107,8,150,26,0,26,176
09/09/2020,LBE,PA,AEA,CE,Federal Contract Tower,0,0,0,0,0,0,7,7,0,14,0,7,7,0,14,0,0,0,14
09/10/2020,LBE,PA,AEA,CE,Federal Contract Tower,0,0,0,0,0,0,0,2,0,2,0,0,2,0,2,4,0,4,6
09/11/2020,LBE,PA,AEA,CE,Federal Contract Tower,0,0,0,0,0,0,5,0,0,5,0,5,0,0,5,0,0,0,5
09/12/2020,LBE,PA,AEA,CE,Federal Contract Tower,0,0,0,0,0,0,0,1,0,1,0,0,1,0,1,0,0,0,1
09/13/2020,LBE,PA,AEA,CE,Federal Contract Tower,0,0,0,0,0,0,0,0,0,0,0,0,0,0,0,0,0,0,0
09/14/2020,LBE,PA,AEA,CE,Federal Contract Tower,0,0,0,0,0,0,0,7,0,7,0,0,7,0,7,0,0,0,7
09/15/2020,LBE,PA,AEA,CE,Federal Contract Tower,0,0,0,0,0,0,4,1,0,5,0,4,1,0,5,0,0,0,5
09/16/2020,LBE,PA,AEA,CE,Federal Contract Tower,0,0,0,0,0,0,3,9,0,12,0,3,9,0,12,0,0,0,12
09/17/2020,LBE,PA,AEA,CE,Federal Contract Tower,0,0,0,0,0,0,11,1,2,14,0,11,1,2,14,2,0,2,16
09/18/2020,LBE,PA,AEA,CE,Federal Contract Tower,0,0,0,0,0,0,5,1,2,8,0,5,1,2,8,0,0,0,8
09/19/2020,LBE,PA,AEA,CE,Federal Contract Tower,0,0,0,0,0,0,3,9,0,12,0,3,9,0,12,0,0,0,12
09/20/2020,LBE,PA,AEA,CE,Federal Contract Tower,0,0,0,0,0,0,2,1,0,3,0,2,1,0,3,0,0,0,3
09/21/2020,LBE,PA,AEA,CE,Federal Contract Tower,0,0,0,0,0,0,6,10,0,16,0,6,10,0,16,0,0,0,16
09/22/2020,LBE,PA,AEA,CE,Federal Contract Tower,0,0,0,0,0,0,4,0,0,4,0,4,0,0,4,0,0,0,4
09/23/2020,LBE,PA,AEA,CE,Federal Contract Tower,0,0,0,0,0,0,2,0,0,2,0,2,0,0,2,0,0,0,2
09/24/2020,LBE,PA,AEA,CE,Federal Contract Tower,0,0,0,0,0,0,6,8,0,14,0,6,8,0,14,0,0,0,14
09/25/2020,LBE,PA,AEA,CE,Federal Contract Tower,0,20,27,2,49,0,0,90,2,92,0,20,117,4,141,54,0,54,195
09/26/2020,LBE,PA,AEA,CE,Federal Contract Tower,0,4,11,0,15,0,1,39,0,40,0,5,50,0,55,40,0,40,95
09/27/2020,LBE,PA,AEA,CE,Federal Contract Tower,0,8,20,0,28,0,2,28,0,30,0,10,48,0,58,12,0,12,70
09/28/2020,LBE,PA,AEA,CE,Federal Contract Tower,0,13,8,4,25,0,4,29,0,33,0,17,37,4,58,14,0,14,72
09/29/2020,LBE,PA,AEA,CE,Federal Contract Tower,0,5,12,0,17,0,0,0,0,0,0,5,12,0,17,0,0,0,17
09/30/2020,LBE,PA,AEA,CE,Federal Contract Tower,0,13,16,1,30,0,1,18,2,21,0,14,34,3,51,22,0,22,73
10/01/2020,LBE,PA,AEA,CE,Federal Contract Tower,0,14,7,0,21,0,20,33,0,53,0,34,40,0,74,48,0,48,122
10/02/2020,LBE,PA,AEA,CE,Federal Contract Tower,2,9,18,0,29,0,1,12,0,13,2,10,30,0,42,0,0,0,42
10/03/2020,LBE,PA,AEA,CE,Federal Contract Tower,0,2,8,0,10,0,0,47,0,47,0,2,55,0,57,28,0,28,85
10/04/2020,LBE,PA,AEA,CE,Federal Contract Tower,2,13,12,0,27,0,4,36,0,40,2,17,48,0,67,16,0,16,83
10/05/2020,LBE,PA,AEA,CE,Federal Contract Tower,0,7,5,0,12,0,0,30,2,32,0,7,35,2,44,16,0,16,60
10/06/2020,LBE,PA,AEA,CE,Federal Contract Tower,0,5,11,2,18,0,3,53,2,58,0,8,64,4,76,60,4,64,140
10/07/2020,LBE,PA,AEA,CE,Federal Contract Tower,0,11,6,2,19,0,1,11,1,13,0,12,17,3,32,0,0,0,32
10/08/2020,LBE,PA,AEA,CE,Federal Contract Tower,4,19,26,2,51,0,2,40,6,48,4,21,66,8,99,28,0,28,127
10/09/2020,LBE,PA,AEA,CE,Federal Contract Tower,4,10,7,0,21,0,0,56,0,56,4,10,63,0,77,44,0,44,121
10/10/2020,LBE,PA,AEA,CE,Federal Contract Tower,4,3,6,0,13,0,3,31,0,34,4,6,37,0,47,14,0,14,61
10/11/2020,LBE,PA,AEA,CE,Federal Contract Tower,4,12,5,0,21,0,1,11,0,12,4,13,16,0,33,32,0,32,65
10/12/2020,LBE,PA,AEA,CE,Federal Contract Tower,4,15,7,0,26,0,0,0,0,0,4,15,7,0,26,0,0,0,26
10/13/2020,LBE,PA,AEA,CE,Federal Contract Tower,0,19,1,0,20,0,3,26,0,29,0,22,27,0,49,18,0,18,67
10/14/2020,LBE,PA,AEA,CE,Federal Contract Tower,0,9,8,0,17,0,1,75,0,76,0,10,83,0,93,48,0,48,141
10/15/2020,LBE,PA,AEA,CE,Federal Contract Tower,4,16,22,0,42,0,0,18,0,18,4,16,40,0,60,0,0,0,60
10/16/2020,LBE,PA,AEA,CE,Federal Contract Tower,4,10,16,0,30,0,8,25,0,33,4,18,41,0,63,22,0,22,85
10/17/2020,LBE,PA,AEA,CE,Federal Contract Tower,4,3,17,2,26,0,0,75,0,75,4,3,92,2,101,54,0,54,155
10/18/2020,LBE,PA,AEA,CE,Federal Contract Tower,4,7,22,0,33,0,0,71,0,71,4,7,93,0,104,22,0,22,126
10/19/2020,LBE,PA,AEA,CE,Federal Contract Tower,4,15,4,0,23,0,0,2,0,2,4,15,6,0,25,0,0,0,25
10/20/2020,LBE,PA,AEA,CE,Federal Contract Tower,0,13,8,0,21,0,1,17,0,18,0,14,25,0,39,18,0,18,57
10/21/2020,LBE,PA,AEA,CE,Federal Contract Tower,0,18,16,0,34,0,3,22,0,25,0,21,38,0,59,6,0,6,65
10/22/2020,LBE,PA,AEA,CE,Federal Contract Tower,4,11,15,0,30,0,0,58,0,58,4,11,73,0,88,30,2,32,120
10/23/2020,LBE,PA,AEA,CE,Federal Contract Tower,4,7,13,2,26,0,3,41,0,44,4,10,54,2,70,6,0,6,76
10/24/2020,LBE,PA,AEA,CE,Federal Contract Tower,4,0,7,0,11,0,0,0,0,0,4,0,7,0,11,0,0,0,11
10/25/2020,LBE,PA,AEA,CE,Federal Contract Tower,4,14,10,0,28,0,2,18,0,20,4,16,28,0,48,16,0,16,64
10/26/2020,LBE,PA,AEA,CE,Federal Contract Tower,4,15,5,0,24,0,0,0,0,0,4,15,5,0,24,0,0,0,24
10/27/2020,LBE,PA,AEA,CE,Federal Contract Tower,0,10,4,2,16,0,0,26,0,26,0,10,30,2,42,0,0,0,42
10/28/2020,LBE,PA,AEA,CE,Federal Contract Tower,0,10,16,0,26,0,0,0,0,0,0,10,16,0,26,0,0,0,26
10/29/2020,LBE,PA,AEA,CE,Federal Contract Tower,4,6,8,0,18,0,0,0,0,0,4,6,8,0,18,0,0,0,18
10/30/2020,LBE,PA,AEA,CE,Federal Contract Tower,6,19,5,0,30,0,2,2,0,4,6,21,7,0,34,0,0,0,34
10/31/2020,LBE,PA,AEA,CE,Federal Contract Tower,4,4,18,0,26,0,3,59,0,62,4,7,77,0,88,14,0,14,102
11/01/2020,LBE,PA,AEA,CE,Federal Contract Tower,6,9,4,1,20,0,2,0,0,2,6,11,4,1,22,0,0,0,22
11/02/2020,LBE,PA,AEA,CE,Federal Contract Tower,4,12,6,4,26,0,2,0,0,2,4,14,6,4,28,2,0,2,30
11/03/2020,LBE,PA,AEA,CE,Federal Contract Tower,0,3,7,0,10,0,4,32,0,36,0,7,39,0,46,10,0,10,56
11/04/2020,LBE,PA,AEA,CE,Federal Contract Tower,0,4,12,0,16,0,4,29,0,33,0,8,41,0,49,10,0,10,59
11/05/2020,LBE,PA,AEA,CE,Federal Contract Tower,4,14,8,0,26,0,0,50,0,50,4,14,58,0,76,0,0,0,76
11/06/2020,LBE,PA,AEA,CE,Federal Contract Tower,4,3,7,0,14,0,0,50,0,50,4,3,57,0,64,18,0,18,82
11/07/2020,LBE,PA,AEA,CE,Federal Contract Tower,4,5,9,0,18,0,4,88,0,92,4,9,97,0,110,78,0,78,188
11/08/2020,LBE,PA,AEA,CE,Federal Contract Tower,4,6,8,0,18,0,2,99,2,103,4,8,107,2,121,38,0,38,159
11/09/2020,LBE,PA,AEA,CE,Federal Contract Tower,4,3,6,0,13,0,4,72,0,76,4,7,78,0,89,50,0,50,139
11/10/2020,LBE,PA,AEA,CE,Federal Contract Tower,0,7,16,0,23,0,0,61,0,61,0,7,77,0,84,12,0,12,96
11/11/2020,LBE,PA,AEA,CE,Federal Contract Tower,0,15,14,0,29,0,0,0,0,0,0,15,14,0,29,0,0,0,29
11/12/2020,LBE,PA,AEA,CE,Federal Contract Tower,4,10,10,2,26,0,0,20,0,20,4,10,30,2,46,4,0,4,50
11/13/2020,LBE,PA,AEA,CE,Federal Contract Tower,4,10,8,0,22,0,0,16,0,16,4,10,24,0,38,18,0,18,56
11/14/2020,LBE,PA,AEA,CE,Federal Contract Tower,4,8,11,0,23,0,0,81,0,81,4,8,92,0,104,48,0,48,152
11/15/2020,LBE,PA,AEA,CE,Federal Contract Tower,4,8,2,0,14,0,0,2,0,2,4,8,4,0,16,0,0,0,16
11/16/2020,LBE,PA,AEA,CE,Federal Contract Tower,4,17,4,0,25,0,2,15,0,17,4,19,19,0,42,2,0,2,44
11/17/2020,LBE,PA,AEA,CE,Federal Contract Tower,0,17,6,0,23,0,2,0,0,2,0,19,6,0,25,0,0,0,25
11/18/2020,LBE,PA,AEA,CE,Federal Contract Tower,4,17,5,5,31,0,1,25,2,28,4,18,30,7,59,26,2,28,87
11/19/2020,LBE,PA,AEA,CE,Federal Contract Tower,5,6,7,3,21,0,5,15,1,21,5,11,22,4,42,40,0,40,82
11/20/2020,LBE,PA,AEA,CE,Federal Contract Tower,6,10,11,0,27,0,4,12,0,16,6,14,23,0,43,6,0,6,49
11/21/2020,LBE,PA,AEA,CE,Federal Contract Tower,6,9,10,0,25,0,0,18,0,18,6,9,28,0,43,52,0,52,95
11/22/2020,LBE,PA,AEA,CE,Federal Contract Tower,5,13,8,0,26,0,0,6,0,6,5,13,14,0,32,2,0,2,34
11/23/2020,LBE,PA,AEA,CE,Federal Contract Tower,6,14,10,0,30,0,3,4,0,7,6,17,14,0,37,0,0,0,37
11/24/2020,LBE,PA,AEA,CE,Federal Contract Tower,6,12,4,0,22,0,6,68,4,78,6,18,72,4,100,68,0,68,168
11/25/2020,LBE,PA,AEA,CE,Federal Contract Tower,6,8,7,2,23,0,3,13,0,16,6,11,20,2,39,0,0,0,39
11/26/2020,LBE,PA,AEA,CE,Federal Contract Tower,2,1,1,0,4,0,0,0,0,0,2,1,1,0,4,0,0,0,4
11/27/2020,LBE,PA,AEA,CE,Federal Contract Tower,6,4,7,0,17,0,0,2,0,2,6,4,9,0,19,6,0,6,25
11/28/2020,LBE,PA,AEA,CE,Federal Contract Tower,6,3,6,0,15,0,0,21,0,21,6,3,27,0,36,6,0,6,42
11/29/2020,LBE,PA,AEA,CE,Federal Contract Tower,6,19,7,0,32,0,1,83,0,84,6,20,90,0,116,16,0,16,132
11/30/2020,LBE,PA,AEA,CE,Federal Contract Tower,6,6,7,0,19,0,0,1,0,1,6,6,8,0,20,0,0,0,20
12/01/2020,LBE,PA,AEA,CE,Federal Contract Tower,5,3,6,0,14,0,0,0,0,0,5,3,6,0,14,0,0,0,14
12/02/2020,LBE,PA,AEA,CE,Federal Contract Tower,0,6,10,0,16,0,2,3,2,7,0,8,13,2,23,0,4,4,27
12/03/2020,LBE,PA,AEA,CE,Federal Contract Tower,2,7,11,1,21,0,0,55,0,55,2,7,66,1,76,78,0,78,154
12/04/2020,LBE,PA,AEA,CE,Federal Contract Tower,4,7,4,0,15,0,1,13,0,14,4,8,17,0,29,10,0,10,39
12/05/2020,LBE,PA,AEA,CE,Federal Contract Tower,2,4,4,0,10,0,4,4,0,8,2,8,8,0,18,4,0,4,22
12/06/2020,LBE,PA,AEA,CE,Federal Contract Tower,2,7,3,0,12,0,1,3,0,4,2,8,6,0,16,0,0,0,16
12/07/2020,LBE,PA,AEA,CE,Federal Contract Tower,4,1,3,6,14,0,0,13,0,13,4,1,16,6,27,24,0,24,51
12/08/2020,LBE,PA,AEA,CE,Federal Contract Tower,0,3,8,0,11,0,0,8,0,8,0,3,16,0,19,0,0,0,19
12/09/2020,LBE,PA,AEA,CE,Federal Contract Tower,0,5,16,0,21,0,0,0,0,0,0,5,16,0,21,0,0,0,21
12/10/2020,LBE,PA,AEA,CE,Federal Contract Tower,2,13,4,0,19,0,0,63,0,63,2,13,67,0,82,30,0,30,112
12/11/2020,LBE,PA,AEA,CE,Federal Contract Tower,6,3,2,0,11,0,1,53,0,54,6,4,55,0,65,16,0,16,81
12/13/2020,LBE,PA,AEA,CE,Federal Contract Tower,5,4,6,0,15,0,0,0,0,0,5,4,6,0,15,0,0,0,15
12/14/2020,LBE,PA,AEA,CE,Federal Contract Tower,5,6,3,0,14,0,2,6,0,8,5,8,9,0,22,0,0,0,22
12/15/2020,LBE,PA,AEA,CE,Federal Contract Tower,0,7,7,0,14,0,0,52,2,54,0,7,59,2,68,20,6,26,94
12/16/2020,LBE,PA,AEA,CE,Federal Contract Tower,4,3,0,0,7,0,0,0,0,0,4,3,0,0,7,0,0,0,7
12/17/2020,LBE,PA,AEA,CE,Federal Contract Tower,5,6,7,0,18,0,0,0,0,0,5,6,7,0,18,0,0,0,18
12/18/2020,LBE,PA,AEA,CE,Federal Contract Tower,5,2,7,0,14,0,4,1,0,5,5,6,8,0,19,0,0,0,19
12/19/2020,LBE,PA,AEA,CE,Federal Contract Tower,6,12,11,0,29,0,3,42,0,45,6,15,53,0,74,20,0,20,94
12/20/2020,LBE,PA,AEA,CE,Federal Contract Tower,5,7,4,0,16,0,4,0,0,4,5,11,4,0,20,0,0,0,20
12/21/2020,LBE,PA,AEA,CE,Federal Contract Tower,4,11,11,0,26,0,1,7,0,8,4,12,18,0,34,20,0,20,54
12/22/2020,LBE,PA,AEA,CE,Federal Contract Tower,5,10,15,0,30,0,0,2,4,6,5,10,17,4,36,10,4,14,50
12/23/2020,LBE,PA,AEA,CE,Federal Contract Tower,5,9,11,0,25,0,2,51,0,53,5,11,62,0,78,0,0,0,78
12/24/2020,LBE,PA,AEA,CE,Federal Contract Tower,6,0,3,0,9,0,0,0,0,0,6,0,3,0,9,0,0,0,9
12/25/2020,LBE,PA,AEA,CE,Federal Contract Tower,5,0,2,0,7,0,0,0,0,0,5,0,2,0,7,0,0,0,7
12/26/2020,LBE,PA,AEA,CE,Federal Contract Tower,5,9,0,0,14,0,1,1,0,2,5,10,1,0,16,0,0,0,16
12/27/2020,LBE,PA,AEA,CE,Federal Contract Tower,5,7,18,0,30,0,0,51,0,51,5,7,69,0,81,30,0,30,111
12/28/2020,LBE,PA,AEA,CE,Federal Contract Tower,4,11,3,1,19,0,3,10,0,13,4,14,13,1,32,14,0,14,46
12/29/2020,LBE,PA,AEA,CE,Federal Contract Tower,5,6,24,0,35,0,2,29,2,33,5,8,53,2,68,2,0,2,70
12/30/2020,LBE,PA,AEA,CE,Federal Contract Tower,5,6,12,0,23,0,0,2,27,29,5,6,14,27,52,64,0,64,116
12/31/2020,LBE,PA,AEA,CE,Federal Contract Tower,7,2,4,0,13,0,2,27,0,29,7,4,31,0,42,0,0,0,42
01/01/2021,LBE,PA,AEA,CE,Federal Contract Tower,3,7,0,0,10,0,0,0,0,0,3,7,0,0,10,0,0,0,10
01/02/2021,LBE,PA,AEA,CE,Federal Contract Tower,5,2,6,0,13,0,0,0,0,0,5,2,6,0,13,0,0,0,13
01/03/2021,LBE,PA,AEA,CE,Federal Contract Tower,6,6,1,0,13,0,2,4,0,6,6,8,5,0,19,6,0,6,25
01/04/2021,LBE,PA,AEA,CE,Federal Contract Tower,3,4,7,0,14,0,0,0,0,0,3,4,7,0,14,0,0,0,14
01/05/2021,LBE,PA,AEA,CE,Federal Contract Tower,5,6,2,0,13,0,0,0,0,0,5,6,2,0,13,0,0,0,13
01/06/2021,LBE,PA,AEA,CE,Federal Contract Tower,0,8,2,0,10,0,0,9,0,9,0,8,11,0,19,10,0,10,29
01/07/2021,LBE,PA,AEA,CE,Federal Contract Tower,2,7,3,0,12,0,2,53,0,55,2,9,56,0,67,78,0,78,145
01/08/2021,LBE,PA,AEA,CE,Federal Contract Tower,2,5,5,0,12,0,4,30,4,38,2,9,35,4,50,40,0,40,90
01/09/2021,LBE,PA,AEA,CE,Federal Contract Tower,0,6,8,0,14,0,1,59,0,60,0,7,67,0,74,78,0,78,152
01/10/2021,LBE,PA,AEA,CE,Federal Contract Tower,2,4,14,0,20,0,0,0,0,0,2,4,14,0,20,74,0,74,94
01/11/2021,LBE,PA,AEA,CE,Federal Contract Tower,2,5,8,0,15,0,1,16,0,17,2,6,24,0,32,16,0,16,48
01/12/2021,LBE,PA,AEA,CE,Federal Contract Tower,0,10,2,0,12,0,0,29,0,29,0,10,31,0,41,72,0,72,113
01/13/2021,LBE,PA,AEA,CE,Federal Contract Tower,0,2,27,4,33,0,6,21,0,27,0,8,48,4,60,18,0,18,78
01/14/2021,LBE,PA,AEA,CE,Federal Contract Tower,2,8,10,4,24,0,1,30,0,31,2,9,40,4,55,8,0,8,63
01/15/2021,LBE,PA,AEA,CE,Federal Contract Tower,2,4,3,0,9,0,0,2,2,4,2,4,5,2,13,0,4,4,17
01/16/2021,LBE,PA,AEA,CE,Federal Contract Tower,2,2,4,0,8,0,0,0,0,0,2,2,4,0,8,0,0,0,8
01/17/2021,LBE,PA,AEA,CE,Federal Contract Tower,2,3,1,0,6,0,0,0,0,0,2,3,1,0,6,0,0,0,6
01/18/2021,LBE,PA,AEA,CE,Federal Contract Tower,2,5,5,0,12,0,0,2,0,2,2,5,7,0,14,0,0,0,14
01/19/2021,LBE,PA,AEA,CE,Federal Contract Tower,0,6,19,0,25,0,3,15,0,18,0,9,34,0,43,18,0,18,61
01/20/2021,LBE,PA,AEA,CE,Federal Contract Tower,0,5,7,0,12,0,4,16,2,22,0,9,23,2,34,16,8,24,58
01/21/2021,LBE,PA,AEA,CE,Federal Contract Tower,2,7,9,2,20,0,0,7,10,17,2,7,16,12,37,6,0,6,43
01/22/2021,LBE,PA,AEA,CE,Federal Contract Tower,2,6,3,0,11,0,6,10,0,16,2,12,13,0,27,0,0,0,27
01/23/2021,LBE,PA,AEA,CE,Federal Contract Tower,0,1,5,0,6,0,0,26,0,26,0,1,31,0,32,84,0,84,116
01/24/2021,LBE,PA,AEA,CE,Federal Contract Tower,2,6,6,1,15,0,0,36,0,36,2,6,42,1,51,46,0,46,97
01/25/2021,LBE,PA,AEA,CE,Federal Contract Tower,2,7,3,0,12,0,0,0,0,0,2,7,3,0,12,0,0,0,12
01/26/2021,LBE,PA,AEA,CE,Federal Contract Tower,0,6,4,0,10,0,0,0,0,0,0,6,4,0,10,0,0,0,10
01/27/2021,LBE,PA,AEA,CE,Federal Contract Tower,0,5,7,13,25,0,0,23,0,23,0,5,30,13,48,36,0,36,84
01/28/2021,LBE,PA,AEA,CE,Federal Contract Tower,2,10,15,0,27,0,0,5,0,5,2,10,20,0,32,0,0,0,32
01/29/2021,LBE,PA,AEA,CE,Federal Contract Tower,2,7,10,2,21,0,0,10,0,10,2,7,20,2,31,8,0,8,39
01/30/2021,LBE,PA,AEA,CE,Federal Contract Tower,0,9,10,2,21,0,0,70,0,70,0,9,80,2,91,46,0,46,137
01/31/2021,LBE,PA,AEA,CE,Federal Contract Tower,2,2,3,0,7,0,0,0,0,0,2,2,3,0,7,0,0,0,7
02/01/2021,LBE,PA,AEA,CE,Federal Contract Tower,2,2,2,0,6,0,7,0,0,7,2,9,2,0,13,0,0,0,13
02/02/2021,LBE,PA,AEA,CE,Federal Contract Tower,0,4,0,0,4,0,0,6,0,6,0,4,6,0,10,0,0,0,10
02/03/2021,LBE,PA,AEA,CE,Federal Contract Tower,0,3,9,1,13,0,0,23,1,24,0,3,32,2,37,10,0,10,47
02/04/2021,LBE,PA,AEA,CE,Federal Contract Tower,4,13,4,8,29,0,2,45,2,49,4,15,49,10,78,48,0,48,126
02/05/2021,LBE,PA,AEA,CE,Federal Contract Tower,2,10,6,0,18,0,0,3,6,9,2,10,9,6,27,0,4,4,31
02/06/2021,LBE,PA,AEA,CE,Federal Contract Tower,2,0,13,0,15,0,0,10,0,10,2,0,23,0,25,18,0,18,43
02/07/2021,LBE,PA,AEA,CE,Federal Contract Tower,4,2,0,0,6,0,0,2,0,2,4,2,2,0,8,4,0,4,12
02/08/2021,LBE,PA,AEA,CE,Federal Contract Tower,2,9,6,2,19,0,1,28,6,35,2,10,34,8,54,4,0,4,58
02/09/2021,LBE,PA,AEA,CE,Federal Contract Tower,0,7,3,0,10,0,0,0,0,0,0,7,3,0,10,0,0,0,10
02/10/2021,LBE,PA,AEA,CE,Federal Contract Tower,2,6,3,2,13,0,0,7,0,7,2,6,10,2,20,0,0,0,20
02/11/2021,LBE,PA,AEA,CE,Federal Contract Tower,2,14,10,0,26,0,4,11,0,15,2,18,21,0,41,12,0,12,53
02/12/2021,LBE,PA,AEA,CE,Federal Contract Tower,4,10,5,0,19,0,0,2,4,6,4,10,7,4,25,0,0,0,25
02/13/2021,LBE,PA,AEA,CE,Federal Contract Tower,2,3,3,0,8,0,0,4,0,4,2,3,7,0,12,4,0,4,16
02/14/2021,LBE,PA,AEA,CE,Federal Contract Tower,2,3,2,0,7,0,0,0,0,0,2,3,2,0,7,0,0,0,7
02/15/2021,LBE,PA,AEA,CE,Federal Contract Tower,4,7,2,0,13,0,0,0,0,0,4,7,2,0,13,0,0,0,13
02/16/2021,LBE,PA,AEA,CE,Federal Contract Tower,2,6,3,0,11,0,0,0,0,0,2,6,3,0,11,0,0,0,11
02/17/2021,LBE,PA,AEA,CE,Federal Contract Tower,2,3,8,0,13,0,0,36,0,36,2,3,44,0,49,0,0,0,49
02/18/2021,LBE,PA,AEA,CE,Federal Contract Tower,2,9,0,0,11,0,0,0,0,0,2,9,0,0,11,0,0,0,11
02/19/2021,LBE,PA,AEA,CE,Federal Contract Tower,4,11,7,0,22,0,2,3,0,5,4,13,10,0,27,0,0,0,27
02/20/2021,LBE,PA,AEA,CE,Federal Contract Tower,2,8,3,0,13,0,2,1,0,3,2,10,4,0,16,0,0,0,16
02/21/2021,LBE,PA,AEA,CE,Federal Contract Tower,2,14,11,0,27,0,0,78,3,81,2,14,89,3,108,70,0,70,178
02/22/2021,LBE,PA,AEA,CE,Federal Contract Tower,4,6,4,5,19,0,0,0,0,0,4,6,4,5,19,0,0,0,19
02/23/2021,LBE,PA,AEA,CE,Federal Contract Tower,2,10,5,0,17,0,1,7,4,12,2,11,12,4,29,4,0,4,33
02/24/2021,LBE,PA,AEA,CE,Federal Contract Tower,2,5,6,0,13,0,4,28,0,32,2,9,34,0,45,6,0,6,51
02/25/2021,LBE,PA,AEA,CE,Federal Contract Tower,2,9,9,2,22,0,0,62,0,62,2,9,71,2,84,54,0,54,138
02/26/2021,LBE,PA,AEA,CE,Federal Contract Tower,4,13,11,5,33,0,0,41,6,47,4,13,52,11,80,86,4,90,170
02/27/2021,LBE,PA,AEA,CE,Federal Contract Tower,4,1,8,0,13,0,0,2,0,2,4,1,10,0,15,8,0,8,23
02/28/2021,LBE,PA,AEA,CE,Federal Contract Tower,2,7,4,0,13,0,0,1,0,1,2,7,5,0,14,0,0,0,14
03/01/2021,LBE,PA,AEA,CE,Federal Contract Tower,4,5,3,2,14,0,0,1,0,1,4,5,4,2,15,0,0,0,15
03/02/2021,LBE,PA,AEA,CE,Federal Contract Tower,4,8,10,2,24,0,0,50,2,52,4,8,60,4,76,88,0,88,164
03/03/2021,LBE,PA,AEA,CE,Federal Contract Tower,4,5,10,0,19,0,0,45,0,45,4,5,55,0,64,26,0,26,90
03/04/2021,LBE,PA,AEA,CE,Federal Contract Tower,4,7,8,0,19,0,0,15,0,15,4,7,23,0,34,18,0,18,52
03/05/2021,LBE,PA,AEA,CE,Federal Contract Tower,4,12,6,0,22,0,2,34,0,36,4,14,40,0,58,28,0,28,86
03/06/2021,LBE,PA,AEA,CE,Federal Contract Tower,4,4,2,3,13,0,0,16,0,16,4,4,18,3,29,48,0,48,77
03/07/2021,LBE,PA,AEA,CE,Federal Contract Tower,4,10,13,0,27,0,1,63,0,64,4,11,76,0,91,24,0,24,115
03/08/2021,LBE,PA,AEA,CE,Federal Contract Tower,4,8,9,8,29,0,3,30,0,33,4,11,39,8,62,26,0,26,88
03/09/2021,LBE,PA,AEA,CE,Federal Contract Tower,4,5,5,8,22,0,1,44,0,45,4,6,49,8,67,74,0,74,141
03/10/2021,LBE,PA,AEA,CE,Federal Contract Tower,6,7,10,0,23,0,2,23,0,25,6,9,33,0,48,12,0,12,60
03/11/2021,LBE,PA,AEA,CE,Federal Contract Tower,8,6,12,8,34,0,2,3,0,5,8,8,15,8,39,0,0,0,39
03/12/2021,LBE,PA,AEA,CE,Federal Contract Tower,6,12,11,2,31,0,0,62,0,62,6,12,73,2,93,32,0,32,125
03/13/2021,LBE,PA,AEA,CE,Federal Contract Tower,6,2,4,0,12,0,1,49,2,52,6,3,53,2,64,22,6,28,92
03/14/2021,LBE,PA,AEA,CE,Federal Contract Tower,8,11,7,0,26,0,1,15,0,16,8,12,22,0,42,8,0,8,50
03/15/2021,LBE,PA,AEA,CE,Federal Contract Tower,6,11,7,4,28,0,2,35,0,37,6,13,42,4,65,26,0,26,91
03/16/2021,LBE,PA,AEA,CE,Federal Contract Tower,6,3,5,4,18,0,4,19,0,23,6,7,24,4,41,10,0,10,51
03/17/2021,LBE,PA,AEA,CE,Federal Contract Tower,7,9,10,8,34,0,0,71,0,71,7,9,81,8,105,48,0,48,153
03/18/2021,LBE,PA,AEA,CE,Federal Contract Tower,9,10,4,0,23,0,0,1,0,1,9,10,5,0,24,0,0,0,24
03/19/2021,LBE,PA,AEA,CE,Federal Contract Tower,6,17,5,0,28,0,0,22,0,22,6,17,27,0,50,35,0,35,85
03/20/2021,LBE,PA,AEA,CE,Federal Contract Tower,6,2,4,0,12,0,0,65,0,65,6,2,69,0,77,0,0,0,77
03/21/2021,LBE,PA,AEA,CE,Federal Contract Tower,10,13,17,0,40,0,1,56,0,57,10,14,73,0,97,22,0,22,119
03/22/2021,LBE,PA,AEA,CE,Federal Contract Tower,6,7,6,0,19,0,7,58,0,65,6,14,64,0,84,8,0,8,92
03/23/2021,LBE,PA,AEA,CE,Federal Contract Tower,6,7,3,4,20,0,0,52,0,52,6,7,55,4,72,60,0,60,132
03/24/2021,LBE,PA,AEA,CE,Federal Contract Tower,6,5,4,4,19,0,0,35,0,35,6,5,39,4,54,24,0,24,78
03/25/2021,LBE,PA,AEA,CE,Federal Contract Tower,8,6,8,0,22,0,0,17,0,17,8,6,25,0,39,0,0,0,39
03/26/2021,LBE,PA,AEA,CE,Federal Contract Tower,5,8,2,0,15,0,1,1,0,2,5,9,3,0,17,0,0,0,17
03/27/2021,LBE,PA,AEA,CE,Federal Contract Tower,8,7,9,0,24,0,0,71,0,71,8,7,80,0,95,44,0,44,139
03/28/2021,LBE,PA,AEA,CE,Federal Contract Tower,9,11,2,0,22,0,0,0,0,0,9,11,2,0,22,0,0,0,22
03/29/2021,LBE,PA,AEA,CE,Federal Contract Tower,6,6,11,0,23,0,5,19,1,25,6,11,30,1,48,3,0,3,51
03/30/2021,LBE,PA,AEA,CE,Federal Contract Tower,6,12,9,2,29,0,2,47,1,50,6,14,56,3,79,38,0,38,117
03/31/2021,LBE,PA,AEA,CE,Federal Contract Tower,6,9,16,0,31,0,0,9,0,9,6,9,25,0,40,0,0,0,40
04/01/2021,LBE,PA,AEA,CE,Federal Contract Tower,6,9,2,0,17,0,0,1,0,1,6,9,3,0,18,0,0,0,18
04/02/2021,LBE,PA,AEA,CE,Federal Contract Tower,6,4,9,0,19,0,0,13,0,13,6,4,22,0,32,0,0,0,32
04/03/2021,LBE,PA,AEA,CE,Federal Contract Tower,6,11,11,0,28,0,1,52,0,53,6,12,63,0,81,18,0,18,99
04/04/2021,LBE,PA,AEA,CE,Federal Contract Tower,7,8,9,0,24,0,0,24,0,24,7,8,33,0,48,8,0,8,56
04/05/2021,LBE,PA,AEA,CE,Federal Contract Tower,6,12,5,2,25,0,0,68,0,68,6,12,73,2,93,58,0,58,151
04/06/2021,LBE,PA,AEA,CE,Federal Contract Tower,6,13,7,0,26,0,2,58,0,60,6,15,65,0,86,58,0,58,144
04/07/2021,LBE,PA,AEA,CE,Federal Contract Tower,6,17,3,2,28,0,0,51,0,51,6,17,54,2,79,20,0,20,99
04/08/2021,LBE,PA,AEA,CE,Federal Contract Tower,8,5,3,3,19,0,1,27,0,28,8,6,30,3,47,0,0,0,47
04/09/2021,LBE,PA,AEA,CE,Federal Contract Tower,6,5,5,0,16,0,0,13,0,13,6,5,18,0,29,2,0,2,31
04/10/2021,LBE,PA,AEA,CE,Federal Contract Tower,6,8,7,0,21,0,6,88,0,94,6,14,95,0,115,8,0,8,123
04/11/2021,LBE,PA,AEA,CE,Federal Contract Tower,4,11,9,0,24,0,0,19,0,19,4,11,28,0,43,48,0,48,91
04/12/2021,LBE,PA,AEA,CE,Federal Contract Tower,6,17,11,0,34,0,0,12,0,12,6,17,23,0,46,36,0,36,82
04/13/2021,LBE,PA,AEA,CE,Federal Contract Tower,6,10,25,0,41,0,2,63,0,65,6,12,88,0,106,148,2,150,256
04/14/2021,LBE,PA,AEA,CE,Federal Contract Tower,6,14,9,0,29,0,1,51,0,52,6,15,60,0,81,62,0,62,143
04/15/2021,LBE,PA,AEA,CE,Federal Contract Tower,6,26,7,0,39,0,1,21,0,22,6,27,28,0,61,20,0,20,81
04/16/2021,LBE,PA,AEA,CE,Federal Contract Tower,6,7,3,2,18,0,0,2,0,2,6,7,5,2,20,0,0,0,20
04/17/2021,LBE,PA,AEA,CE,Federal Contract Tower,6,9,12,0,27,0,0,10,0,10,6,9,22,0,37,6,0,6,43
04/18/2021,LBE,PA,AEA,CE,Federal Contract Tower,7,3,5,0,15,0,3,65,0,68,7,6,70,0,83,50,0,50,133
04/19/2021,LBE,PA,AEA,CE,Federal Contract Tower,7,12,6,0,25,0,4,35,3,42,7,16,41,3,67,40,0,40,107
04/20/2021,LBE,PA,AEA,CE,Federal Contract Tower,6,3,8,3,20,0,4,45,4,53,6,7,53,7,73,70,0,70,143
04/21/2021,LBE,PA,AEA,CE,Federal Contract Tower,6,10,1,0,17,0,2,0,0,2,6,12,1,0,19,0,0,0,19
04/22/2021,LBE,PA,AEA,CE,Federal Contract Tower,6,10,6,0,22,1,12,1,0,14,7,22,7,0,36,0,0,0,36
04/23/2021,LBE,PA,AEA,CE,Federal Contract Tower,8,6,8,0,22,0,0,38,0,38,8,6,46,0,60,36,0,36,96
04/24/2021,LBE,PA,AEA,CE,Federal Contract Tower,5,6,5,0,16,0,0,45,0,45,5,6,50,0,61,64,0,64,125
04/25/2021,LBE,PA,AEA,CE,Federal Contract Tower,5,8,5,0,18,0,0,13,0,13,5,8,18,0,31,0,0,0,31
04/26/2021,LBE,PA,AEA,CE,Federal Contract Tower,7,5,19,6,37,0,3,63,0,66,7,8,82,6,103,90,0,90,193
04/27/2021,LBE,PA,AEA,CE,Federal Contract Tower,7,6,10,4,27,0,3,41,0,44,7,9,51,4,71,16,0,16,87
04/28/2021,LBE,PA,AEA,CE,Federal Contract Tower,6,17,9,4,36,0,0,13,0,13,6,17,22,4,49,6,0,6,55
04/29/2021,LBE,PA,AEA,CE,Federal Contract Tower,6,10,3,0,19,0,0,0,0,0,6,10,3,0,19,0,0,0,19
04/30/2021,LBE,PA,AEA,CE,Federal Contract Tower,8,11,4,0,23,0,2,2,0,4,8,13,6,0,27,0,0,0,27
05/01/2021,LBE,PA,AEA,CE,Federal Contract Tower,6,7,10,0,23,0,9,77,0,86,6,16,87,0,109,118,0,118,227
05/02/2021,LBE,PA,AEA,CE,Federal Contract Tower,6,15,7,0,28,0,2,23,0,25,6,17,30,0,53,18,0,18,71
05/03/2021,LBE,PA,AEA,CE,Federal Contract Tower,6,4,15,0,25,0,0,12,0,12,6,4,27,0,37,36,0,36,73
05/04/2021,LBE,PA,AEA,CE,Federal Contract Tower,5,5,1,0,11,0,0,14,0,14,5,5,15,0,25,42,0,42,67
05/05/2021,LBE,PA,AEA,CE,Federal Contract Tower,9,9,12,0,30,0,0,4,0,4,9,9,16,0,34,0,0,0,34
05/06/2021,LBE,PA,AEA,CE,Federal Contract Tower,9,2,17,2,30,0,10,52,8,70,9,12,69,10,100,156,6,162,262
05/07/2021,LBE,PA,AEA,CE,Federal Contract Tower,8,7,9,0,24,0,0,14,0,14,8,7,23,0,38,2,0,2,40
05/08/2021,LBE,PA,AEA,CE,Federal Contract Tower,8,12,10,0,30,0,2,9,0,11,8,14,19,0,41,0,0,0,41
05/09/2021,LBE,PA,AEA,CE,Federal Contract Tower,8,5,4,0,17,0,0,1,0,1,8,5,5,0,18,0,0,0,18
05/10/2021,LBE,PA,AEA,CE,Federal Contract Tower,8,4,9,0,21,0,1,37,0,38,8,5,46,0,59,70,0,70,129
05/11/2021,LBE,PA,AEA,CE,Federal Contract Tower,8,0,13,0,21,0,3,31,0,34,8,3,44,0,55,72,0,72,127
05/12/2021,LBE,PA,AEA,CE,Federal Contract Tower,10,13,18,2,43,0,1,70,0,71,10,14,88,2,114,108,0,108,222
05/13/2021,LBE,PA,AEA,CE,Federal Contract Tower,8,12,19,0,39,0,0,82,2,84,8,12,101,2,123,54,0,54,177
05/14/2021,LBE,PA,AEA,CE,Federal Contract Tower,8,3,13,0,24,0,3,56,0,59,8,6,69,0,83,50,0,50,133
05/15/2021,LBE,PA,AEA,CE,Federal Contract Tower,8,5,8,0,21,0,1,60,0,61,8,6,68,0,82,30,0,30,112
05/16/2021,LBE,PA,AEA,CE,Federal Contract Tower,9,11,9,0,29,0,1,51,0,52,9,12,60,0,81,10,0,10,91
05/17/2021,LBE,PA,AEA,CE,Federal Contract Tower,8,4,18,8,38,0,4,69,0,73,8,8,87,8,111,36,0,36,147
05/18/2021,LBE,PA,AEA,CE,Federal Contract Tower,8,3,4,1,16,0,2,57,4,63,8,5,61,5,79,26,0,26,105
05/19/2021,LBE,PA,AEA,CE,Federal Contract Tower,8,4,20,2,34,0,2,59,0,61,8,6,79,2,95,86,0,86,181
05/20/2021,LBE,PA,AEA,CE,Federal Contract Tower,8,15,16,0,39,0,0,51,3,54,8,15,67,3,93,30,0,30,123
05/21/2021,LBE,PA,AEA,CE,Federal Contract Tower,8,8,8,0,24,0,0,45,0,45,8,8,53,0,69,38,0,38,107
05/22/2021,LBE,PA,AEA,CE,Federal Contract Tower,8,7,8,0,23,0,0,51,0,51,8,7,59,0,74,16,0,16,90
05/23/2021,LBE,PA,AEA,CE,Federal Contract Tower,8,19,7,0,34,0,2,24,0,26,8,21,31,0,60,6,0,6,66
05/24/2021,LBE,PA,AEA,CE,Federal Contract Tower,8,2,6,0,16,0,2,7,0,9,8,4,13,0,25,0,0,0,25
05/25/2021,LBE,PA,AEA,CE,Federal Contract Tower,8,12,16,2,38,0,0,40,2,42,8,12,56,4,80,28,4,32,112
05/26/2021,LBE,PA,AEA,CE,Federal Contract Tower,8,24,9,1,42,0,2,3,0,5,8,26,12,1,47,0,0,0,47
05/27/2021,LBE,PA,AEA,CE,Federal Contract Tower,8,9,16,10,43,0,0,21,0,21,8,9,37,10,64,0,0,0,64
05/28/2021,LBE,PA,AEA,CE,Federal Contract Tower,8,10,5,16,39,0,0,5,0,5,8,10,10,16,44,0,0,0,44
05/29/2021,LBE,PA,AEA,CE,Federal Contract Tower,9,2,1,3,15,0,1,1,0,2,9,3,2,3,17,0,0,0,17
05/30/2021,LBE,PA,AEA,CE,Federal Contract Tower,8,0,7,8,23,0,0,1,0,1,8,0,8,8,24,0,0,0,24
05/31/2021,LBE,PA,AEA,CE,Federal Contract Tower,8,10,6,0,24,0,2,75,0,77,8,12,81,0,101,60,0,60,161
06/01/2021,LBE,PA,AEA,CE,Federal Contract Tower,8,12,16,2,38,0,0,58,0,58,8,12,74,2,96,54,0,54,150
06/02/2021,LBE,PA,AEA,CE,Federal Contract Tower,8,2,5,4,19,0,1,14,1,16,8,3,19,5,35,20,0,20,55
06/03/2021,LBE,PA,AEA,CE,Federal Contract Tower,9,16,6,2,33,0,0,1,2,3,9,16,7,4,36,0,0,0,36
06/04/2021,LBE,PA,AEA,CE,Federal Contract Tower,8,12,12,1,33,0,0,33,1,34,8,12,45,2,67,64,0,64,131
06/05/2021,LBE,PA,AEA,CE,Federal Contract Tower,8,1,3,0,12,0,0,38,0,38,8,1,41,0,50,46,0,46,96
06/06/2021,LBE,PA,AEA,CE,Federal Contract Tower,8,18,11,0,37,0,0,79,0,79,8,18,90,0,116,100,0,100,216
06/07/2021,LBE,PA,AEA,CE,Federal Contract Tower,8,3,8,0,19,0,1,24,0,25,8,4,32,0,44,28,0,28,72
06/08/2021,LBE,PA,AEA,CE,Federal Contract Tower,8,11,13,6,38,0,2,27,4,33,8,13,40,10,71,12,10,22,93
06/09/2021,LBE,PA,AEA,CE,Federal Contract Tower,7,15,9,6,37,0,1,7,0,8,7,16,16,6,45,10,0,10,55
06/10/2021,LBE,PA,AEA,CE,Federal Contract Tower,9,20,7,0,36,0,0,0,0,0,9,20,7,0,36,6,0,6,42
06/11/2021,LBE,PA,AEA,CE,Federal Contract Tower,8,17,6,0,31,0,2,5,0,7,8,19,11,0,38,6,0,6,44
06/12/2021,LBE,PA,AEA,CE,Federal Contract Tower,8,11,14,0,33,0,1,32,1,34,8,12,46,1,67,32,6,38,105
06/14/2021,LBE,PA,AEA,CE,Federal Contract Tower,8,10,10,0,28,0,1,48,0,49,8,11,58,0,77,54,0,54,131
06/15/2021,LBE,PA,AEA,CE,Federal Contract Tower,8,13,12,3,36,0,6,36,0,42,8,19,48,3,78,90,0,90,168
06/16/2021,LBE,PA,AEA,CE,Federal Contract Tower,8,6,22,0,36,0,10,64,0,74,8,16,86,0,110,42,0,42,152
06/17/2021,LBE,PA,AEA,CE,Federal Contract Tower,8,13,15,0,36,0,65,2,0,67,8,78,17,0,103,90,2,92,195
06/18/2021,LBE,PA,AEA,CE,Federal Contract Tower,8,11,13,0,32,0,0,22,0,22,8,11,35,0,54,30,0,30,84
06/19/2021,LBE,PA,AEA,CE,Federal Contract Tower,8,4,3,2,17,0,0,6,0,6,8,4,9,2,23,26,0,26,49
06/20/2021,LBE,PA,AEA,CE,Federal Contract Tower,8,4,10,0,22,0,6,29,0,35,8,10,39,0,57,38,0,38,95
06/21/2021,LBE,PA,AEA,CE,Federal Contract Tower,8,10,16,0,34,0,1,22,0,23,8,11,38,0,57,0,0,0,57
06/22/2021,LBE,PA,AEA,CE,Federal Contract Tower,8,7,13,4,32,0,0,39,6,45,8,7,52,10,77,58,0,58,135
06/23/2021,LBE,PA,AEA,CE,Federal Contract Tower,8,9,11,0,28,0,1,75,0,76,8,10,86,0,104,38,0,38,142
06/24/2021,LBE,PA,AEA,CE,Federal Contract Tower,8,13,20,0,41,0,0,96,0,96,8,13,116,0,137,20,0,20,157
06/25/2021,LBE,PA,AEA,CE,Federal Contract Tower,8,11,13,0,32,0,0,53,0,53,8,11,66,0,85,50,0,50,135
06/26/2021,LBE,PA,AEA,CE,Federal Contract Tower,8,14,20,0,42,0,5,33,0,38,8,19,53,0,80,0,0,0,80
06/27/2021,LBE,PA,AEA,CE,Federal Contract Tower,8,9,17,0,34,0,1,63,0,64,8,10,80,0,98,58,0,58,156
06/28/2021,LBE,PA,AEA,CE,Federal Contract Tower,8,18,9,2,37,0,3,52,0,55,8,21,61,2,92,56,0,56,148
06/29/2021,LBE,PA,AEA,CE,Federal Contract Tower,8,14,7,0,29,0,3,53,3,59,8,17,60,3,88,50,0,50,138
06/30/2021,LBE,PA,AEA,CE,Federal Contract Tower,7,16,14,0,37,0,3,39,0,42,7,19,53,0,79,16,0,16,95
07/01/2021,LBE,PA,AEA,CE,Federal Contract Tower,8,16,8,0,32,0,0,0,0,0,8,16,8,0,32,0,0,0,32
07/02/2021,LBE,PA,AEA,CE,Federal Contract Tower,10,8,12,0,30,0,5,15,0,20,10,13,27,0,50,24,0,24,74
07/03/2021,LBE,PA,AEA,CE,Federal Contract Tower,10,14,8,0,32,0,1,30,0,31,10,15,38,0,63,10,0,10,73
07/04/2021,LBE,PA,AEA,CE,Federal Contract Tower,8,5,7,0,20,0,0,43,0,43,8,5,50,0,63,20,0,20,83
07/05/2021,LBE,PA,AEA,CE,Federal Contract Tower,10,19,11,0,40,0,0,46,0,46,10,19,57,0,86,34,0,34,120
07/06/2021,LBE,PA,AEA,CE,Federal Contract Tower,7,9,8,1,25,0,2,62,2,66,7,11,70,3,91,40,0,40,131
07/07/2021,LBE,PA,AEA,CE,Federal Contract Tower,7,8,8,0,23,0,0,21,0,21,7,8,29,0,44,4,0,4,48
07/08/2021,LBE,PA,AEA,CE,Federal Contract Tower,8,8,2,0,18,0,0,4,0,4,8,8,6,0,22,0,0,0,22
07/09/2021,LBE,PA,AEA,CE,Federal Contract Tower,8,6,7,0,21,0,5,7,0,12,8,11,14,0,33,12,0,12,45
07/10/2021,LBE,PA,AEA,CE,Federal Contract Tower,8,8,16,0,32,0,0,64,0,64,8,8,80,0,96,48,0,48,144
07/11/2021,LBE,PA,AEA,CE,Federal Contract Tower,10,7,7,0,24,0,1,26,0,27,10,8,33,0,51,0,0,0,51
07/12/2021,LBE,PA,AEA,CE,Federal Contract Tower,8,9,20,2,39,0,0,35,0,35,8,9,55,2,74,38,0,38,112
07/13/2021,LBE,PA,AEA,CE,Federal Contract Tower,8,20,15,0,43,0,6,38,0,44,8,26,53,0,87,84,0,84,171
07/14/2021,LBE,PA,AEA,CE,Federal Contract Tower,8,12,17,0,37,0,1,37,2,40,8,13,54,2,77,74,0,74,151
07/15/2021,LBE,PA,AEA,CE,Federal Contract Tower,9,19,15,0,43,0,0,60,0,60,9,19,75,0,103,104,0,104,207
07/16/2021,LBE,PA,AEA,CE,Federal Contract Tower,8,25,9,5,47,0,0,36,0,36,8,25,45,5,83,46,0,46,129
07/17/2021,LBE,PA,AEA,CE,Federal Contract Tower,8,9,10,0,27,0,0,3,0,3,8,9,13,0,30,0,0,0,30
07/18/2021,LBE,PA,AEA,CE,Federal Contract Tower,8,25,8,0,41,0,0,27,0,27,8,25,35,0,68,20,0,20,88
07/19/2021,LBE,PA,AEA,CE,Federal Contract Tower,8,12,17,2,39,0,0,77,1,78,8,12,94,3,117,106,2,108,225
07/20/2021,LBE,PA,AEA,CE,Federal Contract Tower,9,14,19,0,42,0,2,71,9,82,9,16,90,9,124,86,0,86,210
07/21/2021,LBE,PA,AEA,CE,Federal Contract Tower,8,16,15,0,39,0,1,64,0,65,8,17,79,0,104,46,0,46,150
07/22/2021,LBE,PA,AEA,CE,Federal Contract Tower,10,13,26,1,50,0,0,63,1,64,10,13,89,2,114,112,0,112,226
07/23/2021,LBE,PA,AEA,CE,Federal Contract Tower,8,22,21,0,51,0,5,90,0,95,8,27,111,0,146,74,0,74,220
07/24/2021,LBE,PA,AEA,CE,Federal Contract Tower,8,7,10,0,25,0,2,63,0,65,8,9,73,0,90,42,0,42,132
07/25/2021,LBE,PA,AEA,CE,Federal Contract Tower,6,11,12,0,29,0,1,12,0,13,6,12,24,0,42,50,0,50,92
07/26/2021,LBE,PA,AEA,CE,Federal Contract Tower,10,18,10,0,38,0,3,55,0,58,10,21,65,0,96,110,0,110,206
07/27/2021,LBE,PA,AEA,CE,Federal Contract Tower,6,21,12,6,45,0,2,111,0,113,6,23,123,6,158,106,0,106,264
07/28/2021,LBE,PA,AEA,CE,Federal Contract Tower,8,24,10,0,42,0,2,47,0,49,8,26,57,0,91,36,0,36,127
07/29/2021,LBE,PA,AEA,CE,Federal Contract Tower,8,14,14,2,38,0,3,15,2,20,8,17,29,4,58,22,0,22,80
07/30/2021,LBE,PA,AEA,CE,Federal Contract Tower,10,20,16,0,46,0,2,29,0,31,10,22,45,0,77,14,0,14,91
07/31/2021,LBE,PA,AEA,CE,Federal Contract Tower,6,9,12,0,27,0,2,48,0,50,6,11,60,0,77,46,0,46,123
08/01/2021,LBE,PA,AEA,CE,Federal Contract Tower,2,12,17,0,31,0,0,12,0,12,2,12,29,0,43,0,0,0,43
08/02/2021,LBE,PA,AEA,CE,Federal Contract Tower,2,13,9,5,29,0,8,44,2,54,2,21,53,7,83,2,8,10,93
08/03/2021,LBE,PA,AEA,CE,Federal Contract Tower,0,8,9,2,19,0,2,48,0,50,0,10,57,2,69,44,0,44,113
08/04/2021,LBE,PA,AEA,CE,Federal Contract Tower,2,9,11,0,22,0,4,22,0,26,2,13,33,0,48,48,0,48,96
08/05/2021,LBE,PA,AEA,CE,Federal Contract Tower,4,19,14,6,43,0,1,62,6,69,4,20,76,12,112,54,12,66,178
08/06/2021,LBE,PA,AEA,CE,Federal Contract Tower,2,19,20,0,41,0,5,51,0,56,2,24,71,0,97,86,0,86,183
08/07/2021,LBE,PA,AEA,CE,Federal Contract Tower,5,9,10,0,24,0,0,27,0,27,5,9,37,0,51,36,0,36,87
08/08/2021,LBE,PA,AEA,CE,Federal Contract Tower,6,12,15,0,33,0,0,46,0,46,6,12,61,0,79,58,0,58,137
08/09/2021,LBE,PA,AEA,CE,Federal Contract Tower,8,15,12,2,37,0,0,58,0,58,8,15,70,2,95,46,0,46,141
08/10/2021,LBE,PA,AEA,CE,Federal Contract Tower,8,13,17,2,40,0,0,16,4,20,8,13,33,6,60,2,4,6,66
08/11/2021,LBE,PA,AEA,CE,Federal Contract Tower,8,7,13,0,28,0,1,16,0,17,8,8,29,0,45,28,0,28,73
08/12/2021,LBE,PA,AEA,CE,Federal Contract Tower,7,21,18,3,49,0,0,44,0,44,7,21,62,3,93,24,4,28,121
08/13/2021,LBE,PA,AEA,CE,Federal Contract Tower,8,13,12,0,33,0,0,52,0,52,8,13,64,0,85,52,0,52,137
08/14/2021,LBE,PA,AEA,CE,Federal Contract Tower,8,12,14,0,34,0,1,41,4,46,8,13,55,4,80,36,0,36,116
08/15/2021,LBE,PA,AEA,CE,Federal Contract Tower,6,21,15,0,42,0,0,54,0,54,6,21,69,0,96,58,0,58,154
08/16/2021,LBE,PA,AEA,CE,Federal Contract Tower,7,12,9,0,28,0,0,23,0,23,7,12,32,0,51,42,0,42,93
08/17/2021,LBE,PA,AEA,CE,Federal Contract Tower,10,11,12,0,33,0,4,43,0,47,10,15,55,0,80,30,0,30,110
08/18/2021,LBE,PA,AEA,CE,Federal Contract Tower,4,11,10,0,25,0,0,0,0,0,4,11,10,0,25,0,0,0,25
08/19/2021,LBE,PA,AEA,CE,Federal Contract Tower,6,10,8,0,24,0,3,7,0,10,6,13,15,0,34,16,0,16,50
08/20/2021,LBE,PA,AEA,CE,Federal Contract Tower,4,18,14,3,39,0,3,62,0,65,4,21,76,3,104,96,0,96,200
08/21/2021,LBE,PA,AEA,CE,Federal Contract Tower,4,8,6,0,18,0,9,56,0,65,4,17,62,0,83,70,0,70,153
08/22/2021,LBE,PA,AEA,CE,Federal Contract Tower,6,17,9,2,34,0,0,69,0,69,6,17,78,2,103,26,0,26,129
08/23/2021,LBE,PA,AEA,CE,Federal Contract Tower,4,4,12,0,20,0,4,42,0,46,4,8,54,0,66,50,0,50,116
08/24/2021,LBE,PA,AEA,CE,Federal Contract Tower,6,7,11,8,32,0,0,83,0,83,6,7,94,8,115,56,0,56,171
08/25/2021,LBE,PA,AEA,CE,Federal Contract Tower,4,17,13,2,36,0,1,65,2,68,4,18,78,4,104,66,0,66,170
08/26/2021,LBE,PA,AEA,CE,Federal Contract Tower,4,13,7,4,28,0,0,76,0,76,4,13,83,4,104,136,0,136,240
08/27/2021,LBE,PA,AEA,CE,Federal Contract Tower,4,18,17,0,39,0,7,39,0,46,4,25,56,0,85,16,0,16,101
08/28/2021,LBE,PA,AEA,CE,Federal Contract Tower,4,9,8,0,21,0,1,47,0,48,4,10,55,0,69,70,0,70,139
08/29/2021,LBE,PA,AEA,CE,Federal Contract Tower,6,15,11,0,32,0,0,35,0,35,6,15,46,0,67,38,0,38,105
08/30/2021,LBE,PA,AEA,CE,Federal Contract Tower,4,10,8,0,22,0,0,15,0,15,4,10,23,0,37,4,0,4,41
08/31/2021,LBE,PA,AEA,CE,Federal Contract Tower,6,7,11,0,24,0,0,4,0,4,6,7,15,0,28,0,0,0,28
09/01/2021,LBE,PA,AEA,CE,Federal Contract Tower,2,13,5,0,20,0,0,3,0,3,2,13,8,0,23,22,0,22,45
09/02/2021,LBE,PA,AEA,CE,Federal Contract Tower,6,22,15,4,47,0,1,87,0,88,6,23,102,4,135,70,0,70,205
09/03/2021,LBE,PA,AEA,CE,Federal Contract Tower,6,21,16,4,47,0,6,101,0,107,6,27,117,4,154,134,0,134,288
09/04/2021,LBE,PA,AEA,CE,Federal Contract Tower,4,1,19,0,24,0,0,73,0,73,4,1,92,0,97,26,0,26,123
09/05/2021,LBE,PA,AEA,CE,Federal Contract Tower,6,18,17,0,41,0,4,0,0,4,6,22,17,0,45,0,0,0,45
09/06/2021,LBE,PA,AEA,CE,Federal Contract Tower,4,22,8,0,34,0,0,72,0,72,4,22,80,0,106,0,0,0,106
09/07/2021,LBE,PA,AEA,CE,Federal Contract Tower,7,16,17,2,42,0,4,97,2,103,7,20,114,4,145,54,0,54,199
09/08/2021,LBE,PA,AEA,CE,Federal Contract Tower,4,14,19,2,39,0,1,17,3,21,4,15,36,5,60,6,0,6,66
09/09/2021,LBE,PA,AEA,CE,Federal Contract Tower,7,19,8,0,34,0,1,6,0,7,7,20,14,0,41,0,0,0,41
09/10/2021,LBE,PA,AEA,CE,Federal Contract Tower,4,20,15,0,39,0,2,32,0,34,4,22,47,0,73,4,0,4,77
09/11/2021,LBE,PA,AEA,CE,Federal Contract Tower,6,11,11,0,28,0,0,0,0,0,6,11,11,0,28,64,0,64,92
09/12/2021,LBE,PA,AEA,CE,Federal Contract Tower,6,19,6,2,33,0,1,20,0,21,6,20,26,2,54,0,0,0,54
09/13/2021,LBE,PA,AEA,CE,Federal Contract Tower,6,22,9,3,40,0,0,60,1,61,6,22,69,4,101,42,0,42,143
09/14/2021,LBE,PA,AEA,CE,Federal Contract Tower,4,12,16,0,32,0,5,92,2,99,4,17,108,2,131,62,0,62,193
09/15/2021,LBE,PA,AEA,CE,Federal Contract Tower,4,11,13,0,28,0,2,8,4,14,4,13,21,4,42,0,0,0,42
09/16/2021,LBE,PA,AEA,CE,Federal Contract Tower,6,32,7,1,46,0,1,54,1,56,6,33,61,2,102,52,0,52,154
09/17/2021,LBE,PA,AEA,CE,Federal Contract Tower,6,20,19,4,49,0,5,50,10,65,6,25,69,14,114,6,8,14,128
09/18/2021,LBE,PA,AEA,CE,Federal Contract Tower,6,4,8,0,18,0,1,68,6,75,6,5,76,6,93,90,6,96,189
09/19/2021,LBE,PA,AEA,CE,Federal Contract Tower,6,26,14,0,46,0,4,86,5,95,6,30,100,5,141,30,0,30,171
09/20/2021,LBE,PA,AEA,CE,Federal Contract Tower,6,24,14,4,48,0,4,62,0,66,6,28,76,4,114,22,0,22,136
09/21/2021,LBE,PA,AEA,CE,Federal Contract Tower,4,15,8,4,31,0,8,39,0,47,4,23,47,4,78,12,0,12,90
09/22/2021,LBE,PA,AEA,CE,Federal Contract Tower,4,17,3,4,28,0,2,5,0,7,4,19,8,4,35,2,0,2,37
09/23/2021,LBE,PA,AEA,CE,Federal Contract Tower,6,12,9,0,27,0,0,1,0,1,6,12,10,0,28,0,0,0,28
09/24/2021,LBE,PA,AEA,CE,Federal Contract Tower,4,22,12,4,42,0,4,61,4,69,4,26,73,8,111,32,0,32,143
09/25/2021,LBE,PA,AEA,CE,Federal Contract Tower,6,10,21,0,37,0,2,61,0,63,6,12,82,0,100,62,0,62,162
09/26/2021,LBE,PA,AEA,CE,Federal Contract Tower,6,19,8,0,33,0,2,76,0,78,6,21,84,0,111,46,0,46,157
09/27/2021,LBE,PA,AEA,CE,Federal Contract Tower,6,17,8,0,31,0,1,15,0,16,6,18,23,0,47,0,0,0,47
09/28/2021,LBE,PA,AEA,CE,Federal Contract Tower,4,11,19,0,34,0,4,15,0,19,4,15,34,0,53,26,0,26,79
09/29/2021,LBE,PA,AEA,CE,Federal Contract Tower,4,11,12,1,28,0,5,97,5,107,4,16,109,6,135,106,8,114,249
09/30/2021,LBE,PA,AEA,CE,Federal Contract Tower,6,12,21,0,39,0,2,72,0,74,6,14,93,0,113,72,0,72,185
10/01/2021,LBE,PA,AEA,CE,Federal Contract Tower,6,16,12,0,34,0,1,52,0,53,6,17,64,0,87,24,0,24,111
10/02/2021,LBE,PA,AEA,CE,Federal Contract Tower,6,8,7,0,21,0,0,38,0,38,6,8,45,0,59,6,0,6,65
10/03/2021,LBE,PA,AEA,CE,Federal Contract Tower,4,15,23,0,42,0,0,9,0,9,4,15,32,0,51,0,0,0,51
10/04/2021,LBE,PA,AEA,CE,Federal Contract Tower,6,7,7,0,20,0,0,25,0,25,6,7,32,0,45,26,0,26,71
10/05/2021,LBE,PA,AEA,CE,Federal Contract Tower,4,11,15,0,30,0,2,68,0,70,4,13,83,0,100,82,0,82,182
10/06/2021,LBE,PA,AEA,CE,Federal Contract Tower,4,15,20,6,45,0,2,61,4,67,4,17,81,10,112,46,4,50,162
10/07/2021,LBE,PA,AEA,CE,Federal Contract Tower,6,20,18,0,44,0,1,43,0,44,6,21,61,0,88,60,0,60,148
10/08/2021,LBE,PA,AEA,CE,Federal Contract Tower,8,20,22,0,50,0,3,68,0,71,8,23,90,0,121,2,0,2,123
10/09/2021,LBE,PA,AEA,CE,Federal Contract Tower,2,11,6,0,19,0,0,10,0,10,2,11,16,0,29,0,0,0,29
10/10/2021,LBE,PA,AEA,CE,Federal Contract Tower,6,20,11,0,37,0,0,72,0,72,6,20,83,0,109,26,0,26,135
10/11/2021,LBE,PA,AEA,CE,Federal Contract Tower,8,15,12,0,35,0,0,55,0,55,8,15,67,0,90,10,0,10,100
10/12/2021,LBE,PA,AEA,CE,Federal Contract Tower,4,11,10,2,27,0,0,50,2,52,4,11,60,4,79,38,0,38,117
10/13/2021,LBE,PA,AEA,CE,Federal Contract Tower,4,9,25,0,38,0,3,47,0,50,4,12,72,0,88,26,0,26,114
10/14/2021,LBE,PA,AEA,CE,Federal Contract Tower,6,12,22,6,46,0,66,3,0,69,6,78,25,6,115,104,4,108,223
10/15/2021,LBE,PA,AEA,CE,Federal Contract Tower,6,16,17,2,41,0,1,36,1,38,6,17,53,3,79,10,0,10,89
10/16/2021,LBE,PA,AEA,CE,Federal Contract Tower,4,13,1,0,18,0,0,3,0,3,4,13,4,0,21,0,0,0,21
10/17/2021,LBE,PA,AEA,CE,Federal Contract Tower,6,10,18,0,34,0,0,24,0,24,6,10,42,0,58,14,0,14,72
10/18/2021,LBE,PA,AEA,CE,Federal Contract Tower,6,22,10,1,39,0,1,29,2,32,6,23,39,3,71,8,0,8,79
10/19/2021,LBE,PA,AEA,CE,Federal Contract Tower,4,19,22,2,47,0,9,86,6,101,4,28,108,8,148,52,0,52,200
10/20/2021,LBE,PA,AEA,CE,Federal Contract Tower,4,15,7,2,28,0,1,81,6,88,4,16,88,8,116,88,8,96,212
10/21/2021,LBE,PA,AEA,CE,Federal Contract Tower,6,15,13,0,34,0,2,23,2,27,6,17,36,2,61,26,2,28,89
10/22/2021,LBE,PA,AEA,CE,Federal Contract Tower,6,16,2,0,24,0,0,0,0,0,6,16,2,0,24,0,0,0,24
10/23/2021,LBE,PA,AEA,CE,Federal Contract Tower,4,9,7,0,20,0,2,0,0,2,4,11,7,0,22,0,0,0,22
10/24/2021,LBE,PA,AEA,CE,Federal Contract Tower,6,14,18,0,38,0,4,33,0,37,6,18,51,0,75,28,0,28,103
10/25/2021,LBE,PA,AEA,CE,Federal Contract Tower,6,20,8,0,34,0,1,17,2,20,6,21,25,2,54,12,0,12,66
10/26/2021,LBE,PA,AEA,CE,Federal Contract Tower,4,18,8,0,30,0,0,3,0,3,4,18,11,0,33,0,0,0,33
10/27/2021,LBE,PA,AEA,CE,Federal Contract Tower,4,12,9,2,27,0,4,0,0,4,4,16,9,2,31,0,0,0,31
10/28/2021,LBE,PA,AEA,CE,Federal Contract Tower,6,13,18,0,37,0,4,67,0,71,6,17,85,0,108,34,0,34,142
10/29/2021,LBE,PA,AEA,CE,Federal Contract Tower,6,19,9,0,34,0,2,2,0,4,6,21,11,0,38,6,0,6,44
10/30/2021,LBE,PA,AEA,CE,Federal Contract Tower,4,6,9,0,19,0,0,14,0,14,4,6,23,0,33,10,0,10,43
10/31/2021,LBE,PA,AEA,CE,Federal Contract Tower,6,13,16,0,35,0,2,0,0,2,6,15,16,0,37,0,0,0,37
11/01/2021,LBE,PA,AEA,CE,Federal Contract Tower,6,13,5,2,26,0,1,78,2,81,6,14,83,4,107,72,6,78,185
11/02/2021,LBE,PA,AEA,CE,Federal Contract Tower,4,17,9,0,30,0,0,65,1,66,4,17,74,1,96,70,0,70,166
11/03/2021,LBE,PA,AEA,CE,Federal Contract Tower,4,17,10,0,31,0,5,61,0,66,4,22,71,0,97,84,0,84,181
11/04/2021,LBE,PA,AEA,CE,Federal Contract Tower,10,23,9,2,44,0,1,52,2,55,10,24,61,4,99,46,0,46,145
11/05/2021,LBE,PA,AEA,CE,Federal Contract Tower,6,13,18,0,37,0,0,64,3,67,6,13,82,3,104,46,2,48,152
11/06/2021,LBE,PA,AEA,CE,Federal Contract Tower,4,14,8,0,26,0,0,51,0,51,4,14,59,0,77,62,0,62,139
11/07/2021,LBE,PA,AEA,CE,Federal Contract Tower,6,18,14,0,38,0,0,82,0,82,6,18,96,0,120,66,0,66,186
11/08/2021,LBE,PA,AEA,CE,Federal Contract Tower,6,16,9,2,33,0,3,50,2,55,6,19,59,4,88,44,0,44,132
11/09/2021,LBE,PA,AEA,CE,Federal Contract Tower,4,18,15,0,37,0,2,73,2,77,4,20,88,2,114,42,0,42,156
11/10/2021,LBE,PA,AEA,CE,Federal Contract Tower,4,14,11,0,29,0,0,84,3,87,4,14,95,3,116,108,0,108,224
11/11/2021,LBE,PA,AEA,CE,Federal Contract Tower,8,12,17,0,37,0,0,19,0,19,8,12,36,0,56,0,0,0,56
11/12/2021,LBE,PA,AEA,CE,Federal Contract Tower,6,19,9,0,34,0,0,43,0,43,6,19,52,0,77,40,0,40,117
11/13/2021,LBE,PA,AEA,CE,Federal Contract Tower,4,3,6,0,13,0,0,0,0,0,4,3,6,0,13,0,0,0,13
11/14/2021,LBE,PA,AEA,CE,Federal Contract Tower,7,17,9,0,33,0,0,2,0,2,7,17,11,0,35,8,0,8,43
11/15/2021,LBE,PA,AEA,CE,Federal Contract Tower,6,18,7,0,31,0,10,0,0,10,6,28,7,0,41,0,0,0,41
11/16/2021,LBE,PA,AEA,CE,Federal Contract Tower,3,14,13,0,30,0,4,67,6,77,3,18,80,6,107,62,4,66,173
11/17/2021,LBE,PA,AEA,CE,Federal Contract Tower,6,15,12,0,33,0,2,22,2,26,6,17,34,2,59,20,0,20,79
11/18/2021,LBE,PA,AEA,CE,Federal Contract Tower,7,21,13,0,41,0,0,2,0,2,7,21,15,0,43,0,0,0,43
11/20/2021,LBE,PA,AEA,CE,Federal Contract Tower,5,14,7,0,26,0,5,39,2,46,5,19,46,2,72,90,0,90,162
11/21/2021,LBE,PA,AEA,CE,Federal Contract Tower,5,12,9,0,26,0,0,14,0,14,5,12,23,0,40,4,0,4,44
11/22/2021,LBE,PA,AEA,CE,Federal Contract Tower,6,11,4,0,21,0,16,10,0,26,6,27,14,0,47,17,0,17,64
11/23/2021,LBE,PA,AEA,CE,Federal Contract Tower,6,15,15,2,38,0,2,65,4,71,6,17,80,6,109,86,8,94,203
11/24/2021,LBE,PA,AEA,CE,Federal Contract Tower,7,19,9,0,35,0,2,89,0,91,7,21,98,0,126,122,0,122,248
11/25/2021,LBE,PA,AEA,CE,Federal Contract Tower,6,1,2,0,9,0,0,4,0,4,6,1,6,0,13,0,0,0,13
11/26/2021,LBE,PA,AEA,CE,Federal Contract Tower,5,3,12,0,20,0,0,0,0,0,5,3,12,0,20,0,0,0,20
11/27/2021,LBE,PA,AEA,CE,Federal Contract Tower,5,8,3,0,16,0,1,39,0,40,5,9,42,0,56,40,0,40,96
11/29/2021,LBE,PA,AEA,CE,Federal Contract Tower,5,11,7,0,23,0,0,17,0,17,5,11,24,0,40,0,0,0,40
11/30/2021,LBE,PA,AEA,CE,Federal Contract Tower,5,14,7,0,26,0,0,16,4,20,5,14,23,4,46,2,4,6,52
12/01/2021,LBE,PA,AEA,CE,Federal Contract Tower,4,9,10,0,23,0,0,40,0,40,4,9,50,0,63,54,54,108,171
12/02/2021,LBE,PA,AEA,CE,Federal Contract Tower,4,18,25,0,47,0,2,10,0,12,4,20,35,0,59,0,0,0,59
12/03/2021,LBE,PA,AEA,CE,Federal Contract Tower,8,15,3,4,30,0,2,26,0,28,8,17,29,4,58,42,0,42,100
12/04/2021,LBE,PA,AEA,CE,Federal Contract Tower,4,6,10,0,20,0,1,84,0,85,4,7,94,0,105,62,0,62,167
12/05/2021,LBE,PA,AEA,CE,Federal Contract Tower,5,16,7,0,28,0,2,29,0,31,5,18,36,0,59,4,0,4,63
12/06/2021,LBE,PA,AEA,CE,Federal Contract Tower,9,6,7,0,22,0,0,0,0,0,9,6,7,0,22,0,0,0,22
12/07/2021,LBE,PA,AEA,CE,Federal Contract Tower,2,16,10,2,30,0,2,55,12,69,2,18,65,14,99,78,2,80,179
12/08/2021,LBE,PA,AEA,CE,Federal Contract Tower,3,11,12,0,26,0,4,7,0,11,3,15,19,0,37,16,0,16,53
12/09/2021,LBE,PA,AEA,CE,Federal Contract Tower,4,13,11,0,28,0,0,52,1,53,4,13,63,1,81,72,0,72,153
12/10/2021,LBE,PA,AEA,CE,Federal Contract Tower,6,5,6,0,17,0,0,29,0,29,6,5,35,0,46,24,0,24,70
12/11/2021,LBE,PA,AEA,CE,Federal Contract Tower,4,7,5,0,16,0,0,4,0,4,4,7,9,0,20,0,0,0,20
12/12/2021,LBE,PA,AEA,CE,Federal Contract Tower,3,9,6,0,18,0,0,46,0,46,3,9,52,0,64,22,0,22,86
12/13/2021,LBE,PA,AEA,CE,Federal Contract Tower,6,15,13,4,38,0,1,51,2,54,6,16,64,6,92,44,6,50,142
12/14/2021,LBE,PA,AEA,CE,Federal Contract Tower,1,14,10,1,26,0,1,77,6,84,1,15,87,7,110,52,0,52,162
12/15/2021,LBE,PA,AEA,CE,Federal Contract Tower,4,10,5,0,19,0,2,28,0,30,4,12,33,0,49,12,0,12,61
12/16/2021,LBE,PA,AEA,CE,Federal Contract Tower,4,15,9,0,28,0,1,2,0,3,4,16,11,0,31,0,0,0,31
12/17/2021,LBE,PA,AEA,CE,Federal Contract Tower,6,13,8,0,27,0,8,82,1,91,6,21,90,1,118,52,0,52,170
12/18/2021,LBE,PA,AEA,CE,Federal Contract Tower,5,8,3,0,16,0,4,0,0,4,5,12,3,0,20,0,0,0,20
12/19/2021,LBE,PA,AEA,CE,Federal Contract Tower,3,13,3,0,19,0,2,17,0,19,3,15,20,0,38,28,0,28,66
12/20/2021,LBE,PA,AEA,CE,Federal Contract Tower,6,6,8,0,20,0,0,0,0,0,6,6,8,0,20,44,0,44,64
12/21/2021,LBE,PA,AEA,CE,Federal Contract Tower,3,10,10,0,23,0,2,109,0,111,3,12,119,0,134,128,0,128,262
12/22/2021,LBE,PA,AEA,CE,Federal Contract Tower,6,13,7,0,26,0,3,8,0,11,6,16,15,0,37,8,0,8,45
12/23/2021,LBE,PA,AEA,CE,Federal Contract Tower,6,17,7,0,30,0,2,63,0,65,6,19,70,0,95,84,0,84,179
12/24/2021,LBE,PA,AEA,CE,Federal Contract Tower,6,1,3,0,10,0,0,16,0,16,6,1,19,0,26,36,0,36,62
12/25/2021,LBE,PA,AEA,CE,Federal Contract Tower,6,3,1,0,10,0,0,0,0,0,6,3,1,0,10,0,0,0,10
12/26/2021,LBE,PA,AEA,CE,Federal Contract Tower,6,15,14,0,35,0,4,31,0,35,6,19,45,0,70,48,0,48,118
12/27/2021,LBE,PA,AEA,CE,Federal Contract Tower,5,29,0,0,34,0,0,0,0,0,5,29,0,0,34,0,0,0,34
12/28/2021,LBE,PA,AEA,CE,Federal Contract Tower,6,13,8,2,29,0,0,49,0,49,6,13,57,2,78,104,0,104,182
12/29/2021,LBE,PA,AEA,CE,Federal Contract Tower,6,10,11,0,27,0,1,0,0,1,6,11,11,0,28,0,0,0,28
12/30/2021,LBE,PA,AEA,CE,Federal Contract Tower,6,10,11,0,27,0,0,8,0,8,6,10,19,0,35,0,0,0,35
12/31/2021,LBE,PA,AEA,CE,Federal Contract Tower,7,3,8,0,18,0,0,12,0,12,7,3,20,0,30,44,0,44,74
01/01/2022,LBE,PA,AEA,CE,Federal Contract Tower,3,9,6,0,18,0,0,0,0,0,3,9,6,0,18,0,0,0,18
01/02/2022,LBE,PA,AEA,CE,Federal Contract Tower,5,25,5,0,35,0,0,0,0,0,5,25,5,0,35,0,0,0,35
01/03/2022,LBE,PA,AEA,CE,Federal Contract Tower,6,10,12,0,28,0,0,47,5,52,6,10,59,5,80,136,0,136,216
01/04/2022,LBE,PA,AEA,CE,Federal Contract Tower,5,17,3,0,25,0,1,70,5,76,5,18,73,5,101,46,0,46,147
01/05/2022,LBE,PA,AEA,CE,Federal Contract Tower,4,11,7,0,22,0,2,4,0,6,4,13,11,0,28,0,0,0,28
01/06/2022,LBE,PA,AEA,CE,Federal Contract Tower,3,14,2,0,19,0,0,15,0,15,3,14,17,0,34,14,0,14,48
01/07/2022,LBE,PA,AEA,CE,Federal Contract Tower,4,7,1,0,12,0,0,0,0,0,4,7,1,0,12,0,0,0,12
01/08/2022,LBE,PA,AEA,CE,Federal Contract Tower,6,5,11,0,22,0,0,42,0,42,6,5,53,0,64,62,0,62,126
01/09/2022,LBE,PA,AEA,CE,Federal Contract Tower,3,4,1,0,8,0,0,0,0,0,3,4,1,0,8,0,0,0,8
01/10/2022,LBE,PA,AEA,CE,Federal Contract Tower,7,10,1,0,18,0,0,4,0,4,7,10,5,0,22,0,0,0,22
01/11/2022,LBE,PA,AEA,CE,Federal Contract Tower,1,14,3,0,18,0,1,52,3,56,1,15,55,3,74,48,0,48,122
01/12/2022,LBE,PA,AEA,CE,Federal Contract Tower,5,11,10,0,26,0,0,17,0,17,5,11,27,0,43,6,0,6,49
01/13/2022,LBE,PA,AEA,CE,Federal Contract Tower,3,8,10,2,23,0,0,15,0,15,3,8,25,2,38,18,0,18,56
01/14/2022,LBE,PA,AEA,CE,Federal Contract Tower,6,5,1,0,12,0,0,9,0,9,6,5,10,0,21,24,0,24,45
01/15/2022,LBE,PA,AEA,CE,Federal Contract Tower,6,6,15,0,27,0,0,51,0,51,6,6,66,0,78,12,0,12,90
01/16/2022,LBE,PA,AEA,CE,Federal Contract Tower,3,6,2,0,11,0,0,6,0,6,3,6,8,0,17,0,0,0,17
01/17/2022,LBE,PA,AEA,CE,Federal Contract Tower,6,4,3,0,13,0,0,0,0,0,6,4,3,0,13,0,0,0,13
01/18/2022,LBE,PA,AEA,CE,Federal Contract Tower,1,11,5,2,19,0,2,3,0,5,1,13,8,2,24,8,0,8,32
01/19/2022,LBE,PA,AEA,CE,Federal Contract Tower,4,14,7,0,25,0,0,18,0,18,4,14,25,0,43,44,0,44,87
01/20/2022,LBE,PA,AEA,CE,Federal Contract Tower,3,9,2,0,14,0,0,9,0,9,3,9,11,0,23,16,0,16,39
01/21/2022,LBE,PA,AEA,CE,Federal Contract Tower,6,7,6,0,19,0,1,36,0,37,6,8,42,0,56,82,0,82,138
01/22/2022,LBE,PA,AEA,CE,Federal Contract Tower,6,4,4,0,14,0,0,37,2,39,6,4,41,2,53,52,0,52,105
01/23/2022,LBE,PA,AEA,CE,Federal Contract Tower,5,14,2,0,21,0,1,3,0,4,5,15,5,0,25,4,0,4,29
01/24/2022,LBE,PA,AEA,CE,Federal Contract Tower,9,4,0,0,13,0,0,1,0,1,9,4,1,0,14,0,0,0,14
01/25/2022,LBE,PA,AEA,CE,Federal Contract Tower,1,19,3,0,23,0,21,3,0,24,1,40,6,0,47,0,0,0,47
01/26/2022,LBE,PA,AEA,CE,Federal Contract Tower,4,15,7,2,28,0,35,30,0,65,4,50,37,2,93,58,0,58,151
01/27/2022,LBE,PA,AEA,CE,Federal Contract Tower,3,13,6,0,22,0,2,53,4,59,3,15,59,4,81,34,0,34,115
01/28/2022,LBE,PA,AEA,CE,Federal Contract Tower,7,4,1,0,12,0,0,0,0,0,7,4,1,0,12,0,0,0,12
01/29/2022,LBE,PA,AEA,CE,Federal Contract Tower,6,9,2,0,17,0,0,16,0,16,6,9,18,0,33,0,0,0,33
01/30/2022,LBE,PA,AEA,CE,Federal Contract Tower,3,10,2,0,15,0,0,8,0,8,3,10,10,0,23,2,0,2,25
01/31/2022,LBE,PA,AEA,CE,Federal Contract Tower,8,5,6,0,19,0,2,18,2,22,8,7,24,2,41,26,0,26,67
02/01/2022,LBE,PA,AEA,CE,Federal Contract Tower,1,6,3,7,17,0,4,35,2,41,1,10,38,9,58,0,4,4,62
02/02/2022,LBE,PA,AEA,CE,Federal Contract Tower,4,10,6,0,20,0,0,25,4,29,4,10,31,4,49,22,0,22,71
02/03/2022,LBE,PA,AEA,CE,Federal Contract Tower,1,4,2,0,7,0,0,0,0,0,1,4,2,0,7,0,0,0,7
02/04/2022,LBE,PA,AEA,CE,Federal Contract Tower,5,11,2,0,18,0,0,0,0,0,5,11,2,0,18,0,0,0,18
02/05/2022,LBE,PA,AEA,CE,Federal Contract Tower,5,5,3,2,15,0,0,9,0,9,5,5,12,2,24,6,0,6,30
02/06/2022,LBE,PA,AEA,CE,Federal Contract Tower,5,8,12,0,25,0,2,57,0,59,5,10,69,0,84,34,0,34,118
02/07/2022,LBE,PA,AEA,CE,Federal Contract Tower,6,17,5,2,30,0,0,31,4,35,6,17,36,6,65,40,6,46,111
02/08/2022,LBE,PA,AEA,CE,Federal Contract Tower,1,4,0,2,7,0,0,4,0,4,1,4,4,2,11,0,0,0,11
02/09/2022,LBE,PA,AEA,CE,Federal Contract Tower,4,6,7,4,21,0,2,20,2,24,4,8,27,6,45,10,0,10,55
02/10/2022,LBE,PA,AEA,CE,Federal Contract Tower,3,16,3,0,22,0,0,22,0,22,3,16,25,0,44,6,0,6,50
02/11/2022,LBE,PA,AEA,CE,Federal Contract Tower,5,10,8,0,23,0,0,16,0,16,5,10,24,0,39,0,0,0,39
02/12/2022,LBE,PA,AEA,CE,Federal Contract Tower,6,3,9,0,18,0,0,8,0,8,6,3,17,0,26,0,0,0,26
02/13/2022,LBE,PA,AEA,CE,Federal Contract Tower,3,8,2,0,13,0,1,16,0,17,3,9,18,0,30,54,0,54,84
02/14/2022,LBE,PA,AEA,CE,Federal Contract Tower,6,10,4,0,20,0,2,17,2,21,6,12,21,2,41,10,0,10,51
02/15/2022,LBE,PA,AEA,CE,Federal Contract Tower,1,5,13,0,19,0,0,59,2,61,1,5,72,2,80,38,0,38,118
02/16/2022,LBE,PA,AEA,CE,Federal Contract Tower,5,19,8,0,32,0,0,24,0,24,5,19,32,0,56,0,0,0,56
02/17/2022,LBE,PA,AEA,CE,Federal Contract Tower,3,10,1,0,14,0,0,0,0,0,3,10,1,0,14,0,0,0,14
02/18/2022,LBE,PA,AEA,CE,Federal Contract Tower,9,9,8,0,26,0,0,5,0,5,9,9,13,0,31,0,0,0,31
02/19/2022,LBE,PA,AEA,CE,Federal Contract Tower,7,4,2,0,13,0,1,2,0,3,7,5,4,0,16,0,0,0,16
02/20/2022,LBE,PA,AEA,CE,Federal Contract Tower,3,11,5,0,19,0,0,56,0,56,3,11,61,0,75,30,0,30,105
02/21/2022,LBE,PA,AEA,CE,Federal Contract Tower,9,11,8,0,28,0,0,61,0,61,9,11,69,0,89,72,0,72,161
02/22/2022,LBE,PA,AEA,CE,Federal Contract Tower,4,16,5,2,27,0,0,3,0,3,4,16,8,2,30,0,0,0,30
02/23/2022,LBE,PA,AEA,CE,Federal Contract Tower,0,0,0,0,0,0,0,0,0,0,0,0,0,0,0,0,0,0,0
02/24/2022,LBE,PA,AEA,CE,Federal Contract Tower,3,15,14,0,32,0,0,16,0,16,3,15,30,0,48,8,0,8,56
02/25/2022,LBE,PA,AEA,CE,Federal Contract Tower,8,11,14,0,33,0,0,2,0,2,8,11,16,0,35,6,0,6,41
02/26/2022,LBE,PA,AEA,CE,Federal Contract Tower,6,6,10,0,22,0,2,24,0,26,6,8,34,0,48,4,0,4,52
02/27/2022,LBE,PA,AEA,CE,Federal Contract Tower,3,4,7,0,14,0,0,14,0,14,3,4,21,0,28,4,0,4,32
02/28/2022,LBE,PA,AEA,CE,Federal Contract Tower,8,11,4,0,23,0,1,63,0,64,8,12,67,0,87,46,0,46,133
03/01/2022,LBE,PA,AEA,CE,Federal Contract Tower,3,12,7,0,22,0,0,34,2,36,3,12,41,2,58,58,8,66,124
03/02/2022,LBE,PA,AEA,CE,Federal Contract Tower,6,5,8,1,20,0,2,70,9,81,6,7,78,10,101,64,8,72,173
03/03/2022,LBE,PA,AEA,CE,Federal Contract Tower,3,9,9,2,23,0,2,21,0,23,3,11,30,2,46,4,0,4,50
03/04/2022,LBE,PA,AEA,CE,Federal Contract Tower,8,9,8,2,27,0,2,78,0,80,8,11,86,2,107,32,0,32,139
03/05/2022,LBE,PA,AEA,CE,Federal Contract Tower,6,5,7,0,18,0,0,55,0,55,6,5,62,0,73,76,0,76,149
03/06/2022,LBE,PA,AEA,CE,Federal Contract Tower,3,12,7,0,22,0,0,0,0,0,3,12,7,0,22,0,0,0,22
03/07/2022,LBE,PA,AEA,CE,Federal Contract Tower,8,6,4,0,18,0,0,4,0,4,8,6,8,0,22,0,0,0,22
03/08/2022,LBE,PA,AEA,CE,Federal Contract Tower,4,5,8,0,17,0,4,22,0,26,4,9,30,0,43,36,0,36,79
03/09/2022,LBE,PA,AEA,CE,Federal Contract Tower,6,18,6,0,30,0,0,0,0,0,6,18,6,0,30,0,0,0,30
03/10/2022,LBE,PA,AEA,CE,Federal Contract Tower,1,9,12,0,22,0,2,53,0,55,1,11,65,0,77,48,0,48,125
03/11/2022,LBE,PA,AEA,CE,Federal Contract Tower,7,12,5,0,24,0,1,37,4,42,7,13,42,4,66,44,4,48,114
03/12/2022,LBE,PA,AEA,CE,Federal Contract Tower,1,4,0,0,5,0,0,0,0,0,1,4,0,0,5,0,0,0,5
03/13/2022,LBE,PA,AEA,CE,Federal Contract Tower,5,12,2,0,19,0,0,4,0,4,5,12,6,0,23,8,0,8,31
03/14/2022,LBE,PA,AEA,CE,Federal Contract Tower,8,8,1,2,19,0,7,80,0,87,8,15,81,2,106,70,0,70,176
03/15/2022,LBE,PA,AEA,CE,Federal Contract Tower,4,10,2,0,16,0,2,40,4,46,4,12,42,4,62,14,0,14,76
03/16/2022,LBE,PA,AEA,CE,Federal Contract Tower,8,8,7,2,25,0,1,62,0,63,8,9,69,2,88,80,0,80,168
03/17/2022,LBE,PA,AEA,CE,Federal Contract Tower,4,17,5,0,26,0,4,75,2,81,4,21,80,2,107,92,0,92,199
03/18/2022,LBE,PA,AEA,CE,Federal Contract Tower,8,15,7,1,31,0,0,55,1,56,8,15,62,2,87,32,0,32,119
03/19/2022,LBE,PA,AEA,CE,Federal Contract Tower,5,7,2,2,16,0,0,11,4,15,5,7,13,6,31,10,0,10,41
03/20/2022,LBE,PA,AEA,CE,Federal Contract Tower,4,17,10,0,31,0,4,5,0,9,4,21,15,0,40,0,0,0,40
03/21/2022,LBE,PA,AEA,CE,Federal Contract Tower,9,9,6,0,24,0,1,29,0,30,9,10,35,0,54,20,0,20,74
03/22/2022,LBE,PA,AEA,CE,Federal Contract Tower,4,9,2,0,15,0,1,44,0,45,4,10,46,0,60,54,0,54,114
03/23/2022,LBE,PA,AEA,CE,Federal Contract Tower,9,8,7,2,26,0,2,2,0,4,9,10,9,2,30,0,0,0,30
03/24/2022,LBE,PA,AEA,CE,Federal Contract Tower,5,12,7,8,32,0,1,22,1,24,5,13,29,9,56,12,2,14,70
03/25/2022,LBE,PA,AEA,CE,Federal Contract Tower,8,14,7,0,29,0,0,11,0,11,8,14,18,0,40,14,0,14,54
03/26/2022,LBE,PA,AEA,CE,Federal Contract Tower,6,8,3,0,17,0,0,0,0,0,6,8,3,0,17,0,0,0,17
03/27/2022,LBE,PA,AEA,CE,Federal Contract Tower,5,9,3,0,17,0,0,0,0,0,5,9,3,0,17,0,0,0,17
03/28/2022,LBE,PA,AEA,CE,Federal Contract Tower,8,9,3,0,20,0,0,0,2,2,8,9,3,2,22,0,2,2,24
03/29/2022,LBE,PA,AEA,CE,Federal Contract Tower,4,19,9,0,32,0,0,41,2,43,4,19,50,2,75,6,2,8,83
03/30/2022,LBE,PA,AEA,CE,Federal Contract Tower,8,14,5,0,27,0,2,31,4,37,8,16,36,4,64,10,0,10,74
03/31/2022,LBE,PA,AEA,CE,Federal Contract Tower,1,9,2,0,12,0,0,0,2,2,1,9,2,2,14,0,0,0,14
04/01/2022,LBE,PA,AEA,CE,Federal Contract Tower,5,10,5,0,20,0,0,2,0,2,5,10,7,0,22,0,0,0,22
04/02/2022,LBE,PA,AEA,CE,Federal Contract Tower,3,3,9,0,15,0,3,138,0,141,3,6,147,0,156,180,0,180,336
04/03/2022,LBE,PA,AEA,CE,Federal Contract Tower,3,8,6,0,17,0,0,2,0,2,3,8,8,0,19,0,0,0,19
04/04/2022,LBE,PA,AEA,CE,Federal Contract Tower,5,13,7,0,25,0,0,47,0,47,5,13,54,0,72,58,0,58,130
04/05/2022,LBE,PA,AEA,CE,Federal Contract Tower,6,10,3,0,19,0,0,31,4,35,6,10,34,4,54,8,10,18,72
04/06/2022,LBE,PA,AEA,CE,Federal Contract Tower,4,14,5,0,23,0,0,57,0,57,4,14,62,0,80,46,0,46,126
04/07/2022,LBE,PA,AEA,CE,Federal Contract Tower,3,7,6,0,16,0,0,5,1,6,3,7,11,1,22,14,0,14,36
04/08/2022,LBE,PA,AEA,CE,Federal Contract Tower,7,10,14,0,31,0,2,21,2,25,7,12,35,2,56,34,0,34,90
04/09/2022,LBE,PA,AEA,CE,Federal Contract Tower,4,1,6,0,11,0,0,0,0,0,4,1,6,0,11,0,0,0,11
04/10/2022,LBE,PA,AEA,CE,Federal Contract Tower,4,8,4,0,16,0,2,11,0,13,4,10,15,0,29,2,0,2,31
04/11/2022,LBE,PA,AEA,CE,Federal Contract Tower,8,10,5,0,23,0,3,28,0,31,8,13,33,0,54,24,0,24,78
04/12/2022,LBE,PA,AEA,CE,Federal Contract Tower,3,8,19,1,31,0,2,85,1,88,3,10,104,2,119,66,0,66,185
04/13/2022,LBE,PA,AEA,CE,Federal Contract Tower,8,13,7,0,28,0,0,47,2,49,8,13,54,2,77,72,0,72,149
04/14/2022,LBE,PA,AEA,CE,Federal Contract Tower,3,18,10,0,31,0,1,22,2,25,3,19,32,2,56,18,0,18,74
04/15/2022,LBE,PA,AEA,CE,Federal Contract Tower,8,9,8,0,25,0,0,31,0,31,8,9,39,0,56,42,0,42,98
04/16/2022,LBE,PA,AEA,CE,Federal Contract Tower,6,6,7,0,19,0,0,15,0,15,6,6,22,0,34,18,0,18,52
04/17/2022,LBE,PA,AEA,CE,Federal Contract Tower,3,7,10,0,20,0,0,35,0,35,3,7,45,0,55,14,0,14,69
04/18/2022,LBE,PA,AEA,CE,Federal Contract Tower,8,19,6,0,33,0,0,0,0,0,8,19,6,0,33,0,0,0,33
04/19/2022,LBE,PA,AEA,CE,Federal Contract Tower,1,9,5,0,15,0,0,0,0,0,1,9,5,0,15,0,0,0,15
04/20/2022,LBE,PA,AEA,CE,Federal Contract Tower,4,24,12,0,40,0,11,107,4,122,4,35,119,4,162,120,0,120,282
04/21/2022,LBE,PA,AEA,CE,Federal Contract Tower,1,15,9,0,25,0,0,6,0,6,1,15,15,0,31,8,0,8,39
04/22/2022,LBE,PA,AEA,CE,Federal Contract Tower,3,9,4,4,20,0,0,86,8,94,3,9,90,12,114,114,0,114,228
04/23/2022,LBE,PA,AEA,CE,Federal Contract Tower,4,6,11,0,21,0,3,83,0,86,4,9,94,0,107,146,0,146,253
04/24/2022,LBE,PA,AEA,CE,Federal Contract Tower,4,14,16,0,34,0,4,68,0,72,4,18,84,0,106,14,8,22,128
04/25/2022,LBE,PA,AEA,CE,Federal Contract Tower,7,8,7,0,22,0,3,44,4,51,7,11,51,4,73,24,10,34,107
04/26/2022,LBE,PA,AEA,CE,Federal Contract Tower,3,11,13,0,27,0,3,13,18,34,3,14,26,18,61,0,0,0,61
04/27/2022,LBE,PA,AEA,CE,Federal Contract Tower,4,15,8,0,27,0,0,12,2,14,4,15,20,2,41,10,0,10,51
04/28/2022,LBE,PA,AEA,CE,Federal Contract Tower,4,20,6,4,34,0,1,59,2,62,4,21,65,6,96,21,0,21,117
04/29/2022,LBE,PA,AEA,CE,Federal Contract Tower,4,10,14,4,32,0,0,90,0,90,4,10,104,4,122,88,0,88,210
04/30/2022,LBE,PA,AEA,CE,Federal Contract Tower,2,9,5,0,16,0,0,123,0,123,2,9,128,0,139,44,0,44,183
05/01/2022,LBE,PA,AEA,CE,Federal Contract Tower,5,12,2,0,19,0,3,7,0,10,5,15,9,0,29,20,0,20,49
05/02/2022,LBE,PA,AEA,CE,Federal Contract Tower,7,11,6,0,24,0,3,50,0,53,7,14,56,0,77,24,0,24,101
05/03/2022,LBE,PA,AEA,CE,Federal Contract Tower,3,8,6,0,17,0,0,34,2,36,3,8,40,2,53,44,0,44,97
05/04/2022,LBE,PA,AEA,CE,Federal Contract Tower,6,14,10,4,34,0,0,23,0,23,6,14,33,4,57,36,0,36,93
05/05/2022,LBE,PA,AEA,CE,Federal Contract Tower,5,16,18,0,39,0,0,31,0,31,5,16,49,0,70,30,0,30,100
05/06/2022,LBE,PA,AEA,CE,Federal Contract Tower,3,14,9,0,26,0,0,0,0,0,3,14,9,0,26,0,0,0,26
05/07/2022,LBE,PA,AEA,CE,Federal Contract Tower,4,4,4,0,12,0,0,4,0,4,4,4,8,0,16,0,0,0,16
05/08/2022,LBE,PA,AEA,CE,Federal Contract Tower,7,16,6,0,29,0,0,51,0,51,7,16,57,0,80,8,0,8,88
05/09/2022,LBE,PA,AEA,CE,Federal Contract Tower,5,11,7,0,23,0,0,66,0,66,5,11,73,0,89,114,0,114,203
05/10/2022,LBE,PA,AEA,CE,Federal Contract Tower,3,6,15,0,24,0,0,104,6,110,3,6,119,6,134,136,0,136,270
05/11/2022,LBE,PA,AEA,CE,Federal Contract Tower,4,13,11,0,28,0,0,105,0,105,4,13,116,0,133,176,0,176,309
05/12/2022,LBE,PA,AEA,CE,Federal Contract Tower,7,17,8,0,32,0,1,57,0,58,7,18,65,0,90,14,0,14,104
05/13/2022,LBE,PA,AEA,CE,Federal Contract Tower,4,10,12,0,26,0,0,75,0,75,4,10,87,0,101,58,0,58,159
05/14/2022,LBE,PA,AEA,CE,Federal Contract Tower,2,9,4,0,15,0,4,68,0,72,2,13,72,0,87,46,0,46,133
05/15/2022,LBE,PA,AEA,CE,Federal Contract Tower,5,14,14,0,33,0,0,88,0,88,5,14,102,0,121,40,0,40,161
05/16/2022,LBE,PA,AEA,CE,Federal Contract Tower,5,13,10,0,28,0,0,3,0,3,5,13,13,0,31,0,0,0,31
05/17/2022,LBE,PA,AEA,CE,Federal Contract Tower,3,12,9,0,24,0,3,43,2,48,3,15,52,2,72,56,0,56,128
05/18/2022,LBE,PA,AEA,CE,Federal Contract Tower,4,12,1,6,23,0,0,48,0,48,4,12,49,6,71,74,2,76,147
05/19/2022,LBE,PA,AEA,CE,Federal Contract Tower,4,27,10,0,41,0,0,14,0,14,4,27,24,0,55,0,0,0,55
05/20/2022,LBE,PA,AEA,CE,Federal Contract Tower,5,18,8,0,31,0,0,35,0,35,5,18,43,0,66,8,0,8,74
05/21/2022,LBE,PA,AEA,CE,Federal Contract Tower,3,6,4,2,15,0,2,61,0,63,3,8,65,2,78,58,0,58,136
05/22/2022,LBE,PA,AEA,CE,Federal Contract Tower,4,23,9,0,36,0,1,16,0,17,4,24,25,0,53,8,0,8,61
05/23/2022,LBE,PA,AEA,CE,Federal Contract Tower,5,9,12,6,32,0,6,48,1,55,5,15,60,7,87,44,6,50,137
05/24/2022,LBE,PA,AEA,CE,Federal Contract Tower,2,7,9,0,18,0,0,47,0,47,2,7,56,0,65,58,0,58,123
05/25/2022,LBE,PA,AEA,CE,Federal Contract Tower,6,5,13,1,25,0,0,58,0,58,6,5,71,1,83,24,0,24,107
05/26/2022,LBE,PA,AEA,CE,Federal Contract Tower,6,11,7,0,24,0,26,0,0,26,6,37,7,0,50,20,0,20,70
05/27/2022,LBE,PA,AEA,CE,Federal Contract Tower,2,14,15,0,31,0,0,32,0,32,2,14,47,0,63,30,0,30,93
05/28/2022,LBE,PA,AEA,CE,Federal Contract Tower,4,8,12,0,24,0,0,45,0,45,4,8,57,0,69,92,0,92,161
05/29/2022,LBE,PA,AEA,CE,Federal Contract Tower,4,3,4,0,11,0,1,63,0,64,4,4,67,0,75,22,0,22,97
05/30/2022,LBE,PA,AEA,CE,Federal Contract Tower,5,13,12,0,30,0,0,67,0,67,5,13,79,0,97,68,0,68,165
05/31/2022,LBE,PA,AEA,CE,Federal Contract Tower,4,8,16,0,28,0,3,82,2,87,4,11,98,2,115,38,0,38,153
06/01/2022,LBE,PA,AEA,CE,Federal Contract Tower,4,21,12,0,37,0,4,62,0,66,4,25,74,0,103,22,0,22,125
06/02/2022,LBE,PA,AEA,CE,Federal Contract Tower,8,11,6,0,25,0,3,0,0,3,8,14,6,0,28,0,0,0,28
06/03/2022,LBE,PA,AEA,CE,Federal Contract Tower,6,5,11,2,24,0,3,96,0,99,6,8,107,2,123,122,0,122,245
06/04/2022,LBE,PA,AEA,CE,Federal Contract Tower,4,4,7,0,15,0,1,96,0,97,4,5,103,0,112,98,0,98,210
06/05/2022,LBE,PA,AEA,CE,Federal Contract Tower,9,11,15,0,35,0,1,51,0,52,9,12,66,0,87,16,0,16,103
06/06/2022,LBE,PA,AEA,CE,Federal Contract Tower,7,18,9,0,34,0,2,40,0,42,7,20,49,0,76,64,0,64,140
06/07/2022,LBE,PA,AEA,CE,Federal Contract Tower,6,11,9,0,26,0,1,11,0,12,6,12,20,0,38,0,0,0,38
06/08/2022,LBE,PA,AEA,CE,Federal Contract Tower,6,12,12,2,32,0,4,84,1,89,6,16,96,3,121,110,0,110,231
06/09/2022,LBE,PA,AEA,CE,Federal Contract Tower,6,15,15,2,38,0,0,26,2,28,6,15,41,4,66,28,10,38,104
06/10/2022,LBE,PA,AEA,CE,Federal Contract Tower,4,7,8,0,19,0,2,94,8,104,4,9,102,8,123,168,0,168,291
06/11/2022,LBE,PA,AEA,CE,Federal Contract Tower,6,4,3,0,13,0,0,42,0,42,6,4,45,0,55,2,0,2,57
06/12/2022,LBE,PA,AEA,CE,Federal Contract Tower,6,11,5,3,25,0,2,37,2,41,6,13,42,5,66,36,0,36,102
06/13/2022,LBE,PA,AEA,CE,Federal Contract Tower,8,16,20,3,47,0,0,48,6,54,8,16,68,9,101,96,0,96,197
06/14/2022,LBE,PA,AEA,CE,Federal Contract Tower,6,16,12,2,36,0,10,35,2,47,6,26,47,4,83,18,0,18,101
06/15/2022,LBE,PA,AEA,CE,Federal Contract Tower,6,15,9,1,31,0,2,62,0,64,6,17,71,1,95,76,16,92,187
06/16/2022,LBE,PA,AEA,CE,Federal Contract Tower,6,22,14,0,42,0,0,34,2,36,6,22,48,2,78,52,0,52,130
06/17/2022,LBE,PA,AEA,CE,Federal Contract Tower,6,22,17,0,45,0,1,27,0,28,6,23,44,0,73,4,0,4,77
06/18/2022,LBE,PA,AEA,CE,Federal Contract Tower,6,10,22,0,38,0,0,11,0,11,6,10,33,0,49,0,0,0,49
06/19/2022,LBE,PA,AEA,CE,Federal Contract Tower,6,8,6,0,20,0,1,52,0,53,6,9,58,0,73,32,0,32,105
06/20/2022,LBE,PA,AEA,CE,Federal Contract Tower,6,12,15,0,33,0,2,61,0,63,6,14,76,0,96,52,0,52,148
06/21/2022,LBE,PA,AEA,CE,Federal Contract Tower,6,23,11,0,40,0,3,77,4,84,6,26,88,4,124,108,4,112,236
06/22/2022,LBE,PA,AEA,CE,Federal Contract Tower,6,19,10,0,35,0,1,58,0,59,6,20,68,0,94,82,0,82,176
06/23/2022,LBE,PA,AEA,CE,Federal Contract Tower,6,12,7,0,25,0,1,79,2,82,6,13,86,2,107,72,0,72,179
06/24/2022,LBE,PA,AEA,CE,Federal Contract Tower,6,14,12,6,38,0,0,100,2,102,6,14,112,8,140,100,0,100,240
06/25/2022,LBE,PA,AEA,CE,Federal Contract Tower,6,8,8,0,22,0,1,63,0,64,6,9,71,0,86,38,0,38,124
06/26/2022,LBE,PA,AEA,CE,Federal Contract Tower,6,12,7,0,25,0,0,10,0,10,6,12,17,0,35,10,0,10,45
06/27/2022,LBE,PA,AEA,CE,Federal Contract Tower,6,9,14,0,29,0,2,63,0,65,6,11,77,0,94,42,0,42,136
06/28/2022,LBE,PA,AEA,CE,Federal Contract Tower,6,12,11,0,29,0,2,65,2,69,6,14,76,2,98,78,0,78,176
06/29/2022,LBE,PA,AEA,CE,Federal Contract Tower,8,22,26,0,56,0,1,84,0,85,8,23,110,0,141,104,0,104,245
06/30/2022,LBE,PA,AEA,CE,Federal Contract Tower,6,9,10,0,25,0,4,75,0,79,6,13,85,0,104,34,0,34,138
07/01/2022,LBE,PA,AEA,CE,Federal Contract Tower,6,10,14,0,30,0,1,46,1,48,6,11,60,1,78,66,0,66,144
07/02/2022,LBE,PA,AEA,CE,Federal Contract Tower,8,10,4,0,22,0,0,34,0,34,8,10,38,0,56,92,0,92,148
07/03/2022,LBE,PA,AEA,CE,Federal Contract Tower,6,10,2,0,18,0,2,65,0,67,6,12,67,0,85,52,0,52,137
07/04/2022,LBE,PA,AEA,CE,Federal Contract Tower,6,5,7,0,18,0,4,50,0,54,6,9,57,0,72,34,0,34,106
07/05/2022,LBE,PA,AEA,CE,Federal Contract Tower,6,7,3,0,16,0,4,3,0,7,6,11,6,0,23,0,0,0,23
07/06/2022,LBE,PA,AEA,CE,Federal Contract Tower,6,10,9,4,29,0,2,18,2,22,6,12,27,6,51,34,0,34,85
07/07/2022,LBE,PA,AEA,CE,Federal Contract Tower,6,15,8,0,29,0,2,63,4,69,6,17,71,4,98,44,0,44,142
07/08/2022,LBE,PA,AEA,CE,Federal Contract Tower,6,17,6,1,30,0,2,92,3,97,6,19,98,4,127,143,0,143,270
07/09/2022,LBE,PA,AEA,CE,Federal Contract Tower,6,2,10,0,18,0,0,56,2,58,6,2,66,2,76,80,0,80,156
07/10/2022,LBE,PA,AEA,CE,Federal Contract Tower,6,13,12,0,31,0,0,47,0,47,6,13,59,0,78,18,0,18,96
07/11/2022,LBE,PA,AEA,CE,Federal Contract Tower,8,5,3,2,18,0,4,52,0,56,8,9,55,2,74,46,4,50,124
07/12/2022,LBE,PA,AEA,CE,Federal Contract Tower,6,10,4,0,20,0,0,13,4,17,6,10,17,4,37,24,0,24,61
07/13/2022,LBE,PA,AEA,CE,Federal Contract Tower,6,13,16,0,35,0,0,47,0,47,6,13,63,0,82,54,0,54,136
07/14/2022,LBE,PA,AEA,CE,Federal Contract Tower,6,10,10,2,28,0,0,51,0,51,6,10,61,2,79,66,0,66,145
07/15/2022,LBE,PA,AEA,CE,Federal Contract Tower,8,8,7,0,23,0,0,60,0,60,8,8,67,0,83,66,0,66,149
07/16/2022,LBE,PA,AEA,CE,Federal Contract Tower,6,3,6,0,15,0,2,75,0,77,6,5,81,0,92,136,0,136,228
07/17/2022,LBE,PA,AEA,CE,Federal Contract Tower,6,12,7,0,25,0,4,19,0,23,6,16,26,0,48,46,0,46,94
07/18/2022,LBE,PA,AEA,CE,Federal Contract Tower,6,11,10,0,27,0,0,1,0,1,6,11,11,0,28,0,0,0,28
07/19/2022,LBE,PA,AEA,CE,Federal Contract Tower,6,6,20,0,32,0,0,42,0,42,6,6,62,0,74,32,0,32,106
07/20/2022,LBE,PA,AEA,CE,Federal Contract Tower,6,11,13,0,30,0,5,49,0,54,6,16,62,0,84,76,0,76,160
07/21/2022,LBE,PA,AEA,CE,Federal Contract Tower,6,26,22,0,54,0,0,23,0,23,6,26,45,0,77,50,0,50,127
07/22/2022,LBE,PA,AEA,CE,Federal Contract Tower,5,18,18,1,42,0,2,53,0,55,5,20,71,1,97,62,0,62,159
07/23/2022,LBE,PA,AEA,CE,Federal Contract Tower,7,20,7,0,34,0,3,53,0,56,7,23,60,0,90,94,0,94,184
07/24/2022,LBE,PA,AEA,CE,Federal Contract Tower,6,14,14,0,34,0,2,33,0,35,6,16,47,0,69,42,0,42,111
07/25/2022,LBE,PA,AEA,CE,Federal Contract Tower,6,6,10,0,22,0,2,17,0,19,6,8,27,0,41,2,0,2,43
07/26/2022,LBE,PA,AEA,CE,Federal Contract Tower,6,16,15,4,41,0,2,58,0,60,6,18,73,4,101,38,0,38,139
07/27/2022,LBE,PA,AEA,CE,Federal Contract Tower,6,20,18,0,44,0,1,8,0,9,6,21,26,0,53,76,4,80,133
07/28/2022,LBE,PA,AEA,CE,Federal Contract Tower,6,13,17,0,36,0,2,23,0,25,6,15,40,0,61,20,0,20,81
07/29/2022,LBE,PA,AEA,CE,Federal Contract Tower,7,15,11,0,33,0,0,45,0,45,7,15,56,0,78,72,0,72,150
07/30/2022,LBE,PA,AEA,CE,Federal Contract Tower,6,10,12,0,28,0,4,86,0,90,6,14,98,0,118,108,0,108,226
07/31/2022,LBE,PA,AEA,CE,Federal Contract Tower,6,9,17,0,32,0,0,49,0,49,6,9,66,0,81,42,0,42,123
08/01/2022,LBE,PA,AEA,CE,Federal Contract Tower,8,9,10,0,27,0,1,28,0,29,8,10,38,0,56,64,0,64,120
08/02/2022,LBE,PA,AEA,CE,Federal Contract Tower,6,13,12,0,31,0,2,40,1,43,6,15,52,1,74,40,0,40,114
08/03/2022,LBE,PA,AEA,CE,Federal Contract Tower,6,9,4,1,20,0,4,80,15,99,6,13,84,16,119,54,30,84,203
08/04/2022,LBE,PA,AEA,CE,Federal Contract Tower,6,27,10,0,43,0,0,25,0,25,6,27,35,0,68,32,0,32,100
08/05/2022,LBE,PA,AEA,CE,Federal Contract Tower,9,11,12,0,32,0,1,34,0,35,9,12,46,0,67,32,0,32,99
08/06/2022,LBE,PA,AEA,CE,Federal Contract Tower,6,9,4,0,19,0,4,25,0,29,6,13,29,0,48,46,0,46,94
08/07/2022,LBE,PA,AEA,CE,Federal Contract Tower,6,12,8,0,26,0,0,2,0,2,6,12,10,0,28,0,0,0,28
08/08/2022,LBE,PA,AEA,CE,Federal Contract Tower,6,6,10,0,22,0,2,23,0,25,6,8,33,0,47,30,0,30,77
08/09/2022,LBE,PA,AEA,CE,Federal Contract Tower,6,9,9,2,26,0,0,10,0,10,6,9,19,2,36,2,0,2,38
08/10/2022,LBE,PA,AEA,CE,Federal Contract Tower,6,18,13,2,39,0,0,48,4,52,6,18,61,6,91,80,0,80,171
08/11/2022,LBE,PA,AEA,CE,Federal Contract Tower,6,13,11,4,34,0,3,68,6,77,6,16,79,10,111,80,10,90,201
08/12/2022,LBE,PA,AEA,CE,Federal Contract Tower,6,10,18,0,34,0,0,90,0,90,6,10,108,0,124,70,0,70,194
08/13/2022,LBE,PA,AEA,CE,Federal Contract Tower,6,13,7,0,26,0,2,64,0,66,6,15,71,0,92,42,0,42,134
08/14/2022,LBE,PA,AEA,CE,Federal Contract Tower,6,8,10,0,24,0,0,74,0,74,6,8,84,0,98,100,0,100,198
08/15/2022,LBE,PA,AEA,CE,Federal Contract Tower,6,14,27,0,47,0,0,37,0,37,6,14,64,0,84,80,0,80,164
08/16/2022,LBE,PA,AEA,CE,Federal Contract Tower,6,12,15,0,33,0,1,30,4,35,6,13,45,4,68,32,10,42,110
08/17/2022,LBE,PA,AEA,CE,Federal Contract Tower,6,12,15,0,33,0,1,86,0,87,6,13,101,0,120,84,0,84,204
08/18/2022,LBE,PA,AEA,CE,Federal Contract Tower,6,23,28,0,57,0,0,109,1,110,6,23,137,1,167,50,0,50,217
08/19/2022,LBE,PA,AEA,CE,Federal Contract Tower,6,15,15,4,40,0,0,62,0,62,6,15,77,4,102,28,0,28,130
08/20/2022,LBE,PA,AEA,CE,Federal Contract Tower,5,7,13,0,25,0,4,48,0,52,5,11,61,0,77,64,0,64,141
08/21/2022,LBE,PA,AEA,CE,Federal Contract Tower,6,7,13,0,26,0,0,9,0,9,6,7,22,0,35,28,0,28,63
08/22/2022,LBE,PA,AEA,CE,Federal Contract Tower,6,13,8,0,27,0,1,12,0,13,6,14,20,0,40,0,0,0,40
08/23/2022,LBE,PA,AEA,CE,Federal Contract Tower,6,19,18,0,43,0,2,51,6,59,6,21,69,6,102,66,2,68,170
08/24/2022,LBE,PA,AEA,CE,Federal Contract Tower,6,15,17,0,38,0,2,85,2,89,6,17,102,2,127,84,0,84,211
08/25/2022,LBE,PA,AEA,CE,Federal Contract Tower,6,16,19,0,41,0,1,99,4,104,6,17,118,4,145,54,0,54,199
08/26/2022,LBE,PA,AEA,CE,Federal Contract Tower,6,9,10,0,25,0,3,40,0,43,6,12,50,0,68,38,0,38,106
08/27/2022,LBE,PA,AEA,CE,Federal Contract Tower,6,8,10,0,24,0,1,49,0,50,6,9,59,0,74,44,0,44,118
08/28/2022,LBE,PA,AEA,CE,Federal Contract Tower,6,17,13,0,36,0,0,68,0,68,6,17,81,0,104,88,0,88,192
08/29/2022,LBE,PA,AEA,CE,Federal Contract Tower,6,10,12,0,28,0,8,43,3,54,6,18,55,3,82,0,0,0,82
08/30/2022,LBE,PA,AEA,CE,Federal Contract Tower,6,6,20,0,32,0,0,14,0,14,6,6,34,0,46,8,0,8,54
08/31/2022,LBE,PA,AEA,CE,Federal Contract Tower,6,14,11,0,31,0,2,61,4,67,6,16,72,4,98,82,0,82,180
09/01/2022,LBE,PA,AEA,CE,Federal Contract Tower,6,23,22,0,51,0,4,77,0,81,6,27,99,0,132,64,0,64,196
09/02/2022,LBE,PA,AEA,CE,Federal Contract Tower,7,18,20,0,45,0,0,54,0,54,7,18,74,0,99,28,0,28,127
09/03/2022,LBE,PA,AEA,CE,Federal Contract Tower,6,6,11,0,23,0,0,87,0,87,6,6,98,0,110,96,0,96,206
09/04/2022,LBE,PA,AEA,CE,Federal Contract Tower,6,3,9,0,18,0,4,23,0,27,6,7,32,0,45,8,0,8,53
09/05/2022,LBE,PA,AEA,CE,Federal Contract Tower,8,17,18,0,43,0,1,0,0,1,8,18,18,0,44,0,0,0,44
09/06/2022,LBE,PA,AEA,CE,Federal Contract Tower,6,10,16,0,32,0,0,0,0,0,6,10,16,0,32,0,0,0,32
09/07/2022,LBE,PA,AEA,CE,Federal Contract Tower,4,8,21,2,35,0,0,7,0,7,4,8,28,2,42,64,0,64,106
09/08/2022,LBE,PA,AEA,CE,Federal Contract Tower,6,19,13,0,38,0,2,87,0,89,6,21,100,0,127,138,0,138,265
09/09/2022,LBE,PA,AEA,CE,Federal Contract Tower,8,15,21,0,44,0,2,93,0,95,8,17,114,0,139,16,0,16,155
09/10/2022,LBE,PA,AEA,CE,Federal Contract Tower,4,18,8,1,31,0,0,92,1,93,4,18,100,2,124,112,0,112,236
09/11/2022,LBE,PA,AEA,CE,Federal Contract Tower,6,16,24,0,46,0,0,14,0,14,6,16,38,0,60,46,0,46,106
09/12/2022,LBE,PA,AEA,CE,Federal Contract Tower,8,8,6,0,22,0,2,0,0,2,8,10,6,0,24,0,0,0,24
09/13/2022,LBE,PA,AEA,CE,Federal Contract Tower,4,15,20,0,39,0,4,50,2,56,4,19,70,2,95,26,0,26,121
09/14/2022,LBE,PA,AEA,CE,Federal Contract Tower,3,15,14,0,32,0,3,56,5,64,3,18,70,5,96,60,0,60,156
09/15/2022,LBE,PA,AEA,CE,Federal Contract Tower,6,14,15,0,35,0,0,48,0,48,6,14,63,0,83,26,0,26,109
09/16/2022,LBE,PA,AEA,CE,Federal Contract Tower,6,19,14,0,39,0,0,55,0,55,6,19,69,0,94,112,0,112,206
09/17/2022,LBE,PA,AEA,CE,Federal Contract Tower,4,7,14,0,25,0,3,76,0,79,4,10,90,0,104,60,0,60,164
09/18/2022,LBE,PA,AEA,CE,Federal Contract Tower,6,26,11,0,43,0,2,42,4,48,6,28,53,4,91,30,0,30,121
09/19/2022,LBE,PA,AEA,CE,Federal Contract Tower,6,11,10,0,27,0,3,2,0,5,6,14,12,0,32,0,0,0,32
09/20/2022,LBE,PA,AEA,CE,Federal Contract Tower,4,14,15,0,33,0,3,39,0,42,4,17,54,0,75,0,0,0,75
09/21/2022,LBE,PA,AEA,CE,Federal Contract Tower,4,20,8,2,34,0,3,38,4,45,4,23,46,6,79,18,0,18,97
09/22/2022,LBE,PA,AEA,CE,Federal Contract Tower,6,13,9,0,28,0,0,6,0,6,6,13,15,0,34,0,0,0,34
09/23/2022,LBE,PA,AEA,CE,Federal Contract Tower,6,7,15,0,28,0,6,43,0,49,6,13,58,0,77,34,0,34,111
09/24/2022,LBE,PA,AEA,CE,Federal Contract Tower,4,6,12,0,22,0,0,59,0,59,4,6,71,0,81,72,0,72,153
09/25/2022,LBE,PA,AEA,CE,Federal Contract Tower,6,14,5,0,25,0,0,7,0,7,6,14,12,0,32,10,0,10,42
09/26/2022,LBE,PA,AEA,CE,Federal Contract Tower,6,15,22,0,43,0,2,15,0,17,6,17,37,0,60,30,0,30,90
09/27/2022,LBE,PA,AEA,CE,Federal Contract Tower,4,11,7,0,22,0,2,29,0,31,4,13,36,0,53,24,0,24,77
09/28/2022,LBE,PA,AEA,CE,Federal Contract Tower,2,12,5,0,19,0,0,0,0,0,2,12,5,0,19,0,0,0,19
09/29/2022,LBE,PA,AEA,CE,Federal Contract Tower,4,15,17,0,36,0,2,107,0,109,4,17,124,0,145,132,0,132,277
09/30/2022,LBE,PA,AEA,CE,Federal Contract Tower,2,14,10,0,26,0,0,75,0,75,2,14,85,0,101,88,0,88,189
10/01/2022,LBE,PA,AEA,CE,Federal Contract Tower,2,7,6,0,15,0,0,0,0,0,2,7,6,0,15,0,0,0,15
10/02/2022,LBE,PA,AEA,CE,Federal Contract Tower,7,14,8,0,29,0,0,14,0,14,7,14,22,0,43,32,0,32,75
10/03/2022,LBE,PA,AEA,CE,Federal Contract Tower,8,14,3,5,30,0,1,53,0,54,8,15,56,5,84,32,0,32,116
10/04/2022,LBE,PA,AEA,CE,Federal Contract Tower,3,7,8,0,18,0,1,31,0,32,3,8,39,0,50,52,0,52,102
10/05/2022,LBE,PA,AEA,CE,Federal Contract Tower,4,17,16,1,38,0,1,83,1,85,4,18,99,2,123,66,0,66,189
10/06/2022,LBE,PA,AEA,CE,Federal Contract Tower,10,16,24,0,50,0,0,68,2,70,10,16,92,2,120,40,0,40,160
10/07/2022,LBE,PA,AEA,CE,Federal Contract Tower,6,19,18,1,44,0,0,0,1,1,6,19,18,2,45,0,0,0,45
10/08/2022,LBE,PA,AEA,CE,Federal Contract Tower,4,16,18,0,38,0,1,50,0,51,4,17,68,0,89,28,0,28,117
10/09/2022,LBE,PA,AEA,CE,Federal Contract Tower,8,12,25,0,45,0,0,57,0,57,8,12,82,0,102,46,0,46,148
10/10/2022,LBE,PA,AEA,CE,Federal Contract Tower,6,8,14,0,28,0,2,43,0,45,6,10,57,0,73,42,0,42,115
10/11/2022,LBE,PA,AEA,CE,Federal Contract Tower,4,11,17,2,34,0,2,79,0,81,4,13,96,2,115,102,0,102,217
10/12/2022,LBE,PA,AEA,CE,Federal Contract Tower,4,15,12,1,32,0,10,60,1,71,4,25,72,2,103,84,0,84,187
10/13/2022,LBE,PA,AEA,CE,Federal Contract Tower,6,8,12,0,26,0,2,5,0,7,6,10,17,0,33,0,0,0,33
10/14/2022,LBE,PA,AEA,CE,Federal Contract Tower,6,23,9,2,40,0,0,64,0,64,6,23,73,2,104,36,0,36,140
10/15/2022,LBE,PA,AEA,CE,Federal Contract Tower,4,2,16,0,22,0,0,17,0,17,4,2,33,0,39,0,0,0,39
10/16/2022,LBE,PA,AEA,CE,Federal Contract Tower,6,29,16,0,51,0,1,72,0,73,6,30,88,0,124,12,0,12,136
10/17/2022,LBE,PA,AEA,CE,Federal Contract Tower,6,19,12,0,37,0,0,26,2,28,6,19,38,2,65,20,0,20,85
10/18/2022,LBE,PA,AEA,CE,Federal Contract Tower,4,14,4,0,22,0,0,2,0,2,4,14,6,0,24,0,0,0,24
10/19/2022,LBE,PA,AEA,CE,Federal Contract Tower,4,18,6,0,28,0,0,0,0,0,4,18,6,0,28,0,0,0,28
10/20/2022,LBE,PA,AEA,CE,Federal Contract Tower,6,16,11,2,35,0,1,42,0,43,6,17,53,2,78,22,0,22,100
10/21/2022,LBE,PA,AEA,CE,Federal Contract Tower,6,17,17,0,40,0,4,64,0,68,6,21,81,0,108,32,0,32,140
10/22/2022,LBE,PA,AEA,CE,Federal Contract Tower,4,8,5,0,17,0,0,88,0,88,4,8,93,0,105,68,0,68,173
10/23/2022,LBE,PA,AEA,CE,Federal Contract Tower,6,20,21,0,47,0,3,99,0,102,6,23,120,0,149,84,0,84,233
10/24/2022,LBE,PA,AEA,CE,Federal Contract Tower,6,15,3,2,26,0,2,94,5,101,6,17,97,7,127,124,8,132,259
10/25/2022,LBE,PA,AEA,CE,Federal Contract Tower,4,9,9,3,25,0,0,79,0,79,4,9,88,3,104,82,10,92,196
10/26/2022,LBE,PA,AEA,CE,Federal Contract Tower,4,9,8,2,23,0,0,0,0,0,4,9,8,2,23,0,0,0,23
10/27/2022,LBE,PA,AEA,CE,Federal Contract Tower,6,18,21,2,47,0,5,50,0,55,6,23,71,2,102,32,0,32,134
10/28/2022,LBE,PA,AEA,CE,Federal Contract Tower,6,15,10,0,31,0,3,72,4,79,6,18,82,4,110,44,0,44,154
10/29/2022,LBE,PA,AEA,CE,Federal Contract Tower,4,4,6,0,14,0,1,83,0,84,4,5,89,0,98,86,0,86,184
10/30/2022,LBE,PA,AEA,CE,Federal Contract Tower,6,17,5,0,28,0,2,61,0,63,6,19,66,0,91,60,0,60,151
10/31/2022,LBE,PA,AEA,CE,Federal Contract Tower,6,15,6,6,33,0,0,0,0,0,6,15,6,6,33,0,0,0,33
11/01/2022,LBE,PA,AEA,CE,Federal Contract Tower,4,12,4,2,22,0,0,10,0,10,4,12,14,2,32,40,0,40,72
11/02/2022,LBE,PA,AEA,CE,Federal Contract Tower,4,18,16,3,41,0,4,27,5,36,4,22,43,8,77,36,0,36,113
11/03/2022,LBE,PA,AEA,CE,Federal Contract Tower,6,12,7,0,25,0,0,83,0,83,6,12,90,0,108,86,0,86,194
11/04/2022,LBE,PA,AEA,CE,Federal Contract Tower,6,13,3,0,22,0,0,64,0,64,6,13,67,0,86,68,0,68,154
11/05/2022,LBE,PA,AEA,CE,Federal Contract Tower,8,9,9,0,26,0,2,10,0,12,8,11,19,0,38,0,0,0,38
11/06/2022,LBE,PA,AEA,CE,Federal Contract Tower,6,13,8,0,27,0,0,33,0,33,6,13,41,0,60,84,0,84,144
11/07/2022,LBE,PA,AEA,CE,Federal Contract Tower,4,5,7,0,16,0,1,68,4,73,4,6,75,4,89,42,0,42,131
11/08/2022,LBE,PA,AEA,CE,Federal Contract Tower,4,14,8,2,28,0,1,71,2,74,4,15,79,4,102,102,0,102,204
11/09/2022,LBE,PA,AEA,CE,Federal Contract Tower,0,15,6,0,21,0,2,40,2,44,0,17,46,2,65,48,0,48,113
11/10/2022,LBE,PA,AEA,CE,Federal Contract Tower,2,18,7,0,27,0,5,68,0,73,2,23,75,0,100,102,0,102,202
11/11/2022,LBE,PA,AEA,CE,Federal Contract Tower,4,7,4,0,15,0,0,0,0,0,4,7,4,0,15,0,0,0,15
11/12/2022,LBE,PA,AEA,CE,Federal Contract Tower,2,11,4,0,17,0,0,0,0,0,2,11,4,0,17,0,0,0,17
11/13/2022,LBE,PA,AEA,CE,Federal Contract Tower,4,8,4,0,16,0,0,5,0,5,4,8,9,0,21,0,0,0,21
11/14/2022,LBE,PA,AEA,CE,Federal Contract Tower,4,10,2,2,18,0,0,32,4,36,4,10,34,6,54,40,0,40,94
11/15/2022,LBE,PA,AEA,CE,Federal Contract Tower,2,10,12,0,24,0,0,4,0,4,2,10,16,0,28,0,0,0,28
11/16/2022,LBE,PA,AEA,CE,Federal Contract Tower,1,2,10,0,13,0,0,0,0,0,1,2,10,0,13,0,0,0,13
11/17/2022,LBE,PA,AEA,CE,Federal Contract Tower,4,20,7,0,31,0,0,4,0,4,4,20,11,0,35,12,0,12,47
11/18/2022,LBE,PA,AEA,CE,Federal Contract Tower,4,15,9,0,28,0,0,0,0,0,4,15,9,0,28,0,0,0,28
11/19/2022,LBE,PA,AEA,CE,Federal Contract Tower,2,10,10,0,22,0,2,8,4,14,2,12,18,4,36,12,0,12,48
11/20/2022,LBE,PA,AEA,CE,Federal Contract Tower,4,14,12,0,30,0,0,10,0,10,4,14,22,0,40,14,0,14,54
11/21/2022,LBE,PA,AEA,CE,Federal Contract Tower,4,5,9,0,18,0,0,25,0,25,4,5,34,0,43,16,0,16,59
11/22/2022,LBE,PA,AEA,CE,Federal Contract Tower,2,12,17,0,31,0,3,55,0,58,2,15,72,0,89,40,0,40,129
11/23/2022,LBE,PA,AEA,CE,Federal Contract Tower,2,11,22,0,35,0,6,95,0,101,2,17,117,0,136,122,0,122,258
11/24/2022,LBE,PA,AEA,CE,Federal Contract Tower,2,5,2,0,9,0,0,14,0,14,2,5,16,0,23,28,0,28,51
11/25/2022,LBE,PA,AEA,CE,Federal Contract Tower,4,10,6,0,20,0,0,10,0,10,4,10,16,0,30,6,0,6,36
11/26/2022,LBE,PA,AEA,CE,Federal Contract Tower,2,8,10,0,20,0,2,56,0,58,2,10,66,0,78,58,0,58,136
11/27/2022,LBE,PA,AEA,CE,Federal Contract Tower,4,11,10,0,25,0,0,0,0,0,4,11,10,0,25,0,0,0,25
11/28/2022,LBE,PA,AEA,CE,Federal Contract Tower,4,15,11,0,30,0,0,2,0,2,4,15,13,0,32,0,0,0,32
11/29/2022,LBE,PA,AEA,CE,Federal Contract Tower,2,8,11,0,21,0,0,38,1,39,2,8,49,1,60,2,0,2,62
11/30/2022,LBE,PA,AEA,CE,Federal Contract Tower,2,13,4,0,19,0,0,0,0,0,2,13,4,0,19,0,0,0,19
12/01/2022,LBE,PA,AEA,CE,Federal Contract Tower,4,20,9,0,33,0,2,27,2,31,4,22,36,2,64,24,0,24,88
12/02/2022,LBE,PA,AEA,CE,Federal Contract Tower,4,13,9,0,26,0,0,32,2,34,4,13,41,2,60,44,6,50,110
12/03/2022,LBE,PA,AEA,CE,Federal Contract Tower,2,4,3,0,9,0,0,1,0,1,2,4,4,0,10,0,0,0,10
12/04/2022,LBE,PA,AEA,CE,Federal Contract Tower,4,18,13,0,35,0,3,57,0,60,4,21,70,0,95,46,0,46,141
12/05/2022,LBE,PA,AEA,CE,Federal Contract Tower,4,9,7,0,20,0,2,82,0,84,4,11,89,0,104,136,2,138,242
12/06/2022,LBE,PA,AEA,CE,Federal Contract Tower,2,12,4,0,18,0,0,0,0,0,2,12,4,0,18,0,0,0,18
12/07/2022,LBE,PA,AEA,CE,Federal Contract Tower,2,13,11,0,26,0,3,0,0,3,2,16,11,0,29,0,0,0,29
12/08/2022,LBE,PA,AEA,CE,Federal Contract Tower,2,12,10,2,26,0,0,18,3,21,2,12,28,5,47,40,0,40,87
12/09/2022,LBE,PA,AEA,CE,Federal Contract Tower,2,5,14,0,21,0,0,57,0,57,2,5,71,0,78,58,0,58,136
12/10/2022,LBE,PA,AEA,CE,Federal Contract Tower,2,8,4,0,14,0,0,5,0,5,2,8,9,0,19,12,0,12,31
12/11/2022,LBE,PA,AEA,CE,Federal Contract Tower,2,12,4,0,18,0,0,1,0,1,2,12,5,0,19,0,0,0,19
12/12/2022,LBE,PA,AEA,CE,Federal Contract Tower,2,10,4,1,17,0,0,15,2,17,2,10,19,3,34,36,0,36,70
12/13/2022,LBE,PA,AEA,CE,Federal Contract Tower,2,11,8,2,23,0,1,47,0,48,2,12,55,2,71,52,0,52,123
12/14/2022,LBE,PA,AEA,CE,Federal Contract Tower,2,6,8,0,16,0,3,39,3,45,2,9,47,3,61,44,0,44,105
12/15/2022,LBE,PA,AEA,CE,Federal Contract Tower,2,9,3,0,14,0,0,0,0,0,2,9,3,0,14,0,0,0,14
12/16/2022,LBE,PA,AEA,CE,Federal Contract Tower,2,16,4,0,22,0,0,16,0,16,2,16,20,0,38,24,0,24,62
12/17/2022,LBE,PA,AEA,CE,Federal Contract Tower,2,11,1,0,14,0,0,4,0,4,2,11,5,0,18,6,0,6,24
12/18/2022,LBE,PA,AEA,CE,Federal Contract Tower,2,12,3,0,17,0,1,2,0,3,2,13,5,0,20,0,0,0,20
12/19/2022,LBE,PA,AEA,CE,Federal Contract Tower,2,14,3,0,19,0,7,9,0,16,2,21,12,0,35,2,0,2,37
12/20/2022,LBE,PA,AEA,CE,Federal Contract Tower,2,6,12,2,22,0,2,57,0,59,2,8,69,2,81,66,0,66,147
12/21/2022,LBE,PA,AEA,CE,Federal Contract Tower,2,14,5,2,23,0,2,55,7,64,2,16,60,9,87,46,0,46,133
12/22/2022,LBE,PA,AEA,CE,Federal Contract Tower,2,15,6,0,23,0,0,0,0,0,2,15,6,0,23,0,0,0,23
12/23/2022,LBE,PA,AEA,CE,Federal Contract Tower,0,2,1,0,3,0,0,0,0,0,0,2,1,0,3,0,0,0,3
12/24/2022,LBE,PA,AEA,CE,Federal Contract Tower,2,4,6,0,12,0,0,0,0,0,2,4,6,0,12,0,0,0,12
12/25/2022,LBE,PA,AEA,CE,Federal Contract Tower,0,2,0,0,2,0,0,0,0,0,0,2,0,0,2,0,0,0,2
12/26/2022,LBE,PA,AEA,CE,Federal Contract Tower,1,20,10,0,31,0,0,8,0,8,1,20,18,0,39,12,0,12,51
12/27/2022,LBE,PA,AEA,CE,Federal Contract Tower,0,16,2,0,18,0,6,2,0,8,0,22,4,0,26,50,0,50,76
12/28/2022,LBE,PA,AEA,CE,Federal Contract Tower,2,17,7,0,26,0,4,46,4,54,2,21,53,4,80,30,0,30,110
12/29/2022,LBE,PA,AEA,CE,Federal Contract Tower,2,15,8,0,25,0,1,37,0,38,2,16,45,0,63,70,0,70,133
12/30/2022,LBE,PA,AEA,CE,Federal Contract Tower,4,8,10,0,22,0,3,57,2,62,4,11,67,2,84,128,0,128,212
12/31/2022,LBE,PA,AEA,CE,Federal Contract Tower,2,5,6,0,13,0,0,0,0,0,2,5,6,0,13,0,0,0,13
01/01/2023,LBE,PA,AEA,CE,Federal Contract Tower,2,15,6,0,23,0,0,2,0,2,2,15,8,0,25,0,0,0,25
01/02/2023,LBE,PA,AEA,CE,Federal Contract Tower,4,3,2,0,9,0,0,0,0,0,4,3,2,0,9,0,0,0,9
01/03/2023,LBE,PA,AEA,CE,Federal Contract Tower,2,5,7,0,14,0,1,3,0,4,2,6,10,0,18,2,0,2,20
01/04/2023,LBE,PA,AEA,CE,Federal Contract Tower,0,8,6,0,14,0,0,6,0,6,0,8,12,0,20,20,0,20,40
01/05/2023,LBE,PA,AEA,CE,Federal Contract Tower,2,8,9,0,19,0,2,44,0,46,2,10,53,0,65,52,6,58,123
01/06/2023,LBE,PA,AEA,CE,Federal Contract Tower,2,12,5,1,20,0,0,1,1,2,2,12,6,2,22,0,6,6,28
01/07/2023,LBE,PA,AEA,CE,Federal Contract Tower,2,11,6,0,19,0,1,14,0,15,2,12,20,0,34,34,0,34,68
01/08/2023,LBE,PA,AEA,CE,Federal Contract Tower,2,4,5,0,11,0,0,35,0,35,2,4,40,0,46,52,0,52,98
01/09/2023,LBE,PA,AEA,CE,Federal Contract Tower,2,17,5,0,24,0,0,5,0,5,2,17,10,0,29,4,0,4,33
01/10/2023,LBE,PA,AEA,CE,Federal Contract Tower,2,14,11,0,27,0,4,45,0,49,2,18,56,0,76,4,0,4,80
01/11/2023,LBE,PA,AEA,CE,Federal Contract Tower,2,5,10,1,18,0,0,68,3,71,2,5,78,4,89,54,22,76,165
01/12/2023,LBE,PA,AEA,CE,Federal Contract Tower,2,15,6,0,23,0,0,0,0,0,2,15,6,0,23,0,0,0,23
01/13/2023,LBE,PA,AEA,CE,Federal Contract Tower,2,8,2,0,12,0,0,0,0,0,2,8,2,0,12,0,0,0,12
01/14/2023,LBE,PA,AEA,CE,Federal Contract Tower,2,14,3,0,19,0,0,0,0,0,2,14,3,0,19,0,0,0,19
01/15/2023,LBE,PA,AEA,CE,Federal Contract Tower,2,3,4,0,9,0,0,42,0,42,2,3,46,0,51,32,0,32,83
01/16/2023,LBE,PA,AEA,CE,Federal Contract Tower,2,9,14,0,25,0,2,84,0,86,2,11,98,0,111,58,0,58,169
01/17/2023,LBE,PA,AEA,CE,Federal Contract Tower,2,15,7,0,24,0,1,0,0,1,2,16,7,0,25,0,0,0,25
01/18/2023,LBE,PA,AEA,CE,Federal Contract Tower,2,7,4,0,13,0,1,5,0,6,2,8,9,0,19,20,0,20,39
01/19/2023,LBE,PA,AEA,CE,Federal Contract Tower,2,14,8,0,24,0,2,12,0,14,2,16,20,0,38,2,0,2,40
01/20/2023,LBE,PA,AEA,CE,Federal Contract Tower,2,26,4,0,32,0,0,1,0,1,2,26,5,0,33,0,0,0,33
01/21/2023,LBE,PA,AEA,CE,Federal Contract Tower,2,8,11,0,21,0,0,10,0,10,2,8,21,0,31,66,0,66,97
01/22/2023,LBE,PA,AEA,CE,Federal Contract Tower,2,11,12,0,25,0,0,5,0,5,2,11,17,0,30,10,0,10,40
01/23/2023,LBE,PA,AEA,CE,Federal Contract Tower,2,19,4,2,27,0,1,2,0,3,2,20,6,2,30,0,0,0,30
01/24/2023,LBE,PA,AEA,CE,Federal Contract Tower,2,10,3,0,15,0,4,14,1,19,2,14,17,1,34,0,0,0,34
01/25/2023,LBE,PA,AEA,CE,Federal Contract Tower,2,9,7,0,18,0,0,0,0,0,2,9,7,0,18,0,0,0,18
01/26/2023,LBE,PA,AEA,CE,Federal Contract Tower,2,22,0,2,26,0,0,0,0,0,2,22,0,2,26,0,0,0,26
01/27/2023,LBE,PA,AEA,CE,Federal Contract Tower,2,15,7,0,24,0,0,6,0,6,2,15,13,0,30,8,0,8,38
01/28/2023,LBE,PA,AEA,CE,Federal Contract Tower,2,11,6,1,20,0,0,42,1,43,2,11,48,2,63,38,0,38,101
01/29/2023,LBE,PA,AEA,CE,Federal Contract Tower,2,8,3,0,13,0,0,0,0,0,2,8,3,0,13,0,0,0,13
01/30/2023,LBE,PA,AEA,CE,Federal Contract Tower,2,12,2,0,16,0,0,0,0,0,2,12,2,0,16,0,0,0,16
01/31/2023,LBE,PA,AEA,CE,Federal Contract Tower,2,14,6,0,22,0,0,0,0,0,2,14,6,0,22,0,0,0,22
02/01/2023,LBE,PA,AEA,CE,Federal Contract Tower,2,11,9,0,22,0,1,59,5,65,2,12,68,5,87,12,0,12,99
02/02/2023,LBE,PA,AEA,CE,Federal Contract Tower,2,9,15,2,28,0,0,61,0,61,2,9,76,2,89,38,0,38,127
02/03/2023,LBE,PA,AEA,CE,Federal Contract Tower,2,9,3,4,18,0,0,6,0,6,2,9,9,4,24,0,0,0,24
02/04/2023,LBE,PA,AEA,CE,Federal Contract Tower,2,10,3,0,15,0,4,36,0,40,2,14,39,0,55,68,0,68,123
02/05/2023,LBE,PA,AEA,CE,Federal Contract Tower,2,11,5,0,18,0,1,15,0,16,2,12,20,0,34,10,0,10,44
02/06/2023,LBE,PA,AEA,CE,Federal Contract Tower,2,2,5,0,9,0,0,7,2,9,2,2,12,2,18,22,0,22,40
02/07/2023,LBE,PA,AEA,CE,Federal Contract Tower,2,7,4,0,13,0,0,20,0,20,2,7,24,0,33,4,0,4,37
02/08/2023,LBE,PA,AEA,CE,Federal Contract Tower,2,15,9,0,26,0,5,37,0,42,2,20,46,0,68,50,0,50,118
02/09/2023,LBE,PA,AEA,CE,Federal Contract Tower,2,11,4,0,17,0,2,1,0,3,2,13,5,0,20,0,0,0,20
02/10/2023,LBE,PA,AEA,CE,Federal Contract Tower,2,15,7,2,26,0,0,0,0,0,2,15,7,2,26,0,0,0,26
02/11/2023,LBE,PA,AEA,CE,Federal Contract Tower,2,3,8,0,13,0,0,79,0,79,2,3,87,0,92,76,0,76,168
02/12/2023,LBE,PA,AEA,CE,Federal Contract Tower,2,4,9,0,15,0,4,49,0,53,2,8,58,0,68,96,0,96,164
02/13/2023,LBE,PA,AEA,CE,Federal Contract Tower,2,11,3,0,16,0,2,9,6,17,2,13,12,6,33,0,0,0,33
02/14/2023,LBE,PA,AEA,CE,Federal Contract Tower,2,13,5,0,20,0,2,80,0,82,2,15,85,0,102,32,0,32,134
02/15/2023,LBE,PA,AEA,CE,Federal Contract Tower,4,7,9,2,22,0,1,15,0,16,4,8,24,2,38,4,0,4,42
02/16/2023,LBE,PA,AEA,CE,Federal Contract Tower,2,15,4,4,25,0,0,0,0,0,2,15,4,4,25,0,0,0,25
02/17/2023,LBE,PA,AEA,CE,Federal Contract Tower,2,12,10,0,24,0,0,0,0,0,2,12,10,0,24,8,0,8,32
02/18/2023,LBE,PA,AEA,CE,Federal Contract Tower,4,3,4,0,11,0,1,30,0,31,4,4,34,0,42,26,0,26,68
02/19/2023,LBE,PA,AEA,CE,Federal Contract Tower,2,8,1,0,11,0,1,22,0,23,2,9,23,0,34,38,0,38,72
02/20/2023,LBE,PA,AEA,CE,Federal Contract Tower,2,20,9,0,31,0,1,16,0,17,2,21,25,0,48,22,0,22,70
02/21/2023,LBE,PA,AEA,CE,Federal Contract Tower,2,9,2,0,13,0,4,8,0,12,2,13,10,0,25,0,0,0,25
02/22/2023,LBE,PA,AEA,CE,Federal Contract Tower,2,10,5,0,17,0,0,0,0,0,2,10,5,0,17,0,0,0,17
02/23/2023,LBE,PA,AEA,CE,Federal Contract Tower,2,14,4,0,20,0,0,20,0,20,2,14,24,0,40,36,0,36,76
02/24/2023,LBE,PA,AEA,CE,Federal Contract Tower,2,2,7,0,11,0,0,3,1,4,2,2,10,1,15,0,0,0,15
02/25/2023,LBE,PA,AEA,CE,Federal Contract Tower,2,17,1,0,20,0,0,71,0,71,2,17,72,0,91,72,0,72,163
02/26/2023,LBE,PA,AEA,CE,Federal Contract Tower,2,19,6,0,27,0,2,19,0,21,2,21,25,0,48,56,0,56,104
02/27/2023,LBE,PA,AEA,CE,Federal Contract Tower,2,8,7,0,17,0,0,8,0,8,2,8,15,0,25,18,0,18,43
02/28/2023,LBE,PA,AEA,CE,Federal Contract Tower,2,7,6,2,17,0,2,2,0,4,2,9,8,2,21,18,0,18,39
03/01/2023,LBE,PA,AEA,CE,Federal Contract Tower,2,9,5,0,16,0,0,42,0,42,2,9,47,0,58,18,0,18,76
03/02/2023,LBE,PA,AEA,CE,Federal Contract Tower,2,12,13,4,31,0,1,60,2,63,2,13,73,6,94,60,0,60,154
03/03/2023,LBE,PA,AEA,CE,Federal Contract Tower,0,7,2,0,9,0,0,2,0,2,0,7,4,0,11,0,0,0,11
03/04/2023,LBE,PA,AEA,CE,Federal Contract Tower,2,8,1,0,11,0,0,3,0,3,2,8,4,0,14,0,0,0,14
03/05/2023,LBE,PA,AEA,CE,Federal Contract Tower,2,14,5,0,21,0,0,54,0,54,2,14,59,0,75,74,0,74,149
03/06/2023,LBE,PA,AEA,CE,Federal Contract Tower,2,12,3,2,19,0,1,74,0,75,2,13,77,2,94,56,0,56,150
03/07/2023,LBE,PA,AEA,CE,Federal Contract Tower,2,6,6,0,14,0,3,4,0,7,2,9,10,0,21,0,0,0,21
03/08/2023,LBE,PA,AEA,CE,Federal Contract Tower,2,16,4,0,22,0,2,41,3,46,2,18,45,3,68,30,0,30,98
03/09/2023,LBE,PA,AEA,CE,Federal Contract Tower,2,13,4,2,21,0,0,80,2,82,2,13,84,4,103,100,0,100,203
03/10/2023,LBE,PA,AEA,CE,Federal Contract Tower,2,10,4,2,18,0,0,0,0,0,2,10,4,2,18,0,0,0,18
03/11/2023,LBE,PA,AEA,CE,Federal Contract Tower,0,6,7,0,13,0,5,1,0,6,0,11,8,0,19,4,0,4,23
03/12/2023,LBE,PA,AEA,CE,Federal Contract Tower,2,14,20,0,36,0,0,24,0,24,2,14,44,0,60,38,0,38,98
03/13/2023,LBE,PA,AEA,CE,Federal Contract Tower,2,12,4,0,18,0,0,0,0,0,2,12,4,0,18,0,0,0,18
03/14/2023,LBE,PA,AEA,CE,Federal Contract Tower,2,13,3,0,18,0,0,0,0,0,2,13,3,0,18,0,0,0,18
03/15/2023,LBE,PA,AEA,CE,Federal Contract Tower,2,12,3,2,19,0,3,39,4,46,2,15,42,6,65,10,0,10,75
03/16/2023,LBE,PA,AEA,CE,Federal Contract Tower,2,11,9,2,24,0,2,81,0,83,2,13,90,2,107,76,0,76,183
03/17/2023,LBE,PA,AEA,CE,Federal Contract Tower,2,13,6,0,21,0,0,0,0,0,2,13,6,0,21,0,0,0,21
03/18/2023,LBE,PA,AEA,CE,Federal Contract Tower,0,3,9,0,12,0,0,53,0,53,0,3,62,0,65,2,0,2,67
03/19/2023,LBE,PA,AEA,CE,Federal Contract Tower,2,20,8,0,30,0,0,3,0,3,2,20,11,0,33,0,0,0,33
03/20/2023,LBE,PA,AEA,CE,Federal Contract Tower,2,10,9,0,21,0,0,56,0,56,2,10,65,0,77,26,0,26,103
03/21/2023,LBE,PA,AEA,CE,Federal Contract Tower,2,11,4,0,17,0,2,65,0,67,2,13,69,0,84,44,0,44,128
03/22/2023,LBE,PA,AEA,CE,Federal Contract Tower,2,8,7,0,17,0,6,46,2,54,2,14,53,2,71,26,6,32,103
03/23/2023,LBE,PA,AEA,CE,Federal Contract Tower,2,15,3,0,20,0,0,0,0,0,2,15,3,0,20,0,0,0,20
03/24/2023,LBE,PA,AEA,CE,Federal Contract Tower,3,17,7,0,27,0,0,3,0,3,3,17,10,0,30,10,0,10,40
03/25/2023,LBE,PA,AEA,CE,Federal Contract Tower,2,10,2,0,14,0,2,1,0,3,2,12,3,0,17,0,0,0,17
03/26/2023,LBE,PA,AEA,CE,Federal Contract Tower,0,15,9,0,24,0,1,58,0,59,0,16,67,0,83,26,0,26,109
03/27/2023,LBE,PA,AEA,CE,Federal Contract Tower,2,12,8,0,22,0,0,10,0,10,2,12,18,0,32,0,0,0,32
03/28/2023,LBE,PA,AEA,CE,Federal Contract Tower,4,10,6,0,20,0,0,34,0,34,4,10,40,0,54,66,0,66,120
03/29/2023,LBE,PA,AEA,CE,Federal Contract Tower,2,13,7,2,24,0,1,67,0,68,2,14,74,2,92,20,0,20,112
03/30/2023,LBE,PA,AEA,CE,Federal Contract Tower,2,13,5,2,22,0,2,65,0,67,2,15,70,2,89,64,0,64,153
03/31/2023,LBE,PA,AEA,CE,Federal Contract Tower,4,15,6,0,25,0,1,0,0,1,4,16,6,0,26,0,0,0,26
04/01/2023,LBE,PA,AEA,CE,Federal Contract Tower,2,1,1,0,4,0,0,0,0,0,2,1,1,0,4,0,0,0,4
04/02/2023,LBE,PA,AEA,CE,Federal Contract Tower,2,4,9,0,15,0,5,78,0,83,2,9,87,0,98,112,0,112,210
04/03/2023,LBE,PA,AEA,CE,Federal Contract Tower,2,14,10,0,26,0,0,51,0,51,2,14,61,0,77,26,0,26,103
04/04/2023,LBE,PA,AEA,CE,Federal Contract Tower,2,18,9,0,29,0,5,107,0,112,2,23,116,0,141,86,0,86,227
04/05/2023,LBE,PA,AEA,CE,Federal Contract Tower,2,12,5,0,19,0,2,8,0,10,2,14,13,0,29,8,0,8,37
04/06/2023,LBE,PA,AEA,CE,Federal Contract Tower,2,18,13,0,33,0,0,0,0,0,2,18,13,0,33,0,0,0,33
04/07/2023,LBE,PA,AEA,CE,Federal Contract Tower,2,8,11,0,21,0,4,44,0,48,2,12,55,0,69,26,0,26,95
04/08/2023,LBE,PA,AEA,CE,Federal Contract Tower,2,9,6,0,17,0,0,28,0,28,2,9,34,0,45,34,0,34,79
04/09/2023,LBE,PA,AEA,CE,Federal Contract Tower,1,5,5,0,11,0,0,25,0,25,1,5,30,0,36,0,0,0,36
04/10/2023,LBE,PA,AEA,CE,Federal Contract Tower,3,11,9,0,23,0,0,79,0,79,3,11,88,0,102,102,0,102,204
04/11/2023,LBE,PA,AEA,CE,Federal Contract Tower,2,18,10,0,30,0,2,54,8,64,2,20,64,8,94,18,6,24,118
04/12/2023,LBE,PA,AEA,CE,Federal Contract Tower,2,10,3,1,16,0,1,32,3,36,2,11,35,4,52,8,0,8,60
04/13/2023,LBE,PA,AEA,CE,Federal Contract Tower,2,10,10,0,22,0,3,69,2,74,2,13,79,2,96,50,0,50,146
04/14/2023,LBE,PA,AEA,CE,Federal Contract Tower,2,18,16,0,36,0,2,72,7,81,2,20,88,7,117,78,0,78,195
04/15/2023,LBE,PA,AEA,CE,Federal Contract Tower,1,9,1,0,11,0,0,13,0,13,1,9,14,0,24,24,0,24,48
04/16/2023,LBE,PA,AEA,CE,Federal Contract Tower,2,15,8,2,27,0,2,50,2,54,2,17,58,4,81,62,0,62,143
04/17/2023,LBE,PA,AEA,CE,Federal Contract Tower,2,10,6,0,18,0,0,3,0,3,2,10,9,0,21,0,0,0,21
04/18/2023,LBE,PA,AEA,CE,Federal Contract Tower,2,8,7,0,17,0,2,9,2,13,2,10,16,2,30,4,0,4,34
04/19/2023,LBE,PA,AEA,CE,Federal Contract Tower,2,20,11,0,33,0,1,52,2,55,2,21,63,2,88,128,4,132,220
04/20/2023,LBE,PA,AEA,CE,Federal Contract Tower,2,14,10,0,26,0,2,63,2,67,2,16,73,2,93,108,0,108,201
04/21/2023,LBE,PA,AEA,CE,Federal Contract Tower,2,15,16,4,37,0,4,43,0,47,2,19,59,4,84,50,50,100,184
04/22/2023,LBE,PA,AEA,CE,Federal Contract Tower,2,3,2,0,7,0,6,1,0,7,2,9,3,0,14,0,0,0,14
04/23/2023,LBE,PA,AEA,CE,Federal Contract Tower,2,14,8,0,24,0,9,29,0,38,2,23,37,0,62,58,0,58,120
04/24/2023,LBE,PA,AEA,CE,Federal Contract Tower,2,8,11,0,21,0,1,13,2,16,2,9,24,2,37,14,0,14,51
04/25/2023,LBE,PA,AEA,CE,Federal Contract Tower,2,13,8,0,23,0,0,82,0,82,2,13,90,0,105,108,0,108,213
04/26/2023,LBE,PA,AEA,CE,Federal Contract Tower,2,10,3,0,15,0,1,75,4,80,2,11,78,4,95,32,0,32,127
04/27/2023,LBE,PA,AEA,CE,Federal Contract Tower,1,17,3,0,21,0,2,76,2,80,1,19,79,2,101,94,0,94,195
04/28/2023,LBE,PA,AEA,CE,Federal Contract Tower,2,9,1,0,12,0,0,0,0,0,2,9,1,0,12,0,0,0,12
04/29/2023,LBE,PA,AEA,CE,Federal Contract Tower,2,8,9,0,19,0,8,4,0,12,2,16,13,0,31,26,0,26,57
04/30/2023,LBE,PA,AEA,CE,Federal Contract Tower,3,15,1,0,19,0,0,3,0,3,3,15,4,0,22,0,0,0,22
05/01/2023,LBE,PA,AEA,CE,Federal Contract Tower,0,13,6,0,19,0,0,0,0,0,0,13,6,0,19,0,0,0,19
05/02/2023,LBE,PA,AEA,CE,Federal Contract Tower,2,12,7,0,21,0,2,0,0,2,2,14,7,0,23,0,0,0,23
05/03/2023,LBE,PA,AEA,CE,Federal Contract Tower,2,14,5,0,21,0,3,0,0,3,2,17,5,0,24,0,0,0,24
05/04/2023,LBE,PA,AEA,CE,Federal Contract Tower,2,11,16,0,29,0,2,35,0,37,2,13,51,0,66,52,0,52,118
05/05/2023,LBE,PA,AEA,CE,Federal Contract Tower,4,8,16,6,34,0,1,103,0,104,4,9,119,6,138,156,0,156,294
05/06/2023,LBE,PA,AEA,CE,Federal Contract Tower,4,6,3,0,13,0,0,76,0,76,4,6,79,0,89,140,0,140,229
05/07/2023,LBE,PA,AEA,CE,Federal Contract Tower,6,13,9,0,28,0,0,24,0,24,6,13,33,0,52,68,0,68,120
05/08/2023,LBE,PA,AEA,CE,Federal Contract Tower,4,10,15,2,31,0,1,45,0,46,4,11,60,2,77,18,0,18,95
05/09/2023,LBE,PA,AEA,CE,Federal Contract Tower,4,7,11,2,24,0,0,45,4,49,4,7,56,6,73,24,0,24,97
05/10/2023,LBE,PA,AEA,CE,Federal Contract Tower,6,9,12,0,27,0,6,78,2,86,6,15,90,2,113,88,0,88,201
05/11/2023,LBE,PA,AEA,CE,Federal Contract Tower,4,12,8,4,28,0,13,120,8,141,4,25,128,12,169,112,0,112,281
05/12/2023,LBE,PA,AEA,CE,Federal Contract Tower,4,25,5,1,35,0,3,114,0,117,4,28,119,1,152,150,0,150,302
05/13/2023,LBE,PA,AEA,CE,Federal Contract Tower,4,4,8,0,16,0,0,3,0,3,4,4,11,0,19,14,0,14,33
05/14/2023,LBE,PA,AEA,CE,Federal Contract Tower,4,6,3,0,13,0,0,36,0,36,4,6,39,0,49,42,0,42,91
05/15/2023,LBE,PA,AEA,CE,Federal Contract Tower,4,18,4,2,28,0,9,71,0,80,4,27,75,2,108,76,0,76,184
05/16/2023,LBE,PA,AEA,CE,Federal Contract Tower,4,20,13,8,45,0,0,50,0,50,4,20,63,8,95,86,0,86,181
05/17/2023,LBE,PA,AEA,CE,Federal Contract Tower,4,21,18,0,43,0,0,74,0,74,4,21,92,0,117,86,0,86,203
05/18/2023,LBE,PA,AEA,CE,Federal Contract Tower,4,15,1,0,20,0,0,64,2,66,4,15,65,2,86,78,0,78,164
05/19/2023,LBE,PA,AEA,CE,Federal Contract Tower,4,9,17,2,32,0,0,60,0,60,4,9,77,2,92,96,0,96,188
05/20/2023,LBE,PA,AEA,CE,Federal Contract Tower,4,2,4,0,10,0,0,4,0,4,4,2,8,0,14,0,0,0,14
05/21/2023,LBE,PA,AEA,CE,Federal Contract Tower,4,13,13,2,32,0,2,66,0,68,4,15,79,2,100,52,0,52,152
05/22/2023,LBE,PA,AEA,CE,Federal Contract Tower,4,30,11,0,45,0,1,57,0,58,4,31,68,0,103,44,0,44,147
05/23/2023,LBE,PA,AEA,CE,Federal Contract Tower,4,16,18,4,42,0,3,76,4,83,4,19,94,8,125,76,2,78,203
05/24/2023,LBE,PA,AEA,CE,Federal Contract Tower,3,15,12,4,34,0,1,73,0,74,3,16,85,4,108,108,0,108,216
05/25/2023,LBE,PA,AEA,CE,Federal Contract Tower,4,18,13,2,37,0,2,69,0,71,4,20,82,2,108,50,0,50,158
05/26/2023,LBE,PA,AEA,CE,Federal Contract Tower,4,14,15,0,33,0,0,83,0,83,4,14,98,0,116,88,0,88,204
05/27/2023,LBE,PA,AEA,CE,Federal Contract Tower,4,5,10,0,19,0,0,75,0,75,4,5,85,0,94,22,0,22,116
05/28/2023,LBE,PA,AEA,CE,Federal Contract Tower,4,1,6,0,11,0,0,42,0,42,4,1,48,0,53,6,0,6,59
05/29/2023,LBE,PA,AEA,CE,Federal Contract Tower,6,2,1,0,9,0,0,44,0,44,6,2,45,0,53,72,0,72,125
05/30/2023,LBE,PA,AEA,CE,Federal Contract Tower,4,19,13,0,36,0,1,69,2,72,4,20,82,2,108,56,0,56,164
05/31/2023,LBE,PA,AEA,CE,Federal Contract Tower,4,17,10,0,31,0,0,56,2,58,4,17,66,2,89,68,0,68,157
06/01/2023,LBE,PA,AEA,CE,Federal Contract Tower,3,18,17,0,38,0,3,78,0,81,3,21,95,0,119,98,0,98,217
06/02/2023,LBE,PA,AEA,CE,Federal Contract Tower,7,12,5,0,24,0,0,46,0,46,7,12,51,0,70,42,0,42,112
06/03/2023,LBE,PA,AEA,CE,Federal Contract Tower,4,19,5,1,29,0,1,30,1,32,4,20,35,2,61,28,0,28,89
06/04/2023,LBE,PA,AEA,CE,Federal Contract Tower,4,12,21,0,37,0,1,53,13,67,4,13,74,13,104,20,58,78,182
06/05/2023,LBE,PA,AEA,CE,Federal Contract Tower,4,10,17,0,31,0,3,59,17,79,4,13,76,17,110,0,0,0,110
06/06/2023,LBE,PA,AEA,CE,Federal Contract Tower,6,12,11,0,29,0,2,52,0,54,6,14,63,0,83,50,0,50,133
06/07/2023,LBE,PA,AEA,CE,Federal Contract Tower,4,20,15,2,41,0,2,79,6,87,4,22,94,8,128,114,8,122,250
06/08/2023,LBE,PA,AEA,CE,Federal Contract Tower,2,16,14,0,32,0,4,46,0,50,2,20,60,0,82,68,0,68,150
06/09/2023,LBE,PA,AEA,CE,Federal Contract Tower,10,12,19,0,41,0,0,38,2,40,10,12,57,2,81,22,0,22,103
06/10/2023,LBE,PA,AEA,CE,Federal Contract Tower,4,5,13,0,22,0,0,29,0,29,4,5,42,0,51,36,0,36,87
06/11/2023,LBE,PA,AEA,CE,Federal Contract Tower,4,14,9,0,27,0,4,47,0,51,4,18,56,0,78,24,0,24,102
06/12/2023,LBE,PA,AEA,CE,Federal Contract Tower,6,19,9,0,34,0,0,2,0,2,6,19,11,0,36,0,0,0,36
06/13/2023,LBE,PA,AEA,CE,Federal Contract Tower,4,14,12,2,32,0,5,31,2,38,4,19,43,4,70,2,0,2,72
06/14/2023,LBE,PA,AEA,CE,Federal Contract Tower,4,15,11,0,30,0,0,11,3,14,4,15,22,3,44,0,0,0,44
06/15/2023,LBE,PA,AEA,CE,Federal Contract Tower,4,36,14,2,56,0,3,38,2,43,4,39,52,4,99,10,0,10,109
06/16/2023,LBE,PA,AEA,CE,Federal Contract Tower,4,15,8,4,31,0,0,7,0,7,4,15,15,4,38,6,0,6,44
06/17/2023,LBE,PA,AEA,CE,Federal Contract Tower,2,7,6,0,15,0,4,30,0,34,2,11,36,0,49,6,0,6,55
06/18/2023,LBE,PA,AEA,CE,Federal Contract Tower,2,6,6,0,14,0,0,44,0,44,2,6,50,0,58,0,0,0,58
06/19/2023,LBE,PA,AEA,CE,Federal Contract Tower,4,20,10,12,46,0,0,54,2,56,4,20,64,14,102,34,0,34,136
06/20/2023,LBE,PA,AEA,CE,Federal Contract Tower,4,15,10,2,31,0,0,41,16,57,4,15,51,18,88,10,16,26,114
06/21/2023,LBE,PA,AEA,CE,Federal Contract Tower,4,14,8,2,28,0,3,52,0,55,4,17,60,2,83,66,0,66,149
06/22/2023,LBE,PA,AEA,CE,Federal Contract Tower,4,22,13,3,42,0,0,39,1,40,4,22,52,4,82,98,10,108,190
06/23/2023,LBE,PA,AEA,CE,Federal Contract Tower,4,9,9,3,25,0,0,7,2,9,4,9,16,5,34,6,0,6,40
06/24/2023,LBE,PA,AEA,CE,Federal Contract Tower,4,8,8,0,20,0,0,1,0,1,4,8,9,0,21,0,0,0,21
06/25/2023,LBE,PA,AEA,CE,Federal Contract Tower,4,8,5,0,17,0,0,39,0,39,4,8,44,0,56,58,0,58,114
06/26/2023,LBE,PA,AEA,CE,Federal Contract Tower,4,10,3,0,17,0,1,22,0,23,4,11,25,0,40,44,0,44,84
06/27/2023,LBE,PA,AEA,CE,Federal Contract Tower,2,11,6,6,25,0,0,0,0,0,2,11,6,6,25,0,0,0,25
06/28/2023,LBE,PA,AEA,CE,Federal Contract Tower,4,16,19,2,41,0,0,25,0,25,4,16,44,2,66,0,0,0,66
06/29/2023,LBE,PA,AEA,CE,Federal Contract Tower,6,23,22,0,51,0,0,0,0,0,6,23,22,0,51,0,0,0,51
06/30/2023,LBE,PA,AEA,CE,Federal Contract Tower,4,16,26,0,46,0,2,22,0,24,4,18,48,0,70,42,0,42,112
07/01/2023,LBE,PA,AEA,CE,Federal Contract Tower,4,20,11,0,35,0,0,23,0,23,4,20,34,0,58,32,0,32,90
07/02/2023,LBE,PA,AEA,CE,Federal Contract Tower,6,5,4,0,15,0,0,1,0,1,6,5,5,0,16,0,0,0,16
07/03/2023,LBE,PA,AEA,CE,Federal Contract Tower,4,3,10,0,17,0,1,15,0,16,4,4,25,0,33,52,0,52,85
07/04/2023,LBE,PA,AEA,CE,Federal Contract Tower,4,4,5,0,13,0,0,20,2,22,4,4,25,2,35,32,0,32,67
07/05/2023,LBE,PA,AEA,CE,Federal Contract Tower,4,11,12,2,29,0,4,86,3,93,4,15,98,5,122,90,0,90,212
07/06/2023,LBE,PA,AEA,CE,Federal Contract Tower,5,13,13,2,33,0,3,60,6,69,5,16,73,8,102,184,6,190,292
07/07/2023,LBE,PA,AEA,CE,Federal Contract Tower,4,10,19,0,33,0,1,44,0,45,4,11,63,0,78,62,0,62,140
07/08/2023,LBE,PA,AEA,CE,Federal Contract Tower,4,14,13,0,31,0,0,106,0,106,4,14,119,0,137,62,0,62,199
07/09/2023,LBE,PA,AEA,CE,Federal Contract Tower,4,16,5,0,25,0,0,0,0,0,4,16,5,0,25,0,0,0,25
07/10/2023,LBE,PA,AEA,CE,Federal Contract Tower,4,13,4,0,21,0,0,23,0,23,4,13,27,0,44,32,0,32,76
07/11/2023,LBE,PA,AEA,CE,Federal Contract Tower,3,15,9,0,27,0,0,83,2,85,3,15,92,2,112,94,0,94,206
07/12/2023,LBE,PA,AEA,CE,Federal Contract Tower,5,29,14,0,48,0,6,81,4,91,5,35,95,4,139,30,4,34,173
07/13/2023,LBE,PA,AEA,CE,Federal Contract Tower,4,19,14,2,39,0,2,30,4,36,4,21,44,6,75,2,0,2,77
07/14/2023,LBE,PA,AEA,CE,Federal Contract Tower,4,9,9,0,22,0,0,18,0,18,4,9,27,0,40,52,0,52,92
07/15/2023,LBE,PA,AEA,CE,Federal Contract Tower,4,10,13,0,27,0,2,25,0,27,4,12,38,0,54,30,0,30,84
07/16/2023,LBE,PA,AEA,CE,Federal Contract Tower,4,10,14,0,28,0,8,22,0,30,4,18,36,0,58,2,0,2,60
07/17/2023,LBE,PA,AEA,CE,Federal Contract Tower,4,19,18,0,41,0,0,6,0,6,4,19,24,0,47,8,0,8,55
07/18/2023,LBE,PA,AEA,CE,Federal Contract Tower,4,12,18,0,34,0,5,39,4,48,4,17,57,4,82,36,0,36,118
07/19/2023,LBE,PA,AEA,CE,Federal Contract Tower,4,16,20,0,40,0,2,56,1,59,4,18,76,1,99,120,0,120,219
07/20/2023,LBE,PA,AEA,CE,Federal Contract Tower,4,18,14,6,42,0,0,33,1,34,4,18,47,7,76,52,0,52,128
07/21/2023,LBE,PA,AEA,CE,Federal Contract Tower,4,23,18,0,45,0,0,22,0,22,4,23,40,0,67,6,0,6,73
07/22/2023,LBE,PA,AEA,CE,Federal Contract Tower,4,9,13,0,26,0,1,61,0,62,4,10,74,0,88,18,0,18,106
07/23/2023,LBE,PA,AEA,CE,Federal Contract Tower,4,22,20,0,46,0,0,88,0,88,4,22,108,0,134,66,0,66,200
07/24/2023,LBE,PA,AEA,CE,Federal Contract Tower,2,18,16,2,38,0,52,4,0,56,2,70,20,2,94,60,2,62,156
07/26/2023,LBE,PA,AEA,CE,Federal Contract Tower,4,25,18,2,49,0,0,29,0,29,4,25,47,2,78,48,0,48,126
07/27/2023,LBE,PA,AEA,CE,Federal Contract Tower,6,14,14,2,36,0,1,12,2,15,6,15,26,4,51,4,0,4,55
07/28/2023,LBE,PA,AEA,CE,Federal Contract Tower,4,5,11,0,20,0,2,13,2,17,4,7,24,2,37,4,10,14,51
07/29/2023,LBE,PA,AEA,CE,Federal Contract Tower,4,2,5,0,11,0,0,1,0,1,4,2,6,0,12,0,0,0,12
07/30/2023,LBE,PA,AEA,CE,Federal Contract Tower,6,15,15,0,36,0,2,26,0,28,6,17,41,0,64,26,0,26,90
07/31/2023,LBE,PA,AEA,CE,Federal Contract Tower,4,24,16,2,46,0,1,54,0,55,4,25,70,2,101,22,0,22,123
08/01/2023,LBE,PA,AEA,CE,Federal Contract Tower,4,23,26,0,53,0,0,96,4,100,4,23,122,4,153,112,0,112,265
08/02/2023,LBE,PA,AEA,CE,Federal Contract Tower,4,15,18,0,37,0,0,88,2,90,4,15,106,2,127,132,0,132,259
08/03/2023,LBE,PA,AEA,CE,Federal Contract Tower,4,27,20,0,51,0,3,45,0,48,4,30,65,0,99,74,0,74,173
08/04/2023,LBE,PA,AEA,CE,Federal Contract Tower,4,15,19,0,38,0,6,36,0,42,4,21,55,0,80,24,0,24,104
08/05/2023,LBE,PA,AEA,CE,Federal Contract Tower,4,9,12,0,25,0,2,58,0,60,4,11,70,0,85,54,0,54,139
08/06/2023,LBE,PA,AEA,CE,Federal Contract Tower,4,10,9,0,23,0,0,57,0,57,4,10,66,0,80,50,0,50,130
08/07/2023,LBE,PA,AEA,CE,Federal Contract Tower,4,11,10,0,25,0,0,5,4,9,4,11,15,4,34,0,0,0,34
08/08/2023,LBE,PA,AEA,CE,Federal Contract Tower,4,12,20,0,36,0,4,24,10,38,4,16,44,10,74,8,0,8,82
08/09/2023,LBE,PA,AEA,CE,Federal Contract Tower,4,28,22,0,54,0,5,92,2,99,4,33,114,2,153,80,0,80,233
08/10/2023,LBE,PA,AEA,CE,Federal Contract Tower,4,19,11,0,34,0,0,4,2,6,4,19,15,2,40,4,0,4,44
08/11/2023,LBE,PA,AEA,CE,Federal Contract Tower,4,21,19,0,44,0,0,81,0,81,4,21,100,0,125,58,0,58,183
08/12/2023,LBE,PA,AEA,CE,Federal Contract Tower,3,9,13,0,25,0,3,28,2,33,3,12,41,2,58,4,0,4,62
08/13/2023,LBE,PA,AEA,CE,Federal Contract Tower,5,10,21,0,36,0,2,81,0,83,5,12,102,0,119,126,0,126,245
08/14/2023,LBE,PA,AEA,CE,Federal Contract Tower,4,8,7,0,19,0,0,36,0,36,4,8,43,0,55,36,0,36,91
08/15/2023,LBE,PA,AEA,CE,Federal Contract Tower,4,11,10,0,25,0,0,31,2,33,4,11,41,2,58,68,0,68,126
08/16/2023,LBE,PA,AEA,CE,Federal Contract Tower,4,16,10,0,30,0,1,51,0,52,4,17,61,0,82,72,0,72,154
08/17/2023,LBE,PA,AEA,CE,Federal Contract Tower,4,22,6,0,32,0,0,66,4,70,4,22,72,4,102,34,0,34,136
08/18/2023,LBE,PA,AEA,CE,Federal Contract Tower,4,23,11,0,38,0,1,28,0,29,4,24,39,0,67,18,0,18,85
08/19/2023,LBE,PA,AEA,CE,Federal Contract Tower,4,10,15,0,29,0,3,91,0,94,4,13,106,0,123,50,0,50,173
08/20/2023,LBE,PA,AEA,CE,Federal Contract Tower,6,17,14,0,37,0,1,72,0,73,6,18,86,0,110,56,0,56,166
08/21/2023,LBE,PA,AEA,CE,Federal Contract Tower,4,9,12,0,25,0,0,47,0,47,4,9,59,0,72,80,0,80,152
08/22/2023,LBE,PA,AEA,CE,Federal Contract Tower,4,15,4,4,27,0,0,30,8,38,4,15,34,12,65,22,4,26,91
08/23/2023,LBE,PA,AEA,CE,Federal Contract Tower,6,21,12,0,39,0,0,43,2,45,6,21,55,2,84,34,0,34,118
08/24/2023,LBE,PA,AEA,CE,Federal Contract Tower,4,24,7,4,39,0,1,31,0,32,4,25,38,4,71,12,0,12,83
08/25/2023,LBE,PA,AEA,CE,Federal Contract Tower,4,15,8,2,29,0,0,20,2,22,4,15,28,4,51,14,0,14,65
08/26/2023,LBE,PA,AEA,CE,Federal Contract Tower,3,10,23,0,36,0,0,41,0,41,3,10,64,0,77,38,0,38,115
08/27/2023,LBE,PA,AEA,CE,Federal Contract Tower,4,15,8,0,27,0,0,30,0,30,4,15,38,0,57,26,0,26,83
08/28/2023,LBE,PA,AEA,CE,Federal Contract Tower,4,12,9,2,27,0,2,11,2,15,4,14,20,4,42,26,8,34,76
08/29/2023,LBE,PA,AEA,CE,Federal Contract Tower,4,17,4,0,25,0,0,21,4,25,4,17,25,4,50,14,0,14,64
08/30/2023,LBE,PA,AEA,CE,Federal Contract Tower,4,14,15,0,33,0,0,44,7,51,4,14,59,7,84,32,0,32,116
08/31/2023,LBE,PA,AEA,CE,Federal Contract Tower,4,14,13,2,33,0,2,94,0,96,4,16,107,2,129,72,0,72,201
