01/01/2020,LCH,LA,ASW,CE,Combined TRACON& Tower with Radar,0,7,6,0,13,0,12,10,0,22,0,19,16,0,35,0,0,0,35
01/02/2020,LCH,LA,ASW,CE,Combined TRACON& Tower with Radar,0,10,2,0,12,0,0,0,0,0,0,10,2,0,12,0,0,0,12
01/03/2020,LCH,LA,ASW,CE,Combined TRACON& Tower with Radar,0,15,24,6,45,0,1,26,0,27,0,16,50,6,72,12,0,12,84
01/04/2020,LCH,LA,ASW,CE,Combined TRACON& Tower with Radar,0,9,25,2,36,0,9,45,0,54,0,18,70,2,90,61,0,61,151
01/05/2020,LCH,LA,ASW,CE,Combined TRACON& Tower with Radar,0,7,19,0,26,0,5,27,1,33,0,12,46,1,59,13,0,13,72
01/06/2020,LCH,LA,ASW,CE,Combined TRACON& Tower with Radar,0,10,25,0,35,0,10,19,0,29,0,20,44,0,64,16,0,16,80
01/07/2020,LCH,LA,ASW,CE,Combined TRACON& Tower with Radar,0,13,12,2,27,0,23,25,0,48,0,36,37,2,75,0,0,0,75
01/08/2020,LCH,LA,ASW,CE,Combined TRACON& Tower with Radar,0,10,13,3,26,0,13,34,0,47,0,23,47,3,73,59,0,59,132
01/09/2020,LCH,LA,ASW,CE,Combined TRACON& Tower with Radar,0,13,35,11,59,0,8,3,1,12,0,21,38,12,71,0,0,0,71
01/10/2020,LCH,LA,ASW,CE,Combined TRACON& Tower with Radar,0,9,14,0,23,0,1,1,0,2,0,10,15,0,25,0,0,0,25
01/11/2020,LCH,LA,ASW,CE,Combined TRACON& Tower with Radar,0,16,7,7,30,0,5,8,2,15,0,21,15,9,45,0,0,0,45
01/12/2020,LCH,LA,ASW,CE,Combined TRACON& Tower with Radar,0,16,23,2,41,0,11,23,0,34,0,27,46,2,75,27,0,27,102
01/13/2020,LCH,LA,ASW,CE,Combined TRACON& Tower with Radar,0,17,14,0,31,0,0,0,0,0,0,17,14,0,31,0,0,0,31
01/14/2020,LCH,LA,ASW,CE,Combined TRACON& Tower with Radar,0,15,10,0,25,0,0,0,0,0,0,15,10,0,25,4,0,4,29
01/15/2020,LCH,LA,ASW,CE,Combined TRACON& Tower with Radar,0,24,16,0,40,0,2,2,0,4,0,26,18,0,44,24,0,24,68
01/16/2020,LCH,LA,ASW,CE,Combined TRACON& Tower with Radar,0,23,23,0,46,0,3,3,0,6,0,26,26,0,52,0,0,0,52
01/17/2020,LCH,LA,ASW,CE,Combined TRACON& Tower with Radar,0,25,22,0,47,0,12,13,0,25,0,37,35,0,72,12,0,12,84
01/18/2020,LCH,LA,ASW,CE,Combined TRACON& Tower with Radar,0,11,12,1,24,0,2,0,0,2,0,13,12,1,26,6,0,6,32
01/19/2020,LCH,LA,ASW,CE,Combined TRACON& Tower with Radar,0,19,8,2,29,0,10,20,0,30,0,29,28,2,59,5,0,5,64
01/20/2020,LCH,LA,ASW,CE,Combined TRACON& Tower with Radar,0,19,10,12,41,0,30,19,0,49,0,49,29,12,90,48,0,48,138
01/21/2020,LCH,LA,ASW,CE,Combined TRACON& Tower with Radar,0,11,22,6,39,0,25,34,4,63,0,36,56,10,102,39,0,39,141
01/22/2020,LCH,LA,ASW,CE,Combined TRACON& Tower with Radar,0,18,16,1,35,0,8,20,0,28,0,26,36,1,63,6,0,6,69
01/23/2020,LCH,LA,ASW,CE,Combined TRACON& Tower with Radar,0,19,8,0,27,0,5,4,0,9,0,24,12,0,36,0,0,0,36
01/24/2020,LCH,LA,ASW,CE,Combined TRACON& Tower with Radar,0,10,10,6,26,0,13,24,0,37,0,23,34,6,63,43,0,43,106
01/25/2020,LCH,LA,ASW,CE,Combined TRACON& Tower with Radar,0,13,7,2,22,0,17,36,0,53,0,30,43,2,75,81,0,81,156
01/26/2020,LCH,LA,ASW,CE,Combined TRACON& Tower with Radar,0,12,6,3,21,0,0,2,1,3,0,12,8,4,24,0,0,0,24
01/27/2020,LCH,LA,ASW,CE,Combined TRACON& Tower with Radar,0,21,8,3,32,0,1,6,1,8,0,22,14,4,40,12,0,12,52
01/28/2020,LCH,LA,ASW,CE,Combined TRACON& Tower with Radar,0,13,13,0,26,0,1,4,0,5,0,14,17,0,31,16,0,16,47
01/29/2020,LCH,LA,ASW,CE,Combined TRACON& Tower with Radar,0,16,17,0,33,0,6,9,0,15,0,22,26,0,48,52,0,52,100
01/30/2020,LCH,LA,ASW,CE,Combined TRACON& Tower with Radar,0,12,19,0,31,0,3,9,0,12,0,15,28,0,43,0,0,0,43
01/31/2020,LCH,LA,ASW,CE,Combined TRACON& Tower with Radar,0,13,22,2,37,0,0,13,0,13,0,13,35,2,50,27,0,27,77
02/01/2020,LCH,LA,ASW,CE,Combined TRACON& Tower with Radar,0,10,5,2,17,0,4,36,0,40,0,14,41,2,57,18,0,18,75
02/02/2020,LCH,LA,ASW,CE,Combined TRACON& Tower with Radar,0,11,11,0,22,0,5,31,0,36,0,16,42,0,58,68,0,68,126
02/03/2020,LCH,LA,ASW,CE,Combined TRACON& Tower with Radar,0,10,21,0,31,0,22,10,0,32,0,32,31,0,63,2,0,2,65
02/04/2020,LCH,LA,ASW,CE,Combined TRACON& Tower with Radar,0,16,11,1,28,0,12,4,0,16,0,28,15,1,44,8,0,8,52
02/05/2020,LCH,LA,ASW,CE,Combined TRACON& Tower with Radar,0,20,0,8,28,0,0,0,0,0,0,20,0,8,28,2,0,2,30
02/06/2020,LCH,LA,ASW,CE,Combined TRACON& Tower with Radar,0,15,5,0,20,0,8,10,0,18,0,23,15,0,38,2,0,2,40
02/07/2020,LCH,LA,ASW,CE,Combined TRACON& Tower with Radar,0,15,19,7,41,0,22,39,3,64,0,37,58,10,105,79,0,79,184
02/08/2020,LCH,LA,ASW,CE,Combined TRACON& Tower with Radar,0,12,8,0,20,0,8,30,0,38,0,20,38,0,58,8,0,8,66
02/09/2020,LCH,LA,ASW,CE,Combined TRACON& Tower with Radar,0,11,21,8,40,0,8,15,1,24,0,19,36,9,64,25,0,25,89
02/10/2020,LCH,LA,ASW,CE,Combined TRACON& Tower with Radar,0,17,11,0,28,0,0,0,0,0,0,17,11,0,28,0,0,0,28
02/11/2020,LCH,LA,ASW,CE,Combined TRACON& Tower with Radar,0,14,12,0,26,0,0,0,0,0,0,14,12,0,26,0,0,0,26
02/12/2020,LCH,LA,ASW,CE,Combined TRACON& Tower with Radar,0,18,4,0,22,0,2,2,0,4,0,20,6,0,26,0,0,0,26
02/13/2020,LCH,LA,ASW,CE,Combined TRACON& Tower with Radar,2,12,19,3,36,0,20,20,1,41,2,32,39,4,77,27,0,27,104
02/14/2020,LCH,LA,ASW,CE,Combined TRACON& Tower with Radar,2,15,20,7,44,0,12,38,0,50,2,27,58,7,94,34,0,34,128
02/15/2020,LCH,LA,ASW,CE,Combined TRACON& Tower with Radar,2,10,12,0,24,0,10,25,0,35,2,20,37,0,59,28,0,28,87
02/16/2020,LCH,LA,ASW,CE,Combined TRACON& Tower with Radar,2,9,7,0,18,0,5,7,0,12,2,14,14,0,30,0,0,0,30
02/17/2020,LCH,LA,ASW,CE,Combined TRACON& Tower with Radar,2,16,6,0,24,0,0,0,0,0,2,16,6,0,24,0,0,0,24
02/18/2020,LCH,LA,ASW,CE,Combined TRACON& Tower with Radar,2,23,17,0,42,0,10,7,0,17,2,33,24,0,59,12,0,12,71
02/19/2020,LCH,LA,ASW,CE,Combined TRACON& Tower with Radar,2,21,7,0,30,0,0,6,0,6,2,21,13,0,36,0,0,0,36
02/20/2020,LCH,LA,ASW,CE,Combined TRACON& Tower with Radar,2,18,8,0,28,0,0,0,0,0,2,18,8,0,28,0,0,0,28
02/21/2020,LCH,LA,ASW,CE,Combined TRACON& Tower with Radar,2,19,11,19,51,0,22,23,0,45,2,41,34,19,96,32,0,32,128
02/22/2020,LCH,LA,ASW,CE,Combined TRACON& Tower with Radar,2,11,7,4,24,0,10,41,0,51,2,21,48,4,75,14,0,14,89
02/23/2020,LCH,LA,ASW,CE,Combined TRACON& Tower with Radar,0,11,10,4,25,0,6,9,0,15,0,17,19,4,40,10,0,10,50
02/24/2020,LCH,LA,ASW,CE,Combined TRACON& Tower with Radar,2,17,5,2,26,0,6,1,0,7,2,23,6,2,33,6,0,6,39
02/25/2020,LCH,LA,ASW,CE,Combined TRACON& Tower with Radar,2,13,8,5,28,0,9,24,0,33,2,22,32,5,61,32,0,32,93
02/26/2020,LCH,LA,ASW,CE,Combined TRACON& Tower with Radar,2,11,9,1,23,0,10,5,1,16,2,21,14,2,39,12,0,12,51
02/27/2020,LCH,LA,ASW,CE,Combined TRACON& Tower with Radar,2,13,13,0,28,0,15,23,0,38,2,28,36,0,66,15,0,15,81
02/28/2020,LCH,LA,ASW,CE,Combined TRACON& Tower with Radar,2,12,4,5,23,0,15,26,2,43,2,27,30,7,66,52,0,52,118
02/29/2020,LCH,LA,ASW,CE,Combined TRACON& Tower with Radar,2,8,10,0,20,0,6,42,0,48,2,14,52,0,68,22,0,22,90
03/01/2020,LCH,LA,ASW,CE,Combined TRACON& Tower with Radar,0,9,10,16,35,0,3,11,2,16,0,12,21,18,51,4,0,4,55
03/02/2020,LCH,LA,ASW,CE,Combined TRACON& Tower with Radar,2,12,14,0,28,0,12,4,0,16,2,24,18,0,44,0,0,0,44
03/03/2020,LCH,LA,ASW,CE,Combined TRACON& Tower with Radar,2,17,13,0,32,0,2,21,0,23,2,19,34,0,55,5,0,5,60
03/04/2020,LCH,LA,ASW,CE,Combined TRACON& Tower with Radar,2,19,7,0,28,0,0,0,0,0,2,19,7,0,28,0,0,0,28
03/05/2020,LCH,LA,ASW,CE,Combined TRACON& Tower with Radar,0,18,21,4,43,0,8,21,0,29,0,26,42,4,72,0,0,0,72
03/06/2020,LCH,LA,ASW,CE,Combined TRACON& Tower with Radar,0,14,13,17,44,0,14,40,0,54,0,28,53,17,98,60,0,60,158
03/07/2020,LCH,LA,ASW,CE,Combined TRACON& Tower with Radar,0,6,11,8,25,0,0,20,0,20,0,6,31,8,45,52,0,52,97
03/08/2020,LCH,LA,ASW,CE,Combined TRACON& Tower with Radar,0,17,19,6,42,0,7,23,1,31,0,24,42,7,73,59,0,59,132
03/09/2020,LCH,LA,ASW,CE,Combined TRACON& Tower with Radar,0,13,14,4,31,0,9,1,0,10,0,22,15,4,41,1,0,1,42
03/10/2020,LCH,LA,ASW,CE,Combined TRACON& Tower with Radar,2,16,12,2,32,0,3,2,2,7,2,19,14,4,39,0,0,0,39
03/11/2020,LCH,LA,ASW,CE,Combined TRACON& Tower with Radar,3,12,9,3,27,0,9,15,0,24,3,21,24,3,51,46,0,46,97
03/12/2020,LCH,LA,ASW,CE,Combined TRACON& Tower with Radar,0,18,15,0,33,0,2,8,0,10,0,20,23,0,43,11,0,11,54
03/13/2020,LCH,LA,ASW,CE,Combined TRACON& Tower with Radar,0,17,6,7,30,0,4,3,0,7,0,21,9,7,37,0,0,0,37
03/14/2020,LCH,LA,ASW,CE,Combined TRACON& Tower with Radar,0,10,10,3,23,0,1,2,0,3,0,11,12,3,26,32,10,42,68
03/15/2020,LCH,LA,ASW,CE,Combined TRACON& Tower with Radar,0,17,21,2,40,0,4,14,0,18,0,21,35,2,58,76,0,76,134
03/16/2020,LCH,LA,ASW,CE,Combined TRACON& Tower with Radar,0,15,3,0,18,0,3,15,0,18,0,18,18,0,36,2,0,2,38
03/17/2020,LCH,LA,ASW,CE,Combined TRACON& Tower with Radar,2,16,1,0,19,0,1,0,2,3,2,17,1,2,22,4,0,4,26
03/18/2020,LCH,LA,ASW,CE,Combined TRACON& Tower with Radar,2,11,7,0,20,0,6,7,2,15,2,17,14,2,35,0,0,0,35
03/19/2020,LCH,LA,ASW,CE,Combined TRACON& Tower with Radar,0,17,10,4,31,0,8,6,0,14,0,25,16,4,45,18,0,18,63
03/20/2020,LCH,LA,ASW,CE,Combined TRACON& Tower with Radar,0,12,11,0,23,0,0,3,0,3,0,12,14,0,26,20,0,20,46
03/21/2020,LCH,LA,ASW,CE,Combined TRACON& Tower with Radar,0,9,0,0,9,0,1,0,0,1,0,10,0,0,10,18,0,18,28
03/22/2020,LCH,LA,ASW,CE,Combined TRACON& Tower with Radar,0,7,14,6,27,0,0,3,0,3,0,7,17,6,30,46,0,46,76
03/23/2020,LCH,LA,ASW,CE,Combined TRACON& Tower with Radar,0,11,5,8,24,0,2,11,2,15,0,13,16,10,39,2,0,2,41
03/24/2020,LCH,LA,ASW,CE,Combined TRACON& Tower with Radar,1,10,9,11,31,0,2,8,0,10,1,12,17,11,41,10,0,10,51
03/25/2020,LCH,LA,ASW,CE,Combined TRACON& Tower with Radar,3,11,6,5,25,0,1,8,0,9,3,12,14,5,34,56,0,56,90
03/26/2020,LCH,LA,ASW,CE,Combined TRACON& Tower with Radar,0,6,12,0,18,0,8,38,0,46,0,14,50,0,64,6,0,6,70
03/27/2020,LCH,LA,ASW,CE,Combined TRACON& Tower with Radar,0,6,11,2,19,0,13,23,0,36,0,19,34,2,55,46,0,46,101
03/28/2020,LCH,LA,ASW,CE,Combined TRACON& Tower with Radar,0,6,5,0,11,0,13,2,0,15,0,19,7,0,26,2,0,2,28
03/29/2020,LCH,LA,ASW,CE,Combined TRACON& Tower with Radar,0,7,3,2,12,0,6,21,0,27,0,13,24,2,39,68,0,68,107
03/30/2020,LCH,LA,ASW,CE,Combined TRACON& Tower with Radar,0,4,2,2,8,0,5,10,0,15,0,9,12,2,23,82,0,82,105
03/31/2020,LCH,LA,ASW,CE,Combined TRACON& Tower with Radar,0,8,4,6,18,0,4,15,0,19,0,12,19,6,37,24,0,24,61
04/01/2020,LCH,LA,ASW,CE,Combined TRACON& Tower with Radar,0,6,0,12,18,0,5,29,0,34,0,11,29,12,52,17,0,17,69
04/02/2020,LCH,LA,ASW,CE,Combined TRACON& Tower with Radar,0,4,8,4,16,0,7,18,1,26,0,11,26,5,42,28,0,28,70
04/03/2020,LCH,LA,ASW,CE,Combined TRACON& Tower with Radar,0,6,7,8,21,0,10,15,0,25,0,16,22,8,46,14,0,14,60
04/04/2020,LCH,LA,ASW,CE,Combined TRACON& Tower with Radar,0,4,3,0,7,0,2,4,0,6,0,6,7,0,13,24,0,24,37
04/05/2020,LCH,LA,ASW,CE,Combined TRACON& Tower with Radar,0,8,7,0,15,0,4,13,0,17,0,12,20,0,32,16,0,16,48
04/06/2020,LCH,LA,ASW,CE,Combined TRACON& Tower with Radar,0,10,5,4,19,0,3,4,0,7,0,13,9,4,26,24,0,24,50
04/07/2020,LCH,LA,ASW,CE,Combined TRACON& Tower with Radar,0,10,7,7,24,0,2,6,0,8,0,12,13,7,32,24,0,24,56
04/08/2020,LCH,LA,ASW,CE,Combined TRACON& Tower with Radar,0,11,6,7,24,0,13,14,0,27,0,24,20,7,51,10,0,10,61
04/09/2020,LCH,LA,ASW,CE,Combined TRACON& Tower with Radar,0,15,4,2,21,0,13,6,0,19,0,28,10,2,40,2,0,2,42
04/10/2020,LCH,LA,ASW,CE,Combined TRACON& Tower with Radar,0,7,8,0,15,0,4,17,0,21,0,11,25,0,36,25,0,25,61
04/11/2020,LCH,LA,ASW,CE,Combined TRACON& Tower with Radar,0,9,1,0,10,0,5,8,0,13,0,14,9,0,23,0,0,0,23
04/12/2020,LCH,LA,ASW,CE,Combined TRACON& Tower with Radar,0,4,3,0,7,0,1,1,0,2,0,5,4,0,9,0,0,0,9
04/13/2020,LCH,LA,ASW,CE,Combined TRACON& Tower with Radar,0,12,2,0,14,0,10,25,0,35,0,22,27,0,49,12,0,12,61
04/14/2020,LCH,LA,ASW,CE,Combined TRACON& Tower with Radar,0,9,2,0,11,0,7,31,1,39,0,16,33,1,50,14,0,14,64
04/15/2020,LCH,LA,ASW,CE,Combined TRACON& Tower with Radar,0,8,8,6,22,0,9,29,1,39,0,17,37,7,61,14,0,14,75
04/16/2020,LCH,LA,ASW,CE,Combined TRACON& Tower with Radar,0,5,15,6,26,0,22,50,0,72,0,27,65,6,98,8,0,8,106
04/17/2020,LCH,LA,ASW,CE,Combined TRACON& Tower with Radar,0,8,8,2,18,0,6,39,0,45,0,14,47,2,63,0,0,0,63
04/18/2020,LCH,LA,ASW,CE,Combined TRACON& Tower with Radar,0,5,6,4,15,0,1,0,0,1,0,6,6,4,16,0,10,10,26
04/19/2020,LCH,LA,ASW,CE,Combined TRACON& Tower with Radar,0,5,3,0,8,0,0,2,0,2,0,5,5,0,10,10,0,10,20
04/20/2020,LCH,LA,ASW,CE,Combined TRACON& Tower with Radar,0,11,12,4,27,0,6,39,2,47,0,17,51,6,74,63,0,63,137
04/21/2020,LCH,LA,ASW,CE,Combined TRACON& Tower with Radar,0,8,8,5,21,0,11,24,0,35,0,19,32,5,56,4,0,4,60
04/22/2020,LCH,LA,ASW,CE,Combined TRACON& Tower with Radar,0,12,16,0,28,0,3,6,0,9,0,15,22,0,37,48,0,48,85
04/23/2020,LCH,LA,ASW,CE,Combined TRACON& Tower with Radar,0,12,12,0,24,0,5,13,0,18,0,17,25,0,42,23,0,23,65
04/24/2020,LCH,LA,ASW,CE,Combined TRACON& Tower with Radar,0,8,10,0,18,0,10,34,0,44,0,18,44,0,62,32,0,32,94
04/25/2020,LCH,LA,ASW,CE,Combined TRACON& Tower with Radar,0,9,11,2,22,0,10,36,0,46,0,19,47,2,68,20,0,20,88
04/26/2020,LCH,LA,ASW,CE,Combined TRACON& Tower with Radar,0,9,10,0,19,0,9,18,0,27,0,18,28,0,46,36,0,36,82
04/27/2020,LCH,LA,ASW,CE,Combined TRACON& Tower with Radar,0,11,14,0,25,0,14,29,0,43,0,25,43,0,68,12,0,12,80
04/28/2020,LCH,LA,ASW,CE,Combined TRACON& Tower with Radar,0,6,17,0,23,0,10,21,0,31,0,16,38,0,54,4,0,4,58
04/29/2020,LCH,LA,ASW,CE,Combined TRACON& Tower with Radar,0,6,2,3,11,0,4,14,0,18,0,10,16,3,29,11,0,11,40
04/30/2020,LCH,LA,ASW,CE,Combined TRACON& Tower with Radar,0,5,15,9,29,0,14,31,0,45,0,19,46,9,74,75,1,76,150
05/01/2020,LCH,LA,ASW,CE,Combined TRACON& Tower with Radar,0,7,9,6,22,0,15,25,0,40,0,22,34,6,62,27,11,38,100
05/02/2020,LCH,LA,ASW,CE,Combined TRACON& Tower with Radar,0,6,4,4,14,0,8,22,0,30,0,14,26,4,44,20,0,20,64
05/03/2020,LCH,LA,ASW,CE,Combined TRACON& Tower with Radar,0,7,7,0,14,0,10,23,0,33,0,17,30,0,47,16,0,16,63
05/04/2020,LCH,LA,ASW,CE,Combined TRACON& Tower with Radar,0,12,6,0,18,0,13,11,0,24,0,25,17,0,42,0,0,0,42
05/05/2020,LCH,LA,ASW,CE,Combined TRACON& Tower with Radar,0,12,6,0,18,0,10,11,0,21,0,22,17,0,39,10,0,10,49
05/06/2020,LCH,LA,ASW,CE,Combined TRACON& Tower with Radar,0,13,10,0,23,0,13,22,0,35,0,26,32,0,58,12,0,12,70
05/07/2020,LCH,LA,ASW,CE,Combined TRACON& Tower with Radar,0,6,17,6,29,0,11,28,0,39,0,17,45,6,68,84,0,84,152
05/08/2020,LCH,LA,ASW,CE,Combined TRACON& Tower with Radar,0,14,6,0,20,0,1,46,0,47,0,15,52,0,67,6,0,6,73
05/09/2020,LCH,LA,ASW,CE,Combined TRACON& Tower with Radar,0,7,10,0,17,0,3,16,0,19,0,10,26,0,36,10,0,10,46
05/10/2020,LCH,LA,ASW,CE,Combined TRACON& Tower with Radar,0,7,8,7,22,0,2,28,0,30,0,9,36,7,52,38,0,38,90
05/11/2020,LCH,LA,ASW,CE,Combined TRACON& Tower with Radar,0,10,17,2,29,0,11,83,0,94,0,21,100,2,123,88,0,88,211
05/12/2020,LCH,LA,ASW,CE,Combined TRACON& Tower with Radar,0,6,11,3,20,0,9,21,0,30,0,15,32,3,50,12,0,12,62
05/13/2020,LCH,LA,ASW,CE,Combined TRACON& Tower with Radar,0,12,9,4,25,0,2,7,0,9,0,14,16,4,34,14,0,14,48
05/14/2020,LCH,LA,ASW,CE,Combined TRACON& Tower with Radar,0,6,4,0,10,0,0,0,0,0,0,6,4,0,10,0,0,0,10
05/15/2020,LCH,LA,ASW,CE,Combined TRACON& Tower with Radar,0,13,13,0,26,0,3,6,0,9,0,16,19,0,35,2,0,2,37
05/16/2020,LCH,LA,ASW,CE,Combined TRACON& Tower with Radar,0,7,7,0,14,0,0,1,0,1,0,7,8,0,15,8,0,8,23
05/17/2020,LCH,LA,ASW,CE,Combined TRACON& Tower with Radar,0,7,8,0,15,0,2,8,1,11,0,9,16,1,26,16,0,16,42
05/18/2020,LCH,LA,ASW,CE,Combined TRACON& Tower with Radar,0,8,12,4,24,0,9,15,0,24,0,17,27,4,48,2,0,2,50
05/19/2020,LCH,LA,ASW,CE,Combined TRACON& Tower with Radar,0,8,10,2,20,0,13,21,0,34,0,21,31,2,54,50,0,50,104
05/20/2020,LCH,LA,ASW,CE,Combined TRACON& Tower with Radar,0,16,9,0,25,0,15,19,1,35,0,31,28,1,60,25,0,25,85
05/21/2020,LCH,LA,ASW,CE,Combined TRACON& Tower with Radar,0,7,13,4,24,0,15,42,0,57,0,22,55,4,81,24,0,24,105
05/22/2020,LCH,LA,ASW,CE,Combined TRACON& Tower with Radar,0,6,8,7,21,0,9,21,0,30,0,15,29,7,51,2,0,2,53
05/23/2020,LCH,LA,ASW,CE,Combined TRACON& Tower with Radar,0,8,12,0,20,0,4,23,0,27,0,12,35,0,47,12,0,12,59
05/24/2020,LCH,LA,ASW,CE,Combined TRACON& Tower with Radar,0,7,1,0,8,0,5,8,0,13,0,12,9,0,21,16,0,16,37
05/25/2020,LCH,LA,ASW,CE,Combined TRACON& Tower with Radar,0,7,8,0,15,0,2,8,0,10,0,9,16,0,25,5,0,5,30
05/26/2020,LCH,LA,ASW,CE,Combined TRACON& Tower with Radar,0,6,3,0,9,0,1,9,0,10,0,7,12,0,19,13,0,13,32
05/27/2020,LCH,LA,ASW,CE,Combined TRACON& Tower with Radar,0,11,6,0,17,0,17,14,0,31,0,28,20,0,48,8,0,8,56
05/28/2020,LCH,LA,ASW,CE,Combined TRACON& Tower with Radar,0,8,10,0,18,0,12,8,0,20,0,20,18,0,38,32,0,32,70
05/29/2020,LCH,LA,ASW,CE,Combined TRACON& Tower with Radar,0,10,14,2,26,0,11,23,0,34,0,21,37,2,60,0,0,0,60
05/30/2020,LCH,LA,ASW,CE,Combined TRACON& Tower with Radar,0,6,13,10,29,0,11,19,2,32,0,17,32,12,61,36,0,36,97
05/31/2020,LCH,LA,ASW,CE,Combined TRACON& Tower with Radar,0,7,23,2,32,0,14,15,0,29,0,21,38,2,61,22,0,22,83
06/01/2020,LCH,LA,ASW,CE,Combined TRACON& Tower with Radar,0,8,19,0,27,0,12,25,0,37,0,20,44,0,64,40,0,40,104
06/02/2020,LCH,LA,ASW,CE,Combined TRACON& Tower with Radar,0,11,12,3,26,0,8,45,0,53,0,19,57,3,79,7,0,7,86
06/03/2020,LCH,LA,ASW,CE,Combined TRACON& Tower with Radar,0,7,14,5,26,0,7,10,0,17,0,14,24,5,43,6,0,6,49
06/04/2020,LCH,LA,ASW,CE,Combined TRACON& Tower with Radar,0,11,21,0,32,0,5,28,0,33,0,16,49,0,65,73,0,73,138
06/05/2020,LCH,LA,ASW,CE,Combined TRACON& Tower with Radar,0,18,14,8,40,0,14,33,0,47,0,32,47,8,87,12,0,12,99
06/06/2020,LCH,LA,ASW,CE,Combined TRACON& Tower with Radar,0,11,16,2,29,0,20,16,0,36,0,31,32,2,65,33,0,33,98
06/07/2020,LCH,LA,ASW,CE,Combined TRACON& Tower with Radar,0,8,7,0,15,0,9,2,1,12,0,17,9,1,27,0,0,0,27
06/08/2020,LCH,LA,ASW,CE,Combined TRACON& Tower with Radar,0,14,5,0,19,0,15,2,0,17,0,29,7,0,36,18,0,18,54
06/09/2020,LCH,LA,ASW,CE,Combined TRACON& Tower with Radar,0,13,14,11,38,0,16,17,0,33,0,29,31,11,71,107,0,107,178
06/10/2020,LCH,LA,ASW,CE,Combined TRACON& Tower with Radar,0,12,15,0,27,0,6,24,0,30,0,18,39,0,57,47,0,47,104
06/11/2020,LCH,LA,ASW,CE,Combined TRACON& Tower with Radar,0,14,8,2,24,0,7,32,0,39,0,21,40,2,63,40,0,40,103
06/12/2020,LCH,LA,ASW,CE,Combined TRACON& Tower with Radar,0,10,18,4,32,0,12,30,0,42,0,22,48,4,74,11,0,11,85
06/13/2020,LCH,LA,ASW,CE,Combined TRACON& Tower with Radar,0,6,10,0,16,0,6,28,0,34,0,12,38,0,50,16,0,16,66
06/14/2020,LCH,LA,ASW,CE,Combined TRACON& Tower with Radar,0,4,8,8,20,0,4,30,0,34,0,8,38,8,54,16,0,16,70
06/15/2020,LCH,LA,ASW,CE,Combined TRACON& Tower with Radar,0,8,8,0,16,0,13,12,0,25,0,21,20,0,41,19,0,19,60
06/16/2020,LCH,LA,ASW,CE,Combined TRACON& Tower with Radar,0,4,4,0,8,0,13,26,0,39,0,17,30,0,47,46,0,46,93
06/17/2020,LCH,LA,ASW,CE,Combined TRACON& Tower with Radar,0,8,13,6,27,0,16,16,0,32,0,24,29,6,59,24,2,26,85
06/18/2020,LCH,LA,ASW,CE,Combined TRACON& Tower with Radar,0,8,9,2,19,0,10,12,0,22,0,18,21,2,41,37,0,37,78
06/19/2020,LCH,LA,ASW,CE,Combined TRACON& Tower with Radar,0,10,13,5,28,0,14,17,0,31,0,24,30,5,59,11,0,11,70
06/20/2020,LCH,LA,ASW,CE,Combined TRACON& Tower with Radar,0,6,6,0,12,0,5,23,0,28,0,11,29,0,40,93,0,93,133
06/21/2020,LCH,LA,ASW,CE,Combined TRACON& Tower with Radar,0,4,8,0,12,0,5,8,0,13,0,9,16,0,25,6,0,6,31
06/22/2020,LCH,LA,ASW,CE,Combined TRACON& Tower with Radar,0,10,19,0,29,0,6,3,0,9,0,16,22,0,38,27,0,27,65
06/23/2020,LCH,LA,ASW,CE,Combined TRACON& Tower with Radar,0,4,6,0,10,0,4,5,0,9,0,8,11,0,19,55,0,55,74
06/24/2020,LCH,LA,ASW,CE,Combined TRACON& Tower with Radar,0,14,3,1,18,0,3,11,0,14,0,17,14,1,32,58,0,58,90
06/25/2020,LCH,LA,ASW,CE,Combined TRACON& Tower with Radar,0,6,3,0,9,0,3,9,0,12,0,9,12,0,21,1,0,1,22
06/26/2020,LCH,LA,ASW,CE,Combined TRACON& Tower with Radar,0,8,18,1,27,0,5,5,0,10,0,13,23,1,37,16,0,16,53
06/27/2020,LCH,LA,ASW,CE,Combined TRACON& Tower with Radar,0,6,9,4,19,0,2,16,0,18,0,8,25,4,37,85,0,85,122
06/28/2020,LCH,LA,ASW,CE,Combined TRACON& Tower with Radar,0,9,7,4,20,0,13,8,0,21,0,22,15,4,41,18,0,18,59
06/29/2020,LCH,LA,ASW,CE,Combined TRACON& Tower with Radar,0,7,11,2,20,0,7,11,0,18,0,14,22,2,38,64,0,64,102
06/30/2020,LCH,LA,ASW,CE,Combined TRACON& Tower with Radar,0,7,5,2,14,0,11,21,0,32,0,18,26,2,46,48,0,48,94
07/01/2020,LCH,LA,ASW,CE,Combined TRACON& Tower with Radar,0,7,24,4,35,0,14,43,0,57,0,21,67,4,92,104,0,104,196
07/02/2020,LCH,LA,ASW,CE,Combined TRACON& Tower with Radar,0,14,16,4,34,0,12,26,0,38,0,26,42,4,72,31,0,31,103
07/03/2020,LCH,LA,ASW,CE,Combined TRACON& Tower with Radar,0,12,7,2,21,0,7,10,0,17,0,19,17,2,38,41,0,41,79
07/04/2020,LCH,LA,ASW,CE,Combined TRACON& Tower with Radar,0,5,16,0,21,0,1,26,0,27,0,6,42,0,48,51,0,51,99
07/05/2020,LCH,LA,ASW,CE,Combined TRACON& Tower with Radar,0,6,26,0,32,0,8,13,0,21,0,14,39,0,53,1,0,1,54
07/06/2020,LCH,LA,ASW,CE,Combined TRACON& Tower with Radar,0,16,16,1,33,0,2,19,0,21,0,18,35,1,54,4,0,4,58
07/07/2020,LCH,LA,ASW,CE,Combined TRACON& Tower with Radar,0,14,7,0,21,0,5,10,0,15,0,19,17,0,36,36,0,36,72
07/08/2020,LCH,LA,ASW,CE,Combined TRACON& Tower with Radar,0,10,13,12,35,0,10,17,1,28,0,20,30,13,63,50,0,50,113
07/09/2020,LCH,LA,ASW,CE,Combined TRACON& Tower with Radar,0,14,12,1,27,0,11,18,0,29,0,25,30,1,56,4,0,4,60
07/10/2020,LCH,LA,ASW,CE,Combined TRACON& Tower with Radar,0,15,12,0,27,0,11,21,0,32,0,26,33,0,59,12,0,12,71
07/11/2020,LCH,LA,ASW,CE,Combined TRACON& Tower with Radar,0,5,7,0,12,0,5,34,0,39,0,10,41,0,51,62,0,62,113
07/12/2020,LCH,LA,ASW,CE,Combined TRACON& Tower with Radar,0,13,4,4,21,0,5,13,0,18,0,18,17,4,39,6,0,6,45
07/13/2020,LCH,LA,ASW,CE,Combined TRACON& Tower with Radar,0,16,14,3,33,0,5,24,0,29,0,21,38,3,62,29,0,29,91
07/14/2020,LCH,LA,ASW,CE,Combined TRACON& Tower with Radar,0,10,10,3,23,0,13,16,2,31,0,23,26,5,54,14,0,14,68
07/15/2020,LCH,LA,ASW,CE,Combined TRACON& Tower with Radar,0,17,13,2,32,0,17,25,0,42,0,34,38,2,74,26,0,26,100
07/16/2020,LCH,LA,ASW,CE,Combined TRACON& Tower with Radar,0,12,13,0,25,0,10,25,0,35,0,22,38,0,60,8,0,8,68
07/17/2020,LCH,LA,ASW,CE,Combined TRACON& Tower with Radar,0,10,14,4,28,0,13,12,0,25,0,23,26,4,53,41,0,41,94
07/18/2020,LCH,LA,ASW,CE,Combined TRACON& Tower with Radar,0,11,13,8,32,0,10,32,0,42,0,21,45,8,74,29,0,29,103
07/19/2020,LCH,LA,ASW,CE,Combined TRACON& Tower with Radar,0,10,10,0,20,0,6,8,0,14,0,16,18,0,34,25,0,25,59
07/20/2020,LCH,LA,ASW,CE,Combined TRACON& Tower with Radar,0,9,12,0,21,0,2,7,0,9,0,11,19,0,30,6,0,6,36
07/21/2020,LCH,LA,ASW,CE,Combined TRACON& Tower with Radar,0,12,1,0,13,0,9,8,0,17,0,21,9,0,30,10,0,10,40
07/22/2020,LCH,LA,ASW,CE,Combined TRACON& Tower with Radar,0,10,7,0,17,0,18,15,0,33,0,28,22,0,50,59,0,59,109
07/23/2020,LCH,LA,ASW,CE,Combined TRACON& Tower with Radar,0,13,12,0,25,0,3,21,0,24,0,16,33,0,49,35,0,35,84
07/24/2020,LCH,LA,ASW,CE,Combined TRACON& Tower with Radar,0,15,2,0,17,0,2,1,0,3,0,17,3,0,20,5,0,5,25
07/25/2020,LCH,LA,ASW,CE,Combined TRACON& Tower with Radar,0,9,0,0,9,0,2,3,0,5,0,11,3,0,14,24,0,24,38
07/26/2020,LCH,LA,ASW,CE,Combined TRACON& Tower with Radar,0,14,5,0,19,0,3,4,0,7,0,17,9,0,26,0,0,0,26
07/27/2020,LCH,LA,ASW,CE,Combined TRACON& Tower with Radar,0,10,5,0,15,0,5,10,0,15,0,15,15,0,30,25,0,25,55
07/28/2020,LCH,LA,ASW,CE,Combined TRACON& Tower with Radar,0,10,7,0,17,0,3,9,0,12,0,13,16,0,29,6,0,6,35
07/29/2020,LCH,LA,ASW,CE,Combined TRACON& Tower with Radar,0,14,6,2,22,0,11,10,0,21,0,25,16,2,43,22,0,22,65
07/30/2020,LCH,LA,ASW,CE,Combined TRACON& Tower with Radar,0,10,11,18,39,0,14,22,0,36,0,24,33,18,75,52,26,78,153
07/31/2020,LCH,LA,ASW,CE,Combined TRACON& Tower with Radar,0,12,15,0,27,0,17,16,0,33,0,29,31,0,60,9,0,9,69
08/01/2020,LCH,LA,ASW,CE,Combined TRACON& Tower with Radar,0,10,4,0,14,0,6,7,1,14,0,16,11,1,28,7,0,7,35
08/02/2020,LCH,LA,ASW,CE,Combined TRACON& Tower with Radar,0,12,13,18,43,0,3,22,0,25,0,15,35,18,68,32,0,32,100
08/03/2020,LCH,LA,ASW,CE,Combined TRACON& Tower with Radar,0,10,11,3,24,0,8,21,0,29,0,18,32,3,53,49,0,49,102
08/04/2020,LCH,LA,ASW,CE,Combined TRACON& Tower with Radar,0,10,18,0,28,0,14,23,0,37,0,24,41,0,65,25,0,25,90
08/05/2020,LCH,LA,ASW,CE,Combined TRACON& Tower with Radar,0,10,5,0,15,0,17,30,0,47,0,27,35,0,62,10,0,10,72
08/06/2020,LCH,LA,ASW,CE,Combined TRACON& Tower with Radar,0,12,10,4,26,0,8,27,0,35,0,20,37,4,61,24,0,24,85
08/07/2020,LCH,LA,ASW,CE,Combined TRACON& Tower with Radar,0,15,18,7,40,0,12,20,0,32,0,27,38,7,72,26,0,26,98
08/08/2020,LCH,LA,ASW,CE,Combined TRACON& Tower with Radar,0,9,8,2,19,0,12,26,0,38,0,21,34,2,57,13,0,13,70
08/09/2020,LCH,LA,ASW,CE,Combined TRACON& Tower with Radar,0,13,13,0,26,0,9,8,0,17,0,22,21,0,43,17,0,17,60
08/10/2020,LCH,LA,ASW,CE,Combined TRACON& Tower with Radar,0,13,7,8,28,0,17,18,0,35,0,30,25,8,63,7,0,7,70
08/11/2020,LCH,LA,ASW,CE,Combined TRACON& Tower with Radar,0,13,11,0,24,0,15,29,1,45,0,28,40,1,69,34,0,34,103
08/12/2020,LCH,LA,ASW,CE,Combined TRACON& Tower with Radar,0,15,5,0,20,0,13,18,0,31,0,28,23,0,51,74,0,74,125
08/13/2020,LCH,LA,ASW,CE,Combined TRACON& Tower with Radar,0,11,8,2,21,0,15,11,2,28,0,26,19,4,49,17,4,21,70
08/14/2020,LCH,LA,ASW,CE,Combined TRACON& Tower with Radar,0,12,10,8,30,0,13,35,1,49,0,25,45,9,79,58,0,58,137
08/15/2020,LCH,LA,ASW,CE,Combined TRACON& Tower with Radar,0,12,11,0,23,0,15,25,0,40,0,27,36,0,63,66,0,66,129
08/16/2020,LCH,LA,ASW,CE,Combined TRACON& Tower with Radar,0,14,13,0,27,0,9,25,1,35,0,23,38,1,62,48,0,48,110
08/17/2020,LCH,LA,ASW,CE,Combined TRACON& Tower with Radar,0,11,12,0,23,0,2,10,0,12,0,13,22,0,35,3,0,3,38
08/18/2020,LCH,LA,ASW,CE,Combined TRACON& Tower with Radar,0,11,16,2,29,0,14,8,0,22,0,25,24,2,51,28,0,28,79
08/19/2020,LCH,LA,ASW,CE,Combined TRACON& Tower with Radar,0,14,10,6,30,0,14,16,0,30,0,28,26,6,60,20,0,20,80
08/20/2020,LCH,LA,ASW,CE,Combined TRACON& Tower with Radar,0,10,14,2,26,0,12,24,0,36,0,22,38,2,62,48,0,48,110
08/21/2020,LCH,LA,ASW,CE,Combined TRACON& Tower with Radar,0,12,10,6,28,0,15,28,1,44,0,27,38,7,72,42,0,42,114
08/22/2020,LCH,LA,ASW,CE,Combined TRACON& Tower with Radar,0,11,4,0,15,0,13,21,1,35,0,24,25,1,50,50,0,50,100
08/23/2020,LCH,LA,ASW,CE,Combined TRACON& Tower with Radar,0,14,16,0,30,0,13,23,0,36,0,27,39,0,66,8,0,8,74
08/24/2020,LCH,LA,ASW,CE,Combined TRACON& Tower with Radar,0,11,6,3,20,0,2,5,0,7,0,13,11,3,27,1,0,1,28
08/25/2020,LCH,LA,ASW,CE,Combined TRACON& Tower with Radar,0,16,6,1,23,0,7,4,0,11,0,23,10,1,34,0,0,0,34
08/26/2020,LCH,LA,ASW,CE,Combined TRACON& Tower with Radar,0,10,6,0,16,0,7,3,0,10,0,17,9,0,26,0,0,0,26
08/27/2020,LCH,LA,ASW,CE,Combined TRACON& Tower with Radar,0,0,0,0,0,0,0,5,0,5,0,0,5,0,5,0,0,0,5
08/28/2020,LCH,LA,ASW,CE,Combined TRACON& Tower with Radar,0,0,0,0,0,0,0,0,0,0,0,0,0,0,0,0,0,0,0
08/29/2020,LCH,LA,ASW,CE,Combined TRACON& Tower with Radar,0,0,0,0,0,0,0,0,0,0,0,0,0,0,0,0,0,0,0
08/30/2020,LCH,LA,ASW,CE,Combined TRACON& Tower with Radar,0,0,0,0,0,0,0,0,0,0,0,0,0,0,0,0,0,0,0
08/31/2020,LCH,LA,ASW,CE,Combined TRACON& Tower with Radar,0,0,0,0,0,0,2,0,0,2,0,2,0,0,2,0,0,0,2
09/01/2020,LCH,LA,ASW,CE,Combined TRACON& Tower with Radar,0,0,0,0,0,0,0,1,0,1,0,0,1,0,1,0,0,0,1
09/02/2020,LCH,LA,ASW,CE,Combined TRACON& Tower with Radar,0,0,5,0,5,0,2,2,0,4,0,2,7,0,9,0,0,0,9
09/03/2020,LCH,LA,ASW,CE,Combined TRACON& Tower with Radar,0,2,11,0,13,0,4,2,0,6,0,6,13,0,19,13,0,13,32
09/04/2020,LCH,LA,ASW,CE,Combined TRACON& Tower with Radar,0,7,7,0,14,0,2,5,0,7,0,9,12,0,21,11,0,11,32
09/05/2020,LCH,LA,ASW,CE,Combined TRACON& Tower with Radar,0,5,11,0,16,0,3,3,0,6,0,8,14,0,22,43,0,43,65
09/06/2020,LCH,LA,ASW,CE,Combined TRACON& Tower with Radar,0,6,1,0,7,0,0,9,0,9,0,6,10,0,16,25,0,25,41
09/07/2020,LCH,LA,ASW,CE,Combined TRACON& Tower with Radar,0,5,5,0,10,0,5,10,1,16,0,10,15,1,26,0,0,0,26
09/08/2020,LCH,LA,ASW,CE,Combined TRACON& Tower with Radar,0,6,3,0,9,0,2,10,0,12,0,8,13,0,21,0,0,0,21
09/09/2020,LCH,LA,ASW,CE,Combined TRACON& Tower with Radar,0,7,9,0,16,0,4,3,0,7,0,11,12,0,23,0,0,0,23
09/10/2020,LCH,LA,ASW,CE,Combined TRACON& Tower with Radar,0,6,18,0,24,0,2,3,0,5,0,8,21,0,29,0,0,0,29
09/11/2020,LCH,LA,ASW,CE,Combined TRACON& Tower with Radar,0,13,19,0,32,0,1,3,0,4,0,14,22,0,36,15,0,15,51
09/12/2020,LCH,LA,ASW,CE,Combined TRACON& Tower with Radar,0,8,4,0,12,0,1,2,0,3,0,9,6,0,15,4,1,5,20
09/13/2020,LCH,LA,ASW,CE,Combined TRACON& Tower with Radar,0,20,7,0,27,0,3,4,0,7,0,23,11,0,34,15,0,15,49
09/14/2020,LCH,LA,ASW,CE,Combined TRACON& Tower with Radar,0,9,11,0,20,0,0,2,0,2,0,9,13,0,22,8,0,8,30
09/15/2020,LCH,LA,ASW,CE,Combined TRACON& Tower with Radar,0,6,0,0,6,0,4,1,0,5,0,10,1,0,11,37,0,37,48
09/16/2020,LCH,LA,ASW,CE,Combined TRACON& Tower with Radar,0,9,12,0,21,0,2,6,0,8,0,11,18,0,29,3,0,3,32
09/17/2020,LCH,LA,ASW,CE,Combined TRACON& Tower with Radar,0,5,3,0,8,0,8,4,0,12,0,13,7,0,20,2,0,2,22
09/18/2020,LCH,LA,ASW,CE,Combined TRACON& Tower with Radar,0,3,1,0,4,0,1,4,0,5,0,4,5,0,9,0,0,0,9
09/19/2020,LCH,LA,ASW,CE,Combined TRACON& Tower with Radar,0,4,5,0,9,0,2,4,0,6,0,6,9,0,15,1,0,1,16
09/20/2020,LCH,LA,ASW,CE,Combined TRACON& Tower with Radar,0,6,3,0,9,0,0,0,0,0,0,6,3,0,9,0,0,0,9
09/21/2020,LCH,LA,ASW,CE,Combined TRACON& Tower with Radar,0,11,6,0,17,0,0,0,0,0,0,11,6,0,17,0,0,0,17
09/22/2020,LCH,LA,ASW,CE,Combined TRACON& Tower with Radar,0,6,10,0,16,0,0,0,0,0,0,6,10,0,16,0,0,0,16
09/23/2020,LCH,LA,ASW,CE,Combined TRACON& Tower with Radar,0,7,1,0,8,0,0,2,0,2,0,7,3,0,10,0,0,0,10
09/24/2020,LCH,LA,ASW,CE,Combined TRACON& Tower with Radar,0,9,1,0,10,0,3,2,0,5,0,12,3,0,15,0,0,0,15
09/25/2020,LCH,LA,ASW,CE,Combined TRACON& Tower with Radar,0,12,5,2,19,0,1,6,0,7,0,13,11,2,26,16,0,16,42
09/26/2020,LCH,LA,ASW,CE,Combined TRACON& Tower with Radar,0,6,10,2,18,0,3,17,0,20,0,9,27,2,38,28,0,28,66
09/27/2020,LCH,LA,ASW,CE,Combined TRACON& Tower with Radar,0,10,4,0,14,0,4,12,0,16,0,14,16,0,30,20,0,20,50
09/28/2020,LCH,LA,ASW,CE,Combined TRACON& Tower with Radar,0,8,2,0,10,0,1,4,0,5,0,9,6,0,15,0,0,0,15
09/29/2020,LCH,LA,ASW,CE,Combined TRACON& Tower with Radar,0,6,10,2,18,0,2,28,0,30,0,8,38,2,48,8,0,8,56
09/30/2020,LCH,LA,ASW,CE,Combined TRACON& Tower with Radar,0,6,4,0,10,0,7,11,0,18,0,13,15,0,28,6,0,6,34
10/01/2020,LCH,LA,ASW,CE,Combined TRACON& Tower with Radar,0,6,8,0,14,0,4,25,0,29,0,10,33,0,43,0,0,0,43
10/02/2020,LCH,LA,ASW,CE,Combined TRACON& Tower with Radar,0,9,13,0,22,0,8,15,0,23,0,17,28,0,45,0,0,0,45
10/03/2020,LCH,LA,ASW,CE,Combined TRACON& Tower with Radar,0,6,2,4,12,0,0,9,0,9,0,6,11,4,21,0,0,0,21
10/04/2020,LCH,LA,ASW,CE,Combined TRACON& Tower with Radar,0,6,6,0,12,0,3,17,0,20,0,9,23,0,32,32,0,32,64
10/05/2020,LCH,LA,ASW,CE,Combined TRACON& Tower with Radar,0,6,2,0,8,0,1,23,0,24,0,7,25,0,32,32,0,32,64
10/06/2020,LCH,LA,ASW,CE,Combined TRACON& Tower with Radar,0,6,4,0,10,0,0,20,0,20,0,6,24,0,30,14,0,14,44
10/07/2020,LCH,LA,ASW,CE,Combined TRACON& Tower with Radar,0,2,7,0,9,0,17,16,0,33,0,19,23,0,42,14,0,14,56
10/08/2020,LCH,LA,ASW,CE,Combined TRACON& Tower with Radar,0,4,5,0,9,0,1,3,0,4,0,5,8,0,13,0,0,0,13
10/10/2020,LCH,LA,ASW,CE,Combined TRACON& Tower with Radar,0,0,1,0,1,0,1,2,0,3,0,1,3,0,4,0,0,0,4
10/11/2020,LCH,LA,ASW,CE,Combined TRACON& Tower with Radar,0,2,1,0,3,0,1,2,0,3,0,3,3,0,6,0,0,0,6
10/12/2020,LCH,LA,ASW,CE,Combined TRACON& Tower with Radar,0,4,4,0,8,0,4,4,0,8,0,8,8,0,16,0,0,0,16
10/13/2020,LCH,LA,ASW,CE,Combined TRACON& Tower with Radar,0,1,0,0,1,0,4,12,0,16,0,5,12,0,17,0,0,0,17
10/14/2020,LCH,LA,ASW,CE,Combined TRACON& Tower with Radar,0,8,3,0,11,0,0,15,0,15,0,8,18,0,26,0,0,0,26
10/15/2020,LCH,LA,ASW,CE,Combined TRACON& Tower with Radar,0,5,7,0,12,0,0,14,0,14,0,5,21,0,26,2,0,2,28
10/16/2020,LCH,LA,ASW,CE,Combined TRACON& Tower with Radar,0,4,10,1,15,0,4,4,0,8,0,8,14,1,23,11,0,11,34
10/17/2020,LCH,LA,ASW,CE,Combined TRACON& Tower with Radar,0,2,11,0,13,0,4,17,0,21,0,6,28,0,34,12,0,12,46
10/18/2020,LCH,LA,ASW,CE,Combined TRACON& Tower with Radar,0,4,12,0,16,0,0,11,0,11,0,4,23,0,27,26,0,26,53
10/19/2020,LCH,LA,ASW,CE,Combined TRACON& Tower with Radar,0,4,10,0,14,0,0,10,0,10,0,4,20,0,24,4,0,4,28
10/20/2020,LCH,LA,ASW,CE,Combined TRACON& Tower with Radar,0,2,9,0,11,0,2,10,0,12,0,4,19,0,23,0,0,0,23
10/21/2020,LCH,LA,ASW,CE,Combined TRACON& Tower with Radar,0,4,13,1,18,0,2,24,0,26,0,6,37,1,44,1,0,1,45
10/22/2020,LCH,LA,ASW,CE,Combined TRACON& Tower with Radar,0,5,8,1,14,0,5,13,0,18,0,10,21,1,32,8,0,8,40
10/23/2020,LCH,LA,ASW,CE,Combined TRACON& Tower with Radar,0,8,2,0,10,0,0,3,0,3,0,8,5,0,13,20,0,20,33
10/24/2020,LCH,LA,ASW,CE,Combined TRACON& Tower with Radar,0,2,5,0,7,0,0,4,0,4,0,2,9,0,11,0,0,0,11
10/25/2020,LCH,LA,ASW,CE,Combined TRACON& Tower with Radar,0,5,5,0,10,0,0,8,0,8,0,5,13,0,18,26,0,26,44
10/26/2020,LCH,LA,ASW,CE,Combined TRACON& Tower with Radar,0,5,10,0,15,0,15,13,0,28,0,20,23,0,43,5,0,5,48
10/27/2020,LCH,LA,ASW,CE,Combined TRACON& Tower with Radar,0,10,6,2,18,0,9,8,0,17,0,19,14,2,35,3,0,3,38
10/28/2020,LCH,LA,ASW,CE,Combined TRACON& Tower with Radar,0,4,3,0,7,0,0,0,0,0,0,4,3,0,7,0,0,0,7
10/29/2020,LCH,LA,ASW,CE,Combined TRACON& Tower with Radar,0,5,5,8,18,0,22,8,3,33,0,27,13,11,51,0,11,11,62
10/30/2020,LCH,LA,ASW,CE,Combined TRACON& Tower with Radar,0,5,7,0,12,0,6,22,0,28,0,11,29,0,40,12,0,12,52
10/31/2020,LCH,LA,ASW,CE,Combined TRACON& Tower with Radar,0,2,12,0,14,0,10,25,0,35,0,12,37,0,49,6,0,6,55
11/01/2020,LCH,LA,ASW,CE,Combined TRACON& Tower with Radar,0,5,7,0,12,0,3,17,0,20,0,8,24,0,32,4,0,4,36
11/02/2020,LCH,LA,ASW,CE,Combined TRACON& Tower with Radar,0,5,3,0,8,0,2,18,0,20,0,7,21,0,28,10,0,10,38
11/03/2020,LCH,LA,ASW,CE,Combined TRACON& Tower with Radar,0,4,14,5,23,0,6,17,0,23,0,10,31,5,46,42,0,42,88
11/04/2020,LCH,LA,ASW,CE,Combined TRACON& Tower with Radar,0,2,9,0,11,0,6,24,0,30,0,8,33,0,41,37,0,37,78
11/05/2020,LCH,LA,ASW,CE,Combined TRACON& Tower with Radar,0,8,19,0,27,0,9,19,0,28,0,17,38,0,55,21,0,21,76
11/06/2020,LCH,LA,ASW,CE,Combined TRACON& Tower with Radar,0,4,13,0,17,0,5,11,0,16,0,9,24,0,33,12,0,12,45
11/07/2020,LCH,LA,ASW,CE,Combined TRACON& Tower with Radar,0,4,7,0,11,0,2,16,0,18,0,6,23,0,29,8,0,8,37
11/08/2020,LCH,LA,ASW,CE,Combined TRACON& Tower with Radar,0,5,21,0,26,0,1,8,0,9,0,6,29,0,35,44,0,44,79
11/09/2020,LCH,LA,ASW,CE,Combined TRACON& Tower with Radar,0,4,9,2,15,0,7,5,0,12,0,11,14,2,27,21,0,21,48
11/10/2020,LCH,LA,ASW,CE,Combined TRACON& Tower with Radar,0,4,13,0,17,0,10,10,0,20,0,14,23,0,37,24,0,24,61
11/11/2020,LCH,LA,ASW,CE,Combined TRACON& Tower with Radar,0,4,6,0,10,0,8,15,0,23,0,12,21,0,33,21,0,21,54
11/12/2020,LCH,LA,ASW,CE,Combined TRACON& Tower with Radar,0,6,9,4,19,0,22,15,0,37,0,28,24,4,56,30,0,30,86
11/13/2020,LCH,LA,ASW,CE,Combined TRACON& Tower with Radar,0,4,17,0,21,0,13,23,2,38,0,17,40,2,59,4,0,4,63
11/14/2020,LCH,LA,ASW,CE,Combined TRACON& Tower with Radar,0,4,10,2,16,0,8,6,0,14,0,12,16,2,30,0,0,0,30
11/15/2020,LCH,LA,ASW,CE,Combined TRACON& Tower with Radar,0,5,13,0,18,0,4,16,0,20,0,9,29,0,38,30,0,30,68
11/16/2020,LCH,LA,ASW,CE,Combined TRACON& Tower with Radar,0,4,18,0,22,0,26,14,0,40,0,30,32,0,62,16,0,16,78
11/17/2020,LCH,LA,ASW,CE,Combined TRACON& Tower with Radar,0,4,4,0,8,0,14,8,0,22,0,18,12,0,30,15,0,15,45
11/18/2020,LCH,LA,ASW,CE,Combined TRACON& Tower with Radar,0,2,10,0,12,0,9,16,0,25,0,11,26,0,37,10,0,10,47
11/19/2020,LCH,LA,ASW,CE,Combined TRACON& Tower with Radar,0,6,14,0,20,0,11,19,0,30,0,17,33,0,50,14,0,14,64
11/20/2020,LCH,LA,ASW,CE,Combined TRACON& Tower with Radar,0,7,12,2,21,0,15,11,1,27,0,22,23,3,48,6,0,6,54
11/21/2020,LCH,LA,ASW,CE,Combined TRACON& Tower with Radar,0,5,5,0,10,0,9,13,0,22,0,14,18,0,32,0,0,0,32
11/22/2020,LCH,LA,ASW,CE,Combined TRACON& Tower with Radar,0,5,8,0,13,0,7,13,0,20,0,12,21,0,33,0,0,0,33
11/23/2020,LCH,LA,ASW,CE,Combined TRACON& Tower with Radar,0,4,7,2,13,0,10,21,0,31,0,14,28,2,44,10,0,10,54
11/24/2020,LCH,LA,ASW,CE,Combined TRACON& Tower with Radar,0,6,17,0,23,0,12,4,0,16,0,18,21,0,39,0,0,0,39
11/25/2020,LCH,LA,ASW,CE,Combined TRACON& Tower with Radar,0,8,8,0,16,0,0,10,0,10,0,8,18,0,26,1,0,1,27
11/26/2020,LCH,LA,ASW,CE,Combined TRACON& Tower with Radar,0,3,5,0,8,0,6,2,0,8,0,9,7,0,16,6,0,6,22
11/27/2020,LCH,LA,ASW,CE,Combined TRACON& Tower with Radar,0,10,4,0,14,0,0,0,0,0,0,10,4,0,14,0,0,0,14
11/28/2020,LCH,LA,ASW,CE,Combined TRACON& Tower with Radar,0,6,7,0,13,0,0,0,0,0,0,6,7,0,13,0,0,0,13
11/29/2020,LCH,LA,ASW,CE,Combined TRACON& Tower with Radar,0,11,8,2,21,0,1,0,0,1,0,12,8,2,22,0,0,0,22
11/30/2020,LCH,LA,ASW,CE,Combined TRACON& Tower with Radar,0,5,7,1,13,0,4,10,2,16,0,9,17,3,29,20,0,20,49
12/01/2020,LCH,LA,ASW,CE,Combined TRACON& Tower with Radar,0,4,20,0,24,0,14,10,0,24,0,18,30,0,48,9,0,9,57
12/02/2020,LCH,LA,ASW,CE,Combined TRACON& Tower with Radar,0,5,3,2,10,0,3,6,0,9,0,8,9,2,19,0,0,0,19
12/03/2020,LCH,LA,ASW,CE,Combined TRACON& Tower with Radar,0,8,18,0,26,0,1,2,0,3,0,9,20,0,29,0,0,0,29
12/04/2020,LCH,LA,ASW,CE,Combined TRACON& Tower with Radar,0,10,12,2,24,0,22,18,0,40,0,32,30,2,64,24,0,24,88
12/05/2020,LCH,LA,ASW,CE,Combined TRACON& Tower with Radar,0,8,10,0,18,0,5,10,0,15,0,13,20,0,33,24,0,24,57
12/06/2020,LCH,LA,ASW,CE,Combined TRACON& Tower with Radar,0,8,9,0,17,0,5,16,0,21,0,13,25,0,38,20,0,20,58
12/07/2020,LCH,LA,ASW,CE,Combined TRACON& Tower with Radar,0,4,3,0,7,0,22,3,1,26,0,26,6,1,33,1,0,1,34
12/08/2020,LCH,LA,ASW,CE,Combined TRACON& Tower with Radar,0,6,12,2,20,0,21,8,0,29,0,27,20,2,49,44,0,44,93
12/09/2020,LCH,LA,ASW,CE,Combined TRACON& Tower with Radar,0,2,8,2,12,0,11,14,1,26,0,13,22,3,38,17,0,17,55
12/10/2020,LCH,LA,ASW,CE,Combined TRACON& Tower with Radar,0,10,7,0,17,0,8,17,1,26,0,18,24,1,43,10,0,10,53
12/11/2020,LCH,LA,ASW,CE,Combined TRACON& Tower with Radar,0,8,7,0,15,0,15,3,1,19,0,23,10,1,34,28,0,28,62
12/12/2020,LCH,LA,ASW,CE,Combined TRACON& Tower with Radar,0,9,16,0,25,0,5,5,0,10,0,14,21,0,35,26,0,26,61
12/13/2020,LCH,LA,ASW,CE,Combined TRACON& Tower with Radar,0,9,3,0,12,0,1,0,0,1,0,10,3,0,13,0,0,0,13
12/14/2020,LCH,LA,ASW,CE,Combined TRACON& Tower with Radar,0,12,11,14,37,0,2,1,1,4,0,14,12,15,41,0,0,0,41
12/15/2020,LCH,LA,ASW,CE,Combined TRACON& Tower with Radar,0,12,9,0,21,0,1,0,0,1,0,13,9,0,22,0,0,0,22
12/16/2020,LCH,LA,ASW,CE,Combined TRACON& Tower with Radar,0,10,18,0,28,0,11,12,0,23,0,21,30,0,51,8,0,8,59
12/17/2020,LCH,LA,ASW,CE,Combined TRACON& Tower with Radar,0,9,13,2,24,0,25,24,0,49,0,34,37,2,73,18,0,18,91
12/18/2020,LCH,LA,ASW,CE,Combined TRACON& Tower with Radar,0,6,8,0,14,0,12,7,0,19,0,18,15,0,33,6,0,6,39
12/19/2020,LCH,LA,ASW,CE,Combined TRACON& Tower with Radar,0,5,3,0,8,0,7,0,0,7,0,12,3,0,15,0,0,0,15
12/20/2020,LCH,LA,ASW,CE,Combined TRACON& Tower with Radar,0,4,16,0,20,0,8,1,0,9,0,12,17,0,29,13,0,13,42
12/21/2020,LCH,LA,ASW,CE,Combined TRACON& Tower with Radar,0,4,4,0,8,0,16,15,1,32,0,20,19,1,40,0,0,0,40
12/22/2020,LCH,LA,ASW,CE,Combined TRACON& Tower with Radar,0,7,6,0,13,0,13,16,0,29,0,20,22,0,42,31,0,31,73
12/23/2020,LCH,LA,ASW,CE,Combined TRACON& Tower with Radar,0,4,7,0,11,0,8,3,0,11,0,12,10,0,22,0,0,0,22
12/24/2020,LCH,LA,ASW,CE,Combined TRACON& Tower with Radar,0,2,5,0,7,0,0,14,0,14,0,2,19,0,21,0,0,0,21
12/25/2020,LCH,LA,ASW,CE,Combined TRACON& Tower with Radar,0,2,7,0,9,0,0,9,0,9,0,2,16,0,18,10,0,10,28
12/26/2020,LCH,LA,ASW,CE,Combined TRACON& Tower with Radar,0,5,2,0,7,0,8,16,0,24,0,13,18,0,31,30,0,30,61
12/27/2020,LCH,LA,ASW,CE,Combined TRACON& Tower with Radar,0,4,6,0,10,0,5,11,0,16,0,9,17,0,26,19,0,19,45
12/28/2020,LCH,LA,ASW,CE,Combined TRACON& Tower with Radar,0,4,6,0,10,0,2,8,0,10,0,6,14,0,20,0,0,0,20
12/29/2020,LCH,LA,ASW,CE,Combined TRACON& Tower with Radar,0,6,14,0,20,0,8,16,0,24,0,14,30,0,44,52,0,52,96
12/30/2020,LCH,LA,ASW,CE,Combined TRACON& Tower with Radar,0,13,9,1,23,0,6,1,0,7,0,19,10,1,30,90,0,90,120
12/31/2020,LCH,LA,ASW,CE,Combined TRACON& Tower with Radar,0,9,0,0,9,0,0,0,0,0,0,9,0,0,9,0,0,0,9
01/01/2021,LCH,LA,ASW,CE,Combined TRACON& Tower with Radar,0,3,9,2,14,0,9,13,0,22,0,12,22,2,36,22,0,22,58
01/02/2021,LCH,LA,ASW,CE,Combined TRACON& Tower with Radar,0,2,6,0,8,0,4,16,0,20,0,6,22,0,28,0,0,0,28
01/03/2021,LCH,LA,ASW,CE,Combined TRACON& Tower with Radar,0,5,8,0,13,0,20,21,0,41,0,25,29,0,54,47,0,47,101
01/04/2021,LCH,LA,ASW,CE,Combined TRACON& Tower with Radar,0,6,4,0,10,0,9,11,0,20,0,15,15,0,30,36,0,36,66
01/05/2021,LCH,LA,ASW,CE,Combined TRACON& Tower with Radar,0,14,13,0,27,0,13,9,1,23,0,27,22,1,50,24,0,24,74
01/06/2021,LCH,LA,ASW,CE,Combined TRACON& Tower with Radar,2,7,4,2,15,0,14,16,0,30,2,21,20,2,45,6,0,6,51
01/07/2021,LCH,LA,ASW,CE,Combined TRACON& Tower with Radar,0,9,9,0,18,0,4,6,0,10,0,13,15,0,28,14,0,14,42
01/08/2021,LCH,LA,ASW,CE,Combined TRACON& Tower with Radar,0,13,28,5,46,0,15,15,0,30,0,28,43,5,76,43,0,43,119
01/09/2021,LCH,LA,ASW,CE,Combined TRACON& Tower with Radar,0,11,11,9,31,0,8,26,0,34,0,19,37,9,65,2,0,2,67
01/10/2021,LCH,LA,ASW,CE,Combined TRACON& Tower with Radar,0,11,6,2,19,0,8,6,0,14,0,19,12,2,33,0,0,0,33
01/11/2021,LCH,LA,ASW,CE,Combined TRACON& Tower with Radar,0,10,7,1,18,0,9,0,0,9,0,19,7,1,27,44,0,44,71
01/12/2021,LCH,LA,ASW,CE,Combined TRACON& Tower with Radar,0,12,11,11,34,0,9,13,0,22,0,21,24,11,56,56,2,58,114
01/13/2021,LCH,LA,ASW,CE,Combined TRACON& Tower with Radar,0,11,10,3,24,0,13,19,1,33,0,24,29,4,57,26,0,26,83
01/14/2021,LCH,LA,ASW,CE,Combined TRACON& Tower with Radar,0,9,16,6,31,0,11,12,0,23,0,20,28,6,54,0,0,0,54
01/15/2021,LCH,LA,ASW,CE,Combined TRACON& Tower with Radar,0,12,12,0,24,0,9,21,0,30,0,21,33,0,54,22,0,22,76
01/16/2021,LCH,LA,ASW,CE,Combined TRACON& Tower with Radar,0,10,4,2,16,0,12,27,0,39,0,22,31,2,55,48,14,62,117
01/17/2021,LCH,LA,ASW,CE,Combined TRACON& Tower with Radar,0,10,7,0,17,0,5,16,0,21,0,15,23,0,38,0,0,0,38
01/18/2021,LCH,LA,ASW,CE,Combined TRACON& Tower with Radar,0,11,6,0,17,0,9,16,0,25,0,20,22,0,42,14,0,14,56
01/19/2021,LCH,LA,ASW,CE,Combined TRACON& Tower with Radar,0,22,12,5,39,0,29,8,0,37,0,51,20,5,76,74,0,74,150
01/20/2021,LCH,LA,ASW,CE,Combined TRACON& Tower with Radar,0,21,7,2,30,0,12,6,0,18,0,33,13,2,48,0,0,0,48
01/21/2021,LCH,LA,ASW,CE,Combined TRACON& Tower with Radar,0,15,18,0,33,0,9,0,0,9,0,24,18,0,42,10,0,10,52
01/22/2021,LCH,LA,ASW,CE,Combined TRACON& Tower with Radar,0,16,9,0,25,0,0,0,0,0,0,16,9,0,25,0,0,0,25
01/23/2021,LCH,LA,ASW,CE,Combined TRACON& Tower with Radar,0,10,22,0,32,0,0,0,0,0,0,10,22,0,32,0,0,0,32
01/24/2021,LCH,LA,ASW,CE,Combined TRACON& Tower with Radar,0,14,22,0,36,0,1,2,0,3,0,15,24,0,39,0,0,0,39
01/25/2021,LCH,LA,ASW,CE,Combined TRACON& Tower with Radar,0,10,18,0,28,0,0,0,0,0,0,10,18,0,28,2,0,2,30
01/26/2021,LCH,LA,ASW,CE,Combined TRACON& Tower with Radar,0,11,12,2,25,0,20,20,0,40,0,31,32,2,65,28,0,28,93
01/27/2021,LCH,LA,ASW,CE,Combined TRACON& Tower with Radar,0,13,14,10,37,0,10,22,0,32,0,23,36,10,69,19,0,19,88
01/28/2021,LCH,LA,ASW,CE,Combined TRACON& Tower with Radar,0,15,21,0,36,0,16,36,0,52,0,31,57,0,88,32,0,32,120
01/29/2021,LCH,LA,ASW,CE,Combined TRACON& Tower with Radar,0,16,20,10,46,0,13,30,9,52,0,29,50,19,98,44,0,44,142
01/30/2021,LCH,LA,ASW,CE,Combined TRACON& Tower with Radar,0,9,8,1,18,0,10,12,0,22,0,19,20,1,40,20,0,20,60
01/31/2021,LCH,LA,ASW,CE,Combined TRACON& Tower with Radar,0,18,13,2,33,0,9,20,4,33,0,27,33,6,66,21,1,22,88
02/01/2021,LCH,LA,ASW,CE,Combined TRACON& Tower with Radar,0,10,13,8,31,0,5,21,0,26,0,15,34,8,57,12,0,12,69
02/02/2021,LCH,LA,ASW,CE,Combined TRACON& Tower with Radar,0,11,6,0,17,0,15,26,1,42,0,26,32,1,59,52,0,52,111
02/03/2021,LCH,LA,ASW,CE,Combined TRACON& Tower with Radar,0,9,1,6,16,0,19,16,0,35,0,28,17,6,51,33,0,33,84
02/04/2021,LCH,LA,ASW,CE,Combined TRACON& Tower with Radar,0,10,9,4,23,0,9,11,0,20,0,19,20,4,43,36,0,36,79
02/05/2021,LCH,LA,ASW,CE,Combined TRACON& Tower with Radar,0,23,5,0,28,0,5,2,0,7,0,28,7,0,35,0,0,0,35
02/06/2021,LCH,LA,ASW,CE,Combined TRACON& Tower with Radar,0,18,10,2,30,0,1,8,0,9,0,19,18,2,39,1,0,1,40
02/07/2021,LCH,LA,ASW,CE,Combined TRACON& Tower with Radar,0,14,5,8,27,0,9,16,3,28,0,23,21,11,55,4,0,4,59
02/08/2021,LCH,LA,ASW,CE,Combined TRACON& Tower with Radar,0,11,8,0,19,0,5,15,0,20,0,16,23,0,39,12,0,12,51
02/09/2021,LCH,LA,ASW,CE,Combined TRACON& Tower with Radar,0,12,12,1,25,0,4,7,0,11,0,16,19,1,36,45,0,45,81
02/10/2021,LCH,LA,ASW,CE,Combined TRACON& Tower with Radar,0,15,4,4,23,0,7,0,0,7,0,22,4,4,30,2,0,2,32
02/11/2021,LCH,LA,ASW,CE,Combined TRACON& Tower with Radar,0,14,6,0,20,0,0,0,0,0,0,14,6,0,20,0,0,0,20
02/12/2021,LCH,LA,ASW,CE,Combined TRACON& Tower with Radar,0,11,1,0,12,0,0,0,0,0,0,11,1,0,12,0,0,0,12
02/13/2021,LCH,LA,ASW,CE,Combined TRACON& Tower with Radar,0,9,5,0,14,0,4,3,0,7,0,13,8,0,21,0,0,0,21
02/14/2021,LCH,LA,ASW,CE,Combined TRACON& Tower with Radar,0,4,0,0,4,0,1,2,0,3,0,5,2,0,7,5,0,5,12
02/15/2021,LCH,LA,ASW,CE,Combined TRACON& Tower with Radar,0,0,0,0,0,0,2,0,0,2,0,2,0,0,2,0,0,0,2
02/16/2021,LCH,LA,ASW,CE,Combined TRACON& Tower with Radar,0,0,0,0,0,0,1,0,0,1,0,1,0,0,1,1,0,1,2
02/17/2021,LCH,LA,ASW,CE,Combined TRACON& Tower with Radar,0,1,0,0,1,0,0,2,0,2,0,1,2,0,3,0,0,0,3
02/18/2021,LCH,LA,ASW,CE,Combined TRACON& Tower with Radar,0,3,4,0,7,0,2,0,0,2,0,5,4,0,9,20,0,20,29
02/19/2021,LCH,LA,ASW,CE,Combined TRACON& Tower with Radar,0,6,9,0,15,0,13,10,1,24,0,19,19,1,39,61,0,61,100
02/20/2021,LCH,LA,ASW,CE,Combined TRACON& Tower with Radar,0,11,12,0,23,0,15,23,0,38,0,26,35,0,61,18,0,18,79
02/21/2021,LCH,LA,ASW,CE,Combined TRACON& Tower with Radar,0,9,8,0,17,0,4,9,0,13,0,13,17,0,30,6,0,6,36
02/22/2021,LCH,LA,ASW,CE,Combined TRACON& Tower with Radar,0,11,17,0,28,0,4,19,0,23,0,15,36,0,51,44,0,44,95
02/23/2021,LCH,LA,ASW,CE,Combined TRACON& Tower with Radar,0,10,8,0,18,0,6,24,0,30,0,16,32,0,48,74,0,74,122
02/24/2021,LCH,LA,ASW,CE,Combined TRACON& Tower with Radar,0,13,7,4,24,0,4,4,0,8,0,17,11,4,32,38,0,38,70
02/25/2021,LCH,LA,ASW,CE,Combined TRACON& Tower with Radar,0,12,5,0,17,0,4,4,1,9,0,16,9,1,26,0,0,0,26
02/26/2021,LCH,LA,ASW,CE,Combined TRACON& Tower with Radar,0,14,6,0,20,0,4,8,0,12,0,18,14,0,32,0,0,0,32
02/27/2021,LCH,LA,ASW,CE,Combined TRACON& Tower with Radar,0,10,13,0,23,0,6,3,0,9,0,16,16,0,32,22,0,22,54
02/28/2021,LCH,LA,ASW,CE,Combined TRACON& Tower with Radar,0,11,4,2,17,0,0,0,0,0,0,11,4,2,17,18,0,18,35
03/01/2021,LCH,LA,ASW,CE,Combined TRACON& Tower with Radar,0,13,4,0,17,0,0,0,0,0,0,13,4,0,17,0,0,0,17
03/02/2021,LCH,LA,ASW,CE,Combined TRACON& Tower with Radar,0,16,2,4,22,0,0,2,0,2,0,16,4,4,24,0,0,0,24
03/03/2021,LCH,LA,ASW,CE,Combined TRACON& Tower with Radar,0,11,16,0,27,0,20,32,0,52,0,31,48,0,79,42,0,42,121
03/04/2021,LCH,LA,ASW,CE,Combined TRACON& Tower with Radar,0,9,23,6,38,0,16,19,0,35,0,25,42,6,73,63,0,63,136
03/05/2021,LCH,LA,ASW,CE,Combined TRACON& Tower with Radar,0,13,13,3,29,0,11,9,0,20,0,24,22,3,49,10,0,10,59
03/06/2021,LCH,LA,ASW,CE,Combined TRACON& Tower with Radar,0,11,4,3,18,0,9,24,0,33,0,20,28,3,51,6,0,6,57
03/07/2021,LCH,LA,ASW,CE,Combined TRACON& Tower with Radar,0,10,6,0,16,0,10,27,2,39,0,20,33,2,55,66,0,66,121
03/08/2021,LCH,LA,ASW,CE,Combined TRACON& Tower with Radar,0,10,15,0,25,0,13,15,0,28,0,23,30,0,53,55,0,55,108
03/09/2021,LCH,LA,ASW,CE,Combined TRACON& Tower with Radar,0,8,5,0,13,0,14,1,2,17,0,22,6,2,30,24,0,24,54
03/10/2021,LCH,LA,ASW,CE,Combined TRACON& Tower with Radar,0,8,6,1,15,0,10,3,0,13,0,18,9,1,28,2,0,2,30
03/11/2021,LCH,LA,ASW,CE,Combined TRACON& Tower with Radar,0,13,4,4,21,0,11,2,0,13,0,24,6,4,34,15,0,15,49
03/12/2021,LCH,LA,ASW,CE,Combined TRACON& Tower with Radar,0,16,13,5,34,0,5,13,0,18,0,21,26,5,52,12,0,12,64
03/13/2021,LCH,LA,ASW,CE,Combined TRACON& Tower with Radar,0,11,10,0,21,0,3,6,1,10,0,14,16,1,31,0,0,0,31
03/14/2021,LCH,LA,ASW,CE,Combined TRACON& Tower with Radar,0,8,13,0,21,0,5,3,1,9,0,13,16,1,30,2,0,2,32
03/15/2021,LCH,LA,ASW,CE,Combined TRACON& Tower with Radar,0,19,11,0,30,0,3,2,1,6,0,22,13,1,36,6,0,6,42
03/16/2021,LCH,LA,ASW,CE,Combined TRACON& Tower with Radar,0,15,7,0,22,0,8,2,0,10,0,23,9,0,32,1,0,1,33
03/17/2021,LCH,LA,ASW,CE,Combined TRACON& Tower with Radar,0,11,6,0,17,0,2,0,0,2,0,13,6,0,19,0,0,0,19
03/18/2021,LCH,LA,ASW,CE,Combined TRACON& Tower with Radar,0,11,16,4,31,0,11,11,0,22,0,22,27,4,53,1,0,1,54
03/19/2021,LCH,LA,ASW,CE,Combined TRACON& Tower with Radar,0,11,10,12,33,0,18,15,0,33,0,29,25,12,66,0,0,0,66
03/20/2021,LCH,LA,ASW,CE,Combined TRACON& Tower with Radar,0,10,4,0,14,0,1,11,0,12,0,11,15,0,26,0,2,2,28
03/21/2021,LCH,LA,ASW,CE,Combined TRACON& Tower with Radar,0,10,9,0,19,0,2,29,0,31,0,12,38,0,50,84,0,84,134
03/22/2021,LCH,LA,ASW,CE,Combined TRACON& Tower with Radar,0,13,11,0,24,0,13,5,0,18,0,26,16,0,42,0,0,0,42
03/23/2021,LCH,LA,ASW,CE,Combined TRACON& Tower with Radar,0,9,5,0,14,0,1,5,0,6,0,10,10,0,20,8,0,8,28
03/24/2021,LCH,LA,ASW,CE,Combined TRACON& Tower with Radar,0,20,14,0,34,0,1,4,0,5,0,21,18,0,39,8,0,8,47
03/25/2021,LCH,LA,ASW,CE,Combined TRACON& Tower with Radar,0,23,8,2,33,0,2,11,0,13,0,25,19,2,46,34,0,34,80
03/26/2021,LCH,LA,ASW,CE,Combined TRACON& Tower with Radar,0,13,12,1,26,0,11,17,0,28,0,24,29,1,54,40,0,40,94
03/27/2021,LCH,LA,ASW,CE,Combined TRACON& Tower with Radar,0,19,14,0,33,0,0,2,0,2,0,19,16,0,35,0,0,0,35
03/28/2021,LCH,LA,ASW,CE,Combined TRACON& Tower with Radar,0,8,1,0,9,0,0,1,0,1,0,8,2,0,10,0,0,0,10
03/29/2021,LCH,LA,ASW,CE,Combined TRACON& Tower with Radar,0,12,9,0,21,0,6,24,0,30,0,18,33,0,51,90,0,90,141
03/30/2021,LCH,LA,ASW,CE,Combined TRACON& Tower with Radar,0,14,9,6,29,0,1,5,0,6,0,15,14,6,35,28,0,28,63
03/31/2021,LCH,LA,ASW,CE,Combined TRACON& Tower with Radar,0,17,17,0,34,0,0,4,0,4,0,17,21,0,38,1,0,1,39
04/01/2021,LCH,LA,ASW,CE,Combined TRACON& Tower with Radar,0,12,16,0,28,0,2,19,0,21,0,14,35,0,49,7,0,7,56
04/02/2021,LCH,LA,ASW,CE,Combined TRACON& Tower with Radar,0,16,10,0,26,0,14,26,0,40,0,30,36,0,66,26,0,26,92
04/03/2021,LCH,LA,ASW,CE,Combined TRACON& Tower with Radar,0,10,5,2,17,0,6,15,0,21,0,16,20,2,38,22,0,22,60
04/04/2021,LCH,LA,ASW,CE,Combined TRACON& Tower with Radar,0,10,4,0,14,0,4,6,0,10,0,14,10,0,24,0,0,0,24
04/05/2021,LCH,LA,ASW,CE,Combined TRACON& Tower with Radar,0,11,8,0,19,0,15,11,0,26,0,26,19,0,45,11,0,11,56
04/06/2021,LCH,LA,ASW,CE,Combined TRACON& Tower with Radar,0,17,2,2,21,0,1,8,0,9,0,18,10,2,30,4,0,4,34
04/07/2021,LCH,LA,ASW,CE,Combined TRACON& Tower with Radar,0,20,11,0,31,0,0,3,1,4,0,20,14,1,35,10,0,10,45
04/08/2021,LCH,LA,ASW,CE,Combined TRACON& Tower with Radar,0,11,19,2,32,0,4,33,2,39,0,15,52,4,71,6,0,6,77
04/09/2021,LCH,LA,ASW,CE,Combined TRACON& Tower with Radar,0,15,12,0,27,0,8,14,0,22,0,23,26,0,49,31,3,34,83
04/10/2021,LCH,LA,ASW,CE,Combined TRACON& Tower with Radar,0,12,2,3,17,0,0,15,0,15,0,12,17,3,32,15,4,19,51
04/11/2021,LCH,LA,ASW,CE,Combined TRACON& Tower with Radar,0,12,12,1,25,0,4,25,1,30,0,16,37,2,55,24,0,24,79
04/12/2021,LCH,LA,ASW,CE,Combined TRACON& Tower with Radar,0,15,12,0,27,0,14,16,0,30,0,29,28,0,57,19,0,19,76
04/13/2021,LCH,LA,ASW,CE,Combined TRACON& Tower with Radar,0,20,6,0,26,0,0,3,0,3,0,20,9,0,29,0,0,0,29
04/14/2021,LCH,LA,ASW,CE,Combined TRACON& Tower with Radar,0,14,5,0,19,0,2,0,0,2,0,16,5,0,21,0,0,0,21
04/15/2021,LCH,LA,ASW,CE,Combined TRACON& Tower with Radar,0,19,26,2,47,0,4,0,0,4,0,23,26,2,51,0,0,0,51
04/16/2021,LCH,LA,ASW,CE,Combined TRACON& Tower with Radar,0,15,11,0,26,0,0,5,0,5,0,15,16,0,31,0,0,0,31
04/17/2021,LCH,LA,ASW,CE,Combined TRACON& Tower with Radar,0,11,17,0,28,0,1,3,0,4,0,12,20,0,32,0,0,0,32
04/18/2021,LCH,LA,ASW,CE,Combined TRACON& Tower with Radar,0,11,11,0,22,0,3,17,1,21,0,14,28,1,43,20,0,20,63
04/19/2021,LCH,LA,ASW,CE,Combined TRACON& Tower with Radar,0,10,10,0,20,0,19,11,1,31,0,29,21,1,51,38,0,38,89
04/20/2021,LCH,LA,ASW,CE,Combined TRACON& Tower with Radar,0,18,16,4,38,0,30,28,1,59,0,48,44,5,97,8,14,22,119
04/21/2021,LCH,LA,ASW,CE,Combined TRACON& Tower with Radar,0,16,8,0,24,0,22,23,0,45,0,38,31,0,69,24,0,24,93
04/22/2021,LCH,LA,ASW,CE,Combined TRACON& Tower with Radar,0,13,12,0,25,0,18,13,0,31,0,31,25,0,56,19,0,19,75
04/23/2021,LCH,LA,ASW,CE,Combined TRACON& Tower with Radar,0,12,6,0,18,0,8,0,0,8,0,20,6,0,26,10,0,10,36
04/24/2021,LCH,LA,ASW,CE,Combined TRACON& Tower with Radar,0,10,4,0,14,0,4,10,0,14,0,14,14,0,28,31,0,31,59
04/25/2021,LCH,LA,ASW,CE,Combined TRACON& Tower with Radar,0,13,8,0,21,0,9,22,0,31,0,22,30,0,52,38,0,38,90
04/26/2021,LCH,LA,ASW,CE,Combined TRACON& Tower with Radar,0,12,15,8,35,0,14,16,0,30,0,26,31,8,65,2,0,2,67
04/27/2021,LCH,LA,ASW,CE,Combined TRACON& Tower with Radar,0,20,11,0,31,0,6,0,0,6,0,26,11,0,37,31,0,31,68
04/28/2021,LCH,LA,ASW,CE,Combined TRACON& Tower with Radar,0,17,7,1,25,0,12,1,0,13,0,29,8,1,38,12,0,12,50
04/29/2021,LCH,LA,ASW,CE,Combined TRACON& Tower with Radar,0,10,20,2,32,0,8,9,0,17,0,18,29,2,49,14,0,14,63
04/30/2021,LCH,LA,ASW,CE,Combined TRACON& Tower with Radar,0,11,5,0,16,0,2,9,0,11,0,13,14,0,27,46,0,46,73
05/01/2021,LCH,LA,ASW,CE,Combined TRACON& Tower with Radar,0,12,13,1,26,0,7,19,0,26,0,19,32,1,52,12,0,12,64
05/02/2021,LCH,LA,ASW,CE,Combined TRACON& Tower with Radar,0,17,6,0,23,0,7,3,0,10,0,24,9,0,33,16,0,16,49
05/03/2021,LCH,LA,ASW,CE,Combined TRACON& Tower with Radar,0,15,14,0,29,0,3,20,0,23,0,18,34,0,52,0,0,0,52
05/04/2021,LCH,LA,ASW,CE,Combined TRACON& Tower with Radar,0,16,7,0,23,0,7,4,0,11,0,23,11,0,34,10,0,10,44
05/05/2021,LCH,LA,ASW,CE,Combined TRACON& Tower with Radar,0,16,9,0,25,0,15,32,0,47,0,31,41,0,72,30,0,30,102
05/06/2021,LCH,LA,ASW,CE,Combined TRACON& Tower with Radar,0,17,10,0,27,0,19,13,0,32,0,36,23,0,59,28,0,28,87
05/07/2021,LCH,LA,ASW,CE,Combined TRACON& Tower with Radar,0,9,20,7,36,0,12,19,0,31,0,21,39,7,67,14,2,16,83
05/08/2021,LCH,LA,ASW,CE,Combined TRACON& Tower with Radar,0,11,7,2,20,0,6,40,0,46,0,17,47,2,66,10,0,10,76
05/09/2021,LCH,LA,ASW,CE,Combined TRACON& Tower with Radar,0,10,14,0,24,0,3,4,0,7,0,13,18,0,31,12,0,12,43
05/10/2021,LCH,LA,ASW,CE,Combined TRACON& Tower with Radar,0,17,13,0,30,0,1,11,3,15,0,18,24,3,45,50,0,50,95
05/11/2021,LCH,LA,ASW,CE,Combined TRACON& Tower with Radar,0,12,13,4,29,0,4,5,0,9,0,16,18,4,38,10,0,10,48
05/12/2021,LCH,LA,ASW,CE,Combined TRACON& Tower with Radar,0,16,5,0,21,0,0,2,0,2,0,16,7,0,23,22,0,22,45
05/13/2021,LCH,LA,ASW,CE,Combined TRACON& Tower with Radar,0,15,10,10,35,0,16,23,0,39,0,31,33,10,74,0,0,0,74
05/14/2021,LCH,LA,ASW,CE,Combined TRACON& Tower with Radar,0,14,9,3,26,0,17,18,2,37,0,31,27,5,63,54,0,54,117
05/15/2021,LCH,LA,ASW,CE,Combined TRACON& Tower with Radar,0,11,15,0,26,0,4,38,0,42,0,15,53,0,68,60,0,60,128
05/16/2021,LCH,LA,ASW,CE,Combined TRACON& Tower with Radar,0,7,7,0,14,0,9,5,1,15,0,16,12,1,29,0,0,0,29
05/17/2021,LCH,LA,ASW,CE,Combined TRACON& Tower with Radar,0,3,3,0,6,0,0,0,0,0,0,3,3,0,6,0,0,0,6
05/18/2021,LCH,LA,ASW,CE,Combined TRACON& Tower with Radar,0,6,10,4,20,0,2,0,0,2,0,8,10,4,22,4,0,4,26
05/19/2021,LCH,LA,ASW,CE,Combined TRACON& Tower with Radar,0,8,7,0,15,0,2,1,0,3,0,10,8,0,18,6,0,6,24
05/20/2021,LCH,LA,ASW,CE,Combined TRACON& Tower with Radar,0,20,5,2,27,0,4,1,0,5,0,24,6,2,32,0,0,0,32
05/21/2021,LCH,LA,ASW,CE,Combined TRACON& Tower with Radar,0,20,9,0,29,0,1,1,0,2,0,21,10,0,31,0,0,0,31
05/22/2021,LCH,LA,ASW,CE,Combined TRACON& Tower with Radar,0,13,9,2,24,0,0,6,0,6,0,13,15,2,30,26,0,26,56
05/23/2021,LCH,LA,ASW,CE,Combined TRACON& Tower with Radar,0,11,7,0,18,0,7,7,0,14,0,18,14,0,32,0,0,0,32
05/24/2021,LCH,LA,ASW,CE,Combined TRACON& Tower with Radar,2,16,14,2,34,0,7,14,0,21,2,23,28,2,55,24,0,24,79
05/25/2021,LCH,LA,ASW,CE,Combined TRACON& Tower with Radar,0,7,17,0,24,0,19,22,0,41,0,26,39,0,65,54,4,58,123
05/26/2021,LCH,LA,ASW,CE,Combined TRACON& Tower with Radar,0,7,17,2,26,0,11,18,1,30,0,18,35,3,56,24,0,24,80
05/27/2021,LCH,LA,ASW,CE,Combined TRACON& Tower with Radar,0,9,15,1,25,0,13,23,0,36,0,22,38,1,61,40,0,40,101
05/28/2021,LCH,LA,ASW,CE,Combined TRACON& Tower with Radar,0,9,9,1,19,0,1,20,0,21,0,10,29,1,40,30,0,30,70
05/29/2021,LCH,LA,ASW,CE,Combined TRACON& Tower with Radar,0,8,0,0,8,0,0,4,0,4,0,8,4,0,12,26,0,26,38
05/30/2021,LCH,LA,ASW,CE,Combined TRACON& Tower with Radar,0,8,13,0,21,0,3,11,0,14,0,11,24,0,35,17,0,17,52
05/31/2021,LCH,LA,ASW,CE,Combined TRACON& Tower with Radar,0,11,12,0,23,0,6,19,0,25,0,17,31,0,48,42,0,42,90
06/01/2021,LCH,LA,ASW,CE,Combined TRACON& Tower with Radar,0,8,18,0,26,0,8,23,0,31,0,16,41,0,57,12,0,12,69
06/02/2021,LCH,LA,ASW,CE,Combined TRACON& Tower with Radar,0,11,8,0,19,0,9,8,0,17,0,20,16,0,36,21,0,21,57
06/03/2021,LCH,LA,ASW,CE,Combined TRACON& Tower with Radar,0,10,21,2,33,0,16,24,1,41,0,26,45,3,74,40,0,40,114
06/04/2021,LCH,LA,ASW,CE,Combined TRACON& Tower with Radar,0,19,7,1,27,0,1,4,7,12,0,20,11,8,39,0,0,0,39
06/05/2021,LCH,LA,ASW,CE,Combined TRACON& Tower with Radar,0,11,10,0,21,0,9,8,0,17,0,20,18,0,38,2,0,2,40
06/06/2021,LCH,LA,ASW,CE,Combined TRACON& Tower with Radar,0,13,15,4,32,0,11,9,4,24,0,24,24,8,56,8,0,8,64
06/07/2021,LCH,LA,ASW,CE,Combined TRACON& Tower with Radar,0,11,9,1,21,0,14,13,0,27,0,25,22,1,48,18,0,18,66
06/08/2021,LCH,LA,ASW,CE,Combined TRACON& Tower with Radar,0,10,18,0,28,0,21,9,4,34,0,31,27,4,62,12,0,12,74
06/09/2021,LCH,LA,ASW,CE,Combined TRACON& Tower with Radar,0,8,8,4,20,0,14,7,2,23,0,22,15,6,43,21,0,21,64
06/10/2021,LCH,LA,ASW,CE,Combined TRACON& Tower with Radar,0,13,8,0,21,0,6,9,2,17,0,19,17,2,38,1,0,1,39
06/11/2021,LCH,LA,ASW,CE,Combined TRACON& Tower with Radar,0,15,12,9,36,0,15,19,2,36,0,30,31,11,72,6,0,6,78
06/12/2021,LCH,LA,ASW,CE,Combined TRACON& Tower with Radar,0,10,5,0,15,0,5,16,0,21,0,15,21,0,36,32,0,32,68
06/13/2021,LCH,LA,ASW,CE,Combined TRACON& Tower with Radar,0,10,10,8,28,0,10,13,2,25,0,20,23,10,53,0,0,0,53
06/14/2021,LCH,LA,ASW,CE,Combined TRACON& Tower with Radar,0,11,6,1,18,0,15,19,1,35,0,26,25,2,53,30,0,30,83
06/15/2021,LCH,LA,ASW,CE,Combined TRACON& Tower with Radar,0,9,10,0,19,0,15,11,0,26,0,24,21,0,45,0,0,0,45
06/16/2021,LCH,LA,ASW,CE,Combined TRACON& Tower with Radar,0,10,11,0,21,0,30,19,0,49,0,40,30,0,70,18,0,18,88
06/17/2021,LCH,LA,ASW,CE,Combined TRACON& Tower with Radar,0,12,13,2,27,0,14,27,3,44,0,26,40,5,71,0,0,0,71
06/18/2021,LCH,LA,ASW,CE,Combined TRACON& Tower with Radar,0,10,10,4,24,0,7,17,0,24,0,17,27,4,48,0,0,0,48
06/19/2021,LCH,LA,ASW,CE,Combined TRACON& Tower with Radar,0,11,5,0,16,0,15,13,0,28,0,26,18,0,44,12,0,12,56
06/20/2021,LCH,LA,ASW,CE,Combined TRACON& Tower with Radar,0,9,3,0,12,0,8,1,0,9,0,17,4,0,21,20,0,20,41
06/21/2021,LCH,LA,ASW,CE,Combined TRACON& Tower with Radar,0,12,13,0,25,0,4,2,0,6,0,16,15,0,31,19,0,19,50
06/22/2021,LCH,LA,ASW,CE,Combined TRACON& Tower with Radar,0,18,8,0,26,0,13,5,0,18,0,31,13,0,44,24,0,24,68
06/23/2021,LCH,LA,ASW,CE,Combined TRACON& Tower with Radar,0,11,3,0,14,0,10,10,0,20,0,21,13,0,34,31,0,31,65
06/24/2021,LCH,LA,ASW,CE,Combined TRACON& Tower with Radar,0,9,12,0,21,0,3,6,0,9,0,12,18,0,30,0,0,0,30
06/25/2021,LCH,LA,ASW,CE,Combined TRACON& Tower with Radar,0,11,18,0,29,0,6,5,0,11,0,17,23,0,40,2,0,2,42
06/26/2021,LCH,LA,ASW,CE,Combined TRACON& Tower with Radar,0,9,2,0,11,0,0,15,0,15,0,9,17,0,26,12,0,12,38
06/27/2021,LCH,LA,ASW,CE,Combined TRACON& Tower with Radar,0,12,7,0,19,0,6,10,0,16,0,18,17,0,35,22,0,22,57
06/28/2021,LCH,LA,ASW,CE,Combined TRACON& Tower with Radar,0,11,15,0,26,0,2,6,0,8,0,13,21,0,34,22,0,22,56
06/29/2021,LCH,LA,ASW,CE,Combined TRACON& Tower with Radar,0,8,5,0,13,0,20,9,0,29,0,28,14,0,42,8,0,8,50
06/30/2021,LCH,LA,ASW,CE,Combined TRACON& Tower with Radar,2,12,17,2,33,0,21,13,0,34,2,33,30,2,67,6,0,6,73
07/01/2021,LCH,LA,ASW,CE,Combined TRACON& Tower with Radar,0,11,10,0,21,0,21,16,0,37,0,32,26,0,58,8,0,8,66
07/02/2021,LCH,LA,ASW,CE,Combined TRACON& Tower with Radar,0,9,6,3,18,0,23,5,0,28,0,32,11,3,46,16,0,16,62
07/03/2021,LCH,LA,ASW,CE,Combined TRACON& Tower with Radar,0,11,10,0,21,0,8,4,0,12,0,19,14,0,33,5,0,5,38
07/04/2021,LCH,LA,ASW,CE,Combined TRACON& Tower with Radar,0,9,5,0,14,0,8,12,0,20,0,17,17,0,34,3,0,3,37
07/05/2021,LCH,LA,ASW,CE,Combined TRACON& Tower with Radar,0,9,5,2,16,0,10,8,0,18,0,19,13,2,34,48,0,48,82
07/06/2021,LCH,LA,ASW,CE,Combined TRACON& Tower with Radar,0,9,7,0,16,0,4,9,0,13,0,13,16,0,29,35,0,35,64
07/07/2021,LCH,LA,ASW,CE,Combined TRACON& Tower with Radar,0,13,4,0,17,0,7,8,0,15,0,20,12,0,32,8,0,8,40
07/08/2021,LCH,LA,ASW,CE,Combined TRACON& Tower with Radar,0,11,13,0,24,0,6,8,0,14,0,17,21,0,38,0,0,0,38
07/09/2021,LCH,LA,ASW,CE,Combined TRACON& Tower with Radar,0,18,20,0,38,0,6,9,0,15,0,24,29,0,53,39,0,39,92
07/10/2021,LCH,LA,ASW,CE,Combined TRACON& Tower with Radar,0,7,17,0,24,0,4,10,0,14,0,11,27,0,38,0,0,0,38
07/11/2021,LCH,LA,ASW,CE,Combined TRACON& Tower with Radar,0,11,7,0,18,0,5,8,0,13,0,16,15,0,31,8,0,8,39
07/12/2021,LCH,LA,ASW,CE,Combined TRACON& Tower with Radar,0,14,9,0,23,0,11,13,0,24,0,25,22,0,47,32,0,32,79
07/13/2021,LCH,LA,ASW,CE,Combined TRACON& Tower with Radar,0,11,7,1,19,0,14,16,0,30,0,25,23,1,49,6,0,6,55
07/14/2021,LCH,LA,ASW,CE,Combined TRACON& Tower with Radar,0,10,8,2,20,0,14,15,0,29,0,24,23,2,49,36,0,36,85
07/15/2021,LCH,LA,ASW,CE,Combined TRACON& Tower with Radar,0,12,7,2,21,0,14,17,1,32,0,26,24,3,53,6,0,6,59
07/16/2021,LCH,LA,ASW,CE,Combined TRACON& Tower with Radar,0,10,12,0,22,0,7,1,0,8,0,17,13,0,30,26,0,26,56
07/17/2021,LCH,LA,ASW,CE,Combined TRACON& Tower with Radar,0,8,10,0,18,0,9,9,0,18,0,17,19,0,36,5,0,5,41
07/18/2021,LCH,LA,ASW,CE,Combined TRACON& Tower with Radar,0,9,10,0,19,0,7,16,0,23,0,16,26,0,42,1,0,1,43
07/19/2021,LCH,LA,ASW,CE,Combined TRACON& Tower with Radar,0,8,6,0,14,0,18,4,0,22,0,26,10,0,36,4,0,4,40
07/20/2021,LCH,LA,ASW,CE,Combined TRACON& Tower with Radar,0,12,4,0,16,0,1,6,0,7,0,13,10,0,23,10,0,10,33
07/21/2021,LCH,LA,ASW,CE,Combined TRACON& Tower with Radar,0,12,5,0,17,0,12,9,0,21,0,24,14,0,38,12,0,12,50
07/22/2021,LCH,LA,ASW,CE,Combined TRACON& Tower with Radar,0,11,10,0,21,0,11,22,1,34,0,22,32,1,55,20,0,20,75
07/23/2021,LCH,LA,ASW,CE,Combined TRACON& Tower with Radar,0,11,13,8,32,0,14,27,2,43,0,25,40,10,75,20,0,20,95
07/24/2021,LCH,LA,ASW,CE,Combined TRACON& Tower with Radar,0,10,12,4,26,0,15,12,0,27,0,25,24,4,53,16,0,16,69
07/25/2021,LCH,LA,ASW,CE,Combined TRACON& Tower with Radar,0,10,13,0,23,0,11,19,0,30,0,21,32,0,53,12,2,14,67
07/26/2021,LCH,LA,ASW,CE,Combined TRACON& Tower with Radar,0,13,2,7,22,0,14,10,1,25,0,27,12,8,47,7,0,7,54
07/27/2021,LCH,LA,ASW,CE,Combined TRACON& Tower with Radar,0,9,5,4,18,0,15,10,0,25,0,24,15,4,43,10,0,10,53
07/28/2021,LCH,LA,ASW,CE,Combined TRACON& Tower with Radar,0,8,17,2,27,0,14,7,0,21,0,22,24,2,48,0,0,0,48
07/29/2021,LCH,LA,ASW,CE,Combined TRACON& Tower with Radar,0,9,7,3,19,0,15,8,0,23,0,24,15,3,42,16,0,16,58
07/30/2021,LCH,LA,ASW,CE,Combined TRACON& Tower with Radar,0,10,5,0,15,0,17,15,1,33,0,27,20,1,48,5,0,5,53
07/31/2021,LCH,LA,ASW,CE,Combined TRACON& Tower with Radar,0,8,9,0,17,0,9,12,1,22,0,17,21,1,39,13,0,13,52
08/01/2021,LCH,LA,ASW,CE,Combined TRACON& Tower with Radar,0,9,11,0,20,0,8,14,0,22,0,17,25,0,42,8,0,8,50
08/02/2021,LCH,LA,ASW,CE,Combined TRACON& Tower with Radar,0,10,0,0,10,0,3,7,0,10,0,13,7,0,20,29,0,29,49
08/03/2021,LCH,LA,ASW,CE,Combined TRACON& Tower with Radar,0,12,5,0,17,0,4,3,0,7,0,16,8,0,24,0,0,0,24
08/04/2021,LCH,LA,ASW,CE,Combined TRACON& Tower with Radar,0,8,8,0,16,0,10,19,0,29,0,18,27,0,45,0,0,0,45
08/05/2021,LCH,LA,ASW,CE,Combined TRACON& Tower with Radar,0,10,20,0,30,0,18,20,0,38,0,28,40,0,68,5,0,5,73
08/06/2021,LCH,LA,ASW,CE,Combined TRACON& Tower with Radar,0,9,12,1,22,0,18,18,0,36,0,27,30,1,58,8,0,8,66
08/07/2021,LCH,LA,ASW,CE,Combined TRACON& Tower with Radar,0,11,6,1,18,0,8,12,0,20,0,19,18,1,38,5,0,5,43
08/08/2021,LCH,LA,ASW,CE,Combined TRACON& Tower with Radar,0,10,2,0,12,0,5,11,0,16,0,15,13,0,28,0,0,0,28
08/09/2021,LCH,LA,ASW,CE,Combined TRACON& Tower with Radar,0,9,6,1,16,0,12,11,0,23,0,21,17,1,39,14,0,14,53
08/10/2021,LCH,LA,ASW,CE,Combined TRACON& Tower with Radar,0,10,17,1,28,0,13,14,1,28,0,23,31,2,56,24,0,24,80
08/11/2021,LCH,LA,ASW,CE,Combined TRACON& Tower with Radar,0,12,5,1,18,0,15,16,0,31,0,27,21,1,49,12,0,12,61
08/12/2021,LCH,LA,ASW,CE,Combined TRACON& Tower with Radar,0,8,7,0,15,0,10,5,0,15,0,18,12,0,30,41,0,41,71
08/13/2021,LCH,LA,ASW,CE,Combined TRACON& Tower with Radar,0,10,10,0,20,0,11,12,0,23,0,21,22,0,43,40,0,40,83
08/14/2021,LCH,LA,ASW,CE,Combined TRACON& Tower with Radar,0,8,12,0,20,0,12,13,2,27,0,20,25,2,47,30,0,30,77
08/15/2021,LCH,LA,ASW,CE,Combined TRACON& Tower with Radar,0,9,10,0,19,0,9,19,0,28,0,18,29,0,47,8,0,8,55
08/16/2021,LCH,LA,ASW,CE,Combined TRACON& Tower with Radar,0,10,6,2,18,0,19,8,0,27,0,29,14,2,45,36,0,36,81
08/17/2021,LCH,LA,ASW,CE,Combined TRACON& Tower with Radar,0,11,12,0,23,0,12,9,0,21,0,23,21,0,44,46,0,46,90
08/18/2021,LCH,LA,ASW,CE,Combined TRACON& Tower with Radar,0,16,2,0,18,0,19,7,0,26,0,35,9,0,44,26,0,26,70
08/19/2021,LCH,LA,ASW,CE,Combined TRACON& Tower with Radar,0,12,16,6,34,0,17,10,0,27,0,29,26,6,61,4,0,4,65
08/20/2021,LCH,LA,ASW,CE,Combined TRACON& Tower with Radar,0,9,12,0,21,0,19,23,0,42,0,28,35,0,63,22,0,22,85
08/21/2021,LCH,LA,ASW,CE,Combined TRACON& Tower with Radar,0,9,4,0,13,0,14,17,0,31,0,23,21,0,44,2,0,2,46
08/22/2021,LCH,LA,ASW,CE,Combined TRACON& Tower with Radar,0,9,4,2,15,0,4,13,0,17,0,13,17,2,32,37,0,37,69
08/23/2021,LCH,LA,ASW,CE,Combined TRACON& Tower with Radar,0,9,7,0,16,0,9,22,0,31,0,18,29,0,47,8,0,8,55
08/24/2021,LCH,LA,ASW,CE,Combined TRACON& Tower with Radar,0,12,5,0,17,0,11,11,2,24,0,23,16,2,41,10,0,10,51
08/25/2021,LCH,LA,ASW,CE,Combined TRACON& Tower with Radar,0,10,12,0,22,0,16,19,0,35,0,26,31,0,57,12,0,12,69
08/26/2021,LCH,LA,ASW,CE,Combined TRACON& Tower with Radar,0,19,10,0,29,0,19,4,2,25,0,38,14,2,54,22,0,22,76
08/27/2021,LCH,LA,ASW,CE,Combined TRACON& Tower with Radar,0,13,8,0,21,0,38,13,0,51,0,51,21,0,72,5,0,5,77
08/28/2021,LCH,LA,ASW,CE,Combined TRACON& Tower with Radar,0,20,6,0,26,0,28,5,0,33,0,48,11,0,59,1,0,1,60
08/29/2021,LCH,LA,ASW,CE,Combined TRACON& Tower with Radar,0,2,1,0,3,0,1,0,0,1,0,3,1,0,4,0,0,0,4
08/30/2021,LCH,LA,ASW,CE,Combined TRACON& Tower with Radar,0,1,6,0,7,0,17,14,1,32,0,18,20,1,39,16,0,16,55
08/31/2021,LCH,LA,ASW,CE,Combined TRACON& Tower with Radar,0,13,6,0,19,0,37,13,2,52,0,50,19,2,71,14,0,14,85
09/01/2021,LCH,LA,ASW,CE,Combined TRACON& Tower with Radar,0,15,6,0,21,0,35,24,3,62,0,50,30,3,83,3,0,3,86
09/02/2021,LCH,LA,ASW,CE,Combined TRACON& Tower with Radar,0,13,5,0,18,0,46,30,0,76,0,59,35,0,94,64,0,64,158
09/03/2021,LCH,LA,ASW,CE,Combined TRACON& Tower with Radar,0,18,5,0,23,0,27,31,0,58,0,45,36,0,81,19,0,19,100
09/04/2021,LCH,LA,ASW,CE,Combined TRACON& Tower with Radar,0,9,7,1,17,0,38,21,0,59,0,47,28,1,76,3,0,3,79
09/05/2021,LCH,LA,ASW,CE,Combined TRACON& Tower with Radar,0,14,9,0,23,0,13,13,1,27,0,27,22,1,50,25,0,25,75
09/06/2021,LCH,LA,ASW,CE,Combined TRACON& Tower with Radar,0,21,13,0,34,0,15,9,0,24,0,36,22,0,58,37,0,37,95
09/07/2021,LCH,LA,ASW,CE,Combined TRACON& Tower with Radar,0,19,4,0,23,0,37,10,0,47,0,56,14,0,70,28,0,28,98
09/08/2021,LCH,LA,ASW,CE,Combined TRACON& Tower with Radar,0,20,9,0,29,0,39,31,0,70,0,59,40,0,99,4,0,4,103
09/09/2021,LCH,LA,ASW,CE,Combined TRACON& Tower with Radar,0,17,6,2,25,0,32,21,1,54,0,49,27,3,79,32,0,32,111
09/10/2021,LCH,LA,ASW,CE,Combined TRACON& Tower with Radar,0,20,10,7,37,0,47,29,0,76,0,67,39,7,113,18,0,18,131
09/11/2021,LCH,LA,ASW,CE,Combined TRACON& Tower with Radar,0,13,6,2,21,0,23,23,0,46,0,36,29,2,67,0,0,0,67
09/12/2021,LCH,LA,ASW,CE,Combined TRACON& Tower with Radar,0,21,12,0,33,0,29,8,0,37,0,50,20,0,70,0,0,0,70
09/13/2021,LCH,LA,ASW,CE,Combined TRACON& Tower with Radar,0,24,7,0,31,0,13,1,0,14,0,37,8,0,45,0,0,0,45
09/14/2021,LCH,LA,ASW,CE,Combined TRACON& Tower with Radar,0,4,0,0,4,0,0,0,0,0,0,4,0,0,4,0,0,0,4
09/15/2021,LCH,LA,ASW,CE,Combined TRACON& Tower with Radar,0,38,10,1,49,0,4,0,0,4,0,42,10,1,53,0,0,0,53
09/16/2021,LCH,LA,ASW,CE,Combined TRACON& Tower with Radar,0,54,6,2,62,0,4,1,0,5,0,58,7,2,67,14,0,14,81
09/17/2021,LCH,LA,ASW,CE,Combined TRACON& Tower with Radar,0,37,14,2,53,0,13,4,0,17,0,50,18,2,70,32,0,32,102
09/18/2021,LCH,LA,ASW,CE,Combined TRACON& Tower with Radar,2,17,23,0,42,0,28,8,0,36,2,45,31,0,78,20,0,20,98
09/19/2021,LCH,LA,ASW,CE,Combined TRACON& Tower with Radar,0,23,9,0,32,0,25,6,0,31,0,48,15,0,63,66,0,66,129
09/20/2021,LCH,LA,ASW,CE,Combined TRACON& Tower with Radar,0,17,14,0,31,0,31,11,1,43,0,48,25,1,74,40,0,40,114
09/21/2021,LCH,LA,ASW,CE,Combined TRACON& Tower with Radar,0,20,12,0,32,0,43,15,0,58,0,63,27,0,90,22,0,22,112
09/22/2021,LCH,LA,ASW,CE,Combined TRACON& Tower with Radar,0,21,7,0,28,0,36,21,0,57,0,57,28,0,85,25,0,25,110
09/23/2021,LCH,LA,ASW,CE,Combined TRACON& Tower with Radar,0,16,5,11,32,0,35,26,2,63,0,51,31,13,95,25,0,25,120
09/24/2021,LCH,LA,ASW,CE,Combined TRACON& Tower with Radar,0,21,6,2,29,0,54,26,0,80,0,75,32,2,109,26,0,26,135
09/25/2021,LCH,LA,ASW,CE,Combined TRACON& Tower with Radar,0,17,8,0,25,0,27,24,0,51,0,44,32,0,76,12,0,12,88
09/26/2021,LCH,LA,ASW,CE,Combined TRACON& Tower with Radar,0,15,7,0,22,0,26,22,0,48,0,41,29,0,70,76,0,76,146
09/27/2021,LCH,LA,ASW,CE,Combined TRACON& Tower with Radar,0,20,11,4,35,0,29,24,0,53,0,49,35,4,88,28,0,28,116
09/28/2021,LCH,LA,ASW,CE,Combined TRACON& Tower with Radar,0,26,5,0,31,0,0,1,0,1,0,26,6,0,32,0,0,0,32
09/29/2021,LCH,LA,ASW,CE,Combined TRACON& Tower with Radar,0,27,6,0,33,0,15,4,0,19,0,42,10,0,52,10,0,10,62
09/30/2021,LCH,LA,ASW,CE,Combined TRACON& Tower with Radar,0,42,12,0,54,0,5,9,0,14,0,47,21,0,68,2,0,2,70
10/01/2021,LCH,LA,ASW,CE,Combined TRACON& Tower with Radar,0,35,6,0,41,0,13,4,0,17,0,48,10,0,58,4,0,4,62
10/02/2021,LCH,LA,ASW,CE,Combined TRACON& Tower with Radar,0,19,6,0,25,0,6,3,0,9,0,25,9,0,34,0,0,0,34
10/03/2021,LCH,LA,ASW,CE,Combined TRACON& Tower with Radar,0,27,11,5,43,0,5,6,0,11,0,32,17,5,54,0,0,0,54
10/04/2021,LCH,LA,ASW,CE,Combined TRACON& Tower with Radar,0,22,5,8,35,0,24,12,0,36,0,46,17,8,71,20,0,20,91
10/05/2021,LCH,LA,ASW,CE,Combined TRACON& Tower with Radar,2,19,2,0,23,0,39,21,0,60,2,58,23,0,83,6,0,6,89
10/06/2021,LCH,LA,ASW,CE,Combined TRACON& Tower with Radar,2,21,14,0,37,0,44,23,0,67,2,65,37,0,104,36,0,36,140
10/07/2021,LCH,LA,ASW,CE,Combined TRACON& Tower with Radar,2,17,13,0,32,0,33,21,0,54,2,50,34,0,86,37,0,37,123
10/08/2021,LCH,LA,ASW,CE,Combined TRACON& Tower with Radar,2,13,3,0,18,0,28,15,0,43,2,41,18,0,61,26,0,26,87
10/09/2021,LCH,LA,ASW,CE,Combined TRACON& Tower with Radar,0,15,9,1,25,0,11,19,0,30,0,26,28,1,55,56,0,56,111
10/10/2021,LCH,LA,ASW,CE,Combined TRACON& Tower with Radar,0,13,6,0,19,0,12,11,0,23,0,25,17,0,42,11,0,11,53
10/11/2021,LCH,LA,ASW,CE,Combined TRACON& Tower with Radar,2,19,7,0,28,0,20,16,0,36,2,39,23,0,64,16,0,16,80
10/12/2021,LCH,LA,ASW,CE,Combined TRACON& Tower with Radar,2,21,13,4,40,0,35,11,0,46,2,56,24,4,86,71,0,71,157
10/13/2021,LCH,LA,ASW,CE,Combined TRACON& Tower with Radar,2,14,13,2,31,0,30,6,0,36,2,44,19,2,67,10,0,10,77
10/14/2021,LCH,LA,ASW,CE,Combined TRACON& Tower with Radar,2,18,22,6,48,0,27,13,0,40,2,45,35,6,88,8,0,8,96
10/15/2021,LCH,LA,ASW,CE,Combined TRACON& Tower with Radar,4,22,6,4,36,0,20,9,0,29,4,42,15,4,65,23,0,23,88
10/16/2021,LCH,LA,ASW,CE,Combined TRACON& Tower with Radar,0,17,4,0,21,0,13,10,0,23,0,30,14,0,44,6,0,6,50
10/17/2021,LCH,LA,ASW,CE,Combined TRACON& Tower with Radar,0,18,13,2,33,0,19,17,3,39,0,37,30,5,72,19,0,19,91
10/18/2021,LCH,LA,ASW,CE,Combined TRACON& Tower with Radar,2,12,11,0,25,0,42,15,0,57,2,54,26,0,82,60,0,60,142
10/19/2021,LCH,LA,ASW,CE,Combined TRACON& Tower with Radar,2,16,14,0,32,0,45,17,0,62,2,61,31,0,94,30,0,30,124
10/20/2021,LCH,LA,ASW,CE,Combined TRACON& Tower with Radar,2,30,15,0,47,0,14,26,0,40,2,44,41,0,87,6,0,6,93
10/21/2021,LCH,LA,ASW,CE,Combined TRACON& Tower with Radar,2,26,8,0,36,0,19,14,0,33,2,45,22,0,69,0,0,0,69
10/22/2021,LCH,LA,ASW,CE,Combined TRACON& Tower with Radar,2,19,11,0,32,0,24,22,0,46,2,43,33,0,78,32,0,32,110
10/23/2021,LCH,LA,ASW,CE,Combined TRACON& Tower with Radar,0,20,8,0,28,0,6,10,0,16,0,26,18,0,44,12,0,12,56
10/24/2021,LCH,LA,ASW,CE,Combined TRACON& Tower with Radar,0,21,4,4,29,0,6,12,0,18,0,27,16,4,47,54,0,54,101
10/25/2021,LCH,LA,ASW,CE,Combined TRACON& Tower with Radar,2,22,5,2,31,0,13,13,0,26,2,35,18,2,57,2,0,2,59
10/26/2021,LCH,LA,ASW,CE,Combined TRACON& Tower with Radar,2,30,24,4,60,0,20,16,0,36,2,50,40,4,96,28,0,28,124
10/27/2021,LCH,LA,ASW,CE,Combined TRACON& Tower with Radar,2,24,4,0,30,0,2,3,0,5,2,26,7,0,35,0,0,0,35
10/28/2021,LCH,LA,ASW,CE,Combined TRACON& Tower with Radar,2,19,11,1,33,0,41,11,2,54,2,60,22,3,87,9,0,9,96
10/29/2021,LCH,LA,ASW,CE,Combined TRACON& Tower with Radar,2,13,7,8,30,0,19,8,0,27,2,32,15,8,57,9,0,9,66
10/30/2021,LCH,LA,ASW,CE,Combined TRACON& Tower with Radar,0,11,4,4,19,0,13,16,0,29,0,24,20,4,48,2,0,2,50
10/31/2021,LCH,LA,ASW,CE,Combined TRACON& Tower with Radar,0,12,9,0,21,0,16,22,0,38,0,28,31,0,59,16,0,16,75
11/01/2021,LCH,LA,ASW,CE,Combined TRACON& Tower with Radar,0,10,5,2,17,0,28,30,1,59,0,38,35,3,76,14,0,14,90
11/02/2021,LCH,LA,ASW,CE,Combined TRACON& Tower with Radar,0,19,10,0,29,0,29,9,2,40,0,48,19,2,69,12,0,12,81
11/03/2021,LCH,LA,ASW,CE,Combined TRACON& Tower with Radar,0,15,13,0,28,0,27,7,0,34,0,42,20,0,62,59,0,59,121
11/04/2021,LCH,LA,ASW,CE,Combined TRACON& Tower with Radar,0,33,18,2,53,0,7,8,0,15,0,40,26,2,68,11,0,11,79
11/05/2021,LCH,LA,ASW,CE,Combined TRACON& Tower with Radar,0,23,11,20,54,0,31,30,1,62,0,54,41,21,116,60,0,60,176
11/06/2021,LCH,LA,ASW,CE,Combined TRACON& Tower with Radar,0,14,11,4,29,0,8,19,0,27,0,22,30,4,56,36,0,36,92
11/07/2021,LCH,LA,ASW,CE,Combined TRACON& Tower with Radar,0,13,10,0,23,0,22,14,0,36,0,35,24,0,59,26,0,26,85
11/08/2021,LCH,LA,ASW,CE,Combined TRACON& Tower with Radar,0,14,7,0,21,0,26,26,0,52,0,40,33,0,73,4,0,4,77
11/09/2021,LCH,LA,ASW,CE,Combined TRACON& Tower with Radar,0,16,11,4,31,0,48,12,0,60,0,64,23,4,91,0,0,0,91
11/10/2021,LCH,LA,ASW,CE,Combined TRACON& Tower with Radar,0,28,6,2,36,0,44,8,0,52,0,72,14,2,88,39,0,39,127
11/11/2021,LCH,LA,ASW,CE,Combined TRACON& Tower with Radar,0,19,8,0,27,0,19,7,0,26,0,38,15,0,53,0,0,0,53
11/12/2021,LCH,LA,ASW,CE,Combined TRACON& Tower with Radar,0,22,9,0,31,0,24,8,0,32,0,46,17,0,63,5,0,5,68
11/13/2021,LCH,LA,ASW,CE,Combined TRACON& Tower with Radar,0,9,6,2,17,0,17,26,1,44,0,26,32,3,61,26,0,26,87
11/14/2021,LCH,LA,ASW,CE,Combined TRACON& Tower with Radar,0,15,8,0,23,0,26,13,0,39,0,41,21,0,62,18,0,18,80
11/15/2021,LCH,LA,ASW,CE,Combined TRACON& Tower with Radar,0,18,14,0,32,0,23,12,0,35,0,41,26,0,67,20,0,20,87
11/16/2021,LCH,LA,ASW,CE,Combined TRACON& Tower with Radar,0,20,14,2,36,0,45,15,0,60,0,65,29,2,96,5,0,5,101
11/17/2021,LCH,LA,ASW,CE,Combined TRACON& Tower with Radar,0,21,11,2,34,0,29,23,2,54,0,50,34,4,88,29,0,29,117
11/18/2021,LCH,LA,ASW,CE,Combined TRACON& Tower with Radar,0,39,24,2,65,0,4,1,1,6,0,43,25,3,71,0,0,0,71
11/19/2021,LCH,LA,ASW,CE,Combined TRACON& Tower with Radar,0,22,18,2,42,0,37,21,0,58,0,59,39,2,100,35,0,35,135
11/20/2021,LCH,LA,ASW,CE,Combined TRACON& Tower with Radar,0,13,18,10,41,0,17,26,0,43,0,30,44,10,84,28,0,28,112
11/21/2021,LCH,LA,ASW,CE,Combined TRACON& Tower with Radar,0,22,17,0,39,0,6,13,0,19,0,28,30,0,58,26,0,26,84
11/22/2021,LCH,LA,ASW,CE,Combined TRACON& Tower with Radar,2,23,17,6,48,0,27,16,0,43,2,50,33,6,91,10,0,10,101
11/23/2021,LCH,LA,ASW,CE,Combined TRACON& Tower with Radar,0,11,18,2,31,0,44,26,0,70,0,55,44,2,101,16,0,16,117
11/24/2021,LCH,LA,ASW,CE,Combined TRACON& Tower with Radar,0,15,16,2,33,0,40,14,0,54,0,55,30,2,87,4,0,4,91
11/25/2021,LCH,LA,ASW,CE,Combined TRACON& Tower with Radar,0,19,1,0,20,0,8,0,0,8,0,27,1,0,28,0,0,0,28
11/26/2021,LCH,LA,ASW,CE,Combined TRACON& Tower with Radar,0,15,7,3,25,0,28,25,0,53,0,43,32,3,78,8,1,9,87
11/27/2021,LCH,LA,ASW,CE,Combined TRACON& Tower with Radar,0,9,22,0,31,0,8,9,0,17,0,17,31,0,48,12,0,12,60
11/28/2021,LCH,LA,ASW,CE,Combined TRACON& Tower with Radar,0,13,22,2,37,0,5,10,0,15,0,18,32,2,52,30,0,30,82
11/29/2021,LCH,LA,ASW,CE,Combined TRACON& Tower with Radar,0,16,10,4,30,0,31,6,1,38,0,47,16,5,68,52,0,52,120
11/30/2021,LCH,LA,ASW,CE,Combined TRACON& Tower with Radar,0,13,7,2,22,0,38,8,0,46,0,51,15,2,68,34,0,34,102
12/01/2021,LCH,LA,ASW,CE,Combined TRACON& Tower with Radar,0,17,24,3,44,0,35,31,1,67,0,52,55,4,111,40,0,40,151
12/02/2021,LCH,LA,ASW,CE,Combined TRACON& Tower with Radar,0,16,9,2,27,0,32,11,0,43,0,48,20,2,70,2,0,2,72
12/03/2021,LCH,LA,ASW,CE,Combined TRACON& Tower with Radar,0,14,40,8,62,0,32,21,0,53,0,46,61,8,115,8,0,8,123
12/04/2021,LCH,LA,ASW,CE,Combined TRACON& Tower with Radar,0,13,19,12,44,0,9,20,0,29,0,22,39,12,73,44,1,45,118
12/05/2021,LCH,LA,ASW,CE,Combined TRACON& Tower with Radar,0,22,16,2,40,0,20,6,0,26,0,42,22,2,66,64,0,64,130
12/06/2021,LCH,LA,ASW,CE,Combined TRACON& Tower with Radar,0,27,6,0,33,0,9,1,0,10,0,36,7,0,43,0,0,0,43
12/07/2021,LCH,LA,ASW,CE,Combined TRACON& Tower with Radar,0,37,29,2,68,0,0,0,0,0,0,37,29,2,68,14,0,14,82
12/08/2021,LCH,LA,ASW,CE,Combined TRACON& Tower with Radar,0,49,21,0,70,0,17,4,0,21,0,66,25,0,91,44,0,44,135
12/09/2021,LCH,LA,ASW,CE,Combined TRACON& Tower with Radar,0,44,24,0,68,0,3,3,0,6,0,47,27,0,74,2,0,2,76
12/10/2021,LCH,LA,ASW,CE,Combined TRACON& Tower with Radar,0,38,20,24,82,0,6,3,0,9,0,44,23,24,91,0,0,0,91
12/11/2021,LCH,LA,ASW,CE,Combined TRACON& Tower with Radar,0,11,9,1,21,0,7,10,0,17,0,18,19,1,38,0,0,0,38
12/12/2021,LCH,LA,ASW,CE,Combined TRACON& Tower with Radar,0,12,12,7,31,0,22,32,0,54,0,34,44,7,85,0,0,0,85
12/13/2021,LCH,LA,ASW,CE,Combined TRACON& Tower with Radar,0,24,12,0,36,0,22,19,0,41,0,46,31,0,77,0,0,0,77
12/14/2021,LCH,LA,ASW,CE,Combined TRACON& Tower with Radar,0,31,8,4,43,0,20,2,0,22,0,51,10,4,65,4,0,4,69
12/15/2021,LCH,LA,ASW,CE,Combined TRACON& Tower with Radar,0,32,13,8,53,0,16,36,0,52,0,48,49,8,105,28,0,28,133
12/16/2021,LCH,LA,ASW,CE,Combined TRACON& Tower with Radar,0,27,11,6,44,0,23,8,0,31,0,50,19,6,75,16,0,16,91
12/17/2021,LCH,LA,ASW,CE,Combined TRACON& Tower with Radar,0,37,16,0,53,0,14,7,0,21,0,51,23,0,74,14,0,14,88
12/18/2021,LCH,LA,ASW,CE,Combined TRACON& Tower with Radar,0,22,2,0,24,0,0,0,0,0,0,22,2,0,24,0,0,0,24
12/19/2021,LCH,LA,ASW,CE,Combined TRACON& Tower with Radar,0,23,20,0,43,0,14,29,0,43,0,37,49,0,86,0,0,0,86
12/20/2021,LCH,LA,ASW,CE,Combined TRACON& Tower with Radar,0,31,4,0,35,0,7,8,0,15,0,38,12,0,50,18,0,18,68
12/21/2021,LCH,LA,ASW,CE,Combined TRACON& Tower with Radar,0,24,12,0,36,0,34,23,0,57,0,58,35,0,93,48,0,48,141
12/22/2021,LCH,LA,ASW,CE,Combined TRACON& Tower with Radar,0,15,12,1,28,0,33,25,0,58,0,48,37,1,86,14,0,14,100
12/23/2021,LCH,LA,ASW,CE,Combined TRACON& Tower with Radar,0,14,10,0,24,0,29,12,0,41,0,43,22,0,65,6,0,6,71
12/24/2021,LCH,LA,ASW,CE,Combined TRACON& Tower with Radar,0,10,9,0,19,0,9,7,0,16,0,19,16,0,35,0,0,0,35
12/25/2021,LCH,LA,ASW,CE,Combined TRACON& Tower with Radar,0,7,3,0,10,0,11,3,0,14,0,18,6,0,24,0,0,0,24
12/26/2021,LCH,LA,ASW,CE,Combined TRACON& Tower with Radar,0,9,19,2,30,0,4,10,0,14,0,13,29,2,44,18,0,18,62
12/27/2021,LCH,LA,ASW,CE,Combined TRACON& Tower with Radar,0,10,9,2,21,0,28,20,1,49,0,38,29,3,70,41,0,41,111
12/28/2021,LCH,LA,ASW,CE,Combined TRACON& Tower with Radar,0,20,17,11,48,0,28,8,1,37,0,48,25,12,85,31,0,31,116
12/29/2021,LCH,LA,ASW,CE,Combined TRACON& Tower with Radar,0,36,8,0,44,0,7,3,0,10,0,43,11,0,54,0,0,0,54
12/30/2021,LCH,LA,ASW,CE,Combined TRACON& Tower with Radar,0,35,22,0,57,0,7,5,0,12,0,42,27,0,69,6,0,6,75
12/31/2021,LCH,LA,ASW,CE,Combined TRACON& Tower with Radar,0,25,14,0,39,0,8,2,0,10,0,33,16,0,49,0,0,0,49
01/01/2022,LCH,LA,ASW,CE,Combined TRACON& Tower with Radar,0,12,4,0,16,0,4,2,0,6,0,16,6,0,22,0,0,0,22
01/02/2022,LCH,LA,ASW,CE,Combined TRACON& Tower with Radar,0,21,19,0,40,0,8,6,0,14,0,29,25,0,54,0,0,0,54
01/03/2022,LCH,LA,ASW,CE,Combined TRACON& Tower with Radar,0,9,5,2,16,0,29,23,1,53,0,38,28,3,69,6,0,6,75
01/04/2022,LCH,LA,ASW,CE,Combined TRACON& Tower with Radar,0,7,6,2,15,0,36,20,0,56,0,43,26,2,71,21,0,21,92
01/05/2022,LCH,LA,ASW,CE,Combined TRACON& Tower with Radar,0,10,9,6,25,0,36,15,0,51,0,46,24,6,76,92,0,92,168
01/06/2022,LCH,LA,ASW,CE,Combined TRACON& Tower with Radar,0,41,13,4,58,0,14,7,0,21,0,55,20,4,79,0,0,0,79
01/07/2022,LCH,LA,ASW,CE,Combined TRACON& Tower with Radar,0,22,15,0,37,0,22,11,0,33,0,44,26,0,70,72,0,72,142
01/08/2022,LCH,LA,ASW,CE,Combined TRACON& Tower with Radar,0,16,2,0,18,0,0,0,0,0,0,16,2,0,18,18,0,18,36
01/09/2022,LCH,LA,ASW,CE,Combined TRACON& Tower with Radar,0,12,3,0,15,0,9,1,0,10,0,21,4,0,25,0,0,0,25
01/10/2022,LCH,LA,ASW,CE,Combined TRACON& Tower with Radar,0,24,7,2,33,0,8,19,0,27,0,32,26,2,60,4,0,4,64
01/11/2022,LCH,LA,ASW,CE,Combined TRACON& Tower with Radar,0,17,11,0,28,0,34,17,0,51,0,51,28,0,79,34,0,34,113
01/12/2022,LCH,LA,ASW,CE,Combined TRACON& Tower with Radar,0,12,14,0,26,0,28,26,0,54,0,40,40,0,80,38,0,38,118
01/13/2022,LCH,LA,ASW,CE,Combined TRACON& Tower with Radar,0,12,15,2,29,0,31,17,0,48,0,43,32,2,77,50,0,50,127
01/14/2022,LCH,LA,ASW,CE,Combined TRACON& Tower with Radar,0,20,23,6,49,0,31,20,0,51,0,51,43,6,100,14,0,14,114
01/15/2022,LCH,LA,ASW,CE,Combined TRACON& Tower with Radar,0,9,6,0,15,0,7,5,0,12,0,16,11,0,27,20,0,20,47
01/16/2022,LCH,LA,ASW,CE,Combined TRACON& Tower with Radar,0,12,15,0,27,0,8,27,0,35,0,20,42,0,62,0,0,0,62
01/17/2022,LCH,LA,ASW,CE,Combined TRACON& Tower with Radar,0,10,17,1,28,0,16,32,0,48,0,26,49,1,76,30,0,30,106
01/18/2022,LCH,LA,ASW,CE,Combined TRACON& Tower with Radar,0,7,10,2,19,0,32,9,1,42,0,39,19,3,61,36,0,36,97
01/19/2022,LCH,LA,ASW,CE,Combined TRACON& Tower with Radar,0,20,17,0,37,0,9,8,0,17,0,29,25,0,54,26,0,26,80
01/20/2022,LCH,LA,ASW,CE,Combined TRACON& Tower with Radar,0,23,10,0,33,0,1,0,0,1,0,24,10,0,34,0,0,0,34
01/21/2022,LCH,LA,ASW,CE,Combined TRACON& Tower with Radar,0,12,20,0,32,0,2,21,0,23,0,14,41,0,55,40,0,40,95
01/22/2022,LCH,LA,ASW,CE,Combined TRACON& Tower with Radar,0,6,11,8,25,0,10,22,0,32,0,16,33,8,57,66,0,66,123
01/23/2022,LCH,LA,ASW,CE,Combined TRACON& Tower with Radar,0,13,21,0,34,0,12,20,0,32,0,25,41,0,66,80,0,80,146
01/24/2022,LCH,LA,ASW,CE,Combined TRACON& Tower with Radar,0,16,5,0,21,0,5,4,1,10,0,21,9,1,31,4,0,4,35
01/25/2022,LCH,LA,ASW,CE,Combined TRACON& Tower with Radar,0,31,8,0,39,0,4,8,0,12,0,35,16,0,51,10,0,10,61
01/26/2022,LCH,LA,ASW,CE,Combined TRACON& Tower with Radar,0,9,5,0,14,0,17,17,0,34,0,26,22,0,48,62,0,62,110
01/27/2022,LCH,LA,ASW,CE,Combined TRACON& Tower with Radar,0,10,23,1,34,0,27,26,2,55,0,37,49,3,89,98,0,98,187
01/28/2022,LCH,LA,ASW,CE,Combined TRACON& Tower with Radar,0,12,13,0,25,0,16,18,1,35,0,28,31,1,60,32,0,32,92
01/29/2022,LCH,LA,ASW,CE,Combined TRACON& Tower with Radar,0,6,15,0,21,0,16,23,0,39,0,22,38,0,60,20,0,20,80
01/30/2022,LCH,LA,ASW,CE,Combined TRACON& Tower with Radar,0,11,14,0,25,0,10,28,0,38,0,21,42,0,63,32,0,32,95
01/31/2022,LCH,LA,ASW,CE,Combined TRACON& Tower with Radar,0,12,8,2,22,0,16,18,0,34,0,28,26,2,56,36,0,36,92
02/01/2022,LCH,LA,ASW,CE,Combined TRACON& Tower with Radar,0,16,10,1,27,0,1,4,0,5,0,17,14,1,32,48,0,48,80
02/02/2022,LCH,LA,ASW,CE,Combined TRACON& Tower with Radar,0,12,1,10,23,0,4,1,0,5,0,16,2,10,28,49,0,49,77
02/03/2022,LCH,LA,ASW,CE,Combined TRACON& Tower with Radar,0,5,2,0,7,0,0,0,0,0,0,5,2,0,7,0,0,0,7
02/04/2022,LCH,LA,ASW,CE,Combined TRACON& Tower with Radar,0,9,9,0,18,0,1,2,0,3,0,10,11,0,21,29,0,29,50
02/05/2022,LCH,LA,ASW,CE,Combined TRACON& Tower with Radar,0,8,13,5,26,0,5,18,1,24,0,13,31,6,50,35,0,35,85
02/06/2022,LCH,LA,ASW,CE,Combined TRACON& Tower with Radar,0,7,12,2,21,0,9,37,0,46,0,16,49,2,67,53,0,53,120
02/07/2022,LCH,LA,ASW,CE,Combined TRACON& Tower with Radar,0,14,15,0,29,0,11,18,0,29,0,25,33,0,58,44,0,44,102
02/08/2022,LCH,LA,ASW,CE,Combined TRACON& Tower with Radar,0,13,9,2,24,0,2,17,0,19,0,15,26,2,43,14,0,14,57
02/09/2022,LCH,LA,ASW,CE,Combined TRACON& Tower with Radar,0,15,9,0,24,0,12,26,0,38,0,27,35,0,62,40,0,40,102
02/10/2022,LCH,LA,ASW,CE,Combined TRACON& Tower with Radar,0,11,22,6,39,0,15,18,0,33,0,26,40,6,72,34,0,34,106
02/11/2022,LCH,LA,ASW,CE,Combined TRACON& Tower with Radar,0,11,22,2,35,0,8,16,0,24,0,19,38,2,59,46,0,46,105
02/12/2022,LCH,LA,ASW,CE,Combined TRACON& Tower with Radar,0,6,4,0,10,0,2,21,0,23,0,8,25,0,33,76,0,76,109
02/13/2022,LCH,LA,ASW,CE,Combined TRACON& Tower with Radar,0,9,8,4,21,0,9,23,0,32,0,18,31,4,53,27,0,27,80
02/14/2022,LCH,LA,ASW,CE,Combined TRACON& Tower with Radar,0,7,12,0,19,0,15,21,0,36,0,22,33,0,55,34,0,34,89
02/15/2022,LCH,LA,ASW,CE,Combined TRACON& Tower with Radar,0,9,16,0,25,0,22,15,0,37,0,31,31,0,62,27,0,27,89
02/16/2022,LCH,LA,ASW,CE,Combined TRACON& Tower with Radar,0,10,3,8,21,0,21,3,0,24,0,31,6,8,45,22,0,22,67
02/17/2022,LCH,LA,ASW,CE,Combined TRACON& Tower with Radar,0,11,7,0,18,0,1,1,0,2,0,12,8,0,20,33,0,33,53
02/18/2022,LCH,LA,ASW,CE,Combined TRACON& Tower with Radar,0,9,17,4,30,0,9,17,0,26,0,18,34,4,56,10,0,10,66
02/19/2022,LCH,LA,ASW,CE,Combined TRACON& Tower with Radar,0,9,14,2,25,0,6,35,0,41,0,15,49,2,66,82,0,82,148
02/20/2022,LCH,LA,ASW,CE,Combined TRACON& Tower with Radar,0,11,9,0,20,0,7,16,0,23,0,18,25,0,43,90,0,90,133
02/21/2022,LCH,LA,ASW,CE,Combined TRACON& Tower with Radar,0,14,15,16,45,0,5,0,0,5,0,19,15,16,50,18,0,18,68
02/22/2022,LCH,LA,ASW,CE,Combined TRACON& Tower with Radar,0,16,5,0,21,0,3,4,0,7,0,19,9,0,28,10,0,10,38
02/23/2022,LCH,LA,ASW,CE,Combined TRACON& Tower with Radar,0,7,7,2,16,0,0,0,0,0,0,7,7,2,16,0,0,0,16
02/24/2022,LCH,LA,ASW,CE,Combined TRACON& Tower with Radar,0,13,2,0,15,0,0,6,0,6,0,13,8,0,21,38,0,38,59
02/25/2022,LCH,LA,ASW,CE,Combined TRACON& Tower with Radar,0,11,11,4,26,0,5,1,0,6,0,16,12,4,32,22,0,22,54
02/26/2022,LCH,LA,ASW,CE,Combined TRACON& Tower with Radar,0,23,10,0,33,0,1,0,0,1,0,24,10,0,34,0,0,0,34
02/27/2022,LCH,LA,ASW,CE,Combined TRACON& Tower with Radar,0,12,9,0,21,0,2,9,0,11,0,14,18,0,32,4,0,4,36
02/28/2022,LCH,LA,ASW,CE,Combined TRACON& Tower with Radar,0,9,11,0,20,0,22,27,0,49,0,31,38,0,69,46,0,46,115
03/01/2022,LCH,LA,ASW,CE,Combined TRACON& Tower with Radar,0,10,17,0,27,0,12,19,0,31,0,22,36,0,58,17,0,17,75
03/02/2022,LCH,LA,ASW,CE,Combined TRACON& Tower with Radar,0,11,23,2,36,0,14,26,0,40,0,25,49,2,76,46,0,46,122
03/03/2022,LCH,LA,ASW,CE,Combined TRACON& Tower with Radar,0,9,29,0,38,0,24,26,0,50,0,33,55,0,88,38,0,38,126
03/04/2022,LCH,LA,ASW,CE,Combined TRACON& Tower with Radar,0,10,9,13,32,0,15,14,1,30,0,25,23,14,62,10,0,10,72
03/05/2022,LCH,LA,ASW,CE,Combined TRACON& Tower with Radar,0,9,17,0,26,0,9,21,0,30,0,18,38,0,56,36,0,36,92
03/06/2022,LCH,LA,ASW,CE,Combined TRACON& Tower with Radar,0,8,5,2,15,0,0,7,0,7,0,8,12,2,22,10,0,10,32
03/07/2022,LCH,LA,ASW,CE,Combined TRACON& Tower with Radar,0,11,20,6,37,0,2,8,0,10,0,13,28,6,47,29,0,29,76
03/08/2022,LCH,LA,ASW,CE,Combined TRACON& Tower with Radar,0,12,4,0,16,0,1,1,0,2,0,13,5,0,18,4,0,4,22
03/09/2022,LCH,LA,ASW,CE,Combined TRACON& Tower with Radar,0,9,10,0,19,0,13,22,0,35,0,22,32,0,54,59,0,59,113
03/10/2022,LCH,LA,ASW,CE,Combined TRACON& Tower with Radar,0,12,13,0,25,0,24,10,0,34,0,36,23,0,59,40,0,40,99
03/11/2022,LCH,LA,ASW,CE,Combined TRACON& Tower with Radar,0,9,4,6,19,0,2,4,0,6,0,11,8,6,25,0,0,0,25
03/12/2022,LCH,LA,ASW,CE,Combined TRACON& Tower with Radar,0,6,4,2,12,0,3,21,0,24,0,9,25,2,36,46,0,46,82
03/13/2022,LCH,LA,ASW,CE,Combined TRACON& Tower with Radar,0,7,16,0,23,0,14,15,0,29,0,21,31,0,52,22,0,22,74
03/14/2022,LCH,LA,ASW,CE,Combined TRACON& Tower with Radar,0,15,15,3,33,0,10,4,1,15,0,25,19,4,48,20,0,20,68
03/15/2022,LCH,LA,ASW,CE,Combined TRACON& Tower with Radar,0,9,11,0,20,0,13,22,0,35,0,22,33,0,55,60,0,60,115
03/16/2022,LCH,LA,ASW,CE,Combined TRACON& Tower with Radar,0,11,28,0,39,0,26,30,0,56,0,37,58,0,95,42,0,42,137
03/17/2022,LCH,LA,ASW,CE,Combined TRACON& Tower with Radar,0,11,25,0,36,0,5,15,0,20,0,16,40,0,56,12,0,12,68
03/18/2022,LCH,LA,ASW,CE,Combined TRACON& Tower with Radar,0,10,21,0,31,0,5,21,0,26,0,15,42,0,57,40,0,40,97
03/19/2022,LCH,LA,ASW,CE,Combined TRACON& Tower with Radar,0,8,7,0,15,0,13,34,0,47,0,21,41,0,62,16,0,16,78
03/20/2022,LCH,LA,ASW,CE,Combined TRACON& Tower with Radar,0,10,20,18,48,0,17,35,4,56,0,27,55,22,104,28,0,28,132
03/21/2022,LCH,LA,ASW,CE,Combined TRACON& Tower with Radar,0,12,20,0,32,0,10,2,0,12,0,22,22,0,44,0,0,0,44
03/22/2022,LCH,LA,ASW,CE,Combined TRACON& Tower with Radar,0,9,6,0,15,0,5,12,0,17,0,14,18,0,32,28,0,28,60
03/23/2022,LCH,LA,ASW,CE,Combined TRACON& Tower with Radar,0,13,24,4,41,0,9,36,2,47,0,22,60,6,88,28,0,28,116
03/24/2022,LCH,LA,ASW,CE,Combined TRACON& Tower with Radar,0,11,20,4,35,0,22,27,3,52,0,33,47,7,87,61,0,61,148
03/25/2022,LCH,LA,ASW,CE,Combined TRACON& Tower with Radar,0,14,12,0,26,0,5,21,2,28,0,19,33,2,54,8,0,8,62
03/26/2022,LCH,LA,ASW,CE,Combined TRACON& Tower with Radar,0,10,19,4,33,0,7,24,0,31,0,17,43,4,64,55,0,55,119
03/27/2022,LCH,LA,ASW,CE,Combined TRACON& Tower with Radar,0,9,23,8,40,0,2,33,0,35,0,11,56,8,75,9,0,9,84
03/28/2022,LCH,LA,ASW,CE,Combined TRACON& Tower with Radar,0,10,18,4,32,0,11,20,0,31,0,21,38,4,63,8,0,8,71
03/29/2022,LCH,LA,ASW,CE,Combined TRACON& Tower with Radar,0,14,11,5,30,0,8,4,0,12,0,22,15,5,42,0,0,0,42
03/30/2022,LCH,LA,ASW,CE,Combined TRACON& Tower with Radar,0,14,6,0,20,0,1,1,0,2,0,15,7,0,22,0,0,0,22
03/31/2022,LCH,LA,ASW,CE,Combined TRACON& Tower with Radar,0,10,9,2,21,0,17,24,0,41,0,27,33,2,62,0,0,0,62
04/01/2022,LCH,LA,ASW,CE,Combined TRACON& Tower with Radar,0,9,22,4,35,0,7,28,0,35,0,16,50,4,70,40,0,40,110
04/02/2022,LCH,LA,ASW,CE,Combined TRACON& Tower with Radar,0,9,11,8,28,0,8,16,0,24,0,17,27,8,52,54,0,54,106
04/03/2022,LCH,LA,ASW,CE,Combined TRACON& Tower with Radar,0,10,10,15,35,0,5,13,0,18,0,15,23,15,53,28,0,28,81
04/04/2022,LCH,LA,ASW,CE,Combined TRACON& Tower with Radar,0,10,15,4,29,0,11,9,0,20,0,21,24,4,49,0,0,0,49
04/05/2022,LCH,LA,ASW,CE,Combined TRACON& Tower with Radar,0,12,9,0,21,0,5,2,0,7,0,17,11,0,28,26,0,26,54
04/06/2022,LCH,LA,ASW,CE,Combined TRACON& Tower with Radar,0,19,8,4,31,0,11,8,0,19,0,30,16,4,50,6,0,6,56
04/07/2022,LCH,LA,ASW,CE,Combined TRACON& Tower with Radar,0,8,8,2,18,0,12,20,0,32,0,20,28,2,50,18,0,18,68
04/08/2022,LCH,LA,ASW,CE,Combined TRACON& Tower with Radar,0,10,8,6,24,0,13,24,0,37,0,23,32,6,61,46,0,46,107
04/09/2022,LCH,LA,ASW,CE,Combined TRACON& Tower with Radar,0,13,13,0,26,0,6,28,0,34,0,19,41,0,60,42,0,42,102
04/10/2022,LCH,LA,ASW,CE,Combined TRACON& Tower with Radar,0,11,10,9,30,0,2,10,0,12,0,13,20,9,42,12,0,12,54
04/11/2022,LCH,LA,ASW,CE,Combined TRACON& Tower with Radar,0,11,8,0,19,0,9,7,0,16,0,20,15,0,35,20,0,20,55
04/12/2022,LCH,LA,ASW,CE,Combined TRACON& Tower with Radar,0,12,7,3,22,0,4,2,0,6,0,16,9,3,28,26,0,26,54
04/13/2022,LCH,LA,ASW,CE,Combined TRACON& Tower with Radar,0,7,12,0,19,0,5,0,0,5,0,12,12,0,24,0,0,0,24
04/14/2022,LCH,LA,ASW,CE,Combined TRACON& Tower with Radar,0,10,8,2,20,0,4,22,0,26,0,14,30,2,46,27,0,27,73
04/15/2022,LCH,LA,ASW,CE,Combined TRACON& Tower with Radar,0,11,7,2,20,0,3,3,0,6,0,14,10,2,26,0,0,0,26
04/16/2022,LCH,LA,ASW,CE,Combined TRACON& Tower with Radar,0,11,5,0,16,0,1,9,0,10,0,12,14,0,26,11,0,11,37
04/17/2022,LCH,LA,ASW,CE,Combined TRACON& Tower with Radar,0,10,12,0,22,0,3,1,0,4,0,13,13,0,26,10,0,10,36
04/18/2022,LCH,LA,ASW,CE,Combined TRACON& Tower with Radar,0,11,9,0,20,0,15,19,0,34,0,26,28,0,54,38,0,38,92
04/19/2022,LCH,LA,ASW,CE,Combined TRACON& Tower with Radar,0,11,9,0,20,0,20,33,1,54,0,31,42,1,74,35,0,35,109
04/20/2022,LCH,LA,ASW,CE,Combined TRACON& Tower with Radar,0,13,10,2,25,0,17,12,0,29,0,30,22,2,54,31,0,31,85
04/21/2022,LCH,LA,ASW,CE,Combined TRACON& Tower with Radar,0,11,19,2,32,0,11,17,0,28,0,22,36,2,60,0,0,0,60
04/22/2022,LCH,LA,ASW,CE,Combined TRACON& Tower with Radar,0,9,16,2,27,0,9,12,0,21,0,18,28,2,48,36,0,36,84
04/23/2022,LCH,LA,ASW,CE,Combined TRACON& Tower with Radar,0,8,5,8,21,0,1,12,0,13,0,9,17,8,34,28,0,28,62
04/24/2022,LCH,LA,ASW,CE,Combined TRACON& Tower with Radar,0,7,9,8,24,0,3,1,0,4,0,10,10,8,28,36,0,36,64
04/25/2022,LCH,LA,ASW,CE,Combined TRACON& Tower with Radar,0,7,7,0,14,0,17,2,0,19,0,24,9,0,33,0,0,0,33
04/26/2022,LCH,LA,ASW,CE,Combined TRACON& Tower with Radar,0,12,24,0,36,0,22,19,0,41,0,34,43,0,77,10,0,10,87
04/27/2022,LCH,LA,ASW,CE,Combined TRACON& Tower with Radar,0,9,32,0,41,0,11,41,0,52,0,20,73,0,93,40,0,40,133
04/28/2022,LCH,LA,ASW,CE,Combined TRACON& Tower with Radar,0,10,22,2,34,0,11,39,0,50,0,21,61,2,84,12,0,12,96
04/29/2022,LCH,LA,ASW,CE,Combined TRACON& Tower with Radar,0,11,20,14,45,0,11,26,0,37,0,22,46,14,82,62,0,62,144
04/30/2022,LCH,LA,ASW,CE,Combined TRACON& Tower with Radar,0,9,9,0,18,0,8,16,0,24,0,17,25,0,42,50,0,50,92
05/01/2022,LCH,LA,ASW,CE,Combined TRACON& Tower with Radar,0,10,6,21,37,0,8,11,0,19,0,18,17,21,56,0,0,0,56
05/02/2022,LCH,LA,ASW,CE,Combined TRACON& Tower with Radar,0,8,14,10,32,0,13,12,0,25,0,21,26,10,57,0,0,0,57
05/03/2022,LCH,LA,ASW,CE,Combined TRACON& Tower with Radar,0,13,7,0,20,0,21,10,0,31,0,34,17,0,51,14,0,14,65
05/04/2022,LCH,LA,ASW,CE,Combined TRACON& Tower with Radar,0,10,21,7,38,0,13,16,0,29,0,23,37,7,67,52,0,52,119
05/05/2022,LCH,LA,ASW,CE,Combined TRACON& Tower with Radar,2,6,18,0,26,0,8,4,0,12,2,14,22,0,38,19,0,19,57
05/06/2022,LCH,LA,ASW,CE,Combined TRACON& Tower with Radar,2,7,13,4,26,0,13,24,0,37,2,20,37,4,63,48,0,48,111
05/07/2022,LCH,LA,ASW,CE,Combined TRACON& Tower with Radar,3,5,7,0,15,0,2,13,0,15,3,7,20,0,30,18,0,18,48
05/08/2022,LCH,LA,ASW,CE,Combined TRACON& Tower with Radar,3,5,14,2,24,0,5,11,0,16,3,10,25,2,40,12,0,12,52
05/09/2022,LCH,LA,ASW,CE,Combined TRACON& Tower with Radar,2,7,14,0,23,0,21,26,0,47,2,28,40,0,70,28,0,28,98
05/10/2022,LCH,LA,ASW,CE,Combined TRACON& Tower with Radar,3,10,17,6,36,0,20,35,0,55,3,30,52,6,91,66,0,66,157
05/11/2022,LCH,LA,ASW,CE,Combined TRACON& Tower with Radar,3,8,15,2,28,0,13,44,0,57,3,21,59,2,85,50,0,50,135
05/12/2022,LCH,LA,ASW,CE,Combined TRACON& Tower with Radar,3,6,6,0,15,0,13,23,0,36,3,19,29,0,51,20,0,20,71
05/13/2022,LCH,LA,ASW,CE,Combined TRACON& Tower with Radar,3,6,21,10,40,0,12,18,0,30,3,18,39,10,70,28,0,28,98
05/14/2022,LCH,LA,ASW,CE,Combined TRACON& Tower with Radar,3,6,10,0,19,0,10,23,0,33,3,16,33,0,52,22,0,22,74
05/15/2022,LCH,LA,ASW,CE,Combined TRACON& Tower with Radar,2,7,6,1,16,0,6,19,1,26,2,13,25,2,42,42,0,42,84
05/16/2022,LCH,LA,ASW,CE,Combined TRACON& Tower with Radar,3,5,14,4,26,0,25,16,0,41,3,30,30,4,67,30,0,30,97
05/17/2022,LCH,LA,ASW,CE,Combined TRACON& Tower with Radar,3,8,23,4,38,0,19,15,0,34,3,27,38,4,72,17,0,17,89
05/18/2022,LCH,LA,ASW,CE,Combined TRACON& Tower with Radar,3,6,18,2,29,0,22,12,2,36,3,28,30,4,65,10,0,10,75
05/19/2022,LCH,LA,ASW,CE,Combined TRACON& Tower with Radar,3,7,17,0,27,0,16,19,0,35,3,23,36,0,62,30,0,30,92
05/20/2022,LCH,LA,ASW,CE,Combined TRACON& Tower with Radar,3,5,8,2,18,0,28,13,0,41,3,33,21,2,59,20,0,20,79
05/21/2022,LCH,LA,ASW,CE,Combined TRACON& Tower with Radar,3,9,13,0,25,0,2,5,0,7,3,11,18,0,32,19,0,19,51
05/22/2022,LCH,LA,ASW,CE,Combined TRACON& Tower with Radar,3,6,11,4,24,0,2,4,0,6,3,8,15,4,30,0,0,0,30
05/23/2022,LCH,LA,ASW,CE,Combined TRACON& Tower with Radar,3,12,14,6,35,0,7,8,0,15,3,19,22,6,50,34,0,34,84
05/24/2022,LCH,LA,ASW,CE,Combined TRACON& Tower with Radar,4,11,4,0,19,0,2,0,0,2,4,13,4,0,21,0,0,0,21
05/25/2022,LCH,LA,ASW,CE,Combined TRACON& Tower with Radar,3,6,5,0,14,0,12,4,0,16,3,18,9,0,30,21,0,21,51
05/26/2022,LCH,LA,ASW,CE,Combined TRACON& Tower with Radar,3,8,9,0,20,0,19,20,0,39,3,27,29,0,59,8,0,8,67
05/27/2022,LCH,LA,ASW,CE,Combined TRACON& Tower with Radar,3,5,12,8,28,0,9,27,0,36,3,14,39,8,64,42,0,42,106
05/28/2022,LCH,LA,ASW,CE,Combined TRACON& Tower with Radar,3,5,9,0,17,0,5,25,0,30,3,10,34,0,47,21,0,21,68
05/29/2022,LCH,LA,ASW,CE,Combined TRACON& Tower with Radar,7,6,21,0,34,0,7,15,0,22,7,13,36,0,56,0,0,0,56
05/30/2022,LCH,LA,ASW,CE,Combined TRACON& Tower with Radar,3,5,3,2,13,0,11,13,0,24,3,16,16,2,37,0,0,0,37
05/31/2022,LCH,LA,ASW,CE,Combined TRACON& Tower with Radar,3,5,23,0,31,0,31,28,0,59,3,36,51,0,90,24,0,24,114
06/01/2022,LCH,LA,ASW,CE,Combined TRACON& Tower with Radar,1,5,11,0,17,0,27,14,0,41,1,32,25,0,58,4,0,4,62
06/02/2022,LCH,LA,ASW,CE,Combined TRACON& Tower with Radar,3,9,9,0,21,0,18,9,0,27,3,27,18,0,48,8,0,8,56
06/03/2022,LCH,LA,ASW,CE,Combined TRACON& Tower with Radar,1,10,10,4,25,0,16,11,0,27,1,26,21,4,52,32,0,32,84
06/04/2022,LCH,LA,ASW,CE,Combined TRACON& Tower with Radar,0,9,8,0,17,0,9,7,0,16,0,18,15,0,33,24,0,24,57
06/05/2022,LCH,LA,ASW,CE,Combined TRACON& Tower with Radar,0,9,9,8,26,0,14,28,0,42,0,23,37,8,68,78,0,78,146
06/06/2022,LCH,LA,ASW,CE,Combined TRACON& Tower with Radar,0,10,10,0,20,0,15,18,0,33,0,25,28,0,53,37,0,37,90
06/07/2022,LCH,LA,ASW,CE,Combined TRACON& Tower with Radar,0,24,20,4,48,0,0,26,0,26,0,24,46,4,74,58,0,58,132
06/08/2022,LCH,LA,ASW,CE,Combined TRACON& Tower with Radar,0,12,11,0,23,0,14,23,0,37,0,26,34,0,60,15,0,15,75
06/09/2022,LCH,LA,ASW,CE,Combined TRACON& Tower with Radar,0,10,10,8,28,0,14,20,0,34,0,24,30,8,62,38,0,38,100
06/10/2022,LCH,LA,ASW,CE,Combined TRACON& Tower with Radar,0,12,21,0,33,0,8,19,0,27,0,20,40,0,60,46,0,46,106
06/11/2022,LCH,LA,ASW,CE,Combined TRACON& Tower with Radar,0,10,9,0,19,0,2,21,0,23,0,12,30,0,42,2,0,2,44
06/12/2022,LCH,LA,ASW,CE,Combined TRACON& Tower with Radar,0,11,11,0,22,0,7,11,0,18,0,18,22,0,40,0,0,0,40
06/13/2022,LCH,LA,ASW,CE,Combined TRACON& Tower with Radar,0,10,13,0,23,0,16,12,0,28,0,26,25,0,51,40,0,40,91
06/14/2022,LCH,LA,ASW,CE,Combined TRACON& Tower with Radar,0,15,21,6,42,0,18,24,0,42,0,33,45,6,84,42,0,42,126
06/15/2022,LCH,LA,ASW,CE,Combined TRACON& Tower with Radar,0,10,23,0,33,0,21,31,0,52,0,31,54,0,85,10,0,10,95
06/16/2022,LCH,LA,ASW,CE,Combined TRACON& Tower with Radar,0,9,16,0,25,0,18,12,0,30,0,27,28,0,55,47,0,47,102
06/17/2022,LCH,LA,ASW,CE,Combined TRACON& Tower with Radar,0,9,13,3,25,0,6,12,2,20,0,15,25,5,45,27,0,27,72
06/18/2022,LCH,LA,ASW,CE,Combined TRACON& Tower with Radar,0,8,9,0,17,0,1,15,0,16,0,9,24,0,33,26,0,26,59
06/19/2022,LCH,LA,ASW,CE,Combined TRACON& Tower with Radar,0,9,7,0,16,0,4,19,0,23,0,13,26,0,39,38,0,38,77
06/20/2022,LCH,LA,ASW,CE,Combined TRACON& Tower with Radar,0,10,3,6,19,0,6,22,2,30,0,16,25,8,49,8,0,8,57
06/21/2022,LCH,LA,ASW,CE,Combined TRACON& Tower with Radar,0,9,1,0,10,0,20,7,0,27,0,29,8,0,37,8,0,8,45
06/22/2022,LCH,LA,ASW,CE,Combined TRACON& Tower with Radar,0,9,10,0,19,0,13,11,0,24,0,22,21,0,43,31,0,31,74
06/23/2022,LCH,LA,ASW,CE,Combined TRACON& Tower with Radar,0,15,11,6,32,0,10,16,0,26,0,25,27,6,58,20,4,24,82
06/24/2022,LCH,LA,ASW,CE,Combined TRACON& Tower with Radar,0,9,7,2,18,0,19,9,1,29,0,28,16,3,47,0,0,0,47
06/25/2022,LCH,LA,ASW,CE,Combined TRACON& Tower with Radar,0,10,10,0,20,0,5,18,0,23,0,15,28,0,43,0,0,0,43
06/26/2022,LCH,LA,ASW,CE,Combined TRACON& Tower with Radar,0,14,5,0,19,0,3,7,0,10,0,17,12,0,29,0,0,0,29
06/27/2022,LCH,LA,ASW,CE,Combined TRACON& Tower with Radar,0,9,15,2,26,0,10,11,0,21,0,19,26,2,47,14,0,14,61
06/28/2022,LCH,LA,ASW,CE,Combined TRACON& Tower with Radar,0,11,11,0,22,0,13,8,0,21,0,24,19,0,43,1,0,1,44
06/29/2022,LCH,LA,ASW,CE,Combined TRACON& Tower with Radar,0,9,14,0,23,0,9,15,0,24,0,18,29,0,47,26,0,26,73
06/30/2022,LCH,LA,ASW,CE,Combined TRACON& Tower with Radar,0,9,6,0,15,0,11,7,0,18,0,20,13,0,33,0,0,0,33
07/01/2022,LCH,LA,ASW,CE,Combined TRACON& Tower with Radar,0,9,3,0,12,0,0,0,0,0,0,9,3,0,12,0,0,0,12
07/02/2022,LCH,LA,ASW,CE,Combined TRACON& Tower with Radar,0,9,5,0,14,0,12,7,0,19,0,21,12,0,33,8,0,8,41
07/03/2022,LCH,LA,ASW,CE,Combined TRACON& Tower with Radar,0,9,10,0,19,0,9,19,0,28,0,18,29,0,47,14,0,14,61
07/04/2022,LCH,LA,ASW,CE,Combined TRACON& Tower with Radar,0,10,6,0,16,0,9,17,0,26,0,19,23,0,42,30,0,30,72
07/05/2022,LCH,LA,ASW,CE,Combined TRACON& Tower with Radar,0,10,7,0,17,0,18,14,0,32,0,28,21,0,49,0,0,0,49
07/06/2022,LCH,LA,ASW,CE,Combined TRACON& Tower with Radar,0,10,15,0,25,0,10,11,0,21,0,20,26,0,46,0,0,0,46
07/07/2022,LCH,LA,ASW,CE,Combined TRACON& Tower with Radar,0,9,17,6,32,0,14,21,0,35,0,23,38,6,67,40,0,40,107
07/08/2022,LCH,LA,ASW,CE,Combined TRACON& Tower with Radar,0,12,13,0,25,0,13,38,0,51,0,25,51,0,76,16,0,16,92
07/09/2022,LCH,LA,ASW,CE,Combined TRACON& Tower with Radar,0,9,4,0,13,0,7,37,0,44,0,16,41,0,57,2,0,2,59
07/10/2022,LCH,LA,ASW,CE,Combined TRACON& Tower with Radar,0,8,0,0,8,0,8,10,0,18,0,16,10,0,26,0,0,0,26
07/11/2022,LCH,LA,ASW,CE,Combined TRACON& Tower with Radar,0,10,9,0,19,0,15,24,1,40,0,25,33,1,59,24,0,24,83
07/12/2022,LCH,LA,ASW,CE,Combined TRACON& Tower with Radar,0,11,10,0,21,0,15,17,0,32,0,26,27,0,53,24,0,24,77
07/13/2022,LCH,LA,ASW,CE,Combined TRACON& Tower with Radar,0,8,23,2,33,0,14,18,0,32,0,22,41,2,65,12,0,12,77
07/14/2022,LCH,LA,ASW,CE,Combined TRACON& Tower with Radar,0,11,8,0,19,0,6,5,0,11,0,17,13,0,30,30,0,30,60
07/15/2022,LCH,LA,ASW,CE,Combined TRACON& Tower with Radar,0,10,23,0,33,0,9,31,0,40,0,19,54,0,73,12,0,12,85
07/16/2022,LCH,LA,ASW,CE,Combined TRACON& Tower with Radar,0,9,6,0,15,0,6,17,0,23,0,15,23,0,38,28,0,28,66
07/17/2022,LCH,LA,ASW,CE,Combined TRACON& Tower with Radar,0,9,8,0,17,0,4,20,0,24,0,13,28,0,41,20,0,20,61
07/18/2022,LCH,LA,ASW,CE,Combined TRACON& Tower with Radar,0,11,9,0,20,0,19,16,0,35,0,30,25,0,55,10,0,10,65
07/19/2022,LCH,LA,ASW,CE,Combined TRACON& Tower with Radar,0,12,9,2,23,0,16,8,0,24,0,28,17,2,47,4,0,4,51
07/20/2022,LCH,LA,ASW,CE,Combined TRACON& Tower with Radar,0,12,21,2,35,0,20,10,2,32,0,32,31,4,67,18,0,18,85
07/21/2022,LCH,LA,ASW,CE,Combined TRACON& Tower with Radar,0,14,21,2,37,0,13,12,0,25,0,27,33,2,62,55,0,55,117
07/22/2022,LCH,LA,ASW,CE,Combined TRACON& Tower with Radar,0,10,6,1,17,0,8,8,1,17,0,18,14,2,34,3,0,3,37
07/23/2022,LCH,LA,ASW,CE,Combined TRACON& Tower with Radar,0,9,4,0,13,0,3,6,0,9,0,12,10,0,22,10,0,10,32
07/24/2022,LCH,LA,ASW,CE,Combined TRACON& Tower with Radar,0,9,6,2,17,0,4,11,2,17,0,13,17,4,34,0,0,0,34
07/25/2022,LCH,LA,ASW,CE,Combined TRACON& Tower with Radar,0,11,9,0,20,0,12,8,0,20,0,23,17,0,40,6,0,6,46
07/26/2022,LCH,LA,ASW,CE,Combined TRACON& Tower with Radar,0,11,11,0,22,0,16,3,0,19,0,27,14,0,41,0,0,0,41
07/27/2022,LCH,LA,ASW,CE,Combined TRACON& Tower with Radar,0,9,6,0,15,0,19,8,0,27,0,28,14,0,42,16,0,16,58
07/28/2022,LCH,LA,ASW,CE,Combined TRACON& Tower with Radar,0,10,8,2,20,0,11,6,0,17,0,21,14,2,37,0,0,0,37
07/29/2022,LCH,LA,ASW,CE,Combined TRACON& Tower with Radar,0,11,4,0,15,0,13,6,0,19,0,24,10,0,34,0,0,0,34
07/30/2022,LCH,LA,ASW,CE,Combined TRACON& Tower with Radar,0,11,11,0,22,0,8,9,0,17,0,19,20,0,39,0,0,0,39
07/31/2022,LCH,LA,ASW,CE,Combined TRACON& Tower with Radar,0,9,4,0,13,0,2,14,0,16,0,11,18,0,29,0,0,0,29
08/01/2022,LCH,LA,ASW,CE,Combined TRACON& Tower with Radar,0,10,9,0,19,0,16,10,0,26,0,26,19,0,45,4,0,4,49
08/02/2022,LCH,LA,ASW,CE,Combined TRACON& Tower with Radar,0,11,14,0,25,0,19,10,0,29,0,30,24,0,54,0,0,0,54
08/03/2022,LCH,LA,ASW,CE,Combined TRACON& Tower with Radar,0,9,5,0,14,0,11,19,0,30,0,20,24,0,44,0,0,0,44
08/04/2022,LCH,LA,ASW,CE,Combined TRACON& Tower with Radar,0,9,9,0,18,0,6,12,0,18,0,15,21,0,36,0,0,0,36
08/05/2022,LCH,LA,ASW,CE,Combined TRACON& Tower with Radar,0,9,7,0,16,0,11,16,0,27,0,20,23,0,43,20,0,20,63
08/06/2022,LCH,LA,ASW,CE,Combined TRACON& Tower with Radar,0,9,11,2,22,0,5,23,0,28,0,14,34,2,50,0,0,0,50
08/07/2022,LCH,LA,ASW,CE,Combined TRACON& Tower with Radar,0,11,21,0,32,0,1,14,0,15,0,12,35,0,47,0,0,0,47
08/08/2022,LCH,LA,ASW,CE,Combined TRACON& Tower with Radar,0,10,13,0,23,0,11,15,0,26,0,21,28,0,49,0,0,0,49
08/09/2022,LCH,LA,ASW,CE,Combined TRACON& Tower with Radar,0,9,8,0,17,0,16,14,0,30,0,25,22,0,47,0,0,0,47
08/10/2022,LCH,LA,ASW,CE,Combined TRACON& Tower with Radar,0,8,7,0,15,0,10,12,0,22,0,18,19,0,37,10,0,10,47
08/11/2022,LCH,LA,ASW,CE,Combined TRACON& Tower with Radar,0,16,13,0,29,0,5,5,0,10,0,21,18,0,39,0,0,0,39
08/12/2022,LCH,LA,ASW,CE,Combined TRACON& Tower with Radar,0,13,21,0,34,0,11,6,0,17,0,24,27,0,51,9,0,9,60
08/13/2022,LCH,LA,ASW,CE,Combined TRACON& Tower with Radar,0,15,7,0,22,0,7,7,0,14,0,22,14,0,36,0,0,0,36
08/14/2022,LCH,LA,ASW,CE,Combined TRACON& Tower with Radar,0,9,13,0,22,0,5,18,2,25,0,14,31,2,47,15,0,15,62
08/15/2022,LCH,LA,ASW,CE,Combined TRACON& Tower with Radar,0,11,13,0,24,0,20,24,0,44,0,31,37,0,68,18,0,18,86
08/16/2022,LCH,LA,ASW,CE,Combined TRACON& Tower with Radar,4,11,11,0,26,0,23,28,0,51,4,34,39,0,77,24,0,24,101
08/17/2022,LCH,LA,ASW,CE,Combined TRACON& Tower with Radar,4,7,7,1,19,0,16,19,0,35,4,23,26,1,54,41,0,41,95
08/18/2022,LCH,LA,ASW,CE,Combined TRACON& Tower with Radar,10,6,10,0,26,0,13,15,0,28,10,19,25,0,54,2,0,2,56
08/19/2022,LCH,LA,ASW,CE,Combined TRACON& Tower with Radar,5,6,22,0,33,0,6,23,0,29,5,12,45,0,62,22,0,22,84
08/20/2022,LCH,LA,ASW,CE,Combined TRACON& Tower with Radar,5,4,7,0,16,0,2,7,0,9,5,6,14,0,25,8,0,8,33
08/21/2022,LCH,LA,ASW,CE,Combined TRACON& Tower with Radar,3,4,4,0,11,0,2,14,0,16,3,6,18,0,27,10,0,10,37
08/22/2022,LCH,LA,ASW,CE,Combined TRACON& Tower with Radar,5,4,10,0,19,0,8,6,0,14,5,12,16,0,33,31,0,31,64
08/23/2022,LCH,LA,ASW,CE,Combined TRACON& Tower with Radar,5,10,9,0,24,0,4,5,0,9,5,14,14,0,33,7,0,7,40
08/24/2022,LCH,LA,ASW,CE,Combined TRACON& Tower with Radar,5,15,4,0,24,0,2,3,0,5,5,17,7,0,29,2,0,2,31
08/25/2022,LCH,LA,ASW,CE,Combined TRACON& Tower with Radar,7,8,8,0,23,0,13,4,0,17,7,21,12,0,40,28,0,28,68
08/26/2022,LCH,LA,ASW,CE,Combined TRACON& Tower with Radar,5,9,13,0,27,0,10,10,0,20,5,19,23,0,47,2,0,2,49
08/27/2022,LCH,LA,ASW,CE,Combined TRACON& Tower with Radar,7,6,7,0,20,0,19,11,1,31,7,25,18,1,51,34,0,34,85
08/28/2022,LCH,LA,ASW,CE,Combined TRACON& Tower with Radar,5,5,10,5,25,0,8,16,1,25,5,13,26,6,50,10,0,10,60
08/29/2022,LCH,LA,ASW,CE,Combined TRACON& Tower with Radar,5,11,7,0,23,0,17,11,0,28,5,28,18,0,51,4,0,4,55
08/30/2022,LCH,LA,ASW,CE,Combined TRACON& Tower with Radar,7,14,4,0,25,0,15,17,2,34,7,29,21,2,59,32,0,32,91
08/31/2022,LCH,LA,ASW,CE,Combined TRACON& Tower with Radar,5,5,23,0,33,0,17,30,0,47,5,22,53,0,80,58,0,58,138
09/01/2022,LCH,LA,ASW,CE,Combined TRACON& Tower with Radar,5,6,9,0,20,0,18,18,0,36,5,24,27,0,56,9,0,9,65
09/02/2022,LCH,LA,ASW,CE,Combined TRACON& Tower with Radar,7,5,8,0,20,0,13,22,1,36,7,18,30,1,56,25,0,25,81
09/03/2022,LCH,LA,ASW,CE,Combined TRACON& Tower with Radar,4,3,4,0,11,0,1,4,0,5,4,4,8,0,16,0,0,0,16
09/04/2022,LCH,LA,ASW,CE,Combined TRACON& Tower with Radar,3,4,6,0,13,0,0,5,0,5,3,4,11,0,18,0,0,0,18
09/05/2022,LCH,LA,ASW,CE,Combined TRACON& Tower with Radar,5,4,9,0,18,0,8,21,0,29,5,12,30,0,47,14,0,14,61
09/06/2022,LCH,LA,ASW,CE,Combined TRACON& Tower with Radar,5,4,11,0,20,0,7,8,0,15,5,11,19,0,35,26,0,26,61
09/07/2022,LCH,LA,ASW,CE,Combined TRACON& Tower with Radar,3,9,14,0,26,0,17,7,0,24,3,26,21,0,50,1,0,1,51
09/08/2022,LCH,LA,ASW,CE,Combined TRACON& Tower with Radar,3,8,13,0,24,0,27,16,0,43,3,35,29,0,67,10,0,10,77
09/09/2022,LCH,LA,ASW,CE,Combined TRACON& Tower with Radar,3,6,23,9,41,0,19,13,1,33,3,25,36,10,74,0,0,0,74
09/10/2022,LCH,LA,ASW,CE,Combined TRACON& Tower with Radar,3,7,10,0,20,0,4,26,0,30,3,11,36,0,50,20,0,20,70
09/11/2022,LCH,LA,ASW,CE,Combined TRACON& Tower with Radar,3,6,4,8,21,0,5,21,0,26,3,11,25,8,47,31,0,31,78
09/12/2022,LCH,LA,ASW,CE,Combined TRACON& Tower with Radar,3,7,20,0,30,0,14,24,0,38,3,21,44,0,68,14,0,14,82
09/13/2022,LCH,LA,ASW,CE,Combined TRACON& Tower with Radar,3,7,15,0,25,0,22,22,0,44,3,29,37,0,69,6,0,6,75
09/14/2022,LCH,LA,ASW,CE,Combined TRACON& Tower with Radar,3,11,13,0,27,0,17,37,0,54,3,28,50,0,81,34,0,34,115
09/15/2022,LCH,LA,ASW,CE,Combined TRACON& Tower with Radar,3,11,18,0,32,0,4,15,0,19,3,15,33,0,51,0,0,0,51
09/16/2022,LCH,LA,ASW,CE,Combined TRACON& Tower with Radar,3,8,12,0,23,0,11,17,0,28,3,19,29,0,51,5,0,5,56
09/17/2022,LCH,LA,ASW,CE,Combined TRACON& Tower with Radar,3,8,9,0,20,0,7,19,2,28,3,15,28,2,48,0,0,0,48
09/18/2022,LCH,LA,ASW,CE,Combined TRACON& Tower with Radar,3,6,14,0,23,0,9,10,0,19,3,15,24,0,42,40,8,48,90
09/19/2022,LCH,LA,ASW,CE,Combined TRACON& Tower with Radar,3,10,13,0,26,0,12,16,0,28,3,22,29,0,54,24,0,24,78
09/20/2022,LCH,LA,ASW,CE,Combined TRACON& Tower with Radar,3,6,17,0,26,0,16,26,0,42,3,22,43,0,68,6,0,6,74
09/21/2022,LCH,LA,ASW,CE,Combined TRACON& Tower with Radar,3,13,11,2,29,0,25,19,1,45,3,38,30,3,74,12,0,12,86
09/22/2022,LCH,LA,ASW,CE,Combined TRACON& Tower with Radar,3,6,26,0,35,0,12,8,0,20,3,18,34,0,55,16,0,16,71
09/23/2022,LCH,LA,ASW,CE,Combined TRACON& Tower with Radar,3,6,12,0,21,0,23,19,1,43,3,29,31,1,64,20,0,20,84
09/24/2022,LCH,LA,ASW,CE,Combined TRACON& Tower with Radar,3,7,12,6,28,0,10,21,0,31,3,17,33,6,59,19,0,19,78
09/25/2022,LCH,LA,ASW,CE,Combined TRACON& Tower with Radar,3,7,9,0,19,0,5,14,0,19,3,12,23,0,38,26,0,26,64
09/26/2022,LCH,LA,ASW,CE,Combined TRACON& Tower with Radar,3,6,12,6,27,0,16,17,0,33,3,22,29,6,60,20,0,20,80
09/27/2022,LCH,LA,ASW,CE,Combined TRACON& Tower with Radar,3,6,3,0,12,0,16,20,0,36,3,22,23,0,48,51,0,51,99
09/28/2022,LCH,LA,ASW,CE,Combined TRACON& Tower with Radar,3,6,8,0,17,0,11,20,0,31,3,17,28,0,48,22,0,22,70
09/29/2022,LCH,LA,ASW,CE,Combined TRACON& Tower with Radar,3,8,18,0,29,0,9,14,0,23,3,17,32,0,52,7,0,7,59
09/30/2022,LCH,LA,ASW,CE,Combined TRACON& Tower with Radar,3,6,10,4,23,0,16,31,0,47,3,22,41,4,70,40,0,40,110
10/01/2022,LCH,LA,ASW,CE,Combined TRACON& Tower with Radar,3,6,9,4,22,0,6,29,0,35,3,12,38,4,57,88,0,88,145
10/02/2022,LCH,LA,ASW,CE,Combined TRACON& Tower with Radar,3,6,8,0,17,0,1,18,0,19,3,7,26,0,36,14,0,14,50
10/03/2022,LCH,LA,ASW,CE,Combined TRACON& Tower with Radar,3,8,11,0,22,0,15,19,0,34,3,23,30,0,56,12,0,12,68
10/04/2022,LCH,LA,ASW,CE,Combined TRACON& Tower with Radar,3,9,19,0,31,0,17,26,0,43,3,26,45,0,74,23,0,23,97
10/05/2022,LCH,LA,ASW,CE,Combined TRACON& Tower with Radar,3,7,19,2,31,0,21,23,0,44,3,28,42,2,75,34,0,34,109
10/06/2022,LCH,LA,ASW,CE,Combined TRACON& Tower with Radar,5,4,8,0,17,0,22,20,0,42,5,26,28,0,59,6,0,6,65
10/07/2022,LCH,LA,ASW,CE,Combined TRACON& Tower with Radar,5,6,21,6,38,0,13,29,0,42,5,19,50,6,80,0,0,0,80
10/08/2022,LCH,LA,ASW,CE,Combined TRACON& Tower with Radar,5,5,9,0,19,0,8,8,0,16,5,13,17,0,35,4,0,4,39
10/09/2022,LCH,LA,ASW,CE,Combined TRACON& Tower with Radar,5,9,13,0,27,0,5,15,0,20,5,14,28,0,47,26,0,26,73
10/10/2022,LCH,LA,ASW,CE,Combined TRACON& Tower with Radar,5,9,5,0,19,0,7,18,0,25,5,16,23,0,44,4,0,4,48
10/11/2022,LCH,LA,ASW,CE,Combined TRACON& Tower with Radar,5,5,8,0,18,0,20,8,0,28,5,25,16,0,46,17,0,17,63
10/12/2022,LCH,LA,ASW,CE,Combined TRACON& Tower with Radar,7,13,24,0,44,0,7,7,0,14,7,20,31,0,58,0,0,0,58
10/13/2022,LCH,LA,ASW,CE,Combined TRACON& Tower with Radar,5,9,11,0,25,0,3,15,0,18,5,12,26,0,43,6,0,6,49
10/14/2022,LCH,LA,ASW,CE,Combined TRACON& Tower with Radar,5,5,16,0,26,0,11,32,0,43,5,16,48,0,69,28,0,28,97
10/15/2022,LCH,LA,ASW,CE,Combined TRACON& Tower with Radar,5,6,12,0,23,0,2,23,0,25,5,8,35,0,48,18,0,18,66
10/16/2022,LCH,LA,ASW,CE,Combined TRACON& Tower with Radar,5,6,12,4,27,0,11,19,0,30,5,17,31,4,57,79,0,79,136
10/17/2022,LCH,LA,ASW,CE,Combined TRACON& Tower with Radar,5,7,20,0,32,0,10,11,0,21,5,17,31,0,53,0,0,0,53
10/18/2022,LCH,LA,ASW,CE,Combined TRACON& Tower with Radar,5,6,14,0,25,0,14,20,0,34,5,20,34,0,59,10,0,10,69
10/19/2022,LCH,LA,ASW,CE,Combined TRACON& Tower with Radar,5,6,11,0,22,0,13,17,0,30,5,19,28,0,52,3,0,3,55
10/20/2022,LCH,LA,ASW,CE,Combined TRACON& Tower with Radar,5,6,20,0,31,0,16,19,0,35,5,22,39,0,66,0,0,0,66
10/21/2022,LCH,LA,ASW,CE,Combined TRACON& Tower with Radar,5,4,15,0,24,0,12,19,0,31,5,16,34,0,55,16,0,16,71
10/22/2022,LCH,LA,ASW,CE,Combined TRACON& Tower with Radar,6,4,12,0,22,0,11,25,0,36,6,15,37,0,58,12,0,12,70
10/23/2022,LCH,LA,ASW,CE,Combined TRACON& Tower with Radar,5,5,17,0,27,0,6,15,0,21,5,11,32,0,48,54,0,54,102
10/24/2022,LCH,LA,ASW,CE,Combined TRACON& Tower with Radar,5,4,17,0,26,0,13,14,2,29,5,17,31,2,55,19,0,19,74
10/25/2022,LCH,LA,ASW,CE,Combined TRACON& Tower with Radar,6,4,17,0,27,0,8,20,0,28,6,12,37,0,55,6,0,6,61
10/26/2022,LCH,LA,ASW,CE,Combined TRACON& Tower with Radar,5,4,33,0,42,0,14,40,0,54,5,18,73,0,96,18,0,18,114
10/27/2022,LCH,LA,ASW,CE,Combined TRACON& Tower with Radar,5,8,26,0,39,0,14,29,0,43,5,22,55,0,82,10,0,10,92
10/28/2022,LCH,LA,ASW,CE,Combined TRACON& Tower with Radar,5,13,31,0,49,0,1,0,0,1,5,14,31,0,50,0,0,0,50
10/29/2022,LCH,LA,ASW,CE,Combined TRACON& Tower with Radar,4,8,32,0,44,0,2,8,0,10,4,10,40,0,54,0,0,0,54
10/30/2022,LCH,LA,ASW,CE,Combined TRACON& Tower with Radar,5,6,24,0,35,0,4,18,0,22,5,10,42,0,57,18,0,18,75
10/31/2022,LCH,LA,ASW,CE,Combined TRACON& Tower with Radar,4,6,4,0,14,0,17,16,0,33,4,23,20,0,47,44,0,44,91
11/01/2022,LCH,LA,ASW,CE,Combined TRACON& Tower with Radar,5,6,9,0,20,0,7,0,0,7,5,13,9,0,27,0,0,0,27
11/02/2022,LCH,LA,ASW,CE,Combined TRACON& Tower with Radar,7,8,21,0,36,0,10,23,0,33,7,18,44,0,69,55,0,55,124
11/03/2022,LCH,LA,ASW,CE,Combined TRACON& Tower with Radar,5,8,24,0,37,0,18,33,0,51,5,26,57,0,88,54,0,54,142
11/04/2022,LCH,LA,ASW,CE,Combined TRACON& Tower with Radar,4,8,13,0,25,0,0,0,0,0,4,8,13,0,25,0,0,0,25
11/05/2022,LCH,LA,ASW,CE,Combined TRACON& Tower with Radar,5,4,6,0,15,0,4,28,0,32,5,8,34,0,47,31,0,31,78
11/06/2022,LCH,LA,ASW,CE,Combined TRACON& Tower with Radar,4,6,13,0,23,0,4,9,0,13,4,10,22,0,36,6,0,6,42
11/07/2022,LCH,LA,ASW,CE,Combined TRACON& Tower with Radar,5,8,18,0,31,0,6,13,0,19,5,14,31,0,50,2,0,2,52
11/08/2022,LCH,LA,ASW,CE,Combined TRACON& Tower with Radar,5,6,15,0,26,0,21,11,0,32,5,27,26,0,58,41,0,41,99
11/09/2022,LCH,LA,ASW,CE,Combined TRACON& Tower with Radar,5,6,23,0,34,0,13,13,0,26,5,19,36,0,60,17,0,17,77
11/10/2022,LCH,LA,ASW,CE,Combined TRACON& Tower with Radar,5,9,25,0,39,0,13,32,1,46,5,22,57,1,85,28,0,28,113
11/11/2022,LCH,LA,ASW,CE,Combined TRACON& Tower with Radar,5,14,16,0,35,0,7,21,0,28,5,21,37,0,63,10,0,10,73
11/12/2022,LCH,LA,ASW,CE,Combined TRACON& Tower with Radar,5,5,14,0,24,0,2,14,0,16,5,7,28,0,40,26,0,26,66
11/13/2022,LCH,LA,ASW,CE,Combined TRACON& Tower with Radar,5,10,18,0,33,0,4,26,0,30,5,14,44,0,63,26,0,26,89
11/14/2022,LCH,LA,ASW,CE,Combined TRACON& Tower with Radar,5,4,15,2,26,0,11,7,0,18,5,15,22,2,44,14,0,14,58
11/15/2022,LCH,LA,ASW,CE,Combined TRACON& Tower with Radar,5,10,28,2,45,0,3,5,0,8,5,13,33,2,53,10,0,10,63
11/16/2022,LCH,LA,ASW,CE,Combined TRACON& Tower with Radar,5,9,22,0,36,0,12,26,0,38,5,21,48,0,74,24,0,24,98
11/17/2022,LCH,LA,ASW,CE,Combined TRACON& Tower with Radar,5,9,19,0,33,0,13,23,0,36,5,22,42,0,69,50,0,50,119
11/18/2022,LCH,LA,ASW,CE,Combined TRACON& Tower with Radar,5,11,17,6,39,0,13,24,0,37,5,24,41,6,76,32,0,32,108
11/19/2022,LCH,LA,ASW,CE,Combined TRACON& Tower with Radar,5,4,3,0,12,0,0,3,0,3,5,4,6,0,15,36,0,36,51
11/20/2022,LCH,LA,ASW,CE,Combined TRACON& Tower with Radar,5,7,12,0,24,0,6,22,0,28,5,13,34,0,52,46,0,46,98
11/21/2022,LCH,LA,ASW,CE,Combined TRACON& Tower with Radar,5,8,13,0,26,0,7,12,0,19,5,15,25,0,45,10,0,10,55
11/22/2022,LCH,LA,ASW,CE,Combined TRACON& Tower with Radar,5,6,3,0,14,0,10,4,0,14,5,16,7,0,28,96,0,96,124
11/23/2022,LCH,LA,ASW,CE,Combined TRACON& Tower with Radar,5,7,14,0,26,0,15,19,0,34,5,22,33,0,60,14,0,14,74
11/24/2022,LCH,LA,ASW,CE,Combined TRACON& Tower with Radar,4,12,0,0,16,0,0,2,0,2,4,12,2,0,18,0,0,0,18
11/25/2022,LCH,LA,ASW,CE,Combined TRACON& Tower with Radar,8,14,11,0,33,0,0,0,0,0,8,14,11,0,33,0,0,0,33
11/26/2022,LCH,LA,ASW,CE,Combined TRACON& Tower with Radar,5,6,7,0,18,0,1,3,0,4,5,7,10,0,22,26,0,26,48
11/27/2022,LCH,LA,ASW,CE,Combined TRACON& Tower with Radar,3,4,18,0,25,0,5,23,0,28,3,9,41,0,53,0,0,0,53
11/28/2022,LCH,LA,ASW,CE,Combined TRACON& Tower with Radar,7,6,19,0,32,0,12,27,0,39,7,18,46,0,71,8,0,8,79
11/29/2022,LCH,LA,ASW,CE,Combined TRACON& Tower with Radar,6,18,10,0,34,0,0,2,0,2,6,18,12,0,36,0,0,0,36
11/30/2022,LCH,LA,ASW,CE,Combined TRACON& Tower with Radar,5,6,12,2,25,0,4,17,0,21,5,10,29,2,46,22,0,22,68
12/01/2022,LCH,LA,ASW,CE,Combined TRACON& Tower with Radar,5,3,12,2,22,0,10,26,0,36,5,13,38,2,58,34,0,34,92
12/02/2022,LCH,LA,ASW,CE,Combined TRACON& Tower with Radar,5,6,7,0,18,0,7,8,0,15,5,13,15,0,33,36,0,36,69
12/03/2022,LCH,LA,ASW,CE,Combined TRACON& Tower with Radar,5,2,10,0,17,0,4,9,0,13,5,6,19,0,30,68,0,68,98
12/04/2022,LCH,LA,ASW,CE,Combined TRACON& Tower with Radar,5,3,17,0,25,0,0,2,0,2,5,3,19,0,27,0,0,0,27
12/05/2022,LCH,LA,ASW,CE,Combined TRACON& Tower with Radar,5,7,8,0,20,0,2,3,0,5,5,9,11,0,25,0,0,0,25
12/06/2022,LCH,LA,ASW,CE,Combined TRACON& Tower with Radar,5,3,19,0,27,0,16,12,0,28,5,19,31,0,55,19,0,19,74
12/07/2022,LCH,LA,ASW,CE,Combined TRACON& Tower with Radar,5,7,10,0,22,0,4,3,0,7,5,11,13,0,29,29,0,29,58
12/08/2022,LCH,LA,ASW,CE,Combined TRACON& Tower with Radar,4,7,16,0,27,0,1,5,0,6,4,8,21,0,33,10,0,10,43
12/09/2022,LCH,LA,ASW,CE,Combined TRACON& Tower with Radar,4,5,13,0,22,0,2,8,0,10,4,7,21,0,32,0,0,0,32
12/10/2022,LCH,LA,ASW,CE,Combined TRACON& Tower with Radar,3,2,9,0,14,0,0,12,0,12,3,2,21,0,26,13,0,13,39
12/11/2022,LCH,LA,ASW,CE,Combined TRACON& Tower with Radar,7,4,12,0,23,0,1,5,0,6,7,5,17,0,29,2,0,2,31
12/12/2022,LCH,LA,ASW,CE,Combined TRACON& Tower with Radar,5,7,12,0,24,0,0,0,0,0,5,7,12,0,24,0,0,0,24
12/13/2022,LCH,LA,ASW,CE,Combined TRACON& Tower with Radar,5,5,3,0,13,0,8,1,0,9,5,13,4,0,22,0,0,0,22
12/14/2022,LCH,LA,ASW,CE,Combined TRACON& Tower with Radar,5,6,4,0,15,0,4,11,0,15,5,10,15,0,30,6,0,6,36
12/15/2022,LCH,LA,ASW,CE,Combined TRACON& Tower with Radar,5,5,9,0,19,0,18,37,0,55,5,23,46,0,74,48,0,48,122
12/16/2022,LCH,LA,ASW,CE,Combined TRACON& Tower with Radar,5,9,10,4,28,0,14,27,0,41,5,23,37,4,69,20,0,20,89
12/17/2022,LCH,LA,ASW,CE,Combined TRACON& Tower with Radar,5,5,7,0,17,0,4,25,0,29,5,9,32,0,46,32,0,32,78
12/18/2022,LCH,LA,ASW,CE,Combined TRACON& Tower with Radar,5,6,12,0,23,0,2,16,0,18,5,8,28,0,41,18,0,18,59
12/19/2022,LCH,LA,ASW,CE,Combined TRACON& Tower with Radar,5,4,4,0,13,0,8,1,0,9,5,12,5,0,22,0,0,0,22
12/20/2022,LCH,LA,ASW,CE,Combined TRACON& Tower with Radar,5,19,19,2,45,0,1,2,0,3,5,20,21,2,48,0,0,0,48
12/21/2022,LCH,LA,ASW,CE,Combined TRACON& Tower with Radar,5,9,14,0,28,0,0,0,0,0,5,9,14,0,28,0,0,0,28
12/22/2022,LCH,LA,ASW,CE,Combined TRACON& Tower with Radar,5,6,3,0,14,0,1,4,0,5,5,7,7,0,19,0,0,0,19
12/23/2022,LCH,LA,ASW,CE,Combined TRACON& Tower with Radar,5,6,8,0,19,0,1,8,0,9,5,7,16,0,28,12,0,12,40
12/24/2022,LCH,LA,ASW,CE,Combined TRACON& Tower with Radar,4,6,0,0,10,0,2,6,1,9,4,8,6,1,19,34,0,34,53
12/25/2022,LCH,LA,ASW,CE,Combined TRACON& Tower with Radar,4,4,0,0,8,0,1,5,0,6,4,5,5,0,14,0,0,0,14
12/26/2022,LCH,LA,ASW,CE,Combined TRACON& Tower with Radar,5,5,18,0,28,0,2,23,0,25,5,7,41,0,53,2,0,2,55
12/27/2022,LCH,LA,ASW,CE,Combined TRACON& Tower with Radar,5,4,9,2,20,0,16,18,0,34,5,20,27,2,54,18,0,18,72
12/28/2022,LCH,LA,ASW,CE,Combined TRACON& Tower with Radar,5,2,23,0,30,0,8,25,0,33,5,10,48,0,63,0,0,0,63
12/29/2022,LCH,LA,ASW,CE,Combined TRACON& Tower with Radar,5,3,11,0,19,0,11,1,0,12,5,14,12,0,31,0,0,0,31
12/30/2022,LCH,LA,ASW,CE,Combined TRACON& Tower with Radar,5,10,20,0,35,0,0,4,0,4,5,10,24,0,39,0,0,0,39
12/31/2022,LCH,LA,ASW,CE,Combined TRACON& Tower with Radar,6,5,12,0,23,0,1,6,0,7,6,6,18,0,30,29,0,29,59
01/01/2023,LCH,LA,ASW,CE,Combined TRACON& Tower with Radar,5,3,5,0,13,0,0,0,0,0,5,3,5,0,13,0,0,0,13
01/02/2023,LCH,LA,ASW,CE,Combined TRACON& Tower with Radar,2,7,16,0,25,0,3,0,0,3,2,10,16,0,28,0,0,0,28
01/03/2023,LCH,LA,ASW,CE,Combined TRACON& Tower with Radar,5,10,6,0,21,0,0,4,0,4,5,10,10,0,25,16,0,16,41
01/04/2023,LCH,LA,ASW,CE,Combined TRACON& Tower with Radar,5,4,16,2,27,0,20,26,0,46,5,24,42,2,73,0,0,0,73
01/05/2023,LCH,LA,ASW,CE,Combined TRACON& Tower with Radar,5,4,25,2,36,0,13,40,0,53,5,17,65,2,89,6,0,6,95
01/06/2023,LCH,LA,ASW,CE,Combined TRACON& Tower with Radar,5,4,13,8,30,0,15,39,0,54,5,19,52,8,84,18,0,18,102
01/07/2023,LCH,LA,ASW,CE,Combined TRACON& Tower with Radar,5,4,13,0,22,0,8,28,0,36,5,12,41,0,58,20,0,20,78
01/08/2023,LCH,LA,ASW,CE,Combined TRACON& Tower with Radar,5,6,21,0,32,0,0,3,0,3,5,6,24,0,35,0,0,0,35
01/09/2023,LCH,LA,ASW,CE,Combined TRACON& Tower with Radar,5,8,14,0,27,0,14,13,0,27,5,22,27,0,54,0,0,0,54
01/10/2023,LCH,LA,ASW,CE,Combined TRACON& Tower with Radar,5,9,16,0,30,0,16,10,0,26,5,25,26,0,56,22,0,22,78
01/11/2023,LCH,LA,ASW,CE,Combined TRACON& Tower with Radar,5,9,12,5,31,0,4,6,0,10,5,13,18,5,41,0,0,0,41
01/12/2023,LCH,LA,ASW,CE,Combined TRACON& Tower with Radar,5,7,15,5,32,0,8,12,1,21,5,15,27,6,53,10,0,10,63
01/13/2023,LCH,LA,ASW,CE,Combined TRACON& Tower with Radar,5,6,10,0,21,0,11,28,0,39,5,17,38,0,60,0,0,0,60
01/14/2023,LCH,LA,ASW,CE,Combined TRACON& Tower with Radar,4,6,20,0,30,0,8,34,0,42,4,14,54,0,72,15,0,15,87
01/15/2023,LCH,LA,ASW,CE,Combined TRACON& Tower with Radar,3,4,28,0,35,0,1,14,0,15,3,5,42,0,50,22,0,22,72
01/16/2023,LCH,LA,ASW,CE,Combined TRACON& Tower with Radar,5,4,10,0,19,0,12,9,0,21,5,16,19,0,40,0,0,0,40
01/17/2023,LCH,LA,ASW,CE,Combined TRACON& Tower with Radar,5,18,21,0,44,0,1,0,0,1,5,19,21,0,45,0,0,0,45
01/18/2023,LCH,LA,ASW,CE,Combined TRACON& Tower with Radar,5,10,18,0,33,0,5,3,1,9,5,15,21,1,42,0,0,0,42
01/19/2023,LCH,LA,ASW,CE,Combined TRACON& Tower with Radar,5,4,14,0,23,0,13,26,0,39,5,17,40,0,62,0,0,0,62
01/20/2023,LCH,LA,ASW,CE,Combined TRACON& Tower with Radar,5,4,30,2,41,0,18,17,0,35,5,22,47,2,76,20,0,20,96
01/21/2023,LCH,LA,ASW,CE,Combined TRACON& Tower with Radar,5,5,3,0,13,0,0,0,0,0,5,5,3,0,13,0,0,0,13
01/22/2023,LCH,LA,ASW,CE,Combined TRACON& Tower with Radar,5,9,26,3,43,0,2,33,0,35,5,11,59,3,78,6,0,6,84
01/23/2023,LCH,LA,ASW,CE,Combined TRACON& Tower with Radar,5,5,24,0,34,0,12,30,0,42,5,17,54,0,76,16,0,16,92
01/24/2023,LCH,LA,ASW,CE,Combined TRACON& Tower with Radar,5,3,2,0,10,0,2,2,0,4,5,5,4,0,14,0,0,0,14
01/25/2023,LCH,LA,ASW,CE,Combined TRACON& Tower with Radar,5,4,32,0,41,0,7,6,0,13,5,11,38,0,54,28,0,28,82
01/26/2023,LCH,LA,ASW,CE,Combined TRACON& Tower with Radar,5,4,13,2,24,0,24,29,0,53,5,28,42,2,77,0,0,0,77
01/27/2023,LCH,LA,ASW,CE,Combined TRACON& Tower with Radar,5,7,13,1,26,0,13,25,1,39,5,20,38,2,65,0,0,0,65
01/28/2023,LCH,LA,ASW,CE,Combined TRACON& Tower with Radar,5,9,4,0,18,0,3,12,0,15,5,12,16,0,33,0,0,0,33
01/29/2023,LCH,LA,ASW,CE,Combined TRACON& Tower with Radar,7,5,6,0,18,0,0,1,0,1,7,5,7,0,19,0,0,0,19
01/30/2023,LCH,LA,ASW,CE,Combined TRACON& Tower with Radar,3,6,8,0,17,0,0,1,0,1,3,6,9,0,18,0,0,0,18
01/31/2023,LCH,LA,ASW,CE,Combined TRACON& Tower with Radar,2,6,15,0,23,0,0,0,0,0,2,6,15,0,23,0,0,0,23
02/01/2023,LCH,LA,ASW,CE,Combined TRACON& Tower with Radar,0,6,10,0,16,0,0,0,0,0,0,6,10,0,16,0,0,0,16
02/02/2023,LCH,LA,ASW,CE,Combined TRACON& Tower with Radar,2,5,5,0,12,0,0,0,0,0,2,5,5,0,12,36,0,36,48
02/03/2023,LCH,LA,ASW,CE,Combined TRACON& Tower with Radar,5,5,9,4,23,0,14,32,0,46,5,19,41,4,69,0,0,0,69
02/04/2023,LCH,LA,ASW,CE,Combined TRACON& Tower with Radar,5,9,8,0,22,0,19,36,0,55,5,28,44,0,77,70,0,70,147
02/05/2023,LCH,LA,ASW,CE,Combined TRACON& Tower with Radar,5,9,18,0,32,0,16,27,0,43,5,25,45,0,75,33,0,33,108
02/06/2023,LCH,LA,ASW,CE,Combined TRACON& Tower with Radar,5,5,3,0,13,0,11,20,0,31,5,16,23,0,44,20,0,20,64
02/07/2023,LCH,LA,ASW,CE,Combined TRACON& Tower with Radar,5,8,15,2,30,0,18,11,0,29,5,26,26,2,59,16,0,16,75
02/08/2023,LCH,LA,ASW,CE,Combined TRACON& Tower with Radar,5,10,8,0,23,0,1,0,0,1,5,11,8,0,24,0,0,0,24
02/09/2023,LCH,LA,ASW,CE,Combined TRACON& Tower with Radar,5,9,18,0,32,0,10,33,0,43,5,19,51,0,75,36,0,36,111
02/10/2023,LCH,LA,ASW,CE,Combined TRACON& Tower with Radar,5,5,20,1,31,0,15,33,0,48,5,20,53,1,79,53,0,53,132
02/11/2023,LCH,LA,ASW,CE,Combined TRACON& Tower with Radar,5,11,4,0,20,0,1,0,0,1,5,12,4,0,21,22,0,22,43
02/12/2023,LCH,LA,ASW,CE,Combined TRACON& Tower with Radar,5,5,10,0,20,0,4,29,0,33,5,9,39,0,53,46,0,46,99
02/13/2023,LCH,LA,ASW,CE,Combined TRACON& Tower with Radar,5,7,25,4,41,0,12,29,0,41,5,19,54,4,82,52,0,52,134
02/14/2023,LCH,LA,ASW,CE,Combined TRACON& Tower with Radar,5,12,13,2,32,0,6,4,0,10,5,18,17,2,42,0,0,0,42
02/15/2023,LCH,LA,ASW,CE,Combined TRACON& Tower with Radar,5,11,15,2,33,0,2,2,0,4,5,13,17,2,37,0,0,0,37
02/16/2023,LCH,LA,ASW,CE,Combined TRACON& Tower with Radar,5,11,8,0,24,0,1,0,0,1,5,12,8,0,25,30,0,30,55
02/17/2023,LCH,LA,ASW,CE,Combined TRACON& Tower with Radar,5,4,11,0,20,0,14,21,0,35,5,18,32,0,55,0,0,0,55
02/18/2023,LCH,LA,ASW,CE,Combined TRACON& Tower with Radar,5,6,8,0,19,0,5,20,0,25,5,11,28,0,44,27,0,27,71
02/19/2023,LCH,LA,ASW,CE,Combined TRACON& Tower with Radar,5,4,6,0,15,0,5,14,0,19,5,9,20,0,34,8,0,8,42
02/20/2023,LCH,LA,ASW,CE,Combined TRACON& Tower with Radar,5,4,4,0,13,0,5,2,0,7,5,9,6,0,20,60,0,60,80
02/21/2023,LCH,LA,ASW,CE,Combined TRACON& Tower with Radar,5,11,0,0,16,0,5,0,0,5,5,16,0,0,21,1,0,1,22
02/22/2023,LCH,LA,ASW,CE,Combined TRACON& Tower with Radar,5,16,8,0,29,0,1,0,0,1,5,17,8,0,30,0,0,0,30
02/23/2023,LCH,LA,ASW,CE,Combined TRACON& Tower with Radar,5,13,14,0,32,0,6,4,0,10,5,19,18,0,42,0,0,0,42
02/24/2023,LCH,LA,ASW,CE,Combined TRACON& Tower with Radar,5,10,16,0,31,0,1,2,0,3,5,11,18,0,34,0,0,0,34
02/25/2023,LCH,LA,ASW,CE,Combined TRACON& Tower with Radar,5,6,12,0,23,0,1,6,0,7,5,7,18,0,30,44,0,44,74
02/26/2023,LCH,LA,ASW,CE,Combined TRACON& Tower with Radar,5,13,19,0,37,0,11,6,0,17,5,24,25,0,54,35,0,35,89
02/27/2023,LCH,LA,ASW,CE,Combined TRACON& Tower with Radar,5,11,20,0,36,0,3,3,0,6,5,14,23,0,42,1,2,3,45
02/28/2023,LCH,LA,ASW,CE,Combined TRACON& Tower with Radar,5,12,7,12,36,0,5,3,1,9,5,17,10,13,45,32,0,32,77
03/01/2023,LCH,LA,ASW,CE,Combined TRACON& Tower with Radar,5,12,8,0,25,16,8,5,1,30,21,20,13,1,55,0,0,0,55
03/02/2023,LCH,LA,ASW,CE,Combined TRACON& Tower with Radar,4,15,12,0,31,0,2,1,0,3,4,17,13,0,34,2,0,2,36
03/03/2023,LCH,LA,ASW,CE,Combined TRACON& Tower with Radar,5,5,9,1,20,0,8,27,0,35,5,13,36,1,55,10,0,10,65
03/04/2023,LCH,LA,ASW,CE,Combined TRACON& Tower with Radar,5,6,14,0,25,0,4,33,0,37,5,10,47,0,62,28,0,28,90
03/05/2023,LCH,LA,ASW,CE,Combined TRACON& Tower with Radar,5,4,12,0,21,0,6,45,0,51,5,10,57,0,72,16,0,16,88
03/06/2023,LCH,LA,ASW,CE,Combined TRACON& Tower with Radar,7,7,12,0,26,0,3,26,0,29,7,10,38,0,55,20,0,20,75
03/07/2023,LCH,LA,ASW,CE,Combined TRACON& Tower with Radar,5,11,31,2,49,0,3,23,0,26,5,14,54,2,75,13,0,13,88
03/08/2023,LCH,LA,ASW,CE,Combined TRACON& Tower with Radar,5,8,29,0,42,0,12,41,0,53,5,20,70,0,95,26,0,26,121
03/09/2023,LCH,LA,ASW,CE,Combined TRACON& Tower with Radar,3,11,14,1,29,0,16,29,1,46,3,27,43,2,75,18,0,18,93
03/10/2023,LCH,LA,ASW,CE,Combined TRACON& Tower with Radar,5,7,29,0,41,0,0,31,0,31,5,7,60,0,72,10,0,10,82
03/11/2023,LCH,LA,ASW,CE,Combined TRACON& Tower with Radar,5,8,22,0,35,0,4,38,0,42,5,12,60,0,77,28,0,28,105
03/12/2023,LCH,LA,ASW,CE,Combined TRACON& Tower with Radar,5,4,21,0,30,0,5,19,0,24,5,9,40,0,54,15,0,15,69
03/13/2023,LCH,LA,ASW,CE,Combined TRACON& Tower with Radar,5,7,12,0,24,0,10,24,0,34,5,17,36,0,58,0,0,0,58
03/14/2023,LCH,LA,ASW,CE,Combined TRACON& Tower with Radar,5,5,9,2,21,0,25,9,0,34,5,30,18,2,55,0,0,0,55
03/15/2023,LCH,LA,ASW,CE,Combined TRACON& Tower with Radar,5,6,17,2,30,0,20,104,0,124,5,26,121,2,154,81,0,81,235
03/16/2023,LCH,LA,ASW,CE,Combined TRACON& Tower with Radar,4,5,17,0,26,0,6,40,0,46,4,11,57,0,72,28,0,28,100
03/17/2023,LCH,LA,ASW,CE,Combined TRACON& Tower with Radar,3,6,6,0,15,0,4,3,0,7,3,10,9,0,22,0,0,0,22
03/18/2023,LCH,LA,ASW,CE,Combined TRACON& Tower with Radar,5,6,4,0,15,0,0,8,0,8,5,6,12,0,23,0,0,0,23
03/19/2023,LCH,LA,ASW,CE,Combined TRACON& Tower with Radar,5,5,7,0,17,0,6,24,0,30,5,11,31,0,47,0,0,0,47
03/20/2023,LCH,LA,ASW,CE,Combined TRACON& Tower with Radar,5,7,19,0,31,0,13,24,0,37,5,20,43,0,68,0,0,0,68
03/21/2023,LCH,LA,ASW,CE,Combined TRACON& Tower with Radar,5,6,17,0,28,0,19,15,0,34,5,25,32,0,62,0,0,0,62
03/22/2023,LCH,LA,ASW,CE,Combined TRACON& Tower with Radar,5,10,17,0,32,0,13,10,0,23,5,23,27,0,55,0,0,0,55
03/23/2023,LCH,LA,ASW,CE,Combined TRACON& Tower with Radar,5,14,9,0,28,0,5,1,0,6,5,19,10,0,34,0,0,0,34
03/24/2023,LCH,LA,ASW,CE,Combined TRACON& Tower with Radar,7,11,15,0,33,0,0,0,0,0,7,11,15,0,33,0,0,0,33
03/25/2023,LCH,LA,ASW,CE,Combined TRACON& Tower with Radar,5,6,11,0,22,0,7,29,0,36,5,13,40,0,58,0,0,0,58
03/26/2023,LCH,LA,ASW,CE,Combined TRACON& Tower with Radar,5,4,6,0,15,0,3,2,0,5,5,7,8,0,20,0,0,0,20
03/27/2023,LCH,LA,ASW,CE,Combined TRACON& Tower with Radar,5,12,10,0,27,0,1,12,0,13,5,13,22,0,40,0,0,0,40
03/28/2023,LCH,LA,ASW,CE,Combined TRACON& Tower with Radar,5,7,12,0,24,0,5,12,0,17,5,12,24,0,41,10,0,10,51
03/29/2023,LCH,LA,ASW,CE,Combined TRACON& Tower with Radar,5,4,14,1,24,0,19,27,1,47,5,23,41,2,71,6,0,6,77
03/30/2023,LCH,LA,ASW,CE,Combined TRACON& Tower with Radar,5,7,22,0,34,0,8,10,0,18,5,15,32,0,52,0,0,0,52
03/31/2023,LCH,LA,ASW,CE,Combined TRACON& Tower with Radar,5,7,9,0,21,0,2,3,0,5,5,9,12,0,26,0,0,0,26
04/01/2023,LCH,LA,ASW,CE,Combined TRACON& Tower with Radar,5,5,7,0,17,0,10,31,0,41,5,15,38,0,58,36,0,36,94
04/02/2023,LCH,LA,ASW,CE,Combined TRACON& Tower with Radar,5,6,15,2,28,0,0,8,0,8,5,6,23,2,36,18,0,18,54
04/03/2023,LCH,LA,ASW,CE,Combined TRACON& Tower with Radar,4,11,11,0,26,0,12,6,0,18,4,23,17,0,44,0,0,0,44
04/04/2023,LCH,LA,ASW,CE,Combined TRACON& Tower with Radar,5,14,12,2,33,0,7,7,0,14,5,21,19,2,47,0,0,0,47
04/05/2023,LCH,LA,ASW,CE,Combined TRACON& Tower with Radar,5,18,7,0,30,0,2,1,0,3,5,20,8,0,33,0,0,0,33
04/06/2023,LCH,LA,ASW,CE,Combined TRACON& Tower with Radar,5,10,4,0,19,0,0,0,0,0,5,10,4,0,19,0,0,0,19
04/07/2023,LCH,LA,ASW,CE,Combined TRACON& Tower with Radar,4,10,2,0,16,0,0,0,0,0,4,10,2,0,16,0,0,0,16
04/08/2023,LCH,LA,ASW,CE,Combined TRACON& Tower with Radar,5,8,8,0,21,0,0,0,0,0,5,8,8,0,21,0,0,0,21
04/09/2023,LCH,LA,ASW,CE,Combined TRACON& Tower with Radar,3,8,7,0,18,0,0,1,0,1,3,8,8,0,19,0,0,0,19
04/10/2023,LCH,LA,ASW,CE,Combined TRACON& Tower with Radar,5,8,17,2,32,0,13,21,0,34,5,21,38,2,66,27,0,27,93
04/11/2023,LCH,LA,ASW,CE,Combined TRACON& Tower with Radar,5,6,16,0,27,0,12,22,0,34,5,18,38,0,61,16,0,16,77
04/12/2023,LCH,LA,ASW,CE,Combined TRACON& Tower with Radar,5,8,8,4,25,0,13,28,2,43,5,21,36,6,68,0,0,0,68
04/13/2023,LCH,LA,ASW,CE,Combined TRACON& Tower with Radar,5,6,17,0,28,0,18,12,0,30,5,24,29,0,58,0,0,0,58
04/14/2023,LCH,LA,ASW,CE,Combined TRACON& Tower with Radar,5,5,15,2,27,0,7,12,0,19,5,12,27,2,46,32,0,32,78
04/15/2023,LCH,LA,ASW,CE,Combined TRACON& Tower with Radar,5,4,8,0,17,0,0,0,0,0,5,4,8,0,17,1,0,1,18
04/16/2023,LCH,LA,ASW,CE,Combined TRACON& Tower with Radar,3,6,14,0,23,0,7,29,0,36,3,13,43,0,59,0,0,0,59
04/17/2023,LCH,LA,ASW,CE,Combined TRACON& Tower with Radar,8,4,14,0,26,0,20,22,0,42,8,24,36,0,68,0,0,0,68
04/18/2023,LCH,LA,ASW,CE,Combined TRACON& Tower with Radar,5,9,8,0,22,0,14,13,0,27,5,23,21,0,49,1,0,1,50
04/19/2023,LCH,LA,ASW,CE,Combined TRACON& Tower with Radar,5,8,11,0,24,0,19,18,0,37,5,27,29,0,61,0,0,0,61
04/20/2023,LCH,LA,ASW,CE,Combined TRACON& Tower with Radar,2,6,12,0,20,0,16,10,0,26,2,22,22,0,46,6,0,6,52
04/21/2023,LCH,LA,ASW,CE,Combined TRACON& Tower with Radar,5,9,16,0,30,0,8,8,0,16,5,17,24,0,46,28,0,28,74
04/22/2023,LCH,LA,ASW,CE,Combined TRACON& Tower with Radar,5,7,7,0,19,0,16,36,0,52,5,23,43,0,71,6,0,6,77
04/23/2023,LCH,LA,ASW,CE,Combined TRACON& Tower with Radar,5,4,8,0,17,0,4,16,0,20,5,8,24,0,37,30,0,30,67
04/24/2023,LCH,LA,ASW,CE,Combined TRACON& Tower with Radar,5,10,12,0,27,0,14,21,0,35,5,24,33,0,62,52,0,52,114
04/25/2023,LCH,LA,ASW,CE,Combined TRACON& Tower with Radar,5,5,12,0,22,0,16,19,0,35,5,21,31,0,57,20,0,20,77
04/26/2023,LCH,LA,ASW,CE,Combined TRACON& Tower with Radar,3,6,22,0,31,0,22,9,0,31,3,28,31,0,62,10,0,10,72
04/27/2023,LCH,LA,ASW,CE,Combined TRACON& Tower with Radar,5,4,7,0,16,0,12,4,0,16,5,16,11,0,32,54,0,54,86
04/28/2023,LCH,LA,ASW,CE,Combined TRACON& Tower with Radar,5,7,11,2,25,0,28,30,2,60,5,35,41,4,85,14,0,14,99
04/29/2023,LCH,LA,ASW,CE,Combined TRACON& Tower with Radar,5,4,2,0,11,0,5,4,0,9,5,9,6,0,20,0,0,0,20
04/30/2023,LCH,LA,ASW,CE,Combined TRACON& Tower with Radar,5,8,7,0,20,0,7,14,2,23,5,15,21,2,43,1,0,1,44
05/01/2023,LCH,LA,ASW,CE,Combined TRACON& Tower with Radar,5,4,9,2,20,0,27,31,0,58,5,31,40,2,78,25,0,25,103
05/02/2023,LCH,LA,ASW,CE,Combined TRACON& Tower with Radar,5,11,17,0,33,0,21,30,0,51,5,32,47,0,84,20,0,20,104
05/03/2023,LCH,LA,ASW,CE,Combined TRACON& Tower with Radar,5,4,12,0,21,0,11,28,0,39,5,15,40,0,60,0,0,0,60
05/04/2023,LCH,LA,ASW,CE,Combined TRACON& Tower with Radar,5,4,11,2,22,0,11,17,0,28,5,15,28,2,50,12,0,12,62
05/05/2023,LCH,LA,ASW,CE,Combined TRACON& Tower with Radar,5,8,18,6,37,0,8,6,0,14,5,16,24,6,51,13,0,13,64
05/06/2023,LCH,LA,ASW,CE,Combined TRACON& Tower with Radar,5,8,19,0,32,0,4,6,0,10,5,12,25,0,42,0,0,0,42
05/07/2023,LCH,LA,ASW,CE,Combined TRACON& Tower with Radar,5,5,28,0,38,0,2,0,0,2,5,7,28,0,40,27,0,27,67
05/08/2023,LCH,LA,ASW,CE,Combined TRACON& Tower with Radar,5,13,11,0,29,0,1,4,0,5,5,14,15,0,34,10,0,10,44
05/09/2023,LCH,LA,ASW,CE,Combined TRACON& Tower with Radar,5,8,9,0,22,0,1,0,0,1,5,9,9,0,23,0,0,0,23
05/10/2023,LCH,LA,ASW,CE,Combined TRACON& Tower with Radar,5,13,7,0,25,0,0,0,0,0,5,13,7,0,25,0,0,0,25
05/11/2023,LCH,LA,ASW,CE,Combined TRACON& Tower with Radar,5,12,14,0,31,0,4,3,1,8,5,16,17,1,39,12,0,12,51
05/12/2023,LCH,LA,ASW,CE,Combined TRACON& Tower with Radar,5,11,16,2,34,0,7,14,0,21,5,18,30,2,55,19,0,19,74
05/13/2023,LCH,LA,ASW,CE,Combined TRACON& Tower with Radar,5,5,7,0,17,0,6,10,0,16,5,11,17,0,33,12,0,12,45
05/14/2023,LCH,LA,ASW,CE,Combined TRACON& Tower with Radar,7,2,18,0,27,0,3,10,0,13,7,5,28,0,40,0,0,0,40
05/15/2023,LCH,LA,ASW,CE,Combined TRACON& Tower with Radar,5,7,17,0,29,0,13,8,0,21,5,20,25,0,50,28,0,28,78
05/16/2023,LCH,LA,ASW,CE,Combined TRACON& Tower with Radar,6,7,20,0,33,0,16,30,0,46,6,23,50,0,79,26,0,26,105
05/17/2023,LCH,LA,ASW,CE,Combined TRACON& Tower with Radar,5,5,11,0,21,0,19,24,0,43,5,24,35,0,64,48,0,48,112
05/18/2023,LCH,LA,ASW,CE,Combined TRACON& Tower with Radar,5,8,12,6,31,0,22,21,0,43,5,30,33,6,74,14,0,14,88
05/19/2023,LCH,LA,ASW,CE,Combined TRACON& Tower with Radar,3,7,17,4,31,0,21,23,4,48,3,28,40,8,79,25,0,25,104
05/20/2023,LCH,LA,ASW,CE,Combined TRACON& Tower with Radar,5,4,8,0,17,0,8,13,5,26,5,12,21,5,43,8,0,8,51
05/21/2023,LCH,LA,ASW,CE,Combined TRACON& Tower with Radar,5,7,11,2,25,0,6,21,1,28,5,13,32,3,53,20,0,20,73
05/22/2023,LCH,LA,ASW,CE,Combined TRACON& Tower with Radar,5,6,13,0,24,0,18,28,0,46,5,24,41,0,70,0,0,0,70
05/23/2023,LCH,LA,ASW,CE,Combined TRACON& Tower with Radar,5,11,13,12,41,0,22,37,0,59,5,33,50,12,100,12,0,12,112
05/24/2023,LCH,LA,ASW,CE,Combined TRACON& Tower with Radar,5,9,18,0,32,0,28,22,0,50,5,37,40,0,82,50,0,50,132
05/25/2023,LCH,LA,ASW,CE,Combined TRACON& Tower with Radar,5,6,10,0,21,0,25,17,0,42,5,31,27,0,63,8,0,8,71
05/26/2023,LCH,LA,ASW,CE,Combined TRACON& Tower with Radar,5,10,11,0,26,0,15,15,0,30,5,25,26,0,56,6,0,6,62
05/27/2023,LCH,LA,ASW,CE,Combined TRACON& Tower with Radar,5,4,6,0,15,0,13,19,0,32,5,17,25,0,47,16,0,16,63
05/28/2023,LCH,LA,ASW,CE,Combined TRACON& Tower with Radar,5,4,4,0,13,0,13,16,0,29,5,17,20,0,42,26,0,26,68
05/29/2023,LCH,LA,ASW,CE,Combined TRACON& Tower with Radar,5,9,5,0,19,0,8,23,1,32,5,17,28,1,51,8,0,8,59
05/30/2023,LCH,LA,ASW,CE,Combined TRACON& Tower with Radar,5,4,10,0,19,0,18,20,0,38,5,22,30,0,57,6,0,6,63
05/31/2023,LCH,LA,ASW,CE,Combined TRACON& Tower with Radar,5,6,10,5,26,0,20,17,0,37,5,26,27,5,63,50,0,50,113
06/01/2023,LCH,LA,ASW,CE,Combined TRACON& Tower with Radar,5,5,24,0,34,0,11,29,0,40,5,16,53,0,74,30,0,30,104
06/02/2023,LCH,LA,ASW,CE,Combined TRACON& Tower with Radar,5,6,15,0,26,0,18,14,0,32,5,24,29,0,58,8,0,8,66
06/03/2023,LCH,LA,ASW,CE,Combined TRACON& Tower with Radar,5,7,12,0,24,0,6,16,0,22,5,13,28,0,46,8,0,8,54
06/04/2023,LCH,LA,ASW,CE,Combined TRACON& Tower with Radar,5,6,13,0,24,0,5,8,0,13,5,11,21,0,37,2,0,2,39
06/05/2023,LCH,LA,ASW,CE,Combined TRACON& Tower with Radar,5,8,21,0,34,0,9,28,0,37,5,17,49,0,71,10,0,10,81
06/06/2023,LCH,LA,ASW,CE,Combined TRACON& Tower with Radar,3,7,12,0,22,0,11,33,0,44,3,18,45,0,66,18,0,18,84
06/07/2023,LCH,LA,ASW,CE,Combined TRACON& Tower with Radar,3,8,13,0,24,0,19,21,0,40,3,27,34,0,64,0,0,0,64
06/08/2023,LCH,LA,ASW,CE,Combined TRACON& Tower with Radar,5,7,14,0,26,0,13,17,0,30,5,20,31,0,56,6,0,6,62
06/09/2023,LCH,LA,ASW,CE,Combined TRACON& Tower with Radar,5,8,16,5,34,0,13,18,0,31,5,21,34,5,65,54,0,54,119
06/10/2023,LCH,LA,ASW,CE,Combined TRACON& Tower with Radar,3,7,4,4,18,0,5,6,0,11,3,12,10,4,29,0,0,0,29
06/11/2023,LCH,LA,ASW,CE,Combined TRACON& Tower with Radar,5,9,15,0,29,0,11,14,0,25,5,20,29,0,54,10,0,10,64
06/12/2023,LCH,LA,ASW,CE,Combined TRACON& Tower with Radar,5,9,9,0,23,0,21,4,0,25,5,30,13,0,48,24,0,24,72
06/13/2023,LCH,LA,ASW,CE,Combined TRACON& Tower with Radar,3,6,12,0,21,0,20,25,0,45,3,26,37,0,66,32,0,32,98
06/14/2023,LCH,LA,ASW,CE,Combined TRACON& Tower with Radar,3,7,16,0,26,0,21,12,0,33,3,28,28,0,59,20,0,20,79
06/15/2023,LCH,LA,ASW,CE,Combined TRACON& Tower with Radar,5,10,10,2,27,0,12,15,4,31,5,22,25,6,58,14,0,14,72
06/16/2023,LCH,LA,ASW,CE,Combined TRACON& Tower with Radar,3,8,16,4,31,0,10,29,0,39,3,18,45,4,70,18,0,18,88
06/17/2023,LCH,LA,ASW,CE,Combined TRACON& Tower with Radar,5,7,11,0,23,0,13,26,0,39,5,20,37,0,62,10,0,10,72
06/18/2023,LCH,LA,ASW,CE,Combined TRACON& Tower with Radar,5,7,10,0,22,0,3,13,0,16,5,10,23,0,38,26,0,26,64
06/19/2023,LCH,LA,ASW,CE,Combined TRACON& Tower with Radar,5,6,20,2,33,0,11,22,0,33,5,17,42,2,66,2,0,2,68
06/20/2023,LCH,LA,ASW,CE,Combined TRACON& Tower with Radar,3,6,20,0,29,0,17,9,0,26,3,23,29,0,55,24,0,24,79
06/21/2023,LCH,LA,ASW,CE,Combined TRACON& Tower with Radar,3,6,10,0,19,0,21,10,0,31,3,27,20,0,50,39,0,39,89
06/22/2023,LCH,LA,ASW,CE,Combined TRACON& Tower with Radar,5,8,8,0,21,0,17,10,0,27,5,25,18,0,48,0,0,0,48
06/23/2023,LCH,LA,ASW,CE,Combined TRACON& Tower with Radar,5,6,10,0,21,0,7,13,0,20,5,13,23,0,41,0,0,0,41
06/24/2023,LCH,LA,ASW,CE,Combined TRACON& Tower with Radar,5,8,12,6,31,0,6,10,0,16,5,14,22,6,47,0,0,0,47
06/25/2023,LCH,LA,ASW,CE,Combined TRACON& Tower with Radar,5,6,12,0,23,0,11,25,0,36,5,17,37,0,59,46,0,46,105
06/26/2023,LCH,LA,ASW,CE,Combined TRACON& Tower with Radar,5,11,10,0,26,0,18,22,1,41,5,29,32,1,67,56,0,56,123
06/27/2023,LCH,LA,ASW,CE,Combined TRACON& Tower with Radar,3,12,14,2,31,0,16,25,0,41,3,28,39,2,72,36,0,36,108
06/28/2023,LCH,LA,ASW,CE,Combined TRACON& Tower with Radar,3,8,23,0,34,0,22,19,0,41,3,30,42,0,75,28,0,28,103
06/29/2023,LCH,LA,ASW,CE,Combined TRACON& Tower with Radar,5,7,20,0,32,0,16,37,0,53,5,23,57,0,85,8,0,8,93
06/30/2023,LCH,LA,ASW,CE,Combined TRACON& Tower with Radar,5,8,19,0,32,0,13,24,0,37,5,21,43,0,69,32,0,32,101
07/01/2023,LCH,LA,ASW,CE,Combined TRACON& Tower with Radar,5,6,9,0,20,0,12,19,0,31,5,18,28,0,51,23,0,23,74
07/02/2023,LCH,LA,ASW,CE,Combined TRACON& Tower with Radar,5,6,14,0,25,0,0,12,0,12,5,6,26,0,37,6,0,6,43
07/03/2023,LCH,LA,ASW,CE,Combined TRACON& Tower with Radar,5,7,15,0,27,0,21,36,0,57,5,28,51,0,84,44,0,44,128
07/04/2023,LCH,LA,ASW,CE,Combined TRACON& Tower with Radar,3,4,0,0,7,0,8,19,0,27,3,12,19,0,34,12,0,12,46
07/05/2023,LCH,LA,ASW,CE,Combined TRACON& Tower with Radar,3,6,18,0,27,0,15,22,0,37,3,21,40,0,64,14,0,14,78
07/06/2023,LCH,LA,ASW,CE,Combined TRACON& Tower with Radar,7,8,9,0,24,0,10,14,0,24,7,18,23,0,48,18,0,18,66
07/07/2023,LCH,LA,ASW,CE,Combined TRACON& Tower with Radar,6,10,7,0,23,0,13,26,1,40,6,23,33,1,63,34,0,34,97
07/08/2023,LCH,LA,ASW,CE,Combined TRACON& Tower with Radar,5,10,6,0,21,0,2,6,0,8,5,12,12,0,29,0,0,0,29
07/09/2023,LCH,LA,ASW,CE,Combined TRACON& Tower with Radar,5,8,9,0,22,0,4,24,0,28,5,12,33,0,50,0,0,0,50
07/10/2023,LCH,LA,ASW,CE,Combined TRACON& Tower with Radar,5,9,8,0,22,0,16,11,0,27,5,25,19,0,49,0,0,0,49
07/11/2023,LCH,LA,ASW,CE,Combined TRACON& Tower with Radar,3,8,7,0,18,0,14,21,0,35,3,22,28,0,53,0,0,0,53
07/12/2023,LCH,LA,ASW,CE,Combined TRACON& Tower with Radar,3,7,29,0,39,0,13,17,0,30,3,20,46,0,69,0,0,0,69
07/13/2023,LCH,LA,ASW,CE,Combined TRACON& Tower with Radar,5,6,15,0,26,0,18,11,0,29,5,24,26,0,55,0,0,0,55
07/14/2023,LCH,LA,ASW,CE,Combined TRACON& Tower with Radar,5,10,4,4,23,0,12,9,0,21,5,22,13,4,44,0,0,0,44
07/15/2023,LCH,LA,ASW,CE,Combined TRACON& Tower with Radar,7,9,7,1,24,0,8,30,1,39,7,17,37,2,63,0,0,0,63
07/16/2023,LCH,LA,ASW,CE,Combined TRACON& Tower with Radar,6,6,7,0,19,0,5,11,0,16,6,11,18,0,35,0,0,0,35
07/17/2023,LCH,LA,ASW,CE,Combined TRACON& Tower with Radar,5,7,15,0,27,0,14,20,0,34,5,21,35,0,61,0,0,0,61
07/18/2023,LCH,LA,ASW,CE,Combined TRACON& Tower with Radar,3,6,13,0,22,0,20,28,0,48,3,26,41,0,70,0,0,0,70
07/19/2023,LCH,LA,ASW,CE,Combined TRACON& Tower with Radar,3,6,9,2,20,0,17,20,0,37,3,23,29,2,57,0,0,0,57
07/20/2023,LCH,LA,ASW,CE,Combined TRACON& Tower with Radar,5,6,9,4,24,0,19,23,0,42,5,25,32,4,66,0,0,0,66
07/21/2023,LCH,LA,ASW,CE,Combined TRACON& Tower with Radar,5,6,13,0,24,0,15,40,0,55,5,21,53,0,79,0,0,0,79
07/22/2023,LCH,LA,ASW,CE,Combined TRACON& Tower with Radar,5,8,3,0,16,0,3,15,0,18,5,11,18,0,34,0,0,0,34
07/23/2023,LCH,LA,ASW,CE,Combined TRACON& Tower with Radar,5,7,4,0,16,0,2,19,0,21,5,9,23,0,37,0,0,0,37
07/24/2023,LCH,LA,ASW,CE,Combined TRACON& Tower with Radar,5,8,16,0,29,0,6,11,0,17,5,14,27,0,46,0,0,0,46
07/25/2023,LCH,LA,ASW,CE,Combined TRACON& Tower with Radar,3,6,19,0,28,0,20,16,0,36,3,26,35,0,64,0,0,0,64
07/26/2023,LCH,LA,ASW,CE,Combined TRACON& Tower with Radar,3,10,24,0,37,0,22,9,0,31,3,32,33,0,68,0,0,0,68
07/27/2023,LCH,LA,ASW,CE,Combined TRACON& Tower with Radar,5,8,35,2,50,0,14,16,0,30,5,22,51,2,80,0,0,0,80
07/28/2023,LCH,LA,ASW,CE,Combined TRACON& Tower with Radar,5,8,20,6,39,0,10,13,0,23,5,18,33,6,62,0,0,0,62
07/29/2023,LCH,LA,ASW,CE,Combined TRACON& Tower with Radar,4,9,16,0,29,0,15,19,0,34,4,24,35,0,63,0,0,0,63
07/30/2023,LCH,LA,ASW,CE,Combined TRACON& Tower with Radar,5,8,13,0,26,0,8,6,0,14,5,16,19,0,40,0,0,0,40
07/31/2023,LCH,LA,ASW,CE,Combined TRACON& Tower with Radar,5,10,10,0,25,0,13,5,0,18,5,23,15,0,43,0,0,0,43
08/01/2023,LCH,LA,ASW,CE,Combined TRACON& Tower with Radar,3,7,15,0,25,0,16,18,0,34,3,23,33,0,59,0,0,0,59
08/02/2023,LCH,LA,ASW,CE,Combined TRACON& Tower with Radar,3,7,9,0,19,0,13,10,0,23,3,20,19,0,42,0,0,0,42
08/03/2023,LCH,LA,ASW,CE,Combined TRACON& Tower with Radar,5,8,12,0,25,0,21,8,0,29,5,29,20,0,54,0,0,0,54
08/04/2023,LCH,LA,ASW,CE,Combined TRACON& Tower with Radar,5,6,14,0,25,0,12,6,0,18,5,18,20,0,43,0,0,0,43
08/05/2023,LCH,LA,ASW,CE,Combined TRACON& Tower with Radar,5,4,5,0,14,0,6,8,0,14,5,10,13,0,28,0,0,0,28
08/06/2023,LCH,LA,ASW,CE,Combined TRACON& Tower with Radar,5,5,10,0,20,0,6,4,0,10,5,11,14,0,30,0,0,0,30
08/07/2023,LCH,LA,ASW,CE,Combined TRACON& Tower with Radar,5,4,12,0,21,0,11,2,0,13,5,15,14,0,34,0,0,0,34
08/08/2023,LCH,LA,ASW,CE,Combined TRACON& Tower with Radar,5,6,17,0,28,0,13,7,0,20,5,19,24,0,48,0,0,0,48
08/09/2023,LCH,LA,ASW,CE,Combined TRACON& Tower with Radar,5,4,17,0,26,0,20,20,0,40,5,24,37,0,66,0,0,0,66
08/10/2023,LCH,LA,ASW,CE,Combined TRACON& Tower with Radar,7,5,11,0,23,0,16,6,0,22,7,21,17,0,45,0,0,0,45
08/11/2023,LCH,LA,ASW,CE,Combined TRACON& Tower with Radar,5,5,17,0,27,0,16,10,1,27,5,21,27,1,54,0,0,0,54
08/12/2023,LCH,LA,ASW,CE,Combined TRACON& Tower with Radar,5,5,21,0,31,0,3,11,0,14,5,8,32,0,45,0,0,0,45
08/13/2023,LCH,LA,ASW,CE,Combined TRACON& Tower with Radar,5,4,15,0,24,0,4,11,0,15,5,8,26,0,39,0,0,0,39
08/14/2023,LCH,LA,ASW,CE,Combined TRACON& Tower with Radar,4,4,17,4,29,0,15,12,0,27,4,19,29,4,56,0,0,0,56
08/15/2023,LCH,LA,ASW,CE,Combined TRACON& Tower with Radar,5,10,16,0,31,0,11,20,1,32,5,21,36,1,63,0,0,0,63
08/16/2023,LCH,LA,ASW,CE,Combined TRACON& Tower with Radar,5,5,27,0,37,0,22,16,0,38,5,27,43,0,75,0,0,0,75
08/17/2023,LCH,LA,ASW,CE,Combined TRACON& Tower with Radar,5,5,14,0,24,0,14,13,0,27,5,19,27,0,51,0,0,0,51
08/18/2023,LCH,LA,ASW,CE,Combined TRACON& Tower with Radar,5,8,15,2,30,0,7,25,0,32,5,15,40,2,62,0,0,0,62
08/19/2023,LCH,LA,ASW,CE,Combined TRACON& Tower with Radar,5,7,19,0,31,0,3,16,0,19,5,10,35,0,50,0,0,0,50
08/20/2023,LCH,LA,ASW,CE,Combined TRACON& Tower with Radar,5,10,14,0,29,0,10,13,0,23,5,20,27,0,52,0,0,0,52
08/21/2023,LCH,LA,ASW,CE,Combined TRACON& Tower with Radar,5,5,17,0,27,0,8,8,0,16,5,13,25,0,43,0,0,0,43
08/22/2023,LCH,LA,ASW,CE,Combined TRACON& Tower with Radar,5,4,19,0,28,0,10,12,0,22,5,14,31,0,50,0,0,0,50
08/23/2023,LCH,LA,ASW,CE,Combined TRACON& Tower with Radar,5,4,11,4,24,0,14,14,0,28,5,18,25,4,52,0,0,0,52
08/24/2023,LCH,LA,ASW,CE,Combined TRACON& Tower with Radar,5,5,21,0,31,0,9,11,0,20,5,14,32,0,51,0,0,0,51
08/25/2023,LCH,LA,ASW,CE,Combined TRACON& Tower with Radar,5,9,29,4,47,0,11,29,0,40,5,20,58,4,87,0,0,0,87
08/26/2023,LCH,LA,ASW,CE,Combined TRACON& Tower with Radar,5,6,25,0,36,0,2,15,0,17,5,8,40,0,53,0,0,0,53
08/27/2023,LCH,LA,ASW,CE,Combined TRACON& Tower with Radar,5,5,25,0,35,0,1,9,0,10,5,6,34,0,45,0,0,0,45
08/28/2023,LCH,LA,ASW,CE,Combined TRACON& Tower with Radar,5,9,11,0,25,0,18,12,0,30,5,27,23,0,55,0,0,0,55
08/29/2023,LCH,LA,ASW,CE,Combined TRACON& Tower with Radar,5,4,16,0,25,0,11,19,0,30,5,15,35,0,55,0,0,0,55
08/30/2023,LCH,LA,ASW,CE,Combined TRACON& Tower with Radar,5,9,17,0,31,0,11,14,0,25,5,20,31,0,56,0,0,0,56
08/31/2023,LCH,LA,ASW,CE,Combined TRACON& Tower with Radar,5,6,23,2,36,0,14,15,0,29,5,20,38,2,65,0,0,0,65
01/01/2020,LCH,LA,ASW,CE,Combined TRACON& Tower with Radar,0,7,6,0,13,0,12,10,0,22,0,19,16,0,35,0,0,0,35
01/02/2020,LCH,LA,ASW,CE,Combined TRACON& Tower with Radar,0,10,2,0,12,0,0,0,0,0,0,10,2,0,12,0,0,0,12
01/03/2020,LCH,LA,ASW,CE,Combined TRACON& Tower with Radar,0,15,24,6,45,0,1,26,0,27,0,16,50,6,72,12,0,12,84
01/04/2020,LCH,LA,ASW,CE,Combined TRACON& Tower with Radar,0,9,25,2,36,0,9,45,0,54,0,18,70,2,90,61,0,61,151
01/05/2020,LCH,LA,ASW,CE,Combined TRACON& Tower with Radar,0,7,19,0,26,0,5,27,1,33,0,12,46,1,59,13,0,13,72
01/06/2020,LCH,LA,ASW,CE,Combined TRACON& Tower with Radar,0,10,25,0,35,0,10,19,0,29,0,20,44,0,64,16,0,16,80
01/07/2020,LCH,LA,ASW,CE,Combined TRACON& Tower with Radar,0,13,12,2,27,0,23,25,0,48,0,36,37,2,75,0,0,0,75
01/08/2020,LCH,LA,ASW,CE,Combined TRACON& Tower with Radar,0,10,13,3,26,0,13,34,0,47,0,23,47,3,73,59,0,59,132
01/09/2020,LCH,LA,ASW,CE,Combined TRACON& Tower with Radar,0,13,35,11,59,0,8,3,1,12,0,21,38,12,71,0,0,0,71
01/10/2020,LCH,LA,ASW,CE,Combined TRACON& Tower with Radar,0,9,14,0,23,0,1,1,0,2,0,10,15,0,25,0,0,0,25
01/11/2020,LCH,LA,ASW,CE,Combined TRACON& Tower with Radar,0,16,7,7,30,0,5,8,2,15,0,21,15,9,45,0,0,0,45
01/12/2020,LCH,LA,ASW,CE,Combined TRACON& Tower with Radar,0,16,23,2,41,0,11,23,0,34,0,27,46,2,75,27,0,27,102
01/13/2020,LCH,LA,ASW,CE,Combined TRACON& Tower with Radar,0,17,14,0,31,0,0,0,0,0,0,17,14,0,31,0,0,0,31
01/14/2020,LCH,LA,ASW,CE,Combined TRACON& Tower with Radar,0,15,10,0,25,0,0,0,0,0,0,15,10,0,25,4,0,4,29
01/15/2020,LCH,LA,ASW,CE,Combined TRACON& Tower with Radar,0,24,16,0,40,0,2,2,0,4,0,26,18,0,44,24,0,24,68
01/16/2020,LCH,LA,ASW,CE,Combined TRACON& Tower with Radar,0,23,23,0,46,0,3,3,0,6,0,26,26,0,52,0,0,0,52
01/17/2020,LCH,LA,ASW,CE,Combined TRACON& Tower with Radar,0,25,22,0,47,0,12,13,0,25,0,37,35,0,72,12,0,12,84
01/18/2020,LCH,LA,ASW,CE,Combined TRACON& Tower with Radar,0,11,12,1,24,0,2,0,0,2,0,13,12,1,26,6,0,6,32
01/19/2020,LCH,LA,ASW,CE,Combined TRACON& Tower with Radar,0,19,8,2,29,0,10,20,0,30,0,29,28,2,59,5,0,5,64
01/20/2020,LCH,LA,ASW,CE,Combined TRACON& Tower with Radar,0,19,10,12,41,0,30,19,0,49,0,49,29,12,90,48,0,48,138
01/21/2020,LCH,LA,ASW,CE,Combined TRACON& Tower with Radar,0,11,22,6,39,0,25,34,4,63,0,36,56,10,102,39,0,39,141
01/22/2020,LCH,LA,ASW,CE,Combined TRACON& Tower with Radar,0,18,16,1,35,0,8,20,0,28,0,26,36,1,63,6,0,6,69
01/23/2020,LCH,LA,ASW,CE,Combined TRACON& Tower with Radar,0,19,8,0,27,0,5,4,0,9,0,24,12,0,36,0,0,0,36
01/24/2020,LCH,LA,ASW,CE,Combined TRACON& Tower with Radar,0,10,10,6,26,0,13,24,0,37,0,23,34,6,63,43,0,43,106
01/25/2020,LCH,LA,ASW,CE,Combined TRACON& Tower with Radar,0,13,7,2,22,0,17,36,0,53,0,30,43,2,75,81,0,81,156
01/26/2020,LCH,LA,ASW,CE,Combined TRACON& Tower with Radar,0,12,6,3,21,0,0,2,1,3,0,12,8,4,24,0,0,0,24
01/27/2020,LCH,LA,ASW,CE,Combined TRACON& Tower with Radar,0,21,8,3,32,0,1,6,1,8,0,22,14,4,40,12,0,12,52
01/28/2020,LCH,LA,ASW,CE,Combined TRACON& Tower with Radar,0,13,13,0,26,0,1,4,0,5,0,14,17,0,31,16,0,16,47
01/29/2020,LCH,LA,ASW,CE,Combined TRACON& Tower with Radar,0,16,17,0,33,0,6,9,0,15,0,22,26,0,48,52,0,52,100
01/30/2020,LCH,LA,ASW,CE,Combined TRACON& Tower with Radar,0,12,19,0,31,0,3,9,0,12,0,15,28,0,43,0,0,0,43
01/31/2020,LCH,LA,ASW,CE,Combined TRACON& Tower with Radar,0,13,22,2,37,0,0,13,0,13,0,13,35,2,50,27,0,27,77
02/01/2020,LCH,LA,ASW,CE,Combined TRACON& Tower with Radar,0,10,5,2,17,0,4,36,0,40,0,14,41,2,57,18,0,18,75
02/02/2020,LCH,LA,ASW,CE,Combined TRACON& Tower with Radar,0,11,11,0,22,0,5,31,0,36,0,16,42,0,58,68,0,68,126
02/03/2020,LCH,LA,ASW,CE,Combined TRACON& Tower with Radar,0,10,21,0,31,0,22,10,0,32,0,32,31,0,63,2,0,2,65
02/04/2020,LCH,LA,ASW,CE,Combined TRACON& Tower with Radar,0,16,11,1,28,0,12,4,0,16,0,28,15,1,44,8,0,8,52
02/05/2020,LCH,LA,ASW,CE,Combined TRACON& Tower with Radar,0,20,0,8,28,0,0,0,0,0,0,20,0,8,28,2,0,2,30
02/06/2020,LCH,LA,ASW,CE,Combined TRACON& Tower with Radar,0,15,5,0,20,0,8,10,0,18,0,23,15,0,38,2,0,2,40
02/07/2020,LCH,LA,ASW,CE,Combined TRACON& Tower with Radar,0,15,19,7,41,0,22,39,3,64,0,37,58,10,105,79,0,79,184
02/08/2020,LCH,LA,ASW,CE,Combined TRACON& Tower with Radar,0,12,8,0,20,0,8,30,0,38,0,20,38,0,58,8,0,8,66
02/09/2020,LCH,LA,ASW,CE,Combined TRACON& Tower with Radar,0,11,21,8,40,0,8,15,1,24,0,19,36,9,64,25,0,25,89
02/10/2020,LCH,LA,ASW,CE,Combined TRACON& Tower with Radar,0,17,11,0,28,0,0,0,0,0,0,17,11,0,28,0,0,0,28
02/11/2020,LCH,LA,ASW,CE,Combined TRACON& Tower with Radar,0,14,12,0,26,0,0,0,0,0,0,14,12,0,26,0,0,0,26
02/12/2020,LCH,LA,ASW,CE,Combined TRACON& Tower with Radar,0,18,4,0,22,0,2,2,0,4,0,20,6,0,26,0,0,0,26
02/13/2020,LCH,LA,ASW,CE,Combined TRACON& Tower with Radar,2,12,19,3,36,0,20,20,1,41,2,32,39,4,77,27,0,27,104
02/14/2020,LCH,LA,ASW,CE,Combined TRACON& Tower with Radar,2,15,20,7,44,0,12,38,0,50,2,27,58,7,94,34,0,34,128
02/15/2020,LCH,LA,ASW,CE,Combined TRACON& Tower with Radar,2,10,12,0,24,0,10,25,0,35,2,20,37,0,59,28,0,28,87
02/16/2020,LCH,LA,ASW,CE,Combined TRACON& Tower with Radar,2,9,7,0,18,0,5,7,0,12,2,14,14,0,30,0,0,0,30
02/17/2020,LCH,LA,ASW,CE,Combined TRACON& Tower with Radar,2,16,6,0,24,0,0,0,0,0,2,16,6,0,24,0,0,0,24
02/18/2020,LCH,LA,ASW,CE,Combined TRACON& Tower with Radar,2,23,17,0,42,0,10,7,0,17,2,33,24,0,59,12,0,12,71
02/19/2020,LCH,LA,ASW,CE,Combined TRACON& Tower with Radar,2,21,7,0,30,0,0,6,0,6,2,21,13,0,36,0,0,0,36
02/20/2020,LCH,LA,ASW,CE,Combined TRACON& Tower with Radar,2,18,8,0,28,0,0,0,0,0,2,18,8,0,28,0,0,0,28
02/21/2020,LCH,LA,ASW,CE,Combined TRACON& Tower with Radar,2,19,11,19,51,0,22,23,0,45,2,41,34,19,96,32,0,32,128
02/22/2020,LCH,LA,ASW,CE,Combined TRACON& Tower with Radar,2,11,7,4,24,0,10,41,0,51,2,21,48,4,75,14,0,14,89
02/23/2020,LCH,LA,ASW,CE,Combined TRACON& Tower with Radar,0,11,10,4,25,0,6,9,0,15,0,17,19,4,40,10,0,10,50
02/24/2020,LCH,LA,ASW,CE,Combined TRACON& Tower with Radar,2,17,5,2,26,0,6,1,0,7,2,23,6,2,33,6,0,6,39
02/25/2020,LCH,LA,ASW,CE,Combined TRACON& Tower with Radar,2,13,8,5,28,0,9,24,0,33,2,22,32,5,61,32,0,32,93
02/26/2020,LCH,LA,ASW,CE,Combined TRACON& Tower with Radar,2,11,9,1,23,0,10,5,1,16,2,21,14,2,39,12,0,12,51
02/27/2020,LCH,LA,ASW,CE,Combined TRACON& Tower with Radar,2,13,13,0,28,0,15,23,0,38,2,28,36,0,66,15,0,15,81
02/28/2020,LCH,LA,ASW,CE,Combined TRACON& Tower with Radar,2,12,4,5,23,0,15,26,2,43,2,27,30,7,66,52,0,52,118
02/29/2020,LCH,LA,ASW,CE,Combined TRACON& Tower with Radar,2,8,10,0,20,0,6,42,0,48,2,14,52,0,68,22,0,22,90
03/01/2020,LCH,LA,ASW,CE,Combined TRACON& Tower with Radar,0,9,10,16,35,0,3,11,2,16,0,12,21,18,51,4,0,4,55
03/02/2020,LCH,LA,ASW,CE,Combined TRACON& Tower with Radar,2,12,14,0,28,0,12,4,0,16,2,24,18,0,44,0,0,0,44
03/03/2020,LCH,LA,ASW,CE,Combined TRACON& Tower with Radar,2,17,13,0,32,0,2,21,0,23,2,19,34,0,55,5,0,5,60
03/04/2020,LCH,LA,ASW,CE,Combined TRACON& Tower with Radar,2,19,7,0,28,0,0,0,0,0,2,19,7,0,28,0,0,0,28
03/05/2020,LCH,LA,ASW,CE,Combined TRACON& Tower with Radar,0,18,21,4,43,0,8,21,0,29,0,26,42,4,72,0,0,0,72
03/06/2020,LCH,LA,ASW,CE,Combined TRACON& Tower with Radar,0,14,13,17,44,0,14,40,0,54,0,28,53,17,98,60,0,60,158
03/07/2020,LCH,LA,ASW,CE,Combined TRACON& Tower with Radar,0,6,11,8,25,0,0,20,0,20,0,6,31,8,45,52,0,52,97
03/08/2020,LCH,LA,ASW,CE,Combined TRACON& Tower with Radar,0,17,19,6,42,0,7,23,1,31,0,24,42,7,73,59,0,59,132
03/09/2020,LCH,LA,ASW,CE,Combined TRACON& Tower with Radar,0,13,14,4,31,0,9,1,0,10,0,22,15,4,41,1,0,1,42
03/10/2020,LCH,LA,ASW,CE,Combined TRACON& Tower with Radar,2,16,12,2,32,0,3,2,2,7,2,19,14,4,39,0,0,0,39
03/11/2020,LCH,LA,ASW,CE,Combined TRACON& Tower with Radar,3,12,9,3,27,0,9,15,0,24,3,21,24,3,51,46,0,46,97
03/12/2020,LCH,LA,ASW,CE,Combined TRACON& Tower with Radar,0,18,15,0,33,0,2,8,0,10,0,20,23,0,43,11,0,11,54
03/13/2020,LCH,LA,ASW,CE,Combined TRACON& Tower with Radar,0,17,6,7,30,0,4,3,0,7,0,21,9,7,37,0,0,0,37
03/14/2020,LCH,LA,ASW,CE,Combined TRACON& Tower with Radar,0,10,10,3,23,0,1,2,0,3,0,11,12,3,26,32,10,42,68
03/15/2020,LCH,LA,ASW,CE,Combined TRACON& Tower with Radar,0,17,21,2,40,0,4,14,0,18,0,21,35,2,58,76,0,76,134
03/16/2020,LCH,LA,ASW,CE,Combined TRACON& Tower with Radar,0,15,3,0,18,0,3,15,0,18,0,18,18,0,36,2,0,2,38
03/17/2020,LCH,LA,ASW,CE,Combined TRACON& Tower with Radar,2,16,1,0,19,0,1,0,2,3,2,17,1,2,22,4,0,4,26
03/18/2020,LCH,LA,ASW,CE,Combined TRACON& Tower with Radar,2,11,7,0,20,0,6,7,2,15,2,17,14,2,35,0,0,0,35
03/19/2020,LCH,LA,ASW,CE,Combined TRACON& Tower with Radar,0,17,10,4,31,0,8,6,0,14,0,25,16,4,45,18,0,18,63
03/20/2020,LCH,LA,ASW,CE,Combined TRACON& Tower with Radar,0,12,11,0,23,0,0,3,0,3,0,12,14,0,26,20,0,20,46
03/21/2020,LCH,LA,ASW,CE,Combined TRACON& Tower with Radar,0,9,0,0,9,0,1,0,0,1,0,10,0,0,10,18,0,18,28
03/22/2020,LCH,LA,ASW,CE,Combined TRACON& Tower with Radar,0,7,14,6,27,0,0,3,0,3,0,7,17,6,30,46,0,46,76
03/23/2020,LCH,LA,ASW,CE,Combined TRACON& Tower with Radar,0,11,5,8,24,0,2,11,2,15,0,13,16,10,39,2,0,2,41
03/24/2020,LCH,LA,ASW,CE,Combined TRACON& Tower with Radar,1,10,9,11,31,0,2,8,0,10,1,12,17,11,41,10,0,10,51
03/25/2020,LCH,LA,ASW,CE,Combined TRACON& Tower with Radar,3,11,6,5,25,0,1,8,0,9,3,12,14,5,34,56,0,56,90
03/26/2020,LCH,LA,ASW,CE,Combined TRACON& Tower with Radar,0,6,12,0,18,0,8,38,0,46,0,14,50,0,64,6,0,6,70
03/27/2020,LCH,LA,ASW,CE,Combined TRACON& Tower with Radar,0,6,11,2,19,0,13,23,0,36,0,19,34,2,55,46,0,46,101
03/28/2020,LCH,LA,ASW,CE,Combined TRACON& Tower with Radar,0,6,5,0,11,0,13,2,0,15,0,19,7,0,26,2,0,2,28
03/29/2020,LCH,LA,ASW,CE,Combined TRACON& Tower with Radar,0,7,3,2,12,0,6,21,0,27,0,13,24,2,39,68,0,68,107
03/30/2020,LCH,LA,ASW,CE,Combined TRACON& Tower with Radar,0,4,2,2,8,0,5,10,0,15,0,9,12,2,23,82,0,82,105
03/31/2020,LCH,LA,ASW,CE,Combined TRACON& Tower with Radar,0,8,4,6,18,0,4,15,0,19,0,12,19,6,37,24,0,24,61
04/01/2020,LCH,LA,ASW,CE,Combined TRACON& Tower with Radar,0,6,0,12,18,0,5,29,0,34,0,11,29,12,52,17,0,17,69
04/02/2020,LCH,LA,ASW,CE,Combined TRACON& Tower with Radar,0,4,8,4,16,0,7,18,1,26,0,11,26,5,42,28,0,28,70
04/03/2020,LCH,LA,ASW,CE,Combined TRACON& Tower with Radar,0,6,7,8,21,0,10,15,0,25,0,16,22,8,46,14,0,14,60
04/04/2020,LCH,LA,ASW,CE,Combined TRACON& Tower with Radar,0,4,3,0,7,0,2,4,0,6,0,6,7,0,13,24,0,24,37
04/05/2020,LCH,LA,ASW,CE,Combined TRACON& Tower with Radar,0,8,7,0,15,0,4,13,0,17,0,12,20,0,32,16,0,16,48
04/06/2020,LCH,LA,ASW,CE,Combined TRACON& Tower with Radar,0,10,5,4,19,0,3,4,0,7,0,13,9,4,26,24,0,24,50
04/07/2020,LCH,LA,ASW,CE,Combined TRACON& Tower with Radar,0,10,7,7,24,0,2,6,0,8,0,12,13,7,32,24,0,24,56
04/08/2020,LCH,LA,ASW,CE,Combined TRACON& Tower with Radar,0,11,6,7,24,0,13,14,0,27,0,24,20,7,51,10,0,10,61
04/09/2020,LCH,LA,ASW,CE,Combined TRACON& Tower with Radar,0,15,4,2,21,0,13,6,0,19,0,28,10,2,40,2,0,2,42
04/10/2020,LCH,LA,ASW,CE,Combined TRACON& Tower with Radar,0,7,8,0,15,0,4,17,0,21,0,11,25,0,36,25,0,25,61
04/11/2020,LCH,LA,ASW,CE,Combined TRACON& Tower with Radar,0,9,1,0,10,0,5,8,0,13,0,14,9,0,23,0,0,0,23
04/12/2020,LCH,LA,ASW,CE,Combined TRACON& Tower with Radar,0,4,3,0,7,0,1,1,0,2,0,5,4,0,9,0,0,0,9
04/13/2020,LCH,LA,ASW,CE,Combined TRACON& Tower with Radar,0,12,2,0,14,0,10,25,0,35,0,22,27,0,49,12,0,12,61
04/14/2020,LCH,LA,ASW,CE,Combined TRACON& Tower with Radar,0,9,2,0,11,0,7,31,1,39,0,16,33,1,50,14,0,14,64
04/15/2020,LCH,LA,ASW,CE,Combined TRACON& Tower with Radar,0,8,8,6,22,0,9,29,1,39,0,17,37,7,61,14,0,14,75
04/16/2020,LCH,LA,ASW,CE,Combined TRACON& Tower with Radar,0,5,15,6,26,0,22,50,0,72,0,27,65,6,98,8,0,8,106
04/17/2020,LCH,LA,ASW,CE,Combined TRACON& Tower with Radar,0,8,8,2,18,0,6,39,0,45,0,14,47,2,63,0,0,0,63
04/18/2020,LCH,LA,ASW,CE,Combined TRACON& Tower with Radar,0,5,6,4,15,0,1,0,0,1,0,6,6,4,16,0,10,10,26
04/19/2020,LCH,LA,ASW,CE,Combined TRACON& Tower with Radar,0,5,3,0,8,0,0,2,0,2,0,5,5,0,10,10,0,10,20
04/20/2020,LCH,LA,ASW,CE,Combined TRACON& Tower with Radar,0,11,12,4,27,0,6,39,2,47,0,17,51,6,74,63,0,63,137
04/21/2020,LCH,LA,ASW,CE,Combined TRACON& Tower with Radar,0,8,8,5,21,0,11,24,0,35,0,19,32,5,56,4,0,4,60
04/22/2020,LCH,LA,ASW,CE,Combined TRACON& Tower with Radar,0,12,16,0,28,0,3,6,0,9,0,15,22,0,37,48,0,48,85
04/23/2020,LCH,LA,ASW,CE,Combined TRACON& Tower with Radar,0,12,12,0,24,0,5,13,0,18,0,17,25,0,42,23,0,23,65
04/24/2020,LCH,LA,ASW,CE,Combined TRACON& Tower with Radar,0,8,10,0,18,0,10,34,0,44,0,18,44,0,62,32,0,32,94
04/25/2020,LCH,LA,ASW,CE,Combined TRACON& Tower with Radar,0,9,11,2,22,0,10,36,0,46,0,19,47,2,68,20,0,20,88
04/26/2020,LCH,LA,ASW,CE,Combined TRACON& Tower with Radar,0,9,10,0,19,0,9,18,0,27,0,18,28,0,46,36,0,36,82
04/27/2020,LCH,LA,ASW,CE,Combined TRACON& Tower with Radar,0,11,14,0,25,0,14,29,0,43,0,25,43,0,68,12,0,12,80
04/28/2020,LCH,LA,ASW,CE,Combined TRACON& Tower with Radar,0,6,17,0,23,0,10,21,0,31,0,16,38,0,54,4,0,4,58
04/29/2020,LCH,LA,ASW,CE,Combined TRACON& Tower with Radar,0,6,2,3,11,0,4,14,0,18,0,10,16,3,29,11,0,11,40
04/30/2020,LCH,LA,ASW,CE,Combined TRACON& Tower with Radar,0,5,15,9,29,0,14,31,0,45,0,19,46,9,74,75,1,76,150
05/01/2020,LCH,LA,ASW,CE,Combined TRACON& Tower with Radar,0,7,9,6,22,0,15,25,0,40,0,22,34,6,62,27,11,38,100
05/02/2020,LCH,LA,ASW,CE,Combined TRACON& Tower with Radar,0,6,4,4,14,0,8,22,0,30,0,14,26,4,44,20,0,20,64
05/03/2020,LCH,LA,ASW,CE,Combined TRACON& Tower with Radar,0,7,7,0,14,0,10,23,0,33,0,17,30,0,47,16,0,16,63
05/04/2020,LCH,LA,ASW,CE,Combined TRACON& Tower with Radar,0,12,6,0,18,0,13,11,0,24,0,25,17,0,42,0,0,0,42
05/05/2020,LCH,LA,ASW,CE,Combined TRACON& Tower with Radar,0,12,6,0,18,0,10,11,0,21,0,22,17,0,39,10,0,10,49
05/06/2020,LCH,LA,ASW,CE,Combined TRACON& Tower with Radar,0,13,10,0,23,0,13,22,0,35,0,26,32,0,58,12,0,12,70
05/07/2020,LCH,LA,ASW,CE,Combined TRACON& Tower with Radar,0,6,17,6,29,0,11,28,0,39,0,17,45,6,68,84,0,84,152
05/08/2020,LCH,LA,ASW,CE,Combined TRACON& Tower with Radar,0,14,6,0,20,0,1,46,0,47,0,15,52,0,67,6,0,6,73
05/09/2020,LCH,LA,ASW,CE,Combined TRACON& Tower with Radar,0,7,10,0,17,0,3,16,0,19,0,10,26,0,36,10,0,10,46
05/10/2020,LCH,LA,ASW,CE,Combined TRACON& Tower with Radar,0,7,8,7,22,0,2,28,0,30,0,9,36,7,52,38,0,38,90
05/11/2020,LCH,LA,ASW,CE,Combined TRACON& Tower with Radar,0,10,17,2,29,0,11,83,0,94,0,21,100,2,123,88,0,88,211
05/12/2020,LCH,LA,ASW,CE,Combined TRACON& Tower with Radar,0,6,11,3,20,0,9,21,0,30,0,15,32,3,50,12,0,12,62
05/13/2020,LCH,LA,ASW,CE,Combined TRACON& Tower with Radar,0,12,9,4,25,0,2,7,0,9,0,14,16,4,34,14,0,14,48
05/14/2020,LCH,LA,ASW,CE,Combined TRACON& Tower with Radar,0,6,4,0,10,0,0,0,0,0,0,6,4,0,10,0,0,0,10
05/15/2020,LCH,LA,ASW,CE,Combined TRACON& Tower with Radar,0,13,13,0,26,0,3,6,0,9,0,16,19,0,35,2,0,2,37
05/16/2020,LCH,LA,ASW,CE,Combined TRACON& Tower with Radar,0,7,7,0,14,0,0,1,0,1,0,7,8,0,15,8,0,8,23
05/17/2020,LCH,LA,ASW,CE,Combined TRACON& Tower with Radar,0,7,8,0,15,0,2,8,1,11,0,9,16,1,26,16,0,16,42
05/18/2020,LCH,LA,ASW,CE,Combined TRACON& Tower with Radar,0,8,12,4,24,0,9,15,0,24,0,17,27,4,48,2,0,2,50
05/19/2020,LCH,LA,ASW,CE,Combined TRACON& Tower with Radar,0,8,10,2,20,0,13,21,0,34,0,21,31,2,54,50,0,50,104
05/20/2020,LCH,LA,ASW,CE,Combined TRACON& Tower with Radar,0,16,9,0,25,0,15,19,1,35,0,31,28,1,60,25,0,25,85
05/21/2020,LCH,LA,ASW,CE,Combined TRACON& Tower with Radar,0,7,13,4,24,0,15,42,0,57,0,22,55,4,81,24,0,24,105
05/22/2020,LCH,LA,ASW,CE,Combined TRACON& Tower with Radar,0,6,8,7,21,0,9,21,0,30,0,15,29,7,51,2,0,2,53
05/23/2020,LCH,LA,ASW,CE,Combined TRACON& Tower with Radar,0,8,12,0,20,0,4,23,0,27,0,12,35,0,47,12,0,12,59
05/24/2020,LCH,LA,ASW,CE,Combined TRACON& Tower with Radar,0,7,1,0,8,0,5,8,0,13,0,12,9,0,21,16,0,16,37
05/25/2020,LCH,LA,ASW,CE,Combined TRACON& Tower with Radar,0,7,8,0,15,0,2,8,0,10,0,9,16,0,25,5,0,5,30
05/26/2020,LCH,LA,ASW,CE,Combined TRACON& Tower with Radar,0,6,3,0,9,0,1,9,0,10,0,7,12,0,19,13,0,13,32
05/27/2020,LCH,LA,ASW,CE,Combined TRACON& Tower with Radar,0,11,6,0,17,0,17,14,0,31,0,28,20,0,48,8,0,8,56
05/28/2020,LCH,LA,ASW,CE,Combined TRACON& Tower with Radar,0,8,10,0,18,0,12,8,0,20,0,20,18,0,38,32,0,32,70
05/29/2020,LCH,LA,ASW,CE,Combined TRACON& Tower with Radar,0,10,14,2,26,0,11,23,0,34,0,21,37,2,60,0,0,0,60
05/30/2020,LCH,LA,ASW,CE,Combined TRACON& Tower with Radar,0,6,13,10,29,0,11,19,2,32,0,17,32,12,61,36,0,36,97
05/31/2020,LCH,LA,ASW,CE,Combined TRACON& Tower with Radar,0,7,23,2,32,0,14,15,0,29,0,21,38,2,61,22,0,22,83
06/01/2020,LCH,LA,ASW,CE,Combined TRACON& Tower with Radar,0,8,19,0,27,0,12,25,0,37,0,20,44,0,64,40,0,40,104
06/02/2020,LCH,LA,ASW,CE,Combined TRACON& Tower with Radar,0,11,12,3,26,0,8,45,0,53,0,19,57,3,79,7,0,7,86
06/03/2020,LCH,LA,ASW,CE,Combined TRACON& Tower with Radar,0,7,14,5,26,0,7,10,0,17,0,14,24,5,43,6,0,6,49
06/04/2020,LCH,LA,ASW,CE,Combined TRACON& Tower with Radar,0,11,21,0,32,0,5,28,0,33,0,16,49,0,65,73,0,73,138
06/05/2020,LCH,LA,ASW,CE,Combined TRACON& Tower with Radar,0,18,14,8,40,0,14,33,0,47,0,32,47,8,87,12,0,12,99
06/06/2020,LCH,LA,ASW,CE,Combined TRACON& Tower with Radar,0,11,16,2,29,0,20,16,0,36,0,31,32,2,65,33,0,33,98
06/07/2020,LCH,LA,ASW,CE,Combined TRACON& Tower with Radar,0,8,7,0,15,0,9,2,1,12,0,17,9,1,27,0,0,0,27
06/08/2020,LCH,LA,ASW,CE,Combined TRACON& Tower with Radar,0,14,5,0,19,0,15,2,0,17,0,29,7,0,36,18,0,18,54
06/09/2020,LCH,LA,ASW,CE,Combined TRACON& Tower with Radar,0,13,14,11,38,0,16,17,0,33,0,29,31,11,71,107,0,107,178
06/10/2020,LCH,LA,ASW,CE,Combined TRACON& Tower with Radar,0,12,15,0,27,0,6,24,0,30,0,18,39,0,57,47,0,47,104
06/11/2020,LCH,LA,ASW,CE,Combined TRACON& Tower with Radar,0,14,8,2,24,0,7,32,0,39,0,21,40,2,63,40,0,40,103
06/12/2020,LCH,LA,ASW,CE,Combined TRACON& Tower with Radar,0,10,18,4,32,0,12,30,0,42,0,22,48,4,74,11,0,11,85
06/13/2020,LCH,LA,ASW,CE,Combined TRACON& Tower with Radar,0,6,10,0,16,0,6,28,0,34,0,12,38,0,50,16,0,16,66
06/14/2020,LCH,LA,ASW,CE,Combined TRACON& Tower with Radar,0,4,8,8,20,0,4,30,0,34,0,8,38,8,54,16,0,16,70
06/15/2020,LCH,LA,ASW,CE,Combined TRACON& Tower with Radar,0,8,8,0,16,0,13,12,0,25,0,21,20,0,41,19,0,19,60
06/16/2020,LCH,LA,ASW,CE,Combined TRACON& Tower with Radar,0,4,4,0,8,0,13,26,0,39,0,17,30,0,47,46,0,46,93
06/17/2020,LCH,LA,ASW,CE,Combined TRACON& Tower with Radar,0,8,13,6,27,0,16,16,0,32,0,24,29,6,59,24,2,26,85
06/18/2020,LCH,LA,ASW,CE,Combined TRACON& Tower with Radar,0,8,9,2,19,0,10,12,0,22,0,18,21,2,41,37,0,37,78
06/19/2020,LCH,LA,ASW,CE,Combined TRACON& Tower with Radar,0,10,13,5,28,0,14,17,0,31,0,24,30,5,59,11,0,11,70
06/20/2020,LCH,LA,ASW,CE,Combined TRACON& Tower with Radar,0,6,6,0,12,0,5,23,0,28,0,11,29,0,40,93,0,93,133
06/21/2020,LCH,LA,ASW,CE,Combined TRACON& Tower with Radar,0,4,8,0,12,0,5,8,0,13,0,9,16,0,25,6,0,6,31
06/22/2020,LCH,LA,ASW,CE,Combined TRACON& Tower with Radar,0,10,19,0,29,0,6,3,0,9,0,16,22,0,38,27,0,27,65
06/23/2020,LCH,LA,ASW,CE,Combined TRACON& Tower with Radar,0,4,6,0,10,0,4,5,0,9,0,8,11,0,19,55,0,55,74
06/24/2020,LCH,LA,ASW,CE,Combined TRACON& Tower with Radar,0,14,3,1,18,0,3,11,0,14,0,17,14,1,32,58,0,58,90
06/25/2020,LCH,LA,ASW,CE,Combined TRACON& Tower with Radar,0,6,3,0,9,0,3,9,0,12,0,9,12,0,21,1,0,1,22
06/26/2020,LCH,LA,ASW,CE,Combined TRACON& Tower with Radar,0,8,18,1,27,0,5,5,0,10,0,13,23,1,37,16,0,16,53
06/27/2020,LCH,LA,ASW,CE,Combined TRACON& Tower with Radar,0,6,9,4,19,0,2,16,0,18,0,8,25,4,37,85,0,85,122
06/28/2020,LCH,LA,ASW,CE,Combined TRACON& Tower with Radar,0,9,7,4,20,0,13,8,0,21,0,22,15,4,41,18,0,18,59
06/29/2020,LCH,LA,ASW,CE,Combined TRACON& Tower with Radar,0,7,11,2,20,0,7,11,0,18,0,14,22,2,38,64,0,64,102
06/30/2020,LCH,LA,ASW,CE,Combined TRACON& Tower with Radar,0,7,5,2,14,0,11,21,0,32,0,18,26,2,46,48,0,48,94
07/01/2020,LCH,LA,ASW,CE,Combined TRACON& Tower with Radar,0,7,24,4,35,0,14,43,0,57,0,21,67,4,92,104,0,104,196
07/02/2020,LCH,LA,ASW,CE,Combined TRACON& Tower with Radar,0,14,16,4,34,0,12,26,0,38,0,26,42,4,72,31,0,31,103
07/03/2020,LCH,LA,ASW,CE,Combined TRACON& Tower with Radar,0,12,7,2,21,0,7,10,0,17,0,19,17,2,38,41,0,41,79
07/04/2020,LCH,LA,ASW,CE,Combined TRACON& Tower with Radar,0,5,16,0,21,0,1,26,0,27,0,6,42,0,48,51,0,51,99
07/05/2020,LCH,LA,ASW,CE,Combined TRACON& Tower with Radar,0,6,26,0,32,0,8,13,0,21,0,14,39,0,53,1,0,1,54
07/06/2020,LCH,LA,ASW,CE,Combined TRACON& Tower with Radar,0,16,16,1,33,0,2,19,0,21,0,18,35,1,54,4,0,4,58
07/07/2020,LCH,LA,ASW,CE,Combined TRACON& Tower with Radar,0,14,7,0,21,0,5,10,0,15,0,19,17,0,36,36,0,36,72
07/08/2020,LCH,LA,ASW,CE,Combined TRACON& Tower with Radar,0,10,13,12,35,0,10,17,1,28,0,20,30,13,63,50,0,50,113
07/09/2020,LCH,LA,ASW,CE,Combined TRACON& Tower with Radar,0,14,12,1,27,0,11,18,0,29,0,25,30,1,56,4,0,4,60
07/10/2020,LCH,LA,ASW,CE,Combined TRACON& Tower with Radar,0,15,12,0,27,0,11,21,0,32,0,26,33,0,59,12,0,12,71
07/11/2020,LCH,LA,ASW,CE,Combined TRACON& Tower with Radar,0,5,7,0,12,0,5,34,0,39,0,10,41,0,51,62,0,62,113
07/12/2020,LCH,LA,ASW,CE,Combined TRACON& Tower with Radar,0,13,4,4,21,0,5,13,0,18,0,18,17,4,39,6,0,6,45
07/13/2020,LCH,LA,ASW,CE,Combined TRACON& Tower with Radar,0,16,14,3,33,0,5,24,0,29,0,21,38,3,62,29,0,29,91
07/14/2020,LCH,LA,ASW,CE,Combined TRACON& Tower with Radar,0,10,10,3,23,0,13,16,2,31,0,23,26,5,54,14,0,14,68
07/15/2020,LCH,LA,ASW,CE,Combined TRACON& Tower with Radar,0,17,13,2,32,0,17,25,0,42,0,34,38,2,74,26,0,26,100
07/16/2020,LCH,LA,ASW,CE,Combined TRACON& Tower with Radar,0,12,13,0,25,0,10,25,0,35,0,22,38,0,60,8,0,8,68
07/17/2020,LCH,LA,ASW,CE,Combined TRACON& Tower with Radar,0,10,14,4,28,0,13,12,0,25,0,23,26,4,53,41,0,41,94
07/18/2020,LCH,LA,ASW,CE,Combined TRACON& Tower with Radar,0,11,13,8,32,0,10,32,0,42,0,21,45,8,74,29,0,29,103
07/19/2020,LCH,LA,ASW,CE,Combined TRACON& Tower with Radar,0,10,10,0,20,0,6,8,0,14,0,16,18,0,34,25,0,25,59
07/20/2020,LCH,LA,ASW,CE,Combined TRACON& Tower with Radar,0,9,12,0,21,0,2,7,0,9,0,11,19,0,30,6,0,6,36
07/21/2020,LCH,LA,ASW,CE,Combined TRACON& Tower with Radar,0,12,1,0,13,0,9,8,0,17,0,21,9,0,30,10,0,10,40
07/22/2020,LCH,LA,ASW,CE,Combined TRACON& Tower with Radar,0,10,7,0,17,0,18,15,0,33,0,28,22,0,50,59,0,59,109
07/23/2020,LCH,LA,ASW,CE,Combined TRACON& Tower with Radar,0,13,12,0,25,0,3,21,0,24,0,16,33,0,49,35,0,35,84
07/24/2020,LCH,LA,ASW,CE,Combined TRACON& Tower with Radar,0,15,2,0,17,0,2,1,0,3,0,17,3,0,20,5,0,5,25
07/25/2020,LCH,LA,ASW,CE,Combined TRACON& Tower with Radar,0,9,0,0,9,0,2,3,0,5,0,11,3,0,14,24,0,24,38
07/26/2020,LCH,LA,ASW,CE,Combined TRACON& Tower with Radar,0,14,5,0,19,0,3,4,0,7,0,17,9,0,26,0,0,0,26
07/27/2020,LCH,LA,ASW,CE,Combined TRACON& Tower with Radar,0,10,5,0,15,0,5,10,0,15,0,15,15,0,30,25,0,25,55
07/28/2020,LCH,LA,ASW,CE,Combined TRACON& Tower with Radar,0,10,7,0,17,0,3,9,0,12,0,13,16,0,29,6,0,6,35
07/29/2020,LCH,LA,ASW,CE,Combined TRACON& Tower with Radar,0,14,6,2,22,0,11,10,0,21,0,25,16,2,43,22,0,22,65
07/30/2020,LCH,LA,ASW,CE,Combined TRACON& Tower with Radar,0,10,11,18,39,0,14,22,0,36,0,24,33,18,75,52,26,78,153
07/31/2020,LCH,LA,ASW,CE,Combined TRACON& Tower with Radar,0,12,15,0,27,0,17,16,0,33,0,29,31,0,60,9,0,9,69
08/01/2020,LCH,LA,ASW,CE,Combined TRACON& Tower with Radar,0,10,4,0,14,0,6,7,1,14,0,16,11,1,28,7,0,7,35
08/02/2020,LCH,LA,ASW,CE,Combined TRACON& Tower with Radar,0,12,13,18,43,0,3,22,0,25,0,15,35,18,68,32,0,32,100
08/03/2020,LCH,LA,ASW,CE,Combined TRACON& Tower with Radar,0,10,11,3,24,0,8,21,0,29,0,18,32,3,53,49,0,49,102
08/04/2020,LCH,LA,ASW,CE,Combined TRACON& Tower with Radar,0,10,18,0,28,0,14,23,0,37,0,24,41,0,65,25,0,25,90
08/05/2020,LCH,LA,ASW,CE,Combined TRACON& Tower with Radar,0,10,5,0,15,0,17,30,0,47,0,27,35,0,62,10,0,10,72
08/06/2020,LCH,LA,ASW,CE,Combined TRACON& Tower with Radar,0,12,10,4,26,0,8,27,0,35,0,20,37,4,61,24,0,24,85
08/07/2020,LCH,LA,ASW,CE,Combined TRACON& Tower with Radar,0,15,18,7,40,0,12,20,0,32,0,27,38,7,72,26,0,26,98
08/08/2020,LCH,LA,ASW,CE,Combined TRACON& Tower with Radar,0,9,8,2,19,0,12,26,0,38,0,21,34,2,57,13,0,13,70
08/09/2020,LCH,LA,ASW,CE,Combined TRACON& Tower with Radar,0,13,13,0,26,0,9,8,0,17,0,22,21,0,43,17,0,17,60
08/10/2020,LCH,LA,ASW,CE,Combined TRACON& Tower with Radar,0,13,7,8,28,0,17,18,0,35,0,30,25,8,63,7,0,7,70
08/11/2020,LCH,LA,ASW,CE,Combined TRACON& Tower with Radar,0,13,11,0,24,0,15,29,1,45,0,28,40,1,69,34,0,34,103
08/12/2020,LCH,LA,ASW,CE,Combined TRACON& Tower with Radar,0,15,5,0,20,0,13,18,0,31,0,28,23,0,51,74,0,74,125
08/13/2020,LCH,LA,ASW,CE,Combined TRACON& Tower with Radar,0,11,8,2,21,0,15,11,2,28,0,26,19,4,49,17,4,21,70
08/14/2020,LCH,LA,ASW,CE,Combined TRACON& Tower with Radar,0,12,10,8,30,0,13,35,1,49,0,25,45,9,79,58,0,58,137
08/15/2020,LCH,LA,ASW,CE,Combined TRACON& Tower with Radar,0,12,11,0,23,0,15,25,0,40,0,27,36,0,63,66,0,66,129
08/16/2020,LCH,LA,ASW,CE,Combined TRACON& Tower with Radar,0,14,13,0,27,0,9,25,1,35,0,23,38,1,62,48,0,48,110
08/17/2020,LCH,LA,ASW,CE,Combined TRACON& Tower with Radar,0,11,12,0,23,0,2,10,0,12,0,13,22,0,35,3,0,3,38
08/18/2020,LCH,LA,ASW,CE,Combined TRACON& Tower with Radar,0,11,16,2,29,0,14,8,0,22,0,25,24,2,51,28,0,28,79
08/19/2020,LCH,LA,ASW,CE,Combined TRACON& Tower with Radar,0,14,10,6,30,0,14,16,0,30,0,28,26,6,60,20,0,20,80
08/20/2020,LCH,LA,ASW,CE,Combined TRACON& Tower with Radar,0,10,14,2,26,0,12,24,0,36,0,22,38,2,62,48,0,48,110
08/21/2020,LCH,LA,ASW,CE,Combined TRACON& Tower with Radar,0,12,10,6,28,0,15,28,1,44,0,27,38,7,72,42,0,42,114
08/22/2020,LCH,LA,ASW,CE,Combined TRACON& Tower with Radar,0,11,4,0,15,0,13,21,1,35,0,24,25,1,50,50,0,50,100
08/23/2020,LCH,LA,ASW,CE,Combined TRACON& Tower with Radar,0,14,16,0,30,0,13,23,0,36,0,27,39,0,66,8,0,8,74
08/24/2020,LCH,LA,ASW,CE,Combined TRACON& Tower with Radar,0,11,6,3,20,0,2,5,0,7,0,13,11,3,27,1,0,1,28
08/25/2020,LCH,LA,ASW,CE,Combined TRACON& Tower with Radar,0,16,6,1,23,0,7,4,0,11,0,23,10,1,34,0,0,0,34
08/26/2020,LCH,LA,ASW,CE,Combined TRACON& Tower with Radar,0,10,6,0,16,0,7,3,0,10,0,17,9,0,26,0,0,0,26
08/27/2020,LCH,LA,ASW,CE,Combined TRACON& Tower with Radar,0,0,0,0,0,0,0,5,0,5,0,0,5,0,5,0,0,0,5
08/28/2020,LCH,LA,ASW,CE,Combined TRACON& Tower with Radar,0,0,0,0,0,0,0,0,0,0,0,0,0,0,0,0,0,0,0
08/29/2020,LCH,LA,ASW,CE,Combined TRACON& Tower with Radar,0,0,0,0,0,0,0,0,0,0,0,0,0,0,0,0,0,0,0
08/30/2020,LCH,LA,ASW,CE,Combined TRACON& Tower with Radar,0,0,0,0,0,0,0,0,0,0,0,0,0,0,0,0,0,0,0
08/31/2020,LCH,LA,ASW,CE,Combined TRACON& Tower with Radar,0,0,0,0,0,0,2,0,0,2,0,2,0,0,2,0,0,0,2
09/01/2020,LCH,LA,ASW,CE,Combined TRACON& Tower with Radar,0,0,0,0,0,0,0,1,0,1,0,0,1,0,1,0,0,0,1
09/02/2020,LCH,LA,ASW,CE,Combined TRACON& Tower with Radar,0,0,5,0,5,0,2,2,0,4,0,2,7,0,9,0,0,0,9
09/03/2020,LCH,LA,ASW,CE,Combined TRACON& Tower with Radar,0,2,11,0,13,0,4,2,0,6,0,6,13,0,19,13,0,13,32
09/04/2020,LCH,LA,ASW,CE,Combined TRACON& Tower with Radar,0,7,7,0,14,0,2,5,0,7,0,9,12,0,21,11,0,11,32
09/05/2020,LCH,LA,ASW,CE,Combined TRACON& Tower with Radar,0,5,11,0,16,0,3,3,0,6,0,8,14,0,22,43,0,43,65
09/06/2020,LCH,LA,ASW,CE,Combined TRACON& Tower with Radar,0,6,1,0,7,0,0,9,0,9,0,6,10,0,16,25,0,25,41
09/07/2020,LCH,LA,ASW,CE,Combined TRACON& Tower with Radar,0,5,5,0,10,0,5,10,1,16,0,10,15,1,26,0,0,0,26
09/08/2020,LCH,LA,ASW,CE,Combined TRACON& Tower with Radar,0,6,3,0,9,0,2,10,0,12,0,8,13,0,21,0,0,0,21
09/09/2020,LCH,LA,ASW,CE,Combined TRACON& Tower with Radar,0,7,9,0,16,0,4,3,0,7,0,11,12,0,23,0,0,0,23
09/10/2020,LCH,LA,ASW,CE,Combined TRACON& Tower with Radar,0,6,18,0,24,0,2,3,0,5,0,8,21,0,29,0,0,0,29
09/11/2020,LCH,LA,ASW,CE,Combined TRACON& Tower with Radar,0,13,19,0,32,0,1,3,0,4,0,14,22,0,36,15,0,15,51
09/12/2020,LCH,LA,ASW,CE,Combined TRACON& Tower with Radar,0,8,4,0,12,0,1,2,0,3,0,9,6,0,15,4,1,5,20
09/13/2020,LCH,LA,ASW,CE,Combined TRACON& Tower with Radar,0,20,7,0,27,0,3,4,0,7,0,23,11,0,34,15,0,15,49
09/14/2020,LCH,LA,ASW,CE,Combined TRACON& Tower with Radar,0,9,11,0,20,0,0,2,0,2,0,9,13,0,22,8,0,8,30
09/15/2020,LCH,LA,ASW,CE,Combined TRACON& Tower with Radar,0,6,0,0,6,0,4,1,0,5,0,10,1,0,11,37,0,37,48
09/16/2020,LCH,LA,ASW,CE,Combined TRACON& Tower with Radar,0,9,12,0,21,0,2,6,0,8,0,11,18,0,29,3,0,3,32
09/17/2020,LCH,LA,ASW,CE,Combined TRACON& Tower with Radar,0,5,3,0,8,0,8,4,0,12,0,13,7,0,20,2,0,2,22
09/18/2020,LCH,LA,ASW,CE,Combined TRACON& Tower with Radar,0,3,1,0,4,0,1,4,0,5,0,4,5,0,9,0,0,0,9
09/19/2020,LCH,LA,ASW,CE,Combined TRACON& Tower with Radar,0,4,5,0,9,0,2,4,0,6,0,6,9,0,15,1,0,1,16
09/20/2020,LCH,LA,ASW,CE,Combined TRACON& Tower with Radar,0,6,3,0,9,0,0,0,0,0,0,6,3,0,9,0,0,0,9
09/21/2020,LCH,LA,ASW,CE,Combined TRACON& Tower with Radar,0,11,6,0,17,0,0,0,0,0,0,11,6,0,17,0,0,0,17
09/22/2020,LCH,LA,ASW,CE,Combined TRACON& Tower with Radar,0,6,10,0,16,0,0,0,0,0,0,6,10,0,16,0,0,0,16
09/23/2020,LCH,LA,ASW,CE,Combined TRACON& Tower with Radar,0,7,1,0,8,0,0,2,0,2,0,7,3,0,10,0,0,0,10
09/24/2020,LCH,LA,ASW,CE,Combined TRACON& Tower with Radar,0,9,1,0,10,0,3,2,0,5,0,12,3,0,15,0,0,0,15
09/25/2020,LCH,LA,ASW,CE,Combined TRACON& Tower with Radar,0,12,5,2,19,0,1,6,0,7,0,13,11,2,26,16,0,16,42
09/26/2020,LCH,LA,ASW,CE,Combined TRACON& Tower with Radar,0,6,10,2,18,0,3,17,0,20,0,9,27,2,38,28,0,28,66
09/27/2020,LCH,LA,ASW,CE,Combined TRACON& Tower with Radar,0,10,4,0,14,0,4,12,0,16,0,14,16,0,30,20,0,20,50
09/28/2020,LCH,LA,ASW,CE,Combined TRACON& Tower with Radar,0,8,2,0,10,0,1,4,0,5,0,9,6,0,15,0,0,0,15
09/29/2020,LCH,LA,ASW,CE,Combined TRACON& Tower with Radar,0,6,10,2,18,0,2,28,0,30,0,8,38,2,48,8,0,8,56
09/30/2020,LCH,LA,ASW,CE,Combined TRACON& Tower with Radar,0,6,4,0,10,0,7,11,0,18,0,13,15,0,28,6,0,6,34
10/01/2020,LCH,LA,ASW,CE,Combined TRACON& Tower with Radar,0,6,8,0,14,0,4,25,0,29,0,10,33,0,43,0,0,0,43
10/02/2020,LCH,LA,ASW,CE,Combined TRACON& Tower with Radar,0,9,13,0,22,0,8,15,0,23,0,17,28,0,45,0,0,0,45
10/03/2020,LCH,LA,ASW,CE,Combined TRACON& Tower with Radar,0,6,2,4,12,0,0,9,0,9,0,6,11,4,21,0,0,0,21
10/04/2020,LCH,LA,ASW,CE,Combined TRACON& Tower with Radar,0,6,6,0,12,0,3,17,0,20,0,9,23,0,32,32,0,32,64
10/05/2020,LCH,LA,ASW,CE,Combined TRACON& Tower with Radar,0,6,2,0,8,0,1,23,0,24,0,7,25,0,32,32,0,32,64
10/06/2020,LCH,LA,ASW,CE,Combined TRACON& Tower with Radar,0,6,4,0,10,0,0,20,0,20,0,6,24,0,30,14,0,14,44
10/07/2020,LCH,LA,ASW,CE,Combined TRACON& Tower with Radar,0,2,7,0,9,0,17,16,0,33,0,19,23,0,42,14,0,14,56
10/08/2020,LCH,LA,ASW,CE,Combined TRACON& Tower with Radar,0,4,5,0,9,0,1,3,0,4,0,5,8,0,13,0,0,0,13
10/10/2020,LCH,LA,ASW,CE,Combined TRACON& Tower with Radar,0,0,1,0,1,0,1,2,0,3,0,1,3,0,4,0,0,0,4
10/11/2020,LCH,LA,ASW,CE,Combined TRACON& Tower with Radar,0,2,1,0,3,0,1,2,0,3,0,3,3,0,6,0,0,0,6
10/12/2020,LCH,LA,ASW,CE,Combined TRACON& Tower with Radar,0,4,4,0,8,0,4,4,0,8,0,8,8,0,16,0,0,0,16
10/13/2020,LCH,LA,ASW,CE,Combined TRACON& Tower with Radar,0,1,0,0,1,0,4,12,0,16,0,5,12,0,17,0,0,0,17
10/14/2020,LCH,LA,ASW,CE,Combined TRACON& Tower with Radar,0,8,3,0,11,0,0,15,0,15,0,8,18,0,26,0,0,0,26
10/15/2020,LCH,LA,ASW,CE,Combined TRACON& Tower with Radar,0,5,7,0,12,0,0,14,0,14,0,5,21,0,26,2,0,2,28
10/16/2020,LCH,LA,ASW,CE,Combined TRACON& Tower with Radar,0,4,10,1,15,0,4,4,0,8,0,8,14,1,23,11,0,11,34
10/17/2020,LCH,LA,ASW,CE,Combined TRACON& Tower with Radar,0,2,11,0,13,0,4,17,0,21,0,6,28,0,34,12,0,12,46
10/18/2020,LCH,LA,ASW,CE,Combined TRACON& Tower with Radar,0,4,12,0,16,0,0,11,0,11,0,4,23,0,27,26,0,26,53
10/19/2020,LCH,LA,ASW,CE,Combined TRACON& Tower with Radar,0,4,10,0,14,0,0,10,0,10,0,4,20,0,24,4,0,4,28
10/20/2020,LCH,LA,ASW,CE,Combined TRACON& Tower with Radar,0,2,9,0,11,0,2,10,0,12,0,4,19,0,23,0,0,0,23
10/21/2020,LCH,LA,ASW,CE,Combined TRACON& Tower with Radar,0,4,13,1,18,0,2,24,0,26,0,6,37,1,44,1,0,1,45
10/22/2020,LCH,LA,ASW,CE,Combined TRACON& Tower with Radar,0,5,8,1,14,0,5,13,0,18,0,10,21,1,32,8,0,8,40
10/23/2020,LCH,LA,ASW,CE,Combined TRACON& Tower with Radar,0,8,2,0,10,0,0,3,0,3,0,8,5,0,13,20,0,20,33
10/24/2020,LCH,LA,ASW,CE,Combined TRACON& Tower with Radar,0,2,5,0,7,0,0,4,0,4,0,2,9,0,11,0,0,0,11
10/25/2020,LCH,LA,ASW,CE,Combined TRACON& Tower with Radar,0,5,5,0,10,0,0,8,0,8,0,5,13,0,18,26,0,26,44
10/26/2020,LCH,LA,ASW,CE,Combined TRACON& Tower with Radar,0,5,10,0,15,0,15,13,0,28,0,20,23,0,43,5,0,5,48
10/27/2020,LCH,LA,ASW,CE,Combined TRACON& Tower with Radar,0,10,6,2,18,0,9,8,0,17,0,19,14,2,35,3,0,3,38
10/28/2020,LCH,LA,ASW,CE,Combined TRACON& Tower with Radar,0,4,3,0,7,0,0,0,0,0,0,4,3,0,7,0,0,0,7
10/29/2020,LCH,LA,ASW,CE,Combined TRACON& Tower with Radar,0,5,5,8,18,0,22,8,3,33,0,27,13,11,51,0,11,11,62
10/30/2020,LCH,LA,ASW,CE,Combined TRACON& Tower with Radar,0,5,7,0,12,0,6,22,0,28,0,11,29,0,40,12,0,12,52
10/31/2020,LCH,LA,ASW,CE,Combined TRACON& Tower with Radar,0,2,12,0,14,0,10,25,0,35,0,12,37,0,49,6,0,6,55
11/01/2020,LCH,LA,ASW,CE,Combined TRACON& Tower with Radar,0,5,7,0,12,0,3,17,0,20,0,8,24,0,32,4,0,4,36
11/02/2020,LCH,LA,ASW,CE,Combined TRACON& Tower with Radar,0,5,3,0,8,0,2,18,0,20,0,7,21,0,28,10,0,10,38
11/03/2020,LCH,LA,ASW,CE,Combined TRACON& Tower with Radar,0,4,14,5,23,0,6,17,0,23,0,10,31,5,46,42,0,42,88
11/04/2020,LCH,LA,ASW,CE,Combined TRACON& Tower with Radar,0,2,9,0,11,0,6,24,0,30,0,8,33,0,41,37,0,37,78
11/05/2020,LCH,LA,ASW,CE,Combined TRACON& Tower with Radar,0,8,19,0,27,0,9,19,0,28,0,17,38,0,55,21,0,21,76
11/06/2020,LCH,LA,ASW,CE,Combined TRACON& Tower with Radar,0,4,13,0,17,0,5,11,0,16,0,9,24,0,33,12,0,12,45
11/07/2020,LCH,LA,ASW,CE,Combined TRACON& Tower with Radar,0,4,7,0,11,0,2,16,0,18,0,6,23,0,29,8,0,8,37
11/08/2020,LCH,LA,ASW,CE,Combined TRACON& Tower with Radar,0,5,21,0,26,0,1,8,0,9,0,6,29,0,35,44,0,44,79
11/09/2020,LCH,LA,ASW,CE,Combined TRACON& Tower with Radar,0,4,9,2,15,0,7,5,0,12,0,11,14,2,27,21,0,21,48
11/10/2020,LCH,LA,ASW,CE,Combined TRACON& Tower with Radar,0,4,13,0,17,0,10,10,0,20,0,14,23,0,37,24,0,24,61
11/11/2020,LCH,LA,ASW,CE,Combined TRACON& Tower with Radar,0,4,6,0,10,0,8,15,0,23,0,12,21,0,33,21,0,21,54
11/12/2020,LCH,LA,ASW,CE,Combined TRACON& Tower with Radar,0,6,9,4,19,0,22,15,0,37,0,28,24,4,56,30,0,30,86
11/13/2020,LCH,LA,ASW,CE,Combined TRACON& Tower with Radar,0,4,17,0,21,0,13,23,2,38,0,17,40,2,59,4,0,4,63
11/14/2020,LCH,LA,ASW,CE,Combined TRACON& Tower with Radar,0,4,10,2,16,0,8,6,0,14,0,12,16,2,30,0,0,0,30
11/15/2020,LCH,LA,ASW,CE,Combined TRACON& Tower with Radar,0,5,13,0,18,0,4,16,0,20,0,9,29,0,38,30,0,30,68
11/16/2020,LCH,LA,ASW,CE,Combined TRACON& Tower with Radar,0,4,18,0,22,0,26,14,0,40,0,30,32,0,62,16,0,16,78
11/17/2020,LCH,LA,ASW,CE,Combined TRACON& Tower with Radar,0,4,4,0,8,0,14,8,0,22,0,18,12,0,30,15,0,15,45
11/18/2020,LCH,LA,ASW,CE,Combined TRACON& Tower with Radar,0,2,10,0,12,0,9,16,0,25,0,11,26,0,37,10,0,10,47
11/19/2020,LCH,LA,ASW,CE,Combined TRACON& Tower with Radar,0,6,14,0,20,0,11,19,0,30,0,17,33,0,50,14,0,14,64
11/20/2020,LCH,LA,ASW,CE,Combined TRACON& Tower with Radar,0,7,12,2,21,0,15,11,1,27,0,22,23,3,48,6,0,6,54
11/21/2020,LCH,LA,ASW,CE,Combined TRACON& Tower with Radar,0,5,5,0,10,0,9,13,0,22,0,14,18,0,32,0,0,0,32
11/22/2020,LCH,LA,ASW,CE,Combined TRACON& Tower with Radar,0,5,8,0,13,0,7,13,0,20,0,12,21,0,33,0,0,0,33
11/23/2020,LCH,LA,ASW,CE,Combined TRACON& Tower with Radar,0,4,7,2,13,0,10,21,0,31,0,14,28,2,44,10,0,10,54
11/24/2020,LCH,LA,ASW,CE,Combined TRACON& Tower with Radar,0,6,17,0,23,0,12,4,0,16,0,18,21,0,39,0,0,0,39
11/25/2020,LCH,LA,ASW,CE,Combined TRACON& Tower with Radar,0,8,8,0,16,0,0,10,0,10,0,8,18,0,26,1,0,1,27
11/26/2020,LCH,LA,ASW,CE,Combined TRACON& Tower with Radar,0,3,5,0,8,0,6,2,0,8,0,9,7,0,16,6,0,6,22
11/27/2020,LCH,LA,ASW,CE,Combined TRACON& Tower with Radar,0,10,4,0,14,0,0,0,0,0,0,10,4,0,14,0,0,0,14
11/28/2020,LCH,LA,ASW,CE,Combined TRACON& Tower with Radar,0,6,7,0,13,0,0,0,0,0,0,6,7,0,13,0,0,0,13
11/29/2020,LCH,LA,ASW,CE,Combined TRACON& Tower with Radar,0,11,8,2,21,0,1,0,0,1,0,12,8,2,22,0,0,0,22
11/30/2020,LCH,LA,ASW,CE,Combined TRACON& Tower with Radar,0,5,7,1,13,0,4,10,2,16,0,9,17,3,29,20,0,20,49
12/01/2020,LCH,LA,ASW,CE,Combined TRACON& Tower with Radar,0,4,20,0,24,0,14,10,0,24,0,18,30,0,48,9,0,9,57
12/02/2020,LCH,LA,ASW,CE,Combined TRACON& Tower with Radar,0,5,3,2,10,0,3,6,0,9,0,8,9,2,19,0,0,0,19
12/03/2020,LCH,LA,ASW,CE,Combined TRACON& Tower with Radar,0,8,18,0,26,0,1,2,0,3,0,9,20,0,29,0,0,0,29
12/04/2020,LCH,LA,ASW,CE,Combined TRACON& Tower with Radar,0,10,12,2,24,0,22,18,0,40,0,32,30,2,64,24,0,24,88
12/05/2020,LCH,LA,ASW,CE,Combined TRACON& Tower with Radar,0,8,10,0,18,0,5,10,0,15,0,13,20,0,33,24,0,24,57
12/06/2020,LCH,LA,ASW,CE,Combined TRACON& Tower with Radar,0,8,9,0,17,0,5,16,0,21,0,13,25,0,38,20,0,20,58
12/07/2020,LCH,LA,ASW,CE,Combined TRACON& Tower with Radar,0,4,3,0,7,0,22,3,1,26,0,26,6,1,33,1,0,1,34
12/08/2020,LCH,LA,ASW,CE,Combined TRACON& Tower with Radar,0,6,12,2,20,0,21,8,0,29,0,27,20,2,49,44,0,44,93
12/09/2020,LCH,LA,ASW,CE,Combined TRACON& Tower with Radar,0,2,8,2,12,0,11,14,1,26,0,13,22,3,38,17,0,17,55
12/10/2020,LCH,LA,ASW,CE,Combined TRACON& Tower with Radar,0,10,7,0,17,0,8,17,1,26,0,18,24,1,43,10,0,10,53
12/11/2020,LCH,LA,ASW,CE,Combined TRACON& Tower with Radar,0,8,7,0,15,0,15,3,1,19,0,23,10,1,34,28,0,28,62
12/12/2020,LCH,LA,ASW,CE,Combined TRACON& Tower with Radar,0,9,16,0,25,0,5,5,0,10,0,14,21,0,35,26,0,26,61
12/13/2020,LCH,LA,ASW,CE,Combined TRACON& Tower with Radar,0,9,3,0,12,0,1,0,0,1,0,10,3,0,13,0,0,0,13
12/14/2020,LCH,LA,ASW,CE,Combined TRACON& Tower with Radar,0,12,11,14,37,0,2,1,1,4,0,14,12,15,41,0,0,0,41
12/15/2020,LCH,LA,ASW,CE,Combined TRACON& Tower with Radar,0,12,9,0,21,0,1,0,0,1,0,13,9,0,22,0,0,0,22
12/16/2020,LCH,LA,ASW,CE,Combined TRACON& Tower with Radar,0,10,18,0,28,0,11,12,0,23,0,21,30,0,51,8,0,8,59
12/17/2020,LCH,LA,ASW,CE,Combined TRACON& Tower with Radar,0,9,13,2,24,0,25,24,0,49,0,34,37,2,73,18,0,18,91
12/18/2020,LCH,LA,ASW,CE,Combined TRACON& Tower with Radar,0,6,8,0,14,0,12,7,0,19,0,18,15,0,33,6,0,6,39
12/19/2020,LCH,LA,ASW,CE,Combined TRACON& Tower with Radar,0,5,3,0,8,0,7,0,0,7,0,12,3,0,15,0,0,0,15
12/20/2020,LCH,LA,ASW,CE,Combined TRACON& Tower with Radar,0,4,16,0,20,0,8,1,0,9,0,12,17,0,29,13,0,13,42
12/21/2020,LCH,LA,ASW,CE,Combined TRACON& Tower with Radar,0,4,4,0,8,0,16,15,1,32,0,20,19,1,40,0,0,0,40
12/22/2020,LCH,LA,ASW,CE,Combined TRACON& Tower with Radar,0,7,6,0,13,0,13,16,0,29,0,20,22,0,42,31,0,31,73
12/23/2020,LCH,LA,ASW,CE,Combined TRACON& Tower with Radar,0,4,7,0,11,0,8,3,0,11,0,12,10,0,22,0,0,0,22
12/24/2020,LCH,LA,ASW,CE,Combined TRACON& Tower with Radar,0,2,5,0,7,0,0,14,0,14,0,2,19,0,21,0,0,0,21
12/25/2020,LCH,LA,ASW,CE,Combined TRACON& Tower with Radar,0,2,7,0,9,0,0,9,0,9,0,2,16,0,18,10,0,10,28
12/26/2020,LCH,LA,ASW,CE,Combined TRACON& Tower with Radar,0,5,2,0,7,0,8,16,0,24,0,13,18,0,31,30,0,30,61
12/27/2020,LCH,LA,ASW,CE,Combined TRACON& Tower with Radar,0,4,6,0,10,0,5,11,0,16,0,9,17,0,26,19,0,19,45
12/28/2020,LCH,LA,ASW,CE,Combined TRACON& Tower with Radar,0,4,6,0,10,0,2,8,0,10,0,6,14,0,20,0,0,0,20
12/29/2020,LCH,LA,ASW,CE,Combined TRACON& Tower with Radar,0,6,14,0,20,0,8,16,0,24,0,14,30,0,44,52,0,52,96
12/30/2020,LCH,LA,ASW,CE,Combined TRACON& Tower with Radar,0,13,9,1,23,0,6,1,0,7,0,19,10,1,30,90,0,90,120
12/31/2020,LCH,LA,ASW,CE,Combined TRACON& Tower with Radar,0,9,0,0,9,0,0,0,0,0,0,9,0,0,9,0,0,0,9
01/01/2021,LCH,LA,ASW,CE,Combined TRACON& Tower with Radar,0,3,9,2,14,0,9,13,0,22,0,12,22,2,36,22,0,22,58
01/02/2021,LCH,LA,ASW,CE,Combined TRACON& Tower with Radar,0,2,6,0,8,0,4,16,0,20,0,6,22,0,28,0,0,0,28
01/03/2021,LCH,LA,ASW,CE,Combined TRACON& Tower with Radar,0,5,8,0,13,0,20,21,0,41,0,25,29,0,54,47,0,47,101
01/04/2021,LCH,LA,ASW,CE,Combined TRACON& Tower with Radar,0,6,4,0,10,0,9,11,0,20,0,15,15,0,30,36,0,36,66
01/05/2021,LCH,LA,ASW,CE,Combined TRACON& Tower with Radar,0,14,13,0,27,0,13,9,1,23,0,27,22,1,50,24,0,24,74
01/06/2021,LCH,LA,ASW,CE,Combined TRACON& Tower with Radar,2,7,4,2,15,0,14,16,0,30,2,21,20,2,45,6,0,6,51
01/07/2021,LCH,LA,ASW,CE,Combined TRACON& Tower with Radar,0,9,9,0,18,0,4,6,0,10,0,13,15,0,28,14,0,14,42
01/08/2021,LCH,LA,ASW,CE,Combined TRACON& Tower with Radar,0,13,28,5,46,0,15,15,0,30,0,28,43,5,76,43,0,43,119
01/09/2021,LCH,LA,ASW,CE,Combined TRACON& Tower with Radar,0,11,11,9,31,0,8,26,0,34,0,19,37,9,65,2,0,2,67
01/10/2021,LCH,LA,ASW,CE,Combined TRACON& Tower with Radar,0,11,6,2,19,0,8,6,0,14,0,19,12,2,33,0,0,0,33
01/11/2021,LCH,LA,ASW,CE,Combined TRACON& Tower with Radar,0,10,7,1,18,0,9,0,0,9,0,19,7,1,27,44,0,44,71
01/12/2021,LCH,LA,ASW,CE,Combined TRACON& Tower with Radar,0,12,11,11,34,0,9,13,0,22,0,21,24,11,56,56,2,58,114
01/13/2021,LCH,LA,ASW,CE,Combined TRACON& Tower with Radar,0,11,10,3,24,0,13,19,1,33,0,24,29,4,57,26,0,26,83
01/14/2021,LCH,LA,ASW,CE,Combined TRACON& Tower with Radar,0,9,16,6,31,0,11,12,0,23,0,20,28,6,54,0,0,0,54
01/15/2021,LCH,LA,ASW,CE,Combined TRACON& Tower with Radar,0,12,12,0,24,0,9,21,0,30,0,21,33,0,54,22,0,22,76
01/16/2021,LCH,LA,ASW,CE,Combined TRACON& Tower with Radar,0,10,4,2,16,0,12,27,0,39,0,22,31,2,55,48,14,62,117
01/17/2021,LCH,LA,ASW,CE,Combined TRACON& Tower with Radar,0,10,7,0,17,0,5,16,0,21,0,15,23,0,38,0,0,0,38
01/18/2021,LCH,LA,ASW,CE,Combined TRACON& Tower with Radar,0,11,6,0,17,0,9,16,0,25,0,20,22,0,42,14,0,14,56
01/19/2021,LCH,LA,ASW,CE,Combined TRACON& Tower with Radar,0,22,12,5,39,0,29,8,0,37,0,51,20,5,76,74,0,74,150
01/20/2021,LCH,LA,ASW,CE,Combined TRACON& Tower with Radar,0,21,7,2,30,0,12,6,0,18,0,33,13,2,48,0,0,0,48
01/21/2021,LCH,LA,ASW,CE,Combined TRACON& Tower with Radar,0,15,18,0,33,0,9,0,0,9,0,24,18,0,42,10,0,10,52
01/22/2021,LCH,LA,ASW,CE,Combined TRACON& Tower with Radar,0,16,9,0,25,0,0,0,0,0,0,16,9,0,25,0,0,0,25
01/23/2021,LCH,LA,ASW,CE,Combined TRACON& Tower with Radar,0,10,22,0,32,0,0,0,0,0,0,10,22,0,32,0,0,0,32
01/24/2021,LCH,LA,ASW,CE,Combined TRACON& Tower with Radar,0,14,22,0,36,0,1,2,0,3,0,15,24,0,39,0,0,0,39
01/25/2021,LCH,LA,ASW,CE,Combined TRACON& Tower with Radar,0,10,18,0,28,0,0,0,0,0,0,10,18,0,28,2,0,2,30
01/26/2021,LCH,LA,ASW,CE,Combined TRACON& Tower with Radar,0,11,12,2,25,0,20,20,0,40,0,31,32,2,65,28,0,28,93
01/27/2021,LCH,LA,ASW,CE,Combined TRACON& Tower with Radar,0,13,14,10,37,0,10,22,0,32,0,23,36,10,69,19,0,19,88
01/28/2021,LCH,LA,ASW,CE,Combined TRACON& Tower with Radar,0,15,21,0,36,0,16,36,0,52,0,31,57,0,88,32,0,32,120
01/29/2021,LCH,LA,ASW,CE,Combined TRACON& Tower with Radar,0,16,20,10,46,0,13,30,9,52,0,29,50,19,98,44,0,44,142
01/30/2021,LCH,LA,ASW,CE,Combined TRACON& Tower with Radar,0,9,8,1,18,0,10,12,0,22,0,19,20,1,40,20,0,20,60
01/31/2021,LCH,LA,ASW,CE,Combined TRACON& Tower with Radar,0,18,13,2,33,0,9,20,4,33,0,27,33,6,66,21,1,22,88
02/01/2021,LCH,LA,ASW,CE,Combined TRACON& Tower with Radar,0,10,13,8,31,0,5,21,0,26,0,15,34,8,57,12,0,12,69
02/02/2021,LCH,LA,ASW,CE,Combined TRACON& Tower with Radar,0,11,6,0,17,0,15,26,1,42,0,26,32,1,59,52,0,52,111
02/03/2021,LCH,LA,ASW,CE,Combined TRACON& Tower with Radar,0,9,1,6,16,0,19,16,0,35,0,28,17,6,51,33,0,33,84
02/04/2021,LCH,LA,ASW,CE,Combined TRACON& Tower with Radar,0,10,9,4,23,0,9,11,0,20,0,19,20,4,43,36,0,36,79
02/05/2021,LCH,LA,ASW,CE,Combined TRACON& Tower with Radar,0,23,5,0,28,0,5,2,0,7,0,28,7,0,35,0,0,0,35
02/06/2021,LCH,LA,ASW,CE,Combined TRACON& Tower with Radar,0,18,10,2,30,0,1,8,0,9,0,19,18,2,39,1,0,1,40
02/07/2021,LCH,LA,ASW,CE,Combined TRACON& Tower with Radar,0,14,5,8,27,0,9,16,3,28,0,23,21,11,55,4,0,4,59
02/08/2021,LCH,LA,ASW,CE,Combined TRACON& Tower with Radar,0,11,8,0,19,0,5,15,0,20,0,16,23,0,39,12,0,12,51
02/09/2021,LCH,LA,ASW,CE,Combined TRACON& Tower with Radar,0,12,12,1,25,0,4,7,0,11,0,16,19,1,36,45,0,45,81
02/10/2021,LCH,LA,ASW,CE,Combined TRACON& Tower with Radar,0,15,4,4,23,0,7,0,0,7,0,22,4,4,30,2,0,2,32
02/11/2021,LCH,LA,ASW,CE,Combined TRACON& Tower with Radar,0,14,6,0,20,0,0,0,0,0,0,14,6,0,20,0,0,0,20
02/12/2021,LCH,LA,ASW,CE,Combined TRACON& Tower with Radar,0,11,1,0,12,0,0,0,0,0,0,11,1,0,12,0,0,0,12
02/13/2021,LCH,LA,ASW,CE,Combined TRACON& Tower with Radar,0,9,5,0,14,0,4,3,0,7,0,13,8,0,21,0,0,0,21
02/14/2021,LCH,LA,ASW,CE,Combined TRACON& Tower with Radar,0,4,0,0,4,0,1,2,0,3,0,5,2,0,7,5,0,5,12
02/15/2021,LCH,LA,ASW,CE,Combined TRACON& Tower with Radar,0,0,0,0,0,0,2,0,0,2,0,2,0,0,2,0,0,0,2
02/16/2021,LCH,LA,ASW,CE,Combined TRACON& Tower with Radar,0,0,0,0,0,0,1,0,0,1,0,1,0,0,1,1,0,1,2
02/17/2021,LCH,LA,ASW,CE,Combined TRACON& Tower with Radar,0,1,0,0,1,0,0,2,0,2,0,1,2,0,3,0,0,0,3
02/18/2021,LCH,LA,ASW,CE,Combined TRACON& Tower with Radar,0,3,4,0,7,0,2,0,0,2,0,5,4,0,9,20,0,20,29
02/19/2021,LCH,LA,ASW,CE,Combined TRACON& Tower with Radar,0,6,9,0,15,0,13,10,1,24,0,19,19,1,39,61,0,61,100
02/20/2021,LCH,LA,ASW,CE,Combined TRACON& Tower with Radar,0,11,12,0,23,0,15,23,0,38,0,26,35,0,61,18,0,18,79
02/21/2021,LCH,LA,ASW,CE,Combined TRACON& Tower with Radar,0,9,8,0,17,0,4,9,0,13,0,13,17,0,30,6,0,6,36
02/22/2021,LCH,LA,ASW,CE,Combined TRACON& Tower with Radar,0,11,17,0,28,0,4,19,0,23,0,15,36,0,51,44,0,44,95
02/23/2021,LCH,LA,ASW,CE,Combined TRACON& Tower with Radar,0,10,8,0,18,0,6,24,0,30,0,16,32,0,48,74,0,74,122
02/24/2021,LCH,LA,ASW,CE,Combined TRACON& Tower with Radar,0,13,7,4,24,0,4,4,0,8,0,17,11,4,32,38,0,38,70
02/25/2021,LCH,LA,ASW,CE,Combined TRACON& Tower with Radar,0,12,5,0,17,0,4,4,1,9,0,16,9,1,26,0,0,0,26
02/26/2021,LCH,LA,ASW,CE,Combined TRACON& Tower with Radar,0,14,6,0,20,0,4,8,0,12,0,18,14,0,32,0,0,0,32
02/27/2021,LCH,LA,ASW,CE,Combined TRACON& Tower with Radar,0,10,13,0,23,0,6,3,0,9,0,16,16,0,32,22,0,22,54
02/28/2021,LCH,LA,ASW,CE,Combined TRACON& Tower with Radar,0,11,4,2,17,0,0,0,0,0,0,11,4,2,17,18,0,18,35
03/01/2021,LCH,LA,ASW,CE,Combined TRACON& Tower with Radar,0,13,4,0,17,0,0,0,0,0,0,13,4,0,17,0,0,0,17
03/02/2021,LCH,LA,ASW,CE,Combined TRACON& Tower with Radar,0,16,2,4,22,0,0,2,0,2,0,16,4,4,24,0,0,0,24
03/03/2021,LCH,LA,ASW,CE,Combined TRACON& Tower with Radar,0,11,16,0,27,0,20,32,0,52,0,31,48,0,79,42,0,42,121
03/04/2021,LCH,LA,ASW,CE,Combined TRACON& Tower with Radar,0,9,23,6,38,0,16,19,0,35,0,25,42,6,73,63,0,63,136
03/05/2021,LCH,LA,ASW,CE,Combined TRACON& Tower with Radar,0,13,13,3,29,0,11,9,0,20,0,24,22,3,49,10,0,10,59
03/06/2021,LCH,LA,ASW,CE,Combined TRACON& Tower with Radar,0,11,4,3,18,0,9,24,0,33,0,20,28,3,51,6,0,6,57
03/07/2021,LCH,LA,ASW,CE,Combined TRACON& Tower with Radar,0,10,6,0,16,0,10,27,2,39,0,20,33,2,55,66,0,66,121
03/08/2021,LCH,LA,ASW,CE,Combined TRACON& Tower with Radar,0,10,15,0,25,0,13,15,0,28,0,23,30,0,53,55,0,55,108
03/09/2021,LCH,LA,ASW,CE,Combined TRACON& Tower with Radar,0,8,5,0,13,0,14,1,2,17,0,22,6,2,30,24,0,24,54
03/10/2021,LCH,LA,ASW,CE,Combined TRACON& Tower with Radar,0,8,6,1,15,0,10,3,0,13,0,18,9,1,28,2,0,2,30
03/11/2021,LCH,LA,ASW,CE,Combined TRACON& Tower with Radar,0,13,4,4,21,0,11,2,0,13,0,24,6,4,34,15,0,15,49
03/12/2021,LCH,LA,ASW,CE,Combined TRACON& Tower with Radar,0,16,13,5,34,0,5,13,0,18,0,21,26,5,52,12,0,12,64
03/13/2021,LCH,LA,ASW,CE,Combined TRACON& Tower with Radar,0,11,10,0,21,0,3,6,1,10,0,14,16,1,31,0,0,0,31
03/14/2021,LCH,LA,ASW,CE,Combined TRACON& Tower with Radar,0,8,13,0,21,0,5,3,1,9,0,13,16,1,30,2,0,2,32
03/15/2021,LCH,LA,ASW,CE,Combined TRACON& Tower with Radar,0,19,11,0,30,0,3,2,1,6,0,22,13,1,36,6,0,6,42
03/16/2021,LCH,LA,ASW,CE,Combined TRACON& Tower with Radar,0,15,7,0,22,0,8,2,0,10,0,23,9,0,32,1,0,1,33
03/17/2021,LCH,LA,ASW,CE,Combined TRACON& Tower with Radar,0,11,6,0,17,0,2,0,0,2,0,13,6,0,19,0,0,0,19
03/18/2021,LCH,LA,ASW,CE,Combined TRACON& Tower with Radar,0,11,16,4,31,0,11,11,0,22,0,22,27,4,53,1,0,1,54
03/19/2021,LCH,LA,ASW,CE,Combined TRACON& Tower with Radar,0,11,10,12,33,0,18,15,0,33,0,29,25,12,66,0,0,0,66
03/20/2021,LCH,LA,ASW,CE,Combined TRACON& Tower with Radar,0,10,4,0,14,0,1,11,0,12,0,11,15,0,26,0,2,2,28
03/21/2021,LCH,LA,ASW,CE,Combined TRACON& Tower with Radar,0,10,9,0,19,0,2,29,0,31,0,12,38,0,50,84,0,84,134
03/22/2021,LCH,LA,ASW,CE,Combined TRACON& Tower with Radar,0,13,11,0,24,0,13,5,0,18,0,26,16,0,42,0,0,0,42
03/23/2021,LCH,LA,ASW,CE,Combined TRACON& Tower with Radar,0,9,5,0,14,0,1,5,0,6,0,10,10,0,20,8,0,8,28
03/24/2021,LCH,LA,ASW,CE,Combined TRACON& Tower with Radar,0,20,14,0,34,0,1,4,0,5,0,21,18,0,39,8,0,8,47
03/25/2021,LCH,LA,ASW,CE,Combined TRACON& Tower with Radar,0,23,8,2,33,0,2,11,0,13,0,25,19,2,46,34,0,34,80
03/26/2021,LCH,LA,ASW,CE,Combined TRACON& Tower with Radar,0,13,12,1,26,0,11,17,0,28,0,24,29,1,54,40,0,40,94
03/27/2021,LCH,LA,ASW,CE,Combined TRACON& Tower with Radar,0,19,14,0,33,0,0,2,0,2,0,19,16,0,35,0,0,0,35
03/28/2021,LCH,LA,ASW,CE,Combined TRACON& Tower with Radar,0,8,1,0,9,0,0,1,0,1,0,8,2,0,10,0,0,0,10
03/29/2021,LCH,LA,ASW,CE,Combined TRACON& Tower with Radar,0,12,9,0,21,0,6,24,0,30,0,18,33,0,51,90,0,90,141
03/30/2021,LCH,LA,ASW,CE,Combined TRACON& Tower with Radar,0,14,9,6,29,0,1,5,0,6,0,15,14,6,35,28,0,28,63
03/31/2021,LCH,LA,ASW,CE,Combined TRACON& Tower with Radar,0,17,17,0,34,0,0,4,0,4,0,17,21,0,38,1,0,1,39
04/01/2021,LCH,LA,ASW,CE,Combined TRACON& Tower with Radar,0,12,16,0,28,0,2,19,0,21,0,14,35,0,49,7,0,7,56
04/02/2021,LCH,LA,ASW,CE,Combined TRACON& Tower with Radar,0,16,10,0,26,0,14,26,0,40,0,30,36,0,66,26,0,26,92
04/03/2021,LCH,LA,ASW,CE,Combined TRACON& Tower with Radar,0,10,5,2,17,0,6,15,0,21,0,16,20,2,38,22,0,22,60
04/04/2021,LCH,LA,ASW,CE,Combined TRACON& Tower with Radar,0,10,4,0,14,0,4,6,0,10,0,14,10,0,24,0,0,0,24
04/05/2021,LCH,LA,ASW,CE,Combined TRACON& Tower with Radar,0,11,8,0,19,0,15,11,0,26,0,26,19,0,45,11,0,11,56
04/06/2021,LCH,LA,ASW,CE,Combined TRACON& Tower with Radar,0,17,2,2,21,0,1,8,0,9,0,18,10,2,30,4,0,4,34
04/07/2021,LCH,LA,ASW,CE,Combined TRACON& Tower with Radar,0,20,11,0,31,0,0,3,1,4,0,20,14,1,35,10,0,10,45
04/08/2021,LCH,LA,ASW,CE,Combined TRACON& Tower with Radar,0,11,19,2,32,0,4,33,2,39,0,15,52,4,71,6,0,6,77
04/09/2021,LCH,LA,ASW,CE,Combined TRACON& Tower with Radar,0,15,12,0,27,0,8,14,0,22,0,23,26,0,49,31,3,34,83
04/10/2021,LCH,LA,ASW,CE,Combined TRACON& Tower with Radar,0,12,2,3,17,0,0,15,0,15,0,12,17,3,32,15,4,19,51
04/11/2021,LCH,LA,ASW,CE,Combined TRACON& Tower with Radar,0,12,12,1,25,0,4,25,1,30,0,16,37,2,55,24,0,24,79
04/12/2021,LCH,LA,ASW,CE,Combined TRACON& Tower with Radar,0,15,12,0,27,0,14,16,0,30,0,29,28,0,57,19,0,19,76
04/13/2021,LCH,LA,ASW,CE,Combined TRACON& Tower with Radar,0,20,6,0,26,0,0,3,0,3,0,20,9,0,29,0,0,0,29
04/14/2021,LCH,LA,ASW,CE,Combined TRACON& Tower with Radar,0,14,5,0,19,0,2,0,0,2,0,16,5,0,21,0,0,0,21
04/15/2021,LCH,LA,ASW,CE,Combined TRACON& Tower with Radar,0,19,26,2,47,0,4,0,0,4,0,23,26,2,51,0,0,0,51
04/16/2021,LCH,LA,ASW,CE,Combined TRACON& Tower with Radar,0,15,11,0,26,0,0,5,0,5,0,15,16,0,31,0,0,0,31
04/17/2021,LCH,LA,ASW,CE,Combined TRACON& Tower with Radar,0,11,17,0,28,0,1,3,0,4,0,12,20,0,32,0,0,0,32
04/18/2021,LCH,LA,ASW,CE,Combined TRACON& Tower with Radar,0,11,11,0,22,0,3,17,1,21,0,14,28,1,43,20,0,20,63
04/19/2021,LCH,LA,ASW,CE,Combined TRACON& Tower with Radar,0,10,10,0,20,0,19,11,1,31,0,29,21,1,51,38,0,38,89
04/20/2021,LCH,LA,ASW,CE,Combined TRACON& Tower with Radar,0,18,16,4,38,0,30,28,1,59,0,48,44,5,97,8,14,22,119
04/21/2021,LCH,LA,ASW,CE,Combined TRACON& Tower with Radar,0,16,8,0,24,0,22,23,0,45,0,38,31,0,69,24,0,24,93
04/22/2021,LCH,LA,ASW,CE,Combined TRACON& Tower with Radar,0,13,12,0,25,0,18,13,0,31,0,31,25,0,56,19,0,19,75
04/23/2021,LCH,LA,ASW,CE,Combined TRACON& Tower with Radar,0,12,6,0,18,0,8,0,0,8,0,20,6,0,26,10,0,10,36
04/24/2021,LCH,LA,ASW,CE,Combined TRACON& Tower with Radar,0,10,4,0,14,0,4,10,0,14,0,14,14,0,28,31,0,31,59
04/25/2021,LCH,LA,ASW,CE,Combined TRACON& Tower with Radar,0,13,8,0,21,0,9,22,0,31,0,22,30,0,52,38,0,38,90
04/26/2021,LCH,LA,ASW,CE,Combined TRACON& Tower with Radar,0,12,15,8,35,0,14,16,0,30,0,26,31,8,65,2,0,2,67
04/27/2021,LCH,LA,ASW,CE,Combined TRACON& Tower with Radar,0,20,11,0,31,0,6,0,0,6,0,26,11,0,37,31,0,31,68
04/28/2021,LCH,LA,ASW,CE,Combined TRACON& Tower with Radar,0,17,7,1,25,0,12,1,0,13,0,29,8,1,38,12,0,12,50
04/29/2021,LCH,LA,ASW,CE,Combined TRACON& Tower with Radar,0,10,20,2,32,0,8,9,0,17,0,18,29,2,49,14,0,14,63
04/30/2021,LCH,LA,ASW,CE,Combined TRACON& Tower with Radar,0,11,5,0,16,0,2,9,0,11,0,13,14,0,27,46,0,46,73
05/01/2021,LCH,LA,ASW,CE,Combined TRACON& Tower with Radar,0,12,13,1,26,0,7,19,0,26,0,19,32,1,52,12,0,12,64
05/02/2021,LCH,LA,ASW,CE,Combined TRACON& Tower with Radar,0,17,6,0,23,0,7,3,0,10,0,24,9,0,33,16,0,16,49
05/03/2021,LCH,LA,ASW,CE,Combined TRACON& Tower with Radar,0,15,14,0,29,0,3,20,0,23,0,18,34,0,52,0,0,0,52
05/04/2021,LCH,LA,ASW,CE,Combined TRACON& Tower with Radar,0,16,7,0,23,0,7,4,0,11,0,23,11,0,34,10,0,10,44
05/05/2021,LCH,LA,ASW,CE,Combined TRACON& Tower with Radar,0,16,9,0,25,0,15,32,0,47,0,31,41,0,72,30,0,30,102
05/06/2021,LCH,LA,ASW,CE,Combined TRACON& Tower with Radar,0,17,10,0,27,0,19,13,0,32,0,36,23,0,59,28,0,28,87
05/07/2021,LCH,LA,ASW,CE,Combined TRACON& Tower with Radar,0,9,20,7,36,0,12,19,0,31,0,21,39,7,67,14,2,16,83
05/08/2021,LCH,LA,ASW,CE,Combined TRACON& Tower with Radar,0,11,7,2,20,0,6,40,0,46,0,17,47,2,66,10,0,10,76
05/09/2021,LCH,LA,ASW,CE,Combined TRACON& Tower with Radar,0,10,14,0,24,0,3,4,0,7,0,13,18,0,31,12,0,12,43
05/10/2021,LCH,LA,ASW,CE,Combined TRACON& Tower with Radar,0,17,13,0,30,0,1,11,3,15,0,18,24,3,45,50,0,50,95
05/11/2021,LCH,LA,ASW,CE,Combined TRACON& Tower with Radar,0,12,13,4,29,0,4,5,0,9,0,16,18,4,38,10,0,10,48
05/12/2021,LCH,LA,ASW,CE,Combined TRACON& Tower with Radar,0,16,5,0,21,0,0,2,0,2,0,16,7,0,23,22,0,22,45
05/13/2021,LCH,LA,ASW,CE,Combined TRACON& Tower with Radar,0,15,10,10,35,0,16,23,0,39,0,31,33,10,74,0,0,0,74
05/14/2021,LCH,LA,ASW,CE,Combined TRACON& Tower with Radar,0,14,9,3,26,0,17,18,2,37,0,31,27,5,63,54,0,54,117
05/15/2021,LCH,LA,ASW,CE,Combined TRACON& Tower with Radar,0,11,15,0,26,0,4,38,0,42,0,15,53,0,68,60,0,60,128
05/16/2021,LCH,LA,ASW,CE,Combined TRACON& Tower with Radar,0,7,7,0,14,0,9,5,1,15,0,16,12,1,29,0,0,0,29
05/17/2021,LCH,LA,ASW,CE,Combined TRACON& Tower with Radar,0,3,3,0,6,0,0,0,0,0,0,3,3,0,6,0,0,0,6
05/18/2021,LCH,LA,ASW,CE,Combined TRACON& Tower with Radar,0,6,10,4,20,0,2,0,0,2,0,8,10,4,22,4,0,4,26
05/19/2021,LCH,LA,ASW,CE,Combined TRACON& Tower with Radar,0,8,7,0,15,0,2,1,0,3,0,10,8,0,18,6,0,6,24
05/20/2021,LCH,LA,ASW,CE,Combined TRACON& Tower with Radar,0,20,5,2,27,0,4,1,0,5,0,24,6,2,32,0,0,0,32
05/21/2021,LCH,LA,ASW,CE,Combined TRACON& Tower with Radar,0,20,9,0,29,0,1,1,0,2,0,21,10,0,31,0,0,0,31
05/22/2021,LCH,LA,ASW,CE,Combined TRACON& Tower with Radar,0,13,9,2,24,0,0,6,0,6,0,13,15,2,30,26,0,26,56
05/23/2021,LCH,LA,ASW,CE,Combined TRACON& Tower with Radar,0,11,7,0,18,0,7,7,0,14,0,18,14,0,32,0,0,0,32
05/24/2021,LCH,LA,ASW,CE,Combined TRACON& Tower with Radar,2,16,14,2,34,0,7,14,0,21,2,23,28,2,55,24,0,24,79
05/25/2021,LCH,LA,ASW,CE,Combined TRACON& Tower with Radar,0,7,17,0,24,0,19,22,0,41,0,26,39,0,65,54,4,58,123
05/26/2021,LCH,LA,ASW,CE,Combined TRACON& Tower with Radar,0,7,17,2,26,0,11,18,1,30,0,18,35,3,56,24,0,24,80
05/27/2021,LCH,LA,ASW,CE,Combined TRACON& Tower with Radar,0,9,15,1,25,0,13,23,0,36,0,22,38,1,61,40,0,40,101
05/28/2021,LCH,LA,ASW,CE,Combined TRACON& Tower with Radar,0,9,9,1,19,0,1,20,0,21,0,10,29,1,40,30,0,30,70
05/29/2021,LCH,LA,ASW,CE,Combined TRACON& Tower with Radar,0,8,0,0,8,0,0,4,0,4,0,8,4,0,12,26,0,26,38
05/30/2021,LCH,LA,ASW,CE,Combined TRACON& Tower with Radar,0,8,13,0,21,0,3,11,0,14,0,11,24,0,35,17,0,17,52
05/31/2021,LCH,LA,ASW,CE,Combined TRACON& Tower with Radar,0,11,12,0,23,0,6,19,0,25,0,17,31,0,48,42,0,42,90
06/01/2021,LCH,LA,ASW,CE,Combined TRACON& Tower with Radar,0,8,18,0,26,0,8,23,0,31,0,16,41,0,57,12,0,12,69
06/02/2021,LCH,LA,ASW,CE,Combined TRACON& Tower with Radar,0,11,8,0,19,0,9,8,0,17,0,20,16,0,36,21,0,21,57
06/03/2021,LCH,LA,ASW,CE,Combined TRACON& Tower with Radar,0,10,21,2,33,0,16,24,1,41,0,26,45,3,74,40,0,40,114
06/04/2021,LCH,LA,ASW,CE,Combined TRACON& Tower with Radar,0,19,7,1,27,0,1,4,7,12,0,20,11,8,39,0,0,0,39
06/05/2021,LCH,LA,ASW,CE,Combined TRACON& Tower with Radar,0,11,10,0,21,0,9,8,0,17,0,20,18,0,38,2,0,2,40
06/06/2021,LCH,LA,ASW,CE,Combined TRACON& Tower with Radar,0,13,15,4,32,0,11,9,4,24,0,24,24,8,56,8,0,8,64
06/07/2021,LCH,LA,ASW,CE,Combined TRACON& Tower with Radar,0,11,9,1,21,0,14,13,0,27,0,25,22,1,48,18,0,18,66
06/08/2021,LCH,LA,ASW,CE,Combined TRACON& Tower with Radar,0,10,18,0,28,0,21,9,4,34,0,31,27,4,62,12,0,12,74
06/09/2021,LCH,LA,ASW,CE,Combined TRACON& Tower with Radar,0,8,8,4,20,0,14,7,2,23,0,22,15,6,43,21,0,21,64
06/10/2021,LCH,LA,ASW,CE,Combined TRACON& Tower with Radar,0,13,8,0,21,0,6,9,2,17,0,19,17,2,38,1,0,1,39
06/11/2021,LCH,LA,ASW,CE,Combined TRACON& Tower with Radar,0,15,12,9,36,0,15,19,2,36,0,30,31,11,72,6,0,6,78
06/12/2021,LCH,LA,ASW,CE,Combined TRACON& Tower with Radar,0,10,5,0,15,0,5,16,0,21,0,15,21,0,36,32,0,32,68
06/13/2021,LCH,LA,ASW,CE,Combined TRACON& Tower with Radar,0,10,10,8,28,0,10,13,2,25,0,20,23,10,53,0,0,0,53
06/14/2021,LCH,LA,ASW,CE,Combined TRACON& Tower with Radar,0,11,6,1,18,0,15,19,1,35,0,26,25,2,53,30,0,30,83
06/15/2021,LCH,LA,ASW,CE,Combined TRACON& Tower with Radar,0,9,10,0,19,0,15,11,0,26,0,24,21,0,45,0,0,0,45
06/16/2021,LCH,LA,ASW,CE,Combined TRACON& Tower with Radar,0,10,11,0,21,0,30,19,0,49,0,40,30,0,70,18,0,18,88
06/17/2021,LCH,LA,ASW,CE,Combined TRACON& Tower with Radar,0,12,13,2,27,0,14,27,3,44,0,26,40,5,71,0,0,0,71
06/18/2021,LCH,LA,ASW,CE,Combined TRACON& Tower with Radar,0,10,10,4,24,0,7,17,0,24,0,17,27,4,48,0,0,0,48
06/19/2021,LCH,LA,ASW,CE,Combined TRACON& Tower with Radar,0,11,5,0,16,0,15,13,0,28,0,26,18,0,44,12,0,12,56
06/20/2021,LCH,LA,ASW,CE,Combined TRACON& Tower with Radar,0,9,3,0,12,0,8,1,0,9,0,17,4,0,21,20,0,20,41
06/21/2021,LCH,LA,ASW,CE,Combined TRACON& Tower with Radar,0,12,13,0,25,0,4,2,0,6,0,16,15,0,31,19,0,19,50
06/22/2021,LCH,LA,ASW,CE,Combined TRACON& Tower with Radar,0,18,8,0,26,0,13,5,0,18,0,31,13,0,44,24,0,24,68
06/23/2021,LCH,LA,ASW,CE,Combined TRACON& Tower with Radar,0,11,3,0,14,0,10,10,0,20,0,21,13,0,34,31,0,31,65
06/24/2021,LCH,LA,ASW,CE,Combined TRACON& Tower with Radar,0,9,12,0,21,0,3,6,0,9,0,12,18,0,30,0,0,0,30
06/25/2021,LCH,LA,ASW,CE,Combined TRACON& Tower with Radar,0,11,18,0,29,0,6,5,0,11,0,17,23,0,40,2,0,2,42
06/26/2021,LCH,LA,ASW,CE,Combined TRACON& Tower with Radar,0,9,2,0,11,0,0,15,0,15,0,9,17,0,26,12,0,12,38
06/27/2021,LCH,LA,ASW,CE,Combined TRACON& Tower with Radar,0,12,7,0,19,0,6,10,0,16,0,18,17,0,35,22,0,22,57
06/28/2021,LCH,LA,ASW,CE,Combined TRACON& Tower with Radar,0,11,15,0,26,0,2,6,0,8,0,13,21,0,34,22,0,22,56
06/29/2021,LCH,LA,ASW,CE,Combined TRACON& Tower with Radar,0,8,5,0,13,0,20,9,0,29,0,28,14,0,42,8,0,8,50
06/30/2021,LCH,LA,ASW,CE,Combined TRACON& Tower with Radar,2,12,17,2,33,0,21,13,0,34,2,33,30,2,67,6,0,6,73
07/01/2021,LCH,LA,ASW,CE,Combined TRACON& Tower with Radar,0,11,10,0,21,0,21,16,0,37,0,32,26,0,58,8,0,8,66
07/02/2021,LCH,LA,ASW,CE,Combined TRACON& Tower with Radar,0,9,6,3,18,0,23,5,0,28,0,32,11,3,46,16,0,16,62
07/03/2021,LCH,LA,ASW,CE,Combined TRACON& Tower with Radar,0,11,10,0,21,0,8,4,0,12,0,19,14,0,33,5,0,5,38
07/04/2021,LCH,LA,ASW,CE,Combined TRACON& Tower with Radar,0,9,5,0,14,0,8,12,0,20,0,17,17,0,34,3,0,3,37
07/05/2021,LCH,LA,ASW,CE,Combined TRACON& Tower with Radar,0,9,5,2,16,0,10,8,0,18,0,19,13,2,34,48,0,48,82
07/06/2021,LCH,LA,ASW,CE,Combined TRACON& Tower with Radar,0,9,7,0,16,0,4,9,0,13,0,13,16,0,29,35,0,35,64
07/07/2021,LCH,LA,ASW,CE,Combined TRACON& Tower with Radar,0,13,4,0,17,0,7,8,0,15,0,20,12,0,32,8,0,8,40
07/08/2021,LCH,LA,ASW,CE,Combined TRACON& Tower with Radar,0,11,13,0,24,0,6,8,0,14,0,17,21,0,38,0,0,0,38
07/09/2021,LCH,LA,ASW,CE,Combined TRACON& Tower with Radar,0,18,20,0,38,0,6,9,0,15,0,24,29,0,53,39,0,39,92
07/10/2021,LCH,LA,ASW,CE,Combined TRACON& Tower with Radar,0,7,17,0,24,0,4,10,0,14,0,11,27,0,38,0,0,0,38
07/11/2021,LCH,LA,ASW,CE,Combined TRACON& Tower with Radar,0,11,7,0,18,0,5,8,0,13,0,16,15,0,31,8,0,8,39
07/12/2021,LCH,LA,ASW,CE,Combined TRACON& Tower with Radar,0,14,9,0,23,0,11,13,0,24,0,25,22,0,47,32,0,32,79
07/13/2021,LCH,LA,ASW,CE,Combined TRACON& Tower with Radar,0,11,7,1,19,0,14,16,0,30,0,25,23,1,49,6,0,6,55
07/14/2021,LCH,LA,ASW,CE,Combined TRACON& Tower with Radar,0,10,8,2,20,0,14,15,0,29,0,24,23,2,49,36,0,36,85
07/15/2021,LCH,LA,ASW,CE,Combined TRACON& Tower with Radar,0,12,7,2,21,0,14,17,1,32,0,26,24,3,53,6,0,6,59
07/16/2021,LCH,LA,ASW,CE,Combined TRACON& Tower with Radar,0,10,12,0,22,0,7,1,0,8,0,17,13,0,30,26,0,26,56
07/17/2021,LCH,LA,ASW,CE,Combined TRACON& Tower with Radar,0,8,10,0,18,0,9,9,0,18,0,17,19,0,36,5,0,5,41
07/18/2021,LCH,LA,ASW,CE,Combined TRACON& Tower with Radar,0,9,10,0,19,0,7,16,0,23,0,16,26,0,42,1,0,1,43
07/19/2021,LCH,LA,ASW,CE,Combined TRACON& Tower with Radar,0,8,6,0,14,0,18,4,0,22,0,26,10,0,36,4,0,4,40
07/20/2021,LCH,LA,ASW,CE,Combined TRACON& Tower with Radar,0,12,4,0,16,0,1,6,0,7,0,13,10,0,23,10,0,10,33
07/21/2021,LCH,LA,ASW,CE,Combined TRACON& Tower with Radar,0,12,5,0,17,0,12,9,0,21,0,24,14,0,38,12,0,12,50
07/22/2021,LCH,LA,ASW,CE,Combined TRACON& Tower with Radar,0,11,10,0,21,0,11,22,1,34,0,22,32,1,55,20,0,20,75
07/23/2021,LCH,LA,ASW,CE,Combined TRACON& Tower with Radar,0,11,13,8,32,0,14,27,2,43,0,25,40,10,75,20,0,20,95
07/24/2021,LCH,LA,ASW,CE,Combined TRACON& Tower with Radar,0,10,12,4,26,0,15,12,0,27,0,25,24,4,53,16,0,16,69
07/25/2021,LCH,LA,ASW,CE,Combined TRACON& Tower with Radar,0,10,13,0,23,0,11,19,0,30,0,21,32,0,53,12,2,14,67
07/26/2021,LCH,LA,ASW,CE,Combined TRACON& Tower with Radar,0,13,2,7,22,0,14,10,1,25,0,27,12,8,47,7,0,7,54
07/27/2021,LCH,LA,ASW,CE,Combined TRACON& Tower with Radar,0,9,5,4,18,0,15,10,0,25,0,24,15,4,43,10,0,10,53
07/28/2021,LCH,LA,ASW,CE,Combined TRACON& Tower with Radar,0,8,17,2,27,0,14,7,0,21,0,22,24,2,48,0,0,0,48
07/29/2021,LCH,LA,ASW,CE,Combined TRACON& Tower with Radar,0,9,7,3,19,0,15,8,0,23,0,24,15,3,42,16,0,16,58
07/30/2021,LCH,LA,ASW,CE,Combined TRACON& Tower with Radar,0,10,5,0,15,0,17,15,1,33,0,27,20,1,48,5,0,5,53
07/31/2021,LCH,LA,ASW,CE,Combined TRACON& Tower with Radar,0,8,9,0,17,0,9,12,1,22,0,17,21,1,39,13,0,13,52
08/01/2021,LCH,LA,ASW,CE,Combined TRACON& Tower with Radar,0,9,11,0,20,0,8,14,0,22,0,17,25,0,42,8,0,8,50
08/02/2021,LCH,LA,ASW,CE,Combined TRACON& Tower with Radar,0,10,0,0,10,0,3,7,0,10,0,13,7,0,20,29,0,29,49
08/03/2021,LCH,LA,ASW,CE,Combined TRACON& Tower with Radar,0,12,5,0,17,0,4,3,0,7,0,16,8,0,24,0,0,0,24
08/04/2021,LCH,LA,ASW,CE,Combined TRACON& Tower with Radar,0,8,8,0,16,0,10,19,0,29,0,18,27,0,45,0,0,0,45
08/05/2021,LCH,LA,ASW,CE,Combined TRACON& Tower with Radar,0,10,20,0,30,0,18,20,0,38,0,28,40,0,68,5,0,5,73
08/06/2021,LCH,LA,ASW,CE,Combined TRACON& Tower with Radar,0,9,12,1,22,0,18,18,0,36,0,27,30,1,58,8,0,8,66
08/07/2021,LCH,LA,ASW,CE,Combined TRACON& Tower with Radar,0,11,6,1,18,0,8,12,0,20,0,19,18,1,38,5,0,5,43
08/08/2021,LCH,LA,ASW,CE,Combined TRACON& Tower with Radar,0,10,2,0,12,0,5,11,0,16,0,15,13,0,28,0,0,0,28
08/09/2021,LCH,LA,ASW,CE,Combined TRACON& Tower with Radar,0,9,6,1,16,0,12,11,0,23,0,21,17,1,39,14,0,14,53
08/10/2021,LCH,LA,ASW,CE,Combined TRACON& Tower with Radar,0,10,17,1,28,0,13,14,1,28,0,23,31,2,56,24,0,24,80
08/11/2021,LCH,LA,ASW,CE,Combined TRACON& Tower with Radar,0,12,5,1,18,0,15,16,0,31,0,27,21,1,49,12,0,12,61
08/12/2021,LCH,LA,ASW,CE,Combined TRACON& Tower with Radar,0,8,7,0,15,0,10,5,0,15,0,18,12,0,30,41,0,41,71
08/13/2021,LCH,LA,ASW,CE,Combined TRACON& Tower with Radar,0,10,10,0,20,0,11,12,0,23,0,21,22,0,43,40,0,40,83
08/14/2021,LCH,LA,ASW,CE,Combined TRACON& Tower with Radar,0,8,12,0,20,0,12,13,2,27,0,20,25,2,47,30,0,30,77
08/15/2021,LCH,LA,ASW,CE,Combined TRACON& Tower with Radar,0,9,10,0,19,0,9,19,0,28,0,18,29,0,47,8,0,8,55
08/16/2021,LCH,LA,ASW,CE,Combined TRACON& Tower with Radar,0,10,6,2,18,0,19,8,0,27,0,29,14,2,45,36,0,36,81
08/17/2021,LCH,LA,ASW,CE,Combined TRACON& Tower with Radar,0,11,12,0,23,0,12,9,0,21,0,23,21,0,44,46,0,46,90
08/18/2021,LCH,LA,ASW,CE,Combined TRACON& Tower with Radar,0,16,2,0,18,0,19,7,0,26,0,35,9,0,44,26,0,26,70
08/19/2021,LCH,LA,ASW,CE,Combined TRACON& Tower with Radar,0,12,16,6,34,0,17,10,0,27,0,29,26,6,61,4,0,4,65
08/20/2021,LCH,LA,ASW,CE,Combined TRACON& Tower with Radar,0,9,12,0,21,0,19,23,0,42,0,28,35,0,63,22,0,22,85
08/21/2021,LCH,LA,ASW,CE,Combined TRACON& Tower with Radar,0,9,4,0,13,0,14,17,0,31,0,23,21,0,44,2,0,2,46
08/22/2021,LCH,LA,ASW,CE,Combined TRACON& Tower with Radar,0,9,4,2,15,0,4,13,0,17,0,13,17,2,32,37,0,37,69
08/23/2021,LCH,LA,ASW,CE,Combined TRACON& Tower with Radar,0,9,7,0,16,0,9,22,0,31,0,18,29,0,47,8,0,8,55
08/24/2021,LCH,LA,ASW,CE,Combined TRACON& Tower with Radar,0,12,5,0,17,0,11,11,2,24,0,23,16,2,41,10,0,10,51
08/25/2021,LCH,LA,ASW,CE,Combined TRACON& Tower with Radar,0,10,12,0,22,0,16,19,0,35,0,26,31,0,57,12,0,12,69
08/26/2021,LCH,LA,ASW,CE,Combined TRACON& Tower with Radar,0,19,10,0,29,0,19,4,2,25,0,38,14,2,54,22,0,22,76
08/27/2021,LCH,LA,ASW,CE,Combined TRACON& Tower with Radar,0,13,8,0,21,0,38,13,0,51,0,51,21,0,72,5,0,5,77
08/28/2021,LCH,LA,ASW,CE,Combined TRACON& Tower with Radar,0,20,6,0,26,0,28,5,0,33,0,48,11,0,59,1,0,1,60
08/29/2021,LCH,LA,ASW,CE,Combined TRACON& Tower with Radar,0,2,1,0,3,0,1,0,0,1,0,3,1,0,4,0,0,0,4
08/30/2021,LCH,LA,ASW,CE,Combined TRACON& Tower with Radar,0,1,6,0,7,0,17,14,1,32,0,18,20,1,39,16,0,16,55
08/31/2021,LCH,LA,ASW,CE,Combined TRACON& Tower with Radar,0,13,6,0,19,0,37,13,2,52,0,50,19,2,71,14,0,14,85
09/01/2021,LCH,LA,ASW,CE,Combined TRACON& Tower with Radar,0,15,6,0,21,0,35,24,3,62,0,50,30,3,83,3,0,3,86
09/02/2021,LCH,LA,ASW,CE,Combined TRACON& Tower with Radar,0,13,5,0,18,0,46,30,0,76,0,59,35,0,94,64,0,64,158
09/03/2021,LCH,LA,ASW,CE,Combined TRACON& Tower with Radar,0,18,5,0,23,0,27,31,0,58,0,45,36,0,81,19,0,19,100
09/04/2021,LCH,LA,ASW,CE,Combined TRACON& Tower with Radar,0,9,7,1,17,0,38,21,0,59,0,47,28,1,76,3,0,3,79
09/05/2021,LCH,LA,ASW,CE,Combined TRACON& Tower with Radar,0,14,9,0,23,0,13,13,1,27,0,27,22,1,50,25,0,25,75
09/06/2021,LCH,LA,ASW,CE,Combined TRACON& Tower with Radar,0,21,13,0,34,0,15,9,0,24,0,36,22,0,58,37,0,37,95
09/07/2021,LCH,LA,ASW,CE,Combined TRACON& Tower with Radar,0,19,4,0,23,0,37,10,0,47,0,56,14,0,70,28,0,28,98
09/08/2021,LCH,LA,ASW,CE,Combined TRACON& Tower with Radar,0,20,9,0,29,0,39,31,0,70,0,59,40,0,99,4,0,4,103
09/09/2021,LCH,LA,ASW,CE,Combined TRACON& Tower with Radar,0,17,6,2,25,0,32,21,1,54,0,49,27,3,79,32,0,32,111
09/10/2021,LCH,LA,ASW,CE,Combined TRACON& Tower with Radar,0,20,10,7,37,0,47,29,0,76,0,67,39,7,113,18,0,18,131
09/11/2021,LCH,LA,ASW,CE,Combined TRACON& Tower with Radar,0,13,6,2,21,0,23,23,0,46,0,36,29,2,67,0,0,0,67
09/12/2021,LCH,LA,ASW,CE,Combined TRACON& Tower with Radar,0,21,12,0,33,0,29,8,0,37,0,50,20,0,70,0,0,0,70
09/13/2021,LCH,LA,ASW,CE,Combined TRACON& Tower with Radar,0,24,7,0,31,0,13,1,0,14,0,37,8,0,45,0,0,0,45
09/14/2021,LCH,LA,ASW,CE,Combined TRACON& Tower with Radar,0,4,0,0,4,0,0,0,0,0,0,4,0,0,4,0,0,0,4
09/15/2021,LCH,LA,ASW,CE,Combined TRACON& Tower with Radar,0,38,10,1,49,0,4,0,0,4,0,42,10,1,53,0,0,0,53
09/16/2021,LCH,LA,ASW,CE,Combined TRACON& Tower with Radar,0,54,6,2,62,0,4,1,0,5,0,58,7,2,67,14,0,14,81
09/17/2021,LCH,LA,ASW,CE,Combined TRACON& Tower with Radar,0,37,14,2,53,0,13,4,0,17,0,50,18,2,70,32,0,32,102
09/18/2021,LCH,LA,ASW,CE,Combined TRACON& Tower with Radar,2,17,23,0,42,0,28,8,0,36,2,45,31,0,78,20,0,20,98
09/19/2021,LCH,LA,ASW,CE,Combined TRACON& Tower with Radar,0,23,9,0,32,0,25,6,0,31,0,48,15,0,63,66,0,66,129
09/20/2021,LCH,LA,ASW,CE,Combined TRACON& Tower with Radar,0,17,14,0,31,0,31,11,1,43,0,48,25,1,74,40,0,40,114
09/21/2021,LCH,LA,ASW,CE,Combined TRACON& Tower with Radar,0,20,12,0,32,0,43,15,0,58,0,63,27,0,90,22,0,22,112
09/22/2021,LCH,LA,ASW,CE,Combined TRACON& Tower with Radar,0,21,7,0,28,0,36,21,0,57,0,57,28,0,85,25,0,25,110
09/23/2021,LCH,LA,ASW,CE,Combined TRACON& Tower with Radar,0,16,5,11,32,0,35,26,2,63,0,51,31,13,95,25,0,25,120
09/24/2021,LCH,LA,ASW,CE,Combined TRACON& Tower with Radar,0,21,6,2,29,0,54,26,0,80,0,75,32,2,109,26,0,26,135
09/25/2021,LCH,LA,ASW,CE,Combined TRACON& Tower with Radar,0,17,8,0,25,0,27,24,0,51,0,44,32,0,76,12,0,12,88
09/26/2021,LCH,LA,ASW,CE,Combined TRACON& Tower with Radar,0,15,7,0,22,0,26,22,0,48,0,41,29,0,70,76,0,76,146
09/27/2021,LCH,LA,ASW,CE,Combined TRACON& Tower with Radar,0,20,11,4,35,0,29,24,0,53,0,49,35,4,88,28,0,28,116
09/28/2021,LCH,LA,ASW,CE,Combined TRACON& Tower with Radar,0,26,5,0,31,0,0,1,0,1,0,26,6,0,32,0,0,0,32
09/29/2021,LCH,LA,ASW,CE,Combined TRACON& Tower with Radar,0,27,6,0,33,0,15,4,0,19,0,42,10,0,52,10,0,10,62
09/30/2021,LCH,LA,ASW,CE,Combined TRACON& Tower with Radar,0,42,12,0,54,0,5,9,0,14,0,47,21,0,68,2,0,2,70
10/01/2021,LCH,LA,ASW,CE,Combined TRACON& Tower with Radar,0,35,6,0,41,0,13,4,0,17,0,48,10,0,58,4,0,4,62
10/02/2021,LCH,LA,ASW,CE,Combined TRACON& Tower with Radar,0,19,6,0,25,0,6,3,0,9,0,25,9,0,34,0,0,0,34
10/03/2021,LCH,LA,ASW,CE,Combined TRACON& Tower with Radar,0,27,11,5,43,0,5,6,0,11,0,32,17,5,54,0,0,0,54
10/04/2021,LCH,LA,ASW,CE,Combined TRACON& Tower with Radar,0,22,5,8,35,0,24,12,0,36,0,46,17,8,71,20,0,20,91
10/05/2021,LCH,LA,ASW,CE,Combined TRACON& Tower with Radar,2,19,2,0,23,0,39,21,0,60,2,58,23,0,83,6,0,6,89
10/06/2021,LCH,LA,ASW,CE,Combined TRACON& Tower with Radar,2,21,14,0,37,0,44,23,0,67,2,65,37,0,104,36,0,36,140
10/07/2021,LCH,LA,ASW,CE,Combined TRACON& Tower with Radar,2,17,13,0,32,0,33,21,0,54,2,50,34,0,86,37,0,37,123
10/08/2021,LCH,LA,ASW,CE,Combined TRACON& Tower with Radar,2,13,3,0,18,0,28,15,0,43,2,41,18,0,61,26,0,26,87
10/09/2021,LCH,LA,ASW,CE,Combined TRACON& Tower with Radar,0,15,9,1,25,0,11,19,0,30,0,26,28,1,55,56,0,56,111
10/10/2021,LCH,LA,ASW,CE,Combined TRACON& Tower with Radar,0,13,6,0,19,0,12,11,0,23,0,25,17,0,42,11,0,11,53
10/11/2021,LCH,LA,ASW,CE,Combined TRACON& Tower with Radar,2,19,7,0,28,0,20,16,0,36,2,39,23,0,64,16,0,16,80
10/12/2021,LCH,LA,ASW,CE,Combined TRACON& Tower with Radar,2,21,13,4,40,0,35,11,0,46,2,56,24,4,86,71,0,71,157
10/13/2021,LCH,LA,ASW,CE,Combined TRACON& Tower with Radar,2,14,13,2,31,0,30,6,0,36,2,44,19,2,67,10,0,10,77
10/14/2021,LCH,LA,ASW,CE,Combined TRACON& Tower with Radar,2,18,22,6,48,0,27,13,0,40,2,45,35,6,88,8,0,8,96
10/15/2021,LCH,LA,ASW,CE,Combined TRACON& Tower with Radar,4,22,6,4,36,0,20,9,0,29,4,42,15,4,65,23,0,23,88
10/16/2021,LCH,LA,ASW,CE,Combined TRACON& Tower with Radar,0,17,4,0,21,0,13,10,0,23,0,30,14,0,44,6,0,6,50
10/17/2021,LCH,LA,ASW,CE,Combined TRACON& Tower with Radar,0,18,13,2,33,0,19,17,3,39,0,37,30,5,72,19,0,19,91
10/18/2021,LCH,LA,ASW,CE,Combined TRACON& Tower with Radar,2,12,11,0,25,0,42,15,0,57,2,54,26,0,82,60,0,60,142
10/19/2021,LCH,LA,ASW,CE,Combined TRACON& Tower with Radar,2,16,14,0,32,0,45,17,0,62,2,61,31,0,94,30,0,30,124
10/20/2021,LCH,LA,ASW,CE,Combined TRACON& Tower with Radar,2,30,15,0,47,0,14,26,0,40,2,44,41,0,87,6,0,6,93
10/21/2021,LCH,LA,ASW,CE,Combined TRACON& Tower with Radar,2,26,8,0,36,0,19,14,0,33,2,45,22,0,69,0,0,0,69
10/22/2021,LCH,LA,ASW,CE,Combined TRACON& Tower with Radar,2,19,11,0,32,0,24,22,0,46,2,43,33,0,78,32,0,32,110
10/23/2021,LCH,LA,ASW,CE,Combined TRACON& Tower with Radar,0,20,8,0,28,0,6,10,0,16,0,26,18,0,44,12,0,12,56
10/24/2021,LCH,LA,ASW,CE,Combined TRACON& Tower with Radar,0,21,4,4,29,0,6,12,0,18,0,27,16,4,47,54,0,54,101
10/25/2021,LCH,LA,ASW,CE,Combined TRACON& Tower with Radar,2,22,5,2,31,0,13,13,0,26,2,35,18,2,57,2,0,2,59
10/26/2021,LCH,LA,ASW,CE,Combined TRACON& Tower with Radar,2,30,24,4,60,0,20,16,0,36,2,50,40,4,96,28,0,28,124
10/27/2021,LCH,LA,ASW,CE,Combined TRACON& Tower with Radar,2,24,4,0,30,0,2,3,0,5,2,26,7,0,35,0,0,0,35
10/28/2021,LCH,LA,ASW,CE,Combined TRACON& Tower with Radar,2,19,11,1,33,0,41,11,2,54,2,60,22,3,87,9,0,9,96
10/29/2021,LCH,LA,ASW,CE,Combined TRACON& Tower with Radar,2,13,7,8,30,0,19,8,0,27,2,32,15,8,57,9,0,9,66
10/30/2021,LCH,LA,ASW,CE,Combined TRACON& Tower with Radar,0,11,4,4,19,0,13,16,0,29,0,24,20,4,48,2,0,2,50
10/31/2021,LCH,LA,ASW,CE,Combined TRACON& Tower with Radar,0,12,9,0,21,0,16,22,0,38,0,28,31,0,59,16,0,16,75
11/01/2021,LCH,LA,ASW,CE,Combined TRACON& Tower with Radar,0,10,5,2,17,0,28,30,1,59,0,38,35,3,76,14,0,14,90
11/02/2021,LCH,LA,ASW,CE,Combined TRACON& Tower with Radar,0,19,10,0,29,0,29,9,2,40,0,48,19,2,69,12,0,12,81
11/03/2021,LCH,LA,ASW,CE,Combined TRACON& Tower with Radar,0,15,13,0,28,0,27,7,0,34,0,42,20,0,62,59,0,59,121
11/04/2021,LCH,LA,ASW,CE,Combined TRACON& Tower with Radar,0,33,18,2,53,0,7,8,0,15,0,40,26,2,68,11,0,11,79
11/05/2021,LCH,LA,ASW,CE,Combined TRACON& Tower with Radar,0,23,11,20,54,0,31,30,1,62,0,54,41,21,116,60,0,60,176
11/06/2021,LCH,LA,ASW,CE,Combined TRACON& Tower with Radar,0,14,11,4,29,0,8,19,0,27,0,22,30,4,56,36,0,36,92
11/07/2021,LCH,LA,ASW,CE,Combined TRACON& Tower with Radar,0,13,10,0,23,0,22,14,0,36,0,35,24,0,59,26,0,26,85
11/08/2021,LCH,LA,ASW,CE,Combined TRACON& Tower with Radar,0,14,7,0,21,0,26,26,0,52,0,40,33,0,73,4,0,4,77
11/09/2021,LCH,LA,ASW,CE,Combined TRACON& Tower with Radar,0,16,11,4,31,0,48,12,0,60,0,64,23,4,91,0,0,0,91
11/10/2021,LCH,LA,ASW,CE,Combined TRACON& Tower with Radar,0,28,6,2,36,0,44,8,0,52,0,72,14,2,88,39,0,39,127
11/11/2021,LCH,LA,ASW,CE,Combined TRACON& Tower with Radar,0,19,8,0,27,0,19,7,0,26,0,38,15,0,53,0,0,0,53
11/12/2021,LCH,LA,ASW,CE,Combined TRACON& Tower with Radar,0,22,9,0,31,0,24,8,0,32,0,46,17,0,63,5,0,5,68
11/13/2021,LCH,LA,ASW,CE,Combined TRACON& Tower with Radar,0,9,6,2,17,0,17,26,1,44,0,26,32,3,61,26,0,26,87
11/14/2021,LCH,LA,ASW,CE,Combined TRACON& Tower with Radar,0,15,8,0,23,0,26,13,0,39,0,41,21,0,62,18,0,18,80
11/15/2021,LCH,LA,ASW,CE,Combined TRACON& Tower with Radar,0,18,14,0,32,0,23,12,0,35,0,41,26,0,67,20,0,20,87
11/16/2021,LCH,LA,ASW,CE,Combined TRACON& Tower with Radar,0,20,14,2,36,0,45,15,0,60,0,65,29,2,96,5,0,5,101
11/17/2021,LCH,LA,ASW,CE,Combined TRACON& Tower with Radar,0,21,11,2,34,0,29,23,2,54,0,50,34,4,88,29,0,29,117
11/18/2021,LCH,LA,ASW,CE,Combined TRACON& Tower with Radar,0,39,24,2,65,0,4,1,1,6,0,43,25,3,71,0,0,0,71
11/19/2021,LCH,LA,ASW,CE,Combined TRACON& Tower with Radar,0,22,18,2,42,0,37,21,0,58,0,59,39,2,100,35,0,35,135
11/20/2021,LCH,LA,ASW,CE,Combined TRACON& Tower with Radar,0,13,18,10,41,0,17,26,0,43,0,30,44,10,84,28,0,28,112
11/21/2021,LCH,LA,ASW,CE,Combined TRACON& Tower with Radar,0,22,17,0,39,0,6,13,0,19,0,28,30,0,58,26,0,26,84
11/22/2021,LCH,LA,ASW,CE,Combined TRACON& Tower with Radar,2,23,17,6,48,0,27,16,0,43,2,50,33,6,91,10,0,10,101
11/23/2021,LCH,LA,ASW,CE,Combined TRACON& Tower with Radar,0,11,18,2,31,0,44,26,0,70,0,55,44,2,101,16,0,16,117
11/24/2021,LCH,LA,ASW,CE,Combined TRACON& Tower with Radar,0,15,16,2,33,0,40,14,0,54,0,55,30,2,87,4,0,4,91
11/25/2021,LCH,LA,ASW,CE,Combined TRACON& Tower with Radar,0,19,1,0,20,0,8,0,0,8,0,27,1,0,28,0,0,0,28
11/26/2021,LCH,LA,ASW,CE,Combined TRACON& Tower with Radar,0,15,7,3,25,0,28,25,0,53,0,43,32,3,78,8,1,9,87
11/27/2021,LCH,LA,ASW,CE,Combined TRACON& Tower with Radar,0,9,22,0,31,0,8,9,0,17,0,17,31,0,48,12,0,12,60
11/28/2021,LCH,LA,ASW,CE,Combined TRACON& Tower with Radar,0,13,22,2,37,0,5,10,0,15,0,18,32,2,52,30,0,30,82
11/29/2021,LCH,LA,ASW,CE,Combined TRACON& Tower with Radar,0,16,10,4,30,0,31,6,1,38,0,47,16,5,68,52,0,52,120
11/30/2021,LCH,LA,ASW,CE,Combined TRACON& Tower with Radar,0,13,7,2,22,0,38,8,0,46,0,51,15,2,68,34,0,34,102
12/01/2021,LCH,LA,ASW,CE,Combined TRACON& Tower with Radar,0,17,24,3,44,0,35,31,1,67,0,52,55,4,111,40,0,40,151
12/02/2021,LCH,LA,ASW,CE,Combined TRACON& Tower with Radar,0,16,9,2,27,0,32,11,0,43,0,48,20,2,70,2,0,2,72
12/03/2021,LCH,LA,ASW,CE,Combined TRACON& Tower with Radar,0,14,40,8,62,0,32,21,0,53,0,46,61,8,115,8,0,8,123
12/04/2021,LCH,LA,ASW,CE,Combined TRACON& Tower with Radar,0,13,19,12,44,0,9,20,0,29,0,22,39,12,73,44,1,45,118
12/05/2021,LCH,LA,ASW,CE,Combined TRACON& Tower with Radar,0,22,16,2,40,0,20,6,0,26,0,42,22,2,66,64,0,64,130
12/06/2021,LCH,LA,ASW,CE,Combined TRACON& Tower with Radar,0,27,6,0,33,0,9,1,0,10,0,36,7,0,43,0,0,0,43
12/07/2021,LCH,LA,ASW,CE,Combined TRACON& Tower with Radar,0,37,29,2,68,0,0,0,0,0,0,37,29,2,68,14,0,14,82
12/08/2021,LCH,LA,ASW,CE,Combined TRACON& Tower with Radar,0,49,21,0,70,0,17,4,0,21,0,66,25,0,91,44,0,44,135
12/09/2021,LCH,LA,ASW,CE,Combined TRACON& Tower with Radar,0,44,24,0,68,0,3,3,0,6,0,47,27,0,74,2,0,2,76
12/10/2021,LCH,LA,ASW,CE,Combined TRACON& Tower with Radar,0,38,20,24,82,0,6,3,0,9,0,44,23,24,91,0,0,0,91
12/11/2021,LCH,LA,ASW,CE,Combined TRACON& Tower with Radar,0,11,9,1,21,0,7,10,0,17,0,18,19,1,38,0,0,0,38
12/12/2021,LCH,LA,ASW,CE,Combined TRACON& Tower with Radar,0,12,12,7,31,0,22,32,0,54,0,34,44,7,85,0,0,0,85
12/13/2021,LCH,LA,ASW,CE,Combined TRACON& Tower with Radar,0,24,12,0,36,0,22,19,0,41,0,46,31,0,77,0,0,0,77
12/14/2021,LCH,LA,ASW,CE,Combined TRACON& Tower with Radar,0,31,8,4,43,0,20,2,0,22,0,51,10,4,65,4,0,4,69
12/15/2021,LCH,LA,ASW,CE,Combined TRACON& Tower with Radar,0,32,13,8,53,0,16,36,0,52,0,48,49,8,105,28,0,28,133
12/16/2021,LCH,LA,ASW,CE,Combined TRACON& Tower with Radar,0,27,11,6,44,0,23,8,0,31,0,50,19,6,75,16,0,16,91
12/17/2021,LCH,LA,ASW,CE,Combined TRACON& Tower with Radar,0,37,16,0,53,0,14,7,0,21,0,51,23,0,74,14,0,14,88
12/18/2021,LCH,LA,ASW,CE,Combined TRACON& Tower with Radar,0,22,2,0,24,0,0,0,0,0,0,22,2,0,24,0,0,0,24
12/19/2021,LCH,LA,ASW,CE,Combined TRACON& Tower with Radar,0,23,20,0,43,0,14,29,0,43,0,37,49,0,86,0,0,0,86
12/20/2021,LCH,LA,ASW,CE,Combined TRACON& Tower with Radar,0,31,4,0,35,0,7,8,0,15,0,38,12,0,50,18,0,18,68
12/21/2021,LCH,LA,ASW,CE,Combined TRACON& Tower with Radar,0,24,12,0,36,0,34,23,0,57,0,58,35,0,93,48,0,48,141
12/22/2021,LCH,LA,ASW,CE,Combined TRACON& Tower with Radar,0,15,12,1,28,0,33,25,0,58,0,48,37,1,86,14,0,14,100
12/23/2021,LCH,LA,ASW,CE,Combined TRACON& Tower with Radar,0,14,10,0,24,0,29,12,0,41,0,43,22,0,65,6,0,6,71
12/24/2021,LCH,LA,ASW,CE,Combined TRACON& Tower with Radar,0,10,9,0,19,0,9,7,0,16,0,19,16,0,35,0,0,0,35
12/25/2021,LCH,LA,ASW,CE,Combined TRACON& Tower with Radar,0,7,3,0,10,0,11,3,0,14,0,18,6,0,24,0,0,0,24
12/26/2021,LCH,LA,ASW,CE,Combined TRACON& Tower with Radar,0,9,19,2,30,0,4,10,0,14,0,13,29,2,44,18,0,18,62
12/27/2021,LCH,LA,ASW,CE,Combined TRACON& Tower with Radar,0,10,9,2,21,0,28,20,1,49,0,38,29,3,70,41,0,41,111
12/28/2021,LCH,LA,ASW,CE,Combined TRACON& Tower with Radar,0,20,17,11,48,0,28,8,1,37,0,48,25,12,85,31,0,31,116
12/29/2021,LCH,LA,ASW,CE,Combined TRACON& Tower with Radar,0,36,8,0,44,0,7,3,0,10,0,43,11,0,54,0,0,0,54
12/30/2021,LCH,LA,ASW,CE,Combined TRACON& Tower with Radar,0,35,22,0,57,0,7,5,0,12,0,42,27,0,69,6,0,6,75
12/31/2021,LCH,LA,ASW,CE,Combined TRACON& Tower with Radar,0,25,14,0,39,0,8,2,0,10,0,33,16,0,49,0,0,0,49
01/01/2022,LCH,LA,ASW,CE,Combined TRACON& Tower with Radar,0,12,4,0,16,0,4,2,0,6,0,16,6,0,22,0,0,0,22
01/02/2022,LCH,LA,ASW,CE,Combined TRACON& Tower with Radar,0,21,19,0,40,0,8,6,0,14,0,29,25,0,54,0,0,0,54
01/03/2022,LCH,LA,ASW,CE,Combined TRACON& Tower with Radar,0,9,5,2,16,0,29,23,1,53,0,38,28,3,69,6,0,6,75
01/04/2022,LCH,LA,ASW,CE,Combined TRACON& Tower with Radar,0,7,6,2,15,0,36,20,0,56,0,43,26,2,71,21,0,21,92
01/05/2022,LCH,LA,ASW,CE,Combined TRACON& Tower with Radar,0,10,9,6,25,0,36,15,0,51,0,46,24,6,76,92,0,92,168
01/06/2022,LCH,LA,ASW,CE,Combined TRACON& Tower with Radar,0,41,13,4,58,0,14,7,0,21,0,55,20,4,79,0,0,0,79
01/07/2022,LCH,LA,ASW,CE,Combined TRACON& Tower with Radar,0,22,15,0,37,0,22,11,0,33,0,44,26,0,70,72,0,72,142
01/08/2022,LCH,LA,ASW,CE,Combined TRACON& Tower with Radar,0,16,2,0,18,0,0,0,0,0,0,16,2,0,18,18,0,18,36
01/09/2022,LCH,LA,ASW,CE,Combined TRACON& Tower with Radar,0,12,3,0,15,0,9,1,0,10,0,21,4,0,25,0,0,0,25
01/10/2022,LCH,LA,ASW,CE,Combined TRACON& Tower with Radar,0,24,7,2,33,0,8,19,0,27,0,32,26,2,60,4,0,4,64
01/11/2022,LCH,LA,ASW,CE,Combined TRACON& Tower with Radar,0,17,11,0,28,0,34,17,0,51,0,51,28,0,79,34,0,34,113
01/12/2022,LCH,LA,ASW,CE,Combined TRACON& Tower with Radar,0,12,14,0,26,0,28,26,0,54,0,40,40,0,80,38,0,38,118
01/13/2022,LCH,LA,ASW,CE,Combined TRACON& Tower with Radar,0,12,15,2,29,0,31,17,0,48,0,43,32,2,77,50,0,50,127
01/14/2022,LCH,LA,ASW,CE,Combined TRACON& Tower with Radar,0,20,23,6,49,0,31,20,0,51,0,51,43,6,100,14,0,14,114
01/15/2022,LCH,LA,ASW,CE,Combined TRACON& Tower with Radar,0,9,6,0,15,0,7,5,0,12,0,16,11,0,27,20,0,20,47
01/16/2022,LCH,LA,ASW,CE,Combined TRACON& Tower with Radar,0,12,15,0,27,0,8,27,0,35,0,20,42,0,62,0,0,0,62
01/17/2022,LCH,LA,ASW,CE,Combined TRACON& Tower with Radar,0,10,17,1,28,0,16,32,0,48,0,26,49,1,76,30,0,30,106
01/18/2022,LCH,LA,ASW,CE,Combined TRACON& Tower with Radar,0,7,10,2,19,0,32,9,1,42,0,39,19,3,61,36,0,36,97
01/19/2022,LCH,LA,ASW,CE,Combined TRACON& Tower with Radar,0,20,17,0,37,0,9,8,0,17,0,29,25,0,54,26,0,26,80
01/20/2022,LCH,LA,ASW,CE,Combined TRACON& Tower with Radar,0,23,10,0,33,0,1,0,0,1,0,24,10,0,34,0,0,0,34
01/21/2022,LCH,LA,ASW,CE,Combined TRACON& Tower with Radar,0,12,20,0,32,0,2,21,0,23,0,14,41,0,55,40,0,40,95
01/22/2022,LCH,LA,ASW,CE,Combined TRACON& Tower with Radar,0,6,11,8,25,0,10,22,0,32,0,16,33,8,57,66,0,66,123
01/23/2022,LCH,LA,ASW,CE,Combined TRACON& Tower with Radar,0,13,21,0,34,0,12,20,0,32,0,25,41,0,66,80,0,80,146
01/24/2022,LCH,LA,ASW,CE,Combined TRACON& Tower with Radar,0,16,5,0,21,0,5,4,1,10,0,21,9,1,31,4,0,4,35
01/25/2022,LCH,LA,ASW,CE,Combined TRACON& Tower with Radar,0,31,8,0,39,0,4,8,0,12,0,35,16,0,51,10,0,10,61
01/26/2022,LCH,LA,ASW,CE,Combined TRACON& Tower with Radar,0,9,5,0,14,0,17,17,0,34,0,26,22,0,48,62,0,62,110
01/27/2022,LCH,LA,ASW,CE,Combined TRACON& Tower with Radar,0,10,23,1,34,0,27,26,2,55,0,37,49,3,89,98,0,98,187
01/28/2022,LCH,LA,ASW,CE,Combined TRACON& Tower with Radar,0,12,13,0,25,0,16,18,1,35,0,28,31,1,60,32,0,32,92
01/29/2022,LCH,LA,ASW,CE,Combined TRACON& Tower with Radar,0,6,15,0,21,0,16,23,0,39,0,22,38,0,60,20,0,20,80
01/30/2022,LCH,LA,ASW,CE,Combined TRACON& Tower with Radar,0,11,14,0,25,0,10,28,0,38,0,21,42,0,63,32,0,32,95
01/31/2022,LCH,LA,ASW,CE,Combined TRACON& Tower with Radar,0,12,8,2,22,0,16,18,0,34,0,28,26,2,56,36,0,36,92
02/01/2022,LCH,LA,ASW,CE,Combined TRACON& Tower with Radar,0,16,10,1,27,0,1,4,0,5,0,17,14,1,32,48,0,48,80
02/02/2022,LCH,LA,ASW,CE,Combined TRACON& Tower with Radar,0,12,1,10,23,0,4,1,0,5,0,16,2,10,28,49,0,49,77
02/03/2022,LCH,LA,ASW,CE,Combined TRACON& Tower with Radar,0,5,2,0,7,0,0,0,0,0,0,5,2,0,7,0,0,0,7
02/04/2022,LCH,LA,ASW,CE,Combined TRACON& Tower with Radar,0,9,9,0,18,0,1,2,0,3,0,10,11,0,21,29,0,29,50
02/05/2022,LCH,LA,ASW,CE,Combined TRACON& Tower with Radar,0,8,13,5,26,0,5,18,1,24,0,13,31,6,50,35,0,35,85
02/06/2022,LCH,LA,ASW,CE,Combined TRACON& Tower with Radar,0,7,12,2,21,0,9,37,0,46,0,16,49,2,67,53,0,53,120
02/07/2022,LCH,LA,ASW,CE,Combined TRACON& Tower with Radar,0,14,15,0,29,0,11,18,0,29,0,25,33,0,58,44,0,44,102
02/08/2022,LCH,LA,ASW,CE,Combined TRACON& Tower with Radar,0,13,9,2,24,0,2,17,0,19,0,15,26,2,43,14,0,14,57
02/09/2022,LCH,LA,ASW,CE,Combined TRACON& Tower with Radar,0,15,9,0,24,0,12,26,0,38,0,27,35,0,62,40,0,40,102
02/10/2022,LCH,LA,ASW,CE,Combined TRACON& Tower with Radar,0,11,22,6,39,0,15,18,0,33,0,26,40,6,72,34,0,34,106
02/11/2022,LCH,LA,ASW,CE,Combined TRACON& Tower with Radar,0,11,22,2,35,0,8,16,0,24,0,19,38,2,59,46,0,46,105
02/12/2022,LCH,LA,ASW,CE,Combined TRACON& Tower with Radar,0,6,4,0,10,0,2,21,0,23,0,8,25,0,33,76,0,76,109
02/13/2022,LCH,LA,ASW,CE,Combined TRACON& Tower with Radar,0,9,8,4,21,0,9,23,0,32,0,18,31,4,53,27,0,27,80
02/14/2022,LCH,LA,ASW,CE,Combined TRACON& Tower with Radar,0,7,12,0,19,0,15,21,0,36,0,22,33,0,55,34,0,34,89
02/15/2022,LCH,LA,ASW,CE,Combined TRACON& Tower with Radar,0,9,16,0,25,0,22,15,0,37,0,31,31,0,62,27,0,27,89
02/16/2022,LCH,LA,ASW,CE,Combined TRACON& Tower with Radar,0,10,3,8,21,0,21,3,0,24,0,31,6,8,45,22,0,22,67
02/17/2022,LCH,LA,ASW,CE,Combined TRACON& Tower with Radar,0,11,7,0,18,0,1,1,0,2,0,12,8,0,20,33,0,33,53
02/18/2022,LCH,LA,ASW,CE,Combined TRACON& Tower with Radar,0,9,17,4,30,0,9,17,0,26,0,18,34,4,56,10,0,10,66
02/19/2022,LCH,LA,ASW,CE,Combined TRACON& Tower with Radar,0,9,14,2,25,0,6,35,0,41,0,15,49,2,66,82,0,82,148
02/20/2022,LCH,LA,ASW,CE,Combined TRACON& Tower with Radar,0,11,9,0,20,0,7,16,0,23,0,18,25,0,43,90,0,90,133
02/21/2022,LCH,LA,ASW,CE,Combined TRACON& Tower with Radar,0,14,15,16,45,0,5,0,0,5,0,19,15,16,50,18,0,18,68
02/22/2022,LCH,LA,ASW,CE,Combined TRACON& Tower with Radar,0,16,5,0,21,0,3,4,0,7,0,19,9,0,28,10,0,10,38
02/23/2022,LCH,LA,ASW,CE,Combined TRACON& Tower with Radar,0,7,7,2,16,0,0,0,0,0,0,7,7,2,16,0,0,0,16
02/24/2022,LCH,LA,ASW,CE,Combined TRACON& Tower with Radar,0,13,2,0,15,0,0,6,0,6,0,13,8,0,21,38,0,38,59
02/25/2022,LCH,LA,ASW,CE,Combined TRACON& Tower with Radar,0,11,11,4,26,0,5,1,0,6,0,16,12,4,32,22,0,22,54
02/26/2022,LCH,LA,ASW,CE,Combined TRACON& Tower with Radar,0,23,10,0,33,0,1,0,0,1,0,24,10,0,34,0,0,0,34
02/27/2022,LCH,LA,ASW,CE,Combined TRACON& Tower with Radar,0,12,9,0,21,0,2,9,0,11,0,14,18,0,32,4,0,4,36
02/28/2022,LCH,LA,ASW,CE,Combined TRACON& Tower with Radar,0,9,11,0,20,0,22,27,0,49,0,31,38,0,69,46,0,46,115
03/01/2022,LCH,LA,ASW,CE,Combined TRACON& Tower with Radar,0,10,17,0,27,0,12,19,0,31,0,22,36,0,58,17,0,17,75
03/02/2022,LCH,LA,ASW,CE,Combined TRACON& Tower with Radar,0,11,23,2,36,0,14,26,0,40,0,25,49,2,76,46,0,46,122
03/03/2022,LCH,LA,ASW,CE,Combined TRACON& Tower with Radar,0,9,29,0,38,0,24,26,0,50,0,33,55,0,88,38,0,38,126
03/04/2022,LCH,LA,ASW,CE,Combined TRACON& Tower with Radar,0,10,9,13,32,0,15,14,1,30,0,25,23,14,62,10,0,10,72
03/05/2022,LCH,LA,ASW,CE,Combined TRACON& Tower with Radar,0,9,17,0,26,0,9,21,0,30,0,18,38,0,56,36,0,36,92
03/06/2022,LCH,LA,ASW,CE,Combined TRACON& Tower with Radar,0,8,5,2,15,0,0,7,0,7,0,8,12,2,22,10,0,10,32
03/07/2022,LCH,LA,ASW,CE,Combined TRACON& Tower with Radar,0,11,20,6,37,0,2,8,0,10,0,13,28,6,47,29,0,29,76
03/08/2022,LCH,LA,ASW,CE,Combined TRACON& Tower with Radar,0,12,4,0,16,0,1,1,0,2,0,13,5,0,18,4,0,4,22
03/09/2022,LCH,LA,ASW,CE,Combined TRACON& Tower with Radar,0,9,10,0,19,0,13,22,0,35,0,22,32,0,54,59,0,59,113
03/10/2022,LCH,LA,ASW,CE,Combined TRACON& Tower with Radar,0,12,13,0,25,0,24,10,0,34,0,36,23,0,59,40,0,40,99
03/11/2022,LCH,LA,ASW,CE,Combined TRACON& Tower with Radar,0,9,4,6,19,0,2,4,0,6,0,11,8,6,25,0,0,0,25
03/12/2022,LCH,LA,ASW,CE,Combined TRACON& Tower with Radar,0,6,4,2,12,0,3,21,0,24,0,9,25,2,36,46,0,46,82
03/13/2022,LCH,LA,ASW,CE,Combined TRACON& Tower with Radar,0,7,16,0,23,0,14,15,0,29,0,21,31,0,52,22,0,22,74
03/14/2022,LCH,LA,ASW,CE,Combined TRACON& Tower with Radar,0,15,15,3,33,0,10,4,1,15,0,25,19,4,48,20,0,20,68
03/15/2022,LCH,LA,ASW,CE,Combined TRACON& Tower with Radar,0,9,11,0,20,0,13,22,0,35,0,22,33,0,55,60,0,60,115
03/16/2022,LCH,LA,ASW,CE,Combined TRACON& Tower with Radar,0,11,28,0,39,0,26,30,0,56,0,37,58,0,95,42,0,42,137
03/17/2022,LCH,LA,ASW,CE,Combined TRACON& Tower with Radar,0,11,25,0,36,0,5,15,0,20,0,16,40,0,56,12,0,12,68
03/18/2022,LCH,LA,ASW,CE,Combined TRACON& Tower with Radar,0,10,21,0,31,0,5,21,0,26,0,15,42,0,57,40,0,40,97
03/19/2022,LCH,LA,ASW,CE,Combined TRACON& Tower with Radar,0,8,7,0,15,0,13,34,0,47,0,21,41,0,62,16,0,16,78
03/20/2022,LCH,LA,ASW,CE,Combined TRACON& Tower with Radar,0,10,20,18,48,0,17,35,4,56,0,27,55,22,104,28,0,28,132
03/21/2022,LCH,LA,ASW,CE,Combined TRACON& Tower with Radar,0,12,20,0,32,0,10,2,0,12,0,22,22,0,44,0,0,0,44
03/22/2022,LCH,LA,ASW,CE,Combined TRACON& Tower with Radar,0,9,6,0,15,0,5,12,0,17,0,14,18,0,32,28,0,28,60
03/23/2022,LCH,LA,ASW,CE,Combined TRACON& Tower with Radar,0,13,24,4,41,0,9,36,2,47,0,22,60,6,88,28,0,28,116
03/24/2022,LCH,LA,ASW,CE,Combined TRACON& Tower with Radar,0,11,20,4,35,0,22,27,3,52,0,33,47,7,87,61,0,61,148
03/25/2022,LCH,LA,ASW,CE,Combined TRACON& Tower with Radar,0,14,12,0,26,0,5,21,2,28,0,19,33,2,54,8,0,8,62
03/26/2022,LCH,LA,ASW,CE,Combined TRACON& Tower with Radar,0,10,19,4,33,0,7,24,0,31,0,17,43,4,64,55,0,55,119
03/27/2022,LCH,LA,ASW,CE,Combined TRACON& Tower with Radar,0,9,23,8,40,0,2,33,0,35,0,11,56,8,75,9,0,9,84
03/28/2022,LCH,LA,ASW,CE,Combined TRACON& Tower with Radar,0,10,18,4,32,0,11,20,0,31,0,21,38,4,63,8,0,8,71
03/29/2022,LCH,LA,ASW,CE,Combined TRACON& Tower with Radar,0,14,11,5,30,0,8,4,0,12,0,22,15,5,42,0,0,0,42
03/30/2022,LCH,LA,ASW,CE,Combined TRACON& Tower with Radar,0,14,6,0,20,0,1,1,0,2,0,15,7,0,22,0,0,0,22
03/31/2022,LCH,LA,ASW,CE,Combined TRACON& Tower with Radar,0,10,9,2,21,0,17,24,0,41,0,27,33,2,62,0,0,0,62
04/01/2022,LCH,LA,ASW,CE,Combined TRACON& Tower with Radar,0,9,22,4,35,0,7,28,0,35,0,16,50,4,70,40,0,40,110
04/02/2022,LCH,LA,ASW,CE,Combined TRACON& Tower with Radar,0,9,11,8,28,0,8,16,0,24,0,17,27,8,52,54,0,54,106
04/03/2022,LCH,LA,ASW,CE,Combined TRACON& Tower with Radar,0,10,10,15,35,0,5,13,0,18,0,15,23,15,53,28,0,28,81
04/04/2022,LCH,LA,ASW,CE,Combined TRACON& Tower with Radar,0,10,15,4,29,0,11,9,0,20,0,21,24,4,49,0,0,0,49
04/05/2022,LCH,LA,ASW,CE,Combined TRACON& Tower with Radar,0,12,9,0,21,0,5,2,0,7,0,17,11,0,28,26,0,26,54
04/06/2022,LCH,LA,ASW,CE,Combined TRACON& Tower with Radar,0,19,8,4,31,0,11,8,0,19,0,30,16,4,50,6,0,6,56
04/07/2022,LCH,LA,ASW,CE,Combined TRACON& Tower with Radar,0,8,8,2,18,0,12,20,0,32,0,20,28,2,50,18,0,18,68
04/08/2022,LCH,LA,ASW,CE,Combined TRACON& Tower with Radar,0,10,8,6,24,0,13,24,0,37,0,23,32,6,61,46,0,46,107
04/09/2022,LCH,LA,ASW,CE,Combined TRACON& Tower with Radar,0,13,13,0,26,0,6,28,0,34,0,19,41,0,60,42,0,42,102
04/10/2022,LCH,LA,ASW,CE,Combined TRACON& Tower with Radar,0,11,10,9,30,0,2,10,0,12,0,13,20,9,42,12,0,12,54
04/11/2022,LCH,LA,ASW,CE,Combined TRACON& Tower with Radar,0,11,8,0,19,0,9,7,0,16,0,20,15,0,35,20,0,20,55
04/12/2022,LCH,LA,ASW,CE,Combined TRACON& Tower with Radar,0,12,7,3,22,0,4,2,0,6,0,16,9,3,28,26,0,26,54
04/13/2022,LCH,LA,ASW,CE,Combined TRACON& Tower with Radar,0,7,12,0,19,0,5,0,0,5,0,12,12,0,24,0,0,0,24
04/14/2022,LCH,LA,ASW,CE,Combined TRACON& Tower with Radar,0,10,8,2,20,0,4,22,0,26,0,14,30,2,46,27,0,27,73
04/15/2022,LCH,LA,ASW,CE,Combined TRACON& Tower with Radar,0,11,7,2,20,0,3,3,0,6,0,14,10,2,26,0,0,0,26
04/16/2022,LCH,LA,ASW,CE,Combined TRACON& Tower with Radar,0,11,5,0,16,0,1,9,0,10,0,12,14,0,26,11,0,11,37
04/17/2022,LCH,LA,ASW,CE,Combined TRACON& Tower with Radar,0,10,12,0,22,0,3,1,0,4,0,13,13,0,26,10,0,10,36
04/18/2022,LCH,LA,ASW,CE,Combined TRACON& Tower with Radar,0,11,9,0,20,0,15,19,0,34,0,26,28,0,54,38,0,38,92
04/19/2022,LCH,LA,ASW,CE,Combined TRACON& Tower with Radar,0,11,9,0,20,0,20,33,1,54,0,31,42,1,74,35,0,35,109
04/20/2022,LCH,LA,ASW,CE,Combined TRACON& Tower with Radar,0,13,10,2,25,0,17,12,0,29,0,30,22,2,54,31,0,31,85
04/21/2022,LCH,LA,ASW,CE,Combined TRACON& Tower with Radar,0,11,19,2,32,0,11,17,0,28,0,22,36,2,60,0,0,0,60
04/22/2022,LCH,LA,ASW,CE,Combined TRACON& Tower with Radar,0,9,16,2,27,0,9,12,0,21,0,18,28,2,48,36,0,36,84
04/23/2022,LCH,LA,ASW,CE,Combined TRACON& Tower with Radar,0,8,5,8,21,0,1,12,0,13,0,9,17,8,34,28,0,28,62
04/24/2022,LCH,LA,ASW,CE,Combined TRACON& Tower with Radar,0,7,9,8,24,0,3,1,0,4,0,10,10,8,28,36,0,36,64
04/25/2022,LCH,LA,ASW,CE,Combined TRACON& Tower with Radar,0,7,7,0,14,0,17,2,0,19,0,24,9,0,33,0,0,0,33
04/26/2022,LCH,LA,ASW,CE,Combined TRACON& Tower with Radar,0,12,24,0,36,0,22,19,0,41,0,34,43,0,77,10,0,10,87
04/27/2022,LCH,LA,ASW,CE,Combined TRACON& Tower with Radar,0,9,32,0,41,0,11,41,0,52,0,20,73,0,93,40,0,40,133
04/28/2022,LCH,LA,ASW,CE,Combined TRACON& Tower with Radar,0,10,22,2,34,0,11,39,0,50,0,21,61,2,84,12,0,12,96
04/29/2022,LCH,LA,ASW,CE,Combined TRACON& Tower with Radar,0,11,20,14,45,0,11,26,0,37,0,22,46,14,82,62,0,62,144
04/30/2022,LCH,LA,ASW,CE,Combined TRACON& Tower with Radar,0,9,9,0,18,0,8,16,0,24,0,17,25,0,42,50,0,50,92
05/01/2022,LCH,LA,ASW,CE,Combined TRACON& Tower with Radar,0,10,6,21,37,0,8,11,0,19,0,18,17,21,56,0,0,0,56
05/02/2022,LCH,LA,ASW,CE,Combined TRACON& Tower with Radar,0,8,14,10,32,0,13,12,0,25,0,21,26,10,57,0,0,0,57
05/03/2022,LCH,LA,ASW,CE,Combined TRACON& Tower with Radar,0,13,7,0,20,0,21,10,0,31,0,34,17,0,51,14,0,14,65
05/04/2022,LCH,LA,ASW,CE,Combined TRACON& Tower with Radar,0,10,21,7,38,0,13,16,0,29,0,23,37,7,67,52,0,52,119
05/05/2022,LCH,LA,ASW,CE,Combined TRACON& Tower with Radar,2,6,18,0,26,0,8,4,0,12,2,14,22,0,38,19,0,19,57
05/06/2022,LCH,LA,ASW,CE,Combined TRACON& Tower with Radar,2,7,13,4,26,0,13,24,0,37,2,20,37,4,63,48,0,48,111
05/07/2022,LCH,LA,ASW,CE,Combined TRACON& Tower with Radar,3,5,7,0,15,0,2,13,0,15,3,7,20,0,30,18,0,18,48
05/08/2022,LCH,LA,ASW,CE,Combined TRACON& Tower with Radar,3,5,14,2,24,0,5,11,0,16,3,10,25,2,40,12,0,12,52
05/09/2022,LCH,LA,ASW,CE,Combined TRACON& Tower with Radar,2,7,14,0,23,0,21,26,0,47,2,28,40,0,70,28,0,28,98
05/10/2022,LCH,LA,ASW,CE,Combined TRACON& Tower with Radar,3,10,17,6,36,0,20,35,0,55,3,30,52,6,91,66,0,66,157
05/11/2022,LCH,LA,ASW,CE,Combined TRACON& Tower with Radar,3,8,15,2,28,0,13,44,0,57,3,21,59,2,85,50,0,50,135
05/12/2022,LCH,LA,ASW,CE,Combined TRACON& Tower with Radar,3,6,6,0,15,0,13,23,0,36,3,19,29,0,51,20,0,20,71
05/13/2022,LCH,LA,ASW,CE,Combined TRACON& Tower with Radar,3,6,21,10,40,0,12,18,0,30,3,18,39,10,70,28,0,28,98
05/14/2022,LCH,LA,ASW,CE,Combined TRACON& Tower with Radar,3,6,10,0,19,0,10,23,0,33,3,16,33,0,52,22,0,22,74
05/15/2022,LCH,LA,ASW,CE,Combined TRACON& Tower with Radar,2,7,6,1,16,0,6,19,1,26,2,13,25,2,42,42,0,42,84
05/16/2022,LCH,LA,ASW,CE,Combined TRACON& Tower with Radar,3,5,14,4,26,0,25,16,0,41,3,30,30,4,67,30,0,30,97
05/17/2022,LCH,LA,ASW,CE,Combined TRACON& Tower with Radar,3,8,23,4,38,0,19,15,0,34,3,27,38,4,72,17,0,17,89
05/18/2022,LCH,LA,ASW,CE,Combined TRACON& Tower with Radar,3,6,18,2,29,0,22,12,2,36,3,28,30,4,65,10,0,10,75
05/19/2022,LCH,LA,ASW,CE,Combined TRACON& Tower with Radar,3,7,17,0,27,0,16,19,0,35,3,23,36,0,62,30,0,30,92
05/20/2022,LCH,LA,ASW,CE,Combined TRACON& Tower with Radar,3,5,8,2,18,0,28,13,0,41,3,33,21,2,59,20,0,20,79
05/21/2022,LCH,LA,ASW,CE,Combined TRACON& Tower with Radar,3,9,13,0,25,0,2,5,0,7,3,11,18,0,32,19,0,19,51
05/22/2022,LCH,LA,ASW,CE,Combined TRACON& Tower with Radar,3,6,11,4,24,0,2,4,0,6,3,8,15,4,30,0,0,0,30
05/23/2022,LCH,LA,ASW,CE,Combined TRACON& Tower with Radar,3,12,14,6,35,0,7,8,0,15,3,19,22,6,50,34,0,34,84
05/24/2022,LCH,LA,ASW,CE,Combined TRACON& Tower with Radar,4,11,4,0,19,0,2,0,0,2,4,13,4,0,21,0,0,0,21
05/25/2022,LCH,LA,ASW,CE,Combined TRACON& Tower with Radar,3,6,5,0,14,0,12,4,0,16,3,18,9,0,30,21,0,21,51
05/26/2022,LCH,LA,ASW,CE,Combined TRACON& Tower with Radar,3,8,9,0,20,0,19,20,0,39,3,27,29,0,59,8,0,8,67
05/27/2022,LCH,LA,ASW,CE,Combined TRACON& Tower with Radar,3,5,12,8,28,0,9,27,0,36,3,14,39,8,64,42,0,42,106
05/28/2022,LCH,LA,ASW,CE,Combined TRACON& Tower with Radar,3,5,9,0,17,0,5,25,0,30,3,10,34,0,47,21,0,21,68
05/29/2022,LCH,LA,ASW,CE,Combined TRACON& Tower with Radar,7,6,21,0,34,0,7,15,0,22,7,13,36,0,56,0,0,0,56
05/30/2022,LCH,LA,ASW,CE,Combined TRACON& Tower with Radar,3,5,3,2,13,0,11,13,0,24,3,16,16,2,37,0,0,0,37
05/31/2022,LCH,LA,ASW,CE,Combined TRACON& Tower with Radar,3,5,23,0,31,0,31,28,0,59,3,36,51,0,90,24,0,24,114
06/01/2022,LCH,LA,ASW,CE,Combined TRACON& Tower with Radar,1,5,11,0,17,0,27,14,0,41,1,32,25,0,58,4,0,4,62
06/02/2022,LCH,LA,ASW,CE,Combined TRACON& Tower with Radar,3,9,9,0,21,0,18,9,0,27,3,27,18,0,48,8,0,8,56
06/03/2022,LCH,LA,ASW,CE,Combined TRACON& Tower with Radar,1,10,10,4,25,0,16,11,0,27,1,26,21,4,52,32,0,32,84
06/04/2022,LCH,LA,ASW,CE,Combined TRACON& Tower with Radar,0,9,8,0,17,0,9,7,0,16,0,18,15,0,33,24,0,24,57
06/05/2022,LCH,LA,ASW,CE,Combined TRACON& Tower with Radar,0,9,9,8,26,0,14,28,0,42,0,23,37,8,68,78,0,78,146
06/06/2022,LCH,LA,ASW,CE,Combined TRACON& Tower with Radar,0,10,10,0,20,0,15,18,0,33,0,25,28,0,53,37,0,37,90
06/07/2022,LCH,LA,ASW,CE,Combined TRACON& Tower with Radar,0,24,20,4,48,0,0,26,0,26,0,24,46,4,74,58,0,58,132
06/08/2022,LCH,LA,ASW,CE,Combined TRACON& Tower with Radar,0,12,11,0,23,0,14,23,0,37,0,26,34,0,60,15,0,15,75
06/09/2022,LCH,LA,ASW,CE,Combined TRACON& Tower with Radar,0,10,10,8,28,0,14,20,0,34,0,24,30,8,62,38,0,38,100
06/10/2022,LCH,LA,ASW,CE,Combined TRACON& Tower with Radar,0,12,21,0,33,0,8,19,0,27,0,20,40,0,60,46,0,46,106
06/11/2022,LCH,LA,ASW,CE,Combined TRACON& Tower with Radar,0,10,9,0,19,0,2,21,0,23,0,12,30,0,42,2,0,2,44
06/12/2022,LCH,LA,ASW,CE,Combined TRACON& Tower with Radar,0,11,11,0,22,0,7,11,0,18,0,18,22,0,40,0,0,0,40
06/13/2022,LCH,LA,ASW,CE,Combined TRACON& Tower with Radar,0,10,13,0,23,0,16,12,0,28,0,26,25,0,51,40,0,40,91
06/14/2022,LCH,LA,ASW,CE,Combined TRACON& Tower with Radar,0,15,21,6,42,0,18,24,0,42,0,33,45,6,84,42,0,42,126
06/15/2022,LCH,LA,ASW,CE,Combined TRACON& Tower with Radar,0,10,23,0,33,0,21,31,0,52,0,31,54,0,85,10,0,10,95
06/16/2022,LCH,LA,ASW,CE,Combined TRACON& Tower with Radar,0,9,16,0,25,0,18,12,0,30,0,27,28,0,55,47,0,47,102
06/17/2022,LCH,LA,ASW,CE,Combined TRACON& Tower with Radar,0,9,13,3,25,0,6,12,2,20,0,15,25,5,45,27,0,27,72
06/18/2022,LCH,LA,ASW,CE,Combined TRACON& Tower with Radar,0,8,9,0,17,0,1,15,0,16,0,9,24,0,33,26,0,26,59
06/19/2022,LCH,LA,ASW,CE,Combined TRACON& Tower with Radar,0,9,7,0,16,0,4,19,0,23,0,13,26,0,39,38,0,38,77
06/20/2022,LCH,LA,ASW,CE,Combined TRACON& Tower with Radar,0,10,3,6,19,0,6,22,2,30,0,16,25,8,49,8,0,8,57
06/21/2022,LCH,LA,ASW,CE,Combined TRACON& Tower with Radar,0,9,1,0,10,0,20,7,0,27,0,29,8,0,37,8,0,8,45
06/22/2022,LCH,LA,ASW,CE,Combined TRACON& Tower with Radar,0,9,10,0,19,0,13,11,0,24,0,22,21,0,43,31,0,31,74
06/23/2022,LCH,LA,ASW,CE,Combined TRACON& Tower with Radar,0,15,11,6,32,0,10,16,0,26,0,25,27,6,58,20,4,24,82
06/24/2022,LCH,LA,ASW,CE,Combined TRACON& Tower with Radar,0,9,7,2,18,0,19,9,1,29,0,28,16,3,47,0,0,0,47
06/25/2022,LCH,LA,ASW,CE,Combined TRACON& Tower with Radar,0,10,10,0,20,0,5,18,0,23,0,15,28,0,43,0,0,0,43
06/26/2022,LCH,LA,ASW,CE,Combined TRACON& Tower with Radar,0,14,5,0,19,0,3,7,0,10,0,17,12,0,29,0,0,0,29
06/27/2022,LCH,LA,ASW,CE,Combined TRACON& Tower with Radar,0,9,15,2,26,0,10,11,0,21,0,19,26,2,47,14,0,14,61
06/28/2022,LCH,LA,ASW,CE,Combined TRACON& Tower with Radar,0,11,11,0,22,0,13,8,0,21,0,24,19,0,43,1,0,1,44
06/29/2022,LCH,LA,ASW,CE,Combined TRACON& Tower with Radar,0,9,14,0,23,0,9,15,0,24,0,18,29,0,47,26,0,26,73
06/30/2022,LCH,LA,ASW,CE,Combined TRACON& Tower with Radar,0,9,6,0,15,0,11,7,0,18,0,20,13,0,33,0,0,0,33
07/01/2022,LCH,LA,ASW,CE,Combined TRACON& Tower with Radar,0,9,3,0,12,0,0,0,0,0,0,9,3,0,12,0,0,0,12
07/02/2022,LCH,LA,ASW,CE,Combined TRACON& Tower with Radar,0,9,5,0,14,0,12,7,0,19,0,21,12,0,33,8,0,8,41
07/03/2022,LCH,LA,ASW,CE,Combined TRACON& Tower with Radar,0,9,10,0,19,0,9,19,0,28,0,18,29,0,47,14,0,14,61
07/04/2022,LCH,LA,ASW,CE,Combined TRACON& Tower with Radar,0,10,6,0,16,0,9,17,0,26,0,19,23,0,42,30,0,30,72
07/05/2022,LCH,LA,ASW,CE,Combined TRACON& Tower with Radar,0,10,7,0,17,0,18,14,0,32,0,28,21,0,49,0,0,0,49
07/06/2022,LCH,LA,ASW,CE,Combined TRACON& Tower with Radar,0,10,15,0,25,0,10,11,0,21,0,20,26,0,46,0,0,0,46
07/07/2022,LCH,LA,ASW,CE,Combined TRACON& Tower with Radar,0,9,17,6,32,0,14,21,0,35,0,23,38,6,67,40,0,40,107
07/08/2022,LCH,LA,ASW,CE,Combined TRACON& Tower with Radar,0,12,13,0,25,0,13,38,0,51,0,25,51,0,76,16,0,16,92
07/09/2022,LCH,LA,ASW,CE,Combined TRACON& Tower with Radar,0,9,4,0,13,0,7,37,0,44,0,16,41,0,57,2,0,2,59
07/10/2022,LCH,LA,ASW,CE,Combined TRACON& Tower with Radar,0,8,0,0,8,0,8,10,0,18,0,16,10,0,26,0,0,0,26
07/11/2022,LCH,LA,ASW,CE,Combined TRACON& Tower with Radar,0,10,9,0,19,0,15,24,1,40,0,25,33,1,59,24,0,24,83
07/12/2022,LCH,LA,ASW,CE,Combined TRACON& Tower with Radar,0,11,10,0,21,0,15,17,0,32,0,26,27,0,53,24,0,24,77
07/13/2022,LCH,LA,ASW,CE,Combined TRACON& Tower with Radar,0,8,23,2,33,0,14,18,0,32,0,22,41,2,65,12,0,12,77
07/14/2022,LCH,LA,ASW,CE,Combined TRACON& Tower with Radar,0,11,8,0,19,0,6,5,0,11,0,17,13,0,30,30,0,30,60
07/15/2022,LCH,LA,ASW,CE,Combined TRACON& Tower with Radar,0,10,23,0,33,0,9,31,0,40,0,19,54,0,73,12,0,12,85
07/16/2022,LCH,LA,ASW,CE,Combined TRACON& Tower with Radar,0,9,6,0,15,0,6,17,0,23,0,15,23,0,38,28,0,28,66
07/17/2022,LCH,LA,ASW,CE,Combined TRACON& Tower with Radar,0,9,8,0,17,0,4,20,0,24,0,13,28,0,41,20,0,20,61
07/18/2022,LCH,LA,ASW,CE,Combined TRACON& Tower with Radar,0,11,9,0,20,0,19,16,0,35,0,30,25,0,55,10,0,10,65
07/19/2022,LCH,LA,ASW,CE,Combined TRACON& Tower with Radar,0,12,9,2,23,0,16,8,0,24,0,28,17,2,47,4,0,4,51
07/20/2022,LCH,LA,ASW,CE,Combined TRACON& Tower with Radar,0,12,21,2,35,0,20,10,2,32,0,32,31,4,67,18,0,18,85
07/21/2022,LCH,LA,ASW,CE,Combined TRACON& Tower with Radar,0,14,21,2,37,0,13,12,0,25,0,27,33,2,62,55,0,55,117
07/22/2022,LCH,LA,ASW,CE,Combined TRACON& Tower with Radar,0,10,6,1,17,0,8,8,1,17,0,18,14,2,34,3,0,3,37
07/23/2022,LCH,LA,ASW,CE,Combined TRACON& Tower with Radar,0,9,4,0,13,0,3,6,0,9,0,12,10,0,22,10,0,10,32
07/24/2022,LCH,LA,ASW,CE,Combined TRACON& Tower with Radar,0,9,6,2,17,0,4,11,2,17,0,13,17,4,34,0,0,0,34
07/25/2022,LCH,LA,ASW,CE,Combined TRACON& Tower with Radar,0,11,9,0,20,0,12,8,0,20,0,23,17,0,40,6,0,6,46
07/26/2022,LCH,LA,ASW,CE,Combined TRACON& Tower with Radar,0,11,11,0,22,0,16,3,0,19,0,27,14,0,41,0,0,0,41
07/27/2022,LCH,LA,ASW,CE,Combined TRACON& Tower with Radar,0,9,6,0,15,0,19,8,0,27,0,28,14,0,42,16,0,16,58
07/28/2022,LCH,LA,ASW,CE,Combined TRACON& Tower with Radar,0,10,8,2,20,0,11,6,0,17,0,21,14,2,37,0,0,0,37
07/29/2022,LCH,LA,ASW,CE,Combined TRACON& Tower with Radar,0,11,4,0,15,0,13,6,0,19,0,24,10,0,34,0,0,0,34
07/30/2022,LCH,LA,ASW,CE,Combined TRACON& Tower with Radar,0,11,11,0,22,0,8,9,0,17,0,19,20,0,39,0,0,0,39
07/31/2022,LCH,LA,ASW,CE,Combined TRACON& Tower with Radar,0,9,4,0,13,0,2,14,0,16,0,11,18,0,29,0,0,0,29
08/01/2022,LCH,LA,ASW,CE,Combined TRACON& Tower with Radar,0,10,9,0,19,0,16,10,0,26,0,26,19,0,45,4,0,4,49
08/02/2022,LCH,LA,ASW,CE,Combined TRACON& Tower with Radar,0,11,14,0,25,0,19,10,0,29,0,30,24,0,54,0,0,0,54
08/03/2022,LCH,LA,ASW,CE,Combined TRACON& Tower with Radar,0,9,5,0,14,0,11,19,0,30,0,20,24,0,44,0,0,0,44
08/04/2022,LCH,LA,ASW,CE,Combined TRACON& Tower with Radar,0,9,9,0,18,0,6,12,0,18,0,15,21,0,36,0,0,0,36
08/05/2022,LCH,LA,ASW,CE,Combined TRACON& Tower with Radar,0,9,7,0,16,0,11,16,0,27,0,20,23,0,43,20,0,20,63
08/06/2022,LCH,LA,ASW,CE,Combined TRACON& Tower with Radar,0,9,11,2,22,0,5,23,0,28,0,14,34,2,50,0,0,0,50
08/07/2022,LCH,LA,ASW,CE,Combined TRACON& Tower with Radar,0,11,21,0,32,0,1,14,0,15,0,12,35,0,47,0,0,0,47
08/08/2022,LCH,LA,ASW,CE,Combined TRACON& Tower with Radar,0,10,13,0,23,0,11,15,0,26,0,21,28,0,49,0,0,0,49
08/09/2022,LCH,LA,ASW,CE,Combined TRACON& Tower with Radar,0,9,8,0,17,0,16,14,0,30,0,25,22,0,47,0,0,0,47
08/10/2022,LCH,LA,ASW,CE,Combined TRACON& Tower with Radar,0,8,7,0,15,0,10,12,0,22,0,18,19,0,37,10,0,10,47
08/11/2022,LCH,LA,ASW,CE,Combined TRACON& Tower with Radar,0,16,13,0,29,0,5,5,0,10,0,21,18,0,39,0,0,0,39
08/12/2022,LCH,LA,ASW,CE,Combined TRACON& Tower with Radar,0,13,21,0,34,0,11,6,0,17,0,24,27,0,51,9,0,9,60
08/13/2022,LCH,LA,ASW,CE,Combined TRACON& Tower with Radar,0,15,7,0,22,0,7,7,0,14,0,22,14,0,36,0,0,0,36
08/14/2022,LCH,LA,ASW,CE,Combined TRACON& Tower with Radar,0,9,13,0,22,0,5,18,2,25,0,14,31,2,47,15,0,15,62
08/15/2022,LCH,LA,ASW,CE,Combined TRACON& Tower with Radar,0,11,13,0,24,0,20,24,0,44,0,31,37,0,68,18,0,18,86
08/16/2022,LCH,LA,ASW,CE,Combined TRACON& Tower with Radar,4,11,11,0,26,0,23,28,0,51,4,34,39,0,77,24,0,24,101
08/17/2022,LCH,LA,ASW,CE,Combined TRACON& Tower with Radar,4,7,7,1,19,0,16,19,0,35,4,23,26,1,54,41,0,41,95
08/18/2022,LCH,LA,ASW,CE,Combined TRACON& Tower with Radar,10,6,10,0,26,0,13,15,0,28,10,19,25,0,54,2,0,2,56
08/19/2022,LCH,LA,ASW,CE,Combined TRACON& Tower with Radar,5,6,22,0,33,0,6,23,0,29,5,12,45,0,62,22,0,22,84
08/20/2022,LCH,LA,ASW,CE,Combined TRACON& Tower with Radar,5,4,7,0,16,0,2,7,0,9,5,6,14,0,25,8,0,8,33
08/21/2022,LCH,LA,ASW,CE,Combined TRACON& Tower with Radar,3,4,4,0,11,0,2,14,0,16,3,6,18,0,27,10,0,10,37
08/22/2022,LCH,LA,ASW,CE,Combined TRACON& Tower with Radar,5,4,10,0,19,0,8,6,0,14,5,12,16,0,33,31,0,31,64
08/23/2022,LCH,LA,ASW,CE,Combined TRACON& Tower with Radar,5,10,9,0,24,0,4,5,0,9,5,14,14,0,33,7,0,7,40
08/24/2022,LCH,LA,ASW,CE,Combined TRACON& Tower with Radar,5,15,4,0,24,0,2,3,0,5,5,17,7,0,29,2,0,2,31
08/25/2022,LCH,LA,ASW,CE,Combined TRACON& Tower with Radar,7,8,8,0,23,0,13,4,0,17,7,21,12,0,40,28,0,28,68
08/26/2022,LCH,LA,ASW,CE,Combined TRACON& Tower with Radar,5,9,13,0,27,0,10,10,0,20,5,19,23,0,47,2,0,2,49
08/27/2022,LCH,LA,ASW,CE,Combined TRACON& Tower with Radar,7,6,7,0,20,0,19,11,1,31,7,25,18,1,51,34,0,34,85
08/28/2022,LCH,LA,ASW,CE,Combined TRACON& Tower with Radar,5,5,10,5,25,0,8,16,1,25,5,13,26,6,50,10,0,10,60
08/29/2022,LCH,LA,ASW,CE,Combined TRACON& Tower with Radar,5,11,7,0,23,0,17,11,0,28,5,28,18,0,51,4,0,4,55
08/30/2022,LCH,LA,ASW,CE,Combined TRACON& Tower with Radar,7,14,4,0,25,0,15,17,2,34,7,29,21,2,59,32,0,32,91
08/31/2022,LCH,LA,ASW,CE,Combined TRACON& Tower with Radar,5,5,23,0,33,0,17,30,0,47,5,22,53,0,80,58,0,58,138
09/01/2022,LCH,LA,ASW,CE,Combined TRACON& Tower with Radar,5,6,9,0,20,0,18,18,0,36,5,24,27,0,56,9,0,9,65
09/02/2022,LCH,LA,ASW,CE,Combined TRACON& Tower with Radar,7,5,8,0,20,0,13,22,1,36,7,18,30,1,56,25,0,25,81
09/03/2022,LCH,LA,ASW,CE,Combined TRACON& Tower with Radar,4,3,4,0,11,0,1,4,0,5,4,4,8,0,16,0,0,0,16
09/04/2022,LCH,LA,ASW,CE,Combined TRACON& Tower with Radar,3,4,6,0,13,0,0,5,0,5,3,4,11,0,18,0,0,0,18
09/05/2022,LCH,LA,ASW,CE,Combined TRACON& Tower with Radar,5,4,9,0,18,0,8,21,0,29,5,12,30,0,47,14,0,14,61
09/06/2022,LCH,LA,ASW,CE,Combined TRACON& Tower with Radar,5,4,11,0,20,0,7,8,0,15,5,11,19,0,35,26,0,26,61
09/07/2022,LCH,LA,ASW,CE,Combined TRACON& Tower with Radar,3,9,14,0,26,0,17,7,0,24,3,26,21,0,50,1,0,1,51
09/08/2022,LCH,LA,ASW,CE,Combined TRACON& Tower with Radar,3,8,13,0,24,0,27,16,0,43,3,35,29,0,67,10,0,10,77
09/09/2022,LCH,LA,ASW,CE,Combined TRACON& Tower with Radar,3,6,23,9,41,0,19,13,1,33,3,25,36,10,74,0,0,0,74
09/10/2022,LCH,LA,ASW,CE,Combined TRACON& Tower with Radar,3,7,10,0,20,0,4,26,0,30,3,11,36,0,50,20,0,20,70
09/11/2022,LCH,LA,ASW,CE,Combined TRACON& Tower with Radar,3,6,4,8,21,0,5,21,0,26,3,11,25,8,47,31,0,31,78
09/12/2022,LCH,LA,ASW,CE,Combined TRACON& Tower with Radar,3,7,20,0,30,0,14,24,0,38,3,21,44,0,68,14,0,14,82
09/13/2022,LCH,LA,ASW,CE,Combined TRACON& Tower with Radar,3,7,15,0,25,0,22,22,0,44,3,29,37,0,69,6,0,6,75
09/14/2022,LCH,LA,ASW,CE,Combined TRACON& Tower with Radar,3,11,13,0,27,0,17,37,0,54,3,28,50,0,81,34,0,34,115
09/15/2022,LCH,LA,ASW,CE,Combined TRACON& Tower with Radar,3,11,18,0,32,0,4,15,0,19,3,15,33,0,51,0,0,0,51
09/16/2022,LCH,LA,ASW,CE,Combined TRACON& Tower with Radar,3,8,12,0,23,0,11,17,0,28,3,19,29,0,51,5,0,5,56
09/17/2022,LCH,LA,ASW,CE,Combined TRACON& Tower with Radar,3,8,9,0,20,0,7,19,2,28,3,15,28,2,48,0,0,0,48
09/18/2022,LCH,LA,ASW,CE,Combined TRACON& Tower with Radar,3,6,14,0,23,0,9,10,0,19,3,15,24,0,42,40,8,48,90
09/19/2022,LCH,LA,ASW,CE,Combined TRACON& Tower with Radar,3,10,13,0,26,0,12,16,0,28,3,22,29,0,54,24,0,24,78
09/20/2022,LCH,LA,ASW,CE,Combined TRACON& Tower with Radar,3,6,17,0,26,0,16,26,0,42,3,22,43,0,68,6,0,6,74
09/21/2022,LCH,LA,ASW,CE,Combined TRACON& Tower with Radar,3,13,11,2,29,0,25,19,1,45,3,38,30,3,74,12,0,12,86
09/22/2022,LCH,LA,ASW,CE,Combined TRACON& Tower with Radar,3,6,26,0,35,0,12,8,0,20,3,18,34,0,55,16,0,16,71
09/23/2022,LCH,LA,ASW,CE,Combined TRACON& Tower with Radar,3,6,12,0,21,0,23,19,1,43,3,29,31,1,64,20,0,20,84
09/24/2022,LCH,LA,ASW,CE,Combined TRACON& Tower with Radar,3,7,12,6,28,0,10,21,0,31,3,17,33,6,59,19,0,19,78
09/25/2022,LCH,LA,ASW,CE,Combined TRACON& Tower with Radar,3,7,9,0,19,0,5,14,0,19,3,12,23,0,38,26,0,26,64
09/26/2022,LCH,LA,ASW,CE,Combined TRACON& Tower with Radar,3,6,12,6,27,0,16,17,0,33,3,22,29,6,60,20,0,20,80
09/27/2022,LCH,LA,ASW,CE,Combined TRACON& Tower with Radar,3,6,3,0,12,0,16,20,0,36,3,22,23,0,48,51,0,51,99
09/28/2022,LCH,LA,ASW,CE,Combined TRACON& Tower with Radar,3,6,8,0,17,0,11,20,0,31,3,17,28,0,48,22,0,22,70
09/29/2022,LCH,LA,ASW,CE,Combined TRACON& Tower with Radar,3,8,18,0,29,0,9,14,0,23,3,17,32,0,52,7,0,7,59
09/30/2022,LCH,LA,ASW,CE,Combined TRACON& Tower with Radar,3,6,10,4,23,0,16,31,0,47,3,22,41,4,70,40,0,40,110
10/01/2022,LCH,LA,ASW,CE,Combined TRACON& Tower with Radar,3,6,9,4,22,0,6,29,0,35,3,12,38,4,57,88,0,88,145
10/02/2022,LCH,LA,ASW,CE,Combined TRACON& Tower with Radar,3,6,8,0,17,0,1,18,0,19,3,7,26,0,36,14,0,14,50
10/03/2022,LCH,LA,ASW,CE,Combined TRACON& Tower with Radar,3,8,11,0,22,0,15,19,0,34,3,23,30,0,56,12,0,12,68
10/04/2022,LCH,LA,ASW,CE,Combined TRACON& Tower with Radar,3,9,19,0,31,0,17,26,0,43,3,26,45,0,74,23,0,23,97
10/05/2022,LCH,LA,ASW,CE,Combined TRACON& Tower with Radar,3,7,19,2,31,0,21,23,0,44,3,28,42,2,75,34,0,34,109
10/06/2022,LCH,LA,ASW,CE,Combined TRACON& Tower with Radar,5,4,8,0,17,0,22,20,0,42,5,26,28,0,59,6,0,6,65
10/07/2022,LCH,LA,ASW,CE,Combined TRACON& Tower with Radar,5,6,21,6,38,0,13,29,0,42,5,19,50,6,80,0,0,0,80
10/08/2022,LCH,LA,ASW,CE,Combined TRACON& Tower with Radar,5,5,9,0,19,0,8,8,0,16,5,13,17,0,35,4,0,4,39
10/09/2022,LCH,LA,ASW,CE,Combined TRACON& Tower with Radar,5,9,13,0,27,0,5,15,0,20,5,14,28,0,47,26,0,26,73
10/10/2022,LCH,LA,ASW,CE,Combined TRACON& Tower with Radar,5,9,5,0,19,0,7,18,0,25,5,16,23,0,44,4,0,4,48
10/11/2022,LCH,LA,ASW,CE,Combined TRACON& Tower with Radar,5,5,8,0,18,0,20,8,0,28,5,25,16,0,46,17,0,17,63
10/12/2022,LCH,LA,ASW,CE,Combined TRACON& Tower with Radar,7,13,24,0,44,0,7,7,0,14,7,20,31,0,58,0,0,0,58
10/13/2022,LCH,LA,ASW,CE,Combined TRACON& Tower with Radar,5,9,11,0,25,0,3,15,0,18,5,12,26,0,43,6,0,6,49
10/14/2022,LCH,LA,ASW,CE,Combined TRACON& Tower with Radar,5,5,16,0,26,0,11,32,0,43,5,16,48,0,69,28,0,28,97
10/15/2022,LCH,LA,ASW,CE,Combined TRACON& Tower with Radar,5,6,12,0,23,0,2,23,0,25,5,8,35,0,48,18,0,18,66
10/16/2022,LCH,LA,ASW,CE,Combined TRACON& Tower with Radar,5,6,12,4,27,0,11,19,0,30,5,17,31,4,57,79,0,79,136
10/17/2022,LCH,LA,ASW,CE,Combined TRACON& Tower with Radar,5,7,20,0,32,0,10,11,0,21,5,17,31,0,53,0,0,0,53
10/18/2022,LCH,LA,ASW,CE,Combined TRACON& Tower with Radar,5,6,14,0,25,0,14,20,0,34,5,20,34,0,59,10,0,10,69
10/19/2022,LCH,LA,ASW,CE,Combined TRACON& Tower with Radar,5,6,11,0,22,0,13,17,0,30,5,19,28,0,52,3,0,3,55
10/20/2022,LCH,LA,ASW,CE,Combined TRACON& Tower with Radar,5,6,20,0,31,0,16,19,0,35,5,22,39,0,66,0,0,0,66
10/21/2022,LCH,LA,ASW,CE,Combined TRACON& Tower with Radar,5,4,15,0,24,0,12,19,0,31,5,16,34,0,55,16,0,16,71
10/22/2022,LCH,LA,ASW,CE,Combined TRACON& Tower with Radar,6,4,12,0,22,0,11,25,0,36,6,15,37,0,58,12,0,12,70
10/23/2022,LCH,LA,ASW,CE,Combined TRACON& Tower with Radar,5,5,17,0,27,0,6,15,0,21,5,11,32,0,48,54,0,54,102
10/24/2022,LCH,LA,ASW,CE,Combined TRACON& Tower with Radar,5,4,17,0,26,0,13,14,2,29,5,17,31,2,55,19,0,19,74
10/25/2022,LCH,LA,ASW,CE,Combined TRACON& Tower with Radar,6,4,17,0,27,0,8,20,0,28,6,12,37,0,55,6,0,6,61
10/26/2022,LCH,LA,ASW,CE,Combined TRACON& Tower with Radar,5,4,33,0,42,0,14,40,0,54,5,18,73,0,96,18,0,18,114
10/27/2022,LCH,LA,ASW,CE,Combined TRACON& Tower with Radar,5,8,26,0,39,0,14,29,0,43,5,22,55,0,82,10,0,10,92
10/28/2022,LCH,LA,ASW,CE,Combined TRACON& Tower with Radar,5,13,31,0,49,0,1,0,0,1,5,14,31,0,50,0,0,0,50
10/29/2022,LCH,LA,ASW,CE,Combined TRACON& Tower with Radar,4,8,32,0,44,0,2,8,0,10,4,10,40,0,54,0,0,0,54
10/30/2022,LCH,LA,ASW,CE,Combined TRACON& Tower with Radar,5,6,24,0,35,0,4,18,0,22,5,10,42,0,57,18,0,18,75
10/31/2022,LCH,LA,ASW,CE,Combined TRACON& Tower with Radar,4,6,4,0,14,0,17,16,0,33,4,23,20,0,47,44,0,44,91
11/01/2022,LCH,LA,ASW,CE,Combined TRACON& Tower with Radar,5,6,9,0,20,0,7,0,0,7,5,13,9,0,27,0,0,0,27
11/02/2022,LCH,LA,ASW,CE,Combined TRACON& Tower with Radar,7,8,21,0,36,0,10,23,0,33,7,18,44,0,69,55,0,55,124
11/03/2022,LCH,LA,ASW,CE,Combined TRACON& Tower with Radar,5,8,24,0,37,0,18,33,0,51,5,26,57,0,88,54,0,54,142
11/04/2022,LCH,LA,ASW,CE,Combined TRACON& Tower with Radar,4,8,13,0,25,0,0,0,0,0,4,8,13,0,25,0,0,0,25
11/05/2022,LCH,LA,ASW,CE,Combined TRACON& Tower with Radar,5,4,6,0,15,0,4,28,0,32,5,8,34,0,47,31,0,31,78
11/06/2022,LCH,LA,ASW,CE,Combined TRACON& Tower with Radar,4,6,13,0,23,0,4,9,0,13,4,10,22,0,36,6,0,6,42
11/07/2022,LCH,LA,ASW,CE,Combined TRACON& Tower with Radar,5,8,18,0,31,0,6,13,0,19,5,14,31,0,50,2,0,2,52
11/08/2022,LCH,LA,ASW,CE,Combined TRACON& Tower with Radar,5,6,15,0,26,0,21,11,0,32,5,27,26,0,58,41,0,41,99
11/09/2022,LCH,LA,ASW,CE,Combined TRACON& Tower with Radar,5,6,23,0,34,0,13,13,0,26,5,19,36,0,60,17,0,17,77
11/10/2022,LCH,LA,ASW,CE,Combined TRACON& Tower with Radar,5,9,25,0,39,0,13,32,1,46,5,22,57,1,85,28,0,28,113
11/11/2022,LCH,LA,ASW,CE,Combined TRACON& Tower with Radar,5,14,16,0,35,0,7,21,0,28,5,21,37,0,63,10,0,10,73
11/12/2022,LCH,LA,ASW,CE,Combined TRACON& Tower with Radar,5,5,14,0,24,0,2,14,0,16,5,7,28,0,40,26,0,26,66
11/13/2022,LCH,LA,ASW,CE,Combined TRACON& Tower with Radar,5,10,18,0,33,0,4,26,0,30,5,14,44,0,63,26,0,26,89
11/14/2022,LCH,LA,ASW,CE,Combined TRACON& Tower with Radar,5,4,15,2,26,0,11,7,0,18,5,15,22,2,44,14,0,14,58
11/15/2022,LCH,LA,ASW,CE,Combined TRACON& Tower with Radar,5,10,28,2,45,0,3,5,0,8,5,13,33,2,53,10,0,10,63
11/16/2022,LCH,LA,ASW,CE,Combined TRACON& Tower with Radar,5,9,22,0,36,0,12,26,0,38,5,21,48,0,74,24,0,24,98
11/17/2022,LCH,LA,ASW,CE,Combined TRACON& Tower with Radar,5,9,19,0,33,0,13,23,0,36,5,22,42,0,69,50,0,50,119
11/18/2022,LCH,LA,ASW,CE,Combined TRACON& Tower with Radar,5,11,17,6,39,0,13,24,0,37,5,24,41,6,76,32,0,32,108
11/19/2022,LCH,LA,ASW,CE,Combined TRACON& Tower with Radar,5,4,3,0,12,0,0,3,0,3,5,4,6,0,15,36,0,36,51
11/20/2022,LCH,LA,ASW,CE,Combined TRACON& Tower with Radar,5,7,12,0,24,0,6,22,0,28,5,13,34,0,52,46,0,46,98
11/21/2022,LCH,LA,ASW,CE,Combined TRACON& Tower with Radar,5,8,13,0,26,0,7,12,0,19,5,15,25,0,45,10,0,10,55
11/22/2022,LCH,LA,ASW,CE,Combined TRACON& Tower with Radar,5,6,3,0,14,0,10,4,0,14,5,16,7,0,28,96,0,96,124
11/23/2022,LCH,LA,ASW,CE,Combined TRACON& Tower with Radar,5,7,14,0,26,0,15,19,0,34,5,22,33,0,60,14,0,14,74
11/24/2022,LCH,LA,ASW,CE,Combined TRACON& Tower with Radar,4,12,0,0,16,0,0,2,0,2,4,12,2,0,18,0,0,0,18
11/25/2022,LCH,LA,ASW,CE,Combined TRACON& Tower with Radar,8,14,11,0,33,0,0,0,0,0,8,14,11,0,33,0,0,0,33
11/26/2022,LCH,LA,ASW,CE,Combined TRACON& Tower with Radar,5,6,7,0,18,0,1,3,0,4,5,7,10,0,22,26,0,26,48
11/27/2022,LCH,LA,ASW,CE,Combined TRACON& Tower with Radar,3,4,18,0,25,0,5,23,0,28,3,9,41,0,53,0,0,0,53
11/28/2022,LCH,LA,ASW,CE,Combined TRACON& Tower with Radar,7,6,19,0,32,0,12,27,0,39,7,18,46,0,71,8,0,8,79
11/29/2022,LCH,LA,ASW,CE,Combined TRACON& Tower with Radar,6,18,10,0,34,0,0,2,0,2,6,18,12,0,36,0,0,0,36
11/30/2022,LCH,LA,ASW,CE,Combined TRACON& Tower with Radar,5,6,12,2,25,0,4,17,0,21,5,10,29,2,46,22,0,22,68
12/01/2022,LCH,LA,ASW,CE,Combined TRACON& Tower with Radar,5,3,12,2,22,0,10,26,0,36,5,13,38,2,58,34,0,34,92
12/02/2022,LCH,LA,ASW,CE,Combined TRACON& Tower with Radar,5,6,7,0,18,0,7,8,0,15,5,13,15,0,33,36,0,36,69
12/03/2022,LCH,LA,ASW,CE,Combined TRACON& Tower with Radar,5,2,10,0,17,0,4,9,0,13,5,6,19,0,30,68,0,68,98
12/04/2022,LCH,LA,ASW,CE,Combined TRACON& Tower with Radar,5,3,17,0,25,0,0,2,0,2,5,3,19,0,27,0,0,0,27
12/05/2022,LCH,LA,ASW,CE,Combined TRACON& Tower with Radar,5,7,8,0,20,0,2,3,0,5,5,9,11,0,25,0,0,0,25
12/06/2022,LCH,LA,ASW,CE,Combined TRACON& Tower with Radar,5,3,19,0,27,0,16,12,0,28,5,19,31,0,55,19,0,19,74
12/07/2022,LCH,LA,ASW,CE,Combined TRACON& Tower with Radar,5,7,10,0,22,0,4,3,0,7,5,11,13,0,29,29,0,29,58
12/08/2022,LCH,LA,ASW,CE,Combined TRACON& Tower with Radar,4,7,16,0,27,0,1,5,0,6,4,8,21,0,33,10,0,10,43
12/09/2022,LCH,LA,ASW,CE,Combined TRACON& Tower with Radar,4,5,13,0,22,0,2,8,0,10,4,7,21,0,32,0,0,0,32
12/10/2022,LCH,LA,ASW,CE,Combined TRACON& Tower with Radar,3,2,9,0,14,0,0,12,0,12,3,2,21,0,26,13,0,13,39
12/11/2022,LCH,LA,ASW,CE,Combined TRACON& Tower with Radar,7,4,12,0,23,0,1,5,0,6,7,5,17,0,29,2,0,2,31
12/12/2022,LCH,LA,ASW,CE,Combined TRACON& Tower with Radar,5,7,12,0,24,0,0,0,0,0,5,7,12,0,24,0,0,0,24
12/13/2022,LCH,LA,ASW,CE,Combined TRACON& Tower with Radar,5,5,3,0,13,0,8,1,0,9,5,13,4,0,22,0,0,0,22
12/14/2022,LCH,LA,ASW,CE,Combined TRACON& Tower with Radar,5,6,4,0,15,0,4,11,0,15,5,10,15,0,30,6,0,6,36
12/15/2022,LCH,LA,ASW,CE,Combined TRACON& Tower with Radar,5,5,9,0,19,0,18,37,0,55,5,23,46,0,74,48,0,48,122
12/16/2022,LCH,LA,ASW,CE,Combined TRACON& Tower with Radar,5,9,10,4,28,0,14,27,0,41,5,23,37,4,69,20,0,20,89
12/17/2022,LCH,LA,ASW,CE,Combined TRACON& Tower with Radar,5,5,7,0,17,0,4,25,0,29,5,9,32,0,46,32,0,32,78
12/18/2022,LCH,LA,ASW,CE,Combined TRACON& Tower with Radar,5,6,12,0,23,0,2,16,0,18,5,8,28,0,41,18,0,18,59
12/19/2022,LCH,LA,ASW,CE,Combined TRACON& Tower with Radar,5,4,4,0,13,0,8,1,0,9,5,12,5,0,22,0,0,0,22
12/20/2022,LCH,LA,ASW,CE,Combined TRACON& Tower with Radar,5,19,19,2,45,0,1,2,0,3,5,20,21,2,48,0,0,0,48
12/21/2022,LCH,LA,ASW,CE,Combined TRACON& Tower with Radar,5,9,14,0,28,0,0,0,0,0,5,9,14,0,28,0,0,0,28
12/22/2022,LCH,LA,ASW,CE,Combined TRACON& Tower with Radar,5,6,3,0,14,0,1,4,0,5,5,7,7,0,19,0,0,0,19
12/23/2022,LCH,LA,ASW,CE,Combined TRACON& Tower with Radar,5,6,8,0,19,0,1,8,0,9,5,7,16,0,28,12,0,12,40
12/24/2022,LCH,LA,ASW,CE,Combined TRACON& Tower with Radar,4,6,0,0,10,0,2,6,1,9,4,8,6,1,19,34,0,34,53
12/25/2022,LCH,LA,ASW,CE,Combined TRACON& Tower with Radar,4,4,0,0,8,0,1,5,0,6,4,5,5,0,14,0,0,0,14
12/26/2022,LCH,LA,ASW,CE,Combined TRACON& Tower with Radar,5,5,18,0,28,0,2,23,0,25,5,7,41,0,53,2,0,2,55
12/27/2022,LCH,LA,ASW,CE,Combined TRACON& Tower with Radar,5,4,9,2,20,0,16,18,0,34,5,20,27,2,54,18,0,18,72
12/28/2022,LCH,LA,ASW,CE,Combined TRACON& Tower with Radar,5,2,23,0,30,0,8,25,0,33,5,10,48,0,63,0,0,0,63
12/29/2022,LCH,LA,ASW,CE,Combined TRACON& Tower with Radar,5,3,11,0,19,0,11,1,0,12,5,14,12,0,31,0,0,0,31
12/30/2022,LCH,LA,ASW,CE,Combined TRACON& Tower with Radar,5,10,20,0,35,0,0,4,0,4,5,10,24,0,39,0,0,0,39
12/31/2022,LCH,LA,ASW,CE,Combined TRACON& Tower with Radar,6,5,12,0,23,0,1,6,0,7,6,6,18,0,30,29,0,29,59
01/01/2023,LCH,LA,ASW,CE,Combined TRACON& Tower with Radar,5,3,5,0,13,0,0,0,0,0,5,3,5,0,13,0,0,0,13
01/02/2023,LCH,LA,ASW,CE,Combined TRACON& Tower with Radar,2,7,16,0,25,0,3,0,0,3,2,10,16,0,28,0,0,0,28
01/03/2023,LCH,LA,ASW,CE,Combined TRACON& Tower with Radar,5,10,6,0,21,0,0,4,0,4,5,10,10,0,25,16,0,16,41
01/04/2023,LCH,LA,ASW,CE,Combined TRACON& Tower with Radar,5,4,16,2,27,0,20,26,0,46,5,24,42,2,73,0,0,0,73
01/05/2023,LCH,LA,ASW,CE,Combined TRACON& Tower with Radar,5,4,25,2,36,0,13,40,0,53,5,17,65,2,89,6,0,6,95
01/06/2023,LCH,LA,ASW,CE,Combined TRACON& Tower with Radar,5,4,13,8,30,0,15,39,0,54,5,19,52,8,84,18,0,18,102
01/07/2023,LCH,LA,ASW,CE,Combined TRACON& Tower with Radar,5,4,13,0,22,0,8,28,0,36,5,12,41,0,58,20,0,20,78
01/08/2023,LCH,LA,ASW,CE,Combined TRACON& Tower with Radar,5,6,21,0,32,0,0,3,0,3,5,6,24,0,35,0,0,0,35
01/09/2023,LCH,LA,ASW,CE,Combined TRACON& Tower with Radar,5,8,14,0,27,0,14,13,0,27,5,22,27,0,54,0,0,0,54
01/10/2023,LCH,LA,ASW,CE,Combined TRACON& Tower with Radar,5,9,16,0,30,0,16,10,0,26,5,25,26,0,56,22,0,22,78
01/11/2023,LCH,LA,ASW,CE,Combined TRACON& Tower with Radar,5,9,12,5,31,0,4,6,0,10,5,13,18,5,41,0,0,0,41
01/12/2023,LCH,LA,ASW,CE,Combined TRACON& Tower with Radar,5,7,15,5,32,0,8,12,1,21,5,15,27,6,53,10,0,10,63
01/13/2023,LCH,LA,ASW,CE,Combined TRACON& Tower with Radar,5,6,10,0,21,0,11,28,0,39,5,17,38,0,60,0,0,0,60
01/14/2023,LCH,LA,ASW,CE,Combined TRACON& Tower with Radar,4,6,20,0,30,0,8,34,0,42,4,14,54,0,72,15,0,15,87
01/15/2023,LCH,LA,ASW,CE,Combined TRACON& Tower with Radar,3,4,28,0,35,0,1,14,0,15,3,5,42,0,50,22,0,22,72
01/16/2023,LCH,LA,ASW,CE,Combined TRACON& Tower with Radar,5,4,10,0,19,0,12,9,0,21,5,16,19,0,40,0,0,0,40
01/17/2023,LCH,LA,ASW,CE,Combined TRACON& Tower with Radar,5,18,21,0,44,0,1,0,0,1,5,19,21,0,45,0,0,0,45
01/18/2023,LCH,LA,ASW,CE,Combined TRACON& Tower with Radar,5,10,18,0,33,0,5,3,1,9,5,15,21,1,42,0,0,0,42
01/19/2023,LCH,LA,ASW,CE,Combined TRACON& Tower with Radar,5,4,14,0,23,0,13,26,0,39,5,17,40,0,62,0,0,0,62
01/20/2023,LCH,LA,ASW,CE,Combined TRACON& Tower with Radar,5,4,30,2,41,0,18,17,0,35,5,22,47,2,76,20,0,20,96
01/21/2023,LCH,LA,ASW,CE,Combined TRACON& Tower with Radar,5,5,3,0,13,0,0,0,0,0,5,5,3,0,13,0,0,0,13
01/22/2023,LCH,LA,ASW,CE,Combined TRACON& Tower with Radar,5,9,26,3,43,0,2,33,0,35,5,11,59,3,78,6,0,6,84
01/23/2023,LCH,LA,ASW,CE,Combined TRACON& Tower with Radar,5,5,24,0,34,0,12,30,0,42,5,17,54,0,76,16,0,16,92
01/24/2023,LCH,LA,ASW,CE,Combined TRACON& Tower with Radar,5,3,2,0,10,0,2,2,0,4,5,5,4,0,14,0,0,0,14
01/25/2023,LCH,LA,ASW,CE,Combined TRACON& Tower with Radar,5,4,32,0,41,0,7,6,0,13,5,11,38,0,54,28,0,28,82
01/26/2023,LCH,LA,ASW,CE,Combined TRACON& Tower with Radar,5,4,13,2,24,0,24,29,0,53,5,28,42,2,77,0,0,0,77
01/27/2023,LCH,LA,ASW,CE,Combined TRACON& Tower with Radar,5,7,13,1,26,0,13,25,1,39,5,20,38,2,65,0,0,0,65
01/28/2023,LCH,LA,ASW,CE,Combined TRACON& Tower with Radar,5,9,4,0,18,0,3,12,0,15,5,12,16,0,33,0,0,0,33
01/29/2023,LCH,LA,ASW,CE,Combined TRACON& Tower with Radar,7,5,6,0,18,0,0,1,0,1,7,5,7,0,19,0,0,0,19
01/30/2023,LCH,LA,ASW,CE,Combined TRACON& Tower with Radar,3,6,8,0,17,0,0,1,0,1,3,6,9,0,18,0,0,0,18
01/31/2023,LCH,LA,ASW,CE,Combined TRACON& Tower with Radar,2,6,15,0,23,0,0,0,0,0,2,6,15,0,23,0,0,0,23
02/01/2023,LCH,LA,ASW,CE,Combined TRACON& Tower with Radar,0,6,10,0,16,0,0,0,0,0,0,6,10,0,16,0,0,0,16
02/02/2023,LCH,LA,ASW,CE,Combined TRACON& Tower with Radar,2,5,5,0,12,0,0,0,0,0,2,5,5,0,12,36,0,36,48
02/03/2023,LCH,LA,ASW,CE,Combined TRACON& Tower with Radar,5,5,9,4,23,0,14,32,0,46,5,19,41,4,69,0,0,0,69
02/04/2023,LCH,LA,ASW,CE,Combined TRACON& Tower with Radar,5,9,8,0,22,0,19,36,0,55,5,28,44,0,77,70,0,70,147
02/05/2023,LCH,LA,ASW,CE,Combined TRACON& Tower with Radar,5,9,18,0,32,0,16,27,0,43,5,25,45,0,75,33,0,33,108
02/06/2023,LCH,LA,ASW,CE,Combined TRACON& Tower with Radar,5,5,3,0,13,0,11,20,0,31,5,16,23,0,44,20,0,20,64
02/07/2023,LCH,LA,ASW,CE,Combined TRACON& Tower with Radar,5,8,15,2,30,0,18,11,0,29,5,26,26,2,59,16,0,16,75
02/08/2023,LCH,LA,ASW,CE,Combined TRACON& Tower with Radar,5,10,8,0,23,0,1,0,0,1,5,11,8,0,24,0,0,0,24
02/09/2023,LCH,LA,ASW,CE,Combined TRACON& Tower with Radar,5,9,18,0,32,0,10,33,0,43,5,19,51,0,75,36,0,36,111
02/10/2023,LCH,LA,ASW,CE,Combined TRACON& Tower with Radar,5,5,20,1,31,0,15,33,0,48,5,20,53,1,79,53,0,53,132
02/11/2023,LCH,LA,ASW,CE,Combined TRACON& Tower with Radar,5,11,4,0,20,0,1,0,0,1,5,12,4,0,21,22,0,22,43
02/12/2023,LCH,LA,ASW,CE,Combined TRACON& Tower with Radar,5,5,10,0,20,0,4,29,0,33,5,9,39,0,53,46,0,46,99
02/13/2023,LCH,LA,ASW,CE,Combined TRACON& Tower with Radar,5,7,25,4,41,0,12,29,0,41,5,19,54,4,82,52,0,52,134
02/14/2023,LCH,LA,ASW,CE,Combined TRACON& Tower with Radar,5,12,13,2,32,0,6,4,0,10,5,18,17,2,42,0,0,0,42
02/15/2023,LCH,LA,ASW,CE,Combined TRACON& Tower with Radar,5,11,15,2,33,0,2,2,0,4,5,13,17,2,37,0,0,0,37
02/16/2023,LCH,LA,ASW,CE,Combined TRACON& Tower with Radar,5,11,8,0,24,0,1,0,0,1,5,12,8,0,25,30,0,30,55
02/17/2023,LCH,LA,ASW,CE,Combined TRACON& Tower with Radar,5,4,11,0,20,0,14,21,0,35,5,18,32,0,55,0,0,0,55
02/18/2023,LCH,LA,ASW,CE,Combined TRACON& Tower with Radar,5,6,8,0,19,0,5,20,0,25,5,11,28,0,44,27,0,27,71
02/19/2023,LCH,LA,ASW,CE,Combined TRACON& Tower with Radar,5,4,6,0,15,0,5,14,0,19,5,9,20,0,34,8,0,8,42
02/20/2023,LCH,LA,ASW,CE,Combined TRACON& Tower with Radar,5,4,4,0,13,0,5,2,0,7,5,9,6,0,20,60,0,60,80
02/21/2023,LCH,LA,ASW,CE,Combined TRACON& Tower with Radar,5,11,0,0,16,0,5,0,0,5,5,16,0,0,21,1,0,1,22
02/22/2023,LCH,LA,ASW,CE,Combined TRACON& Tower with Radar,5,16,8,0,29,0,1,0,0,1,5,17,8,0,30,0,0,0,30
02/23/2023,LCH,LA,ASW,CE,Combined TRACON& Tower with Radar,5,13,14,0,32,0,6,4,0,10,5,19,18,0,42,0,0,0,42
02/24/2023,LCH,LA,ASW,CE,Combined TRACON& Tower with Radar,5,10,16,0,31,0,1,2,0,3,5,11,18,0,34,0,0,0,34
02/25/2023,LCH,LA,ASW,CE,Combined TRACON& Tower with Radar,5,6,12,0,23,0,1,6,0,7,5,7,18,0,30,44,0,44,74
02/26/2023,LCH,LA,ASW,CE,Combined TRACON& Tower with Radar,5,13,19,0,37,0,11,6,0,17,5,24,25,0,54,35,0,35,89
02/27/2023,LCH,LA,ASW,CE,Combined TRACON& Tower with Radar,5,11,20,0,36,0,3,3,0,6,5,14,23,0,42,1,2,3,45
02/28/2023,LCH,LA,ASW,CE,Combined TRACON& Tower with Radar,5,12,7,12,36,0,5,3,1,9,5,17,10,13,45,32,0,32,77
03/01/2023,LCH,LA,ASW,CE,Combined TRACON& Tower with Radar,5,12,8,0,25,16,8,5,1,30,21,20,13,1,55,0,0,0,55
03/02/2023,LCH,LA,ASW,CE,Combined TRACON& Tower with Radar,4,15,12,0,31,0,2,1,0,3,4,17,13,0,34,2,0,2,36
03/03/2023,LCH,LA,ASW,CE,Combined TRACON& Tower with Radar,5,5,9,1,20,0,8,27,0,35,5,13,36,1,55,10,0,10,65
03/04/2023,LCH,LA,ASW,CE,Combined TRACON& Tower with Radar,5,6,14,0,25,0,4,33,0,37,5,10,47,0,62,28,0,28,90
03/05/2023,LCH,LA,ASW,CE,Combined TRACON& Tower with Radar,5,4,12,0,21,0,6,45,0,51,5,10,57,0,72,16,0,16,88
03/06/2023,LCH,LA,ASW,CE,Combined TRACON& Tower with Radar,7,7,12,0,26,0,3,26,0,29,7,10,38,0,55,20,0,20,75
03/07/2023,LCH,LA,ASW,CE,Combined TRACON& Tower with Radar,5,11,31,2,49,0,3,23,0,26,5,14,54,2,75,13,0,13,88
03/08/2023,LCH,LA,ASW,CE,Combined TRACON& Tower with Radar,5,8,29,0,42,0,12,41,0,53,5,20,70,0,95,26,0,26,121
03/09/2023,LCH,LA,ASW,CE,Combined TRACON& Tower with Radar,3,11,14,1,29,0,16,29,1,46,3,27,43,2,75,18,0,18,93
03/10/2023,LCH,LA,ASW,CE,Combined TRACON& Tower with Radar,5,7,29,0,41,0,0,31,0,31,5,7,60,0,72,10,0,10,82
03/11/2023,LCH,LA,ASW,CE,Combined TRACON& Tower with Radar,5,8,22,0,35,0,4,38,0,42,5,12,60,0,77,28,0,28,105
03/12/2023,LCH,LA,ASW,CE,Combined TRACON& Tower with Radar,5,4,21,0,30,0,5,19,0,24,5,9,40,0,54,15,0,15,69
03/13/2023,LCH,LA,ASW,CE,Combined TRACON& Tower with Radar,5,7,12,0,24,0,10,24,0,34,5,17,36,0,58,0,0,0,58
03/14/2023,LCH,LA,ASW,CE,Combined TRACON& Tower with Radar,5,5,9,2,21,0,25,9,0,34,5,30,18,2,55,0,0,0,55
03/15/2023,LCH,LA,ASW,CE,Combined TRACON& Tower with Radar,5,6,17,2,30,0,20,104,0,124,5,26,121,2,154,81,0,81,235
03/16/2023,LCH,LA,ASW,CE,Combined TRACON& Tower with Radar,4,5,17,0,26,0,6,40,0,46,4,11,57,0,72,28,0,28,100
03/17/2023,LCH,LA,ASW,CE,Combined TRACON& Tower with Radar,3,6,6,0,15,0,4,3,0,7,3,10,9,0,22,0,0,0,22
03/18/2023,LCH,LA,ASW,CE,Combined TRACON& Tower with Radar,5,6,4,0,15,0,0,8,0,8,5,6,12,0,23,0,0,0,23
03/19/2023,LCH,LA,ASW,CE,Combined TRACON& Tower with Radar,5,5,7,0,17,0,6,24,0,30,5,11,31,0,47,0,0,0,47
03/20/2023,LCH,LA,ASW,CE,Combined TRACON& Tower with Radar,5,7,19,0,31,0,13,24,0,37,5,20,43,0,68,0,0,0,68
03/21/2023,LCH,LA,ASW,CE,Combined TRACON& Tower with Radar,5,6,17,0,28,0,19,15,0,34,5,25,32,0,62,0,0,0,62
03/22/2023,LCH,LA,ASW,CE,Combined TRACON& Tower with Radar,5,10,17,0,32,0,13,10,0,23,5,23,27,0,55,0,0,0,55
03/23/2023,LCH,LA,ASW,CE,Combined TRACON& Tower with Radar,5,14,9,0,28,0,5,1,0,6,5,19,10,0,34,0,0,0,34
03/24/2023,LCH,LA,ASW,CE,Combined TRACON& Tower with Radar,7,11,15,0,33,0,0,0,0,0,7,11,15,0,33,0,0,0,33
03/25/2023,LCH,LA,ASW,CE,Combined TRACON& Tower with Radar,5,6,11,0,22,0,7,29,0,36,5,13,40,0,58,0,0,0,58
03/26/2023,LCH,LA,ASW,CE,Combined TRACON& Tower with Radar,5,4,6,0,15,0,3,2,0,5,5,7,8,0,20,0,0,0,20
03/27/2023,LCH,LA,ASW,CE,Combined TRACON& Tower with Radar,5,12,10,0,27,0,1,12,0,13,5,13,22,0,40,0,0,0,40
03/28/2023,LCH,LA,ASW,CE,Combined TRACON& Tower with Radar,5,7,12,0,24,0,5,12,0,17,5,12,24,0,41,10,0,10,51
03/29/2023,LCH,LA,ASW,CE,Combined TRACON& Tower with Radar,5,4,14,1,24,0,19,27,1,47,5,23,41,2,71,6,0,6,77
03/30/2023,LCH,LA,ASW,CE,Combined TRACON& Tower with Radar,5,7,22,0,34,0,8,10,0,18,5,15,32,0,52,0,0,0,52
03/31/2023,LCH,LA,ASW,CE,Combined TRACON& Tower with Radar,5,7,9,0,21,0,2,3,0,5,5,9,12,0,26,0,0,0,26
04/01/2023,LCH,LA,ASW,CE,Combined TRACON& Tower with Radar,5,5,7,0,17,0,10,31,0,41,5,15,38,0,58,36,0,36,94
04/02/2023,LCH,LA,ASW,CE,Combined TRACON& Tower with Radar,5,6,15,2,28,0,0,8,0,8,5,6,23,2,36,18,0,18,54
04/03/2023,LCH,LA,ASW,CE,Combined TRACON& Tower with Radar,4,11,11,0,26,0,12,6,0,18,4,23,17,0,44,0,0,0,44
04/04/2023,LCH,LA,ASW,CE,Combined TRACON& Tower with Radar,5,14,12,2,33,0,7,7,0,14,5,21,19,2,47,0,0,0,47
04/05/2023,LCH,LA,ASW,CE,Combined TRACON& Tower with Radar,5,18,7,0,30,0,2,1,0,3,5,20,8,0,33,0,0,0,33
04/06/2023,LCH,LA,ASW,CE,Combined TRACON& Tower with Radar,5,10,4,0,19,0,0,0,0,0,5,10,4,0,19,0,0,0,19
04/07/2023,LCH,LA,ASW,CE,Combined TRACON& Tower with Radar,4,10,2,0,16,0,0,0,0,0,4,10,2,0,16,0,0,0,16
04/08/2023,LCH,LA,ASW,CE,Combined TRACON& Tower with Radar,5,8,8,0,21,0,0,0,0,0,5,8,8,0,21,0,0,0,21
04/09/2023,LCH,LA,ASW,CE,Combined TRACON& Tower with Radar,3,8,7,0,18,0,0,1,0,1,3,8,8,0,19,0,0,0,19
04/10/2023,LCH,LA,ASW,CE,Combined TRACON& Tower with Radar,5,8,17,2,32,0,13,21,0,34,5,21,38,2,66,27,0,27,93
04/11/2023,LCH,LA,ASW,CE,Combined TRACON& Tower with Radar,5,6,16,0,27,0,12,22,0,34,5,18,38,0,61,16,0,16,77
04/12/2023,LCH,LA,ASW,CE,Combined TRACON& Tower with Radar,5,8,8,4,25,0,13,28,2,43,5,21,36,6,68,0,0,0,68
04/13/2023,LCH,LA,ASW,CE,Combined TRACON& Tower with Radar,5,6,17,0,28,0,18,12,0,30,5,24,29,0,58,0,0,0,58
04/14/2023,LCH,LA,ASW,CE,Combined TRACON& Tower with Radar,5,5,15,2,27,0,7,12,0,19,5,12,27,2,46,32,0,32,78
04/15/2023,LCH,LA,ASW,CE,Combined TRACON& Tower with Radar,5,4,8,0,17,0,0,0,0,0,5,4,8,0,17,1,0,1,18
04/16/2023,LCH,LA,ASW,CE,Combined TRACON& Tower with Radar,3,6,14,0,23,0,7,29,0,36,3,13,43,0,59,0,0,0,59
04/17/2023,LCH,LA,ASW,CE,Combined TRACON& Tower with Radar,8,4,14,0,26,0,20,22,0,42,8,24,36,0,68,0,0,0,68
04/18/2023,LCH,LA,ASW,CE,Combined TRACON& Tower with Radar,5,9,8,0,22,0,14,13,0,27,5,23,21,0,49,1,0,1,50
04/19/2023,LCH,LA,ASW,CE,Combined TRACON& Tower with Radar,5,8,11,0,24,0,19,18,0,37,5,27,29,0,61,0,0,0,61
04/20/2023,LCH,LA,ASW,CE,Combined TRACON& Tower with Radar,2,6,12,0,20,0,16,10,0,26,2,22,22,0,46,6,0,6,52
04/21/2023,LCH,LA,ASW,CE,Combined TRACON& Tower with Radar,5,9,16,0,30,0,8,8,0,16,5,17,24,0,46,28,0,28,74
04/22/2023,LCH,LA,ASW,CE,Combined TRACON& Tower with Radar,5,7,7,0,19,0,16,36,0,52,5,23,43,0,71,6,0,6,77
04/23/2023,LCH,LA,ASW,CE,Combined TRACON& Tower with Radar,5,4,8,0,17,0,4,16,0,20,5,8,24,0,37,30,0,30,67
04/24/2023,LCH,LA,ASW,CE,Combined TRACON& Tower with Radar,5,10,12,0,27,0,14,21,0,35,5,24,33,0,62,52,0,52,114
04/25/2023,LCH,LA,ASW,CE,Combined TRACON& Tower with Radar,5,5,12,0,22,0,16,19,0,35,5,21,31,0,57,20,0,20,77
04/26/2023,LCH,LA,ASW,CE,Combined TRACON& Tower with Radar,3,6,22,0,31,0,22,9,0,31,3,28,31,0,62,10,0,10,72
04/27/2023,LCH,LA,ASW,CE,Combined TRACON& Tower with Radar,5,4,7,0,16,0,12,4,0,16,5,16,11,0,32,54,0,54,86
04/28/2023,LCH,LA,ASW,CE,Combined TRACON& Tower with Radar,5,7,11,2,25,0,28,30,2,60,5,35,41,4,85,14,0,14,99
04/29/2023,LCH,LA,ASW,CE,Combined TRACON& Tower with Radar,5,4,2,0,11,0,5,4,0,9,5,9,6,0,20,0,0,0,20
04/30/2023,LCH,LA,ASW,CE,Combined TRACON& Tower with Radar,5,8,7,0,20,0,7,14,2,23,5,15,21,2,43,1,0,1,44
05/01/2023,LCH,LA,ASW,CE,Combined TRACON& Tower with Radar,5,4,9,2,20,0,27,31,0,58,5,31,40,2,78,25,0,25,103
05/02/2023,LCH,LA,ASW,CE,Combined TRACON& Tower with Radar,5,11,17,0,33,0,21,30,0,51,5,32,47,0,84,20,0,20,104
05/03/2023,LCH,LA,ASW,CE,Combined TRACON& Tower with Radar,5,4,12,0,21,0,11,28,0,39,5,15,40,0,60,0,0,0,60
05/04/2023,LCH,LA,ASW,CE,Combined TRACON& Tower with Radar,5,4,11,2,22,0,11,17,0,28,5,15,28,2,50,12,0,12,62
05/05/2023,LCH,LA,ASW,CE,Combined TRACON& Tower with Radar,5,8,18,6,37,0,8,6,0,14,5,16,24,6,51,13,0,13,64
05/06/2023,LCH,LA,ASW,CE,Combined TRACON& Tower with Radar,5,8,19,0,32,0,4,6,0,10,5,12,25,0,42,0,0,0,42
05/07/2023,LCH,LA,ASW,CE,Combined TRACON& Tower with Radar,5,5,28,0,38,0,2,0,0,2,5,7,28,0,40,27,0,27,67
05/08/2023,LCH,LA,ASW,CE,Combined TRACON& Tower with Radar,5,13,11,0,29,0,1,4,0,5,5,14,15,0,34,10,0,10,44
05/09/2023,LCH,LA,ASW,CE,Combined TRACON& Tower with Radar,5,8,9,0,22,0,1,0,0,1,5,9,9,0,23,0,0,0,23
05/10/2023,LCH,LA,ASW,CE,Combined TRACON& Tower with Radar,5,13,7,0,25,0,0,0,0,0,5,13,7,0,25,0,0,0,25
05/11/2023,LCH,LA,ASW,CE,Combined TRACON& Tower with Radar,5,12,14,0,31,0,4,3,1,8,5,16,17,1,39,12,0,12,51
05/12/2023,LCH,LA,ASW,CE,Combined TRACON& Tower with Radar,5,11,16,2,34,0,7,14,0,21,5,18,30,2,55,19,0,19,74
05/13/2023,LCH,LA,ASW,CE,Combined TRACON& Tower with Radar,5,5,7,0,17,0,6,10,0,16,5,11,17,0,33,12,0,12,45
05/14/2023,LCH,LA,ASW,CE,Combined TRACON& Tower with Radar,7,2,18,0,27,0,3,10,0,13,7,5,28,0,40,0,0,0,40
05/15/2023,LCH,LA,ASW,CE,Combined TRACON& Tower with Radar,5,7,17,0,29,0,13,8,0,21,5,20,25,0,50,28,0,28,78
05/16/2023,LCH,LA,ASW,CE,Combined TRACON& Tower with Radar,6,7,20,0,33,0,16,30,0,46,6,23,50,0,79,26,0,26,105
05/17/2023,LCH,LA,ASW,CE,Combined TRACON& Tower with Radar,5,5,11,0,21,0,19,24,0,43,5,24,35,0,64,48,0,48,112
05/18/2023,LCH,LA,ASW,CE,Combined TRACON& Tower with Radar,5,8,12,6,31,0,22,21,0,43,5,30,33,6,74,14,0,14,88
05/19/2023,LCH,LA,ASW,CE,Combined TRACON& Tower with Radar,3,7,17,4,31,0,21,23,4,48,3,28,40,8,79,25,0,25,104
05/20/2023,LCH,LA,ASW,CE,Combined TRACON& Tower with Radar,5,4,8,0,17,0,8,13,5,26,5,12,21,5,43,8,0,8,51
05/21/2023,LCH,LA,ASW,CE,Combined TRACON& Tower with Radar,5,7,11,2,25,0,6,21,1,28,5,13,32,3,53,20,0,20,73
05/22/2023,LCH,LA,ASW,CE,Combined TRACON& Tower with Radar,5,6,13,0,24,0,18,28,0,46,5,24,41,0,70,0,0,0,70
05/23/2023,LCH,LA,ASW,CE,Combined TRACON& Tower with Radar,5,11,13,12,41,0,22,37,0,59,5,33,50,12,100,12,0,12,112
05/24/2023,LCH,LA,ASW,CE,Combined TRACON& Tower with Radar,5,9,18,0,32,0,28,22,0,50,5,37,40,0,82,50,0,50,132
05/25/2023,LCH,LA,ASW,CE,Combined TRACON& Tower with Radar,5,6,10,0,21,0,25,17,0,42,5,31,27,0,63,8,0,8,71
05/26/2023,LCH,LA,ASW,CE,Combined TRACON& Tower with Radar,5,10,11,0,26,0,15,15,0,30,5,25,26,0,56,6,0,6,62
05/27/2023,LCH,LA,ASW,CE,Combined TRACON& Tower with Radar,5,4,6,0,15,0,13,19,0,32,5,17,25,0,47,16,0,16,63
05/28/2023,LCH,LA,ASW,CE,Combined TRACON& Tower with Radar,5,4,4,0,13,0,13,16,0,29,5,17,20,0,42,26,0,26,68
05/29/2023,LCH,LA,ASW,CE,Combined TRACON& Tower with Radar,5,9,5,0,19,0,8,23,1,32,5,17,28,1,51,8,0,8,59
05/30/2023,LCH,LA,ASW,CE,Combined TRACON& Tower with Radar,5,4,10,0,19,0,18,20,0,38,5,22,30,0,57,6,0,6,63
05/31/2023,LCH,LA,ASW,CE,Combined TRACON& Tower with Radar,5,6,10,5,26,0,20,17,0,37,5,26,27,5,63,50,0,50,113
06/01/2023,LCH,LA,ASW,CE,Combined TRACON& Tower with Radar,5,5,24,0,34,0,11,29,0,40,5,16,53,0,74,30,0,30,104
06/02/2023,LCH,LA,ASW,CE,Combined TRACON& Tower with Radar,5,6,15,0,26,0,18,14,0,32,5,24,29,0,58,8,0,8,66
06/03/2023,LCH,LA,ASW,CE,Combined TRACON& Tower with Radar,5,7,12,0,24,0,6,16,0,22,5,13,28,0,46,8,0,8,54
06/04/2023,LCH,LA,ASW,CE,Combined TRACON& Tower with Radar,5,6,13,0,24,0,5,8,0,13,5,11,21,0,37,2,0,2,39
06/05/2023,LCH,LA,ASW,CE,Combined TRACON& Tower with Radar,5,8,21,0,34,0,9,28,0,37,5,17,49,0,71,10,0,10,81
06/06/2023,LCH,LA,ASW,CE,Combined TRACON& Tower with Radar,3,7,12,0,22,0,11,33,0,44,3,18,45,0,66,18,0,18,84
06/07/2023,LCH,LA,ASW,CE,Combined TRACON& Tower with Radar,3,8,13,0,24,0,19,21,0,40,3,27,34,0,64,0,0,0,64
06/08/2023,LCH,LA,ASW,CE,Combined TRACON& Tower with Radar,5,7,14,0,26,0,13,17,0,30,5,20,31,0,56,6,0,6,62
06/09/2023,LCH,LA,ASW,CE,Combined TRACON& Tower with Radar,5,8,16,5,34,0,13,18,0,31,5,21,34,5,65,54,0,54,119
06/10/2023,LCH,LA,ASW,CE,Combined TRACON& Tower with Radar,3,7,4,4,18,0,5,6,0,11,3,12,10,4,29,0,0,0,29
06/11/2023,LCH,LA,ASW,CE,Combined TRACON& Tower with Radar,5,9,15,0,29,0,11,14,0,25,5,20,29,0,54,10,0,10,64
06/12/2023,LCH,LA,ASW,CE,Combined TRACON& Tower with Radar,5,9,9,0,23,0,21,4,0,25,5,30,13,0,48,24,0,24,72
06/13/2023,LCH,LA,ASW,CE,Combined TRACON& Tower with Radar,3,6,12,0,21,0,20,25,0,45,3,26,37,0,66,32,0,32,98
06/14/2023,LCH,LA,ASW,CE,Combined TRACON& Tower with Radar,3,7,16,0,26,0,21,12,0,33,3,28,28,0,59,20,0,20,79
06/15/2023,LCH,LA,ASW,CE,Combined TRACON& Tower with Radar,5,10,10,2,27,0,12,15,4,31,5,22,25,6,58,14,0,14,72
06/16/2023,LCH,LA,ASW,CE,Combined TRACON& Tower with Radar,3,8,16,4,31,0,10,29,0,39,3,18,45,4,70,18,0,18,88
06/17/2023,LCH,LA,ASW,CE,Combined TRACON& Tower with Radar,5,7,11,0,23,0,13,26,0,39,5,20,37,0,62,10,0,10,72
06/18/2023,LCH,LA,ASW,CE,Combined TRACON& Tower with Radar,5,7,10,0,22,0,3,13,0,16,5,10,23,0,38,26,0,26,64
06/19/2023,LCH,LA,ASW,CE,Combined TRACON& Tower with Radar,5,6,20,2,33,0,11,22,0,33,5,17,42,2,66,2,0,2,68
06/20/2023,LCH,LA,ASW,CE,Combined TRACON& Tower with Radar,3,6,20,0,29,0,17,9,0,26,3,23,29,0,55,24,0,24,79
06/21/2023,LCH,LA,ASW,CE,Combined TRACON& Tower with Radar,3,6,10,0,19,0,21,10,0,31,3,27,20,0,50,39,0,39,89
06/22/2023,LCH,LA,ASW,CE,Combined TRACON& Tower with Radar,5,8,8,0,21,0,17,10,0,27,5,25,18,0,48,0,0,0,48
06/23/2023,LCH,LA,ASW,CE,Combined TRACON& Tower with Radar,5,6,10,0,21,0,7,13,0,20,5,13,23,0,41,0,0,0,41
06/24/2023,LCH,LA,ASW,CE,Combined TRACON& Tower with Radar,5,8,12,6,31,0,6,10,0,16,5,14,22,6,47,0,0,0,47
06/25/2023,LCH,LA,ASW,CE,Combined TRACON& Tower with Radar,5,6,12,0,23,0,11,25,0,36,5,17,37,0,59,46,0,46,105
06/26/2023,LCH,LA,ASW,CE,Combined TRACON& Tower with Radar,5,11,10,0,26,0,18,22,1,41,5,29,32,1,67,56,0,56,123
06/27/2023,LCH,LA,ASW,CE,Combined TRACON& Tower with Radar,3,12,14,2,31,0,16,25,0,41,3,28,39,2,72,36,0,36,108
06/28/2023,LCH,LA,ASW,CE,Combined TRACON& Tower with Radar,3,8,23,0,34,0,22,19,0,41,3,30,42,0,75,28,0,28,103
06/29/2023,LCH,LA,ASW,CE,Combined TRACON& Tower with Radar,5,7,20,0,32,0,16,37,0,53,5,23,57,0,85,8,0,8,93
06/30/2023,LCH,LA,ASW,CE,Combined TRACON& Tower with Radar,5,8,19,0,32,0,13,24,0,37,5,21,43,0,69,32,0,32,101
07/01/2023,LCH,LA,ASW,CE,Combined TRACON& Tower with Radar,5,6,9,0,20,0,12,19,0,31,5,18,28,0,51,23,0,23,74
07/02/2023,LCH,LA,ASW,CE,Combined TRACON& Tower with Radar,5,6,14,0,25,0,0,12,0,12,5,6,26,0,37,6,0,6,43
07/03/2023,LCH,LA,ASW,CE,Combined TRACON& Tower with Radar,5,7,15,0,27,0,21,36,0,57,5,28,51,0,84,44,0,44,128
07/04/2023,LCH,LA,ASW,CE,Combined TRACON& Tower with Radar,3,4,0,0,7,0,8,19,0,27,3,12,19,0,34,12,0,12,46
07/05/2023,LCH,LA,ASW,CE,Combined TRACON& Tower with Radar,3,6,18,0,27,0,15,22,0,37,3,21,40,0,64,14,0,14,78
07/06/2023,LCH,LA,ASW,CE,Combined TRACON& Tower with Radar,7,8,9,0,24,0,10,14,0,24,7,18,23,0,48,18,0,18,66
07/07/2023,LCH,LA,ASW,CE,Combined TRACON& Tower with Radar,6,10,7,0,23,0,13,26,1,40,6,23,33,1,63,34,0,34,97
07/08/2023,LCH,LA,ASW,CE,Combined TRACON& Tower with Radar,5,10,6,0,21,0,2,6,0,8,5,12,12,0,29,0,0,0,29
07/09/2023,LCH,LA,ASW,CE,Combined TRACON& Tower with Radar,5,8,9,0,22,0,4,24,0,28,5,12,33,0,50,0,0,0,50
07/10/2023,LCH,LA,ASW,CE,Combined TRACON& Tower with Radar,5,9,8,0,22,0,16,11,0,27,5,25,19,0,49,0,0,0,49
07/11/2023,LCH,LA,ASW,CE,Combined TRACON& Tower with Radar,3,8,7,0,18,0,14,21,0,35,3,22,28,0,53,0,0,0,53
07/12/2023,LCH,LA,ASW,CE,Combined TRACON& Tower with Radar,3,7,29,0,39,0,13,17,0,30,3,20,46,0,69,0,0,0,69
07/13/2023,LCH,LA,ASW,CE,Combined TRACON& Tower with Radar,5,6,15,0,26,0,18,11,0,29,5,24,26,0,55,0,0,0,55
07/14/2023,LCH,LA,ASW,CE,Combined TRACON& Tower with Radar,5,10,4,4,23,0,12,9,0,21,5,22,13,4,44,0,0,0,44
07/15/2023,LCH,LA,ASW,CE,Combined TRACON& Tower with Radar,7,9,7,1,24,0,8,30,1,39,7,17,37,2,63,0,0,0,63
07/16/2023,LCH,LA,ASW,CE,Combined TRACON& Tower with Radar,6,6,7,0,19,0,5,11,0,16,6,11,18,0,35,0,0,0,35
07/17/2023,LCH,LA,ASW,CE,Combined TRACON& Tower with Radar,5,7,15,0,27,0,14,20,0,34,5,21,35,0,61,0,0,0,61
07/18/2023,LCH,LA,ASW,CE,Combined TRACON& Tower with Radar,3,6,13,0,22,0,20,28,0,48,3,26,41,0,70,0,0,0,70
07/19/2023,LCH,LA,ASW,CE,Combined TRACON& Tower with Radar,3,6,9,2,20,0,17,20,0,37,3,23,29,2,57,0,0,0,57
07/20/2023,LCH,LA,ASW,CE,Combined TRACON& Tower with Radar,5,6,9,4,24,0,19,23,0,42,5,25,32,4,66,0,0,0,66
07/21/2023,LCH,LA,ASW,CE,Combined TRACON& Tower with Radar,5,6,13,0,24,0,15,40,0,55,5,21,53,0,79,0,0,0,79
07/22/2023,LCH,LA,ASW,CE,Combined TRACON& Tower with Radar,5,8,3,0,16,0,3,15,0,18,5,11,18,0,34,0,0,0,34
07/23/2023,LCH,LA,ASW,CE,Combined TRACON& Tower with Radar,5,7,4,0,16,0,2,19,0,21,5,9,23,0,37,0,0,0,37
07/24/2023,LCH,LA,ASW,CE,Combined TRACON& Tower with Radar,5,8,16,0,29,0,6,11,0,17,5,14,27,0,46,0,0,0,46
07/25/2023,LCH,LA,ASW,CE,Combined TRACON& Tower with Radar,3,6,19,0,28,0,20,16,0,36,3,26,35,0,64,0,0,0,64
07/26/2023,LCH,LA,ASW,CE,Combined TRACON& Tower with Radar,3,10,24,0,37,0,22,9,0,31,3,32,33,0,68,0,0,0,68
07/27/2023,LCH,LA,ASW,CE,Combined TRACON& Tower with Radar,5,8,35,2,50,0,14,16,0,30,5,22,51,2,80,0,0,0,80
07/28/2023,LCH,LA,ASW,CE,Combined TRACON& Tower with Radar,5,8,20,6,39,0,10,13,0,23,5,18,33,6,62,0,0,0,62
07/29/2023,LCH,LA,ASW,CE,Combined TRACON& Tower with Radar,4,9,16,0,29,0,15,19,0,34,4,24,35,0,63,0,0,0,63
07/30/2023,LCH,LA,ASW,CE,Combined TRACON& Tower with Radar,5,8,13,0,26,0,8,6,0,14,5,16,19,0,40,0,0,0,40
07/31/2023,LCH,LA,ASW,CE,Combined TRACON& Tower with Radar,5,10,10,0,25,0,13,5,0,18,5,23,15,0,43,0,0,0,43
08/01/2023,LCH,LA,ASW,CE,Combined TRACON& Tower with Radar,3,7,15,0,25,0,16,18,0,34,3,23,33,0,59,0,0,0,59
08/02/2023,LCH,LA,ASW,CE,Combined TRACON& Tower with Radar,3,7,9,0,19,0,13,10,0,23,3,20,19,0,42,0,0,0,42
08/03/2023,LCH,LA,ASW,CE,Combined TRACON& Tower with Radar,5,8,12,0,25,0,21,8,0,29,5,29,20,0,54,0,0,0,54
08/04/2023,LCH,LA,ASW,CE,Combined TRACON& Tower with Radar,5,6,14,0,25,0,12,6,0,18,5,18,20,0,43,0,0,0,43
08/05/2023,LCH,LA,ASW,CE,Combined TRACON& Tower with Radar,5,4,5,0,14,0,6,8,0,14,5,10,13,0,28,0,0,0,28
08/06/2023,LCH,LA,ASW,CE,Combined TRACON& Tower with Radar,5,5,10,0,20,0,6,4,0,10,5,11,14,0,30,0,0,0,30
08/07/2023,LCH,LA,ASW,CE,Combined TRACON& Tower with Radar,5,4,12,0,21,0,11,2,0,13,5,15,14,0,34,0,0,0,34
08/08/2023,LCH,LA,ASW,CE,Combined TRACON& Tower with Radar,5,6,17,0,28,0,13,7,0,20,5,19,24,0,48,0,0,0,48
08/09/2023,LCH,LA,ASW,CE,Combined TRACON& Tower with Radar,5,4,17,0,26,0,20,20,0,40,5,24,37,0,66,0,0,0,66
08/10/2023,LCH,LA,ASW,CE,Combined TRACON& Tower with Radar,7,5,11,0,23,0,16,6,0,22,7,21,17,0,45,0,0,0,45
08/11/2023,LCH,LA,ASW,CE,Combined TRACON& Tower with Radar,5,5,17,0,27,0,16,10,1,27,5,21,27,1,54,0,0,0,54
08/12/2023,LCH,LA,ASW,CE,Combined TRACON& Tower with Radar,5,5,21,0,31,0,3,11,0,14,5,8,32,0,45,0,0,0,45
08/13/2023,LCH,LA,ASW,CE,Combined TRACON& Tower with Radar,5,4,15,0,24,0,4,11,0,15,5,8,26,0,39,0,0,0,39
08/14/2023,LCH,LA,ASW,CE,Combined TRACON& Tower with Radar,4,4,17,4,29,0,15,12,0,27,4,19,29,4,56,0,0,0,56
08/15/2023,LCH,LA,ASW,CE,Combined TRACON& Tower with Radar,5,10,16,0,31,0,11,20,1,32,5,21,36,1,63,0,0,0,63
08/16/2023,LCH,LA,ASW,CE,Combined TRACON& Tower with Radar,5,5,27,0,37,0,22,16,0,38,5,27,43,0,75,0,0,0,75
08/17/2023,LCH,LA,ASW,CE,Combined TRACON& Tower with Radar,5,5,14,0,24,0,14,13,0,27,5,19,27,0,51,0,0,0,51
08/18/2023,LCH,LA,ASW,CE,Combined TRACON& Tower with Radar,5,8,15,2,30,0,7,25,0,32,5,15,40,2,62,0,0,0,62
08/19/2023,LCH,LA,ASW,CE,Combined TRACON& Tower with Radar,5,7,19,0,31,0,3,16,0,19,5,10,35,0,50,0,0,0,50
08/20/2023,LCH,LA,ASW,CE,Combined TRACON& Tower with Radar,5,10,14,0,29,0,10,13,0,23,5,20,27,0,52,0,0,0,52
08/21/2023,LCH,LA,ASW,CE,Combined TRACON& Tower with Radar,5,5,17,0,27,0,8,8,0,16,5,13,25,0,43,0,0,0,43
08/22/2023,LCH,LA,ASW,CE,Combined TRACON& Tower with Radar,5,4,19,0,28,0,10,12,0,22,5,14,31,0,50,0,0,0,50
08/23/2023,LCH,LA,ASW,CE,Combined TRACON& Tower with Radar,5,4,11,4,24,0,14,14,0,28,5,18,25,4,52,0,0,0,52
08/24/2023,LCH,LA,ASW,CE,Combined TRACON& Tower with Radar,5,5,21,0,31,0,9,11,0,20,5,14,32,0,51,0,0,0,51
08/25/2023,LCH,LA,ASW,CE,Combined TRACON& Tower with Radar,5,9,29,4,47,0,11,29,0,40,5,20,58,4,87,0,0,0,87
08/26/2023,LCH,LA,ASW,CE,Combined TRACON& Tower with Radar,5,6,25,0,36,0,2,15,0,17,5,8,40,0,53,0,0,0,53
08/27/2023,LCH,LA,ASW,CE,Combined TRACON& Tower with Radar,5,5,25,0,35,0,1,9,0,10,5,6,34,0,45,0,0,0,45
08/28/2023,LCH,LA,ASW,CE,Combined TRACON& Tower with Radar,5,9,11,0,25,0,18,12,0,30,5,27,23,0,55,0,0,0,55
08/29/2023,LCH,LA,ASW,CE,Combined TRACON& Tower with Radar,5,4,16,0,25,0,11,19,0,30,5,15,35,0,55,0,0,0,55
08/30/2023,LCH,LA,ASW,CE,Combined TRACON& Tower with Radar,5,9,17,0,31,0,11,14,0,25,5,20,31,0,56,0,0,0,56
08/31/2023,LCH,LA,ASW,CE,Combined TRACON& Tower with Radar,5,6,23,2,36,0,14,15,0,29,5,20,38,2,65,0,0,0,65
