01/01/2020,LEB,NH,ANE,EN,Federal Contract Tower,0,11,1,0,12,0,5,3,0,8,0,16,4,0,20,2,0,2,22
01/02/2020,LEB,NH,ANE,EN,Federal Contract Tower,0,9,17,0,26,0,9,29,0,38,0,18,46,0,64,14,0,14,78
01/03/2020,LEB,NH,ANE,EN,Federal Contract Tower,0,15,6,0,21,0,12,59,0,71,0,27,65,0,92,50,0,50,142
01/04/2020,LEB,NH,ANE,EN,Federal Contract Tower,0,4,3,0,7,0,0,0,0,0,0,4,3,0,7,0,0,0,7
01/05/2020,LEB,NH,ANE,EN,Federal Contract Tower,0,27,6,0,33,0,13,3,3,19,0,40,9,3,52,0,6,6,58
01/06/2020,LEB,NH,ANE,EN,Federal Contract Tower,0,21,7,0,28,0,0,0,0,0,0,21,7,0,28,0,0,0,28
01/07/2020,LEB,NH,ANE,EN,Federal Contract Tower,0,21,9,1,31,0,11,33,1,45,0,32,42,2,76,52,0,52,128
01/08/2020,LEB,NH,ANE,EN,Federal Contract Tower,0,8,2,0,10,0,1,6,0,7,0,9,8,0,17,28,0,28,45
01/09/2020,LEB,NH,ANE,EN,Federal Contract Tower,0,9,9,0,18,0,13,26,0,39,0,22,35,0,57,94,0,94,151
01/10/2020,LEB,NH,ANE,EN,Federal Contract Tower,0,17,9,0,26,0,0,12,0,12,0,17,21,0,38,14,0,14,52
01/11/2020,LEB,NH,ANE,EN,Federal Contract Tower,0,11,0,0,11,0,6,1,0,7,0,17,1,0,18,0,0,0,18
01/12/2020,LEB,NH,ANE,EN,Federal Contract Tower,0,11,4,0,15,0,15,8,0,23,0,26,12,0,38,30,0,30,68
01/13/2020,LEB,NH,ANE,EN,Federal Contract Tower,0,14,3,0,17,0,4,0,0,4,0,18,3,0,21,0,0,0,21
01/14/2020,LEB,NH,ANE,EN,Federal Contract Tower,0,16,7,0,23,0,0,1,0,1,0,16,8,0,24,0,0,0,24
01/15/2020,LEB,NH,ANE,EN,Federal Contract Tower,0,15,9,0,24,0,0,24,0,24,0,15,33,0,48,70,0,70,118
01/16/2020,LEB,NH,ANE,EN,Federal Contract Tower,0,5,8,0,13,0,0,0,0,0,0,5,8,0,13,0,0,0,13
01/17/2020,LEB,NH,ANE,EN,Federal Contract Tower,0,14,9,0,23,0,12,18,0,30,0,26,27,0,53,20,0,20,73
01/18/2020,LEB,NH,ANE,EN,Federal Contract Tower,0,7,9,0,16,7,22,0,0,29,7,29,9,0,45,28,0,28,73
01/19/2020,LEB,NH,ANE,EN,Federal Contract Tower,0,16,4,0,20,0,15,11,0,26,0,31,15,0,46,0,0,0,46
01/20/2020,LEB,NH,ANE,EN,Federal Contract Tower,0,25,6,2,33,0,21,47,0,68,0,46,53,2,101,30,0,30,131
01/21/2020,LEB,NH,ANE,EN,Federal Contract Tower,0,9,9,1,19,0,8,36,1,45,0,17,45,2,64,18,2,20,84
01/22/2020,LEB,NH,ANE,EN,Federal Contract Tower,0,12,12,0,24,0,11,26,0,37,0,23,38,0,61,22,0,22,83
01/23/2020,LEB,NH,ANE,EN,Federal Contract Tower,0,13,10,0,23,0,8,27,0,35,0,21,37,0,58,14,2,16,74
01/24/2020,LEB,NH,ANE,EN,Federal Contract Tower,0,13,20,2,35,0,9,34,0,43,0,22,54,2,78,54,0,54,132
01/25/2020,LEB,NH,ANE,EN,Federal Contract Tower,0,12,2,0,14,0,0,0,0,0,0,12,2,0,14,0,0,0,14
01/26/2020,LEB,NH,ANE,EN,Federal Contract Tower,0,19,14,0,33,0,11,23,6,40,0,30,37,6,73,38,10,48,121
01/27/2020,LEB,NH,ANE,EN,Federal Contract Tower,0,16,7,0,23,0,7,23,5,35,0,23,30,5,58,66,0,66,124
01/28/2020,LEB,NH,ANE,EN,Federal Contract Tower,0,18,3,0,21,0,3,1,0,4,0,21,4,0,25,0,0,0,25
01/29/2020,LEB,NH,ANE,EN,Federal Contract Tower,0,10,14,0,24,0,8,31,0,39,0,18,45,0,63,40,0,40,103
01/30/2020,LEB,NH,ANE,EN,Federal Contract Tower,0,6,12,0,18,0,12,35,0,47,0,18,47,0,65,54,0,54,119
01/31/2020,LEB,NH,ANE,EN,Federal Contract Tower,0,12,11,0,23,0,12,19,3,34,0,24,30,3,57,24,6,30,87
02/01/2020,LEB,NH,ANE,EN,Federal Contract Tower,0,19,6,0,25,0,10,22,0,32,0,29,28,0,57,34,0,34,91
02/02/2020,LEB,NH,ANE,EN,Federal Contract Tower,0,17,5,0,22,0,15,25,1,41,0,32,30,1,63,48,4,52,115
02/03/2020,LEB,NH,ANE,EN,Federal Contract Tower,0,17,12,0,29,0,17,39,0,56,0,34,51,0,85,24,0,24,109
02/04/2020,LEB,NH,ANE,EN,Federal Contract Tower,0,13,5,0,18,0,9,27,0,36,0,22,32,0,54,32,0,32,86
02/05/2020,LEB,NH,ANE,EN,Federal Contract Tower,0,10,4,1,15,0,8,10,2,20,0,18,14,3,35,12,2,14,49
02/06/2020,LEB,NH,ANE,EN,Federal Contract Tower,0,0,0,0,0,0,0,0,0,0,0,0,0,0,0,0,0,0,0
02/07/2020,LEB,NH,ANE,EN,Federal Contract Tower,0,0,1,0,1,0,0,0,0,0,0,0,1,0,1,0,0,0,1
02/08/2020,LEB,NH,ANE,EN,Federal Contract Tower,0,11,5,0,16,0,7,2,2,11,0,18,7,2,27,0,0,0,27
02/09/2020,LEB,NH,ANE,EN,Federal Contract Tower,0,18,10,0,28,0,7,13,0,20,0,25,23,0,48,0,0,0,48
02/10/2020,LEB,NH,ANE,EN,Federal Contract Tower,0,19,6,0,25,0,0,0,0,0,0,19,6,0,25,0,0,0,25
02/11/2020,LEB,NH,ANE,EN,Federal Contract Tower,0,3,1,0,4,0,0,0,0,0,0,3,1,0,4,0,0,0,4
02/12/2020,LEB,NH,ANE,EN,Federal Contract Tower,0,9,7,0,16,0,8,31,2,41,0,17,38,2,57,40,0,40,97
02/13/2020,LEB,NH,ANE,EN,Federal Contract Tower,0,12,5,0,17,0,0,0,0,0,0,12,5,0,17,0,0,0,17
02/14/2020,LEB,NH,ANE,EN,Federal Contract Tower,0,8,15,0,23,0,17,34,0,51,0,25,49,0,74,0,0,0,74
02/15/2020,LEB,NH,ANE,EN,Federal Contract Tower,0,16,10,0,26,0,10,68,1,79,0,26,78,1,105,72,2,74,179
02/16/2020,LEB,NH,ANE,EN,Federal Contract Tower,0,13,13,0,26,0,12,36,1,49,0,25,49,1,75,26,0,26,101
02/17/2020,LEB,NH,ANE,EN,Federal Contract Tower,0,16,11,0,27,0,17,75,0,92,0,33,86,0,119,42,0,42,161
02/18/2020,LEB,NH,ANE,EN,Federal Contract Tower,0,6,2,0,8,0,0,0,0,0,0,6,2,0,8,0,0,0,8
02/19/2020,LEB,NH,ANE,EN,Federal Contract Tower,0,7,5,0,12,0,4,4,0,8,0,11,9,0,20,0,0,0,20
02/20/2020,LEB,NH,ANE,EN,Federal Contract Tower,0,17,9,0,26,0,11,25,2,38,0,28,34,2,64,46,0,46,110
02/21/2020,LEB,NH,ANE,EN,Federal Contract Tower,0,15,7,0,22,0,17,43,0,60,0,32,50,0,82,12,0,12,94
02/22/2020,LEB,NH,ANE,EN,Federal Contract Tower,0,14,9,0,23,0,11,43,0,54,0,25,52,0,77,38,0,38,115
02/23/2020,LEB,NH,ANE,EN,Federal Contract Tower,0,15,10,0,25,0,23,43,0,66,0,38,53,0,91,28,0,28,119
02/24/2020,LEB,NH,ANE,EN,Federal Contract Tower,0,18,9,0,27,0,11,64,2,77,0,29,73,2,104,30,8,38,142
02/25/2020,LEB,NH,ANE,EN,Federal Contract Tower,0,12,10,0,22,0,9,19,0,28,0,21,29,0,50,14,0,14,64
02/26/2020,LEB,NH,ANE,EN,Federal Contract Tower,0,15,7,0,22,0,3,0,0,3,0,18,7,0,25,18,0,18,43
02/27/2020,LEB,NH,ANE,EN,Federal Contract Tower,0,9,3,0,12,0,0,0,0,0,0,9,3,0,12,0,0,0,12
02/28/2020,LEB,NH,ANE,EN,Federal Contract Tower,0,17,16,2,35,0,2,3,0,5,0,19,19,2,40,6,0,6,46
02/29/2020,LEB,NH,ANE,EN,Federal Contract Tower,0,15,9,1,25,0,3,4,1,8,0,18,13,2,33,4,0,4,37
03/01/2020,LEB,NH,ANE,EN,Federal Contract Tower,0,19,16,0,35,0,20,39,0,59,0,39,55,0,94,26,0,26,120
03/02/2020,LEB,NH,ANE,EN,Federal Contract Tower,0,15,4,0,19,0,15,29,1,45,0,30,33,1,64,22,0,22,86
03/03/2020,LEB,NH,ANE,EN,Federal Contract Tower,0,10,16,0,26,0,13,30,0,43,0,23,46,0,69,14,0,14,83
03/04/2020,LEB,NH,ANE,EN,Federal Contract Tower,0,8,5,0,13,0,2,2,0,4,0,10,7,0,17,0,0,0,17
03/05/2020,LEB,NH,ANE,EN,Federal Contract Tower,0,8,9,2,19,0,19,26,4,49,0,27,35,6,68,20,0,20,88
03/06/2020,LEB,NH,ANE,EN,Federal Contract Tower,0,16,5,0,21,0,10,32,1,43,0,26,37,1,64,34,0,34,98
03/07/2020,LEB,NH,ANE,EN,Federal Contract Tower,0,11,6,1,18,0,16,45,3,64,0,27,51,4,82,12,0,12,94
03/08/2020,LEB,NH,ANE,EN,Federal Contract Tower,0,14,6,0,20,0,17,49,0,66,0,31,55,0,86,44,0,44,130
03/09/2020,LEB,NH,ANE,EN,Federal Contract Tower,0,10,9,0,19,0,19,18,0,37,0,29,27,0,56,16,0,16,72
03/10/2020,LEB,NH,ANE,EN,Federal Contract Tower,0,11,7,0,18,0,11,7,0,18,0,22,14,0,36,0,0,0,36
03/11/2020,LEB,NH,ANE,EN,Federal Contract Tower,0,4,7,0,11,0,14,26,4,44,0,18,33,4,55,2,0,2,57
03/12/2020,LEB,NH,ANE,EN,Federal Contract Tower,0,18,16,3,37,0,4,18,1,23,0,22,34,4,60,0,0,0,60
03/13/2020,LEB,NH,ANE,EN,Federal Contract Tower,0,23,13,0,36,0,3,1,0,4,0,26,14,0,40,0,0,0,40
03/14/2020,LEB,NH,ANE,EN,Federal Contract Tower,0,14,5,0,19,0,12,0,0,12,0,26,5,0,31,0,0,0,31
03/15/2020,LEB,NH,ANE,EN,Federal Contract Tower,0,9,5,0,14,0,19,47,0,66,0,28,52,0,80,10,0,10,90
03/16/2020,LEB,NH,ANE,EN,Federal Contract Tower,0,20,11,0,31,0,20,50,0,70,0,40,61,0,101,30,0,30,131
03/17/2020,LEB,NH,ANE,EN,Federal Contract Tower,0,15,2,0,17,0,0,0,0,0,0,15,2,0,17,0,0,0,17
03/18/2020,LEB,NH,ANE,EN,Federal Contract Tower,0,8,10,0,18,0,14,59,4,77,0,22,69,4,95,46,2,48,143
03/19/2020,LEB,NH,ANE,EN,Federal Contract Tower,0,13,1,0,14,0,0,2,0,2,0,13,3,0,16,4,0,4,20
03/20/2020,LEB,NH,ANE,EN,Federal Contract Tower,0,16,1,0,17,0,1,3,0,4,0,17,4,0,21,0,0,0,21
03/21/2020,LEB,NH,ANE,EN,Federal Contract Tower,0,8,4,0,12,0,9,16,0,25,0,17,20,0,37,12,0,12,49
03/22/2020,LEB,NH,ANE,EN,Federal Contract Tower,0,9,5,1,15,0,13,47,2,62,0,22,52,3,77,50,0,50,127
03/23/2020,LEB,NH,ANE,EN,Federal Contract Tower,0,15,3,0,18,0,1,0,0,1,0,16,3,0,19,0,0,0,19
03/24/2020,LEB,NH,ANE,EN,Federal Contract Tower,0,15,3,0,18,0,0,2,0,2,0,15,5,0,20,4,0,4,24
03/25/2020,LEB,NH,ANE,EN,Federal Contract Tower,0,8,4,0,12,0,4,0,0,4,0,12,4,0,16,2,0,2,18
03/26/2020,LEB,NH,ANE,EN,Federal Contract Tower,0,2,3,0,5,0,12,20,0,32,0,14,23,0,37,36,2,38,75
03/27/2020,LEB,NH,ANE,EN,Federal Contract Tower,0,6,2,0,8,0,15,22,0,37,0,21,24,0,45,16,0,16,61
03/28/2020,LEB,NH,ANE,EN,Federal Contract Tower,0,9,4,0,13,0,11,39,2,52,0,20,43,2,65,42,0,42,107
03/29/2020,LEB,NH,ANE,EN,Federal Contract Tower,0,8,0,0,8,0,0,0,0,0,0,8,0,0,8,0,0,0,8
03/30/2020,LEB,NH,ANE,EN,Federal Contract Tower,0,16,0,0,16,0,0,0,0,0,0,16,0,0,16,0,0,0,16
03/31/2020,LEB,NH,ANE,EN,Federal Contract Tower,0,9,5,0,14,0,3,4,0,7,0,12,9,0,21,12,0,12,33
04/01/2020,LEB,NH,ANE,EN,Federal Contract Tower,0,5,5,0,10,0,7,18,0,25,0,12,23,0,35,10,0,10,45
04/02/2020,LEB,NH,ANE,EN,Federal Contract Tower,0,13,0,0,13,0,0,2,0,2,0,13,2,0,15,0,0,0,15
04/03/2020,LEB,NH,ANE,EN,Federal Contract Tower,0,9,3,0,12,0,0,0,0,0,0,9,3,0,12,0,0,0,12
04/04/2020,LEB,NH,ANE,EN,Federal Contract Tower,0,12,1,0,13,0,6,3,0,9,0,18,4,0,22,16,0,16,38
04/05/2020,LEB,NH,ANE,EN,Federal Contract Tower,0,12,9,1,22,0,2,29,0,31,0,14,38,1,53,0,0,0,53
04/06/2020,LEB,NH,ANE,EN,Federal Contract Tower,0,6,0,0,6,0,14,30,0,44,0,20,30,0,50,14,0,14,64
04/07/2020,LEB,NH,ANE,EN,Federal Contract Tower,0,6,0,0,6,0,8,16,0,24,0,14,16,0,30,10,0,10,40
04/08/2020,LEB,NH,ANE,EN,Federal Contract Tower,0,7,1,0,8,0,6,17,6,29,0,13,18,6,37,8,2,10,47
04/09/2020,LEB,NH,ANE,EN,Federal Contract Tower,0,10,0,0,10,0,0,2,0,2,0,10,2,0,12,0,0,0,12
04/10/2020,LEB,NH,ANE,EN,Federal Contract Tower,0,11,3,0,14,0,1,2,0,3,0,12,5,0,17,12,0,12,29
04/11/2020,LEB,NH,ANE,EN,Federal Contract Tower,0,13,2,0,15,0,0,9,0,9,0,13,11,0,24,2,0,2,26
04/12/2020,LEB,NH,ANE,EN,Federal Contract Tower,0,10,2,0,12,0,6,26,0,32,0,16,28,0,44,14,0,14,58
04/13/2020,LEB,NH,ANE,EN,Federal Contract Tower,0,4,0,0,4,0,0,0,0,0,0,4,0,0,4,0,0,0,4
04/14/2020,LEB,NH,ANE,EN,Federal Contract Tower,0,7,1,0,8,0,10,7,0,17,0,17,8,0,25,18,0,18,43
04/15/2020,LEB,NH,ANE,EN,Federal Contract Tower,0,5,2,0,7,0,8,5,0,13,0,13,7,0,20,6,0,6,26
04/16/2020,LEB,NH,ANE,EN,Federal Contract Tower,0,11,0,0,11,0,2,2,0,4,0,13,2,0,15,0,0,0,15
04/17/2020,LEB,NH,ANE,EN,Federal Contract Tower,0,12,3,0,15,0,2,2,0,4,0,14,5,0,19,2,0,2,21
04/18/2020,LEB,NH,ANE,EN,Federal Contract Tower,0,12,1,0,13,0,2,0,0,2,0,14,1,0,15,0,0,0,15
04/19/2020,LEB,NH,ANE,EN,Federal Contract Tower,0,10,3,2,15,0,12,34,0,46,0,22,37,2,61,4,0,4,65
04/20/2020,LEB,NH,ANE,EN,Federal Contract Tower,0,9,2,0,11,0,17,28,0,45,0,26,30,0,56,14,0,14,70
04/21/2020,LEB,NH,ANE,EN,Federal Contract Tower,0,6,0,0,6,0,2,0,0,2,0,8,0,0,8,0,0,0,8
04/22/2020,LEB,NH,ANE,EN,Federal Contract Tower,0,13,0,0,13,0,0,0,0,0,0,13,0,0,13,0,4,4,17
04/23/2020,LEB,NH,ANE,EN,Federal Contract Tower,0,4,7,1,12,0,19,8,2,29,0,23,15,3,41,14,2,16,57
04/24/2020,LEB,NH,ANE,EN,Federal Contract Tower,0,11,4,0,15,0,9,15,0,24,0,20,19,0,39,0,0,0,39
04/25/2020,LEB,NH,ANE,EN,Federal Contract Tower,0,5,12,0,17,0,15,48,2,65,0,20,60,2,82,18,0,18,100
04/26/2020,LEB,NH,ANE,EN,Federal Contract Tower,0,14,1,0,15,0,6,13,0,19,0,20,14,0,34,20,0,20,54
04/27/2020,LEB,NH,ANE,EN,Federal Contract Tower,0,12,4,0,16,0,0,0,0,0,0,12,4,0,16,0,0,0,16
04/28/2020,LEB,NH,ANE,EN,Federal Contract Tower,0,11,4,0,15,0,9,18,0,27,0,20,22,0,42,38,0,38,80
04/29/2020,LEB,NH,ANE,EN,Federal Contract Tower,0,5,3,0,8,0,9,21,0,30,0,14,24,0,38,14,0,14,52
04/30/2020,LEB,NH,ANE,EN,Federal Contract Tower,0,13,7,0,20,0,0,2,0,2,0,13,9,0,22,8,0,8,30
05/01/2020,LEB,NH,ANE,EN,Federal Contract Tower,0,12,4,0,16,0,1,1,0,2,0,13,5,0,18,2,0,2,20
05/02/2020,LEB,NH,ANE,EN,Federal Contract Tower,0,12,5,1,18,0,8,14,1,23,0,20,19,2,41,10,0,10,51
05/03/2020,LEB,NH,ANE,EN,Federal Contract Tower,0,9,3,0,12,0,27,20,0,47,0,36,23,0,59,10,0,10,69
05/04/2020,LEB,NH,ANE,EN,Federal Contract Tower,0,8,4,0,12,0,15,18,0,33,0,23,22,0,45,12,0,12,57
05/05/2020,LEB,NH,ANE,EN,Federal Contract Tower,0,13,5,4,22,0,7,8,1,16,0,20,13,5,38,6,2,8,46
05/06/2020,LEB,NH,ANE,EN,Federal Contract Tower,0,6,2,0,8,0,17,24,0,41,0,23,26,0,49,16,0,16,65
05/07/2020,LEB,NH,ANE,EN,Federal Contract Tower,0,7,3,0,10,0,7,14,0,21,0,14,17,0,31,26,0,26,57
05/08/2020,LEB,NH,ANE,EN,Federal Contract Tower,0,12,8,0,20,0,6,21,0,27,0,18,29,0,47,26,0,26,73
05/09/2020,LEB,NH,ANE,EN,Federal Contract Tower,0,11,0,0,11,0,1,0,0,1,0,12,0,0,12,0,0,0,12
05/10/2020,LEB,NH,ANE,EN,Federal Contract Tower,0,11,2,0,13,0,2,0,0,2,0,13,2,0,15,0,0,0,15
05/11/2020,LEB,NH,ANE,EN,Federal Contract Tower,0,14,1,0,15,0,3,2,0,5,0,17,3,0,20,20,0,20,40
05/12/2020,LEB,NH,ANE,EN,Federal Contract Tower,0,5,0,2,7,0,17,4,2,23,0,22,4,4,30,6,2,8,38
05/13/2020,LEB,NH,ANE,EN,Federal Contract Tower,0,3,2,0,5,0,14,29,2,45,0,17,31,2,50,16,0,16,66
05/14/2020,LEB,NH,ANE,EN,Federal Contract Tower,0,3,8,0,11,0,13,47,0,60,0,16,55,0,71,24,0,24,95
05/15/2020,LEB,NH,ANE,EN,Federal Contract Tower,0,9,11,0,20,0,5,17,0,22,0,14,28,0,42,26,0,26,68
05/16/2020,LEB,NH,ANE,EN,Federal Contract Tower,0,10,6,0,16,0,10,15,0,25,0,20,21,0,41,20,0,20,61
05/17/2020,LEB,NH,ANE,EN,Federal Contract Tower,0,9,14,0,23,0,5,27,0,32,0,14,41,0,55,20,0,20,75
05/18/2020,LEB,NH,ANE,EN,Federal Contract Tower,0,7,2,0,9,0,20,16,0,36,0,27,18,0,45,16,0,16,61
05/19/2020,LEB,NH,ANE,EN,Federal Contract Tower,0,6,5,0,11,0,9,14,0,23,0,15,19,0,34,4,0,4,38
05/20/2020,LEB,NH,ANE,EN,Federal Contract Tower,0,9,14,0,23,0,10,38,2,50,0,19,52,2,73,28,0,28,101
05/21/2020,LEB,NH,ANE,EN,Federal Contract Tower,0,7,7,2,16,0,9,32,0,41,0,16,39,2,57,16,0,16,73
05/22/2020,LEB,NH,ANE,EN,Federal Contract Tower,0,5,2,1,8,0,11,30,1,42,0,16,32,2,50,42,2,44,94
05/23/2020,LEB,NH,ANE,EN,Federal Contract Tower,0,7,4,0,11,0,4,5,0,9,0,11,9,0,20,2,0,2,22
05/24/2020,LEB,NH,ANE,EN,Federal Contract Tower,0,7,8,0,15,0,20,25,0,45,0,27,33,0,60,22,0,22,82
05/25/2020,LEB,NH,ANE,EN,Federal Contract Tower,0,8,6,0,14,0,2,0,0,2,0,10,6,0,16,0,0,0,16
05/26/2020,LEB,NH,ANE,EN,Federal Contract Tower,0,5,4,0,9,0,5,17,0,22,0,10,21,0,31,18,0,18,49
05/27/2020,LEB,NH,ANE,EN,Federal Contract Tower,0,5,7,0,12,0,6,17,2,25,0,11,24,2,37,10,0,10,47
05/28/2020,LEB,NH,ANE,EN,Federal Contract Tower,0,11,8,0,19,0,1,13,0,14,0,12,21,0,33,6,0,6,39
05/29/2020,LEB,NH,ANE,EN,Federal Contract Tower,0,13,2,0,15,0,6,22,0,28,0,19,24,0,43,18,0,18,61
05/30/2020,LEB,NH,ANE,EN,Federal Contract Tower,0,9,3,0,12,0,6,22,3,31,0,15,25,3,43,0,6,6,49
05/31/2020,LEB,NH,ANE,EN,Federal Contract Tower,0,7,2,0,9,0,13,18,0,31,0,20,20,0,40,18,0,18,58
06/01/2020,LEB,NH,ANE,EN,Federal Contract Tower,0,10,8,0,18,0,10,31,0,41,0,20,39,0,59,46,0,46,105
06/03/2020,LEB,NH,ANE,EN,Federal Contract Tower,0,8,8,2,18,0,5,17,0,22,0,13,25,2,40,28,0,28,68
06/04/2020,LEB,NH,ANE,EN,Federal Contract Tower,0,3,6,1,10,0,7,40,0,47,0,10,46,1,57,22,2,24,81
06/05/2020,LEB,NH,ANE,EN,Federal Contract Tower,0,9,11,0,20,0,9,44,0,53,0,18,55,0,73,112,0,112,185
06/06/2020,LEB,NH,ANE,EN,Federal Contract Tower,0,11,5,0,16,0,2,7,0,9,0,13,12,0,25,8,0,8,33
06/07/2020,LEB,NH,ANE,EN,Federal Contract Tower,0,8,10,0,18,0,9,20,0,29,0,17,30,0,47,22,0,22,69
06/08/2020,LEB,NH,ANE,EN,Federal Contract Tower,0,9,13,0,22,0,27,45,0,72,0,36,58,0,94,52,0,52,146
06/09/2020,LEB,NH,ANE,EN,Federal Contract Tower,0,6,6,0,12,0,14,31,0,45,0,20,37,0,57,74,0,74,131
06/10/2020,LEB,NH,ANE,EN,Federal Contract Tower,0,8,4,0,12,0,7,11,0,18,0,15,15,0,30,16,0,16,46
06/11/2020,LEB,NH,ANE,EN,Federal Contract Tower,0,11,6,0,17,0,3,0,0,3,0,14,6,0,20,0,0,0,20
06/12/2020,LEB,NH,ANE,EN,Federal Contract Tower,0,8,5,0,13,0,7,41,6,54,0,15,46,6,67,4,2,6,73
06/13/2020,LEB,NH,ANE,EN,Federal Contract Tower,0,9,7,0,16,0,10,32,0,42,0,19,39,0,58,74,2,76,134
06/14/2020,LEB,NH,ANE,EN,Federal Contract Tower,0,10,6,0,16,0,25,31,0,56,0,35,37,0,72,14,0,14,86
06/15/2020,LEB,NH,ANE,EN,Federal Contract Tower,0,11,7,0,18,0,12,57,2,71,0,23,64,2,89,28,0,28,117
06/16/2020,LEB,NH,ANE,EN,Federal Contract Tower,0,7,11,0,18,0,16,30,0,46,0,23,41,0,64,20,0,20,84
06/17/2020,LEB,NH,ANE,EN,Federal Contract Tower,0,1,14,0,15,0,12,46,0,58,0,13,60,0,73,68,0,68,141
06/18/2020,LEB,NH,ANE,EN,Federal Contract Tower,0,7,10,0,17,0,15,37,0,52,0,22,47,0,69,70,0,70,139
06/19/2020,LEB,NH,ANE,EN,Federal Contract Tower,0,11,4,0,15,0,18,37,4,59,0,29,41,4,74,24,0,24,98
06/20/2020,LEB,NH,ANE,EN,Federal Contract Tower,0,9,5,0,14,0,8,25,0,33,0,17,30,0,47,54,0,54,101
06/21/2020,LEB,NH,ANE,EN,Federal Contract Tower,0,9,9,0,18,0,15,28,0,43,0,24,37,0,61,36,0,36,97
06/22/2020,LEB,NH,ANE,EN,Federal Contract Tower,0,9,9,0,18,0,5,38,0,43,0,14,47,0,61,48,0,48,109
06/23/2020,LEB,NH,ANE,EN,Federal Contract Tower,0,12,2,0,14,0,5,9,0,14,0,17,11,0,28,6,0,6,34
06/24/2020,LEB,NH,ANE,EN,Federal Contract Tower,0,13,5,2,20,0,8,20,0,28,0,21,25,2,48,10,2,12,60
06/25/2020,LEB,NH,ANE,EN,Federal Contract Tower,0,10,4,0,14,0,11,31,0,42,0,21,35,0,56,18,0,18,74
06/26/2020,LEB,NH,ANE,EN,Federal Contract Tower,0,7,9,0,16,0,12,45,1,58,0,19,54,1,74,16,0,16,90
06/27/2020,LEB,NH,ANE,EN,Federal Contract Tower,0,12,13,1,26,0,11,30,1,42,0,23,43,2,68,4,0,4,72
06/28/2020,LEB,NH,ANE,EN,Federal Contract Tower,0,9,7,0,16,0,6,22,0,28,0,15,29,0,44,24,0,24,68
06/29/2020,LEB,NH,ANE,EN,Federal Contract Tower,0,25,6,0,31,0,1,0,0,1,0,26,6,0,32,0,0,0,32
06/30/2020,LEB,NH,ANE,EN,Federal Contract Tower,0,14,8,0,22,0,0,7,0,7,0,14,15,0,29,8,0,8,37
07/01/2020,LEB,NH,ANE,EN,Federal Contract Tower,0,11,3,0,14,0,3,15,0,18,0,14,18,0,32,6,0,6,38
07/02/2020,LEB,NH,ANE,EN,Federal Contract Tower,0,13,13,0,26,0,12,44,0,56,0,25,57,0,82,62,0,62,144
07/03/2020,LEB,NH,ANE,EN,Federal Contract Tower,0,12,24,0,36,0,1,24,0,25,0,13,48,0,61,22,0,22,83
07/04/2020,LEB,NH,ANE,EN,Federal Contract Tower,0,10,7,0,17,0,17,25,0,42,0,27,32,0,59,4,0,4,63
07/05/2020,LEB,NH,ANE,EN,Federal Contract Tower,0,11,5,0,16,0,13,34,0,47,0,24,39,0,63,34,0,34,97
07/06/2020,LEB,NH,ANE,EN,Federal Contract Tower,0,14,6,0,20,0,18,37,0,55,0,32,43,0,75,6,0,6,81
07/07/2020,LEB,NH,ANE,EN,Federal Contract Tower,0,12,11,0,23,0,9,28,0,37,0,21,39,0,60,42,0,42,102
07/08/2020,LEB,NH,ANE,EN,Federal Contract Tower,0,8,4,0,12,0,5,7,0,12,0,13,11,0,24,16,0,16,40
07/09/2020,LEB,NH,ANE,EN,Federal Contract Tower,0,9,5,1,15,0,8,30,0,38,0,17,35,1,53,116,2,118,171
07/10/2020,LEB,NH,ANE,EN,Federal Contract Tower,0,11,10,0,21,0,6,16,0,22,0,17,26,0,43,32,0,32,75
07/11/2020,LEB,NH,ANE,EN,Federal Contract Tower,0,16,8,0,24,0,8,0,0,8,0,24,8,0,32,0,0,0,32
07/12/2020,LEB,NH,ANE,EN,Federal Contract Tower,0,18,3,0,21,0,7,20,3,30,0,25,23,3,51,18,0,18,69
07/13/2020,LEB,NH,ANE,EN,Federal Contract Tower,0,10,3,0,13,0,22,30,0,52,0,32,33,0,65,38,0,38,103
07/14/2020,LEB,NH,ANE,EN,Federal Contract Tower,0,8,6,0,14,0,5,1,0,6,0,13,7,0,20,0,0,0,20
07/15/2020,LEB,NH,ANE,EN,Federal Contract Tower,0,9,6,0,15,0,13,37,4,54,0,22,43,4,69,24,0,24,93
07/16/2020,LEB,NH,ANE,EN,Federal Contract Tower,0,20,7,0,27,0,0,16,0,16,0,20,23,0,43,36,0,36,79
07/17/2020,LEB,NH,ANE,EN,Federal Contract Tower,0,24,11,0,35,0,3,12,0,15,0,27,23,0,50,0,0,0,50
07/18/2020,LEB,NH,ANE,EN,Federal Contract Tower,0,9,11,0,20,0,12,54,2,68,0,21,65,2,88,8,0,8,96
07/19/2020,LEB,NH,ANE,EN,Federal Contract Tower,0,11,9,0,20,0,14,43,1,58,0,25,52,1,78,18,0,18,96
07/20/2020,LEB,NH,ANE,EN,Federal Contract Tower,0,16,11,0,27,0,13,34,2,49,0,29,45,2,76,14,0,14,90
07/21/2020,LEB,NH,ANE,EN,Federal Contract Tower,0,14,7,1,22,0,9,64,0,73,0,23,71,1,95,34,0,34,129
07/22/2020,LEB,NH,ANE,EN,Federal Contract Tower,0,16,11,2,29,0,1,13,0,14,0,17,24,2,43,24,0,24,67
07/23/2020,LEB,NH,ANE,EN,Federal Contract Tower,0,20,11,0,31,0,0,1,0,1,0,20,12,0,32,0,0,0,32
07/24/2020,LEB,NH,ANE,EN,Federal Contract Tower,0,12,24,0,36,0,12,58,3,73,0,24,82,3,109,12,0,12,121
07/25/2020,LEB,NH,ANE,EN,Federal Contract Tower,0,19,9,0,28,0,18,67,0,85,0,37,76,0,113,66,0,66,179
07/26/2020,LEB,NH,ANE,EN,Federal Contract Tower,0,9,13,0,22,0,18,39,0,57,0,27,52,0,79,32,0,32,111
07/27/2020,LEB,NH,ANE,EN,Federal Contract Tower,0,20,2,0,22,0,9,23,0,32,0,29,25,0,54,16,0,16,70
07/28/2020,LEB,NH,ANE,EN,Federal Contract Tower,0,13,6,0,19,0,0,9,6,15,0,13,15,6,34,50,0,50,84
07/29/2020,LEB,NH,ANE,EN,Federal Contract Tower,0,17,10,0,27,0,7,56,2,65,0,24,66,2,92,50,8,58,150
07/30/2020,LEB,NH,ANE,EN,Federal Contract Tower,0,17,12,0,29,0,12,11,2,25,0,29,23,2,54,10,0,10,64
07/31/2020,LEB,NH,ANE,EN,Federal Contract Tower,0,16,13,0,29,0,13,48,2,63,0,29,61,2,92,56,0,56,148
08/01/2020,LEB,NH,ANE,EN,Federal Contract Tower,0,11,10,0,21,0,18,64,0,82,0,29,74,0,103,34,0,34,137
08/02/2020,LEB,NH,ANE,EN,Federal Contract Tower,0,12,15,0,27,0,14,35,0,49,0,26,50,0,76,24,0,24,100
08/03/2020,LEB,NH,ANE,EN,Federal Contract Tower,0,11,8,0,19,0,16,38,0,54,0,27,46,0,73,34,0,34,107
08/04/2020,LEB,NH,ANE,EN,Federal Contract Tower,0,8,3,0,11,0,0,0,0,0,0,8,3,0,11,0,0,0,11
08/05/2020,LEB,NH,ANE,EN,Federal Contract Tower,0,12,7,0,19,0,13,40,0,53,0,25,47,0,72,38,0,38,110
08/06/2020,LEB,NH,ANE,EN,Federal Contract Tower,0,7,6,0,13,0,17,36,1,54,0,24,42,1,67,50,0,50,117
08/07/2020,LEB,NH,ANE,EN,Federal Contract Tower,0,11,11,0,22,0,16,54,0,70,0,27,65,0,92,36,0,36,128
08/08/2020,LEB,NH,ANE,EN,Federal Contract Tower,0,16,9,0,25,0,10,49,0,59,0,26,58,0,84,12,0,12,96
08/09/2020,LEB,NH,ANE,EN,Federal Contract Tower,0,13,11,0,24,0,26,48,0,74,0,39,59,0,98,26,0,26,124
08/10/2020,LEB,NH,ANE,EN,Federal Contract Tower,0,14,12,1,27,0,15,59,12,86,0,29,71,13,113,36,16,52,165
08/11/2020,LEB,NH,ANE,EN,Federal Contract Tower,0,6,2,1,9,0,12,28,9,49,0,18,30,10,58,22,6,28,86
08/12/2020,LEB,NH,ANE,EN,Federal Contract Tower,0,9,6,2,17,0,8,42,0,50,0,17,48,2,67,22,0,22,89
08/13/2020,LEB,NH,ANE,EN,Federal Contract Tower,0,13,9,0,22,0,9,42,0,51,0,22,51,0,73,66,0,66,139
08/14/2020,LEB,NH,ANE,EN,Federal Contract Tower,0,12,10,0,22,0,19,42,0,61,0,31,52,0,83,22,0,22,105
08/15/2020,LEB,NH,ANE,EN,Federal Contract Tower,0,10,9,0,19,0,11,48,0,59,0,21,57,0,78,22,0,22,100
08/16/2020,LEB,NH,ANE,EN,Federal Contract Tower,0,24,10,0,34,0,11,13,0,24,0,35,23,0,58,34,0,34,92
08/17/2020,LEB,NH,ANE,EN,Federal Contract Tower,0,10,9,0,19,0,10,27,0,37,0,20,36,0,56,32,0,32,88
08/18/2020,LEB,NH,ANE,EN,Federal Contract Tower,0,16,8,0,24,0,6,20,2,28,0,22,28,2,52,0,0,0,52
08/19/2020,LEB,NH,ANE,EN,Federal Contract Tower,0,6,16,0,22,0,9,39,2,50,0,15,55,2,72,22,0,22,94
08/20/2020,LEB,NH,ANE,EN,Federal Contract Tower,0,6,16,0,22,0,8,48,0,56,0,14,64,0,78,32,4,36,114
08/21/2020,LEB,NH,ANE,EN,Federal Contract Tower,0,5,7,1,13,0,9,18,5,32,0,14,25,6,45,2,18,20,65
08/22/2020,LEB,NH,ANE,EN,Federal Contract Tower,0,17,5,0,22,0,13,28,0,41,0,30,33,0,63,6,0,6,69
08/23/2020,LEB,NH,ANE,EN,Federal Contract Tower,0,14,7,0,21,0,13,26,2,41,0,27,33,2,62,4,0,4,66
08/24/2020,LEB,NH,ANE,EN,Federal Contract Tower,0,9,4,0,13,0,14,15,0,29,0,23,19,0,42,4,0,4,46
08/25/2020,LEB,NH,ANE,EN,Federal Contract Tower,0,5,8,0,13,0,5,14,0,19,0,10,22,0,32,20,0,20,52
08/26/2020,LEB,NH,ANE,EN,Federal Contract Tower,0,8,11,0,19,0,20,33,0,53,0,28,44,0,72,26,0,26,98
08/27/2020,LEB,NH,ANE,EN,Federal Contract Tower,0,8,20,0,28,0,5,2,0,7,0,13,22,0,35,12,0,12,47
08/28/2020,LEB,NH,ANE,EN,Federal Contract Tower,0,11,10,0,21,0,16,39,0,55,0,27,49,0,76,16,0,16,92
08/29/2020,LEB,NH,ANE,EN,Federal Contract Tower,0,12,10,0,22,0,0,0,0,0,0,12,10,0,22,0,0,0,22
08/30/2020,LEB,NH,ANE,EN,Federal Contract Tower,0,9,6,0,15,0,17,30,0,47,0,26,36,0,62,0,0,0,62
08/31/2020,LEB,NH,ANE,EN,Federal Contract Tower,0,10,6,0,16,0,15,76,3,94,0,25,82,3,110,40,0,40,150
09/01/2020,LEB,NH,ANE,EN,Federal Contract Tower,0,10,13,0,23,0,12,28,0,40,0,22,41,0,63,40,0,40,103
09/02/2020,LEB,NH,ANE,EN,Federal Contract Tower,0,18,8,0,26,0,0,0,0,0,0,18,8,0,26,0,0,0,26
09/03/2020,LEB,NH,ANE,EN,Federal Contract Tower,0,13,17,0,30,0,6,33,0,39,0,19,50,0,69,18,0,18,87
09/04/2020,LEB,NH,ANE,EN,Federal Contract Tower,0,6,21,0,27,0,18,50,0,68,0,24,71,0,95,52,0,52,147
09/05/2020,LEB,NH,ANE,EN,Federal Contract Tower,0,12,4,0,16,0,19,58,0,77,0,31,62,0,93,0,0,0,93
09/06/2020,LEB,NH,ANE,EN,Federal Contract Tower,0,8,7,0,15,0,27,48,2,77,0,35,55,2,92,12,0,12,104
09/07/2020,LEB,NH,ANE,EN,Federal Contract Tower,0,15,11,0,26,0,10,33,0,43,0,25,44,0,69,0,0,0,69
09/08/2020,LEB,NH,ANE,EN,Federal Contract Tower,0,19,14,0,33,0,8,53,6,67,0,27,67,6,100,62,12,74,174
09/09/2020,LEB,NH,ANE,EN,Federal Contract Tower,0,13,12,0,25,0,9,55,0,64,0,22,67,0,89,26,0,26,115
09/10/2020,LEB,NH,ANE,EN,Federal Contract Tower,0,17,17,0,34,0,4,5,0,9,0,21,22,0,43,76,0,76,119
09/11/2020,LEB,NH,ANE,EN,Federal Contract Tower,0,17,13,0,30,0,14,39,0,53,0,31,52,0,83,16,0,16,99
09/12/2020,LEB,NH,ANE,EN,Federal Contract Tower,0,19,7,0,26,0,11,65,3,79,0,30,72,3,105,16,0,16,121
09/13/2020,LEB,NH,ANE,EN,Federal Contract Tower,0,18,19,0,37,0,22,18,0,40,0,40,37,0,77,16,0,16,93
09/14/2020,LEB,NH,ANE,EN,Federal Contract Tower,0,14,8,0,22,0,22,41,0,63,0,36,49,0,85,26,0,26,111
09/15/2020,LEB,NH,ANE,EN,Federal Contract Tower,0,20,9,0,29,0,26,37,2,65,0,46,46,2,94,28,0,28,122
09/16/2020,LEB,NH,ANE,EN,Federal Contract Tower,0,12,11,0,23,0,10,30,0,40,0,22,41,0,63,14,0,14,77
09/17/2020,LEB,NH,ANE,EN,Federal Contract Tower,0,17,15,0,32,0,5,27,0,32,0,22,42,0,64,32,0,32,96
09/18/2020,LEB,NH,ANE,EN,Federal Contract Tower,0,14,15,0,29,0,18,57,0,75,0,32,72,0,104,18,0,18,122
09/19/2020,LEB,NH,ANE,EN,Federal Contract Tower,0,5,14,0,19,0,18,63,0,81,0,23,77,0,100,66,0,66,166
09/20/2020,LEB,NH,ANE,EN,Federal Contract Tower,0,10,10,0,20,0,32,48,0,80,0,42,58,0,100,18,0,18,118
09/21/2020,LEB,NH,ANE,EN,Federal Contract Tower,0,13,19,0,32,0,22,51,2,75,0,35,70,2,107,48,0,48,155
09/22/2020,LEB,NH,ANE,EN,Federal Contract Tower,0,7,7,1,15,0,12,30,0,42,0,19,37,1,57,26,2,28,85
09/23/2020,LEB,NH,ANE,EN,Federal Contract Tower,0,8,3,1,12,0,9,32,3,44,0,17,35,4,56,34,0,34,90
09/24/2020,LEB,NH,ANE,EN,Federal Contract Tower,0,12,13,0,25,0,14,39,0,53,0,26,52,0,78,70,0,70,148
09/25/2020,LEB,NH,ANE,EN,Federal Contract Tower,0,13,11,1,25,0,14,71,1,86,0,27,82,2,111,58,0,58,169
09/26/2020,LEB,NH,ANE,EN,Federal Contract Tower,0,15,2,0,17,0,17,38,0,55,0,32,40,0,72,4,0,4,76
09/27/2020,LEB,NH,ANE,EN,Federal Contract Tower,0,23,16,0,39,0,21,23,0,44,0,44,39,0,83,2,0,2,85
09/28/2020,LEB,NH,ANE,EN,Federal Contract Tower,0,20,5,0,25,0,8,40,0,48,0,28,45,0,73,80,0,80,153
09/29/2020,LEB,NH,ANE,EN,Federal Contract Tower,0,12,8,0,20,0,6,9,0,15,0,18,17,0,35,98,0,98,133
09/30/2020,LEB,NH,ANE,EN,Federal Contract Tower,0,10,5,0,15,0,2,6,0,8,0,12,11,0,23,42,0,42,65
10/01/2020,LEB,NH,ANE,EN,Federal Contract Tower,0,16,18,0,34,0,13,53,4,70,0,29,71,4,104,96,2,98,202
10/02/2020,LEB,NH,ANE,EN,Federal Contract Tower,0,19,12,0,31,0,3,4,0,7,0,22,16,0,38,6,0,6,44
10/03/2020,LEB,NH,ANE,EN,Federal Contract Tower,0,10,7,0,17,0,14,49,0,63,0,24,56,0,80,14,0,14,94
10/04/2020,LEB,NH,ANE,EN,Federal Contract Tower,0,21,20,2,43,0,11,48,1,60,0,32,68,3,103,32,0,32,135
10/05/2020,LEB,NH,ANE,EN,Federal Contract Tower,0,21,21,0,42,0,22,65,0,87,0,43,86,0,129,42,0,42,171
10/06/2020,LEB,NH,ANE,EN,Federal Contract Tower,0,15,8,2,25,0,8,41,2,51,0,23,49,4,76,24,0,24,100
10/07/2020,LEB,NH,ANE,EN,Federal Contract Tower,0,6,4,0,10,0,5,16,0,21,0,11,20,0,31,16,0,16,47
10/08/2020,LEB,NH,ANE,EN,Federal Contract Tower,0,6,15,2,23,0,8,12,0,20,0,14,27,2,43,20,10,30,73
10/09/2020,LEB,NH,ANE,EN,Federal Contract Tower,0,15,7,0,22,0,18,61,0,79,0,33,68,0,101,30,0,30,131
10/10/2020,LEB,NH,ANE,EN,Federal Contract Tower,0,8,5,0,13,0,9,12,0,21,0,17,17,0,34,0,0,0,34
10/11/2020,LEB,NH,ANE,EN,Federal Contract Tower,0,16,14,0,30,0,10,47,0,57,0,26,61,0,87,26,0,26,113
10/12/2020,LEB,NH,ANE,EN,Federal Contract Tower,0,20,15,1,36,0,8,52,0,60,0,28,67,1,96,40,0,40,136
10/13/2020,LEB,NH,ANE,EN,Federal Contract Tower,0,17,8,0,25,0,0,0,0,0,0,17,8,0,25,0,0,0,25
10/14/2020,LEB,NH,ANE,EN,Federal Contract Tower,0,12,11,0,23,0,5,28,3,36,0,17,39,3,59,26,0,26,85
10/15/2020,LEB,NH,ANE,EN,Federal Contract Tower,0,15,12,1,28,0,12,53,3,68,0,27,65,4,96,24,0,24,120
10/16/2020,LEB,NH,ANE,EN,Federal Contract Tower,0,20,17,0,37,0,0,0,0,0,0,20,17,0,37,0,0,0,37
10/17/2020,LEB,NH,ANE,EN,Federal Contract Tower,0,15,8,2,25,0,10,33,0,43,0,25,41,2,68,14,0,14,82
10/18/2020,LEB,NH,ANE,EN,Federal Contract Tower,0,15,10,0,25,0,9,70,0,79,0,24,80,0,104,60,0,60,164
10/19/2020,LEB,NH,ANE,EN,Federal Contract Tower,0,16,11,0,27,0,9,61,0,70,0,25,72,0,97,44,0,44,141
10/20/2020,LEB,NH,ANE,EN,Federal Contract Tower,0,20,6,0,26,0,0,0,0,0,0,20,6,0,26,0,0,0,26
10/21/2020,LEB,NH,ANE,EN,Federal Contract Tower,0,13,9,0,22,0,1,10,0,11,0,14,19,0,33,14,0,14,47
10/22/2020,LEB,NH,ANE,EN,Federal Contract Tower,0,21,12,0,33,0,8,75,2,85,0,29,87,2,118,50,0,50,168
10/23/2020,LEB,NH,ANE,EN,Federal Contract Tower,0,21,11,0,32,0,0,1,0,1,0,21,12,0,33,0,0,0,33
10/24/2020,LEB,NH,ANE,EN,Federal Contract Tower,0,19,15,0,34,0,6,24,0,30,0,25,39,0,64,22,0,22,86
10/25/2020,LEB,NH,ANE,EN,Federal Contract Tower,0,24,11,1,36,0,13,54,0,67,0,37,65,1,103,58,2,60,163
10/26/2020,LEB,NH,ANE,EN,Federal Contract Tower,0,15,6,0,21,0,0,0,0,0,0,15,6,0,21,0,0,0,21
10/27/2020,LEB,NH,ANE,EN,Federal Contract Tower,0,13,6,0,19,0,12,18,2,32,0,25,24,2,51,48,0,48,99
10/28/2020,LEB,NH,ANE,EN,Federal Contract Tower,0,13,7,0,20,0,0,4,0,4,0,13,11,0,24,4,0,4,28
10/29/2020,LEB,NH,ANE,EN,Federal Contract Tower,0,13,5,0,18,0,0,0,0,0,0,13,5,0,18,0,0,0,18
10/30/2020,LEB,NH,ANE,EN,Federal Contract Tower,0,14,1,0,15,0,8,22,0,30,0,22,23,0,45,18,0,18,63
10/31/2020,LEB,NH,ANE,EN,Federal Contract Tower,0,8,15,0,23,0,13,60,0,73,0,21,75,0,96,54,0,54,150
11/01/2020,LEB,NH,ANE,EN,Federal Contract Tower,0,18,0,0,18,0,1,5,0,6,0,19,5,0,24,6,0,6,30
11/02/2020,LEB,NH,ANE,EN,Federal Contract Tower,0,17,2,0,19,0,6,0,0,6,0,23,2,0,25,0,0,0,25
11/03/2020,LEB,NH,ANE,EN,Federal Contract Tower,0,14,3,0,17,0,3,8,2,13,0,17,11,2,30,6,0,6,36
11/04/2020,LEB,NH,ANE,EN,Federal Contract Tower,0,14,8,0,22,0,8,34,2,44,0,22,42,2,66,24,0,24,90
11/05/2020,LEB,NH,ANE,EN,Federal Contract Tower,0,7,3,0,10,0,7,35,0,42,0,14,38,0,52,26,0,26,78
11/06/2020,LEB,NH,ANE,EN,Federal Contract Tower,0,19,13,2,34,0,12,41,3,56,0,31,54,5,90,32,0,32,122
11/07/2020,LEB,NH,ANE,EN,Federal Contract Tower,0,9,10,0,19,0,9,50,4,63,0,18,60,4,82,16,12,28,110
11/08/2020,LEB,NH,ANE,EN,Federal Contract Tower,0,8,8,1,17,0,19,51,2,72,0,27,59,3,89,26,0,26,115
11/09/2020,LEB,NH,ANE,EN,Federal Contract Tower,0,14,9,0,23,0,21,45,0,66,0,35,54,0,89,46,0,46,135
11/10/2020,LEB,NH,ANE,EN,Federal Contract Tower,0,16,9,0,25,0,17,47,4,68,0,33,56,4,93,54,0,54,147
11/11/2020,LEB,NH,ANE,EN,Federal Contract Tower,0,18,3,0,21,0,1,11,0,12,0,19,14,0,33,26,0,26,59
11/12/2020,LEB,NH,ANE,EN,Federal Contract Tower,0,14,7,0,21,0,7,21,0,28,0,21,28,0,49,54,0,54,103
11/13/2020,LEB,NH,ANE,EN,Federal Contract Tower,0,15,7,0,22,0,0,4,0,4,0,15,11,0,26,4,0,4,30
11/14/2020,LEB,NH,ANE,EN,Federal Contract Tower,0,13,3,0,16,0,10,43,0,53,0,23,46,0,69,16,0,16,85
11/15/2020,LEB,NH,ANE,EN,Federal Contract Tower,0,7,8,0,15,0,13,30,0,43,0,20,38,0,58,54,0,54,112
11/16/2020,LEB,NH,ANE,EN,Federal Contract Tower,0,15,8,2,25,0,13,26,0,39,0,28,34,2,64,18,0,18,82
11/17/2020,LEB,NH,ANE,EN,Federal Contract Tower,0,15,0,0,15,0,3,14,0,17,0,18,14,0,32,46,0,46,78
11/18/2020,LEB,NH,ANE,EN,Federal Contract Tower,11,0,4,0,15,2,0,2,0,4,13,0,6,0,19,12,0,12,31
11/19/2020,LEB,NH,ANE,EN,Federal Contract Tower,0,12,14,0,26,0,10,30,0,40,0,22,44,0,66,30,0,30,96
11/20/2020,LEB,NH,ANE,EN,Federal Contract Tower,0,9,6,0,15,0,17,43,0,60,0,26,49,0,75,40,0,40,115
11/21/2020,LEB,NH,ANE,EN,Federal Contract Tower,0,11,14,0,25,0,14,52,0,66,0,25,66,0,91,62,0,62,153
11/22/2020,LEB,NH,ANE,EN,Federal Contract Tower,0,10,13,0,23,0,7,51,0,58,0,17,64,0,81,66,0,66,147
11/23/2020,LEB,NH,ANE,EN,Federal Contract Tower,0,16,6,0,22,0,0,1,0,1,0,16,7,0,23,0,0,0,23
11/24/2020,LEB,NH,ANE,EN,Federal Contract Tower,0,13,7,0,20,0,23,7,0,30,0,36,14,0,50,32,0,32,82
11/25/2020,LEB,NH,ANE,EN,Federal Contract Tower,0,14,5,0,19,0,5,3,0,8,0,19,8,0,27,0,0,0,27
11/26/2020,LEB,NH,ANE,EN,Federal Contract Tower,0,11,0,0,11,0,0,0,0,0,0,11,0,0,11,0,0,0,11
11/27/2020,LEB,NH,ANE,EN,Federal Contract Tower,0,14,4,0,18,0,0,1,0,1,0,14,5,0,19,0,0,0,19
11/28/2020,LEB,NH,ANE,EN,Federal Contract Tower,0,16,1,0,17,0,10,18,0,28,0,26,19,0,45,0,0,0,45
11/29/2020,LEB,NH,ANE,EN,Federal Contract Tower,0,10,15,0,25,0,13,88,4,105,0,23,103,4,130,18,6,24,154
11/30/2020,LEB,NH,ANE,EN,Federal Contract Tower,0,9,1,0,10,0,1,1,0,2,0,10,2,0,12,0,0,0,12
12/01/2020,LEB,NH,ANE,EN,Federal Contract Tower,0,14,8,0,22,0,10,1,0,11,0,24,9,0,33,0,0,0,33
12/02/2020,LEB,NH,ANE,EN,Federal Contract Tower,0,9,2,0,11,0,6,6,0,12,0,15,8,0,23,0,0,0,23
12/03/2020,LEB,NH,ANE,EN,Federal Contract Tower,0,10,14,0,24,0,7,57,0,64,0,17,71,0,88,50,0,50,138
12/04/2020,LEB,NH,ANE,EN,Federal Contract Tower,0,11,7,0,18,0,7,39,0,46,0,18,46,0,64,14,0,14,78
12/05/2020,LEB,NH,ANE,EN,Federal Contract Tower,0,4,1,0,5,0,0,0,0,0,0,4,1,0,5,0,0,0,5
12/06/2020,LEB,NH,ANE,EN,Federal Contract Tower,0,12,0,0,12,0,8,0,0,8,0,20,0,0,20,0,0,0,20
12/07/2020,LEB,NH,ANE,EN,Federal Contract Tower,0,12,7,0,19,0,6,11,0,17,0,18,18,0,36,6,0,6,42
12/08/2020,LEB,NH,ANE,EN,Federal Contract Tower,0,13,4,0,17,0,0,2,0,2,0,13,6,0,19,4,0,4,23
12/09/2020,LEB,NH,ANE,EN,Federal Contract Tower,0,15,6,0,21,0,6,7,0,13,0,21,13,0,34,0,0,0,34
12/10/2020,LEB,NH,ANE,EN,Federal Contract Tower,0,7,5,0,12,0,4,8,0,12,0,11,13,0,24,34,0,34,58
12/11/2020,LEB,NH,ANE,EN,Federal Contract Tower,0,7,7,0,14,0,14,40,0,54,0,21,47,0,68,44,0,44,112
12/12/2020,LEB,NH,ANE,EN,Federal Contract Tower,0,7,4,0,11,0,1,6,0,7,0,8,10,0,18,10,0,10,28
12/13/2020,LEB,NH,ANE,EN,Federal Contract Tower,0,11,4,0,15,0,5,2,0,7,0,16,6,0,22,0,0,0,22
12/14/2020,LEB,NH,ANE,EN,Federal Contract Tower,0,14,3,1,18,0,8,0,1,9,0,22,3,2,27,0,0,0,27
12/15/2020,LEB,NH,ANE,EN,Federal Contract Tower,0,10,4,0,14,0,16,16,4,36,0,26,20,4,50,0,4,4,54
12/16/2020,LEB,NH,ANE,EN,Federal Contract Tower,0,8,2,0,10,0,10,8,0,18,0,18,10,0,28,8,6,14,42
12/17/2020,LEB,NH,ANE,EN,Federal Contract Tower,0,0,0,0,0,0,0,0,0,0,0,0,0,0,0,0,0,0,0
12/18/2020,LEB,NH,ANE,EN,Federal Contract Tower,0,6,2,0,8,0,1,3,0,4,0,7,5,0,12,0,0,0,12
12/19/2020,LEB,NH,ANE,EN,Federal Contract Tower,0,9,12,0,21,0,12,24,0,36,0,21,36,0,57,12,0,12,69
12/20/2020,LEB,NH,ANE,EN,Federal Contract Tower,0,15,5,0,20,0,4,8,0,12,0,19,13,0,32,2,0,2,34
12/21/2020,LEB,NH,ANE,EN,Federal Contract Tower,0,16,2,1,19,0,0,1,0,1,0,16,3,1,20,0,0,0,20
12/22/2020,LEB,NH,ANE,EN,Federal Contract Tower,0,6,12,0,18,0,7,7,0,14,0,13,19,0,32,20,0,20,52
12/23/2020,LEB,NH,ANE,EN,Federal Contract Tower,0,11,12,0,23,0,15,33,0,48,0,26,45,0,71,32,0,32,103
12/24/2020,LEB,NH,ANE,EN,Federal Contract Tower,0,8,0,0,8,0,1,0,0,1,0,9,0,0,9,2,0,2,11
12/25/2020,LEB,NH,ANE,EN,Federal Contract Tower,0,0,2,0,2,0,0,0,0,0,0,0,2,0,2,0,0,0,2
12/26/2020,LEB,NH,ANE,EN,Federal Contract Tower,0,13,8,0,21,0,1,6,0,7,0,14,14,0,28,6,0,6,34
12/27/2020,LEB,NH,ANE,EN,Federal Contract Tower,0,17,9,0,26,0,11,21,2,34,0,28,30,2,60,12,0,12,72
12/28/2020,LEB,NH,ANE,EN,Federal Contract Tower,0,11,2,0,13,0,7,0,0,7,0,18,2,0,20,0,0,0,20
12/29/2020,LEB,NH,ANE,EN,Federal Contract Tower,0,13,1,2,16,0,10,32,2,44,0,23,33,4,60,2,18,20,80
12/30/2020,LEB,NH,ANE,EN,Federal Contract Tower,0,12,7,0,19,0,10,31,2,43,0,22,38,2,62,22,4,26,88
12/31/2020,LEB,NH,ANE,EN,Federal Contract Tower,0,11,5,0,16,0,5,21,1,27,0,16,26,1,43,6,0,6,49
01/01/2021,LEB,NH,ANE,EN,Federal Contract Tower,0,5,8,0,13,0,16,48,0,64,0,21,56,0,77,30,0,30,107
01/02/2021,LEB,NH,ANE,EN,Federal Contract Tower,0,9,4,0,13,0,0,0,0,0,0,9,4,0,13,0,0,0,13
01/03/2021,LEB,NH,ANE,EN,Federal Contract Tower,0,19,5,0,24,0,2,0,0,2,0,21,5,0,26,0,0,0,26
01/04/2021,LEB,NH,ANE,EN,Federal Contract Tower,0,21,2,0,23,0,5,18,0,23,0,26,20,0,46,10,0,10,56
01/05/2021,LEB,NH,ANE,EN,Federal Contract Tower,0,21,1,0,22,0,0,0,0,0,0,21,1,0,22,0,0,0,22
01/06/2021,LEB,NH,ANE,EN,Federal Contract Tower,0,14,10,0,24,0,2,2,0,4,0,16,12,0,28,14,0,14,42
01/07/2021,LEB,NH,ANE,EN,Federal Contract Tower,0,14,8,0,22,0,4,3,1,8,0,18,11,1,30,8,0,8,38
01/08/2021,LEB,NH,ANE,EN,Federal Contract Tower,0,11,8,2,21,0,15,25,2,42,0,26,33,4,63,22,2,24,87
01/09/2021,LEB,NH,ANE,EN,Federal Contract Tower,0,11,10,2,23,0,13,28,0,41,0,24,38,2,64,6,0,6,70
01/10/2021,LEB,NH,ANE,EN,Federal Contract Tower,0,13,6,0,19,0,19,31,0,50,0,32,37,0,69,20,0,20,89
01/11/2021,LEB,NH,ANE,EN,Federal Contract Tower,0,15,8,0,23,0,9,23,0,32,0,24,31,0,55,0,0,0,55
01/12/2021,LEB,NH,ANE,EN,Federal Contract Tower,0,7,5,0,12,0,12,17,0,29,0,19,22,0,41,18,0,18,59
01/13/2021,LEB,NH,ANE,EN,Federal Contract Tower,0,17,4,0,21,0,10,29,0,39,0,27,33,0,60,70,0,70,130
01/14/2021,LEB,NH,ANE,EN,Federal Contract Tower,0,13,1,0,14,0,2,15,0,17,0,15,16,0,31,40,0,40,71
01/15/2021,LEB,NH,ANE,EN,Federal Contract Tower,0,15,7,0,22,0,4,1,0,5,0,19,8,0,27,4,0,4,31
01/16/2021,LEB,NH,ANE,EN,Federal Contract Tower,0,15,3,0,18,0,0,0,0,0,0,15,3,0,18,0,0,0,18
01/17/2021,LEB,NH,ANE,EN,Federal Contract Tower,0,14,2,0,16,0,6,0,0,6,0,20,2,0,22,0,0,0,22
01/18/2021,LEB,NH,ANE,EN,Federal Contract Tower,0,14,3,0,17,0,9,2,0,11,0,23,5,0,28,6,0,6,34
01/19/2021,LEB,NH,ANE,EN,Federal Contract Tower,0,7,14,0,21,0,7,12,0,19,0,14,26,0,40,10,0,10,50
01/20/2021,LEB,NH,ANE,EN,Federal Contract Tower,0,11,9,0,20,0,3,20,0,23,0,14,29,0,43,12,0,12,55
01/21/2021,LEB,NH,ANE,EN,Federal Contract Tower,0,16,14,0,30,0,2,0,0,2,0,18,14,0,32,0,0,0,32
01/22/2021,LEB,NH,ANE,EN,Federal Contract Tower,0,10,10,0,20,0,2,0,0,2,0,12,10,0,22,2,0,2,24
01/23/2021,LEB,NH,ANE,EN,Federal Contract Tower,0,10,10,0,20,0,6,12,2,20,0,16,22,2,40,4,0,4,44
01/24/2021,LEB,NH,ANE,EN,Federal Contract Tower,0,10,9,0,19,0,11,31,2,44,0,21,40,2,63,20,0,20,83
01/25/2021,LEB,NH,ANE,EN,Federal Contract Tower,0,21,1,0,22,0,23,37,2,62,0,44,38,2,84,18,2,20,104
01/26/2021,LEB,NH,ANE,EN,Federal Contract Tower,0,9,2,0,11,0,4,6,0,10,0,13,8,0,21,14,0,14,35
01/27/2021,LEB,NH,ANE,EN,Federal Contract Tower,0,10,0,0,10,0,1,2,0,3,0,11,2,0,13,0,0,0,13
01/28/2021,LEB,NH,ANE,EN,Federal Contract Tower,0,13,7,0,20,0,0,3,0,3,0,13,10,0,23,18,0,18,41
01/29/2021,LEB,NH,ANE,EN,Federal Contract Tower,0,18,1,0,19,0,16,17,0,33,0,34,18,0,52,4,0,4,56
01/30/2021,LEB,NH,ANE,EN,Federal Contract Tower,0,10,11,0,21,0,21,15,9,45,0,31,26,9,66,6,0,6,72
01/31/2021,LEB,NH,ANE,EN,Federal Contract Tower,0,7,10,0,17,0,16,52,2,70,0,23,62,2,87,18,0,18,105
02/01/2021,LEB,NH,ANE,EN,Federal Contract Tower,0,6,5,0,11,0,0,1,0,1,0,6,6,0,12,0,0,0,12
02/02/2021,LEB,NH,ANE,EN,Federal Contract Tower,0,0,0,0,0,0,0,0,0,0,0,0,0,0,0,0,0,0,0
02/03/2021,LEB,NH,ANE,EN,Federal Contract Tower,0,18,1,0,19,0,0,0,0,0,0,18,1,0,19,0,0,0,19
02/04/2021,LEB,NH,ANE,EN,Federal Contract Tower,0,10,7,0,17,0,6,12,0,18,0,16,19,0,35,20,10,30,65
02/05/2021,LEB,NH,ANE,EN,Federal Contract Tower,0,9,1,0,10,0,1,2,0,3,0,10,3,0,13,4,0,4,17
02/06/2021,LEB,NH,ANE,EN,Federal Contract Tower,0,11,6,1,18,0,9,8,1,18,0,20,14,2,36,6,0,6,42
02/07/2021,LEB,NH,ANE,EN,Federal Contract Tower,0,6,6,0,12,0,2,0,0,2,0,8,6,0,14,0,0,0,14
02/08/2021,LEB,NH,ANE,EN,Federal Contract Tower,0,15,11,0,26,0,21,20,0,41,0,36,31,0,67,32,0,32,99
02/09/2021,LEB,NH,ANE,EN,Federal Contract Tower,0,10,1,0,11,0,0,0,0,0,0,10,1,0,11,0,0,0,11
02/10/2021,LEB,NH,ANE,EN,Federal Contract Tower,0,15,6,0,21,0,6,9,0,15,0,21,15,0,36,2,0,2,38
02/11/2021,LEB,NH,ANE,EN,Federal Contract Tower,0,8,5,0,13,0,7,11,0,18,0,15,16,0,31,16,0,16,47
02/12/2021,LEB,NH,ANE,EN,Federal Contract Tower,0,11,7,0,18,0,15,37,0,52,0,26,44,0,70,0,0,0,70
02/13/2021,LEB,NH,ANE,EN,Federal Contract Tower,0,6,14,0,20,0,13,29,0,42,0,19,43,0,62,10,2,12,74
02/14/2021,LEB,NH,ANE,EN,Federal Contract Tower,0,18,3,0,21,0,1,1,0,2,0,19,4,0,23,2,0,2,25
02/15/2021,LEB,NH,ANE,EN,Federal Contract Tower,0,11,3,0,14,0,2,6,0,8,0,13,9,0,22,18,0,18,40
02/16/2021,LEB,NH,ANE,EN,Federal Contract Tower,0,8,0,0,8,0,0,0,0,0,0,8,0,0,8,0,0,0,8
02/17/2021,LEB,NH,ANE,EN,Federal Contract Tower,0,8,8,2,18,0,13,27,2,42,0,21,35,4,60,20,0,20,80
02/18/2021,LEB,NH,ANE,EN,Federal Contract Tower,0,7,4,0,11,0,5,9,0,14,0,12,13,0,25,0,2,2,27
02/19/2021,LEB,NH,ANE,EN,Federal Contract Tower,0,15,2,0,17,0,0,0,0,0,0,15,2,0,17,0,0,0,17
02/20/2021,LEB,NH,ANE,EN,Federal Contract Tower,0,15,5,0,20,0,5,8,0,13,0,20,13,0,33,0,0,0,33
02/21/2021,LEB,NH,ANE,EN,Federal Contract Tower,0,7,7,0,14,0,23,41,0,64,0,30,48,0,78,38,0,38,116
02/22/2021,LEB,NH,ANE,EN,Federal Contract Tower,0,8,1,0,9,0,4,3,0,7,0,12,4,0,16,10,0,10,26
02/23/2021,LEB,NH,ANE,EN,Federal Contract Tower,10,4,0,0,14,0,4,2,0,6,10,8,2,0,20,32,0,32,52
02/24/2021,LEB,NH,ANE,EN,Federal Contract Tower,0,12,7,0,19,0,10,14,2,26,0,22,21,2,45,32,0,32,77
02/25/2021,LEB,NH,ANE,EN,Federal Contract Tower,0,8,9,0,17,0,4,5,0,9,0,12,14,0,26,2,0,2,28
02/26/2021,LEB,NH,ANE,EN,Federal Contract Tower,0,6,9,0,15,0,16,54,2,72,0,22,63,2,87,50,6,56,143
02/27/2021,LEB,NH,ANE,EN,Federal Contract Tower,0,10,6,0,16,0,0,0,0,0,0,10,6,0,16,0,0,0,16
02/28/2021,LEB,NH,ANE,EN,Federal Contract Tower,0,16,3,2,21,0,8,29,6,43,0,24,32,8,64,30,2,32,96
03/01/2021,LEB,NH,ANE,EN,Federal Contract Tower,0,13,1,0,14,0,0,0,0,0,0,13,1,0,14,0,0,0,14
03/02/2021,LEB,NH,ANE,EN,Federal Contract Tower,0,2,3,0,5,0,4,1,0,5,0,6,4,0,10,0,0,0,10
03/03/2021,LEB,NH,ANE,EN,Federal Contract Tower,0,5,4,0,9,0,8,32,0,40,0,13,36,0,49,64,0,64,113
03/04/2021,LEB,NH,ANE,EN,Federal Contract Tower,0,11,6,0,17,0,5,12,0,17,0,16,18,0,34,18,0,18,52
03/05/2021,LEB,NH,ANE,EN,Federal Contract Tower,0,9,2,0,11,0,17,16,0,33,0,26,18,0,44,4,0,4,48
03/06/2021,LEB,NH,ANE,EN,Federal Contract Tower,0,21,14,1,36,0,13,49,4,66,0,34,63,5,102,10,10,20,122
03/07/2021,LEB,NH,ANE,EN,Federal Contract Tower,0,5,6,4,15,0,21,52,6,79,0,26,58,10,94,22,4,26,120
03/08/2021,LEB,NH,ANE,EN,Federal Contract Tower,0,6,7,0,13,0,24,23,0,47,0,30,30,0,60,14,0,14,74
03/09/2021,LEB,NH,ANE,EN,Federal Contract Tower,0,6,6,0,12,0,18,26,0,44,0,24,32,0,56,18,0,18,74
03/10/2021,LEB,NH,ANE,EN,Federal Contract Tower,0,6,8,1,15,0,13,28,2,43,0,19,36,3,58,54,10,64,122
03/11/2021,LEB,NH,ANE,EN,Federal Contract Tower,0,7,3,2,12,0,6,17,0,23,0,13,20,2,35,2,0,2,37
03/12/2021,LEB,NH,ANE,EN,Federal Contract Tower,0,9,8,0,17,0,15,20,0,35,0,24,28,0,52,2,0,2,54
03/13/2021,LEB,NH,ANE,EN,Federal Contract Tower,0,5,6,0,11,0,14,30,0,44,0,19,36,0,55,2,0,2,57
03/14/2021,LEB,NH,ANE,EN,Federal Contract Tower,0,17,7,0,24,0,4,6,0,10,0,21,13,0,34,8,0,8,42
03/15/2021,LEB,NH,ANE,EN,Federal Contract Tower,0,9,3,0,12,0,6,6,6,18,0,15,9,6,30,0,0,0,30
03/16/2021,LEB,NH,ANE,EN,Federal Contract Tower,0,5,3,0,8,0,10,39,0,49,0,15,42,0,57,106,0,106,163
03/17/2021,LEB,NH,ANE,EN,Federal Contract Tower,0,8,9,0,17,0,11,49,3,63,0,19,58,3,80,118,0,118,198
03/18/2021,LEB,NH,ANE,EN,Federal Contract Tower,0,11,3,0,14,0,6,0,0,6,0,17,3,0,20,0,0,0,20
03/19/2021,LEB,NH,ANE,EN,Federal Contract Tower,0,5,5,0,10,0,17,49,0,66,0,22,54,0,76,34,0,34,110
03/20/2021,LEB,NH,ANE,EN,Federal Contract Tower,0,4,18,0,22,0,14,50,0,64,0,18,68,0,86,24,0,24,110
03/21/2021,LEB,NH,ANE,EN,Federal Contract Tower,0,8,14,1,23,0,17,57,3,77,0,25,71,4,100,18,0,18,118
03/22/2021,LEB,NH,ANE,EN,Federal Contract Tower,0,24,8,0,32,0,28,42,0,70,0,52,50,0,102,36,0,36,138
03/23/2021,LEB,NH,ANE,EN,Federal Contract Tower,0,5,2,0,7,0,15,29,0,44,0,20,31,0,51,16,0,16,67
03/24/2021,LEB,NH,ANE,EN,Federal Contract Tower,0,10,13,0,23,0,12,24,0,36,0,22,37,0,59,30,0,30,89
03/25/2021,LEB,NH,ANE,EN,Federal Contract Tower,0,11,11,1,23,0,8,9,3,20,0,19,20,4,43,2,4,6,49
03/26/2021,LEB,NH,ANE,EN,Federal Contract Tower,0,16,9,0,25,0,0,8,0,8,0,16,17,0,33,16,0,16,49
03/27/2021,LEB,NH,ANE,EN,Federal Contract Tower,0,13,9,0,22,0,18,58,2,78,0,31,67,2,100,70,0,70,170
03/28/2021,LEB,NH,ANE,EN,Federal Contract Tower,0,16,5,0,21,0,0,0,0,0,0,16,5,0,21,0,0,0,21
03/29/2021,LEB,NH,ANE,EN,Federal Contract Tower,0,9,1,0,10,0,9,2,0,11,0,18,3,0,21,8,0,8,29
03/30/2021,LEB,NH,ANE,EN,Federal Contract Tower,0,8,9,1,18,0,26,30,2,58,0,34,39,3,76,28,4,32,108
03/31/2021,LEB,NH,ANE,EN,Federal Contract Tower,0,13,3,0,16,0,2,4,0,6,0,15,7,0,22,2,0,2,24
04/01/2021,LEB,NH,ANE,EN,Federal Contract Tower,0,15,4,0,19,0,0,2,0,2,0,15,6,0,21,28,0,28,49
04/02/2021,LEB,NH,ANE,EN,Federal Contract Tower,0,14,8,0,22,0,7,21,4,32,0,21,29,4,54,10,0,10,64
04/03/2021,LEB,NH,ANE,EN,Federal Contract Tower,0,6,10,0,16,0,13,39,0,52,0,19,49,0,68,42,0,42,110
04/04/2021,LEB,NH,ANE,EN,Federal Contract Tower,0,10,5,0,15,0,17,51,0,68,0,27,56,0,83,12,0,12,95
04/05/2021,LEB,NH,ANE,EN,Federal Contract Tower,0,21,2,0,23,0,30,32,0,62,0,51,34,0,85,14,0,14,99
04/06/2021,LEB,NH,ANE,EN,Federal Contract Tower,0,12,5,0,17,0,7,40,2,49,0,19,45,2,66,24,0,24,90
04/07/2021,LEB,NH,ANE,EN,Federal Contract Tower,0,10,9,1,20,0,11,22,0,33,0,21,31,1,53,24,0,24,77
04/08/2021,LEB,NH,ANE,EN,Federal Contract Tower,0,11,10,1,22,0,13,56,3,72,0,24,66,4,94,60,2,62,156
04/09/2021,LEB,NH,ANE,EN,Federal Contract Tower,0,9,9,0,18,0,15,49,0,64,0,24,58,0,82,12,2,14,96
04/10/2021,LEB,NH,ANE,EN,Federal Contract Tower,0,6,9,0,15,0,14,58,1,73,0,20,67,1,88,66,0,66,154
04/11/2021,LEB,NH,ANE,EN,Federal Contract Tower,0,13,7,0,20,0,21,23,0,44,0,34,30,0,64,6,0,6,70
04/12/2021,LEB,NH,ANE,EN,Federal Contract Tower,0,14,7,0,21,0,16,15,0,31,0,30,22,0,52,20,0,20,72
04/13/2021,LEB,NH,ANE,EN,Federal Contract Tower,0,16,7,0,23,0,11,33,2,46,0,27,40,2,69,94,0,94,163
04/14/2021,LEB,NH,ANE,EN,Federal Contract Tower,0,7,9,0,16,0,13,19,2,34,0,20,28,2,50,8,0,8,58
04/15/2021,LEB,NH,ANE,EN,Federal Contract Tower,0,19,2,0,21,0,0,0,0,0,0,19,2,0,21,0,0,0,21
04/16/2021,LEB,NH,ANE,EN,Federal Contract Tower,0,8,4,0,12,0,0,0,0,0,0,8,4,0,12,0,0,0,12
04/17/2021,LEB,NH,ANE,EN,Federal Contract Tower,0,18,5,0,23,0,3,2,0,5,0,21,7,0,28,16,0,16,44
04/18/2021,LEB,NH,ANE,EN,Federal Contract Tower,0,11,7,0,18,0,7,27,3,37,0,18,34,3,55,50,0,50,105
04/19/2021,LEB,NH,ANE,EN,Federal Contract Tower,0,13,6,0,19,0,23,50,0,73,0,36,56,0,92,74,0,74,166
04/20/2021,LEB,NH,ANE,EN,Federal Contract Tower,0,8,12,0,20,0,17,28,4,49,0,25,40,4,69,64,0,64,133
04/21/2021,LEB,NH,ANE,EN,Federal Contract Tower,0,14,3,0,17,0,0,0,0,0,0,14,3,0,17,0,0,0,17
04/22/2021,LEB,NH,ANE,EN,Federal Contract Tower,0,14,10,0,24,0,6,0,0,6,0,20,10,0,30,0,0,0,30
04/23/2021,LEB,NH,ANE,EN,Federal Contract Tower,0,14,6,0,20,0,4,12,0,16,0,18,18,0,36,6,0,6,42
04/24/2021,LEB,NH,ANE,EN,Federal Contract Tower,0,11,12,0,23,0,8,29,6,43,0,19,41,6,66,48,0,48,114
04/25/2021,LEB,NH,ANE,EN,Federal Contract Tower,0,18,7,0,25,0,9,11,0,20,0,27,18,0,45,20,0,20,65
04/26/2021,LEB,NH,ANE,EN,Federal Contract Tower,0,11,8,0,19,0,16,15,0,31,0,27,23,0,50,8,0,8,58
04/27/2021,LEB,NH,ANE,EN,Federal Contract Tower,0,6,13,1,20,0,9,48,0,57,0,15,61,1,77,36,2,38,115
04/28/2021,LEB,NH,ANE,EN,Federal Contract Tower,0,13,12,4,29,0,5,6,0,11,0,18,18,4,40,2,0,2,42
04/29/2021,LEB,NH,ANE,EN,Federal Contract Tower,0,13,4,0,17,0,0,0,0,0,0,13,4,0,17,0,0,0,17
04/30/2021,LEB,NH,ANE,EN,Federal Contract Tower,0,15,9,0,24,0,0,0,0,0,0,15,9,0,24,0,0,0,24
05/01/2021,LEB,NH,ANE,EN,Federal Contract Tower,0,7,5,0,12,0,7,10,0,17,0,14,15,0,29,60,0,60,89
05/02/2021,LEB,NH,ANE,EN,Federal Contract Tower,0,15,7,0,22,0,16,23,2,41,0,31,30,2,63,18,0,18,81
05/03/2021,LEB,NH,ANE,EN,Federal Contract Tower,0,12,10,0,22,0,17,27,0,44,0,29,37,0,66,38,0,38,104
05/04/2021,LEB,NH,ANE,EN,Federal Contract Tower,0,10,11,0,21,0,9,6,1,16,0,19,17,1,37,34,0,34,71
05/05/2021,LEB,NH,ANE,EN,Federal Contract Tower,0,16,5,0,21,0,0,0,0,0,0,16,5,0,21,0,0,0,21
05/06/2021,LEB,NH,ANE,EN,Federal Contract Tower,0,11,6,2,19,0,7,18,8,33,0,18,24,10,52,64,0,64,116
05/07/2021,LEB,NH,ANE,EN,Federal Contract Tower,0,10,8,0,18,0,8,21,0,29,0,18,29,0,47,32,0,32,79
05/08/2021,LEB,NH,ANE,EN,Federal Contract Tower,0,20,10,0,30,0,11,53,0,64,0,31,63,0,94,14,0,14,108
05/09/2021,LEB,NH,ANE,EN,Federal Contract Tower,0,12,17,0,29,0,16,45,0,61,0,28,62,0,90,68,0,68,158
05/10/2021,LEB,NH,ANE,EN,Federal Contract Tower,0,10,4,0,14,0,13,24,0,37,0,23,28,0,51,16,0,16,67
05/11/2021,LEB,NH,ANE,EN,Federal Contract Tower,0,5,0,0,5,0,11,31,2,44,0,16,31,2,49,12,0,12,61
05/12/2021,LEB,NH,ANE,EN,Federal Contract Tower,0,6,12,0,18,0,8,20,0,28,0,14,32,0,46,6,0,6,52
05/13/2021,LEB,NH,ANE,EN,Federal Contract Tower,0,8,9,0,17,0,14,38,0,52,0,22,47,0,69,18,0,18,87
05/14/2021,LEB,NH,ANE,EN,Federal Contract Tower,0,7,15,0,22,0,16,57,1,74,0,23,72,1,96,80,12,92,188
05/15/2021,LEB,NH,ANE,EN,Federal Contract Tower,0,9,9,0,18,0,16,62,8,86,0,25,71,8,104,36,4,40,144
05/16/2021,LEB,NH,ANE,EN,Federal Contract Tower,0,12,14,0,26,0,10,49,2,61,0,22,63,2,87,20,0,20,107
05/17/2021,LEB,NH,ANE,EN,Federal Contract Tower,0,21,7,1,29,0,13,65,1,79,0,34,72,2,108,64,0,64,172
05/18/2021,LEB,NH,ANE,EN,Federal Contract Tower,0,22,4,0,26,0,8,46,0,54,0,30,50,0,80,60,0,60,140
05/19/2021,LEB,NH,ANE,EN,Federal Contract Tower,0,9,16,0,25,0,11,54,0,65,0,20,70,0,90,66,0,66,156
05/20/2021,LEB,NH,ANE,EN,Federal Contract Tower,0,17,7,0,24,0,11,44,4,59,0,28,51,4,83,20,0,20,103
05/21/2021,LEB,NH,ANE,EN,Federal Contract Tower,0,14,14,0,28,0,19,68,0,87,0,33,82,0,115,48,0,48,163
05/22/2021,LEB,NH,ANE,EN,Federal Contract Tower,0,8,6,0,14,0,19,44,0,63,0,27,50,0,77,70,0,70,147
05/23/2021,LEB,NH,ANE,EN,Federal Contract Tower,0,31,10,0,41,0,7,25,2,34,0,38,35,2,75,18,0,18,93
05/24/2021,LEB,NH,ANE,EN,Federal Contract Tower,0,11,14,0,25,0,14,42,2,58,0,25,56,2,83,24,4,28,111
05/25/2021,LEB,NH,ANE,EN,Federal Contract Tower,0,15,3,0,18,0,16,14,0,30,0,31,17,0,48,16,0,16,64
05/26/2021,LEB,NH,ANE,EN,Federal Contract Tower,0,6,9,0,15,0,8,30,0,38,0,14,39,0,53,80,0,80,133
05/27/2021,LEB,NH,ANE,EN,Federal Contract Tower,0,19,9,0,28,0,10,33,0,43,0,29,42,0,71,66,0,66,137
05/28/2021,LEB,NH,ANE,EN,Federal Contract Tower,0,12,15,0,27,0,13,42,0,55,0,25,57,0,82,66,0,66,148
05/29/2021,LEB,NH,ANE,EN,Federal Contract Tower,0,25,7,0,32,0,16,21,11,48,0,41,28,11,80,0,0,0,80
05/30/2021,LEB,NH,ANE,EN,Federal Contract Tower,0,13,8,0,21,0,3,10,0,13,0,16,18,0,34,18,0,18,52
05/31/2021,LEB,NH,ANE,EN,Federal Contract Tower,0,21,10,0,31,0,8,1,0,9,0,29,11,0,40,0,0,0,40
06/01/2021,LEB,NH,ANE,EN,Federal Contract Tower,0,14,9,0,23,0,11,22,0,33,0,25,31,0,56,4,0,4,60
06/02/2021,LEB,NH,ANE,EN,Federal Contract Tower,0,10,20,0,30,0,11,48,0,59,0,21,68,0,89,52,0,52,141
06/03/2021,LEB,NH,ANE,EN,Federal Contract Tower,0,12,5,0,17,0,4,25,0,29,0,16,30,0,46,82,0,82,128
06/04/2021,LEB,NH,ANE,EN,Federal Contract Tower,0,19,13,0,32,0,19,59,0,78,0,38,72,0,110,72,0,72,182
06/05/2021,LEB,NH,ANE,EN,Federal Contract Tower,0,13,14,0,27,0,10,33,0,43,0,23,47,0,70,44,0,44,114
06/06/2021,LEB,NH,ANE,EN,Federal Contract Tower,0,14,7,0,21,0,14,48,0,62,0,28,55,0,83,38,0,38,121
06/07/2021,LEB,NH,ANE,EN,Federal Contract Tower,0,12,10,0,22,0,18,41,2,61,0,30,51,2,83,18,2,20,103
06/08/2021,LEB,NH,ANE,EN,Federal Contract Tower,0,4,6,0,10,0,14,24,0,38,0,18,30,0,48,22,0,22,70
06/09/2021,LEB,NH,ANE,EN,Federal Contract Tower,0,11,13,0,24,0,8,33,0,41,0,19,46,0,65,48,0,48,113
06/10/2021,LEB,NH,ANE,EN,Federal Contract Tower,0,10,17,0,27,0,11,53,0,64,0,21,70,0,91,128,0,128,219
06/11/2021,LEB,NH,ANE,EN,Federal Contract Tower,0,23,14,1,38,0,15,58,4,77,0,38,72,5,115,20,0,20,135
06/12/2021,LEB,NH,ANE,EN,Federal Contract Tower,0,24,10,0,34,0,13,76,10,99,0,37,86,10,133,66,0,66,199
06/13/2021,LEB,NH,ANE,EN,Federal Contract Tower,0,15,12,0,27,0,16,77,0,93,0,31,89,0,120,82,0,82,202
06/14/2021,LEB,NH,ANE,EN,Federal Contract Tower,0,22,11,0,33,0,1,0,0,1,0,23,11,0,34,0,0,0,34
06/15/2021,LEB,NH,ANE,EN,Federal Contract Tower,0,11,11,0,22,0,6,10,4,20,0,17,21,4,42,8,6,14,56
06/16/2021,LEB,NH,ANE,EN,Federal Contract Tower,0,8,15,0,23,0,13,32,0,45,0,21,47,0,68,22,0,22,90
06/17/2021,LEB,NH,ANE,EN,Federal Contract Tower,0,8,10,0,18,0,9,51,0,60,0,17,61,0,78,132,0,132,210
06/18/2021,LEB,NH,ANE,EN,Federal Contract Tower,0,10,8,0,18,0,16,38,2,56,0,26,46,2,74,28,0,28,102
06/19/2021,LEB,NH,ANE,EN,Federal Contract Tower,0,9,3,0,12,0,14,16,0,30,0,23,19,0,42,0,0,0,42
06/20/2021,LEB,NH,ANE,EN,Federal Contract Tower,0,3,13,0,16,0,13,56,0,69,0,16,69,0,85,28,0,28,113
06/21/2021,LEB,NH,ANE,EN,Federal Contract Tower,0,22,4,0,26,0,9,1,0,10,0,31,5,0,36,0,0,0,36
06/22/2021,LEB,NH,ANE,EN,Federal Contract Tower,0,15,4,0,19,0,2,10,0,12,0,17,14,0,31,82,0,82,113
06/23/2021,LEB,NH,ANE,EN,Federal Contract Tower,0,17,9,0,26,0,13,48,0,61,0,30,57,0,87,42,0,42,129
06/24/2021,LEB,NH,ANE,EN,Federal Contract Tower,0,16,14,0,30,0,10,47,0,57,0,26,61,0,87,94,0,94,181
06/25/2021,LEB,NH,ANE,EN,Federal Contract Tower,0,20,10,0,30,0,6,20,0,26,0,26,30,0,56,54,0,54,110
06/26/2021,LEB,NH,ANE,EN,Federal Contract Tower,0,28,16,0,44,0,18,40,0,58,0,46,56,0,102,42,0,42,144
06/27/2021,LEB,NH,ANE,EN,Federal Contract Tower,0,13,21,0,34,0,22,25,0,47,0,35,46,0,81,20,0,20,101
06/28/2021,LEB,NH,ANE,EN,Federal Contract Tower,0,12,2,0,14,0,8,20,0,28,0,20,22,0,42,16,0,16,58
06/29/2021,LEB,NH,ANE,EN,Federal Contract Tower,0,15,9,0,24,0,16,29,4,49,0,31,38,4,73,94,4,98,171
06/30/2021,LEB,NH,ANE,EN,Federal Contract Tower,0,17,8,0,25,0,4,20,0,24,0,21,28,0,49,66,0,66,115
07/01/2021,LEB,NH,ANE,EN,Federal Contract Tower,0,15,11,0,26,0,3,13,0,16,0,18,24,0,42,44,0,44,86
07/02/2021,LEB,NH,ANE,EN,Federal Contract Tower,0,19,12,0,31,0,0,0,0,0,0,19,12,0,31,0,0,0,31
07/03/2021,LEB,NH,ANE,EN,Federal Contract Tower,0,15,12,0,27,0,0,0,0,0,0,15,12,0,27,0,0,0,27
07/04/2021,LEB,NH,ANE,EN,Federal Contract Tower,0,18,11,0,29,0,7,5,0,12,0,25,16,0,41,24,0,24,65
07/05/2021,LEB,NH,ANE,EN,Federal Contract Tower,0,9,11,0,20,0,7,35,0,42,0,16,46,0,62,66,0,66,128
07/06/2021,LEB,NH,ANE,EN,Federal Contract Tower,0,10,9,3,22,0,11,17,1,29,0,21,26,4,51,34,0,34,85
07/07/2021,LEB,NH,ANE,EN,Federal Contract Tower,0,8,14,0,22,0,13,37,0,50,0,21,51,0,72,74,0,74,146
07/08/2021,LEB,NH,ANE,EN,Federal Contract Tower,0,13,5,0,18,0,2,5,0,7,0,15,10,0,25,34,0,34,59
07/09/2021,LEB,NH,ANE,EN,Federal Contract Tower,0,2,10,0,12,0,2,0,0,2,0,4,10,0,14,0,0,0,14
07/10/2021,LEB,NH,ANE,EN,Federal Contract Tower,0,12,6,0,18,0,17,44,0,61,0,29,50,0,79,24,0,24,103
07/11/2021,LEB,NH,ANE,EN,Federal Contract Tower,0,11,18,0,29,0,7,36,0,43,0,18,54,0,72,6,0,6,78
07/12/2021,LEB,NH,ANE,EN,Federal Contract Tower,0,20,9,0,29,0,7,7,2,16,0,27,16,2,45,20,0,20,65
07/13/2021,LEB,NH,ANE,EN,Federal Contract Tower,0,20,12,0,32,0,0,1,0,1,0,20,13,0,33,0,0,0,33
07/14/2021,LEB,NH,ANE,EN,Federal Contract Tower,0,18,16,0,34,0,2,6,0,8,0,20,22,0,42,4,0,4,46
07/15/2021,LEB,NH,ANE,EN,Federal Contract Tower,0,32,14,0,46,0,11,59,0,70,0,43,73,0,116,76,0,76,192
07/16/2021,LEB,NH,ANE,EN,Federal Contract Tower,0,11,12,0,23,0,16,38,0,54,0,27,50,0,77,58,0,58,135
07/17/2021,LEB,NH,ANE,EN,Federal Contract Tower,0,22,18,0,40,0,1,2,0,3,0,23,20,0,43,28,0,28,71
07/18/2021,LEB,NH,ANE,EN,Federal Contract Tower,0,32,17,0,49,0,0,0,0,0,0,32,17,0,49,0,0,0,49
07/19/2021,LEB,NH,ANE,EN,Federal Contract Tower,0,27,26,2,55,0,2,9,0,11,0,29,35,2,66,58,0,58,124
07/20/2021,LEB,NH,ANE,EN,Federal Contract Tower,0,13,14,0,27,0,5,19,0,24,0,18,33,0,51,76,0,76,127
07/21/2021,LEB,NH,ANE,EN,Federal Contract Tower,0,15,10,3,28,8,18,0,0,26,8,33,10,3,54,50,0,50,104
07/22/2021,LEB,NH,ANE,EN,Federal Contract Tower,0,14,21,0,35,0,9,65,0,74,0,23,86,0,109,120,0,120,229
07/23/2021,LEB,NH,ANE,EN,Federal Contract Tower,0,45,15,0,60,0,27,39,2,68,0,72,54,2,128,30,0,30,158
07/24/2021,LEB,NH,ANE,EN,Federal Contract Tower,0,15,7,1,23,0,21,48,1,70,0,36,55,2,93,20,0,20,113
07/25/2021,LEB,NH,ANE,EN,Federal Contract Tower,0,28,8,0,36,0,4,4,0,8,0,32,12,0,44,0,0,0,44
07/26/2021,LEB,NH,ANE,EN,Federal Contract Tower,0,16,12,0,28,0,8,60,0,68,0,24,72,0,96,86,0,86,182
07/27/2021,LEB,NH,ANE,EN,Federal Contract Tower,0,23,12,0,35,0,3,36,0,39,0,26,48,0,74,34,0,34,108
07/28/2021,LEB,NH,ANE,EN,Federal Contract Tower,0,12,20,0,32,0,8,67,0,75,0,20,87,0,107,78,0,78,185
07/29/2021,LEB,NH,ANE,EN,Federal Contract Tower,0,18,11,0,29,0,6,20,0,26,0,24,31,0,55,18,0,18,73
07/30/2021,LEB,NH,ANE,EN,Federal Contract Tower,0,23,19,0,42,0,10,5,0,15,0,33,24,0,57,0,0,0,57
07/31/2021,LEB,NH,ANE,EN,Federal Contract Tower,0,18,9,0,27,0,20,34,0,54,0,38,43,0,81,30,0,30,111
08/01/2021,LEB,NH,ANE,EN,Federal Contract Tower,0,17,12,0,29,0,10,23,0,33,0,27,35,0,62,14,0,14,76
08/02/2021,LEB,NH,ANE,EN,Federal Contract Tower,0,11,14,0,25,0,15,33,0,48,0,26,47,0,73,66,0,66,139
08/03/2021,LEB,NH,ANE,EN,Federal Contract Tower,0,16,13,0,29,0,5,61,0,66,0,21,74,0,95,74,0,74,169
08/04/2021,LEB,NH,ANE,EN,Federal Contract Tower,0,16,17,0,33,0,10,40,0,50,0,26,57,0,83,52,0,52,135
08/05/2021,LEB,NH,ANE,EN,Federal Contract Tower,0,23,19,0,42,0,6,55,0,61,0,29,74,0,103,60,0,60,163
08/06/2021,LEB,NH,ANE,EN,Federal Contract Tower,0,22,16,0,38,0,7,38,1,46,0,29,54,1,84,60,0,60,144
08/07/2021,LEB,NH,ANE,EN,Federal Contract Tower,0,9,10,0,19,0,10,54,0,64,0,19,64,0,83,36,0,36,119
08/08/2021,LEB,NH,ANE,EN,Federal Contract Tower,0,5,14,0,19,0,9,21,0,30,0,14,35,0,49,40,0,40,89
08/09/2021,LEB,NH,ANE,EN,Federal Contract Tower,0,21,11,0,32,0,8,28,0,36,0,29,39,0,68,48,0,48,116
08/10/2021,LEB,NH,ANE,EN,Federal Contract Tower,0,23,14,0,37,0,3,24,0,27,0,26,38,0,64,78,0,78,142
08/11/2021,LEB,NH,ANE,EN,Federal Contract Tower,0,12,8,0,20,0,5,30,0,35,0,17,38,0,55,22,0,22,77
08/12/2021,LEB,NH,ANE,EN,Federal Contract Tower,0,16,10,0,26,0,8,28,0,36,0,24,38,0,62,70,0,70,132
08/13/2021,LEB,NH,ANE,EN,Federal Contract Tower,0,14,9,0,23,0,18,24,0,42,0,32,33,0,65,46,0,46,111
08/14/2021,LEB,NH,ANE,EN,Federal Contract Tower,0,20,7,0,27,0,11,31,0,42,0,31,38,0,69,48,0,48,117
08/15/2021,LEB,NH,ANE,EN,Federal Contract Tower,0,8,21,0,29,0,21,40,0,61,0,29,61,0,90,10,0,10,100
08/16/2021,LEB,NH,ANE,EN,Federal Contract Tower,0,12,18,0,30,0,6,58,0,64,0,18,76,0,94,58,0,58,152
08/17/2021,LEB,NH,ANE,EN,Federal Contract Tower,0,8,10,0,18,0,8,28,2,38,0,16,38,2,56,62,0,62,118
08/18/2021,LEB,NH,ANE,EN,Federal Contract Tower,0,17,12,0,29,0,10,30,4,44,0,27,42,4,73,62,0,62,135
08/19/2021,LEB,NH,ANE,EN,Federal Contract Tower,0,17,7,0,24,0,0,0,0,0,0,17,7,0,24,0,0,0,24
08/20/2021,LEB,NH,ANE,EN,Federal Contract Tower,0,7,11,1,19,0,17,29,0,46,0,24,40,1,65,38,0,38,103
08/21/2021,LEB,NH,ANE,EN,Federal Contract Tower,0,10,12,1,23,0,7,17,1,25,0,17,29,2,48,48,0,48,96
08/22/2021,LEB,NH,ANE,EN,Federal Contract Tower,0,5,3,0,8,0,0,0,0,0,0,5,3,0,8,0,0,0,8
08/23/2021,LEB,NH,ANE,EN,Federal Contract Tower,0,8,8,0,16,0,4,0,0,4,0,12,8,0,20,0,0,0,20
08/24/2021,LEB,NH,ANE,EN,Federal Contract Tower,0,10,10,0,20,0,6,39,2,47,0,16,49,2,67,32,0,32,99
08/25/2021,LEB,NH,ANE,EN,Federal Contract Tower,0,13,19,0,32,0,9,49,0,58,0,22,68,0,90,84,0,84,174
08/27/2021,LEB,NH,ANE,EN,Federal Contract Tower,0,23,16,1,40,0,17,45,2,64,0,40,61,3,104,86,4,90,194
08/28/2021,LEB,NH,ANE,EN,Federal Contract Tower,0,13,8,0,21,0,9,15,0,24,0,22,23,0,45,14,0,14,59
08/29/2021,LEB,NH,ANE,EN,Federal Contract Tower,0,25,24,0,49,0,0,4,0,4,0,25,28,0,53,6,0,6,59
08/30/2021,LEB,NH,ANE,EN,Federal Contract Tower,0,14,8,0,22,0,6,3,0,9,0,20,11,0,31,2,0,2,33
08/31/2021,LEB,NH,ANE,EN,Federal Contract Tower,0,9,18,0,27,0,9,47,0,56,0,18,65,0,83,26,0,26,109
09/01/2021,LEB,NH,ANE,EN,Federal Contract Tower,0,18,21,0,39,0,8,32,0,40,0,26,53,0,79,76,0,76,155
09/02/2021,LEB,NH,ANE,EN,Federal Contract Tower,0,23,17,1,41,0,17,34,1,52,0,40,51,2,93,42,0,42,135
09/03/2021,LEB,NH,ANE,EN,Federal Contract Tower,0,16,23,0,39,0,15,34,0,49,0,31,57,0,88,18,0,18,106
09/04/2021,LEB,NH,ANE,EN,Federal Contract Tower,0,14,8,0,22,0,16,48,0,64,0,30,56,0,86,4,0,4,90
09/05/2021,LEB,NH,ANE,EN,Federal Contract Tower,0,14,7,0,21,0,5,15,0,20,0,19,22,0,41,6,0,6,47
09/06/2021,LEB,NH,ANE,EN,Federal Contract Tower,0,14,21,0,35,0,7,22,0,29,0,21,43,0,64,22,0,22,86
09/07/2021,LEB,NH,ANE,EN,Federal Contract Tower,0,6,12,0,18,0,11,43,0,54,0,17,55,0,72,62,0,62,134
09/08/2021,LEB,NH,ANE,EN,Federal Contract Tower,0,12,3,0,15,0,9,12,0,21,0,21,15,0,36,8,0,8,44
09/09/2021,LEB,NH,ANE,EN,Federal Contract Tower,0,24,12,0,36,0,3,17,0,20,0,27,29,0,56,42,0,42,98
09/10/2021,LEB,NH,ANE,EN,Federal Contract Tower,0,20,8,0,28,0,13,25,0,38,0,33,33,0,66,60,0,60,126
09/11/2021,LEB,NH,ANE,EN,Federal Contract Tower,0,9,13,0,22,0,36,52,0,88,0,45,65,0,110,14,0,14,124
09/12/2021,LEB,NH,ANE,EN,Federal Contract Tower,0,22,16,0,38,0,12,20,0,32,0,34,36,0,70,12,0,12,82
09/13/2021,LEB,NH,ANE,EN,Federal Contract Tower,0,9,17,0,26,0,12,27,0,39,0,21,44,0,65,34,0,34,99
09/14/2021,LEB,NH,ANE,EN,Federal Contract Tower,0,13,7,1,21,0,13,34,0,47,0,26,41,1,68,48,0,48,116
09/15/2021,LEB,NH,ANE,EN,Federal Contract Tower,0,13,14,0,27,0,2,2,0,4,0,15,16,0,31,0,0,0,31
09/16/2021,LEB,NH,ANE,EN,Federal Contract Tower,0,16,16,0,32,0,5,13,0,18,0,21,29,0,50,12,0,12,62
09/17/2021,LEB,NH,ANE,EN,Federal Contract Tower,0,29,7,0,36,0,2,3,0,5,0,31,10,0,41,34,0,34,75
09/18/2021,LEB,NH,ANE,EN,Federal Contract Tower,0,24,4,0,28,0,3,7,0,10,0,27,11,0,38,30,0,30,68
09/19/2021,LEB,NH,ANE,EN,Federal Contract Tower,0,20,11,0,31,0,18,44,0,62,0,38,55,0,93,8,0,8,101
09/20/2021,LEB,NH,ANE,EN,Federal Contract Tower,0,8,14,0,22,0,24,36,0,60,0,32,50,0,82,16,0,16,98
09/21/2021,LEB,NH,ANE,EN,Federal Contract Tower,0,10,15,0,25,0,9,31,0,40,0,19,46,0,65,86,0,86,151
09/22/2021,LEB,NH,ANE,EN,Federal Contract Tower,0,25,10,2,37,0,0,6,0,6,0,25,16,2,43,12,0,12,55
09/23/2021,LEB,NH,ANE,EN,Federal Contract Tower,0,29,15,0,44,0,12,11,0,23,0,41,26,0,67,6,0,6,73
09/24/2021,LEB,NH,ANE,EN,Federal Contract Tower,0,22,16,0,38,0,3,8,0,11,0,25,24,0,49,0,0,0,49
09/25/2021,LEB,NH,ANE,EN,Federal Contract Tower,0,24,13,0,37,0,5,33,0,38,0,29,46,0,75,22,0,22,97
09/26/2021,LEB,NH,ANE,EN,Federal Contract Tower,0,17,14,1,32,0,28,10,4,42,0,45,24,5,74,0,12,12,86
09/27/2021,LEB,NH,ANE,EN,Federal Contract Tower,0,14,15,0,29,0,6,22,0,28,0,20,37,0,57,36,0,36,93
09/28/2021,LEB,NH,ANE,EN,Federal Contract Tower,0,20,10,0,30,0,5,10,0,15,0,25,20,0,45,36,0,36,81
09/29/2021,LEB,NH,ANE,EN,Federal Contract Tower,0,15,13,0,28,0,9,26,0,35,0,24,39,0,63,22,0,22,85
09/30/2021,LEB,NH,ANE,EN,Federal Contract Tower,0,36,16,0,52,0,3,4,0,7,0,39,20,0,59,2,2,4,63
10/01/2021,LEB,NH,ANE,EN,Federal Contract Tower,0,17,17,0,34,0,7,31,0,38,0,24,48,0,72,20,0,20,92
10/02/2021,LEB,NH,ANE,EN,Federal Contract Tower,0,8,15,2,25,0,11,14,0,25,0,19,29,2,50,56,0,56,106
10/03/2021,LEB,NH,ANE,EN,Federal Contract Tower,0,32,14,0,46,0,2,16,0,18,0,34,30,0,64,10,0,10,74
10/04/2021,LEB,NH,ANE,EN,Federal Contract Tower,0,32,8,0,40,0,0,0,0,0,0,32,8,0,40,0,0,0,40
10/05/2021,LEB,NH,ANE,EN,Federal Contract Tower,0,15,11,0,26,0,8,8,0,16,0,23,19,0,42,16,0,16,58
10/06/2021,LEB,NH,ANE,EN,Federal Contract Tower,0,12,17,2,31,0,7,36,0,43,0,19,53,2,74,50,2,52,126
10/07/2021,LEB,NH,ANE,EN,Federal Contract Tower,0,25,23,0,48,0,17,45,2,64,0,42,68,2,112,30,0,30,142
10/08/2021,LEB,NH,ANE,EN,Federal Contract Tower,0,29,19,0,48,0,5,38,0,43,0,34,57,0,91,12,4,16,107
10/09/2021,LEB,NH,ANE,EN,Federal Contract Tower,0,32,17,0,49,0,0,15,0,15,0,32,32,0,64,18,0,18,82
10/10/2021,LEB,NH,ANE,EN,Federal Contract Tower,0,42,22,0,64,0,3,5,0,8,0,45,27,0,72,10,0,10,82
10/11/2021,LEB,NH,ANE,EN,Federal Contract Tower,0,24,7,0,31,0,4,13,0,17,0,28,20,0,48,4,0,4,52
10/12/2021,LEB,NH,ANE,EN,Federal Contract Tower,0,15,23,0,38,0,7,16,0,23,0,22,39,0,61,18,0,18,79
10/13/2021,LEB,NH,ANE,EN,Federal Contract Tower,0,11,5,2,18,0,4,27,0,31,0,15,32,2,49,24,6,30,79
10/14/2021,LEB,NH,ANE,EN,Federal Contract Tower,0,18,26,0,44,0,6,17,2,25,0,24,43,2,69,42,0,42,111
10/15/2021,LEB,NH,ANE,EN,Federal Contract Tower,0,25,21,0,46,0,4,20,0,24,0,29,41,0,70,74,0,74,144
10/16/2021,LEB,NH,ANE,EN,Federal Contract Tower,0,25,13,0,38,0,2,1,0,3,0,27,14,0,41,0,0,0,41
10/17/2021,LEB,NH,ANE,EN,Federal Contract Tower,0,23,18,0,41,0,6,26,0,32,0,29,44,0,73,48,0,48,121
10/18/2021,LEB,NH,ANE,EN,Federal Contract Tower,0,20,12,0,32,0,5,9,2,16,0,25,21,2,48,36,0,36,84
10/19/2021,LEB,NH,ANE,EN,Federal Contract Tower,0,19,19,0,38,0,6,31,0,37,0,25,50,0,75,12,0,12,87
10/20/2021,LEB,NH,ANE,EN,Federal Contract Tower,0,23,11,1,35,0,9,30,1,40,0,32,41,2,75,0,0,0,75
10/21/2021,LEB,NH,ANE,EN,Federal Contract Tower,0,21,14,0,35,0,9,35,0,44,0,30,49,0,79,38,0,38,117
10/22/2021,LEB,NH,ANE,EN,Federal Contract Tower,0,45,15,0,60,0,5,17,0,22,0,50,32,0,82,32,0,32,114
10/23/2021,LEB,NH,ANE,EN,Federal Contract Tower,0,22,12,0,34,0,7,38,0,45,0,29,50,0,79,38,0,38,117
10/24/2021,LEB,NH,ANE,EN,Federal Contract Tower,0,36,26,0,62,0,12,53,0,65,0,48,79,0,127,28,0,28,155
10/25/2021,LEB,NH,ANE,EN,Federal Contract Tower,0,16,8,0,24,0,1,2,0,3,0,17,10,0,27,0,0,0,27
10/26/2021,LEB,NH,ANE,EN,Federal Contract Tower,0,10,6,0,16,0,0,4,0,4,0,10,10,0,20,0,0,0,20
10/27/2021,LEB,NH,ANE,EN,Federal Contract Tower,0,10,12,0,22,0,0,3,0,3,0,10,15,0,25,6,0,6,31
10/28/2021,LEB,NH,ANE,EN,Federal Contract Tower,0,20,14,0,34,0,5,54,1,60,0,25,68,1,94,96,0,96,190
10/29/2021,LEB,NH,ANE,EN,Federal Contract Tower,0,20,3,0,23,0,2,31,0,33,0,22,34,0,56,46,0,46,102
10/30/2021,LEB,NH,ANE,EN,Federal Contract Tower,0,16,11,0,27,0,0,0,0,0,0,16,11,0,27,0,0,0,27
10/31/2021,LEB,NH,ANE,EN,Federal Contract Tower,0,18,10,0,28,0,2,8,0,10,0,20,18,0,38,6,0,6,44
11/01/2021,LEB,NH,ANE,EN,Federal Contract Tower,0,11,5,0,16,0,6,10,3,19,0,17,15,3,35,32,0,32,67
11/02/2021,LEB,NH,ANE,EN,Federal Contract Tower,0,11,4,0,15,0,8,22,4,34,0,19,26,4,49,20,0,20,69
11/03/2021,LEB,NH,ANE,EN,Federal Contract Tower,0,16,9,0,25,0,9,11,0,20,0,25,20,0,45,36,0,36,81
11/04/2021,LEB,NH,ANE,EN,Federal Contract Tower,0,18,8,0,26,0,5,11,0,16,0,23,19,0,42,14,0,14,56
11/05/2021,LEB,NH,ANE,EN,Federal Contract Tower,0,17,19,0,36,0,8,39,0,47,0,25,58,0,83,58,0,58,141
11/06/2021,LEB,NH,ANE,EN,Federal Contract Tower,0,19,20,1,40,0,14,60,1,75,0,33,80,2,115,42,0,42,157
11/07/2021,LEB,NH,ANE,EN,Federal Contract Tower,0,12,12,0,24,0,6,26,0,32,0,18,38,0,56,6,0,6,62
11/08/2021,LEB,NH,ANE,EN,Federal Contract Tower,0,15,6,2,23,0,5,29,2,36,0,20,35,4,59,20,0,20,79
11/09/2021,LEB,NH,ANE,EN,Federal Contract Tower,0,21,8,0,29,0,3,22,0,25,0,24,30,0,54,14,0,14,68
11/10/2021,LEB,NH,ANE,EN,Federal Contract Tower,0,17,16,0,33,0,4,31,0,35,0,21,47,0,68,10,0,10,78
11/11/2021,LEB,NH,ANE,EN,Federal Contract Tower,0,15,12,0,27,0,6,24,0,30,0,21,36,0,57,22,0,22,79
11/12/2021,LEB,NH,ANE,EN,Federal Contract Tower,0,12,7,0,19,0,0,0,0,0,0,12,7,0,19,0,0,0,19
11/13/2021,LEB,NH,ANE,EN,Federal Contract Tower,0,11,6,0,17,0,4,8,0,12,0,15,14,0,29,0,0,0,29
11/14/2021,LEB,NH,ANE,EN,Federal Contract Tower,0,22,10,0,32,0,7,23,0,30,0,29,33,0,62,82,0,82,144
11/15/2021,LEB,NH,ANE,EN,Federal Contract Tower,0,16,9,0,25,0,3,8,0,11,0,19,17,0,36,38,0,38,74
11/16/2021,LEB,NH,ANE,EN,Federal Contract Tower,0,14,11,0,25,0,5,11,1,17,0,19,22,1,42,10,8,18,60
11/17/2021,LEB,NH,ANE,EN,Federal Contract Tower,0,13,7,0,20,0,8,9,0,17,0,21,16,0,37,14,0,14,51
11/18/2021,LEB,NH,ANE,EN,Federal Contract Tower,0,22,6,0,28,0,5,14,0,19,0,27,20,0,47,16,0,16,63
11/19/2021,LEB,NH,ANE,EN,Federal Contract Tower,0,18,6,0,24,0,5,10,6,21,0,23,16,6,45,6,14,20,65
11/20/2021,LEB,NH,ANE,EN,Federal Contract Tower,0,9,12,0,21,0,13,35,0,48,0,22,47,0,69,4,0,4,73
11/21/2021,LEB,NH,ANE,EN,Federal Contract Tower,0,15,3,0,18,0,5,20,0,25,0,20,23,0,43,12,0,12,55
11/22/2021,LEB,NH,ANE,EN,Federal Contract Tower,0,22,6,2,30,0,3,10,0,13,0,25,16,2,43,0,4,4,47
11/23/2021,LEB,NH,ANE,EN,Federal Contract Tower,0,18,11,0,29,0,7,23,0,30,0,25,34,0,59,44,0,44,103
11/24/2021,LEB,NH,ANE,EN,Federal Contract Tower,0,7,11,0,18,0,6,44,2,52,0,13,55,2,70,14,0,14,84
11/25/2021,LEB,NH,ANE,EN,Federal Contract Tower,0,7,2,0,9,0,7,4,0,11,0,14,6,0,20,0,0,0,20
11/26/2021,LEB,NH,ANE,EN,Federal Contract Tower,0,11,2,0,13,0,0,0,0,0,0,11,2,0,13,0,0,0,13
11/27/2021,LEB,NH,ANE,EN,Federal Contract Tower,0,13,4,0,17,0,1,1,0,2,0,14,5,0,19,2,0,2,21
11/28/2021,LEB,NH,ANE,EN,Federal Contract Tower,0,9,14,0,23,0,6,37,0,43,0,15,51,0,66,34,0,34,100
11/29/2021,LEB,NH,ANE,EN,Federal Contract Tower,0,15,8,0,23,0,4,14,0,18,0,19,22,0,41,12,0,12,53
11/30/2021,LEB,NH,ANE,EN,Federal Contract Tower,0,11,7,2,20,0,5,10,0,15,0,16,17,2,35,52,0,52,87
12/01/2021,LEB,NH,ANE,EN,Federal Contract Tower,0,12,6,0,18,0,5,9,0,14,0,17,15,0,32,0,0,0,32
12/02/2021,LEB,NH,ANE,EN,Federal Contract Tower,0,15,3,0,18,0,0,0,0,0,0,15,3,0,18,0,0,0,18
12/03/2021,LEB,NH,ANE,EN,Federal Contract Tower,0,14,4,0,18,0,3,9,0,12,0,17,13,0,30,6,2,8,38
12/04/2021,LEB,NH,ANE,EN,Federal Contract Tower,0,11,5,0,16,0,3,16,2,21,0,14,21,2,37,34,0,34,71
12/05/2021,LEB,NH,ANE,EN,Federal Contract Tower,0,17,4,0,21,0,7,29,0,36,0,24,33,0,57,28,0,28,85
12/06/2021,LEB,NH,ANE,EN,Federal Contract Tower,0,12,2,0,14,0,0,0,0,0,0,12,2,0,14,0,0,0,14
12/07/2021,LEB,NH,ANE,EN,Federal Contract Tower,0,9,7,0,16,0,14,9,0,23,0,23,16,0,39,8,6,14,53
12/08/2021,LEB,NH,ANE,EN,Federal Contract Tower,0,17,1,0,18,0,0,1,0,1,0,17,2,0,19,0,0,0,19
12/09/2021,LEB,NH,ANE,EN,Federal Contract Tower,0,14,9,0,23,0,2,26,0,28,0,16,35,0,51,34,0,34,85
12/10/2021,LEB,NH,ANE,EN,Federal Contract Tower,0,17,11,0,28,0,4,23,0,27,0,21,34,0,55,44,0,44,99
12/11/2021,LEB,NH,ANE,EN,Federal Contract Tower,0,15,2,0,17,0,0,0,0,0,0,15,2,0,17,0,0,0,17
12/12/2021,LEB,NH,ANE,EN,Federal Contract Tower,0,18,12,0,30,0,7,13,0,20,0,25,25,0,50,18,0,18,68
12/13/2021,LEB,NH,ANE,EN,Federal Contract Tower,0,14,5,0,19,0,9,8,0,17,0,23,13,0,36,0,0,0,36
12/14/2021,LEB,NH,ANE,EN,Federal Contract Tower,0,8,12,0,20,0,9,29,3,41,0,17,41,3,61,18,0,18,79
12/15/2021,LEB,NH,ANE,EN,Federal Contract Tower,0,13,28,0,41,0,7,20,2,29,0,20,48,2,70,22,0,22,92
12/16/2021,LEB,NH,ANE,EN,Federal Contract Tower,0,10,13,0,23,0,4,9,0,13,0,14,22,0,36,0,0,0,36
12/17/2021,LEB,NH,ANE,EN,Federal Contract Tower,0,9,13,0,22,0,7,26,0,33,0,16,39,0,55,14,0,14,69
12/18/2021,LEB,NH,ANE,EN,Federal Contract Tower,0,3,4,0,7,0,1,3,0,4,0,4,7,0,11,0,0,0,11
12/20/2021,LEB,NH,ANE,EN,Federal Contract Tower,0,12,11,0,23,0,6,15,0,21,0,18,26,0,44,6,0,6,50
12/22/2021,LEB,NH,ANE,EN,Federal Contract Tower,0,20,12,0,32,0,0,1,0,1,0,20,13,0,33,6,0,6,39
12/23/2021,LEB,NH,ANE,EN,Federal Contract Tower,0,14,19,0,33,0,13,21,2,36,0,27,40,2,69,4,0,4,73
12/24/2021,LEB,NH,ANE,EN,Federal Contract Tower,0,17,1,0,18,0,0,25,0,25,0,17,26,0,43,9,0,9,52
12/25/2021,LEB,NH,ANE,EN,Federal Contract Tower,0,0,0,0,0,0,0,0,0,0,0,0,0,0,0,0,0,0,0
12/26/2021,LEB,NH,ANE,EN,Federal Contract Tower,0,0,0,0,0,0,0,0,0,0,0,0,0,0,0,0,0,0,0
12/27/2021,LEB,NH,ANE,EN,Federal Contract Tower,0,0,0,0,0,0,0,0,0,0,0,0,0,0,0,0,0,0,0
12/29/2021,LEB,NH,ANE,EN,Federal Contract Tower,0,8,11,0,19,0,0,0,0,0,0,8,11,0,19,0,0,0,19
12/30/2021,LEB,NH,ANE,EN,Federal Contract Tower,0,10,3,0,13,0,0,0,0,0,0,10,3,0,13,0,0,0,13
12/31/2021,LEB,NH,ANE,EN,Federal Contract Tower,0,11,1,0,12,0,0,0,0,0,0,11,1,0,12,0,0,0,12
01/01/2022,LEB,NH,ANE,EN,Federal Contract Tower,0,8,0,0,8,0,0,0,0,0,0,8,0,0,8,0,0,0,8
01/02/2022,LEB,NH,ANE,EN,Federal Contract Tower,0,18,5,0,23,0,0,0,0,0,0,18,5,0,23,0,0,0,23
01/03/2022,LEB,NH,ANE,EN,Federal Contract Tower,0,15,13,0,28,0,3,10,0,13,0,18,23,0,41,8,0,8,49
01/04/2022,LEB,NH,ANE,EN,Federal Contract Tower,0,11,18,0,29,0,6,33,0,39,0,17,51,0,68,34,0,34,102
01/05/2022,LEB,NH,ANE,EN,Federal Contract Tower,0,14,2,0,16,0,2,5,0,7,0,16,7,0,23,0,0,0,23
01/06/2022,LEB,NH,ANE,EN,Federal Contract Tower,0,14,0,0,14,0,0,3,0,3,0,14,3,0,17,4,0,4,21
01/07/2022,LEB,NH,ANE,EN,Federal Contract Tower,0,3,1,0,4,0,0,0,0,0,0,3,1,0,4,0,0,0,4
01/08/2022,LEB,NH,ANE,EN,Federal Contract Tower,0,17,8,1,26,0,6,29,2,37,0,23,37,3,63,32,0,32,95
01/09/2022,LEB,NH,ANE,EN,Federal Contract Tower,0,7,5,0,12,0,0,0,0,0,0,7,5,0,12,0,0,0,12
01/10/2022,LEB,NH,ANE,EN,Federal Contract Tower,0,16,3,0,19,0,5,6,0,11,0,21,9,0,30,0,0,0,30
01/11/2022,LEB,NH,ANE,EN,Federal Contract Tower,0,7,4,0,11,0,7,13,0,20,0,14,17,0,31,2,0,2,33
01/12/2022,LEB,NH,ANE,EN,Federal Contract Tower,0,9,9,0,18,0,7,17,0,24,0,16,26,0,42,4,0,4,46
01/13/2022,LEB,NH,ANE,EN,Federal Contract Tower,0,14,6,0,20,0,0,12,0,12,0,14,18,0,32,4,0,4,36
01/14/2022,LEB,NH,ANE,EN,Federal Contract Tower,0,15,3,0,18,0,1,0,0,1,0,16,3,0,19,0,0,0,19
01/15/2022,LEB,NH,ANE,EN,Federal Contract Tower,0,16,6,0,22,0,4,4,0,8,0,20,10,0,30,0,0,0,30
01/16/2022,LEB,NH,ANE,EN,Federal Contract Tower,0,13,7,0,20,0,2,22,0,24,0,15,29,0,44,36,0,36,80
01/17/2022,LEB,NH,ANE,EN,Federal Contract Tower,0,6,2,0,8,0,0,0,0,0,0,6,2,0,8,0,0,0,8
01/18/2022,LEB,NH,ANE,EN,Federal Contract Tower,0,15,7,0,22,0,1,2,0,3,0,16,9,0,25,0,0,0,25
01/19/2022,LEB,NH,ANE,EN,Federal Contract Tower,0,17,8,0,25,0,6,5,0,11,0,23,13,0,36,10,0,10,46
01/20/2022,LEB,NH,ANE,EN,Federal Contract Tower,0,14,12,0,26,0,7,7,0,14,0,21,19,0,40,0,0,0,40
01/21/2022,LEB,NH,ANE,EN,Federal Contract Tower,0,14,6,2,22,0,8,12,0,20,0,22,18,2,42,24,0,24,66
01/22/2022,LEB,NH,ANE,EN,Federal Contract Tower,0,13,16,0,29,0,2,17,0,19,0,15,33,0,48,14,0,14,62
01/23/2022,LEB,NH,ANE,EN,Federal Contract Tower,0,14,3,0,17,0,9,11,0,20,0,23,14,0,37,28,0,28,65
01/24/2022,LEB,NH,ANE,EN,Federal Contract Tower,0,19,10,0,29,0,3,12,0,15,0,22,22,0,44,34,0,34,78
01/25/2022,LEB,NH,ANE,EN,Federal Contract Tower,0,13,5,0,18,0,1,2,0,3,0,14,7,0,21,10,0,10,31
01/26/2022,LEB,NH,ANE,EN,Federal Contract Tower,0,8,4,0,12,0,4,9,2,15,0,12,13,2,27,2,0,2,29
01/27/2022,LEB,NH,ANE,EN,Federal Contract Tower,0,8,5,0,13,0,5,10,0,15,0,13,15,0,28,16,0,16,44
01/28/2022,LEB,NH,ANE,EN,Federal Contract Tower,0,19,9,0,28,0,1,12,0,13,0,20,21,0,41,32,0,32,73
01/29/2022,LEB,NH,ANE,EN,Federal Contract Tower,0,4,0,0,4,0,0,0,0,0,0,4,0,0,4,0,0,0,4
01/30/2022,LEB,NH,ANE,EN,Federal Contract Tower,0,10,6,0,16,0,3,16,0,19,0,13,22,0,35,0,0,0,35
01/31/2022,LEB,NH,ANE,EN,Federal Contract Tower,0,18,4,1,23,0,8,16,1,25,0,26,20,2,48,16,0,16,64
02/01/2022,LEB,NH,ANE,EN,Federal Contract Tower,0,9,5,0,14,0,9,16,0,25,0,18,21,0,39,16,0,16,55
02/02/2022,LEB,NH,ANE,EN,Federal Contract Tower,0,19,8,0,27,0,3,5,0,8,0,22,13,0,35,8,0,8,43
02/03/2022,LEB,NH,ANE,EN,Federal Contract Tower,0,12,6,0,18,0,0,0,0,0,0,12,6,0,18,0,0,0,18
02/04/2022,LEB,NH,ANE,EN,Federal Contract Tower,0,0,2,0,2,0,0,0,0,0,0,0,2,0,2,0,0,0,2
02/05/2022,LEB,NH,ANE,EN,Federal Contract Tower,0,12,2,0,14,0,3,3,0,6,0,15,5,0,20,0,0,0,20
02/06/2022,LEB,NH,ANE,EN,Federal Contract Tower,0,8,5,0,13,0,6,32,0,38,0,14,37,0,51,44,0,44,95
02/07/2022,LEB,NH,ANE,EN,Federal Contract Tower,0,15,5,0,20,0,0,2,0,2,0,15,7,0,22,22,0,22,44
02/08/2022,LEB,NH,ANE,EN,Federal Contract Tower,0,13,2,0,15,0,3,1,0,4,0,16,3,0,19,14,0,14,33
02/09/2022,LEB,NH,ANE,EN,Federal Contract Tower,0,16,7,0,23,0,8,43,0,51,0,24,50,0,74,60,0,60,134
02/10/2022,LEB,NH,ANE,EN,Federal Contract Tower,0,18,2,0,20,0,0,0,0,0,0,18,2,0,20,0,0,0,20
02/11/2022,LEB,NH,ANE,EN,Federal Contract Tower,0,17,19,1,37,0,6,20,2,28,0,23,39,3,65,0,0,0,65
02/12/2022,LEB,NH,ANE,EN,Federal Contract Tower,0,14,2,0,16,0,7,18,0,25,0,21,20,0,41,0,0,0,41
02/13/2022,LEB,NH,ANE,EN,Federal Contract Tower,0,16,12,0,28,0,8,19,0,27,0,24,31,0,55,20,0,20,75
02/14/2022,LEB,NH,ANE,EN,Federal Contract Tower,0,17,6,0,23,0,4,25,0,29,0,21,31,0,52,16,0,16,68
02/15/2022,LEB,NH,ANE,EN,Federal Contract Tower,0,16,5,0,21,0,4,7,0,11,0,20,12,0,32,30,0,30,62
02/16/2022,LEB,NH,ANE,EN,Federal Contract Tower,0,13,3,0,16,0,9,7,2,18,0,22,10,2,34,0,2,2,36
02/17/2022,LEB,NH,ANE,EN,Federal Contract Tower,0,15,2,0,17,0,3,2,0,5,0,18,4,0,22,2,0,2,24
02/18/2022,LEB,NH,ANE,EN,Federal Contract Tower,0,16,10,0,26,0,2,8,0,10,0,18,18,0,36,0,0,0,36
02/19/2022,LEB,NH,ANE,EN,Federal Contract Tower,0,16,6,0,22,0,0,0,0,0,0,16,6,0,22,0,0,0,22
02/20/2022,LEB,NH,ANE,EN,Federal Contract Tower,0,24,5,0,29,0,6,28,0,34,0,30,33,0,63,14,0,14,77
02/21/2022,LEB,NH,ANE,EN,Federal Contract Tower,0,18,12,0,30,0,13,33,2,48,0,31,45,2,78,22,0,22,100
02/22/2022,LEB,NH,ANE,EN,Federal Contract Tower,0,16,7,0,23,0,2,3,0,5,0,18,10,0,28,0,0,0,28
02/23/2022,LEB,NH,ANE,EN,Federal Contract Tower,0,12,5,0,17,0,2,4,0,6,0,14,9,0,23,28,0,28,51
02/24/2022,LEB,NH,ANE,EN,Federal Contract Tower,0,19,15,0,34,0,7,23,0,30,0,26,38,0,64,24,0,24,88
02/25/2022,LEB,NH,ANE,EN,Federal Contract Tower,0,0,0,0,0,0,0,0,0,0,0,0,0,0,0,0,0,0,0
02/26/2022,LEB,NH,ANE,EN,Federal Contract Tower,0,16,7,2,25,0,4,15,0,19,0,20,22,2,44,0,2,2,46
02/27/2022,LEB,NH,ANE,EN,Federal Contract Tower,0,23,8,0,31,0,3,6,0,9,0,26,14,0,40,36,0,36,76
02/28/2022,LEB,NH,ANE,EN,Federal Contract Tower,0,17,9,0,26,0,6,8,0,14,0,23,17,0,40,6,0,6,46
03/01/2022,LEB,NH,ANE,EN,Federal Contract Tower,0,12,6,0,18,0,2,5,0,7,0,14,11,0,25,36,0,36,61
03/02/2022,LEB,NH,ANE,EN,Federal Contract Tower,0,13,12,0,25,0,7,22,2,31,0,20,34,2,56,18,0,18,74
03/03/2022,LEB,NH,ANE,EN,Federal Contract Tower,0,24,15,0,39,0,7,8,0,15,0,31,23,0,54,42,0,42,96
03/04/2022,LEB,NH,ANE,EN,Federal Contract Tower,0,16,10,2,28,0,10,42,1,53,0,26,52,3,81,64,16,80,161
03/05/2022,LEB,NH,ANE,EN,Federal Contract Tower,0,21,16,1,38,0,9,26,2,37,0,30,42,3,75,28,0,28,103
03/06/2022,LEB,NH,ANE,EN,Federal Contract Tower,0,19,10,0,29,0,1,1,0,2,0,20,11,0,31,0,0,0,31
03/07/2022,LEB,NH,ANE,EN,Federal Contract Tower,0,14,5,0,19,0,3,3,0,6,0,17,8,0,25,0,0,0,25
03/08/2022,LEB,NH,ANE,EN,Federal Contract Tower,0,12,2,0,14,0,5,12,0,17,0,17,14,0,31,20,0,20,51
03/09/2022,LEB,NH,ANE,EN,Federal Contract Tower,0,10,4,0,14,0,0,13,8,21,0,10,17,8,35,14,0,14,49
03/10/2022,LEB,NH,ANE,EN,Federal Contract Tower,0,20,23,0,43,0,4,22,0,26,0,24,45,0,69,18,0,18,87
03/11/2022,LEB,NH,ANE,EN,Federal Contract Tower,0,11,2,0,13,0,7,24,0,31,0,18,26,0,44,30,0,30,74
03/12/2022,LEB,NH,ANE,EN,Federal Contract Tower,0,1,0,0,1,0,0,0,0,0,0,1,0,0,1,0,0,0,1
03/13/2022,LEB,NH,ANE,EN,Federal Contract Tower,0,13,6,0,19,0,6,3,0,9,0,19,9,0,28,0,0,0,28
03/14/2022,LEB,NH,ANE,EN,Federal Contract Tower,0,14,11,0,25,0,5,21,0,26,0,19,32,0,51,12,0,12,63
03/15/2022,LEB,NH,ANE,EN,Federal Contract Tower,0,10,5,0,15,0,2,11,0,13,0,12,16,0,28,6,0,6,34
03/16/2022,LEB,NH,ANE,EN,Federal Contract Tower,0,5,4,0,9,0,5,26,2,33,0,10,30,2,42,6,2,8,50
03/17/2022,LEB,NH,ANE,EN,Federal Contract Tower,0,14,13,0,27,0,1,3,0,4,0,15,16,0,31,6,0,6,37
03/18/2022,LEB,NH,ANE,EN,Federal Contract Tower,0,13,7,0,20,0,8,35,0,43,0,21,42,0,63,54,0,54,117
03/19/2022,LEB,NH,ANE,EN,Federal Contract Tower,0,12,10,0,22,0,0,0,0,0,0,12,10,0,22,0,0,0,22
03/20/2022,LEB,NH,ANE,EN,Federal Contract Tower,0,16,2,0,18,0,2,0,2,4,0,18,2,2,22,0,0,0,22
03/21/2022,LEB,NH,ANE,EN,Federal Contract Tower,0,13,1,0,14,0,6,16,0,22,0,19,17,0,36,12,0,12,48
03/22/2022,LEB,NH,ANE,EN,Federal Contract Tower,0,4,5,1,10,0,7,10,1,18,0,11,15,2,28,44,0,44,72
03/23/2022,LEB,NH,ANE,EN,Federal Contract Tower,0,9,13,0,22,0,12,37,0,49,0,21,50,0,71,74,0,74,145
03/24/2022,LEB,NH,ANE,EN,Federal Contract Tower,0,12,0,0,12,0,0,0,0,0,0,12,0,0,12,0,0,0,12
03/25/2022,LEB,NH,ANE,EN,Federal Contract Tower,0,14,4,0,18,0,2,9,0,11,0,16,13,0,29,12,0,12,41
03/26/2022,LEB,NH,ANE,EN,Federal Contract Tower,0,11,10,1,22,0,2,33,0,35,0,13,43,1,57,110,0,110,167
03/27/2022,LEB,NH,ANE,EN,Federal Contract Tower,0,14,12,0,26,0,1,8,0,9,0,15,20,0,35,6,0,6,41
03/28/2022,LEB,NH,ANE,EN,Federal Contract Tower,0,17,6,0,23,0,0,2,0,2,0,17,8,0,25,0,0,0,25
03/29/2022,LEB,NH,ANE,EN,Federal Contract Tower,0,9,5,0,14,0,5,20,0,25,0,14,25,0,39,20,0,20,59
03/30/2022,LEB,NH,ANE,EN,Federal Contract Tower,0,7,9,0,16,0,10,34,0,44,0,17,43,0,60,78,0,78,138
03/31/2022,LEB,NH,ANE,EN,Federal Contract Tower,0,20,7,0,27,0,1,2,0,3,0,21,9,0,30,0,0,0,30
04/01/2022,LEB,NH,ANE,EN,Federal Contract Tower,0,17,9,0,26,0,0,4,0,4,0,17,13,0,30,34,0,34,64
04/02/2022,LEB,NH,ANE,EN,Federal Contract Tower,0,7,6,0,13,0,5,25,0,30,0,12,31,0,43,36,0,36,79
04/03/2022,LEB,NH,ANE,EN,Federal Contract Tower,0,23,3,0,26,0,6,13,0,19,0,29,16,0,45,44,0,44,89
04/04/2022,LEB,NH,ANE,EN,Federal Contract Tower,0,14,2,0,16,0,16,17,0,33,0,30,19,0,49,64,0,64,113
04/05/2022,LEB,NH,ANE,EN,Federal Contract Tower,0,14,14,0,28,0,11,34,2,47,0,25,48,2,75,134,0,134,209
04/06/2022,LEB,NH,ANE,EN,Federal Contract Tower,0,20,11,1,32,0,4,24,1,29,0,24,35,2,61,20,0,20,81
04/07/2022,LEB,NH,ANE,EN,Federal Contract Tower,0,38,7,0,45,0,1,8,0,9,0,39,15,0,54,20,0,20,74
04/08/2022,LEB,NH,ANE,EN,Federal Contract Tower,0,13,14,0,27,0,2,3,0,5,0,15,17,0,32,4,0,4,36
04/09/2022,LEB,NH,ANE,EN,Federal Contract Tower,0,24,10,0,34,0,0,0,0,0,0,24,10,0,34,0,0,0,34
04/10/2022,LEB,NH,ANE,EN,Federal Contract Tower,0,17,6,0,23,0,2,11,0,13,0,19,17,0,36,2,0,2,38
04/11/2022,LEB,NH,ANE,EN,Federal Contract Tower,0,7,3,0,10,0,13,42,0,55,0,20,45,0,65,34,0,34,99
04/12/2022,LEB,NH,ANE,EN,Federal Contract Tower,0,10,14,0,24,0,6,21,0,27,0,16,35,0,51,110,0,110,161
04/13/2022,LEB,NH,ANE,EN,Federal Contract Tower,0,13,8,0,21,0,7,18,4,29,0,20,26,4,50,56,0,56,106
04/14/2022,LEB,NH,ANE,EN,Federal Contract Tower,0,18,9,0,27,0,4,15,0,19,0,22,24,0,46,36,0,36,82
04/15/2022,LEB,NH,ANE,EN,Federal Contract Tower,0,31,14,1,46,0,10,58,6,74,0,41,72,7,120,72,0,72,192
04/16/2022,LEB,NH,ANE,EN,Federal Contract Tower,0,18,15,0,33,0,2,7,0,9,0,20,22,0,42,0,0,0,42
04/17/2022,LEB,NH,ANE,EN,Federal Contract Tower,0,20,7,0,27,0,1,1,0,2,0,21,8,0,29,2,0,2,31
04/18/2022,LEB,NH,ANE,EN,Federal Contract Tower,0,17,9,0,26,0,6,37,0,43,0,23,46,0,69,16,0,16,85
04/19/2022,LEB,NH,ANE,EN,Federal Contract Tower,0,21,5,0,26,0,1,2,0,3,0,22,7,0,29,0,0,0,29
04/20/2022,LEB,NH,ANE,EN,Federal Contract Tower,0,15,5,0,20,0,7,12,0,19,0,22,17,0,39,8,0,8,47
04/21/2022,LEB,NH,ANE,EN,Federal Contract Tower,0,29,9,0,38,0,4,25,2,31,0,33,34,2,69,12,0,12,81
04/22/2022,LEB,NH,ANE,EN,Federal Contract Tower,0,22,10,0,32,0,4,5,0,9,0,26,15,0,41,4,0,4,45
04/23/2022,LEB,NH,ANE,EN,Federal Contract Tower,0,21,8,1,30,0,4,41,1,46,0,25,49,2,76,12,0,12,88
04/24/2022,LEB,NH,ANE,EN,Federal Contract Tower,0,11,11,0,22,0,10,41,3,54,0,21,52,3,76,20,0,20,96
04/25/2022,LEB,NH,ANE,EN,Federal Contract Tower,0,12,4,0,16,0,6,24,0,30,0,18,28,0,46,0,0,0,46
04/26/2022,LEB,NH,ANE,EN,Federal Contract Tower,0,19,8,0,27,0,0,21,0,21,0,19,29,0,48,36,0,36,84
04/27/2022,LEB,NH,ANE,EN,Federal Contract Tower,0,19,10,0,29,0,2,5,0,7,0,21,15,0,36,18,0,18,54
04/28/2022,LEB,NH,ANE,EN,Federal Contract Tower,0,21,5,0,26,0,2,7,1,10,0,23,12,1,36,2,2,4,40
04/29/2022,LEB,NH,ANE,EN,Federal Contract Tower,0,21,8,0,29,0,13,18,0,31,0,34,26,0,60,4,0,4,64
04/30/2022,LEB,NH,ANE,EN,Federal Contract Tower,0,15,21,0,36,0,17,15,0,32,0,32,36,0,68,14,0,14,82
05/01/2022,LEB,NH,ANE,EN,Federal Contract Tower,0,14,19,0,33,0,8,81,0,89,0,22,100,0,122,52,0,52,174
05/02/2022,LEB,NH,ANE,EN,Federal Contract Tower,0,14,10,0,24,0,11,10,0,21,0,25,20,0,45,6,4,10,55
05/03/2022,LEB,NH,ANE,EN,Federal Contract Tower,0,14,3,0,17,0,1,4,0,5,0,15,7,0,22,0,0,0,22
05/04/2022,LEB,NH,ANE,EN,Federal Contract Tower,0,25,9,0,34,0,0,0,0,0,0,25,9,0,34,0,0,0,34
05/05/2022,LEB,NH,ANE,EN,Federal Contract Tower,0,18,15,0,33,0,14,35,4,53,0,32,50,4,86,42,0,42,128
05/06/2022,LEB,NH,ANE,EN,Federal Contract Tower,0,13,12,0,25,0,11,36,0,47,0,24,48,0,72,32,0,32,104
05/07/2022,LEB,NH,ANE,EN,Federal Contract Tower,0,13,8,1,22,0,10,15,5,30,0,23,23,6,52,0,0,0,52
05/08/2022,LEB,NH,ANE,EN,Federal Contract Tower,0,17,15,0,32,0,9,50,0,59,0,26,65,0,91,22,0,22,113
05/09/2022,LEB,NH,ANE,EN,Federal Contract Tower,0,27,4,0,31,0,7,45,0,52,0,34,49,0,83,46,0,46,129
05/10/2022,LEB,NH,ANE,EN,Federal Contract Tower,0,21,4,0,25,0,9,41,0,50,0,30,45,0,75,28,0,28,103
05/11/2022,LEB,NH,ANE,EN,Federal Contract Tower,0,14,9,0,23,0,8,50,0,58,0,22,59,0,81,48,0,48,129
05/12/2022,LEB,NH,ANE,EN,Federal Contract Tower,0,22,5,0,27,0,3,31,1,35,0,25,36,1,62,6,0,6,68
05/13/2022,LEB,NH,ANE,EN,Federal Contract Tower,0,20,19,0,39,0,10,31,3,44,0,30,50,3,83,34,0,34,117
05/14/2022,LEB,NH,ANE,EN,Federal Contract Tower,0,18,15,0,33,0,13,32,0,45,0,31,47,0,78,22,0,22,100
05/15/2022,LEB,NH,ANE,EN,Federal Contract Tower,0,18,13,0,31,0,1,0,0,1,0,19,13,0,32,0,0,0,32
05/16/2022,LEB,NH,ANE,EN,Federal Contract Tower,0,13,12,0,25,0,3,9,0,12,0,16,21,0,37,0,0,0,37
05/17/2022,LEB,NH,ANE,EN,Federal Contract Tower,0,12,10,0,22,0,7,15,0,22,0,19,25,0,44,10,0,10,54
05/18/2022,LEB,NH,ANE,EN,Federal Contract Tower,0,4,5,0,9,0,11,24,0,35,0,15,29,0,44,2,0,2,46
05/19/2022,LEB,NH,ANE,EN,Federal Contract Tower,0,22,12,0,34,0,0,7,0,7,0,22,19,0,41,36,0,36,77
05/20/2022,LEB,NH,ANE,EN,Federal Contract Tower,0,15,12,0,27,0,4,61,0,65,0,19,73,0,92,54,0,54,146
05/21/2022,LEB,NH,ANE,EN,Federal Contract Tower,0,20,9,0,29,0,6,26,0,32,0,26,35,0,61,10,0,10,71
05/22/2022,LEB,NH,ANE,EN,Federal Contract Tower,0,19,9,0,28,0,12,18,0,30,0,31,27,0,58,30,0,30,88
05/23/2022,LEB,NH,ANE,EN,Federal Contract Tower,0,9,7,1,17,0,8,41,0,49,0,17,48,1,66,48,0,48,114
05/24/2022,LEB,NH,ANE,EN,Federal Contract Tower,0,15,24,0,39,0,23,26,0,49,0,38,50,0,88,0,0,0,88
05/25/2022,LEB,NH,ANE,EN,Federal Contract Tower,0,12,10,0,22,0,4,29,0,33,0,16,39,0,55,32,0,32,87
05/26/2022,LEB,NH,ANE,EN,Federal Contract Tower,0,17,12,0,29,0,8,10,0,18,0,25,22,0,47,8,0,8,55
05/27/2022,LEB,NH,ANE,EN,Federal Contract Tower,0,15,13,0,28,0,2,13,0,15,0,17,26,0,43,14,0,14,57
05/28/2022,LEB,NH,ANE,EN,Federal Contract Tower,0,9,15,0,24,0,7,0,0,7,0,16,15,0,31,0,0,0,31
05/29/2022,LEB,NH,ANE,EN,Federal Contract Tower,0,10,14,1,25,0,19,38,0,57,0,29,52,1,82,46,0,46,128
05/30/2022,LEB,NH,ANE,EN,Federal Contract Tower,0,11,10,0,21,0,15,48,0,63,0,26,58,0,84,4,0,4,88
05/31/2022,LEB,NH,ANE,EN,Federal Contract Tower,0,15,16,0,31,0,10,17,0,27,0,25,33,0,58,42,0,42,100
06/01/2022,LEB,NH,ANE,EN,Federal Contract Tower,0,13,15,0,28,0,0,0,0,0,0,13,15,0,28,0,0,0,28
06/02/2022,LEB,NH,ANE,EN,Federal Contract Tower,0,13,12,2,27,0,1,10,0,11,0,14,22,2,38,30,0,30,68
06/03/2022,LEB,NH,ANE,EN,Federal Contract Tower,0,26,10,0,36,0,2,0,0,2,0,28,10,0,38,0,0,0,38
06/04/2022,LEB,NH,ANE,EN,Federal Contract Tower,0,26,13,0,39,0,11,30,0,41,0,37,43,0,80,0,0,0,80
06/05/2022,LEB,NH,ANE,EN,Federal Contract Tower,0,18,15,0,33,0,7,72,0,79,0,25,87,0,112,20,0,20,132
06/06/2022,LEB,NH,ANE,EN,Federal Contract Tower,0,16,8,0,24,0,8,35,0,43,0,24,43,0,67,30,0,30,97
06/07/2022,LEB,NH,ANE,EN,Federal Contract Tower,0,9,5,0,14,0,10,14,0,24,0,19,19,0,38,10,0,10,48
06/08/2022,LEB,NH,ANE,EN,Federal Contract Tower,0,16,11,0,27,0,4,0,0,4,0,20,11,0,31,14,0,14,45
06/09/2022,LEB,NH,ANE,EN,Federal Contract Tower,0,27,19,0,46,0,3,1,0,4,0,30,20,0,50,0,0,0,50
06/10/2022,LEB,NH,ANE,EN,Federal Contract Tower,0,33,20,0,53,0,7,56,0,63,0,40,76,0,116,28,0,28,144
06/11/2022,LEB,NH,ANE,EN,Federal Contract Tower,0,25,15,0,40,0,11,50,0,61,0,36,65,0,101,6,0,6,107
06/12/2022,LEB,NH,ANE,EN,Federal Contract Tower,0,69,14,0,83,0,16,44,0,60,0,85,58,0,143,28,0,28,171
06/13/2022,LEB,NH,ANE,EN,Federal Contract Tower,0,18,17,1,36,0,10,39,0,49,0,28,56,1,85,56,0,56,141
06/14/2022,LEB,NH,ANE,EN,Federal Contract Tower,0,18,16,0,34,0,8,39,0,47,0,26,55,0,81,62,0,62,143
06/15/2022,LEB,NH,ANE,EN,Federal Contract Tower,0,17,9,0,26,0,6,45,4,55,0,23,54,4,81,52,0,52,133
06/16/2022,LEB,NH,ANE,EN,Federal Contract Tower,0,19,13,2,34,0,5,13,0,18,0,24,26,2,52,14,0,14,66
06/17/2022,LEB,NH,ANE,EN,Federal Contract Tower,0,24,11,0,35,0,6,19,0,25,0,30,30,0,60,8,0,8,68
06/18/2022,LEB,NH,ANE,EN,Federal Contract Tower,0,16,12,0,28,0,2,2,0,4,0,18,14,0,32,0,0,0,32
06/19/2022,LEB,NH,ANE,EN,Federal Contract Tower,0,20,15,0,35,0,6,18,0,24,0,26,33,0,59,0,0,0,59
06/20/2022,LEB,NH,ANE,EN,Federal Contract Tower,0,17,8,1,26,0,12,32,0,44,0,29,40,1,70,30,0,30,100
06/21/2022,LEB,NH,ANE,EN,Federal Contract Tower,0,8,9,2,19,0,7,19,1,27,0,15,28,3,46,40,0,40,86
06/22/2022,LEB,NH,ANE,EN,Federal Contract Tower,0,30,12,0,42,0,4,28,0,32,0,34,40,0,74,34,0,34,108
06/23/2022,LEB,NH,ANE,EN,Federal Contract Tower,0,25,9,0,34,0,4,10,0,14,0,29,19,0,48,32,0,32,80
06/24/2022,LEB,NH,ANE,EN,Federal Contract Tower,0,20,20,0,40,0,8,16,0,24,0,28,36,0,64,18,0,18,82
06/25/2022,LEB,NH,ANE,EN,Federal Contract Tower,0,22,15,0,37,0,8,45,0,53,0,30,60,0,90,48,0,48,138
06/26/2022,LEB,NH,ANE,EN,Federal Contract Tower,0,27,11,0,38,0,11,54,2,67,0,38,65,2,105,4,0,4,109
06/27/2022,LEB,NH,ANE,EN,Federal Contract Tower,0,17,14,0,31,0,4,28,0,32,0,21,42,0,63,38,0,38,101
06/28/2022,LEB,NH,ANE,EN,Federal Contract Tower,0,8,6,0,14,0,8,36,0,44,0,16,42,0,58,30,0,30,88
06/29/2022,LEB,NH,ANE,EN,Federal Contract Tower,0,14,11,0,25,0,10,31,0,41,0,24,42,0,66,18,0,18,84
06/30/2022,LEB,NH,ANE,EN,Federal Contract Tower,0,12,7,0,19,0,7,36,0,43,0,19,43,0,62,32,0,32,94
07/01/2022,LEB,NH,ANE,EN,Federal Contract Tower,0,10,16,0,26,0,12,36,0,48,0,22,52,0,74,32,0,32,106
07/02/2022,LEB,NH,ANE,EN,Federal Contract Tower,0,19,8,0,27,0,9,19,0,28,0,28,27,0,55,40,0,40,95
07/03/2022,LEB,NH,ANE,EN,Federal Contract Tower,0,9,8,0,17,0,12,28,0,40,0,21,36,0,57,2,0,2,59
07/04/2022,LEB,NH,ANE,EN,Federal Contract Tower,0,9,8,0,17,0,12,44,0,56,0,21,52,0,73,24,0,24,97
07/05/2022,LEB,NH,ANE,EN,Federal Contract Tower,0,15,20,0,35,0,6,26,0,32,0,21,46,0,67,44,0,44,111
07/06/2022,LEB,NH,ANE,EN,Federal Contract Tower,0,16,15,1,32,0,7,16,0,23,0,23,31,1,55,44,0,44,99
07/07/2022,LEB,NH,ANE,EN,Federal Contract Tower,0,11,15,2,28,0,9,21,0,30,0,20,36,2,58,32,0,32,90
07/08/2022,LEB,NH,ANE,EN,Federal Contract Tower,0,9,12,0,21,0,13,31,0,44,0,22,43,0,65,12,0,12,77
07/09/2022,LEB,NH,ANE,EN,Federal Contract Tower,0,16,10,0,26,0,13,69,0,82,0,29,79,0,108,22,0,22,130
07/10/2022,LEB,NH,ANE,EN,Federal Contract Tower,0,13,17,0,30,0,10,52,0,62,0,23,69,0,92,16,0,16,108
07/11/2022,LEB,NH,ANE,EN,Federal Contract Tower,0,22,9,0,31,0,14,61,0,75,0,36,70,0,106,34,0,34,140
07/12/2022,LEB,NH,ANE,EN,Federal Contract Tower,0,6,6,0,12,0,3,5,0,8,0,9,11,0,20,0,0,0,20
07/13/2022,LEB,NH,ANE,EN,Federal Contract Tower,0,12,6,1,19,0,9,25,1,35,0,21,31,2,54,6,0,6,60
07/14/2022,LEB,NH,ANE,EN,Federal Contract Tower,0,12,16,0,28,0,4,17,0,21,0,16,33,0,49,22,0,22,71
07/15/2022,LEB,NH,ANE,EN,Federal Contract Tower,0,16,12,0,28,0,6,40,0,46,0,22,52,0,74,22,0,22,96
07/16/2022,LEB,NH,ANE,EN,Federal Contract Tower,0,25,10,0,35,0,11,53,0,64,0,36,63,0,99,8,0,8,107
07/17/2022,LEB,NH,ANE,EN,Federal Contract Tower,0,23,18,0,41,0,15,24,0,39,0,38,42,0,80,22,0,22,102
07/18/2022,LEB,NH,ANE,EN,Federal Contract Tower,0,10,13,0,23,0,1,1,0,2,0,11,14,0,25,0,0,0,25
07/19/2022,LEB,NH,ANE,EN,Federal Contract Tower,0,14,13,0,27,0,11,52,2,65,0,25,65,2,92,10,6,16,108
07/20/2022,LEB,NH,ANE,EN,Federal Contract Tower,0,26,12,0,38,0,11,43,2,56,0,37,55,2,94,32,0,32,126
07/21/2022,LEB,NH,ANE,EN,Federal Contract Tower,0,41,5,0,46,0,7,17,0,24,0,48,22,0,70,0,0,0,70
07/22/2022,LEB,NH,ANE,EN,Federal Contract Tower,0,21,9,0,30,0,11,17,2,30,0,32,26,2,60,0,0,0,60
07/23/2022,LEB,NH,ANE,EN,Federal Contract Tower,0,21,18,1,40,0,8,37,1,46,0,29,55,2,86,14,0,14,100
07/24/2022,LEB,NH,ANE,EN,Federal Contract Tower,0,21,21,0,42,0,8,25,0,33,0,29,46,0,75,0,0,0,75
07/25/2022,LEB,NH,ANE,EN,Federal Contract Tower,0,13,19,0,32,0,5,36,0,41,0,18,55,0,73,46,0,46,119
07/26/2022,LEB,NH,ANE,EN,Federal Contract Tower,0,20,18,0,38,0,4,25,1,30,0,24,43,1,68,18,0,18,86
07/27/2022,LEB,NH,ANE,EN,Federal Contract Tower,0,14,8,0,22,0,13,42,0,55,0,27,50,0,77,22,0,22,99
07/28/2022,LEB,NH,ANE,EN,Federal Contract Tower,0,18,8,0,26,0,4,9,2,15,0,22,17,2,41,0,6,6,47
07/29/2022,LEB,NH,ANE,EN,Federal Contract Tower,0,21,16,0,37,0,4,25,0,29,0,25,41,0,66,10,0,10,76
07/30/2022,LEB,NH,ANE,EN,Federal Contract Tower,0,18,20,0,38,0,5,15,0,20,0,23,35,0,58,0,0,0,58
07/31/2022,LEB,NH,ANE,EN,Federal Contract Tower,0,19,11,0,30,0,21,34,0,55,0,40,45,0,85,14,0,14,99
08/01/2022,LEB,NH,ANE,EN,Federal Contract Tower,0,24,5,0,29,0,3,36,4,43,0,27,41,4,72,32,0,32,104
08/02/2022,LEB,NH,ANE,EN,Federal Contract Tower,0,12,14,0,26,0,9,41,0,50,0,21,55,0,76,22,0,22,98
08/03/2022,LEB,NH,ANE,EN,Federal Contract Tower,0,14,26,4,44,0,7,37,0,44,0,21,63,4,88,32,6,38,126
08/04/2022,LEB,NH,ANE,EN,Federal Contract Tower,0,21,13,0,34,0,8,46,0,54,0,29,59,0,88,30,0,30,118
08/05/2022,LEB,NH,ANE,EN,Federal Contract Tower,0,21,8,6,35,0,3,11,0,14,0,24,19,6,49,18,6,24,73
08/06/2022,LEB,NH,ANE,EN,Federal Contract Tower,0,19,11,0,30,0,13,18,0,31,0,32,29,0,61,0,0,0,61
08/07/2022,LEB,NH,ANE,EN,Federal Contract Tower,0,38,18,0,56,0,14,27,0,41,0,52,45,0,97,12,0,12,109
08/08/2022,LEB,NH,ANE,EN,Federal Contract Tower,0,17,12,0,29,0,13,22,0,35,0,30,34,0,64,24,0,24,88
08/09/2022,LEB,NH,ANE,EN,Federal Contract Tower,0,13,20,0,33,0,6,5,2,13,0,19,25,2,46,8,0,8,54
08/10/2022,LEB,NH,ANE,EN,Federal Contract Tower,0,20,8,0,28,0,5,18,2,25,0,25,26,2,53,20,2,22,75
08/11/2022,LEB,NH,ANE,EN,Federal Contract Tower,0,19,10,0,29,0,8,15,1,24,0,27,25,1,53,10,0,10,63
08/12/2022,LEB,NH,ANE,EN,Federal Contract Tower,0,14,13,0,27,0,4,41,0,45,0,18,54,0,72,34,0,34,106
08/13/2022,LEB,NH,ANE,EN,Federal Contract Tower,0,11,15,0,26,0,18,40,0,58,0,29,55,0,84,16,0,16,100
08/14/2022,LEB,NH,ANE,EN,Federal Contract Tower,0,15,13,0,28,0,20,61,0,81,0,35,74,0,109,10,0,10,119
08/15/2022,LEB,NH,ANE,EN,Federal Contract Tower,0,11,6,0,17,0,13,53,0,66,0,24,59,0,83,36,0,36,119
08/16/2022,LEB,NH,ANE,EN,Federal Contract Tower,0,16,8,0,24,0,7,28,0,35,0,23,36,0,59,2,0,2,61
08/17/2022,LEB,NH,ANE,EN,Federal Contract Tower,0,14,14,0,28,0,3,6,0,9,0,17,20,0,37,0,0,0,37
08/18/2022,LEB,NH,ANE,EN,Federal Contract Tower,0,19,21,0,40,0,2,4,0,6,0,21,25,0,46,0,0,0,46
08/19/2022,LEB,NH,ANE,EN,Federal Contract Tower,0,24,10,0,34,0,8,37,2,47,0,32,47,2,81,24,0,24,105
08/20/2022,LEB,NH,ANE,EN,Federal Contract Tower,0,19,8,0,27,0,4,43,0,47,0,23,51,0,74,38,0,38,112
08/21/2022,LEB,NH,ANE,EN,Federal Contract Tower,0,23,14,0,37,0,9,57,0,66,0,32,71,0,103,46,0,46,149
08/22/2022,LEB,NH,ANE,EN,Federal Contract Tower,0,20,5,0,25,0,7,29,0,36,0,27,34,0,61,60,0,60,121
08/23/2022,LEB,NH,ANE,EN,Federal Contract Tower,0,19,5,0,24,0,0,2,0,2,0,19,7,0,26,0,0,0,26
08/24/2022,LEB,NH,ANE,EN,Federal Contract Tower,0,11,12,0,23,0,8,6,0,14,0,19,18,0,37,0,0,0,37
08/25/2022,LEB,NH,ANE,EN,Federal Contract Tower,0,23,10,0,33,0,4,41,0,45,0,27,51,0,78,14,0,14,92
08/26/2022,LEB,NH,ANE,EN,Federal Contract Tower,0,26,8,2,36,0,1,13,0,14,0,27,21,2,50,2,2,4,54
08/27/2022,LEB,NH,ANE,EN,Federal Contract Tower,0,17,9,0,26,0,17,43,0,60,0,34,52,0,86,28,0,28,114
08/28/2022,LEB,NH,ANE,EN,Federal Contract Tower,0,27,22,0,49,0,15,16,0,31,0,42,38,0,80,24,0,24,104
08/29/2022,LEB,NH,ANE,EN,Federal Contract Tower,0,9,12,0,21,0,5,24,0,29,0,14,36,0,50,12,0,12,62
08/30/2022,LEB,NH,ANE,EN,Federal Contract Tower,0,15,15,0,30,0,6,14,0,20,0,21,29,0,50,0,0,0,50
08/31/2022,LEB,NH,ANE,EN,Federal Contract Tower,0,20,7,0,27,0,6,7,0,13,0,26,14,0,40,12,0,12,52
09/01/2022,LEB,NH,ANE,EN,Federal Contract Tower,0,13,12,0,25,0,6,12,0,18,0,19,24,0,43,16,0,16,59
09/02/2022,LEB,NH,ANE,EN,Federal Contract Tower,0,18,9,0,27,0,8,29,0,37,0,26,38,0,64,4,0,4,68
09/03/2022,LEB,NH,ANE,EN,Federal Contract Tower,0,21,10,0,31,0,9,61,0,70,0,30,71,0,101,0,0,0,101
09/04/2022,LEB,NH,ANE,EN,Federal Contract Tower,0,18,8,0,26,0,10,39,0,49,0,28,47,0,75,24,0,24,99
09/05/2022,LEB,NH,ANE,EN,Federal Contract Tower,0,30,16,0,46,0,0,0,0,0,0,30,16,0,46,0,0,0,46
09/06/2022,LEB,NH,ANE,EN,Federal Contract Tower,0,13,7,0,20,0,0,0,0,0,0,13,7,0,20,0,0,0,20
09/07/2022,LEB,NH,ANE,EN,Federal Contract Tower,0,13,14,0,27,0,8,25,0,33,0,21,39,0,60,38,0,38,98
09/08/2022,LEB,NH,ANE,EN,Federal Contract Tower,0,19,11,0,30,0,0,0,0,0,0,19,11,0,30,16,0,16,46
09/09/2022,LEB,NH,ANE,EN,Federal Contract Tower,0,12,21,0,33,0,8,47,2,57,0,20,68,2,90,44,0,44,134
09/10/2022,LEB,NH,ANE,EN,Federal Contract Tower,0,17,20,0,37,0,8,38,0,46,0,25,58,0,83,14,0,14,97
09/11/2022,LEB,NH,ANE,EN,Federal Contract Tower,0,21,14,0,35,0,6,52,0,58,0,27,66,0,93,28,0,28,121
09/12/2022,LEB,NH,ANE,EN,Federal Contract Tower,0,22,18,0,40,0,4,49,0,53,0,26,67,0,93,52,0,52,145
09/13/2022,LEB,NH,ANE,EN,Federal Contract Tower,0,15,8,0,23,0,0,0,0,0,0,15,8,0,23,0,0,0,23
09/14/2022,LEB,NH,ANE,EN,Federal Contract Tower,0,16,12,1,29,0,9,21,2,32,0,25,33,3,61,48,0,48,109
09/15/2022,LEB,NH,ANE,EN,Federal Contract Tower,0,15,3,0,18,0,11,19,0,30,0,26,22,0,48,16,0,16,64
09/16/2022,LEB,NH,ANE,EN,Federal Contract Tower,0,16,10,0,26,0,14,12,0,26,0,30,22,0,52,4,0,4,56
09/17/2022,LEB,NH,ANE,EN,Federal Contract Tower,0,11,14,0,25,0,11,38,0,49,0,22,52,0,74,0,0,0,74
09/18/2022,LEB,NH,ANE,EN,Federal Contract Tower,0,30,20,0,50,0,13,39,0,52,0,43,59,0,102,34,0,34,136
09/19/2022,LEB,NH,ANE,EN,Federal Contract Tower,0,16,7,0,23,0,0,0,0,0,0,16,7,0,23,0,0,0,23
09/20/2022,LEB,NH,ANE,EN,Federal Contract Tower,0,19,3,0,22,0,0,2,0,2,0,19,5,0,24,4,0,4,28
09/21/2022,LEB,NH,ANE,EN,Federal Contract Tower,0,20,9,1,30,0,2,12,2,16,0,22,21,3,46,0,0,0,46
09/22/2022,LEB,NH,ANE,EN,Federal Contract Tower,0,12,5,2,19,0,0,2,0,2,0,12,7,2,21,0,2,2,23
09/23/2022,LEB,NH,ANE,EN,Federal Contract Tower,0,29,13,0,42,0,2,11,0,13,0,31,24,0,55,0,0,0,55
09/24/2022,LEB,NH,ANE,EN,Federal Contract Tower,0,26,14,0,40,0,19,21,0,40,0,45,35,0,80,8,0,8,88
09/25/2022,LEB,NH,ANE,EN,Federal Contract Tower,0,22,18,0,40,0,9,15,0,24,0,31,33,0,64,20,0,20,84
09/26/2022,LEB,NH,ANE,EN,Federal Contract Tower,0,31,10,0,41,0,13,25,0,38,0,44,35,0,79,0,0,0,79
09/27/2022,LEB,NH,ANE,EN,Federal Contract Tower,0,21,18,0,39,0,7,30,0,37,0,28,48,0,76,34,0,34,110
09/28/2022,LEB,NH,ANE,EN,Federal Contract Tower,0,18,21,0,39,0,3,15,2,20,0,21,36,2,59,62,0,62,121
09/29/2022,LEB,NH,ANE,EN,Federal Contract Tower,0,23,21,1,45,0,5,21,1,27,0,28,42,2,72,62,0,62,134
09/30/2022,LEB,NH,ANE,EN,Federal Contract Tower,0,19,22,0,41,0,8,37,0,45,0,27,59,0,86,24,0,24,110
10/01/2022,LEB,NH,ANE,EN,Federal Contract Tower,0,22,3,0,25,0,14,29,0,43,0,36,32,0,68,24,0,24,92
10/02/2022,LEB,NH,ANE,EN,Federal Contract Tower,0,31,17,0,48,0,6,26,0,32,0,37,43,0,80,16,0,16,96
10/03/2022,LEB,NH,ANE,EN,Federal Contract Tower,0,13,14,0,27,0,6,41,0,47,0,19,55,0,74,40,0,40,114
10/04/2022,LEB,NH,ANE,EN,Federal Contract Tower,0,17,5,0,22,0,2,27,1,30,0,19,32,1,52,28,2,30,82
10/05/2022,LEB,NH,ANE,EN,Federal Contract Tower,0,17,12,0,29,0,2,23,0,25,0,19,35,0,54,44,0,44,98
10/06/2022,LEB,NH,ANE,EN,Federal Contract Tower,0,29,11,0,40,0,5,60,0,65,0,34,71,0,105,84,0,84,189
10/07/2022,LEB,NH,ANE,EN,Federal Contract Tower,0,18,18,0,36,0,7,27,0,34,0,25,45,0,70,20,0,20,90
10/08/2022,LEB,NH,ANE,EN,Federal Contract Tower,0,16,12,0,28,0,20,34,0,54,0,36,46,0,82,14,0,14,96
10/09/2022,LEB,NH,ANE,EN,Federal Contract Tower,0,33,16,0,49,0,3,19,0,22,0,36,35,0,71,8,0,8,79
10/10/2022,LEB,NH,ANE,EN,Federal Contract Tower,0,24,13,0,37,0,2,10,0,12,0,26,23,0,49,0,0,0,49
10/11/2022,LEB,NH,ANE,EN,Federal Contract Tower,0,15,19,0,34,0,11,40,6,57,0,26,59,6,91,26,0,26,117
10/12/2022,LEB,NH,ANE,EN,Federal Contract Tower,0,19,16,0,35,0,13,59,0,72,0,32,75,0,107,30,0,30,137
10/13/2022,LEB,NH,ANE,EN,Federal Contract Tower,0,19,18,0,37,0,6,0,0,6,0,25,18,0,43,24,0,24,67
10/14/2022,LEB,NH,ANE,EN,Federal Contract Tower,0,23,18,0,41,0,2,6,0,8,0,25,24,0,49,18,0,18,67
10/15/2022,LEB,NH,ANE,EN,Federal Contract Tower,0,35,13,0,48,0,7,33,0,40,0,42,46,0,88,10,4,14,102
10/16/2022,LEB,NH,ANE,EN,Federal Contract Tower,0,33,25,0,58,0,11,42,4,57,0,44,67,4,115,42,0,42,157
10/17/2022,LEB,NH,ANE,EN,Federal Contract Tower,0,28,6,0,34,0,1,5,0,6,0,29,11,0,40,0,0,0,40
10/18/2022,LEB,NH,ANE,EN,Federal Contract Tower,0,20,16,0,36,0,3,7,2,12,0,23,23,2,48,24,2,26,74
10/19/2022,LEB,NH,ANE,EN,Federal Contract Tower,0,17,10,0,27,0,10,19,0,29,0,27,29,0,56,18,0,18,74
10/20/2022,LEB,NH,ANE,EN,Federal Contract Tower,0,18,16,0,34,0,9,34,0,43,0,27,50,0,77,24,0,24,101
10/21/2022,LEB,NH,ANE,EN,Federal Contract Tower,0,19,16,0,35,0,8,47,0,55,0,27,63,0,90,32,0,32,122
10/22/2022,LEB,NH,ANE,EN,Federal Contract Tower,0,15,9,0,24,0,16,37,0,53,0,31,46,0,77,22,0,22,99
10/23/2022,LEB,NH,ANE,EN,Federal Contract Tower,0,28,10,0,38,0,6,14,0,20,0,34,24,0,58,48,0,48,106
10/24/2022,LEB,NH,ANE,EN,Federal Contract Tower,0,21,8,0,29,0,0,0,0,0,0,21,8,0,29,0,0,0,29
10/25/2022,LEB,NH,ANE,EN,Federal Contract Tower,0,19,12,0,31,0,1,2,0,3,0,20,14,0,34,0,0,0,34
10/26/2022,LEB,NH,ANE,EN,Federal Contract Tower,0,28,5,0,33,0,1,0,0,1,0,29,5,0,34,0,0,0,34
10/27/2022,LEB,NH,ANE,EN,Federal Contract Tower,0,23,14,0,37,0,10,16,0,26,0,33,30,0,63,0,0,0,63
10/28/2022,LEB,NH,ANE,EN,Federal Contract Tower,0,31,16,0,47,0,13,66,0,79,0,44,82,0,126,34,0,34,160
10/29/2022,LEB,NH,ANE,EN,Federal Contract Tower,0,24,15,0,39,0,11,27,0,38,0,35,42,0,77,18,0,18,95
10/30/2022,LEB,NH,ANE,EN,Federal Contract Tower,0,37,12,0,49,0,15,68,0,83,0,52,80,0,132,64,0,64,196
10/31/2022,LEB,NH,ANE,EN,Federal Contract Tower,0,25,8,0,33,0,12,52,0,64,0,37,60,0,97,32,0,32,129
11/01/2022,LEB,NH,ANE,EN,Federal Contract Tower,0,21,10,0,31,0,5,16,0,21,0,26,26,0,52,8,0,8,60
11/02/2022,LEB,NH,ANE,EN,Federal Contract Tower,0,20,8,0,28,0,11,29,0,40,0,31,37,0,68,18,0,18,86
11/03/2022,LEB,NH,ANE,EN,Federal Contract Tower,0,26,8,0,34,0,7,49,4,60,0,33,57,4,94,18,0,18,112
11/04/2022,LEB,NH,ANE,EN,Federal Contract Tower,0,18,9,0,27,0,13,18,0,31,0,31,27,0,58,14,0,14,72
11/05/2022,LEB,NH,ANE,EN,Federal Contract Tower,0,23,3,0,26,0,7,17,0,24,0,30,20,0,50,44,0,44,94
11/06/2022,LEB,NH,ANE,EN,Federal Contract Tower,0,29,9,0,38,0,16,3,0,19,0,45,12,0,57,0,0,0,57
11/07/2022,LEB,NH,ANE,EN,Federal Contract Tower,0,23,1,0,24,0,0,0,0,0,0,23,1,0,24,22,0,22,46
11/08/2022,LEB,NH,ANE,EN,Federal Contract Tower,0,10,5,0,15,0,8,6,0,14,0,18,11,0,29,0,0,0,29
11/09/2022,LEB,NH,ANE,EN,Federal Contract Tower,0,8,9,2,19,0,11,34,0,45,0,19,43,2,64,68,2,70,134
11/10/2022,LEB,NH,ANE,EN,Federal Contract Tower,0,24,17,0,41,0,9,34,0,43,0,33,51,0,84,28,0,28,112
11/11/2022,LEB,NH,ANE,EN,Federal Contract Tower,0,25,8,0,33,0,1,1,0,2,0,26,9,0,35,0,0,0,35
11/12/2022,LEB,NH,ANE,EN,Federal Contract Tower,0,31,4,0,35,0,4,0,0,4,0,35,4,0,39,0,0,0,39
11/13/2022,LEB,NH,ANE,EN,Federal Contract Tower,0,24,5,0,29,0,0,0,0,0,0,24,5,0,29,0,0,0,29
11/14/2022,LEB,NH,ANE,EN,Federal Contract Tower,0,15,14,0,29,0,3,44,0,47,0,18,58,0,76,34,0,34,110
11/15/2022,LEB,NH,ANE,EN,Federal Contract Tower,0,14,13,0,27,0,13,37,0,50,0,27,50,0,77,18,0,18,95
11/16/2022,LEB,NH,ANE,EN,Federal Contract Tower,0,6,4,0,10,0,0,0,0,0,0,6,4,0,10,0,0,0,10
11/17/2022,LEB,NH,ANE,EN,Federal Contract Tower,0,27,8,0,35,0,6,33,0,39,0,33,41,0,74,78,0,78,152
11/18/2022,LEB,NH,ANE,EN,Federal Contract Tower,0,21,8,0,29,0,1,20,0,21,0,22,28,0,50,32,0,32,82
11/19/2022,LEB,NH,ANE,EN,Federal Contract Tower,0,21,7,0,28,0,22,35,0,57,0,43,42,0,85,8,0,8,93
11/20/2022,LEB,NH,ANE,EN,Federal Contract Tower,0,13,0,0,13,0,7,1,0,8,0,20,1,0,21,0,0,0,21
11/21/2022,LEB,NH,ANE,EN,Federal Contract Tower,0,15,1,0,16,0,5,27,0,32,0,20,28,0,48,22,0,22,70
11/22/2022,LEB,NH,ANE,EN,Federal Contract Tower,0,13,9,0,22,0,6,44,0,50,0,19,53,0,72,40,0,40,112
11/23/2022,LEB,NH,ANE,EN,Federal Contract Tower,0,9,7,0,16,0,7,6,0,13,0,16,13,0,29,8,0,8,37
11/24/2022,LEB,NH,ANE,EN,Federal Contract Tower,0,12,2,0,14,0,10,12,0,22,0,22,14,0,36,8,0,8,44
11/25/2022,LEB,NH,ANE,EN,Federal Contract Tower,0,22,1,0,23,0,1,4,0,5,0,23,5,0,28,0,0,0,28
11/26/2022,LEB,NH,ANE,EN,Federal Contract Tower,0,26,7,0,33,0,13,31,0,44,0,39,38,0,77,6,0,6,83
11/27/2022,LEB,NH,ANE,EN,Federal Contract Tower,0,15,10,0,25,0,4,25,0,29,0,19,35,0,54,6,0,6,60
11/28/2022,LEB,NH,ANE,EN,Federal Contract Tower,0,18,10,0,28,0,2,9,2,13,0,20,19,2,41,0,0,0,41
11/29/2022,LEB,NH,ANE,EN,Federal Contract Tower,0,8,6,0,14,0,9,12,8,29,0,17,18,8,43,0,4,4,47
11/30/2022,LEB,NH,ANE,EN,Federal Contract Tower,0,10,6,0,16,0,0,0,0,0,0,10,6,0,16,0,0,0,16
12/01/2022,LEB,NH,ANE,EN,Federal Contract Tower,0,15,2,0,17,0,1,4,2,7,0,16,6,2,24,0,6,6,30
12/02/2022,LEB,NH,ANE,EN,Federal Contract Tower,0,9,13,0,22,0,0,0,0,0,0,9,13,0,22,48,0,48,70
12/03/2022,LEB,NH,ANE,EN,Federal Contract Tower,0,6,2,0,8,0,0,0,0,0,0,6,2,0,8,0,0,0,8
12/04/2022,LEB,NH,ANE,EN,Federal Contract Tower,0,10,5,0,15,0,9,21,0,30,0,19,26,0,45,56,0,56,101
12/05/2022,LEB,NH,ANE,EN,Federal Contract Tower,0,9,4,0,13,0,10,49,0,59,0,19,53,0,72,46,0,46,118
12/06/2022,LEB,NH,ANE,EN,Federal Contract Tower,0,17,6,0,23,0,0,0,0,0,0,17,6,0,23,0,0,0,23
12/07/2022,LEB,NH,ANE,EN,Federal Contract Tower,0,15,7,0,22,0,0,0,0,0,0,15,7,0,22,0,0,0,22
12/08/2022,LEB,NH,ANE,EN,Federal Contract Tower,0,12,7,0,19,0,1,5,0,6,0,13,12,0,25,38,0,38,63
12/09/2022,LEB,NH,ANE,EN,Federal Contract Tower,0,9,9,1,19,0,6,74,1,81,0,15,83,2,100,88,6,94,194
12/10/2022,LEB,NH,ANE,EN,Federal Contract Tower,0,17,8,0,25,0,11,41,0,52,0,28,49,0,77,4,0,4,81
12/11/2022,LEB,NH,ANE,EN,Federal Contract Tower,0,15,11,0,26,0,4,7,0,11,0,19,18,0,37,6,0,6,43
12/12/2022,LEB,NH,ANE,EN,Federal Contract Tower,0,13,8,1,22,0,7,16,1,24,0,20,24,2,46,32,0,32,78
12/13/2022,LEB,NH,ANE,EN,Federal Contract Tower,0,13,9,0,22,0,8,44,0,52,0,21,53,0,74,64,0,64,138
12/14/2022,LEB,NH,ANE,EN,Federal Contract Tower,0,19,7,0,26,0,7,16,0,23,0,26,23,0,49,18,0,18,67
12/15/2022,LEB,NH,ANE,EN,Federal Contract Tower,0,18,4,0,22,0,12,13,0,25,0,30,17,0,47,0,0,0,47
12/16/2022,LEB,NH,ANE,EN,Federal Contract Tower,0,0,0,0,0,0,0,0,0,0,0,0,0,0,0,0,0,0,0
12/17/2022,LEB,NH,ANE,EN,Federal Contract Tower,0,15,0,0,15,0,2,0,0,2,0,17,0,0,17,0,0,0,17
12/18/2022,LEB,NH,ANE,EN,Federal Contract Tower,0,14,2,0,16,0,0,7,0,7,0,14,9,0,23,6,0,6,29
12/19/2022,LEB,NH,ANE,EN,Federal Contract Tower,0,12,2,0,14,0,1,8,2,11,0,13,10,2,25,30,0,30,55
12/20/2022,LEB,NH,ANE,EN,Federal Contract Tower,0,14,16,0,30,0,9,41,4,54,0,23,57,4,84,38,0,38,122
12/21/2022,LEB,NH,ANE,EN,Federal Contract Tower,0,16,5,0,21,0,9,44,0,53,0,25,49,0,74,34,0,34,108
12/22/2022,LEB,NH,ANE,EN,Federal Contract Tower,0,18,7,0,25,0,9,34,0,43,0,27,41,0,68,48,0,48,116
12/23/2022,LEB,NH,ANE,EN,Federal Contract Tower,0,3,3,0,6,0,0,0,0,0,0,3,3,0,6,0,0,0,6
12/24/2022,LEB,NH,ANE,EN,Federal Contract Tower,0,8,2,0,10,0,6,6,0,12,0,14,8,0,22,6,0,6,28
12/25/2022,LEB,NH,ANE,EN,Federal Contract Tower,0,6,0,0,6,0,7,1,0,8,0,13,1,0,14,0,0,0,14
12/26/2022,LEB,NH,ANE,EN,Federal Contract Tower,0,19,4,0,23,0,3,34,0,37,0,22,38,0,60,26,0,26,86
12/27/2022,LEB,NH,ANE,EN,Federal Contract Tower,0,17,11,0,28,0,4,27,0,31,0,21,38,0,59,48,0,48,107
12/28/2022,LEB,NH,ANE,EN,Federal Contract Tower,0,19,7,0,26,0,5,26,0,31,0,24,33,0,57,50,0,50,107
12/29/2022,LEB,NH,ANE,EN,Federal Contract Tower,0,11,7,0,18,0,11,31,0,42,0,22,38,0,60,40,0,40,100
12/30/2022,LEB,NH,ANE,EN,Federal Contract Tower,0,15,5,0,20,0,6,17,0,23,0,21,22,0,43,52,0,52,95
12/31/2022,LEB,NH,ANE,EN,Federal Contract Tower,0,14,3,0,17,0,0,25,0,25,0,14,28,0,42,60,0,60,102
01/01/2023,LEB,NH,ANE,EN,Federal Contract Tower,0,15,3,0,18,0,5,0,0,5,0,20,3,0,23,0,0,0,23
01/02/2023,LEB,NH,ANE,EN,Federal Contract Tower,0,20,10,0,30,0,12,34,0,46,0,32,44,0,76,38,0,38,114
01/03/2023,LEB,NH,ANE,EN,Federal Contract Tower,0,6,4,0,10,0,0,5,0,5,0,6,9,0,15,20,0,20,35
01/04/2023,LEB,NH,ANE,EN,Federal Contract Tower,0,16,5,0,21,0,0,0,0,0,0,16,5,0,21,0,0,0,21
01/05/2023,LEB,NH,ANE,EN,Federal Contract Tower,0,15,5,0,20,0,0,4,0,4,0,15,9,0,24,0,0,0,24
01/06/2023,LEB,NH,ANE,EN,Federal Contract Tower,0,14,2,0,16,0,0,0,0,0,0,14,2,0,16,0,0,0,16
01/07/2023,LEB,NH,ANE,EN,Federal Contract Tower,0,29,9,0,38,0,0,5,1,6,0,29,14,1,44,12,2,14,58
01/08/2023,LEB,NH,ANE,EN,Federal Contract Tower,0,15,8,2,25,0,5,51,0,56,0,20,59,2,81,54,2,56,137
01/09/2023,LEB,NH,ANE,EN,Federal Contract Tower,0,18,6,0,24,0,4,33,0,37,0,22,39,0,61,30,0,30,91
01/10/2023,LEB,NH,ANE,EN,Federal Contract Tower,0,11,7,0,18,0,5,29,0,34,0,16,36,0,52,36,0,36,88
01/11/2023,LEB,NH,ANE,EN,Federal Contract Tower,0,11,4,0,15,0,9,27,0,36,0,20,31,0,51,90,0,90,141
01/12/2023,LEB,NH,ANE,EN,Federal Contract Tower,0,20,3,0,23,0,0,0,0,0,0,20,3,0,23,0,0,0,23
01/13/2023,LEB,NH,ANE,EN,Federal Contract Tower,0,33,9,0,42,0,0,0,0,0,0,33,9,0,42,0,0,0,42
01/14/2023,LEB,NH,ANE,EN,Federal Contract Tower,0,23,7,0,30,0,3,17,0,20,0,26,24,0,50,102,0,102,152
01/15/2023,LEB,NH,ANE,EN,Federal Contract Tower,0,20,11,0,31,0,11,16,0,27,0,31,27,0,58,34,0,34,92
01/16/2023,LEB,NH,ANE,EN,Federal Contract Tower,0,13,4,0,17,0,0,5,0,5,0,13,9,0,22,16,0,16,38
01/17/2023,LEB,NH,ANE,EN,Federal Contract Tower,0,10,2,0,12,0,4,20,0,24,0,14,22,0,36,30,0,30,66
01/18/2023,LEB,NH,ANE,EN,Federal Contract Tower,0,18,1,0,19,0,0,3,0,3,0,18,4,0,22,6,0,6,28
01/19/2023,LEB,NH,ANE,EN,Federal Contract Tower,0,12,9,0,21,0,0,11,0,11,0,12,20,0,32,50,0,50,82
01/20/2023,LEB,NH,ANE,EN,Federal Contract Tower,0,16,3,0,19,0,0,0,0,0,0,16,3,0,19,0,0,0,19
01/21/2023,LEB,NH,ANE,EN,Federal Contract Tower,0,18,5,0,23,0,0,0,0,0,0,18,5,0,23,0,0,0,23
01/22/2023,LEB,NH,ANE,EN,Federal Contract Tower,0,19,10,0,29,0,2,12,0,14,0,21,22,0,43,42,0,42,85
01/23/2023,LEB,NH,ANE,EN,Federal Contract Tower,0,0,2,0,2,0,0,0,0,0,0,0,2,0,2,0,0,0,2
01/24/2023,LEB,NH,ANE,EN,Federal Contract Tower,0,20,10,4,34,0,4,22,2,28,0,24,32,6,62,10,0,10,72
01/25/2023,LEB,NH,ANE,EN,Federal Contract Tower,0,13,10,0,23,0,3,5,0,8,0,16,15,0,31,2,0,2,33
01/26/2023,LEB,NH,ANE,EN,Federal Contract Tower,0,14,5,0,19,0,0,0,4,4,0,14,5,4,23,0,0,0,23
01/27/2023,LEB,NH,ANE,EN,Federal Contract Tower,0,16,5,0,21,0,13,27,0,40,0,29,32,0,61,34,0,34,95
01/28/2023,LEB,NH,ANE,EN,Federal Contract Tower,0,18,3,0,21,0,2,8,1,11,0,20,11,1,32,12,0,12,44
01/29/2023,LEB,NH,ANE,EN,Federal Contract Tower,0,17,4,0,21,0,2,12,0,14,0,19,16,0,35,42,0,42,77
01/30/2023,LEB,NH,ANE,EN,Federal Contract Tower,0,13,4,0,17,0,0,7,0,7,0,13,11,0,24,32,0,32,56
01/31/2023,LEB,NH,ANE,EN,Federal Contract Tower,0,15,11,0,26,0,9,20,2,31,0,24,31,2,57,52,6,58,115
02/01/2023,LEB,NH,ANE,EN,Federal Contract Tower,0,10,30,0,40,0,14,50,0,64,0,24,80,0,104,38,0,38,142
02/02/2023,LEB,NH,ANE,EN,Federal Contract Tower,0,28,15,0,43,0,6,28,0,34,0,34,43,0,77,20,0,20,97
02/03/2023,LEB,NH,ANE,EN,Federal Contract Tower,0,8,4,0,12,0,2,0,0,2,0,10,4,0,14,0,0,0,14
02/04/2023,LEB,NH,ANE,EN,Federal Contract Tower,0,14,2,0,16,0,8,0,0,8,0,22,2,0,24,0,0,0,24
02/05/2023,LEB,NH,ANE,EN,Federal Contract Tower,0,15,10,1,26,0,9,36,5,50,0,24,46,6,76,32,0,32,108
02/06/2023,LEB,NH,ANE,EN,Federal Contract Tower,0,15,11,2,28,0,4,33,0,37,0,19,44,2,65,36,2,38,103
02/07/2023,LEB,NH,ANE,EN,Federal Contract Tower,0,10,11,0,21,0,5,26,0,31,0,15,37,0,52,18,0,18,70
02/08/2023,LEB,NH,ANE,EN,Federal Contract Tower,0,11,10,0,21,0,7,28,4,39,0,18,38,4,60,7,13,20,80
02/09/2023,LEB,NH,ANE,EN,Federal Contract Tower,0,21,7,0,28,0,2,3,0,5,0,23,10,0,33,0,0,0,33
02/10/2023,LEB,NH,ANE,EN,Federal Contract Tower,0,21,10,0,31,0,8,6,0,14,0,29,16,0,45,4,0,4,49
02/11/2023,LEB,NH,ANE,EN,Federal Contract Tower,0,23,5,0,28,0,22,28,0,50,0,45,33,0,78,14,0,14,92
02/12/2023,LEB,NH,ANE,EN,Federal Contract Tower,0,18,5,0,23,0,12,37,0,49,0,30,42,0,72,22,0,22,94
02/13/2023,LEB,NH,ANE,EN,Federal Contract Tower,0,18,9,0,27,0,7,21,0,28,0,25,30,0,55,24,0,24,79
02/14/2023,LEB,NH,ANE,EN,Federal Contract Tower,0,19,3,0,22,0,11,15,0,26,0,30,18,0,48,30,0,30,78
02/15/2023,LEB,NH,ANE,EN,Federal Contract Tower,0,11,3,0,14,0,14,9,0,23,0,25,12,0,37,2,0,2,39
02/16/2023,LEB,NH,ANE,EN,Federal Contract Tower,0,21,7,0,28,0,6,11,1,18,0,27,18,1,46,16,4,20,66
02/17/2023,LEB,NH,ANE,EN,Federal Contract Tower,0,23,14,0,37,0,0,0,0,0,0,23,14,0,37,0,0,0,37
02/18/2023,LEB,NH,ANE,EN,Federal Contract Tower,0,15,10,0,25,0,23,47,0,70,0,38,57,0,95,70,0,70,165
02/19/2023,LEB,NH,ANE,EN,Federal Contract Tower,0,18,4,4,26,0,3,25,0,28,0,21,29,4,54,46,0,46,100
02/20/2023,LEB,NH,ANE,EN,Federal Contract Tower,0,13,7,0,20,0,4,21,0,25,0,17,28,0,45,0,0,0,45
02/21/2023,LEB,NH,ANE,EN,Federal Contract Tower,0,17,2,0,19,0,0,8,0,8,0,17,10,0,27,5,0,5,32
02/22/2023,LEB,NH,ANE,EN,Federal Contract Tower,0,11,12,0,23,0,0,0,0,0,0,11,12,0,23,2,0,2,25
02/23/2023,LEB,NH,ANE,EN,Federal Contract Tower,0,6,0,0,6,0,0,0,0,0,0,6,0,0,6,0,0,0,6
02/24/2023,LEB,NH,ANE,EN,Federal Contract Tower,0,29,13,0,42,0,6,4,0,10,0,35,17,0,52,0,0,0,52
02/25/2023,LEB,NH,ANE,EN,Federal Contract Tower,0,27,7,0,34,0,0,4,2,6,0,27,11,2,40,0,0,0,40
02/26/2023,LEB,NH,ANE,EN,Federal Contract Tower,0,29,10,0,39,0,0,0,0,0,0,29,10,0,39,0,0,0,39
02/27/2023,LEB,NH,ANE,EN,Federal Contract Tower,0,23,8,2,33,0,2,30,0,32,0,25,38,2,65,14,0,14,79
02/28/2023,LEB,NH,ANE,EN,Federal Contract Tower,0,13,0,0,13,0,0,0,0,0,0,13,0,0,13,0,0,0,13
03/01/2023,LEB,NH,ANE,EN,Federal Contract Tower,0,18,10,0,28,0,6,41,0,47,0,24,51,0,75,60,0,60,135
03/02/2023,LEB,NH,ANE,EN,Federal Contract Tower,0,16,8,0,24,0,0,0,0,0,0,16,8,0,24,0,0,0,24
03/03/2023,LEB,NH,ANE,EN,Federal Contract Tower,0,19,7,0,26,0,9,17,0,26,0,28,24,0,52,34,0,34,86
03/04/2023,LEB,NH,ANE,EN,Federal Contract Tower,0,13,0,0,13,0,0,0,0,0,0,13,0,0,13,0,0,0,13
03/05/2023,LEB,NH,ANE,EN,Federal Contract Tower,0,23,3,0,26,0,0,3,0,3,0,23,6,0,29,0,0,0,29
03/06/2023,LEB,NH,ANE,EN,Federal Contract Tower,0,15,2,0,17,0,9,2,0,11,0,24,4,0,28,0,0,0,28
03/07/2023,LEB,NH,ANE,EN,Federal Contract Tower,0,12,4,0,16,0,1,2,0,3,0,13,6,0,19,0,0,0,19
03/08/2023,LEB,NH,ANE,EN,Federal Contract Tower,0,15,6,0,21,0,5,18,0,23,0,20,24,0,44,22,0,22,66
03/09/2023,LEB,NH,ANE,EN,Federal Contract Tower,0,13,3,0,16,0,7,23,0,30,0,20,26,0,46,32,0,32,78
03/10/2023,LEB,NH,ANE,EN,Federal Contract Tower,0,13,12,0,25,0,10,26,0,36,0,23,38,0,61,44,0,44,105
03/11/2023,LEB,NH,ANE,EN,Federal Contract Tower,0,14,4,1,19,0,1,24,1,26,0,15,28,2,45,54,2,56,101
03/12/2023,LEB,NH,ANE,EN,Federal Contract Tower,0,18,16,0,34,0,11,39,2,52,0,29,55,2,86,30,10,40,126
03/13/2023,LEB,NH,ANE,EN,Federal Contract Tower,0,30,6,0,36,0,0,1,0,1,0,30,7,0,37,0,0,0,37
03/14/2023,LEB,NH,ANE,EN,Federal Contract Tower,0,0,0,0,0,0,0,0,0,0,0,0,0,0,0,0,0,0,0
03/15/2023,LEB,NH,ANE,EN,Federal Contract Tower,0,19,12,0,31,0,0,0,0,0,0,19,12,0,31,0,0,0,31
03/16/2023,LEB,NH,ANE,EN,Federal Contract Tower,0,13,9,0,22,0,6,11,4,21,0,19,20,4,43,18,14,32,75
03/17/2023,LEB,NH,ANE,EN,Federal Contract Tower,0,15,5,0,20,0,2,0,0,2,0,17,5,0,22,0,0,0,22
03/18/2023,LEB,NH,ANE,EN,Federal Contract Tower,0,18,9,0,27,0,6,33,0,39,0,24,42,0,66,28,0,28,94
03/19/2023,LEB,NH,ANE,EN,Federal Contract Tower,0,8,8,0,16,0,2,0,0,2,0,10,8,0,18,0,0,0,18
03/20/2023,LEB,NH,ANE,EN,Federal Contract Tower,0,10,8,0,18,0,6,13,0,19,0,16,21,0,37,6,0,6,43
03/21/2023,LEB,NH,ANE,EN,Federal Contract Tower,0,11,7,0,18,0,12,42,0,54,0,23,49,0,72,14,0,14,86
03/22/2023,LEB,NH,ANE,EN,Federal Contract Tower,0,16,9,2,27,0,15,29,0,44,0,31,38,2,71,42,0,42,113
03/23/2023,LEB,NH,ANE,EN,Federal Contract Tower,0,13,7,0,20,0,0,0,0,0,0,13,7,0,20,0,0,0,20
03/24/2023,LEB,NH,ANE,EN,Federal Contract Tower,0,15,8,0,23,0,10,18,0,28,0,25,26,0,51,30,0,30,81
03/25/2023,LEB,NH,ANE,EN,Federal Contract Tower,0,13,2,0,15,0,1,10,0,11,0,14,12,0,26,20,0,20,46
03/26/2023,LEB,NH,ANE,EN,Federal Contract Tower,0,19,2,0,21,0,5,8,0,13,0,24,10,0,34,10,0,10,44
03/27/2023,LEB,NH,ANE,EN,Federal Contract Tower,0,6,41,0,47,0,11,47,0,58,0,17,88,0,105,94,0,94,199
03/28/2023,LEB,NH,ANE,EN,Federal Contract Tower,0,13,5,0,18,0,5,7,0,12,0,18,12,0,30,6,0,6,36
03/29/2023,LEB,NH,ANE,EN,Federal Contract Tower,0,6,4,0,10,0,9,40,0,49,0,15,44,0,59,20,0,20,79
03/30/2023,LEB,NH,ANE,EN,Federal Contract Tower,0,11,1,0,12,0,9,1,2,12,0,20,2,2,24,2,4,6,30
03/31/2023,LEB,NH,ANE,EN,Federal Contract Tower,0,14,5,0,19,0,7,16,1,24,0,21,21,1,43,12,4,16,59
04/01/2023,LEB,NH,ANE,EN,Federal Contract Tower,0,22,5,0,27,0,0,4,0,4,0,22,9,0,31,22,0,22,53
04/02/2023,LEB,NH,ANE,EN,Federal Contract Tower,0,18,3,0,21,0,1,6,0,7,0,19,9,0,28,0,0,0,28
04/03/2023,LEB,NH,ANE,EN,Federal Contract Tower,0,15,9,0,24,0,3,18,0,21,0,18,27,0,45,42,0,42,87
04/04/2023,LEB,NH,ANE,EN,Federal Contract Tower,0,18,4,0,22,0,3,31,2,36,0,21,35,2,58,42,0,42,100
04/05/2023,LEB,NH,ANE,EN,Federal Contract Tower,0,16,4,0,20,0,0,0,0,0,0,16,4,0,20,0,0,0,20
04/06/2023,LEB,NH,ANE,EN,Federal Contract Tower,0,26,0,0,26,0,1,6,0,7,0,27,6,0,33,24,0,24,57
04/07/2023,LEB,NH,ANE,EN,Federal Contract Tower,0,14,5,0,19,0,6,16,0,22,0,20,21,0,41,12,0,12,53
04/08/2023,LEB,NH,ANE,EN,Federal Contract Tower,0,24,7,0,31,0,4,35,1,40,0,28,42,1,71,14,0,14,85
04/09/2023,LEB,NH,ANE,EN,Federal Contract Tower,0,11,4,0,15,0,23,22,0,45,0,34,26,0,60,24,0,24,84
04/10/2023,LEB,NH,ANE,EN,Federal Contract Tower,0,14,12,0,26,0,11,42,2,55,0,25,54,2,81,62,0,62,143
04/11/2023,LEB,NH,ANE,EN,Federal Contract Tower,0,15,5,2,22,0,8,15,4,27,0,23,20,6,49,12,6,18,67
04/12/2023,LEB,NH,ANE,EN,Federal Contract Tower,0,8,7,0,15,0,6,8,0,14,0,14,15,0,29,0,0,0,29
04/13/2023,LEB,NH,ANE,EN,Federal Contract Tower,0,8,6,0,14,0,8,34,3,45,0,16,40,3,59,0,0,0,59
04/14/2023,LEB,NH,ANE,EN,Federal Contract Tower,0,18,10,0,28,0,9,44,2,55,0,27,54,2,83,60,0,60,143
04/15/2023,LEB,NH,ANE,EN,Federal Contract Tower,0,21,7,0,28,0,16,25,0,41,0,37,32,0,69,26,0,26,95
04/16/2023,LEB,NH,ANE,EN,Federal Contract Tower,0,31,14,0,45,0,0,12,0,12,0,31,26,0,57,24,0,24,81
04/17/2023,LEB,NH,ANE,EN,Federal Contract Tower,0,20,8,0,28,0,0,0,0,0,0,20,8,0,28,0,0,0,28
04/18/2023,LEB,NH,ANE,EN,Federal Contract Tower,0,24,12,0,36,0,2,4,0,6,0,26,16,0,42,10,0,10,52
04/19/2023,LEB,NH,ANE,EN,Federal Contract Tower,0,11,6,0,17,0,5,7,0,12,0,16,13,0,29,6,0,6,35
04/20/2023,LEB,NH,ANE,EN,Federal Contract Tower,0,18,8,1,27,0,15,35,11,61,0,33,43,12,88,58,12,70,158
04/21/2023,LEB,NH,ANE,EN,Federal Contract Tower,0,23,13,0,36,0,10,50,0,60,0,33,63,0,96,144,0,144,240
04/22/2023,LEB,NH,ANE,EN,Federal Contract Tower,0,27,7,0,34,0,1,9,0,10,0,28,16,0,44,46,0,46,90
04/23/2023,LEB,NH,ANE,EN,Federal Contract Tower,0,8,13,0,21,0,0,0,0,0,0,8,13,0,21,0,0,0,21
04/24/2023,LEB,NH,ANE,EN,Federal Contract Tower,0,16,12,0,28,0,0,0,0,0,0,16,12,0,28,0,0,0,28
04/25/2023,LEB,NH,ANE,EN,Federal Contract Tower,0,19,10,0,29,0,2,8,0,10,0,21,18,0,39,22,0,22,61
04/26/2023,LEB,NH,ANE,EN,Federal Contract Tower,0,17,9,0,26,0,3,28,0,31,0,20,37,0,57,84,0,84,141
04/27/2023,LEB,NH,ANE,EN,Federal Contract Tower,0,23,10,1,34,0,4,66,1,71,0,27,76,2,105,148,2,150,255
04/28/2023,LEB,NH,ANE,EN,Federal Contract Tower,0,28,9,0,37,0,11,67,4,82,0,39,76,4,119,76,0,76,195
04/29/2023,LEB,NH,ANE,EN,Federal Contract Tower,0,14,7,0,21,0,4,25,0,29,0,18,32,0,50,48,0,48,98
04/30/2023,LEB,NH,ANE,EN,Federal Contract Tower,0,20,4,0,24,0,0,0,0,0,0,20,4,0,24,0,0,0,24
05/01/2023,LEB,NH,ANE,EN,Federal Contract Tower,0,12,6,0,18,0,1,3,0,4,0,13,9,0,22,0,0,0,22
05/02/2023,LEB,NH,ANE,EN,Federal Contract Tower,0,14,5,0,19,0,0,2,0,2,0,14,7,0,21,0,0,0,21
05/03/2023,LEB,NH,ANE,EN,Federal Contract Tower,0,16,5,0,21,0,1,0,0,1,0,17,5,0,22,0,0,0,22
05/04/2023,LEB,NH,ANE,EN,Federal Contract Tower,0,20,7,0,27,0,5,0,0,5,0,25,7,0,32,0,0,0,32
05/05/2023,LEB,NH,ANE,EN,Federal Contract Tower,0,17,6,0,23,0,5,43,0,48,0,22,49,0,71,154,0,154,225
05/06/2023,LEB,NH,ANE,EN,Federal Contract Tower,0,14,8,0,22,0,11,40,0,51,0,25,48,0,73,30,0,30,103
05/07/2023,LEB,NH,ANE,EN,Federal Contract Tower,0,15,12,0,27,0,7,42,0,49,0,22,54,0,76,26,0,26,102
05/08/2023,LEB,NH,ANE,EN,Federal Contract Tower,0,11,11,0,22,0,6,48,0,54,0,17,59,0,76,80,0,80,156
05/09/2023,LEB,NH,ANE,EN,Federal Contract Tower,0,10,7,0,17,0,10,57,2,69,0,20,64,2,86,48,0,48,134
05/10/2023,LEB,NH,ANE,EN,Federal Contract Tower,0,14,10,3,27,0,15,40,1,56,0,29,50,4,83,20,0,20,103
05/11/2023,LEB,NH,ANE,EN,Federal Contract Tower,0,14,10,0,24,0,14,28,2,44,0,28,38,2,68,18,0,18,86
05/12/2023,LEB,NH,ANE,EN,Federal Contract Tower,0,19,7,0,26,0,17,17,0,34,0,36,24,0,60,26,0,26,86
05/13/2023,LEB,NH,ANE,EN,Federal Contract Tower,0,8,9,0,17,0,9,16,0,25,0,17,25,0,42,10,0,10,52
05/14/2023,LEB,NH,ANE,EN,Federal Contract Tower,0,11,7,0,18,0,8,39,0,47,0,19,46,0,65,20,0,20,85
05/15/2023,LEB,NH,ANE,EN,Federal Contract Tower,0,12,9,0,21,0,2,0,0,2,0,14,9,0,23,20,0,20,43
05/16/2023,LEB,NH,ANE,EN,Federal Contract Tower,0,21,8,0,29,0,7,15,0,22,0,28,23,0,51,12,0,12,63
05/17/2023,LEB,NH,ANE,EN,Federal Contract Tower,0,22,14,0,36,0,6,6,0,12,0,28,20,0,48,50,0,50,98
05/18/2023,LEB,NH,ANE,EN,Federal Contract Tower,0,14,13,0,27,0,10,30,0,40,0,24,43,0,67,44,0,44,111
05/19/2023,LEB,NH,ANE,EN,Federal Contract Tower,0,12,11,0,23,0,12,25,0,37,0,24,36,0,60,4,0,4,64
05/20/2023,LEB,NH,ANE,EN,Federal Contract Tower,0,20,5,2,27,0,0,8,0,8,0,20,13,2,35,0,0,0,35
05/21/2023,LEB,NH,ANE,EN,Federal Contract Tower,0,20,13,0,33,0,5,21,0,26,0,25,34,0,59,6,0,6,65
05/22/2023,LEB,NH,ANE,EN,Federal Contract Tower,0,12,10,0,22,0,4,45,2,51,0,16,55,2,73,52,2,54,127
05/23/2023,LEB,NH,ANE,EN,Federal Contract Tower,0,17,19,0,36,0,4,43,4,51,0,21,62,4,87,98,8,106,193
05/24/2023,LEB,NH,ANE,EN,Federal Contract Tower,0,20,11,0,31,0,1,7,0,8,0,21,18,0,39,0,0,0,39
05/25/2023,LEB,NH,ANE,EN,Federal Contract Tower,0,25,16,0,41,0,10,14,0,24,0,35,30,0,65,28,0,28,93
05/26/2023,LEB,NH,ANE,EN,Federal Contract Tower,0,13,8,0,21,0,13,29,0,42,0,26,37,0,63,16,0,16,79
05/27/2023,LEB,NH,ANE,EN,Federal Contract Tower,0,15,11,0,26,0,7,45,0,52,0,22,56,0,78,16,0,16,94
05/28/2023,LEB,NH,ANE,EN,Federal Contract Tower,0,12,8,0,20,0,8,32,0,40,0,20,40,0,60,52,0,52,112
05/29/2023,LEB,NH,ANE,EN,Federal Contract Tower,0,13,10,0,23,0,9,40,0,49,0,22,50,0,72,24,0,24,96
05/30/2023,LEB,NH,ANE,EN,Federal Contract Tower,0,15,5,1,21,0,8,45,3,56,0,23,50,4,77,68,4,72,149
05/31/2023,LEB,NH,ANE,EN,Federal Contract Tower,0,14,12,0,26,0,7,27,2,36,0,21,39,2,62,78,2,80,142
06/01/2023,LEB,NH,ANE,EN,Federal Contract Tower,0,18,10,1,29,0,14,24,0,38,0,32,34,1,67,24,0,24,91
06/02/2023,LEB,NH,ANE,EN,Federal Contract Tower,0,14,17,0,31,0,9,31,1,41,0,23,48,1,72,36,0,36,108
06/03/2023,LEB,NH,ANE,EN,Federal Contract Tower,0,20,8,0,28,0,0,2,0,2,0,20,10,0,30,0,0,0,30
06/04/2023,LEB,NH,ANE,EN,Federal Contract Tower,0,13,7,0,20,0,2,13,0,15,0,15,20,0,35,24,0,24,59
06/05/2023,LEB,NH,ANE,EN,Federal Contract Tower,0,18,10,0,28,0,1,32,4,37,0,19,42,4,65,58,0,58,123
06/06/2023,LEB,NH,ANE,EN,Federal Contract Tower,0,23,14,0,37,0,5,50,0,55,0,28,64,0,92,56,0,56,148
06/07/2023,LEB,NH,ANE,EN,Federal Contract Tower,0,19,4,0,23,0,4,22,4,30,0,23,26,4,53,60,8,68,121
06/08/2023,LEB,NH,ANE,EN,Federal Contract Tower,0,27,13,0,40,0,3,11,0,14,0,30,24,0,54,6,0,6,60
06/09/2023,LEB,NH,ANE,EN,Federal Contract Tower,0,24,14,0,38,0,7,31,0,38,0,31,45,0,76,22,0,22,98
06/10/2023,LEB,NH,ANE,EN,Federal Contract Tower,0,19,12,0,31,0,5,22,0,27,0,24,34,0,58,52,0,52,110
06/11/2023,LEB,NH,ANE,EN,Federal Contract Tower,0,35,19,0,54,0,9,63,4,76,0,44,82,4,130,62,4,66,196
06/12/2023,LEB,NH,ANE,EN,Federal Contract Tower,0,17,14,0,31,0,8,47,6,61,0,25,61,6,92,86,0,86,178
06/13/2023,LEB,NH,ANE,EN,Federal Contract Tower,0,20,10,0,30,0,1,1,0,2,0,21,11,0,32,0,0,0,32
06/14/2023,LEB,NH,ANE,EN,Federal Contract Tower,0,17,11,0,28,0,3,18,0,21,0,20,29,0,49,58,0,58,107
06/15/2023,LEB,NH,ANE,EN,Federal Contract Tower,0,31,15,0,46,0,6,6,0,12,0,37,21,0,58,36,0,36,94
06/16/2023,LEB,NH,ANE,EN,Federal Contract Tower,0,18,16,0,34,0,6,32,0,38,0,24,48,0,72,16,0,16,88
06/17/2023,LEB,NH,ANE,EN,Federal Contract Tower,0,24,8,0,32,0,0,0,0,0,0,24,8,0,32,0,0,0,32
06/18/2023,LEB,NH,ANE,EN,Federal Contract Tower,0,38,23,0,61,0,3,2,0,5,0,41,25,0,66,0,0,0,66
06/19/2023,LEB,NH,ANE,EN,Federal Contract Tower,0,19,17,0,36,0,2,14,2,18,0,21,31,2,54,32,6,38,92
06/20/2023,LEB,NH,ANE,EN,Federal Contract Tower,0,15,13,0,28,0,0,0,0,0,0,15,13,0,28,22,0,22,50
06/21/2023,LEB,NH,ANE,EN,Federal Contract Tower,0,23,9,0,32,0,11,38,2,51,0,34,47,2,83,54,0,54,137
06/22/2023,LEB,NH,ANE,EN,Federal Contract Tower,0,17,9,1,27,0,6,42,2,50,0,23,51,3,77,110,0,110,187
06/23/2023,LEB,NH,ANE,EN,Federal Contract Tower,0,28,17,0,45,0,36,3,0,39,0,64,20,0,84,46,0,46,130
06/24/2023,LEB,NH,ANE,EN,Federal Contract Tower,0,22,7,0,29,0,0,3,0,3,0,22,10,0,32,8,0,8,40
06/25/2023,LEB,NH,ANE,EN,Federal Contract Tower,0,21,8,0,29,0,5,44,0,49,0,26,52,0,78,32,0,32,110
06/26/2023,LEB,NH,ANE,EN,Federal Contract Tower,0,23,0,0,23,0,1,3,0,4,0,24,3,0,27,2,0,2,29
06/27/2023,LEB,NH,ANE,EN,Federal Contract Tower,0,25,8,0,33,0,0,1,0,1,0,25,9,0,34,0,0,0,34
06/28/2023,LEB,NH,ANE,EN,Federal Contract Tower,0,13,7,0,20,0,0,0,0,0,0,13,7,0,20,0,0,0,20
06/29/2023,LEB,NH,ANE,EN,Federal Contract Tower,0,23,11,0,34,0,1,13,0,14,0,24,24,0,48,14,0,14,62
06/30/2023,LEB,NH,ANE,EN,Federal Contract Tower,0,43,17,0,60,0,12,33,2,47,0,55,50,2,107,48,0,48,155
07/01/2023,LEB,NH,ANE,EN,Federal Contract Tower,0,23,18,2,43,0,6,20,0,26,0,29,38,2,69,26,0,26,95
07/02/2023,LEB,NH,ANE,EN,Federal Contract Tower,0,28,8,0,36,0,0,0,0,0,0,28,8,0,36,0,0,0,36
07/03/2023,LEB,NH,ANE,EN,Federal Contract Tower,0,14,6,0,20,0,4,3,0,7,0,18,9,0,27,2,0,2,29
07/04/2023,LEB,NH,ANE,EN,Federal Contract Tower,0,17,9,0,26,0,9,2,0,11,0,26,11,0,37,0,0,0,37
07/05/2023,LEB,NH,ANE,EN,Federal Contract Tower,0,12,11,0,23,0,8,43,0,51,0,20,54,0,74,80,0,80,154
07/06/2023,LEB,NH,ANE,EN,Federal Contract Tower,0,18,14,0,32,0,11,41,0,52,0,29,55,0,84,60,0,60,144
07/07/2023,LEB,NH,ANE,EN,Federal Contract Tower,0,13,11,0,24,0,6,32,0,38,0,19,43,0,62,30,0,30,92
07/08/2023,LEB,NH,ANE,EN,Federal Contract Tower,0,11,15,0,26,0,5,20,0,25,0,16,35,0,51,56,0,56,107
07/09/2023,LEB,NH,ANE,EN,Federal Contract Tower,0,12,8,0,20,0,0,14,0,14,0,12,22,0,34,18,0,18,52
07/10/2023,LEB,NH,ANE,EN,Federal Contract Tower,0,10,5,0,15,0,0,0,0,0,0,10,5,0,15,0,0,0,15
07/11/2023,LEB,NH,ANE,EN,Federal Contract Tower,0,13,7,0,20,0,16,61,8,85,0,29,68,8,105,54,0,54,159
07/12/2023,LEB,NH,ANE,EN,Federal Contract Tower,0,13,15,5,33,0,20,44,6,70,0,33,59,11,103,122,4,126,229
07/13/2023,LEB,NH,ANE,EN,Federal Contract Tower,0,14,10,0,24,0,2,17,0,19,0,16,27,0,43,52,0,52,95
07/14/2023,LEB,NH,ANE,EN,Federal Contract Tower,0,25,8,0,33,0,4,16,0,20,0,29,24,0,53,44,0,44,97
07/15/2023,LEB,NH,ANE,EN,Federal Contract Tower,0,28,16,0,44,0,10,29,0,39,0,38,45,0,83,10,0,10,93
07/16/2023,LEB,NH,ANE,EN,Federal Contract Tower,0,17,12,0,29,0,1,1,0,2,0,18,13,0,31,0,0,0,31
07/17/2023,LEB,NH,ANE,EN,Federal Contract Tower,0,21,15,0,36,0,7,44,0,51,0,28,59,0,87,140,0,140,227
07/18/2023,LEB,NH,ANE,EN,Federal Contract Tower,0,13,14,0,27,0,1,15,0,16,0,14,29,0,43,10,0,10,53
07/19/2023,LEB,NH,ANE,EN,Federal Contract Tower,0,21,20,0,41,0,7,37,6,50,0,28,57,6,91,48,2,50,141
07/20/2023,LEB,NH,ANE,EN,Federal Contract Tower,0,24,16,2,42,0,17,46,6,69,0,41,62,8,111,130,10,140,251
07/21/2023,LEB,NH,ANE,EN,Federal Contract Tower,0,27,6,0,33,0,0,0,0,0,0,27,6,0,33,0,0,0,33
07/22/2023,LEB,NH,ANE,EN,Federal Contract Tower,0,23,7,0,30,0,9,13,0,22,0,32,20,0,52,8,0,8,60
07/23/2023,LEB,NH,ANE,EN,Federal Contract Tower,0,28,12,0,40,0,7,51,0,58,0,35,63,0,98,14,0,14,112
07/24/2023,LEB,NH,ANE,EN,Federal Contract Tower,0,25,9,0,34,0,9,33,0,42,0,34,42,0,76,22,0,22,98
07/25/2023,LEB,NH,ANE,EN,Federal Contract Tower,0,19,8,1,28,0,3,36,0,39,0,22,44,1,67,82,0,82,149
07/26/2023,LEB,NH,ANE,EN,Federal Contract Tower,0,22,9,0,31,0,14,40,0,54,0,36,49,0,85,22,0,22,107
07/27/2023,LEB,NH,ANE,EN,Federal Contract Tower,0,26,16,0,42,0,2,13,0,15,0,28,29,0,57,0,0,0,57
07/28/2023,LEB,NH,ANE,EN,Federal Contract Tower,0,13,11,0,24,0,18,64,0,82,0,31,75,0,106,34,0,34,140
07/29/2023,LEB,NH,ANE,EN,Federal Contract Tower,0,13,12,0,25,0,5,30,0,35,0,18,42,0,60,56,0,56,116
07/30/2023,LEB,NH,ANE,EN,Federal Contract Tower,0,19,28,0,47,0,8,64,2,74,0,27,92,2,121,34,4,38,159
07/31/2023,LEB,NH,ANE,EN,Federal Contract Tower,0,13,7,0,20,0,6,29,0,35,0,19,36,0,55,10,0,10,65
08/01/2023,LEB,NH,ANE,EN,Federal Contract Tower,0,11,11,0,22,0,6,49,4,59,0,17,60,4,81,50,10,60,141
08/02/2023,LEB,NH,ANE,EN,Federal Contract Tower,0,19,14,0,33,0,11,70,2,83,0,30,84,2,116,50,4,54,170
08/03/2023,LEB,NH,ANE,EN,Federal Contract Tower,0,27,22,3,52,0,7,43,14,64,0,34,65,17,116,52,2,54,170
08/04/2023,LEB,NH,ANE,EN,Federal Contract Tower,0,18,16,0,34,0,0,0,0,0,0,18,16,0,34,0,0,0,34
08/05/2023,LEB,NH,ANE,EN,Federal Contract Tower,0,19,21,0,40,0,9,44,0,53,0,28,65,0,93,44,0,44,137
08/06/2023,LEB,NH,ANE,EN,Federal Contract Tower,0,15,10,0,25,0,7,40,0,47,0,22,50,0,72,32,0,32,104
08/07/2023,LEB,NH,ANE,EN,Federal Contract Tower,0,16,10,0,26,0,0,0,0,0,0,16,10,0,26,0,0,0,26
08/08/2023,LEB,NH,ANE,EN,Federal Contract Tower,0,23,4,0,27,0,0,13,0,13,0,23,17,0,40,40,0,40,80
08/09/2023,LEB,NH,ANE,EN,Federal Contract Tower,0,27,3,0,30,0,10,0,0,10,0,37,3,0,40,48,0,48,88
08/10/2023,LEB,NH,ANE,EN,Federal Contract Tower,0,31,10,0,41,0,14,29,0,43,0,45,39,0,84,58,0,58,142
08/11/2023,LEB,NH,ANE,EN,Federal Contract Tower,0,35,15,2,52,0,12,34,0,46,0,47,49,2,98,16,0,16,114
08/12/2023,LEB,NH,ANE,EN,Federal Contract Tower,0,18,7,0,25,0,13,42,0,55,0,31,49,0,80,16,0,16,96
08/13/2023,LEB,NH,ANE,EN,Federal Contract Tower,0,30,20,0,50,0,1,20,1,22,0,31,40,1,72,10,0,10,82
08/14/2023,LEB,NH,ANE,EN,Federal Contract Tower,0,12,13,0,25,0,13,53,2,68,0,25,66,2,93,44,0,44,137
08/16/2023,LEB,NH,ANE,EN,Federal Contract Tower,0,15,23,0,38,0,0,3,0,3,0,15,26,0,41,0,0,0,41
08/17/2023,LEB,NH,ANE,EN,Federal Contract Tower,0,24,14,0,38,0,1,0,0,1,0,25,14,0,39,42,0,42,81
08/18/2023,LEB,NH,ANE,EN,Federal Contract Tower,0,19,8,0,27,0,5,7,0,12,0,24,15,0,39,16,0,16,55
08/19/2023,LEB,NH,ANE,EN,Federal Contract Tower,0,19,11,0,30,0,2,21,0,23,0,21,32,0,53,16,0,16,69
08/20/2023,LEB,NH,ANE,EN,Federal Contract Tower,0,18,22,2,42,0,3,49,0,52,0,21,71,2,94,94,0,94,188
08/21/2023,LEB,NH,ANE,EN,Federal Contract Tower,0,12,8,0,20,0,2,23,0,25,0,14,31,0,45,16,0,16,61
08/22/2023,LEB,NH,ANE,EN,Federal Contract Tower,0,17,4,0,21,0,9,55,2,66,0,26,59,2,87,62,14,76,163
08/23/2023,LEB,NH,ANE,EN,Federal Contract Tower,0,15,10,5,30,0,5,72,0,77,0,20,82,5,107,120,0,120,227
08/24/2023,LEB,NH,ANE,EN,Federal Contract Tower,0,23,19,1,43,0,15,50,0,65,0,38,69,1,108,50,0,50,158
08/25/2023,LEB,NH,ANE,EN,Federal Contract Tower,0,27,15,0,42,0,0,0,0,0,0,27,15,0,42,0,0,0,42
08/26/2023,LEB,NH,ANE,EN,Federal Contract Tower,0,15,5,0,20,0,10,37,0,47,0,25,42,0,67,22,0,22,89
08/27/2023,LEB,NH,ANE,EN,Federal Contract Tower,0,21,13,0,34,0,0,14,0,14,0,21,27,0,48,20,0,20,68
08/28/2023,LEB,NH,ANE,EN,Federal Contract Tower,0,21,8,0,29,0,3,32,0,35,0,24,40,0,64,48,0,48,112
08/29/2023,LEB,NH,ANE,EN,Federal Contract Tower,0,22,9,3,34,0,3,47,2,52,0,25,56,5,86,90,0,90,176
08/30/2023,LEB,NH,ANE,EN,Federal Contract Tower,0,32,7,0,39,0,9,0,0,9,0,41,7,0,48,0,0,0,48
08/31/2023,LEB,NH,ANE,EN,Federal Contract Tower,0,19,6,0,25,0,21,65,2,88,0,40,71,2,113,46,0,46,159
01/01/2020,LEB,NH,ANE,EN,Federal Contract Tower,0,11,1,0,12,0,5,3,0,8,0,16,4,0,20,2,0,2,22
01/02/2020,LEB,NH,ANE,EN,Federal Contract Tower,0,9,17,0,26,0,9,29,0,38,0,18,46,0,64,14,0,14,78
01/03/2020,LEB,NH,ANE,EN,Federal Contract Tower,0,15,6,0,21,0,12,59,0,71,0,27,65,0,92,50,0,50,142
01/04/2020,LEB,NH,ANE,EN,Federal Contract Tower,0,4,3,0,7,0,0,0,0,0,0,4,3,0,7,0,0,0,7
01/05/2020,LEB,NH,ANE,EN,Federal Contract Tower,0,27,6,0,33,0,13,3,3,19,0,40,9,3,52,0,6,6,58
01/06/2020,LEB,NH,ANE,EN,Federal Contract Tower,0,21,7,0,28,0,0,0,0,0,0,21,7,0,28,0,0,0,28
01/07/2020,LEB,NH,ANE,EN,Federal Contract Tower,0,21,9,1,31,0,11,33,1,45,0,32,42,2,76,52,0,52,128
01/08/2020,LEB,NH,ANE,EN,Federal Contract Tower,0,8,2,0,10,0,1,6,0,7,0,9,8,0,17,28,0,28,45
01/09/2020,LEB,NH,ANE,EN,Federal Contract Tower,0,9,9,0,18,0,13,26,0,39,0,22,35,0,57,94,0,94,151
01/10/2020,LEB,NH,ANE,EN,Federal Contract Tower,0,17,9,0,26,0,0,12,0,12,0,17,21,0,38,14,0,14,52
01/11/2020,LEB,NH,ANE,EN,Federal Contract Tower,0,11,0,0,11,0,6,1,0,7,0,17,1,0,18,0,0,0,18
01/12/2020,LEB,NH,ANE,EN,Federal Contract Tower,0,11,4,0,15,0,15,8,0,23,0,26,12,0,38,30,0,30,68
01/13/2020,LEB,NH,ANE,EN,Federal Contract Tower,0,14,3,0,17,0,4,0,0,4,0,18,3,0,21,0,0,0,21
01/14/2020,LEB,NH,ANE,EN,Federal Contract Tower,0,16,7,0,23,0,0,1,0,1,0,16,8,0,24,0,0,0,24
01/15/2020,LEB,NH,ANE,EN,Federal Contract Tower,0,15,9,0,24,0,0,24,0,24,0,15,33,0,48,70,0,70,118
01/16/2020,LEB,NH,ANE,EN,Federal Contract Tower,0,5,8,0,13,0,0,0,0,0,0,5,8,0,13,0,0,0,13
01/17/2020,LEB,NH,ANE,EN,Federal Contract Tower,0,14,9,0,23,0,12,18,0,30,0,26,27,0,53,20,0,20,73
01/18/2020,LEB,NH,ANE,EN,Federal Contract Tower,0,7,9,0,16,7,22,0,0,29,7,29,9,0,45,28,0,28,73
01/19/2020,LEB,NH,ANE,EN,Federal Contract Tower,0,16,4,0,20,0,15,11,0,26,0,31,15,0,46,0,0,0,46
01/20/2020,LEB,NH,ANE,EN,Federal Contract Tower,0,25,6,2,33,0,21,47,0,68,0,46,53,2,101,30,0,30,131
01/21/2020,LEB,NH,ANE,EN,Federal Contract Tower,0,9,9,1,19,0,8,36,1,45,0,17,45,2,64,18,2,20,84
01/22/2020,LEB,NH,ANE,EN,Federal Contract Tower,0,12,12,0,24,0,11,26,0,37,0,23,38,0,61,22,0,22,83
01/23/2020,LEB,NH,ANE,EN,Federal Contract Tower,0,13,10,0,23,0,8,27,0,35,0,21,37,0,58,14,2,16,74
01/24/2020,LEB,NH,ANE,EN,Federal Contract Tower,0,13,20,2,35,0,9,34,0,43,0,22,54,2,78,54,0,54,132
01/25/2020,LEB,NH,ANE,EN,Federal Contract Tower,0,12,2,0,14,0,0,0,0,0,0,12,2,0,14,0,0,0,14
01/26/2020,LEB,NH,ANE,EN,Federal Contract Tower,0,19,14,0,33,0,11,23,6,40,0,30,37,6,73,38,10,48,121
01/27/2020,LEB,NH,ANE,EN,Federal Contract Tower,0,16,7,0,23,0,7,23,5,35,0,23,30,5,58,66,0,66,124
01/28/2020,LEB,NH,ANE,EN,Federal Contract Tower,0,18,3,0,21,0,3,1,0,4,0,21,4,0,25,0,0,0,25
01/29/2020,LEB,NH,ANE,EN,Federal Contract Tower,0,10,14,0,24,0,8,31,0,39,0,18,45,0,63,40,0,40,103
01/30/2020,LEB,NH,ANE,EN,Federal Contract Tower,0,6,12,0,18,0,12,35,0,47,0,18,47,0,65,54,0,54,119
01/31/2020,LEB,NH,ANE,EN,Federal Contract Tower,0,12,11,0,23,0,12,19,3,34,0,24,30,3,57,24,6,30,87
02/01/2020,LEB,NH,ANE,EN,Federal Contract Tower,0,19,6,0,25,0,10,22,0,32,0,29,28,0,57,34,0,34,91
02/02/2020,LEB,NH,ANE,EN,Federal Contract Tower,0,17,5,0,22,0,15,25,1,41,0,32,30,1,63,48,4,52,115
02/03/2020,LEB,NH,ANE,EN,Federal Contract Tower,0,17,12,0,29,0,17,39,0,56,0,34,51,0,85,24,0,24,109
02/04/2020,LEB,NH,ANE,EN,Federal Contract Tower,0,13,5,0,18,0,9,27,0,36,0,22,32,0,54,32,0,32,86
02/05/2020,LEB,NH,ANE,EN,Federal Contract Tower,0,10,4,1,15,0,8,10,2,20,0,18,14,3,35,12,2,14,49
02/06/2020,LEB,NH,ANE,EN,Federal Contract Tower,0,0,0,0,0,0,0,0,0,0,0,0,0,0,0,0,0,0,0
02/07/2020,LEB,NH,ANE,EN,Federal Contract Tower,0,0,1,0,1,0,0,0,0,0,0,0,1,0,1,0,0,0,1
02/08/2020,LEB,NH,ANE,EN,Federal Contract Tower,0,11,5,0,16,0,7,2,2,11,0,18,7,2,27,0,0,0,27
02/09/2020,LEB,NH,ANE,EN,Federal Contract Tower,0,18,10,0,28,0,7,13,0,20,0,25,23,0,48,0,0,0,48
02/10/2020,LEB,NH,ANE,EN,Federal Contract Tower,0,19,6,0,25,0,0,0,0,0,0,19,6,0,25,0,0,0,25
02/11/2020,LEB,NH,ANE,EN,Federal Contract Tower,0,3,1,0,4,0,0,0,0,0,0,3,1,0,4,0,0,0,4
02/12/2020,LEB,NH,ANE,EN,Federal Contract Tower,0,9,7,0,16,0,8,31,2,41,0,17,38,2,57,40,0,40,97
02/13/2020,LEB,NH,ANE,EN,Federal Contract Tower,0,12,5,0,17,0,0,0,0,0,0,12,5,0,17,0,0,0,17
02/14/2020,LEB,NH,ANE,EN,Federal Contract Tower,0,8,15,0,23,0,17,34,0,51,0,25,49,0,74,0,0,0,74
02/15/2020,LEB,NH,ANE,EN,Federal Contract Tower,0,16,10,0,26,0,10,68,1,79,0,26,78,1,105,72,2,74,179
02/16/2020,LEB,NH,ANE,EN,Federal Contract Tower,0,13,13,0,26,0,12,36,1,49,0,25,49,1,75,26,0,26,101
02/17/2020,LEB,NH,ANE,EN,Federal Contract Tower,0,16,11,0,27,0,17,75,0,92,0,33,86,0,119,42,0,42,161
02/18/2020,LEB,NH,ANE,EN,Federal Contract Tower,0,6,2,0,8,0,0,0,0,0,0,6,2,0,8,0,0,0,8
02/19/2020,LEB,NH,ANE,EN,Federal Contract Tower,0,7,5,0,12,0,4,4,0,8,0,11,9,0,20,0,0,0,20
02/20/2020,LEB,NH,ANE,EN,Federal Contract Tower,0,17,9,0,26,0,11,25,2,38,0,28,34,2,64,46,0,46,110
02/21/2020,LEB,NH,ANE,EN,Federal Contract Tower,0,15,7,0,22,0,17,43,0,60,0,32,50,0,82,12,0,12,94
02/22/2020,LEB,NH,ANE,EN,Federal Contract Tower,0,14,9,0,23,0,11,43,0,54,0,25,52,0,77,38,0,38,115
02/23/2020,LEB,NH,ANE,EN,Federal Contract Tower,0,15,10,0,25,0,23,43,0,66,0,38,53,0,91,28,0,28,119
02/24/2020,LEB,NH,ANE,EN,Federal Contract Tower,0,18,9,0,27,0,11,64,2,77,0,29,73,2,104,30,8,38,142
02/25/2020,LEB,NH,ANE,EN,Federal Contract Tower,0,12,10,0,22,0,9,19,0,28,0,21,29,0,50,14,0,14,64
02/26/2020,LEB,NH,ANE,EN,Federal Contract Tower,0,15,7,0,22,0,3,0,0,3,0,18,7,0,25,18,0,18,43
02/27/2020,LEB,NH,ANE,EN,Federal Contract Tower,0,9,3,0,12,0,0,0,0,0,0,9,3,0,12,0,0,0,12
02/28/2020,LEB,NH,ANE,EN,Federal Contract Tower,0,17,16,2,35,0,2,3,0,5,0,19,19,2,40,6,0,6,46
02/29/2020,LEB,NH,ANE,EN,Federal Contract Tower,0,15,9,1,25,0,3,4,1,8,0,18,13,2,33,4,0,4,37
03/01/2020,LEB,NH,ANE,EN,Federal Contract Tower,0,19,16,0,35,0,20,39,0,59,0,39,55,0,94,26,0,26,120
03/02/2020,LEB,NH,ANE,EN,Federal Contract Tower,0,15,4,0,19,0,15,29,1,45,0,30,33,1,64,22,0,22,86
03/03/2020,LEB,NH,ANE,EN,Federal Contract Tower,0,10,16,0,26,0,13,30,0,43,0,23,46,0,69,14,0,14,83
03/04/2020,LEB,NH,ANE,EN,Federal Contract Tower,0,8,5,0,13,0,2,2,0,4,0,10,7,0,17,0,0,0,17
03/05/2020,LEB,NH,ANE,EN,Federal Contract Tower,0,8,9,2,19,0,19,26,4,49,0,27,35,6,68,20,0,20,88
03/06/2020,LEB,NH,ANE,EN,Federal Contract Tower,0,16,5,0,21,0,10,32,1,43,0,26,37,1,64,34,0,34,98
03/07/2020,LEB,NH,ANE,EN,Federal Contract Tower,0,11,6,1,18,0,16,45,3,64,0,27,51,4,82,12,0,12,94
03/08/2020,LEB,NH,ANE,EN,Federal Contract Tower,0,14,6,0,20,0,17,49,0,66,0,31,55,0,86,44,0,44,130
03/09/2020,LEB,NH,ANE,EN,Federal Contract Tower,0,10,9,0,19,0,19,18,0,37,0,29,27,0,56,16,0,16,72
03/10/2020,LEB,NH,ANE,EN,Federal Contract Tower,0,11,7,0,18,0,11,7,0,18,0,22,14,0,36,0,0,0,36
03/11/2020,LEB,NH,ANE,EN,Federal Contract Tower,0,4,7,0,11,0,14,26,4,44,0,18,33,4,55,2,0,2,57
03/12/2020,LEB,NH,ANE,EN,Federal Contract Tower,0,18,16,3,37,0,4,18,1,23,0,22,34,4,60,0,0,0,60
03/13/2020,LEB,NH,ANE,EN,Federal Contract Tower,0,23,13,0,36,0,3,1,0,4,0,26,14,0,40,0,0,0,40
03/14/2020,LEB,NH,ANE,EN,Federal Contract Tower,0,14,5,0,19,0,12,0,0,12,0,26,5,0,31,0,0,0,31
03/15/2020,LEB,NH,ANE,EN,Federal Contract Tower,0,9,5,0,14,0,19,47,0,66,0,28,52,0,80,10,0,10,90
03/16/2020,LEB,NH,ANE,EN,Federal Contract Tower,0,20,11,0,31,0,20,50,0,70,0,40,61,0,101,30,0,30,131
03/17/2020,LEB,NH,ANE,EN,Federal Contract Tower,0,15,2,0,17,0,0,0,0,0,0,15,2,0,17,0,0,0,17
03/18/2020,LEB,NH,ANE,EN,Federal Contract Tower,0,8,10,0,18,0,14,59,4,77,0,22,69,4,95,46,2,48,143
03/19/2020,LEB,NH,ANE,EN,Federal Contract Tower,0,13,1,0,14,0,0,2,0,2,0,13,3,0,16,4,0,4,20
03/20/2020,LEB,NH,ANE,EN,Federal Contract Tower,0,16,1,0,17,0,1,3,0,4,0,17,4,0,21,0,0,0,21
03/21/2020,LEB,NH,ANE,EN,Federal Contract Tower,0,8,4,0,12,0,9,16,0,25,0,17,20,0,37,12,0,12,49
03/22/2020,LEB,NH,ANE,EN,Federal Contract Tower,0,9,5,1,15,0,13,47,2,62,0,22,52,3,77,50,0,50,127
03/23/2020,LEB,NH,ANE,EN,Federal Contract Tower,0,15,3,0,18,0,1,0,0,1,0,16,3,0,19,0,0,0,19
03/24/2020,LEB,NH,ANE,EN,Federal Contract Tower,0,15,3,0,18,0,0,2,0,2,0,15,5,0,20,4,0,4,24
03/25/2020,LEB,NH,ANE,EN,Federal Contract Tower,0,8,4,0,12,0,4,0,0,4,0,12,4,0,16,2,0,2,18
03/26/2020,LEB,NH,ANE,EN,Federal Contract Tower,0,2,3,0,5,0,12,20,0,32,0,14,23,0,37,36,2,38,75
03/27/2020,LEB,NH,ANE,EN,Federal Contract Tower,0,6,2,0,8,0,15,22,0,37,0,21,24,0,45,16,0,16,61
03/28/2020,LEB,NH,ANE,EN,Federal Contract Tower,0,9,4,0,13,0,11,39,2,52,0,20,43,2,65,42,0,42,107
03/29/2020,LEB,NH,ANE,EN,Federal Contract Tower,0,8,0,0,8,0,0,0,0,0,0,8,0,0,8,0,0,0,8
03/30/2020,LEB,NH,ANE,EN,Federal Contract Tower,0,16,0,0,16,0,0,0,0,0,0,16,0,0,16,0,0,0,16
03/31/2020,LEB,NH,ANE,EN,Federal Contract Tower,0,9,5,0,14,0,3,4,0,7,0,12,9,0,21,12,0,12,33
04/01/2020,LEB,NH,ANE,EN,Federal Contract Tower,0,5,5,0,10,0,7,18,0,25,0,12,23,0,35,10,0,10,45
04/02/2020,LEB,NH,ANE,EN,Federal Contract Tower,0,13,0,0,13,0,0,2,0,2,0,13,2,0,15,0,0,0,15
04/03/2020,LEB,NH,ANE,EN,Federal Contract Tower,0,9,3,0,12,0,0,0,0,0,0,9,3,0,12,0,0,0,12
04/04/2020,LEB,NH,ANE,EN,Federal Contract Tower,0,12,1,0,13,0,6,3,0,9,0,18,4,0,22,16,0,16,38
04/05/2020,LEB,NH,ANE,EN,Federal Contract Tower,0,12,9,1,22,0,2,29,0,31,0,14,38,1,53,0,0,0,53
04/06/2020,LEB,NH,ANE,EN,Federal Contract Tower,0,6,0,0,6,0,14,30,0,44,0,20,30,0,50,14,0,14,64
04/07/2020,LEB,NH,ANE,EN,Federal Contract Tower,0,6,0,0,6,0,8,16,0,24,0,14,16,0,30,10,0,10,40
04/08/2020,LEB,NH,ANE,EN,Federal Contract Tower,0,7,1,0,8,0,6,17,6,29,0,13,18,6,37,8,2,10,47
04/09/2020,LEB,NH,ANE,EN,Federal Contract Tower,0,10,0,0,10,0,0,2,0,2,0,10,2,0,12,0,0,0,12
04/10/2020,LEB,NH,ANE,EN,Federal Contract Tower,0,11,3,0,14,0,1,2,0,3,0,12,5,0,17,12,0,12,29
04/11/2020,LEB,NH,ANE,EN,Federal Contract Tower,0,13,2,0,15,0,0,9,0,9,0,13,11,0,24,2,0,2,26
04/12/2020,LEB,NH,ANE,EN,Federal Contract Tower,0,10,2,0,12,0,6,26,0,32,0,16,28,0,44,14,0,14,58
04/13/2020,LEB,NH,ANE,EN,Federal Contract Tower,0,4,0,0,4,0,0,0,0,0,0,4,0,0,4,0,0,0,4
04/14/2020,LEB,NH,ANE,EN,Federal Contract Tower,0,7,1,0,8,0,10,7,0,17,0,17,8,0,25,18,0,18,43
04/15/2020,LEB,NH,ANE,EN,Federal Contract Tower,0,5,2,0,7,0,8,5,0,13,0,13,7,0,20,6,0,6,26
04/16/2020,LEB,NH,ANE,EN,Federal Contract Tower,0,11,0,0,11,0,2,2,0,4,0,13,2,0,15,0,0,0,15
04/17/2020,LEB,NH,ANE,EN,Federal Contract Tower,0,12,3,0,15,0,2,2,0,4,0,14,5,0,19,2,0,2,21
04/18/2020,LEB,NH,ANE,EN,Federal Contract Tower,0,12,1,0,13,0,2,0,0,2,0,14,1,0,15,0,0,0,15
04/19/2020,LEB,NH,ANE,EN,Federal Contract Tower,0,10,3,2,15,0,12,34,0,46,0,22,37,2,61,4,0,4,65
04/20/2020,LEB,NH,ANE,EN,Federal Contract Tower,0,9,2,0,11,0,17,28,0,45,0,26,30,0,56,14,0,14,70
04/21/2020,LEB,NH,ANE,EN,Federal Contract Tower,0,6,0,0,6,0,2,0,0,2,0,8,0,0,8,0,0,0,8
04/22/2020,LEB,NH,ANE,EN,Federal Contract Tower,0,13,0,0,13,0,0,0,0,0,0,13,0,0,13,0,4,4,17
04/23/2020,LEB,NH,ANE,EN,Federal Contract Tower,0,4,7,1,12,0,19,8,2,29,0,23,15,3,41,14,2,16,57
04/24/2020,LEB,NH,ANE,EN,Federal Contract Tower,0,11,4,0,15,0,9,15,0,24,0,20,19,0,39,0,0,0,39
04/25/2020,LEB,NH,ANE,EN,Federal Contract Tower,0,5,12,0,17,0,15,48,2,65,0,20,60,2,82,18,0,18,100
04/26/2020,LEB,NH,ANE,EN,Federal Contract Tower,0,14,1,0,15,0,6,13,0,19,0,20,14,0,34,20,0,20,54
04/27/2020,LEB,NH,ANE,EN,Federal Contract Tower,0,12,4,0,16,0,0,0,0,0,0,12,4,0,16,0,0,0,16
04/28/2020,LEB,NH,ANE,EN,Federal Contract Tower,0,11,4,0,15,0,9,18,0,27,0,20,22,0,42,38,0,38,80
04/29/2020,LEB,NH,ANE,EN,Federal Contract Tower,0,5,3,0,8,0,9,21,0,30,0,14,24,0,38,14,0,14,52
04/30/2020,LEB,NH,ANE,EN,Federal Contract Tower,0,13,7,0,20,0,0,2,0,2,0,13,9,0,22,8,0,8,30
05/01/2020,LEB,NH,ANE,EN,Federal Contract Tower,0,12,4,0,16,0,1,1,0,2,0,13,5,0,18,2,0,2,20
05/02/2020,LEB,NH,ANE,EN,Federal Contract Tower,0,12,5,1,18,0,8,14,1,23,0,20,19,2,41,10,0,10,51
05/03/2020,LEB,NH,ANE,EN,Federal Contract Tower,0,9,3,0,12,0,27,20,0,47,0,36,23,0,59,10,0,10,69
05/04/2020,LEB,NH,ANE,EN,Federal Contract Tower,0,8,4,0,12,0,15,18,0,33,0,23,22,0,45,12,0,12,57
05/05/2020,LEB,NH,ANE,EN,Federal Contract Tower,0,13,5,4,22,0,7,8,1,16,0,20,13,5,38,6,2,8,46
05/06/2020,LEB,NH,ANE,EN,Federal Contract Tower,0,6,2,0,8,0,17,24,0,41,0,23,26,0,49,16,0,16,65
05/07/2020,LEB,NH,ANE,EN,Federal Contract Tower,0,7,3,0,10,0,7,14,0,21,0,14,17,0,31,26,0,26,57
05/08/2020,LEB,NH,ANE,EN,Federal Contract Tower,0,12,8,0,20,0,6,21,0,27,0,18,29,0,47,26,0,26,73
05/09/2020,LEB,NH,ANE,EN,Federal Contract Tower,0,11,0,0,11,0,1,0,0,1,0,12,0,0,12,0,0,0,12
05/10/2020,LEB,NH,ANE,EN,Federal Contract Tower,0,11,2,0,13,0,2,0,0,2,0,13,2,0,15,0,0,0,15
05/11/2020,LEB,NH,ANE,EN,Federal Contract Tower,0,14,1,0,15,0,3,2,0,5,0,17,3,0,20,20,0,20,40
05/12/2020,LEB,NH,ANE,EN,Federal Contract Tower,0,5,0,2,7,0,17,4,2,23,0,22,4,4,30,6,2,8,38
05/13/2020,LEB,NH,ANE,EN,Federal Contract Tower,0,3,2,0,5,0,14,29,2,45,0,17,31,2,50,16,0,16,66
05/14/2020,LEB,NH,ANE,EN,Federal Contract Tower,0,3,8,0,11,0,13,47,0,60,0,16,55,0,71,24,0,24,95
05/15/2020,LEB,NH,ANE,EN,Federal Contract Tower,0,9,11,0,20,0,5,17,0,22,0,14,28,0,42,26,0,26,68
05/16/2020,LEB,NH,ANE,EN,Federal Contract Tower,0,10,6,0,16,0,10,15,0,25,0,20,21,0,41,20,0,20,61
05/17/2020,LEB,NH,ANE,EN,Federal Contract Tower,0,9,14,0,23,0,5,27,0,32,0,14,41,0,55,20,0,20,75
05/18/2020,LEB,NH,ANE,EN,Federal Contract Tower,0,7,2,0,9,0,20,16,0,36,0,27,18,0,45,16,0,16,61
05/19/2020,LEB,NH,ANE,EN,Federal Contract Tower,0,6,5,0,11,0,9,14,0,23,0,15,19,0,34,4,0,4,38
05/20/2020,LEB,NH,ANE,EN,Federal Contract Tower,0,9,14,0,23,0,10,38,2,50,0,19,52,2,73,28,0,28,101
05/21/2020,LEB,NH,ANE,EN,Federal Contract Tower,0,7,7,2,16,0,9,32,0,41,0,16,39,2,57,16,0,16,73
05/22/2020,LEB,NH,ANE,EN,Federal Contract Tower,0,5,2,1,8,0,11,30,1,42,0,16,32,2,50,42,2,44,94
05/23/2020,LEB,NH,ANE,EN,Federal Contract Tower,0,7,4,0,11,0,4,5,0,9,0,11,9,0,20,2,0,2,22
05/24/2020,LEB,NH,ANE,EN,Federal Contract Tower,0,7,8,0,15,0,20,25,0,45,0,27,33,0,60,22,0,22,82
05/25/2020,LEB,NH,ANE,EN,Federal Contract Tower,0,8,6,0,14,0,2,0,0,2,0,10,6,0,16,0,0,0,16
05/26/2020,LEB,NH,ANE,EN,Federal Contract Tower,0,5,4,0,9,0,5,17,0,22,0,10,21,0,31,18,0,18,49
05/27/2020,LEB,NH,ANE,EN,Federal Contract Tower,0,5,7,0,12,0,6,17,2,25,0,11,24,2,37,10,0,10,47
05/28/2020,LEB,NH,ANE,EN,Federal Contract Tower,0,11,8,0,19,0,1,13,0,14,0,12,21,0,33,6,0,6,39
05/29/2020,LEB,NH,ANE,EN,Federal Contract Tower,0,13,2,0,15,0,6,22,0,28,0,19,24,0,43,18,0,18,61
05/30/2020,LEB,NH,ANE,EN,Federal Contract Tower,0,9,3,0,12,0,6,22,3,31,0,15,25,3,43,0,6,6,49
05/31/2020,LEB,NH,ANE,EN,Federal Contract Tower,0,7,2,0,9,0,13,18,0,31,0,20,20,0,40,18,0,18,58
06/01/2020,LEB,NH,ANE,EN,Federal Contract Tower,0,10,8,0,18,0,10,31,0,41,0,20,39,0,59,46,0,46,105
06/03/2020,LEB,NH,ANE,EN,Federal Contract Tower,0,8,8,2,18,0,5,17,0,22,0,13,25,2,40,28,0,28,68
06/04/2020,LEB,NH,ANE,EN,Federal Contract Tower,0,3,6,1,10,0,7,40,0,47,0,10,46,1,57,22,2,24,81
06/05/2020,LEB,NH,ANE,EN,Federal Contract Tower,0,9,11,0,20,0,9,44,0,53,0,18,55,0,73,112,0,112,185
06/06/2020,LEB,NH,ANE,EN,Federal Contract Tower,0,11,5,0,16,0,2,7,0,9,0,13,12,0,25,8,0,8,33
06/07/2020,LEB,NH,ANE,EN,Federal Contract Tower,0,8,10,0,18,0,9,20,0,29,0,17,30,0,47,22,0,22,69
06/08/2020,LEB,NH,ANE,EN,Federal Contract Tower,0,9,13,0,22,0,27,45,0,72,0,36,58,0,94,52,0,52,146
06/09/2020,LEB,NH,ANE,EN,Federal Contract Tower,0,6,6,0,12,0,14,31,0,45,0,20,37,0,57,74,0,74,131
06/10/2020,LEB,NH,ANE,EN,Federal Contract Tower,0,8,4,0,12,0,7,11,0,18,0,15,15,0,30,16,0,16,46
06/11/2020,LEB,NH,ANE,EN,Federal Contract Tower,0,11,6,0,17,0,3,0,0,3,0,14,6,0,20,0,0,0,20
06/12/2020,LEB,NH,ANE,EN,Federal Contract Tower,0,8,5,0,13,0,7,41,6,54,0,15,46,6,67,4,2,6,73
06/13/2020,LEB,NH,ANE,EN,Federal Contract Tower,0,9,7,0,16,0,10,32,0,42,0,19,39,0,58,74,2,76,134
06/14/2020,LEB,NH,ANE,EN,Federal Contract Tower,0,10,6,0,16,0,25,31,0,56,0,35,37,0,72,14,0,14,86
06/15/2020,LEB,NH,ANE,EN,Federal Contract Tower,0,11,7,0,18,0,12,57,2,71,0,23,64,2,89,28,0,28,117
06/16/2020,LEB,NH,ANE,EN,Federal Contract Tower,0,7,11,0,18,0,16,30,0,46,0,23,41,0,64,20,0,20,84
06/17/2020,LEB,NH,ANE,EN,Federal Contract Tower,0,1,14,0,15,0,12,46,0,58,0,13,60,0,73,68,0,68,141
06/18/2020,LEB,NH,ANE,EN,Federal Contract Tower,0,7,10,0,17,0,15,37,0,52,0,22,47,0,69,70,0,70,139
06/19/2020,LEB,NH,ANE,EN,Federal Contract Tower,0,11,4,0,15,0,18,37,4,59,0,29,41,4,74,24,0,24,98
06/20/2020,LEB,NH,ANE,EN,Federal Contract Tower,0,9,5,0,14,0,8,25,0,33,0,17,30,0,47,54,0,54,101
06/21/2020,LEB,NH,ANE,EN,Federal Contract Tower,0,9,9,0,18,0,15,28,0,43,0,24,37,0,61,36,0,36,97
06/22/2020,LEB,NH,ANE,EN,Federal Contract Tower,0,9,9,0,18,0,5,38,0,43,0,14,47,0,61,48,0,48,109
06/23/2020,LEB,NH,ANE,EN,Federal Contract Tower,0,12,2,0,14,0,5,9,0,14,0,17,11,0,28,6,0,6,34
06/24/2020,LEB,NH,ANE,EN,Federal Contract Tower,0,13,5,2,20,0,8,20,0,28,0,21,25,2,48,10,2,12,60
06/25/2020,LEB,NH,ANE,EN,Federal Contract Tower,0,10,4,0,14,0,11,31,0,42,0,21,35,0,56,18,0,18,74
06/26/2020,LEB,NH,ANE,EN,Federal Contract Tower,0,7,9,0,16,0,12,45,1,58,0,19,54,1,74,16,0,16,90
06/27/2020,LEB,NH,ANE,EN,Federal Contract Tower,0,12,13,1,26,0,11,30,1,42,0,23,43,2,68,4,0,4,72
06/28/2020,LEB,NH,ANE,EN,Federal Contract Tower,0,9,7,0,16,0,6,22,0,28,0,15,29,0,44,24,0,24,68
06/29/2020,LEB,NH,ANE,EN,Federal Contract Tower,0,25,6,0,31,0,1,0,0,1,0,26,6,0,32,0,0,0,32
06/30/2020,LEB,NH,ANE,EN,Federal Contract Tower,0,14,8,0,22,0,0,7,0,7,0,14,15,0,29,8,0,8,37
07/01/2020,LEB,NH,ANE,EN,Federal Contract Tower,0,11,3,0,14,0,3,15,0,18,0,14,18,0,32,6,0,6,38
07/02/2020,LEB,NH,ANE,EN,Federal Contract Tower,0,13,13,0,26,0,12,44,0,56,0,25,57,0,82,62,0,62,144
07/03/2020,LEB,NH,ANE,EN,Federal Contract Tower,0,12,24,0,36,0,1,24,0,25,0,13,48,0,61,22,0,22,83
07/04/2020,LEB,NH,ANE,EN,Federal Contract Tower,0,10,7,0,17,0,17,25,0,42,0,27,32,0,59,4,0,4,63
07/05/2020,LEB,NH,ANE,EN,Federal Contract Tower,0,11,5,0,16,0,13,34,0,47,0,24,39,0,63,34,0,34,97
07/06/2020,LEB,NH,ANE,EN,Federal Contract Tower,0,14,6,0,20,0,18,37,0,55,0,32,43,0,75,6,0,6,81
07/07/2020,LEB,NH,ANE,EN,Federal Contract Tower,0,12,11,0,23,0,9,28,0,37,0,21,39,0,60,42,0,42,102
07/08/2020,LEB,NH,ANE,EN,Federal Contract Tower,0,8,4,0,12,0,5,7,0,12,0,13,11,0,24,16,0,16,40
07/09/2020,LEB,NH,ANE,EN,Federal Contract Tower,0,9,5,1,15,0,8,30,0,38,0,17,35,1,53,116,2,118,171
07/10/2020,LEB,NH,ANE,EN,Federal Contract Tower,0,11,10,0,21,0,6,16,0,22,0,17,26,0,43,32,0,32,75
07/11/2020,LEB,NH,ANE,EN,Federal Contract Tower,0,16,8,0,24,0,8,0,0,8,0,24,8,0,32,0,0,0,32
07/12/2020,LEB,NH,ANE,EN,Federal Contract Tower,0,18,3,0,21,0,7,20,3,30,0,25,23,3,51,18,0,18,69
07/13/2020,LEB,NH,ANE,EN,Federal Contract Tower,0,10,3,0,13,0,22,30,0,52,0,32,33,0,65,38,0,38,103
07/14/2020,LEB,NH,ANE,EN,Federal Contract Tower,0,8,6,0,14,0,5,1,0,6,0,13,7,0,20,0,0,0,20
07/15/2020,LEB,NH,ANE,EN,Federal Contract Tower,0,9,6,0,15,0,13,37,4,54,0,22,43,4,69,24,0,24,93
07/16/2020,LEB,NH,ANE,EN,Federal Contract Tower,0,20,7,0,27,0,0,16,0,16,0,20,23,0,43,36,0,36,79
07/17/2020,LEB,NH,ANE,EN,Federal Contract Tower,0,24,11,0,35,0,3,12,0,15,0,27,23,0,50,0,0,0,50
07/18/2020,LEB,NH,ANE,EN,Federal Contract Tower,0,9,11,0,20,0,12,54,2,68,0,21,65,2,88,8,0,8,96
07/19/2020,LEB,NH,ANE,EN,Federal Contract Tower,0,11,9,0,20,0,14,43,1,58,0,25,52,1,78,18,0,18,96
07/20/2020,LEB,NH,ANE,EN,Federal Contract Tower,0,16,11,0,27,0,13,34,2,49,0,29,45,2,76,14,0,14,90
07/21/2020,LEB,NH,ANE,EN,Federal Contract Tower,0,14,7,1,22,0,9,64,0,73,0,23,71,1,95,34,0,34,129
07/22/2020,LEB,NH,ANE,EN,Federal Contract Tower,0,16,11,2,29,0,1,13,0,14,0,17,24,2,43,24,0,24,67
07/23/2020,LEB,NH,ANE,EN,Federal Contract Tower,0,20,11,0,31,0,0,1,0,1,0,20,12,0,32,0,0,0,32
07/24/2020,LEB,NH,ANE,EN,Federal Contract Tower,0,12,24,0,36,0,12,58,3,73,0,24,82,3,109,12,0,12,121
07/25/2020,LEB,NH,ANE,EN,Federal Contract Tower,0,19,9,0,28,0,18,67,0,85,0,37,76,0,113,66,0,66,179
07/26/2020,LEB,NH,ANE,EN,Federal Contract Tower,0,9,13,0,22,0,18,39,0,57,0,27,52,0,79,32,0,32,111
07/27/2020,LEB,NH,ANE,EN,Federal Contract Tower,0,20,2,0,22,0,9,23,0,32,0,29,25,0,54,16,0,16,70
07/28/2020,LEB,NH,ANE,EN,Federal Contract Tower,0,13,6,0,19,0,0,9,6,15,0,13,15,6,34,50,0,50,84
07/29/2020,LEB,NH,ANE,EN,Federal Contract Tower,0,17,10,0,27,0,7,56,2,65,0,24,66,2,92,50,8,58,150
07/30/2020,LEB,NH,ANE,EN,Federal Contract Tower,0,17,12,0,29,0,12,11,2,25,0,29,23,2,54,10,0,10,64
07/31/2020,LEB,NH,ANE,EN,Federal Contract Tower,0,16,13,0,29,0,13,48,2,63,0,29,61,2,92,56,0,56,148
08/01/2020,LEB,NH,ANE,EN,Federal Contract Tower,0,11,10,0,21,0,18,64,0,82,0,29,74,0,103,34,0,34,137
08/02/2020,LEB,NH,ANE,EN,Federal Contract Tower,0,12,15,0,27,0,14,35,0,49,0,26,50,0,76,24,0,24,100
08/03/2020,LEB,NH,ANE,EN,Federal Contract Tower,0,11,8,0,19,0,16,38,0,54,0,27,46,0,73,34,0,34,107
08/04/2020,LEB,NH,ANE,EN,Federal Contract Tower,0,8,3,0,11,0,0,0,0,0,0,8,3,0,11,0,0,0,11
08/05/2020,LEB,NH,ANE,EN,Federal Contract Tower,0,12,7,0,19,0,13,40,0,53,0,25,47,0,72,38,0,38,110
08/06/2020,LEB,NH,ANE,EN,Federal Contract Tower,0,7,6,0,13,0,17,36,1,54,0,24,42,1,67,50,0,50,117
08/07/2020,LEB,NH,ANE,EN,Federal Contract Tower,0,11,11,0,22,0,16,54,0,70,0,27,65,0,92,36,0,36,128
08/08/2020,LEB,NH,ANE,EN,Federal Contract Tower,0,16,9,0,25,0,10,49,0,59,0,26,58,0,84,12,0,12,96
08/09/2020,LEB,NH,ANE,EN,Federal Contract Tower,0,13,11,0,24,0,26,48,0,74,0,39,59,0,98,26,0,26,124
08/10/2020,LEB,NH,ANE,EN,Federal Contract Tower,0,14,12,1,27,0,15,59,12,86,0,29,71,13,113,36,16,52,165
08/11/2020,LEB,NH,ANE,EN,Federal Contract Tower,0,6,2,1,9,0,12,28,9,49,0,18,30,10,58,22,6,28,86
08/12/2020,LEB,NH,ANE,EN,Federal Contract Tower,0,9,6,2,17,0,8,42,0,50,0,17,48,2,67,22,0,22,89
08/13/2020,LEB,NH,ANE,EN,Federal Contract Tower,0,13,9,0,22,0,9,42,0,51,0,22,51,0,73,66,0,66,139
08/14/2020,LEB,NH,ANE,EN,Federal Contract Tower,0,12,10,0,22,0,19,42,0,61,0,31,52,0,83,22,0,22,105
08/15/2020,LEB,NH,ANE,EN,Federal Contract Tower,0,10,9,0,19,0,11,48,0,59,0,21,57,0,78,22,0,22,100
08/16/2020,LEB,NH,ANE,EN,Federal Contract Tower,0,24,10,0,34,0,11,13,0,24,0,35,23,0,58,34,0,34,92
08/17/2020,LEB,NH,ANE,EN,Federal Contract Tower,0,10,9,0,19,0,10,27,0,37,0,20,36,0,56,32,0,32,88
08/18/2020,LEB,NH,ANE,EN,Federal Contract Tower,0,16,8,0,24,0,6,20,2,28,0,22,28,2,52,0,0,0,52
08/19/2020,LEB,NH,ANE,EN,Federal Contract Tower,0,6,16,0,22,0,9,39,2,50,0,15,55,2,72,22,0,22,94
08/20/2020,LEB,NH,ANE,EN,Federal Contract Tower,0,6,16,0,22,0,8,48,0,56,0,14,64,0,78,32,4,36,114
08/21/2020,LEB,NH,ANE,EN,Federal Contract Tower,0,5,7,1,13,0,9,18,5,32,0,14,25,6,45,2,18,20,65
08/22/2020,LEB,NH,ANE,EN,Federal Contract Tower,0,17,5,0,22,0,13,28,0,41,0,30,33,0,63,6,0,6,69
08/23/2020,LEB,NH,ANE,EN,Federal Contract Tower,0,14,7,0,21,0,13,26,2,41,0,27,33,2,62,4,0,4,66
08/24/2020,LEB,NH,ANE,EN,Federal Contract Tower,0,9,4,0,13,0,14,15,0,29,0,23,19,0,42,4,0,4,46
08/25/2020,LEB,NH,ANE,EN,Federal Contract Tower,0,5,8,0,13,0,5,14,0,19,0,10,22,0,32,20,0,20,52
08/26/2020,LEB,NH,ANE,EN,Federal Contract Tower,0,8,11,0,19,0,20,33,0,53,0,28,44,0,72,26,0,26,98
08/27/2020,LEB,NH,ANE,EN,Federal Contract Tower,0,8,20,0,28,0,5,2,0,7,0,13,22,0,35,12,0,12,47
08/28/2020,LEB,NH,ANE,EN,Federal Contract Tower,0,11,10,0,21,0,16,39,0,55,0,27,49,0,76,16,0,16,92
08/29/2020,LEB,NH,ANE,EN,Federal Contract Tower,0,12,10,0,22,0,0,0,0,0,0,12,10,0,22,0,0,0,22
08/30/2020,LEB,NH,ANE,EN,Federal Contract Tower,0,9,6,0,15,0,17,30,0,47,0,26,36,0,62,0,0,0,62
08/31/2020,LEB,NH,ANE,EN,Federal Contract Tower,0,10,6,0,16,0,15,76,3,94,0,25,82,3,110,40,0,40,150
09/01/2020,LEB,NH,ANE,EN,Federal Contract Tower,0,10,13,0,23,0,12,28,0,40,0,22,41,0,63,40,0,40,103
09/02/2020,LEB,NH,ANE,EN,Federal Contract Tower,0,18,8,0,26,0,0,0,0,0,0,18,8,0,26,0,0,0,26
09/03/2020,LEB,NH,ANE,EN,Federal Contract Tower,0,13,17,0,30,0,6,33,0,39,0,19,50,0,69,18,0,18,87
09/04/2020,LEB,NH,ANE,EN,Federal Contract Tower,0,6,21,0,27,0,18,50,0,68,0,24,71,0,95,52,0,52,147
09/05/2020,LEB,NH,ANE,EN,Federal Contract Tower,0,12,4,0,16,0,19,58,0,77,0,31,62,0,93,0,0,0,93
09/06/2020,LEB,NH,ANE,EN,Federal Contract Tower,0,8,7,0,15,0,27,48,2,77,0,35,55,2,92,12,0,12,104
09/07/2020,LEB,NH,ANE,EN,Federal Contract Tower,0,15,11,0,26,0,10,33,0,43,0,25,44,0,69,0,0,0,69
09/08/2020,LEB,NH,ANE,EN,Federal Contract Tower,0,19,14,0,33,0,8,53,6,67,0,27,67,6,100,62,12,74,174
09/09/2020,LEB,NH,ANE,EN,Federal Contract Tower,0,13,12,0,25,0,9,55,0,64,0,22,67,0,89,26,0,26,115
09/10/2020,LEB,NH,ANE,EN,Federal Contract Tower,0,17,17,0,34,0,4,5,0,9,0,21,22,0,43,76,0,76,119
09/11/2020,LEB,NH,ANE,EN,Federal Contract Tower,0,17,13,0,30,0,14,39,0,53,0,31,52,0,83,16,0,16,99
09/12/2020,LEB,NH,ANE,EN,Federal Contract Tower,0,19,7,0,26,0,11,65,3,79,0,30,72,3,105,16,0,16,121
09/13/2020,LEB,NH,ANE,EN,Federal Contract Tower,0,18,19,0,37,0,22,18,0,40,0,40,37,0,77,16,0,16,93
09/14/2020,LEB,NH,ANE,EN,Federal Contract Tower,0,14,8,0,22,0,22,41,0,63,0,36,49,0,85,26,0,26,111
09/15/2020,LEB,NH,ANE,EN,Federal Contract Tower,0,20,9,0,29,0,26,37,2,65,0,46,46,2,94,28,0,28,122
09/16/2020,LEB,NH,ANE,EN,Federal Contract Tower,0,12,11,0,23,0,10,30,0,40,0,22,41,0,63,14,0,14,77
09/17/2020,LEB,NH,ANE,EN,Federal Contract Tower,0,17,15,0,32,0,5,27,0,32,0,22,42,0,64,32,0,32,96
09/18/2020,LEB,NH,ANE,EN,Federal Contract Tower,0,14,15,0,29,0,18,57,0,75,0,32,72,0,104,18,0,18,122
09/19/2020,LEB,NH,ANE,EN,Federal Contract Tower,0,5,14,0,19,0,18,63,0,81,0,23,77,0,100,66,0,66,166
09/20/2020,LEB,NH,ANE,EN,Federal Contract Tower,0,10,10,0,20,0,32,48,0,80,0,42,58,0,100,18,0,18,118
09/21/2020,LEB,NH,ANE,EN,Federal Contract Tower,0,13,19,0,32,0,22,51,2,75,0,35,70,2,107,48,0,48,155
09/22/2020,LEB,NH,ANE,EN,Federal Contract Tower,0,7,7,1,15,0,12,30,0,42,0,19,37,1,57,26,2,28,85
09/23/2020,LEB,NH,ANE,EN,Federal Contract Tower,0,8,3,1,12,0,9,32,3,44,0,17,35,4,56,34,0,34,90
09/24/2020,LEB,NH,ANE,EN,Federal Contract Tower,0,12,13,0,25,0,14,39,0,53,0,26,52,0,78,70,0,70,148
09/25/2020,LEB,NH,ANE,EN,Federal Contract Tower,0,13,11,1,25,0,14,71,1,86,0,27,82,2,111,58,0,58,169
09/26/2020,LEB,NH,ANE,EN,Federal Contract Tower,0,15,2,0,17,0,17,38,0,55,0,32,40,0,72,4,0,4,76
09/27/2020,LEB,NH,ANE,EN,Federal Contract Tower,0,23,16,0,39,0,21,23,0,44,0,44,39,0,83,2,0,2,85
09/28/2020,LEB,NH,ANE,EN,Federal Contract Tower,0,20,5,0,25,0,8,40,0,48,0,28,45,0,73,80,0,80,153
09/29/2020,LEB,NH,ANE,EN,Federal Contract Tower,0,12,8,0,20,0,6,9,0,15,0,18,17,0,35,98,0,98,133
09/30/2020,LEB,NH,ANE,EN,Federal Contract Tower,0,10,5,0,15,0,2,6,0,8,0,12,11,0,23,42,0,42,65
10/01/2020,LEB,NH,ANE,EN,Federal Contract Tower,0,16,18,0,34,0,13,53,4,70,0,29,71,4,104,96,2,98,202
10/02/2020,LEB,NH,ANE,EN,Federal Contract Tower,0,19,12,0,31,0,3,4,0,7,0,22,16,0,38,6,0,6,44
10/03/2020,LEB,NH,ANE,EN,Federal Contract Tower,0,10,7,0,17,0,14,49,0,63,0,24,56,0,80,14,0,14,94
10/04/2020,LEB,NH,ANE,EN,Federal Contract Tower,0,21,20,2,43,0,11,48,1,60,0,32,68,3,103,32,0,32,135
10/05/2020,LEB,NH,ANE,EN,Federal Contract Tower,0,21,21,0,42,0,22,65,0,87,0,43,86,0,129,42,0,42,171
10/06/2020,LEB,NH,ANE,EN,Federal Contract Tower,0,15,8,2,25,0,8,41,2,51,0,23,49,4,76,24,0,24,100
10/07/2020,LEB,NH,ANE,EN,Federal Contract Tower,0,6,4,0,10,0,5,16,0,21,0,11,20,0,31,16,0,16,47
10/08/2020,LEB,NH,ANE,EN,Federal Contract Tower,0,6,15,2,23,0,8,12,0,20,0,14,27,2,43,20,10,30,73
10/09/2020,LEB,NH,ANE,EN,Federal Contract Tower,0,15,7,0,22,0,18,61,0,79,0,33,68,0,101,30,0,30,131
10/10/2020,LEB,NH,ANE,EN,Federal Contract Tower,0,8,5,0,13,0,9,12,0,21,0,17,17,0,34,0,0,0,34
10/11/2020,LEB,NH,ANE,EN,Federal Contract Tower,0,16,14,0,30,0,10,47,0,57,0,26,61,0,87,26,0,26,113
10/12/2020,LEB,NH,ANE,EN,Federal Contract Tower,0,20,15,1,36,0,8,52,0,60,0,28,67,1,96,40,0,40,136
10/13/2020,LEB,NH,ANE,EN,Federal Contract Tower,0,17,8,0,25,0,0,0,0,0,0,17,8,0,25,0,0,0,25
10/14/2020,LEB,NH,ANE,EN,Federal Contract Tower,0,12,11,0,23,0,5,28,3,36,0,17,39,3,59,26,0,26,85
10/15/2020,LEB,NH,ANE,EN,Federal Contract Tower,0,15,12,1,28,0,12,53,3,68,0,27,65,4,96,24,0,24,120
10/16/2020,LEB,NH,ANE,EN,Federal Contract Tower,0,20,17,0,37,0,0,0,0,0,0,20,17,0,37,0,0,0,37
10/17/2020,LEB,NH,ANE,EN,Federal Contract Tower,0,15,8,2,25,0,10,33,0,43,0,25,41,2,68,14,0,14,82
10/18/2020,LEB,NH,ANE,EN,Federal Contract Tower,0,15,10,0,25,0,9,70,0,79,0,24,80,0,104,60,0,60,164
10/19/2020,LEB,NH,ANE,EN,Federal Contract Tower,0,16,11,0,27,0,9,61,0,70,0,25,72,0,97,44,0,44,141
10/20/2020,LEB,NH,ANE,EN,Federal Contract Tower,0,20,6,0,26,0,0,0,0,0,0,20,6,0,26,0,0,0,26
10/21/2020,LEB,NH,ANE,EN,Federal Contract Tower,0,13,9,0,22,0,1,10,0,11,0,14,19,0,33,14,0,14,47
10/22/2020,LEB,NH,ANE,EN,Federal Contract Tower,0,21,12,0,33,0,8,75,2,85,0,29,87,2,118,50,0,50,168
10/23/2020,LEB,NH,ANE,EN,Federal Contract Tower,0,21,11,0,32,0,0,1,0,1,0,21,12,0,33,0,0,0,33
10/24/2020,LEB,NH,ANE,EN,Federal Contract Tower,0,19,15,0,34,0,6,24,0,30,0,25,39,0,64,22,0,22,86
10/25/2020,LEB,NH,ANE,EN,Federal Contract Tower,0,24,11,1,36,0,13,54,0,67,0,37,65,1,103,58,2,60,163
10/26/2020,LEB,NH,ANE,EN,Federal Contract Tower,0,15,6,0,21,0,0,0,0,0,0,15,6,0,21,0,0,0,21
10/27/2020,LEB,NH,ANE,EN,Federal Contract Tower,0,13,6,0,19,0,12,18,2,32,0,25,24,2,51,48,0,48,99
10/28/2020,LEB,NH,ANE,EN,Federal Contract Tower,0,13,7,0,20,0,0,4,0,4,0,13,11,0,24,4,0,4,28
10/29/2020,LEB,NH,ANE,EN,Federal Contract Tower,0,13,5,0,18,0,0,0,0,0,0,13,5,0,18,0,0,0,18
10/30/2020,LEB,NH,ANE,EN,Federal Contract Tower,0,14,1,0,15,0,8,22,0,30,0,22,23,0,45,18,0,18,63
10/31/2020,LEB,NH,ANE,EN,Federal Contract Tower,0,8,15,0,23,0,13,60,0,73,0,21,75,0,96,54,0,54,150
11/01/2020,LEB,NH,ANE,EN,Federal Contract Tower,0,18,0,0,18,0,1,5,0,6,0,19,5,0,24,6,0,6,30
11/02/2020,LEB,NH,ANE,EN,Federal Contract Tower,0,17,2,0,19,0,6,0,0,6,0,23,2,0,25,0,0,0,25
11/03/2020,LEB,NH,ANE,EN,Federal Contract Tower,0,14,3,0,17,0,3,8,2,13,0,17,11,2,30,6,0,6,36
11/04/2020,LEB,NH,ANE,EN,Federal Contract Tower,0,14,8,0,22,0,8,34,2,44,0,22,42,2,66,24,0,24,90
11/05/2020,LEB,NH,ANE,EN,Federal Contract Tower,0,7,3,0,10,0,7,35,0,42,0,14,38,0,52,26,0,26,78
11/06/2020,LEB,NH,ANE,EN,Federal Contract Tower,0,19,13,2,34,0,12,41,3,56,0,31,54,5,90,32,0,32,122
11/07/2020,LEB,NH,ANE,EN,Federal Contract Tower,0,9,10,0,19,0,9,50,4,63,0,18,60,4,82,16,12,28,110
11/08/2020,LEB,NH,ANE,EN,Federal Contract Tower,0,8,8,1,17,0,19,51,2,72,0,27,59,3,89,26,0,26,115
11/09/2020,LEB,NH,ANE,EN,Federal Contract Tower,0,14,9,0,23,0,21,45,0,66,0,35,54,0,89,46,0,46,135
11/10/2020,LEB,NH,ANE,EN,Federal Contract Tower,0,16,9,0,25,0,17,47,4,68,0,33,56,4,93,54,0,54,147
11/11/2020,LEB,NH,ANE,EN,Federal Contract Tower,0,18,3,0,21,0,1,11,0,12,0,19,14,0,33,26,0,26,59
11/12/2020,LEB,NH,ANE,EN,Federal Contract Tower,0,14,7,0,21,0,7,21,0,28,0,21,28,0,49,54,0,54,103
11/13/2020,LEB,NH,ANE,EN,Federal Contract Tower,0,15,7,0,22,0,0,4,0,4,0,15,11,0,26,4,0,4,30
11/14/2020,LEB,NH,ANE,EN,Federal Contract Tower,0,13,3,0,16,0,10,43,0,53,0,23,46,0,69,16,0,16,85
11/15/2020,LEB,NH,ANE,EN,Federal Contract Tower,0,7,8,0,15,0,13,30,0,43,0,20,38,0,58,54,0,54,112
11/16/2020,LEB,NH,ANE,EN,Federal Contract Tower,0,15,8,2,25,0,13,26,0,39,0,28,34,2,64,18,0,18,82
11/17/2020,LEB,NH,ANE,EN,Federal Contract Tower,0,15,0,0,15,0,3,14,0,17,0,18,14,0,32,46,0,46,78
11/18/2020,LEB,NH,ANE,EN,Federal Contract Tower,11,0,4,0,15,2,0,2,0,4,13,0,6,0,19,12,0,12,31
11/19/2020,LEB,NH,ANE,EN,Federal Contract Tower,0,12,14,0,26,0,10,30,0,40,0,22,44,0,66,30,0,30,96
11/20/2020,LEB,NH,ANE,EN,Federal Contract Tower,0,9,6,0,15,0,17,43,0,60,0,26,49,0,75,40,0,40,115
11/21/2020,LEB,NH,ANE,EN,Federal Contract Tower,0,11,14,0,25,0,14,52,0,66,0,25,66,0,91,62,0,62,153
11/22/2020,LEB,NH,ANE,EN,Federal Contract Tower,0,10,13,0,23,0,7,51,0,58,0,17,64,0,81,66,0,66,147
11/23/2020,LEB,NH,ANE,EN,Federal Contract Tower,0,16,6,0,22,0,0,1,0,1,0,16,7,0,23,0,0,0,23
11/24/2020,LEB,NH,ANE,EN,Federal Contract Tower,0,13,7,0,20,0,23,7,0,30,0,36,14,0,50,32,0,32,82
11/25/2020,LEB,NH,ANE,EN,Federal Contract Tower,0,14,5,0,19,0,5,3,0,8,0,19,8,0,27,0,0,0,27
11/26/2020,LEB,NH,ANE,EN,Federal Contract Tower,0,11,0,0,11,0,0,0,0,0,0,11,0,0,11,0,0,0,11
11/27/2020,LEB,NH,ANE,EN,Federal Contract Tower,0,14,4,0,18,0,0,1,0,1,0,14,5,0,19,0,0,0,19
11/28/2020,LEB,NH,ANE,EN,Federal Contract Tower,0,16,1,0,17,0,10,18,0,28,0,26,19,0,45,0,0,0,45
11/29/2020,LEB,NH,ANE,EN,Federal Contract Tower,0,10,15,0,25,0,13,88,4,105,0,23,103,4,130,18,6,24,154
11/30/2020,LEB,NH,ANE,EN,Federal Contract Tower,0,9,1,0,10,0,1,1,0,2,0,10,2,0,12,0,0,0,12
12/01/2020,LEB,NH,ANE,EN,Federal Contract Tower,0,14,8,0,22,0,10,1,0,11,0,24,9,0,33,0,0,0,33
12/02/2020,LEB,NH,ANE,EN,Federal Contract Tower,0,9,2,0,11,0,6,6,0,12,0,15,8,0,23,0,0,0,23
12/03/2020,LEB,NH,ANE,EN,Federal Contract Tower,0,10,14,0,24,0,7,57,0,64,0,17,71,0,88,50,0,50,138
12/04/2020,LEB,NH,ANE,EN,Federal Contract Tower,0,11,7,0,18,0,7,39,0,46,0,18,46,0,64,14,0,14,78
12/05/2020,LEB,NH,ANE,EN,Federal Contract Tower,0,4,1,0,5,0,0,0,0,0,0,4,1,0,5,0,0,0,5
12/06/2020,LEB,NH,ANE,EN,Federal Contract Tower,0,12,0,0,12,0,8,0,0,8,0,20,0,0,20,0,0,0,20
12/07/2020,LEB,NH,ANE,EN,Federal Contract Tower,0,12,7,0,19,0,6,11,0,17,0,18,18,0,36,6,0,6,42
12/08/2020,LEB,NH,ANE,EN,Federal Contract Tower,0,13,4,0,17,0,0,2,0,2,0,13,6,0,19,4,0,4,23
12/09/2020,LEB,NH,ANE,EN,Federal Contract Tower,0,15,6,0,21,0,6,7,0,13,0,21,13,0,34,0,0,0,34
12/10/2020,LEB,NH,ANE,EN,Federal Contract Tower,0,7,5,0,12,0,4,8,0,12,0,11,13,0,24,34,0,34,58
12/11/2020,LEB,NH,ANE,EN,Federal Contract Tower,0,7,7,0,14,0,14,40,0,54,0,21,47,0,68,44,0,44,112
12/12/2020,LEB,NH,ANE,EN,Federal Contract Tower,0,7,4,0,11,0,1,6,0,7,0,8,10,0,18,10,0,10,28
12/13/2020,LEB,NH,ANE,EN,Federal Contract Tower,0,11,4,0,15,0,5,2,0,7,0,16,6,0,22,0,0,0,22
12/14/2020,LEB,NH,ANE,EN,Federal Contract Tower,0,14,3,1,18,0,8,0,1,9,0,22,3,2,27,0,0,0,27
12/15/2020,LEB,NH,ANE,EN,Federal Contract Tower,0,10,4,0,14,0,16,16,4,36,0,26,20,4,50,0,4,4,54
12/16/2020,LEB,NH,ANE,EN,Federal Contract Tower,0,8,2,0,10,0,10,8,0,18,0,18,10,0,28,8,6,14,42
12/17/2020,LEB,NH,ANE,EN,Federal Contract Tower,0,0,0,0,0,0,0,0,0,0,0,0,0,0,0,0,0,0,0
12/18/2020,LEB,NH,ANE,EN,Federal Contract Tower,0,6,2,0,8,0,1,3,0,4,0,7,5,0,12,0,0,0,12
12/19/2020,LEB,NH,ANE,EN,Federal Contract Tower,0,9,12,0,21,0,12,24,0,36,0,21,36,0,57,12,0,12,69
12/20/2020,LEB,NH,ANE,EN,Federal Contract Tower,0,15,5,0,20,0,4,8,0,12,0,19,13,0,32,2,0,2,34
12/21/2020,LEB,NH,ANE,EN,Federal Contract Tower,0,16,2,1,19,0,0,1,0,1,0,16,3,1,20,0,0,0,20
12/22/2020,LEB,NH,ANE,EN,Federal Contract Tower,0,6,12,0,18,0,7,7,0,14,0,13,19,0,32,20,0,20,52
12/23/2020,LEB,NH,ANE,EN,Federal Contract Tower,0,11,12,0,23,0,15,33,0,48,0,26,45,0,71,32,0,32,103
12/24/2020,LEB,NH,ANE,EN,Federal Contract Tower,0,8,0,0,8,0,1,0,0,1,0,9,0,0,9,2,0,2,11
12/25/2020,LEB,NH,ANE,EN,Federal Contract Tower,0,0,2,0,2,0,0,0,0,0,0,0,2,0,2,0,0,0,2
12/26/2020,LEB,NH,ANE,EN,Federal Contract Tower,0,13,8,0,21,0,1,6,0,7,0,14,14,0,28,6,0,6,34
12/27/2020,LEB,NH,ANE,EN,Federal Contract Tower,0,17,9,0,26,0,11,21,2,34,0,28,30,2,60,12,0,12,72
12/28/2020,LEB,NH,ANE,EN,Federal Contract Tower,0,11,2,0,13,0,7,0,0,7,0,18,2,0,20,0,0,0,20
12/29/2020,LEB,NH,ANE,EN,Federal Contract Tower,0,13,1,2,16,0,10,32,2,44,0,23,33,4,60,2,18,20,80
12/30/2020,LEB,NH,ANE,EN,Federal Contract Tower,0,12,7,0,19,0,10,31,2,43,0,22,38,2,62,22,4,26,88
12/31/2020,LEB,NH,ANE,EN,Federal Contract Tower,0,11,5,0,16,0,5,21,1,27,0,16,26,1,43,6,0,6,49
01/01/2021,LEB,NH,ANE,EN,Federal Contract Tower,0,5,8,0,13,0,16,48,0,64,0,21,56,0,77,30,0,30,107
01/02/2021,LEB,NH,ANE,EN,Federal Contract Tower,0,9,4,0,13,0,0,0,0,0,0,9,4,0,13,0,0,0,13
01/03/2021,LEB,NH,ANE,EN,Federal Contract Tower,0,19,5,0,24,0,2,0,0,2,0,21,5,0,26,0,0,0,26
01/04/2021,LEB,NH,ANE,EN,Federal Contract Tower,0,21,2,0,23,0,5,18,0,23,0,26,20,0,46,10,0,10,56
01/05/2021,LEB,NH,ANE,EN,Federal Contract Tower,0,21,1,0,22,0,0,0,0,0,0,21,1,0,22,0,0,0,22
01/06/2021,LEB,NH,ANE,EN,Federal Contract Tower,0,14,10,0,24,0,2,2,0,4,0,16,12,0,28,14,0,14,42
01/07/2021,LEB,NH,ANE,EN,Federal Contract Tower,0,14,8,0,22,0,4,3,1,8,0,18,11,1,30,8,0,8,38
01/08/2021,LEB,NH,ANE,EN,Federal Contract Tower,0,11,8,2,21,0,15,25,2,42,0,26,33,4,63,22,2,24,87
01/09/2021,LEB,NH,ANE,EN,Federal Contract Tower,0,11,10,2,23,0,13,28,0,41,0,24,38,2,64,6,0,6,70
01/10/2021,LEB,NH,ANE,EN,Federal Contract Tower,0,13,6,0,19,0,19,31,0,50,0,32,37,0,69,20,0,20,89
01/11/2021,LEB,NH,ANE,EN,Federal Contract Tower,0,15,8,0,23,0,9,23,0,32,0,24,31,0,55,0,0,0,55
01/12/2021,LEB,NH,ANE,EN,Federal Contract Tower,0,7,5,0,12,0,12,17,0,29,0,19,22,0,41,18,0,18,59
01/13/2021,LEB,NH,ANE,EN,Federal Contract Tower,0,17,4,0,21,0,10,29,0,39,0,27,33,0,60,70,0,70,130
01/14/2021,LEB,NH,ANE,EN,Federal Contract Tower,0,13,1,0,14,0,2,15,0,17,0,15,16,0,31,40,0,40,71
01/15/2021,LEB,NH,ANE,EN,Federal Contract Tower,0,15,7,0,22,0,4,1,0,5,0,19,8,0,27,4,0,4,31
01/16/2021,LEB,NH,ANE,EN,Federal Contract Tower,0,15,3,0,18,0,0,0,0,0,0,15,3,0,18,0,0,0,18
01/17/2021,LEB,NH,ANE,EN,Federal Contract Tower,0,14,2,0,16,0,6,0,0,6,0,20,2,0,22,0,0,0,22
01/18/2021,LEB,NH,ANE,EN,Federal Contract Tower,0,14,3,0,17,0,9,2,0,11,0,23,5,0,28,6,0,6,34
01/19/2021,LEB,NH,ANE,EN,Federal Contract Tower,0,7,14,0,21,0,7,12,0,19,0,14,26,0,40,10,0,10,50
01/20/2021,LEB,NH,ANE,EN,Federal Contract Tower,0,11,9,0,20,0,3,20,0,23,0,14,29,0,43,12,0,12,55
01/21/2021,LEB,NH,ANE,EN,Federal Contract Tower,0,16,14,0,30,0,2,0,0,2,0,18,14,0,32,0,0,0,32
01/22/2021,LEB,NH,ANE,EN,Federal Contract Tower,0,10,10,0,20,0,2,0,0,2,0,12,10,0,22,2,0,2,24
01/23/2021,LEB,NH,ANE,EN,Federal Contract Tower,0,10,10,0,20,0,6,12,2,20,0,16,22,2,40,4,0,4,44
01/24/2021,LEB,NH,ANE,EN,Federal Contract Tower,0,10,9,0,19,0,11,31,2,44,0,21,40,2,63,20,0,20,83
01/25/2021,LEB,NH,ANE,EN,Federal Contract Tower,0,21,1,0,22,0,23,37,2,62,0,44,38,2,84,18,2,20,104
01/26/2021,LEB,NH,ANE,EN,Federal Contract Tower,0,9,2,0,11,0,4,6,0,10,0,13,8,0,21,14,0,14,35
01/27/2021,LEB,NH,ANE,EN,Federal Contract Tower,0,10,0,0,10,0,1,2,0,3,0,11,2,0,13,0,0,0,13
01/28/2021,LEB,NH,ANE,EN,Federal Contract Tower,0,13,7,0,20,0,0,3,0,3,0,13,10,0,23,18,0,18,41
01/29/2021,LEB,NH,ANE,EN,Federal Contract Tower,0,18,1,0,19,0,16,17,0,33,0,34,18,0,52,4,0,4,56
01/30/2021,LEB,NH,ANE,EN,Federal Contract Tower,0,10,11,0,21,0,21,15,9,45,0,31,26,9,66,6,0,6,72
01/31/2021,LEB,NH,ANE,EN,Federal Contract Tower,0,7,10,0,17,0,16,52,2,70,0,23,62,2,87,18,0,18,105
02/01/2021,LEB,NH,ANE,EN,Federal Contract Tower,0,6,5,0,11,0,0,1,0,1,0,6,6,0,12,0,0,0,12
02/02/2021,LEB,NH,ANE,EN,Federal Contract Tower,0,0,0,0,0,0,0,0,0,0,0,0,0,0,0,0,0,0,0
02/03/2021,LEB,NH,ANE,EN,Federal Contract Tower,0,18,1,0,19,0,0,0,0,0,0,18,1,0,19,0,0,0,19
02/04/2021,LEB,NH,ANE,EN,Federal Contract Tower,0,10,7,0,17,0,6,12,0,18,0,16,19,0,35,20,10,30,65
02/05/2021,LEB,NH,ANE,EN,Federal Contract Tower,0,9,1,0,10,0,1,2,0,3,0,10,3,0,13,4,0,4,17
02/06/2021,LEB,NH,ANE,EN,Federal Contract Tower,0,11,6,1,18,0,9,8,1,18,0,20,14,2,36,6,0,6,42
02/07/2021,LEB,NH,ANE,EN,Federal Contract Tower,0,6,6,0,12,0,2,0,0,2,0,8,6,0,14,0,0,0,14
02/08/2021,LEB,NH,ANE,EN,Federal Contract Tower,0,15,11,0,26,0,21,20,0,41,0,36,31,0,67,32,0,32,99
02/09/2021,LEB,NH,ANE,EN,Federal Contract Tower,0,10,1,0,11,0,0,0,0,0,0,10,1,0,11,0,0,0,11
02/10/2021,LEB,NH,ANE,EN,Federal Contract Tower,0,15,6,0,21,0,6,9,0,15,0,21,15,0,36,2,0,2,38
02/11/2021,LEB,NH,ANE,EN,Federal Contract Tower,0,8,5,0,13,0,7,11,0,18,0,15,16,0,31,16,0,16,47
02/12/2021,LEB,NH,ANE,EN,Federal Contract Tower,0,11,7,0,18,0,15,37,0,52,0,26,44,0,70,0,0,0,70
02/13/2021,LEB,NH,ANE,EN,Federal Contract Tower,0,6,14,0,20,0,13,29,0,42,0,19,43,0,62,10,2,12,74
02/14/2021,LEB,NH,ANE,EN,Federal Contract Tower,0,18,3,0,21,0,1,1,0,2,0,19,4,0,23,2,0,2,25
02/15/2021,LEB,NH,ANE,EN,Federal Contract Tower,0,11,3,0,14,0,2,6,0,8,0,13,9,0,22,18,0,18,40
02/16/2021,LEB,NH,ANE,EN,Federal Contract Tower,0,8,0,0,8,0,0,0,0,0,0,8,0,0,8,0,0,0,8
02/17/2021,LEB,NH,ANE,EN,Federal Contract Tower,0,8,8,2,18,0,13,27,2,42,0,21,35,4,60,20,0,20,80
02/18/2021,LEB,NH,ANE,EN,Federal Contract Tower,0,7,4,0,11,0,5,9,0,14,0,12,13,0,25,0,2,2,27
02/19/2021,LEB,NH,ANE,EN,Federal Contract Tower,0,15,2,0,17,0,0,0,0,0,0,15,2,0,17,0,0,0,17
02/20/2021,LEB,NH,ANE,EN,Federal Contract Tower,0,15,5,0,20,0,5,8,0,13,0,20,13,0,33,0,0,0,33
02/21/2021,LEB,NH,ANE,EN,Federal Contract Tower,0,7,7,0,14,0,23,41,0,64,0,30,48,0,78,38,0,38,116
02/22/2021,LEB,NH,ANE,EN,Federal Contract Tower,0,8,1,0,9,0,4,3,0,7,0,12,4,0,16,10,0,10,26
02/23/2021,LEB,NH,ANE,EN,Federal Contract Tower,10,4,0,0,14,0,4,2,0,6,10,8,2,0,20,32,0,32,52
02/24/2021,LEB,NH,ANE,EN,Federal Contract Tower,0,12,7,0,19,0,10,14,2,26,0,22,21,2,45,32,0,32,77
02/25/2021,LEB,NH,ANE,EN,Federal Contract Tower,0,8,9,0,17,0,4,5,0,9,0,12,14,0,26,2,0,2,28
02/26/2021,LEB,NH,ANE,EN,Federal Contract Tower,0,6,9,0,15,0,16,54,2,72,0,22,63,2,87,50,6,56,143
02/27/2021,LEB,NH,ANE,EN,Federal Contract Tower,0,10,6,0,16,0,0,0,0,0,0,10,6,0,16,0,0,0,16
02/28/2021,LEB,NH,ANE,EN,Federal Contract Tower,0,16,3,2,21,0,8,29,6,43,0,24,32,8,64,30,2,32,96
03/01/2021,LEB,NH,ANE,EN,Federal Contract Tower,0,13,1,0,14,0,0,0,0,0,0,13,1,0,14,0,0,0,14
03/02/2021,LEB,NH,ANE,EN,Federal Contract Tower,0,2,3,0,5,0,4,1,0,5,0,6,4,0,10,0,0,0,10
03/03/2021,LEB,NH,ANE,EN,Federal Contract Tower,0,5,4,0,9,0,8,32,0,40,0,13,36,0,49,64,0,64,113
03/04/2021,LEB,NH,ANE,EN,Federal Contract Tower,0,11,6,0,17,0,5,12,0,17,0,16,18,0,34,18,0,18,52
03/05/2021,LEB,NH,ANE,EN,Federal Contract Tower,0,9,2,0,11,0,17,16,0,33,0,26,18,0,44,4,0,4,48
03/06/2021,LEB,NH,ANE,EN,Federal Contract Tower,0,21,14,1,36,0,13,49,4,66,0,34,63,5,102,10,10,20,122
03/07/2021,LEB,NH,ANE,EN,Federal Contract Tower,0,5,6,4,15,0,21,52,6,79,0,26,58,10,94,22,4,26,120
03/08/2021,LEB,NH,ANE,EN,Federal Contract Tower,0,6,7,0,13,0,24,23,0,47,0,30,30,0,60,14,0,14,74
03/09/2021,LEB,NH,ANE,EN,Federal Contract Tower,0,6,6,0,12,0,18,26,0,44,0,24,32,0,56,18,0,18,74
03/10/2021,LEB,NH,ANE,EN,Federal Contract Tower,0,6,8,1,15,0,13,28,2,43,0,19,36,3,58,54,10,64,122
03/11/2021,LEB,NH,ANE,EN,Federal Contract Tower,0,7,3,2,12,0,6,17,0,23,0,13,20,2,35,2,0,2,37
03/12/2021,LEB,NH,ANE,EN,Federal Contract Tower,0,9,8,0,17,0,15,20,0,35,0,24,28,0,52,2,0,2,54
03/13/2021,LEB,NH,ANE,EN,Federal Contract Tower,0,5,6,0,11,0,14,30,0,44,0,19,36,0,55,2,0,2,57
03/14/2021,LEB,NH,ANE,EN,Federal Contract Tower,0,17,7,0,24,0,4,6,0,10,0,21,13,0,34,8,0,8,42
03/15/2021,LEB,NH,ANE,EN,Federal Contract Tower,0,9,3,0,12,0,6,6,6,18,0,15,9,6,30,0,0,0,30
03/16/2021,LEB,NH,ANE,EN,Federal Contract Tower,0,5,3,0,8,0,10,39,0,49,0,15,42,0,57,106,0,106,163
03/17/2021,LEB,NH,ANE,EN,Federal Contract Tower,0,8,9,0,17,0,11,49,3,63,0,19,58,3,80,118,0,118,198
03/18/2021,LEB,NH,ANE,EN,Federal Contract Tower,0,11,3,0,14,0,6,0,0,6,0,17,3,0,20,0,0,0,20
03/19/2021,LEB,NH,ANE,EN,Federal Contract Tower,0,5,5,0,10,0,17,49,0,66,0,22,54,0,76,34,0,34,110
03/20/2021,LEB,NH,ANE,EN,Federal Contract Tower,0,4,18,0,22,0,14,50,0,64,0,18,68,0,86,24,0,24,110
03/21/2021,LEB,NH,ANE,EN,Federal Contract Tower,0,8,14,1,23,0,17,57,3,77,0,25,71,4,100,18,0,18,118
03/22/2021,LEB,NH,ANE,EN,Federal Contract Tower,0,24,8,0,32,0,28,42,0,70,0,52,50,0,102,36,0,36,138
03/23/2021,LEB,NH,ANE,EN,Federal Contract Tower,0,5,2,0,7,0,15,29,0,44,0,20,31,0,51,16,0,16,67
03/24/2021,LEB,NH,ANE,EN,Federal Contract Tower,0,10,13,0,23,0,12,24,0,36,0,22,37,0,59,30,0,30,89
03/25/2021,LEB,NH,ANE,EN,Federal Contract Tower,0,11,11,1,23,0,8,9,3,20,0,19,20,4,43,2,4,6,49
03/26/2021,LEB,NH,ANE,EN,Federal Contract Tower,0,16,9,0,25,0,0,8,0,8,0,16,17,0,33,16,0,16,49
03/27/2021,LEB,NH,ANE,EN,Federal Contract Tower,0,13,9,0,22,0,18,58,2,78,0,31,67,2,100,70,0,70,170
03/28/2021,LEB,NH,ANE,EN,Federal Contract Tower,0,16,5,0,21,0,0,0,0,0,0,16,5,0,21,0,0,0,21
03/29/2021,LEB,NH,ANE,EN,Federal Contract Tower,0,9,1,0,10,0,9,2,0,11,0,18,3,0,21,8,0,8,29
03/30/2021,LEB,NH,ANE,EN,Federal Contract Tower,0,8,9,1,18,0,26,30,2,58,0,34,39,3,76,28,4,32,108
03/31/2021,LEB,NH,ANE,EN,Federal Contract Tower,0,13,3,0,16,0,2,4,0,6,0,15,7,0,22,2,0,2,24
04/01/2021,LEB,NH,ANE,EN,Federal Contract Tower,0,15,4,0,19,0,0,2,0,2,0,15,6,0,21,28,0,28,49
04/02/2021,LEB,NH,ANE,EN,Federal Contract Tower,0,14,8,0,22,0,7,21,4,32,0,21,29,4,54,10,0,10,64
04/03/2021,LEB,NH,ANE,EN,Federal Contract Tower,0,6,10,0,16,0,13,39,0,52,0,19,49,0,68,42,0,42,110
04/04/2021,LEB,NH,ANE,EN,Federal Contract Tower,0,10,5,0,15,0,17,51,0,68,0,27,56,0,83,12,0,12,95
04/05/2021,LEB,NH,ANE,EN,Federal Contract Tower,0,21,2,0,23,0,30,32,0,62,0,51,34,0,85,14,0,14,99
04/06/2021,LEB,NH,ANE,EN,Federal Contract Tower,0,12,5,0,17,0,7,40,2,49,0,19,45,2,66,24,0,24,90
04/07/2021,LEB,NH,ANE,EN,Federal Contract Tower,0,10,9,1,20,0,11,22,0,33,0,21,31,1,53,24,0,24,77
04/08/2021,LEB,NH,ANE,EN,Federal Contract Tower,0,11,10,1,22,0,13,56,3,72,0,24,66,4,94,60,2,62,156
04/09/2021,LEB,NH,ANE,EN,Federal Contract Tower,0,9,9,0,18,0,15,49,0,64,0,24,58,0,82,12,2,14,96
04/10/2021,LEB,NH,ANE,EN,Federal Contract Tower,0,6,9,0,15,0,14,58,1,73,0,20,67,1,88,66,0,66,154
04/11/2021,LEB,NH,ANE,EN,Federal Contract Tower,0,13,7,0,20,0,21,23,0,44,0,34,30,0,64,6,0,6,70
04/12/2021,LEB,NH,ANE,EN,Federal Contract Tower,0,14,7,0,21,0,16,15,0,31,0,30,22,0,52,20,0,20,72
04/13/2021,LEB,NH,ANE,EN,Federal Contract Tower,0,16,7,0,23,0,11,33,2,46,0,27,40,2,69,94,0,94,163
04/14/2021,LEB,NH,ANE,EN,Federal Contract Tower,0,7,9,0,16,0,13,19,2,34,0,20,28,2,50,8,0,8,58
04/15/2021,LEB,NH,ANE,EN,Federal Contract Tower,0,19,2,0,21,0,0,0,0,0,0,19,2,0,21,0,0,0,21
04/16/2021,LEB,NH,ANE,EN,Federal Contract Tower,0,8,4,0,12,0,0,0,0,0,0,8,4,0,12,0,0,0,12
04/17/2021,LEB,NH,ANE,EN,Federal Contract Tower,0,18,5,0,23,0,3,2,0,5,0,21,7,0,28,16,0,16,44
04/18/2021,LEB,NH,ANE,EN,Federal Contract Tower,0,11,7,0,18,0,7,27,3,37,0,18,34,3,55,50,0,50,105
04/19/2021,LEB,NH,ANE,EN,Federal Contract Tower,0,13,6,0,19,0,23,50,0,73,0,36,56,0,92,74,0,74,166
04/20/2021,LEB,NH,ANE,EN,Federal Contract Tower,0,8,12,0,20,0,17,28,4,49,0,25,40,4,69,64,0,64,133
04/21/2021,LEB,NH,ANE,EN,Federal Contract Tower,0,14,3,0,17,0,0,0,0,0,0,14,3,0,17,0,0,0,17
04/22/2021,LEB,NH,ANE,EN,Federal Contract Tower,0,14,10,0,24,0,6,0,0,6,0,20,10,0,30,0,0,0,30
04/23/2021,LEB,NH,ANE,EN,Federal Contract Tower,0,14,6,0,20,0,4,12,0,16,0,18,18,0,36,6,0,6,42
04/24/2021,LEB,NH,ANE,EN,Federal Contract Tower,0,11,12,0,23,0,8,29,6,43,0,19,41,6,66,48,0,48,114
04/25/2021,LEB,NH,ANE,EN,Federal Contract Tower,0,18,7,0,25,0,9,11,0,20,0,27,18,0,45,20,0,20,65
04/26/2021,LEB,NH,ANE,EN,Federal Contract Tower,0,11,8,0,19,0,16,15,0,31,0,27,23,0,50,8,0,8,58
04/27/2021,LEB,NH,ANE,EN,Federal Contract Tower,0,6,13,1,20,0,9,48,0,57,0,15,61,1,77,36,2,38,115
04/28/2021,LEB,NH,ANE,EN,Federal Contract Tower,0,13,12,4,29,0,5,6,0,11,0,18,18,4,40,2,0,2,42
04/29/2021,LEB,NH,ANE,EN,Federal Contract Tower,0,13,4,0,17,0,0,0,0,0,0,13,4,0,17,0,0,0,17
04/30/2021,LEB,NH,ANE,EN,Federal Contract Tower,0,15,9,0,24,0,0,0,0,0,0,15,9,0,24,0,0,0,24
05/01/2021,LEB,NH,ANE,EN,Federal Contract Tower,0,7,5,0,12,0,7,10,0,17,0,14,15,0,29,60,0,60,89
05/02/2021,LEB,NH,ANE,EN,Federal Contract Tower,0,15,7,0,22,0,16,23,2,41,0,31,30,2,63,18,0,18,81
05/03/2021,LEB,NH,ANE,EN,Federal Contract Tower,0,12,10,0,22,0,17,27,0,44,0,29,37,0,66,38,0,38,104
05/04/2021,LEB,NH,ANE,EN,Federal Contract Tower,0,10,11,0,21,0,9,6,1,16,0,19,17,1,37,34,0,34,71
05/05/2021,LEB,NH,ANE,EN,Federal Contract Tower,0,16,5,0,21,0,0,0,0,0,0,16,5,0,21,0,0,0,21
05/06/2021,LEB,NH,ANE,EN,Federal Contract Tower,0,11,6,2,19,0,7,18,8,33,0,18,24,10,52,64,0,64,116
05/07/2021,LEB,NH,ANE,EN,Federal Contract Tower,0,10,8,0,18,0,8,21,0,29,0,18,29,0,47,32,0,32,79
05/08/2021,LEB,NH,ANE,EN,Federal Contract Tower,0,20,10,0,30,0,11,53,0,64,0,31,63,0,94,14,0,14,108
05/09/2021,LEB,NH,ANE,EN,Federal Contract Tower,0,12,17,0,29,0,16,45,0,61,0,28,62,0,90,68,0,68,158
05/10/2021,LEB,NH,ANE,EN,Federal Contract Tower,0,10,4,0,14,0,13,24,0,37,0,23,28,0,51,16,0,16,67
05/11/2021,LEB,NH,ANE,EN,Federal Contract Tower,0,5,0,0,5,0,11,31,2,44,0,16,31,2,49,12,0,12,61
05/12/2021,LEB,NH,ANE,EN,Federal Contract Tower,0,6,12,0,18,0,8,20,0,28,0,14,32,0,46,6,0,6,52
05/13/2021,LEB,NH,ANE,EN,Federal Contract Tower,0,8,9,0,17,0,14,38,0,52,0,22,47,0,69,18,0,18,87
05/14/2021,LEB,NH,ANE,EN,Federal Contract Tower,0,7,15,0,22,0,16,57,1,74,0,23,72,1,96,80,12,92,188
05/15/2021,LEB,NH,ANE,EN,Federal Contract Tower,0,9,9,0,18,0,16,62,8,86,0,25,71,8,104,36,4,40,144
05/16/2021,LEB,NH,ANE,EN,Federal Contract Tower,0,12,14,0,26,0,10,49,2,61,0,22,63,2,87,20,0,20,107
05/17/2021,LEB,NH,ANE,EN,Federal Contract Tower,0,21,7,1,29,0,13,65,1,79,0,34,72,2,108,64,0,64,172
05/18/2021,LEB,NH,ANE,EN,Federal Contract Tower,0,22,4,0,26,0,8,46,0,54,0,30,50,0,80,60,0,60,140
05/19/2021,LEB,NH,ANE,EN,Federal Contract Tower,0,9,16,0,25,0,11,54,0,65,0,20,70,0,90,66,0,66,156
05/20/2021,LEB,NH,ANE,EN,Federal Contract Tower,0,17,7,0,24,0,11,44,4,59,0,28,51,4,83,20,0,20,103
05/21/2021,LEB,NH,ANE,EN,Federal Contract Tower,0,14,14,0,28,0,19,68,0,87,0,33,82,0,115,48,0,48,163
05/22/2021,LEB,NH,ANE,EN,Federal Contract Tower,0,8,6,0,14,0,19,44,0,63,0,27,50,0,77,70,0,70,147
05/23/2021,LEB,NH,ANE,EN,Federal Contract Tower,0,31,10,0,41,0,7,25,2,34,0,38,35,2,75,18,0,18,93
05/24/2021,LEB,NH,ANE,EN,Federal Contract Tower,0,11,14,0,25,0,14,42,2,58,0,25,56,2,83,24,4,28,111
05/25/2021,LEB,NH,ANE,EN,Federal Contract Tower,0,15,3,0,18,0,16,14,0,30,0,31,17,0,48,16,0,16,64
05/26/2021,LEB,NH,ANE,EN,Federal Contract Tower,0,6,9,0,15,0,8,30,0,38,0,14,39,0,53,80,0,80,133
05/27/2021,LEB,NH,ANE,EN,Federal Contract Tower,0,19,9,0,28,0,10,33,0,43,0,29,42,0,71,66,0,66,137
05/28/2021,LEB,NH,ANE,EN,Federal Contract Tower,0,12,15,0,27,0,13,42,0,55,0,25,57,0,82,66,0,66,148
05/29/2021,LEB,NH,ANE,EN,Federal Contract Tower,0,25,7,0,32,0,16,21,11,48,0,41,28,11,80,0,0,0,80
05/30/2021,LEB,NH,ANE,EN,Federal Contract Tower,0,13,8,0,21,0,3,10,0,13,0,16,18,0,34,18,0,18,52
05/31/2021,LEB,NH,ANE,EN,Federal Contract Tower,0,21,10,0,31,0,8,1,0,9,0,29,11,0,40,0,0,0,40
06/01/2021,LEB,NH,ANE,EN,Federal Contract Tower,0,14,9,0,23,0,11,22,0,33,0,25,31,0,56,4,0,4,60
06/02/2021,LEB,NH,ANE,EN,Federal Contract Tower,0,10,20,0,30,0,11,48,0,59,0,21,68,0,89,52,0,52,141
06/03/2021,LEB,NH,ANE,EN,Federal Contract Tower,0,12,5,0,17,0,4,25,0,29,0,16,30,0,46,82,0,82,128
06/04/2021,LEB,NH,ANE,EN,Federal Contract Tower,0,19,13,0,32,0,19,59,0,78,0,38,72,0,110,72,0,72,182
06/05/2021,LEB,NH,ANE,EN,Federal Contract Tower,0,13,14,0,27,0,10,33,0,43,0,23,47,0,70,44,0,44,114
06/06/2021,LEB,NH,ANE,EN,Federal Contract Tower,0,14,7,0,21,0,14,48,0,62,0,28,55,0,83,38,0,38,121
06/07/2021,LEB,NH,ANE,EN,Federal Contract Tower,0,12,10,0,22,0,18,41,2,61,0,30,51,2,83,18,2,20,103
06/08/2021,LEB,NH,ANE,EN,Federal Contract Tower,0,4,6,0,10,0,14,24,0,38,0,18,30,0,48,22,0,22,70
06/09/2021,LEB,NH,ANE,EN,Federal Contract Tower,0,11,13,0,24,0,8,33,0,41,0,19,46,0,65,48,0,48,113
06/10/2021,LEB,NH,ANE,EN,Federal Contract Tower,0,10,17,0,27,0,11,53,0,64,0,21,70,0,91,128,0,128,219
06/11/2021,LEB,NH,ANE,EN,Federal Contract Tower,0,23,14,1,38,0,15,58,4,77,0,38,72,5,115,20,0,20,135
06/12/2021,LEB,NH,ANE,EN,Federal Contract Tower,0,24,10,0,34,0,13,76,10,99,0,37,86,10,133,66,0,66,199
06/13/2021,LEB,NH,ANE,EN,Federal Contract Tower,0,15,12,0,27,0,16,77,0,93,0,31,89,0,120,82,0,82,202
06/14/2021,LEB,NH,ANE,EN,Federal Contract Tower,0,22,11,0,33,0,1,0,0,1,0,23,11,0,34,0,0,0,34
06/15/2021,LEB,NH,ANE,EN,Federal Contract Tower,0,11,11,0,22,0,6,10,4,20,0,17,21,4,42,8,6,14,56
06/16/2021,LEB,NH,ANE,EN,Federal Contract Tower,0,8,15,0,23,0,13,32,0,45,0,21,47,0,68,22,0,22,90
06/17/2021,LEB,NH,ANE,EN,Federal Contract Tower,0,8,10,0,18,0,9,51,0,60,0,17,61,0,78,132,0,132,210
06/18/2021,LEB,NH,ANE,EN,Federal Contract Tower,0,10,8,0,18,0,16,38,2,56,0,26,46,2,74,28,0,28,102
06/19/2021,LEB,NH,ANE,EN,Federal Contract Tower,0,9,3,0,12,0,14,16,0,30,0,23,19,0,42,0,0,0,42
06/20/2021,LEB,NH,ANE,EN,Federal Contract Tower,0,3,13,0,16,0,13,56,0,69,0,16,69,0,85,28,0,28,113
06/21/2021,LEB,NH,ANE,EN,Federal Contract Tower,0,22,4,0,26,0,9,1,0,10,0,31,5,0,36,0,0,0,36
06/22/2021,LEB,NH,ANE,EN,Federal Contract Tower,0,15,4,0,19,0,2,10,0,12,0,17,14,0,31,82,0,82,113
06/23/2021,LEB,NH,ANE,EN,Federal Contract Tower,0,17,9,0,26,0,13,48,0,61,0,30,57,0,87,42,0,42,129
06/24/2021,LEB,NH,ANE,EN,Federal Contract Tower,0,16,14,0,30,0,10,47,0,57,0,26,61,0,87,94,0,94,181
06/25/2021,LEB,NH,ANE,EN,Federal Contract Tower,0,20,10,0,30,0,6,20,0,26,0,26,30,0,56,54,0,54,110
06/26/2021,LEB,NH,ANE,EN,Federal Contract Tower,0,28,16,0,44,0,18,40,0,58,0,46,56,0,102,42,0,42,144
06/27/2021,LEB,NH,ANE,EN,Federal Contract Tower,0,13,21,0,34,0,22,25,0,47,0,35,46,0,81,20,0,20,101
06/28/2021,LEB,NH,ANE,EN,Federal Contract Tower,0,12,2,0,14,0,8,20,0,28,0,20,22,0,42,16,0,16,58
06/29/2021,LEB,NH,ANE,EN,Federal Contract Tower,0,15,9,0,24,0,16,29,4,49,0,31,38,4,73,94,4,98,171
06/30/2021,LEB,NH,ANE,EN,Federal Contract Tower,0,17,8,0,25,0,4,20,0,24,0,21,28,0,49,66,0,66,115
07/01/2021,LEB,NH,ANE,EN,Federal Contract Tower,0,15,11,0,26,0,3,13,0,16,0,18,24,0,42,44,0,44,86
07/02/2021,LEB,NH,ANE,EN,Federal Contract Tower,0,19,12,0,31,0,0,0,0,0,0,19,12,0,31,0,0,0,31
07/03/2021,LEB,NH,ANE,EN,Federal Contract Tower,0,15,12,0,27,0,0,0,0,0,0,15,12,0,27,0,0,0,27
07/04/2021,LEB,NH,ANE,EN,Federal Contract Tower,0,18,11,0,29,0,7,5,0,12,0,25,16,0,41,24,0,24,65
07/05/2021,LEB,NH,ANE,EN,Federal Contract Tower,0,9,11,0,20,0,7,35,0,42,0,16,46,0,62,66,0,66,128
07/06/2021,LEB,NH,ANE,EN,Federal Contract Tower,0,10,9,3,22,0,11,17,1,29,0,21,26,4,51,34,0,34,85
07/07/2021,LEB,NH,ANE,EN,Federal Contract Tower,0,8,14,0,22,0,13,37,0,50,0,21,51,0,72,74,0,74,146
07/08/2021,LEB,NH,ANE,EN,Federal Contract Tower,0,13,5,0,18,0,2,5,0,7,0,15,10,0,25,34,0,34,59
07/09/2021,LEB,NH,ANE,EN,Federal Contract Tower,0,2,10,0,12,0,2,0,0,2,0,4,10,0,14,0,0,0,14
07/10/2021,LEB,NH,ANE,EN,Federal Contract Tower,0,12,6,0,18,0,17,44,0,61,0,29,50,0,79,24,0,24,103
07/11/2021,LEB,NH,ANE,EN,Federal Contract Tower,0,11,18,0,29,0,7,36,0,43,0,18,54,0,72,6,0,6,78
07/12/2021,LEB,NH,ANE,EN,Federal Contract Tower,0,20,9,0,29,0,7,7,2,16,0,27,16,2,45,20,0,20,65
07/13/2021,LEB,NH,ANE,EN,Federal Contract Tower,0,20,12,0,32,0,0,1,0,1,0,20,13,0,33,0,0,0,33
07/14/2021,LEB,NH,ANE,EN,Federal Contract Tower,0,18,16,0,34,0,2,6,0,8,0,20,22,0,42,4,0,4,46
07/15/2021,LEB,NH,ANE,EN,Federal Contract Tower,0,32,14,0,46,0,11,59,0,70,0,43,73,0,116,76,0,76,192
07/16/2021,LEB,NH,ANE,EN,Federal Contract Tower,0,11,12,0,23,0,16,38,0,54,0,27,50,0,77,58,0,58,135
07/17/2021,LEB,NH,ANE,EN,Federal Contract Tower,0,22,18,0,40,0,1,2,0,3,0,23,20,0,43,28,0,28,71
07/18/2021,LEB,NH,ANE,EN,Federal Contract Tower,0,32,17,0,49,0,0,0,0,0,0,32,17,0,49,0,0,0,49
07/19/2021,LEB,NH,ANE,EN,Federal Contract Tower,0,27,26,2,55,0,2,9,0,11,0,29,35,2,66,58,0,58,124
07/20/2021,LEB,NH,ANE,EN,Federal Contract Tower,0,13,14,0,27,0,5,19,0,24,0,18,33,0,51,76,0,76,127
07/21/2021,LEB,NH,ANE,EN,Federal Contract Tower,0,15,10,3,28,8,18,0,0,26,8,33,10,3,54,50,0,50,104
07/22/2021,LEB,NH,ANE,EN,Federal Contract Tower,0,14,21,0,35,0,9,65,0,74,0,23,86,0,109,120,0,120,229
07/23/2021,LEB,NH,ANE,EN,Federal Contract Tower,0,45,15,0,60,0,27,39,2,68,0,72,54,2,128,30,0,30,158
07/24/2021,LEB,NH,ANE,EN,Federal Contract Tower,0,15,7,1,23,0,21,48,1,70,0,36,55,2,93,20,0,20,113
07/25/2021,LEB,NH,ANE,EN,Federal Contract Tower,0,28,8,0,36,0,4,4,0,8,0,32,12,0,44,0,0,0,44
07/26/2021,LEB,NH,ANE,EN,Federal Contract Tower,0,16,12,0,28,0,8,60,0,68,0,24,72,0,96,86,0,86,182
07/27/2021,LEB,NH,ANE,EN,Federal Contract Tower,0,23,12,0,35,0,3,36,0,39,0,26,48,0,74,34,0,34,108
07/28/2021,LEB,NH,ANE,EN,Federal Contract Tower,0,12,20,0,32,0,8,67,0,75,0,20,87,0,107,78,0,78,185
07/29/2021,LEB,NH,ANE,EN,Federal Contract Tower,0,18,11,0,29,0,6,20,0,26,0,24,31,0,55,18,0,18,73
07/30/2021,LEB,NH,ANE,EN,Federal Contract Tower,0,23,19,0,42,0,10,5,0,15,0,33,24,0,57,0,0,0,57
07/31/2021,LEB,NH,ANE,EN,Federal Contract Tower,0,18,9,0,27,0,20,34,0,54,0,38,43,0,81,30,0,30,111
08/01/2021,LEB,NH,ANE,EN,Federal Contract Tower,0,17,12,0,29,0,10,23,0,33,0,27,35,0,62,14,0,14,76
08/02/2021,LEB,NH,ANE,EN,Federal Contract Tower,0,11,14,0,25,0,15,33,0,48,0,26,47,0,73,66,0,66,139
08/03/2021,LEB,NH,ANE,EN,Federal Contract Tower,0,16,13,0,29,0,5,61,0,66,0,21,74,0,95,74,0,74,169
08/04/2021,LEB,NH,ANE,EN,Federal Contract Tower,0,16,17,0,33,0,10,40,0,50,0,26,57,0,83,52,0,52,135
08/05/2021,LEB,NH,ANE,EN,Federal Contract Tower,0,23,19,0,42,0,6,55,0,61,0,29,74,0,103,60,0,60,163
08/06/2021,LEB,NH,ANE,EN,Federal Contract Tower,0,22,16,0,38,0,7,38,1,46,0,29,54,1,84,60,0,60,144
08/07/2021,LEB,NH,ANE,EN,Federal Contract Tower,0,9,10,0,19,0,10,54,0,64,0,19,64,0,83,36,0,36,119
08/08/2021,LEB,NH,ANE,EN,Federal Contract Tower,0,5,14,0,19,0,9,21,0,30,0,14,35,0,49,40,0,40,89
08/09/2021,LEB,NH,ANE,EN,Federal Contract Tower,0,21,11,0,32,0,8,28,0,36,0,29,39,0,68,48,0,48,116
08/10/2021,LEB,NH,ANE,EN,Federal Contract Tower,0,23,14,0,37,0,3,24,0,27,0,26,38,0,64,78,0,78,142
08/11/2021,LEB,NH,ANE,EN,Federal Contract Tower,0,12,8,0,20,0,5,30,0,35,0,17,38,0,55,22,0,22,77
08/12/2021,LEB,NH,ANE,EN,Federal Contract Tower,0,16,10,0,26,0,8,28,0,36,0,24,38,0,62,70,0,70,132
08/13/2021,LEB,NH,ANE,EN,Federal Contract Tower,0,14,9,0,23,0,18,24,0,42,0,32,33,0,65,46,0,46,111
08/14/2021,LEB,NH,ANE,EN,Federal Contract Tower,0,20,7,0,27,0,11,31,0,42,0,31,38,0,69,48,0,48,117
08/15/2021,LEB,NH,ANE,EN,Federal Contract Tower,0,8,21,0,29,0,21,40,0,61,0,29,61,0,90,10,0,10,100
08/16/2021,LEB,NH,ANE,EN,Federal Contract Tower,0,12,18,0,30,0,6,58,0,64,0,18,76,0,94,58,0,58,152
08/17/2021,LEB,NH,ANE,EN,Federal Contract Tower,0,8,10,0,18,0,8,28,2,38,0,16,38,2,56,62,0,62,118
08/18/2021,LEB,NH,ANE,EN,Federal Contract Tower,0,17,12,0,29,0,10,30,4,44,0,27,42,4,73,62,0,62,135
08/19/2021,LEB,NH,ANE,EN,Federal Contract Tower,0,17,7,0,24,0,0,0,0,0,0,17,7,0,24,0,0,0,24
08/20/2021,LEB,NH,ANE,EN,Federal Contract Tower,0,7,11,1,19,0,17,29,0,46,0,24,40,1,65,38,0,38,103
08/21/2021,LEB,NH,ANE,EN,Federal Contract Tower,0,10,12,1,23,0,7,17,1,25,0,17,29,2,48,48,0,48,96
08/22/2021,LEB,NH,ANE,EN,Federal Contract Tower,0,5,3,0,8,0,0,0,0,0,0,5,3,0,8,0,0,0,8
08/23/2021,LEB,NH,ANE,EN,Federal Contract Tower,0,8,8,0,16,0,4,0,0,4,0,12,8,0,20,0,0,0,20
08/24/2021,LEB,NH,ANE,EN,Federal Contract Tower,0,10,10,0,20,0,6,39,2,47,0,16,49,2,67,32,0,32,99
08/25/2021,LEB,NH,ANE,EN,Federal Contract Tower,0,13,19,0,32,0,9,49,0,58,0,22,68,0,90,84,0,84,174
08/27/2021,LEB,NH,ANE,EN,Federal Contract Tower,0,23,16,1,40,0,17,45,2,64,0,40,61,3,104,86,4,90,194
08/28/2021,LEB,NH,ANE,EN,Federal Contract Tower,0,13,8,0,21,0,9,15,0,24,0,22,23,0,45,14,0,14,59
08/29/2021,LEB,NH,ANE,EN,Federal Contract Tower,0,25,24,0,49,0,0,4,0,4,0,25,28,0,53,6,0,6,59
08/30/2021,LEB,NH,ANE,EN,Federal Contract Tower,0,14,8,0,22,0,6,3,0,9,0,20,11,0,31,2,0,2,33
08/31/2021,LEB,NH,ANE,EN,Federal Contract Tower,0,9,18,0,27,0,9,47,0,56,0,18,65,0,83,26,0,26,109
09/01/2021,LEB,NH,ANE,EN,Federal Contract Tower,0,18,21,0,39,0,8,32,0,40,0,26,53,0,79,76,0,76,155
09/02/2021,LEB,NH,ANE,EN,Federal Contract Tower,0,23,17,1,41,0,17,34,1,52,0,40,51,2,93,42,0,42,135
09/03/2021,LEB,NH,ANE,EN,Federal Contract Tower,0,16,23,0,39,0,15,34,0,49,0,31,57,0,88,18,0,18,106
09/04/2021,LEB,NH,ANE,EN,Federal Contract Tower,0,14,8,0,22,0,16,48,0,64,0,30,56,0,86,4,0,4,90
09/05/2021,LEB,NH,ANE,EN,Federal Contract Tower,0,14,7,0,21,0,5,15,0,20,0,19,22,0,41,6,0,6,47
09/06/2021,LEB,NH,ANE,EN,Federal Contract Tower,0,14,21,0,35,0,7,22,0,29,0,21,43,0,64,22,0,22,86
09/07/2021,LEB,NH,ANE,EN,Federal Contract Tower,0,6,12,0,18,0,11,43,0,54,0,17,55,0,72,62,0,62,134
09/08/2021,LEB,NH,ANE,EN,Federal Contract Tower,0,12,3,0,15,0,9,12,0,21,0,21,15,0,36,8,0,8,44
09/09/2021,LEB,NH,ANE,EN,Federal Contract Tower,0,24,12,0,36,0,3,17,0,20,0,27,29,0,56,42,0,42,98
09/10/2021,LEB,NH,ANE,EN,Federal Contract Tower,0,20,8,0,28,0,13,25,0,38,0,33,33,0,66,60,0,60,126
09/11/2021,LEB,NH,ANE,EN,Federal Contract Tower,0,9,13,0,22,0,36,52,0,88,0,45,65,0,110,14,0,14,124
09/12/2021,LEB,NH,ANE,EN,Federal Contract Tower,0,22,16,0,38,0,12,20,0,32,0,34,36,0,70,12,0,12,82
09/13/2021,LEB,NH,ANE,EN,Federal Contract Tower,0,9,17,0,26,0,12,27,0,39,0,21,44,0,65,34,0,34,99
09/14/2021,LEB,NH,ANE,EN,Federal Contract Tower,0,13,7,1,21,0,13,34,0,47,0,26,41,1,68,48,0,48,116
09/15/2021,LEB,NH,ANE,EN,Federal Contract Tower,0,13,14,0,27,0,2,2,0,4,0,15,16,0,31,0,0,0,31
09/16/2021,LEB,NH,ANE,EN,Federal Contract Tower,0,16,16,0,32,0,5,13,0,18,0,21,29,0,50,12,0,12,62
09/17/2021,LEB,NH,ANE,EN,Federal Contract Tower,0,29,7,0,36,0,2,3,0,5,0,31,10,0,41,34,0,34,75
09/18/2021,LEB,NH,ANE,EN,Federal Contract Tower,0,24,4,0,28,0,3,7,0,10,0,27,11,0,38,30,0,30,68
09/19/2021,LEB,NH,ANE,EN,Federal Contract Tower,0,20,11,0,31,0,18,44,0,62,0,38,55,0,93,8,0,8,101
09/20/2021,LEB,NH,ANE,EN,Federal Contract Tower,0,8,14,0,22,0,24,36,0,60,0,32,50,0,82,16,0,16,98
09/21/2021,LEB,NH,ANE,EN,Federal Contract Tower,0,10,15,0,25,0,9,31,0,40,0,19,46,0,65,86,0,86,151
09/22/2021,LEB,NH,ANE,EN,Federal Contract Tower,0,25,10,2,37,0,0,6,0,6,0,25,16,2,43,12,0,12,55
09/23/2021,LEB,NH,ANE,EN,Federal Contract Tower,0,29,15,0,44,0,12,11,0,23,0,41,26,0,67,6,0,6,73
09/24/2021,LEB,NH,ANE,EN,Federal Contract Tower,0,22,16,0,38,0,3,8,0,11,0,25,24,0,49,0,0,0,49
09/25/2021,LEB,NH,ANE,EN,Federal Contract Tower,0,24,13,0,37,0,5,33,0,38,0,29,46,0,75,22,0,22,97
09/26/2021,LEB,NH,ANE,EN,Federal Contract Tower,0,17,14,1,32,0,28,10,4,42,0,45,24,5,74,0,12,12,86
09/27/2021,LEB,NH,ANE,EN,Federal Contract Tower,0,14,15,0,29,0,6,22,0,28,0,20,37,0,57,36,0,36,93
09/28/2021,LEB,NH,ANE,EN,Federal Contract Tower,0,20,10,0,30,0,5,10,0,15,0,25,20,0,45,36,0,36,81
09/29/2021,LEB,NH,ANE,EN,Federal Contract Tower,0,15,13,0,28,0,9,26,0,35,0,24,39,0,63,22,0,22,85
09/30/2021,LEB,NH,ANE,EN,Federal Contract Tower,0,36,16,0,52,0,3,4,0,7,0,39,20,0,59,2,2,4,63
10/01/2021,LEB,NH,ANE,EN,Federal Contract Tower,0,17,17,0,34,0,7,31,0,38,0,24,48,0,72,20,0,20,92
10/02/2021,LEB,NH,ANE,EN,Federal Contract Tower,0,8,15,2,25,0,11,14,0,25,0,19,29,2,50,56,0,56,106
10/03/2021,LEB,NH,ANE,EN,Federal Contract Tower,0,32,14,0,46,0,2,16,0,18,0,34,30,0,64,10,0,10,74
10/04/2021,LEB,NH,ANE,EN,Federal Contract Tower,0,32,8,0,40,0,0,0,0,0,0,32,8,0,40,0,0,0,40
10/05/2021,LEB,NH,ANE,EN,Federal Contract Tower,0,15,11,0,26,0,8,8,0,16,0,23,19,0,42,16,0,16,58
10/06/2021,LEB,NH,ANE,EN,Federal Contract Tower,0,12,17,2,31,0,7,36,0,43,0,19,53,2,74,50,2,52,126
10/07/2021,LEB,NH,ANE,EN,Federal Contract Tower,0,25,23,0,48,0,17,45,2,64,0,42,68,2,112,30,0,30,142
10/08/2021,LEB,NH,ANE,EN,Federal Contract Tower,0,29,19,0,48,0,5,38,0,43,0,34,57,0,91,12,4,16,107
10/09/2021,LEB,NH,ANE,EN,Federal Contract Tower,0,32,17,0,49,0,0,15,0,15,0,32,32,0,64,18,0,18,82
10/10/2021,LEB,NH,ANE,EN,Federal Contract Tower,0,42,22,0,64,0,3,5,0,8,0,45,27,0,72,10,0,10,82
10/11/2021,LEB,NH,ANE,EN,Federal Contract Tower,0,24,7,0,31,0,4,13,0,17,0,28,20,0,48,4,0,4,52
10/12/2021,LEB,NH,ANE,EN,Federal Contract Tower,0,15,23,0,38,0,7,16,0,23,0,22,39,0,61,18,0,18,79
10/13/2021,LEB,NH,ANE,EN,Federal Contract Tower,0,11,5,2,18,0,4,27,0,31,0,15,32,2,49,24,6,30,79
10/14/2021,LEB,NH,ANE,EN,Federal Contract Tower,0,18,26,0,44,0,6,17,2,25,0,24,43,2,69,42,0,42,111
10/15/2021,LEB,NH,ANE,EN,Federal Contract Tower,0,25,21,0,46,0,4,20,0,24,0,29,41,0,70,74,0,74,144
10/16/2021,LEB,NH,ANE,EN,Federal Contract Tower,0,25,13,0,38,0,2,1,0,3,0,27,14,0,41,0,0,0,41
10/17/2021,LEB,NH,ANE,EN,Federal Contract Tower,0,23,18,0,41,0,6,26,0,32,0,29,44,0,73,48,0,48,121
10/18/2021,LEB,NH,ANE,EN,Federal Contract Tower,0,20,12,0,32,0,5,9,2,16,0,25,21,2,48,36,0,36,84
10/19/2021,LEB,NH,ANE,EN,Federal Contract Tower,0,19,19,0,38,0,6,31,0,37,0,25,50,0,75,12,0,12,87
10/20/2021,LEB,NH,ANE,EN,Federal Contract Tower,0,23,11,1,35,0,9,30,1,40,0,32,41,2,75,0,0,0,75
10/21/2021,LEB,NH,ANE,EN,Federal Contract Tower,0,21,14,0,35,0,9,35,0,44,0,30,49,0,79,38,0,38,117
10/22/2021,LEB,NH,ANE,EN,Federal Contract Tower,0,45,15,0,60,0,5,17,0,22,0,50,32,0,82,32,0,32,114
10/23/2021,LEB,NH,ANE,EN,Federal Contract Tower,0,22,12,0,34,0,7,38,0,45,0,29,50,0,79,38,0,38,117
10/24/2021,LEB,NH,ANE,EN,Federal Contract Tower,0,36,26,0,62,0,12,53,0,65,0,48,79,0,127,28,0,28,155
10/25/2021,LEB,NH,ANE,EN,Federal Contract Tower,0,16,8,0,24,0,1,2,0,3,0,17,10,0,27,0,0,0,27
10/26/2021,LEB,NH,ANE,EN,Federal Contract Tower,0,10,6,0,16,0,0,4,0,4,0,10,10,0,20,0,0,0,20
10/27/2021,LEB,NH,ANE,EN,Federal Contract Tower,0,10,12,0,22,0,0,3,0,3,0,10,15,0,25,6,0,6,31
10/28/2021,LEB,NH,ANE,EN,Federal Contract Tower,0,20,14,0,34,0,5,54,1,60,0,25,68,1,94,96,0,96,190
10/29/2021,LEB,NH,ANE,EN,Federal Contract Tower,0,20,3,0,23,0,2,31,0,33,0,22,34,0,56,46,0,46,102
10/30/2021,LEB,NH,ANE,EN,Federal Contract Tower,0,16,11,0,27,0,0,0,0,0,0,16,11,0,27,0,0,0,27
10/31/2021,LEB,NH,ANE,EN,Federal Contract Tower,0,18,10,0,28,0,2,8,0,10,0,20,18,0,38,6,0,6,44
11/01/2021,LEB,NH,ANE,EN,Federal Contract Tower,0,11,5,0,16,0,6,10,3,19,0,17,15,3,35,32,0,32,67
11/02/2021,LEB,NH,ANE,EN,Federal Contract Tower,0,11,4,0,15,0,8,22,4,34,0,19,26,4,49,20,0,20,69
11/03/2021,LEB,NH,ANE,EN,Federal Contract Tower,0,16,9,0,25,0,9,11,0,20,0,25,20,0,45,36,0,36,81
11/04/2021,LEB,NH,ANE,EN,Federal Contract Tower,0,18,8,0,26,0,5,11,0,16,0,23,19,0,42,14,0,14,56
11/05/2021,LEB,NH,ANE,EN,Federal Contract Tower,0,17,19,0,36,0,8,39,0,47,0,25,58,0,83,58,0,58,141
11/06/2021,LEB,NH,ANE,EN,Federal Contract Tower,0,19,20,1,40,0,14,60,1,75,0,33,80,2,115,42,0,42,157
11/07/2021,LEB,NH,ANE,EN,Federal Contract Tower,0,12,12,0,24,0,6,26,0,32,0,18,38,0,56,6,0,6,62
11/08/2021,LEB,NH,ANE,EN,Federal Contract Tower,0,15,6,2,23,0,5,29,2,36,0,20,35,4,59,20,0,20,79
11/09/2021,LEB,NH,ANE,EN,Federal Contract Tower,0,21,8,0,29,0,3,22,0,25,0,24,30,0,54,14,0,14,68
11/10/2021,LEB,NH,ANE,EN,Federal Contract Tower,0,17,16,0,33,0,4,31,0,35,0,21,47,0,68,10,0,10,78
11/11/2021,LEB,NH,ANE,EN,Federal Contract Tower,0,15,12,0,27,0,6,24,0,30,0,21,36,0,57,22,0,22,79
11/12/2021,LEB,NH,ANE,EN,Federal Contract Tower,0,12,7,0,19,0,0,0,0,0,0,12,7,0,19,0,0,0,19
11/13/2021,LEB,NH,ANE,EN,Federal Contract Tower,0,11,6,0,17,0,4,8,0,12,0,15,14,0,29,0,0,0,29
11/14/2021,LEB,NH,ANE,EN,Federal Contract Tower,0,22,10,0,32,0,7,23,0,30,0,29,33,0,62,82,0,82,144
11/15/2021,LEB,NH,ANE,EN,Federal Contract Tower,0,16,9,0,25,0,3,8,0,11,0,19,17,0,36,38,0,38,74
11/16/2021,LEB,NH,ANE,EN,Federal Contract Tower,0,14,11,0,25,0,5,11,1,17,0,19,22,1,42,10,8,18,60
11/17/2021,LEB,NH,ANE,EN,Federal Contract Tower,0,13,7,0,20,0,8,9,0,17,0,21,16,0,37,14,0,14,51
11/18/2021,LEB,NH,ANE,EN,Federal Contract Tower,0,22,6,0,28,0,5,14,0,19,0,27,20,0,47,16,0,16,63
11/19/2021,LEB,NH,ANE,EN,Federal Contract Tower,0,18,6,0,24,0,5,10,6,21,0,23,16,6,45,6,14,20,65
11/20/2021,LEB,NH,ANE,EN,Federal Contract Tower,0,9,12,0,21,0,13,35,0,48,0,22,47,0,69,4,0,4,73
11/21/2021,LEB,NH,ANE,EN,Federal Contract Tower,0,15,3,0,18,0,5,20,0,25,0,20,23,0,43,12,0,12,55
11/22/2021,LEB,NH,ANE,EN,Federal Contract Tower,0,22,6,2,30,0,3,10,0,13,0,25,16,2,43,0,4,4,47
11/23/2021,LEB,NH,ANE,EN,Federal Contract Tower,0,18,11,0,29,0,7,23,0,30,0,25,34,0,59,44,0,44,103
11/24/2021,LEB,NH,ANE,EN,Federal Contract Tower,0,7,11,0,18,0,6,44,2,52,0,13,55,2,70,14,0,14,84
11/25/2021,LEB,NH,ANE,EN,Federal Contract Tower,0,7,2,0,9,0,7,4,0,11,0,14,6,0,20,0,0,0,20
11/26/2021,LEB,NH,ANE,EN,Federal Contract Tower,0,11,2,0,13,0,0,0,0,0,0,11,2,0,13,0,0,0,13
11/27/2021,LEB,NH,ANE,EN,Federal Contract Tower,0,13,4,0,17,0,1,1,0,2,0,14,5,0,19,2,0,2,21
11/28/2021,LEB,NH,ANE,EN,Federal Contract Tower,0,9,14,0,23,0,6,37,0,43,0,15,51,0,66,34,0,34,100
11/29/2021,LEB,NH,ANE,EN,Federal Contract Tower,0,15,8,0,23,0,4,14,0,18,0,19,22,0,41,12,0,12,53
11/30/2021,LEB,NH,ANE,EN,Federal Contract Tower,0,11,7,2,20,0,5,10,0,15,0,16,17,2,35,52,0,52,87
12/01/2021,LEB,NH,ANE,EN,Federal Contract Tower,0,12,6,0,18,0,5,9,0,14,0,17,15,0,32,0,0,0,32
12/02/2021,LEB,NH,ANE,EN,Federal Contract Tower,0,15,3,0,18,0,0,0,0,0,0,15,3,0,18,0,0,0,18
12/03/2021,LEB,NH,ANE,EN,Federal Contract Tower,0,14,4,0,18,0,3,9,0,12,0,17,13,0,30,6,2,8,38
12/04/2021,LEB,NH,ANE,EN,Federal Contract Tower,0,11,5,0,16,0,3,16,2,21,0,14,21,2,37,34,0,34,71
12/05/2021,LEB,NH,ANE,EN,Federal Contract Tower,0,17,4,0,21,0,7,29,0,36,0,24,33,0,57,28,0,28,85
12/06/2021,LEB,NH,ANE,EN,Federal Contract Tower,0,12,2,0,14,0,0,0,0,0,0,12,2,0,14,0,0,0,14
12/07/2021,LEB,NH,ANE,EN,Federal Contract Tower,0,9,7,0,16,0,14,9,0,23,0,23,16,0,39,8,6,14,53
12/08/2021,LEB,NH,ANE,EN,Federal Contract Tower,0,17,1,0,18,0,0,1,0,1,0,17,2,0,19,0,0,0,19
12/09/2021,LEB,NH,ANE,EN,Federal Contract Tower,0,14,9,0,23,0,2,26,0,28,0,16,35,0,51,34,0,34,85
12/10/2021,LEB,NH,ANE,EN,Federal Contract Tower,0,17,11,0,28,0,4,23,0,27,0,21,34,0,55,44,0,44,99
12/11/2021,LEB,NH,ANE,EN,Federal Contract Tower,0,15,2,0,17,0,0,0,0,0,0,15,2,0,17,0,0,0,17
12/12/2021,LEB,NH,ANE,EN,Federal Contract Tower,0,18,12,0,30,0,7,13,0,20,0,25,25,0,50,18,0,18,68
12/13/2021,LEB,NH,ANE,EN,Federal Contract Tower,0,14,5,0,19,0,9,8,0,17,0,23,13,0,36,0,0,0,36
12/14/2021,LEB,NH,ANE,EN,Federal Contract Tower,0,8,12,0,20,0,9,29,3,41,0,17,41,3,61,18,0,18,79
12/15/2021,LEB,NH,ANE,EN,Federal Contract Tower,0,13,28,0,41,0,7,20,2,29,0,20,48,2,70,22,0,22,92
12/16/2021,LEB,NH,ANE,EN,Federal Contract Tower,0,10,13,0,23,0,4,9,0,13,0,14,22,0,36,0,0,0,36
12/17/2021,LEB,NH,ANE,EN,Federal Contract Tower,0,9,13,0,22,0,7,26,0,33,0,16,39,0,55,14,0,14,69
12/18/2021,LEB,NH,ANE,EN,Federal Contract Tower,0,3,4,0,7,0,1,3,0,4,0,4,7,0,11,0,0,0,11
12/20/2021,LEB,NH,ANE,EN,Federal Contract Tower,0,12,11,0,23,0,6,15,0,21,0,18,26,0,44,6,0,6,50
12/22/2021,LEB,NH,ANE,EN,Federal Contract Tower,0,20,12,0,32,0,0,1,0,1,0,20,13,0,33,6,0,6,39
12/23/2021,LEB,NH,ANE,EN,Federal Contract Tower,0,14,19,0,33,0,13,21,2,36,0,27,40,2,69,4,0,4,73
12/24/2021,LEB,NH,ANE,EN,Federal Contract Tower,0,17,1,0,18,0,0,25,0,25,0,17,26,0,43,9,0,9,52
12/25/2021,LEB,NH,ANE,EN,Federal Contract Tower,0,0,0,0,0,0,0,0,0,0,0,0,0,0,0,0,0,0,0
12/26/2021,LEB,NH,ANE,EN,Federal Contract Tower,0,0,0,0,0,0,0,0,0,0,0,0,0,0,0,0,0,0,0
12/27/2021,LEB,NH,ANE,EN,Federal Contract Tower,0,0,0,0,0,0,0,0,0,0,0,0,0,0,0,0,0,0,0
12/29/2021,LEB,NH,ANE,EN,Federal Contract Tower,0,8,11,0,19,0,0,0,0,0,0,8,11,0,19,0,0,0,19
12/30/2021,LEB,NH,ANE,EN,Federal Contract Tower,0,10,3,0,13,0,0,0,0,0,0,10,3,0,13,0,0,0,13
12/31/2021,LEB,NH,ANE,EN,Federal Contract Tower,0,11,1,0,12,0,0,0,0,0,0,11,1,0,12,0,0,0,12
01/01/2022,LEB,NH,ANE,EN,Federal Contract Tower,0,8,0,0,8,0,0,0,0,0,0,8,0,0,8,0,0,0,8
01/02/2022,LEB,NH,ANE,EN,Federal Contract Tower,0,18,5,0,23,0,0,0,0,0,0,18,5,0,23,0,0,0,23
01/03/2022,LEB,NH,ANE,EN,Federal Contract Tower,0,15,13,0,28,0,3,10,0,13,0,18,23,0,41,8,0,8,49
01/04/2022,LEB,NH,ANE,EN,Federal Contract Tower,0,11,18,0,29,0,6,33,0,39,0,17,51,0,68,34,0,34,102
01/05/2022,LEB,NH,ANE,EN,Federal Contract Tower,0,14,2,0,16,0,2,5,0,7,0,16,7,0,23,0,0,0,23
01/06/2022,LEB,NH,ANE,EN,Federal Contract Tower,0,14,0,0,14,0,0,3,0,3,0,14,3,0,17,4,0,4,21
01/07/2022,LEB,NH,ANE,EN,Federal Contract Tower,0,3,1,0,4,0,0,0,0,0,0,3,1,0,4,0,0,0,4
01/08/2022,LEB,NH,ANE,EN,Federal Contract Tower,0,17,8,1,26,0,6,29,2,37,0,23,37,3,63,32,0,32,95
01/09/2022,LEB,NH,ANE,EN,Federal Contract Tower,0,7,5,0,12,0,0,0,0,0,0,7,5,0,12,0,0,0,12
01/10/2022,LEB,NH,ANE,EN,Federal Contract Tower,0,16,3,0,19,0,5,6,0,11,0,21,9,0,30,0,0,0,30
01/11/2022,LEB,NH,ANE,EN,Federal Contract Tower,0,7,4,0,11,0,7,13,0,20,0,14,17,0,31,2,0,2,33
01/12/2022,LEB,NH,ANE,EN,Federal Contract Tower,0,9,9,0,18,0,7,17,0,24,0,16,26,0,42,4,0,4,46
01/13/2022,LEB,NH,ANE,EN,Federal Contract Tower,0,14,6,0,20,0,0,12,0,12,0,14,18,0,32,4,0,4,36
01/14/2022,LEB,NH,ANE,EN,Federal Contract Tower,0,15,3,0,18,0,1,0,0,1,0,16,3,0,19,0,0,0,19
01/15/2022,LEB,NH,ANE,EN,Federal Contract Tower,0,16,6,0,22,0,4,4,0,8,0,20,10,0,30,0,0,0,30
01/16/2022,LEB,NH,ANE,EN,Federal Contract Tower,0,13,7,0,20,0,2,22,0,24,0,15,29,0,44,36,0,36,80
01/17/2022,LEB,NH,ANE,EN,Federal Contract Tower,0,6,2,0,8,0,0,0,0,0,0,6,2,0,8,0,0,0,8
01/18/2022,LEB,NH,ANE,EN,Federal Contract Tower,0,15,7,0,22,0,1,2,0,3,0,16,9,0,25,0,0,0,25
01/19/2022,LEB,NH,ANE,EN,Federal Contract Tower,0,17,8,0,25,0,6,5,0,11,0,23,13,0,36,10,0,10,46
01/20/2022,LEB,NH,ANE,EN,Federal Contract Tower,0,14,12,0,26,0,7,7,0,14,0,21,19,0,40,0,0,0,40
01/21/2022,LEB,NH,ANE,EN,Federal Contract Tower,0,14,6,2,22,0,8,12,0,20,0,22,18,2,42,24,0,24,66
01/22/2022,LEB,NH,ANE,EN,Federal Contract Tower,0,13,16,0,29,0,2,17,0,19,0,15,33,0,48,14,0,14,62
01/23/2022,LEB,NH,ANE,EN,Federal Contract Tower,0,14,3,0,17,0,9,11,0,20,0,23,14,0,37,28,0,28,65
01/24/2022,LEB,NH,ANE,EN,Federal Contract Tower,0,19,10,0,29,0,3,12,0,15,0,22,22,0,44,34,0,34,78
01/25/2022,LEB,NH,ANE,EN,Federal Contract Tower,0,13,5,0,18,0,1,2,0,3,0,14,7,0,21,10,0,10,31
01/26/2022,LEB,NH,ANE,EN,Federal Contract Tower,0,8,4,0,12,0,4,9,2,15,0,12,13,2,27,2,0,2,29
01/27/2022,LEB,NH,ANE,EN,Federal Contract Tower,0,8,5,0,13,0,5,10,0,15,0,13,15,0,28,16,0,16,44
01/28/2022,LEB,NH,ANE,EN,Federal Contract Tower,0,19,9,0,28,0,1,12,0,13,0,20,21,0,41,32,0,32,73
01/29/2022,LEB,NH,ANE,EN,Federal Contract Tower,0,4,0,0,4,0,0,0,0,0,0,4,0,0,4,0,0,0,4
01/30/2022,LEB,NH,ANE,EN,Federal Contract Tower,0,10,6,0,16,0,3,16,0,19,0,13,22,0,35,0,0,0,35
01/31/2022,LEB,NH,ANE,EN,Federal Contract Tower,0,18,4,1,23,0,8,16,1,25,0,26,20,2,48,16,0,16,64
02/01/2022,LEB,NH,ANE,EN,Federal Contract Tower,0,9,5,0,14,0,9,16,0,25,0,18,21,0,39,16,0,16,55
02/02/2022,LEB,NH,ANE,EN,Federal Contract Tower,0,19,8,0,27,0,3,5,0,8,0,22,13,0,35,8,0,8,43
02/03/2022,LEB,NH,ANE,EN,Federal Contract Tower,0,12,6,0,18,0,0,0,0,0,0,12,6,0,18,0,0,0,18
02/04/2022,LEB,NH,ANE,EN,Federal Contract Tower,0,0,2,0,2,0,0,0,0,0,0,0,2,0,2,0,0,0,2
02/05/2022,LEB,NH,ANE,EN,Federal Contract Tower,0,12,2,0,14,0,3,3,0,6,0,15,5,0,20,0,0,0,20
02/06/2022,LEB,NH,ANE,EN,Federal Contract Tower,0,8,5,0,13,0,6,32,0,38,0,14,37,0,51,44,0,44,95
02/07/2022,LEB,NH,ANE,EN,Federal Contract Tower,0,15,5,0,20,0,0,2,0,2,0,15,7,0,22,22,0,22,44
02/08/2022,LEB,NH,ANE,EN,Federal Contract Tower,0,13,2,0,15,0,3,1,0,4,0,16,3,0,19,14,0,14,33
02/09/2022,LEB,NH,ANE,EN,Federal Contract Tower,0,16,7,0,23,0,8,43,0,51,0,24,50,0,74,60,0,60,134
02/10/2022,LEB,NH,ANE,EN,Federal Contract Tower,0,18,2,0,20,0,0,0,0,0,0,18,2,0,20,0,0,0,20
02/11/2022,LEB,NH,ANE,EN,Federal Contract Tower,0,17,19,1,37,0,6,20,2,28,0,23,39,3,65,0,0,0,65
02/12/2022,LEB,NH,ANE,EN,Federal Contract Tower,0,14,2,0,16,0,7,18,0,25,0,21,20,0,41,0,0,0,41
02/13/2022,LEB,NH,ANE,EN,Federal Contract Tower,0,16,12,0,28,0,8,19,0,27,0,24,31,0,55,20,0,20,75
02/14/2022,LEB,NH,ANE,EN,Federal Contract Tower,0,17,6,0,23,0,4,25,0,29,0,21,31,0,52,16,0,16,68
02/15/2022,LEB,NH,ANE,EN,Federal Contract Tower,0,16,5,0,21,0,4,7,0,11,0,20,12,0,32,30,0,30,62
02/16/2022,LEB,NH,ANE,EN,Federal Contract Tower,0,13,3,0,16,0,9,7,2,18,0,22,10,2,34,0,2,2,36
02/17/2022,LEB,NH,ANE,EN,Federal Contract Tower,0,15,2,0,17,0,3,2,0,5,0,18,4,0,22,2,0,2,24
02/18/2022,LEB,NH,ANE,EN,Federal Contract Tower,0,16,10,0,26,0,2,8,0,10,0,18,18,0,36,0,0,0,36
02/19/2022,LEB,NH,ANE,EN,Federal Contract Tower,0,16,6,0,22,0,0,0,0,0,0,16,6,0,22,0,0,0,22
02/20/2022,LEB,NH,ANE,EN,Federal Contract Tower,0,24,5,0,29,0,6,28,0,34,0,30,33,0,63,14,0,14,77
02/21/2022,LEB,NH,ANE,EN,Federal Contract Tower,0,18,12,0,30,0,13,33,2,48,0,31,45,2,78,22,0,22,100
02/22/2022,LEB,NH,ANE,EN,Federal Contract Tower,0,16,7,0,23,0,2,3,0,5,0,18,10,0,28,0,0,0,28
02/23/2022,LEB,NH,ANE,EN,Federal Contract Tower,0,12,5,0,17,0,2,4,0,6,0,14,9,0,23,28,0,28,51
02/24/2022,LEB,NH,ANE,EN,Federal Contract Tower,0,19,15,0,34,0,7,23,0,30,0,26,38,0,64,24,0,24,88
02/25/2022,LEB,NH,ANE,EN,Federal Contract Tower,0,0,0,0,0,0,0,0,0,0,0,0,0,0,0,0,0,0,0
02/26/2022,LEB,NH,ANE,EN,Federal Contract Tower,0,16,7,2,25,0,4,15,0,19,0,20,22,2,44,0,2,2,46
02/27/2022,LEB,NH,ANE,EN,Federal Contract Tower,0,23,8,0,31,0,3,6,0,9,0,26,14,0,40,36,0,36,76
02/28/2022,LEB,NH,ANE,EN,Federal Contract Tower,0,17,9,0,26,0,6,8,0,14,0,23,17,0,40,6,0,6,46
03/01/2022,LEB,NH,ANE,EN,Federal Contract Tower,0,12,6,0,18,0,2,5,0,7,0,14,11,0,25,36,0,36,61
03/02/2022,LEB,NH,ANE,EN,Federal Contract Tower,0,13,12,0,25,0,7,22,2,31,0,20,34,2,56,18,0,18,74
03/03/2022,LEB,NH,ANE,EN,Federal Contract Tower,0,24,15,0,39,0,7,8,0,15,0,31,23,0,54,42,0,42,96
03/04/2022,LEB,NH,ANE,EN,Federal Contract Tower,0,16,10,2,28,0,10,42,1,53,0,26,52,3,81,64,16,80,161
03/05/2022,LEB,NH,ANE,EN,Federal Contract Tower,0,21,16,1,38,0,9,26,2,37,0,30,42,3,75,28,0,28,103
03/06/2022,LEB,NH,ANE,EN,Federal Contract Tower,0,19,10,0,29,0,1,1,0,2,0,20,11,0,31,0,0,0,31
03/07/2022,LEB,NH,ANE,EN,Federal Contract Tower,0,14,5,0,19,0,3,3,0,6,0,17,8,0,25,0,0,0,25
03/08/2022,LEB,NH,ANE,EN,Federal Contract Tower,0,12,2,0,14,0,5,12,0,17,0,17,14,0,31,20,0,20,51
03/09/2022,LEB,NH,ANE,EN,Federal Contract Tower,0,10,4,0,14,0,0,13,8,21,0,10,17,8,35,14,0,14,49
03/10/2022,LEB,NH,ANE,EN,Federal Contract Tower,0,20,23,0,43,0,4,22,0,26,0,24,45,0,69,18,0,18,87
03/11/2022,LEB,NH,ANE,EN,Federal Contract Tower,0,11,2,0,13,0,7,24,0,31,0,18,26,0,44,30,0,30,74
03/12/2022,LEB,NH,ANE,EN,Federal Contract Tower,0,1,0,0,1,0,0,0,0,0,0,1,0,0,1,0,0,0,1
03/13/2022,LEB,NH,ANE,EN,Federal Contract Tower,0,13,6,0,19,0,6,3,0,9,0,19,9,0,28,0,0,0,28
03/14/2022,LEB,NH,ANE,EN,Federal Contract Tower,0,14,11,0,25,0,5,21,0,26,0,19,32,0,51,12,0,12,63
03/15/2022,LEB,NH,ANE,EN,Federal Contract Tower,0,10,5,0,15,0,2,11,0,13,0,12,16,0,28,6,0,6,34
03/16/2022,LEB,NH,ANE,EN,Federal Contract Tower,0,5,4,0,9,0,5,26,2,33,0,10,30,2,42,6,2,8,50
03/17/2022,LEB,NH,ANE,EN,Federal Contract Tower,0,14,13,0,27,0,1,3,0,4,0,15,16,0,31,6,0,6,37
03/18/2022,LEB,NH,ANE,EN,Federal Contract Tower,0,13,7,0,20,0,8,35,0,43,0,21,42,0,63,54,0,54,117
03/19/2022,LEB,NH,ANE,EN,Federal Contract Tower,0,12,10,0,22,0,0,0,0,0,0,12,10,0,22,0,0,0,22
03/20/2022,LEB,NH,ANE,EN,Federal Contract Tower,0,16,2,0,18,0,2,0,2,4,0,18,2,2,22,0,0,0,22
03/21/2022,LEB,NH,ANE,EN,Federal Contract Tower,0,13,1,0,14,0,6,16,0,22,0,19,17,0,36,12,0,12,48
03/22/2022,LEB,NH,ANE,EN,Federal Contract Tower,0,4,5,1,10,0,7,10,1,18,0,11,15,2,28,44,0,44,72
03/23/2022,LEB,NH,ANE,EN,Federal Contract Tower,0,9,13,0,22,0,12,37,0,49,0,21,50,0,71,74,0,74,145
03/24/2022,LEB,NH,ANE,EN,Federal Contract Tower,0,12,0,0,12,0,0,0,0,0,0,12,0,0,12,0,0,0,12
03/25/2022,LEB,NH,ANE,EN,Federal Contract Tower,0,14,4,0,18,0,2,9,0,11,0,16,13,0,29,12,0,12,41
03/26/2022,LEB,NH,ANE,EN,Federal Contract Tower,0,11,10,1,22,0,2,33,0,35,0,13,43,1,57,110,0,110,167
03/27/2022,LEB,NH,ANE,EN,Federal Contract Tower,0,14,12,0,26,0,1,8,0,9,0,15,20,0,35,6,0,6,41
03/28/2022,LEB,NH,ANE,EN,Federal Contract Tower,0,17,6,0,23,0,0,2,0,2,0,17,8,0,25,0,0,0,25
03/29/2022,LEB,NH,ANE,EN,Federal Contract Tower,0,9,5,0,14,0,5,20,0,25,0,14,25,0,39,20,0,20,59
03/30/2022,LEB,NH,ANE,EN,Federal Contract Tower,0,7,9,0,16,0,10,34,0,44,0,17,43,0,60,78,0,78,138
03/31/2022,LEB,NH,ANE,EN,Federal Contract Tower,0,20,7,0,27,0,1,2,0,3,0,21,9,0,30,0,0,0,30
04/01/2022,LEB,NH,ANE,EN,Federal Contract Tower,0,17,9,0,26,0,0,4,0,4,0,17,13,0,30,34,0,34,64
04/02/2022,LEB,NH,ANE,EN,Federal Contract Tower,0,7,6,0,13,0,5,25,0,30,0,12,31,0,43,36,0,36,79
04/03/2022,LEB,NH,ANE,EN,Federal Contract Tower,0,23,3,0,26,0,6,13,0,19,0,29,16,0,45,44,0,44,89
04/04/2022,LEB,NH,ANE,EN,Federal Contract Tower,0,14,2,0,16,0,16,17,0,33,0,30,19,0,49,64,0,64,113
04/05/2022,LEB,NH,ANE,EN,Federal Contract Tower,0,14,14,0,28,0,11,34,2,47,0,25,48,2,75,134,0,134,209
04/06/2022,LEB,NH,ANE,EN,Federal Contract Tower,0,20,11,1,32,0,4,24,1,29,0,24,35,2,61,20,0,20,81
04/07/2022,LEB,NH,ANE,EN,Federal Contract Tower,0,38,7,0,45,0,1,8,0,9,0,39,15,0,54,20,0,20,74
04/08/2022,LEB,NH,ANE,EN,Federal Contract Tower,0,13,14,0,27,0,2,3,0,5,0,15,17,0,32,4,0,4,36
04/09/2022,LEB,NH,ANE,EN,Federal Contract Tower,0,24,10,0,34,0,0,0,0,0,0,24,10,0,34,0,0,0,34
04/10/2022,LEB,NH,ANE,EN,Federal Contract Tower,0,17,6,0,23,0,2,11,0,13,0,19,17,0,36,2,0,2,38
04/11/2022,LEB,NH,ANE,EN,Federal Contract Tower,0,7,3,0,10,0,13,42,0,55,0,20,45,0,65,34,0,34,99
04/12/2022,LEB,NH,ANE,EN,Federal Contract Tower,0,10,14,0,24,0,6,21,0,27,0,16,35,0,51,110,0,110,161
04/13/2022,LEB,NH,ANE,EN,Federal Contract Tower,0,13,8,0,21,0,7,18,4,29,0,20,26,4,50,56,0,56,106
04/14/2022,LEB,NH,ANE,EN,Federal Contract Tower,0,18,9,0,27,0,4,15,0,19,0,22,24,0,46,36,0,36,82
04/15/2022,LEB,NH,ANE,EN,Federal Contract Tower,0,31,14,1,46,0,10,58,6,74,0,41,72,7,120,72,0,72,192
04/16/2022,LEB,NH,ANE,EN,Federal Contract Tower,0,18,15,0,33,0,2,7,0,9,0,20,22,0,42,0,0,0,42
04/17/2022,LEB,NH,ANE,EN,Federal Contract Tower,0,20,7,0,27,0,1,1,0,2,0,21,8,0,29,2,0,2,31
04/18/2022,LEB,NH,ANE,EN,Federal Contract Tower,0,17,9,0,26,0,6,37,0,43,0,23,46,0,69,16,0,16,85
04/19/2022,LEB,NH,ANE,EN,Federal Contract Tower,0,21,5,0,26,0,1,2,0,3,0,22,7,0,29,0,0,0,29
04/20/2022,LEB,NH,ANE,EN,Federal Contract Tower,0,15,5,0,20,0,7,12,0,19,0,22,17,0,39,8,0,8,47
04/21/2022,LEB,NH,ANE,EN,Federal Contract Tower,0,29,9,0,38,0,4,25,2,31,0,33,34,2,69,12,0,12,81
04/22/2022,LEB,NH,ANE,EN,Federal Contract Tower,0,22,10,0,32,0,4,5,0,9,0,26,15,0,41,4,0,4,45
04/23/2022,LEB,NH,ANE,EN,Federal Contract Tower,0,21,8,1,30,0,4,41,1,46,0,25,49,2,76,12,0,12,88
04/24/2022,LEB,NH,ANE,EN,Federal Contract Tower,0,11,11,0,22,0,10,41,3,54,0,21,52,3,76,20,0,20,96
04/25/2022,LEB,NH,ANE,EN,Federal Contract Tower,0,12,4,0,16,0,6,24,0,30,0,18,28,0,46,0,0,0,46
04/26/2022,LEB,NH,ANE,EN,Federal Contract Tower,0,19,8,0,27,0,0,21,0,21,0,19,29,0,48,36,0,36,84
04/27/2022,LEB,NH,ANE,EN,Federal Contract Tower,0,19,10,0,29,0,2,5,0,7,0,21,15,0,36,18,0,18,54
04/28/2022,LEB,NH,ANE,EN,Federal Contract Tower,0,21,5,0,26,0,2,7,1,10,0,23,12,1,36,2,2,4,40
04/29/2022,LEB,NH,ANE,EN,Federal Contract Tower,0,21,8,0,29,0,13,18,0,31,0,34,26,0,60,4,0,4,64
04/30/2022,LEB,NH,ANE,EN,Federal Contract Tower,0,15,21,0,36,0,17,15,0,32,0,32,36,0,68,14,0,14,82
05/01/2022,LEB,NH,ANE,EN,Federal Contract Tower,0,14,19,0,33,0,8,81,0,89,0,22,100,0,122,52,0,52,174
05/02/2022,LEB,NH,ANE,EN,Federal Contract Tower,0,14,10,0,24,0,11,10,0,21,0,25,20,0,45,6,4,10,55
05/03/2022,LEB,NH,ANE,EN,Federal Contract Tower,0,14,3,0,17,0,1,4,0,5,0,15,7,0,22,0,0,0,22
05/04/2022,LEB,NH,ANE,EN,Federal Contract Tower,0,25,9,0,34,0,0,0,0,0,0,25,9,0,34,0,0,0,34
05/05/2022,LEB,NH,ANE,EN,Federal Contract Tower,0,18,15,0,33,0,14,35,4,53,0,32,50,4,86,42,0,42,128
05/06/2022,LEB,NH,ANE,EN,Federal Contract Tower,0,13,12,0,25,0,11,36,0,47,0,24,48,0,72,32,0,32,104
05/07/2022,LEB,NH,ANE,EN,Federal Contract Tower,0,13,8,1,22,0,10,15,5,30,0,23,23,6,52,0,0,0,52
05/08/2022,LEB,NH,ANE,EN,Federal Contract Tower,0,17,15,0,32,0,9,50,0,59,0,26,65,0,91,22,0,22,113
05/09/2022,LEB,NH,ANE,EN,Federal Contract Tower,0,27,4,0,31,0,7,45,0,52,0,34,49,0,83,46,0,46,129
05/10/2022,LEB,NH,ANE,EN,Federal Contract Tower,0,21,4,0,25,0,9,41,0,50,0,30,45,0,75,28,0,28,103
05/11/2022,LEB,NH,ANE,EN,Federal Contract Tower,0,14,9,0,23,0,8,50,0,58,0,22,59,0,81,48,0,48,129
05/12/2022,LEB,NH,ANE,EN,Federal Contract Tower,0,22,5,0,27,0,3,31,1,35,0,25,36,1,62,6,0,6,68
05/13/2022,LEB,NH,ANE,EN,Federal Contract Tower,0,20,19,0,39,0,10,31,3,44,0,30,50,3,83,34,0,34,117
05/14/2022,LEB,NH,ANE,EN,Federal Contract Tower,0,18,15,0,33,0,13,32,0,45,0,31,47,0,78,22,0,22,100
05/15/2022,LEB,NH,ANE,EN,Federal Contract Tower,0,18,13,0,31,0,1,0,0,1,0,19,13,0,32,0,0,0,32
05/16/2022,LEB,NH,ANE,EN,Federal Contract Tower,0,13,12,0,25,0,3,9,0,12,0,16,21,0,37,0,0,0,37
05/17/2022,LEB,NH,ANE,EN,Federal Contract Tower,0,12,10,0,22,0,7,15,0,22,0,19,25,0,44,10,0,10,54
05/18/2022,LEB,NH,ANE,EN,Federal Contract Tower,0,4,5,0,9,0,11,24,0,35,0,15,29,0,44,2,0,2,46
05/19/2022,LEB,NH,ANE,EN,Federal Contract Tower,0,22,12,0,34,0,0,7,0,7,0,22,19,0,41,36,0,36,77
05/20/2022,LEB,NH,ANE,EN,Federal Contract Tower,0,15,12,0,27,0,4,61,0,65,0,19,73,0,92,54,0,54,146
05/21/2022,LEB,NH,ANE,EN,Federal Contract Tower,0,20,9,0,29,0,6,26,0,32,0,26,35,0,61,10,0,10,71
05/22/2022,LEB,NH,ANE,EN,Federal Contract Tower,0,19,9,0,28,0,12,18,0,30,0,31,27,0,58,30,0,30,88
05/23/2022,LEB,NH,ANE,EN,Federal Contract Tower,0,9,7,1,17,0,8,41,0,49,0,17,48,1,66,48,0,48,114
05/24/2022,LEB,NH,ANE,EN,Federal Contract Tower,0,15,24,0,39,0,23,26,0,49,0,38,50,0,88,0,0,0,88
05/25/2022,LEB,NH,ANE,EN,Federal Contract Tower,0,12,10,0,22,0,4,29,0,33,0,16,39,0,55,32,0,32,87
05/26/2022,LEB,NH,ANE,EN,Federal Contract Tower,0,17,12,0,29,0,8,10,0,18,0,25,22,0,47,8,0,8,55
05/27/2022,LEB,NH,ANE,EN,Federal Contract Tower,0,15,13,0,28,0,2,13,0,15,0,17,26,0,43,14,0,14,57
05/28/2022,LEB,NH,ANE,EN,Federal Contract Tower,0,9,15,0,24,0,7,0,0,7,0,16,15,0,31,0,0,0,31
05/29/2022,LEB,NH,ANE,EN,Federal Contract Tower,0,10,14,1,25,0,19,38,0,57,0,29,52,1,82,46,0,46,128
05/30/2022,LEB,NH,ANE,EN,Federal Contract Tower,0,11,10,0,21,0,15,48,0,63,0,26,58,0,84,4,0,4,88
05/31/2022,LEB,NH,ANE,EN,Federal Contract Tower,0,15,16,0,31,0,10,17,0,27,0,25,33,0,58,42,0,42,100
06/01/2022,LEB,NH,ANE,EN,Federal Contract Tower,0,13,15,0,28,0,0,0,0,0,0,13,15,0,28,0,0,0,28
06/02/2022,LEB,NH,ANE,EN,Federal Contract Tower,0,13,12,2,27,0,1,10,0,11,0,14,22,2,38,30,0,30,68
06/03/2022,LEB,NH,ANE,EN,Federal Contract Tower,0,26,10,0,36,0,2,0,0,2,0,28,10,0,38,0,0,0,38
06/04/2022,LEB,NH,ANE,EN,Federal Contract Tower,0,26,13,0,39,0,11,30,0,41,0,37,43,0,80,0,0,0,80
06/05/2022,LEB,NH,ANE,EN,Federal Contract Tower,0,18,15,0,33,0,7,72,0,79,0,25,87,0,112,20,0,20,132
06/06/2022,LEB,NH,ANE,EN,Federal Contract Tower,0,16,8,0,24,0,8,35,0,43,0,24,43,0,67,30,0,30,97
06/07/2022,LEB,NH,ANE,EN,Federal Contract Tower,0,9,5,0,14,0,10,14,0,24,0,19,19,0,38,10,0,10,48
06/08/2022,LEB,NH,ANE,EN,Federal Contract Tower,0,16,11,0,27,0,4,0,0,4,0,20,11,0,31,14,0,14,45
06/09/2022,LEB,NH,ANE,EN,Federal Contract Tower,0,27,19,0,46,0,3,1,0,4,0,30,20,0,50,0,0,0,50
06/10/2022,LEB,NH,ANE,EN,Federal Contract Tower,0,33,20,0,53,0,7,56,0,63,0,40,76,0,116,28,0,28,144
06/11/2022,LEB,NH,ANE,EN,Federal Contract Tower,0,25,15,0,40,0,11,50,0,61,0,36,65,0,101,6,0,6,107
06/12/2022,LEB,NH,ANE,EN,Federal Contract Tower,0,69,14,0,83,0,16,44,0,60,0,85,58,0,143,28,0,28,171
06/13/2022,LEB,NH,ANE,EN,Federal Contract Tower,0,18,17,1,36,0,10,39,0,49,0,28,56,1,85,56,0,56,141
06/14/2022,LEB,NH,ANE,EN,Federal Contract Tower,0,18,16,0,34,0,8,39,0,47,0,26,55,0,81,62,0,62,143
06/15/2022,LEB,NH,ANE,EN,Federal Contract Tower,0,17,9,0,26,0,6,45,4,55,0,23,54,4,81,52,0,52,133
06/16/2022,LEB,NH,ANE,EN,Federal Contract Tower,0,19,13,2,34,0,5,13,0,18,0,24,26,2,52,14,0,14,66
06/17/2022,LEB,NH,ANE,EN,Federal Contract Tower,0,24,11,0,35,0,6,19,0,25,0,30,30,0,60,8,0,8,68
06/18/2022,LEB,NH,ANE,EN,Federal Contract Tower,0,16,12,0,28,0,2,2,0,4,0,18,14,0,32,0,0,0,32
06/19/2022,LEB,NH,ANE,EN,Federal Contract Tower,0,20,15,0,35,0,6,18,0,24,0,26,33,0,59,0,0,0,59
06/20/2022,LEB,NH,ANE,EN,Federal Contract Tower,0,17,8,1,26,0,12,32,0,44,0,29,40,1,70,30,0,30,100
06/21/2022,LEB,NH,ANE,EN,Federal Contract Tower,0,8,9,2,19,0,7,19,1,27,0,15,28,3,46,40,0,40,86
06/22/2022,LEB,NH,ANE,EN,Federal Contract Tower,0,30,12,0,42,0,4,28,0,32,0,34,40,0,74,34,0,34,108
06/23/2022,LEB,NH,ANE,EN,Federal Contract Tower,0,25,9,0,34,0,4,10,0,14,0,29,19,0,48,32,0,32,80
06/24/2022,LEB,NH,ANE,EN,Federal Contract Tower,0,20,20,0,40,0,8,16,0,24,0,28,36,0,64,18,0,18,82
06/25/2022,LEB,NH,ANE,EN,Federal Contract Tower,0,22,15,0,37,0,8,45,0,53,0,30,60,0,90,48,0,48,138
06/26/2022,LEB,NH,ANE,EN,Federal Contract Tower,0,27,11,0,38,0,11,54,2,67,0,38,65,2,105,4,0,4,109
06/27/2022,LEB,NH,ANE,EN,Federal Contract Tower,0,17,14,0,31,0,4,28,0,32,0,21,42,0,63,38,0,38,101
06/28/2022,LEB,NH,ANE,EN,Federal Contract Tower,0,8,6,0,14,0,8,36,0,44,0,16,42,0,58,30,0,30,88
06/29/2022,LEB,NH,ANE,EN,Federal Contract Tower,0,14,11,0,25,0,10,31,0,41,0,24,42,0,66,18,0,18,84
06/30/2022,LEB,NH,ANE,EN,Federal Contract Tower,0,12,7,0,19,0,7,36,0,43,0,19,43,0,62,32,0,32,94
07/01/2022,LEB,NH,ANE,EN,Federal Contract Tower,0,10,16,0,26,0,12,36,0,48,0,22,52,0,74,32,0,32,106
07/02/2022,LEB,NH,ANE,EN,Federal Contract Tower,0,19,8,0,27,0,9,19,0,28,0,28,27,0,55,40,0,40,95
07/03/2022,LEB,NH,ANE,EN,Federal Contract Tower,0,9,8,0,17,0,12,28,0,40,0,21,36,0,57,2,0,2,59
07/04/2022,LEB,NH,ANE,EN,Federal Contract Tower,0,9,8,0,17,0,12,44,0,56,0,21,52,0,73,24,0,24,97
07/05/2022,LEB,NH,ANE,EN,Federal Contract Tower,0,15,20,0,35,0,6,26,0,32,0,21,46,0,67,44,0,44,111
07/06/2022,LEB,NH,ANE,EN,Federal Contract Tower,0,16,15,1,32,0,7,16,0,23,0,23,31,1,55,44,0,44,99
07/07/2022,LEB,NH,ANE,EN,Federal Contract Tower,0,11,15,2,28,0,9,21,0,30,0,20,36,2,58,32,0,32,90
07/08/2022,LEB,NH,ANE,EN,Federal Contract Tower,0,9,12,0,21,0,13,31,0,44,0,22,43,0,65,12,0,12,77
07/09/2022,LEB,NH,ANE,EN,Federal Contract Tower,0,16,10,0,26,0,13,69,0,82,0,29,79,0,108,22,0,22,130
07/10/2022,LEB,NH,ANE,EN,Federal Contract Tower,0,13,17,0,30,0,10,52,0,62,0,23,69,0,92,16,0,16,108
07/11/2022,LEB,NH,ANE,EN,Federal Contract Tower,0,22,9,0,31,0,14,61,0,75,0,36,70,0,106,34,0,34,140
07/12/2022,LEB,NH,ANE,EN,Federal Contract Tower,0,6,6,0,12,0,3,5,0,8,0,9,11,0,20,0,0,0,20
07/13/2022,LEB,NH,ANE,EN,Federal Contract Tower,0,12,6,1,19,0,9,25,1,35,0,21,31,2,54,6,0,6,60
07/14/2022,LEB,NH,ANE,EN,Federal Contract Tower,0,12,16,0,28,0,4,17,0,21,0,16,33,0,49,22,0,22,71
07/15/2022,LEB,NH,ANE,EN,Federal Contract Tower,0,16,12,0,28,0,6,40,0,46,0,22,52,0,74,22,0,22,96
07/16/2022,LEB,NH,ANE,EN,Federal Contract Tower,0,25,10,0,35,0,11,53,0,64,0,36,63,0,99,8,0,8,107
07/17/2022,LEB,NH,ANE,EN,Federal Contract Tower,0,23,18,0,41,0,15,24,0,39,0,38,42,0,80,22,0,22,102
07/18/2022,LEB,NH,ANE,EN,Federal Contract Tower,0,10,13,0,23,0,1,1,0,2,0,11,14,0,25,0,0,0,25
07/19/2022,LEB,NH,ANE,EN,Federal Contract Tower,0,14,13,0,27,0,11,52,2,65,0,25,65,2,92,10,6,16,108
07/20/2022,LEB,NH,ANE,EN,Federal Contract Tower,0,26,12,0,38,0,11,43,2,56,0,37,55,2,94,32,0,32,126
07/21/2022,LEB,NH,ANE,EN,Federal Contract Tower,0,41,5,0,46,0,7,17,0,24,0,48,22,0,70,0,0,0,70
07/22/2022,LEB,NH,ANE,EN,Federal Contract Tower,0,21,9,0,30,0,11,17,2,30,0,32,26,2,60,0,0,0,60
07/23/2022,LEB,NH,ANE,EN,Federal Contract Tower,0,21,18,1,40,0,8,37,1,46,0,29,55,2,86,14,0,14,100
07/24/2022,LEB,NH,ANE,EN,Federal Contract Tower,0,21,21,0,42,0,8,25,0,33,0,29,46,0,75,0,0,0,75
07/25/2022,LEB,NH,ANE,EN,Federal Contract Tower,0,13,19,0,32,0,5,36,0,41,0,18,55,0,73,46,0,46,119
07/26/2022,LEB,NH,ANE,EN,Federal Contract Tower,0,20,18,0,38,0,4,25,1,30,0,24,43,1,68,18,0,18,86
07/27/2022,LEB,NH,ANE,EN,Federal Contract Tower,0,14,8,0,22,0,13,42,0,55,0,27,50,0,77,22,0,22,99
07/28/2022,LEB,NH,ANE,EN,Federal Contract Tower,0,18,8,0,26,0,4,9,2,15,0,22,17,2,41,0,6,6,47
07/29/2022,LEB,NH,ANE,EN,Federal Contract Tower,0,21,16,0,37,0,4,25,0,29,0,25,41,0,66,10,0,10,76
07/30/2022,LEB,NH,ANE,EN,Federal Contract Tower,0,18,20,0,38,0,5,15,0,20,0,23,35,0,58,0,0,0,58
07/31/2022,LEB,NH,ANE,EN,Federal Contract Tower,0,19,11,0,30,0,21,34,0,55,0,40,45,0,85,14,0,14,99
08/01/2022,LEB,NH,ANE,EN,Federal Contract Tower,0,24,5,0,29,0,3,36,4,43,0,27,41,4,72,32,0,32,104
08/02/2022,LEB,NH,ANE,EN,Federal Contract Tower,0,12,14,0,26,0,9,41,0,50,0,21,55,0,76,22,0,22,98
08/03/2022,LEB,NH,ANE,EN,Federal Contract Tower,0,14,26,4,44,0,7,37,0,44,0,21,63,4,88,32,6,38,126
08/04/2022,LEB,NH,ANE,EN,Federal Contract Tower,0,21,13,0,34,0,8,46,0,54,0,29,59,0,88,30,0,30,118
08/05/2022,LEB,NH,ANE,EN,Federal Contract Tower,0,21,8,6,35,0,3,11,0,14,0,24,19,6,49,18,6,24,73
08/06/2022,LEB,NH,ANE,EN,Federal Contract Tower,0,19,11,0,30,0,13,18,0,31,0,32,29,0,61,0,0,0,61
08/07/2022,LEB,NH,ANE,EN,Federal Contract Tower,0,38,18,0,56,0,14,27,0,41,0,52,45,0,97,12,0,12,109
08/08/2022,LEB,NH,ANE,EN,Federal Contract Tower,0,17,12,0,29,0,13,22,0,35,0,30,34,0,64,24,0,24,88
08/09/2022,LEB,NH,ANE,EN,Federal Contract Tower,0,13,20,0,33,0,6,5,2,13,0,19,25,2,46,8,0,8,54
08/10/2022,LEB,NH,ANE,EN,Federal Contract Tower,0,20,8,0,28,0,5,18,2,25,0,25,26,2,53,20,2,22,75
08/11/2022,LEB,NH,ANE,EN,Federal Contract Tower,0,19,10,0,29,0,8,15,1,24,0,27,25,1,53,10,0,10,63
08/12/2022,LEB,NH,ANE,EN,Federal Contract Tower,0,14,13,0,27,0,4,41,0,45,0,18,54,0,72,34,0,34,106
08/13/2022,LEB,NH,ANE,EN,Federal Contract Tower,0,11,15,0,26,0,18,40,0,58,0,29,55,0,84,16,0,16,100
08/14/2022,LEB,NH,ANE,EN,Federal Contract Tower,0,15,13,0,28,0,20,61,0,81,0,35,74,0,109,10,0,10,119
08/15/2022,LEB,NH,ANE,EN,Federal Contract Tower,0,11,6,0,17,0,13,53,0,66,0,24,59,0,83,36,0,36,119
08/16/2022,LEB,NH,ANE,EN,Federal Contract Tower,0,16,8,0,24,0,7,28,0,35,0,23,36,0,59,2,0,2,61
08/17/2022,LEB,NH,ANE,EN,Federal Contract Tower,0,14,14,0,28,0,3,6,0,9,0,17,20,0,37,0,0,0,37
08/18/2022,LEB,NH,ANE,EN,Federal Contract Tower,0,19,21,0,40,0,2,4,0,6,0,21,25,0,46,0,0,0,46
08/19/2022,LEB,NH,ANE,EN,Federal Contract Tower,0,24,10,0,34,0,8,37,2,47,0,32,47,2,81,24,0,24,105
08/20/2022,LEB,NH,ANE,EN,Federal Contract Tower,0,19,8,0,27,0,4,43,0,47,0,23,51,0,74,38,0,38,112
08/21/2022,LEB,NH,ANE,EN,Federal Contract Tower,0,23,14,0,37,0,9,57,0,66,0,32,71,0,103,46,0,46,149
08/22/2022,LEB,NH,ANE,EN,Federal Contract Tower,0,20,5,0,25,0,7,29,0,36,0,27,34,0,61,60,0,60,121
08/23/2022,LEB,NH,ANE,EN,Federal Contract Tower,0,19,5,0,24,0,0,2,0,2,0,19,7,0,26,0,0,0,26
08/24/2022,LEB,NH,ANE,EN,Federal Contract Tower,0,11,12,0,23,0,8,6,0,14,0,19,18,0,37,0,0,0,37
08/25/2022,LEB,NH,ANE,EN,Federal Contract Tower,0,23,10,0,33,0,4,41,0,45,0,27,51,0,78,14,0,14,92
08/26/2022,LEB,NH,ANE,EN,Federal Contract Tower,0,26,8,2,36,0,1,13,0,14,0,27,21,2,50,2,2,4,54
08/27/2022,LEB,NH,ANE,EN,Federal Contract Tower,0,17,9,0,26,0,17,43,0,60,0,34,52,0,86,28,0,28,114
08/28/2022,LEB,NH,ANE,EN,Federal Contract Tower,0,27,22,0,49,0,15,16,0,31,0,42,38,0,80,24,0,24,104
08/29/2022,LEB,NH,ANE,EN,Federal Contract Tower,0,9,12,0,21,0,5,24,0,29,0,14,36,0,50,12,0,12,62
08/30/2022,LEB,NH,ANE,EN,Federal Contract Tower,0,15,15,0,30,0,6,14,0,20,0,21,29,0,50,0,0,0,50
08/31/2022,LEB,NH,ANE,EN,Federal Contract Tower,0,20,7,0,27,0,6,7,0,13,0,26,14,0,40,12,0,12,52
09/01/2022,LEB,NH,ANE,EN,Federal Contract Tower,0,13,12,0,25,0,6,12,0,18,0,19,24,0,43,16,0,16,59
09/02/2022,LEB,NH,ANE,EN,Federal Contract Tower,0,18,9,0,27,0,8,29,0,37,0,26,38,0,64,4,0,4,68
09/03/2022,LEB,NH,ANE,EN,Federal Contract Tower,0,21,10,0,31,0,9,61,0,70,0,30,71,0,101,0,0,0,101
09/04/2022,LEB,NH,ANE,EN,Federal Contract Tower,0,18,8,0,26,0,10,39,0,49,0,28,47,0,75,24,0,24,99
09/05/2022,LEB,NH,ANE,EN,Federal Contract Tower,0,30,16,0,46,0,0,0,0,0,0,30,16,0,46,0,0,0,46
09/06/2022,LEB,NH,ANE,EN,Federal Contract Tower,0,13,7,0,20,0,0,0,0,0,0,13,7,0,20,0,0,0,20
09/07/2022,LEB,NH,ANE,EN,Federal Contract Tower,0,13,14,0,27,0,8,25,0,33,0,21,39,0,60,38,0,38,98
09/08/2022,LEB,NH,ANE,EN,Federal Contract Tower,0,19,11,0,30,0,0,0,0,0,0,19,11,0,30,16,0,16,46
09/09/2022,LEB,NH,ANE,EN,Federal Contract Tower,0,12,21,0,33,0,8,47,2,57,0,20,68,2,90,44,0,44,134
09/10/2022,LEB,NH,ANE,EN,Federal Contract Tower,0,17,20,0,37,0,8,38,0,46,0,25,58,0,83,14,0,14,97
09/11/2022,LEB,NH,ANE,EN,Federal Contract Tower,0,21,14,0,35,0,6,52,0,58,0,27,66,0,93,28,0,28,121
09/12/2022,LEB,NH,ANE,EN,Federal Contract Tower,0,22,18,0,40,0,4,49,0,53,0,26,67,0,93,52,0,52,145
09/13/2022,LEB,NH,ANE,EN,Federal Contract Tower,0,15,8,0,23,0,0,0,0,0,0,15,8,0,23,0,0,0,23
09/14/2022,LEB,NH,ANE,EN,Federal Contract Tower,0,16,12,1,29,0,9,21,2,32,0,25,33,3,61,48,0,48,109
09/15/2022,LEB,NH,ANE,EN,Federal Contract Tower,0,15,3,0,18,0,11,19,0,30,0,26,22,0,48,16,0,16,64
09/16/2022,LEB,NH,ANE,EN,Federal Contract Tower,0,16,10,0,26,0,14,12,0,26,0,30,22,0,52,4,0,4,56
09/17/2022,LEB,NH,ANE,EN,Federal Contract Tower,0,11,14,0,25,0,11,38,0,49,0,22,52,0,74,0,0,0,74
09/18/2022,LEB,NH,ANE,EN,Federal Contract Tower,0,30,20,0,50,0,13,39,0,52,0,43,59,0,102,34,0,34,136
09/19/2022,LEB,NH,ANE,EN,Federal Contract Tower,0,16,7,0,23,0,0,0,0,0,0,16,7,0,23,0,0,0,23
09/20/2022,LEB,NH,ANE,EN,Federal Contract Tower,0,19,3,0,22,0,0,2,0,2,0,19,5,0,24,4,0,4,28
09/21/2022,LEB,NH,ANE,EN,Federal Contract Tower,0,20,9,1,30,0,2,12,2,16,0,22,21,3,46,0,0,0,46
09/22/2022,LEB,NH,ANE,EN,Federal Contract Tower,0,12,5,2,19,0,0,2,0,2,0,12,7,2,21,0,2,2,23
09/23/2022,LEB,NH,ANE,EN,Federal Contract Tower,0,29,13,0,42,0,2,11,0,13,0,31,24,0,55,0,0,0,55
09/24/2022,LEB,NH,ANE,EN,Federal Contract Tower,0,26,14,0,40,0,19,21,0,40,0,45,35,0,80,8,0,8,88
09/25/2022,LEB,NH,ANE,EN,Federal Contract Tower,0,22,18,0,40,0,9,15,0,24,0,31,33,0,64,20,0,20,84
09/26/2022,LEB,NH,ANE,EN,Federal Contract Tower,0,31,10,0,41,0,13,25,0,38,0,44,35,0,79,0,0,0,79
09/27/2022,LEB,NH,ANE,EN,Federal Contract Tower,0,21,18,0,39,0,7,30,0,37,0,28,48,0,76,34,0,34,110
09/28/2022,LEB,NH,ANE,EN,Federal Contract Tower,0,18,21,0,39,0,3,15,2,20,0,21,36,2,59,62,0,62,121
09/29/2022,LEB,NH,ANE,EN,Federal Contract Tower,0,23,21,1,45,0,5,21,1,27,0,28,42,2,72,62,0,62,134
09/30/2022,LEB,NH,ANE,EN,Federal Contract Tower,0,19,22,0,41,0,8,37,0,45,0,27,59,0,86,24,0,24,110
10/01/2022,LEB,NH,ANE,EN,Federal Contract Tower,0,22,3,0,25,0,14,29,0,43,0,36,32,0,68,24,0,24,92
10/02/2022,LEB,NH,ANE,EN,Federal Contract Tower,0,31,17,0,48,0,6,26,0,32,0,37,43,0,80,16,0,16,96
10/03/2022,LEB,NH,ANE,EN,Federal Contract Tower,0,13,14,0,27,0,6,41,0,47,0,19,55,0,74,40,0,40,114
10/04/2022,LEB,NH,ANE,EN,Federal Contract Tower,0,17,5,0,22,0,2,27,1,30,0,19,32,1,52,28,2,30,82
10/05/2022,LEB,NH,ANE,EN,Federal Contract Tower,0,17,12,0,29,0,2,23,0,25,0,19,35,0,54,44,0,44,98
10/06/2022,LEB,NH,ANE,EN,Federal Contract Tower,0,29,11,0,40,0,5,60,0,65,0,34,71,0,105,84,0,84,189
10/07/2022,LEB,NH,ANE,EN,Federal Contract Tower,0,18,18,0,36,0,7,27,0,34,0,25,45,0,70,20,0,20,90
10/08/2022,LEB,NH,ANE,EN,Federal Contract Tower,0,16,12,0,28,0,20,34,0,54,0,36,46,0,82,14,0,14,96
10/09/2022,LEB,NH,ANE,EN,Federal Contract Tower,0,33,16,0,49,0,3,19,0,22,0,36,35,0,71,8,0,8,79
10/10/2022,LEB,NH,ANE,EN,Federal Contract Tower,0,24,13,0,37,0,2,10,0,12,0,26,23,0,49,0,0,0,49
10/11/2022,LEB,NH,ANE,EN,Federal Contract Tower,0,15,19,0,34,0,11,40,6,57,0,26,59,6,91,26,0,26,117
10/12/2022,LEB,NH,ANE,EN,Federal Contract Tower,0,19,16,0,35,0,13,59,0,72,0,32,75,0,107,30,0,30,137
10/13/2022,LEB,NH,ANE,EN,Federal Contract Tower,0,19,18,0,37,0,6,0,0,6,0,25,18,0,43,24,0,24,67
10/14/2022,LEB,NH,ANE,EN,Federal Contract Tower,0,23,18,0,41,0,2,6,0,8,0,25,24,0,49,18,0,18,67
10/15/2022,LEB,NH,ANE,EN,Federal Contract Tower,0,35,13,0,48,0,7,33,0,40,0,42,46,0,88,10,4,14,102
10/16/2022,LEB,NH,ANE,EN,Federal Contract Tower,0,33,25,0,58,0,11,42,4,57,0,44,67,4,115,42,0,42,157
10/17/2022,LEB,NH,ANE,EN,Federal Contract Tower,0,28,6,0,34,0,1,5,0,6,0,29,11,0,40,0,0,0,40
10/18/2022,LEB,NH,ANE,EN,Federal Contract Tower,0,20,16,0,36,0,3,7,2,12,0,23,23,2,48,24,2,26,74
10/19/2022,LEB,NH,ANE,EN,Federal Contract Tower,0,17,10,0,27,0,10,19,0,29,0,27,29,0,56,18,0,18,74
10/20/2022,LEB,NH,ANE,EN,Federal Contract Tower,0,18,16,0,34,0,9,34,0,43,0,27,50,0,77,24,0,24,101
10/21/2022,LEB,NH,ANE,EN,Federal Contract Tower,0,19,16,0,35,0,8,47,0,55,0,27,63,0,90,32,0,32,122
10/22/2022,LEB,NH,ANE,EN,Federal Contract Tower,0,15,9,0,24,0,16,37,0,53,0,31,46,0,77,22,0,22,99
10/23/2022,LEB,NH,ANE,EN,Federal Contract Tower,0,28,10,0,38,0,6,14,0,20,0,34,24,0,58,48,0,48,106
10/24/2022,LEB,NH,ANE,EN,Federal Contract Tower,0,21,8,0,29,0,0,0,0,0,0,21,8,0,29,0,0,0,29
10/25/2022,LEB,NH,ANE,EN,Federal Contract Tower,0,19,12,0,31,0,1,2,0,3,0,20,14,0,34,0,0,0,34
10/26/2022,LEB,NH,ANE,EN,Federal Contract Tower,0,28,5,0,33,0,1,0,0,1,0,29,5,0,34,0,0,0,34
10/27/2022,LEB,NH,ANE,EN,Federal Contract Tower,0,23,14,0,37,0,10,16,0,26,0,33,30,0,63,0,0,0,63
10/28/2022,LEB,NH,ANE,EN,Federal Contract Tower,0,31,16,0,47,0,13,66,0,79,0,44,82,0,126,34,0,34,160
10/29/2022,LEB,NH,ANE,EN,Federal Contract Tower,0,24,15,0,39,0,11,27,0,38,0,35,42,0,77,18,0,18,95
10/30/2022,LEB,NH,ANE,EN,Federal Contract Tower,0,37,12,0,49,0,15,68,0,83,0,52,80,0,132,64,0,64,196
10/31/2022,LEB,NH,ANE,EN,Federal Contract Tower,0,25,8,0,33,0,12,52,0,64,0,37,60,0,97,32,0,32,129
11/01/2022,LEB,NH,ANE,EN,Federal Contract Tower,0,21,10,0,31,0,5,16,0,21,0,26,26,0,52,8,0,8,60
11/02/2022,LEB,NH,ANE,EN,Federal Contract Tower,0,20,8,0,28,0,11,29,0,40,0,31,37,0,68,18,0,18,86
11/03/2022,LEB,NH,ANE,EN,Federal Contract Tower,0,26,8,0,34,0,7,49,4,60,0,33,57,4,94,18,0,18,112
11/04/2022,LEB,NH,ANE,EN,Federal Contract Tower,0,18,9,0,27,0,13,18,0,31,0,31,27,0,58,14,0,14,72
11/05/2022,LEB,NH,ANE,EN,Federal Contract Tower,0,23,3,0,26,0,7,17,0,24,0,30,20,0,50,44,0,44,94
11/06/2022,LEB,NH,ANE,EN,Federal Contract Tower,0,29,9,0,38,0,16,3,0,19,0,45,12,0,57,0,0,0,57
11/07/2022,LEB,NH,ANE,EN,Federal Contract Tower,0,23,1,0,24,0,0,0,0,0,0,23,1,0,24,22,0,22,46
11/08/2022,LEB,NH,ANE,EN,Federal Contract Tower,0,10,5,0,15,0,8,6,0,14,0,18,11,0,29,0,0,0,29
11/09/2022,LEB,NH,ANE,EN,Federal Contract Tower,0,8,9,2,19,0,11,34,0,45,0,19,43,2,64,68,2,70,134
11/10/2022,LEB,NH,ANE,EN,Federal Contract Tower,0,24,17,0,41,0,9,34,0,43,0,33,51,0,84,28,0,28,112
11/11/2022,LEB,NH,ANE,EN,Federal Contract Tower,0,25,8,0,33,0,1,1,0,2,0,26,9,0,35,0,0,0,35
11/12/2022,LEB,NH,ANE,EN,Federal Contract Tower,0,31,4,0,35,0,4,0,0,4,0,35,4,0,39,0,0,0,39
11/13/2022,LEB,NH,ANE,EN,Federal Contract Tower,0,24,5,0,29,0,0,0,0,0,0,24,5,0,29,0,0,0,29
11/14/2022,LEB,NH,ANE,EN,Federal Contract Tower,0,15,14,0,29,0,3,44,0,47,0,18,58,0,76,34,0,34,110
11/15/2022,LEB,NH,ANE,EN,Federal Contract Tower,0,14,13,0,27,0,13,37,0,50,0,27,50,0,77,18,0,18,95
11/16/2022,LEB,NH,ANE,EN,Federal Contract Tower,0,6,4,0,10,0,0,0,0,0,0,6,4,0,10,0,0,0,10
11/17/2022,LEB,NH,ANE,EN,Federal Contract Tower,0,27,8,0,35,0,6,33,0,39,0,33,41,0,74,78,0,78,152
11/18/2022,LEB,NH,ANE,EN,Federal Contract Tower,0,21,8,0,29,0,1,20,0,21,0,22,28,0,50,32,0,32,82
11/19/2022,LEB,NH,ANE,EN,Federal Contract Tower,0,21,7,0,28,0,22,35,0,57,0,43,42,0,85,8,0,8,93
11/20/2022,LEB,NH,ANE,EN,Federal Contract Tower,0,13,0,0,13,0,7,1,0,8,0,20,1,0,21,0,0,0,21
11/21/2022,LEB,NH,ANE,EN,Federal Contract Tower,0,15,1,0,16,0,5,27,0,32,0,20,28,0,48,22,0,22,70
11/22/2022,LEB,NH,ANE,EN,Federal Contract Tower,0,13,9,0,22,0,6,44,0,50,0,19,53,0,72,40,0,40,112
11/23/2022,LEB,NH,ANE,EN,Federal Contract Tower,0,9,7,0,16,0,7,6,0,13,0,16,13,0,29,8,0,8,37
11/24/2022,LEB,NH,ANE,EN,Federal Contract Tower,0,12,2,0,14,0,10,12,0,22,0,22,14,0,36,8,0,8,44
11/25/2022,LEB,NH,ANE,EN,Federal Contract Tower,0,22,1,0,23,0,1,4,0,5,0,23,5,0,28,0,0,0,28
11/26/2022,LEB,NH,ANE,EN,Federal Contract Tower,0,26,7,0,33,0,13,31,0,44,0,39,38,0,77,6,0,6,83
11/27/2022,LEB,NH,ANE,EN,Federal Contract Tower,0,15,10,0,25,0,4,25,0,29,0,19,35,0,54,6,0,6,60
11/28/2022,LEB,NH,ANE,EN,Federal Contract Tower,0,18,10,0,28,0,2,9,2,13,0,20,19,2,41,0,0,0,41
11/29/2022,LEB,NH,ANE,EN,Federal Contract Tower,0,8,6,0,14,0,9,12,8,29,0,17,18,8,43,0,4,4,47
11/30/2022,LEB,NH,ANE,EN,Federal Contract Tower,0,10,6,0,16,0,0,0,0,0,0,10,6,0,16,0,0,0,16
12/01/2022,LEB,NH,ANE,EN,Federal Contract Tower,0,15,2,0,17,0,1,4,2,7,0,16,6,2,24,0,6,6,30
12/02/2022,LEB,NH,ANE,EN,Federal Contract Tower,0,9,13,0,22,0,0,0,0,0,0,9,13,0,22,48,0,48,70
12/03/2022,LEB,NH,ANE,EN,Federal Contract Tower,0,6,2,0,8,0,0,0,0,0,0,6,2,0,8,0,0,0,8
12/04/2022,LEB,NH,ANE,EN,Federal Contract Tower,0,10,5,0,15,0,9,21,0,30,0,19,26,0,45,56,0,56,101
12/05/2022,LEB,NH,ANE,EN,Federal Contract Tower,0,9,4,0,13,0,10,49,0,59,0,19,53,0,72,46,0,46,118
12/06/2022,LEB,NH,ANE,EN,Federal Contract Tower,0,17,6,0,23,0,0,0,0,0,0,17,6,0,23,0,0,0,23
12/07/2022,LEB,NH,ANE,EN,Federal Contract Tower,0,15,7,0,22,0,0,0,0,0,0,15,7,0,22,0,0,0,22
12/08/2022,LEB,NH,ANE,EN,Federal Contract Tower,0,12,7,0,19,0,1,5,0,6,0,13,12,0,25,38,0,38,63
12/09/2022,LEB,NH,ANE,EN,Federal Contract Tower,0,9,9,1,19,0,6,74,1,81,0,15,83,2,100,88,6,94,194
12/10/2022,LEB,NH,ANE,EN,Federal Contract Tower,0,17,8,0,25,0,11,41,0,52,0,28,49,0,77,4,0,4,81
12/11/2022,LEB,NH,ANE,EN,Federal Contract Tower,0,15,11,0,26,0,4,7,0,11,0,19,18,0,37,6,0,6,43
12/12/2022,LEB,NH,ANE,EN,Federal Contract Tower,0,13,8,1,22,0,7,16,1,24,0,20,24,2,46,32,0,32,78
12/13/2022,LEB,NH,ANE,EN,Federal Contract Tower,0,13,9,0,22,0,8,44,0,52,0,21,53,0,74,64,0,64,138
12/14/2022,LEB,NH,ANE,EN,Federal Contract Tower,0,19,7,0,26,0,7,16,0,23,0,26,23,0,49,18,0,18,67
12/15/2022,LEB,NH,ANE,EN,Federal Contract Tower,0,18,4,0,22,0,12,13,0,25,0,30,17,0,47,0,0,0,47
12/16/2022,LEB,NH,ANE,EN,Federal Contract Tower,0,0,0,0,0,0,0,0,0,0,0,0,0,0,0,0,0,0,0
12/17/2022,LEB,NH,ANE,EN,Federal Contract Tower,0,15,0,0,15,0,2,0,0,2,0,17,0,0,17,0,0,0,17
12/18/2022,LEB,NH,ANE,EN,Federal Contract Tower,0,14,2,0,16,0,0,7,0,7,0,14,9,0,23,6,0,6,29
12/19/2022,LEB,NH,ANE,EN,Federal Contract Tower,0,12,2,0,14,0,1,8,2,11,0,13,10,2,25,30,0,30,55
12/20/2022,LEB,NH,ANE,EN,Federal Contract Tower,0,14,16,0,30,0,9,41,4,54,0,23,57,4,84,38,0,38,122
12/21/2022,LEB,NH,ANE,EN,Federal Contract Tower,0,16,5,0,21,0,9,44,0,53,0,25,49,0,74,34,0,34,108
12/22/2022,LEB,NH,ANE,EN,Federal Contract Tower,0,18,7,0,25,0,9,34,0,43,0,27,41,0,68,48,0,48,116
12/23/2022,LEB,NH,ANE,EN,Federal Contract Tower,0,3,3,0,6,0,0,0,0,0,0,3,3,0,6,0,0,0,6
12/24/2022,LEB,NH,ANE,EN,Federal Contract Tower,0,8,2,0,10,0,6,6,0,12,0,14,8,0,22,6,0,6,28
12/25/2022,LEB,NH,ANE,EN,Federal Contract Tower,0,6,0,0,6,0,7,1,0,8,0,13,1,0,14,0,0,0,14
12/26/2022,LEB,NH,ANE,EN,Federal Contract Tower,0,19,4,0,23,0,3,34,0,37,0,22,38,0,60,26,0,26,86
12/27/2022,LEB,NH,ANE,EN,Federal Contract Tower,0,17,11,0,28,0,4,27,0,31,0,21,38,0,59,48,0,48,107
12/28/2022,LEB,NH,ANE,EN,Federal Contract Tower,0,19,7,0,26,0,5,26,0,31,0,24,33,0,57,50,0,50,107
12/29/2022,LEB,NH,ANE,EN,Federal Contract Tower,0,11,7,0,18,0,11,31,0,42,0,22,38,0,60,40,0,40,100
12/30/2022,LEB,NH,ANE,EN,Federal Contract Tower,0,15,5,0,20,0,6,17,0,23,0,21,22,0,43,52,0,52,95
12/31/2022,LEB,NH,ANE,EN,Federal Contract Tower,0,14,3,0,17,0,0,25,0,25,0,14,28,0,42,60,0,60,102
01/01/2023,LEB,NH,ANE,EN,Federal Contract Tower,0,15,3,0,18,0,5,0,0,5,0,20,3,0,23,0,0,0,23
01/02/2023,LEB,NH,ANE,EN,Federal Contract Tower,0,20,10,0,30,0,12,34,0,46,0,32,44,0,76,38,0,38,114
01/03/2023,LEB,NH,ANE,EN,Federal Contract Tower,0,6,4,0,10,0,0,5,0,5,0,6,9,0,15,20,0,20,35
01/04/2023,LEB,NH,ANE,EN,Federal Contract Tower,0,16,5,0,21,0,0,0,0,0,0,16,5,0,21,0,0,0,21
01/05/2023,LEB,NH,ANE,EN,Federal Contract Tower,0,15,5,0,20,0,0,4,0,4,0,15,9,0,24,0,0,0,24
01/06/2023,LEB,NH,ANE,EN,Federal Contract Tower,0,14,2,0,16,0,0,0,0,0,0,14,2,0,16,0,0,0,16
01/07/2023,LEB,NH,ANE,EN,Federal Contract Tower,0,29,9,0,38,0,0,5,1,6,0,29,14,1,44,12,2,14,58
01/08/2023,LEB,NH,ANE,EN,Federal Contract Tower,0,15,8,2,25,0,5,51,0,56,0,20,59,2,81,54,2,56,137
01/09/2023,LEB,NH,ANE,EN,Federal Contract Tower,0,18,6,0,24,0,4,33,0,37,0,22,39,0,61,30,0,30,91
01/10/2023,LEB,NH,ANE,EN,Federal Contract Tower,0,11,7,0,18,0,5,29,0,34,0,16,36,0,52,36,0,36,88
01/11/2023,LEB,NH,ANE,EN,Federal Contract Tower,0,11,4,0,15,0,9,27,0,36,0,20,31,0,51,90,0,90,141
01/12/2023,LEB,NH,ANE,EN,Federal Contract Tower,0,20,3,0,23,0,0,0,0,0,0,20,3,0,23,0,0,0,23
01/13/2023,LEB,NH,ANE,EN,Federal Contract Tower,0,33,9,0,42,0,0,0,0,0,0,33,9,0,42,0,0,0,42
01/14/2023,LEB,NH,ANE,EN,Federal Contract Tower,0,23,7,0,30,0,3,17,0,20,0,26,24,0,50,102,0,102,152
01/15/2023,LEB,NH,ANE,EN,Federal Contract Tower,0,20,11,0,31,0,11,16,0,27,0,31,27,0,58,34,0,34,92
01/16/2023,LEB,NH,ANE,EN,Federal Contract Tower,0,13,4,0,17,0,0,5,0,5,0,13,9,0,22,16,0,16,38
01/17/2023,LEB,NH,ANE,EN,Federal Contract Tower,0,10,2,0,12,0,4,20,0,24,0,14,22,0,36,30,0,30,66
01/18/2023,LEB,NH,ANE,EN,Federal Contract Tower,0,18,1,0,19,0,0,3,0,3,0,18,4,0,22,6,0,6,28
01/19/2023,LEB,NH,ANE,EN,Federal Contract Tower,0,12,9,0,21,0,0,11,0,11,0,12,20,0,32,50,0,50,82
01/20/2023,LEB,NH,ANE,EN,Federal Contract Tower,0,16,3,0,19,0,0,0,0,0,0,16,3,0,19,0,0,0,19
01/21/2023,LEB,NH,ANE,EN,Federal Contract Tower,0,18,5,0,23,0,0,0,0,0,0,18,5,0,23,0,0,0,23
01/22/2023,LEB,NH,ANE,EN,Federal Contract Tower,0,19,10,0,29,0,2,12,0,14,0,21,22,0,43,42,0,42,85
01/23/2023,LEB,NH,ANE,EN,Federal Contract Tower,0,0,2,0,2,0,0,0,0,0,0,0,2,0,2,0,0,0,2
01/24/2023,LEB,NH,ANE,EN,Federal Contract Tower,0,20,10,4,34,0,4,22,2,28,0,24,32,6,62,10,0,10,72
01/25/2023,LEB,NH,ANE,EN,Federal Contract Tower,0,13,10,0,23,0,3,5,0,8,0,16,15,0,31,2,0,2,33
01/26/2023,LEB,NH,ANE,EN,Federal Contract Tower,0,14,5,0,19,0,0,0,4,4,0,14,5,4,23,0,0,0,23
01/27/2023,LEB,NH,ANE,EN,Federal Contract Tower,0,16,5,0,21,0,13,27,0,40,0,29,32,0,61,34,0,34,95
01/28/2023,LEB,NH,ANE,EN,Federal Contract Tower,0,18,3,0,21,0,2,8,1,11,0,20,11,1,32,12,0,12,44
01/29/2023,LEB,NH,ANE,EN,Federal Contract Tower,0,17,4,0,21,0,2,12,0,14,0,19,16,0,35,42,0,42,77
01/30/2023,LEB,NH,ANE,EN,Federal Contract Tower,0,13,4,0,17,0,0,7,0,7,0,13,11,0,24,32,0,32,56
01/31/2023,LEB,NH,ANE,EN,Federal Contract Tower,0,15,11,0,26,0,9,20,2,31,0,24,31,2,57,52,6,58,115
02/01/2023,LEB,NH,ANE,EN,Federal Contract Tower,0,10,30,0,40,0,14,50,0,64,0,24,80,0,104,38,0,38,142
02/02/2023,LEB,NH,ANE,EN,Federal Contract Tower,0,28,15,0,43,0,6,28,0,34,0,34,43,0,77,20,0,20,97
02/03/2023,LEB,NH,ANE,EN,Federal Contract Tower,0,8,4,0,12,0,2,0,0,2,0,10,4,0,14,0,0,0,14
02/04/2023,LEB,NH,ANE,EN,Federal Contract Tower,0,14,2,0,16,0,8,0,0,8,0,22,2,0,24,0,0,0,24
02/05/2023,LEB,NH,ANE,EN,Federal Contract Tower,0,15,10,1,26,0,9,36,5,50,0,24,46,6,76,32,0,32,108
02/06/2023,LEB,NH,ANE,EN,Federal Contract Tower,0,15,11,2,28,0,4,33,0,37,0,19,44,2,65,36,2,38,103
02/07/2023,LEB,NH,ANE,EN,Federal Contract Tower,0,10,11,0,21,0,5,26,0,31,0,15,37,0,52,18,0,18,70
02/08/2023,LEB,NH,ANE,EN,Federal Contract Tower,0,11,10,0,21,0,7,28,4,39,0,18,38,4,60,7,13,20,80
02/09/2023,LEB,NH,ANE,EN,Federal Contract Tower,0,21,7,0,28,0,2,3,0,5,0,23,10,0,33,0,0,0,33
02/10/2023,LEB,NH,ANE,EN,Federal Contract Tower,0,21,10,0,31,0,8,6,0,14,0,29,16,0,45,4,0,4,49
02/11/2023,LEB,NH,ANE,EN,Federal Contract Tower,0,23,5,0,28,0,22,28,0,50,0,45,33,0,78,14,0,14,92
02/12/2023,LEB,NH,ANE,EN,Federal Contract Tower,0,18,5,0,23,0,12,37,0,49,0,30,42,0,72,22,0,22,94
02/13/2023,LEB,NH,ANE,EN,Federal Contract Tower,0,18,9,0,27,0,7,21,0,28,0,25,30,0,55,24,0,24,79
02/14/2023,LEB,NH,ANE,EN,Federal Contract Tower,0,19,3,0,22,0,11,15,0,26,0,30,18,0,48,30,0,30,78
02/15/2023,LEB,NH,ANE,EN,Federal Contract Tower,0,11,3,0,14,0,14,9,0,23,0,25,12,0,37,2,0,2,39
02/16/2023,LEB,NH,ANE,EN,Federal Contract Tower,0,21,7,0,28,0,6,11,1,18,0,27,18,1,46,16,4,20,66
02/17/2023,LEB,NH,ANE,EN,Federal Contract Tower,0,23,14,0,37,0,0,0,0,0,0,23,14,0,37,0,0,0,37
02/18/2023,LEB,NH,ANE,EN,Federal Contract Tower,0,15,10,0,25,0,23,47,0,70,0,38,57,0,95,70,0,70,165
02/19/2023,LEB,NH,ANE,EN,Federal Contract Tower,0,18,4,4,26,0,3,25,0,28,0,21,29,4,54,46,0,46,100
02/20/2023,LEB,NH,ANE,EN,Federal Contract Tower,0,13,7,0,20,0,4,21,0,25,0,17,28,0,45,0,0,0,45
02/21/2023,LEB,NH,ANE,EN,Federal Contract Tower,0,17,2,0,19,0,0,8,0,8,0,17,10,0,27,5,0,5,32
02/22/2023,LEB,NH,ANE,EN,Federal Contract Tower,0,11,12,0,23,0,0,0,0,0,0,11,12,0,23,2,0,2,25
02/23/2023,LEB,NH,ANE,EN,Federal Contract Tower,0,6,0,0,6,0,0,0,0,0,0,6,0,0,6,0,0,0,6
02/24/2023,LEB,NH,ANE,EN,Federal Contract Tower,0,29,13,0,42,0,6,4,0,10,0,35,17,0,52,0,0,0,52
02/25/2023,LEB,NH,ANE,EN,Federal Contract Tower,0,27,7,0,34,0,0,4,2,6,0,27,11,2,40,0,0,0,40
02/26/2023,LEB,NH,ANE,EN,Federal Contract Tower,0,29,10,0,39,0,0,0,0,0,0,29,10,0,39,0,0,0,39
02/27/2023,LEB,NH,ANE,EN,Federal Contract Tower,0,23,8,2,33,0,2,30,0,32,0,25,38,2,65,14,0,14,79
02/28/2023,LEB,NH,ANE,EN,Federal Contract Tower,0,13,0,0,13,0,0,0,0,0,0,13,0,0,13,0,0,0,13
03/01/2023,LEB,NH,ANE,EN,Federal Contract Tower,0,18,10,0,28,0,6,41,0,47,0,24,51,0,75,60,0,60,135
03/02/2023,LEB,NH,ANE,EN,Federal Contract Tower,0,16,8,0,24,0,0,0,0,0,0,16,8,0,24,0,0,0,24
03/03/2023,LEB,NH,ANE,EN,Federal Contract Tower,0,19,7,0,26,0,9,17,0,26,0,28,24,0,52,34,0,34,86
03/04/2023,LEB,NH,ANE,EN,Federal Contract Tower,0,13,0,0,13,0,0,0,0,0,0,13,0,0,13,0,0,0,13
03/05/2023,LEB,NH,ANE,EN,Federal Contract Tower,0,23,3,0,26,0,0,3,0,3,0,23,6,0,29,0,0,0,29
03/06/2023,LEB,NH,ANE,EN,Federal Contract Tower,0,15,2,0,17,0,9,2,0,11,0,24,4,0,28,0,0,0,28
03/07/2023,LEB,NH,ANE,EN,Federal Contract Tower,0,12,4,0,16,0,1,2,0,3,0,13,6,0,19,0,0,0,19
03/08/2023,LEB,NH,ANE,EN,Federal Contract Tower,0,15,6,0,21,0,5,18,0,23,0,20,24,0,44,22,0,22,66
03/09/2023,LEB,NH,ANE,EN,Federal Contract Tower,0,13,3,0,16,0,7,23,0,30,0,20,26,0,46,32,0,32,78
03/10/2023,LEB,NH,ANE,EN,Federal Contract Tower,0,13,12,0,25,0,10,26,0,36,0,23,38,0,61,44,0,44,105
03/11/2023,LEB,NH,ANE,EN,Federal Contract Tower,0,14,4,1,19,0,1,24,1,26,0,15,28,2,45,54,2,56,101
03/12/2023,LEB,NH,ANE,EN,Federal Contract Tower,0,18,16,0,34,0,11,39,2,52,0,29,55,2,86,30,10,40,126
03/13/2023,LEB,NH,ANE,EN,Federal Contract Tower,0,30,6,0,36,0,0,1,0,1,0,30,7,0,37,0,0,0,37
03/14/2023,LEB,NH,ANE,EN,Federal Contract Tower,0,0,0,0,0,0,0,0,0,0,0,0,0,0,0,0,0,0,0
03/15/2023,LEB,NH,ANE,EN,Federal Contract Tower,0,19,12,0,31,0,0,0,0,0,0,19,12,0,31,0,0,0,31
03/16/2023,LEB,NH,ANE,EN,Federal Contract Tower,0,13,9,0,22,0,6,11,4,21,0,19,20,4,43,18,14,32,75
03/17/2023,LEB,NH,ANE,EN,Federal Contract Tower,0,15,5,0,20,0,2,0,0,2,0,17,5,0,22,0,0,0,22
03/18/2023,LEB,NH,ANE,EN,Federal Contract Tower,0,18,9,0,27,0,6,33,0,39,0,24,42,0,66,28,0,28,94
03/19/2023,LEB,NH,ANE,EN,Federal Contract Tower,0,8,8,0,16,0,2,0,0,2,0,10,8,0,18,0,0,0,18
03/20/2023,LEB,NH,ANE,EN,Federal Contract Tower,0,10,8,0,18,0,6,13,0,19,0,16,21,0,37,6,0,6,43
03/21/2023,LEB,NH,ANE,EN,Federal Contract Tower,0,11,7,0,18,0,12,42,0,54,0,23,49,0,72,14,0,14,86
03/22/2023,LEB,NH,ANE,EN,Federal Contract Tower,0,16,9,2,27,0,15,29,0,44,0,31,38,2,71,42,0,42,113
03/23/2023,LEB,NH,ANE,EN,Federal Contract Tower,0,13,7,0,20,0,0,0,0,0,0,13,7,0,20,0,0,0,20
03/24/2023,LEB,NH,ANE,EN,Federal Contract Tower,0,15,8,0,23,0,10,18,0,28,0,25,26,0,51,30,0,30,81
03/25/2023,LEB,NH,ANE,EN,Federal Contract Tower,0,13,2,0,15,0,1,10,0,11,0,14,12,0,26,20,0,20,46
03/26/2023,LEB,NH,ANE,EN,Federal Contract Tower,0,19,2,0,21,0,5,8,0,13,0,24,10,0,34,10,0,10,44
03/27/2023,LEB,NH,ANE,EN,Federal Contract Tower,0,6,41,0,47,0,11,47,0,58,0,17,88,0,105,94,0,94,199
03/28/2023,LEB,NH,ANE,EN,Federal Contract Tower,0,13,5,0,18,0,5,7,0,12,0,18,12,0,30,6,0,6,36
03/29/2023,LEB,NH,ANE,EN,Federal Contract Tower,0,6,4,0,10,0,9,40,0,49,0,15,44,0,59,20,0,20,79
03/30/2023,LEB,NH,ANE,EN,Federal Contract Tower,0,11,1,0,12,0,9,1,2,12,0,20,2,2,24,2,4,6,30
03/31/2023,LEB,NH,ANE,EN,Federal Contract Tower,0,14,5,0,19,0,7,16,1,24,0,21,21,1,43,12,4,16,59
04/01/2023,LEB,NH,ANE,EN,Federal Contract Tower,0,22,5,0,27,0,0,4,0,4,0,22,9,0,31,22,0,22,53
04/02/2023,LEB,NH,ANE,EN,Federal Contract Tower,0,18,3,0,21,0,1,6,0,7,0,19,9,0,28,0,0,0,28
04/03/2023,LEB,NH,ANE,EN,Federal Contract Tower,0,15,9,0,24,0,3,18,0,21,0,18,27,0,45,42,0,42,87
04/04/2023,LEB,NH,ANE,EN,Federal Contract Tower,0,18,4,0,22,0,3,31,2,36,0,21,35,2,58,42,0,42,100
04/05/2023,LEB,NH,ANE,EN,Federal Contract Tower,0,16,4,0,20,0,0,0,0,0,0,16,4,0,20,0,0,0,20
04/06/2023,LEB,NH,ANE,EN,Federal Contract Tower,0,26,0,0,26,0,1,6,0,7,0,27,6,0,33,24,0,24,57
04/07/2023,LEB,NH,ANE,EN,Federal Contract Tower,0,14,5,0,19,0,6,16,0,22,0,20,21,0,41,12,0,12,53
04/08/2023,LEB,NH,ANE,EN,Federal Contract Tower,0,24,7,0,31,0,4,35,1,40,0,28,42,1,71,14,0,14,85
04/09/2023,LEB,NH,ANE,EN,Federal Contract Tower,0,11,4,0,15,0,23,22,0,45,0,34,26,0,60,24,0,24,84
04/10/2023,LEB,NH,ANE,EN,Federal Contract Tower,0,14,12,0,26,0,11,42,2,55,0,25,54,2,81,62,0,62,143
04/11/2023,LEB,NH,ANE,EN,Federal Contract Tower,0,15,5,2,22,0,8,15,4,27,0,23,20,6,49,12,6,18,67
04/12/2023,LEB,NH,ANE,EN,Federal Contract Tower,0,8,7,0,15,0,6,8,0,14,0,14,15,0,29,0,0,0,29
04/13/2023,LEB,NH,ANE,EN,Federal Contract Tower,0,8,6,0,14,0,8,34,3,45,0,16,40,3,59,0,0,0,59
04/14/2023,LEB,NH,ANE,EN,Federal Contract Tower,0,18,10,0,28,0,9,44,2,55,0,27,54,2,83,60,0,60,143
04/15/2023,LEB,NH,ANE,EN,Federal Contract Tower,0,21,7,0,28,0,16,25,0,41,0,37,32,0,69,26,0,26,95
04/16/2023,LEB,NH,ANE,EN,Federal Contract Tower,0,31,14,0,45,0,0,12,0,12,0,31,26,0,57,24,0,24,81
04/17/2023,LEB,NH,ANE,EN,Federal Contract Tower,0,20,8,0,28,0,0,0,0,0,0,20,8,0,28,0,0,0,28
04/18/2023,LEB,NH,ANE,EN,Federal Contract Tower,0,24,12,0,36,0,2,4,0,6,0,26,16,0,42,10,0,10,52
04/19/2023,LEB,NH,ANE,EN,Federal Contract Tower,0,11,6,0,17,0,5,7,0,12,0,16,13,0,29,6,0,6,35
04/20/2023,LEB,NH,ANE,EN,Federal Contract Tower,0,18,8,1,27,0,15,35,11,61,0,33,43,12,88,58,12,70,158
04/21/2023,LEB,NH,ANE,EN,Federal Contract Tower,0,23,13,0,36,0,10,50,0,60,0,33,63,0,96,144,0,144,240
04/22/2023,LEB,NH,ANE,EN,Federal Contract Tower,0,27,7,0,34,0,1,9,0,10,0,28,16,0,44,46,0,46,90
04/23/2023,LEB,NH,ANE,EN,Federal Contract Tower,0,8,13,0,21,0,0,0,0,0,0,8,13,0,21,0,0,0,21
04/24/2023,LEB,NH,ANE,EN,Federal Contract Tower,0,16,12,0,28,0,0,0,0,0,0,16,12,0,28,0,0,0,28
04/25/2023,LEB,NH,ANE,EN,Federal Contract Tower,0,19,10,0,29,0,2,8,0,10,0,21,18,0,39,22,0,22,61
04/26/2023,LEB,NH,ANE,EN,Federal Contract Tower,0,17,9,0,26,0,3,28,0,31,0,20,37,0,57,84,0,84,141
04/27/2023,LEB,NH,ANE,EN,Federal Contract Tower,0,23,10,1,34,0,4,66,1,71,0,27,76,2,105,148,2,150,255
04/28/2023,LEB,NH,ANE,EN,Federal Contract Tower,0,28,9,0,37,0,11,67,4,82,0,39,76,4,119,76,0,76,195
04/29/2023,LEB,NH,ANE,EN,Federal Contract Tower,0,14,7,0,21,0,4,25,0,29,0,18,32,0,50,48,0,48,98
04/30/2023,LEB,NH,ANE,EN,Federal Contract Tower,0,20,4,0,24,0,0,0,0,0,0,20,4,0,24,0,0,0,24
05/01/2023,LEB,NH,ANE,EN,Federal Contract Tower,0,12,6,0,18,0,1,3,0,4,0,13,9,0,22,0,0,0,22
05/02/2023,LEB,NH,ANE,EN,Federal Contract Tower,0,14,5,0,19,0,0,2,0,2,0,14,7,0,21,0,0,0,21
05/03/2023,LEB,NH,ANE,EN,Federal Contract Tower,0,16,5,0,21,0,1,0,0,1,0,17,5,0,22,0,0,0,22
05/04/2023,LEB,NH,ANE,EN,Federal Contract Tower,0,20,7,0,27,0,5,0,0,5,0,25,7,0,32,0,0,0,32
05/05/2023,LEB,NH,ANE,EN,Federal Contract Tower,0,17,6,0,23,0,5,43,0,48,0,22,49,0,71,154,0,154,225
05/06/2023,LEB,NH,ANE,EN,Federal Contract Tower,0,14,8,0,22,0,11,40,0,51,0,25,48,0,73,30,0,30,103
05/07/2023,LEB,NH,ANE,EN,Federal Contract Tower,0,15,12,0,27,0,7,42,0,49,0,22,54,0,76,26,0,26,102
05/08/2023,LEB,NH,ANE,EN,Federal Contract Tower,0,11,11,0,22,0,6,48,0,54,0,17,59,0,76,80,0,80,156
05/09/2023,LEB,NH,ANE,EN,Federal Contract Tower,0,10,7,0,17,0,10,57,2,69,0,20,64,2,86,48,0,48,134
05/10/2023,LEB,NH,ANE,EN,Federal Contract Tower,0,14,10,3,27,0,15,40,1,56,0,29,50,4,83,20,0,20,103
05/11/2023,LEB,NH,ANE,EN,Federal Contract Tower,0,14,10,0,24,0,14,28,2,44,0,28,38,2,68,18,0,18,86
05/12/2023,LEB,NH,ANE,EN,Federal Contract Tower,0,19,7,0,26,0,17,17,0,34,0,36,24,0,60,26,0,26,86
05/13/2023,LEB,NH,ANE,EN,Federal Contract Tower,0,8,9,0,17,0,9,16,0,25,0,17,25,0,42,10,0,10,52
05/14/2023,LEB,NH,ANE,EN,Federal Contract Tower,0,11,7,0,18,0,8,39,0,47,0,19,46,0,65,20,0,20,85
05/15/2023,LEB,NH,ANE,EN,Federal Contract Tower,0,12,9,0,21,0,2,0,0,2,0,14,9,0,23,20,0,20,43
05/16/2023,LEB,NH,ANE,EN,Federal Contract Tower,0,21,8,0,29,0,7,15,0,22,0,28,23,0,51,12,0,12,63
05/17/2023,LEB,NH,ANE,EN,Federal Contract Tower,0,22,14,0,36,0,6,6,0,12,0,28,20,0,48,50,0,50,98
05/18/2023,LEB,NH,ANE,EN,Federal Contract Tower,0,14,13,0,27,0,10,30,0,40,0,24,43,0,67,44,0,44,111
05/19/2023,LEB,NH,ANE,EN,Federal Contract Tower,0,12,11,0,23,0,12,25,0,37,0,24,36,0,60,4,0,4,64
05/20/2023,LEB,NH,ANE,EN,Federal Contract Tower,0,20,5,2,27,0,0,8,0,8,0,20,13,2,35,0,0,0,35
05/21/2023,LEB,NH,ANE,EN,Federal Contract Tower,0,20,13,0,33,0,5,21,0,26,0,25,34,0,59,6,0,6,65
05/22/2023,LEB,NH,ANE,EN,Federal Contract Tower,0,12,10,0,22,0,4,45,2,51,0,16,55,2,73,52,2,54,127
05/23/2023,LEB,NH,ANE,EN,Federal Contract Tower,0,17,19,0,36,0,4,43,4,51,0,21,62,4,87,98,8,106,193
05/24/2023,LEB,NH,ANE,EN,Federal Contract Tower,0,20,11,0,31,0,1,7,0,8,0,21,18,0,39,0,0,0,39
05/25/2023,LEB,NH,ANE,EN,Federal Contract Tower,0,25,16,0,41,0,10,14,0,24,0,35,30,0,65,28,0,28,93
05/26/2023,LEB,NH,ANE,EN,Federal Contract Tower,0,13,8,0,21,0,13,29,0,42,0,26,37,0,63,16,0,16,79
05/27/2023,LEB,NH,ANE,EN,Federal Contract Tower,0,15,11,0,26,0,7,45,0,52,0,22,56,0,78,16,0,16,94
05/28/2023,LEB,NH,ANE,EN,Federal Contract Tower,0,12,8,0,20,0,8,32,0,40,0,20,40,0,60,52,0,52,112
05/29/2023,LEB,NH,ANE,EN,Federal Contract Tower,0,13,10,0,23,0,9,40,0,49,0,22,50,0,72,24,0,24,96
05/30/2023,LEB,NH,ANE,EN,Federal Contract Tower,0,15,5,1,21,0,8,45,3,56,0,23,50,4,77,68,4,72,149
05/31/2023,LEB,NH,ANE,EN,Federal Contract Tower,0,14,12,0,26,0,7,27,2,36,0,21,39,2,62,78,2,80,142
06/01/2023,LEB,NH,ANE,EN,Federal Contract Tower,0,18,10,1,29,0,14,24,0,38,0,32,34,1,67,24,0,24,91
06/02/2023,LEB,NH,ANE,EN,Federal Contract Tower,0,14,17,0,31,0,9,31,1,41,0,23,48,1,72,36,0,36,108
06/03/2023,LEB,NH,ANE,EN,Federal Contract Tower,0,20,8,0,28,0,0,2,0,2,0,20,10,0,30,0,0,0,30
06/04/2023,LEB,NH,ANE,EN,Federal Contract Tower,0,13,7,0,20,0,2,13,0,15,0,15,20,0,35,24,0,24,59
06/05/2023,LEB,NH,ANE,EN,Federal Contract Tower,0,18,10,0,28,0,1,32,4,37,0,19,42,4,65,58,0,58,123
06/06/2023,LEB,NH,ANE,EN,Federal Contract Tower,0,23,14,0,37,0,5,50,0,55,0,28,64,0,92,56,0,56,148
06/07/2023,LEB,NH,ANE,EN,Federal Contract Tower,0,19,4,0,23,0,4,22,4,30,0,23,26,4,53,60,8,68,121
06/08/2023,LEB,NH,ANE,EN,Federal Contract Tower,0,27,13,0,40,0,3,11,0,14,0,30,24,0,54,6,0,6,60
06/09/2023,LEB,NH,ANE,EN,Federal Contract Tower,0,24,14,0,38,0,7,31,0,38,0,31,45,0,76,22,0,22,98
06/10/2023,LEB,NH,ANE,EN,Federal Contract Tower,0,19,12,0,31,0,5,22,0,27,0,24,34,0,58,52,0,52,110
06/11/2023,LEB,NH,ANE,EN,Federal Contract Tower,0,35,19,0,54,0,9,63,4,76,0,44,82,4,130,62,4,66,196
06/12/2023,LEB,NH,ANE,EN,Federal Contract Tower,0,17,14,0,31,0,8,47,6,61,0,25,61,6,92,86,0,86,178
06/13/2023,LEB,NH,ANE,EN,Federal Contract Tower,0,20,10,0,30,0,1,1,0,2,0,21,11,0,32,0,0,0,32
06/14/2023,LEB,NH,ANE,EN,Federal Contract Tower,0,17,11,0,28,0,3,18,0,21,0,20,29,0,49,58,0,58,107
06/15/2023,LEB,NH,ANE,EN,Federal Contract Tower,0,31,15,0,46,0,6,6,0,12,0,37,21,0,58,36,0,36,94
06/16/2023,LEB,NH,ANE,EN,Federal Contract Tower,0,18,16,0,34,0,6,32,0,38,0,24,48,0,72,16,0,16,88
06/17/2023,LEB,NH,ANE,EN,Federal Contract Tower,0,24,8,0,32,0,0,0,0,0,0,24,8,0,32,0,0,0,32
06/18/2023,LEB,NH,ANE,EN,Federal Contract Tower,0,38,23,0,61,0,3,2,0,5,0,41,25,0,66,0,0,0,66
06/19/2023,LEB,NH,ANE,EN,Federal Contract Tower,0,19,17,0,36,0,2,14,2,18,0,21,31,2,54,32,6,38,92
06/20/2023,LEB,NH,ANE,EN,Federal Contract Tower,0,15,13,0,28,0,0,0,0,0,0,15,13,0,28,22,0,22,50
06/21/2023,LEB,NH,ANE,EN,Federal Contract Tower,0,23,9,0,32,0,11,38,2,51,0,34,47,2,83,54,0,54,137
06/22/2023,LEB,NH,ANE,EN,Federal Contract Tower,0,17,9,1,27,0,6,42,2,50,0,23,51,3,77,110,0,110,187
06/23/2023,LEB,NH,ANE,EN,Federal Contract Tower,0,28,17,0,45,0,36,3,0,39,0,64,20,0,84,46,0,46,130
06/24/2023,LEB,NH,ANE,EN,Federal Contract Tower,0,22,7,0,29,0,0,3,0,3,0,22,10,0,32,8,0,8,40
06/25/2023,LEB,NH,ANE,EN,Federal Contract Tower,0,21,8,0,29,0,5,44,0,49,0,26,52,0,78,32,0,32,110
06/26/2023,LEB,NH,ANE,EN,Federal Contract Tower,0,23,0,0,23,0,1,3,0,4,0,24,3,0,27,2,0,2,29
06/27/2023,LEB,NH,ANE,EN,Federal Contract Tower,0,25,8,0,33,0,0,1,0,1,0,25,9,0,34,0,0,0,34
06/28/2023,LEB,NH,ANE,EN,Federal Contract Tower,0,13,7,0,20,0,0,0,0,0,0,13,7,0,20,0,0,0,20
06/29/2023,LEB,NH,ANE,EN,Federal Contract Tower,0,23,11,0,34,0,1,13,0,14,0,24,24,0,48,14,0,14,62
06/30/2023,LEB,NH,ANE,EN,Federal Contract Tower,0,43,17,0,60,0,12,33,2,47,0,55,50,2,107,48,0,48,155
07/01/2023,LEB,NH,ANE,EN,Federal Contract Tower,0,23,18,2,43,0,6,20,0,26,0,29,38,2,69,26,0,26,95
07/02/2023,LEB,NH,ANE,EN,Federal Contract Tower,0,28,8,0,36,0,0,0,0,0,0,28,8,0,36,0,0,0,36
07/03/2023,LEB,NH,ANE,EN,Federal Contract Tower,0,14,6,0,20,0,4,3,0,7,0,18,9,0,27,2,0,2,29
07/04/2023,LEB,NH,ANE,EN,Federal Contract Tower,0,17,9,0,26,0,9,2,0,11,0,26,11,0,37,0,0,0,37
07/05/2023,LEB,NH,ANE,EN,Federal Contract Tower,0,12,11,0,23,0,8,43,0,51,0,20,54,0,74,80,0,80,154
07/06/2023,LEB,NH,ANE,EN,Federal Contract Tower,0,18,14,0,32,0,11,41,0,52,0,29,55,0,84,60,0,60,144
07/07/2023,LEB,NH,ANE,EN,Federal Contract Tower,0,13,11,0,24,0,6,32,0,38,0,19,43,0,62,30,0,30,92
07/08/2023,LEB,NH,ANE,EN,Federal Contract Tower,0,11,15,0,26,0,5,20,0,25,0,16,35,0,51,56,0,56,107
07/09/2023,LEB,NH,ANE,EN,Federal Contract Tower,0,12,8,0,20,0,0,14,0,14,0,12,22,0,34,18,0,18,52
07/10/2023,LEB,NH,ANE,EN,Federal Contract Tower,0,10,5,0,15,0,0,0,0,0,0,10,5,0,15,0,0,0,15
07/11/2023,LEB,NH,ANE,EN,Federal Contract Tower,0,13,7,0,20,0,16,61,8,85,0,29,68,8,105,54,0,54,159
07/12/2023,LEB,NH,ANE,EN,Federal Contract Tower,0,13,15,5,33,0,20,44,6,70,0,33,59,11,103,122,4,126,229
07/13/2023,LEB,NH,ANE,EN,Federal Contract Tower,0,14,10,0,24,0,2,17,0,19,0,16,27,0,43,52,0,52,95
07/14/2023,LEB,NH,ANE,EN,Federal Contract Tower,0,25,8,0,33,0,4,16,0,20,0,29,24,0,53,44,0,44,97
07/15/2023,LEB,NH,ANE,EN,Federal Contract Tower,0,28,16,0,44,0,10,29,0,39,0,38,45,0,83,10,0,10,93
07/16/2023,LEB,NH,ANE,EN,Federal Contract Tower,0,17,12,0,29,0,1,1,0,2,0,18,13,0,31,0,0,0,31
07/17/2023,LEB,NH,ANE,EN,Federal Contract Tower,0,21,15,0,36,0,7,44,0,51,0,28,59,0,87,140,0,140,227
07/18/2023,LEB,NH,ANE,EN,Federal Contract Tower,0,13,14,0,27,0,1,15,0,16,0,14,29,0,43,10,0,10,53
07/19/2023,LEB,NH,ANE,EN,Federal Contract Tower,0,21,20,0,41,0,7,37,6,50,0,28,57,6,91,48,2,50,141
07/20/2023,LEB,NH,ANE,EN,Federal Contract Tower,0,24,16,2,42,0,17,46,6,69,0,41,62,8,111,130,10,140,251
07/21/2023,LEB,NH,ANE,EN,Federal Contract Tower,0,27,6,0,33,0,0,0,0,0,0,27,6,0,33,0,0,0,33
07/22/2023,LEB,NH,ANE,EN,Federal Contract Tower,0,23,7,0,30,0,9,13,0,22,0,32,20,0,52,8,0,8,60
07/23/2023,LEB,NH,ANE,EN,Federal Contract Tower,0,28,12,0,40,0,7,51,0,58,0,35,63,0,98,14,0,14,112
07/24/2023,LEB,NH,ANE,EN,Federal Contract Tower,0,25,9,0,34,0,9,33,0,42,0,34,42,0,76,22,0,22,98
07/25/2023,LEB,NH,ANE,EN,Federal Contract Tower,0,19,8,1,28,0,3,36,0,39,0,22,44,1,67,82,0,82,149
07/26/2023,LEB,NH,ANE,EN,Federal Contract Tower,0,22,9,0,31,0,14,40,0,54,0,36,49,0,85,22,0,22,107
07/27/2023,LEB,NH,ANE,EN,Federal Contract Tower,0,26,16,0,42,0,2,13,0,15,0,28,29,0,57,0,0,0,57
07/28/2023,LEB,NH,ANE,EN,Federal Contract Tower,0,13,11,0,24,0,18,64,0,82,0,31,75,0,106,34,0,34,140
07/29/2023,LEB,NH,ANE,EN,Federal Contract Tower,0,13,12,0,25,0,5,30,0,35,0,18,42,0,60,56,0,56,116
07/30/2023,LEB,NH,ANE,EN,Federal Contract Tower,0,19,28,0,47,0,8,64,2,74,0,27,92,2,121,34,4,38,159
07/31/2023,LEB,NH,ANE,EN,Federal Contract Tower,0,13,7,0,20,0,6,29,0,35,0,19,36,0,55,10,0,10,65
08/01/2023,LEB,NH,ANE,EN,Federal Contract Tower,0,11,11,0,22,0,6,49,4,59,0,17,60,4,81,50,10,60,141
08/02/2023,LEB,NH,ANE,EN,Federal Contract Tower,0,19,14,0,33,0,11,70,2,83,0,30,84,2,116,50,4,54,170
08/03/2023,LEB,NH,ANE,EN,Federal Contract Tower,0,27,22,3,52,0,7,43,14,64,0,34,65,17,116,52,2,54,170
08/04/2023,LEB,NH,ANE,EN,Federal Contract Tower,0,18,16,0,34,0,0,0,0,0,0,18,16,0,34,0,0,0,34
08/05/2023,LEB,NH,ANE,EN,Federal Contract Tower,0,19,21,0,40,0,9,44,0,53,0,28,65,0,93,44,0,44,137
08/06/2023,LEB,NH,ANE,EN,Federal Contract Tower,0,15,10,0,25,0,7,40,0,47,0,22,50,0,72,32,0,32,104
08/07/2023,LEB,NH,ANE,EN,Federal Contract Tower,0,16,10,0,26,0,0,0,0,0,0,16,10,0,26,0,0,0,26
08/08/2023,LEB,NH,ANE,EN,Federal Contract Tower,0,23,4,0,27,0,0,13,0,13,0,23,17,0,40,40,0,40,80
08/09/2023,LEB,NH,ANE,EN,Federal Contract Tower,0,27,3,0,30,0,10,0,0,10,0,37,3,0,40,48,0,48,88
08/10/2023,LEB,NH,ANE,EN,Federal Contract Tower,0,31,10,0,41,0,14,29,0,43,0,45,39,0,84,58,0,58,142
08/11/2023,LEB,NH,ANE,EN,Federal Contract Tower,0,35,15,2,52,0,12,34,0,46,0,47,49,2,98,16,0,16,114
08/12/2023,LEB,NH,ANE,EN,Federal Contract Tower,0,18,7,0,25,0,13,42,0,55,0,31,49,0,80,16,0,16,96
08/13/2023,LEB,NH,ANE,EN,Federal Contract Tower,0,30,20,0,50,0,1,20,1,22,0,31,40,1,72,10,0,10,82
08/14/2023,LEB,NH,ANE,EN,Federal Contract Tower,0,12,13,0,25,0,13,53,2,68,0,25,66,2,93,44,0,44,137
08/16/2023,LEB,NH,ANE,EN,Federal Contract Tower,0,15,23,0,38,0,0,3,0,3,0,15,26,0,41,0,0,0,41
08/17/2023,LEB,NH,ANE,EN,Federal Contract Tower,0,24,14,0,38,0,1,0,0,1,0,25,14,0,39,42,0,42,81
08/18/2023,LEB,NH,ANE,EN,Federal Contract Tower,0,19,8,0,27,0,5,7,0,12,0,24,15,0,39,16,0,16,55
08/19/2023,LEB,NH,ANE,EN,Federal Contract Tower,0,19,11,0,30,0,2,21,0,23,0,21,32,0,53,16,0,16,69
08/20/2023,LEB,NH,ANE,EN,Federal Contract Tower,0,18,22,2,42,0,3,49,0,52,0,21,71,2,94,94,0,94,188
08/21/2023,LEB,NH,ANE,EN,Federal Contract Tower,0,12,8,0,20,0,2,23,0,25,0,14,31,0,45,16,0,16,61
08/22/2023,LEB,NH,ANE,EN,Federal Contract Tower,0,17,4,0,21,0,9,55,2,66,0,26,59,2,87,62,14,76,163
08/23/2023,LEB,NH,ANE,EN,Federal Contract Tower,0,15,10,5,30,0,5,72,0,77,0,20,82,5,107,120,0,120,227
08/24/2023,LEB,NH,ANE,EN,Federal Contract Tower,0,23,19,1,43,0,15,50,0,65,0,38,69,1,108,50,0,50,158
08/25/2023,LEB,NH,ANE,EN,Federal Contract Tower,0,27,15,0,42,0,0,0,0,0,0,27,15,0,42,0,0,0,42
08/26/2023,LEB,NH,ANE,EN,Federal Contract Tower,0,15,5,0,20,0,10,37,0,47,0,25,42,0,67,22,0,22,89
08/27/2023,LEB,NH,ANE,EN,Federal Contract Tower,0,21,13,0,34,0,0,14,0,14,0,21,27,0,48,20,0,20,68
08/28/2023,LEB,NH,ANE,EN,Federal Contract Tower,0,21,8,0,29,0,3,32,0,35,0,24,40,0,64,48,0,48,112
08/29/2023,LEB,NH,ANE,EN,Federal Contract Tower,0,22,9,3,34,0,3,47,2,52,0,25,56,5,86,90,0,90,176
08/30/2023,LEB,NH,ANE,EN,Federal Contract Tower,0,32,7,0,39,0,9,0,0,9,0,41,7,0,48,0,0,0,48
08/31/2023,LEB,NH,ANE,EN,Federal Contract Tower,0,19,6,0,25,0,21,65,2,88,0,40,71,2,113,46,0,46,159
