01/01/2020,LEE,FL,ASO,ES,Federal Contract Tower,0,0,31,0,31,0,6,67,0,73,0,6,98,0,104,36,0,36,140
01/02/2020,LEE,FL,ASO,ES,Federal Contract Tower,0,3,38,0,41,0,4,85,0,89,0,7,123,0,130,98,0,98,228
01/03/2020,LEE,FL,ASO,ES,Federal Contract Tower,0,0,30,0,30,0,2,29,0,31,0,2,59,0,61,38,0,38,99
01/04/2020,LEE,FL,ASO,ES,Federal Contract Tower,0,3,24,0,27,0,2,8,0,10,0,5,32,0,37,0,0,0,37
01/05/2020,LEE,FL,ASO,ES,Federal Contract Tower,0,0,42,0,42,0,4,77,0,81,0,4,119,0,123,128,0,128,251
01/06/2020,LEE,FL,ASO,ES,Federal Contract Tower,0,1,41,0,42,0,2,90,0,92,0,3,131,0,134,94,0,94,228
01/07/2020,LEE,FL,ASO,ES,Federal Contract Tower,0,3,55,0,58,0,8,74,0,82,0,11,129,0,140,93,0,93,233
01/08/2020,LEE,FL,ASO,ES,Federal Contract Tower,0,0,42,0,42,0,0,106,0,106,0,0,148,0,148,178,4,182,330
01/09/2020,LEE,FL,ASO,ES,Federal Contract Tower,0,4,32,0,36,0,2,93,0,95,0,6,125,0,131,80,0,80,211
01/10/2020,LEE,FL,ASO,ES,Federal Contract Tower,0,1,54,0,55,0,6,100,0,106,0,7,154,0,161,174,0,174,335
01/11/2020,LEE,FL,ASO,ES,Federal Contract Tower,0,0,68,0,68,0,0,40,0,40,0,0,108,0,108,26,0,26,134
01/12/2020,LEE,FL,ASO,ES,Federal Contract Tower,0,0,37,0,37,0,5,68,2,75,0,5,105,2,112,120,0,120,232
01/13/2020,LEE,FL,ASO,ES,Federal Contract Tower,0,7,73,2,82,0,1,74,0,75,0,8,147,2,157,100,0,100,257
01/14/2020,LEE,FL,ASO,ES,Federal Contract Tower,0,0,35,0,35,0,1,29,0,30,0,1,64,0,65,64,0,64,129
01/15/2020,LEE,FL,ASO,ES,Federal Contract Tower,0,2,65,0,67,0,1,81,0,82,0,3,146,0,149,82,0,82,231
01/16/2020,LEE,FL,ASO,ES,Federal Contract Tower,0,0,52,0,52,0,7,67,0,74,0,7,119,0,126,146,0,146,272
01/17/2020,LEE,FL,ASO,ES,Federal Contract Tower,0,0,52,0,52,0,0,76,0,76,0,0,128,0,128,114,0,114,242
01/18/2020,LEE,FL,ASO,ES,Federal Contract Tower,0,1,51,0,52,0,4,98,6,108,0,5,149,6,160,106,0,106,266
01/19/2020,LEE,FL,ASO,ES,Federal Contract Tower,0,0,29,0,29,0,4,34,0,38,0,4,63,0,67,106,0,106,173
01/20/2020,LEE,FL,ASO,ES,Federal Contract Tower,0,0,47,0,47,0,3,110,0,113,0,3,157,0,160,226,0,226,386
01/21/2020,LEE,FL,ASO,ES,Federal Contract Tower,0,2,22,0,24,0,4,56,0,60,0,6,78,0,84,74,0,74,158
01/22/2020,LEE,FL,ASO,ES,Federal Contract Tower,0,0,59,0,59,0,0,53,0,53,0,0,112,0,112,26,0,26,138
01/23/2020,LEE,FL,ASO,ES,Federal Contract Tower,0,0,53,0,53,0,3,60,0,63,0,3,113,0,116,82,2,84,200
01/24/2020,LEE,FL,ASO,ES,Federal Contract Tower,0,2,36,0,38,0,0,77,0,77,0,2,113,0,115,136,0,136,251
01/25/2020,LEE,FL,ASO,ES,Federal Contract Tower,0,0,45,0,45,0,0,142,0,142,0,0,187,0,187,140,0,140,327
01/26/2020,LEE,FL,ASO,ES,Federal Contract Tower,0,2,52,0,54,0,2,150,0,152,0,4,202,0,206,114,0,114,320
01/27/2020,LEE,FL,ASO,ES,Federal Contract Tower,0,0,44,0,44,0,4,63,0,67,0,4,107,0,111,116,0,116,227
01/28/2020,LEE,FL,ASO,ES,Federal Contract Tower,0,0,40,0,40,0,2,105,0,107,0,2,145,0,147,182,0,182,329
01/29/2020,LEE,FL,ASO,ES,Federal Contract Tower,0,4,62,0,66,0,1,67,0,68,0,5,129,0,134,186,0,186,320
01/30/2020,LEE,FL,ASO,ES,Federal Contract Tower,0,1,83,0,84,0,1,25,0,26,0,2,108,0,110,24,0,24,134
01/31/2020,LEE,FL,ASO,ES,Federal Contract Tower,0,2,65,0,67,0,0,56,0,56,0,2,121,0,123,146,0,146,269
02/01/2020,LEE,FL,ASO,ES,Federal Contract Tower,0,2,25,0,27,0,0,11,0,11,0,2,36,0,38,0,0,0,38
02/02/2020,LEE,FL,ASO,ES,Federal Contract Tower,0,1,48,0,49,0,2,125,0,127,0,3,173,0,176,138,0,138,314
02/03/2020,LEE,FL,ASO,ES,Federal Contract Tower,0,4,61,0,65,0,3,117,0,120,0,7,178,0,185,120,0,120,305
02/04/2020,LEE,FL,ASO,ES,Federal Contract Tower,0,2,41,0,43,0,6,104,0,110,0,8,145,0,153,176,0,176,329
02/05/2020,LEE,FL,ASO,ES,Federal Contract Tower,0,2,57,2,61,0,0,69,0,69,0,2,126,2,130,184,0,184,314
02/06/2020,LEE,FL,ASO,ES,Federal Contract Tower,0,0,20,0,20,0,1,8,0,9,0,1,28,0,29,0,0,0,29
02/07/2020,LEE,FL,ASO,ES,Federal Contract Tower,0,1,37,0,38,0,0,12,0,12,0,1,49,0,50,0,0,0,50
02/08/2020,LEE,FL,ASO,ES,Federal Contract Tower,0,0,52,0,52,0,0,184,0,184,0,0,236,0,236,7,0,7,243
02/09/2020,LEE,FL,ASO,ES,Federal Contract Tower,0,0,32,0,32,0,1,78,0,79,0,1,110,0,111,132,0,132,243
02/10/2020,LEE,FL,ASO,ES,Federal Contract Tower,0,0,62,0,62,0,0,97,0,97,0,0,159,0,159,150,0,150,309
02/11/2020,LEE,FL,ASO,ES,Federal Contract Tower,0,0,47,0,47,0,7,60,0,67,0,7,107,0,114,146,0,146,260
02/12/2020,LEE,FL,ASO,ES,Federal Contract Tower,0,2,54,0,56,0,2,57,2,61,0,4,111,2,117,106,0,106,223
02/13/2020,LEE,FL,ASO,ES,Federal Contract Tower,0,0,37,0,37,0,4,57,0,61,0,4,94,0,98,54,4,58,156
02/14/2020,LEE,FL,ASO,ES,Federal Contract Tower,0,1,62,0,63,0,0,72,0,72,0,1,134,0,135,4,0,4,139
02/15/2020,LEE,FL,ASO,ES,Federal Contract Tower,0,1,54,0,55,0,0,0,0,0,0,1,54,0,55,6,0,6,61
02/16/2020,LEE,FL,ASO,ES,Federal Contract Tower,0,3,62,0,65,0,2,60,0,62,0,5,122,0,127,212,0,212,339
02/17/2020,LEE,FL,ASO,ES,Federal Contract Tower,0,3,38,0,41,0,5,29,0,34,0,8,67,0,75,66,0,66,141
02/18/2020,LEE,FL,ASO,ES,Federal Contract Tower,0,1,45,2,48,0,5,91,1,97,0,6,136,3,145,150,0,150,295
02/19/2020,LEE,FL,ASO,ES,Federal Contract Tower,0,4,43,0,47,0,0,95,2,97,0,4,138,2,144,194,0,194,338
02/20/2020,LEE,FL,ASO,ES,Federal Contract Tower,0,2,51,0,53,0,1,59,2,62,0,3,110,2,115,126,0,126,241
02/21/2020,LEE,FL,ASO,ES,Federal Contract Tower,0,1,20,0,21,0,0,18,0,18,0,1,38,0,39,1,2,3,42
02/22/2020,LEE,FL,ASO,ES,Federal Contract Tower,0,0,47,0,47,0,2,100,0,102,0,2,147,0,149,6,0,6,155
02/23/2020,LEE,FL,ASO,ES,Federal Contract Tower,0,0,42,0,42,0,4,105,4,113,0,4,147,4,155,199,0,199,354
02/24/2020,LEE,FL,ASO,ES,Federal Contract Tower,0,1,63,0,64,0,0,65,0,65,0,1,128,0,129,132,0,132,261
02/25/2020,LEE,FL,ASO,ES,Federal Contract Tower,0,3,64,0,67,0,1,67,0,68,0,4,131,0,135,196,0,196,331
02/26/2020,LEE,FL,ASO,ES,Federal Contract Tower,0,2,34,0,36,0,5,42,0,47,0,7,76,0,83,98,0,98,181
02/27/2020,LEE,FL,ASO,ES,Federal Contract Tower,0,1,59,0,60,0,5,84,0,89,0,6,143,0,149,182,0,182,331
02/28/2020,LEE,FL,ASO,ES,Federal Contract Tower,0,0,0,0,0,0,0,105,0,105,0,0,105,0,105,3,0,3,108
02/29/2020,LEE,FL,ASO,ES,Federal Contract Tower,0,0,43,0,43,0,0,0,0,0,0,0,43,0,43,1,2,3,46
03/01/2020,LEE,FL,ASO,ES,Federal Contract Tower,0,1,67,0,68,0,3,72,0,75,0,4,139,0,143,108,5,113,256
03/02/2020,LEE,FL,ASO,ES,Federal Contract Tower,0,3,77,0,80,0,0,65,0,65,0,3,142,0,145,154,0,154,299
03/03/2020,LEE,FL,ASO,ES,Federal Contract Tower,0,1,73,0,74,0,4,91,0,95,0,5,164,0,169,60,0,60,229
03/04/2020,LEE,FL,ASO,ES,Federal Contract Tower,0,0,46,1,47,0,8,66,2,76,0,8,112,3,123,104,8,112,235
03/05/2020,LEE,FL,ASO,ES,Federal Contract Tower,0,6,40,0,46,0,0,47,0,47,0,6,87,0,93,76,0,76,169
03/06/2020,LEE,FL,ASO,ES,Federal Contract Tower,0,2,65,0,67,0,3,45,0,48,0,5,110,0,115,88,4,92,207
03/07/2020,LEE,FL,ASO,ES,Federal Contract Tower,0,0,37,0,37,0,0,63,0,63,0,0,100,0,100,76,0,76,176
03/08/2020,LEE,FL,ASO,ES,Federal Contract Tower,0,2,49,0,51,0,4,57,0,61,0,6,106,0,112,92,0,92,204
03/09/2020,LEE,FL,ASO,ES,Federal Contract Tower,0,2,17,0,19,0,2,27,0,29,0,4,44,0,48,32,0,32,80
03/10/2020,LEE,FL,ASO,ES,Federal Contract Tower,0,3,52,0,55,0,4,68,0,72,0,7,120,0,127,150,0,150,277
03/11/2020,LEE,FL,ASO,ES,Federal Contract Tower,0,6,56,2,64,0,2,89,0,91,0,8,145,2,155,254,0,254,409
03/12/2020,LEE,FL,ASO,ES,Federal Contract Tower,0,0,41,0,41,0,2,100,0,102,0,2,141,0,143,92,0,92,235
03/13/2020,LEE,FL,ASO,ES,Federal Contract Tower,0,0,32,0,32,0,2,95,2,99,0,2,127,2,131,96,0,96,227
03/14/2020,LEE,FL,ASO,ES,Federal Contract Tower,0,0,39,0,39,0,2,88,0,90,0,2,127,0,129,242,0,242,371
03/15/2020,LEE,FL,ASO,ES,Federal Contract Tower,0,1,51,0,52,0,3,66,0,69,0,4,117,0,121,28,0,28,149
03/16/2020,LEE,FL,ASO,ES,Federal Contract Tower,0,3,45,0,48,0,3,62,0,65,0,6,107,0,113,146,0,146,259
03/17/2020,LEE,FL,ASO,ES,Federal Contract Tower,0,0,5,0,5,0,2,56,0,58,0,2,61,0,63,166,0,166,229
03/18/2020,LEE,FL,ASO,ES,Federal Contract Tower,0,1,26,0,27,0,3,70,0,73,0,4,96,0,100,206,0,206,306
03/19/2020,LEE,FL,ASO,ES,Federal Contract Tower,0,3,25,0,28,0,0,90,0,90,0,3,115,0,118,168,0,168,286
03/20/2020,LEE,FL,ASO,ES,Federal Contract Tower,0,1,53,0,54,0,0,118,0,118,0,1,171,0,172,5,0,5,177
03/21/2020,LEE,FL,ASO,ES,Federal Contract Tower,0,2,35,0,37,0,1,105,0,106,0,3,140,0,143,200,0,200,343
03/22/2020,LEE,FL,ASO,ES,Federal Contract Tower,0,1,32,0,33,0,0,69,0,69,0,1,101,0,102,75,0,75,177
03/23/2020,LEE,FL,ASO,ES,Federal Contract Tower,0,3,48,0,51,0,1,73,0,74,0,4,121,0,125,102,0,102,227
03/25/2020,LEE,FL,ASO,ES,Federal Contract Tower,0,0,42,0,42,0,0,41,0,41,0,0,83,0,83,74,0,74,157
03/26/2020,LEE,FL,ASO,ES,Federal Contract Tower,0,3,57,0,60,0,0,64,0,64,0,3,121,0,124,118,0,118,242
03/27/2020,LEE,FL,ASO,ES,Federal Contract Tower,0,2,33,0,35,0,4,80,0,84,0,6,113,0,119,76,0,76,195
03/28/2020,LEE,FL,ASO,ES,Federal Contract Tower,0,0,29,0,29,0,0,0,0,0,0,0,29,0,29,224,0,224,253
03/29/2020,LEE,FL,ASO,ES,Federal Contract Tower,0,2,34,0,36,0,0,75,0,75,0,2,109,0,111,94,0,94,205
03/30/2020,LEE,FL,ASO,ES,Federal Contract Tower,0,0,13,0,13,0,2,128,0,130,0,2,141,0,143,184,0,184,327
03/31/2020,LEE,FL,ASO,ES,Federal Contract Tower,0,1,24,0,25,0,6,59,0,65,0,7,83,0,90,98,0,98,188
04/01/2020,LEE,FL,ASO,ES,Federal Contract Tower,0,3,29,0,32,0,0,89,0,89,0,3,118,0,121,224,0,224,345
04/02/2020,LEE,FL,ASO,ES,Federal Contract Tower,0,0,25,0,25,0,0,180,0,180,0,0,205,0,205,344,0,344,549
04/03/2020,LEE,FL,ASO,ES,Federal Contract Tower,0,0,45,0,45,0,0,107,0,107,0,0,152,0,152,260,0,260,412
04/04/2020,LEE,FL,ASO,ES,Federal Contract Tower,0,0,11,0,11,0,6,134,0,140,0,6,145,0,151,254,0,254,405
04/05/2020,LEE,FL,ASO,ES,Federal Contract Tower,0,2,28,0,30,0,0,17,0,17,0,2,45,0,47,94,0,94,141
04/06/2020,LEE,FL,ASO,ES,Federal Contract Tower,0,0,30,0,30,0,1,72,0,73,0,1,102,0,103,126,0,126,229
04/07/2020,LEE,FL,ASO,ES,Federal Contract Tower,0,0,33,0,33,0,3,112,0,115,0,3,145,0,148,324,0,324,472
04/08/2020,LEE,FL,ASO,ES,Federal Contract Tower,0,5,22,0,27,0,2,56,0,58,0,7,78,0,85,126,0,126,211
04/09/2020,LEE,FL,ASO,ES,Federal Contract Tower,0,1,29,0,30,0,0,43,0,43,0,1,72,0,73,58,0,58,131
04/10/2020,LEE,FL,ASO,ES,Federal Contract Tower,0,0,21,0,21,0,1,49,0,50,0,1,70,0,71,136,0,136,207
04/11/2020,LEE,FL,ASO,ES,Federal Contract Tower,0,0,26,0,26,0,2,132,0,134,0,2,158,0,160,198,0,198,358
04/12/2020,LEE,FL,ASO,ES,Federal Contract Tower,0,0,13,0,13,0,3,26,0,29,0,3,39,0,42,56,0,56,98
04/13/2020,LEE,FL,ASO,ES,Federal Contract Tower,0,2,11,0,13,0,0,15,0,15,0,2,26,0,28,14,0,14,42
04/14/2020,LEE,FL,ASO,ES,Federal Contract Tower,0,0,24,0,24,0,2,49,0,51,0,2,73,0,75,160,0,160,235
04/15/2020,LEE,FL,ASO,ES,Federal Contract Tower,0,0,21,0,21,0,0,25,0,25,0,0,46,0,46,60,0,60,106
04/16/2020,LEE,FL,ASO,ES,Federal Contract Tower,0,0,17,0,17,0,0,28,0,28,0,0,45,0,45,82,0,82,127
04/17/2020,LEE,FL,ASO,ES,Federal Contract Tower,0,0,28,0,28,0,7,53,1,61,0,7,81,1,89,262,0,262,351
04/18/2020,LEE,FL,ASO,ES,Federal Contract Tower,0,0,13,0,13,0,3,17,0,20,0,3,30,0,33,34,0,34,67
04/19/2020,LEE,FL,ASO,ES,Federal Contract Tower,0,0,22,0,22,0,0,65,0,65,0,0,87,0,87,182,0,182,269
04/20/2020,LEE,FL,ASO,ES,Federal Contract Tower,0,0,7,0,7,0,3,12,0,15,0,3,19,0,22,6,0,6,28
04/21/2020,LEE,FL,ASO,ES,Federal Contract Tower,0,0,34,0,34,0,5,148,0,153,0,5,182,0,187,352,0,352,539
04/22/2020,LEE,FL,ASO,ES,Federal Contract Tower,0,0,37,0,37,0,0,0,0,0,0,0,37,0,37,312,0,312,349
04/23/2020,LEE,FL,ASO,ES,Federal Contract Tower,0,1,22,0,23,0,0,49,0,49,0,1,71,0,72,68,0,68,140
04/24/2020,LEE,FL,ASO,ES,Federal Contract Tower,0,0,2,0,2,0,0,11,0,11,0,0,13,0,13,0,0,0,13
04/25/2020,LEE,FL,ASO,ES,Federal Contract Tower,0,0,17,0,17,0,2,48,0,50,0,2,65,0,67,104,0,104,171
04/26/2020,LEE,FL,ASO,ES,Federal Contract Tower,0,8,10,0,18,0,1,42,2,45,0,9,52,2,63,66,6,72,135
04/27/2020,LEE,FL,ASO,ES,Federal Contract Tower,0,2,16,0,18,0,0,86,0,86,0,2,102,0,104,146,0,146,250
04/28/2020,LEE,FL,ASO,ES,Federal Contract Tower,0,1,20,0,21,0,3,86,0,89,0,4,106,0,110,112,0,112,222
04/29/2020,LEE,FL,ASO,ES,Federal Contract Tower,0,3,26,0,29,0,2,72,0,74,0,5,98,0,103,190,0,190,293
04/30/2020,LEE,FL,ASO,ES,Federal Contract Tower,0,0,19,0,19,0,0,24,0,24,0,0,43,0,43,70,0,70,113
05/01/2020,LEE,FL,ASO,ES,Federal Contract Tower,0,0,23,0,23,0,1,93,0,94,0,1,116,0,117,250,0,250,367
05/02/2020,LEE,FL,ASO,ES,Federal Contract Tower,0,0,24,0,24,0,0,111,0,111,0,0,135,0,135,170,0,170,305
05/03/2020,LEE,FL,ASO,ES,Federal Contract Tower,0,0,20,0,20,0,2,80,0,82,0,2,100,0,102,60,0,60,162
05/04/2020,LEE,FL,ASO,ES,Federal Contract Tower,0,0,14,0,14,0,2,70,0,72,0,2,84,0,86,156,0,156,242
05/05/2020,LEE,FL,ASO,ES,Federal Contract Tower,0,0,24,0,24,0,2,81,0,83,0,2,105,0,107,182,0,182,289
05/06/2020,LEE,FL,ASO,ES,Federal Contract Tower,0,0,33,0,33,0,2,67,0,69,0,2,100,0,102,150,0,150,252
05/07/2020,LEE,FL,ASO,ES,Federal Contract Tower,0,6,43,0,49,0,2,115,0,117,0,8,158,0,166,234,0,234,400
05/08/2020,LEE,FL,ASO,ES,Federal Contract Tower,0,2,0,0,2,0,0,129,0,129,0,2,129,0,131,290,0,290,421
05/09/2020,LEE,FL,ASO,ES,Federal Contract Tower,0,0,33,0,33,0,0,97,0,97,0,0,130,0,130,226,0,226,356
05/10/2020,LEE,FL,ASO,ES,Federal Contract Tower,0,1,19,0,20,0,0,7,0,7,0,1,26,0,27,0,0,0,27
05/11/2020,LEE,FL,ASO,ES,Federal Contract Tower,0,3,28,0,31,0,3,92,0,95,0,6,120,0,126,228,0,228,354
05/12/2020,LEE,FL,ASO,ES,Federal Contract Tower,0,1,31,0,32,0,6,77,0,83,0,7,108,0,115,214,0,214,329
05/13/2020,LEE,FL,ASO,ES,Federal Contract Tower,0,1,27,0,28,0,0,60,0,60,0,1,87,0,88,120,0,120,208
05/14/2020,LEE,FL,ASO,ES,Federal Contract Tower,0,4,24,0,28,0,1,43,0,44,0,5,67,0,72,78,0,78,150
05/15/2020,LEE,FL,ASO,ES,Federal Contract Tower,0,0,21,1,22,0,0,54,1,55,0,0,75,2,77,97,6,103,180
05/16/2020,LEE,FL,ASO,ES,Federal Contract Tower,0,0,38,0,38,0,2,23,0,25,0,2,61,0,63,68,0,68,131
05/17/2020,LEE,FL,ASO,ES,Federal Contract Tower,0,0,30,0,30,0,3,58,0,61,0,3,88,0,91,102,0,102,193
05/18/2020,LEE,FL,ASO,ES,Federal Contract Tower,0,2,19,0,21,0,0,45,0,45,0,2,64,0,66,146,0,146,212
05/19/2020,LEE,FL,ASO,ES,Federal Contract Tower,0,1,22,0,23,0,3,61,0,64,0,4,83,0,87,178,0,178,265
05/20/2020,LEE,FL,ASO,ES,Federal Contract Tower,0,2,37,2,41,0,0,89,0,89,0,2,126,2,130,234,0,234,364
05/21/2020,LEE,FL,ASO,ES,Federal Contract Tower,0,1,26,0,27,0,2,66,0,68,0,3,92,0,95,244,0,244,339
05/22/2020,LEE,FL,ASO,ES,Federal Contract Tower,0,0,47,0,47,0,0,111,0,111,0,0,158,0,158,194,0,194,352
05/23/2020,LEE,FL,ASO,ES,Federal Contract Tower,0,1,35,0,36,0,0,86,0,86,0,1,121,0,122,204,0,204,326
05/24/2020,LEE,FL,ASO,ES,Federal Contract Tower,0,0,28,0,28,0,4,50,0,54,0,4,78,0,82,80,0,80,162
05/25/2020,LEE,FL,ASO,ES,Federal Contract Tower,0,2,22,0,24,0,0,11,0,11,0,2,33,0,35,14,0,14,49
05/26/2020,LEE,FL,ASO,ES,Federal Contract Tower,0,1,38,0,39,0,0,31,0,31,0,1,69,0,70,90,0,90,160
05/27/2020,LEE,FL,ASO,ES,Federal Contract Tower,0,4,20,0,24,0,6,36,0,42,0,10,56,0,66,16,0,16,82
05/28/2020,LEE,FL,ASO,ES,Federal Contract Tower,0,4,35,0,39,0,2,48,0,50,0,6,83,0,89,156,0,156,245
05/29/2020,LEE,FL,ASO,ES,Federal Contract Tower,0,0,40,0,40,0,0,76,0,76,0,0,116,0,116,132,0,132,248
05/30/2020,LEE,FL,ASO,ES,Federal Contract Tower,0,0,49,0,49,0,0,88,0,88,0,0,137,0,137,120,0,120,257
05/31/2020,LEE,FL,ASO,ES,Federal Contract Tower,0,0,49,0,49,0,2,67,0,69,0,2,116,0,118,176,0,176,294
06/01/2020,LEE,FL,ASO,ES,Federal Contract Tower,0,0,44,0,44,0,3,36,0,39,0,3,80,0,83,102,0,102,185
06/02/2020,LEE,FL,ASO,ES,Federal Contract Tower,0,0,50,0,50,0,2,37,0,39,0,2,87,0,89,100,0,100,189
06/03/2020,LEE,FL,ASO,ES,Federal Contract Tower,0,0,35,0,35,0,1,59,0,60,0,1,94,0,95,164,0,164,259
06/04/2020,LEE,FL,ASO,ES,Federal Contract Tower,0,4,23,0,27,0,0,10,0,10,0,4,33,0,37,0,0,0,37
06/05/2020,LEE,FL,ASO,ES,Federal Contract Tower,0,3,43,0,46,0,2,69,0,71,0,5,112,0,117,88,0,88,205
06/06/2020,LEE,FL,ASO,ES,Federal Contract Tower,0,3,28,0,31,0,0,9,0,9,0,3,37,0,40,22,0,22,62
06/07/2020,LEE,FL,ASO,ES,Federal Contract Tower,0,1,17,0,18,0,0,11,0,11,0,1,28,0,29,46,0,46,75
06/08/2020,LEE,FL,ASO,ES,Federal Contract Tower,0,0,28,0,28,0,0,39,0,39,0,0,67,0,67,80,0,80,147
06/09/2020,LEE,FL,ASO,ES,Federal Contract Tower,0,0,48,0,48,0,0,75,0,75,0,0,123,0,123,170,0,170,293
06/10/2020,LEE,FL,ASO,ES,Federal Contract Tower,0,5,39,0,44,0,5,77,0,82,0,10,116,0,126,162,0,162,288
06/11/2020,LEE,FL,ASO,ES,Federal Contract Tower,0,16,18,0,34,0,0,72,0,72,0,16,90,0,106,140,0,140,246
06/12/2020,LEE,FL,ASO,ES,Federal Contract Tower,0,2,50,0,52,0,0,103,0,103,0,2,153,0,155,162,0,162,317
06/13/2020,LEE,FL,ASO,ES,Federal Contract Tower,0,0,22,0,22,0,0,38,0,38,0,0,60,0,60,101,0,101,161
06/14/2020,LEE,FL,ASO,ES,Federal Contract Tower,0,2,41,0,43,0,0,60,0,60,0,2,101,0,103,102,0,102,205
06/15/2020,LEE,FL,ASO,ES,Federal Contract Tower,0,0,65,0,65,0,0,0,0,0,0,0,65,0,65,102,0,102,167
06/16/2020,LEE,FL,ASO,ES,Federal Contract Tower,0,0,44,0,44,0,0,0,0,0,0,0,44,0,44,156,0,156,200
06/17/2020,LEE,FL,ASO,ES,Federal Contract Tower,0,1,47,0,48,0,6,81,0,87,0,7,128,0,135,134,0,134,269
06/18/2020,LEE,FL,ASO,ES,Federal Contract Tower,0,0,46,0,46,0,0,91,2,93,0,0,137,2,139,144,0,144,283
06/19/2020,LEE,FL,ASO,ES,Federal Contract Tower,0,0,22,1,23,0,2,55,1,58,0,2,77,2,81,94,8,102,183
06/20/2020,LEE,FL,ASO,ES,Federal Contract Tower,0,2,30,0,32,0,0,50,0,50,0,2,80,0,82,98,0,98,180
06/21/2020,LEE,FL,ASO,ES,Federal Contract Tower,0,0,26,0,26,0,0,46,0,46,0,0,72,0,72,142,0,142,214
06/22/2020,LEE,FL,ASO,ES,Federal Contract Tower,0,0,23,0,23,0,2,98,2,102,0,2,121,2,125,82,4,86,211
06/23/2020,LEE,FL,ASO,ES,Federal Contract Tower,0,24,0,0,24,0,0,46,0,46,0,24,46,0,70,188,0,188,258
06/24/2020,LEE,FL,ASO,ES,Federal Contract Tower,0,2,24,0,26,0,6,84,0,90,0,8,108,0,116,192,0,192,308
06/25/2020,LEE,FL,ASO,ES,Federal Contract Tower,0,0,20,0,20,0,4,64,0,68,0,4,84,0,88,138,0,138,226
06/26/2020,LEE,FL,ASO,ES,Federal Contract Tower,0,11,23,0,34,0,2,73,0,75,0,13,96,0,109,140,0,140,249
06/27/2020,LEE,FL,ASO,ES,Federal Contract Tower,0,0,21,0,21,0,1,87,0,88,0,1,108,0,109,148,0,148,257
06/28/2020,LEE,FL,ASO,ES,Federal Contract Tower,0,1,13,0,14,0,0,70,0,70,0,1,83,0,84,90,0,90,174
06/29/2020,LEE,FL,ASO,ES,Federal Contract Tower,0,0,20,0,20,0,2,68,0,70,0,2,88,0,90,114,0,114,204
06/30/2020,LEE,FL,ASO,ES,Federal Contract Tower,0,0,25,0,25,0,0,69,0,69,0,0,94,0,94,182,0,182,276
07/01/2020,LEE,FL,ASO,ES,Federal Contract Tower,0,1,16,0,17,0,3,53,0,56,0,4,69,0,73,160,0,160,233
07/02/2020,LEE,FL,ASO,ES,Federal Contract Tower,0,1,22,0,23,0,1,80,0,81,0,2,102,0,104,106,0,106,210
07/03/2020,LEE,FL,ASO,ES,Federal Contract Tower,0,3,29,0,32,0,2,57,0,59,0,5,86,0,91,141,0,141,232
07/04/2020,LEE,FL,ASO,ES,Federal Contract Tower,0,0,5,0,5,0,0,34,0,34,0,0,39,0,39,34,0,34,73
07/05/2020,LEE,FL,ASO,ES,Federal Contract Tower,0,4,10,0,14,0,0,27,0,27,0,4,37,0,41,40,0,40,81
07/06/2020,LEE,FL,ASO,ES,Federal Contract Tower,0,0,24,0,24,0,2,33,0,35,0,2,57,0,59,136,0,136,195
07/07/2020,LEE,FL,ASO,ES,Federal Contract Tower,0,0,37,0,37,0,0,86,0,86,0,0,123,0,123,160,0,160,283
07/09/2020,LEE,FL,ASO,ES,Federal Contract Tower,0,0,23,0,23,0,1,69,0,70,0,1,92,0,93,266,0,266,359
07/10/2020,LEE,FL,ASO,ES,Federal Contract Tower,0,0,22,0,22,0,0,56,0,56,0,0,78,0,78,114,0,114,192
07/11/2020,LEE,FL,ASO,ES,Federal Contract Tower,0,2,13,0,15,0,0,55,0,55,0,2,68,0,70,108,0,108,178
07/12/2020,LEE,FL,ASO,ES,Federal Contract Tower,0,3,18,2,23,0,0,63,0,63,0,3,81,2,86,96,0,96,182
07/13/2020,LEE,FL,ASO,ES,Federal Contract Tower,0,0,40,0,40,0,0,77,0,77,0,0,117,0,117,120,0,120,237
07/14/2020,LEE,FL,ASO,ES,Federal Contract Tower,0,0,49,0,49,0,1,67,0,68,0,1,116,0,117,144,0,144,261
07/15/2020,LEE,FL,ASO,ES,Federal Contract Tower,0,8,36,0,44,0,2,63,0,65,0,10,99,0,109,96,0,96,205
07/16/2020,LEE,FL,ASO,ES,Federal Contract Tower,0,1,41,0,42,0,1,90,0,91,0,2,131,0,133,237,0,237,370
07/17/2020,LEE,FL,ASO,ES,Federal Contract Tower,0,2,68,0,70,0,1,101,2,104,0,3,169,2,174,212,4,216,390
07/18/2020,LEE,FL,ASO,ES,Federal Contract Tower,0,2,7,0,9,0,0,63,0,63,0,2,70,0,72,50,0,50,122
07/19/2020,LEE,FL,ASO,ES,Federal Contract Tower,0,0,7,0,7,0,3,67,0,70,0,3,74,0,77,96,0,96,173
07/20/2020,LEE,FL,ASO,ES,Federal Contract Tower,0,3,48,0,51,0,4,73,0,77,0,7,121,0,128,196,0,196,324
07/21/2020,LEE,FL,ASO,ES,Federal Contract Tower,0,5,29,0,34,0,0,59,0,59,0,5,88,0,93,182,0,182,275
07/22/2020,LEE,FL,ASO,ES,Federal Contract Tower,0,0,30,0,30,0,1,42,0,43,0,1,72,0,73,184,0,184,257
07/23/2020,LEE,FL,ASO,ES,Federal Contract Tower,0,0,29,0,29,0,1,45,0,46,0,1,74,0,75,124,0,124,199
07/24/2020,LEE,FL,ASO,ES,Federal Contract Tower,0,0,54,0,54,0,1,102,0,103,0,1,156,0,157,128,0,128,285
07/25/2020,LEE,FL,ASO,ES,Federal Contract Tower,0,0,18,0,18,0,0,104,0,104,0,0,122,0,122,184,0,184,306
07/26/2020,LEE,FL,ASO,ES,Federal Contract Tower,0,4,18,0,22,0,1,50,0,51,0,5,68,0,73,50,0,50,123
07/27/2020,LEE,FL,ASO,ES,Federal Contract Tower,0,0,29,0,29,0,0,64,0,64,0,0,93,0,93,160,0,160,253
07/28/2020,LEE,FL,ASO,ES,Federal Contract Tower,0,0,19,0,19,0,3,53,0,56,0,3,72,0,75,137,0,137,212
07/29/2020,LEE,FL,ASO,ES,Federal Contract Tower,0,0,35,0,35,0,2,91,0,93,0,2,126,0,128,296,0,296,424
07/30/2020,LEE,FL,ASO,ES,Federal Contract Tower,0,1,40,0,41,0,4,60,0,64,0,5,100,0,105,206,0,206,311
07/31/2020,LEE,FL,ASO,ES,Federal Contract Tower,0,0,40,0,40,0,0,103,0,103,0,0,143,0,143,164,0,164,307
08/01/2020,LEE,FL,ASO,ES,Federal Contract Tower,0,0,13,0,13,0,1,71,0,72,0,1,84,0,85,112,0,112,197
08/02/2020,LEE,FL,ASO,ES,Federal Contract Tower,0,0,1,0,1,0,1,6,0,7,0,1,7,0,8,0,0,0,8
08/03/2020,LEE,FL,ASO,ES,Federal Contract Tower,0,0,37,0,37,0,0,40,0,40,0,0,77,0,77,94,0,94,171
08/04/2020,LEE,FL,ASO,ES,Federal Contract Tower,0,7,38,0,45,0,10,60,0,70,0,17,98,0,115,208,0,208,323
08/05/2020,LEE,FL,ASO,ES,Federal Contract Tower,0,1,56,0,57,0,4,103,0,107,0,5,159,0,164,112,0,112,276
08/06/2020,LEE,FL,ASO,ES,Federal Contract Tower,0,0,50,0,50,0,4,88,0,92,0,4,138,0,142,200,0,200,342
08/07/2020,LEE,FL,ASO,ES,Federal Contract Tower,0,0,51,0,51,0,0,114,0,114,0,0,165,0,165,226,0,226,391
08/08/2020,LEE,FL,ASO,ES,Federal Contract Tower,0,0,11,0,11,0,1,107,0,108,0,1,118,0,119,158,0,158,277
08/09/2020,LEE,FL,ASO,ES,Federal Contract Tower,0,0,3,0,3,0,2,52,0,54,0,2,55,0,57,66,0,66,123
08/10/2020,LEE,FL,ASO,ES,Federal Contract Tower,0,2,51,0,53,0,3,60,0,63,0,5,111,0,116,114,0,114,230
08/11/2020,LEE,FL,ASO,ES,Federal Contract Tower,0,2,46,0,48,0,3,68,0,71,0,5,114,0,119,240,0,240,359
08/12/2020,LEE,FL,ASO,ES,Federal Contract Tower,0,0,30,0,30,0,2,65,0,67,0,2,95,0,97,180,0,180,277
08/13/2020,LEE,FL,ASO,ES,Federal Contract Tower,0,1,27,0,28,0,1,77,0,78,0,2,104,0,106,88,0,88,194
08/14/2020,LEE,FL,ASO,ES,Federal Contract Tower,0,1,44,0,45,0,1,79,0,80,0,2,123,0,125,144,0,144,269
08/15/2020,LEE,FL,ASO,ES,Federal Contract Tower,0,1,8,0,9,0,1,82,0,83,0,2,90,0,92,172,0,172,264
08/16/2020,LEE,FL,ASO,ES,Federal Contract Tower,0,1,19,0,20,0,0,48,0,48,0,1,67,0,68,70,0,70,138
08/17/2020,LEE,FL,ASO,ES,Federal Contract Tower,0,0,20,0,20,0,1,48,0,49,0,1,68,0,69,72,0,72,141
08/18/2020,LEE,FL,ASO,ES,Federal Contract Tower,0,0,58,0,58,0,1,42,0,43,0,1,100,0,101,122,0,122,223
08/19/2020,LEE,FL,ASO,ES,Federal Contract Tower,0,0,41,0,41,0,2,38,0,40,0,2,79,0,81,80,0,80,161
08/20/2020,LEE,FL,ASO,ES,Federal Contract Tower,0,0,39,0,39,0,3,96,0,99,0,3,135,0,138,192,0,192,330
08/21/2020,LEE,FL,ASO,ES,Federal Contract Tower,0,0,39,0,39,0,4,47,0,51,0,4,86,0,90,82,0,82,172
08/22/2020,LEE,FL,ASO,ES,Federal Contract Tower,0,0,17,0,17,0,0,73,0,73,0,0,90,0,90,100,0,100,190
08/23/2020,LEE,FL,ASO,ES,Federal Contract Tower,0,0,15,0,15,0,5,34,0,39,0,5,49,0,54,100,0,100,154
08/24/2020,LEE,FL,ASO,ES,Federal Contract Tower,0,0,54,0,54,0,1,33,2,36,0,1,87,2,90,74,6,80,170
08/25/2020,LEE,FL,ASO,ES,Federal Contract Tower,0,0,66,0,66,0,1,39,0,40,0,1,105,0,106,164,0,164,270
08/26/2020,LEE,FL,ASO,ES,Federal Contract Tower,0,1,58,0,59,0,1,74,0,75,0,2,132,0,134,140,0,140,274
08/27/2020,LEE,FL,ASO,ES,Federal Contract Tower,0,3,34,0,37,0,3,69,0,72,0,6,103,0,109,154,0,154,263
08/28/2020,LEE,FL,ASO,ES,Federal Contract Tower,0,0,45,0,45,0,0,67,0,67,0,0,112,0,112,130,0,130,242
08/29/2020,LEE,FL,ASO,ES,Federal Contract Tower,0,0,7,0,7,0,0,37,0,37,0,0,44,0,44,42,0,42,86
08/30/2020,LEE,FL,ASO,ES,Federal Contract Tower,0,0,6,0,6,0,0,12,0,12,0,0,18,0,18,14,0,14,32
08/31/2020,LEE,FL,ASO,ES,Federal Contract Tower,0,2,25,0,27,0,1,13,0,14,0,3,38,0,41,10,0,10,51
09/01/2020,LEE,FL,ASO,ES,Federal Contract Tower,0,0,7,0,7,0,2,34,0,36,0,2,41,0,43,68,0,68,111
09/02/2020,LEE,FL,ASO,ES,Federal Contract Tower,0,1,42,0,43,0,3,65,0,68,0,4,107,0,111,126,0,126,237
09/03/2020,LEE,FL,ASO,ES,Federal Contract Tower,0,3,38,0,41,0,3,88,0,91,0,6,126,0,132,92,0,92,224
09/04/2020,LEE,FL,ASO,ES,Federal Contract Tower,0,1,30,0,31,0,1,98,2,101,0,2,128,2,132,118,0,118,250
09/05/2020,LEE,FL,ASO,ES,Federal Contract Tower,0,0,8,0,8,0,1,56,0,57,0,1,64,0,65,132,0,132,197
09/06/2020,LEE,FL,ASO,ES,Federal Contract Tower,0,0,8,0,8,0,1,32,0,33,0,1,40,0,41,52,0,52,93
09/07/2020,LEE,FL,ASO,ES,Federal Contract Tower,0,0,23,0,23,0,2,37,0,39,0,2,60,0,62,42,0,42,104
09/08/2020,LEE,FL,ASO,ES,Federal Contract Tower,0,0,59,0,59,0,8,62,0,70,0,8,121,0,129,110,0,110,239
09/09/2020,LEE,FL,ASO,ES,Federal Contract Tower,0,6,50,0,56,0,2,46,0,48,0,8,96,0,104,122,0,122,226
09/10/2020,LEE,FL,ASO,ES,Federal Contract Tower,0,1,44,0,45,0,2,66,0,68,0,3,110,0,113,124,0,124,237
09/11/2020,LEE,FL,ASO,ES,Federal Contract Tower,0,1,40,4,45,0,2,61,0,63,0,3,101,4,108,90,0,90,198
09/12/2020,LEE,FL,ASO,ES,Federal Contract Tower,0,2,7,0,9,0,4,19,0,23,0,6,26,0,32,44,0,44,76
09/13/2020,LEE,FL,ASO,ES,Federal Contract Tower,0,2,11,0,13,0,2,15,0,17,0,4,26,0,30,18,0,18,48
09/14/2020,LEE,FL,ASO,ES,Federal Contract Tower,0,0,44,0,44,0,0,34,0,34,0,0,78,0,78,56,0,56,134
09/15/2020,LEE,FL,ASO,ES,Federal Contract Tower,0,0,56,2,58,0,0,40,0,40,0,0,96,2,98,136,0,136,234
09/16/2020,LEE,FL,ASO,ES,Federal Contract Tower,0,0,47,0,47,0,1,73,0,74,0,1,120,0,121,110,0,110,231
09/17/2020,LEE,FL,ASO,ES,Federal Contract Tower,0,1,35,0,36,0,2,46,0,48,0,3,81,0,84,68,0,68,152
09/18/2020,LEE,FL,ASO,ES,Federal Contract Tower,0,2,61,0,63,0,0,74,0,74,0,2,135,0,137,142,4,146,283
09/19/2020,LEE,FL,ASO,ES,Federal Contract Tower,0,0,14,0,14,0,0,69,0,69,0,0,83,0,83,70,0,70,153
09/20/2020,LEE,FL,ASO,ES,Federal Contract Tower,0,0,8,0,8,0,0,4,0,4,0,0,12,0,12,0,0,0,12
09/21/2020,LEE,FL,ASO,ES,Federal Contract Tower,0,0,38,0,38,0,0,14,0,14,0,0,52,0,52,10,0,10,62
09/22/2020,LEE,FL,ASO,ES,Federal Contract Tower,0,0,57,0,57,0,1,67,0,68,0,1,124,0,125,168,0,168,293
09/23/2020,LEE,FL,ASO,ES,Federal Contract Tower,0,1,37,0,38,0,2,104,0,106,0,3,141,0,144,170,0,170,314
09/24/2020,LEE,FL,ASO,ES,Federal Contract Tower,0,1,44,0,45,0,1,107,0,108,0,2,151,0,153,124,0,124,277
09/25/2020,LEE,FL,ASO,ES,Federal Contract Tower,0,0,63,0,63,0,0,100,0,100,0,0,163,0,163,136,0,136,299
09/26/2020,LEE,FL,ASO,ES,Federal Contract Tower,0,0,3,0,3,0,1,68,0,69,0,1,71,0,72,80,0,80,152
09/27/2020,LEE,FL,ASO,ES,Federal Contract Tower,0,1,9,0,10,0,5,44,0,49,0,6,53,0,59,48,0,48,107
09/28/2020,LEE,FL,ASO,ES,Federal Contract Tower,0,2,19,0,21,0,1,54,0,55,0,3,73,0,76,80,0,80,156
09/29/2020,LEE,FL,ASO,ES,Federal Contract Tower,0,0,38,0,38,0,0,26,0,26,0,0,64,0,64,86,0,86,150
09/30/2020,LEE,FL,ASO,ES,Federal Contract Tower,0,1,40,0,41,0,0,67,0,67,0,1,107,0,108,184,0,184,292
10/01/2020,LEE,FL,ASO,ES,Federal Contract Tower,0,5,26,0,31,0,0,106,0,106,0,5,132,0,137,188,0,188,325
10/02/2020,LEE,FL,ASO,ES,Federal Contract Tower,0,0,17,0,17,0,5,79,0,84,0,5,96,0,101,186,0,186,287
10/03/2020,LEE,FL,ASO,ES,Federal Contract Tower,0,5,5,0,10,0,1,40,0,41,0,6,45,0,51,82,0,82,133
10/04/2020,LEE,FL,ASO,ES,Federal Contract Tower,0,3,15,0,18,0,0,0,0,0,0,3,15,0,18,0,0,0,18
10/05/2020,LEE,FL,ASO,ES,Federal Contract Tower,0,0,46,0,46,0,1,21,0,22,0,1,67,0,68,120,0,120,188
10/06/2020,LEE,FL,ASO,ES,Federal Contract Tower,0,0,19,0,19,0,0,36,0,36,0,0,55,0,55,42,0,42,97
10/07/2020,LEE,FL,ASO,ES,Federal Contract Tower,0,4,10,0,14,0,2,60,0,62,0,6,70,0,76,40,0,40,116
10/08/2020,LEE,FL,ASO,ES,Federal Contract Tower,0,0,9,0,9,0,15,49,0,64,0,15,58,0,73,128,0,128,201
10/09/2020,LEE,FL,ASO,ES,Federal Contract Tower,0,0,12,0,12,0,4,56,0,60,0,4,68,0,72,48,0,48,120
10/10/2020,LEE,FL,ASO,ES,Federal Contract Tower,0,1,8,0,9,0,0,69,2,71,0,1,77,2,80,114,6,120,200
10/11/2020,LEE,FL,ASO,ES,Federal Contract Tower,0,1,2,0,3,0,1,37,0,38,0,2,39,0,41,96,0,96,137
10/12/2020,LEE,FL,ASO,ES,Federal Contract Tower,0,0,13,0,13,0,5,51,0,56,0,5,64,0,69,172,0,172,241
10/13/2020,LEE,FL,ASO,ES,Federal Contract Tower,0,0,31,0,31,0,2,71,0,73,0,2,102,0,104,5,0,5,109
10/14/2020,LEE,FL,ASO,ES,Federal Contract Tower,0,4,23,0,27,0,1,74,0,75,0,5,97,0,102,88,0,88,190
10/15/2020,LEE,FL,ASO,ES,Federal Contract Tower,0,2,13,0,15,0,1,101,0,102,0,3,114,0,117,110,0,110,227
10/16/2020,LEE,FL,ASO,ES,Federal Contract Tower,0,0,15,0,15,0,0,48,0,48,0,0,63,0,63,50,0,50,113
10/17/2020,LEE,FL,ASO,ES,Federal Contract Tower,0,0,17,0,17,0,8,64,0,72,0,8,81,0,89,100,0,100,189
10/18/2020,LEE,FL,ASO,ES,Federal Contract Tower,0,0,13,0,13,0,6,33,0,39,0,6,46,0,52,22,0,22,74
10/19/2020,LEE,FL,ASO,ES,Federal Contract Tower,0,0,17,0,17,0,8,34,0,42,0,8,51,0,59,48,0,48,107
10/20/2020,LEE,FL,ASO,ES,Federal Contract Tower,0,0,16,0,16,0,0,36,0,36,0,0,52,0,52,44,0,44,96
10/21/2020,LEE,FL,ASO,ES,Federal Contract Tower,0,1,22,0,23,0,7,33,0,40,0,8,55,0,63,82,0,82,145
10/22/2020,LEE,FL,ASO,ES,Federal Contract Tower,0,6,16,0,22,0,0,65,0,65,0,6,81,0,87,114,0,114,201
10/23/2020,LEE,FL,ASO,ES,Federal Contract Tower,0,5,14,0,19,0,2,39,0,41,0,7,53,0,60,90,0,90,150
10/24/2020,LEE,FL,ASO,ES,Federal Contract Tower,0,0,7,0,7,0,3,45,0,48,0,3,52,0,55,32,0,32,87
10/25/2020,LEE,FL,ASO,ES,Federal Contract Tower,0,2,20,0,22,0,2,44,2,48,0,4,64,2,70,42,0,42,112
10/26/2020,LEE,FL,ASO,ES,Federal Contract Tower,0,5,13,0,18,0,5,59,0,64,0,10,72,0,82,90,0,90,172
10/27/2020,LEE,FL,ASO,ES,Federal Contract Tower,0,0,11,0,11,0,3,49,0,52,0,3,60,0,63,130,0,130,193
10/28/2020,LEE,FL,ASO,ES,Federal Contract Tower,0,0,11,0,11,0,6,69,0,75,0,6,80,0,86,72,0,72,158
10/29/2020,LEE,FL,ASO,ES,Federal Contract Tower,0,2,19,0,21,0,0,25,0,25,0,2,44,0,46,72,0,72,118
10/30/2020,LEE,FL,ASO,ES,Federal Contract Tower,0,1,18,0,19,0,5,102,0,107,0,6,120,0,126,26,0,26,152
10/31/2020,LEE,FL,ASO,ES,Federal Contract Tower,0,3,16,0,19,0,0,97,0,97,0,3,113,0,116,68,0,68,184
11/01/2020,LEE,FL,ASO,ES,Federal Contract Tower,0,0,10,0,10,0,9,48,0,57,0,9,58,0,67,26,0,26,93
11/02/2020,LEE,FL,ASO,ES,Federal Contract Tower,0,3,16,0,19,0,4,36,0,40,0,7,52,0,59,40,0,40,99
11/03/2020,LEE,FL,ASO,ES,Federal Contract Tower,0,4,20,0,24,0,6,94,0,100,0,10,114,0,124,240,0,240,364
11/04/2020,LEE,FL,ASO,ES,Federal Contract Tower,0,5,19,0,24,0,2,89,0,91,0,7,108,0,115,102,0,102,217
11/05/2020,LEE,FL,ASO,ES,Federal Contract Tower,0,4,39,0,43,0,1,89,0,90,0,5,128,0,133,94,0,94,227
11/06/2020,LEE,FL,ASO,ES,Federal Contract Tower,0,0,20,0,20,0,10,82,0,92,0,10,102,0,112,126,0,126,238
11/07/2020,LEE,FL,ASO,ES,Federal Contract Tower,0,0,6,0,6,0,2,45,0,47,0,2,51,0,53,30,0,30,83
11/08/2020,LEE,FL,ASO,ES,Federal Contract Tower,0,0,10,0,10,0,4,18,0,22,0,4,28,0,32,20,0,20,52
11/09/2020,LEE,FL,ASO,ES,Federal Contract Tower,0,2,11,0,13,0,0,4,0,4,0,2,15,0,17,0,0,0,17
11/10/2020,LEE,FL,ASO,ES,Federal Contract Tower,0,0,21,0,21,0,1,20,0,21,0,1,41,0,42,24,0,24,66
11/11/2020,LEE,FL,ASO,ES,Federal Contract Tower,0,3,14,0,17,0,0,13,0,13,0,3,27,0,30,24,0,24,54
11/12/2020,LEE,FL,ASO,ES,Federal Contract Tower,0,1,0,0,1,0,2,8,0,10,0,3,8,0,11,20,0,20,31
11/13/2020,LEE,FL,ASO,ES,Federal Contract Tower,0,0,42,0,42,0,2,11,0,13,0,2,53,0,55,18,0,18,73
11/14/2020,LEE,FL,ASO,ES,Federal Contract Tower,0,2,14,0,16,0,0,77,0,77,0,2,91,0,93,86,0,86,179
11/15/2020,LEE,FL,ASO,ES,Federal Contract Tower,0,0,15,0,15,0,1,62,0,63,0,1,77,0,78,108,0,108,186
11/16/2020,LEE,FL,ASO,ES,Federal Contract Tower,0,2,20,0,22,0,1,44,0,45,0,3,64,0,67,96,0,96,163
11/17/2020,LEE,FL,ASO,ES,Federal Contract Tower,0,0,21,1,22,0,0,91,0,91,0,0,112,1,113,133,0,133,246
11/18/2020,LEE,FL,ASO,ES,Federal Contract Tower,0,2,23,0,25,0,7,73,0,80,0,9,96,0,105,60,0,60,165
11/19/2020,LEE,FL,ASO,ES,Federal Contract Tower,0,2,32,0,34,0,2,53,0,55,0,4,85,0,89,114,0,114,203
11/20/2020,LEE,FL,ASO,ES,Federal Contract Tower,0,2,36,0,38,0,2,95,10,107,0,4,131,10,145,136,0,136,281
11/21/2020,LEE,FL,ASO,ES,Federal Contract Tower,0,0,20,0,20,0,4,65,0,69,0,4,85,0,89,86,0,86,175
11/22/2020,LEE,FL,ASO,ES,Federal Contract Tower,0,0,30,0,30,0,0,20,2,22,0,0,50,2,52,24,0,24,76
11/23/2020,LEE,FL,ASO,ES,Federal Contract Tower,0,2,25,0,27,0,4,66,0,70,0,6,91,0,97,148,0,148,245
11/24/2020,LEE,FL,ASO,ES,Federal Contract Tower,0,3,12,0,15,0,0,82,0,82,0,3,94,0,97,128,0,128,225
11/25/2020,LEE,FL,ASO,ES,Federal Contract Tower,0,0,19,0,19,0,6,83,0,89,0,6,102,0,108,166,0,166,274
11/26/2020,LEE,FL,ASO,ES,Federal Contract Tower,0,0,5,0,5,0,1,18,0,19,0,1,23,0,24,18,0,18,42
11/27/2020,LEE,FL,ASO,ES,Federal Contract Tower,0,2,8,0,10,0,2,52,0,54,0,4,60,0,64,116,0,116,180
11/28/2020,LEE,FL,ASO,ES,Federal Contract Tower,0,2,18,0,20,0,10,59,0,69,0,12,77,0,89,124,0,124,213
11/29/2020,LEE,FL,ASO,ES,Federal Contract Tower,0,0,18,0,18,0,2,42,0,44,0,2,60,0,62,58,4,62,124
11/30/2020,LEE,FL,ASO,ES,Federal Contract Tower,0,1,4,2,7,0,2,31,0,33,0,3,35,2,40,18,0,18,58
12/01/2020,LEE,FL,ASO,ES,Federal Contract Tower,0,2,24,0,26,0,9,46,0,55,0,11,70,0,81,104,0,104,185
12/02/2020,LEE,FL,ASO,ES,Federal Contract Tower,0,0,13,0,13,0,4,96,0,100,0,4,109,0,113,174,0,174,287
12/03/2020,LEE,FL,ASO,ES,Federal Contract Tower,0,0,28,0,28,0,8,112,0,120,0,8,140,0,148,192,0,192,340
12/04/2020,LEE,FL,ASO,ES,Federal Contract Tower,0,0,24,0,24,0,0,88,0,88,0,0,112,0,112,140,0,140,252
12/05/2020,LEE,FL,ASO,ES,Federal Contract Tower,0,0,16,0,16,0,2,68,0,70,0,2,84,0,86,78,0,78,164
12/06/2020,LEE,FL,ASO,ES,Federal Contract Tower,0,0,11,0,11,0,5,47,0,52,0,5,58,0,63,126,0,126,189
12/07/2020,LEE,FL,ASO,ES,Federal Contract Tower,0,3,26,0,29,0,0,44,0,44,0,3,70,0,73,30,0,30,103
12/08/2020,LEE,FL,ASO,ES,Federal Contract Tower,0,2,21,0,23,0,2,85,0,87,0,4,106,0,110,158,0,158,268
12/09/2020,LEE,FL,ASO,ES,Federal Contract Tower,0,3,18,0,21,0,1,79,0,80,0,4,97,0,101,92,0,92,193
12/10/2020,LEE,FL,ASO,ES,Federal Contract Tower,0,0,27,0,27,0,5,96,0,101,0,5,123,0,128,176,0,176,304
12/11/2020,LEE,FL,ASO,ES,Federal Contract Tower,0,0,21,0,21,0,2,88,0,90,0,2,109,0,111,168,0,168,279
12/12/2020,LEE,FL,ASO,ES,Federal Contract Tower,0,0,22,0,22,0,6,59,0,65,0,6,81,0,87,90,2,92,179
12/13/2020,LEE,FL,ASO,ES,Federal Contract Tower,0,3,10,0,13,0,1,62,0,63,0,4,72,0,76,78,0,78,154
12/14/2020,LEE,FL,ASO,ES,Federal Contract Tower,0,1,14,0,15,0,2,43,0,45,0,3,57,0,60,38,0,38,98
12/15/2020,LEE,FL,ASO,ES,Federal Contract Tower,0,1,11,0,12,0,0,77,0,77,0,1,88,0,89,76,0,76,165
12/16/2020,LEE,FL,ASO,ES,Federal Contract Tower,0,0,16,0,16,0,0,28,0,28,0,0,44,0,44,14,0,14,58
12/17/2020,LEE,FL,ASO,ES,Federal Contract Tower,0,1,33,0,34,0,2,41,0,43,0,3,74,0,77,26,0,26,103
12/18/2020,LEE,FL,ASO,ES,Federal Contract Tower,0,2,28,0,30,0,9,90,0,99,0,11,118,0,129,166,0,166,295
12/19/2020,LEE,FL,ASO,ES,Federal Contract Tower,0,0,9,0,9,0,4,76,0,80,0,4,85,0,89,122,0,122,211
12/20/2020,LEE,FL,ASO,ES,Federal Contract Tower,0,2,12,0,14,0,8,43,0,51,0,10,55,0,65,36,0,36,101
12/21/2020,LEE,FL,ASO,ES,Federal Contract Tower,0,4,26,0,30,0,2,47,0,49,0,6,73,0,79,106,0,106,185
12/22/2020,LEE,FL,ASO,ES,Federal Contract Tower,0,0,35,0,35,0,3,76,0,79,0,3,111,0,114,170,0,170,284
12/23/2020,LEE,FL,ASO,ES,Federal Contract Tower,0,2,20,0,22,0,4,79,0,83,0,6,99,0,105,78,0,78,183
12/24/2020,LEE,FL,ASO,ES,Federal Contract Tower,0,0,10,0,10,0,2,21,0,23,0,2,31,0,33,16,0,16,49
12/25/2020,LEE,FL,ASO,ES,Federal Contract Tower,0,0,0,0,0,0,1,5,0,6,0,1,5,0,6,0,0,0,6
12/26/2020,LEE,FL,ASO,ES,Federal Contract Tower,0,1,10,0,11,0,6,46,0,52,0,7,56,0,63,72,0,72,135
12/27/2020,LEE,FL,ASO,ES,Federal Contract Tower,0,1,11,0,12,0,6,44,0,50,0,7,55,0,62,38,0,38,100
12/28/2020,LEE,FL,ASO,ES,Federal Contract Tower,0,0,16,0,16,0,4,60,0,64,0,4,76,0,80,120,0,120,200
12/29/2020,LEE,FL,ASO,ES,Federal Contract Tower,0,1,13,0,14,0,11,83,0,94,0,12,96,0,108,100,0,100,208
12/30/2020,LEE,FL,ASO,ES,Federal Contract Tower,0,1,25,0,26,0,1,83,0,84,0,2,108,0,110,72,0,72,182
12/31/2020,LEE,FL,ASO,ES,Federal Contract Tower,0,0,11,0,11,0,0,4,0,4,0,0,15,0,15,4,0,4,19
01/01/2021,LEE,FL,ASO,ES,Federal Contract Tower,0,0,7,0,7,0,3,14,0,17,0,3,21,0,24,18,0,18,42
01/02/2021,LEE,FL,ASO,ES,Federal Contract Tower,0,0,20,0,20,0,6,28,0,34,0,6,48,0,54,22,0,22,76
01/03/2021,LEE,FL,ASO,ES,Federal Contract Tower,0,0,15,0,15,0,4,13,0,17,0,4,28,0,32,20,0,20,52
01/04/2021,LEE,FL,ASO,ES,Federal Contract Tower,0,4,27,0,31,0,2,88,0,90,0,6,115,0,121,74,0,74,195
01/05/2021,LEE,FL,ASO,ES,Federal Contract Tower,0,5,29,0,34,0,6,76,0,82,0,11,105,0,116,78,0,78,194
01/06/2021,LEE,FL,ASO,ES,Federal Contract Tower,0,3,25,0,28,0,5,92,0,97,0,8,117,0,125,194,0,194,319
01/07/2021,LEE,FL,ASO,ES,Federal Contract Tower,0,0,16,4,20,0,7,58,0,65,0,7,74,4,85,106,0,106,191
01/08/2021,LEE,FL,ASO,ES,Federal Contract Tower,0,0,15,0,15,0,2,39,0,41,0,2,54,0,56,30,0,30,86
01/09/2021,LEE,FL,ASO,ES,Federal Contract Tower,0,0,12,0,12,0,6,52,0,58,0,6,64,0,70,50,0,50,120
01/10/2021,LEE,FL,ASO,ES,Federal Contract Tower,0,0,21,0,21,0,9,74,0,83,0,9,95,0,104,142,0,142,246
01/11/2021,LEE,FL,ASO,ES,Federal Contract Tower,0,0,28,0,28,0,4,85,0,89,0,4,113,0,117,164,0,164,281
01/12/2021,LEE,FL,ASO,ES,Federal Contract Tower,0,2,22,0,24,0,1,15,0,16,0,3,37,0,40,44,0,44,84
01/13/2021,LEE,FL,ASO,ES,Federal Contract Tower,0,0,34,0,34,0,0,8,0,8,0,0,42,0,42,26,0,26,68
01/14/2021,LEE,FL,ASO,ES,Federal Contract Tower,0,0,23,0,23,0,1,84,0,85,0,1,107,0,108,178,0,178,286
01/15/2021,LEE,FL,ASO,ES,Federal Contract Tower,0,2,21,0,23,0,3,76,0,79,0,5,97,0,102,84,0,84,186
01/16/2021,LEE,FL,ASO,ES,Federal Contract Tower,0,0,9,0,9,0,2,73,0,75,0,2,82,0,84,124,0,124,208
01/18/2021,LEE,FL,ASO,ES,Federal Contract Tower,0,3,15,0,18,0,8,86,0,94,0,11,101,0,112,132,0,132,244
01/19/2021,LEE,FL,ASO,ES,Federal Contract Tower,0,0,23,0,23,0,8,80,0,88,0,8,103,0,111,110,0,110,221
01/20/2021,LEE,FL,ASO,ES,Federal Contract Tower,0,4,17,0,21,0,12,132,0,144,0,16,149,0,165,158,0,158,323
01/21/2021,LEE,FL,ASO,ES,Federal Contract Tower,0,2,19,0,21,0,1,110,0,111,0,3,129,0,132,132,0,132,264
01/22/2021,LEE,FL,ASO,ES,Federal Contract Tower,0,3,17,0,20,0,10,85,0,95,0,13,102,0,115,86,0,86,201
01/23/2021,LEE,FL,ASO,ES,Federal Contract Tower,0,0,11,0,11,0,0,0,0,0,0,0,11,0,11,0,0,0,11
01/24/2021,LEE,FL,ASO,ES,Federal Contract Tower,0,3,13,0,16,0,7,161,0,168,0,10,174,0,184,68,0,68,252
01/25/2021,LEE,FL,ASO,ES,Federal Contract Tower,0,5,17,0,22,0,6,66,0,72,0,11,83,0,94,24,0,24,118
01/26/2021,LEE,FL,ASO,ES,Federal Contract Tower,0,0,13,0,13,0,5,46,0,51,0,5,59,0,64,90,0,90,154
01/27/2021,LEE,FL,ASO,ES,Federal Contract Tower,0,0,17,0,17,0,4,55,0,59,0,4,72,0,76,82,0,82,158
01/28/2021,LEE,FL,ASO,ES,Federal Contract Tower,0,3,9,0,12,0,4,107,0,111,0,7,116,0,123,26,0,26,149
01/29/2021,LEE,FL,ASO,ES,Federal Contract Tower,0,1,34,0,35,0,2,137,0,139,0,3,171,0,174,126,0,126,300
01/30/2021,LEE,FL,ASO,ES,Federal Contract Tower,0,0,12,0,12,0,4,124,0,128,0,4,136,0,140,82,0,82,222
01/31/2021,LEE,FL,ASO,ES,Federal Contract Tower,0,3,8,0,11,0,4,83,0,87,0,7,91,0,98,60,0,60,158
02/01/2021,LEE,FL,ASO,ES,Federal Contract Tower,0,3,16,0,19,0,2,8,0,10,0,5,24,0,29,8,0,8,37
02/02/2021,LEE,FL,ASO,ES,Federal Contract Tower,0,2,15,2,19,0,8,46,2,56,0,10,61,4,75,30,0,30,105
02/03/2021,LEE,FL,ASO,ES,Federal Contract Tower,0,6,15,0,21,0,6,65,4,75,0,12,80,4,96,42,0,42,138
02/04/2021,LEE,FL,ASO,ES,Federal Contract Tower,0,2,22,0,24,0,11,109,0,120,0,13,131,0,144,130,0,130,274
02/05/2021,LEE,FL,ASO,ES,Federal Contract Tower,0,0,0,0,0,0,7,10,0,17,0,7,10,0,17,0,0,0,17
02/06/2021,LEE,FL,ASO,ES,Federal Contract Tower,0,3,8,0,11,0,2,16,0,18,0,5,24,0,29,30,0,30,59
02/07/2021,LEE,FL,ASO,ES,Federal Contract Tower,0,0,7,0,7,0,4,49,0,53,0,4,56,0,60,36,0,36,96
02/08/2021,LEE,FL,ASO,ES,Federal Contract Tower,0,4,31,0,35,0,8,49,0,57,0,12,80,0,92,62,0,62,154
02/09/2021,LEE,FL,ASO,ES,Federal Contract Tower,0,0,15,0,15,0,0,46,0,46,0,0,61,0,61,54,0,54,115
02/10/2021,LEE,FL,ASO,ES,Federal Contract Tower,0,0,14,0,14,0,6,63,0,69,0,6,77,0,83,136,0,136,219
02/11/2021,LEE,FL,ASO,ES,Federal Contract Tower,0,0,13,0,13,0,0,0,0,0,0,0,13,0,13,214,0,214,227
02/12/2021,LEE,FL,ASO,ES,Federal Contract Tower,0,0,22,0,22,0,8,73,0,81,0,8,95,0,103,114,0,114,217
02/13/2021,LEE,FL,ASO,ES,Federal Contract Tower,0,0,3,0,3,0,1,24,0,25,0,1,27,0,28,54,0,54,82
02/14/2021,LEE,FL,ASO,ES,Federal Contract Tower,0,0,1,0,1,0,2,8,0,10,0,2,9,0,11,26,0,26,37
02/15/2021,LEE,FL,ASO,ES,Federal Contract Tower,0,2,13,0,15,0,4,19,0,23,0,6,32,0,38,48,0,48,86
02/16/2021,LEE,FL,ASO,ES,Federal Contract Tower,0,0,16,0,16,0,10,32,2,44,0,10,48,2,60,102,0,102,162
02/17/2021,LEE,FL,ASO,ES,Federal Contract Tower,0,6,30,2,38,0,4,32,6,42,0,10,62,8,80,104,0,104,184
02/18/2021,LEE,FL,ASO,ES,Federal Contract Tower,0,0,15,0,15,0,5,69,0,74,0,5,84,0,89,102,0,102,191
02/19/2021,LEE,FL,ASO,ES,Federal Contract Tower,0,3,16,0,19,0,5,5,0,10,0,8,21,0,29,26,0,26,55
02/20/2021,LEE,FL,ASO,ES,Federal Contract Tower,0,2,16,0,18,0,7,115,0,122,0,9,131,0,140,194,0,194,334
02/21/2021,LEE,FL,ASO,ES,Federal Contract Tower,0,0,10,0,10,0,13,58,0,71,0,13,68,0,81,52,0,52,133
02/22/2021,LEE,FL,ASO,ES,Federal Contract Tower,0,0,22,0,22,0,3,90,0,93,0,3,112,0,115,146,0,146,261
02/23/2021,LEE,FL,ASO,ES,Federal Contract Tower,0,6,30,0,36,0,2,92,0,94,0,8,122,0,130,134,0,134,264
02/24/2021,LEE,FL,ASO,ES,Federal Contract Tower,0,2,26,0,28,0,8,80,0,88,0,10,106,0,116,194,0,194,310
02/25/2021,LEE,FL,ASO,ES,Federal Contract Tower,0,10,20,0,30,0,7,124,0,131,0,17,144,0,161,181,0,181,342
02/26/2021,LEE,FL,ASO,ES,Federal Contract Tower,0,0,12,0,12,0,6,95,0,101,0,6,107,0,113,172,0,172,285
02/27/2021,LEE,FL,ASO,ES,Federal Contract Tower,0,2,10,0,12,0,6,77,0,83,0,8,87,0,95,156,0,156,251
02/28/2021,LEE,FL,ASO,ES,Federal Contract Tower,0,4,14,0,18,0,10,64,0,74,0,14,78,0,92,142,0,142,234
03/01/2021,LEE,FL,ASO,ES,Federal Contract Tower,0,1,13,0,14,0,0,46,0,46,0,1,59,0,60,142,0,142,202
03/02/2021,LEE,FL,ASO,ES,Federal Contract Tower,0,1,18,0,19,0,5,45,0,50,0,6,63,0,69,108,0,108,177
03/03/2021,LEE,FL,ASO,ES,Federal Contract Tower,0,0,19,0,19,0,4,35,0,39,0,4,54,0,58,14,0,14,72
03/04/2021,LEE,FL,ASO,ES,Federal Contract Tower,0,1,20,0,21,0,2,77,0,79,0,3,97,0,100,144,0,144,244
03/05/2021,LEE,FL,ASO,ES,Federal Contract Tower,0,2,39,0,41,0,5,116,0,121,0,7,155,0,162,232,0,232,394
03/06/2021,LEE,FL,ASO,ES,Federal Contract Tower,0,0,4,0,4,0,2,10,4,16,0,2,14,4,20,20,0,20,40
03/07/2021,LEE,FL,ASO,ES,Federal Contract Tower,0,3,14,0,17,0,7,49,0,56,0,10,63,0,73,34,0,34,107
03/08/2021,LEE,FL,ASO,ES,Federal Contract Tower,0,2,17,0,19,0,6,78,0,84,0,8,95,0,103,34,0,34,137
03/09/2021,LEE,FL,ASO,ES,Federal Contract Tower,0,1,22,0,23,0,2,73,0,75,0,3,95,0,98,116,0,116,214
03/10/2021,LEE,FL,ASO,ES,Federal Contract Tower,0,8,26,0,34,0,5,79,0,84,0,13,105,0,118,102,0,102,220
03/11/2021,LEE,FL,ASO,ES,Federal Contract Tower,0,2,25,0,27,0,4,85,2,91,0,6,110,2,118,142,0,142,260
03/12/2021,LEE,FL,ASO,ES,Federal Contract Tower,0,2,17,0,19,0,6,97,0,103,0,8,114,0,122,188,0,188,310
03/13/2021,LEE,FL,ASO,ES,Federal Contract Tower,0,3,13,0,16,0,5,65,0,70,0,8,78,0,86,172,0,172,258
03/14/2021,LEE,FL,ASO,ES,Federal Contract Tower,0,1,16,0,17,0,15,60,0,75,0,16,76,0,92,90,0,90,182
03/15/2021,LEE,FL,ASO,ES,Federal Contract Tower,0,0,19,0,19,0,5,66,0,71,0,5,85,0,90,100,0,100,190
03/16/2021,LEE,FL,ASO,ES,Federal Contract Tower,0,1,11,0,12,0,8,81,0,89,0,9,92,0,101,234,4,238,339
03/17/2021,LEE,FL,ASO,ES,Federal Contract Tower,0,5,22,0,27,0,4,78,0,82,0,9,100,0,109,130,0,130,239
03/18/2021,LEE,FL,ASO,ES,Federal Contract Tower,0,0,9,0,9,0,8,9,0,17,0,8,18,0,26,8,0,8,34
03/19/2021,LEE,FL,ASO,ES,Federal Contract Tower,0,3,25,0,28,0,7,66,0,73,0,10,91,0,101,118,0,118,219
03/20/2021,LEE,FL,ASO,ES,Federal Contract Tower,0,1,15,0,16,0,2,22,0,24,0,3,37,0,40,2,0,2,42
03/21/2021,LEE,FL,ASO,ES,Federal Contract Tower,0,1,24,0,25,0,6,19,0,25,0,7,43,0,50,2,0,2,52
03/22/2021,LEE,FL,ASO,ES,Federal Contract Tower,0,3,22,0,25,0,0,1,0,1,0,3,23,0,26,0,0,0,26
03/23/2021,LEE,FL,ASO,ES,Federal Contract Tower,0,1,41,0,42,0,1,72,0,73,0,2,113,0,115,216,0,216,331
03/24/2021,LEE,FL,ASO,ES,Federal Contract Tower,0,3,29,0,32,0,6,94,0,100,0,9,123,0,132,162,0,162,294
03/25/2021,LEE,FL,ASO,ES,Federal Contract Tower,0,4,27,0,31,0,0,118,0,118,0,4,145,0,149,90,0,90,239
03/26/2021,LEE,FL,ASO,ES,Federal Contract Tower,0,0,25,0,25,0,8,78,0,86,0,8,103,0,111,92,0,92,203
03/27/2021,LEE,FL,ASO,ES,Federal Contract Tower,0,1,14,0,15,0,2,112,0,114,0,3,126,0,129,130,0,130,259
03/28/2021,LEE,FL,ASO,ES,Federal Contract Tower,0,0,16,0,16,0,7,48,0,55,0,7,64,0,71,142,0,142,213
03/29/2021,LEE,FL,ASO,ES,Federal Contract Tower,0,0,24,0,24,0,3,67,0,70,0,3,91,0,94,94,0,94,188
03/30/2021,LEE,FL,ASO,ES,Federal Contract Tower,0,0,16,0,16,0,0,60,0,60,0,0,76,0,76,146,0,146,222
03/31/2021,LEE,FL,ASO,ES,Federal Contract Tower,0,1,20,0,21,0,1,69,0,70,0,2,89,0,91,120,0,120,211
04/01/2021,LEE,FL,ASO,ES,Federal Contract Tower,0,1,27,0,28,0,0,39,0,39,0,1,66,0,67,22,0,22,89
04/02/2021,LEE,FL,ASO,ES,Federal Contract Tower,0,4,24,0,28,0,4,39,0,43,0,8,63,0,71,26,0,26,97
04/03/2021,LEE,FL,ASO,ES,Federal Contract Tower,0,2,7,0,9,0,2,73,0,75,0,4,80,0,84,108,0,108,192
04/04/2021,LEE,FL,ASO,ES,Federal Contract Tower,0,0,7,0,7,0,11,52,0,63,0,11,59,0,70,86,0,86,156
04/05/2021,LEE,FL,ASO,ES,Federal Contract Tower,0,1,41,0,42,0,6,82,0,88,0,7,123,0,130,160,0,160,290
04/06/2021,LEE,FL,ASO,ES,Federal Contract Tower,0,8,20,0,28,0,5,78,0,83,0,13,98,0,111,164,0,164,275
04/07/2021,LEE,FL,ASO,ES,Federal Contract Tower,0,3,14,0,17,0,3,73,0,76,0,6,87,0,93,180,0,180,273
04/08/2021,LEE,FL,ASO,ES,Federal Contract Tower,0,2,14,0,16,0,0,130,0,130,0,2,144,0,146,124,0,124,270
04/09/2021,LEE,FL,ASO,ES,Federal Contract Tower,0,6,14,0,20,0,3,108,0,111,0,9,122,0,131,206,0,206,337
04/10/2021,LEE,FL,ASO,ES,Federal Contract Tower,0,0,4,0,4,0,2,65,0,67,0,2,69,0,71,44,0,44,115
04/11/2021,LEE,FL,ASO,ES,Federal Contract Tower,0,2,5,0,7,0,2,4,0,6,0,4,9,0,13,0,0,0,13
04/12/2021,LEE,FL,ASO,ES,Federal Contract Tower,0,3,26,0,29,0,4,71,2,77,0,7,97,2,106,98,0,98,204
04/13/2021,LEE,FL,ASO,ES,Federal Contract Tower,0,2,23,0,25,0,5,88,0,93,0,7,111,0,118,96,0,96,214
04/14/2021,LEE,FL,ASO,ES,Federal Contract Tower,0,5,17,0,22,0,4,75,0,79,0,9,92,0,101,98,0,98,199
04/15/2021,LEE,FL,ASO,ES,Federal Contract Tower,0,3,28,0,31,0,2,81,0,83,0,5,109,0,114,106,0,106,220
04/16/2021,LEE,FL,ASO,ES,Federal Contract Tower,0,2,28,0,30,0,0,71,0,71,0,2,99,0,101,170,0,170,271
04/17/2021,LEE,FL,ASO,ES,Federal Contract Tower,0,0,15,0,15,0,1,19,0,20,0,1,34,0,35,12,0,12,47
04/18/2021,LEE,FL,ASO,ES,Federal Contract Tower,0,6,24,0,30,0,4,49,0,53,0,10,73,0,83,38,0,38,121
04/19/2021,LEE,FL,ASO,ES,Federal Contract Tower,0,1,16,0,17,0,4,13,2,19,0,5,29,2,36,0,1,1,37
04/20/2021,LEE,FL,ASO,ES,Federal Contract Tower,0,1,10,0,11,0,0,0,0,0,0,1,10,0,11,0,0,0,11
04/21/2021,LEE,FL,ASO,ES,Federal Contract Tower,0,4,42,0,46,0,7,97,0,104,0,11,139,0,150,130,0,130,280
04/22/2021,LEE,FL,ASO,ES,Federal Contract Tower,0,3,16,2,21,0,5,124,0,129,0,8,140,2,150,168,0,168,318
04/23/2021,LEE,FL,ASO,ES,Federal Contract Tower,0,2,28,0,30,0,0,80,0,80,0,2,108,0,110,82,0,82,192
04/24/2021,LEE,FL,ASO,ES,Federal Contract Tower,0,1,16,0,17,0,4,33,0,37,0,5,49,0,54,30,0,30,84
04/25/2021,LEE,FL,ASO,ES,Federal Contract Tower,0,0,17,0,17,0,4,29,0,33,0,4,46,0,50,10,0,10,60
04/26/2021,LEE,FL,ASO,ES,Federal Contract Tower,0,3,26,0,29,0,0,81,0,81,0,3,107,0,110,118,0,118,228
04/27/2021,LEE,FL,ASO,ES,Federal Contract Tower,0,4,19,0,23,0,2,91,0,93,0,6,110,0,116,176,0,176,292
04/28/2021,LEE,FL,ASO,ES,Federal Contract Tower,0,2,22,2,26,0,3,84,0,87,0,5,106,2,113,152,0,152,265
04/29/2021,LEE,FL,ASO,ES,Federal Contract Tower,0,5,19,0,24,0,7,84,0,91,0,12,103,0,115,99,0,99,214
04/30/2021,LEE,FL,ASO,ES,Federal Contract Tower,0,0,20,0,20,0,3,89,4,96,0,3,109,4,116,120,0,120,236
05/01/2021,LEE,FL,ASO,ES,Federal Contract Tower,0,4,21,0,25,0,3,87,0,90,0,7,108,0,115,80,0,80,195
05/02/2021,LEE,FL,ASO,ES,Federal Contract Tower,0,3,16,0,19,0,4,42,4,50,0,7,58,4,69,144,0,144,213
05/03/2021,LEE,FL,ASO,ES,Federal Contract Tower,0,0,10,0,10,0,2,61,0,63,0,2,71,0,73,204,0,204,277
05/04/2021,LEE,FL,ASO,ES,Federal Contract Tower,0,2,22,0,24,0,10,78,0,88,0,12,100,0,112,190,0,190,302
05/05/2021,LEE,FL,ASO,ES,Federal Contract Tower,0,3,24,0,27,0,0,88,0,88,0,3,112,0,115,128,0,128,243
05/06/2021,LEE,FL,ASO,ES,Federal Contract Tower,0,1,25,0,26,0,3,37,0,40,0,4,62,0,66,149,0,149,215
05/07/2021,LEE,FL,ASO,ES,Federal Contract Tower,0,2,15,0,17,0,8,108,6,122,0,10,123,6,139,214,0,214,353
05/08/2021,LEE,FL,ASO,ES,Federal Contract Tower,0,2,20,0,22,0,1,77,0,78,0,3,97,0,100,150,0,150,250
05/09/2021,LEE,FL,ASO,ES,Federal Contract Tower,0,1,15,0,16,0,6,44,2,52,0,7,59,2,68,76,0,76,144
05/10/2021,LEE,FL,ASO,ES,Federal Contract Tower,0,3,21,0,24,0,8,66,0,74,0,11,87,0,98,108,0,108,206
05/11/2021,LEE,FL,ASO,ES,Federal Contract Tower,0,2,16,0,18,0,10,71,0,81,0,12,87,0,99,134,0,134,233
05/13/2021,LEE,FL,ASO,ES,Federal Contract Tower,0,0,37,0,37,0,0,17,0,17,0,0,54,0,54,44,0,44,98
05/14/2021,LEE,FL,ASO,ES,Federal Contract Tower,0,5,34,0,39,0,2,89,0,91,0,7,123,0,130,136,0,136,266
05/15/2021,LEE,FL,ASO,ES,Federal Contract Tower,0,0,14,0,14,0,10,80,0,90,0,10,94,0,104,122,0,122,226
05/16/2021,LEE,FL,ASO,ES,Federal Contract Tower,0,0,23,0,23,0,7,46,0,53,0,7,69,0,76,100,0,100,176
05/17/2021,LEE,FL,ASO,ES,Federal Contract Tower,0,2,29,0,31,0,10,102,0,112,0,12,131,0,143,94,0,94,237
05/18/2021,LEE,FL,ASO,ES,Federal Contract Tower,0,9,19,0,28,0,6,58,0,64,0,15,77,0,92,92,0,92,184
05/19/2021,LEE,FL,ASO,ES,Federal Contract Tower,0,0,11,0,11,0,6,67,0,73,0,6,78,0,84,184,0,184,268
05/20/2021,LEE,FL,ASO,ES,Federal Contract Tower,0,3,23,0,26,0,2,69,0,71,0,5,92,0,97,90,0,90,187
05/21/2021,LEE,FL,ASO,ES,Federal Contract Tower,0,0,26,0,26,0,1,72,0,73,0,1,98,0,99,130,0,130,229
05/22/2021,LEE,FL,ASO,ES,Federal Contract Tower,0,0,14,0,14,0,8,72,0,80,0,8,86,0,94,76,0,76,170
05/23/2021,LEE,FL,ASO,ES,Federal Contract Tower,0,4,6,0,10,0,5,78,4,87,0,9,84,4,97,112,0,112,209
05/24/2021,LEE,FL,ASO,ES,Federal Contract Tower,0,3,24,0,27,0,1,84,0,85,0,4,108,0,112,214,0,214,326
05/25/2021,LEE,FL,ASO,ES,Federal Contract Tower,0,3,19,0,22,0,12,104,0,116,0,15,123,0,138,240,0,240,378
05/26/2021,LEE,FL,ASO,ES,Federal Contract Tower,0,2,29,0,31,0,0,101,0,101,0,2,130,0,132,181,0,181,313
05/27/2021,LEE,FL,ASO,ES,Federal Contract Tower,0,1,38,0,39,0,7,104,0,111,0,8,142,0,150,132,0,132,282
05/28/2021,LEE,FL,ASO,ES,Federal Contract Tower,0,0,22,0,22,0,5,67,0,72,0,5,89,0,94,142,0,142,236
05/29/2021,LEE,FL,ASO,ES,Federal Contract Tower,0,0,7,0,7,0,0,0,0,0,0,0,7,0,7,100,0,100,107
05/30/2021,LEE,FL,ASO,ES,Federal Contract Tower,0,0,22,0,22,0,6,41,0,47,0,6,63,0,69,72,0,72,141
05/31/2021,LEE,FL,ASO,ES,Federal Contract Tower,0,2,16,0,18,0,11,47,0,58,0,13,63,0,76,50,0,50,126
06/01/2021,LEE,FL,ASO,ES,Federal Contract Tower,0,1,19,0,20,0,6,86,0,92,0,7,105,0,112,180,0,180,292
06/02/2021,LEE,FL,ASO,ES,Federal Contract Tower,0,1,24,0,25,0,4,47,0,51,0,5,71,0,76,174,0,174,250
06/03/2021,LEE,FL,ASO,ES,Federal Contract Tower,0,0,16,0,16,0,2,56,0,58,0,2,72,0,74,160,0,160,234
06/04/2021,LEE,FL,ASO,ES,Federal Contract Tower,0,2,31,0,33,0,0,41,0,41,0,2,72,0,74,72,0,72,146
06/05/2021,LEE,FL,ASO,ES,Federal Contract Tower,0,1,16,0,17,0,3,40,0,43,0,4,56,0,60,118,0,118,178
06/06/2021,LEE,FL,ASO,ES,Federal Contract Tower,0,0,20,0,20,0,1,49,0,50,0,1,69,0,70,42,0,42,112
06/07/2021,LEE,FL,ASO,ES,Federal Contract Tower,0,0,21,1,22,0,7,60,1,68,0,7,81,2,90,126,12,138,228
06/08/2021,LEE,FL,ASO,ES,Federal Contract Tower,0,0,20,0,20,0,11,83,0,94,0,11,103,0,114,168,0,168,282
06/09/2021,LEE,FL,ASO,ES,Federal Contract Tower,0,0,34,0,34,0,0,116,0,116,0,0,150,0,150,4,0,4,154
06/10/2021,LEE,FL,ASO,ES,Federal Contract Tower,0,1,16,0,17,0,7,110,0,117,0,8,126,0,134,144,0,144,278
06/11/2021,LEE,FL,ASO,ES,Federal Contract Tower,0,2,26,0,28,0,6,92,0,98,0,8,118,0,126,236,0,236,362
06/12/2021,LEE,FL,ASO,ES,Federal Contract Tower,0,0,20,0,20,0,8,56,0,64,0,8,76,0,84,88,0,88,172
06/13/2021,LEE,FL,ASO,ES,Federal Contract Tower,0,0,17,0,17,0,6,20,0,26,0,6,37,0,43,20,0,20,63
06/14/2021,LEE,FL,ASO,ES,Federal Contract Tower,0,2,9,0,11,0,2,34,0,36,0,4,43,0,47,84,0,84,131
06/15/2021,LEE,FL,ASO,ES,Federal Contract Tower,0,0,8,0,8,0,1,19,0,20,0,1,27,0,28,50,0,50,78
06/16/2021,LEE,FL,ASO,ES,Federal Contract Tower,0,0,27,0,27,0,6,67,0,73,0,6,94,0,100,122,0,122,222
06/17/2021,LEE,FL,ASO,ES,Federal Contract Tower,0,1,22,0,23,0,4,72,0,76,0,5,94,0,99,176,0,176,275
06/18/2021,LEE,FL,ASO,ES,Federal Contract Tower,0,1,23,0,24,0,2,86,0,88,0,3,109,0,112,156,0,156,268
06/19/2021,LEE,FL,ASO,ES,Federal Contract Tower,0,0,9,0,9,0,3,59,0,62,0,3,68,0,71,128,0,128,199
06/20/2021,LEE,FL,ASO,ES,Federal Contract Tower,0,1,10,0,11,0,2,38,0,40,0,3,48,0,51,44,0,44,95
06/21/2021,LEE,FL,ASO,ES,Federal Contract Tower,0,2,16,0,18,0,5,56,0,61,0,7,72,0,79,152,0,152,231
06/22/2021,LEE,FL,ASO,ES,Federal Contract Tower,0,0,23,0,23,0,1,67,2,70,0,1,90,2,93,138,6,144,237
06/23/2021,LEE,FL,ASO,ES,Federal Contract Tower,0,4,14,0,18,0,0,79,0,79,0,4,93,0,97,191,0,191,288
06/24/2021,LEE,FL,ASO,ES,Federal Contract Tower,0,0,25,0,25,0,2,67,0,69,0,2,92,0,94,108,0,108,202
06/25/2021,LEE,FL,ASO,ES,Federal Contract Tower,0,1,26,0,27,0,7,30,0,37,0,8,56,0,64,82,0,82,146
06/26/2021,LEE,FL,ASO,ES,Federal Contract Tower,0,0,11,0,11,0,4,69,0,73,0,4,80,0,84,38,0,38,122
06/27/2021,LEE,FL,ASO,ES,Federal Contract Tower,0,3,24,0,27,0,5,63,0,68,0,8,87,0,95,101,0,101,196
06/28/2021,LEE,FL,ASO,ES,Federal Contract Tower,0,0,21,0,21,0,4,64,0,68,0,4,85,0,89,146,0,146,235
06/29/2021,LEE,FL,ASO,ES,Federal Contract Tower,0,1,11,0,12,0,2,45,0,47,0,3,56,0,59,80,0,80,139
06/30/2021,LEE,FL,ASO,ES,Federal Contract Tower,0,0,30,0,30,0,0,46,0,46,0,0,76,0,76,180,0,180,256
07/01/2021,LEE,FL,ASO,ES,Federal Contract Tower,0,1,29,0,30,0,0,64,0,64,0,1,93,0,94,156,0,156,250
07/02/2021,LEE,FL,ASO,ES,Federal Contract Tower,0,2,23,0,25,0,0,25,0,25,0,2,48,0,50,1,0,1,51
07/03/2021,LEE,FL,ASO,ES,Federal Contract Tower,0,0,6,0,6,0,0,6,0,6,0,0,12,0,12,20,0,20,32
07/04/2021,LEE,FL,ASO,ES,Federal Contract Tower,0,2,3,0,5,0,4,7,0,11,0,6,10,0,16,0,0,0,16
07/05/2021,LEE,FL,ASO,ES,Federal Contract Tower,0,0,16,0,16,0,5,49,0,54,0,5,65,0,70,122,0,122,192
07/06/2021,LEE,FL,ASO,ES,Federal Contract Tower,0,0,17,0,17,0,5,30,0,35,0,5,47,0,52,76,0,76,128
07/07/2021,LEE,FL,ASO,ES,Federal Contract Tower,0,1,2,0,3,0,2,2,0,4,0,3,4,0,7,0,0,0,7
07/08/2021,LEE,FL,ASO,ES,Federal Contract Tower,0,3,23,0,26,0,0,29,2,31,0,3,52,2,57,10,0,10,67
07/09/2021,LEE,FL,ASO,ES,Federal Contract Tower,0,1,16,0,17,0,3,80,0,83,0,4,96,0,100,168,0,168,268
07/10/2021,LEE,FL,ASO,ES,Federal Contract Tower,0,6,17,0,23,0,9,94,0,103,0,15,111,0,126,216,0,216,342
07/11/2021,LEE,FL,ASO,ES,Federal Contract Tower,0,6,9,0,15,0,4,102,0,106,0,10,111,0,121,94,0,94,215
07/12/2021,LEE,FL,ASO,ES,Federal Contract Tower,0,2,10,0,12,0,8,70,0,78,0,10,80,0,90,146,0,146,236
07/13/2021,LEE,FL,ASO,ES,Federal Contract Tower,0,3,13,0,16,0,2,73,0,75,0,5,86,0,91,242,0,242,333
07/14/2021,LEE,FL,ASO,ES,Federal Contract Tower,0,0,15,0,15,0,0,56,0,56,0,0,71,0,71,188,0,188,259
07/15/2021,LEE,FL,ASO,ES,Federal Contract Tower,0,2,32,0,34,0,4,105,0,109,0,6,137,0,143,188,0,188,331
07/16/2021,LEE,FL,ASO,ES,Federal Contract Tower,0,0,18,0,18,0,2,133,0,135,0,2,151,0,153,192,0,192,345
07/17/2021,LEE,FL,ASO,ES,Federal Contract Tower,0,1,47,0,48,0,6,68,0,74,0,7,115,0,122,108,0,108,230
07/18/2021,LEE,FL,ASO,ES,Federal Contract Tower,0,1,12,0,13,0,3,47,0,50,0,4,59,0,63,88,0,88,151
07/19/2021,LEE,FL,ASO,ES,Federal Contract Tower,0,0,23,0,23,0,2,51,0,53,0,2,74,0,76,106,0,106,182
07/20/2021,LEE,FL,ASO,ES,Federal Contract Tower,0,0,10,0,10,0,2,87,0,89,0,2,97,0,99,174,0,174,273
07/21/2021,LEE,FL,ASO,ES,Federal Contract Tower,0,1,9,0,10,0,4,73,0,77,0,5,82,0,87,134,0,134,221
07/22/2021,LEE,FL,ASO,ES,Federal Contract Tower,0,0,18,0,18,0,4,74,0,78,0,4,92,0,96,88,0,88,184
07/23/2021,LEE,FL,ASO,ES,Federal Contract Tower,0,2,16,0,18,0,0,50,0,50,0,2,66,0,68,70,0,70,138
07/24/2021,LEE,FL,ASO,ES,Federal Contract Tower,0,1,29,0,30,0,2,40,0,42,0,3,69,0,72,108,0,108,180
07/25/2021,LEE,FL,ASO,ES,Federal Contract Tower,0,6,20,0,26,0,5,51,0,56,0,11,71,0,82,88,0,88,170
07/26/2021,LEE,FL,ASO,ES,Federal Contract Tower,0,4,20,0,24,0,7,62,0,69,0,11,82,0,93,116,0,116,209
07/27/2021,LEE,FL,ASO,ES,Federal Contract Tower,0,0,16,0,16,0,3,50,0,53,0,3,66,0,69,160,0,160,229
07/28/2021,LEE,FL,ASO,ES,Federal Contract Tower,0,11,16,0,27,0,1,51,0,52,0,12,67,0,79,42,0,42,121
07/29/2021,LEE,FL,ASO,ES,Federal Contract Tower,0,6,29,0,35,0,2,39,0,41,0,8,68,0,76,58,0,58,134
07/30/2021,LEE,FL,ASO,ES,Federal Contract Tower,0,1,20,0,21,0,4,39,0,43,0,5,59,0,64,76,0,76,140
07/31/2021,LEE,FL,ASO,ES,Federal Contract Tower,0,1,17,2,20,0,2,51,0,53,0,3,68,2,73,140,0,140,213
08/01/2021,LEE,FL,ASO,ES,Federal Contract Tower,0,3,24,0,27,0,6,58,2,66,0,9,82,2,93,62,0,62,155
08/02/2021,LEE,FL,ASO,ES,Federal Contract Tower,0,0,9,0,9,0,2,27,0,29,0,2,36,0,38,72,0,72,110
08/03/2021,LEE,FL,ASO,ES,Federal Contract Tower,0,0,19,0,19,0,3,23,0,26,0,3,42,0,45,82,0,82,127
08/05/2021,LEE,FL,ASO,ES,Federal Contract Tower,0,0,23,0,23,0,8,50,0,58,0,8,73,0,81,212,0,212,293
08/06/2021,LEE,FL,ASO,ES,Federal Contract Tower,0,2,18,1,21,0,4,102,1,107,0,6,120,2,128,180,0,180,308
08/07/2021,LEE,FL,ASO,ES,Federal Contract Tower,0,2,12,0,14,0,2,67,0,69,0,4,79,0,83,134,0,134,217
08/09/2021,LEE,FL,ASO,ES,Federal Contract Tower,0,6,10,0,16,0,2,47,0,49,0,8,57,0,65,56,0,56,121
08/10/2021,LEE,FL,ASO,ES,Federal Contract Tower,0,0,21,0,21,0,0,68,0,68,0,0,89,0,89,160,0,160,249
08/11/2021,LEE,FL,ASO,ES,Federal Contract Tower,0,3,21,0,24,0,10,85,0,95,0,13,106,0,119,198,0,198,317
08/12/2021,LEE,FL,ASO,ES,Federal Contract Tower,0,2,25,0,27,0,5,88,0,93,0,7,113,0,120,96,0,96,216
08/13/2021,LEE,FL,ASO,ES,Federal Contract Tower,0,0,10,0,10,0,1,64,0,65,0,1,74,0,75,164,0,164,239
08/14/2021,LEE,FL,ASO,ES,Federal Contract Tower,0,3,17,0,20,0,3,31,0,34,0,6,48,0,54,88,0,88,142
08/15/2021,LEE,FL,ASO,ES,Federal Contract Tower,0,0,11,0,11,0,6,42,0,48,0,6,53,0,59,102,0,102,161
08/16/2021,LEE,FL,ASO,ES,Federal Contract Tower,0,0,21,0,21,0,8,38,0,46,0,8,59,0,67,70,0,70,137
08/17/2021,LEE,FL,ASO,ES,Federal Contract Tower,0,2,20,0,22,0,1,80,2,83,0,3,100,2,105,226,24,250,355
08/18/2021,LEE,FL,ASO,ES,Federal Contract Tower,0,2,6,0,8,0,5,53,0,58,0,7,59,0,66,3,0,3,69
08/19/2021,LEE,FL,ASO,ES,Federal Contract Tower,0,2,16,0,18,0,8,65,0,73,0,10,81,0,91,188,0,188,279
08/20/2021,LEE,FL,ASO,ES,Federal Contract Tower,0,0,11,0,11,0,0,61,0,61,0,0,72,0,72,88,0,88,160
08/21/2021,LEE,FL,ASO,ES,Federal Contract Tower,0,0,27,0,27,0,5,65,0,70,0,5,92,0,97,114,0,114,211
08/22/2021,LEE,FL,ASO,ES,Federal Contract Tower,0,1,13,0,14,0,2,61,0,63,0,3,74,0,77,86,0,86,163
08/23/2021,LEE,FL,ASO,ES,Federal Contract Tower,0,0,10,0,10,0,8,51,0,59,0,8,61,0,69,58,0,58,127
08/24/2021,LEE,FL,ASO,ES,Federal Contract Tower,0,0,17,0,17,0,7,72,0,79,0,7,89,0,96,156,0,156,252
08/25/2021,LEE,FL,ASO,ES,Federal Contract Tower,0,6,27,0,33,0,4,64,0,68,0,10,91,0,101,156,0,156,257
08/26/2021,LEE,FL,ASO,ES,Federal Contract Tower,0,14,17,0,31,0,5,46,0,51,0,19,63,0,82,104,0,104,186
08/27/2021,LEE,FL,ASO,ES,Federal Contract Tower,0,0,25,0,25,0,5,35,0,40,0,5,60,0,65,78,0,78,143
08/28/2021,LEE,FL,ASO,ES,Federal Contract Tower,0,2,27,0,29,0,4,48,0,52,0,6,75,0,81,20,0,20,101
08/29/2021,LEE,FL,ASO,ES,Federal Contract Tower,0,0,20,0,20,0,0,36,0,36,0,0,56,0,56,54,0,54,110
08/30/2021,LEE,FL,ASO,ES,Federal Contract Tower,0,1,21,0,22,0,7,50,0,57,0,8,71,0,79,96,0,96,175
08/31/2021,LEE,FL,ASO,ES,Federal Contract Tower,0,0,10,0,10,0,2,82,0,84,0,2,92,0,94,156,0,156,250
09/01/2021,LEE,FL,ASO,ES,Federal Contract Tower,0,0,18,0,18,0,3,0,0,3,0,3,18,0,21,0,0,0,21
09/02/2021,LEE,FL,ASO,ES,Federal Contract Tower,0,3,24,0,27,0,15,54,0,69,0,18,78,0,96,104,0,104,200
09/03/2021,LEE,FL,ASO,ES,Federal Contract Tower,0,0,34,0,34,0,1,69,0,70,0,1,103,0,104,96,0,96,200
09/04/2021,LEE,FL,ASO,ES,Federal Contract Tower,0,5,12,0,17,0,8,76,0,84,0,13,88,0,101,146,0,146,247
09/05/2021,LEE,FL,ASO,ES,Federal Contract Tower,0,3,18,0,21,0,8,32,0,40,0,11,50,0,61,18,0,18,79
09/06/2021,LEE,FL,ASO,ES,Federal Contract Tower,0,0,11,0,11,0,2,58,0,60,0,2,69,0,71,40,0,40,111
09/07/2021,LEE,FL,ASO,ES,Federal Contract Tower,0,3,16,1,20,0,5,34,0,39,0,8,50,1,59,110,0,110,169
09/08/2021,LEE,FL,ASO,ES,Federal Contract Tower,0,0,16,0,16,0,2,46,0,48,0,2,62,0,64,60,0,60,124
09/09/2021,LEE,FL,ASO,ES,Federal Contract Tower,0,0,16,0,16,0,4,7,0,11,0,4,23,0,27,8,0,8,35
09/10/2021,LEE,FL,ASO,ES,Federal Contract Tower,0,6,25,0,31,0,3,65,0,68,0,9,90,0,99,76,0,76,175
09/11/2021,LEE,FL,ASO,ES,Federal Contract Tower,0,3,16,0,19,0,4,50,0,54,0,7,66,0,73,72,0,72,145
09/12/2021,LEE,FL,ASO,ES,Federal Contract Tower,0,5,24,0,29,0,7,25,0,32,0,12,49,0,61,10,0,10,71
09/13/2021,LEE,FL,ASO,ES,Federal Contract Tower,0,2,27,0,29,0,6,80,0,86,0,8,107,0,115,102,2,104,219
09/14/2021,LEE,FL,ASO,ES,Federal Contract Tower,0,2,13,0,15,0,0,72,2,74,0,2,85,2,89,44,0,44,133
09/15/2021,LEE,FL,ASO,ES,Federal Contract Tower,0,1,34,0,35,0,4,66,0,70,0,5,100,0,105,106,0,106,211
09/16/2021,LEE,FL,ASO,ES,Federal Contract Tower,0,11,20,0,31,0,1,61,0,62,0,12,81,0,93,82,0,82,175
09/17/2021,LEE,FL,ASO,ES,Federal Contract Tower,0,3,29,0,32,0,0,41,0,41,0,3,70,0,73,124,0,124,197
09/18/2021,LEE,FL,ASO,ES,Federal Contract Tower,0,2,24,0,26,0,4,41,0,45,0,6,65,0,71,42,0,42,113
09/19/2021,LEE,FL,ASO,ES,Federal Contract Tower,0,4,16,0,20,0,0,40,0,40,0,4,56,0,60,106,0,106,166
09/20/2021,LEE,FL,ASO,ES,Federal Contract Tower,0,3,11,0,14,0,1,30,0,31,0,4,41,0,45,110,0,110,155
09/21/2021,LEE,FL,ASO,ES,Federal Contract Tower,0,0,16,0,16,0,4,66,0,70,0,4,82,0,86,208,0,208,294
09/22/2021,LEE,FL,ASO,ES,Federal Contract Tower,0,0,45,0,45,0,4,38,0,42,0,4,83,0,87,52,0,52,139
09/23/2021,LEE,FL,ASO,ES,Federal Contract Tower,0,4,44,0,48,0,4,89,0,93,0,8,133,0,141,200,0,200,341
09/24/2021,LEE,FL,ASO,ES,Federal Contract Tower,0,0,25,0,25,0,9,89,0,98,0,9,114,0,123,202,0,202,325
09/25/2021,LEE,FL,ASO,ES,Federal Contract Tower,0,0,9,0,9,0,5,71,0,76,0,5,80,0,85,94,0,94,179
09/26/2021,LEE,FL,ASO,ES,Federal Contract Tower,0,0,17,0,17,0,1,76,0,77,0,1,93,0,94,142,0,142,236
09/27/2021,LEE,FL,ASO,ES,Federal Contract Tower,0,5,29,0,34,0,5,82,0,87,0,10,111,0,121,200,0,200,321
09/28/2021,LEE,FL,ASO,ES,Federal Contract Tower,0,1,34,0,35,0,4,85,0,89,0,5,119,0,124,138,0,138,262
09/29/2021,LEE,FL,ASO,ES,Federal Contract Tower,0,0,24,0,24,0,0,77,0,77,0,0,101,0,101,170,0,170,271
09/30/2021,LEE,FL,ASO,ES,Federal Contract Tower,0,3,26,0,29,0,0,79,0,79,0,3,105,0,108,186,0,186,294
10/01/2021,LEE,FL,ASO,ES,Federal Contract Tower,0,1,14,0,15,0,5,73,0,78,0,6,87,0,93,156,0,156,249
10/02/2021,LEE,FL,ASO,ES,Federal Contract Tower,0,1,24,0,25,0,4,68,0,72,0,5,92,0,97,76,0,76,173
10/03/2021,LEE,FL,ASO,ES,Federal Contract Tower,0,1,22,0,23,0,5,84,0,89,0,6,106,0,112,162,0,162,274
10/04/2021,LEE,FL,ASO,ES,Federal Contract Tower,0,1,34,0,35,0,3,73,0,76,0,4,107,0,111,130,0,130,241
10/05/2021,LEE,FL,ASO,ES,Federal Contract Tower,0,4,28,0,32,0,3,74,0,77,0,7,102,0,109,202,0,202,311
10/06/2021,LEE,FL,ASO,ES,Federal Contract Tower,0,1,26,0,27,0,1,87,0,88,0,2,113,0,115,194,0,194,309
10/07/2021,LEE,FL,ASO,ES,Federal Contract Tower,0,0,24,0,24,0,4,74,0,78,0,4,98,0,102,170,0,170,272
10/08/2021,LEE,FL,ASO,ES,Federal Contract Tower,0,0,35,0,35,0,0,39,0,39,0,0,74,0,74,132,0,132,206
10/09/2021,LEE,FL,ASO,ES,Federal Contract Tower,0,2,17,0,19,0,2,43,0,45,0,4,60,0,64,12,0,12,76
10/10/2021,LEE,FL,ASO,ES,Federal Contract Tower,0,2,8,0,10,0,10,39,0,49,0,12,47,0,59,70,0,70,129
10/11/2021,LEE,FL,ASO,ES,Federal Contract Tower,0,0,18,0,18,0,10,73,0,83,0,10,91,0,101,138,0,138,239
10/12/2021,LEE,FL,ASO,ES,Federal Contract Tower,0,1,36,0,37,0,8,84,0,92,0,9,120,0,129,180,0,180,309
10/13/2021,LEE,FL,ASO,ES,Federal Contract Tower,0,5,26,0,31,0,5,80,0,85,0,10,106,0,116,256,0,256,372
10/14/2021,LEE,FL,ASO,ES,Federal Contract Tower,0,0,22,0,22,0,7,74,0,81,0,7,96,0,103,144,0,144,247
10/15/2021,LEE,FL,ASO,ES,Federal Contract Tower,0,0,11,0,11,0,5,86,0,91,0,5,97,0,102,100,0,100,202
10/16/2021,LEE,FL,ASO,ES,Federal Contract Tower,0,0,13,0,13,0,14,69,0,83,0,14,82,0,96,70,0,70,166
10/17/2021,LEE,FL,ASO,ES,Federal Contract Tower,0,0,12,0,12,0,1,44,0,45,0,1,56,0,57,78,0,78,135
10/18/2021,LEE,FL,ASO,ES,Federal Contract Tower,0,2,28,0,30,0,1,63,0,64,0,3,91,0,94,92,0,92,186
10/19/2021,LEE,FL,ASO,ES,Federal Contract Tower,0,0,23,0,23,0,4,66,0,70,0,4,89,0,93,126,0,126,219
10/20/2021,LEE,FL,ASO,ES,Federal Contract Tower,0,1,20,0,21,0,2,50,1,53,0,3,70,1,74,140,10,150,224
10/21/2021,LEE,FL,ASO,ES,Federal Contract Tower,0,0,24,0,24,0,1,72,0,73,0,1,96,0,97,130,0,130,227
10/22/2021,LEE,FL,ASO,ES,Federal Contract Tower,0,0,29,0,29,0,2,72,0,74,0,2,101,0,103,130,0,130,233
10/23/2021,LEE,FL,ASO,ES,Federal Contract Tower,0,0,16,0,16,0,1,61,0,62,0,1,77,0,78,98,0,98,176
10/24/2021,LEE,FL,ASO,ES,Federal Contract Tower,0,2,18,0,20,0,7,52,0,59,0,9,70,0,79,64,0,64,143
10/25/2021,LEE,FL,ASO,ES,Federal Contract Tower,0,0,20,0,20,0,2,52,0,54,0,2,72,0,74,78,0,78,152
10/26/2021,LEE,FL,ASO,ES,Federal Contract Tower,0,0,36,0,36,0,8,55,0,63,0,8,91,0,99,74,0,74,173
10/27/2021,LEE,FL,ASO,ES,Federal Contract Tower,0,0,34,0,34,0,3,112,0,115,0,3,146,0,149,158,0,158,307
10/28/2021,LEE,FL,ASO,ES,Federal Contract Tower,0,4,22,0,26,0,2,4,0,6,0,6,26,0,32,16,0,16,48
10/29/2021,LEE,FL,ASO,ES,Federal Contract Tower,0,2,40,0,42,0,2,55,0,57,0,4,95,0,99,86,0,86,185
10/30/2021,LEE,FL,ASO,ES,Federal Contract Tower,0,7,11,0,18,0,8,43,0,51,0,15,54,0,69,30,0,30,99
10/31/2021,LEE,FL,ASO,ES,Federal Contract Tower,0,1,27,0,28,0,5,55,0,60,0,6,82,0,88,86,0,86,174
11/01/2021,LEE,FL,ASO,ES,Federal Contract Tower,0,2,40,0,42,0,8,88,0,96,0,10,128,0,138,156,0,156,294
11/02/2021,LEE,FL,ASO,ES,Federal Contract Tower,0,1,31,0,32,0,1,86,2,89,0,2,117,2,121,155,8,163,284
11/03/2021,LEE,FL,ASO,ES,Federal Contract Tower,0,2,28,0,30,0,3,82,0,85,0,5,110,0,115,232,0,232,347
11/04/2021,LEE,FL,ASO,ES,Federal Contract Tower,0,1,40,0,41,0,2,48,0,50,0,3,88,0,91,160,0,160,251
11/05/2021,LEE,FL,ASO,ES,Federal Contract Tower,0,0,4,0,4,0,0,0,0,0,0,0,4,0,4,0,0,0,4
11/06/2021,LEE,FL,ASO,ES,Federal Contract Tower,0,0,21,0,21,0,0,1,0,1,0,0,22,0,22,0,0,0,22
11/07/2021,LEE,FL,ASO,ES,Federal Contract Tower,0,2,32,0,34,0,10,72,0,82,0,12,104,0,116,134,0,134,250
11/08/2021,LEE,FL,ASO,ES,Federal Contract Tower,0,9,28,0,37,0,13,97,0,110,0,22,125,0,147,120,0,120,267
11/09/2021,LEE,FL,ASO,ES,Federal Contract Tower,0,3,39,0,42,0,3,91,0,94,0,6,130,0,136,120,0,120,256
11/10/2021,LEE,FL,ASO,ES,Federal Contract Tower,0,0,34,0,34,0,5,90,0,95,0,5,124,0,129,254,0,254,383
11/11/2021,LEE,FL,ASO,ES,Federal Contract Tower,0,3,32,0,35,0,3,72,0,75,0,6,104,0,110,220,0,220,330
11/12/2021,LEE,FL,ASO,ES,Federal Contract Tower,0,0,47,0,47,0,3,24,0,27,0,3,71,0,74,116,0,116,190
11/13/2021,LEE,FL,ASO,ES,Federal Contract Tower,0,0,18,0,18,0,2,32,0,34,0,2,50,0,52,32,0,32,84
11/14/2021,LEE,FL,ASO,ES,Federal Contract Tower,0,1,10,0,11,0,12,49,0,61,0,13,59,0,72,70,0,70,142
11/15/2021,LEE,FL,ASO,ES,Federal Contract Tower,0,2,21,0,23,0,8,81,0,89,0,10,102,0,112,120,0,120,232
11/16/2021,LEE,FL,ASO,ES,Federal Contract Tower,0,2,35,0,37,0,7,81,0,88,0,9,116,0,125,192,0,192,317
11/17/2021,LEE,FL,ASO,ES,Federal Contract Tower,0,0,32,2,34,0,3,97,4,104,0,3,129,6,138,166,0,166,304
11/18/2021,LEE,FL,ASO,ES,Federal Contract Tower,0,3,47,2,52,0,4,44,0,48,0,7,91,2,100,174,0,174,274
11/19/2021,LEE,FL,ASO,ES,Federal Contract Tower,0,1,38,0,39,0,1,64,0,65,0,2,102,0,104,58,0,58,162
11/20/2021,LEE,FL,ASO,ES,Federal Contract Tower,0,3,18,0,21,0,6,10,0,16,0,9,28,0,37,18,0,18,55
11/21/2021,LEE,FL,ASO,ES,Federal Contract Tower,0,3,9,0,12,0,2,36,2,40,0,5,45,2,52,86,2,88,140
11/22/2021,LEE,FL,ASO,ES,Federal Contract Tower,0,6,33,0,39,0,4,51,0,55,0,10,84,0,94,66,0,66,160
11/23/2021,LEE,FL,ASO,ES,Federal Contract Tower,0,0,38,0,38,0,4,71,0,75,0,4,109,0,113,50,0,50,163
11/24/2021,LEE,FL,ASO,ES,Federal Contract Tower,0,0,49,0,49,0,3,94,0,97,0,3,143,0,146,144,0,144,290
11/25/2021,LEE,FL,ASO,ES,Federal Contract Tower,0,0,7,0,7,0,6,19,0,25,0,6,26,0,32,18,0,18,50
11/26/2021,LEE,FL,ASO,ES,Federal Contract Tower,0,2,17,0,19,0,0,70,0,70,0,2,87,0,89,132,0,132,221
11/27/2021,LEE,FL,ASO,ES,Federal Contract Tower,0,11,2,0,13,0,8,59,0,67,0,19,61,0,80,62,0,62,142
11/28/2021,LEE,FL,ASO,ES,Federal Contract Tower,0,1,16,0,17,0,6,71,0,77,0,7,87,0,94,108,0,108,202
11/29/2021,LEE,FL,ASO,ES,Federal Contract Tower,0,0,30,0,30,0,4,86,2,92,0,4,116,2,122,238,14,252,374
11/30/2021,LEE,FL,ASO,ES,Federal Contract Tower,0,6,16,1,23,0,4,78,1,83,0,10,94,2,106,110,20,130,236
12/01/2021,LEE,FL,ASO,ES,Federal Contract Tower,0,7,38,0,45,0,7,71,0,78,0,14,109,0,123,152,0,152,275
12/02/2021,LEE,FL,ASO,ES,Federal Contract Tower,0,2,30,0,32,0,8,83,0,91,0,10,113,0,123,94,0,94,217
12/03/2021,LEE,FL,ASO,ES,Federal Contract Tower,0,0,31,0,31,0,5,90,0,95,0,5,121,0,126,230,0,230,356
12/04/2021,LEE,FL,ASO,ES,Federal Contract Tower,0,0,9,0,9,0,1,71,0,72,0,1,80,0,81,116,0,116,197
12/05/2021,LEE,FL,ASO,ES,Federal Contract Tower,0,0,13,0,13,0,8,69,0,77,0,8,82,0,90,78,0,78,168
12/06/2021,LEE,FL,ASO,ES,Federal Contract Tower,0,8,26,0,34,0,4,63,0,67,0,12,89,0,101,228,0,228,329
12/07/2021,LEE,FL,ASO,ES,Federal Contract Tower,0,3,31,0,34,0,6,23,0,29,0,9,54,0,63,102,0,102,165
12/08/2021,LEE,FL,ASO,ES,Federal Contract Tower,0,9,28,0,37,0,5,76,0,81,0,14,104,0,118,128,0,128,246
12/09/2021,LEE,FL,ASO,ES,Federal Contract Tower,0,0,34,0,34,0,9,47,0,56,0,9,81,0,90,94,0,94,184
12/10/2021,LEE,FL,ASO,ES,Federal Contract Tower,0,2,29,0,31,0,7,95,0,102,0,9,124,0,133,226,0,226,359
12/11/2021,LEE,FL,ASO,ES,Federal Contract Tower,0,0,11,0,11,0,2,56,0,58,0,2,67,0,69,86,0,86,155
12/12/2021,LEE,FL,ASO,ES,Federal Contract Tower,0,1,13,0,14,0,2,30,0,32,0,3,43,0,46,76,0,76,122
12/13/2021,LEE,FL,ASO,ES,Federal Contract Tower,0,7,26,0,33,0,11,93,2,106,0,18,119,2,139,142,0,142,281
12/14/2021,LEE,FL,ASO,ES,Federal Contract Tower,0,3,24,0,27,0,6,17,0,23,0,9,41,0,50,36,0,36,86
12/15/2021,LEE,FL,ASO,ES,Federal Contract Tower,0,6,24,0,30,0,2,36,0,38,0,8,60,0,68,62,0,62,130
12/16/2021,LEE,FL,ASO,ES,Federal Contract Tower,0,4,24,0,28,0,1,72,0,73,0,5,96,0,101,150,0,150,251
12/17/2021,LEE,FL,ASO,ES,Federal Contract Tower,0,3,35,0,38,0,11,113,0,124,0,14,148,0,162,138,0,138,300
12/18/2021,LEE,FL,ASO,ES,Federal Contract Tower,0,1,15,0,16,0,3,79,0,82,0,4,94,0,98,128,0,128,226
12/19/2021,LEE,FL,ASO,ES,Federal Contract Tower,0,2,9,0,11,0,4,21,0,25,0,6,30,0,36,40,0,40,76
12/20/2021,LEE,FL,ASO,ES,Federal Contract Tower,0,3,29,0,32,0,0,9,0,9,0,3,38,0,41,0,0,0,41
12/21/2021,LEE,FL,ASO,ES,Federal Contract Tower,0,0,12,0,12,0,0,1,0,1,0,0,13,0,13,0,0,0,13
12/22/2021,LEE,FL,ASO,ES,Federal Contract Tower,0,5,31,0,36,0,1,70,0,71,0,6,101,0,107,116,0,116,223
12/23/2021,LEE,FL,ASO,ES,Federal Contract Tower,0,3,26,0,29,0,2,99,0,101,0,5,125,0,130,212,0,212,342
12/24/2021,LEE,FL,ASO,ES,Federal Contract Tower,0,0,4,0,4,0,12,52,0,64,0,12,56,0,68,70,0,70,138
12/25/2021,LEE,FL,ASO,ES,Federal Contract Tower,0,1,4,0,5,0,2,18,0,20,0,3,22,0,25,0,0,0,25
12/26/2021,LEE,FL,ASO,ES,Federal Contract Tower,0,3,20,0,23,0,9,49,0,58,0,12,69,0,81,32,0,32,113
12/27/2021,LEE,FL,ASO,ES,Federal Contract Tower,0,4,17,0,21,0,3,74,0,77,0,7,91,0,98,90,0,90,188
12/28/2021,LEE,FL,ASO,ES,Federal Contract Tower,0,1,24,0,25,0,6,108,0,114,0,7,132,0,139,148,0,148,287
12/29/2021,LEE,FL,ASO,ES,Federal Contract Tower,0,0,12,0,12,0,2,103,0,105,0,2,115,0,117,182,0,182,299
12/30/2021,LEE,FL,ASO,ES,Federal Contract Tower,0,2,31,0,33,0,2,35,0,37,0,4,66,0,70,28,0,28,98
12/31/2021,LEE,FL,ASO,ES,Federal Contract Tower,0,2,20,0,22,0,5,36,0,41,0,7,56,0,63,18,0,18,81
01/01/2022,LEE,FL,ASO,ES,Federal Contract Tower,0,0,12,0,12,0,4,23,0,27,0,4,35,0,39,8,0,8,47
01/02/2022,LEE,FL,ASO,ES,Federal Contract Tower,0,1,13,0,14,0,4,43,0,47,0,5,56,0,61,76,0,76,137
01/03/2022,LEE,FL,ASO,ES,Federal Contract Tower,0,1,22,0,23,0,2,47,0,49,0,3,69,0,72,164,0,164,236
01/04/2022,LEE,FL,ASO,ES,Federal Contract Tower,0,0,27,0,27,0,6,78,0,84,0,6,105,0,111,254,0,254,365
01/05/2022,LEE,FL,ASO,ES,Federal Contract Tower,0,4,15,0,19,0,5,73,0,78,0,9,88,0,97,166,0,166,263
01/06/2022,LEE,FL,ASO,ES,Federal Contract Tower,0,6,31,0,37,0,4,97,0,101,0,10,128,0,138,172,0,172,310
01/07/2022,LEE,FL,ASO,ES,Federal Contract Tower,0,0,39,0,39,0,12,99,0,111,0,12,138,0,150,193,0,193,343
01/08/2022,LEE,FL,ASO,ES,Federal Contract Tower,0,1,7,0,8,0,1,83,0,84,0,2,90,0,92,86,0,86,178
01/09/2022,LEE,FL,ASO,ES,Federal Contract Tower,0,2,9,0,11,0,4,68,0,72,0,6,77,0,83,168,0,168,251
01/10/2022,LEE,FL,ASO,ES,Federal Contract Tower,0,0,19,0,19,0,2,42,0,44,0,2,61,0,63,98,0,98,161
01/11/2022,LEE,FL,ASO,ES,Federal Contract Tower,0,0,21,0,21,0,1,86,0,87,0,1,107,0,108,64,0,64,172
01/12/2022,LEE,FL,ASO,ES,Federal Contract Tower,0,1,23,0,24,0,1,92,0,93,0,2,115,0,117,168,0,168,285
01/13/2022,LEE,FL,ASO,ES,Federal Contract Tower,0,7,27,0,34,0,4,86,0,90,0,11,113,0,124,128,0,128,252
01/14/2022,LEE,FL,ASO,ES,Federal Contract Tower,0,0,16,0,16,0,4,113,0,117,0,4,129,0,133,146,0,146,279
01/15/2022,LEE,FL,ASO,ES,Federal Contract Tower,0,0,18,0,18,0,6,96,0,102,0,6,114,0,120,128,0,128,248
01/16/2022,LEE,FL,ASO,ES,Federal Contract Tower,0,3,2,0,5,0,5,4,0,9,0,8,6,0,14,0,0,0,14
01/17/2022,LEE,FL,ASO,ES,Federal Contract Tower,0,9,16,0,25,0,6,61,0,67,0,15,77,0,92,74,0,74,166
01/18/2022,LEE,FL,ASO,ES,Federal Contract Tower,0,1,16,2,19,0,3,88,0,91,0,4,104,2,110,246,0,246,356
01/19/2022,LEE,FL,ASO,ES,Federal Contract Tower,0,3,20,0,23,0,12,113,0,125,0,15,133,0,148,176,0,176,324
01/20/2022,LEE,FL,ASO,ES,Federal Contract Tower,0,2,24,0,26,0,2,79,2,83,0,4,103,2,109,132,0,132,241
01/21/2022,LEE,FL,ASO,ES,Federal Contract Tower,0,0,19,0,19,0,3,50,0,53,0,3,69,0,72,112,0,112,184
01/22/2022,LEE,FL,ASO,ES,Federal Contract Tower,0,1,12,0,13,0,0,0,0,0,0,1,12,0,13,0,0,0,13
01/23/2022,LEE,FL,ASO,ES,Federal Contract Tower,0,4,27,0,31,0,0,66,0,66,0,4,93,0,97,68,0,68,165
01/24/2022,LEE,FL,ASO,ES,Federal Contract Tower,0,2,18,0,20,0,16,101,0,117,0,18,119,0,137,134,0,134,271
01/25/2022,LEE,FL,ASO,ES,Federal Contract Tower,0,0,10,0,10,0,6,26,0,32,0,6,36,0,42,58,0,58,100
01/26/2022,LEE,FL,ASO,ES,Federal Contract Tower,0,2,29,0,31,0,0,7,0,7,0,2,36,0,38,24,0,24,62
01/27/2022,LEE,FL,ASO,ES,Federal Contract Tower,0,0,42,0,42,0,4,22,0,26,0,4,64,0,68,3,0,3,71
01/28/2022,LEE,FL,ASO,ES,Federal Contract Tower,0,4,42,0,46,0,2,82,0,84,0,6,124,0,130,174,0,174,304
01/29/2022,LEE,FL,ASO,ES,Federal Contract Tower,0,1,6,0,7,0,0,47,0,47,0,1,53,0,54,120,0,120,174
01/30/2022,LEE,FL,ASO,ES,Federal Contract Tower,0,3,12,0,15,0,1,100,0,101,0,4,112,0,116,182,0,182,298
01/31/2022,LEE,FL,ASO,ES,Federal Contract Tower,0,0,18,0,18,0,8,109,0,117,0,8,127,0,135,264,0,264,399
02/01/2022,LEE,FL,ASO,ES,Federal Contract Tower,0,0,29,0,29,0,6,113,0,119,0,6,142,0,148,200,0,200,348
02/02/2022,LEE,FL,ASO,ES,Federal Contract Tower,0,2,19,0,21,0,5,80,0,85,0,7,99,0,106,136,0,136,242
02/03/2022,LEE,FL,ASO,ES,Federal Contract Tower,0,2,25,4,31,0,8,113,0,121,0,10,138,4,152,186,0,186,338
02/04/2022,LEE,FL,ASO,ES,Federal Contract Tower,0,0,14,0,14,0,6,147,0,153,0,6,161,0,167,120,0,120,287
02/05/2022,LEE,FL,ASO,ES,Federal Contract Tower,0,1,12,0,13,0,13,51,0,64,0,14,63,0,77,46,0,46,123
02/06/2022,LEE,FL,ASO,ES,Federal Contract Tower,0,3,11,0,14,0,0,0,0,0,0,3,11,0,14,0,0,0,14
02/07/2022,LEE,FL,ASO,ES,Federal Contract Tower,0,2,36,0,38,0,2,45,0,47,0,4,81,0,85,30,0,30,115
02/08/2022,LEE,FL,ASO,ES,Federal Contract Tower,0,1,19,0,20,0,0,1,0,1,0,1,20,0,21,0,0,0,21
02/09/2022,LEE,FL,ASO,ES,Federal Contract Tower,0,1,25,0,26,0,9,143,0,152,0,10,168,0,178,188,0,188,366
02/10/2022,LEE,FL,ASO,ES,Federal Contract Tower,0,1,32,0,33,0,9,135,0,144,0,10,167,0,177,180,0,180,357
02/11/2022,LEE,FL,ASO,ES,Federal Contract Tower,0,3,33,0,36,0,7,121,0,128,0,10,154,0,164,238,0,238,402
02/12/2022,LEE,FL,ASO,ES,Federal Contract Tower,0,0,8,0,8,0,16,147,0,163,0,16,155,0,171,244,0,244,415
02/13/2022,LEE,FL,ASO,ES,Federal Contract Tower,0,0,13,0,13,0,9,54,0,63,0,9,67,0,76,86,0,86,162
02/14/2022,LEE,FL,ASO,ES,Federal Contract Tower,0,11,11,0,22,0,8,75,0,83,0,19,86,0,105,94,0,94,199
02/15/2022,LEE,FL,ASO,ES,Federal Contract Tower,0,4,25,0,29,0,9,106,0,115,0,13,131,0,144,140,0,140,284
02/16/2022,LEE,FL,ASO,ES,Federal Contract Tower,0,0,36,0,36,0,6,96,8,110,0,6,132,8,146,158,0,158,304
02/17/2022,LEE,FL,ASO,ES,Federal Contract Tower,0,1,26,0,27,0,5,62,0,67,0,6,88,0,94,188,0,188,282
02/18/2022,LEE,FL,ASO,ES,Federal Contract Tower,0,4,31,0,35,0,3,69,4,76,0,7,100,4,111,192,0,192,303
02/19/2022,LEE,FL,ASO,ES,Federal Contract Tower,0,0,16,0,16,0,3,78,0,81,0,3,94,0,97,44,0,44,141
02/20/2022,LEE,FL,ASO,ES,Federal Contract Tower,0,4,21,0,25,0,0,79,0,79,0,4,100,0,104,126,0,126,230
02/21/2022,LEE,FL,ASO,ES,Federal Contract Tower,0,5,21,0,26,0,6,120,0,126,0,11,141,0,152,144,0,144,296
02/22/2022,LEE,FL,ASO,ES,Federal Contract Tower,0,4,27,0,31,0,2,140,0,142,0,6,167,0,173,190,0,190,363
02/23/2022,LEE,FL,ASO,ES,Federal Contract Tower,0,1,11,0,12,0,0,65,0,65,0,1,76,0,77,142,0,142,219
02/24/2022,LEE,FL,ASO,ES,Federal Contract Tower,0,3,33,0,36,0,10,116,0,126,0,13,149,0,162,182,0,182,344
02/25/2022,LEE,FL,ASO,ES,Federal Contract Tower,0,3,28,0,31,0,2,86,0,88,0,5,114,0,119,188,0,188,307
02/26/2022,LEE,FL,ASO,ES,Federal Contract Tower,0,5,12,0,17,0,9,101,0,110,0,14,113,0,127,130,0,130,257
02/27/2022,LEE,FL,ASO,ES,Federal Contract Tower,0,4,14,0,18,0,6,106,0,112,0,10,120,0,130,148,0,148,278
02/28/2022,LEE,FL,ASO,ES,Federal Contract Tower,0,2,57,2,61,0,0,33,0,33,0,2,90,2,94,54,0,54,148
03/01/2022,LEE,FL,ASO,ES,Federal Contract Tower,0,3,55,0,58,0,0,79,0,79,0,3,134,0,137,111,0,111,248
03/02/2022,LEE,FL,ASO,ES,Federal Contract Tower,0,1,22,2,25,0,6,132,0,138,0,7,154,2,163,320,0,320,483
03/03/2022,LEE,FL,ASO,ES,Federal Contract Tower,0,4,29,0,33,0,2,123,0,125,0,6,152,0,158,74,0,74,232
03/04/2022,LEE,FL,ASO,ES,Federal Contract Tower,0,4,26,0,30,0,3,117,0,120,0,7,143,0,150,152,0,152,302
03/05/2022,LEE,FL,ASO,ES,Federal Contract Tower,0,1,17,0,18,0,6,88,0,94,0,7,105,0,112,98,0,98,210
03/06/2022,LEE,FL,ASO,ES,Federal Contract Tower,0,1,17,0,18,0,17,71,0,88,0,18,88,0,106,116,0,116,222
03/07/2022,LEE,FL,ASO,ES,Federal Contract Tower,0,1,23,0,24,0,0,88,0,88,0,1,111,0,112,222,0,222,334
03/08/2022,LEE,FL,ASO,ES,Federal Contract Tower,0,1,26,0,27,0,7,40,0,47,0,8,66,0,74,80,0,80,154
03/09/2022,LEE,FL,ASO,ES,Federal Contract Tower,0,3,31,0,34,0,7,7,0,14,0,10,38,0,48,46,0,46,94
03/10/2022,LEE,FL,ASO,ES,Federal Contract Tower,0,4,12,0,16,0,0,20,0,20,0,4,32,0,36,38,0,38,74
03/11/2022,LEE,FL,ASO,ES,Federal Contract Tower,0,1,39,0,40,0,1,52,0,53,0,2,91,0,93,56,0,56,149
03/12/2022,LEE,FL,ASO,ES,Federal Contract Tower,0,0,1,0,1,0,4,5,0,9,0,4,6,0,10,2,0,2,12
03/13/2022,LEE,FL,ASO,ES,Federal Contract Tower,0,7,28,0,35,0,3,90,0,93,0,10,118,0,128,116,0,116,244
03/14/2022,LEE,FL,ASO,ES,Federal Contract Tower,0,0,26,0,26,0,8,0,111,119,0,8,26,111,145,160,0,160,305
03/15/2022,LEE,FL,ASO,ES,Federal Contract Tower,0,0,13,0,13,0,3,64,0,67,0,3,77,0,80,138,0,138,218
03/16/2022,LEE,FL,ASO,ES,Federal Contract Tower,0,0,12,0,12,0,3,17,10,30,0,3,29,10,42,52,0,52,94
03/17/2022,LEE,FL,ASO,ES,Federal Contract Tower,0,1,40,0,41,0,9,102,0,111,0,10,142,0,152,172,0,172,324
03/18/2022,LEE,FL,ASO,ES,Federal Contract Tower,0,5,23,0,28,0,6,100,0,106,0,11,123,0,134,182,0,182,316
03/19/2022,LEE,FL,ASO,ES,Federal Contract Tower,0,3,14,0,17,0,1,140,0,141,0,4,154,0,158,162,0,162,320
03/20/2022,LEE,FL,ASO,ES,Federal Contract Tower,0,0,15,0,15,0,3,63,0,66,0,3,78,0,81,84,0,84,165
03/21/2022,LEE,FL,ASO,ES,Federal Contract Tower,0,0,31,0,31,0,5,103,0,108,0,5,134,0,139,162,0,162,301
03/22/2022,LEE,FL,ASO,ES,Federal Contract Tower,0,3,21,0,24,0,3,114,0,117,0,6,135,0,141,216,0,216,357
03/23/2022,LEE,FL,ASO,ES,Federal Contract Tower,0,0,23,0,23,0,2,43,0,45,0,2,66,0,68,124,0,124,192
03/24/2022,LEE,FL,ASO,ES,Federal Contract Tower,0,3,10,0,13,0,0,4,0,4,0,3,14,0,17,0,0,0,17
03/25/2022,LEE,FL,ASO,ES,Federal Contract Tower,0,3,36,0,39,0,2,128,0,130,0,5,164,0,169,194,0,194,363
03/26/2022,LEE,FL,ASO,ES,Federal Contract Tower,0,4,11,0,15,0,5,107,0,112,0,9,118,0,127,126,0,126,253
03/27/2022,LEE,FL,ASO,ES,Federal Contract Tower,0,0,20,0,20,0,11,125,0,136,0,11,145,0,156,252,0,252,408
03/28/2022,LEE,FL,ASO,ES,Federal Contract Tower,0,4,28,0,32,0,7,115,0,122,0,11,143,0,154,288,0,288,442
03/29/2022,LEE,FL,ASO,ES,Federal Contract Tower,0,0,45,4,49,0,0,103,0,103,0,0,148,4,152,152,0,152,304
03/30/2022,LEE,FL,ASO,ES,Federal Contract Tower,0,0,21,2,23,0,2,75,0,77,0,2,96,2,100,146,0,146,246
03/31/2022,LEE,FL,ASO,ES,Federal Contract Tower,0,2,21,0,23,0,8,34,0,42,0,10,55,0,65,66,0,66,131
04/01/2022,LEE,FL,ASO,ES,Federal Contract Tower,0,1,13,0,14,0,3,61,0,64,0,4,74,0,78,74,0,74,152
04/02/2022,LEE,FL,ASO,ES,Federal Contract Tower,0,0,10,0,10,0,0,20,0,20,0,0,30,0,30,54,0,54,84
04/03/2022,LEE,FL,ASO,ES,Federal Contract Tower,0,4,14,0,18,0,6,78,0,84,0,10,92,0,102,212,0,212,314
04/04/2022,LEE,FL,ASO,ES,Federal Contract Tower,0,2,25,0,27,0,5,111,0,116,0,7,136,0,143,262,0,262,405
04/05/2022,LEE,FL,ASO,ES,Federal Contract Tower,0,3,43,0,46,0,4,30,0,34,0,7,73,0,80,28,0,28,108
04/06/2022,LEE,FL,ASO,ES,Federal Contract Tower,0,8,36,0,44,0,5,54,0,59,0,13,90,0,103,134,0,134,237
04/07/2022,LEE,FL,ASO,ES,Federal Contract Tower,0,4,27,0,31,0,0,7,0,7,0,4,34,0,38,0,0,0,38
04/08/2022,LEE,FL,ASO,ES,Federal Contract Tower,0,7,31,0,38,0,8,80,0,88,0,15,111,0,126,98,0,98,224
04/09/2022,LEE,FL,ASO,ES,Federal Contract Tower,0,1,9,0,10,0,5,65,0,70,0,6,74,0,80,120,0,120,200
04/10/2022,LEE,FL,ASO,ES,Federal Contract Tower,0,0,17,0,17,0,7,118,0,125,0,7,135,0,142,228,0,228,370
04/11/2022,LEE,FL,ASO,ES,Federal Contract Tower,0,5,7,1,13,0,10,106,1,117,0,15,113,2,130,224,4,228,358
04/12/2022,LEE,FL,ASO,ES,Federal Contract Tower,0,0,15,0,15,0,10,95,0,105,0,10,110,0,120,244,0,244,364
04/13/2022,LEE,FL,ASO,ES,Federal Contract Tower,0,1,23,0,24,0,2,85,0,87,0,3,108,0,111,262,0,262,373
04/14/2022,LEE,FL,ASO,ES,Federal Contract Tower,0,2,17,0,19,0,11,58,0,69,0,13,75,0,88,202,0,202,290
04/15/2022,LEE,FL,ASO,ES,Federal Contract Tower,0,0,27,0,27,0,5,56,0,61,0,5,83,0,88,62,0,62,150
04/16/2022,LEE,FL,ASO,ES,Federal Contract Tower,0,3,15,0,18,0,5,68,0,73,0,8,83,0,91,100,0,100,191
04/17/2022,LEE,FL,ASO,ES,Federal Contract Tower,0,0,10,0,10,0,5,52,0,57,0,5,62,0,67,74,0,74,141
04/18/2022,LEE,FL,ASO,ES,Federal Contract Tower,0,0,24,0,24,0,3,73,0,76,0,3,97,0,100,136,0,136,236
04/19/2022,LEE,FL,ASO,ES,Federal Contract Tower,0,2,16,0,18,0,10,86,0,96,0,12,102,0,114,198,0,198,312
04/20/2022,LEE,FL,ASO,ES,Federal Contract Tower,0,5,22,0,27,0,2,89,0,91,0,7,111,0,118,106,0,106,224
04/21/2022,LEE,FL,ASO,ES,Federal Contract Tower,0,2,26,0,28,0,12,102,0,114,0,14,128,0,142,176,0,176,318
04/22/2022,LEE,FL,ASO,ES,Federal Contract Tower,0,1,25,0,26,0,2,71,0,73,0,3,96,0,99,200,0,200,299
04/23/2022,LEE,FL,ASO,ES,Federal Contract Tower,0,5,12,0,17,0,3,42,0,45,0,8,54,0,62,80,0,80,142
04/24/2022,LEE,FL,ASO,ES,Federal Contract Tower,0,2,13,0,15,0,10,59,0,69,0,12,72,0,84,226,0,226,310
04/25/2022,LEE,FL,ASO,ES,Federal Contract Tower,0,2,16,0,18,0,5,98,0,103,0,7,114,0,121,312,0,312,433
04/26/2022,LEE,FL,ASO,ES,Federal Contract Tower,0,0,19,0,19,0,5,105,0,110,0,5,124,0,129,268,0,268,397
04/27/2022,LEE,FL,ASO,ES,Federal Contract Tower,0,2,18,0,20,0,1,98,0,99,0,3,116,0,119,308,0,308,427
04/28/2022,LEE,FL,ASO,ES,Federal Contract Tower,0,1,28,0,29,0,5,58,0,63,0,6,86,0,92,102,0,102,194
04/29/2022,LEE,FL,ASO,ES,Federal Contract Tower,0,3,31,0,34,0,11,71,0,82,0,14,102,0,116,184,0,184,300
04/30/2022,LEE,FL,ASO,ES,Federal Contract Tower,0,1,14,0,15,0,7,68,0,75,0,8,82,0,90,82,0,82,172
05/01/2022,LEE,FL,ASO,ES,Federal Contract Tower,0,4,17,0,21,0,9,65,0,74,0,13,82,0,95,124,0,124,219
05/02/2022,LEE,FL,ASO,ES,Federal Contract Tower,0,1,12,0,13,0,0,120,0,120,0,1,132,0,133,247,0,247,380
05/03/2022,LEE,FL,ASO,ES,Federal Contract Tower,0,1,24,0,25,0,5,67,0,72,0,6,91,0,97,192,0,192,289
05/04/2022,LEE,FL,ASO,ES,Federal Contract Tower,0,5,30,0,35,0,3,92,0,95,0,8,122,0,130,224,0,224,354
05/05/2022,LEE,FL,ASO,ES,Federal Contract Tower,0,2,30,0,32,0,6,101,0,107,0,8,131,0,139,196,0,196,335
05/06/2022,LEE,FL,ASO,ES,Federal Contract Tower,0,0,24,0,24,0,8,129,0,137,0,8,153,0,161,220,0,220,381
05/07/2022,LEE,FL,ASO,ES,Federal Contract Tower,0,1,16,0,17,0,4,40,0,44,0,5,56,0,61,58,0,58,119
05/08/2022,LEE,FL,ASO,ES,Federal Contract Tower,0,3,8,0,11,0,17,31,0,48,0,20,39,0,59,18,0,18,77
05/09/2022,LEE,FL,ASO,ES,Federal Contract Tower,0,2,25,0,27,0,6,89,0,95,0,8,114,0,122,216,0,216,338
05/10/2022,LEE,FL,ASO,ES,Federal Contract Tower,0,8,15,0,23,0,3,80,0,83,0,11,95,0,106,124,0,124,230
05/11/2022,LEE,FL,ASO,ES,Federal Contract Tower,0,2,20,0,22,0,8,51,0,59,0,10,71,0,81,132,0,132,213
05/12/2022,LEE,FL,ASO,ES,Federal Contract Tower,0,3,25,0,28,0,3,109,0,112,0,6,134,0,140,172,0,172,312
05/13/2022,LEE,FL,ASO,ES,Federal Contract Tower,0,1,30,0,31,0,3,73,0,76,0,4,103,0,107,154,0,154,261
05/14/2022,LEE,FL,ASO,ES,Federal Contract Tower,0,0,8,0,8,0,11,92,0,103,0,11,100,0,111,222,0,222,333
05/15/2022,LEE,FL,ASO,ES,Federal Contract Tower,0,2,17,0,19,0,2,34,0,36,0,4,51,0,55,38,0,38,93
05/16/2022,LEE,FL,ASO,ES,Federal Contract Tower,0,1,21,0,22,0,3,78,0,81,0,4,99,0,103,198,0,198,301
05/17/2022,LEE,FL,ASO,ES,Federal Contract Tower,0,3,18,0,21,0,4,86,0,90,0,7,104,0,111,202,0,202,313
05/18/2022,LEE,FL,ASO,ES,Federal Contract Tower,0,0,22,0,22,0,2,77,0,79,0,2,99,0,101,152,0,152,253
05/19/2022,LEE,FL,ASO,ES,Federal Contract Tower,0,1,25,0,26,0,5,88,9,102,0,6,113,9,128,158,0,158,286
05/20/2022,LEE,FL,ASO,ES,Federal Contract Tower,0,0,17,0,17,0,9,28,3,40,0,9,45,3,57,40,0,40,97
05/21/2022,LEE,FL,ASO,ES,Federal Contract Tower,0,2,22,0,24,0,6,33,0,39,0,8,55,0,63,80,0,80,143
05/22/2022,LEE,FL,ASO,ES,Federal Contract Tower,0,2,15,0,17,0,9,44,0,53,0,11,59,0,70,100,0,100,170
05/23/2022,LEE,FL,ASO,ES,Federal Contract Tower,0,2,29,0,31,0,11,86,0,97,0,13,115,0,128,248,0,248,376
05/24/2022,LEE,FL,ASO,ES,Federal Contract Tower,0,0,37,0,37,0,6,104,0,110,0,6,141,0,147,286,0,286,433
05/25/2022,LEE,FL,ASO,ES,Federal Contract Tower,0,1,14,0,15,0,4,95,0,99,0,5,109,0,114,234,0,234,348
05/26/2022,LEE,FL,ASO,ES,Federal Contract Tower,0,4,31,0,35,0,8,73,0,81,0,12,104,0,116,182,0,182,298
05/27/2022,LEE,FL,ASO,ES,Federal Contract Tower,0,0,24,0,24,0,0,34,0,34,0,0,58,0,58,58,0,58,116
05/28/2022,LEE,FL,ASO,ES,Federal Contract Tower,0,2,4,0,6,0,6,60,0,66,0,8,64,0,72,130,0,130,202
05/29/2022,LEE,FL,ASO,ES,Federal Contract Tower,0,0,11,0,11,0,2,53,0,55,0,2,64,0,66,54,0,54,120
05/30/2022,LEE,FL,ASO,ES,Federal Contract Tower,0,0,25,0,25,0,4,66,0,70,0,4,91,0,95,82,0,82,177
05/31/2022,LEE,FL,ASO,ES,Federal Contract Tower,0,3,13,0,16,0,7,49,0,56,0,10,62,0,72,94,0,94,166
06/01/2022,LEE,FL,ASO,ES,Federal Contract Tower,0,0,12,0,12,0,0,64,0,64,0,0,76,0,76,78,0,78,154
06/02/2022,LEE,FL,ASO,ES,Federal Contract Tower,0,7,37,0,44,0,2,104,0,106,0,9,141,0,150,151,4,155,305
06/03/2022,LEE,FL,ASO,ES,Federal Contract Tower,0,1,13,0,14,0,2,72,0,74,0,3,85,0,88,126,0,126,214
06/04/2022,LEE,FL,ASO,ES,Federal Contract Tower,0,0,1,0,1,0,0,5,0,5,0,0,6,0,6,0,0,0,6
06/05/2022,LEE,FL,ASO,ES,Federal Contract Tower,0,4,8,0,12,0,7,39,0,46,0,11,47,0,58,102,0,102,160
06/06/2022,LEE,FL,ASO,ES,Federal Contract Tower,0,0,15,0,15,0,3,37,0,40,0,3,52,0,55,92,0,92,147
06/07/2022,LEE,FL,ASO,ES,Federal Contract Tower,0,5,25,0,30,0,0,77,0,77,0,5,102,0,107,290,0,290,397
06/08/2022,LEE,FL,ASO,ES,Federal Contract Tower,0,4,19,0,23,0,0,48,0,48,0,4,67,0,71,76,0,76,147
06/09/2022,LEE,FL,ASO,ES,Federal Contract Tower,0,5,14,0,19,0,4,63,0,67,0,9,77,0,86,168,0,168,254
06/10/2022,LEE,FL,ASO,ES,Federal Contract Tower,0,4,8,0,12,0,2,44,0,46,0,6,52,0,58,106,0,106,164
06/11/2022,LEE,FL,ASO,ES,Federal Contract Tower,0,2,10,0,12,0,4,32,0,36,0,6,42,0,48,118,0,118,166
06/12/2022,LEE,FL,ASO,ES,Federal Contract Tower,0,2,8,0,10,0,4,37,0,41,0,6,45,0,51,68,0,68,119
06/13/2022,LEE,FL,ASO,ES,Federal Contract Tower,0,2,16,0,18,0,10,77,0,87,0,12,93,0,105,178,0,178,283
06/14/2022,LEE,FL,ASO,ES,Federal Contract Tower,0,2,20,0,22,0,3,85,0,88,0,5,105,0,110,216,0,216,326
06/15/2022,LEE,FL,ASO,ES,Federal Contract Tower,0,2,26,0,28,0,5,89,0,94,0,7,115,0,122,218,0,218,340
06/16/2022,LEE,FL,ASO,ES,Federal Contract Tower,0,0,32,0,32,0,3,101,0,104,0,3,133,0,136,130,0,130,266
06/17/2022,LEE,FL,ASO,ES,Federal Contract Tower,0,2,25,0,27,0,3,87,0,90,0,5,112,0,117,238,0,238,355
06/18/2022,LEE,FL,ASO,ES,Federal Contract Tower,0,0,0,0,0,0,4,67,0,71,0,4,67,0,71,80,0,80,151
06/19/2022,LEE,FL,ASO,ES,Federal Contract Tower,0,0,3,0,3,0,3,28,0,31,0,3,31,0,34,72,0,72,106
06/20/2022,LEE,FL,ASO,ES,Federal Contract Tower,0,0,19,0,19,0,5,70,0,75,0,5,89,0,94,182,0,182,276
06/21/2022,LEE,FL,ASO,ES,Federal Contract Tower,0,0,23,0,23,0,1,103,0,104,0,1,126,0,127,260,0,260,387
06/22/2022,LEE,FL,ASO,ES,Federal Contract Tower,0,2,30,0,32,0,10,102,0,112,0,12,132,0,144,130,0,130,274
06/23/2022,LEE,FL,ASO,ES,Federal Contract Tower,0,0,13,0,13,0,9,97,0,106,0,9,110,0,119,186,0,186,305
06/24/2022,LEE,FL,ASO,ES,Federal Contract Tower,0,2,8,0,10,0,2,44,0,46,0,4,52,0,56,104,0,104,160
06/25/2022,LEE,FL,ASO,ES,Federal Contract Tower,0,0,8,0,8,0,2,31,0,33,0,2,39,0,41,48,0,48,89
06/26/2022,LEE,FL,ASO,ES,Federal Contract Tower,0,0,0,0,0,0,6,46,0,52,0,6,46,0,52,104,0,104,156
06/27/2022,LEE,FL,ASO,ES,Federal Contract Tower,0,1,25,0,26,0,0,91,0,91,0,1,116,0,117,200,0,200,317
06/28/2022,LEE,FL,ASO,ES,Federal Contract Tower,0,0,18,0,18,0,3,94,0,97,0,3,112,0,115,220,0,220,335
06/29/2022,LEE,FL,ASO,ES,Federal Contract Tower,0,4,22,0,26,0,5,98,0,103,0,9,120,0,129,152,0,152,281
06/30/2022,LEE,FL,ASO,ES,Federal Contract Tower,0,0,26,0,26,0,6,70,0,76,0,6,96,0,102,118,0,118,220
07/01/2022,LEE,FL,ASO,ES,Federal Contract Tower,0,2,20,0,22,0,5,72,0,77,0,7,92,0,99,110,0,110,209
07/02/2022,LEE,FL,ASO,ES,Federal Contract Tower,0,0,7,0,7,0,6,47,0,53,0,6,54,0,60,32,0,32,92
07/03/2022,LEE,FL,ASO,ES,Federal Contract Tower,0,2,12,0,14,0,2,36,0,38,0,4,48,0,52,52,0,52,104
07/04/2022,LEE,FL,ASO,ES,Federal Contract Tower,0,2,14,0,16,0,6,32,0,38,0,8,46,0,54,54,0,54,108
07/05/2022,LEE,FL,ASO,ES,Federal Contract Tower,0,2,16,0,18,0,9,55,0,64,0,11,71,0,82,100,0,100,182
07/06/2022,LEE,FL,ASO,ES,Federal Contract Tower,0,0,30,0,30,0,1,48,0,49,0,1,78,0,79,100,0,100,179
07/07/2022,LEE,FL,ASO,ES,Federal Contract Tower,0,4,19,4,27,0,3,98,0,101,0,7,117,4,128,132,0,132,260
07/08/2022,LEE,FL,ASO,ES,Federal Contract Tower,0,2,29,0,31,0,110,0,0,110,0,112,29,0,141,164,0,164,305
07/09/2022,LEE,FL,ASO,ES,Federal Contract Tower,0,0,14,0,14,0,4,72,0,76,0,4,86,0,90,96,0,96,186
07/10/2022,LEE,FL,ASO,ES,Federal Contract Tower,0,1,8,0,9,0,0,26,0,26,0,1,34,0,35,60,0,60,95
07/11/2022,LEE,FL,ASO,ES,Federal Contract Tower,0,2,14,0,16,0,9,41,0,50,0,11,55,0,66,72,0,72,138
07/12/2022,LEE,FL,ASO,ES,Federal Contract Tower,0,2,15,0,17,0,2,31,0,33,0,4,46,0,50,42,0,42,92
07/13/2022,LEE,FL,ASO,ES,Federal Contract Tower,0,1,22,0,23,0,5,73,0,78,0,6,95,0,101,158,0,158,259
07/14/2022,LEE,FL,ASO,ES,Federal Contract Tower,0,3,27,0,30,0,0,61,0,61,0,3,88,0,91,104,0,104,195
07/15/2022,LEE,FL,ASO,ES,Federal Contract Tower,0,0,36,0,36,0,3,61,0,64,0,3,97,0,100,196,0,196,296
07/16/2022,LEE,FL,ASO,ES,Federal Contract Tower,0,0,9,0,9,0,0,61,0,61,0,0,70,0,70,104,0,104,174
07/17/2022,LEE,FL,ASO,ES,Federal Contract Tower,0,0,10,0,10,0,2,64,0,66,0,2,74,0,76,132,0,132,208
07/18/2022,LEE,FL,ASO,ES,Federal Contract Tower,0,2,8,0,10,0,2,53,0,55,0,4,61,0,65,100,0,100,165
07/19/2022,LEE,FL,ASO,ES,Federal Contract Tower,0,3,17,0,20,0,2,68,0,70,0,5,85,0,90,140,0,140,230
07/20/2022,LEE,FL,ASO,ES,Federal Contract Tower,0,0,20,0,20,0,5,69,0,74,0,5,89,0,94,104,0,104,198
07/21/2022,LEE,FL,ASO,ES,Federal Contract Tower,0,2,28,0,30,0,9,103,0,112,0,11,131,0,142,172,0,172,314
07/22/2022,LEE,FL,ASO,ES,Federal Contract Tower,0,1,29,0,30,0,3,113,0,116,0,4,142,0,146,132,0,132,278
07/23/2022,LEE,FL,ASO,ES,Federal Contract Tower,0,2,11,0,13,0,1,109,0,110,0,3,120,0,123,88,0,88,211
07/24/2022,LEE,FL,ASO,ES,Federal Contract Tower,0,4,12,0,16,0,2,63,0,65,0,6,75,0,81,124,0,124,205
07/25/2022,LEE,FL,ASO,ES,Federal Contract Tower,0,2,20,0,22,0,2,55,0,57,0,4,75,0,79,146,0,146,225
07/26/2022,LEE,FL,ASO,ES,Federal Contract Tower,0,2,24,0,26,0,2,66,0,68,0,4,90,0,94,44,0,44,138
07/27/2022,LEE,FL,ASO,ES,Federal Contract Tower,0,6,13,0,19,0,4,68,0,72,0,10,81,0,91,114,0,114,205
07/28/2022,LEE,FL,ASO,ES,Federal Contract Tower,0,0,20,0,20,0,5,76,1,82,0,5,96,1,102,188,0,188,290
07/29/2022,LEE,FL,ASO,ES,Federal Contract Tower,0,0,21,0,21,0,6,98,0,104,0,6,119,0,125,264,0,264,389
07/30/2022,LEE,FL,ASO,ES,Federal Contract Tower,0,0,20,0,20,0,2,65,0,67,0,2,85,0,87,107,0,107,194
07/31/2022,LEE,FL,ASO,ES,Federal Contract Tower,0,0,16,0,16,0,9,37,0,46,0,9,53,0,62,124,0,124,186
08/01/2022,LEE,FL,ASO,ES,Federal Contract Tower,0,0,19,0,19,0,5,69,0,74,0,5,88,0,93,172,0,172,265
08/02/2022,LEE,FL,ASO,ES,Federal Contract Tower,0,0,13,0,13,0,8,73,0,81,0,8,86,0,94,200,0,200,294
08/03/2022,LEE,FL,ASO,ES,Federal Contract Tower,0,0,18,0,18,0,4,109,0,113,0,4,127,0,131,144,0,144,275
08/04/2022,LEE,FL,ASO,ES,Federal Contract Tower,0,0,32,0,32,0,5,107,0,112,0,5,139,0,144,184,0,184,328
08/05/2022,LEE,FL,ASO,ES,Federal Contract Tower,0,1,20,0,21,0,3,77,0,80,0,4,97,0,101,152,0,152,253
08/06/2022,LEE,FL,ASO,ES,Federal Contract Tower,0,0,5,0,5,0,5,42,0,47,0,5,47,0,52,56,0,56,108
08/07/2022,LEE,FL,ASO,ES,Federal Contract Tower,0,0,12,0,12,0,8,61,0,69,0,8,73,0,81,38,0,38,119
08/08/2022,LEE,FL,ASO,ES,Federal Contract Tower,0,0,20,0,20,0,2,58,0,60,0,2,78,0,80,88,0,88,168
08/09/2022,LEE,FL,ASO,ES,Federal Contract Tower,0,2,20,0,22,0,4,73,0,77,0,6,93,0,99,154,0,154,253
08/10/2022,LEE,FL,ASO,ES,Federal Contract Tower,0,1,22,0,23,0,4,58,0,62,0,5,80,0,85,118,0,118,203
08/11/2022,LEE,FL,ASO,ES,Federal Contract Tower,0,0,40,0,40,0,5,73,0,78,0,5,113,0,118,98,0,98,216
08/12/2022,LEE,FL,ASO,ES,Federal Contract Tower,0,0,27,0,27,0,5,75,0,80,0,5,102,0,107,168,0,168,275
08/13/2022,LEE,FL,ASO,ES,Federal Contract Tower,0,0,17,0,17,0,4,54,0,58,0,4,71,0,75,98,0,98,173
08/14/2022,LEE,FL,ASO,ES,Federal Contract Tower,0,4,11,0,15,0,0,47,0,47,0,4,58,0,62,116,0,116,178
08/15/2022,LEE,FL,ASO,ES,Federal Contract Tower,0,6,10,0,16,0,9,72,0,81,0,15,82,0,97,228,0,228,325
08/16/2022,LEE,FL,ASO,ES,Federal Contract Tower,0,2,25,0,27,0,7,110,0,117,0,9,135,0,144,186,0,186,330
08/17/2022,LEE,FL,ASO,ES,Federal Contract Tower,0,6,15,0,21,0,3,34,0,37,0,9,49,0,58,90,0,90,148
08/18/2022,LEE,FL,ASO,ES,Federal Contract Tower,0,1,26,0,27,0,8,54,0,62,0,9,80,0,89,164,0,164,253
08/19/2022,LEE,FL,ASO,ES,Federal Contract Tower,0,2,23,0,25,0,2,78,0,80,0,4,101,0,105,166,0,166,271
08/20/2022,LEE,FL,ASO,ES,Federal Contract Tower,0,4,16,0,20,0,2,84,0,86,0,6,100,0,106,260,0,260,366
08/21/2022,LEE,FL,ASO,ES,Federal Contract Tower,0,0,10,0,10,0,8,58,2,68,0,8,68,2,78,156,0,156,234
08/22/2022,LEE,FL,ASO,ES,Federal Contract Tower,0,2,33,0,35,0,9,72,0,81,0,11,105,0,116,162,0,162,278
08/23/2022,LEE,FL,ASO,ES,Federal Contract Tower,0,7,29,0,36,0,0,69,0,69,0,7,98,0,105,170,0,170,275
08/24/2022,LEE,FL,ASO,ES,Federal Contract Tower,0,0,19,0,19,0,0,106,0,106,0,0,125,0,125,194,0,194,319
08/25/2022,LEE,FL,ASO,ES,Federal Contract Tower,0,6,20,0,26,0,5,96,0,101,0,11,116,0,127,188,0,188,315
08/26/2022,LEE,FL,ASO,ES,Federal Contract Tower,0,0,34,0,34,0,0,60,0,60,0,0,94,0,94,188,0,188,282
08/27/2022,LEE,FL,ASO,ES,Federal Contract Tower,0,2,7,0,9,0,0,43,0,43,0,2,50,0,52,170,0,170,222
08/28/2022,LEE,FL,ASO,ES,Federal Contract Tower,0,4,5,0,9,0,6,35,0,41,0,10,40,0,50,10,0,10,60
08/29/2022,LEE,FL,ASO,ES,Federal Contract Tower,0,4,16,0,20,0,3,61,0,64,0,7,77,0,84,182,0,182,266
08/30/2022,LEE,FL,ASO,ES,Federal Contract Tower,0,2,20,0,22,0,3,62,0,65,0,5,82,0,87,136,0,136,223
08/31/2022,LEE,FL,ASO,ES,Federal Contract Tower,0,1,20,0,21,0,9,68,0,77,0,10,88,0,98,162,0,162,260
09/01/2022,LEE,FL,ASO,ES,Federal Contract Tower,0,4,23,0,27,0,6,89,0,95,0,10,112,0,122,172,0,172,294
09/02/2022,LEE,FL,ASO,ES,Federal Contract Tower,0,0,22,0,22,0,4,60,0,64,0,4,82,0,86,174,0,174,260
09/03/2022,LEE,FL,ASO,ES,Federal Contract Tower,0,0,8,0,8,0,8,42,0,50,0,8,50,0,58,104,0,104,162
09/04/2022,LEE,FL,ASO,ES,Federal Contract Tower,0,2,13,0,15,0,2,31,0,33,0,4,44,0,48,46,0,46,94
09/05/2022,LEE,FL,ASO,ES,Federal Contract Tower,0,2,27,0,29,0,5,79,0,84,0,7,106,0,113,98,0,98,211
09/06/2022,LEE,FL,ASO,ES,Federal Contract Tower,0,2,20,0,22,0,5,67,0,72,0,7,87,0,94,206,0,206,300
09/07/2022,LEE,FL,ASO,ES,Federal Contract Tower,0,1,19,2,22,0,1,92,0,93,0,2,111,2,115,188,0,188,303
09/08/2022,LEE,FL,ASO,ES,Federal Contract Tower,0,1,23,0,24,0,4,25,0,29,0,5,48,0,53,30,0,30,83
09/09/2022,LEE,FL,ASO,ES,Federal Contract Tower,0,0,10,0,10,0,0,48,0,48,0,0,58,0,58,156,0,156,214
09/10/2022,LEE,FL,ASO,ES,Federal Contract Tower,0,0,13,0,13,0,0,44,0,44,0,0,57,0,57,120,0,120,177
09/11/2022,LEE,FL,ASO,ES,Federal Contract Tower,0,3,19,0,22,0,1,69,0,70,0,4,88,0,92,184,0,184,276
09/12/2022,LEE,FL,ASO,ES,Federal Contract Tower,0,1,13,0,14,0,2,57,0,59,0,3,70,0,73,118,0,118,191
09/13/2022,LEE,FL,ASO,ES,Federal Contract Tower,0,4,14,0,18,0,3,63,0,66,0,7,77,0,84,159,0,159,243
09/14/2022,LEE,FL,ASO,ES,Federal Contract Tower,0,1,26,0,27,0,0,58,0,58,0,1,84,0,85,134,0,134,219
09/15/2022,LEE,FL,ASO,ES,Federal Contract Tower,0,2,28,1,31,0,4,52,1,57,0,6,80,2,88,174,8,182,270
09/16/2022,LEE,FL,ASO,ES,Federal Contract Tower,0,13,26,0,39,0,0,64,0,64,0,13,90,0,103,94,0,94,197
09/17/2022,LEE,FL,ASO,ES,Federal Contract Tower,0,2,14,6,22,0,0,46,0,46,0,2,60,6,68,85,0,85,153
09/18/2022,LEE,FL,ASO,ES,Federal Contract Tower,0,3,22,0,25,0,7,26,0,33,0,10,48,0,58,38,0,38,96
09/19/2022,LEE,FL,ASO,ES,Federal Contract Tower,0,7,38,0,45,0,4,62,0,66,0,11,100,0,111,112,0,112,223
09/20/2022,LEE,FL,ASO,ES,Federal Contract Tower,0,2,17,0,19,0,0,36,0,36,0,2,53,0,55,46,0,46,101
09/21/2022,LEE,FL,ASO,ES,Federal Contract Tower,0,0,16,2,18,0,11,78,0,89,0,11,94,2,107,192,0,192,299
09/22/2022,LEE,FL,ASO,ES,Federal Contract Tower,0,1,29,0,30,0,4,64,0,68,0,5,93,0,98,218,0,218,316
09/23/2022,LEE,FL,ASO,ES,Federal Contract Tower,0,10,39,0,49,0,2,82,0,84,0,12,121,0,133,200,0,200,333
09/24/2022,LEE,FL,ASO,ES,Federal Contract Tower,0,0,12,0,12,0,6,87,0,93,0,6,99,0,105,172,0,172,277
09/25/2022,LEE,FL,ASO,ES,Federal Contract Tower,0,2,14,0,16,0,4,58,0,62,0,6,72,0,78,54,0,54,132
09/26/2022,LEE,FL,ASO,ES,Federal Contract Tower,0,2,36,0,38,0,7,94,0,101,0,9,130,0,139,168,0,168,307
09/27/2022,LEE,FL,ASO,ES,Federal Contract Tower,0,5,5,0,10,0,0,32,0,32,0,5,37,0,42,40,0,40,82
09/28/2022,LEE,FL,ASO,ES,Federal Contract Tower,0,0,0,0,0,0,0,0,0,0,0,0,0,0,0,0,0,0,0
09/29/2022,LEE,FL,ASO,ES,Federal Contract Tower,0,0,0,0,0,0,0,0,0,0,0,0,0,0,0,0,0,0,0
09/30/2022,LEE,FL,ASO,ES,Federal Contract Tower,0,0,9,0,9,0,4,40,0,44,0,4,49,0,53,24,0,24,77
10/01/2022,LEE,FL,ASO,ES,Federal Contract Tower,0,0,14,0,14,0,3,86,0,89,0,3,100,0,103,126,0,126,229
10/02/2022,LEE,FL,ASO,ES,Federal Contract Tower,0,0,13,0,13,0,12,77,0,89,0,12,90,0,102,88,0,88,190
10/03/2022,LEE,FL,ASO,ES,Federal Contract Tower,0,0,27,0,27,0,5,100,8,113,0,5,127,8,140,154,0,154,294
10/04/2022,LEE,FL,ASO,ES,Federal Contract Tower,0,1,23,0,24,0,4,86,0,90,0,5,109,0,114,180,0,180,294
10/05/2022,LEE,FL,ASO,ES,Federal Contract Tower,0,0,41,0,41,0,3,107,4,114,0,3,148,4,155,210,0,210,365
10/06/2022,LEE,FL,ASO,ES,Federal Contract Tower,0,3,16,2,21,0,7,129,0,136,0,10,145,2,157,224,0,224,381
10/07/2022,LEE,FL,ASO,ES,Federal Contract Tower,0,3,26,0,29,0,5,118,0,123,0,8,144,0,152,272,0,272,424
10/08/2022,LEE,FL,ASO,ES,Federal Contract Tower,0,0,6,0,6,0,2,99,0,101,0,2,105,0,107,258,0,258,365
10/09/2022,LEE,FL,ASO,ES,Federal Contract Tower,0,3,7,0,10,0,7,55,0,62,0,10,62,0,72,106,0,106,178
10/10/2022,LEE,FL,ASO,ES,Federal Contract Tower,0,0,14,0,14,0,8,71,0,79,0,8,85,0,93,179,0,179,272
10/11/2022,LEE,FL,ASO,ES,Federal Contract Tower,0,4,16,0,20,0,10,105,0,115,0,14,121,0,135,247,0,247,382
10/12/2022,LEE,FL,ASO,ES,Federal Contract Tower,0,3,26,0,29,0,4,68,0,72,0,7,94,0,101,162,0,162,263
10/13/2022,LEE,FL,ASO,ES,Federal Contract Tower,0,7,15,0,22,0,7,69,0,76,0,14,84,0,98,180,0,180,278
10/14/2022,LEE,FL,ASO,ES,Federal Contract Tower,0,2,7,0,9,0,8,126,2,136,0,10,133,2,145,266,0,266,411
10/15/2022,LEE,FL,ASO,ES,Federal Contract Tower,0,2,8,0,10,0,3,121,0,124,0,5,129,0,134,216,0,216,350
10/16/2022,LEE,FL,ASO,ES,Federal Contract Tower,0,4,11,0,15,0,5,76,0,81,0,9,87,0,96,166,0,166,262
10/17/2022,LEE,FL,ASO,ES,Federal Contract Tower,0,2,21,0,23,0,4,77,0,81,0,6,98,0,104,124,0,124,228
10/18/2022,LEE,FL,ASO,ES,Federal Contract Tower,0,0,21,0,21,0,1,90,0,91,0,1,111,0,112,230,0,230,342
10/19/2022,LEE,FL,ASO,ES,Federal Contract Tower,0,0,30,0,30,0,0,105,0,105,0,0,135,0,135,200,0,200,335
10/20/2022,LEE,FL,ASO,ES,Federal Contract Tower,0,0,24,0,24,0,10,86,0,96,0,10,110,0,120,282,0,282,402
10/21/2022,LEE,FL,ASO,ES,Federal Contract Tower,0,2,44,0,46,0,3,133,0,136,0,5,177,0,182,210,0,210,392
10/22/2022,LEE,FL,ASO,ES,Federal Contract Tower,0,1,33,0,34,0,8,82,0,90,0,9,115,0,124,186,0,186,310
10/23/2022,LEE,FL,ASO,ES,Federal Contract Tower,0,0,20,0,20,0,5,81,0,86,0,5,101,0,106,78,0,78,184
10/24/2022,LEE,FL,ASO,ES,Federal Contract Tower,0,3,21,0,24,0,0,89,0,89,0,3,110,0,113,126,0,126,239
10/25/2022,LEE,FL,ASO,ES,Federal Contract Tower,0,4,23,0,27,0,3,125,0,128,0,7,148,0,155,164,0,164,319
10/26/2022,LEE,FL,ASO,ES,Federal Contract Tower,0,5,33,0,38,0,6,83,0,89,0,11,116,0,127,227,0,227,354
10/27/2022,LEE,FL,ASO,ES,Federal Contract Tower,0,3,28,6,37,0,0,60,4,64,0,3,88,10,101,134,0,134,235
10/28/2022,LEE,FL,ASO,ES,Federal Contract Tower,0,4,8,0,12,0,2,69,0,71,0,6,77,0,83,156,0,156,239
10/29/2022,LEE,FL,ASO,ES,Federal Contract Tower,0,0,16,0,16,0,1,7,0,8,0,1,23,0,24,10,0,10,34
10/30/2022,LEE,FL,ASO,ES,Federal Contract Tower,0,6,16,0,22,0,3,38,0,41,0,9,54,0,63,78,0,78,141
10/31/2022,LEE,FL,ASO,ES,Federal Contract Tower,0,2,18,0,20,0,1,81,0,82,0,3,99,0,102,112,0,112,214
11/01/2022,LEE,FL,ASO,ES,Federal Contract Tower,0,4,45,0,49,0,2,80,0,82,0,6,125,0,131,210,0,210,341
11/02/2022,LEE,FL,ASO,ES,Federal Contract Tower,0,5,37,2,44,0,1,62,0,63,0,6,99,2,107,132,0,132,239
11/03/2022,LEE,FL,ASO,ES,Federal Contract Tower,0,1,34,2,37,0,0,115,0,115,0,1,149,2,152,282,0,282,434
11/04/2022,LEE,FL,ASO,ES,Federal Contract Tower,0,0,33,0,33,0,2,117,4,123,0,2,150,4,156,272,0,272,428
11/05/2022,LEE,FL,ASO,ES,Federal Contract Tower,0,3,12,0,15,0,1,112,0,113,0,4,124,0,128,212,0,212,340
11/06/2022,LEE,FL,ASO,ES,Federal Contract Tower,0,0,13,0,13,0,6,77,0,83,0,6,90,0,96,158,0,158,254
11/07/2022,LEE,FL,ASO,ES,Federal Contract Tower,0,4,31,0,35,0,3,54,0,57,0,7,85,0,92,66,0,66,158
11/08/2022,LEE,FL,ASO,ES,Federal Contract Tower,0,2,24,0,26,0,5,18,0,23,0,7,42,0,49,6,0,6,55
11/09/2022,LEE,FL,ASO,ES,Federal Contract Tower,0,8,9,0,17,0,0,4,0,4,0,8,13,0,21,0,0,0,21
11/10/2022,LEE,FL,ASO,ES,Federal Contract Tower,0,0,0,0,0,0,0,0,0,0,0,0,0,0,0,0,0,0,0
11/11/2022,LEE,FL,ASO,ES,Federal Contract Tower,0,0,21,0,21,0,7,31,0,38,0,7,52,0,59,42,0,42,101
11/12/2022,LEE,FL,ASO,ES,Federal Contract Tower,0,0,19,0,19,0,6,82,0,88,0,6,101,0,107,170,0,170,277
11/13/2022,LEE,FL,ASO,ES,Federal Contract Tower,0,0,21,0,21,0,0,36,0,36,0,0,57,0,57,108,0,108,165
11/14/2022,LEE,FL,ASO,ES,Federal Contract Tower,0,2,23,0,25,0,6,106,0,112,0,8,129,0,137,164,0,164,301
11/15/2022,LEE,FL,ASO,ES,Federal Contract Tower,0,0,33,0,33,0,8,94,0,102,0,8,127,0,135,178,0,178,313
11/16/2022,LEE,FL,ASO,ES,Federal Contract Tower,0,2,36,0,38,0,1,25,0,26,0,3,61,0,64,74,0,74,138
11/17/2022,LEE,FL,ASO,ES,Federal Contract Tower,0,6,33,0,39,0,6,105,0,111,0,12,138,0,150,306,0,306,456
11/18/2022,LEE,FL,ASO,ES,Federal Contract Tower,0,3,39,0,42,0,0,102,0,102,0,3,141,0,144,164,0,164,308
11/19/2022,LEE,FL,ASO,ES,Federal Contract Tower,0,1,22,0,23,0,4,142,0,146,0,5,164,0,169,160,0,160,329
11/20/2022,LEE,FL,ASO,ES,Federal Contract Tower,0,0,7,0,7,0,2,12,0,14,0,2,19,0,21,6,0,6,27
11/21/2022,LEE,FL,ASO,ES,Federal Contract Tower,0,3,35,0,38,0,8,73,0,81,0,11,108,0,119,144,0,144,263
11/22/2022,LEE,FL,ASO,ES,Federal Contract Tower,0,8,40,0,48,0,0,4,0,4,0,8,44,0,52,0,0,0,52
11/23/2022,LEE,FL,ASO,ES,Federal Contract Tower,0,3,38,0,41,0,2,24,0,26,0,5,62,0,67,114,0,114,181
11/24/2022,LEE,FL,ASO,ES,Federal Contract Tower,0,1,6,0,7,0,2,7,0,9,0,3,13,0,16,24,0,24,40
11/25/2022,LEE,FL,ASO,ES,Federal Contract Tower,0,2,18,0,20,0,3,48,2,53,0,5,66,2,73,108,0,108,181
11/26/2022,LEE,FL,ASO,ES,Federal Contract Tower,0,2,23,0,25,0,0,49,0,49,0,2,72,0,74,56,0,56,130
11/27/2022,LEE,FL,ASO,ES,Federal Contract Tower,0,2,14,0,16,0,6,31,0,37,0,8,45,0,53,28,0,28,81
11/28/2022,LEE,FL,ASO,ES,Federal Contract Tower,0,5,24,0,29,0,7,84,0,91,0,12,108,0,120,174,0,174,294
11/29/2022,LEE,FL,ASO,ES,Federal Contract Tower,0,0,24,0,24,0,4,116,0,120,0,4,140,0,144,196,0,196,340
11/30/2022,LEE,FL,ASO,ES,Federal Contract Tower,0,0,23,0,23,0,5,94,2,101,0,5,117,2,124,218,0,218,342
12/01/2022,LEE,FL,ASO,ES,Federal Contract Tower,0,5,25,0,30,0,2,70,0,72,0,7,95,0,102,212,0,212,314
12/02/2022,LEE,FL,ASO,ES,Federal Contract Tower,0,0,34,0,34,0,6,90,0,96,0,6,124,0,130,206,0,206,336
12/03/2022,LEE,FL,ASO,ES,Federal Contract Tower,0,0,25,0,25,0,11,94,0,105,0,11,119,0,130,228,0,228,358
12/04/2022,LEE,FL,ASO,ES,Federal Contract Tower,0,0,7,0,7,0,2,67,0,69,0,2,74,0,76,116,0,116,192
12/05/2022,LEE,FL,ASO,ES,Federal Contract Tower,0,2,27,0,29,0,10,58,0,68,0,12,85,0,97,126,0,126,223
12/06/2022,LEE,FL,ASO,ES,Federal Contract Tower,0,2,31,0,33,0,10,101,0,111,0,12,132,0,144,192,0,192,336
12/07/2022,LEE,FL,ASO,ES,Federal Contract Tower,0,0,27,0,27,0,2,135,0,137,0,2,162,0,164,218,0,218,382
12/08/2022,LEE,FL,ASO,ES,Federal Contract Tower,0,3,32,0,35,0,18,118,0,136,0,21,150,0,171,224,0,224,395
12/09/2022,LEE,FL,ASO,ES,Federal Contract Tower,0,3,30,0,33,0,5,136,0,141,0,8,166,0,174,192,0,192,366
12/10/2022,LEE,FL,ASO,ES,Federal Contract Tower,0,0,44,0,44,0,2,102,0,104,0,2,146,0,148,110,0,110,258
12/11/2022,LEE,FL,ASO,ES,Federal Contract Tower,0,1,19,0,20,0,6,5,0,11,0,7,24,0,31,10,0,10,41
12/12/2022,LEE,FL,ASO,ES,Federal Contract Tower,0,0,37,0,37,0,1,74,0,75,0,1,111,0,112,182,0,182,294
12/13/2022,LEE,FL,ASO,ES,Federal Contract Tower,0,8,50,0,58,0,1,78,0,79,0,9,128,0,137,218,0,218,355
12/14/2022,LEE,FL,ASO,ES,Federal Contract Tower,0,2,42,0,44,0,1,104,2,107,0,3,146,2,151,256,0,256,407
12/15/2022,LEE,FL,ASO,ES,Federal Contract Tower,0,0,16,0,16,0,0,17,0,17,0,0,33,0,33,38,0,38,71
12/16/2022,LEE,FL,ASO,ES,Federal Contract Tower,0,0,33,0,33,0,0,135,0,135,0,0,168,0,168,318,0,318,486
12/17/2022,LEE,FL,ASO,ES,Federal Contract Tower,0,2,29,0,31,0,5,151,0,156,0,7,180,0,187,232,0,232,419
12/18/2022,LEE,FL,ASO,ES,Federal Contract Tower,0,0,19,0,19,0,10,92,0,102,0,10,111,0,121,184,0,184,305
12/19/2022,LEE,FL,ASO,ES,Federal Contract Tower,0,4,40,0,44,0,0,92,0,92,0,4,132,0,136,140,0,140,276
12/20/2022,LEE,FL,ASO,ES,Federal Contract Tower,0,1,18,0,19,0,4,51,0,55,0,5,69,0,74,136,0,136,210
12/21/2022,LEE,FL,ASO,ES,Federal Contract Tower,0,6,24,0,30,0,0,0,0,0,0,6,24,0,30,20,0,20,50
12/22/2022,LEE,FL,ASO,ES,Federal Contract Tower,0,3,30,0,33,0,0,0,0,0,0,3,30,0,33,0,0,0,33
12/23/2022,LEE,FL,ASO,ES,Federal Contract Tower,0,4,16,0,20,0,4,35,0,39,0,8,51,0,59,96,0,96,155
12/24/2022,LEE,FL,ASO,ES,Federal Contract Tower,0,1,11,0,12,0,18,26,0,44,0,19,37,0,56,32,0,32,88
12/25/2022,LEE,FL,ASO,ES,Federal Contract Tower,0,1,2,0,3,0,8,7,0,15,0,9,9,0,18,0,0,0,18
12/26/2022,LEE,FL,ASO,ES,Federal Contract Tower,0,1,11,0,12,0,3,83,0,86,0,4,94,0,98,234,0,234,332
12/27/2022,LEE,FL,ASO,ES,Federal Contract Tower,0,2,37,0,39,0,14,136,0,150,0,16,173,0,189,200,0,200,389
12/28/2022,LEE,FL,ASO,ES,Federal Contract Tower,0,3,15,0,18,0,4,137,0,141,0,7,152,0,159,287,0,287,446
12/29/2022,LEE,FL,ASO,ES,Federal Contract Tower,0,3,32,0,35,0,8,117,0,125,0,11,149,0,160,290,0,290,450
12/30/2022,LEE,FL,ASO,ES,Federal Contract Tower,0,1,22,0,23,0,2,125,0,127,0,3,147,0,150,292,0,292,442
12/31/2022,LEE,FL,ASO,ES,Federal Contract Tower,0,2,5,0,7,0,0,1,0,1,0,2,6,0,8,0,0,0,8
01/01/2023,LEE,FL,ASO,ES,Federal Contract Tower,0,2,10,0,12,0,2,31,0,33,0,4,41,0,45,30,0,30,75
01/02/2023,LEE,FL,ASO,ES,Federal Contract Tower,0,1,21,0,22,0,4,119,4,127,0,5,140,4,149,176,0,176,325
01/03/2023,LEE,FL,ASO,ES,Federal Contract Tower,0,2,31,0,33,0,2,96,0,98,0,4,127,0,131,216,0,216,347
01/04/2023,LEE,FL,ASO,ES,Federal Contract Tower,0,0,33,0,33,0,8,43,0,51,0,8,76,0,84,118,0,118,202
01/05/2023,LEE,FL,ASO,ES,Federal Contract Tower,0,1,36,0,37,0,0,50,0,50,0,1,86,0,87,150,0,150,237
01/06/2023,LEE,FL,ASO,ES,Federal Contract Tower,0,4,26,0,30,0,6,155,0,161,0,10,181,0,191,256,0,256,447
01/07/2023,LEE,FL,ASO,ES,Federal Contract Tower,0,2,16,0,18,0,6,147,0,153,0,8,163,0,171,284,0,284,455
01/08/2023,LEE,FL,ASO,ES,Federal Contract Tower,0,1,15,0,16,0,8,118,0,126,0,9,133,0,142,204,0,204,346
01/09/2023,LEE,FL,ASO,ES,Federal Contract Tower,0,3,28,0,31,0,0,128,0,128,0,3,156,0,159,272,0,272,431
01/10/2023,LEE,FL,ASO,ES,Federal Contract Tower,0,2,36,0,38,0,5,116,0,121,0,7,152,0,159,350,0,350,509
01/11/2023,LEE,FL,ASO,ES,Federal Contract Tower,0,1,55,0,56,0,11,128,0,139,0,12,183,0,195,404,0,404,599
01/12/2023,LEE,FL,ASO,ES,Federal Contract Tower,0,4,30,0,34,0,1,106,0,107,0,5,136,0,141,262,0,262,403
01/13/2023,LEE,FL,ASO,ES,Federal Contract Tower,0,1,41,0,42,0,4,19,0,23,0,5,60,0,65,10,0,10,75
01/14/2023,LEE,FL,ASO,ES,Federal Contract Tower,0,5,14,0,19,0,9,70,0,79,0,14,84,0,98,180,0,180,278
01/15/2023,LEE,FL,ASO,ES,Federal Contract Tower,0,3,16,0,19,0,1,100,0,101,0,4,116,0,120,134,0,134,254
01/16/2023,LEE,FL,ASO,ES,Federal Contract Tower,0,2,50,0,52,0,4,107,0,111,0,6,157,0,163,206,0,206,369
01/17/2023,LEE,FL,ASO,ES,Federal Contract Tower,0,4,27,0,31,0,7,113,0,120,0,11,140,0,151,186,0,186,337
01/18/2023,LEE,FL,ASO,ES,Federal Contract Tower,0,1,33,0,34,0,4,121,0,125,0,5,154,0,159,270,0,270,429
01/19/2023,LEE,FL,ASO,ES,Federal Contract Tower,0,2,43,0,45,0,5,101,0,106,0,7,144,0,151,202,0,202,353
01/20/2023,LEE,FL,ASO,ES,Federal Contract Tower,0,2,31,0,33,0,5,162,0,167,0,7,193,0,200,368,0,368,568
01/21/2023,LEE,FL,ASO,ES,Federal Contract Tower,0,3,14,0,17,0,1,107,0,108,0,4,121,0,125,256,0,256,381
01/22/2023,LEE,FL,ASO,ES,Federal Contract Tower,0,1,8,0,9,0,7,100,0,107,0,8,108,0,116,46,0,46,162
01/23/2023,LEE,FL,ASO,ES,Federal Contract Tower,0,2,30,0,32,0,11,83,0,94,0,13,113,0,126,228,0,228,354
01/24/2023,LEE,FL,ASO,ES,Federal Contract Tower,0,3,43,0,46,0,8,103,0,111,0,11,146,0,157,130,0,130,287
01/25/2023,LEE,FL,ASO,ES,Federal Contract Tower,0,4,22,0,26,0,10,50,2,62,0,14,72,2,88,106,4,110,198
01/26/2023,LEE,FL,ASO,ES,Federal Contract Tower,0,0,27,0,27,0,9,120,0,129,0,9,147,0,156,294,0,294,450
01/27/2023,LEE,FL,ASO,ES,Federal Contract Tower,0,4,45,0,49,0,7,136,0,143,0,11,181,0,192,298,0,298,490
01/28/2023,LEE,FL,ASO,ES,Federal Contract Tower,0,0,17,0,17,0,3,85,0,88,0,3,102,0,105,316,0,316,421
01/29/2023,LEE,FL,ASO,ES,Federal Contract Tower,0,0,16,0,16,0,2,93,2,97,0,2,109,2,113,214,0,214,327
01/30/2023,LEE,FL,ASO,ES,Federal Contract Tower,0,0,28,0,28,0,4,100,0,104,0,4,128,0,132,224,0,224,356
01/31/2023,LEE,FL,ASO,ES,Federal Contract Tower,0,0,30,0,30,0,10,118,0,128,0,10,148,0,158,290,0,290,448
02/01/2023,LEE,FL,ASO,ES,Federal Contract Tower,0,3,40,0,43,0,8,94,0,102,0,11,134,0,145,230,0,230,375
02/02/2023,LEE,FL,ASO,ES,Federal Contract Tower,0,8,43,0,51,0,8,87,2,97,0,16,130,2,148,262,4,266,414
02/03/2023,LEE,FL,ASO,ES,Federal Contract Tower,0,2,37,0,39,0,1,12,0,13,0,3,49,0,52,12,0,12,64
02/04/2023,LEE,FL,ASO,ES,Federal Contract Tower,0,2,18,0,20,0,3,71,0,74,0,5,89,0,94,74,0,74,168
02/05/2023,LEE,FL,ASO,ES,Federal Contract Tower,0,7,21,0,28,0,0,41,0,41,0,7,62,0,69,90,0,90,159
02/06/2023,LEE,FL,ASO,ES,Federal Contract Tower,0,2,37,0,39,0,2,94,0,96,0,4,131,0,135,358,0,358,493
02/07/2023,LEE,FL,ASO,ES,Federal Contract Tower,0,1,32,0,33,0,8,145,0,153,0,9,177,0,186,230,0,230,416
02/08/2023,LEE,FL,ASO,ES,Federal Contract Tower,0,2,41,0,43,0,6,125,0,131,0,8,166,0,174,272,0,272,446
02/09/2023,LEE,FL,ASO,ES,Federal Contract Tower,0,2,37,0,39,0,2,107,0,109,0,4,144,0,148,274,0,274,422
02/10/2023,LEE,FL,ASO,ES,Federal Contract Tower,0,4,43,0,47,0,2,80,0,82,0,6,123,0,129,288,0,288,417
02/11/2023,LEE,FL,ASO,ES,Federal Contract Tower,0,1,14,0,15,0,4,20,0,24,0,5,34,0,39,112,0,112,151
02/12/2023,LEE,FL,ASO,ES,Federal Contract Tower,0,1,10,0,11,0,3,20,0,23,0,4,30,0,34,8,0,8,42
02/13/2023,LEE,FL,ASO,ES,Federal Contract Tower,0,0,35,0,35,0,8,150,0,158,0,8,185,0,193,292,0,292,485
02/14/2023,LEE,FL,ASO,ES,Federal Contract Tower,0,2,23,0,25,0,8,121,0,129,0,10,144,0,154,230,0,230,384
02/15/2023,LEE,FL,ASO,ES,Federal Contract Tower,0,1,42,0,43,0,12,131,0,143,0,13,173,0,186,284,0,284,470
02/16/2023,LEE,FL,ASO,ES,Federal Contract Tower,0,2,31,0,33,0,5,140,0,145,0,7,171,0,178,270,0,270,448
02/17/2023,LEE,FL,ASO,ES,Federal Contract Tower,0,4,25,0,29,0,7,104,0,111,0,11,129,0,140,256,0,256,396
02/18/2023,LEE,FL,ASO,ES,Federal Contract Tower,0,1,23,0,24,0,0,114,0,114,0,1,137,0,138,276,0,276,414
02/19/2023,LEE,FL,ASO,ES,Federal Contract Tower,0,8,14,0,22,0,6,84,0,90,0,14,98,0,112,156,0,156,268
02/20/2023,LEE,FL,ASO,ES,Federal Contract Tower,0,3,34,0,37,0,4,118,0,122,0,7,152,0,159,202,0,202,361
02/21/2023,LEE,FL,ASO,ES,Federal Contract Tower,0,10,23,0,33,0,4,98,0,102,0,14,121,0,135,186,0,186,321
02/22/2023,LEE,FL,ASO,ES,Federal Contract Tower,0,5,30,0,35,0,6,79,0,85,0,11,109,0,120,164,0,164,284
02/23/2023,LEE,FL,ASO,ES,Federal Contract Tower,0,0,28,0,28,0,3,118,0,121,0,3,146,0,149,278,0,278,427
02/24/2023,LEE,FL,ASO,ES,Federal Contract Tower,0,0,38,0,38,0,2,69,0,71,0,2,107,0,109,252,0,252,361
02/25/2023,LEE,FL,ASO,ES,Federal Contract Tower,0,0,19,0,19,0,13,105,0,118,0,13,124,0,137,258,0,258,395
02/26/2023,LEE,FL,ASO,ES,Federal Contract Tower,0,2,22,0,24,0,3,73,0,76,0,5,95,0,100,162,0,162,262
02/27/2023,LEE,FL,ASO,ES,Federal Contract Tower,0,6,41,0,47,0,3,53,0,56,0,9,94,0,103,100,0,100,203
02/28/2023,LEE,FL,ASO,ES,Federal Contract Tower,0,6,36,0,42,0,2,53,0,55,0,8,89,0,97,44,0,44,141
03/01/2023,LEE,FL,ASO,ES,Federal Contract Tower,0,1,33,0,34,0,8,100,2,110,0,9,133,2,144,254,0,254,398
03/02/2023,LEE,FL,ASO,ES,Federal Contract Tower,0,0,26,0,26,0,2,69,0,71,0,2,95,0,97,158,0,158,255
03/03/2023,LEE,FL,ASO,ES,Federal Contract Tower,0,2,6,0,8,0,10,36,0,46,0,12,42,0,54,114,0,114,168
03/04/2023,LEE,FL,ASO,ES,Federal Contract Tower,0,4,7,0,11,0,14,33,0,47,0,18,40,0,58,72,0,72,130
03/05/2023,LEE,FL,ASO,ES,Federal Contract Tower,0,0,19,0,19,0,5,67,0,72,0,5,86,0,91,180,0,180,271
03/06/2023,LEE,FL,ASO,ES,Federal Contract Tower,0,5,23,0,28,0,0,107,0,107,0,5,130,0,135,222,0,222,357
03/07/2023,LEE,FL,ASO,ES,Federal Contract Tower,0,1,19,0,20,0,3,103,0,106,0,4,122,0,126,192,0,192,318
03/08/2023,LEE,FL,ASO,ES,Federal Contract Tower,0,4,34,0,38,0,5,100,0,105,0,9,134,0,143,108,0,108,251
03/09/2023,LEE,FL,ASO,ES,Federal Contract Tower,0,0,20,0,20,0,4,109,0,113,0,4,129,0,133,266,0,266,399
03/10/2023,LEE,FL,ASO,ES,Federal Contract Tower,0,0,22,0,22,0,3,110,0,113,0,3,132,0,135,258,0,258,393
03/11/2023,LEE,FL,ASO,ES,Federal Contract Tower,0,0,19,0,19,0,5,71,0,76,0,5,90,0,95,96,0,96,191
03/12/2023,LEE,FL,ASO,ES,Federal Contract Tower,0,0,12,0,12,0,4,59,0,63,0,4,71,0,75,58,0,58,133
03/13/2023,LEE,FL,ASO,ES,Federal Contract Tower,0,1,10,0,11,0,2,23,0,25,0,3,33,0,36,22,0,22,58
03/14/2023,LEE,FL,ASO,ES,Federal Contract Tower,0,0,23,0,23,0,12,114,0,126,0,12,137,0,149,282,0,282,431
03/15/2023,LEE,FL,ASO,ES,Federal Contract Tower,0,1,34,0,35,0,4,86,0,90,0,5,120,0,125,191,0,191,316
03/16/2023,LEE,FL,ASO,ES,Federal Contract Tower,0,3,30,0,33,0,7,142,0,149,0,10,172,0,182,260,0,260,442
03/17/2023,LEE,FL,ASO,ES,Federal Contract Tower,0,0,33,0,33,0,10,106,0,116,0,10,139,0,149,220,0,220,369
03/18/2023,LEE,FL,ASO,ES,Federal Contract Tower,0,1,16,0,17,0,5,34,0,39,0,6,50,0,56,50,0,50,106
03/19/2023,LEE,FL,ASO,ES,Federal Contract Tower,0,2,28,0,30,0,5,25,0,30,0,7,53,0,60,52,0,52,112
03/20/2023,LEE,FL,ASO,ES,Federal Contract Tower,0,2,31,0,33,0,5,103,0,108,0,7,134,0,141,218,0,218,359
03/21/2023,LEE,FL,ASO,ES,Federal Contract Tower,0,0,27,0,27,0,5,99,0,104,0,5,126,0,131,300,0,300,431
03/22/2023,LEE,FL,ASO,ES,Federal Contract Tower,0,2,32,0,34,0,9,66,0,75,0,11,98,0,109,206,0,206,315
03/23/2023,LEE,FL,ASO,ES,Federal Contract Tower,0,5,43,0,48,0,1,98,0,99,0,6,141,0,147,260,0,260,407
03/24/2023,LEE,FL,ASO,ES,Federal Contract Tower,0,6,41,0,47,0,3,96,0,99,0,9,137,0,146,274,0,274,420
03/25/2023,LEE,FL,ASO,ES,Federal Contract Tower,0,3,14,0,17,0,3,29,0,32,0,6,43,0,49,78,0,78,127
03/26/2023,LEE,FL,ASO,ES,Federal Contract Tower,0,0,19,0,19,0,3,59,0,62,0,3,78,0,81,84,0,84,165
03/27/2023,LEE,FL,ASO,ES,Federal Contract Tower,0,5,28,0,33,0,2,101,0,103,0,7,129,0,136,236,0,236,372
03/28/2023,LEE,FL,ASO,ES,Federal Contract Tower,0,1,24,0,25,0,6,68,0,74,0,7,92,0,99,134,0,134,233
03/29/2023,LEE,FL,ASO,ES,Federal Contract Tower,0,8,25,0,33,0,4,107,0,111,0,12,132,0,144,196,0,196,340
03/30/2023,LEE,FL,ASO,ES,Federal Contract Tower,0,1,26,0,27,0,3,133,0,136,0,4,159,0,163,288,0,288,451
03/31/2023,LEE,FL,ASO,ES,Federal Contract Tower,0,4,20,0,24,0,9,83,0,92,0,13,103,0,116,246,0,246,362
04/01/2023,LEE,FL,ASO,ES,Federal Contract Tower,0,0,14,0,14,0,4,48,0,52,0,4,62,0,66,76,0,76,142
04/02/2023,LEE,FL,ASO,ES,Federal Contract Tower,0,6,15,0,21,0,1,79,0,80,0,7,94,0,101,124,0,124,225
04/03/2023,LEE,FL,ASO,ES,Federal Contract Tower,0,1,12,25,38,0,2,71,0,73,0,3,83,25,111,228,0,228,339
04/04/2023,LEE,FL,ASO,ES,Federal Contract Tower,0,8,25,0,33,0,4,125,1,130,0,12,150,1,163,318,0,318,481
04/05/2023,LEE,FL,ASO,ES,Federal Contract Tower,0,8,30,0,38,0,6,94,0,100,0,14,124,0,138,220,0,220,358
04/06/2023,LEE,FL,ASO,ES,Federal Contract Tower,0,2,23,0,25,0,0,0,0,0,0,2,23,0,25,280,0,280,305
04/07/2023,LEE,FL,ASO,ES,Federal Contract Tower,0,2,29,0,31,0,7,116,0,123,0,9,145,0,154,294,0,294,448
04/08/2023,LEE,FL,ASO,ES,Federal Contract Tower,0,0,21,0,21,0,8,116,0,124,0,8,137,0,145,210,0,210,355
04/09/2023,LEE,FL,ASO,ES,Federal Contract Tower,0,2,8,0,10,0,0,2,0,2,0,2,10,0,12,16,0,16,28
04/10/2023,LEE,FL,ASO,ES,Federal Contract Tower,0,0,16,0,16,0,2,15,0,17,0,2,31,0,33,22,0,22,55
04/11/2023,LEE,FL,ASO,ES,Federal Contract Tower,0,0,36,0,36,0,2,75,0,77,0,2,111,0,113,134,4,138,251
04/12/2023,LEE,FL,ASO,ES,Federal Contract Tower,0,1,32,0,33,0,4,56,0,60,0,5,88,0,93,142,0,142,235
04/13/2023,LEE,FL,ASO,ES,Federal Contract Tower,0,2,17,0,19,0,2,61,0,63,0,4,78,0,82,186,0,186,268
04/14/2023,LEE,FL,ASO,ES,Federal Contract Tower,0,0,27,0,27,0,4,82,0,86,0,4,109,0,113,248,0,248,361
04/15/2023,LEE,FL,ASO,ES,Federal Contract Tower,0,2,30,0,32,0,2,111,0,113,0,4,141,0,145,252,0,252,397
04/16/2023,LEE,FL,ASO,ES,Federal Contract Tower,0,0,16,0,16,0,1,79,0,80,0,1,95,0,96,204,0,204,300
04/17/2023,LEE,FL,ASO,ES,Federal Contract Tower,0,2,28,0,30,0,2,72,0,74,0,4,100,0,104,226,0,226,330
04/18/2023,LEE,FL,ASO,ES,Federal Contract Tower,0,2,36,0,38,0,6,142,0,148,0,8,178,0,186,314,0,314,500
04/19/2023,LEE,FL,ASO,ES,Federal Contract Tower,0,2,45,0,47,0,0,119,0,119,0,2,164,0,166,312,0,312,478
04/20/2023,LEE,FL,ASO,ES,Federal Contract Tower,0,0,31,0,31,0,3,110,0,113,0,3,141,0,144,260,0,260,404
04/21/2023,LEE,FL,ASO,ES,Federal Contract Tower,0,0,32,0,32,0,4,114,0,118,0,4,146,0,150,250,0,250,400
04/22/2023,LEE,FL,ASO,ES,Federal Contract Tower,0,2,19,0,21,0,4,81,0,85,0,6,100,0,106,222,0,222,328
04/23/2023,LEE,FL,ASO,ES,Federal Contract Tower,0,6,23,0,29,0,0,59,0,59,0,6,82,0,88,52,0,52,140
04/24/2023,LEE,FL,ASO,ES,Federal Contract Tower,0,3,21,0,24,0,0,65,0,65,0,3,86,0,89,182,0,182,271
04/25/2023,LEE,FL,ASO,ES,Federal Contract Tower,0,3,16,0,19,0,7,59,0,66,0,10,75,0,85,210,0,210,295
04/26/2023,LEE,FL,ASO,ES,Federal Contract Tower,0,1,37,0,38,0,4,91,0,95,0,5,128,0,133,256,0,256,389
04/27/2023,LEE,FL,ASO,ES,Federal Contract Tower,0,7,33,0,40,0,3,84,0,87,0,10,117,0,127,126,0,126,253
04/28/2023,LEE,FL,ASO,ES,Federal Contract Tower,0,3,30,0,33,0,5,74,0,79,0,8,104,0,112,240,0,240,352
04/29/2023,LEE,FL,ASO,ES,Federal Contract Tower,0,1,7,0,8,0,4,79,0,83,0,5,86,0,91,88,0,88,179
04/30/2023,LEE,FL,ASO,ES,Federal Contract Tower,0,0,6,0,6,0,0,12,0,12,0,0,18,0,18,10,0,10,28
05/01/2023,LEE,FL,ASO,ES,Federal Contract Tower,0,5,29,0,34,0,2,96,0,98,0,7,125,0,132,180,0,180,312
05/02/2023,LEE,FL,ASO,ES,Federal Contract Tower,0,2,22,0,24,0,1,81,0,82,0,3,103,0,106,82,0,82,188
05/03/2023,LEE,FL,ASO,ES,Federal Contract Tower,0,4,17,0,21,0,0,62,0,62,0,4,79,0,83,158,0,158,241
05/04/2023,LEE,FL,ASO,ES,Federal Contract Tower,0,0,37,0,37,0,0,112,0,112,0,0,149,0,149,246,0,246,395
05/05/2023,LEE,FL,ASO,ES,Federal Contract Tower,0,2,32,0,34,0,0,89,0,89,0,2,121,0,123,174,0,174,297
05/06/2023,LEE,FL,ASO,ES,Federal Contract Tower,0,1,12,0,13,0,5,67,0,72,0,6,79,0,85,75,0,75,160
05/07/2023,LEE,FL,ASO,ES,Federal Contract Tower,0,2,19,0,21,0,2,75,0,77,0,4,94,0,98,192,0,192,290
05/08/2023,LEE,FL,ASO,ES,Federal Contract Tower,0,0,22,0,22,0,2,129,0,131,0,2,151,0,153,242,0,242,395
05/09/2023,LEE,FL,ASO,ES,Federal Contract Tower,0,3,27,0,30,0,2,98,4,104,0,5,125,4,134,162,0,162,296
05/10/2023,LEE,FL,ASO,ES,Federal Contract Tower,0,4,28,0,32,0,8,87,0,95,0,12,115,0,127,160,0,160,287
05/11/2023,LEE,FL,ASO,ES,Federal Contract Tower,0,2,36,0,38,0,4,84,0,88,0,6,120,0,126,212,0,212,338
05/12/2023,LEE,FL,ASO,ES,Federal Contract Tower,0,7,35,0,42,0,0,118,0,118,0,7,153,0,160,280,0,280,440
05/13/2023,LEE,FL,ASO,ES,Federal Contract Tower,0,17,32,0,49,0,2,65,0,67,0,19,97,0,116,130,0,130,246
05/14/2023,LEE,FL,ASO,ES,Federal Contract Tower,0,0,13,0,13,0,2,65,0,67,0,2,78,0,80,106,0,106,186
05/15/2023,LEE,FL,ASO,ES,Federal Contract Tower,0,2,21,0,23,0,12,103,0,115,0,14,124,0,138,208,0,208,346
05/16/2023,LEE,FL,ASO,ES,Federal Contract Tower,0,2,25,0,27,0,5,98,0,103,0,7,123,0,130,300,0,300,430
05/17/2023,LEE,FL,ASO,ES,Federal Contract Tower,0,0,19,0,19,0,6,93,0,99,0,6,112,0,118,154,0,154,272
05/18/2023,LEE,FL,ASO,ES,Federal Contract Tower,0,1,19,0,20,0,2,105,0,107,0,3,124,0,127,206,0,206,333
05/19/2023,LEE,FL,ASO,ES,Federal Contract Tower,0,1,30,0,31,0,0,85,0,85,0,1,115,0,116,238,0,238,354
05/20/2023,LEE,FL,ASO,ES,Federal Contract Tower,0,8,31,0,39,0,0,75,0,75,0,8,106,0,114,112,0,112,226
05/21/2023,LEE,FL,ASO,ES,Federal Contract Tower,0,0,22,0,22,0,0,41,0,41,0,0,63,0,63,188,0,188,251
05/22/2023,LEE,FL,ASO,ES,Federal Contract Tower,0,0,32,0,32,0,2,51,0,53,0,2,83,0,85,104,0,104,189
05/23/2023,LEE,FL,ASO,ES,Federal Contract Tower,0,5,27,0,32,0,4,20,0,24,0,9,47,0,56,78,0,78,134
05/24/2023,LEE,FL,ASO,ES,Federal Contract Tower,0,5,38,0,43,0,9,26,0,35,0,14,64,0,78,96,0,96,174
05/25/2023,LEE,FL,ASO,ES,Federal Contract Tower,0,2,26,0,28,0,5,67,0,72,0,7,93,0,100,200,0,200,300
05/26/2023,LEE,FL,ASO,ES,Federal Contract Tower,0,2,45,0,47,0,2,37,0,39,0,4,82,0,86,76,0,76,162
05/27/2023,LEE,FL,ASO,ES,Federal Contract Tower,0,2,8,0,10,0,15,114,0,129,0,17,122,0,139,196,0,196,335
05/28/2023,LEE,FL,ASO,ES,Federal Contract Tower,0,0,10,0,10,0,5,87,0,92,0,5,97,0,102,160,0,160,262
05/29/2023,LEE,FL,ASO,ES,Federal Contract Tower,0,0,37,0,37,0,13,98,0,111,0,13,135,0,148,284,0,284,432
05/30/2023,LEE,FL,ASO,ES,Federal Contract Tower,0,4,37,0,41,0,8,126,2,136,0,12,163,2,177,300,0,300,477
05/31/2023,LEE,FL,ASO,ES,Federal Contract Tower,0,6,33,0,39,0,1,98,0,99,0,7,131,0,138,332,0,332,470
06/01/2023,LEE,FL,ASO,ES,Federal Contract Tower,0,0,24,0,24,0,2,69,0,71,0,2,93,0,95,152,0,152,247
06/02/2023,LEE,FL,ASO,ES,Federal Contract Tower,0,7,33,0,40,0,1,78,0,79,0,8,111,0,119,186,0,186,305
06/03/2023,LEE,FL,ASO,ES,Federal Contract Tower,0,0,23,0,23,0,0,34,0,34,0,0,57,0,57,88,0,88,145
06/04/2023,LEE,FL,ASO,ES,Federal Contract Tower,0,0,10,0,10,0,0,32,0,32,0,0,42,0,42,100,0,100,142
06/05/2023,LEE,FL,ASO,ES,Federal Contract Tower,0,0,20,0,20,0,4,76,0,80,0,4,96,0,100,212,0,212,312
06/06/2023,LEE,FL,ASO,ES,Federal Contract Tower,0,2,27,0,29,0,5,92,0,97,0,7,119,0,126,204,0,204,330
06/07/2023,LEE,FL,ASO,ES,Federal Contract Tower,0,1,25,0,26,0,1,83,0,84,0,2,108,0,110,160,0,160,270
06/08/2023,LEE,FL,ASO,ES,Federal Contract Tower,0,3,20,0,23,0,5,64,2,71,0,8,84,2,94,124,0,124,218
06/09/2023,LEE,FL,ASO,ES,Federal Contract Tower,0,1,15,0,16,0,2,95,0,97,0,3,110,0,113,244,0,244,357
06/10/2023,LEE,FL,ASO,ES,Federal Contract Tower,0,0,17,0,17,0,2,92,0,94,0,2,109,0,111,128,0,128,239
06/11/2023,LEE,FL,ASO,ES,Federal Contract Tower,0,0,5,0,5,0,3,70,0,73,0,3,75,0,78,192,0,192,270
06/12/2023,LEE,FL,ASO,ES,Federal Contract Tower,0,2,27,0,29,0,3,91,0,94,0,5,118,0,123,304,0,304,427
06/13/2023,LEE,FL,ASO,ES,Federal Contract Tower,0,1,8,0,9,0,9,115,0,124,0,10,123,0,133,268,0,268,401
06/14/2023,LEE,FL,ASO,ES,Federal Contract Tower,0,4,19,0,23,0,2,104,0,106,0,6,123,0,129,230,0,230,359
06/15/2023,LEE,FL,ASO,ES,Federal Contract Tower,0,1,26,0,27,0,2,84,0,86,0,3,110,0,113,216,0,216,329
06/16/2023,LEE,FL,ASO,ES,Federal Contract Tower,0,5,11,0,16,0,0,52,0,52,0,5,63,0,68,102,0,102,170
06/17/2023,LEE,FL,ASO,ES,Federal Contract Tower,0,1,7,1,9,0,0,19,1,20,0,1,26,2,29,38,0,38,67
06/18/2023,LEE,FL,ASO,ES,Federal Contract Tower,0,1,14,0,15,0,6,30,0,36,0,7,44,0,51,140,0,140,191
06/19/2023,LEE,FL,ASO,ES,Federal Contract Tower,0,4,14,0,18,0,0,129,0,129,0,4,143,0,147,210,0,210,357
06/20/2023,LEE,FL,ASO,ES,Federal Contract Tower,0,3,13,0,16,0,0,20,0,20,0,3,33,0,36,58,0,58,94
06/21/2023,LEE,FL,ASO,ES,Federal Contract Tower,0,3,13,0,16,0,0,48,0,48,0,3,61,0,64,56,0,56,120
06/22/2023,LEE,FL,ASO,ES,Federal Contract Tower,0,4,12,0,16,0,2,66,0,68,0,6,78,0,84,212,0,212,296
06/23/2023,LEE,FL,ASO,ES,Federal Contract Tower,0,1,15,0,16,0,3,54,0,57,0,4,69,0,73,76,0,76,149
06/24/2023,LEE,FL,ASO,ES,Federal Contract Tower,0,1,11,0,12,0,2,127,0,129,0,3,138,0,141,142,0,142,283
06/25/2023,LEE,FL,ASO,ES,Federal Contract Tower,0,2,15,0,17,0,4,76,0,80,0,6,91,0,97,142,0,142,239
06/26/2023,LEE,FL,ASO,ES,Federal Contract Tower,0,0,32,0,32,0,4,104,0,108,0,4,136,0,140,316,0,316,456
06/27/2023,LEE,FL,ASO,ES,Federal Contract Tower,0,1,28,0,29,0,4,94,0,98,0,5,122,0,127,208,0,208,335
06/28/2023,LEE,FL,ASO,ES,Federal Contract Tower,0,4,16,0,20,0,0,31,0,31,0,4,47,0,51,112,0,112,163
06/29/2023,LEE,FL,ASO,ES,Federal Contract Tower,0,3,31,0,34,0,7,129,0,136,0,10,160,0,170,222,0,222,392
06/30/2023,LEE,FL,ASO,ES,Federal Contract Tower,0,1,12,0,13,0,0,126,0,126,0,1,138,0,139,228,0,228,367
07/01/2023,LEE,FL,ASO,ES,Federal Contract Tower,0,0,16,0,16,0,2,82,0,84,0,2,98,0,100,162,0,162,262
07/02/2023,LEE,FL,ASO,ES,Federal Contract Tower,0,0,12,0,12,0,4,43,0,47,0,4,55,0,59,90,0,90,149
07/03/2023,LEE,FL,ASO,ES,Federal Contract Tower,0,0,17,0,17,0,1,71,0,72,0,1,88,0,89,134,0,134,223
07/04/2023,LEE,FL,ASO,ES,Federal Contract Tower,0,2,12,0,14,0,7,67,0,74,0,9,79,0,88,162,0,162,250
07/05/2023,LEE,FL,ASO,ES,Federal Contract Tower,0,3,40,0,43,0,13,59,0,72,0,16,99,0,115,116,0,116,231
07/06/2023,LEE,FL,ASO,ES,Federal Contract Tower,0,0,13,0,13,0,7,81,0,88,0,7,94,0,101,142,0,142,243
07/07/2023,LEE,FL,ASO,ES,Federal Contract Tower,0,0,21,0,21,0,0,39,0,39,0,0,60,0,60,106,0,106,166
07/08/2023,LEE,FL,ASO,ES,Federal Contract Tower,0,0,8,0,8,0,1,36,0,37,0,1,44,0,45,18,0,18,63
07/09/2023,LEE,FL,ASO,ES,Federal Contract Tower,0,0,16,0,16,0,2,49,0,51,0,2,65,0,67,90,0,90,157
07/10/2023,LEE,FL,ASO,ES,Federal Contract Tower,0,2,20,0,22,0,2,66,0,68,0,4,86,0,90,150,2,152,242
07/11/2023,LEE,FL,ASO,ES,Federal Contract Tower,0,2,11,0,13,0,0,19,0,19,0,2,30,0,32,74,0,74,106
07/12/2023,LEE,FL,ASO,ES,Federal Contract Tower,0,2,25,0,27,0,6,60,0,66,0,8,85,0,93,162,0,162,255
07/13/2023,LEE,FL,ASO,ES,Federal Contract Tower,0,1,15,0,16,0,2,76,0,78,0,3,91,0,94,164,0,164,258
07/14/2023,LEE,FL,ASO,ES,Federal Contract Tower,0,1,18,0,19,0,1,82,0,83,0,2,100,0,102,132,0,132,234
07/15/2023,LEE,FL,ASO,ES,Federal Contract Tower,0,0,12,0,12,0,2,78,0,80,0,2,90,0,92,144,0,144,236
07/16/2023,LEE,FL,ASO,ES,Federal Contract Tower,0,2,13,0,15,0,0,42,0,42,0,2,55,0,57,120,0,120,177
07/17/2023,LEE,FL,ASO,ES,Federal Contract Tower,0,0,13,0,13,0,2,68,0,70,0,2,81,0,83,100,1,101,184
07/18/2023,LEE,FL,ASO,ES,Federal Contract Tower,0,2,32,0,34,0,3,105,0,108,0,5,137,0,142,278,0,278,420
07/19/2023,LEE,FL,ASO,ES,Federal Contract Tower,0,1,27,0,28,0,0,116,0,116,0,1,143,0,144,280,0,280,424
07/20/2023,LEE,FL,ASO,ES,Federal Contract Tower,0,0,30,0,30,0,16,122,0,138,0,16,152,0,168,294,0,294,462
07/21/2023,LEE,FL,ASO,ES,Federal Contract Tower,0,4,23,0,27,0,7,98,0,105,0,11,121,0,132,220,0,220,352
07/22/2023,LEE,FL,ASO,ES,Federal Contract Tower,0,1,13,0,14,0,0,81,0,81,0,1,94,0,95,134,0,134,229
07/23/2023,LEE,FL,ASO,ES,Federal Contract Tower,0,0,12,0,12,0,1,33,0,34,0,1,45,0,46,76,0,76,122
07/24/2023,LEE,FL,ASO,ES,Federal Contract Tower,0,0,15,0,15,0,3,57,0,60,0,3,72,0,75,106,0,106,181
07/25/2023,LEE,FL,ASO,ES,Federal Contract Tower,0,0,38,0,38,0,6,89,0,95,0,6,127,0,133,194,0,194,327
07/26/2023,LEE,FL,ASO,ES,Federal Contract Tower,0,0,28,0,28,0,6,124,0,130,0,6,152,0,158,172,0,172,330
07/27/2023,LEE,FL,ASO,ES,Federal Contract Tower,0,0,32,0,32,0,5,76,0,81,0,5,108,0,113,208,0,208,321
07/28/2023,LEE,FL,ASO,ES,Federal Contract Tower,0,6,32,0,38,0,0,70,0,70,0,6,102,0,108,258,0,258,366
07/29/2023,LEE,FL,ASO,ES,Federal Contract Tower,0,2,16,0,18,0,4,58,0,62,0,6,74,0,80,172,0,172,252
07/30/2023,LEE,FL,ASO,ES,Federal Contract Tower,0,0,6,0,6,0,0,61,0,61,0,0,67,0,67,138,0,138,205
07/31/2023,LEE,FL,ASO,ES,Federal Contract Tower,0,0,11,0,11,0,2,64,0,66,0,2,75,0,77,182,0,182,259
08/01/2023,LEE,FL,ASO,ES,Federal Contract Tower,0,0,17,0,17,0,5,53,0,58,0,5,70,0,75,232,0,232,307
08/02/2023,LEE,FL,ASO,ES,Federal Contract Tower,0,27,0,0,27,0,3,38,0,41,0,30,38,0,68,102,0,102,170
08/03/2023,LEE,FL,ASO,ES,Federal Contract Tower,0,2,19,0,21,0,2,75,0,77,0,4,94,0,98,236,0,236,334
08/04/2023,LEE,FL,ASO,ES,Federal Contract Tower,0,0,35,0,35,0,0,71,0,71,0,0,106,0,106,138,0,138,244
08/05/2023,LEE,FL,ASO,ES,Federal Contract Tower,0,2,8,0,10,0,0,55,0,55,0,2,63,0,65,132,0,132,197
08/06/2023,LEE,FL,ASO,ES,Federal Contract Tower,0,0,4,0,4,0,0,43,0,43,0,0,47,0,47,138,0,138,185
08/07/2023,LEE,FL,ASO,ES,Federal Contract Tower,0,0,20,0,20,0,4,106,0,110,0,4,126,0,130,256,0,256,386
08/08/2023,LEE,FL,ASO,ES,Federal Contract Tower,0,2,19,0,21,0,11,102,0,113,0,13,121,0,134,246,0,246,380
08/09/2023,LEE,FL,ASO,ES,Federal Contract Tower,0,1,32,0,33,0,6,87,0,93,0,7,119,0,126,241,0,241,367
08/10/2023,LEE,FL,ASO,ES,Federal Contract Tower,0,1,29,0,30,0,5,91,0,96,0,6,120,0,126,182,0,182,308
08/11/2023,LEE,FL,ASO,ES,Federal Contract Tower,0,0,31,0,31,0,9,91,0,100,0,9,122,0,131,184,0,184,315
08/12/2023,LEE,FL,ASO,ES,Federal Contract Tower,0,0,15,0,15,0,0,80,0,80,0,0,95,0,95,148,0,148,243
08/13/2023,LEE,FL,ASO,ES,Federal Contract Tower,0,0,10,0,10,0,4,61,0,65,0,4,71,0,75,86,0,86,161
08/14/2023,LEE,FL,ASO,ES,Federal Contract Tower,0,1,22,0,23,0,0,77,0,77,0,1,99,0,100,128,0,128,228
08/15/2023,LEE,FL,ASO,ES,Federal Contract Tower,0,1,17,0,18,0,0,72,0,72,0,1,89,0,90,117,0,117,207
08/16/2023,LEE,FL,ASO,ES,Federal Contract Tower,0,1,14,4,19,0,1,81,0,82,0,2,95,4,101,232,0,232,333
08/17/2023,LEE,FL,ASO,ES,Federal Contract Tower,0,0,12,0,12,0,2,64,0,66,0,2,76,0,78,228,0,228,306
08/18/2023,LEE,FL,ASO,ES,Federal Contract Tower,0,0,20,0,20,0,0,70,0,70,0,0,90,0,90,112,0,112,202
08/19/2023,LEE,FL,ASO,ES,Federal Contract Tower,0,0,20,0,20,0,12,98,0,110,0,12,118,0,130,250,0,250,380
08/20/2023,LEE,FL,ASO,ES,Federal Contract Tower,0,6,11,0,17,0,0,46,0,46,0,6,57,0,63,74,0,74,137
08/21/2023,LEE,FL,ASO,ES,Federal Contract Tower,0,2,28,0,30,0,5,77,0,82,0,7,105,0,112,146,0,146,258
08/22/2023,LEE,FL,ASO,ES,Federal Contract Tower,0,1,27,0,28,0,0,86,0,86,0,1,113,0,114,306,0,306,420
08/23/2023,LEE,FL,ASO,ES,Federal Contract Tower,0,2,42,0,44,0,3,111,0,114,0,5,153,0,158,298,0,298,456
08/24/2023,LEE,FL,ASO,ES,Federal Contract Tower,0,2,28,0,30,0,14,109,0,123,0,16,137,0,153,238,0,238,391
08/25/2023,LEE,FL,ASO,ES,Federal Contract Tower,0,4,35,0,39,0,3,126,2,131,0,7,161,2,170,234,0,234,404
08/26/2023,LEE,FL,ASO,ES,Federal Contract Tower,0,4,24,0,28,0,2,91,0,93,0,6,115,0,121,104,0,104,225
08/27/2023,LEE,FL,ASO,ES,Federal Contract Tower,0,0,18,0,18,0,1,73,0,74,0,1,91,0,92,190,0,190,282
08/28/2023,LEE,FL,ASO,ES,Federal Contract Tower,0,2,36,0,38,0,1,81,0,82,0,3,117,0,120,206,0,206,326
08/29/2023,LEE,FL,ASO,ES,Federal Contract Tower,0,4,3,0,7,0,3,85,0,88,0,7,88,0,95,118,0,118,213
08/30/2023,LEE,FL,ASO,ES,Federal Contract Tower,0,0,0,0,0,0,0,0,0,0,0,0,0,0,0,0,0,0,0
08/31/2023,LEE,FL,ASO,ES,Federal Contract Tower,0,0,28,0,28,0,1,45,0,46,0,1,73,0,74,100,0,100,174
01/01/2020,LEE,FL,ASO,ES,Federal Contract Tower,0,0,31,0,31,0,6,67,0,73,0,6,98,0,104,36,0,36,140
01/02/2020,LEE,FL,ASO,ES,Federal Contract Tower,0,3,38,0,41,0,4,85,0,89,0,7,123,0,130,98,0,98,228
01/03/2020,LEE,FL,ASO,ES,Federal Contract Tower,0,0,30,0,30,0,2,29,0,31,0,2,59,0,61,38,0,38,99
01/04/2020,LEE,FL,ASO,ES,Federal Contract Tower,0,3,24,0,27,0,2,8,0,10,0,5,32,0,37,0,0,0,37
01/05/2020,LEE,FL,ASO,ES,Federal Contract Tower,0,0,42,0,42,0,4,77,0,81,0,4,119,0,123,128,0,128,251
01/06/2020,LEE,FL,ASO,ES,Federal Contract Tower,0,1,41,0,42,0,2,90,0,92,0,3,131,0,134,94,0,94,228
01/07/2020,LEE,FL,ASO,ES,Federal Contract Tower,0,3,55,0,58,0,8,74,0,82,0,11,129,0,140,93,0,93,233
01/08/2020,LEE,FL,ASO,ES,Federal Contract Tower,0,0,42,0,42,0,0,106,0,106,0,0,148,0,148,178,4,182,330
01/09/2020,LEE,FL,ASO,ES,Federal Contract Tower,0,4,32,0,36,0,2,93,0,95,0,6,125,0,131,80,0,80,211
01/10/2020,LEE,FL,ASO,ES,Federal Contract Tower,0,1,54,0,55,0,6,100,0,106,0,7,154,0,161,174,0,174,335
01/11/2020,LEE,FL,ASO,ES,Federal Contract Tower,0,0,68,0,68,0,0,40,0,40,0,0,108,0,108,26,0,26,134
01/12/2020,LEE,FL,ASO,ES,Federal Contract Tower,0,0,37,0,37,0,5,68,2,75,0,5,105,2,112,120,0,120,232
01/13/2020,LEE,FL,ASO,ES,Federal Contract Tower,0,7,73,2,82,0,1,74,0,75,0,8,147,2,157,100,0,100,257
01/14/2020,LEE,FL,ASO,ES,Federal Contract Tower,0,0,35,0,35,0,1,29,0,30,0,1,64,0,65,64,0,64,129
01/15/2020,LEE,FL,ASO,ES,Federal Contract Tower,0,2,65,0,67,0,1,81,0,82,0,3,146,0,149,82,0,82,231
01/16/2020,LEE,FL,ASO,ES,Federal Contract Tower,0,0,52,0,52,0,7,67,0,74,0,7,119,0,126,146,0,146,272
01/17/2020,LEE,FL,ASO,ES,Federal Contract Tower,0,0,52,0,52,0,0,76,0,76,0,0,128,0,128,114,0,114,242
01/18/2020,LEE,FL,ASO,ES,Federal Contract Tower,0,1,51,0,52,0,4,98,6,108,0,5,149,6,160,106,0,106,266
01/19/2020,LEE,FL,ASO,ES,Federal Contract Tower,0,0,29,0,29,0,4,34,0,38,0,4,63,0,67,106,0,106,173
01/20/2020,LEE,FL,ASO,ES,Federal Contract Tower,0,0,47,0,47,0,3,110,0,113,0,3,157,0,160,226,0,226,386
01/21/2020,LEE,FL,ASO,ES,Federal Contract Tower,0,2,22,0,24,0,4,56,0,60,0,6,78,0,84,74,0,74,158
01/22/2020,LEE,FL,ASO,ES,Federal Contract Tower,0,0,59,0,59,0,0,53,0,53,0,0,112,0,112,26,0,26,138
01/23/2020,LEE,FL,ASO,ES,Federal Contract Tower,0,0,53,0,53,0,3,60,0,63,0,3,113,0,116,82,2,84,200
01/24/2020,LEE,FL,ASO,ES,Federal Contract Tower,0,2,36,0,38,0,0,77,0,77,0,2,113,0,115,136,0,136,251
01/25/2020,LEE,FL,ASO,ES,Federal Contract Tower,0,0,45,0,45,0,0,142,0,142,0,0,187,0,187,140,0,140,327
01/26/2020,LEE,FL,ASO,ES,Federal Contract Tower,0,2,52,0,54,0,2,150,0,152,0,4,202,0,206,114,0,114,320
01/27/2020,LEE,FL,ASO,ES,Federal Contract Tower,0,0,44,0,44,0,4,63,0,67,0,4,107,0,111,116,0,116,227
01/28/2020,LEE,FL,ASO,ES,Federal Contract Tower,0,0,40,0,40,0,2,105,0,107,0,2,145,0,147,182,0,182,329
01/29/2020,LEE,FL,ASO,ES,Federal Contract Tower,0,4,62,0,66,0,1,67,0,68,0,5,129,0,134,186,0,186,320
01/30/2020,LEE,FL,ASO,ES,Federal Contract Tower,0,1,83,0,84,0,1,25,0,26,0,2,108,0,110,24,0,24,134
01/31/2020,LEE,FL,ASO,ES,Federal Contract Tower,0,2,65,0,67,0,0,56,0,56,0,2,121,0,123,146,0,146,269
02/01/2020,LEE,FL,ASO,ES,Federal Contract Tower,0,2,25,0,27,0,0,11,0,11,0,2,36,0,38,0,0,0,38
02/02/2020,LEE,FL,ASO,ES,Federal Contract Tower,0,1,48,0,49,0,2,125,0,127,0,3,173,0,176,138,0,138,314
02/03/2020,LEE,FL,ASO,ES,Federal Contract Tower,0,4,61,0,65,0,3,117,0,120,0,7,178,0,185,120,0,120,305
02/04/2020,LEE,FL,ASO,ES,Federal Contract Tower,0,2,41,0,43,0,6,104,0,110,0,8,145,0,153,176,0,176,329
02/05/2020,LEE,FL,ASO,ES,Federal Contract Tower,0,2,57,2,61,0,0,69,0,69,0,2,126,2,130,184,0,184,314
02/06/2020,LEE,FL,ASO,ES,Federal Contract Tower,0,0,20,0,20,0,1,8,0,9,0,1,28,0,29,0,0,0,29
02/07/2020,LEE,FL,ASO,ES,Federal Contract Tower,0,1,37,0,38,0,0,12,0,12,0,1,49,0,50,0,0,0,50
02/08/2020,LEE,FL,ASO,ES,Federal Contract Tower,0,0,52,0,52,0,0,184,0,184,0,0,236,0,236,7,0,7,243
02/09/2020,LEE,FL,ASO,ES,Federal Contract Tower,0,0,32,0,32,0,1,78,0,79,0,1,110,0,111,132,0,132,243
02/10/2020,LEE,FL,ASO,ES,Federal Contract Tower,0,0,62,0,62,0,0,97,0,97,0,0,159,0,159,150,0,150,309
02/11/2020,LEE,FL,ASO,ES,Federal Contract Tower,0,0,47,0,47,0,7,60,0,67,0,7,107,0,114,146,0,146,260
02/12/2020,LEE,FL,ASO,ES,Federal Contract Tower,0,2,54,0,56,0,2,57,2,61,0,4,111,2,117,106,0,106,223
02/13/2020,LEE,FL,ASO,ES,Federal Contract Tower,0,0,37,0,37,0,4,57,0,61,0,4,94,0,98,54,4,58,156
02/14/2020,LEE,FL,ASO,ES,Federal Contract Tower,0,1,62,0,63,0,0,72,0,72,0,1,134,0,135,4,0,4,139
02/15/2020,LEE,FL,ASO,ES,Federal Contract Tower,0,1,54,0,55,0,0,0,0,0,0,1,54,0,55,6,0,6,61
02/16/2020,LEE,FL,ASO,ES,Federal Contract Tower,0,3,62,0,65,0,2,60,0,62,0,5,122,0,127,212,0,212,339
02/17/2020,LEE,FL,ASO,ES,Federal Contract Tower,0,3,38,0,41,0,5,29,0,34,0,8,67,0,75,66,0,66,141
02/18/2020,LEE,FL,ASO,ES,Federal Contract Tower,0,1,45,2,48,0,5,91,1,97,0,6,136,3,145,150,0,150,295
02/19/2020,LEE,FL,ASO,ES,Federal Contract Tower,0,4,43,0,47,0,0,95,2,97,0,4,138,2,144,194,0,194,338
02/20/2020,LEE,FL,ASO,ES,Federal Contract Tower,0,2,51,0,53,0,1,59,2,62,0,3,110,2,115,126,0,126,241
02/21/2020,LEE,FL,ASO,ES,Federal Contract Tower,0,1,20,0,21,0,0,18,0,18,0,1,38,0,39,1,2,3,42
02/22/2020,LEE,FL,ASO,ES,Federal Contract Tower,0,0,47,0,47,0,2,100,0,102,0,2,147,0,149,6,0,6,155
02/23/2020,LEE,FL,ASO,ES,Federal Contract Tower,0,0,42,0,42,0,4,105,4,113,0,4,147,4,155,199,0,199,354
02/24/2020,LEE,FL,ASO,ES,Federal Contract Tower,0,1,63,0,64,0,0,65,0,65,0,1,128,0,129,132,0,132,261
02/25/2020,LEE,FL,ASO,ES,Federal Contract Tower,0,3,64,0,67,0,1,67,0,68,0,4,131,0,135,196,0,196,331
02/26/2020,LEE,FL,ASO,ES,Federal Contract Tower,0,2,34,0,36,0,5,42,0,47,0,7,76,0,83,98,0,98,181
02/27/2020,LEE,FL,ASO,ES,Federal Contract Tower,0,1,59,0,60,0,5,84,0,89,0,6,143,0,149,182,0,182,331
02/28/2020,LEE,FL,ASO,ES,Federal Contract Tower,0,0,0,0,0,0,0,105,0,105,0,0,105,0,105,3,0,3,108
02/29/2020,LEE,FL,ASO,ES,Federal Contract Tower,0,0,43,0,43,0,0,0,0,0,0,0,43,0,43,1,2,3,46
03/01/2020,LEE,FL,ASO,ES,Federal Contract Tower,0,1,67,0,68,0,3,72,0,75,0,4,139,0,143,108,5,113,256
03/02/2020,LEE,FL,ASO,ES,Federal Contract Tower,0,3,77,0,80,0,0,65,0,65,0,3,142,0,145,154,0,154,299
03/03/2020,LEE,FL,ASO,ES,Federal Contract Tower,0,1,73,0,74,0,4,91,0,95,0,5,164,0,169,60,0,60,229
03/04/2020,LEE,FL,ASO,ES,Federal Contract Tower,0,0,46,1,47,0,8,66,2,76,0,8,112,3,123,104,8,112,235
03/05/2020,LEE,FL,ASO,ES,Federal Contract Tower,0,6,40,0,46,0,0,47,0,47,0,6,87,0,93,76,0,76,169
03/06/2020,LEE,FL,ASO,ES,Federal Contract Tower,0,2,65,0,67,0,3,45,0,48,0,5,110,0,115,88,4,92,207
03/07/2020,LEE,FL,ASO,ES,Federal Contract Tower,0,0,37,0,37,0,0,63,0,63,0,0,100,0,100,76,0,76,176
03/08/2020,LEE,FL,ASO,ES,Federal Contract Tower,0,2,49,0,51,0,4,57,0,61,0,6,106,0,112,92,0,92,204
03/09/2020,LEE,FL,ASO,ES,Federal Contract Tower,0,2,17,0,19,0,2,27,0,29,0,4,44,0,48,32,0,32,80
03/10/2020,LEE,FL,ASO,ES,Federal Contract Tower,0,3,52,0,55,0,4,68,0,72,0,7,120,0,127,150,0,150,277
03/11/2020,LEE,FL,ASO,ES,Federal Contract Tower,0,6,56,2,64,0,2,89,0,91,0,8,145,2,155,254,0,254,409
03/12/2020,LEE,FL,ASO,ES,Federal Contract Tower,0,0,41,0,41,0,2,100,0,102,0,2,141,0,143,92,0,92,235
03/13/2020,LEE,FL,ASO,ES,Federal Contract Tower,0,0,32,0,32,0,2,95,2,99,0,2,127,2,131,96,0,96,227
03/14/2020,LEE,FL,ASO,ES,Federal Contract Tower,0,0,39,0,39,0,2,88,0,90,0,2,127,0,129,242,0,242,371
03/15/2020,LEE,FL,ASO,ES,Federal Contract Tower,0,1,51,0,52,0,3,66,0,69,0,4,117,0,121,28,0,28,149
03/16/2020,LEE,FL,ASO,ES,Federal Contract Tower,0,3,45,0,48,0,3,62,0,65,0,6,107,0,113,146,0,146,259
03/17/2020,LEE,FL,ASO,ES,Federal Contract Tower,0,0,5,0,5,0,2,56,0,58,0,2,61,0,63,166,0,166,229
03/18/2020,LEE,FL,ASO,ES,Federal Contract Tower,0,1,26,0,27,0,3,70,0,73,0,4,96,0,100,206,0,206,306
03/19/2020,LEE,FL,ASO,ES,Federal Contract Tower,0,3,25,0,28,0,0,90,0,90,0,3,115,0,118,168,0,168,286
03/20/2020,LEE,FL,ASO,ES,Federal Contract Tower,0,1,53,0,54,0,0,118,0,118,0,1,171,0,172,5,0,5,177
03/21/2020,LEE,FL,ASO,ES,Federal Contract Tower,0,2,35,0,37,0,1,105,0,106,0,3,140,0,143,200,0,200,343
03/22/2020,LEE,FL,ASO,ES,Federal Contract Tower,0,1,32,0,33,0,0,69,0,69,0,1,101,0,102,75,0,75,177
03/23/2020,LEE,FL,ASO,ES,Federal Contract Tower,0,3,48,0,51,0,1,73,0,74,0,4,121,0,125,102,0,102,227
03/25/2020,LEE,FL,ASO,ES,Federal Contract Tower,0,0,42,0,42,0,0,41,0,41,0,0,83,0,83,74,0,74,157
03/26/2020,LEE,FL,ASO,ES,Federal Contract Tower,0,3,57,0,60,0,0,64,0,64,0,3,121,0,124,118,0,118,242
03/27/2020,LEE,FL,ASO,ES,Federal Contract Tower,0,2,33,0,35,0,4,80,0,84,0,6,113,0,119,76,0,76,195
03/28/2020,LEE,FL,ASO,ES,Federal Contract Tower,0,0,29,0,29,0,0,0,0,0,0,0,29,0,29,224,0,224,253
03/29/2020,LEE,FL,ASO,ES,Federal Contract Tower,0,2,34,0,36,0,0,75,0,75,0,2,109,0,111,94,0,94,205
03/30/2020,LEE,FL,ASO,ES,Federal Contract Tower,0,0,13,0,13,0,2,128,0,130,0,2,141,0,143,184,0,184,327
03/31/2020,LEE,FL,ASO,ES,Federal Contract Tower,0,1,24,0,25,0,6,59,0,65,0,7,83,0,90,98,0,98,188
04/01/2020,LEE,FL,ASO,ES,Federal Contract Tower,0,3,29,0,32,0,0,89,0,89,0,3,118,0,121,224,0,224,345
04/02/2020,LEE,FL,ASO,ES,Federal Contract Tower,0,0,25,0,25,0,0,180,0,180,0,0,205,0,205,344,0,344,549
04/03/2020,LEE,FL,ASO,ES,Federal Contract Tower,0,0,45,0,45,0,0,107,0,107,0,0,152,0,152,260,0,260,412
04/04/2020,LEE,FL,ASO,ES,Federal Contract Tower,0,0,11,0,11,0,6,134,0,140,0,6,145,0,151,254,0,254,405
04/05/2020,LEE,FL,ASO,ES,Federal Contract Tower,0,2,28,0,30,0,0,17,0,17,0,2,45,0,47,94,0,94,141
04/06/2020,LEE,FL,ASO,ES,Federal Contract Tower,0,0,30,0,30,0,1,72,0,73,0,1,102,0,103,126,0,126,229
04/07/2020,LEE,FL,ASO,ES,Federal Contract Tower,0,0,33,0,33,0,3,112,0,115,0,3,145,0,148,324,0,324,472
04/08/2020,LEE,FL,ASO,ES,Federal Contract Tower,0,5,22,0,27,0,2,56,0,58,0,7,78,0,85,126,0,126,211
04/09/2020,LEE,FL,ASO,ES,Federal Contract Tower,0,1,29,0,30,0,0,43,0,43,0,1,72,0,73,58,0,58,131
04/10/2020,LEE,FL,ASO,ES,Federal Contract Tower,0,0,21,0,21,0,1,49,0,50,0,1,70,0,71,136,0,136,207
04/11/2020,LEE,FL,ASO,ES,Federal Contract Tower,0,0,26,0,26,0,2,132,0,134,0,2,158,0,160,198,0,198,358
04/12/2020,LEE,FL,ASO,ES,Federal Contract Tower,0,0,13,0,13,0,3,26,0,29,0,3,39,0,42,56,0,56,98
04/13/2020,LEE,FL,ASO,ES,Federal Contract Tower,0,2,11,0,13,0,0,15,0,15,0,2,26,0,28,14,0,14,42
04/14/2020,LEE,FL,ASO,ES,Federal Contract Tower,0,0,24,0,24,0,2,49,0,51,0,2,73,0,75,160,0,160,235
04/15/2020,LEE,FL,ASO,ES,Federal Contract Tower,0,0,21,0,21,0,0,25,0,25,0,0,46,0,46,60,0,60,106
04/16/2020,LEE,FL,ASO,ES,Federal Contract Tower,0,0,17,0,17,0,0,28,0,28,0,0,45,0,45,82,0,82,127
04/17/2020,LEE,FL,ASO,ES,Federal Contract Tower,0,0,28,0,28,0,7,53,1,61,0,7,81,1,89,262,0,262,351
04/18/2020,LEE,FL,ASO,ES,Federal Contract Tower,0,0,13,0,13,0,3,17,0,20,0,3,30,0,33,34,0,34,67
04/19/2020,LEE,FL,ASO,ES,Federal Contract Tower,0,0,22,0,22,0,0,65,0,65,0,0,87,0,87,182,0,182,269
04/20/2020,LEE,FL,ASO,ES,Federal Contract Tower,0,0,7,0,7,0,3,12,0,15,0,3,19,0,22,6,0,6,28
04/21/2020,LEE,FL,ASO,ES,Federal Contract Tower,0,0,34,0,34,0,5,148,0,153,0,5,182,0,187,352,0,352,539
04/22/2020,LEE,FL,ASO,ES,Federal Contract Tower,0,0,37,0,37,0,0,0,0,0,0,0,37,0,37,312,0,312,349
04/23/2020,LEE,FL,ASO,ES,Federal Contract Tower,0,1,22,0,23,0,0,49,0,49,0,1,71,0,72,68,0,68,140
04/24/2020,LEE,FL,ASO,ES,Federal Contract Tower,0,0,2,0,2,0,0,11,0,11,0,0,13,0,13,0,0,0,13
04/25/2020,LEE,FL,ASO,ES,Federal Contract Tower,0,0,17,0,17,0,2,48,0,50,0,2,65,0,67,104,0,104,171
04/26/2020,LEE,FL,ASO,ES,Federal Contract Tower,0,8,10,0,18,0,1,42,2,45,0,9,52,2,63,66,6,72,135
04/27/2020,LEE,FL,ASO,ES,Federal Contract Tower,0,2,16,0,18,0,0,86,0,86,0,2,102,0,104,146,0,146,250
04/28/2020,LEE,FL,ASO,ES,Federal Contract Tower,0,1,20,0,21,0,3,86,0,89,0,4,106,0,110,112,0,112,222
04/29/2020,LEE,FL,ASO,ES,Federal Contract Tower,0,3,26,0,29,0,2,72,0,74,0,5,98,0,103,190,0,190,293
04/30/2020,LEE,FL,ASO,ES,Federal Contract Tower,0,0,19,0,19,0,0,24,0,24,0,0,43,0,43,70,0,70,113
05/01/2020,LEE,FL,ASO,ES,Federal Contract Tower,0,0,23,0,23,0,1,93,0,94,0,1,116,0,117,250,0,250,367
05/02/2020,LEE,FL,ASO,ES,Federal Contract Tower,0,0,24,0,24,0,0,111,0,111,0,0,135,0,135,170,0,170,305
05/03/2020,LEE,FL,ASO,ES,Federal Contract Tower,0,0,20,0,20,0,2,80,0,82,0,2,100,0,102,60,0,60,162
05/04/2020,LEE,FL,ASO,ES,Federal Contract Tower,0,0,14,0,14,0,2,70,0,72,0,2,84,0,86,156,0,156,242
05/05/2020,LEE,FL,ASO,ES,Federal Contract Tower,0,0,24,0,24,0,2,81,0,83,0,2,105,0,107,182,0,182,289
05/06/2020,LEE,FL,ASO,ES,Federal Contract Tower,0,0,33,0,33,0,2,67,0,69,0,2,100,0,102,150,0,150,252
05/07/2020,LEE,FL,ASO,ES,Federal Contract Tower,0,6,43,0,49,0,2,115,0,117,0,8,158,0,166,234,0,234,400
05/08/2020,LEE,FL,ASO,ES,Federal Contract Tower,0,2,0,0,2,0,0,129,0,129,0,2,129,0,131,290,0,290,421
05/09/2020,LEE,FL,ASO,ES,Federal Contract Tower,0,0,33,0,33,0,0,97,0,97,0,0,130,0,130,226,0,226,356
05/10/2020,LEE,FL,ASO,ES,Federal Contract Tower,0,1,19,0,20,0,0,7,0,7,0,1,26,0,27,0,0,0,27
05/11/2020,LEE,FL,ASO,ES,Federal Contract Tower,0,3,28,0,31,0,3,92,0,95,0,6,120,0,126,228,0,228,354
05/12/2020,LEE,FL,ASO,ES,Federal Contract Tower,0,1,31,0,32,0,6,77,0,83,0,7,108,0,115,214,0,214,329
05/13/2020,LEE,FL,ASO,ES,Federal Contract Tower,0,1,27,0,28,0,0,60,0,60,0,1,87,0,88,120,0,120,208
05/14/2020,LEE,FL,ASO,ES,Federal Contract Tower,0,4,24,0,28,0,1,43,0,44,0,5,67,0,72,78,0,78,150
05/15/2020,LEE,FL,ASO,ES,Federal Contract Tower,0,0,21,1,22,0,0,54,1,55,0,0,75,2,77,97,6,103,180
05/16/2020,LEE,FL,ASO,ES,Federal Contract Tower,0,0,38,0,38,0,2,23,0,25,0,2,61,0,63,68,0,68,131
05/17/2020,LEE,FL,ASO,ES,Federal Contract Tower,0,0,30,0,30,0,3,58,0,61,0,3,88,0,91,102,0,102,193
05/18/2020,LEE,FL,ASO,ES,Federal Contract Tower,0,2,19,0,21,0,0,45,0,45,0,2,64,0,66,146,0,146,212
05/19/2020,LEE,FL,ASO,ES,Federal Contract Tower,0,1,22,0,23,0,3,61,0,64,0,4,83,0,87,178,0,178,265
05/20/2020,LEE,FL,ASO,ES,Federal Contract Tower,0,2,37,2,41,0,0,89,0,89,0,2,126,2,130,234,0,234,364
05/21/2020,LEE,FL,ASO,ES,Federal Contract Tower,0,1,26,0,27,0,2,66,0,68,0,3,92,0,95,244,0,244,339
05/22/2020,LEE,FL,ASO,ES,Federal Contract Tower,0,0,47,0,47,0,0,111,0,111,0,0,158,0,158,194,0,194,352
05/23/2020,LEE,FL,ASO,ES,Federal Contract Tower,0,1,35,0,36,0,0,86,0,86,0,1,121,0,122,204,0,204,326
05/24/2020,LEE,FL,ASO,ES,Federal Contract Tower,0,0,28,0,28,0,4,50,0,54,0,4,78,0,82,80,0,80,162
05/25/2020,LEE,FL,ASO,ES,Federal Contract Tower,0,2,22,0,24,0,0,11,0,11,0,2,33,0,35,14,0,14,49
05/26/2020,LEE,FL,ASO,ES,Federal Contract Tower,0,1,38,0,39,0,0,31,0,31,0,1,69,0,70,90,0,90,160
05/27/2020,LEE,FL,ASO,ES,Federal Contract Tower,0,4,20,0,24,0,6,36,0,42,0,10,56,0,66,16,0,16,82
05/28/2020,LEE,FL,ASO,ES,Federal Contract Tower,0,4,35,0,39,0,2,48,0,50,0,6,83,0,89,156,0,156,245
05/29/2020,LEE,FL,ASO,ES,Federal Contract Tower,0,0,40,0,40,0,0,76,0,76,0,0,116,0,116,132,0,132,248
05/30/2020,LEE,FL,ASO,ES,Federal Contract Tower,0,0,49,0,49,0,0,88,0,88,0,0,137,0,137,120,0,120,257
05/31/2020,LEE,FL,ASO,ES,Federal Contract Tower,0,0,49,0,49,0,2,67,0,69,0,2,116,0,118,176,0,176,294
06/01/2020,LEE,FL,ASO,ES,Federal Contract Tower,0,0,44,0,44,0,3,36,0,39,0,3,80,0,83,102,0,102,185
06/02/2020,LEE,FL,ASO,ES,Federal Contract Tower,0,0,50,0,50,0,2,37,0,39,0,2,87,0,89,100,0,100,189
06/03/2020,LEE,FL,ASO,ES,Federal Contract Tower,0,0,35,0,35,0,1,59,0,60,0,1,94,0,95,164,0,164,259
06/04/2020,LEE,FL,ASO,ES,Federal Contract Tower,0,4,23,0,27,0,0,10,0,10,0,4,33,0,37,0,0,0,37
06/05/2020,LEE,FL,ASO,ES,Federal Contract Tower,0,3,43,0,46,0,2,69,0,71,0,5,112,0,117,88,0,88,205
06/06/2020,LEE,FL,ASO,ES,Federal Contract Tower,0,3,28,0,31,0,0,9,0,9,0,3,37,0,40,22,0,22,62
06/07/2020,LEE,FL,ASO,ES,Federal Contract Tower,0,1,17,0,18,0,0,11,0,11,0,1,28,0,29,46,0,46,75
06/08/2020,LEE,FL,ASO,ES,Federal Contract Tower,0,0,28,0,28,0,0,39,0,39,0,0,67,0,67,80,0,80,147
06/09/2020,LEE,FL,ASO,ES,Federal Contract Tower,0,0,48,0,48,0,0,75,0,75,0,0,123,0,123,170,0,170,293
06/10/2020,LEE,FL,ASO,ES,Federal Contract Tower,0,5,39,0,44,0,5,77,0,82,0,10,116,0,126,162,0,162,288
06/11/2020,LEE,FL,ASO,ES,Federal Contract Tower,0,16,18,0,34,0,0,72,0,72,0,16,90,0,106,140,0,140,246
06/12/2020,LEE,FL,ASO,ES,Federal Contract Tower,0,2,50,0,52,0,0,103,0,103,0,2,153,0,155,162,0,162,317
06/13/2020,LEE,FL,ASO,ES,Federal Contract Tower,0,0,22,0,22,0,0,38,0,38,0,0,60,0,60,101,0,101,161
06/14/2020,LEE,FL,ASO,ES,Federal Contract Tower,0,2,41,0,43,0,0,60,0,60,0,2,101,0,103,102,0,102,205
06/15/2020,LEE,FL,ASO,ES,Federal Contract Tower,0,0,65,0,65,0,0,0,0,0,0,0,65,0,65,102,0,102,167
06/16/2020,LEE,FL,ASO,ES,Federal Contract Tower,0,0,44,0,44,0,0,0,0,0,0,0,44,0,44,156,0,156,200
06/17/2020,LEE,FL,ASO,ES,Federal Contract Tower,0,1,47,0,48,0,6,81,0,87,0,7,128,0,135,134,0,134,269
06/18/2020,LEE,FL,ASO,ES,Federal Contract Tower,0,0,46,0,46,0,0,91,2,93,0,0,137,2,139,144,0,144,283
06/19/2020,LEE,FL,ASO,ES,Federal Contract Tower,0,0,22,1,23,0,2,55,1,58,0,2,77,2,81,94,8,102,183
06/20/2020,LEE,FL,ASO,ES,Federal Contract Tower,0,2,30,0,32,0,0,50,0,50,0,2,80,0,82,98,0,98,180
06/21/2020,LEE,FL,ASO,ES,Federal Contract Tower,0,0,26,0,26,0,0,46,0,46,0,0,72,0,72,142,0,142,214
06/22/2020,LEE,FL,ASO,ES,Federal Contract Tower,0,0,23,0,23,0,2,98,2,102,0,2,121,2,125,82,4,86,211
06/23/2020,LEE,FL,ASO,ES,Federal Contract Tower,0,24,0,0,24,0,0,46,0,46,0,24,46,0,70,188,0,188,258
06/24/2020,LEE,FL,ASO,ES,Federal Contract Tower,0,2,24,0,26,0,6,84,0,90,0,8,108,0,116,192,0,192,308
06/25/2020,LEE,FL,ASO,ES,Federal Contract Tower,0,0,20,0,20,0,4,64,0,68,0,4,84,0,88,138,0,138,226
06/26/2020,LEE,FL,ASO,ES,Federal Contract Tower,0,11,23,0,34,0,2,73,0,75,0,13,96,0,109,140,0,140,249
06/27/2020,LEE,FL,ASO,ES,Federal Contract Tower,0,0,21,0,21,0,1,87,0,88,0,1,108,0,109,148,0,148,257
06/28/2020,LEE,FL,ASO,ES,Federal Contract Tower,0,1,13,0,14,0,0,70,0,70,0,1,83,0,84,90,0,90,174
06/29/2020,LEE,FL,ASO,ES,Federal Contract Tower,0,0,20,0,20,0,2,68,0,70,0,2,88,0,90,114,0,114,204
06/30/2020,LEE,FL,ASO,ES,Federal Contract Tower,0,0,25,0,25,0,0,69,0,69,0,0,94,0,94,182,0,182,276
07/01/2020,LEE,FL,ASO,ES,Federal Contract Tower,0,1,16,0,17,0,3,53,0,56,0,4,69,0,73,160,0,160,233
07/02/2020,LEE,FL,ASO,ES,Federal Contract Tower,0,1,22,0,23,0,1,80,0,81,0,2,102,0,104,106,0,106,210
07/03/2020,LEE,FL,ASO,ES,Federal Contract Tower,0,3,29,0,32,0,2,57,0,59,0,5,86,0,91,141,0,141,232
07/04/2020,LEE,FL,ASO,ES,Federal Contract Tower,0,0,5,0,5,0,0,34,0,34,0,0,39,0,39,34,0,34,73
07/05/2020,LEE,FL,ASO,ES,Federal Contract Tower,0,4,10,0,14,0,0,27,0,27,0,4,37,0,41,40,0,40,81
07/06/2020,LEE,FL,ASO,ES,Federal Contract Tower,0,0,24,0,24,0,2,33,0,35,0,2,57,0,59,136,0,136,195
07/07/2020,LEE,FL,ASO,ES,Federal Contract Tower,0,0,37,0,37,0,0,86,0,86,0,0,123,0,123,160,0,160,283
07/09/2020,LEE,FL,ASO,ES,Federal Contract Tower,0,0,23,0,23,0,1,69,0,70,0,1,92,0,93,266,0,266,359
07/10/2020,LEE,FL,ASO,ES,Federal Contract Tower,0,0,22,0,22,0,0,56,0,56,0,0,78,0,78,114,0,114,192
07/11/2020,LEE,FL,ASO,ES,Federal Contract Tower,0,2,13,0,15,0,0,55,0,55,0,2,68,0,70,108,0,108,178
07/12/2020,LEE,FL,ASO,ES,Federal Contract Tower,0,3,18,2,23,0,0,63,0,63,0,3,81,2,86,96,0,96,182
07/13/2020,LEE,FL,ASO,ES,Federal Contract Tower,0,0,40,0,40,0,0,77,0,77,0,0,117,0,117,120,0,120,237
07/14/2020,LEE,FL,ASO,ES,Federal Contract Tower,0,0,49,0,49,0,1,67,0,68,0,1,116,0,117,144,0,144,261
07/15/2020,LEE,FL,ASO,ES,Federal Contract Tower,0,8,36,0,44,0,2,63,0,65,0,10,99,0,109,96,0,96,205
07/16/2020,LEE,FL,ASO,ES,Federal Contract Tower,0,1,41,0,42,0,1,90,0,91,0,2,131,0,133,237,0,237,370
07/17/2020,LEE,FL,ASO,ES,Federal Contract Tower,0,2,68,0,70,0,1,101,2,104,0,3,169,2,174,212,4,216,390
07/18/2020,LEE,FL,ASO,ES,Federal Contract Tower,0,2,7,0,9,0,0,63,0,63,0,2,70,0,72,50,0,50,122
07/19/2020,LEE,FL,ASO,ES,Federal Contract Tower,0,0,7,0,7,0,3,67,0,70,0,3,74,0,77,96,0,96,173
07/20/2020,LEE,FL,ASO,ES,Federal Contract Tower,0,3,48,0,51,0,4,73,0,77,0,7,121,0,128,196,0,196,324
07/21/2020,LEE,FL,ASO,ES,Federal Contract Tower,0,5,29,0,34,0,0,59,0,59,0,5,88,0,93,182,0,182,275
07/22/2020,LEE,FL,ASO,ES,Federal Contract Tower,0,0,30,0,30,0,1,42,0,43,0,1,72,0,73,184,0,184,257
07/23/2020,LEE,FL,ASO,ES,Federal Contract Tower,0,0,29,0,29,0,1,45,0,46,0,1,74,0,75,124,0,124,199
07/24/2020,LEE,FL,ASO,ES,Federal Contract Tower,0,0,54,0,54,0,1,102,0,103,0,1,156,0,157,128,0,128,285
07/25/2020,LEE,FL,ASO,ES,Federal Contract Tower,0,0,18,0,18,0,0,104,0,104,0,0,122,0,122,184,0,184,306
07/26/2020,LEE,FL,ASO,ES,Federal Contract Tower,0,4,18,0,22,0,1,50,0,51,0,5,68,0,73,50,0,50,123
07/27/2020,LEE,FL,ASO,ES,Federal Contract Tower,0,0,29,0,29,0,0,64,0,64,0,0,93,0,93,160,0,160,253
07/28/2020,LEE,FL,ASO,ES,Federal Contract Tower,0,0,19,0,19,0,3,53,0,56,0,3,72,0,75,137,0,137,212
07/29/2020,LEE,FL,ASO,ES,Federal Contract Tower,0,0,35,0,35,0,2,91,0,93,0,2,126,0,128,296,0,296,424
07/30/2020,LEE,FL,ASO,ES,Federal Contract Tower,0,1,40,0,41,0,4,60,0,64,0,5,100,0,105,206,0,206,311
07/31/2020,LEE,FL,ASO,ES,Federal Contract Tower,0,0,40,0,40,0,0,103,0,103,0,0,143,0,143,164,0,164,307
08/01/2020,LEE,FL,ASO,ES,Federal Contract Tower,0,0,13,0,13,0,1,71,0,72,0,1,84,0,85,112,0,112,197
08/02/2020,LEE,FL,ASO,ES,Federal Contract Tower,0,0,1,0,1,0,1,6,0,7,0,1,7,0,8,0,0,0,8
08/03/2020,LEE,FL,ASO,ES,Federal Contract Tower,0,0,37,0,37,0,0,40,0,40,0,0,77,0,77,94,0,94,171
08/04/2020,LEE,FL,ASO,ES,Federal Contract Tower,0,7,38,0,45,0,10,60,0,70,0,17,98,0,115,208,0,208,323
08/05/2020,LEE,FL,ASO,ES,Federal Contract Tower,0,1,56,0,57,0,4,103,0,107,0,5,159,0,164,112,0,112,276
08/06/2020,LEE,FL,ASO,ES,Federal Contract Tower,0,0,50,0,50,0,4,88,0,92,0,4,138,0,142,200,0,200,342
08/07/2020,LEE,FL,ASO,ES,Federal Contract Tower,0,0,51,0,51,0,0,114,0,114,0,0,165,0,165,226,0,226,391
08/08/2020,LEE,FL,ASO,ES,Federal Contract Tower,0,0,11,0,11,0,1,107,0,108,0,1,118,0,119,158,0,158,277
08/09/2020,LEE,FL,ASO,ES,Federal Contract Tower,0,0,3,0,3,0,2,52,0,54,0,2,55,0,57,66,0,66,123
08/10/2020,LEE,FL,ASO,ES,Federal Contract Tower,0,2,51,0,53,0,3,60,0,63,0,5,111,0,116,114,0,114,230
08/11/2020,LEE,FL,ASO,ES,Federal Contract Tower,0,2,46,0,48,0,3,68,0,71,0,5,114,0,119,240,0,240,359
08/12/2020,LEE,FL,ASO,ES,Federal Contract Tower,0,0,30,0,30,0,2,65,0,67,0,2,95,0,97,180,0,180,277
08/13/2020,LEE,FL,ASO,ES,Federal Contract Tower,0,1,27,0,28,0,1,77,0,78,0,2,104,0,106,88,0,88,194
08/14/2020,LEE,FL,ASO,ES,Federal Contract Tower,0,1,44,0,45,0,1,79,0,80,0,2,123,0,125,144,0,144,269
08/15/2020,LEE,FL,ASO,ES,Federal Contract Tower,0,1,8,0,9,0,1,82,0,83,0,2,90,0,92,172,0,172,264
08/16/2020,LEE,FL,ASO,ES,Federal Contract Tower,0,1,19,0,20,0,0,48,0,48,0,1,67,0,68,70,0,70,138
08/17/2020,LEE,FL,ASO,ES,Federal Contract Tower,0,0,20,0,20,0,1,48,0,49,0,1,68,0,69,72,0,72,141
08/18/2020,LEE,FL,ASO,ES,Federal Contract Tower,0,0,58,0,58,0,1,42,0,43,0,1,100,0,101,122,0,122,223
08/19/2020,LEE,FL,ASO,ES,Federal Contract Tower,0,0,41,0,41,0,2,38,0,40,0,2,79,0,81,80,0,80,161
08/20/2020,LEE,FL,ASO,ES,Federal Contract Tower,0,0,39,0,39,0,3,96,0,99,0,3,135,0,138,192,0,192,330
08/21/2020,LEE,FL,ASO,ES,Federal Contract Tower,0,0,39,0,39,0,4,47,0,51,0,4,86,0,90,82,0,82,172
08/22/2020,LEE,FL,ASO,ES,Federal Contract Tower,0,0,17,0,17,0,0,73,0,73,0,0,90,0,90,100,0,100,190
08/23/2020,LEE,FL,ASO,ES,Federal Contract Tower,0,0,15,0,15,0,5,34,0,39,0,5,49,0,54,100,0,100,154
08/24/2020,LEE,FL,ASO,ES,Federal Contract Tower,0,0,54,0,54,0,1,33,2,36,0,1,87,2,90,74,6,80,170
08/25/2020,LEE,FL,ASO,ES,Federal Contract Tower,0,0,66,0,66,0,1,39,0,40,0,1,105,0,106,164,0,164,270
08/26/2020,LEE,FL,ASO,ES,Federal Contract Tower,0,1,58,0,59,0,1,74,0,75,0,2,132,0,134,140,0,140,274
08/27/2020,LEE,FL,ASO,ES,Federal Contract Tower,0,3,34,0,37,0,3,69,0,72,0,6,103,0,109,154,0,154,263
08/28/2020,LEE,FL,ASO,ES,Federal Contract Tower,0,0,45,0,45,0,0,67,0,67,0,0,112,0,112,130,0,130,242
08/29/2020,LEE,FL,ASO,ES,Federal Contract Tower,0,0,7,0,7,0,0,37,0,37,0,0,44,0,44,42,0,42,86
08/30/2020,LEE,FL,ASO,ES,Federal Contract Tower,0,0,6,0,6,0,0,12,0,12,0,0,18,0,18,14,0,14,32
08/31/2020,LEE,FL,ASO,ES,Federal Contract Tower,0,2,25,0,27,0,1,13,0,14,0,3,38,0,41,10,0,10,51
09/01/2020,LEE,FL,ASO,ES,Federal Contract Tower,0,0,7,0,7,0,2,34,0,36,0,2,41,0,43,68,0,68,111
09/02/2020,LEE,FL,ASO,ES,Federal Contract Tower,0,1,42,0,43,0,3,65,0,68,0,4,107,0,111,126,0,126,237
09/03/2020,LEE,FL,ASO,ES,Federal Contract Tower,0,3,38,0,41,0,3,88,0,91,0,6,126,0,132,92,0,92,224
09/04/2020,LEE,FL,ASO,ES,Federal Contract Tower,0,1,30,0,31,0,1,98,2,101,0,2,128,2,132,118,0,118,250
09/05/2020,LEE,FL,ASO,ES,Federal Contract Tower,0,0,8,0,8,0,1,56,0,57,0,1,64,0,65,132,0,132,197
09/06/2020,LEE,FL,ASO,ES,Federal Contract Tower,0,0,8,0,8,0,1,32,0,33,0,1,40,0,41,52,0,52,93
09/07/2020,LEE,FL,ASO,ES,Federal Contract Tower,0,0,23,0,23,0,2,37,0,39,0,2,60,0,62,42,0,42,104
09/08/2020,LEE,FL,ASO,ES,Federal Contract Tower,0,0,59,0,59,0,8,62,0,70,0,8,121,0,129,110,0,110,239
09/09/2020,LEE,FL,ASO,ES,Federal Contract Tower,0,6,50,0,56,0,2,46,0,48,0,8,96,0,104,122,0,122,226
09/10/2020,LEE,FL,ASO,ES,Federal Contract Tower,0,1,44,0,45,0,2,66,0,68,0,3,110,0,113,124,0,124,237
09/11/2020,LEE,FL,ASO,ES,Federal Contract Tower,0,1,40,4,45,0,2,61,0,63,0,3,101,4,108,90,0,90,198
09/12/2020,LEE,FL,ASO,ES,Federal Contract Tower,0,2,7,0,9,0,4,19,0,23,0,6,26,0,32,44,0,44,76
09/13/2020,LEE,FL,ASO,ES,Federal Contract Tower,0,2,11,0,13,0,2,15,0,17,0,4,26,0,30,18,0,18,48
09/14/2020,LEE,FL,ASO,ES,Federal Contract Tower,0,0,44,0,44,0,0,34,0,34,0,0,78,0,78,56,0,56,134
09/15/2020,LEE,FL,ASO,ES,Federal Contract Tower,0,0,56,2,58,0,0,40,0,40,0,0,96,2,98,136,0,136,234
09/16/2020,LEE,FL,ASO,ES,Federal Contract Tower,0,0,47,0,47,0,1,73,0,74,0,1,120,0,121,110,0,110,231
09/17/2020,LEE,FL,ASO,ES,Federal Contract Tower,0,1,35,0,36,0,2,46,0,48,0,3,81,0,84,68,0,68,152
09/18/2020,LEE,FL,ASO,ES,Federal Contract Tower,0,2,61,0,63,0,0,74,0,74,0,2,135,0,137,142,4,146,283
09/19/2020,LEE,FL,ASO,ES,Federal Contract Tower,0,0,14,0,14,0,0,69,0,69,0,0,83,0,83,70,0,70,153
09/20/2020,LEE,FL,ASO,ES,Federal Contract Tower,0,0,8,0,8,0,0,4,0,4,0,0,12,0,12,0,0,0,12
09/21/2020,LEE,FL,ASO,ES,Federal Contract Tower,0,0,38,0,38,0,0,14,0,14,0,0,52,0,52,10,0,10,62
09/22/2020,LEE,FL,ASO,ES,Federal Contract Tower,0,0,57,0,57,0,1,67,0,68,0,1,124,0,125,168,0,168,293
09/23/2020,LEE,FL,ASO,ES,Federal Contract Tower,0,1,37,0,38,0,2,104,0,106,0,3,141,0,144,170,0,170,314
09/24/2020,LEE,FL,ASO,ES,Federal Contract Tower,0,1,44,0,45,0,1,107,0,108,0,2,151,0,153,124,0,124,277
09/25/2020,LEE,FL,ASO,ES,Federal Contract Tower,0,0,63,0,63,0,0,100,0,100,0,0,163,0,163,136,0,136,299
09/26/2020,LEE,FL,ASO,ES,Federal Contract Tower,0,0,3,0,3,0,1,68,0,69,0,1,71,0,72,80,0,80,152
09/27/2020,LEE,FL,ASO,ES,Federal Contract Tower,0,1,9,0,10,0,5,44,0,49,0,6,53,0,59,48,0,48,107
09/28/2020,LEE,FL,ASO,ES,Federal Contract Tower,0,2,19,0,21,0,1,54,0,55,0,3,73,0,76,80,0,80,156
09/29/2020,LEE,FL,ASO,ES,Federal Contract Tower,0,0,38,0,38,0,0,26,0,26,0,0,64,0,64,86,0,86,150
09/30/2020,LEE,FL,ASO,ES,Federal Contract Tower,0,1,40,0,41,0,0,67,0,67,0,1,107,0,108,184,0,184,292
10/01/2020,LEE,FL,ASO,ES,Federal Contract Tower,0,5,26,0,31,0,0,106,0,106,0,5,132,0,137,188,0,188,325
10/02/2020,LEE,FL,ASO,ES,Federal Contract Tower,0,0,17,0,17,0,5,79,0,84,0,5,96,0,101,186,0,186,287
10/03/2020,LEE,FL,ASO,ES,Federal Contract Tower,0,5,5,0,10,0,1,40,0,41,0,6,45,0,51,82,0,82,133
10/04/2020,LEE,FL,ASO,ES,Federal Contract Tower,0,3,15,0,18,0,0,0,0,0,0,3,15,0,18,0,0,0,18
10/05/2020,LEE,FL,ASO,ES,Federal Contract Tower,0,0,46,0,46,0,1,21,0,22,0,1,67,0,68,120,0,120,188
10/06/2020,LEE,FL,ASO,ES,Federal Contract Tower,0,0,19,0,19,0,0,36,0,36,0,0,55,0,55,42,0,42,97
10/07/2020,LEE,FL,ASO,ES,Federal Contract Tower,0,4,10,0,14,0,2,60,0,62,0,6,70,0,76,40,0,40,116
10/08/2020,LEE,FL,ASO,ES,Federal Contract Tower,0,0,9,0,9,0,15,49,0,64,0,15,58,0,73,128,0,128,201
10/09/2020,LEE,FL,ASO,ES,Federal Contract Tower,0,0,12,0,12,0,4,56,0,60,0,4,68,0,72,48,0,48,120
10/10/2020,LEE,FL,ASO,ES,Federal Contract Tower,0,1,8,0,9,0,0,69,2,71,0,1,77,2,80,114,6,120,200
10/11/2020,LEE,FL,ASO,ES,Federal Contract Tower,0,1,2,0,3,0,1,37,0,38,0,2,39,0,41,96,0,96,137
10/12/2020,LEE,FL,ASO,ES,Federal Contract Tower,0,0,13,0,13,0,5,51,0,56,0,5,64,0,69,172,0,172,241
10/13/2020,LEE,FL,ASO,ES,Federal Contract Tower,0,0,31,0,31,0,2,71,0,73,0,2,102,0,104,5,0,5,109
10/14/2020,LEE,FL,ASO,ES,Federal Contract Tower,0,4,23,0,27,0,1,74,0,75,0,5,97,0,102,88,0,88,190
10/15/2020,LEE,FL,ASO,ES,Federal Contract Tower,0,2,13,0,15,0,1,101,0,102,0,3,114,0,117,110,0,110,227
10/16/2020,LEE,FL,ASO,ES,Federal Contract Tower,0,0,15,0,15,0,0,48,0,48,0,0,63,0,63,50,0,50,113
10/17/2020,LEE,FL,ASO,ES,Federal Contract Tower,0,0,17,0,17,0,8,64,0,72,0,8,81,0,89,100,0,100,189
10/18/2020,LEE,FL,ASO,ES,Federal Contract Tower,0,0,13,0,13,0,6,33,0,39,0,6,46,0,52,22,0,22,74
10/19/2020,LEE,FL,ASO,ES,Federal Contract Tower,0,0,17,0,17,0,8,34,0,42,0,8,51,0,59,48,0,48,107
10/20/2020,LEE,FL,ASO,ES,Federal Contract Tower,0,0,16,0,16,0,0,36,0,36,0,0,52,0,52,44,0,44,96
10/21/2020,LEE,FL,ASO,ES,Federal Contract Tower,0,1,22,0,23,0,7,33,0,40,0,8,55,0,63,82,0,82,145
10/22/2020,LEE,FL,ASO,ES,Federal Contract Tower,0,6,16,0,22,0,0,65,0,65,0,6,81,0,87,114,0,114,201
10/23/2020,LEE,FL,ASO,ES,Federal Contract Tower,0,5,14,0,19,0,2,39,0,41,0,7,53,0,60,90,0,90,150
10/24/2020,LEE,FL,ASO,ES,Federal Contract Tower,0,0,7,0,7,0,3,45,0,48,0,3,52,0,55,32,0,32,87
10/25/2020,LEE,FL,ASO,ES,Federal Contract Tower,0,2,20,0,22,0,2,44,2,48,0,4,64,2,70,42,0,42,112
10/26/2020,LEE,FL,ASO,ES,Federal Contract Tower,0,5,13,0,18,0,5,59,0,64,0,10,72,0,82,90,0,90,172
10/27/2020,LEE,FL,ASO,ES,Federal Contract Tower,0,0,11,0,11,0,3,49,0,52,0,3,60,0,63,130,0,130,193
10/28/2020,LEE,FL,ASO,ES,Federal Contract Tower,0,0,11,0,11,0,6,69,0,75,0,6,80,0,86,72,0,72,158
10/29/2020,LEE,FL,ASO,ES,Federal Contract Tower,0,2,19,0,21,0,0,25,0,25,0,2,44,0,46,72,0,72,118
10/30/2020,LEE,FL,ASO,ES,Federal Contract Tower,0,1,18,0,19,0,5,102,0,107,0,6,120,0,126,26,0,26,152
10/31/2020,LEE,FL,ASO,ES,Federal Contract Tower,0,3,16,0,19,0,0,97,0,97,0,3,113,0,116,68,0,68,184
11/01/2020,LEE,FL,ASO,ES,Federal Contract Tower,0,0,10,0,10,0,9,48,0,57,0,9,58,0,67,26,0,26,93
11/02/2020,LEE,FL,ASO,ES,Federal Contract Tower,0,3,16,0,19,0,4,36,0,40,0,7,52,0,59,40,0,40,99
11/03/2020,LEE,FL,ASO,ES,Federal Contract Tower,0,4,20,0,24,0,6,94,0,100,0,10,114,0,124,240,0,240,364
11/04/2020,LEE,FL,ASO,ES,Federal Contract Tower,0,5,19,0,24,0,2,89,0,91,0,7,108,0,115,102,0,102,217
11/05/2020,LEE,FL,ASO,ES,Federal Contract Tower,0,4,39,0,43,0,1,89,0,90,0,5,128,0,133,94,0,94,227
11/06/2020,LEE,FL,ASO,ES,Federal Contract Tower,0,0,20,0,20,0,10,82,0,92,0,10,102,0,112,126,0,126,238
11/07/2020,LEE,FL,ASO,ES,Federal Contract Tower,0,0,6,0,6,0,2,45,0,47,0,2,51,0,53,30,0,30,83
11/08/2020,LEE,FL,ASO,ES,Federal Contract Tower,0,0,10,0,10,0,4,18,0,22,0,4,28,0,32,20,0,20,52
11/09/2020,LEE,FL,ASO,ES,Federal Contract Tower,0,2,11,0,13,0,0,4,0,4,0,2,15,0,17,0,0,0,17
11/10/2020,LEE,FL,ASO,ES,Federal Contract Tower,0,0,21,0,21,0,1,20,0,21,0,1,41,0,42,24,0,24,66
11/11/2020,LEE,FL,ASO,ES,Federal Contract Tower,0,3,14,0,17,0,0,13,0,13,0,3,27,0,30,24,0,24,54
11/12/2020,LEE,FL,ASO,ES,Federal Contract Tower,0,1,0,0,1,0,2,8,0,10,0,3,8,0,11,20,0,20,31
11/13/2020,LEE,FL,ASO,ES,Federal Contract Tower,0,0,42,0,42,0,2,11,0,13,0,2,53,0,55,18,0,18,73
11/14/2020,LEE,FL,ASO,ES,Federal Contract Tower,0,2,14,0,16,0,0,77,0,77,0,2,91,0,93,86,0,86,179
11/15/2020,LEE,FL,ASO,ES,Federal Contract Tower,0,0,15,0,15,0,1,62,0,63,0,1,77,0,78,108,0,108,186
11/16/2020,LEE,FL,ASO,ES,Federal Contract Tower,0,2,20,0,22,0,1,44,0,45,0,3,64,0,67,96,0,96,163
11/17/2020,LEE,FL,ASO,ES,Federal Contract Tower,0,0,21,1,22,0,0,91,0,91,0,0,112,1,113,133,0,133,246
11/18/2020,LEE,FL,ASO,ES,Federal Contract Tower,0,2,23,0,25,0,7,73,0,80,0,9,96,0,105,60,0,60,165
11/19/2020,LEE,FL,ASO,ES,Federal Contract Tower,0,2,32,0,34,0,2,53,0,55,0,4,85,0,89,114,0,114,203
11/20/2020,LEE,FL,ASO,ES,Federal Contract Tower,0,2,36,0,38,0,2,95,10,107,0,4,131,10,145,136,0,136,281
11/21/2020,LEE,FL,ASO,ES,Federal Contract Tower,0,0,20,0,20,0,4,65,0,69,0,4,85,0,89,86,0,86,175
11/22/2020,LEE,FL,ASO,ES,Federal Contract Tower,0,0,30,0,30,0,0,20,2,22,0,0,50,2,52,24,0,24,76
11/23/2020,LEE,FL,ASO,ES,Federal Contract Tower,0,2,25,0,27,0,4,66,0,70,0,6,91,0,97,148,0,148,245
11/24/2020,LEE,FL,ASO,ES,Federal Contract Tower,0,3,12,0,15,0,0,82,0,82,0,3,94,0,97,128,0,128,225
11/25/2020,LEE,FL,ASO,ES,Federal Contract Tower,0,0,19,0,19,0,6,83,0,89,0,6,102,0,108,166,0,166,274
11/26/2020,LEE,FL,ASO,ES,Federal Contract Tower,0,0,5,0,5,0,1,18,0,19,0,1,23,0,24,18,0,18,42
11/27/2020,LEE,FL,ASO,ES,Federal Contract Tower,0,2,8,0,10,0,2,52,0,54,0,4,60,0,64,116,0,116,180
11/28/2020,LEE,FL,ASO,ES,Federal Contract Tower,0,2,18,0,20,0,10,59,0,69,0,12,77,0,89,124,0,124,213
11/29/2020,LEE,FL,ASO,ES,Federal Contract Tower,0,0,18,0,18,0,2,42,0,44,0,2,60,0,62,58,4,62,124
11/30/2020,LEE,FL,ASO,ES,Federal Contract Tower,0,1,4,2,7,0,2,31,0,33,0,3,35,2,40,18,0,18,58
12/01/2020,LEE,FL,ASO,ES,Federal Contract Tower,0,2,24,0,26,0,9,46,0,55,0,11,70,0,81,104,0,104,185
12/02/2020,LEE,FL,ASO,ES,Federal Contract Tower,0,0,13,0,13,0,4,96,0,100,0,4,109,0,113,174,0,174,287
12/03/2020,LEE,FL,ASO,ES,Federal Contract Tower,0,0,28,0,28,0,8,112,0,120,0,8,140,0,148,192,0,192,340
12/04/2020,LEE,FL,ASO,ES,Federal Contract Tower,0,0,24,0,24,0,0,88,0,88,0,0,112,0,112,140,0,140,252
12/05/2020,LEE,FL,ASO,ES,Federal Contract Tower,0,0,16,0,16,0,2,68,0,70,0,2,84,0,86,78,0,78,164
12/06/2020,LEE,FL,ASO,ES,Federal Contract Tower,0,0,11,0,11,0,5,47,0,52,0,5,58,0,63,126,0,126,189
12/07/2020,LEE,FL,ASO,ES,Federal Contract Tower,0,3,26,0,29,0,0,44,0,44,0,3,70,0,73,30,0,30,103
12/08/2020,LEE,FL,ASO,ES,Federal Contract Tower,0,2,21,0,23,0,2,85,0,87,0,4,106,0,110,158,0,158,268
12/09/2020,LEE,FL,ASO,ES,Federal Contract Tower,0,3,18,0,21,0,1,79,0,80,0,4,97,0,101,92,0,92,193
12/10/2020,LEE,FL,ASO,ES,Federal Contract Tower,0,0,27,0,27,0,5,96,0,101,0,5,123,0,128,176,0,176,304
12/11/2020,LEE,FL,ASO,ES,Federal Contract Tower,0,0,21,0,21,0,2,88,0,90,0,2,109,0,111,168,0,168,279
12/12/2020,LEE,FL,ASO,ES,Federal Contract Tower,0,0,22,0,22,0,6,59,0,65,0,6,81,0,87,90,2,92,179
12/13/2020,LEE,FL,ASO,ES,Federal Contract Tower,0,3,10,0,13,0,1,62,0,63,0,4,72,0,76,78,0,78,154
12/14/2020,LEE,FL,ASO,ES,Federal Contract Tower,0,1,14,0,15,0,2,43,0,45,0,3,57,0,60,38,0,38,98
12/15/2020,LEE,FL,ASO,ES,Federal Contract Tower,0,1,11,0,12,0,0,77,0,77,0,1,88,0,89,76,0,76,165
12/16/2020,LEE,FL,ASO,ES,Federal Contract Tower,0,0,16,0,16,0,0,28,0,28,0,0,44,0,44,14,0,14,58
12/17/2020,LEE,FL,ASO,ES,Federal Contract Tower,0,1,33,0,34,0,2,41,0,43,0,3,74,0,77,26,0,26,103
12/18/2020,LEE,FL,ASO,ES,Federal Contract Tower,0,2,28,0,30,0,9,90,0,99,0,11,118,0,129,166,0,166,295
12/19/2020,LEE,FL,ASO,ES,Federal Contract Tower,0,0,9,0,9,0,4,76,0,80,0,4,85,0,89,122,0,122,211
12/20/2020,LEE,FL,ASO,ES,Federal Contract Tower,0,2,12,0,14,0,8,43,0,51,0,10,55,0,65,36,0,36,101
12/21/2020,LEE,FL,ASO,ES,Federal Contract Tower,0,4,26,0,30,0,2,47,0,49,0,6,73,0,79,106,0,106,185
12/22/2020,LEE,FL,ASO,ES,Federal Contract Tower,0,0,35,0,35,0,3,76,0,79,0,3,111,0,114,170,0,170,284
12/23/2020,LEE,FL,ASO,ES,Federal Contract Tower,0,2,20,0,22,0,4,79,0,83,0,6,99,0,105,78,0,78,183
12/24/2020,LEE,FL,ASO,ES,Federal Contract Tower,0,0,10,0,10,0,2,21,0,23,0,2,31,0,33,16,0,16,49
12/25/2020,LEE,FL,ASO,ES,Federal Contract Tower,0,0,0,0,0,0,1,5,0,6,0,1,5,0,6,0,0,0,6
12/26/2020,LEE,FL,ASO,ES,Federal Contract Tower,0,1,10,0,11,0,6,46,0,52,0,7,56,0,63,72,0,72,135
12/27/2020,LEE,FL,ASO,ES,Federal Contract Tower,0,1,11,0,12,0,6,44,0,50,0,7,55,0,62,38,0,38,100
12/28/2020,LEE,FL,ASO,ES,Federal Contract Tower,0,0,16,0,16,0,4,60,0,64,0,4,76,0,80,120,0,120,200
12/29/2020,LEE,FL,ASO,ES,Federal Contract Tower,0,1,13,0,14,0,11,83,0,94,0,12,96,0,108,100,0,100,208
12/30/2020,LEE,FL,ASO,ES,Federal Contract Tower,0,1,25,0,26,0,1,83,0,84,0,2,108,0,110,72,0,72,182
12/31/2020,LEE,FL,ASO,ES,Federal Contract Tower,0,0,11,0,11,0,0,4,0,4,0,0,15,0,15,4,0,4,19
01/01/2021,LEE,FL,ASO,ES,Federal Contract Tower,0,0,7,0,7,0,3,14,0,17,0,3,21,0,24,18,0,18,42
01/02/2021,LEE,FL,ASO,ES,Federal Contract Tower,0,0,20,0,20,0,6,28,0,34,0,6,48,0,54,22,0,22,76
01/03/2021,LEE,FL,ASO,ES,Federal Contract Tower,0,0,15,0,15,0,4,13,0,17,0,4,28,0,32,20,0,20,52
01/04/2021,LEE,FL,ASO,ES,Federal Contract Tower,0,4,27,0,31,0,2,88,0,90,0,6,115,0,121,74,0,74,195
01/05/2021,LEE,FL,ASO,ES,Federal Contract Tower,0,5,29,0,34,0,6,76,0,82,0,11,105,0,116,78,0,78,194
01/06/2021,LEE,FL,ASO,ES,Federal Contract Tower,0,3,25,0,28,0,5,92,0,97,0,8,117,0,125,194,0,194,319
01/07/2021,LEE,FL,ASO,ES,Federal Contract Tower,0,0,16,4,20,0,7,58,0,65,0,7,74,4,85,106,0,106,191
01/08/2021,LEE,FL,ASO,ES,Federal Contract Tower,0,0,15,0,15,0,2,39,0,41,0,2,54,0,56,30,0,30,86
01/09/2021,LEE,FL,ASO,ES,Federal Contract Tower,0,0,12,0,12,0,6,52,0,58,0,6,64,0,70,50,0,50,120
01/10/2021,LEE,FL,ASO,ES,Federal Contract Tower,0,0,21,0,21,0,9,74,0,83,0,9,95,0,104,142,0,142,246
01/11/2021,LEE,FL,ASO,ES,Federal Contract Tower,0,0,28,0,28,0,4,85,0,89,0,4,113,0,117,164,0,164,281
01/12/2021,LEE,FL,ASO,ES,Federal Contract Tower,0,2,22,0,24,0,1,15,0,16,0,3,37,0,40,44,0,44,84
01/13/2021,LEE,FL,ASO,ES,Federal Contract Tower,0,0,34,0,34,0,0,8,0,8,0,0,42,0,42,26,0,26,68
01/14/2021,LEE,FL,ASO,ES,Federal Contract Tower,0,0,23,0,23,0,1,84,0,85,0,1,107,0,108,178,0,178,286
01/15/2021,LEE,FL,ASO,ES,Federal Contract Tower,0,2,21,0,23,0,3,76,0,79,0,5,97,0,102,84,0,84,186
01/16/2021,LEE,FL,ASO,ES,Federal Contract Tower,0,0,9,0,9,0,2,73,0,75,0,2,82,0,84,124,0,124,208
01/18/2021,LEE,FL,ASO,ES,Federal Contract Tower,0,3,15,0,18,0,8,86,0,94,0,11,101,0,112,132,0,132,244
01/19/2021,LEE,FL,ASO,ES,Federal Contract Tower,0,0,23,0,23,0,8,80,0,88,0,8,103,0,111,110,0,110,221
01/20/2021,LEE,FL,ASO,ES,Federal Contract Tower,0,4,17,0,21,0,12,132,0,144,0,16,149,0,165,158,0,158,323
01/21/2021,LEE,FL,ASO,ES,Federal Contract Tower,0,2,19,0,21,0,1,110,0,111,0,3,129,0,132,132,0,132,264
01/22/2021,LEE,FL,ASO,ES,Federal Contract Tower,0,3,17,0,20,0,10,85,0,95,0,13,102,0,115,86,0,86,201
01/23/2021,LEE,FL,ASO,ES,Federal Contract Tower,0,0,11,0,11,0,0,0,0,0,0,0,11,0,11,0,0,0,11
01/24/2021,LEE,FL,ASO,ES,Federal Contract Tower,0,3,13,0,16,0,7,161,0,168,0,10,174,0,184,68,0,68,252
01/25/2021,LEE,FL,ASO,ES,Federal Contract Tower,0,5,17,0,22,0,6,66,0,72,0,11,83,0,94,24,0,24,118
01/26/2021,LEE,FL,ASO,ES,Federal Contract Tower,0,0,13,0,13,0,5,46,0,51,0,5,59,0,64,90,0,90,154
01/27/2021,LEE,FL,ASO,ES,Federal Contract Tower,0,0,17,0,17,0,4,55,0,59,0,4,72,0,76,82,0,82,158
01/28/2021,LEE,FL,ASO,ES,Federal Contract Tower,0,3,9,0,12,0,4,107,0,111,0,7,116,0,123,26,0,26,149
01/29/2021,LEE,FL,ASO,ES,Federal Contract Tower,0,1,34,0,35,0,2,137,0,139,0,3,171,0,174,126,0,126,300
01/30/2021,LEE,FL,ASO,ES,Federal Contract Tower,0,0,12,0,12,0,4,124,0,128,0,4,136,0,140,82,0,82,222
01/31/2021,LEE,FL,ASO,ES,Federal Contract Tower,0,3,8,0,11,0,4,83,0,87,0,7,91,0,98,60,0,60,158
02/01/2021,LEE,FL,ASO,ES,Federal Contract Tower,0,3,16,0,19,0,2,8,0,10,0,5,24,0,29,8,0,8,37
02/02/2021,LEE,FL,ASO,ES,Federal Contract Tower,0,2,15,2,19,0,8,46,2,56,0,10,61,4,75,30,0,30,105
02/03/2021,LEE,FL,ASO,ES,Federal Contract Tower,0,6,15,0,21,0,6,65,4,75,0,12,80,4,96,42,0,42,138
02/04/2021,LEE,FL,ASO,ES,Federal Contract Tower,0,2,22,0,24,0,11,109,0,120,0,13,131,0,144,130,0,130,274
02/05/2021,LEE,FL,ASO,ES,Federal Contract Tower,0,0,0,0,0,0,7,10,0,17,0,7,10,0,17,0,0,0,17
02/06/2021,LEE,FL,ASO,ES,Federal Contract Tower,0,3,8,0,11,0,2,16,0,18,0,5,24,0,29,30,0,30,59
02/07/2021,LEE,FL,ASO,ES,Federal Contract Tower,0,0,7,0,7,0,4,49,0,53,0,4,56,0,60,36,0,36,96
02/08/2021,LEE,FL,ASO,ES,Federal Contract Tower,0,4,31,0,35,0,8,49,0,57,0,12,80,0,92,62,0,62,154
02/09/2021,LEE,FL,ASO,ES,Federal Contract Tower,0,0,15,0,15,0,0,46,0,46,0,0,61,0,61,54,0,54,115
02/10/2021,LEE,FL,ASO,ES,Federal Contract Tower,0,0,14,0,14,0,6,63,0,69,0,6,77,0,83,136,0,136,219
02/11/2021,LEE,FL,ASO,ES,Federal Contract Tower,0,0,13,0,13,0,0,0,0,0,0,0,13,0,13,214,0,214,227
02/12/2021,LEE,FL,ASO,ES,Federal Contract Tower,0,0,22,0,22,0,8,73,0,81,0,8,95,0,103,114,0,114,217
02/13/2021,LEE,FL,ASO,ES,Federal Contract Tower,0,0,3,0,3,0,1,24,0,25,0,1,27,0,28,54,0,54,82
02/14/2021,LEE,FL,ASO,ES,Federal Contract Tower,0,0,1,0,1,0,2,8,0,10,0,2,9,0,11,26,0,26,37
02/15/2021,LEE,FL,ASO,ES,Federal Contract Tower,0,2,13,0,15,0,4,19,0,23,0,6,32,0,38,48,0,48,86
02/16/2021,LEE,FL,ASO,ES,Federal Contract Tower,0,0,16,0,16,0,10,32,2,44,0,10,48,2,60,102,0,102,162
02/17/2021,LEE,FL,ASO,ES,Federal Contract Tower,0,6,30,2,38,0,4,32,6,42,0,10,62,8,80,104,0,104,184
02/18/2021,LEE,FL,ASO,ES,Federal Contract Tower,0,0,15,0,15,0,5,69,0,74,0,5,84,0,89,102,0,102,191
02/19/2021,LEE,FL,ASO,ES,Federal Contract Tower,0,3,16,0,19,0,5,5,0,10,0,8,21,0,29,26,0,26,55
02/20/2021,LEE,FL,ASO,ES,Federal Contract Tower,0,2,16,0,18,0,7,115,0,122,0,9,131,0,140,194,0,194,334
02/21/2021,LEE,FL,ASO,ES,Federal Contract Tower,0,0,10,0,10,0,13,58,0,71,0,13,68,0,81,52,0,52,133
02/22/2021,LEE,FL,ASO,ES,Federal Contract Tower,0,0,22,0,22,0,3,90,0,93,0,3,112,0,115,146,0,146,261
02/23/2021,LEE,FL,ASO,ES,Federal Contract Tower,0,6,30,0,36,0,2,92,0,94,0,8,122,0,130,134,0,134,264
02/24/2021,LEE,FL,ASO,ES,Federal Contract Tower,0,2,26,0,28,0,8,80,0,88,0,10,106,0,116,194,0,194,310
02/25/2021,LEE,FL,ASO,ES,Federal Contract Tower,0,10,20,0,30,0,7,124,0,131,0,17,144,0,161,181,0,181,342
02/26/2021,LEE,FL,ASO,ES,Federal Contract Tower,0,0,12,0,12,0,6,95,0,101,0,6,107,0,113,172,0,172,285
02/27/2021,LEE,FL,ASO,ES,Federal Contract Tower,0,2,10,0,12,0,6,77,0,83,0,8,87,0,95,156,0,156,251
02/28/2021,LEE,FL,ASO,ES,Federal Contract Tower,0,4,14,0,18,0,10,64,0,74,0,14,78,0,92,142,0,142,234
03/01/2021,LEE,FL,ASO,ES,Federal Contract Tower,0,1,13,0,14,0,0,46,0,46,0,1,59,0,60,142,0,142,202
03/02/2021,LEE,FL,ASO,ES,Federal Contract Tower,0,1,18,0,19,0,5,45,0,50,0,6,63,0,69,108,0,108,177
03/03/2021,LEE,FL,ASO,ES,Federal Contract Tower,0,0,19,0,19,0,4,35,0,39,0,4,54,0,58,14,0,14,72
03/04/2021,LEE,FL,ASO,ES,Federal Contract Tower,0,1,20,0,21,0,2,77,0,79,0,3,97,0,100,144,0,144,244
03/05/2021,LEE,FL,ASO,ES,Federal Contract Tower,0,2,39,0,41,0,5,116,0,121,0,7,155,0,162,232,0,232,394
03/06/2021,LEE,FL,ASO,ES,Federal Contract Tower,0,0,4,0,4,0,2,10,4,16,0,2,14,4,20,20,0,20,40
03/07/2021,LEE,FL,ASO,ES,Federal Contract Tower,0,3,14,0,17,0,7,49,0,56,0,10,63,0,73,34,0,34,107
03/08/2021,LEE,FL,ASO,ES,Federal Contract Tower,0,2,17,0,19,0,6,78,0,84,0,8,95,0,103,34,0,34,137
03/09/2021,LEE,FL,ASO,ES,Federal Contract Tower,0,1,22,0,23,0,2,73,0,75,0,3,95,0,98,116,0,116,214
03/10/2021,LEE,FL,ASO,ES,Federal Contract Tower,0,8,26,0,34,0,5,79,0,84,0,13,105,0,118,102,0,102,220
03/11/2021,LEE,FL,ASO,ES,Federal Contract Tower,0,2,25,0,27,0,4,85,2,91,0,6,110,2,118,142,0,142,260
03/12/2021,LEE,FL,ASO,ES,Federal Contract Tower,0,2,17,0,19,0,6,97,0,103,0,8,114,0,122,188,0,188,310
03/13/2021,LEE,FL,ASO,ES,Federal Contract Tower,0,3,13,0,16,0,5,65,0,70,0,8,78,0,86,172,0,172,258
03/14/2021,LEE,FL,ASO,ES,Federal Contract Tower,0,1,16,0,17,0,15,60,0,75,0,16,76,0,92,90,0,90,182
03/15/2021,LEE,FL,ASO,ES,Federal Contract Tower,0,0,19,0,19,0,5,66,0,71,0,5,85,0,90,100,0,100,190
03/16/2021,LEE,FL,ASO,ES,Federal Contract Tower,0,1,11,0,12,0,8,81,0,89,0,9,92,0,101,234,4,238,339
03/17/2021,LEE,FL,ASO,ES,Federal Contract Tower,0,5,22,0,27,0,4,78,0,82,0,9,100,0,109,130,0,130,239
03/18/2021,LEE,FL,ASO,ES,Federal Contract Tower,0,0,9,0,9,0,8,9,0,17,0,8,18,0,26,8,0,8,34
03/19/2021,LEE,FL,ASO,ES,Federal Contract Tower,0,3,25,0,28,0,7,66,0,73,0,10,91,0,101,118,0,118,219
03/20/2021,LEE,FL,ASO,ES,Federal Contract Tower,0,1,15,0,16,0,2,22,0,24,0,3,37,0,40,2,0,2,42
03/21/2021,LEE,FL,ASO,ES,Federal Contract Tower,0,1,24,0,25,0,6,19,0,25,0,7,43,0,50,2,0,2,52
03/22/2021,LEE,FL,ASO,ES,Federal Contract Tower,0,3,22,0,25,0,0,1,0,1,0,3,23,0,26,0,0,0,26
03/23/2021,LEE,FL,ASO,ES,Federal Contract Tower,0,1,41,0,42,0,1,72,0,73,0,2,113,0,115,216,0,216,331
03/24/2021,LEE,FL,ASO,ES,Federal Contract Tower,0,3,29,0,32,0,6,94,0,100,0,9,123,0,132,162,0,162,294
03/25/2021,LEE,FL,ASO,ES,Federal Contract Tower,0,4,27,0,31,0,0,118,0,118,0,4,145,0,149,90,0,90,239
03/26/2021,LEE,FL,ASO,ES,Federal Contract Tower,0,0,25,0,25,0,8,78,0,86,0,8,103,0,111,92,0,92,203
03/27/2021,LEE,FL,ASO,ES,Federal Contract Tower,0,1,14,0,15,0,2,112,0,114,0,3,126,0,129,130,0,130,259
03/28/2021,LEE,FL,ASO,ES,Federal Contract Tower,0,0,16,0,16,0,7,48,0,55,0,7,64,0,71,142,0,142,213
03/29/2021,LEE,FL,ASO,ES,Federal Contract Tower,0,0,24,0,24,0,3,67,0,70,0,3,91,0,94,94,0,94,188
03/30/2021,LEE,FL,ASO,ES,Federal Contract Tower,0,0,16,0,16,0,0,60,0,60,0,0,76,0,76,146,0,146,222
03/31/2021,LEE,FL,ASO,ES,Federal Contract Tower,0,1,20,0,21,0,1,69,0,70,0,2,89,0,91,120,0,120,211
04/01/2021,LEE,FL,ASO,ES,Federal Contract Tower,0,1,27,0,28,0,0,39,0,39,0,1,66,0,67,22,0,22,89
04/02/2021,LEE,FL,ASO,ES,Federal Contract Tower,0,4,24,0,28,0,4,39,0,43,0,8,63,0,71,26,0,26,97
04/03/2021,LEE,FL,ASO,ES,Federal Contract Tower,0,2,7,0,9,0,2,73,0,75,0,4,80,0,84,108,0,108,192
04/04/2021,LEE,FL,ASO,ES,Federal Contract Tower,0,0,7,0,7,0,11,52,0,63,0,11,59,0,70,86,0,86,156
04/05/2021,LEE,FL,ASO,ES,Federal Contract Tower,0,1,41,0,42,0,6,82,0,88,0,7,123,0,130,160,0,160,290
04/06/2021,LEE,FL,ASO,ES,Federal Contract Tower,0,8,20,0,28,0,5,78,0,83,0,13,98,0,111,164,0,164,275
04/07/2021,LEE,FL,ASO,ES,Federal Contract Tower,0,3,14,0,17,0,3,73,0,76,0,6,87,0,93,180,0,180,273
04/08/2021,LEE,FL,ASO,ES,Federal Contract Tower,0,2,14,0,16,0,0,130,0,130,0,2,144,0,146,124,0,124,270
04/09/2021,LEE,FL,ASO,ES,Federal Contract Tower,0,6,14,0,20,0,3,108,0,111,0,9,122,0,131,206,0,206,337
04/10/2021,LEE,FL,ASO,ES,Federal Contract Tower,0,0,4,0,4,0,2,65,0,67,0,2,69,0,71,44,0,44,115
04/11/2021,LEE,FL,ASO,ES,Federal Contract Tower,0,2,5,0,7,0,2,4,0,6,0,4,9,0,13,0,0,0,13
04/12/2021,LEE,FL,ASO,ES,Federal Contract Tower,0,3,26,0,29,0,4,71,2,77,0,7,97,2,106,98,0,98,204
04/13/2021,LEE,FL,ASO,ES,Federal Contract Tower,0,2,23,0,25,0,5,88,0,93,0,7,111,0,118,96,0,96,214
04/14/2021,LEE,FL,ASO,ES,Federal Contract Tower,0,5,17,0,22,0,4,75,0,79,0,9,92,0,101,98,0,98,199
04/15/2021,LEE,FL,ASO,ES,Federal Contract Tower,0,3,28,0,31,0,2,81,0,83,0,5,109,0,114,106,0,106,220
04/16/2021,LEE,FL,ASO,ES,Federal Contract Tower,0,2,28,0,30,0,0,71,0,71,0,2,99,0,101,170,0,170,271
04/17/2021,LEE,FL,ASO,ES,Federal Contract Tower,0,0,15,0,15,0,1,19,0,20,0,1,34,0,35,12,0,12,47
04/18/2021,LEE,FL,ASO,ES,Federal Contract Tower,0,6,24,0,30,0,4,49,0,53,0,10,73,0,83,38,0,38,121
04/19/2021,LEE,FL,ASO,ES,Federal Contract Tower,0,1,16,0,17,0,4,13,2,19,0,5,29,2,36,0,1,1,37
04/20/2021,LEE,FL,ASO,ES,Federal Contract Tower,0,1,10,0,11,0,0,0,0,0,0,1,10,0,11,0,0,0,11
04/21/2021,LEE,FL,ASO,ES,Federal Contract Tower,0,4,42,0,46,0,7,97,0,104,0,11,139,0,150,130,0,130,280
04/22/2021,LEE,FL,ASO,ES,Federal Contract Tower,0,3,16,2,21,0,5,124,0,129,0,8,140,2,150,168,0,168,318
04/23/2021,LEE,FL,ASO,ES,Federal Contract Tower,0,2,28,0,30,0,0,80,0,80,0,2,108,0,110,82,0,82,192
04/24/2021,LEE,FL,ASO,ES,Federal Contract Tower,0,1,16,0,17,0,4,33,0,37,0,5,49,0,54,30,0,30,84
04/25/2021,LEE,FL,ASO,ES,Federal Contract Tower,0,0,17,0,17,0,4,29,0,33,0,4,46,0,50,10,0,10,60
04/26/2021,LEE,FL,ASO,ES,Federal Contract Tower,0,3,26,0,29,0,0,81,0,81,0,3,107,0,110,118,0,118,228
04/27/2021,LEE,FL,ASO,ES,Federal Contract Tower,0,4,19,0,23,0,2,91,0,93,0,6,110,0,116,176,0,176,292
04/28/2021,LEE,FL,ASO,ES,Federal Contract Tower,0,2,22,2,26,0,3,84,0,87,0,5,106,2,113,152,0,152,265
04/29/2021,LEE,FL,ASO,ES,Federal Contract Tower,0,5,19,0,24,0,7,84,0,91,0,12,103,0,115,99,0,99,214
04/30/2021,LEE,FL,ASO,ES,Federal Contract Tower,0,0,20,0,20,0,3,89,4,96,0,3,109,4,116,120,0,120,236
05/01/2021,LEE,FL,ASO,ES,Federal Contract Tower,0,4,21,0,25,0,3,87,0,90,0,7,108,0,115,80,0,80,195
05/02/2021,LEE,FL,ASO,ES,Federal Contract Tower,0,3,16,0,19,0,4,42,4,50,0,7,58,4,69,144,0,144,213
05/03/2021,LEE,FL,ASO,ES,Federal Contract Tower,0,0,10,0,10,0,2,61,0,63,0,2,71,0,73,204,0,204,277
05/04/2021,LEE,FL,ASO,ES,Federal Contract Tower,0,2,22,0,24,0,10,78,0,88,0,12,100,0,112,190,0,190,302
05/05/2021,LEE,FL,ASO,ES,Federal Contract Tower,0,3,24,0,27,0,0,88,0,88,0,3,112,0,115,128,0,128,243
05/06/2021,LEE,FL,ASO,ES,Federal Contract Tower,0,1,25,0,26,0,3,37,0,40,0,4,62,0,66,149,0,149,215
05/07/2021,LEE,FL,ASO,ES,Federal Contract Tower,0,2,15,0,17,0,8,108,6,122,0,10,123,6,139,214,0,214,353
05/08/2021,LEE,FL,ASO,ES,Federal Contract Tower,0,2,20,0,22,0,1,77,0,78,0,3,97,0,100,150,0,150,250
05/09/2021,LEE,FL,ASO,ES,Federal Contract Tower,0,1,15,0,16,0,6,44,2,52,0,7,59,2,68,76,0,76,144
05/10/2021,LEE,FL,ASO,ES,Federal Contract Tower,0,3,21,0,24,0,8,66,0,74,0,11,87,0,98,108,0,108,206
05/11/2021,LEE,FL,ASO,ES,Federal Contract Tower,0,2,16,0,18,0,10,71,0,81,0,12,87,0,99,134,0,134,233
05/13/2021,LEE,FL,ASO,ES,Federal Contract Tower,0,0,37,0,37,0,0,17,0,17,0,0,54,0,54,44,0,44,98
05/14/2021,LEE,FL,ASO,ES,Federal Contract Tower,0,5,34,0,39,0,2,89,0,91,0,7,123,0,130,136,0,136,266
05/15/2021,LEE,FL,ASO,ES,Federal Contract Tower,0,0,14,0,14,0,10,80,0,90,0,10,94,0,104,122,0,122,226
05/16/2021,LEE,FL,ASO,ES,Federal Contract Tower,0,0,23,0,23,0,7,46,0,53,0,7,69,0,76,100,0,100,176
05/17/2021,LEE,FL,ASO,ES,Federal Contract Tower,0,2,29,0,31,0,10,102,0,112,0,12,131,0,143,94,0,94,237
05/18/2021,LEE,FL,ASO,ES,Federal Contract Tower,0,9,19,0,28,0,6,58,0,64,0,15,77,0,92,92,0,92,184
05/19/2021,LEE,FL,ASO,ES,Federal Contract Tower,0,0,11,0,11,0,6,67,0,73,0,6,78,0,84,184,0,184,268
05/20/2021,LEE,FL,ASO,ES,Federal Contract Tower,0,3,23,0,26,0,2,69,0,71,0,5,92,0,97,90,0,90,187
05/21/2021,LEE,FL,ASO,ES,Federal Contract Tower,0,0,26,0,26,0,1,72,0,73,0,1,98,0,99,130,0,130,229
05/22/2021,LEE,FL,ASO,ES,Federal Contract Tower,0,0,14,0,14,0,8,72,0,80,0,8,86,0,94,76,0,76,170
05/23/2021,LEE,FL,ASO,ES,Federal Contract Tower,0,4,6,0,10,0,5,78,4,87,0,9,84,4,97,112,0,112,209
05/24/2021,LEE,FL,ASO,ES,Federal Contract Tower,0,3,24,0,27,0,1,84,0,85,0,4,108,0,112,214,0,214,326
05/25/2021,LEE,FL,ASO,ES,Federal Contract Tower,0,3,19,0,22,0,12,104,0,116,0,15,123,0,138,240,0,240,378
05/26/2021,LEE,FL,ASO,ES,Federal Contract Tower,0,2,29,0,31,0,0,101,0,101,0,2,130,0,132,181,0,181,313
05/27/2021,LEE,FL,ASO,ES,Federal Contract Tower,0,1,38,0,39,0,7,104,0,111,0,8,142,0,150,132,0,132,282
05/28/2021,LEE,FL,ASO,ES,Federal Contract Tower,0,0,22,0,22,0,5,67,0,72,0,5,89,0,94,142,0,142,236
05/29/2021,LEE,FL,ASO,ES,Federal Contract Tower,0,0,7,0,7,0,0,0,0,0,0,0,7,0,7,100,0,100,107
05/30/2021,LEE,FL,ASO,ES,Federal Contract Tower,0,0,22,0,22,0,6,41,0,47,0,6,63,0,69,72,0,72,141
05/31/2021,LEE,FL,ASO,ES,Federal Contract Tower,0,2,16,0,18,0,11,47,0,58,0,13,63,0,76,50,0,50,126
06/01/2021,LEE,FL,ASO,ES,Federal Contract Tower,0,1,19,0,20,0,6,86,0,92,0,7,105,0,112,180,0,180,292
06/02/2021,LEE,FL,ASO,ES,Federal Contract Tower,0,1,24,0,25,0,4,47,0,51,0,5,71,0,76,174,0,174,250
06/03/2021,LEE,FL,ASO,ES,Federal Contract Tower,0,0,16,0,16,0,2,56,0,58,0,2,72,0,74,160,0,160,234
06/04/2021,LEE,FL,ASO,ES,Federal Contract Tower,0,2,31,0,33,0,0,41,0,41,0,2,72,0,74,72,0,72,146
06/05/2021,LEE,FL,ASO,ES,Federal Contract Tower,0,1,16,0,17,0,3,40,0,43,0,4,56,0,60,118,0,118,178
06/06/2021,LEE,FL,ASO,ES,Federal Contract Tower,0,0,20,0,20,0,1,49,0,50,0,1,69,0,70,42,0,42,112
06/07/2021,LEE,FL,ASO,ES,Federal Contract Tower,0,0,21,1,22,0,7,60,1,68,0,7,81,2,90,126,12,138,228
06/08/2021,LEE,FL,ASO,ES,Federal Contract Tower,0,0,20,0,20,0,11,83,0,94,0,11,103,0,114,168,0,168,282
06/09/2021,LEE,FL,ASO,ES,Federal Contract Tower,0,0,34,0,34,0,0,116,0,116,0,0,150,0,150,4,0,4,154
06/10/2021,LEE,FL,ASO,ES,Federal Contract Tower,0,1,16,0,17,0,7,110,0,117,0,8,126,0,134,144,0,144,278
06/11/2021,LEE,FL,ASO,ES,Federal Contract Tower,0,2,26,0,28,0,6,92,0,98,0,8,118,0,126,236,0,236,362
06/12/2021,LEE,FL,ASO,ES,Federal Contract Tower,0,0,20,0,20,0,8,56,0,64,0,8,76,0,84,88,0,88,172
06/13/2021,LEE,FL,ASO,ES,Federal Contract Tower,0,0,17,0,17,0,6,20,0,26,0,6,37,0,43,20,0,20,63
06/14/2021,LEE,FL,ASO,ES,Federal Contract Tower,0,2,9,0,11,0,2,34,0,36,0,4,43,0,47,84,0,84,131
06/15/2021,LEE,FL,ASO,ES,Federal Contract Tower,0,0,8,0,8,0,1,19,0,20,0,1,27,0,28,50,0,50,78
06/16/2021,LEE,FL,ASO,ES,Federal Contract Tower,0,0,27,0,27,0,6,67,0,73,0,6,94,0,100,122,0,122,222
06/17/2021,LEE,FL,ASO,ES,Federal Contract Tower,0,1,22,0,23,0,4,72,0,76,0,5,94,0,99,176,0,176,275
06/18/2021,LEE,FL,ASO,ES,Federal Contract Tower,0,1,23,0,24,0,2,86,0,88,0,3,109,0,112,156,0,156,268
06/19/2021,LEE,FL,ASO,ES,Federal Contract Tower,0,0,9,0,9,0,3,59,0,62,0,3,68,0,71,128,0,128,199
06/20/2021,LEE,FL,ASO,ES,Federal Contract Tower,0,1,10,0,11,0,2,38,0,40,0,3,48,0,51,44,0,44,95
06/21/2021,LEE,FL,ASO,ES,Federal Contract Tower,0,2,16,0,18,0,5,56,0,61,0,7,72,0,79,152,0,152,231
06/22/2021,LEE,FL,ASO,ES,Federal Contract Tower,0,0,23,0,23,0,1,67,2,70,0,1,90,2,93,138,6,144,237
06/23/2021,LEE,FL,ASO,ES,Federal Contract Tower,0,4,14,0,18,0,0,79,0,79,0,4,93,0,97,191,0,191,288
06/24/2021,LEE,FL,ASO,ES,Federal Contract Tower,0,0,25,0,25,0,2,67,0,69,0,2,92,0,94,108,0,108,202
06/25/2021,LEE,FL,ASO,ES,Federal Contract Tower,0,1,26,0,27,0,7,30,0,37,0,8,56,0,64,82,0,82,146
06/26/2021,LEE,FL,ASO,ES,Federal Contract Tower,0,0,11,0,11,0,4,69,0,73,0,4,80,0,84,38,0,38,122
06/27/2021,LEE,FL,ASO,ES,Federal Contract Tower,0,3,24,0,27,0,5,63,0,68,0,8,87,0,95,101,0,101,196
06/28/2021,LEE,FL,ASO,ES,Federal Contract Tower,0,0,21,0,21,0,4,64,0,68,0,4,85,0,89,146,0,146,235
06/29/2021,LEE,FL,ASO,ES,Federal Contract Tower,0,1,11,0,12,0,2,45,0,47,0,3,56,0,59,80,0,80,139
06/30/2021,LEE,FL,ASO,ES,Federal Contract Tower,0,0,30,0,30,0,0,46,0,46,0,0,76,0,76,180,0,180,256
07/01/2021,LEE,FL,ASO,ES,Federal Contract Tower,0,1,29,0,30,0,0,64,0,64,0,1,93,0,94,156,0,156,250
07/02/2021,LEE,FL,ASO,ES,Federal Contract Tower,0,2,23,0,25,0,0,25,0,25,0,2,48,0,50,1,0,1,51
07/03/2021,LEE,FL,ASO,ES,Federal Contract Tower,0,0,6,0,6,0,0,6,0,6,0,0,12,0,12,20,0,20,32
07/04/2021,LEE,FL,ASO,ES,Federal Contract Tower,0,2,3,0,5,0,4,7,0,11,0,6,10,0,16,0,0,0,16
07/05/2021,LEE,FL,ASO,ES,Federal Contract Tower,0,0,16,0,16,0,5,49,0,54,0,5,65,0,70,122,0,122,192
07/06/2021,LEE,FL,ASO,ES,Federal Contract Tower,0,0,17,0,17,0,5,30,0,35,0,5,47,0,52,76,0,76,128
07/07/2021,LEE,FL,ASO,ES,Federal Contract Tower,0,1,2,0,3,0,2,2,0,4,0,3,4,0,7,0,0,0,7
07/08/2021,LEE,FL,ASO,ES,Federal Contract Tower,0,3,23,0,26,0,0,29,2,31,0,3,52,2,57,10,0,10,67
07/09/2021,LEE,FL,ASO,ES,Federal Contract Tower,0,1,16,0,17,0,3,80,0,83,0,4,96,0,100,168,0,168,268
07/10/2021,LEE,FL,ASO,ES,Federal Contract Tower,0,6,17,0,23,0,9,94,0,103,0,15,111,0,126,216,0,216,342
07/11/2021,LEE,FL,ASO,ES,Federal Contract Tower,0,6,9,0,15,0,4,102,0,106,0,10,111,0,121,94,0,94,215
07/12/2021,LEE,FL,ASO,ES,Federal Contract Tower,0,2,10,0,12,0,8,70,0,78,0,10,80,0,90,146,0,146,236
07/13/2021,LEE,FL,ASO,ES,Federal Contract Tower,0,3,13,0,16,0,2,73,0,75,0,5,86,0,91,242,0,242,333
07/14/2021,LEE,FL,ASO,ES,Federal Contract Tower,0,0,15,0,15,0,0,56,0,56,0,0,71,0,71,188,0,188,259
07/15/2021,LEE,FL,ASO,ES,Federal Contract Tower,0,2,32,0,34,0,4,105,0,109,0,6,137,0,143,188,0,188,331
07/16/2021,LEE,FL,ASO,ES,Federal Contract Tower,0,0,18,0,18,0,2,133,0,135,0,2,151,0,153,192,0,192,345
07/17/2021,LEE,FL,ASO,ES,Federal Contract Tower,0,1,47,0,48,0,6,68,0,74,0,7,115,0,122,108,0,108,230
07/18/2021,LEE,FL,ASO,ES,Federal Contract Tower,0,1,12,0,13,0,3,47,0,50,0,4,59,0,63,88,0,88,151
07/19/2021,LEE,FL,ASO,ES,Federal Contract Tower,0,0,23,0,23,0,2,51,0,53,0,2,74,0,76,106,0,106,182
07/20/2021,LEE,FL,ASO,ES,Federal Contract Tower,0,0,10,0,10,0,2,87,0,89,0,2,97,0,99,174,0,174,273
07/21/2021,LEE,FL,ASO,ES,Federal Contract Tower,0,1,9,0,10,0,4,73,0,77,0,5,82,0,87,134,0,134,221
07/22/2021,LEE,FL,ASO,ES,Federal Contract Tower,0,0,18,0,18,0,4,74,0,78,0,4,92,0,96,88,0,88,184
07/23/2021,LEE,FL,ASO,ES,Federal Contract Tower,0,2,16,0,18,0,0,50,0,50,0,2,66,0,68,70,0,70,138
07/24/2021,LEE,FL,ASO,ES,Federal Contract Tower,0,1,29,0,30,0,2,40,0,42,0,3,69,0,72,108,0,108,180
07/25/2021,LEE,FL,ASO,ES,Federal Contract Tower,0,6,20,0,26,0,5,51,0,56,0,11,71,0,82,88,0,88,170
07/26/2021,LEE,FL,ASO,ES,Federal Contract Tower,0,4,20,0,24,0,7,62,0,69,0,11,82,0,93,116,0,116,209
07/27/2021,LEE,FL,ASO,ES,Federal Contract Tower,0,0,16,0,16,0,3,50,0,53,0,3,66,0,69,160,0,160,229
07/28/2021,LEE,FL,ASO,ES,Federal Contract Tower,0,11,16,0,27,0,1,51,0,52,0,12,67,0,79,42,0,42,121
07/29/2021,LEE,FL,ASO,ES,Federal Contract Tower,0,6,29,0,35,0,2,39,0,41,0,8,68,0,76,58,0,58,134
07/30/2021,LEE,FL,ASO,ES,Federal Contract Tower,0,1,20,0,21,0,4,39,0,43,0,5,59,0,64,76,0,76,140
07/31/2021,LEE,FL,ASO,ES,Federal Contract Tower,0,1,17,2,20,0,2,51,0,53,0,3,68,2,73,140,0,140,213
08/01/2021,LEE,FL,ASO,ES,Federal Contract Tower,0,3,24,0,27,0,6,58,2,66,0,9,82,2,93,62,0,62,155
08/02/2021,LEE,FL,ASO,ES,Federal Contract Tower,0,0,9,0,9,0,2,27,0,29,0,2,36,0,38,72,0,72,110
08/03/2021,LEE,FL,ASO,ES,Federal Contract Tower,0,0,19,0,19,0,3,23,0,26,0,3,42,0,45,82,0,82,127
08/05/2021,LEE,FL,ASO,ES,Federal Contract Tower,0,0,23,0,23,0,8,50,0,58,0,8,73,0,81,212,0,212,293
08/06/2021,LEE,FL,ASO,ES,Federal Contract Tower,0,2,18,1,21,0,4,102,1,107,0,6,120,2,128,180,0,180,308
08/07/2021,LEE,FL,ASO,ES,Federal Contract Tower,0,2,12,0,14,0,2,67,0,69,0,4,79,0,83,134,0,134,217
08/09/2021,LEE,FL,ASO,ES,Federal Contract Tower,0,6,10,0,16,0,2,47,0,49,0,8,57,0,65,56,0,56,121
08/10/2021,LEE,FL,ASO,ES,Federal Contract Tower,0,0,21,0,21,0,0,68,0,68,0,0,89,0,89,160,0,160,249
08/11/2021,LEE,FL,ASO,ES,Federal Contract Tower,0,3,21,0,24,0,10,85,0,95,0,13,106,0,119,198,0,198,317
08/12/2021,LEE,FL,ASO,ES,Federal Contract Tower,0,2,25,0,27,0,5,88,0,93,0,7,113,0,120,96,0,96,216
08/13/2021,LEE,FL,ASO,ES,Federal Contract Tower,0,0,10,0,10,0,1,64,0,65,0,1,74,0,75,164,0,164,239
08/14/2021,LEE,FL,ASO,ES,Federal Contract Tower,0,3,17,0,20,0,3,31,0,34,0,6,48,0,54,88,0,88,142
08/15/2021,LEE,FL,ASO,ES,Federal Contract Tower,0,0,11,0,11,0,6,42,0,48,0,6,53,0,59,102,0,102,161
08/16/2021,LEE,FL,ASO,ES,Federal Contract Tower,0,0,21,0,21,0,8,38,0,46,0,8,59,0,67,70,0,70,137
08/17/2021,LEE,FL,ASO,ES,Federal Contract Tower,0,2,20,0,22,0,1,80,2,83,0,3,100,2,105,226,24,250,355
08/18/2021,LEE,FL,ASO,ES,Federal Contract Tower,0,2,6,0,8,0,5,53,0,58,0,7,59,0,66,3,0,3,69
08/19/2021,LEE,FL,ASO,ES,Federal Contract Tower,0,2,16,0,18,0,8,65,0,73,0,10,81,0,91,188,0,188,279
08/20/2021,LEE,FL,ASO,ES,Federal Contract Tower,0,0,11,0,11,0,0,61,0,61,0,0,72,0,72,88,0,88,160
08/21/2021,LEE,FL,ASO,ES,Federal Contract Tower,0,0,27,0,27,0,5,65,0,70,0,5,92,0,97,114,0,114,211
08/22/2021,LEE,FL,ASO,ES,Federal Contract Tower,0,1,13,0,14,0,2,61,0,63,0,3,74,0,77,86,0,86,163
08/23/2021,LEE,FL,ASO,ES,Federal Contract Tower,0,0,10,0,10,0,8,51,0,59,0,8,61,0,69,58,0,58,127
08/24/2021,LEE,FL,ASO,ES,Federal Contract Tower,0,0,17,0,17,0,7,72,0,79,0,7,89,0,96,156,0,156,252
08/25/2021,LEE,FL,ASO,ES,Federal Contract Tower,0,6,27,0,33,0,4,64,0,68,0,10,91,0,101,156,0,156,257
08/26/2021,LEE,FL,ASO,ES,Federal Contract Tower,0,14,17,0,31,0,5,46,0,51,0,19,63,0,82,104,0,104,186
08/27/2021,LEE,FL,ASO,ES,Federal Contract Tower,0,0,25,0,25,0,5,35,0,40,0,5,60,0,65,78,0,78,143
08/28/2021,LEE,FL,ASO,ES,Federal Contract Tower,0,2,27,0,29,0,4,48,0,52,0,6,75,0,81,20,0,20,101
08/29/2021,LEE,FL,ASO,ES,Federal Contract Tower,0,0,20,0,20,0,0,36,0,36,0,0,56,0,56,54,0,54,110
08/30/2021,LEE,FL,ASO,ES,Federal Contract Tower,0,1,21,0,22,0,7,50,0,57,0,8,71,0,79,96,0,96,175
08/31/2021,LEE,FL,ASO,ES,Federal Contract Tower,0,0,10,0,10,0,2,82,0,84,0,2,92,0,94,156,0,156,250
09/01/2021,LEE,FL,ASO,ES,Federal Contract Tower,0,0,18,0,18,0,3,0,0,3,0,3,18,0,21,0,0,0,21
09/02/2021,LEE,FL,ASO,ES,Federal Contract Tower,0,3,24,0,27,0,15,54,0,69,0,18,78,0,96,104,0,104,200
09/03/2021,LEE,FL,ASO,ES,Federal Contract Tower,0,0,34,0,34,0,1,69,0,70,0,1,103,0,104,96,0,96,200
09/04/2021,LEE,FL,ASO,ES,Federal Contract Tower,0,5,12,0,17,0,8,76,0,84,0,13,88,0,101,146,0,146,247
09/05/2021,LEE,FL,ASO,ES,Federal Contract Tower,0,3,18,0,21,0,8,32,0,40,0,11,50,0,61,18,0,18,79
09/06/2021,LEE,FL,ASO,ES,Federal Contract Tower,0,0,11,0,11,0,2,58,0,60,0,2,69,0,71,40,0,40,111
09/07/2021,LEE,FL,ASO,ES,Federal Contract Tower,0,3,16,1,20,0,5,34,0,39,0,8,50,1,59,110,0,110,169
09/08/2021,LEE,FL,ASO,ES,Federal Contract Tower,0,0,16,0,16,0,2,46,0,48,0,2,62,0,64,60,0,60,124
09/09/2021,LEE,FL,ASO,ES,Federal Contract Tower,0,0,16,0,16,0,4,7,0,11,0,4,23,0,27,8,0,8,35
09/10/2021,LEE,FL,ASO,ES,Federal Contract Tower,0,6,25,0,31,0,3,65,0,68,0,9,90,0,99,76,0,76,175
09/11/2021,LEE,FL,ASO,ES,Federal Contract Tower,0,3,16,0,19,0,4,50,0,54,0,7,66,0,73,72,0,72,145
09/12/2021,LEE,FL,ASO,ES,Federal Contract Tower,0,5,24,0,29,0,7,25,0,32,0,12,49,0,61,10,0,10,71
09/13/2021,LEE,FL,ASO,ES,Federal Contract Tower,0,2,27,0,29,0,6,80,0,86,0,8,107,0,115,102,2,104,219
09/14/2021,LEE,FL,ASO,ES,Federal Contract Tower,0,2,13,0,15,0,0,72,2,74,0,2,85,2,89,44,0,44,133
09/15/2021,LEE,FL,ASO,ES,Federal Contract Tower,0,1,34,0,35,0,4,66,0,70,0,5,100,0,105,106,0,106,211
09/16/2021,LEE,FL,ASO,ES,Federal Contract Tower,0,11,20,0,31,0,1,61,0,62,0,12,81,0,93,82,0,82,175
09/17/2021,LEE,FL,ASO,ES,Federal Contract Tower,0,3,29,0,32,0,0,41,0,41,0,3,70,0,73,124,0,124,197
09/18/2021,LEE,FL,ASO,ES,Federal Contract Tower,0,2,24,0,26,0,4,41,0,45,0,6,65,0,71,42,0,42,113
09/19/2021,LEE,FL,ASO,ES,Federal Contract Tower,0,4,16,0,20,0,0,40,0,40,0,4,56,0,60,106,0,106,166
09/20/2021,LEE,FL,ASO,ES,Federal Contract Tower,0,3,11,0,14,0,1,30,0,31,0,4,41,0,45,110,0,110,155
09/21/2021,LEE,FL,ASO,ES,Federal Contract Tower,0,0,16,0,16,0,4,66,0,70,0,4,82,0,86,208,0,208,294
09/22/2021,LEE,FL,ASO,ES,Federal Contract Tower,0,0,45,0,45,0,4,38,0,42,0,4,83,0,87,52,0,52,139
09/23/2021,LEE,FL,ASO,ES,Federal Contract Tower,0,4,44,0,48,0,4,89,0,93,0,8,133,0,141,200,0,200,341
09/24/2021,LEE,FL,ASO,ES,Federal Contract Tower,0,0,25,0,25,0,9,89,0,98,0,9,114,0,123,202,0,202,325
09/25/2021,LEE,FL,ASO,ES,Federal Contract Tower,0,0,9,0,9,0,5,71,0,76,0,5,80,0,85,94,0,94,179
09/26/2021,LEE,FL,ASO,ES,Federal Contract Tower,0,0,17,0,17,0,1,76,0,77,0,1,93,0,94,142,0,142,236
09/27/2021,LEE,FL,ASO,ES,Federal Contract Tower,0,5,29,0,34,0,5,82,0,87,0,10,111,0,121,200,0,200,321
09/28/2021,LEE,FL,ASO,ES,Federal Contract Tower,0,1,34,0,35,0,4,85,0,89,0,5,119,0,124,138,0,138,262
09/29/2021,LEE,FL,ASO,ES,Federal Contract Tower,0,0,24,0,24,0,0,77,0,77,0,0,101,0,101,170,0,170,271
09/30/2021,LEE,FL,ASO,ES,Federal Contract Tower,0,3,26,0,29,0,0,79,0,79,0,3,105,0,108,186,0,186,294
10/01/2021,LEE,FL,ASO,ES,Federal Contract Tower,0,1,14,0,15,0,5,73,0,78,0,6,87,0,93,156,0,156,249
10/02/2021,LEE,FL,ASO,ES,Federal Contract Tower,0,1,24,0,25,0,4,68,0,72,0,5,92,0,97,76,0,76,173
10/03/2021,LEE,FL,ASO,ES,Federal Contract Tower,0,1,22,0,23,0,5,84,0,89,0,6,106,0,112,162,0,162,274
10/04/2021,LEE,FL,ASO,ES,Federal Contract Tower,0,1,34,0,35,0,3,73,0,76,0,4,107,0,111,130,0,130,241
10/05/2021,LEE,FL,ASO,ES,Federal Contract Tower,0,4,28,0,32,0,3,74,0,77,0,7,102,0,109,202,0,202,311
10/06/2021,LEE,FL,ASO,ES,Federal Contract Tower,0,1,26,0,27,0,1,87,0,88,0,2,113,0,115,194,0,194,309
10/07/2021,LEE,FL,ASO,ES,Federal Contract Tower,0,0,24,0,24,0,4,74,0,78,0,4,98,0,102,170,0,170,272
10/08/2021,LEE,FL,ASO,ES,Federal Contract Tower,0,0,35,0,35,0,0,39,0,39,0,0,74,0,74,132,0,132,206
10/09/2021,LEE,FL,ASO,ES,Federal Contract Tower,0,2,17,0,19,0,2,43,0,45,0,4,60,0,64,12,0,12,76
10/10/2021,LEE,FL,ASO,ES,Federal Contract Tower,0,2,8,0,10,0,10,39,0,49,0,12,47,0,59,70,0,70,129
10/11/2021,LEE,FL,ASO,ES,Federal Contract Tower,0,0,18,0,18,0,10,73,0,83,0,10,91,0,101,138,0,138,239
10/12/2021,LEE,FL,ASO,ES,Federal Contract Tower,0,1,36,0,37,0,8,84,0,92,0,9,120,0,129,180,0,180,309
10/13/2021,LEE,FL,ASO,ES,Federal Contract Tower,0,5,26,0,31,0,5,80,0,85,0,10,106,0,116,256,0,256,372
10/14/2021,LEE,FL,ASO,ES,Federal Contract Tower,0,0,22,0,22,0,7,74,0,81,0,7,96,0,103,144,0,144,247
10/15/2021,LEE,FL,ASO,ES,Federal Contract Tower,0,0,11,0,11,0,5,86,0,91,0,5,97,0,102,100,0,100,202
10/16/2021,LEE,FL,ASO,ES,Federal Contract Tower,0,0,13,0,13,0,14,69,0,83,0,14,82,0,96,70,0,70,166
10/17/2021,LEE,FL,ASO,ES,Federal Contract Tower,0,0,12,0,12,0,1,44,0,45,0,1,56,0,57,78,0,78,135
10/18/2021,LEE,FL,ASO,ES,Federal Contract Tower,0,2,28,0,30,0,1,63,0,64,0,3,91,0,94,92,0,92,186
10/19/2021,LEE,FL,ASO,ES,Federal Contract Tower,0,0,23,0,23,0,4,66,0,70,0,4,89,0,93,126,0,126,219
10/20/2021,LEE,FL,ASO,ES,Federal Contract Tower,0,1,20,0,21,0,2,50,1,53,0,3,70,1,74,140,10,150,224
10/21/2021,LEE,FL,ASO,ES,Federal Contract Tower,0,0,24,0,24,0,1,72,0,73,0,1,96,0,97,130,0,130,227
10/22/2021,LEE,FL,ASO,ES,Federal Contract Tower,0,0,29,0,29,0,2,72,0,74,0,2,101,0,103,130,0,130,233
10/23/2021,LEE,FL,ASO,ES,Federal Contract Tower,0,0,16,0,16,0,1,61,0,62,0,1,77,0,78,98,0,98,176
10/24/2021,LEE,FL,ASO,ES,Federal Contract Tower,0,2,18,0,20,0,7,52,0,59,0,9,70,0,79,64,0,64,143
10/25/2021,LEE,FL,ASO,ES,Federal Contract Tower,0,0,20,0,20,0,2,52,0,54,0,2,72,0,74,78,0,78,152
10/26/2021,LEE,FL,ASO,ES,Federal Contract Tower,0,0,36,0,36,0,8,55,0,63,0,8,91,0,99,74,0,74,173
10/27/2021,LEE,FL,ASO,ES,Federal Contract Tower,0,0,34,0,34,0,3,112,0,115,0,3,146,0,149,158,0,158,307
10/28/2021,LEE,FL,ASO,ES,Federal Contract Tower,0,4,22,0,26,0,2,4,0,6,0,6,26,0,32,16,0,16,48
10/29/2021,LEE,FL,ASO,ES,Federal Contract Tower,0,2,40,0,42,0,2,55,0,57,0,4,95,0,99,86,0,86,185
10/30/2021,LEE,FL,ASO,ES,Federal Contract Tower,0,7,11,0,18,0,8,43,0,51,0,15,54,0,69,30,0,30,99
10/31/2021,LEE,FL,ASO,ES,Federal Contract Tower,0,1,27,0,28,0,5,55,0,60,0,6,82,0,88,86,0,86,174
11/01/2021,LEE,FL,ASO,ES,Federal Contract Tower,0,2,40,0,42,0,8,88,0,96,0,10,128,0,138,156,0,156,294
11/02/2021,LEE,FL,ASO,ES,Federal Contract Tower,0,1,31,0,32,0,1,86,2,89,0,2,117,2,121,155,8,163,284
11/03/2021,LEE,FL,ASO,ES,Federal Contract Tower,0,2,28,0,30,0,3,82,0,85,0,5,110,0,115,232,0,232,347
11/04/2021,LEE,FL,ASO,ES,Federal Contract Tower,0,1,40,0,41,0,2,48,0,50,0,3,88,0,91,160,0,160,251
11/05/2021,LEE,FL,ASO,ES,Federal Contract Tower,0,0,4,0,4,0,0,0,0,0,0,0,4,0,4,0,0,0,4
11/06/2021,LEE,FL,ASO,ES,Federal Contract Tower,0,0,21,0,21,0,0,1,0,1,0,0,22,0,22,0,0,0,22
11/07/2021,LEE,FL,ASO,ES,Federal Contract Tower,0,2,32,0,34,0,10,72,0,82,0,12,104,0,116,134,0,134,250
11/08/2021,LEE,FL,ASO,ES,Federal Contract Tower,0,9,28,0,37,0,13,97,0,110,0,22,125,0,147,120,0,120,267
11/09/2021,LEE,FL,ASO,ES,Federal Contract Tower,0,3,39,0,42,0,3,91,0,94,0,6,130,0,136,120,0,120,256
11/10/2021,LEE,FL,ASO,ES,Federal Contract Tower,0,0,34,0,34,0,5,90,0,95,0,5,124,0,129,254,0,254,383
11/11/2021,LEE,FL,ASO,ES,Federal Contract Tower,0,3,32,0,35,0,3,72,0,75,0,6,104,0,110,220,0,220,330
11/12/2021,LEE,FL,ASO,ES,Federal Contract Tower,0,0,47,0,47,0,3,24,0,27,0,3,71,0,74,116,0,116,190
11/13/2021,LEE,FL,ASO,ES,Federal Contract Tower,0,0,18,0,18,0,2,32,0,34,0,2,50,0,52,32,0,32,84
11/14/2021,LEE,FL,ASO,ES,Federal Contract Tower,0,1,10,0,11,0,12,49,0,61,0,13,59,0,72,70,0,70,142
11/15/2021,LEE,FL,ASO,ES,Federal Contract Tower,0,2,21,0,23,0,8,81,0,89,0,10,102,0,112,120,0,120,232
11/16/2021,LEE,FL,ASO,ES,Federal Contract Tower,0,2,35,0,37,0,7,81,0,88,0,9,116,0,125,192,0,192,317
11/17/2021,LEE,FL,ASO,ES,Federal Contract Tower,0,0,32,2,34,0,3,97,4,104,0,3,129,6,138,166,0,166,304
11/18/2021,LEE,FL,ASO,ES,Federal Contract Tower,0,3,47,2,52,0,4,44,0,48,0,7,91,2,100,174,0,174,274
11/19/2021,LEE,FL,ASO,ES,Federal Contract Tower,0,1,38,0,39,0,1,64,0,65,0,2,102,0,104,58,0,58,162
11/20/2021,LEE,FL,ASO,ES,Federal Contract Tower,0,3,18,0,21,0,6,10,0,16,0,9,28,0,37,18,0,18,55
11/21/2021,LEE,FL,ASO,ES,Federal Contract Tower,0,3,9,0,12,0,2,36,2,40,0,5,45,2,52,86,2,88,140
11/22/2021,LEE,FL,ASO,ES,Federal Contract Tower,0,6,33,0,39,0,4,51,0,55,0,10,84,0,94,66,0,66,160
11/23/2021,LEE,FL,ASO,ES,Federal Contract Tower,0,0,38,0,38,0,4,71,0,75,0,4,109,0,113,50,0,50,163
11/24/2021,LEE,FL,ASO,ES,Federal Contract Tower,0,0,49,0,49,0,3,94,0,97,0,3,143,0,146,144,0,144,290
11/25/2021,LEE,FL,ASO,ES,Federal Contract Tower,0,0,7,0,7,0,6,19,0,25,0,6,26,0,32,18,0,18,50
11/26/2021,LEE,FL,ASO,ES,Federal Contract Tower,0,2,17,0,19,0,0,70,0,70,0,2,87,0,89,132,0,132,221
11/27/2021,LEE,FL,ASO,ES,Federal Contract Tower,0,11,2,0,13,0,8,59,0,67,0,19,61,0,80,62,0,62,142
11/28/2021,LEE,FL,ASO,ES,Federal Contract Tower,0,1,16,0,17,0,6,71,0,77,0,7,87,0,94,108,0,108,202
11/29/2021,LEE,FL,ASO,ES,Federal Contract Tower,0,0,30,0,30,0,4,86,2,92,0,4,116,2,122,238,14,252,374
11/30/2021,LEE,FL,ASO,ES,Federal Contract Tower,0,6,16,1,23,0,4,78,1,83,0,10,94,2,106,110,20,130,236
12/01/2021,LEE,FL,ASO,ES,Federal Contract Tower,0,7,38,0,45,0,7,71,0,78,0,14,109,0,123,152,0,152,275
12/02/2021,LEE,FL,ASO,ES,Federal Contract Tower,0,2,30,0,32,0,8,83,0,91,0,10,113,0,123,94,0,94,217
12/03/2021,LEE,FL,ASO,ES,Federal Contract Tower,0,0,31,0,31,0,5,90,0,95,0,5,121,0,126,230,0,230,356
12/04/2021,LEE,FL,ASO,ES,Federal Contract Tower,0,0,9,0,9,0,1,71,0,72,0,1,80,0,81,116,0,116,197
12/05/2021,LEE,FL,ASO,ES,Federal Contract Tower,0,0,13,0,13,0,8,69,0,77,0,8,82,0,90,78,0,78,168
12/06/2021,LEE,FL,ASO,ES,Federal Contract Tower,0,8,26,0,34,0,4,63,0,67,0,12,89,0,101,228,0,228,329
12/07/2021,LEE,FL,ASO,ES,Federal Contract Tower,0,3,31,0,34,0,6,23,0,29,0,9,54,0,63,102,0,102,165
12/08/2021,LEE,FL,ASO,ES,Federal Contract Tower,0,9,28,0,37,0,5,76,0,81,0,14,104,0,118,128,0,128,246
12/09/2021,LEE,FL,ASO,ES,Federal Contract Tower,0,0,34,0,34,0,9,47,0,56,0,9,81,0,90,94,0,94,184
12/10/2021,LEE,FL,ASO,ES,Federal Contract Tower,0,2,29,0,31,0,7,95,0,102,0,9,124,0,133,226,0,226,359
12/11/2021,LEE,FL,ASO,ES,Federal Contract Tower,0,0,11,0,11,0,2,56,0,58,0,2,67,0,69,86,0,86,155
12/12/2021,LEE,FL,ASO,ES,Federal Contract Tower,0,1,13,0,14,0,2,30,0,32,0,3,43,0,46,76,0,76,122
12/13/2021,LEE,FL,ASO,ES,Federal Contract Tower,0,7,26,0,33,0,11,93,2,106,0,18,119,2,139,142,0,142,281
12/14/2021,LEE,FL,ASO,ES,Federal Contract Tower,0,3,24,0,27,0,6,17,0,23,0,9,41,0,50,36,0,36,86
12/15/2021,LEE,FL,ASO,ES,Federal Contract Tower,0,6,24,0,30,0,2,36,0,38,0,8,60,0,68,62,0,62,130
12/16/2021,LEE,FL,ASO,ES,Federal Contract Tower,0,4,24,0,28,0,1,72,0,73,0,5,96,0,101,150,0,150,251
12/17/2021,LEE,FL,ASO,ES,Federal Contract Tower,0,3,35,0,38,0,11,113,0,124,0,14,148,0,162,138,0,138,300
12/18/2021,LEE,FL,ASO,ES,Federal Contract Tower,0,1,15,0,16,0,3,79,0,82,0,4,94,0,98,128,0,128,226
12/19/2021,LEE,FL,ASO,ES,Federal Contract Tower,0,2,9,0,11,0,4,21,0,25,0,6,30,0,36,40,0,40,76
12/20/2021,LEE,FL,ASO,ES,Federal Contract Tower,0,3,29,0,32,0,0,9,0,9,0,3,38,0,41,0,0,0,41
12/21/2021,LEE,FL,ASO,ES,Federal Contract Tower,0,0,12,0,12,0,0,1,0,1,0,0,13,0,13,0,0,0,13
12/22/2021,LEE,FL,ASO,ES,Federal Contract Tower,0,5,31,0,36,0,1,70,0,71,0,6,101,0,107,116,0,116,223
12/23/2021,LEE,FL,ASO,ES,Federal Contract Tower,0,3,26,0,29,0,2,99,0,101,0,5,125,0,130,212,0,212,342
12/24/2021,LEE,FL,ASO,ES,Federal Contract Tower,0,0,4,0,4,0,12,52,0,64,0,12,56,0,68,70,0,70,138
12/25/2021,LEE,FL,ASO,ES,Federal Contract Tower,0,1,4,0,5,0,2,18,0,20,0,3,22,0,25,0,0,0,25
12/26/2021,LEE,FL,ASO,ES,Federal Contract Tower,0,3,20,0,23,0,9,49,0,58,0,12,69,0,81,32,0,32,113
12/27/2021,LEE,FL,ASO,ES,Federal Contract Tower,0,4,17,0,21,0,3,74,0,77,0,7,91,0,98,90,0,90,188
12/28/2021,LEE,FL,ASO,ES,Federal Contract Tower,0,1,24,0,25,0,6,108,0,114,0,7,132,0,139,148,0,148,287
12/29/2021,LEE,FL,ASO,ES,Federal Contract Tower,0,0,12,0,12,0,2,103,0,105,0,2,115,0,117,182,0,182,299
12/30/2021,LEE,FL,ASO,ES,Federal Contract Tower,0,2,31,0,33,0,2,35,0,37,0,4,66,0,70,28,0,28,98
12/31/2021,LEE,FL,ASO,ES,Federal Contract Tower,0,2,20,0,22,0,5,36,0,41,0,7,56,0,63,18,0,18,81
01/01/2022,LEE,FL,ASO,ES,Federal Contract Tower,0,0,12,0,12,0,4,23,0,27,0,4,35,0,39,8,0,8,47
01/02/2022,LEE,FL,ASO,ES,Federal Contract Tower,0,1,13,0,14,0,4,43,0,47,0,5,56,0,61,76,0,76,137
01/03/2022,LEE,FL,ASO,ES,Federal Contract Tower,0,1,22,0,23,0,2,47,0,49,0,3,69,0,72,164,0,164,236
01/04/2022,LEE,FL,ASO,ES,Federal Contract Tower,0,0,27,0,27,0,6,78,0,84,0,6,105,0,111,254,0,254,365
01/05/2022,LEE,FL,ASO,ES,Federal Contract Tower,0,4,15,0,19,0,5,73,0,78,0,9,88,0,97,166,0,166,263
01/06/2022,LEE,FL,ASO,ES,Federal Contract Tower,0,6,31,0,37,0,4,97,0,101,0,10,128,0,138,172,0,172,310
01/07/2022,LEE,FL,ASO,ES,Federal Contract Tower,0,0,39,0,39,0,12,99,0,111,0,12,138,0,150,193,0,193,343
01/08/2022,LEE,FL,ASO,ES,Federal Contract Tower,0,1,7,0,8,0,1,83,0,84,0,2,90,0,92,86,0,86,178
01/09/2022,LEE,FL,ASO,ES,Federal Contract Tower,0,2,9,0,11,0,4,68,0,72,0,6,77,0,83,168,0,168,251
01/10/2022,LEE,FL,ASO,ES,Federal Contract Tower,0,0,19,0,19,0,2,42,0,44,0,2,61,0,63,98,0,98,161
01/11/2022,LEE,FL,ASO,ES,Federal Contract Tower,0,0,21,0,21,0,1,86,0,87,0,1,107,0,108,64,0,64,172
01/12/2022,LEE,FL,ASO,ES,Federal Contract Tower,0,1,23,0,24,0,1,92,0,93,0,2,115,0,117,168,0,168,285
01/13/2022,LEE,FL,ASO,ES,Federal Contract Tower,0,7,27,0,34,0,4,86,0,90,0,11,113,0,124,128,0,128,252
01/14/2022,LEE,FL,ASO,ES,Federal Contract Tower,0,0,16,0,16,0,4,113,0,117,0,4,129,0,133,146,0,146,279
01/15/2022,LEE,FL,ASO,ES,Federal Contract Tower,0,0,18,0,18,0,6,96,0,102,0,6,114,0,120,128,0,128,248
01/16/2022,LEE,FL,ASO,ES,Federal Contract Tower,0,3,2,0,5,0,5,4,0,9,0,8,6,0,14,0,0,0,14
01/17/2022,LEE,FL,ASO,ES,Federal Contract Tower,0,9,16,0,25,0,6,61,0,67,0,15,77,0,92,74,0,74,166
01/18/2022,LEE,FL,ASO,ES,Federal Contract Tower,0,1,16,2,19,0,3,88,0,91,0,4,104,2,110,246,0,246,356
01/19/2022,LEE,FL,ASO,ES,Federal Contract Tower,0,3,20,0,23,0,12,113,0,125,0,15,133,0,148,176,0,176,324
01/20/2022,LEE,FL,ASO,ES,Federal Contract Tower,0,2,24,0,26,0,2,79,2,83,0,4,103,2,109,132,0,132,241
01/21/2022,LEE,FL,ASO,ES,Federal Contract Tower,0,0,19,0,19,0,3,50,0,53,0,3,69,0,72,112,0,112,184
01/22/2022,LEE,FL,ASO,ES,Federal Contract Tower,0,1,12,0,13,0,0,0,0,0,0,1,12,0,13,0,0,0,13
01/23/2022,LEE,FL,ASO,ES,Federal Contract Tower,0,4,27,0,31,0,0,66,0,66,0,4,93,0,97,68,0,68,165
01/24/2022,LEE,FL,ASO,ES,Federal Contract Tower,0,2,18,0,20,0,16,101,0,117,0,18,119,0,137,134,0,134,271
01/25/2022,LEE,FL,ASO,ES,Federal Contract Tower,0,0,10,0,10,0,6,26,0,32,0,6,36,0,42,58,0,58,100
01/26/2022,LEE,FL,ASO,ES,Federal Contract Tower,0,2,29,0,31,0,0,7,0,7,0,2,36,0,38,24,0,24,62
01/27/2022,LEE,FL,ASO,ES,Federal Contract Tower,0,0,42,0,42,0,4,22,0,26,0,4,64,0,68,3,0,3,71
01/28/2022,LEE,FL,ASO,ES,Federal Contract Tower,0,4,42,0,46,0,2,82,0,84,0,6,124,0,130,174,0,174,304
01/29/2022,LEE,FL,ASO,ES,Federal Contract Tower,0,1,6,0,7,0,0,47,0,47,0,1,53,0,54,120,0,120,174
01/30/2022,LEE,FL,ASO,ES,Federal Contract Tower,0,3,12,0,15,0,1,100,0,101,0,4,112,0,116,182,0,182,298
01/31/2022,LEE,FL,ASO,ES,Federal Contract Tower,0,0,18,0,18,0,8,109,0,117,0,8,127,0,135,264,0,264,399
02/01/2022,LEE,FL,ASO,ES,Federal Contract Tower,0,0,29,0,29,0,6,113,0,119,0,6,142,0,148,200,0,200,348
02/02/2022,LEE,FL,ASO,ES,Federal Contract Tower,0,2,19,0,21,0,5,80,0,85,0,7,99,0,106,136,0,136,242
02/03/2022,LEE,FL,ASO,ES,Federal Contract Tower,0,2,25,4,31,0,8,113,0,121,0,10,138,4,152,186,0,186,338
02/04/2022,LEE,FL,ASO,ES,Federal Contract Tower,0,0,14,0,14,0,6,147,0,153,0,6,161,0,167,120,0,120,287
02/05/2022,LEE,FL,ASO,ES,Federal Contract Tower,0,1,12,0,13,0,13,51,0,64,0,14,63,0,77,46,0,46,123
02/06/2022,LEE,FL,ASO,ES,Federal Contract Tower,0,3,11,0,14,0,0,0,0,0,0,3,11,0,14,0,0,0,14
02/07/2022,LEE,FL,ASO,ES,Federal Contract Tower,0,2,36,0,38,0,2,45,0,47,0,4,81,0,85,30,0,30,115
02/08/2022,LEE,FL,ASO,ES,Federal Contract Tower,0,1,19,0,20,0,0,1,0,1,0,1,20,0,21,0,0,0,21
02/09/2022,LEE,FL,ASO,ES,Federal Contract Tower,0,1,25,0,26,0,9,143,0,152,0,10,168,0,178,188,0,188,366
02/10/2022,LEE,FL,ASO,ES,Federal Contract Tower,0,1,32,0,33,0,9,135,0,144,0,10,167,0,177,180,0,180,357
02/11/2022,LEE,FL,ASO,ES,Federal Contract Tower,0,3,33,0,36,0,7,121,0,128,0,10,154,0,164,238,0,238,402
02/12/2022,LEE,FL,ASO,ES,Federal Contract Tower,0,0,8,0,8,0,16,147,0,163,0,16,155,0,171,244,0,244,415
02/13/2022,LEE,FL,ASO,ES,Federal Contract Tower,0,0,13,0,13,0,9,54,0,63,0,9,67,0,76,86,0,86,162
02/14/2022,LEE,FL,ASO,ES,Federal Contract Tower,0,11,11,0,22,0,8,75,0,83,0,19,86,0,105,94,0,94,199
02/15/2022,LEE,FL,ASO,ES,Federal Contract Tower,0,4,25,0,29,0,9,106,0,115,0,13,131,0,144,140,0,140,284
02/16/2022,LEE,FL,ASO,ES,Federal Contract Tower,0,0,36,0,36,0,6,96,8,110,0,6,132,8,146,158,0,158,304
02/17/2022,LEE,FL,ASO,ES,Federal Contract Tower,0,1,26,0,27,0,5,62,0,67,0,6,88,0,94,188,0,188,282
02/18/2022,LEE,FL,ASO,ES,Federal Contract Tower,0,4,31,0,35,0,3,69,4,76,0,7,100,4,111,192,0,192,303
02/19/2022,LEE,FL,ASO,ES,Federal Contract Tower,0,0,16,0,16,0,3,78,0,81,0,3,94,0,97,44,0,44,141
02/20/2022,LEE,FL,ASO,ES,Federal Contract Tower,0,4,21,0,25,0,0,79,0,79,0,4,100,0,104,126,0,126,230
02/21/2022,LEE,FL,ASO,ES,Federal Contract Tower,0,5,21,0,26,0,6,120,0,126,0,11,141,0,152,144,0,144,296
02/22/2022,LEE,FL,ASO,ES,Federal Contract Tower,0,4,27,0,31,0,2,140,0,142,0,6,167,0,173,190,0,190,363
02/23/2022,LEE,FL,ASO,ES,Federal Contract Tower,0,1,11,0,12,0,0,65,0,65,0,1,76,0,77,142,0,142,219
02/24/2022,LEE,FL,ASO,ES,Federal Contract Tower,0,3,33,0,36,0,10,116,0,126,0,13,149,0,162,182,0,182,344
02/25/2022,LEE,FL,ASO,ES,Federal Contract Tower,0,3,28,0,31,0,2,86,0,88,0,5,114,0,119,188,0,188,307
02/26/2022,LEE,FL,ASO,ES,Federal Contract Tower,0,5,12,0,17,0,9,101,0,110,0,14,113,0,127,130,0,130,257
02/27/2022,LEE,FL,ASO,ES,Federal Contract Tower,0,4,14,0,18,0,6,106,0,112,0,10,120,0,130,148,0,148,278
02/28/2022,LEE,FL,ASO,ES,Federal Contract Tower,0,2,57,2,61,0,0,33,0,33,0,2,90,2,94,54,0,54,148
03/01/2022,LEE,FL,ASO,ES,Federal Contract Tower,0,3,55,0,58,0,0,79,0,79,0,3,134,0,137,111,0,111,248
03/02/2022,LEE,FL,ASO,ES,Federal Contract Tower,0,1,22,2,25,0,6,132,0,138,0,7,154,2,163,320,0,320,483
03/03/2022,LEE,FL,ASO,ES,Federal Contract Tower,0,4,29,0,33,0,2,123,0,125,0,6,152,0,158,74,0,74,232
03/04/2022,LEE,FL,ASO,ES,Federal Contract Tower,0,4,26,0,30,0,3,117,0,120,0,7,143,0,150,152,0,152,302
03/05/2022,LEE,FL,ASO,ES,Federal Contract Tower,0,1,17,0,18,0,6,88,0,94,0,7,105,0,112,98,0,98,210
03/06/2022,LEE,FL,ASO,ES,Federal Contract Tower,0,1,17,0,18,0,17,71,0,88,0,18,88,0,106,116,0,116,222
03/07/2022,LEE,FL,ASO,ES,Federal Contract Tower,0,1,23,0,24,0,0,88,0,88,0,1,111,0,112,222,0,222,334
03/08/2022,LEE,FL,ASO,ES,Federal Contract Tower,0,1,26,0,27,0,7,40,0,47,0,8,66,0,74,80,0,80,154
03/09/2022,LEE,FL,ASO,ES,Federal Contract Tower,0,3,31,0,34,0,7,7,0,14,0,10,38,0,48,46,0,46,94
03/10/2022,LEE,FL,ASO,ES,Federal Contract Tower,0,4,12,0,16,0,0,20,0,20,0,4,32,0,36,38,0,38,74
03/11/2022,LEE,FL,ASO,ES,Federal Contract Tower,0,1,39,0,40,0,1,52,0,53,0,2,91,0,93,56,0,56,149
03/12/2022,LEE,FL,ASO,ES,Federal Contract Tower,0,0,1,0,1,0,4,5,0,9,0,4,6,0,10,2,0,2,12
03/13/2022,LEE,FL,ASO,ES,Federal Contract Tower,0,7,28,0,35,0,3,90,0,93,0,10,118,0,128,116,0,116,244
03/14/2022,LEE,FL,ASO,ES,Federal Contract Tower,0,0,26,0,26,0,8,0,111,119,0,8,26,111,145,160,0,160,305
03/15/2022,LEE,FL,ASO,ES,Federal Contract Tower,0,0,13,0,13,0,3,64,0,67,0,3,77,0,80,138,0,138,218
03/16/2022,LEE,FL,ASO,ES,Federal Contract Tower,0,0,12,0,12,0,3,17,10,30,0,3,29,10,42,52,0,52,94
03/17/2022,LEE,FL,ASO,ES,Federal Contract Tower,0,1,40,0,41,0,9,102,0,111,0,10,142,0,152,172,0,172,324
03/18/2022,LEE,FL,ASO,ES,Federal Contract Tower,0,5,23,0,28,0,6,100,0,106,0,11,123,0,134,182,0,182,316
03/19/2022,LEE,FL,ASO,ES,Federal Contract Tower,0,3,14,0,17,0,1,140,0,141,0,4,154,0,158,162,0,162,320
03/20/2022,LEE,FL,ASO,ES,Federal Contract Tower,0,0,15,0,15,0,3,63,0,66,0,3,78,0,81,84,0,84,165
03/21/2022,LEE,FL,ASO,ES,Federal Contract Tower,0,0,31,0,31,0,5,103,0,108,0,5,134,0,139,162,0,162,301
03/22/2022,LEE,FL,ASO,ES,Federal Contract Tower,0,3,21,0,24,0,3,114,0,117,0,6,135,0,141,216,0,216,357
03/23/2022,LEE,FL,ASO,ES,Federal Contract Tower,0,0,23,0,23,0,2,43,0,45,0,2,66,0,68,124,0,124,192
03/24/2022,LEE,FL,ASO,ES,Federal Contract Tower,0,3,10,0,13,0,0,4,0,4,0,3,14,0,17,0,0,0,17
03/25/2022,LEE,FL,ASO,ES,Federal Contract Tower,0,3,36,0,39,0,2,128,0,130,0,5,164,0,169,194,0,194,363
03/26/2022,LEE,FL,ASO,ES,Federal Contract Tower,0,4,11,0,15,0,5,107,0,112,0,9,118,0,127,126,0,126,253
03/27/2022,LEE,FL,ASO,ES,Federal Contract Tower,0,0,20,0,20,0,11,125,0,136,0,11,145,0,156,252,0,252,408
03/28/2022,LEE,FL,ASO,ES,Federal Contract Tower,0,4,28,0,32,0,7,115,0,122,0,11,143,0,154,288,0,288,442
03/29/2022,LEE,FL,ASO,ES,Federal Contract Tower,0,0,45,4,49,0,0,103,0,103,0,0,148,4,152,152,0,152,304
03/30/2022,LEE,FL,ASO,ES,Federal Contract Tower,0,0,21,2,23,0,2,75,0,77,0,2,96,2,100,146,0,146,246
03/31/2022,LEE,FL,ASO,ES,Federal Contract Tower,0,2,21,0,23,0,8,34,0,42,0,10,55,0,65,66,0,66,131
04/01/2022,LEE,FL,ASO,ES,Federal Contract Tower,0,1,13,0,14,0,3,61,0,64,0,4,74,0,78,74,0,74,152
04/02/2022,LEE,FL,ASO,ES,Federal Contract Tower,0,0,10,0,10,0,0,20,0,20,0,0,30,0,30,54,0,54,84
04/03/2022,LEE,FL,ASO,ES,Federal Contract Tower,0,4,14,0,18,0,6,78,0,84,0,10,92,0,102,212,0,212,314
04/04/2022,LEE,FL,ASO,ES,Federal Contract Tower,0,2,25,0,27,0,5,111,0,116,0,7,136,0,143,262,0,262,405
04/05/2022,LEE,FL,ASO,ES,Federal Contract Tower,0,3,43,0,46,0,4,30,0,34,0,7,73,0,80,28,0,28,108
04/06/2022,LEE,FL,ASO,ES,Federal Contract Tower,0,8,36,0,44,0,5,54,0,59,0,13,90,0,103,134,0,134,237
04/07/2022,LEE,FL,ASO,ES,Federal Contract Tower,0,4,27,0,31,0,0,7,0,7,0,4,34,0,38,0,0,0,38
04/08/2022,LEE,FL,ASO,ES,Federal Contract Tower,0,7,31,0,38,0,8,80,0,88,0,15,111,0,126,98,0,98,224
04/09/2022,LEE,FL,ASO,ES,Federal Contract Tower,0,1,9,0,10,0,5,65,0,70,0,6,74,0,80,120,0,120,200
04/10/2022,LEE,FL,ASO,ES,Federal Contract Tower,0,0,17,0,17,0,7,118,0,125,0,7,135,0,142,228,0,228,370
04/11/2022,LEE,FL,ASO,ES,Federal Contract Tower,0,5,7,1,13,0,10,106,1,117,0,15,113,2,130,224,4,228,358
04/12/2022,LEE,FL,ASO,ES,Federal Contract Tower,0,0,15,0,15,0,10,95,0,105,0,10,110,0,120,244,0,244,364
04/13/2022,LEE,FL,ASO,ES,Federal Contract Tower,0,1,23,0,24,0,2,85,0,87,0,3,108,0,111,262,0,262,373
04/14/2022,LEE,FL,ASO,ES,Federal Contract Tower,0,2,17,0,19,0,11,58,0,69,0,13,75,0,88,202,0,202,290
04/15/2022,LEE,FL,ASO,ES,Federal Contract Tower,0,0,27,0,27,0,5,56,0,61,0,5,83,0,88,62,0,62,150
04/16/2022,LEE,FL,ASO,ES,Federal Contract Tower,0,3,15,0,18,0,5,68,0,73,0,8,83,0,91,100,0,100,191
04/17/2022,LEE,FL,ASO,ES,Federal Contract Tower,0,0,10,0,10,0,5,52,0,57,0,5,62,0,67,74,0,74,141
04/18/2022,LEE,FL,ASO,ES,Federal Contract Tower,0,0,24,0,24,0,3,73,0,76,0,3,97,0,100,136,0,136,236
04/19/2022,LEE,FL,ASO,ES,Federal Contract Tower,0,2,16,0,18,0,10,86,0,96,0,12,102,0,114,198,0,198,312
04/20/2022,LEE,FL,ASO,ES,Federal Contract Tower,0,5,22,0,27,0,2,89,0,91,0,7,111,0,118,106,0,106,224
04/21/2022,LEE,FL,ASO,ES,Federal Contract Tower,0,2,26,0,28,0,12,102,0,114,0,14,128,0,142,176,0,176,318
04/22/2022,LEE,FL,ASO,ES,Federal Contract Tower,0,1,25,0,26,0,2,71,0,73,0,3,96,0,99,200,0,200,299
04/23/2022,LEE,FL,ASO,ES,Federal Contract Tower,0,5,12,0,17,0,3,42,0,45,0,8,54,0,62,80,0,80,142
04/24/2022,LEE,FL,ASO,ES,Federal Contract Tower,0,2,13,0,15,0,10,59,0,69,0,12,72,0,84,226,0,226,310
04/25/2022,LEE,FL,ASO,ES,Federal Contract Tower,0,2,16,0,18,0,5,98,0,103,0,7,114,0,121,312,0,312,433
04/26/2022,LEE,FL,ASO,ES,Federal Contract Tower,0,0,19,0,19,0,5,105,0,110,0,5,124,0,129,268,0,268,397
04/27/2022,LEE,FL,ASO,ES,Federal Contract Tower,0,2,18,0,20,0,1,98,0,99,0,3,116,0,119,308,0,308,427
04/28/2022,LEE,FL,ASO,ES,Federal Contract Tower,0,1,28,0,29,0,5,58,0,63,0,6,86,0,92,102,0,102,194
04/29/2022,LEE,FL,ASO,ES,Federal Contract Tower,0,3,31,0,34,0,11,71,0,82,0,14,102,0,116,184,0,184,300
04/30/2022,LEE,FL,ASO,ES,Federal Contract Tower,0,1,14,0,15,0,7,68,0,75,0,8,82,0,90,82,0,82,172
05/01/2022,LEE,FL,ASO,ES,Federal Contract Tower,0,4,17,0,21,0,9,65,0,74,0,13,82,0,95,124,0,124,219
05/02/2022,LEE,FL,ASO,ES,Federal Contract Tower,0,1,12,0,13,0,0,120,0,120,0,1,132,0,133,247,0,247,380
05/03/2022,LEE,FL,ASO,ES,Federal Contract Tower,0,1,24,0,25,0,5,67,0,72,0,6,91,0,97,192,0,192,289
05/04/2022,LEE,FL,ASO,ES,Federal Contract Tower,0,5,30,0,35,0,3,92,0,95,0,8,122,0,130,224,0,224,354
05/05/2022,LEE,FL,ASO,ES,Federal Contract Tower,0,2,30,0,32,0,6,101,0,107,0,8,131,0,139,196,0,196,335
05/06/2022,LEE,FL,ASO,ES,Federal Contract Tower,0,0,24,0,24,0,8,129,0,137,0,8,153,0,161,220,0,220,381
05/07/2022,LEE,FL,ASO,ES,Federal Contract Tower,0,1,16,0,17,0,4,40,0,44,0,5,56,0,61,58,0,58,119
05/08/2022,LEE,FL,ASO,ES,Federal Contract Tower,0,3,8,0,11,0,17,31,0,48,0,20,39,0,59,18,0,18,77
05/09/2022,LEE,FL,ASO,ES,Federal Contract Tower,0,2,25,0,27,0,6,89,0,95,0,8,114,0,122,216,0,216,338
05/10/2022,LEE,FL,ASO,ES,Federal Contract Tower,0,8,15,0,23,0,3,80,0,83,0,11,95,0,106,124,0,124,230
05/11/2022,LEE,FL,ASO,ES,Federal Contract Tower,0,2,20,0,22,0,8,51,0,59,0,10,71,0,81,132,0,132,213
05/12/2022,LEE,FL,ASO,ES,Federal Contract Tower,0,3,25,0,28,0,3,109,0,112,0,6,134,0,140,172,0,172,312
05/13/2022,LEE,FL,ASO,ES,Federal Contract Tower,0,1,30,0,31,0,3,73,0,76,0,4,103,0,107,154,0,154,261
05/14/2022,LEE,FL,ASO,ES,Federal Contract Tower,0,0,8,0,8,0,11,92,0,103,0,11,100,0,111,222,0,222,333
05/15/2022,LEE,FL,ASO,ES,Federal Contract Tower,0,2,17,0,19,0,2,34,0,36,0,4,51,0,55,38,0,38,93
05/16/2022,LEE,FL,ASO,ES,Federal Contract Tower,0,1,21,0,22,0,3,78,0,81,0,4,99,0,103,198,0,198,301
05/17/2022,LEE,FL,ASO,ES,Federal Contract Tower,0,3,18,0,21,0,4,86,0,90,0,7,104,0,111,202,0,202,313
05/18/2022,LEE,FL,ASO,ES,Federal Contract Tower,0,0,22,0,22,0,2,77,0,79,0,2,99,0,101,152,0,152,253
05/19/2022,LEE,FL,ASO,ES,Federal Contract Tower,0,1,25,0,26,0,5,88,9,102,0,6,113,9,128,158,0,158,286
05/20/2022,LEE,FL,ASO,ES,Federal Contract Tower,0,0,17,0,17,0,9,28,3,40,0,9,45,3,57,40,0,40,97
05/21/2022,LEE,FL,ASO,ES,Federal Contract Tower,0,2,22,0,24,0,6,33,0,39,0,8,55,0,63,80,0,80,143
05/22/2022,LEE,FL,ASO,ES,Federal Contract Tower,0,2,15,0,17,0,9,44,0,53,0,11,59,0,70,100,0,100,170
05/23/2022,LEE,FL,ASO,ES,Federal Contract Tower,0,2,29,0,31,0,11,86,0,97,0,13,115,0,128,248,0,248,376
05/24/2022,LEE,FL,ASO,ES,Federal Contract Tower,0,0,37,0,37,0,6,104,0,110,0,6,141,0,147,286,0,286,433
05/25/2022,LEE,FL,ASO,ES,Federal Contract Tower,0,1,14,0,15,0,4,95,0,99,0,5,109,0,114,234,0,234,348
05/26/2022,LEE,FL,ASO,ES,Federal Contract Tower,0,4,31,0,35,0,8,73,0,81,0,12,104,0,116,182,0,182,298
05/27/2022,LEE,FL,ASO,ES,Federal Contract Tower,0,0,24,0,24,0,0,34,0,34,0,0,58,0,58,58,0,58,116
05/28/2022,LEE,FL,ASO,ES,Federal Contract Tower,0,2,4,0,6,0,6,60,0,66,0,8,64,0,72,130,0,130,202
05/29/2022,LEE,FL,ASO,ES,Federal Contract Tower,0,0,11,0,11,0,2,53,0,55,0,2,64,0,66,54,0,54,120
05/30/2022,LEE,FL,ASO,ES,Federal Contract Tower,0,0,25,0,25,0,4,66,0,70,0,4,91,0,95,82,0,82,177
05/31/2022,LEE,FL,ASO,ES,Federal Contract Tower,0,3,13,0,16,0,7,49,0,56,0,10,62,0,72,94,0,94,166
06/01/2022,LEE,FL,ASO,ES,Federal Contract Tower,0,0,12,0,12,0,0,64,0,64,0,0,76,0,76,78,0,78,154
06/02/2022,LEE,FL,ASO,ES,Federal Contract Tower,0,7,37,0,44,0,2,104,0,106,0,9,141,0,150,151,4,155,305
06/03/2022,LEE,FL,ASO,ES,Federal Contract Tower,0,1,13,0,14,0,2,72,0,74,0,3,85,0,88,126,0,126,214
06/04/2022,LEE,FL,ASO,ES,Federal Contract Tower,0,0,1,0,1,0,0,5,0,5,0,0,6,0,6,0,0,0,6
06/05/2022,LEE,FL,ASO,ES,Federal Contract Tower,0,4,8,0,12,0,7,39,0,46,0,11,47,0,58,102,0,102,160
06/06/2022,LEE,FL,ASO,ES,Federal Contract Tower,0,0,15,0,15,0,3,37,0,40,0,3,52,0,55,92,0,92,147
06/07/2022,LEE,FL,ASO,ES,Federal Contract Tower,0,5,25,0,30,0,0,77,0,77,0,5,102,0,107,290,0,290,397
06/08/2022,LEE,FL,ASO,ES,Federal Contract Tower,0,4,19,0,23,0,0,48,0,48,0,4,67,0,71,76,0,76,147
06/09/2022,LEE,FL,ASO,ES,Federal Contract Tower,0,5,14,0,19,0,4,63,0,67,0,9,77,0,86,168,0,168,254
06/10/2022,LEE,FL,ASO,ES,Federal Contract Tower,0,4,8,0,12,0,2,44,0,46,0,6,52,0,58,106,0,106,164
06/11/2022,LEE,FL,ASO,ES,Federal Contract Tower,0,2,10,0,12,0,4,32,0,36,0,6,42,0,48,118,0,118,166
06/12/2022,LEE,FL,ASO,ES,Federal Contract Tower,0,2,8,0,10,0,4,37,0,41,0,6,45,0,51,68,0,68,119
06/13/2022,LEE,FL,ASO,ES,Federal Contract Tower,0,2,16,0,18,0,10,77,0,87,0,12,93,0,105,178,0,178,283
06/14/2022,LEE,FL,ASO,ES,Federal Contract Tower,0,2,20,0,22,0,3,85,0,88,0,5,105,0,110,216,0,216,326
06/15/2022,LEE,FL,ASO,ES,Federal Contract Tower,0,2,26,0,28,0,5,89,0,94,0,7,115,0,122,218,0,218,340
06/16/2022,LEE,FL,ASO,ES,Federal Contract Tower,0,0,32,0,32,0,3,101,0,104,0,3,133,0,136,130,0,130,266
06/17/2022,LEE,FL,ASO,ES,Federal Contract Tower,0,2,25,0,27,0,3,87,0,90,0,5,112,0,117,238,0,238,355
06/18/2022,LEE,FL,ASO,ES,Federal Contract Tower,0,0,0,0,0,0,4,67,0,71,0,4,67,0,71,80,0,80,151
06/19/2022,LEE,FL,ASO,ES,Federal Contract Tower,0,0,3,0,3,0,3,28,0,31,0,3,31,0,34,72,0,72,106
06/20/2022,LEE,FL,ASO,ES,Federal Contract Tower,0,0,19,0,19,0,5,70,0,75,0,5,89,0,94,182,0,182,276
06/21/2022,LEE,FL,ASO,ES,Federal Contract Tower,0,0,23,0,23,0,1,103,0,104,0,1,126,0,127,260,0,260,387
06/22/2022,LEE,FL,ASO,ES,Federal Contract Tower,0,2,30,0,32,0,10,102,0,112,0,12,132,0,144,130,0,130,274
06/23/2022,LEE,FL,ASO,ES,Federal Contract Tower,0,0,13,0,13,0,9,97,0,106,0,9,110,0,119,186,0,186,305
06/24/2022,LEE,FL,ASO,ES,Federal Contract Tower,0,2,8,0,10,0,2,44,0,46,0,4,52,0,56,104,0,104,160
06/25/2022,LEE,FL,ASO,ES,Federal Contract Tower,0,0,8,0,8,0,2,31,0,33,0,2,39,0,41,48,0,48,89
06/26/2022,LEE,FL,ASO,ES,Federal Contract Tower,0,0,0,0,0,0,6,46,0,52,0,6,46,0,52,104,0,104,156
06/27/2022,LEE,FL,ASO,ES,Federal Contract Tower,0,1,25,0,26,0,0,91,0,91,0,1,116,0,117,200,0,200,317
06/28/2022,LEE,FL,ASO,ES,Federal Contract Tower,0,0,18,0,18,0,3,94,0,97,0,3,112,0,115,220,0,220,335
06/29/2022,LEE,FL,ASO,ES,Federal Contract Tower,0,4,22,0,26,0,5,98,0,103,0,9,120,0,129,152,0,152,281
06/30/2022,LEE,FL,ASO,ES,Federal Contract Tower,0,0,26,0,26,0,6,70,0,76,0,6,96,0,102,118,0,118,220
07/01/2022,LEE,FL,ASO,ES,Federal Contract Tower,0,2,20,0,22,0,5,72,0,77,0,7,92,0,99,110,0,110,209
07/02/2022,LEE,FL,ASO,ES,Federal Contract Tower,0,0,7,0,7,0,6,47,0,53,0,6,54,0,60,32,0,32,92
07/03/2022,LEE,FL,ASO,ES,Federal Contract Tower,0,2,12,0,14,0,2,36,0,38,0,4,48,0,52,52,0,52,104
07/04/2022,LEE,FL,ASO,ES,Federal Contract Tower,0,2,14,0,16,0,6,32,0,38,0,8,46,0,54,54,0,54,108
07/05/2022,LEE,FL,ASO,ES,Federal Contract Tower,0,2,16,0,18,0,9,55,0,64,0,11,71,0,82,100,0,100,182
07/06/2022,LEE,FL,ASO,ES,Federal Contract Tower,0,0,30,0,30,0,1,48,0,49,0,1,78,0,79,100,0,100,179
07/07/2022,LEE,FL,ASO,ES,Federal Contract Tower,0,4,19,4,27,0,3,98,0,101,0,7,117,4,128,132,0,132,260
07/08/2022,LEE,FL,ASO,ES,Federal Contract Tower,0,2,29,0,31,0,110,0,0,110,0,112,29,0,141,164,0,164,305
07/09/2022,LEE,FL,ASO,ES,Federal Contract Tower,0,0,14,0,14,0,4,72,0,76,0,4,86,0,90,96,0,96,186
07/10/2022,LEE,FL,ASO,ES,Federal Contract Tower,0,1,8,0,9,0,0,26,0,26,0,1,34,0,35,60,0,60,95
07/11/2022,LEE,FL,ASO,ES,Federal Contract Tower,0,2,14,0,16,0,9,41,0,50,0,11,55,0,66,72,0,72,138
07/12/2022,LEE,FL,ASO,ES,Federal Contract Tower,0,2,15,0,17,0,2,31,0,33,0,4,46,0,50,42,0,42,92
07/13/2022,LEE,FL,ASO,ES,Federal Contract Tower,0,1,22,0,23,0,5,73,0,78,0,6,95,0,101,158,0,158,259
07/14/2022,LEE,FL,ASO,ES,Federal Contract Tower,0,3,27,0,30,0,0,61,0,61,0,3,88,0,91,104,0,104,195
07/15/2022,LEE,FL,ASO,ES,Federal Contract Tower,0,0,36,0,36,0,3,61,0,64,0,3,97,0,100,196,0,196,296
07/16/2022,LEE,FL,ASO,ES,Federal Contract Tower,0,0,9,0,9,0,0,61,0,61,0,0,70,0,70,104,0,104,174
07/17/2022,LEE,FL,ASO,ES,Federal Contract Tower,0,0,10,0,10,0,2,64,0,66,0,2,74,0,76,132,0,132,208
07/18/2022,LEE,FL,ASO,ES,Federal Contract Tower,0,2,8,0,10,0,2,53,0,55,0,4,61,0,65,100,0,100,165
07/19/2022,LEE,FL,ASO,ES,Federal Contract Tower,0,3,17,0,20,0,2,68,0,70,0,5,85,0,90,140,0,140,230
07/20/2022,LEE,FL,ASO,ES,Federal Contract Tower,0,0,20,0,20,0,5,69,0,74,0,5,89,0,94,104,0,104,198
07/21/2022,LEE,FL,ASO,ES,Federal Contract Tower,0,2,28,0,30,0,9,103,0,112,0,11,131,0,142,172,0,172,314
07/22/2022,LEE,FL,ASO,ES,Federal Contract Tower,0,1,29,0,30,0,3,113,0,116,0,4,142,0,146,132,0,132,278
07/23/2022,LEE,FL,ASO,ES,Federal Contract Tower,0,2,11,0,13,0,1,109,0,110,0,3,120,0,123,88,0,88,211
07/24/2022,LEE,FL,ASO,ES,Federal Contract Tower,0,4,12,0,16,0,2,63,0,65,0,6,75,0,81,124,0,124,205
07/25/2022,LEE,FL,ASO,ES,Federal Contract Tower,0,2,20,0,22,0,2,55,0,57,0,4,75,0,79,146,0,146,225
07/26/2022,LEE,FL,ASO,ES,Federal Contract Tower,0,2,24,0,26,0,2,66,0,68,0,4,90,0,94,44,0,44,138
07/27/2022,LEE,FL,ASO,ES,Federal Contract Tower,0,6,13,0,19,0,4,68,0,72,0,10,81,0,91,114,0,114,205
07/28/2022,LEE,FL,ASO,ES,Federal Contract Tower,0,0,20,0,20,0,5,76,1,82,0,5,96,1,102,188,0,188,290
07/29/2022,LEE,FL,ASO,ES,Federal Contract Tower,0,0,21,0,21,0,6,98,0,104,0,6,119,0,125,264,0,264,389
07/30/2022,LEE,FL,ASO,ES,Federal Contract Tower,0,0,20,0,20,0,2,65,0,67,0,2,85,0,87,107,0,107,194
07/31/2022,LEE,FL,ASO,ES,Federal Contract Tower,0,0,16,0,16,0,9,37,0,46,0,9,53,0,62,124,0,124,186
08/01/2022,LEE,FL,ASO,ES,Federal Contract Tower,0,0,19,0,19,0,5,69,0,74,0,5,88,0,93,172,0,172,265
08/02/2022,LEE,FL,ASO,ES,Federal Contract Tower,0,0,13,0,13,0,8,73,0,81,0,8,86,0,94,200,0,200,294
08/03/2022,LEE,FL,ASO,ES,Federal Contract Tower,0,0,18,0,18,0,4,109,0,113,0,4,127,0,131,144,0,144,275
08/04/2022,LEE,FL,ASO,ES,Federal Contract Tower,0,0,32,0,32,0,5,107,0,112,0,5,139,0,144,184,0,184,328
08/05/2022,LEE,FL,ASO,ES,Federal Contract Tower,0,1,20,0,21,0,3,77,0,80,0,4,97,0,101,152,0,152,253
08/06/2022,LEE,FL,ASO,ES,Federal Contract Tower,0,0,5,0,5,0,5,42,0,47,0,5,47,0,52,56,0,56,108
08/07/2022,LEE,FL,ASO,ES,Federal Contract Tower,0,0,12,0,12,0,8,61,0,69,0,8,73,0,81,38,0,38,119
08/08/2022,LEE,FL,ASO,ES,Federal Contract Tower,0,0,20,0,20,0,2,58,0,60,0,2,78,0,80,88,0,88,168
08/09/2022,LEE,FL,ASO,ES,Federal Contract Tower,0,2,20,0,22,0,4,73,0,77,0,6,93,0,99,154,0,154,253
08/10/2022,LEE,FL,ASO,ES,Federal Contract Tower,0,1,22,0,23,0,4,58,0,62,0,5,80,0,85,118,0,118,203
08/11/2022,LEE,FL,ASO,ES,Federal Contract Tower,0,0,40,0,40,0,5,73,0,78,0,5,113,0,118,98,0,98,216
08/12/2022,LEE,FL,ASO,ES,Federal Contract Tower,0,0,27,0,27,0,5,75,0,80,0,5,102,0,107,168,0,168,275
08/13/2022,LEE,FL,ASO,ES,Federal Contract Tower,0,0,17,0,17,0,4,54,0,58,0,4,71,0,75,98,0,98,173
08/14/2022,LEE,FL,ASO,ES,Federal Contract Tower,0,4,11,0,15,0,0,47,0,47,0,4,58,0,62,116,0,116,178
08/15/2022,LEE,FL,ASO,ES,Federal Contract Tower,0,6,10,0,16,0,9,72,0,81,0,15,82,0,97,228,0,228,325
08/16/2022,LEE,FL,ASO,ES,Federal Contract Tower,0,2,25,0,27,0,7,110,0,117,0,9,135,0,144,186,0,186,330
08/17/2022,LEE,FL,ASO,ES,Federal Contract Tower,0,6,15,0,21,0,3,34,0,37,0,9,49,0,58,90,0,90,148
08/18/2022,LEE,FL,ASO,ES,Federal Contract Tower,0,1,26,0,27,0,8,54,0,62,0,9,80,0,89,164,0,164,253
08/19/2022,LEE,FL,ASO,ES,Federal Contract Tower,0,2,23,0,25,0,2,78,0,80,0,4,101,0,105,166,0,166,271
08/20/2022,LEE,FL,ASO,ES,Federal Contract Tower,0,4,16,0,20,0,2,84,0,86,0,6,100,0,106,260,0,260,366
08/21/2022,LEE,FL,ASO,ES,Federal Contract Tower,0,0,10,0,10,0,8,58,2,68,0,8,68,2,78,156,0,156,234
08/22/2022,LEE,FL,ASO,ES,Federal Contract Tower,0,2,33,0,35,0,9,72,0,81,0,11,105,0,116,162,0,162,278
08/23/2022,LEE,FL,ASO,ES,Federal Contract Tower,0,7,29,0,36,0,0,69,0,69,0,7,98,0,105,170,0,170,275
08/24/2022,LEE,FL,ASO,ES,Federal Contract Tower,0,0,19,0,19,0,0,106,0,106,0,0,125,0,125,194,0,194,319
08/25/2022,LEE,FL,ASO,ES,Federal Contract Tower,0,6,20,0,26,0,5,96,0,101,0,11,116,0,127,188,0,188,315
08/26/2022,LEE,FL,ASO,ES,Federal Contract Tower,0,0,34,0,34,0,0,60,0,60,0,0,94,0,94,188,0,188,282
08/27/2022,LEE,FL,ASO,ES,Federal Contract Tower,0,2,7,0,9,0,0,43,0,43,0,2,50,0,52,170,0,170,222
08/28/2022,LEE,FL,ASO,ES,Federal Contract Tower,0,4,5,0,9,0,6,35,0,41,0,10,40,0,50,10,0,10,60
08/29/2022,LEE,FL,ASO,ES,Federal Contract Tower,0,4,16,0,20,0,3,61,0,64,0,7,77,0,84,182,0,182,266
08/30/2022,LEE,FL,ASO,ES,Federal Contract Tower,0,2,20,0,22,0,3,62,0,65,0,5,82,0,87,136,0,136,223
08/31/2022,LEE,FL,ASO,ES,Federal Contract Tower,0,1,20,0,21,0,9,68,0,77,0,10,88,0,98,162,0,162,260
09/01/2022,LEE,FL,ASO,ES,Federal Contract Tower,0,4,23,0,27,0,6,89,0,95,0,10,112,0,122,172,0,172,294
09/02/2022,LEE,FL,ASO,ES,Federal Contract Tower,0,0,22,0,22,0,4,60,0,64,0,4,82,0,86,174,0,174,260
09/03/2022,LEE,FL,ASO,ES,Federal Contract Tower,0,0,8,0,8,0,8,42,0,50,0,8,50,0,58,104,0,104,162
09/04/2022,LEE,FL,ASO,ES,Federal Contract Tower,0,2,13,0,15,0,2,31,0,33,0,4,44,0,48,46,0,46,94
09/05/2022,LEE,FL,ASO,ES,Federal Contract Tower,0,2,27,0,29,0,5,79,0,84,0,7,106,0,113,98,0,98,211
09/06/2022,LEE,FL,ASO,ES,Federal Contract Tower,0,2,20,0,22,0,5,67,0,72,0,7,87,0,94,206,0,206,300
09/07/2022,LEE,FL,ASO,ES,Federal Contract Tower,0,1,19,2,22,0,1,92,0,93,0,2,111,2,115,188,0,188,303
09/08/2022,LEE,FL,ASO,ES,Federal Contract Tower,0,1,23,0,24,0,4,25,0,29,0,5,48,0,53,30,0,30,83
09/09/2022,LEE,FL,ASO,ES,Federal Contract Tower,0,0,10,0,10,0,0,48,0,48,0,0,58,0,58,156,0,156,214
09/10/2022,LEE,FL,ASO,ES,Federal Contract Tower,0,0,13,0,13,0,0,44,0,44,0,0,57,0,57,120,0,120,177
09/11/2022,LEE,FL,ASO,ES,Federal Contract Tower,0,3,19,0,22,0,1,69,0,70,0,4,88,0,92,184,0,184,276
09/12/2022,LEE,FL,ASO,ES,Federal Contract Tower,0,1,13,0,14,0,2,57,0,59,0,3,70,0,73,118,0,118,191
09/13/2022,LEE,FL,ASO,ES,Federal Contract Tower,0,4,14,0,18,0,3,63,0,66,0,7,77,0,84,159,0,159,243
09/14/2022,LEE,FL,ASO,ES,Federal Contract Tower,0,1,26,0,27,0,0,58,0,58,0,1,84,0,85,134,0,134,219
09/15/2022,LEE,FL,ASO,ES,Federal Contract Tower,0,2,28,1,31,0,4,52,1,57,0,6,80,2,88,174,8,182,270
09/16/2022,LEE,FL,ASO,ES,Federal Contract Tower,0,13,26,0,39,0,0,64,0,64,0,13,90,0,103,94,0,94,197
09/17/2022,LEE,FL,ASO,ES,Federal Contract Tower,0,2,14,6,22,0,0,46,0,46,0,2,60,6,68,85,0,85,153
09/18/2022,LEE,FL,ASO,ES,Federal Contract Tower,0,3,22,0,25,0,7,26,0,33,0,10,48,0,58,38,0,38,96
09/19/2022,LEE,FL,ASO,ES,Federal Contract Tower,0,7,38,0,45,0,4,62,0,66,0,11,100,0,111,112,0,112,223
09/20/2022,LEE,FL,ASO,ES,Federal Contract Tower,0,2,17,0,19,0,0,36,0,36,0,2,53,0,55,46,0,46,101
09/21/2022,LEE,FL,ASO,ES,Federal Contract Tower,0,0,16,2,18,0,11,78,0,89,0,11,94,2,107,192,0,192,299
09/22/2022,LEE,FL,ASO,ES,Federal Contract Tower,0,1,29,0,30,0,4,64,0,68,0,5,93,0,98,218,0,218,316
09/23/2022,LEE,FL,ASO,ES,Federal Contract Tower,0,10,39,0,49,0,2,82,0,84,0,12,121,0,133,200,0,200,333
09/24/2022,LEE,FL,ASO,ES,Federal Contract Tower,0,0,12,0,12,0,6,87,0,93,0,6,99,0,105,172,0,172,277
09/25/2022,LEE,FL,ASO,ES,Federal Contract Tower,0,2,14,0,16,0,4,58,0,62,0,6,72,0,78,54,0,54,132
09/26/2022,LEE,FL,ASO,ES,Federal Contract Tower,0,2,36,0,38,0,7,94,0,101,0,9,130,0,139,168,0,168,307
09/27/2022,LEE,FL,ASO,ES,Federal Contract Tower,0,5,5,0,10,0,0,32,0,32,0,5,37,0,42,40,0,40,82
09/28/2022,LEE,FL,ASO,ES,Federal Contract Tower,0,0,0,0,0,0,0,0,0,0,0,0,0,0,0,0,0,0,0
09/29/2022,LEE,FL,ASO,ES,Federal Contract Tower,0,0,0,0,0,0,0,0,0,0,0,0,0,0,0,0,0,0,0
09/30/2022,LEE,FL,ASO,ES,Federal Contract Tower,0,0,9,0,9,0,4,40,0,44,0,4,49,0,53,24,0,24,77
10/01/2022,LEE,FL,ASO,ES,Federal Contract Tower,0,0,14,0,14,0,3,86,0,89,0,3,100,0,103,126,0,126,229
10/02/2022,LEE,FL,ASO,ES,Federal Contract Tower,0,0,13,0,13,0,12,77,0,89,0,12,90,0,102,88,0,88,190
10/03/2022,LEE,FL,ASO,ES,Federal Contract Tower,0,0,27,0,27,0,5,100,8,113,0,5,127,8,140,154,0,154,294
10/04/2022,LEE,FL,ASO,ES,Federal Contract Tower,0,1,23,0,24,0,4,86,0,90,0,5,109,0,114,180,0,180,294
10/05/2022,LEE,FL,ASO,ES,Federal Contract Tower,0,0,41,0,41,0,3,107,4,114,0,3,148,4,155,210,0,210,365
10/06/2022,LEE,FL,ASO,ES,Federal Contract Tower,0,3,16,2,21,0,7,129,0,136,0,10,145,2,157,224,0,224,381
10/07/2022,LEE,FL,ASO,ES,Federal Contract Tower,0,3,26,0,29,0,5,118,0,123,0,8,144,0,152,272,0,272,424
10/08/2022,LEE,FL,ASO,ES,Federal Contract Tower,0,0,6,0,6,0,2,99,0,101,0,2,105,0,107,258,0,258,365
10/09/2022,LEE,FL,ASO,ES,Federal Contract Tower,0,3,7,0,10,0,7,55,0,62,0,10,62,0,72,106,0,106,178
10/10/2022,LEE,FL,ASO,ES,Federal Contract Tower,0,0,14,0,14,0,8,71,0,79,0,8,85,0,93,179,0,179,272
10/11/2022,LEE,FL,ASO,ES,Federal Contract Tower,0,4,16,0,20,0,10,105,0,115,0,14,121,0,135,247,0,247,382
10/12/2022,LEE,FL,ASO,ES,Federal Contract Tower,0,3,26,0,29,0,4,68,0,72,0,7,94,0,101,162,0,162,263
10/13/2022,LEE,FL,ASO,ES,Federal Contract Tower,0,7,15,0,22,0,7,69,0,76,0,14,84,0,98,180,0,180,278
10/14/2022,LEE,FL,ASO,ES,Federal Contract Tower,0,2,7,0,9,0,8,126,2,136,0,10,133,2,145,266,0,266,411
10/15/2022,LEE,FL,ASO,ES,Federal Contract Tower,0,2,8,0,10,0,3,121,0,124,0,5,129,0,134,216,0,216,350
10/16/2022,LEE,FL,ASO,ES,Federal Contract Tower,0,4,11,0,15,0,5,76,0,81,0,9,87,0,96,166,0,166,262
10/17/2022,LEE,FL,ASO,ES,Federal Contract Tower,0,2,21,0,23,0,4,77,0,81,0,6,98,0,104,124,0,124,228
10/18/2022,LEE,FL,ASO,ES,Federal Contract Tower,0,0,21,0,21,0,1,90,0,91,0,1,111,0,112,230,0,230,342
10/19/2022,LEE,FL,ASO,ES,Federal Contract Tower,0,0,30,0,30,0,0,105,0,105,0,0,135,0,135,200,0,200,335
10/20/2022,LEE,FL,ASO,ES,Federal Contract Tower,0,0,24,0,24,0,10,86,0,96,0,10,110,0,120,282,0,282,402
10/21/2022,LEE,FL,ASO,ES,Federal Contract Tower,0,2,44,0,46,0,3,133,0,136,0,5,177,0,182,210,0,210,392
10/22/2022,LEE,FL,ASO,ES,Federal Contract Tower,0,1,33,0,34,0,8,82,0,90,0,9,115,0,124,186,0,186,310
10/23/2022,LEE,FL,ASO,ES,Federal Contract Tower,0,0,20,0,20,0,5,81,0,86,0,5,101,0,106,78,0,78,184
10/24/2022,LEE,FL,ASO,ES,Federal Contract Tower,0,3,21,0,24,0,0,89,0,89,0,3,110,0,113,126,0,126,239
10/25/2022,LEE,FL,ASO,ES,Federal Contract Tower,0,4,23,0,27,0,3,125,0,128,0,7,148,0,155,164,0,164,319
10/26/2022,LEE,FL,ASO,ES,Federal Contract Tower,0,5,33,0,38,0,6,83,0,89,0,11,116,0,127,227,0,227,354
10/27/2022,LEE,FL,ASO,ES,Federal Contract Tower,0,3,28,6,37,0,0,60,4,64,0,3,88,10,101,134,0,134,235
10/28/2022,LEE,FL,ASO,ES,Federal Contract Tower,0,4,8,0,12,0,2,69,0,71,0,6,77,0,83,156,0,156,239
10/29/2022,LEE,FL,ASO,ES,Federal Contract Tower,0,0,16,0,16,0,1,7,0,8,0,1,23,0,24,10,0,10,34
10/30/2022,LEE,FL,ASO,ES,Federal Contract Tower,0,6,16,0,22,0,3,38,0,41,0,9,54,0,63,78,0,78,141
10/31/2022,LEE,FL,ASO,ES,Federal Contract Tower,0,2,18,0,20,0,1,81,0,82,0,3,99,0,102,112,0,112,214
11/01/2022,LEE,FL,ASO,ES,Federal Contract Tower,0,4,45,0,49,0,2,80,0,82,0,6,125,0,131,210,0,210,341
11/02/2022,LEE,FL,ASO,ES,Federal Contract Tower,0,5,37,2,44,0,1,62,0,63,0,6,99,2,107,132,0,132,239
11/03/2022,LEE,FL,ASO,ES,Federal Contract Tower,0,1,34,2,37,0,0,115,0,115,0,1,149,2,152,282,0,282,434
11/04/2022,LEE,FL,ASO,ES,Federal Contract Tower,0,0,33,0,33,0,2,117,4,123,0,2,150,4,156,272,0,272,428
11/05/2022,LEE,FL,ASO,ES,Federal Contract Tower,0,3,12,0,15,0,1,112,0,113,0,4,124,0,128,212,0,212,340
11/06/2022,LEE,FL,ASO,ES,Federal Contract Tower,0,0,13,0,13,0,6,77,0,83,0,6,90,0,96,158,0,158,254
11/07/2022,LEE,FL,ASO,ES,Federal Contract Tower,0,4,31,0,35,0,3,54,0,57,0,7,85,0,92,66,0,66,158
11/08/2022,LEE,FL,ASO,ES,Federal Contract Tower,0,2,24,0,26,0,5,18,0,23,0,7,42,0,49,6,0,6,55
11/09/2022,LEE,FL,ASO,ES,Federal Contract Tower,0,8,9,0,17,0,0,4,0,4,0,8,13,0,21,0,0,0,21
11/10/2022,LEE,FL,ASO,ES,Federal Contract Tower,0,0,0,0,0,0,0,0,0,0,0,0,0,0,0,0,0,0,0
11/11/2022,LEE,FL,ASO,ES,Federal Contract Tower,0,0,21,0,21,0,7,31,0,38,0,7,52,0,59,42,0,42,101
11/12/2022,LEE,FL,ASO,ES,Federal Contract Tower,0,0,19,0,19,0,6,82,0,88,0,6,101,0,107,170,0,170,277
11/13/2022,LEE,FL,ASO,ES,Federal Contract Tower,0,0,21,0,21,0,0,36,0,36,0,0,57,0,57,108,0,108,165
11/14/2022,LEE,FL,ASO,ES,Federal Contract Tower,0,2,23,0,25,0,6,106,0,112,0,8,129,0,137,164,0,164,301
11/15/2022,LEE,FL,ASO,ES,Federal Contract Tower,0,0,33,0,33,0,8,94,0,102,0,8,127,0,135,178,0,178,313
11/16/2022,LEE,FL,ASO,ES,Federal Contract Tower,0,2,36,0,38,0,1,25,0,26,0,3,61,0,64,74,0,74,138
11/17/2022,LEE,FL,ASO,ES,Federal Contract Tower,0,6,33,0,39,0,6,105,0,111,0,12,138,0,150,306,0,306,456
11/18/2022,LEE,FL,ASO,ES,Federal Contract Tower,0,3,39,0,42,0,0,102,0,102,0,3,141,0,144,164,0,164,308
11/19/2022,LEE,FL,ASO,ES,Federal Contract Tower,0,1,22,0,23,0,4,142,0,146,0,5,164,0,169,160,0,160,329
11/20/2022,LEE,FL,ASO,ES,Federal Contract Tower,0,0,7,0,7,0,2,12,0,14,0,2,19,0,21,6,0,6,27
11/21/2022,LEE,FL,ASO,ES,Federal Contract Tower,0,3,35,0,38,0,8,73,0,81,0,11,108,0,119,144,0,144,263
11/22/2022,LEE,FL,ASO,ES,Federal Contract Tower,0,8,40,0,48,0,0,4,0,4,0,8,44,0,52,0,0,0,52
11/23/2022,LEE,FL,ASO,ES,Federal Contract Tower,0,3,38,0,41,0,2,24,0,26,0,5,62,0,67,114,0,114,181
11/24/2022,LEE,FL,ASO,ES,Federal Contract Tower,0,1,6,0,7,0,2,7,0,9,0,3,13,0,16,24,0,24,40
11/25/2022,LEE,FL,ASO,ES,Federal Contract Tower,0,2,18,0,20,0,3,48,2,53,0,5,66,2,73,108,0,108,181
11/26/2022,LEE,FL,ASO,ES,Federal Contract Tower,0,2,23,0,25,0,0,49,0,49,0,2,72,0,74,56,0,56,130
11/27/2022,LEE,FL,ASO,ES,Federal Contract Tower,0,2,14,0,16,0,6,31,0,37,0,8,45,0,53,28,0,28,81
11/28/2022,LEE,FL,ASO,ES,Federal Contract Tower,0,5,24,0,29,0,7,84,0,91,0,12,108,0,120,174,0,174,294
11/29/2022,LEE,FL,ASO,ES,Federal Contract Tower,0,0,24,0,24,0,4,116,0,120,0,4,140,0,144,196,0,196,340
11/30/2022,LEE,FL,ASO,ES,Federal Contract Tower,0,0,23,0,23,0,5,94,2,101,0,5,117,2,124,218,0,218,342
12/01/2022,LEE,FL,ASO,ES,Federal Contract Tower,0,5,25,0,30,0,2,70,0,72,0,7,95,0,102,212,0,212,314
12/02/2022,LEE,FL,ASO,ES,Federal Contract Tower,0,0,34,0,34,0,6,90,0,96,0,6,124,0,130,206,0,206,336
12/03/2022,LEE,FL,ASO,ES,Federal Contract Tower,0,0,25,0,25,0,11,94,0,105,0,11,119,0,130,228,0,228,358
12/04/2022,LEE,FL,ASO,ES,Federal Contract Tower,0,0,7,0,7,0,2,67,0,69,0,2,74,0,76,116,0,116,192
12/05/2022,LEE,FL,ASO,ES,Federal Contract Tower,0,2,27,0,29,0,10,58,0,68,0,12,85,0,97,126,0,126,223
12/06/2022,LEE,FL,ASO,ES,Federal Contract Tower,0,2,31,0,33,0,10,101,0,111,0,12,132,0,144,192,0,192,336
12/07/2022,LEE,FL,ASO,ES,Federal Contract Tower,0,0,27,0,27,0,2,135,0,137,0,2,162,0,164,218,0,218,382
12/08/2022,LEE,FL,ASO,ES,Federal Contract Tower,0,3,32,0,35,0,18,118,0,136,0,21,150,0,171,224,0,224,395
12/09/2022,LEE,FL,ASO,ES,Federal Contract Tower,0,3,30,0,33,0,5,136,0,141,0,8,166,0,174,192,0,192,366
12/10/2022,LEE,FL,ASO,ES,Federal Contract Tower,0,0,44,0,44,0,2,102,0,104,0,2,146,0,148,110,0,110,258
12/11/2022,LEE,FL,ASO,ES,Federal Contract Tower,0,1,19,0,20,0,6,5,0,11,0,7,24,0,31,10,0,10,41
12/12/2022,LEE,FL,ASO,ES,Federal Contract Tower,0,0,37,0,37,0,1,74,0,75,0,1,111,0,112,182,0,182,294
12/13/2022,LEE,FL,ASO,ES,Federal Contract Tower,0,8,50,0,58,0,1,78,0,79,0,9,128,0,137,218,0,218,355
12/14/2022,LEE,FL,ASO,ES,Federal Contract Tower,0,2,42,0,44,0,1,104,2,107,0,3,146,2,151,256,0,256,407
12/15/2022,LEE,FL,ASO,ES,Federal Contract Tower,0,0,16,0,16,0,0,17,0,17,0,0,33,0,33,38,0,38,71
12/16/2022,LEE,FL,ASO,ES,Federal Contract Tower,0,0,33,0,33,0,0,135,0,135,0,0,168,0,168,318,0,318,486
12/17/2022,LEE,FL,ASO,ES,Federal Contract Tower,0,2,29,0,31,0,5,151,0,156,0,7,180,0,187,232,0,232,419
12/18/2022,LEE,FL,ASO,ES,Federal Contract Tower,0,0,19,0,19,0,10,92,0,102,0,10,111,0,121,184,0,184,305
12/19/2022,LEE,FL,ASO,ES,Federal Contract Tower,0,4,40,0,44,0,0,92,0,92,0,4,132,0,136,140,0,140,276
12/20/2022,LEE,FL,ASO,ES,Federal Contract Tower,0,1,18,0,19,0,4,51,0,55,0,5,69,0,74,136,0,136,210
12/21/2022,LEE,FL,ASO,ES,Federal Contract Tower,0,6,24,0,30,0,0,0,0,0,0,6,24,0,30,20,0,20,50
12/22/2022,LEE,FL,ASO,ES,Federal Contract Tower,0,3,30,0,33,0,0,0,0,0,0,3,30,0,33,0,0,0,33
12/23/2022,LEE,FL,ASO,ES,Federal Contract Tower,0,4,16,0,20,0,4,35,0,39,0,8,51,0,59,96,0,96,155
12/24/2022,LEE,FL,ASO,ES,Federal Contract Tower,0,1,11,0,12,0,18,26,0,44,0,19,37,0,56,32,0,32,88
12/25/2022,LEE,FL,ASO,ES,Federal Contract Tower,0,1,2,0,3,0,8,7,0,15,0,9,9,0,18,0,0,0,18
12/26/2022,LEE,FL,ASO,ES,Federal Contract Tower,0,1,11,0,12,0,3,83,0,86,0,4,94,0,98,234,0,234,332
12/27/2022,LEE,FL,ASO,ES,Federal Contract Tower,0,2,37,0,39,0,14,136,0,150,0,16,173,0,189,200,0,200,389
12/28/2022,LEE,FL,ASO,ES,Federal Contract Tower,0,3,15,0,18,0,4,137,0,141,0,7,152,0,159,287,0,287,446
12/29/2022,LEE,FL,ASO,ES,Federal Contract Tower,0,3,32,0,35,0,8,117,0,125,0,11,149,0,160,290,0,290,450
12/30/2022,LEE,FL,ASO,ES,Federal Contract Tower,0,1,22,0,23,0,2,125,0,127,0,3,147,0,150,292,0,292,442
12/31/2022,LEE,FL,ASO,ES,Federal Contract Tower,0,2,5,0,7,0,0,1,0,1,0,2,6,0,8,0,0,0,8
01/01/2023,LEE,FL,ASO,ES,Federal Contract Tower,0,2,10,0,12,0,2,31,0,33,0,4,41,0,45,30,0,30,75
01/02/2023,LEE,FL,ASO,ES,Federal Contract Tower,0,1,21,0,22,0,4,119,4,127,0,5,140,4,149,176,0,176,325
01/03/2023,LEE,FL,ASO,ES,Federal Contract Tower,0,2,31,0,33,0,2,96,0,98,0,4,127,0,131,216,0,216,347
01/04/2023,LEE,FL,ASO,ES,Federal Contract Tower,0,0,33,0,33,0,8,43,0,51,0,8,76,0,84,118,0,118,202
01/05/2023,LEE,FL,ASO,ES,Federal Contract Tower,0,1,36,0,37,0,0,50,0,50,0,1,86,0,87,150,0,150,237
01/06/2023,LEE,FL,ASO,ES,Federal Contract Tower,0,4,26,0,30,0,6,155,0,161,0,10,181,0,191,256,0,256,447
01/07/2023,LEE,FL,ASO,ES,Federal Contract Tower,0,2,16,0,18,0,6,147,0,153,0,8,163,0,171,284,0,284,455
01/08/2023,LEE,FL,ASO,ES,Federal Contract Tower,0,1,15,0,16,0,8,118,0,126,0,9,133,0,142,204,0,204,346
01/09/2023,LEE,FL,ASO,ES,Federal Contract Tower,0,3,28,0,31,0,0,128,0,128,0,3,156,0,159,272,0,272,431
01/10/2023,LEE,FL,ASO,ES,Federal Contract Tower,0,2,36,0,38,0,5,116,0,121,0,7,152,0,159,350,0,350,509
01/11/2023,LEE,FL,ASO,ES,Federal Contract Tower,0,1,55,0,56,0,11,128,0,139,0,12,183,0,195,404,0,404,599
01/12/2023,LEE,FL,ASO,ES,Federal Contract Tower,0,4,30,0,34,0,1,106,0,107,0,5,136,0,141,262,0,262,403
01/13/2023,LEE,FL,ASO,ES,Federal Contract Tower,0,1,41,0,42,0,4,19,0,23,0,5,60,0,65,10,0,10,75
01/14/2023,LEE,FL,ASO,ES,Federal Contract Tower,0,5,14,0,19,0,9,70,0,79,0,14,84,0,98,180,0,180,278
01/15/2023,LEE,FL,ASO,ES,Federal Contract Tower,0,3,16,0,19,0,1,100,0,101,0,4,116,0,120,134,0,134,254
01/16/2023,LEE,FL,ASO,ES,Federal Contract Tower,0,2,50,0,52,0,4,107,0,111,0,6,157,0,163,206,0,206,369
01/17/2023,LEE,FL,ASO,ES,Federal Contract Tower,0,4,27,0,31,0,7,113,0,120,0,11,140,0,151,186,0,186,337
01/18/2023,LEE,FL,ASO,ES,Federal Contract Tower,0,1,33,0,34,0,4,121,0,125,0,5,154,0,159,270,0,270,429
01/19/2023,LEE,FL,ASO,ES,Federal Contract Tower,0,2,43,0,45,0,5,101,0,106,0,7,144,0,151,202,0,202,353
01/20/2023,LEE,FL,ASO,ES,Federal Contract Tower,0,2,31,0,33,0,5,162,0,167,0,7,193,0,200,368,0,368,568
01/21/2023,LEE,FL,ASO,ES,Federal Contract Tower,0,3,14,0,17,0,1,107,0,108,0,4,121,0,125,256,0,256,381
01/22/2023,LEE,FL,ASO,ES,Federal Contract Tower,0,1,8,0,9,0,7,100,0,107,0,8,108,0,116,46,0,46,162
01/23/2023,LEE,FL,ASO,ES,Federal Contract Tower,0,2,30,0,32,0,11,83,0,94,0,13,113,0,126,228,0,228,354
01/24/2023,LEE,FL,ASO,ES,Federal Contract Tower,0,3,43,0,46,0,8,103,0,111,0,11,146,0,157,130,0,130,287
01/25/2023,LEE,FL,ASO,ES,Federal Contract Tower,0,4,22,0,26,0,10,50,2,62,0,14,72,2,88,106,4,110,198
01/26/2023,LEE,FL,ASO,ES,Federal Contract Tower,0,0,27,0,27,0,9,120,0,129,0,9,147,0,156,294,0,294,450
01/27/2023,LEE,FL,ASO,ES,Federal Contract Tower,0,4,45,0,49,0,7,136,0,143,0,11,181,0,192,298,0,298,490
01/28/2023,LEE,FL,ASO,ES,Federal Contract Tower,0,0,17,0,17,0,3,85,0,88,0,3,102,0,105,316,0,316,421
01/29/2023,LEE,FL,ASO,ES,Federal Contract Tower,0,0,16,0,16,0,2,93,2,97,0,2,109,2,113,214,0,214,327
01/30/2023,LEE,FL,ASO,ES,Federal Contract Tower,0,0,28,0,28,0,4,100,0,104,0,4,128,0,132,224,0,224,356
01/31/2023,LEE,FL,ASO,ES,Federal Contract Tower,0,0,30,0,30,0,10,118,0,128,0,10,148,0,158,290,0,290,448
02/01/2023,LEE,FL,ASO,ES,Federal Contract Tower,0,3,40,0,43,0,8,94,0,102,0,11,134,0,145,230,0,230,375
02/02/2023,LEE,FL,ASO,ES,Federal Contract Tower,0,8,43,0,51,0,8,87,2,97,0,16,130,2,148,262,4,266,414
02/03/2023,LEE,FL,ASO,ES,Federal Contract Tower,0,2,37,0,39,0,1,12,0,13,0,3,49,0,52,12,0,12,64
02/04/2023,LEE,FL,ASO,ES,Federal Contract Tower,0,2,18,0,20,0,3,71,0,74,0,5,89,0,94,74,0,74,168
02/05/2023,LEE,FL,ASO,ES,Federal Contract Tower,0,7,21,0,28,0,0,41,0,41,0,7,62,0,69,90,0,90,159
02/06/2023,LEE,FL,ASO,ES,Federal Contract Tower,0,2,37,0,39,0,2,94,0,96,0,4,131,0,135,358,0,358,493
02/07/2023,LEE,FL,ASO,ES,Federal Contract Tower,0,1,32,0,33,0,8,145,0,153,0,9,177,0,186,230,0,230,416
02/08/2023,LEE,FL,ASO,ES,Federal Contract Tower,0,2,41,0,43,0,6,125,0,131,0,8,166,0,174,272,0,272,446
02/09/2023,LEE,FL,ASO,ES,Federal Contract Tower,0,2,37,0,39,0,2,107,0,109,0,4,144,0,148,274,0,274,422
02/10/2023,LEE,FL,ASO,ES,Federal Contract Tower,0,4,43,0,47,0,2,80,0,82,0,6,123,0,129,288,0,288,417
02/11/2023,LEE,FL,ASO,ES,Federal Contract Tower,0,1,14,0,15,0,4,20,0,24,0,5,34,0,39,112,0,112,151
02/12/2023,LEE,FL,ASO,ES,Federal Contract Tower,0,1,10,0,11,0,3,20,0,23,0,4,30,0,34,8,0,8,42
02/13/2023,LEE,FL,ASO,ES,Federal Contract Tower,0,0,35,0,35,0,8,150,0,158,0,8,185,0,193,292,0,292,485
02/14/2023,LEE,FL,ASO,ES,Federal Contract Tower,0,2,23,0,25,0,8,121,0,129,0,10,144,0,154,230,0,230,384
02/15/2023,LEE,FL,ASO,ES,Federal Contract Tower,0,1,42,0,43,0,12,131,0,143,0,13,173,0,186,284,0,284,470
02/16/2023,LEE,FL,ASO,ES,Federal Contract Tower,0,2,31,0,33,0,5,140,0,145,0,7,171,0,178,270,0,270,448
02/17/2023,LEE,FL,ASO,ES,Federal Contract Tower,0,4,25,0,29,0,7,104,0,111,0,11,129,0,140,256,0,256,396
02/18/2023,LEE,FL,ASO,ES,Federal Contract Tower,0,1,23,0,24,0,0,114,0,114,0,1,137,0,138,276,0,276,414
02/19/2023,LEE,FL,ASO,ES,Federal Contract Tower,0,8,14,0,22,0,6,84,0,90,0,14,98,0,112,156,0,156,268
02/20/2023,LEE,FL,ASO,ES,Federal Contract Tower,0,3,34,0,37,0,4,118,0,122,0,7,152,0,159,202,0,202,361
02/21/2023,LEE,FL,ASO,ES,Federal Contract Tower,0,10,23,0,33,0,4,98,0,102,0,14,121,0,135,186,0,186,321
02/22/2023,LEE,FL,ASO,ES,Federal Contract Tower,0,5,30,0,35,0,6,79,0,85,0,11,109,0,120,164,0,164,284
02/23/2023,LEE,FL,ASO,ES,Federal Contract Tower,0,0,28,0,28,0,3,118,0,121,0,3,146,0,149,278,0,278,427
02/24/2023,LEE,FL,ASO,ES,Federal Contract Tower,0,0,38,0,38,0,2,69,0,71,0,2,107,0,109,252,0,252,361
02/25/2023,LEE,FL,ASO,ES,Federal Contract Tower,0,0,19,0,19,0,13,105,0,118,0,13,124,0,137,258,0,258,395
02/26/2023,LEE,FL,ASO,ES,Federal Contract Tower,0,2,22,0,24,0,3,73,0,76,0,5,95,0,100,162,0,162,262
02/27/2023,LEE,FL,ASO,ES,Federal Contract Tower,0,6,41,0,47,0,3,53,0,56,0,9,94,0,103,100,0,100,203
02/28/2023,LEE,FL,ASO,ES,Federal Contract Tower,0,6,36,0,42,0,2,53,0,55,0,8,89,0,97,44,0,44,141
03/01/2023,LEE,FL,ASO,ES,Federal Contract Tower,0,1,33,0,34,0,8,100,2,110,0,9,133,2,144,254,0,254,398
03/02/2023,LEE,FL,ASO,ES,Federal Contract Tower,0,0,26,0,26,0,2,69,0,71,0,2,95,0,97,158,0,158,255
03/03/2023,LEE,FL,ASO,ES,Federal Contract Tower,0,2,6,0,8,0,10,36,0,46,0,12,42,0,54,114,0,114,168
03/04/2023,LEE,FL,ASO,ES,Federal Contract Tower,0,4,7,0,11,0,14,33,0,47,0,18,40,0,58,72,0,72,130
03/05/2023,LEE,FL,ASO,ES,Federal Contract Tower,0,0,19,0,19,0,5,67,0,72,0,5,86,0,91,180,0,180,271
03/06/2023,LEE,FL,ASO,ES,Federal Contract Tower,0,5,23,0,28,0,0,107,0,107,0,5,130,0,135,222,0,222,357
03/07/2023,LEE,FL,ASO,ES,Federal Contract Tower,0,1,19,0,20,0,3,103,0,106,0,4,122,0,126,192,0,192,318
03/08/2023,LEE,FL,ASO,ES,Federal Contract Tower,0,4,34,0,38,0,5,100,0,105,0,9,134,0,143,108,0,108,251
03/09/2023,LEE,FL,ASO,ES,Federal Contract Tower,0,0,20,0,20,0,4,109,0,113,0,4,129,0,133,266,0,266,399
03/10/2023,LEE,FL,ASO,ES,Federal Contract Tower,0,0,22,0,22,0,3,110,0,113,0,3,132,0,135,258,0,258,393
03/11/2023,LEE,FL,ASO,ES,Federal Contract Tower,0,0,19,0,19,0,5,71,0,76,0,5,90,0,95,96,0,96,191
03/12/2023,LEE,FL,ASO,ES,Federal Contract Tower,0,0,12,0,12,0,4,59,0,63,0,4,71,0,75,58,0,58,133
03/13/2023,LEE,FL,ASO,ES,Federal Contract Tower,0,1,10,0,11,0,2,23,0,25,0,3,33,0,36,22,0,22,58
03/14/2023,LEE,FL,ASO,ES,Federal Contract Tower,0,0,23,0,23,0,12,114,0,126,0,12,137,0,149,282,0,282,431
03/15/2023,LEE,FL,ASO,ES,Federal Contract Tower,0,1,34,0,35,0,4,86,0,90,0,5,120,0,125,191,0,191,316
03/16/2023,LEE,FL,ASO,ES,Federal Contract Tower,0,3,30,0,33,0,7,142,0,149,0,10,172,0,182,260,0,260,442
03/17/2023,LEE,FL,ASO,ES,Federal Contract Tower,0,0,33,0,33,0,10,106,0,116,0,10,139,0,149,220,0,220,369
03/18/2023,LEE,FL,ASO,ES,Federal Contract Tower,0,1,16,0,17,0,5,34,0,39,0,6,50,0,56,50,0,50,106
03/19/2023,LEE,FL,ASO,ES,Federal Contract Tower,0,2,28,0,30,0,5,25,0,30,0,7,53,0,60,52,0,52,112
03/20/2023,LEE,FL,ASO,ES,Federal Contract Tower,0,2,31,0,33,0,5,103,0,108,0,7,134,0,141,218,0,218,359
03/21/2023,LEE,FL,ASO,ES,Federal Contract Tower,0,0,27,0,27,0,5,99,0,104,0,5,126,0,131,300,0,300,431
03/22/2023,LEE,FL,ASO,ES,Federal Contract Tower,0,2,32,0,34,0,9,66,0,75,0,11,98,0,109,206,0,206,315
03/23/2023,LEE,FL,ASO,ES,Federal Contract Tower,0,5,43,0,48,0,1,98,0,99,0,6,141,0,147,260,0,260,407
03/24/2023,LEE,FL,ASO,ES,Federal Contract Tower,0,6,41,0,47,0,3,96,0,99,0,9,137,0,146,274,0,274,420
03/25/2023,LEE,FL,ASO,ES,Federal Contract Tower,0,3,14,0,17,0,3,29,0,32,0,6,43,0,49,78,0,78,127
03/26/2023,LEE,FL,ASO,ES,Federal Contract Tower,0,0,19,0,19,0,3,59,0,62,0,3,78,0,81,84,0,84,165
03/27/2023,LEE,FL,ASO,ES,Federal Contract Tower,0,5,28,0,33,0,2,101,0,103,0,7,129,0,136,236,0,236,372
03/28/2023,LEE,FL,ASO,ES,Federal Contract Tower,0,1,24,0,25,0,6,68,0,74,0,7,92,0,99,134,0,134,233
03/29/2023,LEE,FL,ASO,ES,Federal Contract Tower,0,8,25,0,33,0,4,107,0,111,0,12,132,0,144,196,0,196,340
03/30/2023,LEE,FL,ASO,ES,Federal Contract Tower,0,1,26,0,27,0,3,133,0,136,0,4,159,0,163,288,0,288,451
03/31/2023,LEE,FL,ASO,ES,Federal Contract Tower,0,4,20,0,24,0,9,83,0,92,0,13,103,0,116,246,0,246,362
04/01/2023,LEE,FL,ASO,ES,Federal Contract Tower,0,0,14,0,14,0,4,48,0,52,0,4,62,0,66,76,0,76,142
04/02/2023,LEE,FL,ASO,ES,Federal Contract Tower,0,6,15,0,21,0,1,79,0,80,0,7,94,0,101,124,0,124,225
04/03/2023,LEE,FL,ASO,ES,Federal Contract Tower,0,1,12,25,38,0,2,71,0,73,0,3,83,25,111,228,0,228,339
04/04/2023,LEE,FL,ASO,ES,Federal Contract Tower,0,8,25,0,33,0,4,125,1,130,0,12,150,1,163,318,0,318,481
04/05/2023,LEE,FL,ASO,ES,Federal Contract Tower,0,8,30,0,38,0,6,94,0,100,0,14,124,0,138,220,0,220,358
04/06/2023,LEE,FL,ASO,ES,Federal Contract Tower,0,2,23,0,25,0,0,0,0,0,0,2,23,0,25,280,0,280,305
04/07/2023,LEE,FL,ASO,ES,Federal Contract Tower,0,2,29,0,31,0,7,116,0,123,0,9,145,0,154,294,0,294,448
04/08/2023,LEE,FL,ASO,ES,Federal Contract Tower,0,0,21,0,21,0,8,116,0,124,0,8,137,0,145,210,0,210,355
04/09/2023,LEE,FL,ASO,ES,Federal Contract Tower,0,2,8,0,10,0,0,2,0,2,0,2,10,0,12,16,0,16,28
04/10/2023,LEE,FL,ASO,ES,Federal Contract Tower,0,0,16,0,16,0,2,15,0,17,0,2,31,0,33,22,0,22,55
04/11/2023,LEE,FL,ASO,ES,Federal Contract Tower,0,0,36,0,36,0,2,75,0,77,0,2,111,0,113,134,4,138,251
04/12/2023,LEE,FL,ASO,ES,Federal Contract Tower,0,1,32,0,33,0,4,56,0,60,0,5,88,0,93,142,0,142,235
04/13/2023,LEE,FL,ASO,ES,Federal Contract Tower,0,2,17,0,19,0,2,61,0,63,0,4,78,0,82,186,0,186,268
04/14/2023,LEE,FL,ASO,ES,Federal Contract Tower,0,0,27,0,27,0,4,82,0,86,0,4,109,0,113,248,0,248,361
04/15/2023,LEE,FL,ASO,ES,Federal Contract Tower,0,2,30,0,32,0,2,111,0,113,0,4,141,0,145,252,0,252,397
04/16/2023,LEE,FL,ASO,ES,Federal Contract Tower,0,0,16,0,16,0,1,79,0,80,0,1,95,0,96,204,0,204,300
04/17/2023,LEE,FL,ASO,ES,Federal Contract Tower,0,2,28,0,30,0,2,72,0,74,0,4,100,0,104,226,0,226,330
04/18/2023,LEE,FL,ASO,ES,Federal Contract Tower,0,2,36,0,38,0,6,142,0,148,0,8,178,0,186,314,0,314,500
04/19/2023,LEE,FL,ASO,ES,Federal Contract Tower,0,2,45,0,47,0,0,119,0,119,0,2,164,0,166,312,0,312,478
04/20/2023,LEE,FL,ASO,ES,Federal Contract Tower,0,0,31,0,31,0,3,110,0,113,0,3,141,0,144,260,0,260,404
04/21/2023,LEE,FL,ASO,ES,Federal Contract Tower,0,0,32,0,32,0,4,114,0,118,0,4,146,0,150,250,0,250,400
04/22/2023,LEE,FL,ASO,ES,Federal Contract Tower,0,2,19,0,21,0,4,81,0,85,0,6,100,0,106,222,0,222,328
04/23/2023,LEE,FL,ASO,ES,Federal Contract Tower,0,6,23,0,29,0,0,59,0,59,0,6,82,0,88,52,0,52,140
04/24/2023,LEE,FL,ASO,ES,Federal Contract Tower,0,3,21,0,24,0,0,65,0,65,0,3,86,0,89,182,0,182,271
04/25/2023,LEE,FL,ASO,ES,Federal Contract Tower,0,3,16,0,19,0,7,59,0,66,0,10,75,0,85,210,0,210,295
04/26/2023,LEE,FL,ASO,ES,Federal Contract Tower,0,1,37,0,38,0,4,91,0,95,0,5,128,0,133,256,0,256,389
04/27/2023,LEE,FL,ASO,ES,Federal Contract Tower,0,7,33,0,40,0,3,84,0,87,0,10,117,0,127,126,0,126,253
04/28/2023,LEE,FL,ASO,ES,Federal Contract Tower,0,3,30,0,33,0,5,74,0,79,0,8,104,0,112,240,0,240,352
04/29/2023,LEE,FL,ASO,ES,Federal Contract Tower,0,1,7,0,8,0,4,79,0,83,0,5,86,0,91,88,0,88,179
04/30/2023,LEE,FL,ASO,ES,Federal Contract Tower,0,0,6,0,6,0,0,12,0,12,0,0,18,0,18,10,0,10,28
05/01/2023,LEE,FL,ASO,ES,Federal Contract Tower,0,5,29,0,34,0,2,96,0,98,0,7,125,0,132,180,0,180,312
05/02/2023,LEE,FL,ASO,ES,Federal Contract Tower,0,2,22,0,24,0,1,81,0,82,0,3,103,0,106,82,0,82,188
05/03/2023,LEE,FL,ASO,ES,Federal Contract Tower,0,4,17,0,21,0,0,62,0,62,0,4,79,0,83,158,0,158,241
05/04/2023,LEE,FL,ASO,ES,Federal Contract Tower,0,0,37,0,37,0,0,112,0,112,0,0,149,0,149,246,0,246,395
05/05/2023,LEE,FL,ASO,ES,Federal Contract Tower,0,2,32,0,34,0,0,89,0,89,0,2,121,0,123,174,0,174,297
05/06/2023,LEE,FL,ASO,ES,Federal Contract Tower,0,1,12,0,13,0,5,67,0,72,0,6,79,0,85,75,0,75,160
05/07/2023,LEE,FL,ASO,ES,Federal Contract Tower,0,2,19,0,21,0,2,75,0,77,0,4,94,0,98,192,0,192,290
05/08/2023,LEE,FL,ASO,ES,Federal Contract Tower,0,0,22,0,22,0,2,129,0,131,0,2,151,0,153,242,0,242,395
05/09/2023,LEE,FL,ASO,ES,Federal Contract Tower,0,3,27,0,30,0,2,98,4,104,0,5,125,4,134,162,0,162,296
05/10/2023,LEE,FL,ASO,ES,Federal Contract Tower,0,4,28,0,32,0,8,87,0,95,0,12,115,0,127,160,0,160,287
05/11/2023,LEE,FL,ASO,ES,Federal Contract Tower,0,2,36,0,38,0,4,84,0,88,0,6,120,0,126,212,0,212,338
05/12/2023,LEE,FL,ASO,ES,Federal Contract Tower,0,7,35,0,42,0,0,118,0,118,0,7,153,0,160,280,0,280,440
05/13/2023,LEE,FL,ASO,ES,Federal Contract Tower,0,17,32,0,49,0,2,65,0,67,0,19,97,0,116,130,0,130,246
05/14/2023,LEE,FL,ASO,ES,Federal Contract Tower,0,0,13,0,13,0,2,65,0,67,0,2,78,0,80,106,0,106,186
05/15/2023,LEE,FL,ASO,ES,Federal Contract Tower,0,2,21,0,23,0,12,103,0,115,0,14,124,0,138,208,0,208,346
05/16/2023,LEE,FL,ASO,ES,Federal Contract Tower,0,2,25,0,27,0,5,98,0,103,0,7,123,0,130,300,0,300,430
05/17/2023,LEE,FL,ASO,ES,Federal Contract Tower,0,0,19,0,19,0,6,93,0,99,0,6,112,0,118,154,0,154,272
05/18/2023,LEE,FL,ASO,ES,Federal Contract Tower,0,1,19,0,20,0,2,105,0,107,0,3,124,0,127,206,0,206,333
05/19/2023,LEE,FL,ASO,ES,Federal Contract Tower,0,1,30,0,31,0,0,85,0,85,0,1,115,0,116,238,0,238,354
05/20/2023,LEE,FL,ASO,ES,Federal Contract Tower,0,8,31,0,39,0,0,75,0,75,0,8,106,0,114,112,0,112,226
05/21/2023,LEE,FL,ASO,ES,Federal Contract Tower,0,0,22,0,22,0,0,41,0,41,0,0,63,0,63,188,0,188,251
05/22/2023,LEE,FL,ASO,ES,Federal Contract Tower,0,0,32,0,32,0,2,51,0,53,0,2,83,0,85,104,0,104,189
05/23/2023,LEE,FL,ASO,ES,Federal Contract Tower,0,5,27,0,32,0,4,20,0,24,0,9,47,0,56,78,0,78,134
05/24/2023,LEE,FL,ASO,ES,Federal Contract Tower,0,5,38,0,43,0,9,26,0,35,0,14,64,0,78,96,0,96,174
05/25/2023,LEE,FL,ASO,ES,Federal Contract Tower,0,2,26,0,28,0,5,67,0,72,0,7,93,0,100,200,0,200,300
05/26/2023,LEE,FL,ASO,ES,Federal Contract Tower,0,2,45,0,47,0,2,37,0,39,0,4,82,0,86,76,0,76,162
05/27/2023,LEE,FL,ASO,ES,Federal Contract Tower,0,2,8,0,10,0,15,114,0,129,0,17,122,0,139,196,0,196,335
05/28/2023,LEE,FL,ASO,ES,Federal Contract Tower,0,0,10,0,10,0,5,87,0,92,0,5,97,0,102,160,0,160,262
05/29/2023,LEE,FL,ASO,ES,Federal Contract Tower,0,0,37,0,37,0,13,98,0,111,0,13,135,0,148,284,0,284,432
05/30/2023,LEE,FL,ASO,ES,Federal Contract Tower,0,4,37,0,41,0,8,126,2,136,0,12,163,2,177,300,0,300,477
05/31/2023,LEE,FL,ASO,ES,Federal Contract Tower,0,6,33,0,39,0,1,98,0,99,0,7,131,0,138,332,0,332,470
06/01/2023,LEE,FL,ASO,ES,Federal Contract Tower,0,0,24,0,24,0,2,69,0,71,0,2,93,0,95,152,0,152,247
06/02/2023,LEE,FL,ASO,ES,Federal Contract Tower,0,7,33,0,40,0,1,78,0,79,0,8,111,0,119,186,0,186,305
06/03/2023,LEE,FL,ASO,ES,Federal Contract Tower,0,0,23,0,23,0,0,34,0,34,0,0,57,0,57,88,0,88,145
06/04/2023,LEE,FL,ASO,ES,Federal Contract Tower,0,0,10,0,10,0,0,32,0,32,0,0,42,0,42,100,0,100,142
06/05/2023,LEE,FL,ASO,ES,Federal Contract Tower,0,0,20,0,20,0,4,76,0,80,0,4,96,0,100,212,0,212,312
06/06/2023,LEE,FL,ASO,ES,Federal Contract Tower,0,2,27,0,29,0,5,92,0,97,0,7,119,0,126,204,0,204,330
06/07/2023,LEE,FL,ASO,ES,Federal Contract Tower,0,1,25,0,26,0,1,83,0,84,0,2,108,0,110,160,0,160,270
06/08/2023,LEE,FL,ASO,ES,Federal Contract Tower,0,3,20,0,23,0,5,64,2,71,0,8,84,2,94,124,0,124,218
06/09/2023,LEE,FL,ASO,ES,Federal Contract Tower,0,1,15,0,16,0,2,95,0,97,0,3,110,0,113,244,0,244,357
06/10/2023,LEE,FL,ASO,ES,Federal Contract Tower,0,0,17,0,17,0,2,92,0,94,0,2,109,0,111,128,0,128,239
06/11/2023,LEE,FL,ASO,ES,Federal Contract Tower,0,0,5,0,5,0,3,70,0,73,0,3,75,0,78,192,0,192,270
06/12/2023,LEE,FL,ASO,ES,Federal Contract Tower,0,2,27,0,29,0,3,91,0,94,0,5,118,0,123,304,0,304,427
06/13/2023,LEE,FL,ASO,ES,Federal Contract Tower,0,1,8,0,9,0,9,115,0,124,0,10,123,0,133,268,0,268,401
06/14/2023,LEE,FL,ASO,ES,Federal Contract Tower,0,4,19,0,23,0,2,104,0,106,0,6,123,0,129,230,0,230,359
06/15/2023,LEE,FL,ASO,ES,Federal Contract Tower,0,1,26,0,27,0,2,84,0,86,0,3,110,0,113,216,0,216,329
06/16/2023,LEE,FL,ASO,ES,Federal Contract Tower,0,5,11,0,16,0,0,52,0,52,0,5,63,0,68,102,0,102,170
06/17/2023,LEE,FL,ASO,ES,Federal Contract Tower,0,1,7,1,9,0,0,19,1,20,0,1,26,2,29,38,0,38,67
06/18/2023,LEE,FL,ASO,ES,Federal Contract Tower,0,1,14,0,15,0,6,30,0,36,0,7,44,0,51,140,0,140,191
06/19/2023,LEE,FL,ASO,ES,Federal Contract Tower,0,4,14,0,18,0,0,129,0,129,0,4,143,0,147,210,0,210,357
06/20/2023,LEE,FL,ASO,ES,Federal Contract Tower,0,3,13,0,16,0,0,20,0,20,0,3,33,0,36,58,0,58,94
06/21/2023,LEE,FL,ASO,ES,Federal Contract Tower,0,3,13,0,16,0,0,48,0,48,0,3,61,0,64,56,0,56,120
06/22/2023,LEE,FL,ASO,ES,Federal Contract Tower,0,4,12,0,16,0,2,66,0,68,0,6,78,0,84,212,0,212,296
06/23/2023,LEE,FL,ASO,ES,Federal Contract Tower,0,1,15,0,16,0,3,54,0,57,0,4,69,0,73,76,0,76,149
06/24/2023,LEE,FL,ASO,ES,Federal Contract Tower,0,1,11,0,12,0,2,127,0,129,0,3,138,0,141,142,0,142,283
06/25/2023,LEE,FL,ASO,ES,Federal Contract Tower,0,2,15,0,17,0,4,76,0,80,0,6,91,0,97,142,0,142,239
06/26/2023,LEE,FL,ASO,ES,Federal Contract Tower,0,0,32,0,32,0,4,104,0,108,0,4,136,0,140,316,0,316,456
06/27/2023,LEE,FL,ASO,ES,Federal Contract Tower,0,1,28,0,29,0,4,94,0,98,0,5,122,0,127,208,0,208,335
06/28/2023,LEE,FL,ASO,ES,Federal Contract Tower,0,4,16,0,20,0,0,31,0,31,0,4,47,0,51,112,0,112,163
06/29/2023,LEE,FL,ASO,ES,Federal Contract Tower,0,3,31,0,34,0,7,129,0,136,0,10,160,0,170,222,0,222,392
06/30/2023,LEE,FL,ASO,ES,Federal Contract Tower,0,1,12,0,13,0,0,126,0,126,0,1,138,0,139,228,0,228,367
07/01/2023,LEE,FL,ASO,ES,Federal Contract Tower,0,0,16,0,16,0,2,82,0,84,0,2,98,0,100,162,0,162,262
07/02/2023,LEE,FL,ASO,ES,Federal Contract Tower,0,0,12,0,12,0,4,43,0,47,0,4,55,0,59,90,0,90,149
07/03/2023,LEE,FL,ASO,ES,Federal Contract Tower,0,0,17,0,17,0,1,71,0,72,0,1,88,0,89,134,0,134,223
07/04/2023,LEE,FL,ASO,ES,Federal Contract Tower,0,2,12,0,14,0,7,67,0,74,0,9,79,0,88,162,0,162,250
07/05/2023,LEE,FL,ASO,ES,Federal Contract Tower,0,3,40,0,43,0,13,59,0,72,0,16,99,0,115,116,0,116,231
07/06/2023,LEE,FL,ASO,ES,Federal Contract Tower,0,0,13,0,13,0,7,81,0,88,0,7,94,0,101,142,0,142,243
07/07/2023,LEE,FL,ASO,ES,Federal Contract Tower,0,0,21,0,21,0,0,39,0,39,0,0,60,0,60,106,0,106,166
07/08/2023,LEE,FL,ASO,ES,Federal Contract Tower,0,0,8,0,8,0,1,36,0,37,0,1,44,0,45,18,0,18,63
07/09/2023,LEE,FL,ASO,ES,Federal Contract Tower,0,0,16,0,16,0,2,49,0,51,0,2,65,0,67,90,0,90,157
07/10/2023,LEE,FL,ASO,ES,Federal Contract Tower,0,2,20,0,22,0,2,66,0,68,0,4,86,0,90,150,2,152,242
07/11/2023,LEE,FL,ASO,ES,Federal Contract Tower,0,2,11,0,13,0,0,19,0,19,0,2,30,0,32,74,0,74,106
07/12/2023,LEE,FL,ASO,ES,Federal Contract Tower,0,2,25,0,27,0,6,60,0,66,0,8,85,0,93,162,0,162,255
07/13/2023,LEE,FL,ASO,ES,Federal Contract Tower,0,1,15,0,16,0,2,76,0,78,0,3,91,0,94,164,0,164,258
07/14/2023,LEE,FL,ASO,ES,Federal Contract Tower,0,1,18,0,19,0,1,82,0,83,0,2,100,0,102,132,0,132,234
07/15/2023,LEE,FL,ASO,ES,Federal Contract Tower,0,0,12,0,12,0,2,78,0,80,0,2,90,0,92,144,0,144,236
07/16/2023,LEE,FL,ASO,ES,Federal Contract Tower,0,2,13,0,15,0,0,42,0,42,0,2,55,0,57,120,0,120,177
07/17/2023,LEE,FL,ASO,ES,Federal Contract Tower,0,0,13,0,13,0,2,68,0,70,0,2,81,0,83,100,1,101,184
07/18/2023,LEE,FL,ASO,ES,Federal Contract Tower,0,2,32,0,34,0,3,105,0,108,0,5,137,0,142,278,0,278,420
07/19/2023,LEE,FL,ASO,ES,Federal Contract Tower,0,1,27,0,28,0,0,116,0,116,0,1,143,0,144,280,0,280,424
07/20/2023,LEE,FL,ASO,ES,Federal Contract Tower,0,0,30,0,30,0,16,122,0,138,0,16,152,0,168,294,0,294,462
07/21/2023,LEE,FL,ASO,ES,Federal Contract Tower,0,4,23,0,27,0,7,98,0,105,0,11,121,0,132,220,0,220,352
07/22/2023,LEE,FL,ASO,ES,Federal Contract Tower,0,1,13,0,14,0,0,81,0,81,0,1,94,0,95,134,0,134,229
07/23/2023,LEE,FL,ASO,ES,Federal Contract Tower,0,0,12,0,12,0,1,33,0,34,0,1,45,0,46,76,0,76,122
07/24/2023,LEE,FL,ASO,ES,Federal Contract Tower,0,0,15,0,15,0,3,57,0,60,0,3,72,0,75,106,0,106,181
07/25/2023,LEE,FL,ASO,ES,Federal Contract Tower,0,0,38,0,38,0,6,89,0,95,0,6,127,0,133,194,0,194,327
07/26/2023,LEE,FL,ASO,ES,Federal Contract Tower,0,0,28,0,28,0,6,124,0,130,0,6,152,0,158,172,0,172,330
07/27/2023,LEE,FL,ASO,ES,Federal Contract Tower,0,0,32,0,32,0,5,76,0,81,0,5,108,0,113,208,0,208,321
07/28/2023,LEE,FL,ASO,ES,Federal Contract Tower,0,6,32,0,38,0,0,70,0,70,0,6,102,0,108,258,0,258,366
07/29/2023,LEE,FL,ASO,ES,Federal Contract Tower,0,2,16,0,18,0,4,58,0,62,0,6,74,0,80,172,0,172,252
07/30/2023,LEE,FL,ASO,ES,Federal Contract Tower,0,0,6,0,6,0,0,61,0,61,0,0,67,0,67,138,0,138,205
07/31/2023,LEE,FL,ASO,ES,Federal Contract Tower,0,0,11,0,11,0,2,64,0,66,0,2,75,0,77,182,0,182,259
08/01/2023,LEE,FL,ASO,ES,Federal Contract Tower,0,0,17,0,17,0,5,53,0,58,0,5,70,0,75,232,0,232,307
08/02/2023,LEE,FL,ASO,ES,Federal Contract Tower,0,27,0,0,27,0,3,38,0,41,0,30,38,0,68,102,0,102,170
08/03/2023,LEE,FL,ASO,ES,Federal Contract Tower,0,2,19,0,21,0,2,75,0,77,0,4,94,0,98,236,0,236,334
08/04/2023,LEE,FL,ASO,ES,Federal Contract Tower,0,0,35,0,35,0,0,71,0,71,0,0,106,0,106,138,0,138,244
08/05/2023,LEE,FL,ASO,ES,Federal Contract Tower,0,2,8,0,10,0,0,55,0,55,0,2,63,0,65,132,0,132,197
08/06/2023,LEE,FL,ASO,ES,Federal Contract Tower,0,0,4,0,4,0,0,43,0,43,0,0,47,0,47,138,0,138,185
08/07/2023,LEE,FL,ASO,ES,Federal Contract Tower,0,0,20,0,20,0,4,106,0,110,0,4,126,0,130,256,0,256,386
08/08/2023,LEE,FL,ASO,ES,Federal Contract Tower,0,2,19,0,21,0,11,102,0,113,0,13,121,0,134,246,0,246,380
08/09/2023,LEE,FL,ASO,ES,Federal Contract Tower,0,1,32,0,33,0,6,87,0,93,0,7,119,0,126,241,0,241,367
08/10/2023,LEE,FL,ASO,ES,Federal Contract Tower,0,1,29,0,30,0,5,91,0,96,0,6,120,0,126,182,0,182,308
08/11/2023,LEE,FL,ASO,ES,Federal Contract Tower,0,0,31,0,31,0,9,91,0,100,0,9,122,0,131,184,0,184,315
08/12/2023,LEE,FL,ASO,ES,Federal Contract Tower,0,0,15,0,15,0,0,80,0,80,0,0,95,0,95,148,0,148,243
08/13/2023,LEE,FL,ASO,ES,Federal Contract Tower,0,0,10,0,10,0,4,61,0,65,0,4,71,0,75,86,0,86,161
08/14/2023,LEE,FL,ASO,ES,Federal Contract Tower,0,1,22,0,23,0,0,77,0,77,0,1,99,0,100,128,0,128,228
08/15/2023,LEE,FL,ASO,ES,Federal Contract Tower,0,1,17,0,18,0,0,72,0,72,0,1,89,0,90,117,0,117,207
08/16/2023,LEE,FL,ASO,ES,Federal Contract Tower,0,1,14,4,19,0,1,81,0,82,0,2,95,4,101,232,0,232,333
08/17/2023,LEE,FL,ASO,ES,Federal Contract Tower,0,0,12,0,12,0,2,64,0,66,0,2,76,0,78,228,0,228,306
08/18/2023,LEE,FL,ASO,ES,Federal Contract Tower,0,0,20,0,20,0,0,70,0,70,0,0,90,0,90,112,0,112,202
08/19/2023,LEE,FL,ASO,ES,Federal Contract Tower,0,0,20,0,20,0,12,98,0,110,0,12,118,0,130,250,0,250,380
08/20/2023,LEE,FL,ASO,ES,Federal Contract Tower,0,6,11,0,17,0,0,46,0,46,0,6,57,0,63,74,0,74,137
08/21/2023,LEE,FL,ASO,ES,Federal Contract Tower,0,2,28,0,30,0,5,77,0,82,0,7,105,0,112,146,0,146,258
08/22/2023,LEE,FL,ASO,ES,Federal Contract Tower,0,1,27,0,28,0,0,86,0,86,0,1,113,0,114,306,0,306,420
08/23/2023,LEE,FL,ASO,ES,Federal Contract Tower,0,2,42,0,44,0,3,111,0,114,0,5,153,0,158,298,0,298,456
08/24/2023,LEE,FL,ASO,ES,Federal Contract Tower,0,2,28,0,30,0,14,109,0,123,0,16,137,0,153,238,0,238,391
08/25/2023,LEE,FL,ASO,ES,Federal Contract Tower,0,4,35,0,39,0,3,126,2,131,0,7,161,2,170,234,0,234,404
08/26/2023,LEE,FL,ASO,ES,Federal Contract Tower,0,4,24,0,28,0,2,91,0,93,0,6,115,0,121,104,0,104,225
08/27/2023,LEE,FL,ASO,ES,Federal Contract Tower,0,0,18,0,18,0,1,73,0,74,0,1,91,0,92,190,0,190,282
08/28/2023,LEE,FL,ASO,ES,Federal Contract Tower,0,2,36,0,38,0,1,81,0,82,0,3,117,0,120,206,0,206,326
08/29/2023,LEE,FL,ASO,ES,Federal Contract Tower,0,4,3,0,7,0,3,85,0,88,0,7,88,0,95,118,0,118,213
08/30/2023,LEE,FL,ASO,ES,Federal Contract Tower,0,0,0,0,0,0,0,0,0,0,0,0,0,0,0,0,0,0,0
08/31/2023,LEE,FL,ASO,ES,Federal Contract Tower,0,0,28,0,28,0,1,45,0,46,0,1,73,0,74,100,0,100,174
