01/01/2020,LEX,KY,ASO,CE,Combined TRACON& Tower with Radar,19,33,30,0,82,0,13,46,0,59,19,46,76,0,141,10,0,10,151
01/02/2020,LEX,KY,ASO,CE,Combined TRACON& Tower with Radar,33,46,21,0,100,0,6,12,0,18,33,52,33,0,118,6,0,6,124
01/03/2020,LEX,KY,ASO,CE,Combined TRACON& Tower with Radar,34,46,23,0,103,0,0,0,0,0,34,46,23,0,103,0,0,0,103
01/04/2020,LEX,KY,ASO,CE,Combined TRACON& Tower with Radar,34,43,26,0,103,0,3,1,0,4,34,46,27,0,107,0,0,0,107
01/05/2020,LEX,KY,ASO,CE,Combined TRACON& Tower with Radar,34,42,38,0,114,0,0,51,0,51,34,42,89,0,165,56,0,56,221
01/06/2020,LEX,KY,ASO,CE,Combined TRACON& Tower with Radar,41,40,32,0,113,0,4,57,1,62,41,44,89,1,175,44,0,44,219
01/07/2020,LEX,KY,ASO,CE,Combined TRACON& Tower with Radar,34,34,22,0,90,0,4,34,0,38,34,38,56,0,128,8,0,8,136
01/08/2020,LEX,KY,ASO,CE,Combined TRACON& Tower with Radar,40,38,43,3,124,0,13,71,4,88,40,51,114,7,212,47,0,47,259
01/09/2020,LEX,KY,ASO,CE,Combined TRACON& Tower with Radar,40,43,39,0,122,0,8,26,0,34,40,51,65,0,156,12,0,12,168
01/10/2020,LEX,KY,ASO,CE,Combined TRACON& Tower with Radar,38,42,29,0,109,0,0,14,0,14,38,42,43,0,123,4,0,4,127
01/11/2020,LEX,KY,ASO,CE,Combined TRACON& Tower with Radar,31,23,10,0,64,0,1,0,0,1,31,24,10,0,65,0,0,0,65
01/12/2020,LEX,KY,ASO,CE,Combined TRACON& Tower with Radar,38,41,27,0,106,0,1,10,0,11,38,42,37,0,117,74,0,74,191
01/13/2020,LEX,KY,ASO,CE,Combined TRACON& Tower with Radar,42,37,43,2,124,0,4,35,0,39,42,41,78,2,163,22,0,22,185
01/14/2020,LEX,KY,ASO,CE,Combined TRACON& Tower with Radar,35,36,38,2,111,0,3,17,2,22,35,39,55,4,133,20,0,20,153
01/15/2020,LEX,KY,ASO,CE,Combined TRACON& Tower with Radar,39,41,22,1,103,0,0,5,1,6,39,41,27,2,109,0,0,0,109
01/16/2020,LEX,KY,ASO,CE,Combined TRACON& Tower with Radar,40,41,54,19,154,0,4,37,0,41,40,45,91,19,195,0,14,14,209
01/17/2020,LEX,KY,ASO,CE,Combined TRACON& Tower with Radar,42,45,49,2,138,0,9,54,0,63,42,54,103,2,201,26,0,26,227
01/18/2020,LEX,KY,ASO,CE,Combined TRACON& Tower with Radar,28,23,9,0,60,0,0,0,0,0,28,23,9,0,60,0,0,0,60
01/19/2020,LEX,KY,ASO,CE,Combined TRACON& Tower with Radar,24,48,27,0,99,0,4,27,0,31,24,52,54,0,130,38,0,38,168
01/20/2020,LEX,KY,ASO,CE,Combined TRACON& Tower with Radar,39,35,42,0,116,0,3,14,0,17,39,38,56,0,133,38,0,38,171
01/21/2020,LEX,KY,ASO,CE,Combined TRACON& Tower with Radar,35,39,54,7,135,0,3,44,7,54,35,42,98,14,189,30,8,38,227
01/22/2020,LEX,KY,ASO,CE,Combined TRACON& Tower with Radar,35,36,44,2,117,0,8,86,2,96,35,44,130,4,213,60,0,60,273
01/23/2020,LEX,KY,ASO,CE,Combined TRACON& Tower with Radar,38,51,35,0,124,0,0,35,1,36,38,51,70,1,160,6,0,6,166
01/24/2020,LEX,KY,ASO,CE,Combined TRACON& Tower with Radar,45,48,36,0,129,0,1,2,0,3,45,49,38,0,132,0,0,0,132
01/25/2020,LEX,KY,ASO,CE,Combined TRACON& Tower with Radar,29,32,10,0,71,0,0,0,0,0,29,32,10,0,71,0,0,0,71
01/26/2020,LEX,KY,ASO,CE,Combined TRACON& Tower with Radar,38,38,32,0,108,0,0,31,0,31,38,38,63,0,139,18,0,18,157
01/27/2020,LEX,KY,ASO,CE,Combined TRACON& Tower with Radar,39,39,36,4,118,0,6,26,4,36,39,45,62,8,154,36,14,50,204
01/28/2020,LEX,KY,ASO,CE,Combined TRACON& Tower with Radar,35,37,27,0,99,0,2,9,0,11,35,39,36,0,110,84,0,84,194
01/29/2020,LEX,KY,ASO,CE,Combined TRACON& Tower with Radar,35,37,45,0,117,0,0,21,0,21,35,37,66,0,138,71,0,71,209
01/30/2020,LEX,KY,ASO,CE,Combined TRACON& Tower with Radar,41,43,59,0,143,0,2,72,2,76,41,45,131,2,219,8,0,8,227
01/31/2020,LEX,KY,ASO,CE,Combined TRACON& Tower with Radar,40,44,30,0,114,0,0,4,0,4,40,44,34,0,118,8,0,8,126
02/01/2020,LEX,KY,ASO,CE,Combined TRACON& Tower with Radar,29,26,23,0,78,0,0,9,0,9,29,26,32,0,87,6,0,6,93
02/02/2020,LEX,KY,ASO,CE,Combined TRACON& Tower with Radar,24,39,25,0,88,0,0,37,0,37,24,39,62,0,125,14,0,14,139
02/03/2020,LEX,KY,ASO,CE,Combined TRACON& Tower with Radar,41,40,32,1,114,0,4,57,3,64,41,44,89,4,178,32,0,32,210
02/04/2020,LEX,KY,ASO,CE,Combined TRACON& Tower with Radar,37,32,53,4,126,0,1,0,0,1,37,33,53,4,127,0,0,0,127
02/05/2020,LEX,KY,ASO,CE,Combined TRACON& Tower with Radar,41,39,46,0,126,0,0,0,0,0,41,39,46,0,126,0,0,0,126
02/06/2020,LEX,KY,ASO,CE,Combined TRACON& Tower with Radar,36,36,20,0,92,0,0,0,0,0,36,36,20,0,92,0,0,0,92
02/07/2020,LEX,KY,ASO,CE,Combined TRACON& Tower with Radar,46,38,23,2,109,0,0,3,2,5,46,38,26,4,114,0,0,0,114
02/08/2020,LEX,KY,ASO,CE,Combined TRACON& Tower with Radar,34,26,25,0,85,0,2,19,0,21,34,28,44,0,106,0,0,0,106
02/09/2020,LEX,KY,ASO,CE,Combined TRACON& Tower with Radar,36,32,23,0,91,0,9,58,2,69,36,41,81,2,160,22,0,22,182
02/10/2020,LEX,KY,ASO,CE,Combined TRACON& Tower with Radar,45,46,14,2,107,0,0,0,0,0,45,46,14,2,107,0,0,0,107
02/11/2020,LEX,KY,ASO,CE,Combined TRACON& Tower with Radar,33,38,29,4,104,0,2,8,0,10,33,40,37,4,114,40,0,40,154
02/12/2020,LEX,KY,ASO,CE,Combined TRACON& Tower with Radar,40,35,29,2,106,0,0,8,1,9,40,35,37,3,115,0,0,0,115
02/13/2020,LEX,KY,ASO,CE,Combined TRACON& Tower with Radar,40,35,47,4,126,0,0,6,1,7,40,35,53,5,133,2,0,2,135
02/14/2020,LEX,KY,ASO,CE,Combined TRACON& Tower with Radar,45,40,59,0,144,0,3,60,2,65,45,43,119,2,209,92,0,92,301
02/15/2020,LEX,KY,ASO,CE,Combined TRACON& Tower with Radar,25,53,35,0,113,0,12,86,0,98,25,65,121,0,211,56,0,56,267
02/16/2020,LEX,KY,ASO,CE,Combined TRACON& Tower with Radar,32,48,36,0,116,0,4,66,0,70,32,52,102,0,186,30,0,30,216
02/17/2020,LEX,KY,ASO,CE,Combined TRACON& Tower with Radar,42,30,50,7,129,0,2,64,6,72,42,32,114,13,201,20,16,36,237
02/18/2020,LEX,KY,ASO,CE,Combined TRACON& Tower with Radar,36,33,45,4,118,0,0,0,0,0,36,33,45,4,118,0,0,0,118
02/19/2020,LEX,KY,ASO,CE,Combined TRACON& Tower with Radar,44,41,69,6,160,0,8,60,3,71,44,49,129,9,231,8,0,8,239
02/20/2020,LEX,KY,ASO,CE,Combined TRACON& Tower with Radar,42,38,45,21,146,0,4,59,5,68,42,42,104,26,214,26,29,55,269
02/21/2020,LEX,KY,ASO,CE,Combined TRACON& Tower with Radar,46,41,53,9,149,0,3,112,5,120,46,44,165,14,269,48,0,48,317
02/22/2020,LEX,KY,ASO,CE,Combined TRACON& Tower with Radar,28,41,39,2,110,0,15,101,0,116,28,56,140,2,226,58,0,58,284
02/23/2020,LEX,KY,ASO,CE,Combined TRACON& Tower with Radar,42,38,56,0,136,0,5,93,1,99,42,43,149,1,235,42,0,42,277
02/24/2020,LEX,KY,ASO,CE,Combined TRACON& Tower with Radar,40,37,22,0,99,0,0,3,0,3,40,37,25,0,102,38,0,38,140
02/25/2020,LEX,KY,ASO,CE,Combined TRACON& Tower with Radar,38,31,40,2,111,0,3,4,0,7,38,34,44,2,118,0,0,0,118
02/26/2020,LEX,KY,ASO,CE,Combined TRACON& Tower with Radar,42,40,27,8,117,0,1,4,0,5,42,41,31,8,122,0,0,0,122
02/27/2020,LEX,KY,ASO,CE,Combined TRACON& Tower with Radar,50,48,47,0,145,0,6,46,5,57,50,54,93,5,202,16,0,16,218
02/28/2020,LEX,KY,ASO,CE,Combined TRACON& Tower with Radar,43,49,20,0,112,0,2,35,1,38,43,51,55,1,150,10,0,10,160
02/29/2020,LEX,KY,ASO,CE,Combined TRACON& Tower with Radar,27,48,41,0,116,0,3,104,1,108,27,51,145,1,224,35,0,35,259
03/01/2020,LEX,KY,ASO,CE,Combined TRACON& Tower with Radar,42,50,27,0,119,0,9,65,1,75,42,59,92,1,194,86,0,86,280
03/02/2020,LEX,KY,ASO,CE,Combined TRACON& Tower with Radar,44,40,17,0,101,0,0,0,0,0,44,40,17,0,101,0,0,0,101
03/03/2020,LEX,KY,ASO,CE,Combined TRACON& Tower with Radar,35,39,34,10,118,0,0,20,0,20,35,39,54,10,138,10,0,10,148
03/04/2020,LEX,KY,ASO,CE,Combined TRACON& Tower with Radar,48,36,54,8,146,0,4,69,2,75,48,40,123,10,221,48,0,48,269
03/05/2020,LEX,KY,ASO,CE,Combined TRACON& Tower with Radar,46,41,55,3,145,0,8,89,4,101,46,49,144,7,246,41,0,41,287
03/06/2020,LEX,KY,ASO,CE,Combined TRACON& Tower with Radar,53,40,18,2,113,0,2,2,1,5,53,42,20,3,118,0,0,0,118
03/07/2020,LEX,KY,ASO,CE,Combined TRACON& Tower with Radar,33,34,31,1,99,0,2,122,1,125,33,36,153,2,224,66,0,66,290
03/08/2020,LEX,KY,ASO,CE,Combined TRACON& Tower with Radar,43,38,37,1,119,0,5,63,2,70,43,43,100,3,189,31,0,31,220
03/09/2020,LEX,KY,ASO,CE,Combined TRACON& Tower with Radar,46,36,37,3,122,0,2,25,6,33,46,38,62,9,155,14,0,14,169
03/10/2020,LEX,KY,ASO,CE,Combined TRACON& Tower with Radar,42,35,30,4,111,0,2,4,0,6,42,37,34,4,117,0,0,0,117
03/11/2020,LEX,KY,ASO,CE,Combined TRACON& Tower with Radar,45,39,48,16,148,0,3,51,2,56,45,42,99,18,204,17,20,37,241
03/12/2020,LEX,KY,ASO,CE,Combined TRACON& Tower with Radar,48,40,41,0,129,0,2,44,2,48,48,42,85,2,177,15,0,15,192
03/13/2020,LEX,KY,ASO,CE,Combined TRACON& Tower with Radar,42,38,44,5,129,0,1,87,0,88,42,39,131,5,217,36,0,36,253
03/14/2020,LEX,KY,ASO,CE,Combined TRACON& Tower with Radar,39,20,18,5,82,0,0,13,0,13,39,20,31,5,95,10,0,10,105
03/15/2020,LEX,KY,ASO,CE,Combined TRACON& Tower with Radar,44,30,26,2,102,0,0,9,0,9,44,30,35,2,111,56,0,56,167
03/16/2020,LEX,KY,ASO,CE,Combined TRACON& Tower with Radar,47,35,30,1,113,0,3,18,1,22,47,38,48,2,135,56,0,56,191
03/17/2020,LEX,KY,ASO,CE,Combined TRACON& Tower with Radar,47,31,24,4,106,0,4,23,1,28,47,35,47,5,134,0,0,0,134
03/18/2020,LEX,KY,ASO,CE,Combined TRACON& Tower with Radar,46,32,23,2,103,0,0,6,2,8,46,32,29,4,111,0,0,0,111
03/19/2020,LEX,KY,ASO,CE,Combined TRACON& Tower with Radar,43,33,11,0,87,0,1,3,0,4,43,34,14,0,91,0,0,0,91
03/20/2020,LEX,KY,ASO,CE,Combined TRACON& Tower with Radar,42,36,28,0,106,0,1,22,0,23,42,37,50,0,129,0,0,0,129
03/21/2020,LEX,KY,ASO,CE,Combined TRACON& Tower with Radar,35,27,18,0,80,0,0,7,0,7,35,27,25,0,87,68,0,68,155
03/22/2020,LEX,KY,ASO,CE,Combined TRACON& Tower with Radar,42,18,19,2,81,0,2,84,0,86,42,20,103,2,167,102,0,102,269
03/23/2020,LEX,KY,ASO,CE,Combined TRACON& Tower with Radar,33,21,21,2,77,0,2,10,0,12,33,23,31,2,89,62,0,62,151
03/24/2020,LEX,KY,ASO,CE,Combined TRACON& Tower with Radar,33,17,24,0,74,0,0,47,0,47,33,17,71,0,121,76,0,76,197
03/25/2020,LEX,KY,ASO,CE,Combined TRACON& Tower with Radar,28,24,20,2,74,0,2,70,0,72,28,26,90,2,146,106,0,106,252
03/26/2020,LEX,KY,ASO,CE,Combined TRACON& Tower with Radar,25,14,17,0,56,0,0,69,2,71,25,14,86,2,127,24,0,24,151
03/27/2020,LEX,KY,ASO,CE,Combined TRACON& Tower with Radar,28,20,12,0,60,0,5,38,0,43,28,25,50,0,103,24,0,24,127
03/28/2020,LEX,KY,ASO,CE,Combined TRACON& Tower with Radar,23,16,16,0,55,0,4,19,0,23,23,20,35,0,78,16,0,16,94
03/29/2020,LEX,KY,ASO,CE,Combined TRACON& Tower with Radar,31,21,8,0,60,0,6,3,0,9,31,27,11,0,69,0,0,0,69
03/30/2020,LEX,KY,ASO,CE,Combined TRACON& Tower with Radar,31,18,26,0,75,0,4,41,0,45,31,22,67,0,120,70,0,70,190
03/31/2020,LEX,KY,ASO,CE,Combined TRACON& Tower with Radar,28,20,18,0,66,0,0,4,0,4,28,20,22,0,70,18,0,18,88
04/01/2020,LEX,KY,ASO,CE,Combined TRACON& Tower with Radar,32,16,13,0,61,0,2,33,0,35,32,18,46,0,96,4,0,4,100
04/02/2020,LEX,KY,ASO,CE,Combined TRACON& Tower with Radar,18,23,30,0,71,0,1,63,0,64,18,24,93,0,135,28,0,28,163
04/03/2020,LEX,KY,ASO,CE,Combined TRACON& Tower with Radar,18,18,12,0,48,0,0,83,2,85,18,18,95,2,133,10,0,10,143
04/04/2020,LEX,KY,ASO,CE,Combined TRACON& Tower with Radar,18,13,6,0,37,0,8,59,2,69,18,21,65,2,106,12,0,12,118
04/05/2020,LEX,KY,ASO,CE,Combined TRACON& Tower with Radar,19,19,13,0,51,0,4,39,0,43,19,23,52,0,94,0,0,0,94
04/06/2020,LEX,KY,ASO,CE,Combined TRACON& Tower with Radar,16,9,11,0,36,0,1,30,0,31,16,10,41,0,67,0,0,0,67
04/07/2020,LEX,KY,ASO,CE,Combined TRACON& Tower with Radar,13,10,7,0,30,0,0,39,0,39,13,10,46,0,69,0,0,0,69
04/08/2020,LEX,KY,ASO,CE,Combined TRACON& Tower with Radar,13,17,14,2,46,0,3,13,0,16,13,20,27,2,62,0,0,0,62
04/09/2020,LEX,KY,ASO,CE,Combined TRACON& Tower with Radar,13,13,12,1,39,0,4,25,1,30,13,17,37,2,69,0,0,0,69
04/10/2020,LEX,KY,ASO,CE,Combined TRACON& Tower with Radar,11,12,20,0,43,0,7,47,0,54,11,19,67,0,97,0,0,0,97
04/11/2020,LEX,KY,ASO,CE,Combined TRACON& Tower with Radar,12,10,12,1,35,0,2,54,1,57,12,12,66,2,92,0,0,0,92
04/12/2020,LEX,KY,ASO,CE,Combined TRACON& Tower with Radar,13,11,1,0,25,0,1,3,1,5,13,12,4,1,30,0,0,0,30
04/13/2020,LEX,KY,ASO,CE,Combined TRACON& Tower with Radar,16,10,9,0,35,0,0,1,0,1,16,10,10,0,36,0,0,0,36
04/14/2020,LEX,KY,ASO,CE,Combined TRACON& Tower with Radar,14,8,17,0,39,0,4,25,0,29,14,12,42,0,68,36,0,36,104
04/15/2020,LEX,KY,ASO,CE,Combined TRACON& Tower with Radar,12,9,37,2,60,0,0,50,2,52,12,9,87,4,112,6,0,6,118
04/16/2020,LEX,KY,ASO,CE,Combined TRACON& Tower with Radar,14,10,28,2,54,0,5,74,0,79,14,15,102,2,133,22,0,22,155
04/17/2020,LEX,KY,ASO,CE,Combined TRACON& Tower with Radar,12,8,9,0,29,0,0,6,0,6,12,8,15,0,35,0,0,0,35
04/18/2020,LEX,KY,ASO,CE,Combined TRACON& Tower with Radar,10,12,26,0,48,0,0,58,0,58,10,12,84,0,106,0,0,0,106
04/19/2020,LEX,KY,ASO,CE,Combined TRACON& Tower with Radar,10,6,12,0,28,0,3,30,2,35,10,9,42,2,63,0,0,0,63
04/20/2020,LEX,KY,ASO,CE,Combined TRACON& Tower with Radar,10,3,10,2,25,0,2,51,0,53,10,5,61,2,78,0,0,0,78
04/21/2020,LEX,KY,ASO,CE,Combined TRACON& Tower with Radar,10,6,10,0,26,0,4,14,0,18,10,10,24,0,44,0,0,0,44
04/22/2020,LEX,KY,ASO,CE,Combined TRACON& Tower with Radar,10,12,26,2,50,0,2,73,0,75,10,14,99,2,125,0,0,0,125
04/23/2020,LEX,KY,ASO,CE,Combined TRACON& Tower with Radar,14,8,10,0,32,0,0,0,0,0,14,8,10,0,32,2,0,2,34
04/24/2020,LEX,KY,ASO,CE,Combined TRACON& Tower with Radar,10,7,34,0,51,0,0,19,0,19,10,7,53,0,70,32,0,32,102
04/25/2020,LEX,KY,ASO,CE,Combined TRACON& Tower with Radar,8,7,16,0,31,0,1,17,0,18,8,8,33,0,49,0,0,0,49
04/26/2020,LEX,KY,ASO,CE,Combined TRACON& Tower with Radar,10,12,11,0,33,0,0,0,0,0,10,12,11,0,33,0,0,0,33
04/27/2020,LEX,KY,ASO,CE,Combined TRACON& Tower with Radar,9,10,31,0,50,0,2,75,0,77,9,12,106,0,127,6,0,6,133
04/28/2020,LEX,KY,ASO,CE,Combined TRACON& Tower with Radar,9,4,24,2,39,0,0,13,2,15,9,4,37,4,54,0,0,0,54
04/29/2020,LEX,KY,ASO,CE,Combined TRACON& Tower with Radar,10,8,10,0,28,0,0,2,4,6,10,8,12,4,34,0,0,0,34
04/30/2020,LEX,KY,ASO,CE,Combined TRACON& Tower with Radar,12,14,21,0,47,0,2,1,3,6,12,16,22,3,53,0,0,0,53
05/01/2020,LEX,KY,ASO,CE,Combined TRACON& Tower with Radar,14,20,33,0,67,0,3,57,4,64,14,23,90,4,131,16,0,16,147
05/02/2020,LEX,KY,ASO,CE,Combined TRACON& Tower with Radar,6,9,34,0,49,0,2,63,0,65,6,11,97,0,114,20,0,20,134
05/03/2020,LEX,KY,ASO,CE,Combined TRACON& Tower with Radar,9,9,17,0,35,0,0,13,0,13,9,9,30,0,48,0,0,0,48
05/04/2020,LEX,KY,ASO,CE,Combined TRACON& Tower with Radar,16,15,15,0,46,0,2,87,0,89,16,17,102,0,135,0,0,0,135
05/05/2020,LEX,KY,ASO,CE,Combined TRACON& Tower with Radar,14,8,30,0,52,0,0,0,0,0,14,8,30,0,52,0,0,0,52
05/06/2020,LEX,KY,ASO,CE,Combined TRACON& Tower with Radar,12,11,30,1,54,0,3,22,1,26,12,14,52,2,80,0,0,0,80
05/07/2020,LEX,KY,ASO,CE,Combined TRACON& Tower with Radar,12,8,37,0,57,0,0,68,0,68,12,8,105,0,125,0,0,0,125
05/08/2020,LEX,KY,ASO,CE,Combined TRACON& Tower with Radar,16,19,18,0,53,0,4,3,0,7,16,23,21,0,60,0,0,0,60
05/09/2020,LEX,KY,ASO,CE,Combined TRACON& Tower with Radar,13,8,28,0,49,0,0,70,0,70,13,8,98,0,119,10,0,10,129
05/10/2020,LEX,KY,ASO,CE,Combined TRACON& Tower with Radar,12,12,11,0,35,0,2,18,0,20,12,14,29,0,55,4,0,4,59
05/11/2020,LEX,KY,ASO,CE,Combined TRACON& Tower with Radar,17,13,21,0,51,0,2,40,0,42,17,15,61,0,93,16,0,16,109
05/12/2020,LEX,KY,ASO,CE,Combined TRACON& Tower with Radar,14,9,41,5,69,0,1,83,1,85,14,10,124,6,154,0,0,0,154
05/13/2020,LEX,KY,ASO,CE,Combined TRACON& Tower with Radar,14,17,25,4,60,0,1,2,0,3,14,18,27,4,63,16,0,16,79
05/14/2020,LEX,KY,ASO,CE,Combined TRACON& Tower with Radar,15,17,22,2,56,0,3,52,0,55,15,20,74,2,111,0,0,0,111
05/15/2020,LEX,KY,ASO,CE,Combined TRACON& Tower with Radar,15,15,21,0,51,0,4,23,0,27,15,19,44,0,78,14,10,24,102
05/16/2020,LEX,KY,ASO,CE,Combined TRACON& Tower with Radar,16,10,41,0,67,0,2,28,0,30,16,12,69,0,97,0,0,0,97
05/17/2020,LEX,KY,ASO,CE,Combined TRACON& Tower with Radar,15,12,24,0,51,0,4,50,2,56,15,16,74,2,107,18,0,18,125
05/18/2020,LEX,KY,ASO,CE,Combined TRACON& Tower with Radar,15,18,22,0,55,0,2,6,0,8,15,20,28,0,63,0,0,0,63
05/19/2020,LEX,KY,ASO,CE,Combined TRACON& Tower with Radar,15,16,13,0,44,0,0,0,0,0,15,16,13,0,44,0,0,0,44
05/20/2020,LEX,KY,ASO,CE,Combined TRACON& Tower with Radar,14,16,34,2,66,0,0,12,0,12,14,16,46,2,78,0,0,0,78
05/21/2020,LEX,KY,ASO,CE,Combined TRACON& Tower with Radar,17,12,52,4,85,0,4,15,0,19,17,16,67,4,104,60,0,60,164
05/22/2020,LEX,KY,ASO,CE,Combined TRACON& Tower with Radar,20,18,50,0,88,0,4,83,0,87,20,22,133,0,175,6,0,6,181
05/23/2020,LEX,KY,ASO,CE,Combined TRACON& Tower with Radar,17,8,18,0,43,0,2,36,0,38,17,10,54,0,81,6,0,6,87
05/24/2020,LEX,KY,ASO,CE,Combined TRACON& Tower with Radar,15,13,14,0,42,0,2,43,0,45,15,15,57,0,87,46,0,46,133
05/25/2020,LEX,KY,ASO,CE,Combined TRACON& Tower with Radar,22,11,25,0,58,0,2,46,0,48,22,13,71,0,106,38,0,38,144
05/26/2020,LEX,KY,ASO,CE,Combined TRACON& Tower with Radar,16,16,23,2,57,0,4,33,0,37,16,20,56,2,94,28,0,28,122
05/27/2020,LEX,KY,ASO,CE,Combined TRACON& Tower with Radar,17,15,35,0,67,0,2,47,0,49,17,17,82,0,116,38,0,38,154
05/28/2020,LEX,KY,ASO,CE,Combined TRACON& Tower with Radar,18,15,41,0,74,0,2,51,0,53,18,17,92,0,127,24,0,24,151
05/29/2020,LEX,KY,ASO,CE,Combined TRACON& Tower with Radar,17,16,23,0,56,0,0,34,0,34,17,16,57,0,90,0,4,4,94
05/30/2020,LEX,KY,ASO,CE,Combined TRACON& Tower with Radar,18,11,43,0,72,0,3,88,0,91,18,14,131,0,163,20,0,20,183
05/31/2020,LEX,KY,ASO,CE,Combined TRACON& Tower with Radar,17,17,41,0,75,0,2,113,0,115,17,19,154,0,190,82,0,82,272
06/01/2020,LEX,KY,ASO,CE,Combined TRACON& Tower with Radar,19,12,39,0,70,0,4,71,0,75,19,16,110,0,145,40,0,40,185
06/02/2020,LEX,KY,ASO,CE,Combined TRACON& Tower with Radar,10,18,45,5,78,0,0,69,1,70,10,18,114,6,148,38,0,38,186
06/03/2020,LEX,KY,ASO,CE,Combined TRACON& Tower with Radar,7,27,35,10,79,0,3,65,0,68,7,30,100,10,147,76,0,76,223
06/04/2020,LEX,KY,ASO,CE,Combined TRACON& Tower with Radar,15,19,45,2,81,0,2,45,0,47,15,21,90,2,128,10,0,10,138
06/05/2020,LEX,KY,ASO,CE,Combined TRACON& Tower with Radar,14,15,50,2,81,0,0,26,2,28,14,15,76,4,109,90,0,90,199
06/06/2020,LEX,KY,ASO,CE,Combined TRACON& Tower with Radar,11,18,57,2,88,0,8,72,8,88,11,26,129,10,176,4,0,4,180
06/07/2020,LEX,KY,ASO,CE,Combined TRACON& Tower with Radar,19,22,41,0,82,0,4,106,0,110,19,26,147,0,192,10,0,10,202
06/08/2020,LEX,KY,ASO,CE,Combined TRACON& Tower with Radar,17,20,28,0,65,0,3,62,0,65,17,23,90,0,130,4,8,12,142
06/09/2020,LEX,KY,ASO,CE,Combined TRACON& Tower with Radar,7,19,31,3,60,0,2,10,7,19,7,21,41,10,79,0,0,0,79
06/10/2020,LEX,KY,ASO,CE,Combined TRACON& Tower with Radar,6,20,26,0,52,0,5,9,0,14,6,25,35,0,66,6,0,6,72
06/11/2020,LEX,KY,ASO,CE,Combined TRACON& Tower with Radar,17,23,38,4,82,0,4,109,0,113,17,27,147,4,195,42,0,42,237
06/12/2020,LEX,KY,ASO,CE,Combined TRACON& Tower with Radar,18,16,48,7,89,0,3,87,7,97,18,19,135,14,186,34,24,58,244
06/13/2020,LEX,KY,ASO,CE,Combined TRACON& Tower with Radar,16,14,38,0,68,0,6,90,0,96,16,20,128,0,164,16,0,16,180
06/14/2020,LEX,KY,ASO,CE,Combined TRACON& Tower with Radar,17,17,35,0,69,0,0,27,0,27,17,17,62,0,96,2,0,2,98
06/15/2020,LEX,KY,ASO,CE,Combined TRACON& Tower with Radar,16,22,39,0,77,0,0,53,0,53,16,22,92,0,130,84,0,84,214
06/16/2020,LEX,KY,ASO,CE,Combined TRACON& Tower with Radar,7,26,51,0,84,0,0,69,2,71,7,26,120,2,155,22,0,22,177
06/17/2020,LEX,KY,ASO,CE,Combined TRACON& Tower with Radar,6,26,59,3,94,0,1,73,2,76,6,27,132,5,170,34,0,34,204
06/18/2020,LEX,KY,ASO,CE,Combined TRACON& Tower with Radar,18,21,33,0,72,1,2,36,0,39,19,23,69,0,111,68,0,68,179
06/19/2020,LEX,KY,ASO,CE,Combined TRACON& Tower with Radar,20,29,42,2,93,0,2,50,0,52,20,31,92,2,145,44,0,44,189
06/20/2020,LEX,KY,ASO,CE,Combined TRACON& Tower with Radar,17,20,61,0,98,0,7,94,2,103,17,27,155,2,201,84,0,84,285
06/21/2020,LEX,KY,ASO,CE,Combined TRACON& Tower with Radar,15,28,34,0,77,0,0,28,2,30,15,28,62,2,107,6,0,6,113
06/22/2020,LEX,KY,ASO,CE,Combined TRACON& Tower with Radar,21,33,44,0,98,0,4,44,0,48,21,37,88,0,146,74,0,74,220
06/23/2020,LEX,KY,ASO,CE,Combined TRACON& Tower with Radar,7,17,52,1,77,0,1,16,1,18,7,18,68,2,95,24,0,24,119
06/24/2020,LEX,KY,ASO,CE,Combined TRACON& Tower with Radar,6,19,70,5,100,0,5,86,10,101,6,24,156,15,201,8,0,8,209
06/25/2020,LEX,KY,ASO,CE,Combined TRACON& Tower with Radar,15,21,77,0,113,0,5,92,0,97,15,26,169,0,210,40,0,40,250
06/26/2020,LEX,KY,ASO,CE,Combined TRACON& Tower with Radar,16,16,64,0,96,0,5,81,0,86,16,21,145,0,182,60,0,60,242
06/27/2020,LEX,KY,ASO,CE,Combined TRACON& Tower with Radar,18,18,28,0,64,0,4,1,0,5,18,22,29,0,69,6,0,6,75
06/28/2020,LEX,KY,ASO,CE,Combined TRACON& Tower with Radar,15,21,36,0,72,0,0,3,0,3,15,21,39,0,75,0,0,0,75
06/29/2020,LEX,KY,ASO,CE,Combined TRACON& Tower with Radar,16,18,35,1,70,0,0,16,0,16,16,18,51,1,86,36,0,36,122
06/30/2020,LEX,KY,ASO,CE,Combined TRACON& Tower with Radar,7,23,43,3,76,0,2,43,2,47,7,25,86,5,123,20,0,20,143
07/01/2020,LEX,KY,ASO,CE,Combined TRACON& Tower with Radar,10,20,36,0,66,0,4,38,0,42,10,24,74,0,108,14,0,14,122
07/02/2020,LEX,KY,ASO,CE,Combined TRACON& Tower with Radar,21,19,54,0,94,0,3,88,0,91,21,22,142,0,185,76,0,76,261
07/03/2020,LEX,KY,ASO,CE,Combined TRACON& Tower with Radar,18,17,52,0,87,0,5,79,6,90,18,22,131,6,177,18,0,18,195
07/04/2020,LEX,KY,ASO,CE,Combined TRACON& Tower with Radar,19,18,20,0,57,0,10,45,5,60,19,28,65,5,117,12,0,12,129
07/05/2020,LEX,KY,ASO,CE,Combined TRACON& Tower with Radar,19,15,33,0,67,0,0,56,0,56,19,15,89,0,123,26,0,26,149
07/06/2020,LEX,KY,ASO,CE,Combined TRACON& Tower with Radar,20,22,39,2,83,0,2,42,2,46,20,24,81,4,129,30,0,30,159
07/07/2020,LEX,KY,ASO,CE,Combined TRACON& Tower with Radar,14,21,41,1,77,0,7,66,1,74,14,28,107,2,151,4,0,4,155
07/08/2020,LEX,KY,ASO,CE,Combined TRACON& Tower with Radar,10,26,59,0,95,0,3,36,4,43,10,29,95,4,138,0,0,0,138
07/09/2020,LEX,KY,ASO,CE,Combined TRACON& Tower with Radar,22,30,52,1,105,0,4,55,1,60,22,34,107,2,165,8,0,8,173
07/10/2020,LEX,KY,ASO,CE,Combined TRACON& Tower with Radar,22,40,53,2,117,0,4,44,4,52,22,44,97,6,169,26,0,26,195
07/11/2020,LEX,KY,ASO,CE,Combined TRACON& Tower with Radar,22,24,51,0,97,0,10,75,0,85,22,34,126,0,182,34,0,34,216
07/12/2020,LEX,KY,ASO,CE,Combined TRACON& Tower with Radar,22,28,26,0,76,0,4,42,0,46,22,32,68,0,122,30,0,30,152
07/13/2020,LEX,KY,ASO,CE,Combined TRACON& Tower with Radar,25,30,45,0,100,0,7,113,1,121,25,37,158,1,221,40,0,40,261
07/14/2020,LEX,KY,ASO,CE,Combined TRACON& Tower with Radar,15,24,40,2,81,0,0,95,7,102,15,24,135,9,183,20,14,34,217
07/15/2020,LEX,KY,ASO,CE,Combined TRACON& Tower with Radar,11,23,42,2,78,0,2,85,0,87,11,25,127,2,165,16,0,16,181
07/16/2020,LEX,KY,ASO,CE,Combined TRACON& Tower with Radar,22,23,42,7,94,0,7,35,3,45,22,30,77,10,139,6,22,28,167
07/17/2020,LEX,KY,ASO,CE,Combined TRACON& Tower with Radar,24,28,25,0,77,0,4,37,4,45,24,32,62,4,122,14,0,14,136
07/18/2020,LEX,KY,ASO,CE,Combined TRACON& Tower with Radar,22,23,46,0,91,0,3,72,0,75,22,26,118,0,166,54,0,54,220
07/19/2020,LEX,KY,ASO,CE,Combined TRACON& Tower with Radar,23,24,42,0,89,0,6,52,0,58,23,30,94,0,147,12,0,12,159
07/20/2020,LEX,KY,ASO,CE,Combined TRACON& Tower with Radar,24,26,38,0,88,0,0,34,1,35,24,26,72,1,123,76,0,76,199
07/21/2020,LEX,KY,ASO,CE,Combined TRACON& Tower with Radar,12,31,64,6,113,0,6,78,0,84,12,37,142,6,197,34,0,34,231
07/22/2020,LEX,KY,ASO,CE,Combined TRACON& Tower with Radar,10,24,42,0,76,0,2,50,1,53,10,26,92,1,129,26,0,26,155
07/23/2020,LEX,KY,ASO,CE,Combined TRACON& Tower with Radar,22,29,43,4,98,0,0,13,1,14,22,29,56,5,112,50,0,50,162
07/24/2020,LEX,KY,ASO,CE,Combined TRACON& Tower with Radar,22,30,63,0,115,0,5,91,1,97,22,35,154,1,212,68,0,68,280
07/25/2020,LEX,KY,ASO,CE,Combined TRACON& Tower with Radar,22,20,40,0,82,0,3,91,0,94,22,23,131,0,176,50,0,50,226
07/26/2020,LEX,KY,ASO,CE,Combined TRACON& Tower with Radar,22,36,37,0,95,0,4,61,4,69,22,40,98,4,164,20,0,20,184
07/27/2020,LEX,KY,ASO,CE,Combined TRACON& Tower with Radar,25,45,43,2,115,0,0,49,1,50,25,45,92,3,165,28,0,28,193
07/28/2020,LEX,KY,ASO,CE,Combined TRACON& Tower with Radar,12,29,39,0,80,0,4,42,3,49,12,33,81,3,129,39,0,39,168
07/29/2020,LEX,KY,ASO,CE,Combined TRACON& Tower with Radar,10,36,59,2,107,0,4,105,4,113,10,40,164,6,220,84,0,84,304
07/30/2020,LEX,KY,ASO,CE,Combined TRACON& Tower with Radar,32,34,32,0,98,0,0,23,0,23,32,34,55,0,121,0,0,0,121
07/31/2020,LEX,KY,ASO,CE,Combined TRACON& Tower with Radar,26,33,38,2,99,0,4,2,0,6,26,37,40,2,105,0,0,0,105
08/01/2020,LEX,KY,ASO,CE,Combined TRACON& Tower with Radar,24,29,35,2,90,0,3,7,0,10,24,32,42,2,100,0,0,0,100
08/02/2020,LEX,KY,ASO,CE,Combined TRACON& Tower with Radar,25,36,61,0,122,0,2,40,0,42,25,38,101,0,164,50,0,50,214
08/03/2020,LEX,KY,ASO,CE,Combined TRACON& Tower with Radar,27,38,27,0,92,0,0,60,0,60,27,38,87,0,152,12,0,12,164
08/04/2020,LEX,KY,ASO,CE,Combined TRACON& Tower with Radar,18,20,38,2,78,0,1,43,4,48,18,21,81,6,126,8,0,8,134
08/05/2020,LEX,KY,ASO,CE,Combined TRACON& Tower with Radar,19,23,44,0,86,0,0,103,5,108,19,23,147,5,194,22,0,22,216
08/06/2020,LEX,KY,ASO,CE,Combined TRACON& Tower with Radar,26,33,67,4,130,0,0,96,4,100,26,33,163,8,230,36,0,36,266
08/07/2020,LEX,KY,ASO,CE,Combined TRACON& Tower with Radar,28,26,54,6,114,0,2,90,4,96,28,28,144,10,210,18,0,18,228
08/08/2020,LEX,KY,ASO,CE,Combined TRACON& Tower with Radar,19,30,41,0,90,0,4,84,0,88,19,34,125,0,178,20,0,20,198
08/09/2020,LEX,KY,ASO,CE,Combined TRACON& Tower with Radar,26,28,41,0,95,0,2,57,2,61,26,30,98,2,156,47,0,47,203
08/10/2020,LEX,KY,ASO,CE,Combined TRACON& Tower with Radar,29,34,26,0,89,0,0,15,0,15,29,34,41,0,104,24,0,24,128
08/11/2020,LEX,KY,ASO,CE,Combined TRACON& Tower with Radar,20,29,71,4,124,0,0,77,0,77,20,29,148,4,201,48,0,48,249
08/12/2020,LEX,KY,ASO,CE,Combined TRACON& Tower with Radar,18,31,52,8,109,0,2,65,2,69,18,33,117,10,178,36,0,36,214
08/13/2020,LEX,KY,ASO,CE,Combined TRACON& Tower with Radar,24,36,34,7,101,0,1,62,1,64,24,37,96,8,165,10,0,10,175
08/14/2020,LEX,KY,ASO,CE,Combined TRACON& Tower with Radar,25,35,28,0,88,0,2,33,0,35,25,37,61,0,123,8,0,8,131
08/15/2020,LEX,KY,ASO,CE,Combined TRACON& Tower with Radar,17,21,53,0,91,0,0,42,2,44,17,21,95,2,135,10,0,10,145
08/16/2020,LEX,KY,ASO,CE,Combined TRACON& Tower with Radar,23,24,26,0,73,0,0,65,0,65,23,24,91,0,138,36,0,36,174
08/17/2020,LEX,KY,ASO,CE,Combined TRACON& Tower with Radar,29,33,33,2,97,0,1,101,0,102,29,34,134,2,199,28,0,28,227
08/18/2020,LEX,KY,ASO,CE,Combined TRACON& Tower with Radar,16,26,27,3,72,0,0,39,0,39,16,26,66,3,111,38,0,38,149
08/19/2020,LEX,KY,ASO,CE,Combined TRACON& Tower with Radar,16,33,69,6,124,0,4,108,4,116,16,37,177,10,240,34,0,34,274
08/20/2020,LEX,KY,ASO,CE,Combined TRACON& Tower with Radar,22,31,41,0,94,0,1,86,2,89,22,32,127,2,183,45,0,45,228
08/21/2020,LEX,KY,ASO,CE,Combined TRACON& Tower with Radar,24,28,29,0,81,0,0,47,0,47,24,28,76,0,128,42,0,42,170
08/22/2020,LEX,KY,ASO,CE,Combined TRACON& Tower with Radar,14,28,31,0,73,0,2,13,0,15,14,30,44,0,88,0,0,0,88
08/23/2020,LEX,KY,ASO,CE,Combined TRACON& Tower with Radar,22,29,59,51,161,0,0,41,14,55,22,29,100,65,216,2,0,2,218
08/24/2020,LEX,KY,ASO,CE,Combined TRACON& Tower with Radar,23,36,40,1,100,0,4,97,2,103,23,40,137,3,203,70,0,70,273
08/25/2020,LEX,KY,ASO,CE,Combined TRACON& Tower with Radar,20,27,64,3,114,0,10,75,5,90,20,37,139,8,204,68,0,68,272
08/26/2020,LEX,KY,ASO,CE,Combined TRACON& Tower with Radar,19,21,71,63,174,0,3,83,8,94,19,24,154,71,268,68,0,68,336
08/27/2020,LEX,KY,ASO,CE,Combined TRACON& Tower with Radar,22,39,34,6,101,0,0,41,3,44,22,39,75,9,145,129,0,129,274
08/28/2020,LEX,KY,ASO,CE,Combined TRACON& Tower with Radar,22,31,27,1,81,0,4,23,2,29,22,35,50,3,110,4,0,4,114
08/29/2020,LEX,KY,ASO,CE,Combined TRACON& Tower with Radar,14,24,21,8,67,0,8,6,0,14,14,32,27,8,81,4,0,4,85
08/30/2020,LEX,KY,ASO,CE,Combined TRACON& Tower with Radar,22,22,43,0,87,0,3,81,0,84,22,25,124,0,171,4,0,4,175
08/31/2020,LEX,KY,ASO,CE,Combined TRACON& Tower with Radar,23,25,40,0,88,0,0,9,2,11,23,25,49,2,99,12,0,12,111
09/01/2020,LEX,KY,ASO,CE,Combined TRACON& Tower with Radar,15,24,46,5,90,0,4,30,3,37,15,28,76,8,127,60,0,60,187
09/02/2020,LEX,KY,ASO,CE,Combined TRACON& Tower with Radar,15,27,61,1,104,0,1,27,1,29,15,28,88,2,133,28,0,28,161
09/03/2020,LEX,KY,ASO,CE,Combined TRACON& Tower with Radar,24,40,38,1,103,0,1,19,3,23,24,41,57,4,126,0,0,0,126
09/04/2020,LEX,KY,ASO,CE,Combined TRACON& Tower with Radar,24,32,86,0,142,0,4,94,0,98,24,36,180,0,240,44,0,44,284
09/05/2020,LEX,KY,ASO,CE,Combined TRACON& Tower with Radar,13,24,35,0,72,0,2,117,0,119,13,26,152,0,191,34,0,34,225
09/06/2020,LEX,KY,ASO,CE,Combined TRACON& Tower with Radar,22,25,36,0,83,0,0,84,0,84,22,25,120,0,167,26,0,26,193
09/07/2020,LEX,KY,ASO,CE,Combined TRACON& Tower with Radar,25,40,62,0,127,0,5,93,1,99,25,45,155,1,226,35,0,35,261
09/08/2020,LEX,KY,ASO,CE,Combined TRACON& Tower with Radar,17,30,49,0,96,0,6,104,0,110,17,36,153,0,206,50,0,50,256
09/09/2020,LEX,KY,ASO,CE,Combined TRACON& Tower with Radar,16,24,51,2,93,0,2,89,0,91,16,26,140,2,184,30,0,30,214
09/10/2020,LEX,KY,ASO,CE,Combined TRACON& Tower with Radar,20,37,52,5,114,0,4,76,7,87,20,41,128,12,201,26,0,26,227
09/11/2020,LEX,KY,ASO,CE,Combined TRACON& Tower with Radar,22,37,55,2,116,0,3,3,0,6,22,40,58,2,122,0,0,0,122
09/12/2020,LEX,KY,ASO,CE,Combined TRACON& Tower with Radar,13,31,37,0,81,0,2,37,1,40,13,33,74,1,121,12,0,12,133
09/13/2020,LEX,KY,ASO,CE,Combined TRACON& Tower with Radar,19,31,35,0,85,0,0,12,0,12,19,31,47,0,97,0,0,0,97
09/14/2020,LEX,KY,ASO,CE,Combined TRACON& Tower with Radar,21,40,39,0,100,0,0,95,2,97,21,40,134,2,197,32,0,32,229
09/15/2020,LEX,KY,ASO,CE,Combined TRACON& Tower with Radar,16,29,71,11,127,0,4,93,3,100,16,33,164,14,227,14,0,14,241
09/16/2020,LEX,KY,ASO,CE,Combined TRACON& Tower with Radar,15,36,66,4,121,0,0,82,4,86,15,36,148,8,207,46,0,46,253
09/17/2020,LEX,KY,ASO,CE,Combined TRACON& Tower with Radar,20,30,56,5,111,0,6,84,3,93,20,36,140,8,204,22,0,22,226
09/18/2020,LEX,KY,ASO,CE,Combined TRACON& Tower with Radar,22,34,54,2,112,0,0,68,3,71,22,34,122,5,183,14,0,14,197
09/19/2020,LEX,KY,ASO,CE,Combined TRACON& Tower with Radar,13,33,58,4,108,0,2,109,1,112,13,35,167,5,220,18,0,18,238
09/20/2020,LEX,KY,ASO,CE,Combined TRACON& Tower with Radar,20,31,37,0,88,0,3,93,0,96,20,34,130,0,184,50,0,50,234
09/21/2020,LEX,KY,ASO,CE,Combined TRACON& Tower with Radar,21,26,50,19,116,0,4,90,2,96,21,30,140,21,212,40,0,40,252
09/22/2020,LEX,KY,ASO,CE,Combined TRACON& Tower with Radar,17,25,44,4,90,0,5,83,7,95,17,30,127,11,185,38,0,38,223
09/23/2020,LEX,KY,ASO,CE,Combined TRACON& Tower with Radar,15,28,43,2,88,0,2,83,0,85,15,30,126,2,173,34,0,34,207
09/24/2020,LEX,KY,ASO,CE,Combined TRACON& Tower with Radar,20,32,44,0,96,0,3,81,0,84,20,35,125,0,180,8,0,8,188
09/25/2020,LEX,KY,ASO,CE,Combined TRACON& Tower with Radar,22,30,42,0,94,0,5,71,0,76,22,35,113,0,170,32,0,32,202
09/26/2020,LEX,KY,ASO,CE,Combined TRACON& Tower with Radar,15,28,52,3,98,0,2,42,3,47,15,30,94,6,145,30,0,30,175
09/27/2020,LEX,KY,ASO,CE,Combined TRACON& Tower with Radar,20,37,50,2,109,0,0,45,0,45,20,37,95,2,154,50,0,50,204
09/28/2020,LEX,KY,ASO,CE,Combined TRACON& Tower with Radar,24,26,31,0,81,0,2,6,1,9,24,28,37,1,90,0,0,0,90
09/29/2020,LEX,KY,ASO,CE,Combined TRACON& Tower with Radar,15,26,35,0,76,0,2,15,1,18,15,28,50,1,94,22,0,22,116
09/30/2020,LEX,KY,ASO,CE,Combined TRACON& Tower with Radar,15,31,38,3,87,0,3,31,1,35,15,34,69,4,122,6,0,6,128
10/01/2020,LEX,KY,ASO,CE,Combined TRACON& Tower with Radar,20,38,47,0,105,0,0,77,0,77,20,38,124,0,182,59,0,59,241
10/02/2020,LEX,KY,ASO,CE,Combined TRACON& Tower with Radar,21,38,56,0,115,0,8,86,0,94,21,46,142,0,209,48,0,48,257
10/03/2020,LEX,KY,ASO,CE,Combined TRACON& Tower with Radar,20,37,41,0,98,0,9,83,0,92,20,46,124,0,190,72,0,72,262
10/04/2020,LEX,KY,ASO,CE,Combined TRACON& Tower with Radar,19,31,56,0,106,0,2,47,0,49,19,33,103,0,155,18,0,18,173
10/05/2020,LEX,KY,ASO,CE,Combined TRACON& Tower with Radar,20,32,41,12,105,0,2,62,3,67,20,34,103,15,172,0,0,0,172
10/06/2020,LEX,KY,ASO,CE,Combined TRACON& Tower with Radar,15,28,35,3,81,0,6,90,4,100,15,34,125,7,181,78,0,78,259
10/07/2020,LEX,KY,ASO,CE,Combined TRACON& Tower with Radar,17,29,53,6,105,0,2,103,3,108,17,31,156,9,213,52,0,52,265
10/08/2020,LEX,KY,ASO,CE,Combined TRACON& Tower with Radar,21,30,61,3,115,0,5,135,8,148,21,35,196,11,263,106,0,106,369
10/09/2020,LEX,KY,ASO,CE,Combined TRACON& Tower with Radar,22,28,57,0,107,0,4,73,0,77,22,32,130,0,184,72,0,72,256
10/10/2020,LEX,KY,ASO,CE,Combined TRACON& Tower with Radar,19,27,38,0,84,0,0,7,3,10,19,27,45,3,94,0,0,0,94
10/11/2020,LEX,KY,ASO,CE,Combined TRACON& Tower with Radar,26,29,37,0,92,0,1,0,2,3,26,30,37,2,95,0,0,0,95
10/12/2020,LEX,KY,ASO,CE,Combined TRACON& Tower with Radar,22,28,51,0,101,0,2,11,0,13,22,30,62,0,114,10,0,10,124
10/13/2020,LEX,KY,ASO,CE,Combined TRACON& Tower with Radar,15,22,48,3,88,0,3,109,2,114,15,25,157,5,202,98,0,98,300
10/14/2020,LEX,KY,ASO,CE,Combined TRACON& Tower with Radar,18,25,38,4,85,0,0,85,0,85,18,25,123,4,170,74,0,74,244
10/15/2020,LEX,KY,ASO,CE,Combined TRACON& Tower with Radar,20,38,51,1,110,0,2,36,3,41,20,40,87,4,151,26,0,26,177
10/16/2020,LEX,KY,ASO,CE,Combined TRACON& Tower with Radar,20,27,54,0,101,0,6,91,0,97,20,33,145,0,198,12,0,12,210
10/17/2020,LEX,KY,ASO,CE,Combined TRACON& Tower with Radar,19,21,26,0,66,0,3,128,0,131,19,24,154,0,197,36,0,36,233
10/18/2020,LEX,KY,ASO,CE,Combined TRACON& Tower with Radar,22,32,50,0,104,0,1,28,0,29,22,33,78,0,133,8,0,8,141
10/19/2020,LEX,KY,ASO,CE,Combined TRACON& Tower with Radar,23,25,22,0,70,0,0,9,0,9,23,25,31,0,79,0,0,0,79
10/20/2020,LEX,KY,ASO,CE,Combined TRACON& Tower with Radar,15,25,48,1,89,0,5,12,1,18,15,30,60,2,107,18,0,18,125
10/21/2020,LEX,KY,ASO,CE,Combined TRACON& Tower with Radar,18,35,61,14,128,0,1,108,6,115,18,36,169,20,243,92,0,92,335
10/22/2020,LEX,KY,ASO,CE,Combined TRACON& Tower with Radar,24,31,59,3,117,0,1,75,7,83,24,32,134,10,200,48,0,48,248
10/23/2020,LEX,KY,ASO,CE,Combined TRACON& Tower with Radar,22,31,36,6,95,0,0,53,1,54,22,31,89,7,149,18,0,18,167
10/24/2020,LEX,KY,ASO,CE,Combined TRACON& Tower with Radar,25,18,41,0,84,0,3,7,1,11,25,21,48,1,95,92,0,92,187
10/25/2020,LEX,KY,ASO,CE,Combined TRACON& Tower with Radar,21,31,53,4,109,0,2,7,0,9,21,33,60,4,118,0,0,0,118
10/26/2020,LEX,KY,ASO,CE,Combined TRACON& Tower with Radar,25,33,70,0,128,0,3,4,0,7,25,36,74,0,135,0,0,0,135
10/27/2020,LEX,KY,ASO,CE,Combined TRACON& Tower with Radar,17,22,32,5,76,0,2,11,1,14,17,24,43,6,90,0,0,0,90
10/28/2020,LEX,KY,ASO,CE,Combined TRACON& Tower with Radar,18,23,66,0,107,0,2,2,0,4,18,25,68,0,111,12,0,12,123
10/29/2020,LEX,KY,ASO,CE,Combined TRACON& Tower with Radar,18,36,26,0,80,0,0,0,0,0,18,36,26,0,80,0,0,0,80
10/30/2020,LEX,KY,ASO,CE,Combined TRACON& Tower with Radar,22,39,69,0,130,0,5,69,2,76,22,44,138,2,206,78,0,78,284
10/31/2020,LEX,KY,ASO,CE,Combined TRACON& Tower with Radar,17,26,56,0,99,0,7,105,2,114,17,33,161,2,213,40,0,40,253
11/01/2020,LEX,KY,ASO,CE,Combined TRACON& Tower with Radar,20,35,39,0,94,0,2,5,0,7,20,37,44,0,101,0,0,0,101
11/02/2020,LEX,KY,ASO,CE,Combined TRACON& Tower with Radar,22,32,65,3,122,0,4,91,4,99,22,36,156,7,221,42,0,42,263
11/03/2020,LEX,KY,ASO,CE,Combined TRACON& Tower with Radar,18,11,30,6,65,0,0,95,2,97,18,11,125,8,162,23,0,23,185
11/04/2020,LEX,KY,ASO,CE,Combined TRACON& Tower with Radar,19,26,67,0,112,0,0,94,0,94,19,26,161,0,206,0,0,0,206
11/05/2020,LEX,KY,ASO,CE,Combined TRACON& Tower with Radar,20,53,94,7,174,0,10,68,4,82,20,63,162,11,256,6,0,6,262
11/06/2020,LEX,KY,ASO,CE,Combined TRACON& Tower with Radar,23,49,68,35,175,0,4,96,7,107,23,53,164,42,282,0,8,8,290
11/07/2020,LEX,KY,ASO,CE,Combined TRACON& Tower with Radar,18,64,56,1,139,0,4,105,0,109,18,68,161,1,248,0,0,0,248
11/08/2020,LEX,KY,ASO,CE,Combined TRACON& Tower with Radar,24,47,61,0,132,0,1,102,0,103,24,48,163,0,235,26,0,26,261
11/09/2020,LEX,KY,ASO,CE,Combined TRACON& Tower with Radar,19,45,35,0,99,0,2,77,6,85,19,47,112,6,184,46,0,46,230
11/10/2020,LEX,KY,ASO,CE,Combined TRACON& Tower with Radar,14,32,28,20,94,0,3,57,2,62,14,35,85,22,156,54,0,54,210
11/11/2020,LEX,KY,ASO,CE,Combined TRACON& Tower with Radar,19,27,49,0,95,0,0,9,2,11,19,27,58,2,106,48,0,48,154
11/12/2020,LEX,KY,ASO,CE,Combined TRACON& Tower with Radar,21,45,57,1,124,0,3,84,5,92,21,48,141,6,216,72,0,72,288
11/13/2020,LEX,KY,ASO,CE,Combined TRACON& Tower with Radar,20,32,55,5,112,0,0,71,5,76,20,32,126,10,188,56,0,56,244
11/14/2020,LEX,KY,ASO,CE,Combined TRACON& Tower with Radar,16,28,30,0,74,0,4,78,0,82,16,32,108,0,156,6,0,6,162
11/15/2020,LEX,KY,ASO,CE,Combined TRACON& Tower with Radar,19,40,22,0,81,0,1,4,0,5,19,41,26,0,86,10,0,10,96
11/16/2020,LEX,KY,ASO,CE,Combined TRACON& Tower with Radar,19,31,47,2,99,0,3,55,3,61,19,34,102,5,160,14,0,14,174
11/17/2020,LEX,KY,ASO,CE,Combined TRACON& Tower with Radar,17,26,29,0,72,0,0,45,6,51,17,26,74,6,123,20,0,20,143
11/18/2020,LEX,KY,ASO,CE,Combined TRACON& Tower with Radar,15,23,50,2,90,0,1,91,2,94,15,24,141,4,184,0,0,0,184
11/19/2020,LEX,KY,ASO,CE,Combined TRACON& Tower with Radar,16,36,35,4,91,0,3,30,8,41,16,39,65,12,132,16,0,16,148
11/20/2020,LEX,KY,ASO,CE,Combined TRACON& Tower with Radar,23,47,42,0,112,0,3,43,0,46,23,50,85,0,158,26,0,26,184
11/21/2020,LEX,KY,ASO,CE,Combined TRACON& Tower with Radar,23,30,41,0,94,0,0,9,0,9,23,30,50,0,103,32,0,32,135
11/22/2020,LEX,KY,ASO,CE,Combined TRACON& Tower with Radar,24,26,30,1,81,0,1,3,0,4,24,27,33,1,85,16,0,16,101
11/23/2020,LEX,KY,ASO,CE,Combined TRACON& Tower with Radar,18,25,43,0,86,0,6,73,2,81,18,31,116,2,167,81,0,81,248
11/24/2020,LEX,KY,ASO,CE,Combined TRACON& Tower with Radar,19,33,27,6,85,0,2,73,1,76,19,35,100,7,161,42,0,42,203
11/25/2020,LEX,KY,ASO,CE,Combined TRACON& Tower with Radar,27,36,22,0,85,0,1,7,0,8,27,37,29,0,93,15,0,15,108
11/26/2020,LEX,KY,ASO,CE,Combined TRACON& Tower with Radar,7,8,13,0,28,0,1,4,0,5,7,9,17,0,33,6,0,6,39
11/27/2020,LEX,KY,ASO,CE,Combined TRACON& Tower with Radar,22,27,34,0,83,0,1,59,1,61,22,28,93,1,144,6,0,6,150
11/28/2020,LEX,KY,ASO,CE,Combined TRACON& Tower with Radar,19,33,35,0,87,0,6,57,0,63,19,39,92,0,150,0,0,0,150
11/29/2020,LEX,KY,ASO,CE,Combined TRACON& Tower with Radar,26,43,41,2,112,0,9,66,2,77,26,52,107,4,189,26,0,26,215
11/30/2020,LEX,KY,ASO,CE,Combined TRACON& Tower with Radar,26,31,11,0,68,0,0,0,0,0,26,31,11,0,68,0,0,0,68
12/01/2020,LEX,KY,ASO,CE,Combined TRACON& Tower with Radar,15,27,22,0,64,0,3,22,0,25,15,30,44,0,89,30,0,30,119
12/02/2020,LEX,KY,ASO,CE,Combined TRACON& Tower with Radar,14,27,44,4,89,0,8,101,4,113,14,35,145,8,202,30,0,30,232
12/03/2020,LEX,KY,ASO,CE,Combined TRACON& Tower with Radar,26,21,47,2,96,0,0,55,3,58,26,21,102,5,154,36,0,36,190
12/04/2020,LEX,KY,ASO,CE,Combined TRACON& Tower with Radar,25,32,32,3,92,0,0,1,0,1,25,32,33,3,93,0,0,0,93
12/05/2020,LEX,KY,ASO,CE,Combined TRACON& Tower with Radar,14,15,43,1,73,0,1,37,0,38,14,16,80,1,111,28,0,28,139
12/06/2020,LEX,KY,ASO,CE,Combined TRACON& Tower with Radar,23,24,38,0,85,0,2,30,0,32,23,26,68,0,117,36,0,36,153
12/07/2020,LEX,KY,ASO,CE,Combined TRACON& Tower with Radar,22,24,18,0,64,0,0,10,2,12,22,24,28,2,76,20,0,20,96
12/08/2020,LEX,KY,ASO,CE,Combined TRACON& Tower with Radar,13,20,40,2,75,0,2,54,2,58,13,22,94,4,133,36,0,36,169
12/09/2020,LEX,KY,ASO,CE,Combined TRACON& Tower with Radar,12,20,45,2,79,0,4,58,0,62,12,24,103,2,141,46,0,46,187
12/10/2020,LEX,KY,ASO,CE,Combined TRACON& Tower with Radar,20,29,46,3,98,0,10,115,8,133,20,39,161,11,231,58,0,58,289
12/11/2020,LEX,KY,ASO,CE,Combined TRACON& Tower with Radar,23,31,53,2,109,0,6,109,1,116,23,37,162,3,225,56,0,56,281
12/12/2020,LEX,KY,ASO,CE,Combined TRACON& Tower with Radar,15,19,13,0,47,0,0,3,0,3,15,19,16,0,50,0,0,0,50
12/13/2020,LEX,KY,ASO,CE,Combined TRACON& Tower with Radar,22,24,43,0,89,0,1,21,0,22,22,25,64,0,111,12,0,12,123
12/14/2020,LEX,KY,ASO,CE,Combined TRACON& Tower with Radar,21,24,33,3,81,0,1,9,1,11,21,25,42,4,92,30,0,30,122
12/15/2020,LEX,KY,ASO,CE,Combined TRACON& Tower with Radar,13,16,70,6,105,0,1,87,2,90,13,17,157,8,195,28,0,28,223
12/16/2020,LEX,KY,ASO,CE,Combined TRACON& Tower with Radar,12,21,21,0,54,0,0,0,0,0,12,21,21,0,54,0,0,0,54
12/17/2020,LEX,KY,ASO,CE,Combined TRACON& Tower with Radar,25,30,27,2,84,0,0,6,0,6,25,30,33,2,90,6,0,6,96
12/18/2020,LEX,KY,ASO,CE,Combined TRACON& Tower with Radar,25,33,53,2,113,0,1,98,0,99,25,34,151,2,212,26,0,26,238
12/19/2020,LEX,KY,ASO,CE,Combined TRACON& Tower with Radar,26,25,45,0,96,0,3,62,0,65,26,28,107,0,161,16,0,16,177
12/20/2020,LEX,KY,ASO,CE,Combined TRACON& Tower with Radar,24,32,20,0,76,0,1,8,0,9,24,33,28,0,85,22,0,22,107
12/21/2020,LEX,KY,ASO,CE,Combined TRACON& Tower with Radar,25,33,35,0,93,0,3,15,0,18,25,36,50,0,111,10,0,10,121
12/22/2020,LEX,KY,ASO,CE,Combined TRACON& Tower with Radar,29,33,79,1,142,0,3,142,3,148,29,36,221,4,290,46,0,46,336
12/23/2020,LEX,KY,ASO,CE,Combined TRACON& Tower with Radar,26,29,28,0,83,0,1,26,0,27,26,30,54,0,110,0,0,0,110
12/24/2020,LEX,KY,ASO,CE,Combined TRACON& Tower with Radar,18,17,11,0,46,0,0,1,0,1,18,17,12,0,47,0,0,0,47
12/25/2020,LEX,KY,ASO,CE,Combined TRACON& Tower with Radar,17,10,3,0,30,0,2,1,0,3,17,12,4,0,33,0,0,0,33
12/26/2020,LEX,KY,ASO,CE,Combined TRACON& Tower with Radar,22,33,53,0,108,0,0,52,0,52,22,33,105,0,160,0,0,0,160
12/27/2020,LEX,KY,ASO,CE,Combined TRACON& Tower with Radar,24,31,47,0,102,0,7,46,0,53,24,38,93,0,155,0,0,0,155
12/28/2020,LEX,KY,ASO,CE,Combined TRACON& Tower with Radar,26,35,33,1,95,0,2,65,12,79,26,37,98,13,174,32,0,32,206
12/29/2020,LEX,KY,ASO,CE,Combined TRACON& Tower with Radar,25,25,49,1,100,0,10,131,1,142,25,35,180,2,242,76,0,76,318
12/30/2020,LEX,KY,ASO,CE,Combined TRACON& Tower with Radar,23,26,16,2,67,0,3,22,0,25,23,29,38,2,92,0,0,0,92
12/31/2020,LEX,KY,ASO,CE,Combined TRACON& Tower with Radar,20,15,8,0,43,0,0,0,0,0,20,15,8,0,43,0,0,0,43
01/01/2021,LEX,KY,ASO,CE,Combined TRACON& Tower with Radar,18,20,13,0,51,0,0,2,0,2,18,20,15,0,53,0,0,0,53
01/02/2021,LEX,KY,ASO,CE,Combined TRACON& Tower with Radar,25,32,34,0,91,0,1,0,0,1,25,33,34,0,92,10,0,10,102
01/03/2021,LEX,KY,ASO,CE,Combined TRACON& Tower with Radar,23,37,34,0,94,0,0,1,0,1,23,37,35,0,95,0,0,0,95
01/04/2021,LEX,KY,ASO,CE,Combined TRACON& Tower with Radar,20,27,39,2,88,0,3,77,2,82,20,30,116,4,170,54,0,54,224
01/05/2021,LEX,KY,ASO,CE,Combined TRACON& Tower with Radar,19,22,13,0,54,0,0,3,2,5,19,22,16,2,59,0,0,0,59
01/06/2021,LEX,KY,ASO,CE,Combined TRACON& Tower with Radar,20,23,37,2,82,0,3,31,4,38,20,26,68,6,120,14,0,14,134
01/07/2021,LEX,KY,ASO,CE,Combined TRACON& Tower with Radar,25,27,30,1,83,0,0,26,3,29,25,27,56,4,112,24,0,24,136
01/08/2021,LEX,KY,ASO,CE,Combined TRACON& Tower with Radar,28,34,11,0,73,0,0,10,0,10,28,34,21,0,83,6,0,6,89
01/09/2021,LEX,KY,ASO,CE,Combined TRACON& Tower with Radar,18,27,15,2,62,0,0,20,0,20,18,27,35,2,82,69,0,69,151
01/10/2021,LEX,KY,ASO,CE,Combined TRACON& Tower with Radar,22,26,43,1,92,0,4,98,0,102,22,30,141,1,194,40,0,40,234
01/11/2021,LEX,KY,ASO,CE,Combined TRACON& Tower with Radar,23,26,39,4,92,0,1,30,4,35,23,27,69,8,127,92,0,92,219
01/12/2021,LEX,KY,ASO,CE,Combined TRACON& Tower with Radar,18,23,41,6,88,0,2,43,2,47,18,25,84,8,135,60,0,60,195
01/13/2021,LEX,KY,ASO,CE,Combined TRACON& Tower with Radar,18,21,35,1,75,0,8,100,8,116,18,29,135,9,191,101,0,101,292
01/14/2021,LEX,KY,ASO,CE,Combined TRACON& Tower with Radar,22,23,41,1,87,0,0,63,10,73,22,23,104,11,160,66,0,66,226
01/15/2021,LEX,KY,ASO,CE,Combined TRACON& Tower with Radar,28,36,35,0,99,0,3,15,0,18,28,39,50,0,117,0,0,0,117
01/16/2021,LEX,KY,ASO,CE,Combined TRACON& Tower with Radar,16,19,17,0,52,0,0,1,0,1,16,19,18,0,53,0,0,0,53
01/17/2021,LEX,KY,ASO,CE,Combined TRACON& Tower with Radar,23,21,14,0,58,0,0,0,0,0,23,21,14,0,58,0,0,0,58
01/18/2021,LEX,KY,ASO,CE,Combined TRACON& Tower with Radar,24,21,39,0,84,0,6,11,4,21,24,27,50,4,105,46,0,46,151
01/19/2021,LEX,KY,ASO,CE,Combined TRACON& Tower with Radar,19,16,51,4,90,0,0,70,2,72,19,16,121,6,162,32,0,32,194
01/20/2021,LEX,KY,ASO,CE,Combined TRACON& Tower with Radar,17,21,64,3,105,0,10,77,7,94,17,31,141,10,199,32,0,32,231
01/21/2021,LEX,KY,ASO,CE,Combined TRACON& Tower with Radar,23,35,42,2,102,0,6,40,8,54,23,41,82,10,156,68,0,68,224
01/22/2021,LEX,KY,ASO,CE,Combined TRACON& Tower with Radar,25,23,60,23,131,0,0,100,4,104,25,23,160,27,235,10,0,10,245
01/23/2021,LEX,KY,ASO,CE,Combined TRACON& Tower with Radar,18,21,45,0,84,0,4,101,2,107,18,25,146,2,191,20,0,20,211
01/24/2021,LEX,KY,ASO,CE,Combined TRACON& Tower with Radar,23,29,23,0,75,0,2,2,0,4,23,31,25,0,79,0,0,0,79
01/25/2021,LEX,KY,ASO,CE,Combined TRACON& Tower with Radar,24,26,14,0,64,0,0,0,0,0,24,26,14,0,64,0,0,0,64
01/26/2021,LEX,KY,ASO,CE,Combined TRACON& Tower with Radar,16,18,27,1,62,0,5,11,1,17,16,23,38,2,79,28,0,28,107
01/27/2021,LEX,KY,ASO,CE,Combined TRACON& Tower with Radar,18,23,18,2,61,0,3,7,2,12,18,26,25,4,73,12,0,12,85
01/28/2021,LEX,KY,ASO,CE,Combined TRACON& Tower with Radar,22,22,44,7,95,0,4,37,1,42,22,26,81,8,137,48,0,48,185
01/29/2021,LEX,KY,ASO,CE,Combined TRACON& Tower with Radar,24,24,49,0,97,0,10,95,0,105,24,34,144,0,202,51,0,51,253
01/30/2021,LEX,KY,ASO,CE,Combined TRACON& Tower with Radar,15,18,43,0,76,0,0,34,5,39,15,18,77,5,115,14,0,14,129
01/31/2021,LEX,KY,ASO,CE,Combined TRACON& Tower with Radar,20,25,18,0,63,0,0,0,0,0,20,25,18,0,63,0,0,0,63
02/01/2021,LEX,KY,ASO,CE,Combined TRACON& Tower with Radar,27,26,13,0,66,0,0,0,0,0,27,26,13,0,66,0,0,0,66
02/02/2021,LEX,KY,ASO,CE,Combined TRACON& Tower with Radar,19,17,37,1,74,0,4,51,6,61,19,21,88,7,135,34,0,34,169
02/03/2021,LEX,KY,ASO,CE,Combined TRACON& Tower with Radar,21,19,57,3,100,0,6,87,2,95,21,25,144,5,195,55,0,55,250
02/04/2021,LEX,KY,ASO,CE,Combined TRACON& Tower with Radar,27,21,28,1,77,0,2,25,2,29,27,23,53,3,106,7,0,7,113
02/05/2021,LEX,KY,ASO,CE,Combined TRACON& Tower with Radar,28,30,26,0,84,0,1,26,2,29,28,31,52,2,113,26,0,26,139
02/06/2021,LEX,KY,ASO,CE,Combined TRACON& Tower with Radar,18,27,40,0,85,0,3,108,0,111,18,30,148,0,196,62,0,62,258
02/07/2021,LEX,KY,ASO,CE,Combined TRACON& Tower with Radar,23,30,29,0,82,0,2,65,0,67,23,32,94,0,149,30,0,30,179
02/08/2021,LEX,KY,ASO,CE,Combined TRACON& Tower with Radar,24,33,61,1,119,0,4,56,5,65,24,37,117,6,184,110,0,110,294
02/09/2021,LEX,KY,ASO,CE,Combined TRACON& Tower with Radar,19,20,30,0,69,0,0,0,0,0,19,20,30,0,69,0,0,0,69
02/10/2021,LEX,KY,ASO,CE,Combined TRACON& Tower with Radar,18,14,12,0,44,0,0,0,0,0,18,14,12,0,44,0,0,0,44
02/11/2021,LEX,KY,ASO,CE,Combined TRACON& Tower with Radar,22,27,11,0,60,0,0,0,0,0,22,27,11,0,60,0,0,0,60
02/12/2021,LEX,KY,ASO,CE,Combined TRACON& Tower with Radar,29,32,49,0,110,0,0,1,0,1,29,32,50,0,111,0,0,0,111
02/13/2021,LEX,KY,ASO,CE,Combined TRACON& Tower with Radar,26,16,10,0,52,0,0,0,0,0,26,16,10,0,52,0,0,0,52
02/14/2021,LEX,KY,ASO,CE,Combined TRACON& Tower with Radar,19,27,23,0,69,0,0,1,0,1,19,27,24,0,70,0,0,0,70
02/15/2021,LEX,KY,ASO,CE,Combined TRACON& Tower with Radar,10,6,6,0,22,0,0,0,0,0,10,6,6,0,22,0,0,0,22
02/16/2021,LEX,KY,ASO,CE,Combined TRACON& Tower with Radar,18,8,7,0,33,0,0,0,0,0,18,8,7,0,33,0,0,0,33
02/17/2021,LEX,KY,ASO,CE,Combined TRACON& Tower with Radar,16,22,18,0,56,0,2,12,0,14,16,24,30,0,70,2,0,2,72
02/18/2021,LEX,KY,ASO,CE,Combined TRACON& Tower with Radar,25,17,4,0,46,0,0,0,0,0,25,17,4,0,46,0,0,0,46
02/19/2021,LEX,KY,ASO,CE,Combined TRACON& Tower with Radar,26,23,30,0,79,0,0,5,0,5,26,23,35,0,84,0,0,0,84
02/20/2021,LEX,KY,ASO,CE,Combined TRACON& Tower with Radar,26,17,17,5,65,0,11,24,3,38,26,28,41,8,103,12,0,12,115
02/21/2021,LEX,KY,ASO,CE,Combined TRACON& Tower with Radar,30,31,24,3,88,0,0,10,3,13,30,31,34,6,101,0,0,0,101
02/22/2021,LEX,KY,ASO,CE,Combined TRACON& Tower with Radar,32,31,41,2,106,0,2,24,0,26,32,33,65,2,132,18,0,18,150
02/23/2021,LEX,KY,ASO,CE,Combined TRACON& Tower with Radar,22,20,59,3,104,0,8,94,11,113,22,28,153,14,217,64,0,64,281
02/24/2021,LEX,KY,ASO,CE,Combined TRACON& Tower with Radar,26,17,48,0,91,0,0,23,2,25,26,17,71,2,116,0,0,0,116
02/25/2021,LEX,KY,ASO,CE,Combined TRACON& Tower with Radar,32,33,50,5,120,0,6,100,2,108,32,39,150,7,228,26,0,26,254
02/26/2021,LEX,KY,ASO,CE,Combined TRACON& Tower with Radar,31,32,54,0,117,0,0,35,0,35,31,32,89,0,152,6,0,6,158
02/27/2021,LEX,KY,ASO,CE,Combined TRACON& Tower with Radar,27,11,44,0,82,0,0,1,0,1,27,11,45,0,83,6,0,6,89
02/28/2021,LEX,KY,ASO,CE,Combined TRACON& Tower with Radar,29,27,18,0,74,0,0,0,0,0,29,27,18,0,74,0,0,0,74
03/01/2021,LEX,KY,ASO,CE,Combined TRACON& Tower with Radar,30,38,35,0,103,0,3,68,0,71,30,41,103,0,174,22,0,22,196
03/02/2021,LEX,KY,ASO,CE,Combined TRACON& Tower with Radar,22,34,44,10,110,0,6,112,9,127,22,40,156,19,237,84,0,84,321
03/03/2021,LEX,KY,ASO,CE,Combined TRACON& Tower with Radar,25,23,32,4,84,0,4,75,7,86,25,27,107,11,170,50,0,50,220
03/04/2021,LEX,KY,ASO,CE,Combined TRACON& Tower with Radar,36,22,40,0,98,0,3,83,3,89,36,25,123,3,187,34,0,34,221
03/05/2021,LEX,KY,ASO,CE,Combined TRACON& Tower with Radar,34,23,52,9,118,0,6,90,12,108,34,29,142,21,226,84,18,102,328
03/06/2021,LEX,KY,ASO,CE,Combined TRACON& Tower with Radar,29,19,39,35,122,0,2,111,5,118,29,21,150,40,240,6,10,16,256
03/07/2021,LEX,KY,ASO,CE,Combined TRACON& Tower with Radar,33,30,26,3,92,0,6,90,2,98,33,36,116,5,190,50,0,50,240
03/08/2021,LEX,KY,ASO,CE,Combined TRACON& Tower with Radar,35,23,43,2,103,0,3,88,1,92,35,26,131,3,195,28,0,28,223
03/09/2021,LEX,KY,ASO,CE,Combined TRACON& Tower with Radar,26,21,49,1,97,0,9,83,7,99,26,30,132,8,196,16,0,16,212
03/10/2021,LEX,KY,ASO,CE,Combined TRACON& Tower with Radar,28,23,31,0,82,0,4,29,2,35,28,27,60,2,117,14,0,14,131
03/11/2021,LEX,KY,ASO,CE,Combined TRACON& Tower with Radar,34,28,28,4,94,0,6,13,0,19,34,34,41,4,113,6,0,6,119
03/12/2021,LEX,KY,ASO,CE,Combined TRACON& Tower with Radar,32,32,35,0,99,0,1,30,2,33,32,33,65,2,132,52,0,52,184
03/13/2021,LEX,KY,ASO,CE,Combined TRACON& Tower with Radar,27,24,31,0,82,0,6,102,1,109,27,30,133,1,191,50,0,50,241
03/14/2021,LEX,KY,ASO,CE,Combined TRACON& Tower with Radar,35,23,41,0,99,0,0,57,1,58,35,23,98,1,157,4,0,4,161
03/15/2021,LEX,KY,ASO,CE,Combined TRACON& Tower with Radar,32,25,15,0,72,0,0,1,0,1,32,25,16,0,73,16,0,16,89
03/16/2021,LEX,KY,ASO,CE,Combined TRACON& Tower with Radar,32,19,44,9,104,0,4,89,8,101,32,23,133,17,205,32,6,38,243
03/17/2021,LEX,KY,ASO,CE,Combined TRACON& Tower with Radar,31,23,41,0,95,0,2,23,4,29,31,25,64,4,124,38,0,38,162
03/18/2021,LEX,KY,ASO,CE,Combined TRACON& Tower with Radar,38,28,30,3,99,0,0,7,5,12,38,28,37,8,111,4,0,4,115
03/19/2021,LEX,KY,ASO,CE,Combined TRACON& Tower with Radar,34,24,39,2,99,0,4,47,2,53,34,28,86,4,152,35,0,35,187
03/20/2021,LEX,KY,ASO,CE,Combined TRACON& Tower with Radar,28,23,52,9,112,0,9,118,2,129,28,32,170,11,241,49,0,49,290
03/21/2021,LEX,KY,ASO,CE,Combined TRACON& Tower with Radar,34,28,48,1,111,0,4,123,0,127,34,32,171,1,238,24,0,24,262
03/22/2021,LEX,KY,ASO,CE,Combined TRACON& Tower with Radar,31,27,28,0,86,0,5,87,2,94,31,32,115,2,180,48,0,48,228
03/23/2021,LEX,KY,ASO,CE,Combined TRACON& Tower with Radar,31,39,58,3,131,0,4,68,1,73,31,43,126,4,204,48,0,48,252
03/24/2021,LEX,KY,ASO,CE,Combined TRACON& Tower with Radar,30,27,50,4,111,0,0,42,2,44,30,27,92,6,155,20,0,20,175
03/25/2021,LEX,KY,ASO,CE,Combined TRACON& Tower with Radar,32,32,27,0,91,0,0,5,2,7,32,32,32,2,98,32,0,32,130
03/26/2021,LEX,KY,ASO,CE,Combined TRACON& Tower with Radar,36,38,65,2,141,0,7,58,0,65,36,45,123,2,206,90,0,90,296
03/27/2021,LEX,KY,ASO,CE,Combined TRACON& Tower with Radar,30,29,35,1,95,0,0,59,1,60,30,29,94,2,155,38,0,38,193
03/28/2021,LEX,KY,ASO,CE,Combined TRACON& Tower with Radar,30,30,15,0,75,0,3,7,0,10,30,33,22,0,85,0,0,0,85
03/29/2021,LEX,KY,ASO,CE,Combined TRACON& Tower with Radar,35,22,55,4,116,0,3,99,0,102,35,25,154,4,218,96,0,96,314
03/30/2021,LEX,KY,ASO,CE,Combined TRACON& Tower with Radar,33,25,31,2,91,0,9,46,12,67,33,34,77,14,158,20,0,20,178
03/31/2021,LEX,KY,ASO,CE,Combined TRACON& Tower with Radar,31,31,40,2,104,0,0,27,11,38,31,31,67,13,142,22,0,22,164
04/01/2021,LEX,KY,ASO,CE,Combined TRACON& Tower with Radar,32,31,46,5,114,0,2,41,2,45,32,33,87,7,159,10,0,10,169
04/02/2021,LEX,KY,ASO,CE,Combined TRACON& Tower with Radar,29,40,52,0,121,0,7,94,2,103,29,47,146,2,224,58,0,58,282
04/03/2021,LEX,KY,ASO,CE,Combined TRACON& Tower with Radar,25,24,75,0,124,0,8,83,0,91,25,32,158,0,215,62,0,62,277
04/04/2021,LEX,KY,ASO,CE,Combined TRACON& Tower with Radar,28,34,35,0,97,0,1,46,0,47,28,35,81,0,144,0,0,0,144
04/05/2021,LEX,KY,ASO,CE,Combined TRACON& Tower with Radar,32,40,53,0,125,0,1,76,0,77,32,41,129,0,202,48,0,48,250
04/06/2021,LEX,KY,ASO,CE,Combined TRACON& Tower with Radar,26,22,58,6,112,0,7,88,8,103,26,29,146,14,215,18,0,18,233
04/07/2021,LEX,KY,ASO,CE,Combined TRACON& Tower with Radar,27,36,62,3,128,0,3,74,3,80,27,39,136,6,208,44,0,44,252
04/08/2021,LEX,KY,ASO,CE,Combined TRACON& Tower with Radar,30,30,46,6,112,0,5,9,2,16,30,35,55,8,128,0,0,0,128
04/09/2021,LEX,KY,ASO,CE,Combined TRACON& Tower with Radar,27,33,71,6,137,0,8,55,0,63,27,41,126,6,200,8,0,8,208
04/10/2021,LEX,KY,ASO,CE,Combined TRACON& Tower with Radar,26,32,19,0,77,0,1,8,0,9,26,33,27,0,86,4,0,4,90
04/11/2021,LEX,KY,ASO,CE,Combined TRACON& Tower with Radar,28,35,41,1,105,0,4,28,0,32,28,39,69,1,137,32,0,32,169
04/12/2021,LEX,KY,ASO,CE,Combined TRACON& Tower with Radar,32,34,33,0,99,0,0,58,5,63,32,34,91,5,162,38,0,38,200
04/13/2021,LEX,KY,ASO,CE,Combined TRACON& Tower with Radar,23,37,55,2,117,0,3,89,0,92,23,40,144,2,209,32,0,32,241
04/14/2021,LEX,KY,ASO,CE,Combined TRACON& Tower with Radar,25,29,61,0,115,0,2,30,0,32,25,31,91,0,147,0,0,0,147
04/15/2021,LEX,KY,ASO,CE,Combined TRACON& Tower with Radar,28,47,72,6,153,0,5,62,0,67,28,52,134,6,220,54,0,54,274
04/16/2021,LEX,KY,ASO,CE,Combined TRACON& Tower with Radar,31,36,57,12,136,0,4,85,9,98,31,40,142,21,234,42,0,42,276
04/17/2021,LEX,KY,ASO,CE,Combined TRACON& Tower with Radar,23,26,49,21,119,0,9,51,7,67,23,35,100,28,186,0,0,0,186
04/18/2021,LEX,KY,ASO,CE,Combined TRACON& Tower with Radar,28,36,45,8,117,0,2,95,0,97,28,38,140,8,214,40,0,40,254
04/19/2021,LEX,KY,ASO,CE,Combined TRACON& Tower with Radar,29,23,38,5,95,0,3,69,0,72,29,26,107,5,167,0,0,0,167
04/20/2021,LEX,KY,ASO,CE,Combined TRACON& Tower with Radar,21,24,41,3,89,0,3,81,4,88,21,27,122,7,177,24,0,24,201
04/21/2021,LEX,KY,ASO,CE,Combined TRACON& Tower with Radar,21,29,58,0,108,0,8,32,2,42,21,37,90,2,150,27,0,27,177
04/22/2021,LEX,KY,ASO,CE,Combined TRACON& Tower with Radar,30,35,69,0,134,0,5,78,4,87,30,40,147,4,221,28,0,28,249
04/23/2021,LEX,KY,ASO,CE,Combined TRACON& Tower with Radar,26,40,64,6,136,0,3,80,6,89,26,43,144,12,225,46,0,46,271
04/24/2021,LEX,KY,ASO,CE,Combined TRACON& Tower with Radar,20,22,27,0,69,0,3,9,0,12,20,25,36,0,81,0,0,0,81
04/25/2021,LEX,KY,ASO,CE,Combined TRACON& Tower with Radar,31,50,84,0,165,0,4,37,0,41,31,54,121,0,206,10,0,10,216
04/26/2021,LEX,KY,ASO,CE,Combined TRACON& Tower with Radar,29,36,49,6,120,0,10,91,2,103,29,46,140,8,223,6,0,6,229
04/27/2021,LEX,KY,ASO,CE,Combined TRACON& Tower with Radar,22,31,53,6,112,0,0,53,6,59,22,31,106,12,171,18,0,18,189
04/28/2021,LEX,KY,ASO,CE,Combined TRACON& Tower with Radar,24,30,38,5,97,0,0,13,5,18,24,30,51,10,115,10,0,10,125
04/29/2021,LEX,KY,ASO,CE,Combined TRACON& Tower with Radar,32,41,80,0,153,0,0,4,0,4,32,41,84,0,157,0,0,0,157
04/30/2021,LEX,KY,ASO,CE,Combined TRACON& Tower with Radar,31,33,42,0,106,0,7,55,2,64,31,40,97,2,170,22,0,22,192
05/01/2021,LEX,KY,ASO,CE,Combined TRACON& Tower with Radar,22,25,32,7,86,0,5,90,7,102,22,30,122,14,188,8,0,8,196
05/02/2021,LEX,KY,ASO,CE,Combined TRACON& Tower with Radar,29,44,66,0,139,0,5,60,0,65,29,49,126,0,204,17,0,17,221
05/03/2021,LEX,KY,ASO,CE,Combined TRACON& Tower with Radar,28,28,35,1,92,0,0,3,1,4,28,28,38,2,96,0,0,0,96
05/04/2021,LEX,KY,ASO,CE,Combined TRACON& Tower with Radar,19,22,33,0,74,0,0,6,2,8,19,22,39,2,82,2,0,2,84
05/05/2021,LEX,KY,ASO,CE,Combined TRACON& Tower with Radar,26,22,57,2,107,0,2,40,2,44,26,24,97,4,151,41,0,41,192
05/06/2021,LEX,KY,ASO,CE,Combined TRACON& Tower with Radar,30,31,49,3,113,0,4,103,3,110,30,35,152,6,223,20,0,20,243
05/07/2021,LEX,KY,ASO,CE,Combined TRACON& Tower with Radar,30,37,50,2,119,0,0,65,0,65,30,37,115,2,184,10,0,10,194
05/08/2021,LEX,KY,ASO,CE,Combined TRACON& Tower with Radar,24,20,43,0,87,0,0,84,3,87,24,20,127,3,174,8,0,8,182
05/09/2021,LEX,KY,ASO,CE,Combined TRACON& Tower with Radar,35,30,24,0,89,0,0,1,0,1,35,30,25,0,90,0,0,0,90
05/10/2021,LEX,KY,ASO,CE,Combined TRACON& Tower with Radar,33,35,59,1,128,0,2,77,1,80,33,37,136,2,208,95,0,95,303
05/11/2021,LEX,KY,ASO,CE,Combined TRACON& Tower with Radar,21,23,65,19,128,0,3,89,1,93,21,26,154,20,221,68,10,78,299
05/12/2021,LEX,KY,ASO,CE,Combined TRACON& Tower with Radar,23,25,34,20,102,0,6,77,4,87,23,31,111,24,189,62,6,68,257
05/13/2021,LEX,KY,ASO,CE,Combined TRACON& Tower with Radar,34,40,70,3,147,0,7,96,2,105,34,47,166,5,252,32,0,32,284
05/14/2021,LEX,KY,ASO,CE,Combined TRACON& Tower with Radar,30,31,59,2,122,0,10,113,1,124,30,41,172,3,246,47,0,47,293
05/15/2021,LEX,KY,ASO,CE,Combined TRACON& Tower with Radar,23,30,50,4,107,0,8,95,10,113,23,38,145,14,220,40,0,40,260
05/16/2021,LEX,KY,ASO,CE,Combined TRACON& Tower with Radar,29,38,51,6,124,0,2,26,0,28,29,40,77,6,152,5,0,5,157
05/17/2021,LEX,KY,ASO,CE,Combined TRACON& Tower with Radar,32,27,50,0,109,0,2,39,0,41,32,29,89,0,150,106,0,106,256
05/18/2021,LEX,KY,ASO,CE,Combined TRACON& Tower with Radar,22,46,51,2,121,0,3,64,0,67,22,49,115,2,188,68,0,68,256
05/19/2021,LEX,KY,ASO,CE,Combined TRACON& Tower with Radar,24,37,55,6,122,0,2,88,2,92,24,39,143,8,214,78,0,78,292
05/20/2021,LEX,KY,ASO,CE,Combined TRACON& Tower with Radar,32,44,54,3,133,0,0,97,0,97,32,44,151,3,230,8,0,8,238
05/21/2021,LEX,KY,ASO,CE,Combined TRACON& Tower with Radar,30,40,48,13,131,0,2,71,3,76,30,42,119,16,207,62,0,62,269
05/22/2021,LEX,KY,ASO,CE,Combined TRACON& Tower with Radar,23,24,26,13,86,0,4,86,1,91,23,28,112,14,177,36,0,36,213
05/23/2021,LEX,KY,ASO,CE,Combined TRACON& Tower with Radar,31,43,53,12,139,0,2,75,1,78,31,45,128,13,217,22,0,22,239
05/24/2021,LEX,KY,ASO,CE,Combined TRACON& Tower with Radar,30,33,49,0,112,0,4,73,0,77,30,37,122,0,189,36,0,36,225
05/25/2021,LEX,KY,ASO,CE,Combined TRACON& Tower with Radar,22,36,42,3,103,0,3,85,3,91,22,39,127,6,194,58,0,58,252
05/26/2021,LEX,KY,ASO,CE,Combined TRACON& Tower with Radar,23,44,46,4,117,0,2,25,3,30,23,46,71,7,147,64,0,64,211
05/27/2021,LEX,KY,ASO,CE,Combined TRACON& Tower with Radar,33,25,57,2,117,0,10,64,0,74,33,35,121,2,191,30,0,30,221
05/28/2021,LEX,KY,ASO,CE,Combined TRACON& Tower with Radar,33,30,35,0,98,0,0,4,0,4,33,30,39,0,102,0,0,0,102
05/29/2021,LEX,KY,ASO,CE,Combined TRACON& Tower with Radar,32,14,61,0,107,0,1,6,0,7,32,15,67,0,114,0,0,0,114
05/30/2021,LEX,KY,ASO,CE,Combined TRACON& Tower with Radar,33,21,26,0,80,0,2,63,0,65,33,23,89,0,145,0,0,0,145
05/31/2021,LEX,KY,ASO,CE,Combined TRACON& Tower with Radar,30,28,33,2,93,0,6,85,0,91,30,34,118,2,184,52,0,52,236
06/01/2021,LEX,KY,ASO,CE,Combined TRACON& Tower with Radar,27,27,56,3,113,0,2,65,6,73,27,29,121,9,186,64,4,68,254
06/02/2021,LEX,KY,ASO,CE,Combined TRACON& Tower with Radar,27,29,40,2,98,0,2,1,2,5,27,31,41,4,103,0,0,0,103
06/03/2021,LEX,KY,ASO,CE,Combined TRACON& Tower with Radar,32,51,36,0,119,0,4,9,1,14,32,55,45,1,133,0,0,0,133
06/04/2021,LEX,KY,ASO,CE,Combined TRACON& Tower with Radar,35,44,54,14,147,0,6,70,1,77,35,50,124,15,224,48,0,48,272
06/05/2021,LEX,KY,ASO,CE,Combined TRACON& Tower with Radar,34,31,45,15,125,0,5,102,2,109,34,36,147,17,234,7,0,7,241
06/06/2021,LEX,KY,ASO,CE,Combined TRACON& Tower with Radar,38,32,46,9,125,0,2,32,0,34,38,34,78,9,159,6,0,6,165
06/07/2021,LEX,KY,ASO,CE,Combined TRACON& Tower with Radar,34,37,49,1,121,0,7,24,1,32,34,44,73,2,153,18,0,18,171
06/08/2021,LEX,KY,ASO,CE,Combined TRACON& Tower with Radar,40,29,51,3,123,0,1,30,0,31,40,30,81,3,154,84,0,84,238
06/09/2021,LEX,KY,ASO,CE,Combined TRACON& Tower with Radar,33,43,54,2,132,0,4,9,0,13,33,47,63,2,145,6,0,6,151
06/10/2021,LEX,KY,ASO,CE,Combined TRACON& Tower with Radar,37,55,72,4,168,0,5,20,0,25,37,60,92,4,193,30,0,30,223
06/11/2021,LEX,KY,ASO,CE,Combined TRACON& Tower with Radar,34,38,48,3,123,0,2,13,0,15,34,40,61,3,138,8,0,8,146
06/12/2021,LEX,KY,ASO,CE,Combined TRACON& Tower with Radar,39,32,44,5,120,0,6,57,3,66,39,38,101,8,186,18,0,18,204
06/13/2021,LEX,KY,ASO,CE,Combined TRACON& Tower with Radar,38,42,36,13,129,0,3,70,0,73,38,45,106,13,202,38,0,38,240
06/14/2021,LEX,KY,ASO,CE,Combined TRACON& Tower with Radar,31,44,62,2,139,0,4,114,4,122,31,48,176,6,261,28,0,28,289
06/15/2021,LEX,KY,ASO,CE,Combined TRACON& Tower with Radar,37,39,53,3,132,0,2,125,2,129,37,41,178,5,261,84,0,84,345
06/16/2021,LEX,KY,ASO,CE,Combined TRACON& Tower with Radar,34,44,53,2,133,0,8,107,2,117,34,52,160,4,250,80,0,80,330
06/17/2021,LEX,KY,ASO,CE,Combined TRACON& Tower with Radar,38,36,60,6,140,0,5,109,2,116,38,41,169,8,256,30,0,30,286
06/18/2021,LEX,KY,ASO,CE,Combined TRACON& Tower with Radar,36,31,56,4,127,0,4,70,1,75,36,35,126,5,202,20,0,20,222
06/19/2021,LEX,KY,ASO,CE,Combined TRACON& Tower with Radar,38,33,41,0,112,0,3,46,0,49,38,36,87,0,161,16,0,16,177
06/20/2021,LEX,KY,ASO,CE,Combined TRACON& Tower with Radar,37,45,36,3,121,0,4,41,0,45,37,49,77,3,166,40,0,40,206
06/21/2021,LEX,KY,ASO,CE,Combined TRACON& Tower with Radar,34,31,36,0,101,0,0,12,0,12,34,31,48,0,113,6,0,6,119
06/22/2021,LEX,KY,ASO,CE,Combined TRACON& Tower with Radar,37,33,58,15,143,0,2,127,3,132,37,35,185,18,275,76,0,76,351
06/23/2021,LEX,KY,ASO,CE,Combined TRACON& Tower with Radar,34,41,82,3,160,0,0,125,2,127,34,41,207,5,287,62,0,62,349
06/24/2021,LEX,KY,ASO,CE,Combined TRACON& Tower with Radar,38,39,51,0,128,0,4,98,1,103,38,43,149,1,231,72,0,72,303
06/25/2021,LEX,KY,ASO,CE,Combined TRACON& Tower with Radar,37,33,53,30,153,0,9,73,5,87,37,42,126,35,240,26,0,26,266
06/26/2021,LEX,KY,ASO,CE,Combined TRACON& Tower with Radar,34,26,42,24,126,0,8,61,4,73,34,34,103,28,199,24,0,24,223
06/27/2021,LEX,KY,ASO,CE,Combined TRACON& Tower with Radar,33,43,42,15,133,0,2,65,2,69,33,45,107,17,202,24,0,24,226
06/28/2021,LEX,KY,ASO,CE,Combined TRACON& Tower with Radar,35,40,40,0,115,0,5,66,1,72,35,45,106,1,187,4,0,4,191
06/29/2021,LEX,KY,ASO,CE,Combined TRACON& Tower with Radar,35,34,64,5,138,0,2,119,3,124,35,36,183,8,262,38,0,38,300
06/30/2021,LEX,KY,ASO,CE,Combined TRACON& Tower with Radar,32,44,36,1,113,0,1,49,3,53,32,45,85,4,166,38,0,38,204
07/01/2021,LEX,KY,ASO,CE,Combined TRACON& Tower with Radar,40,40,36,1,117,0,0,2,1,3,40,40,38,2,120,0,0,0,120
07/02/2021,LEX,KY,ASO,CE,Combined TRACON& Tower with Radar,30,34,55,4,123,0,4,49,1,54,30,38,104,5,177,10,0,10,187
07/03/2021,LEX,KY,ASO,CE,Combined TRACON& Tower with Radar,32,26,33,0,91,0,3,68,2,73,32,29,101,2,164,122,0,122,286
07/04/2021,LEX,KY,ASO,CE,Combined TRACON& Tower with Radar,30,23,15,0,68,0,4,46,4,54,30,27,61,4,122,18,0,18,140
07/05/2021,LEX,KY,ASO,CE,Combined TRACON& Tower with Radar,34,30,47,2,113,0,1,62,0,63,34,31,109,2,176,134,0,134,310
07/06/2021,LEX,KY,ASO,CE,Combined TRACON& Tower with Radar,29,40,58,1,128,0,2,56,3,61,29,42,114,4,189,78,0,78,267
07/07/2021,LEX,KY,ASO,CE,Combined TRACON& Tower with Radar,30,32,40,4,106,0,0,65,3,68,30,32,105,7,174,78,0,78,252
07/08/2021,LEX,KY,ASO,CE,Combined TRACON& Tower with Radar,37,39,58,4,138,0,2,48,0,50,37,41,106,4,188,36,0,36,224
07/09/2021,LEX,KY,ASO,CE,Combined TRACON& Tower with Radar,35,40,60,5,140,0,0,75,2,77,35,40,135,7,217,93,0,93,310
07/10/2021,LEX,KY,ASO,CE,Combined TRACON& Tower with Radar,33,34,41,0,108,0,3,32,0,35,33,37,73,0,143,12,0,12,155
07/11/2021,LEX,KY,ASO,CE,Combined TRACON& Tower with Radar,35,58,30,1,124,0,0,7,1,8,35,58,37,2,132,6,0,6,138
07/12/2021,LEX,KY,ASO,CE,Combined TRACON& Tower with Radar,37,38,47,2,124,0,0,25,0,25,37,38,72,2,149,32,0,32,181
07/13/2021,LEX,KY,ASO,CE,Combined TRACON& Tower with Radar,30,58,57,0,145,0,6,10,0,16,30,64,67,0,161,10,0,10,171
07/14/2021,LEX,KY,ASO,CE,Combined TRACON& Tower with Radar,30,48,82,0,160,0,4,72,0,76,30,52,154,0,236,62,0,62,298
07/15/2021,LEX,KY,ASO,CE,Combined TRACON& Tower with Radar,35,50,61,2,148,0,3,91,0,94,35,53,152,2,242,41,0,41,283
07/16/2021,LEX,KY,ASO,CE,Combined TRACON& Tower with Radar,35,37,44,1,117,0,1,41,2,44,35,38,85,3,161,37,0,37,198
07/17/2021,LEX,KY,ASO,CE,Combined TRACON& Tower with Radar,37,33,41,1,112,0,3,26,4,33,37,36,67,5,145,12,0,12,157
07/18/2021,LEX,KY,ASO,CE,Combined TRACON& Tower with Radar,38,44,49,4,135,0,9,74,5,88,38,53,123,9,223,22,0,22,245
07/19/2021,LEX,KY,ASO,CE,Combined TRACON& Tower with Radar,35,35,54,0,124,0,7,94,1,102,35,42,148,1,226,30,0,30,256
07/20/2021,LEX,KY,ASO,CE,Combined TRACON& Tower with Radar,30,33,79,5,147,0,1,93,1,95,30,34,172,6,242,30,0,30,272
07/21/2021,LEX,KY,ASO,CE,Combined TRACON& Tower with Radar,29,35,58,2,124,0,6,74,0,80,29,41,132,2,204,31,0,31,235
07/22/2021,LEX,KY,ASO,CE,Combined TRACON& Tower with Radar,38,40,64,1,143,0,6,104,1,111,38,46,168,2,254,22,0,22,276
07/23/2021,LEX,KY,ASO,CE,Combined TRACON& Tower with Radar,35,29,59,5,128,0,6,71,1,78,35,35,130,6,206,38,0,38,244
07/24/2021,LEX,KY,ASO,CE,Combined TRACON& Tower with Radar,37,24,41,4,106,0,0,82,2,84,37,24,123,6,190,28,0,28,218
07/25/2021,LEX,KY,ASO,CE,Combined TRACON& Tower with Radar,38,44,33,6,121,0,2,29,0,31,38,46,62,6,152,18,0,18,170
07/26/2021,LEX,KY,ASO,CE,Combined TRACON& Tower with Radar,30,43,61,10,144,0,1,79,0,80,30,44,140,10,224,10,0,10,234
07/27/2021,LEX,KY,ASO,CE,Combined TRACON& Tower with Radar,33,40,46,6,125,0,6,92,0,98,33,46,138,6,223,40,0,40,263
07/28/2021,LEX,KY,ASO,CE,Combined TRACON& Tower with Radar,26,39,43,4,112,0,2,80,6,88,26,41,123,10,200,26,0,26,226
07/29/2021,LEX,KY,ASO,CE,Combined TRACON& Tower with Radar,34,35,65,7,141,0,0,69,6,75,34,35,134,13,216,28,0,28,244
07/30/2021,LEX,KY,ASO,CE,Combined TRACON& Tower with Radar,37,37,73,14,161,0,0,43,3,46,37,37,116,17,207,30,0,30,237
07/31/2021,LEX,KY,ASO,CE,Combined TRACON& Tower with Radar,34,24,24,8,90,0,1,33,0,34,34,25,57,8,124,46,0,46,170
08/01/2021,LEX,KY,ASO,CE,Combined TRACON& Tower with Radar,28,37,50,10,125,0,0,57,0,57,28,37,107,10,182,29,0,29,211
08/02/2021,LEX,KY,ASO,CE,Combined TRACON& Tower with Radar,33,35,68,2,138,0,2,111,1,114,33,37,179,3,252,48,0,48,300
08/03/2021,LEX,KY,ASO,CE,Combined TRACON& Tower with Radar,24,47,64,6,141,0,7,107,4,118,24,54,171,10,259,52,0,52,311
08/04/2021,LEX,KY,ASO,CE,Combined TRACON& Tower with Radar,24,47,79,4,154,0,4,85,0,89,24,51,164,4,243,44,0,44,287
08/05/2021,LEX,KY,ASO,CE,Combined TRACON& Tower with Radar,30,44,71,4,149,0,2,111,2,115,30,46,182,6,264,62,0,62,326
08/06/2021,LEX,KY,ASO,CE,Combined TRACON& Tower with Radar,30,54,73,36,193,0,0,86,2,88,30,54,159,38,281,84,0,84,365
08/07/2021,LEX,KY,ASO,CE,Combined TRACON& Tower with Radar,28,38,53,3,122,0,4,71,0,75,28,42,124,3,197,24,12,36,233
08/08/2021,LEX,KY,ASO,CE,Combined TRACON& Tower with Radar,30,51,66,18,165,0,2,76,1,79,30,53,142,19,244,82,0,82,326
08/09/2021,LEX,KY,ASO,CE,Combined TRACON& Tower with Radar,30,46,43,1,120,0,2,21,3,26,30,48,64,4,146,37,0,37,183
08/10/2021,LEX,KY,ASO,CE,Combined TRACON& Tower with Radar,24,44,50,0,118,0,8,45,0,53,24,52,95,0,171,43,0,43,214
08/11/2021,LEX,KY,ASO,CE,Combined TRACON& Tower with Radar,23,40,75,6,144,0,2,70,3,75,23,42,145,9,219,20,0,20,239
08/12/2021,LEX,KY,ASO,CE,Combined TRACON& Tower with Radar,30,53,55,1,139,0,5,67,1,73,30,58,122,2,212,74,0,74,286
08/13/2021,LEX,KY,ASO,CE,Combined TRACON& Tower with Radar,29,42,62,4,137,0,1,98,0,99,29,43,160,4,236,22,0,22,258
08/14/2021,LEX,KY,ASO,CE,Combined TRACON& Tower with Radar,25,37,46,0,108,0,9,39,0,48,25,46,85,0,156,10,0,10,166
08/15/2021,LEX,KY,ASO,CE,Combined TRACON& Tower with Radar,32,58,66,1,157,0,2,18,0,20,32,60,84,1,177,46,0,46,223
08/16/2021,LEX,KY,ASO,CE,Combined TRACON& Tower with Radar,31,59,44,1,135,0,3,14,1,18,31,62,58,2,153,56,0,56,209
08/17/2021,LEX,KY,ASO,CE,Combined TRACON& Tower with Radar,24,23,49,0,96,0,2,30,2,34,24,25,79,2,130,42,0,42,172
08/18/2021,LEX,KY,ASO,CE,Combined TRACON& Tower with Radar,26,33,53,3,115,0,6,70,4,80,26,39,123,7,195,60,0,60,255
08/19/2021,LEX,KY,ASO,CE,Combined TRACON& Tower with Radar,17,25,51,0,93,0,3,13,0,16,17,28,64,0,109,0,0,0,109
08/20/2021,LEX,KY,ASO,CE,Combined TRACON& Tower with Radar,0,0,0,0,0,0,6,15,0,21,0,6,15,0,21,0,0,0,21
08/21/2021,LEX,KY,ASO,CE,Combined TRACON& Tower with Radar,0,0,0,0,0,0,5,8,0,13,0,5,8,0,13,0,0,0,13
08/22/2021,LEX,KY,ASO,CE,Combined TRACON& Tower with Radar,10,5,15,0,30,0,4,20,0,24,10,9,35,0,54,10,0,10,64
08/23/2021,LEX,KY,ASO,CE,Combined TRACON& Tower with Radar,25,26,39,6,96,0,2,89,2,93,25,28,128,8,189,0,0,0,189
08/24/2021,LEX,KY,ASO,CE,Combined TRACON& Tower with Radar,24,35,57,2,118,0,3,85,1,89,24,38,142,3,207,74,0,74,281
08/25/2021,LEX,KY,ASO,CE,Combined TRACON& Tower with Radar,25,30,50,1,106,0,1,71,1,73,25,31,121,2,179,142,0,142,321
08/26/2021,LEX,KY,ASO,CE,Combined TRACON& Tower with Radar,35,36,65,5,141,0,8,82,0,90,35,44,147,5,231,92,0,92,323
08/27/2021,LEX,KY,ASO,CE,Combined TRACON& Tower with Radar,32,27,40,6,105,0,2,74,0,76,32,29,114,6,181,53,0,53,234
08/28/2021,LEX,KY,ASO,CE,Combined TRACON& Tower with Radar,24,21,53,0,98,0,3,114,1,118,24,24,167,1,216,84,0,84,300
08/29/2021,LEX,KY,ASO,CE,Combined TRACON& Tower with Radar,32,39,60,1,132,0,5,91,5,101,32,44,151,6,233,74,0,74,307
08/30/2021,LEX,KY,ASO,CE,Combined TRACON& Tower with Radar,28,30,47,0,105,0,5,9,0,14,28,35,56,0,119,44,0,44,163
08/31/2021,LEX,KY,ASO,CE,Combined TRACON& Tower with Radar,25,18,37,0,80,0,0,3,0,3,25,18,40,0,83,0,0,0,83
09/01/2021,LEX,KY,ASO,CE,Combined TRACON& Tower with Radar,26,31,41,2,100,0,8,54,0,62,26,39,95,2,162,36,0,36,198
09/02/2021,LEX,KY,ASO,CE,Combined TRACON& Tower with Radar,34,24,71,15,144,0,3,94,5,102,34,27,165,20,246,21,8,29,275
09/03/2021,LEX,KY,ASO,CE,Combined TRACON& Tower with Radar,33,39,46,0,118,0,1,105,2,108,33,40,151,2,226,8,0,8,234
09/04/2021,LEX,KY,ASO,CE,Combined TRACON& Tower with Radar,25,26,28,0,79,0,5,92,3,100,25,31,120,3,179,32,0,32,211
09/05/2021,LEX,KY,ASO,CE,Combined TRACON& Tower with Radar,26,19,49,0,94,0,0,4,0,4,26,19,53,0,98,0,0,0,98
09/06/2021,LEX,KY,ASO,CE,Combined TRACON& Tower with Radar,26,19,54,9,108,0,1,107,3,111,26,20,161,12,219,50,0,50,269
09/07/2021,LEX,KY,ASO,CE,Combined TRACON& Tower with Radar,18,22,50,13,103,0,3,71,3,77,18,25,121,16,180,32,0,32,212
09/08/2021,LEX,KY,ASO,CE,Combined TRACON& Tower with Radar,18,39,47,2,106,0,0,40,1,41,18,39,87,3,147,37,0,37,184
09/09/2021,LEX,KY,ASO,CE,Combined TRACON& Tower with Radar,35,35,45,8,123,0,10,66,2,78,35,45,111,10,201,6,0,6,207
09/10/2021,LEX,KY,ASO,CE,Combined TRACON& Tower with Radar,30,37,75,0,142,0,3,106,1,110,30,40,181,1,252,18,0,18,270
09/11/2021,LEX,KY,ASO,CE,Combined TRACON& Tower with Radar,25,26,68,1,120,0,4,82,2,88,25,30,150,3,208,62,0,62,270
09/12/2021,LEX,KY,ASO,CE,Combined TRACON& Tower with Radar,36,37,74,1,148,0,2,71,1,74,36,39,145,2,222,6,0,6,228
09/13/2021,LEX,KY,ASO,CE,Combined TRACON& Tower with Radar,31,38,45,3,117,0,3,77,1,81,31,41,122,4,198,46,0,46,244
09/14/2021,LEX,KY,ASO,CE,Combined TRACON& Tower with Radar,22,31,59,1,113,0,7,66,1,74,22,38,125,2,187,13,0,13,200
09/15/2021,LEX,KY,ASO,CE,Combined TRACON& Tower with Radar,26,43,63,0,132,0,0,9,0,9,26,43,72,0,141,0,0,0,141
09/16/2021,LEX,KY,ASO,CE,Combined TRACON& Tower with Radar,37,54,81,2,174,0,3,95,2,100,37,57,176,4,274,67,0,67,341
09/17/2021,LEX,KY,ASO,CE,Combined TRACON& Tower with Radar,34,61,80,18,193,0,6,60,5,71,34,67,140,23,264,44,0,44,308
09/18/2021,LEX,KY,ASO,CE,Combined TRACON& Tower with Radar,25,29,60,0,114,0,4,71,0,75,25,33,131,0,189,35,0,35,224
09/19/2021,LEX,KY,ASO,CE,Combined TRACON& Tower with Radar,32,46,65,6,149,0,2,44,0,46,32,48,109,6,195,40,0,40,235
09/20/2021,LEX,KY,ASO,CE,Combined TRACON& Tower with Radar,33,41,71,0,145,0,0,11,0,11,33,41,82,0,156,36,0,36,192
09/21/2021,LEX,KY,ASO,CE,Combined TRACON& Tower with Radar,21,38,80,0,139,0,0,5,0,5,21,38,85,0,144,44,0,44,188
09/22/2021,LEX,KY,ASO,CE,Combined TRACON& Tower with Radar,26,36,51,7,120,0,0,2,0,2,26,36,53,7,122,6,0,6,128
09/23/2021,LEX,KY,ASO,CE,Combined TRACON& Tower with Radar,37,36,72,4,149,0,0,77,2,79,37,36,149,6,228,68,0,68,296
09/24/2021,LEX,KY,ASO,CE,Combined TRACON& Tower with Radar,38,41,55,2,136,0,4,141,6,151,38,45,196,8,287,96,0,96,383
09/25/2021,LEX,KY,ASO,CE,Combined TRACON& Tower with Radar,26,26,41,0,93,0,2,54,2,58,26,28,95,2,151,45,0,45,196
09/26/2021,LEX,KY,ASO,CE,Combined TRACON& Tower with Radar,39,28,45,0,112,0,0,128,1,129,39,28,173,1,241,44,0,44,285
09/27/2021,LEX,KY,ASO,CE,Combined TRACON& Tower with Radar,32,34,56,2,124,0,5,68,7,80,32,39,124,9,204,60,0,60,264
09/28/2021,LEX,KY,ASO,CE,Combined TRACON& Tower with Radar,23,38,43,0,104,0,5,86,0,91,23,43,129,0,195,30,0,30,225
09/29/2021,LEX,KY,ASO,CE,Combined TRACON& Tower with Radar,29,38,56,2,125,0,0,82,1,83,29,38,138,3,208,40,0,40,248
09/30/2021,LEX,KY,ASO,CE,Combined TRACON& Tower with Radar,33,43,74,2,152,0,9,101,0,110,33,52,175,2,262,32,0,32,294
10/01/2021,LEX,KY,ASO,CE,Combined TRACON& Tower with Radar,41,61,82,0,184,0,7,103,0,110,41,68,185,0,294,6,0,6,300
10/02/2021,LEX,KY,ASO,CE,Combined TRACON& Tower with Radar,37,38,63,0,138,0,7,71,0,78,37,45,134,0,216,30,0,30,246
10/03/2021,LEX,KY,ASO,CE,Combined TRACON& Tower with Radar,38,44,62,0,144,0,0,3,0,3,38,44,65,0,147,0,0,0,147
10/04/2021,LEX,KY,ASO,CE,Combined TRACON& Tower with Radar,31,48,80,0,159,0,3,44,0,47,31,51,124,0,206,32,0,32,238
10/05/2021,LEX,KY,ASO,CE,Combined TRACON& Tower with Radar,28,32,49,0,109,0,2,59,0,61,28,34,108,0,170,36,0,36,206
10/06/2021,LEX,KY,ASO,CE,Combined TRACON& Tower with Radar,29,51,61,4,145,0,0,24,0,24,29,51,85,4,169,84,0,84,253
10/07/2021,LEX,KY,ASO,CE,Combined TRACON& Tower with Radar,42,56,74,2,174,0,1,37,5,43,42,57,111,7,217,46,0,46,263
10/08/2021,LEX,KY,ASO,CE,Combined TRACON& Tower with Radar,38,60,91,0,189,0,1,46,2,49,38,61,137,2,238,6,0,6,244
10/09/2021,LEX,KY,ASO,CE,Combined TRACON& Tower with Radar,38,42,84,0,164,0,0,97,0,97,38,42,181,0,261,72,0,72,333
10/10/2021,LEX,KY,ASO,CE,Combined TRACON& Tower with Radar,40,55,89,0,184,0,0,102,0,102,40,55,191,0,286,64,0,64,350
10/11/2021,LEX,KY,ASO,CE,Combined TRACON& Tower with Radar,29,48,59,6,142,0,5,75,0,80,29,53,134,6,222,36,0,36,258
10/12/2021,LEX,KY,ASO,CE,Combined TRACON& Tower with Radar,21,46,58,12,137,0,1,68,1,70,21,47,126,13,207,83,0,83,290
10/13/2021,LEX,KY,ASO,CE,Combined TRACON& Tower with Radar,27,52,73,6,158,0,3,27,0,30,27,55,100,6,188,98,0,98,286
10/14/2021,LEX,KY,ASO,CE,Combined TRACON& Tower with Radar,33,53,82,5,173,0,0,90,1,91,33,53,172,6,264,92,0,92,356
10/15/2021,LEX,KY,ASO,CE,Combined TRACON& Tower with Radar,33,60,65,2,160,0,4,23,0,27,33,64,88,2,187,26,0,26,213
10/16/2021,LEX,KY,ASO,CE,Combined TRACON& Tower with Radar,30,44,45,2,121,0,2,46,0,48,30,46,91,2,169,14,0,14,183
10/17/2021,LEX,KY,ASO,CE,Combined TRACON& Tower with Radar,34,39,59,0,132,0,3,89,0,92,34,42,148,0,224,74,0,74,298
10/18/2021,LEX,KY,ASO,CE,Combined TRACON& Tower with Radar,30,43,60,0,133,0,8,97,2,107,30,51,157,2,240,62,0,62,302
10/19/2021,LEX,KY,ASO,CE,Combined TRACON& Tower with Radar,22,35,66,0,123,0,4,98,6,108,22,39,164,6,231,22,0,22,253
10/20/2021,LEX,KY,ASO,CE,Combined TRACON& Tower with Radar,26,52,77,6,161,0,3,92,0,95,26,55,169,6,256,72,0,72,328
10/21/2021,LEX,KY,ASO,CE,Combined TRACON& Tower with Radar,34,42,103,5,184,0,2,18,1,21,34,44,121,6,205,24,0,24,229
10/22/2021,LEX,KY,ASO,CE,Combined TRACON& Tower with Radar,30,55,113,8,206,0,0,28,4,32,30,55,141,12,238,20,0,20,258
10/23/2021,LEX,KY,ASO,CE,Combined TRACON& Tower with Radar,28,50,50,0,128,0,2,87,5,94,28,52,137,5,222,36,0,36,258
10/24/2021,LEX,KY,ASO,CE,Combined TRACON& Tower with Radar,33,44,43,0,120,0,4,19,0,23,33,48,62,0,143,46,0,46,189
10/25/2021,LEX,KY,ASO,CE,Combined TRACON& Tower with Radar,30,50,42,1,123,0,1,4,1,6,30,51,46,2,129,4,0,4,133
10/26/2021,LEX,KY,ASO,CE,Combined TRACON& Tower with Radar,27,40,51,2,120,0,1,73,4,78,27,41,124,6,198,183,0,183,381
10/27/2021,LEX,KY,ASO,CE,Combined TRACON& Tower with Radar,30,49,75,1,155,0,6,119,2,127,30,55,194,3,282,68,0,68,350
10/28/2021,LEX,KY,ASO,CE,Combined TRACON& Tower with Radar,31,49,58,0,138,0,1,26,0,27,31,50,84,0,165,50,0,50,215
10/29/2021,LEX,KY,ASO,CE,Combined TRACON& Tower with Radar,33,45,91,0,169,0,0,13,0,13,33,45,104,0,182,66,0,66,248
10/30/2021,LEX,KY,ASO,CE,Combined TRACON& Tower with Radar,25,32,45,0,102,0,0,0,0,0,25,32,45,0,102,0,0,0,102
10/31/2021,LEX,KY,ASO,CE,Combined TRACON& Tower with Radar,22,48,53,0,123,0,0,26,0,26,22,48,79,0,149,0,0,0,149
11/01/2021,LEX,KY,ASO,CE,Combined TRACON& Tower with Radar,25,37,57,2,121,0,7,70,2,79,25,44,127,4,200,30,0,30,230
11/02/2021,LEX,KY,ASO,CE,Combined TRACON& Tower with Radar,18,27,73,8,126,0,1,86,1,88,18,28,159,9,214,80,0,80,294
11/03/2021,LEX,KY,ASO,CE,Combined TRACON& Tower with Radar,24,54,50,10,138,0,2,100,4,106,24,56,150,14,244,106,0,106,350
11/04/2021,LEX,KY,ASO,CE,Combined TRACON& Tower with Radar,30,53,75,5,163,0,4,76,4,84,30,57,151,9,247,78,0,78,325
11/05/2021,LEX,KY,ASO,CE,Combined TRACON& Tower with Radar,30,59,81,12,182,0,3,94,2,99,30,62,175,14,281,52,0,52,333
11/06/2021,LEX,KY,ASO,CE,Combined TRACON& Tower with Radar,19,39,68,4,130,0,7,104,3,114,19,46,172,7,244,60,0,60,304
11/07/2021,LEX,KY,ASO,CE,Combined TRACON& Tower with Radar,32,68,87,1,188,0,8,109,1,118,32,76,196,2,306,10,0,10,316
11/08/2021,LEX,KY,ASO,CE,Combined TRACON& Tower with Radar,28,39,59,4,130,0,6,93,4,103,28,45,152,8,233,60,0,60,293
11/09/2021,LEX,KY,ASO,CE,Combined TRACON& Tower with Radar,19,48,53,2,122,0,7,80,3,90,19,55,133,5,212,50,0,50,262
11/10/2021,LEX,KY,ASO,CE,Combined TRACON& Tower with Radar,31,41,61,3,136,0,5,90,4,99,31,46,151,7,235,54,0,54,289
11/11/2021,LEX,KY,ASO,CE,Combined TRACON& Tower with Radar,32,45,43,0,120,0,1,8,0,9,32,46,51,0,129,0,0,0,129
11/12/2021,LEX,KY,ASO,CE,Combined TRACON& Tower with Radar,30,53,60,0,143,0,6,34,1,41,30,59,94,1,184,28,0,28,212
11/13/2021,LEX,KY,ASO,CE,Combined TRACON& Tower with Radar,22,43,47,0,112,0,1,50,0,51,22,44,97,0,163,54,0,54,217
11/14/2021,LEX,KY,ASO,CE,Combined TRACON& Tower with Radar,26,53,36,0,115,0,2,15,0,17,26,55,51,0,132,0,0,0,132
11/15/2021,LEX,KY,ASO,CE,Combined TRACON& Tower with Radar,29,42,57,1,129,0,6,75,1,82,29,48,132,2,211,122,0,122,333
11/16/2021,LEX,KY,ASO,CE,Combined TRACON& Tower with Radar,19,35,69,0,123,0,4,80,5,89,19,39,149,5,212,62,0,62,274
11/17/2021,LEX,KY,ASO,CE,Combined TRACON& Tower with Radar,25,35,63,0,123,0,4,21,0,25,25,39,84,0,148,44,0,44,192
11/18/2021,LEX,KY,ASO,CE,Combined TRACON& Tower with Radar,31,31,70,0,132,0,0,50,2,52,31,31,120,2,184,14,0,14,198
11/19/2021,LEX,KY,ASO,CE,Combined TRACON& Tower with Radar,36,41,56,10,143,0,5,112,4,121,36,46,168,14,264,24,0,24,288
11/20/2021,LEX,KY,ASO,CE,Combined TRACON& Tower with Radar,24,37,41,0,102,0,1,91,0,92,24,38,132,0,194,18,0,18,212
11/21/2021,LEX,KY,ASO,CE,Combined TRACON& Tower with Radar,25,38,32,0,95,0,0,3,0,3,25,38,35,0,98,0,0,0,98
11/22/2021,LEX,KY,ASO,CE,Combined TRACON& Tower with Radar,31,24,59,1,115,0,0,81,3,84,31,24,140,4,199,42,0,42,241
11/23/2021,LEX,KY,ASO,CE,Combined TRACON& Tower with Radar,30,36,52,1,119,0,10,84,1,95,30,46,136,2,214,60,0,60,274
11/24/2021,LEX,KY,ASO,CE,Combined TRACON& Tower with Radar,37,36,36,1,110,0,4,73,3,80,37,40,109,4,190,24,0,24,214
11/25/2021,LEX,KY,ASO,CE,Combined TRACON& Tower with Radar,14,17,9,0,40,0,3,0,0,3,14,20,9,0,43,0,0,0,43
11/26/2021,LEX,KY,ASO,CE,Combined TRACON& Tower with Radar,17,28,40,0,85,0,2,45,0,47,17,30,85,0,132,30,0,30,162
11/27/2021,LEX,KY,ASO,CE,Combined TRACON& Tower with Radar,30,39,44,0,113,0,4,54,0,58,30,43,98,0,171,52,0,52,223
11/28/2021,LEX,KY,ASO,CE,Combined TRACON& Tower with Radar,34,37,41,0,112,0,0,67,0,67,34,37,108,0,179,32,0,32,211
11/29/2021,LEX,KY,ASO,CE,Combined TRACON& Tower with Radar,34,30,50,0,114,0,5,61,4,70,34,35,111,4,184,89,0,89,273
11/30/2021,LEX,KY,ASO,CE,Combined TRACON& Tower with Radar,30,32,51,5,118,0,6,73,1,80,30,38,124,6,198,106,0,106,304
12/01/2021,LEX,KY,ASO,CE,Combined TRACON& Tower with Radar,24,34,46,10,114,0,1,34,2,37,24,35,80,12,151,50,0,50,201
12/02/2021,LEX,KY,ASO,CE,Combined TRACON& Tower with Radar,29,38,58,2,127,0,1,39,2,42,29,39,97,4,169,58,0,58,227
12/03/2021,LEX,KY,ASO,CE,Combined TRACON& Tower with Radar,28,32,82,4,146,0,4,113,2,119,28,36,195,6,265,54,0,54,319
12/04/2021,LEX,KY,ASO,CE,Combined TRACON& Tower with Radar,17,26,45,14,102,0,2,116,5,123,17,28,161,19,225,56,0,56,281
12/05/2021,LEX,KY,ASO,CE,Combined TRACON& Tower with Radar,24,39,53,6,122,0,1,58,5,64,24,40,111,11,186,38,0,38,224
12/06/2021,LEX,KY,ASO,CE,Combined TRACON& Tower with Radar,29,36,34,0,99,0,0,30,0,30,29,36,64,0,129,30,0,30,159
12/07/2021,LEX,KY,ASO,CE,Combined TRACON& Tower with Radar,19,32,68,2,121,0,0,81,7,88,19,32,149,9,209,82,0,82,291
12/08/2021,LEX,KY,ASO,CE,Combined TRACON& Tower with Radar,21,47,61,7,136,0,6,74,1,81,21,53,135,8,217,86,0,86,303
12/09/2021,LEX,KY,ASO,CE,Combined TRACON& Tower with Radar,30,40,66,0,136,0,0,75,0,75,30,40,141,0,211,0,0,0,211
12/10/2021,LEX,KY,ASO,CE,Combined TRACON& Tower with Radar,28,48,36,4,116,0,1,9,0,10,28,49,45,4,126,0,0,0,126
12/11/2021,LEX,KY,ASO,CE,Combined TRACON& Tower with Radar,22,32,14,0,68,0,2,2,1,5,22,34,16,1,73,0,0,0,73
12/12/2021,LEX,KY,ASO,CE,Combined TRACON& Tower with Radar,28,38,43,0,109,0,5,114,1,120,28,43,157,1,229,12,0,12,241
12/13/2021,LEX,KY,ASO,CE,Combined TRACON& Tower with Radar,28,38,56,0,122,0,1,92,0,93,28,39,148,0,215,26,0,26,241
12/14/2021,LEX,KY,ASO,CE,Combined TRACON& Tower with Radar,19,28,51,2,100,0,6,117,3,126,19,34,168,5,226,62,0,62,288
12/15/2021,LEX,KY,ASO,CE,Combined TRACON& Tower with Radar,19,29,59,0,107,0,2,60,5,67,19,31,119,5,174,0,0,0,174
12/16/2021,LEX,KY,ASO,CE,Combined TRACON& Tower with Radar,30,36,48,0,114,0,0,5,0,5,30,36,53,0,119,0,0,0,119
12/17/2021,LEX,KY,ASO,CE,Combined TRACON& Tower with Radar,36,37,42,0,115,0,0,4,0,4,36,37,46,0,119,14,0,14,133
12/18/2021,LEX,KY,ASO,CE,Combined TRACON& Tower with Radar,21,30,34,0,85,0,0,0,0,0,21,30,34,0,85,0,0,0,85
12/19/2021,LEX,KY,ASO,CE,Combined TRACON& Tower with Radar,30,34,39,0,103,0,1,43,0,44,30,35,82,0,147,72,0,72,219
12/20/2021,LEX,KY,ASO,CE,Combined TRACON& Tower with Radar,32,37,58,2,129,0,4,96,0,100,32,41,154,2,229,56,0,56,285
12/21/2021,LEX,KY,ASO,CE,Combined TRACON& Tower with Radar,31,49,54,3,137,0,2,76,3,81,31,51,130,6,218,60,0,60,278
12/22/2021,LEX,KY,ASO,CE,Combined TRACON& Tower with Radar,24,37,67,3,131,0,9,98,1,108,24,46,165,4,239,6,0,6,245
12/23/2021,LEX,KY,ASO,CE,Combined TRACON& Tower with Radar,27,41,55,0,123,0,3,52,0,55,27,44,107,0,178,12,0,12,190
12/24/2021,LEX,KY,ASO,CE,Combined TRACON& Tower with Radar,19,21,12,0,52,0,7,8,0,15,19,28,20,0,67,0,0,0,67
12/25/2021,LEX,KY,ASO,CE,Combined TRACON& Tower with Radar,17,15,7,0,39,0,3,1,0,4,17,18,8,0,43,0,0,0,43
12/26/2021,LEX,KY,ASO,CE,Combined TRACON& Tower with Radar,30,33,78,0,141,0,3,39,0,42,30,36,117,0,183,16,0,16,199
12/27/2021,LEX,KY,ASO,CE,Combined TRACON& Tower with Radar,23,33,41,2,99,0,2,16,0,18,23,35,57,2,117,20,0,20,137
12/28/2021,LEX,KY,ASO,CE,Combined TRACON& Tower with Radar,28,39,34,2,103,0,0,10,0,10,28,39,44,2,113,0,0,0,113
12/29/2021,LEX,KY,ASO,CE,Combined TRACON& Tower with Radar,24,38,55,7,124,0,0,23,0,23,24,38,78,7,147,57,0,57,204
12/30/2021,LEX,KY,ASO,CE,Combined TRACON& Tower with Radar,32,34,54,0,120,0,0,8,0,8,32,34,62,0,128,0,0,0,128
12/31/2021,LEX,KY,ASO,CE,Combined TRACON& Tower with Radar,18,28,31,0,77,0,0,36,0,36,18,28,67,0,113,51,0,51,164
01/01/2022,LEX,KY,ASO,CE,Combined TRACON& Tower with Radar,18,14,13,0,45,0,0,0,0,0,18,14,13,0,45,0,0,0,45
01/02/2022,LEX,KY,ASO,CE,Combined TRACON& Tower with Radar,29,26,28,0,83,0,0,0,0,0,29,26,28,0,83,0,0,0,83
01/03/2022,LEX,KY,ASO,CE,Combined TRACON& Tower with Radar,27,38,61,4,130,0,0,88,2,90,27,38,149,6,220,51,0,51,271
01/04/2022,LEX,KY,ASO,CE,Combined TRACON& Tower with Radar,16,39,58,6,119,0,6,102,9,117,16,45,160,15,236,116,0,116,352
01/05/2022,LEX,KY,ASO,CE,Combined TRACON& Tower with Radar,23,31,24,2,80,0,1,26,3,30,23,32,50,5,110,0,0,0,110
01/06/2022,LEX,KY,ASO,CE,Combined TRACON& Tower with Radar,15,23,17,0,55,0,0,7,0,7,15,23,24,0,62,0,0,0,62
01/07/2022,LEX,KY,ASO,CE,Combined TRACON& Tower with Radar,21,44,32,0,97,0,12,23,0,35,21,56,55,0,132,0,0,0,132
01/08/2022,LEX,KY,ASO,CE,Combined TRACON& Tower with Radar,11,28,34,2,75,0,4,69,4,77,11,32,103,6,152,27,0,27,179
01/09/2022,LEX,KY,ASO,CE,Combined TRACON& Tower with Radar,23,45,27,1,96,0,2,2,1,5,23,47,29,2,101,0,0,0,101
01/10/2022,LEX,KY,ASO,CE,Combined TRACON& Tower with Radar,19,40,52,20,131,0,11,84,3,98,19,51,136,23,229,0,16,16,245
01/11/2022,LEX,KY,ASO,CE,Combined TRACON& Tower with Radar,19,34,62,0,115,0,3,80,0,83,19,37,142,0,198,34,0,34,232
01/12/2022,LEX,KY,ASO,CE,Combined TRACON& Tower with Radar,20,40,51,5,116,0,0,70,1,71,20,40,121,6,187,34,0,34,221
01/13/2022,LEX,KY,ASO,CE,Combined TRACON& Tower with Radar,22,42,48,3,115,0,6,71,3,80,22,48,119,6,195,52,0,52,247
01/14/2022,LEX,KY,ASO,CE,Combined TRACON& Tower with Radar,28,49,41,0,118,0,0,15,0,15,28,49,56,0,133,0,0,0,133
01/15/2022,LEX,KY,ASO,CE,Combined TRACON& Tower with Radar,12,31,30,0,73,0,2,25,0,27,12,33,55,0,100,12,0,12,112
01/16/2022,LEX,KY,ASO,CE,Combined TRACON& Tower with Radar,6,19,8,0,33,0,4,0,0,4,6,23,8,0,37,0,0,0,37
01/17/2022,LEX,KY,ASO,CE,Combined TRACON& Tower with Radar,23,37,28,0,88,0,0,0,0,0,23,37,28,0,88,4,0,4,92
01/18/2022,LEX,KY,ASO,CE,Combined TRACON& Tower with Radar,20,28,44,12,104,0,0,81,2,83,20,28,125,14,187,24,0,24,211
01/19/2022,LEX,KY,ASO,CE,Combined TRACON& Tower with Radar,22,37,42,0,101,0,0,14,2,16,22,37,56,2,117,0,0,0,117
01/20/2022,LEX,KY,ASO,CE,Combined TRACON& Tower with Radar,25,30,29,0,84,0,0,33,2,35,25,30,62,2,119,4,0,4,123
01/21/2022,LEX,KY,ASO,CE,Combined TRACON& Tower with Radar,28,44,43,2,117,0,5,69,0,74,28,49,112,2,191,126,0,126,317
01/22/2022,LEX,KY,ASO,CE,Combined TRACON& Tower with Radar,15,31,42,0,88,0,1,70,0,71,15,32,112,0,159,34,0,34,193
01/23/2022,LEX,KY,ASO,CE,Combined TRACON& Tower with Radar,23,42,22,0,87,0,6,13,0,19,23,48,35,0,106,0,0,0,106
01/24/2022,LEX,KY,ASO,CE,Combined TRACON& Tower with Radar,25,39,43,2,109,0,3,65,0,68,25,42,108,2,177,50,0,50,227
01/25/2022,LEX,KY,ASO,CE,Combined TRACON& Tower with Radar,18,24,47,2,91,0,2,31,0,33,18,26,78,2,124,22,0,22,146
01/26/2022,LEX,KY,ASO,CE,Combined TRACON& Tower with Radar,20,48,89,6,163,0,12,110,0,122,20,60,199,6,285,50,0,50,335
01/27/2022,LEX,KY,ASO,CE,Combined TRACON& Tower with Radar,26,41,62,2,131,0,2,61,2,65,26,43,123,4,196,58,0,58,254
01/28/2022,LEX,KY,ASO,CE,Combined TRACON& Tower with Radar,21,39,24,0,84,0,0,0,0,0,21,39,24,0,84,0,0,0,84
01/29/2022,LEX,KY,ASO,CE,Combined TRACON& Tower with Radar,20,29,32,2,83,0,2,59,0,61,20,31,91,2,144,0,0,0,144
01/30/2022,LEX,KY,ASO,CE,Combined TRACON& Tower with Radar,27,39,37,0,103,0,4,81,4,89,27,43,118,4,192,34,0,34,226
01/31/2022,LEX,KY,ASO,CE,Combined TRACON& Tower with Radar,24,34,59,3,120,0,0,99,7,106,24,34,158,10,226,24,0,24,250
02/01/2022,LEX,KY,ASO,CE,Combined TRACON& Tower with Radar,19,37,73,1,130,0,2,106,1,109,19,39,179,2,239,32,0,32,271
02/02/2022,LEX,KY,ASO,CE,Combined TRACON& Tower with Radar,18,20,28,4,70,0,5,5,2,12,18,25,33,6,82,0,0,0,82
02/03/2022,LEX,KY,ASO,CE,Combined TRACON& Tower with Radar,4,6,9,0,19,0,0,0,0,0,4,6,9,0,19,0,0,0,19
02/04/2022,LEX,KY,ASO,CE,Combined TRACON& Tower with Radar,14,18,20,0,52,0,0,2,0,2,14,18,22,0,54,0,0,0,54
02/05/2022,LEX,KY,ASO,CE,Combined TRACON& Tower with Radar,14,26,25,3,68,0,5,31,2,38,14,31,56,5,106,0,0,0,106
02/06/2022,LEX,KY,ASO,CE,Combined TRACON& Tower with Radar,27,44,44,1,116,0,8,89,2,99,27,52,133,3,215,50,0,50,265
02/07/2022,LEX,KY,ASO,CE,Combined TRACON& Tower with Radar,25,35,59,3,122,0,0,83,0,83,25,35,142,3,205,40,0,40,245
02/08/2022,LEX,KY,ASO,CE,Combined TRACON& Tower with Radar,20,28,46,3,97,0,2,95,3,100,20,30,141,6,197,38,4,42,239
02/09/2022,LEX,KY,ASO,CE,Combined TRACON& Tower with Radar,21,33,60,3,117,0,1,62,1,64,21,34,122,4,181,62,0,62,243
02/10/2022,LEX,KY,ASO,CE,Combined TRACON& Tower with Radar,26,44,66,5,141,0,0,102,4,106,26,44,168,9,247,74,0,74,321
02/11/2022,LEX,KY,ASO,CE,Combined TRACON& Tower with Radar,28,40,42,0,110,0,2,31,0,33,28,42,73,0,143,6,0,6,149
02/12/2022,LEX,KY,ASO,CE,Combined TRACON& Tower with Radar,18,20,29,0,67,0,5,19,3,27,18,25,48,3,94,42,0,42,136
02/13/2022,LEX,KY,ASO,CE,Combined TRACON& Tower with Radar,23,33,38,0,94,0,2,65,4,71,23,35,103,4,165,6,0,6,171
02/14/2022,LEX,KY,ASO,CE,Combined TRACON& Tower with Radar,24,44,39,0,107,0,8,59,1,68,24,52,98,1,175,36,0,36,211
02/15/2022,LEX,KY,ASO,CE,Combined TRACON& Tower with Radar,20,31,31,5,87,0,6,113,5,124,20,37,144,10,211,113,0,113,324
02/16/2022,LEX,KY,ASO,CE,Combined TRACON& Tower with Radar,24,41,34,0,99,0,2,22,1,25,24,43,56,1,124,0,0,0,124
02/17/2022,LEX,KY,ASO,CE,Combined TRACON& Tower with Radar,25,37,23,0,85,0,0,0,0,0,25,37,23,0,85,0,0,0,85
02/18/2022,LEX,KY,ASO,CE,Combined TRACON& Tower with Radar,31,41,63,0,135,0,2,114,2,118,31,43,177,2,253,42,0,42,295
02/19/2022,LEX,KY,ASO,CE,Combined TRACON& Tower with Radar,23,32,31,0,86,0,5,65,0,70,23,37,96,0,156,34,0,34,190
02/20/2022,LEX,KY,ASO,CE,Combined TRACON& Tower with Radar,21,47,59,0,127,0,5,98,0,103,21,52,157,0,230,60,0,60,290
02/21/2022,LEX,KY,ASO,CE,Combined TRACON& Tower with Radar,30,36,59,0,125,0,4,90,0,94,30,40,149,0,219,38,0,38,257
02/22/2022,LEX,KY,ASO,CE,Combined TRACON& Tower with Radar,26,34,13,0,73,0,0,0,0,0,26,34,13,0,73,0,0,0,73
02/23/2022,LEX,KY,ASO,CE,Combined TRACON& Tower with Radar,21,47,43,0,111,0,0,3,0,3,21,47,46,0,114,34,0,34,148
02/24/2022,LEX,KY,ASO,CE,Combined TRACON& Tower with Radar,26,38,23,0,87,0,0,0,0,0,26,38,23,0,87,0,0,0,87
02/25/2022,LEX,KY,ASO,CE,Combined TRACON& Tower with Radar,31,41,34,0,106,0,0,8,0,8,31,41,42,0,114,56,0,56,170
02/26/2022,LEX,KY,ASO,CE,Combined TRACON& Tower with Radar,21,30,37,2,90,0,6,87,2,95,21,36,124,4,185,78,0,78,263
02/27/2022,LEX,KY,ASO,CE,Combined TRACON& Tower with Radar,24,37,54,6,121,0,2,123,0,125,24,39,177,6,246,20,0,20,266
02/28/2022,LEX,KY,ASO,CE,Combined TRACON& Tower with Radar,29,35,61,2,127,0,2,118,0,120,29,37,179,2,247,74,0,74,321
03/01/2022,LEX,KY,ASO,CE,Combined TRACON& Tower with Radar,25,44,70,1,140,0,0,94,1,95,25,44,164,2,235,26,0,26,261
03/02/2022,LEX,KY,ASO,CE,Combined TRACON& Tower with Radar,26,37,45,0,108,0,5,112,0,117,26,42,157,0,225,74,0,74,299
03/03/2022,LEX,KY,ASO,CE,Combined TRACON& Tower with Radar,30,34,66,5,135,0,4,114,2,120,30,38,180,7,255,74,0,74,329
03/04/2022,LEX,KY,ASO,CE,Combined TRACON& Tower with Radar,35,35,63,0,133,0,4,127,0,131,35,39,190,0,264,41,0,41,305
03/05/2022,LEX,KY,ASO,CE,Combined TRACON& Tower with Radar,23,31,30,0,84,0,8,60,0,68,23,39,90,0,152,0,0,0,152
03/06/2022,LEX,KY,ASO,CE,Combined TRACON& Tower with Radar,29,41,22,2,94,0,0,1,0,1,29,41,23,2,95,0,0,0,95
03/07/2022,LEX,KY,ASO,CE,Combined TRACON& Tower with Radar,34,34,16,0,84,0,0,2,0,2,34,34,18,0,86,0,0,0,86
03/08/2022,LEX,KY,ASO,CE,Combined TRACON& Tower with Radar,29,28,72,7,136,0,3,63,1,67,29,31,135,8,203,56,14,70,273
03/09/2022,LEX,KY,ASO,CE,Combined TRACON& Tower with Radar,31,36,48,4,119,0,3,55,0,58,31,39,103,4,177,71,0,71,248
03/10/2022,LEX,KY,ASO,CE,Combined TRACON& Tower with Radar,29,42,86,10,167,0,4,142,1,147,29,46,228,11,314,80,0,80,394
03/11/2022,LEX,KY,ASO,CE,Combined TRACON& Tower with Radar,30,46,46,6,128,0,0,83,2,85,30,46,129,8,213,29,24,53,266
03/12/2022,LEX,KY,ASO,CE,Combined TRACON& Tower with Radar,24,23,22,6,75,0,4,11,0,15,24,27,33,6,90,0,0,0,90
03/13/2022,LEX,KY,ASO,CE,Combined TRACON& Tower with Radar,26,39,48,1,114,0,8,41,5,54,26,47,89,6,168,0,8,8,176
03/14/2022,LEX,KY,ASO,CE,Combined TRACON& Tower with Radar,32,33,55,5,125,0,0,84,3,87,32,33,139,8,212,60,0,60,272
03/15/2022,LEX,KY,ASO,CE,Combined TRACON& Tower with Radar,27,33,89,0,149,0,2,87,0,89,27,35,176,0,238,108,0,108,346
03/16/2022,LEX,KY,ASO,CE,Combined TRACON& Tower with Radar,27,32,85,6,150,0,4,72,3,79,27,36,157,9,229,59,0,59,288
03/17/2022,LEX,KY,ASO,CE,Combined TRACON& Tower with Radar,31,36,90,6,163,0,4,90,1,95,31,40,180,7,258,36,0,36,294
03/18/2022,LEX,KY,ASO,CE,Combined TRACON& Tower with Radar,30,32,46,0,108,0,2,26,3,31,30,34,72,3,139,0,0,0,139
03/19/2022,LEX,KY,ASO,CE,Combined TRACON& Tower with Radar,25,31,29,13,98,0,2,4,0,6,25,33,33,13,104,0,0,0,104
03/20/2022,LEX,KY,ASO,CE,Combined TRACON& Tower with Radar,34,29,68,0,131,0,3,102,2,107,34,32,170,2,238,24,0,24,262
03/21/2022,LEX,KY,ASO,CE,Combined TRACON& Tower with Radar,34,39,71,0,144,0,10,102,4,116,34,49,173,4,260,62,0,62,322
03/22/2022,LEX,KY,ASO,CE,Combined TRACON& Tower with Radar,29,33,48,2,112,0,0,44,2,46,29,33,92,4,158,14,0,14,172
03/23/2022,LEX,KY,ASO,CE,Combined TRACON& Tower with Radar,31,32,29,0,92,0,0,12,0,12,31,32,41,0,104,0,0,0,104
03/24/2022,LEX,KY,ASO,CE,Combined TRACON& Tower with Radar,31,36,74,4,145,0,0,50,3,53,31,36,124,7,198,10,0,10,208
03/25/2022,LEX,KY,ASO,CE,Combined TRACON& Tower with Radar,31,29,62,2,124,0,1,33,3,37,31,30,95,5,161,36,0,36,197
03/26/2022,LEX,KY,ASO,CE,Combined TRACON& Tower with Radar,30,30,32,0,92,0,2,16,0,18,30,32,48,0,110,0,0,0,110
03/27/2022,LEX,KY,ASO,CE,Combined TRACON& Tower with Radar,30,38,44,5,117,0,7,63,1,71,30,45,107,6,188,16,0,16,204
03/28/2022,LEX,KY,ASO,CE,Combined TRACON& Tower with Radar,32,32,54,0,118,0,2,85,0,87,32,34,139,0,205,42,0,42,247
03/29/2022,LEX,KY,ASO,CE,Combined TRACON& Tower with Radar,30,22,69,3,124,0,2,65,4,71,30,24,134,7,195,25,0,25,220
03/30/2022,LEX,KY,ASO,CE,Combined TRACON& Tower with Radar,29,29,38,0,96,0,3,9,0,12,29,32,47,0,108,0,0,0,108
03/31/2022,LEX,KY,ASO,CE,Combined TRACON& Tower with Radar,38,39,24,16,117,0,2,8,4,14,38,41,32,20,131,0,0,0,131
04/01/2022,LEX,KY,ASO,CE,Combined TRACON& Tower with Radar,31,32,76,12,151,0,2,47,13,62,31,34,123,25,213,6,18,24,237
04/02/2022,LEX,KY,ASO,CE,Combined TRACON& Tower with Radar,26,31,56,10,123,0,2,82,6,90,26,33,138,16,213,34,0,34,247
04/03/2022,LEX,KY,ASO,CE,Combined TRACON& Tower with Radar,34,44,101,5,184,0,6,104,3,113,34,50,205,8,297,50,0,50,347
04/04/2022,LEX,KY,ASO,CE,Combined TRACON& Tower with Radar,33,31,85,1,150,0,2,77,1,80,33,33,162,2,230,22,0,22,252
04/05/2022,LEX,KY,ASO,CE,Combined TRACON& Tower with Radar,29,37,65,0,131,0,0,11,0,11,29,37,76,0,142,18,0,18,160
04/06/2022,LEX,KY,ASO,CE,Combined TRACON& Tower with Radar,30,36,40,0,106,0,0,0,0,0,30,36,40,0,106,0,0,0,106
04/07/2022,LEX,KY,ASO,CE,Combined TRACON& Tower with Radar,31,37,89,2,159,0,0,52,4,56,31,37,141,6,215,22,0,22,237
04/08/2022,LEX,KY,ASO,CE,Combined TRACON& Tower with Radar,33,38,86,0,157,0,0,9,0,9,33,38,95,0,166,46,0,46,212
04/09/2022,LEX,KY,ASO,CE,Combined TRACON& Tower with Radar,26,40,46,0,112,0,0,12,0,12,26,40,58,0,124,12,0,12,136
04/10/2022,LEX,KY,ASO,CE,Combined TRACON& Tower with Radar,34,44,134,0,212,0,2,118,2,122,34,46,252,2,334,54,0,54,388
04/11/2022,LEX,KY,ASO,CE,Combined TRACON& Tower with Radar,39,34,43,0,116,0,0,10,0,10,39,34,53,0,126,28,0,28,154
04/12/2022,LEX,KY,ASO,CE,Combined TRACON& Tower with Radar,30,28,81,0,139,0,3,14,1,18,30,31,95,1,157,20,0,20,177
04/13/2022,LEX,KY,ASO,CE,Combined TRACON& Tower with Radar,30,38,58,5,131,0,0,22,6,28,30,38,80,11,159,0,0,0,159
04/14/2022,LEX,KY,ASO,CE,Combined TRACON& Tower with Radar,41,39,92,6,178,0,2,75,2,79,41,41,167,8,257,52,6,58,315
04/15/2022,LEX,KY,ASO,CE,Combined TRACON& Tower with Radar,41,40,78,6,165,0,1,76,1,78,41,41,154,7,243,22,0,22,265
04/16/2022,LEX,KY,ASO,CE,Combined TRACON& Tower with Radar,28,25,58,0,111,0,7,50,0,57,28,32,108,0,168,46,0,46,214
04/17/2022,LEX,KY,ASO,CE,Combined TRACON& Tower with Radar,38,33,48,0,119,0,4,46,0,50,38,37,94,0,169,52,0,52,221
04/18/2022,LEX,KY,ASO,CE,Combined TRACON& Tower with Radar,44,38,49,2,133,0,0,15,0,15,44,38,64,2,148,24,0,24,172
04/19/2022,LEX,KY,ASO,CE,Combined TRACON& Tower with Radar,33,27,83,1,144,0,2,95,1,98,33,29,178,2,242,62,0,62,304
04/20/2022,LEX,KY,ASO,CE,Combined TRACON& Tower with Radar,33,30,113,8,184,0,3,104,2,109,33,33,217,10,293,10,0,10,303
04/21/2022,LEX,KY,ASO,CE,Combined TRACON& Tower with Radar,41,50,90,1,182,0,2,24,1,27,41,52,114,2,209,64,0,64,273
04/22/2022,LEX,KY,ASO,CE,Combined TRACON& Tower with Radar,43,40,101,2,186,0,4,109,0,113,43,44,210,2,299,44,0,44,343
04/23/2022,LEX,KY,ASO,CE,Combined TRACON& Tower with Radar,28,37,65,0,130,0,6,58,0,64,28,43,123,0,194,36,0,36,230
04/24/2022,LEX,KY,ASO,CE,Combined TRACON& Tower with Radar,34,40,89,2,165,0,5,61,0,66,34,45,150,2,231,8,0,8,239
04/25/2022,LEX,KY,ASO,CE,Combined TRACON& Tower with Radar,38,32,35,0,105,0,3,30,0,33,38,35,65,0,138,26,0,26,164
04/26/2022,LEX,KY,ASO,CE,Combined TRACON& Tower with Radar,36,36,83,1,156,0,2,98,1,101,36,38,181,2,257,70,0,70,327
04/27/2022,LEX,KY,ASO,CE,Combined TRACON& Tower with Radar,34,49,91,0,174,0,7,120,0,127,34,56,211,0,301,70,0,70,371
04/28/2022,LEX,KY,ASO,CE,Combined TRACON& Tower with Radar,37,46,100,2,185,0,4,115,0,119,37,50,215,2,304,58,0,58,362
04/29/2022,LEX,KY,ASO,CE,Combined TRACON& Tower with Radar,39,34,69,0,142,0,0,80,2,82,39,34,149,2,224,52,0,52,276
04/30/2022,LEX,KY,ASO,CE,Combined TRACON& Tower with Radar,28,33,45,0,106,0,2,50,0,52,28,35,95,0,158,22,0,22,180
05/01/2022,LEX,KY,ASO,CE,Combined TRACON& Tower with Radar,37,49,62,0,148,0,11,25,1,37,37,60,87,1,185,10,0,10,195
05/02/2022,LEX,KY,ASO,CE,Combined TRACON& Tower with Radar,39,33,78,0,150,0,1,79,2,82,39,34,157,2,232,16,0,16,248
05/03/2022,LEX,KY,ASO,CE,Combined TRACON& Tower with Radar,28,36,22,2,88,0,3,10,0,13,28,39,32,2,101,0,0,0,101
05/04/2022,LEX,KY,ASO,CE,Combined TRACON& Tower with Radar,32,48,128,4,212,0,6,42,2,50,32,54,170,6,262,108,0,108,370
05/05/2022,LEX,KY,ASO,CE,Combined TRACON& Tower with Radar,41,54,119,2,216,0,2,73,1,76,41,56,192,3,292,32,0,32,324
05/06/2022,LEX,KY,ASO,CE,Combined TRACON& Tower with Radar,41,46,92,0,179,0,1,4,0,5,41,47,96,0,184,4,0,4,188
05/07/2022,LEX,KY,ASO,CE,Combined TRACON& Tower with Radar,33,34,48,0,115,0,3,0,0,3,33,37,48,0,118,0,0,0,118
05/08/2022,LEX,KY,ASO,CE,Combined TRACON& Tower with Radar,43,77,118,0,238,0,9,77,2,88,43,86,195,2,326,0,0,0,326
05/09/2022,LEX,KY,ASO,CE,Combined TRACON& Tower with Radar,39,35,93,11,178,0,10,113,1,124,39,45,206,12,302,106,0,106,408
05/10/2022,LEX,KY,ASO,CE,Combined TRACON& Tower with Radar,29,32,74,2,137,0,6,116,0,122,29,38,190,2,259,54,0,54,313
05/11/2022,LEX,KY,ASO,CE,Combined TRACON& Tower with Radar,35,30,87,2,154,0,3,67,0,70,35,33,154,2,224,42,0,42,266
05/12/2022,LEX,KY,ASO,CE,Combined TRACON& Tower with Radar,40,41,96,2,179,0,6,81,2,89,40,47,177,4,268,26,0,26,294
05/13/2022,LEX,KY,ASO,CE,Combined TRACON& Tower with Radar,40,35,62,5,142,0,5,82,1,88,40,40,144,6,230,42,0,42,272
05/14/2022,LEX,KY,ASO,CE,Combined TRACON& Tower with Radar,29,27,37,2,95,0,3,33,2,38,29,30,70,4,133,10,0,10,143
05/15/2022,LEX,KY,ASO,CE,Combined TRACON& Tower with Radar,37,43,59,5,144,0,4,59,5,68,37,47,118,10,212,54,4,58,270
05/16/2022,LEX,KY,ASO,CE,Combined TRACON& Tower with Radar,40,25,52,0,117,0,1,49,0,50,40,26,101,0,167,62,0,62,229
05/17/2022,LEX,KY,ASO,CE,Combined TRACON& Tower with Radar,32,28,79,1,140,0,6,95,5,106,32,34,174,6,246,42,0,42,288
05/18/2022,LEX,KY,ASO,CE,Combined TRACON& Tower with Radar,31,45,72,0,148,0,2,46,0,48,31,47,118,0,196,0,0,0,196
05/19/2022,LEX,KY,ASO,CE,Combined TRACON& Tower with Radar,39,36,64,1,140,0,2,42,2,46,39,38,106,3,186,48,0,48,234
05/20/2022,LEX,KY,ASO,CE,Combined TRACON& Tower with Radar,36,32,51,1,120,0,4,47,0,51,36,36,98,1,171,6,0,6,177
05/21/2022,LEX,KY,ASO,CE,Combined TRACON& Tower with Radar,37,24,49,0,110,0,2,49,0,51,37,26,98,0,161,0,0,0,161
05/22/2022,LEX,KY,ASO,CE,Combined TRACON& Tower with Radar,37,34,78,2,151,0,3,10,0,13,37,37,88,2,164,0,0,0,164
05/23/2022,LEX,KY,ASO,CE,Combined TRACON& Tower with Radar,39,28,74,0,141,0,4,29,2,35,39,32,103,2,176,72,0,72,248
05/24/2022,LEX,KY,ASO,CE,Combined TRACON& Tower with Radar,29,30,92,4,155,0,4,33,0,37,29,34,125,4,192,82,0,82,274
05/25/2022,LEX,KY,ASO,CE,Combined TRACON& Tower with Radar,29,27,63,0,119,0,6,39,2,47,29,33,102,2,166,16,0,16,182
05/26/2022,LEX,KY,ASO,CE,Combined TRACON& Tower with Radar,38,43,32,0,113,0,1,3,0,4,38,44,35,0,117,20,0,20,137
05/27/2022,LEX,KY,ASO,CE,Combined TRACON& Tower with Radar,41,41,57,1,140,0,6,20,1,27,41,47,77,2,167,12,8,20,187
05/28/2022,LEX,KY,ASO,CE,Combined TRACON& Tower with Radar,37,17,84,0,138,0,3,76,0,79,37,20,160,0,217,38,0,38,255
05/29/2022,LEX,KY,ASO,CE,Combined TRACON& Tower with Radar,34,25,35,0,94,0,4,64,0,68,34,29,99,0,162,66,0,66,228
05/30/2022,LEX,KY,ASO,CE,Combined TRACON& Tower with Radar,40,24,56,1,121,0,2,62,0,64,40,26,118,1,185,68,0,68,253
05/31/2022,LEX,KY,ASO,CE,Combined TRACON& Tower with Radar,32,22,74,5,133,0,4,90,3,97,32,26,164,8,230,38,0,38,268
06/01/2022,LEX,KY,ASO,CE,Combined TRACON& Tower with Radar,34,34,65,5,138,0,0,69,1,70,34,34,134,6,208,79,8,87,295
06/02/2022,LEX,KY,ASO,CE,Combined TRACON& Tower with Radar,42,32,38,1,113,0,2,26,2,30,42,34,64,3,143,15,0,15,158
06/03/2022,LEX,KY,ASO,CE,Combined TRACON& Tower with Radar,40,28,67,0,135,0,12,115,3,130,40,40,182,3,265,50,0,50,315
06/04/2022,LEX,KY,ASO,CE,Combined TRACON& Tower with Radar,40,22,61,22,145,0,10,97,1,108,40,32,158,23,253,74,0,74,327
06/05/2022,LEX,KY,ASO,CE,Combined TRACON& Tower with Radar,42,37,67,4,150,0,8,78,1,87,42,45,145,5,237,14,10,24,261
06/06/2022,LEX,KY,ASO,CE,Combined TRACON& Tower with Radar,45,33,50,7,135,0,0,46,5,51,45,33,96,12,186,14,0,14,200
06/07/2022,LEX,KY,ASO,CE,Combined TRACON& Tower with Radar,29,20,57,0,106,0,2,51,3,56,29,22,108,3,162,46,0,46,208
06/08/2022,LEX,KY,ASO,CE,Combined TRACON& Tower with Radar,36,29,66,0,131,0,4,32,2,38,36,33,98,2,169,30,0,30,199
06/09/2022,LEX,KY,ASO,CE,Combined TRACON& Tower with Radar,45,34,95,1,175,0,3,106,3,112,45,37,201,4,287,72,0,72,359
06/10/2022,LEX,KY,ASO,CE,Combined TRACON& Tower with Radar,38,36,80,3,157,0,1,64,8,73,38,37,144,11,230,122,0,122,352
06/11/2022,LEX,KY,ASO,CE,Combined TRACON& Tower with Radar,43,26,67,0,136,0,10,70,0,80,43,36,137,0,216,82,0,82,298
06/12/2022,LEX,KY,ASO,CE,Combined TRACON& Tower with Radar,41,43,64,0,148,0,4,39,0,43,41,47,103,0,191,34,0,34,225
06/13/2022,LEX,KY,ASO,CE,Combined TRACON& Tower with Radar,40,21,64,0,125,0,2,79,1,82,40,23,143,1,207,72,0,72,279
06/14/2022,LEX,KY,ASO,CE,Combined TRACON& Tower with Radar,32,31,74,2,139,0,5,79,0,84,32,36,153,2,223,22,0,22,245
06/15/2022,LEX,KY,ASO,CE,Combined TRACON& Tower with Radar,36,39,81,0,156,0,1,82,2,85,36,40,163,2,241,70,0,70,311
06/16/2022,LEX,KY,ASO,CE,Combined TRACON& Tower with Radar,41,33,95,7,176,0,5,91,3,99,41,38,186,10,275,26,0,26,301
06/17/2022,LEX,KY,ASO,CE,Combined TRACON& Tower with Radar,35,32,41,5,113,0,0,51,0,51,35,32,92,5,164,10,0,10,174
06/18/2022,LEX,KY,ASO,CE,Combined TRACON& Tower with Radar,38,32,47,0,117,0,10,54,0,64,38,42,101,0,181,4,0,4,185
06/19/2022,LEX,KY,ASO,CE,Combined TRACON& Tower with Radar,46,37,44,2,129,0,7,75,2,84,46,44,119,4,213,14,0,14,227
06/20/2022,LEX,KY,ASO,CE,Combined TRACON& Tower with Radar,38,29,83,0,150,0,5,82,3,90,38,34,165,3,240,74,0,74,314
06/21/2022,LEX,KY,ASO,CE,Combined TRACON& Tower with Radar,36,30,60,2,128,0,6,100,1,107,36,36,160,3,235,22,0,22,257
06/22/2022,LEX,KY,ASO,CE,Combined TRACON& Tower with Radar,37,31,66,4,138,0,13,70,0,83,37,44,136,4,221,42,0,42,263
06/23/2022,LEX,KY,ASO,CE,Combined TRACON& Tower with Radar,43,30,91,5,169,0,10,114,3,127,43,40,205,8,296,92,20,112,408
06/24/2022,LEX,KY,ASO,CE,Combined TRACON& Tower with Radar,41,26,68,22,157,0,5,101,0,106,41,31,169,22,263,18,0,18,281
06/25/2022,LEX,KY,ASO,CE,Combined TRACON& Tower with Radar,35,26,72,30,163,0,9,96,4,109,35,35,168,34,272,60,70,130,402
06/26/2022,LEX,KY,ASO,CE,Combined TRACON& Tower with Radar,42,29,51,7,129,0,6,26,1,33,42,35,77,8,162,12,0,12,174
06/27/2022,LEX,KY,ASO,CE,Combined TRACON& Tower with Radar,39,36,62,4,141,0,2,57,2,61,39,38,119,6,202,54,4,58,260
06/28/2022,LEX,KY,ASO,CE,Combined TRACON& Tower with Radar,35,25,65,2,127,0,10,91,6,107,35,35,156,8,234,36,0,36,270
06/29/2022,LEX,KY,ASO,CE,Combined TRACON& Tower with Radar,36,29,72,12,149,0,9,108,10,127,36,38,180,22,276,28,10,38,314
06/30/2022,LEX,KY,ASO,CE,Combined TRACON& Tower with Radar,40,42,76,0,158,0,4,91,2,97,40,46,167,2,255,54,0,54,309
07/01/2022,LEX,KY,ASO,CE,Combined TRACON& Tower with Radar,40,27,53,2,122,0,8,61,2,71,40,35,114,4,193,12,0,12,205
07/02/2022,LEX,KY,ASO,CE,Combined TRACON& Tower with Radar,35,27,33,0,95,0,2,39,0,41,35,29,72,0,136,84,0,84,220
07/03/2022,LEX,KY,ASO,CE,Combined TRACON& Tower with Radar,33,32,34,4,103,0,1,27,0,28,33,33,61,4,131,14,0,14,145
07/04/2022,LEX,KY,ASO,CE,Combined TRACON& Tower with Radar,38,29,31,2,100,0,9,49,2,60,38,38,80,4,160,54,0,54,214
07/05/2022,LEX,KY,ASO,CE,Combined TRACON& Tower with Radar,34,29,62,0,125,0,8,35,3,46,34,37,97,3,171,20,0,20,191
07/06/2022,LEX,KY,ASO,CE,Combined TRACON& Tower with Radar,37,33,36,1,107,0,7,50,4,61,37,40,86,5,168,30,0,30,198
07/07/2022,LEX,KY,ASO,CE,Combined TRACON& Tower with Radar,39,30,60,1,130,0,0,16,0,16,39,30,76,1,146,31,0,31,177
07/08/2022,LEX,KY,ASO,CE,Combined TRACON& Tower with Radar,38,23,45,7,113,0,1,11,0,12,38,24,56,7,125,30,0,30,155
07/09/2022,LEX,KY,ASO,CE,Combined TRACON& Tower with Radar,39,21,31,0,91,0,0,1,0,1,39,21,32,0,92,0,0,0,92
07/10/2022,LEX,KY,ASO,CE,Combined TRACON& Tower with Radar,43,39,99,10,191,0,11,71,2,84,43,50,170,12,275,22,0,22,297
07/11/2022,LEX,KY,ASO,CE,Combined TRACON& Tower with Radar,32,29,78,4,143,0,1,59,0,60,32,30,137,4,203,36,0,36,239
07/12/2022,LEX,KY,ASO,CE,Combined TRACON& Tower with Radar,29,41,77,4,151,0,4,82,0,86,29,45,159,4,237,36,0,36,273
07/13/2022,LEX,KY,ASO,CE,Combined TRACON& Tower with Radar,34,34,94,2,164,0,1,105,6,112,34,35,199,8,276,41,0,41,317
07/14/2022,LEX,KY,ASO,CE,Combined TRACON& Tower with Radar,43,38,90,2,173,0,4,83,3,90,43,42,173,5,263,21,0,21,284
07/15/2022,LEX,KY,ASO,CE,Combined TRACON& Tower with Radar,42,31,87,8,168,0,5,93,0,98,42,36,180,8,266,62,0,62,328
07/16/2022,LEX,KY,ASO,CE,Combined TRACON& Tower with Radar,37,21,48,0,106,0,1,57,0,58,37,22,105,0,164,26,0,26,190
07/17/2022,LEX,KY,ASO,CE,Combined TRACON& Tower with Radar,41,36,43,0,120,0,2,21,0,23,41,38,64,0,143,8,0,8,151
07/18/2022,LEX,KY,ASO,CE,Combined TRACON& Tower with Radar,34,29,70,0,133,0,3,19,0,22,34,32,89,0,155,42,0,42,197
07/19/2022,LEX,KY,ASO,CE,Combined TRACON& Tower with Radar,31,35,75,4,145,0,8,65,2,75,31,43,140,6,220,58,0,58,278
07/20/2022,LEX,KY,ASO,CE,Combined TRACON& Tower with Radar,36,29,82,0,147,0,5,54,0,59,36,34,136,0,206,20,0,20,226
07/21/2022,LEX,KY,ASO,CE,Combined TRACON& Tower with Radar,39,35,80,0,154,0,4,77,0,81,39,39,157,0,235,22,0,22,257
07/22/2022,LEX,KY,ASO,CE,Combined TRACON& Tower with Radar,39,36,68,10,153,0,7,69,0,76,39,43,137,10,229,24,8,32,261
07/23/2022,LEX,KY,ASO,CE,Combined TRACON& Tower with Radar,44,26,53,23,146,0,6,59,2,67,44,32,112,25,213,14,32,46,259
07/24/2022,LEX,KY,ASO,CE,Combined TRACON& Tower with Radar,45,45,72,0,162,0,14,52,1,67,45,59,124,1,229,33,0,33,262
07/25/2022,LEX,KY,ASO,CE,Combined TRACON& Tower with Radar,37,23,59,3,122,0,0,13,3,16,37,23,72,6,138,46,0,46,184
07/26/2022,LEX,KY,ASO,CE,Combined TRACON& Tower with Radar,35,22,23,2,82,0,0,6,0,6,35,22,29,2,88,28,0,28,116
07/27/2022,LEX,KY,ASO,CE,Combined TRACON& Tower with Radar,33,33,50,0,116,0,1,43,1,45,33,34,93,1,161,32,0,32,193
07/28/2022,LEX,KY,ASO,CE,Combined TRACON& Tower with Radar,40,36,72,1,149,0,2,25,2,29,40,38,97,3,178,0,0,0,178
07/29/2022,LEX,KY,ASO,CE,Combined TRACON& Tower with Radar,39,30,70,9,148,0,2,31,0,33,39,32,101,9,181,40,0,40,221
07/30/2022,LEX,KY,ASO,CE,Combined TRACON& Tower with Radar,39,27,65,0,131,0,9,76,0,85,39,36,141,0,216,38,0,38,254
07/31/2022,LEX,KY,ASO,CE,Combined TRACON& Tower with Radar,42,32,55,2,131,0,1,11,0,12,42,33,66,2,143,0,0,0,143
08/01/2022,LEX,KY,ASO,CE,Combined TRACON& Tower with Radar,41,31,65,0,137,0,2,26,2,30,41,33,91,2,167,12,0,12,179
08/02/2022,LEX,KY,ASO,CE,Combined TRACON& Tower with Radar,38,24,82,1,145,0,7,73,2,82,38,31,155,3,227,8,0,8,235
08/03/2022,LEX,KY,ASO,CE,Combined TRACON& Tower with Radar,29,39,104,3,175,0,5,98,2,105,29,44,202,5,280,86,0,86,366
08/04/2022,LEX,KY,ASO,CE,Combined TRACON& Tower with Radar,45,29,77,0,151,0,3,46,0,49,45,32,123,0,200,48,0,48,248
08/05/2022,LEX,KY,ASO,CE,Combined TRACON& Tower with Radar,45,28,47,4,124,0,2,15,0,17,45,30,62,4,141,0,0,0,141
08/06/2022,LEX,KY,ASO,CE,Combined TRACON& Tower with Radar,36,30,45,7,118,0,3,14,0,17,36,33,59,7,135,0,0,0,135
08/07/2022,LEX,KY,ASO,CE,Combined TRACON& Tower with Radar,39,48,65,2,154,0,7,43,4,54,39,55,108,6,208,42,0,42,250
08/08/2022,LEX,KY,ASO,CE,Combined TRACON& Tower with Radar,43,46,43,7,139,0,9,27,1,37,43,55,70,8,176,70,24,94,270
08/09/2022,LEX,KY,ASO,CE,Combined TRACON& Tower with Radar,31,43,74,14,162,0,6,80,3,89,31,49,154,17,251,88,0,88,339
08/10/2022,LEX,KY,ASO,CE,Combined TRACON& Tower with Radar,37,35,82,2,156,0,0,9,1,10,37,35,91,3,166,0,0,0,166
08/11/2022,LEX,KY,ASO,CE,Combined TRACON& Tower with Radar,44,38,92,18,192,0,14,89,4,107,44,52,181,22,299,82,0,82,381
08/12/2022,LEX,KY,ASO,CE,Combined TRACON& Tower with Radar,37,33,84,5,159,0,2,96,0,98,37,35,180,5,257,102,0,102,359
08/13/2022,LEX,KY,ASO,CE,Combined TRACON& Tower with Radar,40,32,63,4,139,0,8,82,1,91,40,40,145,5,230,8,0,8,238
08/14/2022,LEX,KY,ASO,CE,Combined TRACON& Tower with Radar,42,42,73,2,159,0,0,53,0,53,42,42,126,2,212,84,0,84,296
08/15/2022,LEX,KY,ASO,CE,Combined TRACON& Tower with Radar,37,38,81,1,157,0,2,21,1,24,37,40,102,2,181,26,0,26,207
08/16/2022,LEX,KY,ASO,CE,Combined TRACON& Tower with Radar,44,31,93,2,170,0,8,99,0,107,44,39,192,2,277,103,0,103,380
08/17/2022,LEX,KY,ASO,CE,Combined TRACON& Tower with Radar,33,31,95,2,161,0,4,66,1,71,33,35,161,3,232,36,0,36,268
08/18/2022,LEX,KY,ASO,CE,Combined TRACON& Tower with Radar,40,40,115,1,196,0,9,100,5,114,40,49,215,6,310,76,0,76,386
08/19/2022,LEX,KY,ASO,CE,Combined TRACON& Tower with Radar,34,40,102,5,181,0,1,93,0,94,34,41,195,5,275,84,0,84,359
08/20/2022,LEX,KY,ASO,CE,Combined TRACON& Tower with Radar,27,37,47,9,120,0,5,38,0,43,27,42,85,9,163,30,0,30,193
08/21/2022,LEX,KY,ASO,CE,Combined TRACON& Tower with Radar,38,36,49,8,131,0,4,8,0,12,38,40,57,8,143,0,0,0,143
08/22/2022,LEX,KY,ASO,CE,Combined TRACON& Tower with Radar,41,31,65,2,139,0,2,42,2,46,41,33,107,4,185,60,0,60,245
08/23/2022,LEX,KY,ASO,CE,Combined TRACON& Tower with Radar,35,44,96,4,179,0,10,87,6,103,35,54,183,10,282,156,18,174,456
08/24/2022,LEX,KY,ASO,CE,Combined TRACON& Tower with Radar,37,29,96,0,162,0,8,120,2,130,37,37,216,2,292,70,24,94,386
08/25/2022,LEX,KY,ASO,CE,Combined TRACON& Tower with Radar,40,34,96,7,177,0,3,104,2,109,40,37,200,9,286,141,0,141,427
08/26/2022,LEX,KY,ASO,CE,Combined TRACON& Tower with Radar,36,23,78,29,166,0,6,80,1,87,36,29,158,30,253,24,14,38,291
08/27/2022,LEX,KY,ASO,CE,Combined TRACON& Tower with Radar,32,20,57,1,110,0,6,86,2,94,32,26,143,3,204,58,0,58,262
08/28/2022,LEX,KY,ASO,CE,Combined TRACON& Tower with Radar,38,30,85,0,153,0,10,65,5,80,38,40,150,5,233,22,0,22,255
08/29/2022,LEX,KY,ASO,CE,Combined TRACON& Tower with Radar,34,34,47,0,115,0,2,22,1,25,34,36,69,1,140,36,0,36,176
08/30/2022,LEX,KY,ASO,CE,Combined TRACON& Tower with Radar,29,28,81,1,139,0,0,32,2,34,29,28,113,3,173,42,0,42,215
08/31/2022,LEX,KY,ASO,CE,Combined TRACON& Tower with Radar,32,30,90,8,160,0,7,111,2,120,32,37,201,10,280,70,6,76,356
09/01/2022,LEX,KY,ASO,CE,Combined TRACON& Tower with Radar,39,35,89,2,165,0,5,90,2,97,39,40,179,4,262,128,0,128,390
09/02/2022,LEX,KY,ASO,CE,Combined TRACON& Tower with Radar,38,36,86,26,186,0,5,91,2,98,38,41,177,28,284,72,0,72,356
09/03/2022,LEX,KY,ASO,CE,Combined TRACON& Tower with Radar,25,15,25,2,67,0,3,19,0,22,25,18,44,2,89,32,0,32,121
09/04/2022,LEX,KY,ASO,CE,Combined TRACON& Tower with Radar,32,15,38,0,85,0,2,16,0,18,32,17,54,0,103,45,0,45,148
09/05/2022,LEX,KY,ASO,CE,Combined TRACON& Tower with Radar,33,28,58,0,119,0,0,13,0,13,33,28,71,0,132,50,0,50,182
09/06/2022,LEX,KY,ASO,CE,Combined TRACON& Tower with Radar,35,23,68,18,144,0,2,17,2,21,35,25,85,20,165,62,0,62,227
09/07/2022,LEX,KY,ASO,CE,Combined TRACON& Tower with Radar,26,33,77,6,142,0,4,82,0,86,26,37,159,6,228,50,0,50,278
09/08/2022,LEX,KY,ASO,CE,Combined TRACON& Tower with Radar,35,50,85,0,170,0,8,112,0,120,35,58,197,0,290,59,0,59,349
09/09/2022,LEX,KY,ASO,CE,Combined TRACON& Tower with Radar,36,39,89,1,165,0,9,98,0,107,36,48,187,1,272,70,0,70,342
09/10/2022,LEX,KY,ASO,CE,Combined TRACON& Tower with Radar,20,36,79,0,135,0,9,53,0,62,20,45,132,0,197,14,0,14,211
09/11/2022,LEX,KY,ASO,CE,Combined TRACON& Tower with Radar,37,43,61,2,143,0,0,4,0,4,37,43,65,2,147,6,0,6,153
09/12/2022,LEX,KY,ASO,CE,Combined TRACON& Tower with Radar,38,56,107,6,207,0,5,66,1,72,38,61,173,7,279,58,0,58,337
09/13/2022,LEX,KY,ASO,CE,Combined TRACON& Tower with Radar,32,40,125,7,204,0,7,70,4,81,32,47,195,11,285,66,0,66,351
09/14/2022,LEX,KY,ASO,CE,Combined TRACON& Tower with Radar,26,46,114,4,190,0,4,86,2,92,26,50,200,6,282,26,0,26,308
09/15/2022,LEX,KY,ASO,CE,Combined TRACON& Tower with Radar,40,49,96,2,187,0,8,78,2,88,40,57,174,4,275,102,0,102,377
09/16/2022,LEX,KY,ASO,CE,Combined TRACON& Tower with Radar,39,36,120,15,210,0,11,83,0,94,39,47,203,15,304,38,0,38,342
09/17/2022,LEX,KY,ASO,CE,Combined TRACON& Tower with Radar,26,37,73,28,164,0,15,80,4,99,26,52,153,32,263,36,6,42,305
09/18/2022,LEX,KY,ASO,CE,Combined TRACON& Tower with Radar,41,44,106,13,204,0,11,74,2,87,41,55,180,15,291,97,0,97,388
09/19/2022,LEX,KY,ASO,CE,Combined TRACON& Tower with Radar,37,36,76,0,149,0,8,57,0,65,37,44,133,0,214,22,0,22,236
09/20/2022,LEX,KY,ASO,CE,Combined TRACON& Tower with Radar,30,36,117,2,185,0,7,130,6,143,30,43,247,8,328,108,38,146,474
09/21/2022,LEX,KY,ASO,CE,Combined TRACON& Tower with Radar,29,37,92,6,164,0,1,85,0,86,29,38,177,6,250,72,0,72,322
09/22/2022,LEX,KY,ASO,CE,Combined TRACON& Tower with Radar,41,40,72,5,158,0,10,59,0,69,41,50,131,5,227,38,0,38,265
09/23/2022,LEX,KY,ASO,CE,Combined TRACON& Tower with Radar,37,34,91,0,162,0,7,95,6,108,37,41,186,6,270,54,0,54,324
09/24/2022,LEX,KY,ASO,CE,Combined TRACON& Tower with Radar,22,54,66,8,150,0,12,58,3,73,22,66,124,11,223,0,0,0,223
09/25/2022,LEX,KY,ASO,CE,Combined TRACON& Tower with Radar,37,50,47,1,135,0,5,27,5,37,37,55,74,6,172,20,0,20,192
09/26/2022,LEX,KY,ASO,CE,Combined TRACON& Tower with Radar,38,36,73,2,149,0,6,57,0,63,38,42,130,2,212,68,0,68,280
09/27/2022,LEX,KY,ASO,CE,Combined TRACON& Tower with Radar,28,29,67,8,132,0,3,74,0,77,28,32,141,8,209,108,0,108,317
09/28/2022,LEX,KY,ASO,CE,Combined TRACON& Tower with Radar,27,37,111,6,181,0,5,45,2,52,27,42,156,8,233,61,6,67,300
09/29/2022,LEX,KY,ASO,CE,Combined TRACON& Tower with Radar,35,36,82,5,158,0,5,65,1,71,35,41,147,6,229,112,0,112,341
09/30/2022,LEX,KY,ASO,CE,Combined TRACON& Tower with Radar,43,37,106,0,186,0,10,71,0,81,43,47,177,0,267,14,0,14,281
10/01/2022,LEX,KY,ASO,CE,Combined TRACON& Tower with Radar,30,41,52,2,125,0,6,60,0,66,30,47,112,2,191,0,0,0,191
10/02/2022,LEX,KY,ASO,CE,Combined TRACON& Tower with Radar,42,48,85,0,175,0,3,37,1,41,42,51,122,1,216,18,0,18,234
10/03/2022,LEX,KY,ASO,CE,Combined TRACON& Tower with Radar,42,32,81,9,164,0,4,69,1,74,42,36,150,10,238,26,0,26,264
10/04/2022,LEX,KY,ASO,CE,Combined TRACON& Tower with Radar,30,37,80,4,151,0,4,98,4,106,30,41,178,8,257,100,0,100,357
10/05/2022,LEX,KY,ASO,CE,Combined TRACON& Tower with Radar,27,37,89,7,160,0,9,91,4,104,27,46,180,11,264,72,10,82,346
10/06/2022,LEX,KY,ASO,CE,Combined TRACON& Tower with Radar,41,42,89,2,174,0,5,80,1,86,41,47,169,3,260,70,0,70,330
10/07/2022,LEX,KY,ASO,CE,Combined TRACON& Tower with Radar,44,48,123,2,217,0,5,107,1,113,44,53,230,3,330,38,0,38,368
10/08/2022,LEX,KY,ASO,CE,Combined TRACON& Tower with Radar,40,42,114,0,196,0,7,89,1,97,40,49,203,1,293,100,0,100,393
10/09/2022,LEX,KY,ASO,CE,Combined TRACON& Tower with Radar,40,65,111,1,217,0,12,90,2,104,40,77,201,3,321,16,0,16,337
10/10/2022,LEX,KY,ASO,CE,Combined TRACON& Tower with Radar,36,29,68,0,133,0,4,66,0,70,36,33,134,0,203,36,0,36,239
10/11/2022,LEX,KY,ASO,CE,Combined TRACON& Tower with Radar,34,33,95,1,163,0,11,89,3,103,34,44,184,4,266,68,0,68,334
10/12/2022,LEX,KY,ASO,CE,Combined TRACON& Tower with Radar,32,34,74,0,140,0,1,33,4,38,32,35,107,4,178,0,0,0,178
10/13/2022,LEX,KY,ASO,CE,Combined TRACON& Tower with Radar,39,36,87,8,170,0,1,90,8,99,39,37,177,16,269,26,0,26,295
10/14/2022,LEX,KY,ASO,CE,Combined TRACON& Tower with Radar,40,29,86,0,155,0,2,72,0,74,40,31,158,0,229,0,0,0,229
10/15/2022,LEX,KY,ASO,CE,Combined TRACON& Tower with Radar,34,28,81,0,143,0,9,70,2,81,34,37,151,2,224,36,0,36,260
10/16/2022,LEX,KY,ASO,CE,Combined TRACON& Tower with Radar,41,37,119,0,197,0,7,61,0,68,41,44,180,0,265,40,0,40,305
10/17/2022,LEX,KY,ASO,CE,Combined TRACON& Tower with Radar,33,34,85,5,157,0,6,42,0,48,33,40,127,5,205,0,0,0,205
10/18/2022,LEX,KY,ASO,CE,Combined TRACON& Tower with Radar,38,19,43,7,107,0,5,11,0,16,38,24,54,7,123,32,0,32,155
10/19/2022,LEX,KY,ASO,CE,Combined TRACON& Tower with Radar,35,41,102,9,187,0,7,48,3,58,35,48,150,12,245,108,46,154,399
10/20/2022,LEX,KY,ASO,CE,Combined TRACON& Tower with Radar,42,52,85,4,183,0,5,74,2,81,42,57,159,6,264,6,0,6,270
10/21/2022,LEX,KY,ASO,CE,Combined TRACON& Tower with Radar,36,43,85,12,176,0,13,83,2,98,36,56,168,14,274,60,0,60,334
10/22/2022,LEX,KY,ASO,CE,Combined TRACON& Tower with Radar,28,30,73,26,157,0,13,73,4,90,28,43,146,30,247,76,10,86,333
10/23/2022,LEX,KY,ASO,CE,Combined TRACON& Tower with Radar,40,45,79,7,171,0,3,76,3,82,40,48,155,10,253,46,0,46,299
10/24/2022,LEX,KY,ASO,CE,Combined TRACON& Tower with Radar,33,30,84,2,149,0,10,79,0,89,33,40,163,2,238,72,0,72,310
10/25/2022,LEX,KY,ASO,CE,Combined TRACON& Tower with Radar,29,30,86,0,145,0,7,53,4,64,29,37,139,4,209,30,0,30,239
10/26/2022,LEX,KY,ASO,CE,Combined TRACON& Tower with Radar,36,41,66,1,144,0,2,7,1,10,36,43,73,2,154,24,0,24,178
10/27/2022,LEX,KY,ASO,CE,Combined TRACON& Tower with Radar,42,42,130,7,221,0,10,108,1,119,42,52,238,8,340,77,0,77,417
10/28/2022,LEX,KY,ASO,CE,Combined TRACON& Tower with Radar,35,37,102,3,177,0,4,112,2,118,35,41,214,5,295,76,0,76,371
10/29/2022,LEX,KY,ASO,CE,Combined TRACON& Tower with Radar,24,36,57,0,117,0,2,79,3,84,24,38,136,3,201,44,0,44,245
10/30/2022,LEX,KY,ASO,CE,Combined TRACON& Tower with Radar,31,39,59,0,129,0,4,15,2,21,31,43,74,2,150,16,0,16,166
10/31/2022,LEX,KY,ASO,CE,Combined TRACON& Tower with Radar,23,27,78,8,136,0,2,6,0,8,23,29,84,8,144,46,0,46,190
11/01/2022,LEX,KY,ASO,CE,Combined TRACON& Tower with Radar,32,49,80,4,165,0,5,45,0,50,32,54,125,4,215,20,0,20,235
11/02/2022,LEX,KY,ASO,CE,Combined TRACON& Tower with Radar,32,58,68,0,158,0,4,21,1,26,32,62,89,1,184,0,0,0,184
11/03/2022,LEX,KY,ASO,CE,Combined TRACON& Tower with Radar,56,131,116,1,304,0,4,14,1,19,56,135,130,2,323,0,0,0,323
11/04/2022,LEX,KY,ASO,CE,Combined TRACON& Tower with Radar,36,98,68,0,202,0,7,18,1,26,36,105,86,1,228,0,0,0,228
11/05/2022,LEX,KY,ASO,CE,Combined TRACON& Tower with Radar,37,68,76,1,182,0,2,3,1,6,37,70,79,2,188,0,0,0,188
11/06/2022,LEX,KY,ASO,CE,Combined TRACON& Tower with Radar,60,115,110,0,285,0,6,11,1,18,60,121,121,1,303,12,0,12,315
11/07/2022,LEX,KY,ASO,CE,Combined TRACON& Tower with Radar,34,32,111,0,177,0,6,77,2,85,34,38,188,2,262,54,0,54,316
11/08/2022,LEX,KY,ASO,CE,Combined TRACON& Tower with Radar,34,31,116,7,188,0,11,73,6,90,34,42,189,13,278,96,16,112,390
11/09/2022,LEX,KY,ASO,CE,Combined TRACON& Tower with Radar,37,37,90,2,166,0,4,71,4,79,37,41,161,6,245,90,0,90,335
11/10/2022,LEX,KY,ASO,CE,Combined TRACON& Tower with Radar,41,30,90,4,165,0,1,77,0,78,41,31,167,4,243,103,6,109,352
11/11/2022,LEX,KY,ASO,CE,Combined TRACON& Tower with Radar,41,31,37,0,109,0,0,3,0,3,41,31,40,0,112,0,0,0,112
11/12/2022,LEX,KY,ASO,CE,Combined TRACON& Tower with Radar,39,23,23,0,85,0,0,0,0,0,39,23,23,0,85,0,0,0,85
11/13/2022,LEX,KY,ASO,CE,Combined TRACON& Tower with Radar,49,16,43,0,108,0,2,43,2,47,49,18,86,2,155,72,0,72,227
11/14/2022,LEX,KY,ASO,CE,Combined TRACON& Tower with Radar,37,23,87,2,149,0,9,62,2,73,37,32,149,4,222,82,0,82,304
11/15/2022,LEX,KY,ASO,CE,Combined TRACON& Tower with Radar,36,26,22,4,88,0,1,3,0,4,36,27,25,4,92,0,0,0,92
11/16/2022,LEX,KY,ASO,CE,Combined TRACON& Tower with Radar,44,30,61,4,139,0,2,18,2,22,44,32,79,6,161,24,0,24,185
11/17/2022,LEX,KY,ASO,CE,Combined TRACON& Tower with Radar,41,20,82,0,143,0,5,53,4,62,41,25,135,4,205,144,0,144,349
11/18/2022,LEX,KY,ASO,CE,Combined TRACON& Tower with Radar,47,36,86,2,171,0,5,61,0,66,47,41,147,2,237,50,0,50,287
11/19/2022,LEX,KY,ASO,CE,Combined TRACON& Tower with Radar,46,31,73,1,151,0,9,69,2,80,46,40,142,3,231,34,0,34,265
11/20/2022,LEX,KY,ASO,CE,Combined TRACON& Tower with Radar,44,23,93,0,160,0,5,68,0,73,44,28,161,0,233,80,0,80,313
11/21/2022,LEX,KY,ASO,CE,Combined TRACON& Tower with Radar,39,25,71,5,140,0,9,51,3,63,39,34,122,8,203,26,0,26,229
11/22/2022,LEX,KY,ASO,CE,Combined TRACON& Tower with Radar,40,19,101,2,162,0,4,100,0,104,40,23,201,2,266,48,0,48,314
11/23/2022,LEX,KY,ASO,CE,Combined TRACON& Tower with Radar,55,20,60,2,137,0,3,86,3,92,55,23,146,5,229,49,0,49,278
11/24/2022,LEX,KY,ASO,CE,Combined TRACON& Tower with Radar,23,6,14,0,43,0,3,28,1,32,23,9,42,1,75,0,0,0,75
11/25/2022,LEX,KY,ASO,CE,Combined TRACON& Tower with Radar,33,20,41,0,94,0,0,14,2,16,33,20,55,2,110,30,0,30,140
11/26/2022,LEX,KY,ASO,CE,Combined TRACON& Tower with Radar,42,19,62,0,123,0,4,60,1,65,42,23,122,1,188,34,0,34,222
11/27/2022,LEX,KY,ASO,CE,Combined TRACON& Tower with Radar,41,23,42,0,106,0,5,5,0,10,41,28,47,0,116,0,0,0,116
11/28/2022,LEX,KY,ASO,CE,Combined TRACON& Tower with Radar,45,22,55,0,122,0,0,9,0,9,45,22,64,0,131,22,0,22,153
11/29/2022,LEX,KY,ASO,CE,Combined TRACON& Tower with Radar,35,16,52,14,117,0,0,53,4,57,35,16,105,18,174,57,28,85,259
11/30/2022,LEX,KY,ASO,CE,Combined TRACON& Tower with Radar,34,27,60,2,123,0,4,41,1,46,34,31,101,3,169,56,16,72,241
12/01/2022,LEX,KY,ASO,CE,Combined TRACON& Tower with Radar,36,19,70,0,125,0,5,82,2,89,36,24,152,2,214,141,0,141,355
12/02/2022,LEX,KY,ASO,CE,Combined TRACON& Tower with Radar,33,29,64,3,129,0,0,29,2,31,33,29,93,5,160,18,0,18,178
12/03/2022,LEX,KY,ASO,CE,Combined TRACON& Tower with Radar,30,15,17,0,62,0,8,31,0,39,30,23,48,0,101,0,0,0,101
12/04/2022,LEX,KY,ASO,CE,Combined TRACON& Tower with Radar,34,21,79,0,134,0,11,72,0,83,34,32,151,0,217,36,0,36,253
12/05/2022,LEX,KY,ASO,CE,Combined TRACON& Tower with Radar,31,24,62,4,121,0,5,41,0,46,31,29,103,4,167,46,0,46,213
12/06/2022,LEX,KY,ASO,CE,Combined TRACON& Tower with Radar,35,32,39,6,112,0,0,2,0,2,35,32,41,6,114,2,0,2,116
12/07/2022,LEX,KY,ASO,CE,Combined TRACON& Tower with Radar,43,28,55,2,128,0,1,0,0,1,43,29,55,2,129,0,0,0,129
12/08/2022,LEX,KY,ASO,CE,Combined TRACON& Tower with Radar,36,30,34,0,100,0,0,0,0,0,36,30,34,0,100,0,0,0,100
12/09/2022,LEX,KY,ASO,CE,Combined TRACON& Tower with Radar,36,33,55,0,124,0,0,0,0,0,36,33,55,0,124,0,0,0,124
12/10/2022,LEX,KY,ASO,CE,Combined TRACON& Tower with Radar,29,20,33,0,82,0,0,1,0,1,29,20,34,0,83,0,0,0,83
12/11/2022,LEX,KY,ASO,CE,Combined TRACON& Tower with Radar,32,21,76,0,129,0,0,8,0,8,32,21,84,0,137,52,0,52,189
12/12/2022,LEX,KY,ASO,CE,Combined TRACON& Tower with Radar,34,22,112,9,177,0,6,96,1,103,34,28,208,10,280,68,0,68,348
12/13/2022,LEX,KY,ASO,CE,Combined TRACON& Tower with Radar,30,27,88,3,148,0,5,97,4,106,30,32,185,7,254,116,0,116,370
12/14/2022,LEX,KY,ASO,CE,Combined TRACON& Tower with Radar,34,24,27,0,85,0,0,0,0,0,34,24,27,0,85,22,0,22,107
12/15/2022,LEX,KY,ASO,CE,Combined TRACON& Tower with Radar,40,17,79,6,142,0,1,31,0,32,40,18,110,6,174,120,0,120,294
12/16/2022,LEX,KY,ASO,CE,Combined TRACON& Tower with Radar,44,22,86,2,154,0,5,52,0,57,44,27,138,2,211,10,0,10,221
12/17/2022,LEX,KY,ASO,CE,Combined TRACON& Tower with Radar,37,20,62,0,119,0,5,42,2,49,37,25,104,2,168,0,0,0,168
12/18/2022,LEX,KY,ASO,CE,Combined TRACON& Tower with Radar,40,17,45,0,102,0,6,35,0,41,40,23,80,0,143,10,0,10,153
12/19/2022,LEX,KY,ASO,CE,Combined TRACON& Tower with Radar,34,15,80,0,129,0,2,86,0,88,34,17,166,0,217,26,0,26,243
12/20/2022,LEX,KY,ASO,CE,Combined TRACON& Tower with Radar,36,21,70,5,132,0,11,100,5,116,36,32,170,10,248,83,0,83,331
12/21/2022,LEX,KY,ASO,CE,Combined TRACON& Tower with Radar,42,26,97,5,170,0,3,105,1,109,42,29,202,6,279,86,0,86,365
12/22/2022,LEX,KY,ASO,CE,Combined TRACON& Tower with Radar,29,32,21,0,82,0,0,0,0,0,29,32,21,0,82,6,0,6,88
12/23/2022,LEX,KY,ASO,CE,Combined TRACON& Tower with Radar,18,10,8,0,36,0,0,0,0,0,18,10,8,0,36,0,0,0,36
12/24/2022,LEX,KY,ASO,CE,Combined TRACON& Tower with Radar,31,17,3,0,51,0,6,4,0,10,31,23,7,0,61,0,0,0,61
12/25/2022,LEX,KY,ASO,CE,Combined TRACON& Tower with Radar,23,16,11,0,50,0,2,4,1,7,23,18,15,1,57,0,0,0,57
12/26/2022,LEX,KY,ASO,CE,Combined TRACON& Tower with Radar,29,19,28,0,76,0,5,1,4,10,29,24,29,4,86,10,0,10,96
12/27/2022,LEX,KY,ASO,CE,Combined TRACON& Tower with Radar,38,19,26,0,83,0,2,6,0,8,38,21,32,0,91,24,0,24,115
12/28/2022,LEX,KY,ASO,CE,Combined TRACON& Tower with Radar,39,22,55,3,119,0,1,69,1,71,39,23,124,4,190,62,0,62,252
12/29/2022,LEX,KY,ASO,CE,Combined TRACON& Tower with Radar,31,20,51,0,102,0,5,36,0,41,31,25,87,0,143,15,0,15,158
12/30/2022,LEX,KY,ASO,CE,Combined TRACON& Tower with Radar,34,25,41,0,100,0,4,50,2,56,34,29,91,2,156,6,0,6,162
12/31/2022,LEX,KY,ASO,CE,Combined TRACON& Tower with Radar,31,19,35,0,85,0,2,1,0,3,31,21,36,0,88,0,0,0,88
01/01/2023,LEX,KY,ASO,CE,Combined TRACON& Tower with Radar,28,23,26,0,77,0,2,4,0,6,28,25,30,0,83,0,0,0,83
01/02/2023,LEX,KY,ASO,CE,Combined TRACON& Tower with Radar,32,21,62,0,115,0,5,14,0,19,32,26,76,0,134,62,0,62,196
01/03/2023,LEX,KY,ASO,CE,Combined TRACON& Tower with Radar,34,16,33,3,86,0,0,5,3,8,34,16,38,6,94,20,0,20,114
01/04/2023,LEX,KY,ASO,CE,Combined TRACON& Tower with Radar,37,23,61,18,139,0,0,40,6,46,37,23,101,24,185,54,12,66,251
01/05/2023,LEX,KY,ASO,CE,Combined TRACON& Tower with Radar,32,24,47,11,114,0,0,66,1,67,32,24,113,12,181,34,6,40,221
01/06/2023,LEX,KY,ASO,CE,Combined TRACON& Tower with Radar,31,20,76,0,127,0,2,89,2,93,31,22,165,2,220,60,0,60,280
01/07/2023,LEX,KY,ASO,CE,Combined TRACON& Tower with Radar,39,14,54,0,107,0,16,81,3,100,39,30,135,3,207,44,0,44,251
01/08/2023,LEX,KY,ASO,CE,Combined TRACON& Tower with Radar,40,20,31,0,91,0,0,8,0,8,40,20,39,0,99,18,0,18,117
01/09/2023,LEX,KY,ASO,CE,Combined TRACON& Tower with Radar,43,15,63,0,121,0,5,66,3,74,43,20,129,3,195,94,0,94,289
01/10/2023,LEX,KY,ASO,CE,Combined TRACON& Tower with Radar,39,23,78,3,143,0,0,88,1,89,39,23,166,4,232,138,0,138,370
01/11/2023,LEX,KY,ASO,CE,Combined TRACON& Tower with Radar,33,27,65,3,128,0,3,12,1,16,33,30,77,4,144,18,0,18,162
01/12/2023,LEX,KY,ASO,CE,Combined TRACON& Tower with Radar,45,15,30,2,92,0,0,0,0,0,45,15,30,2,92,0,0,0,92
01/13/2023,LEX,KY,ASO,CE,Combined TRACON& Tower with Radar,49,21,26,0,96,0,0,2,0,2,49,21,28,0,98,4,0,4,102
01/14/2023,LEX,KY,ASO,CE,Combined TRACON& Tower with Radar,33,14,63,0,110,0,6,60,0,66,33,20,123,0,176,134,0,134,310
01/15/2023,LEX,KY,ASO,CE,Combined TRACON& Tower with Radar,38,16,81,0,135,0,2,72,2,76,38,18,153,2,211,18,0,18,229
01/16/2023,LEX,KY,ASO,CE,Combined TRACON& Tower with Radar,46,11,36,0,93,0,0,46,0,46,46,11,82,0,139,50,0,50,189
01/17/2023,LEX,KY,ASO,CE,Combined TRACON& Tower with Radar,36,20,81,0,137,0,5,43,0,48,36,25,124,0,185,52,0,52,237
01/18/2023,LEX,KY,ASO,CE,Combined TRACON& Tower with Radar,38,19,93,9,159,0,3,70,4,77,38,22,163,13,236,34,0,34,270
01/19/2023,LEX,KY,ASO,CE,Combined TRACON& Tower with Radar,46,24,32,2,104,0,1,21,2,24,46,25,53,4,128,50,0,50,178
01/20/2023,LEX,KY,ASO,CE,Combined TRACON& Tower with Radar,50,10,27,2,89,0,6,25,0,31,50,16,52,2,120,48,0,48,168
01/21/2023,LEX,KY,ASO,CE,Combined TRACON& Tower with Radar,33,14,51,0,98,0,4,66,2,72,33,18,117,2,170,46,0,46,216
01/22/2023,LEX,KY,ASO,CE,Combined TRACON& Tower with Radar,52,18,11,0,81,0,0,2,0,2,52,18,13,0,83,0,0,0,83
01/23/2023,LEX,KY,ASO,CE,Combined TRACON& Tower with Radar,45,16,38,0,99,0,2,14,1,17,45,18,52,1,116,41,0,41,157
01/24/2023,LEX,KY,ASO,CE,Combined TRACON& Tower with Radar,35,23,101,1,160,0,2,116,1,119,35,25,217,2,279,62,0,62,341
01/25/2023,LEX,KY,ASO,CE,Combined TRACON& Tower with Radar,36,20,38,0,94,0,0,0,0,0,36,20,38,0,94,0,0,0,94
01/26/2023,LEX,KY,ASO,CE,Combined TRACON& Tower with Radar,49,18,36,2,105,0,2,7,0,9,49,20,43,2,114,50,0,50,164
01/27/2023,LEX,KY,ASO,CE,Combined TRACON& Tower with Radar,52,28,61,5,146,0,1,47,0,48,52,29,108,5,194,14,0,14,208
01/28/2023,LEX,KY,ASO,CE,Combined TRACON& Tower with Radar,32,21,88,0,141,0,1,98,1,100,32,22,186,1,241,52,0,52,293
01/29/2023,LEX,KY,ASO,CE,Combined TRACON& Tower with Radar,49,20,32,0,101,0,0,0,0,0,49,20,32,0,101,0,0,0,101
01/30/2023,LEX,KY,ASO,CE,Combined TRACON& Tower with Radar,45,16,22,0,83,0,0,0,0,0,45,16,22,0,83,0,0,0,83
01/31/2023,LEX,KY,ASO,CE,Combined TRACON& Tower with Radar,32,19,15,0,66,0,0,0,0,0,32,19,15,0,66,0,0,0,66
02/01/2023,LEX,KY,ASO,CE,Combined TRACON& Tower with Radar,38,15,70,4,127,0,4,97,2,103,38,19,167,6,230,24,0,24,254
02/02/2023,LEX,KY,ASO,CE,Combined TRACON& Tower with Radar,45,16,79,6,146,0,9,80,1,90,45,25,159,7,236,70,10,80,316
02/03/2023,LEX,KY,ASO,CE,Combined TRACON& Tower with Radar,48,20,64,2,134,0,3,69,2,74,48,23,133,4,208,48,0,48,256
02/04/2023,LEX,KY,ASO,CE,Combined TRACON& Tower with Radar,36,12,44,1,93,0,6,88,2,96,36,18,132,3,189,56,0,56,245
02/05/2023,LEX,KY,ASO,CE,Combined TRACON& Tower with Radar,46,16,35,8,105,0,7,19,2,28,46,23,54,10,133,4,4,8,141
02/06/2023,LEX,KY,ASO,CE,Combined TRACON& Tower with Radar,48,16,97,2,163,0,14,81,0,95,48,30,178,2,258,89,0,89,347
02/07/2023,LEX,KY,ASO,CE,Combined TRACON& Tower with Radar,38,18,42,0,98,0,2,36,2,40,38,20,78,2,138,6,0,6,144
02/08/2023,LEX,KY,ASO,CE,Combined TRACON& Tower with Radar,37,13,78,32,160,0,2,27,0,29,37,15,105,32,189,70,0,70,259
02/09/2023,LEX,KY,ASO,CE,Combined TRACON& Tower with Radar,45,10,39,2,96,0,0,1,2,3,45,10,40,4,99,0,0,0,99
02/10/2023,LEX,KY,ASO,CE,Combined TRACON& Tower with Radar,47,20,78,6,151,0,1,51,0,52,47,21,129,6,203,112,0,112,315
02/11/2023,LEX,KY,ASO,CE,Combined TRACON& Tower with Radar,32,16,69,0,117,0,7,108,0,115,32,23,177,0,232,104,0,104,336
02/12/2023,LEX,KY,ASO,CE,Combined TRACON& Tower with Radar,41,16,59,0,116,0,4,101,1,106,41,20,160,1,222,78,0,78,300
02/13/2023,LEX,KY,ASO,CE,Combined TRACON& Tower with Radar,47,24,71,0,142,0,4,94,1,99,47,28,165,1,241,86,0,86,327
02/14/2023,LEX,KY,ASO,CE,Combined TRACON& Tower with Radar,38,17,61,4,120,0,5,55,2,62,38,22,116,6,182,38,0,38,220
02/15/2023,LEX,KY,ASO,CE,Combined TRACON& Tower with Radar,38,16,44,8,106,0,3,31,1,35,38,19,75,9,141,78,0,78,219
02/16/2023,LEX,KY,ASO,CE,Combined TRACON& Tower with Radar,43,17,33,0,93,0,0,0,0,0,43,17,33,0,93,0,0,0,93
02/17/2023,LEX,KY,ASO,CE,Combined TRACON& Tower with Radar,46,22,64,0,132,0,2,27,0,29,46,24,91,0,161,50,0,50,211
02/18/2023,LEX,KY,ASO,CE,Combined TRACON& Tower with Radar,33,16,99,0,148,0,5,128,0,133,33,21,227,0,281,98,0,98,379
02/19/2023,LEX,KY,ASO,CE,Combined TRACON& Tower with Radar,43,26,29,0,98,0,4,27,0,31,43,30,56,0,129,10,0,10,139
02/20/2023,LEX,KY,ASO,CE,Combined TRACON& Tower with Radar,46,15,77,0,138,0,2,26,0,28,46,17,103,0,166,118,0,118,284
02/21/2023,LEX,KY,ASO,CE,Combined TRACON& Tower with Radar,40,18,92,5,155,0,0,80,1,81,40,18,172,6,236,140,0,140,376
02/22/2023,LEX,KY,ASO,CE,Combined TRACON& Tower with Radar,39,25,24,0,88,0,1,8,0,9,39,26,32,0,97,0,0,0,97
02/23/2023,LEX,KY,ASO,CE,Combined TRACON& Tower with Radar,48,33,81,4,166,0,1,47,2,50,48,34,128,6,216,14,0,14,230
02/24/2023,LEX,KY,ASO,CE,Combined TRACON& Tower with Radar,46,15,91,1,153,0,9,101,1,111,46,24,192,2,264,147,0,147,411
02/25/2023,LEX,KY,ASO,CE,Combined TRACON& Tower with Radar,36,23,71,0,130,0,3,51,0,54,36,26,122,0,184,62,0,62,246
02/26/2023,LEX,KY,ASO,CE,Combined TRACON& Tower with Radar,44,27,79,1,151,0,6,41,0,47,44,33,120,1,198,54,0,54,252
02/27/2023,LEX,KY,ASO,CE,Combined TRACON& Tower with Radar,43,16,28,0,87,0,0,0,0,0,43,16,28,0,87,0,0,0,87
02/28/2023,LEX,KY,ASO,CE,Combined TRACON& Tower with Radar,37,26,86,4,153,0,6,116,9,131,37,32,202,13,284,94,6,100,384
03/01/2023,LEX,KY,ASO,CE,Combined TRACON& Tower with Radar,42,28,72,4,146,0,3,85,0,88,42,31,157,4,234,72,0,72,306
03/02/2023,LEX,KY,ASO,CE,Combined TRACON& Tower with Radar,42,30,97,4,173,0,2,71,2,75,42,32,168,6,248,40,0,40,288
03/03/2023,LEX,KY,ASO,CE,Combined TRACON& Tower with Radar,26,16,8,0,50,0,0,0,1,1,26,16,8,1,51,0,0,0,51
03/04/2023,LEX,KY,ASO,CE,Combined TRACON& Tower with Radar,36,30,64,0,130,0,7,81,0,88,36,37,145,0,218,50,0,50,268
03/05/2023,LEX,KY,ASO,CE,Combined TRACON& Tower with Radar,42,29,57,0,128,0,8,108,2,118,42,37,165,2,246,44,0,44,290
03/06/2023,LEX,KY,ASO,CE,Combined TRACON& Tower with Radar,42,17,73,2,134,0,4,82,4,90,42,21,155,6,224,108,0,108,332
03/07/2023,LEX,KY,ASO,CE,Combined TRACON& Tower with Radar,35,16,102,0,153,0,6,61,2,69,35,22,163,2,222,166,0,166,388
03/08/2023,LEX,KY,ASO,CE,Combined TRACON& Tower with Radar,36,25,81,1,143,0,3,89,6,98,36,28,170,7,241,48,4,52,293
03/09/2023,LEX,KY,ASO,CE,Combined TRACON& Tower with Radar,44,19,82,2,147,0,1,107,2,110,44,20,189,4,257,96,0,96,353
03/10/2023,LEX,KY,ASO,CE,Combined TRACON& Tower with Radar,48,14,56,0,118,0,2,6,2,10,48,16,62,2,128,0,0,0,128
03/11/2023,LEX,KY,ASO,CE,Combined TRACON& Tower with Radar,39,20,90,0,149,0,1,90,2,93,39,21,180,2,242,114,0,114,356
03/12/2023,LEX,KY,ASO,CE,Combined TRACON& Tower with Radar,43,25,23,0,91,0,0,0,0,0,43,25,23,0,91,0,0,0,91
03/13/2023,LEX,KY,ASO,CE,Combined TRACON& Tower with Radar,47,24,51,0,122,0,0,22,0,22,47,24,73,0,144,30,0,30,174
03/14/2023,LEX,KY,ASO,CE,Combined TRACON& Tower with Radar,38,15,37,2,92,0,4,43,1,48,38,19,80,3,140,55,0,55,195
03/15/2023,LEX,KY,ASO,CE,Combined TRACON& Tower with Radar,41,28,100,5,174,0,2,133,2,137,41,30,233,7,311,133,0,133,444
03/16/2023,LEX,KY,ASO,CE,Combined TRACON& Tower with Radar,45,26,71,7,149,0,6,55,10,71,45,32,126,17,220,61,0,61,281
03/17/2023,LEX,KY,ASO,CE,Combined TRACON& Tower with Radar,46,15,17,0,78,0,0,3,1,4,46,15,20,1,82,0,0,0,82
03/18/2023,LEX,KY,ASO,CE,Combined TRACON& Tower with Radar,38,21,26,1,86,0,4,24,0,28,38,25,50,1,114,6,0,6,120
03/19/2023,LEX,KY,ASO,CE,Combined TRACON& Tower with Radar,48,29,58,1,136,0,7,70,1,78,48,36,128,2,214,160,0,160,374
03/20/2023,LEX,KY,ASO,CE,Combined TRACON& Tower with Radar,44,21,85,0,150,0,2,103,3,108,44,23,188,3,258,150,0,150,408
03/21/2023,LEX,KY,ASO,CE,Combined TRACON& Tower with Radar,41,14,92,2,149,0,5,102,2,109,41,19,194,4,258,54,0,54,312
03/22/2023,LEX,KY,ASO,CE,Combined TRACON& Tower with Radar,40,20,55,5,120,0,1,2,0,3,40,21,57,5,123,18,0,18,141
03/23/2023,LEX,KY,ASO,CE,Combined TRACON& Tower with Radar,48,35,61,4,148,0,0,17,3,20,48,35,78,7,168,22,0,22,190
03/24/2023,LEX,KY,ASO,CE,Combined TRACON& Tower with Radar,47,20,24,0,91,0,0,0,0,0,47,20,24,0,91,16,0,16,107
03/25/2023,LEX,KY,ASO,CE,Combined TRACON& Tower with Radar,40,14,16,0,70,0,1,4,0,5,40,15,20,0,75,0,0,0,75
03/26/2023,LEX,KY,ASO,CE,Combined TRACON& Tower with Radar,49,24,107,2,182,0,6,129,2,137,49,30,236,4,319,68,0,68,387
03/27/2023,LEX,KY,ASO,CE,Combined TRACON& Tower with Radar,48,12,68,6,134,0,2,75,3,80,48,14,143,9,214,16,2,18,232
03/28/2023,LEX,KY,ASO,CE,Combined TRACON& Tower with Radar,40,20,89,4,153,0,9,68,4,81,40,29,157,8,234,187,0,187,421
03/29/2023,LEX,KY,ASO,CE,Combined TRACON& Tower with Radar,43,22,77,2,144,0,9,108,8,125,43,31,185,10,269,108,0,108,377
03/30/2023,LEX,KY,ASO,CE,Combined TRACON& Tower with Radar,46,20,74,4,144,0,7,121,1,129,46,27,195,5,273,90,0,90,363
03/31/2023,LEX,KY,ASO,CE,Combined TRACON& Tower with Radar,41,27,32,0,100,0,0,4,0,4,41,27,36,0,104,0,0,0,104
04/01/2023,LEX,KY,ASO,CE,Combined TRACON& Tower with Radar,40,23,23,0,86,0,6,3,0,9,40,29,26,0,95,0,0,0,95
04/02/2023,LEX,KY,ASO,CE,Combined TRACON& Tower with Radar,48,15,62,0,125,0,9,63,0,72,48,24,125,0,197,30,0,30,227
04/03/2023,LEX,KY,ASO,CE,Combined TRACON& Tower with Radar,47,15,51,4,117,0,4,68,2,74,47,19,119,6,191,52,0,52,243
04/04/2023,LEX,KY,ASO,CE,Combined TRACON& Tower with Radar,35,18,64,12,129,0,2,23,2,27,35,20,87,14,156,12,0,12,168
04/05/2023,LEX,KY,ASO,CE,Combined TRACON& Tower with Radar,43,28,34,0,105,0,1,11,0,12,43,29,45,0,117,18,0,18,135
04/06/2023,LEX,KY,ASO,CE,Combined TRACON& Tower with Radar,47,31,100,0,178,0,3,17,0,20,47,34,117,0,198,56,0,56,254
04/07/2023,LEX,KY,ASO,CE,Combined TRACON& Tower with Radar,44,29,96,2,171,0,4,72,0,76,44,33,168,2,247,58,0,58,305
04/08/2023,LEX,KY,ASO,CE,Combined TRACON& Tower with Radar,35,45,93,0,173,0,3,74,2,79,35,48,167,2,252,16,0,16,268
04/09/2023,LEX,KY,ASO,CE,Combined TRACON& Tower with Radar,40,33,48,0,121,0,0,42,1,43,40,33,90,1,164,12,0,12,176
04/10/2023,LEX,KY,ASO,CE,Combined TRACON& Tower with Radar,43,31,106,1,181,0,4,78,1,83,43,35,184,2,264,73,0,73,337
04/11/2023,LEX,KY,ASO,CE,Combined TRACON& Tower with Radar,38,32,84,4,158,0,7,89,4,100,38,39,173,8,258,134,10,144,402
04/12/2023,LEX,KY,ASO,CE,Combined TRACON& Tower with Radar,40,24,94,7,165,0,4,99,1,104,40,28,193,8,269,78,0,78,347
04/13/2023,LEX,KY,ASO,CE,Combined TRACON& Tower with Radar,39,33,101,1,174,0,1,106,1,108,39,34,207,2,282,118,0,118,400
04/14/2023,LEX,KY,ASO,CE,Combined TRACON& Tower with Radar,42,32,102,0,176,0,1,39,0,40,42,33,141,0,216,26,0,26,242
04/15/2023,LEX,KY,ASO,CE,Combined TRACON& Tower with Radar,34,28,74,0,136,0,2,59,0,61,34,30,133,0,197,52,0,52,249
04/16/2023,LEX,KY,ASO,CE,Combined TRACON& Tower with Radar,42,35,48,2,127,0,1,8,0,9,42,36,56,2,136,16,0,16,152
04/17/2023,LEX,KY,ASO,CE,Combined TRACON& Tower with Radar,50,21,39,1,111,0,0,12,3,15,50,21,51,4,126,0,0,0,126
04/18/2023,LEX,KY,ASO,CE,Combined TRACON& Tower with Radar,37,21,94,1,153,0,4,93,1,98,37,25,187,2,251,27,0,27,278
04/19/2023,LEX,KY,ASO,CE,Combined TRACON& Tower with Radar,38,31,82,3,154,0,3,95,1,99,38,34,177,4,253,50,0,50,303
04/20/2023,LEX,KY,ASO,CE,Combined TRACON& Tower with Radar,42,33,90,4,169,0,1,79,2,82,42,34,169,6,251,76,0,76,327
04/21/2023,LEX,KY,ASO,CE,Combined TRACON& Tower with Radar,47,36,66,4,153,0,1,25,2,28,47,37,91,6,181,4,0,4,185
04/22/2023,LEX,KY,ASO,CE,Combined TRACON& Tower with Radar,42,32,38,0,112,0,1,17,0,18,42,33,55,0,130,6,0,6,136
04/23/2023,LEX,KY,ASO,CE,Combined TRACON& Tower with Radar,43,38,74,7,162,0,2,70,2,74,43,40,144,9,236,6,2,8,244
04/24/2023,LEX,KY,ASO,CE,Combined TRACON& Tower with Radar,43,26,60,0,129,0,3,68,4,75,43,29,128,4,204,32,0,32,236
04/25/2023,LEX,KY,ASO,CE,Combined TRACON& Tower with Radar,38,36,94,9,177,0,7,91,6,104,38,43,185,15,281,74,0,74,355
04/26/2023,LEX,KY,ASO,CE,Combined TRACON& Tower with Radar,38,38,96,0,172,0,5,104,0,109,38,43,200,0,281,102,0,102,383
04/27/2023,LEX,KY,ASO,CE,Combined TRACON& Tower with Radar,46,37,83,12,178,0,2,42,2,46,46,39,125,14,224,38,10,48,272
04/28/2023,LEX,KY,ASO,CE,Combined TRACON& Tower with Radar,48,41,89,2,180,0,0,16,0,16,48,41,105,2,196,0,0,0,196
04/29/2023,LEX,KY,ASO,CE,Combined TRACON& Tower with Radar,34,27,72,1,134,0,7,55,1,63,34,34,127,2,197,12,0,12,209
04/30/2023,LEX,KY,ASO,CE,Combined TRACON& Tower with Radar,42,42,78,1,163,0,3,14,0,17,42,45,92,1,180,26,0,26,206
05/01/2023,LEX,KY,ASO,CE,Combined TRACON& Tower with Radar,47,22,39,1,109,0,2,8,0,10,47,24,47,1,119,0,0,0,119
05/02/2023,LEX,KY,ASO,CE,Combined TRACON& Tower with Radar,38,23,66,0,127,0,2,20,0,22,38,25,86,0,149,14,0,14,163
05/03/2023,LEX,KY,ASO,CE,Combined TRACON& Tower with Radar,37,31,83,3,154,0,3,82,2,87,37,34,165,5,241,54,0,54,295
05/04/2023,LEX,KY,ASO,CE,Combined TRACON& Tower with Radar,45,53,125,4,227,0,5,115,1,121,45,58,240,5,348,52,0,52,400
05/05/2023,LEX,KY,ASO,CE,Combined TRACON& Tower with Radar,46,35,84,6,171,0,10,97,1,108,46,45,181,7,279,32,0,32,311
05/06/2023,LEX,KY,ASO,CE,Combined TRACON& Tower with Radar,35,33,45,2,115,0,1,58,1,60,35,34,103,3,175,10,0,10,185
05/07/2023,LEX,KY,ASO,CE,Combined TRACON& Tower with Radar,45,54,97,0,196,0,2,8,0,10,45,56,105,0,206,2,0,2,208
05/08/2023,LEX,KY,ASO,CE,Combined TRACON& Tower with Radar,50,25,54,1,130,0,0,21,2,23,50,25,75,3,153,40,0,40,193
05/09/2023,LEX,KY,ASO,CE,Combined TRACON& Tower with Radar,36,14,74,3,127,0,1,37,5,43,36,15,111,8,170,26,0,26,196
05/10/2023,LEX,KY,ASO,CE,Combined TRACON& Tower with Radar,40,12,101,2,155,0,0,117,0,117,40,12,218,2,272,42,0,42,314
05/11/2023,LEX,KY,ASO,CE,Combined TRACON& Tower with Radar,45,24,80,16,165,0,6,72,4,82,45,30,152,20,247,92,20,112,359
05/12/2023,LEX,KY,ASO,CE,Combined TRACON& Tower with Radar,51,16,46,2,115,0,0,8,2,10,51,16,54,4,125,16,0,16,141
05/13/2023,LEX,KY,ASO,CE,Combined TRACON& Tower with Radar,34,10,49,0,93,0,0,18,0,18,34,10,67,0,111,22,0,22,133
05/14/2023,LEX,KY,ASO,CE,Combined TRACON& Tower with Radar,48,26,72,0,146,0,0,55,0,55,48,26,127,0,201,34,0,34,235
05/15/2023,LEX,KY,ASO,CE,Combined TRACON& Tower with Radar,48,19,87,2,156,0,5,91,0,96,48,24,178,2,252,62,0,62,314
05/16/2023,LEX,KY,ASO,CE,Combined TRACON& Tower with Radar,37,9,30,2,78,0,1,0,0,1,37,10,30,2,79,6,0,6,85
05/17/2023,LEX,KY,ASO,CE,Combined TRACON& Tower with Radar,45,23,86,10,164,0,2,90,4,96,45,25,176,14,260,122,42,164,424
05/18/2023,LEX,KY,ASO,CE,Combined TRACON& Tower with Radar,47,24,74,4,149,0,5,109,5,119,47,29,183,9,268,45,0,45,313
05/19/2023,LEX,KY,ASO,CE,Combined TRACON& Tower with Radar,49,20,83,10,162,0,1,55,0,56,49,21,138,10,218,38,0,38,256
05/20/2023,LEX,KY,ASO,CE,Combined TRACON& Tower with Radar,39,21,49,27,136,0,0,19,10,29,39,21,68,37,165,40,30,70,235
05/21/2023,LEX,KY,ASO,CE,Combined TRACON& Tower with Radar,48,16,57,0,121,0,2,88,0,90,48,18,145,0,211,38,0,38,249
05/22/2023,LEX,KY,ASO,CE,Combined TRACON& Tower with Radar,49,13,83,6,151,0,5,86,0,91,49,18,169,6,242,134,0,134,376
05/23/2023,LEX,KY,ASO,CE,Combined TRACON& Tower with Radar,42,22,88,4,156,0,2,95,4,101,42,24,183,8,257,68,0,68,325
05/24/2023,LEX,KY,ASO,CE,Combined TRACON& Tower with Radar,43,25,76,7,151,0,8,91,5,104,43,33,167,12,255,94,10,104,359
05/25/2023,LEX,KY,ASO,CE,Combined TRACON& Tower with Radar,51,18,88,3,160,0,5,79,3,87,51,23,167,6,247,98,0,98,345
05/26/2023,LEX,KY,ASO,CE,Combined TRACON& Tower with Radar,48,19,100,0,167,0,5,100,2,107,48,24,200,2,274,28,0,28,302
05/27/2023,LEX,KY,ASO,CE,Combined TRACON& Tower with Radar,42,22,56,1,121,0,8,86,2,96,42,30,142,3,217,63,0,63,280
05/28/2023,LEX,KY,ASO,CE,Combined TRACON& Tower with Radar,43,8,40,1,92,0,3,5,0,8,43,11,45,1,100,12,0,12,112
05/29/2023,LEX,KY,ASO,CE,Combined TRACON& Tower with Radar,48,17,73,0,138,0,1,75,3,79,48,18,148,3,217,90,0,90,307
05/30/2023,LEX,KY,ASO,CE,Combined TRACON& Tower with Radar,39,18,63,1,121,0,5,73,1,79,39,23,136,2,200,42,0,42,242
05/31/2023,LEX,KY,ASO,CE,Combined TRACON& Tower with Radar,44,13,96,2,155,0,1,111,0,112,44,14,207,2,267,121,0,121,388
06/01/2023,LEX,KY,ASO,CE,Combined TRACON& Tower with Radar,50,27,80,7,164,0,8,89,1,98,50,35,169,8,262,82,6,88,350
06/02/2023,LEX,KY,ASO,CE,Combined TRACON& Tower with Radar,50,32,82,0,164,0,1,107,0,108,50,33,189,0,272,62,0,62,334
06/03/2023,LEX,KY,ASO,CE,Combined TRACON& Tower with Radar,51,23,59,0,133,0,0,84,0,84,51,23,143,0,217,154,0,154,371
06/04/2023,LEX,KY,ASO,CE,Combined TRACON& Tower with Radar,49,22,70,0,141,0,0,84,0,84,49,22,154,0,225,66,0,66,291
06/05/2023,LEX,KY,ASO,CE,Combined TRACON& Tower with Radar,51,19,77,8,155,0,6,93,0,99,51,25,170,8,254,157,0,157,411
06/06/2023,LEX,KY,ASO,CE,Combined TRACON& Tower with Radar,40,15,74,2,131,0,4,77,1,82,40,19,151,3,213,28,0,28,241
06/07/2023,LEX,KY,ASO,CE,Combined TRACON& Tower with Radar,48,16,74,3,141,0,0,9,4,13,48,16,83,7,154,46,0,46,200
06/08/2023,LEX,KY,ASO,CE,Combined TRACON& Tower with Radar,53,24,116,1,194,0,2,100,1,103,53,26,216,2,297,104,0,104,401
06/09/2023,LEX,KY,ASO,CE,Combined TRACON& Tower with Radar,52,35,77,12,176,0,2,96,4,102,52,37,173,16,278,102,6,108,386
06/10/2023,LEX,KY,ASO,CE,Combined TRACON& Tower with Radar,48,25,92,2,167,0,4,130,1,135,48,29,222,3,302,33,0,33,335
06/11/2023,LEX,KY,ASO,CE,Combined TRACON& Tower with Radar,54,29,57,0,140,0,2,9,0,11,54,31,66,0,151,0,0,0,151
06/12/2023,LEX,KY,ASO,CE,Combined TRACON& Tower with Radar,53,24,69,2,148,0,1,43,2,46,53,25,112,4,194,18,0,18,212
06/13/2023,LEX,KY,ASO,CE,Combined TRACON& Tower with Radar,45,14,79,3,141,0,6,73,1,80,45,20,152,4,221,34,0,34,255
06/14/2023,LEX,KY,ASO,CE,Combined TRACON& Tower with Radar,47,34,95,12,188,0,7,82,0,89,47,41,177,12,277,109,0,109,386
06/15/2023,LEX,KY,ASO,CE,Combined TRACON& Tower with Radar,56,37,77,7,177,0,5,104,1,110,56,42,181,8,287,67,0,67,354
06/16/2023,LEX,KY,ASO,CE,Combined TRACON& Tower with Radar,53,27,104,4,188,0,5,76,0,81,53,32,180,4,269,26,0,26,295
06/17/2023,LEX,KY,ASO,CE,Combined TRACON& Tower with Radar,48,18,62,0,128,0,3,79,1,83,48,21,141,1,211,42,0,42,253
06/18/2023,LEX,KY,ASO,CE,Combined TRACON& Tower with Radar,52,30,48,0,130,0,4,53,1,58,52,34,101,1,188,22,0,22,210
06/19/2023,LEX,KY,ASO,CE,Combined TRACON& Tower with Radar,51,20,44,0,115,0,0,3,1,4,51,20,47,1,119,0,0,0,119
06/20/2023,LEX,KY,ASO,CE,Combined TRACON& Tower with Radar,46,21,58,5,130,0,0,23,1,24,46,21,81,6,154,10,0,10,164
06/21/2023,LEX,KY,ASO,CE,Combined TRACON& Tower with Radar,47,17,59,8,131,0,0,36,2,38,47,17,95,10,169,42,0,42,211
06/22/2023,LEX,KY,ASO,CE,Combined TRACON& Tower with Radar,57,38,93,2,190,0,0,32,0,32,57,38,125,2,222,52,0,52,274
06/23/2023,LEX,KY,ASO,CE,Combined TRACON& Tower with Radar,51,26,88,6,171,0,1,33,2,36,51,27,121,8,207,62,0,62,269
06/24/2023,LEX,KY,ASO,CE,Combined TRACON& Tower with Radar,50,24,50,0,124,0,4,73,0,77,50,28,123,0,201,57,0,57,258
06/25/2023,LEX,KY,ASO,CE,Combined TRACON& Tower with Radar,42,16,25,2,85,0,4,33,0,37,42,20,58,2,122,4,0,4,126
06/26/2023,LEX,KY,ASO,CE,Combined TRACON& Tower with Radar,56,30,64,1,151,0,3,60,1,64,56,33,124,2,215,24,0,24,239
06/27/2023,LEX,KY,ASO,CE,Combined TRACON& Tower with Radar,44,29,85,14,172,0,3,85,3,91,44,32,170,17,263,68,0,68,331
06/28/2023,LEX,KY,ASO,CE,Combined TRACON& Tower with Radar,44,23,106,8,181,0,1,10,1,12,44,24,116,9,193,0,0,0,193
06/29/2023,LEX,KY,ASO,CE,Combined TRACON& Tower with Radar,56,15,51,3,125,0,0,42,4,46,56,15,93,7,171,20,0,20,191
06/30/2023,LEX,KY,ASO,CE,Combined TRACON& Tower with Radar,51,25,103,0,179,0,0,47,0,47,51,25,150,0,226,24,0,24,250
07/01/2023,LEX,KY,ASO,CE,Combined TRACON& Tower with Radar,49,5,28,0,82,0,1,9,0,10,49,6,37,0,92,18,0,18,110
07/02/2023,LEX,KY,ASO,CE,Combined TRACON& Tower with Radar,52,16,21,0,89,0,0,4,2,6,52,16,25,2,95,0,0,0,95
07/03/2023,LEX,KY,ASO,CE,Combined TRACON& Tower with Radar,40,16,61,0,117,0,2,31,0,33,40,18,92,0,150,34,0,34,184
07/04/2023,LEX,KY,ASO,CE,Combined TRACON& Tower with Radar,33,13,38,0,84,0,2,53,0,55,33,15,91,0,139,96,0,96,235
07/05/2023,LEX,KY,ASO,CE,Combined TRACON& Tower with Radar,42,26,117,0,185,0,4,100,0,104,42,30,217,0,289,68,0,68,357
07/06/2023,LEX,KY,ASO,CE,Combined TRACON& Tower with Radar,47,13,74,5,139,0,3,73,4,80,47,16,147,9,219,52,0,52,271
07/07/2023,LEX,KY,ASO,CE,Combined TRACON& Tower with Radar,42,28,111,1,182,0,4,119,3,126,42,32,230,4,308,80,0,80,388
07/08/2023,LEX,KY,ASO,CE,Combined TRACON& Tower with Radar,46,25,43,0,114,0,4,49,1,54,46,29,92,1,168,28,0,28,196
07/09/2023,LEX,KY,ASO,CE,Combined TRACON& Tower with Radar,47,31,59,0,137,0,0,32,0,32,47,31,91,0,169,56,0,56,225
07/10/2023,LEX,KY,ASO,CE,Combined TRACON& Tower with Radar,48,34,78,14,174,0,5,88,2,95,48,39,166,16,269,110,0,110,379
07/11/2023,LEX,KY,ASO,CE,Combined TRACON& Tower with Radar,38,34,97,21,190,0,6,86,5,97,38,40,183,26,287,94,6,100,387
07/12/2023,LEX,KY,ASO,CE,Combined TRACON& Tower with Radar,43,38,80,0,161,0,8,81,1,90,43,46,161,1,251,21,0,21,272
07/13/2023,LEX,KY,ASO,CE,Combined TRACON& Tower with Radar,50,30,74,2,156,0,2,19,1,22,50,32,93,3,178,30,0,30,208
07/14/2023,LEX,KY,ASO,CE,Combined TRACON& Tower with Radar,45,33,98,1,177,0,5,65,1,71,45,38,163,2,248,65,0,65,313
07/15/2023,LEX,KY,ASO,CE,Combined TRACON& Tower with Radar,45,29,42,0,116,0,2,12,0,14,45,31,54,0,130,28,0,28,158
07/16/2023,LEX,KY,ASO,CE,Combined TRACON& Tower with Radar,50,30,72,2,154,0,1,55,2,58,50,31,127,4,212,44,0,44,256
07/17/2023,LEX,KY,ASO,CE,Combined TRACON& Tower with Radar,44,21,56,1,122,0,1,29,0,30,44,22,85,1,152,34,0,34,186
07/18/2023,LEX,KY,ASO,CE,Combined TRACON& Tower with Radar,37,27,49,1,114,0,1,50,2,53,37,28,99,3,167,64,0,64,231
07/19/2023,LEX,KY,ASO,CE,Combined TRACON& Tower with Radar,43,30,82,0,155,0,1,22,0,23,43,31,104,0,178,42,0,42,220
07/20/2023,LEX,KY,ASO,CE,Combined TRACON& Tower with Radar,51,32,63,2,148,0,3,31,0,34,51,35,94,2,182,95,0,95,277
07/21/2023,LEX,KY,ASO,CE,Combined TRACON& Tower with Radar,47,29,89,3,168,0,1,97,1,99,47,30,186,4,267,118,0,118,385
07/22/2023,LEX,KY,ASO,CE,Combined TRACON& Tower with Radar,46,40,73,0,159,0,6,91,0,97,46,46,164,0,256,86,0,86,342
07/23/2023,LEX,KY,ASO,CE,Combined TRACON& Tower with Radar,47,23,55,0,125,0,4,77,2,83,47,27,132,2,208,25,0,25,233
07/24/2023,LEX,KY,ASO,CE,Combined TRACON& Tower with Radar,48,17,41,0,106,0,0,50,0,50,48,17,91,0,156,26,0,26,182
07/25/2023,LEX,KY,ASO,CE,Combined TRACON& Tower with Radar,40,29,74,0,143,0,1,92,0,93,40,30,166,0,236,156,0,156,392
07/26/2023,LEX,KY,ASO,CE,Combined TRACON& Tower with Radar,40,25,75,8,148,0,8,78,2,88,40,33,153,10,236,16,20,36,272
07/27/2023,LEX,KY,ASO,CE,Combined TRACON& Tower with Radar,51,24,83,7,165,0,1,46,6,53,51,25,129,13,218,59,0,59,277
07/28/2023,LEX,KY,ASO,CE,Combined TRACON& Tower with Radar,44,16,85,14,159,0,1,86,2,89,44,17,171,16,248,69,0,69,317
07/29/2023,LEX,KY,ASO,CE,Combined TRACON& Tower with Radar,48,18,47,19,132,0,4,43,2,49,48,22,90,21,181,50,13,63,244
07/30/2023,LEX,KY,ASO,CE,Combined TRACON& Tower with Radar,52,36,51,8,147,0,5,76,0,81,52,41,127,8,228,71,0,71,299
07/31/2023,LEX,KY,ASO,CE,Combined TRACON& Tower with Radar,45,38,69,10,162,0,4,103,0,107,45,42,172,10,269,115,8,123,392
08/01/2023,LEX,KY,ASO,CE,Combined TRACON& Tower with Radar,36,34,77,13,160,0,0,116,4,120,36,34,193,17,280,83,24,107,387
08/02/2023,LEX,KY,ASO,CE,Combined TRACON& Tower with Radar,39,23,81,1,144,0,2,86,1,89,39,25,167,2,233,52,0,52,285
08/03/2023,LEX,KY,ASO,CE,Combined TRACON& Tower with Radar,49,28,76,1,154,0,0,10,1,11,49,28,86,2,165,12,0,12,177
08/04/2023,LEX,KY,ASO,CE,Combined TRACON& Tower with Radar,42,25,99,23,189,0,5,89,0,94,42,30,188,23,283,90,0,90,373
08/05/2023,LEX,KY,ASO,CE,Combined TRACON& Tower with Radar,44,20,57,6,127,0,5,74,1,80,44,25,131,7,207,56,0,56,263
08/06/2023,LEX,KY,ASO,CE,Combined TRACON& Tower with Radar,41,44,65,2,152,0,1,26,0,27,41,45,91,2,179,30,0,30,209
08/07/2023,LEX,KY,ASO,CE,Combined TRACON& Tower with Radar,45,30,41,2,118,0,2,7,1,10,45,32,48,3,128,0,0,0,128
08/08/2023,LEX,KY,ASO,CE,Combined TRACON& Tower with Radar,35,39,115,1,190,0,3,80,2,85,35,42,195,3,275,50,0,50,325
08/09/2023,LEX,KY,ASO,CE,Combined TRACON& Tower with Radar,37,35,79,0,151,0,3,81,0,84,37,38,160,0,235,91,0,91,326
08/10/2023,LEX,KY,ASO,CE,Combined TRACON& Tower with Radar,46,38,83,8,175,0,2,31,4,37,46,40,114,12,212,72,0,72,284
08/11/2023,LEX,KY,ASO,CE,Combined TRACON& Tower with Radar,45,33,84,2,164,0,6,100,2,108,45,39,184,4,272,44,0,44,316
08/12/2023,LEX,KY,ASO,CE,Combined TRACON& Tower with Radar,43,20,58,3,124,0,4,49,1,54,43,24,107,4,178,12,0,12,190
08/13/2023,LEX,KY,ASO,CE,Combined TRACON& Tower with Radar,50,32,97,2,181,0,0,25,7,32,50,32,122,9,213,78,0,78,291
08/14/2023,LEX,KY,ASO,CE,Combined TRACON& Tower with Radar,44,17,52,3,116,0,1,2,1,4,44,18,54,4,120,10,0,10,130
08/15/2023,LEX,KY,ASO,CE,Combined TRACON& Tower with Radar,40,39,80,4,163,0,2,46,2,50,40,41,126,6,213,94,0,94,307
08/16/2023,LEX,KY,ASO,CE,Combined TRACON& Tower with Radar,40,40,120,3,203,0,3,81,2,86,40,43,201,5,289,116,0,116,405
08/17/2023,LEX,KY,ASO,CE,Combined TRACON& Tower with Radar,44,21,110,4,179,0,1,67,1,69,44,22,177,5,248,27,0,27,275
08/18/2023,LEX,KY,ASO,CE,Combined TRACON& Tower with Radar,43,28,84,20,175,0,6,101,4,111,43,34,185,24,286,52,15,67,353
08/19/2023,LEX,KY,ASO,CE,Combined TRACON& Tower with Radar,38,13,68,3,122,0,1,92,5,98,38,14,160,8,220,42,0,42,262
08/20/2023,LEX,KY,ASO,CE,Combined TRACON& Tower with Radar,44,45,69,8,166,0,3,85,1,89,44,48,154,9,255,12,0,12,267
08/21/2023,LEX,KY,ASO,CE,Combined TRACON& Tower with Radar,43,23,58,2,126,0,2,68,2,72,43,25,126,4,198,101,0,101,299
08/22/2023,LEX,KY,ASO,CE,Combined TRACON& Tower with Radar,39,15,68,7,129,0,1,72,1,74,39,16,140,8,203,108,0,108,311
08/23/2023,LEX,KY,ASO,CE,Combined TRACON& Tower with Radar,37,22,77,0,136,0,4,89,0,93,37,26,166,0,229,108,0,108,337
08/24/2023,LEX,KY,ASO,CE,Combined TRACON& Tower with Radar,43,28,51,6,128,0,0,34,3,37,43,28,85,9,165,46,0,46,211
08/25/2023,LEX,KY,ASO,CE,Combined TRACON& Tower with Radar,40,22,73,1,136,0,0,53,1,54,40,22,126,2,190,6,0,6,196
08/26/2023,LEX,KY,ASO,CE,Combined TRACON& Tower with Radar,32,15,45,9,101,0,1,38,1,40,32,16,83,10,141,25,0,25,166
08/27/2023,LEX,KY,ASO,CE,Combined TRACON& Tower with Radar,43,23,57,1,124,0,2,22,1,25,43,25,79,2,149,24,0,24,173
08/28/2023,LEX,KY,ASO,CE,Combined TRACON& Tower with Radar,37,28,68,5,138,0,4,84,0,88,37,32,152,5,226,92,0,92,318
08/29/2023,LEX,KY,ASO,CE,Combined TRACON& Tower with Radar,39,43,84,31,197,0,4,79,10,93,39,47,163,41,290,75,0,75,365
08/30/2023,LEX,KY,ASO,CE,Combined TRACON& Tower with Radar,39,29,86,14,168,0,6,76,2,84,39,35,162,16,252,126,0,126,378
08/31/2023,LEX,KY,ASO,CE,Combined TRACON& Tower with Radar,46,21,97,8,172,0,0,64,5,69,46,21,161,13,241,62,0,62,303
01/01/2020,LEX,KY,ASO,CE,Combined TRACON& Tower with Radar,19,33,30,0,82,0,13,46,0,59,19,46,76,0,141,10,0,10,151
01/02/2020,LEX,KY,ASO,CE,Combined TRACON& Tower with Radar,33,46,21,0,100,0,6,12,0,18,33,52,33,0,118,6,0,6,124
01/03/2020,LEX,KY,ASO,CE,Combined TRACON& Tower with Radar,34,46,23,0,103,0,0,0,0,0,34,46,23,0,103,0,0,0,103
01/04/2020,LEX,KY,ASO,CE,Combined TRACON& Tower with Radar,34,43,26,0,103,0,3,1,0,4,34,46,27,0,107,0,0,0,107
01/05/2020,LEX,KY,ASO,CE,Combined TRACON& Tower with Radar,34,42,38,0,114,0,0,51,0,51,34,42,89,0,165,56,0,56,221
01/06/2020,LEX,KY,ASO,CE,Combined TRACON& Tower with Radar,41,40,32,0,113,0,4,57,1,62,41,44,89,1,175,44,0,44,219
01/07/2020,LEX,KY,ASO,CE,Combined TRACON& Tower with Radar,34,34,22,0,90,0,4,34,0,38,34,38,56,0,128,8,0,8,136
01/08/2020,LEX,KY,ASO,CE,Combined TRACON& Tower with Radar,40,38,43,3,124,0,13,71,4,88,40,51,114,7,212,47,0,47,259
01/09/2020,LEX,KY,ASO,CE,Combined TRACON& Tower with Radar,40,43,39,0,122,0,8,26,0,34,40,51,65,0,156,12,0,12,168
01/10/2020,LEX,KY,ASO,CE,Combined TRACON& Tower with Radar,38,42,29,0,109,0,0,14,0,14,38,42,43,0,123,4,0,4,127
01/11/2020,LEX,KY,ASO,CE,Combined TRACON& Tower with Radar,31,23,10,0,64,0,1,0,0,1,31,24,10,0,65,0,0,0,65
01/12/2020,LEX,KY,ASO,CE,Combined TRACON& Tower with Radar,38,41,27,0,106,0,1,10,0,11,38,42,37,0,117,74,0,74,191
01/13/2020,LEX,KY,ASO,CE,Combined TRACON& Tower with Radar,42,37,43,2,124,0,4,35,0,39,42,41,78,2,163,22,0,22,185
01/14/2020,LEX,KY,ASO,CE,Combined TRACON& Tower with Radar,35,36,38,2,111,0,3,17,2,22,35,39,55,4,133,20,0,20,153
01/15/2020,LEX,KY,ASO,CE,Combined TRACON& Tower with Radar,39,41,22,1,103,0,0,5,1,6,39,41,27,2,109,0,0,0,109
01/16/2020,LEX,KY,ASO,CE,Combined TRACON& Tower with Radar,40,41,54,19,154,0,4,37,0,41,40,45,91,19,195,0,14,14,209
01/17/2020,LEX,KY,ASO,CE,Combined TRACON& Tower with Radar,42,45,49,2,138,0,9,54,0,63,42,54,103,2,201,26,0,26,227
01/18/2020,LEX,KY,ASO,CE,Combined TRACON& Tower with Radar,28,23,9,0,60,0,0,0,0,0,28,23,9,0,60,0,0,0,60
01/19/2020,LEX,KY,ASO,CE,Combined TRACON& Tower with Radar,24,48,27,0,99,0,4,27,0,31,24,52,54,0,130,38,0,38,168
01/20/2020,LEX,KY,ASO,CE,Combined TRACON& Tower with Radar,39,35,42,0,116,0,3,14,0,17,39,38,56,0,133,38,0,38,171
01/21/2020,LEX,KY,ASO,CE,Combined TRACON& Tower with Radar,35,39,54,7,135,0,3,44,7,54,35,42,98,14,189,30,8,38,227
01/22/2020,LEX,KY,ASO,CE,Combined TRACON& Tower with Radar,35,36,44,2,117,0,8,86,2,96,35,44,130,4,213,60,0,60,273
01/23/2020,LEX,KY,ASO,CE,Combined TRACON& Tower with Radar,38,51,35,0,124,0,0,35,1,36,38,51,70,1,160,6,0,6,166
01/24/2020,LEX,KY,ASO,CE,Combined TRACON& Tower with Radar,45,48,36,0,129,0,1,2,0,3,45,49,38,0,132,0,0,0,132
01/25/2020,LEX,KY,ASO,CE,Combined TRACON& Tower with Radar,29,32,10,0,71,0,0,0,0,0,29,32,10,0,71,0,0,0,71
01/26/2020,LEX,KY,ASO,CE,Combined TRACON& Tower with Radar,38,38,32,0,108,0,0,31,0,31,38,38,63,0,139,18,0,18,157
01/27/2020,LEX,KY,ASO,CE,Combined TRACON& Tower with Radar,39,39,36,4,118,0,6,26,4,36,39,45,62,8,154,36,14,50,204
01/28/2020,LEX,KY,ASO,CE,Combined TRACON& Tower with Radar,35,37,27,0,99,0,2,9,0,11,35,39,36,0,110,84,0,84,194
01/29/2020,LEX,KY,ASO,CE,Combined TRACON& Tower with Radar,35,37,45,0,117,0,0,21,0,21,35,37,66,0,138,71,0,71,209
01/30/2020,LEX,KY,ASO,CE,Combined TRACON& Tower with Radar,41,43,59,0,143,0,2,72,2,76,41,45,131,2,219,8,0,8,227
01/31/2020,LEX,KY,ASO,CE,Combined TRACON& Tower with Radar,40,44,30,0,114,0,0,4,0,4,40,44,34,0,118,8,0,8,126
02/01/2020,LEX,KY,ASO,CE,Combined TRACON& Tower with Radar,29,26,23,0,78,0,0,9,0,9,29,26,32,0,87,6,0,6,93
02/02/2020,LEX,KY,ASO,CE,Combined TRACON& Tower with Radar,24,39,25,0,88,0,0,37,0,37,24,39,62,0,125,14,0,14,139
02/03/2020,LEX,KY,ASO,CE,Combined TRACON& Tower with Radar,41,40,32,1,114,0,4,57,3,64,41,44,89,4,178,32,0,32,210
02/04/2020,LEX,KY,ASO,CE,Combined TRACON& Tower with Radar,37,32,53,4,126,0,1,0,0,1,37,33,53,4,127,0,0,0,127
02/05/2020,LEX,KY,ASO,CE,Combined TRACON& Tower with Radar,41,39,46,0,126,0,0,0,0,0,41,39,46,0,126,0,0,0,126
02/06/2020,LEX,KY,ASO,CE,Combined TRACON& Tower with Radar,36,36,20,0,92,0,0,0,0,0,36,36,20,0,92,0,0,0,92
02/07/2020,LEX,KY,ASO,CE,Combined TRACON& Tower with Radar,46,38,23,2,109,0,0,3,2,5,46,38,26,4,114,0,0,0,114
02/08/2020,LEX,KY,ASO,CE,Combined TRACON& Tower with Radar,34,26,25,0,85,0,2,19,0,21,34,28,44,0,106,0,0,0,106
02/09/2020,LEX,KY,ASO,CE,Combined TRACON& Tower with Radar,36,32,23,0,91,0,9,58,2,69,36,41,81,2,160,22,0,22,182
02/10/2020,LEX,KY,ASO,CE,Combined TRACON& Tower with Radar,45,46,14,2,107,0,0,0,0,0,45,46,14,2,107,0,0,0,107
02/11/2020,LEX,KY,ASO,CE,Combined TRACON& Tower with Radar,33,38,29,4,104,0,2,8,0,10,33,40,37,4,114,40,0,40,154
02/12/2020,LEX,KY,ASO,CE,Combined TRACON& Tower with Radar,40,35,29,2,106,0,0,8,1,9,40,35,37,3,115,0,0,0,115
02/13/2020,LEX,KY,ASO,CE,Combined TRACON& Tower with Radar,40,35,47,4,126,0,0,6,1,7,40,35,53,5,133,2,0,2,135
02/14/2020,LEX,KY,ASO,CE,Combined TRACON& Tower with Radar,45,40,59,0,144,0,3,60,2,65,45,43,119,2,209,92,0,92,301
02/15/2020,LEX,KY,ASO,CE,Combined TRACON& Tower with Radar,25,53,35,0,113,0,12,86,0,98,25,65,121,0,211,56,0,56,267
02/16/2020,LEX,KY,ASO,CE,Combined TRACON& Tower with Radar,32,48,36,0,116,0,4,66,0,70,32,52,102,0,186,30,0,30,216
02/17/2020,LEX,KY,ASO,CE,Combined TRACON& Tower with Radar,42,30,50,7,129,0,2,64,6,72,42,32,114,13,201,20,16,36,237
02/18/2020,LEX,KY,ASO,CE,Combined TRACON& Tower with Radar,36,33,45,4,118,0,0,0,0,0,36,33,45,4,118,0,0,0,118
02/19/2020,LEX,KY,ASO,CE,Combined TRACON& Tower with Radar,44,41,69,6,160,0,8,60,3,71,44,49,129,9,231,8,0,8,239
02/20/2020,LEX,KY,ASO,CE,Combined TRACON& Tower with Radar,42,38,45,21,146,0,4,59,5,68,42,42,104,26,214,26,29,55,269
02/21/2020,LEX,KY,ASO,CE,Combined TRACON& Tower with Radar,46,41,53,9,149,0,3,112,5,120,46,44,165,14,269,48,0,48,317
02/22/2020,LEX,KY,ASO,CE,Combined TRACON& Tower with Radar,28,41,39,2,110,0,15,101,0,116,28,56,140,2,226,58,0,58,284
02/23/2020,LEX,KY,ASO,CE,Combined TRACON& Tower with Radar,42,38,56,0,136,0,5,93,1,99,42,43,149,1,235,42,0,42,277
02/24/2020,LEX,KY,ASO,CE,Combined TRACON& Tower with Radar,40,37,22,0,99,0,0,3,0,3,40,37,25,0,102,38,0,38,140
02/25/2020,LEX,KY,ASO,CE,Combined TRACON& Tower with Radar,38,31,40,2,111,0,3,4,0,7,38,34,44,2,118,0,0,0,118
02/26/2020,LEX,KY,ASO,CE,Combined TRACON& Tower with Radar,42,40,27,8,117,0,1,4,0,5,42,41,31,8,122,0,0,0,122
02/27/2020,LEX,KY,ASO,CE,Combined TRACON& Tower with Radar,50,48,47,0,145,0,6,46,5,57,50,54,93,5,202,16,0,16,218
02/28/2020,LEX,KY,ASO,CE,Combined TRACON& Tower with Radar,43,49,20,0,112,0,2,35,1,38,43,51,55,1,150,10,0,10,160
02/29/2020,LEX,KY,ASO,CE,Combined TRACON& Tower with Radar,27,48,41,0,116,0,3,104,1,108,27,51,145,1,224,35,0,35,259
03/01/2020,LEX,KY,ASO,CE,Combined TRACON& Tower with Radar,42,50,27,0,119,0,9,65,1,75,42,59,92,1,194,86,0,86,280
03/02/2020,LEX,KY,ASO,CE,Combined TRACON& Tower with Radar,44,40,17,0,101,0,0,0,0,0,44,40,17,0,101,0,0,0,101
03/03/2020,LEX,KY,ASO,CE,Combined TRACON& Tower with Radar,35,39,34,10,118,0,0,20,0,20,35,39,54,10,138,10,0,10,148
03/04/2020,LEX,KY,ASO,CE,Combined TRACON& Tower with Radar,48,36,54,8,146,0,4,69,2,75,48,40,123,10,221,48,0,48,269
03/05/2020,LEX,KY,ASO,CE,Combined TRACON& Tower with Radar,46,41,55,3,145,0,8,89,4,101,46,49,144,7,246,41,0,41,287
03/06/2020,LEX,KY,ASO,CE,Combined TRACON& Tower with Radar,53,40,18,2,113,0,2,2,1,5,53,42,20,3,118,0,0,0,118
03/07/2020,LEX,KY,ASO,CE,Combined TRACON& Tower with Radar,33,34,31,1,99,0,2,122,1,125,33,36,153,2,224,66,0,66,290
03/08/2020,LEX,KY,ASO,CE,Combined TRACON& Tower with Radar,43,38,37,1,119,0,5,63,2,70,43,43,100,3,189,31,0,31,220
03/09/2020,LEX,KY,ASO,CE,Combined TRACON& Tower with Radar,46,36,37,3,122,0,2,25,6,33,46,38,62,9,155,14,0,14,169
03/10/2020,LEX,KY,ASO,CE,Combined TRACON& Tower with Radar,42,35,30,4,111,0,2,4,0,6,42,37,34,4,117,0,0,0,117
03/11/2020,LEX,KY,ASO,CE,Combined TRACON& Tower with Radar,45,39,48,16,148,0,3,51,2,56,45,42,99,18,204,17,20,37,241
03/12/2020,LEX,KY,ASO,CE,Combined TRACON& Tower with Radar,48,40,41,0,129,0,2,44,2,48,48,42,85,2,177,15,0,15,192
03/13/2020,LEX,KY,ASO,CE,Combined TRACON& Tower with Radar,42,38,44,5,129,0,1,87,0,88,42,39,131,5,217,36,0,36,253
03/14/2020,LEX,KY,ASO,CE,Combined TRACON& Tower with Radar,39,20,18,5,82,0,0,13,0,13,39,20,31,5,95,10,0,10,105
03/15/2020,LEX,KY,ASO,CE,Combined TRACON& Tower with Radar,44,30,26,2,102,0,0,9,0,9,44,30,35,2,111,56,0,56,167
03/16/2020,LEX,KY,ASO,CE,Combined TRACON& Tower with Radar,47,35,30,1,113,0,3,18,1,22,47,38,48,2,135,56,0,56,191
03/17/2020,LEX,KY,ASO,CE,Combined TRACON& Tower with Radar,47,31,24,4,106,0,4,23,1,28,47,35,47,5,134,0,0,0,134
03/18/2020,LEX,KY,ASO,CE,Combined TRACON& Tower with Radar,46,32,23,2,103,0,0,6,2,8,46,32,29,4,111,0,0,0,111
03/19/2020,LEX,KY,ASO,CE,Combined TRACON& Tower with Radar,43,33,11,0,87,0,1,3,0,4,43,34,14,0,91,0,0,0,91
03/20/2020,LEX,KY,ASO,CE,Combined TRACON& Tower with Radar,42,36,28,0,106,0,1,22,0,23,42,37,50,0,129,0,0,0,129
03/21/2020,LEX,KY,ASO,CE,Combined TRACON& Tower with Radar,35,27,18,0,80,0,0,7,0,7,35,27,25,0,87,68,0,68,155
03/22/2020,LEX,KY,ASO,CE,Combined TRACON& Tower with Radar,42,18,19,2,81,0,2,84,0,86,42,20,103,2,167,102,0,102,269
03/23/2020,LEX,KY,ASO,CE,Combined TRACON& Tower with Radar,33,21,21,2,77,0,2,10,0,12,33,23,31,2,89,62,0,62,151
03/24/2020,LEX,KY,ASO,CE,Combined TRACON& Tower with Radar,33,17,24,0,74,0,0,47,0,47,33,17,71,0,121,76,0,76,197
03/25/2020,LEX,KY,ASO,CE,Combined TRACON& Tower with Radar,28,24,20,2,74,0,2,70,0,72,28,26,90,2,146,106,0,106,252
03/26/2020,LEX,KY,ASO,CE,Combined TRACON& Tower with Radar,25,14,17,0,56,0,0,69,2,71,25,14,86,2,127,24,0,24,151
03/27/2020,LEX,KY,ASO,CE,Combined TRACON& Tower with Radar,28,20,12,0,60,0,5,38,0,43,28,25,50,0,103,24,0,24,127
03/28/2020,LEX,KY,ASO,CE,Combined TRACON& Tower with Radar,23,16,16,0,55,0,4,19,0,23,23,20,35,0,78,16,0,16,94
03/29/2020,LEX,KY,ASO,CE,Combined TRACON& Tower with Radar,31,21,8,0,60,0,6,3,0,9,31,27,11,0,69,0,0,0,69
03/30/2020,LEX,KY,ASO,CE,Combined TRACON& Tower with Radar,31,18,26,0,75,0,4,41,0,45,31,22,67,0,120,70,0,70,190
03/31/2020,LEX,KY,ASO,CE,Combined TRACON& Tower with Radar,28,20,18,0,66,0,0,4,0,4,28,20,22,0,70,18,0,18,88
04/01/2020,LEX,KY,ASO,CE,Combined TRACON& Tower with Radar,32,16,13,0,61,0,2,33,0,35,32,18,46,0,96,4,0,4,100
04/02/2020,LEX,KY,ASO,CE,Combined TRACON& Tower with Radar,18,23,30,0,71,0,1,63,0,64,18,24,93,0,135,28,0,28,163
04/03/2020,LEX,KY,ASO,CE,Combined TRACON& Tower with Radar,18,18,12,0,48,0,0,83,2,85,18,18,95,2,133,10,0,10,143
04/04/2020,LEX,KY,ASO,CE,Combined TRACON& Tower with Radar,18,13,6,0,37,0,8,59,2,69,18,21,65,2,106,12,0,12,118
04/05/2020,LEX,KY,ASO,CE,Combined TRACON& Tower with Radar,19,19,13,0,51,0,4,39,0,43,19,23,52,0,94,0,0,0,94
04/06/2020,LEX,KY,ASO,CE,Combined TRACON& Tower with Radar,16,9,11,0,36,0,1,30,0,31,16,10,41,0,67,0,0,0,67
04/07/2020,LEX,KY,ASO,CE,Combined TRACON& Tower with Radar,13,10,7,0,30,0,0,39,0,39,13,10,46,0,69,0,0,0,69
04/08/2020,LEX,KY,ASO,CE,Combined TRACON& Tower with Radar,13,17,14,2,46,0,3,13,0,16,13,20,27,2,62,0,0,0,62
04/09/2020,LEX,KY,ASO,CE,Combined TRACON& Tower with Radar,13,13,12,1,39,0,4,25,1,30,13,17,37,2,69,0,0,0,69
04/10/2020,LEX,KY,ASO,CE,Combined TRACON& Tower with Radar,11,12,20,0,43,0,7,47,0,54,11,19,67,0,97,0,0,0,97
04/11/2020,LEX,KY,ASO,CE,Combined TRACON& Tower with Radar,12,10,12,1,35,0,2,54,1,57,12,12,66,2,92,0,0,0,92
04/12/2020,LEX,KY,ASO,CE,Combined TRACON& Tower with Radar,13,11,1,0,25,0,1,3,1,5,13,12,4,1,30,0,0,0,30
04/13/2020,LEX,KY,ASO,CE,Combined TRACON& Tower with Radar,16,10,9,0,35,0,0,1,0,1,16,10,10,0,36,0,0,0,36
04/14/2020,LEX,KY,ASO,CE,Combined TRACON& Tower with Radar,14,8,17,0,39,0,4,25,0,29,14,12,42,0,68,36,0,36,104
04/15/2020,LEX,KY,ASO,CE,Combined TRACON& Tower with Radar,12,9,37,2,60,0,0,50,2,52,12,9,87,4,112,6,0,6,118
04/16/2020,LEX,KY,ASO,CE,Combined TRACON& Tower with Radar,14,10,28,2,54,0,5,74,0,79,14,15,102,2,133,22,0,22,155
04/17/2020,LEX,KY,ASO,CE,Combined TRACON& Tower with Radar,12,8,9,0,29,0,0,6,0,6,12,8,15,0,35,0,0,0,35
04/18/2020,LEX,KY,ASO,CE,Combined TRACON& Tower with Radar,10,12,26,0,48,0,0,58,0,58,10,12,84,0,106,0,0,0,106
04/19/2020,LEX,KY,ASO,CE,Combined TRACON& Tower with Radar,10,6,12,0,28,0,3,30,2,35,10,9,42,2,63,0,0,0,63
04/20/2020,LEX,KY,ASO,CE,Combined TRACON& Tower with Radar,10,3,10,2,25,0,2,51,0,53,10,5,61,2,78,0,0,0,78
04/21/2020,LEX,KY,ASO,CE,Combined TRACON& Tower with Radar,10,6,10,0,26,0,4,14,0,18,10,10,24,0,44,0,0,0,44
04/22/2020,LEX,KY,ASO,CE,Combined TRACON& Tower with Radar,10,12,26,2,50,0,2,73,0,75,10,14,99,2,125,0,0,0,125
04/23/2020,LEX,KY,ASO,CE,Combined TRACON& Tower with Radar,14,8,10,0,32,0,0,0,0,0,14,8,10,0,32,2,0,2,34
04/24/2020,LEX,KY,ASO,CE,Combined TRACON& Tower with Radar,10,7,34,0,51,0,0,19,0,19,10,7,53,0,70,32,0,32,102
04/25/2020,LEX,KY,ASO,CE,Combined TRACON& Tower with Radar,8,7,16,0,31,0,1,17,0,18,8,8,33,0,49,0,0,0,49
04/26/2020,LEX,KY,ASO,CE,Combined TRACON& Tower with Radar,10,12,11,0,33,0,0,0,0,0,10,12,11,0,33,0,0,0,33
04/27/2020,LEX,KY,ASO,CE,Combined TRACON& Tower with Radar,9,10,31,0,50,0,2,75,0,77,9,12,106,0,127,6,0,6,133
04/28/2020,LEX,KY,ASO,CE,Combined TRACON& Tower with Radar,9,4,24,2,39,0,0,13,2,15,9,4,37,4,54,0,0,0,54
04/29/2020,LEX,KY,ASO,CE,Combined TRACON& Tower with Radar,10,8,10,0,28,0,0,2,4,6,10,8,12,4,34,0,0,0,34
04/30/2020,LEX,KY,ASO,CE,Combined TRACON& Tower with Radar,12,14,21,0,47,0,2,1,3,6,12,16,22,3,53,0,0,0,53
05/01/2020,LEX,KY,ASO,CE,Combined TRACON& Tower with Radar,14,20,33,0,67,0,3,57,4,64,14,23,90,4,131,16,0,16,147
05/02/2020,LEX,KY,ASO,CE,Combined TRACON& Tower with Radar,6,9,34,0,49,0,2,63,0,65,6,11,97,0,114,20,0,20,134
05/03/2020,LEX,KY,ASO,CE,Combined TRACON& Tower with Radar,9,9,17,0,35,0,0,13,0,13,9,9,30,0,48,0,0,0,48
05/04/2020,LEX,KY,ASO,CE,Combined TRACON& Tower with Radar,16,15,15,0,46,0,2,87,0,89,16,17,102,0,135,0,0,0,135
05/05/2020,LEX,KY,ASO,CE,Combined TRACON& Tower with Radar,14,8,30,0,52,0,0,0,0,0,14,8,30,0,52,0,0,0,52
05/06/2020,LEX,KY,ASO,CE,Combined TRACON& Tower with Radar,12,11,30,1,54,0,3,22,1,26,12,14,52,2,80,0,0,0,80
05/07/2020,LEX,KY,ASO,CE,Combined TRACON& Tower with Radar,12,8,37,0,57,0,0,68,0,68,12,8,105,0,125,0,0,0,125
05/08/2020,LEX,KY,ASO,CE,Combined TRACON& Tower with Radar,16,19,18,0,53,0,4,3,0,7,16,23,21,0,60,0,0,0,60
05/09/2020,LEX,KY,ASO,CE,Combined TRACON& Tower with Radar,13,8,28,0,49,0,0,70,0,70,13,8,98,0,119,10,0,10,129
05/10/2020,LEX,KY,ASO,CE,Combined TRACON& Tower with Radar,12,12,11,0,35,0,2,18,0,20,12,14,29,0,55,4,0,4,59
05/11/2020,LEX,KY,ASO,CE,Combined TRACON& Tower with Radar,17,13,21,0,51,0,2,40,0,42,17,15,61,0,93,16,0,16,109
05/12/2020,LEX,KY,ASO,CE,Combined TRACON& Tower with Radar,14,9,41,5,69,0,1,83,1,85,14,10,124,6,154,0,0,0,154
05/13/2020,LEX,KY,ASO,CE,Combined TRACON& Tower with Radar,14,17,25,4,60,0,1,2,0,3,14,18,27,4,63,16,0,16,79
05/14/2020,LEX,KY,ASO,CE,Combined TRACON& Tower with Radar,15,17,22,2,56,0,3,52,0,55,15,20,74,2,111,0,0,0,111
05/15/2020,LEX,KY,ASO,CE,Combined TRACON& Tower with Radar,15,15,21,0,51,0,4,23,0,27,15,19,44,0,78,14,10,24,102
05/16/2020,LEX,KY,ASO,CE,Combined TRACON& Tower with Radar,16,10,41,0,67,0,2,28,0,30,16,12,69,0,97,0,0,0,97
05/17/2020,LEX,KY,ASO,CE,Combined TRACON& Tower with Radar,15,12,24,0,51,0,4,50,2,56,15,16,74,2,107,18,0,18,125
05/18/2020,LEX,KY,ASO,CE,Combined TRACON& Tower with Radar,15,18,22,0,55,0,2,6,0,8,15,20,28,0,63,0,0,0,63
05/19/2020,LEX,KY,ASO,CE,Combined TRACON& Tower with Radar,15,16,13,0,44,0,0,0,0,0,15,16,13,0,44,0,0,0,44
05/20/2020,LEX,KY,ASO,CE,Combined TRACON& Tower with Radar,14,16,34,2,66,0,0,12,0,12,14,16,46,2,78,0,0,0,78
05/21/2020,LEX,KY,ASO,CE,Combined TRACON& Tower with Radar,17,12,52,4,85,0,4,15,0,19,17,16,67,4,104,60,0,60,164
05/22/2020,LEX,KY,ASO,CE,Combined TRACON& Tower with Radar,20,18,50,0,88,0,4,83,0,87,20,22,133,0,175,6,0,6,181
05/23/2020,LEX,KY,ASO,CE,Combined TRACON& Tower with Radar,17,8,18,0,43,0,2,36,0,38,17,10,54,0,81,6,0,6,87
05/24/2020,LEX,KY,ASO,CE,Combined TRACON& Tower with Radar,15,13,14,0,42,0,2,43,0,45,15,15,57,0,87,46,0,46,133
05/25/2020,LEX,KY,ASO,CE,Combined TRACON& Tower with Radar,22,11,25,0,58,0,2,46,0,48,22,13,71,0,106,38,0,38,144
05/26/2020,LEX,KY,ASO,CE,Combined TRACON& Tower with Radar,16,16,23,2,57,0,4,33,0,37,16,20,56,2,94,28,0,28,122
05/27/2020,LEX,KY,ASO,CE,Combined TRACON& Tower with Radar,17,15,35,0,67,0,2,47,0,49,17,17,82,0,116,38,0,38,154
05/28/2020,LEX,KY,ASO,CE,Combined TRACON& Tower with Radar,18,15,41,0,74,0,2,51,0,53,18,17,92,0,127,24,0,24,151
05/29/2020,LEX,KY,ASO,CE,Combined TRACON& Tower with Radar,17,16,23,0,56,0,0,34,0,34,17,16,57,0,90,0,4,4,94
05/30/2020,LEX,KY,ASO,CE,Combined TRACON& Tower with Radar,18,11,43,0,72,0,3,88,0,91,18,14,131,0,163,20,0,20,183
05/31/2020,LEX,KY,ASO,CE,Combined TRACON& Tower with Radar,17,17,41,0,75,0,2,113,0,115,17,19,154,0,190,82,0,82,272
06/01/2020,LEX,KY,ASO,CE,Combined TRACON& Tower with Radar,19,12,39,0,70,0,4,71,0,75,19,16,110,0,145,40,0,40,185
06/02/2020,LEX,KY,ASO,CE,Combined TRACON& Tower with Radar,10,18,45,5,78,0,0,69,1,70,10,18,114,6,148,38,0,38,186
06/03/2020,LEX,KY,ASO,CE,Combined TRACON& Tower with Radar,7,27,35,10,79,0,3,65,0,68,7,30,100,10,147,76,0,76,223
06/04/2020,LEX,KY,ASO,CE,Combined TRACON& Tower with Radar,15,19,45,2,81,0,2,45,0,47,15,21,90,2,128,10,0,10,138
06/05/2020,LEX,KY,ASO,CE,Combined TRACON& Tower with Radar,14,15,50,2,81,0,0,26,2,28,14,15,76,4,109,90,0,90,199
06/06/2020,LEX,KY,ASO,CE,Combined TRACON& Tower with Radar,11,18,57,2,88,0,8,72,8,88,11,26,129,10,176,4,0,4,180
06/07/2020,LEX,KY,ASO,CE,Combined TRACON& Tower with Radar,19,22,41,0,82,0,4,106,0,110,19,26,147,0,192,10,0,10,202
06/08/2020,LEX,KY,ASO,CE,Combined TRACON& Tower with Radar,17,20,28,0,65,0,3,62,0,65,17,23,90,0,130,4,8,12,142
06/09/2020,LEX,KY,ASO,CE,Combined TRACON& Tower with Radar,7,19,31,3,60,0,2,10,7,19,7,21,41,10,79,0,0,0,79
06/10/2020,LEX,KY,ASO,CE,Combined TRACON& Tower with Radar,6,20,26,0,52,0,5,9,0,14,6,25,35,0,66,6,0,6,72
06/11/2020,LEX,KY,ASO,CE,Combined TRACON& Tower with Radar,17,23,38,4,82,0,4,109,0,113,17,27,147,4,195,42,0,42,237
06/12/2020,LEX,KY,ASO,CE,Combined TRACON& Tower with Radar,18,16,48,7,89,0,3,87,7,97,18,19,135,14,186,34,24,58,244
06/13/2020,LEX,KY,ASO,CE,Combined TRACON& Tower with Radar,16,14,38,0,68,0,6,90,0,96,16,20,128,0,164,16,0,16,180
06/14/2020,LEX,KY,ASO,CE,Combined TRACON& Tower with Radar,17,17,35,0,69,0,0,27,0,27,17,17,62,0,96,2,0,2,98
06/15/2020,LEX,KY,ASO,CE,Combined TRACON& Tower with Radar,16,22,39,0,77,0,0,53,0,53,16,22,92,0,130,84,0,84,214
06/16/2020,LEX,KY,ASO,CE,Combined TRACON& Tower with Radar,7,26,51,0,84,0,0,69,2,71,7,26,120,2,155,22,0,22,177
06/17/2020,LEX,KY,ASO,CE,Combined TRACON& Tower with Radar,6,26,59,3,94,0,1,73,2,76,6,27,132,5,170,34,0,34,204
06/18/2020,LEX,KY,ASO,CE,Combined TRACON& Tower with Radar,18,21,33,0,72,1,2,36,0,39,19,23,69,0,111,68,0,68,179
06/19/2020,LEX,KY,ASO,CE,Combined TRACON& Tower with Radar,20,29,42,2,93,0,2,50,0,52,20,31,92,2,145,44,0,44,189
06/20/2020,LEX,KY,ASO,CE,Combined TRACON& Tower with Radar,17,20,61,0,98,0,7,94,2,103,17,27,155,2,201,84,0,84,285
06/21/2020,LEX,KY,ASO,CE,Combined TRACON& Tower with Radar,15,28,34,0,77,0,0,28,2,30,15,28,62,2,107,6,0,6,113
06/22/2020,LEX,KY,ASO,CE,Combined TRACON& Tower with Radar,21,33,44,0,98,0,4,44,0,48,21,37,88,0,146,74,0,74,220
06/23/2020,LEX,KY,ASO,CE,Combined TRACON& Tower with Radar,7,17,52,1,77,0,1,16,1,18,7,18,68,2,95,24,0,24,119
06/24/2020,LEX,KY,ASO,CE,Combined TRACON& Tower with Radar,6,19,70,5,100,0,5,86,10,101,6,24,156,15,201,8,0,8,209
06/25/2020,LEX,KY,ASO,CE,Combined TRACON& Tower with Radar,15,21,77,0,113,0,5,92,0,97,15,26,169,0,210,40,0,40,250
06/26/2020,LEX,KY,ASO,CE,Combined TRACON& Tower with Radar,16,16,64,0,96,0,5,81,0,86,16,21,145,0,182,60,0,60,242
06/27/2020,LEX,KY,ASO,CE,Combined TRACON& Tower with Radar,18,18,28,0,64,0,4,1,0,5,18,22,29,0,69,6,0,6,75
06/28/2020,LEX,KY,ASO,CE,Combined TRACON& Tower with Radar,15,21,36,0,72,0,0,3,0,3,15,21,39,0,75,0,0,0,75
06/29/2020,LEX,KY,ASO,CE,Combined TRACON& Tower with Radar,16,18,35,1,70,0,0,16,0,16,16,18,51,1,86,36,0,36,122
06/30/2020,LEX,KY,ASO,CE,Combined TRACON& Tower with Radar,7,23,43,3,76,0,2,43,2,47,7,25,86,5,123,20,0,20,143
07/01/2020,LEX,KY,ASO,CE,Combined TRACON& Tower with Radar,10,20,36,0,66,0,4,38,0,42,10,24,74,0,108,14,0,14,122
07/02/2020,LEX,KY,ASO,CE,Combined TRACON& Tower with Radar,21,19,54,0,94,0,3,88,0,91,21,22,142,0,185,76,0,76,261
07/03/2020,LEX,KY,ASO,CE,Combined TRACON& Tower with Radar,18,17,52,0,87,0,5,79,6,90,18,22,131,6,177,18,0,18,195
07/04/2020,LEX,KY,ASO,CE,Combined TRACON& Tower with Radar,19,18,20,0,57,0,10,45,5,60,19,28,65,5,117,12,0,12,129
07/05/2020,LEX,KY,ASO,CE,Combined TRACON& Tower with Radar,19,15,33,0,67,0,0,56,0,56,19,15,89,0,123,26,0,26,149
07/06/2020,LEX,KY,ASO,CE,Combined TRACON& Tower with Radar,20,22,39,2,83,0,2,42,2,46,20,24,81,4,129,30,0,30,159
07/07/2020,LEX,KY,ASO,CE,Combined TRACON& Tower with Radar,14,21,41,1,77,0,7,66,1,74,14,28,107,2,151,4,0,4,155
07/08/2020,LEX,KY,ASO,CE,Combined TRACON& Tower with Radar,10,26,59,0,95,0,3,36,4,43,10,29,95,4,138,0,0,0,138
07/09/2020,LEX,KY,ASO,CE,Combined TRACON& Tower with Radar,22,30,52,1,105,0,4,55,1,60,22,34,107,2,165,8,0,8,173
07/10/2020,LEX,KY,ASO,CE,Combined TRACON& Tower with Radar,22,40,53,2,117,0,4,44,4,52,22,44,97,6,169,26,0,26,195
07/11/2020,LEX,KY,ASO,CE,Combined TRACON& Tower with Radar,22,24,51,0,97,0,10,75,0,85,22,34,126,0,182,34,0,34,216
07/12/2020,LEX,KY,ASO,CE,Combined TRACON& Tower with Radar,22,28,26,0,76,0,4,42,0,46,22,32,68,0,122,30,0,30,152
07/13/2020,LEX,KY,ASO,CE,Combined TRACON& Tower with Radar,25,30,45,0,100,0,7,113,1,121,25,37,158,1,221,40,0,40,261
07/14/2020,LEX,KY,ASO,CE,Combined TRACON& Tower with Radar,15,24,40,2,81,0,0,95,7,102,15,24,135,9,183,20,14,34,217
07/15/2020,LEX,KY,ASO,CE,Combined TRACON& Tower with Radar,11,23,42,2,78,0,2,85,0,87,11,25,127,2,165,16,0,16,181
07/16/2020,LEX,KY,ASO,CE,Combined TRACON& Tower with Radar,22,23,42,7,94,0,7,35,3,45,22,30,77,10,139,6,22,28,167
07/17/2020,LEX,KY,ASO,CE,Combined TRACON& Tower with Radar,24,28,25,0,77,0,4,37,4,45,24,32,62,4,122,14,0,14,136
07/18/2020,LEX,KY,ASO,CE,Combined TRACON& Tower with Radar,22,23,46,0,91,0,3,72,0,75,22,26,118,0,166,54,0,54,220
07/19/2020,LEX,KY,ASO,CE,Combined TRACON& Tower with Radar,23,24,42,0,89,0,6,52,0,58,23,30,94,0,147,12,0,12,159
07/20/2020,LEX,KY,ASO,CE,Combined TRACON& Tower with Radar,24,26,38,0,88,0,0,34,1,35,24,26,72,1,123,76,0,76,199
07/21/2020,LEX,KY,ASO,CE,Combined TRACON& Tower with Radar,12,31,64,6,113,0,6,78,0,84,12,37,142,6,197,34,0,34,231
07/22/2020,LEX,KY,ASO,CE,Combined TRACON& Tower with Radar,10,24,42,0,76,0,2,50,1,53,10,26,92,1,129,26,0,26,155
07/23/2020,LEX,KY,ASO,CE,Combined TRACON& Tower with Radar,22,29,43,4,98,0,0,13,1,14,22,29,56,5,112,50,0,50,162
07/24/2020,LEX,KY,ASO,CE,Combined TRACON& Tower with Radar,22,30,63,0,115,0,5,91,1,97,22,35,154,1,212,68,0,68,280
07/25/2020,LEX,KY,ASO,CE,Combined TRACON& Tower with Radar,22,20,40,0,82,0,3,91,0,94,22,23,131,0,176,50,0,50,226
07/26/2020,LEX,KY,ASO,CE,Combined TRACON& Tower with Radar,22,36,37,0,95,0,4,61,4,69,22,40,98,4,164,20,0,20,184
07/27/2020,LEX,KY,ASO,CE,Combined TRACON& Tower with Radar,25,45,43,2,115,0,0,49,1,50,25,45,92,3,165,28,0,28,193
07/28/2020,LEX,KY,ASO,CE,Combined TRACON& Tower with Radar,12,29,39,0,80,0,4,42,3,49,12,33,81,3,129,39,0,39,168
07/29/2020,LEX,KY,ASO,CE,Combined TRACON& Tower with Radar,10,36,59,2,107,0,4,105,4,113,10,40,164,6,220,84,0,84,304
07/30/2020,LEX,KY,ASO,CE,Combined TRACON& Tower with Radar,32,34,32,0,98,0,0,23,0,23,32,34,55,0,121,0,0,0,121
07/31/2020,LEX,KY,ASO,CE,Combined TRACON& Tower with Radar,26,33,38,2,99,0,4,2,0,6,26,37,40,2,105,0,0,0,105
08/01/2020,LEX,KY,ASO,CE,Combined TRACON& Tower with Radar,24,29,35,2,90,0,3,7,0,10,24,32,42,2,100,0,0,0,100
08/02/2020,LEX,KY,ASO,CE,Combined TRACON& Tower with Radar,25,36,61,0,122,0,2,40,0,42,25,38,101,0,164,50,0,50,214
08/03/2020,LEX,KY,ASO,CE,Combined TRACON& Tower with Radar,27,38,27,0,92,0,0,60,0,60,27,38,87,0,152,12,0,12,164
08/04/2020,LEX,KY,ASO,CE,Combined TRACON& Tower with Radar,18,20,38,2,78,0,1,43,4,48,18,21,81,6,126,8,0,8,134
08/05/2020,LEX,KY,ASO,CE,Combined TRACON& Tower with Radar,19,23,44,0,86,0,0,103,5,108,19,23,147,5,194,22,0,22,216
08/06/2020,LEX,KY,ASO,CE,Combined TRACON& Tower with Radar,26,33,67,4,130,0,0,96,4,100,26,33,163,8,230,36,0,36,266
08/07/2020,LEX,KY,ASO,CE,Combined TRACON& Tower with Radar,28,26,54,6,114,0,2,90,4,96,28,28,144,10,210,18,0,18,228
08/08/2020,LEX,KY,ASO,CE,Combined TRACON& Tower with Radar,19,30,41,0,90,0,4,84,0,88,19,34,125,0,178,20,0,20,198
08/09/2020,LEX,KY,ASO,CE,Combined TRACON& Tower with Radar,26,28,41,0,95,0,2,57,2,61,26,30,98,2,156,47,0,47,203
08/10/2020,LEX,KY,ASO,CE,Combined TRACON& Tower with Radar,29,34,26,0,89,0,0,15,0,15,29,34,41,0,104,24,0,24,128
08/11/2020,LEX,KY,ASO,CE,Combined TRACON& Tower with Radar,20,29,71,4,124,0,0,77,0,77,20,29,148,4,201,48,0,48,249
08/12/2020,LEX,KY,ASO,CE,Combined TRACON& Tower with Radar,18,31,52,8,109,0,2,65,2,69,18,33,117,10,178,36,0,36,214
08/13/2020,LEX,KY,ASO,CE,Combined TRACON& Tower with Radar,24,36,34,7,101,0,1,62,1,64,24,37,96,8,165,10,0,10,175
08/14/2020,LEX,KY,ASO,CE,Combined TRACON& Tower with Radar,25,35,28,0,88,0,2,33,0,35,25,37,61,0,123,8,0,8,131
08/15/2020,LEX,KY,ASO,CE,Combined TRACON& Tower with Radar,17,21,53,0,91,0,0,42,2,44,17,21,95,2,135,10,0,10,145
08/16/2020,LEX,KY,ASO,CE,Combined TRACON& Tower with Radar,23,24,26,0,73,0,0,65,0,65,23,24,91,0,138,36,0,36,174
08/17/2020,LEX,KY,ASO,CE,Combined TRACON& Tower with Radar,29,33,33,2,97,0,1,101,0,102,29,34,134,2,199,28,0,28,227
08/18/2020,LEX,KY,ASO,CE,Combined TRACON& Tower with Radar,16,26,27,3,72,0,0,39,0,39,16,26,66,3,111,38,0,38,149
08/19/2020,LEX,KY,ASO,CE,Combined TRACON& Tower with Radar,16,33,69,6,124,0,4,108,4,116,16,37,177,10,240,34,0,34,274
08/20/2020,LEX,KY,ASO,CE,Combined TRACON& Tower with Radar,22,31,41,0,94,0,1,86,2,89,22,32,127,2,183,45,0,45,228
08/21/2020,LEX,KY,ASO,CE,Combined TRACON& Tower with Radar,24,28,29,0,81,0,0,47,0,47,24,28,76,0,128,42,0,42,170
08/22/2020,LEX,KY,ASO,CE,Combined TRACON& Tower with Radar,14,28,31,0,73,0,2,13,0,15,14,30,44,0,88,0,0,0,88
08/23/2020,LEX,KY,ASO,CE,Combined TRACON& Tower with Radar,22,29,59,51,161,0,0,41,14,55,22,29,100,65,216,2,0,2,218
08/24/2020,LEX,KY,ASO,CE,Combined TRACON& Tower with Radar,23,36,40,1,100,0,4,97,2,103,23,40,137,3,203,70,0,70,273
08/25/2020,LEX,KY,ASO,CE,Combined TRACON& Tower with Radar,20,27,64,3,114,0,10,75,5,90,20,37,139,8,204,68,0,68,272
08/26/2020,LEX,KY,ASO,CE,Combined TRACON& Tower with Radar,19,21,71,63,174,0,3,83,8,94,19,24,154,71,268,68,0,68,336
08/27/2020,LEX,KY,ASO,CE,Combined TRACON& Tower with Radar,22,39,34,6,101,0,0,41,3,44,22,39,75,9,145,129,0,129,274
08/28/2020,LEX,KY,ASO,CE,Combined TRACON& Tower with Radar,22,31,27,1,81,0,4,23,2,29,22,35,50,3,110,4,0,4,114
08/29/2020,LEX,KY,ASO,CE,Combined TRACON& Tower with Radar,14,24,21,8,67,0,8,6,0,14,14,32,27,8,81,4,0,4,85
08/30/2020,LEX,KY,ASO,CE,Combined TRACON& Tower with Radar,22,22,43,0,87,0,3,81,0,84,22,25,124,0,171,4,0,4,175
08/31/2020,LEX,KY,ASO,CE,Combined TRACON& Tower with Radar,23,25,40,0,88,0,0,9,2,11,23,25,49,2,99,12,0,12,111
09/01/2020,LEX,KY,ASO,CE,Combined TRACON& Tower with Radar,15,24,46,5,90,0,4,30,3,37,15,28,76,8,127,60,0,60,187
09/02/2020,LEX,KY,ASO,CE,Combined TRACON& Tower with Radar,15,27,61,1,104,0,1,27,1,29,15,28,88,2,133,28,0,28,161
09/03/2020,LEX,KY,ASO,CE,Combined TRACON& Tower with Radar,24,40,38,1,103,0,1,19,3,23,24,41,57,4,126,0,0,0,126
09/04/2020,LEX,KY,ASO,CE,Combined TRACON& Tower with Radar,24,32,86,0,142,0,4,94,0,98,24,36,180,0,240,44,0,44,284
09/05/2020,LEX,KY,ASO,CE,Combined TRACON& Tower with Radar,13,24,35,0,72,0,2,117,0,119,13,26,152,0,191,34,0,34,225
09/06/2020,LEX,KY,ASO,CE,Combined TRACON& Tower with Radar,22,25,36,0,83,0,0,84,0,84,22,25,120,0,167,26,0,26,193
09/07/2020,LEX,KY,ASO,CE,Combined TRACON& Tower with Radar,25,40,62,0,127,0,5,93,1,99,25,45,155,1,226,35,0,35,261
09/08/2020,LEX,KY,ASO,CE,Combined TRACON& Tower with Radar,17,30,49,0,96,0,6,104,0,110,17,36,153,0,206,50,0,50,256
09/09/2020,LEX,KY,ASO,CE,Combined TRACON& Tower with Radar,16,24,51,2,93,0,2,89,0,91,16,26,140,2,184,30,0,30,214
09/10/2020,LEX,KY,ASO,CE,Combined TRACON& Tower with Radar,20,37,52,5,114,0,4,76,7,87,20,41,128,12,201,26,0,26,227
09/11/2020,LEX,KY,ASO,CE,Combined TRACON& Tower with Radar,22,37,55,2,116,0,3,3,0,6,22,40,58,2,122,0,0,0,122
09/12/2020,LEX,KY,ASO,CE,Combined TRACON& Tower with Radar,13,31,37,0,81,0,2,37,1,40,13,33,74,1,121,12,0,12,133
09/13/2020,LEX,KY,ASO,CE,Combined TRACON& Tower with Radar,19,31,35,0,85,0,0,12,0,12,19,31,47,0,97,0,0,0,97
09/14/2020,LEX,KY,ASO,CE,Combined TRACON& Tower with Radar,21,40,39,0,100,0,0,95,2,97,21,40,134,2,197,32,0,32,229
09/15/2020,LEX,KY,ASO,CE,Combined TRACON& Tower with Radar,16,29,71,11,127,0,4,93,3,100,16,33,164,14,227,14,0,14,241
09/16/2020,LEX,KY,ASO,CE,Combined TRACON& Tower with Radar,15,36,66,4,121,0,0,82,4,86,15,36,148,8,207,46,0,46,253
09/17/2020,LEX,KY,ASO,CE,Combined TRACON& Tower with Radar,20,30,56,5,111,0,6,84,3,93,20,36,140,8,204,22,0,22,226
09/18/2020,LEX,KY,ASO,CE,Combined TRACON& Tower with Radar,22,34,54,2,112,0,0,68,3,71,22,34,122,5,183,14,0,14,197
09/19/2020,LEX,KY,ASO,CE,Combined TRACON& Tower with Radar,13,33,58,4,108,0,2,109,1,112,13,35,167,5,220,18,0,18,238
09/20/2020,LEX,KY,ASO,CE,Combined TRACON& Tower with Radar,20,31,37,0,88,0,3,93,0,96,20,34,130,0,184,50,0,50,234
09/21/2020,LEX,KY,ASO,CE,Combined TRACON& Tower with Radar,21,26,50,19,116,0,4,90,2,96,21,30,140,21,212,40,0,40,252
09/22/2020,LEX,KY,ASO,CE,Combined TRACON& Tower with Radar,17,25,44,4,90,0,5,83,7,95,17,30,127,11,185,38,0,38,223
09/23/2020,LEX,KY,ASO,CE,Combined TRACON& Tower with Radar,15,28,43,2,88,0,2,83,0,85,15,30,126,2,173,34,0,34,207
09/24/2020,LEX,KY,ASO,CE,Combined TRACON& Tower with Radar,20,32,44,0,96,0,3,81,0,84,20,35,125,0,180,8,0,8,188
09/25/2020,LEX,KY,ASO,CE,Combined TRACON& Tower with Radar,22,30,42,0,94,0,5,71,0,76,22,35,113,0,170,32,0,32,202
09/26/2020,LEX,KY,ASO,CE,Combined TRACON& Tower with Radar,15,28,52,3,98,0,2,42,3,47,15,30,94,6,145,30,0,30,175
09/27/2020,LEX,KY,ASO,CE,Combined TRACON& Tower with Radar,20,37,50,2,109,0,0,45,0,45,20,37,95,2,154,50,0,50,204
09/28/2020,LEX,KY,ASO,CE,Combined TRACON& Tower with Radar,24,26,31,0,81,0,2,6,1,9,24,28,37,1,90,0,0,0,90
09/29/2020,LEX,KY,ASO,CE,Combined TRACON& Tower with Radar,15,26,35,0,76,0,2,15,1,18,15,28,50,1,94,22,0,22,116
09/30/2020,LEX,KY,ASO,CE,Combined TRACON& Tower with Radar,15,31,38,3,87,0,3,31,1,35,15,34,69,4,122,6,0,6,128
10/01/2020,LEX,KY,ASO,CE,Combined TRACON& Tower with Radar,20,38,47,0,105,0,0,77,0,77,20,38,124,0,182,59,0,59,241
10/02/2020,LEX,KY,ASO,CE,Combined TRACON& Tower with Radar,21,38,56,0,115,0,8,86,0,94,21,46,142,0,209,48,0,48,257
10/03/2020,LEX,KY,ASO,CE,Combined TRACON& Tower with Radar,20,37,41,0,98,0,9,83,0,92,20,46,124,0,190,72,0,72,262
10/04/2020,LEX,KY,ASO,CE,Combined TRACON& Tower with Radar,19,31,56,0,106,0,2,47,0,49,19,33,103,0,155,18,0,18,173
10/05/2020,LEX,KY,ASO,CE,Combined TRACON& Tower with Radar,20,32,41,12,105,0,2,62,3,67,20,34,103,15,172,0,0,0,172
10/06/2020,LEX,KY,ASO,CE,Combined TRACON& Tower with Radar,15,28,35,3,81,0,6,90,4,100,15,34,125,7,181,78,0,78,259
10/07/2020,LEX,KY,ASO,CE,Combined TRACON& Tower with Radar,17,29,53,6,105,0,2,103,3,108,17,31,156,9,213,52,0,52,265
10/08/2020,LEX,KY,ASO,CE,Combined TRACON& Tower with Radar,21,30,61,3,115,0,5,135,8,148,21,35,196,11,263,106,0,106,369
10/09/2020,LEX,KY,ASO,CE,Combined TRACON& Tower with Radar,22,28,57,0,107,0,4,73,0,77,22,32,130,0,184,72,0,72,256
10/10/2020,LEX,KY,ASO,CE,Combined TRACON& Tower with Radar,19,27,38,0,84,0,0,7,3,10,19,27,45,3,94,0,0,0,94
10/11/2020,LEX,KY,ASO,CE,Combined TRACON& Tower with Radar,26,29,37,0,92,0,1,0,2,3,26,30,37,2,95,0,0,0,95
10/12/2020,LEX,KY,ASO,CE,Combined TRACON& Tower with Radar,22,28,51,0,101,0,2,11,0,13,22,30,62,0,114,10,0,10,124
10/13/2020,LEX,KY,ASO,CE,Combined TRACON& Tower with Radar,15,22,48,3,88,0,3,109,2,114,15,25,157,5,202,98,0,98,300
10/14/2020,LEX,KY,ASO,CE,Combined TRACON& Tower with Radar,18,25,38,4,85,0,0,85,0,85,18,25,123,4,170,74,0,74,244
10/15/2020,LEX,KY,ASO,CE,Combined TRACON& Tower with Radar,20,38,51,1,110,0,2,36,3,41,20,40,87,4,151,26,0,26,177
10/16/2020,LEX,KY,ASO,CE,Combined TRACON& Tower with Radar,20,27,54,0,101,0,6,91,0,97,20,33,145,0,198,12,0,12,210
10/17/2020,LEX,KY,ASO,CE,Combined TRACON& Tower with Radar,19,21,26,0,66,0,3,128,0,131,19,24,154,0,197,36,0,36,233
10/18/2020,LEX,KY,ASO,CE,Combined TRACON& Tower with Radar,22,32,50,0,104,0,1,28,0,29,22,33,78,0,133,8,0,8,141
10/19/2020,LEX,KY,ASO,CE,Combined TRACON& Tower with Radar,23,25,22,0,70,0,0,9,0,9,23,25,31,0,79,0,0,0,79
10/20/2020,LEX,KY,ASO,CE,Combined TRACON& Tower with Radar,15,25,48,1,89,0,5,12,1,18,15,30,60,2,107,18,0,18,125
10/21/2020,LEX,KY,ASO,CE,Combined TRACON& Tower with Radar,18,35,61,14,128,0,1,108,6,115,18,36,169,20,243,92,0,92,335
10/22/2020,LEX,KY,ASO,CE,Combined TRACON& Tower with Radar,24,31,59,3,117,0,1,75,7,83,24,32,134,10,200,48,0,48,248
10/23/2020,LEX,KY,ASO,CE,Combined TRACON& Tower with Radar,22,31,36,6,95,0,0,53,1,54,22,31,89,7,149,18,0,18,167
10/24/2020,LEX,KY,ASO,CE,Combined TRACON& Tower with Radar,25,18,41,0,84,0,3,7,1,11,25,21,48,1,95,92,0,92,187
10/25/2020,LEX,KY,ASO,CE,Combined TRACON& Tower with Radar,21,31,53,4,109,0,2,7,0,9,21,33,60,4,118,0,0,0,118
10/26/2020,LEX,KY,ASO,CE,Combined TRACON& Tower with Radar,25,33,70,0,128,0,3,4,0,7,25,36,74,0,135,0,0,0,135
10/27/2020,LEX,KY,ASO,CE,Combined TRACON& Tower with Radar,17,22,32,5,76,0,2,11,1,14,17,24,43,6,90,0,0,0,90
10/28/2020,LEX,KY,ASO,CE,Combined TRACON& Tower with Radar,18,23,66,0,107,0,2,2,0,4,18,25,68,0,111,12,0,12,123
10/29/2020,LEX,KY,ASO,CE,Combined TRACON& Tower with Radar,18,36,26,0,80,0,0,0,0,0,18,36,26,0,80,0,0,0,80
10/30/2020,LEX,KY,ASO,CE,Combined TRACON& Tower with Radar,22,39,69,0,130,0,5,69,2,76,22,44,138,2,206,78,0,78,284
10/31/2020,LEX,KY,ASO,CE,Combined TRACON& Tower with Radar,17,26,56,0,99,0,7,105,2,114,17,33,161,2,213,40,0,40,253
11/01/2020,LEX,KY,ASO,CE,Combined TRACON& Tower with Radar,20,35,39,0,94,0,2,5,0,7,20,37,44,0,101,0,0,0,101
11/02/2020,LEX,KY,ASO,CE,Combined TRACON& Tower with Radar,22,32,65,3,122,0,4,91,4,99,22,36,156,7,221,42,0,42,263
11/03/2020,LEX,KY,ASO,CE,Combined TRACON& Tower with Radar,18,11,30,6,65,0,0,95,2,97,18,11,125,8,162,23,0,23,185
11/04/2020,LEX,KY,ASO,CE,Combined TRACON& Tower with Radar,19,26,67,0,112,0,0,94,0,94,19,26,161,0,206,0,0,0,206
11/05/2020,LEX,KY,ASO,CE,Combined TRACON& Tower with Radar,20,53,94,7,174,0,10,68,4,82,20,63,162,11,256,6,0,6,262
11/06/2020,LEX,KY,ASO,CE,Combined TRACON& Tower with Radar,23,49,68,35,175,0,4,96,7,107,23,53,164,42,282,0,8,8,290
11/07/2020,LEX,KY,ASO,CE,Combined TRACON& Tower with Radar,18,64,56,1,139,0,4,105,0,109,18,68,161,1,248,0,0,0,248
11/08/2020,LEX,KY,ASO,CE,Combined TRACON& Tower with Radar,24,47,61,0,132,0,1,102,0,103,24,48,163,0,235,26,0,26,261
11/09/2020,LEX,KY,ASO,CE,Combined TRACON& Tower with Radar,19,45,35,0,99,0,2,77,6,85,19,47,112,6,184,46,0,46,230
11/10/2020,LEX,KY,ASO,CE,Combined TRACON& Tower with Radar,14,32,28,20,94,0,3,57,2,62,14,35,85,22,156,54,0,54,210
11/11/2020,LEX,KY,ASO,CE,Combined TRACON& Tower with Radar,19,27,49,0,95,0,0,9,2,11,19,27,58,2,106,48,0,48,154
11/12/2020,LEX,KY,ASO,CE,Combined TRACON& Tower with Radar,21,45,57,1,124,0,3,84,5,92,21,48,141,6,216,72,0,72,288
11/13/2020,LEX,KY,ASO,CE,Combined TRACON& Tower with Radar,20,32,55,5,112,0,0,71,5,76,20,32,126,10,188,56,0,56,244
11/14/2020,LEX,KY,ASO,CE,Combined TRACON& Tower with Radar,16,28,30,0,74,0,4,78,0,82,16,32,108,0,156,6,0,6,162
11/15/2020,LEX,KY,ASO,CE,Combined TRACON& Tower with Radar,19,40,22,0,81,0,1,4,0,5,19,41,26,0,86,10,0,10,96
11/16/2020,LEX,KY,ASO,CE,Combined TRACON& Tower with Radar,19,31,47,2,99,0,3,55,3,61,19,34,102,5,160,14,0,14,174
11/17/2020,LEX,KY,ASO,CE,Combined TRACON& Tower with Radar,17,26,29,0,72,0,0,45,6,51,17,26,74,6,123,20,0,20,143
11/18/2020,LEX,KY,ASO,CE,Combined TRACON& Tower with Radar,15,23,50,2,90,0,1,91,2,94,15,24,141,4,184,0,0,0,184
11/19/2020,LEX,KY,ASO,CE,Combined TRACON& Tower with Radar,16,36,35,4,91,0,3,30,8,41,16,39,65,12,132,16,0,16,148
11/20/2020,LEX,KY,ASO,CE,Combined TRACON& Tower with Radar,23,47,42,0,112,0,3,43,0,46,23,50,85,0,158,26,0,26,184
11/21/2020,LEX,KY,ASO,CE,Combined TRACON& Tower with Radar,23,30,41,0,94,0,0,9,0,9,23,30,50,0,103,32,0,32,135
11/22/2020,LEX,KY,ASO,CE,Combined TRACON& Tower with Radar,24,26,30,1,81,0,1,3,0,4,24,27,33,1,85,16,0,16,101
11/23/2020,LEX,KY,ASO,CE,Combined TRACON& Tower with Radar,18,25,43,0,86,0,6,73,2,81,18,31,116,2,167,81,0,81,248
11/24/2020,LEX,KY,ASO,CE,Combined TRACON& Tower with Radar,19,33,27,6,85,0,2,73,1,76,19,35,100,7,161,42,0,42,203
11/25/2020,LEX,KY,ASO,CE,Combined TRACON& Tower with Radar,27,36,22,0,85,0,1,7,0,8,27,37,29,0,93,15,0,15,108
11/26/2020,LEX,KY,ASO,CE,Combined TRACON& Tower with Radar,7,8,13,0,28,0,1,4,0,5,7,9,17,0,33,6,0,6,39
11/27/2020,LEX,KY,ASO,CE,Combined TRACON& Tower with Radar,22,27,34,0,83,0,1,59,1,61,22,28,93,1,144,6,0,6,150
11/28/2020,LEX,KY,ASO,CE,Combined TRACON& Tower with Radar,19,33,35,0,87,0,6,57,0,63,19,39,92,0,150,0,0,0,150
11/29/2020,LEX,KY,ASO,CE,Combined TRACON& Tower with Radar,26,43,41,2,112,0,9,66,2,77,26,52,107,4,189,26,0,26,215
11/30/2020,LEX,KY,ASO,CE,Combined TRACON& Tower with Radar,26,31,11,0,68,0,0,0,0,0,26,31,11,0,68,0,0,0,68
12/01/2020,LEX,KY,ASO,CE,Combined TRACON& Tower with Radar,15,27,22,0,64,0,3,22,0,25,15,30,44,0,89,30,0,30,119
12/02/2020,LEX,KY,ASO,CE,Combined TRACON& Tower with Radar,14,27,44,4,89,0,8,101,4,113,14,35,145,8,202,30,0,30,232
12/03/2020,LEX,KY,ASO,CE,Combined TRACON& Tower with Radar,26,21,47,2,96,0,0,55,3,58,26,21,102,5,154,36,0,36,190
12/04/2020,LEX,KY,ASO,CE,Combined TRACON& Tower with Radar,25,32,32,3,92,0,0,1,0,1,25,32,33,3,93,0,0,0,93
12/05/2020,LEX,KY,ASO,CE,Combined TRACON& Tower with Radar,14,15,43,1,73,0,1,37,0,38,14,16,80,1,111,28,0,28,139
12/06/2020,LEX,KY,ASO,CE,Combined TRACON& Tower with Radar,23,24,38,0,85,0,2,30,0,32,23,26,68,0,117,36,0,36,153
12/07/2020,LEX,KY,ASO,CE,Combined TRACON& Tower with Radar,22,24,18,0,64,0,0,10,2,12,22,24,28,2,76,20,0,20,96
12/08/2020,LEX,KY,ASO,CE,Combined TRACON& Tower with Radar,13,20,40,2,75,0,2,54,2,58,13,22,94,4,133,36,0,36,169
12/09/2020,LEX,KY,ASO,CE,Combined TRACON& Tower with Radar,12,20,45,2,79,0,4,58,0,62,12,24,103,2,141,46,0,46,187
12/10/2020,LEX,KY,ASO,CE,Combined TRACON& Tower with Radar,20,29,46,3,98,0,10,115,8,133,20,39,161,11,231,58,0,58,289
12/11/2020,LEX,KY,ASO,CE,Combined TRACON& Tower with Radar,23,31,53,2,109,0,6,109,1,116,23,37,162,3,225,56,0,56,281
12/12/2020,LEX,KY,ASO,CE,Combined TRACON& Tower with Radar,15,19,13,0,47,0,0,3,0,3,15,19,16,0,50,0,0,0,50
12/13/2020,LEX,KY,ASO,CE,Combined TRACON& Tower with Radar,22,24,43,0,89,0,1,21,0,22,22,25,64,0,111,12,0,12,123
12/14/2020,LEX,KY,ASO,CE,Combined TRACON& Tower with Radar,21,24,33,3,81,0,1,9,1,11,21,25,42,4,92,30,0,30,122
12/15/2020,LEX,KY,ASO,CE,Combined TRACON& Tower with Radar,13,16,70,6,105,0,1,87,2,90,13,17,157,8,195,28,0,28,223
12/16/2020,LEX,KY,ASO,CE,Combined TRACON& Tower with Radar,12,21,21,0,54,0,0,0,0,0,12,21,21,0,54,0,0,0,54
12/17/2020,LEX,KY,ASO,CE,Combined TRACON& Tower with Radar,25,30,27,2,84,0,0,6,0,6,25,30,33,2,90,6,0,6,96
12/18/2020,LEX,KY,ASO,CE,Combined TRACON& Tower with Radar,25,33,53,2,113,0,1,98,0,99,25,34,151,2,212,26,0,26,238
12/19/2020,LEX,KY,ASO,CE,Combined TRACON& Tower with Radar,26,25,45,0,96,0,3,62,0,65,26,28,107,0,161,16,0,16,177
12/20/2020,LEX,KY,ASO,CE,Combined TRACON& Tower with Radar,24,32,20,0,76,0,1,8,0,9,24,33,28,0,85,22,0,22,107
12/21/2020,LEX,KY,ASO,CE,Combined TRACON& Tower with Radar,25,33,35,0,93,0,3,15,0,18,25,36,50,0,111,10,0,10,121
12/22/2020,LEX,KY,ASO,CE,Combined TRACON& Tower with Radar,29,33,79,1,142,0,3,142,3,148,29,36,221,4,290,46,0,46,336
12/23/2020,LEX,KY,ASO,CE,Combined TRACON& Tower with Radar,26,29,28,0,83,0,1,26,0,27,26,30,54,0,110,0,0,0,110
12/24/2020,LEX,KY,ASO,CE,Combined TRACON& Tower with Radar,18,17,11,0,46,0,0,1,0,1,18,17,12,0,47,0,0,0,47
12/25/2020,LEX,KY,ASO,CE,Combined TRACON& Tower with Radar,17,10,3,0,30,0,2,1,0,3,17,12,4,0,33,0,0,0,33
12/26/2020,LEX,KY,ASO,CE,Combined TRACON& Tower with Radar,22,33,53,0,108,0,0,52,0,52,22,33,105,0,160,0,0,0,160
12/27/2020,LEX,KY,ASO,CE,Combined TRACON& Tower with Radar,24,31,47,0,102,0,7,46,0,53,24,38,93,0,155,0,0,0,155
12/28/2020,LEX,KY,ASO,CE,Combined TRACON& Tower with Radar,26,35,33,1,95,0,2,65,12,79,26,37,98,13,174,32,0,32,206
12/29/2020,LEX,KY,ASO,CE,Combined TRACON& Tower with Radar,25,25,49,1,100,0,10,131,1,142,25,35,180,2,242,76,0,76,318
12/30/2020,LEX,KY,ASO,CE,Combined TRACON& Tower with Radar,23,26,16,2,67,0,3,22,0,25,23,29,38,2,92,0,0,0,92
12/31/2020,LEX,KY,ASO,CE,Combined TRACON& Tower with Radar,20,15,8,0,43,0,0,0,0,0,20,15,8,0,43,0,0,0,43
01/01/2021,LEX,KY,ASO,CE,Combined TRACON& Tower with Radar,18,20,13,0,51,0,0,2,0,2,18,20,15,0,53,0,0,0,53
01/02/2021,LEX,KY,ASO,CE,Combined TRACON& Tower with Radar,25,32,34,0,91,0,1,0,0,1,25,33,34,0,92,10,0,10,102
01/03/2021,LEX,KY,ASO,CE,Combined TRACON& Tower with Radar,23,37,34,0,94,0,0,1,0,1,23,37,35,0,95,0,0,0,95
01/04/2021,LEX,KY,ASO,CE,Combined TRACON& Tower with Radar,20,27,39,2,88,0,3,77,2,82,20,30,116,4,170,54,0,54,224
01/05/2021,LEX,KY,ASO,CE,Combined TRACON& Tower with Radar,19,22,13,0,54,0,0,3,2,5,19,22,16,2,59,0,0,0,59
01/06/2021,LEX,KY,ASO,CE,Combined TRACON& Tower with Radar,20,23,37,2,82,0,3,31,4,38,20,26,68,6,120,14,0,14,134
01/07/2021,LEX,KY,ASO,CE,Combined TRACON& Tower with Radar,25,27,30,1,83,0,0,26,3,29,25,27,56,4,112,24,0,24,136
01/08/2021,LEX,KY,ASO,CE,Combined TRACON& Tower with Radar,28,34,11,0,73,0,0,10,0,10,28,34,21,0,83,6,0,6,89
01/09/2021,LEX,KY,ASO,CE,Combined TRACON& Tower with Radar,18,27,15,2,62,0,0,20,0,20,18,27,35,2,82,69,0,69,151
01/10/2021,LEX,KY,ASO,CE,Combined TRACON& Tower with Radar,22,26,43,1,92,0,4,98,0,102,22,30,141,1,194,40,0,40,234
01/11/2021,LEX,KY,ASO,CE,Combined TRACON& Tower with Radar,23,26,39,4,92,0,1,30,4,35,23,27,69,8,127,92,0,92,219
01/12/2021,LEX,KY,ASO,CE,Combined TRACON& Tower with Radar,18,23,41,6,88,0,2,43,2,47,18,25,84,8,135,60,0,60,195
01/13/2021,LEX,KY,ASO,CE,Combined TRACON& Tower with Radar,18,21,35,1,75,0,8,100,8,116,18,29,135,9,191,101,0,101,292
01/14/2021,LEX,KY,ASO,CE,Combined TRACON& Tower with Radar,22,23,41,1,87,0,0,63,10,73,22,23,104,11,160,66,0,66,226
01/15/2021,LEX,KY,ASO,CE,Combined TRACON& Tower with Radar,28,36,35,0,99,0,3,15,0,18,28,39,50,0,117,0,0,0,117
01/16/2021,LEX,KY,ASO,CE,Combined TRACON& Tower with Radar,16,19,17,0,52,0,0,1,0,1,16,19,18,0,53,0,0,0,53
01/17/2021,LEX,KY,ASO,CE,Combined TRACON& Tower with Radar,23,21,14,0,58,0,0,0,0,0,23,21,14,0,58,0,0,0,58
01/18/2021,LEX,KY,ASO,CE,Combined TRACON& Tower with Radar,24,21,39,0,84,0,6,11,4,21,24,27,50,4,105,46,0,46,151
01/19/2021,LEX,KY,ASO,CE,Combined TRACON& Tower with Radar,19,16,51,4,90,0,0,70,2,72,19,16,121,6,162,32,0,32,194
01/20/2021,LEX,KY,ASO,CE,Combined TRACON& Tower with Radar,17,21,64,3,105,0,10,77,7,94,17,31,141,10,199,32,0,32,231
01/21/2021,LEX,KY,ASO,CE,Combined TRACON& Tower with Radar,23,35,42,2,102,0,6,40,8,54,23,41,82,10,156,68,0,68,224
01/22/2021,LEX,KY,ASO,CE,Combined TRACON& Tower with Radar,25,23,60,23,131,0,0,100,4,104,25,23,160,27,235,10,0,10,245
01/23/2021,LEX,KY,ASO,CE,Combined TRACON& Tower with Radar,18,21,45,0,84,0,4,101,2,107,18,25,146,2,191,20,0,20,211
01/24/2021,LEX,KY,ASO,CE,Combined TRACON& Tower with Radar,23,29,23,0,75,0,2,2,0,4,23,31,25,0,79,0,0,0,79
01/25/2021,LEX,KY,ASO,CE,Combined TRACON& Tower with Radar,24,26,14,0,64,0,0,0,0,0,24,26,14,0,64,0,0,0,64
01/26/2021,LEX,KY,ASO,CE,Combined TRACON& Tower with Radar,16,18,27,1,62,0,5,11,1,17,16,23,38,2,79,28,0,28,107
01/27/2021,LEX,KY,ASO,CE,Combined TRACON& Tower with Radar,18,23,18,2,61,0,3,7,2,12,18,26,25,4,73,12,0,12,85
01/28/2021,LEX,KY,ASO,CE,Combined TRACON& Tower with Radar,22,22,44,7,95,0,4,37,1,42,22,26,81,8,137,48,0,48,185
01/29/2021,LEX,KY,ASO,CE,Combined TRACON& Tower with Radar,24,24,49,0,97,0,10,95,0,105,24,34,144,0,202,51,0,51,253
01/30/2021,LEX,KY,ASO,CE,Combined TRACON& Tower with Radar,15,18,43,0,76,0,0,34,5,39,15,18,77,5,115,14,0,14,129
01/31/2021,LEX,KY,ASO,CE,Combined TRACON& Tower with Radar,20,25,18,0,63,0,0,0,0,0,20,25,18,0,63,0,0,0,63
02/01/2021,LEX,KY,ASO,CE,Combined TRACON& Tower with Radar,27,26,13,0,66,0,0,0,0,0,27,26,13,0,66,0,0,0,66
02/02/2021,LEX,KY,ASO,CE,Combined TRACON& Tower with Radar,19,17,37,1,74,0,4,51,6,61,19,21,88,7,135,34,0,34,169
02/03/2021,LEX,KY,ASO,CE,Combined TRACON& Tower with Radar,21,19,57,3,100,0,6,87,2,95,21,25,144,5,195,55,0,55,250
02/04/2021,LEX,KY,ASO,CE,Combined TRACON& Tower with Radar,27,21,28,1,77,0,2,25,2,29,27,23,53,3,106,7,0,7,113
02/05/2021,LEX,KY,ASO,CE,Combined TRACON& Tower with Radar,28,30,26,0,84,0,1,26,2,29,28,31,52,2,113,26,0,26,139
02/06/2021,LEX,KY,ASO,CE,Combined TRACON& Tower with Radar,18,27,40,0,85,0,3,108,0,111,18,30,148,0,196,62,0,62,258
02/07/2021,LEX,KY,ASO,CE,Combined TRACON& Tower with Radar,23,30,29,0,82,0,2,65,0,67,23,32,94,0,149,30,0,30,179
02/08/2021,LEX,KY,ASO,CE,Combined TRACON& Tower with Radar,24,33,61,1,119,0,4,56,5,65,24,37,117,6,184,110,0,110,294
02/09/2021,LEX,KY,ASO,CE,Combined TRACON& Tower with Radar,19,20,30,0,69,0,0,0,0,0,19,20,30,0,69,0,0,0,69
02/10/2021,LEX,KY,ASO,CE,Combined TRACON& Tower with Radar,18,14,12,0,44,0,0,0,0,0,18,14,12,0,44,0,0,0,44
02/11/2021,LEX,KY,ASO,CE,Combined TRACON& Tower with Radar,22,27,11,0,60,0,0,0,0,0,22,27,11,0,60,0,0,0,60
02/12/2021,LEX,KY,ASO,CE,Combined TRACON& Tower with Radar,29,32,49,0,110,0,0,1,0,1,29,32,50,0,111,0,0,0,111
02/13/2021,LEX,KY,ASO,CE,Combined TRACON& Tower with Radar,26,16,10,0,52,0,0,0,0,0,26,16,10,0,52,0,0,0,52
02/14/2021,LEX,KY,ASO,CE,Combined TRACON& Tower with Radar,19,27,23,0,69,0,0,1,0,1,19,27,24,0,70,0,0,0,70
02/15/2021,LEX,KY,ASO,CE,Combined TRACON& Tower with Radar,10,6,6,0,22,0,0,0,0,0,10,6,6,0,22,0,0,0,22
02/16/2021,LEX,KY,ASO,CE,Combined TRACON& Tower with Radar,18,8,7,0,33,0,0,0,0,0,18,8,7,0,33,0,0,0,33
02/17/2021,LEX,KY,ASO,CE,Combined TRACON& Tower with Radar,16,22,18,0,56,0,2,12,0,14,16,24,30,0,70,2,0,2,72
02/18/2021,LEX,KY,ASO,CE,Combined TRACON& Tower with Radar,25,17,4,0,46,0,0,0,0,0,25,17,4,0,46,0,0,0,46
02/19/2021,LEX,KY,ASO,CE,Combined TRACON& Tower with Radar,26,23,30,0,79,0,0,5,0,5,26,23,35,0,84,0,0,0,84
02/20/2021,LEX,KY,ASO,CE,Combined TRACON& Tower with Radar,26,17,17,5,65,0,11,24,3,38,26,28,41,8,103,12,0,12,115
02/21/2021,LEX,KY,ASO,CE,Combined TRACON& Tower with Radar,30,31,24,3,88,0,0,10,3,13,30,31,34,6,101,0,0,0,101
02/22/2021,LEX,KY,ASO,CE,Combined TRACON& Tower with Radar,32,31,41,2,106,0,2,24,0,26,32,33,65,2,132,18,0,18,150
02/23/2021,LEX,KY,ASO,CE,Combined TRACON& Tower with Radar,22,20,59,3,104,0,8,94,11,113,22,28,153,14,217,64,0,64,281
02/24/2021,LEX,KY,ASO,CE,Combined TRACON& Tower with Radar,26,17,48,0,91,0,0,23,2,25,26,17,71,2,116,0,0,0,116
02/25/2021,LEX,KY,ASO,CE,Combined TRACON& Tower with Radar,32,33,50,5,120,0,6,100,2,108,32,39,150,7,228,26,0,26,254
02/26/2021,LEX,KY,ASO,CE,Combined TRACON& Tower with Radar,31,32,54,0,117,0,0,35,0,35,31,32,89,0,152,6,0,6,158
02/27/2021,LEX,KY,ASO,CE,Combined TRACON& Tower with Radar,27,11,44,0,82,0,0,1,0,1,27,11,45,0,83,6,0,6,89
02/28/2021,LEX,KY,ASO,CE,Combined TRACON& Tower with Radar,29,27,18,0,74,0,0,0,0,0,29,27,18,0,74,0,0,0,74
03/01/2021,LEX,KY,ASO,CE,Combined TRACON& Tower with Radar,30,38,35,0,103,0,3,68,0,71,30,41,103,0,174,22,0,22,196
03/02/2021,LEX,KY,ASO,CE,Combined TRACON& Tower with Radar,22,34,44,10,110,0,6,112,9,127,22,40,156,19,237,84,0,84,321
03/03/2021,LEX,KY,ASO,CE,Combined TRACON& Tower with Radar,25,23,32,4,84,0,4,75,7,86,25,27,107,11,170,50,0,50,220
03/04/2021,LEX,KY,ASO,CE,Combined TRACON& Tower with Radar,36,22,40,0,98,0,3,83,3,89,36,25,123,3,187,34,0,34,221
03/05/2021,LEX,KY,ASO,CE,Combined TRACON& Tower with Radar,34,23,52,9,118,0,6,90,12,108,34,29,142,21,226,84,18,102,328
03/06/2021,LEX,KY,ASO,CE,Combined TRACON& Tower with Radar,29,19,39,35,122,0,2,111,5,118,29,21,150,40,240,6,10,16,256
03/07/2021,LEX,KY,ASO,CE,Combined TRACON& Tower with Radar,33,30,26,3,92,0,6,90,2,98,33,36,116,5,190,50,0,50,240
03/08/2021,LEX,KY,ASO,CE,Combined TRACON& Tower with Radar,35,23,43,2,103,0,3,88,1,92,35,26,131,3,195,28,0,28,223
03/09/2021,LEX,KY,ASO,CE,Combined TRACON& Tower with Radar,26,21,49,1,97,0,9,83,7,99,26,30,132,8,196,16,0,16,212
03/10/2021,LEX,KY,ASO,CE,Combined TRACON& Tower with Radar,28,23,31,0,82,0,4,29,2,35,28,27,60,2,117,14,0,14,131
03/11/2021,LEX,KY,ASO,CE,Combined TRACON& Tower with Radar,34,28,28,4,94,0,6,13,0,19,34,34,41,4,113,6,0,6,119
03/12/2021,LEX,KY,ASO,CE,Combined TRACON& Tower with Radar,32,32,35,0,99,0,1,30,2,33,32,33,65,2,132,52,0,52,184
03/13/2021,LEX,KY,ASO,CE,Combined TRACON& Tower with Radar,27,24,31,0,82,0,6,102,1,109,27,30,133,1,191,50,0,50,241
03/14/2021,LEX,KY,ASO,CE,Combined TRACON& Tower with Radar,35,23,41,0,99,0,0,57,1,58,35,23,98,1,157,4,0,4,161
03/15/2021,LEX,KY,ASO,CE,Combined TRACON& Tower with Radar,32,25,15,0,72,0,0,1,0,1,32,25,16,0,73,16,0,16,89
03/16/2021,LEX,KY,ASO,CE,Combined TRACON& Tower with Radar,32,19,44,9,104,0,4,89,8,101,32,23,133,17,205,32,6,38,243
03/17/2021,LEX,KY,ASO,CE,Combined TRACON& Tower with Radar,31,23,41,0,95,0,2,23,4,29,31,25,64,4,124,38,0,38,162
03/18/2021,LEX,KY,ASO,CE,Combined TRACON& Tower with Radar,38,28,30,3,99,0,0,7,5,12,38,28,37,8,111,4,0,4,115
03/19/2021,LEX,KY,ASO,CE,Combined TRACON& Tower with Radar,34,24,39,2,99,0,4,47,2,53,34,28,86,4,152,35,0,35,187
03/20/2021,LEX,KY,ASO,CE,Combined TRACON& Tower with Radar,28,23,52,9,112,0,9,118,2,129,28,32,170,11,241,49,0,49,290
03/21/2021,LEX,KY,ASO,CE,Combined TRACON& Tower with Radar,34,28,48,1,111,0,4,123,0,127,34,32,171,1,238,24,0,24,262
03/22/2021,LEX,KY,ASO,CE,Combined TRACON& Tower with Radar,31,27,28,0,86,0,5,87,2,94,31,32,115,2,180,48,0,48,228
03/23/2021,LEX,KY,ASO,CE,Combined TRACON& Tower with Radar,31,39,58,3,131,0,4,68,1,73,31,43,126,4,204,48,0,48,252
03/24/2021,LEX,KY,ASO,CE,Combined TRACON& Tower with Radar,30,27,50,4,111,0,0,42,2,44,30,27,92,6,155,20,0,20,175
03/25/2021,LEX,KY,ASO,CE,Combined TRACON& Tower with Radar,32,32,27,0,91,0,0,5,2,7,32,32,32,2,98,32,0,32,130
03/26/2021,LEX,KY,ASO,CE,Combined TRACON& Tower with Radar,36,38,65,2,141,0,7,58,0,65,36,45,123,2,206,90,0,90,296
03/27/2021,LEX,KY,ASO,CE,Combined TRACON& Tower with Radar,30,29,35,1,95,0,0,59,1,60,30,29,94,2,155,38,0,38,193
03/28/2021,LEX,KY,ASO,CE,Combined TRACON& Tower with Radar,30,30,15,0,75,0,3,7,0,10,30,33,22,0,85,0,0,0,85
03/29/2021,LEX,KY,ASO,CE,Combined TRACON& Tower with Radar,35,22,55,4,116,0,3,99,0,102,35,25,154,4,218,96,0,96,314
03/30/2021,LEX,KY,ASO,CE,Combined TRACON& Tower with Radar,33,25,31,2,91,0,9,46,12,67,33,34,77,14,158,20,0,20,178
03/31/2021,LEX,KY,ASO,CE,Combined TRACON& Tower with Radar,31,31,40,2,104,0,0,27,11,38,31,31,67,13,142,22,0,22,164
04/01/2021,LEX,KY,ASO,CE,Combined TRACON& Tower with Radar,32,31,46,5,114,0,2,41,2,45,32,33,87,7,159,10,0,10,169
04/02/2021,LEX,KY,ASO,CE,Combined TRACON& Tower with Radar,29,40,52,0,121,0,7,94,2,103,29,47,146,2,224,58,0,58,282
04/03/2021,LEX,KY,ASO,CE,Combined TRACON& Tower with Radar,25,24,75,0,124,0,8,83,0,91,25,32,158,0,215,62,0,62,277
04/04/2021,LEX,KY,ASO,CE,Combined TRACON& Tower with Radar,28,34,35,0,97,0,1,46,0,47,28,35,81,0,144,0,0,0,144
04/05/2021,LEX,KY,ASO,CE,Combined TRACON& Tower with Radar,32,40,53,0,125,0,1,76,0,77,32,41,129,0,202,48,0,48,250
04/06/2021,LEX,KY,ASO,CE,Combined TRACON& Tower with Radar,26,22,58,6,112,0,7,88,8,103,26,29,146,14,215,18,0,18,233
04/07/2021,LEX,KY,ASO,CE,Combined TRACON& Tower with Radar,27,36,62,3,128,0,3,74,3,80,27,39,136,6,208,44,0,44,252
04/08/2021,LEX,KY,ASO,CE,Combined TRACON& Tower with Radar,30,30,46,6,112,0,5,9,2,16,30,35,55,8,128,0,0,0,128
04/09/2021,LEX,KY,ASO,CE,Combined TRACON& Tower with Radar,27,33,71,6,137,0,8,55,0,63,27,41,126,6,200,8,0,8,208
04/10/2021,LEX,KY,ASO,CE,Combined TRACON& Tower with Radar,26,32,19,0,77,0,1,8,0,9,26,33,27,0,86,4,0,4,90
04/11/2021,LEX,KY,ASO,CE,Combined TRACON& Tower with Radar,28,35,41,1,105,0,4,28,0,32,28,39,69,1,137,32,0,32,169
04/12/2021,LEX,KY,ASO,CE,Combined TRACON& Tower with Radar,32,34,33,0,99,0,0,58,5,63,32,34,91,5,162,38,0,38,200
04/13/2021,LEX,KY,ASO,CE,Combined TRACON& Tower with Radar,23,37,55,2,117,0,3,89,0,92,23,40,144,2,209,32,0,32,241
04/14/2021,LEX,KY,ASO,CE,Combined TRACON& Tower with Radar,25,29,61,0,115,0,2,30,0,32,25,31,91,0,147,0,0,0,147
04/15/2021,LEX,KY,ASO,CE,Combined TRACON& Tower with Radar,28,47,72,6,153,0,5,62,0,67,28,52,134,6,220,54,0,54,274
04/16/2021,LEX,KY,ASO,CE,Combined TRACON& Tower with Radar,31,36,57,12,136,0,4,85,9,98,31,40,142,21,234,42,0,42,276
04/17/2021,LEX,KY,ASO,CE,Combined TRACON& Tower with Radar,23,26,49,21,119,0,9,51,7,67,23,35,100,28,186,0,0,0,186
04/18/2021,LEX,KY,ASO,CE,Combined TRACON& Tower with Radar,28,36,45,8,117,0,2,95,0,97,28,38,140,8,214,40,0,40,254
04/19/2021,LEX,KY,ASO,CE,Combined TRACON& Tower with Radar,29,23,38,5,95,0,3,69,0,72,29,26,107,5,167,0,0,0,167
04/20/2021,LEX,KY,ASO,CE,Combined TRACON& Tower with Radar,21,24,41,3,89,0,3,81,4,88,21,27,122,7,177,24,0,24,201
04/21/2021,LEX,KY,ASO,CE,Combined TRACON& Tower with Radar,21,29,58,0,108,0,8,32,2,42,21,37,90,2,150,27,0,27,177
04/22/2021,LEX,KY,ASO,CE,Combined TRACON& Tower with Radar,30,35,69,0,134,0,5,78,4,87,30,40,147,4,221,28,0,28,249
04/23/2021,LEX,KY,ASO,CE,Combined TRACON& Tower with Radar,26,40,64,6,136,0,3,80,6,89,26,43,144,12,225,46,0,46,271
04/24/2021,LEX,KY,ASO,CE,Combined TRACON& Tower with Radar,20,22,27,0,69,0,3,9,0,12,20,25,36,0,81,0,0,0,81
04/25/2021,LEX,KY,ASO,CE,Combined TRACON& Tower with Radar,31,50,84,0,165,0,4,37,0,41,31,54,121,0,206,10,0,10,216
04/26/2021,LEX,KY,ASO,CE,Combined TRACON& Tower with Radar,29,36,49,6,120,0,10,91,2,103,29,46,140,8,223,6,0,6,229
04/27/2021,LEX,KY,ASO,CE,Combined TRACON& Tower with Radar,22,31,53,6,112,0,0,53,6,59,22,31,106,12,171,18,0,18,189
04/28/2021,LEX,KY,ASO,CE,Combined TRACON& Tower with Radar,24,30,38,5,97,0,0,13,5,18,24,30,51,10,115,10,0,10,125
04/29/2021,LEX,KY,ASO,CE,Combined TRACON& Tower with Radar,32,41,80,0,153,0,0,4,0,4,32,41,84,0,157,0,0,0,157
04/30/2021,LEX,KY,ASO,CE,Combined TRACON& Tower with Radar,31,33,42,0,106,0,7,55,2,64,31,40,97,2,170,22,0,22,192
05/01/2021,LEX,KY,ASO,CE,Combined TRACON& Tower with Radar,22,25,32,7,86,0,5,90,7,102,22,30,122,14,188,8,0,8,196
05/02/2021,LEX,KY,ASO,CE,Combined TRACON& Tower with Radar,29,44,66,0,139,0,5,60,0,65,29,49,126,0,204,17,0,17,221
05/03/2021,LEX,KY,ASO,CE,Combined TRACON& Tower with Radar,28,28,35,1,92,0,0,3,1,4,28,28,38,2,96,0,0,0,96
05/04/2021,LEX,KY,ASO,CE,Combined TRACON& Tower with Radar,19,22,33,0,74,0,0,6,2,8,19,22,39,2,82,2,0,2,84
05/05/2021,LEX,KY,ASO,CE,Combined TRACON& Tower with Radar,26,22,57,2,107,0,2,40,2,44,26,24,97,4,151,41,0,41,192
05/06/2021,LEX,KY,ASO,CE,Combined TRACON& Tower with Radar,30,31,49,3,113,0,4,103,3,110,30,35,152,6,223,20,0,20,243
05/07/2021,LEX,KY,ASO,CE,Combined TRACON& Tower with Radar,30,37,50,2,119,0,0,65,0,65,30,37,115,2,184,10,0,10,194
05/08/2021,LEX,KY,ASO,CE,Combined TRACON& Tower with Radar,24,20,43,0,87,0,0,84,3,87,24,20,127,3,174,8,0,8,182
05/09/2021,LEX,KY,ASO,CE,Combined TRACON& Tower with Radar,35,30,24,0,89,0,0,1,0,1,35,30,25,0,90,0,0,0,90
05/10/2021,LEX,KY,ASO,CE,Combined TRACON& Tower with Radar,33,35,59,1,128,0,2,77,1,80,33,37,136,2,208,95,0,95,303
05/11/2021,LEX,KY,ASO,CE,Combined TRACON& Tower with Radar,21,23,65,19,128,0,3,89,1,93,21,26,154,20,221,68,10,78,299
05/12/2021,LEX,KY,ASO,CE,Combined TRACON& Tower with Radar,23,25,34,20,102,0,6,77,4,87,23,31,111,24,189,62,6,68,257
05/13/2021,LEX,KY,ASO,CE,Combined TRACON& Tower with Radar,34,40,70,3,147,0,7,96,2,105,34,47,166,5,252,32,0,32,284
05/14/2021,LEX,KY,ASO,CE,Combined TRACON& Tower with Radar,30,31,59,2,122,0,10,113,1,124,30,41,172,3,246,47,0,47,293
05/15/2021,LEX,KY,ASO,CE,Combined TRACON& Tower with Radar,23,30,50,4,107,0,8,95,10,113,23,38,145,14,220,40,0,40,260
05/16/2021,LEX,KY,ASO,CE,Combined TRACON& Tower with Radar,29,38,51,6,124,0,2,26,0,28,29,40,77,6,152,5,0,5,157
05/17/2021,LEX,KY,ASO,CE,Combined TRACON& Tower with Radar,32,27,50,0,109,0,2,39,0,41,32,29,89,0,150,106,0,106,256
05/18/2021,LEX,KY,ASO,CE,Combined TRACON& Tower with Radar,22,46,51,2,121,0,3,64,0,67,22,49,115,2,188,68,0,68,256
05/19/2021,LEX,KY,ASO,CE,Combined TRACON& Tower with Radar,24,37,55,6,122,0,2,88,2,92,24,39,143,8,214,78,0,78,292
05/20/2021,LEX,KY,ASO,CE,Combined TRACON& Tower with Radar,32,44,54,3,133,0,0,97,0,97,32,44,151,3,230,8,0,8,238
05/21/2021,LEX,KY,ASO,CE,Combined TRACON& Tower with Radar,30,40,48,13,131,0,2,71,3,76,30,42,119,16,207,62,0,62,269
05/22/2021,LEX,KY,ASO,CE,Combined TRACON& Tower with Radar,23,24,26,13,86,0,4,86,1,91,23,28,112,14,177,36,0,36,213
05/23/2021,LEX,KY,ASO,CE,Combined TRACON& Tower with Radar,31,43,53,12,139,0,2,75,1,78,31,45,128,13,217,22,0,22,239
05/24/2021,LEX,KY,ASO,CE,Combined TRACON& Tower with Radar,30,33,49,0,112,0,4,73,0,77,30,37,122,0,189,36,0,36,225
05/25/2021,LEX,KY,ASO,CE,Combined TRACON& Tower with Radar,22,36,42,3,103,0,3,85,3,91,22,39,127,6,194,58,0,58,252
05/26/2021,LEX,KY,ASO,CE,Combined TRACON& Tower with Radar,23,44,46,4,117,0,2,25,3,30,23,46,71,7,147,64,0,64,211
05/27/2021,LEX,KY,ASO,CE,Combined TRACON& Tower with Radar,33,25,57,2,117,0,10,64,0,74,33,35,121,2,191,30,0,30,221
05/28/2021,LEX,KY,ASO,CE,Combined TRACON& Tower with Radar,33,30,35,0,98,0,0,4,0,4,33,30,39,0,102,0,0,0,102
05/29/2021,LEX,KY,ASO,CE,Combined TRACON& Tower with Radar,32,14,61,0,107,0,1,6,0,7,32,15,67,0,114,0,0,0,114
05/30/2021,LEX,KY,ASO,CE,Combined TRACON& Tower with Radar,33,21,26,0,80,0,2,63,0,65,33,23,89,0,145,0,0,0,145
05/31/2021,LEX,KY,ASO,CE,Combined TRACON& Tower with Radar,30,28,33,2,93,0,6,85,0,91,30,34,118,2,184,52,0,52,236
06/01/2021,LEX,KY,ASO,CE,Combined TRACON& Tower with Radar,27,27,56,3,113,0,2,65,6,73,27,29,121,9,186,64,4,68,254
06/02/2021,LEX,KY,ASO,CE,Combined TRACON& Tower with Radar,27,29,40,2,98,0,2,1,2,5,27,31,41,4,103,0,0,0,103
06/03/2021,LEX,KY,ASO,CE,Combined TRACON& Tower with Radar,32,51,36,0,119,0,4,9,1,14,32,55,45,1,133,0,0,0,133
06/04/2021,LEX,KY,ASO,CE,Combined TRACON& Tower with Radar,35,44,54,14,147,0,6,70,1,77,35,50,124,15,224,48,0,48,272
06/05/2021,LEX,KY,ASO,CE,Combined TRACON& Tower with Radar,34,31,45,15,125,0,5,102,2,109,34,36,147,17,234,7,0,7,241
06/06/2021,LEX,KY,ASO,CE,Combined TRACON& Tower with Radar,38,32,46,9,125,0,2,32,0,34,38,34,78,9,159,6,0,6,165
06/07/2021,LEX,KY,ASO,CE,Combined TRACON& Tower with Radar,34,37,49,1,121,0,7,24,1,32,34,44,73,2,153,18,0,18,171
06/08/2021,LEX,KY,ASO,CE,Combined TRACON& Tower with Radar,40,29,51,3,123,0,1,30,0,31,40,30,81,3,154,84,0,84,238
06/09/2021,LEX,KY,ASO,CE,Combined TRACON& Tower with Radar,33,43,54,2,132,0,4,9,0,13,33,47,63,2,145,6,0,6,151
06/10/2021,LEX,KY,ASO,CE,Combined TRACON& Tower with Radar,37,55,72,4,168,0,5,20,0,25,37,60,92,4,193,30,0,30,223
06/11/2021,LEX,KY,ASO,CE,Combined TRACON& Tower with Radar,34,38,48,3,123,0,2,13,0,15,34,40,61,3,138,8,0,8,146
06/12/2021,LEX,KY,ASO,CE,Combined TRACON& Tower with Radar,39,32,44,5,120,0,6,57,3,66,39,38,101,8,186,18,0,18,204
06/13/2021,LEX,KY,ASO,CE,Combined TRACON& Tower with Radar,38,42,36,13,129,0,3,70,0,73,38,45,106,13,202,38,0,38,240
06/14/2021,LEX,KY,ASO,CE,Combined TRACON& Tower with Radar,31,44,62,2,139,0,4,114,4,122,31,48,176,6,261,28,0,28,289
06/15/2021,LEX,KY,ASO,CE,Combined TRACON& Tower with Radar,37,39,53,3,132,0,2,125,2,129,37,41,178,5,261,84,0,84,345
06/16/2021,LEX,KY,ASO,CE,Combined TRACON& Tower with Radar,34,44,53,2,133,0,8,107,2,117,34,52,160,4,250,80,0,80,330
06/17/2021,LEX,KY,ASO,CE,Combined TRACON& Tower with Radar,38,36,60,6,140,0,5,109,2,116,38,41,169,8,256,30,0,30,286
06/18/2021,LEX,KY,ASO,CE,Combined TRACON& Tower with Radar,36,31,56,4,127,0,4,70,1,75,36,35,126,5,202,20,0,20,222
06/19/2021,LEX,KY,ASO,CE,Combined TRACON& Tower with Radar,38,33,41,0,112,0,3,46,0,49,38,36,87,0,161,16,0,16,177
06/20/2021,LEX,KY,ASO,CE,Combined TRACON& Tower with Radar,37,45,36,3,121,0,4,41,0,45,37,49,77,3,166,40,0,40,206
06/21/2021,LEX,KY,ASO,CE,Combined TRACON& Tower with Radar,34,31,36,0,101,0,0,12,0,12,34,31,48,0,113,6,0,6,119
06/22/2021,LEX,KY,ASO,CE,Combined TRACON& Tower with Radar,37,33,58,15,143,0,2,127,3,132,37,35,185,18,275,76,0,76,351
06/23/2021,LEX,KY,ASO,CE,Combined TRACON& Tower with Radar,34,41,82,3,160,0,0,125,2,127,34,41,207,5,287,62,0,62,349
06/24/2021,LEX,KY,ASO,CE,Combined TRACON& Tower with Radar,38,39,51,0,128,0,4,98,1,103,38,43,149,1,231,72,0,72,303
06/25/2021,LEX,KY,ASO,CE,Combined TRACON& Tower with Radar,37,33,53,30,153,0,9,73,5,87,37,42,126,35,240,26,0,26,266
06/26/2021,LEX,KY,ASO,CE,Combined TRACON& Tower with Radar,34,26,42,24,126,0,8,61,4,73,34,34,103,28,199,24,0,24,223
06/27/2021,LEX,KY,ASO,CE,Combined TRACON& Tower with Radar,33,43,42,15,133,0,2,65,2,69,33,45,107,17,202,24,0,24,226
06/28/2021,LEX,KY,ASO,CE,Combined TRACON& Tower with Radar,35,40,40,0,115,0,5,66,1,72,35,45,106,1,187,4,0,4,191
06/29/2021,LEX,KY,ASO,CE,Combined TRACON& Tower with Radar,35,34,64,5,138,0,2,119,3,124,35,36,183,8,262,38,0,38,300
06/30/2021,LEX,KY,ASO,CE,Combined TRACON& Tower with Radar,32,44,36,1,113,0,1,49,3,53,32,45,85,4,166,38,0,38,204
07/01/2021,LEX,KY,ASO,CE,Combined TRACON& Tower with Radar,40,40,36,1,117,0,0,2,1,3,40,40,38,2,120,0,0,0,120
07/02/2021,LEX,KY,ASO,CE,Combined TRACON& Tower with Radar,30,34,55,4,123,0,4,49,1,54,30,38,104,5,177,10,0,10,187
07/03/2021,LEX,KY,ASO,CE,Combined TRACON& Tower with Radar,32,26,33,0,91,0,3,68,2,73,32,29,101,2,164,122,0,122,286
07/04/2021,LEX,KY,ASO,CE,Combined TRACON& Tower with Radar,30,23,15,0,68,0,4,46,4,54,30,27,61,4,122,18,0,18,140
07/05/2021,LEX,KY,ASO,CE,Combined TRACON& Tower with Radar,34,30,47,2,113,0,1,62,0,63,34,31,109,2,176,134,0,134,310
07/06/2021,LEX,KY,ASO,CE,Combined TRACON& Tower with Radar,29,40,58,1,128,0,2,56,3,61,29,42,114,4,189,78,0,78,267
07/07/2021,LEX,KY,ASO,CE,Combined TRACON& Tower with Radar,30,32,40,4,106,0,0,65,3,68,30,32,105,7,174,78,0,78,252
07/08/2021,LEX,KY,ASO,CE,Combined TRACON& Tower with Radar,37,39,58,4,138,0,2,48,0,50,37,41,106,4,188,36,0,36,224
07/09/2021,LEX,KY,ASO,CE,Combined TRACON& Tower with Radar,35,40,60,5,140,0,0,75,2,77,35,40,135,7,217,93,0,93,310
07/10/2021,LEX,KY,ASO,CE,Combined TRACON& Tower with Radar,33,34,41,0,108,0,3,32,0,35,33,37,73,0,143,12,0,12,155
07/11/2021,LEX,KY,ASO,CE,Combined TRACON& Tower with Radar,35,58,30,1,124,0,0,7,1,8,35,58,37,2,132,6,0,6,138
07/12/2021,LEX,KY,ASO,CE,Combined TRACON& Tower with Radar,37,38,47,2,124,0,0,25,0,25,37,38,72,2,149,32,0,32,181
07/13/2021,LEX,KY,ASO,CE,Combined TRACON& Tower with Radar,30,58,57,0,145,0,6,10,0,16,30,64,67,0,161,10,0,10,171
07/14/2021,LEX,KY,ASO,CE,Combined TRACON& Tower with Radar,30,48,82,0,160,0,4,72,0,76,30,52,154,0,236,62,0,62,298
07/15/2021,LEX,KY,ASO,CE,Combined TRACON& Tower with Radar,35,50,61,2,148,0,3,91,0,94,35,53,152,2,242,41,0,41,283
07/16/2021,LEX,KY,ASO,CE,Combined TRACON& Tower with Radar,35,37,44,1,117,0,1,41,2,44,35,38,85,3,161,37,0,37,198
07/17/2021,LEX,KY,ASO,CE,Combined TRACON& Tower with Radar,37,33,41,1,112,0,3,26,4,33,37,36,67,5,145,12,0,12,157
07/18/2021,LEX,KY,ASO,CE,Combined TRACON& Tower with Radar,38,44,49,4,135,0,9,74,5,88,38,53,123,9,223,22,0,22,245
07/19/2021,LEX,KY,ASO,CE,Combined TRACON& Tower with Radar,35,35,54,0,124,0,7,94,1,102,35,42,148,1,226,30,0,30,256
07/20/2021,LEX,KY,ASO,CE,Combined TRACON& Tower with Radar,30,33,79,5,147,0,1,93,1,95,30,34,172,6,242,30,0,30,272
07/21/2021,LEX,KY,ASO,CE,Combined TRACON& Tower with Radar,29,35,58,2,124,0,6,74,0,80,29,41,132,2,204,31,0,31,235
07/22/2021,LEX,KY,ASO,CE,Combined TRACON& Tower with Radar,38,40,64,1,143,0,6,104,1,111,38,46,168,2,254,22,0,22,276
07/23/2021,LEX,KY,ASO,CE,Combined TRACON& Tower with Radar,35,29,59,5,128,0,6,71,1,78,35,35,130,6,206,38,0,38,244
07/24/2021,LEX,KY,ASO,CE,Combined TRACON& Tower with Radar,37,24,41,4,106,0,0,82,2,84,37,24,123,6,190,28,0,28,218
07/25/2021,LEX,KY,ASO,CE,Combined TRACON& Tower with Radar,38,44,33,6,121,0,2,29,0,31,38,46,62,6,152,18,0,18,170
07/26/2021,LEX,KY,ASO,CE,Combined TRACON& Tower with Radar,30,43,61,10,144,0,1,79,0,80,30,44,140,10,224,10,0,10,234
07/27/2021,LEX,KY,ASO,CE,Combined TRACON& Tower with Radar,33,40,46,6,125,0,6,92,0,98,33,46,138,6,223,40,0,40,263
07/28/2021,LEX,KY,ASO,CE,Combined TRACON& Tower with Radar,26,39,43,4,112,0,2,80,6,88,26,41,123,10,200,26,0,26,226
07/29/2021,LEX,KY,ASO,CE,Combined TRACON& Tower with Radar,34,35,65,7,141,0,0,69,6,75,34,35,134,13,216,28,0,28,244
07/30/2021,LEX,KY,ASO,CE,Combined TRACON& Tower with Radar,37,37,73,14,161,0,0,43,3,46,37,37,116,17,207,30,0,30,237
07/31/2021,LEX,KY,ASO,CE,Combined TRACON& Tower with Radar,34,24,24,8,90,0,1,33,0,34,34,25,57,8,124,46,0,46,170
08/01/2021,LEX,KY,ASO,CE,Combined TRACON& Tower with Radar,28,37,50,10,125,0,0,57,0,57,28,37,107,10,182,29,0,29,211
08/02/2021,LEX,KY,ASO,CE,Combined TRACON& Tower with Radar,33,35,68,2,138,0,2,111,1,114,33,37,179,3,252,48,0,48,300
08/03/2021,LEX,KY,ASO,CE,Combined TRACON& Tower with Radar,24,47,64,6,141,0,7,107,4,118,24,54,171,10,259,52,0,52,311
08/04/2021,LEX,KY,ASO,CE,Combined TRACON& Tower with Radar,24,47,79,4,154,0,4,85,0,89,24,51,164,4,243,44,0,44,287
08/05/2021,LEX,KY,ASO,CE,Combined TRACON& Tower with Radar,30,44,71,4,149,0,2,111,2,115,30,46,182,6,264,62,0,62,326
08/06/2021,LEX,KY,ASO,CE,Combined TRACON& Tower with Radar,30,54,73,36,193,0,0,86,2,88,30,54,159,38,281,84,0,84,365
08/07/2021,LEX,KY,ASO,CE,Combined TRACON& Tower with Radar,28,38,53,3,122,0,4,71,0,75,28,42,124,3,197,24,12,36,233
08/08/2021,LEX,KY,ASO,CE,Combined TRACON& Tower with Radar,30,51,66,18,165,0,2,76,1,79,30,53,142,19,244,82,0,82,326
08/09/2021,LEX,KY,ASO,CE,Combined TRACON& Tower with Radar,30,46,43,1,120,0,2,21,3,26,30,48,64,4,146,37,0,37,183
08/10/2021,LEX,KY,ASO,CE,Combined TRACON& Tower with Radar,24,44,50,0,118,0,8,45,0,53,24,52,95,0,171,43,0,43,214
08/11/2021,LEX,KY,ASO,CE,Combined TRACON& Tower with Radar,23,40,75,6,144,0,2,70,3,75,23,42,145,9,219,20,0,20,239
08/12/2021,LEX,KY,ASO,CE,Combined TRACON& Tower with Radar,30,53,55,1,139,0,5,67,1,73,30,58,122,2,212,74,0,74,286
08/13/2021,LEX,KY,ASO,CE,Combined TRACON& Tower with Radar,29,42,62,4,137,0,1,98,0,99,29,43,160,4,236,22,0,22,258
08/14/2021,LEX,KY,ASO,CE,Combined TRACON& Tower with Radar,25,37,46,0,108,0,9,39,0,48,25,46,85,0,156,10,0,10,166
08/15/2021,LEX,KY,ASO,CE,Combined TRACON& Tower with Radar,32,58,66,1,157,0,2,18,0,20,32,60,84,1,177,46,0,46,223
08/16/2021,LEX,KY,ASO,CE,Combined TRACON& Tower with Radar,31,59,44,1,135,0,3,14,1,18,31,62,58,2,153,56,0,56,209
08/17/2021,LEX,KY,ASO,CE,Combined TRACON& Tower with Radar,24,23,49,0,96,0,2,30,2,34,24,25,79,2,130,42,0,42,172
08/18/2021,LEX,KY,ASO,CE,Combined TRACON& Tower with Radar,26,33,53,3,115,0,6,70,4,80,26,39,123,7,195,60,0,60,255
08/19/2021,LEX,KY,ASO,CE,Combined TRACON& Tower with Radar,17,25,51,0,93,0,3,13,0,16,17,28,64,0,109,0,0,0,109
08/20/2021,LEX,KY,ASO,CE,Combined TRACON& Tower with Radar,0,0,0,0,0,0,6,15,0,21,0,6,15,0,21,0,0,0,21
08/21/2021,LEX,KY,ASO,CE,Combined TRACON& Tower with Radar,0,0,0,0,0,0,5,8,0,13,0,5,8,0,13,0,0,0,13
08/22/2021,LEX,KY,ASO,CE,Combined TRACON& Tower with Radar,10,5,15,0,30,0,4,20,0,24,10,9,35,0,54,10,0,10,64
08/23/2021,LEX,KY,ASO,CE,Combined TRACON& Tower with Radar,25,26,39,6,96,0,2,89,2,93,25,28,128,8,189,0,0,0,189
08/24/2021,LEX,KY,ASO,CE,Combined TRACON& Tower with Radar,24,35,57,2,118,0,3,85,1,89,24,38,142,3,207,74,0,74,281
08/25/2021,LEX,KY,ASO,CE,Combined TRACON& Tower with Radar,25,30,50,1,106,0,1,71,1,73,25,31,121,2,179,142,0,142,321
08/26/2021,LEX,KY,ASO,CE,Combined TRACON& Tower with Radar,35,36,65,5,141,0,8,82,0,90,35,44,147,5,231,92,0,92,323
08/27/2021,LEX,KY,ASO,CE,Combined TRACON& Tower with Radar,32,27,40,6,105,0,2,74,0,76,32,29,114,6,181,53,0,53,234
08/28/2021,LEX,KY,ASO,CE,Combined TRACON& Tower with Radar,24,21,53,0,98,0,3,114,1,118,24,24,167,1,216,84,0,84,300
08/29/2021,LEX,KY,ASO,CE,Combined TRACON& Tower with Radar,32,39,60,1,132,0,5,91,5,101,32,44,151,6,233,74,0,74,307
08/30/2021,LEX,KY,ASO,CE,Combined TRACON& Tower with Radar,28,30,47,0,105,0,5,9,0,14,28,35,56,0,119,44,0,44,163
08/31/2021,LEX,KY,ASO,CE,Combined TRACON& Tower with Radar,25,18,37,0,80,0,0,3,0,3,25,18,40,0,83,0,0,0,83
09/01/2021,LEX,KY,ASO,CE,Combined TRACON& Tower with Radar,26,31,41,2,100,0,8,54,0,62,26,39,95,2,162,36,0,36,198
09/02/2021,LEX,KY,ASO,CE,Combined TRACON& Tower with Radar,34,24,71,15,144,0,3,94,5,102,34,27,165,20,246,21,8,29,275
09/03/2021,LEX,KY,ASO,CE,Combined TRACON& Tower with Radar,33,39,46,0,118,0,1,105,2,108,33,40,151,2,226,8,0,8,234
09/04/2021,LEX,KY,ASO,CE,Combined TRACON& Tower with Radar,25,26,28,0,79,0,5,92,3,100,25,31,120,3,179,32,0,32,211
09/05/2021,LEX,KY,ASO,CE,Combined TRACON& Tower with Radar,26,19,49,0,94,0,0,4,0,4,26,19,53,0,98,0,0,0,98
09/06/2021,LEX,KY,ASO,CE,Combined TRACON& Tower with Radar,26,19,54,9,108,0,1,107,3,111,26,20,161,12,219,50,0,50,269
09/07/2021,LEX,KY,ASO,CE,Combined TRACON& Tower with Radar,18,22,50,13,103,0,3,71,3,77,18,25,121,16,180,32,0,32,212
09/08/2021,LEX,KY,ASO,CE,Combined TRACON& Tower with Radar,18,39,47,2,106,0,0,40,1,41,18,39,87,3,147,37,0,37,184
09/09/2021,LEX,KY,ASO,CE,Combined TRACON& Tower with Radar,35,35,45,8,123,0,10,66,2,78,35,45,111,10,201,6,0,6,207
09/10/2021,LEX,KY,ASO,CE,Combined TRACON& Tower with Radar,30,37,75,0,142,0,3,106,1,110,30,40,181,1,252,18,0,18,270
09/11/2021,LEX,KY,ASO,CE,Combined TRACON& Tower with Radar,25,26,68,1,120,0,4,82,2,88,25,30,150,3,208,62,0,62,270
09/12/2021,LEX,KY,ASO,CE,Combined TRACON& Tower with Radar,36,37,74,1,148,0,2,71,1,74,36,39,145,2,222,6,0,6,228
09/13/2021,LEX,KY,ASO,CE,Combined TRACON& Tower with Radar,31,38,45,3,117,0,3,77,1,81,31,41,122,4,198,46,0,46,244
09/14/2021,LEX,KY,ASO,CE,Combined TRACON& Tower with Radar,22,31,59,1,113,0,7,66,1,74,22,38,125,2,187,13,0,13,200
09/15/2021,LEX,KY,ASO,CE,Combined TRACON& Tower with Radar,26,43,63,0,132,0,0,9,0,9,26,43,72,0,141,0,0,0,141
09/16/2021,LEX,KY,ASO,CE,Combined TRACON& Tower with Radar,37,54,81,2,174,0,3,95,2,100,37,57,176,4,274,67,0,67,341
09/17/2021,LEX,KY,ASO,CE,Combined TRACON& Tower with Radar,34,61,80,18,193,0,6,60,5,71,34,67,140,23,264,44,0,44,308
09/18/2021,LEX,KY,ASO,CE,Combined TRACON& Tower with Radar,25,29,60,0,114,0,4,71,0,75,25,33,131,0,189,35,0,35,224
09/19/2021,LEX,KY,ASO,CE,Combined TRACON& Tower with Radar,32,46,65,6,149,0,2,44,0,46,32,48,109,6,195,40,0,40,235
09/20/2021,LEX,KY,ASO,CE,Combined TRACON& Tower with Radar,33,41,71,0,145,0,0,11,0,11,33,41,82,0,156,36,0,36,192
09/21/2021,LEX,KY,ASO,CE,Combined TRACON& Tower with Radar,21,38,80,0,139,0,0,5,0,5,21,38,85,0,144,44,0,44,188
09/22/2021,LEX,KY,ASO,CE,Combined TRACON& Tower with Radar,26,36,51,7,120,0,0,2,0,2,26,36,53,7,122,6,0,6,128
09/23/2021,LEX,KY,ASO,CE,Combined TRACON& Tower with Radar,37,36,72,4,149,0,0,77,2,79,37,36,149,6,228,68,0,68,296
09/24/2021,LEX,KY,ASO,CE,Combined TRACON& Tower with Radar,38,41,55,2,136,0,4,141,6,151,38,45,196,8,287,96,0,96,383
09/25/2021,LEX,KY,ASO,CE,Combined TRACON& Tower with Radar,26,26,41,0,93,0,2,54,2,58,26,28,95,2,151,45,0,45,196
09/26/2021,LEX,KY,ASO,CE,Combined TRACON& Tower with Radar,39,28,45,0,112,0,0,128,1,129,39,28,173,1,241,44,0,44,285
09/27/2021,LEX,KY,ASO,CE,Combined TRACON& Tower with Radar,32,34,56,2,124,0,5,68,7,80,32,39,124,9,204,60,0,60,264
09/28/2021,LEX,KY,ASO,CE,Combined TRACON& Tower with Radar,23,38,43,0,104,0,5,86,0,91,23,43,129,0,195,30,0,30,225
09/29/2021,LEX,KY,ASO,CE,Combined TRACON& Tower with Radar,29,38,56,2,125,0,0,82,1,83,29,38,138,3,208,40,0,40,248
09/30/2021,LEX,KY,ASO,CE,Combined TRACON& Tower with Radar,33,43,74,2,152,0,9,101,0,110,33,52,175,2,262,32,0,32,294
10/01/2021,LEX,KY,ASO,CE,Combined TRACON& Tower with Radar,41,61,82,0,184,0,7,103,0,110,41,68,185,0,294,6,0,6,300
10/02/2021,LEX,KY,ASO,CE,Combined TRACON& Tower with Radar,37,38,63,0,138,0,7,71,0,78,37,45,134,0,216,30,0,30,246
10/03/2021,LEX,KY,ASO,CE,Combined TRACON& Tower with Radar,38,44,62,0,144,0,0,3,0,3,38,44,65,0,147,0,0,0,147
10/04/2021,LEX,KY,ASO,CE,Combined TRACON& Tower with Radar,31,48,80,0,159,0,3,44,0,47,31,51,124,0,206,32,0,32,238
10/05/2021,LEX,KY,ASO,CE,Combined TRACON& Tower with Radar,28,32,49,0,109,0,2,59,0,61,28,34,108,0,170,36,0,36,206
10/06/2021,LEX,KY,ASO,CE,Combined TRACON& Tower with Radar,29,51,61,4,145,0,0,24,0,24,29,51,85,4,169,84,0,84,253
10/07/2021,LEX,KY,ASO,CE,Combined TRACON& Tower with Radar,42,56,74,2,174,0,1,37,5,43,42,57,111,7,217,46,0,46,263
10/08/2021,LEX,KY,ASO,CE,Combined TRACON& Tower with Radar,38,60,91,0,189,0,1,46,2,49,38,61,137,2,238,6,0,6,244
10/09/2021,LEX,KY,ASO,CE,Combined TRACON& Tower with Radar,38,42,84,0,164,0,0,97,0,97,38,42,181,0,261,72,0,72,333
10/10/2021,LEX,KY,ASO,CE,Combined TRACON& Tower with Radar,40,55,89,0,184,0,0,102,0,102,40,55,191,0,286,64,0,64,350
10/11/2021,LEX,KY,ASO,CE,Combined TRACON& Tower with Radar,29,48,59,6,142,0,5,75,0,80,29,53,134,6,222,36,0,36,258
10/12/2021,LEX,KY,ASO,CE,Combined TRACON& Tower with Radar,21,46,58,12,137,0,1,68,1,70,21,47,126,13,207,83,0,83,290
10/13/2021,LEX,KY,ASO,CE,Combined TRACON& Tower with Radar,27,52,73,6,158,0,3,27,0,30,27,55,100,6,188,98,0,98,286
10/14/2021,LEX,KY,ASO,CE,Combined TRACON& Tower with Radar,33,53,82,5,173,0,0,90,1,91,33,53,172,6,264,92,0,92,356
10/15/2021,LEX,KY,ASO,CE,Combined TRACON& Tower with Radar,33,60,65,2,160,0,4,23,0,27,33,64,88,2,187,26,0,26,213
10/16/2021,LEX,KY,ASO,CE,Combined TRACON& Tower with Radar,30,44,45,2,121,0,2,46,0,48,30,46,91,2,169,14,0,14,183
10/17/2021,LEX,KY,ASO,CE,Combined TRACON& Tower with Radar,34,39,59,0,132,0,3,89,0,92,34,42,148,0,224,74,0,74,298
10/18/2021,LEX,KY,ASO,CE,Combined TRACON& Tower with Radar,30,43,60,0,133,0,8,97,2,107,30,51,157,2,240,62,0,62,302
10/19/2021,LEX,KY,ASO,CE,Combined TRACON& Tower with Radar,22,35,66,0,123,0,4,98,6,108,22,39,164,6,231,22,0,22,253
10/20/2021,LEX,KY,ASO,CE,Combined TRACON& Tower with Radar,26,52,77,6,161,0,3,92,0,95,26,55,169,6,256,72,0,72,328
10/21/2021,LEX,KY,ASO,CE,Combined TRACON& Tower with Radar,34,42,103,5,184,0,2,18,1,21,34,44,121,6,205,24,0,24,229
10/22/2021,LEX,KY,ASO,CE,Combined TRACON& Tower with Radar,30,55,113,8,206,0,0,28,4,32,30,55,141,12,238,20,0,20,258
10/23/2021,LEX,KY,ASO,CE,Combined TRACON& Tower with Radar,28,50,50,0,128,0,2,87,5,94,28,52,137,5,222,36,0,36,258
10/24/2021,LEX,KY,ASO,CE,Combined TRACON& Tower with Radar,33,44,43,0,120,0,4,19,0,23,33,48,62,0,143,46,0,46,189
10/25/2021,LEX,KY,ASO,CE,Combined TRACON& Tower with Radar,30,50,42,1,123,0,1,4,1,6,30,51,46,2,129,4,0,4,133
10/26/2021,LEX,KY,ASO,CE,Combined TRACON& Tower with Radar,27,40,51,2,120,0,1,73,4,78,27,41,124,6,198,183,0,183,381
10/27/2021,LEX,KY,ASO,CE,Combined TRACON& Tower with Radar,30,49,75,1,155,0,6,119,2,127,30,55,194,3,282,68,0,68,350
10/28/2021,LEX,KY,ASO,CE,Combined TRACON& Tower with Radar,31,49,58,0,138,0,1,26,0,27,31,50,84,0,165,50,0,50,215
10/29/2021,LEX,KY,ASO,CE,Combined TRACON& Tower with Radar,33,45,91,0,169,0,0,13,0,13,33,45,104,0,182,66,0,66,248
10/30/2021,LEX,KY,ASO,CE,Combined TRACON& Tower with Radar,25,32,45,0,102,0,0,0,0,0,25,32,45,0,102,0,0,0,102
10/31/2021,LEX,KY,ASO,CE,Combined TRACON& Tower with Radar,22,48,53,0,123,0,0,26,0,26,22,48,79,0,149,0,0,0,149
11/01/2021,LEX,KY,ASO,CE,Combined TRACON& Tower with Radar,25,37,57,2,121,0,7,70,2,79,25,44,127,4,200,30,0,30,230
11/02/2021,LEX,KY,ASO,CE,Combined TRACON& Tower with Radar,18,27,73,8,126,0,1,86,1,88,18,28,159,9,214,80,0,80,294
11/03/2021,LEX,KY,ASO,CE,Combined TRACON& Tower with Radar,24,54,50,10,138,0,2,100,4,106,24,56,150,14,244,106,0,106,350
11/04/2021,LEX,KY,ASO,CE,Combined TRACON& Tower with Radar,30,53,75,5,163,0,4,76,4,84,30,57,151,9,247,78,0,78,325
11/05/2021,LEX,KY,ASO,CE,Combined TRACON& Tower with Radar,30,59,81,12,182,0,3,94,2,99,30,62,175,14,281,52,0,52,333
11/06/2021,LEX,KY,ASO,CE,Combined TRACON& Tower with Radar,19,39,68,4,130,0,7,104,3,114,19,46,172,7,244,60,0,60,304
11/07/2021,LEX,KY,ASO,CE,Combined TRACON& Tower with Radar,32,68,87,1,188,0,8,109,1,118,32,76,196,2,306,10,0,10,316
11/08/2021,LEX,KY,ASO,CE,Combined TRACON& Tower with Radar,28,39,59,4,130,0,6,93,4,103,28,45,152,8,233,60,0,60,293
11/09/2021,LEX,KY,ASO,CE,Combined TRACON& Tower with Radar,19,48,53,2,122,0,7,80,3,90,19,55,133,5,212,50,0,50,262
11/10/2021,LEX,KY,ASO,CE,Combined TRACON& Tower with Radar,31,41,61,3,136,0,5,90,4,99,31,46,151,7,235,54,0,54,289
11/11/2021,LEX,KY,ASO,CE,Combined TRACON& Tower with Radar,32,45,43,0,120,0,1,8,0,9,32,46,51,0,129,0,0,0,129
11/12/2021,LEX,KY,ASO,CE,Combined TRACON& Tower with Radar,30,53,60,0,143,0,6,34,1,41,30,59,94,1,184,28,0,28,212
11/13/2021,LEX,KY,ASO,CE,Combined TRACON& Tower with Radar,22,43,47,0,112,0,1,50,0,51,22,44,97,0,163,54,0,54,217
11/14/2021,LEX,KY,ASO,CE,Combined TRACON& Tower with Radar,26,53,36,0,115,0,2,15,0,17,26,55,51,0,132,0,0,0,132
11/15/2021,LEX,KY,ASO,CE,Combined TRACON& Tower with Radar,29,42,57,1,129,0,6,75,1,82,29,48,132,2,211,122,0,122,333
11/16/2021,LEX,KY,ASO,CE,Combined TRACON& Tower with Radar,19,35,69,0,123,0,4,80,5,89,19,39,149,5,212,62,0,62,274
11/17/2021,LEX,KY,ASO,CE,Combined TRACON& Tower with Radar,25,35,63,0,123,0,4,21,0,25,25,39,84,0,148,44,0,44,192
11/18/2021,LEX,KY,ASO,CE,Combined TRACON& Tower with Radar,31,31,70,0,132,0,0,50,2,52,31,31,120,2,184,14,0,14,198
11/19/2021,LEX,KY,ASO,CE,Combined TRACON& Tower with Radar,36,41,56,10,143,0,5,112,4,121,36,46,168,14,264,24,0,24,288
11/20/2021,LEX,KY,ASO,CE,Combined TRACON& Tower with Radar,24,37,41,0,102,0,1,91,0,92,24,38,132,0,194,18,0,18,212
11/21/2021,LEX,KY,ASO,CE,Combined TRACON& Tower with Radar,25,38,32,0,95,0,0,3,0,3,25,38,35,0,98,0,0,0,98
11/22/2021,LEX,KY,ASO,CE,Combined TRACON& Tower with Radar,31,24,59,1,115,0,0,81,3,84,31,24,140,4,199,42,0,42,241
11/23/2021,LEX,KY,ASO,CE,Combined TRACON& Tower with Radar,30,36,52,1,119,0,10,84,1,95,30,46,136,2,214,60,0,60,274
11/24/2021,LEX,KY,ASO,CE,Combined TRACON& Tower with Radar,37,36,36,1,110,0,4,73,3,80,37,40,109,4,190,24,0,24,214
11/25/2021,LEX,KY,ASO,CE,Combined TRACON& Tower with Radar,14,17,9,0,40,0,3,0,0,3,14,20,9,0,43,0,0,0,43
11/26/2021,LEX,KY,ASO,CE,Combined TRACON& Tower with Radar,17,28,40,0,85,0,2,45,0,47,17,30,85,0,132,30,0,30,162
11/27/2021,LEX,KY,ASO,CE,Combined TRACON& Tower with Radar,30,39,44,0,113,0,4,54,0,58,30,43,98,0,171,52,0,52,223
11/28/2021,LEX,KY,ASO,CE,Combined TRACON& Tower with Radar,34,37,41,0,112,0,0,67,0,67,34,37,108,0,179,32,0,32,211
11/29/2021,LEX,KY,ASO,CE,Combined TRACON& Tower with Radar,34,30,50,0,114,0,5,61,4,70,34,35,111,4,184,89,0,89,273
11/30/2021,LEX,KY,ASO,CE,Combined TRACON& Tower with Radar,30,32,51,5,118,0,6,73,1,80,30,38,124,6,198,106,0,106,304
12/01/2021,LEX,KY,ASO,CE,Combined TRACON& Tower with Radar,24,34,46,10,114,0,1,34,2,37,24,35,80,12,151,50,0,50,201
12/02/2021,LEX,KY,ASO,CE,Combined TRACON& Tower with Radar,29,38,58,2,127,0,1,39,2,42,29,39,97,4,169,58,0,58,227
12/03/2021,LEX,KY,ASO,CE,Combined TRACON& Tower with Radar,28,32,82,4,146,0,4,113,2,119,28,36,195,6,265,54,0,54,319
12/04/2021,LEX,KY,ASO,CE,Combined TRACON& Tower with Radar,17,26,45,14,102,0,2,116,5,123,17,28,161,19,225,56,0,56,281
12/05/2021,LEX,KY,ASO,CE,Combined TRACON& Tower with Radar,24,39,53,6,122,0,1,58,5,64,24,40,111,11,186,38,0,38,224
12/06/2021,LEX,KY,ASO,CE,Combined TRACON& Tower with Radar,29,36,34,0,99,0,0,30,0,30,29,36,64,0,129,30,0,30,159
12/07/2021,LEX,KY,ASO,CE,Combined TRACON& Tower with Radar,19,32,68,2,121,0,0,81,7,88,19,32,149,9,209,82,0,82,291
12/08/2021,LEX,KY,ASO,CE,Combined TRACON& Tower with Radar,21,47,61,7,136,0,6,74,1,81,21,53,135,8,217,86,0,86,303
12/09/2021,LEX,KY,ASO,CE,Combined TRACON& Tower with Radar,30,40,66,0,136,0,0,75,0,75,30,40,141,0,211,0,0,0,211
12/10/2021,LEX,KY,ASO,CE,Combined TRACON& Tower with Radar,28,48,36,4,116,0,1,9,0,10,28,49,45,4,126,0,0,0,126
12/11/2021,LEX,KY,ASO,CE,Combined TRACON& Tower with Radar,22,32,14,0,68,0,2,2,1,5,22,34,16,1,73,0,0,0,73
12/12/2021,LEX,KY,ASO,CE,Combined TRACON& Tower with Radar,28,38,43,0,109,0,5,114,1,120,28,43,157,1,229,12,0,12,241
12/13/2021,LEX,KY,ASO,CE,Combined TRACON& Tower with Radar,28,38,56,0,122,0,1,92,0,93,28,39,148,0,215,26,0,26,241
12/14/2021,LEX,KY,ASO,CE,Combined TRACON& Tower with Radar,19,28,51,2,100,0,6,117,3,126,19,34,168,5,226,62,0,62,288
12/15/2021,LEX,KY,ASO,CE,Combined TRACON& Tower with Radar,19,29,59,0,107,0,2,60,5,67,19,31,119,5,174,0,0,0,174
12/16/2021,LEX,KY,ASO,CE,Combined TRACON& Tower with Radar,30,36,48,0,114,0,0,5,0,5,30,36,53,0,119,0,0,0,119
12/17/2021,LEX,KY,ASO,CE,Combined TRACON& Tower with Radar,36,37,42,0,115,0,0,4,0,4,36,37,46,0,119,14,0,14,133
12/18/2021,LEX,KY,ASO,CE,Combined TRACON& Tower with Radar,21,30,34,0,85,0,0,0,0,0,21,30,34,0,85,0,0,0,85
12/19/2021,LEX,KY,ASO,CE,Combined TRACON& Tower with Radar,30,34,39,0,103,0,1,43,0,44,30,35,82,0,147,72,0,72,219
12/20/2021,LEX,KY,ASO,CE,Combined TRACON& Tower with Radar,32,37,58,2,129,0,4,96,0,100,32,41,154,2,229,56,0,56,285
12/21/2021,LEX,KY,ASO,CE,Combined TRACON& Tower with Radar,31,49,54,3,137,0,2,76,3,81,31,51,130,6,218,60,0,60,278
12/22/2021,LEX,KY,ASO,CE,Combined TRACON& Tower with Radar,24,37,67,3,131,0,9,98,1,108,24,46,165,4,239,6,0,6,245
12/23/2021,LEX,KY,ASO,CE,Combined TRACON& Tower with Radar,27,41,55,0,123,0,3,52,0,55,27,44,107,0,178,12,0,12,190
12/24/2021,LEX,KY,ASO,CE,Combined TRACON& Tower with Radar,19,21,12,0,52,0,7,8,0,15,19,28,20,0,67,0,0,0,67
12/25/2021,LEX,KY,ASO,CE,Combined TRACON& Tower with Radar,17,15,7,0,39,0,3,1,0,4,17,18,8,0,43,0,0,0,43
12/26/2021,LEX,KY,ASO,CE,Combined TRACON& Tower with Radar,30,33,78,0,141,0,3,39,0,42,30,36,117,0,183,16,0,16,199
12/27/2021,LEX,KY,ASO,CE,Combined TRACON& Tower with Radar,23,33,41,2,99,0,2,16,0,18,23,35,57,2,117,20,0,20,137
12/28/2021,LEX,KY,ASO,CE,Combined TRACON& Tower with Radar,28,39,34,2,103,0,0,10,0,10,28,39,44,2,113,0,0,0,113
12/29/2021,LEX,KY,ASO,CE,Combined TRACON& Tower with Radar,24,38,55,7,124,0,0,23,0,23,24,38,78,7,147,57,0,57,204
12/30/2021,LEX,KY,ASO,CE,Combined TRACON& Tower with Radar,32,34,54,0,120,0,0,8,0,8,32,34,62,0,128,0,0,0,128
12/31/2021,LEX,KY,ASO,CE,Combined TRACON& Tower with Radar,18,28,31,0,77,0,0,36,0,36,18,28,67,0,113,51,0,51,164
01/01/2022,LEX,KY,ASO,CE,Combined TRACON& Tower with Radar,18,14,13,0,45,0,0,0,0,0,18,14,13,0,45,0,0,0,45
01/02/2022,LEX,KY,ASO,CE,Combined TRACON& Tower with Radar,29,26,28,0,83,0,0,0,0,0,29,26,28,0,83,0,0,0,83
01/03/2022,LEX,KY,ASO,CE,Combined TRACON& Tower with Radar,27,38,61,4,130,0,0,88,2,90,27,38,149,6,220,51,0,51,271
01/04/2022,LEX,KY,ASO,CE,Combined TRACON& Tower with Radar,16,39,58,6,119,0,6,102,9,117,16,45,160,15,236,116,0,116,352
01/05/2022,LEX,KY,ASO,CE,Combined TRACON& Tower with Radar,23,31,24,2,80,0,1,26,3,30,23,32,50,5,110,0,0,0,110
01/06/2022,LEX,KY,ASO,CE,Combined TRACON& Tower with Radar,15,23,17,0,55,0,0,7,0,7,15,23,24,0,62,0,0,0,62
01/07/2022,LEX,KY,ASO,CE,Combined TRACON& Tower with Radar,21,44,32,0,97,0,12,23,0,35,21,56,55,0,132,0,0,0,132
01/08/2022,LEX,KY,ASO,CE,Combined TRACON& Tower with Radar,11,28,34,2,75,0,4,69,4,77,11,32,103,6,152,27,0,27,179
01/09/2022,LEX,KY,ASO,CE,Combined TRACON& Tower with Radar,23,45,27,1,96,0,2,2,1,5,23,47,29,2,101,0,0,0,101
01/10/2022,LEX,KY,ASO,CE,Combined TRACON& Tower with Radar,19,40,52,20,131,0,11,84,3,98,19,51,136,23,229,0,16,16,245
01/11/2022,LEX,KY,ASO,CE,Combined TRACON& Tower with Radar,19,34,62,0,115,0,3,80,0,83,19,37,142,0,198,34,0,34,232
01/12/2022,LEX,KY,ASO,CE,Combined TRACON& Tower with Radar,20,40,51,5,116,0,0,70,1,71,20,40,121,6,187,34,0,34,221
01/13/2022,LEX,KY,ASO,CE,Combined TRACON& Tower with Radar,22,42,48,3,115,0,6,71,3,80,22,48,119,6,195,52,0,52,247
01/14/2022,LEX,KY,ASO,CE,Combined TRACON& Tower with Radar,28,49,41,0,118,0,0,15,0,15,28,49,56,0,133,0,0,0,133
01/15/2022,LEX,KY,ASO,CE,Combined TRACON& Tower with Radar,12,31,30,0,73,0,2,25,0,27,12,33,55,0,100,12,0,12,112
01/16/2022,LEX,KY,ASO,CE,Combined TRACON& Tower with Radar,6,19,8,0,33,0,4,0,0,4,6,23,8,0,37,0,0,0,37
01/17/2022,LEX,KY,ASO,CE,Combined TRACON& Tower with Radar,23,37,28,0,88,0,0,0,0,0,23,37,28,0,88,4,0,4,92
01/18/2022,LEX,KY,ASO,CE,Combined TRACON& Tower with Radar,20,28,44,12,104,0,0,81,2,83,20,28,125,14,187,24,0,24,211
01/19/2022,LEX,KY,ASO,CE,Combined TRACON& Tower with Radar,22,37,42,0,101,0,0,14,2,16,22,37,56,2,117,0,0,0,117
01/20/2022,LEX,KY,ASO,CE,Combined TRACON& Tower with Radar,25,30,29,0,84,0,0,33,2,35,25,30,62,2,119,4,0,4,123
01/21/2022,LEX,KY,ASO,CE,Combined TRACON& Tower with Radar,28,44,43,2,117,0,5,69,0,74,28,49,112,2,191,126,0,126,317
01/22/2022,LEX,KY,ASO,CE,Combined TRACON& Tower with Radar,15,31,42,0,88,0,1,70,0,71,15,32,112,0,159,34,0,34,193
01/23/2022,LEX,KY,ASO,CE,Combined TRACON& Tower with Radar,23,42,22,0,87,0,6,13,0,19,23,48,35,0,106,0,0,0,106
01/24/2022,LEX,KY,ASO,CE,Combined TRACON& Tower with Radar,25,39,43,2,109,0,3,65,0,68,25,42,108,2,177,50,0,50,227
01/25/2022,LEX,KY,ASO,CE,Combined TRACON& Tower with Radar,18,24,47,2,91,0,2,31,0,33,18,26,78,2,124,22,0,22,146
01/26/2022,LEX,KY,ASO,CE,Combined TRACON& Tower with Radar,20,48,89,6,163,0,12,110,0,122,20,60,199,6,285,50,0,50,335
01/27/2022,LEX,KY,ASO,CE,Combined TRACON& Tower with Radar,26,41,62,2,131,0,2,61,2,65,26,43,123,4,196,58,0,58,254
01/28/2022,LEX,KY,ASO,CE,Combined TRACON& Tower with Radar,21,39,24,0,84,0,0,0,0,0,21,39,24,0,84,0,0,0,84
01/29/2022,LEX,KY,ASO,CE,Combined TRACON& Tower with Radar,20,29,32,2,83,0,2,59,0,61,20,31,91,2,144,0,0,0,144
01/30/2022,LEX,KY,ASO,CE,Combined TRACON& Tower with Radar,27,39,37,0,103,0,4,81,4,89,27,43,118,4,192,34,0,34,226
01/31/2022,LEX,KY,ASO,CE,Combined TRACON& Tower with Radar,24,34,59,3,120,0,0,99,7,106,24,34,158,10,226,24,0,24,250
02/01/2022,LEX,KY,ASO,CE,Combined TRACON& Tower with Radar,19,37,73,1,130,0,2,106,1,109,19,39,179,2,239,32,0,32,271
02/02/2022,LEX,KY,ASO,CE,Combined TRACON& Tower with Radar,18,20,28,4,70,0,5,5,2,12,18,25,33,6,82,0,0,0,82
02/03/2022,LEX,KY,ASO,CE,Combined TRACON& Tower with Radar,4,6,9,0,19,0,0,0,0,0,4,6,9,0,19,0,0,0,19
02/04/2022,LEX,KY,ASO,CE,Combined TRACON& Tower with Radar,14,18,20,0,52,0,0,2,0,2,14,18,22,0,54,0,0,0,54
02/05/2022,LEX,KY,ASO,CE,Combined TRACON& Tower with Radar,14,26,25,3,68,0,5,31,2,38,14,31,56,5,106,0,0,0,106
02/06/2022,LEX,KY,ASO,CE,Combined TRACON& Tower with Radar,27,44,44,1,116,0,8,89,2,99,27,52,133,3,215,50,0,50,265
02/07/2022,LEX,KY,ASO,CE,Combined TRACON& Tower with Radar,25,35,59,3,122,0,0,83,0,83,25,35,142,3,205,40,0,40,245
02/08/2022,LEX,KY,ASO,CE,Combined TRACON& Tower with Radar,20,28,46,3,97,0,2,95,3,100,20,30,141,6,197,38,4,42,239
02/09/2022,LEX,KY,ASO,CE,Combined TRACON& Tower with Radar,21,33,60,3,117,0,1,62,1,64,21,34,122,4,181,62,0,62,243
02/10/2022,LEX,KY,ASO,CE,Combined TRACON& Tower with Radar,26,44,66,5,141,0,0,102,4,106,26,44,168,9,247,74,0,74,321
02/11/2022,LEX,KY,ASO,CE,Combined TRACON& Tower with Radar,28,40,42,0,110,0,2,31,0,33,28,42,73,0,143,6,0,6,149
02/12/2022,LEX,KY,ASO,CE,Combined TRACON& Tower with Radar,18,20,29,0,67,0,5,19,3,27,18,25,48,3,94,42,0,42,136
02/13/2022,LEX,KY,ASO,CE,Combined TRACON& Tower with Radar,23,33,38,0,94,0,2,65,4,71,23,35,103,4,165,6,0,6,171
02/14/2022,LEX,KY,ASO,CE,Combined TRACON& Tower with Radar,24,44,39,0,107,0,8,59,1,68,24,52,98,1,175,36,0,36,211
02/15/2022,LEX,KY,ASO,CE,Combined TRACON& Tower with Radar,20,31,31,5,87,0,6,113,5,124,20,37,144,10,211,113,0,113,324
02/16/2022,LEX,KY,ASO,CE,Combined TRACON& Tower with Radar,24,41,34,0,99,0,2,22,1,25,24,43,56,1,124,0,0,0,124
02/17/2022,LEX,KY,ASO,CE,Combined TRACON& Tower with Radar,25,37,23,0,85,0,0,0,0,0,25,37,23,0,85,0,0,0,85
02/18/2022,LEX,KY,ASO,CE,Combined TRACON& Tower with Radar,31,41,63,0,135,0,2,114,2,118,31,43,177,2,253,42,0,42,295
02/19/2022,LEX,KY,ASO,CE,Combined TRACON& Tower with Radar,23,32,31,0,86,0,5,65,0,70,23,37,96,0,156,34,0,34,190
02/20/2022,LEX,KY,ASO,CE,Combined TRACON& Tower with Radar,21,47,59,0,127,0,5,98,0,103,21,52,157,0,230,60,0,60,290
02/21/2022,LEX,KY,ASO,CE,Combined TRACON& Tower with Radar,30,36,59,0,125,0,4,90,0,94,30,40,149,0,219,38,0,38,257
02/22/2022,LEX,KY,ASO,CE,Combined TRACON& Tower with Radar,26,34,13,0,73,0,0,0,0,0,26,34,13,0,73,0,0,0,73
02/23/2022,LEX,KY,ASO,CE,Combined TRACON& Tower with Radar,21,47,43,0,111,0,0,3,0,3,21,47,46,0,114,34,0,34,148
02/24/2022,LEX,KY,ASO,CE,Combined TRACON& Tower with Radar,26,38,23,0,87,0,0,0,0,0,26,38,23,0,87,0,0,0,87
02/25/2022,LEX,KY,ASO,CE,Combined TRACON& Tower with Radar,31,41,34,0,106,0,0,8,0,8,31,41,42,0,114,56,0,56,170
02/26/2022,LEX,KY,ASO,CE,Combined TRACON& Tower with Radar,21,30,37,2,90,0,6,87,2,95,21,36,124,4,185,78,0,78,263
02/27/2022,LEX,KY,ASO,CE,Combined TRACON& Tower with Radar,24,37,54,6,121,0,2,123,0,125,24,39,177,6,246,20,0,20,266
02/28/2022,LEX,KY,ASO,CE,Combined TRACON& Tower with Radar,29,35,61,2,127,0,2,118,0,120,29,37,179,2,247,74,0,74,321
03/01/2022,LEX,KY,ASO,CE,Combined TRACON& Tower with Radar,25,44,70,1,140,0,0,94,1,95,25,44,164,2,235,26,0,26,261
03/02/2022,LEX,KY,ASO,CE,Combined TRACON& Tower with Radar,26,37,45,0,108,0,5,112,0,117,26,42,157,0,225,74,0,74,299
03/03/2022,LEX,KY,ASO,CE,Combined TRACON& Tower with Radar,30,34,66,5,135,0,4,114,2,120,30,38,180,7,255,74,0,74,329
03/04/2022,LEX,KY,ASO,CE,Combined TRACON& Tower with Radar,35,35,63,0,133,0,4,127,0,131,35,39,190,0,264,41,0,41,305
03/05/2022,LEX,KY,ASO,CE,Combined TRACON& Tower with Radar,23,31,30,0,84,0,8,60,0,68,23,39,90,0,152,0,0,0,152
03/06/2022,LEX,KY,ASO,CE,Combined TRACON& Tower with Radar,29,41,22,2,94,0,0,1,0,1,29,41,23,2,95,0,0,0,95
03/07/2022,LEX,KY,ASO,CE,Combined TRACON& Tower with Radar,34,34,16,0,84,0,0,2,0,2,34,34,18,0,86,0,0,0,86
03/08/2022,LEX,KY,ASO,CE,Combined TRACON& Tower with Radar,29,28,72,7,136,0,3,63,1,67,29,31,135,8,203,56,14,70,273
03/09/2022,LEX,KY,ASO,CE,Combined TRACON& Tower with Radar,31,36,48,4,119,0,3,55,0,58,31,39,103,4,177,71,0,71,248
03/10/2022,LEX,KY,ASO,CE,Combined TRACON& Tower with Radar,29,42,86,10,167,0,4,142,1,147,29,46,228,11,314,80,0,80,394
03/11/2022,LEX,KY,ASO,CE,Combined TRACON& Tower with Radar,30,46,46,6,128,0,0,83,2,85,30,46,129,8,213,29,24,53,266
03/12/2022,LEX,KY,ASO,CE,Combined TRACON& Tower with Radar,24,23,22,6,75,0,4,11,0,15,24,27,33,6,90,0,0,0,90
03/13/2022,LEX,KY,ASO,CE,Combined TRACON& Tower with Radar,26,39,48,1,114,0,8,41,5,54,26,47,89,6,168,0,8,8,176
03/14/2022,LEX,KY,ASO,CE,Combined TRACON& Tower with Radar,32,33,55,5,125,0,0,84,3,87,32,33,139,8,212,60,0,60,272
03/15/2022,LEX,KY,ASO,CE,Combined TRACON& Tower with Radar,27,33,89,0,149,0,2,87,0,89,27,35,176,0,238,108,0,108,346
03/16/2022,LEX,KY,ASO,CE,Combined TRACON& Tower with Radar,27,32,85,6,150,0,4,72,3,79,27,36,157,9,229,59,0,59,288
03/17/2022,LEX,KY,ASO,CE,Combined TRACON& Tower with Radar,31,36,90,6,163,0,4,90,1,95,31,40,180,7,258,36,0,36,294
03/18/2022,LEX,KY,ASO,CE,Combined TRACON& Tower with Radar,30,32,46,0,108,0,2,26,3,31,30,34,72,3,139,0,0,0,139
03/19/2022,LEX,KY,ASO,CE,Combined TRACON& Tower with Radar,25,31,29,13,98,0,2,4,0,6,25,33,33,13,104,0,0,0,104
03/20/2022,LEX,KY,ASO,CE,Combined TRACON& Tower with Radar,34,29,68,0,131,0,3,102,2,107,34,32,170,2,238,24,0,24,262
03/21/2022,LEX,KY,ASO,CE,Combined TRACON& Tower with Radar,34,39,71,0,144,0,10,102,4,116,34,49,173,4,260,62,0,62,322
03/22/2022,LEX,KY,ASO,CE,Combined TRACON& Tower with Radar,29,33,48,2,112,0,0,44,2,46,29,33,92,4,158,14,0,14,172
03/23/2022,LEX,KY,ASO,CE,Combined TRACON& Tower with Radar,31,32,29,0,92,0,0,12,0,12,31,32,41,0,104,0,0,0,104
03/24/2022,LEX,KY,ASO,CE,Combined TRACON& Tower with Radar,31,36,74,4,145,0,0,50,3,53,31,36,124,7,198,10,0,10,208
03/25/2022,LEX,KY,ASO,CE,Combined TRACON& Tower with Radar,31,29,62,2,124,0,1,33,3,37,31,30,95,5,161,36,0,36,197
03/26/2022,LEX,KY,ASO,CE,Combined TRACON& Tower with Radar,30,30,32,0,92,0,2,16,0,18,30,32,48,0,110,0,0,0,110
03/27/2022,LEX,KY,ASO,CE,Combined TRACON& Tower with Radar,30,38,44,5,117,0,7,63,1,71,30,45,107,6,188,16,0,16,204
03/28/2022,LEX,KY,ASO,CE,Combined TRACON& Tower with Radar,32,32,54,0,118,0,2,85,0,87,32,34,139,0,205,42,0,42,247
03/29/2022,LEX,KY,ASO,CE,Combined TRACON& Tower with Radar,30,22,69,3,124,0,2,65,4,71,30,24,134,7,195,25,0,25,220
03/30/2022,LEX,KY,ASO,CE,Combined TRACON& Tower with Radar,29,29,38,0,96,0,3,9,0,12,29,32,47,0,108,0,0,0,108
03/31/2022,LEX,KY,ASO,CE,Combined TRACON& Tower with Radar,38,39,24,16,117,0,2,8,4,14,38,41,32,20,131,0,0,0,131
04/01/2022,LEX,KY,ASO,CE,Combined TRACON& Tower with Radar,31,32,76,12,151,0,2,47,13,62,31,34,123,25,213,6,18,24,237
04/02/2022,LEX,KY,ASO,CE,Combined TRACON& Tower with Radar,26,31,56,10,123,0,2,82,6,90,26,33,138,16,213,34,0,34,247
04/03/2022,LEX,KY,ASO,CE,Combined TRACON& Tower with Radar,34,44,101,5,184,0,6,104,3,113,34,50,205,8,297,50,0,50,347
04/04/2022,LEX,KY,ASO,CE,Combined TRACON& Tower with Radar,33,31,85,1,150,0,2,77,1,80,33,33,162,2,230,22,0,22,252
04/05/2022,LEX,KY,ASO,CE,Combined TRACON& Tower with Radar,29,37,65,0,131,0,0,11,0,11,29,37,76,0,142,18,0,18,160
04/06/2022,LEX,KY,ASO,CE,Combined TRACON& Tower with Radar,30,36,40,0,106,0,0,0,0,0,30,36,40,0,106,0,0,0,106
04/07/2022,LEX,KY,ASO,CE,Combined TRACON& Tower with Radar,31,37,89,2,159,0,0,52,4,56,31,37,141,6,215,22,0,22,237
04/08/2022,LEX,KY,ASO,CE,Combined TRACON& Tower with Radar,33,38,86,0,157,0,0,9,0,9,33,38,95,0,166,46,0,46,212
04/09/2022,LEX,KY,ASO,CE,Combined TRACON& Tower with Radar,26,40,46,0,112,0,0,12,0,12,26,40,58,0,124,12,0,12,136
04/10/2022,LEX,KY,ASO,CE,Combined TRACON& Tower with Radar,34,44,134,0,212,0,2,118,2,122,34,46,252,2,334,54,0,54,388
04/11/2022,LEX,KY,ASO,CE,Combined TRACON& Tower with Radar,39,34,43,0,116,0,0,10,0,10,39,34,53,0,126,28,0,28,154
04/12/2022,LEX,KY,ASO,CE,Combined TRACON& Tower with Radar,30,28,81,0,139,0,3,14,1,18,30,31,95,1,157,20,0,20,177
04/13/2022,LEX,KY,ASO,CE,Combined TRACON& Tower with Radar,30,38,58,5,131,0,0,22,6,28,30,38,80,11,159,0,0,0,159
04/14/2022,LEX,KY,ASO,CE,Combined TRACON& Tower with Radar,41,39,92,6,178,0,2,75,2,79,41,41,167,8,257,52,6,58,315
04/15/2022,LEX,KY,ASO,CE,Combined TRACON& Tower with Radar,41,40,78,6,165,0,1,76,1,78,41,41,154,7,243,22,0,22,265
04/16/2022,LEX,KY,ASO,CE,Combined TRACON& Tower with Radar,28,25,58,0,111,0,7,50,0,57,28,32,108,0,168,46,0,46,214
04/17/2022,LEX,KY,ASO,CE,Combined TRACON& Tower with Radar,38,33,48,0,119,0,4,46,0,50,38,37,94,0,169,52,0,52,221
04/18/2022,LEX,KY,ASO,CE,Combined TRACON& Tower with Radar,44,38,49,2,133,0,0,15,0,15,44,38,64,2,148,24,0,24,172
04/19/2022,LEX,KY,ASO,CE,Combined TRACON& Tower with Radar,33,27,83,1,144,0,2,95,1,98,33,29,178,2,242,62,0,62,304
04/20/2022,LEX,KY,ASO,CE,Combined TRACON& Tower with Radar,33,30,113,8,184,0,3,104,2,109,33,33,217,10,293,10,0,10,303
04/21/2022,LEX,KY,ASO,CE,Combined TRACON& Tower with Radar,41,50,90,1,182,0,2,24,1,27,41,52,114,2,209,64,0,64,273
04/22/2022,LEX,KY,ASO,CE,Combined TRACON& Tower with Radar,43,40,101,2,186,0,4,109,0,113,43,44,210,2,299,44,0,44,343
04/23/2022,LEX,KY,ASO,CE,Combined TRACON& Tower with Radar,28,37,65,0,130,0,6,58,0,64,28,43,123,0,194,36,0,36,230
04/24/2022,LEX,KY,ASO,CE,Combined TRACON& Tower with Radar,34,40,89,2,165,0,5,61,0,66,34,45,150,2,231,8,0,8,239
04/25/2022,LEX,KY,ASO,CE,Combined TRACON& Tower with Radar,38,32,35,0,105,0,3,30,0,33,38,35,65,0,138,26,0,26,164
04/26/2022,LEX,KY,ASO,CE,Combined TRACON& Tower with Radar,36,36,83,1,156,0,2,98,1,101,36,38,181,2,257,70,0,70,327
04/27/2022,LEX,KY,ASO,CE,Combined TRACON& Tower with Radar,34,49,91,0,174,0,7,120,0,127,34,56,211,0,301,70,0,70,371
04/28/2022,LEX,KY,ASO,CE,Combined TRACON& Tower with Radar,37,46,100,2,185,0,4,115,0,119,37,50,215,2,304,58,0,58,362
04/29/2022,LEX,KY,ASO,CE,Combined TRACON& Tower with Radar,39,34,69,0,142,0,0,80,2,82,39,34,149,2,224,52,0,52,276
04/30/2022,LEX,KY,ASO,CE,Combined TRACON& Tower with Radar,28,33,45,0,106,0,2,50,0,52,28,35,95,0,158,22,0,22,180
05/01/2022,LEX,KY,ASO,CE,Combined TRACON& Tower with Radar,37,49,62,0,148,0,11,25,1,37,37,60,87,1,185,10,0,10,195
05/02/2022,LEX,KY,ASO,CE,Combined TRACON& Tower with Radar,39,33,78,0,150,0,1,79,2,82,39,34,157,2,232,16,0,16,248
05/03/2022,LEX,KY,ASO,CE,Combined TRACON& Tower with Radar,28,36,22,2,88,0,3,10,0,13,28,39,32,2,101,0,0,0,101
05/04/2022,LEX,KY,ASO,CE,Combined TRACON& Tower with Radar,32,48,128,4,212,0,6,42,2,50,32,54,170,6,262,108,0,108,370
05/05/2022,LEX,KY,ASO,CE,Combined TRACON& Tower with Radar,41,54,119,2,216,0,2,73,1,76,41,56,192,3,292,32,0,32,324
05/06/2022,LEX,KY,ASO,CE,Combined TRACON& Tower with Radar,41,46,92,0,179,0,1,4,0,5,41,47,96,0,184,4,0,4,188
05/07/2022,LEX,KY,ASO,CE,Combined TRACON& Tower with Radar,33,34,48,0,115,0,3,0,0,3,33,37,48,0,118,0,0,0,118
05/08/2022,LEX,KY,ASO,CE,Combined TRACON& Tower with Radar,43,77,118,0,238,0,9,77,2,88,43,86,195,2,326,0,0,0,326
05/09/2022,LEX,KY,ASO,CE,Combined TRACON& Tower with Radar,39,35,93,11,178,0,10,113,1,124,39,45,206,12,302,106,0,106,408
05/10/2022,LEX,KY,ASO,CE,Combined TRACON& Tower with Radar,29,32,74,2,137,0,6,116,0,122,29,38,190,2,259,54,0,54,313
05/11/2022,LEX,KY,ASO,CE,Combined TRACON& Tower with Radar,35,30,87,2,154,0,3,67,0,70,35,33,154,2,224,42,0,42,266
05/12/2022,LEX,KY,ASO,CE,Combined TRACON& Tower with Radar,40,41,96,2,179,0,6,81,2,89,40,47,177,4,268,26,0,26,294
05/13/2022,LEX,KY,ASO,CE,Combined TRACON& Tower with Radar,40,35,62,5,142,0,5,82,1,88,40,40,144,6,230,42,0,42,272
05/14/2022,LEX,KY,ASO,CE,Combined TRACON& Tower with Radar,29,27,37,2,95,0,3,33,2,38,29,30,70,4,133,10,0,10,143
05/15/2022,LEX,KY,ASO,CE,Combined TRACON& Tower with Radar,37,43,59,5,144,0,4,59,5,68,37,47,118,10,212,54,4,58,270
05/16/2022,LEX,KY,ASO,CE,Combined TRACON& Tower with Radar,40,25,52,0,117,0,1,49,0,50,40,26,101,0,167,62,0,62,229
05/17/2022,LEX,KY,ASO,CE,Combined TRACON& Tower with Radar,32,28,79,1,140,0,6,95,5,106,32,34,174,6,246,42,0,42,288
05/18/2022,LEX,KY,ASO,CE,Combined TRACON& Tower with Radar,31,45,72,0,148,0,2,46,0,48,31,47,118,0,196,0,0,0,196
05/19/2022,LEX,KY,ASO,CE,Combined TRACON& Tower with Radar,39,36,64,1,140,0,2,42,2,46,39,38,106,3,186,48,0,48,234
05/20/2022,LEX,KY,ASO,CE,Combined TRACON& Tower with Radar,36,32,51,1,120,0,4,47,0,51,36,36,98,1,171,6,0,6,177
05/21/2022,LEX,KY,ASO,CE,Combined TRACON& Tower with Radar,37,24,49,0,110,0,2,49,0,51,37,26,98,0,161,0,0,0,161
05/22/2022,LEX,KY,ASO,CE,Combined TRACON& Tower with Radar,37,34,78,2,151,0,3,10,0,13,37,37,88,2,164,0,0,0,164
05/23/2022,LEX,KY,ASO,CE,Combined TRACON& Tower with Radar,39,28,74,0,141,0,4,29,2,35,39,32,103,2,176,72,0,72,248
05/24/2022,LEX,KY,ASO,CE,Combined TRACON& Tower with Radar,29,30,92,4,155,0,4,33,0,37,29,34,125,4,192,82,0,82,274
05/25/2022,LEX,KY,ASO,CE,Combined TRACON& Tower with Radar,29,27,63,0,119,0,6,39,2,47,29,33,102,2,166,16,0,16,182
05/26/2022,LEX,KY,ASO,CE,Combined TRACON& Tower with Radar,38,43,32,0,113,0,1,3,0,4,38,44,35,0,117,20,0,20,137
05/27/2022,LEX,KY,ASO,CE,Combined TRACON& Tower with Radar,41,41,57,1,140,0,6,20,1,27,41,47,77,2,167,12,8,20,187
05/28/2022,LEX,KY,ASO,CE,Combined TRACON& Tower with Radar,37,17,84,0,138,0,3,76,0,79,37,20,160,0,217,38,0,38,255
05/29/2022,LEX,KY,ASO,CE,Combined TRACON& Tower with Radar,34,25,35,0,94,0,4,64,0,68,34,29,99,0,162,66,0,66,228
05/30/2022,LEX,KY,ASO,CE,Combined TRACON& Tower with Radar,40,24,56,1,121,0,2,62,0,64,40,26,118,1,185,68,0,68,253
05/31/2022,LEX,KY,ASO,CE,Combined TRACON& Tower with Radar,32,22,74,5,133,0,4,90,3,97,32,26,164,8,230,38,0,38,268
06/01/2022,LEX,KY,ASO,CE,Combined TRACON& Tower with Radar,34,34,65,5,138,0,0,69,1,70,34,34,134,6,208,79,8,87,295
06/02/2022,LEX,KY,ASO,CE,Combined TRACON& Tower with Radar,42,32,38,1,113,0,2,26,2,30,42,34,64,3,143,15,0,15,158
06/03/2022,LEX,KY,ASO,CE,Combined TRACON& Tower with Radar,40,28,67,0,135,0,12,115,3,130,40,40,182,3,265,50,0,50,315
06/04/2022,LEX,KY,ASO,CE,Combined TRACON& Tower with Radar,40,22,61,22,145,0,10,97,1,108,40,32,158,23,253,74,0,74,327
06/05/2022,LEX,KY,ASO,CE,Combined TRACON& Tower with Radar,42,37,67,4,150,0,8,78,1,87,42,45,145,5,237,14,10,24,261
06/06/2022,LEX,KY,ASO,CE,Combined TRACON& Tower with Radar,45,33,50,7,135,0,0,46,5,51,45,33,96,12,186,14,0,14,200
06/07/2022,LEX,KY,ASO,CE,Combined TRACON& Tower with Radar,29,20,57,0,106,0,2,51,3,56,29,22,108,3,162,46,0,46,208
06/08/2022,LEX,KY,ASO,CE,Combined TRACON& Tower with Radar,36,29,66,0,131,0,4,32,2,38,36,33,98,2,169,30,0,30,199
06/09/2022,LEX,KY,ASO,CE,Combined TRACON& Tower with Radar,45,34,95,1,175,0,3,106,3,112,45,37,201,4,287,72,0,72,359
06/10/2022,LEX,KY,ASO,CE,Combined TRACON& Tower with Radar,38,36,80,3,157,0,1,64,8,73,38,37,144,11,230,122,0,122,352
06/11/2022,LEX,KY,ASO,CE,Combined TRACON& Tower with Radar,43,26,67,0,136,0,10,70,0,80,43,36,137,0,216,82,0,82,298
06/12/2022,LEX,KY,ASO,CE,Combined TRACON& Tower with Radar,41,43,64,0,148,0,4,39,0,43,41,47,103,0,191,34,0,34,225
06/13/2022,LEX,KY,ASO,CE,Combined TRACON& Tower with Radar,40,21,64,0,125,0,2,79,1,82,40,23,143,1,207,72,0,72,279
06/14/2022,LEX,KY,ASO,CE,Combined TRACON& Tower with Radar,32,31,74,2,139,0,5,79,0,84,32,36,153,2,223,22,0,22,245
06/15/2022,LEX,KY,ASO,CE,Combined TRACON& Tower with Radar,36,39,81,0,156,0,1,82,2,85,36,40,163,2,241,70,0,70,311
06/16/2022,LEX,KY,ASO,CE,Combined TRACON& Tower with Radar,41,33,95,7,176,0,5,91,3,99,41,38,186,10,275,26,0,26,301
06/17/2022,LEX,KY,ASO,CE,Combined TRACON& Tower with Radar,35,32,41,5,113,0,0,51,0,51,35,32,92,5,164,10,0,10,174
06/18/2022,LEX,KY,ASO,CE,Combined TRACON& Tower with Radar,38,32,47,0,117,0,10,54,0,64,38,42,101,0,181,4,0,4,185
06/19/2022,LEX,KY,ASO,CE,Combined TRACON& Tower with Radar,46,37,44,2,129,0,7,75,2,84,46,44,119,4,213,14,0,14,227
06/20/2022,LEX,KY,ASO,CE,Combined TRACON& Tower with Radar,38,29,83,0,150,0,5,82,3,90,38,34,165,3,240,74,0,74,314
06/21/2022,LEX,KY,ASO,CE,Combined TRACON& Tower with Radar,36,30,60,2,128,0,6,100,1,107,36,36,160,3,235,22,0,22,257
06/22/2022,LEX,KY,ASO,CE,Combined TRACON& Tower with Radar,37,31,66,4,138,0,13,70,0,83,37,44,136,4,221,42,0,42,263
06/23/2022,LEX,KY,ASO,CE,Combined TRACON& Tower with Radar,43,30,91,5,169,0,10,114,3,127,43,40,205,8,296,92,20,112,408
06/24/2022,LEX,KY,ASO,CE,Combined TRACON& Tower with Radar,41,26,68,22,157,0,5,101,0,106,41,31,169,22,263,18,0,18,281
06/25/2022,LEX,KY,ASO,CE,Combined TRACON& Tower with Radar,35,26,72,30,163,0,9,96,4,109,35,35,168,34,272,60,70,130,402
06/26/2022,LEX,KY,ASO,CE,Combined TRACON& Tower with Radar,42,29,51,7,129,0,6,26,1,33,42,35,77,8,162,12,0,12,174
06/27/2022,LEX,KY,ASO,CE,Combined TRACON& Tower with Radar,39,36,62,4,141,0,2,57,2,61,39,38,119,6,202,54,4,58,260
06/28/2022,LEX,KY,ASO,CE,Combined TRACON& Tower with Radar,35,25,65,2,127,0,10,91,6,107,35,35,156,8,234,36,0,36,270
06/29/2022,LEX,KY,ASO,CE,Combined TRACON& Tower with Radar,36,29,72,12,149,0,9,108,10,127,36,38,180,22,276,28,10,38,314
06/30/2022,LEX,KY,ASO,CE,Combined TRACON& Tower with Radar,40,42,76,0,158,0,4,91,2,97,40,46,167,2,255,54,0,54,309
07/01/2022,LEX,KY,ASO,CE,Combined TRACON& Tower with Radar,40,27,53,2,122,0,8,61,2,71,40,35,114,4,193,12,0,12,205
07/02/2022,LEX,KY,ASO,CE,Combined TRACON& Tower with Radar,35,27,33,0,95,0,2,39,0,41,35,29,72,0,136,84,0,84,220
07/03/2022,LEX,KY,ASO,CE,Combined TRACON& Tower with Radar,33,32,34,4,103,0,1,27,0,28,33,33,61,4,131,14,0,14,145
07/04/2022,LEX,KY,ASO,CE,Combined TRACON& Tower with Radar,38,29,31,2,100,0,9,49,2,60,38,38,80,4,160,54,0,54,214
07/05/2022,LEX,KY,ASO,CE,Combined TRACON& Tower with Radar,34,29,62,0,125,0,8,35,3,46,34,37,97,3,171,20,0,20,191
07/06/2022,LEX,KY,ASO,CE,Combined TRACON& Tower with Radar,37,33,36,1,107,0,7,50,4,61,37,40,86,5,168,30,0,30,198
07/07/2022,LEX,KY,ASO,CE,Combined TRACON& Tower with Radar,39,30,60,1,130,0,0,16,0,16,39,30,76,1,146,31,0,31,177
07/08/2022,LEX,KY,ASO,CE,Combined TRACON& Tower with Radar,38,23,45,7,113,0,1,11,0,12,38,24,56,7,125,30,0,30,155
07/09/2022,LEX,KY,ASO,CE,Combined TRACON& Tower with Radar,39,21,31,0,91,0,0,1,0,1,39,21,32,0,92,0,0,0,92
07/10/2022,LEX,KY,ASO,CE,Combined TRACON& Tower with Radar,43,39,99,10,191,0,11,71,2,84,43,50,170,12,275,22,0,22,297
07/11/2022,LEX,KY,ASO,CE,Combined TRACON& Tower with Radar,32,29,78,4,143,0,1,59,0,60,32,30,137,4,203,36,0,36,239
07/12/2022,LEX,KY,ASO,CE,Combined TRACON& Tower with Radar,29,41,77,4,151,0,4,82,0,86,29,45,159,4,237,36,0,36,273
07/13/2022,LEX,KY,ASO,CE,Combined TRACON& Tower with Radar,34,34,94,2,164,0,1,105,6,112,34,35,199,8,276,41,0,41,317
07/14/2022,LEX,KY,ASO,CE,Combined TRACON& Tower with Radar,43,38,90,2,173,0,4,83,3,90,43,42,173,5,263,21,0,21,284
07/15/2022,LEX,KY,ASO,CE,Combined TRACON& Tower with Radar,42,31,87,8,168,0,5,93,0,98,42,36,180,8,266,62,0,62,328
07/16/2022,LEX,KY,ASO,CE,Combined TRACON& Tower with Radar,37,21,48,0,106,0,1,57,0,58,37,22,105,0,164,26,0,26,190
07/17/2022,LEX,KY,ASO,CE,Combined TRACON& Tower with Radar,41,36,43,0,120,0,2,21,0,23,41,38,64,0,143,8,0,8,151
07/18/2022,LEX,KY,ASO,CE,Combined TRACON& Tower with Radar,34,29,70,0,133,0,3,19,0,22,34,32,89,0,155,42,0,42,197
07/19/2022,LEX,KY,ASO,CE,Combined TRACON& Tower with Radar,31,35,75,4,145,0,8,65,2,75,31,43,140,6,220,58,0,58,278
07/20/2022,LEX,KY,ASO,CE,Combined TRACON& Tower with Radar,36,29,82,0,147,0,5,54,0,59,36,34,136,0,206,20,0,20,226
07/21/2022,LEX,KY,ASO,CE,Combined TRACON& Tower with Radar,39,35,80,0,154,0,4,77,0,81,39,39,157,0,235,22,0,22,257
07/22/2022,LEX,KY,ASO,CE,Combined TRACON& Tower with Radar,39,36,68,10,153,0,7,69,0,76,39,43,137,10,229,24,8,32,261
07/23/2022,LEX,KY,ASO,CE,Combined TRACON& Tower with Radar,44,26,53,23,146,0,6,59,2,67,44,32,112,25,213,14,32,46,259
07/24/2022,LEX,KY,ASO,CE,Combined TRACON& Tower with Radar,45,45,72,0,162,0,14,52,1,67,45,59,124,1,229,33,0,33,262
07/25/2022,LEX,KY,ASO,CE,Combined TRACON& Tower with Radar,37,23,59,3,122,0,0,13,3,16,37,23,72,6,138,46,0,46,184
07/26/2022,LEX,KY,ASO,CE,Combined TRACON& Tower with Radar,35,22,23,2,82,0,0,6,0,6,35,22,29,2,88,28,0,28,116
07/27/2022,LEX,KY,ASO,CE,Combined TRACON& Tower with Radar,33,33,50,0,116,0,1,43,1,45,33,34,93,1,161,32,0,32,193
07/28/2022,LEX,KY,ASO,CE,Combined TRACON& Tower with Radar,40,36,72,1,149,0,2,25,2,29,40,38,97,3,178,0,0,0,178
07/29/2022,LEX,KY,ASO,CE,Combined TRACON& Tower with Radar,39,30,70,9,148,0,2,31,0,33,39,32,101,9,181,40,0,40,221
07/30/2022,LEX,KY,ASO,CE,Combined TRACON& Tower with Radar,39,27,65,0,131,0,9,76,0,85,39,36,141,0,216,38,0,38,254
07/31/2022,LEX,KY,ASO,CE,Combined TRACON& Tower with Radar,42,32,55,2,131,0,1,11,0,12,42,33,66,2,143,0,0,0,143
08/01/2022,LEX,KY,ASO,CE,Combined TRACON& Tower with Radar,41,31,65,0,137,0,2,26,2,30,41,33,91,2,167,12,0,12,179
08/02/2022,LEX,KY,ASO,CE,Combined TRACON& Tower with Radar,38,24,82,1,145,0,7,73,2,82,38,31,155,3,227,8,0,8,235
08/03/2022,LEX,KY,ASO,CE,Combined TRACON& Tower with Radar,29,39,104,3,175,0,5,98,2,105,29,44,202,5,280,86,0,86,366
08/04/2022,LEX,KY,ASO,CE,Combined TRACON& Tower with Radar,45,29,77,0,151,0,3,46,0,49,45,32,123,0,200,48,0,48,248
08/05/2022,LEX,KY,ASO,CE,Combined TRACON& Tower with Radar,45,28,47,4,124,0,2,15,0,17,45,30,62,4,141,0,0,0,141
08/06/2022,LEX,KY,ASO,CE,Combined TRACON& Tower with Radar,36,30,45,7,118,0,3,14,0,17,36,33,59,7,135,0,0,0,135
08/07/2022,LEX,KY,ASO,CE,Combined TRACON& Tower with Radar,39,48,65,2,154,0,7,43,4,54,39,55,108,6,208,42,0,42,250
08/08/2022,LEX,KY,ASO,CE,Combined TRACON& Tower with Radar,43,46,43,7,139,0,9,27,1,37,43,55,70,8,176,70,24,94,270
08/09/2022,LEX,KY,ASO,CE,Combined TRACON& Tower with Radar,31,43,74,14,162,0,6,80,3,89,31,49,154,17,251,88,0,88,339
08/10/2022,LEX,KY,ASO,CE,Combined TRACON& Tower with Radar,37,35,82,2,156,0,0,9,1,10,37,35,91,3,166,0,0,0,166
08/11/2022,LEX,KY,ASO,CE,Combined TRACON& Tower with Radar,44,38,92,18,192,0,14,89,4,107,44,52,181,22,299,82,0,82,381
08/12/2022,LEX,KY,ASO,CE,Combined TRACON& Tower with Radar,37,33,84,5,159,0,2,96,0,98,37,35,180,5,257,102,0,102,359
08/13/2022,LEX,KY,ASO,CE,Combined TRACON& Tower with Radar,40,32,63,4,139,0,8,82,1,91,40,40,145,5,230,8,0,8,238
08/14/2022,LEX,KY,ASO,CE,Combined TRACON& Tower with Radar,42,42,73,2,159,0,0,53,0,53,42,42,126,2,212,84,0,84,296
08/15/2022,LEX,KY,ASO,CE,Combined TRACON& Tower with Radar,37,38,81,1,157,0,2,21,1,24,37,40,102,2,181,26,0,26,207
08/16/2022,LEX,KY,ASO,CE,Combined TRACON& Tower with Radar,44,31,93,2,170,0,8,99,0,107,44,39,192,2,277,103,0,103,380
08/17/2022,LEX,KY,ASO,CE,Combined TRACON& Tower with Radar,33,31,95,2,161,0,4,66,1,71,33,35,161,3,232,36,0,36,268
08/18/2022,LEX,KY,ASO,CE,Combined TRACON& Tower with Radar,40,40,115,1,196,0,9,100,5,114,40,49,215,6,310,76,0,76,386
08/19/2022,LEX,KY,ASO,CE,Combined TRACON& Tower with Radar,34,40,102,5,181,0,1,93,0,94,34,41,195,5,275,84,0,84,359
08/20/2022,LEX,KY,ASO,CE,Combined TRACON& Tower with Radar,27,37,47,9,120,0,5,38,0,43,27,42,85,9,163,30,0,30,193
08/21/2022,LEX,KY,ASO,CE,Combined TRACON& Tower with Radar,38,36,49,8,131,0,4,8,0,12,38,40,57,8,143,0,0,0,143
08/22/2022,LEX,KY,ASO,CE,Combined TRACON& Tower with Radar,41,31,65,2,139,0,2,42,2,46,41,33,107,4,185,60,0,60,245
08/23/2022,LEX,KY,ASO,CE,Combined TRACON& Tower with Radar,35,44,96,4,179,0,10,87,6,103,35,54,183,10,282,156,18,174,456
08/24/2022,LEX,KY,ASO,CE,Combined TRACON& Tower with Radar,37,29,96,0,162,0,8,120,2,130,37,37,216,2,292,70,24,94,386
08/25/2022,LEX,KY,ASO,CE,Combined TRACON& Tower with Radar,40,34,96,7,177,0,3,104,2,109,40,37,200,9,286,141,0,141,427
08/26/2022,LEX,KY,ASO,CE,Combined TRACON& Tower with Radar,36,23,78,29,166,0,6,80,1,87,36,29,158,30,253,24,14,38,291
08/27/2022,LEX,KY,ASO,CE,Combined TRACON& Tower with Radar,32,20,57,1,110,0,6,86,2,94,32,26,143,3,204,58,0,58,262
08/28/2022,LEX,KY,ASO,CE,Combined TRACON& Tower with Radar,38,30,85,0,153,0,10,65,5,80,38,40,150,5,233,22,0,22,255
08/29/2022,LEX,KY,ASO,CE,Combined TRACON& Tower with Radar,34,34,47,0,115,0,2,22,1,25,34,36,69,1,140,36,0,36,176
08/30/2022,LEX,KY,ASO,CE,Combined TRACON& Tower with Radar,29,28,81,1,139,0,0,32,2,34,29,28,113,3,173,42,0,42,215
08/31/2022,LEX,KY,ASO,CE,Combined TRACON& Tower with Radar,32,30,90,8,160,0,7,111,2,120,32,37,201,10,280,70,6,76,356
09/01/2022,LEX,KY,ASO,CE,Combined TRACON& Tower with Radar,39,35,89,2,165,0,5,90,2,97,39,40,179,4,262,128,0,128,390
09/02/2022,LEX,KY,ASO,CE,Combined TRACON& Tower with Radar,38,36,86,26,186,0,5,91,2,98,38,41,177,28,284,72,0,72,356
09/03/2022,LEX,KY,ASO,CE,Combined TRACON& Tower with Radar,25,15,25,2,67,0,3,19,0,22,25,18,44,2,89,32,0,32,121
09/04/2022,LEX,KY,ASO,CE,Combined TRACON& Tower with Radar,32,15,38,0,85,0,2,16,0,18,32,17,54,0,103,45,0,45,148
09/05/2022,LEX,KY,ASO,CE,Combined TRACON& Tower with Radar,33,28,58,0,119,0,0,13,0,13,33,28,71,0,132,50,0,50,182
09/06/2022,LEX,KY,ASO,CE,Combined TRACON& Tower with Radar,35,23,68,18,144,0,2,17,2,21,35,25,85,20,165,62,0,62,227
09/07/2022,LEX,KY,ASO,CE,Combined TRACON& Tower with Radar,26,33,77,6,142,0,4,82,0,86,26,37,159,6,228,50,0,50,278
09/08/2022,LEX,KY,ASO,CE,Combined TRACON& Tower with Radar,35,50,85,0,170,0,8,112,0,120,35,58,197,0,290,59,0,59,349
09/09/2022,LEX,KY,ASO,CE,Combined TRACON& Tower with Radar,36,39,89,1,165,0,9,98,0,107,36,48,187,1,272,70,0,70,342
09/10/2022,LEX,KY,ASO,CE,Combined TRACON& Tower with Radar,20,36,79,0,135,0,9,53,0,62,20,45,132,0,197,14,0,14,211
09/11/2022,LEX,KY,ASO,CE,Combined TRACON& Tower with Radar,37,43,61,2,143,0,0,4,0,4,37,43,65,2,147,6,0,6,153
09/12/2022,LEX,KY,ASO,CE,Combined TRACON& Tower with Radar,38,56,107,6,207,0,5,66,1,72,38,61,173,7,279,58,0,58,337
09/13/2022,LEX,KY,ASO,CE,Combined TRACON& Tower with Radar,32,40,125,7,204,0,7,70,4,81,32,47,195,11,285,66,0,66,351
09/14/2022,LEX,KY,ASO,CE,Combined TRACON& Tower with Radar,26,46,114,4,190,0,4,86,2,92,26,50,200,6,282,26,0,26,308
09/15/2022,LEX,KY,ASO,CE,Combined TRACON& Tower with Radar,40,49,96,2,187,0,8,78,2,88,40,57,174,4,275,102,0,102,377
09/16/2022,LEX,KY,ASO,CE,Combined TRACON& Tower with Radar,39,36,120,15,210,0,11,83,0,94,39,47,203,15,304,38,0,38,342
09/17/2022,LEX,KY,ASO,CE,Combined TRACON& Tower with Radar,26,37,73,28,164,0,15,80,4,99,26,52,153,32,263,36,6,42,305
09/18/2022,LEX,KY,ASO,CE,Combined TRACON& Tower with Radar,41,44,106,13,204,0,11,74,2,87,41,55,180,15,291,97,0,97,388
09/19/2022,LEX,KY,ASO,CE,Combined TRACON& Tower with Radar,37,36,76,0,149,0,8,57,0,65,37,44,133,0,214,22,0,22,236
09/20/2022,LEX,KY,ASO,CE,Combined TRACON& Tower with Radar,30,36,117,2,185,0,7,130,6,143,30,43,247,8,328,108,38,146,474
09/21/2022,LEX,KY,ASO,CE,Combined TRACON& Tower with Radar,29,37,92,6,164,0,1,85,0,86,29,38,177,6,250,72,0,72,322
09/22/2022,LEX,KY,ASO,CE,Combined TRACON& Tower with Radar,41,40,72,5,158,0,10,59,0,69,41,50,131,5,227,38,0,38,265
09/23/2022,LEX,KY,ASO,CE,Combined TRACON& Tower with Radar,37,34,91,0,162,0,7,95,6,108,37,41,186,6,270,54,0,54,324
09/24/2022,LEX,KY,ASO,CE,Combined TRACON& Tower with Radar,22,54,66,8,150,0,12,58,3,73,22,66,124,11,223,0,0,0,223
09/25/2022,LEX,KY,ASO,CE,Combined TRACON& Tower with Radar,37,50,47,1,135,0,5,27,5,37,37,55,74,6,172,20,0,20,192
09/26/2022,LEX,KY,ASO,CE,Combined TRACON& Tower with Radar,38,36,73,2,149,0,6,57,0,63,38,42,130,2,212,68,0,68,280
09/27/2022,LEX,KY,ASO,CE,Combined TRACON& Tower with Radar,28,29,67,8,132,0,3,74,0,77,28,32,141,8,209,108,0,108,317
09/28/2022,LEX,KY,ASO,CE,Combined TRACON& Tower with Radar,27,37,111,6,181,0,5,45,2,52,27,42,156,8,233,61,6,67,300
09/29/2022,LEX,KY,ASO,CE,Combined TRACON& Tower with Radar,35,36,82,5,158,0,5,65,1,71,35,41,147,6,229,112,0,112,341
09/30/2022,LEX,KY,ASO,CE,Combined TRACON& Tower with Radar,43,37,106,0,186,0,10,71,0,81,43,47,177,0,267,14,0,14,281
10/01/2022,LEX,KY,ASO,CE,Combined TRACON& Tower with Radar,30,41,52,2,125,0,6,60,0,66,30,47,112,2,191,0,0,0,191
10/02/2022,LEX,KY,ASO,CE,Combined TRACON& Tower with Radar,42,48,85,0,175,0,3,37,1,41,42,51,122,1,216,18,0,18,234
10/03/2022,LEX,KY,ASO,CE,Combined TRACON& Tower with Radar,42,32,81,9,164,0,4,69,1,74,42,36,150,10,238,26,0,26,264
10/04/2022,LEX,KY,ASO,CE,Combined TRACON& Tower with Radar,30,37,80,4,151,0,4,98,4,106,30,41,178,8,257,100,0,100,357
10/05/2022,LEX,KY,ASO,CE,Combined TRACON& Tower with Radar,27,37,89,7,160,0,9,91,4,104,27,46,180,11,264,72,10,82,346
10/06/2022,LEX,KY,ASO,CE,Combined TRACON& Tower with Radar,41,42,89,2,174,0,5,80,1,86,41,47,169,3,260,70,0,70,330
10/07/2022,LEX,KY,ASO,CE,Combined TRACON& Tower with Radar,44,48,123,2,217,0,5,107,1,113,44,53,230,3,330,38,0,38,368
10/08/2022,LEX,KY,ASO,CE,Combined TRACON& Tower with Radar,40,42,114,0,196,0,7,89,1,97,40,49,203,1,293,100,0,100,393
10/09/2022,LEX,KY,ASO,CE,Combined TRACON& Tower with Radar,40,65,111,1,217,0,12,90,2,104,40,77,201,3,321,16,0,16,337
10/10/2022,LEX,KY,ASO,CE,Combined TRACON& Tower with Radar,36,29,68,0,133,0,4,66,0,70,36,33,134,0,203,36,0,36,239
10/11/2022,LEX,KY,ASO,CE,Combined TRACON& Tower with Radar,34,33,95,1,163,0,11,89,3,103,34,44,184,4,266,68,0,68,334
10/12/2022,LEX,KY,ASO,CE,Combined TRACON& Tower with Radar,32,34,74,0,140,0,1,33,4,38,32,35,107,4,178,0,0,0,178
10/13/2022,LEX,KY,ASO,CE,Combined TRACON& Tower with Radar,39,36,87,8,170,0,1,90,8,99,39,37,177,16,269,26,0,26,295
10/14/2022,LEX,KY,ASO,CE,Combined TRACON& Tower with Radar,40,29,86,0,155,0,2,72,0,74,40,31,158,0,229,0,0,0,229
10/15/2022,LEX,KY,ASO,CE,Combined TRACON& Tower with Radar,34,28,81,0,143,0,9,70,2,81,34,37,151,2,224,36,0,36,260
10/16/2022,LEX,KY,ASO,CE,Combined TRACON& Tower with Radar,41,37,119,0,197,0,7,61,0,68,41,44,180,0,265,40,0,40,305
10/17/2022,LEX,KY,ASO,CE,Combined TRACON& Tower with Radar,33,34,85,5,157,0,6,42,0,48,33,40,127,5,205,0,0,0,205
10/18/2022,LEX,KY,ASO,CE,Combined TRACON& Tower with Radar,38,19,43,7,107,0,5,11,0,16,38,24,54,7,123,32,0,32,155
10/19/2022,LEX,KY,ASO,CE,Combined TRACON& Tower with Radar,35,41,102,9,187,0,7,48,3,58,35,48,150,12,245,108,46,154,399
10/20/2022,LEX,KY,ASO,CE,Combined TRACON& Tower with Radar,42,52,85,4,183,0,5,74,2,81,42,57,159,6,264,6,0,6,270
10/21/2022,LEX,KY,ASO,CE,Combined TRACON& Tower with Radar,36,43,85,12,176,0,13,83,2,98,36,56,168,14,274,60,0,60,334
10/22/2022,LEX,KY,ASO,CE,Combined TRACON& Tower with Radar,28,30,73,26,157,0,13,73,4,90,28,43,146,30,247,76,10,86,333
10/23/2022,LEX,KY,ASO,CE,Combined TRACON& Tower with Radar,40,45,79,7,171,0,3,76,3,82,40,48,155,10,253,46,0,46,299
10/24/2022,LEX,KY,ASO,CE,Combined TRACON& Tower with Radar,33,30,84,2,149,0,10,79,0,89,33,40,163,2,238,72,0,72,310
10/25/2022,LEX,KY,ASO,CE,Combined TRACON& Tower with Radar,29,30,86,0,145,0,7,53,4,64,29,37,139,4,209,30,0,30,239
10/26/2022,LEX,KY,ASO,CE,Combined TRACON& Tower with Radar,36,41,66,1,144,0,2,7,1,10,36,43,73,2,154,24,0,24,178
10/27/2022,LEX,KY,ASO,CE,Combined TRACON& Tower with Radar,42,42,130,7,221,0,10,108,1,119,42,52,238,8,340,77,0,77,417
10/28/2022,LEX,KY,ASO,CE,Combined TRACON& Tower with Radar,35,37,102,3,177,0,4,112,2,118,35,41,214,5,295,76,0,76,371
10/29/2022,LEX,KY,ASO,CE,Combined TRACON& Tower with Radar,24,36,57,0,117,0,2,79,3,84,24,38,136,3,201,44,0,44,245
10/30/2022,LEX,KY,ASO,CE,Combined TRACON& Tower with Radar,31,39,59,0,129,0,4,15,2,21,31,43,74,2,150,16,0,16,166
10/31/2022,LEX,KY,ASO,CE,Combined TRACON& Tower with Radar,23,27,78,8,136,0,2,6,0,8,23,29,84,8,144,46,0,46,190
11/01/2022,LEX,KY,ASO,CE,Combined TRACON& Tower with Radar,32,49,80,4,165,0,5,45,0,50,32,54,125,4,215,20,0,20,235
11/02/2022,LEX,KY,ASO,CE,Combined TRACON& Tower with Radar,32,58,68,0,158,0,4,21,1,26,32,62,89,1,184,0,0,0,184
11/03/2022,LEX,KY,ASO,CE,Combined TRACON& Tower with Radar,56,131,116,1,304,0,4,14,1,19,56,135,130,2,323,0,0,0,323
11/04/2022,LEX,KY,ASO,CE,Combined TRACON& Tower with Radar,36,98,68,0,202,0,7,18,1,26,36,105,86,1,228,0,0,0,228
11/05/2022,LEX,KY,ASO,CE,Combined TRACON& Tower with Radar,37,68,76,1,182,0,2,3,1,6,37,70,79,2,188,0,0,0,188
11/06/2022,LEX,KY,ASO,CE,Combined TRACON& Tower with Radar,60,115,110,0,285,0,6,11,1,18,60,121,121,1,303,12,0,12,315
11/07/2022,LEX,KY,ASO,CE,Combined TRACON& Tower with Radar,34,32,111,0,177,0,6,77,2,85,34,38,188,2,262,54,0,54,316
11/08/2022,LEX,KY,ASO,CE,Combined TRACON& Tower with Radar,34,31,116,7,188,0,11,73,6,90,34,42,189,13,278,96,16,112,390
11/09/2022,LEX,KY,ASO,CE,Combined TRACON& Tower with Radar,37,37,90,2,166,0,4,71,4,79,37,41,161,6,245,90,0,90,335
11/10/2022,LEX,KY,ASO,CE,Combined TRACON& Tower with Radar,41,30,90,4,165,0,1,77,0,78,41,31,167,4,243,103,6,109,352
11/11/2022,LEX,KY,ASO,CE,Combined TRACON& Tower with Radar,41,31,37,0,109,0,0,3,0,3,41,31,40,0,112,0,0,0,112
11/12/2022,LEX,KY,ASO,CE,Combined TRACON& Tower with Radar,39,23,23,0,85,0,0,0,0,0,39,23,23,0,85,0,0,0,85
11/13/2022,LEX,KY,ASO,CE,Combined TRACON& Tower with Radar,49,16,43,0,108,0,2,43,2,47,49,18,86,2,155,72,0,72,227
11/14/2022,LEX,KY,ASO,CE,Combined TRACON& Tower with Radar,37,23,87,2,149,0,9,62,2,73,37,32,149,4,222,82,0,82,304
11/15/2022,LEX,KY,ASO,CE,Combined TRACON& Tower with Radar,36,26,22,4,88,0,1,3,0,4,36,27,25,4,92,0,0,0,92
11/16/2022,LEX,KY,ASO,CE,Combined TRACON& Tower with Radar,44,30,61,4,139,0,2,18,2,22,44,32,79,6,161,24,0,24,185
11/17/2022,LEX,KY,ASO,CE,Combined TRACON& Tower with Radar,41,20,82,0,143,0,5,53,4,62,41,25,135,4,205,144,0,144,349
11/18/2022,LEX,KY,ASO,CE,Combined TRACON& Tower with Radar,47,36,86,2,171,0,5,61,0,66,47,41,147,2,237,50,0,50,287
11/19/2022,LEX,KY,ASO,CE,Combined TRACON& Tower with Radar,46,31,73,1,151,0,9,69,2,80,46,40,142,3,231,34,0,34,265
11/20/2022,LEX,KY,ASO,CE,Combined TRACON& Tower with Radar,44,23,93,0,160,0,5,68,0,73,44,28,161,0,233,80,0,80,313
11/21/2022,LEX,KY,ASO,CE,Combined TRACON& Tower with Radar,39,25,71,5,140,0,9,51,3,63,39,34,122,8,203,26,0,26,229
11/22/2022,LEX,KY,ASO,CE,Combined TRACON& Tower with Radar,40,19,101,2,162,0,4,100,0,104,40,23,201,2,266,48,0,48,314
11/23/2022,LEX,KY,ASO,CE,Combined TRACON& Tower with Radar,55,20,60,2,137,0,3,86,3,92,55,23,146,5,229,49,0,49,278
11/24/2022,LEX,KY,ASO,CE,Combined TRACON& Tower with Radar,23,6,14,0,43,0,3,28,1,32,23,9,42,1,75,0,0,0,75
11/25/2022,LEX,KY,ASO,CE,Combined TRACON& Tower with Radar,33,20,41,0,94,0,0,14,2,16,33,20,55,2,110,30,0,30,140
11/26/2022,LEX,KY,ASO,CE,Combined TRACON& Tower with Radar,42,19,62,0,123,0,4,60,1,65,42,23,122,1,188,34,0,34,222
11/27/2022,LEX,KY,ASO,CE,Combined TRACON& Tower with Radar,41,23,42,0,106,0,5,5,0,10,41,28,47,0,116,0,0,0,116
11/28/2022,LEX,KY,ASO,CE,Combined TRACON& Tower with Radar,45,22,55,0,122,0,0,9,0,9,45,22,64,0,131,22,0,22,153
11/29/2022,LEX,KY,ASO,CE,Combined TRACON& Tower with Radar,35,16,52,14,117,0,0,53,4,57,35,16,105,18,174,57,28,85,259
11/30/2022,LEX,KY,ASO,CE,Combined TRACON& Tower with Radar,34,27,60,2,123,0,4,41,1,46,34,31,101,3,169,56,16,72,241
12/01/2022,LEX,KY,ASO,CE,Combined TRACON& Tower with Radar,36,19,70,0,125,0,5,82,2,89,36,24,152,2,214,141,0,141,355
12/02/2022,LEX,KY,ASO,CE,Combined TRACON& Tower with Radar,33,29,64,3,129,0,0,29,2,31,33,29,93,5,160,18,0,18,178
12/03/2022,LEX,KY,ASO,CE,Combined TRACON& Tower with Radar,30,15,17,0,62,0,8,31,0,39,30,23,48,0,101,0,0,0,101
12/04/2022,LEX,KY,ASO,CE,Combined TRACON& Tower with Radar,34,21,79,0,134,0,11,72,0,83,34,32,151,0,217,36,0,36,253
12/05/2022,LEX,KY,ASO,CE,Combined TRACON& Tower with Radar,31,24,62,4,121,0,5,41,0,46,31,29,103,4,167,46,0,46,213
12/06/2022,LEX,KY,ASO,CE,Combined TRACON& Tower with Radar,35,32,39,6,112,0,0,2,0,2,35,32,41,6,114,2,0,2,116
12/07/2022,LEX,KY,ASO,CE,Combined TRACON& Tower with Radar,43,28,55,2,128,0,1,0,0,1,43,29,55,2,129,0,0,0,129
12/08/2022,LEX,KY,ASO,CE,Combined TRACON& Tower with Radar,36,30,34,0,100,0,0,0,0,0,36,30,34,0,100,0,0,0,100
12/09/2022,LEX,KY,ASO,CE,Combined TRACON& Tower with Radar,36,33,55,0,124,0,0,0,0,0,36,33,55,0,124,0,0,0,124
12/10/2022,LEX,KY,ASO,CE,Combined TRACON& Tower with Radar,29,20,33,0,82,0,0,1,0,1,29,20,34,0,83,0,0,0,83
12/11/2022,LEX,KY,ASO,CE,Combined TRACON& Tower with Radar,32,21,76,0,129,0,0,8,0,8,32,21,84,0,137,52,0,52,189
12/12/2022,LEX,KY,ASO,CE,Combined TRACON& Tower with Radar,34,22,112,9,177,0,6,96,1,103,34,28,208,10,280,68,0,68,348
12/13/2022,LEX,KY,ASO,CE,Combined TRACON& Tower with Radar,30,27,88,3,148,0,5,97,4,106,30,32,185,7,254,116,0,116,370
12/14/2022,LEX,KY,ASO,CE,Combined TRACON& Tower with Radar,34,24,27,0,85,0,0,0,0,0,34,24,27,0,85,22,0,22,107
12/15/2022,LEX,KY,ASO,CE,Combined TRACON& Tower with Radar,40,17,79,6,142,0,1,31,0,32,40,18,110,6,174,120,0,120,294
12/16/2022,LEX,KY,ASO,CE,Combined TRACON& Tower with Radar,44,22,86,2,154,0,5,52,0,57,44,27,138,2,211,10,0,10,221
12/17/2022,LEX,KY,ASO,CE,Combined TRACON& Tower with Radar,37,20,62,0,119,0,5,42,2,49,37,25,104,2,168,0,0,0,168
12/18/2022,LEX,KY,ASO,CE,Combined TRACON& Tower with Radar,40,17,45,0,102,0,6,35,0,41,40,23,80,0,143,10,0,10,153
12/19/2022,LEX,KY,ASO,CE,Combined TRACON& Tower with Radar,34,15,80,0,129,0,2,86,0,88,34,17,166,0,217,26,0,26,243
12/20/2022,LEX,KY,ASO,CE,Combined TRACON& Tower with Radar,36,21,70,5,132,0,11,100,5,116,36,32,170,10,248,83,0,83,331
12/21/2022,LEX,KY,ASO,CE,Combined TRACON& Tower with Radar,42,26,97,5,170,0,3,105,1,109,42,29,202,6,279,86,0,86,365
12/22/2022,LEX,KY,ASO,CE,Combined TRACON& Tower with Radar,29,32,21,0,82,0,0,0,0,0,29,32,21,0,82,6,0,6,88
12/23/2022,LEX,KY,ASO,CE,Combined TRACON& Tower with Radar,18,10,8,0,36,0,0,0,0,0,18,10,8,0,36,0,0,0,36
12/24/2022,LEX,KY,ASO,CE,Combined TRACON& Tower with Radar,31,17,3,0,51,0,6,4,0,10,31,23,7,0,61,0,0,0,61
12/25/2022,LEX,KY,ASO,CE,Combined TRACON& Tower with Radar,23,16,11,0,50,0,2,4,1,7,23,18,15,1,57,0,0,0,57
12/26/2022,LEX,KY,ASO,CE,Combined TRACON& Tower with Radar,29,19,28,0,76,0,5,1,4,10,29,24,29,4,86,10,0,10,96
12/27/2022,LEX,KY,ASO,CE,Combined TRACON& Tower with Radar,38,19,26,0,83,0,2,6,0,8,38,21,32,0,91,24,0,24,115
12/28/2022,LEX,KY,ASO,CE,Combined TRACON& Tower with Radar,39,22,55,3,119,0,1,69,1,71,39,23,124,4,190,62,0,62,252
12/29/2022,LEX,KY,ASO,CE,Combined TRACON& Tower with Radar,31,20,51,0,102,0,5,36,0,41,31,25,87,0,143,15,0,15,158
12/30/2022,LEX,KY,ASO,CE,Combined TRACON& Tower with Radar,34,25,41,0,100,0,4,50,2,56,34,29,91,2,156,6,0,6,162
12/31/2022,LEX,KY,ASO,CE,Combined TRACON& Tower with Radar,31,19,35,0,85,0,2,1,0,3,31,21,36,0,88,0,0,0,88
01/01/2023,LEX,KY,ASO,CE,Combined TRACON& Tower with Radar,28,23,26,0,77,0,2,4,0,6,28,25,30,0,83,0,0,0,83
01/02/2023,LEX,KY,ASO,CE,Combined TRACON& Tower with Radar,32,21,62,0,115,0,5,14,0,19,32,26,76,0,134,62,0,62,196
01/03/2023,LEX,KY,ASO,CE,Combined TRACON& Tower with Radar,34,16,33,3,86,0,0,5,3,8,34,16,38,6,94,20,0,20,114
01/04/2023,LEX,KY,ASO,CE,Combined TRACON& Tower with Radar,37,23,61,18,139,0,0,40,6,46,37,23,101,24,185,54,12,66,251
01/05/2023,LEX,KY,ASO,CE,Combined TRACON& Tower with Radar,32,24,47,11,114,0,0,66,1,67,32,24,113,12,181,34,6,40,221
01/06/2023,LEX,KY,ASO,CE,Combined TRACON& Tower with Radar,31,20,76,0,127,0,2,89,2,93,31,22,165,2,220,60,0,60,280
01/07/2023,LEX,KY,ASO,CE,Combined TRACON& Tower with Radar,39,14,54,0,107,0,16,81,3,100,39,30,135,3,207,44,0,44,251
01/08/2023,LEX,KY,ASO,CE,Combined TRACON& Tower with Radar,40,20,31,0,91,0,0,8,0,8,40,20,39,0,99,18,0,18,117
01/09/2023,LEX,KY,ASO,CE,Combined TRACON& Tower with Radar,43,15,63,0,121,0,5,66,3,74,43,20,129,3,195,94,0,94,289
01/10/2023,LEX,KY,ASO,CE,Combined TRACON& Tower with Radar,39,23,78,3,143,0,0,88,1,89,39,23,166,4,232,138,0,138,370
01/11/2023,LEX,KY,ASO,CE,Combined TRACON& Tower with Radar,33,27,65,3,128,0,3,12,1,16,33,30,77,4,144,18,0,18,162
01/12/2023,LEX,KY,ASO,CE,Combined TRACON& Tower with Radar,45,15,30,2,92,0,0,0,0,0,45,15,30,2,92,0,0,0,92
01/13/2023,LEX,KY,ASO,CE,Combined TRACON& Tower with Radar,49,21,26,0,96,0,0,2,0,2,49,21,28,0,98,4,0,4,102
01/14/2023,LEX,KY,ASO,CE,Combined TRACON& Tower with Radar,33,14,63,0,110,0,6,60,0,66,33,20,123,0,176,134,0,134,310
01/15/2023,LEX,KY,ASO,CE,Combined TRACON& Tower with Radar,38,16,81,0,135,0,2,72,2,76,38,18,153,2,211,18,0,18,229
01/16/2023,LEX,KY,ASO,CE,Combined TRACON& Tower with Radar,46,11,36,0,93,0,0,46,0,46,46,11,82,0,139,50,0,50,189
01/17/2023,LEX,KY,ASO,CE,Combined TRACON& Tower with Radar,36,20,81,0,137,0,5,43,0,48,36,25,124,0,185,52,0,52,237
01/18/2023,LEX,KY,ASO,CE,Combined TRACON& Tower with Radar,38,19,93,9,159,0,3,70,4,77,38,22,163,13,236,34,0,34,270
01/19/2023,LEX,KY,ASO,CE,Combined TRACON& Tower with Radar,46,24,32,2,104,0,1,21,2,24,46,25,53,4,128,50,0,50,178
01/20/2023,LEX,KY,ASO,CE,Combined TRACON& Tower with Radar,50,10,27,2,89,0,6,25,0,31,50,16,52,2,120,48,0,48,168
01/21/2023,LEX,KY,ASO,CE,Combined TRACON& Tower with Radar,33,14,51,0,98,0,4,66,2,72,33,18,117,2,170,46,0,46,216
01/22/2023,LEX,KY,ASO,CE,Combined TRACON& Tower with Radar,52,18,11,0,81,0,0,2,0,2,52,18,13,0,83,0,0,0,83
01/23/2023,LEX,KY,ASO,CE,Combined TRACON& Tower with Radar,45,16,38,0,99,0,2,14,1,17,45,18,52,1,116,41,0,41,157
01/24/2023,LEX,KY,ASO,CE,Combined TRACON& Tower with Radar,35,23,101,1,160,0,2,116,1,119,35,25,217,2,279,62,0,62,341
01/25/2023,LEX,KY,ASO,CE,Combined TRACON& Tower with Radar,36,20,38,0,94,0,0,0,0,0,36,20,38,0,94,0,0,0,94
01/26/2023,LEX,KY,ASO,CE,Combined TRACON& Tower with Radar,49,18,36,2,105,0,2,7,0,9,49,20,43,2,114,50,0,50,164
01/27/2023,LEX,KY,ASO,CE,Combined TRACON& Tower with Radar,52,28,61,5,146,0,1,47,0,48,52,29,108,5,194,14,0,14,208
01/28/2023,LEX,KY,ASO,CE,Combined TRACON& Tower with Radar,32,21,88,0,141,0,1,98,1,100,32,22,186,1,241,52,0,52,293
01/29/2023,LEX,KY,ASO,CE,Combined TRACON& Tower with Radar,49,20,32,0,101,0,0,0,0,0,49,20,32,0,101,0,0,0,101
01/30/2023,LEX,KY,ASO,CE,Combined TRACON& Tower with Radar,45,16,22,0,83,0,0,0,0,0,45,16,22,0,83,0,0,0,83
01/31/2023,LEX,KY,ASO,CE,Combined TRACON& Tower with Radar,32,19,15,0,66,0,0,0,0,0,32,19,15,0,66,0,0,0,66
02/01/2023,LEX,KY,ASO,CE,Combined TRACON& Tower with Radar,38,15,70,4,127,0,4,97,2,103,38,19,167,6,230,24,0,24,254
02/02/2023,LEX,KY,ASO,CE,Combined TRACON& Tower with Radar,45,16,79,6,146,0,9,80,1,90,45,25,159,7,236,70,10,80,316
02/03/2023,LEX,KY,ASO,CE,Combined TRACON& Tower with Radar,48,20,64,2,134,0,3,69,2,74,48,23,133,4,208,48,0,48,256
02/04/2023,LEX,KY,ASO,CE,Combined TRACON& Tower with Radar,36,12,44,1,93,0,6,88,2,96,36,18,132,3,189,56,0,56,245
02/05/2023,LEX,KY,ASO,CE,Combined TRACON& Tower with Radar,46,16,35,8,105,0,7,19,2,28,46,23,54,10,133,4,4,8,141
02/06/2023,LEX,KY,ASO,CE,Combined TRACON& Tower with Radar,48,16,97,2,163,0,14,81,0,95,48,30,178,2,258,89,0,89,347
02/07/2023,LEX,KY,ASO,CE,Combined TRACON& Tower with Radar,38,18,42,0,98,0,2,36,2,40,38,20,78,2,138,6,0,6,144
02/08/2023,LEX,KY,ASO,CE,Combined TRACON& Tower with Radar,37,13,78,32,160,0,2,27,0,29,37,15,105,32,189,70,0,70,259
02/09/2023,LEX,KY,ASO,CE,Combined TRACON& Tower with Radar,45,10,39,2,96,0,0,1,2,3,45,10,40,4,99,0,0,0,99
02/10/2023,LEX,KY,ASO,CE,Combined TRACON& Tower with Radar,47,20,78,6,151,0,1,51,0,52,47,21,129,6,203,112,0,112,315
02/11/2023,LEX,KY,ASO,CE,Combined TRACON& Tower with Radar,32,16,69,0,117,0,7,108,0,115,32,23,177,0,232,104,0,104,336
02/12/2023,LEX,KY,ASO,CE,Combined TRACON& Tower with Radar,41,16,59,0,116,0,4,101,1,106,41,20,160,1,222,78,0,78,300
02/13/2023,LEX,KY,ASO,CE,Combined TRACON& Tower with Radar,47,24,71,0,142,0,4,94,1,99,47,28,165,1,241,86,0,86,327
02/14/2023,LEX,KY,ASO,CE,Combined TRACON& Tower with Radar,38,17,61,4,120,0,5,55,2,62,38,22,116,6,182,38,0,38,220
02/15/2023,LEX,KY,ASO,CE,Combined TRACON& Tower with Radar,38,16,44,8,106,0,3,31,1,35,38,19,75,9,141,78,0,78,219
02/16/2023,LEX,KY,ASO,CE,Combined TRACON& Tower with Radar,43,17,33,0,93,0,0,0,0,0,43,17,33,0,93,0,0,0,93
02/17/2023,LEX,KY,ASO,CE,Combined TRACON& Tower with Radar,46,22,64,0,132,0,2,27,0,29,46,24,91,0,161,50,0,50,211
02/18/2023,LEX,KY,ASO,CE,Combined TRACON& Tower with Radar,33,16,99,0,148,0,5,128,0,133,33,21,227,0,281,98,0,98,379
02/19/2023,LEX,KY,ASO,CE,Combined TRACON& Tower with Radar,43,26,29,0,98,0,4,27,0,31,43,30,56,0,129,10,0,10,139
02/20/2023,LEX,KY,ASO,CE,Combined TRACON& Tower with Radar,46,15,77,0,138,0,2,26,0,28,46,17,103,0,166,118,0,118,284
02/21/2023,LEX,KY,ASO,CE,Combined TRACON& Tower with Radar,40,18,92,5,155,0,0,80,1,81,40,18,172,6,236,140,0,140,376
02/22/2023,LEX,KY,ASO,CE,Combined TRACON& Tower with Radar,39,25,24,0,88,0,1,8,0,9,39,26,32,0,97,0,0,0,97
02/23/2023,LEX,KY,ASO,CE,Combined TRACON& Tower with Radar,48,33,81,4,166,0,1,47,2,50,48,34,128,6,216,14,0,14,230
02/24/2023,LEX,KY,ASO,CE,Combined TRACON& Tower with Radar,46,15,91,1,153,0,9,101,1,111,46,24,192,2,264,147,0,147,411
02/25/2023,LEX,KY,ASO,CE,Combined TRACON& Tower with Radar,36,23,71,0,130,0,3,51,0,54,36,26,122,0,184,62,0,62,246
02/26/2023,LEX,KY,ASO,CE,Combined TRACON& Tower with Radar,44,27,79,1,151,0,6,41,0,47,44,33,120,1,198,54,0,54,252
02/27/2023,LEX,KY,ASO,CE,Combined TRACON& Tower with Radar,43,16,28,0,87,0,0,0,0,0,43,16,28,0,87,0,0,0,87
02/28/2023,LEX,KY,ASO,CE,Combined TRACON& Tower with Radar,37,26,86,4,153,0,6,116,9,131,37,32,202,13,284,94,6,100,384
03/01/2023,LEX,KY,ASO,CE,Combined TRACON& Tower with Radar,42,28,72,4,146,0,3,85,0,88,42,31,157,4,234,72,0,72,306
03/02/2023,LEX,KY,ASO,CE,Combined TRACON& Tower with Radar,42,30,97,4,173,0,2,71,2,75,42,32,168,6,248,40,0,40,288
03/03/2023,LEX,KY,ASO,CE,Combined TRACON& Tower with Radar,26,16,8,0,50,0,0,0,1,1,26,16,8,1,51,0,0,0,51
03/04/2023,LEX,KY,ASO,CE,Combined TRACON& Tower with Radar,36,30,64,0,130,0,7,81,0,88,36,37,145,0,218,50,0,50,268
03/05/2023,LEX,KY,ASO,CE,Combined TRACON& Tower with Radar,42,29,57,0,128,0,8,108,2,118,42,37,165,2,246,44,0,44,290
03/06/2023,LEX,KY,ASO,CE,Combined TRACON& Tower with Radar,42,17,73,2,134,0,4,82,4,90,42,21,155,6,224,108,0,108,332
03/07/2023,LEX,KY,ASO,CE,Combined TRACON& Tower with Radar,35,16,102,0,153,0,6,61,2,69,35,22,163,2,222,166,0,166,388
03/08/2023,LEX,KY,ASO,CE,Combined TRACON& Tower with Radar,36,25,81,1,143,0,3,89,6,98,36,28,170,7,241,48,4,52,293
03/09/2023,LEX,KY,ASO,CE,Combined TRACON& Tower with Radar,44,19,82,2,147,0,1,107,2,110,44,20,189,4,257,96,0,96,353
03/10/2023,LEX,KY,ASO,CE,Combined TRACON& Tower with Radar,48,14,56,0,118,0,2,6,2,10,48,16,62,2,128,0,0,0,128
03/11/2023,LEX,KY,ASO,CE,Combined TRACON& Tower with Radar,39,20,90,0,149,0,1,90,2,93,39,21,180,2,242,114,0,114,356
03/12/2023,LEX,KY,ASO,CE,Combined TRACON& Tower with Radar,43,25,23,0,91,0,0,0,0,0,43,25,23,0,91,0,0,0,91
03/13/2023,LEX,KY,ASO,CE,Combined TRACON& Tower with Radar,47,24,51,0,122,0,0,22,0,22,47,24,73,0,144,30,0,30,174
03/14/2023,LEX,KY,ASO,CE,Combined TRACON& Tower with Radar,38,15,37,2,92,0,4,43,1,48,38,19,80,3,140,55,0,55,195
03/15/2023,LEX,KY,ASO,CE,Combined TRACON& Tower with Radar,41,28,100,5,174,0,2,133,2,137,41,30,233,7,311,133,0,133,444
03/16/2023,LEX,KY,ASO,CE,Combined TRACON& Tower with Radar,45,26,71,7,149,0,6,55,10,71,45,32,126,17,220,61,0,61,281
03/17/2023,LEX,KY,ASO,CE,Combined TRACON& Tower with Radar,46,15,17,0,78,0,0,3,1,4,46,15,20,1,82,0,0,0,82
03/18/2023,LEX,KY,ASO,CE,Combined TRACON& Tower with Radar,38,21,26,1,86,0,4,24,0,28,38,25,50,1,114,6,0,6,120
03/19/2023,LEX,KY,ASO,CE,Combined TRACON& Tower with Radar,48,29,58,1,136,0,7,70,1,78,48,36,128,2,214,160,0,160,374
03/20/2023,LEX,KY,ASO,CE,Combined TRACON& Tower with Radar,44,21,85,0,150,0,2,103,3,108,44,23,188,3,258,150,0,150,408
03/21/2023,LEX,KY,ASO,CE,Combined TRACON& Tower with Radar,41,14,92,2,149,0,5,102,2,109,41,19,194,4,258,54,0,54,312
03/22/2023,LEX,KY,ASO,CE,Combined TRACON& Tower with Radar,40,20,55,5,120,0,1,2,0,3,40,21,57,5,123,18,0,18,141
03/23/2023,LEX,KY,ASO,CE,Combined TRACON& Tower with Radar,48,35,61,4,148,0,0,17,3,20,48,35,78,7,168,22,0,22,190
03/24/2023,LEX,KY,ASO,CE,Combined TRACON& Tower with Radar,47,20,24,0,91,0,0,0,0,0,47,20,24,0,91,16,0,16,107
03/25/2023,LEX,KY,ASO,CE,Combined TRACON& Tower with Radar,40,14,16,0,70,0,1,4,0,5,40,15,20,0,75,0,0,0,75
03/26/2023,LEX,KY,ASO,CE,Combined TRACON& Tower with Radar,49,24,107,2,182,0,6,129,2,137,49,30,236,4,319,68,0,68,387
03/27/2023,LEX,KY,ASO,CE,Combined TRACON& Tower with Radar,48,12,68,6,134,0,2,75,3,80,48,14,143,9,214,16,2,18,232
03/28/2023,LEX,KY,ASO,CE,Combined TRACON& Tower with Radar,40,20,89,4,153,0,9,68,4,81,40,29,157,8,234,187,0,187,421
03/29/2023,LEX,KY,ASO,CE,Combined TRACON& Tower with Radar,43,22,77,2,144,0,9,108,8,125,43,31,185,10,269,108,0,108,377
03/30/2023,LEX,KY,ASO,CE,Combined TRACON& Tower with Radar,46,20,74,4,144,0,7,121,1,129,46,27,195,5,273,90,0,90,363
03/31/2023,LEX,KY,ASO,CE,Combined TRACON& Tower with Radar,41,27,32,0,100,0,0,4,0,4,41,27,36,0,104,0,0,0,104
04/01/2023,LEX,KY,ASO,CE,Combined TRACON& Tower with Radar,40,23,23,0,86,0,6,3,0,9,40,29,26,0,95,0,0,0,95
04/02/2023,LEX,KY,ASO,CE,Combined TRACON& Tower with Radar,48,15,62,0,125,0,9,63,0,72,48,24,125,0,197,30,0,30,227
04/03/2023,LEX,KY,ASO,CE,Combined TRACON& Tower with Radar,47,15,51,4,117,0,4,68,2,74,47,19,119,6,191,52,0,52,243
04/04/2023,LEX,KY,ASO,CE,Combined TRACON& Tower with Radar,35,18,64,12,129,0,2,23,2,27,35,20,87,14,156,12,0,12,168
04/05/2023,LEX,KY,ASO,CE,Combined TRACON& Tower with Radar,43,28,34,0,105,0,1,11,0,12,43,29,45,0,117,18,0,18,135
04/06/2023,LEX,KY,ASO,CE,Combined TRACON& Tower with Radar,47,31,100,0,178,0,3,17,0,20,47,34,117,0,198,56,0,56,254
04/07/2023,LEX,KY,ASO,CE,Combined TRACON& Tower with Radar,44,29,96,2,171,0,4,72,0,76,44,33,168,2,247,58,0,58,305
04/08/2023,LEX,KY,ASO,CE,Combined TRACON& Tower with Radar,35,45,93,0,173,0,3,74,2,79,35,48,167,2,252,16,0,16,268
04/09/2023,LEX,KY,ASO,CE,Combined TRACON& Tower with Radar,40,33,48,0,121,0,0,42,1,43,40,33,90,1,164,12,0,12,176
04/10/2023,LEX,KY,ASO,CE,Combined TRACON& Tower with Radar,43,31,106,1,181,0,4,78,1,83,43,35,184,2,264,73,0,73,337
04/11/2023,LEX,KY,ASO,CE,Combined TRACON& Tower with Radar,38,32,84,4,158,0,7,89,4,100,38,39,173,8,258,134,10,144,402
04/12/2023,LEX,KY,ASO,CE,Combined TRACON& Tower with Radar,40,24,94,7,165,0,4,99,1,104,40,28,193,8,269,78,0,78,347
04/13/2023,LEX,KY,ASO,CE,Combined TRACON& Tower with Radar,39,33,101,1,174,0,1,106,1,108,39,34,207,2,282,118,0,118,400
04/14/2023,LEX,KY,ASO,CE,Combined TRACON& Tower with Radar,42,32,102,0,176,0,1,39,0,40,42,33,141,0,216,26,0,26,242
04/15/2023,LEX,KY,ASO,CE,Combined TRACON& Tower with Radar,34,28,74,0,136,0,2,59,0,61,34,30,133,0,197,52,0,52,249
04/16/2023,LEX,KY,ASO,CE,Combined TRACON& Tower with Radar,42,35,48,2,127,0,1,8,0,9,42,36,56,2,136,16,0,16,152
04/17/2023,LEX,KY,ASO,CE,Combined TRACON& Tower with Radar,50,21,39,1,111,0,0,12,3,15,50,21,51,4,126,0,0,0,126
04/18/2023,LEX,KY,ASO,CE,Combined TRACON& Tower with Radar,37,21,94,1,153,0,4,93,1,98,37,25,187,2,251,27,0,27,278
04/19/2023,LEX,KY,ASO,CE,Combined TRACON& Tower with Radar,38,31,82,3,154,0,3,95,1,99,38,34,177,4,253,50,0,50,303
04/20/2023,LEX,KY,ASO,CE,Combined TRACON& Tower with Radar,42,33,90,4,169,0,1,79,2,82,42,34,169,6,251,76,0,76,327
04/21/2023,LEX,KY,ASO,CE,Combined TRACON& Tower with Radar,47,36,66,4,153,0,1,25,2,28,47,37,91,6,181,4,0,4,185
04/22/2023,LEX,KY,ASO,CE,Combined TRACON& Tower with Radar,42,32,38,0,112,0,1,17,0,18,42,33,55,0,130,6,0,6,136
04/23/2023,LEX,KY,ASO,CE,Combined TRACON& Tower with Radar,43,38,74,7,162,0,2,70,2,74,43,40,144,9,236,6,2,8,244
04/24/2023,LEX,KY,ASO,CE,Combined TRACON& Tower with Radar,43,26,60,0,129,0,3,68,4,75,43,29,128,4,204,32,0,32,236
04/25/2023,LEX,KY,ASO,CE,Combined TRACON& Tower with Radar,38,36,94,9,177,0,7,91,6,104,38,43,185,15,281,74,0,74,355
04/26/2023,LEX,KY,ASO,CE,Combined TRACON& Tower with Radar,38,38,96,0,172,0,5,104,0,109,38,43,200,0,281,102,0,102,383
04/27/2023,LEX,KY,ASO,CE,Combined TRACON& Tower with Radar,46,37,83,12,178,0,2,42,2,46,46,39,125,14,224,38,10,48,272
04/28/2023,LEX,KY,ASO,CE,Combined TRACON& Tower with Radar,48,41,89,2,180,0,0,16,0,16,48,41,105,2,196,0,0,0,196
04/29/2023,LEX,KY,ASO,CE,Combined TRACON& Tower with Radar,34,27,72,1,134,0,7,55,1,63,34,34,127,2,197,12,0,12,209
04/30/2023,LEX,KY,ASO,CE,Combined TRACON& Tower with Radar,42,42,78,1,163,0,3,14,0,17,42,45,92,1,180,26,0,26,206
05/01/2023,LEX,KY,ASO,CE,Combined TRACON& Tower with Radar,47,22,39,1,109,0,2,8,0,10,47,24,47,1,119,0,0,0,119
05/02/2023,LEX,KY,ASO,CE,Combined TRACON& Tower with Radar,38,23,66,0,127,0,2,20,0,22,38,25,86,0,149,14,0,14,163
05/03/2023,LEX,KY,ASO,CE,Combined TRACON& Tower with Radar,37,31,83,3,154,0,3,82,2,87,37,34,165,5,241,54,0,54,295
05/04/2023,LEX,KY,ASO,CE,Combined TRACON& Tower with Radar,45,53,125,4,227,0,5,115,1,121,45,58,240,5,348,52,0,52,400
05/05/2023,LEX,KY,ASO,CE,Combined TRACON& Tower with Radar,46,35,84,6,171,0,10,97,1,108,46,45,181,7,279,32,0,32,311
05/06/2023,LEX,KY,ASO,CE,Combined TRACON& Tower with Radar,35,33,45,2,115,0,1,58,1,60,35,34,103,3,175,10,0,10,185
05/07/2023,LEX,KY,ASO,CE,Combined TRACON& Tower with Radar,45,54,97,0,196,0,2,8,0,10,45,56,105,0,206,2,0,2,208
05/08/2023,LEX,KY,ASO,CE,Combined TRACON& Tower with Radar,50,25,54,1,130,0,0,21,2,23,50,25,75,3,153,40,0,40,193
05/09/2023,LEX,KY,ASO,CE,Combined TRACON& Tower with Radar,36,14,74,3,127,0,1,37,5,43,36,15,111,8,170,26,0,26,196
05/10/2023,LEX,KY,ASO,CE,Combined TRACON& Tower with Radar,40,12,101,2,155,0,0,117,0,117,40,12,218,2,272,42,0,42,314
05/11/2023,LEX,KY,ASO,CE,Combined TRACON& Tower with Radar,45,24,80,16,165,0,6,72,4,82,45,30,152,20,247,92,20,112,359
05/12/2023,LEX,KY,ASO,CE,Combined TRACON& Tower with Radar,51,16,46,2,115,0,0,8,2,10,51,16,54,4,125,16,0,16,141
05/13/2023,LEX,KY,ASO,CE,Combined TRACON& Tower with Radar,34,10,49,0,93,0,0,18,0,18,34,10,67,0,111,22,0,22,133
05/14/2023,LEX,KY,ASO,CE,Combined TRACON& Tower with Radar,48,26,72,0,146,0,0,55,0,55,48,26,127,0,201,34,0,34,235
05/15/2023,LEX,KY,ASO,CE,Combined TRACON& Tower with Radar,48,19,87,2,156,0,5,91,0,96,48,24,178,2,252,62,0,62,314
05/16/2023,LEX,KY,ASO,CE,Combined TRACON& Tower with Radar,37,9,30,2,78,0,1,0,0,1,37,10,30,2,79,6,0,6,85
05/17/2023,LEX,KY,ASO,CE,Combined TRACON& Tower with Radar,45,23,86,10,164,0,2,90,4,96,45,25,176,14,260,122,42,164,424
05/18/2023,LEX,KY,ASO,CE,Combined TRACON& Tower with Radar,47,24,74,4,149,0,5,109,5,119,47,29,183,9,268,45,0,45,313
05/19/2023,LEX,KY,ASO,CE,Combined TRACON& Tower with Radar,49,20,83,10,162,0,1,55,0,56,49,21,138,10,218,38,0,38,256
05/20/2023,LEX,KY,ASO,CE,Combined TRACON& Tower with Radar,39,21,49,27,136,0,0,19,10,29,39,21,68,37,165,40,30,70,235
05/21/2023,LEX,KY,ASO,CE,Combined TRACON& Tower with Radar,48,16,57,0,121,0,2,88,0,90,48,18,145,0,211,38,0,38,249
05/22/2023,LEX,KY,ASO,CE,Combined TRACON& Tower with Radar,49,13,83,6,151,0,5,86,0,91,49,18,169,6,242,134,0,134,376
05/23/2023,LEX,KY,ASO,CE,Combined TRACON& Tower with Radar,42,22,88,4,156,0,2,95,4,101,42,24,183,8,257,68,0,68,325
05/24/2023,LEX,KY,ASO,CE,Combined TRACON& Tower with Radar,43,25,76,7,151,0,8,91,5,104,43,33,167,12,255,94,10,104,359
05/25/2023,LEX,KY,ASO,CE,Combined TRACON& Tower with Radar,51,18,88,3,160,0,5,79,3,87,51,23,167,6,247,98,0,98,345
05/26/2023,LEX,KY,ASO,CE,Combined TRACON& Tower with Radar,48,19,100,0,167,0,5,100,2,107,48,24,200,2,274,28,0,28,302
05/27/2023,LEX,KY,ASO,CE,Combined TRACON& Tower with Radar,42,22,56,1,121,0,8,86,2,96,42,30,142,3,217,63,0,63,280
05/28/2023,LEX,KY,ASO,CE,Combined TRACON& Tower with Radar,43,8,40,1,92,0,3,5,0,8,43,11,45,1,100,12,0,12,112
05/29/2023,LEX,KY,ASO,CE,Combined TRACON& Tower with Radar,48,17,73,0,138,0,1,75,3,79,48,18,148,3,217,90,0,90,307
05/30/2023,LEX,KY,ASO,CE,Combined TRACON& Tower with Radar,39,18,63,1,121,0,5,73,1,79,39,23,136,2,200,42,0,42,242
05/31/2023,LEX,KY,ASO,CE,Combined TRACON& Tower with Radar,44,13,96,2,155,0,1,111,0,112,44,14,207,2,267,121,0,121,388
06/01/2023,LEX,KY,ASO,CE,Combined TRACON& Tower with Radar,50,27,80,7,164,0,8,89,1,98,50,35,169,8,262,82,6,88,350
06/02/2023,LEX,KY,ASO,CE,Combined TRACON& Tower with Radar,50,32,82,0,164,0,1,107,0,108,50,33,189,0,272,62,0,62,334
06/03/2023,LEX,KY,ASO,CE,Combined TRACON& Tower with Radar,51,23,59,0,133,0,0,84,0,84,51,23,143,0,217,154,0,154,371
06/04/2023,LEX,KY,ASO,CE,Combined TRACON& Tower with Radar,49,22,70,0,141,0,0,84,0,84,49,22,154,0,225,66,0,66,291
06/05/2023,LEX,KY,ASO,CE,Combined TRACON& Tower with Radar,51,19,77,8,155,0,6,93,0,99,51,25,170,8,254,157,0,157,411
06/06/2023,LEX,KY,ASO,CE,Combined TRACON& Tower with Radar,40,15,74,2,131,0,4,77,1,82,40,19,151,3,213,28,0,28,241
06/07/2023,LEX,KY,ASO,CE,Combined TRACON& Tower with Radar,48,16,74,3,141,0,0,9,4,13,48,16,83,7,154,46,0,46,200
06/08/2023,LEX,KY,ASO,CE,Combined TRACON& Tower with Radar,53,24,116,1,194,0,2,100,1,103,53,26,216,2,297,104,0,104,401
06/09/2023,LEX,KY,ASO,CE,Combined TRACON& Tower with Radar,52,35,77,12,176,0,2,96,4,102,52,37,173,16,278,102,6,108,386
06/10/2023,LEX,KY,ASO,CE,Combined TRACON& Tower with Radar,48,25,92,2,167,0,4,130,1,135,48,29,222,3,302,33,0,33,335
06/11/2023,LEX,KY,ASO,CE,Combined TRACON& Tower with Radar,54,29,57,0,140,0,2,9,0,11,54,31,66,0,151,0,0,0,151
06/12/2023,LEX,KY,ASO,CE,Combined TRACON& Tower with Radar,53,24,69,2,148,0,1,43,2,46,53,25,112,4,194,18,0,18,212
06/13/2023,LEX,KY,ASO,CE,Combined TRACON& Tower with Radar,45,14,79,3,141,0,6,73,1,80,45,20,152,4,221,34,0,34,255
06/14/2023,LEX,KY,ASO,CE,Combined TRACON& Tower with Radar,47,34,95,12,188,0,7,82,0,89,47,41,177,12,277,109,0,109,386
06/15/2023,LEX,KY,ASO,CE,Combined TRACON& Tower with Radar,56,37,77,7,177,0,5,104,1,110,56,42,181,8,287,67,0,67,354
06/16/2023,LEX,KY,ASO,CE,Combined TRACON& Tower with Radar,53,27,104,4,188,0,5,76,0,81,53,32,180,4,269,26,0,26,295
06/17/2023,LEX,KY,ASO,CE,Combined TRACON& Tower with Radar,48,18,62,0,128,0,3,79,1,83,48,21,141,1,211,42,0,42,253
06/18/2023,LEX,KY,ASO,CE,Combined TRACON& Tower with Radar,52,30,48,0,130,0,4,53,1,58,52,34,101,1,188,22,0,22,210
06/19/2023,LEX,KY,ASO,CE,Combined TRACON& Tower with Radar,51,20,44,0,115,0,0,3,1,4,51,20,47,1,119,0,0,0,119
06/20/2023,LEX,KY,ASO,CE,Combined TRACON& Tower with Radar,46,21,58,5,130,0,0,23,1,24,46,21,81,6,154,10,0,10,164
06/21/2023,LEX,KY,ASO,CE,Combined TRACON& Tower with Radar,47,17,59,8,131,0,0,36,2,38,47,17,95,10,169,42,0,42,211
06/22/2023,LEX,KY,ASO,CE,Combined TRACON& Tower with Radar,57,38,93,2,190,0,0,32,0,32,57,38,125,2,222,52,0,52,274
06/23/2023,LEX,KY,ASO,CE,Combined TRACON& Tower with Radar,51,26,88,6,171,0,1,33,2,36,51,27,121,8,207,62,0,62,269
06/24/2023,LEX,KY,ASO,CE,Combined TRACON& Tower with Radar,50,24,50,0,124,0,4,73,0,77,50,28,123,0,201,57,0,57,258
06/25/2023,LEX,KY,ASO,CE,Combined TRACON& Tower with Radar,42,16,25,2,85,0,4,33,0,37,42,20,58,2,122,4,0,4,126
06/26/2023,LEX,KY,ASO,CE,Combined TRACON& Tower with Radar,56,30,64,1,151,0,3,60,1,64,56,33,124,2,215,24,0,24,239
06/27/2023,LEX,KY,ASO,CE,Combined TRACON& Tower with Radar,44,29,85,14,172,0,3,85,3,91,44,32,170,17,263,68,0,68,331
06/28/2023,LEX,KY,ASO,CE,Combined TRACON& Tower with Radar,44,23,106,8,181,0,1,10,1,12,44,24,116,9,193,0,0,0,193
06/29/2023,LEX,KY,ASO,CE,Combined TRACON& Tower with Radar,56,15,51,3,125,0,0,42,4,46,56,15,93,7,171,20,0,20,191
06/30/2023,LEX,KY,ASO,CE,Combined TRACON& Tower with Radar,51,25,103,0,179,0,0,47,0,47,51,25,150,0,226,24,0,24,250
07/01/2023,LEX,KY,ASO,CE,Combined TRACON& Tower with Radar,49,5,28,0,82,0,1,9,0,10,49,6,37,0,92,18,0,18,110
07/02/2023,LEX,KY,ASO,CE,Combined TRACON& Tower with Radar,52,16,21,0,89,0,0,4,2,6,52,16,25,2,95,0,0,0,95
07/03/2023,LEX,KY,ASO,CE,Combined TRACON& Tower with Radar,40,16,61,0,117,0,2,31,0,33,40,18,92,0,150,34,0,34,184
07/04/2023,LEX,KY,ASO,CE,Combined TRACON& Tower with Radar,33,13,38,0,84,0,2,53,0,55,33,15,91,0,139,96,0,96,235
07/05/2023,LEX,KY,ASO,CE,Combined TRACON& Tower with Radar,42,26,117,0,185,0,4,100,0,104,42,30,217,0,289,68,0,68,357
07/06/2023,LEX,KY,ASO,CE,Combined TRACON& Tower with Radar,47,13,74,5,139,0,3,73,4,80,47,16,147,9,219,52,0,52,271
07/07/2023,LEX,KY,ASO,CE,Combined TRACON& Tower with Radar,42,28,111,1,182,0,4,119,3,126,42,32,230,4,308,80,0,80,388
07/08/2023,LEX,KY,ASO,CE,Combined TRACON& Tower with Radar,46,25,43,0,114,0,4,49,1,54,46,29,92,1,168,28,0,28,196
07/09/2023,LEX,KY,ASO,CE,Combined TRACON& Tower with Radar,47,31,59,0,137,0,0,32,0,32,47,31,91,0,169,56,0,56,225
07/10/2023,LEX,KY,ASO,CE,Combined TRACON& Tower with Radar,48,34,78,14,174,0,5,88,2,95,48,39,166,16,269,110,0,110,379
07/11/2023,LEX,KY,ASO,CE,Combined TRACON& Tower with Radar,38,34,97,21,190,0,6,86,5,97,38,40,183,26,287,94,6,100,387
07/12/2023,LEX,KY,ASO,CE,Combined TRACON& Tower with Radar,43,38,80,0,161,0,8,81,1,90,43,46,161,1,251,21,0,21,272
07/13/2023,LEX,KY,ASO,CE,Combined TRACON& Tower with Radar,50,30,74,2,156,0,2,19,1,22,50,32,93,3,178,30,0,30,208
07/14/2023,LEX,KY,ASO,CE,Combined TRACON& Tower with Radar,45,33,98,1,177,0,5,65,1,71,45,38,163,2,248,65,0,65,313
07/15/2023,LEX,KY,ASO,CE,Combined TRACON& Tower with Radar,45,29,42,0,116,0,2,12,0,14,45,31,54,0,130,28,0,28,158
07/16/2023,LEX,KY,ASO,CE,Combined TRACON& Tower with Radar,50,30,72,2,154,0,1,55,2,58,50,31,127,4,212,44,0,44,256
07/17/2023,LEX,KY,ASO,CE,Combined TRACON& Tower with Radar,44,21,56,1,122,0,1,29,0,30,44,22,85,1,152,34,0,34,186
07/18/2023,LEX,KY,ASO,CE,Combined TRACON& Tower with Radar,37,27,49,1,114,0,1,50,2,53,37,28,99,3,167,64,0,64,231
07/19/2023,LEX,KY,ASO,CE,Combined TRACON& Tower with Radar,43,30,82,0,155,0,1,22,0,23,43,31,104,0,178,42,0,42,220
07/20/2023,LEX,KY,ASO,CE,Combined TRACON& Tower with Radar,51,32,63,2,148,0,3,31,0,34,51,35,94,2,182,95,0,95,277
07/21/2023,LEX,KY,ASO,CE,Combined TRACON& Tower with Radar,47,29,89,3,168,0,1,97,1,99,47,30,186,4,267,118,0,118,385
07/22/2023,LEX,KY,ASO,CE,Combined TRACON& Tower with Radar,46,40,73,0,159,0,6,91,0,97,46,46,164,0,256,86,0,86,342
07/23/2023,LEX,KY,ASO,CE,Combined TRACON& Tower with Radar,47,23,55,0,125,0,4,77,2,83,47,27,132,2,208,25,0,25,233
07/24/2023,LEX,KY,ASO,CE,Combined TRACON& Tower with Radar,48,17,41,0,106,0,0,50,0,50,48,17,91,0,156,26,0,26,182
07/25/2023,LEX,KY,ASO,CE,Combined TRACON& Tower with Radar,40,29,74,0,143,0,1,92,0,93,40,30,166,0,236,156,0,156,392
07/26/2023,LEX,KY,ASO,CE,Combined TRACON& Tower with Radar,40,25,75,8,148,0,8,78,2,88,40,33,153,10,236,16,20,36,272
07/27/2023,LEX,KY,ASO,CE,Combined TRACON& Tower with Radar,51,24,83,7,165,0,1,46,6,53,51,25,129,13,218,59,0,59,277
07/28/2023,LEX,KY,ASO,CE,Combined TRACON& Tower with Radar,44,16,85,14,159,0,1,86,2,89,44,17,171,16,248,69,0,69,317
07/29/2023,LEX,KY,ASO,CE,Combined TRACON& Tower with Radar,48,18,47,19,132,0,4,43,2,49,48,22,90,21,181,50,13,63,244
07/30/2023,LEX,KY,ASO,CE,Combined TRACON& Tower with Radar,52,36,51,8,147,0,5,76,0,81,52,41,127,8,228,71,0,71,299
07/31/2023,LEX,KY,ASO,CE,Combined TRACON& Tower with Radar,45,38,69,10,162,0,4,103,0,107,45,42,172,10,269,115,8,123,392
08/01/2023,LEX,KY,ASO,CE,Combined TRACON& Tower with Radar,36,34,77,13,160,0,0,116,4,120,36,34,193,17,280,83,24,107,387
08/02/2023,LEX,KY,ASO,CE,Combined TRACON& Tower with Radar,39,23,81,1,144,0,2,86,1,89,39,25,167,2,233,52,0,52,285
08/03/2023,LEX,KY,ASO,CE,Combined TRACON& Tower with Radar,49,28,76,1,154,0,0,10,1,11,49,28,86,2,165,12,0,12,177
08/04/2023,LEX,KY,ASO,CE,Combined TRACON& Tower with Radar,42,25,99,23,189,0,5,89,0,94,42,30,188,23,283,90,0,90,373
08/05/2023,LEX,KY,ASO,CE,Combined TRACON& Tower with Radar,44,20,57,6,127,0,5,74,1,80,44,25,131,7,207,56,0,56,263
08/06/2023,LEX,KY,ASO,CE,Combined TRACON& Tower with Radar,41,44,65,2,152,0,1,26,0,27,41,45,91,2,179,30,0,30,209
08/07/2023,LEX,KY,ASO,CE,Combined TRACON& Tower with Radar,45,30,41,2,118,0,2,7,1,10,45,32,48,3,128,0,0,0,128
08/08/2023,LEX,KY,ASO,CE,Combined TRACON& Tower with Radar,35,39,115,1,190,0,3,80,2,85,35,42,195,3,275,50,0,50,325
08/09/2023,LEX,KY,ASO,CE,Combined TRACON& Tower with Radar,37,35,79,0,151,0,3,81,0,84,37,38,160,0,235,91,0,91,326
08/10/2023,LEX,KY,ASO,CE,Combined TRACON& Tower with Radar,46,38,83,8,175,0,2,31,4,37,46,40,114,12,212,72,0,72,284
08/11/2023,LEX,KY,ASO,CE,Combined TRACON& Tower with Radar,45,33,84,2,164,0,6,100,2,108,45,39,184,4,272,44,0,44,316
08/12/2023,LEX,KY,ASO,CE,Combined TRACON& Tower with Radar,43,20,58,3,124,0,4,49,1,54,43,24,107,4,178,12,0,12,190
08/13/2023,LEX,KY,ASO,CE,Combined TRACON& Tower with Radar,50,32,97,2,181,0,0,25,7,32,50,32,122,9,213,78,0,78,291
08/14/2023,LEX,KY,ASO,CE,Combined TRACON& Tower with Radar,44,17,52,3,116,0,1,2,1,4,44,18,54,4,120,10,0,10,130
08/15/2023,LEX,KY,ASO,CE,Combined TRACON& Tower with Radar,40,39,80,4,163,0,2,46,2,50,40,41,126,6,213,94,0,94,307
08/16/2023,LEX,KY,ASO,CE,Combined TRACON& Tower with Radar,40,40,120,3,203,0,3,81,2,86,40,43,201,5,289,116,0,116,405
08/17/2023,LEX,KY,ASO,CE,Combined TRACON& Tower with Radar,44,21,110,4,179,0,1,67,1,69,44,22,177,5,248,27,0,27,275
08/18/2023,LEX,KY,ASO,CE,Combined TRACON& Tower with Radar,43,28,84,20,175,0,6,101,4,111,43,34,185,24,286,52,15,67,353
08/19/2023,LEX,KY,ASO,CE,Combined TRACON& Tower with Radar,38,13,68,3,122,0,1,92,5,98,38,14,160,8,220,42,0,42,262
08/20/2023,LEX,KY,ASO,CE,Combined TRACON& Tower with Radar,44,45,69,8,166,0,3,85,1,89,44,48,154,9,255,12,0,12,267
08/21/2023,LEX,KY,ASO,CE,Combined TRACON& Tower with Radar,43,23,58,2,126,0,2,68,2,72,43,25,126,4,198,101,0,101,299
08/22/2023,LEX,KY,ASO,CE,Combined TRACON& Tower with Radar,39,15,68,7,129,0,1,72,1,74,39,16,140,8,203,108,0,108,311
08/23/2023,LEX,KY,ASO,CE,Combined TRACON& Tower with Radar,37,22,77,0,136,0,4,89,0,93,37,26,166,0,229,108,0,108,337
08/24/2023,LEX,KY,ASO,CE,Combined TRACON& Tower with Radar,43,28,51,6,128,0,0,34,3,37,43,28,85,9,165,46,0,46,211
08/25/2023,LEX,KY,ASO,CE,Combined TRACON& Tower with Radar,40,22,73,1,136,0,0,53,1,54,40,22,126,2,190,6,0,6,196
08/26/2023,LEX,KY,ASO,CE,Combined TRACON& Tower with Radar,32,15,45,9,101,0,1,38,1,40,32,16,83,10,141,25,0,25,166
08/27/2023,LEX,KY,ASO,CE,Combined TRACON& Tower with Radar,43,23,57,1,124,0,2,22,1,25,43,25,79,2,149,24,0,24,173
08/28/2023,LEX,KY,ASO,CE,Combined TRACON& Tower with Radar,37,28,68,5,138,0,4,84,0,88,37,32,152,5,226,92,0,92,318
08/29/2023,LEX,KY,ASO,CE,Combined TRACON& Tower with Radar,39,43,84,31,197,0,4,79,10,93,39,47,163,41,290,75,0,75,365
08/30/2023,LEX,KY,ASO,CE,Combined TRACON& Tower with Radar,39,29,86,14,168,0,6,76,2,84,39,35,162,16,252,126,0,126,378
08/31/2023,LEX,KY,ASO,CE,Combined TRACON& Tower with Radar,46,21,97,8,172,0,0,64,5,69,46,21,161,13,241,62,0,62,303
