01/01/2020,LFT,LA,ASW,CE,Combined TRACON& Tower with Radar,13,9,13,0,35,0,25,8,0,33,13,34,21,0,68,2,0,2,70
01/02/2020,LFT,LA,ASW,CE,Combined TRACON& Tower with Radar,14,19,15,2,50,0,0,0,0,0,14,19,15,2,50,0,0,0,50
01/03/2020,LFT,LA,ASW,CE,Combined TRACON& Tower with Radar,15,18,27,0,60,0,12,6,0,18,15,30,33,0,78,5,0,5,83
01/04/2020,LFT,LA,ASW,CE,Combined TRACON& Tower with Radar,16,9,19,0,44,0,34,29,0,63,16,43,48,0,107,12,0,12,119
01/05/2020,LFT,LA,ASW,CE,Combined TRACON& Tower with Radar,13,18,27,1,59,0,22,32,0,54,13,40,59,1,113,6,0,6,119
01/06/2020,LFT,LA,ASW,CE,Combined TRACON& Tower with Radar,13,15,37,0,65,0,27,32,0,59,13,42,69,0,124,6,0,6,130
01/07/2020,LFT,LA,ASW,CE,Combined TRACON& Tower with Radar,12,22,39,0,73,0,42,17,0,59,12,64,56,0,132,0,0,0,132
01/08/2020,LFT,LA,ASW,CE,Combined TRACON& Tower with Radar,14,17,27,6,64,0,14,32,4,50,14,31,59,10,114,0,0,0,114
01/09/2020,LFT,LA,ASW,CE,Combined TRACON& Tower with Radar,16,20,32,4,72,0,31,19,0,50,16,51,51,4,122,0,0,0,122
01/10/2020,LFT,LA,ASW,CE,Combined TRACON& Tower with Radar,12,19,18,0,49,0,9,1,0,10,12,28,19,0,59,0,0,0,59
01/11/2020,LFT,LA,ASW,CE,Combined TRACON& Tower with Radar,10,10,11,0,31,0,23,0,2,25,10,33,11,2,56,0,0,0,56
01/12/2020,LFT,LA,ASW,CE,Combined TRACON& Tower with Radar,10,24,23,0,57,0,8,20,0,28,10,32,43,0,85,2,0,2,87
01/13/2020,LFT,LA,ASW,CE,Combined TRACON& Tower with Radar,10,15,6,0,31,0,0,0,0,0,10,15,6,0,31,0,0,0,31
01/14/2020,LFT,LA,ASW,CE,Combined TRACON& Tower with Radar,15,21,19,0,55,0,3,2,0,5,15,24,21,0,60,0,0,0,60
01/15/2020,LFT,LA,ASW,CE,Combined TRACON& Tower with Radar,18,17,22,0,57,0,19,13,2,34,18,36,35,2,91,38,0,38,129
01/16/2020,LFT,LA,ASW,CE,Combined TRACON& Tower with Radar,15,16,21,0,52,0,2,7,0,9,15,18,28,0,61,0,0,0,61
01/17/2020,LFT,LA,ASW,CE,Combined TRACON& Tower with Radar,16,20,20,0,56,0,43,20,0,63,16,63,40,0,119,36,0,36,155
01/18/2020,LFT,LA,ASW,CE,Combined TRACON& Tower with Radar,12,9,14,2,37,0,1,0,0,1,12,10,14,2,38,0,0,0,38
01/19/2020,LFT,LA,ASW,CE,Combined TRACON& Tower with Radar,12,11,16,1,40,0,15,9,0,24,12,26,25,1,64,26,0,26,90
01/20/2020,LFT,LA,ASW,CE,Combined TRACON& Tower with Radar,11,14,22,0,47,0,23,29,0,52,11,37,51,0,99,0,0,0,99
01/21/2020,LFT,LA,ASW,CE,Combined TRACON& Tower with Radar,13,19,30,2,64,0,51,43,3,97,13,70,73,5,161,55,0,55,216
01/22/2020,LFT,LA,ASW,CE,Combined TRACON& Tower with Radar,14,19,19,0,52,0,16,13,0,29,14,35,32,0,81,26,0,26,107
01/23/2020,LFT,LA,ASW,CE,Combined TRACON& Tower with Radar,14,21,19,2,56,0,10,5,0,15,14,31,24,2,71,0,0,0,71
01/24/2020,LFT,LA,ASW,CE,Combined TRACON& Tower with Radar,18,14,30,2,64,0,34,38,3,75,18,48,68,5,139,20,0,20,159
01/25/2020,LFT,LA,ASW,CE,Combined TRACON& Tower with Radar,12,7,31,0,50,0,17,40,5,62,12,24,71,5,112,36,8,44,156
01/26/2020,LFT,LA,ASW,CE,Combined TRACON& Tower with Radar,13,18,21,0,52,0,2,0,0,2,13,20,21,0,54,0,0,0,54
01/27/2020,LFT,LA,ASW,CE,Combined TRACON& Tower with Radar,12,18,28,0,58,0,7,15,0,22,12,25,43,0,80,10,0,10,90
01/28/2020,LFT,LA,ASW,CE,Combined TRACON& Tower with Radar,16,24,18,0,58,0,27,24,0,51,16,51,42,0,109,0,0,0,109
01/29/2020,LFT,LA,ASW,CE,Combined TRACON& Tower with Radar,16,19,17,7,59,0,19,4,0,23,16,38,21,7,82,28,0,28,110
01/30/2020,LFT,LA,ASW,CE,Combined TRACON& Tower with Radar,14,20,40,7,81,0,19,17,0,36,14,39,57,7,117,16,0,16,133
01/31/2020,LFT,LA,ASW,CE,Combined TRACON& Tower with Radar,17,19,19,7,62,0,8,10,0,18,17,27,29,7,80,0,0,0,80
02/01/2020,LFT,LA,ASW,CE,Combined TRACON& Tower with Radar,10,12,15,0,37,0,18,36,0,54,10,30,51,0,91,28,0,28,119
02/02/2020,LFT,LA,ASW,CE,Combined TRACON& Tower with Radar,11,17,22,4,54,0,16,49,0,65,11,33,71,4,119,34,0,34,153
02/03/2020,LFT,LA,ASW,CE,Combined TRACON& Tower with Radar,12,19,30,0,61,0,39,25,0,64,12,58,55,0,125,0,0,0,125
02/04/2020,LFT,LA,ASW,CE,Combined TRACON& Tower with Radar,13,21,8,0,42,0,21,1,0,22,13,42,9,0,64,24,0,24,88
02/05/2020,LFT,LA,ASW,CE,Combined TRACON& Tower with Radar,15,20,19,0,54,0,0,0,0,0,15,20,19,0,54,0,0,0,54
02/06/2020,LFT,LA,ASW,CE,Combined TRACON& Tower with Radar,17,14,11,0,42,0,23,1,0,24,17,37,12,0,66,0,0,0,66
02/07/2020,LFT,LA,ASW,CE,Combined TRACON& Tower with Radar,16,21,32,8,77,0,40,48,2,90,16,61,80,10,167,56,0,56,223
02/08/2020,LFT,LA,ASW,CE,Combined TRACON& Tower with Radar,12,10,19,1,42,0,17,30,1,48,12,27,49,2,90,38,0,38,128
02/09/2020,LFT,LA,ASW,CE,Combined TRACON& Tower with Radar,15,18,15,2,50,0,14,6,0,20,15,32,21,2,70,0,0,0,70
02/10/2020,LFT,LA,ASW,CE,Combined TRACON& Tower with Radar,12,12,12,0,36,0,0,0,0,0,12,12,12,0,36,0,0,0,36
02/11/2020,LFT,LA,ASW,CE,Combined TRACON& Tower with Radar,14,23,27,0,64,0,6,8,1,15,14,29,35,1,79,8,0,8,87
02/12/2020,LFT,LA,ASW,CE,Combined TRACON& Tower with Radar,19,15,12,0,46,0,0,0,0,0,19,15,12,0,46,0,0,0,46
02/13/2020,LFT,LA,ASW,CE,Combined TRACON& Tower with Radar,16,16,36,3,71,0,61,12,4,77,16,77,48,7,148,0,0,0,148
02/14/2020,LFT,LA,ASW,CE,Combined TRACON& Tower with Radar,17,16,31,9,73,0,47,40,0,87,17,63,71,9,160,26,0,26,186
02/15/2020,LFT,LA,ASW,CE,Combined TRACON& Tower with Radar,9,15,24,5,53,0,20,27,1,48,9,35,51,6,101,10,16,26,127
02/16/2020,LFT,LA,ASW,CE,Combined TRACON& Tower with Radar,10,16,29,2,57,0,6,4,0,10,10,22,33,2,67,0,0,0,67
02/17/2020,LFT,LA,ASW,CE,Combined TRACON& Tower with Radar,13,16,19,0,48,0,0,0,0,0,13,16,19,0,48,0,0,0,48
02/18/2020,LFT,LA,ASW,CE,Combined TRACON& Tower with Radar,16,17,13,0,46,0,7,9,0,16,16,24,22,0,62,4,0,4,66
02/19/2020,LFT,LA,ASW,CE,Combined TRACON& Tower with Radar,19,20,31,0,70,0,2,2,1,5,19,22,33,1,75,0,0,0,75
02/20/2020,LFT,LA,ASW,CE,Combined TRACON& Tower with Radar,13,21,28,0,62,0,3,1,0,4,13,24,29,0,66,0,0,0,66
02/21/2020,LFT,LA,ASW,CE,Combined TRACON& Tower with Radar,16,21,21,0,58,0,18,43,0,61,16,39,64,0,119,32,0,32,151
02/22/2020,LFT,LA,ASW,CE,Combined TRACON& Tower with Radar,11,9,25,6,51,0,17,58,7,82,11,26,83,13,133,22,20,42,175
02/23/2020,LFT,LA,ASW,CE,Combined TRACON& Tower with Radar,13,19,15,0,47,0,17,11,0,28,13,36,26,0,75,0,0,0,75
02/24/2020,LFT,LA,ASW,CE,Combined TRACON& Tower with Radar,14,17,19,0,50,0,7,1,0,8,14,24,20,0,58,0,0,0,58
02/25/2020,LFT,LA,ASW,CE,Combined TRACON& Tower with Radar,16,18,20,2,56,0,36,23,0,59,16,54,43,2,115,6,0,6,121
02/26/2020,LFT,LA,ASW,CE,Combined TRACON& Tower with Radar,15,17,17,3,52,0,34,18,5,57,15,51,35,8,109,4,0,4,113
02/27/2020,LFT,LA,ASW,CE,Combined TRACON& Tower with Radar,15,17,25,0,57,0,32,21,0,53,15,49,46,0,110,12,0,12,122
02/28/2020,LFT,LA,ASW,CE,Combined TRACON& Tower with Radar,18,14,28,0,60,0,44,39,0,83,18,58,67,0,143,22,0,22,165
02/29/2020,LFT,LA,ASW,CE,Combined TRACON& Tower with Radar,13,10,18,0,41,0,19,43,0,62,13,29,61,0,103,30,0,30,133
03/01/2020,LFT,LA,ASW,CE,Combined TRACON& Tower with Radar,15,16,25,0,56,0,7,14,0,21,15,23,39,0,77,0,0,0,77
03/02/2020,LFT,LA,ASW,CE,Combined TRACON& Tower with Radar,14,15,22,3,54,0,27,16,0,43,14,42,38,3,97,0,0,0,97
03/03/2020,LFT,LA,ASW,CE,Combined TRACON& Tower with Radar,15,21,23,0,59,0,7,8,0,15,15,28,31,0,74,28,0,28,102
03/04/2020,LFT,LA,ASW,CE,Combined TRACON& Tower with Radar,16,14,10,0,40,0,0,0,0,0,16,14,10,0,40,0,0,0,40
03/05/2020,LFT,LA,ASW,CE,Combined TRACON& Tower with Radar,12,20,27,6,65,0,12,9,0,21,12,32,36,6,86,16,0,16,102
03/06/2020,LFT,LA,ASW,CE,Combined TRACON& Tower with Radar,11,23,23,2,59,0,28,46,2,76,11,51,69,4,135,4,0,4,139
03/07/2020,LFT,LA,ASW,CE,Combined TRACON& Tower with Radar,9,8,41,0,58,0,14,30,0,44,9,22,71,0,102,0,0,0,102
03/08/2020,LFT,LA,ASW,CE,Combined TRACON& Tower with Radar,8,22,20,0,50,0,14,26,0,40,8,36,46,0,90,28,0,28,118
03/09/2020,LFT,LA,ASW,CE,Combined TRACON& Tower with Radar,11,20,6,0,37,0,20,2,0,22,11,40,8,0,59,0,0,0,59
03/10/2020,LFT,LA,ASW,CE,Combined TRACON& Tower with Radar,13,20,22,0,55,0,16,6,1,23,13,36,28,1,78,0,0,0,78
03/11/2020,LFT,LA,ASW,CE,Combined TRACON& Tower with Radar,15,15,23,7,60,0,8,38,2,48,15,23,61,9,108,0,0,0,108
03/12/2020,LFT,LA,ASW,CE,Combined TRACON& Tower with Radar,10,22,29,7,68,0,8,11,0,19,10,30,40,7,87,8,0,8,95
03/13/2020,LFT,LA,ASW,CE,Combined TRACON& Tower with Radar,11,22,9,12,54,0,11,3,0,14,11,33,12,12,68,0,8,8,76
03/14/2020,LFT,LA,ASW,CE,Combined TRACON& Tower with Radar,7,13,13,0,33,0,9,8,3,20,7,22,21,3,53,54,0,54,107
03/15/2020,LFT,LA,ASW,CE,Combined TRACON& Tower with Radar,5,21,17,0,43,0,9,15,0,24,5,30,32,0,67,24,0,24,91
03/16/2020,LFT,LA,ASW,CE,Combined TRACON& Tower with Radar,8,26,12,0,46,0,17,5,0,22,8,43,17,0,68,6,0,6,74
03/17/2020,LFT,LA,ASW,CE,Combined TRACON& Tower with Radar,12,20,8,0,40,0,0,1,0,1,12,20,9,0,41,0,0,0,41
03/18/2020,LFT,LA,ASW,CE,Combined TRACON& Tower with Radar,14,19,19,0,52,0,13,14,2,29,14,32,33,2,81,6,0,6,87
03/19/2020,LFT,LA,ASW,CE,Combined TRACON& Tower with Radar,9,19,7,0,35,0,10,10,0,20,9,29,17,0,55,0,0,0,55
03/20/2020,LFT,LA,ASW,CE,Combined TRACON& Tower with Radar,13,17,5,0,35,0,8,4,0,12,13,25,9,0,47,0,0,0,47
03/21/2020,LFT,LA,ASW,CE,Combined TRACON& Tower with Radar,7,9,8,0,24,0,10,1,0,11,7,19,9,0,35,0,0,0,35
03/22/2020,LFT,LA,ASW,CE,Combined TRACON& Tower with Radar,6,17,10,0,33,0,8,2,0,10,6,25,12,0,43,0,0,0,43
03/23/2020,LFT,LA,ASW,CE,Combined TRACON& Tower with Radar,5,16,7,1,29,0,19,16,1,36,5,35,23,2,65,0,0,0,65
03/24/2020,LFT,LA,ASW,CE,Combined TRACON& Tower with Radar,5,10,10,4,29,0,0,11,0,11,5,10,21,4,40,0,0,0,40
03/25/2020,LFT,LA,ASW,CE,Combined TRACON& Tower with Radar,7,12,1,0,20,0,12,30,0,42,7,24,31,0,62,28,0,28,90
03/26/2020,LFT,LA,ASW,CE,Combined TRACON& Tower with Radar,7,8,18,0,33,0,19,28,0,47,7,27,46,0,80,6,0,6,86
03/27/2020,LFT,LA,ASW,CE,Combined TRACON& Tower with Radar,8,9,14,0,31,0,19,21,0,40,8,28,35,0,71,18,0,18,89
03/28/2020,LFT,LA,ASW,CE,Combined TRACON& Tower with Radar,4,8,9,0,21,0,12,8,0,20,4,20,17,0,41,4,0,4,45
03/29/2020,LFT,LA,ASW,CE,Combined TRACON& Tower with Radar,6,12,6,0,24,0,12,9,0,21,6,24,15,0,45,0,0,0,45
03/30/2020,LFT,LA,ASW,CE,Combined TRACON& Tower with Radar,8,6,5,0,19,0,20,11,0,31,8,26,16,0,50,12,0,12,62
03/31/2020,LFT,LA,ASW,CE,Combined TRACON& Tower with Radar,14,8,3,0,25,0,22,9,0,31,14,30,12,0,56,0,0,0,56
04/01/2020,LFT,LA,ASW,CE,Combined TRACON& Tower with Radar,5,11,5,0,21,0,23,32,0,55,5,34,37,0,76,8,0,8,84
04/02/2020,LFT,LA,ASW,CE,Combined TRACON& Tower with Radar,7,7,4,0,18,0,21,28,0,49,7,28,32,0,67,24,0,24,91
04/03/2020,LFT,LA,ASW,CE,Combined TRACON& Tower with Radar,8,7,13,3,31,0,13,12,1,26,8,20,25,4,57,0,0,0,57
04/04/2020,LFT,LA,ASW,CE,Combined TRACON& Tower with Radar,6,8,3,0,17,0,13,6,0,19,6,21,9,0,36,0,0,0,36
04/05/2020,LFT,LA,ASW,CE,Combined TRACON& Tower with Radar,4,8,7,0,19,0,15,14,0,29,4,23,21,0,48,0,0,0,48
04/06/2020,LFT,LA,ASW,CE,Combined TRACON& Tower with Radar,8,6,6,0,20,0,17,13,0,30,8,23,19,0,50,16,0,16,66
04/07/2020,LFT,LA,ASW,CE,Combined TRACON& Tower with Radar,8,7,11,0,26,0,22,4,0,26,8,29,15,0,52,0,0,0,52
04/08/2020,LFT,LA,ASW,CE,Combined TRACON& Tower with Radar,8,4,5,0,17,0,8,11,0,19,8,12,16,0,36,24,0,24,60
04/09/2020,LFT,LA,ASW,CE,Combined TRACON& Tower with Radar,9,8,11,2,30,0,11,6,2,19,9,19,17,4,49,3,0,3,52
04/10/2020,LFT,LA,ASW,CE,Combined TRACON& Tower with Radar,7,8,9,0,24,0,10,18,0,28,7,18,27,0,52,16,0,16,68
04/11/2020,LFT,LA,ASW,CE,Combined TRACON& Tower with Radar,4,8,0,0,12,0,29,19,0,48,4,37,19,0,60,10,0,10,70
04/12/2020,LFT,LA,ASW,CE,Combined TRACON& Tower with Radar,0,4,0,0,4,0,0,0,0,0,0,4,0,0,4,0,0,0,4
04/13/2020,LFT,LA,ASW,CE,Combined TRACON& Tower with Radar,4,10,4,1,19,0,20,21,0,41,4,30,25,1,60,0,0,0,60
04/14/2020,LFT,LA,ASW,CE,Combined TRACON& Tower with Radar,5,6,1,1,13,0,27,18,3,48,5,33,19,4,61,0,2,2,63
04/15/2020,LFT,LA,ASW,CE,Combined TRACON& Tower with Radar,7,3,5,3,18,0,25,23,2,50,7,28,28,5,68,12,0,12,80
04/16/2020,LFT,LA,ASW,CE,Combined TRACON& Tower with Radar,7,4,16,1,28,0,16,46,0,62,7,20,62,1,90,10,0,10,100
04/17/2020,LFT,LA,ASW,CE,Combined TRACON& Tower with Radar,6,5,14,0,25,0,14,38,0,52,6,19,52,0,77,26,0,26,103
04/18/2020,LFT,LA,ASW,CE,Combined TRACON& Tower with Radar,5,2,13,0,20,0,2,8,0,10,5,4,21,0,30,10,0,10,40
04/19/2020,LFT,LA,ASW,CE,Combined TRACON& Tower with Radar,2,5,5,0,12,0,5,0,0,5,2,10,5,0,17,0,0,0,17
04/20/2020,LFT,LA,ASW,CE,Combined TRACON& Tower with Radar,5,3,16,0,24,0,24,40,0,64,5,27,56,0,88,2,0,2,90
04/21/2020,LFT,LA,ASW,CE,Combined TRACON& Tower with Radar,6,6,27,0,39,0,27,52,0,79,6,33,79,0,118,12,0,12,130
04/22/2020,LFT,LA,ASW,CE,Combined TRACON& Tower with Radar,6,4,23,0,33,0,23,23,0,46,6,27,46,0,79,8,0,8,87
04/23/2020,LFT,LA,ASW,CE,Combined TRACON& Tower with Radar,7,7,7,0,21,0,5,7,0,12,7,12,14,0,33,0,0,0,33
04/24/2020,LFT,LA,ASW,CE,Combined TRACON& Tower with Radar,7,2,36,0,45,0,27,43,0,70,7,29,79,0,115,22,0,22,137
04/25/2020,LFT,LA,ASW,CE,Combined TRACON& Tower with Radar,6,3,12,0,21,0,20,22,0,42,6,23,34,0,63,2,0,2,65
04/26/2020,LFT,LA,ASW,CE,Combined TRACON& Tower with Radar,4,6,13,0,23,0,22,30,0,52,4,28,43,0,75,2,0,2,77
04/27/2020,LFT,LA,ASW,CE,Combined TRACON& Tower with Radar,6,6,11,0,23,0,27,43,0,70,6,33,54,0,93,12,0,12,105
04/28/2020,LFT,LA,ASW,CE,Combined TRACON& Tower with Radar,5,8,32,10,55,0,27,23,0,50,5,35,55,10,105,14,0,14,119
04/29/2020,LFT,LA,ASW,CE,Combined TRACON& Tower with Radar,8,9,12,0,29,0,11,9,0,20,8,20,21,0,49,0,0,0,49
04/30/2020,LFT,LA,ASW,CE,Combined TRACON& Tower with Radar,8,5,24,0,37,0,39,58,0,97,8,44,82,0,134,14,0,14,148
05/01/2020,LFT,LA,ASW,CE,Combined TRACON& Tower with Radar,7,8,15,0,30,0,47,23,2,72,7,55,38,2,102,0,0,0,102
05/02/2020,LFT,LA,ASW,CE,Combined TRACON& Tower with Radar,5,6,14,0,25,0,13,37,0,50,5,19,51,0,75,8,0,8,83
05/03/2020,LFT,LA,ASW,CE,Combined TRACON& Tower with Radar,3,8,13,0,24,0,20,18,0,38,3,28,31,0,62,0,0,0,62
05/04/2020,LFT,LA,ASW,CE,Combined TRACON& Tower with Radar,2,8,21,0,31,0,33,30,0,63,2,41,51,0,94,0,0,0,94
05/05/2020,LFT,LA,ASW,CE,Combined TRACON& Tower with Radar,0,10,14,0,24,0,20,7,1,28,0,30,21,1,52,20,0,20,72
05/06/2020,LFT,LA,ASW,CE,Combined TRACON& Tower with Radar,4,4,8,0,16,0,14,31,0,45,4,18,39,0,61,2,0,2,63
05/07/2020,LFT,LA,ASW,CE,Combined TRACON& Tower with Radar,3,7,22,0,32,0,23,54,0,77,3,30,76,0,109,20,0,20,129
05/08/2020,LFT,LA,ASW,CE,Combined TRACON& Tower with Radar,3,4,13,0,20,0,4,10,0,14,3,8,23,0,34,2,0,2,36
05/09/2020,LFT,LA,ASW,CE,Combined TRACON& Tower with Radar,7,5,13,0,25,0,3,18,0,21,7,8,31,0,46,22,0,22,68
05/10/2020,LFT,LA,ASW,CE,Combined TRACON& Tower with Radar,3,6,14,0,23,0,9,24,0,33,3,15,38,0,56,0,0,0,56
05/11/2020,LFT,LA,ASW,CE,Combined TRACON& Tower with Radar,3,6,8,0,17,0,19,39,0,58,3,25,47,0,75,16,0,16,91
05/12/2020,LFT,LA,ASW,CE,Combined TRACON& Tower with Radar,4,4,10,0,18,0,26,42,0,68,4,30,52,0,86,0,0,0,86
05/13/2020,LFT,LA,ASW,CE,Combined TRACON& Tower with Radar,5,6,27,0,38,0,14,23,0,37,5,20,50,0,75,0,0,0,75
05/14/2020,LFT,LA,ASW,CE,Combined TRACON& Tower with Radar,4,5,10,0,19,0,20,5,0,25,4,25,15,0,44,14,0,14,58
05/15/2020,LFT,LA,ASW,CE,Combined TRACON& Tower with Radar,4,6,20,0,30,0,1,14,0,15,4,7,34,0,45,26,0,26,71
05/16/2020,LFT,LA,ASW,CE,Combined TRACON& Tower with Radar,3,5,1,0,9,0,2,0,0,2,3,7,1,0,11,0,0,0,11
05/17/2020,LFT,LA,ASW,CE,Combined TRACON& Tower with Radar,3,12,13,0,28,0,8,5,0,13,3,20,18,0,41,12,0,12,53
05/18/2020,LFT,LA,ASW,CE,Combined TRACON& Tower with Radar,4,5,17,0,26,0,19,39,0,58,4,24,56,0,84,20,0,20,104
05/19/2020,LFT,LA,ASW,CE,Combined TRACON& Tower with Radar,3,8,11,0,22,0,30,42,2,74,3,38,53,2,96,6,0,6,102
05/20/2020,LFT,LA,ASW,CE,Combined TRACON& Tower with Radar,5,17,36,0,58,0,18,12,0,30,5,35,48,0,88,8,0,8,96
05/21/2020,LFT,LA,ASW,CE,Combined TRACON& Tower with Radar,5,6,41,0,52,0,30,32,0,62,5,36,73,0,114,2,0,2,116
05/22/2020,LFT,LA,ASW,CE,Combined TRACON& Tower with Radar,5,6,27,1,39,0,28,25,0,53,5,34,52,1,92,2,0,2,94
05/23/2020,LFT,LA,ASW,CE,Combined TRACON& Tower with Radar,3,5,18,0,26,0,7,15,0,22,3,12,33,0,48,28,0,28,76
05/24/2020,LFT,LA,ASW,CE,Combined TRACON& Tower with Radar,3,6,10,0,19,0,4,13,0,17,3,10,23,0,36,10,0,10,46
05/25/2020,LFT,LA,ASW,CE,Combined TRACON& Tower with Radar,3,5,15,0,23,0,2,12,0,14,3,7,27,0,37,2,0,2,39
05/26/2020,LFT,LA,ASW,CE,Combined TRACON& Tower with Radar,5,5,24,0,34,0,10,15,0,25,5,15,39,0,59,0,0,0,59
05/27/2020,LFT,LA,ASW,CE,Combined TRACON& Tower with Radar,4,7,17,0,28,0,18,37,2,57,4,25,54,2,85,4,0,4,89
05/28/2020,LFT,LA,ASW,CE,Combined TRACON& Tower with Radar,5,6,19,0,30,0,15,25,0,40,5,21,44,0,70,2,0,2,72
05/29/2020,LFT,LA,ASW,CE,Combined TRACON& Tower with Radar,3,7,22,0,32,0,21,32,0,53,3,28,54,0,85,0,0,0,85
05/30/2020,LFT,LA,ASW,CE,Combined TRACON& Tower with Radar,3,6,16,0,25,0,10,31,0,41,3,16,47,0,66,8,0,8,74
05/31/2020,LFT,LA,ASW,CE,Combined TRACON& Tower with Radar,3,6,16,0,25,0,8,23,0,31,3,14,39,0,56,8,0,8,64
06/01/2020,LFT,LA,ASW,CE,Combined TRACON& Tower with Radar,1,6,5,0,12,0,23,22,0,45,1,29,27,0,57,10,0,10,67
06/02/2020,LFT,LA,ASW,CE,Combined TRACON& Tower with Radar,3,9,14,0,26,0,22,15,2,39,3,31,29,2,65,6,0,6,71
06/03/2020,LFT,LA,ASW,CE,Combined TRACON& Tower with Radar,7,9,8,0,24,0,19,15,0,34,7,28,23,0,58,0,0,0,58
06/04/2020,LFT,LA,ASW,CE,Combined TRACON& Tower with Radar,6,11,36,1,54,0,34,18,0,52,6,45,54,1,106,8,0,8,114
06/05/2020,LFT,LA,ASW,CE,Combined TRACON& Tower with Radar,3,9,18,0,30,0,24,41,5,70,3,33,59,5,100,0,0,0,100
06/06/2020,LFT,LA,ASW,CE,Combined TRACON& Tower with Radar,1,5,20,0,26,0,13,19,0,32,1,18,39,0,58,6,0,6,64
06/07/2020,LFT,LA,ASW,CE,Combined TRACON& Tower with Radar,2,5,4,0,11,0,0,0,0,0,2,5,4,0,11,0,0,0,11
06/08/2020,LFT,LA,ASW,CE,Combined TRACON& Tower with Radar,1,10,8,0,19,0,19,3,0,22,1,29,11,0,41,0,0,0,41
06/09/2020,LFT,LA,ASW,CE,Combined TRACON& Tower with Radar,1,8,12,0,21,0,10,13,0,23,1,18,25,0,44,8,0,8,52
06/10/2020,LFT,LA,ASW,CE,Combined TRACON& Tower with Radar,3,8,27,0,38,0,19,40,0,59,3,27,67,0,97,8,0,8,105
06/11/2020,LFT,LA,ASW,CE,Combined TRACON& Tower with Radar,2,14,28,0,44,0,17,28,0,45,2,31,56,0,89,14,0,14,103
06/12/2020,LFT,LA,ASW,CE,Combined TRACON& Tower with Radar,1,6,14,5,26,0,20,21,0,41,1,26,35,5,67,22,0,22,89
06/13/2020,LFT,LA,ASW,CE,Combined TRACON& Tower with Radar,2,8,37,0,47,0,11,33,0,44,2,19,70,0,91,26,0,26,117
06/14/2020,LFT,LA,ASW,CE,Combined TRACON& Tower with Radar,1,5,6,0,12,0,12,17,0,29,1,17,23,0,41,8,0,8,49
06/15/2020,LFT,LA,ASW,CE,Combined TRACON& Tower with Radar,1,7,19,0,27,0,21,21,0,42,1,28,40,0,69,0,0,0,69
06/16/2020,LFT,LA,ASW,CE,Combined TRACON& Tower with Radar,1,8,25,3,37,0,20,38,1,59,1,28,63,4,96,46,0,46,142
06/17/2020,LFT,LA,ASW,CE,Combined TRACON& Tower with Radar,1,8,23,2,34,0,22,28,0,50,1,30,51,2,84,10,0,10,94
06/18/2020,LFT,LA,ASW,CE,Combined TRACON& Tower with Radar,1,8,26,1,36,0,23,37,1,61,1,31,63,2,97,24,0,24,121
06/19/2020,LFT,LA,ASW,CE,Combined TRACON& Tower with Radar,2,19,37,2,60,0,25,43,0,68,2,44,80,2,128,2,0,2,130
06/20/2020,LFT,LA,ASW,CE,Combined TRACON& Tower with Radar,1,7,23,0,31,0,24,19,0,43,1,31,42,0,74,0,0,0,74
06/21/2020,LFT,LA,ASW,CE,Combined TRACON& Tower with Radar,1,8,27,0,36,0,15,17,0,32,1,23,44,0,68,0,0,0,68
06/22/2020,LFT,LA,ASW,CE,Combined TRACON& Tower with Radar,1,7,15,0,23,0,7,4,0,11,1,14,19,0,34,0,0,0,34
06/23/2020,LFT,LA,ASW,CE,Combined TRACON& Tower with Radar,3,6,9,0,18,0,19,7,0,26,3,25,16,0,44,0,0,0,44
06/24/2020,LFT,LA,ASW,CE,Combined TRACON& Tower with Radar,1,11,18,0,30,0,12,10,0,22,1,23,28,0,52,14,0,14,66
06/25/2020,LFT,LA,ASW,CE,Combined TRACON& Tower with Radar,1,11,9,0,21,0,17,3,0,20,1,28,12,0,41,0,0,0,41
06/26/2020,LFT,LA,ASW,CE,Combined TRACON& Tower with Radar,3,15,24,0,42,0,16,11,0,27,3,31,35,0,69,6,0,6,75
06/27/2020,LFT,LA,ASW,CE,Combined TRACON& Tower with Radar,1,6,9,0,16,0,11,10,0,21,1,17,19,0,37,0,0,0,37
06/28/2020,LFT,LA,ASW,CE,Combined TRACON& Tower with Radar,1,8,10,0,19,0,15,15,0,30,1,23,25,0,49,10,2,12,61
06/29/2020,LFT,LA,ASW,CE,Combined TRACON& Tower with Radar,1,12,21,0,34,0,30,21,0,51,1,42,42,0,85,4,0,4,89
06/30/2020,LFT,LA,ASW,CE,Combined TRACON& Tower with Radar,1,15,19,0,35,0,20,35,0,55,1,35,54,0,90,12,0,12,102
07/01/2020,LFT,LA,ASW,CE,Combined TRACON& Tower with Radar,2,15,33,0,50,0,25,29,1,55,2,40,62,1,105,0,0,0,105
07/02/2020,LFT,LA,ASW,CE,Combined TRACON& Tower with Radar,5,10,18,5,38,0,22,22,0,44,5,32,40,5,82,28,0,28,110
07/03/2020,LFT,LA,ASW,CE,Combined TRACON& Tower with Radar,2,12,12,0,26,0,7,15,0,22,2,19,27,0,48,20,0,20,68
07/04/2020,LFT,LA,ASW,CE,Combined TRACON& Tower with Radar,4,10,9,0,23,0,7,9,0,16,4,17,18,0,39,0,0,0,39
07/05/2020,LFT,LA,ASW,CE,Combined TRACON& Tower with Radar,5,9,23,0,37,0,1,0,0,1,5,10,23,0,38,0,0,0,38
07/06/2020,LFT,LA,ASW,CE,Combined TRACON& Tower with Radar,3,15,14,0,32,0,4,9,0,13,3,19,23,0,45,0,0,0,45
07/07/2020,LFT,LA,ASW,CE,Combined TRACON& Tower with Radar,6,14,10,0,30,0,5,9,0,14,6,19,19,0,44,0,0,0,44
07/08/2020,LFT,LA,ASW,CE,Combined TRACON& Tower with Radar,6,10,22,0,38,0,22,38,0,60,6,32,60,0,98,12,0,12,110
07/09/2020,LFT,LA,ASW,CE,Combined TRACON& Tower with Radar,6,18,18,0,42,0,20,26,1,47,6,38,44,1,89,8,0,8,97
07/10/2020,LFT,LA,ASW,CE,Combined TRACON& Tower with Radar,7,12,21,0,40,0,8,46,0,54,7,20,67,0,94,8,0,8,102
07/11/2020,LFT,LA,ASW,CE,Combined TRACON& Tower with Radar,5,14,13,0,32,0,8,38,0,46,5,22,51,0,78,16,0,16,94
07/12/2020,LFT,LA,ASW,CE,Combined TRACON& Tower with Radar,8,10,7,0,25,0,8,21,0,29,8,18,28,0,54,8,0,8,62
07/13/2020,LFT,LA,ASW,CE,Combined TRACON& Tower with Radar,5,12,17,0,34,0,21,31,1,53,5,33,48,1,87,4,0,4,91
07/14/2020,LFT,LA,ASW,CE,Combined TRACON& Tower with Radar,9,15,29,1,54,0,20,39,0,59,9,35,68,1,113,16,0,16,129
07/15/2020,LFT,LA,ASW,CE,Combined TRACON& Tower with Radar,6,12,23,11,52,0,20,38,0,58,6,32,61,11,110,40,4,44,154
07/16/2020,LFT,LA,ASW,CE,Combined TRACON& Tower with Radar,5,12,14,0,31,0,17,26,0,43,5,29,40,0,74,10,0,10,84
07/17/2020,LFT,LA,ASW,CE,Combined TRACON& Tower with Radar,7,14,12,3,36,0,15,11,0,26,7,29,23,3,62,10,0,10,72
07/18/2020,LFT,LA,ASW,CE,Combined TRACON& Tower with Radar,5,12,18,0,35,0,18,27,0,45,5,30,45,0,80,0,0,0,80
07/19/2020,LFT,LA,ASW,CE,Combined TRACON& Tower with Radar,5,17,23,0,45,0,11,18,0,29,5,28,41,0,74,14,0,14,88
07/20/2020,LFT,LA,ASW,CE,Combined TRACON& Tower with Radar,5,15,12,0,32,0,4,12,0,16,5,19,24,0,48,8,0,8,56
07/21/2020,LFT,LA,ASW,CE,Combined TRACON& Tower with Radar,6,12,18,1,37,0,10,9,0,19,6,22,27,1,56,6,0,6,62
07/22/2020,LFT,LA,ASW,CE,Combined TRACON& Tower with Radar,7,16,23,0,46,0,26,30,3,59,7,42,53,3,105,24,0,24,129
07/23/2020,LFT,LA,ASW,CE,Combined TRACON& Tower with Radar,6,17,20,0,43,0,32,25,1,58,6,49,45,1,101,12,0,12,113
07/24/2020,LFT,LA,ASW,CE,Combined TRACON& Tower with Radar,5,16,8,0,29,0,7,3,0,10,5,23,11,0,39,0,0,0,39
07/25/2020,LFT,LA,ASW,CE,Combined TRACON& Tower with Radar,5,14,6,0,25,0,1,7,0,8,5,15,13,0,33,2,0,2,35
07/26/2020,LFT,LA,ASW,CE,Combined TRACON& Tower with Radar,5,12,14,0,31,0,4,2,0,6,5,16,16,0,37,0,0,0,37
07/27/2020,LFT,LA,ASW,CE,Combined TRACON& Tower with Radar,6,14,8,0,28,0,0,0,0,0,6,14,8,0,28,12,0,12,40
07/28/2020,LFT,LA,ASW,CE,Combined TRACON& Tower with Radar,9,20,12,0,41,0,6,6,0,12,9,26,18,0,53,0,0,0,53
07/29/2020,LFT,LA,ASW,CE,Combined TRACON& Tower with Radar,8,16,19,0,43,0,39,24,0,63,8,55,43,0,106,28,0,28,134
07/30/2020,LFT,LA,ASW,CE,Combined TRACON& Tower with Radar,5,14,20,0,39,0,19,28,0,47,5,33,48,0,86,24,0,24,110
07/31/2020,LFT,LA,ASW,CE,Combined TRACON& Tower with Radar,6,20,34,4,64,0,21,30,0,51,6,41,64,4,115,16,0,16,131
08/01/2020,LFT,LA,ASW,CE,Combined TRACON& Tower with Radar,5,12,11,0,28,0,16,21,0,37,5,28,32,0,65,22,0,22,87
08/02/2020,LFT,LA,ASW,CE,Combined TRACON& Tower with Radar,5,14,13,0,32,0,6,7,0,13,5,20,20,0,45,4,0,4,49
08/03/2020,LFT,LA,ASW,CE,Combined TRACON& Tower with Radar,6,14,15,0,35,0,26,25,0,51,6,40,40,0,86,8,0,8,94
08/04/2020,LFT,LA,ASW,CE,Combined TRACON& Tower with Radar,6,15,21,0,42,0,19,39,0,58,6,34,60,0,100,24,0,24,124
08/05/2020,LFT,LA,ASW,CE,Combined TRACON& Tower with Radar,6,16,19,0,41,0,25,21,0,46,6,41,40,0,87,18,0,18,105
08/06/2020,LFT,LA,ASW,CE,Combined TRACON& Tower with Radar,5,14,16,0,35,0,25,27,0,52,5,39,43,0,87,14,0,14,101
08/07/2020,LFT,LA,ASW,CE,Combined TRACON& Tower with Radar,5,16,19,2,42,0,30,42,1,73,5,46,61,3,115,34,2,36,151
08/08/2020,LFT,LA,ASW,CE,Combined TRACON& Tower with Radar,5,12,8,1,26,0,9,26,0,35,5,21,34,1,61,0,0,0,61
08/09/2020,LFT,LA,ASW,CE,Combined TRACON& Tower with Radar,5,18,23,1,47,0,3,7,0,10,5,21,30,1,57,6,0,6,63
08/10/2020,LFT,LA,ASW,CE,Combined TRACON& Tower with Radar,5,11,24,0,40,0,29,34,0,63,5,40,58,0,103,16,0,16,119
08/11/2020,LFT,LA,ASW,CE,Combined TRACON& Tower with Radar,6,11,21,0,38,0,32,24,0,56,6,43,45,0,94,77,0,77,171
08/12/2020,LFT,LA,ASW,CE,Combined TRACON& Tower with Radar,6,14,25,0,45,0,24,25,0,49,6,38,50,0,94,40,0,40,134
08/13/2020,LFT,LA,ASW,CE,Combined TRACON& Tower with Radar,8,13,21,2,44,0,26,29,0,55,8,39,50,2,99,2,0,2,101
08/14/2020,LFT,LA,ASW,CE,Combined TRACON& Tower with Radar,5,14,16,0,35,0,28,24,0,52,5,42,40,0,87,24,0,24,111
08/15/2020,LFT,LA,ASW,CE,Combined TRACON& Tower with Radar,4,10,23,0,37,0,7,20,0,27,4,17,43,0,64,6,0,6,70
08/16/2020,LFT,LA,ASW,CE,Combined TRACON& Tower with Radar,5,12,22,0,39,0,13,23,0,36,5,25,45,0,75,0,0,0,75
08/17/2020,LFT,LA,ASW,CE,Combined TRACON& Tower with Radar,5,12,24,2,43,0,18,26,0,44,5,30,50,2,87,8,0,8,95
08/18/2020,LFT,LA,ASW,CE,Combined TRACON& Tower with Radar,6,14,11,4,35,0,23,33,0,56,6,37,44,4,91,18,0,18,109
08/19/2020,LFT,LA,ASW,CE,Combined TRACON& Tower with Radar,8,18,19,3,48,0,23,26,0,49,8,41,45,3,97,40,0,40,137
08/20/2020,LFT,LA,ASW,CE,Combined TRACON& Tower with Radar,7,16,19,0,42,0,1,33,0,34,7,17,52,0,76,0,0,0,76
08/21/2020,LFT,LA,ASW,CE,Combined TRACON& Tower with Radar,5,18,21,0,44,0,25,40,0,65,5,43,61,0,109,30,0,30,139
08/22/2020,LFT,LA,ASW,CE,Combined TRACON& Tower with Radar,7,10,10,0,27,0,3,17,0,20,7,13,27,0,47,26,0,26,73
08/23/2020,LFT,LA,ASW,CE,Combined TRACON& Tower with Radar,5,15,24,0,44,0,17,24,0,41,5,32,48,0,85,10,0,10,95
08/24/2020,LFT,LA,ASW,CE,Combined TRACON& Tower with Radar,6,12,6,0,24,0,10,8,0,18,6,22,14,0,42,4,0,4,46
08/25/2020,LFT,LA,ASW,CE,Combined TRACON& Tower with Radar,6,12,11,0,29,0,8,2,2,12,6,20,13,2,41,0,0,0,41
08/26/2020,LFT,LA,ASW,CE,Combined TRACON& Tower with Radar,5,8,4,0,17,0,1,0,0,1,5,9,4,0,18,0,0,0,18
08/27/2020,LFT,LA,ASW,CE,Combined TRACON& Tower with Radar,0,8,4,0,12,0,13,2,2,17,0,21,6,2,29,0,0,0,29
08/28/2020,LFT,LA,ASW,CE,Combined TRACON& Tower with Radar,5,14,23,2,44,0,49,12,1,62,5,63,35,3,106,22,0,22,128
08/29/2020,LFT,LA,ASW,CE,Combined TRACON& Tower with Radar,4,13,24,0,41,0,37,23,1,61,4,50,47,1,102,36,0,36,138
08/30/2020,LFT,LA,ASW,CE,Combined TRACON& Tower with Radar,5,15,14,0,34,0,20,24,0,44,5,35,38,0,78,8,0,8,86
08/31/2020,LFT,LA,ASW,CE,Combined TRACON& Tower with Radar,5,15,23,0,43,0,31,32,0,63,5,46,55,0,106,6,0,6,112
09/01/2020,LFT,LA,ASW,CE,Combined TRACON& Tower with Radar,5,10,24,0,39,0,19,21,0,40,5,29,45,0,79,12,0,12,91
09/02/2020,LFT,LA,ASW,CE,Combined TRACON& Tower with Radar,7,16,17,2,42,0,35,29,1,65,7,51,46,3,107,6,0,6,113
09/03/2020,LFT,LA,ASW,CE,Combined TRACON& Tower with Radar,6,19,40,0,65,0,36,41,1,78,6,55,81,1,143,20,0,20,163
09/04/2020,LFT,LA,ASW,CE,Combined TRACON& Tower with Radar,5,13,30,0,48,0,24,34,0,58,5,37,64,0,106,30,0,30,136
09/05/2020,LFT,LA,ASW,CE,Combined TRACON& Tower with Radar,5,11,11,0,27,0,14,16,0,30,5,25,27,0,57,22,0,22,79
09/06/2020,LFT,LA,ASW,CE,Combined TRACON& Tower with Radar,5,13,18,0,36,0,24,20,0,44,5,37,38,0,80,14,0,14,94
09/07/2020,LFT,LA,ASW,CE,Combined TRACON& Tower with Radar,6,17,33,1,57,0,33,34,0,67,6,50,67,1,124,12,0,12,136
09/08/2020,LFT,LA,ASW,CE,Combined TRACON& Tower with Radar,11,19,31,4,65,0,29,18,0,47,11,48,49,4,112,24,0,24,136
09/09/2020,LFT,LA,ASW,CE,Combined TRACON& Tower with Radar,6,20,44,0,70,0,26,20,0,46,6,46,64,0,116,22,0,22,138
09/10/2020,LFT,LA,ASW,CE,Combined TRACON& Tower with Radar,6,26,27,3,62,0,47,35,0,82,6,73,62,3,144,36,0,36,180
09/11/2020,LFT,LA,ASW,CE,Combined TRACON& Tower with Radar,7,18,25,0,50,0,30,34,0,64,7,48,59,0,114,24,0,24,138
09/12/2020,LFT,LA,ASW,CE,Combined TRACON& Tower with Radar,7,16,17,2,42,0,20,8,0,28,7,36,25,2,70,6,0,6,76
09/13/2020,LFT,LA,ASW,CE,Combined TRACON& Tower with Radar,4,19,33,1,57,0,30,22,0,52,4,49,55,1,109,4,0,4,113
09/14/2020,LFT,LA,ASW,CE,Combined TRACON& Tower with Radar,5,19,29,0,53,0,23,15,0,38,5,42,44,0,91,22,0,22,113
09/15/2020,LFT,LA,ASW,CE,Combined TRACON& Tower with Radar,5,16,15,0,36,0,23,10,0,33,5,39,25,0,69,4,0,4,73
09/16/2020,LFT,LA,ASW,CE,Combined TRACON& Tower with Radar,8,16,11,0,35,0,26,36,3,65,8,42,47,3,100,12,0,12,112
09/17/2020,LFT,LA,ASW,CE,Combined TRACON& Tower with Radar,6,20,38,8,72,0,20,30,0,50,6,40,68,8,122,0,0,0,122
09/18/2020,LFT,LA,ASW,CE,Combined TRACON& Tower with Radar,8,19,18,0,45,0,23,31,0,54,8,42,49,0,99,2,0,2,101
09/19/2020,LFT,LA,ASW,CE,Combined TRACON& Tower with Radar,8,16,17,0,41,0,7,5,0,12,8,23,22,0,53,0,0,0,53
09/20/2020,LFT,LA,ASW,CE,Combined TRACON& Tower with Radar,4,21,15,0,40,0,0,1,0,1,4,21,16,0,41,0,0,0,41
09/21/2020,LFT,LA,ASW,CE,Combined TRACON& Tower with Radar,6,16,7,0,29,0,0,0,0,0,6,16,7,0,29,0,0,0,29
09/22/2020,LFT,LA,ASW,CE,Combined TRACON& Tower with Radar,8,17,9,0,34,0,3,3,0,6,8,20,12,0,40,0,0,0,40
09/23/2020,LFT,LA,ASW,CE,Combined TRACON& Tower with Radar,6,16,15,0,37,0,10,4,0,14,6,26,19,0,51,0,0,0,51
09/24/2020,LFT,LA,ASW,CE,Combined TRACON& Tower with Radar,6,21,29,1,57,0,11,19,0,30,6,32,48,1,87,56,0,56,143
09/25/2020,LFT,LA,ASW,CE,Combined TRACON& Tower with Radar,9,20,53,0,82,0,16,26,0,42,9,36,79,0,124,0,0,0,124
09/26/2020,LFT,LA,ASW,CE,Combined TRACON& Tower with Radar,7,23,15,0,45,0,18,26,0,44,7,41,41,0,89,0,0,0,89
09/27/2020,LFT,LA,ASW,CE,Combined TRACON& Tower with Radar,4,17,25,0,46,0,7,30,0,37,4,24,55,0,83,2,0,2,85
09/28/2020,LFT,LA,ASW,CE,Combined TRACON& Tower with Radar,6,30,28,0,64,0,2,0,0,2,6,32,28,0,66,2,0,2,68
09/29/2020,LFT,LA,ASW,CE,Combined TRACON& Tower with Radar,5,19,27,0,51,0,35,38,0,73,5,54,65,0,124,6,0,6,130
09/30/2020,LFT,LA,ASW,CE,Combined TRACON& Tower with Radar,5,22,36,6,69,0,25,49,0,74,5,47,85,6,143,12,0,12,155
10/01/2020,LFT,LA,ASW,CE,Combined TRACON& Tower with Radar,8,20,39,0,67,0,43,44,0,87,8,63,83,0,154,22,0,22,176
10/02/2020,LFT,LA,ASW,CE,Combined TRACON& Tower with Radar,6,26,21,0,53,0,31,34,0,65,6,57,55,0,118,14,0,14,132
10/03/2020,LFT,LA,ASW,CE,Combined TRACON& Tower with Radar,5,15,19,18,57,0,7,28,0,35,5,22,47,18,92,0,0,0,92
10/04/2020,LFT,LA,ASW,CE,Combined TRACON& Tower with Radar,4,20,9,0,33,0,14,30,0,44,4,34,39,0,77,0,0,0,77
10/05/2020,LFT,LA,ASW,CE,Combined TRACON& Tower with Radar,5,18,33,0,56,0,43,41,0,84,5,61,74,0,140,12,0,12,152
10/06/2020,LFT,LA,ASW,CE,Combined TRACON& Tower with Radar,5,18,11,0,34,0,28,41,0,69,5,46,52,0,103,4,0,4,107
10/07/2020,LFT,LA,ASW,CE,Combined TRACON& Tower with Radar,7,17,38,0,62,0,10,8,0,18,7,27,46,0,80,0,0,0,80
10/08/2020,LFT,LA,ASW,CE,Combined TRACON& Tower with Radar,4,18,27,6,55,0,6,4,2,12,4,24,31,8,67,8,0,8,75
10/10/2020,LFT,LA,ASW,CE,Combined TRACON& Tower with Radar,2,4,8,8,22,0,20,8,3,31,2,24,16,11,53,0,0,0,53
10/11/2020,LFT,LA,ASW,CE,Combined TRACON& Tower with Radar,2,20,21,0,43,0,20,3,0,23,2,40,24,0,66,0,0,0,66
10/12/2020,LFT,LA,ASW,CE,Combined TRACON& Tower with Radar,3,19,34,0,56,0,21,19,0,40,3,40,53,0,96,0,0,0,96
10/13/2020,LFT,LA,ASW,CE,Combined TRACON& Tower with Radar,4,19,37,0,60,0,18,45,0,63,4,37,82,0,123,0,0,0,123
10/14/2020,LFT,LA,ASW,CE,Combined TRACON& Tower with Radar,7,20,30,0,57,0,36,39,0,75,7,56,69,0,132,10,0,10,142
10/15/2020,LFT,LA,ASW,CE,Combined TRACON& Tower with Radar,4,23,20,1,48,0,29,9,1,39,4,52,29,2,87,30,0,30,117
10/16/2020,LFT,LA,ASW,CE,Combined TRACON& Tower with Radar,5,20,9,0,34,0,16,7,0,23,5,36,16,0,57,15,0,15,72
10/17/2020,LFT,LA,ASW,CE,Combined TRACON& Tower with Radar,5,10,21,0,36,0,15,20,0,35,5,25,41,0,71,5,0,5,76
10/18/2020,LFT,LA,ASW,CE,Combined TRACON& Tower with Radar,1,25,31,0,57,0,12,27,0,39,1,37,58,0,96,2,0,2,98
10/19/2020,LFT,LA,ASW,CE,Combined TRACON& Tower with Radar,3,29,36,0,68,0,11,17,0,28,3,40,53,0,96,2,0,2,98
10/20/2020,LFT,LA,ASW,CE,Combined TRACON& Tower with Radar,4,18,27,3,52,0,29,13,0,42,4,47,40,3,94,20,0,20,114
10/21/2020,LFT,LA,ASW,CE,Combined TRACON& Tower with Radar,4,23,22,0,49,0,25,38,0,63,4,48,60,0,112,0,0,0,112
10/22/2020,LFT,LA,ASW,CE,Combined TRACON& Tower with Radar,6,23,18,0,47,0,19,24,0,43,6,42,42,0,90,12,0,12,102
10/23/2020,LFT,LA,ASW,CE,Combined TRACON& Tower with Radar,5,20,29,0,54,0,7,4,0,11,5,27,33,0,65,0,0,0,65
10/24/2020,LFT,LA,ASW,CE,Combined TRACON& Tower with Radar,6,12,22,0,40,0,7,1,0,8,6,19,23,0,48,10,0,10,58
10/25/2020,LFT,LA,ASW,CE,Combined TRACON& Tower with Radar,2,25,41,2,70,0,9,25,0,34,2,34,66,2,104,32,0,32,136
10/26/2020,LFT,LA,ASW,CE,Combined TRACON& Tower with Radar,3,21,38,3,65,0,29,50,14,93,3,50,88,17,158,16,0,16,174
10/27/2020,LFT,LA,ASW,CE,Combined TRACON& Tower with Radar,3,23,32,0,58,0,7,17,0,24,3,30,49,0,82,0,0,0,82
10/28/2020,LFT,LA,ASW,CE,Combined TRACON& Tower with Radar,4,22,5,0,31,0,1,1,0,2,4,23,6,0,33,0,0,0,33
10/29/2020,LFT,LA,ASW,CE,Combined TRACON& Tower with Radar,5,24,33,0,62,0,34,19,0,53,5,58,52,0,115,0,0,0,115
10/30/2020,LFT,LA,ASW,CE,Combined TRACON& Tower with Radar,7,23,26,0,56,0,15,40,1,56,7,38,66,1,112,0,0,0,112
10/31/2020,LFT,LA,ASW,CE,Combined TRACON& Tower with Radar,3,12,15,0,30,0,16,46,0,62,3,28,61,0,92,26,0,26,118
11/01/2020,LFT,LA,ASW,CE,Combined TRACON& Tower with Radar,2,20,19,0,41,0,10,25,0,35,2,30,44,0,76,0,0,0,76
11/02/2020,LFT,LA,ASW,CE,Combined TRACON& Tower with Radar,3,22,18,0,43,0,14,29,0,43,3,36,47,0,86,0,0,0,86
11/03/2020,LFT,LA,ASW,CE,Combined TRACON& Tower with Radar,4,24,19,0,47,0,36,40,0,76,4,60,59,0,123,12,0,12,135
11/04/2020,LFT,LA,ASW,CE,Combined TRACON& Tower with Radar,5,19,25,2,51,0,39,34,0,73,5,58,59,2,124,14,0,14,138
11/05/2020,LFT,LA,ASW,CE,Combined TRACON& Tower with Radar,9,26,31,2,68,0,24,49,0,73,9,50,80,2,141,0,0,0,141
11/06/2020,LFT,LA,ASW,CE,Combined TRACON& Tower with Radar,7,23,21,0,51,0,35,32,0,67,7,58,53,0,118,20,0,20,138
11/07/2020,LFT,LA,ASW,CE,Combined TRACON& Tower with Radar,5,17,21,0,43,0,11,19,0,30,5,28,40,0,73,8,0,8,81
11/08/2020,LFT,LA,ASW,CE,Combined TRACON& Tower with Radar,4,26,26,0,56,0,5,0,0,5,4,31,26,0,61,0,0,0,61
11/09/2020,LFT,LA,ASW,CE,Combined TRACON& Tower with Radar,5,21,33,0,59,0,29,24,0,53,5,50,57,0,112,13,0,13,125
11/10/2020,LFT,LA,ASW,CE,Combined TRACON& Tower with Radar,12,19,32,9,72,0,11,23,2,36,12,30,55,11,108,8,0,8,116
11/11/2020,LFT,LA,ASW,CE,Combined TRACON& Tower with Radar,9,18,43,0,70,0,9,23,0,32,9,27,66,0,102,26,0,26,128
11/12/2020,LFT,LA,ASW,CE,Combined TRACON& Tower with Radar,9,23,30,4,66,0,27,39,0,66,9,50,69,4,132,0,0,0,132
11/13/2020,LFT,LA,ASW,CE,Combined TRACON& Tower with Radar,11,23,34,0,68,0,13,46,0,59,11,36,80,0,127,14,0,14,141
11/14/2020,LFT,LA,ASW,CE,Combined TRACON& Tower with Radar,9,20,24,0,53,0,17,27,0,44,9,37,51,0,97,8,0,8,105
11/15/2020,LFT,LA,ASW,CE,Combined TRACON& Tower with Radar,4,30,11,0,45,0,24,19,0,43,4,54,30,0,88,0,0,0,88
11/16/2020,LFT,LA,ASW,CE,Combined TRACON& Tower with Radar,5,22,26,0,53,0,32,27,0,59,5,54,53,0,112,0,0,0,112
11/17/2020,LFT,LA,ASW,CE,Combined TRACON& Tower with Radar,7,19,22,1,49,0,20,43,0,63,7,39,65,1,112,8,0,8,120
11/18/2020,LFT,LA,ASW,CE,Combined TRACON& Tower with Radar,8,25,40,10,83,0,38,52,6,96,8,63,92,16,179,8,0,8,187
11/19/2020,LFT,LA,ASW,CE,Combined TRACON& Tower with Radar,5,20,24,0,49,0,39,38,0,77,5,59,62,0,126,10,0,10,136
11/20/2020,LFT,LA,ASW,CE,Combined TRACON& Tower with Radar,7,25,37,1,70,0,26,48,0,74,7,51,85,1,144,12,0,12,156
11/21/2020,LFT,LA,ASW,CE,Combined TRACON& Tower with Radar,5,23,12,0,40,0,7,24,0,31,5,30,36,0,71,10,0,10,81
11/22/2020,LFT,LA,ASW,CE,Combined TRACON& Tower with Radar,4,25,20,0,49,0,13,27,0,40,4,38,47,0,89,0,0,0,89
11/23/2020,LFT,LA,ASW,CE,Combined TRACON& Tower with Radar,6,22,25,0,53,0,35,45,0,80,6,57,70,0,133,0,0,0,133
11/24/2020,LFT,LA,ASW,CE,Combined TRACON& Tower with Radar,9,22,30,0,61,0,25,26,0,51,9,47,56,0,112,12,0,12,124
11/25/2020,LFT,LA,ASW,CE,Combined TRACON& Tower with Radar,8,21,18,0,47,0,9,17,0,26,8,30,35,0,73,10,0,10,83
11/26/2020,LFT,LA,ASW,CE,Combined TRACON& Tower with Radar,0,13,8,0,21,0,14,1,0,15,0,27,9,0,36,2,0,2,38
11/27/2020,LFT,LA,ASW,CE,Combined TRACON& Tower with Radar,5,21,11,0,37,0,7,0,0,7,5,28,11,0,44,0,0,0,44
11/28/2020,LFT,LA,ASW,CE,Combined TRACON& Tower with Radar,5,30,11,0,46,0,0,0,0,0,5,30,11,0,46,0,0,0,46
11/29/2020,LFT,LA,ASW,CE,Combined TRACON& Tower with Radar,4,29,22,1,56,0,4,0,0,4,4,33,22,1,60,0,0,0,60
11/30/2020,LFT,LA,ASW,CE,Combined TRACON& Tower with Radar,6,21,17,0,44,0,19,18,0,37,6,40,35,0,81,0,0,0,81
12/01/2020,LFT,LA,ASW,CE,Combined TRACON& Tower with Radar,12,25,26,4,67,0,54,41,1,96,12,79,67,5,163,12,6,18,181
12/02/2020,LFT,LA,ASW,CE,Combined TRACON& Tower with Radar,10,19,19,0,48,0,18,12,2,32,10,37,31,2,80,6,0,6,86
12/03/2020,LFT,LA,ASW,CE,Combined TRACON& Tower with Radar,12,19,26,2,59,0,4,2,0,6,12,23,28,2,65,0,0,0,65
12/04/2020,LFT,LA,ASW,CE,Combined TRACON& Tower with Radar,12,17,35,0,64,0,45,26,3,74,12,62,61,3,138,22,0,22,160
12/05/2020,LFT,LA,ASW,CE,Combined TRACON& Tower with Radar,10,12,19,0,41,0,9,28,0,37,10,21,47,0,78,0,0,0,78
12/06/2020,LFT,LA,ASW,CE,Combined TRACON& Tower with Radar,8,19,29,0,56,0,9,16,0,25,8,28,45,0,81,22,0,22,103
12/07/2020,LFT,LA,ASW,CE,Combined TRACON& Tower with Radar,9,17,22,0,48,0,24,30,0,54,9,41,52,0,102,20,0,20,122
12/08/2020,LFT,LA,ASW,CE,Combined TRACON& Tower with Radar,11,20,38,1,70,0,38,42,2,82,11,58,80,3,152,36,0,36,188
12/09/2020,LFT,LA,ASW,CE,Combined TRACON& Tower with Radar,10,15,30,1,56,0,30,51,1,82,10,45,81,2,138,22,0,22,160
12/10/2020,LFT,LA,ASW,CE,Combined TRACON& Tower with Radar,15,17,42,13,87,0,41,34,5,80,15,58,76,18,167,16,10,26,193
12/11/2020,LFT,LA,ASW,CE,Combined TRACON& Tower with Radar,12,20,34,3,69,0,20,35,1,56,12,40,69,4,125,38,0,38,163
12/12/2020,LFT,LA,ASW,CE,Combined TRACON& Tower with Radar,10,14,24,0,48,0,0,7,0,7,10,14,31,0,55,54,0,54,109
12/13/2020,LFT,LA,ASW,CE,Combined TRACON& Tower with Radar,8,19,29,0,56,0,3,2,0,5,8,22,31,0,61,4,0,4,65
12/14/2020,LFT,LA,ASW,CE,Combined TRACON& Tower with Radar,9,17,13,0,39,0,13,5,0,18,9,30,18,0,57,62,0,62,119
12/15/2020,LFT,LA,ASW,CE,Combined TRACON& Tower with Radar,10,21,22,0,53,0,0,3,0,3,10,21,25,0,56,0,0,0,56
12/16/2020,LFT,LA,ASW,CE,Combined TRACON& Tower with Radar,11,16,25,0,52,0,27,6,0,33,11,43,31,0,85,24,0,24,109
12/17/2020,LFT,LA,ASW,CE,Combined TRACON& Tower with Radar,13,17,15,1,46,0,29,38,1,68,13,46,53,2,114,30,0,30,144
12/18/2020,LFT,LA,ASW,CE,Combined TRACON& Tower with Radar,15,28,25,2,70,0,36,45,0,81,15,64,70,2,151,18,0,18,169
12/19/2020,LFT,LA,ASW,CE,Combined TRACON& Tower with Radar,8,24,9,2,43,0,9,8,0,17,8,33,17,2,60,0,0,0,60
12/20/2020,LFT,LA,ASW,CE,Combined TRACON& Tower with Radar,6,24,20,0,50,0,14,9,0,23,6,38,29,0,73,16,0,16,89
12/21/2020,LFT,LA,ASW,CE,Combined TRACON& Tower with Radar,8,21,18,2,49,0,28,38,0,66,8,49,56,2,115,10,0,10,125
12/22/2020,LFT,LA,ASW,CE,Combined TRACON& Tower with Radar,13,28,20,0,61,0,26,39,0,65,13,54,59,0,126,0,0,0,126
12/23/2020,LFT,LA,ASW,CE,Combined TRACON& Tower with Radar,12,19,15,0,46,0,8,5,0,13,12,27,20,0,59,4,0,4,63
12/24/2020,LFT,LA,ASW,CE,Combined TRACON& Tower with Radar,11,14,4,0,29,0,12,3,0,15,11,26,7,0,44,0,0,0,44
12/25/2020,LFT,LA,ASW,CE,Combined TRACON& Tower with Radar,3,18,3,0,24,0,7,7,0,14,3,25,10,0,38,6,0,6,44
12/26/2020,LFT,LA,ASW,CE,Combined TRACON& Tower with Radar,8,23,24,0,55,0,8,29,0,37,8,31,53,0,92,0,0,0,92
12/27/2020,LFT,LA,ASW,CE,Combined TRACON& Tower with Radar,6,21,31,0,58,0,3,29,0,32,6,24,60,0,90,0,0,0,90
12/28/2020,LFT,LA,ASW,CE,Combined TRACON& Tower with Radar,7,23,43,0,73,0,10,28,0,38,7,33,71,0,111,6,0,6,117
12/29/2020,LFT,LA,ASW,CE,Combined TRACON& Tower with Radar,11,26,15,12,64,0,34,28,2,64,11,60,43,14,128,12,2,14,142
12/30/2020,LFT,LA,ASW,CE,Combined TRACON& Tower with Radar,10,23,34,0,67,0,13,5,0,18,10,36,39,0,85,0,0,0,85
12/31/2020,LFT,LA,ASW,CE,Combined TRACON& Tower with Radar,12,13,13,0,38,0,10,2,0,12,12,23,15,0,50,0,0,0,50
01/01/2021,LFT,LA,ASW,CE,Combined TRACON& Tower with Radar,5,13,8,0,26,0,10,18,0,28,5,23,26,0,54,0,0,0,54
01/02/2021,LFT,LA,ASW,CE,Combined TRACON& Tower with Radar,7,19,15,0,41,0,12,5,0,17,7,31,20,0,58,58,0,58,116
01/03/2021,LFT,LA,ASW,CE,Combined TRACON& Tower with Radar,6,23,26,0,55,0,16,27,0,43,6,39,53,0,98,0,0,0,98
01/04/2021,LFT,LA,ASW,CE,Combined TRACON& Tower with Radar,8,22,27,0,57,0,26,20,0,46,8,48,47,0,103,26,0,26,129
01/05/2021,LFT,LA,ASW,CE,Combined TRACON& Tower with Radar,12,12,21,8,53,0,35,40,0,75,12,47,61,8,128,48,0,48,176
01/06/2021,LFT,LA,ASW,CE,Combined TRACON& Tower with Radar,15,10,21,0,46,0,16,16,0,32,15,26,37,0,78,32,0,32,110
01/07/2021,LFT,LA,ASW,CE,Combined TRACON& Tower with Radar,14,10,19,5,48,0,23,1,0,24,14,33,20,5,72,0,0,0,72
01/08/2021,LFT,LA,ASW,CE,Combined TRACON& Tower with Radar,21,9,17,1,48,0,32,11,0,43,21,41,28,1,91,6,0,6,97
01/09/2021,LFT,LA,ASW,CE,Combined TRACON& Tower with Radar,9,7,11,0,27,0,8,26,0,34,9,15,37,0,61,5,0,5,66
01/10/2021,LFT,LA,ASW,CE,Combined TRACON& Tower with Radar,13,12,9,0,34,0,7,4,0,11,13,19,13,0,45,0,0,0,45
01/11/2021,LFT,LA,ASW,CE,Combined TRACON& Tower with Radar,12,17,12,0,41,0,2,0,0,2,12,19,12,0,43,0,0,0,43
01/12/2021,LFT,LA,ASW,CE,Combined TRACON& Tower with Radar,12,13,27,2,54,0,13,33,2,48,12,26,60,4,102,20,0,20,122
01/13/2021,LFT,LA,ASW,CE,Combined TRACON& Tower with Radar,15,14,13,12,54,0,12,25,1,38,15,26,38,13,92,12,0,12,104
01/14/2021,LFT,LA,ASW,CE,Combined TRACON& Tower with Radar,12,10,28,0,50,0,10,15,3,28,12,20,43,3,78,8,0,8,86
01/15/2021,LFT,LA,ASW,CE,Combined TRACON& Tower with Radar,20,8,16,1,45,0,14,21,1,36,20,22,37,2,81,20,0,20,101
01/16/2021,LFT,LA,ASW,CE,Combined TRACON& Tower with Radar,10,10,8,1,29,0,19,49,0,68,10,29,57,1,97,16,0,16,113
01/17/2021,LFT,LA,ASW,CE,Combined TRACON& Tower with Radar,13,9,21,1,44,0,11,12,0,23,13,20,33,1,67,6,0,6,73
01/18/2021,LFT,LA,ASW,CE,Combined TRACON& Tower with Radar,13,10,16,0,39,0,14,25,0,39,13,24,41,0,78,16,0,16,94
01/19/2021,LFT,LA,ASW,CE,Combined TRACON& Tower with Radar,11,16,15,4,46,0,18,46,0,64,11,34,61,4,110,12,0,12,122
01/20/2021,LFT,LA,ASW,CE,Combined TRACON& Tower with Radar,12,13,28,2,55,0,13,18,1,32,12,26,46,3,87,24,0,24,111
01/21/2021,LFT,LA,ASW,CE,Combined TRACON& Tower with Radar,17,10,10,0,37,0,38,8,0,46,17,48,18,0,83,10,0,10,93
01/22/2021,LFT,LA,ASW,CE,Combined TRACON& Tower with Radar,20,11,25,0,56,0,0,0,0,0,20,11,25,0,56,0,0,0,56
01/23/2021,LFT,LA,ASW,CE,Combined TRACON& Tower with Radar,10,6,13,0,29,0,0,1,0,1,10,6,14,0,30,0,0,0,30
01/24/2021,LFT,LA,ASW,CE,Combined TRACON& Tower with Radar,15,8,13,0,36,0,2,5,0,7,15,10,18,0,43,0,0,0,43
01/25/2021,LFT,LA,ASW,CE,Combined TRACON& Tower with Radar,13,13,16,0,42,0,4,0,0,4,13,17,16,0,46,0,0,0,46
01/26/2021,LFT,LA,ASW,CE,Combined TRACON& Tower with Radar,14,15,47,0,76,0,21,29,0,50,14,36,76,0,126,46,0,46,172
01/27/2021,LFT,LA,ASW,CE,Combined TRACON& Tower with Radar,15,12,22,2,51,0,20,24,0,44,15,32,46,2,95,8,0,8,103
01/28/2021,LFT,LA,ASW,CE,Combined TRACON& Tower with Radar,14,11,25,2,52,0,15,41,0,56,14,26,66,2,108,42,0,42,150
01/29/2021,LFT,LA,ASW,CE,Combined TRACON& Tower with Radar,20,11,27,8,66,0,37,50,1,88,20,48,77,9,154,0,0,0,154
01/30/2021,LFT,LA,ASW,CE,Combined TRACON& Tower with Radar,9,9,19,0,37,0,9,11,1,21,9,18,30,1,58,0,0,0,58
01/31/2021,LFT,LA,ASW,CE,Combined TRACON& Tower with Radar,14,16,17,3,50,0,10,18,0,28,14,26,35,3,78,0,0,0,78
02/01/2021,LFT,LA,ASW,CE,Combined TRACON& Tower with Radar,13,12,14,0,39,0,8,32,0,40,13,20,46,0,79,6,0,6,85
02/02/2021,LFT,LA,ASW,CE,Combined TRACON& Tower with Radar,12,13,15,2,42,0,38,27,0,65,12,51,42,2,107,0,4,4,111
02/03/2021,LFT,LA,ASW,CE,Combined TRACON& Tower with Radar,11,14,19,2,46,0,41,45,3,89,11,55,64,5,135,58,0,58,193
02/04/2021,LFT,LA,ASW,CE,Combined TRACON& Tower with Radar,13,10,20,0,43,0,38,18,0,56,13,48,38,0,99,10,0,10,109
02/05/2021,LFT,LA,ASW,CE,Combined TRACON& Tower with Radar,21,12,20,0,53,0,11,1,0,12,21,23,21,0,65,0,0,0,65
02/06/2021,LFT,LA,ASW,CE,Combined TRACON& Tower with Radar,10,15,10,0,35,0,6,0,0,6,10,21,10,0,41,0,0,0,41
02/07/2021,LFT,LA,ASW,CE,Combined TRACON& Tower with Radar,13,17,19,0,49,0,24,41,0,65,13,41,60,0,114,24,0,24,138
02/08/2021,LFT,LA,ASW,CE,Combined TRACON& Tower with Radar,13,14,37,0,64,0,35,21,0,56,13,49,58,0,120,70,0,70,190
02/09/2021,LFT,LA,ASW,CE,Combined TRACON& Tower with Radar,13,14,22,4,53,0,12,27,1,40,13,26,49,5,93,12,0,12,105
02/10/2021,LFT,LA,ASW,CE,Combined TRACON& Tower with Radar,12,14,22,0,48,0,0,6,0,6,12,14,28,0,54,0,0,0,54
02/11/2021,LFT,LA,ASW,CE,Combined TRACON& Tower with Radar,19,17,13,0,49,0,0,0,0,0,19,17,13,0,49,0,0,0,49
02/12/2021,LFT,LA,ASW,CE,Combined TRACON& Tower with Radar,19,16,20,0,55,0,0,0,0,0,19,16,20,0,55,0,0,0,55
02/13/2021,LFT,LA,ASW,CE,Combined TRACON& Tower with Radar,11,17,8,10,46,0,3,6,0,9,11,20,14,10,55,0,0,0,55
02/14/2021,LFT,LA,ASW,CE,Combined TRACON& Tower with Radar,6,7,9,2,24,0,9,0,1,10,6,16,9,3,34,0,0,0,34
02/15/2021,LFT,LA,ASW,CE,Combined TRACON& Tower with Radar,0,0,0,0,0,0,0,0,0,0,0,0,0,0,0,0,0,0,0
02/16/2021,LFT,LA,ASW,CE,Combined TRACON& Tower with Radar,3,2,9,0,14,0,19,11,0,30,3,21,20,0,44,0,0,0,44
02/17/2021,LFT,LA,ASW,CE,Combined TRACON& Tower with Radar,8,4,11,0,23,0,0,0,0,0,8,4,11,0,23,0,0,0,23
02/18/2021,LFT,LA,ASW,CE,Combined TRACON& Tower with Radar,12,9,9,0,30,0,0,0,0,0,12,9,9,0,30,0,0,0,30
02/19/2021,LFT,LA,ASW,CE,Combined TRACON& Tower with Radar,14,6,21,10,51,0,36,34,0,70,14,42,55,10,121,15,0,15,136
02/20/2021,LFT,LA,ASW,CE,Combined TRACON& Tower with Radar,11,16,36,0,63,0,25,33,0,58,11,41,69,0,121,0,0,0,121
02/21/2021,LFT,LA,ASW,CE,Combined TRACON& Tower with Radar,15,13,21,3,52,0,6,33,0,39,15,19,54,3,91,6,0,6,97
02/22/2021,LFT,LA,ASW,CE,Combined TRACON& Tower with Radar,12,16,15,2,45,0,19,38,0,57,12,35,53,2,102,10,0,10,112
02/23/2021,LFT,LA,ASW,CE,Combined TRACON& Tower with Radar,13,20,27,2,62,0,22,71,0,93,13,42,98,2,155,16,0,16,171
02/24/2021,LFT,LA,ASW,CE,Combined TRACON& Tower with Radar,11,16,42,5,74,0,45,29,0,74,11,61,71,5,148,26,0,26,174
02/25/2021,LFT,LA,ASW,CE,Combined TRACON& Tower with Radar,17,15,26,0,58,0,8,11,0,19,17,23,37,0,77,24,0,24,101
02/26/2021,LFT,LA,ASW,CE,Combined TRACON& Tower with Radar,20,16,34,13,83,0,7,22,2,31,20,23,56,15,114,16,0,16,130
02/27/2021,LFT,LA,ASW,CE,Combined TRACON& Tower with Radar,11,13,34,0,58,0,0,14,0,14,11,13,48,0,72,0,0,0,72
02/28/2021,LFT,LA,ASW,CE,Combined TRACON& Tower with Radar,13,13,24,5,55,0,15,3,0,18,13,28,27,5,73,0,0,0,73
03/01/2021,LFT,LA,ASW,CE,Combined TRACON& Tower with Radar,11,16,19,0,46,0,0,1,0,1,11,16,20,0,47,0,0,0,47
03/02/2021,LFT,LA,ASW,CE,Combined TRACON& Tower with Radar,10,15,9,0,34,0,3,1,0,4,10,18,10,0,38,0,0,0,38
03/03/2021,LFT,LA,ASW,CE,Combined TRACON& Tower with Radar,11,14,25,0,50,0,37,42,0,79,11,51,67,0,129,0,0,0,129
03/04/2021,LFT,LA,ASW,CE,Combined TRACON& Tower with Radar,18,15,32,7,72,0,29,48,0,77,18,44,80,7,149,8,0,8,157
03/05/2021,LFT,LA,ASW,CE,Combined TRACON& Tower with Radar,17,12,26,0,55,0,36,18,2,56,17,48,44,2,111,0,0,0,111
03/06/2021,LFT,LA,ASW,CE,Combined TRACON& Tower with Radar,12,15,20,2,49,0,15,40,0,55,12,30,60,2,104,6,0,6,110
03/07/2021,LFT,LA,ASW,CE,Combined TRACON& Tower with Radar,15,14,30,1,60,0,18,54,1,73,15,32,84,2,133,6,0,6,139
03/08/2021,LFT,LA,ASW,CE,Combined TRACON& Tower with Radar,18,11,27,0,56,0,23,33,0,56,18,34,60,0,112,40,0,40,152
03/09/2021,LFT,LA,ASW,CE,Combined TRACON& Tower with Radar,14,12,20,0,46,0,33,29,0,62,14,45,49,0,108,14,0,14,122
03/10/2021,LFT,LA,ASW,CE,Combined TRACON& Tower with Radar,13,10,38,3,64,0,38,20,0,58,13,48,58,3,122,20,0,20,142
03/11/2021,LFT,LA,ASW,CE,Combined TRACON& Tower with Radar,19,10,52,4,85,0,49,32,0,81,19,59,84,4,166,14,0,14,180
03/12/2021,LFT,LA,ASW,CE,Combined TRACON& Tower with Radar,17,16,26,0,59,0,10,16,0,26,17,26,42,0,85,30,0,30,115
03/13/2021,LFT,LA,ASW,CE,Combined TRACON& Tower with Radar,14,15,19,0,48,0,16,29,0,45,14,31,48,0,93,46,0,46,139
03/14/2021,LFT,LA,ASW,CE,Combined TRACON& Tower with Radar,14,15,31,0,60,0,7,8,0,15,14,22,39,0,75,0,0,0,75
03/15/2021,LFT,LA,ASW,CE,Combined TRACON& Tower with Radar,19,12,17,0,48,0,5,6,0,11,19,17,23,0,59,22,0,22,81
03/16/2021,LFT,LA,ASW,CE,Combined TRACON& Tower with Radar,16,18,16,2,52,0,8,8,0,16,16,26,24,2,68,6,0,6,74
03/17/2021,LFT,LA,ASW,CE,Combined TRACON& Tower with Radar,12,17,10,0,39,0,11,1,0,12,12,28,11,0,51,12,0,12,63
03/18/2021,LFT,LA,ASW,CE,Combined TRACON& Tower with Radar,18,14,34,0,66,0,44,33,3,80,18,58,67,3,146,0,0,0,146
03/19/2021,LFT,LA,ASW,CE,Combined TRACON& Tower with Radar,18,13,33,0,64,0,25,57,0,82,18,38,90,0,146,24,0,24,170
03/20/2021,LFT,LA,ASW,CE,Combined TRACON& Tower with Radar,16,13,17,2,48,0,5,34,0,39,16,18,51,2,87,0,0,0,87
03/21/2021,LFT,LA,ASW,CE,Combined TRACON& Tower with Radar,16,11,38,2,67,0,16,20,2,38,16,27,58,4,105,12,0,12,117
03/22/2021,LFT,LA,ASW,CE,Combined TRACON& Tower with Radar,19,14,37,8,78,0,34,28,0,62,19,48,65,8,140,12,0,12,152
03/23/2021,LFT,LA,ASW,CE,Combined TRACON& Tower with Radar,14,13,16,0,43,0,2,0,0,2,14,15,16,0,45,0,0,0,45
03/24/2021,LFT,LA,ASW,CE,Combined TRACON& Tower with Radar,15,14,11,0,40,0,7,1,0,8,15,21,12,0,48,0,0,0,48
03/25/2021,LFT,LA,ASW,CE,Combined TRACON& Tower with Radar,17,12,19,0,48,0,0,2,0,2,17,12,21,0,50,14,0,14,64
03/26/2021,LFT,LA,ASW,CE,Combined TRACON& Tower with Radar,17,14,46,3,80,0,9,16,1,26,17,23,62,4,106,36,0,36,142
03/27/2021,LFT,LA,ASW,CE,Combined TRACON& Tower with Radar,14,17,21,1,53,0,3,6,3,12,14,20,27,4,65,2,0,2,67
03/28/2021,LFT,LA,ASW,CE,Combined TRACON& Tower with Radar,15,13,18,0,46,0,13,2,0,15,15,26,20,0,61,0,0,0,61
03/29/2021,LFT,LA,ASW,CE,Combined TRACON& Tower with Radar,15,10,32,4,61,0,30,47,0,77,15,40,79,4,138,28,0,28,166
03/30/2021,LFT,LA,ASW,CE,Combined TRACON& Tower with Radar,13,25,23,0,61,0,2,10,0,12,13,27,33,0,73,0,0,0,73
03/31/2021,LFT,LA,ASW,CE,Combined TRACON& Tower with Radar,15,12,24,0,51,0,4,4,0,8,15,16,28,0,59,0,0,0,59
04/01/2021,LFT,LA,ASW,CE,Combined TRACON& Tower with Radar,19,11,31,1,62,0,23,33,1,57,19,34,64,2,119,0,0,0,119
04/02/2021,LFT,LA,ASW,CE,Combined TRACON& Tower with Radar,24,13,29,0,66,0,21,47,1,69,24,34,76,1,135,28,0,28,163
04/03/2021,LFT,LA,ASW,CE,Combined TRACON& Tower with Radar,13,16,11,0,40,0,14,22,1,37,13,30,33,1,77,42,0,42,119
04/04/2021,LFT,LA,ASW,CE,Combined TRACON& Tower with Radar,14,16,13,0,43,0,15,26,0,41,14,31,39,0,84,12,0,12,96
04/05/2021,LFT,LA,ASW,CE,Combined TRACON& Tower with Radar,17,17,32,6,72,0,26,46,0,72,17,43,78,6,144,8,0,8,152
04/06/2021,LFT,LA,ASW,CE,Combined TRACON& Tower with Radar,16,19,29,10,74,0,26,35,0,61,16,45,64,10,135,59,0,59,194
04/07/2021,LFT,LA,ASW,CE,Combined TRACON& Tower with Radar,13,21,20,1,55,0,13,1,0,14,13,34,21,1,69,0,0,0,69
04/08/2021,LFT,LA,ASW,CE,Combined TRACON& Tower with Radar,19,16,40,0,75,0,27,57,0,84,19,43,97,0,159,14,0,14,173
04/09/2021,LFT,LA,ASW,CE,Combined TRACON& Tower with Radar,16,21,33,0,70,0,3,15,0,18,16,24,48,0,88,34,0,34,122
04/10/2021,LFT,LA,ASW,CE,Combined TRACON& Tower with Radar,15,16,10,0,41,1,17,17,0,35,16,33,27,0,76,6,0,6,82
04/11/2021,LFT,LA,ASW,CE,Combined TRACON& Tower with Radar,15,15,20,0,50,0,17,48,0,65,15,32,68,0,115,36,0,36,151
04/12/2021,LFT,LA,ASW,CE,Combined TRACON& Tower with Radar,17,16,18,0,51,0,35,51,0,86,17,51,69,0,137,14,0,14,151
04/13/2021,LFT,LA,ASW,CE,Combined TRACON& Tower with Radar,21,16,13,0,50,0,2,1,0,3,21,18,14,0,53,0,0,0,53
04/14/2021,LFT,LA,ASW,CE,Combined TRACON& Tower with Radar,20,19,15,0,54,0,3,0,0,3,20,22,15,0,57,0,0,0,57
04/15/2021,LFT,LA,ASW,CE,Combined TRACON& Tower with Radar,19,16,30,0,65,0,5,4,0,9,19,21,34,0,74,30,0,30,104
04/16/2021,LFT,LA,ASW,CE,Combined TRACON& Tower with Radar,20,17,16,0,53,0,0,6,0,6,20,17,22,0,59,6,0,6,65
04/17/2021,LFT,LA,ASW,CE,Combined TRACON& Tower with Radar,15,14,19,0,48,0,3,0,0,3,15,17,19,0,51,0,0,0,51
04/18/2021,LFT,LA,ASW,CE,Combined TRACON& Tower with Radar,16,20,32,0,68,0,13,26,0,39,16,33,58,0,107,28,0,28,135
04/19/2021,LFT,LA,ASW,CE,Combined TRACON& Tower with Radar,17,18,16,0,51,0,31,44,0,75,17,49,60,0,126,38,0,38,164
04/20/2021,LFT,LA,ASW,CE,Combined TRACON& Tower with Radar,19,18,29,2,68,0,34,69,0,103,19,52,98,2,171,84,0,84,255
04/21/2021,LFT,LA,ASW,CE,Combined TRACON& Tower with Radar,19,14,36,2,71,0,39,40,1,80,19,53,76,3,151,2,0,2,153
04/22/2021,LFT,LA,ASW,CE,Combined TRACON& Tower with Radar,19,17,44,2,82,0,15,56,1,72,19,32,100,3,154,0,0,0,154
04/23/2021,LFT,LA,ASW,CE,Combined TRACON& Tower with Radar,17,17,12,0,46,0,11,10,0,21,17,28,22,0,67,10,0,10,77
04/24/2021,LFT,LA,ASW,CE,Combined TRACON& Tower with Radar,16,20,20,0,56,0,7,8,0,15,16,27,28,0,71,0,0,0,71
04/25/2021,LFT,LA,ASW,CE,Combined TRACON& Tower with Radar,14,10,22,0,46,0,6,31,0,37,14,16,53,0,83,20,0,20,103
04/26/2021,LFT,LA,ASW,CE,Combined TRACON& Tower with Radar,18,23,40,4,85,0,21,32,0,53,18,44,72,4,138,16,0,16,154
04/27/2021,LFT,LA,ASW,CE,Combined TRACON& Tower with Radar,23,25,26,0,74,0,8,14,0,22,23,33,40,0,96,4,0,4,100
04/28/2021,LFT,LA,ASW,CE,Combined TRACON& Tower with Radar,20,20,26,7,73,0,43,14,0,57,20,63,40,7,130,0,0,0,130
04/29/2021,LFT,LA,ASW,CE,Combined TRACON& Tower with Radar,19,19,34,21,93,0,20,26,5,51,19,39,60,26,144,26,25,51,195
04/30/2021,LFT,LA,ASW,CE,Combined TRACON& Tower with Radar,19,18,25,0,62,0,2,10,0,12,19,20,35,0,74,6,0,6,80
05/01/2021,LFT,LA,ASW,CE,Combined TRACON& Tower with Radar,15,16,20,1,52,0,17,25,0,42,15,33,45,1,94,28,0,28,122
05/02/2021,LFT,LA,ASW,CE,Combined TRACON& Tower with Radar,16,16,36,0,68,0,1,10,0,11,16,17,46,0,79,26,0,26,105
05/03/2021,LFT,LA,ASW,CE,Combined TRACON& Tower with Radar,15,15,27,4,61,0,11,8,0,19,15,26,35,4,80,0,0,0,80
05/04/2021,LFT,LA,ASW,CE,Combined TRACON& Tower with Radar,17,14,19,0,50,0,9,3,0,12,17,23,22,0,62,0,0,0,62
05/05/2021,LFT,LA,ASW,CE,Combined TRACON& Tower with Radar,20,19,46,9,94,0,16,21,0,37,20,35,67,9,131,0,0,0,131
05/06/2021,LFT,LA,ASW,CE,Combined TRACON& Tower with Radar,24,20,39,0,83,0,32,53,0,85,24,52,92,0,168,34,0,34,202
05/07/2021,LFT,LA,ASW,CE,Combined TRACON& Tower with Radar,22,20,33,0,75,0,39,55,0,94,22,59,88,0,169,62,0,62,231
05/08/2021,LFT,LA,ASW,CE,Combined TRACON& Tower with Radar,18,12,24,8,62,0,16,26,0,42,18,28,50,8,104,40,0,40,144
05/09/2021,LFT,LA,ASW,CE,Combined TRACON& Tower with Radar,18,15,21,0,54,0,12,8,0,20,18,27,29,0,74,4,0,4,78
05/10/2021,LFT,LA,ASW,CE,Combined TRACON& Tower with Radar,21,14,28,0,63,0,12,15,0,27,21,26,43,0,90,28,0,28,118
05/11/2021,LFT,LA,ASW,CE,Combined TRACON& Tower with Radar,18,11,23,0,52,0,17,6,0,23,18,28,29,0,75,6,0,6,81
05/12/2021,LFT,LA,ASW,CE,Combined TRACON& Tower with Radar,24,16,32,0,72,0,3,2,0,5,24,19,34,0,77,0,0,0,77
05/13/2021,LFT,LA,ASW,CE,Combined TRACON& Tower with Radar,22,16,33,2,73,0,37,37,0,74,22,53,70,2,147,54,0,54,201
05/14/2021,LFT,LA,ASW,CE,Combined TRACON& Tower with Radar,21,15,27,0,63,0,26,41,0,67,21,41,68,0,130,26,0,26,156
05/15/2021,LFT,LA,ASW,CE,Combined TRACON& Tower with Radar,17,13,28,4,62,0,15,44,0,59,17,28,72,4,121,38,0,38,159
05/16/2021,LFT,LA,ASW,CE,Combined TRACON& Tower with Radar,18,13,33,1,65,0,22,27,0,49,18,35,60,1,114,16,0,16,130
05/17/2021,LFT,LA,ASW,CE,Combined TRACON& Tower with Radar,16,9,14,0,39,0,8,0,0,8,16,17,14,0,47,4,0,4,51
05/18/2021,LFT,LA,ASW,CE,Combined TRACON& Tower with Radar,17,14,31,0,62,0,6,10,0,16,17,20,41,0,78,4,0,4,82
05/19/2021,LFT,LA,ASW,CE,Combined TRACON& Tower with Radar,22,16,33,0,71,0,8,5,0,13,22,24,38,0,84,8,0,8,92
05/20/2021,LFT,LA,ASW,CE,Combined TRACON& Tower with Radar,22,12,27,0,61,0,18,5,0,23,22,30,32,0,84,12,0,12,96
05/21/2021,LFT,LA,ASW,CE,Combined TRACON& Tower with Radar,20,16,36,0,72,0,6,9,0,15,20,22,45,0,87,14,0,14,101
05/22/2021,LFT,LA,ASW,CE,Combined TRACON& Tower with Radar,19,16,15,0,50,0,9,26,0,35,19,25,41,0,85,18,0,18,103
05/23/2021,LFT,LA,ASW,CE,Combined TRACON& Tower with Radar,21,21,38,0,80,0,22,22,1,45,21,43,60,1,125,6,0,6,131
05/24/2021,LFT,LA,ASW,CE,Combined TRACON& Tower with Radar,21,17,40,0,78,0,33,27,0,60,21,50,67,0,138,29,0,29,167
05/25/2021,LFT,LA,ASW,CE,Combined TRACON& Tower with Radar,19,18,35,2,74,0,49,47,0,96,19,67,82,2,170,24,0,24,194
05/26/2021,LFT,LA,ASW,CE,Combined TRACON& Tower with Radar,22,16,39,5,82,0,18,28,2,48,22,34,67,7,130,14,0,14,144
05/27/2021,LFT,LA,ASW,CE,Combined TRACON& Tower with Radar,20,12,36,2,70,0,33,45,0,78,20,45,81,2,148,36,0,36,184
05/28/2021,LFT,LA,ASW,CE,Combined TRACON& Tower with Radar,22,21,17,0,60,0,24,17,0,41,22,45,34,0,101,14,0,14,115
05/29/2021,LFT,LA,ASW,CE,Combined TRACON& Tower with Radar,18,14,20,1,53,0,6,14,0,20,18,20,34,1,73,0,0,0,73
05/30/2021,LFT,LA,ASW,CE,Combined TRACON& Tower with Radar,17,16,22,1,56,0,9,37,0,46,17,25,59,1,102,0,0,0,102
05/31/2021,LFT,LA,ASW,CE,Combined TRACON& Tower with Radar,18,17,20,0,55,0,16,40,0,56,18,33,60,0,111,0,0,0,111
06/01/2021,LFT,LA,ASW,CE,Combined TRACON& Tower with Radar,20,20,24,8,72,0,38,16,0,54,20,58,40,8,126,34,0,34,160
06/02/2021,LFT,LA,ASW,CE,Combined TRACON& Tower with Radar,20,13,25,0,58,0,16,13,0,29,20,29,38,0,87,26,0,26,113
06/03/2021,LFT,LA,ASW,CE,Combined TRACON& Tower with Radar,19,18,31,0,68,0,31,6,0,37,19,49,37,0,105,34,0,34,139
06/04/2021,LFT,LA,ASW,CE,Combined TRACON& Tower with Radar,21,13,18,0,52,0,12,11,0,23,21,25,29,0,75,10,0,10,85
06/05/2021,LFT,LA,ASW,CE,Combined TRACON& Tower with Radar,14,18,14,0,46,0,10,0,0,10,14,28,14,0,56,1,0,1,57
06/06/2021,LFT,LA,ASW,CE,Combined TRACON& Tower with Radar,18,12,14,0,44,0,2,8,0,10,18,14,22,0,54,0,0,0,54
06/07/2021,LFT,LA,ASW,CE,Combined TRACON& Tower with Radar,17,16,37,7,77,0,34,14,1,49,17,50,51,8,126,0,0,0,126
06/08/2021,LFT,LA,ASW,CE,Combined TRACON& Tower with Radar,20,17,19,0,56,0,33,21,0,54,20,50,40,0,110,8,0,8,118
06/09/2021,LFT,LA,ASW,CE,Combined TRACON& Tower with Radar,21,16,27,1,65,0,42,33,0,75,21,58,60,1,140,46,0,46,186
06/10/2021,LFT,LA,ASW,CE,Combined TRACON& Tower with Radar,22,18,30,0,70,0,26,42,1,69,22,44,72,1,139,34,0,34,173
06/11/2021,LFT,LA,ASW,CE,Combined TRACON& Tower with Radar,20,17,31,22,90,0,23,34,1,58,20,40,65,23,148,16,2,18,166
06/12/2021,LFT,LA,ASW,CE,Combined TRACON& Tower with Radar,14,18,16,0,48,0,16,18,1,35,14,34,34,1,83,0,0,0,83
06/13/2021,LFT,LA,ASW,CE,Combined TRACON& Tower with Radar,17,20,23,0,60,0,14,22,0,36,17,34,45,0,96,6,0,6,102
06/14/2021,LFT,LA,ASW,CE,Combined TRACON& Tower with Radar,18,15,26,2,61,0,29,42,0,71,18,44,68,2,132,2,0,2,134
06/15/2021,LFT,LA,ASW,CE,Combined TRACON& Tower with Radar,19,13,28,0,60,0,30,30,0,60,19,43,58,0,120,28,0,28,148
06/16/2021,LFT,LA,ASW,CE,Combined TRACON& Tower with Radar,20,25,41,0,86,0,30,49,0,79,20,55,90,0,165,12,0,12,177
06/17/2021,LFT,LA,ASW,CE,Combined TRACON& Tower with Radar,19,18,38,15,90,0,27,36,1,64,19,45,74,16,154,6,0,6,160
06/18/2021,LFT,LA,ASW,CE,Combined TRACON& Tower with Radar,20,21,31,0,72,0,12,17,0,29,20,33,48,0,101,2,0,2,103
06/19/2021,LFT,LA,ASW,CE,Combined TRACON& Tower with Radar,14,19,13,0,46,0,11,10,0,21,14,30,23,0,67,0,0,0,67
06/20/2021,LFT,LA,ASW,CE,Combined TRACON& Tower with Radar,17,15,20,0,52,0,10,4,0,14,17,25,24,0,66,0,0,0,66
06/21/2021,LFT,LA,ASW,CE,Combined TRACON& Tower with Radar,15,13,39,0,67,0,9,9,1,19,15,22,48,1,86,54,0,54,140
06/22/2021,LFT,LA,ASW,CE,Combined TRACON& Tower with Radar,21,16,24,0,61,0,7,7,0,14,21,23,31,0,75,46,0,46,121
06/23/2021,LFT,LA,ASW,CE,Combined TRACON& Tower with Radar,21,18,32,0,71,0,38,12,0,50,21,56,44,0,121,14,0,14,135
06/24/2021,LFT,LA,ASW,CE,Combined TRACON& Tower with Radar,17,28,25,0,70,0,20,26,0,46,17,48,51,0,116,10,0,10,126
06/25/2021,LFT,LA,ASW,CE,Combined TRACON& Tower with Radar,24,16,31,0,71,0,31,17,1,49,24,47,48,1,120,28,0,28,148
06/26/2021,LFT,LA,ASW,CE,Combined TRACON& Tower with Radar,14,16,14,0,44,0,9,11,0,20,14,25,25,0,64,2,0,2,66
06/27/2021,LFT,LA,ASW,CE,Combined TRACON& Tower with Radar,17,13,46,0,76,0,10,19,0,29,17,23,65,0,105,12,0,12,117
06/28/2021,LFT,LA,ASW,CE,Combined TRACON& Tower with Radar,19,17,25,0,61,0,8,27,0,35,19,25,52,0,96,16,0,16,112
06/29/2021,LFT,LA,ASW,CE,Combined TRACON& Tower with Radar,20,25,36,0,81,0,33,37,0,70,20,58,73,0,151,22,0,22,173
06/30/2021,LFT,LA,ASW,CE,Combined TRACON& Tower with Radar,18,24,35,0,77,0,40,18,1,59,18,64,53,1,136,76,0,76,212
07/01/2021,LFT,LA,ASW,CE,Combined TRACON& Tower with Radar,17,17,34,1,69,0,38,37,0,75,17,55,71,1,144,58,0,58,202
07/02/2021,LFT,LA,ASW,CE,Combined TRACON& Tower with Radar,16,14,36,0,66,0,24,16,0,40,16,38,52,0,106,62,0,62,168
07/03/2021,LFT,LA,ASW,CE,Combined TRACON& Tower with Radar,12,20,23,0,55,0,3,5,0,8,12,23,28,0,63,0,0,0,63
07/04/2021,LFT,LA,ASW,CE,Combined TRACON& Tower with Radar,10,13,12,0,35,0,15,16,0,31,10,28,28,0,66,0,0,0,66
07/05/2021,LFT,LA,ASW,CE,Combined TRACON& Tower with Radar,16,23,27,0,66,0,7,22,0,29,16,30,49,0,95,12,0,12,107
07/06/2021,LFT,LA,ASW,CE,Combined TRACON& Tower with Radar,20,16,17,0,53,0,11,10,0,21,20,27,27,0,74,16,0,16,90
07/07/2021,LFT,LA,ASW,CE,Combined TRACON& Tower with Radar,20,18,29,23,90,0,18,23,18,59,20,36,52,41,149,28,11,39,188
07/08/2021,LFT,LA,ASW,CE,Combined TRACON& Tower with Radar,18,21,29,1,69,0,34,17,0,51,18,55,46,1,120,20,0,20,140
07/09/2021,LFT,LA,ASW,CE,Combined TRACON& Tower with Radar,13,19,39,0,71,0,19,29,0,48,13,38,68,0,119,22,0,22,141
07/10/2021,LFT,LA,ASW,CE,Combined TRACON& Tower with Radar,12,16,32,0,60,0,18,12,0,30,12,34,44,0,90,4,0,4,94
07/11/2021,LFT,LA,ASW,CE,Combined TRACON& Tower with Radar,13,20,24,0,57,0,13,14,0,27,13,33,38,0,84,34,0,34,118
07/12/2021,LFT,LA,ASW,CE,Combined TRACON& Tower with Radar,16,18,22,0,56,0,28,15,0,43,16,46,37,0,99,6,0,6,105
07/13/2021,LFT,LA,ASW,CE,Combined TRACON& Tower with Radar,17,21,54,2,94,0,43,31,0,74,17,64,85,2,168,24,0,24,192
07/14/2021,LFT,LA,ASW,CE,Combined TRACON& Tower with Radar,15,23,28,0,66,0,37,44,0,81,15,60,72,0,147,14,0,14,161
07/15/2021,LFT,LA,ASW,CE,Combined TRACON& Tower with Radar,17,16,30,0,63,0,28,25,0,53,17,44,55,0,116,34,0,34,150
07/16/2021,LFT,LA,ASW,CE,Combined TRACON& Tower with Radar,17,16,18,4,55,0,20,22,0,42,17,36,40,4,97,102,0,102,199
07/17/2021,LFT,LA,ASW,CE,Combined TRACON& Tower with Radar,14,19,23,0,56,0,14,17,0,31,14,33,40,0,87,22,0,22,109
07/18/2021,LFT,LA,ASW,CE,Combined TRACON& Tower with Radar,15,22,27,2,66,0,16,17,1,34,15,38,44,3,100,12,0,12,112
07/19/2021,LFT,LA,ASW,CE,Combined TRACON& Tower with Radar,18,18,14,0,50,0,25,10,0,35,18,43,24,0,85,66,0,66,151
07/20/2021,LFT,LA,ASW,CE,Combined TRACON& Tower with Radar,19,19,21,0,59,0,18,7,0,25,19,37,28,0,84,40,0,40,124
07/21/2021,LFT,LA,ASW,CE,Combined TRACON& Tower with Radar,21,19,25,0,65,0,29,24,0,53,21,48,49,0,118,122,0,122,240
07/22/2021,LFT,LA,ASW,CE,Combined TRACON& Tower with Radar,18,17,36,0,71,0,40,24,1,65,18,57,60,1,136,72,0,72,208
07/23/2021,LFT,LA,ASW,CE,Combined TRACON& Tower with Radar,17,20,19,0,56,0,22,27,0,49,17,42,46,0,105,68,0,68,173
07/24/2021,LFT,LA,ASW,CE,Combined TRACON& Tower with Radar,11,16,16,2,45,0,18,29,0,47,11,34,45,2,92,38,0,38,130
07/25/2021,LFT,LA,ASW,CE,Combined TRACON& Tower with Radar,15,16,20,4,55,0,17,29,0,46,15,33,49,4,101,18,0,18,119
07/26/2021,LFT,LA,ASW,CE,Combined TRACON& Tower with Radar,16,15,25,2,58,0,22,29,0,51,16,37,54,2,109,50,0,50,159
07/27/2021,LFT,LA,ASW,CE,Combined TRACON& Tower with Radar,17,19,37,1,74,0,36,35,1,72,17,55,72,2,146,10,0,10,156
07/28/2021,LFT,LA,ASW,CE,Combined TRACON& Tower with Radar,16,17,26,0,59,0,36,31,0,67,16,53,57,0,126,34,0,34,160
07/29/2021,LFT,LA,ASW,CE,Combined TRACON& Tower with Radar,18,15,35,6,74,0,31,12,0,43,18,46,47,6,117,28,0,28,145
07/30/2021,LFT,LA,ASW,CE,Combined TRACON& Tower with Radar,17,19,30,0,66,0,39,40,0,79,17,58,70,0,145,84,0,84,229
07/31/2021,LFT,LA,ASW,CE,Combined TRACON& Tower with Radar,12,17,13,0,42,0,14,23,0,37,12,31,36,0,79,16,0,16,95
08/01/2021,LFT,LA,ASW,CE,Combined TRACON& Tower with Radar,15,21,17,0,53,0,14,18,0,32,15,35,35,0,85,14,0,14,99
08/02/2021,LFT,LA,ASW,CE,Combined TRACON& Tower with Radar,14,20,9,0,43,0,16,11,0,27,14,36,20,0,70,0,0,0,70
08/03/2021,LFT,LA,ASW,CE,Combined TRACON& Tower with Radar,13,20,12,0,45,0,15,11,0,26,13,35,23,0,71,14,0,14,85
08/04/2021,LFT,LA,ASW,CE,Combined TRACON& Tower with Radar,13,20,24,1,58,0,25,41,1,67,13,45,65,2,125,86,0,86,211
08/05/2021,LFT,LA,ASW,CE,Combined TRACON& Tower with Radar,17,16,25,0,58,0,28,33,0,61,17,44,58,0,119,10,0,10,129
08/06/2021,LFT,LA,ASW,CE,Combined TRACON& Tower with Radar,16,16,16,0,48,0,15,24,0,39,16,31,40,0,87,74,0,74,161
08/07/2021,LFT,LA,ASW,CE,Combined TRACON& Tower with Radar,14,16,20,2,52,0,19,43,0,62,14,35,63,2,114,50,0,50,164
08/08/2021,LFT,LA,ASW,CE,Combined TRACON& Tower with Radar,14,17,31,1,63,0,22,20,0,42,14,39,51,1,105,30,0,30,135
08/09/2021,LFT,LA,ASW,CE,Combined TRACON& Tower with Radar,16,16,25,2,59,0,32,30,0,62,16,48,55,2,121,52,0,52,173
08/10/2021,LFT,LA,ASW,CE,Combined TRACON& Tower with Radar,15,18,26,2,61,0,32,28,2,62,15,50,54,4,123,60,0,60,183
08/11/2021,LFT,LA,ASW,CE,Combined TRACON& Tower with Radar,18,16,15,0,49,0,24,29,0,53,18,40,44,0,102,0,0,0,102
08/12/2021,LFT,LA,ASW,CE,Combined TRACON& Tower with Radar,19,13,26,0,58,0,25,16,0,41,19,38,42,0,99,54,0,54,153
08/13/2021,LFT,LA,ASW,CE,Combined TRACON& Tower with Radar,17,16,21,2,56,0,26,22,0,48,17,42,43,2,104,22,0,22,126
08/14/2021,LFT,LA,ASW,CE,Combined TRACON& Tower with Radar,11,14,19,0,44,0,19,31,0,50,11,33,50,0,94,50,0,50,144
08/15/2021,LFT,LA,ASW,CE,Combined TRACON& Tower with Radar,13,15,17,0,45,0,16,14,0,30,13,31,31,0,75,20,0,20,95
08/16/2021,LFT,LA,ASW,CE,Combined TRACON& Tower with Radar,17,21,22,0,60,0,23,11,0,34,17,44,33,0,94,4,0,4,98
08/17/2021,LFT,LA,ASW,CE,Combined TRACON& Tower with Radar,14,16,21,0,51,0,24,20,0,44,14,40,41,0,95,18,0,18,113
08/18/2021,LFT,LA,ASW,CE,Combined TRACON& Tower with Radar,18,13,26,0,57,0,28,23,0,51,18,41,49,0,108,44,0,44,152
08/19/2021,LFT,LA,ASW,CE,Combined TRACON& Tower with Radar,18,16,26,6,66,0,32,21,0,53,18,48,47,6,119,8,0,8,127
08/20/2021,LFT,LA,ASW,CE,Combined TRACON& Tower with Radar,18,20,15,2,55,0,33,31,1,65,18,53,46,3,120,38,0,38,158
08/21/2021,LFT,LA,ASW,CE,Combined TRACON& Tower with Radar,17,12,21,0,50,0,13,34,0,47,17,25,55,0,97,38,0,38,135
08/22/2021,LFT,LA,ASW,CE,Combined TRACON& Tower with Radar,15,15,24,0,54,0,18,26,0,44,15,33,50,0,98,36,0,36,134
08/23/2021,LFT,LA,ASW,CE,Combined TRACON& Tower with Radar,16,16,18,2,52,0,20,37,0,57,16,36,55,2,109,20,0,20,129
08/24/2021,LFT,LA,ASW,CE,Combined TRACON& Tower with Radar,16,12,29,0,57,0,30,18,0,48,16,42,47,0,105,20,0,20,125
08/25/2021,LFT,LA,ASW,CE,Combined TRACON& Tower with Radar,15,21,29,2,67,0,24,39,0,63,15,45,68,2,130,52,0,52,182
08/26/2021,LFT,LA,ASW,CE,Combined TRACON& Tower with Radar,18,16,27,0,61,0,17,15,0,32,18,33,42,0,93,10,0,10,103
08/27/2021,LFT,LA,ASW,CE,Combined TRACON& Tower with Radar,18,19,39,0,76,0,24,32,0,56,18,43,71,0,132,70,0,70,202
08/28/2021,LFT,LA,ASW,CE,Combined TRACON& Tower with Radar,16,13,27,1,57,0,25,11,2,38,16,38,38,3,95,4,0,4,99
08/29/2021,LFT,LA,ASW,CE,Combined TRACON& Tower with Radar,16,13,27,1,57,0,25,11,2,38,16,38,38,3,95,4,0,4,99
08/30/2021,LFT,LA,ASW,CE,Combined TRACON& Tower with Radar,11,10,31,0,52,0,51,35,0,86,11,61,66,0,138,0,0,0,138
08/31/2021,LFT,LA,ASW,CE,Combined TRACON& Tower with Radar,19,24,25,2,70,0,83,55,3,141,19,107,80,5,211,8,0,8,219
09/01/2021,LFT,LA,ASW,CE,Combined TRACON& Tower with Radar,21,25,20,1,67,0,68,31,5,104,21,93,51,6,171,0,0,0,171
09/02/2021,LFT,LA,ASW,CE,Combined TRACON& Tower with Radar,17,25,34,0,76,0,81,47,4,132,17,106,81,4,208,28,0,28,236
09/03/2021,LFT,LA,ASW,CE,Combined TRACON& Tower with Radar,19,31,33,0,83,0,78,45,0,123,19,109,78,0,206,18,0,18,224
09/04/2021,LFT,LA,ASW,CE,Combined TRACON& Tower with Radar,15,17,25,0,57,0,64,33,1,98,15,81,58,1,155,24,0,24,179
09/05/2021,LFT,LA,ASW,CE,Combined TRACON& Tower with Radar,15,22,21,0,58,0,58,17,0,75,15,80,38,0,133,0,0,0,133
09/06/2021,LFT,LA,ASW,CE,Combined TRACON& Tower with Radar,13,33,28,0,74,0,15,13,0,28,13,48,41,0,102,0,0,0,102
09/07/2021,LFT,LA,ASW,CE,Combined TRACON& Tower with Radar,16,28,20,0,64,0,52,14,1,67,16,80,34,1,131,0,2,2,133
09/08/2021,LFT,LA,ASW,CE,Combined TRACON& Tower with Radar,19,42,34,0,95,0,40,25,0,65,19,82,59,0,160,18,0,18,178
09/09/2021,LFT,LA,ASW,CE,Combined TRACON& Tower with Radar,19,37,42,0,98,0,53,49,1,103,19,90,91,1,201,24,0,24,225
09/10/2021,LFT,LA,ASW,CE,Combined TRACON& Tower with Radar,16,31,22,0,69,0,62,38,0,100,16,93,60,0,169,28,0,28,197
09/11/2021,LFT,LA,ASW,CE,Combined TRACON& Tower with Radar,16,18,20,0,54,0,29,53,0,82,16,47,73,0,136,68,0,68,204
09/12/2021,LFT,LA,ASW,CE,Combined TRACON& Tower with Radar,16,22,21,0,59,0,31,14,0,45,16,53,35,0,104,40,0,40,144
09/13/2021,LFT,LA,ASW,CE,Combined TRACON& Tower with Radar,20,21,8,0,49,0,28,5,0,33,20,49,13,0,82,0,0,0,82
09/14/2021,LFT,LA,ASW,CE,Combined TRACON& Tower with Radar,18,23,4,0,45,0,1,0,0,1,18,24,4,0,46,0,0,0,46
09/15/2021,LFT,LA,ASW,CE,Combined TRACON& Tower with Radar,20,48,14,1,83,0,36,3,0,39,20,84,17,1,122,0,0,0,122
09/16/2021,LFT,LA,ASW,CE,Combined TRACON& Tower with Radar,22,54,27,0,103,0,40,7,0,47,22,94,34,0,150,6,0,6,156
09/17/2021,LFT,LA,ASW,CE,Combined TRACON& Tower with Radar,21,27,26,0,74,0,51,11,0,62,21,78,37,0,136,0,0,0,136
09/18/2021,LFT,LA,ASW,CE,Combined TRACON& Tower with Radar,17,30,14,0,61,0,19,9,0,28,17,49,23,0,89,4,0,4,93
09/19/2021,LFT,LA,ASW,CE,Combined TRACON& Tower with Radar,17,29,25,0,71,0,18,12,0,30,17,47,37,0,101,0,0,0,101
09/20/2021,LFT,LA,ASW,CE,Combined TRACON& Tower with Radar,18,31,22,0,71,0,56,27,0,83,18,87,49,0,154,30,0,30,184
09/21/2021,LFT,LA,ASW,CE,Combined TRACON& Tower with Radar,20,31,38,9,98,0,62,24,0,86,20,93,62,9,184,12,0,12,196
09/22/2021,LFT,LA,ASW,CE,Combined TRACON& Tower with Radar,18,42,15,0,75,0,46,22,0,68,18,88,37,0,143,0,0,0,143
09/23/2021,LFT,LA,ASW,CE,Combined TRACON& Tower with Radar,20,43,24,2,89,0,63,53,0,116,20,106,77,2,205,32,0,32,237
09/24/2021,LFT,LA,ASW,CE,Combined TRACON& Tower with Radar,22,34,33,9,98,0,60,62,0,122,22,94,95,9,220,48,0,48,268
09/25/2021,LFT,LA,ASW,CE,Combined TRACON& Tower with Radar,18,18,24,0,60,0,37,58,0,95,18,55,82,0,155,40,0,40,195
09/26/2021,LFT,LA,ASW,CE,Combined TRACON& Tower with Radar,17,25,32,0,74,0,22,28,0,50,17,47,60,0,124,28,0,28,152
09/27/2021,LFT,LA,ASW,CE,Combined TRACON& Tower with Radar,19,39,20,0,78,0,24,18,1,43,19,63,38,1,121,4,0,4,125
09/28/2021,LFT,LA,ASW,CE,Combined TRACON& Tower with Radar,18,29,11,0,58,0,6,6,0,12,18,35,17,0,70,10,0,10,80
09/29/2021,LFT,LA,ASW,CE,Combined TRACON& Tower with Radar,22,34,24,0,80,0,9,9,0,18,22,43,33,0,98,8,0,8,106
09/30/2021,LFT,LA,ASW,CE,Combined TRACON& Tower with Radar,20,45,30,0,95,0,45,2,0,47,20,90,32,0,142,16,0,16,158
10/01/2021,LFT,LA,ASW,CE,Combined TRACON& Tower with Radar,21,32,41,0,94,0,12,5,0,17,21,44,46,0,111,0,0,0,111
10/02/2021,LFT,LA,ASW,CE,Combined TRACON& Tower with Radar,18,19,14,2,53,0,6,6,0,12,18,25,20,2,65,0,0,0,65
10/03/2021,LFT,LA,ASW,CE,Combined TRACON& Tower with Radar,17,29,24,0,70,0,20,8,0,28,17,49,32,0,98,0,0,0,98
10/04/2021,LFT,LA,ASW,CE,Combined TRACON& Tower with Radar,20,32,26,1,79,0,39,30,0,69,20,71,56,1,148,0,0,0,148
10/05/2021,LFT,LA,ASW,CE,Combined TRACON& Tower with Radar,18,33,27,4,82,0,44,41,0,85,18,77,68,4,167,20,0,20,187
10/06/2021,LFT,LA,ASW,CE,Combined TRACON& Tower with Radar,21,41,29,2,93,0,59,29,0,88,21,100,58,2,181,0,0,0,181
10/07/2021,LFT,LA,ASW,CE,Combined TRACON& Tower with Radar,18,40,38,4,100,0,41,44,0,85,18,81,82,4,185,47,0,47,232
10/08/2021,LFT,LA,ASW,CE,Combined TRACON& Tower with Radar,18,35,20,0,73,0,58,45,1,104,18,93,65,1,177,8,0,8,185
10/09/2021,LFT,LA,ASW,CE,Combined TRACON& Tower with Radar,14,18,22,1,55,0,29,34,0,63,14,47,56,1,118,32,0,32,150
10/10/2021,LFT,LA,ASW,CE,Combined TRACON& Tower with Radar,15,31,34,8,88,0,25,34,0,59,15,56,68,8,147,8,0,8,155
10/11/2021,LFT,LA,ASW,CE,Combined TRACON& Tower with Radar,13,43,26,0,82,0,22,24,1,47,13,65,50,1,129,0,0,0,129
10/12/2021,LFT,LA,ASW,CE,Combined TRACON& Tower with Radar,13,42,24,2,81,0,41,13,0,54,13,83,37,2,135,19,0,19,154
10/13/2021,LFT,LA,ASW,CE,Combined TRACON& Tower with Radar,14,51,30,0,95,0,62,19,0,81,14,113,49,0,176,14,0,14,190
10/14/2021,LFT,LA,ASW,CE,Combined TRACON& Tower with Radar,14,61,26,4,105,0,57,26,0,83,14,118,52,4,188,26,2,28,216
10/15/2021,LFT,LA,ASW,CE,Combined TRACON& Tower with Radar,19,33,40,11,103,0,42,29,3,74,19,75,69,14,177,12,8,20,197
10/16/2021,LFT,LA,ASW,CE,Combined TRACON& Tower with Radar,11,18,14,6,49,0,22,14,1,37,11,40,28,7,86,6,0,6,92
10/17/2021,LFT,LA,ASW,CE,Combined TRACON& Tower with Radar,14,33,28,10,85,0,21,14,0,35,14,54,42,10,120,6,0,6,126
10/18/2021,LFT,LA,ASW,CE,Combined TRACON& Tower with Radar,11,37,29,1,78,0,42,24,2,68,11,79,53,3,146,27,0,27,173
10/19/2021,LFT,LA,ASW,CE,Combined TRACON& Tower with Radar,12,35,31,0,78,0,50,33,1,84,12,85,64,1,162,43,0,43,205
10/20/2021,LFT,LA,ASW,CE,Combined TRACON& Tower with Radar,14,47,21,0,82,0,19,10,2,31,14,66,31,2,113,6,0,6,119
10/21/2021,LFT,LA,ASW,CE,Combined TRACON& Tower with Radar,16,44,29,0,89,0,32,9,0,41,16,76,38,0,130,20,0,20,150
10/22/2021,LFT,LA,ASW,CE,Combined TRACON& Tower with Radar,14,49,33,2,98,0,32,50,0,82,14,81,83,2,180,38,0,38,218
10/23/2021,LFT,LA,ASW,CE,Combined TRACON& Tower with Radar,9,34,25,0,68,0,20,22,0,42,9,54,47,0,110,12,0,12,122
10/24/2021,LFT,LA,ASW,CE,Combined TRACON& Tower with Radar,12,29,20,0,61,0,39,9,0,48,12,68,29,0,109,29,0,29,138
10/25/2021,LFT,LA,ASW,CE,Combined TRACON& Tower with Radar,14,36,39,0,89,0,42,26,0,68,14,78,65,0,157,17,0,17,174
10/26/2021,LFT,LA,ASW,CE,Combined TRACON& Tower with Radar,12,36,37,2,87,0,48,29,0,77,12,84,66,2,164,0,0,0,164
10/27/2021,LFT,LA,ASW,CE,Combined TRACON& Tower with Radar,13,38,18,0,69,0,6,0,0,6,13,44,18,0,75,0,0,0,75
10/28/2021,LFT,LA,ASW,CE,Combined TRACON& Tower with Radar,20,33,27,0,80,0,43,11,1,55,20,76,38,1,135,18,0,18,153
10/29/2021,LFT,LA,ASW,CE,Combined TRACON& Tower with Radar,14,24,28,2,68,0,32,12,0,44,14,56,40,2,112,0,0,0,112
10/30/2021,LFT,LA,ASW,CE,Combined TRACON& Tower with Radar,12,24,31,0,67,0,33,45,1,79,12,57,76,1,146,16,0,16,162
10/31/2021,LFT,LA,ASW,CE,Combined TRACON& Tower with Radar,10,20,21,2,53,0,16,34,0,50,10,36,55,2,103,29,0,29,132
11/01/2021,LFT,LA,ASW,CE,Combined TRACON& Tower with Radar,12,24,30,4,70,0,28,38,0,66,12,52,68,4,136,20,0,20,156
11/02/2021,LFT,LA,ASW,CE,Combined TRACON& Tower with Radar,8,38,32,0,78,0,46,36,0,82,8,84,68,0,160,14,0,14,174
11/03/2021,LFT,LA,ASW,CE,Combined TRACON& Tower with Radar,10,38,23,8,79,0,36,24,0,60,10,74,47,8,139,76,0,76,215
11/04/2021,LFT,LA,ASW,CE,Combined TRACON& Tower with Radar,11,50,42,1,104,0,12,3,1,16,11,62,45,2,120,6,0,6,126
11/05/2021,LFT,LA,ASW,CE,Combined TRACON& Tower with Radar,8,43,59,6,116,0,12,23,1,36,8,55,82,7,152,0,0,0,152
11/06/2021,LFT,LA,ASW,CE,Combined TRACON& Tower with Radar,13,17,14,0,44,0,12,10,0,22,13,29,24,0,66,16,0,16,82
11/07/2021,LFT,LA,ASW,CE,Combined TRACON& Tower with Radar,13,21,37,0,71,0,16,25,0,41,13,37,62,0,112,6,0,6,118
11/08/2021,LFT,LA,ASW,CE,Combined TRACON& Tower with Radar,14,26,29,0,69,0,32,42,0,74,14,58,71,0,143,0,0,0,143
11/09/2021,LFT,LA,ASW,CE,Combined TRACON& Tower with Radar,12,24,31,2,69,0,47,31,0,78,12,71,62,2,147,14,0,14,161
11/10/2021,LFT,LA,ASW,CE,Combined TRACON& Tower with Radar,14,27,39,0,80,0,26,23,0,49,14,53,62,0,129,18,0,18,147
11/11/2021,LFT,LA,ASW,CE,Combined TRACON& Tower with Radar,14,46,28,0,88,0,17,29,0,46,14,63,57,0,134,8,0,8,142
11/12/2021,LFT,LA,ASW,CE,Combined TRACON& Tower with Radar,17,22,30,26,95,0,21,27,0,48,17,43,57,26,143,0,6,6,149
11/13/2021,LFT,LA,ASW,CE,Combined TRACON& Tower with Radar,12,15,10,0,37,0,11,40,0,51,12,26,50,0,88,20,0,20,108
11/14/2021,LFT,LA,ASW,CE,Combined TRACON& Tower with Radar,13,20,27,6,66,0,14,30,2,46,13,34,57,8,112,14,0,14,126
11/15/2021,LFT,LA,ASW,CE,Combined TRACON& Tower with Radar,14,19,24,0,57,0,27,26,0,53,14,46,50,0,110,5,0,5,115
11/16/2021,LFT,LA,ASW,CE,Combined TRACON& Tower with Radar,12,20,46,1,79,0,24,27,0,51,12,44,73,1,130,10,0,10,140
11/17/2021,LFT,LA,ASW,CE,Combined TRACON& Tower with Radar,12,22,35,14,83,0,25,40,2,67,12,47,75,16,150,30,0,30,180
11/18/2021,LFT,LA,ASW,CE,Combined TRACON& Tower with Radar,15,17,39,0,71,0,23,13,0,36,15,40,52,0,107,21,0,21,128
11/19/2021,LFT,LA,ASW,CE,Combined TRACON& Tower with Radar,17,18,35,4,74,0,17,29,0,46,17,35,64,4,120,15,0,15,135
11/20/2021,LFT,LA,ASW,CE,Combined TRACON& Tower with Radar,11,12,29,0,52,0,8,42,0,50,11,20,71,0,102,18,0,18,120
11/21/2021,LFT,LA,ASW,CE,Combined TRACON& Tower with Radar,11,15,31,0,57,0,12,9,0,21,11,27,40,0,78,8,0,8,86
11/22/2021,LFT,LA,ASW,CE,Combined TRACON& Tower with Radar,11,23,32,3,69,0,22,17,1,40,11,45,49,4,109,0,0,0,109
11/23/2021,LFT,LA,ASW,CE,Combined TRACON& Tower with Radar,13,17,34,0,64,0,42,47,0,89,13,59,81,0,153,8,0,8,161
11/24/2021,LFT,LA,ASW,CE,Combined TRACON& Tower with Radar,17,15,35,0,67,0,30,26,0,56,17,45,61,0,123,32,0,32,155
11/25/2021,LFT,LA,ASW,CE,Combined TRACON& Tower with Radar,7,12,6,0,25,0,8,3,0,11,7,20,9,0,36,0,0,0,36
11/26/2021,LFT,LA,ASW,CE,Combined TRACON& Tower with Radar,15,16,24,3,58,0,17,23,0,40,15,33,47,3,98,8,0,8,106
11/27/2021,LFT,LA,ASW,CE,Combined TRACON& Tower with Radar,14,18,16,0,48,0,5,17,0,22,14,23,33,0,70,0,0,0,70
11/28/2021,LFT,LA,ASW,CE,Combined TRACON& Tower with Radar,12,13,35,0,60,0,15,28,0,43,12,28,63,0,103,27,0,27,130
11/29/2021,LFT,LA,ASW,CE,Combined TRACON& Tower with Radar,14,20,37,0,71,0,25,39,0,64,14,45,76,0,135,18,0,18,153
11/30/2021,LFT,LA,ASW,CE,Combined TRACON& Tower with Radar,11,22,30,2,65,0,43,45,0,88,11,65,75,2,153,35,0,35,188
12/01/2021,LFT,LA,ASW,CE,Combined TRACON& Tower with Radar,13,20,23,0,56,0,30,26,0,56,13,50,49,0,112,0,0,0,112
12/02/2021,LFT,LA,ASW,CE,Combined TRACON& Tower with Radar,16,12,44,0,72,0,20,27,0,47,16,32,71,0,119,48,0,48,167
12/03/2021,LFT,LA,ASW,CE,Combined TRACON& Tower with Radar,15,12,41,0,68,0,36,26,0,62,15,48,67,0,130,18,0,18,148
12/04/2021,LFT,LA,ASW,CE,Combined TRACON& Tower with Radar,15,7,26,0,48,0,5,30,0,35,15,12,56,0,83,10,0,10,93
12/05/2021,LFT,LA,ASW,CE,Combined TRACON& Tower with Radar,13,12,47,3,75,0,14,11,1,26,13,26,58,4,101,46,0,46,147
12/06/2021,LFT,LA,ASW,CE,Combined TRACON& Tower with Radar,14,10,29,0,53,0,11,5,0,16,14,21,34,0,69,14,0,14,83
12/07/2021,LFT,LA,ASW,CE,Combined TRACON& Tower with Radar,10,13,37,0,60,0,0,0,0,0,10,13,37,0,60,0,0,0,60
12/08/2021,LFT,LA,ASW,CE,Combined TRACON& Tower with Radar,12,19,38,0,69,0,30,12,0,42,12,49,50,0,111,4,0,4,115
12/09/2021,LFT,LA,ASW,CE,Combined TRACON& Tower with Radar,14,27,47,0,88,0,1,2,0,3,14,28,49,0,91,0,0,0,91
12/10/2021,LFT,LA,ASW,CE,Combined TRACON& Tower with Radar,16,22,40,0,78,0,9,2,0,11,16,31,42,0,89,0,0,0,89
12/11/2021,LFT,LA,ASW,CE,Combined TRACON& Tower with Radar,13,11,17,0,41,0,9,0,2,11,13,20,17,2,52,0,0,0,52
12/12/2021,LFT,LA,ASW,CE,Combined TRACON& Tower with Radar,13,16,37,0,66,0,17,43,0,60,13,33,80,0,126,6,0,6,132
12/13/2021,LFT,LA,ASW,CE,Combined TRACON& Tower with Radar,15,11,34,0,60,0,28,14,0,42,15,39,48,0,102,2,0,2,104
12/14/2021,LFT,LA,ASW,CE,Combined TRACON& Tower with Radar,12,15,27,2,56,0,14,13,0,27,12,29,40,2,83,20,0,20,103
12/15/2021,LFT,LA,ASW,CE,Combined TRACON& Tower with Radar,12,15,28,0,55,0,25,17,0,42,12,40,45,0,97,11,0,11,108
12/16/2021,LFT,LA,ASW,CE,Combined TRACON& Tower with Radar,13,19,43,0,75,0,41,17,0,58,13,60,60,0,133,42,0,42,175
12/17/2021,LFT,LA,ASW,CE,Combined TRACON& Tower with Radar,15,14,35,2,66,0,16,11,0,27,15,30,46,2,93,18,0,18,111
12/18/2021,LFT,LA,ASW,CE,Combined TRACON& Tower with Radar,12,8,16,0,36,0,2,4,0,6,12,10,20,0,42,0,0,0,42
12/19/2021,LFT,LA,ASW,CE,Combined TRACON& Tower with Radar,15,17,33,2,67,0,16,3,0,19,15,33,36,2,86,18,0,18,104
12/20/2021,LFT,LA,ASW,CE,Combined TRACON& Tower with Radar,13,18,18,1,50,0,5,10,0,15,13,23,28,1,65,5,0,5,70
12/21/2021,LFT,LA,ASW,CE,Combined TRACON& Tower with Radar,17,14,24,11,66,0,29,25,0,54,17,43,49,11,120,20,20,40,160
12/22/2021,LFT,LA,ASW,CE,Combined TRACON& Tower with Radar,15,12,27,0,54,0,34,45,0,79,15,46,72,0,133,4,0,4,137
12/23/2021,LFT,LA,ASW,CE,Combined TRACON& Tower with Radar,18,15,18,0,51,0,16,26,0,42,18,31,44,0,93,8,0,8,101
12/24/2021,LFT,LA,ASW,CE,Combined TRACON& Tower with Radar,13,8,11,0,32,0,13,9,0,22,13,21,20,0,54,0,0,0,54
12/25/2021,LFT,LA,ASW,CE,Combined TRACON& Tower with Radar,9,10,5,0,24,0,5,9,0,14,9,15,14,0,38,0,0,0,38
12/26/2021,LFT,LA,ASW,CE,Combined TRACON& Tower with Radar,12,12,29,0,53,0,11,17,0,28,12,23,46,0,81,38,0,38,119
12/27/2021,LFT,LA,ASW,CE,Combined TRACON& Tower with Radar,14,15,37,2,68,0,2,18,0,20,14,17,55,2,88,0,0,0,88
12/28/2021,LFT,LA,ASW,CE,Combined TRACON& Tower with Radar,14,14,34,0,62,0,6,2,0,8,14,20,36,0,70,0,0,0,70
12/29/2021,LFT,LA,ASW,CE,Combined TRACON& Tower with Radar,17,14,30,0,61,0,5,1,0,6,17,19,31,0,67,15,0,15,82
12/30/2021,LFT,LA,ASW,CE,Combined TRACON& Tower with Radar,15,15,25,3,58,0,8,18,0,26,15,23,43,3,84,38,0,38,122
12/31/2021,LFT,LA,ASW,CE,Combined TRACON& Tower with Radar,14,8,30,0,52,0,13,7,0,20,14,21,37,0,72,6,0,6,78
01/01/2022,LFT,LA,ASW,CE,Combined TRACON& Tower with Radar,9,12,6,0,27,0,2,2,0,4,9,14,8,0,31,0,0,0,31
01/02/2022,LFT,LA,ASW,CE,Combined TRACON& Tower with Radar,12,11,19,0,42,0,2,1,0,3,12,13,20,0,45,0,0,0,45
01/03/2022,LFT,LA,ASW,CE,Combined TRACON& Tower with Radar,13,12,26,0,51,0,24,19,0,43,13,36,45,0,94,0,0,0,94
01/04/2022,LFT,LA,ASW,CE,Combined TRACON& Tower with Radar,9,11,15,0,35,0,24,37,0,61,9,35,52,0,96,8,0,8,104
01/05/2022,LFT,LA,ASW,CE,Combined TRACON& Tower with Radar,8,15,30,0,53,0,19,20,2,41,8,34,50,2,94,0,0,0,94
01/06/2022,LFT,LA,ASW,CE,Combined TRACON& Tower with Radar,12,17,24,0,53,0,30,9,2,41,12,47,33,2,94,9,0,9,103
01/07/2022,LFT,LA,ASW,CE,Combined TRACON& Tower with Radar,14,16,19,0,49,0,29,28,0,57,14,45,47,0,106,50,0,50,156
01/08/2022,LFT,LA,ASW,CE,Combined TRACON& Tower with Radar,9,15,16,0,40,0,7,4,0,11,9,22,20,0,51,0,0,0,51
01/09/2022,LFT,LA,ASW,CE,Combined TRACON& Tower with Radar,7,17,20,0,44,0,11,7,0,18,7,28,27,0,62,0,0,0,62
01/10/2022,LFT,LA,ASW,CE,Combined TRACON& Tower with Radar,10,23,12,1,46,0,14,12,1,27,10,37,24,2,73,9,0,9,82
01/11/2022,LFT,LA,ASW,CE,Combined TRACON& Tower with Radar,11,16,20,0,47,0,30,19,3,52,11,46,39,3,99,1,1,2,101
01/12/2022,LFT,LA,ASW,CE,Combined TRACON& Tower with Radar,10,17,36,0,63,0,15,57,1,73,10,32,93,1,136,6,0,6,142
01/13/2022,LFT,LA,ASW,CE,Combined TRACON& Tower with Radar,8,15,26,4,53,2,15,29,2,48,10,30,55,6,101,4,0,4,105
01/14/2022,LFT,LA,ASW,CE,Combined TRACON& Tower with Radar,11,20,28,0,59,0,13,34,0,47,11,33,62,0,106,46,0,46,152
01/15/2022,LFT,LA,ASW,CE,Combined TRACON& Tower with Radar,11,15,11,0,37,0,5,4,0,9,11,20,15,0,46,0,0,0,46
01/16/2022,LFT,LA,ASW,CE,Combined TRACON& Tower with Radar,4,13,21,0,38,0,6,9,0,15,4,19,30,0,53,0,1,1,54
01/17/2022,LFT,LA,ASW,CE,Combined TRACON& Tower with Radar,10,21,32,6,69,0,20,62,1,83,10,41,94,7,152,28,0,28,180
01/18/2022,LFT,LA,ASW,CE,Combined TRACON& Tower with Radar,11,14,29,7,61,0,20,41,0,61,11,34,70,7,122,44,0,44,166
01/19/2022,LFT,LA,ASW,CE,Combined TRACON& Tower with Radar,10,17,41,0,68,0,22,12,0,34,10,39,53,0,102,0,0,0,102
01/20/2022,LFT,LA,ASW,CE,Combined TRACON& Tower with Radar,10,18,15,2,45,0,0,0,0,0,10,18,15,2,45,0,0,0,45
01/21/2022,LFT,LA,ASW,CE,Combined TRACON& Tower with Radar,10,16,26,8,60,0,4,29,3,36,10,20,55,11,96,8,10,18,114
01/22/2022,LFT,LA,ASW,CE,Combined TRACON& Tower with Radar,9,21,15,0,45,0,22,57,0,79,9,43,72,0,124,2,0,2,126
01/23/2022,LFT,LA,ASW,CE,Combined TRACON& Tower with Radar,7,19,27,0,53,0,11,27,0,38,7,30,54,0,91,20,0,20,111
01/24/2022,LFT,LA,ASW,CE,Combined TRACON& Tower with Radar,9,16,20,4,49,0,5,6,0,11,9,21,26,4,60,4,0,4,64
01/25/2022,LFT,LA,ASW,CE,Combined TRACON& Tower with Radar,13,16,19,0,48,0,5,3,0,8,13,21,22,0,56,16,0,16,72
01/26/2022,LFT,LA,ASW,CE,Combined TRACON& Tower with Radar,9,15,34,4,62,0,10,32,0,42,9,25,66,4,104,0,0,0,104
01/27/2022,LFT,LA,ASW,CE,Combined TRACON& Tower with Radar,9,21,33,2,65,0,12,34,0,46,9,33,67,2,111,8,0,8,119
01/28/2022,LFT,LA,ASW,CE,Combined TRACON& Tower with Radar,10,18,28,0,56,0,7,13,2,22,10,25,41,2,78,0,0,0,78
01/29/2022,LFT,LA,ASW,CE,Combined TRACON& Tower with Radar,9,15,24,0,48,0,12,27,0,39,9,27,51,0,87,14,0,14,101
01/30/2022,LFT,LA,ASW,CE,Combined TRACON& Tower with Radar,7,17,21,0,45,0,12,36,0,48,7,29,57,0,93,31,0,31,124
01/31/2022,LFT,LA,ASW,CE,Combined TRACON& Tower with Radar,8,22,15,0,45,0,37,25,0,62,8,59,40,0,107,44,0,44,151
02/01/2022,LFT,LA,ASW,CE,Combined TRACON& Tower with Radar,5,17,12,1,35,0,11,4,0,15,5,28,16,1,50,0,0,0,50
02/02/2022,LFT,LA,ASW,CE,Combined TRACON& Tower with Radar,6,20,30,0,56,0,2,5,0,7,6,22,35,0,63,4,0,4,67
02/03/2022,LFT,LA,ASW,CE,Combined TRACON& Tower with Radar,5,15,12,0,32,0,1,0,0,1,5,16,12,0,33,0,0,0,33
02/04/2022,LFT,LA,ASW,CE,Combined TRACON& Tower with Radar,5,22,29,6,62,0,1,0,0,1,5,23,29,6,63,0,0,0,63
02/05/2022,LFT,LA,ASW,CE,Combined TRACON& Tower with Radar,6,17,26,0,49,0,8,44,3,55,6,25,70,3,104,4,0,4,108
02/06/2022,LFT,LA,ASW,CE,Combined TRACON& Tower with Radar,3,20,30,2,55,0,6,31,0,37,3,26,61,2,92,16,0,16,108
02/07/2022,LFT,LA,ASW,CE,Combined TRACON& Tower with Radar,6,19,31,2,58,0,18,35,1,54,6,37,66,3,112,8,0,8,120
02/08/2022,LFT,LA,ASW,CE,Combined TRACON& Tower with Radar,8,19,35,3,65,0,42,66,2,110,8,61,101,5,175,8,0,8,183
02/09/2022,LFT,LA,ASW,CE,Combined TRACON& Tower with Radar,6,24,29,0,59,0,18,34,6,58,6,42,63,6,117,6,0,6,123
02/10/2022,LFT,LA,ASW,CE,Combined TRACON& Tower with Radar,5,24,45,8,82,0,33,40,2,75,5,57,85,10,157,4,0,4,161
02/11/2022,LFT,LA,ASW,CE,Combined TRACON& Tower with Radar,4,25,12,5,46,0,36,33,0,69,4,61,45,5,115,12,0,12,127
02/12/2022,LFT,LA,ASW,CE,Combined TRACON& Tower with Radar,5,22,12,4,43,0,21,27,0,48,5,43,39,4,91,24,0,24,115
02/13/2022,LFT,LA,ASW,CE,Combined TRACON& Tower with Radar,3,17,20,0,40,0,8,19,0,27,3,25,39,0,67,18,0,18,85
02/14/2022,LFT,LA,ASW,CE,Combined TRACON& Tower with Radar,5,23,18,0,46,0,22,22,0,44,5,45,40,0,90,6,0,6,96
02/15/2022,LFT,LA,ASW,CE,Combined TRACON& Tower with Radar,6,23,29,0,58,0,41,43,0,84,6,64,72,0,142,14,0,14,156
02/16/2022,LFT,LA,ASW,CE,Combined TRACON& Tower with Radar,5,19,30,0,54,0,22,10,0,32,5,41,40,0,86,6,0,6,92
02/17/2022,LFT,LA,ASW,CE,Combined TRACON& Tower with Radar,8,22,12,0,42,0,3,0,0,3,8,25,12,0,45,0,0,0,45
02/18/2022,LFT,LA,ASW,CE,Combined TRACON& Tower with Radar,8,25,24,6,63,0,25,23,0,48,8,50,47,6,111,2,0,2,113
02/19/2022,LFT,LA,ASW,CE,Combined TRACON& Tower with Radar,4,20,18,0,42,0,8,48,0,56,4,28,66,0,98,22,0,22,120
02/20/2022,LFT,LA,ASW,CE,Combined TRACON& Tower with Radar,3,25,25,5,58,0,7,27,1,35,3,32,52,6,93,0,0,0,93
02/21/2022,LFT,LA,ASW,CE,Combined TRACON& Tower with Radar,4,23,22,0,49,0,9,6,0,15,4,32,28,0,64,0,0,0,64
02/22/2022,LFT,LA,ASW,CE,Combined TRACON& Tower with Radar,6,21,12,8,47,0,5,6,0,11,6,26,18,8,58,4,0,4,62
02/23/2022,LFT,LA,ASW,CE,Combined TRACON& Tower with Radar,5,19,24,4,52,0,7,24,0,31,5,26,48,4,83,0,0,0,83
02/24/2022,LFT,LA,ASW,CE,Combined TRACON& Tower with Radar,7,19,30,4,60,0,4,9,0,13,7,23,39,4,73,0,0,0,73
02/25/2022,LFT,LA,ASW,CE,Combined TRACON& Tower with Radar,10,29,39,5,83,0,9,4,0,13,10,38,43,5,96,14,0,14,110
02/26/2022,LFT,LA,ASW,CE,Combined TRACON& Tower with Radar,5,25,45,0,75,0,7,8,0,15,5,32,53,0,90,4,0,4,94
02/27/2022,LFT,LA,ASW,CE,Combined TRACON& Tower with Radar,3,19,22,0,44,0,13,16,2,31,3,32,38,2,75,2,0,2,77
02/28/2022,LFT,LA,ASW,CE,Combined TRACON& Tower with Radar,4,28,27,0,59,0,35,31,0,66,4,63,58,0,125,14,0,14,139
03/01/2022,LFT,LA,ASW,CE,Combined TRACON& Tower with Radar,7,23,25,0,55,0,13,52,0,65,7,36,77,0,120,16,0,16,136
03/02/2022,LFT,LA,ASW,CE,Combined TRACON& Tower with Radar,8,31,56,5,100,0,32,30,1,63,8,63,86,6,163,22,0,22,185
03/03/2022,LFT,LA,ASW,CE,Combined TRACON& Tower with Radar,6,35,31,1,73,0,23,26,0,49,6,58,57,1,122,12,0,12,134
03/04/2022,LFT,LA,ASW,CE,Combined TRACON& Tower with Radar,7,31,32,0,70,0,21,39,0,60,7,52,71,0,130,14,0,14,144
03/05/2022,LFT,LA,ASW,CE,Combined TRACON& Tower with Radar,3,22,34,7,66,0,11,17,0,28,3,33,51,7,94,4,0,4,98
03/06/2022,LFT,LA,ASW,CE,Combined TRACON& Tower with Radar,3,24,26,0,53,0,9,4,0,13,3,33,30,0,66,0,0,0,66
03/07/2022,LFT,LA,ASW,CE,Combined TRACON& Tower with Radar,4,19,14,9,46,0,14,8,1,23,4,33,22,10,69,6,0,6,75
03/08/2022,LFT,LA,ASW,CE,Combined TRACON& Tower with Radar,6,27,22,2,57,0,2,1,0,3,6,29,23,2,60,0,0,0,60
03/09/2022,LFT,LA,ASW,CE,Combined TRACON& Tower with Radar,8,20,39,0,67,0,10,20,0,30,8,30,59,0,97,0,0,0,97
03/10/2022,LFT,LA,ASW,CE,Combined TRACON& Tower with Radar,8,26,31,8,73,0,27,31,3,61,8,53,62,11,134,29,0,29,163
03/11/2022,LFT,LA,ASW,CE,Combined TRACON& Tower with Radar,6,22,28,0,56,0,3,2,0,5,6,25,30,0,61,0,0,0,61
03/12/2022,LFT,LA,ASW,CE,Combined TRACON& Tower with Radar,5,21,6,4,36,0,8,12,0,20,5,29,18,4,56,0,0,0,56
03/13/2022,LFT,LA,ASW,CE,Combined TRACON& Tower with Radar,5,20,24,0,49,0,6,33,2,41,5,26,57,2,90,14,0,14,104
03/14/2022,LFT,LA,ASW,CE,Combined TRACON& Tower with Radar,4,28,22,0,54,0,22,15,0,37,4,50,37,0,91,0,0,0,91
03/15/2022,LFT,LA,ASW,CE,Combined TRACON& Tower with Radar,7,18,28,0,53,2,16,29,0,47,9,34,57,0,100,6,0,6,106
03/16/2022,LFT,LA,ASW,CE,Combined TRACON& Tower with Radar,7,22,44,0,73,0,35,25,0,60,7,57,69,0,133,25,0,25,158
03/17/2022,LFT,LA,ASW,CE,Combined TRACON& Tower with Radar,8,24,26,0,58,0,30,27,0,57,8,54,53,0,115,18,0,18,133
03/18/2022,LFT,LA,ASW,CE,Combined TRACON& Tower with Radar,8,24,16,3,51,0,13,12,1,26,8,37,28,4,77,2,0,2,79
03/19/2022,LFT,LA,ASW,CE,Combined TRACON& Tower with Radar,5,20,10,0,35,0,16,31,0,47,5,36,41,0,82,0,0,0,82
03/20/2022,LFT,LA,ASW,CE,Combined TRACON& Tower with Radar,3,28,17,2,50,0,11,30,0,41,3,39,47,2,91,16,0,16,107
03/21/2022,LFT,LA,ASW,CE,Combined TRACON& Tower with Radar,5,19,19,5,48,0,30,10,0,40,5,49,29,5,88,0,0,0,88
03/22/2022,LFT,LA,ASW,CE,Combined TRACON& Tower with Radar,7,21,5,1,34,0,2,0,0,2,7,23,5,1,36,0,0,0,36
03/23/2022,LFT,LA,ASW,CE,Combined TRACON& Tower with Radar,8,16,35,2,61,0,23,34,0,57,8,39,69,2,118,0,0,0,118
03/24/2022,LFT,LA,ASW,CE,Combined TRACON& Tower with Radar,8,22,26,2,58,0,20,26,0,46,8,42,52,2,104,18,0,18,122
03/25/2022,LFT,LA,ASW,CE,Combined TRACON& Tower with Radar,6,20,24,17,67,0,31,32,0,63,6,51,56,17,130,10,0,10,140
03/26/2022,LFT,LA,ASW,CE,Combined TRACON& Tower with Radar,3,21,24,0,48,0,27,48,0,75,3,48,72,0,123,38,0,38,161
03/27/2022,LFT,LA,ASW,CE,Combined TRACON& Tower with Radar,4,22,24,0,50,0,14,35,0,49,4,36,59,0,99,38,0,38,137
03/28/2022,LFT,LA,ASW,CE,Combined TRACON& Tower with Radar,6,17,24,0,47,0,22,27,2,51,6,39,51,2,98,12,0,12,110
03/29/2022,LFT,LA,ASW,CE,Combined TRACON& Tower with Radar,8,22,37,0,67,0,22,13,0,35,8,44,50,0,102,2,0,2,104
03/30/2022,LFT,LA,ASW,CE,Combined TRACON& Tower with Radar,8,14,11,0,33,0,0,1,0,1,8,14,12,0,34,0,0,0,34
03/31/2022,LFT,LA,ASW,CE,Combined TRACON& Tower with Radar,10,18,30,4,62,0,39,25,3,67,10,57,55,7,129,18,0,18,147
04/01/2022,LFT,LA,ASW,CE,Combined TRACON& Tower with Radar,8,19,26,6,59,0,21,47,0,68,8,40,73,6,127,12,0,12,139
04/02/2022,LFT,LA,ASW,CE,Combined TRACON& Tower with Radar,5,21,27,2,55,0,5,18,0,23,5,26,45,2,78,28,0,28,106
04/03/2022,LFT,LA,ASW,CE,Combined TRACON& Tower with Radar,6,25,30,2,63,0,14,50,0,64,6,39,80,2,127,10,4,14,141
04/04/2022,LFT,LA,ASW,CE,Combined TRACON& Tower with Radar,8,28,19,0,55,0,23,19,0,42,8,51,38,0,97,2,0,2,99
04/05/2022,LFT,LA,ASW,CE,Combined TRACON& Tower with Radar,15,10,13,0,38,0,9,4,0,13,15,19,17,0,51,0,0,0,51
04/06/2022,LFT,LA,ASW,CE,Combined TRACON& Tower with Radar,19,11,28,0,58,0,15,10,0,25,19,26,38,0,83,2,0,2,85
04/07/2022,LFT,LA,ASW,CE,Combined TRACON& Tower with Radar,20,16,35,0,71,0,25,26,2,53,20,41,61,2,124,8,8,16,140
04/08/2022,LFT,LA,ASW,CE,Combined TRACON& Tower with Radar,23,18,30,0,71,0,26,30,4,60,23,44,60,4,131,6,0,6,137
04/09/2022,LFT,LA,ASW,CE,Combined TRACON& Tower with Radar,17,10,14,0,41,0,10,32,0,42,17,20,46,0,83,22,0,22,105
04/10/2022,LFT,LA,ASW,CE,Combined TRACON& Tower with Radar,16,15,21,0,52,0,16,11,0,27,16,31,32,0,79,0,0,0,79
04/11/2022,LFT,LA,ASW,CE,Combined TRACON& Tower with Radar,18,18,22,0,58,0,27,8,0,35,18,45,30,0,93,6,0,6,99
04/12/2022,LFT,LA,ASW,CE,Combined TRACON& Tower with Radar,20,13,11,0,44,0,12,4,0,16,20,25,15,0,60,0,0,0,60
04/13/2022,LFT,LA,ASW,CE,Combined TRACON& Tower with Radar,17,18,16,0,51,0,6,7,0,13,17,24,23,0,64,0,0,0,64
04/14/2022,LFT,LA,ASW,CE,Combined TRACON& Tower with Radar,19,17,32,0,68,0,26,45,0,71,19,43,77,0,139,16,0,16,155
04/15/2022,LFT,LA,ASW,CE,Combined TRACON& Tower with Radar,20,20,16,0,56,0,15,6,0,21,20,35,22,0,77,0,0,0,77
04/16/2022,LFT,LA,ASW,CE,Combined TRACON& Tower with Radar,20,12,13,0,45,0,10,18,0,28,20,22,31,0,73,0,0,0,73
04/17/2022,LFT,LA,ASW,CE,Combined TRACON& Tower with Radar,13,19,16,0,48,0,15,5,0,20,13,34,21,0,68,0,0,0,68
04/18/2022,LFT,LA,ASW,CE,Combined TRACON& Tower with Radar,16,22,29,5,72,0,18,24,0,42,16,40,53,5,114,0,0,0,114
04/19/2022,LFT,LA,ASW,CE,Combined TRACON& Tower with Radar,19,12,43,0,74,0,26,45,0,71,19,38,88,0,145,38,0,38,183
04/20/2022,LFT,LA,ASW,CE,Combined TRACON& Tower with Radar,18,19,34,0,71,0,22,17,0,39,18,41,51,0,110,14,0,14,124
04/21/2022,LFT,LA,ASW,CE,Combined TRACON& Tower with Radar,20,18,40,0,78,0,19,34,1,54,20,37,74,1,132,0,0,0,132
04/22/2022,LFT,LA,ASW,CE,Combined TRACON& Tower with Radar,18,14,31,11,74,0,22,27,1,50,18,36,58,12,124,0,0,0,124
04/23/2022,LFT,LA,ASW,CE,Combined TRACON& Tower with Radar,17,17,32,0,66,0,8,15,0,23,17,25,47,0,89,11,0,11,100
04/24/2022,LFT,LA,ASW,CE,Combined TRACON& Tower with Radar,12,22,31,0,65,0,7,7,0,14,12,29,38,0,79,0,0,0,79
04/25/2022,LFT,LA,ASW,CE,Combined TRACON& Tower with Radar,12,24,24,0,60,0,30,9,0,39,12,54,33,0,99,0,0,0,99
04/26/2022,LFT,LA,ASW,CE,Combined TRACON& Tower with Radar,17,27,22,0,66,0,41,31,1,73,17,68,53,1,139,16,0,16,155
04/27/2022,LFT,LA,ASW,CE,Combined TRACON& Tower with Radar,19,23,22,0,64,3,36,46,5,90,22,59,68,5,154,8,0,8,162
04/28/2022,LFT,LA,ASW,CE,Combined TRACON& Tower with Radar,21,20,24,1,66,0,26,32,2,60,21,46,56,3,126,30,0,30,156
04/29/2022,LFT,LA,ASW,CE,Combined TRACON& Tower with Radar,16,19,25,0,60,0,36,54,0,90,16,55,79,0,150,22,0,22,172
04/30/2022,LFT,LA,ASW,CE,Combined TRACON& Tower with Radar,17,13,18,10,58,0,13,26,0,39,17,26,44,10,97,10,0,10,107
05/01/2022,LFT,LA,ASW,CE,Combined TRACON& Tower with Radar,14,20,22,0,56,0,1,1,0,2,14,21,23,0,58,0,0,0,58
05/02/2022,LFT,LA,ASW,CE,Combined TRACON& Tower with Radar,15,16,22,0,53,0,22,19,0,41,15,38,41,0,94,8,0,8,102
05/03/2022,LFT,LA,ASW,CE,Combined TRACON& Tower with Radar,17,15,21,5,58,0,24,29,0,53,17,39,50,5,111,2,0,2,113
05/04/2022,LFT,LA,ASW,CE,Combined TRACON& Tower with Radar,17,21,45,0,83,0,34,20,3,57,17,55,65,3,140,0,0,0,140
05/05/2022,LFT,LA,ASW,CE,Combined TRACON& Tower with Radar,19,23,37,6,85,0,12,16,0,28,19,35,53,6,113,0,12,12,125
05/06/2022,LFT,LA,ASW,CE,Combined TRACON& Tower with Radar,19,20,33,2,74,0,18,20,0,38,19,38,53,2,112,0,0,0,112
05/07/2022,LFT,LA,ASW,CE,Combined TRACON& Tower with Radar,15,14,14,0,43,0,2,33,0,35,15,16,47,0,78,0,0,0,78
05/08/2022,LFT,LA,ASW,CE,Combined TRACON& Tower with Radar,17,24,25,0,66,0,8,11,0,19,17,32,36,0,85,0,0,0,85
05/09/2022,LFT,LA,ASW,CE,Combined TRACON& Tower with Radar,18,24,29,2,73,0,18,29,0,47,18,42,58,2,120,14,0,14,134
05/10/2022,LFT,LA,ASW,CE,Combined TRACON& Tower with Radar,20,20,20,0,60,0,27,23,0,50,20,47,43,0,110,6,0,6,116
05/11/2022,LFT,LA,ASW,CE,Combined TRACON& Tower with Radar,18,19,32,0,69,0,32,28,0,60,18,51,60,0,129,2,0,2,131
05/12/2022,LFT,LA,ASW,CE,Combined TRACON& Tower with Radar,16,16,38,0,70,0,15,44,1,60,16,31,82,1,130,5,0,5,135
05/13/2022,LFT,LA,ASW,CE,Combined TRACON& Tower with Radar,16,20,25,0,61,0,19,18,0,37,16,39,43,0,98,0,0,0,98
05/14/2022,LFT,LA,ASW,CE,Combined TRACON& Tower with Radar,17,15,24,6,62,0,6,31,0,37,17,21,55,6,99,14,0,14,113
05/15/2022,LFT,LA,ASW,CE,Combined TRACON& Tower with Radar,16,24,19,0,59,0,4,20,0,24,16,28,39,0,83,0,0,0,83
05/16/2022,LFT,LA,ASW,CE,Combined TRACON& Tower with Radar,16,14,27,0,57,0,27,35,0,62,16,41,62,0,119,8,0,8,127
05/17/2022,LFT,LA,ASW,CE,Combined TRACON& Tower with Radar,18,16,24,2,60,0,18,32,0,50,18,34,56,2,110,0,0,0,110
05/18/2022,LFT,LA,ASW,CE,Combined TRACON& Tower with Radar,19,14,38,0,71,0,11,26,0,37,19,25,64,0,108,12,0,12,120
05/19/2022,LFT,LA,ASW,CE,Combined TRACON& Tower with Radar,18,25,39,2,84,0,21,29,0,50,18,46,68,2,134,10,0,10,144
05/20/2022,LFT,LA,ASW,CE,Combined TRACON& Tower with Radar,22,22,32,3,79,0,31,11,1,43,22,53,43,4,122,6,0,6,128
05/21/2022,LFT,LA,ASW,CE,Combined TRACON& Tower with Radar,17,18,23,0,58,0,15,6,0,21,17,33,29,0,79,6,0,6,85
05/22/2022,LFT,LA,ASW,CE,Combined TRACON& Tower with Radar,15,21,17,0,53,0,7,14,0,21,15,28,31,0,74,22,0,22,96
05/23/2022,LFT,LA,ASW,CE,Combined TRACON& Tower with Radar,16,26,21,0,63,0,6,4,0,10,16,32,25,0,73,0,0,0,73
05/24/2022,LFT,LA,ASW,CE,Combined TRACON& Tower with Radar,18,22,23,0,63,0,6,9,0,15,18,28,32,0,78,0,0,0,78
05/25/2022,LFT,LA,ASW,CE,Combined TRACON& Tower with Radar,20,19,21,0,60,0,15,15,0,30,20,34,36,0,90,2,0,2,92
05/26/2022,LFT,LA,ASW,CE,Combined TRACON& Tower with Radar,18,20,35,2,75,0,38,35,0,73,18,58,70,2,148,12,0,12,160
05/27/2022,LFT,LA,ASW,CE,Combined TRACON& Tower with Radar,17,23,29,0,69,0,33,31,0,64,17,56,60,0,133,8,0,8,141
05/28/2022,LFT,LA,ASW,CE,Combined TRACON& Tower with Radar,15,26,15,0,56,0,17,39,0,56,15,43,54,0,112,12,0,12,124
05/29/2022,LFT,LA,ASW,CE,Combined TRACON& Tower with Radar,15,18,26,0,59,0,10,51,0,61,15,28,77,0,120,20,0,20,140
05/30/2022,LFT,LA,ASW,CE,Combined TRACON& Tower with Radar,16,23,22,0,61,0,12,26,0,38,16,35,48,0,99,0,0,0,99
05/31/2022,LFT,LA,ASW,CE,Combined TRACON& Tower with Radar,18,17,24,2,61,0,31,27,0,58,18,48,51,2,119,22,0,22,141
06/01/2022,LFT,LA,ASW,CE,Combined TRACON& Tower with Radar,19,18,38,0,75,0,20,12,0,32,19,38,50,0,107,0,0,0,107
06/02/2022,LFT,LA,ASW,CE,Combined TRACON& Tower with Radar,15,26,31,0,72,0,15,31,0,46,15,41,62,0,118,0,0,0,118
06/03/2022,LFT,LA,ASW,CE,Combined TRACON& Tower with Radar,11,24,25,1,61,0,26,15,1,42,11,50,40,2,103,2,0,2,105
06/04/2022,LFT,LA,ASW,CE,Combined TRACON& Tower with Radar,6,26,19,0,51,0,18,44,0,62,6,44,63,0,113,8,0,8,121
06/05/2022,LFT,LA,ASW,CE,Combined TRACON& Tower with Radar,8,25,31,0,64,0,12,51,0,63,8,37,82,0,127,48,0,48,175
06/06/2022,LFT,LA,ASW,CE,Combined TRACON& Tower with Radar,10,25,14,0,49,0,26,19,0,45,10,51,33,0,94,4,0,4,98
06/07/2022,LFT,LA,ASW,CE,Combined TRACON& Tower with Radar,9,30,24,4,67,0,12,49,0,61,9,42,73,4,128,4,0,4,132
06/08/2022,LFT,LA,ASW,CE,Combined TRACON& Tower with Radar,10,24,23,9,66,0,19,40,0,59,10,43,63,9,125,15,0,15,140
06/09/2022,LFT,LA,ASW,CE,Combined TRACON& Tower with Radar,12,27,23,0,62,0,23,27,0,50,12,50,50,0,112,16,0,16,128
06/10/2022,LFT,LA,ASW,CE,Combined TRACON& Tower with Radar,10,32,16,0,58,0,17,20,0,37,10,49,36,0,95,6,0,6,101
06/11/2022,LFT,LA,ASW,CE,Combined TRACON& Tower with Radar,5,28,15,0,48,0,8,52,0,60,5,36,67,0,108,16,0,16,124
06/12/2022,LFT,LA,ASW,CE,Combined TRACON& Tower with Radar,6,28,25,8,67,0,15,26,0,41,6,43,51,8,108,6,0,6,114
06/13/2022,LFT,LA,ASW,CE,Combined TRACON& Tower with Radar,8,29,22,0,59,0,30,27,0,57,8,59,49,0,116,14,0,14,130
06/14/2022,LFT,LA,ASW,CE,Combined TRACON& Tower with Radar,8,33,22,10,73,0,58,28,0,86,8,91,50,10,159,26,0,26,185
06/15/2022,LFT,LA,ASW,CE,Combined TRACON& Tower with Radar,11,24,28,0,63,0,30,31,4,65,11,54,59,4,128,28,0,28,156
06/16/2022,LFT,LA,ASW,CE,Combined TRACON& Tower with Radar,10,29,26,6,71,0,31,14,0,45,10,60,40,6,116,32,0,32,148
06/17/2022,LFT,LA,ASW,CE,Combined TRACON& Tower with Radar,7,28,19,0,54,0,38,33,0,71,7,66,52,0,125,6,0,6,131
06/18/2022,LFT,LA,ASW,CE,Combined TRACON& Tower with Radar,6,24,30,0,60,0,10,36,0,46,6,34,66,0,106,10,0,10,116
06/19/2022,LFT,LA,ASW,CE,Combined TRACON& Tower with Radar,6,23,14,0,43,0,14,25,0,39,6,37,39,0,82,10,0,10,92
06/20/2022,LFT,LA,ASW,CE,Combined TRACON& Tower with Radar,7,29,23,0,59,0,10,52,0,62,7,39,75,0,121,20,0,20,141
06/21/2022,LFT,LA,ASW,CE,Combined TRACON& Tower with Radar,8,25,20,0,53,0,35,27,0,62,8,60,47,0,115,14,0,14,129
06/22/2022,LFT,LA,ASW,CE,Combined TRACON& Tower with Radar,8,26,24,0,58,0,26,57,0,83,8,52,81,0,141,15,0,15,156
06/23/2022,LFT,LA,ASW,CE,Combined TRACON& Tower with Radar,10,25,36,0,71,0,40,33,0,73,10,65,69,0,144,18,0,18,162
06/24/2022,LFT,LA,ASW,CE,Combined TRACON& Tower with Radar,8,26,24,0,58,0,40,27,0,67,8,66,51,0,125,30,0,30,155
06/25/2022,LFT,LA,ASW,CE,Combined TRACON& Tower with Radar,5,27,21,0,53,0,10,34,0,44,5,37,55,0,97,18,0,18,115
06/26/2022,LFT,LA,ASW,CE,Combined TRACON& Tower with Radar,4,30,20,0,54,0,6,9,0,15,4,36,29,0,69,10,0,10,79
06/27/2022,LFT,LA,ASW,CE,Combined TRACON& Tower with Radar,8,23,28,0,59,0,8,28,0,36,8,31,56,0,95,28,0,28,123
06/28/2022,LFT,LA,ASW,CE,Combined TRACON& Tower with Radar,9,23,30,0,62,0,20,31,2,53,9,43,61,2,115,22,0,22,137
06/29/2022,LFT,LA,ASW,CE,Combined TRACON& Tower with Radar,9,30,13,0,52,0,5,25,0,30,9,35,38,0,82,8,0,8,90
06/30/2022,LFT,LA,ASW,CE,Combined TRACON& Tower with Radar,9,33,31,0,73,0,16,17,0,33,9,49,48,0,106,10,0,10,116
07/01/2022,LFT,LA,ASW,CE,Combined TRACON& Tower with Radar,11,22,25,0,58,0,0,2,0,2,11,22,27,0,60,0,0,0,60
07/02/2022,LFT,LA,ASW,CE,Combined TRACON& Tower with Radar,8,23,17,0,48,0,17,7,0,24,8,40,24,0,72,16,0,16,88
07/03/2022,LFT,LA,ASW,CE,Combined TRACON& Tower with Radar,10,19,13,0,42,0,15,32,0,47,10,34,45,0,89,58,0,58,147
07/04/2022,LFT,LA,ASW,CE,Combined TRACON& Tower with Radar,10,18,13,0,41,0,7,18,0,25,10,25,31,0,66,0,0,0,66
07/05/2022,LFT,LA,ASW,CE,Combined TRACON& Tower with Radar,11,26,31,0,68,0,44,19,0,63,11,70,50,0,131,4,0,4,135
07/06/2022,LFT,LA,ASW,CE,Combined TRACON& Tower with Radar,12,19,16,0,47,0,13,21,1,35,12,32,37,1,82,34,0,34,116
07/07/2022,LFT,LA,ASW,CE,Combined TRACON& Tower with Radar,13,20,24,1,58,0,34,31,0,65,13,54,55,1,123,36,0,36,159
07/08/2022,LFT,LA,ASW,CE,Combined TRACON& Tower with Radar,10,22,35,10,77,0,25,19,4,48,10,47,54,14,125,10,0,10,135
07/09/2022,LFT,LA,ASW,CE,Combined TRACON& Tower with Radar,7,22,17,0,46,0,12,36,0,48,7,34,53,0,94,30,0,30,124
07/10/2022,LFT,LA,ASW,CE,Combined TRACON& Tower with Radar,7,22,22,0,51,0,24,24,0,48,7,46,46,0,99,0,0,0,99
07/11/2022,LFT,LA,ASW,CE,Combined TRACON& Tower with Radar,9,21,19,0,49,0,6,32,2,40,9,27,51,2,89,0,0,0,89
07/12/2022,LFT,LA,ASW,CE,Combined TRACON& Tower with Radar,9,26,29,0,64,0,13,23,0,36,9,39,52,0,100,12,0,12,112
07/13/2022,LFT,LA,ASW,CE,Combined TRACON& Tower with Radar,10,23,20,2,55,0,30,41,0,71,10,53,61,2,126,31,0,31,157
07/14/2022,LFT,LA,ASW,CE,Combined TRACON& Tower with Radar,9,23,31,0,63,0,25,32,0,57,9,48,63,0,120,17,1,18,138
07/15/2022,LFT,LA,ASW,CE,Combined TRACON& Tower with Radar,8,22,15,0,45,0,3,39,0,42,8,25,54,0,87,19,0,19,106
07/16/2022,LFT,LA,ASW,CE,Combined TRACON& Tower with Radar,7,24,22,0,53,0,6,29,0,35,7,30,51,0,88,8,0,8,96
07/17/2022,LFT,LA,ASW,CE,Combined TRACON& Tower with Radar,9,24,24,0,57,0,4,25,0,29,9,28,49,0,86,25,0,25,111
07/18/2022,LFT,LA,ASW,CE,Combined TRACON& Tower with Radar,9,26,12,7,54,0,17,40,0,57,9,43,52,7,111,16,0,16,127
07/19/2022,LFT,LA,ASW,CE,Combined TRACON& Tower with Radar,8,19,25,0,52,0,43,32,0,75,8,62,57,0,127,38,0,38,165
07/20/2022,LFT,LA,ASW,CE,Combined TRACON& Tower with Radar,11,28,29,0,68,0,58,46,0,104,11,86,75,0,172,23,0,23,195
07/21/2022,LFT,LA,ASW,CE,Combined TRACON& Tower with Radar,13,20,25,0,58,0,27,24,0,51,13,47,49,0,109,48,0,48,157
07/22/2022,LFT,LA,ASW,CE,Combined TRACON& Tower with Radar,10,22,21,0,53,0,17,27,0,44,10,39,48,0,97,22,0,22,119
07/23/2022,LFT,LA,ASW,CE,Combined TRACON& Tower with Radar,12,21,6,0,39,0,11,20,0,31,12,32,26,0,70,50,0,50,120
07/24/2022,LFT,LA,ASW,CE,Combined TRACON& Tower with Radar,10,21,22,0,53,0,16,29,0,45,10,37,51,0,98,38,0,38,136
07/25/2022,LFT,LA,ASW,CE,Combined TRACON& Tower with Radar,12,23,21,0,56,0,22,16,0,38,12,45,37,0,94,13,0,13,107
07/26/2022,LFT,LA,ASW,CE,Combined TRACON& Tower with Radar,8,19,19,0,46,0,37,24,1,62,8,56,43,1,108,40,0,40,148
07/27/2022,LFT,LA,ASW,CE,Combined TRACON& Tower with Radar,14,19,27,0,60,0,32,32,0,64,14,51,59,0,124,44,0,44,168
07/28/2022,LFT,LA,ASW,CE,Combined TRACON& Tower with Radar,12,29,39,0,80,0,44,31,2,77,12,73,70,2,157,30,0,30,187
07/29/2022,LFT,LA,ASW,CE,Combined TRACON& Tower with Radar,11,30,21,0,62,0,30,37,0,67,11,60,58,0,129,52,0,52,181
07/30/2022,LFT,LA,ASW,CE,Combined TRACON& Tower with Radar,7,24,21,0,52,0,11,19,0,30,7,35,40,0,82,0,0,0,82
07/31/2022,LFT,LA,ASW,CE,Combined TRACON& Tower with Radar,12,23,20,2,57,0,7,36,0,43,12,30,56,2,100,12,0,12,112
08/01/2022,LFT,LA,ASW,CE,Combined TRACON& Tower with Radar,14,24,13,0,51,0,23,28,2,53,14,47,41,2,104,16,0,16,120
08/02/2022,LFT,LA,ASW,CE,Combined TRACON& Tower with Radar,12,24,17,0,53,0,14,18,0,32,12,38,35,0,85,0,0,0,85
08/03/2022,LFT,LA,ASW,CE,Combined TRACON& Tower with Radar,11,23,11,0,45,0,6,11,0,17,11,29,22,0,62,10,0,10,72
08/04/2022,LFT,LA,ASW,CE,Combined TRACON& Tower with Radar,10,24,11,0,45,0,12,12,0,24,10,36,23,0,69,8,0,8,77
08/05/2022,LFT,LA,ASW,CE,Combined TRACON& Tower with Radar,14,28,22,0,64,0,19,17,0,36,14,47,39,0,100,0,0,0,100
08/06/2022,LFT,LA,ASW,CE,Combined TRACON& Tower with Radar,8,26,17,0,51,0,22,18,0,40,8,48,35,0,91,28,0,28,119
08/07/2022,LFT,LA,ASW,CE,Combined TRACON& Tower with Radar,9,28,18,0,55,0,11,29,0,40,9,39,47,0,95,10,0,10,105
08/08/2022,LFT,LA,ASW,CE,Combined TRACON& Tower with Radar,11,24,22,5,62,0,18,26,0,44,11,42,48,5,106,22,0,22,128
08/09/2022,LFT,LA,ASW,CE,Combined TRACON& Tower with Radar,10,22,28,0,60,0,27,39,1,67,10,49,67,1,127,19,0,19,146
08/10/2022,LFT,LA,ASW,CE,Combined TRACON& Tower with Radar,10,26,23,0,59,0,7,26,0,33,10,33,49,0,92,8,0,8,100
08/11/2022,LFT,LA,ASW,CE,Combined TRACON& Tower with Radar,11,31,28,0,70,0,7,18,0,25,11,38,46,0,95,0,0,0,95
08/12/2022,LFT,LA,ASW,CE,Combined TRACON& Tower with Radar,7,25,35,13,80,0,3,15,3,21,7,28,50,16,101,18,0,18,119
08/13/2022,LFT,LA,ASW,CE,Combined TRACON& Tower with Radar,5,29,19,0,53,0,3,10,0,13,5,32,29,0,66,34,0,34,100
08/14/2022,LFT,LA,ASW,CE,Combined TRACON& Tower with Radar,7,28,24,0,59,0,17,60,2,79,7,45,84,2,138,78,0,78,216
08/15/2022,LFT,LA,ASW,CE,Combined TRACON& Tower with Radar,9,27,23,0,59,0,24,41,0,65,9,51,64,0,124,6,0,6,130
08/16/2022,LFT,LA,ASW,CE,Combined TRACON& Tower with Radar,11,25,26,0,62,0,33,42,0,75,11,58,68,0,137,28,0,28,165
08/17/2022,LFT,LA,ASW,CE,Combined TRACON& Tower with Radar,11,26,41,2,80,0,43,40,0,83,11,69,81,2,163,20,0,20,183
08/18/2022,LFT,LA,ASW,CE,Combined TRACON& Tower with Radar,14,18,19,1,52,0,14,19,1,34,14,32,38,2,86,14,0,14,100
08/19/2022,LFT,LA,ASW,CE,Combined TRACON& Tower with Radar,11,27,17,0,55,0,10,11,0,21,11,37,28,0,76,2,0,2,78
08/20/2022,LFT,LA,ASW,CE,Combined TRACON& Tower with Radar,11,22,8,0,41,0,10,14,0,24,11,32,22,0,65,2,0,2,67
08/21/2022,LFT,LA,ASW,CE,Combined TRACON& Tower with Radar,7,27,13,0,47,0,18,9,0,27,7,45,22,0,74,16,0,16,90
08/22/2022,LFT,LA,ASW,CE,Combined TRACON& Tower with Radar,10,22,22,0,54,0,18,30,0,48,10,40,52,0,102,6,0,6,108
08/23/2022,LFT,LA,ASW,CE,Combined TRACON& Tower with Radar,11,24,16,0,51,0,4,7,0,11,11,28,23,0,62,0,0,0,62
08/24/2022,LFT,LA,ASW,CE,Combined TRACON& Tower with Radar,13,19,19,0,51,0,5,13,0,18,13,24,32,0,69,0,0,0,69
08/25/2022,LFT,LA,ASW,CE,Combined TRACON& Tower with Radar,18,23,31,0,72,0,2,16,0,18,18,25,47,0,90,0,0,0,90
08/26/2022,LFT,LA,ASW,CE,Combined TRACON& Tower with Radar,13,23,39,0,75,0,28,5,0,33,13,51,44,0,108,0,0,0,108
08/27/2022,LFT,LA,ASW,CE,Combined TRACON& Tower with Radar,11,19,18,0,48,0,20,30,0,50,11,39,48,0,98,15,0,15,113
08/28/2022,LFT,LA,ASW,CE,Combined TRACON& Tower with Radar,9,21,16,0,46,0,5,17,0,22,9,26,33,0,68,54,0,54,122
08/29/2022,LFT,LA,ASW,CE,Combined TRACON& Tower with Radar,10,20,22,4,56,0,27,29,0,56,10,47,51,4,112,23,0,23,135
08/30/2022,LFT,LA,ASW,CE,Combined TRACON& Tower with Radar,11,23,40,2,76,0,37,34,2,73,11,60,74,4,149,6,0,6,155
08/31/2022,LFT,LA,ASW,CE,Combined TRACON& Tower with Radar,10,24,25,0,59,0,27,38,0,65,10,51,63,0,124,34,0,34,158
09/01/2022,LFT,LA,ASW,CE,Combined TRACON& Tower with Radar,8,20,33,0,61,0,31,45,4,80,8,51,78,4,141,90,0,90,231
09/02/2022,LFT,LA,ASW,CE,Combined TRACON& Tower with Radar,15,20,31,3,69,0,11,37,0,48,15,31,68,3,117,16,0,16,133
09/03/2022,LFT,LA,ASW,CE,Combined TRACON& Tower with Radar,7,18,16,0,41,0,3,5,0,8,7,21,21,0,49,12,0,12,61
09/04/2022,LFT,LA,ASW,CE,Combined TRACON& Tower with Radar,6,18,13,0,37,0,0,2,0,2,6,18,15,0,39,0,0,0,39
09/05/2022,LFT,LA,ASW,CE,Combined TRACON& Tower with Radar,11,26,29,0,66,0,7,22,0,29,11,33,51,0,95,16,0,16,111
09/06/2022,LFT,LA,ASW,CE,Combined TRACON& Tower with Radar,18,22,31,0,71,0,5,29,1,35,18,27,60,1,106,34,0,34,140
09/07/2022,LFT,LA,ASW,CE,Combined TRACON& Tower with Radar,15,24,25,0,64,0,14,41,0,55,15,38,66,0,119,0,0,0,119
09/08/2022,LFT,LA,ASW,CE,Combined TRACON& Tower with Radar,18,18,30,0,66,0,22,22,0,44,18,40,52,0,110,0,0,0,110
09/09/2022,LFT,LA,ASW,CE,Combined TRACON& Tower with Radar,20,21,28,1,70,0,25,30,1,56,20,46,58,2,126,18,0,18,144
09/10/2022,LFT,LA,ASW,CE,Combined TRACON& Tower with Radar,17,18,13,0,48,0,5,31,0,36,17,23,44,0,84,10,0,10,94
09/11/2022,LFT,LA,ASW,CE,Combined TRACON& Tower with Radar,16,21,18,5,60,0,14,28,1,43,16,35,46,6,103,17,0,17,120
09/12/2022,LFT,LA,ASW,CE,Combined TRACON& Tower with Radar,15,25,27,0,67,0,13,29,0,42,15,38,56,0,109,21,0,21,130
09/13/2022,LFT,LA,ASW,CE,Combined TRACON& Tower with Radar,15,18,28,0,61,0,33,32,0,65,15,51,60,0,126,33,0,33,159
09/14/2022,LFT,LA,ASW,CE,Combined TRACON& Tower with Radar,14,23,24,1,62,0,17,48,0,65,14,40,72,1,127,66,0,66,193
09/15/2022,LFT,LA,ASW,CE,Combined TRACON& Tower with Radar,18,18,32,4,72,0,20,39,0,59,18,38,71,4,131,45,0,45,176
09/16/2022,LFT,LA,ASW,CE,Combined TRACON& Tower with Radar,16,23,34,8,81,0,27,37,3,67,16,50,71,11,148,26,0,26,174
09/17/2022,LFT,LA,ASW,CE,Combined TRACON& Tower with Radar,13,17,10,0,40,0,16,28,0,44,13,33,38,0,84,30,0,30,114
09/18/2022,LFT,LA,ASW,CE,Combined TRACON& Tower with Radar,15,20,25,1,61,0,9,28,6,43,15,29,53,7,104,14,0,14,118
09/19/2022,LFT,LA,ASW,CE,Combined TRACON& Tower with Radar,18,17,20,0,55,0,33,47,0,80,18,50,67,0,135,27,0,27,162
09/20/2022,LFT,LA,ASW,CE,Combined TRACON& Tower with Radar,14,19,15,0,48,0,31,51,0,82,14,50,66,0,130,29,0,29,159
09/21/2022,LFT,LA,ASW,CE,Combined TRACON& Tower with Radar,15,18,18,0,51,0,24,30,0,54,15,42,48,0,105,10,0,10,115
09/22/2022,LFT,LA,ASW,CE,Combined TRACON& Tower with Radar,14,18,29,0,61,0,38,38,0,76,14,56,67,0,137,22,0,22,159
09/23/2022,LFT,LA,ASW,CE,Combined TRACON& Tower with Radar,18,17,23,2,60,0,27,30,1,58,18,44,53,3,118,7,0,7,125
09/24/2022,LFT,LA,ASW,CE,Combined TRACON& Tower with Radar,13,17,14,0,44,0,7,37,0,44,13,24,51,0,88,14,0,14,102
09/25/2022,LFT,LA,ASW,CE,Combined TRACON& Tower with Radar,13,19,19,1,52,0,14,19,3,36,13,33,38,4,88,37,0,37,125
09/26/2022,LFT,LA,ASW,CE,Combined TRACON& Tower with Radar,14,17,28,0,59,0,24,44,0,68,14,41,72,0,127,0,0,0,127
09/27/2022,LFT,LA,ASW,CE,Combined TRACON& Tower with Radar,14,19,32,2,67,0,24,44,0,68,14,43,76,2,135,6,0,6,141
09/28/2022,LFT,LA,ASW,CE,Combined TRACON& Tower with Radar,14,24,25,0,63,0,17,35,0,52,14,41,60,0,115,0,0,0,115
09/29/2022,LFT,LA,ASW,CE,Combined TRACON& Tower with Radar,15,23,22,3,63,0,23,49,1,73,15,46,71,4,136,20,0,20,156
09/30/2022,LFT,LA,ASW,CE,Combined TRACON& Tower with Radar,21,21,29,0,71,0,24,60,0,84,21,45,89,0,155,56,0,56,211
10/01/2022,LFT,LA,ASW,CE,Combined TRACON& Tower with Radar,15,16,14,0,45,0,10,46,0,56,15,26,60,0,101,48,0,48,149
10/02/2022,LFT,LA,ASW,CE,Combined TRACON& Tower with Radar,16,20,21,8,65,0,12,27,0,39,16,32,48,8,104,34,0,34,138
10/03/2022,LFT,LA,ASW,CE,Combined TRACON& Tower with Radar,14,16,28,1,59,0,26,39,1,66,14,42,67,2,125,35,0,35,160
10/04/2022,LFT,LA,ASW,CE,Combined TRACON& Tower with Radar,13,25,22,0,60,0,26,35,1,62,13,51,57,1,122,36,0,36,158
10/05/2022,LFT,LA,ASW,CE,Combined TRACON& Tower with Radar,15,28,28,1,72,0,23,26,0,49,15,51,54,1,121,6,0,6,127
10/06/2022,LFT,LA,ASW,CE,Combined TRACON& Tower with Radar,24,16,31,3,74,0,29,39,4,72,24,45,70,7,146,13,0,13,159
10/07/2022,LFT,LA,ASW,CE,Combined TRACON& Tower with Radar,18,15,29,10,72,0,17,38,0,55,18,32,67,10,127,28,0,28,155
10/08/2022,LFT,LA,ASW,CE,Combined TRACON& Tower with Radar,15,14,21,0,50,0,8,23,0,31,15,22,44,0,81,4,0,4,85
10/09/2022,LFT,LA,ASW,CE,Combined TRACON& Tower with Radar,18,12,37,0,67,0,3,28,0,31,18,15,65,0,98,37,0,37,135
10/10/2022,LFT,LA,ASW,CE,Combined TRACON& Tower with Radar,17,12,22,0,51,0,7,26,1,34,17,19,48,1,85,30,0,30,115
10/11/2022,LFT,LA,ASW,CE,Combined TRACON& Tower with Radar,18,25,17,0,60,0,18,47,0,65,18,43,64,0,125,42,0,42,167
10/12/2022,LFT,LA,ASW,CE,Combined TRACON& Tower with Radar,17,23,38,0,78,0,26,17,0,43,17,49,55,0,121,0,0,0,121
10/13/2022,LFT,LA,ASW,CE,Combined TRACON& Tower with Radar,24,16,37,2,79,0,17,20,0,37,24,33,57,2,116,25,0,25,141
10/14/2022,LFT,LA,ASW,CE,Combined TRACON& Tower with Radar,21,23,38,5,87,0,32,44,1,77,21,55,82,6,164,58,0,58,222
10/15/2022,LFT,LA,ASW,CE,Combined TRACON& Tower with Radar,14,11,24,2,51,0,30,40,0,70,14,41,64,2,121,22,0,22,143
10/16/2022,LFT,LA,ASW,CE,Combined TRACON& Tower with Radar,17,14,34,1,66,0,16,25,0,41,17,30,59,1,107,22,0,22,129
10/17/2022,LFT,LA,ASW,CE,Combined TRACON& Tower with Radar,16,12,23,0,51,0,9,31,0,40,16,21,54,0,91,37,0,37,128
10/18/2022,LFT,LA,ASW,CE,Combined TRACON& Tower with Radar,19,20,16,0,55,0,11,21,0,32,19,31,37,0,87,12,0,12,99
10/19/2022,LFT,LA,ASW,CE,Combined TRACON& Tower with Radar,17,13,38,0,68,0,24,47,0,71,17,37,85,0,139,12,0,12,151
10/20/2022,LFT,LA,ASW,CE,Combined TRACON& Tower with Radar,18,26,30,0,74,0,28,39,0,67,18,54,69,0,141,44,0,44,185
10/21/2022,LFT,LA,ASW,CE,Combined TRACON& Tower with Radar,20,13,25,0,58,0,31,45,2,78,20,44,70,2,136,18,0,18,154
10/22/2022,LFT,LA,ASW,CE,Combined TRACON& Tower with Radar,17,17,12,0,46,0,18,35,0,53,17,35,47,0,99,12,0,12,111
10/23/2022,LFT,LA,ASW,CE,Combined TRACON& Tower with Radar,17,21,26,0,64,0,11,13,0,24,17,32,39,0,88,6,0,6,94
10/24/2022,LFT,LA,ASW,CE,Combined TRACON& Tower with Radar,16,18,18,0,52,0,24,26,0,50,16,42,44,0,102,10,0,10,112
10/25/2022,LFT,LA,ASW,CE,Combined TRACON& Tower with Radar,18,18,14,0,50,0,0,21,0,21,18,18,35,0,71,0,0,0,71
10/26/2022,LFT,LA,ASW,CE,Combined TRACON& Tower with Radar,25,14,26,0,65,0,1,43,0,44,25,15,69,0,109,0,0,0,109
10/27/2022,LFT,LA,ASW,CE,Combined TRACON& Tower with Radar,19,22,29,0,70,0,0,47,1,48,19,22,76,1,118,0,0,0,118
10/28/2022,LFT,LA,ASW,CE,Combined TRACON& Tower with Radar,19,14,31,0,64,0,1,26,0,27,19,15,57,0,91,0,0,0,91
10/29/2022,LFT,LA,ASW,CE,Combined TRACON& Tower with Radar,13,16,8,0,37,0,2,13,0,15,13,18,21,0,52,0,0,0,52
10/30/2022,LFT,LA,ASW,CE,Combined TRACON& Tower with Radar,18,17,21,3,59,0,2,13,0,15,18,19,34,3,74,0,0,0,74
10/31/2022,LFT,LA,ASW,CE,Combined TRACON& Tower with Radar,17,13,31,0,61,0,0,49,0,49,17,13,80,0,110,0,0,0,110
11/01/2022,LFT,LA,ASW,CE,Combined TRACON& Tower with Radar,21,9,28,0,58,0,0,22,0,22,21,9,50,0,80,0,0,0,80
11/02/2022,LFT,LA,ASW,CE,Combined TRACON& Tower with Radar,19,15,30,0,64,0,1,33,1,35,19,16,63,1,99,0,0,0,99
11/03/2022,LFT,LA,ASW,CE,Combined TRACON& Tower with Radar,19,13,22,0,54,0,10,43,0,53,19,23,65,0,107,0,0,0,107
11/04/2022,LFT,LA,ASW,CE,Combined TRACON& Tower with Radar,18,10,35,3,66,0,0,3,1,4,18,10,38,4,70,0,0,0,70
11/05/2022,LFT,LA,ASW,CE,Combined TRACON& Tower with Radar,16,7,11,0,34,0,2,9,0,11,16,9,20,0,45,0,0,0,45
11/06/2022,LFT,LA,ASW,CE,Combined TRACON& Tower with Radar,17,12,36,0,65,0,1,18,0,19,17,13,54,0,84,0,0,0,84
11/07/2022,LFT,LA,ASW,CE,Combined TRACON& Tower with Radar,17,9,28,0,54,0,1,22,0,23,17,10,50,0,77,0,0,0,77
11/08/2022,LFT,LA,ASW,CE,Combined TRACON& Tower with Radar,21,11,26,0,58,0,6,41,0,47,21,17,67,0,105,0,0,0,105
11/09/2022,LFT,LA,ASW,CE,Combined TRACON& Tower with Radar,19,11,30,6,66,0,0,21,1,22,19,11,51,7,88,0,0,0,88
11/10/2022,LFT,LA,ASW,CE,Combined TRACON& Tower with Radar,22,13,40,2,77,0,1,64,0,65,22,14,104,2,142,0,0,0,142
11/11/2022,LFT,LA,ASW,CE,Combined TRACON& Tower with Radar,22,13,34,0,69,0,4,40,0,44,22,17,74,0,113,0,0,0,113
11/12/2022,LFT,LA,ASW,CE,Combined TRACON& Tower with Radar,16,4,16,0,36,0,0,3,0,3,16,4,19,0,39,0,0,0,39
11/13/2022,LFT,LA,ASW,CE,Combined TRACON& Tower with Radar,18,13,31,0,62,0,5,30,0,35,18,18,61,0,97,0,0,0,97
11/14/2022,LFT,LA,ASW,CE,Combined TRACON& Tower with Radar,19,10,16,0,45,0,1,12,0,13,19,11,28,0,58,0,0,0,58
11/15/2022,LFT,LA,ASW,CE,Combined TRACON& Tower with Radar,24,16,21,0,61,0,0,1,0,1,24,16,22,0,62,0,0,0,62
11/16/2022,LFT,LA,ASW,CE,Combined TRACON& Tower with Radar,20,12,24,4,60,0,2,45,0,47,20,14,69,4,107,0,0,0,107
11/17/2022,LFT,LA,ASW,CE,Combined TRACON& Tower with Radar,23,8,38,4,73,0,5,41,2,48,23,13,79,6,121,0,0,0,121
11/18/2022,LFT,LA,ASW,CE,Combined TRACON& Tower with Radar,22,12,26,0,60,0,2,30,0,32,22,14,56,0,92,0,0,0,92
11/19/2022,LFT,LA,ASW,CE,Combined TRACON& Tower with Radar,19,9,24,0,52,0,0,4,0,4,19,9,28,0,56,0,0,0,56
11/20/2022,LFT,LA,ASW,CE,Combined TRACON& Tower with Radar,18,10,17,6,51,0,1,33,0,34,18,11,50,6,85,0,0,0,85
11/21/2022,LFT,LA,ASW,CE,Combined TRACON& Tower with Radar,19,11,18,0,48,0,1,28,0,29,19,12,46,0,77,0,0,0,77
11/22/2022,LFT,LA,ASW,CE,Combined TRACON& Tower with Radar,20,11,23,0,54,0,2,47,0,49,20,13,70,0,103,0,0,0,103
11/23/2022,LFT,LA,ASW,CE,Combined TRACON& Tower with Radar,20,9,28,2,59,0,0,55,0,55,20,9,83,2,114,0,0,0,114
11/24/2022,LFT,LA,ASW,CE,Combined TRACON& Tower with Radar,11,7,3,0,21,0,0,5,0,5,11,7,8,0,26,0,0,0,26
11/25/2022,LFT,LA,ASW,CE,Combined TRACON& Tower with Radar,21,17,11,0,49,0,0,0,0,0,21,17,11,0,49,0,0,0,49
11/26/2022,LFT,LA,ASW,CE,Combined TRACON& Tower with Radar,18,11,16,0,45,0,0,1,0,1,18,11,17,0,46,0,0,0,46
11/27/2022,LFT,LA,ASW,CE,Combined TRACON& Tower with Radar,17,7,34,0,58,0,1,36,0,37,17,8,70,0,95,0,0,0,95
11/28/2022,LFT,LA,ASW,CE,Combined TRACON& Tower with Radar,20,8,28,0,56,0,0,46,1,47,20,8,74,1,103,0,0,0,103
11/29/2022,LFT,LA,ASW,CE,Combined TRACON& Tower with Radar,20,8,21,0,49,0,0,0,0,0,20,8,21,0,49,0,0,0,49
11/30/2022,LFT,LA,ASW,CE,Combined TRACON& Tower with Radar,22,13,25,0,60,0,1,6,1,8,22,14,31,1,68,0,0,0,68
12/01/2022,LFT,LA,ASW,CE,Combined TRACON& Tower with Radar,21,9,38,4,72,0,45,44,0,89,21,54,82,4,161,30,0,30,191
12/02/2022,LFT,LA,ASW,CE,Combined TRACON& Tower with Radar,21,6,23,9,59,0,43,30,1,74,21,49,53,10,133,63,0,63,196
12/03/2022,LFT,LA,ASW,CE,Combined TRACON& Tower with Radar,21,7,12,0,40,0,2,3,0,5,21,9,15,0,45,8,0,8,53
12/04/2022,LFT,LA,ASW,CE,Combined TRACON& Tower with Radar,17,5,35,15,72,0,6,10,2,18,17,11,45,17,90,23,2,25,115
12/05/2022,LFT,LA,ASW,CE,Combined TRACON& Tower with Radar,20,8,33,0,61,0,11,12,0,23,20,19,45,0,84,20,0,20,104
12/06/2022,LFT,LA,ASW,CE,Combined TRACON& Tower with Radar,22,7,15,0,44,0,27,21,0,48,22,34,36,0,92,6,0,6,98
12/07/2022,LFT,LA,ASW,CE,Combined TRACON& Tower with Radar,22,11,47,1,81,0,17,29,0,46,22,28,76,1,127,17,0,17,144
12/08/2022,LFT,LA,ASW,CE,Combined TRACON& Tower with Radar,20,7,22,0,49,0,20,18,0,38,20,27,40,0,87,40,0,40,127
12/09/2022,LFT,LA,ASW,CE,Combined TRACON& Tower with Radar,26,17,49,0,92,0,17,18,0,35,26,34,67,0,127,37,0,37,164
12/10/2022,LFT,LA,ASW,CE,Combined TRACON& Tower with Radar,18,5,17,0,40,0,23,13,0,36,18,28,30,0,76,0,0,0,76
12/11/2022,LFT,LA,ASW,CE,Combined TRACON& Tower with Radar,18,6,22,0,46,0,5,7,0,12,18,11,29,0,58,8,0,8,66
12/12/2022,LFT,LA,ASW,CE,Combined TRACON& Tower with Radar,19,13,31,2,65,0,15,14,0,29,19,28,45,2,94,25,0,25,119
12/13/2022,LFT,LA,ASW,CE,Combined TRACON& Tower with Radar,19,20,42,0,81,0,11,1,0,12,19,31,43,0,93,0,0,0,93
12/14/2022,LFT,LA,ASW,CE,Combined TRACON& Tower with Radar,19,11,19,0,49,0,0,4,0,4,19,11,23,0,53,0,0,0,53
12/15/2022,LFT,LA,ASW,CE,Combined TRACON& Tower with Radar,16,12,33,2,63,0,53,50,0,103,16,65,83,2,166,4,0,4,170
12/16/2022,LFT,LA,ASW,CE,Combined TRACON& Tower with Radar,17,16,22,0,55,0,34,37,0,71,17,50,59,0,126,21,0,21,147
12/17/2022,LFT,LA,ASW,CE,Combined TRACON& Tower with Radar,13,12,15,0,40,0,14,32,0,46,13,26,47,0,86,11,0,11,97
12/18/2022,LFT,LA,ASW,CE,Combined TRACON& Tower with Radar,13,17,26,0,56,0,18,23,0,41,13,35,49,0,97,0,0,0,97
12/19/2022,LFT,LA,ASW,CE,Combined TRACON& Tower with Radar,14,11,13,0,38,0,3,7,0,10,14,14,20,0,48,29,0,29,77
12/20/2022,LFT,LA,ASW,CE,Combined TRACON& Tower with Radar,16,10,15,1,42,0,2,0,0,2,16,12,15,1,44,0,0,0,44
12/21/2022,LFT,LA,ASW,CE,Combined TRACON& Tower with Radar,21,10,23,2,56,0,0,0,0,0,21,10,23,2,56,0,0,0,56
12/22/2022,LFT,LA,ASW,CE,Combined TRACON& Tower with Radar,18,9,19,0,46,0,5,0,0,5,18,14,19,0,51,0,0,0,51
12/23/2022,LFT,LA,ASW,CE,Combined TRACON& Tower with Radar,13,7,11,0,31,0,8,4,0,12,13,15,15,0,43,0,0,0,43
12/24/2022,LFT,LA,ASW,CE,Combined TRACON& Tower with Radar,11,10,2,0,23,0,13,13,0,26,11,23,15,0,49,0,0,0,49
12/25/2022,LFT,LA,ASW,CE,Combined TRACON& Tower with Radar,10,11,6,0,27,0,7,7,0,14,10,18,13,0,41,28,0,28,69
12/26/2022,LFT,LA,ASW,CE,Combined TRACON& Tower with Radar,12,9,20,0,41,0,7,32,0,39,12,16,52,0,80,19,0,19,99
12/27/2022,LFT,LA,ASW,CE,Combined TRACON& Tower with Radar,17,16,40,0,73,0,15,50,0,65,17,31,90,0,138,5,0,5,143
12/28/2022,LFT,LA,ASW,CE,Combined TRACON& Tower with Radar,18,12,24,0,54,0,8,41,0,49,18,20,65,0,103,27,0,27,130
12/29/2022,LFT,LA,ASW,CE,Combined TRACON& Tower with Radar,14,16,22,0,52,0,17,7,0,24,14,33,29,0,76,6,0,6,82
12/30/2022,LFT,LA,ASW,CE,Combined TRACON& Tower with Radar,15,12,25,0,52,0,0,0,0,0,15,12,25,0,52,0,0,0,52
12/31/2022,LFT,LA,ASW,CE,Combined TRACON& Tower with Radar,11,15,28,0,54,0,8,15,0,23,11,23,43,0,77,0,0,0,77
01/01/2023,LFT,LA,ASW,CE,Combined TRACON& Tower with Radar,10,6,7,0,23,0,0,0,0,0,10,6,7,0,23,0,0,0,23
01/02/2023,LFT,LA,ASW,CE,Combined TRACON& Tower with Radar,17,6,22,0,45,0,6,2,0,8,17,12,24,0,53,0,0,0,53
01/03/2023,LFT,LA,ASW,CE,Combined TRACON& Tower with Radar,16,11,14,0,41,0,0,0,0,0,16,11,14,0,41,0,0,0,41
01/04/2023,LFT,LA,ASW,CE,Combined TRACON& Tower with Radar,17,14,22,1,54,0,39,40,3,82,17,53,62,4,136,49,0,49,185
01/05/2023,LFT,LA,ASW,CE,Combined TRACON& Tower with Radar,17,18,16,0,51,0,37,35,0,72,17,55,51,0,123,25,0,25,148
01/06/2023,LFT,LA,ASW,CE,Combined TRACON& Tower with Radar,18,10,21,0,49,0,40,55,0,95,18,50,76,0,144,63,0,63,207
01/07/2023,LFT,LA,ASW,CE,Combined TRACON& Tower with Radar,12,8,13,0,33,0,11,33,0,44,12,19,46,0,77,21,0,21,98
01/08/2023,LFT,LA,ASW,CE,Combined TRACON& Tower with Radar,13,11,16,0,40,0,0,0,0,0,13,11,16,0,40,0,0,0,40
01/09/2023,LFT,LA,ASW,CE,Combined TRACON& Tower with Radar,16,14,21,0,51,0,41,33,0,74,16,55,54,0,125,70,0,70,195
01/10/2023,LFT,LA,ASW,CE,Combined TRACON& Tower with Radar,17,13,28,0,58,0,23,20,0,43,17,36,48,0,101,46,0,46,147
01/11/2023,LFT,LA,ASW,CE,Combined TRACON& Tower with Radar,20,8,26,2,56,0,0,13,0,13,20,8,39,2,69,0,0,0,69
01/12/2023,LFT,LA,ASW,CE,Combined TRACON& Tower with Radar,18,10,20,0,48,0,3,18,0,21,18,13,38,0,69,0,0,0,69
01/13/2023,LFT,LA,ASW,CE,Combined TRACON& Tower with Radar,21,9,28,0,58,0,2,50,0,52,21,11,78,0,110,14,0,14,124
01/14/2023,LFT,LA,ASW,CE,Combined TRACON& Tower with Radar,13,8,29,0,50,0,4,53,0,57,13,12,82,0,107,43,0,43,150
01/15/2023,LFT,LA,ASW,CE,Combined TRACON& Tower with Radar,12,15,24,3,54,0,11,20,0,31,12,26,44,3,85,39,0,39,124
01/16/2023,LFT,LA,ASW,CE,Combined TRACON& Tower with Radar,17,9,17,0,43,0,14,14,0,28,17,23,31,0,71,0,0,0,71
01/17/2023,LFT,LA,ASW,CE,Combined TRACON& Tower with Radar,20,13,33,0,66,0,12,17,0,29,20,25,50,0,95,31,0,31,126
01/18/2023,LFT,LA,ASW,CE,Combined TRACON& Tower with Radar,18,13,25,0,56,0,9,3,0,12,18,22,28,0,68,0,0,0,68
01/19/2023,LFT,LA,ASW,CE,Combined TRACON& Tower with Radar,20,14,34,3,71,0,26,38,1,65,20,40,72,4,136,48,0,48,184
01/20/2023,LFT,LA,ASW,CE,Combined TRACON& Tower with Radar,19,25,28,2,74,0,29,46,0,75,19,54,74,2,149,71,0,71,220
01/21/2023,LFT,LA,ASW,CE,Combined TRACON& Tower with Radar,15,8,6,0,29,0,0,1,0,1,15,8,7,0,30,0,0,0,30
01/22/2023,LFT,LA,ASW,CE,Combined TRACON& Tower with Radar,15,12,28,0,55,0,3,17,0,20,15,15,45,0,75,0,0,0,75
01/23/2023,LFT,LA,ASW,CE,Combined TRACON& Tower with Radar,18,15,31,8,72,0,38,45,0,83,18,53,76,8,155,28,0,28,183
01/24/2023,LFT,LA,ASW,CE,Combined TRACON& Tower with Radar,18,9,10,0,37,0,1,0,0,1,18,10,10,0,38,0,0,0,38
01/25/2023,LFT,LA,ASW,CE,Combined TRACON& Tower with Radar,21,18,34,2,75,0,23,13,0,36,21,41,47,2,111,13,1,14,125
01/26/2023,LFT,LA,ASW,CE,Combined TRACON& Tower with Radar,18,19,28,0,65,0,27,44,0,71,18,46,72,0,136,39,0,39,175
01/27/2023,LFT,LA,ASW,CE,Combined TRACON& Tower with Radar,19,14,16,0,49,0,29,47,2,78,19,43,63,2,127,107,0,107,234
01/28/2023,LFT,LA,ASW,CE,Combined TRACON& Tower with Radar,15,8,15,0,38,0,17,16,2,35,15,25,31,2,73,12,0,12,85
01/29/2023,LFT,LA,ASW,CE,Combined TRACON& Tower with Radar,17,12,22,0,51,0,0,0,0,0,17,12,22,0,51,0,0,0,51
01/30/2023,LFT,LA,ASW,CE,Combined TRACON& Tower with Radar,12,13,11,3,39,0,0,0,0,0,12,13,11,3,39,0,0,0,39
01/31/2023,LFT,LA,ASW,CE,Combined TRACON& Tower with Radar,11,10,5,0,26,0,0,0,0,0,11,10,5,0,26,0,0,0,26
02/01/2023,LFT,LA,ASW,CE,Combined TRACON& Tower with Radar,11,16,11,0,38,0,0,0,0,0,11,16,11,0,38,0,0,0,38
02/02/2023,LFT,LA,ASW,CE,Combined TRACON& Tower with Radar,17,9,6,2,34,0,0,0,0,0,17,9,6,2,34,0,0,0,34
02/03/2023,LFT,LA,ASW,CE,Combined TRACON& Tower with Radar,19,17,18,0,54,0,16,53,0,69,19,33,71,0,123,72,0,72,195
02/04/2023,LFT,LA,ASW,CE,Combined TRACON& Tower with Radar,16,9,12,2,39,0,34,68,0,102,16,43,80,2,141,50,0,50,191
02/05/2023,LFT,LA,ASW,CE,Combined TRACON& Tower with Radar,16,6,22,0,44,0,13,53,0,66,16,19,75,0,110,62,0,62,172
02/06/2023,LFT,LA,ASW,CE,Combined TRACON& Tower with Radar,16,10,15,0,41,0,40,39,0,79,16,50,54,0,120,34,0,34,154
02/07/2023,LFT,LA,ASW,CE,Combined TRACON& Tower with Radar,13,16,22,0,51,0,35,34,0,69,13,51,56,0,120,36,0,36,156
02/08/2023,LFT,LA,ASW,CE,Combined TRACON& Tower with Radar,12,6,17,0,35,0,4,0,0,4,12,10,17,0,39,0,0,0,39
02/09/2023,LFT,LA,ASW,CE,Combined TRACON& Tower with Radar,20,18,29,10,77,0,19,38,0,57,20,37,67,10,134,36,0,36,170
02/10/2023,LFT,LA,ASW,CE,Combined TRACON& Tower with Radar,19,14,12,0,45,0,21,36,3,60,19,35,48,3,105,12,0,12,117
02/11/2023,LFT,LA,ASW,CE,Combined TRACON& Tower with Radar,16,15,2,0,33,0,5,0,0,5,16,20,2,0,38,0,0,0,38
02/12/2023,LFT,LA,ASW,CE,Combined TRACON& Tower with Radar,14,12,23,2,51,0,23,54,0,77,14,35,77,2,128,0,0,0,128
02/13/2023,LFT,LA,ASW,CE,Combined TRACON& Tower with Radar,15,11,19,0,45,0,10,21,0,31,15,21,40,0,76,0,0,0,76
02/14/2023,LFT,LA,ASW,CE,Combined TRACON& Tower with Radar,16,13,16,0,45,0,0,6,0,6,16,13,22,0,51,0,0,0,51
02/15/2023,LFT,LA,ASW,CE,Combined TRACON& Tower with Radar,14,20,28,0,62,0,4,0,0,4,14,24,28,0,66,0,0,0,66
02/16/2023,LFT,LA,ASW,CE,Combined TRACON& Tower with Radar,21,9,9,0,39,0,0,0,0,0,21,9,9,0,39,0,0,0,39
02/17/2023,LFT,LA,ASW,CE,Combined TRACON& Tower with Radar,22,17,35,0,74,0,9,35,0,44,22,26,70,0,118,4,0,4,122
02/18/2023,LFT,LA,ASW,CE,Combined TRACON& Tower with Radar,16,9,19,0,44,0,14,37,0,51,16,23,56,0,95,16,0,16,111
02/19/2023,LFT,LA,ASW,CE,Combined TRACON& Tower with Radar,16,15,24,0,55,0,17,32,0,49,16,32,56,0,104,62,0,62,166
02/20/2023,LFT,LA,ASW,CE,Combined TRACON& Tower with Radar,17,8,29,0,54,0,1,10,0,11,17,9,39,0,65,0,0,0,65
02/21/2023,LFT,LA,ASW,CE,Combined TRACON& Tower with Radar,15,20,23,0,58,0,4,11,0,15,15,24,34,0,73,0,0,0,73
02/22/2023,LFT,LA,ASW,CE,Combined TRACON& Tower with Radar,16,9,20,2,47,0,0,3,0,3,16,9,23,2,50,0,0,0,50
02/23/2023,LFT,LA,ASW,CE,Combined TRACON& Tower with Radar,21,15,31,2,69,0,1,8,0,9,21,16,39,2,78,0,0,0,78
02/24/2023,LFT,LA,ASW,CE,Combined TRACON& Tower with Radar,19,10,38,0,67,0,0,9,0,9,19,10,47,0,76,0,0,0,76
02/25/2023,LFT,LA,ASW,CE,Combined TRACON& Tower with Radar,15,9,19,0,43,0,1,18,0,19,15,10,37,0,62,0,0,0,62
02/26/2023,LFT,LA,ASW,CE,Combined TRACON& Tower with Radar,17,18,35,1,71,0,1,18,0,19,17,19,53,1,90,0,0,0,90
02/27/2023,LFT,LA,ASW,CE,Combined TRACON& Tower with Radar,17,20,27,0,64,0,6,18,0,24,17,26,45,0,88,0,0,0,88
02/28/2023,LFT,LA,ASW,CE,Combined TRACON& Tower with Radar,13,10,29,1,53,0,3,32,1,36,13,13,61,2,89,0,0,0,89
03/01/2023,LFT,LA,ASW,CE,Combined TRACON& Tower with Radar,14,12,26,0,52,0,4,1,0,5,14,16,27,0,57,0,0,0,57
03/02/2023,LFT,LA,ASW,CE,Combined TRACON& Tower with Radar,14,16,21,1,52,0,1,11,1,13,14,17,32,2,65,0,0,0,65
03/03/2023,LFT,LA,ASW,CE,Combined TRACON& Tower with Radar,21,14,21,0,56,0,2,26,0,28,21,16,47,0,84,0,0,0,84
03/04/2023,LFT,LA,ASW,CE,Combined TRACON& Tower with Radar,17,9,24,0,50,0,2,47,0,49,17,11,71,0,99,0,0,0,99
03/05/2023,LFT,LA,ASW,CE,Combined TRACON& Tower with Radar,15,9,21,0,45,0,6,49,0,55,15,15,70,0,100,0,0,0,100
03/06/2023,LFT,LA,ASW,CE,Combined TRACON& Tower with Radar,16,10,37,0,63,0,5,15,1,21,16,15,52,1,84,35,0,35,119
03/07/2023,LFT,LA,ASW,CE,Combined TRACON& Tower with Radar,13,11,26,0,50,0,6,14,0,20,13,17,40,0,70,20,0,20,90
03/08/2023,LFT,LA,ASW,CE,Combined TRACON& Tower with Radar,16,9,17,0,42,0,12,22,0,34,16,21,39,0,76,52,0,52,128
03/09/2023,LFT,LA,ASW,CE,Combined TRACON& Tower with Radar,21,16,17,0,54,0,9,23,2,34,21,25,40,2,88,40,4,44,132
03/10/2023,LFT,LA,ASW,CE,Combined TRACON& Tower with Radar,20,14,25,5,64,0,8,16,0,24,20,22,41,5,88,36,22,58,146
03/11/2023,LFT,LA,ASW,CE,Combined TRACON& Tower with Radar,19,13,21,0,53,0,10,18,0,28,19,23,39,0,81,8,0,8,89
03/12/2023,LFT,LA,ASW,CE,Combined TRACON& Tower with Radar,15,17,17,0,49,0,7,10,0,17,15,24,27,0,66,0,0,0,66
03/13/2023,LFT,LA,ASW,CE,Combined TRACON& Tower with Radar,17,9,21,0,47,0,17,22,1,40,17,26,43,1,87,15,0,15,102
03/14/2023,LFT,LA,ASW,CE,Combined TRACON& Tower with Radar,18,14,23,0,55,0,34,32,1,67,18,48,55,1,122,58,0,58,180
03/15/2023,LFT,LA,ASW,CE,Combined TRACON& Tower with Radar,16,10,38,3,67,0,16,37,0,53,16,26,75,3,120,32,0,32,152
03/16/2023,LFT,LA,ASW,CE,Combined TRACON& Tower with Radar,15,10,26,0,51,0,31,23,0,54,15,41,49,0,105,20,0,20,125
03/17/2023,LFT,LA,ASW,CE,Combined TRACON& Tower with Radar,21,13,15,0,49,0,2,1,0,3,21,15,16,0,52,0,0,0,52
03/18/2023,LFT,LA,ASW,CE,Combined TRACON& Tower with Radar,17,12,17,0,46,0,14,17,1,32,17,26,34,1,78,4,0,4,82
03/19/2023,LFT,LA,ASW,CE,Combined TRACON& Tower with Radar,15,15,15,0,45,0,9,34,0,43,15,24,49,0,88,4,0,4,92
03/20/2023,LFT,LA,ASW,CE,Combined TRACON& Tower with Radar,17,10,28,2,57,0,33,30,0,63,17,43,58,2,120,8,0,8,128
03/21/2023,LFT,LA,ASW,CE,Combined TRACON& Tower with Radar,17,7,27,2,53,0,29,45,0,74,17,36,72,2,127,8,0,8,135
03/22/2023,LFT,LA,ASW,CE,Combined TRACON& Tower with Radar,16,19,27,5,67,0,39,24,4,67,16,58,51,9,134,22,0,22,156
03/23/2023,LFT,LA,ASW,CE,Combined TRACON& Tower with Radar,17,12,31,0,60,0,14,5,0,19,17,26,36,0,79,0,0,0,79
03/24/2023,LFT,LA,ASW,CE,Combined TRACON& Tower with Radar,18,13,20,0,51,0,3,2,0,5,18,16,22,0,56,2,0,2,58
03/25/2023,LFT,LA,ASW,CE,Combined TRACON& Tower with Radar,19,12,30,0,61,0,2,38,0,40,19,14,68,0,101,12,0,12,113
03/26/2023,LFT,LA,ASW,CE,Combined TRACON& Tower with Radar,20,4,18,6,48,0,1,2,0,3,20,5,20,6,51,2,0,2,53
03/27/2023,LFT,LA,ASW,CE,Combined TRACON& Tower with Radar,24,7,16,0,47,0,0,6,0,6,24,7,22,0,53,0,0,0,53
03/28/2023,LFT,LA,ASW,CE,Combined TRACON& Tower with Radar,22,5,22,0,49,0,0,15,0,15,22,5,37,0,64,0,0,0,64
03/29/2023,LFT,LA,ASW,CE,Combined TRACON& Tower with Radar,21,4,32,0,57,0,26,34,0,60,21,30,66,0,117,45,0,45,162
03/30/2023,LFT,LA,ASW,CE,Combined TRACON& Tower with Radar,25,6,31,0,62,0,25,38,0,63,25,31,69,0,125,29,0,29,154
03/31/2023,LFT,LA,ASW,CE,Combined TRACON& Tower with Radar,24,6,24,0,54,0,9,10,0,19,24,15,34,0,73,0,0,0,73
04/01/2023,LFT,LA,ASW,CE,Combined TRACON& Tower with Radar,23,5,22,0,50,0,6,27,0,33,23,11,49,0,83,41,0,41,124
04/02/2023,LFT,LA,ASW,CE,Combined TRACON& Tower with Radar,19,4,40,6,69,0,7,37,0,44,19,11,77,6,113,38,0,38,151
04/03/2023,LFT,LA,ASW,CE,Combined TRACON& Tower with Radar,25,4,36,2,67,0,6,22,0,28,25,10,58,2,95,44,0,44,139
04/04/2023,LFT,LA,ASW,CE,Combined TRACON& Tower with Radar,24,5,31,4,64,0,18,7,0,25,24,23,38,4,89,0,0,0,89
04/05/2023,LFT,LA,ASW,CE,Combined TRACON& Tower with Radar,30,6,25,0,61,0,20,6,1,27,30,26,31,1,88,4,0,4,92
04/06/2023,LFT,LA,ASW,CE,Combined TRACON& Tower with Radar,26,7,27,0,60,0,1,1,0,2,26,8,28,0,62,25,0,25,87
04/07/2023,LFT,LA,ASW,CE,Combined TRACON& Tower with Radar,25,7,18,0,50,0,0,0,0,0,25,7,18,0,50,0,0,0,50
04/08/2023,LFT,LA,ASW,CE,Combined TRACON& Tower with Radar,25,5,16,0,46,0,5,1,0,6,25,10,17,0,52,4,0,4,56
04/09/2023,LFT,LA,ASW,CE,Combined TRACON& Tower with Radar,21,9,18,0,48,0,6,0,0,6,21,15,18,0,54,0,0,0,54
04/10/2023,LFT,LA,ASW,CE,Combined TRACON& Tower with Radar,26,8,31,0,65,0,30,42,0,72,26,38,73,0,137,71,0,71,208
04/11/2023,LFT,LA,ASW,CE,Combined TRACON& Tower with Radar,26,3,33,0,62,0,32,25,0,57,26,35,58,0,119,66,0,66,185
04/12/2023,LFT,LA,ASW,CE,Combined TRACON& Tower with Radar,24,7,19,0,50,0,27,27,0,54,24,34,46,0,104,6,0,6,110
04/13/2023,LFT,LA,ASW,CE,Combined TRACON& Tower with Radar,24,6,31,0,61,0,17,25,4,46,24,23,56,4,107,48,8,56,163
04/14/2023,LFT,LA,ASW,CE,Combined TRACON& Tower with Radar,27,5,48,4,84,0,21,39,0,60,27,26,87,4,144,72,0,72,216
04/15/2023,LFT,LA,ASW,CE,Combined TRACON& Tower with Radar,19,9,14,0,42,0,4,2,0,6,19,13,16,0,48,24,0,24,72
04/16/2023,LFT,LA,ASW,CE,Combined TRACON& Tower with Radar,23,4,31,0,58,0,13,35,0,48,23,17,66,0,106,2,0,2,108
04/17/2023,LFT,LA,ASW,CE,Combined TRACON& Tower with Radar,24,9,31,3,67,0,28,43,1,72,24,37,74,4,139,19,0,19,158
04/18/2023,LFT,LA,ASW,CE,Combined TRACON& Tower with Radar,28,4,21,0,53,0,2,24,0,26,28,6,45,0,79,0,0,0,79
04/19/2023,LFT,LA,ASW,CE,Combined TRACON& Tower with Radar,23,7,48,0,78,0,6,51,0,57,23,13,99,0,135,0,0,0,135
04/20/2023,LFT,LA,ASW,CE,Combined TRACON& Tower with Radar,25,9,30,2,66,0,3,21,0,24,25,12,51,2,90,0,0,0,90
04/21/2023,LFT,LA,ASW,CE,Combined TRACON& Tower with Radar,27,2,16,2,47,0,2,12,0,14,27,4,28,2,61,0,0,0,61
04/22/2023,LFT,LA,ASW,CE,Combined TRACON& Tower with Radar,23,3,13,4,43,0,17,46,1,64,23,20,59,5,107,12,3,15,122
04/23/2023,LFT,LA,ASW,CE,Combined TRACON& Tower with Radar,25,10,26,2,63,0,5,27,0,32,25,15,53,2,95,0,0,0,95
04/24/2023,LFT,LA,ASW,CE,Combined TRACON& Tower with Radar,24,5,33,0,62,0,2,50,0,52,24,7,83,0,114,0,0,0,114
04/25/2023,LFT,LA,ASW,CE,Combined TRACON& Tower with Radar,24,4,32,2,62,0,5,26,0,31,24,9,58,2,93,0,0,0,93
04/26/2023,LFT,LA,ASW,CE,Combined TRACON& Tower with Radar,21,5,39,2,67,0,1,28,0,29,21,6,67,2,96,0,0,0,96
04/27/2023,LFT,LA,ASW,CE,Combined TRACON& Tower with Radar,24,7,23,0,54,0,1,11,0,12,24,8,34,0,66,0,0,0,66
04/28/2023,LFT,LA,ASW,CE,Combined TRACON& Tower with Radar,25,12,24,0,61,0,2,61,0,63,25,14,85,0,124,0,0,0,124
04/29/2023,LFT,LA,ASW,CE,Combined TRACON& Tower with Radar,23,5,20,0,48,0,3,7,0,10,23,8,27,0,58,0,0,0,58
04/30/2023,LFT,LA,ASW,CE,Combined TRACON& Tower with Radar,24,7,21,0,52,0,0,42,0,42,24,7,63,0,94,0,0,0,94
05/01/2023,LFT,LA,ASW,CE,Combined TRACON& Tower with Radar,25,6,25,0,56,0,24,42,0,66,25,30,67,0,122,7,0,7,129
05/02/2023,LFT,LA,ASW,CE,Combined TRACON& Tower with Radar,25,5,23,0,53,0,33,51,0,84,25,38,74,0,137,36,0,36,173
05/03/2023,LFT,LA,ASW,CE,Combined TRACON& Tower with Radar,22,9,24,0,55,0,43,41,0,84,22,52,65,0,139,24,0,24,163
05/04/2023,LFT,LA,ASW,CE,Combined TRACON& Tower with Radar,24,3,32,0,59,0,20,36,0,56,24,23,68,0,115,65,0,65,180
05/05/2023,LFT,LA,ASW,CE,Combined TRACON& Tower with Radar,23,6,30,0,59,0,17,9,0,26,23,23,39,0,85,11,0,11,96
05/06/2023,LFT,LA,ASW,CE,Combined TRACON& Tower with Radar,18,11,21,0,50,0,7,7,0,14,18,18,28,0,64,4,0,4,68
05/07/2023,LFT,LA,ASW,CE,Combined TRACON& Tower with Radar,19,8,43,0,70,0,7,12,0,19,19,15,55,0,89,0,0,0,89
05/08/2023,LFT,LA,ASW,CE,Combined TRACON& Tower with Radar,19,4,24,2,49,0,4,9,0,13,19,8,33,2,62,12,0,12,74
05/09/2023,LFT,LA,ASW,CE,Combined TRACON& Tower with Radar,16,8,21,0,45,0,10,9,0,19,16,18,30,0,64,2,0,2,66
05/10/2023,LFT,LA,ASW,CE,Combined TRACON& Tower with Radar,17,10,21,0,48,0,17,24,0,41,17,27,45,0,89,14,0,14,103
05/11/2023,LFT,LA,ASW,CE,Combined TRACON& Tower with Radar,24,18,36,0,78,0,22,21,0,43,24,40,57,0,121,4,0,4,125
05/12/2023,LFT,LA,ASW,CE,Combined TRACON& Tower with Radar,24,9,26,1,60,0,6,21,0,27,24,15,47,1,87,18,0,18,105
05/13/2023,LFT,LA,ASW,CE,Combined TRACON& Tower with Radar,18,6,21,0,45,0,20,30,0,50,18,26,51,0,95,24,0,24,119
05/14/2023,LFT,LA,ASW,CE,Combined TRACON& Tower with Radar,20,8,15,0,43,0,8,7,0,15,20,16,22,0,58,0,0,0,58
05/15/2023,LFT,LA,ASW,CE,Combined TRACON& Tower with Radar,20,14,17,0,51,0,17,16,2,35,20,31,33,2,86,2,0,2,88
05/16/2023,LFT,LA,ASW,CE,Combined TRACON& Tower with Radar,16,7,31,0,54,0,37,26,0,63,16,44,57,0,117,27,0,27,144
05/17/2023,LFT,LA,ASW,CE,Combined TRACON& Tower with Radar,21,7,50,0,78,0,24,35,0,59,21,31,85,0,137,40,0,40,177
05/18/2023,LFT,LA,ASW,CE,Combined TRACON& Tower with Radar,22,10,38,0,70,0,33,54,0,87,22,43,92,0,157,25,0,25,182
05/19/2023,LFT,LA,ASW,CE,Combined TRACON& Tower with Radar,17,10,24,1,52,0,26,37,1,64,17,36,61,2,116,35,0,35,151
05/20/2023,LFT,LA,ASW,CE,Combined TRACON& Tower with Radar,17,7,22,6,52,0,17,27,2,46,17,24,49,8,98,4,0,4,102
05/21/2023,LFT,LA,ASW,CE,Combined TRACON& Tower with Radar,19,6,29,1,55,0,21,23,0,44,19,27,52,1,99,24,0,24,123
05/22/2023,LFT,LA,ASW,CE,Combined TRACON& Tower with Radar,20,7,30,0,57,0,37,29,0,66,20,44,59,0,123,22,14,36,159
05/23/2023,LFT,LA,ASW,CE,Combined TRACON& Tower with Radar,22,8,33,0,63,0,43,33,2,78,22,51,66,2,141,58,0,58,199
05/24/2023,LFT,LA,ASW,CE,Combined TRACON& Tower with Radar,21,6,34,0,61,0,29,42,0,71,21,35,76,0,132,22,0,22,154
05/25/2023,LFT,LA,ASW,CE,Combined TRACON& Tower with Radar,22,10,34,2,68,0,48,37,0,85,22,58,71,2,153,8,0,8,161
05/26/2023,LFT,LA,ASW,CE,Combined TRACON& Tower with Radar,21,13,20,0,54,0,30,39,0,69,21,43,59,0,123,19,0,19,142
05/27/2023,LFT,LA,ASW,CE,Combined TRACON& Tower with Radar,15,8,13,0,36,0,12,35,0,47,15,20,48,0,83,32,0,32,115
05/28/2023,LFT,LA,ASW,CE,Combined TRACON& Tower with Radar,14,8,14,0,36,0,21,26,0,47,14,29,40,0,83,26,0,26,109
05/29/2023,LFT,LA,ASW,CE,Combined TRACON& Tower with Radar,20,9,29,0,58,0,14,34,0,48,20,23,63,0,106,12,0,12,118
05/30/2023,LFT,LA,ASW,CE,Combined TRACON& Tower with Radar,17,10,25,2,54,0,28,25,0,53,17,38,50,2,107,61,0,61,168
05/31/2023,LFT,LA,ASW,CE,Combined TRACON& Tower with Radar,22,4,29,0,55,0,21,33,4,58,22,25,62,4,113,67,0,67,180
06/01/2023,LFT,LA,ASW,CE,Combined TRACON& Tower with Radar,26,2,15,0,43,0,43,54,0,97,26,45,69,0,140,25,0,25,165
06/02/2023,LFT,LA,ASW,CE,Combined TRACON& Tower with Radar,21,9,24,2,56,0,36,37,0,73,21,45,61,2,129,35,0,35,164
06/03/2023,LFT,LA,ASW,CE,Combined TRACON& Tower with Radar,16,7,14,0,37,0,18,32,0,50,16,25,46,0,87,18,0,18,105
06/04/2023,LFT,LA,ASW,CE,Combined TRACON& Tower with Radar,15,10,26,0,51,0,9,31,0,40,15,19,57,0,91,0,0,0,91
06/05/2023,LFT,LA,ASW,CE,Combined TRACON& Tower with Radar,18,9,15,0,42,0,7,14,2,23,18,16,29,2,65,17,0,17,82
06/06/2023,LFT,LA,ASW,CE,Combined TRACON& Tower with Radar,15,12,31,0,58,0,43,21,0,64,15,55,52,0,122,33,0,33,155
06/07/2023,LFT,LA,ASW,CE,Combined TRACON& Tower with Radar,22,10,26,0,58,0,6,46,0,52,22,16,72,0,110,0,0,0,110
06/08/2023,LFT,LA,ASW,CE,Combined TRACON& Tower with Radar,20,13,20,0,53,0,29,27,0,56,20,42,47,0,109,39,0,39,148
06/09/2023,LFT,LA,ASW,CE,Combined TRACON& Tower with Radar,17,9,25,6,57,0,16,24,2,42,17,25,49,8,99,48,0,48,147
06/10/2023,LFT,LA,ASW,CE,Combined TRACON& Tower with Radar,13,10,30,0,53,0,15,51,0,66,13,25,81,0,119,2,0,2,121
06/11/2023,LFT,LA,ASW,CE,Combined TRACON& Tower with Radar,14,14,31,0,59,0,11,17,0,28,14,25,48,0,87,13,0,13,100
06/12/2023,LFT,LA,ASW,CE,Combined TRACON& Tower with Radar,16,11,25,0,52,0,25,27,0,52,16,36,52,0,104,18,0,18,122
06/13/2023,LFT,LA,ASW,CE,Combined TRACON& Tower with Radar,15,10,22,2,49,0,40,24,1,65,15,50,46,3,114,38,0,38,152
06/14/2023,LFT,LA,ASW,CE,Combined TRACON& Tower with Radar,19,12,44,0,75,0,28,32,0,60,19,40,76,0,135,53,0,53,188
06/15/2023,LFT,LA,ASW,CE,Combined TRACON& Tower with Radar,17,13,26,0,56,0,37,18,0,55,17,50,44,0,111,0,0,0,111
06/16/2023,LFT,LA,ASW,CE,Combined TRACON& Tower with Radar,17,11,21,4,53,0,27,20,0,47,17,38,41,4,100,22,0,22,122
06/17/2023,LFT,LA,ASW,CE,Combined TRACON& Tower with Radar,15,9,18,0,42,0,19,15,2,36,15,28,33,2,78,22,0,22,100
06/18/2023,LFT,LA,ASW,CE,Combined TRACON& Tower with Radar,15,14,34,0,63,0,18,19,0,37,15,32,53,0,100,16,0,16,116
06/19/2023,LFT,LA,ASW,CE,Combined TRACON& Tower with Radar,16,16,20,0,52,0,24,22,0,46,16,40,42,0,98,12,0,12,110
06/20/2023,LFT,LA,ASW,CE,Combined TRACON& Tower with Radar,12,9,17,0,38,0,33,22,0,55,12,42,39,0,93,40,0,40,133
06/21/2023,LFT,LA,ASW,CE,Combined TRACON& Tower with Radar,18,13,33,0,64,0,36,40,0,76,18,49,73,0,140,27,0,27,167
06/22/2023,LFT,LA,ASW,CE,Combined TRACON& Tower with Radar,17,10,16,2,45,0,30,47,0,77,17,40,63,2,122,42,0,42,164
06/23/2023,LFT,LA,ASW,CE,Combined TRACON& Tower with Radar,18,14,20,2,54,0,20,26,0,46,18,34,46,2,100,26,0,26,126
06/24/2023,LFT,LA,ASW,CE,Combined TRACON& Tower with Radar,14,8,18,0,40,0,4,13,0,17,14,12,31,0,57,13,0,13,70
06/25/2023,LFT,LA,ASW,CE,Combined TRACON& Tower with Radar,17,9,31,2,59,0,14,29,0,43,17,23,60,2,102,11,0,11,113
06/26/2023,LFT,LA,ASW,CE,Combined TRACON& Tower with Radar,21,7,22,4,54,0,24,39,0,63,21,31,61,4,117,18,0,18,135
06/27/2023,LFT,LA,ASW,CE,Combined TRACON& Tower with Radar,21,8,27,2,58,0,29,36,0,65,21,37,63,2,123,29,0,29,152
06/28/2023,LFT,LA,ASW,CE,Combined TRACON& Tower with Radar,17,8,23,3,51,0,35,48,1,84,17,43,71,4,135,0,2,2,137
06/29/2023,LFT,LA,ASW,CE,Combined TRACON& Tower with Radar,21,12,16,2,51,0,33,37,2,72,21,45,53,4,123,54,0,54,177
06/30/2023,LFT,LA,ASW,CE,Combined TRACON& Tower with Radar,21,6,18,0,45,0,28,47,0,75,21,34,65,0,120,10,0,10,130
07/01/2023,LFT,LA,ASW,CE,Combined TRACON& Tower with Radar,16,8,31,0,55,0,20,24,0,44,16,28,55,0,99,4,0,4,103
07/02/2023,LFT,LA,ASW,CE,Combined TRACON& Tower with Radar,15,8,9,0,32,0,22,18,0,40,15,30,27,0,72,6,0,6,78
07/03/2023,LFT,LA,ASW,CE,Combined TRACON& Tower with Radar,18,8,15,0,41,0,25,15,0,40,18,33,30,0,81,23,0,23,104
07/04/2023,LFT,LA,ASW,CE,Combined TRACON& Tower with Radar,15,5,7,0,27,0,19,14,0,33,15,24,21,0,60,4,0,4,64
07/05/2023,LFT,LA,ASW,CE,Combined TRACON& Tower with Radar,19,10,13,4,46,0,28,21,0,49,19,38,34,4,95,33,0,33,128
07/06/2023,LFT,LA,ASW,CE,Combined TRACON& Tower with Radar,21,12,21,0,54,0,26,32,0,58,21,38,53,0,112,41,0,41,153
07/07/2023,LFT,LA,ASW,CE,Combined TRACON& Tower with Radar,20,9,24,0,53,0,28,42,0,70,20,37,66,0,123,17,0,17,140
07/08/2023,LFT,LA,ASW,CE,Combined TRACON& Tower with Radar,19,4,21,0,44,0,5,27,0,32,19,9,48,0,76,30,0,30,106
07/09/2023,LFT,LA,ASW,CE,Combined TRACON& Tower with Radar,21,6,21,0,48,0,4,10,0,14,21,10,31,0,62,4,0,4,66
07/10/2023,LFT,LA,ASW,CE,Combined TRACON& Tower with Radar,22,6,16,0,44,0,18,15,0,33,22,24,31,0,77,0,0,0,77
07/11/2023,LFT,LA,ASW,CE,Combined TRACON& Tower with Radar,21,7,25,0,53,0,21,35,0,56,21,28,60,0,109,24,0,24,133
07/12/2023,LFT,LA,ASW,CE,Combined TRACON& Tower with Radar,24,7,27,4,62,0,29,38,0,67,24,36,65,4,129,31,0,31,160
07/13/2023,LFT,LA,ASW,CE,Combined TRACON& Tower with Radar,24,9,49,0,82,0,32,44,0,76,24,41,93,0,158,25,0,25,183
07/14/2023,LFT,LA,ASW,CE,Combined TRACON& Tower with Radar,23,5,25,0,53,0,21,38,0,59,23,26,63,0,112,22,0,22,134
07/15/2023,LFT,LA,ASW,CE,Combined TRACON& Tower with Radar,16,14,15,0,45,0,23,20,0,43,16,37,35,0,88,6,0,6,94
07/16/2023,LFT,LA,ASW,CE,Combined TRACON& Tower with Radar,15,10,30,0,55,0,15,6,0,21,15,25,36,0,76,45,0,45,121
07/17/2023,LFT,LA,ASW,CE,Combined TRACON& Tower with Radar,21,7,18,5,51,0,27,27,0,54,21,34,45,5,105,34,1,35,140
07/18/2023,LFT,LA,ASW,CE,Combined TRACON& Tower with Radar,22,6,29,1,58,0,35,33,0,68,22,41,62,1,126,22,0,22,148
07/19/2023,LFT,LA,ASW,CE,Combined TRACON& Tower with Radar,21,8,36,6,71,0,25,50,0,75,21,33,86,6,146,48,7,55,201
07/20/2023,LFT,LA,ASW,CE,Combined TRACON& Tower with Radar,23,11,35,1,70,0,37,55,0,92,23,48,90,1,162,51,0,51,213
07/21/2023,LFT,LA,ASW,CE,Combined TRACON& Tower with Radar,24,7,23,2,56,0,44,33,0,77,24,51,56,2,133,34,0,34,167
07/22/2023,LFT,LA,ASW,CE,Combined TRACON& Tower with Radar,18,8,9,0,35,0,17,23,0,40,18,25,32,0,75,12,0,12,87
07/23/2023,LFT,LA,ASW,CE,Combined TRACON& Tower with Radar,19,6,18,1,44,0,15,22,0,37,19,21,40,1,81,0,2,2,83
07/24/2023,LFT,LA,ASW,CE,Combined TRACON& Tower with Radar,22,8,31,1,62,0,20,39,0,59,22,28,70,1,121,16,0,16,137
07/25/2023,LFT,LA,ASW,CE,Combined TRACON& Tower with Radar,22,4,20,0,46,0,28,42,0,70,22,32,62,0,116,10,0,10,126
07/26/2023,LFT,LA,ASW,CE,Combined TRACON& Tower with Radar,22,11,15,2,50,0,19,45,0,64,22,30,60,2,114,24,0,24,138
07/27/2023,LFT,LA,ASW,CE,Combined TRACON& Tower with Radar,24,11,38,2,75,0,28,44,4,76,24,39,82,6,151,4,0,4,155
07/28/2023,LFT,LA,ASW,CE,Combined TRACON& Tower with Radar,23,8,26,0,57,0,27,40,0,67,23,35,66,0,124,12,0,12,136
07/29/2023,LFT,LA,ASW,CE,Combined TRACON& Tower with Radar,19,14,19,0,52,0,12,45,0,57,19,26,64,0,109,11,0,11,120
07/30/2023,LFT,LA,ASW,CE,Combined TRACON& Tower with Radar,20,8,18,8,54,0,18,31,0,49,20,26,49,8,103,14,0,14,117
07/31/2023,LFT,LA,ASW,CE,Combined TRACON& Tower with Radar,23,7,23,0,53,0,27,27,0,54,23,34,50,0,107,18,0,18,125
08/01/2023,LFT,LA,ASW,CE,Combined TRACON& Tower with Radar,22,10,17,0,49,0,37,33,2,72,22,47,50,2,121,12,0,12,133
08/02/2023,LFT,LA,ASW,CE,Combined TRACON& Tower with Radar,21,14,15,3,53,0,17,27,1,45,21,31,42,4,98,21,0,21,119
08/03/2023,LFT,LA,ASW,CE,Combined TRACON& Tower with Radar,26,10,15,22,73,0,26,19,0,45,26,36,34,22,118,37,14,51,169
08/04/2023,LFT,LA,ASW,CE,Combined TRACON& Tower with Radar,26,6,20,2,54,0,29,37,0,66,26,35,57,2,120,25,0,25,145
08/05/2023,LFT,LA,ASW,CE,Combined TRACON& Tower with Radar,18,8,10,0,36,0,10,22,0,32,18,18,32,0,68,4,0,4,72
08/06/2023,LFT,LA,ASW,CE,Combined TRACON& Tower with Radar,19,5,18,0,42,0,19,24,0,43,19,24,42,0,85,30,0,30,115
08/07/2023,LFT,LA,ASW,CE,Combined TRACON& Tower with Radar,18,7,26,4,55,0,24,19,0,43,18,31,45,4,98,20,0,20,118
08/08/2023,LFT,LA,ASW,CE,Combined TRACON& Tower with Radar,26,12,27,0,65,0,16,22,0,38,26,28,49,0,103,80,0,80,183
08/09/2023,LFT,LA,ASW,CE,Combined TRACON& Tower with Radar,22,10,23,0,55,0,22,49,0,71,22,32,72,0,126,23,0,23,149
08/10/2023,LFT,LA,ASW,CE,Combined TRACON& Tower with Radar,24,10,30,2,66,0,22,20,0,42,24,32,50,2,108,34,0,34,142
08/11/2023,LFT,LA,ASW,CE,Combined TRACON& Tower with Radar,21,9,24,6,60,0,24,23,1,48,21,33,47,7,108,0,0,0,108
08/12/2023,LFT,LA,ASW,CE,Combined TRACON& Tower with Radar,20,10,21,0,51,0,12,25,0,37,20,22,46,0,88,12,0,12,100
08/13/2023,LFT,LA,ASW,CE,Combined TRACON& Tower with Radar,22,7,28,0,57,0,11,24,0,35,22,18,52,0,92,0,0,0,92
08/14/2023,LFT,LA,ASW,CE,Combined TRACON& Tower with Radar,21,11,27,0,59,0,28,33,0,61,21,39,60,0,120,16,0,16,136
08/15/2023,LFT,LA,ASW,CE,Combined TRACON& Tower with Radar,18,5,29,2,54,0,24,32,0,56,18,29,61,2,110,0,0,0,110
08/16/2023,LFT,LA,ASW,CE,Combined TRACON& Tower with Radar,22,8,23,0,53,0,24,31,1,56,22,32,54,1,109,5,0,5,114
08/17/2023,LFT,LA,ASW,CE,Combined TRACON& Tower with Radar,25,12,21,0,58,0,33,20,0,53,25,45,41,0,111,0,0,0,111
08/18/2023,LFT,LA,ASW,CE,Combined TRACON& Tower with Radar,20,9,9,25,63,0,19,33,1,53,20,28,42,26,116,6,13,19,135
08/19/2023,LFT,LA,ASW,CE,Combined TRACON& Tower with Radar,19,4,11,0,34,0,16,23,0,39,19,20,34,0,73,6,0,6,79
08/20/2023,LFT,LA,ASW,CE,Combined TRACON& Tower with Radar,18,6,22,2,48,0,14,26,8,48,18,20,48,10,96,29,0,29,125
08/21/2023,LFT,LA,ASW,CE,Combined TRACON& Tower with Radar,20,11,32,0,63,0,3,27,0,30,20,14,59,0,93,30,0,30,123
08/22/2023,LFT,LA,ASW,CE,Combined TRACON& Tower with Radar,18,13,14,0,45,0,21,45,0,66,18,34,59,0,111,20,0,20,131
08/23/2023,LFT,LA,ASW,CE,Combined TRACON& Tower with Radar,22,12,37,2,73,0,23,36,0,59,22,35,73,2,132,8,0,8,140
08/24/2023,LFT,LA,ASW,CE,Combined TRACON& Tower with Radar,21,10,44,0,75,0,15,53,0,68,21,25,97,0,143,19,0,19,162
08/25/2023,LFT,LA,ASW,CE,Combined TRACON& Tower with Radar,20,8,18,8,54,0,22,45,3,70,20,30,63,11,124,14,0,14,138
08/26/2023,LFT,LA,ASW,CE,Combined TRACON& Tower with Radar,18,5,23,1,47,0,14,22,0,36,18,19,45,1,83,0,0,0,83
08/27/2023,LFT,LA,ASW,CE,Combined TRACON& Tower with Radar,22,13,23,0,58,0,25,27,0,52,22,38,50,0,110,18,0,18,128
08/28/2023,LFT,LA,ASW,CE,Combined TRACON& Tower with Radar,19,6,28,0,53,0,28,25,0,53,19,34,53,0,106,6,0,6,112
08/29/2023,LFT,LA,ASW,CE,Combined TRACON& Tower with Radar,19,9,23,0,51,0,41,22,0,63,19,50,45,0,114,0,0,0,114
08/30/2023,LFT,LA,ASW,CE,Combined TRACON& Tower with Radar,21,8,20,6,55,0,27,51,0,78,21,35,71,6,133,4,0,4,137
08/31/2023,LFT,LA,ASW,CE,Combined TRACON& Tower with Radar,22,9,32,0,63,0,33,43,0,76,22,42,75,0,139,6,0,6,145
01/01/2020,LFT,LA,ASW,CE,Combined TRACON& Tower with Radar,13,9,13,0,35,0,25,8,0,33,13,34,21,0,68,2,0,2,70
01/02/2020,LFT,LA,ASW,CE,Combined TRACON& Tower with Radar,14,19,15,2,50,0,0,0,0,0,14,19,15,2,50,0,0,0,50
01/03/2020,LFT,LA,ASW,CE,Combined TRACON& Tower with Radar,15,18,27,0,60,0,12,6,0,18,15,30,33,0,78,5,0,5,83
01/04/2020,LFT,LA,ASW,CE,Combined TRACON& Tower with Radar,16,9,19,0,44,0,34,29,0,63,16,43,48,0,107,12,0,12,119
01/05/2020,LFT,LA,ASW,CE,Combined TRACON& Tower with Radar,13,18,27,1,59,0,22,32,0,54,13,40,59,1,113,6,0,6,119
01/06/2020,LFT,LA,ASW,CE,Combined TRACON& Tower with Radar,13,15,37,0,65,0,27,32,0,59,13,42,69,0,124,6,0,6,130
01/07/2020,LFT,LA,ASW,CE,Combined TRACON& Tower with Radar,12,22,39,0,73,0,42,17,0,59,12,64,56,0,132,0,0,0,132
01/08/2020,LFT,LA,ASW,CE,Combined TRACON& Tower with Radar,14,17,27,6,64,0,14,32,4,50,14,31,59,10,114,0,0,0,114
01/09/2020,LFT,LA,ASW,CE,Combined TRACON& Tower with Radar,16,20,32,4,72,0,31,19,0,50,16,51,51,4,122,0,0,0,122
01/10/2020,LFT,LA,ASW,CE,Combined TRACON& Tower with Radar,12,19,18,0,49,0,9,1,0,10,12,28,19,0,59,0,0,0,59
01/11/2020,LFT,LA,ASW,CE,Combined TRACON& Tower with Radar,10,10,11,0,31,0,23,0,2,25,10,33,11,2,56,0,0,0,56
01/12/2020,LFT,LA,ASW,CE,Combined TRACON& Tower with Radar,10,24,23,0,57,0,8,20,0,28,10,32,43,0,85,2,0,2,87
01/13/2020,LFT,LA,ASW,CE,Combined TRACON& Tower with Radar,10,15,6,0,31,0,0,0,0,0,10,15,6,0,31,0,0,0,31
01/14/2020,LFT,LA,ASW,CE,Combined TRACON& Tower with Radar,15,21,19,0,55,0,3,2,0,5,15,24,21,0,60,0,0,0,60
01/15/2020,LFT,LA,ASW,CE,Combined TRACON& Tower with Radar,18,17,22,0,57,0,19,13,2,34,18,36,35,2,91,38,0,38,129
01/16/2020,LFT,LA,ASW,CE,Combined TRACON& Tower with Radar,15,16,21,0,52,0,2,7,0,9,15,18,28,0,61,0,0,0,61
01/17/2020,LFT,LA,ASW,CE,Combined TRACON& Tower with Radar,16,20,20,0,56,0,43,20,0,63,16,63,40,0,119,36,0,36,155
01/18/2020,LFT,LA,ASW,CE,Combined TRACON& Tower with Radar,12,9,14,2,37,0,1,0,0,1,12,10,14,2,38,0,0,0,38
01/19/2020,LFT,LA,ASW,CE,Combined TRACON& Tower with Radar,12,11,16,1,40,0,15,9,0,24,12,26,25,1,64,26,0,26,90
01/20/2020,LFT,LA,ASW,CE,Combined TRACON& Tower with Radar,11,14,22,0,47,0,23,29,0,52,11,37,51,0,99,0,0,0,99
01/21/2020,LFT,LA,ASW,CE,Combined TRACON& Tower with Radar,13,19,30,2,64,0,51,43,3,97,13,70,73,5,161,55,0,55,216
01/22/2020,LFT,LA,ASW,CE,Combined TRACON& Tower with Radar,14,19,19,0,52,0,16,13,0,29,14,35,32,0,81,26,0,26,107
01/23/2020,LFT,LA,ASW,CE,Combined TRACON& Tower with Radar,14,21,19,2,56,0,10,5,0,15,14,31,24,2,71,0,0,0,71
01/24/2020,LFT,LA,ASW,CE,Combined TRACON& Tower with Radar,18,14,30,2,64,0,34,38,3,75,18,48,68,5,139,20,0,20,159
01/25/2020,LFT,LA,ASW,CE,Combined TRACON& Tower with Radar,12,7,31,0,50,0,17,40,5,62,12,24,71,5,112,36,8,44,156
01/26/2020,LFT,LA,ASW,CE,Combined TRACON& Tower with Radar,13,18,21,0,52,0,2,0,0,2,13,20,21,0,54,0,0,0,54
01/27/2020,LFT,LA,ASW,CE,Combined TRACON& Tower with Radar,12,18,28,0,58,0,7,15,0,22,12,25,43,0,80,10,0,10,90
01/28/2020,LFT,LA,ASW,CE,Combined TRACON& Tower with Radar,16,24,18,0,58,0,27,24,0,51,16,51,42,0,109,0,0,0,109
01/29/2020,LFT,LA,ASW,CE,Combined TRACON& Tower with Radar,16,19,17,7,59,0,19,4,0,23,16,38,21,7,82,28,0,28,110
01/30/2020,LFT,LA,ASW,CE,Combined TRACON& Tower with Radar,14,20,40,7,81,0,19,17,0,36,14,39,57,7,117,16,0,16,133
01/31/2020,LFT,LA,ASW,CE,Combined TRACON& Tower with Radar,17,19,19,7,62,0,8,10,0,18,17,27,29,7,80,0,0,0,80
02/01/2020,LFT,LA,ASW,CE,Combined TRACON& Tower with Radar,10,12,15,0,37,0,18,36,0,54,10,30,51,0,91,28,0,28,119
02/02/2020,LFT,LA,ASW,CE,Combined TRACON& Tower with Radar,11,17,22,4,54,0,16,49,0,65,11,33,71,4,119,34,0,34,153
02/03/2020,LFT,LA,ASW,CE,Combined TRACON& Tower with Radar,12,19,30,0,61,0,39,25,0,64,12,58,55,0,125,0,0,0,125
02/04/2020,LFT,LA,ASW,CE,Combined TRACON& Tower with Radar,13,21,8,0,42,0,21,1,0,22,13,42,9,0,64,24,0,24,88
02/05/2020,LFT,LA,ASW,CE,Combined TRACON& Tower with Radar,15,20,19,0,54,0,0,0,0,0,15,20,19,0,54,0,0,0,54
02/06/2020,LFT,LA,ASW,CE,Combined TRACON& Tower with Radar,17,14,11,0,42,0,23,1,0,24,17,37,12,0,66,0,0,0,66
02/07/2020,LFT,LA,ASW,CE,Combined TRACON& Tower with Radar,16,21,32,8,77,0,40,48,2,90,16,61,80,10,167,56,0,56,223
02/08/2020,LFT,LA,ASW,CE,Combined TRACON& Tower with Radar,12,10,19,1,42,0,17,30,1,48,12,27,49,2,90,38,0,38,128
02/09/2020,LFT,LA,ASW,CE,Combined TRACON& Tower with Radar,15,18,15,2,50,0,14,6,0,20,15,32,21,2,70,0,0,0,70
02/10/2020,LFT,LA,ASW,CE,Combined TRACON& Tower with Radar,12,12,12,0,36,0,0,0,0,0,12,12,12,0,36,0,0,0,36
02/11/2020,LFT,LA,ASW,CE,Combined TRACON& Tower with Radar,14,23,27,0,64,0,6,8,1,15,14,29,35,1,79,8,0,8,87
02/12/2020,LFT,LA,ASW,CE,Combined TRACON& Tower with Radar,19,15,12,0,46,0,0,0,0,0,19,15,12,0,46,0,0,0,46
02/13/2020,LFT,LA,ASW,CE,Combined TRACON& Tower with Radar,16,16,36,3,71,0,61,12,4,77,16,77,48,7,148,0,0,0,148
02/14/2020,LFT,LA,ASW,CE,Combined TRACON& Tower with Radar,17,16,31,9,73,0,47,40,0,87,17,63,71,9,160,26,0,26,186
02/15/2020,LFT,LA,ASW,CE,Combined TRACON& Tower with Radar,9,15,24,5,53,0,20,27,1,48,9,35,51,6,101,10,16,26,127
02/16/2020,LFT,LA,ASW,CE,Combined TRACON& Tower with Radar,10,16,29,2,57,0,6,4,0,10,10,22,33,2,67,0,0,0,67
02/17/2020,LFT,LA,ASW,CE,Combined TRACON& Tower with Radar,13,16,19,0,48,0,0,0,0,0,13,16,19,0,48,0,0,0,48
02/18/2020,LFT,LA,ASW,CE,Combined TRACON& Tower with Radar,16,17,13,0,46,0,7,9,0,16,16,24,22,0,62,4,0,4,66
02/19/2020,LFT,LA,ASW,CE,Combined TRACON& Tower with Radar,19,20,31,0,70,0,2,2,1,5,19,22,33,1,75,0,0,0,75
02/20/2020,LFT,LA,ASW,CE,Combined TRACON& Tower with Radar,13,21,28,0,62,0,3,1,0,4,13,24,29,0,66,0,0,0,66
02/21/2020,LFT,LA,ASW,CE,Combined TRACON& Tower with Radar,16,21,21,0,58,0,18,43,0,61,16,39,64,0,119,32,0,32,151
02/22/2020,LFT,LA,ASW,CE,Combined TRACON& Tower with Radar,11,9,25,6,51,0,17,58,7,82,11,26,83,13,133,22,20,42,175
02/23/2020,LFT,LA,ASW,CE,Combined TRACON& Tower with Radar,13,19,15,0,47,0,17,11,0,28,13,36,26,0,75,0,0,0,75
02/24/2020,LFT,LA,ASW,CE,Combined TRACON& Tower with Radar,14,17,19,0,50,0,7,1,0,8,14,24,20,0,58,0,0,0,58
02/25/2020,LFT,LA,ASW,CE,Combined TRACON& Tower with Radar,16,18,20,2,56,0,36,23,0,59,16,54,43,2,115,6,0,6,121
02/26/2020,LFT,LA,ASW,CE,Combined TRACON& Tower with Radar,15,17,17,3,52,0,34,18,5,57,15,51,35,8,109,4,0,4,113
02/27/2020,LFT,LA,ASW,CE,Combined TRACON& Tower with Radar,15,17,25,0,57,0,32,21,0,53,15,49,46,0,110,12,0,12,122
02/28/2020,LFT,LA,ASW,CE,Combined TRACON& Tower with Radar,18,14,28,0,60,0,44,39,0,83,18,58,67,0,143,22,0,22,165
02/29/2020,LFT,LA,ASW,CE,Combined TRACON& Tower with Radar,13,10,18,0,41,0,19,43,0,62,13,29,61,0,103,30,0,30,133
03/01/2020,LFT,LA,ASW,CE,Combined TRACON& Tower with Radar,15,16,25,0,56,0,7,14,0,21,15,23,39,0,77,0,0,0,77
03/02/2020,LFT,LA,ASW,CE,Combined TRACON& Tower with Radar,14,15,22,3,54,0,27,16,0,43,14,42,38,3,97,0,0,0,97
03/03/2020,LFT,LA,ASW,CE,Combined TRACON& Tower with Radar,15,21,23,0,59,0,7,8,0,15,15,28,31,0,74,28,0,28,102
03/04/2020,LFT,LA,ASW,CE,Combined TRACON& Tower with Radar,16,14,10,0,40,0,0,0,0,0,16,14,10,0,40,0,0,0,40
03/05/2020,LFT,LA,ASW,CE,Combined TRACON& Tower with Radar,12,20,27,6,65,0,12,9,0,21,12,32,36,6,86,16,0,16,102
03/06/2020,LFT,LA,ASW,CE,Combined TRACON& Tower with Radar,11,23,23,2,59,0,28,46,2,76,11,51,69,4,135,4,0,4,139
03/07/2020,LFT,LA,ASW,CE,Combined TRACON& Tower with Radar,9,8,41,0,58,0,14,30,0,44,9,22,71,0,102,0,0,0,102
03/08/2020,LFT,LA,ASW,CE,Combined TRACON& Tower with Radar,8,22,20,0,50,0,14,26,0,40,8,36,46,0,90,28,0,28,118
03/09/2020,LFT,LA,ASW,CE,Combined TRACON& Tower with Radar,11,20,6,0,37,0,20,2,0,22,11,40,8,0,59,0,0,0,59
03/10/2020,LFT,LA,ASW,CE,Combined TRACON& Tower with Radar,13,20,22,0,55,0,16,6,1,23,13,36,28,1,78,0,0,0,78
03/11/2020,LFT,LA,ASW,CE,Combined TRACON& Tower with Radar,15,15,23,7,60,0,8,38,2,48,15,23,61,9,108,0,0,0,108
03/12/2020,LFT,LA,ASW,CE,Combined TRACON& Tower with Radar,10,22,29,7,68,0,8,11,0,19,10,30,40,7,87,8,0,8,95
03/13/2020,LFT,LA,ASW,CE,Combined TRACON& Tower with Radar,11,22,9,12,54,0,11,3,0,14,11,33,12,12,68,0,8,8,76
03/14/2020,LFT,LA,ASW,CE,Combined TRACON& Tower with Radar,7,13,13,0,33,0,9,8,3,20,7,22,21,3,53,54,0,54,107
03/15/2020,LFT,LA,ASW,CE,Combined TRACON& Tower with Radar,5,21,17,0,43,0,9,15,0,24,5,30,32,0,67,24,0,24,91
03/16/2020,LFT,LA,ASW,CE,Combined TRACON& Tower with Radar,8,26,12,0,46,0,17,5,0,22,8,43,17,0,68,6,0,6,74
03/17/2020,LFT,LA,ASW,CE,Combined TRACON& Tower with Radar,12,20,8,0,40,0,0,1,0,1,12,20,9,0,41,0,0,0,41
03/18/2020,LFT,LA,ASW,CE,Combined TRACON& Tower with Radar,14,19,19,0,52,0,13,14,2,29,14,32,33,2,81,6,0,6,87
03/19/2020,LFT,LA,ASW,CE,Combined TRACON& Tower with Radar,9,19,7,0,35,0,10,10,0,20,9,29,17,0,55,0,0,0,55
03/20/2020,LFT,LA,ASW,CE,Combined TRACON& Tower with Radar,13,17,5,0,35,0,8,4,0,12,13,25,9,0,47,0,0,0,47
03/21/2020,LFT,LA,ASW,CE,Combined TRACON& Tower with Radar,7,9,8,0,24,0,10,1,0,11,7,19,9,0,35,0,0,0,35
03/22/2020,LFT,LA,ASW,CE,Combined TRACON& Tower with Radar,6,17,10,0,33,0,8,2,0,10,6,25,12,0,43,0,0,0,43
03/23/2020,LFT,LA,ASW,CE,Combined TRACON& Tower with Radar,5,16,7,1,29,0,19,16,1,36,5,35,23,2,65,0,0,0,65
03/24/2020,LFT,LA,ASW,CE,Combined TRACON& Tower with Radar,5,10,10,4,29,0,0,11,0,11,5,10,21,4,40,0,0,0,40
03/25/2020,LFT,LA,ASW,CE,Combined TRACON& Tower with Radar,7,12,1,0,20,0,12,30,0,42,7,24,31,0,62,28,0,28,90
03/26/2020,LFT,LA,ASW,CE,Combined TRACON& Tower with Radar,7,8,18,0,33,0,19,28,0,47,7,27,46,0,80,6,0,6,86
03/27/2020,LFT,LA,ASW,CE,Combined TRACON& Tower with Radar,8,9,14,0,31,0,19,21,0,40,8,28,35,0,71,18,0,18,89
03/28/2020,LFT,LA,ASW,CE,Combined TRACON& Tower with Radar,4,8,9,0,21,0,12,8,0,20,4,20,17,0,41,4,0,4,45
03/29/2020,LFT,LA,ASW,CE,Combined TRACON& Tower with Radar,6,12,6,0,24,0,12,9,0,21,6,24,15,0,45,0,0,0,45
03/30/2020,LFT,LA,ASW,CE,Combined TRACON& Tower with Radar,8,6,5,0,19,0,20,11,0,31,8,26,16,0,50,12,0,12,62
03/31/2020,LFT,LA,ASW,CE,Combined TRACON& Tower with Radar,14,8,3,0,25,0,22,9,0,31,14,30,12,0,56,0,0,0,56
04/01/2020,LFT,LA,ASW,CE,Combined TRACON& Tower with Radar,5,11,5,0,21,0,23,32,0,55,5,34,37,0,76,8,0,8,84
04/02/2020,LFT,LA,ASW,CE,Combined TRACON& Tower with Radar,7,7,4,0,18,0,21,28,0,49,7,28,32,0,67,24,0,24,91
04/03/2020,LFT,LA,ASW,CE,Combined TRACON& Tower with Radar,8,7,13,3,31,0,13,12,1,26,8,20,25,4,57,0,0,0,57
04/04/2020,LFT,LA,ASW,CE,Combined TRACON& Tower with Radar,6,8,3,0,17,0,13,6,0,19,6,21,9,0,36,0,0,0,36
04/05/2020,LFT,LA,ASW,CE,Combined TRACON& Tower with Radar,4,8,7,0,19,0,15,14,0,29,4,23,21,0,48,0,0,0,48
04/06/2020,LFT,LA,ASW,CE,Combined TRACON& Tower with Radar,8,6,6,0,20,0,17,13,0,30,8,23,19,0,50,16,0,16,66
04/07/2020,LFT,LA,ASW,CE,Combined TRACON& Tower with Radar,8,7,11,0,26,0,22,4,0,26,8,29,15,0,52,0,0,0,52
04/08/2020,LFT,LA,ASW,CE,Combined TRACON& Tower with Radar,8,4,5,0,17,0,8,11,0,19,8,12,16,0,36,24,0,24,60
04/09/2020,LFT,LA,ASW,CE,Combined TRACON& Tower with Radar,9,8,11,2,30,0,11,6,2,19,9,19,17,4,49,3,0,3,52
04/10/2020,LFT,LA,ASW,CE,Combined TRACON& Tower with Radar,7,8,9,0,24,0,10,18,0,28,7,18,27,0,52,16,0,16,68
04/11/2020,LFT,LA,ASW,CE,Combined TRACON& Tower with Radar,4,8,0,0,12,0,29,19,0,48,4,37,19,0,60,10,0,10,70
04/12/2020,LFT,LA,ASW,CE,Combined TRACON& Tower with Radar,0,4,0,0,4,0,0,0,0,0,0,4,0,0,4,0,0,0,4
04/13/2020,LFT,LA,ASW,CE,Combined TRACON& Tower with Radar,4,10,4,1,19,0,20,21,0,41,4,30,25,1,60,0,0,0,60
04/14/2020,LFT,LA,ASW,CE,Combined TRACON& Tower with Radar,5,6,1,1,13,0,27,18,3,48,5,33,19,4,61,0,2,2,63
04/15/2020,LFT,LA,ASW,CE,Combined TRACON& Tower with Radar,7,3,5,3,18,0,25,23,2,50,7,28,28,5,68,12,0,12,80
04/16/2020,LFT,LA,ASW,CE,Combined TRACON& Tower with Radar,7,4,16,1,28,0,16,46,0,62,7,20,62,1,90,10,0,10,100
04/17/2020,LFT,LA,ASW,CE,Combined TRACON& Tower with Radar,6,5,14,0,25,0,14,38,0,52,6,19,52,0,77,26,0,26,103
04/18/2020,LFT,LA,ASW,CE,Combined TRACON& Tower with Radar,5,2,13,0,20,0,2,8,0,10,5,4,21,0,30,10,0,10,40
04/19/2020,LFT,LA,ASW,CE,Combined TRACON& Tower with Radar,2,5,5,0,12,0,5,0,0,5,2,10,5,0,17,0,0,0,17
04/20/2020,LFT,LA,ASW,CE,Combined TRACON& Tower with Radar,5,3,16,0,24,0,24,40,0,64,5,27,56,0,88,2,0,2,90
04/21/2020,LFT,LA,ASW,CE,Combined TRACON& Tower with Radar,6,6,27,0,39,0,27,52,0,79,6,33,79,0,118,12,0,12,130
04/22/2020,LFT,LA,ASW,CE,Combined TRACON& Tower with Radar,6,4,23,0,33,0,23,23,0,46,6,27,46,0,79,8,0,8,87
04/23/2020,LFT,LA,ASW,CE,Combined TRACON& Tower with Radar,7,7,7,0,21,0,5,7,0,12,7,12,14,0,33,0,0,0,33
04/24/2020,LFT,LA,ASW,CE,Combined TRACON& Tower with Radar,7,2,36,0,45,0,27,43,0,70,7,29,79,0,115,22,0,22,137
04/25/2020,LFT,LA,ASW,CE,Combined TRACON& Tower with Radar,6,3,12,0,21,0,20,22,0,42,6,23,34,0,63,2,0,2,65
04/26/2020,LFT,LA,ASW,CE,Combined TRACON& Tower with Radar,4,6,13,0,23,0,22,30,0,52,4,28,43,0,75,2,0,2,77
04/27/2020,LFT,LA,ASW,CE,Combined TRACON& Tower with Radar,6,6,11,0,23,0,27,43,0,70,6,33,54,0,93,12,0,12,105
04/28/2020,LFT,LA,ASW,CE,Combined TRACON& Tower with Radar,5,8,32,10,55,0,27,23,0,50,5,35,55,10,105,14,0,14,119
04/29/2020,LFT,LA,ASW,CE,Combined TRACON& Tower with Radar,8,9,12,0,29,0,11,9,0,20,8,20,21,0,49,0,0,0,49
04/30/2020,LFT,LA,ASW,CE,Combined TRACON& Tower with Radar,8,5,24,0,37,0,39,58,0,97,8,44,82,0,134,14,0,14,148
05/01/2020,LFT,LA,ASW,CE,Combined TRACON& Tower with Radar,7,8,15,0,30,0,47,23,2,72,7,55,38,2,102,0,0,0,102
05/02/2020,LFT,LA,ASW,CE,Combined TRACON& Tower with Radar,5,6,14,0,25,0,13,37,0,50,5,19,51,0,75,8,0,8,83
05/03/2020,LFT,LA,ASW,CE,Combined TRACON& Tower with Radar,3,8,13,0,24,0,20,18,0,38,3,28,31,0,62,0,0,0,62
05/04/2020,LFT,LA,ASW,CE,Combined TRACON& Tower with Radar,2,8,21,0,31,0,33,30,0,63,2,41,51,0,94,0,0,0,94
05/05/2020,LFT,LA,ASW,CE,Combined TRACON& Tower with Radar,0,10,14,0,24,0,20,7,1,28,0,30,21,1,52,20,0,20,72
05/06/2020,LFT,LA,ASW,CE,Combined TRACON& Tower with Radar,4,4,8,0,16,0,14,31,0,45,4,18,39,0,61,2,0,2,63
05/07/2020,LFT,LA,ASW,CE,Combined TRACON& Tower with Radar,3,7,22,0,32,0,23,54,0,77,3,30,76,0,109,20,0,20,129
05/08/2020,LFT,LA,ASW,CE,Combined TRACON& Tower with Radar,3,4,13,0,20,0,4,10,0,14,3,8,23,0,34,2,0,2,36
05/09/2020,LFT,LA,ASW,CE,Combined TRACON& Tower with Radar,7,5,13,0,25,0,3,18,0,21,7,8,31,0,46,22,0,22,68
05/10/2020,LFT,LA,ASW,CE,Combined TRACON& Tower with Radar,3,6,14,0,23,0,9,24,0,33,3,15,38,0,56,0,0,0,56
05/11/2020,LFT,LA,ASW,CE,Combined TRACON& Tower with Radar,3,6,8,0,17,0,19,39,0,58,3,25,47,0,75,16,0,16,91
05/12/2020,LFT,LA,ASW,CE,Combined TRACON& Tower with Radar,4,4,10,0,18,0,26,42,0,68,4,30,52,0,86,0,0,0,86
05/13/2020,LFT,LA,ASW,CE,Combined TRACON& Tower with Radar,5,6,27,0,38,0,14,23,0,37,5,20,50,0,75,0,0,0,75
05/14/2020,LFT,LA,ASW,CE,Combined TRACON& Tower with Radar,4,5,10,0,19,0,20,5,0,25,4,25,15,0,44,14,0,14,58
05/15/2020,LFT,LA,ASW,CE,Combined TRACON& Tower with Radar,4,6,20,0,30,0,1,14,0,15,4,7,34,0,45,26,0,26,71
05/16/2020,LFT,LA,ASW,CE,Combined TRACON& Tower with Radar,3,5,1,0,9,0,2,0,0,2,3,7,1,0,11,0,0,0,11
05/17/2020,LFT,LA,ASW,CE,Combined TRACON& Tower with Radar,3,12,13,0,28,0,8,5,0,13,3,20,18,0,41,12,0,12,53
05/18/2020,LFT,LA,ASW,CE,Combined TRACON& Tower with Radar,4,5,17,0,26,0,19,39,0,58,4,24,56,0,84,20,0,20,104
05/19/2020,LFT,LA,ASW,CE,Combined TRACON& Tower with Radar,3,8,11,0,22,0,30,42,2,74,3,38,53,2,96,6,0,6,102
05/20/2020,LFT,LA,ASW,CE,Combined TRACON& Tower with Radar,5,17,36,0,58,0,18,12,0,30,5,35,48,0,88,8,0,8,96
05/21/2020,LFT,LA,ASW,CE,Combined TRACON& Tower with Radar,5,6,41,0,52,0,30,32,0,62,5,36,73,0,114,2,0,2,116
05/22/2020,LFT,LA,ASW,CE,Combined TRACON& Tower with Radar,5,6,27,1,39,0,28,25,0,53,5,34,52,1,92,2,0,2,94
05/23/2020,LFT,LA,ASW,CE,Combined TRACON& Tower with Radar,3,5,18,0,26,0,7,15,0,22,3,12,33,0,48,28,0,28,76
05/24/2020,LFT,LA,ASW,CE,Combined TRACON& Tower with Radar,3,6,10,0,19,0,4,13,0,17,3,10,23,0,36,10,0,10,46
05/25/2020,LFT,LA,ASW,CE,Combined TRACON& Tower with Radar,3,5,15,0,23,0,2,12,0,14,3,7,27,0,37,2,0,2,39
05/26/2020,LFT,LA,ASW,CE,Combined TRACON& Tower with Radar,5,5,24,0,34,0,10,15,0,25,5,15,39,0,59,0,0,0,59
05/27/2020,LFT,LA,ASW,CE,Combined TRACON& Tower with Radar,4,7,17,0,28,0,18,37,2,57,4,25,54,2,85,4,0,4,89
05/28/2020,LFT,LA,ASW,CE,Combined TRACON& Tower with Radar,5,6,19,0,30,0,15,25,0,40,5,21,44,0,70,2,0,2,72
05/29/2020,LFT,LA,ASW,CE,Combined TRACON& Tower with Radar,3,7,22,0,32,0,21,32,0,53,3,28,54,0,85,0,0,0,85
05/30/2020,LFT,LA,ASW,CE,Combined TRACON& Tower with Radar,3,6,16,0,25,0,10,31,0,41,3,16,47,0,66,8,0,8,74
05/31/2020,LFT,LA,ASW,CE,Combined TRACON& Tower with Radar,3,6,16,0,25,0,8,23,0,31,3,14,39,0,56,8,0,8,64
06/01/2020,LFT,LA,ASW,CE,Combined TRACON& Tower with Radar,1,6,5,0,12,0,23,22,0,45,1,29,27,0,57,10,0,10,67
06/02/2020,LFT,LA,ASW,CE,Combined TRACON& Tower with Radar,3,9,14,0,26,0,22,15,2,39,3,31,29,2,65,6,0,6,71
06/03/2020,LFT,LA,ASW,CE,Combined TRACON& Tower with Radar,7,9,8,0,24,0,19,15,0,34,7,28,23,0,58,0,0,0,58
06/04/2020,LFT,LA,ASW,CE,Combined TRACON& Tower with Radar,6,11,36,1,54,0,34,18,0,52,6,45,54,1,106,8,0,8,114
06/05/2020,LFT,LA,ASW,CE,Combined TRACON& Tower with Radar,3,9,18,0,30,0,24,41,5,70,3,33,59,5,100,0,0,0,100
06/06/2020,LFT,LA,ASW,CE,Combined TRACON& Tower with Radar,1,5,20,0,26,0,13,19,0,32,1,18,39,0,58,6,0,6,64
06/07/2020,LFT,LA,ASW,CE,Combined TRACON& Tower with Radar,2,5,4,0,11,0,0,0,0,0,2,5,4,0,11,0,0,0,11
06/08/2020,LFT,LA,ASW,CE,Combined TRACON& Tower with Radar,1,10,8,0,19,0,19,3,0,22,1,29,11,0,41,0,0,0,41
06/09/2020,LFT,LA,ASW,CE,Combined TRACON& Tower with Radar,1,8,12,0,21,0,10,13,0,23,1,18,25,0,44,8,0,8,52
06/10/2020,LFT,LA,ASW,CE,Combined TRACON& Tower with Radar,3,8,27,0,38,0,19,40,0,59,3,27,67,0,97,8,0,8,105
06/11/2020,LFT,LA,ASW,CE,Combined TRACON& Tower with Radar,2,14,28,0,44,0,17,28,0,45,2,31,56,0,89,14,0,14,103
06/12/2020,LFT,LA,ASW,CE,Combined TRACON& Tower with Radar,1,6,14,5,26,0,20,21,0,41,1,26,35,5,67,22,0,22,89
06/13/2020,LFT,LA,ASW,CE,Combined TRACON& Tower with Radar,2,8,37,0,47,0,11,33,0,44,2,19,70,0,91,26,0,26,117
06/14/2020,LFT,LA,ASW,CE,Combined TRACON& Tower with Radar,1,5,6,0,12,0,12,17,0,29,1,17,23,0,41,8,0,8,49
06/15/2020,LFT,LA,ASW,CE,Combined TRACON& Tower with Radar,1,7,19,0,27,0,21,21,0,42,1,28,40,0,69,0,0,0,69
06/16/2020,LFT,LA,ASW,CE,Combined TRACON& Tower with Radar,1,8,25,3,37,0,20,38,1,59,1,28,63,4,96,46,0,46,142
06/17/2020,LFT,LA,ASW,CE,Combined TRACON& Tower with Radar,1,8,23,2,34,0,22,28,0,50,1,30,51,2,84,10,0,10,94
06/18/2020,LFT,LA,ASW,CE,Combined TRACON& Tower with Radar,1,8,26,1,36,0,23,37,1,61,1,31,63,2,97,24,0,24,121
06/19/2020,LFT,LA,ASW,CE,Combined TRACON& Tower with Radar,2,19,37,2,60,0,25,43,0,68,2,44,80,2,128,2,0,2,130
06/20/2020,LFT,LA,ASW,CE,Combined TRACON& Tower with Radar,1,7,23,0,31,0,24,19,0,43,1,31,42,0,74,0,0,0,74
06/21/2020,LFT,LA,ASW,CE,Combined TRACON& Tower with Radar,1,8,27,0,36,0,15,17,0,32,1,23,44,0,68,0,0,0,68
06/22/2020,LFT,LA,ASW,CE,Combined TRACON& Tower with Radar,1,7,15,0,23,0,7,4,0,11,1,14,19,0,34,0,0,0,34
06/23/2020,LFT,LA,ASW,CE,Combined TRACON& Tower with Radar,3,6,9,0,18,0,19,7,0,26,3,25,16,0,44,0,0,0,44
06/24/2020,LFT,LA,ASW,CE,Combined TRACON& Tower with Radar,1,11,18,0,30,0,12,10,0,22,1,23,28,0,52,14,0,14,66
06/25/2020,LFT,LA,ASW,CE,Combined TRACON& Tower with Radar,1,11,9,0,21,0,17,3,0,20,1,28,12,0,41,0,0,0,41
06/26/2020,LFT,LA,ASW,CE,Combined TRACON& Tower with Radar,3,15,24,0,42,0,16,11,0,27,3,31,35,0,69,6,0,6,75
06/27/2020,LFT,LA,ASW,CE,Combined TRACON& Tower with Radar,1,6,9,0,16,0,11,10,0,21,1,17,19,0,37,0,0,0,37
06/28/2020,LFT,LA,ASW,CE,Combined TRACON& Tower with Radar,1,8,10,0,19,0,15,15,0,30,1,23,25,0,49,10,2,12,61
06/29/2020,LFT,LA,ASW,CE,Combined TRACON& Tower with Radar,1,12,21,0,34,0,30,21,0,51,1,42,42,0,85,4,0,4,89
06/30/2020,LFT,LA,ASW,CE,Combined TRACON& Tower with Radar,1,15,19,0,35,0,20,35,0,55,1,35,54,0,90,12,0,12,102
07/01/2020,LFT,LA,ASW,CE,Combined TRACON& Tower with Radar,2,15,33,0,50,0,25,29,1,55,2,40,62,1,105,0,0,0,105
07/02/2020,LFT,LA,ASW,CE,Combined TRACON& Tower with Radar,5,10,18,5,38,0,22,22,0,44,5,32,40,5,82,28,0,28,110
07/03/2020,LFT,LA,ASW,CE,Combined TRACON& Tower with Radar,2,12,12,0,26,0,7,15,0,22,2,19,27,0,48,20,0,20,68
07/04/2020,LFT,LA,ASW,CE,Combined TRACON& Tower with Radar,4,10,9,0,23,0,7,9,0,16,4,17,18,0,39,0,0,0,39
07/05/2020,LFT,LA,ASW,CE,Combined TRACON& Tower with Radar,5,9,23,0,37,0,1,0,0,1,5,10,23,0,38,0,0,0,38
07/06/2020,LFT,LA,ASW,CE,Combined TRACON& Tower with Radar,3,15,14,0,32,0,4,9,0,13,3,19,23,0,45,0,0,0,45
07/07/2020,LFT,LA,ASW,CE,Combined TRACON& Tower with Radar,6,14,10,0,30,0,5,9,0,14,6,19,19,0,44,0,0,0,44
07/08/2020,LFT,LA,ASW,CE,Combined TRACON& Tower with Radar,6,10,22,0,38,0,22,38,0,60,6,32,60,0,98,12,0,12,110
07/09/2020,LFT,LA,ASW,CE,Combined TRACON& Tower with Radar,6,18,18,0,42,0,20,26,1,47,6,38,44,1,89,8,0,8,97
07/10/2020,LFT,LA,ASW,CE,Combined TRACON& Tower with Radar,7,12,21,0,40,0,8,46,0,54,7,20,67,0,94,8,0,8,102
07/11/2020,LFT,LA,ASW,CE,Combined TRACON& Tower with Radar,5,14,13,0,32,0,8,38,0,46,5,22,51,0,78,16,0,16,94
07/12/2020,LFT,LA,ASW,CE,Combined TRACON& Tower with Radar,8,10,7,0,25,0,8,21,0,29,8,18,28,0,54,8,0,8,62
07/13/2020,LFT,LA,ASW,CE,Combined TRACON& Tower with Radar,5,12,17,0,34,0,21,31,1,53,5,33,48,1,87,4,0,4,91
07/14/2020,LFT,LA,ASW,CE,Combined TRACON& Tower with Radar,9,15,29,1,54,0,20,39,0,59,9,35,68,1,113,16,0,16,129
07/15/2020,LFT,LA,ASW,CE,Combined TRACON& Tower with Radar,6,12,23,11,52,0,20,38,0,58,6,32,61,11,110,40,4,44,154
07/16/2020,LFT,LA,ASW,CE,Combined TRACON& Tower with Radar,5,12,14,0,31,0,17,26,0,43,5,29,40,0,74,10,0,10,84
07/17/2020,LFT,LA,ASW,CE,Combined TRACON& Tower with Radar,7,14,12,3,36,0,15,11,0,26,7,29,23,3,62,10,0,10,72
07/18/2020,LFT,LA,ASW,CE,Combined TRACON& Tower with Radar,5,12,18,0,35,0,18,27,0,45,5,30,45,0,80,0,0,0,80
07/19/2020,LFT,LA,ASW,CE,Combined TRACON& Tower with Radar,5,17,23,0,45,0,11,18,0,29,5,28,41,0,74,14,0,14,88
07/20/2020,LFT,LA,ASW,CE,Combined TRACON& Tower with Radar,5,15,12,0,32,0,4,12,0,16,5,19,24,0,48,8,0,8,56
07/21/2020,LFT,LA,ASW,CE,Combined TRACON& Tower with Radar,6,12,18,1,37,0,10,9,0,19,6,22,27,1,56,6,0,6,62
07/22/2020,LFT,LA,ASW,CE,Combined TRACON& Tower with Radar,7,16,23,0,46,0,26,30,3,59,7,42,53,3,105,24,0,24,129
07/23/2020,LFT,LA,ASW,CE,Combined TRACON& Tower with Radar,6,17,20,0,43,0,32,25,1,58,6,49,45,1,101,12,0,12,113
07/24/2020,LFT,LA,ASW,CE,Combined TRACON& Tower with Radar,5,16,8,0,29,0,7,3,0,10,5,23,11,0,39,0,0,0,39
07/25/2020,LFT,LA,ASW,CE,Combined TRACON& Tower with Radar,5,14,6,0,25,0,1,7,0,8,5,15,13,0,33,2,0,2,35
07/26/2020,LFT,LA,ASW,CE,Combined TRACON& Tower with Radar,5,12,14,0,31,0,4,2,0,6,5,16,16,0,37,0,0,0,37
07/27/2020,LFT,LA,ASW,CE,Combined TRACON& Tower with Radar,6,14,8,0,28,0,0,0,0,0,6,14,8,0,28,12,0,12,40
07/28/2020,LFT,LA,ASW,CE,Combined TRACON& Tower with Radar,9,20,12,0,41,0,6,6,0,12,9,26,18,0,53,0,0,0,53
07/29/2020,LFT,LA,ASW,CE,Combined TRACON& Tower with Radar,8,16,19,0,43,0,39,24,0,63,8,55,43,0,106,28,0,28,134
07/30/2020,LFT,LA,ASW,CE,Combined TRACON& Tower with Radar,5,14,20,0,39,0,19,28,0,47,5,33,48,0,86,24,0,24,110
07/31/2020,LFT,LA,ASW,CE,Combined TRACON& Tower with Radar,6,20,34,4,64,0,21,30,0,51,6,41,64,4,115,16,0,16,131
08/01/2020,LFT,LA,ASW,CE,Combined TRACON& Tower with Radar,5,12,11,0,28,0,16,21,0,37,5,28,32,0,65,22,0,22,87
08/02/2020,LFT,LA,ASW,CE,Combined TRACON& Tower with Radar,5,14,13,0,32,0,6,7,0,13,5,20,20,0,45,4,0,4,49
08/03/2020,LFT,LA,ASW,CE,Combined TRACON& Tower with Radar,6,14,15,0,35,0,26,25,0,51,6,40,40,0,86,8,0,8,94
08/04/2020,LFT,LA,ASW,CE,Combined TRACON& Tower with Radar,6,15,21,0,42,0,19,39,0,58,6,34,60,0,100,24,0,24,124
08/05/2020,LFT,LA,ASW,CE,Combined TRACON& Tower with Radar,6,16,19,0,41,0,25,21,0,46,6,41,40,0,87,18,0,18,105
08/06/2020,LFT,LA,ASW,CE,Combined TRACON& Tower with Radar,5,14,16,0,35,0,25,27,0,52,5,39,43,0,87,14,0,14,101
08/07/2020,LFT,LA,ASW,CE,Combined TRACON& Tower with Radar,5,16,19,2,42,0,30,42,1,73,5,46,61,3,115,34,2,36,151
08/08/2020,LFT,LA,ASW,CE,Combined TRACON& Tower with Radar,5,12,8,1,26,0,9,26,0,35,5,21,34,1,61,0,0,0,61
08/09/2020,LFT,LA,ASW,CE,Combined TRACON& Tower with Radar,5,18,23,1,47,0,3,7,0,10,5,21,30,1,57,6,0,6,63
08/10/2020,LFT,LA,ASW,CE,Combined TRACON& Tower with Radar,5,11,24,0,40,0,29,34,0,63,5,40,58,0,103,16,0,16,119
08/11/2020,LFT,LA,ASW,CE,Combined TRACON& Tower with Radar,6,11,21,0,38,0,32,24,0,56,6,43,45,0,94,77,0,77,171
08/12/2020,LFT,LA,ASW,CE,Combined TRACON& Tower with Radar,6,14,25,0,45,0,24,25,0,49,6,38,50,0,94,40,0,40,134
08/13/2020,LFT,LA,ASW,CE,Combined TRACON& Tower with Radar,8,13,21,2,44,0,26,29,0,55,8,39,50,2,99,2,0,2,101
08/14/2020,LFT,LA,ASW,CE,Combined TRACON& Tower with Radar,5,14,16,0,35,0,28,24,0,52,5,42,40,0,87,24,0,24,111
08/15/2020,LFT,LA,ASW,CE,Combined TRACON& Tower with Radar,4,10,23,0,37,0,7,20,0,27,4,17,43,0,64,6,0,6,70
08/16/2020,LFT,LA,ASW,CE,Combined TRACON& Tower with Radar,5,12,22,0,39,0,13,23,0,36,5,25,45,0,75,0,0,0,75
08/17/2020,LFT,LA,ASW,CE,Combined TRACON& Tower with Radar,5,12,24,2,43,0,18,26,0,44,5,30,50,2,87,8,0,8,95
08/18/2020,LFT,LA,ASW,CE,Combined TRACON& Tower with Radar,6,14,11,4,35,0,23,33,0,56,6,37,44,4,91,18,0,18,109
08/19/2020,LFT,LA,ASW,CE,Combined TRACON& Tower with Radar,8,18,19,3,48,0,23,26,0,49,8,41,45,3,97,40,0,40,137
08/20/2020,LFT,LA,ASW,CE,Combined TRACON& Tower with Radar,7,16,19,0,42,0,1,33,0,34,7,17,52,0,76,0,0,0,76
08/21/2020,LFT,LA,ASW,CE,Combined TRACON& Tower with Radar,5,18,21,0,44,0,25,40,0,65,5,43,61,0,109,30,0,30,139
08/22/2020,LFT,LA,ASW,CE,Combined TRACON& Tower with Radar,7,10,10,0,27,0,3,17,0,20,7,13,27,0,47,26,0,26,73
08/23/2020,LFT,LA,ASW,CE,Combined TRACON& Tower with Radar,5,15,24,0,44,0,17,24,0,41,5,32,48,0,85,10,0,10,95
08/24/2020,LFT,LA,ASW,CE,Combined TRACON& Tower with Radar,6,12,6,0,24,0,10,8,0,18,6,22,14,0,42,4,0,4,46
08/25/2020,LFT,LA,ASW,CE,Combined TRACON& Tower with Radar,6,12,11,0,29,0,8,2,2,12,6,20,13,2,41,0,0,0,41
08/26/2020,LFT,LA,ASW,CE,Combined TRACON& Tower with Radar,5,8,4,0,17,0,1,0,0,1,5,9,4,0,18,0,0,0,18
08/27/2020,LFT,LA,ASW,CE,Combined TRACON& Tower with Radar,0,8,4,0,12,0,13,2,2,17,0,21,6,2,29,0,0,0,29
08/28/2020,LFT,LA,ASW,CE,Combined TRACON& Tower with Radar,5,14,23,2,44,0,49,12,1,62,5,63,35,3,106,22,0,22,128
08/29/2020,LFT,LA,ASW,CE,Combined TRACON& Tower with Radar,4,13,24,0,41,0,37,23,1,61,4,50,47,1,102,36,0,36,138
08/30/2020,LFT,LA,ASW,CE,Combined TRACON& Tower with Radar,5,15,14,0,34,0,20,24,0,44,5,35,38,0,78,8,0,8,86
08/31/2020,LFT,LA,ASW,CE,Combined TRACON& Tower with Radar,5,15,23,0,43,0,31,32,0,63,5,46,55,0,106,6,0,6,112
09/01/2020,LFT,LA,ASW,CE,Combined TRACON& Tower with Radar,5,10,24,0,39,0,19,21,0,40,5,29,45,0,79,12,0,12,91
09/02/2020,LFT,LA,ASW,CE,Combined TRACON& Tower with Radar,7,16,17,2,42,0,35,29,1,65,7,51,46,3,107,6,0,6,113
09/03/2020,LFT,LA,ASW,CE,Combined TRACON& Tower with Radar,6,19,40,0,65,0,36,41,1,78,6,55,81,1,143,20,0,20,163
09/04/2020,LFT,LA,ASW,CE,Combined TRACON& Tower with Radar,5,13,30,0,48,0,24,34,0,58,5,37,64,0,106,30,0,30,136
09/05/2020,LFT,LA,ASW,CE,Combined TRACON& Tower with Radar,5,11,11,0,27,0,14,16,0,30,5,25,27,0,57,22,0,22,79
09/06/2020,LFT,LA,ASW,CE,Combined TRACON& Tower with Radar,5,13,18,0,36,0,24,20,0,44,5,37,38,0,80,14,0,14,94
09/07/2020,LFT,LA,ASW,CE,Combined TRACON& Tower with Radar,6,17,33,1,57,0,33,34,0,67,6,50,67,1,124,12,0,12,136
09/08/2020,LFT,LA,ASW,CE,Combined TRACON& Tower with Radar,11,19,31,4,65,0,29,18,0,47,11,48,49,4,112,24,0,24,136
09/09/2020,LFT,LA,ASW,CE,Combined TRACON& Tower with Radar,6,20,44,0,70,0,26,20,0,46,6,46,64,0,116,22,0,22,138
09/10/2020,LFT,LA,ASW,CE,Combined TRACON& Tower with Radar,6,26,27,3,62,0,47,35,0,82,6,73,62,3,144,36,0,36,180
09/11/2020,LFT,LA,ASW,CE,Combined TRACON& Tower with Radar,7,18,25,0,50,0,30,34,0,64,7,48,59,0,114,24,0,24,138
09/12/2020,LFT,LA,ASW,CE,Combined TRACON& Tower with Radar,7,16,17,2,42,0,20,8,0,28,7,36,25,2,70,6,0,6,76
09/13/2020,LFT,LA,ASW,CE,Combined TRACON& Tower with Radar,4,19,33,1,57,0,30,22,0,52,4,49,55,1,109,4,0,4,113
09/14/2020,LFT,LA,ASW,CE,Combined TRACON& Tower with Radar,5,19,29,0,53,0,23,15,0,38,5,42,44,0,91,22,0,22,113
09/15/2020,LFT,LA,ASW,CE,Combined TRACON& Tower with Radar,5,16,15,0,36,0,23,10,0,33,5,39,25,0,69,4,0,4,73
09/16/2020,LFT,LA,ASW,CE,Combined TRACON& Tower with Radar,8,16,11,0,35,0,26,36,3,65,8,42,47,3,100,12,0,12,112
09/17/2020,LFT,LA,ASW,CE,Combined TRACON& Tower with Radar,6,20,38,8,72,0,20,30,0,50,6,40,68,8,122,0,0,0,122
09/18/2020,LFT,LA,ASW,CE,Combined TRACON& Tower with Radar,8,19,18,0,45,0,23,31,0,54,8,42,49,0,99,2,0,2,101
09/19/2020,LFT,LA,ASW,CE,Combined TRACON& Tower with Radar,8,16,17,0,41,0,7,5,0,12,8,23,22,0,53,0,0,0,53
09/20/2020,LFT,LA,ASW,CE,Combined TRACON& Tower with Radar,4,21,15,0,40,0,0,1,0,1,4,21,16,0,41,0,0,0,41
09/21/2020,LFT,LA,ASW,CE,Combined TRACON& Tower with Radar,6,16,7,0,29,0,0,0,0,0,6,16,7,0,29,0,0,0,29
09/22/2020,LFT,LA,ASW,CE,Combined TRACON& Tower with Radar,8,17,9,0,34,0,3,3,0,6,8,20,12,0,40,0,0,0,40
09/23/2020,LFT,LA,ASW,CE,Combined TRACON& Tower with Radar,6,16,15,0,37,0,10,4,0,14,6,26,19,0,51,0,0,0,51
09/24/2020,LFT,LA,ASW,CE,Combined TRACON& Tower with Radar,6,21,29,1,57,0,11,19,0,30,6,32,48,1,87,56,0,56,143
09/25/2020,LFT,LA,ASW,CE,Combined TRACON& Tower with Radar,9,20,53,0,82,0,16,26,0,42,9,36,79,0,124,0,0,0,124
09/26/2020,LFT,LA,ASW,CE,Combined TRACON& Tower with Radar,7,23,15,0,45,0,18,26,0,44,7,41,41,0,89,0,0,0,89
09/27/2020,LFT,LA,ASW,CE,Combined TRACON& Tower with Radar,4,17,25,0,46,0,7,30,0,37,4,24,55,0,83,2,0,2,85
09/28/2020,LFT,LA,ASW,CE,Combined TRACON& Tower with Radar,6,30,28,0,64,0,2,0,0,2,6,32,28,0,66,2,0,2,68
09/29/2020,LFT,LA,ASW,CE,Combined TRACON& Tower with Radar,5,19,27,0,51,0,35,38,0,73,5,54,65,0,124,6,0,6,130
09/30/2020,LFT,LA,ASW,CE,Combined TRACON& Tower with Radar,5,22,36,6,69,0,25,49,0,74,5,47,85,6,143,12,0,12,155
10/01/2020,LFT,LA,ASW,CE,Combined TRACON& Tower with Radar,8,20,39,0,67,0,43,44,0,87,8,63,83,0,154,22,0,22,176
10/02/2020,LFT,LA,ASW,CE,Combined TRACON& Tower with Radar,6,26,21,0,53,0,31,34,0,65,6,57,55,0,118,14,0,14,132
10/03/2020,LFT,LA,ASW,CE,Combined TRACON& Tower with Radar,5,15,19,18,57,0,7,28,0,35,5,22,47,18,92,0,0,0,92
10/04/2020,LFT,LA,ASW,CE,Combined TRACON& Tower with Radar,4,20,9,0,33,0,14,30,0,44,4,34,39,0,77,0,0,0,77
10/05/2020,LFT,LA,ASW,CE,Combined TRACON& Tower with Radar,5,18,33,0,56,0,43,41,0,84,5,61,74,0,140,12,0,12,152
10/06/2020,LFT,LA,ASW,CE,Combined TRACON& Tower with Radar,5,18,11,0,34,0,28,41,0,69,5,46,52,0,103,4,0,4,107
10/07/2020,LFT,LA,ASW,CE,Combined TRACON& Tower with Radar,7,17,38,0,62,0,10,8,0,18,7,27,46,0,80,0,0,0,80
10/08/2020,LFT,LA,ASW,CE,Combined TRACON& Tower with Radar,4,18,27,6,55,0,6,4,2,12,4,24,31,8,67,8,0,8,75
10/10/2020,LFT,LA,ASW,CE,Combined TRACON& Tower with Radar,2,4,8,8,22,0,20,8,3,31,2,24,16,11,53,0,0,0,53
10/11/2020,LFT,LA,ASW,CE,Combined TRACON& Tower with Radar,2,20,21,0,43,0,20,3,0,23,2,40,24,0,66,0,0,0,66
10/12/2020,LFT,LA,ASW,CE,Combined TRACON& Tower with Radar,3,19,34,0,56,0,21,19,0,40,3,40,53,0,96,0,0,0,96
10/13/2020,LFT,LA,ASW,CE,Combined TRACON& Tower with Radar,4,19,37,0,60,0,18,45,0,63,4,37,82,0,123,0,0,0,123
10/14/2020,LFT,LA,ASW,CE,Combined TRACON& Tower with Radar,7,20,30,0,57,0,36,39,0,75,7,56,69,0,132,10,0,10,142
10/15/2020,LFT,LA,ASW,CE,Combined TRACON& Tower with Radar,4,23,20,1,48,0,29,9,1,39,4,52,29,2,87,30,0,30,117
10/16/2020,LFT,LA,ASW,CE,Combined TRACON& Tower with Radar,5,20,9,0,34,0,16,7,0,23,5,36,16,0,57,15,0,15,72
10/17/2020,LFT,LA,ASW,CE,Combined TRACON& Tower with Radar,5,10,21,0,36,0,15,20,0,35,5,25,41,0,71,5,0,5,76
10/18/2020,LFT,LA,ASW,CE,Combined TRACON& Tower with Radar,1,25,31,0,57,0,12,27,0,39,1,37,58,0,96,2,0,2,98
10/19/2020,LFT,LA,ASW,CE,Combined TRACON& Tower with Radar,3,29,36,0,68,0,11,17,0,28,3,40,53,0,96,2,0,2,98
10/20/2020,LFT,LA,ASW,CE,Combined TRACON& Tower with Radar,4,18,27,3,52,0,29,13,0,42,4,47,40,3,94,20,0,20,114
10/21/2020,LFT,LA,ASW,CE,Combined TRACON& Tower with Radar,4,23,22,0,49,0,25,38,0,63,4,48,60,0,112,0,0,0,112
10/22/2020,LFT,LA,ASW,CE,Combined TRACON& Tower with Radar,6,23,18,0,47,0,19,24,0,43,6,42,42,0,90,12,0,12,102
10/23/2020,LFT,LA,ASW,CE,Combined TRACON& Tower with Radar,5,20,29,0,54,0,7,4,0,11,5,27,33,0,65,0,0,0,65
10/24/2020,LFT,LA,ASW,CE,Combined TRACON& Tower with Radar,6,12,22,0,40,0,7,1,0,8,6,19,23,0,48,10,0,10,58
10/25/2020,LFT,LA,ASW,CE,Combined TRACON& Tower with Radar,2,25,41,2,70,0,9,25,0,34,2,34,66,2,104,32,0,32,136
10/26/2020,LFT,LA,ASW,CE,Combined TRACON& Tower with Radar,3,21,38,3,65,0,29,50,14,93,3,50,88,17,158,16,0,16,174
10/27/2020,LFT,LA,ASW,CE,Combined TRACON& Tower with Radar,3,23,32,0,58,0,7,17,0,24,3,30,49,0,82,0,0,0,82
10/28/2020,LFT,LA,ASW,CE,Combined TRACON& Tower with Radar,4,22,5,0,31,0,1,1,0,2,4,23,6,0,33,0,0,0,33
10/29/2020,LFT,LA,ASW,CE,Combined TRACON& Tower with Radar,5,24,33,0,62,0,34,19,0,53,5,58,52,0,115,0,0,0,115
10/30/2020,LFT,LA,ASW,CE,Combined TRACON& Tower with Radar,7,23,26,0,56,0,15,40,1,56,7,38,66,1,112,0,0,0,112
10/31/2020,LFT,LA,ASW,CE,Combined TRACON& Tower with Radar,3,12,15,0,30,0,16,46,0,62,3,28,61,0,92,26,0,26,118
11/01/2020,LFT,LA,ASW,CE,Combined TRACON& Tower with Radar,2,20,19,0,41,0,10,25,0,35,2,30,44,0,76,0,0,0,76
11/02/2020,LFT,LA,ASW,CE,Combined TRACON& Tower with Radar,3,22,18,0,43,0,14,29,0,43,3,36,47,0,86,0,0,0,86
11/03/2020,LFT,LA,ASW,CE,Combined TRACON& Tower with Radar,4,24,19,0,47,0,36,40,0,76,4,60,59,0,123,12,0,12,135
11/04/2020,LFT,LA,ASW,CE,Combined TRACON& Tower with Radar,5,19,25,2,51,0,39,34,0,73,5,58,59,2,124,14,0,14,138
11/05/2020,LFT,LA,ASW,CE,Combined TRACON& Tower with Radar,9,26,31,2,68,0,24,49,0,73,9,50,80,2,141,0,0,0,141
11/06/2020,LFT,LA,ASW,CE,Combined TRACON& Tower with Radar,7,23,21,0,51,0,35,32,0,67,7,58,53,0,118,20,0,20,138
11/07/2020,LFT,LA,ASW,CE,Combined TRACON& Tower with Radar,5,17,21,0,43,0,11,19,0,30,5,28,40,0,73,8,0,8,81
11/08/2020,LFT,LA,ASW,CE,Combined TRACON& Tower with Radar,4,26,26,0,56,0,5,0,0,5,4,31,26,0,61,0,0,0,61
11/09/2020,LFT,LA,ASW,CE,Combined TRACON& Tower with Radar,5,21,33,0,59,0,29,24,0,53,5,50,57,0,112,13,0,13,125
11/10/2020,LFT,LA,ASW,CE,Combined TRACON& Tower with Radar,12,19,32,9,72,0,11,23,2,36,12,30,55,11,108,8,0,8,116
11/11/2020,LFT,LA,ASW,CE,Combined TRACON& Tower with Radar,9,18,43,0,70,0,9,23,0,32,9,27,66,0,102,26,0,26,128
11/12/2020,LFT,LA,ASW,CE,Combined TRACON& Tower with Radar,9,23,30,4,66,0,27,39,0,66,9,50,69,4,132,0,0,0,132
11/13/2020,LFT,LA,ASW,CE,Combined TRACON& Tower with Radar,11,23,34,0,68,0,13,46,0,59,11,36,80,0,127,14,0,14,141
11/14/2020,LFT,LA,ASW,CE,Combined TRACON& Tower with Radar,9,20,24,0,53,0,17,27,0,44,9,37,51,0,97,8,0,8,105
11/15/2020,LFT,LA,ASW,CE,Combined TRACON& Tower with Radar,4,30,11,0,45,0,24,19,0,43,4,54,30,0,88,0,0,0,88
11/16/2020,LFT,LA,ASW,CE,Combined TRACON& Tower with Radar,5,22,26,0,53,0,32,27,0,59,5,54,53,0,112,0,0,0,112
11/17/2020,LFT,LA,ASW,CE,Combined TRACON& Tower with Radar,7,19,22,1,49,0,20,43,0,63,7,39,65,1,112,8,0,8,120
11/18/2020,LFT,LA,ASW,CE,Combined TRACON& Tower with Radar,8,25,40,10,83,0,38,52,6,96,8,63,92,16,179,8,0,8,187
11/19/2020,LFT,LA,ASW,CE,Combined TRACON& Tower with Radar,5,20,24,0,49,0,39,38,0,77,5,59,62,0,126,10,0,10,136
11/20/2020,LFT,LA,ASW,CE,Combined TRACON& Tower with Radar,7,25,37,1,70,0,26,48,0,74,7,51,85,1,144,12,0,12,156
11/21/2020,LFT,LA,ASW,CE,Combined TRACON& Tower with Radar,5,23,12,0,40,0,7,24,0,31,5,30,36,0,71,10,0,10,81
11/22/2020,LFT,LA,ASW,CE,Combined TRACON& Tower with Radar,4,25,20,0,49,0,13,27,0,40,4,38,47,0,89,0,0,0,89
11/23/2020,LFT,LA,ASW,CE,Combined TRACON& Tower with Radar,6,22,25,0,53,0,35,45,0,80,6,57,70,0,133,0,0,0,133
11/24/2020,LFT,LA,ASW,CE,Combined TRACON& Tower with Radar,9,22,30,0,61,0,25,26,0,51,9,47,56,0,112,12,0,12,124
11/25/2020,LFT,LA,ASW,CE,Combined TRACON& Tower with Radar,8,21,18,0,47,0,9,17,0,26,8,30,35,0,73,10,0,10,83
11/26/2020,LFT,LA,ASW,CE,Combined TRACON& Tower with Radar,0,13,8,0,21,0,14,1,0,15,0,27,9,0,36,2,0,2,38
11/27/2020,LFT,LA,ASW,CE,Combined TRACON& Tower with Radar,5,21,11,0,37,0,7,0,0,7,5,28,11,0,44,0,0,0,44
11/28/2020,LFT,LA,ASW,CE,Combined TRACON& Tower with Radar,5,30,11,0,46,0,0,0,0,0,5,30,11,0,46,0,0,0,46
11/29/2020,LFT,LA,ASW,CE,Combined TRACON& Tower with Radar,4,29,22,1,56,0,4,0,0,4,4,33,22,1,60,0,0,0,60
11/30/2020,LFT,LA,ASW,CE,Combined TRACON& Tower with Radar,6,21,17,0,44,0,19,18,0,37,6,40,35,0,81,0,0,0,81
12/01/2020,LFT,LA,ASW,CE,Combined TRACON& Tower with Radar,12,25,26,4,67,0,54,41,1,96,12,79,67,5,163,12,6,18,181
12/02/2020,LFT,LA,ASW,CE,Combined TRACON& Tower with Radar,10,19,19,0,48,0,18,12,2,32,10,37,31,2,80,6,0,6,86
12/03/2020,LFT,LA,ASW,CE,Combined TRACON& Tower with Radar,12,19,26,2,59,0,4,2,0,6,12,23,28,2,65,0,0,0,65
12/04/2020,LFT,LA,ASW,CE,Combined TRACON& Tower with Radar,12,17,35,0,64,0,45,26,3,74,12,62,61,3,138,22,0,22,160
12/05/2020,LFT,LA,ASW,CE,Combined TRACON& Tower with Radar,10,12,19,0,41,0,9,28,0,37,10,21,47,0,78,0,0,0,78
12/06/2020,LFT,LA,ASW,CE,Combined TRACON& Tower with Radar,8,19,29,0,56,0,9,16,0,25,8,28,45,0,81,22,0,22,103
12/07/2020,LFT,LA,ASW,CE,Combined TRACON& Tower with Radar,9,17,22,0,48,0,24,30,0,54,9,41,52,0,102,20,0,20,122
12/08/2020,LFT,LA,ASW,CE,Combined TRACON& Tower with Radar,11,20,38,1,70,0,38,42,2,82,11,58,80,3,152,36,0,36,188
12/09/2020,LFT,LA,ASW,CE,Combined TRACON& Tower with Radar,10,15,30,1,56,0,30,51,1,82,10,45,81,2,138,22,0,22,160
12/10/2020,LFT,LA,ASW,CE,Combined TRACON& Tower with Radar,15,17,42,13,87,0,41,34,5,80,15,58,76,18,167,16,10,26,193
12/11/2020,LFT,LA,ASW,CE,Combined TRACON& Tower with Radar,12,20,34,3,69,0,20,35,1,56,12,40,69,4,125,38,0,38,163
12/12/2020,LFT,LA,ASW,CE,Combined TRACON& Tower with Radar,10,14,24,0,48,0,0,7,0,7,10,14,31,0,55,54,0,54,109
12/13/2020,LFT,LA,ASW,CE,Combined TRACON& Tower with Radar,8,19,29,0,56,0,3,2,0,5,8,22,31,0,61,4,0,4,65
12/14/2020,LFT,LA,ASW,CE,Combined TRACON& Tower with Radar,9,17,13,0,39,0,13,5,0,18,9,30,18,0,57,62,0,62,119
12/15/2020,LFT,LA,ASW,CE,Combined TRACON& Tower with Radar,10,21,22,0,53,0,0,3,0,3,10,21,25,0,56,0,0,0,56
12/16/2020,LFT,LA,ASW,CE,Combined TRACON& Tower with Radar,11,16,25,0,52,0,27,6,0,33,11,43,31,0,85,24,0,24,109
12/17/2020,LFT,LA,ASW,CE,Combined TRACON& Tower with Radar,13,17,15,1,46,0,29,38,1,68,13,46,53,2,114,30,0,30,144
12/18/2020,LFT,LA,ASW,CE,Combined TRACON& Tower with Radar,15,28,25,2,70,0,36,45,0,81,15,64,70,2,151,18,0,18,169
12/19/2020,LFT,LA,ASW,CE,Combined TRACON& Tower with Radar,8,24,9,2,43,0,9,8,0,17,8,33,17,2,60,0,0,0,60
12/20/2020,LFT,LA,ASW,CE,Combined TRACON& Tower with Radar,6,24,20,0,50,0,14,9,0,23,6,38,29,0,73,16,0,16,89
12/21/2020,LFT,LA,ASW,CE,Combined TRACON& Tower with Radar,8,21,18,2,49,0,28,38,0,66,8,49,56,2,115,10,0,10,125
12/22/2020,LFT,LA,ASW,CE,Combined TRACON& Tower with Radar,13,28,20,0,61,0,26,39,0,65,13,54,59,0,126,0,0,0,126
12/23/2020,LFT,LA,ASW,CE,Combined TRACON& Tower with Radar,12,19,15,0,46,0,8,5,0,13,12,27,20,0,59,4,0,4,63
12/24/2020,LFT,LA,ASW,CE,Combined TRACON& Tower with Radar,11,14,4,0,29,0,12,3,0,15,11,26,7,0,44,0,0,0,44
12/25/2020,LFT,LA,ASW,CE,Combined TRACON& Tower with Radar,3,18,3,0,24,0,7,7,0,14,3,25,10,0,38,6,0,6,44
12/26/2020,LFT,LA,ASW,CE,Combined TRACON& Tower with Radar,8,23,24,0,55,0,8,29,0,37,8,31,53,0,92,0,0,0,92
12/27/2020,LFT,LA,ASW,CE,Combined TRACON& Tower with Radar,6,21,31,0,58,0,3,29,0,32,6,24,60,0,90,0,0,0,90
12/28/2020,LFT,LA,ASW,CE,Combined TRACON& Tower with Radar,7,23,43,0,73,0,10,28,0,38,7,33,71,0,111,6,0,6,117
12/29/2020,LFT,LA,ASW,CE,Combined TRACON& Tower with Radar,11,26,15,12,64,0,34,28,2,64,11,60,43,14,128,12,2,14,142
12/30/2020,LFT,LA,ASW,CE,Combined TRACON& Tower with Radar,10,23,34,0,67,0,13,5,0,18,10,36,39,0,85,0,0,0,85
12/31/2020,LFT,LA,ASW,CE,Combined TRACON& Tower with Radar,12,13,13,0,38,0,10,2,0,12,12,23,15,0,50,0,0,0,50
01/01/2021,LFT,LA,ASW,CE,Combined TRACON& Tower with Radar,5,13,8,0,26,0,10,18,0,28,5,23,26,0,54,0,0,0,54
01/02/2021,LFT,LA,ASW,CE,Combined TRACON& Tower with Radar,7,19,15,0,41,0,12,5,0,17,7,31,20,0,58,58,0,58,116
01/03/2021,LFT,LA,ASW,CE,Combined TRACON& Tower with Radar,6,23,26,0,55,0,16,27,0,43,6,39,53,0,98,0,0,0,98
01/04/2021,LFT,LA,ASW,CE,Combined TRACON& Tower with Radar,8,22,27,0,57,0,26,20,0,46,8,48,47,0,103,26,0,26,129
01/05/2021,LFT,LA,ASW,CE,Combined TRACON& Tower with Radar,12,12,21,8,53,0,35,40,0,75,12,47,61,8,128,48,0,48,176
01/06/2021,LFT,LA,ASW,CE,Combined TRACON& Tower with Radar,15,10,21,0,46,0,16,16,0,32,15,26,37,0,78,32,0,32,110
01/07/2021,LFT,LA,ASW,CE,Combined TRACON& Tower with Radar,14,10,19,5,48,0,23,1,0,24,14,33,20,5,72,0,0,0,72
01/08/2021,LFT,LA,ASW,CE,Combined TRACON& Tower with Radar,21,9,17,1,48,0,32,11,0,43,21,41,28,1,91,6,0,6,97
01/09/2021,LFT,LA,ASW,CE,Combined TRACON& Tower with Radar,9,7,11,0,27,0,8,26,0,34,9,15,37,0,61,5,0,5,66
01/10/2021,LFT,LA,ASW,CE,Combined TRACON& Tower with Radar,13,12,9,0,34,0,7,4,0,11,13,19,13,0,45,0,0,0,45
01/11/2021,LFT,LA,ASW,CE,Combined TRACON& Tower with Radar,12,17,12,0,41,0,2,0,0,2,12,19,12,0,43,0,0,0,43
01/12/2021,LFT,LA,ASW,CE,Combined TRACON& Tower with Radar,12,13,27,2,54,0,13,33,2,48,12,26,60,4,102,20,0,20,122
01/13/2021,LFT,LA,ASW,CE,Combined TRACON& Tower with Radar,15,14,13,12,54,0,12,25,1,38,15,26,38,13,92,12,0,12,104
01/14/2021,LFT,LA,ASW,CE,Combined TRACON& Tower with Radar,12,10,28,0,50,0,10,15,3,28,12,20,43,3,78,8,0,8,86
01/15/2021,LFT,LA,ASW,CE,Combined TRACON& Tower with Radar,20,8,16,1,45,0,14,21,1,36,20,22,37,2,81,20,0,20,101
01/16/2021,LFT,LA,ASW,CE,Combined TRACON& Tower with Radar,10,10,8,1,29,0,19,49,0,68,10,29,57,1,97,16,0,16,113
01/17/2021,LFT,LA,ASW,CE,Combined TRACON& Tower with Radar,13,9,21,1,44,0,11,12,0,23,13,20,33,1,67,6,0,6,73
01/18/2021,LFT,LA,ASW,CE,Combined TRACON& Tower with Radar,13,10,16,0,39,0,14,25,0,39,13,24,41,0,78,16,0,16,94
01/19/2021,LFT,LA,ASW,CE,Combined TRACON& Tower with Radar,11,16,15,4,46,0,18,46,0,64,11,34,61,4,110,12,0,12,122
01/20/2021,LFT,LA,ASW,CE,Combined TRACON& Tower with Radar,12,13,28,2,55,0,13,18,1,32,12,26,46,3,87,24,0,24,111
01/21/2021,LFT,LA,ASW,CE,Combined TRACON& Tower with Radar,17,10,10,0,37,0,38,8,0,46,17,48,18,0,83,10,0,10,93
01/22/2021,LFT,LA,ASW,CE,Combined TRACON& Tower with Radar,20,11,25,0,56,0,0,0,0,0,20,11,25,0,56,0,0,0,56
01/23/2021,LFT,LA,ASW,CE,Combined TRACON& Tower with Radar,10,6,13,0,29,0,0,1,0,1,10,6,14,0,30,0,0,0,30
01/24/2021,LFT,LA,ASW,CE,Combined TRACON& Tower with Radar,15,8,13,0,36,0,2,5,0,7,15,10,18,0,43,0,0,0,43
01/25/2021,LFT,LA,ASW,CE,Combined TRACON& Tower with Radar,13,13,16,0,42,0,4,0,0,4,13,17,16,0,46,0,0,0,46
01/26/2021,LFT,LA,ASW,CE,Combined TRACON& Tower with Radar,14,15,47,0,76,0,21,29,0,50,14,36,76,0,126,46,0,46,172
01/27/2021,LFT,LA,ASW,CE,Combined TRACON& Tower with Radar,15,12,22,2,51,0,20,24,0,44,15,32,46,2,95,8,0,8,103
01/28/2021,LFT,LA,ASW,CE,Combined TRACON& Tower with Radar,14,11,25,2,52,0,15,41,0,56,14,26,66,2,108,42,0,42,150
01/29/2021,LFT,LA,ASW,CE,Combined TRACON& Tower with Radar,20,11,27,8,66,0,37,50,1,88,20,48,77,9,154,0,0,0,154
01/30/2021,LFT,LA,ASW,CE,Combined TRACON& Tower with Radar,9,9,19,0,37,0,9,11,1,21,9,18,30,1,58,0,0,0,58
01/31/2021,LFT,LA,ASW,CE,Combined TRACON& Tower with Radar,14,16,17,3,50,0,10,18,0,28,14,26,35,3,78,0,0,0,78
02/01/2021,LFT,LA,ASW,CE,Combined TRACON& Tower with Radar,13,12,14,0,39,0,8,32,0,40,13,20,46,0,79,6,0,6,85
02/02/2021,LFT,LA,ASW,CE,Combined TRACON& Tower with Radar,12,13,15,2,42,0,38,27,0,65,12,51,42,2,107,0,4,4,111
02/03/2021,LFT,LA,ASW,CE,Combined TRACON& Tower with Radar,11,14,19,2,46,0,41,45,3,89,11,55,64,5,135,58,0,58,193
02/04/2021,LFT,LA,ASW,CE,Combined TRACON& Tower with Radar,13,10,20,0,43,0,38,18,0,56,13,48,38,0,99,10,0,10,109
02/05/2021,LFT,LA,ASW,CE,Combined TRACON& Tower with Radar,21,12,20,0,53,0,11,1,0,12,21,23,21,0,65,0,0,0,65
02/06/2021,LFT,LA,ASW,CE,Combined TRACON& Tower with Radar,10,15,10,0,35,0,6,0,0,6,10,21,10,0,41,0,0,0,41
02/07/2021,LFT,LA,ASW,CE,Combined TRACON& Tower with Radar,13,17,19,0,49,0,24,41,0,65,13,41,60,0,114,24,0,24,138
02/08/2021,LFT,LA,ASW,CE,Combined TRACON& Tower with Radar,13,14,37,0,64,0,35,21,0,56,13,49,58,0,120,70,0,70,190
02/09/2021,LFT,LA,ASW,CE,Combined TRACON& Tower with Radar,13,14,22,4,53,0,12,27,1,40,13,26,49,5,93,12,0,12,105
02/10/2021,LFT,LA,ASW,CE,Combined TRACON& Tower with Radar,12,14,22,0,48,0,0,6,0,6,12,14,28,0,54,0,0,0,54
02/11/2021,LFT,LA,ASW,CE,Combined TRACON& Tower with Radar,19,17,13,0,49,0,0,0,0,0,19,17,13,0,49,0,0,0,49
02/12/2021,LFT,LA,ASW,CE,Combined TRACON& Tower with Radar,19,16,20,0,55,0,0,0,0,0,19,16,20,0,55,0,0,0,55
02/13/2021,LFT,LA,ASW,CE,Combined TRACON& Tower with Radar,11,17,8,10,46,0,3,6,0,9,11,20,14,10,55,0,0,0,55
02/14/2021,LFT,LA,ASW,CE,Combined TRACON& Tower with Radar,6,7,9,2,24,0,9,0,1,10,6,16,9,3,34,0,0,0,34
02/15/2021,LFT,LA,ASW,CE,Combined TRACON& Tower with Radar,0,0,0,0,0,0,0,0,0,0,0,0,0,0,0,0,0,0,0
02/16/2021,LFT,LA,ASW,CE,Combined TRACON& Tower with Radar,3,2,9,0,14,0,19,11,0,30,3,21,20,0,44,0,0,0,44
02/17/2021,LFT,LA,ASW,CE,Combined TRACON& Tower with Radar,8,4,11,0,23,0,0,0,0,0,8,4,11,0,23,0,0,0,23
02/18/2021,LFT,LA,ASW,CE,Combined TRACON& Tower with Radar,12,9,9,0,30,0,0,0,0,0,12,9,9,0,30,0,0,0,30
02/19/2021,LFT,LA,ASW,CE,Combined TRACON& Tower with Radar,14,6,21,10,51,0,36,34,0,70,14,42,55,10,121,15,0,15,136
02/20/2021,LFT,LA,ASW,CE,Combined TRACON& Tower with Radar,11,16,36,0,63,0,25,33,0,58,11,41,69,0,121,0,0,0,121
02/21/2021,LFT,LA,ASW,CE,Combined TRACON& Tower with Radar,15,13,21,3,52,0,6,33,0,39,15,19,54,3,91,6,0,6,97
02/22/2021,LFT,LA,ASW,CE,Combined TRACON& Tower with Radar,12,16,15,2,45,0,19,38,0,57,12,35,53,2,102,10,0,10,112
02/23/2021,LFT,LA,ASW,CE,Combined TRACON& Tower with Radar,13,20,27,2,62,0,22,71,0,93,13,42,98,2,155,16,0,16,171
02/24/2021,LFT,LA,ASW,CE,Combined TRACON& Tower with Radar,11,16,42,5,74,0,45,29,0,74,11,61,71,5,148,26,0,26,174
02/25/2021,LFT,LA,ASW,CE,Combined TRACON& Tower with Radar,17,15,26,0,58,0,8,11,0,19,17,23,37,0,77,24,0,24,101
02/26/2021,LFT,LA,ASW,CE,Combined TRACON& Tower with Radar,20,16,34,13,83,0,7,22,2,31,20,23,56,15,114,16,0,16,130
02/27/2021,LFT,LA,ASW,CE,Combined TRACON& Tower with Radar,11,13,34,0,58,0,0,14,0,14,11,13,48,0,72,0,0,0,72
02/28/2021,LFT,LA,ASW,CE,Combined TRACON& Tower with Radar,13,13,24,5,55,0,15,3,0,18,13,28,27,5,73,0,0,0,73
03/01/2021,LFT,LA,ASW,CE,Combined TRACON& Tower with Radar,11,16,19,0,46,0,0,1,0,1,11,16,20,0,47,0,0,0,47
03/02/2021,LFT,LA,ASW,CE,Combined TRACON& Tower with Radar,10,15,9,0,34,0,3,1,0,4,10,18,10,0,38,0,0,0,38
03/03/2021,LFT,LA,ASW,CE,Combined TRACON& Tower with Radar,11,14,25,0,50,0,37,42,0,79,11,51,67,0,129,0,0,0,129
03/04/2021,LFT,LA,ASW,CE,Combined TRACON& Tower with Radar,18,15,32,7,72,0,29,48,0,77,18,44,80,7,149,8,0,8,157
03/05/2021,LFT,LA,ASW,CE,Combined TRACON& Tower with Radar,17,12,26,0,55,0,36,18,2,56,17,48,44,2,111,0,0,0,111
03/06/2021,LFT,LA,ASW,CE,Combined TRACON& Tower with Radar,12,15,20,2,49,0,15,40,0,55,12,30,60,2,104,6,0,6,110
03/07/2021,LFT,LA,ASW,CE,Combined TRACON& Tower with Radar,15,14,30,1,60,0,18,54,1,73,15,32,84,2,133,6,0,6,139
03/08/2021,LFT,LA,ASW,CE,Combined TRACON& Tower with Radar,18,11,27,0,56,0,23,33,0,56,18,34,60,0,112,40,0,40,152
03/09/2021,LFT,LA,ASW,CE,Combined TRACON& Tower with Radar,14,12,20,0,46,0,33,29,0,62,14,45,49,0,108,14,0,14,122
03/10/2021,LFT,LA,ASW,CE,Combined TRACON& Tower with Radar,13,10,38,3,64,0,38,20,0,58,13,48,58,3,122,20,0,20,142
03/11/2021,LFT,LA,ASW,CE,Combined TRACON& Tower with Radar,19,10,52,4,85,0,49,32,0,81,19,59,84,4,166,14,0,14,180
03/12/2021,LFT,LA,ASW,CE,Combined TRACON& Tower with Radar,17,16,26,0,59,0,10,16,0,26,17,26,42,0,85,30,0,30,115
03/13/2021,LFT,LA,ASW,CE,Combined TRACON& Tower with Radar,14,15,19,0,48,0,16,29,0,45,14,31,48,0,93,46,0,46,139
03/14/2021,LFT,LA,ASW,CE,Combined TRACON& Tower with Radar,14,15,31,0,60,0,7,8,0,15,14,22,39,0,75,0,0,0,75
03/15/2021,LFT,LA,ASW,CE,Combined TRACON& Tower with Radar,19,12,17,0,48,0,5,6,0,11,19,17,23,0,59,22,0,22,81
03/16/2021,LFT,LA,ASW,CE,Combined TRACON& Tower with Radar,16,18,16,2,52,0,8,8,0,16,16,26,24,2,68,6,0,6,74
03/17/2021,LFT,LA,ASW,CE,Combined TRACON& Tower with Radar,12,17,10,0,39,0,11,1,0,12,12,28,11,0,51,12,0,12,63
03/18/2021,LFT,LA,ASW,CE,Combined TRACON& Tower with Radar,18,14,34,0,66,0,44,33,3,80,18,58,67,3,146,0,0,0,146
03/19/2021,LFT,LA,ASW,CE,Combined TRACON& Tower with Radar,18,13,33,0,64,0,25,57,0,82,18,38,90,0,146,24,0,24,170
03/20/2021,LFT,LA,ASW,CE,Combined TRACON& Tower with Radar,16,13,17,2,48,0,5,34,0,39,16,18,51,2,87,0,0,0,87
03/21/2021,LFT,LA,ASW,CE,Combined TRACON& Tower with Radar,16,11,38,2,67,0,16,20,2,38,16,27,58,4,105,12,0,12,117
03/22/2021,LFT,LA,ASW,CE,Combined TRACON& Tower with Radar,19,14,37,8,78,0,34,28,0,62,19,48,65,8,140,12,0,12,152
03/23/2021,LFT,LA,ASW,CE,Combined TRACON& Tower with Radar,14,13,16,0,43,0,2,0,0,2,14,15,16,0,45,0,0,0,45
03/24/2021,LFT,LA,ASW,CE,Combined TRACON& Tower with Radar,15,14,11,0,40,0,7,1,0,8,15,21,12,0,48,0,0,0,48
03/25/2021,LFT,LA,ASW,CE,Combined TRACON& Tower with Radar,17,12,19,0,48,0,0,2,0,2,17,12,21,0,50,14,0,14,64
03/26/2021,LFT,LA,ASW,CE,Combined TRACON& Tower with Radar,17,14,46,3,80,0,9,16,1,26,17,23,62,4,106,36,0,36,142
03/27/2021,LFT,LA,ASW,CE,Combined TRACON& Tower with Radar,14,17,21,1,53,0,3,6,3,12,14,20,27,4,65,2,0,2,67
03/28/2021,LFT,LA,ASW,CE,Combined TRACON& Tower with Radar,15,13,18,0,46,0,13,2,0,15,15,26,20,0,61,0,0,0,61
03/29/2021,LFT,LA,ASW,CE,Combined TRACON& Tower with Radar,15,10,32,4,61,0,30,47,0,77,15,40,79,4,138,28,0,28,166
03/30/2021,LFT,LA,ASW,CE,Combined TRACON& Tower with Radar,13,25,23,0,61,0,2,10,0,12,13,27,33,0,73,0,0,0,73
03/31/2021,LFT,LA,ASW,CE,Combined TRACON& Tower with Radar,15,12,24,0,51,0,4,4,0,8,15,16,28,0,59,0,0,0,59
04/01/2021,LFT,LA,ASW,CE,Combined TRACON& Tower with Radar,19,11,31,1,62,0,23,33,1,57,19,34,64,2,119,0,0,0,119
04/02/2021,LFT,LA,ASW,CE,Combined TRACON& Tower with Radar,24,13,29,0,66,0,21,47,1,69,24,34,76,1,135,28,0,28,163
04/03/2021,LFT,LA,ASW,CE,Combined TRACON& Tower with Radar,13,16,11,0,40,0,14,22,1,37,13,30,33,1,77,42,0,42,119
04/04/2021,LFT,LA,ASW,CE,Combined TRACON& Tower with Radar,14,16,13,0,43,0,15,26,0,41,14,31,39,0,84,12,0,12,96
04/05/2021,LFT,LA,ASW,CE,Combined TRACON& Tower with Radar,17,17,32,6,72,0,26,46,0,72,17,43,78,6,144,8,0,8,152
04/06/2021,LFT,LA,ASW,CE,Combined TRACON& Tower with Radar,16,19,29,10,74,0,26,35,0,61,16,45,64,10,135,59,0,59,194
04/07/2021,LFT,LA,ASW,CE,Combined TRACON& Tower with Radar,13,21,20,1,55,0,13,1,0,14,13,34,21,1,69,0,0,0,69
04/08/2021,LFT,LA,ASW,CE,Combined TRACON& Tower with Radar,19,16,40,0,75,0,27,57,0,84,19,43,97,0,159,14,0,14,173
04/09/2021,LFT,LA,ASW,CE,Combined TRACON& Tower with Radar,16,21,33,0,70,0,3,15,0,18,16,24,48,0,88,34,0,34,122
04/10/2021,LFT,LA,ASW,CE,Combined TRACON& Tower with Radar,15,16,10,0,41,1,17,17,0,35,16,33,27,0,76,6,0,6,82
04/11/2021,LFT,LA,ASW,CE,Combined TRACON& Tower with Radar,15,15,20,0,50,0,17,48,0,65,15,32,68,0,115,36,0,36,151
04/12/2021,LFT,LA,ASW,CE,Combined TRACON& Tower with Radar,17,16,18,0,51,0,35,51,0,86,17,51,69,0,137,14,0,14,151
04/13/2021,LFT,LA,ASW,CE,Combined TRACON& Tower with Radar,21,16,13,0,50,0,2,1,0,3,21,18,14,0,53,0,0,0,53
04/14/2021,LFT,LA,ASW,CE,Combined TRACON& Tower with Radar,20,19,15,0,54,0,3,0,0,3,20,22,15,0,57,0,0,0,57
04/15/2021,LFT,LA,ASW,CE,Combined TRACON& Tower with Radar,19,16,30,0,65,0,5,4,0,9,19,21,34,0,74,30,0,30,104
04/16/2021,LFT,LA,ASW,CE,Combined TRACON& Tower with Radar,20,17,16,0,53,0,0,6,0,6,20,17,22,0,59,6,0,6,65
04/17/2021,LFT,LA,ASW,CE,Combined TRACON& Tower with Radar,15,14,19,0,48,0,3,0,0,3,15,17,19,0,51,0,0,0,51
04/18/2021,LFT,LA,ASW,CE,Combined TRACON& Tower with Radar,16,20,32,0,68,0,13,26,0,39,16,33,58,0,107,28,0,28,135
04/19/2021,LFT,LA,ASW,CE,Combined TRACON& Tower with Radar,17,18,16,0,51,0,31,44,0,75,17,49,60,0,126,38,0,38,164
04/20/2021,LFT,LA,ASW,CE,Combined TRACON& Tower with Radar,19,18,29,2,68,0,34,69,0,103,19,52,98,2,171,84,0,84,255
04/21/2021,LFT,LA,ASW,CE,Combined TRACON& Tower with Radar,19,14,36,2,71,0,39,40,1,80,19,53,76,3,151,2,0,2,153
04/22/2021,LFT,LA,ASW,CE,Combined TRACON& Tower with Radar,19,17,44,2,82,0,15,56,1,72,19,32,100,3,154,0,0,0,154
04/23/2021,LFT,LA,ASW,CE,Combined TRACON& Tower with Radar,17,17,12,0,46,0,11,10,0,21,17,28,22,0,67,10,0,10,77
04/24/2021,LFT,LA,ASW,CE,Combined TRACON& Tower with Radar,16,20,20,0,56,0,7,8,0,15,16,27,28,0,71,0,0,0,71
04/25/2021,LFT,LA,ASW,CE,Combined TRACON& Tower with Radar,14,10,22,0,46,0,6,31,0,37,14,16,53,0,83,20,0,20,103
04/26/2021,LFT,LA,ASW,CE,Combined TRACON& Tower with Radar,18,23,40,4,85,0,21,32,0,53,18,44,72,4,138,16,0,16,154
04/27/2021,LFT,LA,ASW,CE,Combined TRACON& Tower with Radar,23,25,26,0,74,0,8,14,0,22,23,33,40,0,96,4,0,4,100
04/28/2021,LFT,LA,ASW,CE,Combined TRACON& Tower with Radar,20,20,26,7,73,0,43,14,0,57,20,63,40,7,130,0,0,0,130
04/29/2021,LFT,LA,ASW,CE,Combined TRACON& Tower with Radar,19,19,34,21,93,0,20,26,5,51,19,39,60,26,144,26,25,51,195
04/30/2021,LFT,LA,ASW,CE,Combined TRACON& Tower with Radar,19,18,25,0,62,0,2,10,0,12,19,20,35,0,74,6,0,6,80
05/01/2021,LFT,LA,ASW,CE,Combined TRACON& Tower with Radar,15,16,20,1,52,0,17,25,0,42,15,33,45,1,94,28,0,28,122
05/02/2021,LFT,LA,ASW,CE,Combined TRACON& Tower with Radar,16,16,36,0,68,0,1,10,0,11,16,17,46,0,79,26,0,26,105
05/03/2021,LFT,LA,ASW,CE,Combined TRACON& Tower with Radar,15,15,27,4,61,0,11,8,0,19,15,26,35,4,80,0,0,0,80
05/04/2021,LFT,LA,ASW,CE,Combined TRACON& Tower with Radar,17,14,19,0,50,0,9,3,0,12,17,23,22,0,62,0,0,0,62
05/05/2021,LFT,LA,ASW,CE,Combined TRACON& Tower with Radar,20,19,46,9,94,0,16,21,0,37,20,35,67,9,131,0,0,0,131
05/06/2021,LFT,LA,ASW,CE,Combined TRACON& Tower with Radar,24,20,39,0,83,0,32,53,0,85,24,52,92,0,168,34,0,34,202
05/07/2021,LFT,LA,ASW,CE,Combined TRACON& Tower with Radar,22,20,33,0,75,0,39,55,0,94,22,59,88,0,169,62,0,62,231
05/08/2021,LFT,LA,ASW,CE,Combined TRACON& Tower with Radar,18,12,24,8,62,0,16,26,0,42,18,28,50,8,104,40,0,40,144
05/09/2021,LFT,LA,ASW,CE,Combined TRACON& Tower with Radar,18,15,21,0,54,0,12,8,0,20,18,27,29,0,74,4,0,4,78
05/10/2021,LFT,LA,ASW,CE,Combined TRACON& Tower with Radar,21,14,28,0,63,0,12,15,0,27,21,26,43,0,90,28,0,28,118
05/11/2021,LFT,LA,ASW,CE,Combined TRACON& Tower with Radar,18,11,23,0,52,0,17,6,0,23,18,28,29,0,75,6,0,6,81
05/12/2021,LFT,LA,ASW,CE,Combined TRACON& Tower with Radar,24,16,32,0,72,0,3,2,0,5,24,19,34,0,77,0,0,0,77
05/13/2021,LFT,LA,ASW,CE,Combined TRACON& Tower with Radar,22,16,33,2,73,0,37,37,0,74,22,53,70,2,147,54,0,54,201
05/14/2021,LFT,LA,ASW,CE,Combined TRACON& Tower with Radar,21,15,27,0,63,0,26,41,0,67,21,41,68,0,130,26,0,26,156
05/15/2021,LFT,LA,ASW,CE,Combined TRACON& Tower with Radar,17,13,28,4,62,0,15,44,0,59,17,28,72,4,121,38,0,38,159
05/16/2021,LFT,LA,ASW,CE,Combined TRACON& Tower with Radar,18,13,33,1,65,0,22,27,0,49,18,35,60,1,114,16,0,16,130
05/17/2021,LFT,LA,ASW,CE,Combined TRACON& Tower with Radar,16,9,14,0,39,0,8,0,0,8,16,17,14,0,47,4,0,4,51
05/18/2021,LFT,LA,ASW,CE,Combined TRACON& Tower with Radar,17,14,31,0,62,0,6,10,0,16,17,20,41,0,78,4,0,4,82
05/19/2021,LFT,LA,ASW,CE,Combined TRACON& Tower with Radar,22,16,33,0,71,0,8,5,0,13,22,24,38,0,84,8,0,8,92
05/20/2021,LFT,LA,ASW,CE,Combined TRACON& Tower with Radar,22,12,27,0,61,0,18,5,0,23,22,30,32,0,84,12,0,12,96
05/21/2021,LFT,LA,ASW,CE,Combined TRACON& Tower with Radar,20,16,36,0,72,0,6,9,0,15,20,22,45,0,87,14,0,14,101
05/22/2021,LFT,LA,ASW,CE,Combined TRACON& Tower with Radar,19,16,15,0,50,0,9,26,0,35,19,25,41,0,85,18,0,18,103
05/23/2021,LFT,LA,ASW,CE,Combined TRACON& Tower with Radar,21,21,38,0,80,0,22,22,1,45,21,43,60,1,125,6,0,6,131
05/24/2021,LFT,LA,ASW,CE,Combined TRACON& Tower with Radar,21,17,40,0,78,0,33,27,0,60,21,50,67,0,138,29,0,29,167
05/25/2021,LFT,LA,ASW,CE,Combined TRACON& Tower with Radar,19,18,35,2,74,0,49,47,0,96,19,67,82,2,170,24,0,24,194
05/26/2021,LFT,LA,ASW,CE,Combined TRACON& Tower with Radar,22,16,39,5,82,0,18,28,2,48,22,34,67,7,130,14,0,14,144
05/27/2021,LFT,LA,ASW,CE,Combined TRACON& Tower with Radar,20,12,36,2,70,0,33,45,0,78,20,45,81,2,148,36,0,36,184
05/28/2021,LFT,LA,ASW,CE,Combined TRACON& Tower with Radar,22,21,17,0,60,0,24,17,0,41,22,45,34,0,101,14,0,14,115
05/29/2021,LFT,LA,ASW,CE,Combined TRACON& Tower with Radar,18,14,20,1,53,0,6,14,0,20,18,20,34,1,73,0,0,0,73
05/30/2021,LFT,LA,ASW,CE,Combined TRACON& Tower with Radar,17,16,22,1,56,0,9,37,0,46,17,25,59,1,102,0,0,0,102
05/31/2021,LFT,LA,ASW,CE,Combined TRACON& Tower with Radar,18,17,20,0,55,0,16,40,0,56,18,33,60,0,111,0,0,0,111
06/01/2021,LFT,LA,ASW,CE,Combined TRACON& Tower with Radar,20,20,24,8,72,0,38,16,0,54,20,58,40,8,126,34,0,34,160
06/02/2021,LFT,LA,ASW,CE,Combined TRACON& Tower with Radar,20,13,25,0,58,0,16,13,0,29,20,29,38,0,87,26,0,26,113
06/03/2021,LFT,LA,ASW,CE,Combined TRACON& Tower with Radar,19,18,31,0,68,0,31,6,0,37,19,49,37,0,105,34,0,34,139
06/04/2021,LFT,LA,ASW,CE,Combined TRACON& Tower with Radar,21,13,18,0,52,0,12,11,0,23,21,25,29,0,75,10,0,10,85
06/05/2021,LFT,LA,ASW,CE,Combined TRACON& Tower with Radar,14,18,14,0,46,0,10,0,0,10,14,28,14,0,56,1,0,1,57
06/06/2021,LFT,LA,ASW,CE,Combined TRACON& Tower with Radar,18,12,14,0,44,0,2,8,0,10,18,14,22,0,54,0,0,0,54
06/07/2021,LFT,LA,ASW,CE,Combined TRACON& Tower with Radar,17,16,37,7,77,0,34,14,1,49,17,50,51,8,126,0,0,0,126
06/08/2021,LFT,LA,ASW,CE,Combined TRACON& Tower with Radar,20,17,19,0,56,0,33,21,0,54,20,50,40,0,110,8,0,8,118
06/09/2021,LFT,LA,ASW,CE,Combined TRACON& Tower with Radar,21,16,27,1,65,0,42,33,0,75,21,58,60,1,140,46,0,46,186
06/10/2021,LFT,LA,ASW,CE,Combined TRACON& Tower with Radar,22,18,30,0,70,0,26,42,1,69,22,44,72,1,139,34,0,34,173
06/11/2021,LFT,LA,ASW,CE,Combined TRACON& Tower with Radar,20,17,31,22,90,0,23,34,1,58,20,40,65,23,148,16,2,18,166
06/12/2021,LFT,LA,ASW,CE,Combined TRACON& Tower with Radar,14,18,16,0,48,0,16,18,1,35,14,34,34,1,83,0,0,0,83
06/13/2021,LFT,LA,ASW,CE,Combined TRACON& Tower with Radar,17,20,23,0,60,0,14,22,0,36,17,34,45,0,96,6,0,6,102
06/14/2021,LFT,LA,ASW,CE,Combined TRACON& Tower with Radar,18,15,26,2,61,0,29,42,0,71,18,44,68,2,132,2,0,2,134
06/15/2021,LFT,LA,ASW,CE,Combined TRACON& Tower with Radar,19,13,28,0,60,0,30,30,0,60,19,43,58,0,120,28,0,28,148
06/16/2021,LFT,LA,ASW,CE,Combined TRACON& Tower with Radar,20,25,41,0,86,0,30,49,0,79,20,55,90,0,165,12,0,12,177
06/17/2021,LFT,LA,ASW,CE,Combined TRACON& Tower with Radar,19,18,38,15,90,0,27,36,1,64,19,45,74,16,154,6,0,6,160
06/18/2021,LFT,LA,ASW,CE,Combined TRACON& Tower with Radar,20,21,31,0,72,0,12,17,0,29,20,33,48,0,101,2,0,2,103
06/19/2021,LFT,LA,ASW,CE,Combined TRACON& Tower with Radar,14,19,13,0,46,0,11,10,0,21,14,30,23,0,67,0,0,0,67
06/20/2021,LFT,LA,ASW,CE,Combined TRACON& Tower with Radar,17,15,20,0,52,0,10,4,0,14,17,25,24,0,66,0,0,0,66
06/21/2021,LFT,LA,ASW,CE,Combined TRACON& Tower with Radar,15,13,39,0,67,0,9,9,1,19,15,22,48,1,86,54,0,54,140
06/22/2021,LFT,LA,ASW,CE,Combined TRACON& Tower with Radar,21,16,24,0,61,0,7,7,0,14,21,23,31,0,75,46,0,46,121
06/23/2021,LFT,LA,ASW,CE,Combined TRACON& Tower with Radar,21,18,32,0,71,0,38,12,0,50,21,56,44,0,121,14,0,14,135
06/24/2021,LFT,LA,ASW,CE,Combined TRACON& Tower with Radar,17,28,25,0,70,0,20,26,0,46,17,48,51,0,116,10,0,10,126
06/25/2021,LFT,LA,ASW,CE,Combined TRACON& Tower with Radar,24,16,31,0,71,0,31,17,1,49,24,47,48,1,120,28,0,28,148
06/26/2021,LFT,LA,ASW,CE,Combined TRACON& Tower with Radar,14,16,14,0,44,0,9,11,0,20,14,25,25,0,64,2,0,2,66
06/27/2021,LFT,LA,ASW,CE,Combined TRACON& Tower with Radar,17,13,46,0,76,0,10,19,0,29,17,23,65,0,105,12,0,12,117
06/28/2021,LFT,LA,ASW,CE,Combined TRACON& Tower with Radar,19,17,25,0,61,0,8,27,0,35,19,25,52,0,96,16,0,16,112
06/29/2021,LFT,LA,ASW,CE,Combined TRACON& Tower with Radar,20,25,36,0,81,0,33,37,0,70,20,58,73,0,151,22,0,22,173
06/30/2021,LFT,LA,ASW,CE,Combined TRACON& Tower with Radar,18,24,35,0,77,0,40,18,1,59,18,64,53,1,136,76,0,76,212
07/01/2021,LFT,LA,ASW,CE,Combined TRACON& Tower with Radar,17,17,34,1,69,0,38,37,0,75,17,55,71,1,144,58,0,58,202
07/02/2021,LFT,LA,ASW,CE,Combined TRACON& Tower with Radar,16,14,36,0,66,0,24,16,0,40,16,38,52,0,106,62,0,62,168
07/03/2021,LFT,LA,ASW,CE,Combined TRACON& Tower with Radar,12,20,23,0,55,0,3,5,0,8,12,23,28,0,63,0,0,0,63
07/04/2021,LFT,LA,ASW,CE,Combined TRACON& Tower with Radar,10,13,12,0,35,0,15,16,0,31,10,28,28,0,66,0,0,0,66
07/05/2021,LFT,LA,ASW,CE,Combined TRACON& Tower with Radar,16,23,27,0,66,0,7,22,0,29,16,30,49,0,95,12,0,12,107
07/06/2021,LFT,LA,ASW,CE,Combined TRACON& Tower with Radar,20,16,17,0,53,0,11,10,0,21,20,27,27,0,74,16,0,16,90
07/07/2021,LFT,LA,ASW,CE,Combined TRACON& Tower with Radar,20,18,29,23,90,0,18,23,18,59,20,36,52,41,149,28,11,39,188
07/08/2021,LFT,LA,ASW,CE,Combined TRACON& Tower with Radar,18,21,29,1,69,0,34,17,0,51,18,55,46,1,120,20,0,20,140
07/09/2021,LFT,LA,ASW,CE,Combined TRACON& Tower with Radar,13,19,39,0,71,0,19,29,0,48,13,38,68,0,119,22,0,22,141
07/10/2021,LFT,LA,ASW,CE,Combined TRACON& Tower with Radar,12,16,32,0,60,0,18,12,0,30,12,34,44,0,90,4,0,4,94
07/11/2021,LFT,LA,ASW,CE,Combined TRACON& Tower with Radar,13,20,24,0,57,0,13,14,0,27,13,33,38,0,84,34,0,34,118
07/12/2021,LFT,LA,ASW,CE,Combined TRACON& Tower with Radar,16,18,22,0,56,0,28,15,0,43,16,46,37,0,99,6,0,6,105
07/13/2021,LFT,LA,ASW,CE,Combined TRACON& Tower with Radar,17,21,54,2,94,0,43,31,0,74,17,64,85,2,168,24,0,24,192
07/14/2021,LFT,LA,ASW,CE,Combined TRACON& Tower with Radar,15,23,28,0,66,0,37,44,0,81,15,60,72,0,147,14,0,14,161
07/15/2021,LFT,LA,ASW,CE,Combined TRACON& Tower with Radar,17,16,30,0,63,0,28,25,0,53,17,44,55,0,116,34,0,34,150
07/16/2021,LFT,LA,ASW,CE,Combined TRACON& Tower with Radar,17,16,18,4,55,0,20,22,0,42,17,36,40,4,97,102,0,102,199
07/17/2021,LFT,LA,ASW,CE,Combined TRACON& Tower with Radar,14,19,23,0,56,0,14,17,0,31,14,33,40,0,87,22,0,22,109
07/18/2021,LFT,LA,ASW,CE,Combined TRACON& Tower with Radar,15,22,27,2,66,0,16,17,1,34,15,38,44,3,100,12,0,12,112
07/19/2021,LFT,LA,ASW,CE,Combined TRACON& Tower with Radar,18,18,14,0,50,0,25,10,0,35,18,43,24,0,85,66,0,66,151
07/20/2021,LFT,LA,ASW,CE,Combined TRACON& Tower with Radar,19,19,21,0,59,0,18,7,0,25,19,37,28,0,84,40,0,40,124
07/21/2021,LFT,LA,ASW,CE,Combined TRACON& Tower with Radar,21,19,25,0,65,0,29,24,0,53,21,48,49,0,118,122,0,122,240
07/22/2021,LFT,LA,ASW,CE,Combined TRACON& Tower with Radar,18,17,36,0,71,0,40,24,1,65,18,57,60,1,136,72,0,72,208
07/23/2021,LFT,LA,ASW,CE,Combined TRACON& Tower with Radar,17,20,19,0,56,0,22,27,0,49,17,42,46,0,105,68,0,68,173
07/24/2021,LFT,LA,ASW,CE,Combined TRACON& Tower with Radar,11,16,16,2,45,0,18,29,0,47,11,34,45,2,92,38,0,38,130
07/25/2021,LFT,LA,ASW,CE,Combined TRACON& Tower with Radar,15,16,20,4,55,0,17,29,0,46,15,33,49,4,101,18,0,18,119
07/26/2021,LFT,LA,ASW,CE,Combined TRACON& Tower with Radar,16,15,25,2,58,0,22,29,0,51,16,37,54,2,109,50,0,50,159
07/27/2021,LFT,LA,ASW,CE,Combined TRACON& Tower with Radar,17,19,37,1,74,0,36,35,1,72,17,55,72,2,146,10,0,10,156
07/28/2021,LFT,LA,ASW,CE,Combined TRACON& Tower with Radar,16,17,26,0,59,0,36,31,0,67,16,53,57,0,126,34,0,34,160
07/29/2021,LFT,LA,ASW,CE,Combined TRACON& Tower with Radar,18,15,35,6,74,0,31,12,0,43,18,46,47,6,117,28,0,28,145
07/30/2021,LFT,LA,ASW,CE,Combined TRACON& Tower with Radar,17,19,30,0,66,0,39,40,0,79,17,58,70,0,145,84,0,84,229
07/31/2021,LFT,LA,ASW,CE,Combined TRACON& Tower with Radar,12,17,13,0,42,0,14,23,0,37,12,31,36,0,79,16,0,16,95
08/01/2021,LFT,LA,ASW,CE,Combined TRACON& Tower with Radar,15,21,17,0,53,0,14,18,0,32,15,35,35,0,85,14,0,14,99
08/02/2021,LFT,LA,ASW,CE,Combined TRACON& Tower with Radar,14,20,9,0,43,0,16,11,0,27,14,36,20,0,70,0,0,0,70
08/03/2021,LFT,LA,ASW,CE,Combined TRACON& Tower with Radar,13,20,12,0,45,0,15,11,0,26,13,35,23,0,71,14,0,14,85
08/04/2021,LFT,LA,ASW,CE,Combined TRACON& Tower with Radar,13,20,24,1,58,0,25,41,1,67,13,45,65,2,125,86,0,86,211
08/05/2021,LFT,LA,ASW,CE,Combined TRACON& Tower with Radar,17,16,25,0,58,0,28,33,0,61,17,44,58,0,119,10,0,10,129
08/06/2021,LFT,LA,ASW,CE,Combined TRACON& Tower with Radar,16,16,16,0,48,0,15,24,0,39,16,31,40,0,87,74,0,74,161
08/07/2021,LFT,LA,ASW,CE,Combined TRACON& Tower with Radar,14,16,20,2,52,0,19,43,0,62,14,35,63,2,114,50,0,50,164
08/08/2021,LFT,LA,ASW,CE,Combined TRACON& Tower with Radar,14,17,31,1,63,0,22,20,0,42,14,39,51,1,105,30,0,30,135
08/09/2021,LFT,LA,ASW,CE,Combined TRACON& Tower with Radar,16,16,25,2,59,0,32,30,0,62,16,48,55,2,121,52,0,52,173
08/10/2021,LFT,LA,ASW,CE,Combined TRACON& Tower with Radar,15,18,26,2,61,0,32,28,2,62,15,50,54,4,123,60,0,60,183
08/11/2021,LFT,LA,ASW,CE,Combined TRACON& Tower with Radar,18,16,15,0,49,0,24,29,0,53,18,40,44,0,102,0,0,0,102
08/12/2021,LFT,LA,ASW,CE,Combined TRACON& Tower with Radar,19,13,26,0,58,0,25,16,0,41,19,38,42,0,99,54,0,54,153
08/13/2021,LFT,LA,ASW,CE,Combined TRACON& Tower with Radar,17,16,21,2,56,0,26,22,0,48,17,42,43,2,104,22,0,22,126
08/14/2021,LFT,LA,ASW,CE,Combined TRACON& Tower with Radar,11,14,19,0,44,0,19,31,0,50,11,33,50,0,94,50,0,50,144
08/15/2021,LFT,LA,ASW,CE,Combined TRACON& Tower with Radar,13,15,17,0,45,0,16,14,0,30,13,31,31,0,75,20,0,20,95
08/16/2021,LFT,LA,ASW,CE,Combined TRACON& Tower with Radar,17,21,22,0,60,0,23,11,0,34,17,44,33,0,94,4,0,4,98
08/17/2021,LFT,LA,ASW,CE,Combined TRACON& Tower with Radar,14,16,21,0,51,0,24,20,0,44,14,40,41,0,95,18,0,18,113
08/18/2021,LFT,LA,ASW,CE,Combined TRACON& Tower with Radar,18,13,26,0,57,0,28,23,0,51,18,41,49,0,108,44,0,44,152
08/19/2021,LFT,LA,ASW,CE,Combined TRACON& Tower with Radar,18,16,26,6,66,0,32,21,0,53,18,48,47,6,119,8,0,8,127
08/20/2021,LFT,LA,ASW,CE,Combined TRACON& Tower with Radar,18,20,15,2,55,0,33,31,1,65,18,53,46,3,120,38,0,38,158
08/21/2021,LFT,LA,ASW,CE,Combined TRACON& Tower with Radar,17,12,21,0,50,0,13,34,0,47,17,25,55,0,97,38,0,38,135
08/22/2021,LFT,LA,ASW,CE,Combined TRACON& Tower with Radar,15,15,24,0,54,0,18,26,0,44,15,33,50,0,98,36,0,36,134
08/23/2021,LFT,LA,ASW,CE,Combined TRACON& Tower with Radar,16,16,18,2,52,0,20,37,0,57,16,36,55,2,109,20,0,20,129
08/24/2021,LFT,LA,ASW,CE,Combined TRACON& Tower with Radar,16,12,29,0,57,0,30,18,0,48,16,42,47,0,105,20,0,20,125
08/25/2021,LFT,LA,ASW,CE,Combined TRACON& Tower with Radar,15,21,29,2,67,0,24,39,0,63,15,45,68,2,130,52,0,52,182
08/26/2021,LFT,LA,ASW,CE,Combined TRACON& Tower with Radar,18,16,27,0,61,0,17,15,0,32,18,33,42,0,93,10,0,10,103
08/27/2021,LFT,LA,ASW,CE,Combined TRACON& Tower with Radar,18,19,39,0,76,0,24,32,0,56,18,43,71,0,132,70,0,70,202
08/28/2021,LFT,LA,ASW,CE,Combined TRACON& Tower with Radar,16,13,27,1,57,0,25,11,2,38,16,38,38,3,95,4,0,4,99
08/29/2021,LFT,LA,ASW,CE,Combined TRACON& Tower with Radar,16,13,27,1,57,0,25,11,2,38,16,38,38,3,95,4,0,4,99
08/30/2021,LFT,LA,ASW,CE,Combined TRACON& Tower with Radar,11,10,31,0,52,0,51,35,0,86,11,61,66,0,138,0,0,0,138
08/31/2021,LFT,LA,ASW,CE,Combined TRACON& Tower with Radar,19,24,25,2,70,0,83,55,3,141,19,107,80,5,211,8,0,8,219
09/01/2021,LFT,LA,ASW,CE,Combined TRACON& Tower with Radar,21,25,20,1,67,0,68,31,5,104,21,93,51,6,171,0,0,0,171
09/02/2021,LFT,LA,ASW,CE,Combined TRACON& Tower with Radar,17,25,34,0,76,0,81,47,4,132,17,106,81,4,208,28,0,28,236
09/03/2021,LFT,LA,ASW,CE,Combined TRACON& Tower with Radar,19,31,33,0,83,0,78,45,0,123,19,109,78,0,206,18,0,18,224
09/04/2021,LFT,LA,ASW,CE,Combined TRACON& Tower with Radar,15,17,25,0,57,0,64,33,1,98,15,81,58,1,155,24,0,24,179
09/05/2021,LFT,LA,ASW,CE,Combined TRACON& Tower with Radar,15,22,21,0,58,0,58,17,0,75,15,80,38,0,133,0,0,0,133
09/06/2021,LFT,LA,ASW,CE,Combined TRACON& Tower with Radar,13,33,28,0,74,0,15,13,0,28,13,48,41,0,102,0,0,0,102
09/07/2021,LFT,LA,ASW,CE,Combined TRACON& Tower with Radar,16,28,20,0,64,0,52,14,1,67,16,80,34,1,131,0,2,2,133
09/08/2021,LFT,LA,ASW,CE,Combined TRACON& Tower with Radar,19,42,34,0,95,0,40,25,0,65,19,82,59,0,160,18,0,18,178
09/09/2021,LFT,LA,ASW,CE,Combined TRACON& Tower with Radar,19,37,42,0,98,0,53,49,1,103,19,90,91,1,201,24,0,24,225
09/10/2021,LFT,LA,ASW,CE,Combined TRACON& Tower with Radar,16,31,22,0,69,0,62,38,0,100,16,93,60,0,169,28,0,28,197
09/11/2021,LFT,LA,ASW,CE,Combined TRACON& Tower with Radar,16,18,20,0,54,0,29,53,0,82,16,47,73,0,136,68,0,68,204
09/12/2021,LFT,LA,ASW,CE,Combined TRACON& Tower with Radar,16,22,21,0,59,0,31,14,0,45,16,53,35,0,104,40,0,40,144
09/13/2021,LFT,LA,ASW,CE,Combined TRACON& Tower with Radar,20,21,8,0,49,0,28,5,0,33,20,49,13,0,82,0,0,0,82
09/14/2021,LFT,LA,ASW,CE,Combined TRACON& Tower with Radar,18,23,4,0,45,0,1,0,0,1,18,24,4,0,46,0,0,0,46
09/15/2021,LFT,LA,ASW,CE,Combined TRACON& Tower with Radar,20,48,14,1,83,0,36,3,0,39,20,84,17,1,122,0,0,0,122
09/16/2021,LFT,LA,ASW,CE,Combined TRACON& Tower with Radar,22,54,27,0,103,0,40,7,0,47,22,94,34,0,150,6,0,6,156
09/17/2021,LFT,LA,ASW,CE,Combined TRACON& Tower with Radar,21,27,26,0,74,0,51,11,0,62,21,78,37,0,136,0,0,0,136
09/18/2021,LFT,LA,ASW,CE,Combined TRACON& Tower with Radar,17,30,14,0,61,0,19,9,0,28,17,49,23,0,89,4,0,4,93
09/19/2021,LFT,LA,ASW,CE,Combined TRACON& Tower with Radar,17,29,25,0,71,0,18,12,0,30,17,47,37,0,101,0,0,0,101
09/20/2021,LFT,LA,ASW,CE,Combined TRACON& Tower with Radar,18,31,22,0,71,0,56,27,0,83,18,87,49,0,154,30,0,30,184
09/21/2021,LFT,LA,ASW,CE,Combined TRACON& Tower with Radar,20,31,38,9,98,0,62,24,0,86,20,93,62,9,184,12,0,12,196
09/22/2021,LFT,LA,ASW,CE,Combined TRACON& Tower with Radar,18,42,15,0,75,0,46,22,0,68,18,88,37,0,143,0,0,0,143
09/23/2021,LFT,LA,ASW,CE,Combined TRACON& Tower with Radar,20,43,24,2,89,0,63,53,0,116,20,106,77,2,205,32,0,32,237
09/24/2021,LFT,LA,ASW,CE,Combined TRACON& Tower with Radar,22,34,33,9,98,0,60,62,0,122,22,94,95,9,220,48,0,48,268
09/25/2021,LFT,LA,ASW,CE,Combined TRACON& Tower with Radar,18,18,24,0,60,0,37,58,0,95,18,55,82,0,155,40,0,40,195
09/26/2021,LFT,LA,ASW,CE,Combined TRACON& Tower with Radar,17,25,32,0,74,0,22,28,0,50,17,47,60,0,124,28,0,28,152
09/27/2021,LFT,LA,ASW,CE,Combined TRACON& Tower with Radar,19,39,20,0,78,0,24,18,1,43,19,63,38,1,121,4,0,4,125
09/28/2021,LFT,LA,ASW,CE,Combined TRACON& Tower with Radar,18,29,11,0,58,0,6,6,0,12,18,35,17,0,70,10,0,10,80
09/29/2021,LFT,LA,ASW,CE,Combined TRACON& Tower with Radar,22,34,24,0,80,0,9,9,0,18,22,43,33,0,98,8,0,8,106
09/30/2021,LFT,LA,ASW,CE,Combined TRACON& Tower with Radar,20,45,30,0,95,0,45,2,0,47,20,90,32,0,142,16,0,16,158
10/01/2021,LFT,LA,ASW,CE,Combined TRACON& Tower with Radar,21,32,41,0,94,0,12,5,0,17,21,44,46,0,111,0,0,0,111
10/02/2021,LFT,LA,ASW,CE,Combined TRACON& Tower with Radar,18,19,14,2,53,0,6,6,0,12,18,25,20,2,65,0,0,0,65
10/03/2021,LFT,LA,ASW,CE,Combined TRACON& Tower with Radar,17,29,24,0,70,0,20,8,0,28,17,49,32,0,98,0,0,0,98
10/04/2021,LFT,LA,ASW,CE,Combined TRACON& Tower with Radar,20,32,26,1,79,0,39,30,0,69,20,71,56,1,148,0,0,0,148
10/05/2021,LFT,LA,ASW,CE,Combined TRACON& Tower with Radar,18,33,27,4,82,0,44,41,0,85,18,77,68,4,167,20,0,20,187
10/06/2021,LFT,LA,ASW,CE,Combined TRACON& Tower with Radar,21,41,29,2,93,0,59,29,0,88,21,100,58,2,181,0,0,0,181
10/07/2021,LFT,LA,ASW,CE,Combined TRACON& Tower with Radar,18,40,38,4,100,0,41,44,0,85,18,81,82,4,185,47,0,47,232
10/08/2021,LFT,LA,ASW,CE,Combined TRACON& Tower with Radar,18,35,20,0,73,0,58,45,1,104,18,93,65,1,177,8,0,8,185
10/09/2021,LFT,LA,ASW,CE,Combined TRACON& Tower with Radar,14,18,22,1,55,0,29,34,0,63,14,47,56,1,118,32,0,32,150
10/10/2021,LFT,LA,ASW,CE,Combined TRACON& Tower with Radar,15,31,34,8,88,0,25,34,0,59,15,56,68,8,147,8,0,8,155
10/11/2021,LFT,LA,ASW,CE,Combined TRACON& Tower with Radar,13,43,26,0,82,0,22,24,1,47,13,65,50,1,129,0,0,0,129
10/12/2021,LFT,LA,ASW,CE,Combined TRACON& Tower with Radar,13,42,24,2,81,0,41,13,0,54,13,83,37,2,135,19,0,19,154
10/13/2021,LFT,LA,ASW,CE,Combined TRACON& Tower with Radar,14,51,30,0,95,0,62,19,0,81,14,113,49,0,176,14,0,14,190
10/14/2021,LFT,LA,ASW,CE,Combined TRACON& Tower with Radar,14,61,26,4,105,0,57,26,0,83,14,118,52,4,188,26,2,28,216
10/15/2021,LFT,LA,ASW,CE,Combined TRACON& Tower with Radar,19,33,40,11,103,0,42,29,3,74,19,75,69,14,177,12,8,20,197
10/16/2021,LFT,LA,ASW,CE,Combined TRACON& Tower with Radar,11,18,14,6,49,0,22,14,1,37,11,40,28,7,86,6,0,6,92
10/17/2021,LFT,LA,ASW,CE,Combined TRACON& Tower with Radar,14,33,28,10,85,0,21,14,0,35,14,54,42,10,120,6,0,6,126
10/18/2021,LFT,LA,ASW,CE,Combined TRACON& Tower with Radar,11,37,29,1,78,0,42,24,2,68,11,79,53,3,146,27,0,27,173
10/19/2021,LFT,LA,ASW,CE,Combined TRACON& Tower with Radar,12,35,31,0,78,0,50,33,1,84,12,85,64,1,162,43,0,43,205
10/20/2021,LFT,LA,ASW,CE,Combined TRACON& Tower with Radar,14,47,21,0,82,0,19,10,2,31,14,66,31,2,113,6,0,6,119
10/21/2021,LFT,LA,ASW,CE,Combined TRACON& Tower with Radar,16,44,29,0,89,0,32,9,0,41,16,76,38,0,130,20,0,20,150
10/22/2021,LFT,LA,ASW,CE,Combined TRACON& Tower with Radar,14,49,33,2,98,0,32,50,0,82,14,81,83,2,180,38,0,38,218
10/23/2021,LFT,LA,ASW,CE,Combined TRACON& Tower with Radar,9,34,25,0,68,0,20,22,0,42,9,54,47,0,110,12,0,12,122
10/24/2021,LFT,LA,ASW,CE,Combined TRACON& Tower with Radar,12,29,20,0,61,0,39,9,0,48,12,68,29,0,109,29,0,29,138
10/25/2021,LFT,LA,ASW,CE,Combined TRACON& Tower with Radar,14,36,39,0,89,0,42,26,0,68,14,78,65,0,157,17,0,17,174
10/26/2021,LFT,LA,ASW,CE,Combined TRACON& Tower with Radar,12,36,37,2,87,0,48,29,0,77,12,84,66,2,164,0,0,0,164
10/27/2021,LFT,LA,ASW,CE,Combined TRACON& Tower with Radar,13,38,18,0,69,0,6,0,0,6,13,44,18,0,75,0,0,0,75
10/28/2021,LFT,LA,ASW,CE,Combined TRACON& Tower with Radar,20,33,27,0,80,0,43,11,1,55,20,76,38,1,135,18,0,18,153
10/29/2021,LFT,LA,ASW,CE,Combined TRACON& Tower with Radar,14,24,28,2,68,0,32,12,0,44,14,56,40,2,112,0,0,0,112
10/30/2021,LFT,LA,ASW,CE,Combined TRACON& Tower with Radar,12,24,31,0,67,0,33,45,1,79,12,57,76,1,146,16,0,16,162
10/31/2021,LFT,LA,ASW,CE,Combined TRACON& Tower with Radar,10,20,21,2,53,0,16,34,0,50,10,36,55,2,103,29,0,29,132
11/01/2021,LFT,LA,ASW,CE,Combined TRACON& Tower with Radar,12,24,30,4,70,0,28,38,0,66,12,52,68,4,136,20,0,20,156
11/02/2021,LFT,LA,ASW,CE,Combined TRACON& Tower with Radar,8,38,32,0,78,0,46,36,0,82,8,84,68,0,160,14,0,14,174
11/03/2021,LFT,LA,ASW,CE,Combined TRACON& Tower with Radar,10,38,23,8,79,0,36,24,0,60,10,74,47,8,139,76,0,76,215
11/04/2021,LFT,LA,ASW,CE,Combined TRACON& Tower with Radar,11,50,42,1,104,0,12,3,1,16,11,62,45,2,120,6,0,6,126
11/05/2021,LFT,LA,ASW,CE,Combined TRACON& Tower with Radar,8,43,59,6,116,0,12,23,1,36,8,55,82,7,152,0,0,0,152
11/06/2021,LFT,LA,ASW,CE,Combined TRACON& Tower with Radar,13,17,14,0,44,0,12,10,0,22,13,29,24,0,66,16,0,16,82
11/07/2021,LFT,LA,ASW,CE,Combined TRACON& Tower with Radar,13,21,37,0,71,0,16,25,0,41,13,37,62,0,112,6,0,6,118
11/08/2021,LFT,LA,ASW,CE,Combined TRACON& Tower with Radar,14,26,29,0,69,0,32,42,0,74,14,58,71,0,143,0,0,0,143
11/09/2021,LFT,LA,ASW,CE,Combined TRACON& Tower with Radar,12,24,31,2,69,0,47,31,0,78,12,71,62,2,147,14,0,14,161
11/10/2021,LFT,LA,ASW,CE,Combined TRACON& Tower with Radar,14,27,39,0,80,0,26,23,0,49,14,53,62,0,129,18,0,18,147
11/11/2021,LFT,LA,ASW,CE,Combined TRACON& Tower with Radar,14,46,28,0,88,0,17,29,0,46,14,63,57,0,134,8,0,8,142
11/12/2021,LFT,LA,ASW,CE,Combined TRACON& Tower with Radar,17,22,30,26,95,0,21,27,0,48,17,43,57,26,143,0,6,6,149
11/13/2021,LFT,LA,ASW,CE,Combined TRACON& Tower with Radar,12,15,10,0,37,0,11,40,0,51,12,26,50,0,88,20,0,20,108
11/14/2021,LFT,LA,ASW,CE,Combined TRACON& Tower with Radar,13,20,27,6,66,0,14,30,2,46,13,34,57,8,112,14,0,14,126
11/15/2021,LFT,LA,ASW,CE,Combined TRACON& Tower with Radar,14,19,24,0,57,0,27,26,0,53,14,46,50,0,110,5,0,5,115
11/16/2021,LFT,LA,ASW,CE,Combined TRACON& Tower with Radar,12,20,46,1,79,0,24,27,0,51,12,44,73,1,130,10,0,10,140
11/17/2021,LFT,LA,ASW,CE,Combined TRACON& Tower with Radar,12,22,35,14,83,0,25,40,2,67,12,47,75,16,150,30,0,30,180
11/18/2021,LFT,LA,ASW,CE,Combined TRACON& Tower with Radar,15,17,39,0,71,0,23,13,0,36,15,40,52,0,107,21,0,21,128
11/19/2021,LFT,LA,ASW,CE,Combined TRACON& Tower with Radar,17,18,35,4,74,0,17,29,0,46,17,35,64,4,120,15,0,15,135
11/20/2021,LFT,LA,ASW,CE,Combined TRACON& Tower with Radar,11,12,29,0,52,0,8,42,0,50,11,20,71,0,102,18,0,18,120
11/21/2021,LFT,LA,ASW,CE,Combined TRACON& Tower with Radar,11,15,31,0,57,0,12,9,0,21,11,27,40,0,78,8,0,8,86
11/22/2021,LFT,LA,ASW,CE,Combined TRACON& Tower with Radar,11,23,32,3,69,0,22,17,1,40,11,45,49,4,109,0,0,0,109
11/23/2021,LFT,LA,ASW,CE,Combined TRACON& Tower with Radar,13,17,34,0,64,0,42,47,0,89,13,59,81,0,153,8,0,8,161
11/24/2021,LFT,LA,ASW,CE,Combined TRACON& Tower with Radar,17,15,35,0,67,0,30,26,0,56,17,45,61,0,123,32,0,32,155
11/25/2021,LFT,LA,ASW,CE,Combined TRACON& Tower with Radar,7,12,6,0,25,0,8,3,0,11,7,20,9,0,36,0,0,0,36
11/26/2021,LFT,LA,ASW,CE,Combined TRACON& Tower with Radar,15,16,24,3,58,0,17,23,0,40,15,33,47,3,98,8,0,8,106
11/27/2021,LFT,LA,ASW,CE,Combined TRACON& Tower with Radar,14,18,16,0,48,0,5,17,0,22,14,23,33,0,70,0,0,0,70
11/28/2021,LFT,LA,ASW,CE,Combined TRACON& Tower with Radar,12,13,35,0,60,0,15,28,0,43,12,28,63,0,103,27,0,27,130
11/29/2021,LFT,LA,ASW,CE,Combined TRACON& Tower with Radar,14,20,37,0,71,0,25,39,0,64,14,45,76,0,135,18,0,18,153
11/30/2021,LFT,LA,ASW,CE,Combined TRACON& Tower with Radar,11,22,30,2,65,0,43,45,0,88,11,65,75,2,153,35,0,35,188
12/01/2021,LFT,LA,ASW,CE,Combined TRACON& Tower with Radar,13,20,23,0,56,0,30,26,0,56,13,50,49,0,112,0,0,0,112
12/02/2021,LFT,LA,ASW,CE,Combined TRACON& Tower with Radar,16,12,44,0,72,0,20,27,0,47,16,32,71,0,119,48,0,48,167
12/03/2021,LFT,LA,ASW,CE,Combined TRACON& Tower with Radar,15,12,41,0,68,0,36,26,0,62,15,48,67,0,130,18,0,18,148
12/04/2021,LFT,LA,ASW,CE,Combined TRACON& Tower with Radar,15,7,26,0,48,0,5,30,0,35,15,12,56,0,83,10,0,10,93
12/05/2021,LFT,LA,ASW,CE,Combined TRACON& Tower with Radar,13,12,47,3,75,0,14,11,1,26,13,26,58,4,101,46,0,46,147
12/06/2021,LFT,LA,ASW,CE,Combined TRACON& Tower with Radar,14,10,29,0,53,0,11,5,0,16,14,21,34,0,69,14,0,14,83
12/07/2021,LFT,LA,ASW,CE,Combined TRACON& Tower with Radar,10,13,37,0,60,0,0,0,0,0,10,13,37,0,60,0,0,0,60
12/08/2021,LFT,LA,ASW,CE,Combined TRACON& Tower with Radar,12,19,38,0,69,0,30,12,0,42,12,49,50,0,111,4,0,4,115
12/09/2021,LFT,LA,ASW,CE,Combined TRACON& Tower with Radar,14,27,47,0,88,0,1,2,0,3,14,28,49,0,91,0,0,0,91
12/10/2021,LFT,LA,ASW,CE,Combined TRACON& Tower with Radar,16,22,40,0,78,0,9,2,0,11,16,31,42,0,89,0,0,0,89
12/11/2021,LFT,LA,ASW,CE,Combined TRACON& Tower with Radar,13,11,17,0,41,0,9,0,2,11,13,20,17,2,52,0,0,0,52
12/12/2021,LFT,LA,ASW,CE,Combined TRACON& Tower with Radar,13,16,37,0,66,0,17,43,0,60,13,33,80,0,126,6,0,6,132
12/13/2021,LFT,LA,ASW,CE,Combined TRACON& Tower with Radar,15,11,34,0,60,0,28,14,0,42,15,39,48,0,102,2,0,2,104
12/14/2021,LFT,LA,ASW,CE,Combined TRACON& Tower with Radar,12,15,27,2,56,0,14,13,0,27,12,29,40,2,83,20,0,20,103
12/15/2021,LFT,LA,ASW,CE,Combined TRACON& Tower with Radar,12,15,28,0,55,0,25,17,0,42,12,40,45,0,97,11,0,11,108
12/16/2021,LFT,LA,ASW,CE,Combined TRACON& Tower with Radar,13,19,43,0,75,0,41,17,0,58,13,60,60,0,133,42,0,42,175
12/17/2021,LFT,LA,ASW,CE,Combined TRACON& Tower with Radar,15,14,35,2,66,0,16,11,0,27,15,30,46,2,93,18,0,18,111
12/18/2021,LFT,LA,ASW,CE,Combined TRACON& Tower with Radar,12,8,16,0,36,0,2,4,0,6,12,10,20,0,42,0,0,0,42
12/19/2021,LFT,LA,ASW,CE,Combined TRACON& Tower with Radar,15,17,33,2,67,0,16,3,0,19,15,33,36,2,86,18,0,18,104
12/20/2021,LFT,LA,ASW,CE,Combined TRACON& Tower with Radar,13,18,18,1,50,0,5,10,0,15,13,23,28,1,65,5,0,5,70
12/21/2021,LFT,LA,ASW,CE,Combined TRACON& Tower with Radar,17,14,24,11,66,0,29,25,0,54,17,43,49,11,120,20,20,40,160
12/22/2021,LFT,LA,ASW,CE,Combined TRACON& Tower with Radar,15,12,27,0,54,0,34,45,0,79,15,46,72,0,133,4,0,4,137
12/23/2021,LFT,LA,ASW,CE,Combined TRACON& Tower with Radar,18,15,18,0,51,0,16,26,0,42,18,31,44,0,93,8,0,8,101
12/24/2021,LFT,LA,ASW,CE,Combined TRACON& Tower with Radar,13,8,11,0,32,0,13,9,0,22,13,21,20,0,54,0,0,0,54
12/25/2021,LFT,LA,ASW,CE,Combined TRACON& Tower with Radar,9,10,5,0,24,0,5,9,0,14,9,15,14,0,38,0,0,0,38
12/26/2021,LFT,LA,ASW,CE,Combined TRACON& Tower with Radar,12,12,29,0,53,0,11,17,0,28,12,23,46,0,81,38,0,38,119
12/27/2021,LFT,LA,ASW,CE,Combined TRACON& Tower with Radar,14,15,37,2,68,0,2,18,0,20,14,17,55,2,88,0,0,0,88
12/28/2021,LFT,LA,ASW,CE,Combined TRACON& Tower with Radar,14,14,34,0,62,0,6,2,0,8,14,20,36,0,70,0,0,0,70
12/29/2021,LFT,LA,ASW,CE,Combined TRACON& Tower with Radar,17,14,30,0,61,0,5,1,0,6,17,19,31,0,67,15,0,15,82
12/30/2021,LFT,LA,ASW,CE,Combined TRACON& Tower with Radar,15,15,25,3,58,0,8,18,0,26,15,23,43,3,84,38,0,38,122
12/31/2021,LFT,LA,ASW,CE,Combined TRACON& Tower with Radar,14,8,30,0,52,0,13,7,0,20,14,21,37,0,72,6,0,6,78
01/01/2022,LFT,LA,ASW,CE,Combined TRACON& Tower with Radar,9,12,6,0,27,0,2,2,0,4,9,14,8,0,31,0,0,0,31
01/02/2022,LFT,LA,ASW,CE,Combined TRACON& Tower with Radar,12,11,19,0,42,0,2,1,0,3,12,13,20,0,45,0,0,0,45
01/03/2022,LFT,LA,ASW,CE,Combined TRACON& Tower with Radar,13,12,26,0,51,0,24,19,0,43,13,36,45,0,94,0,0,0,94
01/04/2022,LFT,LA,ASW,CE,Combined TRACON& Tower with Radar,9,11,15,0,35,0,24,37,0,61,9,35,52,0,96,8,0,8,104
01/05/2022,LFT,LA,ASW,CE,Combined TRACON& Tower with Radar,8,15,30,0,53,0,19,20,2,41,8,34,50,2,94,0,0,0,94
01/06/2022,LFT,LA,ASW,CE,Combined TRACON& Tower with Radar,12,17,24,0,53,0,30,9,2,41,12,47,33,2,94,9,0,9,103
01/07/2022,LFT,LA,ASW,CE,Combined TRACON& Tower with Radar,14,16,19,0,49,0,29,28,0,57,14,45,47,0,106,50,0,50,156
01/08/2022,LFT,LA,ASW,CE,Combined TRACON& Tower with Radar,9,15,16,0,40,0,7,4,0,11,9,22,20,0,51,0,0,0,51
01/09/2022,LFT,LA,ASW,CE,Combined TRACON& Tower with Radar,7,17,20,0,44,0,11,7,0,18,7,28,27,0,62,0,0,0,62
01/10/2022,LFT,LA,ASW,CE,Combined TRACON& Tower with Radar,10,23,12,1,46,0,14,12,1,27,10,37,24,2,73,9,0,9,82
01/11/2022,LFT,LA,ASW,CE,Combined TRACON& Tower with Radar,11,16,20,0,47,0,30,19,3,52,11,46,39,3,99,1,1,2,101
01/12/2022,LFT,LA,ASW,CE,Combined TRACON& Tower with Radar,10,17,36,0,63,0,15,57,1,73,10,32,93,1,136,6,0,6,142
01/13/2022,LFT,LA,ASW,CE,Combined TRACON& Tower with Radar,8,15,26,4,53,2,15,29,2,48,10,30,55,6,101,4,0,4,105
01/14/2022,LFT,LA,ASW,CE,Combined TRACON& Tower with Radar,11,20,28,0,59,0,13,34,0,47,11,33,62,0,106,46,0,46,152
01/15/2022,LFT,LA,ASW,CE,Combined TRACON& Tower with Radar,11,15,11,0,37,0,5,4,0,9,11,20,15,0,46,0,0,0,46
01/16/2022,LFT,LA,ASW,CE,Combined TRACON& Tower with Radar,4,13,21,0,38,0,6,9,0,15,4,19,30,0,53,0,1,1,54
01/17/2022,LFT,LA,ASW,CE,Combined TRACON& Tower with Radar,10,21,32,6,69,0,20,62,1,83,10,41,94,7,152,28,0,28,180
01/18/2022,LFT,LA,ASW,CE,Combined TRACON& Tower with Radar,11,14,29,7,61,0,20,41,0,61,11,34,70,7,122,44,0,44,166
01/19/2022,LFT,LA,ASW,CE,Combined TRACON& Tower with Radar,10,17,41,0,68,0,22,12,0,34,10,39,53,0,102,0,0,0,102
01/20/2022,LFT,LA,ASW,CE,Combined TRACON& Tower with Radar,10,18,15,2,45,0,0,0,0,0,10,18,15,2,45,0,0,0,45
01/21/2022,LFT,LA,ASW,CE,Combined TRACON& Tower with Radar,10,16,26,8,60,0,4,29,3,36,10,20,55,11,96,8,10,18,114
01/22/2022,LFT,LA,ASW,CE,Combined TRACON& Tower with Radar,9,21,15,0,45,0,22,57,0,79,9,43,72,0,124,2,0,2,126
01/23/2022,LFT,LA,ASW,CE,Combined TRACON& Tower with Radar,7,19,27,0,53,0,11,27,0,38,7,30,54,0,91,20,0,20,111
01/24/2022,LFT,LA,ASW,CE,Combined TRACON& Tower with Radar,9,16,20,4,49,0,5,6,0,11,9,21,26,4,60,4,0,4,64
01/25/2022,LFT,LA,ASW,CE,Combined TRACON& Tower with Radar,13,16,19,0,48,0,5,3,0,8,13,21,22,0,56,16,0,16,72
01/26/2022,LFT,LA,ASW,CE,Combined TRACON& Tower with Radar,9,15,34,4,62,0,10,32,0,42,9,25,66,4,104,0,0,0,104
01/27/2022,LFT,LA,ASW,CE,Combined TRACON& Tower with Radar,9,21,33,2,65,0,12,34,0,46,9,33,67,2,111,8,0,8,119
01/28/2022,LFT,LA,ASW,CE,Combined TRACON& Tower with Radar,10,18,28,0,56,0,7,13,2,22,10,25,41,2,78,0,0,0,78
01/29/2022,LFT,LA,ASW,CE,Combined TRACON& Tower with Radar,9,15,24,0,48,0,12,27,0,39,9,27,51,0,87,14,0,14,101
01/30/2022,LFT,LA,ASW,CE,Combined TRACON& Tower with Radar,7,17,21,0,45,0,12,36,0,48,7,29,57,0,93,31,0,31,124
01/31/2022,LFT,LA,ASW,CE,Combined TRACON& Tower with Radar,8,22,15,0,45,0,37,25,0,62,8,59,40,0,107,44,0,44,151
02/01/2022,LFT,LA,ASW,CE,Combined TRACON& Tower with Radar,5,17,12,1,35,0,11,4,0,15,5,28,16,1,50,0,0,0,50
02/02/2022,LFT,LA,ASW,CE,Combined TRACON& Tower with Radar,6,20,30,0,56,0,2,5,0,7,6,22,35,0,63,4,0,4,67
02/03/2022,LFT,LA,ASW,CE,Combined TRACON& Tower with Radar,5,15,12,0,32,0,1,0,0,1,5,16,12,0,33,0,0,0,33
02/04/2022,LFT,LA,ASW,CE,Combined TRACON& Tower with Radar,5,22,29,6,62,0,1,0,0,1,5,23,29,6,63,0,0,0,63
02/05/2022,LFT,LA,ASW,CE,Combined TRACON& Tower with Radar,6,17,26,0,49,0,8,44,3,55,6,25,70,3,104,4,0,4,108
02/06/2022,LFT,LA,ASW,CE,Combined TRACON& Tower with Radar,3,20,30,2,55,0,6,31,0,37,3,26,61,2,92,16,0,16,108
02/07/2022,LFT,LA,ASW,CE,Combined TRACON& Tower with Radar,6,19,31,2,58,0,18,35,1,54,6,37,66,3,112,8,0,8,120
02/08/2022,LFT,LA,ASW,CE,Combined TRACON& Tower with Radar,8,19,35,3,65,0,42,66,2,110,8,61,101,5,175,8,0,8,183
02/09/2022,LFT,LA,ASW,CE,Combined TRACON& Tower with Radar,6,24,29,0,59,0,18,34,6,58,6,42,63,6,117,6,0,6,123
02/10/2022,LFT,LA,ASW,CE,Combined TRACON& Tower with Radar,5,24,45,8,82,0,33,40,2,75,5,57,85,10,157,4,0,4,161
02/11/2022,LFT,LA,ASW,CE,Combined TRACON& Tower with Radar,4,25,12,5,46,0,36,33,0,69,4,61,45,5,115,12,0,12,127
02/12/2022,LFT,LA,ASW,CE,Combined TRACON& Tower with Radar,5,22,12,4,43,0,21,27,0,48,5,43,39,4,91,24,0,24,115
02/13/2022,LFT,LA,ASW,CE,Combined TRACON& Tower with Radar,3,17,20,0,40,0,8,19,0,27,3,25,39,0,67,18,0,18,85
02/14/2022,LFT,LA,ASW,CE,Combined TRACON& Tower with Radar,5,23,18,0,46,0,22,22,0,44,5,45,40,0,90,6,0,6,96
02/15/2022,LFT,LA,ASW,CE,Combined TRACON& Tower with Radar,6,23,29,0,58,0,41,43,0,84,6,64,72,0,142,14,0,14,156
02/16/2022,LFT,LA,ASW,CE,Combined TRACON& Tower with Radar,5,19,30,0,54,0,22,10,0,32,5,41,40,0,86,6,0,6,92
02/17/2022,LFT,LA,ASW,CE,Combined TRACON& Tower with Radar,8,22,12,0,42,0,3,0,0,3,8,25,12,0,45,0,0,0,45
02/18/2022,LFT,LA,ASW,CE,Combined TRACON& Tower with Radar,8,25,24,6,63,0,25,23,0,48,8,50,47,6,111,2,0,2,113
02/19/2022,LFT,LA,ASW,CE,Combined TRACON& Tower with Radar,4,20,18,0,42,0,8,48,0,56,4,28,66,0,98,22,0,22,120
02/20/2022,LFT,LA,ASW,CE,Combined TRACON& Tower with Radar,3,25,25,5,58,0,7,27,1,35,3,32,52,6,93,0,0,0,93
02/21/2022,LFT,LA,ASW,CE,Combined TRACON& Tower with Radar,4,23,22,0,49,0,9,6,0,15,4,32,28,0,64,0,0,0,64
02/22/2022,LFT,LA,ASW,CE,Combined TRACON& Tower with Radar,6,21,12,8,47,0,5,6,0,11,6,26,18,8,58,4,0,4,62
02/23/2022,LFT,LA,ASW,CE,Combined TRACON& Tower with Radar,5,19,24,4,52,0,7,24,0,31,5,26,48,4,83,0,0,0,83
02/24/2022,LFT,LA,ASW,CE,Combined TRACON& Tower with Radar,7,19,30,4,60,0,4,9,0,13,7,23,39,4,73,0,0,0,73
02/25/2022,LFT,LA,ASW,CE,Combined TRACON& Tower with Radar,10,29,39,5,83,0,9,4,0,13,10,38,43,5,96,14,0,14,110
02/26/2022,LFT,LA,ASW,CE,Combined TRACON& Tower with Radar,5,25,45,0,75,0,7,8,0,15,5,32,53,0,90,4,0,4,94
02/27/2022,LFT,LA,ASW,CE,Combined TRACON& Tower with Radar,3,19,22,0,44,0,13,16,2,31,3,32,38,2,75,2,0,2,77
02/28/2022,LFT,LA,ASW,CE,Combined TRACON& Tower with Radar,4,28,27,0,59,0,35,31,0,66,4,63,58,0,125,14,0,14,139
03/01/2022,LFT,LA,ASW,CE,Combined TRACON& Tower with Radar,7,23,25,0,55,0,13,52,0,65,7,36,77,0,120,16,0,16,136
03/02/2022,LFT,LA,ASW,CE,Combined TRACON& Tower with Radar,8,31,56,5,100,0,32,30,1,63,8,63,86,6,163,22,0,22,185
03/03/2022,LFT,LA,ASW,CE,Combined TRACON& Tower with Radar,6,35,31,1,73,0,23,26,0,49,6,58,57,1,122,12,0,12,134
03/04/2022,LFT,LA,ASW,CE,Combined TRACON& Tower with Radar,7,31,32,0,70,0,21,39,0,60,7,52,71,0,130,14,0,14,144
03/05/2022,LFT,LA,ASW,CE,Combined TRACON& Tower with Radar,3,22,34,7,66,0,11,17,0,28,3,33,51,7,94,4,0,4,98
03/06/2022,LFT,LA,ASW,CE,Combined TRACON& Tower with Radar,3,24,26,0,53,0,9,4,0,13,3,33,30,0,66,0,0,0,66
03/07/2022,LFT,LA,ASW,CE,Combined TRACON& Tower with Radar,4,19,14,9,46,0,14,8,1,23,4,33,22,10,69,6,0,6,75
03/08/2022,LFT,LA,ASW,CE,Combined TRACON& Tower with Radar,6,27,22,2,57,0,2,1,0,3,6,29,23,2,60,0,0,0,60
03/09/2022,LFT,LA,ASW,CE,Combined TRACON& Tower with Radar,8,20,39,0,67,0,10,20,0,30,8,30,59,0,97,0,0,0,97
03/10/2022,LFT,LA,ASW,CE,Combined TRACON& Tower with Radar,8,26,31,8,73,0,27,31,3,61,8,53,62,11,134,29,0,29,163
03/11/2022,LFT,LA,ASW,CE,Combined TRACON& Tower with Radar,6,22,28,0,56,0,3,2,0,5,6,25,30,0,61,0,0,0,61
03/12/2022,LFT,LA,ASW,CE,Combined TRACON& Tower with Radar,5,21,6,4,36,0,8,12,0,20,5,29,18,4,56,0,0,0,56
03/13/2022,LFT,LA,ASW,CE,Combined TRACON& Tower with Radar,5,20,24,0,49,0,6,33,2,41,5,26,57,2,90,14,0,14,104
03/14/2022,LFT,LA,ASW,CE,Combined TRACON& Tower with Radar,4,28,22,0,54,0,22,15,0,37,4,50,37,0,91,0,0,0,91
03/15/2022,LFT,LA,ASW,CE,Combined TRACON& Tower with Radar,7,18,28,0,53,2,16,29,0,47,9,34,57,0,100,6,0,6,106
03/16/2022,LFT,LA,ASW,CE,Combined TRACON& Tower with Radar,7,22,44,0,73,0,35,25,0,60,7,57,69,0,133,25,0,25,158
03/17/2022,LFT,LA,ASW,CE,Combined TRACON& Tower with Radar,8,24,26,0,58,0,30,27,0,57,8,54,53,0,115,18,0,18,133
03/18/2022,LFT,LA,ASW,CE,Combined TRACON& Tower with Radar,8,24,16,3,51,0,13,12,1,26,8,37,28,4,77,2,0,2,79
03/19/2022,LFT,LA,ASW,CE,Combined TRACON& Tower with Radar,5,20,10,0,35,0,16,31,0,47,5,36,41,0,82,0,0,0,82
03/20/2022,LFT,LA,ASW,CE,Combined TRACON& Tower with Radar,3,28,17,2,50,0,11,30,0,41,3,39,47,2,91,16,0,16,107
03/21/2022,LFT,LA,ASW,CE,Combined TRACON& Tower with Radar,5,19,19,5,48,0,30,10,0,40,5,49,29,5,88,0,0,0,88
03/22/2022,LFT,LA,ASW,CE,Combined TRACON& Tower with Radar,7,21,5,1,34,0,2,0,0,2,7,23,5,1,36,0,0,0,36
03/23/2022,LFT,LA,ASW,CE,Combined TRACON& Tower with Radar,8,16,35,2,61,0,23,34,0,57,8,39,69,2,118,0,0,0,118
03/24/2022,LFT,LA,ASW,CE,Combined TRACON& Tower with Radar,8,22,26,2,58,0,20,26,0,46,8,42,52,2,104,18,0,18,122
03/25/2022,LFT,LA,ASW,CE,Combined TRACON& Tower with Radar,6,20,24,17,67,0,31,32,0,63,6,51,56,17,130,10,0,10,140
03/26/2022,LFT,LA,ASW,CE,Combined TRACON& Tower with Radar,3,21,24,0,48,0,27,48,0,75,3,48,72,0,123,38,0,38,161
03/27/2022,LFT,LA,ASW,CE,Combined TRACON& Tower with Radar,4,22,24,0,50,0,14,35,0,49,4,36,59,0,99,38,0,38,137
03/28/2022,LFT,LA,ASW,CE,Combined TRACON& Tower with Radar,6,17,24,0,47,0,22,27,2,51,6,39,51,2,98,12,0,12,110
03/29/2022,LFT,LA,ASW,CE,Combined TRACON& Tower with Radar,8,22,37,0,67,0,22,13,0,35,8,44,50,0,102,2,0,2,104
03/30/2022,LFT,LA,ASW,CE,Combined TRACON& Tower with Radar,8,14,11,0,33,0,0,1,0,1,8,14,12,0,34,0,0,0,34
03/31/2022,LFT,LA,ASW,CE,Combined TRACON& Tower with Radar,10,18,30,4,62,0,39,25,3,67,10,57,55,7,129,18,0,18,147
04/01/2022,LFT,LA,ASW,CE,Combined TRACON& Tower with Radar,8,19,26,6,59,0,21,47,0,68,8,40,73,6,127,12,0,12,139
04/02/2022,LFT,LA,ASW,CE,Combined TRACON& Tower with Radar,5,21,27,2,55,0,5,18,0,23,5,26,45,2,78,28,0,28,106
04/03/2022,LFT,LA,ASW,CE,Combined TRACON& Tower with Radar,6,25,30,2,63,0,14,50,0,64,6,39,80,2,127,10,4,14,141
04/04/2022,LFT,LA,ASW,CE,Combined TRACON& Tower with Radar,8,28,19,0,55,0,23,19,0,42,8,51,38,0,97,2,0,2,99
04/05/2022,LFT,LA,ASW,CE,Combined TRACON& Tower with Radar,15,10,13,0,38,0,9,4,0,13,15,19,17,0,51,0,0,0,51
04/06/2022,LFT,LA,ASW,CE,Combined TRACON& Tower with Radar,19,11,28,0,58,0,15,10,0,25,19,26,38,0,83,2,0,2,85
04/07/2022,LFT,LA,ASW,CE,Combined TRACON& Tower with Radar,20,16,35,0,71,0,25,26,2,53,20,41,61,2,124,8,8,16,140
04/08/2022,LFT,LA,ASW,CE,Combined TRACON& Tower with Radar,23,18,30,0,71,0,26,30,4,60,23,44,60,4,131,6,0,6,137
04/09/2022,LFT,LA,ASW,CE,Combined TRACON& Tower with Radar,17,10,14,0,41,0,10,32,0,42,17,20,46,0,83,22,0,22,105
04/10/2022,LFT,LA,ASW,CE,Combined TRACON& Tower with Radar,16,15,21,0,52,0,16,11,0,27,16,31,32,0,79,0,0,0,79
04/11/2022,LFT,LA,ASW,CE,Combined TRACON& Tower with Radar,18,18,22,0,58,0,27,8,0,35,18,45,30,0,93,6,0,6,99
04/12/2022,LFT,LA,ASW,CE,Combined TRACON& Tower with Radar,20,13,11,0,44,0,12,4,0,16,20,25,15,0,60,0,0,0,60
04/13/2022,LFT,LA,ASW,CE,Combined TRACON& Tower with Radar,17,18,16,0,51,0,6,7,0,13,17,24,23,0,64,0,0,0,64
04/14/2022,LFT,LA,ASW,CE,Combined TRACON& Tower with Radar,19,17,32,0,68,0,26,45,0,71,19,43,77,0,139,16,0,16,155
04/15/2022,LFT,LA,ASW,CE,Combined TRACON& Tower with Radar,20,20,16,0,56,0,15,6,0,21,20,35,22,0,77,0,0,0,77
04/16/2022,LFT,LA,ASW,CE,Combined TRACON& Tower with Radar,20,12,13,0,45,0,10,18,0,28,20,22,31,0,73,0,0,0,73
04/17/2022,LFT,LA,ASW,CE,Combined TRACON& Tower with Radar,13,19,16,0,48,0,15,5,0,20,13,34,21,0,68,0,0,0,68
04/18/2022,LFT,LA,ASW,CE,Combined TRACON& Tower with Radar,16,22,29,5,72,0,18,24,0,42,16,40,53,5,114,0,0,0,114
04/19/2022,LFT,LA,ASW,CE,Combined TRACON& Tower with Radar,19,12,43,0,74,0,26,45,0,71,19,38,88,0,145,38,0,38,183
04/20/2022,LFT,LA,ASW,CE,Combined TRACON& Tower with Radar,18,19,34,0,71,0,22,17,0,39,18,41,51,0,110,14,0,14,124
04/21/2022,LFT,LA,ASW,CE,Combined TRACON& Tower with Radar,20,18,40,0,78,0,19,34,1,54,20,37,74,1,132,0,0,0,132
04/22/2022,LFT,LA,ASW,CE,Combined TRACON& Tower with Radar,18,14,31,11,74,0,22,27,1,50,18,36,58,12,124,0,0,0,124
04/23/2022,LFT,LA,ASW,CE,Combined TRACON& Tower with Radar,17,17,32,0,66,0,8,15,0,23,17,25,47,0,89,11,0,11,100
04/24/2022,LFT,LA,ASW,CE,Combined TRACON& Tower with Radar,12,22,31,0,65,0,7,7,0,14,12,29,38,0,79,0,0,0,79
04/25/2022,LFT,LA,ASW,CE,Combined TRACON& Tower with Radar,12,24,24,0,60,0,30,9,0,39,12,54,33,0,99,0,0,0,99
04/26/2022,LFT,LA,ASW,CE,Combined TRACON& Tower with Radar,17,27,22,0,66,0,41,31,1,73,17,68,53,1,139,16,0,16,155
04/27/2022,LFT,LA,ASW,CE,Combined TRACON& Tower with Radar,19,23,22,0,64,3,36,46,5,90,22,59,68,5,154,8,0,8,162
04/28/2022,LFT,LA,ASW,CE,Combined TRACON& Tower with Radar,21,20,24,1,66,0,26,32,2,60,21,46,56,3,126,30,0,30,156
04/29/2022,LFT,LA,ASW,CE,Combined TRACON& Tower with Radar,16,19,25,0,60,0,36,54,0,90,16,55,79,0,150,22,0,22,172
04/30/2022,LFT,LA,ASW,CE,Combined TRACON& Tower with Radar,17,13,18,10,58,0,13,26,0,39,17,26,44,10,97,10,0,10,107
05/01/2022,LFT,LA,ASW,CE,Combined TRACON& Tower with Radar,14,20,22,0,56,0,1,1,0,2,14,21,23,0,58,0,0,0,58
05/02/2022,LFT,LA,ASW,CE,Combined TRACON& Tower with Radar,15,16,22,0,53,0,22,19,0,41,15,38,41,0,94,8,0,8,102
05/03/2022,LFT,LA,ASW,CE,Combined TRACON& Tower with Radar,17,15,21,5,58,0,24,29,0,53,17,39,50,5,111,2,0,2,113
05/04/2022,LFT,LA,ASW,CE,Combined TRACON& Tower with Radar,17,21,45,0,83,0,34,20,3,57,17,55,65,3,140,0,0,0,140
05/05/2022,LFT,LA,ASW,CE,Combined TRACON& Tower with Radar,19,23,37,6,85,0,12,16,0,28,19,35,53,6,113,0,12,12,125
05/06/2022,LFT,LA,ASW,CE,Combined TRACON& Tower with Radar,19,20,33,2,74,0,18,20,0,38,19,38,53,2,112,0,0,0,112
05/07/2022,LFT,LA,ASW,CE,Combined TRACON& Tower with Radar,15,14,14,0,43,0,2,33,0,35,15,16,47,0,78,0,0,0,78
05/08/2022,LFT,LA,ASW,CE,Combined TRACON& Tower with Radar,17,24,25,0,66,0,8,11,0,19,17,32,36,0,85,0,0,0,85
05/09/2022,LFT,LA,ASW,CE,Combined TRACON& Tower with Radar,18,24,29,2,73,0,18,29,0,47,18,42,58,2,120,14,0,14,134
05/10/2022,LFT,LA,ASW,CE,Combined TRACON& Tower with Radar,20,20,20,0,60,0,27,23,0,50,20,47,43,0,110,6,0,6,116
05/11/2022,LFT,LA,ASW,CE,Combined TRACON& Tower with Radar,18,19,32,0,69,0,32,28,0,60,18,51,60,0,129,2,0,2,131
05/12/2022,LFT,LA,ASW,CE,Combined TRACON& Tower with Radar,16,16,38,0,70,0,15,44,1,60,16,31,82,1,130,5,0,5,135
05/13/2022,LFT,LA,ASW,CE,Combined TRACON& Tower with Radar,16,20,25,0,61,0,19,18,0,37,16,39,43,0,98,0,0,0,98
05/14/2022,LFT,LA,ASW,CE,Combined TRACON& Tower with Radar,17,15,24,6,62,0,6,31,0,37,17,21,55,6,99,14,0,14,113
05/15/2022,LFT,LA,ASW,CE,Combined TRACON& Tower with Radar,16,24,19,0,59,0,4,20,0,24,16,28,39,0,83,0,0,0,83
05/16/2022,LFT,LA,ASW,CE,Combined TRACON& Tower with Radar,16,14,27,0,57,0,27,35,0,62,16,41,62,0,119,8,0,8,127
05/17/2022,LFT,LA,ASW,CE,Combined TRACON& Tower with Radar,18,16,24,2,60,0,18,32,0,50,18,34,56,2,110,0,0,0,110
05/18/2022,LFT,LA,ASW,CE,Combined TRACON& Tower with Radar,19,14,38,0,71,0,11,26,0,37,19,25,64,0,108,12,0,12,120
05/19/2022,LFT,LA,ASW,CE,Combined TRACON& Tower with Radar,18,25,39,2,84,0,21,29,0,50,18,46,68,2,134,10,0,10,144
05/20/2022,LFT,LA,ASW,CE,Combined TRACON& Tower with Radar,22,22,32,3,79,0,31,11,1,43,22,53,43,4,122,6,0,6,128
05/21/2022,LFT,LA,ASW,CE,Combined TRACON& Tower with Radar,17,18,23,0,58,0,15,6,0,21,17,33,29,0,79,6,0,6,85
05/22/2022,LFT,LA,ASW,CE,Combined TRACON& Tower with Radar,15,21,17,0,53,0,7,14,0,21,15,28,31,0,74,22,0,22,96
05/23/2022,LFT,LA,ASW,CE,Combined TRACON& Tower with Radar,16,26,21,0,63,0,6,4,0,10,16,32,25,0,73,0,0,0,73
05/24/2022,LFT,LA,ASW,CE,Combined TRACON& Tower with Radar,18,22,23,0,63,0,6,9,0,15,18,28,32,0,78,0,0,0,78
05/25/2022,LFT,LA,ASW,CE,Combined TRACON& Tower with Radar,20,19,21,0,60,0,15,15,0,30,20,34,36,0,90,2,0,2,92
05/26/2022,LFT,LA,ASW,CE,Combined TRACON& Tower with Radar,18,20,35,2,75,0,38,35,0,73,18,58,70,2,148,12,0,12,160
05/27/2022,LFT,LA,ASW,CE,Combined TRACON& Tower with Radar,17,23,29,0,69,0,33,31,0,64,17,56,60,0,133,8,0,8,141
05/28/2022,LFT,LA,ASW,CE,Combined TRACON& Tower with Radar,15,26,15,0,56,0,17,39,0,56,15,43,54,0,112,12,0,12,124
05/29/2022,LFT,LA,ASW,CE,Combined TRACON& Tower with Radar,15,18,26,0,59,0,10,51,0,61,15,28,77,0,120,20,0,20,140
05/30/2022,LFT,LA,ASW,CE,Combined TRACON& Tower with Radar,16,23,22,0,61,0,12,26,0,38,16,35,48,0,99,0,0,0,99
05/31/2022,LFT,LA,ASW,CE,Combined TRACON& Tower with Radar,18,17,24,2,61,0,31,27,0,58,18,48,51,2,119,22,0,22,141
06/01/2022,LFT,LA,ASW,CE,Combined TRACON& Tower with Radar,19,18,38,0,75,0,20,12,0,32,19,38,50,0,107,0,0,0,107
06/02/2022,LFT,LA,ASW,CE,Combined TRACON& Tower with Radar,15,26,31,0,72,0,15,31,0,46,15,41,62,0,118,0,0,0,118
06/03/2022,LFT,LA,ASW,CE,Combined TRACON& Tower with Radar,11,24,25,1,61,0,26,15,1,42,11,50,40,2,103,2,0,2,105
06/04/2022,LFT,LA,ASW,CE,Combined TRACON& Tower with Radar,6,26,19,0,51,0,18,44,0,62,6,44,63,0,113,8,0,8,121
06/05/2022,LFT,LA,ASW,CE,Combined TRACON& Tower with Radar,8,25,31,0,64,0,12,51,0,63,8,37,82,0,127,48,0,48,175
06/06/2022,LFT,LA,ASW,CE,Combined TRACON& Tower with Radar,10,25,14,0,49,0,26,19,0,45,10,51,33,0,94,4,0,4,98
06/07/2022,LFT,LA,ASW,CE,Combined TRACON& Tower with Radar,9,30,24,4,67,0,12,49,0,61,9,42,73,4,128,4,0,4,132
06/08/2022,LFT,LA,ASW,CE,Combined TRACON& Tower with Radar,10,24,23,9,66,0,19,40,0,59,10,43,63,9,125,15,0,15,140
06/09/2022,LFT,LA,ASW,CE,Combined TRACON& Tower with Radar,12,27,23,0,62,0,23,27,0,50,12,50,50,0,112,16,0,16,128
06/10/2022,LFT,LA,ASW,CE,Combined TRACON& Tower with Radar,10,32,16,0,58,0,17,20,0,37,10,49,36,0,95,6,0,6,101
06/11/2022,LFT,LA,ASW,CE,Combined TRACON& Tower with Radar,5,28,15,0,48,0,8,52,0,60,5,36,67,0,108,16,0,16,124
06/12/2022,LFT,LA,ASW,CE,Combined TRACON& Tower with Radar,6,28,25,8,67,0,15,26,0,41,6,43,51,8,108,6,0,6,114
06/13/2022,LFT,LA,ASW,CE,Combined TRACON& Tower with Radar,8,29,22,0,59,0,30,27,0,57,8,59,49,0,116,14,0,14,130
06/14/2022,LFT,LA,ASW,CE,Combined TRACON& Tower with Radar,8,33,22,10,73,0,58,28,0,86,8,91,50,10,159,26,0,26,185
06/15/2022,LFT,LA,ASW,CE,Combined TRACON& Tower with Radar,11,24,28,0,63,0,30,31,4,65,11,54,59,4,128,28,0,28,156
06/16/2022,LFT,LA,ASW,CE,Combined TRACON& Tower with Radar,10,29,26,6,71,0,31,14,0,45,10,60,40,6,116,32,0,32,148
06/17/2022,LFT,LA,ASW,CE,Combined TRACON& Tower with Radar,7,28,19,0,54,0,38,33,0,71,7,66,52,0,125,6,0,6,131
06/18/2022,LFT,LA,ASW,CE,Combined TRACON& Tower with Radar,6,24,30,0,60,0,10,36,0,46,6,34,66,0,106,10,0,10,116
06/19/2022,LFT,LA,ASW,CE,Combined TRACON& Tower with Radar,6,23,14,0,43,0,14,25,0,39,6,37,39,0,82,10,0,10,92
06/20/2022,LFT,LA,ASW,CE,Combined TRACON& Tower with Radar,7,29,23,0,59,0,10,52,0,62,7,39,75,0,121,20,0,20,141
06/21/2022,LFT,LA,ASW,CE,Combined TRACON& Tower with Radar,8,25,20,0,53,0,35,27,0,62,8,60,47,0,115,14,0,14,129
06/22/2022,LFT,LA,ASW,CE,Combined TRACON& Tower with Radar,8,26,24,0,58,0,26,57,0,83,8,52,81,0,141,15,0,15,156
06/23/2022,LFT,LA,ASW,CE,Combined TRACON& Tower with Radar,10,25,36,0,71,0,40,33,0,73,10,65,69,0,144,18,0,18,162
06/24/2022,LFT,LA,ASW,CE,Combined TRACON& Tower with Radar,8,26,24,0,58,0,40,27,0,67,8,66,51,0,125,30,0,30,155
06/25/2022,LFT,LA,ASW,CE,Combined TRACON& Tower with Radar,5,27,21,0,53,0,10,34,0,44,5,37,55,0,97,18,0,18,115
06/26/2022,LFT,LA,ASW,CE,Combined TRACON& Tower with Radar,4,30,20,0,54,0,6,9,0,15,4,36,29,0,69,10,0,10,79
06/27/2022,LFT,LA,ASW,CE,Combined TRACON& Tower with Radar,8,23,28,0,59,0,8,28,0,36,8,31,56,0,95,28,0,28,123
06/28/2022,LFT,LA,ASW,CE,Combined TRACON& Tower with Radar,9,23,30,0,62,0,20,31,2,53,9,43,61,2,115,22,0,22,137
06/29/2022,LFT,LA,ASW,CE,Combined TRACON& Tower with Radar,9,30,13,0,52,0,5,25,0,30,9,35,38,0,82,8,0,8,90
06/30/2022,LFT,LA,ASW,CE,Combined TRACON& Tower with Radar,9,33,31,0,73,0,16,17,0,33,9,49,48,0,106,10,0,10,116
07/01/2022,LFT,LA,ASW,CE,Combined TRACON& Tower with Radar,11,22,25,0,58,0,0,2,0,2,11,22,27,0,60,0,0,0,60
07/02/2022,LFT,LA,ASW,CE,Combined TRACON& Tower with Radar,8,23,17,0,48,0,17,7,0,24,8,40,24,0,72,16,0,16,88
07/03/2022,LFT,LA,ASW,CE,Combined TRACON& Tower with Radar,10,19,13,0,42,0,15,32,0,47,10,34,45,0,89,58,0,58,147
07/04/2022,LFT,LA,ASW,CE,Combined TRACON& Tower with Radar,10,18,13,0,41,0,7,18,0,25,10,25,31,0,66,0,0,0,66
07/05/2022,LFT,LA,ASW,CE,Combined TRACON& Tower with Radar,11,26,31,0,68,0,44,19,0,63,11,70,50,0,131,4,0,4,135
07/06/2022,LFT,LA,ASW,CE,Combined TRACON& Tower with Radar,12,19,16,0,47,0,13,21,1,35,12,32,37,1,82,34,0,34,116
07/07/2022,LFT,LA,ASW,CE,Combined TRACON& Tower with Radar,13,20,24,1,58,0,34,31,0,65,13,54,55,1,123,36,0,36,159
07/08/2022,LFT,LA,ASW,CE,Combined TRACON& Tower with Radar,10,22,35,10,77,0,25,19,4,48,10,47,54,14,125,10,0,10,135
07/09/2022,LFT,LA,ASW,CE,Combined TRACON& Tower with Radar,7,22,17,0,46,0,12,36,0,48,7,34,53,0,94,30,0,30,124
07/10/2022,LFT,LA,ASW,CE,Combined TRACON& Tower with Radar,7,22,22,0,51,0,24,24,0,48,7,46,46,0,99,0,0,0,99
07/11/2022,LFT,LA,ASW,CE,Combined TRACON& Tower with Radar,9,21,19,0,49,0,6,32,2,40,9,27,51,2,89,0,0,0,89
07/12/2022,LFT,LA,ASW,CE,Combined TRACON& Tower with Radar,9,26,29,0,64,0,13,23,0,36,9,39,52,0,100,12,0,12,112
07/13/2022,LFT,LA,ASW,CE,Combined TRACON& Tower with Radar,10,23,20,2,55,0,30,41,0,71,10,53,61,2,126,31,0,31,157
07/14/2022,LFT,LA,ASW,CE,Combined TRACON& Tower with Radar,9,23,31,0,63,0,25,32,0,57,9,48,63,0,120,17,1,18,138
07/15/2022,LFT,LA,ASW,CE,Combined TRACON& Tower with Radar,8,22,15,0,45,0,3,39,0,42,8,25,54,0,87,19,0,19,106
07/16/2022,LFT,LA,ASW,CE,Combined TRACON& Tower with Radar,7,24,22,0,53,0,6,29,0,35,7,30,51,0,88,8,0,8,96
07/17/2022,LFT,LA,ASW,CE,Combined TRACON& Tower with Radar,9,24,24,0,57,0,4,25,0,29,9,28,49,0,86,25,0,25,111
07/18/2022,LFT,LA,ASW,CE,Combined TRACON& Tower with Radar,9,26,12,7,54,0,17,40,0,57,9,43,52,7,111,16,0,16,127
07/19/2022,LFT,LA,ASW,CE,Combined TRACON& Tower with Radar,8,19,25,0,52,0,43,32,0,75,8,62,57,0,127,38,0,38,165
07/20/2022,LFT,LA,ASW,CE,Combined TRACON& Tower with Radar,11,28,29,0,68,0,58,46,0,104,11,86,75,0,172,23,0,23,195
07/21/2022,LFT,LA,ASW,CE,Combined TRACON& Tower with Radar,13,20,25,0,58,0,27,24,0,51,13,47,49,0,109,48,0,48,157
07/22/2022,LFT,LA,ASW,CE,Combined TRACON& Tower with Radar,10,22,21,0,53,0,17,27,0,44,10,39,48,0,97,22,0,22,119
07/23/2022,LFT,LA,ASW,CE,Combined TRACON& Tower with Radar,12,21,6,0,39,0,11,20,0,31,12,32,26,0,70,50,0,50,120
07/24/2022,LFT,LA,ASW,CE,Combined TRACON& Tower with Radar,10,21,22,0,53,0,16,29,0,45,10,37,51,0,98,38,0,38,136
07/25/2022,LFT,LA,ASW,CE,Combined TRACON& Tower with Radar,12,23,21,0,56,0,22,16,0,38,12,45,37,0,94,13,0,13,107
07/26/2022,LFT,LA,ASW,CE,Combined TRACON& Tower with Radar,8,19,19,0,46,0,37,24,1,62,8,56,43,1,108,40,0,40,148
07/27/2022,LFT,LA,ASW,CE,Combined TRACON& Tower with Radar,14,19,27,0,60,0,32,32,0,64,14,51,59,0,124,44,0,44,168
07/28/2022,LFT,LA,ASW,CE,Combined TRACON& Tower with Radar,12,29,39,0,80,0,44,31,2,77,12,73,70,2,157,30,0,30,187
07/29/2022,LFT,LA,ASW,CE,Combined TRACON& Tower with Radar,11,30,21,0,62,0,30,37,0,67,11,60,58,0,129,52,0,52,181
07/30/2022,LFT,LA,ASW,CE,Combined TRACON& Tower with Radar,7,24,21,0,52,0,11,19,0,30,7,35,40,0,82,0,0,0,82
07/31/2022,LFT,LA,ASW,CE,Combined TRACON& Tower with Radar,12,23,20,2,57,0,7,36,0,43,12,30,56,2,100,12,0,12,112
08/01/2022,LFT,LA,ASW,CE,Combined TRACON& Tower with Radar,14,24,13,0,51,0,23,28,2,53,14,47,41,2,104,16,0,16,120
08/02/2022,LFT,LA,ASW,CE,Combined TRACON& Tower with Radar,12,24,17,0,53,0,14,18,0,32,12,38,35,0,85,0,0,0,85
08/03/2022,LFT,LA,ASW,CE,Combined TRACON& Tower with Radar,11,23,11,0,45,0,6,11,0,17,11,29,22,0,62,10,0,10,72
08/04/2022,LFT,LA,ASW,CE,Combined TRACON& Tower with Radar,10,24,11,0,45,0,12,12,0,24,10,36,23,0,69,8,0,8,77
08/05/2022,LFT,LA,ASW,CE,Combined TRACON& Tower with Radar,14,28,22,0,64,0,19,17,0,36,14,47,39,0,100,0,0,0,100
08/06/2022,LFT,LA,ASW,CE,Combined TRACON& Tower with Radar,8,26,17,0,51,0,22,18,0,40,8,48,35,0,91,28,0,28,119
08/07/2022,LFT,LA,ASW,CE,Combined TRACON& Tower with Radar,9,28,18,0,55,0,11,29,0,40,9,39,47,0,95,10,0,10,105
08/08/2022,LFT,LA,ASW,CE,Combined TRACON& Tower with Radar,11,24,22,5,62,0,18,26,0,44,11,42,48,5,106,22,0,22,128
08/09/2022,LFT,LA,ASW,CE,Combined TRACON& Tower with Radar,10,22,28,0,60,0,27,39,1,67,10,49,67,1,127,19,0,19,146
08/10/2022,LFT,LA,ASW,CE,Combined TRACON& Tower with Radar,10,26,23,0,59,0,7,26,0,33,10,33,49,0,92,8,0,8,100
08/11/2022,LFT,LA,ASW,CE,Combined TRACON& Tower with Radar,11,31,28,0,70,0,7,18,0,25,11,38,46,0,95,0,0,0,95
08/12/2022,LFT,LA,ASW,CE,Combined TRACON& Tower with Radar,7,25,35,13,80,0,3,15,3,21,7,28,50,16,101,18,0,18,119
08/13/2022,LFT,LA,ASW,CE,Combined TRACON& Tower with Radar,5,29,19,0,53,0,3,10,0,13,5,32,29,0,66,34,0,34,100
08/14/2022,LFT,LA,ASW,CE,Combined TRACON& Tower with Radar,7,28,24,0,59,0,17,60,2,79,7,45,84,2,138,78,0,78,216
08/15/2022,LFT,LA,ASW,CE,Combined TRACON& Tower with Radar,9,27,23,0,59,0,24,41,0,65,9,51,64,0,124,6,0,6,130
08/16/2022,LFT,LA,ASW,CE,Combined TRACON& Tower with Radar,11,25,26,0,62,0,33,42,0,75,11,58,68,0,137,28,0,28,165
08/17/2022,LFT,LA,ASW,CE,Combined TRACON& Tower with Radar,11,26,41,2,80,0,43,40,0,83,11,69,81,2,163,20,0,20,183
08/18/2022,LFT,LA,ASW,CE,Combined TRACON& Tower with Radar,14,18,19,1,52,0,14,19,1,34,14,32,38,2,86,14,0,14,100
08/19/2022,LFT,LA,ASW,CE,Combined TRACON& Tower with Radar,11,27,17,0,55,0,10,11,0,21,11,37,28,0,76,2,0,2,78
08/20/2022,LFT,LA,ASW,CE,Combined TRACON& Tower with Radar,11,22,8,0,41,0,10,14,0,24,11,32,22,0,65,2,0,2,67
08/21/2022,LFT,LA,ASW,CE,Combined TRACON& Tower with Radar,7,27,13,0,47,0,18,9,0,27,7,45,22,0,74,16,0,16,90
08/22/2022,LFT,LA,ASW,CE,Combined TRACON& Tower with Radar,10,22,22,0,54,0,18,30,0,48,10,40,52,0,102,6,0,6,108
08/23/2022,LFT,LA,ASW,CE,Combined TRACON& Tower with Radar,11,24,16,0,51,0,4,7,0,11,11,28,23,0,62,0,0,0,62
08/24/2022,LFT,LA,ASW,CE,Combined TRACON& Tower with Radar,13,19,19,0,51,0,5,13,0,18,13,24,32,0,69,0,0,0,69
08/25/2022,LFT,LA,ASW,CE,Combined TRACON& Tower with Radar,18,23,31,0,72,0,2,16,0,18,18,25,47,0,90,0,0,0,90
08/26/2022,LFT,LA,ASW,CE,Combined TRACON& Tower with Radar,13,23,39,0,75,0,28,5,0,33,13,51,44,0,108,0,0,0,108
08/27/2022,LFT,LA,ASW,CE,Combined TRACON& Tower with Radar,11,19,18,0,48,0,20,30,0,50,11,39,48,0,98,15,0,15,113
08/28/2022,LFT,LA,ASW,CE,Combined TRACON& Tower with Radar,9,21,16,0,46,0,5,17,0,22,9,26,33,0,68,54,0,54,122
08/29/2022,LFT,LA,ASW,CE,Combined TRACON& Tower with Radar,10,20,22,4,56,0,27,29,0,56,10,47,51,4,112,23,0,23,135
08/30/2022,LFT,LA,ASW,CE,Combined TRACON& Tower with Radar,11,23,40,2,76,0,37,34,2,73,11,60,74,4,149,6,0,6,155
08/31/2022,LFT,LA,ASW,CE,Combined TRACON& Tower with Radar,10,24,25,0,59,0,27,38,0,65,10,51,63,0,124,34,0,34,158
09/01/2022,LFT,LA,ASW,CE,Combined TRACON& Tower with Radar,8,20,33,0,61,0,31,45,4,80,8,51,78,4,141,90,0,90,231
09/02/2022,LFT,LA,ASW,CE,Combined TRACON& Tower with Radar,15,20,31,3,69,0,11,37,0,48,15,31,68,3,117,16,0,16,133
09/03/2022,LFT,LA,ASW,CE,Combined TRACON& Tower with Radar,7,18,16,0,41,0,3,5,0,8,7,21,21,0,49,12,0,12,61
09/04/2022,LFT,LA,ASW,CE,Combined TRACON& Tower with Radar,6,18,13,0,37,0,0,2,0,2,6,18,15,0,39,0,0,0,39
09/05/2022,LFT,LA,ASW,CE,Combined TRACON& Tower with Radar,11,26,29,0,66,0,7,22,0,29,11,33,51,0,95,16,0,16,111
09/06/2022,LFT,LA,ASW,CE,Combined TRACON& Tower with Radar,18,22,31,0,71,0,5,29,1,35,18,27,60,1,106,34,0,34,140
09/07/2022,LFT,LA,ASW,CE,Combined TRACON& Tower with Radar,15,24,25,0,64,0,14,41,0,55,15,38,66,0,119,0,0,0,119
09/08/2022,LFT,LA,ASW,CE,Combined TRACON& Tower with Radar,18,18,30,0,66,0,22,22,0,44,18,40,52,0,110,0,0,0,110
09/09/2022,LFT,LA,ASW,CE,Combined TRACON& Tower with Radar,20,21,28,1,70,0,25,30,1,56,20,46,58,2,126,18,0,18,144
09/10/2022,LFT,LA,ASW,CE,Combined TRACON& Tower with Radar,17,18,13,0,48,0,5,31,0,36,17,23,44,0,84,10,0,10,94
09/11/2022,LFT,LA,ASW,CE,Combined TRACON& Tower with Radar,16,21,18,5,60,0,14,28,1,43,16,35,46,6,103,17,0,17,120
09/12/2022,LFT,LA,ASW,CE,Combined TRACON& Tower with Radar,15,25,27,0,67,0,13,29,0,42,15,38,56,0,109,21,0,21,130
09/13/2022,LFT,LA,ASW,CE,Combined TRACON& Tower with Radar,15,18,28,0,61,0,33,32,0,65,15,51,60,0,126,33,0,33,159
09/14/2022,LFT,LA,ASW,CE,Combined TRACON& Tower with Radar,14,23,24,1,62,0,17,48,0,65,14,40,72,1,127,66,0,66,193
09/15/2022,LFT,LA,ASW,CE,Combined TRACON& Tower with Radar,18,18,32,4,72,0,20,39,0,59,18,38,71,4,131,45,0,45,176
09/16/2022,LFT,LA,ASW,CE,Combined TRACON& Tower with Radar,16,23,34,8,81,0,27,37,3,67,16,50,71,11,148,26,0,26,174
09/17/2022,LFT,LA,ASW,CE,Combined TRACON& Tower with Radar,13,17,10,0,40,0,16,28,0,44,13,33,38,0,84,30,0,30,114
09/18/2022,LFT,LA,ASW,CE,Combined TRACON& Tower with Radar,15,20,25,1,61,0,9,28,6,43,15,29,53,7,104,14,0,14,118
09/19/2022,LFT,LA,ASW,CE,Combined TRACON& Tower with Radar,18,17,20,0,55,0,33,47,0,80,18,50,67,0,135,27,0,27,162
09/20/2022,LFT,LA,ASW,CE,Combined TRACON& Tower with Radar,14,19,15,0,48,0,31,51,0,82,14,50,66,0,130,29,0,29,159
09/21/2022,LFT,LA,ASW,CE,Combined TRACON& Tower with Radar,15,18,18,0,51,0,24,30,0,54,15,42,48,0,105,10,0,10,115
09/22/2022,LFT,LA,ASW,CE,Combined TRACON& Tower with Radar,14,18,29,0,61,0,38,38,0,76,14,56,67,0,137,22,0,22,159
09/23/2022,LFT,LA,ASW,CE,Combined TRACON& Tower with Radar,18,17,23,2,60,0,27,30,1,58,18,44,53,3,118,7,0,7,125
09/24/2022,LFT,LA,ASW,CE,Combined TRACON& Tower with Radar,13,17,14,0,44,0,7,37,0,44,13,24,51,0,88,14,0,14,102
09/25/2022,LFT,LA,ASW,CE,Combined TRACON& Tower with Radar,13,19,19,1,52,0,14,19,3,36,13,33,38,4,88,37,0,37,125
09/26/2022,LFT,LA,ASW,CE,Combined TRACON& Tower with Radar,14,17,28,0,59,0,24,44,0,68,14,41,72,0,127,0,0,0,127
09/27/2022,LFT,LA,ASW,CE,Combined TRACON& Tower with Radar,14,19,32,2,67,0,24,44,0,68,14,43,76,2,135,6,0,6,141
09/28/2022,LFT,LA,ASW,CE,Combined TRACON& Tower with Radar,14,24,25,0,63,0,17,35,0,52,14,41,60,0,115,0,0,0,115
09/29/2022,LFT,LA,ASW,CE,Combined TRACON& Tower with Radar,15,23,22,3,63,0,23,49,1,73,15,46,71,4,136,20,0,20,156
09/30/2022,LFT,LA,ASW,CE,Combined TRACON& Tower with Radar,21,21,29,0,71,0,24,60,0,84,21,45,89,0,155,56,0,56,211
10/01/2022,LFT,LA,ASW,CE,Combined TRACON& Tower with Radar,15,16,14,0,45,0,10,46,0,56,15,26,60,0,101,48,0,48,149
10/02/2022,LFT,LA,ASW,CE,Combined TRACON& Tower with Radar,16,20,21,8,65,0,12,27,0,39,16,32,48,8,104,34,0,34,138
10/03/2022,LFT,LA,ASW,CE,Combined TRACON& Tower with Radar,14,16,28,1,59,0,26,39,1,66,14,42,67,2,125,35,0,35,160
10/04/2022,LFT,LA,ASW,CE,Combined TRACON& Tower with Radar,13,25,22,0,60,0,26,35,1,62,13,51,57,1,122,36,0,36,158
10/05/2022,LFT,LA,ASW,CE,Combined TRACON& Tower with Radar,15,28,28,1,72,0,23,26,0,49,15,51,54,1,121,6,0,6,127
10/06/2022,LFT,LA,ASW,CE,Combined TRACON& Tower with Radar,24,16,31,3,74,0,29,39,4,72,24,45,70,7,146,13,0,13,159
10/07/2022,LFT,LA,ASW,CE,Combined TRACON& Tower with Radar,18,15,29,10,72,0,17,38,0,55,18,32,67,10,127,28,0,28,155
10/08/2022,LFT,LA,ASW,CE,Combined TRACON& Tower with Radar,15,14,21,0,50,0,8,23,0,31,15,22,44,0,81,4,0,4,85
10/09/2022,LFT,LA,ASW,CE,Combined TRACON& Tower with Radar,18,12,37,0,67,0,3,28,0,31,18,15,65,0,98,37,0,37,135
10/10/2022,LFT,LA,ASW,CE,Combined TRACON& Tower with Radar,17,12,22,0,51,0,7,26,1,34,17,19,48,1,85,30,0,30,115
10/11/2022,LFT,LA,ASW,CE,Combined TRACON& Tower with Radar,18,25,17,0,60,0,18,47,0,65,18,43,64,0,125,42,0,42,167
10/12/2022,LFT,LA,ASW,CE,Combined TRACON& Tower with Radar,17,23,38,0,78,0,26,17,0,43,17,49,55,0,121,0,0,0,121
10/13/2022,LFT,LA,ASW,CE,Combined TRACON& Tower with Radar,24,16,37,2,79,0,17,20,0,37,24,33,57,2,116,25,0,25,141
10/14/2022,LFT,LA,ASW,CE,Combined TRACON& Tower with Radar,21,23,38,5,87,0,32,44,1,77,21,55,82,6,164,58,0,58,222
10/15/2022,LFT,LA,ASW,CE,Combined TRACON& Tower with Radar,14,11,24,2,51,0,30,40,0,70,14,41,64,2,121,22,0,22,143
10/16/2022,LFT,LA,ASW,CE,Combined TRACON& Tower with Radar,17,14,34,1,66,0,16,25,0,41,17,30,59,1,107,22,0,22,129
10/17/2022,LFT,LA,ASW,CE,Combined TRACON& Tower with Radar,16,12,23,0,51,0,9,31,0,40,16,21,54,0,91,37,0,37,128
10/18/2022,LFT,LA,ASW,CE,Combined TRACON& Tower with Radar,19,20,16,0,55,0,11,21,0,32,19,31,37,0,87,12,0,12,99
10/19/2022,LFT,LA,ASW,CE,Combined TRACON& Tower with Radar,17,13,38,0,68,0,24,47,0,71,17,37,85,0,139,12,0,12,151
10/20/2022,LFT,LA,ASW,CE,Combined TRACON& Tower with Radar,18,26,30,0,74,0,28,39,0,67,18,54,69,0,141,44,0,44,185
10/21/2022,LFT,LA,ASW,CE,Combined TRACON& Tower with Radar,20,13,25,0,58,0,31,45,2,78,20,44,70,2,136,18,0,18,154
10/22/2022,LFT,LA,ASW,CE,Combined TRACON& Tower with Radar,17,17,12,0,46,0,18,35,0,53,17,35,47,0,99,12,0,12,111
10/23/2022,LFT,LA,ASW,CE,Combined TRACON& Tower with Radar,17,21,26,0,64,0,11,13,0,24,17,32,39,0,88,6,0,6,94
10/24/2022,LFT,LA,ASW,CE,Combined TRACON& Tower with Radar,16,18,18,0,52,0,24,26,0,50,16,42,44,0,102,10,0,10,112
10/25/2022,LFT,LA,ASW,CE,Combined TRACON& Tower with Radar,18,18,14,0,50,0,0,21,0,21,18,18,35,0,71,0,0,0,71
10/26/2022,LFT,LA,ASW,CE,Combined TRACON& Tower with Radar,25,14,26,0,65,0,1,43,0,44,25,15,69,0,109,0,0,0,109
10/27/2022,LFT,LA,ASW,CE,Combined TRACON& Tower with Radar,19,22,29,0,70,0,0,47,1,48,19,22,76,1,118,0,0,0,118
10/28/2022,LFT,LA,ASW,CE,Combined TRACON& Tower with Radar,19,14,31,0,64,0,1,26,0,27,19,15,57,0,91,0,0,0,91
10/29/2022,LFT,LA,ASW,CE,Combined TRACON& Tower with Radar,13,16,8,0,37,0,2,13,0,15,13,18,21,0,52,0,0,0,52
10/30/2022,LFT,LA,ASW,CE,Combined TRACON& Tower with Radar,18,17,21,3,59,0,2,13,0,15,18,19,34,3,74,0,0,0,74
10/31/2022,LFT,LA,ASW,CE,Combined TRACON& Tower with Radar,17,13,31,0,61,0,0,49,0,49,17,13,80,0,110,0,0,0,110
11/01/2022,LFT,LA,ASW,CE,Combined TRACON& Tower with Radar,21,9,28,0,58,0,0,22,0,22,21,9,50,0,80,0,0,0,80
11/02/2022,LFT,LA,ASW,CE,Combined TRACON& Tower with Radar,19,15,30,0,64,0,1,33,1,35,19,16,63,1,99,0,0,0,99
11/03/2022,LFT,LA,ASW,CE,Combined TRACON& Tower with Radar,19,13,22,0,54,0,10,43,0,53,19,23,65,0,107,0,0,0,107
11/04/2022,LFT,LA,ASW,CE,Combined TRACON& Tower with Radar,18,10,35,3,66,0,0,3,1,4,18,10,38,4,70,0,0,0,70
11/05/2022,LFT,LA,ASW,CE,Combined TRACON& Tower with Radar,16,7,11,0,34,0,2,9,0,11,16,9,20,0,45,0,0,0,45
11/06/2022,LFT,LA,ASW,CE,Combined TRACON& Tower with Radar,17,12,36,0,65,0,1,18,0,19,17,13,54,0,84,0,0,0,84
11/07/2022,LFT,LA,ASW,CE,Combined TRACON& Tower with Radar,17,9,28,0,54,0,1,22,0,23,17,10,50,0,77,0,0,0,77
11/08/2022,LFT,LA,ASW,CE,Combined TRACON& Tower with Radar,21,11,26,0,58,0,6,41,0,47,21,17,67,0,105,0,0,0,105
11/09/2022,LFT,LA,ASW,CE,Combined TRACON& Tower with Radar,19,11,30,6,66,0,0,21,1,22,19,11,51,7,88,0,0,0,88
11/10/2022,LFT,LA,ASW,CE,Combined TRACON& Tower with Radar,22,13,40,2,77,0,1,64,0,65,22,14,104,2,142,0,0,0,142
11/11/2022,LFT,LA,ASW,CE,Combined TRACON& Tower with Radar,22,13,34,0,69,0,4,40,0,44,22,17,74,0,113,0,0,0,113
11/12/2022,LFT,LA,ASW,CE,Combined TRACON& Tower with Radar,16,4,16,0,36,0,0,3,0,3,16,4,19,0,39,0,0,0,39
11/13/2022,LFT,LA,ASW,CE,Combined TRACON& Tower with Radar,18,13,31,0,62,0,5,30,0,35,18,18,61,0,97,0,0,0,97
11/14/2022,LFT,LA,ASW,CE,Combined TRACON& Tower with Radar,19,10,16,0,45,0,1,12,0,13,19,11,28,0,58,0,0,0,58
11/15/2022,LFT,LA,ASW,CE,Combined TRACON& Tower with Radar,24,16,21,0,61,0,0,1,0,1,24,16,22,0,62,0,0,0,62
11/16/2022,LFT,LA,ASW,CE,Combined TRACON& Tower with Radar,20,12,24,4,60,0,2,45,0,47,20,14,69,4,107,0,0,0,107
11/17/2022,LFT,LA,ASW,CE,Combined TRACON& Tower with Radar,23,8,38,4,73,0,5,41,2,48,23,13,79,6,121,0,0,0,121
11/18/2022,LFT,LA,ASW,CE,Combined TRACON& Tower with Radar,22,12,26,0,60,0,2,30,0,32,22,14,56,0,92,0,0,0,92
11/19/2022,LFT,LA,ASW,CE,Combined TRACON& Tower with Radar,19,9,24,0,52,0,0,4,0,4,19,9,28,0,56,0,0,0,56
11/20/2022,LFT,LA,ASW,CE,Combined TRACON& Tower with Radar,18,10,17,6,51,0,1,33,0,34,18,11,50,6,85,0,0,0,85
11/21/2022,LFT,LA,ASW,CE,Combined TRACON& Tower with Radar,19,11,18,0,48,0,1,28,0,29,19,12,46,0,77,0,0,0,77
11/22/2022,LFT,LA,ASW,CE,Combined TRACON& Tower with Radar,20,11,23,0,54,0,2,47,0,49,20,13,70,0,103,0,0,0,103
11/23/2022,LFT,LA,ASW,CE,Combined TRACON& Tower with Radar,20,9,28,2,59,0,0,55,0,55,20,9,83,2,114,0,0,0,114
11/24/2022,LFT,LA,ASW,CE,Combined TRACON& Tower with Radar,11,7,3,0,21,0,0,5,0,5,11,7,8,0,26,0,0,0,26
11/25/2022,LFT,LA,ASW,CE,Combined TRACON& Tower with Radar,21,17,11,0,49,0,0,0,0,0,21,17,11,0,49,0,0,0,49
11/26/2022,LFT,LA,ASW,CE,Combined TRACON& Tower with Radar,18,11,16,0,45,0,0,1,0,1,18,11,17,0,46,0,0,0,46
11/27/2022,LFT,LA,ASW,CE,Combined TRACON& Tower with Radar,17,7,34,0,58,0,1,36,0,37,17,8,70,0,95,0,0,0,95
11/28/2022,LFT,LA,ASW,CE,Combined TRACON& Tower with Radar,20,8,28,0,56,0,0,46,1,47,20,8,74,1,103,0,0,0,103
11/29/2022,LFT,LA,ASW,CE,Combined TRACON& Tower with Radar,20,8,21,0,49,0,0,0,0,0,20,8,21,0,49,0,0,0,49
11/30/2022,LFT,LA,ASW,CE,Combined TRACON& Tower with Radar,22,13,25,0,60,0,1,6,1,8,22,14,31,1,68,0,0,0,68
12/01/2022,LFT,LA,ASW,CE,Combined TRACON& Tower with Radar,21,9,38,4,72,0,45,44,0,89,21,54,82,4,161,30,0,30,191
12/02/2022,LFT,LA,ASW,CE,Combined TRACON& Tower with Radar,21,6,23,9,59,0,43,30,1,74,21,49,53,10,133,63,0,63,196
12/03/2022,LFT,LA,ASW,CE,Combined TRACON& Tower with Radar,21,7,12,0,40,0,2,3,0,5,21,9,15,0,45,8,0,8,53
12/04/2022,LFT,LA,ASW,CE,Combined TRACON& Tower with Radar,17,5,35,15,72,0,6,10,2,18,17,11,45,17,90,23,2,25,115
12/05/2022,LFT,LA,ASW,CE,Combined TRACON& Tower with Radar,20,8,33,0,61,0,11,12,0,23,20,19,45,0,84,20,0,20,104
12/06/2022,LFT,LA,ASW,CE,Combined TRACON& Tower with Radar,22,7,15,0,44,0,27,21,0,48,22,34,36,0,92,6,0,6,98
12/07/2022,LFT,LA,ASW,CE,Combined TRACON& Tower with Radar,22,11,47,1,81,0,17,29,0,46,22,28,76,1,127,17,0,17,144
12/08/2022,LFT,LA,ASW,CE,Combined TRACON& Tower with Radar,20,7,22,0,49,0,20,18,0,38,20,27,40,0,87,40,0,40,127
12/09/2022,LFT,LA,ASW,CE,Combined TRACON& Tower with Radar,26,17,49,0,92,0,17,18,0,35,26,34,67,0,127,37,0,37,164
12/10/2022,LFT,LA,ASW,CE,Combined TRACON& Tower with Radar,18,5,17,0,40,0,23,13,0,36,18,28,30,0,76,0,0,0,76
12/11/2022,LFT,LA,ASW,CE,Combined TRACON& Tower with Radar,18,6,22,0,46,0,5,7,0,12,18,11,29,0,58,8,0,8,66
12/12/2022,LFT,LA,ASW,CE,Combined TRACON& Tower with Radar,19,13,31,2,65,0,15,14,0,29,19,28,45,2,94,25,0,25,119
12/13/2022,LFT,LA,ASW,CE,Combined TRACON& Tower with Radar,19,20,42,0,81,0,11,1,0,12,19,31,43,0,93,0,0,0,93
12/14/2022,LFT,LA,ASW,CE,Combined TRACON& Tower with Radar,19,11,19,0,49,0,0,4,0,4,19,11,23,0,53,0,0,0,53
12/15/2022,LFT,LA,ASW,CE,Combined TRACON& Tower with Radar,16,12,33,2,63,0,53,50,0,103,16,65,83,2,166,4,0,4,170
12/16/2022,LFT,LA,ASW,CE,Combined TRACON& Tower with Radar,17,16,22,0,55,0,34,37,0,71,17,50,59,0,126,21,0,21,147
12/17/2022,LFT,LA,ASW,CE,Combined TRACON& Tower with Radar,13,12,15,0,40,0,14,32,0,46,13,26,47,0,86,11,0,11,97
12/18/2022,LFT,LA,ASW,CE,Combined TRACON& Tower with Radar,13,17,26,0,56,0,18,23,0,41,13,35,49,0,97,0,0,0,97
12/19/2022,LFT,LA,ASW,CE,Combined TRACON& Tower with Radar,14,11,13,0,38,0,3,7,0,10,14,14,20,0,48,29,0,29,77
12/20/2022,LFT,LA,ASW,CE,Combined TRACON& Tower with Radar,16,10,15,1,42,0,2,0,0,2,16,12,15,1,44,0,0,0,44
12/21/2022,LFT,LA,ASW,CE,Combined TRACON& Tower with Radar,21,10,23,2,56,0,0,0,0,0,21,10,23,2,56,0,0,0,56
12/22/2022,LFT,LA,ASW,CE,Combined TRACON& Tower with Radar,18,9,19,0,46,0,5,0,0,5,18,14,19,0,51,0,0,0,51
12/23/2022,LFT,LA,ASW,CE,Combined TRACON& Tower with Radar,13,7,11,0,31,0,8,4,0,12,13,15,15,0,43,0,0,0,43
12/24/2022,LFT,LA,ASW,CE,Combined TRACON& Tower with Radar,11,10,2,0,23,0,13,13,0,26,11,23,15,0,49,0,0,0,49
12/25/2022,LFT,LA,ASW,CE,Combined TRACON& Tower with Radar,10,11,6,0,27,0,7,7,0,14,10,18,13,0,41,28,0,28,69
12/26/2022,LFT,LA,ASW,CE,Combined TRACON& Tower with Radar,12,9,20,0,41,0,7,32,0,39,12,16,52,0,80,19,0,19,99
12/27/2022,LFT,LA,ASW,CE,Combined TRACON& Tower with Radar,17,16,40,0,73,0,15,50,0,65,17,31,90,0,138,5,0,5,143
12/28/2022,LFT,LA,ASW,CE,Combined TRACON& Tower with Radar,18,12,24,0,54,0,8,41,0,49,18,20,65,0,103,27,0,27,130
12/29/2022,LFT,LA,ASW,CE,Combined TRACON& Tower with Radar,14,16,22,0,52,0,17,7,0,24,14,33,29,0,76,6,0,6,82
12/30/2022,LFT,LA,ASW,CE,Combined TRACON& Tower with Radar,15,12,25,0,52,0,0,0,0,0,15,12,25,0,52,0,0,0,52
12/31/2022,LFT,LA,ASW,CE,Combined TRACON& Tower with Radar,11,15,28,0,54,0,8,15,0,23,11,23,43,0,77,0,0,0,77
01/01/2023,LFT,LA,ASW,CE,Combined TRACON& Tower with Radar,10,6,7,0,23,0,0,0,0,0,10,6,7,0,23,0,0,0,23
01/02/2023,LFT,LA,ASW,CE,Combined TRACON& Tower with Radar,17,6,22,0,45,0,6,2,0,8,17,12,24,0,53,0,0,0,53
01/03/2023,LFT,LA,ASW,CE,Combined TRACON& Tower with Radar,16,11,14,0,41,0,0,0,0,0,16,11,14,0,41,0,0,0,41
01/04/2023,LFT,LA,ASW,CE,Combined TRACON& Tower with Radar,17,14,22,1,54,0,39,40,3,82,17,53,62,4,136,49,0,49,185
01/05/2023,LFT,LA,ASW,CE,Combined TRACON& Tower with Radar,17,18,16,0,51,0,37,35,0,72,17,55,51,0,123,25,0,25,148
01/06/2023,LFT,LA,ASW,CE,Combined TRACON& Tower with Radar,18,10,21,0,49,0,40,55,0,95,18,50,76,0,144,63,0,63,207
01/07/2023,LFT,LA,ASW,CE,Combined TRACON& Tower with Radar,12,8,13,0,33,0,11,33,0,44,12,19,46,0,77,21,0,21,98
01/08/2023,LFT,LA,ASW,CE,Combined TRACON& Tower with Radar,13,11,16,0,40,0,0,0,0,0,13,11,16,0,40,0,0,0,40
01/09/2023,LFT,LA,ASW,CE,Combined TRACON& Tower with Radar,16,14,21,0,51,0,41,33,0,74,16,55,54,0,125,70,0,70,195
01/10/2023,LFT,LA,ASW,CE,Combined TRACON& Tower with Radar,17,13,28,0,58,0,23,20,0,43,17,36,48,0,101,46,0,46,147
01/11/2023,LFT,LA,ASW,CE,Combined TRACON& Tower with Radar,20,8,26,2,56,0,0,13,0,13,20,8,39,2,69,0,0,0,69
01/12/2023,LFT,LA,ASW,CE,Combined TRACON& Tower with Radar,18,10,20,0,48,0,3,18,0,21,18,13,38,0,69,0,0,0,69
01/13/2023,LFT,LA,ASW,CE,Combined TRACON& Tower with Radar,21,9,28,0,58,0,2,50,0,52,21,11,78,0,110,14,0,14,124
01/14/2023,LFT,LA,ASW,CE,Combined TRACON& Tower with Radar,13,8,29,0,50,0,4,53,0,57,13,12,82,0,107,43,0,43,150
01/15/2023,LFT,LA,ASW,CE,Combined TRACON& Tower with Radar,12,15,24,3,54,0,11,20,0,31,12,26,44,3,85,39,0,39,124
01/16/2023,LFT,LA,ASW,CE,Combined TRACON& Tower with Radar,17,9,17,0,43,0,14,14,0,28,17,23,31,0,71,0,0,0,71
01/17/2023,LFT,LA,ASW,CE,Combined TRACON& Tower with Radar,20,13,33,0,66,0,12,17,0,29,20,25,50,0,95,31,0,31,126
01/18/2023,LFT,LA,ASW,CE,Combined TRACON& Tower with Radar,18,13,25,0,56,0,9,3,0,12,18,22,28,0,68,0,0,0,68
01/19/2023,LFT,LA,ASW,CE,Combined TRACON& Tower with Radar,20,14,34,3,71,0,26,38,1,65,20,40,72,4,136,48,0,48,184
01/20/2023,LFT,LA,ASW,CE,Combined TRACON& Tower with Radar,19,25,28,2,74,0,29,46,0,75,19,54,74,2,149,71,0,71,220
01/21/2023,LFT,LA,ASW,CE,Combined TRACON& Tower with Radar,15,8,6,0,29,0,0,1,0,1,15,8,7,0,30,0,0,0,30
01/22/2023,LFT,LA,ASW,CE,Combined TRACON& Tower with Radar,15,12,28,0,55,0,3,17,0,20,15,15,45,0,75,0,0,0,75
01/23/2023,LFT,LA,ASW,CE,Combined TRACON& Tower with Radar,18,15,31,8,72,0,38,45,0,83,18,53,76,8,155,28,0,28,183
01/24/2023,LFT,LA,ASW,CE,Combined TRACON& Tower with Radar,18,9,10,0,37,0,1,0,0,1,18,10,10,0,38,0,0,0,38
01/25/2023,LFT,LA,ASW,CE,Combined TRACON& Tower with Radar,21,18,34,2,75,0,23,13,0,36,21,41,47,2,111,13,1,14,125
01/26/2023,LFT,LA,ASW,CE,Combined TRACON& Tower with Radar,18,19,28,0,65,0,27,44,0,71,18,46,72,0,136,39,0,39,175
01/27/2023,LFT,LA,ASW,CE,Combined TRACON& Tower with Radar,19,14,16,0,49,0,29,47,2,78,19,43,63,2,127,107,0,107,234
01/28/2023,LFT,LA,ASW,CE,Combined TRACON& Tower with Radar,15,8,15,0,38,0,17,16,2,35,15,25,31,2,73,12,0,12,85
01/29/2023,LFT,LA,ASW,CE,Combined TRACON& Tower with Radar,17,12,22,0,51,0,0,0,0,0,17,12,22,0,51,0,0,0,51
01/30/2023,LFT,LA,ASW,CE,Combined TRACON& Tower with Radar,12,13,11,3,39,0,0,0,0,0,12,13,11,3,39,0,0,0,39
01/31/2023,LFT,LA,ASW,CE,Combined TRACON& Tower with Radar,11,10,5,0,26,0,0,0,0,0,11,10,5,0,26,0,0,0,26
02/01/2023,LFT,LA,ASW,CE,Combined TRACON& Tower with Radar,11,16,11,0,38,0,0,0,0,0,11,16,11,0,38,0,0,0,38
02/02/2023,LFT,LA,ASW,CE,Combined TRACON& Tower with Radar,17,9,6,2,34,0,0,0,0,0,17,9,6,2,34,0,0,0,34
02/03/2023,LFT,LA,ASW,CE,Combined TRACON& Tower with Radar,19,17,18,0,54,0,16,53,0,69,19,33,71,0,123,72,0,72,195
02/04/2023,LFT,LA,ASW,CE,Combined TRACON& Tower with Radar,16,9,12,2,39,0,34,68,0,102,16,43,80,2,141,50,0,50,191
02/05/2023,LFT,LA,ASW,CE,Combined TRACON& Tower with Radar,16,6,22,0,44,0,13,53,0,66,16,19,75,0,110,62,0,62,172
02/06/2023,LFT,LA,ASW,CE,Combined TRACON& Tower with Radar,16,10,15,0,41,0,40,39,0,79,16,50,54,0,120,34,0,34,154
02/07/2023,LFT,LA,ASW,CE,Combined TRACON& Tower with Radar,13,16,22,0,51,0,35,34,0,69,13,51,56,0,120,36,0,36,156
02/08/2023,LFT,LA,ASW,CE,Combined TRACON& Tower with Radar,12,6,17,0,35,0,4,0,0,4,12,10,17,0,39,0,0,0,39
02/09/2023,LFT,LA,ASW,CE,Combined TRACON& Tower with Radar,20,18,29,10,77,0,19,38,0,57,20,37,67,10,134,36,0,36,170
02/10/2023,LFT,LA,ASW,CE,Combined TRACON& Tower with Radar,19,14,12,0,45,0,21,36,3,60,19,35,48,3,105,12,0,12,117
02/11/2023,LFT,LA,ASW,CE,Combined TRACON& Tower with Radar,16,15,2,0,33,0,5,0,0,5,16,20,2,0,38,0,0,0,38
02/12/2023,LFT,LA,ASW,CE,Combined TRACON& Tower with Radar,14,12,23,2,51,0,23,54,0,77,14,35,77,2,128,0,0,0,128
02/13/2023,LFT,LA,ASW,CE,Combined TRACON& Tower with Radar,15,11,19,0,45,0,10,21,0,31,15,21,40,0,76,0,0,0,76
02/14/2023,LFT,LA,ASW,CE,Combined TRACON& Tower with Radar,16,13,16,0,45,0,0,6,0,6,16,13,22,0,51,0,0,0,51
02/15/2023,LFT,LA,ASW,CE,Combined TRACON& Tower with Radar,14,20,28,0,62,0,4,0,0,4,14,24,28,0,66,0,0,0,66
02/16/2023,LFT,LA,ASW,CE,Combined TRACON& Tower with Radar,21,9,9,0,39,0,0,0,0,0,21,9,9,0,39,0,0,0,39
02/17/2023,LFT,LA,ASW,CE,Combined TRACON& Tower with Radar,22,17,35,0,74,0,9,35,0,44,22,26,70,0,118,4,0,4,122
02/18/2023,LFT,LA,ASW,CE,Combined TRACON& Tower with Radar,16,9,19,0,44,0,14,37,0,51,16,23,56,0,95,16,0,16,111
02/19/2023,LFT,LA,ASW,CE,Combined TRACON& Tower with Radar,16,15,24,0,55,0,17,32,0,49,16,32,56,0,104,62,0,62,166
02/20/2023,LFT,LA,ASW,CE,Combined TRACON& Tower with Radar,17,8,29,0,54,0,1,10,0,11,17,9,39,0,65,0,0,0,65
02/21/2023,LFT,LA,ASW,CE,Combined TRACON& Tower with Radar,15,20,23,0,58,0,4,11,0,15,15,24,34,0,73,0,0,0,73
02/22/2023,LFT,LA,ASW,CE,Combined TRACON& Tower with Radar,16,9,20,2,47,0,0,3,0,3,16,9,23,2,50,0,0,0,50
02/23/2023,LFT,LA,ASW,CE,Combined TRACON& Tower with Radar,21,15,31,2,69,0,1,8,0,9,21,16,39,2,78,0,0,0,78
02/24/2023,LFT,LA,ASW,CE,Combined TRACON& Tower with Radar,19,10,38,0,67,0,0,9,0,9,19,10,47,0,76,0,0,0,76
02/25/2023,LFT,LA,ASW,CE,Combined TRACON& Tower with Radar,15,9,19,0,43,0,1,18,0,19,15,10,37,0,62,0,0,0,62
02/26/2023,LFT,LA,ASW,CE,Combined TRACON& Tower with Radar,17,18,35,1,71,0,1,18,0,19,17,19,53,1,90,0,0,0,90
02/27/2023,LFT,LA,ASW,CE,Combined TRACON& Tower with Radar,17,20,27,0,64,0,6,18,0,24,17,26,45,0,88,0,0,0,88
02/28/2023,LFT,LA,ASW,CE,Combined TRACON& Tower with Radar,13,10,29,1,53,0,3,32,1,36,13,13,61,2,89,0,0,0,89
03/01/2023,LFT,LA,ASW,CE,Combined TRACON& Tower with Radar,14,12,26,0,52,0,4,1,0,5,14,16,27,0,57,0,0,0,57
03/02/2023,LFT,LA,ASW,CE,Combined TRACON& Tower with Radar,14,16,21,1,52,0,1,11,1,13,14,17,32,2,65,0,0,0,65
03/03/2023,LFT,LA,ASW,CE,Combined TRACON& Tower with Radar,21,14,21,0,56,0,2,26,0,28,21,16,47,0,84,0,0,0,84
03/04/2023,LFT,LA,ASW,CE,Combined TRACON& Tower with Radar,17,9,24,0,50,0,2,47,0,49,17,11,71,0,99,0,0,0,99
03/05/2023,LFT,LA,ASW,CE,Combined TRACON& Tower with Radar,15,9,21,0,45,0,6,49,0,55,15,15,70,0,100,0,0,0,100
03/06/2023,LFT,LA,ASW,CE,Combined TRACON& Tower with Radar,16,10,37,0,63,0,5,15,1,21,16,15,52,1,84,35,0,35,119
03/07/2023,LFT,LA,ASW,CE,Combined TRACON& Tower with Radar,13,11,26,0,50,0,6,14,0,20,13,17,40,0,70,20,0,20,90
03/08/2023,LFT,LA,ASW,CE,Combined TRACON& Tower with Radar,16,9,17,0,42,0,12,22,0,34,16,21,39,0,76,52,0,52,128
03/09/2023,LFT,LA,ASW,CE,Combined TRACON& Tower with Radar,21,16,17,0,54,0,9,23,2,34,21,25,40,2,88,40,4,44,132
03/10/2023,LFT,LA,ASW,CE,Combined TRACON& Tower with Radar,20,14,25,5,64,0,8,16,0,24,20,22,41,5,88,36,22,58,146
03/11/2023,LFT,LA,ASW,CE,Combined TRACON& Tower with Radar,19,13,21,0,53,0,10,18,0,28,19,23,39,0,81,8,0,8,89
03/12/2023,LFT,LA,ASW,CE,Combined TRACON& Tower with Radar,15,17,17,0,49,0,7,10,0,17,15,24,27,0,66,0,0,0,66
03/13/2023,LFT,LA,ASW,CE,Combined TRACON& Tower with Radar,17,9,21,0,47,0,17,22,1,40,17,26,43,1,87,15,0,15,102
03/14/2023,LFT,LA,ASW,CE,Combined TRACON& Tower with Radar,18,14,23,0,55,0,34,32,1,67,18,48,55,1,122,58,0,58,180
03/15/2023,LFT,LA,ASW,CE,Combined TRACON& Tower with Radar,16,10,38,3,67,0,16,37,0,53,16,26,75,3,120,32,0,32,152
03/16/2023,LFT,LA,ASW,CE,Combined TRACON& Tower with Radar,15,10,26,0,51,0,31,23,0,54,15,41,49,0,105,20,0,20,125
03/17/2023,LFT,LA,ASW,CE,Combined TRACON& Tower with Radar,21,13,15,0,49,0,2,1,0,3,21,15,16,0,52,0,0,0,52
03/18/2023,LFT,LA,ASW,CE,Combined TRACON& Tower with Radar,17,12,17,0,46,0,14,17,1,32,17,26,34,1,78,4,0,4,82
03/19/2023,LFT,LA,ASW,CE,Combined TRACON& Tower with Radar,15,15,15,0,45,0,9,34,0,43,15,24,49,0,88,4,0,4,92
03/20/2023,LFT,LA,ASW,CE,Combined TRACON& Tower with Radar,17,10,28,2,57,0,33,30,0,63,17,43,58,2,120,8,0,8,128
03/21/2023,LFT,LA,ASW,CE,Combined TRACON& Tower with Radar,17,7,27,2,53,0,29,45,0,74,17,36,72,2,127,8,0,8,135
03/22/2023,LFT,LA,ASW,CE,Combined TRACON& Tower with Radar,16,19,27,5,67,0,39,24,4,67,16,58,51,9,134,22,0,22,156
03/23/2023,LFT,LA,ASW,CE,Combined TRACON& Tower with Radar,17,12,31,0,60,0,14,5,0,19,17,26,36,0,79,0,0,0,79
03/24/2023,LFT,LA,ASW,CE,Combined TRACON& Tower with Radar,18,13,20,0,51,0,3,2,0,5,18,16,22,0,56,2,0,2,58
03/25/2023,LFT,LA,ASW,CE,Combined TRACON& Tower with Radar,19,12,30,0,61,0,2,38,0,40,19,14,68,0,101,12,0,12,113
03/26/2023,LFT,LA,ASW,CE,Combined TRACON& Tower with Radar,20,4,18,6,48,0,1,2,0,3,20,5,20,6,51,2,0,2,53
03/27/2023,LFT,LA,ASW,CE,Combined TRACON& Tower with Radar,24,7,16,0,47,0,0,6,0,6,24,7,22,0,53,0,0,0,53
03/28/2023,LFT,LA,ASW,CE,Combined TRACON& Tower with Radar,22,5,22,0,49,0,0,15,0,15,22,5,37,0,64,0,0,0,64
03/29/2023,LFT,LA,ASW,CE,Combined TRACON& Tower with Radar,21,4,32,0,57,0,26,34,0,60,21,30,66,0,117,45,0,45,162
03/30/2023,LFT,LA,ASW,CE,Combined TRACON& Tower with Radar,25,6,31,0,62,0,25,38,0,63,25,31,69,0,125,29,0,29,154
03/31/2023,LFT,LA,ASW,CE,Combined TRACON& Tower with Radar,24,6,24,0,54,0,9,10,0,19,24,15,34,0,73,0,0,0,73
04/01/2023,LFT,LA,ASW,CE,Combined TRACON& Tower with Radar,23,5,22,0,50,0,6,27,0,33,23,11,49,0,83,41,0,41,124
04/02/2023,LFT,LA,ASW,CE,Combined TRACON& Tower with Radar,19,4,40,6,69,0,7,37,0,44,19,11,77,6,113,38,0,38,151
04/03/2023,LFT,LA,ASW,CE,Combined TRACON& Tower with Radar,25,4,36,2,67,0,6,22,0,28,25,10,58,2,95,44,0,44,139
04/04/2023,LFT,LA,ASW,CE,Combined TRACON& Tower with Radar,24,5,31,4,64,0,18,7,0,25,24,23,38,4,89,0,0,0,89
04/05/2023,LFT,LA,ASW,CE,Combined TRACON& Tower with Radar,30,6,25,0,61,0,20,6,1,27,30,26,31,1,88,4,0,4,92
04/06/2023,LFT,LA,ASW,CE,Combined TRACON& Tower with Radar,26,7,27,0,60,0,1,1,0,2,26,8,28,0,62,25,0,25,87
04/07/2023,LFT,LA,ASW,CE,Combined TRACON& Tower with Radar,25,7,18,0,50,0,0,0,0,0,25,7,18,0,50,0,0,0,50
04/08/2023,LFT,LA,ASW,CE,Combined TRACON& Tower with Radar,25,5,16,0,46,0,5,1,0,6,25,10,17,0,52,4,0,4,56
04/09/2023,LFT,LA,ASW,CE,Combined TRACON& Tower with Radar,21,9,18,0,48,0,6,0,0,6,21,15,18,0,54,0,0,0,54
04/10/2023,LFT,LA,ASW,CE,Combined TRACON& Tower with Radar,26,8,31,0,65,0,30,42,0,72,26,38,73,0,137,71,0,71,208
04/11/2023,LFT,LA,ASW,CE,Combined TRACON& Tower with Radar,26,3,33,0,62,0,32,25,0,57,26,35,58,0,119,66,0,66,185
04/12/2023,LFT,LA,ASW,CE,Combined TRACON& Tower with Radar,24,7,19,0,50,0,27,27,0,54,24,34,46,0,104,6,0,6,110
04/13/2023,LFT,LA,ASW,CE,Combined TRACON& Tower with Radar,24,6,31,0,61,0,17,25,4,46,24,23,56,4,107,48,8,56,163
04/14/2023,LFT,LA,ASW,CE,Combined TRACON& Tower with Radar,27,5,48,4,84,0,21,39,0,60,27,26,87,4,144,72,0,72,216
04/15/2023,LFT,LA,ASW,CE,Combined TRACON& Tower with Radar,19,9,14,0,42,0,4,2,0,6,19,13,16,0,48,24,0,24,72
04/16/2023,LFT,LA,ASW,CE,Combined TRACON& Tower with Radar,23,4,31,0,58,0,13,35,0,48,23,17,66,0,106,2,0,2,108
04/17/2023,LFT,LA,ASW,CE,Combined TRACON& Tower with Radar,24,9,31,3,67,0,28,43,1,72,24,37,74,4,139,19,0,19,158
04/18/2023,LFT,LA,ASW,CE,Combined TRACON& Tower with Radar,28,4,21,0,53,0,2,24,0,26,28,6,45,0,79,0,0,0,79
04/19/2023,LFT,LA,ASW,CE,Combined TRACON& Tower with Radar,23,7,48,0,78,0,6,51,0,57,23,13,99,0,135,0,0,0,135
04/20/2023,LFT,LA,ASW,CE,Combined TRACON& Tower with Radar,25,9,30,2,66,0,3,21,0,24,25,12,51,2,90,0,0,0,90
04/21/2023,LFT,LA,ASW,CE,Combined TRACON& Tower with Radar,27,2,16,2,47,0,2,12,0,14,27,4,28,2,61,0,0,0,61
04/22/2023,LFT,LA,ASW,CE,Combined TRACON& Tower with Radar,23,3,13,4,43,0,17,46,1,64,23,20,59,5,107,12,3,15,122
04/23/2023,LFT,LA,ASW,CE,Combined TRACON& Tower with Radar,25,10,26,2,63,0,5,27,0,32,25,15,53,2,95,0,0,0,95
04/24/2023,LFT,LA,ASW,CE,Combined TRACON& Tower with Radar,24,5,33,0,62,0,2,50,0,52,24,7,83,0,114,0,0,0,114
04/25/2023,LFT,LA,ASW,CE,Combined TRACON& Tower with Radar,24,4,32,2,62,0,5,26,0,31,24,9,58,2,93,0,0,0,93
04/26/2023,LFT,LA,ASW,CE,Combined TRACON& Tower with Radar,21,5,39,2,67,0,1,28,0,29,21,6,67,2,96,0,0,0,96
04/27/2023,LFT,LA,ASW,CE,Combined TRACON& Tower with Radar,24,7,23,0,54,0,1,11,0,12,24,8,34,0,66,0,0,0,66
04/28/2023,LFT,LA,ASW,CE,Combined TRACON& Tower with Radar,25,12,24,0,61,0,2,61,0,63,25,14,85,0,124,0,0,0,124
04/29/2023,LFT,LA,ASW,CE,Combined TRACON& Tower with Radar,23,5,20,0,48,0,3,7,0,10,23,8,27,0,58,0,0,0,58
04/30/2023,LFT,LA,ASW,CE,Combined TRACON& Tower with Radar,24,7,21,0,52,0,0,42,0,42,24,7,63,0,94,0,0,0,94
05/01/2023,LFT,LA,ASW,CE,Combined TRACON& Tower with Radar,25,6,25,0,56,0,24,42,0,66,25,30,67,0,122,7,0,7,129
05/02/2023,LFT,LA,ASW,CE,Combined TRACON& Tower with Radar,25,5,23,0,53,0,33,51,0,84,25,38,74,0,137,36,0,36,173
05/03/2023,LFT,LA,ASW,CE,Combined TRACON& Tower with Radar,22,9,24,0,55,0,43,41,0,84,22,52,65,0,139,24,0,24,163
05/04/2023,LFT,LA,ASW,CE,Combined TRACON& Tower with Radar,24,3,32,0,59,0,20,36,0,56,24,23,68,0,115,65,0,65,180
05/05/2023,LFT,LA,ASW,CE,Combined TRACON& Tower with Radar,23,6,30,0,59,0,17,9,0,26,23,23,39,0,85,11,0,11,96
05/06/2023,LFT,LA,ASW,CE,Combined TRACON& Tower with Radar,18,11,21,0,50,0,7,7,0,14,18,18,28,0,64,4,0,4,68
05/07/2023,LFT,LA,ASW,CE,Combined TRACON& Tower with Radar,19,8,43,0,70,0,7,12,0,19,19,15,55,0,89,0,0,0,89
05/08/2023,LFT,LA,ASW,CE,Combined TRACON& Tower with Radar,19,4,24,2,49,0,4,9,0,13,19,8,33,2,62,12,0,12,74
05/09/2023,LFT,LA,ASW,CE,Combined TRACON& Tower with Radar,16,8,21,0,45,0,10,9,0,19,16,18,30,0,64,2,0,2,66
05/10/2023,LFT,LA,ASW,CE,Combined TRACON& Tower with Radar,17,10,21,0,48,0,17,24,0,41,17,27,45,0,89,14,0,14,103
05/11/2023,LFT,LA,ASW,CE,Combined TRACON& Tower with Radar,24,18,36,0,78,0,22,21,0,43,24,40,57,0,121,4,0,4,125
05/12/2023,LFT,LA,ASW,CE,Combined TRACON& Tower with Radar,24,9,26,1,60,0,6,21,0,27,24,15,47,1,87,18,0,18,105
05/13/2023,LFT,LA,ASW,CE,Combined TRACON& Tower with Radar,18,6,21,0,45,0,20,30,0,50,18,26,51,0,95,24,0,24,119
05/14/2023,LFT,LA,ASW,CE,Combined TRACON& Tower with Radar,20,8,15,0,43,0,8,7,0,15,20,16,22,0,58,0,0,0,58
05/15/2023,LFT,LA,ASW,CE,Combined TRACON& Tower with Radar,20,14,17,0,51,0,17,16,2,35,20,31,33,2,86,2,0,2,88
05/16/2023,LFT,LA,ASW,CE,Combined TRACON& Tower with Radar,16,7,31,0,54,0,37,26,0,63,16,44,57,0,117,27,0,27,144
05/17/2023,LFT,LA,ASW,CE,Combined TRACON& Tower with Radar,21,7,50,0,78,0,24,35,0,59,21,31,85,0,137,40,0,40,177
05/18/2023,LFT,LA,ASW,CE,Combined TRACON& Tower with Radar,22,10,38,0,70,0,33,54,0,87,22,43,92,0,157,25,0,25,182
05/19/2023,LFT,LA,ASW,CE,Combined TRACON& Tower with Radar,17,10,24,1,52,0,26,37,1,64,17,36,61,2,116,35,0,35,151
05/20/2023,LFT,LA,ASW,CE,Combined TRACON& Tower with Radar,17,7,22,6,52,0,17,27,2,46,17,24,49,8,98,4,0,4,102
05/21/2023,LFT,LA,ASW,CE,Combined TRACON& Tower with Radar,19,6,29,1,55,0,21,23,0,44,19,27,52,1,99,24,0,24,123
05/22/2023,LFT,LA,ASW,CE,Combined TRACON& Tower with Radar,20,7,30,0,57,0,37,29,0,66,20,44,59,0,123,22,14,36,159
05/23/2023,LFT,LA,ASW,CE,Combined TRACON& Tower with Radar,22,8,33,0,63,0,43,33,2,78,22,51,66,2,141,58,0,58,199
05/24/2023,LFT,LA,ASW,CE,Combined TRACON& Tower with Radar,21,6,34,0,61,0,29,42,0,71,21,35,76,0,132,22,0,22,154
05/25/2023,LFT,LA,ASW,CE,Combined TRACON& Tower with Radar,22,10,34,2,68,0,48,37,0,85,22,58,71,2,153,8,0,8,161
05/26/2023,LFT,LA,ASW,CE,Combined TRACON& Tower with Radar,21,13,20,0,54,0,30,39,0,69,21,43,59,0,123,19,0,19,142
05/27/2023,LFT,LA,ASW,CE,Combined TRACON& Tower with Radar,15,8,13,0,36,0,12,35,0,47,15,20,48,0,83,32,0,32,115
05/28/2023,LFT,LA,ASW,CE,Combined TRACON& Tower with Radar,14,8,14,0,36,0,21,26,0,47,14,29,40,0,83,26,0,26,109
05/29/2023,LFT,LA,ASW,CE,Combined TRACON& Tower with Radar,20,9,29,0,58,0,14,34,0,48,20,23,63,0,106,12,0,12,118
05/30/2023,LFT,LA,ASW,CE,Combined TRACON& Tower with Radar,17,10,25,2,54,0,28,25,0,53,17,38,50,2,107,61,0,61,168
05/31/2023,LFT,LA,ASW,CE,Combined TRACON& Tower with Radar,22,4,29,0,55,0,21,33,4,58,22,25,62,4,113,67,0,67,180
06/01/2023,LFT,LA,ASW,CE,Combined TRACON& Tower with Radar,26,2,15,0,43,0,43,54,0,97,26,45,69,0,140,25,0,25,165
06/02/2023,LFT,LA,ASW,CE,Combined TRACON& Tower with Radar,21,9,24,2,56,0,36,37,0,73,21,45,61,2,129,35,0,35,164
06/03/2023,LFT,LA,ASW,CE,Combined TRACON& Tower with Radar,16,7,14,0,37,0,18,32,0,50,16,25,46,0,87,18,0,18,105
06/04/2023,LFT,LA,ASW,CE,Combined TRACON& Tower with Radar,15,10,26,0,51,0,9,31,0,40,15,19,57,0,91,0,0,0,91
06/05/2023,LFT,LA,ASW,CE,Combined TRACON& Tower with Radar,18,9,15,0,42,0,7,14,2,23,18,16,29,2,65,17,0,17,82
06/06/2023,LFT,LA,ASW,CE,Combined TRACON& Tower with Radar,15,12,31,0,58,0,43,21,0,64,15,55,52,0,122,33,0,33,155
06/07/2023,LFT,LA,ASW,CE,Combined TRACON& Tower with Radar,22,10,26,0,58,0,6,46,0,52,22,16,72,0,110,0,0,0,110
06/08/2023,LFT,LA,ASW,CE,Combined TRACON& Tower with Radar,20,13,20,0,53,0,29,27,0,56,20,42,47,0,109,39,0,39,148
06/09/2023,LFT,LA,ASW,CE,Combined TRACON& Tower with Radar,17,9,25,6,57,0,16,24,2,42,17,25,49,8,99,48,0,48,147
06/10/2023,LFT,LA,ASW,CE,Combined TRACON& Tower with Radar,13,10,30,0,53,0,15,51,0,66,13,25,81,0,119,2,0,2,121
06/11/2023,LFT,LA,ASW,CE,Combined TRACON& Tower with Radar,14,14,31,0,59,0,11,17,0,28,14,25,48,0,87,13,0,13,100
06/12/2023,LFT,LA,ASW,CE,Combined TRACON& Tower with Radar,16,11,25,0,52,0,25,27,0,52,16,36,52,0,104,18,0,18,122
06/13/2023,LFT,LA,ASW,CE,Combined TRACON& Tower with Radar,15,10,22,2,49,0,40,24,1,65,15,50,46,3,114,38,0,38,152
06/14/2023,LFT,LA,ASW,CE,Combined TRACON& Tower with Radar,19,12,44,0,75,0,28,32,0,60,19,40,76,0,135,53,0,53,188
06/15/2023,LFT,LA,ASW,CE,Combined TRACON& Tower with Radar,17,13,26,0,56,0,37,18,0,55,17,50,44,0,111,0,0,0,111
06/16/2023,LFT,LA,ASW,CE,Combined TRACON& Tower with Radar,17,11,21,4,53,0,27,20,0,47,17,38,41,4,100,22,0,22,122
06/17/2023,LFT,LA,ASW,CE,Combined TRACON& Tower with Radar,15,9,18,0,42,0,19,15,2,36,15,28,33,2,78,22,0,22,100
06/18/2023,LFT,LA,ASW,CE,Combined TRACON& Tower with Radar,15,14,34,0,63,0,18,19,0,37,15,32,53,0,100,16,0,16,116
06/19/2023,LFT,LA,ASW,CE,Combined TRACON& Tower with Radar,16,16,20,0,52,0,24,22,0,46,16,40,42,0,98,12,0,12,110
06/20/2023,LFT,LA,ASW,CE,Combined TRACON& Tower with Radar,12,9,17,0,38,0,33,22,0,55,12,42,39,0,93,40,0,40,133
06/21/2023,LFT,LA,ASW,CE,Combined TRACON& Tower with Radar,18,13,33,0,64,0,36,40,0,76,18,49,73,0,140,27,0,27,167
06/22/2023,LFT,LA,ASW,CE,Combined TRACON& Tower with Radar,17,10,16,2,45,0,30,47,0,77,17,40,63,2,122,42,0,42,164
06/23/2023,LFT,LA,ASW,CE,Combined TRACON& Tower with Radar,18,14,20,2,54,0,20,26,0,46,18,34,46,2,100,26,0,26,126
06/24/2023,LFT,LA,ASW,CE,Combined TRACON& Tower with Radar,14,8,18,0,40,0,4,13,0,17,14,12,31,0,57,13,0,13,70
06/25/2023,LFT,LA,ASW,CE,Combined TRACON& Tower with Radar,17,9,31,2,59,0,14,29,0,43,17,23,60,2,102,11,0,11,113
06/26/2023,LFT,LA,ASW,CE,Combined TRACON& Tower with Radar,21,7,22,4,54,0,24,39,0,63,21,31,61,4,117,18,0,18,135
06/27/2023,LFT,LA,ASW,CE,Combined TRACON& Tower with Radar,21,8,27,2,58,0,29,36,0,65,21,37,63,2,123,29,0,29,152
06/28/2023,LFT,LA,ASW,CE,Combined TRACON& Tower with Radar,17,8,23,3,51,0,35,48,1,84,17,43,71,4,135,0,2,2,137
06/29/2023,LFT,LA,ASW,CE,Combined TRACON& Tower with Radar,21,12,16,2,51,0,33,37,2,72,21,45,53,4,123,54,0,54,177
06/30/2023,LFT,LA,ASW,CE,Combined TRACON& Tower with Radar,21,6,18,0,45,0,28,47,0,75,21,34,65,0,120,10,0,10,130
07/01/2023,LFT,LA,ASW,CE,Combined TRACON& Tower with Radar,16,8,31,0,55,0,20,24,0,44,16,28,55,0,99,4,0,4,103
07/02/2023,LFT,LA,ASW,CE,Combined TRACON& Tower with Radar,15,8,9,0,32,0,22,18,0,40,15,30,27,0,72,6,0,6,78
07/03/2023,LFT,LA,ASW,CE,Combined TRACON& Tower with Radar,18,8,15,0,41,0,25,15,0,40,18,33,30,0,81,23,0,23,104
07/04/2023,LFT,LA,ASW,CE,Combined TRACON& Tower with Radar,15,5,7,0,27,0,19,14,0,33,15,24,21,0,60,4,0,4,64
07/05/2023,LFT,LA,ASW,CE,Combined TRACON& Tower with Radar,19,10,13,4,46,0,28,21,0,49,19,38,34,4,95,33,0,33,128
07/06/2023,LFT,LA,ASW,CE,Combined TRACON& Tower with Radar,21,12,21,0,54,0,26,32,0,58,21,38,53,0,112,41,0,41,153
07/07/2023,LFT,LA,ASW,CE,Combined TRACON& Tower with Radar,20,9,24,0,53,0,28,42,0,70,20,37,66,0,123,17,0,17,140
07/08/2023,LFT,LA,ASW,CE,Combined TRACON& Tower with Radar,19,4,21,0,44,0,5,27,0,32,19,9,48,0,76,30,0,30,106
07/09/2023,LFT,LA,ASW,CE,Combined TRACON& Tower with Radar,21,6,21,0,48,0,4,10,0,14,21,10,31,0,62,4,0,4,66
07/10/2023,LFT,LA,ASW,CE,Combined TRACON& Tower with Radar,22,6,16,0,44,0,18,15,0,33,22,24,31,0,77,0,0,0,77
07/11/2023,LFT,LA,ASW,CE,Combined TRACON& Tower with Radar,21,7,25,0,53,0,21,35,0,56,21,28,60,0,109,24,0,24,133
07/12/2023,LFT,LA,ASW,CE,Combined TRACON& Tower with Radar,24,7,27,4,62,0,29,38,0,67,24,36,65,4,129,31,0,31,160
07/13/2023,LFT,LA,ASW,CE,Combined TRACON& Tower with Radar,24,9,49,0,82,0,32,44,0,76,24,41,93,0,158,25,0,25,183
07/14/2023,LFT,LA,ASW,CE,Combined TRACON& Tower with Radar,23,5,25,0,53,0,21,38,0,59,23,26,63,0,112,22,0,22,134
07/15/2023,LFT,LA,ASW,CE,Combined TRACON& Tower with Radar,16,14,15,0,45,0,23,20,0,43,16,37,35,0,88,6,0,6,94
07/16/2023,LFT,LA,ASW,CE,Combined TRACON& Tower with Radar,15,10,30,0,55,0,15,6,0,21,15,25,36,0,76,45,0,45,121
07/17/2023,LFT,LA,ASW,CE,Combined TRACON& Tower with Radar,21,7,18,5,51,0,27,27,0,54,21,34,45,5,105,34,1,35,140
07/18/2023,LFT,LA,ASW,CE,Combined TRACON& Tower with Radar,22,6,29,1,58,0,35,33,0,68,22,41,62,1,126,22,0,22,148
07/19/2023,LFT,LA,ASW,CE,Combined TRACON& Tower with Radar,21,8,36,6,71,0,25,50,0,75,21,33,86,6,146,48,7,55,201
07/20/2023,LFT,LA,ASW,CE,Combined TRACON& Tower with Radar,23,11,35,1,70,0,37,55,0,92,23,48,90,1,162,51,0,51,213
07/21/2023,LFT,LA,ASW,CE,Combined TRACON& Tower with Radar,24,7,23,2,56,0,44,33,0,77,24,51,56,2,133,34,0,34,167
07/22/2023,LFT,LA,ASW,CE,Combined TRACON& Tower with Radar,18,8,9,0,35,0,17,23,0,40,18,25,32,0,75,12,0,12,87
07/23/2023,LFT,LA,ASW,CE,Combined TRACON& Tower with Radar,19,6,18,1,44,0,15,22,0,37,19,21,40,1,81,0,2,2,83
07/24/2023,LFT,LA,ASW,CE,Combined TRACON& Tower with Radar,22,8,31,1,62,0,20,39,0,59,22,28,70,1,121,16,0,16,137
07/25/2023,LFT,LA,ASW,CE,Combined TRACON& Tower with Radar,22,4,20,0,46,0,28,42,0,70,22,32,62,0,116,10,0,10,126
07/26/2023,LFT,LA,ASW,CE,Combined TRACON& Tower with Radar,22,11,15,2,50,0,19,45,0,64,22,30,60,2,114,24,0,24,138
07/27/2023,LFT,LA,ASW,CE,Combined TRACON& Tower with Radar,24,11,38,2,75,0,28,44,4,76,24,39,82,6,151,4,0,4,155
07/28/2023,LFT,LA,ASW,CE,Combined TRACON& Tower with Radar,23,8,26,0,57,0,27,40,0,67,23,35,66,0,124,12,0,12,136
07/29/2023,LFT,LA,ASW,CE,Combined TRACON& Tower with Radar,19,14,19,0,52,0,12,45,0,57,19,26,64,0,109,11,0,11,120
07/30/2023,LFT,LA,ASW,CE,Combined TRACON& Tower with Radar,20,8,18,8,54,0,18,31,0,49,20,26,49,8,103,14,0,14,117
07/31/2023,LFT,LA,ASW,CE,Combined TRACON& Tower with Radar,23,7,23,0,53,0,27,27,0,54,23,34,50,0,107,18,0,18,125
08/01/2023,LFT,LA,ASW,CE,Combined TRACON& Tower with Radar,22,10,17,0,49,0,37,33,2,72,22,47,50,2,121,12,0,12,133
08/02/2023,LFT,LA,ASW,CE,Combined TRACON& Tower with Radar,21,14,15,3,53,0,17,27,1,45,21,31,42,4,98,21,0,21,119
08/03/2023,LFT,LA,ASW,CE,Combined TRACON& Tower with Radar,26,10,15,22,73,0,26,19,0,45,26,36,34,22,118,37,14,51,169
08/04/2023,LFT,LA,ASW,CE,Combined TRACON& Tower with Radar,26,6,20,2,54,0,29,37,0,66,26,35,57,2,120,25,0,25,145
08/05/2023,LFT,LA,ASW,CE,Combined TRACON& Tower with Radar,18,8,10,0,36,0,10,22,0,32,18,18,32,0,68,4,0,4,72
08/06/2023,LFT,LA,ASW,CE,Combined TRACON& Tower with Radar,19,5,18,0,42,0,19,24,0,43,19,24,42,0,85,30,0,30,115
08/07/2023,LFT,LA,ASW,CE,Combined TRACON& Tower with Radar,18,7,26,4,55,0,24,19,0,43,18,31,45,4,98,20,0,20,118
08/08/2023,LFT,LA,ASW,CE,Combined TRACON& Tower with Radar,26,12,27,0,65,0,16,22,0,38,26,28,49,0,103,80,0,80,183
08/09/2023,LFT,LA,ASW,CE,Combined TRACON& Tower with Radar,22,10,23,0,55,0,22,49,0,71,22,32,72,0,126,23,0,23,149
08/10/2023,LFT,LA,ASW,CE,Combined TRACON& Tower with Radar,24,10,30,2,66,0,22,20,0,42,24,32,50,2,108,34,0,34,142
08/11/2023,LFT,LA,ASW,CE,Combined TRACON& Tower with Radar,21,9,24,6,60,0,24,23,1,48,21,33,47,7,108,0,0,0,108
08/12/2023,LFT,LA,ASW,CE,Combined TRACON& Tower with Radar,20,10,21,0,51,0,12,25,0,37,20,22,46,0,88,12,0,12,100
08/13/2023,LFT,LA,ASW,CE,Combined TRACON& Tower with Radar,22,7,28,0,57,0,11,24,0,35,22,18,52,0,92,0,0,0,92
08/14/2023,LFT,LA,ASW,CE,Combined TRACON& Tower with Radar,21,11,27,0,59,0,28,33,0,61,21,39,60,0,120,16,0,16,136
08/15/2023,LFT,LA,ASW,CE,Combined TRACON& Tower with Radar,18,5,29,2,54,0,24,32,0,56,18,29,61,2,110,0,0,0,110
08/16/2023,LFT,LA,ASW,CE,Combined TRACON& Tower with Radar,22,8,23,0,53,0,24,31,1,56,22,32,54,1,109,5,0,5,114
08/17/2023,LFT,LA,ASW,CE,Combined TRACON& Tower with Radar,25,12,21,0,58,0,33,20,0,53,25,45,41,0,111,0,0,0,111
08/18/2023,LFT,LA,ASW,CE,Combined TRACON& Tower with Radar,20,9,9,25,63,0,19,33,1,53,20,28,42,26,116,6,13,19,135
08/19/2023,LFT,LA,ASW,CE,Combined TRACON& Tower with Radar,19,4,11,0,34,0,16,23,0,39,19,20,34,0,73,6,0,6,79
08/20/2023,LFT,LA,ASW,CE,Combined TRACON& Tower with Radar,18,6,22,2,48,0,14,26,8,48,18,20,48,10,96,29,0,29,125
08/21/2023,LFT,LA,ASW,CE,Combined TRACON& Tower with Radar,20,11,32,0,63,0,3,27,0,30,20,14,59,0,93,30,0,30,123
08/22/2023,LFT,LA,ASW,CE,Combined TRACON& Tower with Radar,18,13,14,0,45,0,21,45,0,66,18,34,59,0,111,20,0,20,131
08/23/2023,LFT,LA,ASW,CE,Combined TRACON& Tower with Radar,22,12,37,2,73,0,23,36,0,59,22,35,73,2,132,8,0,8,140
08/24/2023,LFT,LA,ASW,CE,Combined TRACON& Tower with Radar,21,10,44,0,75,0,15,53,0,68,21,25,97,0,143,19,0,19,162
08/25/2023,LFT,LA,ASW,CE,Combined TRACON& Tower with Radar,20,8,18,8,54,0,22,45,3,70,20,30,63,11,124,14,0,14,138
08/26/2023,LFT,LA,ASW,CE,Combined TRACON& Tower with Radar,18,5,23,1,47,0,14,22,0,36,18,19,45,1,83,0,0,0,83
08/27/2023,LFT,LA,ASW,CE,Combined TRACON& Tower with Radar,22,13,23,0,58,0,25,27,0,52,22,38,50,0,110,18,0,18,128
08/28/2023,LFT,LA,ASW,CE,Combined TRACON& Tower with Radar,19,6,28,0,53,0,28,25,0,53,19,34,53,0,106,6,0,6,112
08/29/2023,LFT,LA,ASW,CE,Combined TRACON& Tower with Radar,19,9,23,0,51,0,41,22,0,63,19,50,45,0,114,0,0,0,114
08/30/2023,LFT,LA,ASW,CE,Combined TRACON& Tower with Radar,21,8,20,6,55,0,27,51,0,78,21,35,71,6,133,4,0,4,137
08/31/2023,LFT,LA,ASW,CE,Combined TRACON& Tower with Radar,22,9,32,0,63,0,33,43,0,76,22,42,75,0,139,6,0,6,145
