01/01/2020,LGB,CA,AWP,WE,Towers with Radar,94,7,22,0,123,0,1,120,1,122,94,8,142,1,245,102,0,102,347
01/02/2020,LGB,CA,AWP,WE,Towers with Radar,102,8,58,0,168,0,7,212,0,219,102,15,270,0,387,465,0,465,852
01/03/2020,LGB,CA,AWP,WE,Towers with Radar,96,6,74,0,176,0,18,233,0,251,96,24,307,0,427,355,0,355,782
01/04/2020,LGB,CA,AWP,WE,Towers with Radar,96,7,51,0,154,0,3,210,0,213,96,10,261,0,367,305,0,305,672
01/05/2020,LGB,CA,AWP,WE,Towers with Radar,96,10,47,1,154,0,0,171,1,172,96,10,218,2,326,206,0,206,532
01/06/2020,LGB,CA,AWP,WE,Towers with Radar,97,8,63,0,168,0,11,205,0,216,97,19,268,0,384,496,0,496,880
01/07/2020,LGB,CA,AWP,WE,Towers with Radar,92,8,77,1,178,0,13,225,2,240,92,21,302,3,418,496,0,496,914
01/08/2020,LGB,CA,AWP,WE,Towers with Radar,95,4,82,1,182,0,9,218,1,228,95,13,300,2,410,535,0,535,945
01/09/2020,LGB,CA,AWP,WE,Towers with Radar,94,10,63,2,169,0,9,216,0,225,94,19,279,2,394,434,0,434,828
01/10/2020,LGB,CA,AWP,WE,Towers with Radar,94,3,81,2,180,0,10,284,0,294,94,13,365,2,474,497,0,497,971
01/11/2020,LGB,CA,AWP,WE,Towers with Radar,88,8,46,1,143,0,1,277,0,278,88,9,323,1,421,438,0,438,859
01/12/2020,LGB,CA,AWP,WE,Towers with Radar,93,7,57,0,157,0,0,170,0,170,93,7,227,0,327,259,0,259,586
01/13/2020,LGB,CA,AWP,WE,Towers with Radar,94,3,53,0,150,0,14,197,0,211,94,17,250,0,361,540,0,540,901
01/14/2020,LGB,CA,AWP,WE,Towers with Radar,90,5,87,3,185,0,11,224,1,236,90,16,311,4,421,554,0,554,975
01/15/2020,LGB,CA,AWP,WE,Towers with Radar,94,4,85,1,184,0,19,229,1,249,94,23,314,2,433,502,0,502,935
01/16/2020,LGB,CA,AWP,WE,Towers with Radar,95,9,70,1,175,0,9,94,1,104,95,18,164,2,279,311,0,311,590
01/17/2020,LGB,CA,AWP,WE,Towers with Radar,98,11,68,1,178,0,7,250,1,258,98,18,318,2,436,457,0,457,893
01/18/2020,LGB,CA,AWP,WE,Towers with Radar,89,8,64,6,167,0,4,226,1,231,89,12,290,7,398,501,0,501,899
01/19/2020,LGB,CA,AWP,WE,Towers with Radar,95,8,56,6,165,0,0,174,0,174,95,8,230,6,339,463,0,463,802
01/20/2020,LGB,CA,AWP,WE,Towers with Radar,95,11,73,4,183,0,17,217,0,234,95,28,290,4,417,424,0,424,841
01/21/2020,LGB,CA,AWP,WE,Towers with Radar,90,10,67,2,169,0,17,219,2,238,90,27,286,4,407,500,0,500,907
01/22/2020,LGB,CA,AWP,WE,Towers with Radar,94,16,63,0,173,0,13,267,0,280,94,29,330,0,453,481,0,481,934
01/23/2020,LGB,CA,AWP,WE,Towers with Radar,94,9,89,0,192,0,12,292,0,304,94,21,381,0,496,332,0,332,828
01/24/2020,LGB,CA,AWP,WE,Towers with Radar,94,13,73,0,180,0,15,213,0,228,94,28,286,0,408,327,0,327,735
01/25/2020,LGB,CA,AWP,WE,Towers with Radar,90,17,42,0,149,0,1,145,1,147,90,18,187,1,296,259,0,259,555
01/26/2020,LGB,CA,AWP,WE,Towers with Radar,93,13,58,0,164,0,0,59,0,59,93,13,117,0,223,256,0,256,479
01/27/2020,LGB,CA,AWP,WE,Towers with Radar,94,12,74,1,181,0,11,188,2,201,94,23,262,3,382,344,0,344,726
01/28/2020,LGB,CA,AWP,WE,Towers with Radar,95,7,77,1,180,0,10,268,2,280,95,17,345,3,460,488,0,488,948
01/29/2020,LGB,CA,AWP,WE,Towers with Radar,95,10,97,0,202,0,38,266,1,305,95,48,363,1,507,538,0,538,1045
01/30/2020,LGB,CA,AWP,WE,Towers with Radar,95,17,99,2,213,0,13,291,0,304,95,30,390,2,517,531,0,531,1048
01/31/2020,LGB,CA,AWP,WE,Towers with Radar,96,7,78,0,181,0,16,291,0,307,96,23,369,0,488,547,0,547,1035
02/01/2020,LGB,CA,AWP,WE,Towers with Radar,90,11,51,0,152,0,3,225,0,228,90,14,276,0,380,390,0,390,770
02/02/2020,LGB,CA,AWP,WE,Towers with Radar,99,11,32,2,144,0,0,96,0,96,99,11,128,2,240,195,0,195,435
02/03/2020,LGB,CA,AWP,WE,Towers with Radar,98,13,43,0,154,1,2,128,0,131,99,15,171,0,285,52,0,52,337
02/04/2020,LGB,CA,AWP,WE,Towers with Radar,91,17,59,0,167,0,18,176,0,194,91,35,235,0,361,443,0,443,804
02/05/2020,LGB,CA,AWP,WE,Towers with Radar,96,16,75,1,188,0,20,295,0,315,96,36,370,1,503,669,0,669,1172
02/06/2020,LGB,CA,AWP,WE,Towers with Radar,96,16,58,1,171,0,7,317,1,325,96,23,375,2,496,621,0,621,1117
02/07/2020,LGB,CA,AWP,WE,Towers with Radar,96,8,73,0,177,0,17,264,0,281,96,25,337,0,458,416,0,416,874
02/08/2020,LGB,CA,AWP,WE,Towers with Radar,96,6,47,0,149,0,4,179,0,183,96,10,226,0,332,302,0,302,634
02/09/2020,LGB,CA,AWP,WE,Towers with Radar,93,5,32,0,130,0,0,22,0,22,93,5,54,0,152,13,0,13,165
02/10/2020,LGB,CA,AWP,WE,Towers with Radar,98,11,69,0,178,0,14,180,0,194,98,25,249,0,372,493,0,493,865
02/11/2020,LGB,CA,AWP,WE,Towers with Radar,92,3,83,0,178,0,14,277,0,291,92,17,360,0,469,688,0,688,1157
02/12/2020,LGB,CA,AWP,WE,Towers with Radar,99,13,76,4,192,0,13,271,0,284,99,26,347,4,476,617,0,617,1093
02/13/2020,LGB,CA,AWP,WE,Towers with Radar,96,7,79,1,183,0,15,320,2,337,96,22,399,3,520,771,0,771,1291
02/14/2020,LGB,CA,AWP,WE,Towers with Radar,102,13,62,6,183,0,19,257,1,277,102,32,319,7,460,609,0,609,1069
02/15/2020,LGB,CA,AWP,WE,Towers with Radar,94,39,45,5,183,0,2,180,0,182,94,41,225,5,365,454,0,454,819
02/16/2020,LGB,CA,AWP,WE,Towers with Radar,98,20,61,2,181,0,3,186,0,189,98,23,247,2,370,428,0,428,798
02/17/2020,LGB,CA,AWP,WE,Towers with Radar,99,22,59,5,185,0,10,180,1,191,99,32,239,6,376,422,0,422,798
02/18/2020,LGB,CA,AWP,WE,Towers with Radar,99,20,71,3,193,0,20,153,1,174,99,40,224,4,367,415,0,415,782
02/19/2020,LGB,CA,AWP,WE,Towers with Radar,98,5,84,6,193,0,12,319,1,332,98,17,403,7,525,721,0,721,1246
02/20/2020,LGB,CA,AWP,WE,Towers with Radar,98,8,100,3,209,0,7,333,2,342,98,15,433,5,551,590,0,590,1141
02/21/2020,LGB,CA,AWP,WE,Towers with Radar,99,8,76,0,183,0,11,263,0,274,99,19,339,0,457,544,0,544,1001
02/22/2020,LGB,CA,AWP,WE,Towers with Radar,90,13,29,0,132,0,4,114,0,118,90,17,143,0,250,249,0,249,499
02/23/2020,LGB,CA,AWP,WE,Towers with Radar,99,8,60,2,169,0,25,189,2,216,99,33,249,4,385,505,0,505,890
02/24/2020,LGB,CA,AWP,WE,Towers with Radar,100,8,50,1,159,0,21,203,0,224,100,29,253,1,383,670,0,670,1053
02/25/2020,LGB,CA,AWP,WE,Towers with Radar,100,5,65,1,171,0,21,216,1,238,100,26,281,2,409,665,0,665,1074
02/26/2020,LGB,CA,AWP,WE,Towers with Radar,98,6,84,2,190,0,9,249,0,258,98,15,333,2,448,622,0,622,1070
02/27/2020,LGB,CA,AWP,WE,Towers with Radar,98,9,78,0,185,0,15,266,3,284,98,24,344,3,469,503,0,503,972
02/28/2020,LGB,CA,AWP,WE,Towers with Radar,104,9,89,3,205,0,15,290,1,306,104,24,379,4,511,594,0,594,1105
02/29/2020,LGB,CA,AWP,WE,Towers with Radar,89,1,57,1,148,0,2,240,0,242,89,3,297,1,390,367,0,367,757
03/01/2020,LGB,CA,AWP,WE,Towers with Radar,98,1,34,1,134,0,0,75,0,75,98,1,109,1,209,206,0,206,415
03/02/2020,LGB,CA,AWP,WE,Towers with Radar,99,6,63,2,170,0,18,209,3,230,99,24,272,5,400,483,0,483,883
03/03/2020,LGB,CA,AWP,WE,Towers with Radar,97,14,83,3,197,0,13,286,1,300,97,27,369,4,497,604,0,604,1101
03/04/2020,LGB,CA,AWP,WE,Towers with Radar,99,13,88,3,203,0,16,280,0,296,99,29,368,3,499,660,0,660,1159
03/05/2020,LGB,CA,AWP,WE,Towers with Radar,97,7,108,0,212,0,9,252,0,261,97,16,360,0,473,719,0,719,1192
03/06/2020,LGB,CA,AWP,WE,Towers with Radar,102,17,86,2,207,0,15,209,0,224,102,32,295,2,431,515,0,515,946
03/07/2020,LGB,CA,AWP,WE,Towers with Radar,94,7,78,0,179,0,2,192,0,194,94,9,270,0,373,409,0,409,782
03/08/2020,LGB,CA,AWP,WE,Towers with Radar,98,15,53,2,168,0,1,178,0,179,98,16,231,2,347,384,0,384,731
03/09/2020,LGB,CA,AWP,WE,Towers with Radar,96,7,91,0,194,0,20,208,0,228,96,27,299,0,422,612,0,612,1034
03/10/2020,LGB,CA,AWP,WE,Towers with Radar,92,10,29,3,134,0,2,63,2,67,92,12,92,5,201,103,0,103,304
03/11/2020,LGB,CA,AWP,WE,Towers with Radar,87,3,97,3,190,0,22,262,0,284,87,25,359,3,474,756,0,756,1230
03/12/2020,LGB,CA,AWP,WE,Towers with Radar,97,7,31,1,136,0,7,93,0,100,97,14,124,1,236,127,0,127,363
03/13/2020,LGB,CA,AWP,WE,Towers with Radar,96,14,39,2,151,0,9,101,0,110,96,23,140,2,261,221,0,221,482
03/14/2020,LGB,CA,AWP,WE,Towers with Radar,88,5,64,0,157,0,3,143,0,146,88,8,207,0,303,360,0,360,663
03/15/2020,LGB,CA,AWP,WE,Towers with Radar,96,1,48,0,145,0,0,135,0,135,96,1,183,0,280,371,0,371,651
03/16/2020,LGB,CA,AWP,WE,Towers with Radar,96,6,44,0,146,0,9,70,1,80,96,15,114,1,226,273,0,273,499
03/17/2020,LGB,CA,AWP,WE,Towers with Radar,96,2,79,0,177,0,16,217,0,233,96,18,296,0,410,638,0,638,1048
03/18/2020,LGB,CA,AWP,WE,Towers with Radar,79,3,46,1,129,0,12,260,0,272,79,15,306,1,401,348,0,348,749
03/19/2020,LGB,CA,AWP,WE,Towers with Radar,85,3,37,0,125,0,13,156,0,169,85,16,193,0,294,539,0,539,833
03/20/2020,LGB,CA,AWP,WE,Towers with Radar,83,7,22,0,112,0,16,111,0,127,83,23,133,0,239,174,0,174,413
03/21/2020,LGB,CA,AWP,WE,Towers with Radar,76,1,44,2,123,0,1,127,0,128,76,2,171,2,251,227,0,227,478
03/22/2020,LGB,CA,AWP,WE,Towers with Radar,73,3,14,0,90,0,1,43,0,44,73,4,57,0,134,96,0,96,230
03/23/2020,LGB,CA,AWP,WE,Towers with Radar,61,1,30,1,93,0,7,92,0,99,61,8,122,1,192,333,0,333,525
03/24/2020,LGB,CA,AWP,WE,Towers with Radar,58,4,37,0,99,0,7,120,0,127,58,11,157,0,226,286,0,286,512
03/25/2020,LGB,CA,AWP,WE,Towers with Radar,61,1,30,4,96,0,7,120,0,127,61,8,150,4,223,298,0,298,521
03/26/2020,LGB,CA,AWP,WE,Towers with Radar,49,2,35,3,89,0,5,78,3,86,49,7,113,6,175,170,0,170,345
03/27/2020,LGB,CA,AWP,WE,Towers with Radar,48,2,36,2,88,0,7,126,3,136,48,9,162,5,224,208,0,208,432
03/28/2020,LGB,CA,AWP,WE,Towers with Radar,36,1,33,2,72,0,8,104,0,112,36,9,137,2,184,166,0,166,350
03/29/2020,LGB,CA,AWP,WE,Towers with Radar,43,2,7,0,52,0,0,74,0,74,43,2,81,0,126,152,0,152,278
03/30/2020,LGB,CA,AWP,WE,Towers with Radar,28,6,42,3,79,0,7,114,6,127,28,13,156,9,206,254,2,256,462
03/31/2020,LGB,CA,AWP,WE,Towers with Radar,47,5,30,2,84,0,10,152,0,162,47,15,182,2,246,446,0,446,692
04/01/2020,LGB,CA,AWP,WE,Towers with Radar,31,2,29,1,63,0,10,127,1,138,31,12,156,2,201,318,0,318,519
04/02/2020,LGB,CA,AWP,WE,Towers with Radar,31,3,46,0,80,0,5,115,1,121,31,8,161,1,201,254,0,254,455
04/03/2020,LGB,CA,AWP,WE,Towers with Radar,27,3,40,2,72,0,6,154,0,160,27,9,194,2,232,252,0,252,484
04/04/2020,LGB,CA,AWP,WE,Towers with Radar,28,3,30,7,68,0,2,156,0,158,28,5,186,7,226,227,0,227,453
04/05/2020,LGB,CA,AWP,WE,Towers with Radar,28,1,17,2,48,0,0,74,0,74,28,1,91,2,122,116,0,116,238
04/06/2020,LGB,CA,AWP,WE,Towers with Radar,23,5,13,0,41,0,5,50,0,55,23,10,63,0,96,63,0,63,159
04/07/2020,LGB,CA,AWP,WE,Towers with Radar,17,6,26,2,51,0,5,81,0,86,17,11,107,2,137,168,0,168,305
04/08/2020,LGB,CA,AWP,WE,Towers with Radar,25,3,30,3,61,0,6,109,6,121,25,9,139,9,182,315,0,315,497
04/09/2020,LGB,CA,AWP,WE,Towers with Radar,24,4,8,0,36,0,3,12,0,15,24,7,20,0,51,164,0,164,215
04/10/2020,LGB,CA,AWP,WE,Towers with Radar,21,4,17,0,42,0,5,83,0,88,21,9,100,0,130,224,0,224,354
04/11/2020,LGB,CA,AWP,WE,Towers with Radar,21,1,35,0,57,0,2,103,0,105,21,3,138,0,162,182,0,182,344
04/12/2020,LGB,CA,AWP,WE,Towers with Radar,23,0,15,0,38,0,0,40,0,40,23,0,55,0,78,87,0,87,165
04/13/2020,LGB,CA,AWP,WE,Towers with Radar,16,4,58,1,79,0,7,115,1,123,16,11,173,2,202,259,0,259,461
04/14/2020,LGB,CA,AWP,WE,Towers with Radar,18,3,62,0,83,0,8,177,0,185,18,11,239,0,268,415,0,415,683
04/15/2020,LGB,CA,AWP,WE,Towers with Radar,17,0,56,0,73,0,4,163,0,167,17,4,219,0,240,320,0,320,560
04/16/2020,LGB,CA,AWP,WE,Towers with Radar,16,3,42,0,61,0,4,117,0,121,16,7,159,0,182,173,0,173,355
04/17/2020,LGB,CA,AWP,WE,Towers with Radar,14,1,30,0,45,0,5,97,0,102,14,6,127,0,147,213,0,213,360
04/18/2020,LGB,CA,AWP,WE,Towers with Radar,20,3,37,0,60,0,5,91,0,96,20,8,128,0,156,175,0,175,331
04/19/2020,LGB,CA,AWP,WE,Towers with Radar,16,1,20,4,41,0,2,105,0,107,16,3,125,4,148,214,0,214,362
04/20/2020,LGB,CA,AWP,WE,Towers with Radar,14,7,37,0,58,0,6,112,0,118,14,13,149,0,176,148,0,148,324
04/21/2020,LGB,CA,AWP,WE,Towers with Radar,17,3,49,4,73,0,6,154,3,163,17,9,203,7,236,220,0,220,456
04/22/2020,LGB,CA,AWP,WE,Towers with Radar,15,3,53,3,74,0,6,157,4,167,15,9,210,7,241,202,0,202,443
04/23/2020,LGB,CA,AWP,WE,Towers with Radar,21,2,61,2,86,0,3,145,0,148,21,5,206,2,234,235,0,235,469
04/24/2020,LGB,CA,AWP,WE,Towers with Radar,19,3,46,6,74,0,13,106,0,119,19,16,152,6,193,389,0,389,582
04/25/2020,LGB,CA,AWP,WE,Towers with Radar,14,1,41,2,58,0,4,143,1,148,14,5,184,3,206,154,0,154,360
04/26/2020,LGB,CA,AWP,WE,Towers with Radar,15,1,24,1,41,0,0,88,1,89,15,1,112,2,130,150,0,150,280
04/27/2020,LGB,CA,AWP,WE,Towers with Radar,16,4,42,0,62,0,4,96,0,100,16,8,138,0,162,208,0,208,370
04/28/2020,LGB,CA,AWP,WE,Towers with Radar,19,7,38,0,64,0,6,110,0,116,19,13,148,0,180,303,0,303,483
04/29/2020,LGB,CA,AWP,WE,Towers with Radar,18,11,43,2,74,0,6,70,0,76,18,17,113,2,150,183,0,183,333
04/30/2020,LGB,CA,AWP,WE,Towers with Radar,26,10,53,0,89,0,2,117,0,119,26,12,170,0,208,249,0,249,457
05/01/2020,LGB,CA,AWP,WE,Towers with Radar,18,5,61,0,84,0,10,168,0,178,18,15,229,0,262,289,0,289,551
05/02/2020,LGB,CA,AWP,WE,Towers with Radar,13,4,55,0,72,0,3,122,0,125,13,7,177,0,197,164,0,164,361
05/03/2020,LGB,CA,AWP,WE,Towers with Radar,25,5,37,0,67,0,0,179,0,179,25,5,216,0,246,264,0,264,510
05/04/2020,LGB,CA,AWP,WE,Towers with Radar,20,5,40,1,66,0,9,210,6,225,20,14,250,7,291,364,0,364,655
05/05/2020,LGB,CA,AWP,WE,Towers with Radar,21,2,57,1,81,0,6,210,1,217,21,8,267,2,298,447,0,447,745
05/06/2020,LGB,CA,AWP,WE,Towers with Radar,19,1,64,0,84,0,7,189,0,196,19,8,253,0,280,297,0,297,577
05/07/2020,LGB,CA,AWP,WE,Towers with Radar,20,2,59,0,81,0,7,206,0,213,20,9,265,0,294,385,0,385,679
05/08/2020,LGB,CA,AWP,WE,Towers with Radar,24,5,78,0,107,0,8,205,3,216,24,13,283,3,323,451,0,451,774
05/09/2020,LGB,CA,AWP,WE,Towers with Radar,16,1,35,1,53,0,1,105,1,107,16,2,140,2,160,341,0,341,501
05/10/2020,LGB,CA,AWP,WE,Towers with Radar,20,2,15,0,37,0,0,60,0,60,20,2,75,0,97,160,0,160,257
05/11/2020,LGB,CA,AWP,WE,Towers with Radar,20,4,57,1,82,0,7,156,1,164,20,11,213,2,246,423,0,423,669
05/12/2020,LGB,CA,AWP,WE,Towers with Radar,20,4,55,2,81,0,6,100,0,106,20,10,155,2,187,610,0,610,797
05/13/2020,LGB,CA,AWP,WE,Towers with Radar,18,3,60,1,82,0,14,233,0,247,18,17,293,1,329,550,0,550,879
05/14/2020,LGB,CA,AWP,WE,Towers with Radar,22,8,64,0,94,0,7,224,2,233,22,15,288,2,327,430,0,430,757
05/15/2020,LGB,CA,AWP,WE,Towers with Radar,22,4,48,0,74,0,7,203,0,210,22,11,251,0,284,494,0,494,778
05/16/2020,LGB,CA,AWP,WE,Towers with Radar,16,4,35,2,57,0,2,198,3,203,16,6,233,5,260,314,0,314,574
05/17/2020,LGB,CA,AWP,WE,Towers with Radar,20,3,28,0,51,0,0,137,0,137,20,3,165,0,188,283,0,283,471
05/18/2020,LGB,CA,AWP,WE,Towers with Radar,18,15,48,0,81,0,6,62,1,69,18,21,110,1,150,150,0,150,300
05/19/2020,LGB,CA,AWP,WE,Towers with Radar,23,5,71,2,101,0,10,197,0,207,23,15,268,2,308,347,0,347,655
05/20/2020,LGB,CA,AWP,WE,Towers with Radar,18,15,77,3,113,0,10,254,1,265,18,25,331,4,378,457,0,457,835
05/21/2020,LGB,CA,AWP,WE,Towers with Radar,20,3,84,3,110,0,8,227,0,235,20,11,311,3,345,385,0,385,730
05/22/2020,LGB,CA,AWP,WE,Towers with Radar,22,8,64,0,94,0,9,217,0,226,22,17,281,0,320,333,0,333,653
05/23/2020,LGB,CA,AWP,WE,Towers with Radar,16,2,42,0,60,0,3,134,0,137,16,5,176,0,197,281,0,281,478
05/24/2020,LGB,CA,AWP,WE,Towers with Radar,20,3,29,0,52,0,0,116,0,116,20,3,145,0,168,268,0,268,436
05/25/2020,LGB,CA,AWP,WE,Towers with Radar,16,3,60,0,79,0,0,156,0,156,16,3,216,0,235,409,0,409,644
05/26/2020,LGB,CA,AWP,WE,Towers with Radar,18,5,87,1,111,0,8,174,0,182,18,13,261,1,293,586,0,586,879
05/27/2020,LGB,CA,AWP,WE,Towers with Radar,18,7,93,0,118,0,5,158,0,163,18,12,251,0,281,468,0,468,749
05/28/2020,LGB,CA,AWP,WE,Towers with Radar,20,13,80,0,113,0,7,151,0,158,20,20,231,0,271,489,0,489,760
05/29/2020,LGB,CA,AWP,WE,Towers with Radar,21,10,94,2,127,0,0,106,0,106,21,10,200,2,233,461,0,461,694
05/30/2020,LGB,CA,AWP,WE,Towers with Radar,15,4,30,0,49,0,6,176,0,182,15,10,206,0,231,420,0,420,651
05/31/2020,LGB,CA,AWP,WE,Towers with Radar,21,6,34,0,61,0,0,171,2,173,21,6,205,2,234,280,0,280,514
06/01/2020,LGB,CA,AWP,WE,Towers with Radar,18,1,61,2,82,0,11,168,2,181,18,12,229,4,263,408,0,408,671
06/02/2020,LGB,CA,AWP,WE,Towers with Radar,17,3,73,1,94,0,11,216,0,227,17,14,289,1,321,375,0,375,696
06/03/2020,LGB,CA,AWP,WE,Towers with Radar,18,1,82,2,103,0,3,244,2,249,18,4,326,4,352,564,0,564,916
06/04/2020,LGB,CA,AWP,WE,Towers with Radar,22,15,89,0,126,0,2,77,0,79,22,17,166,0,205,325,0,325,530
06/05/2020,LGB,CA,AWP,WE,Towers with Radar,19,4,85,0,108,0,8,167,0,175,19,12,252,0,283,686,0,686,969
06/06/2020,LGB,CA,AWP,WE,Towers with Radar,19,4,38,0,61,0,1,149,0,150,19,5,187,0,211,359,0,359,570
06/07/2020,LGB,CA,AWP,WE,Towers with Radar,31,2,35,0,68,0,0,143,0,143,31,2,178,0,211,253,0,253,464
06/08/2020,LGB,CA,AWP,WE,Towers with Radar,32,4,59,3,98,0,13,186,0,199,32,17,245,3,297,531,0,531,828
06/09/2020,LGB,CA,AWP,WE,Towers with Radar,26,9,70,0,105,0,5,201,0,206,26,14,271,0,311,278,0,278,589
06/10/2020,LGB,CA,AWP,WE,Towers with Radar,24,10,72,0,106,0,9,241,0,250,24,19,313,0,356,588,0,588,944
06/11/2020,LGB,CA,AWP,WE,Towers with Radar,38,7,79,2,126,0,12,277,1,290,38,19,356,3,416,714,0,714,1130
06/12/2020,LGB,CA,AWP,WE,Towers with Radar,35,8,103,0,146,0,8,241,0,249,35,16,344,0,395,514,0,514,909
06/13/2020,LGB,CA,AWP,WE,Towers with Radar,22,0,53,0,75,0,19,201,0,220,22,19,254,0,295,404,0,404,699
06/14/2020,LGB,CA,AWP,WE,Towers with Radar,32,5,28,0,65,0,0,139,0,139,32,5,167,0,204,241,0,241,445
06/15/2020,LGB,CA,AWP,WE,Towers with Radar,34,10,68,0,112,0,10,189,0,199,34,20,257,0,311,468,0,468,779
06/16/2020,LGB,CA,AWP,WE,Towers with Radar,25,3,87,3,118,0,7,223,2,232,25,10,310,5,350,580,0,580,930
06/17/2020,LGB,CA,AWP,WE,Towers with Radar,24,2,114,0,140,0,22,187,0,209,24,24,301,0,349,787,0,787,1136
06/18/2020,LGB,CA,AWP,WE,Towers with Radar,37,5,72,1,115,0,7,123,0,130,37,12,195,1,245,613,0,613,858
06/19/2020,LGB,CA,AWP,WE,Towers with Radar,34,2,86,5,127,0,12,167,0,179,34,14,253,5,306,465,0,465,771
06/20/2020,LGB,CA,AWP,WE,Towers with Radar,22,3,71,3,99,0,5,129,0,134,22,8,200,3,233,368,0,368,601
06/21/2020,LGB,CA,AWP,WE,Towers with Radar,29,1,36,0,66,0,0,125,0,125,29,1,161,0,191,265,0,265,456
06/22/2020,LGB,CA,AWP,WE,Towers with Radar,34,10,57,2,103,0,12,221,0,233,34,22,278,2,336,352,0,352,688
06/23/2020,LGB,CA,AWP,WE,Towers with Radar,24,16,95,2,137,0,12,154,0,166,24,28,249,2,303,364,0,364,667
06/24/2020,LGB,CA,AWP,WE,Towers with Radar,24,6,113,0,143,0,9,152,0,161,24,15,265,0,304,493,0,493,797
06/25/2020,LGB,CA,AWP,WE,Towers with Radar,36,13,84,1,134,0,9,202,1,212,36,22,286,2,346,371,0,371,717
06/26/2020,LGB,CA,AWP,WE,Towers with Radar,34,10,73,4,121,0,8,158,0,166,34,18,231,4,287,416,0,416,703
06/27/2020,LGB,CA,AWP,WE,Towers with Radar,20,10,64,4,98,0,2,165,0,167,20,12,229,4,265,240,0,240,505
06/28/2020,LGB,CA,AWP,WE,Towers with Radar,37,9,39,3,88,0,1,64,0,65,37,10,103,3,153,157,0,157,310
06/29/2020,LGB,CA,AWP,WE,Towers with Radar,33,18,71,1,123,0,14,186,0,200,33,32,257,1,323,471,0,471,794
06/30/2020,LGB,CA,AWP,WE,Towers with Radar,30,12,68,0,110,0,14,234,0,248,30,26,302,0,358,512,0,512,870
07/01/2020,LGB,CA,AWP,WE,Towers with Radar,34,12,88,0,134,0,15,175,0,190,34,27,263,0,324,439,0,439,763
07/02/2020,LGB,CA,AWP,WE,Towers with Radar,40,5,81,0,126,0,16,225,0,241,40,21,306,0,367,457,0,457,824
07/03/2020,LGB,CA,AWP,WE,Towers with Radar,37,7,75,2,121,0,18,246,0,264,37,25,321,2,385,400,0,400,785
07/04/2020,LGB,CA,AWP,WE,Towers with Radar,32,2,24,0,58,0,0,150,0,150,32,2,174,0,208,243,0,243,451
07/05/2020,LGB,CA,AWP,WE,Towers with Radar,40,3,36,0,79,0,0,149,0,149,40,3,185,0,228,293,0,293,521
07/06/2020,LGB,CA,AWP,WE,Towers with Radar,36,4,82,0,122,0,9,221,0,230,36,13,303,0,352,455,0,455,807
07/07/2020,LGB,CA,AWP,WE,Towers with Radar,33,13,68,1,115,0,9,193,1,203,33,22,261,2,318,464,0,464,782
07/08/2020,LGB,CA,AWP,WE,Towers with Radar,32,14,105,0,151,0,11,219,0,230,32,25,324,0,381,394,0,394,775
07/09/2020,LGB,CA,AWP,WE,Towers with Radar,42,13,100,0,155,0,12,219,2,233,42,25,319,2,388,448,0,448,836
07/10/2020,LGB,CA,AWP,WE,Towers with Radar,38,7,81,4,130,0,9,191,0,200,38,16,272,4,330,443,0,443,773
07/11/2020,LGB,CA,AWP,WE,Towers with Radar,36,4,38,2,80,0,3,199,0,202,36,7,237,2,282,296,0,296,578
07/12/2020,LGB,CA,AWP,WE,Towers with Radar,39,3,44,0,86,0,0,156,0,156,39,3,200,0,242,256,0,256,498
07/13/2020,LGB,CA,AWP,WE,Towers with Radar,35,8,64,1,108,0,9,177,1,187,35,17,241,2,295,503,0,503,798
07/14/2020,LGB,CA,AWP,WE,Towers with Radar,32,6,83,2,123,0,11,152,3,166,32,17,235,5,289,476,0,476,765
07/15/2020,LGB,CA,AWP,WE,Towers with Radar,32,11,101,1,145,0,9,216,0,225,32,20,317,1,370,591,0,591,961
07/16/2020,LGB,CA,AWP,WE,Towers with Radar,43,11,88,1,143,0,13,173,0,186,43,24,261,1,329,641,0,641,970
07/17/2020,LGB,CA,AWP,WE,Towers with Radar,38,7,96,2,143,0,10,220,2,232,38,17,316,4,375,495,0,495,870
07/18/2020,LGB,CA,AWP,WE,Towers with Radar,37,5,54,4,100,0,3,201,0,204,37,8,255,4,304,340,0,340,644
07/19/2020,LGB,CA,AWP,WE,Towers with Radar,41,5,63,1,110,0,0,211,0,211,41,5,274,1,321,200,0,200,521
07/20/2020,LGB,CA,AWP,WE,Towers with Radar,39,7,59,3,108,0,6,267,2,275,39,13,326,5,383,489,0,489,872
07/21/2020,LGB,CA,AWP,WE,Towers with Radar,32,4,95,4,135,0,10,260,5,275,32,14,355,9,410,703,0,703,1113
07/22/2020,LGB,CA,AWP,WE,Towers with Radar,34,11,96,5,146,0,15,193,2,210,34,26,289,7,356,385,0,385,741
07/23/2020,LGB,CA,AWP,WE,Towers with Radar,43,5,84,2,134,0,11,208,2,221,43,16,292,4,355,708,0,708,1063
07/24/2020,LGB,CA,AWP,WE,Towers with Radar,38,5,89,3,135,0,22,233,5,260,38,27,322,8,395,671,0,671,1066
07/25/2020,LGB,CA,AWP,WE,Towers with Radar,38,0,72,7,117,0,3,252,0,255,38,3,324,7,372,393,0,393,765
07/26/2020,LGB,CA,AWP,WE,Towers with Radar,40,6,78,6,130,0,0,195,3,198,40,6,273,9,328,243,0,243,571
07/27/2020,LGB,CA,AWP,WE,Towers with Radar,40,2,79,1,122,0,15,214,0,229,40,17,293,1,351,566,0,566,917
07/28/2020,LGB,CA,AWP,WE,Towers with Radar,35,6,84,0,125,0,8,230,0,238,35,14,314,0,363,656,0,656,1019
07/29/2020,LGB,CA,AWP,WE,Towers with Radar,34,14,90,2,140,0,15,174,1,190,34,29,264,3,330,643,0,643,973
07/30/2020,LGB,CA,AWP,WE,Towers with Radar,42,13,81,0,136,0,6,228,0,234,42,19,309,0,370,614,0,614,984
07/31/2020,LGB,CA,AWP,WE,Towers with Radar,38,4,84,1,127,0,10,277,0,287,38,14,361,1,414,520,0,520,934
08/01/2020,LGB,CA,AWP,WE,Towers with Radar,38,5,67,0,110,0,3,222,0,225,38,8,289,0,335,331,0,331,666
08/02/2020,LGB,CA,AWP,WE,Towers with Radar,50,5,49,0,104,0,0,130,0,130,50,5,179,0,234,317,0,317,551
08/03/2020,LGB,CA,AWP,WE,Towers with Radar,44,10,83,1,138,0,12,228,0,240,44,22,311,1,378,411,0,411,789
08/04/2020,LGB,CA,AWP,WE,Towers with Radar,34,4,77,0,115,0,6,138,0,144,34,10,215,0,259,657,0,657,916
08/05/2020,LGB,CA,AWP,WE,Towers with Radar,33,6,106,0,145,0,26,260,0,286,33,32,366,0,431,731,0,731,1162
08/06/2020,LGB,CA,AWP,WE,Towers with Radar,50,12,90,2,154,0,36,245,0,281,50,48,335,2,435,790,0,790,1225
08/07/2020,LGB,CA,AWP,WE,Towers with Radar,43,8,72,0,123,0,18,294,0,312,43,26,366,0,435,553,0,553,988
08/08/2020,LGB,CA,AWP,WE,Towers with Radar,36,9,50,0,95,0,1,208,0,209,36,10,258,0,304,507,0,507,811
08/09/2020,LGB,CA,AWP,WE,Towers with Radar,48,11,46,0,105,0,0,192,1,193,48,11,238,1,298,390,0,390,688
08/10/2020,LGB,CA,AWP,WE,Towers with Radar,39,14,89,1,143,0,13,189,0,202,39,27,278,1,345,445,0,445,790
08/11/2020,LGB,CA,AWP,WE,Towers with Radar,28,10,73,2,113,0,24,248,0,272,28,34,321,2,385,628,0,628,1013
08/12/2020,LGB,CA,AWP,WE,Towers with Radar,25,9,89,2,125,0,16,331,2,349,25,25,420,4,474,645,0,645,1119
08/13/2020,LGB,CA,AWP,WE,Towers with Radar,36,14,87,0,137,0,22,285,0,307,36,36,372,0,444,629,0,629,1073
08/14/2020,LGB,CA,AWP,WE,Towers with Radar,26,9,95,6,136,0,22,296,0,318,26,31,391,6,454,603,0,603,1057
08/15/2020,LGB,CA,AWP,WE,Towers with Radar,22,6,39,2,69,0,2,213,8,223,22,8,252,10,292,542,0,542,834
08/16/2020,LGB,CA,AWP,WE,Towers with Radar,36,9,65,1,111,0,1,205,5,211,36,10,270,6,322,321,0,321,643
08/17/2020,LGB,CA,AWP,WE,Towers with Radar,26,12,71,2,111,0,18,232,0,250,26,30,303,2,361,592,0,592,953
08/18/2020,LGB,CA,AWP,WE,Towers with Radar,26,9,83,5,123,0,12,219,2,233,26,21,302,7,356,617,0,617,973
08/19/2020,LGB,CA,AWP,WE,Towers with Radar,24,10,77,2,113,0,13,265,0,278,24,23,342,2,391,699,0,699,1090
08/20/2020,LGB,CA,AWP,WE,Towers with Radar,35,8,92,1,136,0,12,245,2,259,35,20,337,3,395,729,0,729,1124
08/21/2020,LGB,CA,AWP,WE,Towers with Radar,26,10,75,9,120,0,17,230,1,248,26,27,305,10,368,764,0,764,1132
08/22/2020,LGB,CA,AWP,WE,Towers with Radar,22,4,42,11,79,0,6,182,0,188,22,10,224,11,267,512,0,512,779
08/23/2020,LGB,CA,AWP,WE,Towers with Radar,32,10,54,8,104,0,0,166,0,166,32,10,220,8,270,318,0,318,588
08/24/2020,LGB,CA,AWP,WE,Towers with Radar,26,16,87,0,129,0,18,188,0,206,26,34,275,0,335,457,0,457,792
08/25/2020,LGB,CA,AWP,WE,Towers with Radar,24,11,90,3,128,0,18,239,0,257,24,29,329,3,385,667,0,667,1052
08/26/2020,LGB,CA,AWP,WE,Towers with Radar,24,12,79,0,115,0,19,257,0,276,24,31,336,0,391,651,0,651,1042
08/27/2020,LGB,CA,AWP,WE,Towers with Radar,34,13,94,0,141,0,15,246,0,261,34,28,340,0,402,707,0,707,1109
08/28/2020,LGB,CA,AWP,WE,Towers with Radar,26,7,83,0,116,0,8,256,0,264,26,15,339,0,380,589,0,589,969
08/29/2020,LGB,CA,AWP,WE,Towers with Radar,22,6,62,2,92,0,3,217,0,220,22,9,279,2,312,382,0,382,694
08/30/2020,LGB,CA,AWP,WE,Towers with Radar,33,8,66,3,110,0,2,198,0,200,33,10,264,3,310,289,0,289,599
08/31/2020,LGB,CA,AWP,WE,Towers with Radar,29,8,60,1,98,0,25,214,2,241,29,33,274,3,339,720,0,720,1059
09/01/2020,LGB,CA,AWP,WE,Towers with Radar,22,9,69,1,101,0,23,237,0,260,22,32,306,1,361,684,0,684,1045
09/02/2020,LGB,CA,AWP,WE,Towers with Radar,22,8,62,0,92,0,23,292,0,315,22,31,354,0,407,810,0,810,1217
09/03/2020,LGB,CA,AWP,WE,Towers with Radar,32,18,96,2,148,0,24,265,1,290,32,42,361,3,438,628,0,628,1066
09/04/2020,LGB,CA,AWP,WE,Towers with Radar,26,15,85,0,126,0,20,287,0,307,26,35,372,0,433,709,0,709,1142
09/05/2020,LGB,CA,AWP,WE,Towers with Radar,19,6,34,0,59,0,4,225,0,229,19,10,259,0,288,360,0,360,648
09/06/2020,LGB,CA,AWP,WE,Towers with Radar,42,5,31,0,78,0,0,154,1,155,42,5,185,1,233,189,0,189,422
09/07/2020,LGB,CA,AWP,WE,Towers with Radar,38,8,68,1,115,0,0,34,0,34,38,8,102,1,149,58,0,58,207
09/08/2020,LGB,CA,AWP,WE,Towers with Radar,33,2,80,0,115,0,19,155,0,174,33,21,235,0,289,872,0,872,1161
09/09/2020,LGB,CA,AWP,WE,Towers with Radar,33,14,98,0,145,0,16,201,0,217,33,30,299,0,362,782,0,782,1144
09/10/2020,LGB,CA,AWP,WE,Towers with Radar,48,5,78,1,132,0,11,205,8,224,48,16,283,9,356,467,0,467,823
09/11/2020,LGB,CA,AWP,WE,Towers with Radar,40,7,74,2,123,0,16,202,1,219,40,23,276,3,342,677,0,677,1019
09/12/2020,LGB,CA,AWP,WE,Towers with Radar,34,7,56,6,103,0,1,127,0,128,34,8,183,6,231,413,0,413,644
09/13/2020,LGB,CA,AWP,WE,Towers with Radar,48,11,53,2,114,0,0,120,0,120,48,11,173,2,234,192,0,192,426
09/14/2020,LGB,CA,AWP,WE,Towers with Radar,40,15,91,1,147,0,19,165,0,184,40,34,256,1,331,615,0,615,946
09/15/2020,LGB,CA,AWP,WE,Towers with Radar,38,13,69,3,123,0,11,161,2,174,38,24,230,5,297,554,0,554,851
09/16/2020,LGB,CA,AWP,WE,Towers with Radar,37,21,93,3,154,0,10,218,0,228,37,31,311,3,382,523,2,525,907
09/17/2020,LGB,CA,AWP,WE,Towers with Radar,46,19,99,0,164,0,10,270,2,282,46,29,369,2,446,685,0,685,1131
09/18/2020,LGB,CA,AWP,WE,Towers with Radar,40,12,72,2,126,0,11,272,0,283,40,23,344,2,409,582,0,582,991
09/19/2020,LGB,CA,AWP,WE,Towers with Radar,34,3,45,0,82,0,3,256,0,259,34,6,301,0,341,453,0,453,794
09/20/2020,LGB,CA,AWP,WE,Towers with Radar,44,7,62,0,113,0,0,198,0,198,44,7,260,0,311,250,0,250,561
09/21/2020,LGB,CA,AWP,WE,Towers with Radar,40,10,66,0,116,0,13,252,0,265,40,23,318,0,381,504,0,504,885
09/22/2020,LGB,CA,AWP,WE,Towers with Radar,36,6,68,2,112,0,16,364,0,380,36,22,432,2,492,613,0,613,1105
09/23/2020,LGB,CA,AWP,WE,Towers with Radar,37,18,69,0,124,0,22,300,0,322,37,40,369,0,446,515,0,515,961
09/24/2020,LGB,CA,AWP,WE,Towers with Radar,46,7,73,1,127,0,16,251,1,268,46,23,324,2,395,469,0,469,864
09/25/2020,LGB,CA,AWP,WE,Towers with Radar,40,16,80,2,138,0,12,241,0,253,40,28,321,2,391,498,0,498,889
09/26/2020,LGB,CA,AWP,WE,Towers with Radar,31,9,53,3,96,0,4,183,1,188,31,13,236,4,284,305,0,305,589
09/27/2020,LGB,CA,AWP,WE,Towers with Radar,45,9,60,1,115,0,0,169,1,170,45,9,229,2,285,260,0,260,545
09/28/2020,LGB,CA,AWP,WE,Towers with Radar,40,13,77,0,130,0,12,179,1,192,40,25,256,1,322,412,0,412,734
09/29/2020,LGB,CA,AWP,WE,Towers with Radar,36,9,73,1,119,0,12,192,0,204,36,21,265,1,323,447,0,447,770
09/30/2020,LGB,CA,AWP,WE,Towers with Radar,35,12,76,2,125,0,18,230,1,249,35,30,306,3,374,502,0,502,876
10/01/2020,LGB,CA,AWP,WE,Towers with Radar,46,13,66,0,125,0,13,253,0,266,46,26,319,0,391,540,0,540,931
10/02/2020,LGB,CA,AWP,WE,Towers with Radar,43,7,79,1,130,0,13,279,0,292,43,20,358,1,422,496,0,496,918
10/03/2020,LGB,CA,AWP,WE,Towers with Radar,40,3,55,0,98,0,2,197,0,199,40,5,252,0,297,345,0,345,642
10/04/2020,LGB,CA,AWP,WE,Towers with Radar,44,10,64,0,118,0,2,174,0,176,44,12,238,0,294,362,0,362,656
10/05/2020,LGB,CA,AWP,WE,Towers with Radar,40,14,83,0,137,0,8,173,0,181,40,22,256,0,318,437,0,437,755
10/06/2020,LGB,CA,AWP,WE,Towers with Radar,40,5,79,0,124,0,9,162,1,172,40,14,241,1,296,442,0,442,738
10/07/2020,LGB,CA,AWP,WE,Towers with Radar,36,13,96,0,145,0,8,219,0,227,36,21,315,0,372,433,0,433,805
10/08/2020,LGB,CA,AWP,WE,Towers with Radar,37,8,81,0,126,0,15,209,0,224,37,23,290,0,350,611,0,611,961
10/09/2020,LGB,CA,AWP,WE,Towers with Radar,36,5,82,0,123,0,13,187,0,200,36,18,269,0,323,709,0,709,1032
10/10/2020,LGB,CA,AWP,WE,Towers with Radar,35,4,58,1,98,0,3,281,0,284,35,7,339,1,382,396,0,396,778
10/11/2020,LGB,CA,AWP,WE,Towers with Radar,34,9,53,0,96,0,1,191,0,192,34,10,244,0,288,374,0,374,662
10/12/2020,LGB,CA,AWP,WE,Towers with Radar,36,5,64,0,105,0,11,217,0,228,36,16,281,0,333,536,0,536,869
10/13/2020,LGB,CA,AWP,WE,Towers with Radar,36,10,68,0,114,0,25,282,0,307,36,35,350,0,421,490,0,490,911
10/14/2020,LGB,CA,AWP,WE,Towers with Radar,38,6,97,0,141,0,12,267,0,279,38,18,364,0,420,532,0,532,952
10/15/2020,LGB,CA,AWP,WE,Towers with Radar,36,17,72,0,125,0,12,199,2,213,36,29,271,2,338,607,0,607,945
10/16/2020,LGB,CA,AWP,WE,Towers with Radar,38,8,78,0,124,0,16,210,0,226,38,24,288,0,350,389,0,389,739
10/17/2020,LGB,CA,AWP,WE,Towers with Radar,36,10,58,0,104,0,1,216,0,217,36,11,274,0,321,360,0,360,681
10/18/2020,LGB,CA,AWP,WE,Towers with Radar,33,23,45,1,102,0,0,86,0,86,33,23,131,1,188,68,0,68,256
10/19/2020,LGB,CA,AWP,WE,Towers with Radar,36,11,53,4,104,0,10,160,0,170,36,21,213,4,274,543,0,543,817
10/20/2020,LGB,CA,AWP,WE,Towers with Radar,37,5,72,0,114,0,14,214,0,228,37,19,286,0,342,551,0,551,893
10/21/2020,LGB,CA,AWP,WE,Towers with Radar,38,6,110,1,155,0,11,115,1,127,38,17,225,2,282,459,0,459,741
10/22/2020,LGB,CA,AWP,WE,Towers with Radar,36,14,79,1,130,0,14,239,2,255,36,28,318,3,385,681,0,681,1066
10/23/2020,LGB,CA,AWP,WE,Towers with Radar,36,16,83,3,138,0,18,175,2,195,36,34,258,5,333,610,0,610,943
10/24/2020,LGB,CA,AWP,WE,Towers with Radar,36,10,52,2,100,0,4,212,1,217,36,14,264,3,317,369,0,369,686
10/25/2020,LGB,CA,AWP,WE,Towers with Radar,37,7,63,0,107,0,0,113,0,113,37,7,176,0,220,266,0,266,486
10/26/2020,LGB,CA,AWP,WE,Towers with Radar,38,9,40,2,89,0,11,58,1,70,38,20,98,3,159,148,0,148,307
10/27/2020,LGB,CA,AWP,WE,Towers with Radar,37,10,78,3,128,0,50,148,1,199,37,60,226,4,327,503,0,503,830
10/28/2020,LGB,CA,AWP,WE,Towers with Radar,36,8,67,0,111,0,13,218,0,231,36,21,285,0,342,543,0,543,885
10/29/2020,LGB,CA,AWP,WE,Towers with Radar,38,18,109,3,168,0,14,224,1,239,38,32,333,4,407,428,0,428,835
10/30/2020,LGB,CA,AWP,WE,Towers with Radar,37,10,79,1,127,0,10,231,1,242,37,20,310,2,369,435,0,435,804
10/31/2020,LGB,CA,AWP,WE,Towers with Radar,33,5,57,0,95,0,6,210,0,216,33,11,267,0,311,389,0,389,700
11/01/2020,LGB,CA,AWP,WE,Towers with Radar,33,9,47,0,89,0,0,163,0,163,33,9,210,0,252,328,0,328,580
11/02/2020,LGB,CA,AWP,WE,Towers with Radar,36,15,82,2,135,0,16,191,0,207,36,31,273,2,342,429,0,429,771
11/03/2020,LGB,CA,AWP,WE,Towers with Radar,36,13,70,0,119,0,11,178,0,189,36,24,248,0,308,461,0,461,769
11/04/2020,LGB,CA,AWP,WE,Towers with Radar,41,14,105,0,160,0,6,198,0,204,41,20,303,0,364,480,0,480,844
11/05/2020,LGB,CA,AWP,WE,Towers with Radar,42,6,100,4,152,0,16,240,0,256,42,22,340,4,408,646,0,646,1054
11/06/2020,LGB,CA,AWP,WE,Towers with Radar,41,8,79,5,133,0,8,97,2,107,41,16,176,7,240,170,0,170,410
11/07/2020,LGB,CA,AWP,WE,Towers with Radar,40,5,22,0,67,0,2,63,0,65,40,7,85,0,132,125,0,125,257
11/08/2020,LGB,CA,AWP,WE,Towers with Radar,46,5,27,0,78,0,0,56,0,56,46,5,83,0,134,95,0,95,229
11/09/2020,LGB,CA,AWP,WE,Towers with Radar,42,6,80,2,130,0,21,213,4,238,42,27,293,6,368,516,0,516,884
11/10/2020,LGB,CA,AWP,WE,Towers with Radar,42,7,92,3,144,0,16,274,1,291,42,23,366,4,435,678,2,680,1115
11/11/2020,LGB,CA,AWP,WE,Towers with Radar,42,6,83,3,134,0,7,301,0,308,42,13,384,3,442,648,0,648,1090
11/12/2020,LGB,CA,AWP,WE,Towers with Radar,42,10,94,0,146,0,16,253,2,271,42,26,347,2,417,442,0,442,859
11/13/2020,LGB,CA,AWP,WE,Towers with Radar,42,8,79,1,130,0,15,277,0,292,42,23,356,1,422,539,0,539,961
11/14/2020,LGB,CA,AWP,WE,Towers with Radar,40,8,58,2,108,0,1,213,0,214,40,9,271,2,322,459,0,459,781
11/15/2020,LGB,CA,AWP,WE,Towers with Radar,40,4,60,1,105,0,0,216,0,216,40,4,276,1,321,514,0,514,835
11/16/2020,LGB,CA,AWP,WE,Towers with Radar,42,14,84,2,142,0,11,198,0,209,42,25,282,2,351,536,0,536,887
11/17/2020,LGB,CA,AWP,WE,Towers with Radar,40,13,79,1,133,0,8,244,0,252,40,21,323,1,385,665,0,665,1050
11/18/2020,LGB,CA,AWP,WE,Towers with Radar,42,8,76,2,128,0,16,213,0,229,42,24,289,2,357,666,0,666,1023
11/19/2020,LGB,CA,AWP,WE,Towers with Radar,42,17,77,1,137,0,12,241,0,253,42,29,318,1,390,571,0,571,961
11/20/2020,LGB,CA,AWP,WE,Towers with Radar,48,13,99,6,166,0,14,266,0,280,48,27,365,6,446,594,0,594,1040
11/21/2020,LGB,CA,AWP,WE,Towers with Radar,44,9,70,1,124,0,1,219,0,220,44,10,289,1,344,346,0,346,690
11/22/2020,LGB,CA,AWP,WE,Towers with Radar,40,6,39,0,85,0,1,140,0,141,40,7,179,0,226,308,0,308,534
11/23/2020,LGB,CA,AWP,WE,Towers with Radar,50,7,73,3,133,0,19,154,2,175,50,26,227,5,308,680,0,680,988
11/24/2020,LGB,CA,AWP,WE,Towers with Radar,48,8,58,1,115,0,9,240,1,250,48,17,298,2,365,644,0,644,1009
11/25/2020,LGB,CA,AWP,WE,Towers with Radar,49,13,84,1,147,0,8,175,0,183,49,21,259,1,330,388,0,388,718
11/26/2020,LGB,CA,AWP,WE,Towers with Radar,38,2,20,0,60,0,0,66,0,66,38,2,86,0,126,195,0,195,321
11/27/2020,LGB,CA,AWP,WE,Towers with Radar,46,4,33,0,83,0,7,144,0,151,46,11,177,0,234,396,0,396,630
11/28/2020,LGB,CA,AWP,WE,Towers with Radar,44,4,55,0,103,0,2,189,0,191,44,6,244,0,294,385,0,385,679
11/29/2020,LGB,CA,AWP,WE,Towers with Radar,49,3,59,0,111,0,0,201,0,201,49,3,260,0,312,434,0,434,746
11/30/2020,LGB,CA,AWP,WE,Towers with Radar,49,4,43,1,97,0,12,177,0,189,49,16,220,1,286,659,0,659,945
12/01/2020,LGB,CA,AWP,WE,Towers with Radar,46,12,80,0,138,0,5,188,2,195,46,17,268,2,333,546,0,546,879
12/02/2020,LGB,CA,AWP,WE,Towers with Radar,44,15,81,1,141,0,19,234,0,253,44,34,315,1,394,665,0,665,1059
12/03/2020,LGB,CA,AWP,WE,Towers with Radar,49,13,33,3,98,0,10,105,0,115,49,23,138,3,213,197,0,197,410
12/04/2020,LGB,CA,AWP,WE,Towers with Radar,45,11,71,1,128,0,12,229,0,241,45,23,300,1,369,531,0,531,900
12/05/2020,LGB,CA,AWP,WE,Towers with Radar,40,2,57,0,99,0,3,219,0,222,40,5,276,0,321,401,0,401,722
12/06/2020,LGB,CA,AWP,WE,Towers with Radar,45,9,56,0,110,0,4,163,0,167,45,13,219,0,277,352,0,352,629
12/07/2020,LGB,CA,AWP,WE,Towers with Radar,45,8,79,0,132,0,15,162,0,177,45,23,241,0,309,450,0,450,759
12/08/2020,LGB,CA,AWP,WE,Towers with Radar,44,2,38,4,88,0,8,219,0,227,44,10,257,4,315,457,0,457,772
12/09/2020,LGB,CA,AWP,WE,Towers with Radar,44,14,90,0,148,0,13,248,0,261,44,27,338,0,409,498,0,498,907
12/10/2020,LGB,CA,AWP,WE,Towers with Radar,46,2,82,7,137,0,10,190,3,203,46,12,272,10,340,529,0,529,869
12/11/2020,LGB,CA,AWP,WE,Towers with Radar,44,3,85,1,133,0,12,194,1,207,44,15,279,2,340,701,0,701,1041
12/12/2020,LGB,CA,AWP,WE,Towers with Radar,42,5,54,0,101,0,3,127,0,130,42,8,181,0,231,494,0,494,725
12/13/2020,LGB,CA,AWP,WE,Towers with Radar,44,4,63,0,111,0,1,189,0,190,44,5,252,0,301,400,0,400,701
12/14/2020,LGB,CA,AWP,WE,Towers with Radar,46,7,50,2,105,0,17,131,0,148,46,24,181,2,253,402,0,402,655
12/15/2020,LGB,CA,AWP,WE,Towers with Radar,46,11,88,0,145,0,14,225,1,240,46,25,313,1,385,554,0,554,939
12/16/2020,LGB,CA,AWP,WE,Towers with Radar,46,9,70,0,125,0,11,247,0,258,46,20,317,0,383,627,0,627,1010
12/17/2020,LGB,CA,AWP,WE,Towers with Radar,46,9,61,0,116,0,12,172,0,184,46,21,233,0,300,551,0,551,851
12/18/2020,LGB,CA,AWP,WE,Towers with Radar,51,23,75,2,151,0,3,198,0,201,51,26,273,2,352,415,0,415,767
12/19/2020,LGB,CA,AWP,WE,Towers with Radar,50,2,59,0,111,0,2,228,0,230,50,4,287,0,341,414,0,414,755
12/20/2020,LGB,CA,AWP,WE,Towers with Radar,45,7,33,0,85,0,0,180,0,180,45,7,213,0,265,332,0,332,597
12/21/2020,LGB,CA,AWP,WE,Towers with Radar,50,15,60,4,129,0,15,181,1,197,50,30,241,5,326,447,0,447,773
12/22/2020,LGB,CA,AWP,WE,Towers with Radar,51,13,72,1,137,0,9,163,1,173,51,22,235,2,310,489,0,489,799
12/23/2020,LGB,CA,AWP,WE,Towers with Radar,51,7,58,0,116,0,8,130,0,138,51,15,188,0,254,425,0,425,679
12/24/2020,LGB,CA,AWP,WE,Towers with Radar,41,3,35,2,81,0,7,107,1,115,41,10,142,3,196,296,0,296,492
12/25/2020,LGB,CA,AWP,WE,Towers with Radar,38,3,16,0,57,0,0,67,0,67,38,3,83,0,124,138,0,138,262
12/26/2020,LGB,CA,AWP,WE,Towers with Radar,45,5,54,0,104,0,3,185,0,188,45,8,239,0,292,468,0,468,760
12/27/2020,LGB,CA,AWP,WE,Towers with Radar,48,4,60,0,112,0,0,135,0,135,48,4,195,0,247,345,0,345,592
12/28/2020,LGB,CA,AWP,WE,Towers with Radar,53,6,16,0,75,0,8,25,0,33,53,14,41,0,108,63,0,63,171
12/29/2020,LGB,CA,AWP,WE,Towers with Radar,49,14,45,1,109,0,4,222,2,228,49,18,267,3,337,513,0,513,850
12/30/2020,LGB,CA,AWP,WE,Towers with Radar,50,9,48,2,109,0,9,247,0,256,50,18,295,2,365,572,0,572,937
12/31/2020,LGB,CA,AWP,WE,Towers with Radar,42,4,25,0,71,0,2,148,0,150,42,6,173,0,221,389,0,389,610
01/01/2021,LGB,CA,AWP,WE,Towers with Radar,38,0,25,0,63,0,0,127,0,127,38,0,152,0,190,283,0,283,473
01/02/2021,LGB,CA,AWP,WE,Towers with Radar,45,8,52,0,105,0,0,200,0,200,45,8,252,0,305,511,0,511,816
01/03/2021,LGB,CA,AWP,WE,Towers with Radar,49,7,66,0,122,0,1,117,0,118,49,8,183,0,240,256,0,256,496
01/04/2021,LGB,CA,AWP,WE,Towers with Radar,47,7,60,0,114,0,3,203,1,207,47,10,263,1,321,587,0,587,908
01/05/2021,LGB,CA,AWP,WE,Towers with Radar,42,4,68,5,119,0,9,139,1,149,42,13,207,6,268,505,0,505,773
01/06/2021,LGB,CA,AWP,WE,Towers with Radar,44,9,63,3,119,0,9,212,1,222,44,18,275,4,341,663,0,663,1004
01/07/2021,LGB,CA,AWP,WE,Towers with Radar,45,10,88,0,143,0,9,174,0,183,45,19,262,0,326,764,0,764,1090
01/08/2021,LGB,CA,AWP,WE,Towers with Radar,41,7,59,0,107,0,3,139,1,143,41,10,198,1,250,324,0,324,574
01/09/2021,LGB,CA,AWP,WE,Towers with Radar,40,7,41,0,88,0,3,194,0,197,40,10,235,0,285,406,0,406,691
01/10/2021,LGB,CA,AWP,WE,Towers with Radar,44,6,58,0,108,0,2,214,0,216,44,8,272,0,324,509,0,509,833
01/11/2021,LGB,CA,AWP,WE,Towers with Radar,46,11,66,2,125,0,16,223,1,240,46,27,289,3,365,615,0,615,980
01/12/2021,LGB,CA,AWP,WE,Towers with Radar,43,2,65,3,113,0,12,236,2,250,43,14,301,5,363,657,0,657,1020
01/13/2021,LGB,CA,AWP,WE,Towers with Radar,43,6,68,3,120,0,9,263,0,272,43,15,331,3,392,730,0,730,1122
01/14/2021,LGB,CA,AWP,WE,Towers with Radar,45,5,58,0,108,0,10,162,0,172,45,15,220,0,280,554,0,554,834
01/15/2021,LGB,CA,AWP,WE,Towers with Radar,45,3,69,0,117,0,12,210,0,222,45,15,279,0,339,578,0,578,917
01/16/2021,LGB,CA,AWP,WE,Towers with Radar,40,11,64,0,115,0,3,247,2,252,40,14,311,2,367,576,0,576,943
01/17/2021,LGB,CA,AWP,WE,Towers with Radar,44,2,39,0,85,0,0,189,0,189,44,2,228,0,274,386,0,386,660
01/18/2021,LGB,CA,AWP,WE,Towers with Radar,48,5,68,0,121,0,12,195,0,207,48,17,263,0,328,609,0,609,937
01/19/2021,LGB,CA,AWP,WE,Towers with Radar,43,5,21,0,69,0,11,91,2,104,43,16,112,2,173,193,0,193,366
01/20/2021,LGB,CA,AWP,WE,Towers with Radar,45,8,31,6,90,0,12,118,1,131,45,20,149,7,221,257,0,257,478
01/21/2021,LGB,CA,AWP,WE,Towers with Radar,45,4,91,0,140,0,6,284,1,291,45,10,375,1,431,429,0,429,860
01/22/2021,LGB,CA,AWP,WE,Towers with Radar,45,10,86,4,145,0,4,132,0,136,45,14,218,4,281,455,0,455,736
01/23/2021,LGB,CA,AWP,WE,Towers with Radar,40,5,16,1,62,0,2,76,0,78,40,7,92,1,140,299,0,299,439
01/24/2021,LGB,CA,AWP,WE,Towers with Radar,44,15,69,1,129,0,2,232,0,234,44,17,301,1,363,442,0,442,805
01/25/2021,LGB,CA,AWP,WE,Towers with Radar,46,8,12,2,68,0,0,57,0,57,46,8,69,2,125,56,0,56,181
01/26/2021,LGB,CA,AWP,WE,Towers with Radar,45,13,81,2,141,0,23,333,2,358,45,36,414,4,499,682,0,682,1181
01/27/2021,LGB,CA,AWP,WE,Towers with Radar,43,3,38,5,89,0,10,153,0,163,43,13,191,5,252,477,0,477,729
01/28/2021,LGB,CA,AWP,WE,Towers with Radar,48,4,30,0,82,0,6,148,0,154,48,10,178,0,236,420,0,420,656
01/29/2021,LGB,CA,AWP,WE,Towers with Radar,46,7,28,0,81,0,4,57,0,61,46,11,85,0,142,161,0,161,303
01/30/2021,LGB,CA,AWP,WE,Towers with Radar,40,5,74,0,119,0,1,235,0,236,40,6,309,0,355,513,0,513,868
01/31/2021,LGB,CA,AWP,WE,Towers with Radar,48,11,70,0,129,0,1,216,2,219,48,12,286,2,348,403,0,403,751
02/01/2021,LGB,CA,AWP,WE,Towers with Radar,48,1,84,0,133,0,12,213,0,225,48,13,297,0,358,482,0,482,840
02/02/2021,LGB,CA,AWP,WE,Towers with Radar,43,4,88,0,135,0,9,226,0,235,43,13,314,0,370,659,0,659,1029
02/03/2021,LGB,CA,AWP,WE,Towers with Radar,45,5,74,2,126,0,4,153,0,157,45,9,227,2,283,491,0,491,774
02/04/2021,LGB,CA,AWP,WE,Towers with Radar,47,8,104,1,160,0,7,269,0,276,47,15,373,1,436,688,0,688,1124
02/05/2021,LGB,CA,AWP,WE,Towers with Radar,45,9,92,8,154,0,4,229,0,233,45,13,321,8,387,534,0,534,921
02/06/2021,LGB,CA,AWP,WE,Towers with Radar,42,7,63,1,113,0,2,247,0,249,42,9,310,1,362,352,0,352,714
02/07/2021,LGB,CA,AWP,WE,Towers with Radar,42,3,64,2,111,0,0,121,0,121,42,3,185,2,232,184,0,184,416
02/08/2021,LGB,CA,AWP,WE,Towers with Radar,45,17,84,0,146,0,6,150,4,160,45,23,234,4,306,388,0,388,694
02/09/2021,LGB,CA,AWP,WE,Towers with Radar,43,4,72,1,120,0,9,165,0,174,43,13,237,1,294,550,0,550,844
02/10/2021,LGB,CA,AWP,WE,Towers with Radar,43,11,111,3,168,0,10,219,2,231,43,21,330,5,399,784,0,784,1183
02/11/2021,LGB,CA,AWP,WE,Towers with Radar,45,12,89,1,147,0,7,269,2,278,45,19,358,3,425,552,0,552,977
02/12/2021,LGB,CA,AWP,WE,Towers with Radar,47,12,60,1,120,0,5,131,0,136,47,17,191,1,256,223,0,223,479
02/13/2021,LGB,CA,AWP,WE,Towers with Radar,40,5,49,0,94,0,3,159,1,163,40,8,208,1,257,406,0,406,663
02/14/2021,LGB,CA,AWP,WE,Towers with Radar,39,9,35,0,83,0,0,187,0,187,39,9,222,0,270,139,0,139,409
02/15/2021,LGB,CA,AWP,WE,Towers with Radar,41,10,90,0,141,0,7,266,0,273,41,17,356,0,414,635,4,639,1053
02/16/2021,LGB,CA,AWP,WE,Towers with Radar,37,12,72,0,121,0,7,239,2,248,37,19,311,2,369,611,0,611,980
02/17/2021,LGB,CA,AWP,WE,Towers with Radar,37,9,80,4,130,0,18,312,1,331,37,27,392,5,461,528,0,528,989
02/18/2021,LGB,CA,AWP,WE,Towers with Radar,43,6,67,4,120,0,7,284,0,291,43,13,351,4,411,550,0,550,961
02/19/2021,LGB,CA,AWP,WE,Towers with Radar,45,7,94,2,148,0,10,255,1,266,45,17,349,3,414,585,0,585,999
02/20/2021,LGB,CA,AWP,WE,Towers with Radar,40,8,45,0,93,0,1,123,0,124,40,9,168,0,217,240,0,240,457
02/21/2021,LGB,CA,AWP,WE,Towers with Radar,44,10,51,0,105,0,0,211,0,211,44,10,262,0,316,566,0,566,882
02/22/2021,LGB,CA,AWP,WE,Towers with Radar,46,4,57,1,108,0,7,195,0,202,46,11,252,1,310,502,0,502,812
02/23/2021,LGB,CA,AWP,WE,Towers with Radar,41,7,79,2,129,0,13,242,0,255,41,20,321,2,384,602,0,602,986
02/24/2021,LGB,CA,AWP,WE,Towers with Radar,41,12,88,4,145,0,16,223,0,239,41,28,311,4,384,658,0,658,1042
02/25/2021,LGB,CA,AWP,WE,Towers with Radar,45,12,58,0,115,0,10,207,0,217,45,22,265,0,332,726,0,726,1058
02/26/2021,LGB,CA,AWP,WE,Towers with Radar,45,9,100,0,154,0,9,250,0,259,45,18,350,0,413,601,0,601,1014
02/27/2021,LGB,CA,AWP,WE,Towers with Radar,40,5,54,0,99,0,2,205,0,207,40,7,259,0,306,442,0,442,748
02/28/2021,LGB,CA,AWP,WE,Towers with Radar,43,10,32,0,85,0,0,119,0,119,43,10,151,0,204,187,0,187,391
03/01/2021,LGB,CA,AWP,WE,Towers with Radar,46,2,62,1,111,0,17,226,1,244,46,19,288,2,355,673,0,673,1028
03/02/2021,LGB,CA,AWP,WE,Towers with Radar,39,14,96,0,149,0,2,281,0,283,39,16,377,0,432,754,0,754,1186
03/03/2021,LGB,CA,AWP,WE,Towers with Radar,42,16,46,0,104,0,3,68,0,71,42,19,114,0,175,139,0,139,314
03/04/2021,LGB,CA,AWP,WE,Towers with Radar,47,15,80,0,142,0,8,262,8,278,47,23,342,8,420,664,0,664,1084
03/05/2021,LGB,CA,AWP,WE,Towers with Radar,46,5,82,1,134,0,5,217,1,223,46,10,299,2,357,498,0,498,855
03/06/2021,LGB,CA,AWP,WE,Towers with Radar,42,5,50,0,97,0,3,226,1,230,42,8,276,1,327,505,0,505,832
03/07/2021,LGB,CA,AWP,WE,Towers with Radar,52,4,86,0,142,0,2,183,0,185,52,6,269,0,327,527,0,527,854
03/08/2021,LGB,CA,AWP,WE,Towers with Radar,48,5,73,3,129,0,12,231,1,244,48,17,304,4,373,680,0,680,1053
03/09/2021,LGB,CA,AWP,WE,Towers with Radar,45,13,66,0,124,0,16,191,0,207,45,29,257,0,331,467,0,467,798
03/10/2021,LGB,CA,AWP,WE,Towers with Radar,49,6,34,1,90,0,10,86,0,96,49,16,120,1,186,274,0,274,460
03/11/2021,LGB,CA,AWP,WE,Towers with Radar,74,11,66,0,151,0,14,205,1,220,74,25,271,1,371,555,0,555,926
03/12/2021,LGB,CA,AWP,WE,Towers with Radar,72,11,72,2,157,0,10,248,0,258,72,21,320,2,415,403,0,403,818
03/13/2021,LGB,CA,AWP,WE,Towers with Radar,54,6,83,1,144,0,1,279,0,280,54,7,362,1,424,377,0,377,801
03/14/2021,LGB,CA,AWP,WE,Towers with Radar,59,15,64,0,138,0,2,158,0,160,59,17,222,0,298,539,0,539,837
03/15/2021,LGB,CA,AWP,WE,Towers with Radar,59,6,27,0,92,0,9,49,0,58,59,15,76,0,150,36,0,36,186
03/16/2021,LGB,CA,AWP,WE,Towers with Radar,67,11,100,0,178,0,16,357,0,373,67,27,457,0,551,733,0,733,1284
03/17/2021,LGB,CA,AWP,WE,Towers with Radar,68,8,106,1,183,0,8,292,0,300,68,16,398,1,483,830,0,830,1313
03/18/2021,LGB,CA,AWP,WE,Towers with Radar,68,16,80,0,164,0,3,276,1,280,68,19,356,1,444,821,0,821,1265
03/19/2021,LGB,CA,AWP,WE,Towers with Radar,70,15,84,0,169,0,3,280,0,283,70,18,364,0,452,495,0,495,947
03/20/2021,LGB,CA,AWP,WE,Towers with Radar,62,4,77,2,145,0,3,282,2,287,62,7,359,4,432,381,0,381,813
03/21/2021,LGB,CA,AWP,WE,Towers with Radar,72,9,61,0,142,0,0,224,0,224,72,9,285,0,366,439,0,439,805
03/22/2021,LGB,CA,AWP,WE,Towers with Radar,70,21,84,2,177,0,13,249,1,263,70,34,333,3,440,652,0,652,1092
03/23/2021,LGB,CA,AWP,WE,Towers with Radar,68,10,56,1,135,0,15,186,0,201,68,25,242,1,336,532,0,532,868
03/24/2021,LGB,CA,AWP,WE,Towers with Radar,70,8,84,0,162,0,8,262,2,272,70,16,346,2,434,635,0,635,1069
03/25/2021,LGB,CA,AWP,WE,Towers with Radar,75,17,71,2,165,0,10,183,2,195,75,27,254,4,360,720,0,720,1080
03/26/2021,LGB,CA,AWP,WE,Towers with Radar,73,4,71,1,149,0,19,284,0,303,73,23,355,1,452,601,0,601,1053
03/27/2021,LGB,CA,AWP,WE,Towers with Radar,60,2,72,0,134,0,2,269,0,271,60,4,341,0,405,301,0,301,706
03/28/2021,LGB,CA,AWP,WE,Towers with Radar,70,4,63,0,137,0,0,218,0,218,70,4,281,0,355,431,0,431,786
03/29/2021,LGB,CA,AWP,WE,Towers with Radar,72,4,71,1,148,0,22,231,0,253,72,26,302,1,401,584,0,584,985
03/30/2021,LGB,CA,AWP,WE,Towers with Radar,66,10,92,2,170,0,21,241,0,262,66,31,333,2,432,826,0,826,1258
03/31/2021,LGB,CA,AWP,WE,Towers with Radar,69,10,68,0,147,0,13,271,0,284,69,23,339,0,431,653,0,653,1084
04/01/2021,LGB,CA,AWP,WE,Towers with Radar,74,6,78,0,158,0,11,211,0,222,74,17,289,0,380,649,0,649,1029
04/02/2021,LGB,CA,AWP,WE,Towers with Radar,74,12,80,0,166,0,11,224,0,235,74,23,304,0,401,530,0,530,931
04/03/2021,LGB,CA,AWP,WE,Towers with Radar,64,8,70,0,142,0,2,216,0,218,64,10,286,0,360,412,0,412,772
04/04/2021,LGB,CA,AWP,WE,Towers with Radar,72,1,54,0,127,0,0,189,0,189,72,1,243,0,316,338,0,338,654
04/05/2021,LGB,CA,AWP,WE,Towers with Radar,74,14,90,0,178,0,14,215,0,229,74,28,305,0,407,380,0,380,787
04/06/2021,LGB,CA,AWP,WE,Towers with Radar,73,10,81,2,166,0,19,258,0,277,73,29,339,2,443,567,0,567,1010
04/07/2021,LGB,CA,AWP,WE,Towers with Radar,71,9,92,2,174,0,18,343,3,364,71,27,435,5,538,662,0,662,1200
04/08/2021,LGB,CA,AWP,WE,Towers with Radar,74,7,91,2,174,0,13,256,1,270,74,20,347,3,444,672,0,672,1116
04/09/2021,LGB,CA,AWP,WE,Towers with Radar,74,6,83,2,165,0,12,229,2,243,74,18,312,4,408,624,0,624,1032
04/10/2021,LGB,CA,AWP,WE,Towers with Radar,63,3,64,0,130,0,4,267,0,271,63,7,331,0,401,428,0,428,829
04/11/2021,LGB,CA,AWP,WE,Towers with Radar,73,9,82,0,164,0,2,168,0,170,73,11,250,0,334,252,0,252,586
04/12/2021,LGB,CA,AWP,WE,Towers with Radar,70,11,72,0,153,0,9,115,0,124,70,20,187,0,277,499,0,499,776
04/13/2021,LGB,CA,AWP,WE,Towers with Radar,60,20,97,3,180,0,7,181,1,189,60,27,278,4,369,618,0,618,987
04/14/2021,LGB,CA,AWP,WE,Towers with Radar,62,9,101,1,173,0,25,281,1,307,62,34,382,2,480,624,0,624,1104
04/15/2021,LGB,CA,AWP,WE,Towers with Radar,73,13,103,0,189,0,21,290,1,312,73,34,393,1,501,976,0,976,1477
04/16/2021,LGB,CA,AWP,WE,Towers with Radar,71,8,69,1,149,0,13,189,0,202,71,21,258,1,351,568,0,568,919
04/17/2021,LGB,CA,AWP,WE,Towers with Radar,62,4,57,0,123,0,6,222,0,228,62,10,279,0,351,574,0,574,925
04/18/2021,LGB,CA,AWP,WE,Towers with Radar,74,8,50,0,132,0,3,167,0,170,74,11,217,0,302,305,0,305,607
04/19/2021,LGB,CA,AWP,WE,Towers with Radar,73,9,67,0,149,0,15,237,0,252,73,24,304,0,401,560,0,560,961
04/20/2021,LGB,CA,AWP,WE,Towers with Radar,60,4,96,0,160,0,20,260,0,280,60,24,356,0,440,580,0,580,1020
04/21/2021,LGB,CA,AWP,WE,Towers with Radar,65,9,90,0,164,0,19,215,0,234,65,28,305,0,398,556,0,556,954
04/22/2021,LGB,CA,AWP,WE,Towers with Radar,73,19,103,0,195,0,16,198,0,214,73,35,301,0,409,750,0,750,1159
04/23/2021,LGB,CA,AWP,WE,Towers with Radar,70,9,79,3,161,0,11,228,0,239,70,20,307,3,400,651,0,651,1051
04/24/2021,LGB,CA,AWP,WE,Towers with Radar,59,6,63,4,132,0,4,233,0,237,59,10,296,4,369,374,0,374,743
04/25/2021,LGB,CA,AWP,WE,Towers with Radar,74,9,82,6,171,0,0,193,0,193,74,9,275,6,364,458,0,458,822
04/26/2021,LGB,CA,AWP,WE,Towers with Radar,75,9,62,2,148,0,11,174,0,185,75,20,236,2,333,588,0,588,921
04/27/2021,LGB,CA,AWP,WE,Towers with Radar,62,16,80,3,161,0,26,305,0,331,62,42,385,3,492,700,0,700,1192
04/28/2021,LGB,CA,AWP,WE,Towers with Radar,62,8,117,1,188,0,14,314,1,329,62,22,431,2,517,534,0,534,1051
04/29/2021,LGB,CA,AWP,WE,Towers with Radar,72,17,85,0,174,0,21,297,0,318,72,38,382,0,492,661,0,661,1153
04/30/2021,LGB,CA,AWP,WE,Towers with Radar,70,9,81,1,161,0,12,292,0,304,70,21,373,1,465,670,0,670,1135
05/01/2021,LGB,CA,AWP,WE,Towers with Radar,62,8,60,2,132,0,7,211,0,218,62,15,271,2,350,410,0,410,760
05/02/2021,LGB,CA,AWP,WE,Towers with Radar,71,2,62,1,136,0,0,180,0,180,71,2,242,1,316,534,0,534,850
05/03/2021,LGB,CA,AWP,WE,Towers with Radar,74,4,90,2,170,0,10,276,2,288,74,14,366,4,458,532,0,532,990
05/04/2021,LGB,CA,AWP,WE,Towers with Radar,61,14,77,0,152,0,28,301,0,329,61,42,378,0,481,717,0,717,1198
05/05/2021,LGB,CA,AWP,WE,Towers with Radar,62,9,68,1,140,0,13,231,4,248,62,22,299,5,388,791,0,791,1179
05/06/2021,LGB,CA,AWP,WE,Towers with Radar,72,10,85,1,168,0,10,187,0,197,72,20,272,1,365,677,0,677,1042
05/07/2021,LGB,CA,AWP,WE,Towers with Radar,72,7,70,0,149,0,11,219,0,230,72,18,289,0,379,733,0,733,1112
05/08/2021,LGB,CA,AWP,WE,Towers with Radar,62,10,58,0,130,0,4,235,0,239,62,14,293,0,369,559,0,559,928
05/09/2021,LGB,CA,AWP,WE,Towers with Radar,70,4,41,0,115,0,1,148,0,149,70,5,189,0,264,293,0,293,557
05/10/2021,LGB,CA,AWP,WE,Towers with Radar,75,9,73,0,157,0,14,188,0,202,75,23,261,0,359,487,0,487,846
05/11/2021,LGB,CA,AWP,WE,Towers with Radar,73,21,79,6,179,0,20,290,0,310,73,41,369,6,489,660,0,660,1149
05/12/2021,LGB,CA,AWP,WE,Towers with Radar,73,13,104,1,191,0,13,246,1,260,73,26,350,2,451,642,0,642,1093
05/13/2021,LGB,CA,AWP,WE,Towers with Radar,72,11,106,1,190,0,8,115,0,123,72,19,221,1,313,356,0,356,669
05/14/2021,LGB,CA,AWP,WE,Towers with Radar,73,10,76,1,160,0,11,219,0,230,73,21,295,1,390,595,0,595,985
05/15/2021,LGB,CA,AWP,WE,Towers with Radar,60,1,57,0,118,0,5,216,0,221,60,6,273,0,339,541,0,541,880
05/16/2021,LGB,CA,AWP,WE,Towers with Radar,70,8,71,0,149,0,0,119,0,119,70,8,190,0,268,409,0,409,677
05/17/2021,LGB,CA,AWP,WE,Towers with Radar,75,6,70,0,151,0,4,164,0,168,75,10,234,0,319,502,0,502,821
05/18/2021,LGB,CA,AWP,WE,Towers with Radar,73,12,81,2,168,0,23,262,1,286,73,35,343,3,454,586,0,586,1040
05/19/2021,LGB,CA,AWP,WE,Towers with Radar,72,16,115,0,203,0,16,205,0,221,72,32,320,0,424,552,0,552,976
05/20/2021,LGB,CA,AWP,WE,Towers with Radar,71,10,79,1,161,0,16,275,0,291,71,26,354,1,452,655,0,655,1107
05/21/2021,LGB,CA,AWP,WE,Towers with Radar,72,10,62,1,145,0,15,193,0,208,72,25,255,1,353,262,6,268,621
05/22/2021,LGB,CA,AWP,WE,Towers with Radar,58,6,83,0,147,0,4,235,0,239,58,10,318,0,386,404,0,404,790
05/23/2021,LGB,CA,AWP,WE,Towers with Radar,70,15,62,0,147,0,0,217,0,217,70,15,279,0,364,357,0,357,721
05/24/2021,LGB,CA,AWP,WE,Towers with Radar,71,17,83,0,171,0,22,283,0,305,71,39,366,0,476,543,0,543,1019
05/25/2021,LGB,CA,AWP,WE,Towers with Radar,70,16,74,1,161,0,22,224,0,246,70,38,298,1,407,747,0,747,1154
05/26/2021,LGB,CA,AWP,WE,Towers with Radar,75,7,59,1,142,0,17,275,1,293,75,24,334,2,435,495,0,495,930
05/27/2021,LGB,CA,AWP,WE,Towers with Radar,71,17,72,2,162,0,13,236,0,249,71,30,308,2,411,552,0,552,963
05/28/2021,LGB,CA,AWP,WE,Towers with Radar,76,9,88,0,173,0,24,288,0,312,76,33,376,0,485,607,0,607,1092
05/29/2021,LGB,CA,AWP,WE,Towers with Radar,58,6,72,0,136,0,11,144,0,155,58,17,216,0,291,474,0,474,765
05/30/2021,LGB,CA,AWP,WE,Towers with Radar,68,10,60,0,138,0,4,170,1,175,68,14,230,1,313,406,0,406,719
05/31/2021,LGB,CA,AWP,WE,Towers with Radar,71,2,81,0,154,0,4,173,0,177,71,6,254,0,331,282,0,282,613
06/01/2021,LGB,CA,AWP,WE,Towers with Radar,73,12,68,1,154,0,17,219,0,236,73,29,287,1,390,580,0,580,970
06/02/2021,LGB,CA,AWP,WE,Towers with Radar,70,10,107,2,189,0,12,235,1,248,70,22,342,3,437,635,0,635,1072
06/03/2021,LGB,CA,AWP,WE,Towers with Radar,70,12,87,0,169,0,16,229,0,245,70,28,316,0,414,595,0,595,1009
06/04/2021,LGB,CA,AWP,WE,Towers with Radar,73,10,88,2,173,0,19,243,1,263,73,29,331,3,436,572,0,572,1008
06/05/2021,LGB,CA,AWP,WE,Towers with Radar,62,3,61,2,128,0,4,216,0,220,62,7,277,2,348,404,0,404,752
06/06/2021,LGB,CA,AWP,WE,Towers with Radar,73,13,64,4,154,0,0,200,1,201,73,13,264,5,355,328,0,328,683
06/07/2021,LGB,CA,AWP,WE,Towers with Radar,72,8,58,3,141,0,18,135,0,153,72,26,193,3,294,468,0,468,762
06/08/2021,LGB,CA,AWP,WE,Towers with Radar,69,11,85,0,165,0,21,385,0,406,69,32,470,0,571,704,0,704,1275
06/09/2021,LGB,CA,AWP,WE,Towers with Radar,68,10,102,2,182,0,20,328,0,348,68,30,430,2,530,791,0,791,1321
06/10/2021,LGB,CA,AWP,WE,Towers with Radar,71,11,78,3,163,0,15,263,0,278,71,26,341,3,441,718,0,718,1159
06/11/2021,LGB,CA,AWP,WE,Towers with Radar,72,11,73,3,159,0,20,252,0,272,72,31,325,3,431,569,0,569,1000
06/12/2021,LGB,CA,AWP,WE,Towers with Radar,58,17,52,0,127,0,3,231,0,234,58,20,283,0,361,537,0,537,898
06/13/2021,LGB,CA,AWP,WE,Towers with Radar,74,11,46,0,131,0,0,185,0,185,74,11,231,0,316,338,0,338,654
06/14/2021,LGB,CA,AWP,WE,Towers with Radar,69,9,76,1,155,0,28,209,5,242,69,37,285,6,397,595,0,595,992
06/15/2021,LGB,CA,AWP,WE,Towers with Radar,59,7,87,2,155,0,22,356,0,378,59,29,443,2,533,863,0,863,1396
06/16/2021,LGB,CA,AWP,WE,Towers with Radar,70,12,91,0,173,0,25,271,0,296,70,37,362,0,469,877,0,877,1346
06/17/2021,LGB,CA,AWP,WE,Towers with Radar,71,15,96,1,183,0,12,178,0,190,71,27,274,1,373,490,0,490,863
06/18/2021,LGB,CA,AWP,WE,Towers with Radar,74,18,81,1,174,0,15,206,0,221,74,33,287,1,395,524,0,524,919
06/19/2021,LGB,CA,AWP,WE,Towers with Radar,57,13,68,0,138,0,2,204,1,207,57,15,272,1,345,489,0,489,834
06/20/2021,LGB,CA,AWP,WE,Towers with Radar,70,15,46,0,131,0,0,146,0,146,70,15,192,0,277,159,0,159,436
06/21/2021,LGB,CA,AWP,WE,Towers with Radar,80,18,69,1,168,0,23,233,1,257,80,41,302,2,425,685,0,685,1110
06/22/2021,LGB,CA,AWP,WE,Towers with Radar,73,9,65,0,147,0,28,286,0,314,73,37,351,0,461,1059,0,1059,1520
06/23/2021,LGB,CA,AWP,WE,Towers with Radar,72,3,110,0,185,0,28,284,0,312,72,31,394,0,497,775,0,775,1272
06/24/2021,LGB,CA,AWP,WE,Towers with Radar,72,8,76,2,158,0,25,258,2,285,72,33,334,4,443,854,0,854,1297
06/25/2021,LGB,CA,AWP,WE,Towers with Radar,71,8,68,3,150,0,24,265,0,289,71,32,333,3,439,710,0,710,1149
06/26/2021,LGB,CA,AWP,WE,Towers with Radar,57,5,62,3,127,0,6,271,0,277,57,11,333,3,404,410,0,410,814
06/27/2021,LGB,CA,AWP,WE,Towers with Radar,71,11,60,2,144,0,1,182,1,184,71,12,242,3,328,318,0,318,646
06/28/2021,LGB,CA,AWP,WE,Towers with Radar,77,9,95,1,182,0,23,201,0,224,77,32,296,1,406,484,0,484,890
06/29/2021,LGB,CA,AWP,WE,Towers with Radar,70,26,78,4,178,0,9,66,0,75,70,35,144,4,253,117,0,117,370
06/30/2021,LGB,CA,AWP,WE,Towers with Radar,69,22,78,8,177,0,6,162,0,168,69,28,240,8,345,588,0,588,933
07/01/2021,LGB,CA,AWP,WE,Towers with Radar,70,11,92,0,173,0,17,260,0,277,70,28,352,0,450,595,0,595,1045
07/02/2021,LGB,CA,AWP,WE,Towers with Radar,71,12,70,0,153,0,16,186,0,202,71,28,256,0,355,553,0,553,908
07/03/2021,LGB,CA,AWP,WE,Towers with Radar,60,16,53,0,129,0,3,191,0,194,60,19,244,0,323,415,0,415,738
07/04/2021,LGB,CA,AWP,WE,Towers with Radar,67,2,46,0,115,0,0,154,0,154,67,2,200,0,269,217,0,217,486
07/05/2021,LGB,CA,AWP,WE,Towers with Radar,67,8,71,1,147,0,0,197,0,197,67,8,268,1,344,731,0,731,1075
07/06/2021,LGB,CA,AWP,WE,Towers with Radar,76,8,64,4,152,0,28,307,0,335,76,36,371,4,487,713,0,713,1200
07/07/2021,LGB,CA,AWP,WE,Towers with Radar,73,8,93,1,175,0,25,270,0,295,73,33,363,1,470,640,0,640,1110
07/08/2021,LGB,CA,AWP,WE,Towers with Radar,71,14,92,2,179,0,22,293,1,316,71,36,385,3,495,610,0,610,1105
07/09/2021,LGB,CA,AWP,WE,Towers with Radar,74,9,85,0,168,0,24,278,1,303,74,33,363,1,471,716,0,716,1187
07/10/2021,LGB,CA,AWP,WE,Towers with Radar,58,4,38,2,102,0,6,294,0,300,58,10,332,2,402,400,0,400,802
07/11/2021,LGB,CA,AWP,WE,Towers with Radar,72,11,55,1,139,0,0,236,0,236,72,11,291,1,375,342,0,342,717
07/12/2021,LGB,CA,AWP,WE,Towers with Radar,76,8,81,0,165,0,20,224,0,244,76,28,305,0,409,567,0,567,976
07/13/2021,LGB,CA,AWP,WE,Towers with Radar,70,13,81,0,164,0,25,217,4,246,70,38,298,4,410,719,0,719,1129
07/14/2021,LGB,CA,AWP,WE,Towers with Radar,71,16,94,0,181,0,26,257,3,286,71,42,351,3,467,425,0,425,892
07/15/2021,LGB,CA,AWP,WE,Towers with Radar,73,14,84,0,171,0,26,236,1,263,73,40,320,1,434,711,0,711,1145
07/16/2021,LGB,CA,AWP,WE,Towers with Radar,74,6,82,4,166,0,25,244,0,269,74,31,326,4,435,445,0,445,880
07/17/2021,LGB,CA,AWP,WE,Towers with Radar,58,7,74,5,144,0,5,307,2,314,58,12,381,7,458,436,0,436,894
07/18/2021,LGB,CA,AWP,WE,Towers with Radar,72,14,48,2,136,0,0,196,0,196,72,14,244,2,332,404,0,404,736
07/19/2021,LGB,CA,AWP,WE,Towers with Radar,74,13,78,0,165,0,32,241,2,275,74,45,319,2,440,574,0,574,1014
07/20/2021,LGB,CA,AWP,WE,Towers with Radar,70,5,66,3,144,0,23,269,3,295,70,28,335,6,439,837,0,837,1276
07/21/2021,LGB,CA,AWP,WE,Towers with Radar,70,14,93,2,179,0,24,276,6,306,70,38,369,8,485,668,0,668,1153
07/22/2021,LGB,CA,AWP,WE,Towers with Radar,72,11,93,1,177,0,18,310,0,328,72,29,403,1,505,522,0,522,1027
07/23/2021,LGB,CA,AWP,WE,Towers with Radar,74,10,82,3,169,0,16,195,2,213,74,26,277,5,382,579,0,579,961
07/24/2021,LGB,CA,AWP,WE,Towers with Radar,60,7,53,0,120,0,1,238,0,239,60,8,291,0,359,503,0,503,862
07/25/2021,LGB,CA,AWP,WE,Towers with Radar,72,7,38,1,118,0,0,196,0,196,72,7,234,1,314,425,2,427,741
07/26/2021,LGB,CA,AWP,WE,Towers with Radar,75,16,67,0,158,0,22,169,0,191,75,38,236,0,349,727,0,727,1076
07/27/2021,LGB,CA,AWP,WE,Towers with Radar,72,16,87,2,177,0,34,238,1,273,72,50,325,3,450,747,0,747,1197
07/28/2021,LGB,CA,AWP,WE,Towers with Radar,73,7,83,1,164,0,25,318,5,348,73,32,401,6,512,870,0,870,1382
07/29/2021,LGB,CA,AWP,WE,Towers with Radar,72,8,86,0,166,0,27,300,1,328,72,35,386,1,494,647,0,647,1141
07/30/2021,LGB,CA,AWP,WE,Towers with Radar,75,17,57,4,153,0,27,181,0,208,75,44,238,4,361,604,0,604,965
07/31/2021,LGB,CA,AWP,WE,Towers with Radar,59,12,59,5,135,0,4,226,0,230,59,16,285,5,365,414,0,414,779
08/01/2021,LGB,CA,AWP,WE,Towers with Radar,71,11,40,3,125,0,0,222,1,223,71,11,262,4,348,339,0,339,687
08/02/2021,LGB,CA,AWP,WE,Towers with Radar,77,11,74,0,162,0,16,226,0,242,77,27,300,0,404,612,0,612,1016
08/03/2021,LGB,CA,AWP,WE,Towers with Radar,71,11,64,0,146,0,24,275,0,299,71,35,339,0,445,723,0,723,1168
08/04/2021,LGB,CA,AWP,WE,Towers with Radar,73,8,62,1,144,0,16,308,0,324,73,24,370,1,468,755,0,755,1223
08/05/2021,LGB,CA,AWP,WE,Towers with Radar,76,14,81,0,171,0,17,323,0,340,76,31,404,0,511,801,0,801,1312
08/06/2021,LGB,CA,AWP,WE,Towers with Radar,74,25,77,0,176,0,2,148,0,150,74,27,225,0,326,424,0,424,750
08/07/2021,LGB,CA,AWP,WE,Towers with Radar,61,14,64,0,139,0,2,181,0,183,61,16,245,0,322,341,0,341,663
08/08/2021,LGB,CA,AWP,WE,Towers with Radar,73,17,65,1,156,0,0,157,1,158,73,17,222,2,314,299,0,299,613
08/09/2021,LGB,CA,AWP,WE,Towers with Radar,73,10,69,1,153,0,25,220,1,246,73,35,289,2,399,726,0,726,1125
08/10/2021,LGB,CA,AWP,WE,Towers with Radar,73,21,100,1,195,0,19,181,2,202,73,40,281,3,397,633,0,633,1030
08/11/2021,LGB,CA,AWP,WE,Towers with Radar,72,20,68,3,163,0,15,214,17,246,72,35,282,20,409,698,0,698,1107
08/12/2021,LGB,CA,AWP,WE,Towers with Radar,72,7,91,0,170,0,14,307,0,321,72,21,398,0,491,602,0,602,1093
08/13/2021,LGB,CA,AWP,WE,Towers with Radar,72,8,67,0,147,0,15,226,1,242,72,23,293,1,389,696,0,696,1085
08/14/2021,LGB,CA,AWP,WE,Towers with Radar,61,11,62,0,134,0,6,216,0,222,61,17,278,0,356,329,0,329,685
08/15/2021,LGB,CA,AWP,WE,Towers with Radar,72,10,60,0,142,0,0,220,0,220,72,10,280,0,362,421,0,421,783
08/16/2021,LGB,CA,AWP,WE,Towers with Radar,74,10,57,0,141,0,15,212,1,228,74,25,269,1,369,575,0,575,944
08/17/2021,LGB,CA,AWP,WE,Towers with Radar,68,12,72,2,154,0,20,160,0,180,68,32,232,2,334,711,0,711,1045
08/18/2021,LGB,CA,AWP,WE,Towers with Radar,69,9,84,0,162,0,11,173,0,184,69,20,257,0,346,731,0,731,1077
08/19/2021,LGB,CA,AWP,WE,Towers with Radar,66,17,71,0,154,0,18,247,0,265,66,35,318,0,419,770,0,770,1189
08/20/2021,LGB,CA,AWP,WE,Towers with Radar,67,4,100,2,173,0,14,206,0,220,67,18,306,2,393,862,0,862,1255
08/21/2021,LGB,CA,AWP,WE,Towers with Radar,60,12,59,0,131,0,2,81,0,83,60,14,140,0,214,198,0,198,412
08/22/2021,LGB,CA,AWP,WE,Towers with Radar,73,8,58,0,139,0,0,173,0,173,73,8,231,0,312,426,0,426,738
08/23/2021,LGB,CA,AWP,WE,Towers with Radar,72,8,65,9,154,0,19,168,0,187,72,27,233,9,341,707,0,707,1048
08/24/2021,LGB,CA,AWP,WE,Towers with Radar,69,8,89,0,166,0,18,337,0,355,69,26,426,0,521,857,0,857,1378
08/25/2021,LGB,CA,AWP,WE,Towers with Radar,72,12,107,0,191,0,12,313,0,325,72,24,420,0,516,851,0,851,1367
08/26/2021,LGB,CA,AWP,WE,Towers with Radar,70,11,93,4,178,0,18,301,2,321,70,29,394,6,499,709,0,709,1208
08/27/2021,LGB,CA,AWP,WE,Towers with Radar,70,16,70,2,158,0,22,296,1,319,70,38,366,3,477,808,0,808,1285
08/28/2021,LGB,CA,AWP,WE,Towers with Radar,58,7,50,0,115,0,1,208,0,209,58,8,258,0,324,349,0,349,673
08/29/2021,LGB,CA,AWP,WE,Towers with Radar,72,9,58,0,139,0,0,208,0,208,72,9,266,0,347,347,0,347,694
08/30/2021,LGB,CA,AWP,WE,Towers with Radar,70,8,92,0,170,0,16,235,1,252,70,24,327,1,422,560,0,560,982
08/31/2021,LGB,CA,AWP,WE,Towers with Radar,70,15,84,0,169,0,26,206,1,233,70,41,290,1,402,693,0,693,1095
09/01/2021,LGB,CA,AWP,WE,Towers with Radar,69,11,113,2,195,0,17,216,0,233,69,28,329,2,428,741,0,741,1169
09/02/2021,LGB,CA,AWP,WE,Towers with Radar,72,7,105,2,186,0,22,229,0,251,72,29,334,2,437,642,0,642,1079
09/03/2021,LGB,CA,AWP,WE,Towers with Radar,72,17,97,2,188,0,9,206,0,215,72,26,303,2,403,579,0,579,982
09/04/2021,LGB,CA,AWP,WE,Towers with Radar,59,6,44,2,111,0,14,280,1,295,59,20,324,3,406,448,0,448,854
09/05/2021,LGB,CA,AWP,WE,Towers with Radar,68,7,36,1,112,0,0,240,0,240,68,7,276,1,352,455,0,455,807
09/06/2021,LGB,CA,AWP,WE,Towers with Radar,71,5,64,0,140,0,1,224,0,225,71,6,288,0,365,316,0,316,681
09/07/2021,LGB,CA,AWP,WE,Towers with Radar,67,16,79,5,167,0,13,216,1,230,67,29,295,6,397,608,0,608,1005
09/08/2021,LGB,CA,AWP,WE,Towers with Radar,68,10,93,0,171,0,11,262,2,275,68,21,355,2,446,523,0,523,969
09/09/2021,LGB,CA,AWP,WE,Towers with Radar,70,17,88,2,177,0,28,302,0,330,70,45,390,2,507,750,0,750,1257
09/10/2021,LGB,CA,AWP,WE,Towers with Radar,70,13,64,0,147,0,18,250,0,268,70,31,314,0,415,550,0,550,965
09/11/2021,LGB,CA,AWP,WE,Towers with Radar,58,6,58,0,122,0,5,281,0,286,58,11,339,0,408,455,0,455,863
09/12/2021,LGB,CA,AWP,WE,Towers with Radar,90,11,76,2,179,0,1,250,2,253,90,12,326,4,432,334,0,334,766
09/13/2021,LGB,CA,AWP,WE,Towers with Radar,69,22,73,2,166,0,15,157,0,172,69,37,230,2,338,323,0,323,661
09/14/2021,LGB,CA,AWP,WE,Towers with Radar,68,4,77,5,154,0,17,288,0,305,68,21,365,5,459,532,0,532,991
09/15/2021,LGB,CA,AWP,WE,Towers with Radar,71,17,86,1,175,0,14,273,1,288,71,31,359,2,463,450,0,450,913
09/16/2021,LGB,CA,AWP,WE,Towers with Radar,73,8,97,4,182,0,30,214,1,245,73,38,311,5,427,548,0,548,975
09/17/2021,LGB,CA,AWP,WE,Towers with Radar,75,12,77,3,167,0,13,254,2,269,75,25,331,5,436,900,0,900,1336
09/18/2021,LGB,CA,AWP,WE,Towers with Radar,60,7,55,0,122,0,14,207,0,221,60,21,262,0,343,638,0,638,981
09/19/2021,LGB,CA,AWP,WE,Towers with Radar,91,11,41,1,144,0,0,188,0,188,91,11,229,1,332,455,0,455,787
09/20/2021,LGB,CA,AWP,WE,Towers with Radar,71,9,71,1,152,0,18,245,0,263,71,27,316,1,415,728,0,728,1143
09/21/2021,LGB,CA,AWP,WE,Towers with Radar,69,16,74,3,162,0,29,272,2,303,69,45,346,5,465,151,0,151,616
09/22/2021,LGB,CA,AWP,WE,Towers with Radar,68,22,104,3,197,0,16,292,2,310,68,38,396,5,507,10,0,10,517
09/23/2021,LGB,CA,AWP,WE,Towers with Radar,71,20,84,2,177,0,18,226,0,244,71,38,310,2,421,50,0,50,471
09/24/2021,LGB,CA,AWP,WE,Towers with Radar,70,17,71,2,160,0,11,212,0,223,70,28,283,2,383,58,0,58,441
09/25/2021,LGB,CA,AWP,WE,Towers with Radar,60,14,50,1,125,0,5,319,2,326,60,19,369,3,451,39,0,39,490
09/26/2021,LGB,CA,AWP,WE,Towers with Radar,96,28,79,2,205,0,0,89,0,89,96,28,168,2,294,80,0,80,374
09/27/2021,LGB,CA,AWP,WE,Towers with Radar,72,22,81,1,176,0,17,95,0,112,72,39,176,1,288,827,0,827,1115
09/28/2021,LGB,CA,AWP,WE,Towers with Radar,65,15,93,0,173,0,25,225,0,250,65,40,318,0,423,920,0,920,1343
09/29/2021,LGB,CA,AWP,WE,Towers with Radar,68,5,92,0,165,0,15,241,0,256,68,20,333,0,421,688,0,688,1109
09/30/2021,LGB,CA,AWP,WE,Towers with Radar,70,11,61,1,143,0,17,242,1,260,70,28,303,2,403,651,0,651,1054
10/01/2021,LGB,CA,AWP,WE,Towers with Radar,68,11,69,1,149,0,18,247,1,266,68,29,316,2,415,520,0,520,935
10/02/2021,LGB,CA,AWP,WE,Towers with Radar,62,7,32,0,101,0,4,313,0,317,62,11,345,0,418,393,0,393,811
10/03/2021,LGB,CA,AWP,WE,Towers with Radar,90,4,47,4,145,0,1,190,4,195,90,5,237,8,340,402,0,402,742
10/04/2021,LGB,CA,AWP,WE,Towers with Radar,67,8,51,4,130,0,11,219,11,241,67,19,270,15,371,690,0,690,1061
10/05/2021,LGB,CA,AWP,WE,Towers with Radar,67,12,88,3,170,0,28,304,4,336,67,40,392,7,506,962,0,962,1468
10/06/2021,LGB,CA,AWP,WE,Towers with Radar,69,8,114,9,200,0,15,195,0,210,69,23,309,9,410,572,0,572,982
10/07/2021,LGB,CA,AWP,WE,Towers with Radar,84,8,101,6,199,0,14,152,0,166,84,22,253,6,365,796,0,796,1161
10/08/2021,LGB,CA,AWP,WE,Towers with Radar,88,11,69,2,170,0,16,192,2,210,88,27,261,4,380,547,0,547,927
10/09/2021,LGB,CA,AWP,WE,Towers with Radar,66,6,62,0,134,0,7,298,0,305,66,13,360,0,439,366,0,366,805
10/10/2021,LGB,CA,AWP,WE,Towers with Radar,67,8,58,0,133,0,3,213,0,216,67,11,271,0,349,449,0,449,798
10/11/2021,LGB,CA,AWP,WE,Towers with Radar,72,16,75,1,164,0,15,138,1,154,72,31,213,2,318,349,0,349,667
10/12/2021,LGB,CA,AWP,WE,Towers with Radar,74,12,80,3,169,0,28,206,0,234,74,40,286,3,403,385,0,385,788
10/13/2021,LGB,CA,AWP,WE,Towers with Radar,79,11,97,4,191,0,16,308,0,324,79,27,405,4,515,749,0,749,1264
10/14/2021,LGB,CA,AWP,WE,Towers with Radar,82,18,106,2,208,0,15,302,0,317,82,33,408,2,525,734,0,734,1259
10/15/2021,LGB,CA,AWP,WE,Towers with Radar,91,11,68,0,170,0,15,263,0,278,91,26,331,0,448,592,0,592,1040
10/16/2021,LGB,CA,AWP,WE,Towers with Radar,81,4,50,0,135,0,4,305,0,309,81,8,355,0,444,574,0,574,1018
10/17/2021,LGB,CA,AWP,WE,Towers with Radar,89,5,48,0,142,0,1,216,0,217,89,6,264,0,359,470,0,470,829
10/18/2021,LGB,CA,AWP,WE,Towers with Radar,87,11,78,1,177,0,17,209,0,226,87,28,287,1,403,739,0,739,1142
10/19/2021,LGB,CA,AWP,WE,Towers with Radar,76,8,91,3,178,0,27,262,0,289,76,35,353,3,467,795,0,795,1262
10/20/2021,LGB,CA,AWP,WE,Towers with Radar,76,20,117,3,216,0,18,316,2,336,76,38,433,5,552,881,0,881,1433
10/21/2021,LGB,CA,AWP,WE,Towers with Radar,82,13,91,3,189,0,19,285,0,304,82,32,376,3,493,909,0,909,1402
10/22/2021,LGB,CA,AWP,WE,Towers with Radar,80,9,82,5,176,0,16,182,1,199,80,25,264,6,375,506,0,506,881
10/23/2021,LGB,CA,AWP,WE,Towers with Radar,77,11,39,1,128,0,13,96,0,109,77,24,135,1,237,195,0,195,432
10/24/2021,LGB,CA,AWP,WE,Towers with Radar,88,7,52,0,147,0,2,205,0,207,88,9,257,0,354,500,0,500,854
10/25/2021,LGB,CA,AWP,WE,Towers with Radar,89,10,27,0,126,0,1,29,0,30,89,11,56,0,156,0,0,0,156
10/26/2021,LGB,CA,AWP,WE,Towers with Radar,77,11,102,2,192,0,36,297,0,333,77,47,399,2,525,802,0,802,1327
10/27/2021,LGB,CA,AWP,WE,Towers with Radar,79,9,90,0,178,0,25,290,0,315,79,34,380,0,493,881,0,881,1374
10/28/2021,LGB,CA,AWP,WE,Towers with Radar,85,5,97,2,189,0,8,246,0,254,85,13,343,2,443,691,0,691,1134
10/29/2021,LGB,CA,AWP,WE,Towers with Radar,87,13,83,1,184,0,18,291,0,309,87,31,374,1,493,791,0,791,1284
10/30/2021,LGB,CA,AWP,WE,Towers with Radar,75,9,81,0,165,0,1,157,1,159,75,10,238,1,324,354,0,354,678
10/31/2021,LGB,CA,AWP,WE,Towers with Radar,80,3,64,1,148,0,0,133,0,133,80,3,197,1,281,594,0,594,875
11/01/2021,LGB,CA,AWP,WE,Towers with Radar,86,6,59,3,154,0,5,117,0,122,86,11,176,3,276,500,0,500,776
11/02/2021,LGB,CA,AWP,WE,Towers with Radar,82,13,115,1,211,0,23,170,0,193,82,36,285,1,404,609,0,609,1013
11/03/2021,LGB,CA,AWP,WE,Towers with Radar,86,6,90,2,184,0,4,203,1,208,86,10,293,3,392,584,0,584,976
11/04/2021,LGB,CA,AWP,WE,Towers with Radar,95,13,104,8,220,0,5,116,0,121,95,18,220,8,341,414,0,414,755
11/05/2021,LGB,CA,AWP,WE,Towers with Radar,102,11,83,3,199,0,0,104,0,104,102,11,187,3,303,186,0,186,489
11/06/2021,LGB,CA,AWP,WE,Towers with Radar,79,11,119,6,215,0,0,224,0,224,79,11,343,6,439,161,0,161,600
11/07/2021,LGB,CA,AWP,WE,Towers with Radar,93,6,66,5,170,0,1,106,0,107,93,7,172,5,277,331,0,331,608
11/08/2021,LGB,CA,AWP,WE,Towers with Radar,88,6,88,8,190,0,23,239,1,263,88,29,327,9,453,641,0,641,1094
11/09/2021,LGB,CA,AWP,WE,Towers with Radar,91,12,64,10,177,0,17,219,0,236,91,29,283,10,413,764,0,764,1177
11/10/2021,LGB,CA,AWP,WE,Towers with Radar,91,16,79,4,190,0,18,273,0,291,91,34,352,4,481,770,0,770,1251
11/11/2021,LGB,CA,AWP,WE,Towers with Radar,93,11,75,0,179,0,18,431,0,449,93,29,506,0,628,1017,0,1017,1645
11/12/2021,LGB,CA,AWP,WE,Towers with Radar,96,3,89,0,188,0,16,308,0,324,96,19,397,0,512,831,0,831,1343
11/13/2021,LGB,CA,AWP,WE,Towers with Radar,82,4,67,2,155,0,3,343,0,346,82,7,410,2,501,588,0,588,1089
11/14/2021,LGB,CA,AWP,WE,Towers with Radar,94,13,51,0,158,0,0,268,0,268,94,13,319,0,426,679,0,679,1105
11/15/2021,LGB,CA,AWP,WE,Towers with Radar,92,13,59,0,164,0,19,240,0,259,92,32,299,0,423,725,0,725,1148
11/16/2021,LGB,CA,AWP,WE,Towers with Radar,93,18,100,1,212,0,0,126,0,126,93,18,226,1,338,372,0,372,710
11/17/2021,LGB,CA,AWP,WE,Towers with Radar,95,12,98,3,208,0,9,251,1,261,95,21,349,4,469,607,0,607,1076
11/18/2021,LGB,CA,AWP,WE,Towers with Radar,92,21,127,3,243,0,4,123,0,127,92,25,250,3,370,308,0,308,678
11/19/2021,LGB,CA,AWP,WE,Towers with Radar,92,15,87,8,202,0,4,175,0,179,92,19,262,8,381,509,0,509,890
11/20/2021,LGB,CA,AWP,WE,Towers with Radar,78,8,105,8,199,0,0,100,0,100,78,8,205,8,299,100,0,100,399
11/21/2021,LGB,CA,AWP,WE,Towers with Radar,91,8,45,4,148,0,0,227,0,227,91,8,272,4,375,496,0,496,871
11/22/2021,LGB,CA,AWP,WE,Towers with Radar,93,14,97,2,206,0,26,231,0,257,93,40,328,2,463,759,0,759,1222
11/23/2021,LGB,CA,AWP,WE,Towers with Radar,95,4,88,1,188,0,27,268,0,295,95,31,356,1,483,937,0,937,1420
11/24/2021,LGB,CA,AWP,WE,Towers with Radar,98,18,51,0,167,0,21,265,0,286,98,39,316,0,453,918,0,918,1371
11/25/2021,LGB,CA,AWP,WE,Towers with Radar,85,3,9,0,97,0,1,64,0,65,85,4,73,0,162,85,0,85,247
11/26/2021,LGB,CA,AWP,WE,Towers with Radar,93,6,64,0,163,0,9,216,0,225,93,15,280,0,388,563,0,563,951
11/27/2021,LGB,CA,AWP,WE,Towers with Radar,83,7,75,0,165,0,3,277,0,280,83,10,352,0,445,486,0,486,931
11/28/2021,LGB,CA,AWP,WE,Towers with Radar,94,10,73,0,177,0,8,207,0,215,94,18,280,0,392,455,0,455,847
11/29/2021,LGB,CA,AWP,WE,Towers with Radar,96,6,86,2,190,0,14,210,0,224,96,20,296,2,414,713,0,713,1127
11/30/2021,LGB,CA,AWP,WE,Towers with Radar,94,13,78,3,188,0,9,194,1,204,94,22,272,4,392,671,0,671,1063
12/01/2021,LGB,CA,AWP,WE,Towers with Radar,109,22,99,2,232,0,7,41,0,48,109,29,140,2,280,155,0,155,435
12/02/2021,LGB,CA,AWP,WE,Towers with Radar,96,28,81,3,208,0,2,94,0,96,96,30,175,3,304,166,0,166,470
12/03/2021,LGB,CA,AWP,WE,Towers with Radar,89,13,92,2,196,0,2,158,0,160,89,15,250,2,356,349,0,349,705
12/04/2021,LGB,CA,AWP,WE,Towers with Radar,80,12,82,0,174,0,4,189,0,193,80,16,271,0,367,595,0,595,962
12/05/2021,LGB,CA,AWP,WE,Towers with Radar,93,4,58,0,155,0,0,136,0,136,93,4,194,0,291,293,0,293,584
12/06/2021,LGB,CA,AWP,WE,Towers with Radar,81,16,77,1,175,0,2,75,0,77,81,18,152,1,252,264,0,264,516
12/07/2021,LGB,CA,AWP,WE,Towers with Radar,93,13,99,4,209,0,15,156,1,172,93,28,255,5,381,623,1,624,1005
12/08/2021,LGB,CA,AWP,WE,Towers with Radar,94,26,97,4,221,0,8,291,0,299,94,34,388,4,520,793,0,793,1313
12/09/2021,LGB,CA,AWP,WE,Towers with Radar,93,5,60,2,160,0,11,74,0,85,93,16,134,2,245,534,0,534,779
12/10/2021,LGB,CA,AWP,WE,Towers with Radar,93,9,93,0,195,0,15,307,0,322,93,24,400,0,517,837,0,837,1354
12/11/2021,LGB,CA,AWP,WE,Towers with Radar,80,2,61,0,143,0,3,320,0,323,80,5,381,0,466,614,0,614,1080
12/12/2021,LGB,CA,AWP,WE,Towers with Radar,91,8,73,0,172,0,2,270,0,272,91,10,343,0,444,706,0,706,1150
12/13/2021,LGB,CA,AWP,WE,Towers with Radar,92,9,81,0,182,0,15,177,0,192,92,24,258,0,374,736,0,736,1110
12/14/2021,LGB,CA,AWP,WE,Towers with Radar,89,5,24,0,118,0,0,25,0,25,89,5,49,0,143,8,0,8,151
12/15/2021,LGB,CA,AWP,WE,Towers with Radar,91,12,84,1,188,0,23,356,0,379,91,35,440,1,567,813,0,813,1380
12/16/2021,LGB,CA,AWP,WE,Towers with Radar,92,13,82,0,187,0,17,192,1,210,92,30,274,1,397,677,0,677,1074
12/17/2021,LGB,CA,AWP,WE,Towers with Radar,92,15,104,0,211,0,15,321,3,339,92,30,425,3,550,807,0,807,1357
12/18/2021,LGB,CA,AWP,WE,Towers with Radar,81,13,74,0,168,0,5,297,0,302,81,18,371,0,470,632,0,632,1102
12/19/2021,LGB,CA,AWP,WE,Towers with Radar,89,10,60,0,159,0,1,254,0,255,89,11,314,0,414,521,0,521,935
12/20/2021,LGB,CA,AWP,WE,Towers with Radar,92,14,70,2,178,0,23,188,0,211,92,37,258,2,389,711,0,711,1100
12/21/2021,LGB,CA,AWP,WE,Towers with Radar,92,14,65,0,171,0,21,308,0,329,92,35,373,0,500,806,0,806,1306
12/22/2021,LGB,CA,AWP,WE,Towers with Radar,92,12,73,0,177,0,21,275,1,297,92,33,348,1,474,836,0,836,1310
12/23/2021,LGB,CA,AWP,WE,Towers with Radar,95,4,35,0,134,0,9,28,4,41,95,13,63,4,175,162,0,162,337
12/24/2021,LGB,CA,AWP,WE,Towers with Radar,88,3,23,0,114,0,9,96,0,105,88,12,119,0,219,216,0,216,435
12/25/2021,LGB,CA,AWP,WE,Towers with Radar,76,7,10,0,93,0,0,23,0,23,76,7,33,0,116,42,0,42,158
12/26/2021,LGB,CA,AWP,WE,Towers with Radar,88,1,52,0,141,0,1,223,0,224,88,2,275,0,365,484,0,484,849
12/27/2021,LGB,CA,AWP,WE,Towers with Radar,89,11,51,0,151,0,5,73,0,78,89,16,124,0,229,261,0,261,490
12/28/2021,LGB,CA,AWP,WE,Towers with Radar,89,9,46,0,144,0,10,106,2,118,89,19,152,2,262,420,0,420,682
12/29/2021,LGB,CA,AWP,WE,Towers with Radar,93,10,24,0,127,0,7,31,0,38,93,17,55,0,165,105,0,105,270
12/30/2021,LGB,CA,AWP,WE,Towers with Radar,95,11,29,0,135,0,0,11,0,11,95,11,40,0,146,6,0,6,152
12/31/2021,LGB,CA,AWP,WE,Towers with Radar,91,4,49,0,144,0,7,149,0,156,91,11,198,0,300,410,0,410,710
01/01/2022,LGB,CA,AWP,WE,Towers with Radar,70,7,23,0,100,0,2,170,0,172,70,9,193,0,272,322,0,322,594
01/02/2022,LGB,CA,AWP,WE,Towers with Radar,85,7,72,2,166,0,2,190,0,192,85,9,262,2,358,440,0,440,798
01/03/2022,LGB,CA,AWP,WE,Towers with Radar,82,12,66,3,163,0,11,232,1,244,82,23,298,4,407,727,0,727,1134
01/04/2022,LGB,CA,AWP,WE,Towers with Radar,83,6,77,0,166,0,11,238,0,249,83,17,315,0,415,646,0,646,1061
01/05/2022,LGB,CA,AWP,WE,Towers with Radar,81,9,73,0,163,0,15,259,0,274,81,24,332,0,437,748,0,748,1185
01/06/2022,LGB,CA,AWP,WE,Towers with Radar,81,10,87,0,178,0,8,218,0,226,81,18,305,0,404,450,0,450,854
01/07/2022,LGB,CA,AWP,WE,Towers with Radar,82,10,81,0,173,0,0,26,0,26,82,10,107,0,199,12,0,12,211
01/08/2022,LGB,CA,AWP,WE,Towers with Radar,76,7,44,0,127,0,13,200,0,213,76,20,244,0,340,342,0,342,682
01/09/2022,LGB,CA,AWP,WE,Towers with Radar,83,7,60,0,150,0,3,280,0,283,83,10,340,0,433,563,0,563,996
01/10/2022,LGB,CA,AWP,WE,Towers with Radar,89,11,59,1,160,0,9,243,1,253,89,20,302,2,413,367,0,367,780
01/11/2022,LGB,CA,AWP,WE,Towers with Radar,87,5,44,2,138,0,12,313,1,326,87,17,357,3,464,11,0,11,475
01/12/2022,LGB,CA,AWP,WE,Towers with Radar,88,5,54,0,147,0,13,299,0,312,88,18,353,0,459,7,0,7,466
01/13/2022,LGB,CA,AWP,WE,Towers with Radar,221,15,29,1,266,0,12,242,1,255,221,27,271,2,521,7,0,7,528
01/14/2022,LGB,CA,AWP,WE,Towers with Radar,91,5,55,1,152,0,10,285,2,297,91,15,340,3,449,6,0,6,455
01/15/2022,LGB,CA,AWP,WE,Towers with Radar,77,6,35,2,120,0,4,222,0,226,77,10,257,2,346,9,0,9,355
01/16/2022,LGB,CA,AWP,WE,Towers with Radar,83,4,43,2,132,0,0,220,0,220,83,4,263,2,352,18,0,18,370
01/17/2022,LGB,CA,AWP,WE,Towers with Radar,88,6,73,2,169,0,5,167,0,172,88,11,240,2,341,6,0,6,347
01/18/2022,LGB,CA,AWP,WE,Towers with Radar,92,17,71,0,180,0,8,138,1,147,92,25,209,1,327,6,0,6,333
01/19/2022,LGB,CA,AWP,WE,Towers with Radar,88,8,86,0,182,0,18,166,0,184,88,26,252,0,366,0,0,0,366
01/20/2022,LGB,CA,AWP,WE,Towers with Radar,87,13,94,3,197,0,19,364,0,383,87,32,458,3,580,1034,0,1034,1614
01/21/2022,LGB,CA,AWP,WE,Towers with Radar,91,7,87,3,188,0,4,209,1,214,91,11,296,4,402,626,0,626,1028
01/22/2022,LGB,CA,AWP,WE,Towers with Radar,78,6,42,6,132,0,2,194,0,196,78,8,236,6,328,487,0,487,815
01/23/2022,LGB,CA,AWP,WE,Towers with Radar,90,12,42,3,147,0,0,196,0,196,90,12,238,3,343,506,0,506,849
01/24/2022,LGB,CA,AWP,WE,Towers with Radar,85,7,73,2,167,0,13,276,0,289,85,20,349,2,456,802,0,802,1258
01/25/2022,LGB,CA,AWP,WE,Towers with Radar,88,6,58,4,156,0,18,221,2,241,88,24,279,6,397,755,0,755,1152
01/26/2022,LGB,CA,AWP,WE,Towers with Radar,89,7,73,2,171,0,26,275,1,302,89,33,348,3,473,636,0,636,1109
01/27/2022,LGB,CA,AWP,WE,Towers with Radar,89,4,77,5,175,0,8,273,3,284,89,12,350,8,459,895,0,895,1354
01/28/2022,LGB,CA,AWP,WE,Towers with Radar,90,3,53,2,148,0,13,275,0,288,90,16,328,2,436,495,0,495,931
01/29/2022,LGB,CA,AWP,WE,Towers with Radar,77,0,79,2,158,0,2,305,0,307,77,2,384,2,465,620,1,621,1086
01/30/2022,LGB,CA,AWP,WE,Towers with Radar,91,3,58,2,154,0,1,244,0,245,91,4,302,2,399,608,0,608,1007
01/31/2022,LGB,CA,AWP,WE,Towers with Radar,87,16,66,2,171,0,15,167,2,184,87,31,233,4,355,496,0,496,851
02/01/2022,LGB,CA,AWP,WE,Towers with Radar,86,9,101,3,199,0,7,205,0,212,86,16,306,3,411,681,0,681,1092
02/02/2022,LGB,CA,AWP,WE,Towers with Radar,85,8,46,4,143,0,10,174,2,186,85,18,220,6,329,518,1,519,848
02/03/2022,LGB,CA,AWP,WE,Towers with Radar,69,14,108,2,193,0,9,304,1,314,69,23,412,3,507,764,0,764,1271
02/04/2022,LGB,CA,AWP,WE,Towers with Radar,85,8,41,6,140,0,11,227,0,238,85,19,268,6,378,557,0,557,935
02/05/2022,LGB,CA,AWP,WE,Towers with Radar,77,6,50,2,135,0,1,252,1,254,77,7,302,3,389,689,0,689,1078
02/06/2022,LGB,CA,AWP,WE,Towers with Radar,83,19,59,4,165,0,0,281,0,281,83,19,340,4,446,493,0,493,939
02/07/2022,LGB,CA,AWP,WE,Towers with Radar,87,10,102,1,200,0,18,264,0,282,87,28,366,1,482,798,0,798,1280
02/08/2022,LGB,CA,AWP,WE,Towers with Radar,85,7,89,2,183,0,30,233,0,263,85,37,322,2,446,822,0,822,1268
02/09/2022,LGB,CA,AWP,WE,Towers with Radar,88,6,73,2,169,0,17,259,5,281,88,23,332,7,450,589,0,589,1039
02/10/2022,LGB,CA,AWP,WE,Towers with Radar,88,24,58,0,170,0,14,210,0,224,88,38,268,0,394,603,0,603,997
02/11/2022,LGB,CA,AWP,WE,Towers with Radar,92,32,113,1,238,0,27,260,0,287,92,59,373,1,525,508,0,508,1033
02/12/2022,LGB,CA,AWP,WE,Towers with Radar,78,11,72,0,161,0,4,280,0,284,78,15,352,0,445,488,0,488,933
02/13/2022,LGB,CA,AWP,WE,Towers with Radar,84,38,60,0,182,0,0,137,1,138,84,38,197,1,320,271,0,271,591
02/14/2022,LGB,CA,AWP,WE,Towers with Radar,86,35,104,0,225,0,11,158,0,169,86,46,262,0,394,322,0,322,716
02/15/2022,LGB,CA,AWP,WE,Towers with Radar,87,8,68,0,163,0,16,133,0,149,87,24,201,0,312,543,0,543,855
02/16/2022,LGB,CA,AWP,WE,Towers with Radar,87,16,99,1,203,0,21,259,1,281,87,37,358,2,484,914,0,914,1398
02/17/2022,LGB,CA,AWP,WE,Towers with Radar,87,12,65,4,168,0,10,245,0,255,87,22,310,4,423,712,0,712,1135
02/18/2022,LGB,CA,AWP,WE,Towers with Radar,90,12,92,0,194,0,8,326,0,334,90,20,418,0,528,1041,0,1041,1569
02/19/2022,LGB,CA,AWP,WE,Towers with Radar,76,4,63,2,145,0,2,170,1,173,76,6,233,3,318,515,0,515,833
02/20/2022,LGB,CA,AWP,WE,Towers with Radar,83,11,62,0,156,0,0,221,0,221,83,11,283,0,377,419,0,419,796
02/21/2022,LGB,CA,AWP,WE,Towers with Radar,89,8,82,0,179,0,13,144,0,157,89,21,226,0,336,672,0,672,1008
02/22/2022,LGB,CA,AWP,WE,Towers with Radar,89,25,31,0,145,0,15,98,0,113,89,40,129,0,258,237,0,237,495
02/23/2022,LGB,CA,AWP,WE,Towers with Radar,82,13,74,0,169,0,18,190,7,215,82,31,264,7,384,456,0,456,840
02/24/2022,LGB,CA,AWP,WE,Towers with Radar,86,12,135,0,233,0,17,277,1,295,86,29,412,1,528,795,0,795,1323
02/25/2022,LGB,CA,AWP,WE,Towers with Radar,90,8,93,0,191,0,10,300,3,313,90,18,393,3,504,928,0,928,1432
02/26/2022,LGB,CA,AWP,WE,Towers with Radar,78,9,61,0,148,0,5,274,0,279,78,14,335,0,427,695,0,695,1122
02/27/2022,LGB,CA,AWP,WE,Towers with Radar,86,19,52,0,157,0,1,229,0,230,86,20,281,0,387,508,0,508,895
02/28/2022,LGB,CA,AWP,WE,Towers with Radar,90,13,74,1,178,0,15,217,0,232,90,28,291,1,410,761,0,761,1171
03/01/2022,LGB,CA,AWP,WE,Towers with Radar,88,13,55,1,157,0,24,327,0,351,88,37,382,1,508,839,0,839,1347
03/02/2022,LGB,CA,AWP,WE,Towers with Radar,89,15,81,0,185,0,16,361,2,379,89,31,442,2,564,840,0,840,1404
03/03/2022,LGB,CA,AWP,WE,Towers with Radar,89,16,77,6,188,0,16,178,0,194,89,32,255,6,382,474,0,474,856
03/04/2022,LGB,CA,AWP,WE,Towers with Radar,92,14,54,1,161,0,10,170,0,180,92,24,224,1,341,360,0,360,701
03/05/2022,LGB,CA,AWP,WE,Towers with Radar,83,11,23,0,117,0,2,109,0,111,83,13,132,0,228,201,0,201,429
03/06/2022,LGB,CA,AWP,WE,Towers with Radar,89,4,73,0,166,0,18,225,0,243,89,22,298,0,409,483,0,483,892
03/07/2022,LGB,CA,AWP,WE,Towers with Radar,90,11,66,0,167,0,17,251,0,268,90,28,317,0,435,667,0,667,1102
03/08/2022,LGB,CA,AWP,WE,Towers with Radar,88,11,64,3,166,0,18,268,2,288,88,29,332,5,454,785,0,785,1239
03/09/2022,LGB,CA,AWP,WE,Towers with Radar,87,10,96,1,194,0,13,206,0,219,87,23,302,1,413,623,0,623,1036
03/10/2022,LGB,CA,AWP,WE,Towers with Radar,90,6,68,5,169,0,15,283,1,299,90,21,351,6,468,589,0,589,1057
03/11/2022,LGB,CA,AWP,WE,Towers with Radar,91,11,67,0,169,0,12,372,0,384,91,23,439,0,553,846,1,847,1400
03/12/2022,LGB,CA,AWP,WE,Towers with Radar,80,3,65,1,149,0,6,334,1,341,80,9,399,2,490,687,0,687,1177
03/13/2022,LGB,CA,AWP,WE,Towers with Radar,85,11,62,0,158,0,0,261,0,261,85,11,323,0,419,607,0,607,1026
03/14/2022,LGB,CA,AWP,WE,Towers with Radar,91,18,85,0,194,0,17,232,0,249,91,35,317,0,443,774,0,774,1217
03/15/2022,LGB,CA,AWP,WE,Towers with Radar,88,11,89,2,190,0,20,277,0,297,88,31,366,2,487,873,0,873,1360
03/16/2022,LGB,CA,AWP,WE,Towers with Radar,90,11,88,1,190,0,14,292,1,307,90,25,380,2,497,729,0,729,1226
03/17/2022,LGB,CA,AWP,WE,Towers with Radar,90,7,81,2,180,0,27,322,0,349,90,34,403,2,529,822,0,822,1351
03/18/2022,LGB,CA,AWP,WE,Towers with Radar,90,5,79,0,174,0,10,331,1,342,90,15,410,1,516,727,0,727,1243
03/19/2022,LGB,CA,AWP,WE,Towers with Radar,83,7,58,1,149,0,4,223,1,228,83,11,281,2,377,317,0,317,694
03/20/2022,LGB,CA,AWP,WE,Towers with Radar,90,7,37,2,136,0,0,143,0,143,90,7,180,2,279,264,0,264,543
03/21/2022,LGB,CA,AWP,WE,Towers with Radar,86,2,56,2,146,0,18,225,1,244,86,20,281,3,390,857,0,857,1247
03/22/2022,LGB,CA,AWP,WE,Towers with Radar,87,4,78,1,170,0,19,303,5,327,87,23,381,6,497,742,0,742,1239
03/23/2022,LGB,CA,AWP,WE,Towers with Radar,88,7,93,1,189,0,12,263,2,277,88,19,356,3,466,800,0,800,1266
03/24/2022,LGB,CA,AWP,WE,Towers with Radar,93,3,90,0,186,0,18,300,0,318,93,21,390,0,504,624,0,624,1128
03/25/2022,LGB,CA,AWP,WE,Towers with Radar,92,3,72,2,169,0,10,214,1,225,92,13,286,3,394,452,0,452,846
03/26/2022,LGB,CA,AWP,WE,Towers with Radar,80,5,78,0,163,0,1,189,0,190,80,6,267,0,353,242,0,242,595
03/27/2022,LGB,CA,AWP,WE,Towers with Radar,90,5,33,0,128,0,0,169,0,169,90,5,202,0,297,513,0,513,810
03/28/2022,LGB,CA,AWP,WE,Towers with Radar,92,9,11,0,112,0,10,20,3,33,92,19,31,3,145,21,0,21,166
03/29/2022,LGB,CA,AWP,WE,Towers with Radar,90,4,82,1,177,0,17,245,0,262,90,21,327,1,439,723,0,723,1162
03/30/2022,LGB,CA,AWP,WE,Towers with Radar,88,6,76,3,173,0,16,241,0,257,88,22,317,3,430,774,0,774,1204
03/31/2022,LGB,CA,AWP,WE,Towers with Radar,89,5,78,0,172,0,17,160,1,178,89,22,238,1,350,661,0,661,1011
04/01/2022,LGB,CA,AWP,WE,Towers with Radar,93,15,95,0,203,0,12,241,0,253,93,27,336,0,456,709,0,709,1165
04/02/2022,LGB,CA,AWP,WE,Towers with Radar,76,13,64,0,153,0,1,124,0,125,76,14,188,0,278,459,0,459,737
04/03/2022,LGB,CA,AWP,WE,Towers with Radar,84,5,71,0,160,0,3,141,0,144,84,8,212,0,304,622,0,622,926
04/04/2022,LGB,CA,AWP,WE,Towers with Radar,90,13,74,3,180,0,13,200,1,214,90,26,274,4,394,557,0,557,951
04/05/2022,LGB,CA,AWP,WE,Towers with Radar,91,10,88,2,191,0,14,258,0,272,91,24,346,2,463,431,0,431,894
04/06/2022,LGB,CA,AWP,WE,Towers with Radar,90,9,86,1,186,0,14,298,0,312,90,23,384,1,498,926,0,926,1424
04/07/2022,LGB,CA,AWP,WE,Towers with Radar,91,8,86,1,186,0,23,228,0,251,91,31,314,1,437,640,0,640,1077
04/08/2022,LGB,CA,AWP,WE,Towers with Radar,91,2,90,2,185,0,15,305,4,324,91,17,395,6,509,571,0,571,1080
04/09/2022,LGB,CA,AWP,WE,Towers with Radar,71,9,79,0,159,0,8,288,0,296,71,17,367,0,455,469,0,469,924
04/10/2022,LGB,CA,AWP,WE,Towers with Radar,90,12,69,0,171,0,0,136,0,136,90,12,205,0,307,290,0,290,597
04/11/2022,LGB,CA,AWP,WE,Towers with Radar,89,17,80,4,190,0,19,202,2,223,89,36,282,6,413,541,0,541,954
04/12/2022,LGB,CA,AWP,WE,Towers with Radar,92,12,35,0,139,0,20,81,0,101,92,32,116,0,240,115,0,115,355
04/13/2022,LGB,CA,AWP,WE,Towers with Radar,92,10,88,2,192,0,18,302,1,321,92,28,390,3,513,935,0,935,1448
04/14/2022,LGB,CA,AWP,WE,Towers with Radar,91,3,62,0,156,0,12,322,0,334,91,15,384,0,490,68,1,69,559
04/15/2022,LGB,CA,AWP,WE,Towers with Radar,91,7,55,0,153,0,14,316,0,330,91,21,371,0,483,217,0,217,700
04/16/2022,LGB,CA,AWP,WE,Towers with Radar,68,7,76,0,151,0,5,213,0,218,68,12,289,0,369,607,0,607,976
04/17/2022,LGB,CA,AWP,WE,Towers with Radar,90,12,54,0,156,0,0,193,0,193,90,12,247,0,349,378,0,378,727
04/18/2022,LGB,CA,AWP,WE,Towers with Radar,93,6,68,3,170,0,16,269,3,288,93,22,337,6,458,71,0,71,529
04/19/2022,LGB,CA,AWP,WE,Towers with Radar,92,8,89,0,189,0,19,241,0,260,92,27,330,0,449,706,0,706,1155
04/20/2022,LGB,CA,AWP,WE,Towers with Radar,90,17,84,0,191,0,15,254,0,269,90,32,338,0,460,834,0,834,1294
04/21/2022,LGB,CA,AWP,WE,Towers with Radar,93,2,107,0,202,0,13,290,0,303,93,15,397,0,505,770,0,770,1275
04/22/2022,LGB,CA,AWP,WE,Towers with Radar,92,6,86,2,186,0,13,166,0,179,92,19,252,2,365,340,0,340,705
04/23/2022,LGB,CA,AWP,WE,Towers with Radar,69,4,79,3,155,0,4,278,0,282,69,8,357,3,437,678,0,678,1115
04/24/2022,LGB,CA,AWP,WE,Towers with Radar,92,1,68,0,161,0,0,280,0,280,92,1,348,0,441,522,0,522,963
04/25/2022,LGB,CA,AWP,WE,Towers with Radar,93,5,71,4,173,0,21,250,0,271,93,26,321,4,444,595,0,595,1039
04/26/2022,LGB,CA,AWP,WE,Towers with Radar,92,5,92,3,192,0,23,275,0,298,92,28,367,3,490,699,0,699,1189
04/27/2022,LGB,CA,AWP,WE,Towers with Radar,90,10,90,0,190,0,22,270,0,292,90,32,360,0,482,760,0,760,1242
04/28/2022,LGB,CA,AWP,WE,Towers with Radar,96,3,66,4,169,0,10,256,2,268,96,13,322,6,437,103,0,103,540
04/29/2022,LGB,CA,AWP,WE,Towers with Radar,94,14,73,0,181,0,10,274,0,284,94,24,347,0,465,412,0,412,877
04/30/2022,LGB,CA,AWP,WE,Towers with Radar,72,9,60,3,144,0,3,247,1,251,72,12,307,4,395,415,0,415,810
05/01/2022,LGB,CA,AWP,WE,Towers with Radar,88,16,59,0,163,0,3,151,0,154,88,19,210,0,317,26,0,26,343
05/02/2022,LGB,CA,AWP,WE,Towers with Radar,92,11,55,2,160,0,16,167,0,183,92,27,222,2,343,82,0,82,425
05/03/2022,LGB,CA,AWP,WE,Towers with Radar,94,9,65,3,171,0,22,250,2,274,94,31,315,5,445,874,0,874,1319
05/04/2022,LGB,CA,AWP,WE,Towers with Radar,93,10,70,2,175,0,14,335,0,349,93,24,405,2,524,897,0,897,1421
05/05/2022,LGB,CA,AWP,WE,Towers with Radar,91,10,89,1,191,0,14,215,1,230,91,24,304,2,421,863,0,863,1284
05/06/2022,LGB,CA,AWP,WE,Towers with Radar,90,8,83,2,183,0,10,317,0,327,90,18,400,2,510,208,0,208,718
05/07/2022,LGB,CA,AWP,WE,Towers with Radar,68,4,42,0,114,0,4,235,1,240,68,8,277,1,354,575,0,575,929
05/08/2022,LGB,CA,AWP,WE,Towers with Radar,85,7,48,0,140,0,0,143,0,143,85,7,191,0,283,454,0,454,737
05/09/2022,LGB,CA,AWP,WE,Towers with Radar,90,7,69,0,166,0,15,211,0,226,90,22,280,0,392,496,0,496,888
05/10/2022,LGB,CA,AWP,WE,Towers with Radar,88,8,82,1,179,0,19,235,0,254,88,27,317,1,433,408,0,408,841
05/11/2022,LGB,CA,AWP,WE,Towers with Radar,90,12,68,0,170,0,12,277,1,290,90,24,345,1,460,190,0,190,650
05/12/2022,LGB,CA,AWP,WE,Towers with Radar,90,7,66,0,163,0,17,311,0,328,90,24,377,0,491,287,0,287,778
05/13/2022,LGB,CA,AWP,WE,Towers with Radar,91,4,61,2,158,0,17,312,0,329,91,21,373,2,487,699,0,699,1186
05/14/2022,LGB,CA,AWP,WE,Towers with Radar,69,9,38,0,116,0,2,322,0,324,69,11,360,0,440,364,0,364,804
05/15/2022,LGB,CA,AWP,WE,Towers with Radar,88,11,60,0,159,0,0,209,0,209,88,11,269,0,368,342,0,342,710
05/16/2022,LGB,CA,AWP,WE,Towers with Radar,90,15,57,0,162,0,11,182,2,195,90,26,239,2,357,635,0,635,992
05/17/2022,LGB,CA,AWP,WE,Towers with Radar,88,21,56,0,165,0,15,233,1,249,88,36,289,1,414,455,0,455,869
05/18/2022,LGB,CA,AWP,WE,Towers with Radar,92,11,125,0,228,0,16,206,4,226,92,27,331,4,454,818,0,818,1272
05/19/2022,LGB,CA,AWP,WE,Towers with Radar,92,23,93,2,210,0,3,40,0,43,92,26,133,2,253,76,0,76,329
05/20/2022,LGB,CA,AWP,WE,Towers with Radar,90,11,85,0,186,0,13,57,1,71,90,24,142,1,257,221,0,221,478
05/21/2022,LGB,CA,AWP,WE,Towers with Radar,69,7,62,0,138,0,7,266,1,274,69,14,328,1,412,151,0,151,563
05/22/2022,LGB,CA,AWP,WE,Towers with Radar,88,5,49,0,142,0,1,187,0,188,88,6,236,0,330,271,0,271,601
05/23/2022,LGB,CA,AWP,WE,Towers with Radar,90,7,78,0,175,0,13,141,0,154,90,20,219,0,329,62,0,62,391
05/24/2022,LGB,CA,AWP,WE,Towers with Radar,89,5,78,0,172,0,15,275,1,291,89,20,353,1,463,98,0,98,561
05/25/2022,LGB,CA,AWP,WE,Towers with Radar,90,12,69,4,175,0,11,210,1,222,90,23,279,5,397,258,1,259,656
05/26/2022,LGB,CA,AWP,WE,Towers with Radar,89,11,46,0,146,1,14,203,0,218,90,25,249,0,364,254,0,254,618
05/27/2022,LGB,CA,AWP,WE,Towers with Radar,92,7,89,1,189,0,17,235,1,253,92,24,324,2,442,533,0,533,975
05/28/2022,LGB,CA,AWP,WE,Towers with Radar,68,4,45,0,117,0,4,193,1,198,68,8,238,1,315,350,0,350,665
05/29/2022,LGB,CA,AWP,WE,Towers with Radar,91,3,43,0,137,0,0,206,0,206,91,3,249,0,343,448,0,448,791
05/30/2022,LGB,CA,AWP,WE,Towers with Radar,88,5,59,0,152,0,1,200,3,204,88,6,259,3,356,560,0,560,916
05/31/2022,LGB,CA,AWP,WE,Towers with Radar,87,3,69,1,160,0,21,262,3,286,87,24,331,4,446,192,0,192,638
06/01/2022,LGB,CA,AWP,WE,Towers with Radar,92,4,87,0,183,0,20,262,0,282,92,24,349,0,465,358,0,358,823
06/02/2022,LGB,CA,AWP,WE,Towers with Radar,90,13,86,5,194,0,13,193,1,207,90,26,279,6,401,718,0,718,1119
06/03/2022,LGB,CA,AWP,WE,Towers with Radar,90,12,70,0,172,0,16,213,0,229,90,28,283,0,401,529,0,529,930
06/04/2022,LGB,CA,AWP,WE,Towers with Radar,66,4,58,5,133,0,3,176,0,179,66,7,234,5,312,324,0,324,636
06/05/2022,LGB,CA,AWP,WE,Towers with Radar,89,7,65,1,162,0,21,182,0,203,89,28,247,1,365,367,0,367,732
06/06/2022,LGB,CA,AWP,WE,Towers with Radar,90,9,86,1,186,0,18,204,1,223,90,27,290,2,409,400,0,400,809
06/07/2022,LGB,CA,AWP,WE,Towers with Radar,89,18,96,0,203,0,16,175,0,191,89,34,271,0,394,213,0,213,607
06/08/2022,LGB,CA,AWP,WE,Towers with Radar,90,29,77,2,198,0,5,55,0,60,90,34,132,2,258,82,0,82,340
06/09/2022,LGB,CA,AWP,WE,Towers with Radar,92,53,55,2,202,0,11,34,0,45,92,64,89,2,247,0,0,0,247
06/10/2022,LGB,CA,AWP,WE,Towers with Radar,92,26,50,6,174,0,15,18,1,34,92,41,68,7,208,6,0,6,214
06/11/2022,LGB,CA,AWP,WE,Towers with Radar,69,23,44,0,136,0,5,167,0,172,69,28,211,0,308,312,0,312,620
06/12/2022,LGB,CA,AWP,WE,Towers with Radar,94,12,60,0,166,0,1,251,0,252,94,13,311,0,418,416,0,416,834
06/13/2022,LGB,CA,AWP,WE,Towers with Radar,92,14,108,1,215,0,6,196,1,203,92,20,304,2,418,571,0,571,989
06/14/2022,LGB,CA,AWP,WE,Towers with Radar,90,17,81,1,189,0,59,267,1,327,90,76,348,2,516,771,0,771,1287
06/15/2022,LGB,CA,AWP,WE,Towers with Radar,90,20,101,5,216,0,14,277,5,296,90,34,378,10,512,708,0,708,1220
06/16/2022,LGB,CA,AWP,WE,Towers with Radar,91,22,99,0,212,0,13,158,1,172,91,35,257,1,384,639,0,639,1023
06/17/2022,LGB,CA,AWP,WE,Towers with Radar,91,7,97,0,195,0,18,252,1,271,91,25,349,1,466,864,0,864,1330
06/18/2022,LGB,CA,AWP,WE,Towers with Radar,70,5,66,0,141,0,5,313,0,318,70,10,379,0,459,539,0,539,998
06/19/2022,LGB,CA,AWP,WE,Towers with Radar,92,5,49,0,146,0,1,237,0,238,92,6,286,0,384,482,0,482,866
06/20/2022,LGB,CA,AWP,WE,Towers with Radar,92,7,83,0,182,0,23,343,0,366,92,30,426,0,548,620,0,620,1168
06/21/2022,LGB,CA,AWP,WE,Towers with Radar,92,5,84,0,181,0,22,296,0,318,92,27,380,0,499,180,0,180,679
06/22/2022,LGB,CA,AWP,WE,Towers with Radar,90,11,68,2,171,0,20,223,3,246,90,31,291,5,417,782,0,782,1199
06/23/2022,LGB,CA,AWP,WE,Towers with Radar,90,13,87,1,191,0,19,244,0,263,90,32,331,1,454,916,0,916,1370
06/24/2022,LGB,CA,AWP,WE,Towers with Radar,92,9,82,0,183,0,18,328,2,348,92,27,410,2,531,530,0,530,1061
06/25/2022,LGB,CA,AWP,WE,Towers with Radar,68,8,63,1,140,0,3,260,1,264,68,11,323,2,404,548,0,548,952
06/26/2022,LGB,CA,AWP,WE,Towers with Radar,90,11,58,0,159,0,0,187,0,187,90,11,245,0,346,488,0,488,834
06/27/2022,LGB,CA,AWP,WE,Towers with Radar,91,10,55,4,160,0,20,242,1,263,91,30,297,5,423,32,0,32,455
06/28/2022,LGB,CA,AWP,WE,Towers with Radar,91,20,81,0,192,0,35,316,0,351,91,55,397,0,543,734,0,734,1277
06/29/2022,LGB,CA,AWP,WE,Towers with Radar,90,13,91,0,194,0,14,280,0,294,90,27,371,0,488,554,0,554,1042
06/30/2022,LGB,CA,AWP,WE,Towers with Radar,93,8,68,0,169,0,16,248,0,264,93,24,316,0,433,75,0,75,508
07/01/2022,LGB,CA,AWP,WE,Towers with Radar,93,18,66,0,177,0,16,297,0,313,93,34,363,0,490,86,0,86,576
07/02/2022,LGB,CA,AWP,WE,Towers with Radar,68,9,52,0,129,0,6,250,0,256,68,15,302,0,385,255,0,255,640
07/03/2022,LGB,CA,AWP,WE,Towers with Radar,86,11,34,0,131,0,0,221,1,222,86,11,255,1,353,144,0,144,497
07/04/2022,LGB,CA,AWP,WE,Towers with Radar,88,2,26,0,116,0,0,183,0,183,88,2,209,0,299,198,0,198,497
07/05/2022,LGB,CA,AWP,WE,Towers with Radar,92,9,70,0,171,0,15,236,0,251,92,24,306,0,422,272,0,272,694
07/06/2022,LGB,CA,AWP,WE,Towers with Radar,90,6,85,2,183,0,38,308,0,346,90,44,393,2,529,32,0,32,561
07/07/2022,LGB,CA,AWP,WE,Towers with Radar,90,9,62,1,162,0,26,278,0,304,90,35,340,1,466,59,0,59,525
07/08/2022,LGB,CA,AWP,WE,Towers with Radar,90,18,97,0,205,0,12,226,0,238,90,30,323,0,443,183,0,183,626
07/09/2022,LGB,CA,AWP,WE,Towers with Radar,70,9,69,0,148,0,3,235,0,238,70,12,304,0,386,53,0,53,439
07/10/2022,LGB,CA,AWP,WE,Towers with Radar,91,8,48,0,147,0,0,244,0,244,91,8,292,0,391,52,0,52,443
07/11/2022,LGB,CA,AWP,WE,Towers with Radar,90,10,36,1,137,0,16,149,1,166,90,26,185,2,303,40,0,40,343
07/12/2022,LGB,CA,AWP,WE,Towers with Radar,90,14,74,0,178,5,46,275,0,326,95,60,349,0,504,105,0,105,609
07/13/2022,LGB,CA,AWP,WE,Towers with Radar,90,15,73,3,181,0,21,278,2,301,90,36,351,5,482,63,0,63,545
07/14/2022,LGB,CA,AWP,WE,Towers with Radar,86,17,86,2,191,0,24,350,0,374,86,41,436,2,565,498,0,498,1063
07/15/2022,LGB,CA,AWP,WE,Towers with Radar,88,10,70,0,168,0,23,308,2,333,88,33,378,2,501,426,0,426,927
07/16/2022,LGB,CA,AWP,WE,Towers with Radar,70,1,67,0,138,0,12,271,0,283,70,13,338,0,421,295,0,295,716
07/17/2022,LGB,CA,AWP,WE,Towers with Radar,86,6,52,0,144,0,0,200,0,200,86,6,252,0,344,157,0,157,501
07/18/2022,LGB,CA,AWP,WE,Towers with Radar,90,9,70,0,169,0,27,279,0,306,90,36,349,0,475,156,0,156,631
07/19/2022,LGB,CA,AWP,WE,Towers with Radar,92,10,69,0,171,0,15,298,0,313,92,25,367,0,484,190,0,190,674
07/20/2022,LGB,CA,AWP,WE,Towers with Radar,89,8,80,0,177,0,20,308,0,328,89,28,388,0,505,178,0,178,683
07/21/2022,LGB,CA,AWP,WE,Towers with Radar,92,7,84,0,183,0,28,369,3,400,92,35,453,3,583,88,0,88,671
07/22/2022,LGB,CA,AWP,WE,Towers with Radar,91,10,67,0,168,0,27,280,0,307,91,37,347,0,475,80,0,80,555
07/23/2022,LGB,CA,AWP,WE,Towers with Radar,67,8,50,2,127,0,1,228,0,229,67,9,278,2,356,422,0,422,778
07/24/2022,LGB,CA,AWP,WE,Towers with Radar,88,5,82,2,177,0,0,221,0,221,88,5,303,2,398,265,0,265,663
07/25/2022,LGB,CA,AWP,WE,Towers with Radar,89,6,69,0,164,0,23,249,0,272,89,29,318,0,436,351,0,351,787
07/26/2022,LGB,CA,AWP,WE,Towers with Radar,100,7,66,0,173,0,28,255,0,283,100,35,321,0,456,527,0,527,983
07/27/2022,LGB,CA,AWP,WE,Towers with Radar,90,17,68,0,175,0,25,338,1,364,90,42,406,1,539,382,0,382,921
07/28/2022,LGB,CA,AWP,WE,Towers with Radar,90,9,69,4,172,0,26,256,1,283,90,35,325,5,455,542,0,542,997
07/29/2022,LGB,CA,AWP,WE,Towers with Radar,92,6,64,0,162,0,20,251,0,271,92,26,315,0,433,588,0,588,1021
07/30/2022,LGB,CA,AWP,WE,Towers with Radar,72,12,47,0,131,0,1,249,0,250,72,13,296,0,381,281,0,281,662
07/31/2022,LGB,CA,AWP,WE,Towers with Radar,86,12,37,0,135,0,0,166,0,166,86,12,203,0,301,337,0,337,638
08/01/2022,LGB,CA,AWP,WE,Towers with Radar,89,6,54,0,149,0,23,308,3,334,89,29,362,3,483,691,0,691,1174
08/02/2022,LGB,CA,AWP,WE,Towers with Radar,91,5,66,0,162,0,33,333,0,366,91,38,399,0,528,770,0,770,1298
08/03/2022,LGB,CA,AWP,WE,Towers with Radar,89,2,75,1,167,0,20,295,0,315,89,22,370,1,482,768,0,768,1250
08/04/2022,LGB,CA,AWP,WE,Towers with Radar,87,12,72,0,171,0,21,272,0,293,87,33,344,0,464,784,0,784,1248
08/05/2022,LGB,CA,AWP,WE,Towers with Radar,87,15,71,2,175,0,19,303,0,322,87,34,374,2,497,594,0,594,1091
08/06/2022,LGB,CA,AWP,WE,Towers with Radar,72,13,44,0,129,0,10,285,0,295,72,23,329,0,424,472,0,472,896
08/07/2022,LGB,CA,AWP,WE,Towers with Radar,86,16,70,0,172,0,3,218,0,221,86,19,288,0,393,302,0,302,695
08/08/2022,LGB,CA,AWP,WE,Towers with Radar,88,11,58,1,158,0,20,277,1,298,88,31,335,2,456,620,0,620,1076
08/09/2022,LGB,CA,AWP,WE,Towers with Radar,88,9,60,3,160,0,22,291,1,314,88,31,351,4,474,839,0,839,1313
08/10/2022,LGB,CA,AWP,WE,Towers with Radar,90,12,77,2,181,0,22,399,0,421,90,34,476,2,602,912,0,912,1514
08/11/2022,LGB,CA,AWP,WE,Towers with Radar,88,11,82,0,181,0,25,338,0,363,88,36,420,0,544,802,0,802,1346
08/12/2022,LGB,CA,AWP,WE,Towers with Radar,90,5,79,0,174,0,16,322,0,338,90,21,401,0,512,361,0,361,873
08/13/2022,LGB,CA,AWP,WE,Towers with Radar,68,7,48,2,125,0,54,219,0,273,68,61,267,2,398,540,0,540,938
08/14/2022,LGB,CA,AWP,WE,Towers with Radar,88,16,62,0,166,0,4,255,0,259,88,20,317,0,425,292,0,292,717
08/15/2022,LGB,CA,AWP,WE,Towers with Radar,87,9,42,1,139,0,18,245,1,264,87,27,287,2,403,421,0,421,824
08/16/2022,LGB,CA,AWP,WE,Towers with Radar,87,9,75,1,172,0,21,312,0,333,87,30,387,1,505,404,0,404,909
08/17/2022,LGB,CA,AWP,WE,Towers with Radar,92,11,62,0,165,0,14,368,0,382,92,25,430,0,547,40,0,40,587
08/18/2022,LGB,CA,AWP,WE,Towers with Radar,90,11,54,0,155,0,25,263,1,289,90,36,317,1,444,622,0,622,1066
08/19/2022,LGB,CA,AWP,WE,Towers with Radar,88,10,74,0,172,0,15,283,0,298,88,25,357,0,470,647,0,647,1117
08/20/2022,LGB,CA,AWP,WE,Towers with Radar,69,5,67,0,141,0,1,172,0,173,69,6,239,0,314,433,0,433,747
08/21/2022,LGB,CA,AWP,WE,Towers with Radar,86,17,66,2,171,0,1,137,0,138,86,18,203,2,309,402,0,402,711
08/22/2022,LGB,CA,AWP,WE,Towers with Radar,87,8,79,0,174,0,16,243,0,259,87,24,322,0,433,388,0,388,821
08/23/2022,LGB,CA,AWP,WE,Towers with Radar,84,15,90,1,190,0,25,289,0,314,84,40,379,1,504,386,0,386,890
08/24/2022,LGB,CA,AWP,WE,Towers with Radar,83,18,85,1,187,0,19,283,1,303,83,37,368,2,490,666,0,666,1156
08/25/2022,LGB,CA,AWP,WE,Towers with Radar,92,10,70,0,172,0,20,281,1,302,92,30,351,1,474,549,0,549,1023
08/26/2022,LGB,CA,AWP,WE,Towers with Radar,89,14,56,0,159,0,12,260,0,272,89,26,316,0,431,706,0,706,1137
08/27/2022,LGB,CA,AWP,WE,Towers with Radar,71,4,48,0,123,0,2,244,0,246,71,6,292,0,369,256,0,256,625
08/28/2022,LGB,CA,AWP,WE,Towers with Radar,88,5,45,0,138,0,0,169,0,169,88,5,214,0,307,289,0,289,596
08/29/2022,LGB,CA,AWP,WE,Towers with Radar,90,5,69,2,166,0,22,218,0,240,90,27,287,2,406,476,0,476,882
08/30/2022,LGB,CA,AWP,WE,Towers with Radar,86,5,71,0,162,0,21,265,1,287,86,26,336,1,449,685,0,685,1134
08/31/2022,LGB,CA,AWP,WE,Towers with Radar,88,12,73,4,177,0,23,347,0,370,88,35,420,4,547,701,0,701,1248
09/01/2022,LGB,CA,AWP,WE,Towers with Radar,90,9,74,1,174,0,28,365,0,393,90,37,439,1,567,900,0,900,1467
09/02/2022,LGB,CA,AWP,WE,Towers with Radar,89,15,72,0,176,0,18,314,0,332,89,33,386,0,508,600,0,600,1108
09/03/2022,LGB,CA,AWP,WE,Towers with Radar,69,4,44,1,118,0,4,260,0,264,69,8,304,1,382,497,0,497,879
09/04/2022,LGB,CA,AWP,WE,Towers with Radar,74,4,37,2,117,0,0,152,0,152,74,4,189,2,269,333,0,333,602
09/05/2022,LGB,CA,AWP,WE,Towers with Radar,87,10,66,0,163,0,0,263,0,263,87,10,329,0,426,710,0,710,1136
09/06/2022,LGB,CA,AWP,WE,Towers with Radar,93,8,76,3,180,0,21,310,0,331,93,29,386,3,511,1025,0,1025,1536
09/07/2022,LGB,CA,AWP,WE,Towers with Radar,90,12,108,0,210,0,24,305,0,329,90,36,413,0,539,446,0,446,985
09/08/2022,LGB,CA,AWP,WE,Towers with Radar,99,6,84,0,189,0,25,319,0,344,99,31,403,0,533,581,0,581,1114
09/09/2022,LGB,CA,AWP,WE,Towers with Radar,92,16,66,0,174,0,2,182,0,184,92,18,248,0,358,328,0,328,686
09/10/2022,LGB,CA,AWP,WE,Towers with Radar,70,4,40,0,114,0,6,193,3,202,70,10,233,3,316,484,0,484,800
09/11/2022,LGB,CA,AWP,WE,Towers with Radar,88,9,65,0,162,0,4,294,3,301,88,13,359,3,463,452,0,452,915
09/12/2022,LGB,CA,AWP,WE,Towers with Radar,94,15,99,0,208,0,25,351,1,377,94,40,450,1,585,665,0,665,1250
09/13/2022,LGB,CA,AWP,WE,Towers with Radar,90,12,95,0,197,0,19,360,0,379,90,31,455,0,576,449,0,449,1025
09/14/2022,LGB,CA,AWP,WE,Towers with Radar,95,9,95,0,199,0,17,390,0,407,95,26,485,0,606,808,0,808,1414
09/15/2022,LGB,CA,AWP,WE,Towers with Radar,92,6,110,2,210,0,26,259,2,287,92,32,369,4,497,533,0,533,1030
09/16/2022,LGB,CA,AWP,WE,Towers with Radar,90,9,81,0,180,0,10,237,3,250,90,19,318,3,430,70,0,70,500
09/17/2022,LGB,CA,AWP,WE,Towers with Radar,68,4,71,0,143,0,2,187,0,189,68,6,258,0,332,345,0,345,677
09/18/2022,LGB,CA,AWP,WE,Towers with Radar,82,11,57,0,150,0,0,172,0,172,82,11,229,0,322,525,0,525,847
09/19/2022,LGB,CA,AWP,WE,Towers with Radar,94,12,92,0,198,0,18,243,0,261,94,30,335,0,459,454,0,454,913
09/20/2022,LGB,CA,AWP,WE,Towers with Radar,89,4,81,0,174,0,18,284,1,303,89,22,365,1,477,730,0,730,1207
09/21/2022,LGB,CA,AWP,WE,Towers with Radar,90,12,73,1,176,0,15,279,0,294,90,27,352,1,470,800,1,801,1271
09/22/2022,LGB,CA,AWP,WE,Towers with Radar,94,17,58,3,172,0,15,295,2,312,94,32,353,5,484,559,0,559,1043
09/23/2022,LGB,CA,AWP,WE,Towers with Radar,95,12,85,1,193,0,15,279,0,294,95,27,364,1,487,660,0,660,1147
09/24/2022,LGB,CA,AWP,WE,Towers with Radar,70,15,44,1,130,0,3,211,0,214,70,18,255,1,344,420,0,420,764
09/25/2022,LGB,CA,AWP,WE,Towers with Radar,85,9,63,0,157,0,0,180,0,180,85,9,243,0,337,293,0,293,630
09/26/2022,LGB,CA,AWP,WE,Towers with Radar,91,6,70,1,168,0,20,244,0,264,91,26,314,1,432,439,0,439,871
09/27/2022,LGB,CA,AWP,WE,Towers with Radar,91,10,96,2,199,0,21,321,1,343,91,31,417,3,542,208,0,208,750
09/28/2022,LGB,CA,AWP,WE,Towers with Radar,95,8,73,0,176,0,8,240,0,248,95,16,313,0,424,596,0,596,1020
09/29/2022,LGB,CA,AWP,WE,Towers with Radar,92,13,78,3,186,0,15,215,0,230,92,28,293,3,416,724,0,724,1140
09/30/2022,LGB,CA,AWP,WE,Towers with Radar,92,9,78,0,179,0,13,236,0,249,92,22,314,0,428,341,0,341,769
10/01/2022,LGB,CA,AWP,WE,Towers with Radar,68,10,57,0,135,0,2,156,0,158,68,12,213,0,293,477,0,477,770
10/02/2022,LGB,CA,AWP,WE,Towers with Radar,90,11,43,2,146,0,3,158,0,161,90,14,201,2,307,317,0,317,624
10/03/2022,LGB,CA,AWP,WE,Towers with Radar,91,15,59,0,165,0,21,236,0,257,91,36,295,0,422,771,0,771,1193
10/04/2022,LGB,CA,AWP,WE,Towers with Radar,90,15,102,0,207,0,26,274,0,300,90,41,376,0,507,990,0,990,1497
10/05/2022,LGB,CA,AWP,WE,Towers with Radar,93,18,99,3,213,0,12,239,0,251,93,30,338,3,464,419,0,419,883
10/06/2022,LGB,CA,AWP,WE,Towers with Radar,90,25,110,0,225,0,10,56,1,67,90,35,166,1,292,250,0,250,542
10/07/2022,LGB,CA,AWP,WE,Towers with Radar,93,12,95,0,200,0,16,267,0,283,93,28,362,0,483,708,0,708,1191
10/08/2022,LGB,CA,AWP,WE,Towers with Radar,69,8,57,0,134,0,0,186,0,186,69,8,243,0,320,280,0,280,600
10/09/2022,LGB,CA,AWP,WE,Towers with Radar,85,9,85,0,179,0,0,166,0,166,85,9,251,0,345,305,0,305,650
10/10/2022,LGB,CA,AWP,WE,Towers with Radar,92,15,80,0,187,0,13,216,0,229,92,28,296,0,416,735,0,735,1151
10/11/2022,LGB,CA,AWP,WE,Towers with Radar,93,18,107,1,219,0,30,175,0,205,93,48,282,1,424,581,0,581,1005
10/12/2022,LGB,CA,AWP,WE,Towers with Radar,92,24,51,2,169,0,6,90,1,97,92,30,141,3,266,274,0,274,540
10/13/2022,LGB,CA,AWP,WE,Towers with Radar,96,44,75,0,215,0,0,9,0,9,96,44,84,0,224,0,0,0,224
10/14/2022,LGB,CA,AWP,WE,Towers with Radar,91,31,65,3,190,0,1,43,0,44,91,32,108,3,234,6,0,6,240
10/15/2022,LGB,CA,AWP,WE,Towers with Radar,70,3,79,0,152,0,17,215,0,232,70,20,294,0,384,148,0,148,532
10/16/2022,LGB,CA,AWP,WE,Towers with Radar,83,11,96,2,192,0,0,209,0,209,83,11,305,2,401,176,0,176,577
10/17/2022,LGB,CA,AWP,WE,Towers with Radar,92,12,89,0,193,0,17,243,2,262,92,29,332,2,455,385,0,385,840
10/18/2022,LGB,CA,AWP,WE,Towers with Radar,94,4,59,0,157,0,23,364,0,387,94,27,423,0,544,663,0,663,1207
10/19/2022,LGB,CA,AWP,WE,Towers with Radar,94,13,75,0,182,0,20,338,0,358,94,33,413,0,540,587,0,587,1127
10/20/2022,LGB,CA,AWP,WE,Towers with Radar,92,9,67,0,168,0,16,337,0,353,92,25,404,0,521,256,0,256,777
10/21/2022,LGB,CA,AWP,WE,Towers with Radar,91,15,87,2,195,0,10,258,0,268,91,25,345,2,463,420,0,420,883
10/22/2022,LGB,CA,AWP,WE,Towers with Radar,68,1,82,0,151,0,3,184,0,187,68,4,266,0,338,40,0,40,378
10/23/2022,LGB,CA,AWP,WE,Towers with Radar,81,11,87,0,179,0,0,262,0,262,81,11,349,0,441,94,0,94,535
10/24/2022,LGB,CA,AWP,WE,Towers with Radar,91,6,66,0,163,0,14,245,0,259,91,20,311,0,422,480,0,480,902
10/25/2022,LGB,CA,AWP,WE,Towers with Radar,92,10,83,1,186,0,20,324,0,344,92,30,407,1,530,640,0,640,1170
10/26/2022,LGB,CA,AWP,WE,Towers with Radar,92,22,87,4,205,0,20,362,4,386,92,42,449,8,591,841,0,841,1432
10/27/2022,LGB,CA,AWP,WE,Towers with Radar,92,12,68,0,172,0,15,292,1,308,92,27,360,1,480,551,0,551,1031
10/28/2022,LGB,CA,AWP,WE,Towers with Radar,93,16,60,1,170,0,10,402,1,413,93,26,462,2,583,393,0,393,976
10/29/2022,LGB,CA,AWP,WE,Towers with Radar,70,3,73,0,146,0,4,353,0,357,70,7,426,0,503,708,0,708,1211
10/30/2022,LGB,CA,AWP,WE,Towers with Radar,85,7,74,1,167,0,1,288,0,289,85,8,362,1,456,339,0,339,795
10/31/2022,LGB,CA,AWP,WE,Towers with Radar,96,9,58,0,163,0,19,226,0,245,96,28,284,0,408,586,0,586,994
11/01/2022,LGB,CA,AWP,WE,Towers with Radar,93,8,79,2,182,0,17,166,0,183,93,25,245,2,365,856,0,856,1221
11/02/2022,LGB,CA,AWP,WE,Towers with Radar,93,7,60,1,161,0,12,217,0,229,93,19,277,1,390,118,0,118,508
11/03/2022,LGB,CA,AWP,WE,Towers with Radar,93,9,61,1,164,0,12,258,0,270,93,21,319,1,434,344,0,344,778
11/04/2022,LGB,CA,AWP,WE,Towers with Radar,93,10,67,2,172,0,18,271,1,290,93,28,338,3,462,705,0,705,1167
11/05/2022,LGB,CA,AWP,WE,Towers with Radar,75,11,54,0,140,0,1,306,1,308,75,12,360,1,448,583,0,583,1031
11/06/2022,LGB,CA,AWP,WE,Towers with Radar,97,8,66,1,172,0,0,243,0,243,97,8,309,1,415,378,0,378,793
11/07/2022,LGB,CA,AWP,WE,Towers with Radar,93,13,74,2,182,0,9,33,0,42,93,22,107,2,224,32,0,32,256
11/08/2022,LGB,CA,AWP,WE,Towers with Radar,93,8,32,0,133,0,8,43,0,51,93,16,75,0,184,47,0,47,231
11/09/2022,LGB,CA,AWP,WE,Towers with Radar,95,16,89,0,200,0,22,353,0,375,95,38,442,0,575,791,0,791,1366
11/10/2022,LGB,CA,AWP,WE,Towers with Radar,95,4,85,0,184,0,12,330,2,344,95,16,415,2,528,88,0,88,616
11/11/2022,LGB,CA,AWP,WE,Towers with Radar,94,6,62,0,162,0,14,364,0,378,94,20,426,0,540,405,0,405,945
11/12/2022,LGB,CA,AWP,WE,Towers with Radar,75,4,61,2,142,0,4,316,0,320,75,8,377,2,462,49,0,49,511
11/13/2022,LGB,CA,AWP,WE,Towers with Radar,93,12,62,1,168,0,0,222,0,222,93,12,284,1,390,594,0,594,984
11/14/2022,LGB,CA,AWP,WE,Towers with Radar,94,10,71,3,178,0,11,292,0,303,94,21,363,3,481,445,0,445,926
11/15/2022,LGB,CA,AWP,WE,Towers with Radar,94,23,85,0,202,0,14,282,1,297,94,37,367,1,499,385,0,385,884
11/16/2022,LGB,CA,AWP,WE,Towers with Radar,94,8,48,2,152,0,8,254,1,263,94,16,302,3,415,293,0,293,708
11/17/2022,LGB,CA,AWP,WE,Towers with Radar,94,12,77,2,185,0,12,317,0,329,94,24,394,2,514,648,0,648,1162
11/18/2022,LGB,CA,AWP,WE,Towers with Radar,94,12,84,0,190,0,7,304,0,311,94,19,388,0,501,335,0,335,836
11/19/2022,LGB,CA,AWP,WE,Towers with Radar,74,6,51,0,131,0,4,239,0,243,74,10,290,0,374,307,0,307,681
11/20/2022,LGB,CA,AWP,WE,Towers with Radar,95,12,58,0,165,0,0,203,0,203,95,12,261,0,368,361,0,361,729
11/21/2022,LGB,CA,AWP,WE,Towers with Radar,95,9,89,0,193,0,7,289,1,297,95,16,378,1,490,356,0,356,846
11/22/2022,LGB,CA,AWP,WE,Towers with Radar,94,9,70,3,176,0,12,269,0,281,94,21,339,3,457,559,0,559,1016
11/23/2022,LGB,CA,AWP,WE,Towers with Radar,94,6,80,1,181,0,12,240,0,252,94,18,320,1,433,106,0,106,539
11/24/2022,LGB,CA,AWP,WE,Towers with Radar,78,5,19,0,102,0,1,84,0,85,78,6,103,0,187,184,0,184,371
11/25/2022,LGB,CA,AWP,WE,Towers with Radar,97,5,49,0,151,0,10,196,0,206,97,15,245,0,357,388,0,388,745
11/26/2022,LGB,CA,AWP,WE,Towers with Radar,74,9,39,0,122,0,6,269,0,275,74,15,308,0,397,526,0,526,923
11/27/2022,LGB,CA,AWP,WE,Towers with Radar,96,13,74,0,183,0,0,176,0,176,96,13,250,0,359,330,0,330,689
11/28/2022,LGB,CA,AWP,WE,Towers with Radar,95,6,67,0,168,0,0,13,0,13,95,6,80,0,181,0,0,0,181
11/29/2022,LGB,CA,AWP,WE,Towers with Radar,96,10,61,0,167,0,12,231,0,243,96,22,292,0,410,443,0,443,853
11/30/2022,LGB,CA,AWP,WE,Towers with Radar,95,10,99,2,206,0,8,222,1,231,95,18,321,3,437,752,0,752,1189
12/01/2022,LGB,CA,AWP,WE,Towers with Radar,96,14,61,0,171,0,12,157,0,169,96,26,218,0,340,572,0,572,912
12/02/2022,LGB,CA,AWP,WE,Towers with Radar,97,13,58,3,171,0,4,75,0,79,97,17,133,3,250,254,0,254,504
12/03/2022,LGB,CA,AWP,WE,Towers with Radar,74,3,77,4,158,0,6,260,0,266,74,9,337,4,424,514,0,514,938
12/04/2022,LGB,CA,AWP,WE,Towers with Radar,105,8,59,2,174,0,0,48,0,48,105,8,107,2,222,216,0,216,438
12/05/2022,LGB,CA,AWP,WE,Towers with Radar,95,8,95,1,199,0,15,266,1,282,95,23,361,2,481,416,0,416,897
12/06/2022,LGB,CA,AWP,WE,Towers with Radar,98,7,85,2,192,0,13,293,0,306,98,20,378,2,498,379,0,379,877
12/07/2022,LGB,CA,AWP,WE,Towers with Radar,96,4,99,2,201,0,10,302,1,313,96,14,401,3,514,236,0,236,750
12/08/2022,LGB,CA,AWP,WE,Towers with Radar,96,11,97,1,205,0,9,279,0,288,96,20,376,1,493,199,0,199,692
12/09/2022,LGB,CA,AWP,WE,Towers with Radar,95,13,96,1,205,0,10,322,0,332,95,23,418,1,537,142,0,142,679
12/10/2022,LGB,CA,AWP,WE,Towers with Radar,73,4,54,0,131,0,2,185,0,187,73,6,239,0,318,271,0,271,589
12/11/2022,LGB,CA,AWP,WE,Towers with Radar,94,8,32,1,135,0,0,50,0,50,94,8,82,1,185,38,0,38,223
12/12/2022,LGB,CA,AWP,WE,Towers with Radar,98,6,63,0,167,0,11,95,0,106,98,17,158,0,273,315,0,315,588
12/13/2022,LGB,CA,AWP,WE,Towers with Radar,99,11,105,0,215,0,8,283,0,291,99,19,388,0,506,417,0,417,923
12/14/2022,LGB,CA,AWP,WE,Towers with Radar,100,12,80,0,192,0,16,300,0,316,100,28,380,0,508,390,0,390,898
12/15/2022,LGB,CA,AWP,WE,Towers with Radar,98,12,81,1,192,0,6,287,0,293,98,18,368,1,485,382,0,382,867
12/16/2022,LGB,CA,AWP,WE,Towers with Radar,100,6,72,0,178,0,5,297,0,302,100,11,369,0,480,499,0,499,979
12/17/2022,LGB,CA,AWP,WE,Towers with Radar,78,9,56,0,143,0,6,216,0,222,78,15,272,0,365,402,0,402,767
12/18/2022,LGB,CA,AWP,WE,Towers with Radar,90,6,56,0,152,0,4,202,1,207,90,10,258,1,359,482,0,482,841
12/19/2022,LGB,CA,AWP,WE,Towers with Radar,95,11,88,0,194,0,8,196,0,204,95,19,284,0,398,299,0,299,697
12/20/2022,LGB,CA,AWP,WE,Towers with Radar,97,9,65,0,171,0,10,242,0,252,97,19,307,0,423,299,0,299,722
12/21/2022,LGB,CA,AWP,WE,Towers with Radar,96,9,99,0,204,0,7,237,0,244,96,16,336,0,448,595,0,595,1043
12/22/2022,LGB,CA,AWP,WE,Towers with Radar,89,12,93,1,195,0,7,278,0,285,89,19,371,1,480,168,0,168,648
12/23/2022,LGB,CA,AWP,WE,Towers with Radar,82,10,47,0,139,0,4,146,0,150,82,14,193,0,289,366,0,366,655
12/24/2022,LGB,CA,AWP,WE,Towers with Radar,35,7,19,0,61,0,1,128,0,129,35,8,147,0,190,382,0,382,572
12/25/2022,LGB,CA,AWP,WE,Towers with Radar,41,6,10,0,57,0,0,79,0,79,41,6,89,0,136,146,0,146,282
12/26/2022,LGB,CA,AWP,WE,Towers with Radar,33,3,57,0,93,0,2,221,0,223,33,5,278,0,316,395,0,395,711
12/27/2022,LGB,CA,AWP,WE,Towers with Radar,30,8,66,0,104,0,2,77,0,79,30,10,143,0,183,287,0,287,470
12/28/2022,LGB,CA,AWP,WE,Towers with Radar,35,12,72,0,119,0,9,138,2,149,35,21,210,2,268,554,0,554,822
12/29/2022,LGB,CA,AWP,WE,Towers with Radar,35,5,61,0,101,0,11,123,0,134,35,16,184,0,235,307,0,307,542
12/30/2022,LGB,CA,AWP,WE,Towers with Radar,94,12,55,0,161,0,0,4,0,4,94,12,59,0,165,0,0,0,165
12/31/2022,LGB,CA,AWP,WE,Towers with Radar,57,0,14,0,71,0,0,0,0,0,57,0,14,0,71,0,0,0,71
01/01/2023,LGB,CA,AWP,WE,Towers with Radar,94,6,19,0,119,0,3,70,0,73,94,9,89,0,192,75,0,75,267
01/02/2023,LGB,CA,AWP,WE,Towers with Radar,93,4,65,0,162,0,9,255,0,264,93,13,320,0,426,128,0,128,554
01/03/2023,LGB,CA,AWP,WE,Towers with Radar,102,4,24,0,130,0,0,5,0,5,102,4,29,0,135,0,0,0,135
01/04/2023,LGB,CA,AWP,WE,Towers with Radar,93,7,29,0,129,0,0,0,0,0,93,7,29,0,129,0,0,0,129
01/05/2023,LGB,CA,AWP,WE,Towers with Radar,94,3,33,3,133,0,0,5,3,8,94,3,38,6,141,0,0,0,141
01/06/2023,LGB,CA,AWP,WE,Towers with Radar,97,15,99,0,211,0,25,329,1,355,97,40,428,1,566,487,0,487,1053
01/07/2023,LGB,CA,AWP,WE,Towers with Radar,84,8,76,0,168,0,4,267,1,272,84,12,343,1,440,672,0,672,1112
01/08/2023,LGB,CA,AWP,WE,Towers with Radar,91,6,75,0,172,0,0,223,0,223,91,6,298,0,395,620,0,620,1015
01/09/2023,LGB,CA,AWP,WE,Towers with Radar,97,15,82,0,194,0,0,22,0,22,97,15,104,0,216,48,0,48,264
01/10/2023,LGB,CA,AWP,WE,Towers with Radar,102,11,68,0,181,0,0,64,0,64,102,11,132,0,245,240,0,240,485
01/11/2023,LGB,CA,AWP,WE,Towers with Radar,91,7,102,0,200,0,26,203,0,229,91,33,305,0,429,781,0,781,1210
01/12/2023,LGB,CA,AWP,WE,Towers with Radar,99,6,95,0,200,0,11,291,1,303,99,17,386,1,503,926,0,926,1429
01/13/2023,LGB,CA,AWP,WE,Towers with Radar,96,4,107,0,207,0,6,299,0,305,96,10,406,0,512,696,0,696,1208
01/14/2023,LGB,CA,AWP,WE,Towers with Radar,73,2,22,0,97,0,1,18,0,19,73,3,40,0,116,74,0,74,190
01/15/2023,LGB,CA,AWP,WE,Towers with Radar,82,13,37,0,132,0,0,122,0,122,82,13,159,0,254,288,0,288,542
01/16/2023,LGB,CA,AWP,WE,Towers with Radar,96,5,31,0,132,0,0,62,0,62,96,5,93,0,194,164,0,164,358
01/17/2023,LGB,CA,AWP,WE,Towers with Radar,95,5,121,0,221,0,20,332,1,353,95,25,453,1,574,684,0,684,1258
01/18/2023,LGB,CA,AWP,WE,Towers with Radar,95,16,123,6,240,0,15,346,6,367,95,31,469,12,607,494,0,494,1101
01/19/2023,LGB,CA,AWP,WE,Towers with Radar,95,9,87,0,191,0,10,203,0,213,95,19,290,0,404,712,0,712,1116
01/20/2023,LGB,CA,AWP,WE,Towers with Radar,96,10,82,0,188,0,9,288,0,297,96,19,370,0,485,762,0,762,1247
01/21/2023,LGB,CA,AWP,WE,Towers with Radar,74,9,73,0,156,0,1,213,0,214,74,10,286,0,370,448,0,448,818
01/22/2023,LGB,CA,AWP,WE,Towers with Radar,86,9,68,0,163,0,1,222,0,223,86,10,290,0,386,402,0,402,788
01/23/2023,LGB,CA,AWP,WE,Towers with Radar,96,12,72,0,180,0,28,228,0,256,96,40,300,0,436,787,0,787,1223
01/24/2023,LGB,CA,AWP,WE,Towers with Radar,96,14,114,4,228,0,8,239,5,252,96,22,353,9,480,652,0,652,1132
01/25/2023,LGB,CA,AWP,WE,Towers with Radar,94,13,119,0,226,0,8,353,0,361,94,21,472,0,587,304,0,304,891
01/26/2023,LGB,CA,AWP,WE,Towers with Radar,97,9,49,0,155,0,8,138,1,147,97,17,187,1,302,273,0,273,575
01/27/2023,LGB,CA,AWP,WE,Towers with Radar,100,15,80,0,195,0,10,281,0,291,100,25,361,0,486,564,0,564,1050
01/28/2023,LGB,CA,AWP,WE,Towers with Radar,74,13,73,0,160,0,3,227,0,230,74,16,300,0,390,458,0,458,848
01/29/2023,LGB,CA,AWP,WE,Towers with Radar,82,10,32,0,124,0,0,131,0,131,82,10,163,0,255,506,0,506,761
01/30/2023,LGB,CA,AWP,WE,Towers with Radar,92,16,37,0,145,0,10,106,1,117,92,26,143,1,262,442,0,442,704
01/31/2023,LGB,CA,AWP,WE,Towers with Radar,88,7,105,0,200,0,5,347,1,353,88,12,452,1,553,680,0,680,1233
02/01/2023,LGB,CA,AWP,WE,Towers with Radar,86,16,98,0,200,0,8,334,0,342,86,24,432,0,542,768,0,768,1310
02/02/2023,LGB,CA,AWP,WE,Towers with Radar,96,13,91,0,200,0,9,281,0,290,96,22,372,0,490,312,0,312,802
02/03/2023,LGB,CA,AWP,WE,Towers with Radar,94,12,108,1,215,0,4,280,1,285,94,16,388,2,500,680,0,680,1180
02/04/2023,LGB,CA,AWP,WE,Towers with Radar,75,8,59,0,142,0,2,273,0,275,75,10,332,0,417,550,0,550,967
02/05/2023,LGB,CA,AWP,WE,Towers with Radar,86,12,54,0,152,0,3,212,6,221,86,15,266,6,373,363,0,363,736
02/06/2023,LGB,CA,AWP,WE,Towers with Radar,97,12,93,1,203,0,11,272,1,284,97,23,365,2,487,831,0,831,1318
02/07/2023,LGB,CA,AWP,WE,Towers with Radar,95,14,97,1,207,0,12,294,0,306,95,26,391,1,513,686,0,686,1199
02/08/2023,LGB,CA,AWP,WE,Towers with Radar,98,9,93,0,200,0,5,366,4,375,98,14,459,4,575,1043,0,1043,1618
02/09/2023,LGB,CA,AWP,WE,Towers with Radar,95,8,94,2,199,0,8,256,2,266,95,16,350,4,465,601,0,601,1066
02/10/2023,LGB,CA,AWP,WE,Towers with Radar,96,8,85,3,192,0,9,283,0,292,96,17,368,3,484,771,0,771,1255
02/11/2023,LGB,CA,AWP,WE,Towers with Radar,74,9,54,5,142,0,2,152,1,155,74,11,206,6,297,506,0,506,803
02/12/2023,LGB,CA,AWP,WE,Towers with Radar,85,9,63,4,161,0,7,189,0,196,85,16,252,4,357,238,0,238,595
02/13/2023,LGB,CA,AWP,WE,Towers with Radar,97,16,90,2,205,0,7,246,0,253,97,23,336,2,458,294,0,294,752
02/14/2023,LGB,CA,AWP,WE,Towers with Radar,96,13,65,2,176,0,8,208,0,216,96,21,273,2,392,735,0,735,1127
02/15/2023,LGB,CA,AWP,WE,Towers with Radar,93,7,106,0,206,0,6,388,2,396,93,13,494,2,602,608,0,608,1210
02/16/2023,LGB,CA,AWP,WE,Towers with Radar,96,14,84,4,198,0,12,345,0,357,96,26,429,4,555,926,0,926,1481
02/17/2023,LGB,CA,AWP,WE,Towers with Radar,95,13,109,0,217,0,8,305,0,313,95,21,414,0,530,776,0,776,1306
02/18/2023,LGB,CA,AWP,WE,Towers with Radar,77,8,79,0,164,0,2,255,0,257,77,10,334,0,421,628,0,628,1049
02/19/2023,LGB,CA,AWP,WE,Towers with Radar,84,6,68,0,158,0,0,280,0,280,84,6,348,0,438,226,0,226,664
02/20/2023,LGB,CA,AWP,WE,Towers with Radar,98,16,99,1,214,0,11,302,0,313,98,27,401,1,527,739,0,739,1266
02/21/2023,LGB,CA,AWP,WE,Towers with Radar,94,18,87,1,200,0,9,142,2,153,94,27,229,3,353,518,0,518,871
02/22/2023,LGB,CA,AWP,WE,Towers with Radar,98,11,37,0,146,0,1,67,0,68,98,12,104,0,214,83,0,83,297
02/23/2023,LGB,CA,AWP,WE,Towers with Radar,96,3,42,2,143,0,24,83,0,107,96,27,125,2,250,535,0,535,785
02/24/2023,LGB,CA,AWP,WE,Towers with Radar,90,5,24,0,119,0,0,9,0,9,90,5,33,0,128,8,0,8,136
02/25/2023,LGB,CA,AWP,WE,Towers with Radar,74,9,27,1,111,0,8,38,0,46,74,17,65,1,157,34,0,34,191
02/26/2023,LGB,CA,AWP,WE,Towers with Radar,84,8,57,2,151,0,1,233,0,234,84,9,290,2,385,549,0,549,934
02/27/2023,LGB,CA,AWP,WE,Towers with Radar,94,15,23,4,136,0,10,66,0,76,94,25,89,4,212,150,0,150,362
02/28/2023,LGB,CA,AWP,WE,Towers with Radar,93,31,59,1,184,0,15,211,1,227,93,46,270,2,411,481,0,481,892
03/01/2023,LGB,CA,AWP,WE,Towers with Radar,85,11,43,0,139,0,0,66,0,66,85,11,109,0,205,65,0,65,270
03/02/2023,LGB,CA,AWP,WE,Towers with Radar,88,20,99,1,208,0,47,387,0,434,88,67,486,1,642,964,0,964,1606
03/03/2023,LGB,CA,AWP,WE,Towers with Radar,90,17,88,5,200,0,15,323,0,338,90,32,411,5,538,969,0,969,1507
03/04/2023,LGB,CA,AWP,WE,Towers with Radar,68,10,59,6,143,0,13,187,1,201,68,23,246,7,344,866,0,866,1210
03/05/2023,LGB,CA,AWP,WE,Towers with Radar,79,11,52,1,143,0,1,97,0,98,79,12,149,1,241,366,0,366,607
03/06/2023,LGB,CA,AWP,WE,Towers with Radar,90,23,73,3,189,0,30,283,1,314,90,53,356,4,503,830,0,830,1333
03/07/2023,LGB,CA,AWP,WE,Towers with Radar,90,15,84,4,193,0,20,314,5,339,90,35,398,9,532,1009,0,1009,1541
03/08/2023,LGB,CA,AWP,WE,Towers with Radar,92,29,93,0,214,0,28,260,1,289,92,57,353,1,503,930,0,930,1433
03/09/2023,LGB,CA,AWP,WE,Towers with Radar,93,25,92,2,212,0,16,323,2,341,93,41,415,4,553,608,0,608,1161
03/10/2023,LGB,CA,AWP,WE,Towers with Radar,100,9,33,0,142,0,0,0,0,0,100,9,33,0,142,0,0,0,142
03/11/2023,LGB,CA,AWP,WE,Towers with Radar,72,11,57,0,140,0,0,0,0,0,72,11,57,0,140,0,0,0,140
03/12/2023,LGB,CA,AWP,WE,Towers with Radar,80,22,47,0,149,0,3,87,0,90,80,25,134,0,239,256,0,256,495
03/13/2023,LGB,CA,AWP,WE,Towers with Radar,93,15,81,3,192,0,15,166,0,181,93,30,247,3,373,640,0,640,1013
03/14/2023,LGB,CA,AWP,WE,Towers with Radar,91,10,25,1,127,0,0,0,0,0,91,10,25,1,127,0,0,0,127
03/15/2023,LGB,CA,AWP,WE,Towers with Radar,90,10,52,2,154,0,0,36,0,36,90,10,88,2,190,176,0,176,366
03/16/2023,LGB,CA,AWP,WE,Towers with Radar,91,30,98,2,221,0,32,266,2,300,91,62,364,4,521,1077,0,1077,1598
03/17/2023,LGB,CA,AWP,WE,Towers with Radar,94,23,98,0,215,0,17,349,0,366,94,40,447,0,581,774,0,774,1355
03/18/2023,LGB,CA,AWP,WE,Towers with Radar,76,23,68,2,169,0,10,294,0,304,76,33,362,2,473,600,0,600,1073
03/19/2023,LGB,CA,AWP,WE,Towers with Radar,82,16,71,1,170,0,4,150,0,154,82,20,221,1,324,399,0,399,723
03/20/2023,LGB,CA,AWP,WE,Towers with Radar,93,13,57,1,164,0,11,144,0,155,93,24,201,1,319,481,0,481,800
03/21/2023,LGB,CA,AWP,WE,Towers with Radar,100,9,20,1,130,0,3,29,0,32,100,12,49,1,162,7,0,7,169
03/22/2023,LGB,CA,AWP,WE,Towers with Radar,93,8,42,0,143,0,13,133,0,146,93,21,175,0,289,372,0,372,661
03/23/2023,LGB,CA,AWP,WE,Towers with Radar,92,6,62,0,160,0,7,289,0,296,92,13,351,0,456,907,0,907,1363
03/24/2023,LGB,CA,AWP,WE,Towers with Radar,94,22,71,0,187,0,9,327,0,336,94,31,398,0,523,578,0,578,1101
03/25/2023,LGB,CA,AWP,WE,Towers with Radar,70,13,62,0,145,0,8,220,1,229,70,21,282,1,374,497,0,497,871
03/26/2023,LGB,CA,AWP,WE,Towers with Radar,80,17,51,0,148,0,0,310,0,310,80,17,361,0,458,427,0,427,885
03/27/2023,LGB,CA,AWP,WE,Towers with Radar,93,20,80,0,193,0,12,323,0,335,93,32,403,0,528,639,0,639,1167
03/28/2023,LGB,CA,AWP,WE,Towers with Radar,92,17,88,1,198,0,17,371,1,389,92,34,459,2,587,530,0,530,1117
03/29/2023,LGB,CA,AWP,WE,Towers with Radar,95,10,42,0,147,0,8,108,1,117,95,18,150,1,264,322,0,322,586
03/30/2023,LGB,CA,AWP,WE,Towers with Radar,92,11,70,0,173,0,3,220,0,223,92,14,290,0,396,523,0,523,919
03/31/2023,LGB,CA,AWP,WE,Towers with Radar,90,32,58,0,180,0,20,290,0,310,90,52,348,0,490,423,0,423,913
04/01/2023,LGB,CA,AWP,WE,Towers with Radar,72,22,36,4,134,0,2,265,0,267,72,24,301,4,401,542,0,542,943
04/02/2023,LGB,CA,AWP,WE,Towers with Radar,79,21,45,2,147,0,2,277,0,279,79,23,322,2,426,513,0,513,939
04/03/2023,LGB,CA,AWP,WE,Towers with Radar,92,7,52,0,151,0,13,140,0,153,92,20,192,0,304,389,0,389,693
04/04/2023,LGB,CA,AWP,WE,Towers with Radar,92,24,65,0,181,0,15,199,0,214,92,39,264,0,395,276,0,276,671
04/05/2023,LGB,CA,AWP,WE,Towers with Radar,94,25,70,7,196,0,12,405,2,419,94,37,475,9,615,904,0,904,1519
04/06/2023,LGB,CA,AWP,WE,Towers with Radar,93,13,72,2,180,0,38,223,0,261,93,51,295,2,441,774,0,774,1215
04/07/2023,LGB,CA,AWP,WE,Towers with Radar,91,20,66,3,180,0,12,327,0,339,91,32,393,3,519,633,0,633,1152
04/08/2023,LGB,CA,AWP,WE,Towers with Radar,74,23,39,4,140,0,10,209,0,219,74,33,248,4,359,371,0,371,730
04/09/2023,LGB,CA,AWP,WE,Towers with Radar,84,13,31,5,133,0,4,159,0,163,84,17,190,5,296,307,0,307,603
04/10/2023,LGB,CA,AWP,WE,Towers with Radar,92,31,55,2,180,0,10,169,0,179,92,41,224,2,359,586,0,586,945
04/11/2023,LGB,CA,AWP,WE,Towers with Radar,92,23,62,0,177,0,9,161,0,170,92,32,223,0,347,607,0,607,954
04/12/2023,LGB,CA,AWP,WE,Towers with Radar,92,9,115,1,217,0,1,78,0,79,92,10,193,1,296,376,0,376,672
04/13/2023,LGB,CA,AWP,WE,Towers with Radar,94,28,89,2,213,0,2,124,0,126,94,30,213,2,339,681,0,681,1020
04/14/2023,LGB,CA,AWP,WE,Towers with Radar,92,38,83,0,213,0,20,258,0,278,92,58,341,0,491,798,0,798,1289
04/15/2023,LGB,CA,AWP,WE,Towers with Radar,75,27,67,5,174,0,10,292,0,302,75,37,359,5,476,646,0,646,1122
04/16/2023,LGB,CA,AWP,WE,Towers with Radar,84,24,69,0,177,0,39,126,6,171,84,63,195,6,348,384,0,384,732
04/17/2023,LGB,CA,AWP,WE,Towers with Radar,96,26,85,3,210,0,18,212,0,230,96,44,297,3,440,389,0,389,829
04/18/2023,LGB,CA,AWP,WE,Towers with Radar,91,6,43,1,141,0,18,265,0,283,91,24,308,1,424,64,0,64,488
04/19/2023,LGB,CA,AWP,WE,Towers with Radar,88,18,44,0,150,0,10,350,1,361,88,28,394,1,511,15,0,15,526
04/20/2023,LGB,CA,AWP,WE,Towers with Radar,94,31,75,0,200,0,19,335,0,354,94,50,410,0,554,813,0,813,1367
04/21/2023,LGB,CA,AWP,WE,Towers with Radar,92,26,69,0,187,0,16,262,0,278,92,42,331,0,465,710,0,710,1175
04/22/2023,LGB,CA,AWP,WE,Towers with Radar,71,14,45,2,132,0,7,285,0,292,71,21,330,2,424,313,0,313,737
04/23/2023,LGB,CA,AWP,WE,Towers with Radar,85,18,58,0,161,0,9,183,0,192,85,27,241,0,353,318,0,318,671
04/24/2023,LGB,CA,AWP,WE,Towers with Radar,91,12,71,3,177,0,11,154,0,165,91,23,225,3,342,842,0,842,1184
04/25/2023,LGB,CA,AWP,WE,Towers with Radar,86,20,40,0,146,0,11,200,0,211,86,31,240,0,357,102,0,102,459
04/26/2023,LGB,CA,AWP,WE,Towers with Radar,92,13,53,1,159,0,6,274,0,280,92,19,327,1,439,51,0,51,490
04/27/2023,LGB,CA,AWP,WE,Towers with Radar,95,27,96,1,219,0,18,275,1,294,95,45,371,2,513,561,0,561,1074
04/28/2023,LGB,CA,AWP,WE,Towers with Radar,97,29,54,0,180,0,9,195,0,204,97,38,249,0,384,669,0,669,1053
04/29/2023,LGB,CA,AWP,WE,Towers with Radar,75,28,45,0,148,0,11,193,6,210,75,39,238,6,358,399,0,399,757
04/30/2023,LGB,CA,AWP,WE,Towers with Radar,85,11,90,0,186,0,2,30,0,32,85,13,120,0,218,11,0,11,229
05/01/2023,LGB,CA,AWP,WE,Towers with Radar,98,28,69,0,195,0,10,211,1,222,98,38,280,1,417,742,0,742,1159
05/02/2023,LGB,CA,AWP,WE,Towers with Radar,89,17,29,0,135,0,6,255,1,262,89,23,284,1,397,130,0,130,527
05/03/2023,LGB,CA,AWP,WE,Towers with Radar,90,14,56,0,160,0,12,247,0,259,90,26,303,0,419,47,0,47,466
05/04/2023,LGB,CA,AWP,WE,Towers with Radar,97,17,48,0,162,0,8,179,1,188,97,25,227,1,350,738,0,738,1088
05/05/2023,LGB,CA,AWP,WE,Towers with Radar,92,25,93,0,210,0,13,240,0,253,92,38,333,0,463,614,0,614,1077
05/06/2023,LGB,CA,AWP,WE,Towers with Radar,76,28,32,0,136,0,10,256,0,266,76,38,288,0,402,626,0,626,1028
05/07/2023,LGB,CA,AWP,WE,Towers with Radar,83,27,39,0,149,0,4,201,0,205,83,31,240,0,354,354,2,356,710
05/08/2023,LGB,CA,AWP,WE,Towers with Radar,93,40,63,0,196,0,14,175,0,189,93,54,238,0,385,838,0,838,1223
05/09/2023,LGB,CA,AWP,WE,Towers with Radar,88,17,52,2,159,0,18,192,0,210,88,35,244,2,369,92,0,92,461
05/10/2023,LGB,CA,AWP,WE,Towers with Radar,88,23,48,0,159,0,13,300,1,314,88,36,348,1,473,88,0,88,561
05/11/2023,LGB,CA,AWP,WE,Towers with Radar,93,37,59,0,189,0,19,259,0,278,93,56,318,0,467,932,0,932,1399
05/12/2023,LGB,CA,AWP,WE,Towers with Radar,89,20,96,0,205,0,20,293,0,313,89,40,389,0,518,900,0,900,1418
05/13/2023,LGB,CA,AWP,WE,Towers with Radar,74,24,62,1,161,0,4,198,0,202,74,28,260,1,363,514,0,514,877
05/14/2023,LGB,CA,AWP,WE,Towers with Radar,82,27,54,3,166,0,4,136,0,140,82,31,190,3,306,244,0,244,550
05/15/2023,LGB,CA,AWP,WE,Towers with Radar,91,15,78,2,186,0,1,71,0,72,91,16,149,2,258,306,0,306,564
05/16/2023,LGB,CA,AWP,WE,Towers with Radar,88,26,38,3,155,0,19,172,0,191,88,45,210,3,346,51,0,51,397
05/17/2023,LGB,CA,AWP,WE,Towers with Radar,88,24,55,2,169,0,16,189,0,205,88,40,244,2,374,86,0,86,460
05/18/2023,LGB,CA,AWP,WE,Towers with Radar,93,15,82,3,193,0,7,88,1,96,93,22,170,4,289,709,0,709,998
05/19/2023,LGB,CA,AWP,WE,Towers with Radar,92,17,114,0,223,0,2,72,0,74,92,19,186,0,297,274,0,274,571
05/20/2023,LGB,CA,AWP,WE,Towers with Radar,74,20,48,0,142,0,3,148,0,151,74,23,196,0,293,452,0,452,745
05/21/2023,LGB,CA,AWP,WE,Towers with Radar,83,27,53,0,163,0,1,121,0,122,83,28,174,0,285,308,0,308,593
05/22/2023,LGB,CA,AWP,WE,Towers with Radar,93,11,87,0,191,0,1,93,0,94,93,12,180,0,285,307,0,307,592
05/23/2023,LGB,CA,AWP,WE,Towers with Radar,90,18,62,1,171,0,8,108,3,119,90,26,170,4,290,142,0,142,432
05/24/2023,LGB,CA,AWP,WE,Towers with Radar,88,22,73,0,183,0,27,240,0,267,88,49,313,0,450,21,0,21,471
05/25/2023,LGB,CA,AWP,WE,Towers with Radar,93,31,85,4,213,0,21,315,0,336,93,52,400,4,549,759,0,759,1308
05/26/2023,LGB,CA,AWP,WE,Towers with Radar,91,38,96,1,226,0,14,251,0,265,91,52,347,1,491,324,0,324,815
05/27/2023,LGB,CA,AWP,WE,Towers with Radar,76,25,53,1,155,0,10,215,0,225,76,35,268,1,380,573,0,573,953
05/28/2023,LGB,CA,AWP,WE,Towers with Radar,83,19,60,1,163,0,4,169,4,177,83,23,229,5,340,596,0,596,936
05/29/2023,LGB,CA,AWP,WE,Towers with Radar,91,15,67,0,173,0,4,178,1,183,91,19,245,1,356,695,0,695,1051
05/30/2023,LGB,CA,AWP,WE,Towers with Radar,92,30,81,0,203,0,20,194,3,217,92,50,275,3,420,886,0,886,1306
05/31/2023,LGB,CA,AWP,WE,Towers with Radar,92,25,61,3,181,0,20,243,1,264,92,45,304,4,445,997,0,997,1442
06/01/2023,LGB,CA,AWP,WE,Towers with Radar,93,42,91,0,226,0,29,326,0,355,93,71,417,0,581,904,0,904,1485
06/02/2023,LGB,CA,AWP,WE,Towers with Radar,92,37,59,4,192,0,19,223,4,246,92,56,282,8,438,721,0,721,1159
06/03/2023,LGB,CA,AWP,WE,Towers with Radar,73,30,56,2,161,0,5,247,0,252,73,35,303,2,413,576,0,576,989
06/04/2023,LGB,CA,AWP,WE,Towers with Radar,87,29,53,1,170,0,0,111,0,111,87,29,164,1,281,382,0,382,663
06/05/2023,LGB,CA,AWP,WE,Towers with Radar,94,12,71,1,178,0,16,217,0,233,94,28,288,1,411,819,0,819,1230
06/06/2023,LGB,CA,AWP,WE,Towers with Radar,94,33,63,5,195,0,18,247,2,267,94,51,310,7,462,797,0,797,1259
06/07/2023,LGB,CA,AWP,WE,Towers with Radar,94,30,74,0,198,0,17,248,0,265,94,47,322,0,463,968,0,968,1431
06/08/2023,LGB,CA,AWP,WE,Towers with Radar,93,38,88,1,220,0,19,318,1,338,93,57,406,2,558,1031,0,1031,1589
06/09/2023,LGB,CA,AWP,WE,Towers with Radar,92,34,62,3,191,0,12,118,2,132,92,46,180,5,323,1124,0,1124,1447
06/10/2023,LGB,CA,AWP,WE,Towers with Radar,74,36,60,1,171,0,2,137,2,141,74,38,197,3,312,577,0,577,889
06/11/2023,LGB,CA,AWP,WE,Towers with Radar,88,13,53,1,155,0,2,97,2,101,88,15,150,3,256,266,0,266,522
06/12/2023,LGB,CA,AWP,WE,Towers with Radar,94,29,82,0,205,0,19,202,0,221,94,48,284,0,426,735,0,735,1161
06/13/2023,LGB,CA,AWP,WE,Towers with Radar,95,36,79,0,210,0,22,278,0,300,95,58,357,0,510,839,0,839,1349
06/14/2023,LGB,CA,AWP,WE,Towers with Radar,94,30,77,0,201,0,18,252,0,270,94,48,329,0,471,1092,0,1092,1563
06/15/2023,LGB,CA,AWP,WE,Towers with Radar,93,31,92,0,216,0,9,199,1,209,93,40,291,1,425,788,0,788,1213
06/16/2023,LGB,CA,AWP,WE,Towers with Radar,99,18,74,0,191,0,19,186,0,205,99,37,260,0,396,833,0,833,1229
06/17/2023,LGB,CA,AWP,WE,Towers with Radar,75,19,51,0,145,0,3,292,0,295,75,22,343,0,440,554,0,554,994
06/18/2023,LGB,CA,AWP,WE,Towers with Radar,87,20,43,0,150,0,0,127,0,127,87,20,170,0,277,250,0,250,527
06/19/2023,LGB,CA,AWP,WE,Towers with Radar,94,28,54,0,176,0,9,197,0,206,94,37,251,0,382,587,0,587,969
06/20/2023,LGB,CA,AWP,WE,Towers with Radar,94,20,47,2,163,0,22,312,0,334,94,42,359,2,497,714,0,714,1211
06/21/2023,LGB,CA,AWP,WE,Towers with Radar,94,26,90,2,212,0,21,319,0,340,94,47,409,2,552,743,0,743,1295
06/22/2023,LGB,CA,AWP,WE,Towers with Radar,93,22,73,0,188,0,27,234,0,261,93,49,307,0,449,845,0,845,1294
06/23/2023,LGB,CA,AWP,WE,Towers with Radar,94,27,74,0,195,0,26,330,0,356,94,53,404,0,551,852,0,852,1403
06/24/2023,LGB,CA,AWP,WE,Towers with Radar,74,16,47,0,137,0,7,279,0,286,74,23,326,0,423,527,0,527,950
06/25/2023,LGB,CA,AWP,WE,Towers with Radar,86,25,47,0,158,0,4,274,0,278,86,29,321,0,436,590,0,590,1026
06/26/2023,LGB,CA,AWP,WE,Towers with Radar,94,18,70,1,183,0,21,259,0,280,94,39,329,1,463,833,0,833,1296
06/27/2023,LGB,CA,AWP,WE,Towers with Radar,94,14,78,0,186,0,21,276,0,297,94,35,354,0,483,497,0,497,980
06/28/2023,LGB,CA,AWP,WE,Towers with Radar,94,20,89,0,203,0,15,265,0,280,94,35,354,0,483,1067,0,1067,1550
06/29/2023,LGB,CA,AWP,WE,Towers with Radar,94,21,91,0,206,0,22,334,0,356,94,43,425,0,562,973,0,973,1535
06/30/2023,LGB,CA,AWP,WE,Towers with Radar,94,21,60,0,175,0,14,269,1,284,94,35,329,1,459,558,0,558,1017
07/01/2023,LGB,CA,AWP,WE,Towers with Radar,74,15,52,0,141,0,7,229,0,236,74,22,281,0,377,464,0,464,841
07/02/2023,LGB,CA,AWP,WE,Towers with Radar,83,12,31,0,126,0,1,162,0,163,83,13,193,0,289,297,0,297,586
07/03/2023,LGB,CA,AWP,WE,Towers with Radar,94,16,58,0,168,0,7,207,0,214,94,23,265,0,382,643,0,643,1025
07/04/2023,LGB,CA,AWP,WE,Towers with Radar,91,5,39,0,135,0,0,166,0,166,91,5,205,0,301,211,0,211,512
07/05/2023,LGB,CA,AWP,WE,Towers with Radar,95,11,51,0,157,0,22,293,0,315,95,33,344,0,472,788,0,788,1260
07/06/2023,LGB,CA,AWP,WE,Towers with Radar,94,28,80,2,204,0,23,247,0,270,94,51,327,2,474,802,0,802,1276
07/07/2023,LGB,CA,AWP,WE,Towers with Radar,94,26,42,4,166,0,22,290,0,312,94,48,332,4,478,798,0,798,1276
07/08/2023,LGB,CA,AWP,WE,Towers with Radar,74,17,39,0,130,0,14,261,4,279,74,31,300,4,409,803,0,803,1212
07/09/2023,LGB,CA,AWP,WE,Towers with Radar,83,8,34,0,125,0,1,193,0,194,83,9,227,0,319,428,0,428,747
07/10/2023,LGB,CA,AWP,WE,Towers with Radar,94,27,51,0,172,0,18,204,0,222,94,45,255,0,394,476,0,476,870
07/11/2023,LGB,CA,AWP,WE,Towers with Radar,98,22,56,1,177,0,21,286,2,309,98,43,342,3,486,616,0,616,1102
07/12/2023,LGB,CA,AWP,WE,Towers with Radar,100,15,65,0,180,0,15,353,0,368,100,30,418,0,548,707,0,707,1255
07/13/2023,LGB,CA,AWP,WE,Towers with Radar,100,20,50,1,171,0,20,314,0,334,100,40,364,1,505,789,0,789,1294
07/14/2023,LGB,CA,AWP,WE,Towers with Radar,100,26,47,1,174,0,23,295,0,318,100,49,342,1,492,863,0,863,1355
07/15/2023,LGB,CA,AWP,WE,Towers with Radar,80,14,41,1,136,0,2,236,1,239,80,16,277,2,375,246,0,246,621
07/16/2023,LGB,CA,AWP,WE,Towers with Radar,86,14,43,0,143,0,0,205,1,206,86,14,248,1,349,346,0,346,695
07/17/2023,LGB,CA,AWP,WE,Towers with Radar,99,24,53,0,176,0,21,270,1,292,99,45,323,1,468,589,0,589,1057
07/18/2023,LGB,CA,AWP,WE,Towers with Radar,100,10,60,0,170,0,15,309,1,325,100,25,369,1,495,565,2,567,1062
07/19/2023,LGB,CA,AWP,WE,Towers with Radar,102,25,58,1,186,0,17,432,1,450,102,42,490,2,636,562,0,562,1198
07/20/2023,LGB,CA,AWP,WE,Towers with Radar,100,19,55,2,176,0,20,314,2,336,100,39,369,4,512,1020,0,1020,1532
07/21/2023,LGB,CA,AWP,WE,Towers with Radar,100,26,67,0,193,0,13,190,0,203,100,39,257,0,396,452,0,452,848
07/22/2023,LGB,CA,AWP,WE,Towers with Radar,81,17,45,2,145,0,4,168,0,172,81,21,213,2,317,324,0,324,641
07/23/2023,LGB,CA,AWP,WE,Towers with Radar,89,33,50,0,172,0,4,110,0,114,89,37,160,0,286,196,0,196,482
07/24/2023,LGB,CA,AWP,WE,Towers with Radar,101,22,45,0,168,0,11,262,0,273,101,33,307,0,441,624,1,625,1066
07/25/2023,LGB,CA,AWP,WE,Towers with Radar,100,31,46,1,178,0,28,294,0,322,100,59,340,1,500,466,0,466,966
07/26/2023,LGB,CA,AWP,WE,Towers with Radar,100,28,57,1,186,0,28,275,3,306,100,56,332,4,492,815,0,815,1307
07/27/2023,LGB,CA,AWP,WE,Towers with Radar,100,13,61,1,175,0,22,311,2,335,100,35,372,3,510,988,0,988,1498
07/28/2023,LGB,CA,AWP,WE,Towers with Radar,102,31,72,2,207,0,11,209,0,220,102,42,281,2,427,561,0,561,988
07/29/2023,LGB,CA,AWP,WE,Towers with Radar,82,22,39,3,146,0,0,192,1,193,82,22,231,4,339,432,0,432,771
07/30/2023,LGB,CA,AWP,WE,Towers with Radar,89,10,70,2,171,0,0,125,0,125,89,10,195,2,296,100,0,100,396
07/31/2023,LGB,CA,AWP,WE,Towers with Radar,102,20,61,0,183,0,11,213,0,224,102,31,274,0,407,526,0,526,933
08/01/2023,LGB,CA,AWP,WE,Towers with Radar,98,29,63,0,190,0,27,317,1,345,98,56,380,1,535,489,0,489,1024
08/02/2023,LGB,CA,AWP,WE,Towers with Radar,101,25,74,0,200,0,15,350,0,365,101,40,424,0,565,594,0,594,1159
08/03/2023,LGB,CA,AWP,WE,Towers with Radar,100,31,53,0,184,0,22,303,1,326,100,53,356,1,510,705,0,705,1215
08/04/2023,LGB,CA,AWP,WE,Towers with Radar,101,46,70,3,220,0,15,260,0,275,101,61,330,3,495,852,0,852,1347
08/05/2023,LGB,CA,AWP,WE,Towers with Radar,80,22,50,7,159,0,6,222,0,228,80,28,272,7,387,534,0,534,921
08/06/2023,LGB,CA,AWP,WE,Towers with Radar,90,29,38,2,159,0,5,196,0,201,90,34,234,2,360,472,0,472,832
08/07/2023,LGB,CA,AWP,WE,Towers with Radar,98,23,60,0,181,0,12,283,0,295,98,35,343,0,476,526,0,526,1002
08/08/2023,LGB,CA,AWP,WE,Towers with Radar,100,25,70,0,195,0,23,333,1,357,100,48,403,1,552,919,0,919,1471
08/09/2023,LGB,CA,AWP,WE,Towers with Radar,99,46,79,2,226,0,23,333,0,356,99,69,412,2,582,794,0,794,1376
08/10/2023,LGB,CA,AWP,WE,Towers with Radar,100,38,76,6,220,0,3,272,0,275,100,41,348,6,495,928,0,928,1423
08/11/2023,LGB,CA,AWP,WE,Towers with Radar,102,44,82,1,229,0,24,250,1,275,102,68,332,2,504,790,0,790,1294
08/12/2023,LGB,CA,AWP,WE,Towers with Radar,81,21,49,0,151,0,12,291,0,303,81,33,340,0,454,448,0,448,902
08/13/2023,LGB,CA,AWP,WE,Towers with Radar,89,28,41,2,160,0,7,267,2,276,89,35,308,4,436,340,0,340,776
08/14/2023,LGB,CA,AWP,WE,Towers with Radar,100,15,61,1,177,0,9,332,2,343,100,24,393,3,520,206,0,206,726
08/15/2023,LGB,CA,AWP,WE,Towers with Radar,102,21,73,0,196,0,22,341,0,363,102,43,414,0,559,671,0,671,1230
08/16/2023,LGB,CA,AWP,WE,Towers with Radar,105,24,71,2,202,0,24,452,2,478,105,48,523,4,680,912,0,912,1592
08/17/2023,LGB,CA,AWP,WE,Towers with Radar,100,28,61,0,189,1,18,485,0,504,101,46,546,0,693,985,0,985,1678
08/18/2023,LGB,CA,AWP,WE,Towers with Radar,99,43,64,0,206,0,13,377,2,392,99,56,441,2,598,654,0,654,1252
08/19/2023,LGB,CA,AWP,WE,Towers with Radar,79,13,43,1,136,0,1,256,3,260,79,14,299,4,396,590,0,590,986
08/20/2023,LGB,CA,AWP,WE,Towers with Radar,51,5,7,0,63,0,0,5,0,5,51,5,12,0,68,0,0,0,68
08/21/2023,LGB,CA,AWP,WE,Towers with Radar,82,6,38,0,126,0,7,246,2,255,82,13,284,2,381,580,0,580,961
08/22/2023,LGB,CA,AWP,WE,Towers with Radar,100,22,73,0,195,0,9,321,0,330,100,31,394,0,525,911,0,911,1436
08/23/2023,LGB,CA,AWP,WE,Towers with Radar,100,23,88,1,212,0,8,331,1,340,100,31,419,2,552,822,0,822,1374
08/24/2023,LGB,CA,AWP,WE,Towers with Radar,99,24,102,0,225,0,7,258,0,265,99,31,360,0,490,876,0,876,1366
08/25/2023,LGB,CA,AWP,WE,Towers with Radar,100,37,52,1,190,0,21,334,2,357,100,58,386,3,547,575,0,575,1122
08/26/2023,LGB,CA,AWP,WE,Towers with Radar,81,17,43,0,141,0,2,253,0,255,81,19,296,0,396,642,0,642,1038
08/27/2023,LGB,CA,AWP,WE,Towers with Radar,98,24,41,0,163,0,2,215,0,217,98,26,256,0,380,373,0,373,753
08/28/2023,LGB,CA,AWP,WE,Towers with Radar,100,30,89,1,220,0,21,283,5,309,100,51,372,6,529,688,0,688,1217
08/29/2023,LGB,CA,AWP,WE,Towers with Radar,103,24,42,0,169,0,22,347,0,369,103,46,389,0,538,980,0,980,1518
08/30/2023,LGB,CA,AWP,WE,Towers with Radar,101,16,72,0,189,0,22,354,0,376,101,38,426,0,565,1108,0,1108,1673
08/31/2023,LGB,CA,AWP,WE,Towers with Radar,103,25,66,0,194,0,6,238,0,244,103,31,304,0,438,736,0,736,1174
01/01/2020,LGB,CA,AWP,WE,Towers with Radar,94,7,22,0,123,0,1,120,1,122,94,8,142,1,245,102,0,102,347
01/02/2020,LGB,CA,AWP,WE,Towers with Radar,102,8,58,0,168,0,7,212,0,219,102,15,270,0,387,465,0,465,852
01/03/2020,LGB,CA,AWP,WE,Towers with Radar,96,6,74,0,176,0,18,233,0,251,96,24,307,0,427,355,0,355,782
01/04/2020,LGB,CA,AWP,WE,Towers with Radar,96,7,51,0,154,0,3,210,0,213,96,10,261,0,367,305,0,305,672
01/05/2020,LGB,CA,AWP,WE,Towers with Radar,96,10,47,1,154,0,0,171,1,172,96,10,218,2,326,206,0,206,532
01/06/2020,LGB,CA,AWP,WE,Towers with Radar,97,8,63,0,168,0,11,205,0,216,97,19,268,0,384,496,0,496,880
01/07/2020,LGB,CA,AWP,WE,Towers with Radar,92,8,77,1,178,0,13,225,2,240,92,21,302,3,418,496,0,496,914
01/08/2020,LGB,CA,AWP,WE,Towers with Radar,95,4,82,1,182,0,9,218,1,228,95,13,300,2,410,535,0,535,945
01/09/2020,LGB,CA,AWP,WE,Towers with Radar,94,10,63,2,169,0,9,216,0,225,94,19,279,2,394,434,0,434,828
01/10/2020,LGB,CA,AWP,WE,Towers with Radar,94,3,81,2,180,0,10,284,0,294,94,13,365,2,474,497,0,497,971
01/11/2020,LGB,CA,AWP,WE,Towers with Radar,88,8,46,1,143,0,1,277,0,278,88,9,323,1,421,438,0,438,859
01/12/2020,LGB,CA,AWP,WE,Towers with Radar,93,7,57,0,157,0,0,170,0,170,93,7,227,0,327,259,0,259,586
01/13/2020,LGB,CA,AWP,WE,Towers with Radar,94,3,53,0,150,0,14,197,0,211,94,17,250,0,361,540,0,540,901
01/14/2020,LGB,CA,AWP,WE,Towers with Radar,90,5,87,3,185,0,11,224,1,236,90,16,311,4,421,554,0,554,975
01/15/2020,LGB,CA,AWP,WE,Towers with Radar,94,4,85,1,184,0,19,229,1,249,94,23,314,2,433,502,0,502,935
01/16/2020,LGB,CA,AWP,WE,Towers with Radar,95,9,70,1,175,0,9,94,1,104,95,18,164,2,279,311,0,311,590
01/17/2020,LGB,CA,AWP,WE,Towers with Radar,98,11,68,1,178,0,7,250,1,258,98,18,318,2,436,457,0,457,893
01/18/2020,LGB,CA,AWP,WE,Towers with Radar,89,8,64,6,167,0,4,226,1,231,89,12,290,7,398,501,0,501,899
01/19/2020,LGB,CA,AWP,WE,Towers with Radar,95,8,56,6,165,0,0,174,0,174,95,8,230,6,339,463,0,463,802
01/20/2020,LGB,CA,AWP,WE,Towers with Radar,95,11,73,4,183,0,17,217,0,234,95,28,290,4,417,424,0,424,841
01/21/2020,LGB,CA,AWP,WE,Towers with Radar,90,10,67,2,169,0,17,219,2,238,90,27,286,4,407,500,0,500,907
01/22/2020,LGB,CA,AWP,WE,Towers with Radar,94,16,63,0,173,0,13,267,0,280,94,29,330,0,453,481,0,481,934
01/23/2020,LGB,CA,AWP,WE,Towers with Radar,94,9,89,0,192,0,12,292,0,304,94,21,381,0,496,332,0,332,828
01/24/2020,LGB,CA,AWP,WE,Towers with Radar,94,13,73,0,180,0,15,213,0,228,94,28,286,0,408,327,0,327,735
01/25/2020,LGB,CA,AWP,WE,Towers with Radar,90,17,42,0,149,0,1,145,1,147,90,18,187,1,296,259,0,259,555
01/26/2020,LGB,CA,AWP,WE,Towers with Radar,93,13,58,0,164,0,0,59,0,59,93,13,117,0,223,256,0,256,479
01/27/2020,LGB,CA,AWP,WE,Towers with Radar,94,12,74,1,181,0,11,188,2,201,94,23,262,3,382,344,0,344,726
01/28/2020,LGB,CA,AWP,WE,Towers with Radar,95,7,77,1,180,0,10,268,2,280,95,17,345,3,460,488,0,488,948
01/29/2020,LGB,CA,AWP,WE,Towers with Radar,95,10,97,0,202,0,38,266,1,305,95,48,363,1,507,538,0,538,1045
01/30/2020,LGB,CA,AWP,WE,Towers with Radar,95,17,99,2,213,0,13,291,0,304,95,30,390,2,517,531,0,531,1048
01/31/2020,LGB,CA,AWP,WE,Towers with Radar,96,7,78,0,181,0,16,291,0,307,96,23,369,0,488,547,0,547,1035
02/01/2020,LGB,CA,AWP,WE,Towers with Radar,90,11,51,0,152,0,3,225,0,228,90,14,276,0,380,390,0,390,770
02/02/2020,LGB,CA,AWP,WE,Towers with Radar,99,11,32,2,144,0,0,96,0,96,99,11,128,2,240,195,0,195,435
02/03/2020,LGB,CA,AWP,WE,Towers with Radar,98,13,43,0,154,1,2,128,0,131,99,15,171,0,285,52,0,52,337
02/04/2020,LGB,CA,AWP,WE,Towers with Radar,91,17,59,0,167,0,18,176,0,194,91,35,235,0,361,443,0,443,804
02/05/2020,LGB,CA,AWP,WE,Towers with Radar,96,16,75,1,188,0,20,295,0,315,96,36,370,1,503,669,0,669,1172
02/06/2020,LGB,CA,AWP,WE,Towers with Radar,96,16,58,1,171,0,7,317,1,325,96,23,375,2,496,621,0,621,1117
02/07/2020,LGB,CA,AWP,WE,Towers with Radar,96,8,73,0,177,0,17,264,0,281,96,25,337,0,458,416,0,416,874
02/08/2020,LGB,CA,AWP,WE,Towers with Radar,96,6,47,0,149,0,4,179,0,183,96,10,226,0,332,302,0,302,634
02/09/2020,LGB,CA,AWP,WE,Towers with Radar,93,5,32,0,130,0,0,22,0,22,93,5,54,0,152,13,0,13,165
02/10/2020,LGB,CA,AWP,WE,Towers with Radar,98,11,69,0,178,0,14,180,0,194,98,25,249,0,372,493,0,493,865
02/11/2020,LGB,CA,AWP,WE,Towers with Radar,92,3,83,0,178,0,14,277,0,291,92,17,360,0,469,688,0,688,1157
02/12/2020,LGB,CA,AWP,WE,Towers with Radar,99,13,76,4,192,0,13,271,0,284,99,26,347,4,476,617,0,617,1093
02/13/2020,LGB,CA,AWP,WE,Towers with Radar,96,7,79,1,183,0,15,320,2,337,96,22,399,3,520,771,0,771,1291
02/14/2020,LGB,CA,AWP,WE,Towers with Radar,102,13,62,6,183,0,19,257,1,277,102,32,319,7,460,609,0,609,1069
02/15/2020,LGB,CA,AWP,WE,Towers with Radar,94,39,45,5,183,0,2,180,0,182,94,41,225,5,365,454,0,454,819
02/16/2020,LGB,CA,AWP,WE,Towers with Radar,98,20,61,2,181,0,3,186,0,189,98,23,247,2,370,428,0,428,798
02/17/2020,LGB,CA,AWP,WE,Towers with Radar,99,22,59,5,185,0,10,180,1,191,99,32,239,6,376,422,0,422,798
02/18/2020,LGB,CA,AWP,WE,Towers with Radar,99,20,71,3,193,0,20,153,1,174,99,40,224,4,367,415,0,415,782
02/19/2020,LGB,CA,AWP,WE,Towers with Radar,98,5,84,6,193,0,12,319,1,332,98,17,403,7,525,721,0,721,1246
02/20/2020,LGB,CA,AWP,WE,Towers with Radar,98,8,100,3,209,0,7,333,2,342,98,15,433,5,551,590,0,590,1141
02/21/2020,LGB,CA,AWP,WE,Towers with Radar,99,8,76,0,183,0,11,263,0,274,99,19,339,0,457,544,0,544,1001
02/22/2020,LGB,CA,AWP,WE,Towers with Radar,90,13,29,0,132,0,4,114,0,118,90,17,143,0,250,249,0,249,499
02/23/2020,LGB,CA,AWP,WE,Towers with Radar,99,8,60,2,169,0,25,189,2,216,99,33,249,4,385,505,0,505,890
02/24/2020,LGB,CA,AWP,WE,Towers with Radar,100,8,50,1,159,0,21,203,0,224,100,29,253,1,383,670,0,670,1053
02/25/2020,LGB,CA,AWP,WE,Towers with Radar,100,5,65,1,171,0,21,216,1,238,100,26,281,2,409,665,0,665,1074
02/26/2020,LGB,CA,AWP,WE,Towers with Radar,98,6,84,2,190,0,9,249,0,258,98,15,333,2,448,622,0,622,1070
02/27/2020,LGB,CA,AWP,WE,Towers with Radar,98,9,78,0,185,0,15,266,3,284,98,24,344,3,469,503,0,503,972
02/28/2020,LGB,CA,AWP,WE,Towers with Radar,104,9,89,3,205,0,15,290,1,306,104,24,379,4,511,594,0,594,1105
02/29/2020,LGB,CA,AWP,WE,Towers with Radar,89,1,57,1,148,0,2,240,0,242,89,3,297,1,390,367,0,367,757
03/01/2020,LGB,CA,AWP,WE,Towers with Radar,98,1,34,1,134,0,0,75,0,75,98,1,109,1,209,206,0,206,415
03/02/2020,LGB,CA,AWP,WE,Towers with Radar,99,6,63,2,170,0,18,209,3,230,99,24,272,5,400,483,0,483,883
03/03/2020,LGB,CA,AWP,WE,Towers with Radar,97,14,83,3,197,0,13,286,1,300,97,27,369,4,497,604,0,604,1101
03/04/2020,LGB,CA,AWP,WE,Towers with Radar,99,13,88,3,203,0,16,280,0,296,99,29,368,3,499,660,0,660,1159
03/05/2020,LGB,CA,AWP,WE,Towers with Radar,97,7,108,0,212,0,9,252,0,261,97,16,360,0,473,719,0,719,1192
03/06/2020,LGB,CA,AWP,WE,Towers with Radar,102,17,86,2,207,0,15,209,0,224,102,32,295,2,431,515,0,515,946
03/07/2020,LGB,CA,AWP,WE,Towers with Radar,94,7,78,0,179,0,2,192,0,194,94,9,270,0,373,409,0,409,782
03/08/2020,LGB,CA,AWP,WE,Towers with Radar,98,15,53,2,168,0,1,178,0,179,98,16,231,2,347,384,0,384,731
03/09/2020,LGB,CA,AWP,WE,Towers with Radar,96,7,91,0,194,0,20,208,0,228,96,27,299,0,422,612,0,612,1034
03/10/2020,LGB,CA,AWP,WE,Towers with Radar,92,10,29,3,134,0,2,63,2,67,92,12,92,5,201,103,0,103,304
03/11/2020,LGB,CA,AWP,WE,Towers with Radar,87,3,97,3,190,0,22,262,0,284,87,25,359,3,474,756,0,756,1230
03/12/2020,LGB,CA,AWP,WE,Towers with Radar,97,7,31,1,136,0,7,93,0,100,97,14,124,1,236,127,0,127,363
03/13/2020,LGB,CA,AWP,WE,Towers with Radar,96,14,39,2,151,0,9,101,0,110,96,23,140,2,261,221,0,221,482
03/14/2020,LGB,CA,AWP,WE,Towers with Radar,88,5,64,0,157,0,3,143,0,146,88,8,207,0,303,360,0,360,663
03/15/2020,LGB,CA,AWP,WE,Towers with Radar,96,1,48,0,145,0,0,135,0,135,96,1,183,0,280,371,0,371,651
03/16/2020,LGB,CA,AWP,WE,Towers with Radar,96,6,44,0,146,0,9,70,1,80,96,15,114,1,226,273,0,273,499
03/17/2020,LGB,CA,AWP,WE,Towers with Radar,96,2,79,0,177,0,16,217,0,233,96,18,296,0,410,638,0,638,1048
03/18/2020,LGB,CA,AWP,WE,Towers with Radar,79,3,46,1,129,0,12,260,0,272,79,15,306,1,401,348,0,348,749
03/19/2020,LGB,CA,AWP,WE,Towers with Radar,85,3,37,0,125,0,13,156,0,169,85,16,193,0,294,539,0,539,833
03/20/2020,LGB,CA,AWP,WE,Towers with Radar,83,7,22,0,112,0,16,111,0,127,83,23,133,0,239,174,0,174,413
03/21/2020,LGB,CA,AWP,WE,Towers with Radar,76,1,44,2,123,0,1,127,0,128,76,2,171,2,251,227,0,227,478
03/22/2020,LGB,CA,AWP,WE,Towers with Radar,73,3,14,0,90,0,1,43,0,44,73,4,57,0,134,96,0,96,230
03/23/2020,LGB,CA,AWP,WE,Towers with Radar,61,1,30,1,93,0,7,92,0,99,61,8,122,1,192,333,0,333,525
03/24/2020,LGB,CA,AWP,WE,Towers with Radar,58,4,37,0,99,0,7,120,0,127,58,11,157,0,226,286,0,286,512
03/25/2020,LGB,CA,AWP,WE,Towers with Radar,61,1,30,4,96,0,7,120,0,127,61,8,150,4,223,298,0,298,521
03/26/2020,LGB,CA,AWP,WE,Towers with Radar,49,2,35,3,89,0,5,78,3,86,49,7,113,6,175,170,0,170,345
03/27/2020,LGB,CA,AWP,WE,Towers with Radar,48,2,36,2,88,0,7,126,3,136,48,9,162,5,224,208,0,208,432
03/28/2020,LGB,CA,AWP,WE,Towers with Radar,36,1,33,2,72,0,8,104,0,112,36,9,137,2,184,166,0,166,350
03/29/2020,LGB,CA,AWP,WE,Towers with Radar,43,2,7,0,52,0,0,74,0,74,43,2,81,0,126,152,0,152,278
03/30/2020,LGB,CA,AWP,WE,Towers with Radar,28,6,42,3,79,0,7,114,6,127,28,13,156,9,206,254,2,256,462
03/31/2020,LGB,CA,AWP,WE,Towers with Radar,47,5,30,2,84,0,10,152,0,162,47,15,182,2,246,446,0,446,692
04/01/2020,LGB,CA,AWP,WE,Towers with Radar,31,2,29,1,63,0,10,127,1,138,31,12,156,2,201,318,0,318,519
04/02/2020,LGB,CA,AWP,WE,Towers with Radar,31,3,46,0,80,0,5,115,1,121,31,8,161,1,201,254,0,254,455
04/03/2020,LGB,CA,AWP,WE,Towers with Radar,27,3,40,2,72,0,6,154,0,160,27,9,194,2,232,252,0,252,484
04/04/2020,LGB,CA,AWP,WE,Towers with Radar,28,3,30,7,68,0,2,156,0,158,28,5,186,7,226,227,0,227,453
04/05/2020,LGB,CA,AWP,WE,Towers with Radar,28,1,17,2,48,0,0,74,0,74,28,1,91,2,122,116,0,116,238
04/06/2020,LGB,CA,AWP,WE,Towers with Radar,23,5,13,0,41,0,5,50,0,55,23,10,63,0,96,63,0,63,159
04/07/2020,LGB,CA,AWP,WE,Towers with Radar,17,6,26,2,51,0,5,81,0,86,17,11,107,2,137,168,0,168,305
04/08/2020,LGB,CA,AWP,WE,Towers with Radar,25,3,30,3,61,0,6,109,6,121,25,9,139,9,182,315,0,315,497
04/09/2020,LGB,CA,AWP,WE,Towers with Radar,24,4,8,0,36,0,3,12,0,15,24,7,20,0,51,164,0,164,215
04/10/2020,LGB,CA,AWP,WE,Towers with Radar,21,4,17,0,42,0,5,83,0,88,21,9,100,0,130,224,0,224,354
04/11/2020,LGB,CA,AWP,WE,Towers with Radar,21,1,35,0,57,0,2,103,0,105,21,3,138,0,162,182,0,182,344
04/12/2020,LGB,CA,AWP,WE,Towers with Radar,23,0,15,0,38,0,0,40,0,40,23,0,55,0,78,87,0,87,165
04/13/2020,LGB,CA,AWP,WE,Towers with Radar,16,4,58,1,79,0,7,115,1,123,16,11,173,2,202,259,0,259,461
04/14/2020,LGB,CA,AWP,WE,Towers with Radar,18,3,62,0,83,0,8,177,0,185,18,11,239,0,268,415,0,415,683
04/15/2020,LGB,CA,AWP,WE,Towers with Radar,17,0,56,0,73,0,4,163,0,167,17,4,219,0,240,320,0,320,560
04/16/2020,LGB,CA,AWP,WE,Towers with Radar,16,3,42,0,61,0,4,117,0,121,16,7,159,0,182,173,0,173,355
04/17/2020,LGB,CA,AWP,WE,Towers with Radar,14,1,30,0,45,0,5,97,0,102,14,6,127,0,147,213,0,213,360
04/18/2020,LGB,CA,AWP,WE,Towers with Radar,20,3,37,0,60,0,5,91,0,96,20,8,128,0,156,175,0,175,331
04/19/2020,LGB,CA,AWP,WE,Towers with Radar,16,1,20,4,41,0,2,105,0,107,16,3,125,4,148,214,0,214,362
04/20/2020,LGB,CA,AWP,WE,Towers with Radar,14,7,37,0,58,0,6,112,0,118,14,13,149,0,176,148,0,148,324
04/21/2020,LGB,CA,AWP,WE,Towers with Radar,17,3,49,4,73,0,6,154,3,163,17,9,203,7,236,220,0,220,456
04/22/2020,LGB,CA,AWP,WE,Towers with Radar,15,3,53,3,74,0,6,157,4,167,15,9,210,7,241,202,0,202,443
04/23/2020,LGB,CA,AWP,WE,Towers with Radar,21,2,61,2,86,0,3,145,0,148,21,5,206,2,234,235,0,235,469
04/24/2020,LGB,CA,AWP,WE,Towers with Radar,19,3,46,6,74,0,13,106,0,119,19,16,152,6,193,389,0,389,582
04/25/2020,LGB,CA,AWP,WE,Towers with Radar,14,1,41,2,58,0,4,143,1,148,14,5,184,3,206,154,0,154,360
04/26/2020,LGB,CA,AWP,WE,Towers with Radar,15,1,24,1,41,0,0,88,1,89,15,1,112,2,130,150,0,150,280
04/27/2020,LGB,CA,AWP,WE,Towers with Radar,16,4,42,0,62,0,4,96,0,100,16,8,138,0,162,208,0,208,370
04/28/2020,LGB,CA,AWP,WE,Towers with Radar,19,7,38,0,64,0,6,110,0,116,19,13,148,0,180,303,0,303,483
04/29/2020,LGB,CA,AWP,WE,Towers with Radar,18,11,43,2,74,0,6,70,0,76,18,17,113,2,150,183,0,183,333
04/30/2020,LGB,CA,AWP,WE,Towers with Radar,26,10,53,0,89,0,2,117,0,119,26,12,170,0,208,249,0,249,457
05/01/2020,LGB,CA,AWP,WE,Towers with Radar,18,5,61,0,84,0,10,168,0,178,18,15,229,0,262,289,0,289,551
05/02/2020,LGB,CA,AWP,WE,Towers with Radar,13,4,55,0,72,0,3,122,0,125,13,7,177,0,197,164,0,164,361
05/03/2020,LGB,CA,AWP,WE,Towers with Radar,25,5,37,0,67,0,0,179,0,179,25,5,216,0,246,264,0,264,510
05/04/2020,LGB,CA,AWP,WE,Towers with Radar,20,5,40,1,66,0,9,210,6,225,20,14,250,7,291,364,0,364,655
05/05/2020,LGB,CA,AWP,WE,Towers with Radar,21,2,57,1,81,0,6,210,1,217,21,8,267,2,298,447,0,447,745
05/06/2020,LGB,CA,AWP,WE,Towers with Radar,19,1,64,0,84,0,7,189,0,196,19,8,253,0,280,297,0,297,577
05/07/2020,LGB,CA,AWP,WE,Towers with Radar,20,2,59,0,81,0,7,206,0,213,20,9,265,0,294,385,0,385,679
05/08/2020,LGB,CA,AWP,WE,Towers with Radar,24,5,78,0,107,0,8,205,3,216,24,13,283,3,323,451,0,451,774
05/09/2020,LGB,CA,AWP,WE,Towers with Radar,16,1,35,1,53,0,1,105,1,107,16,2,140,2,160,341,0,341,501
05/10/2020,LGB,CA,AWP,WE,Towers with Radar,20,2,15,0,37,0,0,60,0,60,20,2,75,0,97,160,0,160,257
05/11/2020,LGB,CA,AWP,WE,Towers with Radar,20,4,57,1,82,0,7,156,1,164,20,11,213,2,246,423,0,423,669
05/12/2020,LGB,CA,AWP,WE,Towers with Radar,20,4,55,2,81,0,6,100,0,106,20,10,155,2,187,610,0,610,797
05/13/2020,LGB,CA,AWP,WE,Towers with Radar,18,3,60,1,82,0,14,233,0,247,18,17,293,1,329,550,0,550,879
05/14/2020,LGB,CA,AWP,WE,Towers with Radar,22,8,64,0,94,0,7,224,2,233,22,15,288,2,327,430,0,430,757
05/15/2020,LGB,CA,AWP,WE,Towers with Radar,22,4,48,0,74,0,7,203,0,210,22,11,251,0,284,494,0,494,778
05/16/2020,LGB,CA,AWP,WE,Towers with Radar,16,4,35,2,57,0,2,198,3,203,16,6,233,5,260,314,0,314,574
05/17/2020,LGB,CA,AWP,WE,Towers with Radar,20,3,28,0,51,0,0,137,0,137,20,3,165,0,188,283,0,283,471
05/18/2020,LGB,CA,AWP,WE,Towers with Radar,18,15,48,0,81,0,6,62,1,69,18,21,110,1,150,150,0,150,300
05/19/2020,LGB,CA,AWP,WE,Towers with Radar,23,5,71,2,101,0,10,197,0,207,23,15,268,2,308,347,0,347,655
05/20/2020,LGB,CA,AWP,WE,Towers with Radar,18,15,77,3,113,0,10,254,1,265,18,25,331,4,378,457,0,457,835
05/21/2020,LGB,CA,AWP,WE,Towers with Radar,20,3,84,3,110,0,8,227,0,235,20,11,311,3,345,385,0,385,730
05/22/2020,LGB,CA,AWP,WE,Towers with Radar,22,8,64,0,94,0,9,217,0,226,22,17,281,0,320,333,0,333,653
05/23/2020,LGB,CA,AWP,WE,Towers with Radar,16,2,42,0,60,0,3,134,0,137,16,5,176,0,197,281,0,281,478
05/24/2020,LGB,CA,AWP,WE,Towers with Radar,20,3,29,0,52,0,0,116,0,116,20,3,145,0,168,268,0,268,436
05/25/2020,LGB,CA,AWP,WE,Towers with Radar,16,3,60,0,79,0,0,156,0,156,16,3,216,0,235,409,0,409,644
05/26/2020,LGB,CA,AWP,WE,Towers with Radar,18,5,87,1,111,0,8,174,0,182,18,13,261,1,293,586,0,586,879
05/27/2020,LGB,CA,AWP,WE,Towers with Radar,18,7,93,0,118,0,5,158,0,163,18,12,251,0,281,468,0,468,749
05/28/2020,LGB,CA,AWP,WE,Towers with Radar,20,13,80,0,113,0,7,151,0,158,20,20,231,0,271,489,0,489,760
05/29/2020,LGB,CA,AWP,WE,Towers with Radar,21,10,94,2,127,0,0,106,0,106,21,10,200,2,233,461,0,461,694
05/30/2020,LGB,CA,AWP,WE,Towers with Radar,15,4,30,0,49,0,6,176,0,182,15,10,206,0,231,420,0,420,651
05/31/2020,LGB,CA,AWP,WE,Towers with Radar,21,6,34,0,61,0,0,171,2,173,21,6,205,2,234,280,0,280,514
06/01/2020,LGB,CA,AWP,WE,Towers with Radar,18,1,61,2,82,0,11,168,2,181,18,12,229,4,263,408,0,408,671
06/02/2020,LGB,CA,AWP,WE,Towers with Radar,17,3,73,1,94,0,11,216,0,227,17,14,289,1,321,375,0,375,696
06/03/2020,LGB,CA,AWP,WE,Towers with Radar,18,1,82,2,103,0,3,244,2,249,18,4,326,4,352,564,0,564,916
06/04/2020,LGB,CA,AWP,WE,Towers with Radar,22,15,89,0,126,0,2,77,0,79,22,17,166,0,205,325,0,325,530
06/05/2020,LGB,CA,AWP,WE,Towers with Radar,19,4,85,0,108,0,8,167,0,175,19,12,252,0,283,686,0,686,969
06/06/2020,LGB,CA,AWP,WE,Towers with Radar,19,4,38,0,61,0,1,149,0,150,19,5,187,0,211,359,0,359,570
06/07/2020,LGB,CA,AWP,WE,Towers with Radar,31,2,35,0,68,0,0,143,0,143,31,2,178,0,211,253,0,253,464
06/08/2020,LGB,CA,AWP,WE,Towers with Radar,32,4,59,3,98,0,13,186,0,199,32,17,245,3,297,531,0,531,828
06/09/2020,LGB,CA,AWP,WE,Towers with Radar,26,9,70,0,105,0,5,201,0,206,26,14,271,0,311,278,0,278,589
06/10/2020,LGB,CA,AWP,WE,Towers with Radar,24,10,72,0,106,0,9,241,0,250,24,19,313,0,356,588,0,588,944
06/11/2020,LGB,CA,AWP,WE,Towers with Radar,38,7,79,2,126,0,12,277,1,290,38,19,356,3,416,714,0,714,1130
06/12/2020,LGB,CA,AWP,WE,Towers with Radar,35,8,103,0,146,0,8,241,0,249,35,16,344,0,395,514,0,514,909
06/13/2020,LGB,CA,AWP,WE,Towers with Radar,22,0,53,0,75,0,19,201,0,220,22,19,254,0,295,404,0,404,699
06/14/2020,LGB,CA,AWP,WE,Towers with Radar,32,5,28,0,65,0,0,139,0,139,32,5,167,0,204,241,0,241,445
06/15/2020,LGB,CA,AWP,WE,Towers with Radar,34,10,68,0,112,0,10,189,0,199,34,20,257,0,311,468,0,468,779
06/16/2020,LGB,CA,AWP,WE,Towers with Radar,25,3,87,3,118,0,7,223,2,232,25,10,310,5,350,580,0,580,930
06/17/2020,LGB,CA,AWP,WE,Towers with Radar,24,2,114,0,140,0,22,187,0,209,24,24,301,0,349,787,0,787,1136
06/18/2020,LGB,CA,AWP,WE,Towers with Radar,37,5,72,1,115,0,7,123,0,130,37,12,195,1,245,613,0,613,858
06/19/2020,LGB,CA,AWP,WE,Towers with Radar,34,2,86,5,127,0,12,167,0,179,34,14,253,5,306,465,0,465,771
06/20/2020,LGB,CA,AWP,WE,Towers with Radar,22,3,71,3,99,0,5,129,0,134,22,8,200,3,233,368,0,368,601
06/21/2020,LGB,CA,AWP,WE,Towers with Radar,29,1,36,0,66,0,0,125,0,125,29,1,161,0,191,265,0,265,456
06/22/2020,LGB,CA,AWP,WE,Towers with Radar,34,10,57,2,103,0,12,221,0,233,34,22,278,2,336,352,0,352,688
06/23/2020,LGB,CA,AWP,WE,Towers with Radar,24,16,95,2,137,0,12,154,0,166,24,28,249,2,303,364,0,364,667
06/24/2020,LGB,CA,AWP,WE,Towers with Radar,24,6,113,0,143,0,9,152,0,161,24,15,265,0,304,493,0,493,797
06/25/2020,LGB,CA,AWP,WE,Towers with Radar,36,13,84,1,134,0,9,202,1,212,36,22,286,2,346,371,0,371,717
06/26/2020,LGB,CA,AWP,WE,Towers with Radar,34,10,73,4,121,0,8,158,0,166,34,18,231,4,287,416,0,416,703
06/27/2020,LGB,CA,AWP,WE,Towers with Radar,20,10,64,4,98,0,2,165,0,167,20,12,229,4,265,240,0,240,505
06/28/2020,LGB,CA,AWP,WE,Towers with Radar,37,9,39,3,88,0,1,64,0,65,37,10,103,3,153,157,0,157,310
06/29/2020,LGB,CA,AWP,WE,Towers with Radar,33,18,71,1,123,0,14,186,0,200,33,32,257,1,323,471,0,471,794
06/30/2020,LGB,CA,AWP,WE,Towers with Radar,30,12,68,0,110,0,14,234,0,248,30,26,302,0,358,512,0,512,870
07/01/2020,LGB,CA,AWP,WE,Towers with Radar,34,12,88,0,134,0,15,175,0,190,34,27,263,0,324,439,0,439,763
07/02/2020,LGB,CA,AWP,WE,Towers with Radar,40,5,81,0,126,0,16,225,0,241,40,21,306,0,367,457,0,457,824
07/03/2020,LGB,CA,AWP,WE,Towers with Radar,37,7,75,2,121,0,18,246,0,264,37,25,321,2,385,400,0,400,785
07/04/2020,LGB,CA,AWP,WE,Towers with Radar,32,2,24,0,58,0,0,150,0,150,32,2,174,0,208,243,0,243,451
07/05/2020,LGB,CA,AWP,WE,Towers with Radar,40,3,36,0,79,0,0,149,0,149,40,3,185,0,228,293,0,293,521
07/06/2020,LGB,CA,AWP,WE,Towers with Radar,36,4,82,0,122,0,9,221,0,230,36,13,303,0,352,455,0,455,807
07/07/2020,LGB,CA,AWP,WE,Towers with Radar,33,13,68,1,115,0,9,193,1,203,33,22,261,2,318,464,0,464,782
07/08/2020,LGB,CA,AWP,WE,Towers with Radar,32,14,105,0,151,0,11,219,0,230,32,25,324,0,381,394,0,394,775
07/09/2020,LGB,CA,AWP,WE,Towers with Radar,42,13,100,0,155,0,12,219,2,233,42,25,319,2,388,448,0,448,836
07/10/2020,LGB,CA,AWP,WE,Towers with Radar,38,7,81,4,130,0,9,191,0,200,38,16,272,4,330,443,0,443,773
07/11/2020,LGB,CA,AWP,WE,Towers with Radar,36,4,38,2,80,0,3,199,0,202,36,7,237,2,282,296,0,296,578
07/12/2020,LGB,CA,AWP,WE,Towers with Radar,39,3,44,0,86,0,0,156,0,156,39,3,200,0,242,256,0,256,498
07/13/2020,LGB,CA,AWP,WE,Towers with Radar,35,8,64,1,108,0,9,177,1,187,35,17,241,2,295,503,0,503,798
07/14/2020,LGB,CA,AWP,WE,Towers with Radar,32,6,83,2,123,0,11,152,3,166,32,17,235,5,289,476,0,476,765
07/15/2020,LGB,CA,AWP,WE,Towers with Radar,32,11,101,1,145,0,9,216,0,225,32,20,317,1,370,591,0,591,961
07/16/2020,LGB,CA,AWP,WE,Towers with Radar,43,11,88,1,143,0,13,173,0,186,43,24,261,1,329,641,0,641,970
07/17/2020,LGB,CA,AWP,WE,Towers with Radar,38,7,96,2,143,0,10,220,2,232,38,17,316,4,375,495,0,495,870
07/18/2020,LGB,CA,AWP,WE,Towers with Radar,37,5,54,4,100,0,3,201,0,204,37,8,255,4,304,340,0,340,644
07/19/2020,LGB,CA,AWP,WE,Towers with Radar,41,5,63,1,110,0,0,211,0,211,41,5,274,1,321,200,0,200,521
07/20/2020,LGB,CA,AWP,WE,Towers with Radar,39,7,59,3,108,0,6,267,2,275,39,13,326,5,383,489,0,489,872
07/21/2020,LGB,CA,AWP,WE,Towers with Radar,32,4,95,4,135,0,10,260,5,275,32,14,355,9,410,703,0,703,1113
07/22/2020,LGB,CA,AWP,WE,Towers with Radar,34,11,96,5,146,0,15,193,2,210,34,26,289,7,356,385,0,385,741
07/23/2020,LGB,CA,AWP,WE,Towers with Radar,43,5,84,2,134,0,11,208,2,221,43,16,292,4,355,708,0,708,1063
07/24/2020,LGB,CA,AWP,WE,Towers with Radar,38,5,89,3,135,0,22,233,5,260,38,27,322,8,395,671,0,671,1066
07/25/2020,LGB,CA,AWP,WE,Towers with Radar,38,0,72,7,117,0,3,252,0,255,38,3,324,7,372,393,0,393,765
07/26/2020,LGB,CA,AWP,WE,Towers with Radar,40,6,78,6,130,0,0,195,3,198,40,6,273,9,328,243,0,243,571
07/27/2020,LGB,CA,AWP,WE,Towers with Radar,40,2,79,1,122,0,15,214,0,229,40,17,293,1,351,566,0,566,917
07/28/2020,LGB,CA,AWP,WE,Towers with Radar,35,6,84,0,125,0,8,230,0,238,35,14,314,0,363,656,0,656,1019
07/29/2020,LGB,CA,AWP,WE,Towers with Radar,34,14,90,2,140,0,15,174,1,190,34,29,264,3,330,643,0,643,973
07/30/2020,LGB,CA,AWP,WE,Towers with Radar,42,13,81,0,136,0,6,228,0,234,42,19,309,0,370,614,0,614,984
07/31/2020,LGB,CA,AWP,WE,Towers with Radar,38,4,84,1,127,0,10,277,0,287,38,14,361,1,414,520,0,520,934
08/01/2020,LGB,CA,AWP,WE,Towers with Radar,38,5,67,0,110,0,3,222,0,225,38,8,289,0,335,331,0,331,666
08/02/2020,LGB,CA,AWP,WE,Towers with Radar,50,5,49,0,104,0,0,130,0,130,50,5,179,0,234,317,0,317,551
08/03/2020,LGB,CA,AWP,WE,Towers with Radar,44,10,83,1,138,0,12,228,0,240,44,22,311,1,378,411,0,411,789
08/04/2020,LGB,CA,AWP,WE,Towers with Radar,34,4,77,0,115,0,6,138,0,144,34,10,215,0,259,657,0,657,916
08/05/2020,LGB,CA,AWP,WE,Towers with Radar,33,6,106,0,145,0,26,260,0,286,33,32,366,0,431,731,0,731,1162
08/06/2020,LGB,CA,AWP,WE,Towers with Radar,50,12,90,2,154,0,36,245,0,281,50,48,335,2,435,790,0,790,1225
08/07/2020,LGB,CA,AWP,WE,Towers with Radar,43,8,72,0,123,0,18,294,0,312,43,26,366,0,435,553,0,553,988
08/08/2020,LGB,CA,AWP,WE,Towers with Radar,36,9,50,0,95,0,1,208,0,209,36,10,258,0,304,507,0,507,811
08/09/2020,LGB,CA,AWP,WE,Towers with Radar,48,11,46,0,105,0,0,192,1,193,48,11,238,1,298,390,0,390,688
08/10/2020,LGB,CA,AWP,WE,Towers with Radar,39,14,89,1,143,0,13,189,0,202,39,27,278,1,345,445,0,445,790
08/11/2020,LGB,CA,AWP,WE,Towers with Radar,28,10,73,2,113,0,24,248,0,272,28,34,321,2,385,628,0,628,1013
08/12/2020,LGB,CA,AWP,WE,Towers with Radar,25,9,89,2,125,0,16,331,2,349,25,25,420,4,474,645,0,645,1119
08/13/2020,LGB,CA,AWP,WE,Towers with Radar,36,14,87,0,137,0,22,285,0,307,36,36,372,0,444,629,0,629,1073
08/14/2020,LGB,CA,AWP,WE,Towers with Radar,26,9,95,6,136,0,22,296,0,318,26,31,391,6,454,603,0,603,1057
08/15/2020,LGB,CA,AWP,WE,Towers with Radar,22,6,39,2,69,0,2,213,8,223,22,8,252,10,292,542,0,542,834
08/16/2020,LGB,CA,AWP,WE,Towers with Radar,36,9,65,1,111,0,1,205,5,211,36,10,270,6,322,321,0,321,643
08/17/2020,LGB,CA,AWP,WE,Towers with Radar,26,12,71,2,111,0,18,232,0,250,26,30,303,2,361,592,0,592,953
08/18/2020,LGB,CA,AWP,WE,Towers with Radar,26,9,83,5,123,0,12,219,2,233,26,21,302,7,356,617,0,617,973
08/19/2020,LGB,CA,AWP,WE,Towers with Radar,24,10,77,2,113,0,13,265,0,278,24,23,342,2,391,699,0,699,1090
08/20/2020,LGB,CA,AWP,WE,Towers with Radar,35,8,92,1,136,0,12,245,2,259,35,20,337,3,395,729,0,729,1124
08/21/2020,LGB,CA,AWP,WE,Towers with Radar,26,10,75,9,120,0,17,230,1,248,26,27,305,10,368,764,0,764,1132
08/22/2020,LGB,CA,AWP,WE,Towers with Radar,22,4,42,11,79,0,6,182,0,188,22,10,224,11,267,512,0,512,779
08/23/2020,LGB,CA,AWP,WE,Towers with Radar,32,10,54,8,104,0,0,166,0,166,32,10,220,8,270,318,0,318,588
08/24/2020,LGB,CA,AWP,WE,Towers with Radar,26,16,87,0,129,0,18,188,0,206,26,34,275,0,335,457,0,457,792
08/25/2020,LGB,CA,AWP,WE,Towers with Radar,24,11,90,3,128,0,18,239,0,257,24,29,329,3,385,667,0,667,1052
08/26/2020,LGB,CA,AWP,WE,Towers with Radar,24,12,79,0,115,0,19,257,0,276,24,31,336,0,391,651,0,651,1042
08/27/2020,LGB,CA,AWP,WE,Towers with Radar,34,13,94,0,141,0,15,246,0,261,34,28,340,0,402,707,0,707,1109
08/28/2020,LGB,CA,AWP,WE,Towers with Radar,26,7,83,0,116,0,8,256,0,264,26,15,339,0,380,589,0,589,969
08/29/2020,LGB,CA,AWP,WE,Towers with Radar,22,6,62,2,92,0,3,217,0,220,22,9,279,2,312,382,0,382,694
08/30/2020,LGB,CA,AWP,WE,Towers with Radar,33,8,66,3,110,0,2,198,0,200,33,10,264,3,310,289,0,289,599
08/31/2020,LGB,CA,AWP,WE,Towers with Radar,29,8,60,1,98,0,25,214,2,241,29,33,274,3,339,720,0,720,1059
09/01/2020,LGB,CA,AWP,WE,Towers with Radar,22,9,69,1,101,0,23,237,0,260,22,32,306,1,361,684,0,684,1045
09/02/2020,LGB,CA,AWP,WE,Towers with Radar,22,8,62,0,92,0,23,292,0,315,22,31,354,0,407,810,0,810,1217
09/03/2020,LGB,CA,AWP,WE,Towers with Radar,32,18,96,2,148,0,24,265,1,290,32,42,361,3,438,628,0,628,1066
09/04/2020,LGB,CA,AWP,WE,Towers with Radar,26,15,85,0,126,0,20,287,0,307,26,35,372,0,433,709,0,709,1142
09/05/2020,LGB,CA,AWP,WE,Towers with Radar,19,6,34,0,59,0,4,225,0,229,19,10,259,0,288,360,0,360,648
09/06/2020,LGB,CA,AWP,WE,Towers with Radar,42,5,31,0,78,0,0,154,1,155,42,5,185,1,233,189,0,189,422
09/07/2020,LGB,CA,AWP,WE,Towers with Radar,38,8,68,1,115,0,0,34,0,34,38,8,102,1,149,58,0,58,207
09/08/2020,LGB,CA,AWP,WE,Towers with Radar,33,2,80,0,115,0,19,155,0,174,33,21,235,0,289,872,0,872,1161
09/09/2020,LGB,CA,AWP,WE,Towers with Radar,33,14,98,0,145,0,16,201,0,217,33,30,299,0,362,782,0,782,1144
09/10/2020,LGB,CA,AWP,WE,Towers with Radar,48,5,78,1,132,0,11,205,8,224,48,16,283,9,356,467,0,467,823
09/11/2020,LGB,CA,AWP,WE,Towers with Radar,40,7,74,2,123,0,16,202,1,219,40,23,276,3,342,677,0,677,1019
09/12/2020,LGB,CA,AWP,WE,Towers with Radar,34,7,56,6,103,0,1,127,0,128,34,8,183,6,231,413,0,413,644
09/13/2020,LGB,CA,AWP,WE,Towers with Radar,48,11,53,2,114,0,0,120,0,120,48,11,173,2,234,192,0,192,426
09/14/2020,LGB,CA,AWP,WE,Towers with Radar,40,15,91,1,147,0,19,165,0,184,40,34,256,1,331,615,0,615,946
09/15/2020,LGB,CA,AWP,WE,Towers with Radar,38,13,69,3,123,0,11,161,2,174,38,24,230,5,297,554,0,554,851
09/16/2020,LGB,CA,AWP,WE,Towers with Radar,37,21,93,3,154,0,10,218,0,228,37,31,311,3,382,523,2,525,907
09/17/2020,LGB,CA,AWP,WE,Towers with Radar,46,19,99,0,164,0,10,270,2,282,46,29,369,2,446,685,0,685,1131
09/18/2020,LGB,CA,AWP,WE,Towers with Radar,40,12,72,2,126,0,11,272,0,283,40,23,344,2,409,582,0,582,991
09/19/2020,LGB,CA,AWP,WE,Towers with Radar,34,3,45,0,82,0,3,256,0,259,34,6,301,0,341,453,0,453,794
09/20/2020,LGB,CA,AWP,WE,Towers with Radar,44,7,62,0,113,0,0,198,0,198,44,7,260,0,311,250,0,250,561
09/21/2020,LGB,CA,AWP,WE,Towers with Radar,40,10,66,0,116,0,13,252,0,265,40,23,318,0,381,504,0,504,885
09/22/2020,LGB,CA,AWP,WE,Towers with Radar,36,6,68,2,112,0,16,364,0,380,36,22,432,2,492,613,0,613,1105
09/23/2020,LGB,CA,AWP,WE,Towers with Radar,37,18,69,0,124,0,22,300,0,322,37,40,369,0,446,515,0,515,961
09/24/2020,LGB,CA,AWP,WE,Towers with Radar,46,7,73,1,127,0,16,251,1,268,46,23,324,2,395,469,0,469,864
09/25/2020,LGB,CA,AWP,WE,Towers with Radar,40,16,80,2,138,0,12,241,0,253,40,28,321,2,391,498,0,498,889
09/26/2020,LGB,CA,AWP,WE,Towers with Radar,31,9,53,3,96,0,4,183,1,188,31,13,236,4,284,305,0,305,589
09/27/2020,LGB,CA,AWP,WE,Towers with Radar,45,9,60,1,115,0,0,169,1,170,45,9,229,2,285,260,0,260,545
09/28/2020,LGB,CA,AWP,WE,Towers with Radar,40,13,77,0,130,0,12,179,1,192,40,25,256,1,322,412,0,412,734
09/29/2020,LGB,CA,AWP,WE,Towers with Radar,36,9,73,1,119,0,12,192,0,204,36,21,265,1,323,447,0,447,770
09/30/2020,LGB,CA,AWP,WE,Towers with Radar,35,12,76,2,125,0,18,230,1,249,35,30,306,3,374,502,0,502,876
10/01/2020,LGB,CA,AWP,WE,Towers with Radar,46,13,66,0,125,0,13,253,0,266,46,26,319,0,391,540,0,540,931
10/02/2020,LGB,CA,AWP,WE,Towers with Radar,43,7,79,1,130,0,13,279,0,292,43,20,358,1,422,496,0,496,918
10/03/2020,LGB,CA,AWP,WE,Towers with Radar,40,3,55,0,98,0,2,197,0,199,40,5,252,0,297,345,0,345,642
10/04/2020,LGB,CA,AWP,WE,Towers with Radar,44,10,64,0,118,0,2,174,0,176,44,12,238,0,294,362,0,362,656
10/05/2020,LGB,CA,AWP,WE,Towers with Radar,40,14,83,0,137,0,8,173,0,181,40,22,256,0,318,437,0,437,755
10/06/2020,LGB,CA,AWP,WE,Towers with Radar,40,5,79,0,124,0,9,162,1,172,40,14,241,1,296,442,0,442,738
10/07/2020,LGB,CA,AWP,WE,Towers with Radar,36,13,96,0,145,0,8,219,0,227,36,21,315,0,372,433,0,433,805
10/08/2020,LGB,CA,AWP,WE,Towers with Radar,37,8,81,0,126,0,15,209,0,224,37,23,290,0,350,611,0,611,961
10/09/2020,LGB,CA,AWP,WE,Towers with Radar,36,5,82,0,123,0,13,187,0,200,36,18,269,0,323,709,0,709,1032
10/10/2020,LGB,CA,AWP,WE,Towers with Radar,35,4,58,1,98,0,3,281,0,284,35,7,339,1,382,396,0,396,778
10/11/2020,LGB,CA,AWP,WE,Towers with Radar,34,9,53,0,96,0,1,191,0,192,34,10,244,0,288,374,0,374,662
10/12/2020,LGB,CA,AWP,WE,Towers with Radar,36,5,64,0,105,0,11,217,0,228,36,16,281,0,333,536,0,536,869
10/13/2020,LGB,CA,AWP,WE,Towers with Radar,36,10,68,0,114,0,25,282,0,307,36,35,350,0,421,490,0,490,911
10/14/2020,LGB,CA,AWP,WE,Towers with Radar,38,6,97,0,141,0,12,267,0,279,38,18,364,0,420,532,0,532,952
10/15/2020,LGB,CA,AWP,WE,Towers with Radar,36,17,72,0,125,0,12,199,2,213,36,29,271,2,338,607,0,607,945
10/16/2020,LGB,CA,AWP,WE,Towers with Radar,38,8,78,0,124,0,16,210,0,226,38,24,288,0,350,389,0,389,739
10/17/2020,LGB,CA,AWP,WE,Towers with Radar,36,10,58,0,104,0,1,216,0,217,36,11,274,0,321,360,0,360,681
10/18/2020,LGB,CA,AWP,WE,Towers with Radar,33,23,45,1,102,0,0,86,0,86,33,23,131,1,188,68,0,68,256
10/19/2020,LGB,CA,AWP,WE,Towers with Radar,36,11,53,4,104,0,10,160,0,170,36,21,213,4,274,543,0,543,817
10/20/2020,LGB,CA,AWP,WE,Towers with Radar,37,5,72,0,114,0,14,214,0,228,37,19,286,0,342,551,0,551,893
10/21/2020,LGB,CA,AWP,WE,Towers with Radar,38,6,110,1,155,0,11,115,1,127,38,17,225,2,282,459,0,459,741
10/22/2020,LGB,CA,AWP,WE,Towers with Radar,36,14,79,1,130,0,14,239,2,255,36,28,318,3,385,681,0,681,1066
10/23/2020,LGB,CA,AWP,WE,Towers with Radar,36,16,83,3,138,0,18,175,2,195,36,34,258,5,333,610,0,610,943
10/24/2020,LGB,CA,AWP,WE,Towers with Radar,36,10,52,2,100,0,4,212,1,217,36,14,264,3,317,369,0,369,686
10/25/2020,LGB,CA,AWP,WE,Towers with Radar,37,7,63,0,107,0,0,113,0,113,37,7,176,0,220,266,0,266,486
10/26/2020,LGB,CA,AWP,WE,Towers with Radar,38,9,40,2,89,0,11,58,1,70,38,20,98,3,159,148,0,148,307
10/27/2020,LGB,CA,AWP,WE,Towers with Radar,37,10,78,3,128,0,50,148,1,199,37,60,226,4,327,503,0,503,830
10/28/2020,LGB,CA,AWP,WE,Towers with Radar,36,8,67,0,111,0,13,218,0,231,36,21,285,0,342,543,0,543,885
10/29/2020,LGB,CA,AWP,WE,Towers with Radar,38,18,109,3,168,0,14,224,1,239,38,32,333,4,407,428,0,428,835
10/30/2020,LGB,CA,AWP,WE,Towers with Radar,37,10,79,1,127,0,10,231,1,242,37,20,310,2,369,435,0,435,804
10/31/2020,LGB,CA,AWP,WE,Towers with Radar,33,5,57,0,95,0,6,210,0,216,33,11,267,0,311,389,0,389,700
11/01/2020,LGB,CA,AWP,WE,Towers with Radar,33,9,47,0,89,0,0,163,0,163,33,9,210,0,252,328,0,328,580
11/02/2020,LGB,CA,AWP,WE,Towers with Radar,36,15,82,2,135,0,16,191,0,207,36,31,273,2,342,429,0,429,771
11/03/2020,LGB,CA,AWP,WE,Towers with Radar,36,13,70,0,119,0,11,178,0,189,36,24,248,0,308,461,0,461,769
11/04/2020,LGB,CA,AWP,WE,Towers with Radar,41,14,105,0,160,0,6,198,0,204,41,20,303,0,364,480,0,480,844
11/05/2020,LGB,CA,AWP,WE,Towers with Radar,42,6,100,4,152,0,16,240,0,256,42,22,340,4,408,646,0,646,1054
11/06/2020,LGB,CA,AWP,WE,Towers with Radar,41,8,79,5,133,0,8,97,2,107,41,16,176,7,240,170,0,170,410
11/07/2020,LGB,CA,AWP,WE,Towers with Radar,40,5,22,0,67,0,2,63,0,65,40,7,85,0,132,125,0,125,257
11/08/2020,LGB,CA,AWP,WE,Towers with Radar,46,5,27,0,78,0,0,56,0,56,46,5,83,0,134,95,0,95,229
11/09/2020,LGB,CA,AWP,WE,Towers with Radar,42,6,80,2,130,0,21,213,4,238,42,27,293,6,368,516,0,516,884
11/10/2020,LGB,CA,AWP,WE,Towers with Radar,42,7,92,3,144,0,16,274,1,291,42,23,366,4,435,678,2,680,1115
11/11/2020,LGB,CA,AWP,WE,Towers with Radar,42,6,83,3,134,0,7,301,0,308,42,13,384,3,442,648,0,648,1090
11/12/2020,LGB,CA,AWP,WE,Towers with Radar,42,10,94,0,146,0,16,253,2,271,42,26,347,2,417,442,0,442,859
11/13/2020,LGB,CA,AWP,WE,Towers with Radar,42,8,79,1,130,0,15,277,0,292,42,23,356,1,422,539,0,539,961
11/14/2020,LGB,CA,AWP,WE,Towers with Radar,40,8,58,2,108,0,1,213,0,214,40,9,271,2,322,459,0,459,781
11/15/2020,LGB,CA,AWP,WE,Towers with Radar,40,4,60,1,105,0,0,216,0,216,40,4,276,1,321,514,0,514,835
11/16/2020,LGB,CA,AWP,WE,Towers with Radar,42,14,84,2,142,0,11,198,0,209,42,25,282,2,351,536,0,536,887
11/17/2020,LGB,CA,AWP,WE,Towers with Radar,40,13,79,1,133,0,8,244,0,252,40,21,323,1,385,665,0,665,1050
11/18/2020,LGB,CA,AWP,WE,Towers with Radar,42,8,76,2,128,0,16,213,0,229,42,24,289,2,357,666,0,666,1023
11/19/2020,LGB,CA,AWP,WE,Towers with Radar,42,17,77,1,137,0,12,241,0,253,42,29,318,1,390,571,0,571,961
11/20/2020,LGB,CA,AWP,WE,Towers with Radar,48,13,99,6,166,0,14,266,0,280,48,27,365,6,446,594,0,594,1040
11/21/2020,LGB,CA,AWP,WE,Towers with Radar,44,9,70,1,124,0,1,219,0,220,44,10,289,1,344,346,0,346,690
11/22/2020,LGB,CA,AWP,WE,Towers with Radar,40,6,39,0,85,0,1,140,0,141,40,7,179,0,226,308,0,308,534
11/23/2020,LGB,CA,AWP,WE,Towers with Radar,50,7,73,3,133,0,19,154,2,175,50,26,227,5,308,680,0,680,988
11/24/2020,LGB,CA,AWP,WE,Towers with Radar,48,8,58,1,115,0,9,240,1,250,48,17,298,2,365,644,0,644,1009
11/25/2020,LGB,CA,AWP,WE,Towers with Radar,49,13,84,1,147,0,8,175,0,183,49,21,259,1,330,388,0,388,718
11/26/2020,LGB,CA,AWP,WE,Towers with Radar,38,2,20,0,60,0,0,66,0,66,38,2,86,0,126,195,0,195,321
11/27/2020,LGB,CA,AWP,WE,Towers with Radar,46,4,33,0,83,0,7,144,0,151,46,11,177,0,234,396,0,396,630
11/28/2020,LGB,CA,AWP,WE,Towers with Radar,44,4,55,0,103,0,2,189,0,191,44,6,244,0,294,385,0,385,679
11/29/2020,LGB,CA,AWP,WE,Towers with Radar,49,3,59,0,111,0,0,201,0,201,49,3,260,0,312,434,0,434,746
11/30/2020,LGB,CA,AWP,WE,Towers with Radar,49,4,43,1,97,0,12,177,0,189,49,16,220,1,286,659,0,659,945
12/01/2020,LGB,CA,AWP,WE,Towers with Radar,46,12,80,0,138,0,5,188,2,195,46,17,268,2,333,546,0,546,879
12/02/2020,LGB,CA,AWP,WE,Towers with Radar,44,15,81,1,141,0,19,234,0,253,44,34,315,1,394,665,0,665,1059
12/03/2020,LGB,CA,AWP,WE,Towers with Radar,49,13,33,3,98,0,10,105,0,115,49,23,138,3,213,197,0,197,410
12/04/2020,LGB,CA,AWP,WE,Towers with Radar,45,11,71,1,128,0,12,229,0,241,45,23,300,1,369,531,0,531,900
12/05/2020,LGB,CA,AWP,WE,Towers with Radar,40,2,57,0,99,0,3,219,0,222,40,5,276,0,321,401,0,401,722
12/06/2020,LGB,CA,AWP,WE,Towers with Radar,45,9,56,0,110,0,4,163,0,167,45,13,219,0,277,352,0,352,629
12/07/2020,LGB,CA,AWP,WE,Towers with Radar,45,8,79,0,132,0,15,162,0,177,45,23,241,0,309,450,0,450,759
12/08/2020,LGB,CA,AWP,WE,Towers with Radar,44,2,38,4,88,0,8,219,0,227,44,10,257,4,315,457,0,457,772
12/09/2020,LGB,CA,AWP,WE,Towers with Radar,44,14,90,0,148,0,13,248,0,261,44,27,338,0,409,498,0,498,907
12/10/2020,LGB,CA,AWP,WE,Towers with Radar,46,2,82,7,137,0,10,190,3,203,46,12,272,10,340,529,0,529,869
12/11/2020,LGB,CA,AWP,WE,Towers with Radar,44,3,85,1,133,0,12,194,1,207,44,15,279,2,340,701,0,701,1041
12/12/2020,LGB,CA,AWP,WE,Towers with Radar,42,5,54,0,101,0,3,127,0,130,42,8,181,0,231,494,0,494,725
12/13/2020,LGB,CA,AWP,WE,Towers with Radar,44,4,63,0,111,0,1,189,0,190,44,5,252,0,301,400,0,400,701
12/14/2020,LGB,CA,AWP,WE,Towers with Radar,46,7,50,2,105,0,17,131,0,148,46,24,181,2,253,402,0,402,655
12/15/2020,LGB,CA,AWP,WE,Towers with Radar,46,11,88,0,145,0,14,225,1,240,46,25,313,1,385,554,0,554,939
12/16/2020,LGB,CA,AWP,WE,Towers with Radar,46,9,70,0,125,0,11,247,0,258,46,20,317,0,383,627,0,627,1010
12/17/2020,LGB,CA,AWP,WE,Towers with Radar,46,9,61,0,116,0,12,172,0,184,46,21,233,0,300,551,0,551,851
12/18/2020,LGB,CA,AWP,WE,Towers with Radar,51,23,75,2,151,0,3,198,0,201,51,26,273,2,352,415,0,415,767
12/19/2020,LGB,CA,AWP,WE,Towers with Radar,50,2,59,0,111,0,2,228,0,230,50,4,287,0,341,414,0,414,755
12/20/2020,LGB,CA,AWP,WE,Towers with Radar,45,7,33,0,85,0,0,180,0,180,45,7,213,0,265,332,0,332,597
12/21/2020,LGB,CA,AWP,WE,Towers with Radar,50,15,60,4,129,0,15,181,1,197,50,30,241,5,326,447,0,447,773
12/22/2020,LGB,CA,AWP,WE,Towers with Radar,51,13,72,1,137,0,9,163,1,173,51,22,235,2,310,489,0,489,799
12/23/2020,LGB,CA,AWP,WE,Towers with Radar,51,7,58,0,116,0,8,130,0,138,51,15,188,0,254,425,0,425,679
12/24/2020,LGB,CA,AWP,WE,Towers with Radar,41,3,35,2,81,0,7,107,1,115,41,10,142,3,196,296,0,296,492
12/25/2020,LGB,CA,AWP,WE,Towers with Radar,38,3,16,0,57,0,0,67,0,67,38,3,83,0,124,138,0,138,262
12/26/2020,LGB,CA,AWP,WE,Towers with Radar,45,5,54,0,104,0,3,185,0,188,45,8,239,0,292,468,0,468,760
12/27/2020,LGB,CA,AWP,WE,Towers with Radar,48,4,60,0,112,0,0,135,0,135,48,4,195,0,247,345,0,345,592
12/28/2020,LGB,CA,AWP,WE,Towers with Radar,53,6,16,0,75,0,8,25,0,33,53,14,41,0,108,63,0,63,171
12/29/2020,LGB,CA,AWP,WE,Towers with Radar,49,14,45,1,109,0,4,222,2,228,49,18,267,3,337,513,0,513,850
12/30/2020,LGB,CA,AWP,WE,Towers with Radar,50,9,48,2,109,0,9,247,0,256,50,18,295,2,365,572,0,572,937
12/31/2020,LGB,CA,AWP,WE,Towers with Radar,42,4,25,0,71,0,2,148,0,150,42,6,173,0,221,389,0,389,610
01/01/2021,LGB,CA,AWP,WE,Towers with Radar,38,0,25,0,63,0,0,127,0,127,38,0,152,0,190,283,0,283,473
01/02/2021,LGB,CA,AWP,WE,Towers with Radar,45,8,52,0,105,0,0,200,0,200,45,8,252,0,305,511,0,511,816
01/03/2021,LGB,CA,AWP,WE,Towers with Radar,49,7,66,0,122,0,1,117,0,118,49,8,183,0,240,256,0,256,496
01/04/2021,LGB,CA,AWP,WE,Towers with Radar,47,7,60,0,114,0,3,203,1,207,47,10,263,1,321,587,0,587,908
01/05/2021,LGB,CA,AWP,WE,Towers with Radar,42,4,68,5,119,0,9,139,1,149,42,13,207,6,268,505,0,505,773
01/06/2021,LGB,CA,AWP,WE,Towers with Radar,44,9,63,3,119,0,9,212,1,222,44,18,275,4,341,663,0,663,1004
01/07/2021,LGB,CA,AWP,WE,Towers with Radar,45,10,88,0,143,0,9,174,0,183,45,19,262,0,326,764,0,764,1090
01/08/2021,LGB,CA,AWP,WE,Towers with Radar,41,7,59,0,107,0,3,139,1,143,41,10,198,1,250,324,0,324,574
01/09/2021,LGB,CA,AWP,WE,Towers with Radar,40,7,41,0,88,0,3,194,0,197,40,10,235,0,285,406,0,406,691
01/10/2021,LGB,CA,AWP,WE,Towers with Radar,44,6,58,0,108,0,2,214,0,216,44,8,272,0,324,509,0,509,833
01/11/2021,LGB,CA,AWP,WE,Towers with Radar,46,11,66,2,125,0,16,223,1,240,46,27,289,3,365,615,0,615,980
01/12/2021,LGB,CA,AWP,WE,Towers with Radar,43,2,65,3,113,0,12,236,2,250,43,14,301,5,363,657,0,657,1020
01/13/2021,LGB,CA,AWP,WE,Towers with Radar,43,6,68,3,120,0,9,263,0,272,43,15,331,3,392,730,0,730,1122
01/14/2021,LGB,CA,AWP,WE,Towers with Radar,45,5,58,0,108,0,10,162,0,172,45,15,220,0,280,554,0,554,834
01/15/2021,LGB,CA,AWP,WE,Towers with Radar,45,3,69,0,117,0,12,210,0,222,45,15,279,0,339,578,0,578,917
01/16/2021,LGB,CA,AWP,WE,Towers with Radar,40,11,64,0,115,0,3,247,2,252,40,14,311,2,367,576,0,576,943
01/17/2021,LGB,CA,AWP,WE,Towers with Radar,44,2,39,0,85,0,0,189,0,189,44,2,228,0,274,386,0,386,660
01/18/2021,LGB,CA,AWP,WE,Towers with Radar,48,5,68,0,121,0,12,195,0,207,48,17,263,0,328,609,0,609,937
01/19/2021,LGB,CA,AWP,WE,Towers with Radar,43,5,21,0,69,0,11,91,2,104,43,16,112,2,173,193,0,193,366
01/20/2021,LGB,CA,AWP,WE,Towers with Radar,45,8,31,6,90,0,12,118,1,131,45,20,149,7,221,257,0,257,478
01/21/2021,LGB,CA,AWP,WE,Towers with Radar,45,4,91,0,140,0,6,284,1,291,45,10,375,1,431,429,0,429,860
01/22/2021,LGB,CA,AWP,WE,Towers with Radar,45,10,86,4,145,0,4,132,0,136,45,14,218,4,281,455,0,455,736
01/23/2021,LGB,CA,AWP,WE,Towers with Radar,40,5,16,1,62,0,2,76,0,78,40,7,92,1,140,299,0,299,439
01/24/2021,LGB,CA,AWP,WE,Towers with Radar,44,15,69,1,129,0,2,232,0,234,44,17,301,1,363,442,0,442,805
01/25/2021,LGB,CA,AWP,WE,Towers with Radar,46,8,12,2,68,0,0,57,0,57,46,8,69,2,125,56,0,56,181
01/26/2021,LGB,CA,AWP,WE,Towers with Radar,45,13,81,2,141,0,23,333,2,358,45,36,414,4,499,682,0,682,1181
01/27/2021,LGB,CA,AWP,WE,Towers with Radar,43,3,38,5,89,0,10,153,0,163,43,13,191,5,252,477,0,477,729
01/28/2021,LGB,CA,AWP,WE,Towers with Radar,48,4,30,0,82,0,6,148,0,154,48,10,178,0,236,420,0,420,656
01/29/2021,LGB,CA,AWP,WE,Towers with Radar,46,7,28,0,81,0,4,57,0,61,46,11,85,0,142,161,0,161,303
01/30/2021,LGB,CA,AWP,WE,Towers with Radar,40,5,74,0,119,0,1,235,0,236,40,6,309,0,355,513,0,513,868
01/31/2021,LGB,CA,AWP,WE,Towers with Radar,48,11,70,0,129,0,1,216,2,219,48,12,286,2,348,403,0,403,751
02/01/2021,LGB,CA,AWP,WE,Towers with Radar,48,1,84,0,133,0,12,213,0,225,48,13,297,0,358,482,0,482,840
02/02/2021,LGB,CA,AWP,WE,Towers with Radar,43,4,88,0,135,0,9,226,0,235,43,13,314,0,370,659,0,659,1029
02/03/2021,LGB,CA,AWP,WE,Towers with Radar,45,5,74,2,126,0,4,153,0,157,45,9,227,2,283,491,0,491,774
02/04/2021,LGB,CA,AWP,WE,Towers with Radar,47,8,104,1,160,0,7,269,0,276,47,15,373,1,436,688,0,688,1124
02/05/2021,LGB,CA,AWP,WE,Towers with Radar,45,9,92,8,154,0,4,229,0,233,45,13,321,8,387,534,0,534,921
02/06/2021,LGB,CA,AWP,WE,Towers with Radar,42,7,63,1,113,0,2,247,0,249,42,9,310,1,362,352,0,352,714
02/07/2021,LGB,CA,AWP,WE,Towers with Radar,42,3,64,2,111,0,0,121,0,121,42,3,185,2,232,184,0,184,416
02/08/2021,LGB,CA,AWP,WE,Towers with Radar,45,17,84,0,146,0,6,150,4,160,45,23,234,4,306,388,0,388,694
02/09/2021,LGB,CA,AWP,WE,Towers with Radar,43,4,72,1,120,0,9,165,0,174,43,13,237,1,294,550,0,550,844
02/10/2021,LGB,CA,AWP,WE,Towers with Radar,43,11,111,3,168,0,10,219,2,231,43,21,330,5,399,784,0,784,1183
02/11/2021,LGB,CA,AWP,WE,Towers with Radar,45,12,89,1,147,0,7,269,2,278,45,19,358,3,425,552,0,552,977
02/12/2021,LGB,CA,AWP,WE,Towers with Radar,47,12,60,1,120,0,5,131,0,136,47,17,191,1,256,223,0,223,479
02/13/2021,LGB,CA,AWP,WE,Towers with Radar,40,5,49,0,94,0,3,159,1,163,40,8,208,1,257,406,0,406,663
02/14/2021,LGB,CA,AWP,WE,Towers with Radar,39,9,35,0,83,0,0,187,0,187,39,9,222,0,270,139,0,139,409
02/15/2021,LGB,CA,AWP,WE,Towers with Radar,41,10,90,0,141,0,7,266,0,273,41,17,356,0,414,635,4,639,1053
02/16/2021,LGB,CA,AWP,WE,Towers with Radar,37,12,72,0,121,0,7,239,2,248,37,19,311,2,369,611,0,611,980
02/17/2021,LGB,CA,AWP,WE,Towers with Radar,37,9,80,4,130,0,18,312,1,331,37,27,392,5,461,528,0,528,989
02/18/2021,LGB,CA,AWP,WE,Towers with Radar,43,6,67,4,120,0,7,284,0,291,43,13,351,4,411,550,0,550,961
02/19/2021,LGB,CA,AWP,WE,Towers with Radar,45,7,94,2,148,0,10,255,1,266,45,17,349,3,414,585,0,585,999
02/20/2021,LGB,CA,AWP,WE,Towers with Radar,40,8,45,0,93,0,1,123,0,124,40,9,168,0,217,240,0,240,457
02/21/2021,LGB,CA,AWP,WE,Towers with Radar,44,10,51,0,105,0,0,211,0,211,44,10,262,0,316,566,0,566,882
02/22/2021,LGB,CA,AWP,WE,Towers with Radar,46,4,57,1,108,0,7,195,0,202,46,11,252,1,310,502,0,502,812
02/23/2021,LGB,CA,AWP,WE,Towers with Radar,41,7,79,2,129,0,13,242,0,255,41,20,321,2,384,602,0,602,986
02/24/2021,LGB,CA,AWP,WE,Towers with Radar,41,12,88,4,145,0,16,223,0,239,41,28,311,4,384,658,0,658,1042
02/25/2021,LGB,CA,AWP,WE,Towers with Radar,45,12,58,0,115,0,10,207,0,217,45,22,265,0,332,726,0,726,1058
02/26/2021,LGB,CA,AWP,WE,Towers with Radar,45,9,100,0,154,0,9,250,0,259,45,18,350,0,413,601,0,601,1014
02/27/2021,LGB,CA,AWP,WE,Towers with Radar,40,5,54,0,99,0,2,205,0,207,40,7,259,0,306,442,0,442,748
02/28/2021,LGB,CA,AWP,WE,Towers with Radar,43,10,32,0,85,0,0,119,0,119,43,10,151,0,204,187,0,187,391
03/01/2021,LGB,CA,AWP,WE,Towers with Radar,46,2,62,1,111,0,17,226,1,244,46,19,288,2,355,673,0,673,1028
03/02/2021,LGB,CA,AWP,WE,Towers with Radar,39,14,96,0,149,0,2,281,0,283,39,16,377,0,432,754,0,754,1186
03/03/2021,LGB,CA,AWP,WE,Towers with Radar,42,16,46,0,104,0,3,68,0,71,42,19,114,0,175,139,0,139,314
03/04/2021,LGB,CA,AWP,WE,Towers with Radar,47,15,80,0,142,0,8,262,8,278,47,23,342,8,420,664,0,664,1084
03/05/2021,LGB,CA,AWP,WE,Towers with Radar,46,5,82,1,134,0,5,217,1,223,46,10,299,2,357,498,0,498,855
03/06/2021,LGB,CA,AWP,WE,Towers with Radar,42,5,50,0,97,0,3,226,1,230,42,8,276,1,327,505,0,505,832
03/07/2021,LGB,CA,AWP,WE,Towers with Radar,52,4,86,0,142,0,2,183,0,185,52,6,269,0,327,527,0,527,854
03/08/2021,LGB,CA,AWP,WE,Towers with Radar,48,5,73,3,129,0,12,231,1,244,48,17,304,4,373,680,0,680,1053
03/09/2021,LGB,CA,AWP,WE,Towers with Radar,45,13,66,0,124,0,16,191,0,207,45,29,257,0,331,467,0,467,798
03/10/2021,LGB,CA,AWP,WE,Towers with Radar,49,6,34,1,90,0,10,86,0,96,49,16,120,1,186,274,0,274,460
03/11/2021,LGB,CA,AWP,WE,Towers with Radar,74,11,66,0,151,0,14,205,1,220,74,25,271,1,371,555,0,555,926
03/12/2021,LGB,CA,AWP,WE,Towers with Radar,72,11,72,2,157,0,10,248,0,258,72,21,320,2,415,403,0,403,818
03/13/2021,LGB,CA,AWP,WE,Towers with Radar,54,6,83,1,144,0,1,279,0,280,54,7,362,1,424,377,0,377,801
03/14/2021,LGB,CA,AWP,WE,Towers with Radar,59,15,64,0,138,0,2,158,0,160,59,17,222,0,298,539,0,539,837
03/15/2021,LGB,CA,AWP,WE,Towers with Radar,59,6,27,0,92,0,9,49,0,58,59,15,76,0,150,36,0,36,186
03/16/2021,LGB,CA,AWP,WE,Towers with Radar,67,11,100,0,178,0,16,357,0,373,67,27,457,0,551,733,0,733,1284
03/17/2021,LGB,CA,AWP,WE,Towers with Radar,68,8,106,1,183,0,8,292,0,300,68,16,398,1,483,830,0,830,1313
03/18/2021,LGB,CA,AWP,WE,Towers with Radar,68,16,80,0,164,0,3,276,1,280,68,19,356,1,444,821,0,821,1265
03/19/2021,LGB,CA,AWP,WE,Towers with Radar,70,15,84,0,169,0,3,280,0,283,70,18,364,0,452,495,0,495,947
03/20/2021,LGB,CA,AWP,WE,Towers with Radar,62,4,77,2,145,0,3,282,2,287,62,7,359,4,432,381,0,381,813
03/21/2021,LGB,CA,AWP,WE,Towers with Radar,72,9,61,0,142,0,0,224,0,224,72,9,285,0,366,439,0,439,805
03/22/2021,LGB,CA,AWP,WE,Towers with Radar,70,21,84,2,177,0,13,249,1,263,70,34,333,3,440,652,0,652,1092
03/23/2021,LGB,CA,AWP,WE,Towers with Radar,68,10,56,1,135,0,15,186,0,201,68,25,242,1,336,532,0,532,868
03/24/2021,LGB,CA,AWP,WE,Towers with Radar,70,8,84,0,162,0,8,262,2,272,70,16,346,2,434,635,0,635,1069
03/25/2021,LGB,CA,AWP,WE,Towers with Radar,75,17,71,2,165,0,10,183,2,195,75,27,254,4,360,720,0,720,1080
03/26/2021,LGB,CA,AWP,WE,Towers with Radar,73,4,71,1,149,0,19,284,0,303,73,23,355,1,452,601,0,601,1053
03/27/2021,LGB,CA,AWP,WE,Towers with Radar,60,2,72,0,134,0,2,269,0,271,60,4,341,0,405,301,0,301,706
03/28/2021,LGB,CA,AWP,WE,Towers with Radar,70,4,63,0,137,0,0,218,0,218,70,4,281,0,355,431,0,431,786
03/29/2021,LGB,CA,AWP,WE,Towers with Radar,72,4,71,1,148,0,22,231,0,253,72,26,302,1,401,584,0,584,985
03/30/2021,LGB,CA,AWP,WE,Towers with Radar,66,10,92,2,170,0,21,241,0,262,66,31,333,2,432,826,0,826,1258
03/31/2021,LGB,CA,AWP,WE,Towers with Radar,69,10,68,0,147,0,13,271,0,284,69,23,339,0,431,653,0,653,1084
04/01/2021,LGB,CA,AWP,WE,Towers with Radar,74,6,78,0,158,0,11,211,0,222,74,17,289,0,380,649,0,649,1029
04/02/2021,LGB,CA,AWP,WE,Towers with Radar,74,12,80,0,166,0,11,224,0,235,74,23,304,0,401,530,0,530,931
04/03/2021,LGB,CA,AWP,WE,Towers with Radar,64,8,70,0,142,0,2,216,0,218,64,10,286,0,360,412,0,412,772
04/04/2021,LGB,CA,AWP,WE,Towers with Radar,72,1,54,0,127,0,0,189,0,189,72,1,243,0,316,338,0,338,654
04/05/2021,LGB,CA,AWP,WE,Towers with Radar,74,14,90,0,178,0,14,215,0,229,74,28,305,0,407,380,0,380,787
04/06/2021,LGB,CA,AWP,WE,Towers with Radar,73,10,81,2,166,0,19,258,0,277,73,29,339,2,443,567,0,567,1010
04/07/2021,LGB,CA,AWP,WE,Towers with Radar,71,9,92,2,174,0,18,343,3,364,71,27,435,5,538,662,0,662,1200
04/08/2021,LGB,CA,AWP,WE,Towers with Radar,74,7,91,2,174,0,13,256,1,270,74,20,347,3,444,672,0,672,1116
04/09/2021,LGB,CA,AWP,WE,Towers with Radar,74,6,83,2,165,0,12,229,2,243,74,18,312,4,408,624,0,624,1032
04/10/2021,LGB,CA,AWP,WE,Towers with Radar,63,3,64,0,130,0,4,267,0,271,63,7,331,0,401,428,0,428,829
04/11/2021,LGB,CA,AWP,WE,Towers with Radar,73,9,82,0,164,0,2,168,0,170,73,11,250,0,334,252,0,252,586
04/12/2021,LGB,CA,AWP,WE,Towers with Radar,70,11,72,0,153,0,9,115,0,124,70,20,187,0,277,499,0,499,776
04/13/2021,LGB,CA,AWP,WE,Towers with Radar,60,20,97,3,180,0,7,181,1,189,60,27,278,4,369,618,0,618,987
04/14/2021,LGB,CA,AWP,WE,Towers with Radar,62,9,101,1,173,0,25,281,1,307,62,34,382,2,480,624,0,624,1104
04/15/2021,LGB,CA,AWP,WE,Towers with Radar,73,13,103,0,189,0,21,290,1,312,73,34,393,1,501,976,0,976,1477
04/16/2021,LGB,CA,AWP,WE,Towers with Radar,71,8,69,1,149,0,13,189,0,202,71,21,258,1,351,568,0,568,919
04/17/2021,LGB,CA,AWP,WE,Towers with Radar,62,4,57,0,123,0,6,222,0,228,62,10,279,0,351,574,0,574,925
04/18/2021,LGB,CA,AWP,WE,Towers with Radar,74,8,50,0,132,0,3,167,0,170,74,11,217,0,302,305,0,305,607
04/19/2021,LGB,CA,AWP,WE,Towers with Radar,73,9,67,0,149,0,15,237,0,252,73,24,304,0,401,560,0,560,961
04/20/2021,LGB,CA,AWP,WE,Towers with Radar,60,4,96,0,160,0,20,260,0,280,60,24,356,0,440,580,0,580,1020
04/21/2021,LGB,CA,AWP,WE,Towers with Radar,65,9,90,0,164,0,19,215,0,234,65,28,305,0,398,556,0,556,954
04/22/2021,LGB,CA,AWP,WE,Towers with Radar,73,19,103,0,195,0,16,198,0,214,73,35,301,0,409,750,0,750,1159
04/23/2021,LGB,CA,AWP,WE,Towers with Radar,70,9,79,3,161,0,11,228,0,239,70,20,307,3,400,651,0,651,1051
04/24/2021,LGB,CA,AWP,WE,Towers with Radar,59,6,63,4,132,0,4,233,0,237,59,10,296,4,369,374,0,374,743
04/25/2021,LGB,CA,AWP,WE,Towers with Radar,74,9,82,6,171,0,0,193,0,193,74,9,275,6,364,458,0,458,822
04/26/2021,LGB,CA,AWP,WE,Towers with Radar,75,9,62,2,148,0,11,174,0,185,75,20,236,2,333,588,0,588,921
04/27/2021,LGB,CA,AWP,WE,Towers with Radar,62,16,80,3,161,0,26,305,0,331,62,42,385,3,492,700,0,700,1192
04/28/2021,LGB,CA,AWP,WE,Towers with Radar,62,8,117,1,188,0,14,314,1,329,62,22,431,2,517,534,0,534,1051
04/29/2021,LGB,CA,AWP,WE,Towers with Radar,72,17,85,0,174,0,21,297,0,318,72,38,382,0,492,661,0,661,1153
04/30/2021,LGB,CA,AWP,WE,Towers with Radar,70,9,81,1,161,0,12,292,0,304,70,21,373,1,465,670,0,670,1135
05/01/2021,LGB,CA,AWP,WE,Towers with Radar,62,8,60,2,132,0,7,211,0,218,62,15,271,2,350,410,0,410,760
05/02/2021,LGB,CA,AWP,WE,Towers with Radar,71,2,62,1,136,0,0,180,0,180,71,2,242,1,316,534,0,534,850
05/03/2021,LGB,CA,AWP,WE,Towers with Radar,74,4,90,2,170,0,10,276,2,288,74,14,366,4,458,532,0,532,990
05/04/2021,LGB,CA,AWP,WE,Towers with Radar,61,14,77,0,152,0,28,301,0,329,61,42,378,0,481,717,0,717,1198
05/05/2021,LGB,CA,AWP,WE,Towers with Radar,62,9,68,1,140,0,13,231,4,248,62,22,299,5,388,791,0,791,1179
05/06/2021,LGB,CA,AWP,WE,Towers with Radar,72,10,85,1,168,0,10,187,0,197,72,20,272,1,365,677,0,677,1042
05/07/2021,LGB,CA,AWP,WE,Towers with Radar,72,7,70,0,149,0,11,219,0,230,72,18,289,0,379,733,0,733,1112
05/08/2021,LGB,CA,AWP,WE,Towers with Radar,62,10,58,0,130,0,4,235,0,239,62,14,293,0,369,559,0,559,928
05/09/2021,LGB,CA,AWP,WE,Towers with Radar,70,4,41,0,115,0,1,148,0,149,70,5,189,0,264,293,0,293,557
05/10/2021,LGB,CA,AWP,WE,Towers with Radar,75,9,73,0,157,0,14,188,0,202,75,23,261,0,359,487,0,487,846
05/11/2021,LGB,CA,AWP,WE,Towers with Radar,73,21,79,6,179,0,20,290,0,310,73,41,369,6,489,660,0,660,1149
05/12/2021,LGB,CA,AWP,WE,Towers with Radar,73,13,104,1,191,0,13,246,1,260,73,26,350,2,451,642,0,642,1093
05/13/2021,LGB,CA,AWP,WE,Towers with Radar,72,11,106,1,190,0,8,115,0,123,72,19,221,1,313,356,0,356,669
05/14/2021,LGB,CA,AWP,WE,Towers with Radar,73,10,76,1,160,0,11,219,0,230,73,21,295,1,390,595,0,595,985
05/15/2021,LGB,CA,AWP,WE,Towers with Radar,60,1,57,0,118,0,5,216,0,221,60,6,273,0,339,541,0,541,880
05/16/2021,LGB,CA,AWP,WE,Towers with Radar,70,8,71,0,149,0,0,119,0,119,70,8,190,0,268,409,0,409,677
05/17/2021,LGB,CA,AWP,WE,Towers with Radar,75,6,70,0,151,0,4,164,0,168,75,10,234,0,319,502,0,502,821
05/18/2021,LGB,CA,AWP,WE,Towers with Radar,73,12,81,2,168,0,23,262,1,286,73,35,343,3,454,586,0,586,1040
05/19/2021,LGB,CA,AWP,WE,Towers with Radar,72,16,115,0,203,0,16,205,0,221,72,32,320,0,424,552,0,552,976
05/20/2021,LGB,CA,AWP,WE,Towers with Radar,71,10,79,1,161,0,16,275,0,291,71,26,354,1,452,655,0,655,1107
05/21/2021,LGB,CA,AWP,WE,Towers with Radar,72,10,62,1,145,0,15,193,0,208,72,25,255,1,353,262,6,268,621
05/22/2021,LGB,CA,AWP,WE,Towers with Radar,58,6,83,0,147,0,4,235,0,239,58,10,318,0,386,404,0,404,790
05/23/2021,LGB,CA,AWP,WE,Towers with Radar,70,15,62,0,147,0,0,217,0,217,70,15,279,0,364,357,0,357,721
05/24/2021,LGB,CA,AWP,WE,Towers with Radar,71,17,83,0,171,0,22,283,0,305,71,39,366,0,476,543,0,543,1019
05/25/2021,LGB,CA,AWP,WE,Towers with Radar,70,16,74,1,161,0,22,224,0,246,70,38,298,1,407,747,0,747,1154
05/26/2021,LGB,CA,AWP,WE,Towers with Radar,75,7,59,1,142,0,17,275,1,293,75,24,334,2,435,495,0,495,930
05/27/2021,LGB,CA,AWP,WE,Towers with Radar,71,17,72,2,162,0,13,236,0,249,71,30,308,2,411,552,0,552,963
05/28/2021,LGB,CA,AWP,WE,Towers with Radar,76,9,88,0,173,0,24,288,0,312,76,33,376,0,485,607,0,607,1092
05/29/2021,LGB,CA,AWP,WE,Towers with Radar,58,6,72,0,136,0,11,144,0,155,58,17,216,0,291,474,0,474,765
05/30/2021,LGB,CA,AWP,WE,Towers with Radar,68,10,60,0,138,0,4,170,1,175,68,14,230,1,313,406,0,406,719
05/31/2021,LGB,CA,AWP,WE,Towers with Radar,71,2,81,0,154,0,4,173,0,177,71,6,254,0,331,282,0,282,613
06/01/2021,LGB,CA,AWP,WE,Towers with Radar,73,12,68,1,154,0,17,219,0,236,73,29,287,1,390,580,0,580,970
06/02/2021,LGB,CA,AWP,WE,Towers with Radar,70,10,107,2,189,0,12,235,1,248,70,22,342,3,437,635,0,635,1072
06/03/2021,LGB,CA,AWP,WE,Towers with Radar,70,12,87,0,169,0,16,229,0,245,70,28,316,0,414,595,0,595,1009
06/04/2021,LGB,CA,AWP,WE,Towers with Radar,73,10,88,2,173,0,19,243,1,263,73,29,331,3,436,572,0,572,1008
06/05/2021,LGB,CA,AWP,WE,Towers with Radar,62,3,61,2,128,0,4,216,0,220,62,7,277,2,348,404,0,404,752
06/06/2021,LGB,CA,AWP,WE,Towers with Radar,73,13,64,4,154,0,0,200,1,201,73,13,264,5,355,328,0,328,683
06/07/2021,LGB,CA,AWP,WE,Towers with Radar,72,8,58,3,141,0,18,135,0,153,72,26,193,3,294,468,0,468,762
06/08/2021,LGB,CA,AWP,WE,Towers with Radar,69,11,85,0,165,0,21,385,0,406,69,32,470,0,571,704,0,704,1275
06/09/2021,LGB,CA,AWP,WE,Towers with Radar,68,10,102,2,182,0,20,328,0,348,68,30,430,2,530,791,0,791,1321
06/10/2021,LGB,CA,AWP,WE,Towers with Radar,71,11,78,3,163,0,15,263,0,278,71,26,341,3,441,718,0,718,1159
06/11/2021,LGB,CA,AWP,WE,Towers with Radar,72,11,73,3,159,0,20,252,0,272,72,31,325,3,431,569,0,569,1000
06/12/2021,LGB,CA,AWP,WE,Towers with Radar,58,17,52,0,127,0,3,231,0,234,58,20,283,0,361,537,0,537,898
06/13/2021,LGB,CA,AWP,WE,Towers with Radar,74,11,46,0,131,0,0,185,0,185,74,11,231,0,316,338,0,338,654
06/14/2021,LGB,CA,AWP,WE,Towers with Radar,69,9,76,1,155,0,28,209,5,242,69,37,285,6,397,595,0,595,992
06/15/2021,LGB,CA,AWP,WE,Towers with Radar,59,7,87,2,155,0,22,356,0,378,59,29,443,2,533,863,0,863,1396
06/16/2021,LGB,CA,AWP,WE,Towers with Radar,70,12,91,0,173,0,25,271,0,296,70,37,362,0,469,877,0,877,1346
06/17/2021,LGB,CA,AWP,WE,Towers with Radar,71,15,96,1,183,0,12,178,0,190,71,27,274,1,373,490,0,490,863
06/18/2021,LGB,CA,AWP,WE,Towers with Radar,74,18,81,1,174,0,15,206,0,221,74,33,287,1,395,524,0,524,919
06/19/2021,LGB,CA,AWP,WE,Towers with Radar,57,13,68,0,138,0,2,204,1,207,57,15,272,1,345,489,0,489,834
06/20/2021,LGB,CA,AWP,WE,Towers with Radar,70,15,46,0,131,0,0,146,0,146,70,15,192,0,277,159,0,159,436
06/21/2021,LGB,CA,AWP,WE,Towers with Radar,80,18,69,1,168,0,23,233,1,257,80,41,302,2,425,685,0,685,1110
06/22/2021,LGB,CA,AWP,WE,Towers with Radar,73,9,65,0,147,0,28,286,0,314,73,37,351,0,461,1059,0,1059,1520
06/23/2021,LGB,CA,AWP,WE,Towers with Radar,72,3,110,0,185,0,28,284,0,312,72,31,394,0,497,775,0,775,1272
06/24/2021,LGB,CA,AWP,WE,Towers with Radar,72,8,76,2,158,0,25,258,2,285,72,33,334,4,443,854,0,854,1297
06/25/2021,LGB,CA,AWP,WE,Towers with Radar,71,8,68,3,150,0,24,265,0,289,71,32,333,3,439,710,0,710,1149
06/26/2021,LGB,CA,AWP,WE,Towers with Radar,57,5,62,3,127,0,6,271,0,277,57,11,333,3,404,410,0,410,814
06/27/2021,LGB,CA,AWP,WE,Towers with Radar,71,11,60,2,144,0,1,182,1,184,71,12,242,3,328,318,0,318,646
06/28/2021,LGB,CA,AWP,WE,Towers with Radar,77,9,95,1,182,0,23,201,0,224,77,32,296,1,406,484,0,484,890
06/29/2021,LGB,CA,AWP,WE,Towers with Radar,70,26,78,4,178,0,9,66,0,75,70,35,144,4,253,117,0,117,370
06/30/2021,LGB,CA,AWP,WE,Towers with Radar,69,22,78,8,177,0,6,162,0,168,69,28,240,8,345,588,0,588,933
07/01/2021,LGB,CA,AWP,WE,Towers with Radar,70,11,92,0,173,0,17,260,0,277,70,28,352,0,450,595,0,595,1045
07/02/2021,LGB,CA,AWP,WE,Towers with Radar,71,12,70,0,153,0,16,186,0,202,71,28,256,0,355,553,0,553,908
07/03/2021,LGB,CA,AWP,WE,Towers with Radar,60,16,53,0,129,0,3,191,0,194,60,19,244,0,323,415,0,415,738
07/04/2021,LGB,CA,AWP,WE,Towers with Radar,67,2,46,0,115,0,0,154,0,154,67,2,200,0,269,217,0,217,486
07/05/2021,LGB,CA,AWP,WE,Towers with Radar,67,8,71,1,147,0,0,197,0,197,67,8,268,1,344,731,0,731,1075
07/06/2021,LGB,CA,AWP,WE,Towers with Radar,76,8,64,4,152,0,28,307,0,335,76,36,371,4,487,713,0,713,1200
07/07/2021,LGB,CA,AWP,WE,Towers with Radar,73,8,93,1,175,0,25,270,0,295,73,33,363,1,470,640,0,640,1110
07/08/2021,LGB,CA,AWP,WE,Towers with Radar,71,14,92,2,179,0,22,293,1,316,71,36,385,3,495,610,0,610,1105
07/09/2021,LGB,CA,AWP,WE,Towers with Radar,74,9,85,0,168,0,24,278,1,303,74,33,363,1,471,716,0,716,1187
07/10/2021,LGB,CA,AWP,WE,Towers with Radar,58,4,38,2,102,0,6,294,0,300,58,10,332,2,402,400,0,400,802
07/11/2021,LGB,CA,AWP,WE,Towers with Radar,72,11,55,1,139,0,0,236,0,236,72,11,291,1,375,342,0,342,717
07/12/2021,LGB,CA,AWP,WE,Towers with Radar,76,8,81,0,165,0,20,224,0,244,76,28,305,0,409,567,0,567,976
07/13/2021,LGB,CA,AWP,WE,Towers with Radar,70,13,81,0,164,0,25,217,4,246,70,38,298,4,410,719,0,719,1129
07/14/2021,LGB,CA,AWP,WE,Towers with Radar,71,16,94,0,181,0,26,257,3,286,71,42,351,3,467,425,0,425,892
07/15/2021,LGB,CA,AWP,WE,Towers with Radar,73,14,84,0,171,0,26,236,1,263,73,40,320,1,434,711,0,711,1145
07/16/2021,LGB,CA,AWP,WE,Towers with Radar,74,6,82,4,166,0,25,244,0,269,74,31,326,4,435,445,0,445,880
07/17/2021,LGB,CA,AWP,WE,Towers with Radar,58,7,74,5,144,0,5,307,2,314,58,12,381,7,458,436,0,436,894
07/18/2021,LGB,CA,AWP,WE,Towers with Radar,72,14,48,2,136,0,0,196,0,196,72,14,244,2,332,404,0,404,736
07/19/2021,LGB,CA,AWP,WE,Towers with Radar,74,13,78,0,165,0,32,241,2,275,74,45,319,2,440,574,0,574,1014
07/20/2021,LGB,CA,AWP,WE,Towers with Radar,70,5,66,3,144,0,23,269,3,295,70,28,335,6,439,837,0,837,1276
07/21/2021,LGB,CA,AWP,WE,Towers with Radar,70,14,93,2,179,0,24,276,6,306,70,38,369,8,485,668,0,668,1153
07/22/2021,LGB,CA,AWP,WE,Towers with Radar,72,11,93,1,177,0,18,310,0,328,72,29,403,1,505,522,0,522,1027
07/23/2021,LGB,CA,AWP,WE,Towers with Radar,74,10,82,3,169,0,16,195,2,213,74,26,277,5,382,579,0,579,961
07/24/2021,LGB,CA,AWP,WE,Towers with Radar,60,7,53,0,120,0,1,238,0,239,60,8,291,0,359,503,0,503,862
07/25/2021,LGB,CA,AWP,WE,Towers with Radar,72,7,38,1,118,0,0,196,0,196,72,7,234,1,314,425,2,427,741
07/26/2021,LGB,CA,AWP,WE,Towers with Radar,75,16,67,0,158,0,22,169,0,191,75,38,236,0,349,727,0,727,1076
07/27/2021,LGB,CA,AWP,WE,Towers with Radar,72,16,87,2,177,0,34,238,1,273,72,50,325,3,450,747,0,747,1197
07/28/2021,LGB,CA,AWP,WE,Towers with Radar,73,7,83,1,164,0,25,318,5,348,73,32,401,6,512,870,0,870,1382
07/29/2021,LGB,CA,AWP,WE,Towers with Radar,72,8,86,0,166,0,27,300,1,328,72,35,386,1,494,647,0,647,1141
07/30/2021,LGB,CA,AWP,WE,Towers with Radar,75,17,57,4,153,0,27,181,0,208,75,44,238,4,361,604,0,604,965
07/31/2021,LGB,CA,AWP,WE,Towers with Radar,59,12,59,5,135,0,4,226,0,230,59,16,285,5,365,414,0,414,779
08/01/2021,LGB,CA,AWP,WE,Towers with Radar,71,11,40,3,125,0,0,222,1,223,71,11,262,4,348,339,0,339,687
08/02/2021,LGB,CA,AWP,WE,Towers with Radar,77,11,74,0,162,0,16,226,0,242,77,27,300,0,404,612,0,612,1016
08/03/2021,LGB,CA,AWP,WE,Towers with Radar,71,11,64,0,146,0,24,275,0,299,71,35,339,0,445,723,0,723,1168
08/04/2021,LGB,CA,AWP,WE,Towers with Radar,73,8,62,1,144,0,16,308,0,324,73,24,370,1,468,755,0,755,1223
08/05/2021,LGB,CA,AWP,WE,Towers with Radar,76,14,81,0,171,0,17,323,0,340,76,31,404,0,511,801,0,801,1312
08/06/2021,LGB,CA,AWP,WE,Towers with Radar,74,25,77,0,176,0,2,148,0,150,74,27,225,0,326,424,0,424,750
08/07/2021,LGB,CA,AWP,WE,Towers with Radar,61,14,64,0,139,0,2,181,0,183,61,16,245,0,322,341,0,341,663
08/08/2021,LGB,CA,AWP,WE,Towers with Radar,73,17,65,1,156,0,0,157,1,158,73,17,222,2,314,299,0,299,613
08/09/2021,LGB,CA,AWP,WE,Towers with Radar,73,10,69,1,153,0,25,220,1,246,73,35,289,2,399,726,0,726,1125
08/10/2021,LGB,CA,AWP,WE,Towers with Radar,73,21,100,1,195,0,19,181,2,202,73,40,281,3,397,633,0,633,1030
08/11/2021,LGB,CA,AWP,WE,Towers with Radar,72,20,68,3,163,0,15,214,17,246,72,35,282,20,409,698,0,698,1107
08/12/2021,LGB,CA,AWP,WE,Towers with Radar,72,7,91,0,170,0,14,307,0,321,72,21,398,0,491,602,0,602,1093
08/13/2021,LGB,CA,AWP,WE,Towers with Radar,72,8,67,0,147,0,15,226,1,242,72,23,293,1,389,696,0,696,1085
08/14/2021,LGB,CA,AWP,WE,Towers with Radar,61,11,62,0,134,0,6,216,0,222,61,17,278,0,356,329,0,329,685
08/15/2021,LGB,CA,AWP,WE,Towers with Radar,72,10,60,0,142,0,0,220,0,220,72,10,280,0,362,421,0,421,783
08/16/2021,LGB,CA,AWP,WE,Towers with Radar,74,10,57,0,141,0,15,212,1,228,74,25,269,1,369,575,0,575,944
08/17/2021,LGB,CA,AWP,WE,Towers with Radar,68,12,72,2,154,0,20,160,0,180,68,32,232,2,334,711,0,711,1045
08/18/2021,LGB,CA,AWP,WE,Towers with Radar,69,9,84,0,162,0,11,173,0,184,69,20,257,0,346,731,0,731,1077
08/19/2021,LGB,CA,AWP,WE,Towers with Radar,66,17,71,0,154,0,18,247,0,265,66,35,318,0,419,770,0,770,1189
08/20/2021,LGB,CA,AWP,WE,Towers with Radar,67,4,100,2,173,0,14,206,0,220,67,18,306,2,393,862,0,862,1255
08/21/2021,LGB,CA,AWP,WE,Towers with Radar,60,12,59,0,131,0,2,81,0,83,60,14,140,0,214,198,0,198,412
08/22/2021,LGB,CA,AWP,WE,Towers with Radar,73,8,58,0,139,0,0,173,0,173,73,8,231,0,312,426,0,426,738
08/23/2021,LGB,CA,AWP,WE,Towers with Radar,72,8,65,9,154,0,19,168,0,187,72,27,233,9,341,707,0,707,1048
08/24/2021,LGB,CA,AWP,WE,Towers with Radar,69,8,89,0,166,0,18,337,0,355,69,26,426,0,521,857,0,857,1378
08/25/2021,LGB,CA,AWP,WE,Towers with Radar,72,12,107,0,191,0,12,313,0,325,72,24,420,0,516,851,0,851,1367
08/26/2021,LGB,CA,AWP,WE,Towers with Radar,70,11,93,4,178,0,18,301,2,321,70,29,394,6,499,709,0,709,1208
08/27/2021,LGB,CA,AWP,WE,Towers with Radar,70,16,70,2,158,0,22,296,1,319,70,38,366,3,477,808,0,808,1285
08/28/2021,LGB,CA,AWP,WE,Towers with Radar,58,7,50,0,115,0,1,208,0,209,58,8,258,0,324,349,0,349,673
08/29/2021,LGB,CA,AWP,WE,Towers with Radar,72,9,58,0,139,0,0,208,0,208,72,9,266,0,347,347,0,347,694
08/30/2021,LGB,CA,AWP,WE,Towers with Radar,70,8,92,0,170,0,16,235,1,252,70,24,327,1,422,560,0,560,982
08/31/2021,LGB,CA,AWP,WE,Towers with Radar,70,15,84,0,169,0,26,206,1,233,70,41,290,1,402,693,0,693,1095
09/01/2021,LGB,CA,AWP,WE,Towers with Radar,69,11,113,2,195,0,17,216,0,233,69,28,329,2,428,741,0,741,1169
09/02/2021,LGB,CA,AWP,WE,Towers with Radar,72,7,105,2,186,0,22,229,0,251,72,29,334,2,437,642,0,642,1079
09/03/2021,LGB,CA,AWP,WE,Towers with Radar,72,17,97,2,188,0,9,206,0,215,72,26,303,2,403,579,0,579,982
09/04/2021,LGB,CA,AWP,WE,Towers with Radar,59,6,44,2,111,0,14,280,1,295,59,20,324,3,406,448,0,448,854
09/05/2021,LGB,CA,AWP,WE,Towers with Radar,68,7,36,1,112,0,0,240,0,240,68,7,276,1,352,455,0,455,807
09/06/2021,LGB,CA,AWP,WE,Towers with Radar,71,5,64,0,140,0,1,224,0,225,71,6,288,0,365,316,0,316,681
09/07/2021,LGB,CA,AWP,WE,Towers with Radar,67,16,79,5,167,0,13,216,1,230,67,29,295,6,397,608,0,608,1005
09/08/2021,LGB,CA,AWP,WE,Towers with Radar,68,10,93,0,171,0,11,262,2,275,68,21,355,2,446,523,0,523,969
09/09/2021,LGB,CA,AWP,WE,Towers with Radar,70,17,88,2,177,0,28,302,0,330,70,45,390,2,507,750,0,750,1257
09/10/2021,LGB,CA,AWP,WE,Towers with Radar,70,13,64,0,147,0,18,250,0,268,70,31,314,0,415,550,0,550,965
09/11/2021,LGB,CA,AWP,WE,Towers with Radar,58,6,58,0,122,0,5,281,0,286,58,11,339,0,408,455,0,455,863
09/12/2021,LGB,CA,AWP,WE,Towers with Radar,90,11,76,2,179,0,1,250,2,253,90,12,326,4,432,334,0,334,766
09/13/2021,LGB,CA,AWP,WE,Towers with Radar,69,22,73,2,166,0,15,157,0,172,69,37,230,2,338,323,0,323,661
09/14/2021,LGB,CA,AWP,WE,Towers with Radar,68,4,77,5,154,0,17,288,0,305,68,21,365,5,459,532,0,532,991
09/15/2021,LGB,CA,AWP,WE,Towers with Radar,71,17,86,1,175,0,14,273,1,288,71,31,359,2,463,450,0,450,913
09/16/2021,LGB,CA,AWP,WE,Towers with Radar,73,8,97,4,182,0,30,214,1,245,73,38,311,5,427,548,0,548,975
09/17/2021,LGB,CA,AWP,WE,Towers with Radar,75,12,77,3,167,0,13,254,2,269,75,25,331,5,436,900,0,900,1336
09/18/2021,LGB,CA,AWP,WE,Towers with Radar,60,7,55,0,122,0,14,207,0,221,60,21,262,0,343,638,0,638,981
09/19/2021,LGB,CA,AWP,WE,Towers with Radar,91,11,41,1,144,0,0,188,0,188,91,11,229,1,332,455,0,455,787
09/20/2021,LGB,CA,AWP,WE,Towers with Radar,71,9,71,1,152,0,18,245,0,263,71,27,316,1,415,728,0,728,1143
09/21/2021,LGB,CA,AWP,WE,Towers with Radar,69,16,74,3,162,0,29,272,2,303,69,45,346,5,465,151,0,151,616
09/22/2021,LGB,CA,AWP,WE,Towers with Radar,68,22,104,3,197,0,16,292,2,310,68,38,396,5,507,10,0,10,517
09/23/2021,LGB,CA,AWP,WE,Towers with Radar,71,20,84,2,177,0,18,226,0,244,71,38,310,2,421,50,0,50,471
09/24/2021,LGB,CA,AWP,WE,Towers with Radar,70,17,71,2,160,0,11,212,0,223,70,28,283,2,383,58,0,58,441
09/25/2021,LGB,CA,AWP,WE,Towers with Radar,60,14,50,1,125,0,5,319,2,326,60,19,369,3,451,39,0,39,490
09/26/2021,LGB,CA,AWP,WE,Towers with Radar,96,28,79,2,205,0,0,89,0,89,96,28,168,2,294,80,0,80,374
09/27/2021,LGB,CA,AWP,WE,Towers with Radar,72,22,81,1,176,0,17,95,0,112,72,39,176,1,288,827,0,827,1115
09/28/2021,LGB,CA,AWP,WE,Towers with Radar,65,15,93,0,173,0,25,225,0,250,65,40,318,0,423,920,0,920,1343
09/29/2021,LGB,CA,AWP,WE,Towers with Radar,68,5,92,0,165,0,15,241,0,256,68,20,333,0,421,688,0,688,1109
09/30/2021,LGB,CA,AWP,WE,Towers with Radar,70,11,61,1,143,0,17,242,1,260,70,28,303,2,403,651,0,651,1054
10/01/2021,LGB,CA,AWP,WE,Towers with Radar,68,11,69,1,149,0,18,247,1,266,68,29,316,2,415,520,0,520,935
10/02/2021,LGB,CA,AWP,WE,Towers with Radar,62,7,32,0,101,0,4,313,0,317,62,11,345,0,418,393,0,393,811
10/03/2021,LGB,CA,AWP,WE,Towers with Radar,90,4,47,4,145,0,1,190,4,195,90,5,237,8,340,402,0,402,742
10/04/2021,LGB,CA,AWP,WE,Towers with Radar,67,8,51,4,130,0,11,219,11,241,67,19,270,15,371,690,0,690,1061
10/05/2021,LGB,CA,AWP,WE,Towers with Radar,67,12,88,3,170,0,28,304,4,336,67,40,392,7,506,962,0,962,1468
10/06/2021,LGB,CA,AWP,WE,Towers with Radar,69,8,114,9,200,0,15,195,0,210,69,23,309,9,410,572,0,572,982
10/07/2021,LGB,CA,AWP,WE,Towers with Radar,84,8,101,6,199,0,14,152,0,166,84,22,253,6,365,796,0,796,1161
10/08/2021,LGB,CA,AWP,WE,Towers with Radar,88,11,69,2,170,0,16,192,2,210,88,27,261,4,380,547,0,547,927
10/09/2021,LGB,CA,AWP,WE,Towers with Radar,66,6,62,0,134,0,7,298,0,305,66,13,360,0,439,366,0,366,805
10/10/2021,LGB,CA,AWP,WE,Towers with Radar,67,8,58,0,133,0,3,213,0,216,67,11,271,0,349,449,0,449,798
10/11/2021,LGB,CA,AWP,WE,Towers with Radar,72,16,75,1,164,0,15,138,1,154,72,31,213,2,318,349,0,349,667
10/12/2021,LGB,CA,AWP,WE,Towers with Radar,74,12,80,3,169,0,28,206,0,234,74,40,286,3,403,385,0,385,788
10/13/2021,LGB,CA,AWP,WE,Towers with Radar,79,11,97,4,191,0,16,308,0,324,79,27,405,4,515,749,0,749,1264
10/14/2021,LGB,CA,AWP,WE,Towers with Radar,82,18,106,2,208,0,15,302,0,317,82,33,408,2,525,734,0,734,1259
10/15/2021,LGB,CA,AWP,WE,Towers with Radar,91,11,68,0,170,0,15,263,0,278,91,26,331,0,448,592,0,592,1040
10/16/2021,LGB,CA,AWP,WE,Towers with Radar,81,4,50,0,135,0,4,305,0,309,81,8,355,0,444,574,0,574,1018
10/17/2021,LGB,CA,AWP,WE,Towers with Radar,89,5,48,0,142,0,1,216,0,217,89,6,264,0,359,470,0,470,829
10/18/2021,LGB,CA,AWP,WE,Towers with Radar,87,11,78,1,177,0,17,209,0,226,87,28,287,1,403,739,0,739,1142
10/19/2021,LGB,CA,AWP,WE,Towers with Radar,76,8,91,3,178,0,27,262,0,289,76,35,353,3,467,795,0,795,1262
10/20/2021,LGB,CA,AWP,WE,Towers with Radar,76,20,117,3,216,0,18,316,2,336,76,38,433,5,552,881,0,881,1433
10/21/2021,LGB,CA,AWP,WE,Towers with Radar,82,13,91,3,189,0,19,285,0,304,82,32,376,3,493,909,0,909,1402
10/22/2021,LGB,CA,AWP,WE,Towers with Radar,80,9,82,5,176,0,16,182,1,199,80,25,264,6,375,506,0,506,881
10/23/2021,LGB,CA,AWP,WE,Towers with Radar,77,11,39,1,128,0,13,96,0,109,77,24,135,1,237,195,0,195,432
10/24/2021,LGB,CA,AWP,WE,Towers with Radar,88,7,52,0,147,0,2,205,0,207,88,9,257,0,354,500,0,500,854
10/25/2021,LGB,CA,AWP,WE,Towers with Radar,89,10,27,0,126,0,1,29,0,30,89,11,56,0,156,0,0,0,156
10/26/2021,LGB,CA,AWP,WE,Towers with Radar,77,11,102,2,192,0,36,297,0,333,77,47,399,2,525,802,0,802,1327
10/27/2021,LGB,CA,AWP,WE,Towers with Radar,79,9,90,0,178,0,25,290,0,315,79,34,380,0,493,881,0,881,1374
10/28/2021,LGB,CA,AWP,WE,Towers with Radar,85,5,97,2,189,0,8,246,0,254,85,13,343,2,443,691,0,691,1134
10/29/2021,LGB,CA,AWP,WE,Towers with Radar,87,13,83,1,184,0,18,291,0,309,87,31,374,1,493,791,0,791,1284
10/30/2021,LGB,CA,AWP,WE,Towers with Radar,75,9,81,0,165,0,1,157,1,159,75,10,238,1,324,354,0,354,678
10/31/2021,LGB,CA,AWP,WE,Towers with Radar,80,3,64,1,148,0,0,133,0,133,80,3,197,1,281,594,0,594,875
11/01/2021,LGB,CA,AWP,WE,Towers with Radar,86,6,59,3,154,0,5,117,0,122,86,11,176,3,276,500,0,500,776
11/02/2021,LGB,CA,AWP,WE,Towers with Radar,82,13,115,1,211,0,23,170,0,193,82,36,285,1,404,609,0,609,1013
11/03/2021,LGB,CA,AWP,WE,Towers with Radar,86,6,90,2,184,0,4,203,1,208,86,10,293,3,392,584,0,584,976
11/04/2021,LGB,CA,AWP,WE,Towers with Radar,95,13,104,8,220,0,5,116,0,121,95,18,220,8,341,414,0,414,755
11/05/2021,LGB,CA,AWP,WE,Towers with Radar,102,11,83,3,199,0,0,104,0,104,102,11,187,3,303,186,0,186,489
11/06/2021,LGB,CA,AWP,WE,Towers with Radar,79,11,119,6,215,0,0,224,0,224,79,11,343,6,439,161,0,161,600
11/07/2021,LGB,CA,AWP,WE,Towers with Radar,93,6,66,5,170,0,1,106,0,107,93,7,172,5,277,331,0,331,608
11/08/2021,LGB,CA,AWP,WE,Towers with Radar,88,6,88,8,190,0,23,239,1,263,88,29,327,9,453,641,0,641,1094
11/09/2021,LGB,CA,AWP,WE,Towers with Radar,91,12,64,10,177,0,17,219,0,236,91,29,283,10,413,764,0,764,1177
11/10/2021,LGB,CA,AWP,WE,Towers with Radar,91,16,79,4,190,0,18,273,0,291,91,34,352,4,481,770,0,770,1251
11/11/2021,LGB,CA,AWP,WE,Towers with Radar,93,11,75,0,179,0,18,431,0,449,93,29,506,0,628,1017,0,1017,1645
11/12/2021,LGB,CA,AWP,WE,Towers with Radar,96,3,89,0,188,0,16,308,0,324,96,19,397,0,512,831,0,831,1343
11/13/2021,LGB,CA,AWP,WE,Towers with Radar,82,4,67,2,155,0,3,343,0,346,82,7,410,2,501,588,0,588,1089
11/14/2021,LGB,CA,AWP,WE,Towers with Radar,94,13,51,0,158,0,0,268,0,268,94,13,319,0,426,679,0,679,1105
11/15/2021,LGB,CA,AWP,WE,Towers with Radar,92,13,59,0,164,0,19,240,0,259,92,32,299,0,423,725,0,725,1148
11/16/2021,LGB,CA,AWP,WE,Towers with Radar,93,18,100,1,212,0,0,126,0,126,93,18,226,1,338,372,0,372,710
11/17/2021,LGB,CA,AWP,WE,Towers with Radar,95,12,98,3,208,0,9,251,1,261,95,21,349,4,469,607,0,607,1076
11/18/2021,LGB,CA,AWP,WE,Towers with Radar,92,21,127,3,243,0,4,123,0,127,92,25,250,3,370,308,0,308,678
11/19/2021,LGB,CA,AWP,WE,Towers with Radar,92,15,87,8,202,0,4,175,0,179,92,19,262,8,381,509,0,509,890
11/20/2021,LGB,CA,AWP,WE,Towers with Radar,78,8,105,8,199,0,0,100,0,100,78,8,205,8,299,100,0,100,399
11/21/2021,LGB,CA,AWP,WE,Towers with Radar,91,8,45,4,148,0,0,227,0,227,91,8,272,4,375,496,0,496,871
11/22/2021,LGB,CA,AWP,WE,Towers with Radar,93,14,97,2,206,0,26,231,0,257,93,40,328,2,463,759,0,759,1222
11/23/2021,LGB,CA,AWP,WE,Towers with Radar,95,4,88,1,188,0,27,268,0,295,95,31,356,1,483,937,0,937,1420
11/24/2021,LGB,CA,AWP,WE,Towers with Radar,98,18,51,0,167,0,21,265,0,286,98,39,316,0,453,918,0,918,1371
11/25/2021,LGB,CA,AWP,WE,Towers with Radar,85,3,9,0,97,0,1,64,0,65,85,4,73,0,162,85,0,85,247
11/26/2021,LGB,CA,AWP,WE,Towers with Radar,93,6,64,0,163,0,9,216,0,225,93,15,280,0,388,563,0,563,951
11/27/2021,LGB,CA,AWP,WE,Towers with Radar,83,7,75,0,165,0,3,277,0,280,83,10,352,0,445,486,0,486,931
11/28/2021,LGB,CA,AWP,WE,Towers with Radar,94,10,73,0,177,0,8,207,0,215,94,18,280,0,392,455,0,455,847
11/29/2021,LGB,CA,AWP,WE,Towers with Radar,96,6,86,2,190,0,14,210,0,224,96,20,296,2,414,713,0,713,1127
11/30/2021,LGB,CA,AWP,WE,Towers with Radar,94,13,78,3,188,0,9,194,1,204,94,22,272,4,392,671,0,671,1063
12/01/2021,LGB,CA,AWP,WE,Towers with Radar,109,22,99,2,232,0,7,41,0,48,109,29,140,2,280,155,0,155,435
12/02/2021,LGB,CA,AWP,WE,Towers with Radar,96,28,81,3,208,0,2,94,0,96,96,30,175,3,304,166,0,166,470
12/03/2021,LGB,CA,AWP,WE,Towers with Radar,89,13,92,2,196,0,2,158,0,160,89,15,250,2,356,349,0,349,705
12/04/2021,LGB,CA,AWP,WE,Towers with Radar,80,12,82,0,174,0,4,189,0,193,80,16,271,0,367,595,0,595,962
12/05/2021,LGB,CA,AWP,WE,Towers with Radar,93,4,58,0,155,0,0,136,0,136,93,4,194,0,291,293,0,293,584
12/06/2021,LGB,CA,AWP,WE,Towers with Radar,81,16,77,1,175,0,2,75,0,77,81,18,152,1,252,264,0,264,516
12/07/2021,LGB,CA,AWP,WE,Towers with Radar,93,13,99,4,209,0,15,156,1,172,93,28,255,5,381,623,1,624,1005
12/08/2021,LGB,CA,AWP,WE,Towers with Radar,94,26,97,4,221,0,8,291,0,299,94,34,388,4,520,793,0,793,1313
12/09/2021,LGB,CA,AWP,WE,Towers with Radar,93,5,60,2,160,0,11,74,0,85,93,16,134,2,245,534,0,534,779
12/10/2021,LGB,CA,AWP,WE,Towers with Radar,93,9,93,0,195,0,15,307,0,322,93,24,400,0,517,837,0,837,1354
12/11/2021,LGB,CA,AWP,WE,Towers with Radar,80,2,61,0,143,0,3,320,0,323,80,5,381,0,466,614,0,614,1080
12/12/2021,LGB,CA,AWP,WE,Towers with Radar,91,8,73,0,172,0,2,270,0,272,91,10,343,0,444,706,0,706,1150
12/13/2021,LGB,CA,AWP,WE,Towers with Radar,92,9,81,0,182,0,15,177,0,192,92,24,258,0,374,736,0,736,1110
12/14/2021,LGB,CA,AWP,WE,Towers with Radar,89,5,24,0,118,0,0,25,0,25,89,5,49,0,143,8,0,8,151
12/15/2021,LGB,CA,AWP,WE,Towers with Radar,91,12,84,1,188,0,23,356,0,379,91,35,440,1,567,813,0,813,1380
12/16/2021,LGB,CA,AWP,WE,Towers with Radar,92,13,82,0,187,0,17,192,1,210,92,30,274,1,397,677,0,677,1074
12/17/2021,LGB,CA,AWP,WE,Towers with Radar,92,15,104,0,211,0,15,321,3,339,92,30,425,3,550,807,0,807,1357
12/18/2021,LGB,CA,AWP,WE,Towers with Radar,81,13,74,0,168,0,5,297,0,302,81,18,371,0,470,632,0,632,1102
12/19/2021,LGB,CA,AWP,WE,Towers with Radar,89,10,60,0,159,0,1,254,0,255,89,11,314,0,414,521,0,521,935
12/20/2021,LGB,CA,AWP,WE,Towers with Radar,92,14,70,2,178,0,23,188,0,211,92,37,258,2,389,711,0,711,1100
12/21/2021,LGB,CA,AWP,WE,Towers with Radar,92,14,65,0,171,0,21,308,0,329,92,35,373,0,500,806,0,806,1306
12/22/2021,LGB,CA,AWP,WE,Towers with Radar,92,12,73,0,177,0,21,275,1,297,92,33,348,1,474,836,0,836,1310
12/23/2021,LGB,CA,AWP,WE,Towers with Radar,95,4,35,0,134,0,9,28,4,41,95,13,63,4,175,162,0,162,337
12/24/2021,LGB,CA,AWP,WE,Towers with Radar,88,3,23,0,114,0,9,96,0,105,88,12,119,0,219,216,0,216,435
12/25/2021,LGB,CA,AWP,WE,Towers with Radar,76,7,10,0,93,0,0,23,0,23,76,7,33,0,116,42,0,42,158
12/26/2021,LGB,CA,AWP,WE,Towers with Radar,88,1,52,0,141,0,1,223,0,224,88,2,275,0,365,484,0,484,849
12/27/2021,LGB,CA,AWP,WE,Towers with Radar,89,11,51,0,151,0,5,73,0,78,89,16,124,0,229,261,0,261,490
12/28/2021,LGB,CA,AWP,WE,Towers with Radar,89,9,46,0,144,0,10,106,2,118,89,19,152,2,262,420,0,420,682
12/29/2021,LGB,CA,AWP,WE,Towers with Radar,93,10,24,0,127,0,7,31,0,38,93,17,55,0,165,105,0,105,270
12/30/2021,LGB,CA,AWP,WE,Towers with Radar,95,11,29,0,135,0,0,11,0,11,95,11,40,0,146,6,0,6,152
12/31/2021,LGB,CA,AWP,WE,Towers with Radar,91,4,49,0,144,0,7,149,0,156,91,11,198,0,300,410,0,410,710
01/01/2022,LGB,CA,AWP,WE,Towers with Radar,70,7,23,0,100,0,2,170,0,172,70,9,193,0,272,322,0,322,594
01/02/2022,LGB,CA,AWP,WE,Towers with Radar,85,7,72,2,166,0,2,190,0,192,85,9,262,2,358,440,0,440,798
01/03/2022,LGB,CA,AWP,WE,Towers with Radar,82,12,66,3,163,0,11,232,1,244,82,23,298,4,407,727,0,727,1134
01/04/2022,LGB,CA,AWP,WE,Towers with Radar,83,6,77,0,166,0,11,238,0,249,83,17,315,0,415,646,0,646,1061
01/05/2022,LGB,CA,AWP,WE,Towers with Radar,81,9,73,0,163,0,15,259,0,274,81,24,332,0,437,748,0,748,1185
01/06/2022,LGB,CA,AWP,WE,Towers with Radar,81,10,87,0,178,0,8,218,0,226,81,18,305,0,404,450,0,450,854
01/07/2022,LGB,CA,AWP,WE,Towers with Radar,82,10,81,0,173,0,0,26,0,26,82,10,107,0,199,12,0,12,211
01/08/2022,LGB,CA,AWP,WE,Towers with Radar,76,7,44,0,127,0,13,200,0,213,76,20,244,0,340,342,0,342,682
01/09/2022,LGB,CA,AWP,WE,Towers with Radar,83,7,60,0,150,0,3,280,0,283,83,10,340,0,433,563,0,563,996
01/10/2022,LGB,CA,AWP,WE,Towers with Radar,89,11,59,1,160,0,9,243,1,253,89,20,302,2,413,367,0,367,780
01/11/2022,LGB,CA,AWP,WE,Towers with Radar,87,5,44,2,138,0,12,313,1,326,87,17,357,3,464,11,0,11,475
01/12/2022,LGB,CA,AWP,WE,Towers with Radar,88,5,54,0,147,0,13,299,0,312,88,18,353,0,459,7,0,7,466
01/13/2022,LGB,CA,AWP,WE,Towers with Radar,221,15,29,1,266,0,12,242,1,255,221,27,271,2,521,7,0,7,528
01/14/2022,LGB,CA,AWP,WE,Towers with Radar,91,5,55,1,152,0,10,285,2,297,91,15,340,3,449,6,0,6,455
01/15/2022,LGB,CA,AWP,WE,Towers with Radar,77,6,35,2,120,0,4,222,0,226,77,10,257,2,346,9,0,9,355
01/16/2022,LGB,CA,AWP,WE,Towers with Radar,83,4,43,2,132,0,0,220,0,220,83,4,263,2,352,18,0,18,370
01/17/2022,LGB,CA,AWP,WE,Towers with Radar,88,6,73,2,169,0,5,167,0,172,88,11,240,2,341,6,0,6,347
01/18/2022,LGB,CA,AWP,WE,Towers with Radar,92,17,71,0,180,0,8,138,1,147,92,25,209,1,327,6,0,6,333
01/19/2022,LGB,CA,AWP,WE,Towers with Radar,88,8,86,0,182,0,18,166,0,184,88,26,252,0,366,0,0,0,366
01/20/2022,LGB,CA,AWP,WE,Towers with Radar,87,13,94,3,197,0,19,364,0,383,87,32,458,3,580,1034,0,1034,1614
01/21/2022,LGB,CA,AWP,WE,Towers with Radar,91,7,87,3,188,0,4,209,1,214,91,11,296,4,402,626,0,626,1028
01/22/2022,LGB,CA,AWP,WE,Towers with Radar,78,6,42,6,132,0,2,194,0,196,78,8,236,6,328,487,0,487,815
01/23/2022,LGB,CA,AWP,WE,Towers with Radar,90,12,42,3,147,0,0,196,0,196,90,12,238,3,343,506,0,506,849
01/24/2022,LGB,CA,AWP,WE,Towers with Radar,85,7,73,2,167,0,13,276,0,289,85,20,349,2,456,802,0,802,1258
01/25/2022,LGB,CA,AWP,WE,Towers with Radar,88,6,58,4,156,0,18,221,2,241,88,24,279,6,397,755,0,755,1152
01/26/2022,LGB,CA,AWP,WE,Towers with Radar,89,7,73,2,171,0,26,275,1,302,89,33,348,3,473,636,0,636,1109
01/27/2022,LGB,CA,AWP,WE,Towers with Radar,89,4,77,5,175,0,8,273,3,284,89,12,350,8,459,895,0,895,1354
01/28/2022,LGB,CA,AWP,WE,Towers with Radar,90,3,53,2,148,0,13,275,0,288,90,16,328,2,436,495,0,495,931
01/29/2022,LGB,CA,AWP,WE,Towers with Radar,77,0,79,2,158,0,2,305,0,307,77,2,384,2,465,620,1,621,1086
01/30/2022,LGB,CA,AWP,WE,Towers with Radar,91,3,58,2,154,0,1,244,0,245,91,4,302,2,399,608,0,608,1007
01/31/2022,LGB,CA,AWP,WE,Towers with Radar,87,16,66,2,171,0,15,167,2,184,87,31,233,4,355,496,0,496,851
02/01/2022,LGB,CA,AWP,WE,Towers with Radar,86,9,101,3,199,0,7,205,0,212,86,16,306,3,411,681,0,681,1092
02/02/2022,LGB,CA,AWP,WE,Towers with Radar,85,8,46,4,143,0,10,174,2,186,85,18,220,6,329,518,1,519,848
02/03/2022,LGB,CA,AWP,WE,Towers with Radar,69,14,108,2,193,0,9,304,1,314,69,23,412,3,507,764,0,764,1271
02/04/2022,LGB,CA,AWP,WE,Towers with Radar,85,8,41,6,140,0,11,227,0,238,85,19,268,6,378,557,0,557,935
02/05/2022,LGB,CA,AWP,WE,Towers with Radar,77,6,50,2,135,0,1,252,1,254,77,7,302,3,389,689,0,689,1078
02/06/2022,LGB,CA,AWP,WE,Towers with Radar,83,19,59,4,165,0,0,281,0,281,83,19,340,4,446,493,0,493,939
02/07/2022,LGB,CA,AWP,WE,Towers with Radar,87,10,102,1,200,0,18,264,0,282,87,28,366,1,482,798,0,798,1280
02/08/2022,LGB,CA,AWP,WE,Towers with Radar,85,7,89,2,183,0,30,233,0,263,85,37,322,2,446,822,0,822,1268
02/09/2022,LGB,CA,AWP,WE,Towers with Radar,88,6,73,2,169,0,17,259,5,281,88,23,332,7,450,589,0,589,1039
02/10/2022,LGB,CA,AWP,WE,Towers with Radar,88,24,58,0,170,0,14,210,0,224,88,38,268,0,394,603,0,603,997
02/11/2022,LGB,CA,AWP,WE,Towers with Radar,92,32,113,1,238,0,27,260,0,287,92,59,373,1,525,508,0,508,1033
02/12/2022,LGB,CA,AWP,WE,Towers with Radar,78,11,72,0,161,0,4,280,0,284,78,15,352,0,445,488,0,488,933
02/13/2022,LGB,CA,AWP,WE,Towers with Radar,84,38,60,0,182,0,0,137,1,138,84,38,197,1,320,271,0,271,591
02/14/2022,LGB,CA,AWP,WE,Towers with Radar,86,35,104,0,225,0,11,158,0,169,86,46,262,0,394,322,0,322,716
02/15/2022,LGB,CA,AWP,WE,Towers with Radar,87,8,68,0,163,0,16,133,0,149,87,24,201,0,312,543,0,543,855
02/16/2022,LGB,CA,AWP,WE,Towers with Radar,87,16,99,1,203,0,21,259,1,281,87,37,358,2,484,914,0,914,1398
02/17/2022,LGB,CA,AWP,WE,Towers with Radar,87,12,65,4,168,0,10,245,0,255,87,22,310,4,423,712,0,712,1135
02/18/2022,LGB,CA,AWP,WE,Towers with Radar,90,12,92,0,194,0,8,326,0,334,90,20,418,0,528,1041,0,1041,1569
02/19/2022,LGB,CA,AWP,WE,Towers with Radar,76,4,63,2,145,0,2,170,1,173,76,6,233,3,318,515,0,515,833
02/20/2022,LGB,CA,AWP,WE,Towers with Radar,83,11,62,0,156,0,0,221,0,221,83,11,283,0,377,419,0,419,796
02/21/2022,LGB,CA,AWP,WE,Towers with Radar,89,8,82,0,179,0,13,144,0,157,89,21,226,0,336,672,0,672,1008
02/22/2022,LGB,CA,AWP,WE,Towers with Radar,89,25,31,0,145,0,15,98,0,113,89,40,129,0,258,237,0,237,495
02/23/2022,LGB,CA,AWP,WE,Towers with Radar,82,13,74,0,169,0,18,190,7,215,82,31,264,7,384,456,0,456,840
02/24/2022,LGB,CA,AWP,WE,Towers with Radar,86,12,135,0,233,0,17,277,1,295,86,29,412,1,528,795,0,795,1323
02/25/2022,LGB,CA,AWP,WE,Towers with Radar,90,8,93,0,191,0,10,300,3,313,90,18,393,3,504,928,0,928,1432
02/26/2022,LGB,CA,AWP,WE,Towers with Radar,78,9,61,0,148,0,5,274,0,279,78,14,335,0,427,695,0,695,1122
02/27/2022,LGB,CA,AWP,WE,Towers with Radar,86,19,52,0,157,0,1,229,0,230,86,20,281,0,387,508,0,508,895
02/28/2022,LGB,CA,AWP,WE,Towers with Radar,90,13,74,1,178,0,15,217,0,232,90,28,291,1,410,761,0,761,1171
03/01/2022,LGB,CA,AWP,WE,Towers with Radar,88,13,55,1,157,0,24,327,0,351,88,37,382,1,508,839,0,839,1347
03/02/2022,LGB,CA,AWP,WE,Towers with Radar,89,15,81,0,185,0,16,361,2,379,89,31,442,2,564,840,0,840,1404
03/03/2022,LGB,CA,AWP,WE,Towers with Radar,89,16,77,6,188,0,16,178,0,194,89,32,255,6,382,474,0,474,856
03/04/2022,LGB,CA,AWP,WE,Towers with Radar,92,14,54,1,161,0,10,170,0,180,92,24,224,1,341,360,0,360,701
03/05/2022,LGB,CA,AWP,WE,Towers with Radar,83,11,23,0,117,0,2,109,0,111,83,13,132,0,228,201,0,201,429
03/06/2022,LGB,CA,AWP,WE,Towers with Radar,89,4,73,0,166,0,18,225,0,243,89,22,298,0,409,483,0,483,892
03/07/2022,LGB,CA,AWP,WE,Towers with Radar,90,11,66,0,167,0,17,251,0,268,90,28,317,0,435,667,0,667,1102
03/08/2022,LGB,CA,AWP,WE,Towers with Radar,88,11,64,3,166,0,18,268,2,288,88,29,332,5,454,785,0,785,1239
03/09/2022,LGB,CA,AWP,WE,Towers with Radar,87,10,96,1,194,0,13,206,0,219,87,23,302,1,413,623,0,623,1036
03/10/2022,LGB,CA,AWP,WE,Towers with Radar,90,6,68,5,169,0,15,283,1,299,90,21,351,6,468,589,0,589,1057
03/11/2022,LGB,CA,AWP,WE,Towers with Radar,91,11,67,0,169,0,12,372,0,384,91,23,439,0,553,846,1,847,1400
03/12/2022,LGB,CA,AWP,WE,Towers with Radar,80,3,65,1,149,0,6,334,1,341,80,9,399,2,490,687,0,687,1177
03/13/2022,LGB,CA,AWP,WE,Towers with Radar,85,11,62,0,158,0,0,261,0,261,85,11,323,0,419,607,0,607,1026
03/14/2022,LGB,CA,AWP,WE,Towers with Radar,91,18,85,0,194,0,17,232,0,249,91,35,317,0,443,774,0,774,1217
03/15/2022,LGB,CA,AWP,WE,Towers with Radar,88,11,89,2,190,0,20,277,0,297,88,31,366,2,487,873,0,873,1360
03/16/2022,LGB,CA,AWP,WE,Towers with Radar,90,11,88,1,190,0,14,292,1,307,90,25,380,2,497,729,0,729,1226
03/17/2022,LGB,CA,AWP,WE,Towers with Radar,90,7,81,2,180,0,27,322,0,349,90,34,403,2,529,822,0,822,1351
03/18/2022,LGB,CA,AWP,WE,Towers with Radar,90,5,79,0,174,0,10,331,1,342,90,15,410,1,516,727,0,727,1243
03/19/2022,LGB,CA,AWP,WE,Towers with Radar,83,7,58,1,149,0,4,223,1,228,83,11,281,2,377,317,0,317,694
03/20/2022,LGB,CA,AWP,WE,Towers with Radar,90,7,37,2,136,0,0,143,0,143,90,7,180,2,279,264,0,264,543
03/21/2022,LGB,CA,AWP,WE,Towers with Radar,86,2,56,2,146,0,18,225,1,244,86,20,281,3,390,857,0,857,1247
03/22/2022,LGB,CA,AWP,WE,Towers with Radar,87,4,78,1,170,0,19,303,5,327,87,23,381,6,497,742,0,742,1239
03/23/2022,LGB,CA,AWP,WE,Towers with Radar,88,7,93,1,189,0,12,263,2,277,88,19,356,3,466,800,0,800,1266
03/24/2022,LGB,CA,AWP,WE,Towers with Radar,93,3,90,0,186,0,18,300,0,318,93,21,390,0,504,624,0,624,1128
03/25/2022,LGB,CA,AWP,WE,Towers with Radar,92,3,72,2,169,0,10,214,1,225,92,13,286,3,394,452,0,452,846
03/26/2022,LGB,CA,AWP,WE,Towers with Radar,80,5,78,0,163,0,1,189,0,190,80,6,267,0,353,242,0,242,595
03/27/2022,LGB,CA,AWP,WE,Towers with Radar,90,5,33,0,128,0,0,169,0,169,90,5,202,0,297,513,0,513,810
03/28/2022,LGB,CA,AWP,WE,Towers with Radar,92,9,11,0,112,0,10,20,3,33,92,19,31,3,145,21,0,21,166
03/29/2022,LGB,CA,AWP,WE,Towers with Radar,90,4,82,1,177,0,17,245,0,262,90,21,327,1,439,723,0,723,1162
03/30/2022,LGB,CA,AWP,WE,Towers with Radar,88,6,76,3,173,0,16,241,0,257,88,22,317,3,430,774,0,774,1204
03/31/2022,LGB,CA,AWP,WE,Towers with Radar,89,5,78,0,172,0,17,160,1,178,89,22,238,1,350,661,0,661,1011
04/01/2022,LGB,CA,AWP,WE,Towers with Radar,93,15,95,0,203,0,12,241,0,253,93,27,336,0,456,709,0,709,1165
04/02/2022,LGB,CA,AWP,WE,Towers with Radar,76,13,64,0,153,0,1,124,0,125,76,14,188,0,278,459,0,459,737
04/03/2022,LGB,CA,AWP,WE,Towers with Radar,84,5,71,0,160,0,3,141,0,144,84,8,212,0,304,622,0,622,926
04/04/2022,LGB,CA,AWP,WE,Towers with Radar,90,13,74,3,180,0,13,200,1,214,90,26,274,4,394,557,0,557,951
04/05/2022,LGB,CA,AWP,WE,Towers with Radar,91,10,88,2,191,0,14,258,0,272,91,24,346,2,463,431,0,431,894
04/06/2022,LGB,CA,AWP,WE,Towers with Radar,90,9,86,1,186,0,14,298,0,312,90,23,384,1,498,926,0,926,1424
04/07/2022,LGB,CA,AWP,WE,Towers with Radar,91,8,86,1,186,0,23,228,0,251,91,31,314,1,437,640,0,640,1077
04/08/2022,LGB,CA,AWP,WE,Towers with Radar,91,2,90,2,185,0,15,305,4,324,91,17,395,6,509,571,0,571,1080
04/09/2022,LGB,CA,AWP,WE,Towers with Radar,71,9,79,0,159,0,8,288,0,296,71,17,367,0,455,469,0,469,924
04/10/2022,LGB,CA,AWP,WE,Towers with Radar,90,12,69,0,171,0,0,136,0,136,90,12,205,0,307,290,0,290,597
04/11/2022,LGB,CA,AWP,WE,Towers with Radar,89,17,80,4,190,0,19,202,2,223,89,36,282,6,413,541,0,541,954
04/12/2022,LGB,CA,AWP,WE,Towers with Radar,92,12,35,0,139,0,20,81,0,101,92,32,116,0,240,115,0,115,355
04/13/2022,LGB,CA,AWP,WE,Towers with Radar,92,10,88,2,192,0,18,302,1,321,92,28,390,3,513,935,0,935,1448
04/14/2022,LGB,CA,AWP,WE,Towers with Radar,91,3,62,0,156,0,12,322,0,334,91,15,384,0,490,68,1,69,559
04/15/2022,LGB,CA,AWP,WE,Towers with Radar,91,7,55,0,153,0,14,316,0,330,91,21,371,0,483,217,0,217,700
04/16/2022,LGB,CA,AWP,WE,Towers with Radar,68,7,76,0,151,0,5,213,0,218,68,12,289,0,369,607,0,607,976
04/17/2022,LGB,CA,AWP,WE,Towers with Radar,90,12,54,0,156,0,0,193,0,193,90,12,247,0,349,378,0,378,727
04/18/2022,LGB,CA,AWP,WE,Towers with Radar,93,6,68,3,170,0,16,269,3,288,93,22,337,6,458,71,0,71,529
04/19/2022,LGB,CA,AWP,WE,Towers with Radar,92,8,89,0,189,0,19,241,0,260,92,27,330,0,449,706,0,706,1155
04/20/2022,LGB,CA,AWP,WE,Towers with Radar,90,17,84,0,191,0,15,254,0,269,90,32,338,0,460,834,0,834,1294
04/21/2022,LGB,CA,AWP,WE,Towers with Radar,93,2,107,0,202,0,13,290,0,303,93,15,397,0,505,770,0,770,1275
04/22/2022,LGB,CA,AWP,WE,Towers with Radar,92,6,86,2,186,0,13,166,0,179,92,19,252,2,365,340,0,340,705
04/23/2022,LGB,CA,AWP,WE,Towers with Radar,69,4,79,3,155,0,4,278,0,282,69,8,357,3,437,678,0,678,1115
04/24/2022,LGB,CA,AWP,WE,Towers with Radar,92,1,68,0,161,0,0,280,0,280,92,1,348,0,441,522,0,522,963
04/25/2022,LGB,CA,AWP,WE,Towers with Radar,93,5,71,4,173,0,21,250,0,271,93,26,321,4,444,595,0,595,1039
04/26/2022,LGB,CA,AWP,WE,Towers with Radar,92,5,92,3,192,0,23,275,0,298,92,28,367,3,490,699,0,699,1189
04/27/2022,LGB,CA,AWP,WE,Towers with Radar,90,10,90,0,190,0,22,270,0,292,90,32,360,0,482,760,0,760,1242
04/28/2022,LGB,CA,AWP,WE,Towers with Radar,96,3,66,4,169,0,10,256,2,268,96,13,322,6,437,103,0,103,540
04/29/2022,LGB,CA,AWP,WE,Towers with Radar,94,14,73,0,181,0,10,274,0,284,94,24,347,0,465,412,0,412,877
04/30/2022,LGB,CA,AWP,WE,Towers with Radar,72,9,60,3,144,0,3,247,1,251,72,12,307,4,395,415,0,415,810
05/01/2022,LGB,CA,AWP,WE,Towers with Radar,88,16,59,0,163,0,3,151,0,154,88,19,210,0,317,26,0,26,343
05/02/2022,LGB,CA,AWP,WE,Towers with Radar,92,11,55,2,160,0,16,167,0,183,92,27,222,2,343,82,0,82,425
05/03/2022,LGB,CA,AWP,WE,Towers with Radar,94,9,65,3,171,0,22,250,2,274,94,31,315,5,445,874,0,874,1319
05/04/2022,LGB,CA,AWP,WE,Towers with Radar,93,10,70,2,175,0,14,335,0,349,93,24,405,2,524,897,0,897,1421
05/05/2022,LGB,CA,AWP,WE,Towers with Radar,91,10,89,1,191,0,14,215,1,230,91,24,304,2,421,863,0,863,1284
05/06/2022,LGB,CA,AWP,WE,Towers with Radar,90,8,83,2,183,0,10,317,0,327,90,18,400,2,510,208,0,208,718
05/07/2022,LGB,CA,AWP,WE,Towers with Radar,68,4,42,0,114,0,4,235,1,240,68,8,277,1,354,575,0,575,929
05/08/2022,LGB,CA,AWP,WE,Towers with Radar,85,7,48,0,140,0,0,143,0,143,85,7,191,0,283,454,0,454,737
05/09/2022,LGB,CA,AWP,WE,Towers with Radar,90,7,69,0,166,0,15,211,0,226,90,22,280,0,392,496,0,496,888
05/10/2022,LGB,CA,AWP,WE,Towers with Radar,88,8,82,1,179,0,19,235,0,254,88,27,317,1,433,408,0,408,841
05/11/2022,LGB,CA,AWP,WE,Towers with Radar,90,12,68,0,170,0,12,277,1,290,90,24,345,1,460,190,0,190,650
05/12/2022,LGB,CA,AWP,WE,Towers with Radar,90,7,66,0,163,0,17,311,0,328,90,24,377,0,491,287,0,287,778
05/13/2022,LGB,CA,AWP,WE,Towers with Radar,91,4,61,2,158,0,17,312,0,329,91,21,373,2,487,699,0,699,1186
05/14/2022,LGB,CA,AWP,WE,Towers with Radar,69,9,38,0,116,0,2,322,0,324,69,11,360,0,440,364,0,364,804
05/15/2022,LGB,CA,AWP,WE,Towers with Radar,88,11,60,0,159,0,0,209,0,209,88,11,269,0,368,342,0,342,710
05/16/2022,LGB,CA,AWP,WE,Towers with Radar,90,15,57,0,162,0,11,182,2,195,90,26,239,2,357,635,0,635,992
05/17/2022,LGB,CA,AWP,WE,Towers with Radar,88,21,56,0,165,0,15,233,1,249,88,36,289,1,414,455,0,455,869
05/18/2022,LGB,CA,AWP,WE,Towers with Radar,92,11,125,0,228,0,16,206,4,226,92,27,331,4,454,818,0,818,1272
05/19/2022,LGB,CA,AWP,WE,Towers with Radar,92,23,93,2,210,0,3,40,0,43,92,26,133,2,253,76,0,76,329
05/20/2022,LGB,CA,AWP,WE,Towers with Radar,90,11,85,0,186,0,13,57,1,71,90,24,142,1,257,221,0,221,478
05/21/2022,LGB,CA,AWP,WE,Towers with Radar,69,7,62,0,138,0,7,266,1,274,69,14,328,1,412,151,0,151,563
05/22/2022,LGB,CA,AWP,WE,Towers with Radar,88,5,49,0,142,0,1,187,0,188,88,6,236,0,330,271,0,271,601
05/23/2022,LGB,CA,AWP,WE,Towers with Radar,90,7,78,0,175,0,13,141,0,154,90,20,219,0,329,62,0,62,391
05/24/2022,LGB,CA,AWP,WE,Towers with Radar,89,5,78,0,172,0,15,275,1,291,89,20,353,1,463,98,0,98,561
05/25/2022,LGB,CA,AWP,WE,Towers with Radar,90,12,69,4,175,0,11,210,1,222,90,23,279,5,397,258,1,259,656
05/26/2022,LGB,CA,AWP,WE,Towers with Radar,89,11,46,0,146,1,14,203,0,218,90,25,249,0,364,254,0,254,618
05/27/2022,LGB,CA,AWP,WE,Towers with Radar,92,7,89,1,189,0,17,235,1,253,92,24,324,2,442,533,0,533,975
05/28/2022,LGB,CA,AWP,WE,Towers with Radar,68,4,45,0,117,0,4,193,1,198,68,8,238,1,315,350,0,350,665
05/29/2022,LGB,CA,AWP,WE,Towers with Radar,91,3,43,0,137,0,0,206,0,206,91,3,249,0,343,448,0,448,791
05/30/2022,LGB,CA,AWP,WE,Towers with Radar,88,5,59,0,152,0,1,200,3,204,88,6,259,3,356,560,0,560,916
05/31/2022,LGB,CA,AWP,WE,Towers with Radar,87,3,69,1,160,0,21,262,3,286,87,24,331,4,446,192,0,192,638
06/01/2022,LGB,CA,AWP,WE,Towers with Radar,92,4,87,0,183,0,20,262,0,282,92,24,349,0,465,358,0,358,823
06/02/2022,LGB,CA,AWP,WE,Towers with Radar,90,13,86,5,194,0,13,193,1,207,90,26,279,6,401,718,0,718,1119
06/03/2022,LGB,CA,AWP,WE,Towers with Radar,90,12,70,0,172,0,16,213,0,229,90,28,283,0,401,529,0,529,930
06/04/2022,LGB,CA,AWP,WE,Towers with Radar,66,4,58,5,133,0,3,176,0,179,66,7,234,5,312,324,0,324,636
06/05/2022,LGB,CA,AWP,WE,Towers with Radar,89,7,65,1,162,0,21,182,0,203,89,28,247,1,365,367,0,367,732
06/06/2022,LGB,CA,AWP,WE,Towers with Radar,90,9,86,1,186,0,18,204,1,223,90,27,290,2,409,400,0,400,809
06/07/2022,LGB,CA,AWP,WE,Towers with Radar,89,18,96,0,203,0,16,175,0,191,89,34,271,0,394,213,0,213,607
06/08/2022,LGB,CA,AWP,WE,Towers with Radar,90,29,77,2,198,0,5,55,0,60,90,34,132,2,258,82,0,82,340
06/09/2022,LGB,CA,AWP,WE,Towers with Radar,92,53,55,2,202,0,11,34,0,45,92,64,89,2,247,0,0,0,247
06/10/2022,LGB,CA,AWP,WE,Towers with Radar,92,26,50,6,174,0,15,18,1,34,92,41,68,7,208,6,0,6,214
06/11/2022,LGB,CA,AWP,WE,Towers with Radar,69,23,44,0,136,0,5,167,0,172,69,28,211,0,308,312,0,312,620
06/12/2022,LGB,CA,AWP,WE,Towers with Radar,94,12,60,0,166,0,1,251,0,252,94,13,311,0,418,416,0,416,834
06/13/2022,LGB,CA,AWP,WE,Towers with Radar,92,14,108,1,215,0,6,196,1,203,92,20,304,2,418,571,0,571,989
06/14/2022,LGB,CA,AWP,WE,Towers with Radar,90,17,81,1,189,0,59,267,1,327,90,76,348,2,516,771,0,771,1287
06/15/2022,LGB,CA,AWP,WE,Towers with Radar,90,20,101,5,216,0,14,277,5,296,90,34,378,10,512,708,0,708,1220
06/16/2022,LGB,CA,AWP,WE,Towers with Radar,91,22,99,0,212,0,13,158,1,172,91,35,257,1,384,639,0,639,1023
06/17/2022,LGB,CA,AWP,WE,Towers with Radar,91,7,97,0,195,0,18,252,1,271,91,25,349,1,466,864,0,864,1330
06/18/2022,LGB,CA,AWP,WE,Towers with Radar,70,5,66,0,141,0,5,313,0,318,70,10,379,0,459,539,0,539,998
06/19/2022,LGB,CA,AWP,WE,Towers with Radar,92,5,49,0,146,0,1,237,0,238,92,6,286,0,384,482,0,482,866
06/20/2022,LGB,CA,AWP,WE,Towers with Radar,92,7,83,0,182,0,23,343,0,366,92,30,426,0,548,620,0,620,1168
06/21/2022,LGB,CA,AWP,WE,Towers with Radar,92,5,84,0,181,0,22,296,0,318,92,27,380,0,499,180,0,180,679
06/22/2022,LGB,CA,AWP,WE,Towers with Radar,90,11,68,2,171,0,20,223,3,246,90,31,291,5,417,782,0,782,1199
06/23/2022,LGB,CA,AWP,WE,Towers with Radar,90,13,87,1,191,0,19,244,0,263,90,32,331,1,454,916,0,916,1370
06/24/2022,LGB,CA,AWP,WE,Towers with Radar,92,9,82,0,183,0,18,328,2,348,92,27,410,2,531,530,0,530,1061
06/25/2022,LGB,CA,AWP,WE,Towers with Radar,68,8,63,1,140,0,3,260,1,264,68,11,323,2,404,548,0,548,952
06/26/2022,LGB,CA,AWP,WE,Towers with Radar,90,11,58,0,159,0,0,187,0,187,90,11,245,0,346,488,0,488,834
06/27/2022,LGB,CA,AWP,WE,Towers with Radar,91,10,55,4,160,0,20,242,1,263,91,30,297,5,423,32,0,32,455
06/28/2022,LGB,CA,AWP,WE,Towers with Radar,91,20,81,0,192,0,35,316,0,351,91,55,397,0,543,734,0,734,1277
06/29/2022,LGB,CA,AWP,WE,Towers with Radar,90,13,91,0,194,0,14,280,0,294,90,27,371,0,488,554,0,554,1042
06/30/2022,LGB,CA,AWP,WE,Towers with Radar,93,8,68,0,169,0,16,248,0,264,93,24,316,0,433,75,0,75,508
07/01/2022,LGB,CA,AWP,WE,Towers with Radar,93,18,66,0,177,0,16,297,0,313,93,34,363,0,490,86,0,86,576
07/02/2022,LGB,CA,AWP,WE,Towers with Radar,68,9,52,0,129,0,6,250,0,256,68,15,302,0,385,255,0,255,640
07/03/2022,LGB,CA,AWP,WE,Towers with Radar,86,11,34,0,131,0,0,221,1,222,86,11,255,1,353,144,0,144,497
07/04/2022,LGB,CA,AWP,WE,Towers with Radar,88,2,26,0,116,0,0,183,0,183,88,2,209,0,299,198,0,198,497
07/05/2022,LGB,CA,AWP,WE,Towers with Radar,92,9,70,0,171,0,15,236,0,251,92,24,306,0,422,272,0,272,694
07/06/2022,LGB,CA,AWP,WE,Towers with Radar,90,6,85,2,183,0,38,308,0,346,90,44,393,2,529,32,0,32,561
07/07/2022,LGB,CA,AWP,WE,Towers with Radar,90,9,62,1,162,0,26,278,0,304,90,35,340,1,466,59,0,59,525
07/08/2022,LGB,CA,AWP,WE,Towers with Radar,90,18,97,0,205,0,12,226,0,238,90,30,323,0,443,183,0,183,626
07/09/2022,LGB,CA,AWP,WE,Towers with Radar,70,9,69,0,148,0,3,235,0,238,70,12,304,0,386,53,0,53,439
07/10/2022,LGB,CA,AWP,WE,Towers with Radar,91,8,48,0,147,0,0,244,0,244,91,8,292,0,391,52,0,52,443
07/11/2022,LGB,CA,AWP,WE,Towers with Radar,90,10,36,1,137,0,16,149,1,166,90,26,185,2,303,40,0,40,343
07/12/2022,LGB,CA,AWP,WE,Towers with Radar,90,14,74,0,178,5,46,275,0,326,95,60,349,0,504,105,0,105,609
07/13/2022,LGB,CA,AWP,WE,Towers with Radar,90,15,73,3,181,0,21,278,2,301,90,36,351,5,482,63,0,63,545
07/14/2022,LGB,CA,AWP,WE,Towers with Radar,86,17,86,2,191,0,24,350,0,374,86,41,436,2,565,498,0,498,1063
07/15/2022,LGB,CA,AWP,WE,Towers with Radar,88,10,70,0,168,0,23,308,2,333,88,33,378,2,501,426,0,426,927
07/16/2022,LGB,CA,AWP,WE,Towers with Radar,70,1,67,0,138,0,12,271,0,283,70,13,338,0,421,295,0,295,716
07/17/2022,LGB,CA,AWP,WE,Towers with Radar,86,6,52,0,144,0,0,200,0,200,86,6,252,0,344,157,0,157,501
07/18/2022,LGB,CA,AWP,WE,Towers with Radar,90,9,70,0,169,0,27,279,0,306,90,36,349,0,475,156,0,156,631
07/19/2022,LGB,CA,AWP,WE,Towers with Radar,92,10,69,0,171,0,15,298,0,313,92,25,367,0,484,190,0,190,674
07/20/2022,LGB,CA,AWP,WE,Towers with Radar,89,8,80,0,177,0,20,308,0,328,89,28,388,0,505,178,0,178,683
07/21/2022,LGB,CA,AWP,WE,Towers with Radar,92,7,84,0,183,0,28,369,3,400,92,35,453,3,583,88,0,88,671
07/22/2022,LGB,CA,AWP,WE,Towers with Radar,91,10,67,0,168,0,27,280,0,307,91,37,347,0,475,80,0,80,555
07/23/2022,LGB,CA,AWP,WE,Towers with Radar,67,8,50,2,127,0,1,228,0,229,67,9,278,2,356,422,0,422,778
07/24/2022,LGB,CA,AWP,WE,Towers with Radar,88,5,82,2,177,0,0,221,0,221,88,5,303,2,398,265,0,265,663
07/25/2022,LGB,CA,AWP,WE,Towers with Radar,89,6,69,0,164,0,23,249,0,272,89,29,318,0,436,351,0,351,787
07/26/2022,LGB,CA,AWP,WE,Towers with Radar,100,7,66,0,173,0,28,255,0,283,100,35,321,0,456,527,0,527,983
07/27/2022,LGB,CA,AWP,WE,Towers with Radar,90,17,68,0,175,0,25,338,1,364,90,42,406,1,539,382,0,382,921
07/28/2022,LGB,CA,AWP,WE,Towers with Radar,90,9,69,4,172,0,26,256,1,283,90,35,325,5,455,542,0,542,997
07/29/2022,LGB,CA,AWP,WE,Towers with Radar,92,6,64,0,162,0,20,251,0,271,92,26,315,0,433,588,0,588,1021
07/30/2022,LGB,CA,AWP,WE,Towers with Radar,72,12,47,0,131,0,1,249,0,250,72,13,296,0,381,281,0,281,662
07/31/2022,LGB,CA,AWP,WE,Towers with Radar,86,12,37,0,135,0,0,166,0,166,86,12,203,0,301,337,0,337,638
08/01/2022,LGB,CA,AWP,WE,Towers with Radar,89,6,54,0,149,0,23,308,3,334,89,29,362,3,483,691,0,691,1174
08/02/2022,LGB,CA,AWP,WE,Towers with Radar,91,5,66,0,162,0,33,333,0,366,91,38,399,0,528,770,0,770,1298
08/03/2022,LGB,CA,AWP,WE,Towers with Radar,89,2,75,1,167,0,20,295,0,315,89,22,370,1,482,768,0,768,1250
08/04/2022,LGB,CA,AWP,WE,Towers with Radar,87,12,72,0,171,0,21,272,0,293,87,33,344,0,464,784,0,784,1248
08/05/2022,LGB,CA,AWP,WE,Towers with Radar,87,15,71,2,175,0,19,303,0,322,87,34,374,2,497,594,0,594,1091
08/06/2022,LGB,CA,AWP,WE,Towers with Radar,72,13,44,0,129,0,10,285,0,295,72,23,329,0,424,472,0,472,896
08/07/2022,LGB,CA,AWP,WE,Towers with Radar,86,16,70,0,172,0,3,218,0,221,86,19,288,0,393,302,0,302,695
08/08/2022,LGB,CA,AWP,WE,Towers with Radar,88,11,58,1,158,0,20,277,1,298,88,31,335,2,456,620,0,620,1076
08/09/2022,LGB,CA,AWP,WE,Towers with Radar,88,9,60,3,160,0,22,291,1,314,88,31,351,4,474,839,0,839,1313
08/10/2022,LGB,CA,AWP,WE,Towers with Radar,90,12,77,2,181,0,22,399,0,421,90,34,476,2,602,912,0,912,1514
08/11/2022,LGB,CA,AWP,WE,Towers with Radar,88,11,82,0,181,0,25,338,0,363,88,36,420,0,544,802,0,802,1346
08/12/2022,LGB,CA,AWP,WE,Towers with Radar,90,5,79,0,174,0,16,322,0,338,90,21,401,0,512,361,0,361,873
08/13/2022,LGB,CA,AWP,WE,Towers with Radar,68,7,48,2,125,0,54,219,0,273,68,61,267,2,398,540,0,540,938
08/14/2022,LGB,CA,AWP,WE,Towers with Radar,88,16,62,0,166,0,4,255,0,259,88,20,317,0,425,292,0,292,717
08/15/2022,LGB,CA,AWP,WE,Towers with Radar,87,9,42,1,139,0,18,245,1,264,87,27,287,2,403,421,0,421,824
08/16/2022,LGB,CA,AWP,WE,Towers with Radar,87,9,75,1,172,0,21,312,0,333,87,30,387,1,505,404,0,404,909
08/17/2022,LGB,CA,AWP,WE,Towers with Radar,92,11,62,0,165,0,14,368,0,382,92,25,430,0,547,40,0,40,587
08/18/2022,LGB,CA,AWP,WE,Towers with Radar,90,11,54,0,155,0,25,263,1,289,90,36,317,1,444,622,0,622,1066
08/19/2022,LGB,CA,AWP,WE,Towers with Radar,88,10,74,0,172,0,15,283,0,298,88,25,357,0,470,647,0,647,1117
08/20/2022,LGB,CA,AWP,WE,Towers with Radar,69,5,67,0,141,0,1,172,0,173,69,6,239,0,314,433,0,433,747
08/21/2022,LGB,CA,AWP,WE,Towers with Radar,86,17,66,2,171,0,1,137,0,138,86,18,203,2,309,402,0,402,711
08/22/2022,LGB,CA,AWP,WE,Towers with Radar,87,8,79,0,174,0,16,243,0,259,87,24,322,0,433,388,0,388,821
08/23/2022,LGB,CA,AWP,WE,Towers with Radar,84,15,90,1,190,0,25,289,0,314,84,40,379,1,504,386,0,386,890
08/24/2022,LGB,CA,AWP,WE,Towers with Radar,83,18,85,1,187,0,19,283,1,303,83,37,368,2,490,666,0,666,1156
08/25/2022,LGB,CA,AWP,WE,Towers with Radar,92,10,70,0,172,0,20,281,1,302,92,30,351,1,474,549,0,549,1023
08/26/2022,LGB,CA,AWP,WE,Towers with Radar,89,14,56,0,159,0,12,260,0,272,89,26,316,0,431,706,0,706,1137
08/27/2022,LGB,CA,AWP,WE,Towers with Radar,71,4,48,0,123,0,2,244,0,246,71,6,292,0,369,256,0,256,625
08/28/2022,LGB,CA,AWP,WE,Towers with Radar,88,5,45,0,138,0,0,169,0,169,88,5,214,0,307,289,0,289,596
08/29/2022,LGB,CA,AWP,WE,Towers with Radar,90,5,69,2,166,0,22,218,0,240,90,27,287,2,406,476,0,476,882
08/30/2022,LGB,CA,AWP,WE,Towers with Radar,86,5,71,0,162,0,21,265,1,287,86,26,336,1,449,685,0,685,1134
08/31/2022,LGB,CA,AWP,WE,Towers with Radar,88,12,73,4,177,0,23,347,0,370,88,35,420,4,547,701,0,701,1248
09/01/2022,LGB,CA,AWP,WE,Towers with Radar,90,9,74,1,174,0,28,365,0,393,90,37,439,1,567,900,0,900,1467
09/02/2022,LGB,CA,AWP,WE,Towers with Radar,89,15,72,0,176,0,18,314,0,332,89,33,386,0,508,600,0,600,1108
09/03/2022,LGB,CA,AWP,WE,Towers with Radar,69,4,44,1,118,0,4,260,0,264,69,8,304,1,382,497,0,497,879
09/04/2022,LGB,CA,AWP,WE,Towers with Radar,74,4,37,2,117,0,0,152,0,152,74,4,189,2,269,333,0,333,602
09/05/2022,LGB,CA,AWP,WE,Towers with Radar,87,10,66,0,163,0,0,263,0,263,87,10,329,0,426,710,0,710,1136
09/06/2022,LGB,CA,AWP,WE,Towers with Radar,93,8,76,3,180,0,21,310,0,331,93,29,386,3,511,1025,0,1025,1536
09/07/2022,LGB,CA,AWP,WE,Towers with Radar,90,12,108,0,210,0,24,305,0,329,90,36,413,0,539,446,0,446,985
09/08/2022,LGB,CA,AWP,WE,Towers with Radar,99,6,84,0,189,0,25,319,0,344,99,31,403,0,533,581,0,581,1114
09/09/2022,LGB,CA,AWP,WE,Towers with Radar,92,16,66,0,174,0,2,182,0,184,92,18,248,0,358,328,0,328,686
09/10/2022,LGB,CA,AWP,WE,Towers with Radar,70,4,40,0,114,0,6,193,3,202,70,10,233,3,316,484,0,484,800
09/11/2022,LGB,CA,AWP,WE,Towers with Radar,88,9,65,0,162,0,4,294,3,301,88,13,359,3,463,452,0,452,915
09/12/2022,LGB,CA,AWP,WE,Towers with Radar,94,15,99,0,208,0,25,351,1,377,94,40,450,1,585,665,0,665,1250
09/13/2022,LGB,CA,AWP,WE,Towers with Radar,90,12,95,0,197,0,19,360,0,379,90,31,455,0,576,449,0,449,1025
09/14/2022,LGB,CA,AWP,WE,Towers with Radar,95,9,95,0,199,0,17,390,0,407,95,26,485,0,606,808,0,808,1414
09/15/2022,LGB,CA,AWP,WE,Towers with Radar,92,6,110,2,210,0,26,259,2,287,92,32,369,4,497,533,0,533,1030
09/16/2022,LGB,CA,AWP,WE,Towers with Radar,90,9,81,0,180,0,10,237,3,250,90,19,318,3,430,70,0,70,500
09/17/2022,LGB,CA,AWP,WE,Towers with Radar,68,4,71,0,143,0,2,187,0,189,68,6,258,0,332,345,0,345,677
09/18/2022,LGB,CA,AWP,WE,Towers with Radar,82,11,57,0,150,0,0,172,0,172,82,11,229,0,322,525,0,525,847
09/19/2022,LGB,CA,AWP,WE,Towers with Radar,94,12,92,0,198,0,18,243,0,261,94,30,335,0,459,454,0,454,913
09/20/2022,LGB,CA,AWP,WE,Towers with Radar,89,4,81,0,174,0,18,284,1,303,89,22,365,1,477,730,0,730,1207
09/21/2022,LGB,CA,AWP,WE,Towers with Radar,90,12,73,1,176,0,15,279,0,294,90,27,352,1,470,800,1,801,1271
09/22/2022,LGB,CA,AWP,WE,Towers with Radar,94,17,58,3,172,0,15,295,2,312,94,32,353,5,484,559,0,559,1043
09/23/2022,LGB,CA,AWP,WE,Towers with Radar,95,12,85,1,193,0,15,279,0,294,95,27,364,1,487,660,0,660,1147
09/24/2022,LGB,CA,AWP,WE,Towers with Radar,70,15,44,1,130,0,3,211,0,214,70,18,255,1,344,420,0,420,764
09/25/2022,LGB,CA,AWP,WE,Towers with Radar,85,9,63,0,157,0,0,180,0,180,85,9,243,0,337,293,0,293,630
09/26/2022,LGB,CA,AWP,WE,Towers with Radar,91,6,70,1,168,0,20,244,0,264,91,26,314,1,432,439,0,439,871
09/27/2022,LGB,CA,AWP,WE,Towers with Radar,91,10,96,2,199,0,21,321,1,343,91,31,417,3,542,208,0,208,750
09/28/2022,LGB,CA,AWP,WE,Towers with Radar,95,8,73,0,176,0,8,240,0,248,95,16,313,0,424,596,0,596,1020
09/29/2022,LGB,CA,AWP,WE,Towers with Radar,92,13,78,3,186,0,15,215,0,230,92,28,293,3,416,724,0,724,1140
09/30/2022,LGB,CA,AWP,WE,Towers with Radar,92,9,78,0,179,0,13,236,0,249,92,22,314,0,428,341,0,341,769
10/01/2022,LGB,CA,AWP,WE,Towers with Radar,68,10,57,0,135,0,2,156,0,158,68,12,213,0,293,477,0,477,770
10/02/2022,LGB,CA,AWP,WE,Towers with Radar,90,11,43,2,146,0,3,158,0,161,90,14,201,2,307,317,0,317,624
10/03/2022,LGB,CA,AWP,WE,Towers with Radar,91,15,59,0,165,0,21,236,0,257,91,36,295,0,422,771,0,771,1193
10/04/2022,LGB,CA,AWP,WE,Towers with Radar,90,15,102,0,207,0,26,274,0,300,90,41,376,0,507,990,0,990,1497
10/05/2022,LGB,CA,AWP,WE,Towers with Radar,93,18,99,3,213,0,12,239,0,251,93,30,338,3,464,419,0,419,883
10/06/2022,LGB,CA,AWP,WE,Towers with Radar,90,25,110,0,225,0,10,56,1,67,90,35,166,1,292,250,0,250,542
10/07/2022,LGB,CA,AWP,WE,Towers with Radar,93,12,95,0,200,0,16,267,0,283,93,28,362,0,483,708,0,708,1191
10/08/2022,LGB,CA,AWP,WE,Towers with Radar,69,8,57,0,134,0,0,186,0,186,69,8,243,0,320,280,0,280,600
10/09/2022,LGB,CA,AWP,WE,Towers with Radar,85,9,85,0,179,0,0,166,0,166,85,9,251,0,345,305,0,305,650
10/10/2022,LGB,CA,AWP,WE,Towers with Radar,92,15,80,0,187,0,13,216,0,229,92,28,296,0,416,735,0,735,1151
10/11/2022,LGB,CA,AWP,WE,Towers with Radar,93,18,107,1,219,0,30,175,0,205,93,48,282,1,424,581,0,581,1005
10/12/2022,LGB,CA,AWP,WE,Towers with Radar,92,24,51,2,169,0,6,90,1,97,92,30,141,3,266,274,0,274,540
10/13/2022,LGB,CA,AWP,WE,Towers with Radar,96,44,75,0,215,0,0,9,0,9,96,44,84,0,224,0,0,0,224
10/14/2022,LGB,CA,AWP,WE,Towers with Radar,91,31,65,3,190,0,1,43,0,44,91,32,108,3,234,6,0,6,240
10/15/2022,LGB,CA,AWP,WE,Towers with Radar,70,3,79,0,152,0,17,215,0,232,70,20,294,0,384,148,0,148,532
10/16/2022,LGB,CA,AWP,WE,Towers with Radar,83,11,96,2,192,0,0,209,0,209,83,11,305,2,401,176,0,176,577
10/17/2022,LGB,CA,AWP,WE,Towers with Radar,92,12,89,0,193,0,17,243,2,262,92,29,332,2,455,385,0,385,840
10/18/2022,LGB,CA,AWP,WE,Towers with Radar,94,4,59,0,157,0,23,364,0,387,94,27,423,0,544,663,0,663,1207
10/19/2022,LGB,CA,AWP,WE,Towers with Radar,94,13,75,0,182,0,20,338,0,358,94,33,413,0,540,587,0,587,1127
10/20/2022,LGB,CA,AWP,WE,Towers with Radar,92,9,67,0,168,0,16,337,0,353,92,25,404,0,521,256,0,256,777
10/21/2022,LGB,CA,AWP,WE,Towers with Radar,91,15,87,2,195,0,10,258,0,268,91,25,345,2,463,420,0,420,883
10/22/2022,LGB,CA,AWP,WE,Towers with Radar,68,1,82,0,151,0,3,184,0,187,68,4,266,0,338,40,0,40,378
10/23/2022,LGB,CA,AWP,WE,Towers with Radar,81,11,87,0,179,0,0,262,0,262,81,11,349,0,441,94,0,94,535
10/24/2022,LGB,CA,AWP,WE,Towers with Radar,91,6,66,0,163,0,14,245,0,259,91,20,311,0,422,480,0,480,902
10/25/2022,LGB,CA,AWP,WE,Towers with Radar,92,10,83,1,186,0,20,324,0,344,92,30,407,1,530,640,0,640,1170
10/26/2022,LGB,CA,AWP,WE,Towers with Radar,92,22,87,4,205,0,20,362,4,386,92,42,449,8,591,841,0,841,1432
10/27/2022,LGB,CA,AWP,WE,Towers with Radar,92,12,68,0,172,0,15,292,1,308,92,27,360,1,480,551,0,551,1031
10/28/2022,LGB,CA,AWP,WE,Towers with Radar,93,16,60,1,170,0,10,402,1,413,93,26,462,2,583,393,0,393,976
10/29/2022,LGB,CA,AWP,WE,Towers with Radar,70,3,73,0,146,0,4,353,0,357,70,7,426,0,503,708,0,708,1211
10/30/2022,LGB,CA,AWP,WE,Towers with Radar,85,7,74,1,167,0,1,288,0,289,85,8,362,1,456,339,0,339,795
10/31/2022,LGB,CA,AWP,WE,Towers with Radar,96,9,58,0,163,0,19,226,0,245,96,28,284,0,408,586,0,586,994
11/01/2022,LGB,CA,AWP,WE,Towers with Radar,93,8,79,2,182,0,17,166,0,183,93,25,245,2,365,856,0,856,1221
11/02/2022,LGB,CA,AWP,WE,Towers with Radar,93,7,60,1,161,0,12,217,0,229,93,19,277,1,390,118,0,118,508
11/03/2022,LGB,CA,AWP,WE,Towers with Radar,93,9,61,1,164,0,12,258,0,270,93,21,319,1,434,344,0,344,778
11/04/2022,LGB,CA,AWP,WE,Towers with Radar,93,10,67,2,172,0,18,271,1,290,93,28,338,3,462,705,0,705,1167
11/05/2022,LGB,CA,AWP,WE,Towers with Radar,75,11,54,0,140,0,1,306,1,308,75,12,360,1,448,583,0,583,1031
11/06/2022,LGB,CA,AWP,WE,Towers with Radar,97,8,66,1,172,0,0,243,0,243,97,8,309,1,415,378,0,378,793
11/07/2022,LGB,CA,AWP,WE,Towers with Radar,93,13,74,2,182,0,9,33,0,42,93,22,107,2,224,32,0,32,256
11/08/2022,LGB,CA,AWP,WE,Towers with Radar,93,8,32,0,133,0,8,43,0,51,93,16,75,0,184,47,0,47,231
11/09/2022,LGB,CA,AWP,WE,Towers with Radar,95,16,89,0,200,0,22,353,0,375,95,38,442,0,575,791,0,791,1366
11/10/2022,LGB,CA,AWP,WE,Towers with Radar,95,4,85,0,184,0,12,330,2,344,95,16,415,2,528,88,0,88,616
11/11/2022,LGB,CA,AWP,WE,Towers with Radar,94,6,62,0,162,0,14,364,0,378,94,20,426,0,540,405,0,405,945
11/12/2022,LGB,CA,AWP,WE,Towers with Radar,75,4,61,2,142,0,4,316,0,320,75,8,377,2,462,49,0,49,511
11/13/2022,LGB,CA,AWP,WE,Towers with Radar,93,12,62,1,168,0,0,222,0,222,93,12,284,1,390,594,0,594,984
11/14/2022,LGB,CA,AWP,WE,Towers with Radar,94,10,71,3,178,0,11,292,0,303,94,21,363,3,481,445,0,445,926
11/15/2022,LGB,CA,AWP,WE,Towers with Radar,94,23,85,0,202,0,14,282,1,297,94,37,367,1,499,385,0,385,884
11/16/2022,LGB,CA,AWP,WE,Towers with Radar,94,8,48,2,152,0,8,254,1,263,94,16,302,3,415,293,0,293,708
11/17/2022,LGB,CA,AWP,WE,Towers with Radar,94,12,77,2,185,0,12,317,0,329,94,24,394,2,514,648,0,648,1162
11/18/2022,LGB,CA,AWP,WE,Towers with Radar,94,12,84,0,190,0,7,304,0,311,94,19,388,0,501,335,0,335,836
11/19/2022,LGB,CA,AWP,WE,Towers with Radar,74,6,51,0,131,0,4,239,0,243,74,10,290,0,374,307,0,307,681
11/20/2022,LGB,CA,AWP,WE,Towers with Radar,95,12,58,0,165,0,0,203,0,203,95,12,261,0,368,361,0,361,729
11/21/2022,LGB,CA,AWP,WE,Towers with Radar,95,9,89,0,193,0,7,289,1,297,95,16,378,1,490,356,0,356,846
11/22/2022,LGB,CA,AWP,WE,Towers with Radar,94,9,70,3,176,0,12,269,0,281,94,21,339,3,457,559,0,559,1016
11/23/2022,LGB,CA,AWP,WE,Towers with Radar,94,6,80,1,181,0,12,240,0,252,94,18,320,1,433,106,0,106,539
11/24/2022,LGB,CA,AWP,WE,Towers with Radar,78,5,19,0,102,0,1,84,0,85,78,6,103,0,187,184,0,184,371
11/25/2022,LGB,CA,AWP,WE,Towers with Radar,97,5,49,0,151,0,10,196,0,206,97,15,245,0,357,388,0,388,745
11/26/2022,LGB,CA,AWP,WE,Towers with Radar,74,9,39,0,122,0,6,269,0,275,74,15,308,0,397,526,0,526,923
11/27/2022,LGB,CA,AWP,WE,Towers with Radar,96,13,74,0,183,0,0,176,0,176,96,13,250,0,359,330,0,330,689
11/28/2022,LGB,CA,AWP,WE,Towers with Radar,95,6,67,0,168,0,0,13,0,13,95,6,80,0,181,0,0,0,181
11/29/2022,LGB,CA,AWP,WE,Towers with Radar,96,10,61,0,167,0,12,231,0,243,96,22,292,0,410,443,0,443,853
11/30/2022,LGB,CA,AWP,WE,Towers with Radar,95,10,99,2,206,0,8,222,1,231,95,18,321,3,437,752,0,752,1189
12/01/2022,LGB,CA,AWP,WE,Towers with Radar,96,14,61,0,171,0,12,157,0,169,96,26,218,0,340,572,0,572,912
12/02/2022,LGB,CA,AWP,WE,Towers with Radar,97,13,58,3,171,0,4,75,0,79,97,17,133,3,250,254,0,254,504
12/03/2022,LGB,CA,AWP,WE,Towers with Radar,74,3,77,4,158,0,6,260,0,266,74,9,337,4,424,514,0,514,938
12/04/2022,LGB,CA,AWP,WE,Towers with Radar,105,8,59,2,174,0,0,48,0,48,105,8,107,2,222,216,0,216,438
12/05/2022,LGB,CA,AWP,WE,Towers with Radar,95,8,95,1,199,0,15,266,1,282,95,23,361,2,481,416,0,416,897
12/06/2022,LGB,CA,AWP,WE,Towers with Radar,98,7,85,2,192,0,13,293,0,306,98,20,378,2,498,379,0,379,877
12/07/2022,LGB,CA,AWP,WE,Towers with Radar,96,4,99,2,201,0,10,302,1,313,96,14,401,3,514,236,0,236,750
12/08/2022,LGB,CA,AWP,WE,Towers with Radar,96,11,97,1,205,0,9,279,0,288,96,20,376,1,493,199,0,199,692
12/09/2022,LGB,CA,AWP,WE,Towers with Radar,95,13,96,1,205,0,10,322,0,332,95,23,418,1,537,142,0,142,679
12/10/2022,LGB,CA,AWP,WE,Towers with Radar,73,4,54,0,131,0,2,185,0,187,73,6,239,0,318,271,0,271,589
12/11/2022,LGB,CA,AWP,WE,Towers with Radar,94,8,32,1,135,0,0,50,0,50,94,8,82,1,185,38,0,38,223
12/12/2022,LGB,CA,AWP,WE,Towers with Radar,98,6,63,0,167,0,11,95,0,106,98,17,158,0,273,315,0,315,588
12/13/2022,LGB,CA,AWP,WE,Towers with Radar,99,11,105,0,215,0,8,283,0,291,99,19,388,0,506,417,0,417,923
12/14/2022,LGB,CA,AWP,WE,Towers with Radar,100,12,80,0,192,0,16,300,0,316,100,28,380,0,508,390,0,390,898
12/15/2022,LGB,CA,AWP,WE,Towers with Radar,98,12,81,1,192,0,6,287,0,293,98,18,368,1,485,382,0,382,867
12/16/2022,LGB,CA,AWP,WE,Towers with Radar,100,6,72,0,178,0,5,297,0,302,100,11,369,0,480,499,0,499,979
12/17/2022,LGB,CA,AWP,WE,Towers with Radar,78,9,56,0,143,0,6,216,0,222,78,15,272,0,365,402,0,402,767
12/18/2022,LGB,CA,AWP,WE,Towers with Radar,90,6,56,0,152,0,4,202,1,207,90,10,258,1,359,482,0,482,841
12/19/2022,LGB,CA,AWP,WE,Towers with Radar,95,11,88,0,194,0,8,196,0,204,95,19,284,0,398,299,0,299,697
12/20/2022,LGB,CA,AWP,WE,Towers with Radar,97,9,65,0,171,0,10,242,0,252,97,19,307,0,423,299,0,299,722
12/21/2022,LGB,CA,AWP,WE,Towers with Radar,96,9,99,0,204,0,7,237,0,244,96,16,336,0,448,595,0,595,1043
12/22/2022,LGB,CA,AWP,WE,Towers with Radar,89,12,93,1,195,0,7,278,0,285,89,19,371,1,480,168,0,168,648
12/23/2022,LGB,CA,AWP,WE,Towers with Radar,82,10,47,0,139,0,4,146,0,150,82,14,193,0,289,366,0,366,655
12/24/2022,LGB,CA,AWP,WE,Towers with Radar,35,7,19,0,61,0,1,128,0,129,35,8,147,0,190,382,0,382,572
12/25/2022,LGB,CA,AWP,WE,Towers with Radar,41,6,10,0,57,0,0,79,0,79,41,6,89,0,136,146,0,146,282
12/26/2022,LGB,CA,AWP,WE,Towers with Radar,33,3,57,0,93,0,2,221,0,223,33,5,278,0,316,395,0,395,711
12/27/2022,LGB,CA,AWP,WE,Towers with Radar,30,8,66,0,104,0,2,77,0,79,30,10,143,0,183,287,0,287,470
12/28/2022,LGB,CA,AWP,WE,Towers with Radar,35,12,72,0,119,0,9,138,2,149,35,21,210,2,268,554,0,554,822
12/29/2022,LGB,CA,AWP,WE,Towers with Radar,35,5,61,0,101,0,11,123,0,134,35,16,184,0,235,307,0,307,542
12/30/2022,LGB,CA,AWP,WE,Towers with Radar,94,12,55,0,161,0,0,4,0,4,94,12,59,0,165,0,0,0,165
12/31/2022,LGB,CA,AWP,WE,Towers with Radar,57,0,14,0,71,0,0,0,0,0,57,0,14,0,71,0,0,0,71
01/01/2023,LGB,CA,AWP,WE,Towers with Radar,94,6,19,0,119,0,3,70,0,73,94,9,89,0,192,75,0,75,267
01/02/2023,LGB,CA,AWP,WE,Towers with Radar,93,4,65,0,162,0,9,255,0,264,93,13,320,0,426,128,0,128,554
01/03/2023,LGB,CA,AWP,WE,Towers with Radar,102,4,24,0,130,0,0,5,0,5,102,4,29,0,135,0,0,0,135
01/04/2023,LGB,CA,AWP,WE,Towers with Radar,93,7,29,0,129,0,0,0,0,0,93,7,29,0,129,0,0,0,129
01/05/2023,LGB,CA,AWP,WE,Towers with Radar,94,3,33,3,133,0,0,5,3,8,94,3,38,6,141,0,0,0,141
01/06/2023,LGB,CA,AWP,WE,Towers with Radar,97,15,99,0,211,0,25,329,1,355,97,40,428,1,566,487,0,487,1053
01/07/2023,LGB,CA,AWP,WE,Towers with Radar,84,8,76,0,168,0,4,267,1,272,84,12,343,1,440,672,0,672,1112
01/08/2023,LGB,CA,AWP,WE,Towers with Radar,91,6,75,0,172,0,0,223,0,223,91,6,298,0,395,620,0,620,1015
01/09/2023,LGB,CA,AWP,WE,Towers with Radar,97,15,82,0,194,0,0,22,0,22,97,15,104,0,216,48,0,48,264
01/10/2023,LGB,CA,AWP,WE,Towers with Radar,102,11,68,0,181,0,0,64,0,64,102,11,132,0,245,240,0,240,485
01/11/2023,LGB,CA,AWP,WE,Towers with Radar,91,7,102,0,200,0,26,203,0,229,91,33,305,0,429,781,0,781,1210
01/12/2023,LGB,CA,AWP,WE,Towers with Radar,99,6,95,0,200,0,11,291,1,303,99,17,386,1,503,926,0,926,1429
01/13/2023,LGB,CA,AWP,WE,Towers with Radar,96,4,107,0,207,0,6,299,0,305,96,10,406,0,512,696,0,696,1208
01/14/2023,LGB,CA,AWP,WE,Towers with Radar,73,2,22,0,97,0,1,18,0,19,73,3,40,0,116,74,0,74,190
01/15/2023,LGB,CA,AWP,WE,Towers with Radar,82,13,37,0,132,0,0,122,0,122,82,13,159,0,254,288,0,288,542
01/16/2023,LGB,CA,AWP,WE,Towers with Radar,96,5,31,0,132,0,0,62,0,62,96,5,93,0,194,164,0,164,358
01/17/2023,LGB,CA,AWP,WE,Towers with Radar,95,5,121,0,221,0,20,332,1,353,95,25,453,1,574,684,0,684,1258
01/18/2023,LGB,CA,AWP,WE,Towers with Radar,95,16,123,6,240,0,15,346,6,367,95,31,469,12,607,494,0,494,1101
01/19/2023,LGB,CA,AWP,WE,Towers with Radar,95,9,87,0,191,0,10,203,0,213,95,19,290,0,404,712,0,712,1116
01/20/2023,LGB,CA,AWP,WE,Towers with Radar,96,10,82,0,188,0,9,288,0,297,96,19,370,0,485,762,0,762,1247
01/21/2023,LGB,CA,AWP,WE,Towers with Radar,74,9,73,0,156,0,1,213,0,214,74,10,286,0,370,448,0,448,818
01/22/2023,LGB,CA,AWP,WE,Towers with Radar,86,9,68,0,163,0,1,222,0,223,86,10,290,0,386,402,0,402,788
01/23/2023,LGB,CA,AWP,WE,Towers with Radar,96,12,72,0,180,0,28,228,0,256,96,40,300,0,436,787,0,787,1223
01/24/2023,LGB,CA,AWP,WE,Towers with Radar,96,14,114,4,228,0,8,239,5,252,96,22,353,9,480,652,0,652,1132
01/25/2023,LGB,CA,AWP,WE,Towers with Radar,94,13,119,0,226,0,8,353,0,361,94,21,472,0,587,304,0,304,891
01/26/2023,LGB,CA,AWP,WE,Towers with Radar,97,9,49,0,155,0,8,138,1,147,97,17,187,1,302,273,0,273,575
01/27/2023,LGB,CA,AWP,WE,Towers with Radar,100,15,80,0,195,0,10,281,0,291,100,25,361,0,486,564,0,564,1050
01/28/2023,LGB,CA,AWP,WE,Towers with Radar,74,13,73,0,160,0,3,227,0,230,74,16,300,0,390,458,0,458,848
01/29/2023,LGB,CA,AWP,WE,Towers with Radar,82,10,32,0,124,0,0,131,0,131,82,10,163,0,255,506,0,506,761
01/30/2023,LGB,CA,AWP,WE,Towers with Radar,92,16,37,0,145,0,10,106,1,117,92,26,143,1,262,442,0,442,704
01/31/2023,LGB,CA,AWP,WE,Towers with Radar,88,7,105,0,200,0,5,347,1,353,88,12,452,1,553,680,0,680,1233
02/01/2023,LGB,CA,AWP,WE,Towers with Radar,86,16,98,0,200,0,8,334,0,342,86,24,432,0,542,768,0,768,1310
02/02/2023,LGB,CA,AWP,WE,Towers with Radar,96,13,91,0,200,0,9,281,0,290,96,22,372,0,490,312,0,312,802
02/03/2023,LGB,CA,AWP,WE,Towers with Radar,94,12,108,1,215,0,4,280,1,285,94,16,388,2,500,680,0,680,1180
02/04/2023,LGB,CA,AWP,WE,Towers with Radar,75,8,59,0,142,0,2,273,0,275,75,10,332,0,417,550,0,550,967
02/05/2023,LGB,CA,AWP,WE,Towers with Radar,86,12,54,0,152,0,3,212,6,221,86,15,266,6,373,363,0,363,736
02/06/2023,LGB,CA,AWP,WE,Towers with Radar,97,12,93,1,203,0,11,272,1,284,97,23,365,2,487,831,0,831,1318
02/07/2023,LGB,CA,AWP,WE,Towers with Radar,95,14,97,1,207,0,12,294,0,306,95,26,391,1,513,686,0,686,1199
02/08/2023,LGB,CA,AWP,WE,Towers with Radar,98,9,93,0,200,0,5,366,4,375,98,14,459,4,575,1043,0,1043,1618
02/09/2023,LGB,CA,AWP,WE,Towers with Radar,95,8,94,2,199,0,8,256,2,266,95,16,350,4,465,601,0,601,1066
02/10/2023,LGB,CA,AWP,WE,Towers with Radar,96,8,85,3,192,0,9,283,0,292,96,17,368,3,484,771,0,771,1255
02/11/2023,LGB,CA,AWP,WE,Towers with Radar,74,9,54,5,142,0,2,152,1,155,74,11,206,6,297,506,0,506,803
02/12/2023,LGB,CA,AWP,WE,Towers with Radar,85,9,63,4,161,0,7,189,0,196,85,16,252,4,357,238,0,238,595
02/13/2023,LGB,CA,AWP,WE,Towers with Radar,97,16,90,2,205,0,7,246,0,253,97,23,336,2,458,294,0,294,752
02/14/2023,LGB,CA,AWP,WE,Towers with Radar,96,13,65,2,176,0,8,208,0,216,96,21,273,2,392,735,0,735,1127
02/15/2023,LGB,CA,AWP,WE,Towers with Radar,93,7,106,0,206,0,6,388,2,396,93,13,494,2,602,608,0,608,1210
02/16/2023,LGB,CA,AWP,WE,Towers with Radar,96,14,84,4,198,0,12,345,0,357,96,26,429,4,555,926,0,926,1481
02/17/2023,LGB,CA,AWP,WE,Towers with Radar,95,13,109,0,217,0,8,305,0,313,95,21,414,0,530,776,0,776,1306
02/18/2023,LGB,CA,AWP,WE,Towers with Radar,77,8,79,0,164,0,2,255,0,257,77,10,334,0,421,628,0,628,1049
02/19/2023,LGB,CA,AWP,WE,Towers with Radar,84,6,68,0,158,0,0,280,0,280,84,6,348,0,438,226,0,226,664
02/20/2023,LGB,CA,AWP,WE,Towers with Radar,98,16,99,1,214,0,11,302,0,313,98,27,401,1,527,739,0,739,1266
02/21/2023,LGB,CA,AWP,WE,Towers with Radar,94,18,87,1,200,0,9,142,2,153,94,27,229,3,353,518,0,518,871
02/22/2023,LGB,CA,AWP,WE,Towers with Radar,98,11,37,0,146,0,1,67,0,68,98,12,104,0,214,83,0,83,297
02/23/2023,LGB,CA,AWP,WE,Towers with Radar,96,3,42,2,143,0,24,83,0,107,96,27,125,2,250,535,0,535,785
02/24/2023,LGB,CA,AWP,WE,Towers with Radar,90,5,24,0,119,0,0,9,0,9,90,5,33,0,128,8,0,8,136
02/25/2023,LGB,CA,AWP,WE,Towers with Radar,74,9,27,1,111,0,8,38,0,46,74,17,65,1,157,34,0,34,191
02/26/2023,LGB,CA,AWP,WE,Towers with Radar,84,8,57,2,151,0,1,233,0,234,84,9,290,2,385,549,0,549,934
02/27/2023,LGB,CA,AWP,WE,Towers with Radar,94,15,23,4,136,0,10,66,0,76,94,25,89,4,212,150,0,150,362
02/28/2023,LGB,CA,AWP,WE,Towers with Radar,93,31,59,1,184,0,15,211,1,227,93,46,270,2,411,481,0,481,892
03/01/2023,LGB,CA,AWP,WE,Towers with Radar,85,11,43,0,139,0,0,66,0,66,85,11,109,0,205,65,0,65,270
03/02/2023,LGB,CA,AWP,WE,Towers with Radar,88,20,99,1,208,0,47,387,0,434,88,67,486,1,642,964,0,964,1606
03/03/2023,LGB,CA,AWP,WE,Towers with Radar,90,17,88,5,200,0,15,323,0,338,90,32,411,5,538,969,0,969,1507
03/04/2023,LGB,CA,AWP,WE,Towers with Radar,68,10,59,6,143,0,13,187,1,201,68,23,246,7,344,866,0,866,1210
03/05/2023,LGB,CA,AWP,WE,Towers with Radar,79,11,52,1,143,0,1,97,0,98,79,12,149,1,241,366,0,366,607
03/06/2023,LGB,CA,AWP,WE,Towers with Radar,90,23,73,3,189,0,30,283,1,314,90,53,356,4,503,830,0,830,1333
03/07/2023,LGB,CA,AWP,WE,Towers with Radar,90,15,84,4,193,0,20,314,5,339,90,35,398,9,532,1009,0,1009,1541
03/08/2023,LGB,CA,AWP,WE,Towers with Radar,92,29,93,0,214,0,28,260,1,289,92,57,353,1,503,930,0,930,1433
03/09/2023,LGB,CA,AWP,WE,Towers with Radar,93,25,92,2,212,0,16,323,2,341,93,41,415,4,553,608,0,608,1161
03/10/2023,LGB,CA,AWP,WE,Towers with Radar,100,9,33,0,142,0,0,0,0,0,100,9,33,0,142,0,0,0,142
03/11/2023,LGB,CA,AWP,WE,Towers with Radar,72,11,57,0,140,0,0,0,0,0,72,11,57,0,140,0,0,0,140
03/12/2023,LGB,CA,AWP,WE,Towers with Radar,80,22,47,0,149,0,3,87,0,90,80,25,134,0,239,256,0,256,495
03/13/2023,LGB,CA,AWP,WE,Towers with Radar,93,15,81,3,192,0,15,166,0,181,93,30,247,3,373,640,0,640,1013
03/14/2023,LGB,CA,AWP,WE,Towers with Radar,91,10,25,1,127,0,0,0,0,0,91,10,25,1,127,0,0,0,127
03/15/2023,LGB,CA,AWP,WE,Towers with Radar,90,10,52,2,154,0,0,36,0,36,90,10,88,2,190,176,0,176,366
03/16/2023,LGB,CA,AWP,WE,Towers with Radar,91,30,98,2,221,0,32,266,2,300,91,62,364,4,521,1077,0,1077,1598
03/17/2023,LGB,CA,AWP,WE,Towers with Radar,94,23,98,0,215,0,17,349,0,366,94,40,447,0,581,774,0,774,1355
03/18/2023,LGB,CA,AWP,WE,Towers with Radar,76,23,68,2,169,0,10,294,0,304,76,33,362,2,473,600,0,600,1073
03/19/2023,LGB,CA,AWP,WE,Towers with Radar,82,16,71,1,170,0,4,150,0,154,82,20,221,1,324,399,0,399,723
03/20/2023,LGB,CA,AWP,WE,Towers with Radar,93,13,57,1,164,0,11,144,0,155,93,24,201,1,319,481,0,481,800
03/21/2023,LGB,CA,AWP,WE,Towers with Radar,100,9,20,1,130,0,3,29,0,32,100,12,49,1,162,7,0,7,169
03/22/2023,LGB,CA,AWP,WE,Towers with Radar,93,8,42,0,143,0,13,133,0,146,93,21,175,0,289,372,0,372,661
03/23/2023,LGB,CA,AWP,WE,Towers with Radar,92,6,62,0,160,0,7,289,0,296,92,13,351,0,456,907,0,907,1363
03/24/2023,LGB,CA,AWP,WE,Towers with Radar,94,22,71,0,187,0,9,327,0,336,94,31,398,0,523,578,0,578,1101
03/25/2023,LGB,CA,AWP,WE,Towers with Radar,70,13,62,0,145,0,8,220,1,229,70,21,282,1,374,497,0,497,871
03/26/2023,LGB,CA,AWP,WE,Towers with Radar,80,17,51,0,148,0,0,310,0,310,80,17,361,0,458,427,0,427,885
03/27/2023,LGB,CA,AWP,WE,Towers with Radar,93,20,80,0,193,0,12,323,0,335,93,32,403,0,528,639,0,639,1167
03/28/2023,LGB,CA,AWP,WE,Towers with Radar,92,17,88,1,198,0,17,371,1,389,92,34,459,2,587,530,0,530,1117
03/29/2023,LGB,CA,AWP,WE,Towers with Radar,95,10,42,0,147,0,8,108,1,117,95,18,150,1,264,322,0,322,586
03/30/2023,LGB,CA,AWP,WE,Towers with Radar,92,11,70,0,173,0,3,220,0,223,92,14,290,0,396,523,0,523,919
03/31/2023,LGB,CA,AWP,WE,Towers with Radar,90,32,58,0,180,0,20,290,0,310,90,52,348,0,490,423,0,423,913
04/01/2023,LGB,CA,AWP,WE,Towers with Radar,72,22,36,4,134,0,2,265,0,267,72,24,301,4,401,542,0,542,943
04/02/2023,LGB,CA,AWP,WE,Towers with Radar,79,21,45,2,147,0,2,277,0,279,79,23,322,2,426,513,0,513,939
04/03/2023,LGB,CA,AWP,WE,Towers with Radar,92,7,52,0,151,0,13,140,0,153,92,20,192,0,304,389,0,389,693
04/04/2023,LGB,CA,AWP,WE,Towers with Radar,92,24,65,0,181,0,15,199,0,214,92,39,264,0,395,276,0,276,671
04/05/2023,LGB,CA,AWP,WE,Towers with Radar,94,25,70,7,196,0,12,405,2,419,94,37,475,9,615,904,0,904,1519
04/06/2023,LGB,CA,AWP,WE,Towers with Radar,93,13,72,2,180,0,38,223,0,261,93,51,295,2,441,774,0,774,1215
04/07/2023,LGB,CA,AWP,WE,Towers with Radar,91,20,66,3,180,0,12,327,0,339,91,32,393,3,519,633,0,633,1152
04/08/2023,LGB,CA,AWP,WE,Towers with Radar,74,23,39,4,140,0,10,209,0,219,74,33,248,4,359,371,0,371,730
04/09/2023,LGB,CA,AWP,WE,Towers with Radar,84,13,31,5,133,0,4,159,0,163,84,17,190,5,296,307,0,307,603
04/10/2023,LGB,CA,AWP,WE,Towers with Radar,92,31,55,2,180,0,10,169,0,179,92,41,224,2,359,586,0,586,945
04/11/2023,LGB,CA,AWP,WE,Towers with Radar,92,23,62,0,177,0,9,161,0,170,92,32,223,0,347,607,0,607,954
04/12/2023,LGB,CA,AWP,WE,Towers with Radar,92,9,115,1,217,0,1,78,0,79,92,10,193,1,296,376,0,376,672
04/13/2023,LGB,CA,AWP,WE,Towers with Radar,94,28,89,2,213,0,2,124,0,126,94,30,213,2,339,681,0,681,1020
04/14/2023,LGB,CA,AWP,WE,Towers with Radar,92,38,83,0,213,0,20,258,0,278,92,58,341,0,491,798,0,798,1289
04/15/2023,LGB,CA,AWP,WE,Towers with Radar,75,27,67,5,174,0,10,292,0,302,75,37,359,5,476,646,0,646,1122
04/16/2023,LGB,CA,AWP,WE,Towers with Radar,84,24,69,0,177,0,39,126,6,171,84,63,195,6,348,384,0,384,732
04/17/2023,LGB,CA,AWP,WE,Towers with Radar,96,26,85,3,210,0,18,212,0,230,96,44,297,3,440,389,0,389,829
04/18/2023,LGB,CA,AWP,WE,Towers with Radar,91,6,43,1,141,0,18,265,0,283,91,24,308,1,424,64,0,64,488
04/19/2023,LGB,CA,AWP,WE,Towers with Radar,88,18,44,0,150,0,10,350,1,361,88,28,394,1,511,15,0,15,526
04/20/2023,LGB,CA,AWP,WE,Towers with Radar,94,31,75,0,200,0,19,335,0,354,94,50,410,0,554,813,0,813,1367
04/21/2023,LGB,CA,AWP,WE,Towers with Radar,92,26,69,0,187,0,16,262,0,278,92,42,331,0,465,710,0,710,1175
04/22/2023,LGB,CA,AWP,WE,Towers with Radar,71,14,45,2,132,0,7,285,0,292,71,21,330,2,424,313,0,313,737
04/23/2023,LGB,CA,AWP,WE,Towers with Radar,85,18,58,0,161,0,9,183,0,192,85,27,241,0,353,318,0,318,671
04/24/2023,LGB,CA,AWP,WE,Towers with Radar,91,12,71,3,177,0,11,154,0,165,91,23,225,3,342,842,0,842,1184
04/25/2023,LGB,CA,AWP,WE,Towers with Radar,86,20,40,0,146,0,11,200,0,211,86,31,240,0,357,102,0,102,459
04/26/2023,LGB,CA,AWP,WE,Towers with Radar,92,13,53,1,159,0,6,274,0,280,92,19,327,1,439,51,0,51,490
04/27/2023,LGB,CA,AWP,WE,Towers with Radar,95,27,96,1,219,0,18,275,1,294,95,45,371,2,513,561,0,561,1074
04/28/2023,LGB,CA,AWP,WE,Towers with Radar,97,29,54,0,180,0,9,195,0,204,97,38,249,0,384,669,0,669,1053
04/29/2023,LGB,CA,AWP,WE,Towers with Radar,75,28,45,0,148,0,11,193,6,210,75,39,238,6,358,399,0,399,757
04/30/2023,LGB,CA,AWP,WE,Towers with Radar,85,11,90,0,186,0,2,30,0,32,85,13,120,0,218,11,0,11,229
05/01/2023,LGB,CA,AWP,WE,Towers with Radar,98,28,69,0,195,0,10,211,1,222,98,38,280,1,417,742,0,742,1159
05/02/2023,LGB,CA,AWP,WE,Towers with Radar,89,17,29,0,135,0,6,255,1,262,89,23,284,1,397,130,0,130,527
05/03/2023,LGB,CA,AWP,WE,Towers with Radar,90,14,56,0,160,0,12,247,0,259,90,26,303,0,419,47,0,47,466
05/04/2023,LGB,CA,AWP,WE,Towers with Radar,97,17,48,0,162,0,8,179,1,188,97,25,227,1,350,738,0,738,1088
05/05/2023,LGB,CA,AWP,WE,Towers with Radar,92,25,93,0,210,0,13,240,0,253,92,38,333,0,463,614,0,614,1077
05/06/2023,LGB,CA,AWP,WE,Towers with Radar,76,28,32,0,136,0,10,256,0,266,76,38,288,0,402,626,0,626,1028
05/07/2023,LGB,CA,AWP,WE,Towers with Radar,83,27,39,0,149,0,4,201,0,205,83,31,240,0,354,354,2,356,710
05/08/2023,LGB,CA,AWP,WE,Towers with Radar,93,40,63,0,196,0,14,175,0,189,93,54,238,0,385,838,0,838,1223
05/09/2023,LGB,CA,AWP,WE,Towers with Radar,88,17,52,2,159,0,18,192,0,210,88,35,244,2,369,92,0,92,461
05/10/2023,LGB,CA,AWP,WE,Towers with Radar,88,23,48,0,159,0,13,300,1,314,88,36,348,1,473,88,0,88,561
05/11/2023,LGB,CA,AWP,WE,Towers with Radar,93,37,59,0,189,0,19,259,0,278,93,56,318,0,467,932,0,932,1399
05/12/2023,LGB,CA,AWP,WE,Towers with Radar,89,20,96,0,205,0,20,293,0,313,89,40,389,0,518,900,0,900,1418
05/13/2023,LGB,CA,AWP,WE,Towers with Radar,74,24,62,1,161,0,4,198,0,202,74,28,260,1,363,514,0,514,877
05/14/2023,LGB,CA,AWP,WE,Towers with Radar,82,27,54,3,166,0,4,136,0,140,82,31,190,3,306,244,0,244,550
05/15/2023,LGB,CA,AWP,WE,Towers with Radar,91,15,78,2,186,0,1,71,0,72,91,16,149,2,258,306,0,306,564
05/16/2023,LGB,CA,AWP,WE,Towers with Radar,88,26,38,3,155,0,19,172,0,191,88,45,210,3,346,51,0,51,397
05/17/2023,LGB,CA,AWP,WE,Towers with Radar,88,24,55,2,169,0,16,189,0,205,88,40,244,2,374,86,0,86,460
05/18/2023,LGB,CA,AWP,WE,Towers with Radar,93,15,82,3,193,0,7,88,1,96,93,22,170,4,289,709,0,709,998
05/19/2023,LGB,CA,AWP,WE,Towers with Radar,92,17,114,0,223,0,2,72,0,74,92,19,186,0,297,274,0,274,571
05/20/2023,LGB,CA,AWP,WE,Towers with Radar,74,20,48,0,142,0,3,148,0,151,74,23,196,0,293,452,0,452,745
05/21/2023,LGB,CA,AWP,WE,Towers with Radar,83,27,53,0,163,0,1,121,0,122,83,28,174,0,285,308,0,308,593
05/22/2023,LGB,CA,AWP,WE,Towers with Radar,93,11,87,0,191,0,1,93,0,94,93,12,180,0,285,307,0,307,592
05/23/2023,LGB,CA,AWP,WE,Towers with Radar,90,18,62,1,171,0,8,108,3,119,90,26,170,4,290,142,0,142,432
05/24/2023,LGB,CA,AWP,WE,Towers with Radar,88,22,73,0,183,0,27,240,0,267,88,49,313,0,450,21,0,21,471
05/25/2023,LGB,CA,AWP,WE,Towers with Radar,93,31,85,4,213,0,21,315,0,336,93,52,400,4,549,759,0,759,1308
05/26/2023,LGB,CA,AWP,WE,Towers with Radar,91,38,96,1,226,0,14,251,0,265,91,52,347,1,491,324,0,324,815
05/27/2023,LGB,CA,AWP,WE,Towers with Radar,76,25,53,1,155,0,10,215,0,225,76,35,268,1,380,573,0,573,953
05/28/2023,LGB,CA,AWP,WE,Towers with Radar,83,19,60,1,163,0,4,169,4,177,83,23,229,5,340,596,0,596,936
05/29/2023,LGB,CA,AWP,WE,Towers with Radar,91,15,67,0,173,0,4,178,1,183,91,19,245,1,356,695,0,695,1051
05/30/2023,LGB,CA,AWP,WE,Towers with Radar,92,30,81,0,203,0,20,194,3,217,92,50,275,3,420,886,0,886,1306
05/31/2023,LGB,CA,AWP,WE,Towers with Radar,92,25,61,3,181,0,20,243,1,264,92,45,304,4,445,997,0,997,1442
06/01/2023,LGB,CA,AWP,WE,Towers with Radar,93,42,91,0,226,0,29,326,0,355,93,71,417,0,581,904,0,904,1485
06/02/2023,LGB,CA,AWP,WE,Towers with Radar,92,37,59,4,192,0,19,223,4,246,92,56,282,8,438,721,0,721,1159
06/03/2023,LGB,CA,AWP,WE,Towers with Radar,73,30,56,2,161,0,5,247,0,252,73,35,303,2,413,576,0,576,989
06/04/2023,LGB,CA,AWP,WE,Towers with Radar,87,29,53,1,170,0,0,111,0,111,87,29,164,1,281,382,0,382,663
06/05/2023,LGB,CA,AWP,WE,Towers with Radar,94,12,71,1,178,0,16,217,0,233,94,28,288,1,411,819,0,819,1230
06/06/2023,LGB,CA,AWP,WE,Towers with Radar,94,33,63,5,195,0,18,247,2,267,94,51,310,7,462,797,0,797,1259
06/07/2023,LGB,CA,AWP,WE,Towers with Radar,94,30,74,0,198,0,17,248,0,265,94,47,322,0,463,968,0,968,1431
06/08/2023,LGB,CA,AWP,WE,Towers with Radar,93,38,88,1,220,0,19,318,1,338,93,57,406,2,558,1031,0,1031,1589
06/09/2023,LGB,CA,AWP,WE,Towers with Radar,92,34,62,3,191,0,12,118,2,132,92,46,180,5,323,1124,0,1124,1447
06/10/2023,LGB,CA,AWP,WE,Towers with Radar,74,36,60,1,171,0,2,137,2,141,74,38,197,3,312,577,0,577,889
06/11/2023,LGB,CA,AWP,WE,Towers with Radar,88,13,53,1,155,0,2,97,2,101,88,15,150,3,256,266,0,266,522
06/12/2023,LGB,CA,AWP,WE,Towers with Radar,94,29,82,0,205,0,19,202,0,221,94,48,284,0,426,735,0,735,1161
06/13/2023,LGB,CA,AWP,WE,Towers with Radar,95,36,79,0,210,0,22,278,0,300,95,58,357,0,510,839,0,839,1349
06/14/2023,LGB,CA,AWP,WE,Towers with Radar,94,30,77,0,201,0,18,252,0,270,94,48,329,0,471,1092,0,1092,1563
06/15/2023,LGB,CA,AWP,WE,Towers with Radar,93,31,92,0,216,0,9,199,1,209,93,40,291,1,425,788,0,788,1213
06/16/2023,LGB,CA,AWP,WE,Towers with Radar,99,18,74,0,191,0,19,186,0,205,99,37,260,0,396,833,0,833,1229
06/17/2023,LGB,CA,AWP,WE,Towers with Radar,75,19,51,0,145,0,3,292,0,295,75,22,343,0,440,554,0,554,994
06/18/2023,LGB,CA,AWP,WE,Towers with Radar,87,20,43,0,150,0,0,127,0,127,87,20,170,0,277,250,0,250,527
06/19/2023,LGB,CA,AWP,WE,Towers with Radar,94,28,54,0,176,0,9,197,0,206,94,37,251,0,382,587,0,587,969
06/20/2023,LGB,CA,AWP,WE,Towers with Radar,94,20,47,2,163,0,22,312,0,334,94,42,359,2,497,714,0,714,1211
06/21/2023,LGB,CA,AWP,WE,Towers with Radar,94,26,90,2,212,0,21,319,0,340,94,47,409,2,552,743,0,743,1295
06/22/2023,LGB,CA,AWP,WE,Towers with Radar,93,22,73,0,188,0,27,234,0,261,93,49,307,0,449,845,0,845,1294
06/23/2023,LGB,CA,AWP,WE,Towers with Radar,94,27,74,0,195,0,26,330,0,356,94,53,404,0,551,852,0,852,1403
06/24/2023,LGB,CA,AWP,WE,Towers with Radar,74,16,47,0,137,0,7,279,0,286,74,23,326,0,423,527,0,527,950
06/25/2023,LGB,CA,AWP,WE,Towers with Radar,86,25,47,0,158,0,4,274,0,278,86,29,321,0,436,590,0,590,1026
06/26/2023,LGB,CA,AWP,WE,Towers with Radar,94,18,70,1,183,0,21,259,0,280,94,39,329,1,463,833,0,833,1296
06/27/2023,LGB,CA,AWP,WE,Towers with Radar,94,14,78,0,186,0,21,276,0,297,94,35,354,0,483,497,0,497,980
06/28/2023,LGB,CA,AWP,WE,Towers with Radar,94,20,89,0,203,0,15,265,0,280,94,35,354,0,483,1067,0,1067,1550
06/29/2023,LGB,CA,AWP,WE,Towers with Radar,94,21,91,0,206,0,22,334,0,356,94,43,425,0,562,973,0,973,1535
06/30/2023,LGB,CA,AWP,WE,Towers with Radar,94,21,60,0,175,0,14,269,1,284,94,35,329,1,459,558,0,558,1017
07/01/2023,LGB,CA,AWP,WE,Towers with Radar,74,15,52,0,141,0,7,229,0,236,74,22,281,0,377,464,0,464,841
07/02/2023,LGB,CA,AWP,WE,Towers with Radar,83,12,31,0,126,0,1,162,0,163,83,13,193,0,289,297,0,297,586
07/03/2023,LGB,CA,AWP,WE,Towers with Radar,94,16,58,0,168,0,7,207,0,214,94,23,265,0,382,643,0,643,1025
07/04/2023,LGB,CA,AWP,WE,Towers with Radar,91,5,39,0,135,0,0,166,0,166,91,5,205,0,301,211,0,211,512
07/05/2023,LGB,CA,AWP,WE,Towers with Radar,95,11,51,0,157,0,22,293,0,315,95,33,344,0,472,788,0,788,1260
07/06/2023,LGB,CA,AWP,WE,Towers with Radar,94,28,80,2,204,0,23,247,0,270,94,51,327,2,474,802,0,802,1276
07/07/2023,LGB,CA,AWP,WE,Towers with Radar,94,26,42,4,166,0,22,290,0,312,94,48,332,4,478,798,0,798,1276
07/08/2023,LGB,CA,AWP,WE,Towers with Radar,74,17,39,0,130,0,14,261,4,279,74,31,300,4,409,803,0,803,1212
07/09/2023,LGB,CA,AWP,WE,Towers with Radar,83,8,34,0,125,0,1,193,0,194,83,9,227,0,319,428,0,428,747
07/10/2023,LGB,CA,AWP,WE,Towers with Radar,94,27,51,0,172,0,18,204,0,222,94,45,255,0,394,476,0,476,870
07/11/2023,LGB,CA,AWP,WE,Towers with Radar,98,22,56,1,177,0,21,286,2,309,98,43,342,3,486,616,0,616,1102
07/12/2023,LGB,CA,AWP,WE,Towers with Radar,100,15,65,0,180,0,15,353,0,368,100,30,418,0,548,707,0,707,1255
07/13/2023,LGB,CA,AWP,WE,Towers with Radar,100,20,50,1,171,0,20,314,0,334,100,40,364,1,505,789,0,789,1294
07/14/2023,LGB,CA,AWP,WE,Towers with Radar,100,26,47,1,174,0,23,295,0,318,100,49,342,1,492,863,0,863,1355
07/15/2023,LGB,CA,AWP,WE,Towers with Radar,80,14,41,1,136,0,2,236,1,239,80,16,277,2,375,246,0,246,621
07/16/2023,LGB,CA,AWP,WE,Towers with Radar,86,14,43,0,143,0,0,205,1,206,86,14,248,1,349,346,0,346,695
07/17/2023,LGB,CA,AWP,WE,Towers with Radar,99,24,53,0,176,0,21,270,1,292,99,45,323,1,468,589,0,589,1057
07/18/2023,LGB,CA,AWP,WE,Towers with Radar,100,10,60,0,170,0,15,309,1,325,100,25,369,1,495,565,2,567,1062
07/19/2023,LGB,CA,AWP,WE,Towers with Radar,102,25,58,1,186,0,17,432,1,450,102,42,490,2,636,562,0,562,1198
07/20/2023,LGB,CA,AWP,WE,Towers with Radar,100,19,55,2,176,0,20,314,2,336,100,39,369,4,512,1020,0,1020,1532
07/21/2023,LGB,CA,AWP,WE,Towers with Radar,100,26,67,0,193,0,13,190,0,203,100,39,257,0,396,452,0,452,848
07/22/2023,LGB,CA,AWP,WE,Towers with Radar,81,17,45,2,145,0,4,168,0,172,81,21,213,2,317,324,0,324,641
07/23/2023,LGB,CA,AWP,WE,Towers with Radar,89,33,50,0,172,0,4,110,0,114,89,37,160,0,286,196,0,196,482
07/24/2023,LGB,CA,AWP,WE,Towers with Radar,101,22,45,0,168,0,11,262,0,273,101,33,307,0,441,624,1,625,1066
07/25/2023,LGB,CA,AWP,WE,Towers with Radar,100,31,46,1,178,0,28,294,0,322,100,59,340,1,500,466,0,466,966
07/26/2023,LGB,CA,AWP,WE,Towers with Radar,100,28,57,1,186,0,28,275,3,306,100,56,332,4,492,815,0,815,1307
07/27/2023,LGB,CA,AWP,WE,Towers with Radar,100,13,61,1,175,0,22,311,2,335,100,35,372,3,510,988,0,988,1498
07/28/2023,LGB,CA,AWP,WE,Towers with Radar,102,31,72,2,207,0,11,209,0,220,102,42,281,2,427,561,0,561,988
07/29/2023,LGB,CA,AWP,WE,Towers with Radar,82,22,39,3,146,0,0,192,1,193,82,22,231,4,339,432,0,432,771
07/30/2023,LGB,CA,AWP,WE,Towers with Radar,89,10,70,2,171,0,0,125,0,125,89,10,195,2,296,100,0,100,396
07/31/2023,LGB,CA,AWP,WE,Towers with Radar,102,20,61,0,183,0,11,213,0,224,102,31,274,0,407,526,0,526,933
08/01/2023,LGB,CA,AWP,WE,Towers with Radar,98,29,63,0,190,0,27,317,1,345,98,56,380,1,535,489,0,489,1024
08/02/2023,LGB,CA,AWP,WE,Towers with Radar,101,25,74,0,200,0,15,350,0,365,101,40,424,0,565,594,0,594,1159
08/03/2023,LGB,CA,AWP,WE,Towers with Radar,100,31,53,0,184,0,22,303,1,326,100,53,356,1,510,705,0,705,1215
08/04/2023,LGB,CA,AWP,WE,Towers with Radar,101,46,70,3,220,0,15,260,0,275,101,61,330,3,495,852,0,852,1347
08/05/2023,LGB,CA,AWP,WE,Towers with Radar,80,22,50,7,159,0,6,222,0,228,80,28,272,7,387,534,0,534,921
08/06/2023,LGB,CA,AWP,WE,Towers with Radar,90,29,38,2,159,0,5,196,0,201,90,34,234,2,360,472,0,472,832
08/07/2023,LGB,CA,AWP,WE,Towers with Radar,98,23,60,0,181,0,12,283,0,295,98,35,343,0,476,526,0,526,1002
08/08/2023,LGB,CA,AWP,WE,Towers with Radar,100,25,70,0,195,0,23,333,1,357,100,48,403,1,552,919,0,919,1471
08/09/2023,LGB,CA,AWP,WE,Towers with Radar,99,46,79,2,226,0,23,333,0,356,99,69,412,2,582,794,0,794,1376
08/10/2023,LGB,CA,AWP,WE,Towers with Radar,100,38,76,6,220,0,3,272,0,275,100,41,348,6,495,928,0,928,1423
08/11/2023,LGB,CA,AWP,WE,Towers with Radar,102,44,82,1,229,0,24,250,1,275,102,68,332,2,504,790,0,790,1294
08/12/2023,LGB,CA,AWP,WE,Towers with Radar,81,21,49,0,151,0,12,291,0,303,81,33,340,0,454,448,0,448,902
08/13/2023,LGB,CA,AWP,WE,Towers with Radar,89,28,41,2,160,0,7,267,2,276,89,35,308,4,436,340,0,340,776
08/14/2023,LGB,CA,AWP,WE,Towers with Radar,100,15,61,1,177,0,9,332,2,343,100,24,393,3,520,206,0,206,726
08/15/2023,LGB,CA,AWP,WE,Towers with Radar,102,21,73,0,196,0,22,341,0,363,102,43,414,0,559,671,0,671,1230
08/16/2023,LGB,CA,AWP,WE,Towers with Radar,105,24,71,2,202,0,24,452,2,478,105,48,523,4,680,912,0,912,1592
08/17/2023,LGB,CA,AWP,WE,Towers with Radar,100,28,61,0,189,1,18,485,0,504,101,46,546,0,693,985,0,985,1678
08/18/2023,LGB,CA,AWP,WE,Towers with Radar,99,43,64,0,206,0,13,377,2,392,99,56,441,2,598,654,0,654,1252
08/19/2023,LGB,CA,AWP,WE,Towers with Radar,79,13,43,1,136,0,1,256,3,260,79,14,299,4,396,590,0,590,986
08/20/2023,LGB,CA,AWP,WE,Towers with Radar,51,5,7,0,63,0,0,5,0,5,51,5,12,0,68,0,0,0,68
08/21/2023,LGB,CA,AWP,WE,Towers with Radar,82,6,38,0,126,0,7,246,2,255,82,13,284,2,381,580,0,580,961
08/22/2023,LGB,CA,AWP,WE,Towers with Radar,100,22,73,0,195,0,9,321,0,330,100,31,394,0,525,911,0,911,1436
08/23/2023,LGB,CA,AWP,WE,Towers with Radar,100,23,88,1,212,0,8,331,1,340,100,31,419,2,552,822,0,822,1374
08/24/2023,LGB,CA,AWP,WE,Towers with Radar,99,24,102,0,225,0,7,258,0,265,99,31,360,0,490,876,0,876,1366
08/25/2023,LGB,CA,AWP,WE,Towers with Radar,100,37,52,1,190,0,21,334,2,357,100,58,386,3,547,575,0,575,1122
08/26/2023,LGB,CA,AWP,WE,Towers with Radar,81,17,43,0,141,0,2,253,0,255,81,19,296,0,396,642,0,642,1038
08/27/2023,LGB,CA,AWP,WE,Towers with Radar,98,24,41,0,163,0,2,215,0,217,98,26,256,0,380,373,0,373,753
08/28/2023,LGB,CA,AWP,WE,Towers with Radar,100,30,89,1,220,0,21,283,5,309,100,51,372,6,529,688,0,688,1217
08/29/2023,LGB,CA,AWP,WE,Towers with Radar,103,24,42,0,169,0,22,347,0,369,103,46,389,0,538,980,0,980,1518
08/30/2023,LGB,CA,AWP,WE,Towers with Radar,101,16,72,0,189,0,22,354,0,376,101,38,426,0,565,1108,0,1108,1673
08/31/2023,LGB,CA,AWP,WE,Towers with Radar,103,25,66,0,194,0,6,238,0,244,103,31,304,0,438,736,0,736,1174
