01/01/2020,LIH,HI,AWP,WE,Federal Contract Tower,84,5,2,0,91,0,155,4,0,159,84,160,6,0,250,8,0,8,258
01/02/2020,LIH,HI,AWP,WE,Federal Contract Tower,89,8,10,0,107,0,185,26,0,211,89,193,36,0,318,6,0,6,324
01/03/2020,LIH,HI,AWP,WE,Federal Contract Tower,90,14,10,0,114,0,223,4,0,227,90,237,14,0,341,42,0,42,383
01/04/2020,LIH,HI,AWP,WE,Federal Contract Tower,81,3,11,0,95,0,11,0,0,11,81,14,11,0,106,14,0,14,120
01/05/2020,LIH,HI,AWP,WE,Federal Contract Tower,86,2,3,10,101,0,162,6,0,168,86,164,9,10,269,36,2,38,307
01/06/2020,LIH,HI,AWP,WE,Federal Contract Tower,86,9,5,6,106,0,144,7,0,151,86,153,12,6,257,28,0,28,285
01/07/2020,LIH,HI,AWP,WE,Federal Contract Tower,78,10,0,10,98,0,118,4,0,122,78,128,4,10,220,28,0,28,248
01/08/2020,LIH,HI,AWP,WE,Federal Contract Tower,73,16,2,7,98,0,142,10,1,153,73,158,12,8,251,38,0,38,289
01/09/2020,LIH,HI,AWP,WE,Federal Contract Tower,72,14,2,2,90,0,55,8,0,63,72,69,10,2,153,14,0,14,167
01/10/2020,LIH,HI,AWP,WE,Federal Contract Tower,68,18,1,0,87,0,17,0,0,17,68,35,1,0,104,2,0,2,106
01/11/2020,LIH,HI,AWP,WE,Federal Contract Tower,80,2,11,4,97,0,4,1,0,5,80,6,12,4,102,35,2,37,139
01/12/2020,LIH,HI,AWP,WE,Federal Contract Tower,81,0,1,2,84,0,6,0,0,6,81,6,1,2,90,0,0,0,90
01/13/2020,LIH,HI,AWP,WE,Federal Contract Tower,78,18,0,10,106,0,12,4,0,16,78,30,4,10,122,16,0,16,138
01/14/2020,LIH,HI,AWP,WE,Federal Contract Tower,70,10,2,4,86,0,79,7,1,87,70,89,9,5,173,16,0,16,189
01/15/2020,LIH,HI,AWP,WE,Federal Contract Tower,73,15,5,4,97,0,82,0,0,82,73,97,5,4,179,16,0,16,195
01/16/2020,LIH,HI,AWP,WE,Federal Contract Tower,74,11,2,6,93,0,185,1,4,190,74,196,3,10,283,58,0,58,341
01/17/2020,LIH,HI,AWP,WE,Federal Contract Tower,74,6,3,10,93,0,109,1,3,113,74,115,4,13,206,24,0,24,230
01/18/2020,LIH,HI,AWP,WE,Federal Contract Tower,77,0,9,0,86,0,123,5,0,128,77,123,14,0,214,20,0,20,234
01/19/2020,LIH,HI,AWP,WE,Federal Contract Tower,75,2,2,7,86,0,103,1,0,104,75,105,3,7,190,18,0,18,208
01/20/2020,LIH,HI,AWP,WE,Federal Contract Tower,82,2,10,0,94,0,126,10,0,136,82,128,20,0,230,20,0,20,250
01/21/2020,LIH,HI,AWP,WE,Federal Contract Tower,70,9,1,9,89,0,119,10,4,133,70,128,11,13,222,30,4,34,256
01/22/2020,LIH,HI,AWP,WE,Federal Contract Tower,75,14,3,11,103,0,156,12,1,169,75,170,15,12,272,16,0,16,288
01/23/2020,LIH,HI,AWP,WE,Federal Contract Tower,83,27,5,3,118,0,189,14,2,205,83,216,19,5,323,110,0,110,433
01/24/2020,LIH,HI,AWP,WE,Federal Contract Tower,75,26,5,4,110,0,164,6,3,173,75,190,11,7,283,40,0,40,323
01/25/2020,LIH,HI,AWP,WE,Federal Contract Tower,79,0,6,0,85,0,129,10,0,139,79,129,16,0,224,64,0,64,288
01/26/2020,LIH,HI,AWP,WE,Federal Contract Tower,75,3,2,0,80,0,75,7,0,82,75,78,9,0,162,38,0,38,200
01/27/2020,LIH,HI,AWP,WE,Federal Contract Tower,86,32,1,1,120,0,170,10,2,182,86,202,11,3,302,49,24,73,375
01/28/2020,LIH,HI,AWP,WE,Federal Contract Tower,81,41,0,2,124,0,138,26,0,164,81,179,26,2,288,46,0,46,334
01/29/2020,LIH,HI,AWP,WE,Federal Contract Tower,82,16,1,6,105,0,92,12,0,104,82,108,13,6,209,42,6,48,257
01/30/2020,LIH,HI,AWP,WE,Federal Contract Tower,72,31,2,1,106,0,155,13,0,168,72,186,15,1,274,18,0,18,292
01/31/2020,LIH,HI,AWP,WE,Federal Contract Tower,87,7,0,7,101,0,128,20,0,148,87,135,20,7,249,84,7,91,340
02/01/2020,LIH,HI,AWP,WE,Federal Contract Tower,76,4,7,6,93,0,54,12,0,66,76,58,19,6,159,54,0,54,213
02/02/2020,LIH,HI,AWP,WE,Federal Contract Tower,71,7,2,6,86,0,77,5,0,82,71,84,7,6,168,10,0,10,178
02/03/2020,LIH,HI,AWP,WE,Federal Contract Tower,88,8,1,3,100,0,158,27,13,198,88,166,28,16,298,29,0,29,327
02/04/2020,LIH,HI,AWP,WE,Federal Contract Tower,76,8,0,3,87,0,131,16,2,149,76,139,16,5,236,38,0,38,274
02/05/2020,LIH,HI,AWP,WE,Federal Contract Tower,85,8,1,6,100,0,8,8,0,16,85,16,9,6,116,4,0,4,120
02/06/2020,LIH,HI,AWP,WE,Federal Contract Tower,82,12,1,10,105,0,114,8,1,123,82,126,9,11,228,22,0,22,250
02/07/2020,LIH,HI,AWP,WE,Federal Contract Tower,83,5,0,1,89,0,168,4,5,177,83,173,4,6,266,50,0,50,316
02/08/2020,LIH,HI,AWP,WE,Federal Contract Tower,76,4,6,1,87,0,172,5,0,177,76,176,11,1,264,74,0,74,338
02/09/2020,LIH,HI,AWP,WE,Federal Contract Tower,72,0,1,4,77,0,96,7,0,103,72,96,8,4,180,10,0,10,190
02/10/2020,LIH,HI,AWP,WE,Federal Contract Tower,88,11,1,7,107,0,27,6,0,33,88,38,7,7,140,8,0,8,148
02/11/2020,LIH,HI,AWP,WE,Federal Contract Tower,82,10,0,0,92,0,118,8,7,133,82,128,8,7,225,24,0,24,249
02/12/2020,LIH,HI,AWP,WE,Federal Contract Tower,87,8,1,6,102,13,193,18,1,225,100,201,19,7,327,19,0,19,346
02/13/2020,LIH,HI,AWP,WE,Federal Contract Tower,81,8,1,2,92,0,154,9,1,164,81,162,10,3,256,22,0,22,278
02/14/2020,LIH,HI,AWP,WE,Federal Contract Tower,85,5,2,0,92,0,190,2,0,192,85,195,4,0,284,42,0,42,326
02/15/2020,LIH,HI,AWP,WE,Federal Contract Tower,85,6,2,0,93,0,117,9,0,126,85,123,11,0,219,42,0,42,261
02/16/2020,LIH,HI,AWP,WE,Federal Contract Tower,80,3,1,0,84,0,79,11,0,90,80,82,12,0,174,8,0,8,182
02/17/2020,LIH,HI,AWP,WE,Federal Contract Tower,84,10,1,0,95,0,78,6,0,84,84,88,7,0,179,36,0,36,215
02/18/2020,LIH,HI,AWP,WE,Federal Contract Tower,89,9,0,1,99,0,108,12,0,120,89,117,12,1,219,46,0,46,265
02/19/2020,LIH,HI,AWP,WE,Federal Contract Tower,87,5,0,7,99,0,71,4,14,89,87,76,4,21,188,32,22,54,242
02/20/2020,LIH,HI,AWP,WE,Federal Contract Tower,83,10,0,1,94,0,115,7,0,122,83,125,7,1,216,50,0,50,266
02/21/2020,LIH,HI,AWP,WE,Federal Contract Tower,74,4,1,2,81,0,181,4,1,186,74,185,5,3,267,62,0,62,329
02/22/2020,LIH,HI,AWP,WE,Federal Contract Tower,85,2,1,1,89,0,140,7,0,147,85,142,8,1,236,38,10,48,284
02/23/2020,LIH,HI,AWP,WE,Federal Contract Tower,78,0,4,1,83,0,115,5,0,120,78,115,9,1,203,12,0,12,215
02/24/2020,LIH,HI,AWP,WE,Federal Contract Tower,80,8,1,10,99,0,180,8,2,190,80,188,9,12,289,44,6,50,339
02/25/2020,LIH,HI,AWP,WE,Federal Contract Tower,79,14,3,25,121,0,163,7,3,173,79,177,10,28,294,73,4,77,371
02/26/2020,LIH,HI,AWP,WE,Federal Contract Tower,76,9,2,12,99,0,149,12,2,163,76,158,14,14,262,36,0,36,298
02/27/2020,LIH,HI,AWP,WE,Federal Contract Tower,82,12,6,12,112,0,164,9,1,174,82,176,15,13,286,22,16,38,324
02/28/2020,LIH,HI,AWP,WE,Federal Contract Tower,88,7,2,0,97,0,131,8,0,139,88,138,10,0,236,30,0,30,266
02/29/2020,LIH,HI,AWP,WE,Federal Contract Tower,83,2,0,0,85,0,49,3,0,52,83,51,3,0,137,34,0,34,171
03/01/2020,LIH,HI,AWP,WE,Federal Contract Tower,83,4,3,0,90,0,20,4,0,24,83,24,7,0,114,20,0,20,134
03/02/2020,LIH,HI,AWP,WE,Federal Contract Tower,82,9,0,0,91,2,57,3,0,62,84,66,3,0,153,17,0,17,170
03/03/2020,LIH,HI,AWP,WE,Federal Contract Tower,78,15,6,9,108,0,191,12,1,204,78,206,18,10,312,19,14,33,345
03/04/2020,LIH,HI,AWP,WE,Federal Contract Tower,82,6,1,0,89,0,156,7,0,163,82,162,8,0,252,30,0,30,282
03/05/2020,LIH,HI,AWP,WE,Federal Contract Tower,78,17,3,9,107,0,172,7,0,179,78,189,10,9,286,26,6,32,318
03/06/2020,LIH,HI,AWP,WE,Federal Contract Tower,90,11,3,2,106,0,98,2,0,100,90,109,5,2,206,32,0,32,238
03/07/2020,LIH,HI,AWP,WE,Federal Contract Tower,93,5,5,1,104,0,27,2,0,29,93,32,7,1,133,12,5,17,150
03/08/2020,LIH,HI,AWP,WE,Federal Contract Tower,83,2,1,2,88,0,105,14,12,131,83,107,15,14,219,38,0,38,257
03/09/2020,LIH,HI,AWP,WE,Federal Contract Tower,86,8,3,0,97,0,143,7,0,150,86,151,10,0,247,20,0,20,267
03/10/2020,LIH,HI,AWP,WE,Federal Contract Tower,80,14,1,1,96,0,142,21,2,165,80,156,22,3,261,16,0,16,277
03/11/2020,LIH,HI,AWP,WE,Federal Contract Tower,91,0,0,4,95,0,171,27,4,202,91,171,27,8,297,14,6,20,317
03/12/2020,LIH,HI,AWP,WE,Federal Contract Tower,84,12,2,5,103,0,145,8,10,163,84,157,10,15,266,42,6,48,314
03/13/2020,LIH,HI,AWP,WE,Federal Contract Tower,85,8,3,0,96,0,122,14,0,136,85,130,17,0,232,26,0,26,258
03/14/2020,LIH,HI,AWP,WE,Federal Contract Tower,86,4,10,0,100,0,179,12,0,191,86,183,22,0,291,36,0,36,327
03/15/2020,LIH,HI,AWP,WE,Federal Contract Tower,83,4,3,0,90,0,92,6,2,100,83,96,9,2,190,16,0,16,206
03/16/2020,LIH,HI,AWP,WE,Federal Contract Tower,96,2,4,0,102,0,0,0,0,0,96,2,4,0,102,0,0,0,102
03/17/2020,LIH,HI,AWP,WE,Federal Contract Tower,87,9,2,0,98,0,0,2,0,2,87,9,4,0,100,0,0,0,100
03/18/2020,LIH,HI,AWP,WE,Federal Contract Tower,83,11,3,0,97,0,30,10,0,40,83,41,13,0,137,10,0,10,147
03/19/2020,LIH,HI,AWP,WE,Federal Contract Tower,87,14,2,0,103,0,70,4,2,76,87,84,6,2,179,12,0,12,191
03/20/2020,LIH,HI,AWP,WE,Federal Contract Tower,83,6,3,1,93,0,89,1,0,90,83,95,4,1,183,16,0,16,199
03/21/2020,LIH,HI,AWP,WE,Federal Contract Tower,84,7,2,6,99,0,39,4,0,43,84,46,6,6,142,6,0,6,148
03/22/2020,LIH,HI,AWP,WE,Federal Contract Tower,83,3,4,0,90,0,14,4,0,18,83,17,8,0,108,0,0,0,108
03/23/2020,LIH,HI,AWP,WE,Federal Contract Tower,84,10,5,3,102,0,24,4,0,28,84,34,9,3,130,28,2,30,160
03/24/2020,LIH,HI,AWP,WE,Federal Contract Tower,68,11,0,10,89,0,5,3,0,8,68,16,3,10,97,0,0,0,97
03/25/2020,LIH,HI,AWP,WE,Federal Contract Tower,68,6,3,0,77,0,2,4,0,6,68,8,7,0,83,4,0,4,87
03/26/2020,LIH,HI,AWP,WE,Federal Contract Tower,58,7,4,4,73,0,13,5,0,18,58,20,9,4,91,0,0,0,91
03/27/2020,LIH,HI,AWP,WE,Federal Contract Tower,31,11,2,5,49,0,0,4,0,4,31,11,6,5,53,0,4,4,57
03/28/2020,LIH,HI,AWP,WE,Federal Contract Tower,27,5,0,0,32,0,4,0,0,4,27,9,0,0,36,0,0,0,36
03/29/2020,LIH,HI,AWP,WE,Federal Contract Tower,34,0,0,0,34,0,0,2,0,2,34,0,2,0,36,0,0,0,36
03/30/2020,LIH,HI,AWP,WE,Federal Contract Tower,34,5,0,6,45,0,2,2,0,4,34,7,2,6,49,0,0,0,49
03/31/2020,LIH,HI,AWP,WE,Federal Contract Tower,32,11,0,4,47,0,12,4,3,19,32,23,4,7,66,8,4,12,78
04/01/2020,LIH,HI,AWP,WE,Federal Contract Tower,24,6,1,0,31,0,4,9,0,13,24,10,10,0,44,0,0,0,44
04/02/2020,LIH,HI,AWP,WE,Federal Contract Tower,22,8,1,18,49,0,7,4,0,11,22,15,5,18,60,3,15,18,78
04/03/2020,LIH,HI,AWP,WE,Federal Contract Tower,22,6,0,2,30,0,7,4,4,15,22,13,4,6,45,2,0,2,47
04/04/2020,LIH,HI,AWP,WE,Federal Contract Tower,18,2,2,0,22,0,1,7,0,8,18,3,9,0,30,0,0,0,30
04/05/2020,LIH,HI,AWP,WE,Federal Contract Tower,16,1,0,0,17,0,2,3,0,5,16,3,3,0,22,0,0,0,22
04/06/2020,LIH,HI,AWP,WE,Federal Contract Tower,22,5,1,0,28,0,14,0,0,14,22,19,1,0,42,4,0,4,46
04/07/2020,LIH,HI,AWP,WE,Federal Contract Tower,16,8,0,0,24,0,6,4,4,14,16,14,4,4,38,0,0,0,38
04/08/2020,LIH,HI,AWP,WE,Federal Contract Tower,16,16,2,4,38,0,7,5,3,15,16,23,7,7,53,0,0,0,53
04/09/2020,LIH,HI,AWP,WE,Federal Contract Tower,17,2,1,2,22,0,6,6,0,12,17,8,7,2,34,8,0,8,42
04/10/2020,LIH,HI,AWP,WE,Federal Contract Tower,17,5,1,0,23,0,4,4,0,8,17,9,5,0,31,0,0,0,31
04/11/2020,LIH,HI,AWP,WE,Federal Contract Tower,23,0,2,1,26,0,3,4,0,7,23,3,6,1,33,6,0,6,39
04/12/2020,LIH,HI,AWP,WE,Federal Contract Tower,13,3,1,1,18,0,3,0,0,3,13,6,1,1,21,2,6,8,29
04/13/2020,LIH,HI,AWP,WE,Federal Contract Tower,17,5,8,0,30,0,6,0,2,8,17,11,8,2,38,0,0,0,38
04/14/2020,LIH,HI,AWP,WE,Federal Contract Tower,13,10,3,8,34,0,6,14,4,24,13,16,17,12,58,4,0,4,62
04/15/2020,LIH,HI,AWP,WE,Federal Contract Tower,15,9,1,2,27,0,2,2,1,5,15,11,3,3,32,0,0,0,32
04/16/2020,LIH,HI,AWP,WE,Federal Contract Tower,15,7,0,2,24,0,11,4,4,19,15,18,4,6,43,0,14,14,57
04/17/2020,LIH,HI,AWP,WE,Federal Contract Tower,19,3,3,2,27,0,14,2,0,16,19,17,5,2,43,0,0,0,43
04/18/2020,LIH,HI,AWP,WE,Federal Contract Tower,17,2,0,0,19,0,7,5,2,14,17,9,5,2,33,0,0,0,33
04/19/2020,LIH,HI,AWP,WE,Federal Contract Tower,16,4,0,0,20,0,4,4,0,8,16,8,4,0,28,3,0,3,31
04/20/2020,LIH,HI,AWP,WE,Federal Contract Tower,14,2,1,0,17,0,9,4,0,13,14,11,5,0,30,2,0,2,32
04/21/2020,LIH,HI,AWP,WE,Federal Contract Tower,11,9,1,2,23,0,7,8,1,16,11,16,9,3,39,13,8,21,60
04/22/2020,LIH,HI,AWP,WE,Federal Contract Tower,15,9,1,2,27,0,14,8,2,24,15,23,9,4,51,12,0,12,63
04/23/2020,LIH,HI,AWP,WE,Federal Contract Tower,18,4,0,4,26,0,17,3,0,20,18,21,3,4,46,22,0,22,68
04/24/2020,LIH,HI,AWP,WE,Federal Contract Tower,18,5,2,6,31,0,12,4,0,16,18,17,6,6,47,14,0,14,61
04/25/2020,LIH,HI,AWP,WE,Federal Contract Tower,16,0,2,0,18,0,11,6,2,19,16,11,8,2,37,0,0,0,37
04/26/2020,LIH,HI,AWP,WE,Federal Contract Tower,13,4,0,1,18,0,4,0,0,4,13,8,0,1,22,0,6,6,28
04/27/2020,LIH,HI,AWP,WE,Federal Contract Tower,17,8,2,6,33,0,7,2,0,9,17,15,4,6,42,10,0,10,52
04/29/2020,LIH,HI,AWP,WE,Federal Contract Tower,15,10,2,4,31,0,6,2,0,8,15,16,4,4,39,0,0,0,39
04/30/2020,LIH,HI,AWP,WE,Federal Contract Tower,14,4,0,0,18,0,16,4,0,20,14,20,4,0,38,10,0,10,48
05/01/2020,LIH,HI,AWP,WE,Federal Contract Tower,21,4,1,0,26,0,7,9,3,19,21,11,10,3,45,6,3,9,54
05/02/2020,LIH,HI,AWP,WE,Federal Contract Tower,19,3,0,0,22,0,7,7,0,14,19,10,7,0,36,10,0,10,46
05/03/2020,LIH,HI,AWP,WE,Federal Contract Tower,13,1,1,2,17,0,6,3,0,9,13,7,4,2,26,0,4,4,30
05/04/2020,LIH,HI,AWP,WE,Federal Contract Tower,16,9,1,4,30,0,8,6,0,14,16,17,7,4,44,2,2,4,48
05/05/2020,LIH,HI,AWP,WE,Federal Contract Tower,13,12,0,8,33,0,8,7,0,15,13,20,7,8,48,6,0,6,54
05/06/2020,LIH,HI,AWP,WE,Federal Contract Tower,19,8,1,0,28,0,6,5,0,11,19,14,6,0,39,8,0,8,47
05/07/2020,LIH,HI,AWP,WE,Federal Contract Tower,19,6,0,5,30,0,3,0,0,3,19,9,0,5,33,4,8,12,45
05/08/2020,LIH,HI,AWP,WE,Federal Contract Tower,12,12,0,0,24,0,4,15,0,19,12,16,15,0,43,42,5,47,90
05/09/2020,LIH,HI,AWP,WE,Federal Contract Tower,17,2,0,0,19,0,6,4,1,11,17,8,4,1,30,2,0,2,32
05/10/2020,LIH,HI,AWP,WE,Federal Contract Tower,13,2,1,0,16,0,5,2,0,7,13,7,3,0,23,4,0,4,27
05/11/2020,LIH,HI,AWP,WE,Federal Contract Tower,23,4,0,8,35,0,7,13,3,23,23,11,13,11,58,9,4,13,71
05/12/2020,LIH,HI,AWP,WE,Federal Contract Tower,16,7,3,2,28,0,10,7,0,17,16,17,10,2,45,12,8,20,65
05/13/2020,LIH,HI,AWP,WE,Federal Contract Tower,17,6,1,10,34,0,17,13,0,30,17,23,14,10,64,10,8,18,82
05/14/2020,LIH,HI,AWP,WE,Federal Contract Tower,17,11,5,6,39,1,11,7,4,23,18,22,12,10,62,8,0,8,70
05/15/2020,LIH,HI,AWP,WE,Federal Contract Tower,14,10,2,6,32,0,6,8,0,14,14,16,10,6,46,2,0,2,48
05/16/2020,LIH,HI,AWP,WE,Federal Contract Tower,19,1,2,1,23,0,5,0,3,8,19,6,2,4,31,0,6,6,37
05/17/2020,LIH,HI,AWP,WE,Federal Contract Tower,13,2,0,0,15,0,3,0,0,3,13,5,0,0,18,0,0,0,18
05/18/2020,LIH,HI,AWP,WE,Federal Contract Tower,17,9,0,2,28,0,3,0,0,3,17,12,0,2,31,0,0,0,31
05/19/2020,LIH,HI,AWP,WE,Federal Contract Tower,16,15,1,4,36,0,11,6,0,17,16,26,7,4,53,8,0,8,61
05/20/2020,LIH,HI,AWP,WE,Federal Contract Tower,16,9,1,3,29,0,9,2,0,11,16,18,3,3,40,16,0,16,56
05/21/2020,LIH,HI,AWP,WE,Federal Contract Tower,22,9,0,13,44,0,7,2,1,10,22,16,2,14,54,6,3,9,63
05/22/2020,LIH,HI,AWP,WE,Federal Contract Tower,22,9,1,10,42,0,15,8,4,27,22,24,9,14,69,15,2,17,86
05/23/2020,LIH,HI,AWP,WE,Federal Contract Tower,20,3,3,0,26,0,5,12,0,17,20,8,15,0,43,0,0,0,43
05/24/2020,LIH,HI,AWP,WE,Federal Contract Tower,16,0,0,0,16,0,0,4,4,8,16,0,4,4,24,0,2,2,26
05/25/2020,LIH,HI,AWP,WE,Federal Contract Tower,17,2,2,6,27,0,7,4,1,12,17,9,6,7,39,12,2,14,53
05/26/2020,LIH,HI,AWP,WE,Federal Contract Tower,18,12,1,4,35,0,16,6,0,22,18,28,7,4,57,30,4,34,91
05/27/2020,LIH,HI,AWP,WE,Federal Contract Tower,15,11,8,4,38,0,4,5,0,9,15,15,13,4,47,0,0,0,47
05/28/2020,LIH,HI,AWP,WE,Federal Contract Tower,15,11,0,6,32,0,5,5,0,10,15,16,5,6,42,0,0,0,42
05/29/2020,LIH,HI,AWP,WE,Federal Contract Tower,16,9,4,5,34,1,3,8,2,14,17,12,12,7,48,14,6,20,68
05/30/2020,LIH,HI,AWP,WE,Federal Contract Tower,20,7,7,0,34,0,5,7,1,13,20,12,14,1,47,2,0,2,49
05/31/2020,LIH,HI,AWP,WE,Federal Contract Tower,17,0,3,0,20,0,0,4,1,5,17,0,7,1,25,0,0,0,25
06/01/2020,LIH,HI,AWP,WE,Federal Contract Tower,18,9,3,2,32,0,10,1,0,11,18,19,4,2,43,4,12,16,59
06/02/2020,LIH,HI,AWP,WE,Federal Contract Tower,21,15,8,15,59,0,17,9,0,26,21,32,17,15,85,6,12,18,103
06/03/2020,LIH,HI,AWP,WE,Federal Contract Tower,16,9,5,4,34,0,13,8,3,24,16,22,13,7,58,0,0,0,58
06/04/2020,LIH,HI,AWP,WE,Federal Contract Tower,17,11,9,4,41,0,13,9,1,23,17,24,18,5,64,6,0,6,70
06/05/2020,LIH,HI,AWP,WE,Federal Contract Tower,22,6,0,10,38,0,7,3,0,10,22,13,3,10,48,2,0,2,50
06/06/2020,LIH,HI,AWP,WE,Federal Contract Tower,19,4,4,0,27,0,5,2,2,9,19,9,6,2,36,0,0,0,36
06/07/2020,LIH,HI,AWP,WE,Federal Contract Tower,18,1,0,0,19,0,1,6,0,7,18,2,6,0,26,0,0,0,26
06/08/2020,LIH,HI,AWP,WE,Federal Contract Tower,21,9,2,6,38,0,18,0,0,18,21,27,2,6,56,10,0,10,66
06/09/2020,LIH,HI,AWP,WE,Federal Contract Tower,20,20,0,10,50,0,8,5,4,17,20,28,5,14,67,0,0,0,67
06/10/2020,LIH,HI,AWP,WE,Federal Contract Tower,19,9,1,2,31,0,7,11,0,18,19,16,12,2,49,6,0,6,55
06/11/2020,LIH,HI,AWP,WE,Federal Contract Tower,20,10,2,6,38,0,16,5,2,23,20,26,7,8,61,20,0,20,81
06/12/2020,LIH,HI,AWP,WE,Federal Contract Tower,19,10,2,6,37,0,4,0,2,6,19,14,2,8,43,9,3,12,55
06/13/2020,LIH,HI,AWP,WE,Federal Contract Tower,21,0,1,0,22,0,18,5,0,23,21,18,6,0,45,14,0,14,59
06/14/2020,LIH,HI,AWP,WE,Federal Contract Tower,19,5,1,0,25,0,0,10,0,10,19,5,11,0,35,4,0,4,39
06/15/2020,LIH,HI,AWP,WE,Federal Contract Tower,20,9,2,8,39,0,22,14,7,43,20,31,16,15,82,12,10,22,104
06/16/2020,LIH,HI,AWP,WE,Federal Contract Tower,23,14,2,4,43,0,15,16,4,35,23,29,18,8,78,2,0,2,80
06/17/2020,LIH,HI,AWP,WE,Federal Contract Tower,27,8,0,4,39,0,13,11,2,26,27,21,11,6,65,6,0,6,71
06/18/2020,LIH,HI,AWP,WE,Federal Contract Tower,24,11,2,9,46,0,3,9,2,14,24,14,11,11,60,2,6,8,68
06/19/2020,LIH,HI,AWP,WE,Federal Contract Tower,25,8,0,0,33,0,9,2,0,11,25,17,2,0,44,8,0,8,52
06/20/2020,LIH,HI,AWP,WE,Federal Contract Tower,21,3,4,0,28,0,5,5,0,10,21,8,9,0,38,0,0,0,38
06/21/2020,LIH,HI,AWP,WE,Federal Contract Tower,22,1,0,0,23,0,0,4,0,4,22,1,4,0,27,0,0,0,27
06/22/2020,LIH,HI,AWP,WE,Federal Contract Tower,23,10,5,1,39,0,15,5,18,38,23,25,10,19,77,46,0,46,123
06/23/2020,LIH,HI,AWP,WE,Federal Contract Tower,25,12,0,1,38,0,17,26,5,48,25,29,26,6,86,26,0,26,112
06/24/2020,LIH,HI,AWP,WE,Federal Contract Tower,27,8,1,12,48,0,12,19,7,38,27,20,20,19,86,0,12,12,98
06/25/2020,LIH,HI,AWP,WE,Federal Contract Tower,24,10,0,0,34,0,23,0,6,29,24,33,0,6,63,14,0,14,77
06/26/2020,LIH,HI,AWP,WE,Federal Contract Tower,26,9,5,0,40,0,16,12,2,30,26,25,17,2,70,10,0,10,80
06/27/2020,LIH,HI,AWP,WE,Federal Contract Tower,23,0,10,6,39,0,4,3,0,7,23,4,13,6,46,4,0,4,50
06/28/2020,LIH,HI,AWP,WE,Federal Contract Tower,26,4,2,1,33,0,2,3,0,5,26,6,5,1,38,0,8,8,46
06/29/2020,LIH,HI,AWP,WE,Federal Contract Tower,29,8,1,7,45,0,30,7,3,40,29,38,8,10,85,4,0,4,89
06/30/2020,LIH,HI,AWP,WE,Federal Contract Tower,26,9,1,0,36,0,15,5,13,33,26,24,6,13,69,8,0,8,77
07/01/2020,LIH,HI,AWP,WE,Federal Contract Tower,28,8,4,7,47,0,10,20,1,31,28,18,24,8,78,12,0,12,90
07/02/2020,LIH,HI,AWP,WE,Federal Contract Tower,36,10,7,0,53,0,18,8,0,26,36,28,15,0,79,24,0,24,103
07/03/2020,LIH,HI,AWP,WE,Federal Contract Tower,29,4,4,1,38,0,10,8,11,29,29,14,12,12,67,14,0,14,81
07/04/2020,LIH,HI,AWP,WE,Federal Contract Tower,23,0,5,3,31,0,0,2,0,2,23,0,7,3,33,0,8,8,41
07/05/2020,LIH,HI,AWP,WE,Federal Contract Tower,30,6,4,7,47,0,7,4,0,11,30,13,8,7,58,21,2,23,81
07/06/2020,LIH,HI,AWP,WE,Federal Contract Tower,26,9,1,0,36,0,11,9,0,20,26,20,10,0,56,2,0,2,58
07/07/2020,LIH,HI,AWP,WE,Federal Contract Tower,38,15,0,4,57,0,13,7,4,24,38,28,7,8,81,2,2,4,85
07/08/2020,LIH,HI,AWP,WE,Federal Contract Tower,27,9,0,4,40,0,5,13,0,18,27,14,13,4,58,8,0,8,66
07/09/2020,LIH,HI,AWP,WE,Federal Contract Tower,31,9,0,3,43,0,9,4,2,15,31,18,4,5,58,0,8,8,66
07/10/2020,LIH,HI,AWP,WE,Federal Contract Tower,26,12,5,6,49,0,10,2,0,12,26,22,7,6,61,2,0,2,63
07/11/2020,LIH,HI,AWP,WE,Federal Contract Tower,26,4,8,1,39,0,4,4,0,8,26,8,12,1,47,0,0,0,47
07/12/2020,LIH,HI,AWP,WE,Federal Contract Tower,26,4,1,2,33,0,0,1,0,1,26,4,2,2,34,0,0,0,34
07/13/2020,LIH,HI,AWP,WE,Federal Contract Tower,27,9,0,2,38,0,2,8,2,12,27,11,8,4,50,0,6,6,56
07/14/2020,LIH,HI,AWP,WE,Federal Contract Tower,28,13,1,4,46,0,7,6,3,16,28,20,7,7,62,6,0,6,68
07/15/2020,LIH,HI,AWP,WE,Federal Contract Tower,29,10,2,0,41,0,12,8,6,26,29,22,10,6,67,5,0,5,72
07/16/2020,LIH,HI,AWP,WE,Federal Contract Tower,30,12,2,9,53,0,18,12,0,30,30,30,14,9,83,4,0,4,87
07/17/2020,LIH,HI,AWP,WE,Federal Contract Tower,26,15,0,0,41,0,16,3,4,23,26,31,3,4,64,12,0,12,76
07/18/2020,LIH,HI,AWP,WE,Federal Contract Tower,25,7,5,0,37,0,9,18,0,27,25,16,23,0,64,0,0,0,64
07/19/2020,LIH,HI,AWP,WE,Federal Contract Tower,25,5,2,0,32,0,2,2,0,4,25,7,4,0,36,0,0,0,36
07/20/2020,LIH,HI,AWP,WE,Federal Contract Tower,29,11,2,6,48,0,5,2,0,7,29,16,4,6,55,6,0,6,61
07/21/2020,LIH,HI,AWP,WE,Federal Contract Tower,30,10,5,5,50,0,12,9,2,23,30,22,14,7,73,18,0,18,91
07/22/2020,LIH,HI,AWP,WE,Federal Contract Tower,28,12,1,8,49,0,2,1,1,4,28,14,2,9,53,0,0,0,53
07/23/2020,LIH,HI,AWP,WE,Federal Contract Tower,30,7,5,8,50,0,21,8,2,31,30,28,13,10,81,12,0,12,93
07/24/2020,LIH,HI,AWP,WE,Federal Contract Tower,31,12,0,6,49,0,12,11,0,23,31,24,11,6,72,59,2,61,133
07/25/2020,LIH,HI,AWP,WE,Federal Contract Tower,21,3,8,0,32,0,6,1,0,7,21,9,9,0,39,16,0,16,55
07/26/2020,LIH,HI,AWP,WE,Federal Contract Tower,0,0,1,0,1,0,5,0,2,7,0,5,1,2,8,2,0,2,10
07/27/2020,LIH,HI,AWP,WE,Federal Contract Tower,24,13,1,0,38,0,5,0,0,5,24,18,1,0,43,0,0,0,43
07/28/2020,LIH,HI,AWP,WE,Federal Contract Tower,30,11,0,5,46,0,6,5,1,12,30,17,5,6,58,6,4,10,68
07/29/2020,LIH,HI,AWP,WE,Federal Contract Tower,29,12,0,10,51,0,9,21,0,30,29,21,21,10,81,28,0,28,109
07/30/2020,LIH,HI,AWP,WE,Federal Contract Tower,31,11,3,10,55,0,9,4,2,15,31,20,7,12,70,10,8,18,88
07/31/2020,LIH,HI,AWP,WE,Federal Contract Tower,29,13,0,4,46,0,14,10,1,25,29,27,10,5,71,12,0,12,83
08/01/2020,LIH,HI,AWP,WE,Federal Contract Tower,27,3,3,1,34,0,11,10,0,21,27,14,13,1,55,37,0,37,92
08/02/2020,LIH,HI,AWP,WE,Federal Contract Tower,32,4,1,4,41,0,2,9,0,11,32,6,10,4,52,6,4,10,62
08/03/2020,LIH,HI,AWP,WE,Federal Contract Tower,33,8,1,2,44,0,17,8,0,25,33,25,9,2,69,4,10,14,83
08/04/2020,LIH,HI,AWP,WE,Federal Contract Tower,26,6,2,4,38,0,15,19,1,35,26,21,21,5,73,36,0,36,109
08/05/2020,LIH,HI,AWP,WE,Federal Contract Tower,27,8,3,0,38,0,2,14,0,16,27,10,17,0,54,0,0,0,54
08/06/2020,LIH,HI,AWP,WE,Federal Contract Tower,33,14,11,9,67,0,37,4,0,41,33,51,15,9,108,14,12,26,134
08/07/2020,LIH,HI,AWP,WE,Federal Contract Tower,32,7,0,2,41,0,10,6,2,18,32,17,6,4,59,26,0,26,85
08/08/2020,LIH,HI,AWP,WE,Federal Contract Tower,26,17,0,0,43,0,7,29,0,36,26,24,29,0,79,14,0,14,93
08/09/2020,LIH,HI,AWP,WE,Federal Contract Tower,29,2,1,0,32,0,4,7,0,11,29,6,8,0,43,2,0,2,45
08/10/2020,LIH,HI,AWP,WE,Federal Contract Tower,35,8,1,6,50,0,20,11,0,31,35,28,12,6,81,20,6,26,107
08/11/2020,LIH,HI,AWP,WE,Federal Contract Tower,27,9,9,2,47,0,8,16,4,28,27,17,25,6,75,20,0,20,95
08/12/2020,LIH,HI,AWP,WE,Federal Contract Tower,19,8,18,3,48,0,13,13,11,37,19,21,31,14,85,12,0,12,97
08/13/2020,LIH,HI,AWP,WE,Federal Contract Tower,21,14,14,4,53,0,8,17,0,25,21,22,31,4,78,20,0,20,98
08/14/2020,LIH,HI,AWP,WE,Federal Contract Tower,20,9,3,1,33,0,17,17,1,35,20,26,20,2,68,26,0,26,94
08/15/2020,LIH,HI,AWP,WE,Federal Contract Tower,21,2,2,0,25,0,5,11,0,16,21,7,13,0,41,2,0,2,43
08/16/2020,LIH,HI,AWP,WE,Federal Contract Tower,19,2,0,0,21,0,5,9,0,14,19,7,9,0,35,25,0,25,60
08/17/2020,LIH,HI,AWP,WE,Federal Contract Tower,22,7,3,4,36,0,25,6,1,32,22,32,9,5,68,6,0,6,74
08/18/2020,LIH,HI,AWP,WE,Federal Contract Tower,19,11,0,1,31,0,9,11,2,22,19,20,11,3,53,18,0,18,71
08/19/2020,LIH,HI,AWP,WE,Federal Contract Tower,18,9,2,2,31,0,12,3,0,15,18,21,5,2,46,18,4,22,68
08/20/2020,LIH,HI,AWP,WE,Federal Contract Tower,23,10,5,3,41,0,9,7,3,19,23,19,12,6,60,16,0,16,76
08/21/2020,LIH,HI,AWP,WE,Federal Contract Tower,18,12,2,0,32,0,9,9,2,20,18,21,11,2,52,2,0,2,54
08/22/2020,LIH,HI,AWP,WE,Federal Contract Tower,23,1,1,8,33,0,3,7,0,10,23,4,8,8,43,18,0,18,61
08/23/2020,LIH,HI,AWP,WE,Federal Contract Tower,21,2,3,8,34,0,4,2,0,6,21,6,5,8,40,29,0,29,69
08/24/2020,LIH,HI,AWP,WE,Federal Contract Tower,21,11,0,3,35,0,17,4,3,24,21,28,4,6,59,18,4,22,81
08/25/2020,LIH,HI,AWP,WE,Federal Contract Tower,21,11,0,1,33,0,7,13,0,20,21,18,13,1,53,34,8,42,95
08/26/2020,LIH,HI,AWP,WE,Federal Contract Tower,19,9,1,4,33,0,5,7,4,16,19,14,8,8,49,24,0,24,73
08/27/2020,LIH,HI,AWP,WE,Federal Contract Tower,20,16,1,0,37,0,12,4,1,17,20,28,5,1,54,4,28,32,86
08/28/2020,LIH,HI,AWP,WE,Federal Contract Tower,18,9,0,7,34,0,9,8,5,22,18,18,8,12,56,30,8,38,94
08/29/2020,LIH,HI,AWP,WE,Federal Contract Tower,20,1,1,0,22,0,5,5,0,10,20,6,6,0,32,0,0,0,32
08/30/2020,LIH,HI,AWP,WE,Federal Contract Tower,16,8,0,0,24,0,1,1,0,2,16,9,1,0,26,6,0,6,32
08/31/2020,LIH,HI,AWP,WE,Federal Contract Tower,21,13,6,4,44,0,22,3,0,25,21,35,9,4,69,6,12,18,87
09/01/2020,LIH,HI,AWP,WE,Federal Contract Tower,17,11,3,5,36,0,1,4,1,6,17,12,7,6,42,4,6,10,52
09/02/2020,LIH,HI,AWP,WE,Federal Contract Tower,18,8,4,5,35,0,9,6,1,16,18,17,10,6,51,6,8,14,65
09/03/2020,LIH,HI,AWP,WE,Federal Contract Tower,18,12,3,2,35,0,15,8,0,23,18,27,11,2,58,36,12,48,106
09/04/2020,LIH,HI,AWP,WE,Federal Contract Tower,18,15,2,0,35,0,9,3,0,12,18,24,5,0,47,34,0,34,81
09/05/2020,LIH,HI,AWP,WE,Federal Contract Tower,20,3,0,0,23,0,3,12,0,15,20,6,12,0,38,10,0,10,48
09/06/2020,LIH,HI,AWP,WE,Federal Contract Tower,15,2,1,0,18,1,4,7,0,12,16,6,8,0,30,66,0,66,96
09/07/2020,LIH,HI,AWP,WE,Federal Contract Tower,17,5,1,0,23,0,22,5,0,27,17,27,6,0,50,28,0,28,78
09/08/2020,LIH,HI,AWP,WE,Federal Contract Tower,14,13,7,4,38,0,22,20,2,44,14,35,27,6,82,60,0,60,142
09/09/2020,LIH,HI,AWP,WE,Federal Contract Tower,17,5,5,7,34,0,17,7,0,24,17,22,12,7,58,12,0,12,70
09/10/2020,LIH,HI,AWP,WE,Federal Contract Tower,19,12,2,4,37,0,18,9,2,29,19,30,11,6,66,39,1,40,106
09/11/2020,LIH,HI,AWP,WE,Federal Contract Tower,17,15,0,1,33,1,25,7,1,34,18,40,7,2,67,52,1,53,120
09/12/2020,LIH,HI,AWP,WE,Federal Contract Tower,19,1,2,1,23,0,6,8,0,14,19,7,10,1,37,24,0,24,61
09/13/2020,LIH,HI,AWP,WE,Federal Contract Tower,14,5,3,0,22,0,5,9,0,14,14,10,12,0,36,21,0,21,57
09/14/2020,LIH,HI,AWP,WE,Federal Contract Tower,19,9,3,0,31,0,14,22,0,36,19,23,25,0,67,30,0,30,97
09/15/2020,LIH,HI,AWP,WE,Federal Contract Tower,16,13,0,14,43,0,17,10,2,29,16,30,10,16,72,42,6,48,120
09/16/2020,LIH,HI,AWP,WE,Federal Contract Tower,16,7,4,11,38,0,16,8,4,28,16,23,12,15,66,14,8,22,88
09/17/2020,LIH,HI,AWP,WE,Federal Contract Tower,17,12,3,7,39,0,4,2,4,10,17,16,5,11,49,0,4,4,53
09/18/2020,LIH,HI,AWP,WE,Federal Contract Tower,16,15,3,3,37,0,14,8,2,24,16,29,11,5,61,34,0,34,95
09/19/2020,LIH,HI,AWP,WE,Federal Contract Tower,20,4,4,0,28,0,6,7,0,13,20,10,11,0,41,16,0,16,57
09/20/2020,LIH,HI,AWP,WE,Federal Contract Tower,18,1,0,3,22,0,0,12,4,16,18,1,12,7,38,24,0,24,62
09/21/2020,LIH,HI,AWP,WE,Federal Contract Tower,20,12,0,0,32,0,28,6,0,34,20,40,6,0,66,70,0,70,136
09/22/2020,LIH,HI,AWP,WE,Federal Contract Tower,17,15,11,0,43,0,18,9,0,27,17,33,20,0,70,38,0,38,108
09/23/2020,LIH,HI,AWP,WE,Federal Contract Tower,17,2,1,0,20,0,13,12,6,31,17,15,13,6,51,12,0,12,63
09/24/2020,LIH,HI,AWP,WE,Federal Contract Tower,14,13,0,11,38,0,7,4,0,11,14,20,4,11,49,30,0,30,79
09/25/2020,LIH,HI,AWP,WE,Federal Contract Tower,21,17,0,4,42,0,6,1,1,8,21,23,1,5,50,16,10,26,76
09/26/2020,LIH,HI,AWP,WE,Federal Contract Tower,24,2,0,0,26,0,9,23,0,32,24,11,23,0,58,12,8,20,78
09/27/2020,LIH,HI,AWP,WE,Federal Contract Tower,14,3,0,0,17,0,1,24,0,25,14,4,24,0,42,10,0,10,52
09/28/2020,LIH,HI,AWP,WE,Federal Contract Tower,19,11,1,3,34,0,2,5,1,8,19,13,6,4,42,26,21,47,89
09/29/2020,LIH,HI,AWP,WE,Federal Contract Tower,16,8,0,3,27,0,15,6,1,22,16,23,6,4,49,16,0,16,65
09/30/2020,LIH,HI,AWP,WE,Federal Contract Tower,17,6,1,3,27,0,16,11,0,27,17,22,12,3,54,4,0,4,58
10/01/2020,LIH,HI,AWP,WE,Federal Contract Tower,17,8,0,0,25,0,15,6,0,21,17,23,6,0,46,2,0,2,48
10/02/2020,LIH,HI,AWP,WE,Federal Contract Tower,21,8,6,0,35,0,20,3,0,23,21,28,9,0,58,10,2,12,70
10/03/2020,LIH,HI,AWP,WE,Federal Contract Tower,15,7,3,0,25,0,14,6,0,20,15,21,9,0,45,8,0,8,53
10/04/2020,LIH,HI,AWP,WE,Federal Contract Tower,13,4,1,0,18,0,1,6,0,7,13,5,7,0,25,9,0,9,34
10/05/2020,LIH,HI,AWP,WE,Federal Contract Tower,24,9,2,6,41,0,17,4,0,21,24,26,6,6,62,9,0,9,71
10/06/2020,LIH,HI,AWP,WE,Federal Contract Tower,18,10,5,12,45,0,16,3,1,20,18,26,8,13,65,6,0,6,71
10/07/2020,LIH,HI,AWP,WE,Federal Contract Tower,20,4,0,6,30,0,5,6,0,11,20,9,6,6,41,0,0,0,41
10/08/2020,LIH,HI,AWP,WE,Federal Contract Tower,20,15,2,8,45,0,18,6,0,24,20,33,8,8,69,6,0,6,75
10/09/2020,LIH,HI,AWP,WE,Federal Contract Tower,19,11,2,4,36,0,11,4,0,15,19,22,6,4,51,12,4,16,67
10/10/2020,LIH,HI,AWP,WE,Federal Contract Tower,15,4,0,7,26,0,4,10,6,20,15,8,10,13,46,2,0,2,48
10/11/2020,LIH,HI,AWP,WE,Federal Contract Tower,18,1,2,0,21,0,4,6,0,10,18,5,8,0,31,16,0,16,47
10/12/2020,LIH,HI,AWP,WE,Federal Contract Tower,19,8,1,0,28,0,12,2,0,14,19,20,3,0,42,6,0,6,48
10/13/2020,LIH,HI,AWP,WE,Federal Contract Tower,22,10,3,7,42,0,18,9,2,29,22,28,12,9,71,26,0,26,97
10/14/2020,LIH,HI,AWP,WE,Federal Contract Tower,23,6,4,7,40,0,10,12,5,27,23,16,16,12,67,0,0,0,67
10/15/2020,LIH,HI,AWP,WE,Federal Contract Tower,39,11,3,1,54,0,10,3,0,13,39,21,6,1,67,8,6,14,81
10/16/2020,LIH,HI,AWP,WE,Federal Contract Tower,35,23,4,2,64,0,8,3,10,21,35,31,7,12,85,2,0,2,87
10/17/2020,LIH,HI,AWP,WE,Federal Contract Tower,34,2,5,0,41,0,3,3,0,6,34,5,8,0,47,0,0,0,47
10/18/2020,LIH,HI,AWP,WE,Federal Contract Tower,37,2,2,0,41,0,6,2,0,8,37,8,4,0,49,0,0,0,49
10/19/2020,LIH,HI,AWP,WE,Federal Contract Tower,41,14,4,6,65,0,36,7,0,43,41,50,11,6,108,6,12,18,126
10/20/2020,LIH,HI,AWP,WE,Federal Contract Tower,43,12,1,0,56,0,4,3,0,7,43,16,4,0,63,12,0,12,75
10/21/2020,LIH,HI,AWP,WE,Federal Contract Tower,37,8,4,6,55,0,18,5,1,24,37,26,9,7,79,0,0,0,79
10/22/2020,LIH,HI,AWP,WE,Federal Contract Tower,46,17,0,0,63,0,70,11,0,81,46,87,11,0,144,23,2,25,169
10/23/2020,LIH,HI,AWP,WE,Federal Contract Tower,43,14,3,0,60,0,27,1,0,28,43,41,4,0,88,7,0,7,95
10/24/2020,LIH,HI,AWP,WE,Federal Contract Tower,30,10,5,0,45,0,25,13,0,38,30,35,18,0,83,0,0,0,83
10/25/2020,LIH,HI,AWP,WE,Federal Contract Tower,43,4,3,0,50,0,10,4,0,14,43,14,7,0,64,0,0,0,64
10/26/2020,LIH,HI,AWP,WE,Federal Contract Tower,38,11,2,4,55,0,30,11,1,42,38,41,13,5,97,22,0,22,119
10/27/2020,LIH,HI,AWP,WE,Federal Contract Tower,40,11,9,8,68,0,36,11,0,47,40,47,20,8,115,36,0,36,151
10/28/2020,LIH,HI,AWP,WE,Federal Contract Tower,36,21,8,0,65,0,15,5,0,20,36,36,13,0,85,24,0,24,109
10/29/2020,LIH,HI,AWP,WE,Federal Contract Tower,34,18,3,2,57,0,46,19,0,65,34,64,22,2,122,50,0,50,172
10/30/2020,LIH,HI,AWP,WE,Federal Contract Tower,31,17,1,0,49,0,62,25,0,87,31,79,26,0,136,50,0,50,186
10/31/2020,LIH,HI,AWP,WE,Federal Contract Tower,29,3,3,0,35,0,20,6,0,26,29,23,9,0,61,30,0,30,91
11/01/2020,LIH,HI,AWP,WE,Federal Contract Tower,32,6,4,0,42,0,22,6,0,28,32,28,10,0,70,34,0,34,104
11/02/2020,LIH,HI,AWP,WE,Federal Contract Tower,37,6,2,8,53,0,63,6,0,69,37,69,8,8,122,14,0,14,136
11/03/2020,LIH,HI,AWP,WE,Federal Contract Tower,32,13,1,8,54,0,23,13,5,41,32,36,14,13,95,38,0,38,133
11/04/2020,LIH,HI,AWP,WE,Federal Contract Tower,37,5,2,0,44,0,16,7,0,23,37,21,9,0,67,14,0,14,81
11/05/2020,LIH,HI,AWP,WE,Federal Contract Tower,41,12,2,0,55,0,30,2,0,32,41,42,4,0,87,26,0,26,113
11/06/2020,LIH,HI,AWP,WE,Federal Contract Tower,40,11,3,0,54,0,82,7,0,89,40,93,10,0,143,0,0,0,143
11/07/2020,LIH,HI,AWP,WE,Federal Contract Tower,34,6,2,0,42,0,22,12,0,34,34,28,14,0,76,14,4,18,94
11/08/2020,LIH,HI,AWP,WE,Federal Contract Tower,37,8,8,0,53,0,23,10,0,33,37,31,18,0,86,18,0,18,104
11/09/2020,LIH,HI,AWP,WE,Federal Contract Tower,39,13,2,2,56,0,40,20,0,60,39,53,22,2,116,41,0,41,157
11/10/2020,LIH,HI,AWP,WE,Federal Contract Tower,42,14,4,1,61,0,49,11,4,64,42,63,15,5,125,28,0,28,153
11/11/2020,LIH,HI,AWP,WE,Federal Contract Tower,40,3,3,3,49,0,28,4,1,33,40,31,7,4,82,0,0,0,82
11/12/2020,LIH,HI,AWP,WE,Federal Contract Tower,38,16,1,5,60,0,43,12,1,56,38,59,13,6,116,38,0,38,154
11/13/2020,LIH,HI,AWP,WE,Federal Contract Tower,45,10,5,4,64,0,58,7,1,66,45,68,12,5,130,21,0,21,151
11/14/2020,LIH,HI,AWP,WE,Federal Contract Tower,38,7,4,0,49,0,46,7,0,53,38,53,11,0,102,20,0,20,122
11/15/2020,LIH,HI,AWP,WE,Federal Contract Tower,34,0,2,0,36,0,21,6,0,27,34,21,8,0,63,0,0,0,63
11/16/2020,LIH,HI,AWP,WE,Federal Contract Tower,37,8,3,11,59,0,74,11,4,89,37,82,14,15,148,2,5,7,155
11/17/2020,LIH,HI,AWP,WE,Federal Contract Tower,38,15,3,1,57,0,47,20,1,68,38,62,23,2,125,46,0,46,171
11/18/2020,LIH,HI,AWP,WE,Federal Contract Tower,50,11,1,2,64,0,5,0,0,5,50,16,1,2,69,2,0,2,71
11/19/2020,LIH,HI,AWP,WE,Federal Contract Tower,47,15,3,13,78,0,67,8,5,80,47,82,11,18,158,32,2,34,192
11/20/2020,LIH,HI,AWP,WE,Federal Contract Tower,48,14,4,0,66,0,51,3,0,54,48,65,7,0,120,30,0,30,150
11/21/2020,LIH,HI,AWP,WE,Federal Contract Tower,47,6,8,0,61,0,0,0,0,0,47,6,8,0,61,0,0,0,61
11/22/2020,LIH,HI,AWP,WE,Federal Contract Tower,46,5,2,0,53,0,30,3,7,40,46,35,5,7,93,8,4,12,105
11/23/2020,LIH,HI,AWP,WE,Federal Contract Tower,49,8,0,2,59,0,60,9,0,69,49,68,9,2,128,12,0,12,140
11/24/2020,LIH,HI,AWP,WE,Federal Contract Tower,55,8,2,7,72,0,34,5,1,40,55,42,7,8,112,10,0,10,122
11/25/2020,LIH,HI,AWP,WE,Federal Contract Tower,51,9,2,2,64,0,25,2,0,27,51,34,4,2,91,6,0,6,97
11/26/2020,LIH,HI,AWP,WE,Federal Contract Tower,42,4,0,0,46,0,23,3,0,26,42,27,3,0,72,20,0,20,92
11/27/2020,LIH,HI,AWP,WE,Federal Contract Tower,45,9,4,0,58,0,100,14,0,114,45,109,18,0,172,28,0,28,200
11/28/2020,LIH,HI,AWP,WE,Federal Contract Tower,49,13,5,0,67,0,82,19,0,101,49,95,24,0,168,0,0,0,168
11/29/2020,LIH,HI,AWP,WE,Federal Contract Tower,45,7,1,0,53,0,45,7,0,52,45,52,8,0,105,18,0,18,123
11/30/2020,LIH,HI,AWP,WE,Federal Contract Tower,50,12,6,3,71,0,70,7,3,80,50,82,13,6,151,31,0,31,182
12/01/2020,LIH,HI,AWP,WE,Federal Contract Tower,46,10,1,16,73,0,74,13,1,88,46,84,14,17,161,28,4,32,193
12/02/2020,LIH,HI,AWP,WE,Federal Contract Tower,32,5,1,2,40,0,47,9,2,58,32,52,10,4,98,10,8,18,116
12/03/2020,LIH,HI,AWP,WE,Federal Contract Tower,24,6,2,4,36,0,44,9,2,55,24,50,11,6,91,8,0,8,99
12/04/2020,LIH,HI,AWP,WE,Federal Contract Tower,29,5,0,0,34,0,54,4,5,63,29,59,4,5,97,32,0,32,129
12/05/2020,LIH,HI,AWP,WE,Federal Contract Tower,33,2,1,2,38,0,32,12,0,44,33,34,13,2,82,2,0,2,84
12/06/2020,LIH,HI,AWP,WE,Federal Contract Tower,22,4,4,6,36,0,6,10,5,21,22,10,14,11,57,0,4,4,61
12/07/2020,LIH,HI,AWP,WE,Federal Contract Tower,28,13,2,13,56,5,14,12,0,31,33,27,14,13,87,0,4,4,91
12/08/2020,LIH,HI,AWP,WE,Federal Contract Tower,26,6,0,7,39,0,31,12,3,46,26,37,12,10,85,50,0,50,135
12/09/2020,LIH,HI,AWP,WE,Federal Contract Tower,25,7,3,1,36,0,22,9,0,31,25,29,12,1,67,16,0,16,83
12/10/2020,LIH,HI,AWP,WE,Federal Contract Tower,28,5,2,0,35,0,16,4,2,22,28,21,6,2,57,20,0,20,77
12/11/2020,LIH,HI,AWP,WE,Federal Contract Tower,25,7,0,4,36,0,12,11,0,23,25,19,11,4,59,21,0,21,80
12/12/2020,LIH,HI,AWP,WE,Federal Contract Tower,19,3,1,0,23,0,7,14,1,22,19,10,15,1,45,8,6,14,59
12/13/2020,LIH,HI,AWP,WE,Federal Contract Tower,17,5,4,0,26,0,8,20,0,28,17,13,24,0,54,30,0,30,84
12/14/2020,LIH,HI,AWP,WE,Federal Contract Tower,22,6,6,0,34,0,14,7,0,21,22,20,13,0,55,0,0,0,55
12/15/2020,LIH,HI,AWP,WE,Federal Contract Tower,19,4,1,0,24,0,21,2,6,29,19,25,3,6,53,2,18,20,73
12/16/2020,LIH,HI,AWP,WE,Federal Contract Tower,18,3,3,4,28,0,24,5,1,30,18,27,8,5,58,0,4,4,62
12/17/2020,LIH,HI,AWP,WE,Federal Contract Tower,22,14,7,12,55,0,18,7,4,29,22,32,14,16,84,10,8,18,102
12/18/2020,LIH,HI,AWP,WE,Federal Contract Tower,21,5,1,0,27,0,22,3,0,25,21,27,4,0,52,8,0,8,60
12/19/2020,LIH,HI,AWP,WE,Federal Contract Tower,19,5,3,0,27,0,11,8,0,19,19,16,11,0,46,18,0,18,64
12/20/2020,LIH,HI,AWP,WE,Federal Contract Tower,16,6,5,0,27,0,1,2,0,3,16,7,7,0,30,16,0,16,46
12/21/2020,LIH,HI,AWP,WE,Federal Contract Tower,23,9,0,6,38,0,19,2,0,21,23,28,2,6,59,0,0,0,59
12/22/2020,LIH,HI,AWP,WE,Federal Contract Tower,21,8,5,4,38,0,13,6,0,19,21,21,11,4,57,10,0,10,67
12/23/2020,LIH,HI,AWP,WE,Federal Contract Tower,20,8,2,0,30,0,26,10,0,36,20,34,12,0,66,18,0,18,84
12/24/2020,LIH,HI,AWP,WE,Federal Contract Tower,17,1,3,0,21,0,10,5,0,15,17,11,8,0,36,10,0,10,46
12/25/2020,LIH,HI,AWP,WE,Federal Contract Tower,17,3,0,0,20,0,0,0,0,0,17,3,0,0,20,0,0,0,20
12/26/2020,LIH,HI,AWP,WE,Federal Contract Tower,14,5,9,0,28,0,7,6,0,13,14,12,15,0,41,12,0,12,53
12/27/2020,LIH,HI,AWP,WE,Federal Contract Tower,17,1,5,0,23,0,4,0,4,8,17,5,5,4,31,2,0,2,33
12/28/2020,LIH,HI,AWP,WE,Federal Contract Tower,18,9,0,0,27,0,16,6,0,22,18,25,6,0,49,6,0,6,55
12/29/2020,LIH,HI,AWP,WE,Federal Contract Tower,17,6,0,2,25,0,15,7,0,22,17,21,7,2,47,6,0,6,53
12/30/2020,LIH,HI,AWP,WE,Federal Contract Tower,19,7,5,0,31,0,9,5,0,14,19,16,10,0,45,18,0,18,63
12/31/2020,LIH,HI,AWP,WE,Federal Contract Tower,20,1,0,0,21,0,5,0,0,5,20,6,0,0,26,48,0,48,74
01/01/2021,LIH,HI,AWP,WE,Federal Contract Tower,16,0,1,0,17,0,0,0,0,0,16,0,1,0,17,0,0,0,17
01/02/2021,LIH,HI,AWP,WE,Federal Contract Tower,12,4,1,0,17,0,6,10,0,16,12,10,11,0,33,60,0,60,93
01/03/2021,LIH,HI,AWP,WE,Federal Contract Tower,17,1,4,0,22,0,5,2,0,7,17,6,6,0,29,46,0,46,75
01/04/2021,LIH,HI,AWP,WE,Federal Contract Tower,16,11,3,3,33,0,11,12,1,24,16,22,15,4,57,14,0,14,71
01/05/2021,LIH,HI,AWP,WE,Federal Contract Tower,20,12,13,2,47,0,9,5,2,16,20,21,18,4,63,18,0,18,81
01/06/2021,LIH,HI,AWP,WE,Federal Contract Tower,21,10,1,0,32,0,13,5,0,18,21,23,6,0,50,28,0,28,78
01/07/2021,LIH,HI,AWP,WE,Federal Contract Tower,24,11,2,4,41,0,10,4,0,14,24,21,6,4,55,2,0,2,57
01/08/2021,LIH,HI,AWP,WE,Federal Contract Tower,24,15,2,2,43,0,23,12,0,35,24,38,14,2,78,50,0,50,128
01/09/2021,LIH,HI,AWP,WE,Federal Contract Tower,19,11,4,0,34,0,12,4,0,16,19,23,8,0,50,6,0,6,56
01/10/2021,LIH,HI,AWP,WE,Federal Contract Tower,21,11,6,0,38,0,4,3,0,7,21,15,9,0,45,2,0,2,47
01/11/2021,LIH,HI,AWP,WE,Federal Contract Tower,23,10,8,13,54,0,25,13,2,40,23,35,21,15,94,58,0,58,152
01/12/2021,LIH,HI,AWP,WE,Federal Contract Tower,16,16,1,7,40,0,21,12,4,37,16,37,13,11,77,4,20,24,101
01/13/2021,LIH,HI,AWP,WE,Federal Contract Tower,21,7,6,4,38,0,9,6,0,15,21,16,12,4,53,0,10,10,63
01/14/2021,LIH,HI,AWP,WE,Federal Contract Tower,21,10,2,6,39,0,12,3,1,16,21,22,5,7,55,16,8,24,79
01/15/2021,LIH,HI,AWP,WE,Federal Contract Tower,24,18,5,8,55,0,11,23,0,34,24,29,28,8,89,10,0,10,99
01/16/2021,LIH,HI,AWP,WE,Federal Contract Tower,20,9,1,0,30,0,3,8,0,11,20,12,9,0,41,0,0,0,41
01/17/2021,LIH,HI,AWP,WE,Federal Contract Tower,21,0,0,0,21,0,2,10,0,12,21,2,10,0,33,0,0,0,33
01/18/2021,LIH,HI,AWP,WE,Federal Contract Tower,21,9,1,0,31,0,1,0,0,1,21,10,1,0,32,0,0,0,32
01/19/2021,LIH,HI,AWP,WE,Federal Contract Tower,25,18,1,0,44,0,0,0,0,0,25,18,1,0,44,0,0,0,44
01/20/2021,LIH,HI,AWP,WE,Federal Contract Tower,25,7,0,4,36,0,5,7,0,12,25,12,7,4,48,2,2,4,52
01/21/2021,LIH,HI,AWP,WE,Federal Contract Tower,22,10,2,5,39,0,18,5,0,23,22,28,7,5,62,14,6,20,82
01/22/2021,LIH,HI,AWP,WE,Federal Contract Tower,22,13,0,5,40,0,19,5,1,25,22,32,5,6,65,23,0,23,88
01/23/2021,LIH,HI,AWP,WE,Federal Contract Tower,21,3,2,0,26,0,3,1,0,4,21,6,3,0,30,0,0,0,30
01/24/2021,LIH,HI,AWP,WE,Federal Contract Tower,18,0,3,0,21,0,4,0,0,4,18,4,3,0,25,0,0,0,25
01/25/2021,LIH,HI,AWP,WE,Federal Contract Tower,21,13,5,1,40,0,3,0,1,4,21,16,5,2,44,28,0,28,72
01/26/2021,LIH,HI,AWP,WE,Federal Contract Tower,22,13,3,12,50,0,6,0,0,6,22,19,3,12,56,15,2,17,73
01/27/2021,LIH,HI,AWP,WE,Federal Contract Tower,21,6,11,0,38,0,11,4,0,15,21,17,15,0,53,2,0,2,55
01/28/2021,LIH,HI,AWP,WE,Federal Contract Tower,22,7,0,6,35,0,14,3,0,17,22,21,3,6,52,6,4,10,62
01/29/2021,LIH,HI,AWP,WE,Federal Contract Tower,19,19,2,2,42,0,17,7,0,24,19,36,9,2,66,16,0,16,82
01/30/2021,LIH,HI,AWP,WE,Federal Contract Tower,20,7,3,0,30,0,7,3,0,10,20,14,6,0,40,0,0,0,40
01/31/2021,LIH,HI,AWP,WE,Federal Contract Tower,20,6,1,8,35,0,12,3,6,21,20,18,4,14,56,30,0,30,86
02/01/2021,LIH,HI,AWP,WE,Federal Contract Tower,19,11,7,6,43,0,10,4,0,14,19,21,11,6,57,28,0,28,85
02/02/2021,LIH,HI,AWP,WE,Federal Contract Tower,18,19,1,3,41,0,12,8,3,23,18,31,9,6,64,14,9,23,87
02/03/2021,LIH,HI,AWP,WE,Federal Contract Tower,21,8,0,0,29,0,7,2,0,9,21,15,2,0,38,0,0,0,38
02/04/2021,LIH,HI,AWP,WE,Federal Contract Tower,19,12,0,6,37,0,34,1,1,36,19,46,1,7,73,44,18,62,135
02/05/2021,LIH,HI,AWP,WE,Federal Contract Tower,20,14,3,0,37,0,42,8,0,50,20,56,11,0,87,48,0,48,135
02/06/2021,LIH,HI,AWP,WE,Federal Contract Tower,17,3,1,0,21,0,32,3,0,35,17,35,4,0,56,12,0,12,68
02/07/2021,LIH,HI,AWP,WE,Federal Contract Tower,16,2,5,0,23,0,7,1,3,11,16,9,6,3,34,0,0,0,34
02/08/2021,LIH,HI,AWP,WE,Federal Contract Tower,18,13,2,6,39,0,22,2,0,24,18,35,4,6,63,4,0,4,67
02/09/2021,LIH,HI,AWP,WE,Federal Contract Tower,19,8,2,7,36,0,10,5,5,20,19,18,7,12,56,10,0,10,66
02/10/2021,LIH,HI,AWP,WE,Federal Contract Tower,21,7,3,16,47,0,15,2,1,18,21,22,5,17,65,12,0,12,77
02/11/2021,LIH,HI,AWP,WE,Federal Contract Tower,19,10,5,3,37,0,40,1,1,42,19,50,6,4,79,24,0,24,103
02/12/2021,LIH,HI,AWP,WE,Federal Contract Tower,21,13,1,0,35,0,50,8,1,59,21,63,9,1,94,40,2,42,136
02/13/2021,LIH,HI,AWP,WE,Federal Contract Tower,16,5,7,0,28,0,35,5,0,40,16,40,12,0,68,44,0,44,112
02/14/2021,LIH,HI,AWP,WE,Federal Contract Tower,17,5,0,0,22,0,48,8,0,56,17,53,8,0,78,0,0,0,78
02/15/2021,LIH,HI,AWP,WE,Federal Contract Tower,24,11,2,0,37,0,58,10,0,68,24,69,12,0,105,6,0,6,111
02/16/2021,LIH,HI,AWP,WE,Federal Contract Tower,22,19,5,12,58,0,10,0,5,15,22,29,5,17,73,0,4,4,77
02/17/2021,LIH,HI,AWP,WE,Federal Contract Tower,25,13,1,0,39,0,1,0,0,1,25,14,1,0,40,0,0,0,40
02/18/2021,LIH,HI,AWP,WE,Federal Contract Tower,20,13,0,2,35,0,21,0,0,21,20,34,0,2,56,10,0,10,66
02/19/2021,LIH,HI,AWP,WE,Federal Contract Tower,20,10,2,5,37,0,11,0,2,13,20,21,2,7,50,2,0,2,52
02/20/2021,LIH,HI,AWP,WE,Federal Contract Tower,21,6,2,2,31,0,27,10,0,37,21,33,12,2,68,4,0,4,72
02/21/2021,LIH,HI,AWP,WE,Federal Contract Tower,20,3,3,3,29,0,16,9,0,25,20,19,12,3,54,2,30,32,86
02/22/2021,LIH,HI,AWP,WE,Federal Contract Tower,25,8,18,6,57,0,49,15,1,65,25,57,33,7,122,24,0,24,146
02/23/2021,LIH,HI,AWP,WE,Federal Contract Tower,25,14,12,4,55,0,18,2,0,20,25,32,14,4,75,16,0,16,91
02/24/2021,LIH,HI,AWP,WE,Federal Contract Tower,25,6,5,2,38,0,30,9,0,39,25,36,14,2,77,38,0,38,115
02/25/2021,LIH,HI,AWP,WE,Federal Contract Tower,27,11,1,0,39,0,24,2,0,26,27,35,3,0,65,14,0,14,79
02/26/2021,LIH,HI,AWP,WE,Federal Contract Tower,25,9,1,2,37,0,43,8,0,51,25,52,9,2,88,34,0,34,122
02/27/2021,LIH,HI,AWP,WE,Federal Contract Tower,22,4,7,0,33,0,8,11,0,19,22,12,18,0,52,2,0,2,54
02/28/2021,LIH,HI,AWP,WE,Federal Contract Tower,21,5,0,0,26,0,9,2,0,11,21,14,2,0,37,10,0,10,47
03/01/2021,LIH,HI,AWP,WE,Federal Contract Tower,25,11,0,2,38,0,16,4,0,20,25,27,4,2,58,12,0,12,70
03/02/2021,LIH,HI,AWP,WE,Federal Contract Tower,22,17,1,1,41,0,23,7,1,31,22,40,8,2,72,8,0,8,80
03/03/2021,LIH,HI,AWP,WE,Federal Contract Tower,21,4,1,0,26,0,53,4,2,59,21,57,5,2,85,27,8,35,120
03/04/2021,LIH,HI,AWP,WE,Federal Contract Tower,23,11,2,2,38,0,50,6,5,61,23,61,8,7,99,12,0,12,111
03/05/2021,LIH,HI,AWP,WE,Federal Contract Tower,24,18,7,1,50,0,32,9,4,45,24,50,16,5,95,8,0,8,103
03/06/2021,LIH,HI,AWP,WE,Federal Contract Tower,19,9,7,0,35,0,2,1,0,3,19,11,8,0,38,2,0,2,40
03/07/2021,LIH,HI,AWP,WE,Federal Contract Tower,15,1,2,0,18,0,15,7,0,22,15,16,9,0,40,34,0,34,74
03/08/2021,LIH,HI,AWP,WE,Federal Contract Tower,24,16,2,6,48,0,3,6,0,9,24,19,8,6,57,6,0,6,63
03/09/2021,LIH,HI,AWP,WE,Federal Contract Tower,23,9,3,6,41,0,4,0,0,4,23,13,3,6,45,0,0,0,45
03/10/2021,LIH,HI,AWP,WE,Federal Contract Tower,24,4,1,3,32,0,9,4,0,13,24,13,5,3,45,2,0,2,47
03/11/2021,LIH,HI,AWP,WE,Federal Contract Tower,27,11,1,0,39,0,29,5,0,34,27,40,6,0,73,9,0,9,82
03/12/2021,LIH,HI,AWP,WE,Federal Contract Tower,28,11,3,1,43,0,6,0,0,6,28,17,3,1,49,2,0,2,51
03/13/2021,LIH,HI,AWP,WE,Federal Contract Tower,24,3,8,6,41,0,4,8,6,18,24,7,16,12,59,0,0,0,59
03/14/2021,LIH,HI,AWP,WE,Federal Contract Tower,22,3,3,5,33,0,4,1,0,5,22,7,4,5,38,0,0,0,38
03/15/2021,LIH,HI,AWP,WE,Federal Contract Tower,26,12,4,6,48,0,30,10,0,40,26,42,14,6,88,32,3,35,123
03/16/2021,LIH,HI,AWP,WE,Federal Contract Tower,21,18,0,6,45,0,4,0,0,4,21,22,0,6,49,0,0,0,49
03/17/2021,LIH,HI,AWP,WE,Federal Contract Tower,27,9,3,6,45,0,87,14,5,106,27,96,17,11,151,18,4,22,173
03/18/2021,LIH,HI,AWP,WE,Federal Contract Tower,25,16,3,0,44,0,26,0,0,26,25,42,3,0,70,0,0,0,70
03/19/2021,LIH,HI,AWP,WE,Federal Contract Tower,28,16,4,0,48,0,71,4,0,75,28,87,8,0,123,20,0,20,143
03/20/2021,LIH,HI,AWP,WE,Federal Contract Tower,28,6,3,0,37,0,7,13,0,20,28,13,16,0,57,18,0,18,75
03/21/2021,LIH,HI,AWP,WE,Federal Contract Tower,24,0,0,0,24,0,21,4,0,25,24,21,4,0,49,2,0,2,51
03/22/2021,LIH,HI,AWP,WE,Federal Contract Tower,25,14,6,18,63,0,65,14,0,79,25,79,20,18,142,20,6,26,168
03/23/2021,LIH,HI,AWP,WE,Federal Contract Tower,22,25,1,0,48,0,80,13,3,96,22,105,14,3,144,6,0,6,150
03/24/2021,LIH,HI,AWP,WE,Federal Contract Tower,23,16,0,0,39,0,33,0,0,33,23,49,0,0,72,6,1,7,79
03/25/2021,LIH,HI,AWP,WE,Federal Contract Tower,22,9,3,0,34,0,29,3,0,32,22,38,6,0,66,0,4,4,70
03/26/2021,LIH,HI,AWP,WE,Federal Contract Tower,30,14,4,6,54,0,64,11,3,78,30,78,15,9,132,21,0,21,153
03/27/2021,LIH,HI,AWP,WE,Federal Contract Tower,27,6,2,0,35,0,45,23,0,68,27,51,25,0,103,4,0,4,107
03/28/2021,LIH,HI,AWP,WE,Federal Contract Tower,24,11,1,0,36,0,12,7,0,19,24,23,8,0,55,18,0,18,73
03/29/2021,LIH,HI,AWP,WE,Federal Contract Tower,24,14,4,5,47,0,28,6,2,36,24,42,10,7,83,10,0,10,93
03/30/2021,LIH,HI,AWP,WE,Federal Contract Tower,20,17,2,15,54,0,44,10,0,54,20,61,12,15,108,14,0,14,122
03/31/2021,LIH,HI,AWP,WE,Federal Contract Tower,26,8,3,5,42,0,57,6,7,70,26,65,9,12,112,26,8,34,146
04/01/2021,LIH,HI,AWP,WE,Federal Contract Tower,26,7,1,9,43,0,75,14,0,89,26,82,15,9,132,20,0,20,152
04/02/2021,LIH,HI,AWP,WE,Federal Contract Tower,33,9,1,1,44,0,62,4,0,66,33,71,5,1,110,10,0,10,120
04/03/2021,LIH,HI,AWP,WE,Federal Contract Tower,29,4,5,7,45,0,56,8,0,64,29,60,13,7,109,44,0,44,153
04/04/2021,LIH,HI,AWP,WE,Federal Contract Tower,25,3,1,0,29,0,18,5,0,23,25,21,6,0,52,14,0,14,66
04/05/2021,LIH,HI,AWP,WE,Federal Contract Tower,44,18,3,0,65,0,57,6,1,64,44,75,9,1,129,8,8,16,145
04/06/2021,LIH,HI,AWP,WE,Federal Contract Tower,32,14,2,8,56,0,42,5,1,48,32,56,7,9,104,14,0,14,118
04/07/2021,LIH,HI,AWP,WE,Federal Contract Tower,44,6,1,2,53,0,63,3,0,66,44,69,4,2,119,26,0,26,145
04/08/2021,LIH,HI,AWP,WE,Federal Contract Tower,44,19,1,0,64,0,123,8,0,131,44,142,9,0,195,16,0,16,211
04/09/2021,LIH,HI,AWP,WE,Federal Contract Tower,51,7,1,4,63,0,148,9,0,157,51,155,10,4,220,24,0,24,244
04/10/2021,LIH,HI,AWP,WE,Federal Contract Tower,48,4,5,2,59,0,52,12,0,64,48,56,17,2,123,18,0,18,141
04/11/2021,LIH,HI,AWP,WE,Federal Contract Tower,51,2,7,2,62,0,10,17,0,27,51,12,24,2,89,42,0,42,131
04/12/2021,LIH,HI,AWP,WE,Federal Contract Tower,53,13,0,1,67,0,126,12,0,138,53,139,12,1,205,10,20,30,235
04/13/2021,LIH,HI,AWP,WE,Federal Contract Tower,43,11,2,6,62,0,155,19,0,174,43,166,21,6,236,50,0,50,286
04/14/2021,LIH,HI,AWP,WE,Federal Contract Tower,44,4,5,3,56,0,124,35,2,161,44,128,40,5,217,32,12,44,261
04/15/2021,LIH,HI,AWP,WE,Federal Contract Tower,42,9,3,7,61,0,128,6,7,141,42,137,9,14,202,26,0,26,228
04/16/2021,LIH,HI,AWP,WE,Federal Contract Tower,48,8,6,1,63,0,73,5,0,78,48,81,11,1,141,14,4,18,159
04/17/2021,LIH,HI,AWP,WE,Federal Contract Tower,44,4,4,0,52,0,42,11,0,53,44,46,15,0,105,26,0,26,131
04/18/2021,LIH,HI,AWP,WE,Federal Contract Tower,41,6,3,0,50,0,28,7,0,35,41,34,10,0,85,6,0,6,91
04/19/2021,LIH,HI,AWP,WE,Federal Contract Tower,43,8,3,0,54,0,127,12,0,139,43,135,15,0,193,18,0,18,211
04/20/2021,LIH,HI,AWP,WE,Federal Contract Tower,40,7,1,2,50,0,63,3,0,66,40,70,4,2,116,16,0,16,132
04/21/2021,LIH,HI,AWP,WE,Federal Contract Tower,40,11,4,0,55,0,81,3,0,84,40,92,7,0,139,5,0,5,144
04/22/2021,LIH,HI,AWP,WE,Federal Contract Tower,47,7,1,4,59,0,140,13,7,160,47,147,14,11,219,37,14,51,270
04/23/2021,LIH,HI,AWP,WE,Federal Contract Tower,50,9,1,3,63,0,141,4,0,145,50,150,5,3,208,46,0,46,254
04/24/2021,LIH,HI,AWP,WE,Federal Contract Tower,36,4,4,0,44,0,61,10,0,71,36,65,14,0,115,0,0,0,115
04/25/2021,LIH,HI,AWP,WE,Federal Contract Tower,42,2,4,0,48,0,52,8,0,60,42,54,12,0,108,20,0,20,128
04/26/2021,LIH,HI,AWP,WE,Federal Contract Tower,42,9,2,2,55,0,119,7,2,128,42,128,9,4,183,24,0,24,207
04/27/2021,LIH,HI,AWP,WE,Federal Contract Tower,38,11,4,11,64,0,129,12,9,150,38,140,16,20,214,48,2,50,264
04/28/2021,LIH,HI,AWP,WE,Federal Contract Tower,44,6,3,2,55,0,63,8,0,71,44,69,11,2,126,14,6,20,146
04/29/2021,LIH,HI,AWP,WE,Federal Contract Tower,44,6,7,6,63,0,129,15,7,151,44,135,22,13,214,54,14,68,282
04/30/2021,LIH,HI,AWP,WE,Federal Contract Tower,44,14,4,0,62,0,136,4,0,140,44,150,8,0,202,63,0,63,265
05/01/2021,LIH,HI,AWP,WE,Federal Contract Tower,46,4,10,2,62,0,76,11,0,87,46,80,21,2,149,4,0,4,153
05/02/2021,LIH,HI,AWP,WE,Federal Contract Tower,43,3,8,10,64,0,45,5,0,50,43,48,13,10,114,10,8,18,132
05/03/2021,LIH,HI,AWP,WE,Federal Contract Tower,50,8,1,2,61,0,129,9,5,143,50,137,10,7,204,44,0,44,248
05/04/2021,LIH,HI,AWP,WE,Federal Contract Tower,45,7,1,6,59,0,129,14,1,144,45,136,15,7,203,22,0,22,225
05/05/2021,LIH,HI,AWP,WE,Federal Contract Tower,46,6,1,0,53,0,121,4,0,125,46,127,5,0,178,72,0,72,250
05/06/2021,LIH,HI,AWP,WE,Federal Contract Tower,47,8,2,8,65,0,155,6,3,164,47,163,8,11,229,22,4,26,255
05/07/2021,LIH,HI,AWP,WE,Federal Contract Tower,55,4,2,0,61,0,127,1,1,129,55,131,3,1,190,64,0,64,254
05/08/2021,LIH,HI,AWP,WE,Federal Contract Tower,50,11,4,1,66,0,55,6,1,62,50,66,10,2,128,28,0,28,156
05/09/2021,LIH,HI,AWP,WE,Federal Contract Tower,45,7,3,0,55,0,39,11,0,50,45,46,14,0,105,4,0,4,109
05/10/2021,LIH,HI,AWP,WE,Federal Contract Tower,53,7,3,8,71,0,141,8,2,151,53,148,11,10,222,15,0,15,237
05/11/2021,LIH,HI,AWP,WE,Federal Contract Tower,42,8,4,7,61,0,173,11,0,184,42,181,15,7,245,14,10,24,269
05/12/2021,LIH,HI,AWP,WE,Federal Contract Tower,46,7,0,8,61,0,151,6,4,161,46,158,6,12,222,16,0,16,238
05/13/2021,LIH,HI,AWP,WE,Federal Contract Tower,49,8,9,10,76,0,155,5,0,160,49,163,14,10,236,38,0,38,274
05/14/2021,LIH,HI,AWP,WE,Federal Contract Tower,55,7,9,5,76,0,190,12,0,202,55,197,21,5,278,42,6,48,326
05/15/2021,LIH,HI,AWP,WE,Federal Contract Tower,48,5,4,0,57,0,69,5,0,74,48,74,9,0,131,2,0,2,133
05/16/2021,LIH,HI,AWP,WE,Federal Contract Tower,46,4,5,0,55,0,35,10,0,45,46,39,15,0,100,24,0,24,124
05/17/2021,LIH,HI,AWP,WE,Federal Contract Tower,49,8,5,0,62,0,162,15,0,177,49,170,20,0,239,18,2,20,259
05/18/2021,LIH,HI,AWP,WE,Federal Contract Tower,46,9,4,1,60,0,127,16,3,146,46,136,20,4,206,32,0,32,238
05/19/2021,LIH,HI,AWP,WE,Federal Contract Tower,47,6,2,3,58,0,191,7,1,199,47,197,9,4,257,18,0,18,275
05/20/2021,LIH,HI,AWP,WE,Federal Contract Tower,53,7,5,2,67,0,192,12,1,205,53,199,17,3,272,26,8,34,306
05/21/2021,LIH,HI,AWP,WE,Federal Contract Tower,61,6,3,2,72,0,211,0,3,214,61,217,3,5,286,14,24,38,324
05/22/2021,LIH,HI,AWP,WE,Federal Contract Tower,50,2,2,2,56,0,75,4,0,79,50,77,6,2,135,18,0,18,153
05/23/2021,LIH,HI,AWP,WE,Federal Contract Tower,53,5,4,0,62,0,42,8,0,50,53,47,12,0,112,8,0,8,120
05/24/2021,LIH,HI,AWP,WE,Federal Contract Tower,54,11,6,0,71,0,196,14,0,210,54,207,20,0,281,28,0,28,309
05/25/2021,LIH,HI,AWP,WE,Federal Contract Tower,50,8,12,4,74,0,165,19,4,188,50,173,31,8,262,72,0,72,334
05/26/2021,LIH,HI,AWP,WE,Federal Contract Tower,55,10,3,0,68,0,175,8,2,185,55,185,11,2,253,26,0,26,279
05/27/2021,LIH,HI,AWP,WE,Federal Contract Tower,53,13,5,5,76,0,168,11,1,180,53,181,16,6,256,40,2,42,298
05/28/2021,LIH,HI,AWP,WE,Federal Contract Tower,63,2,8,1,74,0,216,4,0,220,63,218,12,1,294,76,0,76,370
05/29/2021,LIH,HI,AWP,WE,Federal Contract Tower,55,1,10,0,66,0,88,8,0,96,55,89,18,0,162,19,0,19,181
05/30/2021,LIH,HI,AWP,WE,Federal Contract Tower,52,3,3,0,58,0,54,8,0,62,52,57,11,0,120,60,0,60,180
05/31/2021,LIH,HI,AWP,WE,Federal Contract Tower,56,4,1,0,61,0,130,23,0,153,56,134,24,0,214,18,0,18,232
06/01/2021,LIH,HI,AWP,WE,Federal Contract Tower,65,11,4,6,86,0,161,16,2,179,65,172,20,8,265,24,0,24,289
06/02/2021,LIH,HI,AWP,WE,Federal Contract Tower,72,6,7,6,91,0,163,15,1,179,72,169,22,7,270,46,4,50,320
06/03/2021,LIH,HI,AWP,WE,Federal Contract Tower,80,7,3,5,95,0,84,11,4,99,80,91,14,9,194,20,0,20,214
06/04/2021,LIH,HI,AWP,WE,Federal Contract Tower,83,7,2,4,96,0,73,2,0,75,83,80,4,4,171,0,42,42,213
06/05/2021,LIH,HI,AWP,WE,Federal Contract Tower,75,5,7,0,87,0,120,10,0,130,75,125,17,0,217,34,0,34,251
06/06/2021,LIH,HI,AWP,WE,Federal Contract Tower,82,1,3,0,86,0,39,4,3,46,82,40,7,3,132,4,0,4,136
06/07/2021,LIH,HI,AWP,WE,Federal Contract Tower,84,12,3,0,99,0,161,16,0,177,84,173,19,0,276,70,0,70,346
06/08/2021,LIH,HI,AWP,WE,Federal Contract Tower,77,10,0,5,92,0,187,22,1,210,77,197,22,6,302,70,0,70,372
06/09/2021,LIH,HI,AWP,WE,Federal Contract Tower,97,7,1,0,105,0,188,11,0,199,97,195,12,0,304,24,0,24,328
06/10/2021,LIH,HI,AWP,WE,Federal Contract Tower,86,6,6,0,98,0,139,13,0,152,86,145,19,0,250,14,0,14,264
06/11/2021,LIH,HI,AWP,WE,Federal Contract Tower,81,7,7,0,95,0,197,6,0,203,81,204,13,0,298,22,0,22,320
06/12/2021,LIH,HI,AWP,WE,Federal Contract Tower,77,3,4,0,84,0,61,6,0,67,77,64,10,0,151,14,0,14,165
06/13/2021,LIH,HI,AWP,WE,Federal Contract Tower,84,4,1,2,91,0,52,10,0,62,84,56,11,2,153,34,0,34,187
06/14/2021,LIH,HI,AWP,WE,Federal Contract Tower,78,4,4,0,86,1,200,13,0,214,79,204,17,0,300,24,0,24,324
06/15/2021,LIH,HI,AWP,WE,Federal Contract Tower,81,9,4,4,98,0,190,10,0,200,81,199,14,4,298,29,6,35,333
06/16/2021,LIH,HI,AWP,WE,Federal Contract Tower,82,6,4,0,92,0,163,18,0,181,82,169,22,0,273,24,0,24,297
06/17/2021,LIH,HI,AWP,WE,Federal Contract Tower,90,5,1,2,98,0,214,27,18,259,90,219,28,20,357,10,0,10,367
06/18/2021,LIH,HI,AWP,WE,Federal Contract Tower,85,11,2,0,98,0,239,9,0,248,85,250,11,0,346,16,0,16,362
06/19/2021,LIH,HI,AWP,WE,Federal Contract Tower,75,8,7,0,90,0,132,3,0,135,75,140,10,0,225,24,0,24,249
06/20/2021,LIH,HI,AWP,WE,Federal Contract Tower,83,3,5,0,91,0,57,6,0,63,83,60,11,0,154,6,0,6,160
06/21/2021,LIH,HI,AWP,WE,Federal Contract Tower,79,4,3,7,93,0,163,12,4,179,79,167,15,11,272,24,6,30,302
06/22/2021,LIH,HI,AWP,WE,Federal Contract Tower,77,12,7,4,100,0,226,8,3,237,77,238,15,7,337,17,0,17,354
06/23/2021,LIH,HI,AWP,WE,Federal Contract Tower,86,12,3,8,109,0,227,18,5,250,86,239,21,13,359,20,8,28,387
06/24/2021,LIH,HI,AWP,WE,Federal Contract Tower,93,7,3,12,115,0,234,3,1,238,93,241,6,13,353,92,6,98,451
06/25/2021,LIH,HI,AWP,WE,Federal Contract Tower,103,5,2,1,111,0,242,0,0,242,103,247,2,1,353,64,16,80,433
06/26/2021,LIH,HI,AWP,WE,Federal Contract Tower,72,4,3,0,79,0,145,6,0,151,72,149,9,0,230,22,0,22,252
06/28/2021,LIH,HI,AWP,WE,Federal Contract Tower,83,8,4,0,95,0,212,12,0,224,83,220,16,0,319,22,0,22,341
06/29/2021,LIH,HI,AWP,WE,Federal Contract Tower,83,6,2,6,97,0,204,16,4,224,83,210,18,10,321,13,8,21,342
06/30/2021,LIH,HI,AWP,WE,Federal Contract Tower,90,3,6,2,101,0,215,15,0,230,90,218,21,2,331,34,0,34,365
07/01/2021,LIH,HI,AWP,WE,Federal Contract Tower,88,5,7,0,100,0,173,7,0,180,88,178,14,0,280,22,0,22,302
07/02/2021,LIH,HI,AWP,WE,Federal Contract Tower,88,12,1,0,101,0,171,0,0,171,88,183,1,0,272,30,0,30,302
07/03/2021,LIH,HI,AWP,WE,Federal Contract Tower,89,7,6,0,102,0,86,2,0,88,89,93,8,0,190,8,0,8,198
07/04/2021,LIH,HI,AWP,WE,Federal Contract Tower,76,4,1,0,81,0,54,19,0,73,76,58,20,0,154,2,0,2,156
07/05/2021,LIH,HI,AWP,WE,Federal Contract Tower,76,4,0,0,80,0,186,15,0,201,76,190,15,0,281,16,0,16,297
07/06/2021,LIH,HI,AWP,WE,Federal Contract Tower,80,13,6,6,105,0,205,17,2,224,80,218,23,8,329,18,11,29,358
07/07/2021,LIH,HI,AWP,WE,Federal Contract Tower,84,11,5,1,101,0,244,12,0,256,84,255,17,1,357,28,0,28,385
07/08/2021,LIH,HI,AWP,WE,Federal Contract Tower,87,9,6,0,102,0,245,3,2,250,87,254,9,2,352,30,0,30,382
07/09/2021,LIH,HI,AWP,WE,Federal Contract Tower,90,7,4,0,101,0,247,6,0,253,90,254,10,0,354,36,0,36,390
07/10/2021,LIH,HI,AWP,WE,Federal Contract Tower,84,0,1,0,85,0,152,8,0,160,84,152,9,0,245,8,0,8,253
07/12/2021,LIH,HI,AWP,WE,Federal Contract Tower,80,4,3,0,87,0,166,12,0,178,80,170,15,0,265,22,0,22,287
07/13/2021,LIH,HI,AWP,WE,Federal Contract Tower,83,9,5,2,99,0,254,6,0,260,83,263,11,2,359,18,0,18,377
07/14/2021,LIH,HI,AWP,WE,Federal Contract Tower,82,16,3,2,103,0,165,12,0,177,82,181,15,2,280,26,0,26,306
07/15/2021,LIH,HI,AWP,WE,Federal Contract Tower,90,4,5,8,107,0,188,6,3,197,90,192,11,11,304,14,0,14,318
07/16/2021,LIH,HI,AWP,WE,Federal Contract Tower,92,11,0,5,108,0,233,2,1,236,92,244,2,6,344,27,0,27,371
07/17/2021,LIH,HI,AWP,WE,Federal Contract Tower,86,3,5,3,97,0,121,9,0,130,86,124,14,3,227,20,8,28,255
07/18/2021,LIH,HI,AWP,WE,Federal Contract Tower,81,4,6,4,95,0,59,4,4,67,81,63,10,8,162,13,0,13,175
07/19/2021,LIH,HI,AWP,WE,Federal Contract Tower,86,6,4,4,100,0,148,12,3,163,86,154,16,7,263,12,0,12,275
07/20/2021,LIH,HI,AWP,WE,Federal Contract Tower,81,14,4,3,102,0,201,11,2,214,81,215,15,5,316,18,0,18,334
07/21/2021,LIH,HI,AWP,WE,Federal Contract Tower,81,13,9,8,111,0,129,7,0,136,81,142,16,8,247,20,0,20,267
07/22/2021,LIH,HI,AWP,WE,Federal Contract Tower,95,20,1,2,118,0,161,15,4,180,95,181,16,6,298,14,0,14,312
07/23/2021,LIH,HI,AWP,WE,Federal Contract Tower,82,11,2,8,103,0,176,3,0,179,82,187,5,8,282,24,2,26,308
07/25/2021,LIH,HI,AWP,WE,Federal Contract Tower,80,3,5,8,96,0,90,6,0,96,80,93,11,8,192,14,0,14,206
07/26/2021,LIH,HI,AWP,WE,Federal Contract Tower,84,9,2,1,96,0,206,10,0,216,84,215,12,1,312,22,0,22,334
07/27/2021,LIH,HI,AWP,WE,Federal Contract Tower,85,13,1,4,103,0,208,17,2,227,85,221,18,6,330,24,0,24,354
07/28/2021,LIH,HI,AWP,WE,Federal Contract Tower,86,12,6,0,104,0,236,13,2,251,86,248,19,2,355,24,0,24,379
07/29/2021,LIH,HI,AWP,WE,Federal Contract Tower,89,10,3,1,103,0,213,7,1,221,89,223,10,2,324,19,7,26,350
07/30/2021,LIH,HI,AWP,WE,Federal Contract Tower,95,1,5,1,102,0,239,5,0,244,95,240,10,1,346,35,1,36,382
07/31/2021,LIH,HI,AWP,WE,Federal Contract Tower,88,2,3,1,94,0,113,5,0,118,88,115,8,1,212,18,0,18,230
08/01/2021,LIH,HI,AWP,WE,Federal Contract Tower,89,1,9,0,99,0,50,3,0,53,89,51,12,0,152,18,0,18,170
08/02/2021,LIH,HI,AWP,WE,Federal Contract Tower,89,13,3,2,107,0,170,10,0,180,89,183,13,2,287,24,0,24,311
08/03/2021,LIH,HI,AWP,WE,Federal Contract Tower,88,12,0,7,107,0,205,7,1,213,88,217,7,8,320,14,0,14,334
08/04/2021,LIH,HI,AWP,WE,Federal Contract Tower,89,10,7,0,106,0,206,8,0,214,89,216,15,0,320,34,0,34,354
08/05/2021,LIH,HI,AWP,WE,Federal Contract Tower,92,11,7,0,110,0,208,10,0,218,92,219,17,0,328,17,0,17,345
08/06/2021,LIH,HI,AWP,WE,Federal Contract Tower,97,5,0,0,102,0,202,2,0,204,97,207,2,0,306,70,0,70,376
08/07/2021,LIH,HI,AWP,WE,Federal Contract Tower,90,0,1,0,91,0,181,8,0,189,90,181,9,0,280,31,0,31,311
08/08/2021,LIH,HI,AWP,WE,Federal Contract Tower,87,2,2,2,93,0,80,7,0,87,87,82,9,2,180,14,0,14,194
08/09/2021,LIH,HI,AWP,WE,Federal Contract Tower,91,8,3,0,102,0,203,12,0,215,91,211,15,0,317,29,0,29,346
08/10/2021,LIH,HI,AWP,WE,Federal Contract Tower,88,20,3,2,113,0,209,10,0,219,88,229,13,2,332,48,0,48,380
08/11/2021,LIH,HI,AWP,WE,Federal Contract Tower,90,11,4,2,107,0,177,16,3,196,90,188,20,5,303,24,0,24,327
08/12/2021,LIH,HI,AWP,WE,Federal Contract Tower,95,6,4,2,107,0,209,13,5,227,95,215,17,7,334,26,8,34,368
08/13/2021,LIH,HI,AWP,WE,Federal Contract Tower,99,3,0,0,102,0,206,6,2,214,99,209,6,2,316,36,0,36,352
08/14/2021,LIH,HI,AWP,WE,Federal Contract Tower,98,1,2,0,101,0,148,6,0,154,98,149,8,0,255,26,0,26,281
08/15/2021,LIH,HI,AWP,WE,Federal Contract Tower,90,2,2,2,96,0,64,4,3,71,90,66,6,5,167,12,2,14,181
08/16/2021,LIH,HI,AWP,WE,Federal Contract Tower,93,11,3,4,111,0,215,16,2,233,93,226,19,6,344,20,4,24,368
08/17/2021,LIH,HI,AWP,WE,Federal Contract Tower,89,15,3,4,111,0,171,16,4,191,89,186,19,8,302,18,0,18,320
08/18/2021,LIH,HI,AWP,WE,Federal Contract Tower,86,9,8,1,104,0,187,10,0,197,86,196,18,1,301,58,0,58,359
08/19/2021,LIH,HI,AWP,WE,Federal Contract Tower,100,10,1,2,113,0,214,13,1,228,100,224,14,3,341,28,0,28,369
08/20/2021,LIH,HI,AWP,WE,Federal Contract Tower,94,5,3,0,102,0,214,10,0,224,94,219,13,0,326,61,0,61,387
08/21/2021,LIH,HI,AWP,WE,Federal Contract Tower,90,1,5,3,99,0,144,5,8,157,90,145,10,11,256,25,0,25,281
08/23/2021,LIH,HI,AWP,WE,Federal Contract Tower,80,8,3,8,99,0,41,11,0,52,80,49,14,8,151,20,12,32,183
08/24/2021,LIH,HI,AWP,WE,Federal Contract Tower,86,11,3,12,112,0,143,13,0,156,86,154,16,12,268,23,0,23,291
08/25/2021,LIH,HI,AWP,WE,Federal Contract Tower,80,11,3,16,110,0,255,10,2,267,80,266,13,18,377,14,0,14,391
08/26/2021,LIH,HI,AWP,WE,Federal Contract Tower,95,6,0,7,108,0,246,32,0,278,95,252,32,7,386,12,0,12,398
08/27/2021,LIH,HI,AWP,WE,Federal Contract Tower,99,6,4,5,114,0,222,2,1,225,99,228,6,6,339,58,0,58,397
08/28/2021,LIH,HI,AWP,WE,Federal Contract Tower,91,4,5,0,100,0,158,3,0,161,91,162,8,0,261,23,0,23,284
08/29/2021,LIH,HI,AWP,WE,Federal Contract Tower,89,4,1,4,98,0,70,8,0,78,89,74,9,4,176,6,0,6,182
08/30/2021,LIH,HI,AWP,WE,Federal Contract Tower,87,16,1,6,110,0,139,5,1,145,87,155,6,7,255,36,4,40,295
08/31/2021,LIH,HI,AWP,WE,Federal Contract Tower,84,11,2,6,103,0,161,10,2,173,84,172,12,8,276,24,0,24,300
09/01/2021,LIH,HI,AWP,WE,Federal Contract Tower,89,12,15,4,120,0,245,9,0,254,89,257,24,4,374,28,10,38,412
09/02/2021,LIH,HI,AWP,WE,Federal Contract Tower,90,17,7,4,118,0,201,11,8,220,90,218,18,12,338,25,10,35,373
09/03/2021,LIH,HI,AWP,WE,Federal Contract Tower,93,18,4,0,115,0,177,8,0,185,93,195,12,0,300,63,2,65,365
09/04/2021,LIH,HI,AWP,WE,Federal Contract Tower,93,6,0,0,99,0,151,3,0,154,93,157,3,0,253,46,0,46,299
09/05/2021,LIH,HI,AWP,WE,Federal Contract Tower,79,1,2,4,86,0,52,5,0,57,79,53,7,4,143,14,2,16,159
09/06/2021,LIH,HI,AWP,WE,Federal Contract Tower,79,3,1,1,84,0,226,4,0,230,79,229,5,1,314,85,2,87,401
09/07/2021,LIH,HI,AWP,WE,Federal Contract Tower,80,10,1,16,107,0,202,8,2,212,80,212,9,18,319,26,2,28,347
09/08/2021,LIH,HI,AWP,WE,Federal Contract Tower,87,9,1,8,105,0,232,3,0,235,87,241,4,8,340,56,0,56,396
09/09/2021,LIH,HI,AWP,WE,Federal Contract Tower,87,9,7,6,109,0,206,2,2,210,87,215,9,8,319,64,6,70,389
09/10/2021,LIH,HI,AWP,WE,Federal Contract Tower,93,14,3,2,112,0,230,0,0,230,93,244,3,2,342,12,0,12,354
09/11/2021,LIH,HI,AWP,WE,Federal Contract Tower,86,3,3,2,94,0,140,5,0,145,86,143,8,2,239,20,5,25,264
09/12/2021,LIH,HI,AWP,WE,Federal Contract Tower,89,4,2,0,95,0,69,4,0,73,89,73,6,0,168,10,0,10,178
09/13/2021,LIH,HI,AWP,WE,Federal Contract Tower,84,7,1,3,95,0,213,2,0,215,84,220,3,3,310,23,0,23,333
09/14/2021,LIH,HI,AWP,WE,Federal Contract Tower,85,13,3,8,109,0,187,8,2,197,85,200,11,10,306,38,8,46,352
09/15/2021,LIH,HI,AWP,WE,Federal Contract Tower,90,12,3,0,105,0,160,11,2,173,90,172,14,2,278,22,10,32,310
09/16/2021,LIH,HI,AWP,WE,Federal Contract Tower,85,12,3,7,107,0,172,2,1,175,85,184,5,8,282,43,0,43,325
09/17/2021,LIH,HI,AWP,WE,Federal Contract Tower,89,16,10,2,117,0,223,2,0,225,89,239,12,2,342,14,0,14,356
09/18/2021,LIH,HI,AWP,WE,Federal Contract Tower,89,4,7,0,100,0,153,7,0,160,89,157,14,0,260,38,0,38,298
09/19/2021,LIH,HI,AWP,WE,Federal Contract Tower,84,4,2,5,95,0,6,4,0,10,84,10,6,5,105,110,0,110,215
09/20/2021,LIH,HI,AWP,WE,Federal Contract Tower,83,11,0,1,95,0,208,9,1,218,83,219,9,2,313,1,6,7,320
09/21/2021,LIH,HI,AWP,WE,Federal Contract Tower,83,11,1,7,102,0,209,12,2,223,83,220,13,9,325,37,0,37,362
09/22/2021,LIH,HI,AWP,WE,Federal Contract Tower,88,8,0,1,97,0,250,13,1,264,88,258,13,2,361,20,0,20,381
09/23/2021,LIH,HI,AWP,WE,Federal Contract Tower,88,14,0,0,102,0,216,4,0,220,88,230,4,0,322,22,2,24,346
09/24/2021,LIH,HI,AWP,WE,Federal Contract Tower,88,11,3,0,102,0,98,10,0,108,88,109,13,0,210,36,0,36,246
09/25/2021,LIH,HI,AWP,WE,Federal Contract Tower,88,5,5,4,102,0,194,14,0,208,88,199,19,4,310,22,0,22,332
09/26/2021,LIH,HI,AWP,WE,Federal Contract Tower,82,8,12,0,102,0,53,7,0,60,82,61,19,0,162,56,0,56,218
09/27/2021,LIH,HI,AWP,WE,Federal Contract Tower,87,12,2,1,102,0,254,10,0,264,87,266,12,1,366,42,0,42,408
09/28/2021,LIH,HI,AWP,WE,Federal Contract Tower,81,14,1,1,97,0,185,7,0,192,81,199,8,1,289,32,0,32,321
09/29/2021,LIH,HI,AWP,WE,Federal Contract Tower,82,12,1,12,107,0,205,13,7,225,82,217,14,19,332,70,0,70,402
09/30/2021,LIH,HI,AWP,WE,Federal Contract Tower,82,15,1,5,103,0,186,6,0,192,82,201,7,5,295,60,0,60,355
10/01/2021,LIH,HI,AWP,WE,Federal Contract Tower,86,16,6,0,108,0,188,5,1,194,86,204,11,1,302,34,0,34,336
10/02/2021,LIH,HI,AWP,WE,Federal Contract Tower,82,3,4,0,89,0,156,2,0,158,82,159,6,0,247,20,0,20,267
10/03/2021,LIH,HI,AWP,WE,Federal Contract Tower,85,3,1,0,89,0,0,3,0,3,85,3,4,0,92,0,0,0,92
10/04/2021,LIH,HI,AWP,WE,Federal Contract Tower,80,8,3,18,109,0,191,1,2,194,80,199,4,20,303,22,4,26,329
10/05/2021,LIH,HI,AWP,WE,Federal Contract Tower,83,11,1,0,95,0,189,7,0,196,83,200,8,0,291,21,0,21,312
10/06/2021,LIH,HI,AWP,WE,Federal Contract Tower,79,10,5,2,96,0,175,11,2,188,79,185,16,4,284,22,6,28,312
10/07/2021,LIH,HI,AWP,WE,Federal Contract Tower,83,8,2,3,96,0,164,9,0,173,83,172,11,3,269,24,0,24,293
10/08/2021,LIH,HI,AWP,WE,Federal Contract Tower,90,10,1,2,103,0,156,2,0,158,90,166,3,2,261,18,4,22,283
10/09/2021,LIH,HI,AWP,WE,Federal Contract Tower,87,11,5,0,103,0,116,7,0,123,87,127,12,0,226,6,0,6,232
10/10/2021,LIH,HI,AWP,WE,Federal Contract Tower,74,3,3,0,80,0,6,2,0,8,74,9,5,0,88,24,0,24,112
10/11/2021,LIH,HI,AWP,WE,Federal Contract Tower,84,11,1,0,96,0,187,13,0,200,84,198,14,0,296,18,0,18,314
10/12/2021,LIH,HI,AWP,WE,Federal Contract Tower,82,11,5,8,106,0,68,7,0,75,82,79,12,8,181,36,0,36,217
10/13/2021,LIH,HI,AWP,WE,Federal Contract Tower,82,14,2,0,98,0,157,9,0,166,82,171,11,0,264,22,4,26,290
10/14/2021,LIH,HI,AWP,WE,Federal Contract Tower,88,16,1,0,105,0,195,10,0,205,88,211,11,0,310,22,0,22,332
10/15/2021,LIH,HI,AWP,WE,Federal Contract Tower,87,19,2,0,108,0,220,13,2,235,87,239,15,2,343,40,0,40,383
10/16/2021,LIH,HI,AWP,WE,Federal Contract Tower,82,16,5,0,103,0,165,9,0,174,82,181,14,0,277,64,0,64,341
10/17/2021,LIH,HI,AWP,WE,Federal Contract Tower,81,6,3,0,90,0,44,5,1,50,81,50,8,1,140,21,0,21,161
10/18/2021,LIH,HI,AWP,WE,Federal Contract Tower,84,8,1,2,95,0,164,13,0,177,84,172,14,2,272,20,0,20,292
10/19/2021,LIH,HI,AWP,WE,Federal Contract Tower,80,11,3,0,94,0,169,1,2,172,80,180,4,2,266,30,0,30,296
10/20/2021,LIH,HI,AWP,WE,Federal Contract Tower,86,14,0,0,100,0,211,13,0,224,86,225,13,0,324,50,0,50,374
10/21/2021,LIH,HI,AWP,WE,Federal Contract Tower,86,11,3,1,101,0,217,5,4,226,86,228,8,5,327,28,12,40,367
10/22/2021,LIH,HI,AWP,WE,Federal Contract Tower,80,10,9,2,101,0,153,1,0,154,80,163,10,2,255,98,0,98,353
10/23/2021,LIH,HI,AWP,WE,Federal Contract Tower,81,4,1,1,87,0,194,3,1,198,81,198,4,2,285,62,0,62,347
10/24/2021,LIH,HI,AWP,WE,Federal Contract Tower,83,4,3,0,90,0,58,3,0,61,83,62,6,0,151,30,0,30,181
10/25/2021,LIH,HI,AWP,WE,Federal Contract Tower,83,10,4,0,97,0,167,3,1,171,83,177,7,1,268,22,0,22,290
10/26/2021,LIH,HI,AWP,WE,Federal Contract Tower,79,9,1,0,89,0,144,12,0,156,79,153,13,0,245,34,0,34,279
10/27/2021,LIH,HI,AWP,WE,Federal Contract Tower,81,19,2,1,103,0,191,17,1,209,81,210,19,2,312,56,0,56,368
10/28/2021,LIH,HI,AWP,WE,Federal Contract Tower,86,12,10,8,116,0,98,9,0,107,86,110,19,8,223,26,0,26,249
10/29/2021,LIH,HI,AWP,WE,Federal Contract Tower,85,14,1,5,105,0,163,5,1,169,85,177,6,6,274,72,6,78,352
10/30/2021,LIH,HI,AWP,WE,Federal Contract Tower,86,21,2,0,109,0,105,9,1,115,86,126,11,1,224,14,0,14,238
10/31/2021,LIH,HI,AWP,WE,Federal Contract Tower,72,6,5,0,83,0,34,6,0,40,72,40,11,0,123,38,0,38,161
11/01/2021,LIH,HI,AWP,WE,Federal Contract Tower,80,11,2,1,94,0,61,8,1,70,80,72,10,2,164,24,0,24,188
11/02/2021,LIH,HI,AWP,WE,Federal Contract Tower,78,15,0,4,97,1,180,5,4,190,79,195,5,8,287,26,0,26,313
11/03/2021,LIH,HI,AWP,WE,Federal Contract Tower,80,16,2,2,100,0,180,1,4,185,80,196,3,6,285,56,0,56,341
11/04/2021,LIH,HI,AWP,WE,Federal Contract Tower,83,11,0,1,95,0,36,0,0,36,83,47,0,1,131,18,0,18,149
11/05/2021,LIH,HI,AWP,WE,Federal Contract Tower,84,11,1,0,96,0,197,5,3,205,84,208,6,3,301,22,0,22,323
11/06/2021,LIH,HI,AWP,WE,Federal Contract Tower,82,16,4,2,104,0,170,6,1,177,82,186,10,3,281,20,0,20,301
11/08/2021,LIH,HI,AWP,WE,Federal Contract Tower,77,14,2,1,94,0,153,16,0,169,77,167,18,1,263,28,0,28,291
11/09/2021,LIH,HI,AWP,WE,Federal Contract Tower,83,13,3,2,101,0,215,5,3,223,83,228,8,5,324,38,0,38,362
11/10/2021,LIH,HI,AWP,WE,Federal Contract Tower,71,14,4,2,91,0,198,28,3,229,71,212,32,5,320,36,0,36,356
11/11/2021,LIH,HI,AWP,WE,Federal Contract Tower,81,7,7,0,95,0,228,6,0,234,81,235,13,0,329,34,0,34,363
11/12/2021,LIH,HI,AWP,WE,Federal Contract Tower,86,14,3,0,103,0,211,1,0,212,86,225,4,0,315,54,0,54,369
11/13/2021,LIH,HI,AWP,WE,Federal Contract Tower,79,1,10,0,90,0,166,13,0,179,79,167,23,0,269,18,0,18,287
11/14/2021,LIH,HI,AWP,WE,Federal Contract Tower,75,13,3,0,91,0,137,12,0,149,75,150,15,0,240,30,0,30,270
11/16/2021,LIH,HI,AWP,WE,Federal Contract Tower,79,13,1,3,96,0,183,5,6,194,79,196,6,9,290,23,0,23,313
11/17/2021,LIH,HI,AWP,WE,Federal Contract Tower,79,9,5,3,96,0,130,18,6,154,79,139,23,9,250,14,6,20,270
11/18/2021,LIH,HI,AWP,WE,Federal Contract Tower,82,11,2,2,97,0,150,12,0,162,82,161,14,2,259,28,10,38,297
11/19/2021,LIH,HI,AWP,WE,Federal Contract Tower,91,14,8,1,114,0,208,8,3,219,91,222,16,4,333,30,0,30,363
11/20/2021,LIH,HI,AWP,WE,Federal Contract Tower,89,7,5,0,101,0,166,4,0,170,89,173,9,0,271,18,0,18,289
11/21/2021,LIH,HI,AWP,WE,Federal Contract Tower,78,15,2,0,95,0,53,6,0,59,78,68,8,0,154,48,0,48,202
11/22/2021,LIH,HI,AWP,WE,Federal Contract Tower,86,23,2,1,112,0,219,9,6,234,86,242,11,7,346,22,0,22,368
11/23/2021,LIH,HI,AWP,WE,Federal Contract Tower,85,14,1,5,105,0,219,10,0,229,85,233,11,5,334,10,0,10,344
11/24/2021,LIH,HI,AWP,WE,Federal Contract Tower,87,12,5,4,108,0,251,16,0,267,87,263,21,4,375,10,0,10,385
11/25/2021,LIH,HI,AWP,WE,Federal Contract Tower,78,2,1,0,81,0,117,12,0,129,78,119,13,0,210,6,0,6,216
11/26/2021,LIH,HI,AWP,WE,Federal Contract Tower,85,7,6,0,98,0,236,4,0,240,85,243,10,0,338,14,0,14,352
11/27/2021,LIH,HI,AWP,WE,Federal Contract Tower,88,8,3,0,99,0,200,6,0,206,88,208,9,0,305,38,0,38,343
11/28/2021,LIH,HI,AWP,WE,Federal Contract Tower,86,4,6,0,96,0,46,4,0,50,86,50,10,0,146,22,0,22,168
11/29/2021,LIH,HI,AWP,WE,Federal Contract Tower,83,16,1,1,101,0,150,9,0,159,83,166,10,1,260,22,0,22,282
11/30/2021,LIH,HI,AWP,WE,Federal Contract Tower,78,16,2,6,102,0,160,7,2,169,78,176,9,8,271,28,0,28,299
12/01/2021,LIH,HI,AWP,WE,Federal Contract Tower,73,16,3,10,102,0,167,3,0,170,73,183,6,10,272,14,0,14,286
12/02/2021,LIH,HI,AWP,WE,Federal Contract Tower,82,18,4,2,106,0,103,4,0,107,82,121,8,2,213,32,0,32,245
12/03/2021,LIH,HI,AWP,WE,Federal Contract Tower,84,12,4,1,101,0,35,1,0,36,84,47,5,1,137,16,0,16,153
12/04/2021,LIH,HI,AWP,WE,Federal Contract Tower,79,11,5,0,95,0,136,1,0,137,79,147,6,0,232,16,0,16,248
12/05/2021,LIH,HI,AWP,WE,Federal Contract Tower,73,11,4,0,88,0,47,8,0,55,73,58,12,0,143,12,0,12,155
12/06/2021,LIH,HI,AWP,WE,Federal Contract Tower,75,9,1,0,85,0,0,0,0,0,75,9,1,0,85,0,0,0,85
12/07/2021,LIH,HI,AWP,WE,Federal Contract Tower,80,15,7,0,102,0,33,4,1,38,80,48,11,1,140,0,0,0,140
12/08/2021,LIH,HI,AWP,WE,Federal Contract Tower,78,11,7,14,110,0,140,2,2,144,78,151,9,16,254,26,2,28,282
12/09/2021,LIH,HI,AWP,WE,Federal Contract Tower,82,18,8,2,110,0,246,2,0,248,82,264,10,2,358,46,0,46,404
12/10/2021,LIH,HI,AWP,WE,Federal Contract Tower,86,13,5,6,110,0,108,0,0,108,86,121,5,6,218,12,0,12,230
12/11/2021,LIH,HI,AWP,WE,Federal Contract Tower,78,10,4,4,96,0,163,2,0,165,78,173,6,4,261,24,0,24,285
12/12/2021,LIH,HI,AWP,WE,Federal Contract Tower,73,3,1,0,77,0,43,0,0,43,73,46,1,0,120,34,0,34,154
12/13/2021,LIH,HI,AWP,WE,Federal Contract Tower,76,16,4,2,98,0,157,4,0,161,76,173,8,2,259,10,0,10,269
12/14/2021,LIH,HI,AWP,WE,Federal Contract Tower,79,17,6,4,106,0,146,1,0,147,79,163,7,4,253,25,2,27,280
12/15/2021,LIH,HI,AWP,WE,Federal Contract Tower,74,17,4,6,101,0,152,5,2,159,74,169,9,8,260,28,0,28,288
12/16/2021,LIH,HI,AWP,WE,Federal Contract Tower,90,15,4,8,117,0,212,4,3,219,90,227,8,11,336,58,6,64,400
12/17/2021,LIH,HI,AWP,WE,Federal Contract Tower,91,14,9,2,116,0,187,7,0,194,91,201,16,2,310,28,0,28,338
12/18/2021,LIH,HI,AWP,WE,Federal Contract Tower,79,9,9,0,97,0,139,8,0,147,79,148,17,0,244,4,0,4,248
12/19/2021,LIH,HI,AWP,WE,Federal Contract Tower,89,8,5,0,102,0,62,1,0,63,89,70,6,0,165,2,0,2,167
12/20/2021,LIH,HI,AWP,WE,Federal Contract Tower,90,13,7,5,115,0,184,3,0,187,90,197,10,5,302,12,0,12,314
12/21/2021,LIH,HI,AWP,WE,Federal Contract Tower,86,18,2,2,108,0,158,1,0,159,86,176,3,2,267,8,0,8,275
12/22/2021,LIH,HI,AWP,WE,Federal Contract Tower,90,20,7,0,117,0,257,9,2,268,90,277,16,2,385,14,0,14,399
12/23/2021,LIH,HI,AWP,WE,Federal Contract Tower,97,12,14,0,123,0,255,1,0,256,97,267,15,0,379,28,0,28,407
12/24/2021,LIH,HI,AWP,WE,Federal Contract Tower,88,17,0,0,105,0,222,4,0,226,88,239,4,0,331,16,0,16,347
12/25/2021,LIH,HI,AWP,WE,Federal Contract Tower,81,2,4,0,87,0,73,0,0,73,81,75,4,0,160,8,0,8,168
12/26/2021,LIH,HI,AWP,WE,Federal Contract Tower,84,6,16,0,106,0,116,1,0,117,84,122,17,0,223,22,0,22,245
12/27/2021,LIH,HI,AWP,WE,Federal Contract Tower,90,14,12,0,116,0,229,2,0,231,90,243,14,0,347,12,0,12,359
12/28/2021,LIH,HI,AWP,WE,Federal Contract Tower,86,14,6,4,110,0,228,18,0,246,86,242,24,4,356,12,0,12,368
12/29/2021,LIH,HI,AWP,WE,Federal Contract Tower,85,19,10,0,114,0,234,17,2,253,85,253,27,2,367,28,0,28,395
12/30/2021,LIH,HI,AWP,WE,Federal Contract Tower,81,8,9,2,100,0,13,0,0,13,81,21,9,2,113,0,0,0,113
12/31/2021,LIH,HI,AWP,WE,Federal Contract Tower,81,8,4,0,93,0,80,0,0,80,81,88,4,0,173,28,0,28,201
01/01/2022,LIH,HI,AWP,WE,Federal Contract Tower,73,4,14,0,91,0,1,0,0,1,73,5,14,0,92,0,0,0,92
01/02/2022,LIH,HI,AWP,WE,Federal Contract Tower,86,14,7,0,107,0,68,0,0,68,86,82,7,0,175,20,0,20,195
01/03/2022,LIH,HI,AWP,WE,Federal Contract Tower,84,19,8,0,111,0,169,11,0,180,84,188,19,0,291,20,0,20,311
01/04/2022,LIH,HI,AWP,WE,Federal Contract Tower,74,13,6,4,97,0,238,7,0,245,74,251,13,4,342,22,0,22,364
01/05/2022,LIH,HI,AWP,WE,Federal Contract Tower,77,21,15,16,129,0,242,5,1,248,77,263,20,17,377,8,4,12,389
01/06/2022,LIH,HI,AWP,WE,Federal Contract Tower,79,14,3,5,101,0,204,6,1,211,79,218,9,6,312,10,0,10,322
01/07/2022,LIH,HI,AWP,WE,Federal Contract Tower,75,15,5,2,97,0,191,8,0,199,75,206,13,2,296,16,0,16,312
01/08/2022,LIH,HI,AWP,WE,Federal Contract Tower,83,2,5,2,92,0,126,6,0,132,83,128,11,2,224,24,0,24,248
01/09/2022,LIH,HI,AWP,WE,Federal Contract Tower,76,5,4,0,85,0,59,5,0,64,76,64,9,0,149,26,0,26,175
01/10/2022,LIH,HI,AWP,WE,Federal Contract Tower,73,16,8,11,108,0,155,5,0,160,73,171,13,11,268,28,0,28,296
01/11/2022,LIH,HI,AWP,WE,Federal Contract Tower,67,17,2,2,88,0,231,1,2,234,67,248,3,4,322,36,0,36,358
01/12/2022,LIH,HI,AWP,WE,Federal Contract Tower,72,12,8,3,95,0,186,10,0,196,72,198,18,3,291,24,4,28,319
01/13/2022,LIH,HI,AWP,WE,Federal Contract Tower,76,13,3,9,101,0,194,13,0,207,76,207,16,9,308,48,0,48,356
01/14/2022,LIH,HI,AWP,WE,Federal Contract Tower,81,12,2,0,95,0,205,7,0,212,81,217,9,0,307,48,0,48,355
01/15/2022,LIH,HI,AWP,WE,Federal Contract Tower,72,8,4,0,84,0,138,10,0,148,72,146,14,0,232,50,0,50,282
01/16/2022,LIH,HI,AWP,WE,Federal Contract Tower,67,2,3,3,75,0,37,6,2,45,67,39,9,5,120,12,0,12,132
01/17/2022,LIH,HI,AWP,WE,Federal Contract Tower,73,7,0,0,80,0,182,21,0,203,73,189,21,0,283,28,0,28,311
01/18/2022,LIH,HI,AWP,WE,Federal Contract Tower,76,10,5,10,101,0,166,0,1,167,76,176,5,11,268,26,0,26,294
01/19/2022,LIH,HI,AWP,WE,Federal Contract Tower,68,13,0,4,85,0,151,19,4,174,68,164,19,8,259,38,0,38,297
01/20/2022,LIH,HI,AWP,WE,Federal Contract Tower,75,12,1,7,95,0,222,12,1,235,75,234,13,8,330,32,0,32,362
01/21/2022,LIH,HI,AWP,WE,Federal Contract Tower,81,13,4,0,98,0,166,15,0,181,81,179,19,0,279,18,0,18,297
01/22/2022,LIH,HI,AWP,WE,Federal Contract Tower,72,1,5,0,78,0,41,0,0,41,72,42,5,0,119,24,0,24,143
01/23/2022,LIH,HI,AWP,WE,Federal Contract Tower,72,3,7,0,82,0,46,1,0,47,72,49,8,0,129,72,0,72,201
01/24/2022,LIH,HI,AWP,WE,Federal Contract Tower,74,6,2,2,84,0,190,7,2,199,74,196,9,4,283,14,0,14,297
01/25/2022,LIH,HI,AWP,WE,Federal Contract Tower,62,13,4,14,93,0,215,3,8,226,62,228,7,22,319,10,0,10,329
01/26/2022,LIH,HI,AWP,WE,Federal Contract Tower,72,11,4,6,93,0,176,13,0,189,72,187,17,6,282,26,4,30,312
01/27/2022,LIH,HI,AWP,WE,Federal Contract Tower,75,12,5,16,108,0,158,5,0,163,75,170,10,16,271,14,20,34,305
01/28/2022,LIH,HI,AWP,WE,Federal Contract Tower,69,10,9,0,88,0,236,4,0,240,69,246,13,0,328,24,0,24,352
01/29/2022,LIH,HI,AWP,WE,Federal Contract Tower,70,35,4,0,109,0,123,12,0,135,70,158,16,0,244,56,0,56,300
01/30/2022,LIH,HI,AWP,WE,Federal Contract Tower,72,4,3,0,79,0,72,4,0,76,72,76,7,0,155,24,0,24,179
01/31/2022,LIH,HI,AWP,WE,Federal Contract Tower,71,17,3,8,99,0,147,11,0,158,71,164,14,8,257,18,0,18,275
02/01/2022,LIH,HI,AWP,WE,Federal Contract Tower,73,11,13,6,103,0,174,0,6,180,73,185,13,12,283,12,0,12,295
02/02/2022,LIH,HI,AWP,WE,Federal Contract Tower,72,10,2,4,88,0,185,4,0,189,72,195,6,4,277,30,0,30,307
02/03/2022,LIH,HI,AWP,WE,Federal Contract Tower,77,6,1,4,88,0,166,6,3,175,77,172,7,7,263,18,0,18,281
02/04/2022,LIH,HI,AWP,WE,Federal Contract Tower,81,8,5,1,95,0,186,1,0,187,81,194,6,1,282,16,0,16,298
02/05/2022,LIH,HI,AWP,WE,Federal Contract Tower,79,3,9,0,91,0,133,2,0,135,79,136,11,0,226,34,0,34,260
02/06/2022,LIH,HI,AWP,WE,Federal Contract Tower,73,4,9,0,86,0,70,3,1,74,73,74,12,1,160,20,0,20,180
02/07/2022,LIH,HI,AWP,WE,Federal Contract Tower,78,13,3,4,98,0,178,4,0,182,78,191,7,4,280,22,0,22,302
02/08/2022,LIH,HI,AWP,WE,Federal Contract Tower,72,11,1,19,103,0,234,2,1,237,72,245,3,20,340,18,0,18,358
02/09/2022,LIH,HI,AWP,WE,Federal Contract Tower,75,15,5,2,97,0,200,2,0,202,75,215,7,2,299,20,0,20,319
02/10/2022,LIH,HI,AWP,WE,Federal Contract Tower,75,11,4,8,98,0,197,7,0,204,75,208,11,8,302,20,0,20,322
02/11/2022,LIH,HI,AWP,WE,Federal Contract Tower,73,7,1,4,85,0,235,3,1,239,73,242,4,5,324,20,0,20,344
02/12/2022,LIH,HI,AWP,WE,Federal Contract Tower,76,6,5,0,87,0,146,7,0,153,76,152,12,0,240,18,0,18,258
02/13/2022,LIH,HI,AWP,WE,Federal Contract Tower,76,1,3,0,80,0,73,7,0,80,76,74,10,0,160,10,12,22,182
02/14/2022,LIH,HI,AWP,WE,Federal Contract Tower,72,12,3,2,89,0,234,3,0,237,72,246,6,2,326,18,0,18,344
02/15/2022,LIH,HI,AWP,WE,Federal Contract Tower,70,17,5,12,104,0,228,11,14,253,70,245,16,26,357,4,8,12,369
02/16/2022,LIH,HI,AWP,WE,Federal Contract Tower,71,12,3,0,86,0,232,6,2,240,71,244,9,2,326,20,4,24,350
02/17/2022,LIH,HI,AWP,WE,Federal Contract Tower,77,13,0,2,92,0,211,5,2,218,77,224,5,4,310,22,0,22,332
02/18/2022,LIH,HI,AWP,WE,Federal Contract Tower,76,9,3,0,88,0,215,2,0,217,76,224,5,0,305,32,0,32,337
02/19/2022,LIH,HI,AWP,WE,Federal Contract Tower,76,6,9,0,91,0,154,9,0,163,76,160,18,0,254,44,0,44,298
02/20/2022,LIH,HI,AWP,WE,Federal Contract Tower,79,7,3,0,89,0,99,4,0,103,79,106,7,0,192,16,0,16,208
02/21/2022,LIH,HI,AWP,WE,Federal Contract Tower,73,5,3,2,83,0,224,12,0,236,73,229,15,2,319,48,0,48,367
02/22/2022,LIH,HI,AWP,WE,Federal Contract Tower,71,11,2,8,92,0,192,21,10,223,71,203,23,18,315,60,0,60,375
02/23/2022,LIH,HI,AWP,WE,Federal Contract Tower,68,16,4,9,97,0,238,13,0,251,68,254,17,9,348,108,0,108,456
02/24/2022,LIH,HI,AWP,WE,Federal Contract Tower,76,10,4,3,93,0,205,14,4,223,76,215,18,7,316,38,4,42,358
02/25/2022,LIH,HI,AWP,WE,Federal Contract Tower,76,19,10,2,107,0,269,9,10,288,76,288,19,12,395,18,0,18,413
02/26/2022,LIH,HI,AWP,WE,Federal Contract Tower,74,7,12,0,93,0,161,12,0,173,74,168,24,0,266,70,0,70,336
02/27/2022,LIH,HI,AWP,WE,Federal Contract Tower,74,7,1,0,82,0,50,6,0,56,74,57,7,0,138,24,0,24,162
02/28/2022,LIH,HI,AWP,WE,Federal Contract Tower,76,10,7,0,93,0,199,13,2,214,76,209,20,2,307,88,0,88,395
03/01/2022,LIH,HI,AWP,WE,Federal Contract Tower,70,11,7,10,98,0,229,10,4,243,70,240,17,14,341,40,8,48,389
03/02/2022,LIH,HI,AWP,WE,Federal Contract Tower,74,12,3,3,92,0,190,23,0,213,74,202,26,3,305,58,6,64,369
03/03/2022,LIH,HI,AWP,WE,Federal Contract Tower,76,14,1,0,91,0,168,7,0,175,76,182,8,0,266,14,0,14,280
03/04/2022,LIH,HI,AWP,WE,Federal Contract Tower,80,10,5,2,97,0,128,4,3,135,80,138,9,5,232,26,0,26,258
03/05/2022,LIH,HI,AWP,WE,Federal Contract Tower,75,1,2,1,79,0,202,18,2,222,75,203,20,3,301,54,0,54,355
03/06/2022,LIH,HI,AWP,WE,Federal Contract Tower,74,2,2,2,80,0,112,10,7,129,74,114,12,9,209,16,0,16,225
03/07/2022,LIH,HI,AWP,WE,Federal Contract Tower,81,13,1,12,107,0,208,0,4,212,81,221,1,16,319,10,2,12,331
03/08/2022,LIH,HI,AWP,WE,Federal Contract Tower,74,14,3,0,91,0,189,6,4,199,74,203,9,4,290,38,0,38,328
03/09/2022,LIH,HI,AWP,WE,Federal Contract Tower,79,12,2,2,95,0,204,9,8,221,79,216,11,10,316,28,0,28,344
03/10/2022,LIH,HI,AWP,WE,Federal Contract Tower,80,11,5,0,96,0,177,20,5,202,80,188,25,5,298,36,0,36,334
03/11/2022,LIH,HI,AWP,WE,Federal Contract Tower,82,7,4,1,94,0,251,16,2,269,82,258,20,3,363,44,0,44,407
03/12/2022,LIH,HI,AWP,WE,Federal Contract Tower,81,2,9,0,92,1,163,16,0,180,82,165,25,0,272,28,0,28,300
03/13/2022,LIH,HI,AWP,WE,Federal Contract Tower,83,3,2,0,88,0,97,14,0,111,83,100,16,0,199,46,0,46,245
03/14/2022,LIH,HI,AWP,WE,Federal Contract Tower,85,13,11,4,113,0,228,17,0,245,85,241,28,4,358,26,0,26,384
03/15/2022,LIH,HI,AWP,WE,Federal Contract Tower,73,10,1,4,88,0,236,17,4,257,73,246,18,8,345,44,0,44,389
03/16/2022,LIH,HI,AWP,WE,Federal Contract Tower,79,14,6,5,104,0,227,12,5,244,79,241,18,10,348,18,0,18,366
03/17/2022,LIH,HI,AWP,WE,Federal Contract Tower,89,15,3,1,108,0,223,5,7,235,89,238,8,8,343,26,0,26,369
03/18/2022,LIH,HI,AWP,WE,Federal Contract Tower,93,11,5,0,109,0,260,10,0,270,93,271,15,0,379,32,0,32,411
03/19/2022,LIH,HI,AWP,WE,Federal Contract Tower,89,4,7,0,100,0,168,17,0,185,89,172,24,0,285,28,0,28,313
03/20/2022,LIH,HI,AWP,WE,Federal Contract Tower,86,0,5,0,91,0,71,6,1,78,86,71,11,1,169,16,0,16,185
03/21/2022,LIH,HI,AWP,WE,Federal Contract Tower,90,11,7,5,113,0,244,7,3,254,90,255,14,8,367,30,0,30,397
03/22/2022,LIH,HI,AWP,WE,Federal Contract Tower,79,16,4,3,102,0,5,0,1,6,79,21,4,4,108,2,0,2,110
03/23/2022,LIH,HI,AWP,WE,Federal Contract Tower,83,13,3,0,99,0,173,6,1,180,83,186,9,1,279,42,0,42,321
03/24/2022,LIH,HI,AWP,WE,Federal Contract Tower,87,14,7,0,108,0,184,11,0,195,87,198,18,0,303,40,0,40,343
03/25/2022,LIH,HI,AWP,WE,Federal Contract Tower,94,9,6,2,111,0,229,7,0,236,94,238,13,2,347,36,0,36,383
03/26/2022,LIH,HI,AWP,WE,Federal Contract Tower,90,2,6,0,98,0,166,18,0,184,90,168,24,0,282,24,0,24,306
03/27/2022,LIH,HI,AWP,WE,Federal Contract Tower,88,3,6,0,97,0,94,10,0,104,88,97,16,0,201,28,0,28,229
03/28/2022,LIH,HI,AWP,WE,Federal Contract Tower,93,13,4,12,122,0,150,7,7,164,93,163,11,19,286,36,2,38,324
03/29/2022,LIH,HI,AWP,WE,Federal Contract Tower,80,11,2,7,100,0,228,21,1,250,80,239,23,8,350,63,0,63,413
03/30/2022,LIH,HI,AWP,WE,Federal Contract Tower,82,11,4,0,97,0,187,21,0,208,82,198,25,0,305,60,0,60,365
03/31/2022,LIH,HI,AWP,WE,Federal Contract Tower,94,11,8,2,115,0,219,16,1,236,94,230,24,3,351,18,14,32,383
04/01/2022,LIH,HI,AWP,WE,Federal Contract Tower,101,16,3,3,123,0,175,4,0,179,101,191,7,3,302,26,0,26,328
04/02/2022,LIH,HI,AWP,WE,Federal Contract Tower,92,9,4,0,105,0,90,6,0,96,92,99,10,0,201,10,0,10,211
04/03/2022,LIH,HI,AWP,WE,Federal Contract Tower,81,2,5,2,90,0,53,2,0,55,81,55,7,2,145,12,0,12,157
04/04/2022,LIH,HI,AWP,WE,Federal Contract Tower,93,16,8,4,121,0,224,17,0,241,93,240,25,4,362,44,0,44,406
04/05/2022,LIH,HI,AWP,WE,Federal Contract Tower,73,9,12,20,114,0,185,7,13,205,73,194,19,33,319,40,4,44,363
04/06/2022,LIH,HI,AWP,WE,Federal Contract Tower,83,11,1,10,105,0,213,14,5,232,83,224,15,15,337,14,2,16,353
04/07/2022,LIH,HI,AWP,WE,Federal Contract Tower,82,16,7,5,110,0,218,16,3,237,82,234,23,8,347,16,0,16,363
04/08/2022,LIH,HI,AWP,WE,Federal Contract Tower,89,10,4,1,104,0,238,19,4,261,89,248,23,5,365,18,0,18,383
04/09/2022,LIH,HI,AWP,WE,Federal Contract Tower,91,0,5,0,96,0,149,17,0,166,91,149,22,0,262,28,0,28,290
04/10/2022,LIH,HI,AWP,WE,Federal Contract Tower,82,5,0,0,87,0,41,3,0,44,82,46,3,0,131,26,0,26,157
04/11/2022,LIH,HI,AWP,WE,Federal Contract Tower,92,13,4,3,112,0,229,10,0,239,92,242,14,3,351,30,0,30,381
04/12/2022,LIH,HI,AWP,WE,Federal Contract Tower,77,14,2,2,95,0,230,8,1,239,77,244,10,3,334,24,0,24,358
04/13/2022,LIH,HI,AWP,WE,Federal Contract Tower,77,10,5,3,95,0,223,12,1,236,77,233,17,4,331,90,2,92,423
04/14/2022,LIH,HI,AWP,WE,Federal Contract Tower,92,20,7,2,121,0,198,10,0,208,92,218,17,2,329,50,0,50,379
04/15/2022,LIH,HI,AWP,WE,Federal Contract Tower,83,14,7,4,108,0,253,12,1,266,83,267,19,5,374,44,0,44,418
04/16/2022,LIH,HI,AWP,WE,Federal Contract Tower,86,3,13,0,102,0,68,4,0,72,86,71,17,0,174,16,0,16,190
04/17/2022,LIH,HI,AWP,WE,Federal Contract Tower,85,9,8,0,102,0,88,0,0,88,85,97,8,0,190,16,0,16,206
04/18/2022,LIH,HI,AWP,WE,Federal Contract Tower,88,14,3,5,110,0,236,11,2,249,88,250,14,7,359,52,2,54,413
04/19/2022,LIH,HI,AWP,WE,Federal Contract Tower,75,9,3,4,91,0,224,8,1,233,75,233,11,5,324,54,0,54,378
04/20/2022,LIH,HI,AWP,WE,Federal Contract Tower,79,12,2,4,97,0,223,14,4,241,79,235,16,8,338,12,4,16,354
04/21/2022,LIH,HI,AWP,WE,Federal Contract Tower,86,17,4,9,116,0,176,5,4,185,86,193,9,13,301,30,6,36,337
04/22/2022,LIH,HI,AWP,WE,Federal Contract Tower,88,21,3,2,114,0,232,5,0,237,88,253,8,2,351,24,0,24,375
04/23/2022,LIH,HI,AWP,WE,Federal Contract Tower,81,1,7,0,89,0,169,18,0,187,81,170,25,0,276,32,0,32,308
04/24/2022,LIH,HI,AWP,WE,Federal Contract Tower,78,3,6,0,87,0,101,21,2,124,78,104,27,2,211,36,0,36,247
04/25/2022,LIH,HI,AWP,WE,Federal Contract Tower,87,8,1,0,96,0,209,21,6,236,87,217,22,6,332,28,0,28,360
04/26/2022,LIH,HI,AWP,WE,Federal Contract Tower,74,15,0,2,91,0,157,4,0,161,74,172,4,2,252,69,0,69,321
04/27/2022,LIH,HI,AWP,WE,Federal Contract Tower,76,13,2,10,101,0,202,16,2,220,76,215,18,12,321,48,0,48,369
04/28/2022,LIH,HI,AWP,WE,Federal Contract Tower,84,12,7,7,110,0,221,2,4,227,84,233,9,11,337,28,2,30,367
04/29/2022,LIH,HI,AWP,WE,Federal Contract Tower,88,14,0,0,102,0,215,5,0,220,88,229,5,0,322,40,0,40,362
04/30/2022,LIH,HI,AWP,WE,Federal Contract Tower,84,7,7,0,98,0,147,9,0,156,84,154,16,0,254,10,0,10,264
05/01/2022,LIH,HI,AWP,WE,Federal Contract Tower,79,3,2,0,84,0,86,4,0,90,79,89,6,0,174,44,0,44,218
05/02/2022,LIH,HI,AWP,WE,Federal Contract Tower,92,11,2,14,119,0,87,7,0,94,92,98,9,14,213,18,10,28,241
05/03/2022,LIH,HI,AWP,WE,Federal Contract Tower,76,17,6,0,99,0,218,8,4,230,76,235,14,4,329,134,0,134,463
05/04/2022,LIH,HI,AWP,WE,Federal Contract Tower,75,10,2,8,95,0,155,18,0,173,75,165,20,8,268,68,0,68,336
05/05/2022,LIH,HI,AWP,WE,Federal Contract Tower,89,14,1,5,109,0,215,12,0,227,89,229,13,5,336,52,0,52,388
05/06/2022,LIH,HI,AWP,WE,Federal Contract Tower,89,12,0,2,103,0,164,10,0,174,89,176,10,2,277,30,0,30,307
05/07/2022,LIH,HI,AWP,WE,Federal Contract Tower,89,4,5,0,98,0,156,7,0,163,89,160,12,0,261,22,0,22,283
05/08/2022,LIH,HI,AWP,WE,Federal Contract Tower,81,4,1,2,88,0,125,11,0,136,81,129,12,2,224,20,0,20,244
05/09/2022,LIH,HI,AWP,WE,Federal Contract Tower,89,10,2,8,109,0,242,12,0,254,89,252,14,8,363,31,0,31,394
05/10/2022,LIH,HI,AWP,WE,Federal Contract Tower,81,10,3,4,98,0,196,8,1,205,81,206,11,5,303,73,4,77,380
05/11/2022,LIH,HI,AWP,WE,Federal Contract Tower,81,11,0,4,96,0,196,16,0,212,81,207,16,4,308,18,0,18,326
05/12/2022,LIH,HI,AWP,WE,Federal Contract Tower,90,10,2,1,103,0,203,6,0,209,90,213,8,1,312,10,0,10,322
05/13/2022,LIH,HI,AWP,WE,Federal Contract Tower,87,12,3,0,102,0,178,4,0,182,87,190,7,0,284,26,0,26,310
05/14/2022,LIH,HI,AWP,WE,Federal Contract Tower,84,1,7,0,92,0,170,16,0,186,84,171,23,0,278,20,0,20,298
05/15/2022,LIH,HI,AWP,WE,Federal Contract Tower,82,5,4,2,93,0,116,11,0,127,82,121,15,2,220,28,0,28,248
05/16/2022,LIH,HI,AWP,WE,Federal Contract Tower,90,8,2,0,100,0,208,2,0,210,90,216,4,0,310,18,0,18,328
05/17/2022,LIH,HI,AWP,WE,Federal Contract Tower,81,18,0,8,107,0,188,6,2,196,81,206,6,10,303,34,0,34,337
05/18/2022,LIH,HI,AWP,WE,Federal Contract Tower,80,14,6,0,100,0,1,0,0,1,80,15,6,0,101,8,0,8,109
05/19/2022,LIH,HI,AWP,WE,Federal Contract Tower,88,13,3,4,108,0,140,12,0,152,88,153,15,4,260,32,0,32,292
05/20/2022,LIH,HI,AWP,WE,Federal Contract Tower,84,12,2,0,98,0,233,13,0,246,84,245,15,0,344,20,0,20,364
05/21/2022,LIH,HI,AWP,WE,Federal Contract Tower,87,3,9,0,99,0,219,2,0,221,87,222,11,0,320,20,0,20,340
05/22/2022,LIH,HI,AWP,WE,Federal Contract Tower,84,2,7,0,93,0,149,8,0,157,84,151,15,0,250,28,0,28,278
05/23/2022,LIH,HI,AWP,WE,Federal Contract Tower,86,11,5,2,104,0,222,15,0,237,86,233,20,2,341,18,0,18,359
05/24/2022,LIH,HI,AWP,WE,Federal Contract Tower,78,9,2,0,89,0,205,10,0,215,78,214,12,0,304,32,0,32,336
05/25/2022,LIH,HI,AWP,WE,Federal Contract Tower,78,13,10,2,103,0,211,17,1,229,78,224,27,3,332,22,0,22,354
05/26/2022,LIH,HI,AWP,WE,Federal Contract Tower,87,11,3,6,107,0,251,5,2,258,87,262,8,8,365,16,12,28,393
05/27/2022,LIH,HI,AWP,WE,Federal Contract Tower,87,23,0,0,110,0,237,10,0,247,87,260,10,0,357,24,0,24,381
05/28/2022,LIH,HI,AWP,WE,Federal Contract Tower,83,9,10,0,102,0,207,15,0,222,83,216,25,0,324,23,0,23,347
05/29/2022,LIH,HI,AWP,WE,Federal Contract Tower,83,2,3,0,88,0,75,4,0,79,83,77,7,0,167,32,0,32,199
05/30/2022,LIH,HI,AWP,WE,Federal Contract Tower,90,2,3,0,95,0,233,9,0,242,90,235,12,0,337,21,0,21,358
05/31/2022,LIH,HI,AWP,WE,Federal Contract Tower,84,9,2,9,104,0,219,11,4,234,84,228,13,13,338,35,0,35,373
06/01/2022,LIH,HI,AWP,WE,Federal Contract Tower,80,6,0,4,90,0,134,16,1,151,80,140,16,5,241,14,0,14,255
06/02/2022,LIH,HI,AWP,WE,Federal Contract Tower,86,15,7,4,112,0,234,8,6,248,86,249,15,10,360,12,0,12,372
06/03/2022,LIH,HI,AWP,WE,Federal Contract Tower,86,16,3,0,105,0,262,11,0,273,86,278,14,0,378,28,0,28,406
06/04/2022,LIH,HI,AWP,WE,Federal Contract Tower,83,9,6,0,98,0,217,25,0,242,83,226,31,0,340,48,0,48,388
06/05/2022,LIH,HI,AWP,WE,Federal Contract Tower,89,8,3,1,101,0,126,2,0,128,89,134,5,1,229,32,0,32,261
06/06/2022,LIH,HI,AWP,WE,Federal Contract Tower,94,9,0,0,103,0,231,5,0,236,94,240,5,0,339,50,0,50,389
06/07/2022,LIH,HI,AWP,WE,Federal Contract Tower,88,11,3,4,106,0,232,9,10,251,88,243,12,14,357,28,0,28,385
06/08/2022,LIH,HI,AWP,WE,Federal Contract Tower,87,10,2,7,106,0,214,9,1,224,87,224,11,8,330,24,0,24,354
06/09/2022,LIH,HI,AWP,WE,Federal Contract Tower,92,14,6,2,114,0,238,14,3,255,92,252,20,5,369,18,0,18,387
06/10/2022,LIH,HI,AWP,WE,Federal Contract Tower,92,11,1,7,111,0,245,12,0,257,92,256,13,7,368,22,0,22,390
06/11/2022,LIH,HI,AWP,WE,Federal Contract Tower,93,6,7,0,106,0,220,10,0,230,93,226,17,0,336,16,0,16,352
06/12/2022,LIH,HI,AWP,WE,Federal Contract Tower,80,7,4,0,91,0,116,5,0,121,80,123,9,0,212,22,0,22,234
06/13/2022,LIH,HI,AWP,WE,Federal Contract Tower,92,10,4,0,106,0,222,3,0,225,92,232,7,0,331,22,0,22,353
06/14/2022,LIH,HI,AWP,WE,Federal Contract Tower,86,14,1,10,111,0,220,14,0,234,86,234,15,10,345,40,0,40,385
06/15/2022,LIH,HI,AWP,WE,Federal Contract Tower,86,14,3,0,103,0,193,19,2,214,86,207,22,2,317,18,0,18,335
06/16/2022,LIH,HI,AWP,WE,Federal Contract Tower,92,17,3,12,124,0,206,16,2,224,92,223,19,14,348,46,4,50,398
06/17/2022,LIH,HI,AWP,WE,Federal Contract Tower,93,15,2,0,110,0,249,10,0,259,93,264,12,0,369,22,0,22,391
06/18/2022,LIH,HI,AWP,WE,Federal Contract Tower,89,4,8,0,101,0,212,14,0,226,89,216,22,0,327,22,0,22,349
06/19/2022,LIH,HI,AWP,WE,Federal Contract Tower,89,4,3,1,97,0,158,2,1,161,89,162,5,2,258,38,0,38,296
06/20/2022,LIH,HI,AWP,WE,Federal Contract Tower,92,6,4,0,102,0,244,20,0,264,92,250,24,0,366,38,0,38,404
06/21/2022,LIH,HI,AWP,WE,Federal Contract Tower,90,22,2,5,119,0,227,7,8,242,90,249,9,13,361,30,0,30,391
06/22/2022,LIH,HI,AWP,WE,Federal Contract Tower,83,22,5,1,111,0,226,8,7,241,83,248,13,8,352,32,0,32,384
06/23/2022,LIH,HI,AWP,WE,Federal Contract Tower,92,14,1,5,112,0,237,13,5,255,92,251,14,10,367,28,0,28,395
06/24/2022,LIH,HI,AWP,WE,Federal Contract Tower,91,9,9,3,112,0,218,13,0,231,91,227,22,3,343,36,0,36,379
06/25/2022,LIH,HI,AWP,WE,Federal Contract Tower,92,9,10,0,111,0,224,18,0,242,92,233,28,0,353,34,0,34,387
06/26/2022,LIH,HI,AWP,WE,Federal Contract Tower,88,6,2,0,96,0,127,5,0,132,88,133,7,0,228,56,0,56,284
06/27/2022,LIH,HI,AWP,WE,Federal Contract Tower,92,13,4,6,115,0,288,6,6,300,92,301,10,12,415,42,0,42,457
06/28/2022,LIH,HI,AWP,WE,Federal Contract Tower,89,9,1,2,101,0,254,13,0,267,89,263,14,2,368,42,0,42,410
06/29/2022,LIH,HI,AWP,WE,Federal Contract Tower,87,12,4,11,114,0,200,12,0,212,87,212,16,11,326,34,0,34,360
06/30/2022,LIH,HI,AWP,WE,Federal Contract Tower,94,13,3,14,124,0,208,12,2,222,94,221,15,16,346,94,0,94,440
07/01/2022,LIH,HI,AWP,WE,Federal Contract Tower,92,14,4,0,110,0,228,8,0,236,92,242,12,0,346,28,0,28,374
07/02/2022,LIH,HI,AWP,WE,Federal Contract Tower,92,5,0,0,97,0,188,9,0,197,92,193,9,0,294,30,0,30,324
07/03/2022,LIH,HI,AWP,WE,Federal Contract Tower,87,5,3,0,95,0,160,3,0,163,87,165,6,0,258,46,0,46,304
07/04/2022,LIH,HI,AWP,WE,Federal Contract Tower,82,0,0,0,82,0,217,0,0,217,82,217,0,0,299,22,0,22,321
07/05/2022,LIH,HI,AWP,WE,Federal Contract Tower,86,13,2,1,102,0,259,2,0,261,86,272,4,1,363,32,0,32,395
07/06/2022,LIH,HI,AWP,WE,Federal Contract Tower,90,10,6,13,119,0,224,14,0,238,90,234,20,13,357,18,0,18,375
07/07/2022,LIH,HI,AWP,WE,Federal Contract Tower,93,13,7,8,121,0,236,14,3,253,93,249,21,11,374,30,0,30,404
07/08/2022,LIH,HI,AWP,WE,Federal Contract Tower,94,10,5,3,112,0,242,9,1,252,94,252,14,4,364,44,0,44,408
07/09/2022,LIH,HI,AWP,WE,Federal Contract Tower,88,4,4,2,98,0,192,11,0,203,88,196,15,2,301,22,0,22,323
07/10/2022,LIH,HI,AWP,WE,Federal Contract Tower,93,2,6,2,103,0,122,0,0,122,93,124,6,2,225,24,0,24,249
07/11/2022,LIH,HI,AWP,WE,Federal Contract Tower,93,10,2,4,109,0,210,12,3,225,93,220,14,7,334,38,6,44,378
07/12/2022,LIH,HI,AWP,WE,Federal Contract Tower,88,15,2,6,111,0,229,13,4,246,88,244,15,10,357,72,0,72,429
07/13/2022,LIH,HI,AWP,WE,Federal Contract Tower,89,13,5,3,110,0,183,5,1,189,89,196,10,4,299,52,0,52,351
07/14/2022,LIH,HI,AWP,WE,Federal Contract Tower,92,13,8,6,119,0,212,15,7,234,92,225,23,13,353,40,2,42,395
07/15/2022,LIH,HI,AWP,WE,Federal Contract Tower,95,11,3,0,109,0,209,3,0,212,95,220,6,0,321,26,0,26,347
07/16/2022,LIH,HI,AWP,WE,Federal Contract Tower,91,9,3,0,103,0,203,8,4,215,91,212,11,4,318,20,0,20,338
07/17/2022,LIH,HI,AWP,WE,Federal Contract Tower,93,4,1,0,98,0,128,6,0,134,93,132,7,0,232,6,0,6,238
07/18/2022,LIH,HI,AWP,WE,Federal Contract Tower,99,6,4,6,115,0,248,6,0,254,99,254,10,6,369,38,0,38,407
07/19/2022,LIH,HI,AWP,WE,Federal Contract Tower,86,17,3,3,109,0,234,11,4,249,86,251,14,7,358,34,4,38,396
07/20/2022,LIH,HI,AWP,WE,Federal Contract Tower,88,14,1,5,108,0,232,22,0,254,88,246,23,5,362,28,0,28,390
07/21/2022,LIH,HI,AWP,WE,Federal Contract Tower,95,10,2,4,111,0,239,12,2,253,95,249,14,6,364,30,0,30,394
07/22/2022,LIH,HI,AWP,WE,Federal Contract Tower,96,11,2,2,111,0,245,10,10,265,96,256,12,12,376,30,0,30,406
07/23/2022,LIH,HI,AWP,WE,Federal Contract Tower,91,3,3,0,97,0,201,12,1,214,91,204,15,1,311,28,0,28,339
07/24/2022,LIH,HI,AWP,WE,Federal Contract Tower,93,2,1,5,101,0,148,7,1,156,93,150,8,6,257,24,0,24,281
07/25/2022,LIH,HI,AWP,WE,Federal Contract Tower,93,7,0,1,101,0,259,18,1,278,93,266,18,2,379,34,0,34,413
07/26/2022,LIH,HI,AWP,WE,Federal Contract Tower,88,11,2,3,104,0,219,10,3,232,88,230,12,6,336,34,0,34,370
07/27/2022,LIH,HI,AWP,WE,Federal Contract Tower,90,7,1,1,99,0,212,19,2,233,90,219,20,3,332,30,0,30,362
07/28/2022,LIH,HI,AWP,WE,Federal Contract Tower,93,12,4,0,109,0,255,12,0,267,93,267,16,0,376,41,0,41,417
07/29/2022,LIH,HI,AWP,WE,Federal Contract Tower,94,13,17,2,126,0,246,13,1,260,94,259,30,3,386,42,20,62,448
07/30/2022,LIH,HI,AWP,WE,Federal Contract Tower,93,6,10,1,110,0,201,8,1,210,93,207,18,2,320,24,0,24,344
07/31/2022,LIH,HI,AWP,WE,Federal Contract Tower,93,4,2,0,99,0,132,0,0,132,93,136,2,0,231,18,0,18,249
08/01/2022,LIH,HI,AWP,WE,Federal Contract Tower,92,8,3,18,121,0,233,11,0,244,92,241,14,18,365,32,10,42,407
08/02/2022,LIH,HI,AWP,WE,Federal Contract Tower,83,16,2,2,103,0,218,13,2,233,83,234,15,4,336,29,0,29,365
08/03/2022,LIH,HI,AWP,WE,Federal Contract Tower,86,12,1,1,100,0,248,18,0,266,86,260,19,1,366,46,0,46,412
08/04/2022,LIH,HI,AWP,WE,Federal Contract Tower,94,14,1,9,118,0,230,18,4,252,94,244,19,13,370,78,0,78,448
08/05/2022,LIH,HI,AWP,WE,Federal Contract Tower,90,13,7,2,112,0,276,11,3,290,90,289,18,5,402,46,0,46,448
08/06/2022,LIH,HI,AWP,WE,Federal Contract Tower,89,2,5,1,97,0,221,9,4,234,89,223,14,5,331,30,6,36,367
08/07/2022,LIH,HI,AWP,WE,Federal Contract Tower,91,7,4,1,103,0,124,10,0,134,91,131,14,1,237,40,0,40,277
08/08/2022,LIH,HI,AWP,WE,Federal Contract Tower,93,11,2,4,110,0,270,7,1,278,93,281,9,5,388,16,0,16,404
08/09/2022,LIH,HI,AWP,WE,Federal Contract Tower,86,14,2,9,111,0,213,8,3,224,86,227,10,12,335,22,0,22,357
08/10/2022,LIH,HI,AWP,WE,Federal Contract Tower,88,9,3,1,101,0,233,8,0,241,88,242,11,1,342,10,0,10,352
08/11/2022,LIH,HI,AWP,WE,Federal Contract Tower,91,15,17,8,131,0,255,8,14,277,91,270,25,22,408,8,0,8,416
08/12/2022,LIH,HI,AWP,WE,Federal Contract Tower,95,14,5,0,114,0,267,8,0,275,95,281,13,0,389,24,0,24,413
08/13/2022,LIH,HI,AWP,WE,Federal Contract Tower,90,3,9,0,102,0,257,5,0,262,90,260,14,0,364,28,0,28,392
08/14/2022,LIH,HI,AWP,WE,Federal Contract Tower,90,11,8,2,111,0,155,7,0,162,90,166,15,2,273,26,0,26,299
08/15/2022,LIH,HI,AWP,WE,Federal Contract Tower,92,12,9,9,122,0,211,2,1,214,92,223,11,10,336,68,0,68,404
08/16/2022,LIH,HI,AWP,WE,Federal Contract Tower,84,14,8,16,122,0,233,21,1,255,84,247,29,17,377,26,0,26,403
08/17/2022,LIH,HI,AWP,WE,Federal Contract Tower,86,11,7,5,109,0,206,6,0,212,86,217,13,5,321,28,0,28,349
08/18/2022,LIH,HI,AWP,WE,Federal Contract Tower,95,9,3,1,108,0,232,13,2,247,95,241,16,3,355,16,0,16,371
08/19/2022,LIH,HI,AWP,WE,Federal Contract Tower,91,9,3,0,103,0,243,11,0,254,91,252,14,0,357,40,0,40,397
08/20/2022,LIH,HI,AWP,WE,Federal Contract Tower,86,5,4,0,95,0,176,11,0,187,86,181,15,0,282,26,0,26,308
08/21/2022,LIH,HI,AWP,WE,Federal Contract Tower,92,5,8,1,106,0,166,4,0,170,92,171,12,1,276,22,0,22,298
08/22/2022,LIH,HI,AWP,WE,Federal Contract Tower,97,11,1,6,115,0,242,6,0,248,97,253,7,6,363,24,0,24,387
08/23/2022,LIH,HI,AWP,WE,Federal Contract Tower,84,13,3,2,102,0,262,14,0,276,84,275,17,2,378,94,0,94,472
08/24/2022,LIH,HI,AWP,WE,Federal Contract Tower,83,14,0,3,100,0,165,1,3,169,83,179,1,6,269,46,0,46,315
08/25/2022,LIH,HI,AWP,WE,Federal Contract Tower,91,11,4,8,114,0,173,10,0,183,91,184,14,8,297,42,0,42,339
08/26/2022,LIH,HI,AWP,WE,Federal Contract Tower,97,15,1,1,114,0,253,2,2,257,97,268,3,3,371,34,0,34,405
08/27/2022,LIH,HI,AWP,WE,Federal Contract Tower,90,4,10,1,105,0,213,11,0,224,90,217,21,1,329,24,0,24,353
08/28/2022,LIH,HI,AWP,WE,Federal Contract Tower,92,8,0,2,102,0,132,5,0,137,92,140,5,2,239,12,0,12,251
08/29/2022,LIH,HI,AWP,WE,Federal Contract Tower,98,10,0,0,108,0,201,2,4,207,98,211,2,4,315,28,10,38,353
08/30/2022,LIH,HI,AWP,WE,Federal Contract Tower,83,15,0,10,108,0,230,8,4,242,83,245,8,14,350,22,4,26,376
08/31/2022,LIH,HI,AWP,WE,Federal Contract Tower,86,9,1,0,96,0,225,11,0,236,86,234,12,0,332,14,0,14,346
09/01/2022,LIH,HI,AWP,WE,Federal Contract Tower,94,15,3,0,112,0,252,15,0,267,94,267,18,0,379,42,0,42,421
09/02/2022,LIH,HI,AWP,WE,Federal Contract Tower,96,9,2,1,108,0,255,8,1,264,96,264,10,2,372,26,0,26,398
09/03/2022,LIH,HI,AWP,WE,Federal Contract Tower,90,3,14,4,111,0,119,3,0,122,90,122,17,4,233,26,0,26,259
09/04/2022,LIH,HI,AWP,WE,Federal Contract Tower,84,2,1,0,87,0,197,9,0,206,84,199,10,0,293,30,0,30,323
09/05/2022,LIH,HI,AWP,WE,Federal Contract Tower,92,1,0,0,93,0,232,8,0,240,92,233,8,0,333,34,0,34,367
09/06/2022,LIH,HI,AWP,WE,Federal Contract Tower,82,11,5,4,102,0,239,18,1,258,82,250,23,5,360,28,0,28,388
09/07/2022,LIH,HI,AWP,WE,Federal Contract Tower,86,6,6,2,100,0,203,13,0,216,86,209,19,2,316,42,0,42,358
09/08/2022,LIH,HI,AWP,WE,Federal Contract Tower,87,8,2,6,103,0,243,22,7,272,87,251,24,13,375,18,0,18,393
09/09/2022,LIH,HI,AWP,WE,Federal Contract Tower,89,14,5,10,118,0,177,9,5,191,89,191,14,15,309,38,0,38,347
09/10/2022,LIH,HI,AWP,WE,Federal Contract Tower,83,4,3,0,90,0,174,12,2,188,83,178,15,2,278,26,0,26,304
09/11/2022,LIH,HI,AWP,WE,Federal Contract Tower,81,2,2,1,86,0,101,4,4,109,81,103,6,5,195,18,0,18,213
09/12/2022,LIH,HI,AWP,WE,Federal Contract Tower,84,12,0,2,98,0,235,6,0,241,84,247,6,2,339,40,0,40,379
09/13/2022,LIH,HI,AWP,WE,Federal Contract Tower,85,11,2,4,102,0,247,5,4,256,85,258,7,8,358,88,2,90,448
09/14/2022,LIH,HI,AWP,WE,Federal Contract Tower,84,15,4,0,103,0,202,8,1,211,84,217,12,1,314,26,0,26,340
09/15/2022,LIH,HI,AWP,WE,Federal Contract Tower,86,17,8,0,111,0,257,2,0,259,86,274,10,0,370,60,0,60,430
09/16/2022,LIH,HI,AWP,WE,Federal Contract Tower,89,14,8,3,114,0,189,0,0,189,89,203,8,3,303,28,0,28,331
09/17/2022,LIH,HI,AWP,WE,Federal Contract Tower,85,2,7,0,94,0,196,4,1,201,85,198,11,1,295,78,0,78,373
09/18/2022,LIH,HI,AWP,WE,Federal Contract Tower,83,5,3,0,91,0,135,1,0,136,83,140,4,0,227,86,0,86,313
09/19/2022,LIH,HI,AWP,WE,Federal Contract Tower,85,10,2,6,103,0,210,1,8,219,85,220,3,14,322,78,0,78,400
09/20/2022,LIH,HI,AWP,WE,Federal Contract Tower,82,14,0,4,100,0,220,1,0,221,82,234,1,4,321,42,0,42,363
09/21/2022,LIH,HI,AWP,WE,Federal Contract Tower,82,11,2,2,97,0,207,2,0,209,82,218,4,2,306,28,0,28,334
09/22/2022,LIH,HI,AWP,WE,Federal Contract Tower,86,14,5,4,109,0,225,0,6,231,86,239,5,10,340,30,0,30,370
09/23/2022,LIH,HI,AWP,WE,Federal Contract Tower,86,18,0,3,107,0,239,0,0,239,86,257,0,3,346,46,0,46,392
09/24/2022,LIH,HI,AWP,WE,Federal Contract Tower,84,3,9,1,97,0,209,5,0,214,84,212,14,1,311,106,0,106,417
09/25/2022,LIH,HI,AWP,WE,Federal Contract Tower,83,6,4,1,94,0,137,3,0,140,83,143,7,1,234,80,0,80,314
09/26/2022,LIH,HI,AWP,WE,Federal Contract Tower,87,10,0,0,97,0,211,6,0,217,87,221,6,0,314,84,0,84,398
09/27/2022,LIH,HI,AWP,WE,Federal Contract Tower,84,13,1,1,99,0,210,10,4,224,84,223,11,5,323,58,0,58,381
09/28/2022,LIH,HI,AWP,WE,Federal Contract Tower,82,12,2,3,99,0,247,11,0,258,82,259,13,3,357,62,0,62,419
09/29/2022,LIH,HI,AWP,WE,Federal Contract Tower,86,11,3,1,101,0,238,3,0,241,86,249,6,1,342,46,0,46,388
09/30/2022,LIH,HI,AWP,WE,Federal Contract Tower,88,12,0,2,102,0,222,2,0,224,88,234,2,2,326,22,0,22,348
10/01/2022,LIH,HI,AWP,WE,Federal Contract Tower,84,2,3,2,91,0,212,13,0,225,84,214,16,2,316,56,0,56,372
10/02/2022,LIH,HI,AWP,WE,Federal Contract Tower,75,0,0,0,75,0,5,3,0,8,75,5,3,0,83,8,0,8,91
10/03/2022,LIH,HI,AWP,WE,Federal Contract Tower,84,8,0,5,97,0,250,4,6,260,84,258,4,11,357,166,0,166,523
10/04/2022,LIH,HI,AWP,WE,Federal Contract Tower,80,7,2,4,93,0,288,2,2,292,80,295,4,6,385,138,0,138,523
10/05/2022,LIH,HI,AWP,WE,Federal Contract Tower,83,7,0,2,92,0,230,6,4,240,83,237,6,6,332,76,0,76,408
10/06/2022,LIH,HI,AWP,WE,Federal Contract Tower,88,10,3,0,101,0,302,15,2,319,88,312,18,2,420,56,0,56,476
10/07/2022,LIH,HI,AWP,WE,Federal Contract Tower,86,11,3,0,100,0,251,2,0,253,86,262,5,0,353,33,0,33,386
10/08/2022,LIH,HI,AWP,WE,Federal Contract Tower,85,6,7,2,100,0,221,15,0,236,85,227,22,2,336,44,0,44,380
10/09/2022,LIH,HI,AWP,WE,Federal Contract Tower,77,11,4,0,92,0,200,12,4,216,77,211,16,4,308,30,0,30,338
10/10/2022,LIH,HI,AWP,WE,Federal Contract Tower,87,11,0,0,98,0,238,9,0,247,87,249,9,0,345,58,0,58,403
10/11/2022,LIH,HI,AWP,WE,Federal Contract Tower,80,15,3,0,98,0,152,8,0,160,80,167,11,0,258,42,0,42,300
10/12/2022,LIH,HI,AWP,WE,Federal Contract Tower,76,11,3,0,90,0,108,25,0,133,76,119,28,0,223,8,0,8,231
10/13/2022,LIH,HI,AWP,WE,Federal Contract Tower,81,12,1,2,96,0,237,8,0,245,81,249,9,2,341,56,0,56,397
10/14/2022,LIH,HI,AWP,WE,Federal Contract Tower,87,9,2,0,98,0,233,0,0,233,87,242,2,0,331,38,0,38,369
10/15/2022,LIH,HI,AWP,WE,Federal Contract Tower,86,3,7,0,96,0,240,3,0,243,86,243,10,0,339,42,0,42,381
10/16/2022,LIH,HI,AWP,WE,Federal Contract Tower,84,3,1,0,88,0,165,3,0,168,84,168,4,0,256,32,0,32,288
10/17/2022,LIH,HI,AWP,WE,Federal Contract Tower,85,11,0,1,97,0,217,10,0,227,85,228,10,1,324,52,0,52,376
10/18/2022,LIH,HI,AWP,WE,Federal Contract Tower,77,12,4,5,98,0,251,9,6,266,77,263,13,11,364,42,0,42,406
10/19/2022,LIH,HI,AWP,WE,Federal Contract Tower,84,13,0,2,99,0,28,0,2,30,84,41,0,4,129,22,0,22,151
10/20/2022,LIH,HI,AWP,WE,Federal Contract Tower,84,11,5,1,101,0,234,7,3,244,84,245,12,4,345,65,0,65,410
10/21/2022,LIH,HI,AWP,WE,Federal Contract Tower,88,10,2,4,104,0,227,12,0,239,88,237,14,4,343,46,0,46,389
10/22/2022,LIH,HI,AWP,WE,Federal Contract Tower,86,2,5,0,93,0,267,9,5,281,86,269,14,5,374,30,0,30,404
10/23/2022,LIH,HI,AWP,WE,Federal Contract Tower,82,4,0,0,86,0,162,2,0,164,82,166,2,0,250,58,0,58,308
10/24/2022,LIH,HI,AWP,WE,Federal Contract Tower,83,15,3,0,101,0,196,17,0,213,83,211,20,0,314,38,0,38,352
10/25/2022,LIH,HI,AWP,WE,Federal Contract Tower,81,9,4,3,97,0,226,20,7,253,81,235,24,10,350,30,0,30,380
10/26/2022,LIH,HI,AWP,WE,Federal Contract Tower,78,15,2,0,95,0,82,11,1,94,78,97,13,1,189,16,0,16,205
10/27/2022,LIH,HI,AWP,WE,Federal Contract Tower,86,14,3,2,105,0,297,9,2,308,86,311,12,4,413,48,4,52,465
10/28/2022,LIH,HI,AWP,WE,Federal Contract Tower,88,15,3,0,106,0,247,1,0,248,88,262,4,0,354,38,0,38,392
10/29/2022,LIH,HI,AWP,WE,Federal Contract Tower,87,12,11,2,112,0,153,8,0,161,87,165,19,2,273,33,0,33,306
10/30/2022,LIH,HI,AWP,WE,Federal Contract Tower,72,2,5,0,79,0,134,4,0,138,72,136,9,0,217,32,0,32,249
10/31/2022,LIH,HI,AWP,WE,Federal Contract Tower,84,10,3,0,97,0,176,23,0,199,84,186,26,0,296,76,0,76,372
11/01/2022,LIH,HI,AWP,WE,Federal Contract Tower,82,13,3,14,112,0,201,12,3,216,82,214,15,17,328,52,0,52,380
11/02/2022,LIH,HI,AWP,WE,Federal Contract Tower,88,10,4,3,105,0,173,16,0,189,88,183,20,3,294,30,0,30,324
11/03/2022,LIH,HI,AWP,WE,Federal Contract Tower,85,13,2,1,101,0,248,8,4,260,85,261,10,5,361,56,0,56,417
11/04/2022,LIH,HI,AWP,WE,Federal Contract Tower,88,11,1,0,100,0,203,13,1,217,88,214,14,1,317,42,0,42,359
11/05/2022,LIH,HI,AWP,WE,Federal Contract Tower,86,6,5,0,97,0,169,6,0,175,86,175,11,0,272,74,0,74,346
11/06/2022,LIH,HI,AWP,WE,Federal Contract Tower,82,1,6,2,91,0,110,3,0,113,82,111,9,2,204,38,0,38,242
11/07/2022,LIH,HI,AWP,WE,Federal Contract Tower,77,15,1,0,93,0,200,20,0,220,77,215,21,0,313,40,0,40,353
11/08/2022,LIH,HI,AWP,WE,Federal Contract Tower,79,14,2,1,96,0,172,12,3,187,79,186,14,4,283,40,0,40,323
11/09/2022,LIH,HI,AWP,WE,Federal Contract Tower,78,9,4,4,95,0,252,9,4,265,78,261,13,8,360,46,0,46,406
11/10/2022,LIH,HI,AWP,WE,Federal Contract Tower,85,11,3,0,99,0,246,13,3,262,85,257,16,3,361,44,0,44,405
11/11/2022,LIH,HI,AWP,WE,Federal Contract Tower,85,12,2,0,99,0,186,6,0,192,85,198,8,0,291,46,0,46,337
11/12/2022,LIH,HI,AWP,WE,Federal Contract Tower,86,2,9,0,97,0,121,1,2,124,86,123,10,2,221,28,0,28,249
11/13/2022,LIH,HI,AWP,WE,Federal Contract Tower,81,0,9,0,90,0,147,6,2,155,81,147,15,2,245,24,0,24,269
11/14/2022,LIH,HI,AWP,WE,Federal Contract Tower,82,14,0,8,104,0,193,6,0,199,82,207,6,8,303,38,0,38,341
11/15/2022,LIH,HI,AWP,WE,Federal Contract Tower,87,11,3,4,105,0,200,25,4,229,87,211,28,8,334,16,0,16,350
11/16/2022,LIH,HI,AWP,WE,Federal Contract Tower,83,7,3,1,94,0,204,25,2,231,83,211,28,3,325,20,0,20,345
11/17/2022,LIH,HI,AWP,WE,Federal Contract Tower,79,12,3,0,94,0,208,7,1,216,79,220,10,1,310,20,0,20,330
11/18/2022,LIH,HI,AWP,WE,Federal Contract Tower,87,10,8,2,107,0,216,4,2,222,87,226,12,4,329,30,0,30,359
11/19/2022,LIH,HI,AWP,WE,Federal Contract Tower,90,1,10,2,103,0,151,6,2,159,90,152,16,4,262,20,0,20,282
11/20/2022,LIH,HI,AWP,WE,Federal Contract Tower,82,0,4,2,88,0,168,2,3,173,82,168,6,5,261,88,4,92,353
11/21/2022,LIH,HI,AWP,WE,Federal Contract Tower,90,12,1,3,106,0,170,1,0,171,90,182,2,3,277,45,0,45,322
11/22/2022,LIH,HI,AWP,WE,Federal Contract Tower,83,16,4,6,109,0,220,6,3,229,83,236,10,9,338,60,0,60,398
11/23/2022,LIH,HI,AWP,WE,Federal Contract Tower,90,10,1,4,105,0,233,11,0,244,90,243,12,4,349,38,4,42,391
11/24/2022,LIH,HI,AWP,WE,Federal Contract Tower,78,0,0,0,78,0,0,0,0,0,78,0,0,0,78,2,0,2,80
11/25/2022,LIH,HI,AWP,WE,Federal Contract Tower,85,7,3,0,95,0,243,5,0,248,85,250,8,0,343,78,0,78,421
11/26/2022,LIH,HI,AWP,WE,Federal Contract Tower,83,6,7,0,96,0,236,8,0,244,83,242,15,0,340,24,0,24,364
11/27/2022,LIH,HI,AWP,WE,Federal Contract Tower,83,5,6,3,97,0,161,3,2,166,83,166,9,5,263,32,0,32,295
11/28/2022,LIH,HI,AWP,WE,Federal Contract Tower,89,17,3,2,111,0,106,6,1,113,89,123,9,3,224,38,0,38,262
11/29/2022,LIH,HI,AWP,WE,Federal Contract Tower,79,10,4,0,93,0,186,15,9,210,79,196,19,9,303,42,0,42,345
11/30/2022,LIH,HI,AWP,WE,Federal Contract Tower,84,10,5,2,101,0,161,24,2,187,84,171,29,4,288,66,0,66,354
12/01/2022,LIH,HI,AWP,WE,Federal Contract Tower,86,9,4,6,105,0,202,9,11,222,86,211,13,17,327,80,0,80,407
12/02/2022,LIH,HI,AWP,WE,Federal Contract Tower,81,10,1,1,93,0,145,3,5,153,81,155,4,6,246,107,0,107,353
12/03/2022,LIH,HI,AWP,WE,Federal Contract Tower,82,4,2,0,88,0,160,4,0,164,82,164,6,0,252,20,0,20,272
12/04/2022,LIH,HI,AWP,WE,Federal Contract Tower,75,2,4,0,81,0,158,8,0,166,75,160,12,0,247,52,0,52,299
12/05/2022,LIH,HI,AWP,WE,Federal Contract Tower,80,11,2,1,94,0,72,1,4,77,80,83,3,5,171,16,14,30,201
12/06/2022,LIH,HI,AWP,WE,Federal Contract Tower,80,15,1,8,104,0,122,13,2,137,80,137,14,10,241,26,2,28,269
12/07/2022,LIH,HI,AWP,WE,Federal Contract Tower,81,13,4,2,100,0,171,10,0,181,81,184,14,2,281,76,0,76,357
12/08/2022,LIH,HI,AWP,WE,Federal Contract Tower,81,11,2,2,96,0,202,13,0,215,81,213,15,2,311,48,0,48,359
12/09/2022,LIH,HI,AWP,WE,Federal Contract Tower,82,8,2,0,92,0,149,4,0,153,82,157,6,0,245,50,0,50,295
12/10/2022,LIH,HI,AWP,WE,Federal Contract Tower,87,3,6,8,104,0,169,2,2,173,87,172,8,10,277,28,0,28,305
12/11/2022,LIH,HI,AWP,WE,Federal Contract Tower,78,6,3,0,87,0,82,4,2,88,78,88,7,2,175,12,0,12,187
12/12/2022,LIH,HI,AWP,WE,Federal Contract Tower,86,9,2,0,97,0,164,4,0,168,86,173,6,0,265,33,0,33,298
12/13/2022,LIH,HI,AWP,WE,Federal Contract Tower,82,7,0,0,89,0,189,10,0,199,82,196,10,0,288,78,0,78,366
12/14/2022,LIH,HI,AWP,WE,Federal Contract Tower,82,11,8,0,101,0,188,13,0,201,82,199,21,0,302,58,0,58,360
12/15/2022,LIH,HI,AWP,WE,Federal Contract Tower,86,15,6,0,107,0,192,12,4,208,86,207,18,4,315,54,0,54,369
12/16/2022,LIH,HI,AWP,WE,Federal Contract Tower,87,9,3,0,99,0,131,5,0,136,87,140,8,0,235,14,0,14,249
12/17/2022,LIH,HI,AWP,WE,Federal Contract Tower,93,2,4,0,99,0,182,6,0,188,93,184,10,0,287,32,0,32,319
12/18/2022,LIH,HI,AWP,WE,Federal Contract Tower,85,7,4,0,96,0,0,0,0,0,85,7,4,0,96,0,0,0,96
12/19/2022,LIH,HI,AWP,WE,Federal Contract Tower,90,8,3,0,101,0,22,0,0,22,90,30,3,0,123,0,0,0,123
12/20/2022,LIH,HI,AWP,WE,Federal Contract Tower,76,11,1,0,88,0,191,9,4,204,76,202,10,4,292,42,0,42,334
12/21/2022,LIH,HI,AWP,WE,Federal Contract Tower,89,14,5,0,108,0,208,10,0,218,89,222,15,0,326,20,0,20,346
12/22/2022,LIH,HI,AWP,WE,Federal Contract Tower,88,11,8,0,107,0,278,5,1,284,88,289,13,1,391,42,0,42,433
12/23/2022,LIH,HI,AWP,WE,Federal Contract Tower,88,8,3,0,99,0,236,5,0,241,88,244,8,0,340,40,0,40,380
12/24/2022,LIH,HI,AWP,WE,Federal Contract Tower,85,1,5,0,91,0,273,5,0,278,85,274,10,0,369,42,0,42,411
12/25/2022,LIH,HI,AWP,WE,Federal Contract Tower,71,4,2,0,77,0,31,8,4,43,71,35,10,4,120,0,0,0,120
12/26/2022,LIH,HI,AWP,WE,Federal Contract Tower,80,4,4,2,90,0,278,12,3,293,80,282,16,5,383,26,0,26,409
12/27/2022,LIH,HI,AWP,WE,Federal Contract Tower,76,15,4,12,107,0,272,21,5,298,76,287,25,17,405,22,0,22,427
12/28/2022,LIH,HI,AWP,WE,Federal Contract Tower,86,12,9,0,107,0,273,14,2,289,86,285,23,2,396,34,0,34,430
12/29/2022,LIH,HI,AWP,WE,Federal Contract Tower,92,16,5,0,113,0,223,7,0,230,92,239,12,0,343,20,0,20,363
12/30/2022,LIH,HI,AWP,WE,Federal Contract Tower,96,10,4,0,110,0,324,11,0,335,96,334,15,0,445,28,0,28,473
12/31/2022,LIH,HI,AWP,WE,Federal Contract Tower,96,1,4,0,101,0,241,16,0,257,96,242,20,0,358,40,2,42,400
01/01/2023,LIH,HI,AWP,WE,Federal Contract Tower,85,6,11,0,102,0,152,6,0,158,85,158,17,0,260,20,0,20,280
01/02/2023,LIH,HI,AWP,WE,Federal Contract Tower,92,14,5,0,111,0,234,17,0,251,92,248,22,0,362,32,0,32,394
01/03/2023,LIH,HI,AWP,WE,Federal Contract Tower,83,9,9,0,101,0,187,15,0,202,83,196,24,0,303,22,0,22,325
01/04/2023,LIH,HI,AWP,WE,Federal Contract Tower,89,14,7,11,121,0,19,9,0,28,89,33,16,11,149,10,2,12,161
01/05/2023,LIH,HI,AWP,WE,Federal Contract Tower,90,15,2,2,109,0,309,19,0,328,90,324,21,2,437,50,0,50,487
01/06/2023,LIH,HI,AWP,WE,Federal Contract Tower,97,10,4,2,113,0,304,4,0,308,97,314,8,2,421,56,0,56,477
01/07/2023,LIH,HI,AWP,WE,Federal Contract Tower,82,4,11,1,98,0,189,0,4,193,82,193,11,5,291,44,8,52,343
01/08/2023,LIH,HI,AWP,WE,Federal Contract Tower,87,2,7,3,99,0,173,7,1,181,87,175,14,4,280,50,0,50,330
01/09/2023,LIH,HI,AWP,WE,Federal Contract Tower,92,13,5,6,116,0,202,11,0,213,92,215,16,6,329,49,0,49,378
01/10/2023,LIH,HI,AWP,WE,Federal Contract Tower,82,8,3,1,94,0,226,8,6,240,82,234,11,7,334,46,0,46,380
01/11/2023,LIH,HI,AWP,WE,Federal Contract Tower,89,8,3,0,100,0,193,17,0,210,89,201,20,0,310,42,0,42,352
01/12/2023,LIH,HI,AWP,WE,Federal Contract Tower,80,12,1,4,97,0,217,14,2,233,80,229,15,6,330,28,0,28,358
01/13/2023,LIH,HI,AWP,WE,Federal Contract Tower,88,13,1,0,102,0,227,4,0,231,88,240,5,0,333,50,0,50,383
01/14/2023,LIH,HI,AWP,WE,Federal Contract Tower,85,2,5,0,92,0,246,6,0,252,85,248,11,0,344,38,0,38,382
01/15/2023,LIH,HI,AWP,WE,Federal Contract Tower,82,2,2,0,86,0,150,2,0,152,82,152,4,0,238,26,0,26,264
01/16/2023,LIH,HI,AWP,WE,Federal Contract Tower,89,6,2,0,97,0,197,14,0,211,89,203,16,0,308,28,0,28,336
01/17/2023,LIH,HI,AWP,WE,Federal Contract Tower,85,16,2,0,103,0,190,12,3,205,85,206,14,3,308,34,0,34,342
01/18/2023,LIH,HI,AWP,WE,Federal Contract Tower,85,12,1,2,100,0,190,1,0,191,85,202,2,2,291,34,0,34,325
01/19/2023,LIH,HI,AWP,WE,Federal Contract Tower,91,6,4,5,106,0,42,4,2,48,91,48,8,7,154,24,0,24,178
01/20/2023,LIH,HI,AWP,WE,Federal Contract Tower,94,10,2,0,106,0,165,6,0,171,94,175,8,0,277,34,0,34,311
01/21/2023,LIH,HI,AWP,WE,Federal Contract Tower,88,0,5,0,93,0,12,1,0,13,88,12,6,0,106,16,0,16,122
01/23/2023,LIH,HI,AWP,WE,Federal Contract Tower,94,9,0,0,103,0,252,9,0,261,94,261,9,0,364,70,0,70,434
01/24/2023,LIH,HI,AWP,WE,Federal Contract Tower,87,9,3,2,101,0,170,7,2,179,87,179,10,4,280,30,4,34,314
01/25/2023,LIH,HI,AWP,WE,Federal Contract Tower,89,16,7,4,116,0,138,22,0,160,89,154,29,4,276,46,0,46,322
01/26/2023,LIH,HI,AWP,WE,Federal Contract Tower,88,14,1,4,107,0,286,23,0,309,88,300,24,4,416,90,0,90,506
01/27/2023,LIH,HI,AWP,WE,Federal Contract Tower,91,8,1,0,100,0,236,2,0,238,91,244,3,0,338,46,0,46,384
01/28/2023,LIH,HI,AWP,WE,Federal Contract Tower,86,5,10,0,101,0,153,4,0,157,86,158,14,0,258,50,0,50,308
01/30/2023,LIH,HI,AWP,WE,Federal Contract Tower,86,12,1,1,100,0,0,0,1,1,86,12,1,2,101,0,0,0,101
01/31/2023,LIH,HI,AWP,WE,Federal Contract Tower,85,13,2,6,106,0,235,0,0,235,85,248,2,6,341,36,0,36,377
02/01/2023,LIH,HI,AWP,WE,Federal Contract Tower,154,11,0,8,173,0,189,6,1,196,154,200,6,9,369,32,0,32,401
02/02/2023,LIH,HI,AWP,WE,Federal Contract Tower,88,11,0,1,100,0,208,14,0,222,88,219,14,1,322,36,0,36,358
02/03/2023,LIH,HI,AWP,WE,Federal Contract Tower,90,11,2,6,109,0,2,0,0,2,90,13,2,6,111,2,0,2,113
02/04/2023,LIH,HI,AWP,WE,Federal Contract Tower,83,1,7,0,91,0,0,2,0,2,83,1,9,0,93,0,0,0,93
02/05/2023,LIH,HI,AWP,WE,Federal Contract Tower,83,4,2,0,89,0,188,0,0,188,83,192,2,0,277,50,0,50,327
02/06/2023,LIH,HI,AWP,WE,Federal Contract Tower,85,11,2,4,102,0,203,13,1,217,85,214,15,5,319,40,0,40,359
02/07/2023,LIH,HI,AWP,WE,Federal Contract Tower,78,7,0,4,89,0,165,10,2,177,78,172,10,6,266,40,0,40,306
02/08/2023,LIH,HI,AWP,WE,Federal Contract Tower,84,11,5,4,104,0,161,5,3,169,84,172,10,7,273,33,0,33,306
02/09/2023,LIH,HI,AWP,WE,Federal Contract Tower,88,11,0,2,101,0,16,0,0,16,88,27,0,2,117,1,0,1,118
02/10/2023,LIH,HI,AWP,WE,Federal Contract Tower,86,10,0,1,97,0,33,0,0,33,86,43,0,1,130,8,0,8,138
02/11/2023,LIH,HI,AWP,WE,Federal Contract Tower,89,4,6,0,99,0,216,1,0,217,89,220,7,0,316,46,0,46,362
02/12/2023,LIH,HI,AWP,WE,Federal Contract Tower,84,7,1,0,92,0,135,2,0,137,84,142,3,0,229,24,0,24,253
02/13/2023,LIH,HI,AWP,WE,Federal Contract Tower,87,10,1,2,100,0,206,3,0,209,87,216,4,2,309,30,0,30,339
02/14/2023,LIH,HI,AWP,WE,Federal Contract Tower,84,12,13,2,111,0,204,2,0,206,84,216,15,2,317,38,0,38,355
02/15/2023,LIH,HI,AWP,WE,Federal Contract Tower,85,13,1,1,100,0,166,5,2,173,85,179,6,3,273,28,0,28,301
02/16/2023,LIH,HI,AWP,WE,Federal Contract Tower,90,17,1,9,117,0,292,13,1,306,90,309,14,10,423,26,0,26,449
02/17/2023,LIH,HI,AWP,WE,Federal Contract Tower,87,11,5,0,103,0,182,0,0,182,87,193,5,0,285,44,0,44,329
02/18/2023,LIH,HI,AWP,WE,Federal Contract Tower,88,2,7,1,98,0,7,2,0,9,88,9,9,1,107,8,0,8,115
02/19/2023,LIH,HI,AWP,WE,Federal Contract Tower,89,3,4,0,96,0,196,6,0,202,89,199,10,0,298,30,0,30,328
02/20/2023,LIH,HI,AWP,WE,Federal Contract Tower,91,5,2,0,98,0,60,27,0,87,91,65,29,0,185,34,0,34,219
02/21/2023,LIH,HI,AWP,WE,Federal Contract Tower,86,9,1,0,96,0,57,5,4,66,86,66,6,4,162,38,0,38,200
02/22/2023,LIH,HI,AWP,WE,Federal Contract Tower,88,12,2,6,108,0,134,14,0,148,88,146,16,6,256,36,0,36,292
02/23/2023,LIH,HI,AWP,WE,Federal Contract Tower,87,13,1,8,109,0,92,13,0,105,87,105,14,8,214,24,0,24,238
02/24/2023,LIH,HI,AWP,WE,Federal Contract Tower,90,12,3,0,105,0,244,0,6,250,90,256,3,6,355,48,0,48,403
02/25/2023,LIH,HI,AWP,WE,Federal Contract Tower,85,1,8,0,94,0,204,4,0,208,85,205,12,0,302,50,0,50,352
02/26/2023,LIH,HI,AWP,WE,Federal Contract Tower,82,3,5,3,93,0,213,0,5,218,82,216,5,8,311,66,0,66,377
02/27/2023,LIH,HI,AWP,WE,Federal Contract Tower,89,8,3,0,100,0,160,11,0,171,89,168,14,0,271,32,0,32,303
02/28/2023,LIH,HI,AWP,WE,Federal Contract Tower,87,10,1,6,104,0,142,8,8,158,87,152,9,14,262,51,8,59,321
03/01/2023,LIH,HI,AWP,WE,Federal Contract Tower,84,9,2,4,99,0,118,3,0,121,84,127,5,4,220,38,0,38,258
03/02/2023,LIH,HI,AWP,WE,Federal Contract Tower,84,13,2,2,101,0,190,7,2,199,84,203,9,4,300,34,0,34,334
03/03/2023,LIH,HI,AWP,WE,Federal Contract Tower,90,16,2,6,114,0,220,5,0,225,90,236,7,6,339,36,0,36,375
03/04/2023,LIH,HI,AWP,WE,Federal Contract Tower,87,0,10,10,107,0,206,3,0,209,87,206,13,10,316,58,0,58,374
03/05/2023,LIH,HI,AWP,WE,Federal Contract Tower,76,5,1,5,87,0,201,0,1,202,76,206,1,6,289,30,4,34,323
03/06/2023,LIH,HI,AWP,WE,Federal Contract Tower,96,7,2,16,121,0,259,7,7,273,96,266,9,23,394,46,0,46,440
03/07/2023,LIH,HI,AWP,WE,Federal Contract Tower,81,10,3,12,106,0,181,0,2,183,81,191,3,14,289,32,0,32,321
03/08/2023,LIH,HI,AWP,WE,Federal Contract Tower,84,11,2,0,97,0,15,0,3,18,84,26,2,3,115,2,0,2,117
03/09/2023,LIH,HI,AWP,WE,Federal Contract Tower,87,13,1,0,101,0,278,3,0,281,87,291,4,0,382,40,0,40,422
03/10/2023,LIH,HI,AWP,WE,Federal Contract Tower,90,8,0,0,98,0,217,3,2,222,90,225,3,2,320,40,0,40,360
03/11/2023,LIH,HI,AWP,WE,Federal Contract Tower,93,0,6,0,99,0,182,10,0,192,93,182,16,0,291,38,0,38,329
03/12/2023,LIH,HI,AWP,WE,Federal Contract Tower,87,0,2,0,89,0,124,2,0,126,87,124,4,0,215,48,0,48,263
03/13/2023,LIH,HI,AWP,WE,Federal Contract Tower,92,5,1,0,98,0,276,1,6,283,92,281,2,6,381,38,0,38,419
03/14/2023,LIH,HI,AWP,WE,Federal Contract Tower,85,10,11,0,106,0,12,1,0,13,85,22,12,0,119,20,0,20,139
03/15/2023,LIH,HI,AWP,WE,Federal Contract Tower,87,10,3,1,101,0,178,5,1,184,87,188,8,2,285,42,0,42,327
03/16/2023,LIH,HI,AWP,WE,Federal Contract Tower,92,14,2,2,110,0,306,0,2,308,92,320,2,4,418,32,0,32,450
03/17/2023,LIH,HI,AWP,WE,Federal Contract Tower,90,10,1,4,105,0,305,3,0,308,90,315,4,4,413,50,0,50,463
03/18/2023,LIH,HI,AWP,WE,Federal Contract Tower,91,2,6,0,99,0,253,8,0,261,91,255,14,0,360,38,0,38,398
03/19/2023,LIH,HI,AWP,WE,Federal Contract Tower,94,4,4,0,102,0,11,1,0,12,94,15,5,0,114,10,0,10,124
03/20/2023,LIH,HI,AWP,WE,Federal Contract Tower,92,13,2,14,121,0,233,8,0,241,92,246,10,14,362,66,2,68,430
03/21/2023,LIH,HI,AWP,WE,Federal Contract Tower,83,13,5,4,105,0,230,7,0,237,83,243,12,4,342,42,0,42,384
03/22/2023,LIH,HI,AWP,WE,Federal Contract Tower,87,15,1,4,107,0,187,17,5,209,87,202,18,9,316,28,0,28,344
03/23/2023,LIH,HI,AWP,WE,Federal Contract Tower,90,20,4,3,117,0,17,2,2,21,90,37,6,5,138,10,0,10,148
03/24/2023,LIH,HI,AWP,WE,Federal Contract Tower,94,15,16,0,125,0,265,11,0,276,94,280,27,0,401,20,0,20,421
03/25/2023,LIH,HI,AWP,WE,Federal Contract Tower,96,3,20,0,119,0,222,11,0,233,96,225,31,0,352,30,0,30,382
03/26/2023,LIH,HI,AWP,WE,Federal Contract Tower,95,8,10,1,114,0,185,9,0,194,95,193,19,1,308,52,0,52,360
03/27/2023,LIH,HI,AWP,WE,Federal Contract Tower,96,10,1,0,107,0,213,14,0,227,96,223,15,0,334,90,0,90,424
03/28/2023,LIH,HI,AWP,WE,Federal Contract Tower,87,17,10,2,116,0,200,4,12,216,87,217,14,14,332,66,10,76,408
03/29/2023,LIH,HI,AWP,WE,Federal Contract Tower,97,10,8,3,118,0,2,0,0,2,97,12,8,3,120,8,0,8,128
03/30/2023,LIH,HI,AWP,WE,Federal Contract Tower,90,10,3,4,107,0,259,5,4,268,90,269,8,8,375,40,0,40,415
03/31/2023,LIH,HI,AWP,WE,Federal Contract Tower,94,13,8,0,115,0,123,1,0,124,94,136,9,0,239,40,0,40,279
04/01/2023,LIH,HI,AWP,WE,Federal Contract Tower,91,7,4,0,102,0,10,0,0,10,91,17,4,0,112,24,0,24,136
04/02/2023,LIH,HI,AWP,WE,Federal Contract Tower,97,4,7,5,113,0,196,0,0,196,97,200,7,5,309,38,0,38,347
04/03/2023,LIH,HI,AWP,WE,Federal Contract Tower,96,24,2,2,124,0,246,15,4,265,96,270,17,6,389,20,0,20,409
04/04/2023,LIH,HI,AWP,WE,Federal Contract Tower,88,13,17,4,122,0,165,1,0,166,88,178,18,4,288,47,0,47,335
04/05/2023,LIH,HI,AWP,WE,Federal Contract Tower,92,12,5,10,119,0,263,14,2,279,92,275,19,12,398,16,0,16,414
04/06/2023,LIH,HI,AWP,WE,Federal Contract Tower,97,12,6,5,120,0,229,7,1,237,97,241,13,6,357,28,0,28,385
04/07/2023,LIH,HI,AWP,WE,Federal Contract Tower,99,10,3,6,118,0,231,2,0,233,99,241,5,6,351,46,0,46,397
04/08/2023,LIH,HI,AWP,WE,Federal Contract Tower,91,5,7,0,103,0,218,12,0,230,91,223,19,0,333,30,0,30,363
04/10/2023,LIH,HI,AWP,WE,Federal Contract Tower,95,9,1,0,105,0,237,10,1,248,95,246,11,1,353,28,0,28,381
04/11/2023,LIH,HI,AWP,WE,Federal Contract Tower,87,12,8,12,119,0,202,4,4,210,87,214,12,16,329,57,0,57,386
04/12/2023,LIH,HI,AWP,WE,Federal Contract Tower,91,9,10,3,113,0,199,16,1,216,91,208,26,4,329,66,0,66,395
04/13/2023,LIH,HI,AWP,WE,Federal Contract Tower,95,17,7,0,119,0,254,8,0,262,95,271,15,0,381,48,0,48,429
04/14/2023,LIH,HI,AWP,WE,Federal Contract Tower,98,9,7,4,118,0,216,0,0,216,98,225,7,4,334,80,0,80,414
04/15/2023,LIH,HI,AWP,WE,Federal Contract Tower,86,4,8,0,98,0,195,9,0,204,86,199,17,0,302,32,0,32,334
04/16/2023,LIH,HI,AWP,WE,Federal Contract Tower,95,5,4,0,104,0,193,5,0,198,95,198,9,0,302,30,0,30,332
04/17/2023,LIH,HI,AWP,WE,Federal Contract Tower,99,11,1,1,112,0,196,8,0,204,99,207,9,1,316,30,0,30,346
04/18/2023,LIH,HI,AWP,WE,Federal Contract Tower,72,12,0,0,84,2,6,3,0,11,74,18,3,0,95,4,0,4,99
04/19/2023,LIH,HI,AWP,WE,Federal Contract Tower,82,7,3,10,102,0,221,9,3,233,82,228,12,13,335,32,4,36,371
04/20/2023,LIH,HI,AWP,WE,Federal Contract Tower,96,9,7,4,116,0,259,8,5,272,96,268,15,9,388,28,0,28,416
04/21/2023,LIH,HI,AWP,WE,Federal Contract Tower,96,2,1,4,103,0,299,5,0,304,96,301,6,4,407,46,0,46,453
04/22/2023,LIH,HI,AWP,WE,Federal Contract Tower,93,3,5,0,101,0,216,11,0,227,93,219,16,0,328,42,0,42,370
04/23/2023,LIH,HI,AWP,WE,Federal Contract Tower,86,0,9,6,101,0,133,0,0,133,86,133,9,6,234,42,0,42,276
04/24/2023,LIH,HI,AWP,WE,Federal Contract Tower,98,13,0,5,116,0,37,0,3,40,98,50,0,8,156,26,0,26,182
04/25/2023,LIH,HI,AWP,WE,Federal Contract Tower,80,17,7,17,121,0,220,0,7,227,80,237,7,24,348,64,0,64,412
04/26/2023,LIH,HI,AWP,WE,Federal Contract Tower,100,12,3,2,117,0,226,13,4,243,100,238,16,6,360,30,0,30,390
04/27/2023,LIH,HI,AWP,WE,Federal Contract Tower,93,14,2,7,116,0,282,7,0,289,93,296,9,7,405,28,9,37,442
04/28/2023,LIH,HI,AWP,WE,Federal Contract Tower,93,8,1,8,110,0,54,2,0,56,93,62,3,8,166,24,0,24,190
04/29/2023,LIH,HI,AWP,WE,Federal Contract Tower,93,1,11,0,105,0,241,9,0,250,93,242,20,0,355,28,0,28,383
04/30/2023,LIH,HI,AWP,WE,Federal Contract Tower,87,4,3,8,102,0,221,2,0,223,87,225,5,8,325,38,0,38,363
05/01/2023,LIH,HI,AWP,WE,Federal Contract Tower,96,14,4,8,122,0,182,6,0,188,96,196,10,8,310,32,4,36,346
05/02/2023,LIH,HI,AWP,WE,Federal Contract Tower,86,12,2,3,103,0,146,0,0,146,86,158,2,3,249,22,0,22,271
05/03/2023,LIH,HI,AWP,WE,Federal Contract Tower,90,10,5,0,105,0,214,10,2,226,90,224,15,2,331,26,0,26,357
05/04/2023,LIH,HI,AWP,WE,Federal Contract Tower,96,15,5,1,117,0,277,4,0,281,96,292,9,1,398,44,0,44,442
05/05/2023,LIH,HI,AWP,WE,Federal Contract Tower,97,8,0,1,106,0,247,9,1,257,97,255,9,2,363,58,0,58,421
05/06/2023,LIH,HI,AWP,WE,Federal Contract Tower,90,0,5,0,95,0,228,2,0,230,90,228,7,0,325,24,0,24,349
05/07/2023,LIH,HI,AWP,WE,Federal Contract Tower,94,2,1,2,99,0,167,4,1,172,94,169,5,3,271,28,0,28,299
05/08/2023,LIH,HI,AWP,WE,Federal Contract Tower,93,11,1,8,113,0,218,4,4,226,93,229,5,12,339,28,0,28,367
05/09/2023,LIH,HI,AWP,WE,Federal Contract Tower,85,16,5,6,112,0,168,11,0,179,85,184,16,6,291,36,0,36,327
05/10/2023,LIH,HI,AWP,WE,Federal Contract Tower,91,12,1,5,109,0,233,7,0,240,91,245,8,5,349,52,0,52,401
05/11/2023,LIH,HI,AWP,WE,Federal Contract Tower,94,11,0,2,107,0,236,14,1,251,94,247,14,3,358,22,0,22,380
05/12/2023,LIH,HI,AWP,WE,Federal Contract Tower,83,10,1,2,96,0,237,4,0,241,83,247,5,2,337,28,0,28,365
05/13/2023,LIH,HI,AWP,WE,Federal Contract Tower,91,4,4,0,99,0,205,4,0,209,91,209,8,0,308,58,0,58,366
05/14/2023,LIH,HI,AWP,WE,Federal Contract Tower,80,5,1,0,86,0,181,3,0,184,80,186,4,0,270,98,0,98,368
05/15/2023,LIH,HI,AWP,WE,Federal Contract Tower,94,11,2,0,107,0,209,17,0,226,94,220,19,0,333,42,0,42,375
05/16/2023,LIH,HI,AWP,WE,Federal Contract Tower,82,12,2,2,98,0,229,16,1,246,82,241,18,3,344,36,0,36,380
05/17/2023,LIH,HI,AWP,WE,Federal Contract Tower,84,13,2,2,101,0,223,21,0,244,84,236,23,2,345,38,0,38,383
05/18/2023,LIH,HI,AWP,WE,Federal Contract Tower,93,14,3,0,110,0,48,10,0,58,93,62,13,0,168,22,0,22,190
05/19/2023,LIH,HI,AWP,WE,Federal Contract Tower,92,12,0,0,104,0,103,3,0,106,92,115,3,0,210,29,0,29,239
05/20/2023,LIH,HI,AWP,WE,Federal Contract Tower,94,10,1,0,105,0,256,0,0,256,94,266,1,0,361,24,0,24,385
05/21/2023,LIH,HI,AWP,WE,Federal Contract Tower,92,0,1,0,93,0,191,1,0,192,92,191,2,0,285,30,0,30,315
05/22/2023,LIH,HI,AWP,WE,Federal Contract Tower,96,7,0,3,106,0,202,15,1,218,96,209,15,4,324,26,0,26,350
05/23/2023,LIH,HI,AWP,WE,Federal Contract Tower,90,11,4,10,115,0,218,6,0,224,90,229,10,10,339,52,4,56,395
05/24/2023,LIH,HI,AWP,WE,Federal Contract Tower,78,9,3,2,92,0,199,13,4,216,78,208,16,6,308,52,0,52,360
05/25/2023,LIH,HI,AWP,WE,Federal Contract Tower,98,14,4,1,117,0,247,12,1,260,98,261,16,2,377,36,0,36,413
05/26/2023,LIH,HI,AWP,WE,Federal Contract Tower,103,8,1,2,114,0,282,6,0,288,103,290,7,2,402,46,0,46,448
05/27/2023,LIH,HI,AWP,WE,Federal Contract Tower,94,2,3,0,99,0,219,7,0,226,94,221,10,0,325,45,0,45,370
05/28/2023,LIH,HI,AWP,WE,Federal Contract Tower,90,0,2,0,92,0,171,1,0,172,90,171,3,0,264,62,0,62,326
05/29/2023,LIH,HI,AWP,WE,Federal Contract Tower,97,7,3,1,108,0,210,14,0,224,97,217,17,1,332,48,12,60,392
05/30/2023,LIH,HI,AWP,WE,Federal Contract Tower,89,14,0,2,105,0,202,4,0,206,89,216,4,2,311,30,0,30,341
05/31/2023,LIH,HI,AWP,WE,Federal Contract Tower,86,10,1,8,105,0,213,13,4,230,86,223,14,12,335,42,0,42,377
06/01/2023,LIH,HI,AWP,WE,Federal Contract Tower,96,13,8,5,122,0,214,14,0,228,96,227,22,5,350,46,0,46,396
06/02/2023,LIH,HI,AWP,WE,Federal Contract Tower,105,18,3,2,128,0,291,9,0,300,105,309,12,2,428,78,0,78,506
06/03/2023,LIH,HI,AWP,WE,Federal Contract Tower,94,6,1,0,101,0,208,8,0,216,94,214,9,0,317,31,0,31,348
06/05/2023,LIH,HI,AWP,WE,Federal Contract Tower,95,9,2,0,106,0,198,9,0,207,95,207,11,0,313,114,0,114,427
06/06/2023,LIH,HI,AWP,WE,Federal Contract Tower,93,16,0,9,118,0,233,15,0,248,93,249,15,9,366,78,0,78,444
06/07/2023,LIH,HI,AWP,WE,Federal Contract Tower,97,16,2,15,130,0,215,14,0,229,97,231,16,15,359,82,2,84,443
06/08/2023,LIH,HI,AWP,WE,Federal Contract Tower,101,13,3,4,121,0,237,10,5,252,101,250,13,9,373,90,0,90,463
06/09/2023,LIH,HI,AWP,WE,Federal Contract Tower,103,9,0,0,112,0,255,9,2,266,103,264,9,2,378,76,0,76,454
06/10/2023,LIH,HI,AWP,WE,Federal Contract Tower,103,3,0,0,106,0,198,11,0,209,103,201,11,0,315,34,0,34,349
06/11/2023,LIH,HI,AWP,WE,Federal Contract Tower,89,3,1,0,93,0,158,6,0,164,89,161,7,0,257,28,0,28,285
06/12/2023,LIH,HI,AWP,WE,Federal Contract Tower,98,12,2,2,114,0,209,3,0,212,98,221,5,2,326,36,0,36,362
06/13/2023,LIH,HI,AWP,WE,Federal Contract Tower,95,12,4,9,120,0,126,2,1,129,95,138,6,10,249,38,0,38,287
06/14/2023,LIH,HI,AWP,WE,Federal Contract Tower,95,9,2,1,107,0,273,3,2,278,95,282,5,3,385,20,0,20,405
06/15/2023,LIH,HI,AWP,WE,Federal Contract Tower,96,14,1,4,115,0,251,0,2,253,96,265,1,6,368,47,0,47,415
06/16/2023,LIH,HI,AWP,WE,Federal Contract Tower,103,5,1,0,109,0,202,0,10,212,103,207,1,10,321,66,0,66,387
06/17/2023,LIH,HI,AWP,WE,Federal Contract Tower,100,3,11,2,116,0,242,5,0,247,100,245,16,2,363,42,0,42,405
06/18/2023,LIH,HI,AWP,WE,Federal Contract Tower,89,2,1,0,92,0,211,5,1,217,89,213,6,1,309,38,0,38,347
06/19/2023,LIH,HI,AWP,WE,Federal Contract Tower,90,9,1,1,101,0,241,5,0,246,90,250,6,1,347,40,0,40,387
06/20/2023,LIH,HI,AWP,WE,Federal Contract Tower,94,15,6,2,117,0,261,3,0,264,94,276,9,2,381,40,0,40,421
06/21/2023,LIH,HI,AWP,WE,Federal Contract Tower,99,11,11,0,121,0,244,7,0,251,99,255,18,0,372,80,0,80,452
06/22/2023,LIH,HI,AWP,WE,Federal Contract Tower,95,13,2,5,115,0,226,10,3,239,95,239,12,8,354,38,0,38,392
06/23/2023,LIH,HI,AWP,WE,Federal Contract Tower,105,11,5,9,130,0,228,1,1,230,105,239,6,10,360,52,0,52,412
06/24/2023,LIH,HI,AWP,WE,Federal Contract Tower,92,6,1,0,99,0,213,2,3,218,92,219,3,3,317,60,2,62,379
06/25/2023,LIH,HI,AWP,WE,Federal Contract Tower,93,2,2,2,99,0,159,6,0,165,93,161,8,2,264,38,0,38,302
06/26/2023,LIH,HI,AWP,WE,Federal Contract Tower,99,7,0,5,111,0,204,4,1,209,99,211,4,6,320,36,0,36,356
06/27/2023,LIH,HI,AWP,WE,Federal Contract Tower,89,15,4,11,119,0,242,18,1,261,89,257,22,12,380,48,0,48,428
06/28/2023,LIH,HI,AWP,WE,Federal Contract Tower,96,7,3,0,106,0,184,18,0,202,96,191,21,0,308,38,0,38,346
06/29/2023,LIH,HI,AWP,WE,Federal Contract Tower,97,17,3,0,117,0,245,8,0,253,97,262,11,0,370,67,0,67,437
06/30/2023,LIH,HI,AWP,WE,Federal Contract Tower,101,14,3,0,118,0,262,18,2,282,101,276,21,2,400,53,0,53,453
07/01/2023,LIH,HI,AWP,WE,Federal Contract Tower,97,5,5,1,108,0,201,4,0,205,97,206,9,1,313,50,4,54,367
07/03/2023,LIH,HI,AWP,WE,Federal Contract Tower,94,10,2,0,106,0,219,16,0,235,94,229,18,0,341,62,0,62,403
07/04/2023,LIH,HI,AWP,WE,Federal Contract Tower,90,6,1,0,97,0,208,22,1,231,90,214,23,1,328,86,0,86,414
07/05/2023,LIH,HI,AWP,WE,Federal Contract Tower,91,8,0,2,101,0,221,22,0,243,91,229,22,2,344,46,0,46,390
07/06/2023,LIH,HI,AWP,WE,Federal Contract Tower,95,15,6,2,118,0,223,12,0,235,95,238,18,2,353,60,0,60,413
07/07/2023,LIH,HI,AWP,WE,Federal Contract Tower,100,8,1,0,109,0,275,4,1,280,100,283,5,1,389,43,0,43,432
07/08/2023,LIH,HI,AWP,WE,Federal Contract Tower,93,6,4,0,103,0,195,2,0,197,93,201,6,0,300,38,0,38,338
07/09/2023,LIH,HI,AWP,WE,Federal Contract Tower,92,2,5,0,99,0,156,6,0,162,92,158,11,0,261,38,0,38,299
07/10/2023,LIH,HI,AWP,WE,Federal Contract Tower,98,15,3,1,117,0,185,16,2,203,98,200,19,3,320,25,0,25,345
07/11/2023,LIH,HI,AWP,WE,Federal Contract Tower,89,11,2,3,105,0,114,9,4,127,89,125,11,7,232,66,0,66,298
07/12/2023,LIH,HI,AWP,WE,Federal Contract Tower,96,8,5,6,115,0,215,17,0,232,96,223,22,6,347,88,0,88,435
07/13/2023,LIH,HI,AWP,WE,Federal Contract Tower,96,10,2,2,110,0,235,14,0,249,96,245,16,2,359,68,0,68,427
07/14/2023,LIH,HI,AWP,WE,Federal Contract Tower,102,9,7,2,120,0,320,10,0,330,102,329,17,2,450,44,0,44,494
07/15/2023,LIH,HI,AWP,WE,Federal Contract Tower,99,2,4,3,108,0,244,10,0,254,99,246,14,3,362,50,0,50,412
07/16/2023,LIH,HI,AWP,WE,Federal Contract Tower,93,3,3,0,99,0,163,3,2,168,93,166,6,2,267,38,0,38,305
07/17/2023,LIH,HI,AWP,WE,Federal Contract Tower,101,10,2,2,115,0,224,13,3,240,101,234,15,5,355,46,0,46,401
07/18/2023,LIH,HI,AWP,WE,Federal Contract Tower,97,6,3,4,110,0,159,6,0,165,97,165,9,4,275,36,0,36,311
07/19/2023,LIH,HI,AWP,WE,Federal Contract Tower,97,11,2,0,110,0,89,0,0,89,97,100,2,0,199,10,0,10,209
07/20/2023,LIH,HI,AWP,WE,Federal Contract Tower,97,12,2,8,119,0,263,18,0,281,97,275,20,8,400,36,0,36,436
07/21/2023,LIH,HI,AWP,WE,Federal Contract Tower,102,10,4,0,116,0,226,0,0,226,102,236,4,0,342,46,0,46,388
07/22/2023,LIH,HI,AWP,WE,Federal Contract Tower,93,2,3,2,100,0,183,2,0,185,93,185,5,2,285,58,0,58,343
07/23/2023,LIH,HI,AWP,WE,Federal Contract Tower,93,3,4,0,100,0,126,1,0,127,93,129,5,0,227,36,0,36,263
07/24/2023,LIH,HI,AWP,WE,Federal Contract Tower,102,13,0,0,115,0,193,14,0,207,102,206,14,0,322,32,0,32,354
07/25/2023,LIH,HI,AWP,WE,Federal Contract Tower,93,12,2,10,117,0,226,5,0,231,93,238,7,10,348,38,0,38,386
07/26/2023,LIH,HI,AWP,WE,Federal Contract Tower,96,13,0,8,117,0,245,12,0,257,96,258,12,8,374,66,0,66,440
07/27/2023,LIH,HI,AWP,WE,Federal Contract Tower,95,10,2,0,107,0,274,6,0,280,95,284,8,0,387,36,0,36,423
07/28/2023,LIH,HI,AWP,WE,Federal Contract Tower,97,10,5,0,112,0,258,1,0,259,97,268,6,0,371,46,0,46,417
07/29/2023,LIH,HI,AWP,WE,Federal Contract Tower,93,1,1,2,97,0,150,5,0,155,93,151,6,2,252,48,0,48,300
07/30/2023,LIH,HI,AWP,WE,Federal Contract Tower,92,0,0,0,92,0,162,7,4,173,92,162,7,4,265,62,0,62,327
07/31/2023,LIH,HI,AWP,WE,Federal Contract Tower,98,16,1,8,123,0,246,12,0,258,98,262,13,8,381,48,0,48,429
08/01/2023,LIH,HI,AWP,WE,Federal Contract Tower,94,8,7,4,113,0,262,2,0,264,94,270,9,4,377,56,0,56,433
08/02/2023,LIH,HI,AWP,WE,Federal Contract Tower,96,6,1,6,109,0,203,10,0,213,96,209,11,6,322,26,0,26,348
08/03/2023,LIH,HI,AWP,WE,Federal Contract Tower,98,13,2,4,117,0,249,19,4,272,98,262,21,8,389,40,0,40,429
08/04/2023,LIH,HI,AWP,WE,Federal Contract Tower,98,10,2,1,111,0,238,0,3,241,98,248,2,4,352,42,0,42,394
08/05/2023,LIH,HI,AWP,WE,Federal Contract Tower,101,1,4,1,107,0,212,9,2,223,101,213,13,3,330,34,0,34,364
08/06/2023,LIH,HI,AWP,WE,Federal Contract Tower,95,10,2,2,109,0,144,3,0,147,95,154,5,2,256,42,0,42,298
08/07/2023,LIH,HI,AWP,WE,Federal Contract Tower,99,10,2,6,117,0,226,14,0,240,99,236,16,6,357,34,0,34,391
08/08/2023,LIH,HI,AWP,WE,Federal Contract Tower,94,9,1,4,108,0,70,1,0,71,94,79,2,4,179,40,0,40,219
08/09/2023,LIH,HI,AWP,WE,Federal Contract Tower,109,13,2,2,126,0,166,4,0,170,109,179,6,2,296,32,0,32,328
08/10/2023,LIH,HI,AWP,WE,Federal Contract Tower,97,8,3,0,108,0,305,12,0,317,97,313,15,0,425,42,0,42,467
08/11/2023,LIH,HI,AWP,WE,Federal Contract Tower,100,11,7,0,118,0,254,6,0,260,100,265,13,0,378,36,0,36,414
08/12/2023,LIH,HI,AWP,WE,Federal Contract Tower,97,3,3,0,103,0,274,11,0,285,97,277,14,0,388,46,0,46,434
08/13/2023,LIH,HI,AWP,WE,Federal Contract Tower,92,3,8,0,103,0,187,9,0,196,92,190,17,0,299,46,0,46,345
08/14/2023,LIH,HI,AWP,WE,Federal Contract Tower,98,8,1,0,107,0,248,22,0,270,98,256,23,0,377,46,0,46,423
08/15/2023,LIH,HI,AWP,WE,Federal Contract Tower,94,8,0,22,124,0,262,8,0,270,94,270,8,22,394,48,0,48,442
08/16/2023,LIH,HI,AWP,WE,Federal Contract Tower,93,15,1,4,113,0,218,17,4,239,93,233,18,8,352,16,0,16,368
08/17/2023,LIH,HI,AWP,WE,Federal Contract Tower,96,8,8,2,114,0,318,11,7,336,96,326,19,9,450,34,0,34,484
08/18/2023,LIH,HI,AWP,WE,Federal Contract Tower,99,10,4,2,115,0,312,9,0,321,99,322,13,2,436,34,0,34,470
08/19/2023,LIH,HI,AWP,WE,Federal Contract Tower,98,5,2,0,105,0,238,5,0,243,98,243,7,0,348,40,0,40,388
08/20/2023,LIH,HI,AWP,WE,Federal Contract Tower,88,3,4,0,95,0,183,13,0,196,88,186,17,0,291,58,0,58,349
08/21/2023,LIH,HI,AWP,WE,Federal Contract Tower,96,14,3,1,114,0,246,20,2,268,96,260,23,3,382,50,0,50,432
08/22/2023,LIH,HI,AWP,WE,Federal Contract Tower,99,9,7,6,121,0,199,20,2,221,99,208,27,8,342,52,0,52,394
08/23/2023,LIH,HI,AWP,WE,Federal Contract Tower,85,13,3,4,105,0,224,42,0,266,85,237,45,4,371,28,0,28,399
08/24/2023,LIH,HI,AWP,WE,Federal Contract Tower,96,6,5,6,113,0,257,9,0,266,96,263,14,6,379,29,0,29,408
08/25/2023,LIH,HI,AWP,WE,Federal Contract Tower,98,13,0,0,111,0,227,2,0,229,98,240,2,0,340,42,0,42,382
08/26/2023,LIH,HI,AWP,WE,Federal Contract Tower,99,5,10,0,114,0,205,10,2,217,99,210,20,2,331,48,0,48,379
08/27/2023,LIH,HI,AWP,WE,Federal Contract Tower,89,2,3,1,95,0,189,8,0,197,89,191,11,1,292,32,2,34,326
08/28/2023,LIH,HI,AWP,WE,Federal Contract Tower,97,9,2,7,115,0,232,17,3,252,97,241,19,10,367,50,0,50,417
08/29/2023,LIH,HI,AWP,WE,Federal Contract Tower,90,12,5,0,107,0,202,11,1,214,90,214,16,1,321,38,0,38,359
08/30/2023,LIH,HI,AWP,WE,Federal Contract Tower,94,11,1,8,114,0,192,13,3,208,94,203,14,11,322,46,0,46,368
08/31/2023,LIH,HI,AWP,WE,Federal Contract Tower,93,19,2,5,119,0,235,13,0,248,93,254,15,5,367,16,0,16,383
01/01/2020,LIH,HI,AWP,WE,Federal Contract Tower,84,5,2,0,91,0,155,4,0,159,84,160,6,0,250,8,0,8,258
01/02/2020,LIH,HI,AWP,WE,Federal Contract Tower,89,8,10,0,107,0,185,26,0,211,89,193,36,0,318,6,0,6,324
01/03/2020,LIH,HI,AWP,WE,Federal Contract Tower,90,14,10,0,114,0,223,4,0,227,90,237,14,0,341,42,0,42,383
01/04/2020,LIH,HI,AWP,WE,Federal Contract Tower,81,3,11,0,95,0,11,0,0,11,81,14,11,0,106,14,0,14,120
01/05/2020,LIH,HI,AWP,WE,Federal Contract Tower,86,2,3,10,101,0,162,6,0,168,86,164,9,10,269,36,2,38,307
01/06/2020,LIH,HI,AWP,WE,Federal Contract Tower,86,9,5,6,106,0,144,7,0,151,86,153,12,6,257,28,0,28,285
01/07/2020,LIH,HI,AWP,WE,Federal Contract Tower,78,10,0,10,98,0,118,4,0,122,78,128,4,10,220,28,0,28,248
01/08/2020,LIH,HI,AWP,WE,Federal Contract Tower,73,16,2,7,98,0,142,10,1,153,73,158,12,8,251,38,0,38,289
01/09/2020,LIH,HI,AWP,WE,Federal Contract Tower,72,14,2,2,90,0,55,8,0,63,72,69,10,2,153,14,0,14,167
01/10/2020,LIH,HI,AWP,WE,Federal Contract Tower,68,18,1,0,87,0,17,0,0,17,68,35,1,0,104,2,0,2,106
01/11/2020,LIH,HI,AWP,WE,Federal Contract Tower,80,2,11,4,97,0,4,1,0,5,80,6,12,4,102,35,2,37,139
01/12/2020,LIH,HI,AWP,WE,Federal Contract Tower,81,0,1,2,84,0,6,0,0,6,81,6,1,2,90,0,0,0,90
01/13/2020,LIH,HI,AWP,WE,Federal Contract Tower,78,18,0,10,106,0,12,4,0,16,78,30,4,10,122,16,0,16,138
01/14/2020,LIH,HI,AWP,WE,Federal Contract Tower,70,10,2,4,86,0,79,7,1,87,70,89,9,5,173,16,0,16,189
01/15/2020,LIH,HI,AWP,WE,Federal Contract Tower,73,15,5,4,97,0,82,0,0,82,73,97,5,4,179,16,0,16,195
01/16/2020,LIH,HI,AWP,WE,Federal Contract Tower,74,11,2,6,93,0,185,1,4,190,74,196,3,10,283,58,0,58,341
01/17/2020,LIH,HI,AWP,WE,Federal Contract Tower,74,6,3,10,93,0,109,1,3,113,74,115,4,13,206,24,0,24,230
01/18/2020,LIH,HI,AWP,WE,Federal Contract Tower,77,0,9,0,86,0,123,5,0,128,77,123,14,0,214,20,0,20,234
01/19/2020,LIH,HI,AWP,WE,Federal Contract Tower,75,2,2,7,86,0,103,1,0,104,75,105,3,7,190,18,0,18,208
01/20/2020,LIH,HI,AWP,WE,Federal Contract Tower,82,2,10,0,94,0,126,10,0,136,82,128,20,0,230,20,0,20,250
01/21/2020,LIH,HI,AWP,WE,Federal Contract Tower,70,9,1,9,89,0,119,10,4,133,70,128,11,13,222,30,4,34,256
01/22/2020,LIH,HI,AWP,WE,Federal Contract Tower,75,14,3,11,103,0,156,12,1,169,75,170,15,12,272,16,0,16,288
01/23/2020,LIH,HI,AWP,WE,Federal Contract Tower,83,27,5,3,118,0,189,14,2,205,83,216,19,5,323,110,0,110,433
01/24/2020,LIH,HI,AWP,WE,Federal Contract Tower,75,26,5,4,110,0,164,6,3,173,75,190,11,7,283,40,0,40,323
01/25/2020,LIH,HI,AWP,WE,Federal Contract Tower,79,0,6,0,85,0,129,10,0,139,79,129,16,0,224,64,0,64,288
01/26/2020,LIH,HI,AWP,WE,Federal Contract Tower,75,3,2,0,80,0,75,7,0,82,75,78,9,0,162,38,0,38,200
01/27/2020,LIH,HI,AWP,WE,Federal Contract Tower,86,32,1,1,120,0,170,10,2,182,86,202,11,3,302,49,24,73,375
01/28/2020,LIH,HI,AWP,WE,Federal Contract Tower,81,41,0,2,124,0,138,26,0,164,81,179,26,2,288,46,0,46,334
01/29/2020,LIH,HI,AWP,WE,Federal Contract Tower,82,16,1,6,105,0,92,12,0,104,82,108,13,6,209,42,6,48,257
01/30/2020,LIH,HI,AWP,WE,Federal Contract Tower,72,31,2,1,106,0,155,13,0,168,72,186,15,1,274,18,0,18,292
01/31/2020,LIH,HI,AWP,WE,Federal Contract Tower,87,7,0,7,101,0,128,20,0,148,87,135,20,7,249,84,7,91,340
02/01/2020,LIH,HI,AWP,WE,Federal Contract Tower,76,4,7,6,93,0,54,12,0,66,76,58,19,6,159,54,0,54,213
02/02/2020,LIH,HI,AWP,WE,Federal Contract Tower,71,7,2,6,86,0,77,5,0,82,71,84,7,6,168,10,0,10,178
02/03/2020,LIH,HI,AWP,WE,Federal Contract Tower,88,8,1,3,100,0,158,27,13,198,88,166,28,16,298,29,0,29,327
02/04/2020,LIH,HI,AWP,WE,Federal Contract Tower,76,8,0,3,87,0,131,16,2,149,76,139,16,5,236,38,0,38,274
02/05/2020,LIH,HI,AWP,WE,Federal Contract Tower,85,8,1,6,100,0,8,8,0,16,85,16,9,6,116,4,0,4,120
02/06/2020,LIH,HI,AWP,WE,Federal Contract Tower,82,12,1,10,105,0,114,8,1,123,82,126,9,11,228,22,0,22,250
02/07/2020,LIH,HI,AWP,WE,Federal Contract Tower,83,5,0,1,89,0,168,4,5,177,83,173,4,6,266,50,0,50,316
02/08/2020,LIH,HI,AWP,WE,Federal Contract Tower,76,4,6,1,87,0,172,5,0,177,76,176,11,1,264,74,0,74,338
02/09/2020,LIH,HI,AWP,WE,Federal Contract Tower,72,0,1,4,77,0,96,7,0,103,72,96,8,4,180,10,0,10,190
02/10/2020,LIH,HI,AWP,WE,Federal Contract Tower,88,11,1,7,107,0,27,6,0,33,88,38,7,7,140,8,0,8,148
02/11/2020,LIH,HI,AWP,WE,Federal Contract Tower,82,10,0,0,92,0,118,8,7,133,82,128,8,7,225,24,0,24,249
02/12/2020,LIH,HI,AWP,WE,Federal Contract Tower,87,8,1,6,102,13,193,18,1,225,100,201,19,7,327,19,0,19,346
02/13/2020,LIH,HI,AWP,WE,Federal Contract Tower,81,8,1,2,92,0,154,9,1,164,81,162,10,3,256,22,0,22,278
02/14/2020,LIH,HI,AWP,WE,Federal Contract Tower,85,5,2,0,92,0,190,2,0,192,85,195,4,0,284,42,0,42,326
02/15/2020,LIH,HI,AWP,WE,Federal Contract Tower,85,6,2,0,93,0,117,9,0,126,85,123,11,0,219,42,0,42,261
02/16/2020,LIH,HI,AWP,WE,Federal Contract Tower,80,3,1,0,84,0,79,11,0,90,80,82,12,0,174,8,0,8,182
02/17/2020,LIH,HI,AWP,WE,Federal Contract Tower,84,10,1,0,95,0,78,6,0,84,84,88,7,0,179,36,0,36,215
02/18/2020,LIH,HI,AWP,WE,Federal Contract Tower,89,9,0,1,99,0,108,12,0,120,89,117,12,1,219,46,0,46,265
02/19/2020,LIH,HI,AWP,WE,Federal Contract Tower,87,5,0,7,99,0,71,4,14,89,87,76,4,21,188,32,22,54,242
02/20/2020,LIH,HI,AWP,WE,Federal Contract Tower,83,10,0,1,94,0,115,7,0,122,83,125,7,1,216,50,0,50,266
02/21/2020,LIH,HI,AWP,WE,Federal Contract Tower,74,4,1,2,81,0,181,4,1,186,74,185,5,3,267,62,0,62,329
02/22/2020,LIH,HI,AWP,WE,Federal Contract Tower,85,2,1,1,89,0,140,7,0,147,85,142,8,1,236,38,10,48,284
02/23/2020,LIH,HI,AWP,WE,Federal Contract Tower,78,0,4,1,83,0,115,5,0,120,78,115,9,1,203,12,0,12,215
02/24/2020,LIH,HI,AWP,WE,Federal Contract Tower,80,8,1,10,99,0,180,8,2,190,80,188,9,12,289,44,6,50,339
02/25/2020,LIH,HI,AWP,WE,Federal Contract Tower,79,14,3,25,121,0,163,7,3,173,79,177,10,28,294,73,4,77,371
02/26/2020,LIH,HI,AWP,WE,Federal Contract Tower,76,9,2,12,99,0,149,12,2,163,76,158,14,14,262,36,0,36,298
02/27/2020,LIH,HI,AWP,WE,Federal Contract Tower,82,12,6,12,112,0,164,9,1,174,82,176,15,13,286,22,16,38,324
02/28/2020,LIH,HI,AWP,WE,Federal Contract Tower,88,7,2,0,97,0,131,8,0,139,88,138,10,0,236,30,0,30,266
02/29/2020,LIH,HI,AWP,WE,Federal Contract Tower,83,2,0,0,85,0,49,3,0,52,83,51,3,0,137,34,0,34,171
03/01/2020,LIH,HI,AWP,WE,Federal Contract Tower,83,4,3,0,90,0,20,4,0,24,83,24,7,0,114,20,0,20,134
03/02/2020,LIH,HI,AWP,WE,Federal Contract Tower,82,9,0,0,91,2,57,3,0,62,84,66,3,0,153,17,0,17,170
03/03/2020,LIH,HI,AWP,WE,Federal Contract Tower,78,15,6,9,108,0,191,12,1,204,78,206,18,10,312,19,14,33,345
03/04/2020,LIH,HI,AWP,WE,Federal Contract Tower,82,6,1,0,89,0,156,7,0,163,82,162,8,0,252,30,0,30,282
03/05/2020,LIH,HI,AWP,WE,Federal Contract Tower,78,17,3,9,107,0,172,7,0,179,78,189,10,9,286,26,6,32,318
03/06/2020,LIH,HI,AWP,WE,Federal Contract Tower,90,11,3,2,106,0,98,2,0,100,90,109,5,2,206,32,0,32,238
03/07/2020,LIH,HI,AWP,WE,Federal Contract Tower,93,5,5,1,104,0,27,2,0,29,93,32,7,1,133,12,5,17,150
03/08/2020,LIH,HI,AWP,WE,Federal Contract Tower,83,2,1,2,88,0,105,14,12,131,83,107,15,14,219,38,0,38,257
03/09/2020,LIH,HI,AWP,WE,Federal Contract Tower,86,8,3,0,97,0,143,7,0,150,86,151,10,0,247,20,0,20,267
03/10/2020,LIH,HI,AWP,WE,Federal Contract Tower,80,14,1,1,96,0,142,21,2,165,80,156,22,3,261,16,0,16,277
03/11/2020,LIH,HI,AWP,WE,Federal Contract Tower,91,0,0,4,95,0,171,27,4,202,91,171,27,8,297,14,6,20,317
03/12/2020,LIH,HI,AWP,WE,Federal Contract Tower,84,12,2,5,103,0,145,8,10,163,84,157,10,15,266,42,6,48,314
03/13/2020,LIH,HI,AWP,WE,Federal Contract Tower,85,8,3,0,96,0,122,14,0,136,85,130,17,0,232,26,0,26,258
03/14/2020,LIH,HI,AWP,WE,Federal Contract Tower,86,4,10,0,100,0,179,12,0,191,86,183,22,0,291,36,0,36,327
03/15/2020,LIH,HI,AWP,WE,Federal Contract Tower,83,4,3,0,90,0,92,6,2,100,83,96,9,2,190,16,0,16,206
03/16/2020,LIH,HI,AWP,WE,Federal Contract Tower,96,2,4,0,102,0,0,0,0,0,96,2,4,0,102,0,0,0,102
03/17/2020,LIH,HI,AWP,WE,Federal Contract Tower,87,9,2,0,98,0,0,2,0,2,87,9,4,0,100,0,0,0,100
03/18/2020,LIH,HI,AWP,WE,Federal Contract Tower,83,11,3,0,97,0,30,10,0,40,83,41,13,0,137,10,0,10,147
03/19/2020,LIH,HI,AWP,WE,Federal Contract Tower,87,14,2,0,103,0,70,4,2,76,87,84,6,2,179,12,0,12,191
03/20/2020,LIH,HI,AWP,WE,Federal Contract Tower,83,6,3,1,93,0,89,1,0,90,83,95,4,1,183,16,0,16,199
03/21/2020,LIH,HI,AWP,WE,Federal Contract Tower,84,7,2,6,99,0,39,4,0,43,84,46,6,6,142,6,0,6,148
03/22/2020,LIH,HI,AWP,WE,Federal Contract Tower,83,3,4,0,90,0,14,4,0,18,83,17,8,0,108,0,0,0,108
03/23/2020,LIH,HI,AWP,WE,Federal Contract Tower,84,10,5,3,102,0,24,4,0,28,84,34,9,3,130,28,2,30,160
03/24/2020,LIH,HI,AWP,WE,Federal Contract Tower,68,11,0,10,89,0,5,3,0,8,68,16,3,10,97,0,0,0,97
03/25/2020,LIH,HI,AWP,WE,Federal Contract Tower,68,6,3,0,77,0,2,4,0,6,68,8,7,0,83,4,0,4,87
03/26/2020,LIH,HI,AWP,WE,Federal Contract Tower,58,7,4,4,73,0,13,5,0,18,58,20,9,4,91,0,0,0,91
03/27/2020,LIH,HI,AWP,WE,Federal Contract Tower,31,11,2,5,49,0,0,4,0,4,31,11,6,5,53,0,4,4,57
03/28/2020,LIH,HI,AWP,WE,Federal Contract Tower,27,5,0,0,32,0,4,0,0,4,27,9,0,0,36,0,0,0,36
03/29/2020,LIH,HI,AWP,WE,Federal Contract Tower,34,0,0,0,34,0,0,2,0,2,34,0,2,0,36,0,0,0,36
03/30/2020,LIH,HI,AWP,WE,Federal Contract Tower,34,5,0,6,45,0,2,2,0,4,34,7,2,6,49,0,0,0,49
03/31/2020,LIH,HI,AWP,WE,Federal Contract Tower,32,11,0,4,47,0,12,4,3,19,32,23,4,7,66,8,4,12,78
04/01/2020,LIH,HI,AWP,WE,Federal Contract Tower,24,6,1,0,31,0,4,9,0,13,24,10,10,0,44,0,0,0,44
04/02/2020,LIH,HI,AWP,WE,Federal Contract Tower,22,8,1,18,49,0,7,4,0,11,22,15,5,18,60,3,15,18,78
04/03/2020,LIH,HI,AWP,WE,Federal Contract Tower,22,6,0,2,30,0,7,4,4,15,22,13,4,6,45,2,0,2,47
04/04/2020,LIH,HI,AWP,WE,Federal Contract Tower,18,2,2,0,22,0,1,7,0,8,18,3,9,0,30,0,0,0,30
04/05/2020,LIH,HI,AWP,WE,Federal Contract Tower,16,1,0,0,17,0,2,3,0,5,16,3,3,0,22,0,0,0,22
04/06/2020,LIH,HI,AWP,WE,Federal Contract Tower,22,5,1,0,28,0,14,0,0,14,22,19,1,0,42,4,0,4,46
04/07/2020,LIH,HI,AWP,WE,Federal Contract Tower,16,8,0,0,24,0,6,4,4,14,16,14,4,4,38,0,0,0,38
04/08/2020,LIH,HI,AWP,WE,Federal Contract Tower,16,16,2,4,38,0,7,5,3,15,16,23,7,7,53,0,0,0,53
04/09/2020,LIH,HI,AWP,WE,Federal Contract Tower,17,2,1,2,22,0,6,6,0,12,17,8,7,2,34,8,0,8,42
04/10/2020,LIH,HI,AWP,WE,Federal Contract Tower,17,5,1,0,23,0,4,4,0,8,17,9,5,0,31,0,0,0,31
04/11/2020,LIH,HI,AWP,WE,Federal Contract Tower,23,0,2,1,26,0,3,4,0,7,23,3,6,1,33,6,0,6,39
04/12/2020,LIH,HI,AWP,WE,Federal Contract Tower,13,3,1,1,18,0,3,0,0,3,13,6,1,1,21,2,6,8,29
04/13/2020,LIH,HI,AWP,WE,Federal Contract Tower,17,5,8,0,30,0,6,0,2,8,17,11,8,2,38,0,0,0,38
04/14/2020,LIH,HI,AWP,WE,Federal Contract Tower,13,10,3,8,34,0,6,14,4,24,13,16,17,12,58,4,0,4,62
04/15/2020,LIH,HI,AWP,WE,Federal Contract Tower,15,9,1,2,27,0,2,2,1,5,15,11,3,3,32,0,0,0,32
04/16/2020,LIH,HI,AWP,WE,Federal Contract Tower,15,7,0,2,24,0,11,4,4,19,15,18,4,6,43,0,14,14,57
04/17/2020,LIH,HI,AWP,WE,Federal Contract Tower,19,3,3,2,27,0,14,2,0,16,19,17,5,2,43,0,0,0,43
04/18/2020,LIH,HI,AWP,WE,Federal Contract Tower,17,2,0,0,19,0,7,5,2,14,17,9,5,2,33,0,0,0,33
04/19/2020,LIH,HI,AWP,WE,Federal Contract Tower,16,4,0,0,20,0,4,4,0,8,16,8,4,0,28,3,0,3,31
04/20/2020,LIH,HI,AWP,WE,Federal Contract Tower,14,2,1,0,17,0,9,4,0,13,14,11,5,0,30,2,0,2,32
04/21/2020,LIH,HI,AWP,WE,Federal Contract Tower,11,9,1,2,23,0,7,8,1,16,11,16,9,3,39,13,8,21,60
04/22/2020,LIH,HI,AWP,WE,Federal Contract Tower,15,9,1,2,27,0,14,8,2,24,15,23,9,4,51,12,0,12,63
04/23/2020,LIH,HI,AWP,WE,Federal Contract Tower,18,4,0,4,26,0,17,3,0,20,18,21,3,4,46,22,0,22,68
04/24/2020,LIH,HI,AWP,WE,Federal Contract Tower,18,5,2,6,31,0,12,4,0,16,18,17,6,6,47,14,0,14,61
04/25/2020,LIH,HI,AWP,WE,Federal Contract Tower,16,0,2,0,18,0,11,6,2,19,16,11,8,2,37,0,0,0,37
04/26/2020,LIH,HI,AWP,WE,Federal Contract Tower,13,4,0,1,18,0,4,0,0,4,13,8,0,1,22,0,6,6,28
04/27/2020,LIH,HI,AWP,WE,Federal Contract Tower,17,8,2,6,33,0,7,2,0,9,17,15,4,6,42,10,0,10,52
04/29/2020,LIH,HI,AWP,WE,Federal Contract Tower,15,10,2,4,31,0,6,2,0,8,15,16,4,4,39,0,0,0,39
04/30/2020,LIH,HI,AWP,WE,Federal Contract Tower,14,4,0,0,18,0,16,4,0,20,14,20,4,0,38,10,0,10,48
05/01/2020,LIH,HI,AWP,WE,Federal Contract Tower,21,4,1,0,26,0,7,9,3,19,21,11,10,3,45,6,3,9,54
05/02/2020,LIH,HI,AWP,WE,Federal Contract Tower,19,3,0,0,22,0,7,7,0,14,19,10,7,0,36,10,0,10,46
05/03/2020,LIH,HI,AWP,WE,Federal Contract Tower,13,1,1,2,17,0,6,3,0,9,13,7,4,2,26,0,4,4,30
05/04/2020,LIH,HI,AWP,WE,Federal Contract Tower,16,9,1,4,30,0,8,6,0,14,16,17,7,4,44,2,2,4,48
05/05/2020,LIH,HI,AWP,WE,Federal Contract Tower,13,12,0,8,33,0,8,7,0,15,13,20,7,8,48,6,0,6,54
05/06/2020,LIH,HI,AWP,WE,Federal Contract Tower,19,8,1,0,28,0,6,5,0,11,19,14,6,0,39,8,0,8,47
05/07/2020,LIH,HI,AWP,WE,Federal Contract Tower,19,6,0,5,30,0,3,0,0,3,19,9,0,5,33,4,8,12,45
05/08/2020,LIH,HI,AWP,WE,Federal Contract Tower,12,12,0,0,24,0,4,15,0,19,12,16,15,0,43,42,5,47,90
05/09/2020,LIH,HI,AWP,WE,Federal Contract Tower,17,2,0,0,19,0,6,4,1,11,17,8,4,1,30,2,0,2,32
05/10/2020,LIH,HI,AWP,WE,Federal Contract Tower,13,2,1,0,16,0,5,2,0,7,13,7,3,0,23,4,0,4,27
05/11/2020,LIH,HI,AWP,WE,Federal Contract Tower,23,4,0,8,35,0,7,13,3,23,23,11,13,11,58,9,4,13,71
05/12/2020,LIH,HI,AWP,WE,Federal Contract Tower,16,7,3,2,28,0,10,7,0,17,16,17,10,2,45,12,8,20,65
05/13/2020,LIH,HI,AWP,WE,Federal Contract Tower,17,6,1,10,34,0,17,13,0,30,17,23,14,10,64,10,8,18,82
05/14/2020,LIH,HI,AWP,WE,Federal Contract Tower,17,11,5,6,39,1,11,7,4,23,18,22,12,10,62,8,0,8,70
05/15/2020,LIH,HI,AWP,WE,Federal Contract Tower,14,10,2,6,32,0,6,8,0,14,14,16,10,6,46,2,0,2,48
05/16/2020,LIH,HI,AWP,WE,Federal Contract Tower,19,1,2,1,23,0,5,0,3,8,19,6,2,4,31,0,6,6,37
05/17/2020,LIH,HI,AWP,WE,Federal Contract Tower,13,2,0,0,15,0,3,0,0,3,13,5,0,0,18,0,0,0,18
05/18/2020,LIH,HI,AWP,WE,Federal Contract Tower,17,9,0,2,28,0,3,0,0,3,17,12,0,2,31,0,0,0,31
05/19/2020,LIH,HI,AWP,WE,Federal Contract Tower,16,15,1,4,36,0,11,6,0,17,16,26,7,4,53,8,0,8,61
05/20/2020,LIH,HI,AWP,WE,Federal Contract Tower,16,9,1,3,29,0,9,2,0,11,16,18,3,3,40,16,0,16,56
05/21/2020,LIH,HI,AWP,WE,Federal Contract Tower,22,9,0,13,44,0,7,2,1,10,22,16,2,14,54,6,3,9,63
05/22/2020,LIH,HI,AWP,WE,Federal Contract Tower,22,9,1,10,42,0,15,8,4,27,22,24,9,14,69,15,2,17,86
05/23/2020,LIH,HI,AWP,WE,Federal Contract Tower,20,3,3,0,26,0,5,12,0,17,20,8,15,0,43,0,0,0,43
05/24/2020,LIH,HI,AWP,WE,Federal Contract Tower,16,0,0,0,16,0,0,4,4,8,16,0,4,4,24,0,2,2,26
05/25/2020,LIH,HI,AWP,WE,Federal Contract Tower,17,2,2,6,27,0,7,4,1,12,17,9,6,7,39,12,2,14,53
05/26/2020,LIH,HI,AWP,WE,Federal Contract Tower,18,12,1,4,35,0,16,6,0,22,18,28,7,4,57,30,4,34,91
05/27/2020,LIH,HI,AWP,WE,Federal Contract Tower,15,11,8,4,38,0,4,5,0,9,15,15,13,4,47,0,0,0,47
05/28/2020,LIH,HI,AWP,WE,Federal Contract Tower,15,11,0,6,32,0,5,5,0,10,15,16,5,6,42,0,0,0,42
05/29/2020,LIH,HI,AWP,WE,Federal Contract Tower,16,9,4,5,34,1,3,8,2,14,17,12,12,7,48,14,6,20,68
05/30/2020,LIH,HI,AWP,WE,Federal Contract Tower,20,7,7,0,34,0,5,7,1,13,20,12,14,1,47,2,0,2,49
05/31/2020,LIH,HI,AWP,WE,Federal Contract Tower,17,0,3,0,20,0,0,4,1,5,17,0,7,1,25,0,0,0,25
06/01/2020,LIH,HI,AWP,WE,Federal Contract Tower,18,9,3,2,32,0,10,1,0,11,18,19,4,2,43,4,12,16,59
06/02/2020,LIH,HI,AWP,WE,Federal Contract Tower,21,15,8,15,59,0,17,9,0,26,21,32,17,15,85,6,12,18,103
06/03/2020,LIH,HI,AWP,WE,Federal Contract Tower,16,9,5,4,34,0,13,8,3,24,16,22,13,7,58,0,0,0,58
06/04/2020,LIH,HI,AWP,WE,Federal Contract Tower,17,11,9,4,41,0,13,9,1,23,17,24,18,5,64,6,0,6,70
06/05/2020,LIH,HI,AWP,WE,Federal Contract Tower,22,6,0,10,38,0,7,3,0,10,22,13,3,10,48,2,0,2,50
06/06/2020,LIH,HI,AWP,WE,Federal Contract Tower,19,4,4,0,27,0,5,2,2,9,19,9,6,2,36,0,0,0,36
06/07/2020,LIH,HI,AWP,WE,Federal Contract Tower,18,1,0,0,19,0,1,6,0,7,18,2,6,0,26,0,0,0,26
06/08/2020,LIH,HI,AWP,WE,Federal Contract Tower,21,9,2,6,38,0,18,0,0,18,21,27,2,6,56,10,0,10,66
06/09/2020,LIH,HI,AWP,WE,Federal Contract Tower,20,20,0,10,50,0,8,5,4,17,20,28,5,14,67,0,0,0,67
06/10/2020,LIH,HI,AWP,WE,Federal Contract Tower,19,9,1,2,31,0,7,11,0,18,19,16,12,2,49,6,0,6,55
06/11/2020,LIH,HI,AWP,WE,Federal Contract Tower,20,10,2,6,38,0,16,5,2,23,20,26,7,8,61,20,0,20,81
06/12/2020,LIH,HI,AWP,WE,Federal Contract Tower,19,10,2,6,37,0,4,0,2,6,19,14,2,8,43,9,3,12,55
06/13/2020,LIH,HI,AWP,WE,Federal Contract Tower,21,0,1,0,22,0,18,5,0,23,21,18,6,0,45,14,0,14,59
06/14/2020,LIH,HI,AWP,WE,Federal Contract Tower,19,5,1,0,25,0,0,10,0,10,19,5,11,0,35,4,0,4,39
06/15/2020,LIH,HI,AWP,WE,Federal Contract Tower,20,9,2,8,39,0,22,14,7,43,20,31,16,15,82,12,10,22,104
06/16/2020,LIH,HI,AWP,WE,Federal Contract Tower,23,14,2,4,43,0,15,16,4,35,23,29,18,8,78,2,0,2,80
06/17/2020,LIH,HI,AWP,WE,Federal Contract Tower,27,8,0,4,39,0,13,11,2,26,27,21,11,6,65,6,0,6,71
06/18/2020,LIH,HI,AWP,WE,Federal Contract Tower,24,11,2,9,46,0,3,9,2,14,24,14,11,11,60,2,6,8,68
06/19/2020,LIH,HI,AWP,WE,Federal Contract Tower,25,8,0,0,33,0,9,2,0,11,25,17,2,0,44,8,0,8,52
06/20/2020,LIH,HI,AWP,WE,Federal Contract Tower,21,3,4,0,28,0,5,5,0,10,21,8,9,0,38,0,0,0,38
06/21/2020,LIH,HI,AWP,WE,Federal Contract Tower,22,1,0,0,23,0,0,4,0,4,22,1,4,0,27,0,0,0,27
06/22/2020,LIH,HI,AWP,WE,Federal Contract Tower,23,10,5,1,39,0,15,5,18,38,23,25,10,19,77,46,0,46,123
06/23/2020,LIH,HI,AWP,WE,Federal Contract Tower,25,12,0,1,38,0,17,26,5,48,25,29,26,6,86,26,0,26,112
06/24/2020,LIH,HI,AWP,WE,Federal Contract Tower,27,8,1,12,48,0,12,19,7,38,27,20,20,19,86,0,12,12,98
06/25/2020,LIH,HI,AWP,WE,Federal Contract Tower,24,10,0,0,34,0,23,0,6,29,24,33,0,6,63,14,0,14,77
06/26/2020,LIH,HI,AWP,WE,Federal Contract Tower,26,9,5,0,40,0,16,12,2,30,26,25,17,2,70,10,0,10,80
06/27/2020,LIH,HI,AWP,WE,Federal Contract Tower,23,0,10,6,39,0,4,3,0,7,23,4,13,6,46,4,0,4,50
06/28/2020,LIH,HI,AWP,WE,Federal Contract Tower,26,4,2,1,33,0,2,3,0,5,26,6,5,1,38,0,8,8,46
06/29/2020,LIH,HI,AWP,WE,Federal Contract Tower,29,8,1,7,45,0,30,7,3,40,29,38,8,10,85,4,0,4,89
06/30/2020,LIH,HI,AWP,WE,Federal Contract Tower,26,9,1,0,36,0,15,5,13,33,26,24,6,13,69,8,0,8,77
07/01/2020,LIH,HI,AWP,WE,Federal Contract Tower,28,8,4,7,47,0,10,20,1,31,28,18,24,8,78,12,0,12,90
07/02/2020,LIH,HI,AWP,WE,Federal Contract Tower,36,10,7,0,53,0,18,8,0,26,36,28,15,0,79,24,0,24,103
07/03/2020,LIH,HI,AWP,WE,Federal Contract Tower,29,4,4,1,38,0,10,8,11,29,29,14,12,12,67,14,0,14,81
07/04/2020,LIH,HI,AWP,WE,Federal Contract Tower,23,0,5,3,31,0,0,2,0,2,23,0,7,3,33,0,8,8,41
07/05/2020,LIH,HI,AWP,WE,Federal Contract Tower,30,6,4,7,47,0,7,4,0,11,30,13,8,7,58,21,2,23,81
07/06/2020,LIH,HI,AWP,WE,Federal Contract Tower,26,9,1,0,36,0,11,9,0,20,26,20,10,0,56,2,0,2,58
07/07/2020,LIH,HI,AWP,WE,Federal Contract Tower,38,15,0,4,57,0,13,7,4,24,38,28,7,8,81,2,2,4,85
07/08/2020,LIH,HI,AWP,WE,Federal Contract Tower,27,9,0,4,40,0,5,13,0,18,27,14,13,4,58,8,0,8,66
07/09/2020,LIH,HI,AWP,WE,Federal Contract Tower,31,9,0,3,43,0,9,4,2,15,31,18,4,5,58,0,8,8,66
07/10/2020,LIH,HI,AWP,WE,Federal Contract Tower,26,12,5,6,49,0,10,2,0,12,26,22,7,6,61,2,0,2,63
07/11/2020,LIH,HI,AWP,WE,Federal Contract Tower,26,4,8,1,39,0,4,4,0,8,26,8,12,1,47,0,0,0,47
07/12/2020,LIH,HI,AWP,WE,Federal Contract Tower,26,4,1,2,33,0,0,1,0,1,26,4,2,2,34,0,0,0,34
07/13/2020,LIH,HI,AWP,WE,Federal Contract Tower,27,9,0,2,38,0,2,8,2,12,27,11,8,4,50,0,6,6,56
07/14/2020,LIH,HI,AWP,WE,Federal Contract Tower,28,13,1,4,46,0,7,6,3,16,28,20,7,7,62,6,0,6,68
07/15/2020,LIH,HI,AWP,WE,Federal Contract Tower,29,10,2,0,41,0,12,8,6,26,29,22,10,6,67,5,0,5,72
07/16/2020,LIH,HI,AWP,WE,Federal Contract Tower,30,12,2,9,53,0,18,12,0,30,30,30,14,9,83,4,0,4,87
07/17/2020,LIH,HI,AWP,WE,Federal Contract Tower,26,15,0,0,41,0,16,3,4,23,26,31,3,4,64,12,0,12,76
07/18/2020,LIH,HI,AWP,WE,Federal Contract Tower,25,7,5,0,37,0,9,18,0,27,25,16,23,0,64,0,0,0,64
07/19/2020,LIH,HI,AWP,WE,Federal Contract Tower,25,5,2,0,32,0,2,2,0,4,25,7,4,0,36,0,0,0,36
07/20/2020,LIH,HI,AWP,WE,Federal Contract Tower,29,11,2,6,48,0,5,2,0,7,29,16,4,6,55,6,0,6,61
07/21/2020,LIH,HI,AWP,WE,Federal Contract Tower,30,10,5,5,50,0,12,9,2,23,30,22,14,7,73,18,0,18,91
07/22/2020,LIH,HI,AWP,WE,Federal Contract Tower,28,12,1,8,49,0,2,1,1,4,28,14,2,9,53,0,0,0,53
07/23/2020,LIH,HI,AWP,WE,Federal Contract Tower,30,7,5,8,50,0,21,8,2,31,30,28,13,10,81,12,0,12,93
07/24/2020,LIH,HI,AWP,WE,Federal Contract Tower,31,12,0,6,49,0,12,11,0,23,31,24,11,6,72,59,2,61,133
07/25/2020,LIH,HI,AWP,WE,Federal Contract Tower,21,3,8,0,32,0,6,1,0,7,21,9,9,0,39,16,0,16,55
07/26/2020,LIH,HI,AWP,WE,Federal Contract Tower,0,0,1,0,1,0,5,0,2,7,0,5,1,2,8,2,0,2,10
07/27/2020,LIH,HI,AWP,WE,Federal Contract Tower,24,13,1,0,38,0,5,0,0,5,24,18,1,0,43,0,0,0,43
07/28/2020,LIH,HI,AWP,WE,Federal Contract Tower,30,11,0,5,46,0,6,5,1,12,30,17,5,6,58,6,4,10,68
07/29/2020,LIH,HI,AWP,WE,Federal Contract Tower,29,12,0,10,51,0,9,21,0,30,29,21,21,10,81,28,0,28,109
07/30/2020,LIH,HI,AWP,WE,Federal Contract Tower,31,11,3,10,55,0,9,4,2,15,31,20,7,12,70,10,8,18,88
07/31/2020,LIH,HI,AWP,WE,Federal Contract Tower,29,13,0,4,46,0,14,10,1,25,29,27,10,5,71,12,0,12,83
08/01/2020,LIH,HI,AWP,WE,Federal Contract Tower,27,3,3,1,34,0,11,10,0,21,27,14,13,1,55,37,0,37,92
08/02/2020,LIH,HI,AWP,WE,Federal Contract Tower,32,4,1,4,41,0,2,9,0,11,32,6,10,4,52,6,4,10,62
08/03/2020,LIH,HI,AWP,WE,Federal Contract Tower,33,8,1,2,44,0,17,8,0,25,33,25,9,2,69,4,10,14,83
08/04/2020,LIH,HI,AWP,WE,Federal Contract Tower,26,6,2,4,38,0,15,19,1,35,26,21,21,5,73,36,0,36,109
08/05/2020,LIH,HI,AWP,WE,Federal Contract Tower,27,8,3,0,38,0,2,14,0,16,27,10,17,0,54,0,0,0,54
08/06/2020,LIH,HI,AWP,WE,Federal Contract Tower,33,14,11,9,67,0,37,4,0,41,33,51,15,9,108,14,12,26,134
08/07/2020,LIH,HI,AWP,WE,Federal Contract Tower,32,7,0,2,41,0,10,6,2,18,32,17,6,4,59,26,0,26,85
08/08/2020,LIH,HI,AWP,WE,Federal Contract Tower,26,17,0,0,43,0,7,29,0,36,26,24,29,0,79,14,0,14,93
08/09/2020,LIH,HI,AWP,WE,Federal Contract Tower,29,2,1,0,32,0,4,7,0,11,29,6,8,0,43,2,0,2,45
08/10/2020,LIH,HI,AWP,WE,Federal Contract Tower,35,8,1,6,50,0,20,11,0,31,35,28,12,6,81,20,6,26,107
08/11/2020,LIH,HI,AWP,WE,Federal Contract Tower,27,9,9,2,47,0,8,16,4,28,27,17,25,6,75,20,0,20,95
08/12/2020,LIH,HI,AWP,WE,Federal Contract Tower,19,8,18,3,48,0,13,13,11,37,19,21,31,14,85,12,0,12,97
08/13/2020,LIH,HI,AWP,WE,Federal Contract Tower,21,14,14,4,53,0,8,17,0,25,21,22,31,4,78,20,0,20,98
08/14/2020,LIH,HI,AWP,WE,Federal Contract Tower,20,9,3,1,33,0,17,17,1,35,20,26,20,2,68,26,0,26,94
08/15/2020,LIH,HI,AWP,WE,Federal Contract Tower,21,2,2,0,25,0,5,11,0,16,21,7,13,0,41,2,0,2,43
08/16/2020,LIH,HI,AWP,WE,Federal Contract Tower,19,2,0,0,21,0,5,9,0,14,19,7,9,0,35,25,0,25,60
08/17/2020,LIH,HI,AWP,WE,Federal Contract Tower,22,7,3,4,36,0,25,6,1,32,22,32,9,5,68,6,0,6,74
08/18/2020,LIH,HI,AWP,WE,Federal Contract Tower,19,11,0,1,31,0,9,11,2,22,19,20,11,3,53,18,0,18,71
08/19/2020,LIH,HI,AWP,WE,Federal Contract Tower,18,9,2,2,31,0,12,3,0,15,18,21,5,2,46,18,4,22,68
08/20/2020,LIH,HI,AWP,WE,Federal Contract Tower,23,10,5,3,41,0,9,7,3,19,23,19,12,6,60,16,0,16,76
08/21/2020,LIH,HI,AWP,WE,Federal Contract Tower,18,12,2,0,32,0,9,9,2,20,18,21,11,2,52,2,0,2,54
08/22/2020,LIH,HI,AWP,WE,Federal Contract Tower,23,1,1,8,33,0,3,7,0,10,23,4,8,8,43,18,0,18,61
08/23/2020,LIH,HI,AWP,WE,Federal Contract Tower,21,2,3,8,34,0,4,2,0,6,21,6,5,8,40,29,0,29,69
08/24/2020,LIH,HI,AWP,WE,Federal Contract Tower,21,11,0,3,35,0,17,4,3,24,21,28,4,6,59,18,4,22,81
08/25/2020,LIH,HI,AWP,WE,Federal Contract Tower,21,11,0,1,33,0,7,13,0,20,21,18,13,1,53,34,8,42,95
08/26/2020,LIH,HI,AWP,WE,Federal Contract Tower,19,9,1,4,33,0,5,7,4,16,19,14,8,8,49,24,0,24,73
08/27/2020,LIH,HI,AWP,WE,Federal Contract Tower,20,16,1,0,37,0,12,4,1,17,20,28,5,1,54,4,28,32,86
08/28/2020,LIH,HI,AWP,WE,Federal Contract Tower,18,9,0,7,34,0,9,8,5,22,18,18,8,12,56,30,8,38,94
08/29/2020,LIH,HI,AWP,WE,Federal Contract Tower,20,1,1,0,22,0,5,5,0,10,20,6,6,0,32,0,0,0,32
08/30/2020,LIH,HI,AWP,WE,Federal Contract Tower,16,8,0,0,24,0,1,1,0,2,16,9,1,0,26,6,0,6,32
08/31/2020,LIH,HI,AWP,WE,Federal Contract Tower,21,13,6,4,44,0,22,3,0,25,21,35,9,4,69,6,12,18,87
09/01/2020,LIH,HI,AWP,WE,Federal Contract Tower,17,11,3,5,36,0,1,4,1,6,17,12,7,6,42,4,6,10,52
09/02/2020,LIH,HI,AWP,WE,Federal Contract Tower,18,8,4,5,35,0,9,6,1,16,18,17,10,6,51,6,8,14,65
09/03/2020,LIH,HI,AWP,WE,Federal Contract Tower,18,12,3,2,35,0,15,8,0,23,18,27,11,2,58,36,12,48,106
09/04/2020,LIH,HI,AWP,WE,Federal Contract Tower,18,15,2,0,35,0,9,3,0,12,18,24,5,0,47,34,0,34,81
09/05/2020,LIH,HI,AWP,WE,Federal Contract Tower,20,3,0,0,23,0,3,12,0,15,20,6,12,0,38,10,0,10,48
09/06/2020,LIH,HI,AWP,WE,Federal Contract Tower,15,2,1,0,18,1,4,7,0,12,16,6,8,0,30,66,0,66,96
09/07/2020,LIH,HI,AWP,WE,Federal Contract Tower,17,5,1,0,23,0,22,5,0,27,17,27,6,0,50,28,0,28,78
09/08/2020,LIH,HI,AWP,WE,Federal Contract Tower,14,13,7,4,38,0,22,20,2,44,14,35,27,6,82,60,0,60,142
09/09/2020,LIH,HI,AWP,WE,Federal Contract Tower,17,5,5,7,34,0,17,7,0,24,17,22,12,7,58,12,0,12,70
09/10/2020,LIH,HI,AWP,WE,Federal Contract Tower,19,12,2,4,37,0,18,9,2,29,19,30,11,6,66,39,1,40,106
09/11/2020,LIH,HI,AWP,WE,Federal Contract Tower,17,15,0,1,33,1,25,7,1,34,18,40,7,2,67,52,1,53,120
09/12/2020,LIH,HI,AWP,WE,Federal Contract Tower,19,1,2,1,23,0,6,8,0,14,19,7,10,1,37,24,0,24,61
09/13/2020,LIH,HI,AWP,WE,Federal Contract Tower,14,5,3,0,22,0,5,9,0,14,14,10,12,0,36,21,0,21,57
09/14/2020,LIH,HI,AWP,WE,Federal Contract Tower,19,9,3,0,31,0,14,22,0,36,19,23,25,0,67,30,0,30,97
09/15/2020,LIH,HI,AWP,WE,Federal Contract Tower,16,13,0,14,43,0,17,10,2,29,16,30,10,16,72,42,6,48,120
09/16/2020,LIH,HI,AWP,WE,Federal Contract Tower,16,7,4,11,38,0,16,8,4,28,16,23,12,15,66,14,8,22,88
09/17/2020,LIH,HI,AWP,WE,Federal Contract Tower,17,12,3,7,39,0,4,2,4,10,17,16,5,11,49,0,4,4,53
09/18/2020,LIH,HI,AWP,WE,Federal Contract Tower,16,15,3,3,37,0,14,8,2,24,16,29,11,5,61,34,0,34,95
09/19/2020,LIH,HI,AWP,WE,Federal Contract Tower,20,4,4,0,28,0,6,7,0,13,20,10,11,0,41,16,0,16,57
09/20/2020,LIH,HI,AWP,WE,Federal Contract Tower,18,1,0,3,22,0,0,12,4,16,18,1,12,7,38,24,0,24,62
09/21/2020,LIH,HI,AWP,WE,Federal Contract Tower,20,12,0,0,32,0,28,6,0,34,20,40,6,0,66,70,0,70,136
09/22/2020,LIH,HI,AWP,WE,Federal Contract Tower,17,15,11,0,43,0,18,9,0,27,17,33,20,0,70,38,0,38,108
09/23/2020,LIH,HI,AWP,WE,Federal Contract Tower,17,2,1,0,20,0,13,12,6,31,17,15,13,6,51,12,0,12,63
09/24/2020,LIH,HI,AWP,WE,Federal Contract Tower,14,13,0,11,38,0,7,4,0,11,14,20,4,11,49,30,0,30,79
09/25/2020,LIH,HI,AWP,WE,Federal Contract Tower,21,17,0,4,42,0,6,1,1,8,21,23,1,5,50,16,10,26,76
09/26/2020,LIH,HI,AWP,WE,Federal Contract Tower,24,2,0,0,26,0,9,23,0,32,24,11,23,0,58,12,8,20,78
09/27/2020,LIH,HI,AWP,WE,Federal Contract Tower,14,3,0,0,17,0,1,24,0,25,14,4,24,0,42,10,0,10,52
09/28/2020,LIH,HI,AWP,WE,Federal Contract Tower,19,11,1,3,34,0,2,5,1,8,19,13,6,4,42,26,21,47,89
09/29/2020,LIH,HI,AWP,WE,Federal Contract Tower,16,8,0,3,27,0,15,6,1,22,16,23,6,4,49,16,0,16,65
09/30/2020,LIH,HI,AWP,WE,Federal Contract Tower,17,6,1,3,27,0,16,11,0,27,17,22,12,3,54,4,0,4,58
10/01/2020,LIH,HI,AWP,WE,Federal Contract Tower,17,8,0,0,25,0,15,6,0,21,17,23,6,0,46,2,0,2,48
10/02/2020,LIH,HI,AWP,WE,Federal Contract Tower,21,8,6,0,35,0,20,3,0,23,21,28,9,0,58,10,2,12,70
10/03/2020,LIH,HI,AWP,WE,Federal Contract Tower,15,7,3,0,25,0,14,6,0,20,15,21,9,0,45,8,0,8,53
10/04/2020,LIH,HI,AWP,WE,Federal Contract Tower,13,4,1,0,18,0,1,6,0,7,13,5,7,0,25,9,0,9,34
10/05/2020,LIH,HI,AWP,WE,Federal Contract Tower,24,9,2,6,41,0,17,4,0,21,24,26,6,6,62,9,0,9,71
10/06/2020,LIH,HI,AWP,WE,Federal Contract Tower,18,10,5,12,45,0,16,3,1,20,18,26,8,13,65,6,0,6,71
10/07/2020,LIH,HI,AWP,WE,Federal Contract Tower,20,4,0,6,30,0,5,6,0,11,20,9,6,6,41,0,0,0,41
10/08/2020,LIH,HI,AWP,WE,Federal Contract Tower,20,15,2,8,45,0,18,6,0,24,20,33,8,8,69,6,0,6,75
10/09/2020,LIH,HI,AWP,WE,Federal Contract Tower,19,11,2,4,36,0,11,4,0,15,19,22,6,4,51,12,4,16,67
10/10/2020,LIH,HI,AWP,WE,Federal Contract Tower,15,4,0,7,26,0,4,10,6,20,15,8,10,13,46,2,0,2,48
10/11/2020,LIH,HI,AWP,WE,Federal Contract Tower,18,1,2,0,21,0,4,6,0,10,18,5,8,0,31,16,0,16,47
10/12/2020,LIH,HI,AWP,WE,Federal Contract Tower,19,8,1,0,28,0,12,2,0,14,19,20,3,0,42,6,0,6,48
10/13/2020,LIH,HI,AWP,WE,Federal Contract Tower,22,10,3,7,42,0,18,9,2,29,22,28,12,9,71,26,0,26,97
10/14/2020,LIH,HI,AWP,WE,Federal Contract Tower,23,6,4,7,40,0,10,12,5,27,23,16,16,12,67,0,0,0,67
10/15/2020,LIH,HI,AWP,WE,Federal Contract Tower,39,11,3,1,54,0,10,3,0,13,39,21,6,1,67,8,6,14,81
10/16/2020,LIH,HI,AWP,WE,Federal Contract Tower,35,23,4,2,64,0,8,3,10,21,35,31,7,12,85,2,0,2,87
10/17/2020,LIH,HI,AWP,WE,Federal Contract Tower,34,2,5,0,41,0,3,3,0,6,34,5,8,0,47,0,0,0,47
10/18/2020,LIH,HI,AWP,WE,Federal Contract Tower,37,2,2,0,41,0,6,2,0,8,37,8,4,0,49,0,0,0,49
10/19/2020,LIH,HI,AWP,WE,Federal Contract Tower,41,14,4,6,65,0,36,7,0,43,41,50,11,6,108,6,12,18,126
10/20/2020,LIH,HI,AWP,WE,Federal Contract Tower,43,12,1,0,56,0,4,3,0,7,43,16,4,0,63,12,0,12,75
10/21/2020,LIH,HI,AWP,WE,Federal Contract Tower,37,8,4,6,55,0,18,5,1,24,37,26,9,7,79,0,0,0,79
10/22/2020,LIH,HI,AWP,WE,Federal Contract Tower,46,17,0,0,63,0,70,11,0,81,46,87,11,0,144,23,2,25,169
10/23/2020,LIH,HI,AWP,WE,Federal Contract Tower,43,14,3,0,60,0,27,1,0,28,43,41,4,0,88,7,0,7,95
10/24/2020,LIH,HI,AWP,WE,Federal Contract Tower,30,10,5,0,45,0,25,13,0,38,30,35,18,0,83,0,0,0,83
10/25/2020,LIH,HI,AWP,WE,Federal Contract Tower,43,4,3,0,50,0,10,4,0,14,43,14,7,0,64,0,0,0,64
10/26/2020,LIH,HI,AWP,WE,Federal Contract Tower,38,11,2,4,55,0,30,11,1,42,38,41,13,5,97,22,0,22,119
10/27/2020,LIH,HI,AWP,WE,Federal Contract Tower,40,11,9,8,68,0,36,11,0,47,40,47,20,8,115,36,0,36,151
10/28/2020,LIH,HI,AWP,WE,Federal Contract Tower,36,21,8,0,65,0,15,5,0,20,36,36,13,0,85,24,0,24,109
10/29/2020,LIH,HI,AWP,WE,Federal Contract Tower,34,18,3,2,57,0,46,19,0,65,34,64,22,2,122,50,0,50,172
10/30/2020,LIH,HI,AWP,WE,Federal Contract Tower,31,17,1,0,49,0,62,25,0,87,31,79,26,0,136,50,0,50,186
10/31/2020,LIH,HI,AWP,WE,Federal Contract Tower,29,3,3,0,35,0,20,6,0,26,29,23,9,0,61,30,0,30,91
11/01/2020,LIH,HI,AWP,WE,Federal Contract Tower,32,6,4,0,42,0,22,6,0,28,32,28,10,0,70,34,0,34,104
11/02/2020,LIH,HI,AWP,WE,Federal Contract Tower,37,6,2,8,53,0,63,6,0,69,37,69,8,8,122,14,0,14,136
11/03/2020,LIH,HI,AWP,WE,Federal Contract Tower,32,13,1,8,54,0,23,13,5,41,32,36,14,13,95,38,0,38,133
11/04/2020,LIH,HI,AWP,WE,Federal Contract Tower,37,5,2,0,44,0,16,7,0,23,37,21,9,0,67,14,0,14,81
11/05/2020,LIH,HI,AWP,WE,Federal Contract Tower,41,12,2,0,55,0,30,2,0,32,41,42,4,0,87,26,0,26,113
11/06/2020,LIH,HI,AWP,WE,Federal Contract Tower,40,11,3,0,54,0,82,7,0,89,40,93,10,0,143,0,0,0,143
11/07/2020,LIH,HI,AWP,WE,Federal Contract Tower,34,6,2,0,42,0,22,12,0,34,34,28,14,0,76,14,4,18,94
11/08/2020,LIH,HI,AWP,WE,Federal Contract Tower,37,8,8,0,53,0,23,10,0,33,37,31,18,0,86,18,0,18,104
11/09/2020,LIH,HI,AWP,WE,Federal Contract Tower,39,13,2,2,56,0,40,20,0,60,39,53,22,2,116,41,0,41,157
11/10/2020,LIH,HI,AWP,WE,Federal Contract Tower,42,14,4,1,61,0,49,11,4,64,42,63,15,5,125,28,0,28,153
11/11/2020,LIH,HI,AWP,WE,Federal Contract Tower,40,3,3,3,49,0,28,4,1,33,40,31,7,4,82,0,0,0,82
11/12/2020,LIH,HI,AWP,WE,Federal Contract Tower,38,16,1,5,60,0,43,12,1,56,38,59,13,6,116,38,0,38,154
11/13/2020,LIH,HI,AWP,WE,Federal Contract Tower,45,10,5,4,64,0,58,7,1,66,45,68,12,5,130,21,0,21,151
11/14/2020,LIH,HI,AWP,WE,Federal Contract Tower,38,7,4,0,49,0,46,7,0,53,38,53,11,0,102,20,0,20,122
11/15/2020,LIH,HI,AWP,WE,Federal Contract Tower,34,0,2,0,36,0,21,6,0,27,34,21,8,0,63,0,0,0,63
11/16/2020,LIH,HI,AWP,WE,Federal Contract Tower,37,8,3,11,59,0,74,11,4,89,37,82,14,15,148,2,5,7,155
11/17/2020,LIH,HI,AWP,WE,Federal Contract Tower,38,15,3,1,57,0,47,20,1,68,38,62,23,2,125,46,0,46,171
11/18/2020,LIH,HI,AWP,WE,Federal Contract Tower,50,11,1,2,64,0,5,0,0,5,50,16,1,2,69,2,0,2,71
11/19/2020,LIH,HI,AWP,WE,Federal Contract Tower,47,15,3,13,78,0,67,8,5,80,47,82,11,18,158,32,2,34,192
11/20/2020,LIH,HI,AWP,WE,Federal Contract Tower,48,14,4,0,66,0,51,3,0,54,48,65,7,0,120,30,0,30,150
11/21/2020,LIH,HI,AWP,WE,Federal Contract Tower,47,6,8,0,61,0,0,0,0,0,47,6,8,0,61,0,0,0,61
11/22/2020,LIH,HI,AWP,WE,Federal Contract Tower,46,5,2,0,53,0,30,3,7,40,46,35,5,7,93,8,4,12,105
11/23/2020,LIH,HI,AWP,WE,Federal Contract Tower,49,8,0,2,59,0,60,9,0,69,49,68,9,2,128,12,0,12,140
11/24/2020,LIH,HI,AWP,WE,Federal Contract Tower,55,8,2,7,72,0,34,5,1,40,55,42,7,8,112,10,0,10,122
11/25/2020,LIH,HI,AWP,WE,Federal Contract Tower,51,9,2,2,64,0,25,2,0,27,51,34,4,2,91,6,0,6,97
11/26/2020,LIH,HI,AWP,WE,Federal Contract Tower,42,4,0,0,46,0,23,3,0,26,42,27,3,0,72,20,0,20,92
11/27/2020,LIH,HI,AWP,WE,Federal Contract Tower,45,9,4,0,58,0,100,14,0,114,45,109,18,0,172,28,0,28,200
11/28/2020,LIH,HI,AWP,WE,Federal Contract Tower,49,13,5,0,67,0,82,19,0,101,49,95,24,0,168,0,0,0,168
11/29/2020,LIH,HI,AWP,WE,Federal Contract Tower,45,7,1,0,53,0,45,7,0,52,45,52,8,0,105,18,0,18,123
11/30/2020,LIH,HI,AWP,WE,Federal Contract Tower,50,12,6,3,71,0,70,7,3,80,50,82,13,6,151,31,0,31,182
12/01/2020,LIH,HI,AWP,WE,Federal Contract Tower,46,10,1,16,73,0,74,13,1,88,46,84,14,17,161,28,4,32,193
12/02/2020,LIH,HI,AWP,WE,Federal Contract Tower,32,5,1,2,40,0,47,9,2,58,32,52,10,4,98,10,8,18,116
12/03/2020,LIH,HI,AWP,WE,Federal Contract Tower,24,6,2,4,36,0,44,9,2,55,24,50,11,6,91,8,0,8,99
12/04/2020,LIH,HI,AWP,WE,Federal Contract Tower,29,5,0,0,34,0,54,4,5,63,29,59,4,5,97,32,0,32,129
12/05/2020,LIH,HI,AWP,WE,Federal Contract Tower,33,2,1,2,38,0,32,12,0,44,33,34,13,2,82,2,0,2,84
12/06/2020,LIH,HI,AWP,WE,Federal Contract Tower,22,4,4,6,36,0,6,10,5,21,22,10,14,11,57,0,4,4,61
12/07/2020,LIH,HI,AWP,WE,Federal Contract Tower,28,13,2,13,56,5,14,12,0,31,33,27,14,13,87,0,4,4,91
12/08/2020,LIH,HI,AWP,WE,Federal Contract Tower,26,6,0,7,39,0,31,12,3,46,26,37,12,10,85,50,0,50,135
12/09/2020,LIH,HI,AWP,WE,Federal Contract Tower,25,7,3,1,36,0,22,9,0,31,25,29,12,1,67,16,0,16,83
12/10/2020,LIH,HI,AWP,WE,Federal Contract Tower,28,5,2,0,35,0,16,4,2,22,28,21,6,2,57,20,0,20,77
12/11/2020,LIH,HI,AWP,WE,Federal Contract Tower,25,7,0,4,36,0,12,11,0,23,25,19,11,4,59,21,0,21,80
12/12/2020,LIH,HI,AWP,WE,Federal Contract Tower,19,3,1,0,23,0,7,14,1,22,19,10,15,1,45,8,6,14,59
12/13/2020,LIH,HI,AWP,WE,Federal Contract Tower,17,5,4,0,26,0,8,20,0,28,17,13,24,0,54,30,0,30,84
12/14/2020,LIH,HI,AWP,WE,Federal Contract Tower,22,6,6,0,34,0,14,7,0,21,22,20,13,0,55,0,0,0,55
12/15/2020,LIH,HI,AWP,WE,Federal Contract Tower,19,4,1,0,24,0,21,2,6,29,19,25,3,6,53,2,18,20,73
12/16/2020,LIH,HI,AWP,WE,Federal Contract Tower,18,3,3,4,28,0,24,5,1,30,18,27,8,5,58,0,4,4,62
12/17/2020,LIH,HI,AWP,WE,Federal Contract Tower,22,14,7,12,55,0,18,7,4,29,22,32,14,16,84,10,8,18,102
12/18/2020,LIH,HI,AWP,WE,Federal Contract Tower,21,5,1,0,27,0,22,3,0,25,21,27,4,0,52,8,0,8,60
12/19/2020,LIH,HI,AWP,WE,Federal Contract Tower,19,5,3,0,27,0,11,8,0,19,19,16,11,0,46,18,0,18,64
12/20/2020,LIH,HI,AWP,WE,Federal Contract Tower,16,6,5,0,27,0,1,2,0,3,16,7,7,0,30,16,0,16,46
12/21/2020,LIH,HI,AWP,WE,Federal Contract Tower,23,9,0,6,38,0,19,2,0,21,23,28,2,6,59,0,0,0,59
12/22/2020,LIH,HI,AWP,WE,Federal Contract Tower,21,8,5,4,38,0,13,6,0,19,21,21,11,4,57,10,0,10,67
12/23/2020,LIH,HI,AWP,WE,Federal Contract Tower,20,8,2,0,30,0,26,10,0,36,20,34,12,0,66,18,0,18,84
12/24/2020,LIH,HI,AWP,WE,Federal Contract Tower,17,1,3,0,21,0,10,5,0,15,17,11,8,0,36,10,0,10,46
12/25/2020,LIH,HI,AWP,WE,Federal Contract Tower,17,3,0,0,20,0,0,0,0,0,17,3,0,0,20,0,0,0,20
12/26/2020,LIH,HI,AWP,WE,Federal Contract Tower,14,5,9,0,28,0,7,6,0,13,14,12,15,0,41,12,0,12,53
12/27/2020,LIH,HI,AWP,WE,Federal Contract Tower,17,1,5,0,23,0,4,0,4,8,17,5,5,4,31,2,0,2,33
12/28/2020,LIH,HI,AWP,WE,Federal Contract Tower,18,9,0,0,27,0,16,6,0,22,18,25,6,0,49,6,0,6,55
12/29/2020,LIH,HI,AWP,WE,Federal Contract Tower,17,6,0,2,25,0,15,7,0,22,17,21,7,2,47,6,0,6,53
12/30/2020,LIH,HI,AWP,WE,Federal Contract Tower,19,7,5,0,31,0,9,5,0,14,19,16,10,0,45,18,0,18,63
12/31/2020,LIH,HI,AWP,WE,Federal Contract Tower,20,1,0,0,21,0,5,0,0,5,20,6,0,0,26,48,0,48,74
01/01/2021,LIH,HI,AWP,WE,Federal Contract Tower,16,0,1,0,17,0,0,0,0,0,16,0,1,0,17,0,0,0,17
01/02/2021,LIH,HI,AWP,WE,Federal Contract Tower,12,4,1,0,17,0,6,10,0,16,12,10,11,0,33,60,0,60,93
01/03/2021,LIH,HI,AWP,WE,Federal Contract Tower,17,1,4,0,22,0,5,2,0,7,17,6,6,0,29,46,0,46,75
01/04/2021,LIH,HI,AWP,WE,Federal Contract Tower,16,11,3,3,33,0,11,12,1,24,16,22,15,4,57,14,0,14,71
01/05/2021,LIH,HI,AWP,WE,Federal Contract Tower,20,12,13,2,47,0,9,5,2,16,20,21,18,4,63,18,0,18,81
01/06/2021,LIH,HI,AWP,WE,Federal Contract Tower,21,10,1,0,32,0,13,5,0,18,21,23,6,0,50,28,0,28,78
01/07/2021,LIH,HI,AWP,WE,Federal Contract Tower,24,11,2,4,41,0,10,4,0,14,24,21,6,4,55,2,0,2,57
01/08/2021,LIH,HI,AWP,WE,Federal Contract Tower,24,15,2,2,43,0,23,12,0,35,24,38,14,2,78,50,0,50,128
01/09/2021,LIH,HI,AWP,WE,Federal Contract Tower,19,11,4,0,34,0,12,4,0,16,19,23,8,0,50,6,0,6,56
01/10/2021,LIH,HI,AWP,WE,Federal Contract Tower,21,11,6,0,38,0,4,3,0,7,21,15,9,0,45,2,0,2,47
01/11/2021,LIH,HI,AWP,WE,Federal Contract Tower,23,10,8,13,54,0,25,13,2,40,23,35,21,15,94,58,0,58,152
01/12/2021,LIH,HI,AWP,WE,Federal Contract Tower,16,16,1,7,40,0,21,12,4,37,16,37,13,11,77,4,20,24,101
01/13/2021,LIH,HI,AWP,WE,Federal Contract Tower,21,7,6,4,38,0,9,6,0,15,21,16,12,4,53,0,10,10,63
01/14/2021,LIH,HI,AWP,WE,Federal Contract Tower,21,10,2,6,39,0,12,3,1,16,21,22,5,7,55,16,8,24,79
01/15/2021,LIH,HI,AWP,WE,Federal Contract Tower,24,18,5,8,55,0,11,23,0,34,24,29,28,8,89,10,0,10,99
01/16/2021,LIH,HI,AWP,WE,Federal Contract Tower,20,9,1,0,30,0,3,8,0,11,20,12,9,0,41,0,0,0,41
01/17/2021,LIH,HI,AWP,WE,Federal Contract Tower,21,0,0,0,21,0,2,10,0,12,21,2,10,0,33,0,0,0,33
01/18/2021,LIH,HI,AWP,WE,Federal Contract Tower,21,9,1,0,31,0,1,0,0,1,21,10,1,0,32,0,0,0,32
01/19/2021,LIH,HI,AWP,WE,Federal Contract Tower,25,18,1,0,44,0,0,0,0,0,25,18,1,0,44,0,0,0,44
01/20/2021,LIH,HI,AWP,WE,Federal Contract Tower,25,7,0,4,36,0,5,7,0,12,25,12,7,4,48,2,2,4,52
01/21/2021,LIH,HI,AWP,WE,Federal Contract Tower,22,10,2,5,39,0,18,5,0,23,22,28,7,5,62,14,6,20,82
01/22/2021,LIH,HI,AWP,WE,Federal Contract Tower,22,13,0,5,40,0,19,5,1,25,22,32,5,6,65,23,0,23,88
01/23/2021,LIH,HI,AWP,WE,Federal Contract Tower,21,3,2,0,26,0,3,1,0,4,21,6,3,0,30,0,0,0,30
01/24/2021,LIH,HI,AWP,WE,Federal Contract Tower,18,0,3,0,21,0,4,0,0,4,18,4,3,0,25,0,0,0,25
01/25/2021,LIH,HI,AWP,WE,Federal Contract Tower,21,13,5,1,40,0,3,0,1,4,21,16,5,2,44,28,0,28,72
01/26/2021,LIH,HI,AWP,WE,Federal Contract Tower,22,13,3,12,50,0,6,0,0,6,22,19,3,12,56,15,2,17,73
01/27/2021,LIH,HI,AWP,WE,Federal Contract Tower,21,6,11,0,38,0,11,4,0,15,21,17,15,0,53,2,0,2,55
01/28/2021,LIH,HI,AWP,WE,Federal Contract Tower,22,7,0,6,35,0,14,3,0,17,22,21,3,6,52,6,4,10,62
01/29/2021,LIH,HI,AWP,WE,Federal Contract Tower,19,19,2,2,42,0,17,7,0,24,19,36,9,2,66,16,0,16,82
01/30/2021,LIH,HI,AWP,WE,Federal Contract Tower,20,7,3,0,30,0,7,3,0,10,20,14,6,0,40,0,0,0,40
01/31/2021,LIH,HI,AWP,WE,Federal Contract Tower,20,6,1,8,35,0,12,3,6,21,20,18,4,14,56,30,0,30,86
02/01/2021,LIH,HI,AWP,WE,Federal Contract Tower,19,11,7,6,43,0,10,4,0,14,19,21,11,6,57,28,0,28,85
02/02/2021,LIH,HI,AWP,WE,Federal Contract Tower,18,19,1,3,41,0,12,8,3,23,18,31,9,6,64,14,9,23,87
02/03/2021,LIH,HI,AWP,WE,Federal Contract Tower,21,8,0,0,29,0,7,2,0,9,21,15,2,0,38,0,0,0,38
02/04/2021,LIH,HI,AWP,WE,Federal Contract Tower,19,12,0,6,37,0,34,1,1,36,19,46,1,7,73,44,18,62,135
02/05/2021,LIH,HI,AWP,WE,Federal Contract Tower,20,14,3,0,37,0,42,8,0,50,20,56,11,0,87,48,0,48,135
02/06/2021,LIH,HI,AWP,WE,Federal Contract Tower,17,3,1,0,21,0,32,3,0,35,17,35,4,0,56,12,0,12,68
02/07/2021,LIH,HI,AWP,WE,Federal Contract Tower,16,2,5,0,23,0,7,1,3,11,16,9,6,3,34,0,0,0,34
02/08/2021,LIH,HI,AWP,WE,Federal Contract Tower,18,13,2,6,39,0,22,2,0,24,18,35,4,6,63,4,0,4,67
02/09/2021,LIH,HI,AWP,WE,Federal Contract Tower,19,8,2,7,36,0,10,5,5,20,19,18,7,12,56,10,0,10,66
02/10/2021,LIH,HI,AWP,WE,Federal Contract Tower,21,7,3,16,47,0,15,2,1,18,21,22,5,17,65,12,0,12,77
02/11/2021,LIH,HI,AWP,WE,Federal Contract Tower,19,10,5,3,37,0,40,1,1,42,19,50,6,4,79,24,0,24,103
02/12/2021,LIH,HI,AWP,WE,Federal Contract Tower,21,13,1,0,35,0,50,8,1,59,21,63,9,1,94,40,2,42,136
02/13/2021,LIH,HI,AWP,WE,Federal Contract Tower,16,5,7,0,28,0,35,5,0,40,16,40,12,0,68,44,0,44,112
02/14/2021,LIH,HI,AWP,WE,Federal Contract Tower,17,5,0,0,22,0,48,8,0,56,17,53,8,0,78,0,0,0,78
02/15/2021,LIH,HI,AWP,WE,Federal Contract Tower,24,11,2,0,37,0,58,10,0,68,24,69,12,0,105,6,0,6,111
02/16/2021,LIH,HI,AWP,WE,Federal Contract Tower,22,19,5,12,58,0,10,0,5,15,22,29,5,17,73,0,4,4,77
02/17/2021,LIH,HI,AWP,WE,Federal Contract Tower,25,13,1,0,39,0,1,0,0,1,25,14,1,0,40,0,0,0,40
02/18/2021,LIH,HI,AWP,WE,Federal Contract Tower,20,13,0,2,35,0,21,0,0,21,20,34,0,2,56,10,0,10,66
02/19/2021,LIH,HI,AWP,WE,Federal Contract Tower,20,10,2,5,37,0,11,0,2,13,20,21,2,7,50,2,0,2,52
02/20/2021,LIH,HI,AWP,WE,Federal Contract Tower,21,6,2,2,31,0,27,10,0,37,21,33,12,2,68,4,0,4,72
02/21/2021,LIH,HI,AWP,WE,Federal Contract Tower,20,3,3,3,29,0,16,9,0,25,20,19,12,3,54,2,30,32,86
02/22/2021,LIH,HI,AWP,WE,Federal Contract Tower,25,8,18,6,57,0,49,15,1,65,25,57,33,7,122,24,0,24,146
02/23/2021,LIH,HI,AWP,WE,Federal Contract Tower,25,14,12,4,55,0,18,2,0,20,25,32,14,4,75,16,0,16,91
02/24/2021,LIH,HI,AWP,WE,Federal Contract Tower,25,6,5,2,38,0,30,9,0,39,25,36,14,2,77,38,0,38,115
02/25/2021,LIH,HI,AWP,WE,Federal Contract Tower,27,11,1,0,39,0,24,2,0,26,27,35,3,0,65,14,0,14,79
02/26/2021,LIH,HI,AWP,WE,Federal Contract Tower,25,9,1,2,37,0,43,8,0,51,25,52,9,2,88,34,0,34,122
02/27/2021,LIH,HI,AWP,WE,Federal Contract Tower,22,4,7,0,33,0,8,11,0,19,22,12,18,0,52,2,0,2,54
02/28/2021,LIH,HI,AWP,WE,Federal Contract Tower,21,5,0,0,26,0,9,2,0,11,21,14,2,0,37,10,0,10,47
03/01/2021,LIH,HI,AWP,WE,Federal Contract Tower,25,11,0,2,38,0,16,4,0,20,25,27,4,2,58,12,0,12,70
03/02/2021,LIH,HI,AWP,WE,Federal Contract Tower,22,17,1,1,41,0,23,7,1,31,22,40,8,2,72,8,0,8,80
03/03/2021,LIH,HI,AWP,WE,Federal Contract Tower,21,4,1,0,26,0,53,4,2,59,21,57,5,2,85,27,8,35,120
03/04/2021,LIH,HI,AWP,WE,Federal Contract Tower,23,11,2,2,38,0,50,6,5,61,23,61,8,7,99,12,0,12,111
03/05/2021,LIH,HI,AWP,WE,Federal Contract Tower,24,18,7,1,50,0,32,9,4,45,24,50,16,5,95,8,0,8,103
03/06/2021,LIH,HI,AWP,WE,Federal Contract Tower,19,9,7,0,35,0,2,1,0,3,19,11,8,0,38,2,0,2,40
03/07/2021,LIH,HI,AWP,WE,Federal Contract Tower,15,1,2,0,18,0,15,7,0,22,15,16,9,0,40,34,0,34,74
03/08/2021,LIH,HI,AWP,WE,Federal Contract Tower,24,16,2,6,48,0,3,6,0,9,24,19,8,6,57,6,0,6,63
03/09/2021,LIH,HI,AWP,WE,Federal Contract Tower,23,9,3,6,41,0,4,0,0,4,23,13,3,6,45,0,0,0,45
03/10/2021,LIH,HI,AWP,WE,Federal Contract Tower,24,4,1,3,32,0,9,4,0,13,24,13,5,3,45,2,0,2,47
03/11/2021,LIH,HI,AWP,WE,Federal Contract Tower,27,11,1,0,39,0,29,5,0,34,27,40,6,0,73,9,0,9,82
03/12/2021,LIH,HI,AWP,WE,Federal Contract Tower,28,11,3,1,43,0,6,0,0,6,28,17,3,1,49,2,0,2,51
03/13/2021,LIH,HI,AWP,WE,Federal Contract Tower,24,3,8,6,41,0,4,8,6,18,24,7,16,12,59,0,0,0,59
03/14/2021,LIH,HI,AWP,WE,Federal Contract Tower,22,3,3,5,33,0,4,1,0,5,22,7,4,5,38,0,0,0,38
03/15/2021,LIH,HI,AWP,WE,Federal Contract Tower,26,12,4,6,48,0,30,10,0,40,26,42,14,6,88,32,3,35,123
03/16/2021,LIH,HI,AWP,WE,Federal Contract Tower,21,18,0,6,45,0,4,0,0,4,21,22,0,6,49,0,0,0,49
03/17/2021,LIH,HI,AWP,WE,Federal Contract Tower,27,9,3,6,45,0,87,14,5,106,27,96,17,11,151,18,4,22,173
03/18/2021,LIH,HI,AWP,WE,Federal Contract Tower,25,16,3,0,44,0,26,0,0,26,25,42,3,0,70,0,0,0,70
03/19/2021,LIH,HI,AWP,WE,Federal Contract Tower,28,16,4,0,48,0,71,4,0,75,28,87,8,0,123,20,0,20,143
03/20/2021,LIH,HI,AWP,WE,Federal Contract Tower,28,6,3,0,37,0,7,13,0,20,28,13,16,0,57,18,0,18,75
03/21/2021,LIH,HI,AWP,WE,Federal Contract Tower,24,0,0,0,24,0,21,4,0,25,24,21,4,0,49,2,0,2,51
03/22/2021,LIH,HI,AWP,WE,Federal Contract Tower,25,14,6,18,63,0,65,14,0,79,25,79,20,18,142,20,6,26,168
03/23/2021,LIH,HI,AWP,WE,Federal Contract Tower,22,25,1,0,48,0,80,13,3,96,22,105,14,3,144,6,0,6,150
03/24/2021,LIH,HI,AWP,WE,Federal Contract Tower,23,16,0,0,39,0,33,0,0,33,23,49,0,0,72,6,1,7,79
03/25/2021,LIH,HI,AWP,WE,Federal Contract Tower,22,9,3,0,34,0,29,3,0,32,22,38,6,0,66,0,4,4,70
03/26/2021,LIH,HI,AWP,WE,Federal Contract Tower,30,14,4,6,54,0,64,11,3,78,30,78,15,9,132,21,0,21,153
03/27/2021,LIH,HI,AWP,WE,Federal Contract Tower,27,6,2,0,35,0,45,23,0,68,27,51,25,0,103,4,0,4,107
03/28/2021,LIH,HI,AWP,WE,Federal Contract Tower,24,11,1,0,36,0,12,7,0,19,24,23,8,0,55,18,0,18,73
03/29/2021,LIH,HI,AWP,WE,Federal Contract Tower,24,14,4,5,47,0,28,6,2,36,24,42,10,7,83,10,0,10,93
03/30/2021,LIH,HI,AWP,WE,Federal Contract Tower,20,17,2,15,54,0,44,10,0,54,20,61,12,15,108,14,0,14,122
03/31/2021,LIH,HI,AWP,WE,Federal Contract Tower,26,8,3,5,42,0,57,6,7,70,26,65,9,12,112,26,8,34,146
04/01/2021,LIH,HI,AWP,WE,Federal Contract Tower,26,7,1,9,43,0,75,14,0,89,26,82,15,9,132,20,0,20,152
04/02/2021,LIH,HI,AWP,WE,Federal Contract Tower,33,9,1,1,44,0,62,4,0,66,33,71,5,1,110,10,0,10,120
04/03/2021,LIH,HI,AWP,WE,Federal Contract Tower,29,4,5,7,45,0,56,8,0,64,29,60,13,7,109,44,0,44,153
04/04/2021,LIH,HI,AWP,WE,Federal Contract Tower,25,3,1,0,29,0,18,5,0,23,25,21,6,0,52,14,0,14,66
04/05/2021,LIH,HI,AWP,WE,Federal Contract Tower,44,18,3,0,65,0,57,6,1,64,44,75,9,1,129,8,8,16,145
04/06/2021,LIH,HI,AWP,WE,Federal Contract Tower,32,14,2,8,56,0,42,5,1,48,32,56,7,9,104,14,0,14,118
04/07/2021,LIH,HI,AWP,WE,Federal Contract Tower,44,6,1,2,53,0,63,3,0,66,44,69,4,2,119,26,0,26,145
04/08/2021,LIH,HI,AWP,WE,Federal Contract Tower,44,19,1,0,64,0,123,8,0,131,44,142,9,0,195,16,0,16,211
04/09/2021,LIH,HI,AWP,WE,Federal Contract Tower,51,7,1,4,63,0,148,9,0,157,51,155,10,4,220,24,0,24,244
04/10/2021,LIH,HI,AWP,WE,Federal Contract Tower,48,4,5,2,59,0,52,12,0,64,48,56,17,2,123,18,0,18,141
04/11/2021,LIH,HI,AWP,WE,Federal Contract Tower,51,2,7,2,62,0,10,17,0,27,51,12,24,2,89,42,0,42,131
04/12/2021,LIH,HI,AWP,WE,Federal Contract Tower,53,13,0,1,67,0,126,12,0,138,53,139,12,1,205,10,20,30,235
04/13/2021,LIH,HI,AWP,WE,Federal Contract Tower,43,11,2,6,62,0,155,19,0,174,43,166,21,6,236,50,0,50,286
04/14/2021,LIH,HI,AWP,WE,Federal Contract Tower,44,4,5,3,56,0,124,35,2,161,44,128,40,5,217,32,12,44,261
04/15/2021,LIH,HI,AWP,WE,Federal Contract Tower,42,9,3,7,61,0,128,6,7,141,42,137,9,14,202,26,0,26,228
04/16/2021,LIH,HI,AWP,WE,Federal Contract Tower,48,8,6,1,63,0,73,5,0,78,48,81,11,1,141,14,4,18,159
04/17/2021,LIH,HI,AWP,WE,Federal Contract Tower,44,4,4,0,52,0,42,11,0,53,44,46,15,0,105,26,0,26,131
04/18/2021,LIH,HI,AWP,WE,Federal Contract Tower,41,6,3,0,50,0,28,7,0,35,41,34,10,0,85,6,0,6,91
04/19/2021,LIH,HI,AWP,WE,Federal Contract Tower,43,8,3,0,54,0,127,12,0,139,43,135,15,0,193,18,0,18,211
04/20/2021,LIH,HI,AWP,WE,Federal Contract Tower,40,7,1,2,50,0,63,3,0,66,40,70,4,2,116,16,0,16,132
04/21/2021,LIH,HI,AWP,WE,Federal Contract Tower,40,11,4,0,55,0,81,3,0,84,40,92,7,0,139,5,0,5,144
04/22/2021,LIH,HI,AWP,WE,Federal Contract Tower,47,7,1,4,59,0,140,13,7,160,47,147,14,11,219,37,14,51,270
04/23/2021,LIH,HI,AWP,WE,Federal Contract Tower,50,9,1,3,63,0,141,4,0,145,50,150,5,3,208,46,0,46,254
04/24/2021,LIH,HI,AWP,WE,Federal Contract Tower,36,4,4,0,44,0,61,10,0,71,36,65,14,0,115,0,0,0,115
04/25/2021,LIH,HI,AWP,WE,Federal Contract Tower,42,2,4,0,48,0,52,8,0,60,42,54,12,0,108,20,0,20,128
04/26/2021,LIH,HI,AWP,WE,Federal Contract Tower,42,9,2,2,55,0,119,7,2,128,42,128,9,4,183,24,0,24,207
04/27/2021,LIH,HI,AWP,WE,Federal Contract Tower,38,11,4,11,64,0,129,12,9,150,38,140,16,20,214,48,2,50,264
04/28/2021,LIH,HI,AWP,WE,Federal Contract Tower,44,6,3,2,55,0,63,8,0,71,44,69,11,2,126,14,6,20,146
04/29/2021,LIH,HI,AWP,WE,Federal Contract Tower,44,6,7,6,63,0,129,15,7,151,44,135,22,13,214,54,14,68,282
04/30/2021,LIH,HI,AWP,WE,Federal Contract Tower,44,14,4,0,62,0,136,4,0,140,44,150,8,0,202,63,0,63,265
05/01/2021,LIH,HI,AWP,WE,Federal Contract Tower,46,4,10,2,62,0,76,11,0,87,46,80,21,2,149,4,0,4,153
05/02/2021,LIH,HI,AWP,WE,Federal Contract Tower,43,3,8,10,64,0,45,5,0,50,43,48,13,10,114,10,8,18,132
05/03/2021,LIH,HI,AWP,WE,Federal Contract Tower,50,8,1,2,61,0,129,9,5,143,50,137,10,7,204,44,0,44,248
05/04/2021,LIH,HI,AWP,WE,Federal Contract Tower,45,7,1,6,59,0,129,14,1,144,45,136,15,7,203,22,0,22,225
05/05/2021,LIH,HI,AWP,WE,Federal Contract Tower,46,6,1,0,53,0,121,4,0,125,46,127,5,0,178,72,0,72,250
05/06/2021,LIH,HI,AWP,WE,Federal Contract Tower,47,8,2,8,65,0,155,6,3,164,47,163,8,11,229,22,4,26,255
05/07/2021,LIH,HI,AWP,WE,Federal Contract Tower,55,4,2,0,61,0,127,1,1,129,55,131,3,1,190,64,0,64,254
05/08/2021,LIH,HI,AWP,WE,Federal Contract Tower,50,11,4,1,66,0,55,6,1,62,50,66,10,2,128,28,0,28,156
05/09/2021,LIH,HI,AWP,WE,Federal Contract Tower,45,7,3,0,55,0,39,11,0,50,45,46,14,0,105,4,0,4,109
05/10/2021,LIH,HI,AWP,WE,Federal Contract Tower,53,7,3,8,71,0,141,8,2,151,53,148,11,10,222,15,0,15,237
05/11/2021,LIH,HI,AWP,WE,Federal Contract Tower,42,8,4,7,61,0,173,11,0,184,42,181,15,7,245,14,10,24,269
05/12/2021,LIH,HI,AWP,WE,Federal Contract Tower,46,7,0,8,61,0,151,6,4,161,46,158,6,12,222,16,0,16,238
05/13/2021,LIH,HI,AWP,WE,Federal Contract Tower,49,8,9,10,76,0,155,5,0,160,49,163,14,10,236,38,0,38,274
05/14/2021,LIH,HI,AWP,WE,Federal Contract Tower,55,7,9,5,76,0,190,12,0,202,55,197,21,5,278,42,6,48,326
05/15/2021,LIH,HI,AWP,WE,Federal Contract Tower,48,5,4,0,57,0,69,5,0,74,48,74,9,0,131,2,0,2,133
05/16/2021,LIH,HI,AWP,WE,Federal Contract Tower,46,4,5,0,55,0,35,10,0,45,46,39,15,0,100,24,0,24,124
05/17/2021,LIH,HI,AWP,WE,Federal Contract Tower,49,8,5,0,62,0,162,15,0,177,49,170,20,0,239,18,2,20,259
05/18/2021,LIH,HI,AWP,WE,Federal Contract Tower,46,9,4,1,60,0,127,16,3,146,46,136,20,4,206,32,0,32,238
05/19/2021,LIH,HI,AWP,WE,Federal Contract Tower,47,6,2,3,58,0,191,7,1,199,47,197,9,4,257,18,0,18,275
05/20/2021,LIH,HI,AWP,WE,Federal Contract Tower,53,7,5,2,67,0,192,12,1,205,53,199,17,3,272,26,8,34,306
05/21/2021,LIH,HI,AWP,WE,Federal Contract Tower,61,6,3,2,72,0,211,0,3,214,61,217,3,5,286,14,24,38,324
05/22/2021,LIH,HI,AWP,WE,Federal Contract Tower,50,2,2,2,56,0,75,4,0,79,50,77,6,2,135,18,0,18,153
05/23/2021,LIH,HI,AWP,WE,Federal Contract Tower,53,5,4,0,62,0,42,8,0,50,53,47,12,0,112,8,0,8,120
05/24/2021,LIH,HI,AWP,WE,Federal Contract Tower,54,11,6,0,71,0,196,14,0,210,54,207,20,0,281,28,0,28,309
05/25/2021,LIH,HI,AWP,WE,Federal Contract Tower,50,8,12,4,74,0,165,19,4,188,50,173,31,8,262,72,0,72,334
05/26/2021,LIH,HI,AWP,WE,Federal Contract Tower,55,10,3,0,68,0,175,8,2,185,55,185,11,2,253,26,0,26,279
05/27/2021,LIH,HI,AWP,WE,Federal Contract Tower,53,13,5,5,76,0,168,11,1,180,53,181,16,6,256,40,2,42,298
05/28/2021,LIH,HI,AWP,WE,Federal Contract Tower,63,2,8,1,74,0,216,4,0,220,63,218,12,1,294,76,0,76,370
05/29/2021,LIH,HI,AWP,WE,Federal Contract Tower,55,1,10,0,66,0,88,8,0,96,55,89,18,0,162,19,0,19,181
05/30/2021,LIH,HI,AWP,WE,Federal Contract Tower,52,3,3,0,58,0,54,8,0,62,52,57,11,0,120,60,0,60,180
05/31/2021,LIH,HI,AWP,WE,Federal Contract Tower,56,4,1,0,61,0,130,23,0,153,56,134,24,0,214,18,0,18,232
06/01/2021,LIH,HI,AWP,WE,Federal Contract Tower,65,11,4,6,86,0,161,16,2,179,65,172,20,8,265,24,0,24,289
06/02/2021,LIH,HI,AWP,WE,Federal Contract Tower,72,6,7,6,91,0,163,15,1,179,72,169,22,7,270,46,4,50,320
06/03/2021,LIH,HI,AWP,WE,Federal Contract Tower,80,7,3,5,95,0,84,11,4,99,80,91,14,9,194,20,0,20,214
06/04/2021,LIH,HI,AWP,WE,Federal Contract Tower,83,7,2,4,96,0,73,2,0,75,83,80,4,4,171,0,42,42,213
06/05/2021,LIH,HI,AWP,WE,Federal Contract Tower,75,5,7,0,87,0,120,10,0,130,75,125,17,0,217,34,0,34,251
06/06/2021,LIH,HI,AWP,WE,Federal Contract Tower,82,1,3,0,86,0,39,4,3,46,82,40,7,3,132,4,0,4,136
06/07/2021,LIH,HI,AWP,WE,Federal Contract Tower,84,12,3,0,99,0,161,16,0,177,84,173,19,0,276,70,0,70,346
06/08/2021,LIH,HI,AWP,WE,Federal Contract Tower,77,10,0,5,92,0,187,22,1,210,77,197,22,6,302,70,0,70,372
06/09/2021,LIH,HI,AWP,WE,Federal Contract Tower,97,7,1,0,105,0,188,11,0,199,97,195,12,0,304,24,0,24,328
06/10/2021,LIH,HI,AWP,WE,Federal Contract Tower,86,6,6,0,98,0,139,13,0,152,86,145,19,0,250,14,0,14,264
06/11/2021,LIH,HI,AWP,WE,Federal Contract Tower,81,7,7,0,95,0,197,6,0,203,81,204,13,0,298,22,0,22,320
06/12/2021,LIH,HI,AWP,WE,Federal Contract Tower,77,3,4,0,84,0,61,6,0,67,77,64,10,0,151,14,0,14,165
06/13/2021,LIH,HI,AWP,WE,Federal Contract Tower,84,4,1,2,91,0,52,10,0,62,84,56,11,2,153,34,0,34,187
06/14/2021,LIH,HI,AWP,WE,Federal Contract Tower,78,4,4,0,86,1,200,13,0,214,79,204,17,0,300,24,0,24,324
06/15/2021,LIH,HI,AWP,WE,Federal Contract Tower,81,9,4,4,98,0,190,10,0,200,81,199,14,4,298,29,6,35,333
06/16/2021,LIH,HI,AWP,WE,Federal Contract Tower,82,6,4,0,92,0,163,18,0,181,82,169,22,0,273,24,0,24,297
06/17/2021,LIH,HI,AWP,WE,Federal Contract Tower,90,5,1,2,98,0,214,27,18,259,90,219,28,20,357,10,0,10,367
06/18/2021,LIH,HI,AWP,WE,Federal Contract Tower,85,11,2,0,98,0,239,9,0,248,85,250,11,0,346,16,0,16,362
06/19/2021,LIH,HI,AWP,WE,Federal Contract Tower,75,8,7,0,90,0,132,3,0,135,75,140,10,0,225,24,0,24,249
06/20/2021,LIH,HI,AWP,WE,Federal Contract Tower,83,3,5,0,91,0,57,6,0,63,83,60,11,0,154,6,0,6,160
06/21/2021,LIH,HI,AWP,WE,Federal Contract Tower,79,4,3,7,93,0,163,12,4,179,79,167,15,11,272,24,6,30,302
06/22/2021,LIH,HI,AWP,WE,Federal Contract Tower,77,12,7,4,100,0,226,8,3,237,77,238,15,7,337,17,0,17,354
06/23/2021,LIH,HI,AWP,WE,Federal Contract Tower,86,12,3,8,109,0,227,18,5,250,86,239,21,13,359,20,8,28,387
06/24/2021,LIH,HI,AWP,WE,Federal Contract Tower,93,7,3,12,115,0,234,3,1,238,93,241,6,13,353,92,6,98,451
06/25/2021,LIH,HI,AWP,WE,Federal Contract Tower,103,5,2,1,111,0,242,0,0,242,103,247,2,1,353,64,16,80,433
06/26/2021,LIH,HI,AWP,WE,Federal Contract Tower,72,4,3,0,79,0,145,6,0,151,72,149,9,0,230,22,0,22,252
06/28/2021,LIH,HI,AWP,WE,Federal Contract Tower,83,8,4,0,95,0,212,12,0,224,83,220,16,0,319,22,0,22,341
06/29/2021,LIH,HI,AWP,WE,Federal Contract Tower,83,6,2,6,97,0,204,16,4,224,83,210,18,10,321,13,8,21,342
06/30/2021,LIH,HI,AWP,WE,Federal Contract Tower,90,3,6,2,101,0,215,15,0,230,90,218,21,2,331,34,0,34,365
07/01/2021,LIH,HI,AWP,WE,Federal Contract Tower,88,5,7,0,100,0,173,7,0,180,88,178,14,0,280,22,0,22,302
07/02/2021,LIH,HI,AWP,WE,Federal Contract Tower,88,12,1,0,101,0,171,0,0,171,88,183,1,0,272,30,0,30,302
07/03/2021,LIH,HI,AWP,WE,Federal Contract Tower,89,7,6,0,102,0,86,2,0,88,89,93,8,0,190,8,0,8,198
07/04/2021,LIH,HI,AWP,WE,Federal Contract Tower,76,4,1,0,81,0,54,19,0,73,76,58,20,0,154,2,0,2,156
07/05/2021,LIH,HI,AWP,WE,Federal Contract Tower,76,4,0,0,80,0,186,15,0,201,76,190,15,0,281,16,0,16,297
07/06/2021,LIH,HI,AWP,WE,Federal Contract Tower,80,13,6,6,105,0,205,17,2,224,80,218,23,8,329,18,11,29,358
07/07/2021,LIH,HI,AWP,WE,Federal Contract Tower,84,11,5,1,101,0,244,12,0,256,84,255,17,1,357,28,0,28,385
07/08/2021,LIH,HI,AWP,WE,Federal Contract Tower,87,9,6,0,102,0,245,3,2,250,87,254,9,2,352,30,0,30,382
07/09/2021,LIH,HI,AWP,WE,Federal Contract Tower,90,7,4,0,101,0,247,6,0,253,90,254,10,0,354,36,0,36,390
07/10/2021,LIH,HI,AWP,WE,Federal Contract Tower,84,0,1,0,85,0,152,8,0,160,84,152,9,0,245,8,0,8,253
07/12/2021,LIH,HI,AWP,WE,Federal Contract Tower,80,4,3,0,87,0,166,12,0,178,80,170,15,0,265,22,0,22,287
07/13/2021,LIH,HI,AWP,WE,Federal Contract Tower,83,9,5,2,99,0,254,6,0,260,83,263,11,2,359,18,0,18,377
07/14/2021,LIH,HI,AWP,WE,Federal Contract Tower,82,16,3,2,103,0,165,12,0,177,82,181,15,2,280,26,0,26,306
07/15/2021,LIH,HI,AWP,WE,Federal Contract Tower,90,4,5,8,107,0,188,6,3,197,90,192,11,11,304,14,0,14,318
07/16/2021,LIH,HI,AWP,WE,Federal Contract Tower,92,11,0,5,108,0,233,2,1,236,92,244,2,6,344,27,0,27,371
07/17/2021,LIH,HI,AWP,WE,Federal Contract Tower,86,3,5,3,97,0,121,9,0,130,86,124,14,3,227,20,8,28,255
07/18/2021,LIH,HI,AWP,WE,Federal Contract Tower,81,4,6,4,95,0,59,4,4,67,81,63,10,8,162,13,0,13,175
07/19/2021,LIH,HI,AWP,WE,Federal Contract Tower,86,6,4,4,100,0,148,12,3,163,86,154,16,7,263,12,0,12,275
07/20/2021,LIH,HI,AWP,WE,Federal Contract Tower,81,14,4,3,102,0,201,11,2,214,81,215,15,5,316,18,0,18,334
07/21/2021,LIH,HI,AWP,WE,Federal Contract Tower,81,13,9,8,111,0,129,7,0,136,81,142,16,8,247,20,0,20,267
07/22/2021,LIH,HI,AWP,WE,Federal Contract Tower,95,20,1,2,118,0,161,15,4,180,95,181,16,6,298,14,0,14,312
07/23/2021,LIH,HI,AWP,WE,Federal Contract Tower,82,11,2,8,103,0,176,3,0,179,82,187,5,8,282,24,2,26,308
07/25/2021,LIH,HI,AWP,WE,Federal Contract Tower,80,3,5,8,96,0,90,6,0,96,80,93,11,8,192,14,0,14,206
07/26/2021,LIH,HI,AWP,WE,Federal Contract Tower,84,9,2,1,96,0,206,10,0,216,84,215,12,1,312,22,0,22,334
07/27/2021,LIH,HI,AWP,WE,Federal Contract Tower,85,13,1,4,103,0,208,17,2,227,85,221,18,6,330,24,0,24,354
07/28/2021,LIH,HI,AWP,WE,Federal Contract Tower,86,12,6,0,104,0,236,13,2,251,86,248,19,2,355,24,0,24,379
07/29/2021,LIH,HI,AWP,WE,Federal Contract Tower,89,10,3,1,103,0,213,7,1,221,89,223,10,2,324,19,7,26,350
07/30/2021,LIH,HI,AWP,WE,Federal Contract Tower,95,1,5,1,102,0,239,5,0,244,95,240,10,1,346,35,1,36,382
07/31/2021,LIH,HI,AWP,WE,Federal Contract Tower,88,2,3,1,94,0,113,5,0,118,88,115,8,1,212,18,0,18,230
08/01/2021,LIH,HI,AWP,WE,Federal Contract Tower,89,1,9,0,99,0,50,3,0,53,89,51,12,0,152,18,0,18,170
08/02/2021,LIH,HI,AWP,WE,Federal Contract Tower,89,13,3,2,107,0,170,10,0,180,89,183,13,2,287,24,0,24,311
08/03/2021,LIH,HI,AWP,WE,Federal Contract Tower,88,12,0,7,107,0,205,7,1,213,88,217,7,8,320,14,0,14,334
08/04/2021,LIH,HI,AWP,WE,Federal Contract Tower,89,10,7,0,106,0,206,8,0,214,89,216,15,0,320,34,0,34,354
08/05/2021,LIH,HI,AWP,WE,Federal Contract Tower,92,11,7,0,110,0,208,10,0,218,92,219,17,0,328,17,0,17,345
08/06/2021,LIH,HI,AWP,WE,Federal Contract Tower,97,5,0,0,102,0,202,2,0,204,97,207,2,0,306,70,0,70,376
08/07/2021,LIH,HI,AWP,WE,Federal Contract Tower,90,0,1,0,91,0,181,8,0,189,90,181,9,0,280,31,0,31,311
08/08/2021,LIH,HI,AWP,WE,Federal Contract Tower,87,2,2,2,93,0,80,7,0,87,87,82,9,2,180,14,0,14,194
08/09/2021,LIH,HI,AWP,WE,Federal Contract Tower,91,8,3,0,102,0,203,12,0,215,91,211,15,0,317,29,0,29,346
08/10/2021,LIH,HI,AWP,WE,Federal Contract Tower,88,20,3,2,113,0,209,10,0,219,88,229,13,2,332,48,0,48,380
08/11/2021,LIH,HI,AWP,WE,Federal Contract Tower,90,11,4,2,107,0,177,16,3,196,90,188,20,5,303,24,0,24,327
08/12/2021,LIH,HI,AWP,WE,Federal Contract Tower,95,6,4,2,107,0,209,13,5,227,95,215,17,7,334,26,8,34,368
08/13/2021,LIH,HI,AWP,WE,Federal Contract Tower,99,3,0,0,102,0,206,6,2,214,99,209,6,2,316,36,0,36,352
08/14/2021,LIH,HI,AWP,WE,Federal Contract Tower,98,1,2,0,101,0,148,6,0,154,98,149,8,0,255,26,0,26,281
08/15/2021,LIH,HI,AWP,WE,Federal Contract Tower,90,2,2,2,96,0,64,4,3,71,90,66,6,5,167,12,2,14,181
08/16/2021,LIH,HI,AWP,WE,Federal Contract Tower,93,11,3,4,111,0,215,16,2,233,93,226,19,6,344,20,4,24,368
08/17/2021,LIH,HI,AWP,WE,Federal Contract Tower,89,15,3,4,111,0,171,16,4,191,89,186,19,8,302,18,0,18,320
08/18/2021,LIH,HI,AWP,WE,Federal Contract Tower,86,9,8,1,104,0,187,10,0,197,86,196,18,1,301,58,0,58,359
08/19/2021,LIH,HI,AWP,WE,Federal Contract Tower,100,10,1,2,113,0,214,13,1,228,100,224,14,3,341,28,0,28,369
08/20/2021,LIH,HI,AWP,WE,Federal Contract Tower,94,5,3,0,102,0,214,10,0,224,94,219,13,0,326,61,0,61,387
08/21/2021,LIH,HI,AWP,WE,Federal Contract Tower,90,1,5,3,99,0,144,5,8,157,90,145,10,11,256,25,0,25,281
08/23/2021,LIH,HI,AWP,WE,Federal Contract Tower,80,8,3,8,99,0,41,11,0,52,80,49,14,8,151,20,12,32,183
08/24/2021,LIH,HI,AWP,WE,Federal Contract Tower,86,11,3,12,112,0,143,13,0,156,86,154,16,12,268,23,0,23,291
08/25/2021,LIH,HI,AWP,WE,Federal Contract Tower,80,11,3,16,110,0,255,10,2,267,80,266,13,18,377,14,0,14,391
08/26/2021,LIH,HI,AWP,WE,Federal Contract Tower,95,6,0,7,108,0,246,32,0,278,95,252,32,7,386,12,0,12,398
08/27/2021,LIH,HI,AWP,WE,Federal Contract Tower,99,6,4,5,114,0,222,2,1,225,99,228,6,6,339,58,0,58,397
08/28/2021,LIH,HI,AWP,WE,Federal Contract Tower,91,4,5,0,100,0,158,3,0,161,91,162,8,0,261,23,0,23,284
08/29/2021,LIH,HI,AWP,WE,Federal Contract Tower,89,4,1,4,98,0,70,8,0,78,89,74,9,4,176,6,0,6,182
08/30/2021,LIH,HI,AWP,WE,Federal Contract Tower,87,16,1,6,110,0,139,5,1,145,87,155,6,7,255,36,4,40,295
08/31/2021,LIH,HI,AWP,WE,Federal Contract Tower,84,11,2,6,103,0,161,10,2,173,84,172,12,8,276,24,0,24,300
09/01/2021,LIH,HI,AWP,WE,Federal Contract Tower,89,12,15,4,120,0,245,9,0,254,89,257,24,4,374,28,10,38,412
09/02/2021,LIH,HI,AWP,WE,Federal Contract Tower,90,17,7,4,118,0,201,11,8,220,90,218,18,12,338,25,10,35,373
09/03/2021,LIH,HI,AWP,WE,Federal Contract Tower,93,18,4,0,115,0,177,8,0,185,93,195,12,0,300,63,2,65,365
09/04/2021,LIH,HI,AWP,WE,Federal Contract Tower,93,6,0,0,99,0,151,3,0,154,93,157,3,0,253,46,0,46,299
09/05/2021,LIH,HI,AWP,WE,Federal Contract Tower,79,1,2,4,86,0,52,5,0,57,79,53,7,4,143,14,2,16,159
09/06/2021,LIH,HI,AWP,WE,Federal Contract Tower,79,3,1,1,84,0,226,4,0,230,79,229,5,1,314,85,2,87,401
09/07/2021,LIH,HI,AWP,WE,Federal Contract Tower,80,10,1,16,107,0,202,8,2,212,80,212,9,18,319,26,2,28,347
09/08/2021,LIH,HI,AWP,WE,Federal Contract Tower,87,9,1,8,105,0,232,3,0,235,87,241,4,8,340,56,0,56,396
09/09/2021,LIH,HI,AWP,WE,Federal Contract Tower,87,9,7,6,109,0,206,2,2,210,87,215,9,8,319,64,6,70,389
09/10/2021,LIH,HI,AWP,WE,Federal Contract Tower,93,14,3,2,112,0,230,0,0,230,93,244,3,2,342,12,0,12,354
09/11/2021,LIH,HI,AWP,WE,Federal Contract Tower,86,3,3,2,94,0,140,5,0,145,86,143,8,2,239,20,5,25,264
09/12/2021,LIH,HI,AWP,WE,Federal Contract Tower,89,4,2,0,95,0,69,4,0,73,89,73,6,0,168,10,0,10,178
09/13/2021,LIH,HI,AWP,WE,Federal Contract Tower,84,7,1,3,95,0,213,2,0,215,84,220,3,3,310,23,0,23,333
09/14/2021,LIH,HI,AWP,WE,Federal Contract Tower,85,13,3,8,109,0,187,8,2,197,85,200,11,10,306,38,8,46,352
09/15/2021,LIH,HI,AWP,WE,Federal Contract Tower,90,12,3,0,105,0,160,11,2,173,90,172,14,2,278,22,10,32,310
09/16/2021,LIH,HI,AWP,WE,Federal Contract Tower,85,12,3,7,107,0,172,2,1,175,85,184,5,8,282,43,0,43,325
09/17/2021,LIH,HI,AWP,WE,Federal Contract Tower,89,16,10,2,117,0,223,2,0,225,89,239,12,2,342,14,0,14,356
09/18/2021,LIH,HI,AWP,WE,Federal Contract Tower,89,4,7,0,100,0,153,7,0,160,89,157,14,0,260,38,0,38,298
09/19/2021,LIH,HI,AWP,WE,Federal Contract Tower,84,4,2,5,95,0,6,4,0,10,84,10,6,5,105,110,0,110,215
09/20/2021,LIH,HI,AWP,WE,Federal Contract Tower,83,11,0,1,95,0,208,9,1,218,83,219,9,2,313,1,6,7,320
09/21/2021,LIH,HI,AWP,WE,Federal Contract Tower,83,11,1,7,102,0,209,12,2,223,83,220,13,9,325,37,0,37,362
09/22/2021,LIH,HI,AWP,WE,Federal Contract Tower,88,8,0,1,97,0,250,13,1,264,88,258,13,2,361,20,0,20,381
09/23/2021,LIH,HI,AWP,WE,Federal Contract Tower,88,14,0,0,102,0,216,4,0,220,88,230,4,0,322,22,2,24,346
09/24/2021,LIH,HI,AWP,WE,Federal Contract Tower,88,11,3,0,102,0,98,10,0,108,88,109,13,0,210,36,0,36,246
09/25/2021,LIH,HI,AWP,WE,Federal Contract Tower,88,5,5,4,102,0,194,14,0,208,88,199,19,4,310,22,0,22,332
09/26/2021,LIH,HI,AWP,WE,Federal Contract Tower,82,8,12,0,102,0,53,7,0,60,82,61,19,0,162,56,0,56,218
09/27/2021,LIH,HI,AWP,WE,Federal Contract Tower,87,12,2,1,102,0,254,10,0,264,87,266,12,1,366,42,0,42,408
09/28/2021,LIH,HI,AWP,WE,Federal Contract Tower,81,14,1,1,97,0,185,7,0,192,81,199,8,1,289,32,0,32,321
09/29/2021,LIH,HI,AWP,WE,Federal Contract Tower,82,12,1,12,107,0,205,13,7,225,82,217,14,19,332,70,0,70,402
09/30/2021,LIH,HI,AWP,WE,Federal Contract Tower,82,15,1,5,103,0,186,6,0,192,82,201,7,5,295,60,0,60,355
10/01/2021,LIH,HI,AWP,WE,Federal Contract Tower,86,16,6,0,108,0,188,5,1,194,86,204,11,1,302,34,0,34,336
10/02/2021,LIH,HI,AWP,WE,Federal Contract Tower,82,3,4,0,89,0,156,2,0,158,82,159,6,0,247,20,0,20,267
10/03/2021,LIH,HI,AWP,WE,Federal Contract Tower,85,3,1,0,89,0,0,3,0,3,85,3,4,0,92,0,0,0,92
10/04/2021,LIH,HI,AWP,WE,Federal Contract Tower,80,8,3,18,109,0,191,1,2,194,80,199,4,20,303,22,4,26,329
10/05/2021,LIH,HI,AWP,WE,Federal Contract Tower,83,11,1,0,95,0,189,7,0,196,83,200,8,0,291,21,0,21,312
10/06/2021,LIH,HI,AWP,WE,Federal Contract Tower,79,10,5,2,96,0,175,11,2,188,79,185,16,4,284,22,6,28,312
10/07/2021,LIH,HI,AWP,WE,Federal Contract Tower,83,8,2,3,96,0,164,9,0,173,83,172,11,3,269,24,0,24,293
10/08/2021,LIH,HI,AWP,WE,Federal Contract Tower,90,10,1,2,103,0,156,2,0,158,90,166,3,2,261,18,4,22,283
10/09/2021,LIH,HI,AWP,WE,Federal Contract Tower,87,11,5,0,103,0,116,7,0,123,87,127,12,0,226,6,0,6,232
10/10/2021,LIH,HI,AWP,WE,Federal Contract Tower,74,3,3,0,80,0,6,2,0,8,74,9,5,0,88,24,0,24,112
10/11/2021,LIH,HI,AWP,WE,Federal Contract Tower,84,11,1,0,96,0,187,13,0,200,84,198,14,0,296,18,0,18,314
10/12/2021,LIH,HI,AWP,WE,Federal Contract Tower,82,11,5,8,106,0,68,7,0,75,82,79,12,8,181,36,0,36,217
10/13/2021,LIH,HI,AWP,WE,Federal Contract Tower,82,14,2,0,98,0,157,9,0,166,82,171,11,0,264,22,4,26,290
10/14/2021,LIH,HI,AWP,WE,Federal Contract Tower,88,16,1,0,105,0,195,10,0,205,88,211,11,0,310,22,0,22,332
10/15/2021,LIH,HI,AWP,WE,Federal Contract Tower,87,19,2,0,108,0,220,13,2,235,87,239,15,2,343,40,0,40,383
10/16/2021,LIH,HI,AWP,WE,Federal Contract Tower,82,16,5,0,103,0,165,9,0,174,82,181,14,0,277,64,0,64,341
10/17/2021,LIH,HI,AWP,WE,Federal Contract Tower,81,6,3,0,90,0,44,5,1,50,81,50,8,1,140,21,0,21,161
10/18/2021,LIH,HI,AWP,WE,Federal Contract Tower,84,8,1,2,95,0,164,13,0,177,84,172,14,2,272,20,0,20,292
10/19/2021,LIH,HI,AWP,WE,Federal Contract Tower,80,11,3,0,94,0,169,1,2,172,80,180,4,2,266,30,0,30,296
10/20/2021,LIH,HI,AWP,WE,Federal Contract Tower,86,14,0,0,100,0,211,13,0,224,86,225,13,0,324,50,0,50,374
10/21/2021,LIH,HI,AWP,WE,Federal Contract Tower,86,11,3,1,101,0,217,5,4,226,86,228,8,5,327,28,12,40,367
10/22/2021,LIH,HI,AWP,WE,Federal Contract Tower,80,10,9,2,101,0,153,1,0,154,80,163,10,2,255,98,0,98,353
10/23/2021,LIH,HI,AWP,WE,Federal Contract Tower,81,4,1,1,87,0,194,3,1,198,81,198,4,2,285,62,0,62,347
10/24/2021,LIH,HI,AWP,WE,Federal Contract Tower,83,4,3,0,90,0,58,3,0,61,83,62,6,0,151,30,0,30,181
10/25/2021,LIH,HI,AWP,WE,Federal Contract Tower,83,10,4,0,97,0,167,3,1,171,83,177,7,1,268,22,0,22,290
10/26/2021,LIH,HI,AWP,WE,Federal Contract Tower,79,9,1,0,89,0,144,12,0,156,79,153,13,0,245,34,0,34,279
10/27/2021,LIH,HI,AWP,WE,Federal Contract Tower,81,19,2,1,103,0,191,17,1,209,81,210,19,2,312,56,0,56,368
10/28/2021,LIH,HI,AWP,WE,Federal Contract Tower,86,12,10,8,116,0,98,9,0,107,86,110,19,8,223,26,0,26,249
10/29/2021,LIH,HI,AWP,WE,Federal Contract Tower,85,14,1,5,105,0,163,5,1,169,85,177,6,6,274,72,6,78,352
10/30/2021,LIH,HI,AWP,WE,Federal Contract Tower,86,21,2,0,109,0,105,9,1,115,86,126,11,1,224,14,0,14,238
10/31/2021,LIH,HI,AWP,WE,Federal Contract Tower,72,6,5,0,83,0,34,6,0,40,72,40,11,0,123,38,0,38,161
11/01/2021,LIH,HI,AWP,WE,Federal Contract Tower,80,11,2,1,94,0,61,8,1,70,80,72,10,2,164,24,0,24,188
11/02/2021,LIH,HI,AWP,WE,Federal Contract Tower,78,15,0,4,97,1,180,5,4,190,79,195,5,8,287,26,0,26,313
11/03/2021,LIH,HI,AWP,WE,Federal Contract Tower,80,16,2,2,100,0,180,1,4,185,80,196,3,6,285,56,0,56,341
11/04/2021,LIH,HI,AWP,WE,Federal Contract Tower,83,11,0,1,95,0,36,0,0,36,83,47,0,1,131,18,0,18,149
11/05/2021,LIH,HI,AWP,WE,Federal Contract Tower,84,11,1,0,96,0,197,5,3,205,84,208,6,3,301,22,0,22,323
11/06/2021,LIH,HI,AWP,WE,Federal Contract Tower,82,16,4,2,104,0,170,6,1,177,82,186,10,3,281,20,0,20,301
11/08/2021,LIH,HI,AWP,WE,Federal Contract Tower,77,14,2,1,94,0,153,16,0,169,77,167,18,1,263,28,0,28,291
11/09/2021,LIH,HI,AWP,WE,Federal Contract Tower,83,13,3,2,101,0,215,5,3,223,83,228,8,5,324,38,0,38,362
11/10/2021,LIH,HI,AWP,WE,Federal Contract Tower,71,14,4,2,91,0,198,28,3,229,71,212,32,5,320,36,0,36,356
11/11/2021,LIH,HI,AWP,WE,Federal Contract Tower,81,7,7,0,95,0,228,6,0,234,81,235,13,0,329,34,0,34,363
11/12/2021,LIH,HI,AWP,WE,Federal Contract Tower,86,14,3,0,103,0,211,1,0,212,86,225,4,0,315,54,0,54,369
11/13/2021,LIH,HI,AWP,WE,Federal Contract Tower,79,1,10,0,90,0,166,13,0,179,79,167,23,0,269,18,0,18,287
11/14/2021,LIH,HI,AWP,WE,Federal Contract Tower,75,13,3,0,91,0,137,12,0,149,75,150,15,0,240,30,0,30,270
11/16/2021,LIH,HI,AWP,WE,Federal Contract Tower,79,13,1,3,96,0,183,5,6,194,79,196,6,9,290,23,0,23,313
11/17/2021,LIH,HI,AWP,WE,Federal Contract Tower,79,9,5,3,96,0,130,18,6,154,79,139,23,9,250,14,6,20,270
11/18/2021,LIH,HI,AWP,WE,Federal Contract Tower,82,11,2,2,97,0,150,12,0,162,82,161,14,2,259,28,10,38,297
11/19/2021,LIH,HI,AWP,WE,Federal Contract Tower,91,14,8,1,114,0,208,8,3,219,91,222,16,4,333,30,0,30,363
11/20/2021,LIH,HI,AWP,WE,Federal Contract Tower,89,7,5,0,101,0,166,4,0,170,89,173,9,0,271,18,0,18,289
11/21/2021,LIH,HI,AWP,WE,Federal Contract Tower,78,15,2,0,95,0,53,6,0,59,78,68,8,0,154,48,0,48,202
11/22/2021,LIH,HI,AWP,WE,Federal Contract Tower,86,23,2,1,112,0,219,9,6,234,86,242,11,7,346,22,0,22,368
11/23/2021,LIH,HI,AWP,WE,Federal Contract Tower,85,14,1,5,105,0,219,10,0,229,85,233,11,5,334,10,0,10,344
11/24/2021,LIH,HI,AWP,WE,Federal Contract Tower,87,12,5,4,108,0,251,16,0,267,87,263,21,4,375,10,0,10,385
11/25/2021,LIH,HI,AWP,WE,Federal Contract Tower,78,2,1,0,81,0,117,12,0,129,78,119,13,0,210,6,0,6,216
11/26/2021,LIH,HI,AWP,WE,Federal Contract Tower,85,7,6,0,98,0,236,4,0,240,85,243,10,0,338,14,0,14,352
11/27/2021,LIH,HI,AWP,WE,Federal Contract Tower,88,8,3,0,99,0,200,6,0,206,88,208,9,0,305,38,0,38,343
11/28/2021,LIH,HI,AWP,WE,Federal Contract Tower,86,4,6,0,96,0,46,4,0,50,86,50,10,0,146,22,0,22,168
11/29/2021,LIH,HI,AWP,WE,Federal Contract Tower,83,16,1,1,101,0,150,9,0,159,83,166,10,1,260,22,0,22,282
11/30/2021,LIH,HI,AWP,WE,Federal Contract Tower,78,16,2,6,102,0,160,7,2,169,78,176,9,8,271,28,0,28,299
12/01/2021,LIH,HI,AWP,WE,Federal Contract Tower,73,16,3,10,102,0,167,3,0,170,73,183,6,10,272,14,0,14,286
12/02/2021,LIH,HI,AWP,WE,Federal Contract Tower,82,18,4,2,106,0,103,4,0,107,82,121,8,2,213,32,0,32,245
12/03/2021,LIH,HI,AWP,WE,Federal Contract Tower,84,12,4,1,101,0,35,1,0,36,84,47,5,1,137,16,0,16,153
12/04/2021,LIH,HI,AWP,WE,Federal Contract Tower,79,11,5,0,95,0,136,1,0,137,79,147,6,0,232,16,0,16,248
12/05/2021,LIH,HI,AWP,WE,Federal Contract Tower,73,11,4,0,88,0,47,8,0,55,73,58,12,0,143,12,0,12,155
12/06/2021,LIH,HI,AWP,WE,Federal Contract Tower,75,9,1,0,85,0,0,0,0,0,75,9,1,0,85,0,0,0,85
12/07/2021,LIH,HI,AWP,WE,Federal Contract Tower,80,15,7,0,102,0,33,4,1,38,80,48,11,1,140,0,0,0,140
12/08/2021,LIH,HI,AWP,WE,Federal Contract Tower,78,11,7,14,110,0,140,2,2,144,78,151,9,16,254,26,2,28,282
12/09/2021,LIH,HI,AWP,WE,Federal Contract Tower,82,18,8,2,110,0,246,2,0,248,82,264,10,2,358,46,0,46,404
12/10/2021,LIH,HI,AWP,WE,Federal Contract Tower,86,13,5,6,110,0,108,0,0,108,86,121,5,6,218,12,0,12,230
12/11/2021,LIH,HI,AWP,WE,Federal Contract Tower,78,10,4,4,96,0,163,2,0,165,78,173,6,4,261,24,0,24,285
12/12/2021,LIH,HI,AWP,WE,Federal Contract Tower,73,3,1,0,77,0,43,0,0,43,73,46,1,0,120,34,0,34,154
12/13/2021,LIH,HI,AWP,WE,Federal Contract Tower,76,16,4,2,98,0,157,4,0,161,76,173,8,2,259,10,0,10,269
12/14/2021,LIH,HI,AWP,WE,Federal Contract Tower,79,17,6,4,106,0,146,1,0,147,79,163,7,4,253,25,2,27,280
12/15/2021,LIH,HI,AWP,WE,Federal Contract Tower,74,17,4,6,101,0,152,5,2,159,74,169,9,8,260,28,0,28,288
12/16/2021,LIH,HI,AWP,WE,Federal Contract Tower,90,15,4,8,117,0,212,4,3,219,90,227,8,11,336,58,6,64,400
12/17/2021,LIH,HI,AWP,WE,Federal Contract Tower,91,14,9,2,116,0,187,7,0,194,91,201,16,2,310,28,0,28,338
12/18/2021,LIH,HI,AWP,WE,Federal Contract Tower,79,9,9,0,97,0,139,8,0,147,79,148,17,0,244,4,0,4,248
12/19/2021,LIH,HI,AWP,WE,Federal Contract Tower,89,8,5,0,102,0,62,1,0,63,89,70,6,0,165,2,0,2,167
12/20/2021,LIH,HI,AWP,WE,Federal Contract Tower,90,13,7,5,115,0,184,3,0,187,90,197,10,5,302,12,0,12,314
12/21/2021,LIH,HI,AWP,WE,Federal Contract Tower,86,18,2,2,108,0,158,1,0,159,86,176,3,2,267,8,0,8,275
12/22/2021,LIH,HI,AWP,WE,Federal Contract Tower,90,20,7,0,117,0,257,9,2,268,90,277,16,2,385,14,0,14,399
12/23/2021,LIH,HI,AWP,WE,Federal Contract Tower,97,12,14,0,123,0,255,1,0,256,97,267,15,0,379,28,0,28,407
12/24/2021,LIH,HI,AWP,WE,Federal Contract Tower,88,17,0,0,105,0,222,4,0,226,88,239,4,0,331,16,0,16,347
12/25/2021,LIH,HI,AWP,WE,Federal Contract Tower,81,2,4,0,87,0,73,0,0,73,81,75,4,0,160,8,0,8,168
12/26/2021,LIH,HI,AWP,WE,Federal Contract Tower,84,6,16,0,106,0,116,1,0,117,84,122,17,0,223,22,0,22,245
12/27/2021,LIH,HI,AWP,WE,Federal Contract Tower,90,14,12,0,116,0,229,2,0,231,90,243,14,0,347,12,0,12,359
12/28/2021,LIH,HI,AWP,WE,Federal Contract Tower,86,14,6,4,110,0,228,18,0,246,86,242,24,4,356,12,0,12,368
12/29/2021,LIH,HI,AWP,WE,Federal Contract Tower,85,19,10,0,114,0,234,17,2,253,85,253,27,2,367,28,0,28,395
12/30/2021,LIH,HI,AWP,WE,Federal Contract Tower,81,8,9,2,100,0,13,0,0,13,81,21,9,2,113,0,0,0,113
12/31/2021,LIH,HI,AWP,WE,Federal Contract Tower,81,8,4,0,93,0,80,0,0,80,81,88,4,0,173,28,0,28,201
01/01/2022,LIH,HI,AWP,WE,Federal Contract Tower,73,4,14,0,91,0,1,0,0,1,73,5,14,0,92,0,0,0,92
01/02/2022,LIH,HI,AWP,WE,Federal Contract Tower,86,14,7,0,107,0,68,0,0,68,86,82,7,0,175,20,0,20,195
01/03/2022,LIH,HI,AWP,WE,Federal Contract Tower,84,19,8,0,111,0,169,11,0,180,84,188,19,0,291,20,0,20,311
01/04/2022,LIH,HI,AWP,WE,Federal Contract Tower,74,13,6,4,97,0,238,7,0,245,74,251,13,4,342,22,0,22,364
01/05/2022,LIH,HI,AWP,WE,Federal Contract Tower,77,21,15,16,129,0,242,5,1,248,77,263,20,17,377,8,4,12,389
01/06/2022,LIH,HI,AWP,WE,Federal Contract Tower,79,14,3,5,101,0,204,6,1,211,79,218,9,6,312,10,0,10,322
01/07/2022,LIH,HI,AWP,WE,Federal Contract Tower,75,15,5,2,97,0,191,8,0,199,75,206,13,2,296,16,0,16,312
01/08/2022,LIH,HI,AWP,WE,Federal Contract Tower,83,2,5,2,92,0,126,6,0,132,83,128,11,2,224,24,0,24,248
01/09/2022,LIH,HI,AWP,WE,Federal Contract Tower,76,5,4,0,85,0,59,5,0,64,76,64,9,0,149,26,0,26,175
01/10/2022,LIH,HI,AWP,WE,Federal Contract Tower,73,16,8,11,108,0,155,5,0,160,73,171,13,11,268,28,0,28,296
01/11/2022,LIH,HI,AWP,WE,Federal Contract Tower,67,17,2,2,88,0,231,1,2,234,67,248,3,4,322,36,0,36,358
01/12/2022,LIH,HI,AWP,WE,Federal Contract Tower,72,12,8,3,95,0,186,10,0,196,72,198,18,3,291,24,4,28,319
01/13/2022,LIH,HI,AWP,WE,Federal Contract Tower,76,13,3,9,101,0,194,13,0,207,76,207,16,9,308,48,0,48,356
01/14/2022,LIH,HI,AWP,WE,Federal Contract Tower,81,12,2,0,95,0,205,7,0,212,81,217,9,0,307,48,0,48,355
01/15/2022,LIH,HI,AWP,WE,Federal Contract Tower,72,8,4,0,84,0,138,10,0,148,72,146,14,0,232,50,0,50,282
01/16/2022,LIH,HI,AWP,WE,Federal Contract Tower,67,2,3,3,75,0,37,6,2,45,67,39,9,5,120,12,0,12,132
01/17/2022,LIH,HI,AWP,WE,Federal Contract Tower,73,7,0,0,80,0,182,21,0,203,73,189,21,0,283,28,0,28,311
01/18/2022,LIH,HI,AWP,WE,Federal Contract Tower,76,10,5,10,101,0,166,0,1,167,76,176,5,11,268,26,0,26,294
01/19/2022,LIH,HI,AWP,WE,Federal Contract Tower,68,13,0,4,85,0,151,19,4,174,68,164,19,8,259,38,0,38,297
01/20/2022,LIH,HI,AWP,WE,Federal Contract Tower,75,12,1,7,95,0,222,12,1,235,75,234,13,8,330,32,0,32,362
01/21/2022,LIH,HI,AWP,WE,Federal Contract Tower,81,13,4,0,98,0,166,15,0,181,81,179,19,0,279,18,0,18,297
01/22/2022,LIH,HI,AWP,WE,Federal Contract Tower,72,1,5,0,78,0,41,0,0,41,72,42,5,0,119,24,0,24,143
01/23/2022,LIH,HI,AWP,WE,Federal Contract Tower,72,3,7,0,82,0,46,1,0,47,72,49,8,0,129,72,0,72,201
01/24/2022,LIH,HI,AWP,WE,Federal Contract Tower,74,6,2,2,84,0,190,7,2,199,74,196,9,4,283,14,0,14,297
01/25/2022,LIH,HI,AWP,WE,Federal Contract Tower,62,13,4,14,93,0,215,3,8,226,62,228,7,22,319,10,0,10,329
01/26/2022,LIH,HI,AWP,WE,Federal Contract Tower,72,11,4,6,93,0,176,13,0,189,72,187,17,6,282,26,4,30,312
01/27/2022,LIH,HI,AWP,WE,Federal Contract Tower,75,12,5,16,108,0,158,5,0,163,75,170,10,16,271,14,20,34,305
01/28/2022,LIH,HI,AWP,WE,Federal Contract Tower,69,10,9,0,88,0,236,4,0,240,69,246,13,0,328,24,0,24,352
01/29/2022,LIH,HI,AWP,WE,Federal Contract Tower,70,35,4,0,109,0,123,12,0,135,70,158,16,0,244,56,0,56,300
01/30/2022,LIH,HI,AWP,WE,Federal Contract Tower,72,4,3,0,79,0,72,4,0,76,72,76,7,0,155,24,0,24,179
01/31/2022,LIH,HI,AWP,WE,Federal Contract Tower,71,17,3,8,99,0,147,11,0,158,71,164,14,8,257,18,0,18,275
02/01/2022,LIH,HI,AWP,WE,Federal Contract Tower,73,11,13,6,103,0,174,0,6,180,73,185,13,12,283,12,0,12,295
02/02/2022,LIH,HI,AWP,WE,Federal Contract Tower,72,10,2,4,88,0,185,4,0,189,72,195,6,4,277,30,0,30,307
02/03/2022,LIH,HI,AWP,WE,Federal Contract Tower,77,6,1,4,88,0,166,6,3,175,77,172,7,7,263,18,0,18,281
02/04/2022,LIH,HI,AWP,WE,Federal Contract Tower,81,8,5,1,95,0,186,1,0,187,81,194,6,1,282,16,0,16,298
02/05/2022,LIH,HI,AWP,WE,Federal Contract Tower,79,3,9,0,91,0,133,2,0,135,79,136,11,0,226,34,0,34,260
02/06/2022,LIH,HI,AWP,WE,Federal Contract Tower,73,4,9,0,86,0,70,3,1,74,73,74,12,1,160,20,0,20,180
02/07/2022,LIH,HI,AWP,WE,Federal Contract Tower,78,13,3,4,98,0,178,4,0,182,78,191,7,4,280,22,0,22,302
02/08/2022,LIH,HI,AWP,WE,Federal Contract Tower,72,11,1,19,103,0,234,2,1,237,72,245,3,20,340,18,0,18,358
02/09/2022,LIH,HI,AWP,WE,Federal Contract Tower,75,15,5,2,97,0,200,2,0,202,75,215,7,2,299,20,0,20,319
02/10/2022,LIH,HI,AWP,WE,Federal Contract Tower,75,11,4,8,98,0,197,7,0,204,75,208,11,8,302,20,0,20,322
02/11/2022,LIH,HI,AWP,WE,Federal Contract Tower,73,7,1,4,85,0,235,3,1,239,73,242,4,5,324,20,0,20,344
02/12/2022,LIH,HI,AWP,WE,Federal Contract Tower,76,6,5,0,87,0,146,7,0,153,76,152,12,0,240,18,0,18,258
02/13/2022,LIH,HI,AWP,WE,Federal Contract Tower,76,1,3,0,80,0,73,7,0,80,76,74,10,0,160,10,12,22,182
02/14/2022,LIH,HI,AWP,WE,Federal Contract Tower,72,12,3,2,89,0,234,3,0,237,72,246,6,2,326,18,0,18,344
02/15/2022,LIH,HI,AWP,WE,Federal Contract Tower,70,17,5,12,104,0,228,11,14,253,70,245,16,26,357,4,8,12,369
02/16/2022,LIH,HI,AWP,WE,Federal Contract Tower,71,12,3,0,86,0,232,6,2,240,71,244,9,2,326,20,4,24,350
02/17/2022,LIH,HI,AWP,WE,Federal Contract Tower,77,13,0,2,92,0,211,5,2,218,77,224,5,4,310,22,0,22,332
02/18/2022,LIH,HI,AWP,WE,Federal Contract Tower,76,9,3,0,88,0,215,2,0,217,76,224,5,0,305,32,0,32,337
02/19/2022,LIH,HI,AWP,WE,Federal Contract Tower,76,6,9,0,91,0,154,9,0,163,76,160,18,0,254,44,0,44,298
02/20/2022,LIH,HI,AWP,WE,Federal Contract Tower,79,7,3,0,89,0,99,4,0,103,79,106,7,0,192,16,0,16,208
02/21/2022,LIH,HI,AWP,WE,Federal Contract Tower,73,5,3,2,83,0,224,12,0,236,73,229,15,2,319,48,0,48,367
02/22/2022,LIH,HI,AWP,WE,Federal Contract Tower,71,11,2,8,92,0,192,21,10,223,71,203,23,18,315,60,0,60,375
02/23/2022,LIH,HI,AWP,WE,Federal Contract Tower,68,16,4,9,97,0,238,13,0,251,68,254,17,9,348,108,0,108,456
02/24/2022,LIH,HI,AWP,WE,Federal Contract Tower,76,10,4,3,93,0,205,14,4,223,76,215,18,7,316,38,4,42,358
02/25/2022,LIH,HI,AWP,WE,Federal Contract Tower,76,19,10,2,107,0,269,9,10,288,76,288,19,12,395,18,0,18,413
02/26/2022,LIH,HI,AWP,WE,Federal Contract Tower,74,7,12,0,93,0,161,12,0,173,74,168,24,0,266,70,0,70,336
02/27/2022,LIH,HI,AWP,WE,Federal Contract Tower,74,7,1,0,82,0,50,6,0,56,74,57,7,0,138,24,0,24,162
02/28/2022,LIH,HI,AWP,WE,Federal Contract Tower,76,10,7,0,93,0,199,13,2,214,76,209,20,2,307,88,0,88,395
03/01/2022,LIH,HI,AWP,WE,Federal Contract Tower,70,11,7,10,98,0,229,10,4,243,70,240,17,14,341,40,8,48,389
03/02/2022,LIH,HI,AWP,WE,Federal Contract Tower,74,12,3,3,92,0,190,23,0,213,74,202,26,3,305,58,6,64,369
03/03/2022,LIH,HI,AWP,WE,Federal Contract Tower,76,14,1,0,91,0,168,7,0,175,76,182,8,0,266,14,0,14,280
03/04/2022,LIH,HI,AWP,WE,Federal Contract Tower,80,10,5,2,97,0,128,4,3,135,80,138,9,5,232,26,0,26,258
03/05/2022,LIH,HI,AWP,WE,Federal Contract Tower,75,1,2,1,79,0,202,18,2,222,75,203,20,3,301,54,0,54,355
03/06/2022,LIH,HI,AWP,WE,Federal Contract Tower,74,2,2,2,80,0,112,10,7,129,74,114,12,9,209,16,0,16,225
03/07/2022,LIH,HI,AWP,WE,Federal Contract Tower,81,13,1,12,107,0,208,0,4,212,81,221,1,16,319,10,2,12,331
03/08/2022,LIH,HI,AWP,WE,Federal Contract Tower,74,14,3,0,91,0,189,6,4,199,74,203,9,4,290,38,0,38,328
03/09/2022,LIH,HI,AWP,WE,Federal Contract Tower,79,12,2,2,95,0,204,9,8,221,79,216,11,10,316,28,0,28,344
03/10/2022,LIH,HI,AWP,WE,Federal Contract Tower,80,11,5,0,96,0,177,20,5,202,80,188,25,5,298,36,0,36,334
03/11/2022,LIH,HI,AWP,WE,Federal Contract Tower,82,7,4,1,94,0,251,16,2,269,82,258,20,3,363,44,0,44,407
03/12/2022,LIH,HI,AWP,WE,Federal Contract Tower,81,2,9,0,92,1,163,16,0,180,82,165,25,0,272,28,0,28,300
03/13/2022,LIH,HI,AWP,WE,Federal Contract Tower,83,3,2,0,88,0,97,14,0,111,83,100,16,0,199,46,0,46,245
03/14/2022,LIH,HI,AWP,WE,Federal Contract Tower,85,13,11,4,113,0,228,17,0,245,85,241,28,4,358,26,0,26,384
03/15/2022,LIH,HI,AWP,WE,Federal Contract Tower,73,10,1,4,88,0,236,17,4,257,73,246,18,8,345,44,0,44,389
03/16/2022,LIH,HI,AWP,WE,Federal Contract Tower,79,14,6,5,104,0,227,12,5,244,79,241,18,10,348,18,0,18,366
03/17/2022,LIH,HI,AWP,WE,Federal Contract Tower,89,15,3,1,108,0,223,5,7,235,89,238,8,8,343,26,0,26,369
03/18/2022,LIH,HI,AWP,WE,Federal Contract Tower,93,11,5,0,109,0,260,10,0,270,93,271,15,0,379,32,0,32,411
03/19/2022,LIH,HI,AWP,WE,Federal Contract Tower,89,4,7,0,100,0,168,17,0,185,89,172,24,0,285,28,0,28,313
03/20/2022,LIH,HI,AWP,WE,Federal Contract Tower,86,0,5,0,91,0,71,6,1,78,86,71,11,1,169,16,0,16,185
03/21/2022,LIH,HI,AWP,WE,Federal Contract Tower,90,11,7,5,113,0,244,7,3,254,90,255,14,8,367,30,0,30,397
03/22/2022,LIH,HI,AWP,WE,Federal Contract Tower,79,16,4,3,102,0,5,0,1,6,79,21,4,4,108,2,0,2,110
03/23/2022,LIH,HI,AWP,WE,Federal Contract Tower,83,13,3,0,99,0,173,6,1,180,83,186,9,1,279,42,0,42,321
03/24/2022,LIH,HI,AWP,WE,Federal Contract Tower,87,14,7,0,108,0,184,11,0,195,87,198,18,0,303,40,0,40,343
03/25/2022,LIH,HI,AWP,WE,Federal Contract Tower,94,9,6,2,111,0,229,7,0,236,94,238,13,2,347,36,0,36,383
03/26/2022,LIH,HI,AWP,WE,Federal Contract Tower,90,2,6,0,98,0,166,18,0,184,90,168,24,0,282,24,0,24,306
03/27/2022,LIH,HI,AWP,WE,Federal Contract Tower,88,3,6,0,97,0,94,10,0,104,88,97,16,0,201,28,0,28,229
03/28/2022,LIH,HI,AWP,WE,Federal Contract Tower,93,13,4,12,122,0,150,7,7,164,93,163,11,19,286,36,2,38,324
03/29/2022,LIH,HI,AWP,WE,Federal Contract Tower,80,11,2,7,100,0,228,21,1,250,80,239,23,8,350,63,0,63,413
03/30/2022,LIH,HI,AWP,WE,Federal Contract Tower,82,11,4,0,97,0,187,21,0,208,82,198,25,0,305,60,0,60,365
03/31/2022,LIH,HI,AWP,WE,Federal Contract Tower,94,11,8,2,115,0,219,16,1,236,94,230,24,3,351,18,14,32,383
04/01/2022,LIH,HI,AWP,WE,Federal Contract Tower,101,16,3,3,123,0,175,4,0,179,101,191,7,3,302,26,0,26,328
04/02/2022,LIH,HI,AWP,WE,Federal Contract Tower,92,9,4,0,105,0,90,6,0,96,92,99,10,0,201,10,0,10,211
04/03/2022,LIH,HI,AWP,WE,Federal Contract Tower,81,2,5,2,90,0,53,2,0,55,81,55,7,2,145,12,0,12,157
04/04/2022,LIH,HI,AWP,WE,Federal Contract Tower,93,16,8,4,121,0,224,17,0,241,93,240,25,4,362,44,0,44,406
04/05/2022,LIH,HI,AWP,WE,Federal Contract Tower,73,9,12,20,114,0,185,7,13,205,73,194,19,33,319,40,4,44,363
04/06/2022,LIH,HI,AWP,WE,Federal Contract Tower,83,11,1,10,105,0,213,14,5,232,83,224,15,15,337,14,2,16,353
04/07/2022,LIH,HI,AWP,WE,Federal Contract Tower,82,16,7,5,110,0,218,16,3,237,82,234,23,8,347,16,0,16,363
04/08/2022,LIH,HI,AWP,WE,Federal Contract Tower,89,10,4,1,104,0,238,19,4,261,89,248,23,5,365,18,0,18,383
04/09/2022,LIH,HI,AWP,WE,Federal Contract Tower,91,0,5,0,96,0,149,17,0,166,91,149,22,0,262,28,0,28,290
04/10/2022,LIH,HI,AWP,WE,Federal Contract Tower,82,5,0,0,87,0,41,3,0,44,82,46,3,0,131,26,0,26,157
04/11/2022,LIH,HI,AWP,WE,Federal Contract Tower,92,13,4,3,112,0,229,10,0,239,92,242,14,3,351,30,0,30,381
04/12/2022,LIH,HI,AWP,WE,Federal Contract Tower,77,14,2,2,95,0,230,8,1,239,77,244,10,3,334,24,0,24,358
04/13/2022,LIH,HI,AWP,WE,Federal Contract Tower,77,10,5,3,95,0,223,12,1,236,77,233,17,4,331,90,2,92,423
04/14/2022,LIH,HI,AWP,WE,Federal Contract Tower,92,20,7,2,121,0,198,10,0,208,92,218,17,2,329,50,0,50,379
04/15/2022,LIH,HI,AWP,WE,Federal Contract Tower,83,14,7,4,108,0,253,12,1,266,83,267,19,5,374,44,0,44,418
04/16/2022,LIH,HI,AWP,WE,Federal Contract Tower,86,3,13,0,102,0,68,4,0,72,86,71,17,0,174,16,0,16,190
04/17/2022,LIH,HI,AWP,WE,Federal Contract Tower,85,9,8,0,102,0,88,0,0,88,85,97,8,0,190,16,0,16,206
04/18/2022,LIH,HI,AWP,WE,Federal Contract Tower,88,14,3,5,110,0,236,11,2,249,88,250,14,7,359,52,2,54,413
04/19/2022,LIH,HI,AWP,WE,Federal Contract Tower,75,9,3,4,91,0,224,8,1,233,75,233,11,5,324,54,0,54,378
04/20/2022,LIH,HI,AWP,WE,Federal Contract Tower,79,12,2,4,97,0,223,14,4,241,79,235,16,8,338,12,4,16,354
04/21/2022,LIH,HI,AWP,WE,Federal Contract Tower,86,17,4,9,116,0,176,5,4,185,86,193,9,13,301,30,6,36,337
04/22/2022,LIH,HI,AWP,WE,Federal Contract Tower,88,21,3,2,114,0,232,5,0,237,88,253,8,2,351,24,0,24,375
04/23/2022,LIH,HI,AWP,WE,Federal Contract Tower,81,1,7,0,89,0,169,18,0,187,81,170,25,0,276,32,0,32,308
04/24/2022,LIH,HI,AWP,WE,Federal Contract Tower,78,3,6,0,87,0,101,21,2,124,78,104,27,2,211,36,0,36,247
04/25/2022,LIH,HI,AWP,WE,Federal Contract Tower,87,8,1,0,96,0,209,21,6,236,87,217,22,6,332,28,0,28,360
04/26/2022,LIH,HI,AWP,WE,Federal Contract Tower,74,15,0,2,91,0,157,4,0,161,74,172,4,2,252,69,0,69,321
04/27/2022,LIH,HI,AWP,WE,Federal Contract Tower,76,13,2,10,101,0,202,16,2,220,76,215,18,12,321,48,0,48,369
04/28/2022,LIH,HI,AWP,WE,Federal Contract Tower,84,12,7,7,110,0,221,2,4,227,84,233,9,11,337,28,2,30,367
04/29/2022,LIH,HI,AWP,WE,Federal Contract Tower,88,14,0,0,102,0,215,5,0,220,88,229,5,0,322,40,0,40,362
04/30/2022,LIH,HI,AWP,WE,Federal Contract Tower,84,7,7,0,98,0,147,9,0,156,84,154,16,0,254,10,0,10,264
05/01/2022,LIH,HI,AWP,WE,Federal Contract Tower,79,3,2,0,84,0,86,4,0,90,79,89,6,0,174,44,0,44,218
05/02/2022,LIH,HI,AWP,WE,Federal Contract Tower,92,11,2,14,119,0,87,7,0,94,92,98,9,14,213,18,10,28,241
05/03/2022,LIH,HI,AWP,WE,Federal Contract Tower,76,17,6,0,99,0,218,8,4,230,76,235,14,4,329,134,0,134,463
05/04/2022,LIH,HI,AWP,WE,Federal Contract Tower,75,10,2,8,95,0,155,18,0,173,75,165,20,8,268,68,0,68,336
05/05/2022,LIH,HI,AWP,WE,Federal Contract Tower,89,14,1,5,109,0,215,12,0,227,89,229,13,5,336,52,0,52,388
05/06/2022,LIH,HI,AWP,WE,Federal Contract Tower,89,12,0,2,103,0,164,10,0,174,89,176,10,2,277,30,0,30,307
05/07/2022,LIH,HI,AWP,WE,Federal Contract Tower,89,4,5,0,98,0,156,7,0,163,89,160,12,0,261,22,0,22,283
05/08/2022,LIH,HI,AWP,WE,Federal Contract Tower,81,4,1,2,88,0,125,11,0,136,81,129,12,2,224,20,0,20,244
05/09/2022,LIH,HI,AWP,WE,Federal Contract Tower,89,10,2,8,109,0,242,12,0,254,89,252,14,8,363,31,0,31,394
05/10/2022,LIH,HI,AWP,WE,Federal Contract Tower,81,10,3,4,98,0,196,8,1,205,81,206,11,5,303,73,4,77,380
05/11/2022,LIH,HI,AWP,WE,Federal Contract Tower,81,11,0,4,96,0,196,16,0,212,81,207,16,4,308,18,0,18,326
05/12/2022,LIH,HI,AWP,WE,Federal Contract Tower,90,10,2,1,103,0,203,6,0,209,90,213,8,1,312,10,0,10,322
05/13/2022,LIH,HI,AWP,WE,Federal Contract Tower,87,12,3,0,102,0,178,4,0,182,87,190,7,0,284,26,0,26,310
05/14/2022,LIH,HI,AWP,WE,Federal Contract Tower,84,1,7,0,92,0,170,16,0,186,84,171,23,0,278,20,0,20,298
05/15/2022,LIH,HI,AWP,WE,Federal Contract Tower,82,5,4,2,93,0,116,11,0,127,82,121,15,2,220,28,0,28,248
05/16/2022,LIH,HI,AWP,WE,Federal Contract Tower,90,8,2,0,100,0,208,2,0,210,90,216,4,0,310,18,0,18,328
05/17/2022,LIH,HI,AWP,WE,Federal Contract Tower,81,18,0,8,107,0,188,6,2,196,81,206,6,10,303,34,0,34,337
05/18/2022,LIH,HI,AWP,WE,Federal Contract Tower,80,14,6,0,100,0,1,0,0,1,80,15,6,0,101,8,0,8,109
05/19/2022,LIH,HI,AWP,WE,Federal Contract Tower,88,13,3,4,108,0,140,12,0,152,88,153,15,4,260,32,0,32,292
05/20/2022,LIH,HI,AWP,WE,Federal Contract Tower,84,12,2,0,98,0,233,13,0,246,84,245,15,0,344,20,0,20,364
05/21/2022,LIH,HI,AWP,WE,Federal Contract Tower,87,3,9,0,99,0,219,2,0,221,87,222,11,0,320,20,0,20,340
05/22/2022,LIH,HI,AWP,WE,Federal Contract Tower,84,2,7,0,93,0,149,8,0,157,84,151,15,0,250,28,0,28,278
05/23/2022,LIH,HI,AWP,WE,Federal Contract Tower,86,11,5,2,104,0,222,15,0,237,86,233,20,2,341,18,0,18,359
05/24/2022,LIH,HI,AWP,WE,Federal Contract Tower,78,9,2,0,89,0,205,10,0,215,78,214,12,0,304,32,0,32,336
05/25/2022,LIH,HI,AWP,WE,Federal Contract Tower,78,13,10,2,103,0,211,17,1,229,78,224,27,3,332,22,0,22,354
05/26/2022,LIH,HI,AWP,WE,Federal Contract Tower,87,11,3,6,107,0,251,5,2,258,87,262,8,8,365,16,12,28,393
05/27/2022,LIH,HI,AWP,WE,Federal Contract Tower,87,23,0,0,110,0,237,10,0,247,87,260,10,0,357,24,0,24,381
05/28/2022,LIH,HI,AWP,WE,Federal Contract Tower,83,9,10,0,102,0,207,15,0,222,83,216,25,0,324,23,0,23,347
05/29/2022,LIH,HI,AWP,WE,Federal Contract Tower,83,2,3,0,88,0,75,4,0,79,83,77,7,0,167,32,0,32,199
05/30/2022,LIH,HI,AWP,WE,Federal Contract Tower,90,2,3,0,95,0,233,9,0,242,90,235,12,0,337,21,0,21,358
05/31/2022,LIH,HI,AWP,WE,Federal Contract Tower,84,9,2,9,104,0,219,11,4,234,84,228,13,13,338,35,0,35,373
06/01/2022,LIH,HI,AWP,WE,Federal Contract Tower,80,6,0,4,90,0,134,16,1,151,80,140,16,5,241,14,0,14,255
06/02/2022,LIH,HI,AWP,WE,Federal Contract Tower,86,15,7,4,112,0,234,8,6,248,86,249,15,10,360,12,0,12,372
06/03/2022,LIH,HI,AWP,WE,Federal Contract Tower,86,16,3,0,105,0,262,11,0,273,86,278,14,0,378,28,0,28,406
06/04/2022,LIH,HI,AWP,WE,Federal Contract Tower,83,9,6,0,98,0,217,25,0,242,83,226,31,0,340,48,0,48,388
06/05/2022,LIH,HI,AWP,WE,Federal Contract Tower,89,8,3,1,101,0,126,2,0,128,89,134,5,1,229,32,0,32,261
06/06/2022,LIH,HI,AWP,WE,Federal Contract Tower,94,9,0,0,103,0,231,5,0,236,94,240,5,0,339,50,0,50,389
06/07/2022,LIH,HI,AWP,WE,Federal Contract Tower,88,11,3,4,106,0,232,9,10,251,88,243,12,14,357,28,0,28,385
06/08/2022,LIH,HI,AWP,WE,Federal Contract Tower,87,10,2,7,106,0,214,9,1,224,87,224,11,8,330,24,0,24,354
06/09/2022,LIH,HI,AWP,WE,Federal Contract Tower,92,14,6,2,114,0,238,14,3,255,92,252,20,5,369,18,0,18,387
06/10/2022,LIH,HI,AWP,WE,Federal Contract Tower,92,11,1,7,111,0,245,12,0,257,92,256,13,7,368,22,0,22,390
06/11/2022,LIH,HI,AWP,WE,Federal Contract Tower,93,6,7,0,106,0,220,10,0,230,93,226,17,0,336,16,0,16,352
06/12/2022,LIH,HI,AWP,WE,Federal Contract Tower,80,7,4,0,91,0,116,5,0,121,80,123,9,0,212,22,0,22,234
06/13/2022,LIH,HI,AWP,WE,Federal Contract Tower,92,10,4,0,106,0,222,3,0,225,92,232,7,0,331,22,0,22,353
06/14/2022,LIH,HI,AWP,WE,Federal Contract Tower,86,14,1,10,111,0,220,14,0,234,86,234,15,10,345,40,0,40,385
06/15/2022,LIH,HI,AWP,WE,Federal Contract Tower,86,14,3,0,103,0,193,19,2,214,86,207,22,2,317,18,0,18,335
06/16/2022,LIH,HI,AWP,WE,Federal Contract Tower,92,17,3,12,124,0,206,16,2,224,92,223,19,14,348,46,4,50,398
06/17/2022,LIH,HI,AWP,WE,Federal Contract Tower,93,15,2,0,110,0,249,10,0,259,93,264,12,0,369,22,0,22,391
06/18/2022,LIH,HI,AWP,WE,Federal Contract Tower,89,4,8,0,101,0,212,14,0,226,89,216,22,0,327,22,0,22,349
06/19/2022,LIH,HI,AWP,WE,Federal Contract Tower,89,4,3,1,97,0,158,2,1,161,89,162,5,2,258,38,0,38,296
06/20/2022,LIH,HI,AWP,WE,Federal Contract Tower,92,6,4,0,102,0,244,20,0,264,92,250,24,0,366,38,0,38,404
06/21/2022,LIH,HI,AWP,WE,Federal Contract Tower,90,22,2,5,119,0,227,7,8,242,90,249,9,13,361,30,0,30,391
06/22/2022,LIH,HI,AWP,WE,Federal Contract Tower,83,22,5,1,111,0,226,8,7,241,83,248,13,8,352,32,0,32,384
06/23/2022,LIH,HI,AWP,WE,Federal Contract Tower,92,14,1,5,112,0,237,13,5,255,92,251,14,10,367,28,0,28,395
06/24/2022,LIH,HI,AWP,WE,Federal Contract Tower,91,9,9,3,112,0,218,13,0,231,91,227,22,3,343,36,0,36,379
06/25/2022,LIH,HI,AWP,WE,Federal Contract Tower,92,9,10,0,111,0,224,18,0,242,92,233,28,0,353,34,0,34,387
06/26/2022,LIH,HI,AWP,WE,Federal Contract Tower,88,6,2,0,96,0,127,5,0,132,88,133,7,0,228,56,0,56,284
06/27/2022,LIH,HI,AWP,WE,Federal Contract Tower,92,13,4,6,115,0,288,6,6,300,92,301,10,12,415,42,0,42,457
06/28/2022,LIH,HI,AWP,WE,Federal Contract Tower,89,9,1,2,101,0,254,13,0,267,89,263,14,2,368,42,0,42,410
06/29/2022,LIH,HI,AWP,WE,Federal Contract Tower,87,12,4,11,114,0,200,12,0,212,87,212,16,11,326,34,0,34,360
06/30/2022,LIH,HI,AWP,WE,Federal Contract Tower,94,13,3,14,124,0,208,12,2,222,94,221,15,16,346,94,0,94,440
07/01/2022,LIH,HI,AWP,WE,Federal Contract Tower,92,14,4,0,110,0,228,8,0,236,92,242,12,0,346,28,0,28,374
07/02/2022,LIH,HI,AWP,WE,Federal Contract Tower,92,5,0,0,97,0,188,9,0,197,92,193,9,0,294,30,0,30,324
07/03/2022,LIH,HI,AWP,WE,Federal Contract Tower,87,5,3,0,95,0,160,3,0,163,87,165,6,0,258,46,0,46,304
07/04/2022,LIH,HI,AWP,WE,Federal Contract Tower,82,0,0,0,82,0,217,0,0,217,82,217,0,0,299,22,0,22,321
07/05/2022,LIH,HI,AWP,WE,Federal Contract Tower,86,13,2,1,102,0,259,2,0,261,86,272,4,1,363,32,0,32,395
07/06/2022,LIH,HI,AWP,WE,Federal Contract Tower,90,10,6,13,119,0,224,14,0,238,90,234,20,13,357,18,0,18,375
07/07/2022,LIH,HI,AWP,WE,Federal Contract Tower,93,13,7,8,121,0,236,14,3,253,93,249,21,11,374,30,0,30,404
07/08/2022,LIH,HI,AWP,WE,Federal Contract Tower,94,10,5,3,112,0,242,9,1,252,94,252,14,4,364,44,0,44,408
07/09/2022,LIH,HI,AWP,WE,Federal Contract Tower,88,4,4,2,98,0,192,11,0,203,88,196,15,2,301,22,0,22,323
07/10/2022,LIH,HI,AWP,WE,Federal Contract Tower,93,2,6,2,103,0,122,0,0,122,93,124,6,2,225,24,0,24,249
07/11/2022,LIH,HI,AWP,WE,Federal Contract Tower,93,10,2,4,109,0,210,12,3,225,93,220,14,7,334,38,6,44,378
07/12/2022,LIH,HI,AWP,WE,Federal Contract Tower,88,15,2,6,111,0,229,13,4,246,88,244,15,10,357,72,0,72,429
07/13/2022,LIH,HI,AWP,WE,Federal Contract Tower,89,13,5,3,110,0,183,5,1,189,89,196,10,4,299,52,0,52,351
07/14/2022,LIH,HI,AWP,WE,Federal Contract Tower,92,13,8,6,119,0,212,15,7,234,92,225,23,13,353,40,2,42,395
07/15/2022,LIH,HI,AWP,WE,Federal Contract Tower,95,11,3,0,109,0,209,3,0,212,95,220,6,0,321,26,0,26,347
07/16/2022,LIH,HI,AWP,WE,Federal Contract Tower,91,9,3,0,103,0,203,8,4,215,91,212,11,4,318,20,0,20,338
07/17/2022,LIH,HI,AWP,WE,Federal Contract Tower,93,4,1,0,98,0,128,6,0,134,93,132,7,0,232,6,0,6,238
07/18/2022,LIH,HI,AWP,WE,Federal Contract Tower,99,6,4,6,115,0,248,6,0,254,99,254,10,6,369,38,0,38,407
07/19/2022,LIH,HI,AWP,WE,Federal Contract Tower,86,17,3,3,109,0,234,11,4,249,86,251,14,7,358,34,4,38,396
07/20/2022,LIH,HI,AWP,WE,Federal Contract Tower,88,14,1,5,108,0,232,22,0,254,88,246,23,5,362,28,0,28,390
07/21/2022,LIH,HI,AWP,WE,Federal Contract Tower,95,10,2,4,111,0,239,12,2,253,95,249,14,6,364,30,0,30,394
07/22/2022,LIH,HI,AWP,WE,Federal Contract Tower,96,11,2,2,111,0,245,10,10,265,96,256,12,12,376,30,0,30,406
07/23/2022,LIH,HI,AWP,WE,Federal Contract Tower,91,3,3,0,97,0,201,12,1,214,91,204,15,1,311,28,0,28,339
07/24/2022,LIH,HI,AWP,WE,Federal Contract Tower,93,2,1,5,101,0,148,7,1,156,93,150,8,6,257,24,0,24,281
07/25/2022,LIH,HI,AWP,WE,Federal Contract Tower,93,7,0,1,101,0,259,18,1,278,93,266,18,2,379,34,0,34,413
07/26/2022,LIH,HI,AWP,WE,Federal Contract Tower,88,11,2,3,104,0,219,10,3,232,88,230,12,6,336,34,0,34,370
07/27/2022,LIH,HI,AWP,WE,Federal Contract Tower,90,7,1,1,99,0,212,19,2,233,90,219,20,3,332,30,0,30,362
07/28/2022,LIH,HI,AWP,WE,Federal Contract Tower,93,12,4,0,109,0,255,12,0,267,93,267,16,0,376,41,0,41,417
07/29/2022,LIH,HI,AWP,WE,Federal Contract Tower,94,13,17,2,126,0,246,13,1,260,94,259,30,3,386,42,20,62,448
07/30/2022,LIH,HI,AWP,WE,Federal Contract Tower,93,6,10,1,110,0,201,8,1,210,93,207,18,2,320,24,0,24,344
07/31/2022,LIH,HI,AWP,WE,Federal Contract Tower,93,4,2,0,99,0,132,0,0,132,93,136,2,0,231,18,0,18,249
08/01/2022,LIH,HI,AWP,WE,Federal Contract Tower,92,8,3,18,121,0,233,11,0,244,92,241,14,18,365,32,10,42,407
08/02/2022,LIH,HI,AWP,WE,Federal Contract Tower,83,16,2,2,103,0,218,13,2,233,83,234,15,4,336,29,0,29,365
08/03/2022,LIH,HI,AWP,WE,Federal Contract Tower,86,12,1,1,100,0,248,18,0,266,86,260,19,1,366,46,0,46,412
08/04/2022,LIH,HI,AWP,WE,Federal Contract Tower,94,14,1,9,118,0,230,18,4,252,94,244,19,13,370,78,0,78,448
08/05/2022,LIH,HI,AWP,WE,Federal Contract Tower,90,13,7,2,112,0,276,11,3,290,90,289,18,5,402,46,0,46,448
08/06/2022,LIH,HI,AWP,WE,Federal Contract Tower,89,2,5,1,97,0,221,9,4,234,89,223,14,5,331,30,6,36,367
08/07/2022,LIH,HI,AWP,WE,Federal Contract Tower,91,7,4,1,103,0,124,10,0,134,91,131,14,1,237,40,0,40,277
08/08/2022,LIH,HI,AWP,WE,Federal Contract Tower,93,11,2,4,110,0,270,7,1,278,93,281,9,5,388,16,0,16,404
08/09/2022,LIH,HI,AWP,WE,Federal Contract Tower,86,14,2,9,111,0,213,8,3,224,86,227,10,12,335,22,0,22,357
08/10/2022,LIH,HI,AWP,WE,Federal Contract Tower,88,9,3,1,101,0,233,8,0,241,88,242,11,1,342,10,0,10,352
08/11/2022,LIH,HI,AWP,WE,Federal Contract Tower,91,15,17,8,131,0,255,8,14,277,91,270,25,22,408,8,0,8,416
08/12/2022,LIH,HI,AWP,WE,Federal Contract Tower,95,14,5,0,114,0,267,8,0,275,95,281,13,0,389,24,0,24,413
08/13/2022,LIH,HI,AWP,WE,Federal Contract Tower,90,3,9,0,102,0,257,5,0,262,90,260,14,0,364,28,0,28,392
08/14/2022,LIH,HI,AWP,WE,Federal Contract Tower,90,11,8,2,111,0,155,7,0,162,90,166,15,2,273,26,0,26,299
08/15/2022,LIH,HI,AWP,WE,Federal Contract Tower,92,12,9,9,122,0,211,2,1,214,92,223,11,10,336,68,0,68,404
08/16/2022,LIH,HI,AWP,WE,Federal Contract Tower,84,14,8,16,122,0,233,21,1,255,84,247,29,17,377,26,0,26,403
08/17/2022,LIH,HI,AWP,WE,Federal Contract Tower,86,11,7,5,109,0,206,6,0,212,86,217,13,5,321,28,0,28,349
08/18/2022,LIH,HI,AWP,WE,Federal Contract Tower,95,9,3,1,108,0,232,13,2,247,95,241,16,3,355,16,0,16,371
08/19/2022,LIH,HI,AWP,WE,Federal Contract Tower,91,9,3,0,103,0,243,11,0,254,91,252,14,0,357,40,0,40,397
08/20/2022,LIH,HI,AWP,WE,Federal Contract Tower,86,5,4,0,95,0,176,11,0,187,86,181,15,0,282,26,0,26,308
08/21/2022,LIH,HI,AWP,WE,Federal Contract Tower,92,5,8,1,106,0,166,4,0,170,92,171,12,1,276,22,0,22,298
08/22/2022,LIH,HI,AWP,WE,Federal Contract Tower,97,11,1,6,115,0,242,6,0,248,97,253,7,6,363,24,0,24,387
08/23/2022,LIH,HI,AWP,WE,Federal Contract Tower,84,13,3,2,102,0,262,14,0,276,84,275,17,2,378,94,0,94,472
08/24/2022,LIH,HI,AWP,WE,Federal Contract Tower,83,14,0,3,100,0,165,1,3,169,83,179,1,6,269,46,0,46,315
08/25/2022,LIH,HI,AWP,WE,Federal Contract Tower,91,11,4,8,114,0,173,10,0,183,91,184,14,8,297,42,0,42,339
08/26/2022,LIH,HI,AWP,WE,Federal Contract Tower,97,15,1,1,114,0,253,2,2,257,97,268,3,3,371,34,0,34,405
08/27/2022,LIH,HI,AWP,WE,Federal Contract Tower,90,4,10,1,105,0,213,11,0,224,90,217,21,1,329,24,0,24,353
08/28/2022,LIH,HI,AWP,WE,Federal Contract Tower,92,8,0,2,102,0,132,5,0,137,92,140,5,2,239,12,0,12,251
08/29/2022,LIH,HI,AWP,WE,Federal Contract Tower,98,10,0,0,108,0,201,2,4,207,98,211,2,4,315,28,10,38,353
08/30/2022,LIH,HI,AWP,WE,Federal Contract Tower,83,15,0,10,108,0,230,8,4,242,83,245,8,14,350,22,4,26,376
08/31/2022,LIH,HI,AWP,WE,Federal Contract Tower,86,9,1,0,96,0,225,11,0,236,86,234,12,0,332,14,0,14,346
09/01/2022,LIH,HI,AWP,WE,Federal Contract Tower,94,15,3,0,112,0,252,15,0,267,94,267,18,0,379,42,0,42,421
09/02/2022,LIH,HI,AWP,WE,Federal Contract Tower,96,9,2,1,108,0,255,8,1,264,96,264,10,2,372,26,0,26,398
09/03/2022,LIH,HI,AWP,WE,Federal Contract Tower,90,3,14,4,111,0,119,3,0,122,90,122,17,4,233,26,0,26,259
09/04/2022,LIH,HI,AWP,WE,Federal Contract Tower,84,2,1,0,87,0,197,9,0,206,84,199,10,0,293,30,0,30,323
09/05/2022,LIH,HI,AWP,WE,Federal Contract Tower,92,1,0,0,93,0,232,8,0,240,92,233,8,0,333,34,0,34,367
09/06/2022,LIH,HI,AWP,WE,Federal Contract Tower,82,11,5,4,102,0,239,18,1,258,82,250,23,5,360,28,0,28,388
09/07/2022,LIH,HI,AWP,WE,Federal Contract Tower,86,6,6,2,100,0,203,13,0,216,86,209,19,2,316,42,0,42,358
09/08/2022,LIH,HI,AWP,WE,Federal Contract Tower,87,8,2,6,103,0,243,22,7,272,87,251,24,13,375,18,0,18,393
09/09/2022,LIH,HI,AWP,WE,Federal Contract Tower,89,14,5,10,118,0,177,9,5,191,89,191,14,15,309,38,0,38,347
09/10/2022,LIH,HI,AWP,WE,Federal Contract Tower,83,4,3,0,90,0,174,12,2,188,83,178,15,2,278,26,0,26,304
09/11/2022,LIH,HI,AWP,WE,Federal Contract Tower,81,2,2,1,86,0,101,4,4,109,81,103,6,5,195,18,0,18,213
09/12/2022,LIH,HI,AWP,WE,Federal Contract Tower,84,12,0,2,98,0,235,6,0,241,84,247,6,2,339,40,0,40,379
09/13/2022,LIH,HI,AWP,WE,Federal Contract Tower,85,11,2,4,102,0,247,5,4,256,85,258,7,8,358,88,2,90,448
09/14/2022,LIH,HI,AWP,WE,Federal Contract Tower,84,15,4,0,103,0,202,8,1,211,84,217,12,1,314,26,0,26,340
09/15/2022,LIH,HI,AWP,WE,Federal Contract Tower,86,17,8,0,111,0,257,2,0,259,86,274,10,0,370,60,0,60,430
09/16/2022,LIH,HI,AWP,WE,Federal Contract Tower,89,14,8,3,114,0,189,0,0,189,89,203,8,3,303,28,0,28,331
09/17/2022,LIH,HI,AWP,WE,Federal Contract Tower,85,2,7,0,94,0,196,4,1,201,85,198,11,1,295,78,0,78,373
09/18/2022,LIH,HI,AWP,WE,Federal Contract Tower,83,5,3,0,91,0,135,1,0,136,83,140,4,0,227,86,0,86,313
09/19/2022,LIH,HI,AWP,WE,Federal Contract Tower,85,10,2,6,103,0,210,1,8,219,85,220,3,14,322,78,0,78,400
09/20/2022,LIH,HI,AWP,WE,Federal Contract Tower,82,14,0,4,100,0,220,1,0,221,82,234,1,4,321,42,0,42,363
09/21/2022,LIH,HI,AWP,WE,Federal Contract Tower,82,11,2,2,97,0,207,2,0,209,82,218,4,2,306,28,0,28,334
09/22/2022,LIH,HI,AWP,WE,Federal Contract Tower,86,14,5,4,109,0,225,0,6,231,86,239,5,10,340,30,0,30,370
09/23/2022,LIH,HI,AWP,WE,Federal Contract Tower,86,18,0,3,107,0,239,0,0,239,86,257,0,3,346,46,0,46,392
09/24/2022,LIH,HI,AWP,WE,Federal Contract Tower,84,3,9,1,97,0,209,5,0,214,84,212,14,1,311,106,0,106,417
09/25/2022,LIH,HI,AWP,WE,Federal Contract Tower,83,6,4,1,94,0,137,3,0,140,83,143,7,1,234,80,0,80,314
09/26/2022,LIH,HI,AWP,WE,Federal Contract Tower,87,10,0,0,97,0,211,6,0,217,87,221,6,0,314,84,0,84,398
09/27/2022,LIH,HI,AWP,WE,Federal Contract Tower,84,13,1,1,99,0,210,10,4,224,84,223,11,5,323,58,0,58,381
09/28/2022,LIH,HI,AWP,WE,Federal Contract Tower,82,12,2,3,99,0,247,11,0,258,82,259,13,3,357,62,0,62,419
09/29/2022,LIH,HI,AWP,WE,Federal Contract Tower,86,11,3,1,101,0,238,3,0,241,86,249,6,1,342,46,0,46,388
09/30/2022,LIH,HI,AWP,WE,Federal Contract Tower,88,12,0,2,102,0,222,2,0,224,88,234,2,2,326,22,0,22,348
10/01/2022,LIH,HI,AWP,WE,Federal Contract Tower,84,2,3,2,91,0,212,13,0,225,84,214,16,2,316,56,0,56,372
10/02/2022,LIH,HI,AWP,WE,Federal Contract Tower,75,0,0,0,75,0,5,3,0,8,75,5,3,0,83,8,0,8,91
10/03/2022,LIH,HI,AWP,WE,Federal Contract Tower,84,8,0,5,97,0,250,4,6,260,84,258,4,11,357,166,0,166,523
10/04/2022,LIH,HI,AWP,WE,Federal Contract Tower,80,7,2,4,93,0,288,2,2,292,80,295,4,6,385,138,0,138,523
10/05/2022,LIH,HI,AWP,WE,Federal Contract Tower,83,7,0,2,92,0,230,6,4,240,83,237,6,6,332,76,0,76,408
10/06/2022,LIH,HI,AWP,WE,Federal Contract Tower,88,10,3,0,101,0,302,15,2,319,88,312,18,2,420,56,0,56,476
10/07/2022,LIH,HI,AWP,WE,Federal Contract Tower,86,11,3,0,100,0,251,2,0,253,86,262,5,0,353,33,0,33,386
10/08/2022,LIH,HI,AWP,WE,Federal Contract Tower,85,6,7,2,100,0,221,15,0,236,85,227,22,2,336,44,0,44,380
10/09/2022,LIH,HI,AWP,WE,Federal Contract Tower,77,11,4,0,92,0,200,12,4,216,77,211,16,4,308,30,0,30,338
10/10/2022,LIH,HI,AWP,WE,Federal Contract Tower,87,11,0,0,98,0,238,9,0,247,87,249,9,0,345,58,0,58,403
10/11/2022,LIH,HI,AWP,WE,Federal Contract Tower,80,15,3,0,98,0,152,8,0,160,80,167,11,0,258,42,0,42,300
10/12/2022,LIH,HI,AWP,WE,Federal Contract Tower,76,11,3,0,90,0,108,25,0,133,76,119,28,0,223,8,0,8,231
10/13/2022,LIH,HI,AWP,WE,Federal Contract Tower,81,12,1,2,96,0,237,8,0,245,81,249,9,2,341,56,0,56,397
10/14/2022,LIH,HI,AWP,WE,Federal Contract Tower,87,9,2,0,98,0,233,0,0,233,87,242,2,0,331,38,0,38,369
10/15/2022,LIH,HI,AWP,WE,Federal Contract Tower,86,3,7,0,96,0,240,3,0,243,86,243,10,0,339,42,0,42,381
10/16/2022,LIH,HI,AWP,WE,Federal Contract Tower,84,3,1,0,88,0,165,3,0,168,84,168,4,0,256,32,0,32,288
10/17/2022,LIH,HI,AWP,WE,Federal Contract Tower,85,11,0,1,97,0,217,10,0,227,85,228,10,1,324,52,0,52,376
10/18/2022,LIH,HI,AWP,WE,Federal Contract Tower,77,12,4,5,98,0,251,9,6,266,77,263,13,11,364,42,0,42,406
10/19/2022,LIH,HI,AWP,WE,Federal Contract Tower,84,13,0,2,99,0,28,0,2,30,84,41,0,4,129,22,0,22,151
10/20/2022,LIH,HI,AWP,WE,Federal Contract Tower,84,11,5,1,101,0,234,7,3,244,84,245,12,4,345,65,0,65,410
10/21/2022,LIH,HI,AWP,WE,Federal Contract Tower,88,10,2,4,104,0,227,12,0,239,88,237,14,4,343,46,0,46,389
10/22/2022,LIH,HI,AWP,WE,Federal Contract Tower,86,2,5,0,93,0,267,9,5,281,86,269,14,5,374,30,0,30,404
10/23/2022,LIH,HI,AWP,WE,Federal Contract Tower,82,4,0,0,86,0,162,2,0,164,82,166,2,0,250,58,0,58,308
10/24/2022,LIH,HI,AWP,WE,Federal Contract Tower,83,15,3,0,101,0,196,17,0,213,83,211,20,0,314,38,0,38,352
10/25/2022,LIH,HI,AWP,WE,Federal Contract Tower,81,9,4,3,97,0,226,20,7,253,81,235,24,10,350,30,0,30,380
10/26/2022,LIH,HI,AWP,WE,Federal Contract Tower,78,15,2,0,95,0,82,11,1,94,78,97,13,1,189,16,0,16,205
10/27/2022,LIH,HI,AWP,WE,Federal Contract Tower,86,14,3,2,105,0,297,9,2,308,86,311,12,4,413,48,4,52,465
10/28/2022,LIH,HI,AWP,WE,Federal Contract Tower,88,15,3,0,106,0,247,1,0,248,88,262,4,0,354,38,0,38,392
10/29/2022,LIH,HI,AWP,WE,Federal Contract Tower,87,12,11,2,112,0,153,8,0,161,87,165,19,2,273,33,0,33,306
10/30/2022,LIH,HI,AWP,WE,Federal Contract Tower,72,2,5,0,79,0,134,4,0,138,72,136,9,0,217,32,0,32,249
10/31/2022,LIH,HI,AWP,WE,Federal Contract Tower,84,10,3,0,97,0,176,23,0,199,84,186,26,0,296,76,0,76,372
11/01/2022,LIH,HI,AWP,WE,Federal Contract Tower,82,13,3,14,112,0,201,12,3,216,82,214,15,17,328,52,0,52,380
11/02/2022,LIH,HI,AWP,WE,Federal Contract Tower,88,10,4,3,105,0,173,16,0,189,88,183,20,3,294,30,0,30,324
11/03/2022,LIH,HI,AWP,WE,Federal Contract Tower,85,13,2,1,101,0,248,8,4,260,85,261,10,5,361,56,0,56,417
11/04/2022,LIH,HI,AWP,WE,Federal Contract Tower,88,11,1,0,100,0,203,13,1,217,88,214,14,1,317,42,0,42,359
11/05/2022,LIH,HI,AWP,WE,Federal Contract Tower,86,6,5,0,97,0,169,6,0,175,86,175,11,0,272,74,0,74,346
11/06/2022,LIH,HI,AWP,WE,Federal Contract Tower,82,1,6,2,91,0,110,3,0,113,82,111,9,2,204,38,0,38,242
11/07/2022,LIH,HI,AWP,WE,Federal Contract Tower,77,15,1,0,93,0,200,20,0,220,77,215,21,0,313,40,0,40,353
11/08/2022,LIH,HI,AWP,WE,Federal Contract Tower,79,14,2,1,96,0,172,12,3,187,79,186,14,4,283,40,0,40,323
11/09/2022,LIH,HI,AWP,WE,Federal Contract Tower,78,9,4,4,95,0,252,9,4,265,78,261,13,8,360,46,0,46,406
11/10/2022,LIH,HI,AWP,WE,Federal Contract Tower,85,11,3,0,99,0,246,13,3,262,85,257,16,3,361,44,0,44,405
11/11/2022,LIH,HI,AWP,WE,Federal Contract Tower,85,12,2,0,99,0,186,6,0,192,85,198,8,0,291,46,0,46,337
11/12/2022,LIH,HI,AWP,WE,Federal Contract Tower,86,2,9,0,97,0,121,1,2,124,86,123,10,2,221,28,0,28,249
11/13/2022,LIH,HI,AWP,WE,Federal Contract Tower,81,0,9,0,90,0,147,6,2,155,81,147,15,2,245,24,0,24,269
11/14/2022,LIH,HI,AWP,WE,Federal Contract Tower,82,14,0,8,104,0,193,6,0,199,82,207,6,8,303,38,0,38,341
11/15/2022,LIH,HI,AWP,WE,Federal Contract Tower,87,11,3,4,105,0,200,25,4,229,87,211,28,8,334,16,0,16,350
11/16/2022,LIH,HI,AWP,WE,Federal Contract Tower,83,7,3,1,94,0,204,25,2,231,83,211,28,3,325,20,0,20,345
11/17/2022,LIH,HI,AWP,WE,Federal Contract Tower,79,12,3,0,94,0,208,7,1,216,79,220,10,1,310,20,0,20,330
11/18/2022,LIH,HI,AWP,WE,Federal Contract Tower,87,10,8,2,107,0,216,4,2,222,87,226,12,4,329,30,0,30,359
11/19/2022,LIH,HI,AWP,WE,Federal Contract Tower,90,1,10,2,103,0,151,6,2,159,90,152,16,4,262,20,0,20,282
11/20/2022,LIH,HI,AWP,WE,Federal Contract Tower,82,0,4,2,88,0,168,2,3,173,82,168,6,5,261,88,4,92,353
11/21/2022,LIH,HI,AWP,WE,Federal Contract Tower,90,12,1,3,106,0,170,1,0,171,90,182,2,3,277,45,0,45,322
11/22/2022,LIH,HI,AWP,WE,Federal Contract Tower,83,16,4,6,109,0,220,6,3,229,83,236,10,9,338,60,0,60,398
11/23/2022,LIH,HI,AWP,WE,Federal Contract Tower,90,10,1,4,105,0,233,11,0,244,90,243,12,4,349,38,4,42,391
11/24/2022,LIH,HI,AWP,WE,Federal Contract Tower,78,0,0,0,78,0,0,0,0,0,78,0,0,0,78,2,0,2,80
11/25/2022,LIH,HI,AWP,WE,Federal Contract Tower,85,7,3,0,95,0,243,5,0,248,85,250,8,0,343,78,0,78,421
11/26/2022,LIH,HI,AWP,WE,Federal Contract Tower,83,6,7,0,96,0,236,8,0,244,83,242,15,0,340,24,0,24,364
11/27/2022,LIH,HI,AWP,WE,Federal Contract Tower,83,5,6,3,97,0,161,3,2,166,83,166,9,5,263,32,0,32,295
11/28/2022,LIH,HI,AWP,WE,Federal Contract Tower,89,17,3,2,111,0,106,6,1,113,89,123,9,3,224,38,0,38,262
11/29/2022,LIH,HI,AWP,WE,Federal Contract Tower,79,10,4,0,93,0,186,15,9,210,79,196,19,9,303,42,0,42,345
11/30/2022,LIH,HI,AWP,WE,Federal Contract Tower,84,10,5,2,101,0,161,24,2,187,84,171,29,4,288,66,0,66,354
12/01/2022,LIH,HI,AWP,WE,Federal Contract Tower,86,9,4,6,105,0,202,9,11,222,86,211,13,17,327,80,0,80,407
12/02/2022,LIH,HI,AWP,WE,Federal Contract Tower,81,10,1,1,93,0,145,3,5,153,81,155,4,6,246,107,0,107,353
12/03/2022,LIH,HI,AWP,WE,Federal Contract Tower,82,4,2,0,88,0,160,4,0,164,82,164,6,0,252,20,0,20,272
12/04/2022,LIH,HI,AWP,WE,Federal Contract Tower,75,2,4,0,81,0,158,8,0,166,75,160,12,0,247,52,0,52,299
12/05/2022,LIH,HI,AWP,WE,Federal Contract Tower,80,11,2,1,94,0,72,1,4,77,80,83,3,5,171,16,14,30,201
12/06/2022,LIH,HI,AWP,WE,Federal Contract Tower,80,15,1,8,104,0,122,13,2,137,80,137,14,10,241,26,2,28,269
12/07/2022,LIH,HI,AWP,WE,Federal Contract Tower,81,13,4,2,100,0,171,10,0,181,81,184,14,2,281,76,0,76,357
12/08/2022,LIH,HI,AWP,WE,Federal Contract Tower,81,11,2,2,96,0,202,13,0,215,81,213,15,2,311,48,0,48,359
12/09/2022,LIH,HI,AWP,WE,Federal Contract Tower,82,8,2,0,92,0,149,4,0,153,82,157,6,0,245,50,0,50,295
12/10/2022,LIH,HI,AWP,WE,Federal Contract Tower,87,3,6,8,104,0,169,2,2,173,87,172,8,10,277,28,0,28,305
12/11/2022,LIH,HI,AWP,WE,Federal Contract Tower,78,6,3,0,87,0,82,4,2,88,78,88,7,2,175,12,0,12,187
12/12/2022,LIH,HI,AWP,WE,Federal Contract Tower,86,9,2,0,97,0,164,4,0,168,86,173,6,0,265,33,0,33,298
12/13/2022,LIH,HI,AWP,WE,Federal Contract Tower,82,7,0,0,89,0,189,10,0,199,82,196,10,0,288,78,0,78,366
12/14/2022,LIH,HI,AWP,WE,Federal Contract Tower,82,11,8,0,101,0,188,13,0,201,82,199,21,0,302,58,0,58,360
12/15/2022,LIH,HI,AWP,WE,Federal Contract Tower,86,15,6,0,107,0,192,12,4,208,86,207,18,4,315,54,0,54,369
12/16/2022,LIH,HI,AWP,WE,Federal Contract Tower,87,9,3,0,99,0,131,5,0,136,87,140,8,0,235,14,0,14,249
12/17/2022,LIH,HI,AWP,WE,Federal Contract Tower,93,2,4,0,99,0,182,6,0,188,93,184,10,0,287,32,0,32,319
12/18/2022,LIH,HI,AWP,WE,Federal Contract Tower,85,7,4,0,96,0,0,0,0,0,85,7,4,0,96,0,0,0,96
12/19/2022,LIH,HI,AWP,WE,Federal Contract Tower,90,8,3,0,101,0,22,0,0,22,90,30,3,0,123,0,0,0,123
12/20/2022,LIH,HI,AWP,WE,Federal Contract Tower,76,11,1,0,88,0,191,9,4,204,76,202,10,4,292,42,0,42,334
12/21/2022,LIH,HI,AWP,WE,Federal Contract Tower,89,14,5,0,108,0,208,10,0,218,89,222,15,0,326,20,0,20,346
12/22/2022,LIH,HI,AWP,WE,Federal Contract Tower,88,11,8,0,107,0,278,5,1,284,88,289,13,1,391,42,0,42,433
12/23/2022,LIH,HI,AWP,WE,Federal Contract Tower,88,8,3,0,99,0,236,5,0,241,88,244,8,0,340,40,0,40,380
12/24/2022,LIH,HI,AWP,WE,Federal Contract Tower,85,1,5,0,91,0,273,5,0,278,85,274,10,0,369,42,0,42,411
12/25/2022,LIH,HI,AWP,WE,Federal Contract Tower,71,4,2,0,77,0,31,8,4,43,71,35,10,4,120,0,0,0,120
12/26/2022,LIH,HI,AWP,WE,Federal Contract Tower,80,4,4,2,90,0,278,12,3,293,80,282,16,5,383,26,0,26,409
12/27/2022,LIH,HI,AWP,WE,Federal Contract Tower,76,15,4,12,107,0,272,21,5,298,76,287,25,17,405,22,0,22,427
12/28/2022,LIH,HI,AWP,WE,Federal Contract Tower,86,12,9,0,107,0,273,14,2,289,86,285,23,2,396,34,0,34,430
12/29/2022,LIH,HI,AWP,WE,Federal Contract Tower,92,16,5,0,113,0,223,7,0,230,92,239,12,0,343,20,0,20,363
12/30/2022,LIH,HI,AWP,WE,Federal Contract Tower,96,10,4,0,110,0,324,11,0,335,96,334,15,0,445,28,0,28,473
12/31/2022,LIH,HI,AWP,WE,Federal Contract Tower,96,1,4,0,101,0,241,16,0,257,96,242,20,0,358,40,2,42,400
01/01/2023,LIH,HI,AWP,WE,Federal Contract Tower,85,6,11,0,102,0,152,6,0,158,85,158,17,0,260,20,0,20,280
01/02/2023,LIH,HI,AWP,WE,Federal Contract Tower,92,14,5,0,111,0,234,17,0,251,92,248,22,0,362,32,0,32,394
01/03/2023,LIH,HI,AWP,WE,Federal Contract Tower,83,9,9,0,101,0,187,15,0,202,83,196,24,0,303,22,0,22,325
01/04/2023,LIH,HI,AWP,WE,Federal Contract Tower,89,14,7,11,121,0,19,9,0,28,89,33,16,11,149,10,2,12,161
01/05/2023,LIH,HI,AWP,WE,Federal Contract Tower,90,15,2,2,109,0,309,19,0,328,90,324,21,2,437,50,0,50,487
01/06/2023,LIH,HI,AWP,WE,Federal Contract Tower,97,10,4,2,113,0,304,4,0,308,97,314,8,2,421,56,0,56,477
01/07/2023,LIH,HI,AWP,WE,Federal Contract Tower,82,4,11,1,98,0,189,0,4,193,82,193,11,5,291,44,8,52,343
01/08/2023,LIH,HI,AWP,WE,Federal Contract Tower,87,2,7,3,99,0,173,7,1,181,87,175,14,4,280,50,0,50,330
01/09/2023,LIH,HI,AWP,WE,Federal Contract Tower,92,13,5,6,116,0,202,11,0,213,92,215,16,6,329,49,0,49,378
01/10/2023,LIH,HI,AWP,WE,Federal Contract Tower,82,8,3,1,94,0,226,8,6,240,82,234,11,7,334,46,0,46,380
01/11/2023,LIH,HI,AWP,WE,Federal Contract Tower,89,8,3,0,100,0,193,17,0,210,89,201,20,0,310,42,0,42,352
01/12/2023,LIH,HI,AWP,WE,Federal Contract Tower,80,12,1,4,97,0,217,14,2,233,80,229,15,6,330,28,0,28,358
01/13/2023,LIH,HI,AWP,WE,Federal Contract Tower,88,13,1,0,102,0,227,4,0,231,88,240,5,0,333,50,0,50,383
01/14/2023,LIH,HI,AWP,WE,Federal Contract Tower,85,2,5,0,92,0,246,6,0,252,85,248,11,0,344,38,0,38,382
01/15/2023,LIH,HI,AWP,WE,Federal Contract Tower,82,2,2,0,86,0,150,2,0,152,82,152,4,0,238,26,0,26,264
01/16/2023,LIH,HI,AWP,WE,Federal Contract Tower,89,6,2,0,97,0,197,14,0,211,89,203,16,0,308,28,0,28,336
01/17/2023,LIH,HI,AWP,WE,Federal Contract Tower,85,16,2,0,103,0,190,12,3,205,85,206,14,3,308,34,0,34,342
01/18/2023,LIH,HI,AWP,WE,Federal Contract Tower,85,12,1,2,100,0,190,1,0,191,85,202,2,2,291,34,0,34,325
01/19/2023,LIH,HI,AWP,WE,Federal Contract Tower,91,6,4,5,106,0,42,4,2,48,91,48,8,7,154,24,0,24,178
01/20/2023,LIH,HI,AWP,WE,Federal Contract Tower,94,10,2,0,106,0,165,6,0,171,94,175,8,0,277,34,0,34,311
01/21/2023,LIH,HI,AWP,WE,Federal Contract Tower,88,0,5,0,93,0,12,1,0,13,88,12,6,0,106,16,0,16,122
01/23/2023,LIH,HI,AWP,WE,Federal Contract Tower,94,9,0,0,103,0,252,9,0,261,94,261,9,0,364,70,0,70,434
01/24/2023,LIH,HI,AWP,WE,Federal Contract Tower,87,9,3,2,101,0,170,7,2,179,87,179,10,4,280,30,4,34,314
01/25/2023,LIH,HI,AWP,WE,Federal Contract Tower,89,16,7,4,116,0,138,22,0,160,89,154,29,4,276,46,0,46,322
01/26/2023,LIH,HI,AWP,WE,Federal Contract Tower,88,14,1,4,107,0,286,23,0,309,88,300,24,4,416,90,0,90,506
01/27/2023,LIH,HI,AWP,WE,Federal Contract Tower,91,8,1,0,100,0,236,2,0,238,91,244,3,0,338,46,0,46,384
01/28/2023,LIH,HI,AWP,WE,Federal Contract Tower,86,5,10,0,101,0,153,4,0,157,86,158,14,0,258,50,0,50,308
01/30/2023,LIH,HI,AWP,WE,Federal Contract Tower,86,12,1,1,100,0,0,0,1,1,86,12,1,2,101,0,0,0,101
01/31/2023,LIH,HI,AWP,WE,Federal Contract Tower,85,13,2,6,106,0,235,0,0,235,85,248,2,6,341,36,0,36,377
02/01/2023,LIH,HI,AWP,WE,Federal Contract Tower,154,11,0,8,173,0,189,6,1,196,154,200,6,9,369,32,0,32,401
02/02/2023,LIH,HI,AWP,WE,Federal Contract Tower,88,11,0,1,100,0,208,14,0,222,88,219,14,1,322,36,0,36,358
02/03/2023,LIH,HI,AWP,WE,Federal Contract Tower,90,11,2,6,109,0,2,0,0,2,90,13,2,6,111,2,0,2,113
02/04/2023,LIH,HI,AWP,WE,Federal Contract Tower,83,1,7,0,91,0,0,2,0,2,83,1,9,0,93,0,0,0,93
02/05/2023,LIH,HI,AWP,WE,Federal Contract Tower,83,4,2,0,89,0,188,0,0,188,83,192,2,0,277,50,0,50,327
02/06/2023,LIH,HI,AWP,WE,Federal Contract Tower,85,11,2,4,102,0,203,13,1,217,85,214,15,5,319,40,0,40,359
02/07/2023,LIH,HI,AWP,WE,Federal Contract Tower,78,7,0,4,89,0,165,10,2,177,78,172,10,6,266,40,0,40,306
02/08/2023,LIH,HI,AWP,WE,Federal Contract Tower,84,11,5,4,104,0,161,5,3,169,84,172,10,7,273,33,0,33,306
02/09/2023,LIH,HI,AWP,WE,Federal Contract Tower,88,11,0,2,101,0,16,0,0,16,88,27,0,2,117,1,0,1,118
02/10/2023,LIH,HI,AWP,WE,Federal Contract Tower,86,10,0,1,97,0,33,0,0,33,86,43,0,1,130,8,0,8,138
02/11/2023,LIH,HI,AWP,WE,Federal Contract Tower,89,4,6,0,99,0,216,1,0,217,89,220,7,0,316,46,0,46,362
02/12/2023,LIH,HI,AWP,WE,Federal Contract Tower,84,7,1,0,92,0,135,2,0,137,84,142,3,0,229,24,0,24,253
02/13/2023,LIH,HI,AWP,WE,Federal Contract Tower,87,10,1,2,100,0,206,3,0,209,87,216,4,2,309,30,0,30,339
02/14/2023,LIH,HI,AWP,WE,Federal Contract Tower,84,12,13,2,111,0,204,2,0,206,84,216,15,2,317,38,0,38,355
02/15/2023,LIH,HI,AWP,WE,Federal Contract Tower,85,13,1,1,100,0,166,5,2,173,85,179,6,3,273,28,0,28,301
02/16/2023,LIH,HI,AWP,WE,Federal Contract Tower,90,17,1,9,117,0,292,13,1,306,90,309,14,10,423,26,0,26,449
02/17/2023,LIH,HI,AWP,WE,Federal Contract Tower,87,11,5,0,103,0,182,0,0,182,87,193,5,0,285,44,0,44,329
02/18/2023,LIH,HI,AWP,WE,Federal Contract Tower,88,2,7,1,98,0,7,2,0,9,88,9,9,1,107,8,0,8,115
02/19/2023,LIH,HI,AWP,WE,Federal Contract Tower,89,3,4,0,96,0,196,6,0,202,89,199,10,0,298,30,0,30,328
02/20/2023,LIH,HI,AWP,WE,Federal Contract Tower,91,5,2,0,98,0,60,27,0,87,91,65,29,0,185,34,0,34,219
02/21/2023,LIH,HI,AWP,WE,Federal Contract Tower,86,9,1,0,96,0,57,5,4,66,86,66,6,4,162,38,0,38,200
02/22/2023,LIH,HI,AWP,WE,Federal Contract Tower,88,12,2,6,108,0,134,14,0,148,88,146,16,6,256,36,0,36,292
02/23/2023,LIH,HI,AWP,WE,Federal Contract Tower,87,13,1,8,109,0,92,13,0,105,87,105,14,8,214,24,0,24,238
02/24/2023,LIH,HI,AWP,WE,Federal Contract Tower,90,12,3,0,105,0,244,0,6,250,90,256,3,6,355,48,0,48,403
02/25/2023,LIH,HI,AWP,WE,Federal Contract Tower,85,1,8,0,94,0,204,4,0,208,85,205,12,0,302,50,0,50,352
02/26/2023,LIH,HI,AWP,WE,Federal Contract Tower,82,3,5,3,93,0,213,0,5,218,82,216,5,8,311,66,0,66,377
02/27/2023,LIH,HI,AWP,WE,Federal Contract Tower,89,8,3,0,100,0,160,11,0,171,89,168,14,0,271,32,0,32,303
02/28/2023,LIH,HI,AWP,WE,Federal Contract Tower,87,10,1,6,104,0,142,8,8,158,87,152,9,14,262,51,8,59,321
03/01/2023,LIH,HI,AWP,WE,Federal Contract Tower,84,9,2,4,99,0,118,3,0,121,84,127,5,4,220,38,0,38,258
03/02/2023,LIH,HI,AWP,WE,Federal Contract Tower,84,13,2,2,101,0,190,7,2,199,84,203,9,4,300,34,0,34,334
03/03/2023,LIH,HI,AWP,WE,Federal Contract Tower,90,16,2,6,114,0,220,5,0,225,90,236,7,6,339,36,0,36,375
03/04/2023,LIH,HI,AWP,WE,Federal Contract Tower,87,0,10,10,107,0,206,3,0,209,87,206,13,10,316,58,0,58,374
03/05/2023,LIH,HI,AWP,WE,Federal Contract Tower,76,5,1,5,87,0,201,0,1,202,76,206,1,6,289,30,4,34,323
03/06/2023,LIH,HI,AWP,WE,Federal Contract Tower,96,7,2,16,121,0,259,7,7,273,96,266,9,23,394,46,0,46,440
03/07/2023,LIH,HI,AWP,WE,Federal Contract Tower,81,10,3,12,106,0,181,0,2,183,81,191,3,14,289,32,0,32,321
03/08/2023,LIH,HI,AWP,WE,Federal Contract Tower,84,11,2,0,97,0,15,0,3,18,84,26,2,3,115,2,0,2,117
03/09/2023,LIH,HI,AWP,WE,Federal Contract Tower,87,13,1,0,101,0,278,3,0,281,87,291,4,0,382,40,0,40,422
03/10/2023,LIH,HI,AWP,WE,Federal Contract Tower,90,8,0,0,98,0,217,3,2,222,90,225,3,2,320,40,0,40,360
03/11/2023,LIH,HI,AWP,WE,Federal Contract Tower,93,0,6,0,99,0,182,10,0,192,93,182,16,0,291,38,0,38,329
03/12/2023,LIH,HI,AWP,WE,Federal Contract Tower,87,0,2,0,89,0,124,2,0,126,87,124,4,0,215,48,0,48,263
03/13/2023,LIH,HI,AWP,WE,Federal Contract Tower,92,5,1,0,98,0,276,1,6,283,92,281,2,6,381,38,0,38,419
03/14/2023,LIH,HI,AWP,WE,Federal Contract Tower,85,10,11,0,106,0,12,1,0,13,85,22,12,0,119,20,0,20,139
03/15/2023,LIH,HI,AWP,WE,Federal Contract Tower,87,10,3,1,101,0,178,5,1,184,87,188,8,2,285,42,0,42,327
03/16/2023,LIH,HI,AWP,WE,Federal Contract Tower,92,14,2,2,110,0,306,0,2,308,92,320,2,4,418,32,0,32,450
03/17/2023,LIH,HI,AWP,WE,Federal Contract Tower,90,10,1,4,105,0,305,3,0,308,90,315,4,4,413,50,0,50,463
03/18/2023,LIH,HI,AWP,WE,Federal Contract Tower,91,2,6,0,99,0,253,8,0,261,91,255,14,0,360,38,0,38,398
03/19/2023,LIH,HI,AWP,WE,Federal Contract Tower,94,4,4,0,102,0,11,1,0,12,94,15,5,0,114,10,0,10,124
03/20/2023,LIH,HI,AWP,WE,Federal Contract Tower,92,13,2,14,121,0,233,8,0,241,92,246,10,14,362,66,2,68,430
03/21/2023,LIH,HI,AWP,WE,Federal Contract Tower,83,13,5,4,105,0,230,7,0,237,83,243,12,4,342,42,0,42,384
03/22/2023,LIH,HI,AWP,WE,Federal Contract Tower,87,15,1,4,107,0,187,17,5,209,87,202,18,9,316,28,0,28,344
03/23/2023,LIH,HI,AWP,WE,Federal Contract Tower,90,20,4,3,117,0,17,2,2,21,90,37,6,5,138,10,0,10,148
03/24/2023,LIH,HI,AWP,WE,Federal Contract Tower,94,15,16,0,125,0,265,11,0,276,94,280,27,0,401,20,0,20,421
03/25/2023,LIH,HI,AWP,WE,Federal Contract Tower,96,3,20,0,119,0,222,11,0,233,96,225,31,0,352,30,0,30,382
03/26/2023,LIH,HI,AWP,WE,Federal Contract Tower,95,8,10,1,114,0,185,9,0,194,95,193,19,1,308,52,0,52,360
03/27/2023,LIH,HI,AWP,WE,Federal Contract Tower,96,10,1,0,107,0,213,14,0,227,96,223,15,0,334,90,0,90,424
03/28/2023,LIH,HI,AWP,WE,Federal Contract Tower,87,17,10,2,116,0,200,4,12,216,87,217,14,14,332,66,10,76,408
03/29/2023,LIH,HI,AWP,WE,Federal Contract Tower,97,10,8,3,118,0,2,0,0,2,97,12,8,3,120,8,0,8,128
03/30/2023,LIH,HI,AWP,WE,Federal Contract Tower,90,10,3,4,107,0,259,5,4,268,90,269,8,8,375,40,0,40,415
03/31/2023,LIH,HI,AWP,WE,Federal Contract Tower,94,13,8,0,115,0,123,1,0,124,94,136,9,0,239,40,0,40,279
04/01/2023,LIH,HI,AWP,WE,Federal Contract Tower,91,7,4,0,102,0,10,0,0,10,91,17,4,0,112,24,0,24,136
04/02/2023,LIH,HI,AWP,WE,Federal Contract Tower,97,4,7,5,113,0,196,0,0,196,97,200,7,5,309,38,0,38,347
04/03/2023,LIH,HI,AWP,WE,Federal Contract Tower,96,24,2,2,124,0,246,15,4,265,96,270,17,6,389,20,0,20,409
04/04/2023,LIH,HI,AWP,WE,Federal Contract Tower,88,13,17,4,122,0,165,1,0,166,88,178,18,4,288,47,0,47,335
04/05/2023,LIH,HI,AWP,WE,Federal Contract Tower,92,12,5,10,119,0,263,14,2,279,92,275,19,12,398,16,0,16,414
04/06/2023,LIH,HI,AWP,WE,Federal Contract Tower,97,12,6,5,120,0,229,7,1,237,97,241,13,6,357,28,0,28,385
04/07/2023,LIH,HI,AWP,WE,Federal Contract Tower,99,10,3,6,118,0,231,2,0,233,99,241,5,6,351,46,0,46,397
04/08/2023,LIH,HI,AWP,WE,Federal Contract Tower,91,5,7,0,103,0,218,12,0,230,91,223,19,0,333,30,0,30,363
04/10/2023,LIH,HI,AWP,WE,Federal Contract Tower,95,9,1,0,105,0,237,10,1,248,95,246,11,1,353,28,0,28,381
04/11/2023,LIH,HI,AWP,WE,Federal Contract Tower,87,12,8,12,119,0,202,4,4,210,87,214,12,16,329,57,0,57,386
04/12/2023,LIH,HI,AWP,WE,Federal Contract Tower,91,9,10,3,113,0,199,16,1,216,91,208,26,4,329,66,0,66,395
04/13/2023,LIH,HI,AWP,WE,Federal Contract Tower,95,17,7,0,119,0,254,8,0,262,95,271,15,0,381,48,0,48,429
04/14/2023,LIH,HI,AWP,WE,Federal Contract Tower,98,9,7,4,118,0,216,0,0,216,98,225,7,4,334,80,0,80,414
04/15/2023,LIH,HI,AWP,WE,Federal Contract Tower,86,4,8,0,98,0,195,9,0,204,86,199,17,0,302,32,0,32,334
04/16/2023,LIH,HI,AWP,WE,Federal Contract Tower,95,5,4,0,104,0,193,5,0,198,95,198,9,0,302,30,0,30,332
04/17/2023,LIH,HI,AWP,WE,Federal Contract Tower,99,11,1,1,112,0,196,8,0,204,99,207,9,1,316,30,0,30,346
04/18/2023,LIH,HI,AWP,WE,Federal Contract Tower,72,12,0,0,84,2,6,3,0,11,74,18,3,0,95,4,0,4,99
04/19/2023,LIH,HI,AWP,WE,Federal Contract Tower,82,7,3,10,102,0,221,9,3,233,82,228,12,13,335,32,4,36,371
04/20/2023,LIH,HI,AWP,WE,Federal Contract Tower,96,9,7,4,116,0,259,8,5,272,96,268,15,9,388,28,0,28,416
04/21/2023,LIH,HI,AWP,WE,Federal Contract Tower,96,2,1,4,103,0,299,5,0,304,96,301,6,4,407,46,0,46,453
04/22/2023,LIH,HI,AWP,WE,Federal Contract Tower,93,3,5,0,101,0,216,11,0,227,93,219,16,0,328,42,0,42,370
04/23/2023,LIH,HI,AWP,WE,Federal Contract Tower,86,0,9,6,101,0,133,0,0,133,86,133,9,6,234,42,0,42,276
04/24/2023,LIH,HI,AWP,WE,Federal Contract Tower,98,13,0,5,116,0,37,0,3,40,98,50,0,8,156,26,0,26,182
04/25/2023,LIH,HI,AWP,WE,Federal Contract Tower,80,17,7,17,121,0,220,0,7,227,80,237,7,24,348,64,0,64,412
04/26/2023,LIH,HI,AWP,WE,Federal Contract Tower,100,12,3,2,117,0,226,13,4,243,100,238,16,6,360,30,0,30,390
04/27/2023,LIH,HI,AWP,WE,Federal Contract Tower,93,14,2,7,116,0,282,7,0,289,93,296,9,7,405,28,9,37,442
04/28/2023,LIH,HI,AWP,WE,Federal Contract Tower,93,8,1,8,110,0,54,2,0,56,93,62,3,8,166,24,0,24,190
04/29/2023,LIH,HI,AWP,WE,Federal Contract Tower,93,1,11,0,105,0,241,9,0,250,93,242,20,0,355,28,0,28,383
04/30/2023,LIH,HI,AWP,WE,Federal Contract Tower,87,4,3,8,102,0,221,2,0,223,87,225,5,8,325,38,0,38,363
05/01/2023,LIH,HI,AWP,WE,Federal Contract Tower,96,14,4,8,122,0,182,6,0,188,96,196,10,8,310,32,4,36,346
05/02/2023,LIH,HI,AWP,WE,Federal Contract Tower,86,12,2,3,103,0,146,0,0,146,86,158,2,3,249,22,0,22,271
05/03/2023,LIH,HI,AWP,WE,Federal Contract Tower,90,10,5,0,105,0,214,10,2,226,90,224,15,2,331,26,0,26,357
05/04/2023,LIH,HI,AWP,WE,Federal Contract Tower,96,15,5,1,117,0,277,4,0,281,96,292,9,1,398,44,0,44,442
05/05/2023,LIH,HI,AWP,WE,Federal Contract Tower,97,8,0,1,106,0,247,9,1,257,97,255,9,2,363,58,0,58,421
05/06/2023,LIH,HI,AWP,WE,Federal Contract Tower,90,0,5,0,95,0,228,2,0,230,90,228,7,0,325,24,0,24,349
05/07/2023,LIH,HI,AWP,WE,Federal Contract Tower,94,2,1,2,99,0,167,4,1,172,94,169,5,3,271,28,0,28,299
05/08/2023,LIH,HI,AWP,WE,Federal Contract Tower,93,11,1,8,113,0,218,4,4,226,93,229,5,12,339,28,0,28,367
05/09/2023,LIH,HI,AWP,WE,Federal Contract Tower,85,16,5,6,112,0,168,11,0,179,85,184,16,6,291,36,0,36,327
05/10/2023,LIH,HI,AWP,WE,Federal Contract Tower,91,12,1,5,109,0,233,7,0,240,91,245,8,5,349,52,0,52,401
05/11/2023,LIH,HI,AWP,WE,Federal Contract Tower,94,11,0,2,107,0,236,14,1,251,94,247,14,3,358,22,0,22,380
05/12/2023,LIH,HI,AWP,WE,Federal Contract Tower,83,10,1,2,96,0,237,4,0,241,83,247,5,2,337,28,0,28,365
05/13/2023,LIH,HI,AWP,WE,Federal Contract Tower,91,4,4,0,99,0,205,4,0,209,91,209,8,0,308,58,0,58,366
05/14/2023,LIH,HI,AWP,WE,Federal Contract Tower,80,5,1,0,86,0,181,3,0,184,80,186,4,0,270,98,0,98,368
05/15/2023,LIH,HI,AWP,WE,Federal Contract Tower,94,11,2,0,107,0,209,17,0,226,94,220,19,0,333,42,0,42,375
05/16/2023,LIH,HI,AWP,WE,Federal Contract Tower,82,12,2,2,98,0,229,16,1,246,82,241,18,3,344,36,0,36,380
05/17/2023,LIH,HI,AWP,WE,Federal Contract Tower,84,13,2,2,101,0,223,21,0,244,84,236,23,2,345,38,0,38,383
05/18/2023,LIH,HI,AWP,WE,Federal Contract Tower,93,14,3,0,110,0,48,10,0,58,93,62,13,0,168,22,0,22,190
05/19/2023,LIH,HI,AWP,WE,Federal Contract Tower,92,12,0,0,104,0,103,3,0,106,92,115,3,0,210,29,0,29,239
05/20/2023,LIH,HI,AWP,WE,Federal Contract Tower,94,10,1,0,105,0,256,0,0,256,94,266,1,0,361,24,0,24,385
05/21/2023,LIH,HI,AWP,WE,Federal Contract Tower,92,0,1,0,93,0,191,1,0,192,92,191,2,0,285,30,0,30,315
05/22/2023,LIH,HI,AWP,WE,Federal Contract Tower,96,7,0,3,106,0,202,15,1,218,96,209,15,4,324,26,0,26,350
05/23/2023,LIH,HI,AWP,WE,Federal Contract Tower,90,11,4,10,115,0,218,6,0,224,90,229,10,10,339,52,4,56,395
05/24/2023,LIH,HI,AWP,WE,Federal Contract Tower,78,9,3,2,92,0,199,13,4,216,78,208,16,6,308,52,0,52,360
05/25/2023,LIH,HI,AWP,WE,Federal Contract Tower,98,14,4,1,117,0,247,12,1,260,98,261,16,2,377,36,0,36,413
05/26/2023,LIH,HI,AWP,WE,Federal Contract Tower,103,8,1,2,114,0,282,6,0,288,103,290,7,2,402,46,0,46,448
05/27/2023,LIH,HI,AWP,WE,Federal Contract Tower,94,2,3,0,99,0,219,7,0,226,94,221,10,0,325,45,0,45,370
05/28/2023,LIH,HI,AWP,WE,Federal Contract Tower,90,0,2,0,92,0,171,1,0,172,90,171,3,0,264,62,0,62,326
05/29/2023,LIH,HI,AWP,WE,Federal Contract Tower,97,7,3,1,108,0,210,14,0,224,97,217,17,1,332,48,12,60,392
05/30/2023,LIH,HI,AWP,WE,Federal Contract Tower,89,14,0,2,105,0,202,4,0,206,89,216,4,2,311,30,0,30,341
05/31/2023,LIH,HI,AWP,WE,Federal Contract Tower,86,10,1,8,105,0,213,13,4,230,86,223,14,12,335,42,0,42,377
06/01/2023,LIH,HI,AWP,WE,Federal Contract Tower,96,13,8,5,122,0,214,14,0,228,96,227,22,5,350,46,0,46,396
06/02/2023,LIH,HI,AWP,WE,Federal Contract Tower,105,18,3,2,128,0,291,9,0,300,105,309,12,2,428,78,0,78,506
06/03/2023,LIH,HI,AWP,WE,Federal Contract Tower,94,6,1,0,101,0,208,8,0,216,94,214,9,0,317,31,0,31,348
06/05/2023,LIH,HI,AWP,WE,Federal Contract Tower,95,9,2,0,106,0,198,9,0,207,95,207,11,0,313,114,0,114,427
06/06/2023,LIH,HI,AWP,WE,Federal Contract Tower,93,16,0,9,118,0,233,15,0,248,93,249,15,9,366,78,0,78,444
06/07/2023,LIH,HI,AWP,WE,Federal Contract Tower,97,16,2,15,130,0,215,14,0,229,97,231,16,15,359,82,2,84,443
06/08/2023,LIH,HI,AWP,WE,Federal Contract Tower,101,13,3,4,121,0,237,10,5,252,101,250,13,9,373,90,0,90,463
06/09/2023,LIH,HI,AWP,WE,Federal Contract Tower,103,9,0,0,112,0,255,9,2,266,103,264,9,2,378,76,0,76,454
06/10/2023,LIH,HI,AWP,WE,Federal Contract Tower,103,3,0,0,106,0,198,11,0,209,103,201,11,0,315,34,0,34,349
06/11/2023,LIH,HI,AWP,WE,Federal Contract Tower,89,3,1,0,93,0,158,6,0,164,89,161,7,0,257,28,0,28,285
06/12/2023,LIH,HI,AWP,WE,Federal Contract Tower,98,12,2,2,114,0,209,3,0,212,98,221,5,2,326,36,0,36,362
06/13/2023,LIH,HI,AWP,WE,Federal Contract Tower,95,12,4,9,120,0,126,2,1,129,95,138,6,10,249,38,0,38,287
06/14/2023,LIH,HI,AWP,WE,Federal Contract Tower,95,9,2,1,107,0,273,3,2,278,95,282,5,3,385,20,0,20,405
06/15/2023,LIH,HI,AWP,WE,Federal Contract Tower,96,14,1,4,115,0,251,0,2,253,96,265,1,6,368,47,0,47,415
06/16/2023,LIH,HI,AWP,WE,Federal Contract Tower,103,5,1,0,109,0,202,0,10,212,103,207,1,10,321,66,0,66,387
06/17/2023,LIH,HI,AWP,WE,Federal Contract Tower,100,3,11,2,116,0,242,5,0,247,100,245,16,2,363,42,0,42,405
06/18/2023,LIH,HI,AWP,WE,Federal Contract Tower,89,2,1,0,92,0,211,5,1,217,89,213,6,1,309,38,0,38,347
06/19/2023,LIH,HI,AWP,WE,Federal Contract Tower,90,9,1,1,101,0,241,5,0,246,90,250,6,1,347,40,0,40,387
06/20/2023,LIH,HI,AWP,WE,Federal Contract Tower,94,15,6,2,117,0,261,3,0,264,94,276,9,2,381,40,0,40,421
06/21/2023,LIH,HI,AWP,WE,Federal Contract Tower,99,11,11,0,121,0,244,7,0,251,99,255,18,0,372,80,0,80,452
06/22/2023,LIH,HI,AWP,WE,Federal Contract Tower,95,13,2,5,115,0,226,10,3,239,95,239,12,8,354,38,0,38,392
06/23/2023,LIH,HI,AWP,WE,Federal Contract Tower,105,11,5,9,130,0,228,1,1,230,105,239,6,10,360,52,0,52,412
06/24/2023,LIH,HI,AWP,WE,Federal Contract Tower,92,6,1,0,99,0,213,2,3,218,92,219,3,3,317,60,2,62,379
06/25/2023,LIH,HI,AWP,WE,Federal Contract Tower,93,2,2,2,99,0,159,6,0,165,93,161,8,2,264,38,0,38,302
06/26/2023,LIH,HI,AWP,WE,Federal Contract Tower,99,7,0,5,111,0,204,4,1,209,99,211,4,6,320,36,0,36,356
06/27/2023,LIH,HI,AWP,WE,Federal Contract Tower,89,15,4,11,119,0,242,18,1,261,89,257,22,12,380,48,0,48,428
06/28/2023,LIH,HI,AWP,WE,Federal Contract Tower,96,7,3,0,106,0,184,18,0,202,96,191,21,0,308,38,0,38,346
06/29/2023,LIH,HI,AWP,WE,Federal Contract Tower,97,17,3,0,117,0,245,8,0,253,97,262,11,0,370,67,0,67,437
06/30/2023,LIH,HI,AWP,WE,Federal Contract Tower,101,14,3,0,118,0,262,18,2,282,101,276,21,2,400,53,0,53,453
07/01/2023,LIH,HI,AWP,WE,Federal Contract Tower,97,5,5,1,108,0,201,4,0,205,97,206,9,1,313,50,4,54,367
07/03/2023,LIH,HI,AWP,WE,Federal Contract Tower,94,10,2,0,106,0,219,16,0,235,94,229,18,0,341,62,0,62,403
07/04/2023,LIH,HI,AWP,WE,Federal Contract Tower,90,6,1,0,97,0,208,22,1,231,90,214,23,1,328,86,0,86,414
07/05/2023,LIH,HI,AWP,WE,Federal Contract Tower,91,8,0,2,101,0,221,22,0,243,91,229,22,2,344,46,0,46,390
07/06/2023,LIH,HI,AWP,WE,Federal Contract Tower,95,15,6,2,118,0,223,12,0,235,95,238,18,2,353,60,0,60,413
07/07/2023,LIH,HI,AWP,WE,Federal Contract Tower,100,8,1,0,109,0,275,4,1,280,100,283,5,1,389,43,0,43,432
07/08/2023,LIH,HI,AWP,WE,Federal Contract Tower,93,6,4,0,103,0,195,2,0,197,93,201,6,0,300,38,0,38,338
07/09/2023,LIH,HI,AWP,WE,Federal Contract Tower,92,2,5,0,99,0,156,6,0,162,92,158,11,0,261,38,0,38,299
07/10/2023,LIH,HI,AWP,WE,Federal Contract Tower,98,15,3,1,117,0,185,16,2,203,98,200,19,3,320,25,0,25,345
07/11/2023,LIH,HI,AWP,WE,Federal Contract Tower,89,11,2,3,105,0,114,9,4,127,89,125,11,7,232,66,0,66,298
07/12/2023,LIH,HI,AWP,WE,Federal Contract Tower,96,8,5,6,115,0,215,17,0,232,96,223,22,6,347,88,0,88,435
07/13/2023,LIH,HI,AWP,WE,Federal Contract Tower,96,10,2,2,110,0,235,14,0,249,96,245,16,2,359,68,0,68,427
07/14/2023,LIH,HI,AWP,WE,Federal Contract Tower,102,9,7,2,120,0,320,10,0,330,102,329,17,2,450,44,0,44,494
07/15/2023,LIH,HI,AWP,WE,Federal Contract Tower,99,2,4,3,108,0,244,10,0,254,99,246,14,3,362,50,0,50,412
07/16/2023,LIH,HI,AWP,WE,Federal Contract Tower,93,3,3,0,99,0,163,3,2,168,93,166,6,2,267,38,0,38,305
07/17/2023,LIH,HI,AWP,WE,Federal Contract Tower,101,10,2,2,115,0,224,13,3,240,101,234,15,5,355,46,0,46,401
07/18/2023,LIH,HI,AWP,WE,Federal Contract Tower,97,6,3,4,110,0,159,6,0,165,97,165,9,4,275,36,0,36,311
07/19/2023,LIH,HI,AWP,WE,Federal Contract Tower,97,11,2,0,110,0,89,0,0,89,97,100,2,0,199,10,0,10,209
07/20/2023,LIH,HI,AWP,WE,Federal Contract Tower,97,12,2,8,119,0,263,18,0,281,97,275,20,8,400,36,0,36,436
07/21/2023,LIH,HI,AWP,WE,Federal Contract Tower,102,10,4,0,116,0,226,0,0,226,102,236,4,0,342,46,0,46,388
07/22/2023,LIH,HI,AWP,WE,Federal Contract Tower,93,2,3,2,100,0,183,2,0,185,93,185,5,2,285,58,0,58,343
07/23/2023,LIH,HI,AWP,WE,Federal Contract Tower,93,3,4,0,100,0,126,1,0,127,93,129,5,0,227,36,0,36,263
07/24/2023,LIH,HI,AWP,WE,Federal Contract Tower,102,13,0,0,115,0,193,14,0,207,102,206,14,0,322,32,0,32,354
07/25/2023,LIH,HI,AWP,WE,Federal Contract Tower,93,12,2,10,117,0,226,5,0,231,93,238,7,10,348,38,0,38,386
07/26/2023,LIH,HI,AWP,WE,Federal Contract Tower,96,13,0,8,117,0,245,12,0,257,96,258,12,8,374,66,0,66,440
07/27/2023,LIH,HI,AWP,WE,Federal Contract Tower,95,10,2,0,107,0,274,6,0,280,95,284,8,0,387,36,0,36,423
07/28/2023,LIH,HI,AWP,WE,Federal Contract Tower,97,10,5,0,112,0,258,1,0,259,97,268,6,0,371,46,0,46,417
07/29/2023,LIH,HI,AWP,WE,Federal Contract Tower,93,1,1,2,97,0,150,5,0,155,93,151,6,2,252,48,0,48,300
07/30/2023,LIH,HI,AWP,WE,Federal Contract Tower,92,0,0,0,92,0,162,7,4,173,92,162,7,4,265,62,0,62,327
07/31/2023,LIH,HI,AWP,WE,Federal Contract Tower,98,16,1,8,123,0,246,12,0,258,98,262,13,8,381,48,0,48,429
08/01/2023,LIH,HI,AWP,WE,Federal Contract Tower,94,8,7,4,113,0,262,2,0,264,94,270,9,4,377,56,0,56,433
08/02/2023,LIH,HI,AWP,WE,Federal Contract Tower,96,6,1,6,109,0,203,10,0,213,96,209,11,6,322,26,0,26,348
08/03/2023,LIH,HI,AWP,WE,Federal Contract Tower,98,13,2,4,117,0,249,19,4,272,98,262,21,8,389,40,0,40,429
08/04/2023,LIH,HI,AWP,WE,Federal Contract Tower,98,10,2,1,111,0,238,0,3,241,98,248,2,4,352,42,0,42,394
08/05/2023,LIH,HI,AWP,WE,Federal Contract Tower,101,1,4,1,107,0,212,9,2,223,101,213,13,3,330,34,0,34,364
08/06/2023,LIH,HI,AWP,WE,Federal Contract Tower,95,10,2,2,109,0,144,3,0,147,95,154,5,2,256,42,0,42,298
08/07/2023,LIH,HI,AWP,WE,Federal Contract Tower,99,10,2,6,117,0,226,14,0,240,99,236,16,6,357,34,0,34,391
08/08/2023,LIH,HI,AWP,WE,Federal Contract Tower,94,9,1,4,108,0,70,1,0,71,94,79,2,4,179,40,0,40,219
08/09/2023,LIH,HI,AWP,WE,Federal Contract Tower,109,13,2,2,126,0,166,4,0,170,109,179,6,2,296,32,0,32,328
08/10/2023,LIH,HI,AWP,WE,Federal Contract Tower,97,8,3,0,108,0,305,12,0,317,97,313,15,0,425,42,0,42,467
08/11/2023,LIH,HI,AWP,WE,Federal Contract Tower,100,11,7,0,118,0,254,6,0,260,100,265,13,0,378,36,0,36,414
08/12/2023,LIH,HI,AWP,WE,Federal Contract Tower,97,3,3,0,103,0,274,11,0,285,97,277,14,0,388,46,0,46,434
08/13/2023,LIH,HI,AWP,WE,Federal Contract Tower,92,3,8,0,103,0,187,9,0,196,92,190,17,0,299,46,0,46,345
08/14/2023,LIH,HI,AWP,WE,Federal Contract Tower,98,8,1,0,107,0,248,22,0,270,98,256,23,0,377,46,0,46,423
08/15/2023,LIH,HI,AWP,WE,Federal Contract Tower,94,8,0,22,124,0,262,8,0,270,94,270,8,22,394,48,0,48,442
08/16/2023,LIH,HI,AWP,WE,Federal Contract Tower,93,15,1,4,113,0,218,17,4,239,93,233,18,8,352,16,0,16,368
08/17/2023,LIH,HI,AWP,WE,Federal Contract Tower,96,8,8,2,114,0,318,11,7,336,96,326,19,9,450,34,0,34,484
08/18/2023,LIH,HI,AWP,WE,Federal Contract Tower,99,10,4,2,115,0,312,9,0,321,99,322,13,2,436,34,0,34,470
08/19/2023,LIH,HI,AWP,WE,Federal Contract Tower,98,5,2,0,105,0,238,5,0,243,98,243,7,0,348,40,0,40,388
08/20/2023,LIH,HI,AWP,WE,Federal Contract Tower,88,3,4,0,95,0,183,13,0,196,88,186,17,0,291,58,0,58,349
08/21/2023,LIH,HI,AWP,WE,Federal Contract Tower,96,14,3,1,114,0,246,20,2,268,96,260,23,3,382,50,0,50,432
08/22/2023,LIH,HI,AWP,WE,Federal Contract Tower,99,9,7,6,121,0,199,20,2,221,99,208,27,8,342,52,0,52,394
08/23/2023,LIH,HI,AWP,WE,Federal Contract Tower,85,13,3,4,105,0,224,42,0,266,85,237,45,4,371,28,0,28,399
08/24/2023,LIH,HI,AWP,WE,Federal Contract Tower,96,6,5,6,113,0,257,9,0,266,96,263,14,6,379,29,0,29,408
08/25/2023,LIH,HI,AWP,WE,Federal Contract Tower,98,13,0,0,111,0,227,2,0,229,98,240,2,0,340,42,0,42,382
08/26/2023,LIH,HI,AWP,WE,Federal Contract Tower,99,5,10,0,114,0,205,10,2,217,99,210,20,2,331,48,0,48,379
08/27/2023,LIH,HI,AWP,WE,Federal Contract Tower,89,2,3,1,95,0,189,8,0,197,89,191,11,1,292,32,2,34,326
08/28/2023,LIH,HI,AWP,WE,Federal Contract Tower,97,9,2,7,115,0,232,17,3,252,97,241,19,10,367,50,0,50,417
08/29/2023,LIH,HI,AWP,WE,Federal Contract Tower,90,12,5,0,107,0,202,11,1,214,90,214,16,1,321,38,0,38,359
08/30/2023,LIH,HI,AWP,WE,Federal Contract Tower,94,11,1,8,114,0,192,13,3,208,94,203,14,11,322,46,0,46,368
08/31/2023,LIH,HI,AWP,WE,Federal Contract Tower,93,19,2,5,119,0,235,13,0,248,93,254,15,5,367,16,0,16,383
