01/01/2020,LIT,AR,ASW,CE,Combined TRACON& Tower with Radar,47,19,20,0,86,0,5,15,0,20,47,24,35,0,106,0,0,0,106
01/02/2020,LIT,AR,ASW,CE,Combined TRACON& Tower with Radar,62,32,35,2,131,0,1,1,0,2,62,33,36,2,133,0,0,0,133
01/03/2020,LIT,AR,ASW,CE,Combined TRACON& Tower with Radar,61,34,34,3,132,0,2,5,0,7,61,36,39,3,139,0,0,0,139
01/04/2020,LIT,AR,ASW,CE,Combined TRACON& Tower with Radar,52,35,43,2,132,0,5,28,0,33,52,40,71,2,165,14,0,14,179
01/05/2020,LIT,AR,ASW,CE,Combined TRACON& Tower with Radar,62,29,30,1,122,0,3,39,0,42,62,32,69,1,164,8,0,8,172
01/06/2020,LIT,AR,ASW,CE,Combined TRACON& Tower with Radar,60,34,43,10,147,0,9,38,2,49,60,43,81,12,196,4,6,10,206
01/07/2020,LIT,AR,ASW,CE,Combined TRACON& Tower with Radar,63,41,54,26,184,0,5,51,1,57,63,46,105,27,241,0,4,4,245
01/08/2020,LIT,AR,ASW,CE,Combined TRACON& Tower with Radar,64,43,62,7,176,0,3,51,0,54,64,46,113,7,230,0,8,8,238
01/09/2020,LIT,AR,ASW,CE,Combined TRACON& Tower with Radar,64,49,65,28,206,0,2,6,3,11,64,51,71,31,217,0,18,18,235
01/10/2020,LIT,AR,ASW,CE,Combined TRACON& Tower with Radar,59,40,35,7,141,0,1,0,0,1,59,41,35,7,142,0,0,0,142
01/11/2020,LIT,AR,ASW,CE,Combined TRACON& Tower with Radar,49,21,24,17,111,0,3,0,0,3,49,24,24,17,114,0,0,0,114
01/12/2020,LIT,AR,ASW,CE,Combined TRACON& Tower with Radar,64,34,52,4,154,0,0,3,0,3,64,34,55,4,157,0,0,0,157
01/13/2020,LIT,AR,ASW,CE,Combined TRACON& Tower with Radar,60,29,50,12,151,0,1,10,2,13,60,30,60,14,164,0,14,14,178
01/14/2020,LIT,AR,ASW,CE,Combined TRACON& Tower with Radar,62,41,60,2,165,0,0,0,0,0,62,41,60,2,165,0,0,0,165
01/15/2020,LIT,AR,ASW,CE,Combined TRACON& Tower with Radar,63,40,51,20,174,0,1,1,0,2,63,41,52,20,176,0,0,0,176
01/16/2020,LIT,AR,ASW,CE,Combined TRACON& Tower with Radar,67,47,65,35,214,0,2,21,10,33,67,49,86,45,247,4,30,34,281
01/17/2020,LIT,AR,ASW,CE,Combined TRACON& Tower with Radar,58,33,52,9,152,0,1,11,2,14,58,34,63,11,166,6,8,14,180
01/18/2020,LIT,AR,ASW,CE,Combined TRACON& Tower with Radar,44,21,41,8,114,0,2,17,4,23,44,23,58,12,137,12,12,24,161
01/19/2020,LIT,AR,ASW,CE,Combined TRACON& Tower with Radar,60,30,27,0,117,0,14,31,1,46,60,44,58,1,163,6,0,6,169
01/20/2020,LIT,AR,ASW,CE,Combined TRACON& Tower with Radar,61,36,73,10,180,0,4,43,0,47,61,40,116,10,227,4,2,6,233
01/21/2020,LIT,AR,ASW,CE,Combined TRACON& Tower with Radar,62,44,71,17,194,0,9,39,3,51,62,53,110,20,245,22,6,28,273
01/22/2020,LIT,AR,ASW,CE,Combined TRACON& Tower with Radar,60,42,51,8,161,0,2,5,2,9,60,44,56,10,170,0,18,18,188
01/23/2020,LIT,AR,ASW,CE,Combined TRACON& Tower with Radar,66,46,55,0,167,0,1,0,0,1,66,47,55,0,168,0,0,0,168
01/24/2020,LIT,AR,ASW,CE,Combined TRACON& Tower with Radar,62,41,56,19,178,0,2,24,2,28,62,43,80,21,206,0,16,16,222
01/25/2020,LIT,AR,ASW,CE,Combined TRACON& Tower with Radar,54,25,23,7,109,0,3,42,2,47,54,28,65,9,156,0,0,0,156
01/26/2020,LIT,AR,ASW,CE,Combined TRACON& Tower with Radar,59,33,33,15,140,0,1,3,0,4,59,34,36,15,144,0,0,0,144
01/27/2020,LIT,AR,ASW,CE,Combined TRACON& Tower with Radar,60,36,50,10,156,0,1,32,4,37,60,37,82,14,193,0,22,22,215
01/28/2020,LIT,AR,ASW,CE,Combined TRACON& Tower with Radar,60,40,42,2,144,0,1,0,0,1,60,41,42,2,145,0,0,0,145
01/29/2020,LIT,AR,ASW,CE,Combined TRACON& Tower with Radar,60,41,61,8,170,0,1,0,0,1,60,42,61,8,171,0,0,0,171
01/30/2020,LIT,AR,ASW,CE,Combined TRACON& Tower with Radar,64,41,84,12,201,0,0,0,0,0,64,41,84,12,201,0,0,0,201
01/31/2020,LIT,AR,ASW,CE,Combined TRACON& Tower with Radar,62,59,83,89,293,0,1,17,3,21,62,60,100,92,314,8,14,22,336
02/01/2020,LIT,AR,ASW,ES,Combined TRACON& Tower with Radar,45,31,22,10,108,0,9,45,26,80,45,40,67,36,188,10,14,24,212
02/02/2020,LIT,AR,ASW,ES,Combined TRACON& Tower with Radar,57,29,38,15,139,0,10,45,9,64,57,39,83,24,203,8,0,8,211
02/03/2020,LIT,AR,ASW,ES,Combined TRACON& Tower with Radar,57,37,36,8,138,0,2,11,15,28,57,39,47,23,166,0,0,0,166
02/04/2020,LIT,AR,ASW,ES,Combined TRACON& Tower with Radar,62,39,64,2,167,0,2,0,0,2,62,41,64,2,169,0,0,0,169
02/05/2020,LIT,AR,ASW,ES,Combined TRACON& Tower with Radar,59,36,35,4,134,0,0,0,0,0,59,36,35,4,134,0,0,0,134
02/06/2020,LIT,AR,ASW,ES,Combined TRACON& Tower with Radar,64,48,64,12,188,0,2,3,2,7,64,50,67,14,195,0,0,0,195
02/07/2020,LIT,AR,ASW,ES,Combined TRACON& Tower with Radar,62,40,76,28,206,0,3,48,0,51,62,43,124,28,257,0,0,0,257
02/08/2020,LIT,AR,ASW,ES,Combined TRACON& Tower with Radar,51,22,19,8,100,0,7,82,0,89,51,29,101,8,189,4,4,8,197
02/09/2020,LIT,AR,ASW,ES,Combined TRACON& Tower with Radar,58,27,34,3,122,0,0,8,0,8,58,27,42,3,130,0,0,0,130
02/10/2020,LIT,AR,ASW,ES,Combined TRACON& Tower with Radar,58,30,39,18,145,0,1,0,0,1,58,31,39,18,146,0,0,0,146
02/11/2020,LIT,AR,ASW,ES,Combined TRACON& Tower with Radar,63,34,52,10,159,0,2,2,0,4,63,36,54,10,163,14,0,14,177
02/12/2020,LIT,AR,ASW,ES,Combined TRACON& Tower with Radar,60,33,36,8,137,0,1,0,0,1,60,34,36,8,138,0,0,0,138
02/13/2020,LIT,AR,ASW,ES,Combined TRACON& Tower with Radar,64,54,79,45,242,0,3,48,5,56,64,57,127,50,298,18,58,76,374
02/14/2020,LIT,AR,ASW,ES,Combined TRACON& Tower with Radar,65,38,58,35,196,0,3,42,3,48,65,41,100,38,244,22,12,34,278
02/15/2020,LIT,AR,ASW,ES,Combined TRACON& Tower with Radar,47,22,29,0,98,0,0,77,0,77,47,22,106,0,175,8,0,8,183
02/16/2020,LIT,AR,ASW,ES,Combined TRACON& Tower with Radar,61,25,49,0,135,0,4,23,0,27,61,29,72,0,162,0,0,0,162
02/17/2020,LIT,AR,ASW,ES,Combined TRACON& Tower with Radar,62,35,50,0,147,0,2,4,0,6,62,37,54,0,153,0,0,0,153
02/18/2020,LIT,AR,ASW,ES,Combined TRACON& Tower with Radar,68,40,63,8,179,0,3,0,0,3,68,43,63,8,182,0,0,0,182
02/19/2020,LIT,AR,ASW,ES,Combined TRACON& Tower with Radar,72,38,68,56,234,0,2,57,11,70,72,40,125,67,304,4,32,36,340
02/20/2020,LIT,AR,ASW,ES,Combined TRACON& Tower with Radar,68,49,99,36,252,0,2,21,2,25,68,51,120,38,277,0,0,0,277
02/21/2020,LIT,AR,ASW,ES,Combined TRACON& Tower with Radar,64,54,40,37,195,0,6,67,3,76,64,60,107,40,271,2,49,51,322
02/22/2020,LIT,AR,ASW,ES,Combined TRACON& Tower with Radar,50,22,41,6,119,0,2,54,0,56,50,24,95,6,175,2,0,2,177
02/23/2020,LIT,AR,ASW,ES,Combined TRACON& Tower with Radar,60,42,46,0,148,0,3,9,0,12,60,45,55,0,160,0,0,0,160
02/24/2020,LIT,AR,ASW,ES,Combined TRACON& Tower with Radar,61,43,43,12,159,0,9,4,4,17,61,52,47,16,176,4,16,20,196
02/25/2020,LIT,AR,ASW,ES,Combined TRACON& Tower with Radar,67,47,55,15,184,0,1,32,6,39,67,48,87,21,223,22,4,26,249
02/26/2020,LIT,AR,ASW,ES,Combined TRACON& Tower with Radar,64,45,44,16,169,0,0,20,1,21,64,45,64,17,190,8,12,20,210
02/27/2020,LIT,AR,ASW,ES,Combined TRACON& Tower with Radar,68,40,88,22,218,0,5,77,4,86,68,45,165,26,304,20,19,39,343
02/28/2020,LIT,AR,ASW,ES,Combined TRACON& Tower with Radar,64,40,55,51,210,1,6,54,1,62,65,46,109,52,272,10,10,20,292
02/29/2020,LIT,AR,ASW,ES,Combined TRACON& Tower with Radar,51,25,56,5,137,0,3,59,2,64,51,28,115,7,201,0,0,0,201
03/01/2020,LIT,AR,ASW,ES,Combined TRACON& Tower with Radar,64,42,30,4,140,0,4,6,0,10,64,46,36,4,150,10,0,10,160
03/02/2020,LIT,AR,ASW,ES,Combined TRACON& Tower with Radar,60,38,52,27,177,0,1,6,0,7,60,39,58,27,184,14,19,33,217
03/03/2020,LIT,AR,ASW,ES,Combined TRACON& Tower with Radar,66,36,49,6,157,0,2,37,3,42,66,38,86,9,199,0,0,0,199
03/04/2020,LIT,AR,ASW,ES,Combined TRACON& Tower with Radar,67,42,72,32,213,0,1,32,1,34,67,43,104,33,247,28,0,28,275
03/05/2020,LIT,AR,ASW,ES,Combined TRACON& Tower with Radar,73,33,76,29,211,0,3,51,9,63,73,36,127,38,274,4,44,48,322
03/06/2020,LIT,AR,ASW,ES,Combined TRACON& Tower with Radar,69,44,74,33,220,0,6,69,7,82,69,50,143,40,302,0,16,16,318
03/07/2020,LIT,AR,ASW,ES,Combined TRACON& Tower with Radar,56,25,29,18,128,0,4,48,6,58,56,29,77,24,186,14,2,16,202
03/08/2020,LIT,AR,ASW,ES,Combined TRACON& Tower with Radar,68,34,55,6,163,0,2,27,0,29,68,36,82,6,192,0,0,0,192
03/09/2020,LIT,AR,ASW,ES,Combined TRACON& Tower with Radar,66,40,42,2,150,0,3,5,0,8,66,43,47,2,158,0,0,0,158
03/10/2020,LIT,AR,ASW,ES,Combined TRACON& Tower with Radar,76,39,61,19,195,0,5,35,4,44,76,44,96,23,239,0,22,22,261
03/11/2020,LIT,AR,ASW,ES,Combined TRACON& Tower with Radar,74,33,90,27,224,0,7,8,2,17,74,40,98,29,241,6,12,18,259
03/12/2020,LIT,AR,ASW,ES,Combined TRACON& Tower with Radar,79,42,58,7,186,0,3,2,10,15,79,45,60,17,201,0,38,38,239
03/13/2020,LIT,AR,ASW,ES,Combined TRACON& Tower with Radar,71,31,38,9,149,0,0,10,1,11,71,31,48,10,160,2,18,20,180
03/14/2020,LIT,AR,ASW,ES,Combined TRACON& Tower with Radar,59,20,23,2,104,0,3,0,0,3,59,23,23,2,107,0,0,0,107
03/15/2020,LIT,AR,ASW,ES,Combined TRACON& Tower with Radar,63,30,36,4,133,0,2,4,0,6,63,32,40,4,139,0,0,0,139
03/16/2020,LIT,AR,ASW,ES,Combined TRACON& Tower with Radar,68,29,32,0,129,0,0,2,0,2,68,29,34,0,131,0,0,0,131
03/17/2020,LIT,AR,ASW,ES,Combined TRACON& Tower with Radar,83,30,40,8,161,0,2,8,0,10,83,32,48,8,171,10,0,10,181
03/18/2020,LIT,AR,ASW,ES,Combined TRACON& Tower with Radar,70,28,22,8,128,0,4,4,0,8,70,32,26,8,136,2,0,2,138
03/19/2020,LIT,AR,ASW,ES,Combined TRACON& Tower with Radar,65,23,16,8,112,0,3,5,0,8,65,26,21,8,120,0,0,0,120
03/20/2020,LIT,AR,ASW,ES,Combined TRACON& Tower with Radar,58,33,30,31,152,0,5,31,3,39,58,38,61,34,191,18,2,20,211
03/21/2020,LIT,AR,ASW,ES,Combined TRACON& Tower with Radar,49,15,29,2,95,0,5,29,0,34,49,20,58,2,129,6,0,6,135
03/22/2020,LIT,AR,ASW,ES,Combined TRACON& Tower with Radar,49,19,12,0,80,0,0,2,0,2,49,19,14,0,82,0,0,0,82
03/23/2020,LIT,AR,ASW,ES,Combined TRACON& Tower with Radar,45,18,17,42,122,0,3,6,2,11,45,21,23,44,133,0,45,45,178
03/24/2020,LIT,AR,ASW,ES,Combined TRACON& Tower with Radar,48,19,9,2,78,0,3,0,0,3,48,22,9,2,81,0,0,0,81
03/25/2020,LIT,AR,ASW,ES,Combined TRACON& Tower with Radar,45,18,28,11,102,0,7,24,2,33,45,25,52,13,135,0,26,26,161
03/26/2020,LIT,AR,ASW,ES,Combined TRACON& Tower with Radar,48,12,31,16,107,0,7,58,2,67,48,19,89,18,174,2,14,16,190
03/27/2020,LIT,AR,ASW,ES,Combined TRACON& Tower with Radar,37,13,22,3,75,0,3,11,0,14,37,16,33,3,89,0,0,0,89
03/28/2020,LIT,AR,ASW,ES,Combined TRACON& Tower with Radar,31,10,2,0,43,0,9,0,0,9,31,19,2,0,52,0,0,0,52
03/29/2020,LIT,AR,ASW,ES,Combined TRACON& Tower with Radar,20,11,24,0,55,0,3,59,0,62,20,14,83,0,117,0,0,0,117
03/30/2020,LIT,AR,ASW,ES,Combined TRACON& Tower with Radar,31,20,7,4,62,0,1,10,2,13,31,21,17,6,75,16,34,50,125
03/31/2020,LIT,AR,ASW,ES,Combined TRACON& Tower with Radar,31,15,22,4,72,0,2,18,0,20,31,17,40,4,92,22,0,22,114
04/01/2020,LIT,AR,ASW,ES,Combined TRACON& Tower with Radar,37,16,14,15,82,0,1,43,3,47,37,17,57,18,129,0,0,0,129
04/02/2020,LIT,AR,ASW,ES,Combined TRACON& Tower with Radar,46,10,25,9,90,0,0,43,1,44,46,10,68,10,134,0,4,4,138
04/03/2020,LIT,AR,ASW,ES,Combined TRACON& Tower with Radar,42,15,10,9,76,0,2,8,1,11,42,17,18,10,87,10,12,22,109
04/04/2020,LIT,AR,ASW,ES,Combined TRACON& Tower with Radar,33,12,5,0,50,0,1,6,0,7,33,13,11,0,57,0,0,0,57
04/05/2020,LIT,AR,ASW,ES,Combined TRACON& Tower with Radar,32,7,22,0,61,0,1,19,0,20,32,8,41,0,81,0,0,0,81
04/06/2020,LIT,AR,ASW,ES,Combined TRACON& Tower with Radar,32,5,28,4,69,0,5,30,2,37,32,10,58,6,106,18,0,18,124
04/07/2020,LIT,AR,ASW,ES,Combined TRACON& Tower with Radar,33,14,6,2,55,0,4,3,0,7,33,18,9,2,62,0,0,0,62
04/08/2020,LIT,AR,ASW,ES,Combined TRACON& Tower with Radar,36,13,15,4,68,0,5,24,0,29,36,18,39,4,97,0,0,0,97
04/09/2020,LIT,AR,ASW,ES,Combined TRACON& Tower with Radar,32,8,18,12,70,0,1,43,0,44,32,9,61,12,114,6,0,6,120
04/10/2020,LIT,AR,ASW,ES,Combined TRACON& Tower with Radar,35,8,17,24,84,0,4,52,0,56,35,12,69,24,140,9,14,23,163
04/11/2020,LIT,AR,ASW,ES,Combined TRACON& Tower with Radar,24,4,7,0,35,0,2,23,0,25,24,6,30,0,60,0,0,0,60
04/12/2020,LIT,AR,ASW,ES,Combined TRACON& Tower with Radar,27,1,3,0,31,0,1,3,0,4,27,2,6,0,35,0,0,0,35
04/13/2020,LIT,AR,ASW,ES,Combined TRACON& Tower with Radar,33,5,16,24,78,0,4,18,0,22,33,9,34,24,100,0,0,0,100
04/14/2020,LIT,AR,ASW,ES,Combined TRACON& Tower with Radar,37,4,9,5,55,0,2,18,3,23,37,6,27,8,78,0,2,2,80
04/15/2020,LIT,AR,ASW,ES,Combined TRACON& Tower with Radar,36,10,17,12,75,0,0,32,5,37,36,10,49,17,112,18,28,46,158
04/16/2020,LIT,AR,ASW,ES,Combined TRACON& Tower with Radar,34,11,18,18,81,0,3,42,0,45,34,14,60,18,126,0,0,0,126
04/17/2020,LIT,AR,ASW,ES,Combined TRACON& Tower with Radar,30,7,24,13,74,0,3,20,1,24,30,10,44,14,98,20,11,31,129
04/18/2020,LIT,AR,ASW,ES,Combined TRACON& Tower with Radar,23,6,11,44,84,0,5,42,0,47,23,11,53,44,131,10,34,44,175
04/19/2020,LIT,AR,ASW,ES,Combined TRACON& Tower with Radar,23,5,14,0,42,0,0,0,0,0,23,5,14,0,42,0,0,0,42
04/20/2020,LIT,AR,ASW,ES,Combined TRACON& Tower with Radar,28,16,35,7,86,0,6,48,4,58,28,22,83,11,144,33,4,37,181
04/21/2020,LIT,AR,ASW,ES,Combined TRACON& Tower with Radar,32,8,32,30,102,0,8,37,3,48,32,16,69,33,150,12,34,46,196
04/22/2020,LIT,AR,ASW,ES,Combined TRACON& Tower with Radar,30,7,21,0,58,0,0,9,0,9,30,7,30,0,67,4,0,4,71
04/23/2020,LIT,AR,ASW,ES,Combined TRACON& Tower with Radar,26,20,32,34,112,0,1,12,0,13,26,21,44,34,125,0,4,4,129
04/24/2020,LIT,AR,ASW,ES,Combined TRACON& Tower with Radar,29,5,28,9,71,0,1,26,1,28,29,6,54,10,99,0,8,8,107
04/25/2020,LIT,AR,ASW,ES,Combined TRACON& Tower with Radar,28,10,10,0,48,0,5,13,0,18,28,15,23,0,66,0,0,0,66
04/26/2020,LIT,AR,ASW,ES,Combined TRACON& Tower with Radar,20,6,18,0,44,0,1,50,0,51,20,7,68,0,95,14,0,14,109
04/27/2020,LIT,AR,ASW,ES,Combined TRACON& Tower with Radar,27,18,35,14,94,0,0,29,0,29,27,18,64,14,123,4,0,4,127
04/28/2020,LIT,AR,ASW,ES,Combined TRACON& Tower with Radar,32,7,15,7,61,0,2,13,1,16,32,9,28,8,77,6,24,30,107
04/29/2020,LIT,AR,ASW,ES,Combined TRACON& Tower with Radar,35,15,39,7,96,0,1,23,3,27,35,16,62,10,123,7,12,19,142
04/30/2020,LIT,AR,ASW,ES,Combined TRACON& Tower with Radar,28,10,42,40,120,0,4,39,4,47,28,14,81,44,167,6,8,14,181
05/01/2020,LIT,AR,ASW,ES,Combined TRACON& Tower with Radar,28,8,25,4,65,0,1,67,0,68,28,9,92,4,133,2,0,2,135
05/02/2020,LIT,AR,ASW,ES,Combined TRACON& Tower with Radar,26,11,21,0,58,0,3,45,0,48,26,14,66,0,106,12,0,12,118
05/03/2020,LIT,AR,ASW,ES,Combined TRACON& Tower with Radar,28,8,14,0,50,0,2,19,0,21,28,10,33,0,71,11,0,11,82
05/04/2020,LIT,AR,ASW,ES,Combined TRACON& Tower with Radar,28,8,29,38,103,0,1,20,4,25,28,9,49,42,128,15,26,41,169
05/05/2020,LIT,AR,ASW,ES,Combined TRACON& Tower with Radar,26,10,18,38,92,0,5,37,6,48,26,15,55,44,140,24,20,44,184
05/06/2020,LIT,AR,ASW,ES,Combined TRACON& Tower with Radar,31,6,52,15,104,0,2,62,1,65,31,8,114,16,169,26,4,30,199
05/07/2020,LIT,AR,ASW,ES,Combined TRACON& Tower with Radar,28,14,33,32,107,0,7,44,0,51,28,21,77,32,158,16,12,28,186
05/08/2020,LIT,AR,ASW,ES,Combined TRACON& Tower with Radar,28,9,29,14,80,0,5,10,0,15,28,14,39,14,95,4,0,4,99
05/09/2020,LIT,AR,ASW,ES,Combined TRACON& Tower with Radar,26,11,12,34,83,0,3,67,4,74,26,14,79,38,157,6,8,14,171
05/10/2020,LIT,AR,ASW,ES,Combined TRACON& Tower with Radar,22,8,12,0,42,0,2,29,0,31,22,10,41,0,73,6,0,6,79
05/11/2020,LIT,AR,ASW,ES,Combined TRACON& Tower with Radar,24,16,26,14,80,0,3,37,2,42,24,19,63,16,122,4,22,26,148
05/12/2020,LIT,AR,ASW,ES,Combined TRACON& Tower with Radar,26,11,32,4,73,0,0,6,0,6,26,11,38,4,79,0,0,0,79
05/13/2020,LIT,AR,ASW,ES,Combined TRACON& Tower with Radar,28,10,39,24,101,0,2,37,2,41,28,12,76,26,142,8,24,32,174
05/14/2020,LIT,AR,ASW,ES,Combined TRACON& Tower with Radar,28,14,34,12,88,0,0,11,0,11,28,14,45,12,99,0,6,6,105
05/15/2020,LIT,AR,ASW,ES,Combined TRACON& Tower with Radar,31,10,29,11,81,0,1,11,1,13,31,11,40,12,94,7,28,35,129
05/16/2020,LIT,AR,ASW,ES,Combined TRACON& Tower with Radar,25,9,12,0,46,0,1,2,0,3,25,10,14,0,49,1,0,1,50
05/17/2020,LIT,AR,ASW,ES,Combined TRACON& Tower with Radar,23,12,19,0,54,0,2,3,0,5,23,14,22,0,59,0,39,39,98
05/18/2020,LIT,AR,ASW,ES,Combined TRACON& Tower with Radar,26,18,32,40,116,0,0,43,7,50,26,18,75,47,166,0,0,0,166
05/19/2020,LIT,AR,ASW,ES,Combined TRACON& Tower with Radar,27,15,37,22,101,0,6,64,2,72,27,21,101,24,173,10,24,34,207
05/20/2020,LIT,AR,ASW,ES,Combined TRACON& Tower with Radar,30,16,42,21,109,0,6,57,6,69,30,22,99,27,178,24,24,48,226
05/21/2020,LIT,AR,ASW,ES,Combined TRACON& Tower with Radar,32,19,66,18,135,0,4,39,6,49,32,23,105,24,184,30,4,34,218
05/22/2020,LIT,AR,ASW,ES,Combined TRACON& Tower with Radar,32,13,46,0,91,0,3,7,1,11,32,16,53,1,102,6,0,6,108
05/23/2020,LIT,AR,ASW,ES,Combined TRACON& Tower with Radar,22,13,22,0,57,0,6,26,0,32,22,19,48,0,89,2,0,2,91
05/24/2020,LIT,AR,ASW,ES,Combined TRACON& Tower with Radar,26,9,13,0,48,0,4,7,0,11,26,13,20,0,59,8,0,8,67
05/25/2020,LIT,AR,ASW,ES,Combined TRACON& Tower with Radar,24,8,16,0,48,0,2,17,0,19,24,10,33,0,67,0,0,0,67
05/26/2020,LIT,AR,ASW,ES,Combined TRACON& Tower with Radar,24,13,33,17,87,0,3,10,1,14,24,16,43,18,101,20,0,20,121
05/27/2020,LIT,AR,ASW,ES,Combined TRACON& Tower with Radar,28,23,39,6,96,0,7,19,3,29,28,30,58,9,125,28,0,28,153
05/28/2020,LIT,AR,ASW,ES,Combined TRACON& Tower with Radar,32,21,51,21,125,0,7,0,1,8,32,28,51,22,133,0,10,10,143
05/29/2020,LIT,AR,ASW,ES,Combined TRACON& Tower with Radar,30,14,58,42,144,0,6,47,3,56,30,20,105,45,200,6,2,8,208
05/30/2020,LIT,AR,ASW,ES,Combined TRACON& Tower with Radar,22,8,17,0,47,0,8,51,0,59,22,16,68,0,106,0,0,0,106
05/31/2020,LIT,AR,ASW,ES,Combined TRACON& Tower with Radar,26,19,34,0,79,0,8,48,0,56,26,27,82,0,135,0,0,0,135
06/01/2020,LIT,AR,ASW,ES,Combined TRACON& Tower with Radar,26,15,49,8,98,0,4,46,0,50,26,19,95,8,148,34,0,34,182
06/02/2020,LIT,AR,ASW,ES,Combined TRACON& Tower with Radar,27,11,47,10,95,0,5,55,7,67,27,16,102,17,162,4,6,10,172
06/03/2020,LIT,AR,ASW,ES,Combined TRACON& Tower with Radar,31,20,58,15,124,0,3,22,1,26,31,23,80,16,150,2,8,10,160
06/04/2020,LIT,AR,ASW,ES,Combined TRACON& Tower with Radar,30,18,49,14,111,0,7,27,1,35,30,25,76,15,146,8,15,23,169
06/05/2020,LIT,AR,ASW,ES,Combined TRACON& Tower with Radar,30,27,47,19,123,0,2,20,2,24,30,29,67,21,147,0,9,9,156
06/06/2020,LIT,AR,ASW,ES,Combined TRACON& Tower with Radar,22,21,33,0,76,0,2,42,0,44,22,23,75,0,120,4,0,4,124
06/07/2020,LIT,AR,ASW,ES,Combined TRACON& Tower with Radar,29,9,24,0,62,0,6,24,0,30,29,15,48,0,92,0,0,0,92
06/08/2020,LIT,AR,ASW,ES,Combined TRACON& Tower with Radar,28,12,18,18,76,0,1,2,0,3,28,13,20,18,79,0,6,6,85
06/09/2020,LIT,AR,ASW,ES,Combined TRACON& Tower with Radar,28,6,44,31,109,0,6,11,1,18,28,12,55,32,127,0,14,14,141
06/10/2020,LIT,AR,ASW,ES,Combined TRACON& Tower with Radar,28,16,52,47,143,0,3,26,0,29,28,19,78,47,172,4,12,16,188
06/11/2020,LIT,AR,ASW,ES,Combined TRACON& Tower with Radar,34,14,58,14,120,0,4,52,0,56,34,18,110,14,176,0,0,0,176
06/12/2020,LIT,AR,ASW,ES,Combined TRACON& Tower with Radar,32,21,54,56,163,0,2,65,4,71,32,23,119,60,234,45,12,57,291
06/13/2020,LIT,AR,ASW,ES,Combined TRACON& Tower with Radar,24,21,29,4,78,0,8,28,0,36,24,29,57,4,114,8,0,8,122
06/14/2020,LIT,AR,ASW,ES,Combined TRACON& Tower with Radar,29,5,28,0,62,0,0,40,0,40,29,5,68,0,102,2,0,2,104
06/15/2020,LIT,AR,ASW,ES,Combined TRACON& Tower with Radar,29,19,43,14,105,0,5,43,2,50,29,24,86,16,155,0,8,8,163
06/16/2020,LIT,AR,ASW,ES,Combined TRACON& Tower with Radar,29,10,43,19,101,0,6,50,1,57,29,16,93,20,158,6,0,6,164
06/17/2020,LIT,AR,ASW,ES,Combined TRACON& Tower with Radar,28,21,40,42,131,0,8,46,0,54,28,29,86,42,185,0,2,2,187
06/18/2020,LIT,AR,ASW,ES,Combined TRACON& Tower with Radar,34,20,53,28,135,0,10,53,4,67,34,30,106,32,202,11,27,38,240
06/19/2020,LIT,AR,ASW,ES,Combined TRACON& Tower with Radar,34,12,39,42,127,0,3,38,5,46,34,15,77,47,173,0,36,36,209
06/20/2020,LIT,AR,ASW,ES,Combined TRACON& Tower with Radar,24,9,34,0,67,0,5,26,1,32,24,14,60,1,99,0,0,0,99
06/21/2020,LIT,AR,ASW,ES,Combined TRACON& Tower with Radar,28,11,32,0,71,0,5,5,0,10,28,16,37,0,81,0,0,0,81
06/22/2020,LIT,AR,ASW,ES,Combined TRACON& Tower with Radar,28,11,70,22,131,0,3,18,1,22,28,14,88,23,153,10,6,16,169
06/23/2020,LIT,AR,ASW,ES,Combined TRACON& Tower with Radar,28,14,66,3,111,0,17,29,1,47,28,31,95,4,158,17,7,24,182
06/24/2020,LIT,AR,ASW,ES,Combined TRACON& Tower with Radar,30,18,47,10,105,0,1,47,7,55,30,19,94,17,160,8,0,8,168
06/25/2020,LIT,AR,ASW,ES,Combined TRACON& Tower with Radar,34,9,63,53,159,0,6,47,9,62,34,15,110,62,221,8,44,52,273
06/26/2020,LIT,AR,ASW,ES,Combined TRACON& Tower with Radar,32,27,58,1,118,0,5,6,4,15,32,32,64,5,133,0,12,12,145
06/27/2020,LIT,AR,ASW,ES,Combined TRACON& Tower with Radar,24,10,45,0,79,0,5,12,0,17,24,15,57,0,96,2,0,2,98
06/28/2020,LIT,AR,ASW,ES,Combined TRACON& Tower with Radar,26,10,24,10,70,0,1,19,0,20,26,11,43,10,90,0,0,0,90
06/29/2020,LIT,AR,ASW,ES,Combined TRACON& Tower with Radar,26,12,45,8,91,0,2,3,0,5,26,14,48,8,96,0,0,0,96
06/30/2020,LIT,AR,ASW,ES,Combined TRACON& Tower with Radar,31,14,46,44,135,0,8,26,7,41,31,22,72,51,176,0,34,34,210
07/01/2020,LIT,AR,ASW,ES,Combined TRACON& Tower with Radar,28,15,68,4,115,0,3,32,1,36,28,18,100,5,151,0,0,0,151
07/02/2020,LIT,AR,ASW,ES,Combined TRACON& Tower with Radar,34,11,61,5,111,0,6,36,3,45,34,17,97,8,156,6,4,10,166
07/03/2020,LIT,AR,ASW,ES,Combined TRACON& Tower with Radar,30,13,34,0,77,0,7,43,0,50,30,20,77,0,127,0,0,0,127
07/04/2020,LIT,AR,ASW,ES,Combined TRACON& Tower with Radar,24,6,12,0,42,0,8,5,2,15,24,14,17,2,57,0,0,0,57
07/05/2020,LIT,AR,ASW,ES,Combined TRACON& Tower with Radar,29,11,30,0,70,0,9,13,3,25,29,20,43,3,95,2,0,2,97
07/06/2020,LIT,AR,ASW,ES,Combined TRACON& Tower with Radar,32,19,57,0,108,0,3,35,0,38,32,22,92,0,146,8,0,8,154
07/07/2020,LIT,AR,ASW,ES,Combined TRACON& Tower with Radar,43,11,27,37,118,0,7,36,0,43,43,18,63,37,161,0,0,0,161
07/08/2020,LIT,AR,ASW,ES,Combined TRACON& Tower with Radar,42,12,59,31,144,0,4,30,5,39,42,16,89,36,183,20,8,28,211
07/09/2020,LIT,AR,ASW,ES,Combined TRACON& Tower with Radar,51,12,62,19,144,0,9,21,8,38,51,21,83,27,182,10,58,68,250
07/10/2020,LIT,AR,ASW,ES,Combined TRACON& Tower with Radar,49,13,50,28,140,0,7,49,6,62,49,20,99,34,202,2,0,2,204
07/11/2020,LIT,AR,ASW,ES,Combined TRACON& Tower with Radar,38,11,29,0,78,0,5,36,0,41,38,16,65,0,119,2,0,2,121
07/12/2020,LIT,AR,ASW,ES,Combined TRACON& Tower with Radar,44,15,35,0,94,0,2,42,0,44,44,17,77,0,138,5,0,5,143
07/13/2020,LIT,AR,ASW,ES,Combined TRACON& Tower with Radar,44,21,54,0,119,0,3,51,0,54,44,24,105,0,173,8,0,8,181
07/14/2020,LIT,AR,ASW,ES,Combined TRACON& Tower with Radar,42,14,48,6,110,0,4,48,4,56,42,18,96,10,166,42,0,42,208
07/15/2020,LIT,AR,ASW,ES,Combined TRACON& Tower with Radar,42,20,52,13,127,0,11,62,1,74,42,31,114,14,201,4,0,4,205
07/16/2020,LIT,AR,ASW,ES,Combined TRACON& Tower with Radar,50,23,51,19,143,0,5,34,2,41,50,28,85,21,184,2,0,2,186
07/17/2020,LIT,AR,ASW,ES,Combined TRACON& Tower with Radar,48,13,46,18,125,0,3,29,6,38,48,16,75,24,163,4,22,26,189
07/18/2020,LIT,AR,ASW,ES,Combined TRACON& Tower with Radar,37,12,32,1,82,0,10,52,0,62,37,22,84,1,144,10,6,16,160
07/19/2020,LIT,AR,ASW,ES,Combined TRACON& Tower with Radar,45,11,31,2,89,0,5,61,0,66,45,16,92,2,155,4,0,4,159
07/20/2020,LIT,AR,ASW,ES,Combined TRACON& Tower with Radar,46,15,33,16,110,0,2,43,0,45,46,17,76,16,155,12,4,16,171
07/21/2020,LIT,AR,ASW,ES,Combined TRACON& Tower with Radar,42,19,41,26,128,0,1,59,3,63,42,20,100,29,191,24,33,57,248
07/22/2020,LIT,AR,ASW,ES,Combined TRACON& Tower with Radar,40,21,72,6,139,0,14,13,0,27,40,35,85,6,166,16,0,16,182
07/23/2020,LIT,AR,ASW,ES,Combined TRACON& Tower with Radar,51,18,70,5,144,0,0,39,3,42,51,18,109,8,186,26,4,30,216
07/24/2020,LIT,AR,ASW,ES,Combined TRACON& Tower with Radar,50,23,58,25,156,0,5,32,3,40,50,28,90,28,196,4,22,26,222
07/25/2020,LIT,AR,ASW,ES,Combined TRACON& Tower with Radar,39,13,43,1,96,0,6,22,0,28,39,19,65,1,124,0,4,4,128
07/26/2020,LIT,AR,ASW,ES,Combined TRACON& Tower with Radar,44,14,50,1,109,0,6,43,0,49,44,20,93,1,158,0,0,0,158
07/27/2020,LIT,AR,ASW,ES,Combined TRACON& Tower with Radar,44,13,51,24,132,0,5,38,6,49,44,18,89,30,181,0,52,52,233
07/28/2020,LIT,AR,ASW,ES,Combined TRACON& Tower with Radar,43,18,47,33,141,0,1,38,12,51,43,19,85,45,192,12,10,22,214
07/29/2020,LIT,AR,ASW,ES,Combined TRACON& Tower with Radar,42,20,49,28,139,0,3,24,3,30,42,23,73,31,169,54,27,81,250
07/30/2020,LIT,AR,ASW,ES,Combined TRACON& Tower with Radar,46,24,39,5,114,0,3,16,0,19,46,27,55,5,133,2,0,2,135
07/31/2020,LIT,AR,ASW,ES,Combined TRACON& Tower with Radar,44,23,40,9,116,0,3,6,1,10,44,26,46,10,126,0,4,4,130
08/01/2020,LIT,AR,ASW,ES,Combined TRACON& Tower with Radar,36,25,34,0,95,0,0,10,2,12,36,25,44,2,107,0,0,0,107
08/02/2020,LIT,AR,ASW,ES,Combined TRACON& Tower with Radar,42,30,36,0,108,0,1,40,0,41,42,31,76,0,149,0,0,0,149
08/03/2020,LIT,AR,ASW,ES,Combined TRACON& Tower with Radar,42,17,63,15,137,0,2,41,3,46,42,19,104,18,183,0,18,18,201
08/04/2020,LIT,AR,ASW,ES,Combined TRACON& Tower with Radar,42,26,62,62,192,0,6,35,5,46,42,32,97,67,238,24,24,48,286
08/05/2020,LIT,AR,ASW,ES,Combined TRACON& Tower with Radar,42,23,65,20,150,0,4,78,14,96,42,27,143,34,246,6,26,32,278
08/06/2020,LIT,AR,ASW,ES,Combined TRACON& Tower with Radar,51,27,53,51,182,0,0,41,7,48,51,27,94,58,230,2,8,10,240
08/07/2020,LIT,AR,ASW,ES,Combined TRACON& Tower with Radar,51,21,50,22,144,0,3,37,0,40,51,24,87,22,184,7,4,11,195
08/08/2020,LIT,AR,ASW,ES,Combined TRACON& Tower with Radar,38,15,22,7,82,0,2,31,0,33,38,17,53,7,115,0,0,0,115
08/09/2020,LIT,AR,ASW,ES,Combined TRACON& Tower with Radar,44,16,28,0,88,0,11,37,0,48,44,27,65,0,136,20,0,20,156
08/10/2020,LIT,AR,ASW,ES,Combined TRACON& Tower with Radar,44,15,58,42,159,0,11,50,8,69,44,26,108,50,228,10,8,18,246
08/11/2020,LIT,AR,ASW,ES,Combined TRACON& Tower with Radar,44,25,53,16,138,0,4,18,2,24,44,29,71,18,162,2,0,2,164
08/12/2020,LIT,AR,ASW,ES,Combined TRACON& Tower with Radar,42,18,58,40,158,0,5,29,2,36,42,23,87,42,194,12,12,24,218
08/13/2020,LIT,AR,ASW,ES,Combined TRACON& Tower with Radar,50,28,66,60,204,0,5,36,9,50,50,33,102,69,254,2,22,24,278
08/14/2020,LIT,AR,ASW,ES,Combined TRACON& Tower with Radar,50,18,50,30,148,0,5,29,0,34,50,23,79,30,182,0,17,17,199
08/15/2020,LIT,AR,ASW,ES,Combined TRACON& Tower with Radar,40,14,31,4,89,0,4,46,2,52,40,18,77,6,141,2,0,2,143
08/16/2020,LIT,AR,ASW,ES,Combined TRACON& Tower with Radar,49,15,32,3,99,0,3,24,7,34,49,18,56,10,133,0,0,0,133
08/17/2020,LIT,AR,ASW,ES,Combined TRACON& Tower with Radar,47,20,35,21,123,0,8,36,4,48,47,28,71,25,171,0,32,32,203
08/18/2020,LIT,AR,ASW,ES,Combined TRACON& Tower with Radar,43,24,49,22,138,1,7,58,1,67,44,31,107,23,205,4,24,28,233
08/19/2020,LIT,AR,ASW,ES,Combined TRACON& Tower with Radar,40,19,44,51,154,0,0,33,17,50,40,19,77,68,204,2,18,20,224
08/20/2020,LIT,AR,ASW,ES,Combined TRACON& Tower with Radar,50,27,64,27,168,0,5,61,9,75,50,32,125,36,243,14,8,22,265
08/21/2020,LIT,AR,ASW,ES,Combined TRACON& Tower with Radar,50,25,67,28,170,0,1,42,2,45,50,26,109,30,215,2,28,30,245
08/22/2020,LIT,AR,ASW,ES,Combined TRACON& Tower with Radar,38,21,23,9,91,0,16,46,3,65,38,37,69,12,156,0,0,0,156
08/23/2020,LIT,AR,ASW,ES,Combined TRACON& Tower with Radar,44,10,29,1,84,0,6,46,0,52,44,16,75,1,136,0,0,0,136
08/24/2020,LIT,AR,ASW,ES,Combined TRACON& Tower with Radar,46,23,31,36,136,0,0,35,9,44,46,23,66,45,180,6,73,79,259
08/25/2020,LIT,AR,ASW,ES,Combined TRACON& Tower with Radar,42,32,53,88,215,0,0,49,14,63,42,32,102,102,278,0,14,14,292
08/26/2020,LIT,AR,ASW,ES,Combined TRACON& Tower with Radar,42,27,46,8,123,0,2,8,5,15,42,29,54,13,138,8,20,28,166
08/27/2020,LIT,AR,ASW,ES,Combined TRACON& Tower with Radar,48,10,17,2,77,0,0,2,0,2,48,10,19,2,79,0,0,0,79
08/28/2020,LIT,AR,ASW,ES,Combined TRACON& Tower with Radar,51,12,32,9,104,0,8,23,5,36,51,20,55,14,140,12,24,36,176
08/29/2020,LIT,AR,ASW,ES,Combined TRACON& Tower with Radar,37,24,30,2,93,0,5,24,1,30,37,29,54,3,123,0,0,0,123
08/30/2020,LIT,AR,ASW,ES,Combined TRACON& Tower with Radar,41,11,28,1,81,0,2,12,0,14,41,13,40,1,95,0,0,0,95
08/31/2020,LIT,AR,ASW,ES,Combined TRACON& Tower with Radar,44,17,44,11,116,0,7,13,4,24,44,24,57,15,140,0,30,30,170
09/01/2020,LIT,AR,ASW,ES,Combined TRACON& Tower with Radar,42,20,37,1,100,0,1,6,2,9,42,21,43,3,109,0,0,0,109
09/02/2020,LIT,AR,ASW,ES,Combined TRACON& Tower with Radar,41,28,34,4,107,0,2,0,3,5,41,30,34,7,112,0,16,16,128
09/03/2020,LIT,AR,ASW,ES,Combined TRACON& Tower with Radar,52,20,50,0,122,0,5,16,4,25,52,25,66,4,147,15,0,15,162
09/04/2020,LIT,AR,ASW,ES,Combined TRACON& Tower with Radar,53,20,63,0,136,0,2,34,1,37,53,22,97,1,173,13,0,13,186
09/05/2020,LIT,AR,ASW,ES,Combined TRACON& Tower with Radar,40,14,20,0,74,0,5,35,0,40,40,19,55,0,114,2,0,2,116
09/06/2020,LIT,AR,ASW,ES,Combined TRACON& Tower with Radar,33,11,23,0,67,0,9,45,0,54,33,20,68,0,121,6,0,6,127
09/07/2020,LIT,AR,ASW,ES,Combined TRACON& Tower with Radar,40,20,47,1,108,0,8,34,0,42,40,28,81,1,150,10,0,10,160
09/08/2020,LIT,AR,ASW,ES,Combined TRACON& Tower with Radar,41,22,60,38,161,0,7,42,8,57,41,29,102,46,218,34,16,50,268
09/09/2020,LIT,AR,ASW,ES,Combined TRACON& Tower with Radar,42,27,58,24,151,0,4,46,4,54,42,31,104,28,205,22,12,34,239
09/10/2020,LIT,AR,ASW,ES,Combined TRACON& Tower with Radar,45,26,76,40,187,0,3,41,4,48,45,29,117,44,235,4,8,12,247
09/11/2020,LIT,AR,ASW,ES,Combined TRACON& Tower with Radar,44,29,69,85,227,0,5,38,30,73,44,34,107,115,300,10,80,90,390
09/12/2020,LIT,AR,ASW,ES,Combined TRACON& Tower with Radar,37,17,47,42,143,0,6,28,3,37,37,23,75,45,180,0,26,26,206
09/13/2020,LIT,AR,ASW,ES,Combined TRACON& Tower with Radar,39,22,53,5,119,0,3,15,0,18,39,25,68,5,137,0,0,0,137
09/14/2020,LIT,AR,ASW,ES,Combined TRACON& Tower with Radar,38,19,42,73,172,0,3,34,6,43,38,22,76,79,215,0,30,30,245
09/15/2020,LIT,AR,ASW,ES,Combined TRACON& Tower with Radar,40,17,47,60,164,0,3,42,5,50,40,20,89,65,214,0,10,10,224
09/16/2020,LIT,AR,ASW,ES,Combined TRACON& Tower with Radar,44,22,68,48,182,0,0,18,4,22,44,22,86,52,204,0,14,14,218
09/17/2020,LIT,AR,ASW,ES,Combined TRACON& Tower with Radar,46,18,65,53,182,0,3,51,13,67,46,21,116,66,249,10,25,35,284
09/18/2020,LIT,AR,ASW,ES,Combined TRACON& Tower with Radar,48,19,67,12,146,0,4,43,0,47,48,23,110,12,193,0,0,0,193
09/19/2020,LIT,AR,ASW,ES,Combined TRACON& Tower with Radar,36,11,24,11,82,0,5,47,5,57,36,16,71,16,139,0,6,6,145
09/20/2020,LIT,AR,ASW,ES,Combined TRACON& Tower with Radar,38,15,47,2,102,0,1,54,0,55,38,16,101,2,157,0,2,2,159
09/21/2020,LIT,AR,ASW,ES,Combined TRACON& Tower with Radar,43,21,46,39,149,0,3,29,2,34,43,24,75,41,183,4,9,13,196
09/22/2020,LIT,AR,ASW,ES,Combined TRACON& Tower with Radar,44,24,66,2,136,0,0,1,0,1,44,24,67,2,137,0,0,0,137
09/23/2020,LIT,AR,ASW,ES,Combined TRACON& Tower with Radar,44,27,60,0,131,0,0,0,0,0,44,27,60,0,131,0,0,0,131
09/24/2020,LIT,AR,ASW,ES,Combined TRACON& Tower with Radar,43,20,84,13,160,0,3,5,1,9,43,23,89,14,169,0,0,0,169
09/25/2020,LIT,AR,ASW,ES,Combined TRACON& Tower with Radar,46,24,76,85,231,0,1,27,4,32,46,25,103,89,263,0,37,37,300
09/26/2020,LIT,AR,ASW,ES,Combined TRACON& Tower with Radar,36,13,29,40,118,0,4,26,0,30,36,17,55,40,148,0,29,29,177
09/27/2020,LIT,AR,ASW,ES,Combined TRACON& Tower with Radar,38,27,42,5,112,0,0,29,0,29,38,27,71,5,141,5,0,5,146
09/28/2020,LIT,AR,ASW,ES,Combined TRACON& Tower with Radar,38,12,49,38,137,0,5,31,3,39,38,17,80,41,176,2,12,14,190
09/29/2020,LIT,AR,ASW,ES,Combined TRACON& Tower with Radar,41,19,67,36,163,0,7,31,8,46,41,26,98,44,209,27,16,43,252
09/30/2020,LIT,AR,ASW,ES,Combined TRACON& Tower with Radar,42,24,77,25,168,0,2,64,10,76,42,26,141,35,244,2,34,36,280
10/01/2020,LIT,AR,ASW,ES,Combined TRACON& Tower with Radar,45,22,50,12,129,0,6,55,5,66,45,28,105,17,195,0,14,14,209
10/02/2020,LIT,AR,ASW,ES,Combined TRACON& Tower with Radar,50,20,39,3,112,0,4,59,1,64,50,24,98,4,176,0,0,0,176
10/03/2020,LIT,AR,ASW,ES,Combined TRACON& Tower with Radar,36,8,31,0,75,0,3,38,0,41,36,11,69,0,116,2,0,2,118
10/04/2020,LIT,AR,ASW,ES,Combined TRACON& Tower with Radar,40,10,40,3,93,0,5,39,2,46,40,15,79,5,139,4,0,4,143
10/05/2020,LIT,AR,ASW,ES,Combined TRACON& Tower with Radar,42,17,80,45,184,0,3,40,6,49,42,20,120,51,233,0,31,31,264
10/06/2020,LIT,AR,ASW,ES,Combined TRACON& Tower with Radar,42,21,49,27,139,0,3,54,8,65,42,24,103,35,204,8,6,14,218
10/07/2020,LIT,AR,ASW,ES,Combined TRACON& Tower with Radar,39,27,66,35,167,0,7,48,6,61,39,34,114,41,228,22,14,36,264
10/08/2020,LIT,AR,ASW,ES,Combined TRACON& Tower with Radar,50,16,62,80,208,0,6,30,0,36,50,22,92,80,244,2,14,16,260
10/09/2020,LIT,AR,ASW,ES,Combined TRACON& Tower with Radar,52,22,52,31,157,0,8,13,2,23,52,30,65,33,180,0,20,20,200
10/10/2020,LIT,AR,ASW,ES,Combined TRACON& Tower with Radar,38,13,21,5,77,0,3,3,0,6,38,16,24,5,83,0,0,0,83
10/11/2020,LIT,AR,ASW,ES,Combined TRACON& Tower with Radar,46,16,23,32,117,0,1,17,0,18,46,17,40,32,135,2,12,14,149
10/12/2020,LIT,AR,ASW,ES,Combined TRACON& Tower with Radar,48,14,58,0,120,0,2,19,0,21,48,16,77,0,141,0,0,0,141
10/13/2020,LIT,AR,ASW,ES,Combined TRACON& Tower with Radar,45,13,68,17,143,0,7,50,2,59,45,20,118,19,202,8,2,10,212
10/14/2020,LIT,AR,ASW,ES,Combined TRACON& Tower with Radar,40,15,66,35,156,0,3,36,4,43,40,18,102,39,199,0,28,28,227
10/15/2020,LIT,AR,ASW,ES,Combined TRACON& Tower with Radar,50,20,70,19,159,0,5,29,1,35,50,25,99,20,194,8,6,14,208
10/16/2020,LIT,AR,ASW,ES,Combined TRACON& Tower with Radar,52,18,57,27,154,0,11,48,13,72,52,29,105,40,226,6,0,6,232
10/17/2020,LIT,AR,ASW,ES,Combined TRACON& Tower with Radar,38,20,44,2,104,0,3,26,0,29,38,23,70,2,133,8,0,8,141
10/18/2020,LIT,AR,ASW,ES,Combined TRACON& Tower with Radar,46,11,48,2,107,0,2,16,1,19,46,13,64,3,126,10,0,10,136
10/19/2020,LIT,AR,ASW,ES,Combined TRACON& Tower with Radar,52,16,59,7,134,0,3,8,1,12,52,19,67,8,146,8,0,8,154
10/20/2020,LIT,AR,ASW,ES,Combined TRACON& Tower with Radar,46,19,45,48,158,0,4,24,2,30,46,23,69,50,188,4,14,18,206
10/21/2020,LIT,AR,ASW,ES,Combined TRACON& Tower with Radar,42,15,55,31,143,0,6,52,6,64,42,21,107,37,207,0,10,10,217
10/22/2020,LIT,AR,ASW,ES,Combined TRACON& Tower with Radar,52,12,83,43,190,0,5,43,17,65,52,17,126,60,255,0,48,48,303
10/23/2020,LIT,AR,ASW,ES,Combined TRACON& Tower with Radar,54,20,38,18,130,0,4,6,2,12,54,24,44,20,142,0,6,6,148
10/24/2020,LIT,AR,ASW,ES,Combined TRACON& Tower with Radar,36,17,33,1,87,0,3,4,1,8,36,20,37,2,95,0,0,0,95
10/25/2020,LIT,AR,ASW,ES,Combined TRACON& Tower with Radar,46,18,51,2,117,0,2,1,1,4,46,20,52,3,121,0,0,0,121
10/26/2020,LIT,AR,ASW,ES,Combined TRACON& Tower with Radar,44,13,51,15,123,0,0,1,0,1,44,13,52,15,124,0,0,0,124
10/27/2020,LIT,AR,ASW,ES,Combined TRACON& Tower with Radar,48,21,45,8,122,0,0,0,0,0,48,21,45,8,122,0,0,0,122
10/28/2020,LIT,AR,ASW,ES,Combined TRACON& Tower with Radar,38,17,22,9,86,0,0,0,0,0,38,17,22,9,86,0,0,0,86
10/29/2020,LIT,AR,ASW,ES,Combined TRACON& Tower with Radar,52,29,37,8,126,0,2,9,0,11,52,31,46,8,137,0,0,0,137
10/30/2020,LIT,AR,ASW,ES,Combined TRACON& Tower with Radar,51,20,62,55,188,0,17,61,15,93,51,37,123,70,281,12,26,38,319
10/31/2020,LIT,AR,ASW,ES,Combined TRACON& Tower with Radar,33,13,28,4,78,0,13,54,1,68,33,26,82,5,146,12,0,12,158
11/01/2020,LIT,AR,ASW,ES,Combined TRACON& Tower with Radar,40,22,57,13,132,0,5,30,4,39,40,27,87,17,171,17,4,21,192
11/02/2020,LIT,AR,ASW,ES,Combined TRACON& Tower with Radar,44,23,43,21,131,0,7,50,2,59,44,30,93,23,190,12,2,14,204
11/03/2020,LIT,AR,ASW,ES,Combined TRACON& Tower with Radar,44,27,46,20,137,0,1,35,0,36,44,28,81,20,173,22,0,22,195
11/04/2020,LIT,AR,ASW,ES,Combined TRACON& Tower with Radar,41,30,52,23,146,0,0,50,9,59,41,30,102,32,205,0,0,0,205
11/05/2020,LIT,AR,ASW,ES,Combined TRACON& Tower with Radar,52,23,65,20,160,0,5,61,0,66,52,28,126,20,226,6,24,30,256
11/06/2020,LIT,AR,ASW,ES,Combined TRACON& Tower with Radar,50,30,55,38,173,0,4,51,8,63,50,34,106,46,236,6,16,22,258
11/07/2020,LIT,AR,ASW,ES,Combined TRACON& Tower with Radar,38,19,47,29,133,0,9,52,4,65,38,28,99,33,198,12,4,16,214
11/08/2020,LIT,AR,ASW,ES,Combined TRACON& Tower with Radar,49,30,39,15,133,0,5,16,1,22,49,35,55,16,155,0,0,0,155
11/09/2020,LIT,AR,ASW,ES,Combined TRACON& Tower with Radar,45,20,55,17,137,0,4,14,0,18,45,24,69,17,155,2,0,2,157
11/10/2020,LIT,AR,ASW,ES,Combined TRACON& Tower with Radar,40,33,66,43,182,0,9,28,4,41,40,42,94,47,223,0,0,0,223
11/11/2020,LIT,AR,ASW,ES,Combined TRACON& Tower with Radar,46,15,64,9,134,0,2,59,4,65,46,17,123,13,199,6,0,6,205
11/12/2020,LIT,AR,ASW,ES,Combined TRACON& Tower with Radar,52,24,74,33,183,0,2,37,5,44,52,26,111,38,227,16,2,18,245
11/13/2020,LIT,AR,ASW,ES,Combined TRACON& Tower with Radar,52,21,55,54,182,0,8,35,9,52,52,29,90,63,234,0,8,8,242
11/14/2020,LIT,AR,ASW,ES,Combined TRACON& Tower with Radar,40,13,33,2,88,0,4,18,1,23,40,17,51,3,111,11,0,11,122
11/15/2020,LIT,AR,ASW,ES,Combined TRACON& Tower with Radar,50,14,38,4,106,0,7,33,0,40,50,21,71,4,146,0,0,0,146
11/16/2020,LIT,AR,ASW,ES,Combined TRACON& Tower with Radar,44,31,46,23,144,0,8,45,1,54,44,39,91,24,198,4,4,8,206
11/17/2020,LIT,AR,ASW,ES,Combined TRACON& Tower with Radar,40,32,62,29,163,0,7,53,3,63,40,39,115,32,226,4,6,10,236
11/18/2020,LIT,AR,ASW,ES,Combined TRACON& Tower with Radar,42,15,57,28,142,0,3,51,7,61,42,18,108,35,203,2,40,42,245
11/19/2020,LIT,AR,ASW,ES,Combined TRACON& Tower with Radar,52,30,54,18,154,0,7,59,1,67,52,37,113,19,221,0,0,0,221
11/20/2020,LIT,AR,ASW,ES,Combined TRACON& Tower with Radar,51,25,51,16,143,0,2,12,0,14,51,27,63,16,157,0,0,0,157
11/21/2020,LIT,AR,ASW,ES,Combined TRACON& Tower with Radar,49,26,58,19,152,0,2,36,2,40,49,28,94,21,192,4,3,7,199
11/22/2020,LIT,AR,ASW,ES,Combined TRACON& Tower with Radar,51,14,38,6,109,0,4,2,0,6,51,18,40,6,115,0,0,0,115
11/23/2020,LIT,AR,ASW,ES,Combined TRACON& Tower with Radar,42,27,59,17,145,0,2,58,5,65,42,29,117,22,210,36,8,44,254
11/24/2020,LIT,AR,ASW,ES,Combined TRACON& Tower with Radar,62,23,57,35,177,0,11,31,3,45,62,34,88,38,222,0,0,0,222
11/25/2020,LIT,AR,ASW,ES,Combined TRACON& Tower with Radar,63,17,56,8,144,0,7,20,0,27,63,24,76,8,171,2,0,2,173
11/26/2020,LIT,AR,ASW,ES,Combined TRACON& Tower with Radar,26,9,13,0,48,0,4,5,0,9,26,13,18,0,57,0,0,0,57
11/27/2020,LIT,AR,ASW,ES,Combined TRACON& Tower with Radar,38,23,39,0,100,0,3,14,0,17,38,26,53,0,117,0,0,0,117
11/28/2020,LIT,AR,ASW,ES,Combined TRACON& Tower with Radar,51,23,31,0,105,0,7,36,0,43,51,30,67,0,148,20,0,20,168
11/29/2020,LIT,AR,ASW,ES,Combined TRACON& Tower with Radar,52,18,49,0,119,0,4,5,0,9,52,22,54,0,128,0,0,0,128
11/30/2020,LIT,AR,ASW,ES,Combined TRACON& Tower with Radar,55,27,42,18,142,0,3,12,3,18,55,30,54,21,160,0,4,4,164
12/01/2020,LIT,AR,ASW,ES,Combined TRACON& Tower with Radar,50,28,61,29,168,0,5,72,3,80,50,33,133,32,248,26,6,32,280
12/02/2020,LIT,AR,ASW,ES,Combined TRACON& Tower with Radar,45,25,29,24,123,0,9,22,4,35,45,34,51,28,158,6,8,14,172
12/03/2020,LIT,AR,ASW,ES,Combined TRACON& Tower with Radar,54,21,45,0,120,0,0,1,0,1,54,21,46,0,121,0,0,0,121
12/04/2020,LIT,AR,ASW,ES,Combined TRACON& Tower with Radar,53,14,42,30,139,0,2,34,4,40,53,16,76,34,179,0,0,0,179
12/05/2020,LIT,AR,ASW,ES,Combined TRACON& Tower with Radar,41,16,25,9,91,0,8,39,15,62,41,24,64,24,153,12,22,34,187
12/06/2020,LIT,AR,ASW,ES,Combined TRACON& Tower with Radar,48,10,31,10,99,0,7,22,1,30,48,17,53,11,129,0,0,0,129
12/07/2020,LIT,AR,ASW,ES,Combined TRACON& Tower with Radar,47,23,41,19,130,0,4,45,2,51,47,27,86,21,181,0,4,4,185
12/08/2020,LIT,AR,ASW,ES,Combined TRACON& Tower with Radar,44,22,55,55,176,0,9,57,8,74,44,31,112,63,250,24,12,36,286
12/09/2020,LIT,AR,ASW,ES,Combined TRACON& Tower with Radar,44,29,45,22,140,0,7,38,9,54,44,36,83,31,194,0,6,6,200
12/10/2020,LIT,AR,ASW,ES,Combined TRACON& Tower with Radar,53,22,61,45,181,0,5,50,7,62,53,27,111,52,243,10,24,34,277
12/11/2020,LIT,AR,ASW,ES,Combined TRACON& Tower with Radar,54,18,39,15,126,0,2,11,4,17,54,20,50,19,143,18,0,18,161
12/12/2020,LIT,AR,ASW,ES,Combined TRACON& Tower with Radar,40,15,40,0,95,0,3,32,2,37,40,18,72,2,132,8,0,8,140
12/13/2020,LIT,AR,ASW,ES,Combined TRACON& Tower with Radar,48,12,19,0,79,0,1,3,0,4,48,13,22,0,83,0,0,0,83
12/14/2020,LIT,AR,ASW,ES,Combined TRACON& Tower with Radar,49,26,42,83,200,0,3,24,11,38,49,29,66,94,238,2,28,30,268
12/15/2020,LIT,AR,ASW,ES,Combined TRACON& Tower with Radar,42,22,49,12,125,0,1,3,0,4,42,23,52,12,129,4,0,4,133
12/16/2020,LIT,AR,ASW,ES,Combined TRACON& Tower with Radar,45,38,46,75,204,0,6,8,8,22,45,44,54,83,226,16,36,52,278
12/17/2020,LIT,AR,ASW,ES,Combined TRACON& Tower with Radar,60,25,58,47,190,0,9,79,3,91,60,34,137,50,281,12,20,32,313
12/18/2020,LIT,AR,ASW,ES,Combined TRACON& Tower with Radar,58,16,58,40,172,0,12,66,2,80,58,28,124,42,252,10,14,24,276
12/19/2020,LIT,AR,ASW,ES,Combined TRACON& Tower with Radar,57,28,18,0,103,0,3,0,0,3,57,31,18,0,106,0,0,0,106
12/20/2020,LIT,AR,ASW,ES,Combined TRACON& Tower with Radar,56,22,54,8,140,0,2,13,0,15,56,24,67,8,155,0,0,0,155
12/21/2020,LIT,AR,ASW,ES,Combined TRACON& Tower with Radar,59,18,36,21,134,0,2,66,2,70,59,20,102,23,204,2,4,6,210
12/22/2020,LIT,AR,ASW,ES,Combined TRACON& Tower with Radar,56,18,44,7,125,0,9,87,1,97,56,27,131,8,222,8,0,8,230
12/23/2020,LIT,AR,ASW,ES,Combined TRACON& Tower with Radar,63,19,28,4,114,0,6,7,0,13,63,25,35,4,127,0,0,0,127
12/24/2020,LIT,AR,ASW,ES,Combined TRACON& Tower with Radar,45,16,12,0,73,0,3,24,0,27,45,19,36,0,100,0,0,0,100
12/25/2020,LIT,AR,ASW,ES,Combined TRACON& Tower with Radar,30,10,15,0,55,0,4,21,0,25,30,14,36,0,80,0,0,0,80
12/26/2020,LIT,AR,ASW,ES,Combined TRACON& Tower with Radar,52,19,41,0,112,0,1,43,0,44,52,20,84,0,156,0,0,0,156
12/27/2020,LIT,AR,ASW,ES,Combined TRACON& Tower with Radar,53,11,47,0,111,0,4,18,0,22,53,15,65,0,133,12,0,12,145
12/28/2020,LIT,AR,ASW,ES,Combined TRACON& Tower with Radar,53,18,36,5,112,0,2,54,1,57,53,20,90,6,169,2,0,2,171
12/29/2020,LIT,AR,ASW,ES,Combined TRACON& Tower with Radar,57,27,38,14,136,0,1,6,0,7,57,28,44,14,143,0,4,4,147
12/30/2020,LIT,AR,ASW,ES,Combined TRACON& Tower with Radar,55,18,35,0,108,0,3,0,0,3,55,21,35,0,111,0,0,0,111
12/31/2020,LIT,AR,ASW,ES,Combined TRACON& Tower with Radar,46,15,13,0,74,0,0,0,0,0,46,15,13,0,74,0,0,0,74
01/01/2021,LIT,AR,ASW,ES,Combined TRACON& Tower with Radar,41,16,23,0,80,0,2,1,0,3,41,18,24,0,83,0,0,0,83
01/02/2021,LIT,AR,ASW,ES,Combined TRACON& Tower with Radar,53,18,13,0,84,0,0,2,0,2,53,18,15,0,86,0,0,0,86
01/03/2021,LIT,AR,ASW,ES,Combined TRACON& Tower with Radar,53,17,48,1,119,0,2,60,1,63,53,19,108,2,182,8,6,14,196
01/04/2021,LIT,AR,ASW,ES,Combined TRACON& Tower with Radar,53,18,43,6,120,0,3,41,1,45,53,21,84,7,165,18,0,18,183
01/05/2021,LIT,AR,ASW,ES,Combined TRACON& Tower with Radar,44,22,33,11,110,0,5,53,1,59,44,27,86,12,169,4,14,18,187
01/06/2021,LIT,AR,ASW,ES,Combined TRACON& Tower with Radar,47,14,38,13,112,0,6,20,3,29,47,20,58,16,141,0,25,25,166
01/07/2021,LIT,AR,ASW,ES,Combined TRACON& Tower with Radar,56,19,46,58,179,0,3,6,2,11,56,22,52,60,190,0,26,26,216
01/08/2021,LIT,AR,ASW,ES,Combined TRACON& Tower with Radar,58,21,39,43,161,0,6,21,4,31,58,27,60,47,192,6,25,31,223
01/09/2021,LIT,AR,ASW,ES,Combined TRACON& Tower with Radar,40,19,16,26,101,0,6,25,5,36,40,25,41,31,137,10,12,22,159
01/10/2021,LIT,AR,ASW,ES,Combined TRACON& Tower with Radar,42,22,33,11,108,0,4,10,3,17,42,26,43,14,125,6,0,6,131
01/11/2021,LIT,AR,ASW,ES,Combined TRACON& Tower with Radar,49,15,41,12,117,0,5,27,2,34,49,20,68,14,151,6,12,18,169
01/12/2021,LIT,AR,ASW,ES,Combined TRACON& Tower with Radar,44,18,53,40,155,0,1,44,0,45,44,19,97,40,200,26,8,34,234
01/13/2021,LIT,AR,ASW,ES,Combined TRACON& Tower with Radar,47,18,51,14,130,0,3,23,0,26,47,21,74,14,156,6,0,6,162
01/14/2021,LIT,AR,ASW,ES,Combined TRACON& Tower with Radar,56,14,60,36,166,0,5,28,1,34,56,19,88,37,200,11,4,15,215
01/15/2021,LIT,AR,ASW,ES,Combined TRACON& Tower with Radar,56,16,45,12,129,0,1,9,2,12,56,17,54,14,141,0,6,6,147
01/16/2021,LIT,AR,ASW,ES,Combined TRACON& Tower with Radar,38,19,21,6,84,0,8,33,1,42,38,27,54,7,126,10,0,10,136
01/17/2021,LIT,AR,ASW,ES,Combined TRACON& Tower with Radar,50,20,25,3,98,0,7,23,4,34,50,27,48,7,132,2,4,6,138
01/18/2021,LIT,AR,ASW,ES,Combined TRACON& Tower with Radar,47,14,45,4,110,0,6,43,1,50,47,20,88,5,160,0,0,0,160
01/19/2021,LIT,AR,ASW,ES,Combined TRACON& Tower with Radar,46,20,43,28,137,0,4,26,1,31,46,24,69,29,168,12,0,12,180
01/20/2021,LIT,AR,ASW,ES,Combined TRACON& Tower with Radar,49,27,48,52,176,0,3,25,1,29,49,30,73,53,205,10,0,10,215
01/21/2021,LIT,AR,ASW,ES,Combined TRACON& Tower with Radar,56,23,66,20,165,0,1,5,4,10,56,24,71,24,175,2,12,14,189
01/22/2021,LIT,AR,ASW,ES,Combined TRACON& Tower with Radar,56,17,52,91,216,0,8,45,6,59,56,25,97,97,275,4,70,74,349
01/23/2021,LIT,AR,ASW,ES,Combined TRACON& Tower with Radar,40,17,34,24,115,0,8,42,2,52,40,25,76,26,167,10,0,10,177
01/24/2021,LIT,AR,ASW,ES,Combined TRACON& Tower with Radar,54,23,15,5,97,0,2,0,0,2,54,25,15,5,99,0,0,0,99
01/25/2021,LIT,AR,ASW,ES,Combined TRACON& Tower with Radar,49,24,53,26,152,0,2,7,0,9,49,26,60,26,161,0,0,0,161
01/26/2021,LIT,AR,ASW,ES,Combined TRACON& Tower with Radar,44,23,55,96,218,0,2,45,5,52,44,25,100,101,270,16,24,40,310
01/27/2021,LIT,AR,ASW,ES,Combined TRACON& Tower with Radar,47,19,59,21,146,0,4,4,0,8,47,23,63,21,154,2,0,2,156
01/28/2021,LIT,AR,ASW,ES,Combined TRACON& Tower with Radar,54,20,54,50,178,0,7,39,2,48,54,27,93,52,226,12,6,18,244
01/29/2021,LIT,AR,ASW,ES,Combined TRACON& Tower with Radar,55,23,71,36,185,0,5,51,4,60,55,28,122,40,245,10,34,44,289
01/30/2021,LIT,AR,ASW,ES,Combined TRACON& Tower with Radar,36,22,13,0,71,0,2,0,0,2,36,24,13,0,73,0,0,0,73
01/31/2021,LIT,AR,ASW,ES,Combined TRACON& Tower with Radar,51,17,32,0,100,0,4,2,1,7,51,21,34,1,107,0,0,0,107
02/01/2021,LIT,AR,ASW,ES,Combined TRACON& Tower with Radar,51,12,36,50,149,0,2,30,4,36,51,14,66,54,185,20,26,46,231
02/02/2021,LIT,AR,ASW,ES,Combined TRACON& Tower with Radar,46,24,47,35,152,0,0,33,1,34,46,24,80,36,186,2,7,9,195
02/03/2021,LIT,AR,ASW,ES,Combined TRACON& Tower with Radar,49,24,82,30,185,0,1,46,1,48,49,25,128,31,233,0,6,6,239
02/04/2021,LIT,AR,ASW,ES,Combined TRACON& Tower with Radar,58,17,52,7,134,0,2,9,0,11,58,19,61,7,145,0,0,0,145
02/05/2021,LIT,AR,ASW,ES,Combined TRACON& Tower with Radar,58,23,50,107,238,0,1,50,3,54,58,24,100,110,292,2,24,26,318
02/06/2021,LIT,AR,ASW,ES,Combined TRACON& Tower with Radar,38,17,28,23,106,0,2,20,1,23,38,19,48,24,129,6,2,8,137
02/07/2021,LIT,AR,ASW,ES,Combined TRACON& Tower with Radar,50,14,30,0,94,0,2,0,0,2,50,16,30,0,96,0,0,0,96
02/08/2021,LIT,AR,ASW,ES,Combined TRACON& Tower with Radar,53,24,47,45,169,0,0,0,0,0,53,24,47,45,169,0,0,0,169
02/09/2021,LIT,AR,ASW,ES,Combined TRACON& Tower with Radar,46,29,40,18,133,0,0,0,0,0,46,29,40,18,133,0,0,0,133
02/10/2021,LIT,AR,ASW,ES,Combined TRACON& Tower with Radar,43,20,40,0,103,0,0,0,0,0,43,20,40,0,103,0,0,0,103
02/11/2021,LIT,AR,ASW,ES,Combined TRACON& Tower with Radar,54,16,28,0,98,0,0,0,0,0,54,16,28,0,98,0,0,0,98
02/12/2021,LIT,AR,ASW,ES,Combined TRACON& Tower with Radar,51,28,69,0,148,0,3,4,0,7,51,31,73,0,155,0,0,0,155
02/13/2021,LIT,AR,ASW,ES,Combined TRACON& Tower with Radar,42,20,24,2,88,0,2,7,2,11,42,22,31,4,99,0,0,0,99
02/14/2021,LIT,AR,ASW,ES,Combined TRACON& Tower with Radar,20,12,18,0,50,0,0,2,0,2,20,12,20,0,52,0,0,0,52
02/15/2021,LIT,AR,ASW,ES,Combined TRACON& Tower with Radar,8,3,1,0,12,0,2,0,0,2,8,5,1,0,14,0,0,0,14
02/16/2021,LIT,AR,ASW,ES,Combined TRACON& Tower with Radar,28,23,29,0,80,0,7,7,4,18,28,30,36,4,98,0,0,0,98
02/17/2021,LIT,AR,ASW,ES,Combined TRACON& Tower with Radar,1,0,2,0,3,0,0,0,0,0,1,0,2,0,3,0,0,0,3
02/18/2021,LIT,AR,ASW,ES,Combined TRACON& Tower with Radar,23,14,15,0,52,0,8,3,0,11,23,22,18,0,63,4,0,4,67
02/19/2021,LIT,AR,ASW,ES,Combined TRACON& Tower with Radar,41,17,35,3,96,0,10,13,0,23,41,27,48,3,119,0,0,0,119
02/20/2021,LIT,AR,ASW,ES,Combined TRACON& Tower with Radar,38,41,48,1,128,0,6,19,0,25,38,47,67,1,153,4,0,4,157
02/21/2021,LIT,AR,ASW,ES,Combined TRACON& Tower with Radar,51,21,32,2,106,0,6,8,0,14,51,27,40,2,120,0,0,0,120
02/22/2021,LIT,AR,ASW,ES,Combined TRACON& Tower with Radar,47,20,38,58,163,0,8,54,9,71,47,28,92,67,234,14,7,21,255
02/23/2021,LIT,AR,ASW,ES,Combined TRACON& Tower with Radar,50,24,63,37,174,0,5,52,11,68,50,29,115,48,242,20,24,44,286
02/24/2021,LIT,AR,ASW,ES,Combined TRACON& Tower with Radar,49,23,61,33,166,0,0,31,5,36,49,23,92,38,202,8,20,28,230
02/25/2021,LIT,AR,ASW,ES,Combined TRACON& Tower with Radar,54,23,66,29,172,0,6,39,3,48,54,29,105,32,220,0,14,14,234
02/26/2021,LIT,AR,ASW,ES,Combined TRACON& Tower with Radar,53,25,41,2,121,0,0,0,0,0,53,25,41,2,121,0,0,0,121
02/27/2021,LIT,AR,ASW,ES,Combined TRACON& Tower with Radar,37,21,22,1,81,0,0,0,0,0,37,21,22,1,81,0,0,0,81
02/28/2021,LIT,AR,ASW,ES,Combined TRACON& Tower with Radar,49,16,27,0,92,0,0,0,0,0,49,16,27,0,92,0,0,0,92
03/01/2021,LIT,AR,ASW,ES,Combined TRACON& Tower with Radar,52,26,59,16,153,0,5,30,5,40,52,31,89,21,193,14,7,21,214
03/02/2021,LIT,AR,ASW,ES,Combined TRACON& Tower with Radar,45,32,76,33,186,0,4,26,4,34,45,36,102,37,220,10,26,36,256
03/03/2021,LIT,AR,ASW,ES,Combined TRACON& Tower with Radar,46,25,79,26,176,0,9,67,1,77,46,34,146,27,253,66,2,68,321
03/04/2021,LIT,AR,ASW,ES,Combined TRACON& Tower with Radar,60,30,56,7,153,0,9,54,5,68,60,39,110,12,221,42,7,49,270
03/05/2021,LIT,AR,ASW,ES,Combined TRACON& Tower with Radar,56,23,61,26,166,0,4,21,5,30,56,27,82,31,196,6,6,12,208
03/06/2021,LIT,AR,ASW,ES,Combined TRACON& Tower with Radar,41,18,34,0,93,0,14,46,0,60,41,32,80,0,153,0,0,0,153
03/07/2021,LIT,AR,ASW,ES,Combined TRACON& Tower with Radar,55,22,43,2,122,0,1,43,1,45,55,23,86,3,167,6,0,6,173
03/08/2021,LIT,AR,ASW,ES,Combined TRACON& Tower with Radar,49,28,65,36,178,0,3,45,9,57,49,31,110,45,235,6,28,34,269
03/09/2021,LIT,AR,ASW,ES,Combined TRACON& Tower with Radar,49,20,62,21,152,0,6,29,6,41,49,26,91,27,193,10,6,16,209
03/10/2021,LIT,AR,ASW,ES,Combined TRACON& Tower with Radar,55,21,70,19,165,0,2,14,0,16,55,23,84,19,181,4,0,4,185
03/11/2021,LIT,AR,ASW,ES,Combined TRACON& Tower with Radar,62,33,74,13,182,0,5,16,2,23,62,38,90,15,205,0,6,6,211
03/12/2021,LIT,AR,ASW,ES,Combined TRACON& Tower with Radar,54,26,61,39,180,0,4,15,3,22,54,30,76,42,202,2,14,16,218
03/13/2021,LIT,AR,ASW,ES,Combined TRACON& Tower with Radar,48,16,21,0,85,0,3,3,0,6,48,19,24,0,91,0,0,0,91
03/14/2021,LIT,AR,ASW,ES,Combined TRACON& Tower with Radar,57,15,33,0,105,0,2,2,0,4,57,17,35,0,109,0,0,0,109
03/15/2021,LIT,AR,ASW,ES,Combined TRACON& Tower with Radar,52,24,49,19,144,0,6,40,4,50,52,30,89,23,194,36,29,65,259
03/16/2021,LIT,AR,ASW,ES,Combined TRACON& Tower with Radar,51,28,67,17,163,0,3,55,1,59,51,31,122,18,222,12,2,14,236
03/17/2021,LIT,AR,ASW,ES,Combined TRACON& Tower with Radar,54,21,22,16,113,0,2,0,0,2,54,23,22,16,115,0,16,16,131
03/18/2021,LIT,AR,ASW,ES,Combined TRACON& Tower with Radar,63,30,72,4,169,0,0,3,2,5,63,30,75,6,174,0,0,0,174
03/19/2021,LIT,AR,ASW,ES,Combined TRACON& Tower with Radar,61,26,67,84,238,0,8,51,2,61,61,34,118,86,299,10,2,12,311
03/20/2021,LIT,AR,ASW,ES,Combined TRACON& Tower with Radar,54,21,52,34,161,0,4,42,1,47,54,25,94,35,208,0,0,0,208
03/21/2021,LIT,AR,ASW,ES,Combined TRACON& Tower with Radar,58,20,44,10,132,0,2,32,6,40,58,22,76,16,172,0,2,2,174
03/22/2021,LIT,AR,ASW,ES,Combined TRACON& Tower with Radar,48,21,45,30,144,0,3,39,0,42,48,24,84,30,186,4,8,12,198
03/23/2021,LIT,AR,ASW,ES,Combined TRACON& Tower with Radar,48,35,55,38,176,0,4,18,1,23,48,39,73,39,199,0,8,8,207
03/24/2021,LIT,AR,ASW,ES,Combined TRACON& Tower with Radar,53,18,80,70,221,0,2,70,6,78,53,20,150,76,299,18,6,24,323
03/25/2021,LIT,AR,ASW,ES,Combined TRACON& Tower with Radar,60,26,40,2,128,0,2,3,0,5,60,28,43,2,133,4,0,4,137
03/26/2021,LIT,AR,ASW,ES,Combined TRACON& Tower with Radar,55,31,50,31,167,0,1,50,7,58,55,32,100,38,225,22,6,28,253
03/27/2021,LIT,AR,ASW,ES,Combined TRACON& Tower with Radar,52,28,49,3,132,0,2,2,0,4,52,30,51,3,136,0,0,0,136
03/28/2021,LIT,AR,ASW,ES,Combined TRACON& Tower with Radar,57,30,63,12,162,0,9,25,1,35,57,39,88,13,197,23,0,23,220
03/29/2021,LIT,AR,ASW,ES,Combined TRACON& Tower with Radar,52,13,56,84,205,0,10,48,11,69,52,23,104,95,274,33,85,118,392
03/30/2021,LIT,AR,ASW,ES,Combined TRACON& Tower with Radar,50,34,78,18,180,0,1,6,0,7,50,35,84,18,187,0,0,0,187
03/31/2021,LIT,AR,ASW,ES,Combined TRACON& Tower with Radar,54,22,70,47,193,0,2,19,1,22,54,24,89,48,215,0,0,0,215
04/01/2021,LIT,AR,ASW,ES,Combined TRACON& Tower with Radar,62,30,77,81,250,0,1,61,17,79,62,31,138,98,329,6,22,28,357
04/02/2021,LIT,AR,ASW,ES,Combined TRACON& Tower with Radar,59,26,62,34,181,0,2,38,4,44,59,28,100,38,225,0,46,46,271
04/03/2021,LIT,AR,ASW,ES,Combined TRACON& Tower with Radar,56,21,36,0,113,0,7,47,3,57,56,28,83,3,170,2,0,2,172
04/04/2021,LIT,AR,ASW,ES,Combined TRACON& Tower with Radar,62,29,19,0,110,0,3,26,0,29,62,32,45,0,139,6,0,6,145
04/05/2021,LIT,AR,ASW,ES,Combined TRACON& Tower with Radar,56,14,68,67,205,0,6,37,2,45,56,20,105,69,250,8,18,26,276
04/06/2021,LIT,AR,ASW,ES,Combined TRACON& Tower with Radar,55,22,69,31,177,0,5,40,1,46,55,27,109,32,223,0,8,8,231
04/07/2021,LIT,AR,ASW,ES,Combined TRACON& Tower with Radar,56,26,68,2,152,0,3,3,0,6,56,29,71,2,158,0,0,0,158
04/08/2021,LIT,AR,ASW,ES,Combined TRACON& Tower with Radar,67,26,53,39,185,0,2,48,4,54,67,28,101,43,239,2,14,16,255
04/09/2021,LIT,AR,ASW,ES,Combined TRACON& Tower with Radar,62,29,50,29,170,0,3,23,6,32,62,32,73,35,202,0,41,41,243
04/10/2021,LIT,AR,ASW,ES,Combined TRACON& Tower with Radar,56,15,23,6,100,0,4,27,0,31,56,19,50,6,131,0,0,0,131
04/11/2021,LIT,AR,ASW,ES,Combined TRACON& Tower with Radar,60,22,41,39,162,0,10,28,6,44,60,32,69,45,206,0,4,4,210
04/12/2021,LIT,AR,ASW,ES,Combined TRACON& Tower with Radar,59,17,65,70,211,0,2,35,10,47,59,19,100,80,258,28,58,86,344
04/13/2021,LIT,AR,ASW,ES,Combined TRACON& Tower with Radar,57,25,78,75,235,0,1,29,6,36,57,26,107,81,271,5,30,35,306
04/14/2021,LIT,AR,ASW,ES,Combined TRACON& Tower with Radar,54,43,43,74,214,0,3,11,0,14,54,46,54,74,228,0,14,14,242
04/15/2021,LIT,AR,ASW,ES,Combined TRACON& Tower with Radar,65,39,68,47,219,0,3,51,7,61,65,42,119,54,280,26,30,56,336
04/16/2021,LIT,AR,ASW,ES,Combined TRACON& Tower with Radar,62,27,49,80,218,0,2,5,7,14,62,29,54,87,232,0,50,50,282
04/17/2021,LIT,AR,ASW,ES,Combined TRACON& Tower with Radar,52,21,28,69,170,0,4,23,4,31,52,25,51,73,201,0,32,32,233
04/18/2021,LIT,AR,ASW,ES,Combined TRACON& Tower with Radar,59,16,51,16,142,0,3,40,2,45,59,19,91,18,187,0,0,0,187
04/19/2021,LIT,AR,ASW,ES,Combined TRACON& Tower with Radar,57,20,60,60,197,0,4,58,4,66,57,24,118,64,263,0,8,8,271
04/20/2021,LIT,AR,ASW,ES,Combined TRACON& Tower with Radar,53,25,46,62,186,0,2,17,3,22,53,27,63,65,208,3,21,24,232
04/21/2021,LIT,AR,ASW,ES,Combined TRACON& Tower with Radar,54,28,58,73,213,0,8,94,19,121,54,36,152,92,334,27,72,99,433
04/22/2021,LIT,AR,ASW,ES,Combined TRACON& Tower with Radar,69,38,85,34,226,0,5,55,5,65,69,43,140,39,291,2,18,20,311
04/23/2021,LIT,AR,ASW,ES,Combined TRACON& Tower with Radar,58,22,51,9,140,0,4,17,2,23,58,26,68,11,163,26,8,34,197
04/24/2021,LIT,AR,ASW,ES,Combined TRACON& Tower with Radar,54,18,25,0,97,0,4,15,0,19,54,22,40,0,116,0,0,0,116
04/25/2021,LIT,AR,ASW,ES,Combined TRACON& Tower with Radar,65,18,46,0,129,0,9,43,2,54,65,27,89,2,183,0,0,0,183
04/26/2021,LIT,AR,ASW,ES,Combined TRACON& Tower with Radar,58,18,44,41,161,0,6,63,7,76,58,24,107,48,237,22,30,52,289
04/27/2021,LIT,AR,ASW,ES,Combined TRACON& Tower with Radar,54,24,80,11,169,0,3,20,1,24,54,27,100,12,193,0,0,0,193
04/28/2021,LIT,AR,ASW,ES,Combined TRACON& Tower with Radar,54,23,36,3,116,0,4,13,1,18,54,27,49,4,134,0,16,16,150
04/29/2021,LIT,AR,ASW,ES,Combined TRACON& Tower with Radar,64,31,31,6,132,0,1,6,0,7,64,32,37,6,139,4,0,4,143
04/30/2021,LIT,AR,ASW,ES,Combined TRACON& Tower with Radar,61,20,55,84,220,0,10,46,11,67,61,30,101,95,287,18,41,59,346
05/01/2021,LIT,AR,ASW,ES,Combined TRACON& Tower with Radar,54,20,31,11,116,0,1,32,2,35,54,21,63,13,151,0,0,0,151
05/02/2021,LIT,AR,ASW,ES,Combined TRACON& Tower with Radar,61,13,27,2,103,0,2,3,3,8,61,15,30,5,111,0,10,10,121
05/03/2021,LIT,AR,ASW,ES,Combined TRACON& Tower with Radar,54,17,59,29,159,0,3,13,0,16,54,20,72,29,175,6,10,16,191
05/04/2021,LIT,AR,ASW,ES,Combined TRACON& Tower with Radar,55,26,57,31,169,0,5,13,4,22,55,31,70,35,191,16,19,35,226
05/05/2021,LIT,AR,ASW,ES,Combined TRACON& Tower with Radar,59,39,61,31,190,0,3,88,9,100,59,42,149,40,290,0,24,24,314
05/06/2021,LIT,AR,ASW,ES,Combined TRACON& Tower with Radar,71,23,78,45,217,0,2,41,12,55,71,25,119,57,272,10,9,19,291
05/07/2021,LIT,AR,ASW,ES,Combined TRACON& Tower with Radar,61,29,84,44,218,0,3,42,8,53,61,32,126,52,271,2,51,53,324
05/08/2021,LIT,AR,ASW,ES,Combined TRACON& Tower with Radar,53,15,29,2,99,0,8,33,0,41,53,23,62,2,140,0,0,0,140
05/09/2021,LIT,AR,ASW,ES,Combined TRACON& Tower with Radar,62,26,19,0,107,0,9,12,0,21,62,35,31,0,128,0,0,0,128
05/10/2021,LIT,AR,ASW,ES,Combined TRACON& Tower with Radar,59,29,63,71,222,0,2,12,3,17,59,31,75,74,239,4,20,24,263
05/11/2021,LIT,AR,ASW,ES,Combined TRACON& Tower with Radar,63,34,64,29,190,0,0,8,0,8,63,34,72,29,198,0,7,7,205
05/12/2021,LIT,AR,ASW,ES,Combined TRACON& Tower with Radar,61,29,112,59,261,0,5,59,10,74,61,34,171,69,335,10,19,29,364
05/13/2021,LIT,AR,ASW,ES,Combined TRACON& Tower with Radar,68,30,102,48,248,0,5,75,6,86,68,35,177,54,334,10,25,35,369
05/14/2021,LIT,AR,ASW,ES,Combined TRACON& Tower with Radar,62,27,53,91,233,0,2,53,13,68,62,29,106,104,301,4,52,56,357
05/15/2021,LIT,AR,ASW,ES,Combined TRACON& Tower with Radar,53,18,39,33,143,0,4,40,12,56,53,22,79,45,199,0,38,38,237
05/16/2021,LIT,AR,ASW,ES,Combined TRACON& Tower with Radar,67,31,58,29,185,0,3,23,2,28,67,34,81,31,213,0,0,0,213
05/17/2021,LIT,AR,ASW,ES,Combined TRACON& Tower with Radar,58,17,61,15,151,0,3,8,2,13,58,20,69,17,164,2,6,8,172
05/18/2021,LIT,AR,ASW,ES,Combined TRACON& Tower with Radar,64,34,49,10,157,0,1,5,1,7,64,35,54,11,164,0,28,28,192
05/19/2021,LIT,AR,ASW,ES,Combined TRACON& Tower with Radar,62,28,66,12,168,0,1,6,0,7,62,29,72,12,175,0,2,2,177
05/20/2021,LIT,AR,ASW,ES,Combined TRACON& Tower with Radar,68,33,77,26,204,0,10,20,1,31,68,43,97,27,235,0,0,0,235
05/21/2021,LIT,AR,ASW,ES,Combined TRACON& Tower with Radar,62,24,64,31,181,0,3,30,6,39,62,27,94,37,220,0,59,59,279
05/22/2021,LIT,AR,ASW,ES,Combined TRACON& Tower with Radar,57,21,42,10,130,0,1,33,4,38,57,22,75,14,168,14,6,20,188
05/23/2021,LIT,AR,ASW,ES,Combined TRACON& Tower with Radar,61,22,49,3,135,0,6,36,0,42,61,28,85,3,177,6,0,6,183
05/24/2021,LIT,AR,ASW,ES,Combined TRACON& Tower with Radar,72,24,46,34,176,0,7,31,6,44,72,31,77,40,220,6,20,26,246
05/25/2021,LIT,AR,ASW,ES,Combined TRACON& Tower with Radar,62,41,64,22,189,0,1,29,7,37,62,42,93,29,226,14,2,16,242
05/26/2021,LIT,AR,ASW,ES,Combined TRACON& Tower with Radar,59,32,60,35,186,0,2,27,3,32,59,34,87,38,218,16,21,37,255
05/27/2021,LIT,AR,ASW,ES,Combined TRACON& Tower with Radar,75,31,94,31,231,0,3,44,2,49,75,34,138,33,280,22,0,22,302
05/28/2021,LIT,AR,ASW,ES,Combined TRACON& Tower with Radar,62,37,68,12,179,0,1,15,2,18,62,38,83,14,197,0,0,0,197
05/29/2021,LIT,AR,ASW,ES,Combined TRACON& Tower with Radar,54,20,41,9,124,0,5,24,0,29,54,25,65,9,153,10,0,10,163
05/30/2021,LIT,AR,ASW,ES,Combined TRACON& Tower with Radar,59,17,17,0,93,0,0,20,0,20,59,17,37,0,113,6,0,6,119
05/31/2021,LIT,AR,ASW,ES,Combined TRACON& Tower with Radar,54,21,53,0,128,0,4,23,0,27,54,25,76,0,155,1,32,33,188
06/01/2021,LIT,AR,ASW,ES,Combined TRACON& Tower with Radar,67,24,50,11,152,0,0,2,0,2,67,24,52,11,154,0,0,0,154
06/02/2021,LIT,AR,ASW,ES,Combined TRACON& Tower with Radar,62,35,65,21,183,0,3,18,5,26,62,38,83,26,209,0,0,0,209
06/03/2021,LIT,AR,ASW,ES,Combined TRACON& Tower with Radar,68,47,76,57,248,0,7,48,8,63,68,54,124,65,311,0,0,0,311
06/04/2021,LIT,AR,ASW,ES,Combined TRACON& Tower with Radar,63,32,76,73,244,0,8,37,8,53,63,40,113,81,297,4,96,100,397
06/05/2021,LIT,AR,ASW,ES,Combined TRACON& Tower with Radar,56,21,47,10,134,0,5,6,0,11,56,26,53,10,145,0,0,0,145
06/06/2021,LIT,AR,ASW,ES,Combined TRACON& Tower with Radar,66,24,49,7,146,0,2,1,0,3,66,26,50,7,149,0,0,0,149
06/07/2021,LIT,AR,ASW,ES,Combined TRACON& Tower with Radar,48,27,58,7,140,0,2,5,5,12,48,29,63,12,152,0,5,5,157
06/08/2021,LIT,AR,ASW,ES,Combined TRACON& Tower with Radar,66,29,50,4,149,0,1,1,0,2,66,30,51,4,151,0,0,0,151
06/09/2021,LIT,AR,ASW,ES,Combined TRACON& Tower with Radar,65,43,54,2,164,0,0,4,0,4,65,43,58,2,168,0,0,0,168
06/10/2021,LIT,AR,ASW,ES,Combined TRACON& Tower with Radar,66,31,76,31,204,0,0,23,3,26,66,31,99,34,230,8,6,14,244
06/11/2021,LIT,AR,ASW,ES,Combined TRACON& Tower with Radar,68,43,68,76,255,0,2,28,11,41,68,45,96,87,296,2,15,17,313
06/12/2021,LIT,AR,ASW,ES,Combined TRACON& Tower with Radar,59,25,58,24,166,0,8,32,3,43,59,33,90,27,209,10,16,26,235
06/13/2021,LIT,AR,ASW,ES,Combined TRACON& Tower with Radar,62,30,46,9,147,0,3,29,2,34,62,33,75,11,181,4,4,8,189
06/14/2021,LIT,AR,ASW,ES,Combined TRACON& Tower with Radar,60,30,54,27,171,0,5,35,6,46,60,35,89,33,217,4,20,24,241
06/15/2021,LIT,AR,ASW,ES,Combined TRACON& Tower with Radar,58,28,65,38,189,0,1,65,5,71,58,29,130,43,260,19,16,35,295
06/16/2021,LIT,AR,ASW,ES,Combined TRACON& Tower with Radar,62,31,72,31,196,0,4,61,6,71,62,35,133,37,267,6,22,28,295
06/17/2021,LIT,AR,ASW,ES,Combined TRACON& Tower with Radar,68,32,75,54,229,0,5,29,1,35,68,37,104,55,264,2,13,15,279
06/18/2021,LIT,AR,ASW,ES,Combined TRACON& Tower with Radar,61,28,62,1,152,0,12,60,2,74,61,40,122,3,226,6,0,6,232
06/19/2021,LIT,AR,ASW,ES,Combined TRACON& Tower with Radar,57,20,30,2,109,0,1,31,0,32,57,21,61,2,141,0,0,0,141
06/20/2021,LIT,AR,ASW,ES,Combined TRACON& Tower with Radar,62,30,39,0,131,0,5,31,3,39,62,35,70,3,170,0,0,0,170
06/21/2021,LIT,AR,ASW,ES,Combined TRACON& Tower with Radar,62,26,53,24,165,0,7,4,0,11,62,33,57,24,176,0,2,2,178
06/22/2021,LIT,AR,ASW,ES,Combined TRACON& Tower with Radar,61,31,67,53,212,0,2,48,14,64,61,33,115,67,276,0,41,41,317
06/23/2021,LIT,AR,ASW,ES,Combined TRACON& Tower with Radar,65,22,64,68,219,0,3,39,13,55,65,25,103,81,274,0,18,18,292
06/24/2021,LIT,AR,ASW,ES,Combined TRACON& Tower with Radar,67,23,75,85,250,0,3,27,6,36,67,26,102,91,286,0,10,10,296
06/25/2021,LIT,AR,ASW,ES,Combined TRACON& Tower with Radar,63,23,76,69,231,0,4,28,11,43,63,27,104,80,274,12,31,43,317
06/26/2021,LIT,AR,ASW,ES,Combined TRACON& Tower with Radar,53,14,47,25,139,0,4,14,5,23,53,18,61,30,162,0,103,103,265
06/27/2021,LIT,AR,ASW,ES,Combined TRACON& Tower with Radar,71,23,41,26,161,0,5,32,4,41,71,28,73,30,202,12,20,32,234
06/28/2021,LIT,AR,ASW,ES,Combined TRACON& Tower with Radar,59,22,50,65,196,0,4,38,6,48,59,26,88,71,244,10,31,41,285
06/29/2021,LIT,AR,ASW,ES,Combined TRACON& Tower with Radar,65,23,70,17,175,0,6,81,13,100,65,29,151,30,275,0,36,36,311
06/30/2021,LIT,AR,ASW,ES,Combined TRACON& Tower with Radar,60,45,64,38,207,0,4,36,19,59,60,49,100,57,266,10,48,58,324
07/01/2021,LIT,AR,ASW,ES,Combined TRACON& Tower with Radar,70,40,66,12,188,0,2,6,0,8,70,42,72,12,196,10,2,12,208
07/02/2021,LIT,AR,ASW,ES,Combined TRACON& Tower with Radar,62,27,65,0,154,0,1,25,0,26,62,28,90,0,180,0,0,0,180
07/03/2021,LIT,AR,ASW,ES,Combined TRACON& Tower with Radar,57,16,26,0,99,0,6,22,0,28,57,22,48,0,127,6,0,6,133
07/04/2021,LIT,AR,ASW,ES,Combined TRACON& Tower with Radar,61,13,8,1,83,0,5,32,0,37,61,18,40,1,120,8,0,8,128
07/05/2021,LIT,AR,ASW,ES,Combined TRACON& Tower with Radar,63,28,43,2,136,0,3,29,0,32,63,31,72,2,168,0,0,0,168
07/06/2021,LIT,AR,ASW,ES,Combined TRACON& Tower with Radar,65,23,46,73,207,0,7,42,9,58,65,30,88,82,265,14,0,14,279
07/07/2021,LIT,AR,ASW,ES,Combined TRACON& Tower with Radar,65,41,43,53,202,0,8,33,12,53,65,49,76,65,255,10,20,30,285
07/08/2021,LIT,AR,ASW,ES,Combined TRACON& Tower with Radar,74,35,62,69,240,0,1,47,9,57,74,36,109,78,297,2,52,54,351
07/09/2021,LIT,AR,ASW,ES,Combined TRACON& Tower with Radar,91,34,51,141,317,0,5,40,18,63,91,39,91,159,380,0,12,12,392
07/10/2021,LIT,AR,ASW,ES,Combined TRACON& Tower with Radar,60,22,40,9,131,0,1,21,1,23,60,23,61,10,154,0,0,0,154
07/11/2021,LIT,AR,ASW,ES,Combined TRACON& Tower with Radar,64,24,39,14,141,0,3,6,0,9,64,27,45,14,150,0,0,0,150
07/12/2021,LIT,AR,ASW,ES,Combined TRACON& Tower with Radar,67,31,58,78,234,0,5,35,13,53,67,36,93,91,287,18,34,52,339
07/13/2021,LIT,AR,ASW,ES,Combined TRACON& Tower with Radar,68,32,70,62,232,0,2,40,11,53,68,34,110,73,285,6,28,34,319
07/14/2021,LIT,AR,ASW,ES,Combined TRACON& Tower with Radar,64,37,88,77,266,0,3,62,15,80,64,40,150,92,346,0,50,50,396
07/15/2021,LIT,AR,ASW,ES,Combined TRACON& Tower with Radar,70,35,72,55,232,0,6,48,16,70,70,41,120,71,302,12,9,21,323
07/16/2021,LIT,AR,ASW,ES,Combined TRACON& Tower with Radar,67,29,50,16,162,0,3,8,0,11,67,32,58,16,173,10,32,42,215
07/17/2021,LIT,AR,ASW,ES,Combined TRACON& Tower with Radar,53,21,25,0,99,0,1,3,0,4,53,22,28,0,103,0,0,0,103
07/18/2021,LIT,AR,ASW,ES,Combined TRACON& Tower with Radar,66,26,42,0,134,0,0,6,0,6,66,26,48,0,140,0,0,0,140
07/19/2021,LIT,AR,ASW,ES,Combined TRACON& Tower with Radar,66,45,66,109,286,0,0,29,9,38,66,45,95,118,324,4,28,32,356
07/20/2021,LIT,AR,ASW,ES,Combined TRACON& Tower with Radar,67,23,65,95,250,0,1,40,19,60,67,24,105,114,310,8,36,44,354
07/21/2021,LIT,AR,ASW,ES,Combined TRACON& Tower with Radar,70,27,66,41,204,0,5,38,8,51,70,32,104,49,255,9,34,43,298
07/22/2021,LIT,AR,ASW,ES,Combined TRACON& Tower with Radar,77,39,85,29,230,0,4,34,7,45,77,43,119,36,275,0,12,12,287
07/23/2021,LIT,AR,ASW,ES,Combined TRACON& Tower with Radar,66,47,54,34,201,0,0,41,11,52,66,47,95,45,253,6,6,12,265
07/24/2021,LIT,AR,ASW,ES,Combined TRACON& Tower with Radar,56,20,48,14,138,0,6,37,5,48,56,26,85,19,186,2,40,42,228
07/25/2021,LIT,AR,ASW,ES,Combined TRACON& Tower with Radar,68,23,39,16,146,0,7,26,3,36,68,30,65,19,182,0,0,0,182
07/26/2021,LIT,AR,ASW,ES,Combined TRACON& Tower with Radar,62,30,57,10,159,0,2,32,6,40,62,32,89,16,199,0,6,6,205
07/27/2021,LIT,AR,ASW,ES,Combined TRACON& Tower with Radar,65,39,51,30,185,0,1,36,3,40,65,40,87,33,225,0,26,26,251
07/28/2021,LIT,AR,ASW,ES,Combined TRACON& Tower with Radar,69,32,71,53,225,0,5,42,5,52,69,37,113,58,277,6,22,28,305
07/29/2021,LIT,AR,ASW,ES,Combined TRACON& Tower with Radar,69,23,76,45,213,0,5,62,3,70,69,28,138,48,283,4,32,36,319
07/30/2021,LIT,AR,ASW,ES,Combined TRACON& Tower with Radar,71,30,55,62,218,0,2,44,8,54,71,32,99,70,272,16,12,28,300
07/31/2021,LIT,AR,ASW,ES,Combined TRACON& Tower with Radar,53,22,31,16,122,0,1,25,6,32,53,23,56,22,154,8,22,30,184
08/01/2021,LIT,AR,ASW,ES,Combined TRACON& Tower with Radar,66,37,38,2,143,0,3,16,0,19,66,40,54,2,162,14,0,14,176
08/02/2021,LIT,AR,ASW,ES,Combined TRACON& Tower with Radar,60,30,50,39,179,0,3,23,3,29,60,33,73,42,208,23,22,45,253
08/03/2021,LIT,AR,ASW,ES,Combined TRACON& Tower with Radar,66,31,53,68,218,0,9,44,15,68,66,40,97,83,286,10,36,46,332
08/04/2021,LIT,AR,ASW,ES,Combined TRACON& Tower with Radar,64,32,56,80,232,0,2,61,6,69,64,34,117,86,301,4,21,25,326
08/05/2021,LIT,AR,ASW,ES,Combined TRACON& Tower with Radar,69,25,46,36,176,0,6,36,2,44,69,31,82,38,220,0,14,14,234
08/06/2021,LIT,AR,ASW,ES,Combined TRACON& Tower with Radar,64,29,66,52,211,0,2,44,1,47,64,31,110,53,258,6,2,8,266
08/07/2021,LIT,AR,ASW,ES,Combined TRACON& Tower with Radar,54,30,22,30,136,0,3,27,2,32,54,33,49,32,168,4,6,10,178
08/08/2021,LIT,AR,ASW,ES,Combined TRACON& Tower with Radar,62,26,53,6,147,0,3,27,0,30,62,29,80,6,177,4,0,4,181
08/09/2021,LIT,AR,ASW,ES,Combined TRACON& Tower with Radar,60,18,31,38,147,0,0,40,12,52,60,18,71,50,199,26,2,28,227
08/10/2021,LIT,AR,ASW,ES,Combined TRACON& Tower with Radar,59,30,70,73,232,0,1,28,19,48,59,31,98,92,280,0,24,24,304
08/11/2021,LIT,AR,ASW,ES,Combined TRACON& Tower with Radar,57,36,68,62,223,0,0,45,6,51,57,36,113,68,274,16,46,62,336
08/12/2021,LIT,AR,ASW,ES,Combined TRACON& Tower with Radar,74,43,82,66,265,0,5,61,14,80,74,48,143,80,345,8,28,36,381
08/13/2021,LIT,AR,ASW,ES,Combined TRACON& Tower with Radar,62,29,79,58,228,0,7,50,14,71,62,36,129,72,299,8,24,32,331
08/14/2021,LIT,AR,ASW,ES,Combined TRACON& Tower with Radar,49,35,38,24,146,0,5,9,9,23,49,40,47,33,169,7,0,7,176
08/15/2021,LIT,AR,ASW,ES,Combined TRACON& Tower with Radar,64,38,41,17,160,0,5,26,1,32,64,43,67,18,192,0,10,10,202
08/16/2021,LIT,AR,ASW,ES,Combined TRACON& Tower with Radar,60,35,36,120,251,0,4,40,11,55,60,39,76,131,306,8,32,40,346
08/17/2021,LIT,AR,ASW,ES,Combined TRACON& Tower with Radar,57,36,57,33,183,0,6,36,6,48,57,42,93,39,231,0,28,28,259
08/18/2021,LIT,AR,ASW,ES,Combined TRACON& Tower with Radar,59,36,42,3,140,0,2,7,0,9,59,38,49,3,149,12,0,12,161
08/19/2021,LIT,AR,ASW,ES,Combined TRACON& Tower with Radar,65,32,70,14,181,0,0,9,0,9,65,32,79,14,190,0,2,2,192
08/20/2021,LIT,AR,ASW,ES,Combined TRACON& Tower with Radar,63,31,51,21,166,0,2,17,3,22,63,33,68,24,188,2,12,14,202
08/21/2021,LIT,AR,ASW,ES,Combined TRACON& Tower with Radar,53,28,38,0,119,0,5,29,0,34,53,33,67,0,153,0,0,0,153
08/22/2021,LIT,AR,ASW,ES,Combined TRACON& Tower with Radar,61,31,30,9,131,0,0,31,3,34,61,31,61,12,165,10,18,28,193
08/23/2021,LIT,AR,ASW,ES,Combined TRACON& Tower with Radar,56,31,62,53,202,0,1,38,3,42,56,32,100,56,244,12,20,32,276
08/24/2021,LIT,AR,ASW,ES,Combined TRACON& Tower with Radar,61,31,77,26,195,0,2,50,13,65,61,33,127,39,260,6,23,29,289
08/25/2021,LIT,AR,ASW,ES,Combined TRACON& Tower with Radar,61,32,63,53,209,0,0,43,12,55,61,32,106,65,264,0,33,33,297
08/26/2021,LIT,AR,ASW,ES,Combined TRACON& Tower with Radar,69,36,73,46,224,0,2,53,4,59,69,38,126,50,283,42,6,48,331
08/27/2021,LIT,AR,ASW,ES,Combined TRACON& Tower with Radar,63,42,85,64,254,0,2,71,7,80,63,44,156,71,334,8,22,30,364
08/28/2021,LIT,AR,ASW,ES,Combined TRACON& Tower with Radar,52,37,29,15,133,0,5,42,5,52,52,42,71,20,185,21,6,27,212
08/29/2021,LIT,AR,ASW,ES,Combined TRACON& Tower with Radar,60,34,38,24,156,0,2,14,4,20,60,36,52,28,176,2,8,10,186
08/30/2021,LIT,AR,ASW,ES,Combined TRACON& Tower with Radar,62,27,44,13,146,0,4,13,5,22,62,31,57,18,168,0,16,16,184
08/31/2021,LIT,AR,ASW,ES,Combined TRACON& Tower with Radar,58,28,37,8,131,0,2,42,4,48,58,30,79,12,179,0,6,6,185
09/01/2021,LIT,AR,ASW,ES,Combined TRACON& Tower with Radar,61,31,64,49,205,0,3,39,11,53,61,34,103,60,258,8,34,42,300
09/02/2021,LIT,AR,ASW,ES,Combined TRACON& Tower with Radar,65,47,74,35,221,0,4,45,4,53,65,51,119,39,274,4,10,14,288
09/03/2021,LIT,AR,ASW,ES,Combined TRACON& Tower with Radar,61,44,76,7,188,0,9,58,2,69,61,53,134,9,257,16,0,16,273
09/04/2021,LIT,AR,ASW,ES,Combined TRACON& Tower with Radar,52,21,42,2,117,0,2,38,0,40,52,23,80,2,157,30,0,30,187
09/05/2021,LIT,AR,ASW,ES,Combined TRACON& Tower with Radar,53,25,34,0,112,0,3,10,2,15,53,28,44,2,127,0,0,0,127
09/06/2021,LIT,AR,ASW,ES,Combined TRACON& Tower with Radar,53,39,36,0,128,0,1,34,0,35,53,40,70,0,163,0,0,0,163
09/07/2021,LIT,AR,ASW,ES,Combined TRACON& Tower with Radar,57,33,59,14,163,0,1,38,4,43,57,34,97,18,206,2,4,6,212
09/08/2021,LIT,AR,ASW,ES,Combined TRACON& Tower with Radar,69,23,52,50,194,0,2,51,8,61,69,25,103,58,255,0,12,12,267
09/09/2021,LIT,AR,ASW,ES,Combined TRACON& Tower with Radar,62,36,81,12,191,0,2,59,3,64,62,38,140,15,255,0,0,0,255
09/10/2021,LIT,AR,ASW,ES,Combined TRACON& Tower with Radar,63,39,93,71,266,0,3,46,8,57,63,42,139,79,323,8,12,20,343
09/11/2021,LIT,AR,ASW,ES,Combined TRACON& Tower with Radar,52,27,47,2,128,0,5,47,0,52,52,32,94,2,180,18,0,18,198
09/12/2021,LIT,AR,ASW,ES,Combined TRACON& Tower with Radar,61,32,51,34,178,0,3,39,5,47,61,35,90,39,225,0,0,0,225
09/13/2021,LIT,AR,ASW,ES,Combined TRACON& Tower with Radar,59,33,53,28,173,0,10,24,3,37,59,43,77,31,210,4,70,74,284
09/14/2021,LIT,AR,ASW,ES,Combined TRACON& Tower with Radar,60,32,71,40,203,0,0,42,10,52,60,32,113,50,255,6,24,30,285
09/15/2021,LIT,AR,ASW,ES,Combined TRACON& Tower with Radar,63,36,68,39,206,0,4,30,11,45,63,40,98,50,251,4,56,60,311
09/16/2021,LIT,AR,ASW,ES,Combined TRACON& Tower with Radar,67,42,95,40,244,0,3,20,5,28,67,45,115,45,272,2,4,6,278
09/17/2021,LIT,AR,ASW,ES,Combined TRACON& Tower with Radar,66,42,60,7,175,0,4,10,2,16,66,46,70,9,191,0,0,0,191
09/18/2021,LIT,AR,ASW,ES,Combined TRACON& Tower with Radar,51,26,32,2,111,0,0,5,1,6,51,26,37,3,117,14,0,14,131
09/19/2021,LIT,AR,ASW,ES,Combined TRACON& Tower with Radar,68,31,38,9,146,0,4,8,1,13,68,35,46,10,159,0,0,0,159
09/20/2021,LIT,AR,ASW,ES,Combined TRACON& Tower with Radar,58,44,71,71,244,0,6,42,8,56,58,50,113,79,300,10,48,58,358
09/21/2021,LIT,AR,ASW,ES,Combined TRACON& Tower with Radar,68,26,86,20,200,0,2,13,3,18,68,28,99,23,218,0,0,0,218
09/22/2021,LIT,AR,ASW,ES,Combined TRACON& Tower with Radar,66,61,91,17,235,0,10,60,3,73,66,71,151,20,308,16,18,34,342
09/23/2021,LIT,AR,ASW,ES,Combined TRACON& Tower with Radar,66,40,87,45,238,0,5,79,19,103,66,45,166,64,341,4,32,36,377
09/24/2021,LIT,AR,ASW,ES,Combined TRACON& Tower with Radar,64,39,74,36,213,0,1,68,6,75,64,40,142,42,288,8,30,38,326
09/25/2021,LIT,AR,ASW,ES,Combined TRACON& Tower with Radar,52,37,41,5,135,0,2,40,1,43,52,39,81,6,178,0,2,2,180
09/26/2021,LIT,AR,ASW,ES,Combined TRACON& Tower with Radar,62,27,60,6,155,0,5,34,0,39,62,32,94,6,194,6,2,8,202
09/27/2021,LIT,AR,ASW,ES,Combined TRACON& Tower with Radar,58,49,54,15,176,0,10,37,9,56,58,59,91,24,232,2,18,20,252
09/28/2021,LIT,AR,ASW,ES,Combined TRACON& Tower with Radar,60,41,88,34,223,0,1,31,1,33,60,42,119,35,256,22,12,34,290
09/29/2021,LIT,AR,ASW,ES,Combined TRACON& Tower with Radar,66,33,83,6,188,0,5,26,0,31,66,38,109,6,219,0,0,0,219
09/30/2021,LIT,AR,ASW,ES,Combined TRACON& Tower with Radar,66,50,95,28,239,0,1,4,5,10,66,51,99,33,249,22,46,68,317
10/01/2021,LIT,AR,ASW,ES,Combined TRACON& Tower with Radar,64,42,81,22,209,0,0,5,1,6,64,42,86,23,215,38,10,48,263
10/02/2021,LIT,AR,ASW,ES,Combined TRACON& Tower with Radar,54,33,26,9,122,0,1,4,0,5,54,34,30,9,127,0,0,0,127
10/03/2021,LIT,AR,ASW,ES,Combined TRACON& Tower with Radar,65,29,59,3,156,0,4,31,2,37,65,33,90,5,193,8,0,8,201
10/04/2021,LIT,AR,ASW,ES,Combined TRACON& Tower with Radar,63,37,78,24,202,0,1,48,12,61,63,38,126,36,263,6,10,16,279
10/05/2021,LIT,AR,ASW,ES,Combined TRACON& Tower with Radar,61,33,64,53,211,0,0,53,17,70,61,33,117,70,281,24,10,34,315
10/06/2021,LIT,AR,ASW,ES,Combined TRACON& Tower with Radar,66,34,115,35,250,0,5,18,4,27,66,39,133,39,277,21,38,59,336
10/07/2021,LIT,AR,ASW,ES,Combined TRACON& Tower with Radar,70,33,87,64,254,0,4,49,12,65,70,37,136,76,319,0,20,20,339
10/08/2021,LIT,AR,ASW,ES,Combined TRACON& Tower with Radar,61,31,75,4,171,0,10,68,1,79,61,41,143,5,250,0,0,0,250
10/09/2021,LIT,AR,ASW,ES,Combined TRACON& Tower with Radar,54,23,41,5,123,0,5,28,1,34,54,28,69,6,157,0,0,0,157
10/10/2021,LIT,AR,ASW,ES,Combined TRACON& Tower with Radar,52,28,47,1,128,0,6,33,0,39,52,34,80,1,167,10,0,10,177
10/11/2021,LIT,AR,ASW,ES,Combined TRACON& Tower with Radar,62,36,72,0,170,0,10,28,0,38,62,46,100,0,208,4,0,4,212
10/12/2021,LIT,AR,ASW,ES,Combined TRACON& Tower with Radar,63,33,66,26,188,0,3,55,3,61,63,36,121,29,249,2,18,20,269
10/13/2021,LIT,AR,ASW,ES,Combined TRACON& Tower with Radar,62,29,67,16,174,0,2,29,0,31,62,31,96,16,205,0,0,0,205
10/14/2021,LIT,AR,ASW,ES,Combined TRACON& Tower with Radar,72,32,82,5,191,0,1,10,5,16,72,33,92,10,207,14,0,14,221
10/15/2021,LIT,AR,ASW,ES,Combined TRACON& Tower with Radar,69,35,49,3,156,0,2,6,0,8,69,37,55,3,164,0,0,0,164
10/16/2021,LIT,AR,ASW,ES,Combined TRACON& Tower with Radar,56,26,41,14,137,0,2,49,2,53,56,28,90,16,190,0,0,0,190
10/17/2021,LIT,AR,ASW,ES,Combined TRACON& Tower with Radar,66,26,46,35,173,0,0,62,6,68,66,26,108,41,241,0,6,6,247
10/18/2021,LIT,AR,ASW,ES,Combined TRACON& Tower with Radar,64,28,76,17,185,0,8,61,3,72,64,36,137,20,257,20,8,28,285
10/19/2021,LIT,AR,ASW,ES,Combined TRACON& Tower with Radar,63,30,69,14,176,0,1,42,3,46,63,31,111,17,222,18,0,18,240
10/20/2021,LIT,AR,ASW,ES,Combined TRACON& Tower with Radar,67,44,63,30,204,0,1,51,16,68,67,45,114,46,272,16,22,38,310
10/21/2021,LIT,AR,ASW,ES,Combined TRACON& Tower with Radar,72,38,75,73,258,0,1,52,6,59,72,39,127,79,317,66,12,78,395
10/22/2021,LIT,AR,ASW,ES,Combined TRACON& Tower with Radar,66,36,86,27,215,0,1,51,2,54,66,37,137,29,269,0,22,22,291
10/23/2021,LIT,AR,ASW,ES,Combined TRACON& Tower with Radar,60,18,54,0,132,0,5,25,1,31,60,23,79,1,163,0,0,0,163
10/24/2021,LIT,AR,ASW,ES,Combined TRACON& Tower with Radar,73,25,57,8,163,0,3,13,1,17,73,28,70,9,180,0,0,0,180
10/25/2021,LIT,AR,ASW,ES,Combined TRACON& Tower with Radar,58,26,61,41,186,0,7,56,12,75,58,33,117,53,261,24,34,58,319
10/26/2021,LIT,AR,ASW,ES,Combined TRACON& Tower with Radar,62,37,84,37,220,0,1,63,15,79,62,38,147,52,299,18,0,18,317
10/27/2021,LIT,AR,ASW,ES,Combined TRACON& Tower with Radar,67,26,52,26,171,0,3,11,5,19,67,29,63,31,190,0,16,16,206
10/28/2021,LIT,AR,ASW,ES,Combined TRACON& Tower with Radar,66,49,70,21,206,0,1,3,4,8,66,50,73,25,214,0,0,0,214
10/29/2021,LIT,AR,ASW,ES,Combined TRACON& Tower with Radar,69,39,73,32,213,0,2,11,0,13,69,41,84,32,226,6,0,6,232
10/30/2021,LIT,AR,ASW,ES,Combined TRACON& Tower with Radar,58,18,44,0,120,0,1,40,2,43,58,19,84,2,163,20,0,20,183
10/31/2021,LIT,AR,ASW,ES,Combined TRACON& Tower with Radar,56,35,42,2,135,0,2,57,1,60,56,37,99,3,195,18,0,18,213
11/01/2021,LIT,AR,ASW,ES,Combined TRACON& Tower with Radar,61,39,48,44,192,0,1,50,2,53,61,40,98,46,245,0,0,0,245
11/02/2021,LIT,AR,ASW,ES,Combined TRACON& Tower with Radar,52,40,66,3,161,0,0,30,1,31,52,40,96,4,192,0,0,0,192
11/03/2021,LIT,AR,ASW,ES,Combined TRACON& Tower with Radar,52,46,67,27,192,0,1,19,1,21,52,47,86,28,213,2,6,8,221
11/04/2021,LIT,AR,ASW,ES,Combined TRACON& Tower with Radar,65,37,85,42,229,0,4,61,9,74,65,41,146,51,303,20,24,44,347
11/05/2021,LIT,AR,ASW,ES,Combined TRACON& Tower with Radar,61,31,70,96,258,0,3,47,3,53,61,34,117,99,311,20,38,58,369
11/06/2021,LIT,AR,ASW,ES,Combined TRACON& Tower with Radar,50,25,43,24,142,0,4,36,3,43,50,29,79,27,185,6,10,16,201
11/07/2021,LIT,AR,ASW,ES,Combined TRACON& Tower with Radar,62,36,60,18,176,0,1,36,2,39,62,37,96,20,215,0,0,0,215
11/08/2021,LIT,AR,ASW,ES,Combined TRACON& Tower with Radar,52,40,53,9,154,0,4,54,1,59,52,44,107,10,213,12,2,14,227
11/09/2021,LIT,AR,ASW,ES,Combined TRACON& Tower with Radar,50,42,74,67,233,0,4,43,5,52,50,46,117,72,285,10,30,40,325
11/10/2021,LIT,AR,ASW,ES,Combined TRACON& Tower with Radar,50,42,97,22,211,0,6,37,6,49,50,48,134,28,260,16,10,26,286
11/11/2021,LIT,AR,ASW,ES,Combined TRACON& Tower with Radar,60,48,92,0,200,0,4,28,2,34,60,52,120,2,234,11,0,11,245
11/12/2021,LIT,AR,ASW,ES,Combined TRACON& Tower with Radar,60,41,61,20,182,0,1,24,0,25,60,42,85,20,207,15,0,15,222
11/13/2021,LIT,AR,ASW,ES,Combined TRACON& Tower with Radar,52,24,50,4,130,0,5,45,0,50,52,29,95,4,180,8,0,8,188
11/14/2021,LIT,AR,ASW,ES,Combined TRACON& Tower with Radar,60,52,65,4,181,0,2,32,1,35,60,54,97,5,216,4,0,4,220
11/15/2021,LIT,AR,ASW,ES,Combined TRACON& Tower with Radar,52,38,83,47,220,0,2,49,9,60,52,40,132,56,280,24,58,82,362
11/16/2021,LIT,AR,ASW,ES,Combined TRACON& Tower with Radar,49,50,93,49,241,0,1,5,5,11,49,51,98,54,252,0,18,18,270
11/17/2021,LIT,AR,ASW,ES,Combined TRACON& Tower with Radar,51,34,77,15,177,0,2,18,13,33,51,36,95,28,210,2,80,82,292
11/18/2021,LIT,AR,ASW,ES,Combined TRACON& Tower with Radar,63,38,80,27,208,0,2,35,7,44,63,40,115,34,252,0,42,42,294
11/19/2021,LIT,AR,ASW,ES,Combined TRACON& Tower with Radar,56,52,97,3,208,0,3,48,5,56,56,55,145,8,264,8,10,18,282
11/20/2021,LIT,AR,ASW,ES,Combined TRACON& Tower with Radar,50,37,57,2,146,0,2,42,2,46,50,39,99,4,192,0,0,0,192
11/21/2021,LIT,AR,ASW,ES,Combined TRACON& Tower with Radar,59,33,46,4,142,0,1,4,0,5,59,34,50,4,147,0,0,0,147
11/22/2021,LIT,AR,ASW,ES,Combined TRACON& Tower with Radar,49,38,74,23,184,0,0,74,9,83,49,38,148,32,267,10,12,22,289
11/23/2021,LIT,AR,ASW,ES,Combined TRACON& Tower with Radar,68,42,63,51,224,0,2,60,12,74,68,44,123,63,298,0,40,40,338
11/24/2021,LIT,AR,ASW,ES,Combined TRACON& Tower with Radar,64,37,57,29,187,0,4,34,0,38,64,41,91,29,225,12,2,14,239
11/25/2021,LIT,AR,ASW,ES,Combined TRACON& Tower with Radar,37,24,13,0,74,0,1,3,0,4,37,25,16,0,78,0,0,0,78
11/26/2021,LIT,AR,ASW,ES,Combined TRACON& Tower with Radar,43,39,49,2,133,0,3,39,1,43,43,42,88,3,176,46,2,48,224
11/27/2021,LIT,AR,ASW,ES,Combined TRACON& Tower with Radar,53,30,45,0,128,0,6,38,0,44,53,36,83,0,172,2,0,2,174
11/28/2021,LIT,AR,ASW,ES,Combined TRACON& Tower with Radar,62,32,65,2,161,0,3,32,1,36,62,35,97,3,197,0,0,0,197
11/29/2021,LIT,AR,ASW,ES,Combined TRACON& Tower with Radar,61,43,63,51,218,0,7,33,11,51,61,50,96,62,269,4,48,52,321
11/30/2021,LIT,AR,ASW,ES,Combined TRACON& Tower with Radar,57,48,64,24,193,0,2,43,9,54,57,50,107,33,247,0,18,18,265
12/01/2021,LIT,AR,ASW,ES,Combined TRACON& Tower with Radar,59,64,60,2,185,0,4,36,3,43,59,68,96,5,228,6,0,6,234
12/02/2021,LIT,AR,ASW,ES,Combined TRACON& Tower with Radar,72,44,67,22,205,0,2,57,11,70,72,46,124,33,275,30,78,108,383
12/03/2021,LIT,AR,ASW,ES,Combined TRACON& Tower with Radar,64,64,88,24,240,0,0,19,0,19,64,64,107,24,259,0,0,0,259
12/04/2021,LIT,AR,ASW,ES,Combined TRACON& Tower with Radar,48,25,41,2,116,0,0,5,1,6,48,25,46,3,122,0,0,0,122
12/05/2021,LIT,AR,ASW,ES,Combined TRACON& Tower with Radar,65,27,25,0,117,0,1,6,0,7,65,28,31,0,124,0,0,0,124
12/06/2021,LIT,AR,ASW,ES,Combined TRACON& Tower with Radar,60,34,48,31,173,0,5,22,10,37,60,39,70,41,210,22,36,58,268
12/07/2021,LIT,AR,ASW,ES,Combined TRACON& Tower with Radar,57,48,71,48,224,0,5,37,10,52,57,53,108,58,276,0,0,0,276
12/08/2021,LIT,AR,ASW,ES,Combined TRACON& Tower with Radar,62,51,80,80,273,0,10,60,14,84,62,61,140,94,357,0,62,62,419
12/09/2021,LIT,AR,ASW,ES,Combined TRACON& Tower with Radar,72,38,91,16,217,0,0,3,0,3,72,38,94,16,220,0,6,6,226
12/10/2021,LIT,AR,ASW,ES,Combined TRACON& Tower with Radar,58,37,66,34,195,0,2,5,1,8,58,39,71,35,203,0,0,0,203
12/11/2021,LIT,AR,ASW,ES,Combined TRACON& Tower with Radar,50,30,38,4,122,0,5,36,2,43,50,35,74,6,165,0,0,0,165
12/12/2021,LIT,AR,ASW,ES,Combined TRACON& Tower with Radar,66,39,38,4,147,0,2,47,0,49,66,41,85,4,196,0,0,0,196
12/13/2021,LIT,AR,ASW,ES,Combined TRACON& Tower with Radar,61,35,66,58,220,0,7,49,9,65,61,42,115,67,285,0,44,44,329
12/14/2021,LIT,AR,ASW,ES,Combined TRACON& Tower with Radar,57,35,75,39,206,0,3,10,1,14,57,38,85,40,220,14,24,38,258
12/15/2021,LIT,AR,ASW,ES,Combined TRACON& Tower with Radar,58,41,64,7,170,1,3,7,2,13,59,44,71,9,183,2,8,10,193
12/16/2021,LIT,AR,ASW,ES,Combined TRACON& Tower with Radar,68,42,56,1,167,0,3,4,1,8,68,45,60,2,175,0,14,14,189
12/17/2021,LIT,AR,ASW,ES,Combined TRACON& Tower with Radar,43,21,49,0,113,0,0,0,0,0,43,21,49,0,113,0,0,0,113
12/18/2021,LIT,AR,ASW,ES,Combined TRACON& Tower with Radar,58,24,36,0,118,0,3,0,0,3,58,27,36,0,121,0,0,0,121
12/19/2021,LIT,AR,ASW,ES,Combined TRACON& Tower with Radar,69,26,49,4,148,0,2,20,2,24,69,28,69,6,172,8,0,8,180
12/20/2021,LIT,AR,ASW,ES,Combined TRACON& Tower with Radar,54,32,61,30,177,0,5,23,1,29,54,37,84,31,206,30,10,40,246
12/21/2021,LIT,AR,ASW,ES,Combined TRACON& Tower with Radar,62,37,64,56,219,0,0,60,7,67,62,37,124,63,286,14,12,26,312
12/22/2021,LIT,AR,ASW,ES,Combined TRACON& Tower with Radar,58,34,59,13,164,0,0,65,10,75,58,34,124,23,239,22,38,60,299
12/23/2021,LIT,AR,ASW,ES,Combined TRACON& Tower with Radar,69,31,40,8,148,0,0,26,3,29,69,31,66,11,177,16,18,34,211
12/24/2021,LIT,AR,ASW,ES,Combined TRACON& Tower with Radar,53,24,9,0,86,0,1,7,0,8,53,25,16,0,94,0,0,0,94
12/25/2021,LIT,AR,ASW,ES,Combined TRACON& Tower with Radar,45,22,15,0,82,0,3,21,1,25,45,25,36,1,107,4,0,4,111
12/26/2021,LIT,AR,ASW,ES,Combined TRACON& Tower with Radar,59,24,54,0,137,0,0,2,0,2,59,24,56,0,139,0,0,0,139
12/27/2021,LIT,AR,ASW,ES,Combined TRACON& Tower with Radar,57,30,35,2,124,0,4,15,0,19,57,34,50,2,143,4,0,4,147
12/28/2021,LIT,AR,ASW,ES,Combined TRACON& Tower with Radar,67,23,45,9,144,0,2,11,6,19,67,25,56,15,163,4,4,8,171
12/29/2021,LIT,AR,ASW,ES,Combined TRACON& Tower with Radar,57,33,59,2,151,0,6,5,0,11,57,39,64,2,162,0,0,0,162
12/30/2021,LIT,AR,ASW,ES,Combined TRACON& Tower with Radar,67,37,38,12,154,0,2,28,0,30,67,39,66,12,184,6,0,6,190
12/31/2021,LIT,AR,ASW,ES,Combined TRACON& Tower with Radar,52,19,25,1,97,0,2,0,0,2,52,21,25,1,99,0,0,0,99
01/01/2022,LIT,AR,ASW,ES,Combined TRACON& Tower with Radar,43,21,15,1,80,0,0,0,0,0,43,21,15,1,80,0,0,0,80
01/02/2022,LIT,AR,ASW,ES,Combined TRACON& Tower with Radar,55,17,49,2,123,0,2,6,0,8,55,19,55,2,131,0,0,0,131
01/03/2022,LIT,AR,ASW,ES,Combined TRACON& Tower with Radar,56,31,42,0,129,0,10,41,0,51,56,41,83,0,180,0,0,0,180
01/04/2022,LIT,AR,ASW,ES,Combined TRACON& Tower with Radar,50,28,46,2,126,0,5,36,0,41,50,33,82,2,167,18,22,40,207
01/05/2022,LIT,AR,ASW,ES,Combined TRACON& Tower with Radar,54,30,55,45,184,0,10,46,7,63,54,40,101,52,247,12,24,36,283
01/06/2022,LIT,AR,ASW,ES,Combined TRACON& Tower with Radar,60,28,45,28,161,0,5,16,5,26,60,33,61,33,187,22,60,82,269
01/07/2022,LIT,AR,ASW,ES,Combined TRACON& Tower with Radar,55,30,43,8,136,0,4,33,3,40,55,34,76,11,176,4,42,46,222
01/08/2022,LIT,AR,ASW,ES,Combined TRACON& Tower with Radar,43,19,16,0,78,0,0,3,0,3,43,19,19,0,81,18,88,106,187
01/09/2022,LIT,AR,ASW,ES,Combined TRACON& Tower with Radar,56,31,36,2,125,0,5,6,0,11,56,36,42,2,136,0,0,0,136
01/10/2022,LIT,AR,ASW,ES,Combined TRACON& Tower with Radar,52,26,35,79,192,0,5,46,25,76,52,31,81,104,268,0,0,0,268
01/11/2022,LIT,AR,ASW,ES,Combined TRACON& Tower with Radar,48,21,57,51,177,0,0,36,10,46,48,21,93,61,223,0,74,74,297
01/12/2022,LIT,AR,ASW,ES,Combined TRACON& Tower with Radar,54,27,67,58,206,0,2,49,22,73,54,29,116,80,279,2,24,26,305
01/13/2022,LIT,AR,ASW,ES,Combined TRACON& Tower with Radar,64,40,62,16,182,0,0,58,0,58,64,40,120,16,240,22,10,32,272
01/14/2022,LIT,AR,ASW,ES,Combined TRACON& Tower with Radar,60,40,62,36,198,0,6,53,14,73,60,46,115,50,271,4,40,44,315
01/15/2022,LIT,AR,ASW,ES,Combined TRACON& Tower with Radar,45,21,17,2,85,0,2,1,0,3,45,23,18,2,88,0,0,0,88
01/16/2022,LIT,AR,ASW,ES,Combined TRACON& Tower with Radar,41,32,38,2,113,0,4,17,0,21,41,36,55,2,134,2,0,2,136
01/17/2022,LIT,AR,ASW,ES,Combined TRACON& Tower with Radar,52,25,53,2,132,0,4,51,0,55,52,29,104,2,187,12,0,12,199
01/18/2022,LIT,AR,ASW,ES,Combined TRACON& Tower with Radar,46,41,60,16,163,0,0,53,5,58,46,41,113,21,221,2,58,60,281
01/19/2022,LIT,AR,ASW,ES,Combined TRACON& Tower with Radar,49,22,59,13,143,0,1,4,2,7,49,23,63,15,150,0,6,6,156
01/20/2022,LIT,AR,ASW,ES,Combined TRACON& Tower with Radar,63,29,60,43,195,0,5,37,7,49,63,34,97,50,244,14,26,40,284
01/21/2022,LIT,AR,ASW,ES,Combined TRACON& Tower with Radar,62,27,57,35,181,0,7,40,6,53,62,34,97,41,234,22,22,44,278
01/22/2022,LIT,AR,ASW,ES,Combined TRACON& Tower with Radar,44,18,33,7,102,0,4,42,3,49,44,22,75,10,151,0,0,0,151
01/23/2022,LIT,AR,ASW,ES,Combined TRACON& Tower with Radar,56,28,35,17,136,0,6,38,4,48,56,34,73,21,184,0,4,4,188
01/24/2022,LIT,AR,ASW,ES,Combined TRACON& Tower with Radar,52,24,48,79,203,0,1,35,6,42,52,25,83,85,245,18,31,49,294
01/25/2022,LIT,AR,ASW,ES,Combined TRACON& Tower with Radar,48,33,65,88,234,0,0,28,9,37,48,33,93,97,271,14,74,88,359
01/26/2022,LIT,AR,ASW,ES,Combined TRACON& Tower with Radar,52,34,66,32,184,0,3,48,6,57,52,37,114,38,241,18,34,52,293
01/27/2022,LIT,AR,ASW,ES,Combined TRACON& Tower with Radar,63,42,74,31,210,0,1,47,3,51,63,43,121,34,261,0,10,10,271
01/28/2022,LIT,AR,ASW,ES,Combined TRACON& Tower with Radar,58,34,54,20,166,0,2,30,3,35,58,36,84,23,201,8,2,10,211
01/29/2022,LIT,AR,ASW,ES,Combined TRACON& Tower with Radar,41,33,35,2,111,0,7,38,0,45,41,40,73,2,156,0,0,0,156
01/30/2022,LIT,AR,ASW,ES,Combined TRACON& Tower with Radar,54,38,36,27,155,0,5,37,3,45,54,43,73,30,200,2,4,6,206
01/31/2022,LIT,AR,ASW,ES,Combined TRACON& Tower with Radar,52,26,53,51,182,0,0,49,3,52,52,26,102,54,234,0,0,0,234
02/01/2022,LIT,AR,ASW,ES,Combined TRACON& Tower with Radar,44,33,47,29,153,0,5,24,8,37,44,38,71,37,190,14,14,28,218
02/02/2022,LIT,AR,ASW,ES,Combined TRACON& Tower with Radar,44,44,41,6,135,0,0,0,0,0,44,44,41,6,135,0,0,0,135
02/03/2022,LIT,AR,ASW,ES,Combined TRACON& Tower with Radar,9,4,3,0,16,0,0,0,0,0,9,4,3,0,16,0,0,0,16
02/04/2022,LIT,AR,ASW,ES,Combined TRACON& Tower with Radar,44,40,36,0,120,0,3,6,0,9,44,43,42,0,129,0,0,0,129
02/05/2022,LIT,AR,ASW,ES,Combined TRACON& Tower with Radar,48,28,30,2,108,0,6,10,0,16,48,34,40,2,124,2,0,2,126
02/06/2022,LIT,AR,ASW,ES,Combined TRACON& Tower with Radar,56,30,40,5,131,0,1,35,0,36,56,31,75,5,167,2,0,2,169
02/07/2022,LIT,AR,ASW,ES,Combined TRACON& Tower with Radar,54,34,69,49,206,0,3,49,6,58,54,37,118,55,264,14,38,52,316
02/08/2022,LIT,AR,ASW,ES,Combined TRACON& Tower with Radar,50,52,87,18,207,0,0,59,6,65,50,52,146,24,272,3,20,23,295
02/09/2022,LIT,AR,ASW,ES,Combined TRACON& Tower with Radar,54,41,74,33,202,0,0,50,6,56,54,41,124,39,258,16,8,24,282
02/10/2022,LIT,AR,ASW,ES,Combined TRACON& Tower with Radar,64,33,75,21,193,0,2,78,5,85,64,35,153,26,278,12,29,41,319
02/11/2022,LIT,AR,ASW,ES,Combined TRACON& Tower with Radar,62,36,85,52,235,0,0,50,8,58,62,36,135,60,293,18,12,30,323
02/12/2022,LIT,AR,ASW,ES,Combined TRACON& Tower with Radar,45,28,29,9,111,0,1,28,3,32,45,29,57,12,143,4,0,4,147
02/13/2022,LIT,AR,ASW,ES,Combined TRACON& Tower with Radar,52,29,34,27,142,0,2,40,0,42,52,31,74,27,184,6,6,12,196
02/14/2022,LIT,AR,ASW,ES,Combined TRACON& Tower with Radar,56,31,47,5,139,0,5,49,5,59,56,36,96,10,198,3,28,31,229
02/15/2022,LIT,AR,ASW,ES,Combined TRACON& Tower with Radar,52,29,66,53,200,0,1,53,13,67,52,30,119,66,267,6,18,24,291
02/16/2022,LIT,AR,ASW,ES,Combined TRACON& Tower with Radar,53,35,66,11,165,0,8,15,1,24,53,43,81,12,189,14,2,16,205
02/17/2022,LIT,AR,ASW,ES,Combined TRACON& Tower with Radar,64,33,55,8,160,0,1,5,0,6,64,34,60,8,166,0,0,0,166
02/18/2022,LIT,AR,ASW,ES,Combined TRACON& Tower with Radar,60,29,69,23,181,0,3,52,1,56,60,32,121,24,237,0,0,0,237
02/19/2022,LIT,AR,ASW,ES,Combined TRACON& Tower with Radar,46,34,27,1,108,0,9,54,4,67,46,43,81,5,175,0,0,0,175
02/20/2022,LIT,AR,ASW,ES,Combined TRACON& Tower with Radar,50,40,43,8,141,0,1,42,1,44,50,41,85,9,185,8,2,10,195
02/21/2022,LIT,AR,ASW,ES,Combined TRACON& Tower with Radar,56,34,78,2,170,0,3,1,0,4,56,37,79,2,174,0,0,0,174
02/22/2022,LIT,AR,ASW,ES,Combined TRACON& Tower with Radar,54,32,55,49,190,0,3,6,1,10,54,35,61,50,200,2,10,12,212
02/23/2022,LIT,AR,ASW,ES,Combined TRACON& Tower with Radar,24,14,31,0,69,0,0,4,0,4,24,14,35,0,73,0,0,0,73
02/24/2022,LIT,AR,ASW,ES,Combined TRACON& Tower with Radar,36,20,21,0,77,0,0,0,0,0,36,20,21,0,77,0,0,0,77
02/25/2022,LIT,AR,ASW,ES,Combined TRACON& Tower with Radar,65,37,60,30,192,0,12,22,13,47,65,49,82,43,239,4,56,60,299
02/26/2022,LIT,AR,ASW,ES,Combined TRACON& Tower with Radar,41,37,32,0,110,0,1,1,0,2,41,38,33,0,112,0,0,0,112
02/27/2022,LIT,AR,ASW,ES,Combined TRACON& Tower with Radar,56,37,48,6,147,0,4,35,3,42,56,41,83,9,189,6,0,6,195
02/28/2022,LIT,AR,ASW,ES,Combined TRACON& Tower with Radar,55,33,54,85,227,0,1,60,17,78,55,34,114,102,305,6,78,84,389
03/01/2022,LIT,AR,ASW,ES,Combined TRACON& Tower with Radar,55,47,64,64,230,0,4,57,9,70,55,51,121,73,300,6,14,20,320
03/02/2022,LIT,AR,ASW,ES,Combined TRACON& Tower with Radar,55,39,72,32,198,0,1,58,7,66,55,40,130,39,264,8,0,8,272
03/03/2022,LIT,AR,ASW,ES,Combined TRACON& Tower with Radar,56,49,113,78,296,0,7,73,8,88,56,56,186,86,384,14,17,31,415
03/04/2022,LIT,AR,ASW,ES,Combined TRACON& Tower with Radar,52,46,59,62,219,0,2,62,16,80,52,48,121,78,299,6,22,28,327
03/05/2022,LIT,AR,ASW,ES,Combined TRACON& Tower with Radar,42,33,26,3,104,0,2,15,9,26,42,35,41,12,130,0,18,18,148
03/06/2022,LIT,AR,ASW,ES,Combined TRACON& Tower with Radar,49,31,35,0,115,0,6,3,0,9,49,37,38,0,124,0,0,0,124
03/07/2022,LIT,AR,ASW,ES,Combined TRACON& Tower with Radar,45,35,42,11,133,0,7,13,1,21,45,42,55,12,154,0,44,44,198
03/08/2022,LIT,AR,ASW,ES,Combined TRACON& Tower with Radar,44,48,45,71,208,0,2,13,8,23,44,50,58,79,231,2,14,16,247
03/09/2022,LIT,AR,ASW,ES,Combined TRACON& Tower with Radar,45,37,87,63,232,0,2,39,9,50,45,39,126,72,282,14,33,47,329
03/10/2022,LIT,AR,ASW,ES,Combined TRACON& Tower with Radar,55,50,77,18,200,0,6,57,9,72,55,56,134,27,272,9,52,61,333
03/11/2022,LIT,AR,ASW,ES,Combined TRACON& Tower with Radar,48,27,52,20,147,0,5,7,4,16,48,32,59,24,163,0,0,0,163
03/12/2022,LIT,AR,ASW,ES,Combined TRACON& Tower with Radar,39,26,37,17,119,0,2,25,1,28,39,28,62,18,147,15,42,57,204
03/13/2022,LIT,AR,ASW,ES,Combined TRACON& Tower with Radar,49,24,44,5,122,0,1,20,0,21,49,25,64,5,143,0,0,0,143
03/14/2022,LIT,AR,ASW,ES,Combined TRACON& Tower with Radar,54,34,59,33,180,0,3,19,4,26,54,37,78,37,206,10,2,12,218
03/15/2022,LIT,AR,ASW,ES,Combined TRACON& Tower with Radar,43,43,53,33,172,0,1,4,1,6,43,44,57,34,178,0,8,8,186
03/16/2022,LIT,AR,ASW,ES,Combined TRACON& Tower with Radar,51,30,80,68,229,0,3,50,5,58,51,33,130,73,287,14,12,26,313
03/17/2022,LIT,AR,ASW,ES,Combined TRACON& Tower with Radar,53,36,71,24,184,0,4,54,2,60,53,40,125,26,244,14,0,14,258
03/18/2022,LIT,AR,ASW,ES,Combined TRACON& Tower with Radar,51,50,60,8,169,0,2,5,4,11,51,52,65,12,180,0,16,16,196
03/19/2022,LIT,AR,ASW,ES,Combined TRACON& Tower with Radar,40,41,49,6,136,0,6,39,0,45,40,47,88,6,181,20,0,20,201
03/20/2022,LIT,AR,ASW,ES,Combined TRACON& Tower with Radar,59,25,44,3,131,0,5,51,1,57,59,30,95,4,188,0,0,0,188
03/21/2022,LIT,AR,ASW,ES,Combined TRACON& Tower with Radar,46,30,50,16,142,0,4,30,2,36,46,34,80,18,178,16,16,32,210
03/22/2022,LIT,AR,ASW,ES,Combined TRACON& Tower with Radar,47,28,25,8,108,0,2,1,0,3,47,30,26,8,111,0,0,0,111
03/23/2022,LIT,AR,ASW,ES,Combined TRACON& Tower with Radar,49,38,51,18,156,0,0,31,6,37,49,38,82,24,193,0,38,38,231
03/24/2022,LIT,AR,ASW,ES,Combined TRACON& Tower with Radar,58,43,56,16,173,0,3,37,7,47,58,46,93,23,220,0,24,24,244
03/25/2022,LIT,AR,ASW,ES,Combined TRACON& Tower with Radar,54,38,57,20,169,0,1,52,0,53,54,39,109,20,222,22,6,28,250
03/26/2022,LIT,AR,ASW,ES,Combined TRACON& Tower with Radar,40,38,53,5,136,0,2,51,1,54,40,40,104,6,190,26,0,26,216
03/27/2022,LIT,AR,ASW,ES,Combined TRACON& Tower with Radar,52,41,53,18,164,0,1,39,3,43,52,42,92,21,207,6,0,6,213
03/28/2022,LIT,AR,ASW,ES,Combined TRACON& Tower with Radar,50,42,54,45,191,0,4,33,0,37,50,46,87,45,228,6,4,10,238
03/29/2022,LIT,AR,ASW,ES,Combined TRACON& Tower with Radar,47,47,77,17,188,0,1,8,1,10,47,48,85,18,198,2,14,16,214
03/30/2022,LIT,AR,ASW,ES,Combined TRACON& Tower with Radar,45,40,28,0,113,0,2,1,0,3,45,42,29,0,116,0,0,0,116
03/31/2022,LIT,AR,ASW,ES,Combined TRACON& Tower with Radar,58,36,80,19,193,0,4,22,1,27,58,40,102,20,220,4,21,25,245
04/01/2022,LIT,AR,ASW,ES,Combined TRACON& Tower with Radar,54,49,70,24,197,0,2,46,1,49,54,51,116,25,246,4,22,26,272
04/02/2022,LIT,AR,ASW,ES,Combined TRACON& Tower with Radar,40,38,27,13,118,0,1,36,0,37,40,39,63,13,155,0,14,14,169
04/03/2022,LIT,AR,ASW,ES,Combined TRACON& Tower with Radar,44,39,46,11,140,0,4,32,2,38,44,43,78,13,178,1,6,7,185
04/04/2022,LIT,AR,ASW,ES,Combined TRACON& Tower with Radar,49,37,53,25,164,0,4,25,9,38,49,41,78,34,202,6,16,22,224
04/05/2022,LIT,AR,ASW,ES,Combined TRACON& Tower with Radar,52,50,59,32,193,0,3,16,2,21,52,53,75,34,214,12,38,50,264
04/06/2022,LIT,AR,ASW,ES,Combined TRACON& Tower with Radar,56,42,89,48,235,0,4,35,9,48,56,46,124,57,283,16,54,70,353
04/07/2022,LIT,AR,ASW,ES,Combined TRACON& Tower with Radar,59,40,75,10,184,0,0,15,4,19,59,40,90,14,203,4,0,4,207
04/08/2022,LIT,AR,ASW,ES,Combined TRACON& Tower with Radar,56,38,79,25,198,0,2,26,4,32,56,40,105,29,230,2,28,30,260
04/09/2022,LIT,AR,ASW,ES,Combined TRACON& Tower with Radar,44,33,40,22,139,0,2,40,7,49,44,35,80,29,188,0,26,26,214
04/10/2022,LIT,AR,ASW,ES,Combined TRACON& Tower with Radar,57,45,55,10,167,0,0,14,1,15,57,45,69,11,182,0,4,4,186
04/11/2022,LIT,AR,ASW,ES,Combined TRACON& Tower with Radar,55,30,74,24,183,0,2,2,0,4,55,32,76,24,187,0,0,0,187
04/12/2022,LIT,AR,ASW,ES,Combined TRACON& Tower with Radar,54,55,74,16,199,0,0,5,3,8,54,55,79,19,207,0,20,20,227
04/13/2022,LIT,AR,ASW,ES,Combined TRACON& Tower with Radar,51,34,33,6,124,0,1,3,0,4,51,35,36,6,128,0,0,0,128
04/14/2022,LIT,AR,ASW,ES,Combined TRACON& Tower with Radar,65,50,101,40,256,0,7,49,12,68,65,57,150,52,324,10,32,42,366
04/15/2022,LIT,AR,ASW,ES,Combined TRACON& Tower with Radar,58,34,70,35,197,0,2,21,7,30,58,36,91,42,227,18,28,46,273
04/16/2022,LIT,AR,ASW,ES,Combined TRACON& Tower with Radar,46,36,31,1,114,0,0,0,0,0,46,36,31,1,114,0,0,0,114
04/17/2022,LIT,AR,ASW,ES,Combined TRACON& Tower with Radar,57,43,16,0,116,0,1,2,0,3,57,44,18,0,119,0,0,0,119
04/18/2022,LIT,AR,ASW,ES,Combined TRACON& Tower with Radar,57,42,62,71,232,0,2,47,5,54,57,44,109,76,286,10,18,28,314
04/19/2022,LIT,AR,ASW,ES,Combined TRACON& Tower with Radar,52,43,54,39,188,0,0,55,12,67,52,43,109,51,255,16,51,67,322
04/20/2022,LIT,AR,ASW,ES,Combined TRACON& Tower with Radar,56,53,72,6,187,0,4,1,1,6,56,57,73,7,193,0,30,30,223
04/21/2022,LIT,AR,ASW,ES,Combined TRACON& Tower with Radar,60,49,87,20,216,0,0,6,2,8,60,49,93,22,224,0,20,20,244
04/22/2022,LIT,AR,ASW,ES,Combined TRACON& Tower with Radar,57,38,63,12,170,0,0,32,1,33,57,38,95,13,203,8,16,24,227
04/23/2022,LIT,AR,ASW,ES,Combined TRACON& Tower with Radar,45,33,29,7,114,0,4,32,4,40,45,37,61,11,154,0,0,0,154
04/24/2022,LIT,AR,ASW,ES,Combined TRACON& Tower with Radar,55,31,50,1,137,0,4,9,0,13,55,35,59,1,150,0,0,0,150
04/25/2022,LIT,AR,ASW,ES,Combined TRACON& Tower with Radar,55,28,46,6,135,0,5,16,1,22,55,33,62,7,157,10,0,10,167
04/26/2022,LIT,AR,ASW,ES,Combined TRACON& Tower with Radar,51,51,87,57,246,0,1,57,11,69,51,52,144,68,315,0,22,22,337
04/27/2022,LIT,AR,ASW,ES,Combined TRACON& Tower with Radar,57,43,74,9,183,0,3,62,5,70,57,46,136,14,253,12,12,24,277
04/28/2022,LIT,AR,ASW,ES,Combined TRACON& Tower with Radar,62,48,59,15,184,0,3,39,5,47,62,51,98,20,231,2,12,14,245
04/29/2022,LIT,AR,ASW,ES,Combined TRACON& Tower with Radar,59,34,74,7,174,0,1,41,2,44,59,35,115,9,218,4,6,10,228
04/30/2022,LIT,AR,ASW,ES,Combined TRACON& Tower with Radar,43,29,25,2,99,0,2,10,0,12,43,31,35,2,111,0,0,0,111
05/01/2022,LIT,AR,ASW,ES,Combined TRACON& Tower with Radar,56,43,56,31,186,0,4,43,1,48,56,47,99,32,234,22,2,24,258
05/02/2022,LIT,AR,ASW,ES,Combined TRACON& Tower with Radar,55,34,40,6,135,0,2,9,3,14,55,36,49,9,149,4,15,19,168
05/03/2022,LIT,AR,ASW,ES,Combined TRACON& Tower with Radar,54,53,78,0,185,0,2,8,0,10,54,55,86,0,195,6,0,6,201
05/04/2022,LIT,AR,ASW,ES,Combined TRACON& Tower with Radar,56,48,89,25,218,0,1,17,3,21,56,49,106,28,239,2,41,43,282
05/05/2022,LIT,AR,ASW,ES,Combined TRACON& Tower with Radar,60,32,45,5,142,0,0,1,1,2,60,32,46,6,144,0,2,2,146
05/06/2022,LIT,AR,ASW,ES,Combined TRACON& Tower with Radar,64,29,71,28,192,0,4,29,8,41,64,33,100,36,233,0,49,49,282
05/07/2022,LIT,AR,ASW,ES,Combined TRACON& Tower with Radar,45,34,38,1,118,0,1,42,5,48,45,35,80,6,166,8,0,8,174
05/08/2022,LIT,AR,ASW,ES,Combined TRACON& Tower with Radar,57,39,60,0,156,0,0,25,0,25,57,39,85,0,181,0,0,0,181
05/09/2022,LIT,AR,ASW,ES,Combined TRACON& Tower with Radar,60,49,70,26,205,0,4,25,4,33,60,53,95,30,238,2,14,16,254
05/10/2022,LIT,AR,ASW,ES,Combined TRACON& Tower with Radar,56,42,68,6,172,0,2,42,2,46,56,44,110,8,218,10,8,18,236
05/11/2022,LIT,AR,ASW,ES,Combined TRACON& Tower with Radar,55,50,96,21,222,0,6,51,2,59,55,56,147,23,281,18,30,48,329
05/12/2022,LIT,AR,ASW,ES,Combined TRACON& Tower with Radar,64,51,90,6,211,0,2,58,6,66,64,53,148,12,277,9,8,17,294
05/13/2022,LIT,AR,ASW,ES,Combined TRACON& Tower with Radar,61,49,66,26,202,0,2,42,8,52,61,51,108,34,254,0,42,42,296
05/14/2022,LIT,AR,ASW,ES,Combined TRACON& Tower with Radar,41,33,24,0,98,0,3,25,0,28,41,36,49,0,126,4,0,4,130
05/15/2022,LIT,AR,ASW,ES,Combined TRACON& Tower with Radar,54,41,35,2,132,0,4,17,0,21,54,45,52,2,153,16,2,18,171
05/16/2022,LIT,AR,ASW,ES,Combined TRACON& Tower with Radar,59,43,70,25,197,0,5,30,4,39,59,48,100,29,236,4,34,38,274
05/17/2022,LIT,AR,ASW,ES,Combined TRACON& Tower with Radar,57,39,57,11,164,0,1,57,5,63,57,40,114,16,227,6,36,42,269
05/18/2022,LIT,AR,ASW,ES,Combined TRACON& Tower with Radar,56,48,60,22,186,0,8,49,1,58,56,56,109,23,244,0,4,4,248
05/19/2022,LIT,AR,ASW,ES,Combined TRACON& Tower with Radar,63,48,75,12,198,0,1,22,4,27,63,49,97,16,225,0,48,48,273
05/20/2022,LIT,AR,ASW,ES,Combined TRACON& Tower with Radar,62,40,73,7,182,0,0,25,9,34,62,40,98,16,216,0,12,12,228
05/21/2022,LIT,AR,ASW,ES,Combined TRACON& Tower with Radar,41,37,28,0,106,0,3,5,0,8,41,40,33,0,114,6,0,6,120
05/22/2022,LIT,AR,ASW,ES,Combined TRACON& Tower with Radar,63,38,39,2,142,0,3,4,0,7,63,41,43,2,149,0,0,0,149
05/23/2022,LIT,AR,ASW,ES,Combined TRACON& Tower with Radar,59,33,72,50,214,0,2,25,6,33,59,35,97,56,247,6,46,52,299
05/24/2022,LIT,AR,ASW,ES,Combined TRACON& Tower with Radar,53,39,49,9,150,0,1,1,0,2,53,40,50,9,152,0,0,0,152
05/25/2022,LIT,AR,ASW,ES,Combined TRACON& Tower with Radar,58,29,52,29,168,0,4,7,14,25,58,33,59,43,193,0,32,32,225
05/26/2022,LIT,AR,ASW,ES,Combined TRACON& Tower with Radar,66,43,65,35,209,0,1,29,4,34,66,44,94,39,243,0,4,4,247
05/27/2022,LIT,AR,ASW,ES,Combined TRACON& Tower with Radar,60,42,70,8,180,0,3,45,1,49,60,45,115,9,229,14,12,26,255
05/28/2022,LIT,AR,ASW,ES,Combined TRACON& Tower with Radar,42,30,14,1,87,0,2,18,1,21,42,32,32,2,108,0,0,0,108
05/29/2022,LIT,AR,ASW,ES,Combined TRACON& Tower with Radar,51,31,14,0,96,0,0,19,0,19,51,31,33,0,115,0,0,0,115
05/30/2022,LIT,AR,ASW,ES,Combined TRACON& Tower with Radar,55,33,30,0,118,0,2,18,0,20,55,35,48,0,138,0,0,0,138
05/31/2022,LIT,AR,ASW,ES,Combined TRACON& Tower with Radar,54,36,75,44,209,0,2,35,7,44,54,38,110,51,253,10,28,38,291
06/01/2022,LIT,AR,ASW,ES,Combined TRACON& Tower with Radar,62,45,73,22,202,0,1,28,2,31,62,46,101,24,233,4,12,16,249
06/02/2022,LIT,AR,ASW,ES,Combined TRACON& Tower with Radar,59,36,53,8,156,0,3,11,0,14,59,39,64,8,170,6,0,6,176
06/03/2022,LIT,AR,ASW,ES,Combined TRACON& Tower with Radar,65,32,68,43,208,0,0,45,7,52,65,32,113,50,260,26,44,70,330
06/04/2022,LIT,AR,ASW,ES,Combined TRACON& Tower with Radar,48,22,33,45,148,0,6,38,3,47,48,28,71,48,195,4,0,4,199
06/05/2022,LIT,AR,ASW,ES,Combined TRACON& Tower with Radar,64,39,42,18,163,0,0,26,0,26,64,39,68,18,189,20,0,20,209
06/06/2022,LIT,AR,ASW,ES,Combined TRACON& Tower with Radar,65,28,67,8,168,0,5,24,1,30,65,33,91,9,198,22,0,22,220
06/07/2022,LIT,AR,ASW,ES,Combined TRACON& Tower with Radar,62,26,56,6,150,0,3,20,1,24,62,29,76,7,174,0,0,0,174
06/08/2022,LIT,AR,ASW,ES,Combined TRACON& Tower with Radar,68,34,51,8,161,0,1,4,0,5,68,35,55,8,166,0,0,0,166
06/09/2022,LIT,AR,ASW,ES,Combined TRACON& Tower with Radar,71,36,74,19,200,0,0,47,1,48,71,36,121,20,248,10,18,28,276
06/10/2022,LIT,AR,ASW,ES,Combined TRACON& Tower with Radar,66,30,57,34,187,0,3,19,3,25,66,33,76,37,212,8,28,36,248
06/11/2022,LIT,AR,ASW,ES,Combined TRACON& Tower with Radar,50,36,36,13,135,0,1,35,5,41,50,37,71,18,176,10,0,10,186
06/12/2022,LIT,AR,ASW,ES,Combined TRACON& Tower with Radar,61,29,55,23,168,0,0,36,13,49,61,29,91,36,217,0,12,12,229
06/13/2022,LIT,AR,ASW,ES,Combined TRACON& Tower with Radar,69,24,60,35,188,0,1,51,11,63,69,25,111,46,251,12,27,39,290
06/14/2022,LIT,AR,ASW,ES,Combined TRACON& Tower with Radar,64,33,72,41,210,0,2,42,8,52,64,35,114,49,262,0,19,19,281
06/15/2022,LIT,AR,ASW,ES,Combined TRACON& Tower with Radar,65,35,61,53,214,0,2,51,10,63,65,37,112,63,277,4,64,68,345
06/16/2022,LIT,AR,ASW,ES,Combined TRACON& Tower with Radar,69,27,75,41,212,0,1,50,10,61,69,28,125,51,273,30,40,70,343
06/17/2022,LIT,AR,ASW,ES,Combined TRACON& Tower with Radar,66,26,63,22,177,0,1,37,2,40,66,27,100,24,217,0,46,46,263
06/18/2022,LIT,AR,ASW,ES,Combined TRACON& Tower with Radar,50,29,32,0,111,0,7,27,0,34,50,36,59,0,145,0,0,0,145
06/19/2022,LIT,AR,ASW,ES,Combined TRACON& Tower with Radar,62,28,28,0,118,0,2,35,1,38,62,30,63,1,156,22,0,22,178
06/20/2022,LIT,AR,ASW,ES,Combined TRACON& Tower with Radar,65,43,62,3,173,0,1,36,0,37,65,44,98,3,210,2,0,2,212
06/21/2022,LIT,AR,ASW,ES,Combined TRACON& Tower with Radar,65,39,74,9,187,0,2,39,5,46,65,41,113,14,233,18,16,34,267
06/22/2022,LIT,AR,ASW,ES,Combined TRACON& Tower with Radar,64,34,69,20,187,0,3,31,3,37,64,37,100,23,224,0,18,18,242
06/23/2022,LIT,AR,ASW,ES,Combined TRACON& Tower with Radar,71,29,77,8,185,0,4,54,3,61,71,33,131,11,246,4,8,12,258
06/24/2022,LIT,AR,ASW,ES,Combined TRACON& Tower with Radar,65,42,52,72,231,0,4,45,8,57,65,46,97,80,288,10,67,77,365
06/25/2022,LIT,AR,ASW,ES,Combined TRACON& Tower with Radar,46,30,30,17,123,0,7,42,7,56,46,37,72,24,179,6,6,12,191
06/26/2022,LIT,AR,ASW,ES,Combined TRACON& Tower with Radar,66,38,59,11,174,0,5,31,1,37,66,43,90,12,211,26,0,26,237
06/27/2022,LIT,AR,ASW,ES,Combined TRACON& Tower with Radar,59,26,48,52,185,0,4,45,9,58,59,30,93,61,243,0,26,26,269
06/28/2022,LIT,AR,ASW,ES,Combined TRACON& Tower with Radar,62,34,60,43,199,0,3,69,8,80,62,37,129,51,279,22,26,48,327
06/29/2022,LIT,AR,ASW,ES,Combined TRACON& Tower with Radar,63,36,81,64,244,0,1,37,24,62,63,37,118,88,306,4,42,46,352
06/30/2022,LIT,AR,ASW,ES,Combined TRACON& Tower with Radar,71,25,68,62,226,0,5,41,10,56,71,30,109,72,282,6,52,58,340
07/01/2022,LIT,AR,ASW,ES,Combined TRACON& Tower with Radar,63,32,47,2,144,0,2,27,0,29,63,34,74,2,173,4,0,4,177
07/02/2022,LIT,AR,ASW,ES,Combined TRACON& Tower with Radar,45,32,29,7,113,0,1,14,0,15,45,33,43,7,128,8,6,14,142
07/03/2022,LIT,AR,ASW,ES,Combined TRACON& Tower with Radar,59,21,23,2,105,0,2,10,3,15,59,23,33,5,120,8,0,8,128
07/04/2022,LIT,AR,ASW,ES,Combined TRACON& Tower with Radar,59,14,16,0,89,0,1,18,0,19,59,15,34,0,108,10,0,10,118
07/05/2022,LIT,AR,ASW,ES,Combined TRACON& Tower with Radar,58,29,46,52,185,0,4,27,5,36,58,33,73,57,221,8,6,14,235
07/06/2022,LIT,AR,ASW,ES,Combined TRACON& Tower with Radar,61,27,56,42,186,1,2,43,6,52,62,29,99,48,238,28,54,82,320
07/07/2022,LIT,AR,ASW,ES,Combined TRACON& Tower with Radar,68,31,60,79,238,0,6,38,24,68,68,37,98,103,306,0,0,0,306
07/08/2022,LIT,AR,ASW,ES,Combined TRACON& Tower with Radar,61,24,44,56,185,0,3,47,12,62,61,27,91,68,247,0,54,54,301
07/09/2022,LIT,AR,ASW,ES,Combined TRACON& Tower with Radar,47,18,25,13,103,0,2,21,2,25,47,20,46,15,128,6,0,6,134
07/10/2022,LIT,AR,ASW,ES,Combined TRACON& Tower with Radar,63,21,42,11,137,0,2,33,1,36,63,23,75,12,173,0,12,12,185
07/11/2022,LIT,AR,ASW,ES,Combined TRACON& Tower with Radar,60,24,44,39,167,0,1,46,4,51,60,25,90,43,218,2,38,40,258
07/12/2022,LIT,AR,ASW,ES,Combined TRACON& Tower with Radar,59,38,47,56,200,0,1,46,7,54,59,39,93,63,254,0,30,30,284
07/13/2022,LIT,AR,ASW,ES,Combined TRACON& Tower with Radar,62,26,49,67,204,0,0,50,12,62,62,26,99,79,266,4,36,40,306
07/14/2022,LIT,AR,ASW,ES,Combined TRACON& Tower with Radar,72,31,82,42,227,0,5,51,5,61,72,36,133,47,288,4,6,10,298
07/15/2022,LIT,AR,ASW,ES,Combined TRACON& Tower with Radar,64,36,50,109,259,0,2,58,4,64,64,38,108,113,323,4,22,26,349
07/16/2022,LIT,AR,ASW,ES,Combined TRACON& Tower with Radar,49,32,28,22,131,0,5,22,9,36,49,37,50,31,167,14,2,16,183
07/17/2022,LIT,AR,ASW,ES,Combined TRACON& Tower with Radar,62,26,19,12,119,0,3,32,0,35,62,29,51,12,154,6,0,6,160
07/18/2022,LIT,AR,ASW,ES,Combined TRACON& Tower with Radar,65,27,53,46,191,0,3,39,3,45,65,30,92,49,236,0,60,60,296
07/19/2022,LIT,AR,ASW,ES,Combined TRACON& Tower with Radar,61,42,52,35,190,0,2,19,4,25,61,44,71,39,215,2,16,18,233
07/20/2022,LIT,AR,ASW,ES,Combined TRACON& Tower with Radar,68,29,48,20,165,0,3,31,5,39,68,32,79,25,204,12,34,46,250
07/21/2022,LIT,AR,ASW,ES,Combined TRACON& Tower with Radar,71,34,70,49,224,0,0,37,12,49,71,34,107,61,273,0,14,14,287
07/22/2022,LIT,AR,ASW,ES,Combined TRACON& Tower with Radar,64,29,50,32,175,0,1,43,1,45,64,30,93,33,220,0,14,14,234
07/23/2022,LIT,AR,ASW,ES,Combined TRACON& Tower with Radar,50,29,36,12,127,0,1,38,1,40,50,30,74,13,167,0,0,0,167
07/24/2022,LIT,AR,ASW,ES,Combined TRACON& Tower with Radar,58,27,51,28,164,0,3,36,10,49,58,30,87,38,213,0,0,0,213
07/25/2022,LIT,AR,ASW,ES,Combined TRACON& Tower with Radar,60,31,59,33,183,0,3,40,12,55,60,34,99,45,238,10,12,22,260
07/26/2022,LIT,AR,ASW,ES,Combined TRACON& Tower with Radar,60,38,78,32,208,1,7,21,9,38,61,45,99,41,246,0,12,12,258
07/27/2022,LIT,AR,ASW,ES,Combined TRACON& Tower with Radar,68,37,57,25,187,0,2,24,3,29,68,39,81,28,216,8,42,50,266
07/28/2022,LIT,AR,ASW,ES,Combined TRACON& Tower with Radar,67,36,55,12,170,0,3,16,2,21,67,39,71,14,191,0,2,2,193
07/29/2022,LIT,AR,ASW,ES,Combined TRACON& Tower with Radar,66,28,49,3,146,0,5,23,0,28,66,33,72,3,174,0,0,0,174
07/30/2022,LIT,AR,ASW,ES,Combined TRACON& Tower with Radar,47,25,36,0,108,0,4,4,2,10,47,29,40,2,118,0,0,0,118
07/31/2022,LIT,AR,ASW,ES,Combined TRACON& Tower with Radar,63,29,48,0,140,0,2,6,0,8,63,31,54,0,148,0,0,0,148
08/01/2022,LIT,AR,ASW,ES,Combined TRACON& Tower with Radar,64,32,44,41,181,0,0,30,7,37,64,32,74,48,218,2,18,20,238
08/02/2022,LIT,AR,ASW,ES,Combined TRACON& Tower with Radar,65,31,60,78,234,0,1,38,11,50,65,32,98,89,284,4,36,40,324
08/03/2022,LIT,AR,ASW,ES,Combined TRACON& Tower with Radar,63,19,66,32,180,0,1,37,2,40,63,20,103,34,220,2,8,10,230
08/04/2022,LIT,AR,ASW,ES,Combined TRACON& Tower with Radar,66,27,68,38,199,0,1,21,10,32,66,28,89,48,231,6,70,76,307
08/05/2022,LIT,AR,ASW,ES,Combined TRACON& Tower with Radar,60,30,45,35,170,0,2,21,3,26,60,32,66,38,196,0,6,6,202
08/06/2022,LIT,AR,ASW,ES,Combined TRACON& Tower with Radar,49,35,31,2,117,0,2,48,3,53,49,37,79,5,170,24,16,40,210
08/07/2022,LIT,AR,ASW,ES,Combined TRACON& Tower with Radar,61,27,43,11,142,0,7,49,0,56,61,34,92,11,198,42,4,46,244
08/08/2022,LIT,AR,ASW,ES,Combined TRACON& Tower with Radar,64,29,47,36,176,0,2,18,0,20,64,31,65,36,196,0,0,0,196
08/09/2022,LIT,AR,ASW,ES,Combined TRACON& Tower with Radar,59,37,61,31,188,0,1,13,9,23,59,38,74,40,211,6,50,56,267
08/10/2022,LIT,AR,ASW,ES,Combined TRACON& Tower with Radar,72,41,56,23,192,0,1,11,4,16,72,42,67,27,208,0,6,6,214
08/11/2022,LIT,AR,ASW,ES,Combined TRACON& Tower with Radar,69,34,76,76,255,0,7,41,2,50,69,41,117,78,305,10,8,18,323
08/12/2022,LIT,AR,ASW,ES,Combined TRACON& Tower with Radar,66,32,72,42,212,0,6,63,5,74,66,38,135,47,286,6,42,48,334
08/13/2022,LIT,AR,ASW,ES,Combined TRACON& Tower with Radar,50,30,35,13,128,0,0,47,3,50,50,30,82,16,178,12,0,12,190
08/14/2022,LIT,AR,ASW,ES,Combined TRACON& Tower with Radar,57,37,30,14,138,0,5,31,0,36,57,42,61,14,174,2,0,2,176
08/15/2022,LIT,AR,ASW,ES,Combined TRACON& Tower with Radar,64,30,68,26,188,0,6,35,2,43,64,36,103,28,231,6,44,50,281
08/16/2022,LIT,AR,ASW,ES,Combined TRACON& Tower with Radar,60,40,66,19,185,0,4,55,8,67,60,44,121,27,252,4,16,20,272
08/17/2022,LIT,AR,ASW,ES,Combined TRACON& Tower with Radar,65,33,63,10,171,0,0,2,2,4,65,33,65,12,175,6,8,14,189
08/18/2022,LIT,AR,ASW,ES,Combined TRACON& Tower with Radar,68,32,64,17,181,0,1,38,6,45,68,33,102,23,226,10,4,14,240
08/19/2022,LIT,AR,ASW,ES,Combined TRACON& Tower with Radar,61,30,59,82,232,0,10,49,18,77,61,40,108,100,309,10,100,110,419
08/20/2022,LIT,AR,ASW,ES,Combined TRACON& Tower with Radar,50,26,36,2,114,0,2,48,15,65,50,28,84,17,179,8,48,56,235
08/21/2022,LIT,AR,ASW,ES,Combined TRACON& Tower with Radar,52,27,33,4,116,0,1,5,0,6,52,28,38,4,122,0,0,0,122
08/22/2022,LIT,AR,ASW,ES,Combined TRACON& Tower with Radar,55,30,58,15,158,0,0,1,5,6,55,30,59,20,164,0,52,52,216
08/23/2022,LIT,AR,ASW,ES,Combined TRACON& Tower with Radar,62,42,56,7,167,0,1,2,3,6,62,43,58,10,173,0,22,22,195
08/24/2022,LIT,AR,ASW,ES,Combined TRACON& Tower with Radar,62,40,57,24,183,0,0,16,4,20,62,40,73,28,203,0,46,46,249
08/25/2022,LIT,AR,ASW,ES,Combined TRACON& Tower with Radar,64,25,65,35,189,0,0,58,12,70,64,25,123,47,259,8,50,58,317
08/26/2022,LIT,AR,ASW,ES,Combined TRACON& Tower with Radar,61,24,51,65,201,0,2,42,17,61,61,26,93,82,262,16,76,92,354
08/27/2022,LIT,AR,ASW,ES,Combined TRACON& Tower with Radar,48,24,32,17,121,0,4,42,4,50,48,28,74,21,171,0,12,12,183
08/28/2022,LIT,AR,ASW,ES,Combined TRACON& Tower with Radar,53,25,43,4,125,0,0,18,0,18,53,25,61,4,143,0,0,0,143
08/29/2022,LIT,AR,ASW,ES,Combined TRACON& Tower with Radar,52,30,44,29,155,0,2,34,4,40,52,32,78,33,195,2,16,18,213
08/30/2022,LIT,AR,ASW,ES,Combined TRACON& Tower with Radar,63,37,76,5,181,0,1,24,2,27,63,38,100,7,208,22,2,24,232
08/31/2022,LIT,AR,ASW,ES,Combined TRACON& Tower with Radar,65,40,73,22,200,0,2,40,7,49,65,42,113,29,249,18,22,40,289
09/01/2022,LIT,AR,ASW,ES,Combined TRACON& Tower with Radar,66,35,58,39,198,0,4,42,5,51,66,39,100,44,249,4,46,50,299
09/02/2022,LIT,AR,ASW,ES,Combined TRACON& Tower with Radar,61,24,51,3,139,0,4,17,0,21,61,28,68,3,160,5,0,5,165
09/03/2022,LIT,AR,ASW,ES,Combined TRACON& Tower with Radar,50,29,33,4,116,0,0,22,0,22,50,29,55,4,138,0,0,0,138
09/04/2022,LIT,AR,ASW,ES,Combined TRACON& Tower with Radar,49,26,27,4,106,0,0,21,0,21,49,26,48,4,127,0,0,0,127
09/05/2022,LIT,AR,ASW,ES,Combined TRACON& Tower with Radar,53,27,36,1,117,0,3,20,0,23,53,30,56,1,140,0,0,0,140
09/06/2022,LIT,AR,ASW,ES,Combined TRACON& Tower with Radar,59,28,55,8,150,0,2,21,2,25,59,30,76,10,175,15,10,25,200
09/07/2022,LIT,AR,ASW,ES,Combined TRACON& Tower with Radar,62,44,66,29,201,0,1,34,5,40,62,45,100,34,241,0,34,34,275
09/08/2022,LIT,AR,ASW,ES,Combined TRACON& Tower with Radar,61,34,80,14,189,0,1,55,12,68,61,35,135,26,257,16,8,24,281
09/09/2022,LIT,AR,ASW,ES,Combined TRACON& Tower with Radar,59,29,62,52,202,0,4,43,12,59,59,33,105,64,261,0,0,0,261
09/10/2022,LIT,AR,ASW,ES,Combined TRACON& Tower with Radar,48,31,37,10,126,0,2,16,0,18,48,33,53,10,144,10,38,48,192
09/11/2022,LIT,AR,ASW,ES,Combined TRACON& Tower with Radar,59,28,61,0,148,0,2,21,0,23,59,30,82,0,171,4,0,4,175
09/12/2022,LIT,AR,ASW,ES,Combined TRACON& Tower with Radar,59,36,45,59,199,0,0,42,11,53,59,36,87,70,252,18,42,60,312
09/13/2022,LIT,AR,ASW,ES,Combined TRACON& Tower with Radar,60,44,62,7,173,0,4,59,3,66,60,48,121,10,239,24,16,40,279
09/14/2022,LIT,AR,ASW,ES,Combined TRACON& Tower with Radar,60,28,65,19,172,0,2,49,7,58,60,30,114,26,230,8,16,24,254
09/15/2022,LIT,AR,ASW,ES,Combined TRACON& Tower with Radar,63,42,64,13,182,0,3,26,1,30,63,45,90,14,212,10,6,16,228
09/16/2022,LIT,AR,ASW,ES,Combined TRACON& Tower with Radar,65,46,72,10,193,0,2,22,6,30,65,48,94,16,223,12,36,48,271
09/17/2022,LIT,AR,ASW,ES,Combined TRACON& Tower with Radar,48,26,37,7,118,0,1,23,0,24,48,27,60,7,142,0,0,0,142
09/18/2022,LIT,AR,ASW,ES,Combined TRACON& Tower with Radar,63,33,44,4,144,0,0,22,0,22,63,33,66,4,166,6,0,6,172
09/19/2022,LIT,AR,ASW,ES,Combined TRACON& Tower with Radar,57,41,54,5,157,0,4,37,2,43,57,45,91,7,200,0,0,0,200
09/20/2022,LIT,AR,ASW,ES,Combined TRACON& Tower with Radar,60,47,80,44,231,0,6,45,3,54,60,53,125,47,285,0,16,16,301
09/21/2022,LIT,AR,ASW,ES,Combined TRACON& Tower with Radar,60,73,108,16,257,0,3,62,5,70,60,76,170,21,327,14,10,24,351
09/22/2022,LIT,AR,ASW,ES,Combined TRACON& Tower with Radar,67,48,73,28,216,0,1,63,5,69,67,49,136,33,285,16,40,56,341
09/23/2022,LIT,AR,ASW,ES,Combined TRACON& Tower with Radar,64,43,57,40,204,0,0,63,6,69,64,43,120,46,273,14,10,24,297
09/24/2022,LIT,AR,ASW,ES,Combined TRACON& Tower with Radar,49,33,48,6,136,0,4,47,13,64,49,37,95,19,200,10,0,10,210
09/25/2022,LIT,AR,ASW,ES,Combined TRACON& Tower with Radar,63,28,46,11,148,0,6,76,9,91,63,34,122,20,239,2,0,2,241
09/26/2022,LIT,AR,ASW,ES,Combined TRACON& Tower with Radar,57,31,57,17,162,0,2,62,0,64,57,33,119,17,226,18,12,30,256
09/27/2022,LIT,AR,ASW,ES,Combined TRACON& Tower with Radar,62,45,68,24,199,0,0,60,7,67,62,45,128,31,266,6,6,12,278
09/28/2022,LIT,AR,ASW,ES,Combined TRACON& Tower with Radar,60,45,51,45,201,0,4,61,8,73,60,49,112,53,274,6,16,22,296
09/29/2022,LIT,AR,ASW,ES,Combined TRACON& Tower with Radar,62,46,57,53,218,0,3,53,5,61,62,49,110,58,279,12,20,32,311
09/30/2022,LIT,AR,ASW,ES,Combined TRACON& Tower with Radar,60,37,103,62,262,0,3,43,3,49,60,40,146,65,311,4,12,16,327
10/01/2022,LIT,AR,ASW,ES,Combined TRACON& Tower with Radar,45,25,45,9,124,0,0,40,2,42,45,25,85,11,166,15,0,15,181
10/02/2022,LIT,AR,ASW,ES,Combined TRACON& Tower with Radar,59,34,53,13,159,0,3,51,0,54,59,37,104,13,213,10,2,12,225
10/03/2022,LIT,AR,ASW,ES,Combined TRACON& Tower with Radar,57,28,45,38,168,0,1,56,2,59,57,29,101,40,227,26,20,46,273
10/04/2022,LIT,AR,ASW,ES,Combined TRACON& Tower with Radar,56,38,44,54,192,0,0,52,8,60,56,38,96,62,252,20,16,36,288
10/05/2022,LIT,AR,ASW,ES,Combined TRACON& Tower with Radar,58,32,71,26,187,0,5,64,7,76,58,37,135,33,263,12,32,44,307
10/06/2022,LIT,AR,ASW,ES,Combined TRACON& Tower with Radar,68,40,59,38,205,0,11,39,0,50,68,51,98,38,255,16,2,18,273
10/07/2022,LIT,AR,ASW,ES,Combined TRACON& Tower with Radar,64,29,59,0,152,0,14,47,0,61,64,43,106,0,213,6,0,6,219
10/08/2022,LIT,AR,ASW,ES,Combined TRACON& Tower with Radar,54,34,20,2,110,0,1,41,0,42,54,35,61,2,152,34,0,34,186
10/09/2022,LIT,AR,ASW,ES,Combined TRACON& Tower with Radar,64,28,36,0,128,0,3,51,0,54,64,31,87,0,182,32,0,32,214
10/10/2022,LIT,AR,ASW,ES,Combined TRACON& Tower with Radar,60,30,38,2,130,0,1,29,0,30,60,31,67,2,160,8,0,8,168
10/11/2022,LIT,AR,ASW,ES,Combined TRACON& Tower with Radar,62,31,48,29,170,0,0,41,3,44,62,31,89,32,214,6,22,28,242
10/12/2022,LIT,AR,ASW,ES,Combined TRACON& Tower with Radar,60,42,58,22,182,0,6,19,15,40,60,48,77,37,222,8,32,40,262
10/13/2022,LIT,AR,ASW,ES,Combined TRACON& Tower with Radar,67,38,87,14,206,0,11,46,11,68,67,49,133,25,274,8,30,38,312
10/14/2022,LIT,AR,ASW,ES,Combined TRACON& Tower with Radar,67,44,79,13,203,0,2,38,1,41,67,46,117,14,244,20,16,36,280
10/15/2022,LIT,AR,ASW,ES,Combined TRACON& Tower with Radar,56,21,26,6,109,0,0,12,0,12,56,21,38,6,121,2,4,6,127
10/16/2022,LIT,AR,ASW,ES,Combined TRACON& Tower with Radar,66,39,36,0,141,0,1,18,0,19,66,40,54,0,160,8,0,8,168
10/17/2022,LIT,AR,ASW,ES,Combined TRACON& Tower with Radar,57,26,56,28,167,0,0,46,3,49,57,26,102,31,216,10,8,18,234
10/18/2022,LIT,AR,ASW,ES,Combined TRACON& Tower with Radar,57,37,64,12,170,0,0,36,2,38,57,37,100,14,208,4,8,12,220
10/19/2022,LIT,AR,ASW,ES,Combined TRACON& Tower with Radar,60,40,68,20,188,0,1,35,3,39,60,41,103,23,227,4,12,16,243
10/20/2022,LIT,AR,ASW,ES,Combined TRACON& Tower with Radar,66,40,88,11,205,0,4,46,9,59,66,44,134,20,264,6,8,14,278
10/21/2022,LIT,AR,ASW,ES,Combined TRACON& Tower with Radar,66,38,71,49,224,0,1,52,7,60,66,39,123,56,284,28,34,62,346
10/22/2022,LIT,AR,ASW,ES,Combined TRACON& Tower with Radar,54,24,49,4,131,0,2,33,6,41,54,26,82,10,172,6,0,6,178
10/23/2022,LIT,AR,ASW,ES,Combined TRACON& Tower with Radar,68,34,58,12,172,0,0,26,0,26,68,34,84,12,198,4,2,6,204
10/24/2022,LIT,AR,ASW,ES,Combined TRACON& Tower with Radar,65,26,52,12,155,0,4,12,10,26,65,30,64,22,181,20,56,76,257
10/25/2022,LIT,AR,ASW,ES,Combined TRACON& Tower with Radar,60,57,63,20,200,0,0,4,7,11,60,57,67,27,211,0,22,22,233
10/26/2022,LIT,AR,ASW,ES,Combined TRACON& Tower with Radar,64,46,84,21,215,0,7,58,4,69,64,53,142,25,284,0,36,36,320
10/27/2022,LIT,AR,ASW,ES,Combined TRACON& Tower with Radar,71,46,83,23,223,0,3,59,8,70,71,49,142,31,293,2,32,34,327
10/28/2022,LIT,AR,ASW,ES,Combined TRACON& Tower with Radar,63,41,63,17,184,0,1,28,4,33,63,42,91,21,217,2,38,40,257
10/29/2022,LIT,AR,ASW,ES,Combined TRACON& Tower with Radar,47,21,27,1,96,0,0,6,0,6,47,21,33,1,102,0,0,0,102
10/30/2022,LIT,AR,ASW,ES,Combined TRACON& Tower with Radar,61,33,39,0,133,0,2,1,0,3,61,35,40,0,136,4,0,4,140
10/31/2022,LIT,AR,ASW,ES,Combined TRACON& Tower with Radar,52,24,34,24,134,0,1,38,6,45,52,25,72,30,179,16,28,44,223
11/01/2022,LIT,AR,ASW,ES,Combined TRACON& Tower with Radar,62,30,62,33,187,0,6,44,9,59,62,36,106,42,246,24,24,48,294
11/02/2022,LIT,AR,ASW,ES,Combined TRACON& Tower with Radar,58,28,70,47,203,0,3,55,17,75,58,31,125,64,278,6,78,84,362
11/03/2022,LIT,AR,ASW,ES,Combined TRACON& Tower with Radar,65,43,69,31,208,0,2,44,9,55,65,45,113,40,263,10,58,68,331
11/04/2022,LIT,AR,ASW,ES,Combined TRACON& Tower with Radar,58,38,52,1,149,0,0,12,1,13,58,38,64,2,162,8,2,10,172
11/05/2022,LIT,AR,ASW,ES,Combined TRACON& Tower with Radar,43,33,36,4,116,0,1,33,3,37,43,34,69,7,153,0,34,34,187
11/06/2022,LIT,AR,ASW,ES,Combined TRACON& Tower with Radar,57,33,52,3,145,0,3,35,0,38,57,36,87,3,183,0,0,0,183
11/07/2022,LIT,AR,ASW,ES,Combined TRACON& Tower with Radar,60,36,63,34,193,0,1,1,1,3,60,37,64,35,196,0,2,2,198
11/08/2022,LIT,AR,ASW,ES,Combined TRACON& Tower with Radar,60,43,85,22,210,0,4,18,2,24,60,47,103,24,234,2,10,12,246
11/09/2022,LIT,AR,ASW,ES,Combined TRACON& Tower with Radar,64,45,68,27,204,0,0,50,12,62,64,45,118,39,266,8,32,40,306
11/10/2022,LIT,AR,ASW,ES,Combined TRACON& Tower with Radar,65,36,97,8,206,0,0,57,5,62,65,36,154,13,268,4,40,44,312
11/11/2022,LIT,AR,ASW,ES,Combined TRACON& Tower with Radar,65,40,69,4,178,0,1,12,0,13,65,41,81,4,191,0,0,0,191
11/12/2022,LIT,AR,ASW,ES,Combined TRACON& Tower with Radar,51,38,44,1,134,0,6,45,1,52,51,44,89,2,186,32,0,32,218
11/13/2022,LIT,AR,ASW,ES,Combined TRACON& Tower with Radar,60,33,47,11,151,0,1,35,1,37,60,34,82,12,188,20,0,20,208
11/14/2022,LIT,AR,ASW,ES,Combined TRACON& Tower with Radar,63,41,49,16,169,0,2,17,3,22,63,43,66,19,191,0,14,14,205
11/15/2022,LIT,AR,ASW,ES,Combined TRACON& Tower with Radar,62,24,60,4,150,0,3,16,2,21,62,27,76,6,171,14,4,18,189
11/16/2022,LIT,AR,ASW,ES,Combined TRACON& Tower with Radar,66,39,70,12,187,0,1,38,6,45,66,40,108,18,232,30,18,48,280
11/17/2022,LIT,AR,ASW,ES,Combined TRACON& Tower with Radar,69,48,72,19,208,0,1,56,9,66,69,49,128,28,274,22,16,38,312
11/18/2022,LIT,AR,ASW,ES,Combined TRACON& Tower with Radar,65,51,71,12,199,0,3,43,6,52,65,54,114,18,251,14,20,34,285
11/19/2022,LIT,AR,ASW,ES,Combined TRACON& Tower with Radar,52,33,51,9,145,0,3,32,0,35,52,36,83,9,180,0,2,2,182
11/20/2022,LIT,AR,ASW,ES,Combined TRACON& Tower with Radar,62,37,50,4,153,0,5,38,1,44,62,42,88,5,197,0,2,2,199
11/21/2022,LIT,AR,ASW,ES,Combined TRACON& Tower with Radar,61,32,47,27,167,0,1,41,6,48,61,33,88,33,215,2,40,42,257
11/22/2022,LIT,AR,ASW,ES,Combined TRACON& Tower with Radar,63,37,51,27,178,0,1,41,7,49,63,38,92,34,227,4,38,42,269
11/23/2022,LIT,AR,ASW,ES,Combined TRACON& Tower with Radar,66,35,64,0,165,0,4,41,0,45,66,39,105,0,210,12,0,12,222
11/24/2022,LIT,AR,ASW,ES,Combined TRACON& Tower with Radar,38,18,11,0,67,0,0,0,0,0,38,18,11,0,67,0,0,0,67
11/25/2022,LIT,AR,ASW,ES,Combined TRACON& Tower with Radar,58,32,35,0,125,0,3,5,0,8,58,35,40,0,133,0,0,0,133
11/26/2022,LIT,AR,ASW,ES,Combined TRACON& Tower with Radar,57,44,20,0,121,0,0,3,0,3,57,44,23,0,124,0,0,0,124
11/27/2022,LIT,AR,ASW,ES,Combined TRACON& Tower with Radar,63,33,58,0,154,0,2,8,0,10,63,35,66,0,164,0,0,0,164
11/28/2022,LIT,AR,ASW,ES,Combined TRACON& Tower with Radar,66,26,73,16,181,0,5,44,8,57,66,31,117,24,238,28,30,58,296
11/29/2022,LIT,AR,ASW,ES,Combined TRACON& Tower with Radar,61,28,40,0,129,0,0,3,0,3,61,28,43,0,132,0,0,0,132
11/30/2022,LIT,AR,ASW,ES,Combined TRACON& Tower with Radar,64,65,72,16,217,0,2,53,8,63,64,67,125,24,280,4,40,44,324
12/01/2022,LIT,AR,ASW,ES,Combined TRACON& Tower with Radar,72,35,70,35,212,0,5,54,5,64,72,40,124,40,276,18,40,58,334
12/02/2022,LIT,AR,ASW,ES,Combined TRACON& Tower with Radar,70,48,90,4,212,0,1,14,0,15,70,49,104,4,227,10,0,10,237
12/03/2022,LIT,AR,ASW,ES,Combined TRACON& Tower with Radar,53,26,43,2,124,0,1,50,0,51,53,27,93,2,175,10,0,10,185
12/04/2022,LIT,AR,ASW,ES,Combined TRACON& Tower with Radar,61,35,46,3,145,0,1,6,2,9,61,36,52,5,154,0,0,0,154
12/05/2022,LIT,AR,ASW,ES,Combined TRACON& Tower with Radar,61,30,36,2,129,0,0,0,0,0,61,30,36,2,129,0,0,0,129
12/06/2022,LIT,AR,ASW,ES,Combined TRACON& Tower with Radar,67,31,50,7,155,0,1,2,2,5,67,32,52,9,160,0,34,34,194
12/07/2022,LIT,AR,ASW,ES,Combined TRACON& Tower with Radar,67,41,56,0,164,0,0,0,0,0,67,41,56,0,164,0,0,0,164
12/08/2022,LIT,AR,ASW,ES,Combined TRACON& Tower with Radar,69,42,65,1,177,0,0,0,0,0,69,42,65,1,177,0,0,0,177
12/09/2022,LIT,AR,ASW,ES,Combined TRACON& Tower with Radar,61,41,65,14,181,0,8,21,3,32,61,49,86,17,213,6,60,66,279
12/10/2022,LIT,AR,ASW,ES,Combined TRACON& Tower with Radar,56,19,17,3,95,0,0,0,0,0,56,19,17,3,95,0,0,0,95
12/11/2022,LIT,AR,ASW,ES,Combined TRACON& Tower with Radar,62,30,51,6,149,0,0,1,0,1,62,30,52,6,150,0,0,0,150
12/12/2022,LIT,AR,ASW,ES,Combined TRACON& Tower with Radar,63,25,47,4,139,0,0,1,0,1,63,25,48,4,140,0,0,0,140
12/13/2022,LIT,AR,ASW,ES,Combined TRACON& Tower with Radar,60,28,32,10,130,0,0,0,0,0,60,28,32,10,130,0,0,0,130
12/14/2022,LIT,AR,ASW,ES,Combined TRACON& Tower with Radar,68,27,65,15,175,0,1,19,9,29,68,28,84,24,204,0,58,58,262
12/15/2022,LIT,AR,ASW,ES,Combined TRACON& Tower with Radar,72,42,85,33,232,0,2,66,8,76,72,44,151,41,308,22,30,52,360
12/16/2022,LIT,AR,ASW,ES,Combined TRACON& Tower with Radar,73,40,55,25,193,1,4,37,8,50,74,44,92,33,243,12,34,46,289
12/17/2022,LIT,AR,ASW,ES,Combined TRACON& Tower with Radar,63,29,30,2,124,0,1,27,0,28,63,30,57,2,152,4,0,4,156
12/18/2022,LIT,AR,ASW,ES,Combined TRACON& Tower with Radar,64,24,43,2,133,0,4,60,0,64,64,28,103,2,197,8,0,8,205
12/19/2022,LIT,AR,ASW,ES,Combined TRACON& Tower with Radar,67,33,47,1,148,0,3,37,3,43,67,36,84,4,191,2,20,22,213
12/20/2022,LIT,AR,ASW,ES,Combined TRACON& Tower with Radar,65,46,63,70,244,0,2,68,16,86,65,48,131,86,330,10,62,72,402
12/21/2022,LIT,AR,ASW,ES,Combined TRACON& Tower with Radar,70,37,82,19,208,0,9,42,2,53,70,46,124,21,261,2,4,6,267
12/22/2022,LIT,AR,ASW,ES,Combined TRACON& Tower with Radar,62,25,30,4,121,0,1,0,0,1,62,26,30,4,122,0,0,0,122
12/23/2022,LIT,AR,ASW,ES,Combined TRACON& Tower with Radar,64,26,26,2,118,0,8,13,0,21,64,34,39,2,139,8,0,8,147
12/24/2022,LIT,AR,ASW,ES,Combined TRACON& Tower with Radar,46,24,8,0,78,0,3,32,0,35,46,27,40,0,113,24,0,24,137
12/25/2022,LIT,AR,ASW,ES,Combined TRACON& Tower with Radar,42,22,14,0,78,0,5,16,0,21,42,27,30,0,99,0,0,0,99
12/26/2022,LIT,AR,ASW,ES,Combined TRACON& Tower with Radar,53,21,47,0,121,1,2,35,0,38,54,23,82,0,159,4,0,4,163
12/27/2022,LIT,AR,ASW,ES,Combined TRACON& Tower with Radar,56,33,56,0,145,0,3,32,0,35,56,36,88,0,180,10,0,10,190
12/28/2022,LIT,AR,ASW,ES,Combined TRACON& Tower with Radar,60,23,59,6,148,0,2,38,4,44,60,25,97,10,192,4,2,6,198
12/29/2022,LIT,AR,ASW,ES,Combined TRACON& Tower with Radar,62,24,43,0,129,0,1,4,0,5,62,25,47,0,134,0,0,0,134
12/30/2022,LIT,AR,ASW,ES,Combined TRACON& Tower with Radar,70,25,29,0,124,0,2,1,0,3,70,27,30,0,127,0,0,0,127
12/31/2022,LIT,AR,ASW,ES,Combined TRACON& Tower with Radar,53,20,28,2,103,0,1,5,0,6,53,21,33,2,109,8,0,8,117
01/01/2023,LIT,AR,ASW,ES,Combined TRACON& Tower with Radar,47,22,20,0,89,0,2,15,0,17,47,24,35,0,106,0,0,0,106
01/02/2023,LIT,AR,ASW,ES,Combined TRACON& Tower with Radar,56,19,32,2,109,0,0,0,0,0,56,19,32,2,109,0,0,0,109
01/03/2023,LIT,AR,ASW,ES,Combined TRACON& Tower with Radar,56,38,56,16,166,0,6,24,6,36,56,44,80,22,202,6,32,38,240
01/04/2023,LIT,AR,ASW,ES,Combined TRACON& Tower with Radar,68,30,60,55,213,0,0,43,9,52,68,30,103,64,265,4,74,78,343
01/05/2023,LIT,AR,ASW,ES,Combined TRACON& Tower with Radar,67,35,48,35,185,0,6,37,7,50,67,41,85,42,235,5,42,47,282
01/06/2023,LIT,AR,ASW,ES,Combined TRACON& Tower with Radar,63,23,65,30,181,0,8,54,9,71,63,31,119,39,252,16,50,66,318
01/07/2023,LIT,AR,ASW,ES,Combined TRACON& Tower with Radar,54,17,19,0,90,0,1,7,0,8,54,18,26,0,98,0,0,0,98
01/08/2023,LIT,AR,ASW,ES,Combined TRACON& Tower with Radar,64,20,37,10,131,0,5,31,1,37,64,25,68,11,168,10,8,18,186
01/09/2023,LIT,AR,ASW,ES,Combined TRACON& Tower with Radar,57,36,45,52,190,0,5,44,9,58,57,41,89,61,248,16,46,62,310
01/10/2023,LIT,AR,ASW,ES,Combined TRACON& Tower with Radar,57,33,81,26,197,0,1,37,9,47,57,34,118,35,244,2,46,48,292
01/11/2023,LIT,AR,ASW,ES,Combined TRACON& Tower with Radar,63,42,113,47,265,0,2,27,20,49,63,44,140,67,314,2,52,54,368
01/12/2023,LIT,AR,ASW,ES,Combined TRACON& Tower with Radar,71,37,59,28,195,0,4,10,7,21,71,41,69,35,216,2,40,42,258
01/13/2023,LIT,AR,ASW,ES,Combined TRACON& Tower with Radar,70,22,49,18,159,0,4,46,1,51,70,26,95,19,210,38,14,52,262
01/14/2023,LIT,AR,ASW,ES,Combined TRACON& Tower with Radar,57,18,25,5,105,0,5,42,2,49,57,23,67,7,154,8,0,8,162
01/15/2023,LIT,AR,ASW,ES,Combined TRACON& Tower with Radar,48,27,27,0,102,0,9,22,0,31,48,36,49,0,133,2,0,2,135
01/16/2023,LIT,AR,ASW,ES,Combined TRACON& Tower with Radar,66,21,44,2,133,0,4,14,0,18,66,25,58,2,151,0,0,0,151
01/17/2023,LIT,AR,ASW,ES,Combined TRACON& Tower with Radar,60,46,79,22,207,0,0,35,3,38,60,46,114,25,245,16,28,44,289
01/18/2023,LIT,AR,ASW,ES,Combined TRACON& Tower with Radar,67,24,41,2,134,0,4,5,0,9,67,28,46,2,143,0,0,0,143
01/19/2023,LIT,AR,ASW,ES,Combined TRACON& Tower with Radar,73,33,75,23,204,2,5,32,7,46,75,38,107,30,250,8,46,54,304
01/20/2023,LIT,AR,ASW,ES,Combined TRACON& Tower with Radar,70,24,57,32,183,0,6,46,2,54,70,30,103,34,237,0,26,26,263
01/21/2023,LIT,AR,ASW,ES,Combined TRACON& Tower with Radar,57,20,32,25,134,0,2,36,2,40,57,22,68,27,174,0,0,0,174
01/22/2023,LIT,AR,ASW,ES,Combined TRACON& Tower with Radar,65,22,30,1,118,0,0,1,0,1,65,22,31,1,119,0,0,0,119
01/23/2023,LIT,AR,ASW,ES,Combined TRACON& Tower with Radar,66,22,61,13,162,0,4,68,7,79,66,26,129,20,241,22,28,50,291
01/24/2023,LIT,AR,ASW,ES,Combined TRACON& Tower with Radar,64,25,50,19,158,0,2,17,7,26,64,27,67,26,184,0,4,4,188
01/25/2023,LIT,AR,ASW,ES,Combined TRACON& Tower with Radar,62,34,47,26,169,0,2,7,3,12,62,36,54,29,181,22,38,60,241
01/26/2023,LIT,AR,ASW,ES,Combined TRACON& Tower with Radar,72,37,68,8,185,0,0,65,4,69,72,37,133,12,254,20,22,42,296
01/27/2023,LIT,AR,ASW,ES,Combined TRACON& Tower with Radar,70,27,93,8,198,0,3,43,0,46,70,30,136,8,244,10,0,10,254
01/28/2023,LIT,AR,ASW,ES,Combined TRACON& Tower with Radar,56,24,28,0,108,0,1,7,0,8,56,25,35,0,116,2,0,2,118
01/29/2023,LIT,AR,ASW,ES,Combined TRACON& Tower with Radar,62,22,30,2,116,0,0,0,0,0,62,22,30,2,116,2,0,2,118
01/30/2023,LIT,AR,ASW,ES,Combined TRACON& Tower with Radar,63,20,56,10,149,0,0,0,0,0,63,20,56,10,149,0,0,0,149
01/31/2023,LIT,AR,ASW,ES,Combined TRACON& Tower with Radar,46,13,9,0,68,0,0,0,0,0,46,13,9,0,68,0,0,0,68
02/01/2023,LIT,AR,ASW,ES,Combined TRACON& Tower with Radar,42,28,24,0,94,0,0,0,0,0,42,28,24,0,94,0,0,0,94
02/02/2023,LIT,AR,ASW,ES,Combined TRACON& Tower with Radar,59,25,34,14,132,0,4,10,4,18,59,29,44,18,150,0,60,60,210
02/03/2023,LIT,AR,ASW,ES,Combined TRACON& Tower with Radar,66,23,52,15,156,0,4,61,3,68,66,27,113,18,224,6,4,10,234
02/04/2023,LIT,AR,ASW,ES,Combined TRACON& Tower with Radar,55,13,26,3,97,0,3,47,1,51,55,16,73,4,148,0,26,26,174
02/05/2023,LIT,AR,ASW,ES,Combined TRACON& Tower with Radar,60,13,30,0,103,0,6,33,0,39,60,19,63,0,142,4,0,4,146
02/06/2023,LIT,AR,ASW,ES,Combined TRACON& Tower with Radar,62,28,44,25,159,0,3,21,9,33,62,31,65,34,192,14,40,54,246
02/07/2023,LIT,AR,ASW,ES,Combined TRACON& Tower with Radar,62,37,54,15,168,0,0,33,5,38,62,37,87,20,206,12,34,46,252
02/08/2023,LIT,AR,ASW,ES,Combined TRACON& Tower with Radar,63,31,38,6,138,0,0,0,0,0,63,31,38,6,138,0,0,0,138
02/09/2023,LIT,AR,ASW,ES,Combined TRACON& Tower with Radar,64,25,58,14,161,0,3,36,14,53,64,28,94,28,214,32,14,46,260
02/10/2023,LIT,AR,ASW,ES,Combined TRACON& Tower with Radar,64,18,62,1,145,0,1,10,3,14,64,19,72,4,159,0,0,0,159
02/11/2023,LIT,AR,ASW,ES,Combined TRACON& Tower with Radar,56,33,33,3,125,0,3,36,4,43,56,36,69,7,168,16,0,16,184
02/12/2023,LIT,AR,ASW,ES,Combined TRACON& Tower with Radar,60,26,26,0,112,0,2,25,1,28,60,28,51,1,140,14,0,14,154
02/13/2023,LIT,AR,ASW,ES,Combined TRACON& Tower with Radar,64,23,46,30,163,0,2,43,10,55,64,25,89,40,218,30,72,102,320
02/14/2023,LIT,AR,ASW,ES,Combined TRACON& Tower with Radar,64,39,42,9,154,0,2,9,4,15,64,41,51,13,169,0,12,12,181
02/15/2023,LIT,AR,ASW,ES,Combined TRACON& Tower with Radar,61,31,86,47,225,0,1,28,14,43,61,32,114,61,268,40,66,106,374
02/16/2023,LIT,AR,ASW,ES,Combined TRACON& Tower with Radar,65,42,54,13,174,0,4,14,3,21,65,46,68,16,195,16,28,44,239
02/17/2023,LIT,AR,ASW,ES,Combined TRACON& Tower with Radar,73,31,68,17,189,0,3,53,6,62,73,34,121,23,251,18,20,38,289
02/18/2023,LIT,AR,ASW,ES,Combined TRACON& Tower with Radar,59,22,41,0,122,0,3,55,0,58,59,25,96,0,180,20,0,20,200
02/19/2023,LIT,AR,ASW,ES,Combined TRACON& Tower with Radar,60,22,29,2,113,0,3,20,1,24,60,25,49,3,137,2,2,4,141
02/20/2023,LIT,AR,ASW,ES,Combined TRACON& Tower with Radar,66,23,55,0,144,0,2,41,1,44,66,25,96,1,188,14,0,14,202
02/21/2023,LIT,AR,ASW,ES,Combined TRACON& Tower with Radar,66,53,79,52,250,0,1,36,5,42,66,54,115,57,292,8,36,44,336
02/22/2023,LIT,AR,ASW,ES,Combined TRACON& Tower with Radar,70,23,33,16,142,0,2,5,0,7,70,25,38,16,149,6,0,6,155
02/23/2023,LIT,AR,ASW,ES,Combined TRACON& Tower with Radar,69,37,83,15,204,0,1,31,15,47,69,38,114,30,251,0,28,28,279
02/24/2023,LIT,AR,ASW,ES,Combined TRACON& Tower with Radar,71,30,43,14,158,0,0,2,0,2,71,30,45,14,160,0,0,0,160
02/25/2023,LIT,AR,ASW,ES,Combined TRACON& Tower with Radar,56,22,32,0,110,0,0,0,0,0,56,22,32,0,110,0,0,0,110
02/26/2023,LIT,AR,ASW,ES,Combined TRACON& Tower with Radar,62,32,31,2,127,0,1,0,0,1,62,33,31,2,128,0,0,0,128
02/27/2023,LIT,AR,ASW,ES,Combined TRACON& Tower with Radar,68,32,49,16,165,0,2,28,11,41,68,34,77,27,206,6,48,54,260
02/28/2023,LIT,AR,ASW,ES,Combined TRACON& Tower with Radar,64,47,74,44,229,0,2,62,11,75,64,49,136,55,304,16,74,90,394
03/01/2023,LIT,AR,ASW,ES,Combined TRACON& Tower with Radar,71,20,59,12,162,0,0,3,0,3,71,20,62,12,165,4,0,4,169
03/02/2023,LIT,AR,ASW,ES,Combined TRACON& Tower with Radar,70,28,33,4,135,0,0,0,0,0,70,28,33,4,135,0,0,0,135
03/03/2023,LIT,AR,ASW,ES,Combined TRACON& Tower with Radar,80,27,34,4,145,0,1,6,6,13,80,28,40,10,158,8,42,50,208
03/04/2023,LIT,AR,ASW,ES,Combined TRACON& Tower with Radar,61,29,36,24,150,0,2,67,5,74,61,31,103,29,224,4,22,26,250
03/05/2023,LIT,AR,ASW,ES,Combined TRACON& Tower with Radar,61,33,45,2,141,0,1,45,1,47,61,34,90,3,188,6,0,6,194
03/06/2023,LIT,AR,ASW,ES,Combined TRACON& Tower with Radar,68,24,52,20,164,0,0,40,10,50,68,24,92,30,214,2,52,54,268
03/07/2023,LIT,AR,ASW,ES,Combined TRACON& Tower with Radar,63,31,66,7,167,0,6,65,4,75,63,37,131,11,242,6,40,46,288
03/08/2023,LIT,AR,ASW,ES,Combined TRACON& Tower with Radar,71,34,54,15,174,0,1,8,1,10,71,35,62,16,184,16,14,30,214
03/09/2023,LIT,AR,ASW,ES,Combined TRACON& Tower with Radar,70,35,52,8,165,0,0,0,0,0,70,35,52,8,165,0,0,0,165
03/10/2023,LIT,AR,ASW,ES,Combined TRACON& Tower with Radar,68,23,56,51,198,0,4,61,7,72,68,27,117,58,270,20,48,68,338
03/11/2023,LIT,AR,ASW,ES,Combined TRACON& Tower with Radar,57,22,27,0,106,0,2,2,1,5,57,24,29,1,111,0,0,0,111
03/12/2023,LIT,AR,ASW,ES,Combined TRACON& Tower with Radar,62,17,28,12,119,0,3,23,1,27,62,20,51,13,146,2,0,2,148
03/13/2023,LIT,AR,ASW,ES,Combined TRACON& Tower with Radar,68,25,62,19,174,0,5,58,5,68,68,30,120,24,242,34,30,64,306
03/14/2023,LIT,AR,ASW,ES,Combined TRACON& Tower with Radar,63,30,51,4,148,0,1,82,2,85,63,31,133,6,233,24,24,48,281
03/15/2023,LIT,AR,ASW,ES,Combined TRACON& Tower with Radar,66,47,66,10,189,0,2,70,8,80,66,49,136,18,269,2,36,38,307
03/16/2023,LIT,AR,ASW,ES,Combined TRACON& Tower with Radar,67,29,46,3,145,0,2,6,1,9,67,31,52,4,154,0,12,12,166
03/17/2023,LIT,AR,ASW,ES,Combined TRACON& Tower with Radar,72,28,57,45,202,0,4,22,7,33,72,32,79,52,235,12,38,50,285
03/18/2023,LIT,AR,ASW,ES,Combined TRACON& Tower with Radar,59,35,51,11,156,0,5,23,3,31,59,40,74,14,187,0,0,0,187
03/19/2023,LIT,AR,ASW,ES,Combined TRACON& Tower with Radar,59,21,44,4,128,0,10,36,1,47,59,31,80,5,175,2,0,2,177
03/20/2023,LIT,AR,ASW,ES,Combined TRACON& Tower with Radar,64,26,45,24,159,0,7,36,3,46,64,33,81,27,205,2,20,22,227
03/21/2023,LIT,AR,ASW,ES,Combined TRACON& Tower with Radar,64,30,42,3,139,0,2,8,2,12,64,32,50,5,151,6,4,10,161
03/22/2023,LIT,AR,ASW,ES,Combined TRACON& Tower with Radar,68,38,64,7,177,0,3,7,6,16,68,41,71,13,193,4,32,36,229
03/23/2023,LIT,AR,ASW,ES,Combined TRACON& Tower with Radar,74,25,63,16,178,0,2,29,2,33,74,27,92,18,211,2,26,28,239
03/24/2023,LIT,AR,ASW,ES,Combined TRACON& Tower with Radar,65,28,32,0,125,0,1,2,0,3,65,29,34,0,128,4,0,4,132
03/25/2023,LIT,AR,ASW,ES,Combined TRACON& Tower with Radar,55,40,62,9,166,0,4,49,1,54,55,44,111,10,220,12,6,18,238
03/26/2023,LIT,AR,ASW,ES,Combined TRACON& Tower with Radar,66,24,56,6,152,0,5,29,2,36,66,29,85,8,188,10,0,10,198
03/27/2023,LIT,AR,ASW,ES,Combined TRACON& Tower with Radar,72,14,59,11,156,0,4,53,3,60,72,18,112,14,216,16,4,20,236
03/28/2023,LIT,AR,ASW,ES,Combined TRACON& Tower with Radar,65,36,61,10,172,0,3,59,0,62,65,39,120,10,234,12,0,12,246
03/29/2023,LIT,AR,ASW,ES,Combined TRACON& Tower with Radar,69,25,57,19,170,0,0,48,7,55,69,25,105,26,225,22,14,36,261
03/30/2023,LIT,AR,ASW,ES,Combined TRACON& Tower with Radar,73,28,84,4,189,0,2,25,0,27,73,30,109,4,216,6,0,6,222
03/31/2023,LIT,AR,ASW,ES,Combined TRACON& Tower with Radar,71,15,26,0,112,0,3,1,0,4,71,18,27,0,116,0,0,0,116
04/01/2023,LIT,AR,ASW,ES,Combined TRACON& Tower with Radar,54,23,26,2,105,0,6,38,0,44,54,29,64,2,149,2,0,2,151
04/02/2023,LIT,AR,ASW,ES,Combined TRACON& Tower with Radar,62,30,49,2,143,0,3,31,2,36,62,33,80,4,179,14,0,14,193
04/03/2023,LIT,AR,ASW,ES,Combined TRACON& Tower with Radar,74,14,61,8,157,0,2,15,0,17,74,16,76,8,174,0,0,0,174
04/04/2023,LIT,AR,ASW,ES,Combined TRACON& Tower with Radar,71,29,55,7,162,0,7,15,1,23,71,36,70,8,185,6,2,8,193
04/05/2023,LIT,AR,ASW,ES,Combined TRACON& Tower with Radar,67,25,47,0,139,0,2,4,0,6,67,27,51,0,145,0,0,0,145
04/06/2023,LIT,AR,ASW,ES,Combined TRACON& Tower with Radar,71,30,64,5,170,0,2,42,2,46,71,32,106,7,216,34,2,36,252
04/07/2023,LIT,AR,ASW,ES,Combined TRACON& Tower with Radar,65,30,51,52,198,0,6,30,6,42,65,36,81,58,240,18,18,36,276
04/08/2023,LIT,AR,ASW,ES,Combined TRACON& Tower with Radar,53,22,32,0,107,0,0,44,0,44,53,22,76,0,151,0,0,0,151
04/09/2023,LIT,AR,ASW,ES,Combined TRACON& Tower with Radar,60,24,18,0,102,0,1,13,0,14,60,25,31,0,116,0,0,0,116
04/10/2023,LIT,AR,ASW,ES,Combined TRACON& Tower with Radar,65,24,69,10,168,0,0,49,0,49,65,24,118,10,217,9,0,9,226
04/11/2023,LIT,AR,ASW,ES,Combined TRACON& Tower with Radar,62,38,69,19,188,0,4,78,1,83,62,42,147,20,271,19,16,35,306
04/12/2023,LIT,AR,ASW,ES,Combined TRACON& Tower with Radar,63,24,78,27,192,0,0,57,2,59,63,24,135,29,251,18,14,32,283
04/13/2023,LIT,AR,ASW,ES,Combined TRACON& Tower with Radar,71,35,85,33,224,0,4,56,6,66,71,39,141,39,290,4,4,8,298
04/14/2023,LIT,AR,ASW,ES,Combined TRACON& Tower with Radar,66,27,78,10,181,0,1,47,2,50,66,28,125,12,231,0,0,0,231
04/15/2023,LIT,AR,ASW,ES,Combined TRACON& Tower with Radar,58,21,37,1,117,0,4,13,1,18,58,25,50,2,135,2,0,2,137
04/16/2023,LIT,AR,ASW,ES,Combined TRACON& Tower with Radar,64,28,48,1,141,0,3,18,1,22,64,31,66,2,163,0,0,0,163
04/17/2023,LIT,AR,ASW,ES,Combined TRACON& Tower with Radar,65,35,83,20,203,0,3,80,2,85,65,38,163,22,288,20,20,40,328
04/18/2023,LIT,AR,ASW,ES,Combined TRACON& Tower with Radar,61,28,57,0,146,0,2,45,1,48,61,30,102,1,194,2,0,2,196
04/19/2023,LIT,AR,ASW,ES,Combined TRACON& Tower with Radar,65,37,81,0,183,0,1,40,0,41,65,38,121,0,224,4,0,4,228
04/20/2023,LIT,AR,ASW,ES,Combined TRACON& Tower with Radar,59,35,60,5,159,0,3,12,1,16,59,38,72,6,175,2,6,8,183
04/21/2023,LIT,AR,ASW,ES,Combined TRACON& Tower with Radar,73,26,69,5,173,0,3,15,0,18,73,29,84,5,191,0,0,0,191
04/22/2023,LIT,AR,ASW,ES,Combined TRACON& Tower with Radar,55,34,34,4,127,0,7,36,0,43,55,41,70,4,170,8,2,10,180
04/23/2023,LIT,AR,ASW,ES,Combined TRACON& Tower with Radar,64,31,35,19,149,0,1,43,0,44,64,32,78,19,193,6,0,6,199
04/24/2023,LIT,AR,ASW,ES,Combined TRACON& Tower with Radar,66,28,50,27,171,0,2,52,3,57,66,30,102,30,228,6,14,20,248
04/25/2023,LIT,AR,ASW,ES,Combined TRACON& Tower with Radar,62,30,64,1,157,0,7,18,2,27,62,37,82,3,184,2,14,16,200
04/26/2023,LIT,AR,ASW,ES,Combined TRACON& Tower with Radar,56,31,68,12,167,0,3,7,4,14,56,34,75,16,181,2,20,22,203
04/27/2023,LIT,AR,ASW,ES,Combined TRACON& Tower with Radar,67,34,81,7,189,0,1,3,1,5,67,35,84,8,194,0,0,0,194
04/28/2023,LIT,AR,ASW,ES,Combined TRACON& Tower with Radar,62,31,69,32,194,1,2,25,2,30,63,33,94,34,224,16,24,40,264
04/29/2023,LIT,AR,ASW,ES,Combined TRACON& Tower with Radar,60,22,20,0,102,0,2,8,1,11,60,24,28,1,113,0,0,0,113
04/30/2023,LIT,AR,ASW,ES,Combined TRACON& Tower with Radar,63,35,40,0,138,0,2,30,3,35,63,37,70,3,173,10,0,10,183
05/01/2023,LIT,AR,ASW,ES,Combined TRACON& Tower with Radar,67,30,56,16,169,0,0,25,3,28,67,30,81,19,197,29,34,63,260
05/02/2023,LIT,AR,ASW,ES,Combined TRACON& Tower with Radar,61,30,59,24,174,0,2,31,2,35,61,32,90,26,209,13,2,15,224
05/03/2023,LIT,AR,ASW,ES,Combined TRACON& Tower with Radar,65,29,87,14,195,0,3,53,6,62,65,32,140,20,257,32,26,58,315
05/04/2023,LIT,AR,ASW,ES,Combined TRACON& Tower with Radar,68,40,70,6,184,0,5,46,2,53,68,45,116,8,237,14,2,16,253
05/05/2023,LIT,AR,ASW,ES,Combined TRACON& Tower with Radar,70,30,72,4,176,0,4,5,0,9,70,34,77,4,185,6,2,8,193
05/06/2023,LIT,AR,ASW,ES,Combined TRACON& Tower with Radar,58,31,28,4,121,0,2,2,0,4,58,33,30,4,125,0,0,0,125
05/07/2023,LIT,AR,ASW,ES,Combined TRACON& Tower with Radar,60,39,35,0,134,0,1,11,2,14,60,40,46,2,148,2,0,2,150
05/08/2023,LIT,AR,ASW,ES,Combined TRACON& Tower with Radar,69,43,54,24,190,0,1,37,4,42,69,44,91,28,232,6,26,32,264
05/09/2023,LIT,AR,ASW,ES,Combined TRACON& Tower with Radar,64,29,58,15,166,0,4,52,5,61,64,33,110,20,227,21,12,33,260
05/10/2023,LIT,AR,ASW,ES,Combined TRACON& Tower with Radar,66,31,57,13,167,0,4,13,1,18,66,35,70,14,185,4,2,6,191
05/11/2023,LIT,AR,ASW,ES,Combined TRACON& Tower with Radar,67,35,50,0,152,0,0,0,0,0,67,35,50,0,152,0,0,0,152
05/12/2023,LIT,AR,ASW,ES,Combined TRACON& Tower with Radar,72,39,51,0,162,0,2,16,0,18,72,41,67,0,180,0,0,0,180
05/13/2023,LIT,AR,ASW,ES,Combined TRACON& Tower with Radar,55,28,39,0,122,0,3,24,0,27,55,31,63,0,149,6,0,6,155
05/14/2023,LIT,AR,ASW,ES,Combined TRACON& Tower with Radar,67,30,32,2,131,0,3,46,0,49,67,33,78,2,180,6,0,6,186
05/15/2023,LIT,AR,ASW,ES,Combined TRACON& Tower with Radar,72,38,80,5,195,0,8,30,3,41,72,46,110,8,236,12,4,16,252
05/16/2023,LIT,AR,ASW,ES,Combined TRACON& Tower with Radar,62,46,79,18,205,0,0,41,5,46,62,46,120,23,251,14,12,26,277
05/17/2023,LIT,AR,ASW,ES,Combined TRACON& Tower with Radar,67,35,75,30,207,0,0,35,6,41,67,35,110,36,248,26,16,42,290
05/18/2023,LIT,AR,ASW,ES,Combined TRACON& Tower with Radar,73,42,81,27,223,0,3,67,8,78,73,45,148,35,301,24,38,62,363
05/19/2023,LIT,AR,ASW,ES,Combined TRACON& Tower with Radar,71,32,49,3,155,0,3,31,0,34,71,35,80,3,189,16,0,16,205
05/20/2023,LIT,AR,ASW,ES,Combined TRACON& Tower with Radar,56,32,39,1,128,0,5,20,0,25,56,37,59,1,153,2,0,2,155
05/21/2023,LIT,AR,ASW,ES,Combined TRACON& Tower with Radar,64,27,31,4,126,0,1,25,3,29,64,28,56,7,155,10,2,12,167
05/22/2023,LIT,AR,ASW,ES,Combined TRACON& Tower with Radar,68,38,67,7,180,0,0,55,4,59,68,38,122,11,239,32,22,54,293
05/23/2023,LIT,AR,ASW,ES,Combined TRACON& Tower with Radar,62,31,61,7,161,0,0,50,2,52,62,31,111,9,213,26,4,30,243
05/24/2023,LIT,AR,ASW,ES,Combined TRACON& Tower with Radar,68,37,55,6,166,0,1,48,2,51,68,38,103,8,217,24,12,36,253
05/25/2023,LIT,AR,ASW,ES,Combined TRACON& Tower with Radar,72,34,65,7,178,0,4,40,6,50,72,38,105,13,228,8,0,8,236
05/26/2023,LIT,AR,ASW,ES,Combined TRACON& Tower with Radar,74,35,51,0,160,0,2,40,0,42,74,37,91,0,202,21,0,21,223
05/27/2023,LIT,AR,ASW,ES,Combined TRACON& Tower with Radar,53,28,31,1,113,0,3,59,0,62,53,31,90,1,175,10,0,10,185
05/28/2023,LIT,AR,ASW,ES,Combined TRACON& Tower with Radar,57,28,16,1,102,0,8,35,0,43,57,36,51,1,145,16,0,16,161
05/29/2023,LIT,AR,ASW,ES,Combined TRACON& Tower with Radar,69,30,23,1,123,0,4,28,0,32,69,34,51,1,155,6,0,6,161
05/30/2023,LIT,AR,ASW,ES,Combined TRACON& Tower with Radar,62,28,63,19,172,0,5,54,2,61,62,33,117,21,233,10,22,32,265
05/31/2023,LIT,AR,ASW,ES,Combined TRACON& Tower with Radar,75,29,55,17,176,0,1,34,2,37,75,30,89,19,213,16,2,18,231
06/01/2023,LIT,AR,ASW,ES,Combined TRACON& Tower with Radar,70,40,71,10,191,0,5,35,6,46,70,45,106,16,237,10,8,18,255
06/02/2023,LIT,AR,ASW,ES,Combined TRACON& Tower with Radar,68,33,56,54,211,0,1,43,2,46,68,34,99,56,257,18,26,44,301
06/03/2023,LIT,AR,ASW,ES,Combined TRACON& Tower with Radar,51,35,26,26,138,0,2,29,3,34,51,37,55,29,172,2,4,6,178
06/04/2023,LIT,AR,ASW,ES,Combined TRACON& Tower with Radar,65,40,54,1,160,0,3,26,0,29,65,43,80,1,189,0,0,0,189
06/05/2023,LIT,AR,ASW,ES,Combined TRACON& Tower with Radar,68,36,40,18,162,0,2,29,4,35,68,38,69,22,197,24,6,30,227
06/06/2023,LIT,AR,ASW,ES,Combined TRACON& Tower with Radar,62,31,57,20,170,0,2,38,6,46,62,33,95,26,216,22,22,44,260
06/07/2023,LIT,AR,ASW,ES,Combined TRACON& Tower with Radar,73,47,65,16,201,0,2,42,3,47,73,49,107,19,248,41,18,59,307
06/08/2023,LIT,AR,ASW,ES,Combined TRACON& Tower with Radar,71,39,65,30,205,0,3,33,0,36,71,42,98,30,241,29,0,29,270
06/09/2023,LIT,AR,ASW,ES,Combined TRACON& Tower with Radar,73,38,60,12,183,0,2,7,0,9,73,40,67,12,192,0,0,0,192
06/10/2023,LIT,AR,ASW,ES,Combined TRACON& Tower with Radar,48,32,23,0,103,0,1,15,0,16,48,33,38,0,119,26,0,26,145
06/11/2023,LIT,AR,ASW,ES,Combined TRACON& Tower with Radar,75,31,45,0,151,0,0,8,2,10,75,31,53,2,161,0,0,0,161
06/12/2023,LIT,AR,ASW,ES,Combined TRACON& Tower with Radar,70,35,74,16,195,0,1,28,2,31,70,36,102,18,226,6,16,22,248
06/13/2023,LIT,AR,ASW,ES,Combined TRACON& Tower with Radar,61,34,59,14,168,0,3,24,4,31,61,37,83,18,199,6,8,14,213
06/14/2023,LIT,AR,ASW,ES,Combined TRACON& Tower with Radar,69,38,68,20,195,0,0,13,6,19,69,38,81,26,214,34,18,52,266
06/15/2023,LIT,AR,ASW,ES,Combined TRACON& Tower with Radar,71,44,75,43,233,0,8,20,10,38,71,52,95,53,271,28,48,76,347
06/16/2023,LIT,AR,ASW,ES,Combined TRACON& Tower with Radar,75,34,67,10,186,0,2,15,0,17,75,36,82,10,203,28,12,40,243
06/17/2023,LIT,AR,ASW,ES,Combined TRACON& Tower with Radar,52,40,41,4,137,0,1,37,0,38,52,41,78,4,175,10,0,10,185
06/18/2023,LIT,AR,ASW,ES,Combined TRACON& Tower with Radar,65,28,31,0,124,0,4,14,0,18,65,32,45,0,142,0,0,0,142
06/19/2023,LIT,AR,ASW,ES,Combined TRACON& Tower with Radar,71,29,38,2,140,0,4,41,0,45,71,33,79,2,185,4,0,4,189
06/20/2023,LIT,AR,ASW,ES,Combined TRACON& Tower with Radar,62,33,42,44,181,0,1,52,10,63,62,34,94,54,244,18,32,50,294
06/21/2023,LIT,AR,ASW,ES,Combined TRACON& Tower with Radar,72,28,71,33,204,0,6,57,11,74,72,34,128,44,278,10,42,52,330
06/22/2023,LIT,AR,ASW,ES,Combined TRACON& Tower with Radar,73,35,64,53,225,0,2,32,11,45,73,37,96,64,270,6,30,36,306
06/23/2023,LIT,AR,ASW,ES,Combined TRACON& Tower with Radar,73,34,50,13,170,0,3,21,8,32,73,37,71,21,202,2,14,16,218
06/24/2023,LIT,AR,ASW,ES,Combined TRACON& Tower with Radar,53,33,33,0,119,0,2,33,2,37,53,35,66,2,156,12,0,12,168
06/25/2023,LIT,AR,ASW,ES,Combined TRACON& Tower with Radar,60,29,45,10,144,0,5,9,0,14,60,34,54,10,158,0,0,0,158
06/26/2023,LIT,AR,ASW,ES,Combined TRACON& Tower with Radar,73,30,56,28,187,0,6,42,19,67,73,36,98,47,254,28,16,44,298
06/27/2023,LIT,AR,ASW,ES,Combined TRACON& Tower with Radar,59,39,48,15,161,0,2,28,1,31,59,41,76,16,192,8,2,10,202
06/28/2023,LIT,AR,ASW,ES,Combined TRACON& Tower with Radar,68,34,67,11,180,0,4,42,8,54,68,38,109,19,234,16,14,30,264
06/29/2023,LIT,AR,ASW,ES,Combined TRACON& Tower with Radar,74,32,51,10,167,0,7,53,3,63,74,39,104,13,230,24,4,28,258
06/30/2023,LIT,AR,ASW,ES,Combined TRACON& Tower with Radar,70,36,77,5,188,0,4,32,3,39,70,40,109,8,227,2,12,14,241
07/01/2023,LIT,AR,ASW,ES,Combined TRACON& Tower with Radar,57,29,34,0,120,0,2,16,0,18,57,31,50,0,138,12,0,12,150
07/02/2023,LIT,AR,ASW,ES,Combined TRACON& Tower with Radar,68,19,18,0,105,0,1,15,0,16,68,20,33,0,121,4,0,4,125
07/03/2023,LIT,AR,ASW,ES,Combined TRACON& Tower with Radar,61,19,24,0,104,0,3,21,0,24,61,22,45,0,128,4,0,4,132
07/04/2023,LIT,AR,ASW,ES,Combined TRACON& Tower with Radar,54,18,15,1,88,0,0,15,0,15,54,18,30,1,103,0,0,0,103
07/05/2023,LIT,AR,ASW,ES,Combined TRACON& Tower with Radar,70,26,54,12,162,0,5,12,0,17,70,31,66,12,179,0,2,2,181
07/06/2023,LIT,AR,ASW,ES,Combined TRACON& Tower with Radar,68,27,71,11,177,0,4,23,1,28,68,31,94,12,205,28,0,28,233
07/07/2023,LIT,AR,ASW,ES,Combined TRACON& Tower with Radar,75,28,67,5,175,0,4,16,1,21,75,32,83,6,196,6,14,20,216
07/08/2023,LIT,AR,ASW,ES,Combined TRACON& Tower with Radar,57,27,30,0,114,0,3,21,0,24,57,30,51,0,138,12,0,12,150
07/09/2023,LIT,AR,ASW,ES,Combined TRACON& Tower with Radar,65,28,31,0,124,0,1,5,0,6,65,29,36,0,130,0,0,0,130
07/10/2023,LIT,AR,ASW,ES,Combined TRACON& Tower with Radar,70,23,60,24,177,0,3,24,10,37,70,26,84,34,214,32,38,70,284
07/11/2023,LIT,AR,ASW,ES,Combined TRACON& Tower with Radar,61,35,59,13,168,0,1,23,1,25,61,36,82,14,193,10,6,16,209
07/12/2023,LIT,AR,ASW,ES,Combined TRACON& Tower with Radar,76,33,88,15,212,0,0,29,2,31,76,33,117,17,243,32,8,40,283
07/13/2023,LIT,AR,ASW,ES,Combined TRACON& Tower with Radar,72,34,49,4,159,0,2,48,3,53,72,36,97,7,212,26,6,32,244
07/14/2023,LIT,AR,ASW,ES,Combined TRACON& Tower with Radar,75,32,38,37,182,1,6,21,1,29,76,38,59,38,211,26,14,40,251
07/15/2023,LIT,AR,ASW,ES,Combined TRACON& Tower with Radar,56,37,35,41,169,0,9,30,1,40,56,46,65,42,209,34,14,48,257
07/16/2023,LIT,AR,ASW,ES,Combined TRACON& Tower with Radar,66,29,32,13,140,0,6,33,0,39,66,35,65,13,179,32,2,34,213
07/17/2023,LIT,AR,ASW,ES,Combined TRACON& Tower with Radar,72,37,60,31,200,0,5,35,7,47,72,42,95,38,247,20,20,40,287
07/18/2023,LIT,AR,ASW,ES,Combined TRACON& Tower with Radar,66,40,55,23,184,0,1,58,3,62,66,41,113,26,246,24,4,28,274
07/19/2023,LIT,AR,ASW,ES,Combined TRACON& Tower with Radar,72,40,49,32,193,0,2,46,6,54,72,42,95,38,247,16,20,36,283
07/20/2023,LIT,AR,ASW,ES,Combined TRACON& Tower with Radar,70,33,63,24,190,0,2,32,0,34,70,35,95,24,224,8,0,8,232
07/21/2023,LIT,AR,ASW,ES,Combined TRACON& Tower with Radar,79,32,41,3,155,0,4,13,0,17,79,36,54,3,172,4,0,4,176
07/22/2023,LIT,AR,ASW,ES,Combined TRACON& Tower with Radar,57,41,36,6,140,0,6,33,2,41,57,47,69,8,181,20,4,24,205
07/23/2023,LIT,AR,ASW,ES,Combined TRACON& Tower with Radar,64,35,31,1,131,0,3,29,1,33,64,38,60,2,164,0,0,0,164
07/24/2023,LIT,AR,ASW,ES,Combined TRACON& Tower with Radar,77,31,53,16,177,0,3,39,2,44,77,34,92,18,221,21,20,41,262
07/25/2023,LIT,AR,ASW,ES,Combined TRACON& Tower with Radar,64,32,45,27,168,0,1,46,2,49,64,33,91,29,217,33,2,35,252
07/26/2023,LIT,AR,ASW,ES,Combined TRACON& Tower with Radar,73,38,55,8,174,0,5,31,5,41,73,43,86,13,215,18,0,18,233
07/27/2023,LIT,AR,ASW,ES,Combined TRACON& Tower with Radar,73,43,66,21,203,0,4,48,6,58,73,47,114,27,261,86,18,104,365
07/28/2023,LIT,AR,ASW,ES,Combined TRACON& Tower with Radar,71,30,49,9,159,0,0,39,1,40,71,30,88,10,199,50,0,50,249
07/29/2023,LIT,AR,ASW,ES,Combined TRACON& Tower with Radar,56,38,35,0,129,0,3,37,0,40,56,41,72,0,169,8,0,8,177
07/30/2023,LIT,AR,ASW,ES,Combined TRACON& Tower with Radar,72,29,26,24,151,0,5,18,0,23,72,34,44,24,174,6,0,6,180
07/31/2023,LIT,AR,ASW,ES,Combined TRACON& Tower with Radar,74,33,57,17,181,0,6,28,3,37,74,39,85,20,218,90,16,106,324
08/01/2023,LIT,AR,ASW,ES,Combined TRACON& Tower with Radar,67,31,57,10,165,0,3,36,2,41,67,34,93,12,206,42,16,58,264
08/02/2023,LIT,AR,ASW,ES,Combined TRACON& Tower with Radar,77,23,54,14,168,0,3,43,0,46,77,26,97,14,214,18,8,26,240
08/03/2023,LIT,AR,ASW,ES,Combined TRACON& Tower with Radar,74,31,48,17,170,0,7,40,3,50,74,38,88,20,220,3,18,21,241
08/04/2023,LIT,AR,ASW,ES,Combined TRACON& Tower with Radar,80,25,56,2,163,0,4,22,0,26,80,29,78,2,189,16,0,16,205
08/05/2023,LIT,AR,ASW,ES,Combined TRACON& Tower with Radar,58,26,34,5,123,0,4,25,1,30,58,30,59,6,153,12,2,14,167
08/06/2023,LIT,AR,ASW,ES,Combined TRACON& Tower with Radar,69,23,30,1,123,0,1,24,0,25,69,24,54,1,148,22,0,22,170
08/07/2023,LIT,AR,ASW,ES,Combined TRACON& Tower with Radar,74,28,29,7,138,0,1,23,1,25,74,29,52,8,163,14,14,28,191
08/08/2023,LIT,AR,ASW,ES,Combined TRACON& Tower with Radar,66,29,51,19,165,0,1,17,1,19,66,30,68,20,184,30,10,40,224
08/09/2023,LIT,AR,ASW,ES,Combined TRACON& Tower with Radar,77,34,57,17,185,0,3,19,1,23,77,37,76,18,208,28,30,58,266
08/10/2023,LIT,AR,ASW,ES,Combined TRACON& Tower with Radar,80,37,52,9,178,0,0,18,1,19,80,37,70,10,197,2,1,3,200
08/11/2023,LIT,AR,ASW,ES,Combined TRACON& Tower with Radar,80,27,35,60,202,0,3,35,0,38,80,30,70,60,240,6,16,22,262
08/12/2023,LIT,AR,ASW,ES,Combined TRACON& Tower with Radar,57,24,28,8,117,0,3,29,9,41,57,27,57,17,158,30,0,30,188
08/13/2023,LIT,AR,ASW,ES,Combined TRACON& Tower with Radar,74,34,36,3,147,0,6,22,2,30,74,40,58,5,177,4,0,4,181
08/14/2023,LIT,AR,ASW,ES,Combined TRACON& Tower with Radar,75,26,46,28,175,0,3,35,2,40,75,29,81,30,215,2,16,18,233
08/15/2023,LIT,AR,ASW,ES,Combined TRACON& Tower with Radar,70,34,64,12,180,0,4,42,1,47,70,38,106,13,227,20,22,42,269
08/16/2023,LIT,AR,ASW,ES,Combined TRACON& Tower with Radar,74,32,61,11,178,0,4,38,1,43,74,36,99,12,221,44,4,48,269
08/17/2023,LIT,AR,ASW,ES,Combined TRACON& Tower with Radar,74,38,56,10,178,0,2,51,1,54,74,40,107,11,232,28,0,28,260
08/18/2023,LIT,AR,ASW,ES,Combined TRACON& Tower with Radar,77,31,59,47,214,0,1,40,1,42,77,32,99,48,256,2,16,18,274
08/19/2023,LIT,AR,ASW,ES,Combined TRACON& Tower with Radar,62,27,22,1,112,0,5,29,1,35,62,32,51,2,147,20,0,20,167
08/20/2023,LIT,AR,ASW,ES,Combined TRACON& Tower with Radar,74,23,37,1,135,0,4,14,1,19,74,27,51,2,154,18,0,18,172
08/21/2023,LIT,AR,ASW,ES,Combined TRACON& Tower with Radar,74,26,56,58,214,0,0,20,6,26,74,26,76,64,240,24,34,58,298
08/22/2023,LIT,AR,ASW,ES,Combined TRACON& Tower with Radar,72,36,56,21,185,0,3,48,4,55,72,39,104,25,240,24,20,44,284
08/23/2023,LIT,AR,ASW,ES,Combined TRACON& Tower with Radar,72,30,63,10,175,0,0,33,4,37,72,30,96,14,212,12,40,52,264
08/24/2023,LIT,AR,ASW,ES,Combined TRACON& Tower with Radar,71,28,40,23,162,0,1,19,6,26,71,29,59,29,188,28,14,42,230
08/25/2023,LIT,AR,ASW,ES,Combined TRACON& Tower with Radar,73,26,47,6,152,0,2,45,0,47,73,28,92,6,199,36,0,36,235
08/26/2023,LIT,AR,ASW,ES,Combined TRACON& Tower with Radar,60,24,31,1,116,0,4,33,0,37,60,28,64,1,153,2,0,2,155
08/27/2023,LIT,AR,ASW,ES,Combined TRACON& Tower with Radar,74,24,42,9,149,0,3,12,1,16,74,27,54,10,165,0,4,4,169
08/28/2023,LIT,AR,ASW,ES,Combined TRACON& Tower with Radar,75,33,50,70,228,0,1,34,5,40,75,34,84,75,268,10,12,22,290
08/29/2023,LIT,AR,ASW,ES,Combined TRACON& Tower with Radar,70,30,53,34,187,0,4,46,8,58,70,34,99,42,245,8,14,22,267
08/30/2023,LIT,AR,ASW,ES,Combined TRACON& Tower with Radar,72,38,70,4,184,0,4,32,2,38,72,42,102,6,222,10,0,10,232
08/31/2023,LIT,AR,ASW,ES,Combined TRACON& Tower with Radar,73,45,81,7,206,0,2,51,5,58,73,47,132,12,264,8,4,12,276
01/01/2020,LIT,AR,ASW,CE,Combined TRACON& Tower with Radar,47,19,20,0,86,0,5,15,0,20,47,24,35,0,106,0,0,0,106
01/02/2020,LIT,AR,ASW,CE,Combined TRACON& Tower with Radar,62,32,35,2,131,0,1,1,0,2,62,33,36,2,133,0,0,0,133
01/03/2020,LIT,AR,ASW,CE,Combined TRACON& Tower with Radar,61,34,34,3,132,0,2,5,0,7,61,36,39,3,139,0,0,0,139
01/04/2020,LIT,AR,ASW,CE,Combined TRACON& Tower with Radar,52,35,43,2,132,0,5,28,0,33,52,40,71,2,165,14,0,14,179
01/05/2020,LIT,AR,ASW,CE,Combined TRACON& Tower with Radar,62,29,30,1,122,0,3,39,0,42,62,32,69,1,164,8,0,8,172
01/06/2020,LIT,AR,ASW,CE,Combined TRACON& Tower with Radar,60,34,43,10,147,0,9,38,2,49,60,43,81,12,196,4,6,10,206
01/07/2020,LIT,AR,ASW,CE,Combined TRACON& Tower with Radar,63,41,54,26,184,0,5,51,1,57,63,46,105,27,241,0,4,4,245
01/08/2020,LIT,AR,ASW,CE,Combined TRACON& Tower with Radar,64,43,62,7,176,0,3,51,0,54,64,46,113,7,230,0,8,8,238
01/09/2020,LIT,AR,ASW,CE,Combined TRACON& Tower with Radar,64,49,65,28,206,0,2,6,3,11,64,51,71,31,217,0,18,18,235
01/10/2020,LIT,AR,ASW,CE,Combined TRACON& Tower with Radar,59,40,35,7,141,0,1,0,0,1,59,41,35,7,142,0,0,0,142
01/11/2020,LIT,AR,ASW,CE,Combined TRACON& Tower with Radar,49,21,24,17,111,0,3,0,0,3,49,24,24,17,114,0,0,0,114
01/12/2020,LIT,AR,ASW,CE,Combined TRACON& Tower with Radar,64,34,52,4,154,0,0,3,0,3,64,34,55,4,157,0,0,0,157
01/13/2020,LIT,AR,ASW,CE,Combined TRACON& Tower with Radar,60,29,50,12,151,0,1,10,2,13,60,30,60,14,164,0,14,14,178
01/14/2020,LIT,AR,ASW,CE,Combined TRACON& Tower with Radar,62,41,60,2,165,0,0,0,0,0,62,41,60,2,165,0,0,0,165
01/15/2020,LIT,AR,ASW,CE,Combined TRACON& Tower with Radar,63,40,51,20,174,0,1,1,0,2,63,41,52,20,176,0,0,0,176
01/16/2020,LIT,AR,ASW,CE,Combined TRACON& Tower with Radar,67,47,65,35,214,0,2,21,10,33,67,49,86,45,247,4,30,34,281
01/17/2020,LIT,AR,ASW,CE,Combined TRACON& Tower with Radar,58,33,52,9,152,0,1,11,2,14,58,34,63,11,166,6,8,14,180
01/18/2020,LIT,AR,ASW,CE,Combined TRACON& Tower with Radar,44,21,41,8,114,0,2,17,4,23,44,23,58,12,137,12,12,24,161
01/19/2020,LIT,AR,ASW,CE,Combined TRACON& Tower with Radar,60,30,27,0,117,0,14,31,1,46,60,44,58,1,163,6,0,6,169
01/20/2020,LIT,AR,ASW,CE,Combined TRACON& Tower with Radar,61,36,73,10,180,0,4,43,0,47,61,40,116,10,227,4,2,6,233
01/21/2020,LIT,AR,ASW,CE,Combined TRACON& Tower with Radar,62,44,71,17,194,0,9,39,3,51,62,53,110,20,245,22,6,28,273
01/22/2020,LIT,AR,ASW,CE,Combined TRACON& Tower with Radar,60,42,51,8,161,0,2,5,2,9,60,44,56,10,170,0,18,18,188
01/23/2020,LIT,AR,ASW,CE,Combined TRACON& Tower with Radar,66,46,55,0,167,0,1,0,0,1,66,47,55,0,168,0,0,0,168
01/24/2020,LIT,AR,ASW,CE,Combined TRACON& Tower with Radar,62,41,56,19,178,0,2,24,2,28,62,43,80,21,206,0,16,16,222
01/25/2020,LIT,AR,ASW,CE,Combined TRACON& Tower with Radar,54,25,23,7,109,0,3,42,2,47,54,28,65,9,156,0,0,0,156
01/26/2020,LIT,AR,ASW,CE,Combined TRACON& Tower with Radar,59,33,33,15,140,0,1,3,0,4,59,34,36,15,144,0,0,0,144
01/27/2020,LIT,AR,ASW,CE,Combined TRACON& Tower with Radar,60,36,50,10,156,0,1,32,4,37,60,37,82,14,193,0,22,22,215
01/28/2020,LIT,AR,ASW,CE,Combined TRACON& Tower with Radar,60,40,42,2,144,0,1,0,0,1,60,41,42,2,145,0,0,0,145
01/29/2020,LIT,AR,ASW,CE,Combined TRACON& Tower with Radar,60,41,61,8,170,0,1,0,0,1,60,42,61,8,171,0,0,0,171
01/30/2020,LIT,AR,ASW,CE,Combined TRACON& Tower with Radar,64,41,84,12,201,0,0,0,0,0,64,41,84,12,201,0,0,0,201
01/31/2020,LIT,AR,ASW,CE,Combined TRACON& Tower with Radar,62,59,83,89,293,0,1,17,3,21,62,60,100,92,314,8,14,22,336
02/01/2020,LIT,AR,ASW,ES,Combined TRACON& Tower with Radar,45,31,22,10,108,0,9,45,26,80,45,40,67,36,188,10,14,24,212
02/02/2020,LIT,AR,ASW,ES,Combined TRACON& Tower with Radar,57,29,38,15,139,0,10,45,9,64,57,39,83,24,203,8,0,8,211
02/03/2020,LIT,AR,ASW,ES,Combined TRACON& Tower with Radar,57,37,36,8,138,0,2,11,15,28,57,39,47,23,166,0,0,0,166
02/04/2020,LIT,AR,ASW,ES,Combined TRACON& Tower with Radar,62,39,64,2,167,0,2,0,0,2,62,41,64,2,169,0,0,0,169
02/05/2020,LIT,AR,ASW,ES,Combined TRACON& Tower with Radar,59,36,35,4,134,0,0,0,0,0,59,36,35,4,134,0,0,0,134
02/06/2020,LIT,AR,ASW,ES,Combined TRACON& Tower with Radar,64,48,64,12,188,0,2,3,2,7,64,50,67,14,195,0,0,0,195
02/07/2020,LIT,AR,ASW,ES,Combined TRACON& Tower with Radar,62,40,76,28,206,0,3,48,0,51,62,43,124,28,257,0,0,0,257
02/08/2020,LIT,AR,ASW,ES,Combined TRACON& Tower with Radar,51,22,19,8,100,0,7,82,0,89,51,29,101,8,189,4,4,8,197
02/09/2020,LIT,AR,ASW,ES,Combined TRACON& Tower with Radar,58,27,34,3,122,0,0,8,0,8,58,27,42,3,130,0,0,0,130
02/10/2020,LIT,AR,ASW,ES,Combined TRACON& Tower with Radar,58,30,39,18,145,0,1,0,0,1,58,31,39,18,146,0,0,0,146
02/11/2020,LIT,AR,ASW,ES,Combined TRACON& Tower with Radar,63,34,52,10,159,0,2,2,0,4,63,36,54,10,163,14,0,14,177
02/12/2020,LIT,AR,ASW,ES,Combined TRACON& Tower with Radar,60,33,36,8,137,0,1,0,0,1,60,34,36,8,138,0,0,0,138
02/13/2020,LIT,AR,ASW,ES,Combined TRACON& Tower with Radar,64,54,79,45,242,0,3,48,5,56,64,57,127,50,298,18,58,76,374
02/14/2020,LIT,AR,ASW,ES,Combined TRACON& Tower with Radar,65,38,58,35,196,0,3,42,3,48,65,41,100,38,244,22,12,34,278
02/15/2020,LIT,AR,ASW,ES,Combined TRACON& Tower with Radar,47,22,29,0,98,0,0,77,0,77,47,22,106,0,175,8,0,8,183
02/16/2020,LIT,AR,ASW,ES,Combined TRACON& Tower with Radar,61,25,49,0,135,0,4,23,0,27,61,29,72,0,162,0,0,0,162
02/17/2020,LIT,AR,ASW,ES,Combined TRACON& Tower with Radar,62,35,50,0,147,0,2,4,0,6,62,37,54,0,153,0,0,0,153
02/18/2020,LIT,AR,ASW,ES,Combined TRACON& Tower with Radar,68,40,63,8,179,0,3,0,0,3,68,43,63,8,182,0,0,0,182
02/19/2020,LIT,AR,ASW,ES,Combined TRACON& Tower with Radar,72,38,68,56,234,0,2,57,11,70,72,40,125,67,304,4,32,36,340
02/20/2020,LIT,AR,ASW,ES,Combined TRACON& Tower with Radar,68,49,99,36,252,0,2,21,2,25,68,51,120,38,277,0,0,0,277
02/21/2020,LIT,AR,ASW,ES,Combined TRACON& Tower with Radar,64,54,40,37,195,0,6,67,3,76,64,60,107,40,271,2,49,51,322
02/22/2020,LIT,AR,ASW,ES,Combined TRACON& Tower with Radar,50,22,41,6,119,0,2,54,0,56,50,24,95,6,175,2,0,2,177
02/23/2020,LIT,AR,ASW,ES,Combined TRACON& Tower with Radar,60,42,46,0,148,0,3,9,0,12,60,45,55,0,160,0,0,0,160
02/24/2020,LIT,AR,ASW,ES,Combined TRACON& Tower with Radar,61,43,43,12,159,0,9,4,4,17,61,52,47,16,176,4,16,20,196
02/25/2020,LIT,AR,ASW,ES,Combined TRACON& Tower with Radar,67,47,55,15,184,0,1,32,6,39,67,48,87,21,223,22,4,26,249
02/26/2020,LIT,AR,ASW,ES,Combined TRACON& Tower with Radar,64,45,44,16,169,0,0,20,1,21,64,45,64,17,190,8,12,20,210
02/27/2020,LIT,AR,ASW,ES,Combined TRACON& Tower with Radar,68,40,88,22,218,0,5,77,4,86,68,45,165,26,304,20,19,39,343
02/28/2020,LIT,AR,ASW,ES,Combined TRACON& Tower with Radar,64,40,55,51,210,1,6,54,1,62,65,46,109,52,272,10,10,20,292
02/29/2020,LIT,AR,ASW,ES,Combined TRACON& Tower with Radar,51,25,56,5,137,0,3,59,2,64,51,28,115,7,201,0,0,0,201
03/01/2020,LIT,AR,ASW,ES,Combined TRACON& Tower with Radar,64,42,30,4,140,0,4,6,0,10,64,46,36,4,150,10,0,10,160
03/02/2020,LIT,AR,ASW,ES,Combined TRACON& Tower with Radar,60,38,52,27,177,0,1,6,0,7,60,39,58,27,184,14,19,33,217
03/03/2020,LIT,AR,ASW,ES,Combined TRACON& Tower with Radar,66,36,49,6,157,0,2,37,3,42,66,38,86,9,199,0,0,0,199
03/04/2020,LIT,AR,ASW,ES,Combined TRACON& Tower with Radar,67,42,72,32,213,0,1,32,1,34,67,43,104,33,247,28,0,28,275
03/05/2020,LIT,AR,ASW,ES,Combined TRACON& Tower with Radar,73,33,76,29,211,0,3,51,9,63,73,36,127,38,274,4,44,48,322
03/06/2020,LIT,AR,ASW,ES,Combined TRACON& Tower with Radar,69,44,74,33,220,0,6,69,7,82,69,50,143,40,302,0,16,16,318
03/07/2020,LIT,AR,ASW,ES,Combined TRACON& Tower with Radar,56,25,29,18,128,0,4,48,6,58,56,29,77,24,186,14,2,16,202
03/08/2020,LIT,AR,ASW,ES,Combined TRACON& Tower with Radar,68,34,55,6,163,0,2,27,0,29,68,36,82,6,192,0,0,0,192
03/09/2020,LIT,AR,ASW,ES,Combined TRACON& Tower with Radar,66,40,42,2,150,0,3,5,0,8,66,43,47,2,158,0,0,0,158
03/10/2020,LIT,AR,ASW,ES,Combined TRACON& Tower with Radar,76,39,61,19,195,0,5,35,4,44,76,44,96,23,239,0,22,22,261
03/11/2020,LIT,AR,ASW,ES,Combined TRACON& Tower with Radar,74,33,90,27,224,0,7,8,2,17,74,40,98,29,241,6,12,18,259
03/12/2020,LIT,AR,ASW,ES,Combined TRACON& Tower with Radar,79,42,58,7,186,0,3,2,10,15,79,45,60,17,201,0,38,38,239
03/13/2020,LIT,AR,ASW,ES,Combined TRACON& Tower with Radar,71,31,38,9,149,0,0,10,1,11,71,31,48,10,160,2,18,20,180
03/14/2020,LIT,AR,ASW,ES,Combined TRACON& Tower with Radar,59,20,23,2,104,0,3,0,0,3,59,23,23,2,107,0,0,0,107
03/15/2020,LIT,AR,ASW,ES,Combined TRACON& Tower with Radar,63,30,36,4,133,0,2,4,0,6,63,32,40,4,139,0,0,0,139
03/16/2020,LIT,AR,ASW,ES,Combined TRACON& Tower with Radar,68,29,32,0,129,0,0,2,0,2,68,29,34,0,131,0,0,0,131
03/17/2020,LIT,AR,ASW,ES,Combined TRACON& Tower with Radar,83,30,40,8,161,0,2,8,0,10,83,32,48,8,171,10,0,10,181
03/18/2020,LIT,AR,ASW,ES,Combined TRACON& Tower with Radar,70,28,22,8,128,0,4,4,0,8,70,32,26,8,136,2,0,2,138
03/19/2020,LIT,AR,ASW,ES,Combined TRACON& Tower with Radar,65,23,16,8,112,0,3,5,0,8,65,26,21,8,120,0,0,0,120
03/20/2020,LIT,AR,ASW,ES,Combined TRACON& Tower with Radar,58,33,30,31,152,0,5,31,3,39,58,38,61,34,191,18,2,20,211
03/21/2020,LIT,AR,ASW,ES,Combined TRACON& Tower with Radar,49,15,29,2,95,0,5,29,0,34,49,20,58,2,129,6,0,6,135
03/22/2020,LIT,AR,ASW,ES,Combined TRACON& Tower with Radar,49,19,12,0,80,0,0,2,0,2,49,19,14,0,82,0,0,0,82
03/23/2020,LIT,AR,ASW,ES,Combined TRACON& Tower with Radar,45,18,17,42,122,0,3,6,2,11,45,21,23,44,133,0,45,45,178
03/24/2020,LIT,AR,ASW,ES,Combined TRACON& Tower with Radar,48,19,9,2,78,0,3,0,0,3,48,22,9,2,81,0,0,0,81
03/25/2020,LIT,AR,ASW,ES,Combined TRACON& Tower with Radar,45,18,28,11,102,0,7,24,2,33,45,25,52,13,135,0,26,26,161
03/26/2020,LIT,AR,ASW,ES,Combined TRACON& Tower with Radar,48,12,31,16,107,0,7,58,2,67,48,19,89,18,174,2,14,16,190
03/27/2020,LIT,AR,ASW,ES,Combined TRACON& Tower with Radar,37,13,22,3,75,0,3,11,0,14,37,16,33,3,89,0,0,0,89
03/28/2020,LIT,AR,ASW,ES,Combined TRACON& Tower with Radar,31,10,2,0,43,0,9,0,0,9,31,19,2,0,52,0,0,0,52
03/29/2020,LIT,AR,ASW,ES,Combined TRACON& Tower with Radar,20,11,24,0,55,0,3,59,0,62,20,14,83,0,117,0,0,0,117
03/30/2020,LIT,AR,ASW,ES,Combined TRACON& Tower with Radar,31,20,7,4,62,0,1,10,2,13,31,21,17,6,75,16,34,50,125
03/31/2020,LIT,AR,ASW,ES,Combined TRACON& Tower with Radar,31,15,22,4,72,0,2,18,0,20,31,17,40,4,92,22,0,22,114
04/01/2020,LIT,AR,ASW,ES,Combined TRACON& Tower with Radar,37,16,14,15,82,0,1,43,3,47,37,17,57,18,129,0,0,0,129
04/02/2020,LIT,AR,ASW,ES,Combined TRACON& Tower with Radar,46,10,25,9,90,0,0,43,1,44,46,10,68,10,134,0,4,4,138
04/03/2020,LIT,AR,ASW,ES,Combined TRACON& Tower with Radar,42,15,10,9,76,0,2,8,1,11,42,17,18,10,87,10,12,22,109
04/04/2020,LIT,AR,ASW,ES,Combined TRACON& Tower with Radar,33,12,5,0,50,0,1,6,0,7,33,13,11,0,57,0,0,0,57
04/05/2020,LIT,AR,ASW,ES,Combined TRACON& Tower with Radar,32,7,22,0,61,0,1,19,0,20,32,8,41,0,81,0,0,0,81
04/06/2020,LIT,AR,ASW,ES,Combined TRACON& Tower with Radar,32,5,28,4,69,0,5,30,2,37,32,10,58,6,106,18,0,18,124
04/07/2020,LIT,AR,ASW,ES,Combined TRACON& Tower with Radar,33,14,6,2,55,0,4,3,0,7,33,18,9,2,62,0,0,0,62
04/08/2020,LIT,AR,ASW,ES,Combined TRACON& Tower with Radar,36,13,15,4,68,0,5,24,0,29,36,18,39,4,97,0,0,0,97
04/09/2020,LIT,AR,ASW,ES,Combined TRACON& Tower with Radar,32,8,18,12,70,0,1,43,0,44,32,9,61,12,114,6,0,6,120
04/10/2020,LIT,AR,ASW,ES,Combined TRACON& Tower with Radar,35,8,17,24,84,0,4,52,0,56,35,12,69,24,140,9,14,23,163
04/11/2020,LIT,AR,ASW,ES,Combined TRACON& Tower with Radar,24,4,7,0,35,0,2,23,0,25,24,6,30,0,60,0,0,0,60
04/12/2020,LIT,AR,ASW,ES,Combined TRACON& Tower with Radar,27,1,3,0,31,0,1,3,0,4,27,2,6,0,35,0,0,0,35
04/13/2020,LIT,AR,ASW,ES,Combined TRACON& Tower with Radar,33,5,16,24,78,0,4,18,0,22,33,9,34,24,100,0,0,0,100
04/14/2020,LIT,AR,ASW,ES,Combined TRACON& Tower with Radar,37,4,9,5,55,0,2,18,3,23,37,6,27,8,78,0,2,2,80
04/15/2020,LIT,AR,ASW,ES,Combined TRACON& Tower with Radar,36,10,17,12,75,0,0,32,5,37,36,10,49,17,112,18,28,46,158
04/16/2020,LIT,AR,ASW,ES,Combined TRACON& Tower with Radar,34,11,18,18,81,0,3,42,0,45,34,14,60,18,126,0,0,0,126
04/17/2020,LIT,AR,ASW,ES,Combined TRACON& Tower with Radar,30,7,24,13,74,0,3,20,1,24,30,10,44,14,98,20,11,31,129
04/18/2020,LIT,AR,ASW,ES,Combined TRACON& Tower with Radar,23,6,11,44,84,0,5,42,0,47,23,11,53,44,131,10,34,44,175
04/19/2020,LIT,AR,ASW,ES,Combined TRACON& Tower with Radar,23,5,14,0,42,0,0,0,0,0,23,5,14,0,42,0,0,0,42
04/20/2020,LIT,AR,ASW,ES,Combined TRACON& Tower with Radar,28,16,35,7,86,0,6,48,4,58,28,22,83,11,144,33,4,37,181
04/21/2020,LIT,AR,ASW,ES,Combined TRACON& Tower with Radar,32,8,32,30,102,0,8,37,3,48,32,16,69,33,150,12,34,46,196
04/22/2020,LIT,AR,ASW,ES,Combined TRACON& Tower with Radar,30,7,21,0,58,0,0,9,0,9,30,7,30,0,67,4,0,4,71
04/23/2020,LIT,AR,ASW,ES,Combined TRACON& Tower with Radar,26,20,32,34,112,0,1,12,0,13,26,21,44,34,125,0,4,4,129
04/24/2020,LIT,AR,ASW,ES,Combined TRACON& Tower with Radar,29,5,28,9,71,0,1,26,1,28,29,6,54,10,99,0,8,8,107
04/25/2020,LIT,AR,ASW,ES,Combined TRACON& Tower with Radar,28,10,10,0,48,0,5,13,0,18,28,15,23,0,66,0,0,0,66
04/26/2020,LIT,AR,ASW,ES,Combined TRACON& Tower with Radar,20,6,18,0,44,0,1,50,0,51,20,7,68,0,95,14,0,14,109
04/27/2020,LIT,AR,ASW,ES,Combined TRACON& Tower with Radar,27,18,35,14,94,0,0,29,0,29,27,18,64,14,123,4,0,4,127
04/28/2020,LIT,AR,ASW,ES,Combined TRACON& Tower with Radar,32,7,15,7,61,0,2,13,1,16,32,9,28,8,77,6,24,30,107
04/29/2020,LIT,AR,ASW,ES,Combined TRACON& Tower with Radar,35,15,39,7,96,0,1,23,3,27,35,16,62,10,123,7,12,19,142
04/30/2020,LIT,AR,ASW,ES,Combined TRACON& Tower with Radar,28,10,42,40,120,0,4,39,4,47,28,14,81,44,167,6,8,14,181
05/01/2020,LIT,AR,ASW,ES,Combined TRACON& Tower with Radar,28,8,25,4,65,0,1,67,0,68,28,9,92,4,133,2,0,2,135
05/02/2020,LIT,AR,ASW,ES,Combined TRACON& Tower with Radar,26,11,21,0,58,0,3,45,0,48,26,14,66,0,106,12,0,12,118
05/03/2020,LIT,AR,ASW,ES,Combined TRACON& Tower with Radar,28,8,14,0,50,0,2,19,0,21,28,10,33,0,71,11,0,11,82
05/04/2020,LIT,AR,ASW,ES,Combined TRACON& Tower with Radar,28,8,29,38,103,0,1,20,4,25,28,9,49,42,128,15,26,41,169
05/05/2020,LIT,AR,ASW,ES,Combined TRACON& Tower with Radar,26,10,18,38,92,0,5,37,6,48,26,15,55,44,140,24,20,44,184
05/06/2020,LIT,AR,ASW,ES,Combined TRACON& Tower with Radar,31,6,52,15,104,0,2,62,1,65,31,8,114,16,169,26,4,30,199
05/07/2020,LIT,AR,ASW,ES,Combined TRACON& Tower with Radar,28,14,33,32,107,0,7,44,0,51,28,21,77,32,158,16,12,28,186
05/08/2020,LIT,AR,ASW,ES,Combined TRACON& Tower with Radar,28,9,29,14,80,0,5,10,0,15,28,14,39,14,95,4,0,4,99
05/09/2020,LIT,AR,ASW,ES,Combined TRACON& Tower with Radar,26,11,12,34,83,0,3,67,4,74,26,14,79,38,157,6,8,14,171
05/10/2020,LIT,AR,ASW,ES,Combined TRACON& Tower with Radar,22,8,12,0,42,0,2,29,0,31,22,10,41,0,73,6,0,6,79
05/11/2020,LIT,AR,ASW,ES,Combined TRACON& Tower with Radar,24,16,26,14,80,0,3,37,2,42,24,19,63,16,122,4,22,26,148
05/12/2020,LIT,AR,ASW,ES,Combined TRACON& Tower with Radar,26,11,32,4,73,0,0,6,0,6,26,11,38,4,79,0,0,0,79
05/13/2020,LIT,AR,ASW,ES,Combined TRACON& Tower with Radar,28,10,39,24,101,0,2,37,2,41,28,12,76,26,142,8,24,32,174
05/14/2020,LIT,AR,ASW,ES,Combined TRACON& Tower with Radar,28,14,34,12,88,0,0,11,0,11,28,14,45,12,99,0,6,6,105
05/15/2020,LIT,AR,ASW,ES,Combined TRACON& Tower with Radar,31,10,29,11,81,0,1,11,1,13,31,11,40,12,94,7,28,35,129
05/16/2020,LIT,AR,ASW,ES,Combined TRACON& Tower with Radar,25,9,12,0,46,0,1,2,0,3,25,10,14,0,49,1,0,1,50
05/17/2020,LIT,AR,ASW,ES,Combined TRACON& Tower with Radar,23,12,19,0,54,0,2,3,0,5,23,14,22,0,59,0,39,39,98
05/18/2020,LIT,AR,ASW,ES,Combined TRACON& Tower with Radar,26,18,32,40,116,0,0,43,7,50,26,18,75,47,166,0,0,0,166
05/19/2020,LIT,AR,ASW,ES,Combined TRACON& Tower with Radar,27,15,37,22,101,0,6,64,2,72,27,21,101,24,173,10,24,34,207
05/20/2020,LIT,AR,ASW,ES,Combined TRACON& Tower with Radar,30,16,42,21,109,0,6,57,6,69,30,22,99,27,178,24,24,48,226
05/21/2020,LIT,AR,ASW,ES,Combined TRACON& Tower with Radar,32,19,66,18,135,0,4,39,6,49,32,23,105,24,184,30,4,34,218
05/22/2020,LIT,AR,ASW,ES,Combined TRACON& Tower with Radar,32,13,46,0,91,0,3,7,1,11,32,16,53,1,102,6,0,6,108
05/23/2020,LIT,AR,ASW,ES,Combined TRACON& Tower with Radar,22,13,22,0,57,0,6,26,0,32,22,19,48,0,89,2,0,2,91
05/24/2020,LIT,AR,ASW,ES,Combined TRACON& Tower with Radar,26,9,13,0,48,0,4,7,0,11,26,13,20,0,59,8,0,8,67
05/25/2020,LIT,AR,ASW,ES,Combined TRACON& Tower with Radar,24,8,16,0,48,0,2,17,0,19,24,10,33,0,67,0,0,0,67
05/26/2020,LIT,AR,ASW,ES,Combined TRACON& Tower with Radar,24,13,33,17,87,0,3,10,1,14,24,16,43,18,101,20,0,20,121
05/27/2020,LIT,AR,ASW,ES,Combined TRACON& Tower with Radar,28,23,39,6,96,0,7,19,3,29,28,30,58,9,125,28,0,28,153
05/28/2020,LIT,AR,ASW,ES,Combined TRACON& Tower with Radar,32,21,51,21,125,0,7,0,1,8,32,28,51,22,133,0,10,10,143
05/29/2020,LIT,AR,ASW,ES,Combined TRACON& Tower with Radar,30,14,58,42,144,0,6,47,3,56,30,20,105,45,200,6,2,8,208
05/30/2020,LIT,AR,ASW,ES,Combined TRACON& Tower with Radar,22,8,17,0,47,0,8,51,0,59,22,16,68,0,106,0,0,0,106
05/31/2020,LIT,AR,ASW,ES,Combined TRACON& Tower with Radar,26,19,34,0,79,0,8,48,0,56,26,27,82,0,135,0,0,0,135
06/01/2020,LIT,AR,ASW,ES,Combined TRACON& Tower with Radar,26,15,49,8,98,0,4,46,0,50,26,19,95,8,148,34,0,34,182
06/02/2020,LIT,AR,ASW,ES,Combined TRACON& Tower with Radar,27,11,47,10,95,0,5,55,7,67,27,16,102,17,162,4,6,10,172
06/03/2020,LIT,AR,ASW,ES,Combined TRACON& Tower with Radar,31,20,58,15,124,0,3,22,1,26,31,23,80,16,150,2,8,10,160
06/04/2020,LIT,AR,ASW,ES,Combined TRACON& Tower with Radar,30,18,49,14,111,0,7,27,1,35,30,25,76,15,146,8,15,23,169
06/05/2020,LIT,AR,ASW,ES,Combined TRACON& Tower with Radar,30,27,47,19,123,0,2,20,2,24,30,29,67,21,147,0,9,9,156
06/06/2020,LIT,AR,ASW,ES,Combined TRACON& Tower with Radar,22,21,33,0,76,0,2,42,0,44,22,23,75,0,120,4,0,4,124
06/07/2020,LIT,AR,ASW,ES,Combined TRACON& Tower with Radar,29,9,24,0,62,0,6,24,0,30,29,15,48,0,92,0,0,0,92
06/08/2020,LIT,AR,ASW,ES,Combined TRACON& Tower with Radar,28,12,18,18,76,0,1,2,0,3,28,13,20,18,79,0,6,6,85
06/09/2020,LIT,AR,ASW,ES,Combined TRACON& Tower with Radar,28,6,44,31,109,0,6,11,1,18,28,12,55,32,127,0,14,14,141
06/10/2020,LIT,AR,ASW,ES,Combined TRACON& Tower with Radar,28,16,52,47,143,0,3,26,0,29,28,19,78,47,172,4,12,16,188
06/11/2020,LIT,AR,ASW,ES,Combined TRACON& Tower with Radar,34,14,58,14,120,0,4,52,0,56,34,18,110,14,176,0,0,0,176
06/12/2020,LIT,AR,ASW,ES,Combined TRACON& Tower with Radar,32,21,54,56,163,0,2,65,4,71,32,23,119,60,234,45,12,57,291
06/13/2020,LIT,AR,ASW,ES,Combined TRACON& Tower with Radar,24,21,29,4,78,0,8,28,0,36,24,29,57,4,114,8,0,8,122
06/14/2020,LIT,AR,ASW,ES,Combined TRACON& Tower with Radar,29,5,28,0,62,0,0,40,0,40,29,5,68,0,102,2,0,2,104
06/15/2020,LIT,AR,ASW,ES,Combined TRACON& Tower with Radar,29,19,43,14,105,0,5,43,2,50,29,24,86,16,155,0,8,8,163
06/16/2020,LIT,AR,ASW,ES,Combined TRACON& Tower with Radar,29,10,43,19,101,0,6,50,1,57,29,16,93,20,158,6,0,6,164
06/17/2020,LIT,AR,ASW,ES,Combined TRACON& Tower with Radar,28,21,40,42,131,0,8,46,0,54,28,29,86,42,185,0,2,2,187
06/18/2020,LIT,AR,ASW,ES,Combined TRACON& Tower with Radar,34,20,53,28,135,0,10,53,4,67,34,30,106,32,202,11,27,38,240
06/19/2020,LIT,AR,ASW,ES,Combined TRACON& Tower with Radar,34,12,39,42,127,0,3,38,5,46,34,15,77,47,173,0,36,36,209
06/20/2020,LIT,AR,ASW,ES,Combined TRACON& Tower with Radar,24,9,34,0,67,0,5,26,1,32,24,14,60,1,99,0,0,0,99
06/21/2020,LIT,AR,ASW,ES,Combined TRACON& Tower with Radar,28,11,32,0,71,0,5,5,0,10,28,16,37,0,81,0,0,0,81
06/22/2020,LIT,AR,ASW,ES,Combined TRACON& Tower with Radar,28,11,70,22,131,0,3,18,1,22,28,14,88,23,153,10,6,16,169
06/23/2020,LIT,AR,ASW,ES,Combined TRACON& Tower with Radar,28,14,66,3,111,0,17,29,1,47,28,31,95,4,158,17,7,24,182
06/24/2020,LIT,AR,ASW,ES,Combined TRACON& Tower with Radar,30,18,47,10,105,0,1,47,7,55,30,19,94,17,160,8,0,8,168
06/25/2020,LIT,AR,ASW,ES,Combined TRACON& Tower with Radar,34,9,63,53,159,0,6,47,9,62,34,15,110,62,221,8,44,52,273
06/26/2020,LIT,AR,ASW,ES,Combined TRACON& Tower with Radar,32,27,58,1,118,0,5,6,4,15,32,32,64,5,133,0,12,12,145
06/27/2020,LIT,AR,ASW,ES,Combined TRACON& Tower with Radar,24,10,45,0,79,0,5,12,0,17,24,15,57,0,96,2,0,2,98
06/28/2020,LIT,AR,ASW,ES,Combined TRACON& Tower with Radar,26,10,24,10,70,0,1,19,0,20,26,11,43,10,90,0,0,0,90
06/29/2020,LIT,AR,ASW,ES,Combined TRACON& Tower with Radar,26,12,45,8,91,0,2,3,0,5,26,14,48,8,96,0,0,0,96
06/30/2020,LIT,AR,ASW,ES,Combined TRACON& Tower with Radar,31,14,46,44,135,0,8,26,7,41,31,22,72,51,176,0,34,34,210
07/01/2020,LIT,AR,ASW,ES,Combined TRACON& Tower with Radar,28,15,68,4,115,0,3,32,1,36,28,18,100,5,151,0,0,0,151
07/02/2020,LIT,AR,ASW,ES,Combined TRACON& Tower with Radar,34,11,61,5,111,0,6,36,3,45,34,17,97,8,156,6,4,10,166
07/03/2020,LIT,AR,ASW,ES,Combined TRACON& Tower with Radar,30,13,34,0,77,0,7,43,0,50,30,20,77,0,127,0,0,0,127
07/04/2020,LIT,AR,ASW,ES,Combined TRACON& Tower with Radar,24,6,12,0,42,0,8,5,2,15,24,14,17,2,57,0,0,0,57
07/05/2020,LIT,AR,ASW,ES,Combined TRACON& Tower with Radar,29,11,30,0,70,0,9,13,3,25,29,20,43,3,95,2,0,2,97
07/06/2020,LIT,AR,ASW,ES,Combined TRACON& Tower with Radar,32,19,57,0,108,0,3,35,0,38,32,22,92,0,146,8,0,8,154
07/07/2020,LIT,AR,ASW,ES,Combined TRACON& Tower with Radar,43,11,27,37,118,0,7,36,0,43,43,18,63,37,161,0,0,0,161
07/08/2020,LIT,AR,ASW,ES,Combined TRACON& Tower with Radar,42,12,59,31,144,0,4,30,5,39,42,16,89,36,183,20,8,28,211
07/09/2020,LIT,AR,ASW,ES,Combined TRACON& Tower with Radar,51,12,62,19,144,0,9,21,8,38,51,21,83,27,182,10,58,68,250
07/10/2020,LIT,AR,ASW,ES,Combined TRACON& Tower with Radar,49,13,50,28,140,0,7,49,6,62,49,20,99,34,202,2,0,2,204
07/11/2020,LIT,AR,ASW,ES,Combined TRACON& Tower with Radar,38,11,29,0,78,0,5,36,0,41,38,16,65,0,119,2,0,2,121
07/12/2020,LIT,AR,ASW,ES,Combined TRACON& Tower with Radar,44,15,35,0,94,0,2,42,0,44,44,17,77,0,138,5,0,5,143
07/13/2020,LIT,AR,ASW,ES,Combined TRACON& Tower with Radar,44,21,54,0,119,0,3,51,0,54,44,24,105,0,173,8,0,8,181
07/14/2020,LIT,AR,ASW,ES,Combined TRACON& Tower with Radar,42,14,48,6,110,0,4,48,4,56,42,18,96,10,166,42,0,42,208
07/15/2020,LIT,AR,ASW,ES,Combined TRACON& Tower with Radar,42,20,52,13,127,0,11,62,1,74,42,31,114,14,201,4,0,4,205
07/16/2020,LIT,AR,ASW,ES,Combined TRACON& Tower with Radar,50,23,51,19,143,0,5,34,2,41,50,28,85,21,184,2,0,2,186
07/17/2020,LIT,AR,ASW,ES,Combined TRACON& Tower with Radar,48,13,46,18,125,0,3,29,6,38,48,16,75,24,163,4,22,26,189
07/18/2020,LIT,AR,ASW,ES,Combined TRACON& Tower with Radar,37,12,32,1,82,0,10,52,0,62,37,22,84,1,144,10,6,16,160
07/19/2020,LIT,AR,ASW,ES,Combined TRACON& Tower with Radar,45,11,31,2,89,0,5,61,0,66,45,16,92,2,155,4,0,4,159
07/20/2020,LIT,AR,ASW,ES,Combined TRACON& Tower with Radar,46,15,33,16,110,0,2,43,0,45,46,17,76,16,155,12,4,16,171
07/21/2020,LIT,AR,ASW,ES,Combined TRACON& Tower with Radar,42,19,41,26,128,0,1,59,3,63,42,20,100,29,191,24,33,57,248
07/22/2020,LIT,AR,ASW,ES,Combined TRACON& Tower with Radar,40,21,72,6,139,0,14,13,0,27,40,35,85,6,166,16,0,16,182
07/23/2020,LIT,AR,ASW,ES,Combined TRACON& Tower with Radar,51,18,70,5,144,0,0,39,3,42,51,18,109,8,186,26,4,30,216
07/24/2020,LIT,AR,ASW,ES,Combined TRACON& Tower with Radar,50,23,58,25,156,0,5,32,3,40,50,28,90,28,196,4,22,26,222
07/25/2020,LIT,AR,ASW,ES,Combined TRACON& Tower with Radar,39,13,43,1,96,0,6,22,0,28,39,19,65,1,124,0,4,4,128
07/26/2020,LIT,AR,ASW,ES,Combined TRACON& Tower with Radar,44,14,50,1,109,0,6,43,0,49,44,20,93,1,158,0,0,0,158
07/27/2020,LIT,AR,ASW,ES,Combined TRACON& Tower with Radar,44,13,51,24,132,0,5,38,6,49,44,18,89,30,181,0,52,52,233
07/28/2020,LIT,AR,ASW,ES,Combined TRACON& Tower with Radar,43,18,47,33,141,0,1,38,12,51,43,19,85,45,192,12,10,22,214
07/29/2020,LIT,AR,ASW,ES,Combined TRACON& Tower with Radar,42,20,49,28,139,0,3,24,3,30,42,23,73,31,169,54,27,81,250
07/30/2020,LIT,AR,ASW,ES,Combined TRACON& Tower with Radar,46,24,39,5,114,0,3,16,0,19,46,27,55,5,133,2,0,2,135
07/31/2020,LIT,AR,ASW,ES,Combined TRACON& Tower with Radar,44,23,40,9,116,0,3,6,1,10,44,26,46,10,126,0,4,4,130
08/01/2020,LIT,AR,ASW,ES,Combined TRACON& Tower with Radar,36,25,34,0,95,0,0,10,2,12,36,25,44,2,107,0,0,0,107
08/02/2020,LIT,AR,ASW,ES,Combined TRACON& Tower with Radar,42,30,36,0,108,0,1,40,0,41,42,31,76,0,149,0,0,0,149
08/03/2020,LIT,AR,ASW,ES,Combined TRACON& Tower with Radar,42,17,63,15,137,0,2,41,3,46,42,19,104,18,183,0,18,18,201
08/04/2020,LIT,AR,ASW,ES,Combined TRACON& Tower with Radar,42,26,62,62,192,0,6,35,5,46,42,32,97,67,238,24,24,48,286
08/05/2020,LIT,AR,ASW,ES,Combined TRACON& Tower with Radar,42,23,65,20,150,0,4,78,14,96,42,27,143,34,246,6,26,32,278
08/06/2020,LIT,AR,ASW,ES,Combined TRACON& Tower with Radar,51,27,53,51,182,0,0,41,7,48,51,27,94,58,230,2,8,10,240
08/07/2020,LIT,AR,ASW,ES,Combined TRACON& Tower with Radar,51,21,50,22,144,0,3,37,0,40,51,24,87,22,184,7,4,11,195
08/08/2020,LIT,AR,ASW,ES,Combined TRACON& Tower with Radar,38,15,22,7,82,0,2,31,0,33,38,17,53,7,115,0,0,0,115
08/09/2020,LIT,AR,ASW,ES,Combined TRACON& Tower with Radar,44,16,28,0,88,0,11,37,0,48,44,27,65,0,136,20,0,20,156
08/10/2020,LIT,AR,ASW,ES,Combined TRACON& Tower with Radar,44,15,58,42,159,0,11,50,8,69,44,26,108,50,228,10,8,18,246
08/11/2020,LIT,AR,ASW,ES,Combined TRACON& Tower with Radar,44,25,53,16,138,0,4,18,2,24,44,29,71,18,162,2,0,2,164
08/12/2020,LIT,AR,ASW,ES,Combined TRACON& Tower with Radar,42,18,58,40,158,0,5,29,2,36,42,23,87,42,194,12,12,24,218
08/13/2020,LIT,AR,ASW,ES,Combined TRACON& Tower with Radar,50,28,66,60,204,0,5,36,9,50,50,33,102,69,254,2,22,24,278
08/14/2020,LIT,AR,ASW,ES,Combined TRACON& Tower with Radar,50,18,50,30,148,0,5,29,0,34,50,23,79,30,182,0,17,17,199
08/15/2020,LIT,AR,ASW,ES,Combined TRACON& Tower with Radar,40,14,31,4,89,0,4,46,2,52,40,18,77,6,141,2,0,2,143
08/16/2020,LIT,AR,ASW,ES,Combined TRACON& Tower with Radar,49,15,32,3,99,0,3,24,7,34,49,18,56,10,133,0,0,0,133
08/17/2020,LIT,AR,ASW,ES,Combined TRACON& Tower with Radar,47,20,35,21,123,0,8,36,4,48,47,28,71,25,171,0,32,32,203
08/18/2020,LIT,AR,ASW,ES,Combined TRACON& Tower with Radar,43,24,49,22,138,1,7,58,1,67,44,31,107,23,205,4,24,28,233
08/19/2020,LIT,AR,ASW,ES,Combined TRACON& Tower with Radar,40,19,44,51,154,0,0,33,17,50,40,19,77,68,204,2,18,20,224
08/20/2020,LIT,AR,ASW,ES,Combined TRACON& Tower with Radar,50,27,64,27,168,0,5,61,9,75,50,32,125,36,243,14,8,22,265
08/21/2020,LIT,AR,ASW,ES,Combined TRACON& Tower with Radar,50,25,67,28,170,0,1,42,2,45,50,26,109,30,215,2,28,30,245
08/22/2020,LIT,AR,ASW,ES,Combined TRACON& Tower with Radar,38,21,23,9,91,0,16,46,3,65,38,37,69,12,156,0,0,0,156
08/23/2020,LIT,AR,ASW,ES,Combined TRACON& Tower with Radar,44,10,29,1,84,0,6,46,0,52,44,16,75,1,136,0,0,0,136
08/24/2020,LIT,AR,ASW,ES,Combined TRACON& Tower with Radar,46,23,31,36,136,0,0,35,9,44,46,23,66,45,180,6,73,79,259
08/25/2020,LIT,AR,ASW,ES,Combined TRACON& Tower with Radar,42,32,53,88,215,0,0,49,14,63,42,32,102,102,278,0,14,14,292
08/26/2020,LIT,AR,ASW,ES,Combined TRACON& Tower with Radar,42,27,46,8,123,0,2,8,5,15,42,29,54,13,138,8,20,28,166
08/27/2020,LIT,AR,ASW,ES,Combined TRACON& Tower with Radar,48,10,17,2,77,0,0,2,0,2,48,10,19,2,79,0,0,0,79
08/28/2020,LIT,AR,ASW,ES,Combined TRACON& Tower with Radar,51,12,32,9,104,0,8,23,5,36,51,20,55,14,140,12,24,36,176
08/29/2020,LIT,AR,ASW,ES,Combined TRACON& Tower with Radar,37,24,30,2,93,0,5,24,1,30,37,29,54,3,123,0,0,0,123
08/30/2020,LIT,AR,ASW,ES,Combined TRACON& Tower with Radar,41,11,28,1,81,0,2,12,0,14,41,13,40,1,95,0,0,0,95
08/31/2020,LIT,AR,ASW,ES,Combined TRACON& Tower with Radar,44,17,44,11,116,0,7,13,4,24,44,24,57,15,140,0,30,30,170
09/01/2020,LIT,AR,ASW,ES,Combined TRACON& Tower with Radar,42,20,37,1,100,0,1,6,2,9,42,21,43,3,109,0,0,0,109
09/02/2020,LIT,AR,ASW,ES,Combined TRACON& Tower with Radar,41,28,34,4,107,0,2,0,3,5,41,30,34,7,112,0,16,16,128
09/03/2020,LIT,AR,ASW,ES,Combined TRACON& Tower with Radar,52,20,50,0,122,0,5,16,4,25,52,25,66,4,147,15,0,15,162
09/04/2020,LIT,AR,ASW,ES,Combined TRACON& Tower with Radar,53,20,63,0,136,0,2,34,1,37,53,22,97,1,173,13,0,13,186
09/05/2020,LIT,AR,ASW,ES,Combined TRACON& Tower with Radar,40,14,20,0,74,0,5,35,0,40,40,19,55,0,114,2,0,2,116
09/06/2020,LIT,AR,ASW,ES,Combined TRACON& Tower with Radar,33,11,23,0,67,0,9,45,0,54,33,20,68,0,121,6,0,6,127
09/07/2020,LIT,AR,ASW,ES,Combined TRACON& Tower with Radar,40,20,47,1,108,0,8,34,0,42,40,28,81,1,150,10,0,10,160
09/08/2020,LIT,AR,ASW,ES,Combined TRACON& Tower with Radar,41,22,60,38,161,0,7,42,8,57,41,29,102,46,218,34,16,50,268
09/09/2020,LIT,AR,ASW,ES,Combined TRACON& Tower with Radar,42,27,58,24,151,0,4,46,4,54,42,31,104,28,205,22,12,34,239
09/10/2020,LIT,AR,ASW,ES,Combined TRACON& Tower with Radar,45,26,76,40,187,0,3,41,4,48,45,29,117,44,235,4,8,12,247
09/11/2020,LIT,AR,ASW,ES,Combined TRACON& Tower with Radar,44,29,69,85,227,0,5,38,30,73,44,34,107,115,300,10,80,90,390
09/12/2020,LIT,AR,ASW,ES,Combined TRACON& Tower with Radar,37,17,47,42,143,0,6,28,3,37,37,23,75,45,180,0,26,26,206
09/13/2020,LIT,AR,ASW,ES,Combined TRACON& Tower with Radar,39,22,53,5,119,0,3,15,0,18,39,25,68,5,137,0,0,0,137
09/14/2020,LIT,AR,ASW,ES,Combined TRACON& Tower with Radar,38,19,42,73,172,0,3,34,6,43,38,22,76,79,215,0,30,30,245
09/15/2020,LIT,AR,ASW,ES,Combined TRACON& Tower with Radar,40,17,47,60,164,0,3,42,5,50,40,20,89,65,214,0,10,10,224
09/16/2020,LIT,AR,ASW,ES,Combined TRACON& Tower with Radar,44,22,68,48,182,0,0,18,4,22,44,22,86,52,204,0,14,14,218
09/17/2020,LIT,AR,ASW,ES,Combined TRACON& Tower with Radar,46,18,65,53,182,0,3,51,13,67,46,21,116,66,249,10,25,35,284
09/18/2020,LIT,AR,ASW,ES,Combined TRACON& Tower with Radar,48,19,67,12,146,0,4,43,0,47,48,23,110,12,193,0,0,0,193
09/19/2020,LIT,AR,ASW,ES,Combined TRACON& Tower with Radar,36,11,24,11,82,0,5,47,5,57,36,16,71,16,139,0,6,6,145
09/20/2020,LIT,AR,ASW,ES,Combined TRACON& Tower with Radar,38,15,47,2,102,0,1,54,0,55,38,16,101,2,157,0,2,2,159
09/21/2020,LIT,AR,ASW,ES,Combined TRACON& Tower with Radar,43,21,46,39,149,0,3,29,2,34,43,24,75,41,183,4,9,13,196
09/22/2020,LIT,AR,ASW,ES,Combined TRACON& Tower with Radar,44,24,66,2,136,0,0,1,0,1,44,24,67,2,137,0,0,0,137
09/23/2020,LIT,AR,ASW,ES,Combined TRACON& Tower with Radar,44,27,60,0,131,0,0,0,0,0,44,27,60,0,131,0,0,0,131
09/24/2020,LIT,AR,ASW,ES,Combined TRACON& Tower with Radar,43,20,84,13,160,0,3,5,1,9,43,23,89,14,169,0,0,0,169
09/25/2020,LIT,AR,ASW,ES,Combined TRACON& Tower with Radar,46,24,76,85,231,0,1,27,4,32,46,25,103,89,263,0,37,37,300
09/26/2020,LIT,AR,ASW,ES,Combined TRACON& Tower with Radar,36,13,29,40,118,0,4,26,0,30,36,17,55,40,148,0,29,29,177
09/27/2020,LIT,AR,ASW,ES,Combined TRACON& Tower with Radar,38,27,42,5,112,0,0,29,0,29,38,27,71,5,141,5,0,5,146
09/28/2020,LIT,AR,ASW,ES,Combined TRACON& Tower with Radar,38,12,49,38,137,0,5,31,3,39,38,17,80,41,176,2,12,14,190
09/29/2020,LIT,AR,ASW,ES,Combined TRACON& Tower with Radar,41,19,67,36,163,0,7,31,8,46,41,26,98,44,209,27,16,43,252
09/30/2020,LIT,AR,ASW,ES,Combined TRACON& Tower with Radar,42,24,77,25,168,0,2,64,10,76,42,26,141,35,244,2,34,36,280
10/01/2020,LIT,AR,ASW,ES,Combined TRACON& Tower with Radar,45,22,50,12,129,0,6,55,5,66,45,28,105,17,195,0,14,14,209
10/02/2020,LIT,AR,ASW,ES,Combined TRACON& Tower with Radar,50,20,39,3,112,0,4,59,1,64,50,24,98,4,176,0,0,0,176
10/03/2020,LIT,AR,ASW,ES,Combined TRACON& Tower with Radar,36,8,31,0,75,0,3,38,0,41,36,11,69,0,116,2,0,2,118
10/04/2020,LIT,AR,ASW,ES,Combined TRACON& Tower with Radar,40,10,40,3,93,0,5,39,2,46,40,15,79,5,139,4,0,4,143
10/05/2020,LIT,AR,ASW,ES,Combined TRACON& Tower with Radar,42,17,80,45,184,0,3,40,6,49,42,20,120,51,233,0,31,31,264
10/06/2020,LIT,AR,ASW,ES,Combined TRACON& Tower with Radar,42,21,49,27,139,0,3,54,8,65,42,24,103,35,204,8,6,14,218
10/07/2020,LIT,AR,ASW,ES,Combined TRACON& Tower with Radar,39,27,66,35,167,0,7,48,6,61,39,34,114,41,228,22,14,36,264
10/08/2020,LIT,AR,ASW,ES,Combined TRACON& Tower with Radar,50,16,62,80,208,0,6,30,0,36,50,22,92,80,244,2,14,16,260
10/09/2020,LIT,AR,ASW,ES,Combined TRACON& Tower with Radar,52,22,52,31,157,0,8,13,2,23,52,30,65,33,180,0,20,20,200
10/10/2020,LIT,AR,ASW,ES,Combined TRACON& Tower with Radar,38,13,21,5,77,0,3,3,0,6,38,16,24,5,83,0,0,0,83
10/11/2020,LIT,AR,ASW,ES,Combined TRACON& Tower with Radar,46,16,23,32,117,0,1,17,0,18,46,17,40,32,135,2,12,14,149
10/12/2020,LIT,AR,ASW,ES,Combined TRACON& Tower with Radar,48,14,58,0,120,0,2,19,0,21,48,16,77,0,141,0,0,0,141
10/13/2020,LIT,AR,ASW,ES,Combined TRACON& Tower with Radar,45,13,68,17,143,0,7,50,2,59,45,20,118,19,202,8,2,10,212
10/14/2020,LIT,AR,ASW,ES,Combined TRACON& Tower with Radar,40,15,66,35,156,0,3,36,4,43,40,18,102,39,199,0,28,28,227
10/15/2020,LIT,AR,ASW,ES,Combined TRACON& Tower with Radar,50,20,70,19,159,0,5,29,1,35,50,25,99,20,194,8,6,14,208
10/16/2020,LIT,AR,ASW,ES,Combined TRACON& Tower with Radar,52,18,57,27,154,0,11,48,13,72,52,29,105,40,226,6,0,6,232
10/17/2020,LIT,AR,ASW,ES,Combined TRACON& Tower with Radar,38,20,44,2,104,0,3,26,0,29,38,23,70,2,133,8,0,8,141
10/18/2020,LIT,AR,ASW,ES,Combined TRACON& Tower with Radar,46,11,48,2,107,0,2,16,1,19,46,13,64,3,126,10,0,10,136
10/19/2020,LIT,AR,ASW,ES,Combined TRACON& Tower with Radar,52,16,59,7,134,0,3,8,1,12,52,19,67,8,146,8,0,8,154
10/20/2020,LIT,AR,ASW,ES,Combined TRACON& Tower with Radar,46,19,45,48,158,0,4,24,2,30,46,23,69,50,188,4,14,18,206
10/21/2020,LIT,AR,ASW,ES,Combined TRACON& Tower with Radar,42,15,55,31,143,0,6,52,6,64,42,21,107,37,207,0,10,10,217
10/22/2020,LIT,AR,ASW,ES,Combined TRACON& Tower with Radar,52,12,83,43,190,0,5,43,17,65,52,17,126,60,255,0,48,48,303
10/23/2020,LIT,AR,ASW,ES,Combined TRACON& Tower with Radar,54,20,38,18,130,0,4,6,2,12,54,24,44,20,142,0,6,6,148
10/24/2020,LIT,AR,ASW,ES,Combined TRACON& Tower with Radar,36,17,33,1,87,0,3,4,1,8,36,20,37,2,95,0,0,0,95
10/25/2020,LIT,AR,ASW,ES,Combined TRACON& Tower with Radar,46,18,51,2,117,0,2,1,1,4,46,20,52,3,121,0,0,0,121
10/26/2020,LIT,AR,ASW,ES,Combined TRACON& Tower with Radar,44,13,51,15,123,0,0,1,0,1,44,13,52,15,124,0,0,0,124
10/27/2020,LIT,AR,ASW,ES,Combined TRACON& Tower with Radar,48,21,45,8,122,0,0,0,0,0,48,21,45,8,122,0,0,0,122
10/28/2020,LIT,AR,ASW,ES,Combined TRACON& Tower with Radar,38,17,22,9,86,0,0,0,0,0,38,17,22,9,86,0,0,0,86
10/29/2020,LIT,AR,ASW,ES,Combined TRACON& Tower with Radar,52,29,37,8,126,0,2,9,0,11,52,31,46,8,137,0,0,0,137
10/30/2020,LIT,AR,ASW,ES,Combined TRACON& Tower with Radar,51,20,62,55,188,0,17,61,15,93,51,37,123,70,281,12,26,38,319
10/31/2020,LIT,AR,ASW,ES,Combined TRACON& Tower with Radar,33,13,28,4,78,0,13,54,1,68,33,26,82,5,146,12,0,12,158
11/01/2020,LIT,AR,ASW,ES,Combined TRACON& Tower with Radar,40,22,57,13,132,0,5,30,4,39,40,27,87,17,171,17,4,21,192
11/02/2020,LIT,AR,ASW,ES,Combined TRACON& Tower with Radar,44,23,43,21,131,0,7,50,2,59,44,30,93,23,190,12,2,14,204
11/03/2020,LIT,AR,ASW,ES,Combined TRACON& Tower with Radar,44,27,46,20,137,0,1,35,0,36,44,28,81,20,173,22,0,22,195
11/04/2020,LIT,AR,ASW,ES,Combined TRACON& Tower with Radar,41,30,52,23,146,0,0,50,9,59,41,30,102,32,205,0,0,0,205
11/05/2020,LIT,AR,ASW,ES,Combined TRACON& Tower with Radar,52,23,65,20,160,0,5,61,0,66,52,28,126,20,226,6,24,30,256
11/06/2020,LIT,AR,ASW,ES,Combined TRACON& Tower with Radar,50,30,55,38,173,0,4,51,8,63,50,34,106,46,236,6,16,22,258
11/07/2020,LIT,AR,ASW,ES,Combined TRACON& Tower with Radar,38,19,47,29,133,0,9,52,4,65,38,28,99,33,198,12,4,16,214
11/08/2020,LIT,AR,ASW,ES,Combined TRACON& Tower with Radar,49,30,39,15,133,0,5,16,1,22,49,35,55,16,155,0,0,0,155
11/09/2020,LIT,AR,ASW,ES,Combined TRACON& Tower with Radar,45,20,55,17,137,0,4,14,0,18,45,24,69,17,155,2,0,2,157
11/10/2020,LIT,AR,ASW,ES,Combined TRACON& Tower with Radar,40,33,66,43,182,0,9,28,4,41,40,42,94,47,223,0,0,0,223
11/11/2020,LIT,AR,ASW,ES,Combined TRACON& Tower with Radar,46,15,64,9,134,0,2,59,4,65,46,17,123,13,199,6,0,6,205
11/12/2020,LIT,AR,ASW,ES,Combined TRACON& Tower with Radar,52,24,74,33,183,0,2,37,5,44,52,26,111,38,227,16,2,18,245
11/13/2020,LIT,AR,ASW,ES,Combined TRACON& Tower with Radar,52,21,55,54,182,0,8,35,9,52,52,29,90,63,234,0,8,8,242
11/14/2020,LIT,AR,ASW,ES,Combined TRACON& Tower with Radar,40,13,33,2,88,0,4,18,1,23,40,17,51,3,111,11,0,11,122
11/15/2020,LIT,AR,ASW,ES,Combined TRACON& Tower with Radar,50,14,38,4,106,0,7,33,0,40,50,21,71,4,146,0,0,0,146
11/16/2020,LIT,AR,ASW,ES,Combined TRACON& Tower with Radar,44,31,46,23,144,0,8,45,1,54,44,39,91,24,198,4,4,8,206
11/17/2020,LIT,AR,ASW,ES,Combined TRACON& Tower with Radar,40,32,62,29,163,0,7,53,3,63,40,39,115,32,226,4,6,10,236
11/18/2020,LIT,AR,ASW,ES,Combined TRACON& Tower with Radar,42,15,57,28,142,0,3,51,7,61,42,18,108,35,203,2,40,42,245
11/19/2020,LIT,AR,ASW,ES,Combined TRACON& Tower with Radar,52,30,54,18,154,0,7,59,1,67,52,37,113,19,221,0,0,0,221
11/20/2020,LIT,AR,ASW,ES,Combined TRACON& Tower with Radar,51,25,51,16,143,0,2,12,0,14,51,27,63,16,157,0,0,0,157
11/21/2020,LIT,AR,ASW,ES,Combined TRACON& Tower with Radar,49,26,58,19,152,0,2,36,2,40,49,28,94,21,192,4,3,7,199
11/22/2020,LIT,AR,ASW,ES,Combined TRACON& Tower with Radar,51,14,38,6,109,0,4,2,0,6,51,18,40,6,115,0,0,0,115
11/23/2020,LIT,AR,ASW,ES,Combined TRACON& Tower with Radar,42,27,59,17,145,0,2,58,5,65,42,29,117,22,210,36,8,44,254
11/24/2020,LIT,AR,ASW,ES,Combined TRACON& Tower with Radar,62,23,57,35,177,0,11,31,3,45,62,34,88,38,222,0,0,0,222
11/25/2020,LIT,AR,ASW,ES,Combined TRACON& Tower with Radar,63,17,56,8,144,0,7,20,0,27,63,24,76,8,171,2,0,2,173
11/26/2020,LIT,AR,ASW,ES,Combined TRACON& Tower with Radar,26,9,13,0,48,0,4,5,0,9,26,13,18,0,57,0,0,0,57
11/27/2020,LIT,AR,ASW,ES,Combined TRACON& Tower with Radar,38,23,39,0,100,0,3,14,0,17,38,26,53,0,117,0,0,0,117
11/28/2020,LIT,AR,ASW,ES,Combined TRACON& Tower with Radar,51,23,31,0,105,0,7,36,0,43,51,30,67,0,148,20,0,20,168
11/29/2020,LIT,AR,ASW,ES,Combined TRACON& Tower with Radar,52,18,49,0,119,0,4,5,0,9,52,22,54,0,128,0,0,0,128
11/30/2020,LIT,AR,ASW,ES,Combined TRACON& Tower with Radar,55,27,42,18,142,0,3,12,3,18,55,30,54,21,160,0,4,4,164
12/01/2020,LIT,AR,ASW,ES,Combined TRACON& Tower with Radar,50,28,61,29,168,0,5,72,3,80,50,33,133,32,248,26,6,32,280
12/02/2020,LIT,AR,ASW,ES,Combined TRACON& Tower with Radar,45,25,29,24,123,0,9,22,4,35,45,34,51,28,158,6,8,14,172
12/03/2020,LIT,AR,ASW,ES,Combined TRACON& Tower with Radar,54,21,45,0,120,0,0,1,0,1,54,21,46,0,121,0,0,0,121
12/04/2020,LIT,AR,ASW,ES,Combined TRACON& Tower with Radar,53,14,42,30,139,0,2,34,4,40,53,16,76,34,179,0,0,0,179
12/05/2020,LIT,AR,ASW,ES,Combined TRACON& Tower with Radar,41,16,25,9,91,0,8,39,15,62,41,24,64,24,153,12,22,34,187
12/06/2020,LIT,AR,ASW,ES,Combined TRACON& Tower with Radar,48,10,31,10,99,0,7,22,1,30,48,17,53,11,129,0,0,0,129
12/07/2020,LIT,AR,ASW,ES,Combined TRACON& Tower with Radar,47,23,41,19,130,0,4,45,2,51,47,27,86,21,181,0,4,4,185
12/08/2020,LIT,AR,ASW,ES,Combined TRACON& Tower with Radar,44,22,55,55,176,0,9,57,8,74,44,31,112,63,250,24,12,36,286
12/09/2020,LIT,AR,ASW,ES,Combined TRACON& Tower with Radar,44,29,45,22,140,0,7,38,9,54,44,36,83,31,194,0,6,6,200
12/10/2020,LIT,AR,ASW,ES,Combined TRACON& Tower with Radar,53,22,61,45,181,0,5,50,7,62,53,27,111,52,243,10,24,34,277
12/11/2020,LIT,AR,ASW,ES,Combined TRACON& Tower with Radar,54,18,39,15,126,0,2,11,4,17,54,20,50,19,143,18,0,18,161
12/12/2020,LIT,AR,ASW,ES,Combined TRACON& Tower with Radar,40,15,40,0,95,0,3,32,2,37,40,18,72,2,132,8,0,8,140
12/13/2020,LIT,AR,ASW,ES,Combined TRACON& Tower with Radar,48,12,19,0,79,0,1,3,0,4,48,13,22,0,83,0,0,0,83
12/14/2020,LIT,AR,ASW,ES,Combined TRACON& Tower with Radar,49,26,42,83,200,0,3,24,11,38,49,29,66,94,238,2,28,30,268
12/15/2020,LIT,AR,ASW,ES,Combined TRACON& Tower with Radar,42,22,49,12,125,0,1,3,0,4,42,23,52,12,129,4,0,4,133
12/16/2020,LIT,AR,ASW,ES,Combined TRACON& Tower with Radar,45,38,46,75,204,0,6,8,8,22,45,44,54,83,226,16,36,52,278
12/17/2020,LIT,AR,ASW,ES,Combined TRACON& Tower with Radar,60,25,58,47,190,0,9,79,3,91,60,34,137,50,281,12,20,32,313
12/18/2020,LIT,AR,ASW,ES,Combined TRACON& Tower with Radar,58,16,58,40,172,0,12,66,2,80,58,28,124,42,252,10,14,24,276
12/19/2020,LIT,AR,ASW,ES,Combined TRACON& Tower with Radar,57,28,18,0,103,0,3,0,0,3,57,31,18,0,106,0,0,0,106
12/20/2020,LIT,AR,ASW,ES,Combined TRACON& Tower with Radar,56,22,54,8,140,0,2,13,0,15,56,24,67,8,155,0,0,0,155
12/21/2020,LIT,AR,ASW,ES,Combined TRACON& Tower with Radar,59,18,36,21,134,0,2,66,2,70,59,20,102,23,204,2,4,6,210
12/22/2020,LIT,AR,ASW,ES,Combined TRACON& Tower with Radar,56,18,44,7,125,0,9,87,1,97,56,27,131,8,222,8,0,8,230
12/23/2020,LIT,AR,ASW,ES,Combined TRACON& Tower with Radar,63,19,28,4,114,0,6,7,0,13,63,25,35,4,127,0,0,0,127
12/24/2020,LIT,AR,ASW,ES,Combined TRACON& Tower with Radar,45,16,12,0,73,0,3,24,0,27,45,19,36,0,100,0,0,0,100
12/25/2020,LIT,AR,ASW,ES,Combined TRACON& Tower with Radar,30,10,15,0,55,0,4,21,0,25,30,14,36,0,80,0,0,0,80
12/26/2020,LIT,AR,ASW,ES,Combined TRACON& Tower with Radar,52,19,41,0,112,0,1,43,0,44,52,20,84,0,156,0,0,0,156
12/27/2020,LIT,AR,ASW,ES,Combined TRACON& Tower with Radar,53,11,47,0,111,0,4,18,0,22,53,15,65,0,133,12,0,12,145
12/28/2020,LIT,AR,ASW,ES,Combined TRACON& Tower with Radar,53,18,36,5,112,0,2,54,1,57,53,20,90,6,169,2,0,2,171
12/29/2020,LIT,AR,ASW,ES,Combined TRACON& Tower with Radar,57,27,38,14,136,0,1,6,0,7,57,28,44,14,143,0,4,4,147
12/30/2020,LIT,AR,ASW,ES,Combined TRACON& Tower with Radar,55,18,35,0,108,0,3,0,0,3,55,21,35,0,111,0,0,0,111
12/31/2020,LIT,AR,ASW,ES,Combined TRACON& Tower with Radar,46,15,13,0,74,0,0,0,0,0,46,15,13,0,74,0,0,0,74
01/01/2021,LIT,AR,ASW,ES,Combined TRACON& Tower with Radar,41,16,23,0,80,0,2,1,0,3,41,18,24,0,83,0,0,0,83
01/02/2021,LIT,AR,ASW,ES,Combined TRACON& Tower with Radar,53,18,13,0,84,0,0,2,0,2,53,18,15,0,86,0,0,0,86
01/03/2021,LIT,AR,ASW,ES,Combined TRACON& Tower with Radar,53,17,48,1,119,0,2,60,1,63,53,19,108,2,182,8,6,14,196
01/04/2021,LIT,AR,ASW,ES,Combined TRACON& Tower with Radar,53,18,43,6,120,0,3,41,1,45,53,21,84,7,165,18,0,18,183
01/05/2021,LIT,AR,ASW,ES,Combined TRACON& Tower with Radar,44,22,33,11,110,0,5,53,1,59,44,27,86,12,169,4,14,18,187
01/06/2021,LIT,AR,ASW,ES,Combined TRACON& Tower with Radar,47,14,38,13,112,0,6,20,3,29,47,20,58,16,141,0,25,25,166
01/07/2021,LIT,AR,ASW,ES,Combined TRACON& Tower with Radar,56,19,46,58,179,0,3,6,2,11,56,22,52,60,190,0,26,26,216
01/08/2021,LIT,AR,ASW,ES,Combined TRACON& Tower with Radar,58,21,39,43,161,0,6,21,4,31,58,27,60,47,192,6,25,31,223
01/09/2021,LIT,AR,ASW,ES,Combined TRACON& Tower with Radar,40,19,16,26,101,0,6,25,5,36,40,25,41,31,137,10,12,22,159
01/10/2021,LIT,AR,ASW,ES,Combined TRACON& Tower with Radar,42,22,33,11,108,0,4,10,3,17,42,26,43,14,125,6,0,6,131
01/11/2021,LIT,AR,ASW,ES,Combined TRACON& Tower with Radar,49,15,41,12,117,0,5,27,2,34,49,20,68,14,151,6,12,18,169
01/12/2021,LIT,AR,ASW,ES,Combined TRACON& Tower with Radar,44,18,53,40,155,0,1,44,0,45,44,19,97,40,200,26,8,34,234
01/13/2021,LIT,AR,ASW,ES,Combined TRACON& Tower with Radar,47,18,51,14,130,0,3,23,0,26,47,21,74,14,156,6,0,6,162
01/14/2021,LIT,AR,ASW,ES,Combined TRACON& Tower with Radar,56,14,60,36,166,0,5,28,1,34,56,19,88,37,200,11,4,15,215
01/15/2021,LIT,AR,ASW,ES,Combined TRACON& Tower with Radar,56,16,45,12,129,0,1,9,2,12,56,17,54,14,141,0,6,6,147
01/16/2021,LIT,AR,ASW,ES,Combined TRACON& Tower with Radar,38,19,21,6,84,0,8,33,1,42,38,27,54,7,126,10,0,10,136
01/17/2021,LIT,AR,ASW,ES,Combined TRACON& Tower with Radar,50,20,25,3,98,0,7,23,4,34,50,27,48,7,132,2,4,6,138
01/18/2021,LIT,AR,ASW,ES,Combined TRACON& Tower with Radar,47,14,45,4,110,0,6,43,1,50,47,20,88,5,160,0,0,0,160
01/19/2021,LIT,AR,ASW,ES,Combined TRACON& Tower with Radar,46,20,43,28,137,0,4,26,1,31,46,24,69,29,168,12,0,12,180
01/20/2021,LIT,AR,ASW,ES,Combined TRACON& Tower with Radar,49,27,48,52,176,0,3,25,1,29,49,30,73,53,205,10,0,10,215
01/21/2021,LIT,AR,ASW,ES,Combined TRACON& Tower with Radar,56,23,66,20,165,0,1,5,4,10,56,24,71,24,175,2,12,14,189
01/22/2021,LIT,AR,ASW,ES,Combined TRACON& Tower with Radar,56,17,52,91,216,0,8,45,6,59,56,25,97,97,275,4,70,74,349
01/23/2021,LIT,AR,ASW,ES,Combined TRACON& Tower with Radar,40,17,34,24,115,0,8,42,2,52,40,25,76,26,167,10,0,10,177
01/24/2021,LIT,AR,ASW,ES,Combined TRACON& Tower with Radar,54,23,15,5,97,0,2,0,0,2,54,25,15,5,99,0,0,0,99
01/25/2021,LIT,AR,ASW,ES,Combined TRACON& Tower with Radar,49,24,53,26,152,0,2,7,0,9,49,26,60,26,161,0,0,0,161
01/26/2021,LIT,AR,ASW,ES,Combined TRACON& Tower with Radar,44,23,55,96,218,0,2,45,5,52,44,25,100,101,270,16,24,40,310
01/27/2021,LIT,AR,ASW,ES,Combined TRACON& Tower with Radar,47,19,59,21,146,0,4,4,0,8,47,23,63,21,154,2,0,2,156
01/28/2021,LIT,AR,ASW,ES,Combined TRACON& Tower with Radar,54,20,54,50,178,0,7,39,2,48,54,27,93,52,226,12,6,18,244
01/29/2021,LIT,AR,ASW,ES,Combined TRACON& Tower with Radar,55,23,71,36,185,0,5,51,4,60,55,28,122,40,245,10,34,44,289
01/30/2021,LIT,AR,ASW,ES,Combined TRACON& Tower with Radar,36,22,13,0,71,0,2,0,0,2,36,24,13,0,73,0,0,0,73
01/31/2021,LIT,AR,ASW,ES,Combined TRACON& Tower with Radar,51,17,32,0,100,0,4,2,1,7,51,21,34,1,107,0,0,0,107
02/01/2021,LIT,AR,ASW,ES,Combined TRACON& Tower with Radar,51,12,36,50,149,0,2,30,4,36,51,14,66,54,185,20,26,46,231
02/02/2021,LIT,AR,ASW,ES,Combined TRACON& Tower with Radar,46,24,47,35,152,0,0,33,1,34,46,24,80,36,186,2,7,9,195
02/03/2021,LIT,AR,ASW,ES,Combined TRACON& Tower with Radar,49,24,82,30,185,0,1,46,1,48,49,25,128,31,233,0,6,6,239
02/04/2021,LIT,AR,ASW,ES,Combined TRACON& Tower with Radar,58,17,52,7,134,0,2,9,0,11,58,19,61,7,145,0,0,0,145
02/05/2021,LIT,AR,ASW,ES,Combined TRACON& Tower with Radar,58,23,50,107,238,0,1,50,3,54,58,24,100,110,292,2,24,26,318
02/06/2021,LIT,AR,ASW,ES,Combined TRACON& Tower with Radar,38,17,28,23,106,0,2,20,1,23,38,19,48,24,129,6,2,8,137
02/07/2021,LIT,AR,ASW,ES,Combined TRACON& Tower with Radar,50,14,30,0,94,0,2,0,0,2,50,16,30,0,96,0,0,0,96
02/08/2021,LIT,AR,ASW,ES,Combined TRACON& Tower with Radar,53,24,47,45,169,0,0,0,0,0,53,24,47,45,169,0,0,0,169
02/09/2021,LIT,AR,ASW,ES,Combined TRACON& Tower with Radar,46,29,40,18,133,0,0,0,0,0,46,29,40,18,133,0,0,0,133
02/10/2021,LIT,AR,ASW,ES,Combined TRACON& Tower with Radar,43,20,40,0,103,0,0,0,0,0,43,20,40,0,103,0,0,0,103
02/11/2021,LIT,AR,ASW,ES,Combined TRACON& Tower with Radar,54,16,28,0,98,0,0,0,0,0,54,16,28,0,98,0,0,0,98
02/12/2021,LIT,AR,ASW,ES,Combined TRACON& Tower with Radar,51,28,69,0,148,0,3,4,0,7,51,31,73,0,155,0,0,0,155
02/13/2021,LIT,AR,ASW,ES,Combined TRACON& Tower with Radar,42,20,24,2,88,0,2,7,2,11,42,22,31,4,99,0,0,0,99
02/14/2021,LIT,AR,ASW,ES,Combined TRACON& Tower with Radar,20,12,18,0,50,0,0,2,0,2,20,12,20,0,52,0,0,0,52
02/15/2021,LIT,AR,ASW,ES,Combined TRACON& Tower with Radar,8,3,1,0,12,0,2,0,0,2,8,5,1,0,14,0,0,0,14
02/16/2021,LIT,AR,ASW,ES,Combined TRACON& Tower with Radar,28,23,29,0,80,0,7,7,4,18,28,30,36,4,98,0,0,0,98
02/17/2021,LIT,AR,ASW,ES,Combined TRACON& Tower with Radar,1,0,2,0,3,0,0,0,0,0,1,0,2,0,3,0,0,0,3
02/18/2021,LIT,AR,ASW,ES,Combined TRACON& Tower with Radar,23,14,15,0,52,0,8,3,0,11,23,22,18,0,63,4,0,4,67
02/19/2021,LIT,AR,ASW,ES,Combined TRACON& Tower with Radar,41,17,35,3,96,0,10,13,0,23,41,27,48,3,119,0,0,0,119
02/20/2021,LIT,AR,ASW,ES,Combined TRACON& Tower with Radar,38,41,48,1,128,0,6,19,0,25,38,47,67,1,153,4,0,4,157
02/21/2021,LIT,AR,ASW,ES,Combined TRACON& Tower with Radar,51,21,32,2,106,0,6,8,0,14,51,27,40,2,120,0,0,0,120
02/22/2021,LIT,AR,ASW,ES,Combined TRACON& Tower with Radar,47,20,38,58,163,0,8,54,9,71,47,28,92,67,234,14,7,21,255
02/23/2021,LIT,AR,ASW,ES,Combined TRACON& Tower with Radar,50,24,63,37,174,0,5,52,11,68,50,29,115,48,242,20,24,44,286
02/24/2021,LIT,AR,ASW,ES,Combined TRACON& Tower with Radar,49,23,61,33,166,0,0,31,5,36,49,23,92,38,202,8,20,28,230
02/25/2021,LIT,AR,ASW,ES,Combined TRACON& Tower with Radar,54,23,66,29,172,0,6,39,3,48,54,29,105,32,220,0,14,14,234
02/26/2021,LIT,AR,ASW,ES,Combined TRACON& Tower with Radar,53,25,41,2,121,0,0,0,0,0,53,25,41,2,121,0,0,0,121
02/27/2021,LIT,AR,ASW,ES,Combined TRACON& Tower with Radar,37,21,22,1,81,0,0,0,0,0,37,21,22,1,81,0,0,0,81
02/28/2021,LIT,AR,ASW,ES,Combined TRACON& Tower with Radar,49,16,27,0,92,0,0,0,0,0,49,16,27,0,92,0,0,0,92
03/01/2021,LIT,AR,ASW,ES,Combined TRACON& Tower with Radar,52,26,59,16,153,0,5,30,5,40,52,31,89,21,193,14,7,21,214
03/02/2021,LIT,AR,ASW,ES,Combined TRACON& Tower with Radar,45,32,76,33,186,0,4,26,4,34,45,36,102,37,220,10,26,36,256
03/03/2021,LIT,AR,ASW,ES,Combined TRACON& Tower with Radar,46,25,79,26,176,0,9,67,1,77,46,34,146,27,253,66,2,68,321
03/04/2021,LIT,AR,ASW,ES,Combined TRACON& Tower with Radar,60,30,56,7,153,0,9,54,5,68,60,39,110,12,221,42,7,49,270
03/05/2021,LIT,AR,ASW,ES,Combined TRACON& Tower with Radar,56,23,61,26,166,0,4,21,5,30,56,27,82,31,196,6,6,12,208
03/06/2021,LIT,AR,ASW,ES,Combined TRACON& Tower with Radar,41,18,34,0,93,0,14,46,0,60,41,32,80,0,153,0,0,0,153
03/07/2021,LIT,AR,ASW,ES,Combined TRACON& Tower with Radar,55,22,43,2,122,0,1,43,1,45,55,23,86,3,167,6,0,6,173
03/08/2021,LIT,AR,ASW,ES,Combined TRACON& Tower with Radar,49,28,65,36,178,0,3,45,9,57,49,31,110,45,235,6,28,34,269
03/09/2021,LIT,AR,ASW,ES,Combined TRACON& Tower with Radar,49,20,62,21,152,0,6,29,6,41,49,26,91,27,193,10,6,16,209
03/10/2021,LIT,AR,ASW,ES,Combined TRACON& Tower with Radar,55,21,70,19,165,0,2,14,0,16,55,23,84,19,181,4,0,4,185
03/11/2021,LIT,AR,ASW,ES,Combined TRACON& Tower with Radar,62,33,74,13,182,0,5,16,2,23,62,38,90,15,205,0,6,6,211
03/12/2021,LIT,AR,ASW,ES,Combined TRACON& Tower with Radar,54,26,61,39,180,0,4,15,3,22,54,30,76,42,202,2,14,16,218
03/13/2021,LIT,AR,ASW,ES,Combined TRACON& Tower with Radar,48,16,21,0,85,0,3,3,0,6,48,19,24,0,91,0,0,0,91
03/14/2021,LIT,AR,ASW,ES,Combined TRACON& Tower with Radar,57,15,33,0,105,0,2,2,0,4,57,17,35,0,109,0,0,0,109
03/15/2021,LIT,AR,ASW,ES,Combined TRACON& Tower with Radar,52,24,49,19,144,0,6,40,4,50,52,30,89,23,194,36,29,65,259
03/16/2021,LIT,AR,ASW,ES,Combined TRACON& Tower with Radar,51,28,67,17,163,0,3,55,1,59,51,31,122,18,222,12,2,14,236
03/17/2021,LIT,AR,ASW,ES,Combined TRACON& Tower with Radar,54,21,22,16,113,0,2,0,0,2,54,23,22,16,115,0,16,16,131
03/18/2021,LIT,AR,ASW,ES,Combined TRACON& Tower with Radar,63,30,72,4,169,0,0,3,2,5,63,30,75,6,174,0,0,0,174
03/19/2021,LIT,AR,ASW,ES,Combined TRACON& Tower with Radar,61,26,67,84,238,0,8,51,2,61,61,34,118,86,299,10,2,12,311
03/20/2021,LIT,AR,ASW,ES,Combined TRACON& Tower with Radar,54,21,52,34,161,0,4,42,1,47,54,25,94,35,208,0,0,0,208
03/21/2021,LIT,AR,ASW,ES,Combined TRACON& Tower with Radar,58,20,44,10,132,0,2,32,6,40,58,22,76,16,172,0,2,2,174
03/22/2021,LIT,AR,ASW,ES,Combined TRACON& Tower with Radar,48,21,45,30,144,0,3,39,0,42,48,24,84,30,186,4,8,12,198
03/23/2021,LIT,AR,ASW,ES,Combined TRACON& Tower with Radar,48,35,55,38,176,0,4,18,1,23,48,39,73,39,199,0,8,8,207
03/24/2021,LIT,AR,ASW,ES,Combined TRACON& Tower with Radar,53,18,80,70,221,0,2,70,6,78,53,20,150,76,299,18,6,24,323
03/25/2021,LIT,AR,ASW,ES,Combined TRACON& Tower with Radar,60,26,40,2,128,0,2,3,0,5,60,28,43,2,133,4,0,4,137
03/26/2021,LIT,AR,ASW,ES,Combined TRACON& Tower with Radar,55,31,50,31,167,0,1,50,7,58,55,32,100,38,225,22,6,28,253
03/27/2021,LIT,AR,ASW,ES,Combined TRACON& Tower with Radar,52,28,49,3,132,0,2,2,0,4,52,30,51,3,136,0,0,0,136
03/28/2021,LIT,AR,ASW,ES,Combined TRACON& Tower with Radar,57,30,63,12,162,0,9,25,1,35,57,39,88,13,197,23,0,23,220
03/29/2021,LIT,AR,ASW,ES,Combined TRACON& Tower with Radar,52,13,56,84,205,0,10,48,11,69,52,23,104,95,274,33,85,118,392
03/30/2021,LIT,AR,ASW,ES,Combined TRACON& Tower with Radar,50,34,78,18,180,0,1,6,0,7,50,35,84,18,187,0,0,0,187
03/31/2021,LIT,AR,ASW,ES,Combined TRACON& Tower with Radar,54,22,70,47,193,0,2,19,1,22,54,24,89,48,215,0,0,0,215
04/01/2021,LIT,AR,ASW,ES,Combined TRACON& Tower with Radar,62,30,77,81,250,0,1,61,17,79,62,31,138,98,329,6,22,28,357
04/02/2021,LIT,AR,ASW,ES,Combined TRACON& Tower with Radar,59,26,62,34,181,0,2,38,4,44,59,28,100,38,225,0,46,46,271
04/03/2021,LIT,AR,ASW,ES,Combined TRACON& Tower with Radar,56,21,36,0,113,0,7,47,3,57,56,28,83,3,170,2,0,2,172
04/04/2021,LIT,AR,ASW,ES,Combined TRACON& Tower with Radar,62,29,19,0,110,0,3,26,0,29,62,32,45,0,139,6,0,6,145
04/05/2021,LIT,AR,ASW,ES,Combined TRACON& Tower with Radar,56,14,68,67,205,0,6,37,2,45,56,20,105,69,250,8,18,26,276
04/06/2021,LIT,AR,ASW,ES,Combined TRACON& Tower with Radar,55,22,69,31,177,0,5,40,1,46,55,27,109,32,223,0,8,8,231
04/07/2021,LIT,AR,ASW,ES,Combined TRACON& Tower with Radar,56,26,68,2,152,0,3,3,0,6,56,29,71,2,158,0,0,0,158
04/08/2021,LIT,AR,ASW,ES,Combined TRACON& Tower with Radar,67,26,53,39,185,0,2,48,4,54,67,28,101,43,239,2,14,16,255
04/09/2021,LIT,AR,ASW,ES,Combined TRACON& Tower with Radar,62,29,50,29,170,0,3,23,6,32,62,32,73,35,202,0,41,41,243
04/10/2021,LIT,AR,ASW,ES,Combined TRACON& Tower with Radar,56,15,23,6,100,0,4,27,0,31,56,19,50,6,131,0,0,0,131
04/11/2021,LIT,AR,ASW,ES,Combined TRACON& Tower with Radar,60,22,41,39,162,0,10,28,6,44,60,32,69,45,206,0,4,4,210
04/12/2021,LIT,AR,ASW,ES,Combined TRACON& Tower with Radar,59,17,65,70,211,0,2,35,10,47,59,19,100,80,258,28,58,86,344
04/13/2021,LIT,AR,ASW,ES,Combined TRACON& Tower with Radar,57,25,78,75,235,0,1,29,6,36,57,26,107,81,271,5,30,35,306
04/14/2021,LIT,AR,ASW,ES,Combined TRACON& Tower with Radar,54,43,43,74,214,0,3,11,0,14,54,46,54,74,228,0,14,14,242
04/15/2021,LIT,AR,ASW,ES,Combined TRACON& Tower with Radar,65,39,68,47,219,0,3,51,7,61,65,42,119,54,280,26,30,56,336
04/16/2021,LIT,AR,ASW,ES,Combined TRACON& Tower with Radar,62,27,49,80,218,0,2,5,7,14,62,29,54,87,232,0,50,50,282
04/17/2021,LIT,AR,ASW,ES,Combined TRACON& Tower with Radar,52,21,28,69,170,0,4,23,4,31,52,25,51,73,201,0,32,32,233
04/18/2021,LIT,AR,ASW,ES,Combined TRACON& Tower with Radar,59,16,51,16,142,0,3,40,2,45,59,19,91,18,187,0,0,0,187
04/19/2021,LIT,AR,ASW,ES,Combined TRACON& Tower with Radar,57,20,60,60,197,0,4,58,4,66,57,24,118,64,263,0,8,8,271
04/20/2021,LIT,AR,ASW,ES,Combined TRACON& Tower with Radar,53,25,46,62,186,0,2,17,3,22,53,27,63,65,208,3,21,24,232
04/21/2021,LIT,AR,ASW,ES,Combined TRACON& Tower with Radar,54,28,58,73,213,0,8,94,19,121,54,36,152,92,334,27,72,99,433
04/22/2021,LIT,AR,ASW,ES,Combined TRACON& Tower with Radar,69,38,85,34,226,0,5,55,5,65,69,43,140,39,291,2,18,20,311
04/23/2021,LIT,AR,ASW,ES,Combined TRACON& Tower with Radar,58,22,51,9,140,0,4,17,2,23,58,26,68,11,163,26,8,34,197
04/24/2021,LIT,AR,ASW,ES,Combined TRACON& Tower with Radar,54,18,25,0,97,0,4,15,0,19,54,22,40,0,116,0,0,0,116
04/25/2021,LIT,AR,ASW,ES,Combined TRACON& Tower with Radar,65,18,46,0,129,0,9,43,2,54,65,27,89,2,183,0,0,0,183
04/26/2021,LIT,AR,ASW,ES,Combined TRACON& Tower with Radar,58,18,44,41,161,0,6,63,7,76,58,24,107,48,237,22,30,52,289
04/27/2021,LIT,AR,ASW,ES,Combined TRACON& Tower with Radar,54,24,80,11,169,0,3,20,1,24,54,27,100,12,193,0,0,0,193
04/28/2021,LIT,AR,ASW,ES,Combined TRACON& Tower with Radar,54,23,36,3,116,0,4,13,1,18,54,27,49,4,134,0,16,16,150
04/29/2021,LIT,AR,ASW,ES,Combined TRACON& Tower with Radar,64,31,31,6,132,0,1,6,0,7,64,32,37,6,139,4,0,4,143
04/30/2021,LIT,AR,ASW,ES,Combined TRACON& Tower with Radar,61,20,55,84,220,0,10,46,11,67,61,30,101,95,287,18,41,59,346
05/01/2021,LIT,AR,ASW,ES,Combined TRACON& Tower with Radar,54,20,31,11,116,0,1,32,2,35,54,21,63,13,151,0,0,0,151
05/02/2021,LIT,AR,ASW,ES,Combined TRACON& Tower with Radar,61,13,27,2,103,0,2,3,3,8,61,15,30,5,111,0,10,10,121
05/03/2021,LIT,AR,ASW,ES,Combined TRACON& Tower with Radar,54,17,59,29,159,0,3,13,0,16,54,20,72,29,175,6,10,16,191
05/04/2021,LIT,AR,ASW,ES,Combined TRACON& Tower with Radar,55,26,57,31,169,0,5,13,4,22,55,31,70,35,191,16,19,35,226
05/05/2021,LIT,AR,ASW,ES,Combined TRACON& Tower with Radar,59,39,61,31,190,0,3,88,9,100,59,42,149,40,290,0,24,24,314
05/06/2021,LIT,AR,ASW,ES,Combined TRACON& Tower with Radar,71,23,78,45,217,0,2,41,12,55,71,25,119,57,272,10,9,19,291
05/07/2021,LIT,AR,ASW,ES,Combined TRACON& Tower with Radar,61,29,84,44,218,0,3,42,8,53,61,32,126,52,271,2,51,53,324
05/08/2021,LIT,AR,ASW,ES,Combined TRACON& Tower with Radar,53,15,29,2,99,0,8,33,0,41,53,23,62,2,140,0,0,0,140
05/09/2021,LIT,AR,ASW,ES,Combined TRACON& Tower with Radar,62,26,19,0,107,0,9,12,0,21,62,35,31,0,128,0,0,0,128
05/10/2021,LIT,AR,ASW,ES,Combined TRACON& Tower with Radar,59,29,63,71,222,0,2,12,3,17,59,31,75,74,239,4,20,24,263
05/11/2021,LIT,AR,ASW,ES,Combined TRACON& Tower with Radar,63,34,64,29,190,0,0,8,0,8,63,34,72,29,198,0,7,7,205
05/12/2021,LIT,AR,ASW,ES,Combined TRACON& Tower with Radar,61,29,112,59,261,0,5,59,10,74,61,34,171,69,335,10,19,29,364
05/13/2021,LIT,AR,ASW,ES,Combined TRACON& Tower with Radar,68,30,102,48,248,0,5,75,6,86,68,35,177,54,334,10,25,35,369
05/14/2021,LIT,AR,ASW,ES,Combined TRACON& Tower with Radar,62,27,53,91,233,0,2,53,13,68,62,29,106,104,301,4,52,56,357
05/15/2021,LIT,AR,ASW,ES,Combined TRACON& Tower with Radar,53,18,39,33,143,0,4,40,12,56,53,22,79,45,199,0,38,38,237
05/16/2021,LIT,AR,ASW,ES,Combined TRACON& Tower with Radar,67,31,58,29,185,0,3,23,2,28,67,34,81,31,213,0,0,0,213
05/17/2021,LIT,AR,ASW,ES,Combined TRACON& Tower with Radar,58,17,61,15,151,0,3,8,2,13,58,20,69,17,164,2,6,8,172
05/18/2021,LIT,AR,ASW,ES,Combined TRACON& Tower with Radar,64,34,49,10,157,0,1,5,1,7,64,35,54,11,164,0,28,28,192
05/19/2021,LIT,AR,ASW,ES,Combined TRACON& Tower with Radar,62,28,66,12,168,0,1,6,0,7,62,29,72,12,175,0,2,2,177
05/20/2021,LIT,AR,ASW,ES,Combined TRACON& Tower with Radar,68,33,77,26,204,0,10,20,1,31,68,43,97,27,235,0,0,0,235
05/21/2021,LIT,AR,ASW,ES,Combined TRACON& Tower with Radar,62,24,64,31,181,0,3,30,6,39,62,27,94,37,220,0,59,59,279
05/22/2021,LIT,AR,ASW,ES,Combined TRACON& Tower with Radar,57,21,42,10,130,0,1,33,4,38,57,22,75,14,168,14,6,20,188
05/23/2021,LIT,AR,ASW,ES,Combined TRACON& Tower with Radar,61,22,49,3,135,0,6,36,0,42,61,28,85,3,177,6,0,6,183
05/24/2021,LIT,AR,ASW,ES,Combined TRACON& Tower with Radar,72,24,46,34,176,0,7,31,6,44,72,31,77,40,220,6,20,26,246
05/25/2021,LIT,AR,ASW,ES,Combined TRACON& Tower with Radar,62,41,64,22,189,0,1,29,7,37,62,42,93,29,226,14,2,16,242
05/26/2021,LIT,AR,ASW,ES,Combined TRACON& Tower with Radar,59,32,60,35,186,0,2,27,3,32,59,34,87,38,218,16,21,37,255
05/27/2021,LIT,AR,ASW,ES,Combined TRACON& Tower with Radar,75,31,94,31,231,0,3,44,2,49,75,34,138,33,280,22,0,22,302
05/28/2021,LIT,AR,ASW,ES,Combined TRACON& Tower with Radar,62,37,68,12,179,0,1,15,2,18,62,38,83,14,197,0,0,0,197
05/29/2021,LIT,AR,ASW,ES,Combined TRACON& Tower with Radar,54,20,41,9,124,0,5,24,0,29,54,25,65,9,153,10,0,10,163
05/30/2021,LIT,AR,ASW,ES,Combined TRACON& Tower with Radar,59,17,17,0,93,0,0,20,0,20,59,17,37,0,113,6,0,6,119
05/31/2021,LIT,AR,ASW,ES,Combined TRACON& Tower with Radar,54,21,53,0,128,0,4,23,0,27,54,25,76,0,155,1,32,33,188
06/01/2021,LIT,AR,ASW,ES,Combined TRACON& Tower with Radar,67,24,50,11,152,0,0,2,0,2,67,24,52,11,154,0,0,0,154
06/02/2021,LIT,AR,ASW,ES,Combined TRACON& Tower with Radar,62,35,65,21,183,0,3,18,5,26,62,38,83,26,209,0,0,0,209
06/03/2021,LIT,AR,ASW,ES,Combined TRACON& Tower with Radar,68,47,76,57,248,0,7,48,8,63,68,54,124,65,311,0,0,0,311
06/04/2021,LIT,AR,ASW,ES,Combined TRACON& Tower with Radar,63,32,76,73,244,0,8,37,8,53,63,40,113,81,297,4,96,100,397
06/05/2021,LIT,AR,ASW,ES,Combined TRACON& Tower with Radar,56,21,47,10,134,0,5,6,0,11,56,26,53,10,145,0,0,0,145
06/06/2021,LIT,AR,ASW,ES,Combined TRACON& Tower with Radar,66,24,49,7,146,0,2,1,0,3,66,26,50,7,149,0,0,0,149
06/07/2021,LIT,AR,ASW,ES,Combined TRACON& Tower with Radar,48,27,58,7,140,0,2,5,5,12,48,29,63,12,152,0,5,5,157
06/08/2021,LIT,AR,ASW,ES,Combined TRACON& Tower with Radar,66,29,50,4,149,0,1,1,0,2,66,30,51,4,151,0,0,0,151
06/09/2021,LIT,AR,ASW,ES,Combined TRACON& Tower with Radar,65,43,54,2,164,0,0,4,0,4,65,43,58,2,168,0,0,0,168
06/10/2021,LIT,AR,ASW,ES,Combined TRACON& Tower with Radar,66,31,76,31,204,0,0,23,3,26,66,31,99,34,230,8,6,14,244
06/11/2021,LIT,AR,ASW,ES,Combined TRACON& Tower with Radar,68,43,68,76,255,0,2,28,11,41,68,45,96,87,296,2,15,17,313
06/12/2021,LIT,AR,ASW,ES,Combined TRACON& Tower with Radar,59,25,58,24,166,0,8,32,3,43,59,33,90,27,209,10,16,26,235
06/13/2021,LIT,AR,ASW,ES,Combined TRACON& Tower with Radar,62,30,46,9,147,0,3,29,2,34,62,33,75,11,181,4,4,8,189
06/14/2021,LIT,AR,ASW,ES,Combined TRACON& Tower with Radar,60,30,54,27,171,0,5,35,6,46,60,35,89,33,217,4,20,24,241
06/15/2021,LIT,AR,ASW,ES,Combined TRACON& Tower with Radar,58,28,65,38,189,0,1,65,5,71,58,29,130,43,260,19,16,35,295
06/16/2021,LIT,AR,ASW,ES,Combined TRACON& Tower with Radar,62,31,72,31,196,0,4,61,6,71,62,35,133,37,267,6,22,28,295
06/17/2021,LIT,AR,ASW,ES,Combined TRACON& Tower with Radar,68,32,75,54,229,0,5,29,1,35,68,37,104,55,264,2,13,15,279
06/18/2021,LIT,AR,ASW,ES,Combined TRACON& Tower with Radar,61,28,62,1,152,0,12,60,2,74,61,40,122,3,226,6,0,6,232
06/19/2021,LIT,AR,ASW,ES,Combined TRACON& Tower with Radar,57,20,30,2,109,0,1,31,0,32,57,21,61,2,141,0,0,0,141
06/20/2021,LIT,AR,ASW,ES,Combined TRACON& Tower with Radar,62,30,39,0,131,0,5,31,3,39,62,35,70,3,170,0,0,0,170
06/21/2021,LIT,AR,ASW,ES,Combined TRACON& Tower with Radar,62,26,53,24,165,0,7,4,0,11,62,33,57,24,176,0,2,2,178
06/22/2021,LIT,AR,ASW,ES,Combined TRACON& Tower with Radar,61,31,67,53,212,0,2,48,14,64,61,33,115,67,276,0,41,41,317
06/23/2021,LIT,AR,ASW,ES,Combined TRACON& Tower with Radar,65,22,64,68,219,0,3,39,13,55,65,25,103,81,274,0,18,18,292
06/24/2021,LIT,AR,ASW,ES,Combined TRACON& Tower with Radar,67,23,75,85,250,0,3,27,6,36,67,26,102,91,286,0,10,10,296
06/25/2021,LIT,AR,ASW,ES,Combined TRACON& Tower with Radar,63,23,76,69,231,0,4,28,11,43,63,27,104,80,274,12,31,43,317
06/26/2021,LIT,AR,ASW,ES,Combined TRACON& Tower with Radar,53,14,47,25,139,0,4,14,5,23,53,18,61,30,162,0,103,103,265
06/27/2021,LIT,AR,ASW,ES,Combined TRACON& Tower with Radar,71,23,41,26,161,0,5,32,4,41,71,28,73,30,202,12,20,32,234
06/28/2021,LIT,AR,ASW,ES,Combined TRACON& Tower with Radar,59,22,50,65,196,0,4,38,6,48,59,26,88,71,244,10,31,41,285
06/29/2021,LIT,AR,ASW,ES,Combined TRACON& Tower with Radar,65,23,70,17,175,0,6,81,13,100,65,29,151,30,275,0,36,36,311
06/30/2021,LIT,AR,ASW,ES,Combined TRACON& Tower with Radar,60,45,64,38,207,0,4,36,19,59,60,49,100,57,266,10,48,58,324
07/01/2021,LIT,AR,ASW,ES,Combined TRACON& Tower with Radar,70,40,66,12,188,0,2,6,0,8,70,42,72,12,196,10,2,12,208
07/02/2021,LIT,AR,ASW,ES,Combined TRACON& Tower with Radar,62,27,65,0,154,0,1,25,0,26,62,28,90,0,180,0,0,0,180
07/03/2021,LIT,AR,ASW,ES,Combined TRACON& Tower with Radar,57,16,26,0,99,0,6,22,0,28,57,22,48,0,127,6,0,6,133
07/04/2021,LIT,AR,ASW,ES,Combined TRACON& Tower with Radar,61,13,8,1,83,0,5,32,0,37,61,18,40,1,120,8,0,8,128
07/05/2021,LIT,AR,ASW,ES,Combined TRACON& Tower with Radar,63,28,43,2,136,0,3,29,0,32,63,31,72,2,168,0,0,0,168
07/06/2021,LIT,AR,ASW,ES,Combined TRACON& Tower with Radar,65,23,46,73,207,0,7,42,9,58,65,30,88,82,265,14,0,14,279
07/07/2021,LIT,AR,ASW,ES,Combined TRACON& Tower with Radar,65,41,43,53,202,0,8,33,12,53,65,49,76,65,255,10,20,30,285
07/08/2021,LIT,AR,ASW,ES,Combined TRACON& Tower with Radar,74,35,62,69,240,0,1,47,9,57,74,36,109,78,297,2,52,54,351
07/09/2021,LIT,AR,ASW,ES,Combined TRACON& Tower with Radar,91,34,51,141,317,0,5,40,18,63,91,39,91,159,380,0,12,12,392
07/10/2021,LIT,AR,ASW,ES,Combined TRACON& Tower with Radar,60,22,40,9,131,0,1,21,1,23,60,23,61,10,154,0,0,0,154
07/11/2021,LIT,AR,ASW,ES,Combined TRACON& Tower with Radar,64,24,39,14,141,0,3,6,0,9,64,27,45,14,150,0,0,0,150
07/12/2021,LIT,AR,ASW,ES,Combined TRACON& Tower with Radar,67,31,58,78,234,0,5,35,13,53,67,36,93,91,287,18,34,52,339
07/13/2021,LIT,AR,ASW,ES,Combined TRACON& Tower with Radar,68,32,70,62,232,0,2,40,11,53,68,34,110,73,285,6,28,34,319
07/14/2021,LIT,AR,ASW,ES,Combined TRACON& Tower with Radar,64,37,88,77,266,0,3,62,15,80,64,40,150,92,346,0,50,50,396
07/15/2021,LIT,AR,ASW,ES,Combined TRACON& Tower with Radar,70,35,72,55,232,0,6,48,16,70,70,41,120,71,302,12,9,21,323
07/16/2021,LIT,AR,ASW,ES,Combined TRACON& Tower with Radar,67,29,50,16,162,0,3,8,0,11,67,32,58,16,173,10,32,42,215
07/17/2021,LIT,AR,ASW,ES,Combined TRACON& Tower with Radar,53,21,25,0,99,0,1,3,0,4,53,22,28,0,103,0,0,0,103
07/18/2021,LIT,AR,ASW,ES,Combined TRACON& Tower with Radar,66,26,42,0,134,0,0,6,0,6,66,26,48,0,140,0,0,0,140
07/19/2021,LIT,AR,ASW,ES,Combined TRACON& Tower with Radar,66,45,66,109,286,0,0,29,9,38,66,45,95,118,324,4,28,32,356
07/20/2021,LIT,AR,ASW,ES,Combined TRACON& Tower with Radar,67,23,65,95,250,0,1,40,19,60,67,24,105,114,310,8,36,44,354
07/21/2021,LIT,AR,ASW,ES,Combined TRACON& Tower with Radar,70,27,66,41,204,0,5,38,8,51,70,32,104,49,255,9,34,43,298
07/22/2021,LIT,AR,ASW,ES,Combined TRACON& Tower with Radar,77,39,85,29,230,0,4,34,7,45,77,43,119,36,275,0,12,12,287
07/23/2021,LIT,AR,ASW,ES,Combined TRACON& Tower with Radar,66,47,54,34,201,0,0,41,11,52,66,47,95,45,253,6,6,12,265
07/24/2021,LIT,AR,ASW,ES,Combined TRACON& Tower with Radar,56,20,48,14,138,0,6,37,5,48,56,26,85,19,186,2,40,42,228
07/25/2021,LIT,AR,ASW,ES,Combined TRACON& Tower with Radar,68,23,39,16,146,0,7,26,3,36,68,30,65,19,182,0,0,0,182
07/26/2021,LIT,AR,ASW,ES,Combined TRACON& Tower with Radar,62,30,57,10,159,0,2,32,6,40,62,32,89,16,199,0,6,6,205
07/27/2021,LIT,AR,ASW,ES,Combined TRACON& Tower with Radar,65,39,51,30,185,0,1,36,3,40,65,40,87,33,225,0,26,26,251
07/28/2021,LIT,AR,ASW,ES,Combined TRACON& Tower with Radar,69,32,71,53,225,0,5,42,5,52,69,37,113,58,277,6,22,28,305
07/29/2021,LIT,AR,ASW,ES,Combined TRACON& Tower with Radar,69,23,76,45,213,0,5,62,3,70,69,28,138,48,283,4,32,36,319
07/30/2021,LIT,AR,ASW,ES,Combined TRACON& Tower with Radar,71,30,55,62,218,0,2,44,8,54,71,32,99,70,272,16,12,28,300
07/31/2021,LIT,AR,ASW,ES,Combined TRACON& Tower with Radar,53,22,31,16,122,0,1,25,6,32,53,23,56,22,154,8,22,30,184
08/01/2021,LIT,AR,ASW,ES,Combined TRACON& Tower with Radar,66,37,38,2,143,0,3,16,0,19,66,40,54,2,162,14,0,14,176
08/02/2021,LIT,AR,ASW,ES,Combined TRACON& Tower with Radar,60,30,50,39,179,0,3,23,3,29,60,33,73,42,208,23,22,45,253
08/03/2021,LIT,AR,ASW,ES,Combined TRACON& Tower with Radar,66,31,53,68,218,0,9,44,15,68,66,40,97,83,286,10,36,46,332
08/04/2021,LIT,AR,ASW,ES,Combined TRACON& Tower with Radar,64,32,56,80,232,0,2,61,6,69,64,34,117,86,301,4,21,25,326
08/05/2021,LIT,AR,ASW,ES,Combined TRACON& Tower with Radar,69,25,46,36,176,0,6,36,2,44,69,31,82,38,220,0,14,14,234
08/06/2021,LIT,AR,ASW,ES,Combined TRACON& Tower with Radar,64,29,66,52,211,0,2,44,1,47,64,31,110,53,258,6,2,8,266
08/07/2021,LIT,AR,ASW,ES,Combined TRACON& Tower with Radar,54,30,22,30,136,0,3,27,2,32,54,33,49,32,168,4,6,10,178
08/08/2021,LIT,AR,ASW,ES,Combined TRACON& Tower with Radar,62,26,53,6,147,0,3,27,0,30,62,29,80,6,177,4,0,4,181
08/09/2021,LIT,AR,ASW,ES,Combined TRACON& Tower with Radar,60,18,31,38,147,0,0,40,12,52,60,18,71,50,199,26,2,28,227
08/10/2021,LIT,AR,ASW,ES,Combined TRACON& Tower with Radar,59,30,70,73,232,0,1,28,19,48,59,31,98,92,280,0,24,24,304
08/11/2021,LIT,AR,ASW,ES,Combined TRACON& Tower with Radar,57,36,68,62,223,0,0,45,6,51,57,36,113,68,274,16,46,62,336
08/12/2021,LIT,AR,ASW,ES,Combined TRACON& Tower with Radar,74,43,82,66,265,0,5,61,14,80,74,48,143,80,345,8,28,36,381
08/13/2021,LIT,AR,ASW,ES,Combined TRACON& Tower with Radar,62,29,79,58,228,0,7,50,14,71,62,36,129,72,299,8,24,32,331
08/14/2021,LIT,AR,ASW,ES,Combined TRACON& Tower with Radar,49,35,38,24,146,0,5,9,9,23,49,40,47,33,169,7,0,7,176
08/15/2021,LIT,AR,ASW,ES,Combined TRACON& Tower with Radar,64,38,41,17,160,0,5,26,1,32,64,43,67,18,192,0,10,10,202
08/16/2021,LIT,AR,ASW,ES,Combined TRACON& Tower with Radar,60,35,36,120,251,0,4,40,11,55,60,39,76,131,306,8,32,40,346
08/17/2021,LIT,AR,ASW,ES,Combined TRACON& Tower with Radar,57,36,57,33,183,0,6,36,6,48,57,42,93,39,231,0,28,28,259
08/18/2021,LIT,AR,ASW,ES,Combined TRACON& Tower with Radar,59,36,42,3,140,0,2,7,0,9,59,38,49,3,149,12,0,12,161
08/19/2021,LIT,AR,ASW,ES,Combined TRACON& Tower with Radar,65,32,70,14,181,0,0,9,0,9,65,32,79,14,190,0,2,2,192
08/20/2021,LIT,AR,ASW,ES,Combined TRACON& Tower with Radar,63,31,51,21,166,0,2,17,3,22,63,33,68,24,188,2,12,14,202
08/21/2021,LIT,AR,ASW,ES,Combined TRACON& Tower with Radar,53,28,38,0,119,0,5,29,0,34,53,33,67,0,153,0,0,0,153
08/22/2021,LIT,AR,ASW,ES,Combined TRACON& Tower with Radar,61,31,30,9,131,0,0,31,3,34,61,31,61,12,165,10,18,28,193
08/23/2021,LIT,AR,ASW,ES,Combined TRACON& Tower with Radar,56,31,62,53,202,0,1,38,3,42,56,32,100,56,244,12,20,32,276
08/24/2021,LIT,AR,ASW,ES,Combined TRACON& Tower with Radar,61,31,77,26,195,0,2,50,13,65,61,33,127,39,260,6,23,29,289
08/25/2021,LIT,AR,ASW,ES,Combined TRACON& Tower with Radar,61,32,63,53,209,0,0,43,12,55,61,32,106,65,264,0,33,33,297
08/26/2021,LIT,AR,ASW,ES,Combined TRACON& Tower with Radar,69,36,73,46,224,0,2,53,4,59,69,38,126,50,283,42,6,48,331
08/27/2021,LIT,AR,ASW,ES,Combined TRACON& Tower with Radar,63,42,85,64,254,0,2,71,7,80,63,44,156,71,334,8,22,30,364
08/28/2021,LIT,AR,ASW,ES,Combined TRACON& Tower with Radar,52,37,29,15,133,0,5,42,5,52,52,42,71,20,185,21,6,27,212
08/29/2021,LIT,AR,ASW,ES,Combined TRACON& Tower with Radar,60,34,38,24,156,0,2,14,4,20,60,36,52,28,176,2,8,10,186
08/30/2021,LIT,AR,ASW,ES,Combined TRACON& Tower with Radar,62,27,44,13,146,0,4,13,5,22,62,31,57,18,168,0,16,16,184
08/31/2021,LIT,AR,ASW,ES,Combined TRACON& Tower with Radar,58,28,37,8,131,0,2,42,4,48,58,30,79,12,179,0,6,6,185
09/01/2021,LIT,AR,ASW,ES,Combined TRACON& Tower with Radar,61,31,64,49,205,0,3,39,11,53,61,34,103,60,258,8,34,42,300
09/02/2021,LIT,AR,ASW,ES,Combined TRACON& Tower with Radar,65,47,74,35,221,0,4,45,4,53,65,51,119,39,274,4,10,14,288
09/03/2021,LIT,AR,ASW,ES,Combined TRACON& Tower with Radar,61,44,76,7,188,0,9,58,2,69,61,53,134,9,257,16,0,16,273
09/04/2021,LIT,AR,ASW,ES,Combined TRACON& Tower with Radar,52,21,42,2,117,0,2,38,0,40,52,23,80,2,157,30,0,30,187
09/05/2021,LIT,AR,ASW,ES,Combined TRACON& Tower with Radar,53,25,34,0,112,0,3,10,2,15,53,28,44,2,127,0,0,0,127
09/06/2021,LIT,AR,ASW,ES,Combined TRACON& Tower with Radar,53,39,36,0,128,0,1,34,0,35,53,40,70,0,163,0,0,0,163
09/07/2021,LIT,AR,ASW,ES,Combined TRACON& Tower with Radar,57,33,59,14,163,0,1,38,4,43,57,34,97,18,206,2,4,6,212
09/08/2021,LIT,AR,ASW,ES,Combined TRACON& Tower with Radar,69,23,52,50,194,0,2,51,8,61,69,25,103,58,255,0,12,12,267
09/09/2021,LIT,AR,ASW,ES,Combined TRACON& Tower with Radar,62,36,81,12,191,0,2,59,3,64,62,38,140,15,255,0,0,0,255
09/10/2021,LIT,AR,ASW,ES,Combined TRACON& Tower with Radar,63,39,93,71,266,0,3,46,8,57,63,42,139,79,323,8,12,20,343
09/11/2021,LIT,AR,ASW,ES,Combined TRACON& Tower with Radar,52,27,47,2,128,0,5,47,0,52,52,32,94,2,180,18,0,18,198
09/12/2021,LIT,AR,ASW,ES,Combined TRACON& Tower with Radar,61,32,51,34,178,0,3,39,5,47,61,35,90,39,225,0,0,0,225
09/13/2021,LIT,AR,ASW,ES,Combined TRACON& Tower with Radar,59,33,53,28,173,0,10,24,3,37,59,43,77,31,210,4,70,74,284
09/14/2021,LIT,AR,ASW,ES,Combined TRACON& Tower with Radar,60,32,71,40,203,0,0,42,10,52,60,32,113,50,255,6,24,30,285
09/15/2021,LIT,AR,ASW,ES,Combined TRACON& Tower with Radar,63,36,68,39,206,0,4,30,11,45,63,40,98,50,251,4,56,60,311
09/16/2021,LIT,AR,ASW,ES,Combined TRACON& Tower with Radar,67,42,95,40,244,0,3,20,5,28,67,45,115,45,272,2,4,6,278
09/17/2021,LIT,AR,ASW,ES,Combined TRACON& Tower with Radar,66,42,60,7,175,0,4,10,2,16,66,46,70,9,191,0,0,0,191
09/18/2021,LIT,AR,ASW,ES,Combined TRACON& Tower with Radar,51,26,32,2,111,0,0,5,1,6,51,26,37,3,117,14,0,14,131
09/19/2021,LIT,AR,ASW,ES,Combined TRACON& Tower with Radar,68,31,38,9,146,0,4,8,1,13,68,35,46,10,159,0,0,0,159
09/20/2021,LIT,AR,ASW,ES,Combined TRACON& Tower with Radar,58,44,71,71,244,0,6,42,8,56,58,50,113,79,300,10,48,58,358
09/21/2021,LIT,AR,ASW,ES,Combined TRACON& Tower with Radar,68,26,86,20,200,0,2,13,3,18,68,28,99,23,218,0,0,0,218
09/22/2021,LIT,AR,ASW,ES,Combined TRACON& Tower with Radar,66,61,91,17,235,0,10,60,3,73,66,71,151,20,308,16,18,34,342
09/23/2021,LIT,AR,ASW,ES,Combined TRACON& Tower with Radar,66,40,87,45,238,0,5,79,19,103,66,45,166,64,341,4,32,36,377
09/24/2021,LIT,AR,ASW,ES,Combined TRACON& Tower with Radar,64,39,74,36,213,0,1,68,6,75,64,40,142,42,288,8,30,38,326
09/25/2021,LIT,AR,ASW,ES,Combined TRACON& Tower with Radar,52,37,41,5,135,0,2,40,1,43,52,39,81,6,178,0,2,2,180
09/26/2021,LIT,AR,ASW,ES,Combined TRACON& Tower with Radar,62,27,60,6,155,0,5,34,0,39,62,32,94,6,194,6,2,8,202
09/27/2021,LIT,AR,ASW,ES,Combined TRACON& Tower with Radar,58,49,54,15,176,0,10,37,9,56,58,59,91,24,232,2,18,20,252
09/28/2021,LIT,AR,ASW,ES,Combined TRACON& Tower with Radar,60,41,88,34,223,0,1,31,1,33,60,42,119,35,256,22,12,34,290
09/29/2021,LIT,AR,ASW,ES,Combined TRACON& Tower with Radar,66,33,83,6,188,0,5,26,0,31,66,38,109,6,219,0,0,0,219
09/30/2021,LIT,AR,ASW,ES,Combined TRACON& Tower with Radar,66,50,95,28,239,0,1,4,5,10,66,51,99,33,249,22,46,68,317
10/01/2021,LIT,AR,ASW,ES,Combined TRACON& Tower with Radar,64,42,81,22,209,0,0,5,1,6,64,42,86,23,215,38,10,48,263
10/02/2021,LIT,AR,ASW,ES,Combined TRACON& Tower with Radar,54,33,26,9,122,0,1,4,0,5,54,34,30,9,127,0,0,0,127
10/03/2021,LIT,AR,ASW,ES,Combined TRACON& Tower with Radar,65,29,59,3,156,0,4,31,2,37,65,33,90,5,193,8,0,8,201
10/04/2021,LIT,AR,ASW,ES,Combined TRACON& Tower with Radar,63,37,78,24,202,0,1,48,12,61,63,38,126,36,263,6,10,16,279
10/05/2021,LIT,AR,ASW,ES,Combined TRACON& Tower with Radar,61,33,64,53,211,0,0,53,17,70,61,33,117,70,281,24,10,34,315
10/06/2021,LIT,AR,ASW,ES,Combined TRACON& Tower with Radar,66,34,115,35,250,0,5,18,4,27,66,39,133,39,277,21,38,59,336
10/07/2021,LIT,AR,ASW,ES,Combined TRACON& Tower with Radar,70,33,87,64,254,0,4,49,12,65,70,37,136,76,319,0,20,20,339
10/08/2021,LIT,AR,ASW,ES,Combined TRACON& Tower with Radar,61,31,75,4,171,0,10,68,1,79,61,41,143,5,250,0,0,0,250
10/09/2021,LIT,AR,ASW,ES,Combined TRACON& Tower with Radar,54,23,41,5,123,0,5,28,1,34,54,28,69,6,157,0,0,0,157
10/10/2021,LIT,AR,ASW,ES,Combined TRACON& Tower with Radar,52,28,47,1,128,0,6,33,0,39,52,34,80,1,167,10,0,10,177
10/11/2021,LIT,AR,ASW,ES,Combined TRACON& Tower with Radar,62,36,72,0,170,0,10,28,0,38,62,46,100,0,208,4,0,4,212
10/12/2021,LIT,AR,ASW,ES,Combined TRACON& Tower with Radar,63,33,66,26,188,0,3,55,3,61,63,36,121,29,249,2,18,20,269
10/13/2021,LIT,AR,ASW,ES,Combined TRACON& Tower with Radar,62,29,67,16,174,0,2,29,0,31,62,31,96,16,205,0,0,0,205
10/14/2021,LIT,AR,ASW,ES,Combined TRACON& Tower with Radar,72,32,82,5,191,0,1,10,5,16,72,33,92,10,207,14,0,14,221
10/15/2021,LIT,AR,ASW,ES,Combined TRACON& Tower with Radar,69,35,49,3,156,0,2,6,0,8,69,37,55,3,164,0,0,0,164
10/16/2021,LIT,AR,ASW,ES,Combined TRACON& Tower with Radar,56,26,41,14,137,0,2,49,2,53,56,28,90,16,190,0,0,0,190
10/17/2021,LIT,AR,ASW,ES,Combined TRACON& Tower with Radar,66,26,46,35,173,0,0,62,6,68,66,26,108,41,241,0,6,6,247
10/18/2021,LIT,AR,ASW,ES,Combined TRACON& Tower with Radar,64,28,76,17,185,0,8,61,3,72,64,36,137,20,257,20,8,28,285
10/19/2021,LIT,AR,ASW,ES,Combined TRACON& Tower with Radar,63,30,69,14,176,0,1,42,3,46,63,31,111,17,222,18,0,18,240
10/20/2021,LIT,AR,ASW,ES,Combined TRACON& Tower with Radar,67,44,63,30,204,0,1,51,16,68,67,45,114,46,272,16,22,38,310
10/21/2021,LIT,AR,ASW,ES,Combined TRACON& Tower with Radar,72,38,75,73,258,0,1,52,6,59,72,39,127,79,317,66,12,78,395
10/22/2021,LIT,AR,ASW,ES,Combined TRACON& Tower with Radar,66,36,86,27,215,0,1,51,2,54,66,37,137,29,269,0,22,22,291
10/23/2021,LIT,AR,ASW,ES,Combined TRACON& Tower with Radar,60,18,54,0,132,0,5,25,1,31,60,23,79,1,163,0,0,0,163
10/24/2021,LIT,AR,ASW,ES,Combined TRACON& Tower with Radar,73,25,57,8,163,0,3,13,1,17,73,28,70,9,180,0,0,0,180
10/25/2021,LIT,AR,ASW,ES,Combined TRACON& Tower with Radar,58,26,61,41,186,0,7,56,12,75,58,33,117,53,261,24,34,58,319
10/26/2021,LIT,AR,ASW,ES,Combined TRACON& Tower with Radar,62,37,84,37,220,0,1,63,15,79,62,38,147,52,299,18,0,18,317
10/27/2021,LIT,AR,ASW,ES,Combined TRACON& Tower with Radar,67,26,52,26,171,0,3,11,5,19,67,29,63,31,190,0,16,16,206
10/28/2021,LIT,AR,ASW,ES,Combined TRACON& Tower with Radar,66,49,70,21,206,0,1,3,4,8,66,50,73,25,214,0,0,0,214
10/29/2021,LIT,AR,ASW,ES,Combined TRACON& Tower with Radar,69,39,73,32,213,0,2,11,0,13,69,41,84,32,226,6,0,6,232
10/30/2021,LIT,AR,ASW,ES,Combined TRACON& Tower with Radar,58,18,44,0,120,0,1,40,2,43,58,19,84,2,163,20,0,20,183
10/31/2021,LIT,AR,ASW,ES,Combined TRACON& Tower with Radar,56,35,42,2,135,0,2,57,1,60,56,37,99,3,195,18,0,18,213
11/01/2021,LIT,AR,ASW,ES,Combined TRACON& Tower with Radar,61,39,48,44,192,0,1,50,2,53,61,40,98,46,245,0,0,0,245
11/02/2021,LIT,AR,ASW,ES,Combined TRACON& Tower with Radar,52,40,66,3,161,0,0,30,1,31,52,40,96,4,192,0,0,0,192
11/03/2021,LIT,AR,ASW,ES,Combined TRACON& Tower with Radar,52,46,67,27,192,0,1,19,1,21,52,47,86,28,213,2,6,8,221
11/04/2021,LIT,AR,ASW,ES,Combined TRACON& Tower with Radar,65,37,85,42,229,0,4,61,9,74,65,41,146,51,303,20,24,44,347
11/05/2021,LIT,AR,ASW,ES,Combined TRACON& Tower with Radar,61,31,70,96,258,0,3,47,3,53,61,34,117,99,311,20,38,58,369
11/06/2021,LIT,AR,ASW,ES,Combined TRACON& Tower with Radar,50,25,43,24,142,0,4,36,3,43,50,29,79,27,185,6,10,16,201
11/07/2021,LIT,AR,ASW,ES,Combined TRACON& Tower with Radar,62,36,60,18,176,0,1,36,2,39,62,37,96,20,215,0,0,0,215
11/08/2021,LIT,AR,ASW,ES,Combined TRACON& Tower with Radar,52,40,53,9,154,0,4,54,1,59,52,44,107,10,213,12,2,14,227
11/09/2021,LIT,AR,ASW,ES,Combined TRACON& Tower with Radar,50,42,74,67,233,0,4,43,5,52,50,46,117,72,285,10,30,40,325
11/10/2021,LIT,AR,ASW,ES,Combined TRACON& Tower with Radar,50,42,97,22,211,0,6,37,6,49,50,48,134,28,260,16,10,26,286
11/11/2021,LIT,AR,ASW,ES,Combined TRACON& Tower with Radar,60,48,92,0,200,0,4,28,2,34,60,52,120,2,234,11,0,11,245
11/12/2021,LIT,AR,ASW,ES,Combined TRACON& Tower with Radar,60,41,61,20,182,0,1,24,0,25,60,42,85,20,207,15,0,15,222
11/13/2021,LIT,AR,ASW,ES,Combined TRACON& Tower with Radar,52,24,50,4,130,0,5,45,0,50,52,29,95,4,180,8,0,8,188
11/14/2021,LIT,AR,ASW,ES,Combined TRACON& Tower with Radar,60,52,65,4,181,0,2,32,1,35,60,54,97,5,216,4,0,4,220
11/15/2021,LIT,AR,ASW,ES,Combined TRACON& Tower with Radar,52,38,83,47,220,0,2,49,9,60,52,40,132,56,280,24,58,82,362
11/16/2021,LIT,AR,ASW,ES,Combined TRACON& Tower with Radar,49,50,93,49,241,0,1,5,5,11,49,51,98,54,252,0,18,18,270
11/17/2021,LIT,AR,ASW,ES,Combined TRACON& Tower with Radar,51,34,77,15,177,0,2,18,13,33,51,36,95,28,210,2,80,82,292
11/18/2021,LIT,AR,ASW,ES,Combined TRACON& Tower with Radar,63,38,80,27,208,0,2,35,7,44,63,40,115,34,252,0,42,42,294
11/19/2021,LIT,AR,ASW,ES,Combined TRACON& Tower with Radar,56,52,97,3,208,0,3,48,5,56,56,55,145,8,264,8,10,18,282
11/20/2021,LIT,AR,ASW,ES,Combined TRACON& Tower with Radar,50,37,57,2,146,0,2,42,2,46,50,39,99,4,192,0,0,0,192
11/21/2021,LIT,AR,ASW,ES,Combined TRACON& Tower with Radar,59,33,46,4,142,0,1,4,0,5,59,34,50,4,147,0,0,0,147
11/22/2021,LIT,AR,ASW,ES,Combined TRACON& Tower with Radar,49,38,74,23,184,0,0,74,9,83,49,38,148,32,267,10,12,22,289
11/23/2021,LIT,AR,ASW,ES,Combined TRACON& Tower with Radar,68,42,63,51,224,0,2,60,12,74,68,44,123,63,298,0,40,40,338
11/24/2021,LIT,AR,ASW,ES,Combined TRACON& Tower with Radar,64,37,57,29,187,0,4,34,0,38,64,41,91,29,225,12,2,14,239
11/25/2021,LIT,AR,ASW,ES,Combined TRACON& Tower with Radar,37,24,13,0,74,0,1,3,0,4,37,25,16,0,78,0,0,0,78
11/26/2021,LIT,AR,ASW,ES,Combined TRACON& Tower with Radar,43,39,49,2,133,0,3,39,1,43,43,42,88,3,176,46,2,48,224
11/27/2021,LIT,AR,ASW,ES,Combined TRACON& Tower with Radar,53,30,45,0,128,0,6,38,0,44,53,36,83,0,172,2,0,2,174
11/28/2021,LIT,AR,ASW,ES,Combined TRACON& Tower with Radar,62,32,65,2,161,0,3,32,1,36,62,35,97,3,197,0,0,0,197
11/29/2021,LIT,AR,ASW,ES,Combined TRACON& Tower with Radar,61,43,63,51,218,0,7,33,11,51,61,50,96,62,269,4,48,52,321
11/30/2021,LIT,AR,ASW,ES,Combined TRACON& Tower with Radar,57,48,64,24,193,0,2,43,9,54,57,50,107,33,247,0,18,18,265
12/01/2021,LIT,AR,ASW,ES,Combined TRACON& Tower with Radar,59,64,60,2,185,0,4,36,3,43,59,68,96,5,228,6,0,6,234
12/02/2021,LIT,AR,ASW,ES,Combined TRACON& Tower with Radar,72,44,67,22,205,0,2,57,11,70,72,46,124,33,275,30,78,108,383
12/03/2021,LIT,AR,ASW,ES,Combined TRACON& Tower with Radar,64,64,88,24,240,0,0,19,0,19,64,64,107,24,259,0,0,0,259
12/04/2021,LIT,AR,ASW,ES,Combined TRACON& Tower with Radar,48,25,41,2,116,0,0,5,1,6,48,25,46,3,122,0,0,0,122
12/05/2021,LIT,AR,ASW,ES,Combined TRACON& Tower with Radar,65,27,25,0,117,0,1,6,0,7,65,28,31,0,124,0,0,0,124
12/06/2021,LIT,AR,ASW,ES,Combined TRACON& Tower with Radar,60,34,48,31,173,0,5,22,10,37,60,39,70,41,210,22,36,58,268
12/07/2021,LIT,AR,ASW,ES,Combined TRACON& Tower with Radar,57,48,71,48,224,0,5,37,10,52,57,53,108,58,276,0,0,0,276
12/08/2021,LIT,AR,ASW,ES,Combined TRACON& Tower with Radar,62,51,80,80,273,0,10,60,14,84,62,61,140,94,357,0,62,62,419
12/09/2021,LIT,AR,ASW,ES,Combined TRACON& Tower with Radar,72,38,91,16,217,0,0,3,0,3,72,38,94,16,220,0,6,6,226
12/10/2021,LIT,AR,ASW,ES,Combined TRACON& Tower with Radar,58,37,66,34,195,0,2,5,1,8,58,39,71,35,203,0,0,0,203
12/11/2021,LIT,AR,ASW,ES,Combined TRACON& Tower with Radar,50,30,38,4,122,0,5,36,2,43,50,35,74,6,165,0,0,0,165
12/12/2021,LIT,AR,ASW,ES,Combined TRACON& Tower with Radar,66,39,38,4,147,0,2,47,0,49,66,41,85,4,196,0,0,0,196
12/13/2021,LIT,AR,ASW,ES,Combined TRACON& Tower with Radar,61,35,66,58,220,0,7,49,9,65,61,42,115,67,285,0,44,44,329
12/14/2021,LIT,AR,ASW,ES,Combined TRACON& Tower with Radar,57,35,75,39,206,0,3,10,1,14,57,38,85,40,220,14,24,38,258
12/15/2021,LIT,AR,ASW,ES,Combined TRACON& Tower with Radar,58,41,64,7,170,1,3,7,2,13,59,44,71,9,183,2,8,10,193
12/16/2021,LIT,AR,ASW,ES,Combined TRACON& Tower with Radar,68,42,56,1,167,0,3,4,1,8,68,45,60,2,175,0,14,14,189
12/17/2021,LIT,AR,ASW,ES,Combined TRACON& Tower with Radar,43,21,49,0,113,0,0,0,0,0,43,21,49,0,113,0,0,0,113
12/18/2021,LIT,AR,ASW,ES,Combined TRACON& Tower with Radar,58,24,36,0,118,0,3,0,0,3,58,27,36,0,121,0,0,0,121
12/19/2021,LIT,AR,ASW,ES,Combined TRACON& Tower with Radar,69,26,49,4,148,0,2,20,2,24,69,28,69,6,172,8,0,8,180
12/20/2021,LIT,AR,ASW,ES,Combined TRACON& Tower with Radar,54,32,61,30,177,0,5,23,1,29,54,37,84,31,206,30,10,40,246
12/21/2021,LIT,AR,ASW,ES,Combined TRACON& Tower with Radar,62,37,64,56,219,0,0,60,7,67,62,37,124,63,286,14,12,26,312
12/22/2021,LIT,AR,ASW,ES,Combined TRACON& Tower with Radar,58,34,59,13,164,0,0,65,10,75,58,34,124,23,239,22,38,60,299
12/23/2021,LIT,AR,ASW,ES,Combined TRACON& Tower with Radar,69,31,40,8,148,0,0,26,3,29,69,31,66,11,177,16,18,34,211
12/24/2021,LIT,AR,ASW,ES,Combined TRACON& Tower with Radar,53,24,9,0,86,0,1,7,0,8,53,25,16,0,94,0,0,0,94
12/25/2021,LIT,AR,ASW,ES,Combined TRACON& Tower with Radar,45,22,15,0,82,0,3,21,1,25,45,25,36,1,107,4,0,4,111
12/26/2021,LIT,AR,ASW,ES,Combined TRACON& Tower with Radar,59,24,54,0,137,0,0,2,0,2,59,24,56,0,139,0,0,0,139
12/27/2021,LIT,AR,ASW,ES,Combined TRACON& Tower with Radar,57,30,35,2,124,0,4,15,0,19,57,34,50,2,143,4,0,4,147
12/28/2021,LIT,AR,ASW,ES,Combined TRACON& Tower with Radar,67,23,45,9,144,0,2,11,6,19,67,25,56,15,163,4,4,8,171
12/29/2021,LIT,AR,ASW,ES,Combined TRACON& Tower with Radar,57,33,59,2,151,0,6,5,0,11,57,39,64,2,162,0,0,0,162
12/30/2021,LIT,AR,ASW,ES,Combined TRACON& Tower with Radar,67,37,38,12,154,0,2,28,0,30,67,39,66,12,184,6,0,6,190
12/31/2021,LIT,AR,ASW,ES,Combined TRACON& Tower with Radar,52,19,25,1,97,0,2,0,0,2,52,21,25,1,99,0,0,0,99
01/01/2022,LIT,AR,ASW,ES,Combined TRACON& Tower with Radar,43,21,15,1,80,0,0,0,0,0,43,21,15,1,80,0,0,0,80
01/02/2022,LIT,AR,ASW,ES,Combined TRACON& Tower with Radar,55,17,49,2,123,0,2,6,0,8,55,19,55,2,131,0,0,0,131
01/03/2022,LIT,AR,ASW,ES,Combined TRACON& Tower with Radar,56,31,42,0,129,0,10,41,0,51,56,41,83,0,180,0,0,0,180
01/04/2022,LIT,AR,ASW,ES,Combined TRACON& Tower with Radar,50,28,46,2,126,0,5,36,0,41,50,33,82,2,167,18,22,40,207
01/05/2022,LIT,AR,ASW,ES,Combined TRACON& Tower with Radar,54,30,55,45,184,0,10,46,7,63,54,40,101,52,247,12,24,36,283
01/06/2022,LIT,AR,ASW,ES,Combined TRACON& Tower with Radar,60,28,45,28,161,0,5,16,5,26,60,33,61,33,187,22,60,82,269
01/07/2022,LIT,AR,ASW,ES,Combined TRACON& Tower with Radar,55,30,43,8,136,0,4,33,3,40,55,34,76,11,176,4,42,46,222
01/08/2022,LIT,AR,ASW,ES,Combined TRACON& Tower with Radar,43,19,16,0,78,0,0,3,0,3,43,19,19,0,81,18,88,106,187
01/09/2022,LIT,AR,ASW,ES,Combined TRACON& Tower with Radar,56,31,36,2,125,0,5,6,0,11,56,36,42,2,136,0,0,0,136
01/10/2022,LIT,AR,ASW,ES,Combined TRACON& Tower with Radar,52,26,35,79,192,0,5,46,25,76,52,31,81,104,268,0,0,0,268
01/11/2022,LIT,AR,ASW,ES,Combined TRACON& Tower with Radar,48,21,57,51,177,0,0,36,10,46,48,21,93,61,223,0,74,74,297
01/12/2022,LIT,AR,ASW,ES,Combined TRACON& Tower with Radar,54,27,67,58,206,0,2,49,22,73,54,29,116,80,279,2,24,26,305
01/13/2022,LIT,AR,ASW,ES,Combined TRACON& Tower with Radar,64,40,62,16,182,0,0,58,0,58,64,40,120,16,240,22,10,32,272
01/14/2022,LIT,AR,ASW,ES,Combined TRACON& Tower with Radar,60,40,62,36,198,0,6,53,14,73,60,46,115,50,271,4,40,44,315
01/15/2022,LIT,AR,ASW,ES,Combined TRACON& Tower with Radar,45,21,17,2,85,0,2,1,0,3,45,23,18,2,88,0,0,0,88
01/16/2022,LIT,AR,ASW,ES,Combined TRACON& Tower with Radar,41,32,38,2,113,0,4,17,0,21,41,36,55,2,134,2,0,2,136
01/17/2022,LIT,AR,ASW,ES,Combined TRACON& Tower with Radar,52,25,53,2,132,0,4,51,0,55,52,29,104,2,187,12,0,12,199
01/18/2022,LIT,AR,ASW,ES,Combined TRACON& Tower with Radar,46,41,60,16,163,0,0,53,5,58,46,41,113,21,221,2,58,60,281
01/19/2022,LIT,AR,ASW,ES,Combined TRACON& Tower with Radar,49,22,59,13,143,0,1,4,2,7,49,23,63,15,150,0,6,6,156
01/20/2022,LIT,AR,ASW,ES,Combined TRACON& Tower with Radar,63,29,60,43,195,0,5,37,7,49,63,34,97,50,244,14,26,40,284
01/21/2022,LIT,AR,ASW,ES,Combined TRACON& Tower with Radar,62,27,57,35,181,0,7,40,6,53,62,34,97,41,234,22,22,44,278
01/22/2022,LIT,AR,ASW,ES,Combined TRACON& Tower with Radar,44,18,33,7,102,0,4,42,3,49,44,22,75,10,151,0,0,0,151
01/23/2022,LIT,AR,ASW,ES,Combined TRACON& Tower with Radar,56,28,35,17,136,0,6,38,4,48,56,34,73,21,184,0,4,4,188
01/24/2022,LIT,AR,ASW,ES,Combined TRACON& Tower with Radar,52,24,48,79,203,0,1,35,6,42,52,25,83,85,245,18,31,49,294
01/25/2022,LIT,AR,ASW,ES,Combined TRACON& Tower with Radar,48,33,65,88,234,0,0,28,9,37,48,33,93,97,271,14,74,88,359
01/26/2022,LIT,AR,ASW,ES,Combined TRACON& Tower with Radar,52,34,66,32,184,0,3,48,6,57,52,37,114,38,241,18,34,52,293
01/27/2022,LIT,AR,ASW,ES,Combined TRACON& Tower with Radar,63,42,74,31,210,0,1,47,3,51,63,43,121,34,261,0,10,10,271
01/28/2022,LIT,AR,ASW,ES,Combined TRACON& Tower with Radar,58,34,54,20,166,0,2,30,3,35,58,36,84,23,201,8,2,10,211
01/29/2022,LIT,AR,ASW,ES,Combined TRACON& Tower with Radar,41,33,35,2,111,0,7,38,0,45,41,40,73,2,156,0,0,0,156
01/30/2022,LIT,AR,ASW,ES,Combined TRACON& Tower with Radar,54,38,36,27,155,0,5,37,3,45,54,43,73,30,200,2,4,6,206
01/31/2022,LIT,AR,ASW,ES,Combined TRACON& Tower with Radar,52,26,53,51,182,0,0,49,3,52,52,26,102,54,234,0,0,0,234
02/01/2022,LIT,AR,ASW,ES,Combined TRACON& Tower with Radar,44,33,47,29,153,0,5,24,8,37,44,38,71,37,190,14,14,28,218
02/02/2022,LIT,AR,ASW,ES,Combined TRACON& Tower with Radar,44,44,41,6,135,0,0,0,0,0,44,44,41,6,135,0,0,0,135
02/03/2022,LIT,AR,ASW,ES,Combined TRACON& Tower with Radar,9,4,3,0,16,0,0,0,0,0,9,4,3,0,16,0,0,0,16
02/04/2022,LIT,AR,ASW,ES,Combined TRACON& Tower with Radar,44,40,36,0,120,0,3,6,0,9,44,43,42,0,129,0,0,0,129
02/05/2022,LIT,AR,ASW,ES,Combined TRACON& Tower with Radar,48,28,30,2,108,0,6,10,0,16,48,34,40,2,124,2,0,2,126
02/06/2022,LIT,AR,ASW,ES,Combined TRACON& Tower with Radar,56,30,40,5,131,0,1,35,0,36,56,31,75,5,167,2,0,2,169
02/07/2022,LIT,AR,ASW,ES,Combined TRACON& Tower with Radar,54,34,69,49,206,0,3,49,6,58,54,37,118,55,264,14,38,52,316
02/08/2022,LIT,AR,ASW,ES,Combined TRACON& Tower with Radar,50,52,87,18,207,0,0,59,6,65,50,52,146,24,272,3,20,23,295
02/09/2022,LIT,AR,ASW,ES,Combined TRACON& Tower with Radar,54,41,74,33,202,0,0,50,6,56,54,41,124,39,258,16,8,24,282
02/10/2022,LIT,AR,ASW,ES,Combined TRACON& Tower with Radar,64,33,75,21,193,0,2,78,5,85,64,35,153,26,278,12,29,41,319
02/11/2022,LIT,AR,ASW,ES,Combined TRACON& Tower with Radar,62,36,85,52,235,0,0,50,8,58,62,36,135,60,293,18,12,30,323
02/12/2022,LIT,AR,ASW,ES,Combined TRACON& Tower with Radar,45,28,29,9,111,0,1,28,3,32,45,29,57,12,143,4,0,4,147
02/13/2022,LIT,AR,ASW,ES,Combined TRACON& Tower with Radar,52,29,34,27,142,0,2,40,0,42,52,31,74,27,184,6,6,12,196
02/14/2022,LIT,AR,ASW,ES,Combined TRACON& Tower with Radar,56,31,47,5,139,0,5,49,5,59,56,36,96,10,198,3,28,31,229
02/15/2022,LIT,AR,ASW,ES,Combined TRACON& Tower with Radar,52,29,66,53,200,0,1,53,13,67,52,30,119,66,267,6,18,24,291
02/16/2022,LIT,AR,ASW,ES,Combined TRACON& Tower with Radar,53,35,66,11,165,0,8,15,1,24,53,43,81,12,189,14,2,16,205
02/17/2022,LIT,AR,ASW,ES,Combined TRACON& Tower with Radar,64,33,55,8,160,0,1,5,0,6,64,34,60,8,166,0,0,0,166
02/18/2022,LIT,AR,ASW,ES,Combined TRACON& Tower with Radar,60,29,69,23,181,0,3,52,1,56,60,32,121,24,237,0,0,0,237
02/19/2022,LIT,AR,ASW,ES,Combined TRACON& Tower with Radar,46,34,27,1,108,0,9,54,4,67,46,43,81,5,175,0,0,0,175
02/20/2022,LIT,AR,ASW,ES,Combined TRACON& Tower with Radar,50,40,43,8,141,0,1,42,1,44,50,41,85,9,185,8,2,10,195
02/21/2022,LIT,AR,ASW,ES,Combined TRACON& Tower with Radar,56,34,78,2,170,0,3,1,0,4,56,37,79,2,174,0,0,0,174
02/22/2022,LIT,AR,ASW,ES,Combined TRACON& Tower with Radar,54,32,55,49,190,0,3,6,1,10,54,35,61,50,200,2,10,12,212
02/23/2022,LIT,AR,ASW,ES,Combined TRACON& Tower with Radar,24,14,31,0,69,0,0,4,0,4,24,14,35,0,73,0,0,0,73
02/24/2022,LIT,AR,ASW,ES,Combined TRACON& Tower with Radar,36,20,21,0,77,0,0,0,0,0,36,20,21,0,77,0,0,0,77
02/25/2022,LIT,AR,ASW,ES,Combined TRACON& Tower with Radar,65,37,60,30,192,0,12,22,13,47,65,49,82,43,239,4,56,60,299
02/26/2022,LIT,AR,ASW,ES,Combined TRACON& Tower with Radar,41,37,32,0,110,0,1,1,0,2,41,38,33,0,112,0,0,0,112
02/27/2022,LIT,AR,ASW,ES,Combined TRACON& Tower with Radar,56,37,48,6,147,0,4,35,3,42,56,41,83,9,189,6,0,6,195
02/28/2022,LIT,AR,ASW,ES,Combined TRACON& Tower with Radar,55,33,54,85,227,0,1,60,17,78,55,34,114,102,305,6,78,84,389
03/01/2022,LIT,AR,ASW,ES,Combined TRACON& Tower with Radar,55,47,64,64,230,0,4,57,9,70,55,51,121,73,300,6,14,20,320
03/02/2022,LIT,AR,ASW,ES,Combined TRACON& Tower with Radar,55,39,72,32,198,0,1,58,7,66,55,40,130,39,264,8,0,8,272
03/03/2022,LIT,AR,ASW,ES,Combined TRACON& Tower with Radar,56,49,113,78,296,0,7,73,8,88,56,56,186,86,384,14,17,31,415
03/04/2022,LIT,AR,ASW,ES,Combined TRACON& Tower with Radar,52,46,59,62,219,0,2,62,16,80,52,48,121,78,299,6,22,28,327
03/05/2022,LIT,AR,ASW,ES,Combined TRACON& Tower with Radar,42,33,26,3,104,0,2,15,9,26,42,35,41,12,130,0,18,18,148
03/06/2022,LIT,AR,ASW,ES,Combined TRACON& Tower with Radar,49,31,35,0,115,0,6,3,0,9,49,37,38,0,124,0,0,0,124
03/07/2022,LIT,AR,ASW,ES,Combined TRACON& Tower with Radar,45,35,42,11,133,0,7,13,1,21,45,42,55,12,154,0,44,44,198
03/08/2022,LIT,AR,ASW,ES,Combined TRACON& Tower with Radar,44,48,45,71,208,0,2,13,8,23,44,50,58,79,231,2,14,16,247
03/09/2022,LIT,AR,ASW,ES,Combined TRACON& Tower with Radar,45,37,87,63,232,0,2,39,9,50,45,39,126,72,282,14,33,47,329
03/10/2022,LIT,AR,ASW,ES,Combined TRACON& Tower with Radar,55,50,77,18,200,0,6,57,9,72,55,56,134,27,272,9,52,61,333
03/11/2022,LIT,AR,ASW,ES,Combined TRACON& Tower with Radar,48,27,52,20,147,0,5,7,4,16,48,32,59,24,163,0,0,0,163
03/12/2022,LIT,AR,ASW,ES,Combined TRACON& Tower with Radar,39,26,37,17,119,0,2,25,1,28,39,28,62,18,147,15,42,57,204
03/13/2022,LIT,AR,ASW,ES,Combined TRACON& Tower with Radar,49,24,44,5,122,0,1,20,0,21,49,25,64,5,143,0,0,0,143
03/14/2022,LIT,AR,ASW,ES,Combined TRACON& Tower with Radar,54,34,59,33,180,0,3,19,4,26,54,37,78,37,206,10,2,12,218
03/15/2022,LIT,AR,ASW,ES,Combined TRACON& Tower with Radar,43,43,53,33,172,0,1,4,1,6,43,44,57,34,178,0,8,8,186
03/16/2022,LIT,AR,ASW,ES,Combined TRACON& Tower with Radar,51,30,80,68,229,0,3,50,5,58,51,33,130,73,287,14,12,26,313
03/17/2022,LIT,AR,ASW,ES,Combined TRACON& Tower with Radar,53,36,71,24,184,0,4,54,2,60,53,40,125,26,244,14,0,14,258
03/18/2022,LIT,AR,ASW,ES,Combined TRACON& Tower with Radar,51,50,60,8,169,0,2,5,4,11,51,52,65,12,180,0,16,16,196
03/19/2022,LIT,AR,ASW,ES,Combined TRACON& Tower with Radar,40,41,49,6,136,0,6,39,0,45,40,47,88,6,181,20,0,20,201
03/20/2022,LIT,AR,ASW,ES,Combined TRACON& Tower with Radar,59,25,44,3,131,0,5,51,1,57,59,30,95,4,188,0,0,0,188
03/21/2022,LIT,AR,ASW,ES,Combined TRACON& Tower with Radar,46,30,50,16,142,0,4,30,2,36,46,34,80,18,178,16,16,32,210
03/22/2022,LIT,AR,ASW,ES,Combined TRACON& Tower with Radar,47,28,25,8,108,0,2,1,0,3,47,30,26,8,111,0,0,0,111
03/23/2022,LIT,AR,ASW,ES,Combined TRACON& Tower with Radar,49,38,51,18,156,0,0,31,6,37,49,38,82,24,193,0,38,38,231
03/24/2022,LIT,AR,ASW,ES,Combined TRACON& Tower with Radar,58,43,56,16,173,0,3,37,7,47,58,46,93,23,220,0,24,24,244
03/25/2022,LIT,AR,ASW,ES,Combined TRACON& Tower with Radar,54,38,57,20,169,0,1,52,0,53,54,39,109,20,222,22,6,28,250
03/26/2022,LIT,AR,ASW,ES,Combined TRACON& Tower with Radar,40,38,53,5,136,0,2,51,1,54,40,40,104,6,190,26,0,26,216
03/27/2022,LIT,AR,ASW,ES,Combined TRACON& Tower with Radar,52,41,53,18,164,0,1,39,3,43,52,42,92,21,207,6,0,6,213
03/28/2022,LIT,AR,ASW,ES,Combined TRACON& Tower with Radar,50,42,54,45,191,0,4,33,0,37,50,46,87,45,228,6,4,10,238
03/29/2022,LIT,AR,ASW,ES,Combined TRACON& Tower with Radar,47,47,77,17,188,0,1,8,1,10,47,48,85,18,198,2,14,16,214
03/30/2022,LIT,AR,ASW,ES,Combined TRACON& Tower with Radar,45,40,28,0,113,0,2,1,0,3,45,42,29,0,116,0,0,0,116
03/31/2022,LIT,AR,ASW,ES,Combined TRACON& Tower with Radar,58,36,80,19,193,0,4,22,1,27,58,40,102,20,220,4,21,25,245
04/01/2022,LIT,AR,ASW,ES,Combined TRACON& Tower with Radar,54,49,70,24,197,0,2,46,1,49,54,51,116,25,246,4,22,26,272
04/02/2022,LIT,AR,ASW,ES,Combined TRACON& Tower with Radar,40,38,27,13,118,0,1,36,0,37,40,39,63,13,155,0,14,14,169
04/03/2022,LIT,AR,ASW,ES,Combined TRACON& Tower with Radar,44,39,46,11,140,0,4,32,2,38,44,43,78,13,178,1,6,7,185
04/04/2022,LIT,AR,ASW,ES,Combined TRACON& Tower with Radar,49,37,53,25,164,0,4,25,9,38,49,41,78,34,202,6,16,22,224
04/05/2022,LIT,AR,ASW,ES,Combined TRACON& Tower with Radar,52,50,59,32,193,0,3,16,2,21,52,53,75,34,214,12,38,50,264
04/06/2022,LIT,AR,ASW,ES,Combined TRACON& Tower with Radar,56,42,89,48,235,0,4,35,9,48,56,46,124,57,283,16,54,70,353
04/07/2022,LIT,AR,ASW,ES,Combined TRACON& Tower with Radar,59,40,75,10,184,0,0,15,4,19,59,40,90,14,203,4,0,4,207
04/08/2022,LIT,AR,ASW,ES,Combined TRACON& Tower with Radar,56,38,79,25,198,0,2,26,4,32,56,40,105,29,230,2,28,30,260
04/09/2022,LIT,AR,ASW,ES,Combined TRACON& Tower with Radar,44,33,40,22,139,0,2,40,7,49,44,35,80,29,188,0,26,26,214
04/10/2022,LIT,AR,ASW,ES,Combined TRACON& Tower with Radar,57,45,55,10,167,0,0,14,1,15,57,45,69,11,182,0,4,4,186
04/11/2022,LIT,AR,ASW,ES,Combined TRACON& Tower with Radar,55,30,74,24,183,0,2,2,0,4,55,32,76,24,187,0,0,0,187
04/12/2022,LIT,AR,ASW,ES,Combined TRACON& Tower with Radar,54,55,74,16,199,0,0,5,3,8,54,55,79,19,207,0,20,20,227
04/13/2022,LIT,AR,ASW,ES,Combined TRACON& Tower with Radar,51,34,33,6,124,0,1,3,0,4,51,35,36,6,128,0,0,0,128
04/14/2022,LIT,AR,ASW,ES,Combined TRACON& Tower with Radar,65,50,101,40,256,0,7,49,12,68,65,57,150,52,324,10,32,42,366
04/15/2022,LIT,AR,ASW,ES,Combined TRACON& Tower with Radar,58,34,70,35,197,0,2,21,7,30,58,36,91,42,227,18,28,46,273
04/16/2022,LIT,AR,ASW,ES,Combined TRACON& Tower with Radar,46,36,31,1,114,0,0,0,0,0,46,36,31,1,114,0,0,0,114
04/17/2022,LIT,AR,ASW,ES,Combined TRACON& Tower with Radar,57,43,16,0,116,0,1,2,0,3,57,44,18,0,119,0,0,0,119
04/18/2022,LIT,AR,ASW,ES,Combined TRACON& Tower with Radar,57,42,62,71,232,0,2,47,5,54,57,44,109,76,286,10,18,28,314
04/19/2022,LIT,AR,ASW,ES,Combined TRACON& Tower with Radar,52,43,54,39,188,0,0,55,12,67,52,43,109,51,255,16,51,67,322
04/20/2022,LIT,AR,ASW,ES,Combined TRACON& Tower with Radar,56,53,72,6,187,0,4,1,1,6,56,57,73,7,193,0,30,30,223
04/21/2022,LIT,AR,ASW,ES,Combined TRACON& Tower with Radar,60,49,87,20,216,0,0,6,2,8,60,49,93,22,224,0,20,20,244
04/22/2022,LIT,AR,ASW,ES,Combined TRACON& Tower with Radar,57,38,63,12,170,0,0,32,1,33,57,38,95,13,203,8,16,24,227
04/23/2022,LIT,AR,ASW,ES,Combined TRACON& Tower with Radar,45,33,29,7,114,0,4,32,4,40,45,37,61,11,154,0,0,0,154
04/24/2022,LIT,AR,ASW,ES,Combined TRACON& Tower with Radar,55,31,50,1,137,0,4,9,0,13,55,35,59,1,150,0,0,0,150
04/25/2022,LIT,AR,ASW,ES,Combined TRACON& Tower with Radar,55,28,46,6,135,0,5,16,1,22,55,33,62,7,157,10,0,10,167
04/26/2022,LIT,AR,ASW,ES,Combined TRACON& Tower with Radar,51,51,87,57,246,0,1,57,11,69,51,52,144,68,315,0,22,22,337
04/27/2022,LIT,AR,ASW,ES,Combined TRACON& Tower with Radar,57,43,74,9,183,0,3,62,5,70,57,46,136,14,253,12,12,24,277
04/28/2022,LIT,AR,ASW,ES,Combined TRACON& Tower with Radar,62,48,59,15,184,0,3,39,5,47,62,51,98,20,231,2,12,14,245
04/29/2022,LIT,AR,ASW,ES,Combined TRACON& Tower with Radar,59,34,74,7,174,0,1,41,2,44,59,35,115,9,218,4,6,10,228
04/30/2022,LIT,AR,ASW,ES,Combined TRACON& Tower with Radar,43,29,25,2,99,0,2,10,0,12,43,31,35,2,111,0,0,0,111
05/01/2022,LIT,AR,ASW,ES,Combined TRACON& Tower with Radar,56,43,56,31,186,0,4,43,1,48,56,47,99,32,234,22,2,24,258
05/02/2022,LIT,AR,ASW,ES,Combined TRACON& Tower with Radar,55,34,40,6,135,0,2,9,3,14,55,36,49,9,149,4,15,19,168
05/03/2022,LIT,AR,ASW,ES,Combined TRACON& Tower with Radar,54,53,78,0,185,0,2,8,0,10,54,55,86,0,195,6,0,6,201
05/04/2022,LIT,AR,ASW,ES,Combined TRACON& Tower with Radar,56,48,89,25,218,0,1,17,3,21,56,49,106,28,239,2,41,43,282
05/05/2022,LIT,AR,ASW,ES,Combined TRACON& Tower with Radar,60,32,45,5,142,0,0,1,1,2,60,32,46,6,144,0,2,2,146
05/06/2022,LIT,AR,ASW,ES,Combined TRACON& Tower with Radar,64,29,71,28,192,0,4,29,8,41,64,33,100,36,233,0,49,49,282
05/07/2022,LIT,AR,ASW,ES,Combined TRACON& Tower with Radar,45,34,38,1,118,0,1,42,5,48,45,35,80,6,166,8,0,8,174
05/08/2022,LIT,AR,ASW,ES,Combined TRACON& Tower with Radar,57,39,60,0,156,0,0,25,0,25,57,39,85,0,181,0,0,0,181
05/09/2022,LIT,AR,ASW,ES,Combined TRACON& Tower with Radar,60,49,70,26,205,0,4,25,4,33,60,53,95,30,238,2,14,16,254
05/10/2022,LIT,AR,ASW,ES,Combined TRACON& Tower with Radar,56,42,68,6,172,0,2,42,2,46,56,44,110,8,218,10,8,18,236
05/11/2022,LIT,AR,ASW,ES,Combined TRACON& Tower with Radar,55,50,96,21,222,0,6,51,2,59,55,56,147,23,281,18,30,48,329
05/12/2022,LIT,AR,ASW,ES,Combined TRACON& Tower with Radar,64,51,90,6,211,0,2,58,6,66,64,53,148,12,277,9,8,17,294
05/13/2022,LIT,AR,ASW,ES,Combined TRACON& Tower with Radar,61,49,66,26,202,0,2,42,8,52,61,51,108,34,254,0,42,42,296
05/14/2022,LIT,AR,ASW,ES,Combined TRACON& Tower with Radar,41,33,24,0,98,0,3,25,0,28,41,36,49,0,126,4,0,4,130
05/15/2022,LIT,AR,ASW,ES,Combined TRACON& Tower with Radar,54,41,35,2,132,0,4,17,0,21,54,45,52,2,153,16,2,18,171
05/16/2022,LIT,AR,ASW,ES,Combined TRACON& Tower with Radar,59,43,70,25,197,0,5,30,4,39,59,48,100,29,236,4,34,38,274
05/17/2022,LIT,AR,ASW,ES,Combined TRACON& Tower with Radar,57,39,57,11,164,0,1,57,5,63,57,40,114,16,227,6,36,42,269
05/18/2022,LIT,AR,ASW,ES,Combined TRACON& Tower with Radar,56,48,60,22,186,0,8,49,1,58,56,56,109,23,244,0,4,4,248
05/19/2022,LIT,AR,ASW,ES,Combined TRACON& Tower with Radar,63,48,75,12,198,0,1,22,4,27,63,49,97,16,225,0,48,48,273
05/20/2022,LIT,AR,ASW,ES,Combined TRACON& Tower with Radar,62,40,73,7,182,0,0,25,9,34,62,40,98,16,216,0,12,12,228
05/21/2022,LIT,AR,ASW,ES,Combined TRACON& Tower with Radar,41,37,28,0,106,0,3,5,0,8,41,40,33,0,114,6,0,6,120
05/22/2022,LIT,AR,ASW,ES,Combined TRACON& Tower with Radar,63,38,39,2,142,0,3,4,0,7,63,41,43,2,149,0,0,0,149
05/23/2022,LIT,AR,ASW,ES,Combined TRACON& Tower with Radar,59,33,72,50,214,0,2,25,6,33,59,35,97,56,247,6,46,52,299
05/24/2022,LIT,AR,ASW,ES,Combined TRACON& Tower with Radar,53,39,49,9,150,0,1,1,0,2,53,40,50,9,152,0,0,0,152
05/25/2022,LIT,AR,ASW,ES,Combined TRACON& Tower with Radar,58,29,52,29,168,0,4,7,14,25,58,33,59,43,193,0,32,32,225
05/26/2022,LIT,AR,ASW,ES,Combined TRACON& Tower with Radar,66,43,65,35,209,0,1,29,4,34,66,44,94,39,243,0,4,4,247
05/27/2022,LIT,AR,ASW,ES,Combined TRACON& Tower with Radar,60,42,70,8,180,0,3,45,1,49,60,45,115,9,229,14,12,26,255
05/28/2022,LIT,AR,ASW,ES,Combined TRACON& Tower with Radar,42,30,14,1,87,0,2,18,1,21,42,32,32,2,108,0,0,0,108
05/29/2022,LIT,AR,ASW,ES,Combined TRACON& Tower with Radar,51,31,14,0,96,0,0,19,0,19,51,31,33,0,115,0,0,0,115
05/30/2022,LIT,AR,ASW,ES,Combined TRACON& Tower with Radar,55,33,30,0,118,0,2,18,0,20,55,35,48,0,138,0,0,0,138
05/31/2022,LIT,AR,ASW,ES,Combined TRACON& Tower with Radar,54,36,75,44,209,0,2,35,7,44,54,38,110,51,253,10,28,38,291
06/01/2022,LIT,AR,ASW,ES,Combined TRACON& Tower with Radar,62,45,73,22,202,0,1,28,2,31,62,46,101,24,233,4,12,16,249
06/02/2022,LIT,AR,ASW,ES,Combined TRACON& Tower with Radar,59,36,53,8,156,0,3,11,0,14,59,39,64,8,170,6,0,6,176
06/03/2022,LIT,AR,ASW,ES,Combined TRACON& Tower with Radar,65,32,68,43,208,0,0,45,7,52,65,32,113,50,260,26,44,70,330
06/04/2022,LIT,AR,ASW,ES,Combined TRACON& Tower with Radar,48,22,33,45,148,0,6,38,3,47,48,28,71,48,195,4,0,4,199
06/05/2022,LIT,AR,ASW,ES,Combined TRACON& Tower with Radar,64,39,42,18,163,0,0,26,0,26,64,39,68,18,189,20,0,20,209
06/06/2022,LIT,AR,ASW,ES,Combined TRACON& Tower with Radar,65,28,67,8,168,0,5,24,1,30,65,33,91,9,198,22,0,22,220
06/07/2022,LIT,AR,ASW,ES,Combined TRACON& Tower with Radar,62,26,56,6,150,0,3,20,1,24,62,29,76,7,174,0,0,0,174
06/08/2022,LIT,AR,ASW,ES,Combined TRACON& Tower with Radar,68,34,51,8,161,0,1,4,0,5,68,35,55,8,166,0,0,0,166
06/09/2022,LIT,AR,ASW,ES,Combined TRACON& Tower with Radar,71,36,74,19,200,0,0,47,1,48,71,36,121,20,248,10,18,28,276
06/10/2022,LIT,AR,ASW,ES,Combined TRACON& Tower with Radar,66,30,57,34,187,0,3,19,3,25,66,33,76,37,212,8,28,36,248
06/11/2022,LIT,AR,ASW,ES,Combined TRACON& Tower with Radar,50,36,36,13,135,0,1,35,5,41,50,37,71,18,176,10,0,10,186
06/12/2022,LIT,AR,ASW,ES,Combined TRACON& Tower with Radar,61,29,55,23,168,0,0,36,13,49,61,29,91,36,217,0,12,12,229
06/13/2022,LIT,AR,ASW,ES,Combined TRACON& Tower with Radar,69,24,60,35,188,0,1,51,11,63,69,25,111,46,251,12,27,39,290
06/14/2022,LIT,AR,ASW,ES,Combined TRACON& Tower with Radar,64,33,72,41,210,0,2,42,8,52,64,35,114,49,262,0,19,19,281
06/15/2022,LIT,AR,ASW,ES,Combined TRACON& Tower with Radar,65,35,61,53,214,0,2,51,10,63,65,37,112,63,277,4,64,68,345
06/16/2022,LIT,AR,ASW,ES,Combined TRACON& Tower with Radar,69,27,75,41,212,0,1,50,10,61,69,28,125,51,273,30,40,70,343
06/17/2022,LIT,AR,ASW,ES,Combined TRACON& Tower with Radar,66,26,63,22,177,0,1,37,2,40,66,27,100,24,217,0,46,46,263
06/18/2022,LIT,AR,ASW,ES,Combined TRACON& Tower with Radar,50,29,32,0,111,0,7,27,0,34,50,36,59,0,145,0,0,0,145
06/19/2022,LIT,AR,ASW,ES,Combined TRACON& Tower with Radar,62,28,28,0,118,0,2,35,1,38,62,30,63,1,156,22,0,22,178
06/20/2022,LIT,AR,ASW,ES,Combined TRACON& Tower with Radar,65,43,62,3,173,0,1,36,0,37,65,44,98,3,210,2,0,2,212
06/21/2022,LIT,AR,ASW,ES,Combined TRACON& Tower with Radar,65,39,74,9,187,0,2,39,5,46,65,41,113,14,233,18,16,34,267
06/22/2022,LIT,AR,ASW,ES,Combined TRACON& Tower with Radar,64,34,69,20,187,0,3,31,3,37,64,37,100,23,224,0,18,18,242
06/23/2022,LIT,AR,ASW,ES,Combined TRACON& Tower with Radar,71,29,77,8,185,0,4,54,3,61,71,33,131,11,246,4,8,12,258
06/24/2022,LIT,AR,ASW,ES,Combined TRACON& Tower with Radar,65,42,52,72,231,0,4,45,8,57,65,46,97,80,288,10,67,77,365
06/25/2022,LIT,AR,ASW,ES,Combined TRACON& Tower with Radar,46,30,30,17,123,0,7,42,7,56,46,37,72,24,179,6,6,12,191
06/26/2022,LIT,AR,ASW,ES,Combined TRACON& Tower with Radar,66,38,59,11,174,0,5,31,1,37,66,43,90,12,211,26,0,26,237
06/27/2022,LIT,AR,ASW,ES,Combined TRACON& Tower with Radar,59,26,48,52,185,0,4,45,9,58,59,30,93,61,243,0,26,26,269
06/28/2022,LIT,AR,ASW,ES,Combined TRACON& Tower with Radar,62,34,60,43,199,0,3,69,8,80,62,37,129,51,279,22,26,48,327
06/29/2022,LIT,AR,ASW,ES,Combined TRACON& Tower with Radar,63,36,81,64,244,0,1,37,24,62,63,37,118,88,306,4,42,46,352
06/30/2022,LIT,AR,ASW,ES,Combined TRACON& Tower with Radar,71,25,68,62,226,0,5,41,10,56,71,30,109,72,282,6,52,58,340
07/01/2022,LIT,AR,ASW,ES,Combined TRACON& Tower with Radar,63,32,47,2,144,0,2,27,0,29,63,34,74,2,173,4,0,4,177
07/02/2022,LIT,AR,ASW,ES,Combined TRACON& Tower with Radar,45,32,29,7,113,0,1,14,0,15,45,33,43,7,128,8,6,14,142
07/03/2022,LIT,AR,ASW,ES,Combined TRACON& Tower with Radar,59,21,23,2,105,0,2,10,3,15,59,23,33,5,120,8,0,8,128
07/04/2022,LIT,AR,ASW,ES,Combined TRACON& Tower with Radar,59,14,16,0,89,0,1,18,0,19,59,15,34,0,108,10,0,10,118
07/05/2022,LIT,AR,ASW,ES,Combined TRACON& Tower with Radar,58,29,46,52,185,0,4,27,5,36,58,33,73,57,221,8,6,14,235
07/06/2022,LIT,AR,ASW,ES,Combined TRACON& Tower with Radar,61,27,56,42,186,1,2,43,6,52,62,29,99,48,238,28,54,82,320
07/07/2022,LIT,AR,ASW,ES,Combined TRACON& Tower with Radar,68,31,60,79,238,0,6,38,24,68,68,37,98,103,306,0,0,0,306
07/08/2022,LIT,AR,ASW,ES,Combined TRACON& Tower with Radar,61,24,44,56,185,0,3,47,12,62,61,27,91,68,247,0,54,54,301
07/09/2022,LIT,AR,ASW,ES,Combined TRACON& Tower with Radar,47,18,25,13,103,0,2,21,2,25,47,20,46,15,128,6,0,6,134
07/10/2022,LIT,AR,ASW,ES,Combined TRACON& Tower with Radar,63,21,42,11,137,0,2,33,1,36,63,23,75,12,173,0,12,12,185
07/11/2022,LIT,AR,ASW,ES,Combined TRACON& Tower with Radar,60,24,44,39,167,0,1,46,4,51,60,25,90,43,218,2,38,40,258
07/12/2022,LIT,AR,ASW,ES,Combined TRACON& Tower with Radar,59,38,47,56,200,0,1,46,7,54,59,39,93,63,254,0,30,30,284
07/13/2022,LIT,AR,ASW,ES,Combined TRACON& Tower with Radar,62,26,49,67,204,0,0,50,12,62,62,26,99,79,266,4,36,40,306
07/14/2022,LIT,AR,ASW,ES,Combined TRACON& Tower with Radar,72,31,82,42,227,0,5,51,5,61,72,36,133,47,288,4,6,10,298
07/15/2022,LIT,AR,ASW,ES,Combined TRACON& Tower with Radar,64,36,50,109,259,0,2,58,4,64,64,38,108,113,323,4,22,26,349
07/16/2022,LIT,AR,ASW,ES,Combined TRACON& Tower with Radar,49,32,28,22,131,0,5,22,9,36,49,37,50,31,167,14,2,16,183
07/17/2022,LIT,AR,ASW,ES,Combined TRACON& Tower with Radar,62,26,19,12,119,0,3,32,0,35,62,29,51,12,154,6,0,6,160
07/18/2022,LIT,AR,ASW,ES,Combined TRACON& Tower with Radar,65,27,53,46,191,0,3,39,3,45,65,30,92,49,236,0,60,60,296
07/19/2022,LIT,AR,ASW,ES,Combined TRACON& Tower with Radar,61,42,52,35,190,0,2,19,4,25,61,44,71,39,215,2,16,18,233
07/20/2022,LIT,AR,ASW,ES,Combined TRACON& Tower with Radar,68,29,48,20,165,0,3,31,5,39,68,32,79,25,204,12,34,46,250
07/21/2022,LIT,AR,ASW,ES,Combined TRACON& Tower with Radar,71,34,70,49,224,0,0,37,12,49,71,34,107,61,273,0,14,14,287
07/22/2022,LIT,AR,ASW,ES,Combined TRACON& Tower with Radar,64,29,50,32,175,0,1,43,1,45,64,30,93,33,220,0,14,14,234
07/23/2022,LIT,AR,ASW,ES,Combined TRACON& Tower with Radar,50,29,36,12,127,0,1,38,1,40,50,30,74,13,167,0,0,0,167
07/24/2022,LIT,AR,ASW,ES,Combined TRACON& Tower with Radar,58,27,51,28,164,0,3,36,10,49,58,30,87,38,213,0,0,0,213
07/25/2022,LIT,AR,ASW,ES,Combined TRACON& Tower with Radar,60,31,59,33,183,0,3,40,12,55,60,34,99,45,238,10,12,22,260
07/26/2022,LIT,AR,ASW,ES,Combined TRACON& Tower with Radar,60,38,78,32,208,1,7,21,9,38,61,45,99,41,246,0,12,12,258
07/27/2022,LIT,AR,ASW,ES,Combined TRACON& Tower with Radar,68,37,57,25,187,0,2,24,3,29,68,39,81,28,216,8,42,50,266
07/28/2022,LIT,AR,ASW,ES,Combined TRACON& Tower with Radar,67,36,55,12,170,0,3,16,2,21,67,39,71,14,191,0,2,2,193
07/29/2022,LIT,AR,ASW,ES,Combined TRACON& Tower with Radar,66,28,49,3,146,0,5,23,0,28,66,33,72,3,174,0,0,0,174
07/30/2022,LIT,AR,ASW,ES,Combined TRACON& Tower with Radar,47,25,36,0,108,0,4,4,2,10,47,29,40,2,118,0,0,0,118
07/31/2022,LIT,AR,ASW,ES,Combined TRACON& Tower with Radar,63,29,48,0,140,0,2,6,0,8,63,31,54,0,148,0,0,0,148
08/01/2022,LIT,AR,ASW,ES,Combined TRACON& Tower with Radar,64,32,44,41,181,0,0,30,7,37,64,32,74,48,218,2,18,20,238
08/02/2022,LIT,AR,ASW,ES,Combined TRACON& Tower with Radar,65,31,60,78,234,0,1,38,11,50,65,32,98,89,284,4,36,40,324
08/03/2022,LIT,AR,ASW,ES,Combined TRACON& Tower with Radar,63,19,66,32,180,0,1,37,2,40,63,20,103,34,220,2,8,10,230
08/04/2022,LIT,AR,ASW,ES,Combined TRACON& Tower with Radar,66,27,68,38,199,0,1,21,10,32,66,28,89,48,231,6,70,76,307
08/05/2022,LIT,AR,ASW,ES,Combined TRACON& Tower with Radar,60,30,45,35,170,0,2,21,3,26,60,32,66,38,196,0,6,6,202
08/06/2022,LIT,AR,ASW,ES,Combined TRACON& Tower with Radar,49,35,31,2,117,0,2,48,3,53,49,37,79,5,170,24,16,40,210
08/07/2022,LIT,AR,ASW,ES,Combined TRACON& Tower with Radar,61,27,43,11,142,0,7,49,0,56,61,34,92,11,198,42,4,46,244
08/08/2022,LIT,AR,ASW,ES,Combined TRACON& Tower with Radar,64,29,47,36,176,0,2,18,0,20,64,31,65,36,196,0,0,0,196
08/09/2022,LIT,AR,ASW,ES,Combined TRACON& Tower with Radar,59,37,61,31,188,0,1,13,9,23,59,38,74,40,211,6,50,56,267
08/10/2022,LIT,AR,ASW,ES,Combined TRACON& Tower with Radar,72,41,56,23,192,0,1,11,4,16,72,42,67,27,208,0,6,6,214
08/11/2022,LIT,AR,ASW,ES,Combined TRACON& Tower with Radar,69,34,76,76,255,0,7,41,2,50,69,41,117,78,305,10,8,18,323
08/12/2022,LIT,AR,ASW,ES,Combined TRACON& Tower with Radar,66,32,72,42,212,0,6,63,5,74,66,38,135,47,286,6,42,48,334
08/13/2022,LIT,AR,ASW,ES,Combined TRACON& Tower with Radar,50,30,35,13,128,0,0,47,3,50,50,30,82,16,178,12,0,12,190
08/14/2022,LIT,AR,ASW,ES,Combined TRACON& Tower with Radar,57,37,30,14,138,0,5,31,0,36,57,42,61,14,174,2,0,2,176
08/15/2022,LIT,AR,ASW,ES,Combined TRACON& Tower with Radar,64,30,68,26,188,0,6,35,2,43,64,36,103,28,231,6,44,50,281
08/16/2022,LIT,AR,ASW,ES,Combined TRACON& Tower with Radar,60,40,66,19,185,0,4,55,8,67,60,44,121,27,252,4,16,20,272
08/17/2022,LIT,AR,ASW,ES,Combined TRACON& Tower with Radar,65,33,63,10,171,0,0,2,2,4,65,33,65,12,175,6,8,14,189
08/18/2022,LIT,AR,ASW,ES,Combined TRACON& Tower with Radar,68,32,64,17,181,0,1,38,6,45,68,33,102,23,226,10,4,14,240
08/19/2022,LIT,AR,ASW,ES,Combined TRACON& Tower with Radar,61,30,59,82,232,0,10,49,18,77,61,40,108,100,309,10,100,110,419
08/20/2022,LIT,AR,ASW,ES,Combined TRACON& Tower with Radar,50,26,36,2,114,0,2,48,15,65,50,28,84,17,179,8,48,56,235
08/21/2022,LIT,AR,ASW,ES,Combined TRACON& Tower with Radar,52,27,33,4,116,0,1,5,0,6,52,28,38,4,122,0,0,0,122
08/22/2022,LIT,AR,ASW,ES,Combined TRACON& Tower with Radar,55,30,58,15,158,0,0,1,5,6,55,30,59,20,164,0,52,52,216
08/23/2022,LIT,AR,ASW,ES,Combined TRACON& Tower with Radar,62,42,56,7,167,0,1,2,3,6,62,43,58,10,173,0,22,22,195
08/24/2022,LIT,AR,ASW,ES,Combined TRACON& Tower with Radar,62,40,57,24,183,0,0,16,4,20,62,40,73,28,203,0,46,46,249
08/25/2022,LIT,AR,ASW,ES,Combined TRACON& Tower with Radar,64,25,65,35,189,0,0,58,12,70,64,25,123,47,259,8,50,58,317
08/26/2022,LIT,AR,ASW,ES,Combined TRACON& Tower with Radar,61,24,51,65,201,0,2,42,17,61,61,26,93,82,262,16,76,92,354
08/27/2022,LIT,AR,ASW,ES,Combined TRACON& Tower with Radar,48,24,32,17,121,0,4,42,4,50,48,28,74,21,171,0,12,12,183
08/28/2022,LIT,AR,ASW,ES,Combined TRACON& Tower with Radar,53,25,43,4,125,0,0,18,0,18,53,25,61,4,143,0,0,0,143
08/29/2022,LIT,AR,ASW,ES,Combined TRACON& Tower with Radar,52,30,44,29,155,0,2,34,4,40,52,32,78,33,195,2,16,18,213
08/30/2022,LIT,AR,ASW,ES,Combined TRACON& Tower with Radar,63,37,76,5,181,0,1,24,2,27,63,38,100,7,208,22,2,24,232
08/31/2022,LIT,AR,ASW,ES,Combined TRACON& Tower with Radar,65,40,73,22,200,0,2,40,7,49,65,42,113,29,249,18,22,40,289
09/01/2022,LIT,AR,ASW,ES,Combined TRACON& Tower with Radar,66,35,58,39,198,0,4,42,5,51,66,39,100,44,249,4,46,50,299
09/02/2022,LIT,AR,ASW,ES,Combined TRACON& Tower with Radar,61,24,51,3,139,0,4,17,0,21,61,28,68,3,160,5,0,5,165
09/03/2022,LIT,AR,ASW,ES,Combined TRACON& Tower with Radar,50,29,33,4,116,0,0,22,0,22,50,29,55,4,138,0,0,0,138
09/04/2022,LIT,AR,ASW,ES,Combined TRACON& Tower with Radar,49,26,27,4,106,0,0,21,0,21,49,26,48,4,127,0,0,0,127
09/05/2022,LIT,AR,ASW,ES,Combined TRACON& Tower with Radar,53,27,36,1,117,0,3,20,0,23,53,30,56,1,140,0,0,0,140
09/06/2022,LIT,AR,ASW,ES,Combined TRACON& Tower with Radar,59,28,55,8,150,0,2,21,2,25,59,30,76,10,175,15,10,25,200
09/07/2022,LIT,AR,ASW,ES,Combined TRACON& Tower with Radar,62,44,66,29,201,0,1,34,5,40,62,45,100,34,241,0,34,34,275
09/08/2022,LIT,AR,ASW,ES,Combined TRACON& Tower with Radar,61,34,80,14,189,0,1,55,12,68,61,35,135,26,257,16,8,24,281
09/09/2022,LIT,AR,ASW,ES,Combined TRACON& Tower with Radar,59,29,62,52,202,0,4,43,12,59,59,33,105,64,261,0,0,0,261
09/10/2022,LIT,AR,ASW,ES,Combined TRACON& Tower with Radar,48,31,37,10,126,0,2,16,0,18,48,33,53,10,144,10,38,48,192
09/11/2022,LIT,AR,ASW,ES,Combined TRACON& Tower with Radar,59,28,61,0,148,0,2,21,0,23,59,30,82,0,171,4,0,4,175
09/12/2022,LIT,AR,ASW,ES,Combined TRACON& Tower with Radar,59,36,45,59,199,0,0,42,11,53,59,36,87,70,252,18,42,60,312
09/13/2022,LIT,AR,ASW,ES,Combined TRACON& Tower with Radar,60,44,62,7,173,0,4,59,3,66,60,48,121,10,239,24,16,40,279
09/14/2022,LIT,AR,ASW,ES,Combined TRACON& Tower with Radar,60,28,65,19,172,0,2,49,7,58,60,30,114,26,230,8,16,24,254
09/15/2022,LIT,AR,ASW,ES,Combined TRACON& Tower with Radar,63,42,64,13,182,0,3,26,1,30,63,45,90,14,212,10,6,16,228
09/16/2022,LIT,AR,ASW,ES,Combined TRACON& Tower with Radar,65,46,72,10,193,0,2,22,6,30,65,48,94,16,223,12,36,48,271
09/17/2022,LIT,AR,ASW,ES,Combined TRACON& Tower with Radar,48,26,37,7,118,0,1,23,0,24,48,27,60,7,142,0,0,0,142
09/18/2022,LIT,AR,ASW,ES,Combined TRACON& Tower with Radar,63,33,44,4,144,0,0,22,0,22,63,33,66,4,166,6,0,6,172
09/19/2022,LIT,AR,ASW,ES,Combined TRACON& Tower with Radar,57,41,54,5,157,0,4,37,2,43,57,45,91,7,200,0,0,0,200
09/20/2022,LIT,AR,ASW,ES,Combined TRACON& Tower with Radar,60,47,80,44,231,0,6,45,3,54,60,53,125,47,285,0,16,16,301
09/21/2022,LIT,AR,ASW,ES,Combined TRACON& Tower with Radar,60,73,108,16,257,0,3,62,5,70,60,76,170,21,327,14,10,24,351
09/22/2022,LIT,AR,ASW,ES,Combined TRACON& Tower with Radar,67,48,73,28,216,0,1,63,5,69,67,49,136,33,285,16,40,56,341
09/23/2022,LIT,AR,ASW,ES,Combined TRACON& Tower with Radar,64,43,57,40,204,0,0,63,6,69,64,43,120,46,273,14,10,24,297
09/24/2022,LIT,AR,ASW,ES,Combined TRACON& Tower with Radar,49,33,48,6,136,0,4,47,13,64,49,37,95,19,200,10,0,10,210
09/25/2022,LIT,AR,ASW,ES,Combined TRACON& Tower with Radar,63,28,46,11,148,0,6,76,9,91,63,34,122,20,239,2,0,2,241
09/26/2022,LIT,AR,ASW,ES,Combined TRACON& Tower with Radar,57,31,57,17,162,0,2,62,0,64,57,33,119,17,226,18,12,30,256
09/27/2022,LIT,AR,ASW,ES,Combined TRACON& Tower with Radar,62,45,68,24,199,0,0,60,7,67,62,45,128,31,266,6,6,12,278
09/28/2022,LIT,AR,ASW,ES,Combined TRACON& Tower with Radar,60,45,51,45,201,0,4,61,8,73,60,49,112,53,274,6,16,22,296
09/29/2022,LIT,AR,ASW,ES,Combined TRACON& Tower with Radar,62,46,57,53,218,0,3,53,5,61,62,49,110,58,279,12,20,32,311
09/30/2022,LIT,AR,ASW,ES,Combined TRACON& Tower with Radar,60,37,103,62,262,0,3,43,3,49,60,40,146,65,311,4,12,16,327
10/01/2022,LIT,AR,ASW,ES,Combined TRACON& Tower with Radar,45,25,45,9,124,0,0,40,2,42,45,25,85,11,166,15,0,15,181
10/02/2022,LIT,AR,ASW,ES,Combined TRACON& Tower with Radar,59,34,53,13,159,0,3,51,0,54,59,37,104,13,213,10,2,12,225
10/03/2022,LIT,AR,ASW,ES,Combined TRACON& Tower with Radar,57,28,45,38,168,0,1,56,2,59,57,29,101,40,227,26,20,46,273
10/04/2022,LIT,AR,ASW,ES,Combined TRACON& Tower with Radar,56,38,44,54,192,0,0,52,8,60,56,38,96,62,252,20,16,36,288
10/05/2022,LIT,AR,ASW,ES,Combined TRACON& Tower with Radar,58,32,71,26,187,0,5,64,7,76,58,37,135,33,263,12,32,44,307
10/06/2022,LIT,AR,ASW,ES,Combined TRACON& Tower with Radar,68,40,59,38,205,0,11,39,0,50,68,51,98,38,255,16,2,18,273
10/07/2022,LIT,AR,ASW,ES,Combined TRACON& Tower with Radar,64,29,59,0,152,0,14,47,0,61,64,43,106,0,213,6,0,6,219
10/08/2022,LIT,AR,ASW,ES,Combined TRACON& Tower with Radar,54,34,20,2,110,0,1,41,0,42,54,35,61,2,152,34,0,34,186
10/09/2022,LIT,AR,ASW,ES,Combined TRACON& Tower with Radar,64,28,36,0,128,0,3,51,0,54,64,31,87,0,182,32,0,32,214
10/10/2022,LIT,AR,ASW,ES,Combined TRACON& Tower with Radar,60,30,38,2,130,0,1,29,0,30,60,31,67,2,160,8,0,8,168
10/11/2022,LIT,AR,ASW,ES,Combined TRACON& Tower with Radar,62,31,48,29,170,0,0,41,3,44,62,31,89,32,214,6,22,28,242
10/12/2022,LIT,AR,ASW,ES,Combined TRACON& Tower with Radar,60,42,58,22,182,0,6,19,15,40,60,48,77,37,222,8,32,40,262
10/13/2022,LIT,AR,ASW,ES,Combined TRACON& Tower with Radar,67,38,87,14,206,0,11,46,11,68,67,49,133,25,274,8,30,38,312
10/14/2022,LIT,AR,ASW,ES,Combined TRACON& Tower with Radar,67,44,79,13,203,0,2,38,1,41,67,46,117,14,244,20,16,36,280
10/15/2022,LIT,AR,ASW,ES,Combined TRACON& Tower with Radar,56,21,26,6,109,0,0,12,0,12,56,21,38,6,121,2,4,6,127
10/16/2022,LIT,AR,ASW,ES,Combined TRACON& Tower with Radar,66,39,36,0,141,0,1,18,0,19,66,40,54,0,160,8,0,8,168
10/17/2022,LIT,AR,ASW,ES,Combined TRACON& Tower with Radar,57,26,56,28,167,0,0,46,3,49,57,26,102,31,216,10,8,18,234
10/18/2022,LIT,AR,ASW,ES,Combined TRACON& Tower with Radar,57,37,64,12,170,0,0,36,2,38,57,37,100,14,208,4,8,12,220
10/19/2022,LIT,AR,ASW,ES,Combined TRACON& Tower with Radar,60,40,68,20,188,0,1,35,3,39,60,41,103,23,227,4,12,16,243
10/20/2022,LIT,AR,ASW,ES,Combined TRACON& Tower with Radar,66,40,88,11,205,0,4,46,9,59,66,44,134,20,264,6,8,14,278
10/21/2022,LIT,AR,ASW,ES,Combined TRACON& Tower with Radar,66,38,71,49,224,0,1,52,7,60,66,39,123,56,284,28,34,62,346
10/22/2022,LIT,AR,ASW,ES,Combined TRACON& Tower with Radar,54,24,49,4,131,0,2,33,6,41,54,26,82,10,172,6,0,6,178
10/23/2022,LIT,AR,ASW,ES,Combined TRACON& Tower with Radar,68,34,58,12,172,0,0,26,0,26,68,34,84,12,198,4,2,6,204
10/24/2022,LIT,AR,ASW,ES,Combined TRACON& Tower with Radar,65,26,52,12,155,0,4,12,10,26,65,30,64,22,181,20,56,76,257
10/25/2022,LIT,AR,ASW,ES,Combined TRACON& Tower with Radar,60,57,63,20,200,0,0,4,7,11,60,57,67,27,211,0,22,22,233
10/26/2022,LIT,AR,ASW,ES,Combined TRACON& Tower with Radar,64,46,84,21,215,0,7,58,4,69,64,53,142,25,284,0,36,36,320
10/27/2022,LIT,AR,ASW,ES,Combined TRACON& Tower with Radar,71,46,83,23,223,0,3,59,8,70,71,49,142,31,293,2,32,34,327
10/28/2022,LIT,AR,ASW,ES,Combined TRACON& Tower with Radar,63,41,63,17,184,0,1,28,4,33,63,42,91,21,217,2,38,40,257
10/29/2022,LIT,AR,ASW,ES,Combined TRACON& Tower with Radar,47,21,27,1,96,0,0,6,0,6,47,21,33,1,102,0,0,0,102
10/30/2022,LIT,AR,ASW,ES,Combined TRACON& Tower with Radar,61,33,39,0,133,0,2,1,0,3,61,35,40,0,136,4,0,4,140
10/31/2022,LIT,AR,ASW,ES,Combined TRACON& Tower with Radar,52,24,34,24,134,0,1,38,6,45,52,25,72,30,179,16,28,44,223
11/01/2022,LIT,AR,ASW,ES,Combined TRACON& Tower with Radar,62,30,62,33,187,0,6,44,9,59,62,36,106,42,246,24,24,48,294
11/02/2022,LIT,AR,ASW,ES,Combined TRACON& Tower with Radar,58,28,70,47,203,0,3,55,17,75,58,31,125,64,278,6,78,84,362
11/03/2022,LIT,AR,ASW,ES,Combined TRACON& Tower with Radar,65,43,69,31,208,0,2,44,9,55,65,45,113,40,263,10,58,68,331
11/04/2022,LIT,AR,ASW,ES,Combined TRACON& Tower with Radar,58,38,52,1,149,0,0,12,1,13,58,38,64,2,162,8,2,10,172
11/05/2022,LIT,AR,ASW,ES,Combined TRACON& Tower with Radar,43,33,36,4,116,0,1,33,3,37,43,34,69,7,153,0,34,34,187
11/06/2022,LIT,AR,ASW,ES,Combined TRACON& Tower with Radar,57,33,52,3,145,0,3,35,0,38,57,36,87,3,183,0,0,0,183
11/07/2022,LIT,AR,ASW,ES,Combined TRACON& Tower with Radar,60,36,63,34,193,0,1,1,1,3,60,37,64,35,196,0,2,2,198
11/08/2022,LIT,AR,ASW,ES,Combined TRACON& Tower with Radar,60,43,85,22,210,0,4,18,2,24,60,47,103,24,234,2,10,12,246
11/09/2022,LIT,AR,ASW,ES,Combined TRACON& Tower with Radar,64,45,68,27,204,0,0,50,12,62,64,45,118,39,266,8,32,40,306
11/10/2022,LIT,AR,ASW,ES,Combined TRACON& Tower with Radar,65,36,97,8,206,0,0,57,5,62,65,36,154,13,268,4,40,44,312
11/11/2022,LIT,AR,ASW,ES,Combined TRACON& Tower with Radar,65,40,69,4,178,0,1,12,0,13,65,41,81,4,191,0,0,0,191
11/12/2022,LIT,AR,ASW,ES,Combined TRACON& Tower with Radar,51,38,44,1,134,0,6,45,1,52,51,44,89,2,186,32,0,32,218
11/13/2022,LIT,AR,ASW,ES,Combined TRACON& Tower with Radar,60,33,47,11,151,0,1,35,1,37,60,34,82,12,188,20,0,20,208
11/14/2022,LIT,AR,ASW,ES,Combined TRACON& Tower with Radar,63,41,49,16,169,0,2,17,3,22,63,43,66,19,191,0,14,14,205
11/15/2022,LIT,AR,ASW,ES,Combined TRACON& Tower with Radar,62,24,60,4,150,0,3,16,2,21,62,27,76,6,171,14,4,18,189
11/16/2022,LIT,AR,ASW,ES,Combined TRACON& Tower with Radar,66,39,70,12,187,0,1,38,6,45,66,40,108,18,232,30,18,48,280
11/17/2022,LIT,AR,ASW,ES,Combined TRACON& Tower with Radar,69,48,72,19,208,0,1,56,9,66,69,49,128,28,274,22,16,38,312
11/18/2022,LIT,AR,ASW,ES,Combined TRACON& Tower with Radar,65,51,71,12,199,0,3,43,6,52,65,54,114,18,251,14,20,34,285
11/19/2022,LIT,AR,ASW,ES,Combined TRACON& Tower with Radar,52,33,51,9,145,0,3,32,0,35,52,36,83,9,180,0,2,2,182
11/20/2022,LIT,AR,ASW,ES,Combined TRACON& Tower with Radar,62,37,50,4,153,0,5,38,1,44,62,42,88,5,197,0,2,2,199
11/21/2022,LIT,AR,ASW,ES,Combined TRACON& Tower with Radar,61,32,47,27,167,0,1,41,6,48,61,33,88,33,215,2,40,42,257
11/22/2022,LIT,AR,ASW,ES,Combined TRACON& Tower with Radar,63,37,51,27,178,0,1,41,7,49,63,38,92,34,227,4,38,42,269
11/23/2022,LIT,AR,ASW,ES,Combined TRACON& Tower with Radar,66,35,64,0,165,0,4,41,0,45,66,39,105,0,210,12,0,12,222
11/24/2022,LIT,AR,ASW,ES,Combined TRACON& Tower with Radar,38,18,11,0,67,0,0,0,0,0,38,18,11,0,67,0,0,0,67
11/25/2022,LIT,AR,ASW,ES,Combined TRACON& Tower with Radar,58,32,35,0,125,0,3,5,0,8,58,35,40,0,133,0,0,0,133
11/26/2022,LIT,AR,ASW,ES,Combined TRACON& Tower with Radar,57,44,20,0,121,0,0,3,0,3,57,44,23,0,124,0,0,0,124
11/27/2022,LIT,AR,ASW,ES,Combined TRACON& Tower with Radar,63,33,58,0,154,0,2,8,0,10,63,35,66,0,164,0,0,0,164
11/28/2022,LIT,AR,ASW,ES,Combined TRACON& Tower with Radar,66,26,73,16,181,0,5,44,8,57,66,31,117,24,238,28,30,58,296
11/29/2022,LIT,AR,ASW,ES,Combined TRACON& Tower with Radar,61,28,40,0,129,0,0,3,0,3,61,28,43,0,132,0,0,0,132
11/30/2022,LIT,AR,ASW,ES,Combined TRACON& Tower with Radar,64,65,72,16,217,0,2,53,8,63,64,67,125,24,280,4,40,44,324
12/01/2022,LIT,AR,ASW,ES,Combined TRACON& Tower with Radar,72,35,70,35,212,0,5,54,5,64,72,40,124,40,276,18,40,58,334
12/02/2022,LIT,AR,ASW,ES,Combined TRACON& Tower with Radar,70,48,90,4,212,0,1,14,0,15,70,49,104,4,227,10,0,10,237
12/03/2022,LIT,AR,ASW,ES,Combined TRACON& Tower with Radar,53,26,43,2,124,0,1,50,0,51,53,27,93,2,175,10,0,10,185
12/04/2022,LIT,AR,ASW,ES,Combined TRACON& Tower with Radar,61,35,46,3,145,0,1,6,2,9,61,36,52,5,154,0,0,0,154
12/05/2022,LIT,AR,ASW,ES,Combined TRACON& Tower with Radar,61,30,36,2,129,0,0,0,0,0,61,30,36,2,129,0,0,0,129
12/06/2022,LIT,AR,ASW,ES,Combined TRACON& Tower with Radar,67,31,50,7,155,0,1,2,2,5,67,32,52,9,160,0,34,34,194
12/07/2022,LIT,AR,ASW,ES,Combined TRACON& Tower with Radar,67,41,56,0,164,0,0,0,0,0,67,41,56,0,164,0,0,0,164
12/08/2022,LIT,AR,ASW,ES,Combined TRACON& Tower with Radar,69,42,65,1,177,0,0,0,0,0,69,42,65,1,177,0,0,0,177
12/09/2022,LIT,AR,ASW,ES,Combined TRACON& Tower with Radar,61,41,65,14,181,0,8,21,3,32,61,49,86,17,213,6,60,66,279
12/10/2022,LIT,AR,ASW,ES,Combined TRACON& Tower with Radar,56,19,17,3,95,0,0,0,0,0,56,19,17,3,95,0,0,0,95
12/11/2022,LIT,AR,ASW,ES,Combined TRACON& Tower with Radar,62,30,51,6,149,0,0,1,0,1,62,30,52,6,150,0,0,0,150
12/12/2022,LIT,AR,ASW,ES,Combined TRACON& Tower with Radar,63,25,47,4,139,0,0,1,0,1,63,25,48,4,140,0,0,0,140
12/13/2022,LIT,AR,ASW,ES,Combined TRACON& Tower with Radar,60,28,32,10,130,0,0,0,0,0,60,28,32,10,130,0,0,0,130
12/14/2022,LIT,AR,ASW,ES,Combined TRACON& Tower with Radar,68,27,65,15,175,0,1,19,9,29,68,28,84,24,204,0,58,58,262
12/15/2022,LIT,AR,ASW,ES,Combined TRACON& Tower with Radar,72,42,85,33,232,0,2,66,8,76,72,44,151,41,308,22,30,52,360
12/16/2022,LIT,AR,ASW,ES,Combined TRACON& Tower with Radar,73,40,55,25,193,1,4,37,8,50,74,44,92,33,243,12,34,46,289
12/17/2022,LIT,AR,ASW,ES,Combined TRACON& Tower with Radar,63,29,30,2,124,0,1,27,0,28,63,30,57,2,152,4,0,4,156
12/18/2022,LIT,AR,ASW,ES,Combined TRACON& Tower with Radar,64,24,43,2,133,0,4,60,0,64,64,28,103,2,197,8,0,8,205
12/19/2022,LIT,AR,ASW,ES,Combined TRACON& Tower with Radar,67,33,47,1,148,0,3,37,3,43,67,36,84,4,191,2,20,22,213
12/20/2022,LIT,AR,ASW,ES,Combined TRACON& Tower with Radar,65,46,63,70,244,0,2,68,16,86,65,48,131,86,330,10,62,72,402
12/21/2022,LIT,AR,ASW,ES,Combined TRACON& Tower with Radar,70,37,82,19,208,0,9,42,2,53,70,46,124,21,261,2,4,6,267
12/22/2022,LIT,AR,ASW,ES,Combined TRACON& Tower with Radar,62,25,30,4,121,0,1,0,0,1,62,26,30,4,122,0,0,0,122
12/23/2022,LIT,AR,ASW,ES,Combined TRACON& Tower with Radar,64,26,26,2,118,0,8,13,0,21,64,34,39,2,139,8,0,8,147
12/24/2022,LIT,AR,ASW,ES,Combined TRACON& Tower with Radar,46,24,8,0,78,0,3,32,0,35,46,27,40,0,113,24,0,24,137
12/25/2022,LIT,AR,ASW,ES,Combined TRACON& Tower with Radar,42,22,14,0,78,0,5,16,0,21,42,27,30,0,99,0,0,0,99
12/26/2022,LIT,AR,ASW,ES,Combined TRACON& Tower with Radar,53,21,47,0,121,1,2,35,0,38,54,23,82,0,159,4,0,4,163
12/27/2022,LIT,AR,ASW,ES,Combined TRACON& Tower with Radar,56,33,56,0,145,0,3,32,0,35,56,36,88,0,180,10,0,10,190
12/28/2022,LIT,AR,ASW,ES,Combined TRACON& Tower with Radar,60,23,59,6,148,0,2,38,4,44,60,25,97,10,192,4,2,6,198
12/29/2022,LIT,AR,ASW,ES,Combined TRACON& Tower with Radar,62,24,43,0,129,0,1,4,0,5,62,25,47,0,134,0,0,0,134
12/30/2022,LIT,AR,ASW,ES,Combined TRACON& Tower with Radar,70,25,29,0,124,0,2,1,0,3,70,27,30,0,127,0,0,0,127
12/31/2022,LIT,AR,ASW,ES,Combined TRACON& Tower with Radar,53,20,28,2,103,0,1,5,0,6,53,21,33,2,109,8,0,8,117
01/01/2023,LIT,AR,ASW,ES,Combined TRACON& Tower with Radar,47,22,20,0,89,0,2,15,0,17,47,24,35,0,106,0,0,0,106
01/02/2023,LIT,AR,ASW,ES,Combined TRACON& Tower with Radar,56,19,32,2,109,0,0,0,0,0,56,19,32,2,109,0,0,0,109
01/03/2023,LIT,AR,ASW,ES,Combined TRACON& Tower with Radar,56,38,56,16,166,0,6,24,6,36,56,44,80,22,202,6,32,38,240
01/04/2023,LIT,AR,ASW,ES,Combined TRACON& Tower with Radar,68,30,60,55,213,0,0,43,9,52,68,30,103,64,265,4,74,78,343
01/05/2023,LIT,AR,ASW,ES,Combined TRACON& Tower with Radar,67,35,48,35,185,0,6,37,7,50,67,41,85,42,235,5,42,47,282
01/06/2023,LIT,AR,ASW,ES,Combined TRACON& Tower with Radar,63,23,65,30,181,0,8,54,9,71,63,31,119,39,252,16,50,66,318
01/07/2023,LIT,AR,ASW,ES,Combined TRACON& Tower with Radar,54,17,19,0,90,0,1,7,0,8,54,18,26,0,98,0,0,0,98
01/08/2023,LIT,AR,ASW,ES,Combined TRACON& Tower with Radar,64,20,37,10,131,0,5,31,1,37,64,25,68,11,168,10,8,18,186
01/09/2023,LIT,AR,ASW,ES,Combined TRACON& Tower with Radar,57,36,45,52,190,0,5,44,9,58,57,41,89,61,248,16,46,62,310
01/10/2023,LIT,AR,ASW,ES,Combined TRACON& Tower with Radar,57,33,81,26,197,0,1,37,9,47,57,34,118,35,244,2,46,48,292
01/11/2023,LIT,AR,ASW,ES,Combined TRACON& Tower with Radar,63,42,113,47,265,0,2,27,20,49,63,44,140,67,314,2,52,54,368
01/12/2023,LIT,AR,ASW,ES,Combined TRACON& Tower with Radar,71,37,59,28,195,0,4,10,7,21,71,41,69,35,216,2,40,42,258
01/13/2023,LIT,AR,ASW,ES,Combined TRACON& Tower with Radar,70,22,49,18,159,0,4,46,1,51,70,26,95,19,210,38,14,52,262
01/14/2023,LIT,AR,ASW,ES,Combined TRACON& Tower with Radar,57,18,25,5,105,0,5,42,2,49,57,23,67,7,154,8,0,8,162
01/15/2023,LIT,AR,ASW,ES,Combined TRACON& Tower with Radar,48,27,27,0,102,0,9,22,0,31,48,36,49,0,133,2,0,2,135
01/16/2023,LIT,AR,ASW,ES,Combined TRACON& Tower with Radar,66,21,44,2,133,0,4,14,0,18,66,25,58,2,151,0,0,0,151
01/17/2023,LIT,AR,ASW,ES,Combined TRACON& Tower with Radar,60,46,79,22,207,0,0,35,3,38,60,46,114,25,245,16,28,44,289
01/18/2023,LIT,AR,ASW,ES,Combined TRACON& Tower with Radar,67,24,41,2,134,0,4,5,0,9,67,28,46,2,143,0,0,0,143
01/19/2023,LIT,AR,ASW,ES,Combined TRACON& Tower with Radar,73,33,75,23,204,2,5,32,7,46,75,38,107,30,250,8,46,54,304
01/20/2023,LIT,AR,ASW,ES,Combined TRACON& Tower with Radar,70,24,57,32,183,0,6,46,2,54,70,30,103,34,237,0,26,26,263
01/21/2023,LIT,AR,ASW,ES,Combined TRACON& Tower with Radar,57,20,32,25,134,0,2,36,2,40,57,22,68,27,174,0,0,0,174
01/22/2023,LIT,AR,ASW,ES,Combined TRACON& Tower with Radar,65,22,30,1,118,0,0,1,0,1,65,22,31,1,119,0,0,0,119
01/23/2023,LIT,AR,ASW,ES,Combined TRACON& Tower with Radar,66,22,61,13,162,0,4,68,7,79,66,26,129,20,241,22,28,50,291
01/24/2023,LIT,AR,ASW,ES,Combined TRACON& Tower with Radar,64,25,50,19,158,0,2,17,7,26,64,27,67,26,184,0,4,4,188
01/25/2023,LIT,AR,ASW,ES,Combined TRACON& Tower with Radar,62,34,47,26,169,0,2,7,3,12,62,36,54,29,181,22,38,60,241
01/26/2023,LIT,AR,ASW,ES,Combined TRACON& Tower with Radar,72,37,68,8,185,0,0,65,4,69,72,37,133,12,254,20,22,42,296
01/27/2023,LIT,AR,ASW,ES,Combined TRACON& Tower with Radar,70,27,93,8,198,0,3,43,0,46,70,30,136,8,244,10,0,10,254
01/28/2023,LIT,AR,ASW,ES,Combined TRACON& Tower with Radar,56,24,28,0,108,0,1,7,0,8,56,25,35,0,116,2,0,2,118
01/29/2023,LIT,AR,ASW,ES,Combined TRACON& Tower with Radar,62,22,30,2,116,0,0,0,0,0,62,22,30,2,116,2,0,2,118
01/30/2023,LIT,AR,ASW,ES,Combined TRACON& Tower with Radar,63,20,56,10,149,0,0,0,0,0,63,20,56,10,149,0,0,0,149
01/31/2023,LIT,AR,ASW,ES,Combined TRACON& Tower with Radar,46,13,9,0,68,0,0,0,0,0,46,13,9,0,68,0,0,0,68
02/01/2023,LIT,AR,ASW,ES,Combined TRACON& Tower with Radar,42,28,24,0,94,0,0,0,0,0,42,28,24,0,94,0,0,0,94
02/02/2023,LIT,AR,ASW,ES,Combined TRACON& Tower with Radar,59,25,34,14,132,0,4,10,4,18,59,29,44,18,150,0,60,60,210
02/03/2023,LIT,AR,ASW,ES,Combined TRACON& Tower with Radar,66,23,52,15,156,0,4,61,3,68,66,27,113,18,224,6,4,10,234
02/04/2023,LIT,AR,ASW,ES,Combined TRACON& Tower with Radar,55,13,26,3,97,0,3,47,1,51,55,16,73,4,148,0,26,26,174
02/05/2023,LIT,AR,ASW,ES,Combined TRACON& Tower with Radar,60,13,30,0,103,0,6,33,0,39,60,19,63,0,142,4,0,4,146
02/06/2023,LIT,AR,ASW,ES,Combined TRACON& Tower with Radar,62,28,44,25,159,0,3,21,9,33,62,31,65,34,192,14,40,54,246
02/07/2023,LIT,AR,ASW,ES,Combined TRACON& Tower with Radar,62,37,54,15,168,0,0,33,5,38,62,37,87,20,206,12,34,46,252
02/08/2023,LIT,AR,ASW,ES,Combined TRACON& Tower with Radar,63,31,38,6,138,0,0,0,0,0,63,31,38,6,138,0,0,0,138
02/09/2023,LIT,AR,ASW,ES,Combined TRACON& Tower with Radar,64,25,58,14,161,0,3,36,14,53,64,28,94,28,214,32,14,46,260
02/10/2023,LIT,AR,ASW,ES,Combined TRACON& Tower with Radar,64,18,62,1,145,0,1,10,3,14,64,19,72,4,159,0,0,0,159
02/11/2023,LIT,AR,ASW,ES,Combined TRACON& Tower with Radar,56,33,33,3,125,0,3,36,4,43,56,36,69,7,168,16,0,16,184
02/12/2023,LIT,AR,ASW,ES,Combined TRACON& Tower with Radar,60,26,26,0,112,0,2,25,1,28,60,28,51,1,140,14,0,14,154
02/13/2023,LIT,AR,ASW,ES,Combined TRACON& Tower with Radar,64,23,46,30,163,0,2,43,10,55,64,25,89,40,218,30,72,102,320
02/14/2023,LIT,AR,ASW,ES,Combined TRACON& Tower with Radar,64,39,42,9,154,0,2,9,4,15,64,41,51,13,169,0,12,12,181
02/15/2023,LIT,AR,ASW,ES,Combined TRACON& Tower with Radar,61,31,86,47,225,0,1,28,14,43,61,32,114,61,268,40,66,106,374
02/16/2023,LIT,AR,ASW,ES,Combined TRACON& Tower with Radar,65,42,54,13,174,0,4,14,3,21,65,46,68,16,195,16,28,44,239
02/17/2023,LIT,AR,ASW,ES,Combined TRACON& Tower with Radar,73,31,68,17,189,0,3,53,6,62,73,34,121,23,251,18,20,38,289
02/18/2023,LIT,AR,ASW,ES,Combined TRACON& Tower with Radar,59,22,41,0,122,0,3,55,0,58,59,25,96,0,180,20,0,20,200
02/19/2023,LIT,AR,ASW,ES,Combined TRACON& Tower with Radar,60,22,29,2,113,0,3,20,1,24,60,25,49,3,137,2,2,4,141
02/20/2023,LIT,AR,ASW,ES,Combined TRACON& Tower with Radar,66,23,55,0,144,0,2,41,1,44,66,25,96,1,188,14,0,14,202
02/21/2023,LIT,AR,ASW,ES,Combined TRACON& Tower with Radar,66,53,79,52,250,0,1,36,5,42,66,54,115,57,292,8,36,44,336
02/22/2023,LIT,AR,ASW,ES,Combined TRACON& Tower with Radar,70,23,33,16,142,0,2,5,0,7,70,25,38,16,149,6,0,6,155
02/23/2023,LIT,AR,ASW,ES,Combined TRACON& Tower with Radar,69,37,83,15,204,0,1,31,15,47,69,38,114,30,251,0,28,28,279
02/24/2023,LIT,AR,ASW,ES,Combined TRACON& Tower with Radar,71,30,43,14,158,0,0,2,0,2,71,30,45,14,160,0,0,0,160
02/25/2023,LIT,AR,ASW,ES,Combined TRACON& Tower with Radar,56,22,32,0,110,0,0,0,0,0,56,22,32,0,110,0,0,0,110
02/26/2023,LIT,AR,ASW,ES,Combined TRACON& Tower with Radar,62,32,31,2,127,0,1,0,0,1,62,33,31,2,128,0,0,0,128
02/27/2023,LIT,AR,ASW,ES,Combined TRACON& Tower with Radar,68,32,49,16,165,0,2,28,11,41,68,34,77,27,206,6,48,54,260
02/28/2023,LIT,AR,ASW,ES,Combined TRACON& Tower with Radar,64,47,74,44,229,0,2,62,11,75,64,49,136,55,304,16,74,90,394
03/01/2023,LIT,AR,ASW,ES,Combined TRACON& Tower with Radar,71,20,59,12,162,0,0,3,0,3,71,20,62,12,165,4,0,4,169
03/02/2023,LIT,AR,ASW,ES,Combined TRACON& Tower with Radar,70,28,33,4,135,0,0,0,0,0,70,28,33,4,135,0,0,0,135
03/03/2023,LIT,AR,ASW,ES,Combined TRACON& Tower with Radar,80,27,34,4,145,0,1,6,6,13,80,28,40,10,158,8,42,50,208
03/04/2023,LIT,AR,ASW,ES,Combined TRACON& Tower with Radar,61,29,36,24,150,0,2,67,5,74,61,31,103,29,224,4,22,26,250
03/05/2023,LIT,AR,ASW,ES,Combined TRACON& Tower with Radar,61,33,45,2,141,0,1,45,1,47,61,34,90,3,188,6,0,6,194
03/06/2023,LIT,AR,ASW,ES,Combined TRACON& Tower with Radar,68,24,52,20,164,0,0,40,10,50,68,24,92,30,214,2,52,54,268
03/07/2023,LIT,AR,ASW,ES,Combined TRACON& Tower with Radar,63,31,66,7,167,0,6,65,4,75,63,37,131,11,242,6,40,46,288
03/08/2023,LIT,AR,ASW,ES,Combined TRACON& Tower with Radar,71,34,54,15,174,0,1,8,1,10,71,35,62,16,184,16,14,30,214
03/09/2023,LIT,AR,ASW,ES,Combined TRACON& Tower with Radar,70,35,52,8,165,0,0,0,0,0,70,35,52,8,165,0,0,0,165
03/10/2023,LIT,AR,ASW,ES,Combined TRACON& Tower with Radar,68,23,56,51,198,0,4,61,7,72,68,27,117,58,270,20,48,68,338
03/11/2023,LIT,AR,ASW,ES,Combined TRACON& Tower with Radar,57,22,27,0,106,0,2,2,1,5,57,24,29,1,111,0,0,0,111
03/12/2023,LIT,AR,ASW,ES,Combined TRACON& Tower with Radar,62,17,28,12,119,0,3,23,1,27,62,20,51,13,146,2,0,2,148
03/13/2023,LIT,AR,ASW,ES,Combined TRACON& Tower with Radar,68,25,62,19,174,0,5,58,5,68,68,30,120,24,242,34,30,64,306
03/14/2023,LIT,AR,ASW,ES,Combined TRACON& Tower with Radar,63,30,51,4,148,0,1,82,2,85,63,31,133,6,233,24,24,48,281
03/15/2023,LIT,AR,ASW,ES,Combined TRACON& Tower with Radar,66,47,66,10,189,0,2,70,8,80,66,49,136,18,269,2,36,38,307
03/16/2023,LIT,AR,ASW,ES,Combined TRACON& Tower with Radar,67,29,46,3,145,0,2,6,1,9,67,31,52,4,154,0,12,12,166
03/17/2023,LIT,AR,ASW,ES,Combined TRACON& Tower with Radar,72,28,57,45,202,0,4,22,7,33,72,32,79,52,235,12,38,50,285
03/18/2023,LIT,AR,ASW,ES,Combined TRACON& Tower with Radar,59,35,51,11,156,0,5,23,3,31,59,40,74,14,187,0,0,0,187
03/19/2023,LIT,AR,ASW,ES,Combined TRACON& Tower with Radar,59,21,44,4,128,0,10,36,1,47,59,31,80,5,175,2,0,2,177
03/20/2023,LIT,AR,ASW,ES,Combined TRACON& Tower with Radar,64,26,45,24,159,0,7,36,3,46,64,33,81,27,205,2,20,22,227
03/21/2023,LIT,AR,ASW,ES,Combined TRACON& Tower with Radar,64,30,42,3,139,0,2,8,2,12,64,32,50,5,151,6,4,10,161
03/22/2023,LIT,AR,ASW,ES,Combined TRACON& Tower with Radar,68,38,64,7,177,0,3,7,6,16,68,41,71,13,193,4,32,36,229
03/23/2023,LIT,AR,ASW,ES,Combined TRACON& Tower with Radar,74,25,63,16,178,0,2,29,2,33,74,27,92,18,211,2,26,28,239
03/24/2023,LIT,AR,ASW,ES,Combined TRACON& Tower with Radar,65,28,32,0,125,0,1,2,0,3,65,29,34,0,128,4,0,4,132
03/25/2023,LIT,AR,ASW,ES,Combined TRACON& Tower with Radar,55,40,62,9,166,0,4,49,1,54,55,44,111,10,220,12,6,18,238
03/26/2023,LIT,AR,ASW,ES,Combined TRACON& Tower with Radar,66,24,56,6,152,0,5,29,2,36,66,29,85,8,188,10,0,10,198
03/27/2023,LIT,AR,ASW,ES,Combined TRACON& Tower with Radar,72,14,59,11,156,0,4,53,3,60,72,18,112,14,216,16,4,20,236
03/28/2023,LIT,AR,ASW,ES,Combined TRACON& Tower with Radar,65,36,61,10,172,0,3,59,0,62,65,39,120,10,234,12,0,12,246
03/29/2023,LIT,AR,ASW,ES,Combined TRACON& Tower with Radar,69,25,57,19,170,0,0,48,7,55,69,25,105,26,225,22,14,36,261
03/30/2023,LIT,AR,ASW,ES,Combined TRACON& Tower with Radar,73,28,84,4,189,0,2,25,0,27,73,30,109,4,216,6,0,6,222
03/31/2023,LIT,AR,ASW,ES,Combined TRACON& Tower with Radar,71,15,26,0,112,0,3,1,0,4,71,18,27,0,116,0,0,0,116
04/01/2023,LIT,AR,ASW,ES,Combined TRACON& Tower with Radar,54,23,26,2,105,0,6,38,0,44,54,29,64,2,149,2,0,2,151
04/02/2023,LIT,AR,ASW,ES,Combined TRACON& Tower with Radar,62,30,49,2,143,0,3,31,2,36,62,33,80,4,179,14,0,14,193
04/03/2023,LIT,AR,ASW,ES,Combined TRACON& Tower with Radar,74,14,61,8,157,0,2,15,0,17,74,16,76,8,174,0,0,0,174
04/04/2023,LIT,AR,ASW,ES,Combined TRACON& Tower with Radar,71,29,55,7,162,0,7,15,1,23,71,36,70,8,185,6,2,8,193
04/05/2023,LIT,AR,ASW,ES,Combined TRACON& Tower with Radar,67,25,47,0,139,0,2,4,0,6,67,27,51,0,145,0,0,0,145
04/06/2023,LIT,AR,ASW,ES,Combined TRACON& Tower with Radar,71,30,64,5,170,0,2,42,2,46,71,32,106,7,216,34,2,36,252
04/07/2023,LIT,AR,ASW,ES,Combined TRACON& Tower with Radar,65,30,51,52,198,0,6,30,6,42,65,36,81,58,240,18,18,36,276
04/08/2023,LIT,AR,ASW,ES,Combined TRACON& Tower with Radar,53,22,32,0,107,0,0,44,0,44,53,22,76,0,151,0,0,0,151
04/09/2023,LIT,AR,ASW,ES,Combined TRACON& Tower with Radar,60,24,18,0,102,0,1,13,0,14,60,25,31,0,116,0,0,0,116
04/10/2023,LIT,AR,ASW,ES,Combined TRACON& Tower with Radar,65,24,69,10,168,0,0,49,0,49,65,24,118,10,217,9,0,9,226
04/11/2023,LIT,AR,ASW,ES,Combined TRACON& Tower with Radar,62,38,69,19,188,0,4,78,1,83,62,42,147,20,271,19,16,35,306
04/12/2023,LIT,AR,ASW,ES,Combined TRACON& Tower with Radar,63,24,78,27,192,0,0,57,2,59,63,24,135,29,251,18,14,32,283
04/13/2023,LIT,AR,ASW,ES,Combined TRACON& Tower with Radar,71,35,85,33,224,0,4,56,6,66,71,39,141,39,290,4,4,8,298
04/14/2023,LIT,AR,ASW,ES,Combined TRACON& Tower with Radar,66,27,78,10,181,0,1,47,2,50,66,28,125,12,231,0,0,0,231
04/15/2023,LIT,AR,ASW,ES,Combined TRACON& Tower with Radar,58,21,37,1,117,0,4,13,1,18,58,25,50,2,135,2,0,2,137
04/16/2023,LIT,AR,ASW,ES,Combined TRACON& Tower with Radar,64,28,48,1,141,0,3,18,1,22,64,31,66,2,163,0,0,0,163
04/17/2023,LIT,AR,ASW,ES,Combined TRACON& Tower with Radar,65,35,83,20,203,0,3,80,2,85,65,38,163,22,288,20,20,40,328
04/18/2023,LIT,AR,ASW,ES,Combined TRACON& Tower with Radar,61,28,57,0,146,0,2,45,1,48,61,30,102,1,194,2,0,2,196
04/19/2023,LIT,AR,ASW,ES,Combined TRACON& Tower with Radar,65,37,81,0,183,0,1,40,0,41,65,38,121,0,224,4,0,4,228
04/20/2023,LIT,AR,ASW,ES,Combined TRACON& Tower with Radar,59,35,60,5,159,0,3,12,1,16,59,38,72,6,175,2,6,8,183
04/21/2023,LIT,AR,ASW,ES,Combined TRACON& Tower with Radar,73,26,69,5,173,0,3,15,0,18,73,29,84,5,191,0,0,0,191
04/22/2023,LIT,AR,ASW,ES,Combined TRACON& Tower with Radar,55,34,34,4,127,0,7,36,0,43,55,41,70,4,170,8,2,10,180
04/23/2023,LIT,AR,ASW,ES,Combined TRACON& Tower with Radar,64,31,35,19,149,0,1,43,0,44,64,32,78,19,193,6,0,6,199
04/24/2023,LIT,AR,ASW,ES,Combined TRACON& Tower with Radar,66,28,50,27,171,0,2,52,3,57,66,30,102,30,228,6,14,20,248
04/25/2023,LIT,AR,ASW,ES,Combined TRACON& Tower with Radar,62,30,64,1,157,0,7,18,2,27,62,37,82,3,184,2,14,16,200
04/26/2023,LIT,AR,ASW,ES,Combined TRACON& Tower with Radar,56,31,68,12,167,0,3,7,4,14,56,34,75,16,181,2,20,22,203
04/27/2023,LIT,AR,ASW,ES,Combined TRACON& Tower with Radar,67,34,81,7,189,0,1,3,1,5,67,35,84,8,194,0,0,0,194
04/28/2023,LIT,AR,ASW,ES,Combined TRACON& Tower with Radar,62,31,69,32,194,1,2,25,2,30,63,33,94,34,224,16,24,40,264
04/29/2023,LIT,AR,ASW,ES,Combined TRACON& Tower with Radar,60,22,20,0,102,0,2,8,1,11,60,24,28,1,113,0,0,0,113
04/30/2023,LIT,AR,ASW,ES,Combined TRACON& Tower with Radar,63,35,40,0,138,0,2,30,3,35,63,37,70,3,173,10,0,10,183
05/01/2023,LIT,AR,ASW,ES,Combined TRACON& Tower with Radar,67,30,56,16,169,0,0,25,3,28,67,30,81,19,197,29,34,63,260
05/02/2023,LIT,AR,ASW,ES,Combined TRACON& Tower with Radar,61,30,59,24,174,0,2,31,2,35,61,32,90,26,209,13,2,15,224
05/03/2023,LIT,AR,ASW,ES,Combined TRACON& Tower with Radar,65,29,87,14,195,0,3,53,6,62,65,32,140,20,257,32,26,58,315
05/04/2023,LIT,AR,ASW,ES,Combined TRACON& Tower with Radar,68,40,70,6,184,0,5,46,2,53,68,45,116,8,237,14,2,16,253
05/05/2023,LIT,AR,ASW,ES,Combined TRACON& Tower with Radar,70,30,72,4,176,0,4,5,0,9,70,34,77,4,185,6,2,8,193
05/06/2023,LIT,AR,ASW,ES,Combined TRACON& Tower with Radar,58,31,28,4,121,0,2,2,0,4,58,33,30,4,125,0,0,0,125
05/07/2023,LIT,AR,ASW,ES,Combined TRACON& Tower with Radar,60,39,35,0,134,0,1,11,2,14,60,40,46,2,148,2,0,2,150
05/08/2023,LIT,AR,ASW,ES,Combined TRACON& Tower with Radar,69,43,54,24,190,0,1,37,4,42,69,44,91,28,232,6,26,32,264
05/09/2023,LIT,AR,ASW,ES,Combined TRACON& Tower with Radar,64,29,58,15,166,0,4,52,5,61,64,33,110,20,227,21,12,33,260
05/10/2023,LIT,AR,ASW,ES,Combined TRACON& Tower with Radar,66,31,57,13,167,0,4,13,1,18,66,35,70,14,185,4,2,6,191
05/11/2023,LIT,AR,ASW,ES,Combined TRACON& Tower with Radar,67,35,50,0,152,0,0,0,0,0,67,35,50,0,152,0,0,0,152
05/12/2023,LIT,AR,ASW,ES,Combined TRACON& Tower with Radar,72,39,51,0,162,0,2,16,0,18,72,41,67,0,180,0,0,0,180
05/13/2023,LIT,AR,ASW,ES,Combined TRACON& Tower with Radar,55,28,39,0,122,0,3,24,0,27,55,31,63,0,149,6,0,6,155
05/14/2023,LIT,AR,ASW,ES,Combined TRACON& Tower with Radar,67,30,32,2,131,0,3,46,0,49,67,33,78,2,180,6,0,6,186
05/15/2023,LIT,AR,ASW,ES,Combined TRACON& Tower with Radar,72,38,80,5,195,0,8,30,3,41,72,46,110,8,236,12,4,16,252
05/16/2023,LIT,AR,ASW,ES,Combined TRACON& Tower with Radar,62,46,79,18,205,0,0,41,5,46,62,46,120,23,251,14,12,26,277
05/17/2023,LIT,AR,ASW,ES,Combined TRACON& Tower with Radar,67,35,75,30,207,0,0,35,6,41,67,35,110,36,248,26,16,42,290
05/18/2023,LIT,AR,ASW,ES,Combined TRACON& Tower with Radar,73,42,81,27,223,0,3,67,8,78,73,45,148,35,301,24,38,62,363
05/19/2023,LIT,AR,ASW,ES,Combined TRACON& Tower with Radar,71,32,49,3,155,0,3,31,0,34,71,35,80,3,189,16,0,16,205
05/20/2023,LIT,AR,ASW,ES,Combined TRACON& Tower with Radar,56,32,39,1,128,0,5,20,0,25,56,37,59,1,153,2,0,2,155
05/21/2023,LIT,AR,ASW,ES,Combined TRACON& Tower with Radar,64,27,31,4,126,0,1,25,3,29,64,28,56,7,155,10,2,12,167
05/22/2023,LIT,AR,ASW,ES,Combined TRACON& Tower with Radar,68,38,67,7,180,0,0,55,4,59,68,38,122,11,239,32,22,54,293
05/23/2023,LIT,AR,ASW,ES,Combined TRACON& Tower with Radar,62,31,61,7,161,0,0,50,2,52,62,31,111,9,213,26,4,30,243
05/24/2023,LIT,AR,ASW,ES,Combined TRACON& Tower with Radar,68,37,55,6,166,0,1,48,2,51,68,38,103,8,217,24,12,36,253
05/25/2023,LIT,AR,ASW,ES,Combined TRACON& Tower with Radar,72,34,65,7,178,0,4,40,6,50,72,38,105,13,228,8,0,8,236
05/26/2023,LIT,AR,ASW,ES,Combined TRACON& Tower with Radar,74,35,51,0,160,0,2,40,0,42,74,37,91,0,202,21,0,21,223
05/27/2023,LIT,AR,ASW,ES,Combined TRACON& Tower with Radar,53,28,31,1,113,0,3,59,0,62,53,31,90,1,175,10,0,10,185
05/28/2023,LIT,AR,ASW,ES,Combined TRACON& Tower with Radar,57,28,16,1,102,0,8,35,0,43,57,36,51,1,145,16,0,16,161
05/29/2023,LIT,AR,ASW,ES,Combined TRACON& Tower with Radar,69,30,23,1,123,0,4,28,0,32,69,34,51,1,155,6,0,6,161
05/30/2023,LIT,AR,ASW,ES,Combined TRACON& Tower with Radar,62,28,63,19,172,0,5,54,2,61,62,33,117,21,233,10,22,32,265
05/31/2023,LIT,AR,ASW,ES,Combined TRACON& Tower with Radar,75,29,55,17,176,0,1,34,2,37,75,30,89,19,213,16,2,18,231
06/01/2023,LIT,AR,ASW,ES,Combined TRACON& Tower with Radar,70,40,71,10,191,0,5,35,6,46,70,45,106,16,237,10,8,18,255
06/02/2023,LIT,AR,ASW,ES,Combined TRACON& Tower with Radar,68,33,56,54,211,0,1,43,2,46,68,34,99,56,257,18,26,44,301
06/03/2023,LIT,AR,ASW,ES,Combined TRACON& Tower with Radar,51,35,26,26,138,0,2,29,3,34,51,37,55,29,172,2,4,6,178
06/04/2023,LIT,AR,ASW,ES,Combined TRACON& Tower with Radar,65,40,54,1,160,0,3,26,0,29,65,43,80,1,189,0,0,0,189
06/05/2023,LIT,AR,ASW,ES,Combined TRACON& Tower with Radar,68,36,40,18,162,0,2,29,4,35,68,38,69,22,197,24,6,30,227
06/06/2023,LIT,AR,ASW,ES,Combined TRACON& Tower with Radar,62,31,57,20,170,0,2,38,6,46,62,33,95,26,216,22,22,44,260
06/07/2023,LIT,AR,ASW,ES,Combined TRACON& Tower with Radar,73,47,65,16,201,0,2,42,3,47,73,49,107,19,248,41,18,59,307
06/08/2023,LIT,AR,ASW,ES,Combined TRACON& Tower with Radar,71,39,65,30,205,0,3,33,0,36,71,42,98,30,241,29,0,29,270
06/09/2023,LIT,AR,ASW,ES,Combined TRACON& Tower with Radar,73,38,60,12,183,0,2,7,0,9,73,40,67,12,192,0,0,0,192
06/10/2023,LIT,AR,ASW,ES,Combined TRACON& Tower with Radar,48,32,23,0,103,0,1,15,0,16,48,33,38,0,119,26,0,26,145
06/11/2023,LIT,AR,ASW,ES,Combined TRACON& Tower with Radar,75,31,45,0,151,0,0,8,2,10,75,31,53,2,161,0,0,0,161
06/12/2023,LIT,AR,ASW,ES,Combined TRACON& Tower with Radar,70,35,74,16,195,0,1,28,2,31,70,36,102,18,226,6,16,22,248
06/13/2023,LIT,AR,ASW,ES,Combined TRACON& Tower with Radar,61,34,59,14,168,0,3,24,4,31,61,37,83,18,199,6,8,14,213
06/14/2023,LIT,AR,ASW,ES,Combined TRACON& Tower with Radar,69,38,68,20,195,0,0,13,6,19,69,38,81,26,214,34,18,52,266
06/15/2023,LIT,AR,ASW,ES,Combined TRACON& Tower with Radar,71,44,75,43,233,0,8,20,10,38,71,52,95,53,271,28,48,76,347
06/16/2023,LIT,AR,ASW,ES,Combined TRACON& Tower with Radar,75,34,67,10,186,0,2,15,0,17,75,36,82,10,203,28,12,40,243
06/17/2023,LIT,AR,ASW,ES,Combined TRACON& Tower with Radar,52,40,41,4,137,0,1,37,0,38,52,41,78,4,175,10,0,10,185
06/18/2023,LIT,AR,ASW,ES,Combined TRACON& Tower with Radar,65,28,31,0,124,0,4,14,0,18,65,32,45,0,142,0,0,0,142
06/19/2023,LIT,AR,ASW,ES,Combined TRACON& Tower with Radar,71,29,38,2,140,0,4,41,0,45,71,33,79,2,185,4,0,4,189
06/20/2023,LIT,AR,ASW,ES,Combined TRACON& Tower with Radar,62,33,42,44,181,0,1,52,10,63,62,34,94,54,244,18,32,50,294
06/21/2023,LIT,AR,ASW,ES,Combined TRACON& Tower with Radar,72,28,71,33,204,0,6,57,11,74,72,34,128,44,278,10,42,52,330
06/22/2023,LIT,AR,ASW,ES,Combined TRACON& Tower with Radar,73,35,64,53,225,0,2,32,11,45,73,37,96,64,270,6,30,36,306
06/23/2023,LIT,AR,ASW,ES,Combined TRACON& Tower with Radar,73,34,50,13,170,0,3,21,8,32,73,37,71,21,202,2,14,16,218
06/24/2023,LIT,AR,ASW,ES,Combined TRACON& Tower with Radar,53,33,33,0,119,0,2,33,2,37,53,35,66,2,156,12,0,12,168
06/25/2023,LIT,AR,ASW,ES,Combined TRACON& Tower with Radar,60,29,45,10,144,0,5,9,0,14,60,34,54,10,158,0,0,0,158
06/26/2023,LIT,AR,ASW,ES,Combined TRACON& Tower with Radar,73,30,56,28,187,0,6,42,19,67,73,36,98,47,254,28,16,44,298
06/27/2023,LIT,AR,ASW,ES,Combined TRACON& Tower with Radar,59,39,48,15,161,0,2,28,1,31,59,41,76,16,192,8,2,10,202
06/28/2023,LIT,AR,ASW,ES,Combined TRACON& Tower with Radar,68,34,67,11,180,0,4,42,8,54,68,38,109,19,234,16,14,30,264
06/29/2023,LIT,AR,ASW,ES,Combined TRACON& Tower with Radar,74,32,51,10,167,0,7,53,3,63,74,39,104,13,230,24,4,28,258
06/30/2023,LIT,AR,ASW,ES,Combined TRACON& Tower with Radar,70,36,77,5,188,0,4,32,3,39,70,40,109,8,227,2,12,14,241
07/01/2023,LIT,AR,ASW,ES,Combined TRACON& Tower with Radar,57,29,34,0,120,0,2,16,0,18,57,31,50,0,138,12,0,12,150
07/02/2023,LIT,AR,ASW,ES,Combined TRACON& Tower with Radar,68,19,18,0,105,0,1,15,0,16,68,20,33,0,121,4,0,4,125
07/03/2023,LIT,AR,ASW,ES,Combined TRACON& Tower with Radar,61,19,24,0,104,0,3,21,0,24,61,22,45,0,128,4,0,4,132
07/04/2023,LIT,AR,ASW,ES,Combined TRACON& Tower with Radar,54,18,15,1,88,0,0,15,0,15,54,18,30,1,103,0,0,0,103
07/05/2023,LIT,AR,ASW,ES,Combined TRACON& Tower with Radar,70,26,54,12,162,0,5,12,0,17,70,31,66,12,179,0,2,2,181
07/06/2023,LIT,AR,ASW,ES,Combined TRACON& Tower with Radar,68,27,71,11,177,0,4,23,1,28,68,31,94,12,205,28,0,28,233
07/07/2023,LIT,AR,ASW,ES,Combined TRACON& Tower with Radar,75,28,67,5,175,0,4,16,1,21,75,32,83,6,196,6,14,20,216
07/08/2023,LIT,AR,ASW,ES,Combined TRACON& Tower with Radar,57,27,30,0,114,0,3,21,0,24,57,30,51,0,138,12,0,12,150
07/09/2023,LIT,AR,ASW,ES,Combined TRACON& Tower with Radar,65,28,31,0,124,0,1,5,0,6,65,29,36,0,130,0,0,0,130
07/10/2023,LIT,AR,ASW,ES,Combined TRACON& Tower with Radar,70,23,60,24,177,0,3,24,10,37,70,26,84,34,214,32,38,70,284
07/11/2023,LIT,AR,ASW,ES,Combined TRACON& Tower with Radar,61,35,59,13,168,0,1,23,1,25,61,36,82,14,193,10,6,16,209
07/12/2023,LIT,AR,ASW,ES,Combined TRACON& Tower with Radar,76,33,88,15,212,0,0,29,2,31,76,33,117,17,243,32,8,40,283
07/13/2023,LIT,AR,ASW,ES,Combined TRACON& Tower with Radar,72,34,49,4,159,0,2,48,3,53,72,36,97,7,212,26,6,32,244
07/14/2023,LIT,AR,ASW,ES,Combined TRACON& Tower with Radar,75,32,38,37,182,1,6,21,1,29,76,38,59,38,211,26,14,40,251
07/15/2023,LIT,AR,ASW,ES,Combined TRACON& Tower with Radar,56,37,35,41,169,0,9,30,1,40,56,46,65,42,209,34,14,48,257
07/16/2023,LIT,AR,ASW,ES,Combined TRACON& Tower with Radar,66,29,32,13,140,0,6,33,0,39,66,35,65,13,179,32,2,34,213
07/17/2023,LIT,AR,ASW,ES,Combined TRACON& Tower with Radar,72,37,60,31,200,0,5,35,7,47,72,42,95,38,247,20,20,40,287
07/18/2023,LIT,AR,ASW,ES,Combined TRACON& Tower with Radar,66,40,55,23,184,0,1,58,3,62,66,41,113,26,246,24,4,28,274
07/19/2023,LIT,AR,ASW,ES,Combined TRACON& Tower with Radar,72,40,49,32,193,0,2,46,6,54,72,42,95,38,247,16,20,36,283
07/20/2023,LIT,AR,ASW,ES,Combined TRACON& Tower with Radar,70,33,63,24,190,0,2,32,0,34,70,35,95,24,224,8,0,8,232
07/21/2023,LIT,AR,ASW,ES,Combined TRACON& Tower with Radar,79,32,41,3,155,0,4,13,0,17,79,36,54,3,172,4,0,4,176
07/22/2023,LIT,AR,ASW,ES,Combined TRACON& Tower with Radar,57,41,36,6,140,0,6,33,2,41,57,47,69,8,181,20,4,24,205
07/23/2023,LIT,AR,ASW,ES,Combined TRACON& Tower with Radar,64,35,31,1,131,0,3,29,1,33,64,38,60,2,164,0,0,0,164
07/24/2023,LIT,AR,ASW,ES,Combined TRACON& Tower with Radar,77,31,53,16,177,0,3,39,2,44,77,34,92,18,221,21,20,41,262
07/25/2023,LIT,AR,ASW,ES,Combined TRACON& Tower with Radar,64,32,45,27,168,0,1,46,2,49,64,33,91,29,217,33,2,35,252
07/26/2023,LIT,AR,ASW,ES,Combined TRACON& Tower with Radar,73,38,55,8,174,0,5,31,5,41,73,43,86,13,215,18,0,18,233
07/27/2023,LIT,AR,ASW,ES,Combined TRACON& Tower with Radar,73,43,66,21,203,0,4,48,6,58,73,47,114,27,261,86,18,104,365
07/28/2023,LIT,AR,ASW,ES,Combined TRACON& Tower with Radar,71,30,49,9,159,0,0,39,1,40,71,30,88,10,199,50,0,50,249
07/29/2023,LIT,AR,ASW,ES,Combined TRACON& Tower with Radar,56,38,35,0,129,0,3,37,0,40,56,41,72,0,169,8,0,8,177
07/30/2023,LIT,AR,ASW,ES,Combined TRACON& Tower with Radar,72,29,26,24,151,0,5,18,0,23,72,34,44,24,174,6,0,6,180
07/31/2023,LIT,AR,ASW,ES,Combined TRACON& Tower with Radar,74,33,57,17,181,0,6,28,3,37,74,39,85,20,218,90,16,106,324
08/01/2023,LIT,AR,ASW,ES,Combined TRACON& Tower with Radar,67,31,57,10,165,0,3,36,2,41,67,34,93,12,206,42,16,58,264
08/02/2023,LIT,AR,ASW,ES,Combined TRACON& Tower with Radar,77,23,54,14,168,0,3,43,0,46,77,26,97,14,214,18,8,26,240
08/03/2023,LIT,AR,ASW,ES,Combined TRACON& Tower with Radar,74,31,48,17,170,0,7,40,3,50,74,38,88,20,220,3,18,21,241
08/04/2023,LIT,AR,ASW,ES,Combined TRACON& Tower with Radar,80,25,56,2,163,0,4,22,0,26,80,29,78,2,189,16,0,16,205
08/05/2023,LIT,AR,ASW,ES,Combined TRACON& Tower with Radar,58,26,34,5,123,0,4,25,1,30,58,30,59,6,153,12,2,14,167
08/06/2023,LIT,AR,ASW,ES,Combined TRACON& Tower with Radar,69,23,30,1,123,0,1,24,0,25,69,24,54,1,148,22,0,22,170
08/07/2023,LIT,AR,ASW,ES,Combined TRACON& Tower with Radar,74,28,29,7,138,0,1,23,1,25,74,29,52,8,163,14,14,28,191
08/08/2023,LIT,AR,ASW,ES,Combined TRACON& Tower with Radar,66,29,51,19,165,0,1,17,1,19,66,30,68,20,184,30,10,40,224
08/09/2023,LIT,AR,ASW,ES,Combined TRACON& Tower with Radar,77,34,57,17,185,0,3,19,1,23,77,37,76,18,208,28,30,58,266
08/10/2023,LIT,AR,ASW,ES,Combined TRACON& Tower with Radar,80,37,52,9,178,0,0,18,1,19,80,37,70,10,197,2,1,3,200
08/11/2023,LIT,AR,ASW,ES,Combined TRACON& Tower with Radar,80,27,35,60,202,0,3,35,0,38,80,30,70,60,240,6,16,22,262
08/12/2023,LIT,AR,ASW,ES,Combined TRACON& Tower with Radar,57,24,28,8,117,0,3,29,9,41,57,27,57,17,158,30,0,30,188
08/13/2023,LIT,AR,ASW,ES,Combined TRACON& Tower with Radar,74,34,36,3,147,0,6,22,2,30,74,40,58,5,177,4,0,4,181
08/14/2023,LIT,AR,ASW,ES,Combined TRACON& Tower with Radar,75,26,46,28,175,0,3,35,2,40,75,29,81,30,215,2,16,18,233
08/15/2023,LIT,AR,ASW,ES,Combined TRACON& Tower with Radar,70,34,64,12,180,0,4,42,1,47,70,38,106,13,227,20,22,42,269
08/16/2023,LIT,AR,ASW,ES,Combined TRACON& Tower with Radar,74,32,61,11,178,0,4,38,1,43,74,36,99,12,221,44,4,48,269
08/17/2023,LIT,AR,ASW,ES,Combined TRACON& Tower with Radar,74,38,56,10,178,0,2,51,1,54,74,40,107,11,232,28,0,28,260
08/18/2023,LIT,AR,ASW,ES,Combined TRACON& Tower with Radar,77,31,59,47,214,0,1,40,1,42,77,32,99,48,256,2,16,18,274
08/19/2023,LIT,AR,ASW,ES,Combined TRACON& Tower with Radar,62,27,22,1,112,0,5,29,1,35,62,32,51,2,147,20,0,20,167
08/20/2023,LIT,AR,ASW,ES,Combined TRACON& Tower with Radar,74,23,37,1,135,0,4,14,1,19,74,27,51,2,154,18,0,18,172
08/21/2023,LIT,AR,ASW,ES,Combined TRACON& Tower with Radar,74,26,56,58,214,0,0,20,6,26,74,26,76,64,240,24,34,58,298
08/22/2023,LIT,AR,ASW,ES,Combined TRACON& Tower with Radar,72,36,56,21,185,0,3,48,4,55,72,39,104,25,240,24,20,44,284
08/23/2023,LIT,AR,ASW,ES,Combined TRACON& Tower with Radar,72,30,63,10,175,0,0,33,4,37,72,30,96,14,212,12,40,52,264
08/24/2023,LIT,AR,ASW,ES,Combined TRACON& Tower with Radar,71,28,40,23,162,0,1,19,6,26,71,29,59,29,188,28,14,42,230
08/25/2023,LIT,AR,ASW,ES,Combined TRACON& Tower with Radar,73,26,47,6,152,0,2,45,0,47,73,28,92,6,199,36,0,36,235
08/26/2023,LIT,AR,ASW,ES,Combined TRACON& Tower with Radar,60,24,31,1,116,0,4,33,0,37,60,28,64,1,153,2,0,2,155
08/27/2023,LIT,AR,ASW,ES,Combined TRACON& Tower with Radar,74,24,42,9,149,0,3,12,1,16,74,27,54,10,165,0,4,4,169
08/28/2023,LIT,AR,ASW,ES,Combined TRACON& Tower with Radar,75,33,50,70,228,0,1,34,5,40,75,34,84,75,268,10,12,22,290
08/29/2023,LIT,AR,ASW,ES,Combined TRACON& Tower with Radar,70,30,53,34,187,0,4,46,8,58,70,34,99,42,245,8,14,22,267
08/30/2023,LIT,AR,ASW,ES,Combined TRACON& Tower with Radar,72,38,70,4,184,0,4,32,2,38,72,42,102,6,222,10,0,10,232
08/31/2023,LIT,AR,ASW,ES,Combined TRACON& Tower with Radar,73,45,81,7,206,0,2,51,5,58,73,47,132,12,264,8,4,12,276
