01/01/2020,LMT,OR,ANM,WE,Federal Contract Tower,0,1,6,0,7,0,1,15,0,16,0,2,21,0,23,78,0,78,101
01/02/2020,LMT,OR,ANM,WE,Federal Contract Tower,0,9,9,20,38,0,0,21,18,39,0,9,30,38,77,40,52,92,169
01/03/2020,LMT,OR,ANM,WE,Federal Contract Tower,0,7,2,39,48,0,1,29,7,37,0,8,31,46,85,48,36,84,169
01/04/2020,LMT,OR,ANM,WE,Federal Contract Tower,0,7,4,0,11,0,1,13,0,14,0,8,17,0,25,42,0,42,67
01/05/2020,LMT,OR,ANM,WE,Federal Contract Tower,0,2,1,0,3,0,0,5,0,5,0,2,6,0,8,86,0,86,94
01/06/2020,LMT,OR,ANM,WE,Federal Contract Tower,0,5,1,39,45,0,3,14,17,34,0,8,15,56,79,44,90,134,213
01/07/2020,LMT,OR,ANM,WE,Federal Contract Tower,0,10,7,20,37,0,13,19,45,77,0,23,26,65,114,32,38,70,184
01/08/2020,LMT,OR,ANM,WE,Federal Contract Tower,0,6,3,33,42,0,6,4,46,56,0,12,7,79,98,0,12,12,110
01/09/2020,LMT,OR,ANM,WE,Federal Contract Tower,0,6,6,15,27,0,2,8,11,21,0,8,14,26,48,30,18,48,96
01/10/2020,LMT,OR,ANM,WE,Federal Contract Tower,0,8,3,20,31,0,0,4,6,10,0,8,7,26,41,8,20,28,69
01/11/2020,LMT,OR,ANM,WE,Federal Contract Tower,0,6,2,13,21,0,0,1,9,10,0,6,3,22,31,19,8,27,58
01/12/2020,LMT,OR,ANM,WE,Federal Contract Tower,0,1,3,15,19,0,0,0,0,0,0,1,3,15,19,0,2,2,21
01/13/2020,LMT,OR,ANM,WE,Federal Contract Tower,0,8,2,0,10,0,8,2,0,10,0,16,4,0,20,0,0,0,20
01/14/2020,LMT,OR,ANM,WE,Federal Contract Tower,0,4,0,0,4,0,4,0,0,4,0,8,0,0,8,0,0,0,8
01/15/2020,LMT,OR,ANM,WE,Federal Contract Tower,0,6,1,2,9,0,1,1,0,2,0,7,2,2,11,0,0,0,11
01/16/2020,LMT,OR,ANM,WE,Federal Contract Tower,0,0,0,0,0,0,0,0,0,0,0,0,0,0,0,0,0,0,0
01/17/2020,LMT,OR,ANM,WE,Federal Contract Tower,0,6,0,10,16,0,2,2,7,11,0,8,2,17,27,14,26,40,67
01/18/2020,LMT,OR,ANM,WE,Federal Contract Tower,0,12,1,3,16,0,0,2,0,2,0,12,3,3,18,0,4,4,22
01/19/2020,LMT,OR,ANM,WE,Federal Contract Tower,0,2,6,0,8,0,3,15,0,18,0,5,21,0,26,16,0,16,42
01/20/2020,LMT,OR,ANM,WE,Federal Contract Tower,0,6,4,0,10,0,6,6,0,12,0,12,10,0,22,0,0,0,22
01/21/2020,LMT,OR,ANM,WE,Federal Contract Tower,0,10,8,16,34,0,0,0,0,0,0,10,8,16,34,0,0,0,34
01/22/2020,LMT,OR,ANM,WE,Federal Contract Tower,0,13,9,18,40,0,0,2,2,4,0,13,11,20,44,42,0,42,86
01/23/2020,LMT,OR,ANM,WE,Federal Contract Tower,0,11,4,14,29,0,5,3,16,24,0,16,7,30,53,64,26,90,143
01/24/2020,LMT,OR,ANM,WE,Federal Contract Tower,0,9,6,15,30,0,3,10,15,28,0,12,16,30,58,28,6,34,92
01/25/2020,LMT,OR,ANM,WE,Federal Contract Tower,0,5,4,2,11,0,5,6,2,13,0,10,10,4,24,0,0,0,24
01/26/2020,LMT,OR,ANM,WE,Federal Contract Tower,0,2,3,0,5,0,2,11,0,13,0,4,14,0,18,10,0,10,28
01/27/2020,LMT,OR,ANM,WE,Federal Contract Tower,0,9,7,38,54,0,0,4,4,8,0,9,11,42,62,18,44,62,124
01/28/2020,LMT,OR,ANM,WE,Federal Contract Tower,0,7,3,30,40,0,1,4,10,15,0,8,7,40,55,0,34,34,89
01/29/2020,LMT,OR,ANM,WE,Federal Contract Tower,0,7,6,38,51,0,1,15,21,37,0,8,21,59,88,23,54,77,165
01/30/2020,LMT,OR,ANM,WE,Federal Contract Tower,0,8,9,23,40,0,2,15,0,17,0,10,24,23,57,40,8,48,105
01/31/2020,LMT,OR,ANM,WE,Federal Contract Tower,0,3,7,0,10,0,3,26,0,29,0,6,33,0,39,44,0,44,83
02/01/2020,LMT,OR,ANM,WE,Federal Contract Tower,0,14,31,1,46,0,2,26,0,28,0,16,57,1,74,52,0,52,126
02/02/2020,LMT,OR,ANM,WE,Federal Contract Tower,0,3,5,0,8,0,0,3,1,4,0,3,8,1,12,0,0,0,12
02/03/2020,LMT,OR,ANM,WE,Federal Contract Tower,0,4,0,22,26,0,1,17,23,41,0,5,17,45,67,8,54,62,129
02/04/2020,LMT,OR,ANM,WE,Federal Contract Tower,0,6,5,33,44,0,1,14,18,33,0,7,19,51,77,30,80,110,187
02/05/2020,LMT,OR,ANM,WE,Federal Contract Tower,0,8,6,27,41,0,0,11,17,28,0,8,17,44,69,64,88,152,221
02/06/2020,LMT,OR,ANM,WE,Federal Contract Tower,0,8,10,23,41,0,11,41,21,73,0,19,51,44,114,114,68,182,296
02/07/2020,LMT,OR,ANM,WE,Federal Contract Tower,0,8,11,20,39,0,12,53,36,101,0,20,64,56,140,144,66,210,350
02/08/2020,LMT,OR,ANM,WE,Federal Contract Tower,0,6,3,36,45,0,1,2,15,18,0,7,5,51,63,38,50,88,151
02/09/2020,LMT,OR,ANM,WE,Federal Contract Tower,0,1,8,12,21,0,4,19,8,31,0,5,27,20,52,75,30,105,157
02/10/2020,LMT,OR,ANM,WE,Federal Contract Tower,0,10,6,20,36,0,0,20,0,20,0,10,26,20,56,52,4,56,112
02/11/2020,LMT,OR,ANM,WE,Federal Contract Tower,0,8,3,50,61,0,1,22,5,28,0,9,25,55,89,31,47,78,167
02/12/2020,LMT,OR,ANM,WE,Federal Contract Tower,0,9,4,29,42,0,10,36,51,97,0,19,40,80,139,52,68,120,259
02/13/2020,LMT,OR,ANM,WE,Federal Contract Tower,0,7,8,19,34,0,9,21,37,67,0,16,29,56,101,20,48,68,169
02/14/2020,LMT,OR,ANM,WE,Federal Contract Tower,0,7,4,13,24,0,1,17,8,26,0,8,21,21,50,20,8,28,78
02/15/2020,LMT,OR,ANM,WE,Federal Contract Tower,0,8,8,0,16,0,0,5,0,5,0,8,13,0,21,0,0,0,21
02/16/2020,LMT,OR,ANM,WE,Federal Contract Tower,0,1,2,0,3,0,0,4,0,4,0,1,6,0,7,0,0,0,7
02/17/2020,LMT,OR,ANM,WE,Federal Contract Tower,0,5,7,7,19,0,4,29,0,33,0,9,36,7,52,46,9,55,107
02/18/2020,LMT,OR,ANM,WE,Federal Contract Tower,0,4,3,22,29,0,7,36,36,79,0,11,39,58,108,20,34,54,162
02/19/2020,LMT,OR,ANM,WE,Federal Contract Tower,0,8,3,24,35,0,15,41,44,100,0,23,44,68,135,76,71,147,282
02/20/2020,LMT,OR,ANM,WE,Federal Contract Tower,0,4,5,21,30,0,6,28,13,47,0,10,33,34,77,18,54,72,149
02/21/2020,LMT,OR,ANM,WE,Federal Contract Tower,0,5,6,10,21,0,12,54,10,76,0,17,60,20,97,6,20,26,123
02/22/2020,LMT,OR,ANM,WE,Federal Contract Tower,0,4,11,0,15,0,0,66,0,66,0,4,77,0,81,80,0,80,161
02/23/2020,LMT,OR,ANM,WE,Federal Contract Tower,0,2,7,0,9,0,0,2,0,2,0,2,9,0,11,30,0,30,41
02/24/2020,LMT,OR,ANM,WE,Federal Contract Tower,0,2,6,26,34,0,9,27,51,87,0,11,33,77,121,34,42,76,197
02/25/2020,LMT,OR,ANM,WE,Federal Contract Tower,4,7,3,21,35,0,11,30,47,88,4,18,33,68,123,32,24,56,179
02/26/2020,LMT,OR,ANM,WE,Federal Contract Tower,0,7,1,14,22,0,8,16,21,45,0,15,17,35,67,26,44,70,137
02/27/2020,LMT,OR,ANM,WE,Federal Contract Tower,0,6,14,20,40,0,12,25,20,57,0,18,39,40,97,24,16,40,137
02/28/2020,LMT,OR,ANM,WE,Federal Contract Tower,0,4,2,2,8,0,4,27,0,31,0,8,29,2,39,62,0,62,101
02/29/2020,LMT,OR,ANM,WE,Federal Contract Tower,0,4,5,0,9,0,3,22,0,25,0,7,27,0,34,84,0,84,118
03/01/2020,LMT,OR,ANM,WE,Federal Contract Tower,0,1,7,0,8,0,1,31,0,32,0,2,38,0,40,50,0,50,90
03/02/2020,LMT,OR,ANM,WE,Federal Contract Tower,0,4,4,23,31,0,8,30,38,76,0,12,34,61,107,26,56,82,189
03/03/2020,LMT,OR,ANM,WE,Federal Contract Tower,0,6,9,21,36,0,2,17,13,32,0,8,26,34,68,69,45,114,182
03/04/2020,LMT,OR,ANM,WE,Federal Contract Tower,0,8,8,22,38,0,5,21,20,46,0,13,29,42,84,50,22,72,156
03/05/2020,LMT,OR,ANM,WE,Federal Contract Tower,0,9,4,22,35,0,4,25,12,41,0,13,29,34,76,64,34,98,174
03/06/2020,LMT,OR,ANM,WE,Federal Contract Tower,0,6,13,38,57,0,0,0,0,0,0,6,13,38,57,32,72,104,161
03/07/2020,LMT,OR,ANM,WE,Federal Contract Tower,0,4,3,28,35,0,4,3,28,35,0,8,6,56,70,0,10,10,80
03/08/2020,LMT,OR,ANM,WE,Federal Contract Tower,0,0,2,20,22,0,0,3,20,23,0,0,5,40,45,0,24,24,69
03/09/2020,LMT,OR,ANM,WE,Federal Contract Tower,0,9,3,14,26,0,2,21,0,23,0,11,24,14,49,32,0,32,81
03/10/2020,LMT,OR,ANM,WE,Federal Contract Tower,0,8,4,22,34,0,4,35,10,49,0,12,39,32,83,30,54,84,167
03/11/2020,LMT,OR,ANM,WE,Federal Contract Tower,0,7,9,25,41,0,2,50,18,70,0,9,59,43,111,70,64,134,245
03/12/2020,LMT,OR,ANM,WE,Federal Contract Tower,0,4,8,26,38,0,8,49,10,67,0,12,57,36,105,52,46,98,203
03/13/2020,LMT,OR,ANM,WE,Federal Contract Tower,0,5,1,14,20,0,7,29,18,54,0,12,30,32,74,162,24,186,260
03/14/2020,LMT,OR,ANM,WE,Federal Contract Tower,0,4,4,0,8,0,4,6,0,10,0,8,10,0,18,0,0,0,18
03/15/2020,LMT,OR,ANM,WE,Federal Contract Tower,0,1,2,0,3,0,0,0,0,0,0,1,2,0,3,0,0,0,3
03/16/2020,LMT,OR,ANM,WE,Federal Contract Tower,0,5,2,48,55,0,1,2,0,3,0,6,4,48,58,0,14,14,72
03/17/2020,LMT,OR,ANM,WE,Federal Contract Tower,0,8,2,19,29,0,5,10,2,17,0,13,12,21,46,22,22,44,90
03/18/2020,LMT,OR,ANM,WE,Federal Contract Tower,0,9,33,53,95,0,0,0,0,0,0,9,33,53,95,42,36,78,173
03/19/2020,LMT,OR,ANM,WE,Federal Contract Tower,0,6,4,19,29,0,8,37,37,82,0,14,41,56,111,70,0,70,181
03/20/2020,LMT,OR,ANM,WE,Federal Contract Tower,0,9,6,14,29,0,10,38,22,70,0,19,44,36,99,126,42,168,267
03/21/2020,LMT,OR,ANM,WE,Federal Contract Tower,0,6,6,0,12,0,0,20,0,20,0,6,26,0,32,74,0,74,106
03/22/2020,LMT,OR,ANM,WE,Federal Contract Tower,0,2,7,0,9,0,1,47,2,50,0,3,54,2,59,96,0,96,155
03/23/2020,LMT,OR,ANM,WE,Federal Contract Tower,0,5,2,0,7,0,2,14,0,16,0,7,16,0,23,36,0,36,59
03/24/2020,LMT,OR,ANM,WE,Federal Contract Tower,0,8,2,23,33,0,0,0,2,2,0,8,2,25,35,0,0,0,35
03/25/2020,LMT,OR,ANM,WE,Federal Contract Tower,0,7,6,10,23,0,0,0,8,8,0,7,6,18,31,0,4,4,35
03/26/2020,LMT,OR,ANM,WE,Federal Contract Tower,0,1,1,19,21,0,4,14,12,30,0,5,15,31,51,20,20,40,91
03/27/2020,LMT,OR,ANM,WE,Federal Contract Tower,0,8,4,6,18,0,0,7,2,9,0,8,11,8,27,6,14,20,47
03/28/2020,LMT,OR,ANM,WE,Federal Contract Tower,0,4,1,0,5,0,0,5,0,5,0,4,6,0,10,8,0,8,18
03/29/2020,LMT,OR,ANM,WE,Federal Contract Tower,0,0,1,0,1,0,0,2,0,2,0,0,3,0,3,0,0,0,3
03/30/2020,LMT,OR,ANM,WE,Federal Contract Tower,0,3,2,13,18,0,0,1,2,3,0,3,3,15,21,0,8,8,29
03/31/2020,LMT,OR,ANM,WE,Federal Contract Tower,0,6,0,13,19,0,0,0,1,1,0,6,0,14,20,0,0,0,20
04/01/2020,LMT,OR,ANM,WE,Federal Contract Tower,0,6,3,10,19,0,3,1,6,10,0,9,4,16,29,0,26,26,55
04/02/2020,LMT,OR,ANM,WE,Federal Contract Tower,0,5,3,0,8,0,1,22,0,23,0,6,25,0,31,2,0,2,33
04/03/2020,LMT,OR,ANM,WE,Federal Contract Tower,0,8,0,0,8,0,0,27,0,27,0,8,27,0,35,12,0,12,47
04/04/2020,LMT,OR,ANM,WE,Federal Contract Tower,0,8,0,0,8,0,0,0,0,0,0,8,0,0,8,0,0,0,8
04/05/2020,LMT,OR,ANM,WE,Federal Contract Tower,0,0,3,0,3,0,0,1,0,1,0,0,4,0,4,0,0,0,4
04/06/2020,LMT,OR,ANM,WE,Federal Contract Tower,0,8,2,0,10,0,0,6,0,6,0,8,8,0,16,24,0,24,40
04/07/2020,LMT,OR,ANM,WE,Federal Contract Tower,0,4,4,0,8,0,7,17,2,26,0,11,21,2,34,12,8,20,54
04/08/2020,LMT,OR,ANM,WE,Federal Contract Tower,0,3,4,17,24,0,4,23,11,38,0,7,27,28,62,16,22,38,100
04/09/2020,LMT,OR,ANM,WE,Federal Contract Tower,0,6,3,21,30,0,2,11,7,20,0,8,14,28,50,20,40,60,110
04/10/2020,LMT,OR,ANM,WE,Federal Contract Tower,0,4,1,13,18,0,1,36,3,40,0,5,37,16,58,8,14,22,80
04/11/2020,LMT,OR,ANM,WE,Federal Contract Tower,0,4,2,0,6,0,1,12,0,13,0,5,14,0,19,0,0,0,19
04/12/2020,LMT,OR,ANM,WE,Federal Contract Tower,0,0,3,0,3,0,0,14,0,14,0,0,17,0,17,10,0,10,27
04/13/2020,LMT,OR,ANM,WE,Federal Contract Tower,0,4,1,10,15,0,5,16,18,39,0,9,17,28,54,22,16,38,92
04/14/2020,LMT,OR,ANM,WE,Federal Contract Tower,0,6,2,18,26,0,8,23,26,57,0,14,25,44,83,14,42,56,139
04/15/2020,LMT,OR,ANM,WE,Federal Contract Tower,0,6,1,22,29,0,7,16,23,46,0,13,17,45,75,12,54,66,141
04/16/2020,LMT,OR,ANM,WE,Federal Contract Tower,0,5,2,9,16,0,9,12,18,39,0,14,14,27,55,0,4,4,59
04/17/2020,LMT,OR,ANM,WE,Federal Contract Tower,0,8,4,5,17,0,5,27,5,37,0,13,31,10,54,8,2,10,64
04/18/2020,LMT,OR,ANM,WE,Federal Contract Tower,0,4,2,0,6,0,0,13,0,13,0,4,15,0,19,6,0,6,25
04/19/2020,LMT,OR,ANM,WE,Federal Contract Tower,0,0,1,2,3,0,5,9,0,14,0,5,10,2,17,48,0,48,65
04/20/2020,LMT,OR,ANM,WE,Federal Contract Tower,0,3,2,14,19,0,3,12,6,21,0,6,14,20,40,2,32,34,74
04/21/2020,LMT,OR,ANM,WE,Federal Contract Tower,0,4,11,13,28,0,0,6,9,15,0,4,17,22,43,0,30,30,73
04/22/2020,LMT,OR,ANM,WE,Federal Contract Tower,0,6,8,13,27,0,0,1,5,6,0,6,9,18,33,12,0,12,45
04/23/2020,LMT,OR,ANM,WE,Federal Contract Tower,0,7,1,12,20,0,1,20,12,33,0,8,21,24,53,30,24,54,107
04/24/2020,LMT,OR,ANM,WE,Federal Contract Tower,0,10,4,6,20,0,0,23,6,29,0,10,27,12,49,8,6,14,63
04/25/2020,LMT,OR,ANM,WE,Federal Contract Tower,0,5,14,0,19,0,2,23,0,25,0,7,37,0,44,12,0,12,56
04/26/2020,LMT,OR,ANM,WE,Federal Contract Tower,0,1,5,0,6,0,0,28,0,28,0,1,33,0,34,28,0,28,62
04/27/2020,LMT,OR,ANM,WE,Federal Contract Tower,0,6,5,8,19,0,1,8,8,17,0,7,13,16,36,0,10,10,46
04/28/2020,LMT,OR,ANM,WE,Federal Contract Tower,0,6,2,11,19,0,2,22,9,33,0,8,24,20,52,34,10,44,96
04/29/2020,LMT,OR,ANM,WE,Federal Contract Tower,0,4,2,8,14,0,0,16,9,25,0,4,18,17,39,20,18,38,77
05/01/2020,LMT,OR,ANM,WE,Federal Contract Tower,0,5,15,6,26,0,4,31,6,41,0,9,46,12,67,36,10,46,113
05/02/2020,LMT,OR,ANM,WE,Federal Contract Tower,0,5,6,0,11,0,0,5,0,5,0,5,11,0,16,0,0,0,16
05/03/2020,LMT,OR,ANM,WE,Federal Contract Tower,0,3,7,0,10,0,1,13,0,14,0,4,20,0,24,14,0,14,38
05/04/2020,LMT,OR,ANM,WE,Federal Contract Tower,0,3,3,12,18,0,1,15,11,27,0,4,18,23,45,0,14,14,59
05/05/2020,LMT,OR,ANM,WE,Federal Contract Tower,0,10,10,19,39,0,0,19,0,19,0,10,29,19,58,18,30,48,106
05/06/2020,LMT,OR,ANM,WE,Federal Contract Tower,0,18,4,20,42,0,2,22,6,30,0,20,26,26,72,26,30,56,128
05/07/2020,LMT,OR,ANM,WE,Federal Contract Tower,0,7,9,25,41,0,7,29,35,71,0,14,38,60,112,66,38,104,216
05/08/2020,LMT,OR,ANM,WE,Federal Contract Tower,0,8,7,8,23,0,4,15,12,31,0,12,22,20,54,14,24,38,92
05/09/2020,LMT,OR,ANM,WE,Federal Contract Tower,0,5,7,0,12,0,2,39,0,41,0,7,46,0,53,30,0,30,83
05/10/2020,LMT,OR,ANM,WE,Federal Contract Tower,0,0,2,0,2,0,1,16,0,17,0,1,18,0,19,0,0,0,19
05/11/2020,LMT,OR,ANM,WE,Federal Contract Tower,0,2,3,6,11,0,5,15,12,32,0,7,18,18,43,2,8,10,53
05/12/2020,LMT,OR,ANM,WE,Federal Contract Tower,0,6,6,14,26,0,7,6,14,27,0,13,12,28,53,0,2,2,55
05/13/2020,LMT,OR,ANM,WE,Federal Contract Tower,0,9,3,22,34,0,0,5,0,5,0,9,8,22,39,2,8,10,49
05/14/2020,LMT,OR,ANM,WE,Federal Contract Tower,0,9,1,16,26,0,0,2,4,6,0,9,3,20,32,0,4,4,36
05/15/2020,LMT,OR,ANM,WE,Federal Contract Tower,0,2,7,7,16,0,4,37,8,49,0,6,44,15,65,98,10,108,173
05/16/2020,LMT,OR,ANM,WE,Federal Contract Tower,0,8,1,0,9,0,2,9,0,11,0,10,10,0,20,12,0,12,32
05/17/2020,LMT,OR,ANM,WE,Federal Contract Tower,0,0,2,0,2,0,0,2,0,2,0,0,4,0,4,0,0,0,4
05/18/2020,LMT,OR,ANM,WE,Federal Contract Tower,0,4,3,14,21,0,0,3,0,3,0,4,6,14,24,0,0,0,24
05/19/2020,LMT,OR,ANM,WE,Federal Contract Tower,0,6,11,18,35,0,1,18,6,25,0,7,29,24,60,4,22,26,86
05/20/2020,LMT,OR,ANM,WE,Federal Contract Tower,0,4,6,38,48,0,2,5,7,14,0,6,11,45,62,0,84,84,146
05/21/2020,LMT,OR,ANM,WE,Federal Contract Tower,0,5,6,13,24,0,6,32,9,47,0,11,38,22,71,14,12,26,97
05/22/2020,LMT,OR,ANM,WE,Federal Contract Tower,0,5,7,13,25,0,0,16,2,18,0,5,23,15,43,26,10,36,79
05/23/2020,LMT,OR,ANM,WE,Federal Contract Tower,0,5,3,6,14,0,1,38,0,39,0,6,41,6,53,36,26,62,115
05/24/2020,LMT,OR,ANM,WE,Federal Contract Tower,0,1,7,0,8,0,0,33,0,33,0,1,40,0,41,0,0,0,41
05/25/2020,LMT,OR,ANM,WE,Federal Contract Tower,0,1,6,0,7,0,0,51,12,63,0,1,57,12,70,16,16,32,102
05/26/2020,LMT,OR,ANM,WE,Federal Contract Tower,0,4,3,26,33,0,8,34,18,60,0,12,37,44,93,6,30,36,129
05/27/2020,LMT,OR,ANM,WE,Federal Contract Tower,0,4,5,24,33,0,7,15,14,36,0,11,20,38,69,6,32,38,107
05/28/2020,LMT,OR,ANM,WE,Federal Contract Tower,0,9,7,22,38,0,15,22,18,55,0,24,29,40,93,8,10,18,111
05/29/2020,LMT,OR,ANM,WE,Federal Contract Tower,0,5,1,6,12,0,1,39,2,42,0,6,40,8,54,2,0,2,56
05/30/2020,LMT,OR,ANM,WE,Federal Contract Tower,0,5,0,0,5,0,0,4,0,4,0,5,4,0,9,0,0,0,9
05/31/2020,LMT,OR,ANM,WE,Federal Contract Tower,0,4,6,0,10,0,0,17,0,17,0,4,23,0,27,63,0,63,90
06/01/2020,LMT,OR,ANM,WE,Federal Contract Tower,0,5,2,0,7,0,9,9,0,18,0,14,11,0,25,0,0,0,25
06/02/2020,LMT,OR,ANM,WE,Federal Contract Tower,0,3,2,29,34,0,25,31,17,73,0,28,33,46,107,32,38,70,177
06/03/2020,LMT,OR,ANM,WE,Federal Contract Tower,0,5,6,26,37,0,3,24,12,39,0,8,30,38,76,0,44,44,120
06/04/2020,LMT,OR,ANM,WE,Federal Contract Tower,0,5,3,22,30,0,15,44,20,79,0,20,47,42,109,2,24,26,135
06/05/2020,LMT,OR,ANM,WE,Federal Contract Tower,0,7,1,23,31,0,23,27,14,64,0,30,28,37,95,15,38,53,148
06/06/2020,LMT,OR,ANM,WE,Federal Contract Tower,0,4,4,21,29,0,1,7,18,26,0,5,11,39,55,0,16,16,71
06/07/2020,LMT,OR,ANM,WE,Federal Contract Tower,0,3,10,20,33,0,0,0,0,0,0,3,10,20,33,0,0,0,33
06/08/2020,LMT,OR,ANM,WE,Federal Contract Tower,0,7,7,0,14,0,4,24,0,28,0,11,31,0,42,54,0,54,96
06/09/2020,LMT,OR,ANM,WE,Federal Contract Tower,0,4,0,23,27,0,3,24,25,52,0,7,24,48,79,20,54,74,153
06/10/2020,LMT,OR,ANM,WE,Federal Contract Tower,0,6,5,28,39,0,2,52,16,70,0,8,57,44,109,54,40,94,203
06/11/2020,LMT,OR,ANM,WE,Federal Contract Tower,0,7,6,18,31,0,17,35,39,91,0,24,41,57,122,26,12,38,160
06/12/2020,LMT,OR,ANM,WE,Federal Contract Tower,0,20,5,10,35,0,14,31,10,55,0,34,36,20,90,24,8,32,122
06/13/2020,LMT,OR,ANM,WE,Federal Contract Tower,0,6,3,0,9,0,4,11,0,15,0,10,14,0,24,10,0,10,34
06/14/2020,LMT,OR,ANM,WE,Federal Contract Tower,0,0,1,4,5,0,1,29,6,36,0,1,30,10,41,110,0,110,151
06/16/2020,LMT,OR,ANM,WE,Federal Contract Tower,0,6,19,54,79,0,0,13,14,27,0,6,32,68,106,24,36,60,166
06/17/2020,LMT,OR,ANM,WE,Federal Contract Tower,0,7,13,33,53,0,1,58,15,74,0,8,71,48,127,64,60,124,251
06/18/2020,LMT,OR,ANM,WE,Federal Contract Tower,0,7,6,38,51,0,2,19,18,39,0,9,25,56,90,38,78,116,206
06/19/2020,LMT,OR,ANM,WE,Federal Contract Tower,0,8,3,20,31,0,14,19,10,43,0,22,22,30,74,12,36,48,122
06/20/2020,LMT,OR,ANM,WE,Federal Contract Tower,0,5,4,0,9,0,0,48,0,48,0,5,52,0,57,42,0,42,99
06/21/2020,LMT,OR,ANM,WE,Federal Contract Tower,0,0,5,0,5,0,0,26,0,26,0,0,31,0,31,37,0,37,68
06/22/2020,LMT,OR,ANM,WE,Federal Contract Tower,0,3,2,17,22,0,3,38,17,58,0,6,40,34,80,14,14,28,108
06/23/2020,LMT,OR,ANM,WE,Federal Contract Tower,0,5,6,17,28,0,15,29,16,60,0,20,35,33,88,48,14,62,150
06/24/2020,LMT,OR,ANM,WE,Federal Contract Tower,0,4,2,26,32,0,2,9,18,29,0,6,11,44,61,2,34,36,97
06/25/2020,LMT,OR,ANM,WE,Federal Contract Tower,0,4,5,26,35,0,2,17,19,38,0,6,22,45,73,52,52,104,177
06/26/2020,LMT,OR,ANM,WE,Federal Contract Tower,0,3,3,12,18,0,3,24,8,35,0,6,27,20,53,6,8,14,67
06/27/2020,LMT,OR,ANM,WE,Federal Contract Tower,0,5,2,0,7,0,6,39,0,45,0,11,41,0,52,90,0,90,142
06/28/2020,LMT,OR,ANM,WE,Federal Contract Tower,0,0,3,0,3,0,0,4,0,4,0,0,7,0,7,14,0,14,21
06/29/2020,LMT,OR,ANM,WE,Federal Contract Tower,0,2,1,12,15,0,2,15,3,20,0,4,16,15,35,12,38,50,85
06/30/2020,LMT,OR,ANM,WE,Federal Contract Tower,0,4,8,42,54,0,19,12,16,47,0,23,20,58,101,4,34,38,139
07/01/2020,LMT,OR,ANM,WE,Federal Contract Tower,0,6,3,19,28,0,2,15,25,42,0,8,18,44,70,18,16,34,104
07/02/2020,LMT,OR,ANM,WE,Federal Contract Tower,0,3,13,10,26,0,4,31,10,45,0,7,44,20,71,58,14,72,143
07/03/2020,LMT,OR,ANM,WE,Federal Contract Tower,0,7,9,0,16,0,0,29,0,29,0,7,38,0,45,48,0,48,93
07/04/2020,LMT,OR,ANM,WE,Federal Contract Tower,0,0,25,5,30,0,0,1,5,6,0,0,26,10,36,24,2,26,62
07/05/2020,LMT,OR,ANM,WE,Federal Contract Tower,0,3,2,0,5,0,3,32,0,35,0,6,34,0,40,4,0,4,44
07/06/2020,LMT,OR,ANM,WE,Federal Contract Tower,0,4,2,4,10,0,3,21,2,26,0,7,23,6,36,24,30,54,90
07/07/2020,LMT,OR,ANM,WE,Federal Contract Tower,0,6,4,24,34,0,3,22,18,43,0,9,26,42,77,22,62,84,161
07/08/2020,LMT,OR,ANM,WE,Federal Contract Tower,0,6,4,22,32,0,3,23,18,44,0,9,27,40,76,38,16,54,130
07/09/2020,LMT,OR,ANM,WE,Federal Contract Tower,0,6,20,56,82,0,0,21,0,21,0,6,41,56,103,50,22,72,175
07/10/2020,LMT,OR,ANM,WE,Federal Contract Tower,0,5,1,12,18,0,0,50,16,66,0,5,51,28,84,26,46,72,156
07/11/2020,LMT,OR,ANM,WE,Federal Contract Tower,0,3,9,0,12,0,1,50,0,51,0,4,59,0,63,36,0,36,99
07/12/2020,LMT,OR,ANM,WE,Federal Contract Tower,0,2,9,0,11,0,3,36,0,39,0,5,45,0,50,36,0,36,86
07/13/2020,LMT,OR,ANM,WE,Federal Contract Tower,0,5,3,53,61,0,6,31,68,105,0,11,34,121,166,20,54,74,240
07/14/2020,LMT,OR,ANM,WE,Federal Contract Tower,0,7,0,25,32,0,11,25,7,43,0,18,25,32,75,74,26,100,175
07/15/2020,LMT,OR,ANM,WE,Federal Contract Tower,0,6,4,18,28,0,15,33,36,84,0,21,37,54,112,54,26,80,192
07/16/2020,LMT,OR,ANM,WE,Federal Contract Tower,0,3,4,34,41,0,11,44,10,65,0,14,48,44,106,36,16,52,158
07/17/2020,LMT,OR,ANM,WE,Federal Contract Tower,0,4,6,22,32,0,7,41,4,52,0,11,47,26,84,55,15,70,154
07/18/2020,LMT,OR,ANM,WE,Federal Contract Tower,0,2,0,21,23,0,10,32,11,53,0,12,32,32,76,16,58,74,150
07/19/2020,LMT,OR,ANM,WE,Federal Contract Tower,0,2,0,12,14,0,2,44,8,54,0,4,44,20,68,24,29,53,121
07/20/2020,LMT,OR,ANM,WE,Federal Contract Tower,0,5,5,13,23,0,5,17,1,23,0,10,22,14,46,4,13,17,63
07/21/2020,LMT,OR,ANM,WE,Federal Contract Tower,0,4,8,45,57,0,64,18,17,99,0,68,26,62,156,4,34,38,194
07/22/2020,LMT,OR,ANM,WE,Federal Contract Tower,0,4,8,18,30,0,51,39,38,128,0,55,47,56,158,88,28,116,274
07/23/2020,LMT,OR,ANM,WE,Federal Contract Tower,0,4,9,49,62,0,64,80,56,200,0,68,89,105,262,44,60,104,366
07/24/2020,LMT,OR,ANM,WE,Federal Contract Tower,0,7,9,12,28,0,13,44,12,69,0,20,53,24,97,26,8,34,131
07/25/2020,LMT,OR,ANM,WE,Federal Contract Tower,0,7,2,0,9,0,36,35,0,71,0,43,37,0,80,24,0,24,104
07/26/2020,LMT,OR,ANM,WE,Federal Contract Tower,0,0,1,0,1,0,37,27,0,64,0,37,28,0,65,10,0,10,75
07/27/2020,LMT,OR,ANM,WE,Federal Contract Tower,0,5,3,26,34,0,44,8,6,58,0,49,11,32,92,26,36,62,154
07/28/2020,LMT,OR,ANM,WE,Federal Contract Tower,0,2,6,39,47,0,28,9,14,51,0,30,15,53,98,0,14,14,112
07/29/2020,LMT,OR,ANM,WE,Federal Contract Tower,0,3,2,25,30,0,35,46,19,100,0,38,48,44,130,42,38,80,210
07/30/2020,LMT,OR,ANM,WE,Federal Contract Tower,0,3,2,33,38,0,13,31,48,92,0,16,33,81,130,64,49,113,243
07/31/2020,LMT,OR,ANM,WE,Federal Contract Tower,0,9,2,13,24,0,23,56,17,96,0,32,58,30,120,52,16,68,188
08/01/2020,LMT,OR,ANM,WE,Federal Contract Tower,0,2,1,0,3,0,14,36,0,50,0,16,37,0,53,40,0,40,93
08/02/2020,LMT,OR,ANM,WE,Federal Contract Tower,0,2,2,0,4,0,5,17,0,22,0,7,19,0,26,8,0,8,34
08/03/2020,LMT,OR,ANM,WE,Federal Contract Tower,0,6,3,4,13,0,7,19,0,26,0,13,22,4,39,0,0,0,39
08/04/2020,LMT,OR,ANM,WE,Federal Contract Tower,0,6,2,25,33,0,4,37,14,55,0,10,39,39,88,37,31,68,156
08/05/2020,LMT,OR,ANM,WE,Federal Contract Tower,0,4,4,19,27,0,3,12,26,41,0,7,16,45,68,61,28,89,157
08/06/2020,LMT,OR,ANM,WE,Federal Contract Tower,0,5,2,24,31,0,41,43,10,94,0,46,45,34,125,112,32,144,269
08/07/2020,LMT,OR,ANM,WE,Federal Contract Tower,0,6,6,16,28,0,4,19,5,28,0,10,25,21,56,3,18,21,77
08/08/2020,LMT,OR,ANM,WE,Federal Contract Tower,0,2,4,1,7,0,11,47,0,58,0,13,51,1,65,30,0,30,95
08/09/2020,LMT,OR,ANM,WE,Federal Contract Tower,0,0,5,2,7,0,2,46,0,48,0,2,51,2,55,22,0,22,77
08/10/2020,LMT,OR,ANM,WE,Federal Contract Tower,0,3,5,29,37,0,4,46,9,59,0,7,51,38,96,10,20,30,126
08/11/2020,LMT,OR,ANM,WE,Federal Contract Tower,0,11,9,39,59,0,13,33,14,60,0,24,42,53,119,28,47,75,194
08/12/2020,LMT,OR,ANM,WE,Federal Contract Tower,0,7,5,49,61,0,2,44,8,54,0,9,49,57,115,60,51,111,226
08/13/2020,LMT,OR,ANM,WE,Federal Contract Tower,0,8,5,31,44,0,13,48,6,67,0,21,53,37,111,20,19,39,150
08/14/2020,LMT,OR,ANM,WE,Federal Contract Tower,0,10,7,22,39,0,0,40,1,41,0,10,47,23,80,26,28,54,134
08/15/2020,LMT,OR,ANM,WE,Federal Contract Tower,0,3,3,0,6,0,8,28,4,40,0,11,31,4,46,68,2,70,116
08/16/2020,LMT,OR,ANM,WE,Federal Contract Tower,0,2,6,4,12,0,15,37,0,52,0,17,43,4,64,15,0,15,79
08/17/2020,LMT,OR,ANM,WE,Federal Contract Tower,0,5,5,17,27,0,8,13,19,40,0,13,18,36,67,10,24,34,101
08/19/2020,LMT,OR,ANM,WE,Federal Contract Tower,0,4,3,18,25,0,5,27,18,50,0,9,30,36,75,70,2,72,147
08/20/2020,LMT,OR,ANM,WE,Federal Contract Tower,0,5,8,19,32,0,23,61,18,102,0,28,69,37,134,10,8,18,152
08/21/2020,LMT,OR,ANM,WE,Federal Contract Tower,0,6,4,10,20,0,11,18,10,39,0,17,22,20,59,32,4,36,95
08/22/2020,LMT,OR,ANM,WE,Federal Contract Tower,0,4,8,0,12,0,25,27,0,52,0,29,35,0,64,0,0,0,64
08/23/2020,LMT,OR,ANM,WE,Federal Contract Tower,0,0,7,0,7,0,3,11,0,14,0,3,18,0,21,4,0,4,25
08/24/2020,LMT,OR,ANM,WE,Federal Contract Tower,0,12,5,36,53,0,1,0,0,1,0,13,5,36,54,32,2,34,88
08/25/2020,LMT,OR,ANM,WE,Federal Contract Tower,0,9,4,38,51,0,1,12,1,14,0,10,16,39,65,28,2,30,95
08/26/2020,LMT,OR,ANM,WE,Federal Contract Tower,0,5,3,24,32,0,1,15,8,24,0,6,18,32,56,65,2,67,123
08/27/2020,LMT,OR,ANM,WE,Federal Contract Tower,0,8,2,8,18,0,10,34,14,58,0,18,36,22,76,108,10,118,194
08/28/2020,LMT,OR,ANM,WE,Federal Contract Tower,0,7,3,8,18,0,9,38,0,47,0,16,41,8,65,46,8,54,119
08/29/2020,LMT,OR,ANM,WE,Federal Contract Tower,0,3,2,4,9,0,1,26,0,27,0,4,28,4,36,44,0,44,80
08/30/2020,LMT,OR,ANM,WE,Federal Contract Tower,0,0,1,2,3,0,1,49,0,50,0,1,50,2,53,20,0,20,73
08/31/2020,LMT,OR,ANM,WE,Federal Contract Tower,0,5,4,33,42,0,2,21,9,32,0,7,25,42,74,0,40,40,114
09/01/2020,LMT,OR,ANM,WE,Federal Contract Tower,0,4,2,28,34,0,6,30,10,46,0,10,32,38,80,24,48,72,152
09/02/2020,LMT,OR,ANM,WE,Federal Contract Tower,0,8,4,31,43,0,2,43,8,53,0,10,47,39,96,26,46,72,168
09/03/2020,LMT,OR,ANM,WE,Federal Contract Tower,0,4,6,14,24,0,9,31,7,47,0,13,37,21,71,73,18,91,162
09/04/2020,LMT,OR,ANM,WE,Federal Contract Tower,0,3,4,0,7,0,0,36,0,36,0,3,40,0,43,12,0,12,55
09/05/2020,LMT,OR,ANM,WE,Federal Contract Tower,0,5,4,0,9,0,0,11,0,11,0,5,15,0,20,0,0,0,20
09/06/2020,LMT,OR,ANM,WE,Federal Contract Tower,0,0,7,0,7,0,0,11,0,11,0,0,18,0,18,48,0,48,66
09/07/2020,LMT,OR,ANM,WE,Federal Contract Tower,0,2,9,0,11,0,1,51,0,52,0,3,60,0,63,22,0,22,85
09/08/2020,LMT,OR,ANM,WE,Federal Contract Tower,0,8,5,17,30,0,109,16,13,138,0,117,21,30,168,0,27,27,195
09/09/2020,LMT,OR,ANM,WE,Federal Contract Tower,0,4,3,45,52,0,83,15,9,107,0,87,18,54,159,0,36,36,195
09/10/2020,LMT,OR,ANM,WE,Federal Contract Tower,0,14,2,15,31,0,18,10,26,54,0,32,12,41,85,28,44,72,157
09/11/2020,LMT,OR,ANM,WE,Federal Contract Tower,0,10,6,16,32,0,0,3,0,3,0,10,9,16,35,0,0,0,35
09/12/2020,LMT,OR,ANM,WE,Federal Contract Tower,0,2,4,0,6,0,0,2,0,2,0,2,6,0,8,0,0,0,8
09/13/2020,LMT,OR,ANM,WE,Federal Contract Tower,0,2,4,0,6,0,0,0,0,0,0,2,4,0,6,0,0,0,6
09/14/2020,LMT,OR,ANM,WE,Federal Contract Tower,0,1,5,2,8,0,2,11,4,17,0,3,16,6,25,0,0,0,25
09/15/2020,LMT,OR,ANM,WE,Federal Contract Tower,0,17,11,34,62,0,12,5,9,26,0,29,16,43,88,90,26,116,204
09/16/2020,LMT,OR,ANM,WE,Federal Contract Tower,0,13,5,31,49,0,12,5,8,25,0,25,10,39,74,40,50,90,164
09/17/2020,LMT,OR,ANM,WE,Federal Contract Tower,0,7,10,21,38,0,7,8,7,22,0,14,18,28,60,20,32,52,112
09/18/2020,LMT,OR,ANM,WE,Federal Contract Tower,0,5,10,12,27,0,6,16,8,30,0,11,26,20,57,19,10,29,86
09/19/2020,LMT,OR,ANM,WE,Federal Contract Tower,0,3,3,0,6,0,8,39,0,47,0,11,42,0,53,45,0,45,98
09/20/2020,LMT,OR,ANM,WE,Federal Contract Tower,0,2,4,0,6,0,8,76,0,84,0,10,80,0,90,52,0,52,142
09/21/2020,LMT,OR,ANM,WE,Federal Contract Tower,0,7,2,17,26,0,5,28,11,44,0,12,30,28,70,56,32,88,158
09/22/2020,LMT,OR,ANM,WE,Federal Contract Tower,0,6,3,21,30,0,1,21,18,40,0,7,24,39,70,16,35,51,121
09/23/2020,LMT,OR,ANM,WE,Federal Contract Tower,0,11,4,23,38,0,5,11,9,25,0,16,15,32,63,34,28,62,125
09/24/2020,LMT,OR,ANM,WE,Federal Contract Tower,0,4,12,23,39,0,4,11,21,36,0,8,23,44,75,0,68,68,143
09/25/2020,LMT,OR,ANM,WE,Federal Contract Tower,0,7,5,12,24,0,7,32,13,52,0,14,37,25,76,76,62,138,214
09/26/2020,LMT,OR,ANM,WE,Federal Contract Tower,0,3,14,0,17,0,5,35,0,40,0,8,49,0,57,34,0,34,91
09/27/2020,LMT,OR,ANM,WE,Federal Contract Tower,0,0,4,0,4,0,1,29,0,30,0,1,33,0,34,40,0,40,74
09/28/2020,LMT,OR,ANM,WE,Federal Contract Tower,0,9,2,0,11,0,1,28,0,29,0,10,30,0,40,10,0,10,50
09/29/2020,LMT,OR,ANM,WE,Federal Contract Tower,0,6,4,22,32,0,9,22,14,45,0,15,26,36,77,0,48,48,125
09/30/2020,LMT,OR,ANM,WE,Federal Contract Tower,0,7,9,0,16,0,8,17,3,28,0,15,26,3,44,0,16,16,60
10/01/2020,LMT,OR,ANM,WE,Federal Contract Tower,0,3,8,33,44,0,3,16,9,28,0,6,24,42,72,4,52,56,128
10/02/2020,LMT,OR,ANM,WE,Federal Contract Tower,0,5,8,11,24,0,8,33,9,50,0,13,41,20,74,0,12,12,86
10/03/2020,LMT,OR,ANM,WE,Federal Contract Tower,0,3,4,2,9,0,4,37,0,41,0,7,41,2,50,16,0,16,66
10/04/2020,LMT,OR,ANM,WE,Federal Contract Tower,0,3,4,0,7,0,0,33,0,33,0,3,37,0,40,84,0,84,124
10/05/2020,LMT,OR,ANM,WE,Federal Contract Tower,0,5,1,22,28,0,1,35,16,52,0,6,36,38,80,22,32,54,134
10/06/2020,LMT,OR,ANM,WE,Federal Contract Tower,0,5,0,69,74,0,2,24,0,26,0,7,24,69,100,30,26,56,156
10/07/2020,LMT,OR,ANM,WE,Federal Contract Tower,0,6,6,28,40,0,4,25,19,48,0,10,31,47,88,20,12,32,120
10/08/2020,LMT,OR,ANM,WE,Federal Contract Tower,0,4,5,24,33,0,5,20,26,51,0,9,25,50,84,30,50,80,164
10/09/2020,LMT,OR,ANM,WE,Federal Contract Tower,0,7,5,12,24,0,0,34,10,44,0,7,39,22,68,40,16,56,124
10/10/2020,LMT,OR,ANM,WE,Federal Contract Tower,0,5,8,2,15,0,0,4,0,4,0,5,12,2,19,73,2,75,94
10/11/2020,LMT,OR,ANM,WE,Federal Contract Tower,0,2,11,8,21,0,0,37,0,37,0,2,48,8,58,46,0,46,104
10/12/2020,LMT,OR,ANM,WE,Federal Contract Tower,0,7,7,0,14,0,0,21,0,21,0,7,28,0,35,33,0,33,68
10/13/2020,LMT,OR,ANM,WE,Federal Contract Tower,0,7,6,21,34,0,0,23,26,49,0,7,29,47,83,36,72,108,191
10/14/2020,LMT,OR,ANM,WE,Federal Contract Tower,0,11,5,22,38,0,0,22,30,52,0,11,27,52,90,28,31,59,149
10/15/2020,LMT,OR,ANM,WE,Federal Contract Tower,0,3,1,38,42,0,4,25,14,43,0,7,26,52,85,22,20,42,127
10/16/2020,LMT,OR,ANM,WE,Federal Contract Tower,0,4,2,19,25,0,4,45,20,69,0,8,47,39,94,8,18,26,120
10/17/2020,LMT,OR,ANM,WE,Federal Contract Tower,0,3,1,20,24,0,0,27,9,36,0,3,28,29,60,20,17,37,97
10/18/2020,LMT,OR,ANM,WE,Federal Contract Tower,0,2,5,21,28,0,0,70,0,70,0,2,75,21,98,42,22,64,162
10/19/2020,LMT,OR,ANM,WE,Federal Contract Tower,0,6,2,0,8,0,0,27,2,29,0,6,29,2,37,92,0,92,129
10/20/2020,LMT,OR,ANM,WE,Federal Contract Tower,0,5,10,19,34,0,4,21,18,43,0,9,31,37,77,4,16,20,97
10/21/2020,LMT,OR,ANM,WE,Federal Contract Tower,0,7,6,19,32,0,1,23,24,48,0,8,29,43,80,16,32,48,128
10/22/2020,LMT,OR,ANM,WE,Federal Contract Tower,0,6,5,34,45,0,3,30,9,42,0,9,35,43,87,10,34,44,131
10/23/2020,LMT,OR,ANM,WE,Federal Contract Tower,0,5,3,13,21,0,0,22,7,29,0,5,25,20,50,74,40,114,164
10/24/2020,LMT,OR,ANM,WE,Federal Contract Tower,0,8,7,0,15,0,1,18,0,19,0,9,25,0,34,6,0,6,40
10/25/2020,LMT,OR,ANM,WE,Federal Contract Tower,0,1,5,0,6,0,0,28,0,28,0,1,33,0,34,16,0,16,50
10/26/2020,LMT,OR,ANM,WE,Federal Contract Tower,0,6,5,22,33,0,6,21,15,42,0,12,26,37,75,60,62,122,197
10/27/2020,LMT,OR,ANM,WE,Federal Contract Tower,0,4,7,25,36,0,2,24,20,46,0,6,31,45,82,12,56,68,150
10/28/2020,LMT,OR,ANM,WE,Federal Contract Tower,0,4,5,51,60,0,2,24,15,41,0,6,29,66,101,0,18,18,119
10/29/2020,LMT,OR,ANM,WE,Federal Contract Tower,0,3,1,22,26,0,2,20,2,24,0,5,21,24,50,0,24,24,74
10/30/2020,LMT,OR,ANM,WE,Federal Contract Tower,0,6,6,8,20,0,1,41,0,42,0,7,47,8,62,26,16,42,104
10/31/2020,LMT,OR,ANM,WE,Federal Contract Tower,0,2,8,0,10,0,1,29,0,30,0,3,37,0,40,19,0,19,59
11/01/2020,LMT,OR,ANM,WE,Federal Contract Tower,0,1,7,0,8,0,0,38,0,38,0,1,45,0,46,20,0,20,66
11/02/2020,LMT,OR,ANM,WE,Federal Contract Tower,0,2,1,20,23,0,1,28,9,38,0,3,29,29,61,14,10,24,85
11/03/2020,LMT,OR,ANM,WE,Federal Contract Tower,0,6,7,15,28,0,2,18,12,32,0,8,25,27,60,10,22,32,92
11/04/2020,LMT,OR,ANM,WE,Federal Contract Tower,0,7,6,39,52,0,2,32,14,48,0,9,38,53,100,8,31,39,139
11/05/2020,LMT,OR,ANM,WE,Federal Contract Tower,0,10,8,19,37,0,0,20,9,29,0,10,28,28,66,22,20,42,108
11/06/2020,LMT,OR,ANM,WE,Federal Contract Tower,0,6,3,23,32,0,0,0,0,0,0,6,3,23,32,0,2,2,34
11/07/2020,LMT,OR,ANM,WE,Federal Contract Tower,0,3,5,31,39,0,1,8,8,17,0,4,13,39,56,8,0,8,64
11/08/2020,LMT,OR,ANM,WE,Federal Contract Tower,0,1,4,16,21,0,0,0,0,0,0,1,4,16,21,44,8,52,73
11/09/2020,LMT,OR,ANM,WE,Federal Contract Tower,0,3,7,2,12,0,0,9,5,14,0,3,16,7,26,18,2,20,46
11/10/2020,LMT,OR,ANM,WE,Federal Contract Tower,0,5,4,33,42,0,0,6,4,10,0,5,10,37,52,2,14,16,68
11/11/2020,LMT,OR,ANM,WE,Federal Contract Tower,0,4,2,0,6,0,0,10,0,10,0,4,12,0,16,39,0,39,55
11/12/2020,LMT,OR,ANM,WE,Federal Contract Tower,0,9,2,15,26,0,1,16,9,26,0,10,18,24,52,60,16,76,128
11/13/2020,LMT,OR,ANM,WE,Federal Contract Tower,0,5,4,0,9,0,0,0,0,0,0,5,4,0,9,0,0,0,9
11/14/2020,LMT,OR,ANM,WE,Federal Contract Tower,0,4,3,0,7,0,0,2,0,2,0,4,5,0,9,0,0,0,9
11/15/2020,LMT,OR,ANM,WE,Federal Contract Tower,0,0,4,0,4,0,0,0,0,0,0,0,4,0,4,0,0,0,4
11/16/2020,LMT,OR,ANM,WE,Federal Contract Tower,0,6,15,16,37,0,0,20,10,30,0,6,35,26,67,9,14,23,90
11/17/2020,LMT,OR,ANM,WE,Federal Contract Tower,0,8,2,3,13,0,0,0,0,0,0,8,2,3,13,0,0,0,13
11/18/2020,LMT,OR,ANM,WE,Federal Contract Tower,0,6,2,15,23,0,0,7,4,11,0,6,9,19,34,12,14,26,60
11/19/2020,LMT,OR,ANM,WE,Federal Contract Tower,0,4,2,23,29,0,0,17,12,29,0,4,19,35,58,0,22,22,80
11/20/2020,LMT,OR,ANM,WE,Federal Contract Tower,0,4,4,24,32,0,0,32,12,44,0,4,36,36,76,38,58,96,172
11/21/2020,LMT,OR,ANM,WE,Federal Contract Tower,0,6,6,0,12,0,0,30,0,30,0,6,36,0,42,60,0,60,102
11/22/2020,LMT,OR,ANM,WE,Federal Contract Tower,0,2,6,0,8,0,0,13,0,13,0,2,19,0,21,30,0,30,51
11/23/2020,LMT,OR,ANM,WE,Federal Contract Tower,0,4,7,17,28,0,0,7,14,21,0,4,14,31,49,24,16,40,89
11/24/2020,LMT,OR,ANM,WE,Federal Contract Tower,0,9,3,6,18,0,2,8,8,18,0,11,11,14,36,39,16,55,91
11/25/2020,LMT,OR,ANM,WE,Federal Contract Tower,0,8,3,21,32,0,0,1,0,1,0,8,4,21,33,0,0,0,33
11/26/2020,LMT,OR,ANM,WE,Federal Contract Tower,0,0,3,0,3,0,0,11,0,11,0,0,14,0,14,31,0,31,45
11/27/2020,LMT,OR,ANM,WE,Federal Contract Tower,0,4,1,0,5,0,0,7,0,7,0,4,8,0,12,0,0,0,12
11/28/2020,LMT,OR,ANM,WE,Federal Contract Tower,0,5,1,0,6,0,3,19,0,22,0,8,20,0,28,50,0,50,78
11/29/2020,LMT,OR,ANM,WE,Federal Contract Tower,0,1,2,0,3,0,2,35,0,37,0,3,37,0,40,6,0,6,46
11/30/2020,LMT,OR,ANM,WE,Federal Contract Tower,0,9,1,34,44,0,2,10,5,17,0,11,11,39,61,6,16,22,83
12/01/2020,LMT,OR,ANM,WE,Federal Contract Tower,0,7,0,26,33,0,4,29,16,49,0,11,29,42,82,93,10,103,185
12/02/2020,LMT,OR,ANM,WE,Federal Contract Tower,0,7,1,27,35,0,10,38,9,57,0,17,39,36,92,39,26,65,157
12/03/2020,LMT,OR,ANM,WE,Federal Contract Tower,0,7,12,18,37,0,4,20,20,44,0,11,32,38,81,48,16,64,145
12/04/2020,LMT,OR,ANM,WE,Federal Contract Tower,0,6,3,18,27,0,2,32,18,52,0,8,35,36,79,57,20,77,156
12/05/2020,LMT,OR,ANM,WE,Federal Contract Tower,0,3,5,0,8,0,0,40,0,40,0,3,45,0,48,27,0,27,75
12/06/2020,LMT,OR,ANM,WE,Federal Contract Tower,0,1,4,0,5,0,0,32,0,32,0,1,36,0,37,14,0,14,51
12/07/2020,LMT,OR,ANM,WE,Federal Contract Tower,0,7,6,12,25,0,0,20,0,20,0,7,26,12,45,26,12,38,83
12/08/2020,LMT,OR,ANM,WE,Federal Contract Tower,0,18,19,19,56,0,1,29,11,41,0,19,48,30,97,6,28,34,131
12/09/2020,LMT,OR,ANM,WE,Federal Contract Tower,0,9,5,17,31,0,2,29,11,42,0,11,34,28,73,26,22,48,121
12/10/2020,LMT,OR,ANM,WE,Federal Contract Tower,0,6,15,30,51,0,2,15,5,22,0,8,30,35,73,36,104,140,213
12/11/2020,LMT,OR,ANM,WE,Federal Contract Tower,0,7,2,14,23,0,1,9,12,22,0,8,11,26,45,8,6,14,59
12/12/2020,LMT,OR,ANM,WE,Federal Contract Tower,0,4,2,0,6,0,2,2,0,4,0,6,4,0,10,0,0,0,10
12/13/2020,LMT,OR,ANM,WE,Federal Contract Tower,0,0,6,0,6,0,0,0,0,0,0,0,6,0,6,0,0,0,6
12/14/2020,LMT,OR,ANM,WE,Federal Contract Tower,0,4,5,16,25,0,0,23,14,37,0,4,28,30,62,11,14,25,87
12/15/2020,LMT,OR,ANM,WE,Federal Contract Tower,0,11,3,33,47,0,0,1,5,6,0,11,4,38,53,8,0,8,61
12/16/2020,LMT,OR,ANM,WE,Federal Contract Tower,0,8,3,10,21,0,1,5,2,8,0,9,8,12,29,68,6,74,103
12/17/2020,LMT,OR,ANM,WE,Federal Contract Tower,0,7,8,23,38,0,1,2,3,6,0,8,10,26,44,16,12,28,72
12/18/2020,LMT,OR,ANM,WE,Federal Contract Tower,0,8,5,8,21,0,3,13,6,22,0,11,18,14,43,6,10,16,59
12/19/2020,LMT,OR,ANM,WE,Federal Contract Tower,0,8,8,0,16,0,0,30,0,30,0,8,38,0,46,74,0,74,120
12/20/2020,LMT,OR,ANM,WE,Federal Contract Tower,0,3,5,0,8,0,0,19,0,19,0,3,24,0,27,68,0,68,95
12/21/2020,LMT,OR,ANM,WE,Federal Contract Tower,0,6,5,12,23,0,0,19,12,31,0,6,24,24,54,22,8,30,84
12/22/2020,LMT,OR,ANM,WE,Federal Contract Tower,0,8,5,13,26,0,1,32,15,48,0,9,37,28,74,12,12,24,98
12/23/2020,LMT,OR,ANM,WE,Federal Contract Tower,0,14,5,23,42,0,5,46,13,64,0,19,51,36,106,50,0,50,156
12/24/2020,LMT,OR,ANM,WE,Federal Contract Tower,0,4,4,0,8,0,2,18,0,20,0,6,22,0,28,4,0,4,32
12/25/2020,LMT,OR,ANM,WE,Federal Contract Tower,0,2,2,0,4,0,0,0,0,0,0,2,2,0,4,0,0,0,4
12/26/2020,LMT,OR,ANM,WE,Federal Contract Tower,0,6,2,0,8,0,0,0,0,0,0,6,2,0,8,0,0,0,8
12/27/2020,LMT,OR,ANM,WE,Federal Contract Tower,0,0,11,0,11,0,0,15,0,15,0,0,26,0,26,10,0,10,36
12/28/2020,LMT,OR,ANM,WE,Federal Contract Tower,0,3,4,11,18,0,0,21,7,28,0,3,25,18,46,26,2,28,74
12/29/2020,LMT,OR,ANM,WE,Federal Contract Tower,0,7,6,17,30,0,0,23,19,42,0,7,29,36,72,31,16,47,119
12/30/2020,LMT,OR,ANM,WE,Federal Contract Tower,0,9,1,23,33,0,0,7,5,12,0,9,8,28,45,68,0,68,113
12/31/2020,LMT,OR,ANM,WE,Federal Contract Tower,0,1,1,14,16,0,5,0,0,5,0,6,1,14,21,0,0,0,21
01/01/2021,LMT,OR,ANM,WE,Federal Contract Tower,0,0,5,0,5,0,0,12,0,12,0,0,17,0,17,16,0,16,33
01/02/2021,LMT,OR,ANM,WE,Federal Contract Tower,0,4,3,0,7,0,0,9,0,9,0,4,12,0,16,24,0,24,40
01/03/2021,LMT,OR,ANM,WE,Federal Contract Tower,0,0,1,0,1,0,0,1,0,1,0,0,2,0,2,0,0,0,2
01/04/2021,LMT,OR,ANM,WE,Federal Contract Tower,0,5,1,0,6,0,0,0,0,0,0,5,1,0,6,0,0,0,6
01/05/2021,LMT,OR,ANM,WE,Federal Contract Tower,0,12,0,19,31,0,3,6,17,26,0,15,6,36,57,0,16,16,73
01/06/2021,LMT,OR,ANM,WE,Federal Contract Tower,0,7,8,18,33,0,0,4,10,14,0,7,12,28,47,8,10,18,65
01/07/2021,LMT,OR,ANM,WE,Federal Contract Tower,0,6,1,17,24,0,2,15,18,35,0,8,16,35,59,14,12,26,85
01/08/2021,LMT,OR,ANM,WE,Federal Contract Tower,0,6,3,6,15,0,0,5,6,11,0,6,8,12,26,0,0,0,26
01/09/2021,LMT,OR,ANM,WE,Federal Contract Tower,0,2,5,0,7,0,1,6,0,7,0,3,11,0,14,14,0,14,28
01/10/2021,LMT,OR,ANM,WE,Federal Contract Tower,0,2,20,10,32,0,0,8,0,8,0,2,28,10,40,27,10,37,77
01/11/2021,LMT,OR,ANM,WE,Federal Contract Tower,0,3,1,0,4,0,0,1,0,1,0,3,2,0,5,0,0,0,5
01/12/2021,LMT,OR,ANM,WE,Federal Contract Tower,0,7,4,12,23,0,0,5,20,25,0,7,9,32,48,0,32,32,80
01/13/2021,LMT,OR,ANM,WE,Federal Contract Tower,0,3,6,17,26,0,2,13,14,29,0,5,19,31,55,0,16,16,71
01/14/2021,LMT,OR,ANM,WE,Federal Contract Tower,0,6,2,15,23,0,0,52,19,71,0,6,54,34,94,2,40,42,136
01/15/2021,LMT,OR,ANM,WE,Federal Contract Tower,0,4,2,13,19,0,1,22,23,46,0,5,24,36,65,40,34,74,139
01/16/2021,LMT,OR,ANM,WE,Federal Contract Tower,0,7,2,0,9,0,0,0,0,0,0,7,2,0,9,0,0,0,9
01/17/2021,LMT,OR,ANM,WE,Federal Contract Tower,0,0,0,0,0,0,0,5,0,5,0,0,5,0,5,23,0,23,28
01/18/2021,LMT,OR,ANM,WE,Federal Contract Tower,0,5,8,0,13,0,0,46,0,46,0,5,54,0,59,70,0,70,129
01/19/2021,LMT,OR,ANM,WE,Federal Contract Tower,0,9,12,31,52,0,1,24,19,44,0,10,36,50,96,49,37,86,182
01/20/2021,LMT,OR,ANM,WE,Federal Contract Tower,0,7,4,20,31,0,0,69,19,88,0,7,73,39,119,18,27,45,164
01/21/2021,LMT,OR,ANM,WE,Federal Contract Tower,0,5,1,37,43,0,0,19,17,36,0,5,20,54,79,16,50,66,145
01/22/2021,LMT,OR,ANM,WE,Federal Contract Tower,0,6,2,0,8,0,0,21,0,21,0,6,23,0,29,24,0,24,53
01/23/2021,LMT,OR,ANM,WE,Federal Contract Tower,0,4,5,3,12,0,0,41,2,43,0,4,46,5,55,10,12,22,77
01/24/2021,LMT,OR,ANM,WE,Federal Contract Tower,0,2,3,0,5,0,0,0,0,0,0,2,3,0,5,0,0,0,5
01/25/2021,LMT,OR,ANM,WE,Federal Contract Tower,0,5,3,19,27,0,0,6,18,24,0,5,9,37,51,4,52,56,107
01/26/2021,LMT,OR,ANM,WE,Federal Contract Tower,0,6,4,29,39,0,0,7,9,16,0,6,11,38,55,0,24,24,79
01/27/2021,LMT,OR,ANM,WE,Federal Contract Tower,0,9,3,11,23,0,0,0,11,11,0,9,3,22,34,0,8,8,42
01/28/2021,LMT,OR,ANM,WE,Federal Contract Tower,0,7,5,23,35,0,0,5,2,7,0,7,10,25,42,0,4,4,46
01/29/2021,LMT,OR,ANM,WE,Federal Contract Tower,0,7,1,41,49,0,0,11,5,16,0,7,12,46,65,2,4,6,71
01/30/2021,LMT,OR,ANM,WE,Federal Contract Tower,0,1,4,0,5,0,0,22,0,22,0,1,26,0,27,56,0,56,83
01/31/2021,LMT,OR,ANM,WE,Federal Contract Tower,0,1,4,0,5,0,0,5,0,5,0,1,9,0,10,42,0,42,52
02/01/2021,LMT,OR,ANM,WE,Federal Contract Tower,0,5,6,15,26,0,0,3,8,11,0,5,9,23,37,0,10,10,47
02/02/2021,LMT,OR,ANM,WE,Federal Contract Tower,0,3,1,27,31,0,1,11,8,20,0,4,12,35,51,48,16,64,115
02/03/2021,LMT,OR,ANM,WE,Federal Contract Tower,0,5,1,15,21,0,0,10,8,18,0,5,11,23,39,12,6,18,57
02/04/2021,LMT,OR,ANM,WE,Federal Contract Tower,0,5,8,24,37,0,1,53,18,72,0,6,61,42,109,30,16,46,155
02/05/2021,LMT,OR,ANM,WE,Federal Contract Tower,0,8,5,21,34,0,1,17,8,26,0,9,22,29,60,40,24,64,124
02/06/2021,LMT,OR,ANM,WE,Federal Contract Tower,0,6,2,4,12,0,0,38,0,38,0,6,40,4,50,12,6,18,68
02/07/2021,LMT,OR,ANM,WE,Federal Contract Tower,0,0,1,0,1,0,0,42,0,42,0,0,43,0,43,48,0,48,91
02/08/2021,LMT,OR,ANM,WE,Federal Contract Tower,0,3,4,0,7,0,0,37,0,37,0,3,41,0,44,32,0,32,76
02/09/2021,LMT,OR,ANM,WE,Federal Contract Tower,0,2,4,28,34,0,1,18,11,30,0,3,22,39,64,8,32,40,104
02/10/2021,LMT,OR,ANM,WE,Federal Contract Tower,0,6,2,27,35,0,2,22,16,40,0,8,24,43,75,14,40,54,129
02/11/2021,LMT,OR,ANM,WE,Federal Contract Tower,0,4,3,15,22,0,0,5,9,14,0,4,8,24,36,10,30,40,76
02/12/2021,LMT,OR,ANM,WE,Federal Contract Tower,0,6,3,12,21,0,2,10,8,20,0,8,13,20,41,8,6,14,55
02/13/2021,LMT,OR,ANM,WE,Federal Contract Tower,0,4,0,0,4,0,0,0,0,0,0,4,0,0,4,0,0,0,4
02/14/2021,LMT,OR,ANM,WE,Federal Contract Tower,0,1,3,0,4,0,0,0,0,0,0,1,3,0,4,0,0,0,4
02/15/2021,LMT,OR,ANM,WE,Federal Contract Tower,0,9,6,0,15,0,3,8,0,11,0,12,14,0,26,14,0,14,40
02/16/2021,LMT,OR,ANM,WE,Federal Contract Tower,0,2,5,17,24,0,2,5,14,21,0,4,10,31,45,16,26,42,87
02/17/2021,LMT,OR,ANM,WE,Federal Contract Tower,0,5,5,27,37,0,0,27,13,40,0,5,32,40,77,20,44,64,141
02/18/2021,LMT,OR,ANM,WE,Federal Contract Tower,0,5,1,6,12,0,0,0,0,0,0,5,1,6,12,0,0,0,12
02/19/2021,LMT,OR,ANM,WE,Federal Contract Tower,0,4,2,26,32,0,0,4,6,10,0,4,6,32,42,0,24,24,66
02/20/2021,LMT,OR,ANM,WE,Federal Contract Tower,0,3,2,26,31,0,0,14,17,31,0,3,16,43,62,24,30,54,116
02/21/2021,LMT,OR,ANM,WE,Federal Contract Tower,0,2,2,22,26,0,0,18,8,26,0,2,20,30,52,14,18,32,84
02/22/2021,LMT,OR,ANM,WE,Federal Contract Tower,0,4,2,6,12,0,1,38,3,42,0,5,40,9,54,52,64,116,170
02/23/2021,LMT,OR,ANM,WE,Federal Contract Tower,0,4,19,22,45,0,2,49,12,63,0,6,68,34,108,36,22,58,166
02/24/2021,LMT,OR,ANM,WE,Federal Contract Tower,0,4,10,36,50,0,3,54,18,75,0,7,64,54,125,52,30,82,207
02/25/2021,LMT,OR,ANM,WE,Federal Contract Tower,0,4,11,32,47,0,0,16,20,36,0,4,27,52,83,24,22,46,129
02/27/2021,LMT,OR,ANM,WE,Federal Contract Tower,0,4,4,0,8,0,0,2,5,7,0,4,6,5,15,2,0,2,17
02/28/2021,LMT,OR,ANM,WE,Federal Contract Tower,0,0,13,1,14,0,0,53,1,54,0,0,66,2,68,12,4,16,84
03/01/2021,LMT,OR,ANM,WE,Federal Contract Tower,0,4,7,41,52,0,1,31,24,56,0,5,38,65,108,64,34,98,206
03/02/2021,LMT,OR,ANM,WE,Federal Contract Tower,0,4,7,26,37,0,5,53,10,68,0,9,60,36,105,42,12,54,159
03/03/2021,LMT,OR,ANM,WE,Federal Contract Tower,0,6,2,29,37,0,7,66,12,85,0,13,68,41,122,54,7,61,183
03/04/2021,LMT,OR,ANM,WE,Federal Contract Tower,0,3,3,26,32,0,2,12,15,29,0,5,15,41,61,20,70,90,151
03/05/2021,LMT,OR,ANM,WE,Federal Contract Tower,0,4,3,0,7,0,1,1,0,2,0,5,4,0,9,0,0,0,9
03/06/2021,LMT,OR,ANM,WE,Federal Contract Tower,0,2,5,14,21,0,0,17,14,31,0,2,22,28,52,28,48,76,128
03/08/2021,LMT,OR,ANM,WE,Federal Contract Tower,0,3,2,0,5,0,4,7,0,11,0,7,9,0,16,4,0,4,20
03/09/2021,LMT,OR,ANM,WE,Federal Contract Tower,0,7,6,29,42,0,2,16,10,28,0,9,22,39,70,0,14,14,84
03/10/2021,LMT,OR,ANM,WE,Federal Contract Tower,0,8,2,22,32,0,0,3,12,15,0,8,5,34,47,24,30,54,101
03/11/2021,LMT,OR,ANM,WE,Federal Contract Tower,0,5,4,32,41,0,0,16,11,27,0,5,20,43,68,10,58,68,136
03/12/2021,LMT,OR,ANM,WE,Federal Contract Tower,0,3,5,10,18,0,1,47,11,59,0,4,52,21,77,10,42,52,129
03/13/2021,LMT,OR,ANM,WE,Federal Contract Tower,0,2,4,1,7,0,0,36,2,38,0,2,40,3,45,64,0,64,109
03/14/2021,LMT,OR,ANM,WE,Federal Contract Tower,0,0,4,0,4,0,0,21,0,21,0,0,25,0,25,20,0,20,45
03/15/2021,LMT,OR,ANM,WE,Federal Contract Tower,0,4,2,8,14,0,0,4,12,16,0,4,6,20,30,6,8,14,44
03/16/2021,LMT,OR,ANM,WE,Federal Contract Tower,0,5,4,19,28,0,1,44,19,64,0,6,48,38,92,64,24,88,180
03/17/2021,LMT,OR,ANM,WE,Federal Contract Tower,0,5,1,22,28,0,4,34,18,56,0,9,35,40,84,48,30,78,162
03/18/2021,LMT,OR,ANM,WE,Federal Contract Tower,0,4,2,28,34,0,3,3,12,18,0,7,5,40,52,0,16,16,68
03/19/2021,LMT,OR,ANM,WE,Federal Contract Tower,0,6,1,15,22,0,0,10,12,22,0,6,11,27,44,12,46,58,102
03/20/2021,LMT,OR,ANM,WE,Federal Contract Tower,0,0,8,0,8,0,2,7,4,13,0,2,15,4,21,18,0,18,39
03/21/2021,LMT,OR,ANM,WE,Federal Contract Tower,0,0,1,0,1,0,0,66,0,66,0,0,67,0,67,66,0,66,133
03/22/2021,LMT,OR,ANM,WE,Federal Contract Tower,0,2,2,26,30,0,0,15,6,21,0,2,17,32,51,21,12,33,84
03/23/2021,LMT,OR,ANM,WE,Federal Contract Tower,0,5,6,15,26,0,1,16,21,38,0,6,22,36,64,2,16,18,82
03/24/2021,LMT,OR,ANM,WE,Federal Contract Tower,0,5,3,29,37,0,0,18,12,30,0,5,21,41,67,74,24,98,165
03/25/2021,LMT,OR,ANM,WE,Federal Contract Tower,0,8,4,18,30,0,1,6,6,13,0,9,10,24,43,0,12,12,55
03/26/2021,LMT,OR,ANM,WE,Federal Contract Tower,0,4,3,3,10,0,0,27,1,28,0,4,30,4,38,16,32,48,86
03/27/2021,LMT,OR,ANM,WE,Federal Contract Tower,0,3,4,6,13,0,0,42,3,45,0,3,46,9,58,16,8,24,82
03/28/2021,LMT,OR,ANM,WE,Federal Contract Tower,0,1,5,0,6,0,0,13,0,13,0,1,18,0,19,22,0,22,41
03/29/2021,LMT,OR,ANM,WE,Federal Contract Tower,0,6,11,16,33,0,0,27,26,53,0,6,38,42,86,17,20,37,123
03/30/2021,LMT,OR,ANM,WE,Federal Contract Tower,0,6,3,24,33,0,1,20,19,40,0,7,23,43,73,28,8,36,109
03/31/2021,LMT,OR,ANM,WE,Federal Contract Tower,0,7,2,22,31,0,0,24,20,44,0,7,26,42,75,56,22,78,153
04/01/2021,LMT,OR,ANM,WE,Federal Contract Tower,0,3,0,12,15,0,0,22,12,34,0,3,22,24,49,14,28,42,91
04/02/2021,LMT,OR,ANM,WE,Federal Contract Tower,0,5,7,5,17,0,0,30,0,30,0,5,37,5,47,40,0,40,87
04/03/2021,LMT,OR,ANM,WE,Federal Contract Tower,0,4,4,0,8,0,0,17,4,21,0,4,21,4,29,21,0,21,50
04/04/2021,LMT,OR,ANM,WE,Federal Contract Tower,0,1,1,0,2,0,2,17,0,19,0,3,18,0,21,27,0,27,48
04/05/2021,LMT,OR,ANM,WE,Federal Contract Tower,0,2,0,36,38,0,1,23,6,30,0,3,23,42,68,36,28,64,132
04/06/2021,LMT,OR,ANM,WE,Federal Contract Tower,0,6,9,33,48,0,0,21,11,32,0,6,30,44,80,24,16,40,120
04/07/2021,LMT,OR,ANM,WE,Federal Contract Tower,0,6,6,31,43,0,0,13,12,25,0,6,19,43,68,8,8,16,84
04/08/2021,LMT,OR,ANM,WE,Federal Contract Tower,0,2,3,41,46,0,0,11,16,27,0,2,14,57,73,30,14,44,117
04/09/2021,LMT,OR,ANM,WE,Federal Contract Tower,0,5,3,8,16,0,0,42,10,52,0,5,45,18,68,90,2,92,160
04/10/2021,LMT,OR,ANM,WE,Federal Contract Tower,0,2,3,21,26,0,2,12,18,32,0,4,15,39,58,76,14,90,148
04/11/2021,LMT,OR,ANM,WE,Federal Contract Tower,0,0,2,0,2,0,0,24,1,25,0,0,26,1,27,90,0,90,117
04/12/2021,LMT,OR,ANM,WE,Federal Contract Tower,0,5,2,0,7,0,1,32,8,41,0,6,34,8,48,72,0,72,120
04/13/2021,LMT,OR,ANM,WE,Federal Contract Tower,0,5,8,25,38,0,1,4,27,32,0,6,12,52,70,0,14,14,84
04/14/2021,LMT,OR,ANM,WE,Federal Contract Tower,0,9,8,38,55,0,2,22,18,42,0,11,30,56,97,18,33,51,148
04/15/2021,LMT,OR,ANM,WE,Federal Contract Tower,0,5,3,35,43,0,1,36,20,57,0,6,39,55,100,24,25,49,149
04/16/2021,LMT,OR,ANM,WE,Federal Contract Tower,0,5,2,10,17,0,0,27,9,36,0,5,29,19,53,4,22,26,79
04/17/2021,LMT,OR,ANM,WE,Federal Contract Tower,0,3,1,0,4,0,0,31,0,31,0,3,32,0,35,26,0,26,61
04/18/2021,LMT,OR,ANM,WE,Federal Contract Tower,0,0,2,0,2,0,0,54,0,54,0,0,56,0,56,16,0,16,72
04/19/2021,LMT,OR,ANM,WE,Federal Contract Tower,0,2,2,23,27,0,3,14,17,34,0,5,16,40,61,6,15,21,82
04/20/2021,LMT,OR,ANM,WE,Federal Contract Tower,0,5,2,31,38,0,1,8,11,20,0,6,10,42,58,2,12,14,72
04/21/2021,LMT,OR,ANM,WE,Federal Contract Tower,0,6,7,22,35,0,2,37,22,61,0,8,44,44,96,68,8,76,172
04/22/2021,LMT,OR,ANM,WE,Federal Contract Tower,0,5,4,22,31,0,1,24,18,43,0,6,28,40,74,34,4,38,112
04/23/2021,LMT,OR,ANM,WE,Federal Contract Tower,0,4,3,9,16,0,1,35,8,44,0,5,38,17,60,0,4,4,64
04/24/2021,LMT,OR,ANM,WE,Federal Contract Tower,0,2,4,0,6,0,0,1,0,1,0,2,5,0,7,18,0,18,25
04/25/2021,LMT,OR,ANM,WE,Federal Contract Tower,0,1,2,0,3,0,0,0,0,0,0,1,2,0,3,0,0,0,3
04/26/2021,LMT,OR,ANM,WE,Federal Contract Tower,0,3,0,20,23,0,0,10,8,18,0,3,10,28,41,18,12,30,71
04/27/2021,LMT,OR,ANM,WE,Federal Contract Tower,0,5,0,22,27,0,3,43,17,63,0,8,43,39,90,58,26,84,174
04/28/2021,LMT,OR,ANM,WE,Federal Contract Tower,0,6,0,18,24,0,8,42,22,72,0,14,42,40,96,8,32,40,136
04/29/2021,LMT,OR,ANM,WE,Federal Contract Tower,0,6,3,18,27,0,1,27,14,42,0,7,30,32,69,0,10,10,79
04/30/2021,LMT,OR,ANM,WE,Federal Contract Tower,0,5,1,9,15,0,5,26,9,40,0,10,27,18,55,34,14,48,103
05/01/2021,LMT,OR,ANM,WE,Federal Contract Tower,0,2,6,19,27,0,1,11,10,22,0,3,17,29,49,0,12,12,61
05/02/2021,LMT,OR,ANM,WE,Federal Contract Tower,0,1,9,3,13,0,0,17,3,20,0,1,26,6,33,105,2,107,140
05/03/2021,LMT,OR,ANM,WE,Federal Contract Tower,0,3,0,0,3,0,0,27,0,27,0,3,27,0,30,86,0,86,116
05/04/2021,LMT,OR,ANM,WE,Federal Contract Tower,0,2,3,10,15,0,2,19,9,30,0,4,22,19,45,24,4,28,73
05/05/2021,LMT,OR,ANM,WE,Federal Contract Tower,0,6,5,10,21,0,4,35,12,51,0,10,40,22,72,10,24,34,106
05/06/2021,LMT,OR,ANM,WE,Federal Contract Tower,0,7,4,12,23,0,2,27,4,33,0,9,31,16,56,62,8,70,126
05/07/2021,LMT,OR,ANM,WE,Federal Contract Tower,0,4,4,6,14,0,5,48,7,60,0,9,52,13,74,32,6,38,112
05/08/2021,LMT,OR,ANM,WE,Federal Contract Tower,0,8,0,1,9,0,0,27,0,27,0,8,27,1,36,40,12,52,88
05/09/2021,LMT,OR,ANM,WE,Federal Contract Tower,0,0,0,0,0,0,0,12,0,12,0,0,12,0,12,8,0,8,20
05/10/2021,LMT,OR,ANM,WE,Federal Contract Tower,0,4,4,10,18,0,2,38,20,60,0,6,42,30,78,0,6,6,84
05/11/2021,LMT,OR,ANM,WE,Federal Contract Tower,0,5,2,26,33,0,2,46,10,58,0,7,48,36,91,32,24,56,147
05/12/2021,LMT,OR,ANM,WE,Federal Contract Tower,0,7,5,9,21,0,8,39,11,58,0,15,44,20,79,0,24,24,103
05/13/2021,LMT,OR,ANM,WE,Federal Contract Tower,0,2,4,24,30,0,5,20,10,35,0,7,24,34,65,26,22,48,113
05/14/2021,LMT,OR,ANM,WE,Federal Contract Tower,0,5,6,7,18,0,4,40,7,51,0,9,46,14,69,48,10,58,127
05/15/2021,LMT,OR,ANM,WE,Federal Contract Tower,0,3,4,2,9,0,1,14,5,20,0,4,18,7,29,0,0,0,29
05/16/2021,LMT,OR,ANM,WE,Federal Contract Tower,0,0,5,2,7,0,2,25,0,27,0,2,30,2,34,50,0,50,84
05/17/2021,LMT,OR,ANM,WE,Federal Contract Tower,0,4,10,19,33,0,3,34,3,40,0,7,44,22,73,36,46,82,155
05/18/2021,LMT,OR,ANM,WE,Federal Contract Tower,0,8,10,21,39,0,2,13,20,35,0,10,23,41,74,0,28,28,102
05/19/2021,LMT,OR,ANM,WE,Federal Contract Tower,0,6,0,34,40,0,2,9,18,29,0,8,9,52,69,0,56,56,125
05/20/2021,LMT,OR,ANM,WE,Federal Contract Tower,0,5,7,14,26,0,0,1,11,12,0,5,8,25,38,0,12,12,50
05/21/2021,LMT,OR,ANM,WE,Federal Contract Tower,0,6,3,2,11,0,0,3,0,3,0,6,6,2,14,12,0,12,26
05/22/2021,LMT,OR,ANM,WE,Federal Contract Tower,0,3,0,0,3,0,1,10,0,11,0,4,10,0,14,38,0,38,52
05/23/2021,LMT,OR,ANM,WE,Federal Contract Tower,0,1,1,3,5,0,0,9,3,12,0,1,10,6,17,8,0,8,25
05/24/2021,LMT,OR,ANM,WE,Federal Contract Tower,0,4,3,22,29,0,1,19,15,35,0,5,22,37,64,62,32,94,158
05/25/2021,LMT,OR,ANM,WE,Federal Contract Tower,0,2,0,20,22,0,3,18,18,39,0,5,18,38,61,4,18,22,83
05/26/2021,LMT,OR,ANM,WE,Federal Contract Tower,0,4,2,15,21,0,2,49,16,67,0,6,51,31,88,16,6,22,110
05/27/2021,LMT,OR,ANM,WE,Federal Contract Tower,0,6,10,10,26,0,1,26,9,36,0,7,36,19,62,18,12,30,92
05/28/2021,LMT,OR,ANM,WE,Federal Contract Tower,0,4,1,1,6,0,4,39,0,43,0,8,40,1,49,4,78,82,131
05/29/2021,LMT,OR,ANM,WE,Federal Contract Tower,0,1,6,0,7,0,2,47,4,53,0,3,53,4,60,18,0,18,78
05/30/2021,LMT,OR,ANM,WE,Federal Contract Tower,0,2,1,0,3,0,1,38,0,39,0,3,39,0,42,42,0,42,84
05/31/2021,LMT,OR,ANM,WE,Federal Contract Tower,0,2,3,0,5,0,0,51,2,53,0,2,54,2,58,16,0,16,74
06/01/2021,LMT,OR,ANM,WE,Federal Contract Tower,0,5,5,24,34,0,5,17,8,30,0,10,22,32,64,25,16,41,105
06/02/2021,LMT,OR,ANM,WE,Federal Contract Tower,0,6,0,27,33,0,4,29,13,46,0,10,29,40,79,10,48,58,137
06/03/2021,LMT,OR,ANM,WE,Federal Contract Tower,0,3,16,18,37,0,4,26,20,50,0,7,42,38,87,52,2,54,141
06/04/2021,LMT,OR,ANM,WE,Federal Contract Tower,0,3,8,28,39,0,5,28,24,57,0,8,36,52,96,42,4,46,142
06/05/2021,LMT,OR,ANM,WE,Federal Contract Tower,0,2,0,13,15,0,3,42,12,57,0,5,42,25,72,0,40,40,112
06/06/2021,LMT,OR,ANM,WE,Federal Contract Tower,0,1,2,8,11,0,0,42,0,42,0,1,44,8,53,58,18,76,129
06/07/2021,LMT,OR,ANM,WE,Federal Contract Tower,0,8,5,8,21,0,0,31,1,32,0,8,36,9,53,61,56,117,170
06/08/2021,LMT,OR,ANM,WE,Federal Contract Tower,0,3,5,25,33,0,1,15,23,39,0,4,20,48,72,26,60,86,158
06/09/2021,LMT,OR,ANM,WE,Federal Contract Tower,0,5,8,37,50,0,0,28,9,37,0,5,36,46,87,98,24,122,209
06/10/2021,LMT,OR,ANM,WE,Federal Contract Tower,0,7,6,28,41,0,0,21,19,40,0,7,27,47,81,4,50,54,135
06/11/2021,LMT,OR,ANM,WE,Federal Contract Tower,0,7,1,16,24,0,0,23,8,31,0,7,24,24,55,46,37,83,138
06/12/2021,LMT,OR,ANM,WE,Federal Contract Tower,0,4,9,0,13,0,4,49,0,53,0,8,58,0,66,37,0,37,103
06/13/2021,LMT,OR,ANM,WE,Federal Contract Tower,0,0,0,0,0,0,0,32,0,32,0,0,32,0,32,68,0,68,100
06/14/2021,LMT,OR,ANM,WE,Federal Contract Tower,0,8,0,18,26,0,0,8,16,24,0,8,8,34,50,14,4,18,68
06/15/2021,LMT,OR,ANM,WE,Federal Contract Tower,0,6,5,27,38,0,1,23,13,37,0,7,28,40,75,56,42,98,173
06/16/2021,LMT,OR,ANM,WE,Federal Contract Tower,0,4,2,28,34,0,1,51,19,71,0,5,53,47,105,20,64,84,189
06/17/2021,LMT,OR,ANM,WE,Federal Contract Tower,0,3,4,19,26,0,3,22,20,45,0,6,26,39,71,18,22,40,111
06/18/2021,LMT,OR,ANM,WE,Federal Contract Tower,0,4,9,7,20,0,4,65,13,82,0,8,74,20,102,56,16,72,174
06/19/2021,LMT,OR,ANM,WE,Federal Contract Tower,0,3,15,0,18,0,3,32,0,35,0,6,47,0,53,52,0,52,105
06/20/2021,LMT,OR,ANM,WE,Federal Contract Tower,0,0,2,0,2,0,37,54,0,91,0,37,56,0,93,32,0,32,125
06/21/2021,LMT,OR,ANM,WE,Federal Contract Tower,0,4,1,24,29,0,16,47,6,69,0,20,48,30,98,10,24,34,132
06/22/2021,LMT,OR,ANM,WE,Federal Contract Tower,0,3,4,25,32,0,6,14,4,24,0,9,18,29,56,2,30,32,88
06/23/2021,LMT,OR,ANM,WE,Federal Contract Tower,0,4,2,36,42,0,7,45,1,53,0,11,47,37,95,10,60,70,165
06/24/2021,LMT,OR,ANM,WE,Federal Contract Tower,0,4,7,8,19,0,6,72,0,78,0,10,79,8,97,20,0,20,117
06/25/2021,LMT,OR,ANM,WE,Federal Contract Tower,0,5,2,2,9,0,2,45,0,47,0,7,47,2,56,0,2,2,58
06/27/2021,LMT,OR,ANM,WE,Federal Contract Tower,0,1,7,2,10,0,12,21,0,33,0,13,28,2,43,4,0,4,47
06/28/2021,LMT,OR,ANM,WE,Federal Contract Tower,0,4,3,18,25,0,36,49,13,98,0,40,52,31,123,2,44,46,169
06/29/2021,LMT,OR,ANM,WE,Federal Contract Tower,0,2,4,26,32,0,84,55,30,169,0,86,59,56,201,22,16,38,239
06/30/2021,LMT,OR,ANM,WE,Federal Contract Tower,0,11,3,16,30,0,16,21,20,57,0,27,24,36,87,92,14,106,193
07/01/2021,LMT,OR,ANM,WE,Federal Contract Tower,0,6,5,7,18,0,28,27,8,63,0,34,32,15,81,42,2,44,125
07/02/2021,LMT,OR,ANM,WE,Federal Contract Tower,0,9,10,0,19,0,14,54,1,69,0,23,64,1,88,26,0,26,114
07/03/2021,LMT,OR,ANM,WE,Federal Contract Tower,0,1,0,0,1,0,6,30,0,36,0,7,30,0,37,16,0,16,53
07/04/2021,LMT,OR,ANM,WE,Federal Contract Tower,0,1,2,2,5,0,0,10,4,14,0,1,12,6,19,0,4,4,23
07/05/2021,LMT,OR,ANM,WE,Federal Contract Tower,0,2,3,0,5,0,43,40,0,83,0,45,43,0,88,28,0,28,116
07/06/2021,LMT,OR,ANM,WE,Federal Contract Tower,0,6,2,12,20,0,53,26,12,91,0,59,28,24,111,0,16,16,127
07/07/2021,LMT,OR,ANM,WE,Federal Contract Tower,0,1,2,16,19,0,51,36,15,102,0,52,38,31,121,42,28,70,191
07/09/2021,LMT,OR,ANM,WE,Federal Contract Tower,0,3,6,29,38,0,75,53,6,134,0,78,59,35,172,26,24,50,222
07/10/2021,LMT,OR,ANM,WE,Federal Contract Tower,0,7,9,29,45,0,33,21,7,61,0,40,30,36,106,38,10,48,154
07/11/2021,LMT,OR,ANM,WE,Federal Contract Tower,0,2,14,18,34,0,5,13,0,18,0,7,27,18,52,52,0,52,104
07/12/2021,LMT,OR,ANM,WE,Federal Contract Tower,0,7,4,0,11,0,19,16,0,35,0,26,20,0,46,22,0,22,68
07/13/2021,LMT,OR,ANM,WE,Federal Contract Tower,0,5,16,36,57,0,26,20,0,46,0,31,36,36,103,74,0,74,177
07/14/2021,LMT,OR,ANM,WE,Federal Contract Tower,0,10,4,33,47,0,24,6,2,32,0,34,10,35,79,0,12,12,91
07/15/2021,LMT,OR,ANM,WE,Federal Contract Tower,0,4,3,24,31,0,65,8,22,95,0,69,11,46,126,0,6,6,132
07/16/2021,LMT,OR,ANM,WE,Federal Contract Tower,0,11,2,22,35,0,29,16,10,55,0,40,18,32,90,52,48,100,190
07/17/2021,LMT,OR,ANM,WE,Federal Contract Tower,0,3,3,0,6,0,11,25,0,36,0,14,28,0,42,50,0,50,92
07/18/2021,LMT,OR,ANM,WE,Federal Contract Tower,0,0,1,0,1,0,3,26,0,29,0,3,27,0,30,76,0,76,106
07/19/2021,LMT,OR,ANM,WE,Federal Contract Tower,0,3,6,30,39,0,0,58,8,66,0,3,64,38,105,50,86,136,241
07/20/2021,LMT,OR,ANM,WE,Federal Contract Tower,0,2,6,34,42,0,1,33,7,41,0,3,39,41,83,26,20,46,129
07/21/2021,LMT,OR,ANM,WE,Federal Contract Tower,0,5,3,35,43,0,3,27,6,36,0,8,30,41,79,20,32,52,131
07/22/2021,LMT,OR,ANM,WE,Federal Contract Tower,0,4,2,11,17,0,19,45,12,76,0,23,47,23,93,30,6,36,129
07/23/2021,LMT,OR,ANM,WE,Federal Contract Tower,0,7,1,2,10,0,11,32,2,45,0,18,33,4,55,16,0,16,71
07/24/2021,LMT,OR,ANM,WE,Federal Contract Tower,0,4,6,0,10,0,4,4,0,8,0,8,10,0,18,20,0,20,38
07/25/2021,LMT,OR,ANM,WE,Federal Contract Tower,0,0,0,0,0,0,55,16,2,73,0,55,16,2,73,75,0,75,148
07/26/2021,LMT,OR,ANM,WE,Federal Contract Tower,0,3,6,26,35,0,1,23,14,38,0,4,29,40,73,39,36,75,148
07/27/2021,LMT,OR,ANM,WE,Federal Contract Tower,0,7,3,20,30,0,5,15,0,20,0,12,18,20,50,18,0,18,68
07/28/2021,LMT,OR,ANM,WE,Federal Contract Tower,0,7,8,25,40,0,5,18,17,40,0,12,26,42,80,34,38,72,152
07/29/2021,LMT,OR,ANM,WE,Federal Contract Tower,0,4,6,6,16,0,11,32,10,53,0,15,38,16,69,20,0,20,89
07/30/2021,LMT,OR,ANM,WE,Federal Contract Tower,0,4,6,4,14,0,8,33,4,45,0,12,39,8,59,7,6,13,72
07/31/2021,LMT,OR,ANM,WE,Federal Contract Tower,0,4,6,0,10,0,7,57,0,64,0,11,63,0,74,32,0,32,106
08/01/2021,LMT,OR,ANM,WE,Federal Contract Tower,0,0,0,0,0,0,20,39,6,65,0,20,39,6,65,26,0,26,91
08/03/2021,LMT,OR,ANM,WE,Federal Contract Tower,0,6,6,19,31,0,26,42,7,75,0,32,48,26,106,48,2,50,156
08/04/2021,LMT,OR,ANM,WE,Federal Contract Tower,0,10,9,24,43,0,3,12,4,19,0,13,21,28,62,72,2,74,136
08/05/2021,LMT,OR,ANM,WE,Federal Contract Tower,0,4,1,19,24,0,14,2,2,18,0,18,3,21,42,2,8,10,52
08/06/2021,LMT,OR,ANM,WE,Federal Contract Tower,0,4,6,0,10,0,13,22,0,35,0,17,28,0,45,44,0,44,89
08/07/2021,LMT,OR,ANM,WE,Federal Contract Tower,0,3,2,2,7,0,8,23,0,31,0,11,25,2,38,0,0,0,38
08/08/2021,LMT,OR,ANM,WE,Federal Contract Tower,0,2,10,0,12,0,2,24,0,26,0,4,34,0,38,0,0,0,38
08/09/2021,LMT,OR,ANM,WE,Federal Contract Tower,0,5,3,0,8,0,0,26,0,26,0,5,29,0,34,8,0,8,42
08/10/2021,LMT,OR,ANM,WE,Federal Contract Tower,0,4,5,45,54,0,1,23,14,38,0,5,28,59,92,28,12,40,132
08/11/2021,LMT,OR,ANM,WE,Federal Contract Tower,0,3,3,26,32,0,10,13,15,38,0,13,16,41,70,10,16,26,96
08/12/2021,LMT,OR,ANM,WE,Federal Contract Tower,0,7,12,35,54,0,20,4,0,24,0,27,16,35,78,0,2,2,80
08/13/2021,LMT,OR,ANM,WE,Federal Contract Tower,0,13,6,12,31,0,5,8,0,13,0,18,14,12,44,0,0,0,44
08/14/2021,LMT,OR,ANM,WE,Federal Contract Tower,0,6,11,4,21,0,0,1,0,1,0,6,12,4,22,0,0,0,22
08/15/2021,LMT,OR,ANM,WE,Federal Contract Tower,0,3,2,0,5,0,0,4,0,4,0,3,6,0,9,0,0,0,9
08/16/2021,LMT,OR,ANM,WE,Federal Contract Tower,0,3,6,18,27,0,0,4,0,4,0,3,10,18,31,6,0,6,37
08/17/2021,LMT,OR,ANM,WE,Federal Contract Tower,0,10,12,34,56,0,1,8,3,12,0,11,20,37,68,0,18,18,86
08/18/2021,LMT,OR,ANM,WE,Federal Contract Tower,0,8,5,29,42,0,1,22,17,40,0,9,27,46,82,2,30,32,114
08/19/2021,LMT,OR,ANM,WE,Federal Contract Tower,0,8,4,36,48,0,4,12,5,21,0,12,16,41,69,24,34,58,127
08/20/2021,LMT,OR,ANM,WE,Federal Contract Tower,0,6,6,17,29,0,0,11,10,21,0,6,17,27,50,0,20,20,70
08/21/2021,LMT,OR,ANM,WE,Federal Contract Tower,0,4,5,0,9,0,1,9,0,10,0,5,14,0,19,8,0,8,27
08/22/2021,LMT,OR,ANM,WE,Federal Contract Tower,0,2,8,0,10,0,0,4,0,4,0,2,12,0,14,2,0,2,16
08/23/2021,LMT,OR,ANM,WE,Federal Contract Tower,0,5,1,29,35,0,0,0,6,6,0,5,1,35,41,6,32,38,79
08/24/2021,LMT,OR,ANM,WE,Federal Contract Tower,0,6,2,33,41,0,1,1,9,11,0,7,3,42,52,6,18,24,76
08/25/2021,LMT,OR,ANM,WE,Federal Contract Tower,0,9,8,34,51,0,0,5,6,11,0,9,13,40,62,0,6,6,68
08/26/2021,LMT,OR,ANM,WE,Federal Contract Tower,0,7,3,12,22,0,3,18,8,29,0,10,21,20,51,18,12,30,81
08/27/2021,LMT,OR,ANM,WE,Federal Contract Tower,0,7,15,0,22,0,0,14,0,14,0,7,29,0,36,22,0,22,58
08/28/2021,LMT,OR,ANM,WE,Federal Contract Tower,0,4,4,2,10,0,2,15,0,17,0,6,19,2,27,6,0,6,33
08/29/2021,LMT,OR,ANM,WE,Federal Contract Tower,0,0,11,0,11,0,0,13,0,13,0,0,24,0,24,38,0,38,62
08/30/2021,LMT,OR,ANM,WE,Federal Contract Tower,0,6,4,21,31,0,1,3,1,5,0,7,7,22,36,0,0,0,36
08/31/2021,LMT,OR,ANM,WE,Federal Contract Tower,0,6,7,18,31,0,5,8,5,18,0,11,15,23,49,0,6,6,55
09/01/2021,LMT,OR,ANM,WE,Federal Contract Tower,0,7,5,20,32,0,1,6,6,13,0,8,11,26,45,0,52,52,97
09/02/2021,LMT,OR,ANM,WE,Federal Contract Tower,0,3,3,10,16,0,3,15,10,28,0,6,18,20,44,27,12,39,83
09/03/2021,LMT,OR,ANM,WE,Federal Contract Tower,0,3,7,0,10,0,0,35,0,35,0,3,42,0,45,30,0,30,75
09/04/2021,LMT,OR,ANM,WE,Federal Contract Tower,0,5,18,0,23,0,0,0,0,0,0,5,18,0,23,0,0,0,23
09/05/2021,LMT,OR,ANM,WE,Federal Contract Tower,0,0,10,0,10,0,0,0,0,0,0,0,10,0,10,20,0,20,30
09/06/2021,LMT,OR,ANM,WE,Federal Contract Tower,0,5,6,0,11,0,36,12,0,48,0,41,18,0,59,0,0,0,59
09/07/2021,LMT,OR,ANM,WE,Federal Contract Tower,0,6,7,22,35,0,54,4,8,66,0,60,11,30,101,2,50,52,153
09/08/2021,LMT,OR,ANM,WE,Federal Contract Tower,0,7,6,40,53,0,0,4,2,6,0,7,10,42,59,0,0,0,59
09/09/2021,LMT,OR,ANM,WE,Federal Contract Tower,0,6,5,40,51,0,0,1,4,5,0,6,6,44,56,0,2,2,58
09/10/2021,LMT,OR,ANM,WE,Federal Contract Tower,0,4,1,27,32,0,1,12,20,33,0,5,13,47,65,0,18,18,83
09/11/2021,LMT,OR,ANM,WE,Federal Contract Tower,0,9,3,0,12,0,5,22,1,28,0,14,25,1,40,26,0,26,66
09/12/2021,LMT,OR,ANM,WE,Federal Contract Tower,0,1,5,12,18,0,3,26,12,41,0,4,31,24,59,36,32,68,127
09/13/2021,LMT,OR,ANM,WE,Federal Contract Tower,0,5,3,0,8,0,16,13,1,30,0,21,16,1,38,14,0,14,52
09/14/2021,LMT,OR,ANM,WE,Federal Contract Tower,0,5,4,22,31,0,28,23,24,75,0,33,27,46,106,10,44,54,160
09/15/2021,LMT,OR,ANM,WE,Federal Contract Tower,0,9,6,23,38,0,6,7,9,22,0,15,13,32,60,0,6,6,66
09/16/2021,LMT,OR,ANM,WE,Federal Contract Tower,0,7,6,18,31,0,3,35,16,54,0,10,41,34,85,14,18,32,117
09/17/2021,LMT,OR,ANM,WE,Federal Contract Tower,0,4,4,12,20,0,1,27,12,40,0,5,31,24,60,12,14,26,86
09/18/2021,LMT,OR,ANM,WE,Federal Contract Tower,0,6,1,0,7,0,0,6,0,6,0,6,7,0,13,36,0,36,49
09/19/2021,LMT,OR,ANM,WE,Federal Contract Tower,0,0,6,0,6,0,5,18,0,23,0,5,24,0,29,12,0,12,41
09/20/2021,LMT,OR,ANM,WE,Federal Contract Tower,0,3,3,35,41,0,1,24,20,45,0,4,27,55,86,40,38,78,164
09/21/2021,LMT,OR,ANM,WE,Federal Contract Tower,0,4,6,17,27,0,8,38,19,65,0,12,44,36,92,2,12,14,106
09/22/2021,LMT,OR,ANM,WE,Federal Contract Tower,0,8,10,19,37,0,3,43,20,66,0,11,53,39,103,34,20,54,157
09/23/2021,LMT,OR,ANM,WE,Federal Contract Tower,0,9,3,28,40,0,4,30,18,52,0,13,33,46,92,18,18,36,128
09/24/2021,LMT,OR,ANM,WE,Federal Contract Tower,0,4,1,22,27,0,0,22,22,44,0,4,23,44,71,26,30,56,127
09/25/2021,LMT,OR,ANM,WE,Federal Contract Tower,0,6,4,0,10,0,0,34,0,34,0,6,38,0,44,26,0,26,70
09/26/2021,LMT,OR,ANM,WE,Federal Contract Tower,0,0,3,2,5,0,0,38,0,38,0,0,41,2,43,46,0,46,89
09/27/2021,LMT,OR,ANM,WE,Federal Contract Tower,0,4,5,40,49,0,3,0,22,25,0,7,5,62,74,0,2,2,76
09/28/2021,LMT,OR,ANM,WE,Federal Contract Tower,0,7,8,44,59,0,0,15,10,25,0,7,23,54,84,0,34,34,118
09/29/2021,LMT,OR,ANM,WE,Federal Contract Tower,0,7,4,11,22,0,11,43,13,67,0,18,47,24,89,16,16,32,121
09/30/2021,LMT,OR,ANM,WE,Federal Contract Tower,0,7,9,21,37,0,3,46,0,49,0,10,55,21,86,30,0,30,116
10/01/2021,LMT,OR,ANM,WE,Federal Contract Tower,0,5,5,7,17,0,2,41,7,50,0,7,46,14,67,69,8,77,144
10/02/2021,LMT,OR,ANM,WE,Federal Contract Tower,0,4,8,0,12,0,1,41,0,42,0,5,49,0,54,22,0,22,76
10/03/2021,LMT,OR,ANM,WE,Federal Contract Tower,0,2,3,0,5,0,0,57,0,57,0,2,60,0,62,56,0,56,118
10/04/2021,LMT,OR,ANM,WE,Federal Contract Tower,0,7,5,0,12,0,1,41,0,42,0,8,46,0,54,16,0,16,70
10/05/2021,LMT,OR,ANM,WE,Federal Contract Tower,0,7,3,27,37,0,4,19,9,32,0,11,22,36,69,22,32,54,123
10/06/2021,LMT,OR,ANM,WE,Federal Contract Tower,0,4,8,24,36,0,3,11,15,29,0,7,19,39,65,36,60,96,161
10/07/2021,LMT,OR,ANM,WE,Federal Contract Tower,0,6,7,27,40,0,0,25,11,36,0,6,32,38,76,28,101,129,205
10/08/2021,LMT,OR,ANM,WE,Federal Contract Tower,0,5,1,9,15,0,2,12,5,19,0,7,13,14,34,8,35,43,77
10/09/2021,LMT,OR,ANM,WE,Federal Contract Tower,0,3,13,0,16,0,5,45,0,50,0,8,58,0,66,62,0,62,128
10/10/2021,LMT,OR,ANM,WE,Federal Contract Tower,0,1,2,0,3,0,1,23,1,25,0,2,25,1,28,54,0,54,82
10/11/2021,LMT,OR,ANM,WE,Federal Contract Tower,0,5,4,3,12,0,1,10,1,12,0,6,14,4,24,22,0,22,46
10/12/2021,LMT,OR,ANM,WE,Federal Contract Tower,0,7,20,25,52,0,0,44,9,53,0,7,64,34,105,18,66,84,189
10/13/2021,LMT,OR,ANM,WE,Federal Contract Tower,0,3,6,23,32,0,1,30,15,46,0,4,36,38,78,48,42,90,168
10/14/2021,LMT,OR,ANM,WE,Federal Contract Tower,0,5,5,17,27,0,2,23,8,33,0,7,28,25,60,4,26,30,90
10/15/2021,LMT,OR,ANM,WE,Federal Contract Tower,0,4,7,18,29,0,0,33,14,47,0,4,40,32,76,16,24,40,116
10/16/2021,LMT,OR,ANM,WE,Federal Contract Tower,0,3,6,17,26,0,3,53,15,71,0,6,59,32,97,0,48,48,145
10/17/2021,LMT,OR,ANM,WE,Federal Contract Tower,0,1,5,0,6,0,1,6,0,7,0,2,11,0,13,0,0,0,13
10/18/2021,LMT,OR,ANM,WE,Federal Contract Tower,0,3,3,5,11,0,0,23,0,23,0,3,26,5,34,60,28,88,122
10/19/2021,LMT,OR,ANM,WE,Federal Contract Tower,0,6,8,31,45,0,2,11,12,25,0,8,19,43,70,0,44,44,114
10/20/2021,LMT,OR,ANM,WE,Federal Contract Tower,0,3,4,18,25,0,0,18,13,31,0,3,22,31,56,30,46,76,132
10/21/2021,LMT,OR,ANM,WE,Federal Contract Tower,0,4,4,13,21,0,2,9,10,21,0,6,13,23,42,24,6,30,72
10/22/2021,LMT,OR,ANM,WE,Federal Contract Tower,0,6,1,4,11,0,0,8,0,8,0,6,9,4,19,64,0,64,83
10/23/2021,LMT,OR,ANM,WE,Federal Contract Tower,0,7,6,0,13,0,0,5,1,6,0,7,11,1,19,52,0,52,71
10/24/2021,LMT,OR,ANM,WE,Federal Contract Tower,0,3,3,0,6,0,0,0,0,0,0,3,3,0,6,0,0,0,6
10/25/2021,LMT,OR,ANM,WE,Federal Contract Tower,0,4,3,21,28,0,1,11,9,21,0,5,14,30,49,52,28,80,129
10/26/2021,LMT,OR,ANM,WE,Federal Contract Tower,0,5,3,33,41,0,0,6,1,7,0,5,9,34,48,44,12,56,104
10/27/2021,LMT,OR,ANM,WE,Federal Contract Tower,0,4,2,33,39,0,3,22,16,41,0,7,24,49,80,105,32,137,217
10/28/2021,LMT,OR,ANM,WE,Federal Contract Tower,0,7,2,19,28,0,4,24,10,38,0,11,26,29,66,52,46,98,164
10/29/2021,LMT,OR,ANM,WE,Federal Contract Tower,0,3,9,10,22,0,1,24,10,35,0,4,33,20,57,14,28,42,99
10/30/2021,LMT,OR,ANM,WE,Federal Contract Tower,0,6,2,4,12,0,0,19,2,21,0,6,21,6,33,30,0,30,63
10/31/2021,LMT,OR,ANM,WE,Federal Contract Tower,0,1,8,2,11,0,0,27,0,27,0,1,35,2,38,68,0,68,106
11/01/2021,LMT,OR,ANM,WE,Federal Contract Tower,0,5,0,0,5,0,1,0,0,1,0,6,0,0,6,96,0,96,102
11/02/2021,LMT,OR,ANM,WE,Federal Contract Tower,0,6,5,18,29,0,2,20,15,37,0,8,25,33,66,28,46,74,140
11/03/2021,LMT,OR,ANM,WE,Federal Contract Tower,0,6,2,16,24,0,1,27,20,48,0,7,29,36,72,2,14,16,88
11/04/2021,LMT,OR,ANM,WE,Federal Contract Tower,0,6,2,22,30,0,0,7,15,22,0,6,9,37,52,64,4,68,120
11/05/2021,LMT,OR,ANM,WE,Federal Contract Tower,0,7,4,22,33,0,0,7,12,19,0,7,11,34,52,6,20,26,78
11/06/2021,LMT,OR,ANM,WE,Federal Contract Tower,0,5,2,34,41,0,0,3,0,3,0,5,5,34,44,104,0,104,148
11/07/2021,LMT,OR,ANM,WE,Federal Contract Tower,0,0,4,1,5,0,0,32,2,34,0,0,36,3,39,106,0,106,145
11/08/2021,LMT,OR,ANM,WE,Federal Contract Tower,0,3,5,22,30,0,1,17,17,35,0,4,22,39,65,12,45,57,122
11/09/2021,LMT,OR,ANM,WE,Federal Contract Tower,0,6,22,18,46,0,0,25,20,45,0,6,47,38,91,72,16,88,179
11/10/2021,LMT,OR,ANM,WE,Federal Contract Tower,0,7,4,10,21,0,0,22,6,28,0,7,26,16,49,96,0,96,145
11/11/2021,LMT,OR,ANM,WE,Federal Contract Tower,0,6,6,5,17,0,5,17,9,31,0,11,23,14,48,72,28,100,148
11/12/2021,LMT,OR,ANM,WE,Federal Contract Tower,0,5,16,0,21,0,0,13,0,13,0,5,29,0,34,23,0,23,57
11/13/2021,LMT,OR,ANM,WE,Federal Contract Tower,0,4,10,0,14,0,0,21,0,21,0,4,31,0,35,73,0,73,108
11/14/2021,LMT,OR,ANM,WE,Federal Contract Tower,0,0,5,0,5,0,0,21,0,21,0,0,26,0,26,12,0,12,38
11/15/2021,LMT,OR,ANM,WE,Federal Contract Tower,0,6,3,45,54,0,0,12,5,17,0,6,15,50,71,46,48,94,165
11/16/2021,LMT,OR,ANM,WE,Federal Contract Tower,0,6,4,28,38,0,1,22,16,39,0,7,26,44,77,56,52,108,185
11/17/2021,LMT,OR,ANM,WE,Federal Contract Tower,0,12,7,32,51,0,3,28,12,43,0,15,35,44,94,31,11,42,136
11/18/2021,LMT,OR,ANM,WE,Federal Contract Tower,0,3,5,11,19,0,1,7,15,23,0,4,12,26,42,68,30,98,140
11/19/2021,LMT,OR,ANM,WE,Federal Contract Tower,0,6,5,29,40,0,1,11,7,19,0,7,16,36,59,82,8,90,149
11/20/2021,LMT,OR,ANM,WE,Federal Contract Tower,0,7,9,0,16,0,0,48,0,48,0,7,57,0,64,79,0,79,143
11/21/2021,LMT,OR,ANM,WE,Federal Contract Tower,0,0,4,0,4,0,0,37,0,37,0,0,41,0,41,48,0,48,89
11/23/2021,LMT,OR,ANM,WE,Federal Contract Tower,0,12,4,24,40,0,0,9,9,18,0,12,13,33,58,62,14,76,134
11/24/2021,LMT,OR,ANM,WE,Federal Contract Tower,0,13,3,6,22,0,0,8,4,12,0,13,11,10,34,56,4,60,94
11/25/2021,LMT,OR,ANM,WE,Federal Contract Tower,0,0,0,0,0,0,0,2,0,2,0,0,2,0,2,12,0,12,14
11/26/2021,LMT,OR,ANM,WE,Federal Contract Tower,0,5,6,0,11,0,2,12,0,14,0,7,18,0,25,10,0,10,35
11/27/2021,LMT,OR,ANM,WE,Federal Contract Tower,0,3,1,0,4,0,1,14,0,15,0,4,15,0,19,46,0,46,65
11/28/2021,LMT,OR,ANM,WE,Federal Contract Tower,0,1,1,1,3,0,0,25,1,26,0,1,26,2,29,62,4,66,95
11/29/2021,LMT,OR,ANM,WE,Federal Contract Tower,0,13,13,19,45,0,2,12,6,20,0,15,25,25,65,15,14,29,94
11/30/2021,LMT,OR,ANM,WE,Federal Contract Tower,0,10,5,8,23,0,1,23,12,36,0,11,28,20,59,8,4,12,71
12/01/2021,LMT,OR,ANM,WE,Federal Contract Tower,0,7,9,21,37,0,0,7,18,25,0,7,16,39,62,0,26,26,88
12/02/2021,LMT,OR,ANM,WE,Federal Contract Tower,0,8,4,30,42,0,0,21,28,49,0,8,25,58,91,44,32,76,167
12/03/2021,LMT,OR,ANM,WE,Federal Contract Tower,0,4,3,24,31,0,4,14,17,35,0,8,17,41,66,56,16,72,138
12/04/2021,LMT,OR,ANM,WE,Federal Contract Tower,0,3,6,9,18,0,0,37,19,56,0,3,43,28,74,58,28,86,160
12/05/2021,LMT,OR,ANM,WE,Federal Contract Tower,0,1,11,3,15,0,0,31,11,42,0,1,42,14,57,43,0,43,100
12/06/2021,LMT,OR,ANM,WE,Federal Contract Tower,0,4,3,17,24,0,0,13,0,13,0,4,16,17,37,102,24,126,163
12/07/2021,LMT,OR,ANM,WE,Federal Contract Tower,0,9,2,49,60,0,1,8,17,26,0,10,10,66,86,27,34,61,147
12/08/2021,LMT,OR,ANM,WE,Federal Contract Tower,0,6,3,19,28,0,0,4,11,15,0,6,7,30,43,31,12,43,86
12/09/2021,LMT,OR,ANM,WE,Federal Contract Tower,0,8,7,27,42,0,0,11,12,23,0,8,18,39,65,52,32,84,149
12/10/2021,LMT,OR,ANM,WE,Federal Contract Tower,0,8,9,7,24,0,1,15,7,23,0,9,24,14,47,38,6,44,91
12/11/2021,LMT,OR,ANM,WE,Federal Contract Tower,0,4,1,0,5,0,0,8,0,8,0,4,9,0,13,50,0,50,63
12/12/2021,LMT,OR,ANM,WE,Federal Contract Tower,0,1,6,0,7,0,0,3,0,3,0,1,9,0,10,17,0,17,27
12/13/2021,LMT,OR,ANM,WE,Federal Contract Tower,0,4,0,0,4,0,0,2,2,4,0,4,2,2,8,0,0,0,8
12/14/2021,LMT,OR,ANM,WE,Federal Contract Tower,0,8,4,10,22,0,1,7,14,22,0,9,11,24,44,50,6,56,100
12/15/2021,LMT,OR,ANM,WE,Federal Contract Tower,0,4,7,0,11,0,0,0,0,0,0,4,7,0,11,0,0,0,11
12/16/2021,LMT,OR,ANM,WE,Federal Contract Tower,0,8,3,18,29,0,1,4,14,19,0,9,7,32,48,54,14,68,116
12/17/2021,LMT,OR,ANM,WE,Federal Contract Tower,0,9,11,52,72,0,0,0,0,0,0,9,11,52,72,0,0,0,72
12/18/2021,LMT,OR,ANM,WE,Federal Contract Tower,0,3,4,0,7,0,3,30,0,33,0,6,34,0,40,116,0,116,156
12/19/2021,LMT,OR,ANM,WE,Federal Contract Tower,0,0,2,0,2,0,0,9,0,9,0,0,11,0,11,96,0,96,107
12/20/2021,LMT,OR,ANM,WE,Federal Contract Tower,0,8,1,28,37,0,1,14,16,31,0,9,15,44,68,46,28,74,142
12/21/2021,LMT,OR,ANM,WE,Federal Contract Tower,0,8,1,18,27,0,0,11,14,25,0,8,12,32,52,78,30,108,160
12/22/2021,LMT,OR,ANM,WE,Federal Contract Tower,0,8,7,12,27,0,0,9,6,15,0,8,16,18,42,10,14,24,66
12/23/2021,LMT,OR,ANM,WE,Federal Contract Tower,0,6,2,0,8,0,0,3,0,3,0,6,5,0,11,12,0,12,23
12/24/2021,LMT,OR,ANM,WE,Federal Contract Tower,0,8,3,0,11,0,0,0,0,0,0,8,3,0,11,0,0,0,11
12/25/2021,LMT,OR,ANM,WE,Federal Contract Tower,0,2,1,0,3,0,0,0,0,0,0,2,1,0,3,0,0,0,3
12/26/2021,LMT,OR,ANM,WE,Federal Contract Tower,0,1,2,0,3,0,0,0,0,0,0,1,2,0,3,0,0,0,3
12/27/2021,LMT,OR,ANM,WE,Federal Contract Tower,0,4,3,0,7,0,0,0,0,0,0,4,3,0,7,0,0,0,7
12/28/2021,LMT,OR,ANM,WE,Federal Contract Tower,0,7,2,0,9,0,0,0,0,0,0,7,2,0,9,0,0,0,9
12/29/2021,LMT,OR,ANM,WE,Federal Contract Tower,0,12,0,8,20,0,1,6,4,11,0,13,6,12,31,72,12,84,115
12/30/2021,LMT,OR,ANM,WE,Federal Contract Tower,0,7,3,0,10,0,0,8,0,8,0,7,11,0,18,0,0,0,18
12/31/2021,LMT,OR,ANM,WE,Federal Contract Tower,0,14,6,0,20,0,0,10,0,10,0,14,16,0,30,18,0,18,48
01/01/2022,LMT,OR,ANM,WE,Federal Contract Tower,0,0,1,0,1,0,0,27,0,27,0,0,28,0,28,64,0,64,92
01/02/2022,LMT,OR,ANM,WE,Federal Contract Tower,0,0,6,0,6,0,0,30,0,30,0,0,36,0,36,82,0,82,118
01/03/2022,LMT,OR,ANM,WE,Federal Contract Tower,0,3,3,0,6,0,0,0,0,0,0,3,3,0,6,0,0,0,6
01/04/2022,LMT,OR,ANM,WE,Federal Contract Tower,0,8,4,22,34,0,0,3,0,3,0,8,7,22,37,74,2,76,113
01/05/2022,LMT,OR,ANM,WE,Federal Contract Tower,0,12,2,40,54,0,0,21,0,21,0,12,23,40,75,44,0,44,119
01/06/2022,LMT,OR,ANM,WE,Federal Contract Tower,0,11,3,22,36,0,2,6,20,28,0,13,9,42,64,48,10,58,122
01/07/2022,LMT,OR,ANM,WE,Federal Contract Tower,0,11,8,32,51,0,10,0,0,10,0,21,8,32,61,132,4,136,197
01/08/2022,LMT,OR,ANM,WE,Federal Contract Tower,0,5,1,0,6,0,3,27,64,94,0,8,28,64,100,36,14,50,150
01/09/2022,LMT,OR,ANM,WE,Federal Contract Tower,0,0,7,11,18,0,0,36,20,56,0,0,43,31,74,38,14,52,126
01/10/2022,LMT,OR,ANM,WE,Federal Contract Tower,0,4,8,3,15,0,1,20,0,21,0,5,28,3,36,44,4,48,84
01/11/2022,LMT,OR,ANM,WE,Federal Contract Tower,0,6,1,38,45,0,0,29,22,51,0,6,30,60,96,6,26,32,128
01/12/2022,LMT,OR,ANM,WE,Federal Contract Tower,0,4,0,43,47,0,2,27,23,52,0,6,27,66,99,16,78,94,193
01/13/2022,LMT,OR,ANM,WE,Federal Contract Tower,0,7,7,47,61,0,0,10,40,50,0,7,17,87,111,34,78,112,223
01/14/2022,LMT,OR,ANM,WE,Federal Contract Tower,0,4,3,16,23,0,0,30,16,46,0,4,33,32,69,16,8,24,93
01/15/2022,LMT,OR,ANM,WE,Federal Contract Tower,0,3,2,0,5,0,1,51,0,52,0,4,53,0,57,54,0,54,111
01/16/2022,LMT,OR,ANM,WE,Federal Contract Tower,0,4,6,0,10,0,0,30,0,30,0,4,36,0,40,12,0,12,52
01/17/2022,LMT,OR,ANM,WE,Federal Contract Tower,0,6,19,0,25,0,1,33,3,37,0,7,52,3,62,50,0,50,112
01/18/2022,LMT,OR,ANM,WE,Federal Contract Tower,0,8,5,29,42,0,1,12,13,26,0,9,17,42,68,0,44,44,112
01/19/2022,LMT,OR,ANM,WE,Federal Contract Tower,0,7,2,29,38,0,2,12,22,36,0,9,14,51,74,48,44,92,166
01/20/2022,LMT,OR,ANM,WE,Federal Contract Tower,0,6,5,27,38,0,0,23,13,36,0,6,28,40,74,61,22,83,157
01/21/2022,LMT,OR,ANM,WE,Federal Contract Tower,0,4,1,39,44,0,2,30,3,35,0,6,31,42,79,16,38,54,133
01/22/2022,LMT,OR,ANM,WE,Federal Contract Tower,0,5,7,0,12,0,1,46,2,49,0,6,53,2,61,46,0,46,107
01/23/2022,LMT,OR,ANM,WE,Federal Contract Tower,0,0,6,0,6,0,0,21,1,22,0,0,27,1,28,46,0,46,74
01/24/2022,LMT,OR,ANM,WE,Federal Contract Tower,0,4,4,38,46,0,2,10,21,33,0,6,14,59,79,16,108,124,203
01/25/2022,LMT,OR,ANM,WE,Federal Contract Tower,0,5,0,26,31,0,1,13,16,30,0,6,13,42,61,4,18,22,83
01/26/2022,LMT,OR,ANM,WE,Federal Contract Tower,0,4,6,34,44,0,1,16,23,40,0,5,22,57,84,0,72,72,156
01/27/2022,LMT,OR,ANM,WE,Federal Contract Tower,0,7,6,26,39,0,3,20,25,48,0,10,26,51,87,2,52,54,141
01/28/2022,LMT,OR,ANM,WE,Federal Contract Tower,0,6,2,12,20,0,2,13,14,29,0,8,15,26,49,10,10,20,69
01/29/2022,LMT,OR,ANM,WE,Federal Contract Tower,0,5,12,6,23,0,2,44,0,46,0,7,56,6,69,50,6,56,125
01/30/2022,LMT,OR,ANM,WE,Federal Contract Tower,0,0,2,0,2,0,0,14,1,15,0,0,16,1,17,4,4,8,25
01/31/2022,LMT,OR,ANM,WE,Federal Contract Tower,0,5,2,39,46,0,2,24,21,47,0,7,26,60,93,8,62,70,163
02/01/2022,LMT,OR,ANM,WE,Federal Contract Tower,0,3,6,30,39,0,2,9,11,22,0,5,15,41,61,2,38,40,101
02/02/2022,LMT,OR,ANM,WE,Federal Contract Tower,0,7,3,34,44,0,0,20,13,33,0,7,23,47,77,31,14,45,122
02/03/2022,LMT,OR,ANM,WE,Federal Contract Tower,0,3,4,28,35,0,2,18,4,24,0,5,22,32,59,32,32,64,123
02/04/2022,LMT,OR,ANM,WE,Federal Contract Tower,0,2,2,13,17,0,3,12,10,25,0,5,14,23,42,50,18,68,110
02/05/2022,LMT,OR,ANM,WE,Federal Contract Tower,0,4,4,18,26,0,2,62,12,76,0,6,66,30,102,48,14,62,164
02/06/2022,LMT,OR,ANM,WE,Federal Contract Tower,0,1,6,10,17,0,0,39,10,49,0,1,45,20,66,18,8,26,92
02/07/2022,LMT,OR,ANM,WE,Federal Contract Tower,0,1,6,4,11,0,2,34,0,36,0,3,40,4,47,45,0,45,92
02/08/2022,LMT,OR,ANM,WE,Federal Contract Tower,0,2,5,26,33,0,2,7,20,29,0,4,12,46,62,20,12,32,94
02/09/2022,LMT,OR,ANM,WE,Federal Contract Tower,0,2,5,15,22,0,1,32,12,45,0,3,37,27,67,36,16,52,119
02/10/2022,LMT,OR,ANM,WE,Federal Contract Tower,0,4,6,17,27,0,3,37,14,54,0,7,43,31,81,44,66,110,191
02/11/2022,LMT,OR,ANM,WE,Federal Contract Tower,0,6,2,14,22,0,2,39,14,55,0,8,41,28,77,0,4,4,81
02/12/2022,LMT,OR,ANM,WE,Federal Contract Tower,0,4,2,0,6,0,2,30,0,32,0,6,32,0,38,94,0,94,132
02/13/2022,LMT,OR,ANM,WE,Federal Contract Tower,0,0,3,0,3,0,0,51,2,53,0,0,54,2,56,55,0,55,111
02/14/2022,LMT,OR,ANM,WE,Federal Contract Tower,0,6,1,6,13,0,0,7,0,7,0,6,8,6,20,44,0,44,64
02/15/2022,LMT,OR,ANM,WE,Federal Contract Tower,0,5,5,28,38,0,1,11,11,23,0,6,16,39,61,20,28,48,109
02/16/2022,LMT,OR,ANM,WE,Federal Contract Tower,0,4,6,36,46,0,3,5,19,27,0,7,11,55,73,49,46,95,168
02/17/2022,LMT,OR,ANM,WE,Federal Contract Tower,0,7,1,18,26,0,1,25,25,51,0,8,26,43,77,58,14,72,149
02/18/2022,LMT,OR,ANM,WE,Federal Contract Tower,0,3,1,27,31,0,4,40,22,66,0,7,41,49,97,72,76,148,245
02/19/2022,LMT,OR,ANM,WE,Federal Contract Tower,0,2,11,0,13,0,3,59,0,62,0,5,70,0,75,68,0,68,143
02/20/2022,LMT,OR,ANM,WE,Federal Contract Tower,0,2,2,0,4,0,0,4,0,4,0,2,6,0,8,56,0,56,64
02/21/2022,LMT,OR,ANM,WE,Federal Contract Tower,0,5,4,0,9,0,0,0,0,0,0,5,4,0,9,0,0,0,9
02/22/2022,LMT,OR,ANM,WE,Federal Contract Tower,0,6,4,27,37,0,0,8,3,11,0,6,12,30,48,16,10,26,74
02/23/2022,LMT,OR,ANM,WE,Federal Contract Tower,0,3,4,21,28,0,1,17,21,39,0,4,21,42,67,58,4,62,129
02/24/2022,LMT,OR,ANM,WE,Federal Contract Tower,0,4,7,26,37,0,3,22,12,37,0,7,29,38,74,32,42,74,148
02/25/2022,LMT,OR,ANM,WE,Federal Contract Tower,0,4,2,13,19,0,0,23,4,27,0,4,25,17,46,10,38,48,94
02/26/2022,LMT,OR,ANM,WE,Federal Contract Tower,0,4,6,0,10,0,1,22,0,23,0,5,28,0,33,32,0,32,65
02/27/2022,LMT,OR,ANM,WE,Federal Contract Tower,0,2,3,0,5,0,0,9,0,9,0,2,12,0,14,48,0,48,62
02/28/2022,LMT,OR,ANM,WE,Federal Contract Tower,0,10,1,28,39,0,0,11,6,17,0,10,12,34,56,32,28,60,116
03/01/2022,LMT,OR,ANM,WE,Federal Contract Tower,0,4,4,36,44,0,2,18,18,38,0,6,22,54,82,37,37,74,156
03/02/2022,LMT,OR,ANM,WE,Federal Contract Tower,0,4,6,18,28,0,3,12,10,25,0,7,18,28,53,16,38,54,107
03/03/2022,LMT,OR,ANM,WE,Federal Contract Tower,0,5,1,27,33,0,0,10,1,11,0,5,11,28,44,50,4,54,98
03/04/2022,LMT,OR,ANM,WE,Federal Contract Tower,0,7,3,19,29,0,0,17,12,29,0,7,20,31,58,86,52,138,196
03/05/2022,LMT,OR,ANM,WE,Federal Contract Tower,0,6,0,15,21,0,0,8,13,21,0,6,8,28,42,0,14,14,56
03/06/2022,LMT,OR,ANM,WE,Federal Contract Tower,0,0,4,8,12,0,0,26,8,34,0,0,30,16,46,48,12,60,106
03/07/2022,LMT,OR,ANM,WE,Federal Contract Tower,0,6,3,2,11,0,5,30,0,35,0,11,33,2,46,68,8,76,122
03/08/2022,LMT,OR,ANM,WE,Federal Contract Tower,0,7,4,22,33,0,2,15,12,29,0,9,19,34,62,8,26,34,96
03/09/2022,LMT,OR,ANM,WE,Federal Contract Tower,0,8,6,18,32,0,1,13,14,28,0,9,19,32,60,28,23,51,111
03/10/2022,LMT,OR,ANM,WE,Federal Contract Tower,0,4,3,15,22,0,3,27,11,41,0,7,30,26,63,44,10,54,117
03/11/2022,LMT,OR,ANM,WE,Federal Contract Tower,0,4,3,11,18,0,2,38,11,51,0,6,41,22,69,72,4,76,145
03/12/2022,LMT,OR,ANM,WE,Federal Contract Tower,0,0,3,0,3,0,5,0,0,5,0,5,3,0,8,6,0,6,14
03/13/2022,LMT,OR,ANM,WE,Federal Contract Tower,0,0,1,0,1,0,0,5,0,5,0,0,6,0,6,36,0,36,42
03/14/2022,LMT,OR,ANM,WE,Federal Contract Tower,0,2,2,21,25,0,1,28,4,33,0,3,30,25,58,79,18,97,155
03/15/2022,LMT,OR,ANM,WE,Federal Contract Tower,0,7,3,24,34,0,1,1,8,10,0,8,4,32,44,0,8,8,52
03/16/2022,LMT,OR,ANM,WE,Federal Contract Tower,0,4,8,26,38,0,0,26,8,34,0,4,34,34,72,44,22,66,138
03/17/2022,LMT,OR,ANM,WE,Federal Contract Tower,0,6,3,34,43,0,2,16,5,23,0,8,19,39,66,37,8,45,111
03/18/2022,LMT,OR,ANM,WE,Federal Contract Tower,0,4,3,13,20,0,1,19,10,30,0,5,22,23,50,44,6,50,100
03/19/2022,LMT,OR,ANM,WE,Federal Contract Tower,0,7,4,0,11,0,0,3,0,3,0,7,7,0,14,18,0,18,32
03/20/2022,LMT,OR,ANM,WE,Federal Contract Tower,0,2,2,0,4,0,0,29,0,29,0,2,31,0,33,34,0,34,67
03/21/2022,LMT,OR,ANM,WE,Federal Contract Tower,0,5,1,21,27,0,3,11,11,25,0,8,12,32,52,14,30,44,96
03/22/2022,LMT,OR,ANM,WE,Federal Contract Tower,0,2,7,14,23,0,2,26,6,34,0,4,33,20,57,50,6,56,113
03/23/2022,LMT,OR,ANM,WE,Federal Contract Tower,0,5,11,12,28,0,0,21,10,31,0,5,32,22,59,8,12,20,79
03/24/2022,LMT,OR,ANM,WE,Federal Contract Tower,0,7,7,4,18,0,1,22,2,25,0,8,29,6,43,20,6,26,69
03/25/2022,LMT,OR,ANM,WE,Federal Contract Tower,0,5,6,0,11,0,1,23,0,24,0,6,29,0,35,14,0,14,49
03/26/2022,LMT,OR,ANM,WE,Federal Contract Tower,0,2,13,0,15,0,1,38,0,39,0,3,51,0,54,28,0,28,82
03/27/2022,LMT,OR,ANM,WE,Federal Contract Tower,0,0,3,1,4,0,0,19,2,21,0,0,22,3,25,50,0,50,75
03/28/2022,LMT,OR,ANM,WE,Federal Contract Tower,0,4,3,18,25,0,1,16,11,28,0,5,19,29,53,38,40,78,131
03/29/2022,LMT,OR,ANM,WE,Federal Contract Tower,0,3,3,28,34,0,3,19,10,32,0,6,22,38,66,26,68,94,160
03/30/2022,LMT,OR,ANM,WE,Federal Contract Tower,0,7,0,16,23,0,0,23,20,43,0,7,23,36,66,18,14,32,98
03/31/2022,LMT,OR,ANM,WE,Federal Contract Tower,0,7,8,31,46,0,2,35,14,51,0,9,43,45,97,47,32,79,176
04/01/2022,LMT,OR,ANM,WE,Federal Contract Tower,0,4,5,8,17,0,4,31,12,47,0,8,36,20,64,42,8,50,114
04/02/2022,LMT,OR,ANM,WE,Federal Contract Tower,0,5,4,11,20,0,2,15,15,32,0,7,19,26,52,71,19,90,142
04/03/2022,LMT,OR,ANM,WE,Federal Contract Tower,0,2,2,8,12,0,0,23,8,31,0,2,25,16,43,60,6,66,109
04/04/2022,LMT,OR,ANM,WE,Federal Contract Tower,0,3,2,0,5,0,0,0,0,0,0,3,2,0,5,0,0,0,5
04/05/2022,LMT,OR,ANM,WE,Federal Contract Tower,0,7,11,21,39,0,1,27,17,45,0,8,38,38,84,26,26,52,136
04/06/2022,LMT,OR,ANM,WE,Federal Contract Tower,0,7,6,23,36,0,0,23,14,37,0,7,29,37,73,8,21,29,102
04/07/2022,LMT,OR,ANM,WE,Federal Contract Tower,0,2,6,16,24,0,2,20,15,37,0,4,26,31,61,31,40,71,132
04/08/2022,LMT,OR,ANM,WE,Federal Contract Tower,0,13,13,14,40,0,0,26,18,44,0,13,39,32,84,22,8,30,114
04/09/2022,LMT,OR,ANM,WE,Federal Contract Tower,0,3,1,0,4,0,2,19,0,21,0,5,20,0,25,10,0,10,35
04/10/2022,LMT,OR,ANM,WE,Federal Contract Tower,0,1,6,0,7,0,0,12,0,12,0,1,18,0,19,26,0,26,45
04/11/2022,LMT,OR,ANM,WE,Federal Contract Tower,0,6,3,2,11,0,0,0,0,0,0,6,3,2,11,0,0,0,11
04/12/2022,LMT,OR,ANM,WE,Federal Contract Tower,0,7,4,14,25,0,0,1,9,10,0,7,5,23,35,0,8,8,43
04/13/2022,LMT,OR,ANM,WE,Federal Contract Tower,0,11,10,16,37,0,0,0,0,0,0,11,10,16,37,0,0,0,37
04/14/2022,LMT,OR,ANM,WE,Federal Contract Tower,0,4,3,28,35,0,1,6,7,14,0,5,9,35,49,72,14,86,135
04/15/2022,LMT,OR,ANM,WE,Federal Contract Tower,0,3,6,12,21,0,2,8,4,14,0,5,14,16,35,20,16,36,71
04/16/2022,LMT,OR,ANM,WE,Federal Contract Tower,0,2,4,0,6,0,1,9,0,10,0,3,13,0,16,0,0,0,16
04/17/2022,LMT,OR,ANM,WE,Federal Contract Tower,0,0,1,0,1,0,0,30,2,32,0,0,31,2,33,22,6,28,61
04/18/2022,LMT,OR,ANM,WE,Federal Contract Tower,0,3,5,0,8,0,1,8,0,9,0,4,13,0,17,0,0,0,17
04/19/2022,LMT,OR,ANM,WE,Federal Contract Tower,0,6,0,22,28,0,0,5,8,13,0,6,5,30,41,20,6,26,67
04/20/2022,LMT,OR,ANM,WE,Federal Contract Tower,0,8,3,16,27,0,1,3,1,5,0,9,6,17,32,0,18,18,50
04/21/2022,LMT,OR,ANM,WE,Federal Contract Tower,0,6,8,18,32,0,0,14,6,20,0,6,22,24,52,96,60,156,208
04/22/2022,LMT,OR,ANM,WE,Federal Contract Tower,0,5,1,13,19,0,2,23,8,33,0,7,24,21,52,58,26,84,136
04/23/2022,LMT,OR,ANM,WE,Federal Contract Tower,0,3,12,1,16,0,2,48,1,51,0,5,60,2,67,40,0,40,107
04/24/2022,LMT,OR,ANM,WE,Federal Contract Tower,0,2,4,0,6,0,0,41,0,41,0,2,45,0,47,28,0,28,75
04/25/2022,LMT,OR,ANM,WE,Federal Contract Tower,0,3,7,32,42,0,0,14,29,43,0,3,21,61,85,44,18,62,147
04/26/2022,LMT,OR,ANM,WE,Federal Contract Tower,0,5,17,22,44,0,1,38,17,56,0,6,55,39,100,32,22,54,154
04/27/2022,LMT,OR,ANM,WE,Federal Contract Tower,0,2,4,36,42,0,4,38,18,60,0,6,42,54,102,20,34,54,156
04/28/2022,LMT,OR,ANM,WE,Federal Contract Tower,0,6,4,44,54,0,1,10,13,24,0,7,14,57,78,62,32,94,172
04/29/2022,LMT,OR,ANM,WE,Federal Contract Tower,0,7,6,18,31,0,1,33,11,45,0,8,39,29,76,36,2,38,114
04/30/2022,LMT,OR,ANM,WE,Federal Contract Tower,0,3,3,2,8,0,1,25,0,26,0,4,28,2,34,55,0,55,89
05/01/2022,LMT,OR,ANM,WE,Federal Contract Tower,0,2,6,2,10,0,1,38,4,43,0,3,44,6,53,35,0,35,88
05/02/2022,LMT,OR,ANM,WE,Federal Contract Tower,0,3,2,0,5,0,0,2,0,2,0,3,4,0,7,11,0,11,18
05/03/2022,LMT,OR,ANM,WE,Federal Contract Tower,0,4,5,23,32,0,4,31,13,48,0,8,36,36,80,4,38,42,122
05/04/2022,LMT,OR,ANM,WE,Federal Contract Tower,0,6,6,24,36,0,12,52,21,85,0,18,58,45,121,52,34,86,207
05/05/2022,LMT,OR,ANM,WE,Federal Contract Tower,0,8,0,5,13,0,1,12,1,14,0,9,12,6,27,28,0,28,55
05/06/2022,LMT,OR,ANM,WE,Federal Contract Tower,0,8,2,16,26,0,0,7,10,17,0,8,9,26,43,28,26,54,97
05/07/2022,LMT,OR,ANM,WE,Federal Contract Tower,0,3,6,0,9,0,3,12,0,15,0,6,18,0,24,48,0,48,72
05/08/2022,LMT,OR,ANM,WE,Federal Contract Tower,0,0,3,0,3,0,0,0,0,0,0,0,3,0,3,0,0,0,3
05/09/2022,LMT,OR,ANM,WE,Federal Contract Tower,0,5,2,26,33,0,0,9,0,9,0,5,11,26,42,72,42,114,156
05/10/2022,LMT,OR,ANM,WE,Federal Contract Tower,0,7,4,32,43,0,2,10,9,21,0,9,14,41,64,22,12,34,98
05/11/2022,LMT,OR,ANM,WE,Federal Contract Tower,0,6,0,25,31,0,2,54,17,73,0,8,54,42,104,38,29,67,171
05/12/2022,LMT,OR,ANM,WE,Federal Contract Tower,0,3,5,18,26,0,1,28,20,49,0,4,33,38,75,67,22,89,164
05/13/2022,LMT,OR,ANM,WE,Federal Contract Tower,0,6,5,18,29,0,1,26,21,48,0,7,31,39,77,30,16,46,123
05/14/2022,LMT,OR,ANM,WE,Federal Contract Tower,0,4,4,12,20,0,0,25,16,41,0,4,29,28,61,34,10,44,105
05/15/2022,LMT,OR,ANM,WE,Federal Contract Tower,0,0,2,1,3,0,0,16,5,21,0,0,18,6,24,14,0,14,38
05/16/2022,LMT,OR,ANM,WE,Federal Contract Tower,0,4,0,4,8,0,7,22,2,31,0,11,22,6,39,20,8,28,67
05/17/2022,LMT,OR,ANM,WE,Federal Contract Tower,0,4,4,14,22,0,4,45,8,57,0,8,49,22,79,28,28,56,135
05/18/2022,LMT,OR,ANM,WE,Federal Contract Tower,0,3,5,16,24,0,0,22,9,31,0,3,27,25,55,46,28,74,129
05/19/2022,LMT,OR,ANM,WE,Federal Contract Tower,0,3,2,14,19,0,0,24,16,40,0,3,26,30,59,28,26,54,113
05/20/2022,LMT,OR,ANM,WE,Federal Contract Tower,0,5,16,10,31,0,1,29,13,43,0,6,45,23,74,88,8,96,170
05/21/2022,LMT,OR,ANM,WE,Federal Contract Tower,0,4,7,16,27,0,4,42,0,46,0,8,49,16,73,90,6,96,169
05/22/2022,LMT,OR,ANM,WE,Federal Contract Tower,0,0,7,0,7,0,0,47,0,47,0,0,54,0,54,38,0,38,92
05/23/2022,LMT,OR,ANM,WE,Federal Contract Tower,0,6,1,17,24,0,2,46,19,67,0,8,47,36,91,56,16,72,163
05/24/2022,LMT,OR,ANM,WE,Federal Contract Tower,0,5,9,19,33,0,3,40,17,60,0,8,49,36,93,128,32,160,253
05/25/2022,LMT,OR,ANM,WE,Federal Contract Tower,0,8,6,13,27,0,3,41,15,59,0,11,47,28,86,56,8,64,150
05/26/2022,LMT,OR,ANM,WE,Federal Contract Tower,0,7,0,8,15,0,0,30,11,41,0,7,30,19,56,75,1,76,132
05/27/2022,LMT,OR,ANM,WE,Federal Contract Tower,0,5,8,0,13,0,0,15,0,15,0,5,23,0,28,57,0,57,85
05/28/2022,LMT,OR,ANM,WE,Federal Contract Tower,0,5,1,0,6,0,0,4,0,4,0,5,5,0,10,14,0,14,24
05/29/2022,LMT,OR,ANM,WE,Federal Contract Tower,0,2,0,0,2,0,0,4,0,4,0,2,4,0,6,12,0,12,18
05/30/2022,LMT,OR,ANM,WE,Federal Contract Tower,0,0,1,0,1,0,0,21,4,25,0,0,22,4,26,14,0,14,40
05/31/2022,LMT,OR,ANM,WE,Federal Contract Tower,0,7,6,16,29,0,3,41,16,60,0,10,47,32,89,68,10,78,167
06/01/2022,LMT,OR,ANM,WE,Federal Contract Tower,0,4,6,8,18,0,3,24,11,38,0,7,30,19,56,54,16,70,126
06/02/2022,LMT,OR,ANM,WE,Federal Contract Tower,0,3,0,12,15,0,7,41,20,68,0,10,41,32,83,50,12,62,145
06/03/2022,LMT,OR,ANM,WE,Federal Contract Tower,0,8,4,19,31,0,6,30,17,53,0,14,34,36,84,69,12,81,165
06/04/2022,LMT,OR,ANM,WE,Federal Contract Tower,0,4,4,0,8,0,2,27,0,29,0,6,31,0,37,44,0,44,81
06/05/2022,LMT,OR,ANM,WE,Federal Contract Tower,0,4,1,0,5,0,0,15,0,15,0,4,16,0,20,14,0,14,34
06/06/2022,LMT,OR,ANM,WE,Federal Contract Tower,0,5,2,0,7,0,0,44,0,44,0,5,46,0,51,40,0,40,91
06/07/2022,LMT,OR,ANM,WE,Federal Contract Tower,0,2,5,18,25,0,11,27,22,60,0,13,32,40,85,22,18,40,125
06/08/2022,LMT,OR,ANM,WE,Federal Contract Tower,0,4,5,23,32,0,3,34,19,56,0,7,39,42,88,44,20,64,152
06/09/2022,LMT,OR,ANM,WE,Federal Contract Tower,0,7,7,17,31,0,10,36,21,67,0,17,43,38,98,44,48,92,190
06/10/2022,LMT,OR,ANM,WE,Federal Contract Tower,0,4,4,19,27,0,15,27,17,59,0,19,31,36,86,24,28,52,138
06/11/2022,LMT,OR,ANM,WE,Federal Contract Tower,0,4,1,0,5,0,1,29,0,30,0,5,30,0,35,16,0,16,51
06/12/2022,LMT,OR,ANM,WE,Federal Contract Tower,0,3,9,2,14,0,0,9,0,9,0,3,18,2,23,26,0,26,49
06/13/2022,LMT,OR,ANM,WE,Federal Contract Tower,0,4,8,29,41,0,11,15,12,38,0,15,23,41,79,14,52,66,145
06/14/2022,LMT,OR,ANM,WE,Federal Contract Tower,0,5,3,25,33,0,5,23,10,38,0,10,26,35,71,16,16,32,103
06/15/2022,LMT,OR,ANM,WE,Federal Contract Tower,0,7,4,18,29,0,11,48,15,74,0,18,52,33,103,48,46,94,197
06/16/2022,LMT,OR,ANM,WE,Federal Contract Tower,0,4,4,21,29,0,12,40,21,73,0,16,44,42,102,58,44,102,204
06/17/2022,LMT,OR,ANM,WE,Federal Contract Tower,0,8,0,0,8,0,2,20,4,26,0,10,20,4,34,24,0,24,58
06/18/2022,LMT,OR,ANM,WE,Federal Contract Tower,0,3,0,0,3,0,0,20,2,22,0,3,20,2,25,20,0,20,45
06/19/2022,LMT,OR,ANM,WE,Federal Contract Tower,0,0,3,0,3,0,0,46,0,46,0,0,49,0,49,14,0,14,63
06/20/2022,LMT,OR,ANM,WE,Federal Contract Tower,0,4,8,0,12,0,0,47,4,51,0,4,55,4,63,24,0,24,87
06/21/2022,LMT,OR,ANM,WE,Federal Contract Tower,0,4,7,26,37,0,3,50,10,63,0,7,57,36,100,46,60,106,206
06/22/2022,LMT,OR,ANM,WE,Federal Contract Tower,0,6,5,26,37,0,2,32,18,52,0,8,37,44,89,2,48,50,139
06/23/2022,LMT,OR,ANM,WE,Federal Contract Tower,0,8,6,11,25,0,16,25,14,55,0,24,31,25,80,18,14,32,112
06/24/2022,LMT,OR,ANM,WE,Federal Contract Tower,0,6,0,14,20,0,14,32,11,57,0,20,32,25,77,10,14,24,101
06/25/2022,LMT,OR,ANM,WE,Federal Contract Tower,0,2,0,11,13,0,4,47,3,54,0,6,47,14,67,8,0,8,75
06/26/2022,LMT,OR,ANM,WE,Federal Contract Tower,0,4,4,4,12,0,2,21,9,32,0,6,25,13,44,0,0,0,44
06/27/2022,LMT,OR,ANM,WE,Federal Contract Tower,0,5,1,4,10,0,0,23,1,24,0,5,24,5,34,47,14,61,95
06/28/2022,LMT,OR,ANM,WE,Federal Contract Tower,0,5,6,30,41,0,2,38,9,49,0,7,44,39,90,19,58,77,167
06/29/2022,LMT,OR,ANM,WE,Federal Contract Tower,0,6,2,26,34,0,4,37,13,54,0,10,39,39,88,10,42,52,140
06/30/2022,LMT,OR,ANM,WE,Federal Contract Tower,0,5,2,21,28,0,1,18,20,39,0,6,20,41,67,2,10,12,79
07/01/2022,LMT,OR,ANM,WE,Federal Contract Tower,0,4,5,0,9,0,3,26,0,29,0,7,31,0,38,24,0,24,62
07/02/2022,LMT,OR,ANM,WE,Federal Contract Tower,0,2,7,0,9,0,1,38,0,39,0,3,45,0,48,98,0,98,146
07/03/2022,LMT,OR,ANM,WE,Federal Contract Tower,0,0,0,0,0,0,0,14,0,14,0,0,14,0,14,40,0,40,54
07/04/2022,LMT,OR,ANM,WE,Federal Contract Tower,0,0,0,0,0,0,0,6,8,14,0,0,6,8,14,0,8,8,22
07/05/2022,LMT,OR,ANM,WE,Federal Contract Tower,0,5,4,15,24,0,0,26,9,35,0,5,30,24,59,24,14,38,97
07/06/2022,LMT,OR,ANM,WE,Federal Contract Tower,0,3,0,11,14,0,6,31,14,51,0,9,31,25,65,44,30,74,139
07/07/2022,LMT,OR,ANM,WE,Federal Contract Tower,0,3,17,15,35,0,0,34,13,47,0,3,51,28,82,12,68,80,162
07/08/2022,LMT,OR,ANM,WE,Federal Contract Tower,0,4,2,5,11,0,9,25,4,38,0,13,27,9,49,30,12,42,91
07/09/2022,LMT,OR,ANM,WE,Federal Contract Tower,0,4,3,0,7,0,1,34,1,36,0,5,37,1,43,38,2,40,83
07/10/2022,LMT,OR,ANM,WE,Federal Contract Tower,0,0,4,0,4,0,2,36,0,38,0,2,40,0,42,62,0,62,104
07/11/2022,LMT,OR,ANM,WE,Federal Contract Tower,0,4,2,0,6,0,2,21,0,23,0,6,23,0,29,22,0,22,51
07/12/2022,LMT,OR,ANM,WE,Federal Contract Tower,0,6,5,34,45,0,0,27,16,43,0,6,32,50,88,52,38,90,178
07/13/2022,LMT,OR,ANM,WE,Federal Contract Tower,0,4,3,30,37,0,0,74,11,85,0,4,77,41,122,42,14,56,178
07/14/2022,LMT,OR,ANM,WE,Federal Contract Tower,0,5,2,34,41,0,5,47,6,58,0,10,49,40,99,40,10,50,149
07/15/2022,LMT,OR,ANM,WE,Federal Contract Tower,0,6,0,15,21,0,2,31,3,36,0,8,31,18,57,62,10,72,129
07/16/2022,LMT,OR,ANM,WE,Federal Contract Tower,0,1,4,0,5,0,2,29,0,31,0,3,33,0,36,120,0,120,156
07/17/2022,LMT,OR,ANM,WE,Federal Contract Tower,0,0,8,0,8,0,0,30,0,30,0,0,38,0,38,72,0,72,110
07/19/2022,LMT,OR,ANM,WE,Federal Contract Tower,0,4,3,9,16,0,5,32,16,53,0,9,35,25,69,63,8,71,140
07/20/2022,LMT,OR,ANM,WE,Federal Contract Tower,0,3,13,15,31,0,4,22,24,50,0,7,35,39,81,50,28,78,159
07/21/2022,LMT,OR,ANM,WE,Federal Contract Tower,0,6,4,30,40,0,3,32,17,52,0,9,36,47,92,60,18,78,170
07/22/2022,LMT,OR,ANM,WE,Federal Contract Tower,0,3,3,15,21,0,5,49,17,71,0,8,52,32,92,66,14,80,172
07/23/2022,LMT,OR,ANM,WE,Federal Contract Tower,0,1,2,0,3,0,2,46,0,48,0,3,48,0,51,38,0,38,89
07/24/2022,LMT,OR,ANM,WE,Federal Contract Tower,0,0,5,0,5,0,0,25,0,25,0,0,30,0,30,42,0,42,72
07/25/2022,LMT,OR,ANM,WE,Federal Contract Tower,0,2,4,17,23,0,6,25,16,47,0,8,29,33,70,32,26,58,128
07/26/2022,LMT,OR,ANM,WE,Federal Contract Tower,0,5,0,18,23,0,2,33,16,51,0,7,33,34,74,52,12,64,138
07/27/2022,LMT,OR,ANM,WE,Federal Contract Tower,0,3,6,23,32,0,1,39,20,60,0,4,45,43,92,8,18,26,118
07/28/2022,LMT,OR,ANM,WE,Federal Contract Tower,0,7,8,12,27,0,5,20,11,36,0,12,28,23,63,34,22,56,119
07/29/2022,LMT,OR,ANM,WE,Federal Contract Tower,0,4,4,11,19,0,4,22,8,34,0,8,26,19,53,44,12,56,109
07/30/2022,LMT,OR,ANM,WE,Federal Contract Tower,0,3,1,0,4,0,3,36,0,39,0,6,37,0,43,66,0,66,109
07/31/2022,LMT,OR,ANM,WE,Federal Contract Tower,0,2,1,1,4,0,0,20,0,20,0,2,21,1,24,61,0,61,85
08/01/2022,LMT,OR,ANM,WE,Federal Contract Tower,0,7,5,19,31,0,2,31,8,41,0,9,36,27,72,46,6,52,124
08/02/2022,LMT,OR,ANM,WE,Federal Contract Tower,0,5,3,11,19,0,4,22,10,36,0,9,25,21,55,82,4,86,141
08/03/2022,LMT,OR,ANM,WE,Federal Contract Tower,0,4,7,22,33,0,11,53,12,76,0,15,60,34,109,104,35,139,248
08/04/2022,LMT,OR,ANM,WE,Federal Contract Tower,0,3,1,20,24,0,10,22,17,49,0,13,23,37,73,92,26,118,191
08/05/2022,LMT,OR,ANM,WE,Federal Contract Tower,0,6,6,0,12,0,0,40,6,46,0,6,46,6,58,115,0,115,173
08/06/2022,LMT,OR,ANM,WE,Federal Contract Tower,0,9,10,0,19,0,2,42,0,44,0,11,52,0,63,115,0,115,178
08/07/2022,LMT,OR,ANM,WE,Federal Contract Tower,0,3,8,4,15,0,0,20,0,20,0,3,28,4,35,96,12,108,143
08/08/2022,LMT,OR,ANM,WE,Federal Contract Tower,0,3,1,0,4,0,15,30,0,45,0,18,31,0,49,22,0,22,71
08/09/2022,LMT,OR,ANM,WE,Federal Contract Tower,0,6,4,14,24,0,11,28,12,51,0,17,32,26,75,49,6,55,130
08/10/2022,LMT,OR,ANM,WE,Federal Contract Tower,0,6,10,11,27,0,35,23,11,69,0,41,33,22,96,78,16,94,190
08/11/2022,LMT,OR,ANM,WE,Federal Contract Tower,0,3,14,10,27,0,4,33,10,47,0,7,47,20,74,68,14,82,156
08/12/2022,LMT,OR,ANM,WE,Federal Contract Tower,0,4,2,8,14,0,0,49,5,54,0,4,51,13,68,44,0,44,112
08/13/2022,LMT,OR,ANM,WE,Federal Contract Tower,0,6,4,1,11,0,1,48,0,49,0,7,52,1,60,86,0,86,146
08/14/2022,LMT,OR,ANM,WE,Federal Contract Tower,0,1,5,0,6,0,12,33,1,46,0,13,38,1,52,110,0,110,162
08/15/2022,LMT,OR,ANM,WE,Federal Contract Tower,0,6,6,6,18,0,0,29,0,29,0,6,35,6,47,68,2,70,117
08/16/2022,LMT,OR,ANM,WE,Federal Contract Tower,0,5,14,10,29,0,7,39,6,52,0,12,53,16,81,66,4,70,151
08/17/2022,LMT,OR,ANM,WE,Federal Contract Tower,0,4,6,8,18,0,2,22,6,30,0,6,28,14,48,44,2,46,94
08/18/2022,LMT,OR,ANM,WE,Federal Contract Tower,0,8,3,13,24,0,1,39,3,43,0,9,42,16,67,61,2,63,130
08/19/2022,LMT,OR,ANM,WE,Federal Contract Tower,0,6,4,7,17,0,1,65,9,75,0,7,69,16,92,52,8,60,152
08/20/2022,LMT,OR,ANM,WE,Federal Contract Tower,0,4,6,0,10,0,5,39,0,44,0,9,45,0,54,80,0,80,134
08/21/2022,LMT,OR,ANM,WE,Federal Contract Tower,0,0,3,0,3,4,2,47,0,53,4,2,50,0,56,84,0,84,140
08/22/2022,LMT,OR,ANM,WE,Federal Contract Tower,0,5,3,20,28,0,6,33,12,51,0,11,36,32,79,47,18,65,144
08/23/2022,LMT,OR,ANM,WE,Federal Contract Tower,0,2,2,15,19,0,21,53,8,82,0,23,55,23,101,106,26,132,233
08/24/2022,LMT,OR,ANM,WE,Federal Contract Tower,0,10,3,9,22,0,0,18,9,27,0,10,21,18,49,8,16,24,73
08/25/2022,LMT,OR,ANM,WE,Federal Contract Tower,0,3,8,24,35,0,1,55,15,71,0,4,63,39,106,40,18,58,164
08/26/2022,LMT,OR,ANM,WE,Federal Contract Tower,0,5,6,2,13,0,8,43,0,51,0,13,49,2,64,42,0,42,106
08/28/2022,LMT,OR,ANM,WE,Federal Contract Tower,0,0,1,0,1,0,0,46,0,46,0,0,47,0,47,92,0,92,139
08/29/2022,LMT,OR,ANM,WE,Federal Contract Tower,0,4,3,17,24,0,9,31,19,59,0,13,34,36,83,108,12,120,203
08/30/2022,LMT,OR,ANM,WE,Federal Contract Tower,0,6,2,21,29,0,2,31,12,45,0,8,33,33,74,45,10,55,129
08/31/2022,LMT,OR,ANM,WE,Federal Contract Tower,0,6,3,14,23,0,4,34,15,53,0,10,37,29,76,52,16,68,144
09/01/2022,LMT,OR,ANM,WE,Federal Contract Tower,0,8,3,7,18,0,6,39,12,57,0,14,42,19,75,56,2,58,133
09/02/2022,LMT,OR,ANM,WE,Federal Contract Tower,0,11,7,0,18,0,34,23,2,59,0,45,30,2,77,58,0,58,135
09/03/2022,LMT,OR,ANM,WE,Federal Contract Tower,0,3,0,0,3,0,22,34,0,56,0,25,34,0,59,176,0,176,235
09/04/2022,LMT,OR,ANM,WE,Federal Contract Tower,0,2,2,0,4,0,3,24,0,27,0,5,26,0,31,44,0,44,75
09/05/2022,LMT,OR,ANM,WE,Federal Contract Tower,0,0,12,0,12,0,0,44,0,44,0,0,56,0,56,103,0,103,159
09/06/2022,LMT,OR,ANM,WE,Federal Contract Tower,0,4,3,13,20,0,1,26,14,41,0,5,29,27,61,10,2,12,73
09/07/2022,LMT,OR,ANM,WE,Federal Contract Tower,0,9,4,13,26,0,100,31,5,136,0,109,35,18,162,14,4,18,180
09/08/2022,LMT,OR,ANM,WE,Federal Contract Tower,0,9,4,28,41,0,97,9,3,109,0,106,13,31,150,0,0,0,150
09/09/2022,LMT,OR,ANM,WE,Federal Contract Tower,0,6,2,8,16,0,57,33,11,101,0,63,35,19,117,4,0,4,121
09/10/2022,LMT,OR,ANM,WE,Federal Contract Tower,0,4,2,11,17,0,17,19,10,46,0,21,21,21,63,16,10,26,89
09/11/2022,LMT,OR,ANM,WE,Federal Contract Tower,0,0,3,6,9,0,3,10,4,17,0,3,13,10,26,2,10,12,38
09/12/2022,LMT,OR,ANM,WE,Federal Contract Tower,0,5,2,11,18,0,11,18,0,29,0,16,20,11,47,30,36,66,113
09/13/2022,LMT,OR,ANM,WE,Federal Contract Tower,0,9,3,16,28,0,9,38,14,61,0,18,41,30,89,17,48,65,154
09/14/2022,LMT,OR,ANM,WE,Federal Contract Tower,0,12,0,27,39,0,1,24,11,36,0,13,24,38,75,36,24,60,135
09/15/2022,LMT,OR,ANM,WE,Federal Contract Tower,0,5,5,24,34,0,3,45,8,56,0,8,50,32,90,38,28,66,156
09/16/2022,LMT,OR,ANM,WE,Federal Contract Tower,0,6,4,9,19,0,0,31,9,40,0,6,35,18,59,60,14,74,133
09/17/2022,LMT,OR,ANM,WE,Federal Contract Tower,0,2,3,0,5,0,1,30,0,31,0,3,33,0,36,13,0,13,49
09/18/2022,LMT,OR,ANM,WE,Federal Contract Tower,0,1,1,0,2,0,0,20,0,20,0,1,21,0,22,76,0,76,98
09/19/2022,LMT,OR,ANM,WE,Federal Contract Tower,0,5,9,30,44,0,1,27,6,34,0,6,36,36,78,40,32,72,150
09/20/2022,LMT,OR,ANM,WE,Federal Contract Tower,0,8,0,21,29,0,1,28,4,33,0,9,28,25,62,96,12,108,170
09/21/2022,LMT,OR,ANM,WE,Federal Contract Tower,0,4,3,16,23,0,0,23,1,24,0,4,26,17,47,22,0,22,69
09/22/2022,LMT,OR,ANM,WE,Federal Contract Tower,9,5,8,0,22,2,36,4,0,42,11,41,12,0,64,42,0,42,106
09/23/2022,LMT,OR,ANM,WE,Federal Contract Tower,0,4,6,8,18,0,0,37,8,45,0,4,43,16,63,54,0,54,117
09/24/2022,LMT,OR,ANM,WE,Federal Contract Tower,0,1,2,0,3,0,2,32,0,34,0,3,34,0,37,24,0,24,61
09/25/2022,LMT,OR,ANM,WE,Federal Contract Tower,0,0,5,0,5,0,0,35,0,35,0,0,40,0,40,89,0,89,129
09/26/2022,LMT,OR,ANM,WE,Federal Contract Tower,0,3,3,0,6,0,1,26,0,27,0,4,29,0,33,80,0,80,113
09/27/2022,LMT,OR,ANM,WE,Federal Contract Tower,0,6,1,13,20,0,4,34,21,59,0,10,35,34,79,56,16,72,151
09/28/2022,LMT,OR,ANM,WE,Federal Contract Tower,0,4,1,18,23,0,2,56,20,78,0,6,57,38,101,46,16,62,163
09/29/2022,LMT,OR,ANM,WE,Federal Contract Tower,0,4,14,25,43,0,2,37,0,39,0,6,51,25,82,66,8,74,156
09/30/2022,LMT,OR,ANM,WE,Federal Contract Tower,0,8,4,0,12,0,1,45,0,46,0,9,49,0,58,34,0,34,92
10/01/2022,LMT,OR,ANM,WE,Federal Contract Tower,0,2,3,0,5,0,3,44,0,47,0,5,47,0,52,34,0,34,86
10/02/2022,LMT,OR,ANM,WE,Federal Contract Tower,0,0,1,0,1,0,0,21,0,21,0,0,22,0,22,52,0,52,74
10/03/2022,LMT,OR,ANM,WE,Federal Contract Tower,0,1,2,21,24,0,5,32,18,55,0,6,34,39,79,118,18,136,215
10/04/2022,LMT,OR,ANM,WE,Federal Contract Tower,0,3,4,31,38,0,2,24,19,45,0,5,28,50,83,52,16,68,151
10/05/2022,LMT,OR,ANM,WE,Federal Contract Tower,0,4,5,24,33,0,8,29,21,58,0,12,34,45,91,24,52,76,167
10/06/2022,LMT,OR,ANM,WE,Federal Contract Tower,0,2,1,15,18,0,2,33,14,49,0,4,34,29,67,32,58,90,157
10/07/2022,LMT,OR,ANM,WE,Federal Contract Tower,0,0,5,13,18,0,5,37,7,49,0,5,42,20,67,12,32,44,111
10/08/2022,LMT,OR,ANM,WE,Federal Contract Tower,0,3,1,0,4,0,3,52,0,55,0,6,53,0,59,72,0,72,131
10/09/2022,LMT,OR,ANM,WE,Federal Contract Tower,0,0,1,0,1,0,2,39,0,41,0,2,40,0,42,54,0,54,96
10/10/2022,LMT,OR,ANM,WE,Federal Contract Tower,0,5,0,2,7,0,2,34,16,52,0,7,34,18,59,53,0,53,112
10/11/2022,LMT,OR,ANM,WE,Federal Contract Tower,0,7,1,29,37,0,1,28,21,50,0,8,29,50,87,56,24,80,167
10/12/2022,LMT,OR,ANM,WE,Federal Contract Tower,0,6,3,24,33,0,5,34,24,63,0,11,37,48,96,56,24,80,176
10/13/2022,LMT,OR,ANM,WE,Federal Contract Tower,0,3,3,21,27,0,1,24,19,44,0,4,27,40,71,89,50,139,210
10/14/2022,LMT,OR,ANM,WE,Federal Contract Tower,0,5,2,7,14,0,6,34,27,67,0,11,36,34,81,104,4,108,189
10/15/2022,LMT,OR,ANM,WE,Federal Contract Tower,0,6,5,46,57,0,2,47,42,91,0,8,52,88,148,12,41,53,201
10/16/2022,LMT,OR,ANM,WE,Federal Contract Tower,0,2,3,8,13,0,0,42,8,50,0,2,45,16,63,2,8,10,73
10/17/2022,LMT,OR,ANM,WE,Federal Contract Tower,0,4,3,0,7,0,0,47,0,47,0,4,50,0,54,40,0,40,94
10/18/2022,LMT,OR,ANM,WE,Federal Contract Tower,0,6,3,44,53,0,2,46,33,81,0,8,49,77,134,17,41,58,192
10/19/2022,LMT,OR,ANM,WE,Federal Contract Tower,0,7,10,42,59,0,3,38,35,76,0,10,48,77,135,52,16,68,203
10/20/2022,LMT,OR,ANM,WE,Federal Contract Tower,0,7,1,53,61,0,3,30,28,61,0,10,31,81,122,8,36,44,166
10/21/2022,LMT,OR,ANM,WE,Federal Contract Tower,0,4,2,24,30,0,2,34,25,61,0,6,36,49,91,28,10,38,129
10/22/2022,LMT,OR,ANM,WE,Federal Contract Tower,0,4,0,0,4,0,0,2,0,2,0,4,2,0,6,20,0,20,26
10/23/2022,LMT,OR,ANM,WE,Federal Contract Tower,0,1,2,2,5,0,0,16,0,16,0,1,18,2,21,14,0,14,35
10/24/2022,LMT,OR,ANM,WE,Federal Contract Tower,0,5,1,83,89,0,0,12,3,15,0,5,13,86,104,0,12,12,116
10/25/2022,LMT,OR,ANM,WE,Federal Contract Tower,0,4,0,52,56,0,0,16,42,58,0,4,16,94,114,24,28,52,166
10/26/2022,LMT,OR,ANM,WE,Federal Contract Tower,0,9,2,60,71,0,0,22,52,74,0,9,24,112,145,12,14,26,171
10/27/2022,LMT,OR,ANM,WE,Federal Contract Tower,0,3,4,31,38,0,0,35,29,64,0,3,39,60,102,8,8,16,118
10/28/2022,LMT,OR,ANM,WE,Federal Contract Tower,0,5,4,27,36,0,1,18,10,29,0,6,22,37,65,10,10,20,85
10/29/2022,LMT,OR,ANM,WE,Federal Contract Tower,0,3,0,0,3,0,2,24,0,26,0,5,24,0,29,56,0,56,85
10/30/2022,LMT,OR,ANM,WE,Federal Contract Tower,0,0,2,0,2,0,0,34,0,34,0,0,36,0,36,41,0,41,77
10/31/2022,LMT,OR,ANM,WE,Federal Contract Tower,0,3,7,9,19,0,2,20,0,22,0,5,27,9,41,24,14,38,79
11/01/2022,LMT,OR,ANM,WE,Federal Contract Tower,0,6,3,32,41,0,0,1,0,1,0,6,4,32,42,2,0,2,44
11/02/2022,LMT,OR,ANM,WE,Federal Contract Tower,0,7,3,30,40,0,0,6,2,8,0,7,9,32,48,18,0,18,66
11/03/2022,LMT,OR,ANM,WE,Federal Contract Tower,0,6,3,25,34,0,2,41,9,52,0,8,44,34,86,12,58,70,156
11/04/2022,LMT,OR,ANM,WE,Federal Contract Tower,0,8,1,34,43,0,2,12,11,25,0,10,13,45,68,22,4,26,94
11/05/2022,LMT,OR,ANM,WE,Federal Contract Tower,0,6,5,14,25,0,0,2,4,6,0,6,7,18,31,0,10,10,41
11/06/2022,LMT,OR,ANM,WE,Federal Contract Tower,0,0,5,18,23,0,0,3,6,9,0,0,8,24,32,12,14,26,58
11/07/2022,LMT,OR,ANM,WE,Federal Contract Tower,0,6,6,2,14,0,0,14,0,14,0,6,20,2,28,16,0,16,44
11/08/2022,LMT,OR,ANM,WE,Federal Contract Tower,0,10,1,0,11,0,0,0,0,0,0,10,1,0,11,0,0,0,11
11/09/2022,LMT,OR,ANM,WE,Federal Contract Tower,0,6,1,28,35,0,0,23,8,31,0,6,24,36,66,20,2,22,88
11/10/2022,LMT,OR,ANM,WE,Federal Contract Tower,0,5,2,22,29,0,0,5,3,8,0,5,7,25,37,16,0,16,53
11/11/2022,LMT,OR,ANM,WE,Federal Contract Tower,0,8,0,0,8,0,3,11,4,18,0,11,11,4,26,10,0,10,36
11/12/2022,LMT,OR,ANM,WE,Federal Contract Tower,0,5,4,2,11,0,6,16,3,25,0,11,20,5,36,56,8,64,100
11/13/2022,LMT,OR,ANM,WE,Federal Contract Tower,0,0,2,0,2,0,0,33,3,36,0,0,35,3,38,46,0,46,84
11/14/2022,LMT,OR,ANM,WE,Federal Contract Tower,0,3,5,28,36,0,0,30,10,40,0,3,35,38,76,20,72,92,168
11/15/2022,LMT,OR,ANM,WE,Federal Contract Tower,0,9,1,22,32,0,1,28,28,57,0,10,29,50,89,16,36,52,141
11/16/2022,LMT,OR,ANM,WE,Federal Contract Tower,0,5,4,28,37,0,1,39,19,59,0,6,43,47,96,40,30,70,166
11/17/2022,LMT,OR,ANM,WE,Federal Contract Tower,0,7,0,12,19,0,0,36,6,42,0,7,36,18,61,42,4,46,107
11/18/2022,LMT,OR,ANM,WE,Federal Contract Tower,0,5,1,22,28,0,2,14,8,24,0,7,15,30,52,12,21,33,85
11/19/2022,LMT,OR,ANM,WE,Federal Contract Tower,0,5,11,0,16,0,0,42,0,42,0,5,53,0,58,112,0,112,170
11/20/2022,LMT,OR,ANM,WE,Federal Contract Tower,0,0,0,0,0,0,1,35,0,36,0,1,35,0,36,100,0,100,136
11/21/2022,LMT,OR,ANM,WE,Federal Contract Tower,0,4,2,34,40,0,1,28,10,39,0,5,30,44,79,42,18,60,139
11/22/2022,LMT,OR,ANM,WE,Federal Contract Tower,0,12,7,14,33,0,0,25,13,38,0,12,32,27,71,42,6,48,119
11/23/2022,LMT,OR,ANM,WE,Federal Contract Tower,0,11,1,1,13,0,2,11,1,14,0,13,12,2,27,16,0,16,43
11/24/2022,LMT,OR,ANM,WE,Federal Contract Tower,0,1,0,0,1,0,2,17,0,19,0,3,17,0,20,0,0,0,20
11/25/2022,LMT,OR,ANM,WE,Federal Contract Tower,0,5,3,0,8,0,2,16,0,18,0,7,19,0,26,18,0,18,44
11/26/2022,LMT,OR,ANM,WE,Federal Contract Tower,0,2,1,0,3,0,2,36,0,38,0,4,37,0,41,50,0,50,91
11/27/2022,LMT,OR,ANM,WE,Federal Contract Tower,0,2,4,0,6,0,0,17,0,17,0,2,21,0,23,8,0,8,31
11/28/2022,LMT,OR,ANM,WE,Federal Contract Tower,0,5,2,10,17,0,0,1,6,7,0,5,3,16,24,0,10,10,34
11/29/2022,LMT,OR,ANM,WE,Federal Contract Tower,0,9,2,24,35,0,1,10,21,32,0,10,12,45,67,24,28,52,119
11/30/2022,LMT,OR,ANM,WE,Federal Contract Tower,0,6,1,21,28,0,0,6,18,24,0,6,7,39,52,6,38,44,96
12/01/2022,LMT,OR,ANM,WE,Federal Contract Tower,0,7,1,12,20,0,1,2,12,15,0,8,3,24,35,0,58,58,93
12/02/2022,LMT,OR,ANM,WE,Federal Contract Tower,0,11,2,4,17,0,0,22,10,32,0,11,24,14,49,74,0,74,123
12/03/2022,LMT,OR,ANM,WE,Federal Contract Tower,0,3,0,0,3,0,0,15,0,15,0,3,15,0,18,26,2,28,46
12/04/2022,LMT,OR,ANM,WE,Federal Contract Tower,0,2,0,0,2,0,2,0,0,2,0,4,0,0,4,56,0,56,60
12/05/2022,LMT,OR,ANM,WE,Federal Contract Tower,0,5,2,0,7,0,0,4,2,6,0,5,6,2,13,20,0,20,33
12/06/2022,LMT,OR,ANM,WE,Federal Contract Tower,0,7,0,22,29,0,1,18,4,23,0,8,18,26,52,54,36,90,142
12/07/2022,LMT,OR,ANM,WE,Federal Contract Tower,0,11,2,20,33,0,0,0,0,0,0,11,2,20,33,0,0,0,33
12/08/2022,LMT,OR,ANM,WE,Federal Contract Tower,0,9,1,21,31,0,1,9,10,20,0,10,10,31,51,0,14,14,65
12/09/2022,LMT,OR,ANM,WE,Federal Contract Tower,0,8,6,2,16,0,0,3,0,3,0,8,9,2,19,14,2,16,35
12/10/2022,LMT,OR,ANM,WE,Federal Contract Tower,0,3,5,0,8,0,0,7,0,7,0,3,12,0,15,35,0,35,50
12/11/2022,LMT,OR,ANM,WE,Federal Contract Tower,0,0,7,0,7,0,0,4,0,4,0,0,11,0,11,10,0,10,21
12/12/2022,LMT,OR,ANM,WE,Federal Contract Tower,0,5,0,49,54,0,1,22,16,39,0,6,22,65,93,72,69,141,234
12/13/2022,LMT,OR,ANM,WE,Federal Contract Tower,0,0,20,0,20,0,0,0,0,0,0,0,20,0,20,0,0,0,20
12/14/2022,LMT,OR,ANM,WE,Federal Contract Tower,0,3,5,32,40,0,0,13,10,23,0,3,18,42,63,32,2,34,97
12/15/2022,LMT,OR,ANM,WE,Federal Contract Tower,0,12,0,0,12,0,0,0,0,0,0,12,0,0,12,0,0,0,12
12/17/2022,LMT,OR,ANM,WE,Federal Contract Tower,0,5,11,0,16,0,0,38,0,38,0,5,49,0,54,53,0,53,107
12/18/2022,LMT,OR,ANM,WE,Federal Contract Tower,0,0,4,0,4,0,0,18,0,18,0,0,22,0,22,58,0,58,80
12/19/2022,LMT,OR,ANM,WE,Federal Contract Tower,0,6,3,11,20,0,0,30,12,42,0,6,33,23,62,24,40,64,126
12/20/2022,LMT,OR,ANM,WE,Federal Contract Tower,0,7,0,27,34,0,0,11,2,13,0,7,11,29,47,4,2,6,53
12/21/2022,LMT,OR,ANM,WE,Federal Contract Tower,0,7,2,14,23,0,0,18,13,31,0,7,20,27,54,46,8,54,108
12/22/2022,LMT,OR,ANM,WE,Federal Contract Tower,0,8,3,2,13,0,0,3,0,3,0,8,6,2,16,20,0,20,36
12/23/2022,LMT,OR,ANM,WE,Federal Contract Tower,0,0,5,0,5,0,0,3,0,3,0,0,8,0,8,16,0,16,24
12/24/2022,LMT,OR,ANM,WE,Federal Contract Tower,0,2,0,0,2,0,0,0,0,0,0,2,0,0,2,0,0,0,2
12/25/2022,LMT,OR,ANM,WE,Federal Contract Tower,0,0,0,0,0,0,0,0,0,0,0,0,0,0,0,0,0,0,0
12/26/2022,LMT,OR,ANM,WE,Federal Contract Tower,0,4,0,0,4,0,0,8,0,8,0,4,8,0,12,0,0,0,12
12/27/2022,LMT,OR,ANM,WE,Federal Contract Tower,0,2,0,8,10,0,0,4,5,9,0,2,4,13,19,0,4,4,23
12/28/2022,LMT,OR,ANM,WE,Federal Contract Tower,0,9,5,9,23,0,0,10,6,16,0,9,15,15,39,11,22,33,72
12/29/2022,LMT,OR,ANM,WE,Federal Contract Tower,0,5,4,8,17,0,0,4,5,9,0,5,8,13,26,6,6,12,38
12/30/2022,LMT,OR,ANM,WE,Federal Contract Tower,0,10,4,0,14,0,0,0,0,0,0,10,4,0,14,0,0,0,14
12/31/2022,LMT,OR,ANM,WE,Federal Contract Tower,0,3,0,0,3,0,0,11,0,11,0,3,11,0,14,10,0,10,24
01/01/2023,LMT,OR,ANM,WE,Federal Contract Tower,0,0,9,0,9,0,0,20,0,20,0,0,29,0,29,18,0,18,47
01/02/2023,LMT,OR,ANM,WE,Federal Contract Tower,0,2,5,0,7,0,0,6,0,6,0,2,11,0,13,22,0,22,35
01/03/2023,LMT,OR,ANM,WE,Federal Contract Tower,0,7,4,0,11,0,2,15,0,17,0,9,19,0,28,14,0,14,42
01/04/2023,LMT,OR,ANM,WE,Federal Contract Tower,0,6,0,16,22,0,0,1,0,1,0,6,1,16,23,18,2,20,43
01/05/2023,LMT,OR,ANM,WE,Federal Contract Tower,0,15,7,28,50,0,0,7,5,12,0,15,14,33,62,26,4,30,92
01/06/2023,LMT,OR,ANM,WE,Federal Contract Tower,0,6,3,14,23,0,0,19,22,41,0,6,22,36,64,20,20,40,104
01/07/2023,LMT,OR,ANM,WE,Federal Contract Tower,0,3,1,24,28,0,0,1,8,9,0,3,2,32,37,0,0,0,37
01/08/2023,LMT,OR,ANM,WE,Federal Contract Tower,0,0,2,9,11,0,0,12,13,25,0,0,14,22,36,47,6,53,89
01/09/2023,LMT,OR,ANM,WE,Federal Contract Tower,0,6,2,1,9,0,0,17,0,17,0,6,19,1,26,13,0,13,39
01/10/2023,LMT,OR,ANM,WE,Federal Contract Tower,0,6,0,28,34,0,0,8,10,18,0,6,8,38,52,18,22,40,92
01/11/2023,LMT,OR,ANM,WE,Federal Contract Tower,0,6,0,0,6,0,0,1,0,1,0,6,1,0,7,68,0,68,75
01/12/2023,LMT,OR,ANM,WE,Federal Contract Tower,0,7,3,25,35,0,0,13,10,23,0,7,16,35,58,10,8,18,76
01/13/2023,LMT,OR,ANM,WE,Federal Contract Tower,0,6,1,12,19,0,0,11,6,17,0,6,12,18,36,22,8,30,66
01/14/2023,LMT,OR,ANM,WE,Federal Contract Tower,0,3,0,0,3,0,0,1,0,1,0,3,1,0,4,0,0,0,4
01/15/2023,LMT,OR,ANM,WE,Federal Contract Tower,0,1,3,0,4,0,0,5,0,5,0,1,8,0,9,0,0,0,9
01/16/2023,LMT,OR,ANM,WE,Federal Contract Tower,0,2,2,0,4,0,0,15,0,15,0,2,17,0,19,23,0,23,42
01/17/2023,LMT,OR,ANM,WE,Federal Contract Tower,0,7,1,0,8,0,3,18,33,54,0,10,19,33,62,24,8,32,94
01/18/2023,LMT,OR,ANM,WE,Federal Contract Tower,0,7,4,20,31,0,0,4,21,25,0,7,8,41,56,12,12,24,80
01/19/2023,LMT,OR,ANM,WE,Federal Contract Tower,0,4,3,12,19,0,0,21,10,31,0,4,24,22,50,60,6,66,116
01/20/2023,LMT,OR,ANM,WE,Federal Contract Tower,0,4,6,9,19,0,0,37,10,47,0,4,43,19,66,14,14,28,94
01/21/2023,LMT,OR,ANM,WE,Federal Contract Tower,0,6,3,2,11,0,2,35,0,37,0,8,38,2,48,66,0,66,114
01/22/2023,LMT,OR,ANM,WE,Federal Contract Tower,0,0,10,0,10,0,0,30,0,30,0,0,40,0,40,14,0,14,54
01/23/2023,LMT,OR,ANM,WE,Federal Contract Tower,0,5,11,0,16,0,0,39,0,39,0,5,50,0,55,16,0,16,71
01/24/2023,LMT,OR,ANM,WE,Federal Contract Tower,0,7,5,18,30,0,0,43,17,60,0,7,48,35,90,38,22,60,150
01/25/2023,LMT,OR,ANM,WE,Federal Contract Tower,0,7,6,10,23,0,1,40,14,55,0,8,46,24,78,0,10,10,88
01/26/2023,LMT,OR,ANM,WE,Federal Contract Tower,0,3,4,12,19,0,1,39,13,53,0,4,43,25,72,30,12,42,114
01/27/2023,LMT,OR,ANM,WE,Federal Contract Tower,0,10,0,6,16,0,2,22,8,32,0,12,22,14,48,26,8,34,82
01/28/2023,LMT,OR,ANM,WE,Federal Contract Tower,0,5,23,0,28,0,1,15,0,16,0,6,38,0,44,30,0,30,74
01/29/2023,LMT,OR,ANM,WE,Federal Contract Tower,0,0,5,2,7,0,0,9,0,9,0,0,14,2,16,28,0,28,44
01/30/2023,LMT,OR,ANM,WE,Federal Contract Tower,0,5,1,15,21,0,0,34,18,52,0,5,35,33,73,12,24,36,109
01/31/2023,LMT,OR,ANM,WE,Federal Contract Tower,0,4,5,16,25,0,1,21,10,32,0,5,26,26,57,10,20,30,87
02/01/2023,LMT,OR,ANM,WE,Federal Contract Tower,0,5,0,24,29,0,2,42,14,58,0,7,42,38,87,24,16,40,127
02/02/2023,LMT,OR,ANM,WE,Federal Contract Tower,0,5,1,15,21,0,1,27,16,44,0,6,28,31,65,12,8,20,85
02/03/2023,LMT,OR,ANM,WE,Federal Contract Tower,0,8,0,14,22,0,0,10,15,25,0,8,10,29,47,30,8,38,85
02/04/2023,LMT,OR,ANM,WE,Federal Contract Tower,0,3,4,17,24,0,0,20,22,42,0,3,24,39,66,30,6,36,102
02/05/2023,LMT,OR,ANM,WE,Federal Contract Tower,0,1,2,12,15,0,0,8,9,17,0,1,10,21,32,6,6,12,44
02/06/2023,LMT,OR,ANM,WE,Federal Contract Tower,0,4,1,0,5,0,2,30,7,39,0,6,31,7,44,26,0,26,70
02/07/2023,LMT,OR,ANM,WE,Federal Contract Tower,0,6,0,22,28,0,2,36,16,54,0,8,36,38,82,34,29,63,145
02/08/2023,LMT,OR,ANM,WE,Federal Contract Tower,0,8,4,13,25,0,7,26,20,53,0,15,30,33,78,4,16,20,98
02/09/2023,LMT,OR,ANM,WE,Federal Contract Tower,0,5,3,23,31,0,1,26,21,48,0,6,29,44,79,21,16,37,116
02/10/2023,LMT,OR,ANM,WE,Federal Contract Tower,0,3,4,13,20,0,1,23,10,34,0,4,27,23,54,8,16,24,78
02/11/2023,LMT,OR,ANM,WE,Federal Contract Tower,0,5,1,6,12,0,1,7,4,12,0,6,8,10,24,0,0,0,24
02/14/2023,LMT,OR,ANM,WE,Federal Contract Tower,0,9,4,10,23,0,2,15,10,27,0,11,19,20,50,26,12,38,88
02/15/2023,LMT,OR,ANM,WE,Federal Contract Tower,0,3,14,17,34,0,2,27,17,46,0,5,41,34,80,10,20,30,110
02/16/2023,LMT,OR,ANM,WE,Federal Contract Tower,0,6,1,18,25,0,1,32,8,41,0,7,33,26,66,30,12,42,108
02/17/2023,LMT,OR,ANM,WE,Federal Contract Tower,0,5,3,3,11,0,0,28,0,28,0,5,31,3,39,30,0,30,69
02/18/2023,LMT,OR,ANM,WE,Federal Contract Tower,0,3,4,0,7,0,0,38,0,38,0,3,42,0,45,84,0,84,129
02/19/2023,LMT,OR,ANM,WE,Federal Contract Tower,0,2,1,0,3,0,2,42,0,44,0,4,43,0,47,60,0,60,107
02/20/2023,LMT,OR,ANM,WE,Federal Contract Tower,0,3,8,0,11,0,1,38,0,39,0,4,46,0,50,28,0,28,78
02/21/2023,LMT,OR,ANM,WE,Federal Contract Tower,0,4,2,14,20,0,0,3,12,15,0,4,5,26,35,0,2,2,37
02/22/2023,LMT,OR,ANM,WE,Federal Contract Tower,0,5,0,15,20,0,0,1,12,13,0,5,1,27,33,22,14,36,69
02/23/2023,LMT,OR,ANM,WE,Federal Contract Tower,0,2,2,36,40,0,0,5,7,12,0,2,7,43,52,0,16,16,68
02/24/2023,LMT,OR,ANM,WE,Federal Contract Tower,0,3,5,29,37,0,0,5,0,5,0,3,10,29,42,2,2,4,46
02/25/2023,LMT,OR,ANM,WE,Federal Contract Tower,0,2,8,0,10,0,0,46,0,46,0,2,54,0,56,70,0,70,126
02/26/2023,LMT,OR,ANM,WE,Federal Contract Tower,0,1,1,0,2,0,0,1,0,1,0,1,2,0,3,0,0,0,3
02/27/2023,LMT,OR,ANM,WE,Federal Contract Tower,0,6,0,33,39,0,0,0,0,0,0,6,0,33,39,0,4,4,43
02/28/2023,LMT,OR,ANM,WE,Federal Contract Tower,0,1,3,0,4,0,0,1,0,1,0,1,4,0,5,40,0,40,45
03/01/2023,LMT,OR,ANM,WE,Federal Contract Tower,0,9,2,15,26,0,1,30,19,50,0,10,32,34,76,118,14,132,208
03/02/2023,LMT,OR,ANM,WE,Federal Contract Tower,0,3,1,25,29,0,0,12,7,19,0,3,13,32,48,144,8,152,200
03/03/2023,LMT,OR,ANM,WE,Federal Contract Tower,0,6,3,14,23,0,0,8,12,20,0,6,11,26,43,2,8,10,53
03/04/2023,LMT,OR,ANM,WE,Federal Contract Tower,0,5,1,13,19,0,0,0,0,0,0,5,1,13,19,0,0,0,19
03/05/2023,LMT,OR,ANM,WE,Federal Contract Tower,0,2,0,0,2,0,0,5,0,5,0,2,5,0,7,47,0,47,54
03/06/2023,LMT,OR,ANM,WE,Federal Contract Tower,0,2,0,2,4,0,4,25,0,29,0,6,25,2,33,66,0,66,99
03/07/2023,LMT,OR,ANM,WE,Federal Contract Tower,0,6,2,26,34,0,0,6,0,6,0,6,8,26,40,22,6,28,68
03/08/2023,LMT,OR,ANM,WE,Federal Contract Tower,0,6,2,9,17,0,0,30,6,36,0,6,32,15,53,20,8,28,81
03/09/2023,LMT,OR,ANM,WE,Federal Contract Tower,0,3,0,7,10,0,0,10,0,10,0,3,10,7,20,0,0,0,20
03/10/2023,LMT,OR,ANM,WE,Federal Contract Tower,0,3,2,0,5,0,0,12,0,12,0,3,14,0,17,104,0,104,121
03/11/2023,LMT,OR,ANM,WE,Federal Contract Tower,0,2,0,3,5,0,1,27,4,32,0,3,27,7,37,30,0,30,67
03/12/2023,LMT,OR,ANM,WE,Federal Contract Tower,0,0,1,1,2,0,0,1,0,1,0,0,2,1,3,4,0,4,7
03/13/2023,LMT,OR,ANM,WE,Federal Contract Tower,0,4,4,12,20,0,0,11,11,22,0,4,15,23,42,18,6,24,66
03/14/2023,LMT,OR,ANM,WE,Federal Contract Tower,0,2,2,0,4,0,0,0,0,0,0,2,2,0,4,0,0,0,4
03/15/2023,LMT,OR,ANM,WE,Federal Contract Tower,0,4,4,9,17,0,0,15,9,24,0,4,19,18,41,48,12,60,101
03/16/2023,LMT,OR,ANM,WE,Federal Contract Tower,0,4,8,10,22,0,0,59,12,71,0,4,67,22,93,64,8,72,165
03/17/2023,LMT,OR,ANM,WE,Federal Contract Tower,0,4,2,8,14,0,6,26,7,39,0,10,28,15,53,72,8,80,133
03/18/2023,LMT,OR,ANM,WE,Federal Contract Tower,0,4,3,3,10,0,0,47,1,48,0,4,50,4,58,98,0,98,156
03/19/2023,LMT,OR,ANM,WE,Federal Contract Tower,0,2,0,0,2,0,0,28,0,28,0,2,28,0,30,44,0,44,74
03/20/2023,LMT,OR,ANM,WE,Federal Contract Tower,0,5,3,0,8,0,0,17,0,17,0,5,20,0,25,60,0,60,85
03/21/2023,LMT,OR,ANM,WE,Federal Contract Tower,0,5,7,8,20,0,0,19,5,24,0,5,26,13,44,22,24,46,90
03/22/2023,LMT,OR,ANM,WE,Federal Contract Tower,0,6,12,8,26,0,1,18,10,29,0,7,30,18,55,38,28,66,121
03/23/2023,LMT,OR,ANM,WE,Federal Contract Tower,0,7,5,20,32,0,0,10,8,18,0,7,15,28,50,92,28,120,170
03/24/2023,LMT,OR,ANM,WE,Federal Contract Tower,0,5,1,1,7,0,0,8,0,8,0,5,9,1,15,70,0,70,85
03/25/2023,LMT,OR,ANM,WE,Federal Contract Tower,0,3,1,3,7,0,0,6,0,6,0,3,7,3,13,90,0,90,103
03/26/2023,LMT,OR,ANM,WE,Federal Contract Tower,0,4,2,2,8,0,0,22,0,22,0,4,24,2,30,28,0,28,58
03/27/2023,LMT,OR,ANM,WE,Federal Contract Tower,0,10,2,18,30,0,0,10,9,19,0,10,12,27,49,50,38,88,137
03/28/2023,LMT,OR,ANM,WE,Federal Contract Tower,0,4,0,0,4,0,0,5,0,5,0,4,5,0,9,32,0,32,41
03/29/2023,LMT,OR,ANM,WE,Federal Contract Tower,0,6,17,17,40,0,4,22,7,33,0,10,39,24,73,76,12,88,161
03/30/2023,LMT,OR,ANM,WE,Federal Contract Tower,0,9,9,15,33,0,0,18,6,24,0,9,27,21,57,92,18,110,167
03/31/2023,LMT,OR,ANM,WE,Federal Contract Tower,0,4,6,1,11,0,0,25,1,26,0,4,31,2,37,66,0,66,103
04/01/2023,LMT,OR,ANM,WE,Federal Contract Tower,0,5,3,0,8,0,0,1,0,1,0,5,4,0,9,4,0,4,13
04/02/2023,LMT,OR,ANM,WE,Federal Contract Tower,0,0,3,0,3,0,0,1,0,1,0,0,4,0,4,8,0,8,12
04/03/2023,LMT,OR,ANM,WE,Federal Contract Tower,0,3,2,31,36,0,1,15,4,20,0,4,17,35,56,72,22,94,150
04/04/2023,LMT,OR,ANM,WE,Federal Contract Tower,0,7,1,26,34,0,0,13,3,16,0,7,14,29,50,70,26,96,146
04/05/2023,LMT,OR,ANM,WE,Federal Contract Tower,0,4,3,21,28,0,0,39,9,48,0,4,42,30,76,18,42,60,136
04/06/2023,LMT,OR,ANM,WE,Federal Contract Tower,0,8,1,34,43,0,36,33,2,71,0,44,34,36,114,64,6,70,184
04/07/2023,LMT,OR,ANM,WE,Federal Contract Tower,0,4,10,10,24,0,0,19,12,31,0,4,29,22,55,40,4,44,99
04/08/2023,LMT,OR,ANM,WE,Federal Contract Tower,0,3,5,0,8,0,0,30,0,30,0,3,35,0,38,18,0,18,56
04/09/2023,LMT,OR,ANM,WE,Federal Contract Tower,0,0,2,0,2,0,0,19,0,19,0,0,21,0,21,28,0,28,49
04/10/2023,LMT,OR,ANM,WE,Federal Contract Tower,0,5,4,16,25,0,0,8,14,22,0,5,12,30,47,6,40,46,93
04/11/2023,LMT,OR,ANM,WE,Federal Contract Tower,0,6,2,19,27,0,0,11,14,25,0,6,13,33,52,2,50,52,104
04/12/2023,LMT,OR,ANM,WE,Federal Contract Tower,0,2,0,17,19,0,3,10,19,32,0,5,10,36,51,10,10,20,71
04/13/2023,LMT,OR,ANM,WE,Federal Contract Tower,0,4,5,28,37,0,0,30,8,38,0,4,35,36,75,30,38,68,143
04/14/2023,LMT,OR,ANM,WE,Federal Contract Tower,0,3,3,18,24,0,0,59,27,86,0,3,62,45,110,2,10,12,122
04/15/2023,LMT,OR,ANM,WE,Federal Contract Tower,0,2,1,18,21,0,2,26,18,46,0,4,27,36,67,6,50,56,123
04/16/2023,LMT,OR,ANM,WE,Federal Contract Tower,0,0,0,10,10,0,0,17,10,27,0,0,17,20,37,2,14,16,53
04/17/2023,LMT,OR,ANM,WE,Federal Contract Tower,0,4,3,0,7,0,0,7,0,7,0,4,10,0,14,24,0,24,38
04/18/2023,LMT,OR,ANM,WE,Federal Contract Tower,0,3,6,18,27,0,0,19,13,32,0,3,25,31,59,0,18,18,77
04/19/2023,LMT,OR,ANM,WE,Federal Contract Tower,0,4,3,29,36,0,2,23,9,34,0,6,26,38,70,36,10,46,116
04/20/2023,LMT,OR,ANM,WE,Federal Contract Tower,0,6,0,31,37,0,0,27,17,44,0,6,27,48,81,32,30,62,143
04/21/2023,LMT,OR,ANM,WE,Federal Contract Tower,0,4,4,15,23,0,0,30,8,38,0,4,34,23,61,40,8,48,109
04/22/2023,LMT,OR,ANM,WE,Federal Contract Tower,0,2,7,0,9,0,1,42,0,43,0,3,49,0,52,38,0,38,90
04/23/2023,LMT,OR,ANM,WE,Federal Contract Tower,0,0,0,0,0,0,0,21,0,21,0,0,21,0,21,4,0,4,25
04/24/2023,LMT,OR,ANM,WE,Federal Contract Tower,0,3,5,15,23,0,0,39,12,51,0,3,44,27,74,18,10,28,102
04/25/2023,LMT,OR,ANM,WE,Federal Contract Tower,0,3,0,17,20,0,4,25,26,55,0,7,25,43,75,10,18,28,103
04/26/2023,LMT,OR,ANM,WE,Federal Contract Tower,0,4,7,24,35,0,0,42,16,58,0,4,49,40,93,6,46,52,145
04/27/2023,LMT,OR,ANM,WE,Federal Contract Tower,0,10,3,27,40,0,1,42,9,52,0,11,45,36,92,20,56,76,168
04/28/2023,LMT,OR,ANM,WE,Federal Contract Tower,0,7,9,0,16,0,1,45,3,49,0,8,54,3,65,10,0,10,75
04/29/2023,LMT,OR,ANM,WE,Federal Contract Tower,0,3,2,0,5,0,0,49,0,49,0,3,51,0,54,30,0,30,84
04/30/2023,LMT,OR,ANM,WE,Federal Contract Tower,0,0,4,0,4,0,1,33,0,34,0,1,37,0,38,28,0,28,66
05/01/2023,LMT,OR,ANM,WE,Federal Contract Tower,0,4,7,25,36,0,2,13,16,31,0,6,20,41,67,32,8,40,107
05/02/2023,LMT,OR,ANM,WE,Federal Contract Tower,0,3,1,36,40,0,0,9,6,15,0,3,10,42,55,0,4,4,59
05/03/2023,LMT,OR,ANM,WE,Federal Contract Tower,0,8,10,29,47,0,1,36,5,42,0,9,46,34,89,10,12,22,111
05/04/2023,LMT,OR,ANM,WE,Federal Contract Tower,0,7,4,16,27,0,1,16,14,31,0,8,20,30,58,12,38,50,108
05/05/2023,LMT,OR,ANM,WE,Federal Contract Tower,0,8,3,36,47,0,0,19,15,34,0,8,22,51,81,20,34,54,135
05/06/2023,LMT,OR,ANM,WE,Federal Contract Tower,0,3,4,22,29,0,0,3,2,5,0,3,7,24,34,0,2,2,36
05/07/2023,LMT,OR,ANM,WE,Federal Contract Tower,0,0,5,0,5,0,0,15,0,15,0,0,20,0,20,62,0,62,82
05/08/2023,LMT,OR,ANM,WE,Federal Contract Tower,0,6,7,2,15,0,0,11,0,11,0,6,18,2,26,20,0,20,46
05/09/2023,LMT,OR,ANM,WE,Federal Contract Tower,0,6,5,22,33,0,3,36,21,60,0,9,41,43,93,50,46,96,189
05/10/2023,LMT,OR,ANM,WE,Federal Contract Tower,0,3,6,30,39,0,16,79,29,124,0,19,85,59,163,100,10,110,273
05/11/2023,LMT,OR,ANM,WE,Federal Contract Tower,0,4,0,40,44,0,1,38,22,61,0,5,38,62,105,26,16,42,147
05/12/2023,LMT,OR,ANM,WE,Federal Contract Tower,0,3,3,29,35,0,2,37,22,61,0,5,40,51,96,42,20,62,158
05/13/2023,LMT,OR,ANM,WE,Federal Contract Tower,0,5,3,0,8,0,0,28,0,28,0,5,31,0,36,14,0,14,50
05/14/2023,LMT,OR,ANM,WE,Federal Contract Tower,0,0,1,0,1,0,1,19,0,20,0,1,20,0,21,18,0,18,39
05/15/2023,LMT,OR,ANM,WE,Federal Contract Tower,0,3,4,31,38,0,3,24,27,54,0,6,28,58,92,32,22,54,146
05/16/2023,LMT,OR,ANM,WE,Federal Contract Tower,0,5,1,24,30,0,2,29,21,52,0,7,30,45,82,24,6,30,112
05/17/2023,LMT,OR,ANM,WE,Federal Contract Tower,0,3,4,30,37,0,1,34,13,48,0,4,38,43,85,16,18,34,119
05/18/2023,LMT,OR,ANM,WE,Federal Contract Tower,0,5,6,36,47,0,0,26,20,46,0,5,32,56,93,65,6,71,164
05/19/2023,LMT,OR,ANM,WE,Federal Contract Tower,0,4,8,17,29,0,0,44,8,52,0,4,52,25,81,16,18,34,115
05/20/2023,LMT,OR,ANM,WE,Federal Contract Tower,0,1,9,0,10,0,5,19,0,24,0,6,28,0,34,16,0,16,50
05/21/2023,LMT,OR,ANM,WE,Federal Contract Tower,0,0,2,0,2,0,0,16,0,16,0,0,18,0,18,32,0,32,50
05/22/2023,LMT,OR,ANM,WE,Federal Contract Tower,0,3,14,13,30,0,1,41,17,59,0,4,55,30,89,26,6,32,121
05/23/2023,LMT,OR,ANM,WE,Federal Contract Tower,0,5,4,22,31,0,0,23,8,31,0,5,27,30,62,40,11,51,113
05/24/2023,LMT,OR,ANM,WE,Federal Contract Tower,0,7,3,23,33,0,1,40,20,61,0,8,43,43,94,86,10,96,190
05/25/2023,LMT,OR,ANM,WE,Federal Contract Tower,0,5,8,12,25,0,1,32,12,45,0,6,40,24,70,68,6,74,144
05/26/2023,LMT,OR,ANM,WE,Federal Contract Tower,0,3,1,0,4,0,1,11,0,12,0,4,12,0,16,0,0,0,16
05/27/2023,LMT,OR,ANM,WE,Federal Contract Tower,0,3,8,0,11,0,0,11,0,11,0,3,19,0,22,20,0,20,42
05/28/2023,LMT,OR,ANM,WE,Federal Contract Tower,0,2,1,0,3,0,0,3,0,3,0,2,4,0,6,6,0,6,12
05/29/2023,LMT,OR,ANM,WE,Federal Contract Tower,0,0,2,0,2,0,0,38,6,44,0,0,40,6,46,26,4,30,76
05/30/2023,LMT,OR,ANM,WE,Federal Contract Tower,0,7,1,30,38,0,3,36,7,46,0,10,37,37,84,48,16,64,148
05/31/2023,LMT,OR,ANM,WE,Federal Contract Tower,0,4,2,35,41,0,0,28,6,34,0,4,30,41,75,69,10,79,154
06/01/2023,LMT,OR,ANM,WE,Federal Contract Tower,0,5,5,28,38,0,0,28,8,36,0,5,33,36,74,34,12,46,120
06/02/2023,LMT,OR,ANM,WE,Federal Contract Tower,0,4,9,9,22,0,13,46,6,65,0,17,55,15,87,78,6,84,171
06/03/2023,LMT,OR,ANM,WE,Federal Contract Tower,0,3,2,6,11,0,2,55,11,68,0,5,57,17,79,30,6,36,115
06/04/2023,LMT,OR,ANM,WE,Federal Contract Tower,0,0,2,0,2,0,1,28,0,29,0,1,30,0,31,36,0,36,67
06/05/2023,LMT,OR,ANM,WE,Federal Contract Tower,0,9,6,0,15,0,1,37,0,38,0,10,43,0,53,44,0,44,97
06/06/2023,LMT,OR,ANM,WE,Federal Contract Tower,0,4,6,12,22,0,10,21,27,58,0,14,27,39,80,28,20,48,128
06/08/2023,LMT,OR,ANM,WE,Federal Contract Tower,0,6,6,9,21,0,22,24,24,70,0,28,30,33,91,32,6,38,129
06/09/2023,LMT,OR,ANM,WE,Federal Contract Tower,0,6,6,4,16,0,6,20,14,40,0,12,26,18,56,38,10,48,104
06/10/2023,LMT,OR,ANM,WE,Federal Contract Tower,0,3,5,0,8,0,0,52,0,52,0,3,57,0,60,44,0,44,104
06/11/2023,LMT,OR,ANM,WE,Federal Contract Tower,0,0,2,0,2,0,2,22,0,24,0,2,24,0,26,6,0,6,32
06/12/2023,LMT,OR,ANM,WE,Federal Contract Tower,0,3,5,3,11,0,0,55,24,79,0,3,60,27,90,69,10,79,169
06/13/2023,LMT,OR,ANM,WE,Federal Contract Tower,0,4,3,14,21,0,0,37,18,55,0,4,40,32,76,58,2,60,136
06/14/2023,LMT,OR,ANM,WE,Federal Contract Tower,0,6,3,6,15,0,0,48,24,72,0,6,51,30,87,20,12,32,119
06/15/2023,LMT,OR,ANM,WE,Federal Contract Tower,0,9,7,0,16,0,0,33,26,59,0,9,40,26,75,60,16,76,151
06/16/2023,LMT,OR,ANM,WE,Federal Contract Tower,0,4,3,6,13,0,1,33,6,40,0,5,36,12,53,36,6,42,95
06/17/2023,LMT,OR,ANM,WE,Federal Contract Tower,0,3,6,0,9,0,0,42,0,42,0,3,48,0,51,28,0,28,79
06/18/2023,LMT,OR,ANM,WE,Federal Contract Tower,0,1,1,0,2,0,0,23,0,23,0,1,24,0,25,4,0,4,29
06/19/2023,LMT,OR,ANM,WE,Federal Contract Tower,0,3,2,0,5,0,0,8,0,8,0,3,10,0,13,36,0,36,49
06/20/2023,LMT,OR,ANM,WE,Federal Contract Tower,0,6,7,7,20,0,1,25,12,38,0,7,32,19,58,30,6,36,94
06/21/2023,LMT,OR,ANM,WE,Federal Contract Tower,0,6,4,10,20,0,4,69,12,85,0,10,73,22,105,32,4,36,141
06/22/2023,LMT,OR,ANM,WE,Federal Contract Tower,0,5,2,7,14,0,11,53,21,85,0,16,55,28,99,62,8,70,169
06/23/2023,LMT,OR,ANM,WE,Federal Contract Tower,0,8,6,3,17,0,4,59,9,72,0,12,65,12,89,20,16,36,125
06/24/2023,LMT,OR,ANM,WE,Federal Contract Tower,0,4,1,0,5,0,3,38,0,41,0,7,39,0,46,51,0,51,97
06/25/2023,LMT,OR,ANM,WE,Federal Contract Tower,0,0,1,0,1,0,0,24,0,24,0,0,25,0,25,46,0,46,71
06/26/2023,LMT,OR,ANM,WE,Federal Contract Tower,0,3,0,12,15,0,21,36,13,70,0,24,36,25,85,40,10,50,135
06/27/2023,LMT,OR,ANM,WE,Federal Contract Tower,0,3,1,8,12,0,1,47,22,70,0,4,48,30,82,28,10,38,120
06/28/2023,LMT,OR,ANM,WE,Federal Contract Tower,0,6,7,12,25,0,3,45,23,71,0,9,52,35,96,22,16,38,134
06/29/2023,LMT,OR,ANM,WE,Federal Contract Tower,0,6,3,8,17,0,6,48,11,65,0,12,51,19,82,84,10,94,176
06/30/2023,LMT,OR,ANM,WE,Federal Contract Tower,0,4,0,0,4,0,7,66,0,73,0,11,66,0,77,84,0,84,161
07/01/2023,LMT,OR,ANM,WE,Federal Contract Tower,0,4,4,2,10,0,1,24,0,25,0,5,28,2,35,36,0,36,71
07/02/2023,LMT,OR,ANM,WE,Federal Contract Tower,0,0,5,0,5,0,0,15,0,15,0,0,20,0,20,6,0,6,26
07/03/2023,LMT,OR,ANM,WE,Federal Contract Tower,0,2,0,0,2,0,1,29,0,30,0,3,29,0,32,30,0,30,62
07/04/2023,LMT,OR,ANM,WE,Federal Contract Tower,0,1,1,0,2,0,2,28,4,34,0,3,29,4,36,24,2,26,62
07/05/2023,LMT,OR,ANM,WE,Federal Contract Tower,0,4,2,2,8,0,0,37,0,37,0,4,39,2,45,78,0,78,123
07/06/2023,LMT,OR,ANM,WE,Federal Contract Tower,0,5,0,16,21,0,6,56,19,81,0,11,56,35,102,50,28,78,180
07/07/2023,LMT,OR,ANM,WE,Federal Contract Tower,0,1,3,3,7,0,7,70,19,96,0,8,73,22,103,66,42,108,211
07/08/2023,LMT,OR,ANM,WE,Federal Contract Tower,0,2,3,0,5,0,16,54,0,70,0,18,57,0,75,82,0,82,157
07/09/2023,LMT,OR,ANM,WE,Federal Contract Tower,0,0,3,3,6,0,12,37,0,49,0,12,40,3,55,54,0,54,109
07/10/2023,LMT,OR,ANM,WE,Federal Contract Tower,0,2,4,14,20,0,4,50,16,70,0,6,54,30,90,30,26,56,146
07/11/2023,LMT,OR,ANM,WE,Federal Contract Tower,0,3,0,6,9,0,17,44,23,84,0,20,44,29,93,22,16,38,131
07/12/2023,LMT,OR,ANM,WE,Federal Contract Tower,0,3,0,6,9,0,5,41,23,69,0,8,41,29,78,34,4,38,116
07/13/2023,LMT,OR,ANM,WE,Federal Contract Tower,0,4,2,7,13,0,3,41,25,69,0,7,43,32,82,16,22,38,120
07/14/2023,LMT,OR,ANM,WE,Federal Contract Tower,0,3,0,0,3,0,5,47,14,66,0,8,47,14,69,64,8,72,141
07/15/2023,LMT,OR,ANM,WE,Federal Contract Tower,0,2,1,0,3,0,2,44,0,46,0,4,45,0,49,18,0,18,67
07/16/2023,LMT,OR,ANM,WE,Federal Contract Tower,0,0,2,0,2,0,3,39,0,42,0,3,41,0,44,18,0,18,62
07/17/2023,LMT,OR,ANM,WE,Federal Contract Tower,0,3,3,0,6,0,3,49,0,52,0,6,52,0,58,80,0,80,138
07/18/2023,LMT,OR,ANM,WE,Federal Contract Tower,0,3,3,7,13,0,10,43,21,74,0,13,46,28,87,8,4,12,99
07/19/2023,LMT,OR,ANM,WE,Federal Contract Tower,0,7,10,10,27,0,1,41,12,54,0,8,51,22,81,12,44,56,137
07/20/2023,LMT,OR,ANM,WE,Federal Contract Tower,0,3,5,24,32,0,2,39,10,51,0,5,44,34,83,28,14,42,125
07/21/2023,LMT,OR,ANM,WE,Federal Contract Tower,0,5,5,4,14,0,9,47,11,67,0,14,52,15,81,68,6,74,155
07/22/2023,LMT,OR,ANM,WE,Federal Contract Tower,0,2,8,0,10,0,77,33,0,110,0,79,41,0,120,22,0,22,142
07/23/2023,LMT,OR,ANM,WE,Federal Contract Tower,0,0,1,0,1,0,40,40,0,80,0,40,41,0,81,26,0,26,107
07/24/2023,LMT,OR,ANM,WE,Federal Contract Tower,0,3,3,8,14,0,6,39,24,69,0,9,42,32,83,24,22,46,129
07/25/2023,LMT,OR,ANM,WE,Federal Contract Tower,0,4,1,11,16,0,11,27,14,52,0,15,28,25,68,2,10,12,80
07/26/2023,LMT,OR,ANM,WE,Federal Contract Tower,0,7,2,3,12,0,3,31,21,55,0,10,33,24,67,16,22,38,105
07/27/2023,LMT,OR,ANM,WE,Federal Contract Tower,0,9,40,28,77,0,0,0,0,0,0,9,40,28,77,30,22,52,129
07/28/2023,LMT,OR,ANM,WE,Federal Contract Tower,0,9,6,6,21,0,4,44,8,56,0,13,50,14,77,32,22,54,131
07/29/2023,LMT,OR,ANM,WE,Federal Contract Tower,0,4,5,0,9,0,0,54,0,54,0,4,59,0,63,10,0,10,73
07/30/2023,LMT,OR,ANM,WE,Federal Contract Tower,0,0,21,0,21,0,0,37,2,39,0,0,58,2,60,24,0,24,84
07/31/2023,LMT,OR,ANM,WE,Federal Contract Tower,0,3,8,4,15,0,0,30,28,58,0,3,38,32,73,32,44,76,149
08/01/2023,LMT,OR,ANM,WE,Federal Contract Tower,0,5,5,10,20,0,6,43,15,64,0,11,48,25,84,10,20,30,114
08/02/2023,LMT,OR,ANM,WE,Federal Contract Tower,0,4,3,21,28,0,8,36,11,55,0,12,39,32,83,58,14,72,155
08/03/2023,LMT,OR,ANM,WE,Federal Contract Tower,0,9,5,15,29,0,3,26,19,48,0,12,31,34,77,36,26,62,139
08/04/2023,LMT,OR,ANM,WE,Federal Contract Tower,0,3,3,8,14,0,9,42,26,77,0,12,45,34,91,16,32,48,139
08/05/2023,LMT,OR,ANM,WE,Federal Contract Tower,0,3,5,11,19,0,14,28,14,56,0,17,33,25,75,56,14,70,145
08/06/2023,LMT,OR,ANM,WE,Federal Contract Tower,0,0,2,2,4,0,0,25,19,44,0,0,27,21,48,18,12,30,78
08/07/2023,LMT,OR,ANM,WE,Federal Contract Tower,0,3,2,21,26,0,7,35,0,42,0,10,37,21,68,18,38,56,124
08/08/2023,LMT,OR,ANM,WE,Federal Contract Tower,4,1,7,0,12,0,21,31,37,89,4,22,38,37,101,48,38,86,187
08/09/2023,LMT,OR,ANM,WE,Federal Contract Tower,0,3,6,4,13,0,4,46,33,83,0,7,52,37,96,28,14,42,138
08/10/2023,LMT,OR,ANM,WE,Federal Contract Tower,0,4,3,1,8,0,1,60,40,101,0,5,63,41,109,34,18,52,161
08/11/2023,LMT,OR,ANM,WE,Federal Contract Tower,0,2,3,5,10,0,5,39,21,65,0,7,42,26,75,32,6,38,113
08/12/2023,LMT,OR,ANM,WE,Federal Contract Tower,0,5,0,0,5,0,0,23,2,25,0,5,23,2,30,70,0,70,100
08/13/2023,LMT,OR,ANM,WE,Federal Contract Tower,0,0,1,0,1,0,0,18,0,18,0,0,19,0,19,2,0,2,21
08/14/2023,LMT,OR,ANM,WE,Federal Contract Tower,0,2,2,1,5,0,2,30,25,57,0,4,32,26,62,4,6,10,72
08/15/2023,LMT,OR,ANM,WE,Federal Contract Tower,0,4,7,6,17,0,10,34,19,63,0,14,41,25,80,22,16,38,118
08/16/2023,LMT,OR,ANM,WE,Federal Contract Tower,0,4,2,12,18,0,7,37,20,64,0,11,39,32,82,34,14,48,130
08/17/2023,LMT,OR,ANM,WE,Federal Contract Tower,0,4,3,6,13,0,7,24,25,56,0,11,27,31,69,20,20,40,109
08/18/2023,LMT,OR,ANM,WE,Federal Contract Tower,0,2,6,7,15,0,16,8,17,41,0,18,14,24,56,0,4,4,60
08/19/2023,LMT,OR,ANM,WE,Federal Contract Tower,0,2,2,0,4,0,17,14,0,31,0,19,16,0,35,50,0,50,85
08/20/2023,LMT,OR,ANM,WE,Federal Contract Tower,0,2,0,0,2,0,13,8,0,21,0,15,8,0,23,10,0,10,33
08/21/2023,LMT,OR,ANM,WE,Federal Contract Tower,0,4,0,0,4,0,2,10,0,12,0,6,10,0,16,6,0,6,22
08/22/2023,LMT,OR,ANM,WE,Federal Contract Tower,0,5,3,24,32,0,0,8,8,16,0,5,11,32,48,22,14,36,84
08/23/2023,LMT,OR,ANM,WE,Federal Contract Tower,0,3,7,2,12,0,6,13,16,35,0,9,20,18,47,24,4,28,75
08/24/2023,LMT,OR,ANM,WE,Federal Contract Tower,0,5,1,10,16,0,4,30,9,43,0,9,31,19,59,18,10,28,87
08/25/2023,LMT,OR,ANM,WE,Federal Contract Tower,0,5,2,2,9,0,13,25,10,48,0,18,27,12,57,24,4,28,85
08/26/2023,LMT,OR,ANM,WE,Federal Contract Tower,0,4,1,2,7,0,9,42,0,51,0,13,43,2,58,26,0,26,84
08/27/2023,LMT,OR,ANM,WE,Federal Contract Tower,0,0,2,0,2,0,2,29,0,31,0,2,31,0,33,30,0,30,63
08/28/2023,LMT,OR,ANM,WE,Federal Contract Tower,0,7,8,30,45,0,2,20,0,22,0,9,28,30,67,50,0,50,117
08/29/2023,LMT,OR,ANM,WE,Federal Contract Tower,0,3,3,21,27,0,7,29,24,60,0,10,32,45,87,36,6,42,129
08/30/2023,LMT,OR,ANM,WE,Federal Contract Tower,0,4,4,29,37,0,6,40,34,80,0,10,44,63,117,43,22,65,182
08/31/2023,LMT,OR,ANM,WE,Federal Contract Tower,0,4,5,5,14,0,1,46,24,71,0,5,51,29,85,44,12,56,141
01/01/2020,LMT,OR,ANM,WE,Federal Contract Tower,0,1,6,0,7,0,1,15,0,16,0,2,21,0,23,78,0,78,101
01/02/2020,LMT,OR,ANM,WE,Federal Contract Tower,0,9,9,20,38,0,0,21,18,39,0,9,30,38,77,40,52,92,169
01/03/2020,LMT,OR,ANM,WE,Federal Contract Tower,0,7,2,39,48,0,1,29,7,37,0,8,31,46,85,48,36,84,169
01/04/2020,LMT,OR,ANM,WE,Federal Contract Tower,0,7,4,0,11,0,1,13,0,14,0,8,17,0,25,42,0,42,67
01/05/2020,LMT,OR,ANM,WE,Federal Contract Tower,0,2,1,0,3,0,0,5,0,5,0,2,6,0,8,86,0,86,94
01/06/2020,LMT,OR,ANM,WE,Federal Contract Tower,0,5,1,39,45,0,3,14,17,34,0,8,15,56,79,44,90,134,213
01/07/2020,LMT,OR,ANM,WE,Federal Contract Tower,0,10,7,20,37,0,13,19,45,77,0,23,26,65,114,32,38,70,184
01/08/2020,LMT,OR,ANM,WE,Federal Contract Tower,0,6,3,33,42,0,6,4,46,56,0,12,7,79,98,0,12,12,110
01/09/2020,LMT,OR,ANM,WE,Federal Contract Tower,0,6,6,15,27,0,2,8,11,21,0,8,14,26,48,30,18,48,96
01/10/2020,LMT,OR,ANM,WE,Federal Contract Tower,0,8,3,20,31,0,0,4,6,10,0,8,7,26,41,8,20,28,69
01/11/2020,LMT,OR,ANM,WE,Federal Contract Tower,0,6,2,13,21,0,0,1,9,10,0,6,3,22,31,19,8,27,58
01/12/2020,LMT,OR,ANM,WE,Federal Contract Tower,0,1,3,15,19,0,0,0,0,0,0,1,3,15,19,0,2,2,21
01/13/2020,LMT,OR,ANM,WE,Federal Contract Tower,0,8,2,0,10,0,8,2,0,10,0,16,4,0,20,0,0,0,20
01/14/2020,LMT,OR,ANM,WE,Federal Contract Tower,0,4,0,0,4,0,4,0,0,4,0,8,0,0,8,0,0,0,8
01/15/2020,LMT,OR,ANM,WE,Federal Contract Tower,0,6,1,2,9,0,1,1,0,2,0,7,2,2,11,0,0,0,11
01/16/2020,LMT,OR,ANM,WE,Federal Contract Tower,0,0,0,0,0,0,0,0,0,0,0,0,0,0,0,0,0,0,0
01/17/2020,LMT,OR,ANM,WE,Federal Contract Tower,0,6,0,10,16,0,2,2,7,11,0,8,2,17,27,14,26,40,67
01/18/2020,LMT,OR,ANM,WE,Federal Contract Tower,0,12,1,3,16,0,0,2,0,2,0,12,3,3,18,0,4,4,22
01/19/2020,LMT,OR,ANM,WE,Federal Contract Tower,0,2,6,0,8,0,3,15,0,18,0,5,21,0,26,16,0,16,42
01/20/2020,LMT,OR,ANM,WE,Federal Contract Tower,0,6,4,0,10,0,6,6,0,12,0,12,10,0,22,0,0,0,22
01/21/2020,LMT,OR,ANM,WE,Federal Contract Tower,0,10,8,16,34,0,0,0,0,0,0,10,8,16,34,0,0,0,34
01/22/2020,LMT,OR,ANM,WE,Federal Contract Tower,0,13,9,18,40,0,0,2,2,4,0,13,11,20,44,42,0,42,86
01/23/2020,LMT,OR,ANM,WE,Federal Contract Tower,0,11,4,14,29,0,5,3,16,24,0,16,7,30,53,64,26,90,143
01/24/2020,LMT,OR,ANM,WE,Federal Contract Tower,0,9,6,15,30,0,3,10,15,28,0,12,16,30,58,28,6,34,92
01/25/2020,LMT,OR,ANM,WE,Federal Contract Tower,0,5,4,2,11,0,5,6,2,13,0,10,10,4,24,0,0,0,24
01/26/2020,LMT,OR,ANM,WE,Federal Contract Tower,0,2,3,0,5,0,2,11,0,13,0,4,14,0,18,10,0,10,28
01/27/2020,LMT,OR,ANM,WE,Federal Contract Tower,0,9,7,38,54,0,0,4,4,8,0,9,11,42,62,18,44,62,124
01/28/2020,LMT,OR,ANM,WE,Federal Contract Tower,0,7,3,30,40,0,1,4,10,15,0,8,7,40,55,0,34,34,89
01/29/2020,LMT,OR,ANM,WE,Federal Contract Tower,0,7,6,38,51,0,1,15,21,37,0,8,21,59,88,23,54,77,165
01/30/2020,LMT,OR,ANM,WE,Federal Contract Tower,0,8,9,23,40,0,2,15,0,17,0,10,24,23,57,40,8,48,105
01/31/2020,LMT,OR,ANM,WE,Federal Contract Tower,0,3,7,0,10,0,3,26,0,29,0,6,33,0,39,44,0,44,83
02/01/2020,LMT,OR,ANM,WE,Federal Contract Tower,0,14,31,1,46,0,2,26,0,28,0,16,57,1,74,52,0,52,126
02/02/2020,LMT,OR,ANM,WE,Federal Contract Tower,0,3,5,0,8,0,0,3,1,4,0,3,8,1,12,0,0,0,12
02/03/2020,LMT,OR,ANM,WE,Federal Contract Tower,0,4,0,22,26,0,1,17,23,41,0,5,17,45,67,8,54,62,129
02/04/2020,LMT,OR,ANM,WE,Federal Contract Tower,0,6,5,33,44,0,1,14,18,33,0,7,19,51,77,30,80,110,187
02/05/2020,LMT,OR,ANM,WE,Federal Contract Tower,0,8,6,27,41,0,0,11,17,28,0,8,17,44,69,64,88,152,221
02/06/2020,LMT,OR,ANM,WE,Federal Contract Tower,0,8,10,23,41,0,11,41,21,73,0,19,51,44,114,114,68,182,296
02/07/2020,LMT,OR,ANM,WE,Federal Contract Tower,0,8,11,20,39,0,12,53,36,101,0,20,64,56,140,144,66,210,350
02/08/2020,LMT,OR,ANM,WE,Federal Contract Tower,0,6,3,36,45,0,1,2,15,18,0,7,5,51,63,38,50,88,151
02/09/2020,LMT,OR,ANM,WE,Federal Contract Tower,0,1,8,12,21,0,4,19,8,31,0,5,27,20,52,75,30,105,157
02/10/2020,LMT,OR,ANM,WE,Federal Contract Tower,0,10,6,20,36,0,0,20,0,20,0,10,26,20,56,52,4,56,112
02/11/2020,LMT,OR,ANM,WE,Federal Contract Tower,0,8,3,50,61,0,1,22,5,28,0,9,25,55,89,31,47,78,167
02/12/2020,LMT,OR,ANM,WE,Federal Contract Tower,0,9,4,29,42,0,10,36,51,97,0,19,40,80,139,52,68,120,259
02/13/2020,LMT,OR,ANM,WE,Federal Contract Tower,0,7,8,19,34,0,9,21,37,67,0,16,29,56,101,20,48,68,169
02/14/2020,LMT,OR,ANM,WE,Federal Contract Tower,0,7,4,13,24,0,1,17,8,26,0,8,21,21,50,20,8,28,78
02/15/2020,LMT,OR,ANM,WE,Federal Contract Tower,0,8,8,0,16,0,0,5,0,5,0,8,13,0,21,0,0,0,21
02/16/2020,LMT,OR,ANM,WE,Federal Contract Tower,0,1,2,0,3,0,0,4,0,4,0,1,6,0,7,0,0,0,7
02/17/2020,LMT,OR,ANM,WE,Federal Contract Tower,0,5,7,7,19,0,4,29,0,33,0,9,36,7,52,46,9,55,107
02/18/2020,LMT,OR,ANM,WE,Federal Contract Tower,0,4,3,22,29,0,7,36,36,79,0,11,39,58,108,20,34,54,162
02/19/2020,LMT,OR,ANM,WE,Federal Contract Tower,0,8,3,24,35,0,15,41,44,100,0,23,44,68,135,76,71,147,282
02/20/2020,LMT,OR,ANM,WE,Federal Contract Tower,0,4,5,21,30,0,6,28,13,47,0,10,33,34,77,18,54,72,149
02/21/2020,LMT,OR,ANM,WE,Federal Contract Tower,0,5,6,10,21,0,12,54,10,76,0,17,60,20,97,6,20,26,123
02/22/2020,LMT,OR,ANM,WE,Federal Contract Tower,0,4,11,0,15,0,0,66,0,66,0,4,77,0,81,80,0,80,161
02/23/2020,LMT,OR,ANM,WE,Federal Contract Tower,0,2,7,0,9,0,0,2,0,2,0,2,9,0,11,30,0,30,41
02/24/2020,LMT,OR,ANM,WE,Federal Contract Tower,0,2,6,26,34,0,9,27,51,87,0,11,33,77,121,34,42,76,197
02/25/2020,LMT,OR,ANM,WE,Federal Contract Tower,4,7,3,21,35,0,11,30,47,88,4,18,33,68,123,32,24,56,179
02/26/2020,LMT,OR,ANM,WE,Federal Contract Tower,0,7,1,14,22,0,8,16,21,45,0,15,17,35,67,26,44,70,137
02/27/2020,LMT,OR,ANM,WE,Federal Contract Tower,0,6,14,20,40,0,12,25,20,57,0,18,39,40,97,24,16,40,137
02/28/2020,LMT,OR,ANM,WE,Federal Contract Tower,0,4,2,2,8,0,4,27,0,31,0,8,29,2,39,62,0,62,101
02/29/2020,LMT,OR,ANM,WE,Federal Contract Tower,0,4,5,0,9,0,3,22,0,25,0,7,27,0,34,84,0,84,118
03/01/2020,LMT,OR,ANM,WE,Federal Contract Tower,0,1,7,0,8,0,1,31,0,32,0,2,38,0,40,50,0,50,90
03/02/2020,LMT,OR,ANM,WE,Federal Contract Tower,0,4,4,23,31,0,8,30,38,76,0,12,34,61,107,26,56,82,189
03/03/2020,LMT,OR,ANM,WE,Federal Contract Tower,0,6,9,21,36,0,2,17,13,32,0,8,26,34,68,69,45,114,182
03/04/2020,LMT,OR,ANM,WE,Federal Contract Tower,0,8,8,22,38,0,5,21,20,46,0,13,29,42,84,50,22,72,156
03/05/2020,LMT,OR,ANM,WE,Federal Contract Tower,0,9,4,22,35,0,4,25,12,41,0,13,29,34,76,64,34,98,174
03/06/2020,LMT,OR,ANM,WE,Federal Contract Tower,0,6,13,38,57,0,0,0,0,0,0,6,13,38,57,32,72,104,161
03/07/2020,LMT,OR,ANM,WE,Federal Contract Tower,0,4,3,28,35,0,4,3,28,35,0,8,6,56,70,0,10,10,80
03/08/2020,LMT,OR,ANM,WE,Federal Contract Tower,0,0,2,20,22,0,0,3,20,23,0,0,5,40,45,0,24,24,69
03/09/2020,LMT,OR,ANM,WE,Federal Contract Tower,0,9,3,14,26,0,2,21,0,23,0,11,24,14,49,32,0,32,81
03/10/2020,LMT,OR,ANM,WE,Federal Contract Tower,0,8,4,22,34,0,4,35,10,49,0,12,39,32,83,30,54,84,167
03/11/2020,LMT,OR,ANM,WE,Federal Contract Tower,0,7,9,25,41,0,2,50,18,70,0,9,59,43,111,70,64,134,245
03/12/2020,LMT,OR,ANM,WE,Federal Contract Tower,0,4,8,26,38,0,8,49,10,67,0,12,57,36,105,52,46,98,203
03/13/2020,LMT,OR,ANM,WE,Federal Contract Tower,0,5,1,14,20,0,7,29,18,54,0,12,30,32,74,162,24,186,260
03/14/2020,LMT,OR,ANM,WE,Federal Contract Tower,0,4,4,0,8,0,4,6,0,10,0,8,10,0,18,0,0,0,18
03/15/2020,LMT,OR,ANM,WE,Federal Contract Tower,0,1,2,0,3,0,0,0,0,0,0,1,2,0,3,0,0,0,3
03/16/2020,LMT,OR,ANM,WE,Federal Contract Tower,0,5,2,48,55,0,1,2,0,3,0,6,4,48,58,0,14,14,72
03/17/2020,LMT,OR,ANM,WE,Federal Contract Tower,0,8,2,19,29,0,5,10,2,17,0,13,12,21,46,22,22,44,90
03/18/2020,LMT,OR,ANM,WE,Federal Contract Tower,0,9,33,53,95,0,0,0,0,0,0,9,33,53,95,42,36,78,173
03/19/2020,LMT,OR,ANM,WE,Federal Contract Tower,0,6,4,19,29,0,8,37,37,82,0,14,41,56,111,70,0,70,181
03/20/2020,LMT,OR,ANM,WE,Federal Contract Tower,0,9,6,14,29,0,10,38,22,70,0,19,44,36,99,126,42,168,267
03/21/2020,LMT,OR,ANM,WE,Federal Contract Tower,0,6,6,0,12,0,0,20,0,20,0,6,26,0,32,74,0,74,106
03/22/2020,LMT,OR,ANM,WE,Federal Contract Tower,0,2,7,0,9,0,1,47,2,50,0,3,54,2,59,96,0,96,155
03/23/2020,LMT,OR,ANM,WE,Federal Contract Tower,0,5,2,0,7,0,2,14,0,16,0,7,16,0,23,36,0,36,59
03/24/2020,LMT,OR,ANM,WE,Federal Contract Tower,0,8,2,23,33,0,0,0,2,2,0,8,2,25,35,0,0,0,35
03/25/2020,LMT,OR,ANM,WE,Federal Contract Tower,0,7,6,10,23,0,0,0,8,8,0,7,6,18,31,0,4,4,35
03/26/2020,LMT,OR,ANM,WE,Federal Contract Tower,0,1,1,19,21,0,4,14,12,30,0,5,15,31,51,20,20,40,91
03/27/2020,LMT,OR,ANM,WE,Federal Contract Tower,0,8,4,6,18,0,0,7,2,9,0,8,11,8,27,6,14,20,47
03/28/2020,LMT,OR,ANM,WE,Federal Contract Tower,0,4,1,0,5,0,0,5,0,5,0,4,6,0,10,8,0,8,18
03/29/2020,LMT,OR,ANM,WE,Federal Contract Tower,0,0,1,0,1,0,0,2,0,2,0,0,3,0,3,0,0,0,3
03/30/2020,LMT,OR,ANM,WE,Federal Contract Tower,0,3,2,13,18,0,0,1,2,3,0,3,3,15,21,0,8,8,29
03/31/2020,LMT,OR,ANM,WE,Federal Contract Tower,0,6,0,13,19,0,0,0,1,1,0,6,0,14,20,0,0,0,20
04/01/2020,LMT,OR,ANM,WE,Federal Contract Tower,0,6,3,10,19,0,3,1,6,10,0,9,4,16,29,0,26,26,55
04/02/2020,LMT,OR,ANM,WE,Federal Contract Tower,0,5,3,0,8,0,1,22,0,23,0,6,25,0,31,2,0,2,33
04/03/2020,LMT,OR,ANM,WE,Federal Contract Tower,0,8,0,0,8,0,0,27,0,27,0,8,27,0,35,12,0,12,47
04/04/2020,LMT,OR,ANM,WE,Federal Contract Tower,0,8,0,0,8,0,0,0,0,0,0,8,0,0,8,0,0,0,8
04/05/2020,LMT,OR,ANM,WE,Federal Contract Tower,0,0,3,0,3,0,0,1,0,1,0,0,4,0,4,0,0,0,4
04/06/2020,LMT,OR,ANM,WE,Federal Contract Tower,0,8,2,0,10,0,0,6,0,6,0,8,8,0,16,24,0,24,40
04/07/2020,LMT,OR,ANM,WE,Federal Contract Tower,0,4,4,0,8,0,7,17,2,26,0,11,21,2,34,12,8,20,54
04/08/2020,LMT,OR,ANM,WE,Federal Contract Tower,0,3,4,17,24,0,4,23,11,38,0,7,27,28,62,16,22,38,100
04/09/2020,LMT,OR,ANM,WE,Federal Contract Tower,0,6,3,21,30,0,2,11,7,20,0,8,14,28,50,20,40,60,110
04/10/2020,LMT,OR,ANM,WE,Federal Contract Tower,0,4,1,13,18,0,1,36,3,40,0,5,37,16,58,8,14,22,80
04/11/2020,LMT,OR,ANM,WE,Federal Contract Tower,0,4,2,0,6,0,1,12,0,13,0,5,14,0,19,0,0,0,19
04/12/2020,LMT,OR,ANM,WE,Federal Contract Tower,0,0,3,0,3,0,0,14,0,14,0,0,17,0,17,10,0,10,27
04/13/2020,LMT,OR,ANM,WE,Federal Contract Tower,0,4,1,10,15,0,5,16,18,39,0,9,17,28,54,22,16,38,92
04/14/2020,LMT,OR,ANM,WE,Federal Contract Tower,0,6,2,18,26,0,8,23,26,57,0,14,25,44,83,14,42,56,139
04/15/2020,LMT,OR,ANM,WE,Federal Contract Tower,0,6,1,22,29,0,7,16,23,46,0,13,17,45,75,12,54,66,141
04/16/2020,LMT,OR,ANM,WE,Federal Contract Tower,0,5,2,9,16,0,9,12,18,39,0,14,14,27,55,0,4,4,59
04/17/2020,LMT,OR,ANM,WE,Federal Contract Tower,0,8,4,5,17,0,5,27,5,37,0,13,31,10,54,8,2,10,64
04/18/2020,LMT,OR,ANM,WE,Federal Contract Tower,0,4,2,0,6,0,0,13,0,13,0,4,15,0,19,6,0,6,25
04/19/2020,LMT,OR,ANM,WE,Federal Contract Tower,0,0,1,2,3,0,5,9,0,14,0,5,10,2,17,48,0,48,65
04/20/2020,LMT,OR,ANM,WE,Federal Contract Tower,0,3,2,14,19,0,3,12,6,21,0,6,14,20,40,2,32,34,74
04/21/2020,LMT,OR,ANM,WE,Federal Contract Tower,0,4,11,13,28,0,0,6,9,15,0,4,17,22,43,0,30,30,73
04/22/2020,LMT,OR,ANM,WE,Federal Contract Tower,0,6,8,13,27,0,0,1,5,6,0,6,9,18,33,12,0,12,45
04/23/2020,LMT,OR,ANM,WE,Federal Contract Tower,0,7,1,12,20,0,1,20,12,33,0,8,21,24,53,30,24,54,107
04/24/2020,LMT,OR,ANM,WE,Federal Contract Tower,0,10,4,6,20,0,0,23,6,29,0,10,27,12,49,8,6,14,63
04/25/2020,LMT,OR,ANM,WE,Federal Contract Tower,0,5,14,0,19,0,2,23,0,25,0,7,37,0,44,12,0,12,56
04/26/2020,LMT,OR,ANM,WE,Federal Contract Tower,0,1,5,0,6,0,0,28,0,28,0,1,33,0,34,28,0,28,62
04/27/2020,LMT,OR,ANM,WE,Federal Contract Tower,0,6,5,8,19,0,1,8,8,17,0,7,13,16,36,0,10,10,46
04/28/2020,LMT,OR,ANM,WE,Federal Contract Tower,0,6,2,11,19,0,2,22,9,33,0,8,24,20,52,34,10,44,96
04/29/2020,LMT,OR,ANM,WE,Federal Contract Tower,0,4,2,8,14,0,0,16,9,25,0,4,18,17,39,20,18,38,77
05/01/2020,LMT,OR,ANM,WE,Federal Contract Tower,0,5,15,6,26,0,4,31,6,41,0,9,46,12,67,36,10,46,113
05/02/2020,LMT,OR,ANM,WE,Federal Contract Tower,0,5,6,0,11,0,0,5,0,5,0,5,11,0,16,0,0,0,16
05/03/2020,LMT,OR,ANM,WE,Federal Contract Tower,0,3,7,0,10,0,1,13,0,14,0,4,20,0,24,14,0,14,38
05/04/2020,LMT,OR,ANM,WE,Federal Contract Tower,0,3,3,12,18,0,1,15,11,27,0,4,18,23,45,0,14,14,59
05/05/2020,LMT,OR,ANM,WE,Federal Contract Tower,0,10,10,19,39,0,0,19,0,19,0,10,29,19,58,18,30,48,106
05/06/2020,LMT,OR,ANM,WE,Federal Contract Tower,0,18,4,20,42,0,2,22,6,30,0,20,26,26,72,26,30,56,128
05/07/2020,LMT,OR,ANM,WE,Federal Contract Tower,0,7,9,25,41,0,7,29,35,71,0,14,38,60,112,66,38,104,216
05/08/2020,LMT,OR,ANM,WE,Federal Contract Tower,0,8,7,8,23,0,4,15,12,31,0,12,22,20,54,14,24,38,92
05/09/2020,LMT,OR,ANM,WE,Federal Contract Tower,0,5,7,0,12,0,2,39,0,41,0,7,46,0,53,30,0,30,83
05/10/2020,LMT,OR,ANM,WE,Federal Contract Tower,0,0,2,0,2,0,1,16,0,17,0,1,18,0,19,0,0,0,19
05/11/2020,LMT,OR,ANM,WE,Federal Contract Tower,0,2,3,6,11,0,5,15,12,32,0,7,18,18,43,2,8,10,53
05/12/2020,LMT,OR,ANM,WE,Federal Contract Tower,0,6,6,14,26,0,7,6,14,27,0,13,12,28,53,0,2,2,55
05/13/2020,LMT,OR,ANM,WE,Federal Contract Tower,0,9,3,22,34,0,0,5,0,5,0,9,8,22,39,2,8,10,49
05/14/2020,LMT,OR,ANM,WE,Federal Contract Tower,0,9,1,16,26,0,0,2,4,6,0,9,3,20,32,0,4,4,36
05/15/2020,LMT,OR,ANM,WE,Federal Contract Tower,0,2,7,7,16,0,4,37,8,49,0,6,44,15,65,98,10,108,173
05/16/2020,LMT,OR,ANM,WE,Federal Contract Tower,0,8,1,0,9,0,2,9,0,11,0,10,10,0,20,12,0,12,32
05/17/2020,LMT,OR,ANM,WE,Federal Contract Tower,0,0,2,0,2,0,0,2,0,2,0,0,4,0,4,0,0,0,4
05/18/2020,LMT,OR,ANM,WE,Federal Contract Tower,0,4,3,14,21,0,0,3,0,3,0,4,6,14,24,0,0,0,24
05/19/2020,LMT,OR,ANM,WE,Federal Contract Tower,0,6,11,18,35,0,1,18,6,25,0,7,29,24,60,4,22,26,86
05/20/2020,LMT,OR,ANM,WE,Federal Contract Tower,0,4,6,38,48,0,2,5,7,14,0,6,11,45,62,0,84,84,146
05/21/2020,LMT,OR,ANM,WE,Federal Contract Tower,0,5,6,13,24,0,6,32,9,47,0,11,38,22,71,14,12,26,97
05/22/2020,LMT,OR,ANM,WE,Federal Contract Tower,0,5,7,13,25,0,0,16,2,18,0,5,23,15,43,26,10,36,79
05/23/2020,LMT,OR,ANM,WE,Federal Contract Tower,0,5,3,6,14,0,1,38,0,39,0,6,41,6,53,36,26,62,115
05/24/2020,LMT,OR,ANM,WE,Federal Contract Tower,0,1,7,0,8,0,0,33,0,33,0,1,40,0,41,0,0,0,41
05/25/2020,LMT,OR,ANM,WE,Federal Contract Tower,0,1,6,0,7,0,0,51,12,63,0,1,57,12,70,16,16,32,102
05/26/2020,LMT,OR,ANM,WE,Federal Contract Tower,0,4,3,26,33,0,8,34,18,60,0,12,37,44,93,6,30,36,129
05/27/2020,LMT,OR,ANM,WE,Federal Contract Tower,0,4,5,24,33,0,7,15,14,36,0,11,20,38,69,6,32,38,107
05/28/2020,LMT,OR,ANM,WE,Federal Contract Tower,0,9,7,22,38,0,15,22,18,55,0,24,29,40,93,8,10,18,111
05/29/2020,LMT,OR,ANM,WE,Federal Contract Tower,0,5,1,6,12,0,1,39,2,42,0,6,40,8,54,2,0,2,56
05/30/2020,LMT,OR,ANM,WE,Federal Contract Tower,0,5,0,0,5,0,0,4,0,4,0,5,4,0,9,0,0,0,9
05/31/2020,LMT,OR,ANM,WE,Federal Contract Tower,0,4,6,0,10,0,0,17,0,17,0,4,23,0,27,63,0,63,90
06/01/2020,LMT,OR,ANM,WE,Federal Contract Tower,0,5,2,0,7,0,9,9,0,18,0,14,11,0,25,0,0,0,25
06/02/2020,LMT,OR,ANM,WE,Federal Contract Tower,0,3,2,29,34,0,25,31,17,73,0,28,33,46,107,32,38,70,177
06/03/2020,LMT,OR,ANM,WE,Federal Contract Tower,0,5,6,26,37,0,3,24,12,39,0,8,30,38,76,0,44,44,120
06/04/2020,LMT,OR,ANM,WE,Federal Contract Tower,0,5,3,22,30,0,15,44,20,79,0,20,47,42,109,2,24,26,135
06/05/2020,LMT,OR,ANM,WE,Federal Contract Tower,0,7,1,23,31,0,23,27,14,64,0,30,28,37,95,15,38,53,148
06/06/2020,LMT,OR,ANM,WE,Federal Contract Tower,0,4,4,21,29,0,1,7,18,26,0,5,11,39,55,0,16,16,71
06/07/2020,LMT,OR,ANM,WE,Federal Contract Tower,0,3,10,20,33,0,0,0,0,0,0,3,10,20,33,0,0,0,33
06/08/2020,LMT,OR,ANM,WE,Federal Contract Tower,0,7,7,0,14,0,4,24,0,28,0,11,31,0,42,54,0,54,96
06/09/2020,LMT,OR,ANM,WE,Federal Contract Tower,0,4,0,23,27,0,3,24,25,52,0,7,24,48,79,20,54,74,153
06/10/2020,LMT,OR,ANM,WE,Federal Contract Tower,0,6,5,28,39,0,2,52,16,70,0,8,57,44,109,54,40,94,203
06/11/2020,LMT,OR,ANM,WE,Federal Contract Tower,0,7,6,18,31,0,17,35,39,91,0,24,41,57,122,26,12,38,160
06/12/2020,LMT,OR,ANM,WE,Federal Contract Tower,0,20,5,10,35,0,14,31,10,55,0,34,36,20,90,24,8,32,122
06/13/2020,LMT,OR,ANM,WE,Federal Contract Tower,0,6,3,0,9,0,4,11,0,15,0,10,14,0,24,10,0,10,34
06/14/2020,LMT,OR,ANM,WE,Federal Contract Tower,0,0,1,4,5,0,1,29,6,36,0,1,30,10,41,110,0,110,151
06/16/2020,LMT,OR,ANM,WE,Federal Contract Tower,0,6,19,54,79,0,0,13,14,27,0,6,32,68,106,24,36,60,166
06/17/2020,LMT,OR,ANM,WE,Federal Contract Tower,0,7,13,33,53,0,1,58,15,74,0,8,71,48,127,64,60,124,251
06/18/2020,LMT,OR,ANM,WE,Federal Contract Tower,0,7,6,38,51,0,2,19,18,39,0,9,25,56,90,38,78,116,206
06/19/2020,LMT,OR,ANM,WE,Federal Contract Tower,0,8,3,20,31,0,14,19,10,43,0,22,22,30,74,12,36,48,122
06/20/2020,LMT,OR,ANM,WE,Federal Contract Tower,0,5,4,0,9,0,0,48,0,48,0,5,52,0,57,42,0,42,99
06/21/2020,LMT,OR,ANM,WE,Federal Contract Tower,0,0,5,0,5,0,0,26,0,26,0,0,31,0,31,37,0,37,68
06/22/2020,LMT,OR,ANM,WE,Federal Contract Tower,0,3,2,17,22,0,3,38,17,58,0,6,40,34,80,14,14,28,108
06/23/2020,LMT,OR,ANM,WE,Federal Contract Tower,0,5,6,17,28,0,15,29,16,60,0,20,35,33,88,48,14,62,150
06/24/2020,LMT,OR,ANM,WE,Federal Contract Tower,0,4,2,26,32,0,2,9,18,29,0,6,11,44,61,2,34,36,97
06/25/2020,LMT,OR,ANM,WE,Federal Contract Tower,0,4,5,26,35,0,2,17,19,38,0,6,22,45,73,52,52,104,177
06/26/2020,LMT,OR,ANM,WE,Federal Contract Tower,0,3,3,12,18,0,3,24,8,35,0,6,27,20,53,6,8,14,67
06/27/2020,LMT,OR,ANM,WE,Federal Contract Tower,0,5,2,0,7,0,6,39,0,45,0,11,41,0,52,90,0,90,142
06/28/2020,LMT,OR,ANM,WE,Federal Contract Tower,0,0,3,0,3,0,0,4,0,4,0,0,7,0,7,14,0,14,21
06/29/2020,LMT,OR,ANM,WE,Federal Contract Tower,0,2,1,12,15,0,2,15,3,20,0,4,16,15,35,12,38,50,85
06/30/2020,LMT,OR,ANM,WE,Federal Contract Tower,0,4,8,42,54,0,19,12,16,47,0,23,20,58,101,4,34,38,139
07/01/2020,LMT,OR,ANM,WE,Federal Contract Tower,0,6,3,19,28,0,2,15,25,42,0,8,18,44,70,18,16,34,104
07/02/2020,LMT,OR,ANM,WE,Federal Contract Tower,0,3,13,10,26,0,4,31,10,45,0,7,44,20,71,58,14,72,143
07/03/2020,LMT,OR,ANM,WE,Federal Contract Tower,0,7,9,0,16,0,0,29,0,29,0,7,38,0,45,48,0,48,93
07/04/2020,LMT,OR,ANM,WE,Federal Contract Tower,0,0,25,5,30,0,0,1,5,6,0,0,26,10,36,24,2,26,62
07/05/2020,LMT,OR,ANM,WE,Federal Contract Tower,0,3,2,0,5,0,3,32,0,35,0,6,34,0,40,4,0,4,44
07/06/2020,LMT,OR,ANM,WE,Federal Contract Tower,0,4,2,4,10,0,3,21,2,26,0,7,23,6,36,24,30,54,90
07/07/2020,LMT,OR,ANM,WE,Federal Contract Tower,0,6,4,24,34,0,3,22,18,43,0,9,26,42,77,22,62,84,161
07/08/2020,LMT,OR,ANM,WE,Federal Contract Tower,0,6,4,22,32,0,3,23,18,44,0,9,27,40,76,38,16,54,130
07/09/2020,LMT,OR,ANM,WE,Federal Contract Tower,0,6,20,56,82,0,0,21,0,21,0,6,41,56,103,50,22,72,175
07/10/2020,LMT,OR,ANM,WE,Federal Contract Tower,0,5,1,12,18,0,0,50,16,66,0,5,51,28,84,26,46,72,156
07/11/2020,LMT,OR,ANM,WE,Federal Contract Tower,0,3,9,0,12,0,1,50,0,51,0,4,59,0,63,36,0,36,99
07/12/2020,LMT,OR,ANM,WE,Federal Contract Tower,0,2,9,0,11,0,3,36,0,39,0,5,45,0,50,36,0,36,86
07/13/2020,LMT,OR,ANM,WE,Federal Contract Tower,0,5,3,53,61,0,6,31,68,105,0,11,34,121,166,20,54,74,240
07/14/2020,LMT,OR,ANM,WE,Federal Contract Tower,0,7,0,25,32,0,11,25,7,43,0,18,25,32,75,74,26,100,175
07/15/2020,LMT,OR,ANM,WE,Federal Contract Tower,0,6,4,18,28,0,15,33,36,84,0,21,37,54,112,54,26,80,192
07/16/2020,LMT,OR,ANM,WE,Federal Contract Tower,0,3,4,34,41,0,11,44,10,65,0,14,48,44,106,36,16,52,158
07/17/2020,LMT,OR,ANM,WE,Federal Contract Tower,0,4,6,22,32,0,7,41,4,52,0,11,47,26,84,55,15,70,154
07/18/2020,LMT,OR,ANM,WE,Federal Contract Tower,0,2,0,21,23,0,10,32,11,53,0,12,32,32,76,16,58,74,150
07/19/2020,LMT,OR,ANM,WE,Federal Contract Tower,0,2,0,12,14,0,2,44,8,54,0,4,44,20,68,24,29,53,121
07/20/2020,LMT,OR,ANM,WE,Federal Contract Tower,0,5,5,13,23,0,5,17,1,23,0,10,22,14,46,4,13,17,63
07/21/2020,LMT,OR,ANM,WE,Federal Contract Tower,0,4,8,45,57,0,64,18,17,99,0,68,26,62,156,4,34,38,194
07/22/2020,LMT,OR,ANM,WE,Federal Contract Tower,0,4,8,18,30,0,51,39,38,128,0,55,47,56,158,88,28,116,274
07/23/2020,LMT,OR,ANM,WE,Federal Contract Tower,0,4,9,49,62,0,64,80,56,200,0,68,89,105,262,44,60,104,366
07/24/2020,LMT,OR,ANM,WE,Federal Contract Tower,0,7,9,12,28,0,13,44,12,69,0,20,53,24,97,26,8,34,131
07/25/2020,LMT,OR,ANM,WE,Federal Contract Tower,0,7,2,0,9,0,36,35,0,71,0,43,37,0,80,24,0,24,104
07/26/2020,LMT,OR,ANM,WE,Federal Contract Tower,0,0,1,0,1,0,37,27,0,64,0,37,28,0,65,10,0,10,75
07/27/2020,LMT,OR,ANM,WE,Federal Contract Tower,0,5,3,26,34,0,44,8,6,58,0,49,11,32,92,26,36,62,154
07/28/2020,LMT,OR,ANM,WE,Federal Contract Tower,0,2,6,39,47,0,28,9,14,51,0,30,15,53,98,0,14,14,112
07/29/2020,LMT,OR,ANM,WE,Federal Contract Tower,0,3,2,25,30,0,35,46,19,100,0,38,48,44,130,42,38,80,210
07/30/2020,LMT,OR,ANM,WE,Federal Contract Tower,0,3,2,33,38,0,13,31,48,92,0,16,33,81,130,64,49,113,243
07/31/2020,LMT,OR,ANM,WE,Federal Contract Tower,0,9,2,13,24,0,23,56,17,96,0,32,58,30,120,52,16,68,188
08/01/2020,LMT,OR,ANM,WE,Federal Contract Tower,0,2,1,0,3,0,14,36,0,50,0,16,37,0,53,40,0,40,93
08/02/2020,LMT,OR,ANM,WE,Federal Contract Tower,0,2,2,0,4,0,5,17,0,22,0,7,19,0,26,8,0,8,34
08/03/2020,LMT,OR,ANM,WE,Federal Contract Tower,0,6,3,4,13,0,7,19,0,26,0,13,22,4,39,0,0,0,39
08/04/2020,LMT,OR,ANM,WE,Federal Contract Tower,0,6,2,25,33,0,4,37,14,55,0,10,39,39,88,37,31,68,156
08/05/2020,LMT,OR,ANM,WE,Federal Contract Tower,0,4,4,19,27,0,3,12,26,41,0,7,16,45,68,61,28,89,157
08/06/2020,LMT,OR,ANM,WE,Federal Contract Tower,0,5,2,24,31,0,41,43,10,94,0,46,45,34,125,112,32,144,269
08/07/2020,LMT,OR,ANM,WE,Federal Contract Tower,0,6,6,16,28,0,4,19,5,28,0,10,25,21,56,3,18,21,77
08/08/2020,LMT,OR,ANM,WE,Federal Contract Tower,0,2,4,1,7,0,11,47,0,58,0,13,51,1,65,30,0,30,95
08/09/2020,LMT,OR,ANM,WE,Federal Contract Tower,0,0,5,2,7,0,2,46,0,48,0,2,51,2,55,22,0,22,77
08/10/2020,LMT,OR,ANM,WE,Federal Contract Tower,0,3,5,29,37,0,4,46,9,59,0,7,51,38,96,10,20,30,126
08/11/2020,LMT,OR,ANM,WE,Federal Contract Tower,0,11,9,39,59,0,13,33,14,60,0,24,42,53,119,28,47,75,194
08/12/2020,LMT,OR,ANM,WE,Federal Contract Tower,0,7,5,49,61,0,2,44,8,54,0,9,49,57,115,60,51,111,226
08/13/2020,LMT,OR,ANM,WE,Federal Contract Tower,0,8,5,31,44,0,13,48,6,67,0,21,53,37,111,20,19,39,150
08/14/2020,LMT,OR,ANM,WE,Federal Contract Tower,0,10,7,22,39,0,0,40,1,41,0,10,47,23,80,26,28,54,134
08/15/2020,LMT,OR,ANM,WE,Federal Contract Tower,0,3,3,0,6,0,8,28,4,40,0,11,31,4,46,68,2,70,116
08/16/2020,LMT,OR,ANM,WE,Federal Contract Tower,0,2,6,4,12,0,15,37,0,52,0,17,43,4,64,15,0,15,79
08/17/2020,LMT,OR,ANM,WE,Federal Contract Tower,0,5,5,17,27,0,8,13,19,40,0,13,18,36,67,10,24,34,101
08/19/2020,LMT,OR,ANM,WE,Federal Contract Tower,0,4,3,18,25,0,5,27,18,50,0,9,30,36,75,70,2,72,147
08/20/2020,LMT,OR,ANM,WE,Federal Contract Tower,0,5,8,19,32,0,23,61,18,102,0,28,69,37,134,10,8,18,152
08/21/2020,LMT,OR,ANM,WE,Federal Contract Tower,0,6,4,10,20,0,11,18,10,39,0,17,22,20,59,32,4,36,95
08/22/2020,LMT,OR,ANM,WE,Federal Contract Tower,0,4,8,0,12,0,25,27,0,52,0,29,35,0,64,0,0,0,64
08/23/2020,LMT,OR,ANM,WE,Federal Contract Tower,0,0,7,0,7,0,3,11,0,14,0,3,18,0,21,4,0,4,25
08/24/2020,LMT,OR,ANM,WE,Federal Contract Tower,0,12,5,36,53,0,1,0,0,1,0,13,5,36,54,32,2,34,88
08/25/2020,LMT,OR,ANM,WE,Federal Contract Tower,0,9,4,38,51,0,1,12,1,14,0,10,16,39,65,28,2,30,95
08/26/2020,LMT,OR,ANM,WE,Federal Contract Tower,0,5,3,24,32,0,1,15,8,24,0,6,18,32,56,65,2,67,123
08/27/2020,LMT,OR,ANM,WE,Federal Contract Tower,0,8,2,8,18,0,10,34,14,58,0,18,36,22,76,108,10,118,194
08/28/2020,LMT,OR,ANM,WE,Federal Contract Tower,0,7,3,8,18,0,9,38,0,47,0,16,41,8,65,46,8,54,119
08/29/2020,LMT,OR,ANM,WE,Federal Contract Tower,0,3,2,4,9,0,1,26,0,27,0,4,28,4,36,44,0,44,80
08/30/2020,LMT,OR,ANM,WE,Federal Contract Tower,0,0,1,2,3,0,1,49,0,50,0,1,50,2,53,20,0,20,73
08/31/2020,LMT,OR,ANM,WE,Federal Contract Tower,0,5,4,33,42,0,2,21,9,32,0,7,25,42,74,0,40,40,114
09/01/2020,LMT,OR,ANM,WE,Federal Contract Tower,0,4,2,28,34,0,6,30,10,46,0,10,32,38,80,24,48,72,152
09/02/2020,LMT,OR,ANM,WE,Federal Contract Tower,0,8,4,31,43,0,2,43,8,53,0,10,47,39,96,26,46,72,168
09/03/2020,LMT,OR,ANM,WE,Federal Contract Tower,0,4,6,14,24,0,9,31,7,47,0,13,37,21,71,73,18,91,162
09/04/2020,LMT,OR,ANM,WE,Federal Contract Tower,0,3,4,0,7,0,0,36,0,36,0,3,40,0,43,12,0,12,55
09/05/2020,LMT,OR,ANM,WE,Federal Contract Tower,0,5,4,0,9,0,0,11,0,11,0,5,15,0,20,0,0,0,20
09/06/2020,LMT,OR,ANM,WE,Federal Contract Tower,0,0,7,0,7,0,0,11,0,11,0,0,18,0,18,48,0,48,66
09/07/2020,LMT,OR,ANM,WE,Federal Contract Tower,0,2,9,0,11,0,1,51,0,52,0,3,60,0,63,22,0,22,85
09/08/2020,LMT,OR,ANM,WE,Federal Contract Tower,0,8,5,17,30,0,109,16,13,138,0,117,21,30,168,0,27,27,195
09/09/2020,LMT,OR,ANM,WE,Federal Contract Tower,0,4,3,45,52,0,83,15,9,107,0,87,18,54,159,0,36,36,195
09/10/2020,LMT,OR,ANM,WE,Federal Contract Tower,0,14,2,15,31,0,18,10,26,54,0,32,12,41,85,28,44,72,157
09/11/2020,LMT,OR,ANM,WE,Federal Contract Tower,0,10,6,16,32,0,0,3,0,3,0,10,9,16,35,0,0,0,35
09/12/2020,LMT,OR,ANM,WE,Federal Contract Tower,0,2,4,0,6,0,0,2,0,2,0,2,6,0,8,0,0,0,8
09/13/2020,LMT,OR,ANM,WE,Federal Contract Tower,0,2,4,0,6,0,0,0,0,0,0,2,4,0,6,0,0,0,6
09/14/2020,LMT,OR,ANM,WE,Federal Contract Tower,0,1,5,2,8,0,2,11,4,17,0,3,16,6,25,0,0,0,25
09/15/2020,LMT,OR,ANM,WE,Federal Contract Tower,0,17,11,34,62,0,12,5,9,26,0,29,16,43,88,90,26,116,204
09/16/2020,LMT,OR,ANM,WE,Federal Contract Tower,0,13,5,31,49,0,12,5,8,25,0,25,10,39,74,40,50,90,164
09/17/2020,LMT,OR,ANM,WE,Federal Contract Tower,0,7,10,21,38,0,7,8,7,22,0,14,18,28,60,20,32,52,112
09/18/2020,LMT,OR,ANM,WE,Federal Contract Tower,0,5,10,12,27,0,6,16,8,30,0,11,26,20,57,19,10,29,86
09/19/2020,LMT,OR,ANM,WE,Federal Contract Tower,0,3,3,0,6,0,8,39,0,47,0,11,42,0,53,45,0,45,98
09/20/2020,LMT,OR,ANM,WE,Federal Contract Tower,0,2,4,0,6,0,8,76,0,84,0,10,80,0,90,52,0,52,142
09/21/2020,LMT,OR,ANM,WE,Federal Contract Tower,0,7,2,17,26,0,5,28,11,44,0,12,30,28,70,56,32,88,158
09/22/2020,LMT,OR,ANM,WE,Federal Contract Tower,0,6,3,21,30,0,1,21,18,40,0,7,24,39,70,16,35,51,121
09/23/2020,LMT,OR,ANM,WE,Federal Contract Tower,0,11,4,23,38,0,5,11,9,25,0,16,15,32,63,34,28,62,125
09/24/2020,LMT,OR,ANM,WE,Federal Contract Tower,0,4,12,23,39,0,4,11,21,36,0,8,23,44,75,0,68,68,143
09/25/2020,LMT,OR,ANM,WE,Federal Contract Tower,0,7,5,12,24,0,7,32,13,52,0,14,37,25,76,76,62,138,214
09/26/2020,LMT,OR,ANM,WE,Federal Contract Tower,0,3,14,0,17,0,5,35,0,40,0,8,49,0,57,34,0,34,91
09/27/2020,LMT,OR,ANM,WE,Federal Contract Tower,0,0,4,0,4,0,1,29,0,30,0,1,33,0,34,40,0,40,74
09/28/2020,LMT,OR,ANM,WE,Federal Contract Tower,0,9,2,0,11,0,1,28,0,29,0,10,30,0,40,10,0,10,50
09/29/2020,LMT,OR,ANM,WE,Federal Contract Tower,0,6,4,22,32,0,9,22,14,45,0,15,26,36,77,0,48,48,125
09/30/2020,LMT,OR,ANM,WE,Federal Contract Tower,0,7,9,0,16,0,8,17,3,28,0,15,26,3,44,0,16,16,60
10/01/2020,LMT,OR,ANM,WE,Federal Contract Tower,0,3,8,33,44,0,3,16,9,28,0,6,24,42,72,4,52,56,128
10/02/2020,LMT,OR,ANM,WE,Federal Contract Tower,0,5,8,11,24,0,8,33,9,50,0,13,41,20,74,0,12,12,86
10/03/2020,LMT,OR,ANM,WE,Federal Contract Tower,0,3,4,2,9,0,4,37,0,41,0,7,41,2,50,16,0,16,66
10/04/2020,LMT,OR,ANM,WE,Federal Contract Tower,0,3,4,0,7,0,0,33,0,33,0,3,37,0,40,84,0,84,124
10/05/2020,LMT,OR,ANM,WE,Federal Contract Tower,0,5,1,22,28,0,1,35,16,52,0,6,36,38,80,22,32,54,134
10/06/2020,LMT,OR,ANM,WE,Federal Contract Tower,0,5,0,69,74,0,2,24,0,26,0,7,24,69,100,30,26,56,156
10/07/2020,LMT,OR,ANM,WE,Federal Contract Tower,0,6,6,28,40,0,4,25,19,48,0,10,31,47,88,20,12,32,120
10/08/2020,LMT,OR,ANM,WE,Federal Contract Tower,0,4,5,24,33,0,5,20,26,51,0,9,25,50,84,30,50,80,164
10/09/2020,LMT,OR,ANM,WE,Federal Contract Tower,0,7,5,12,24,0,0,34,10,44,0,7,39,22,68,40,16,56,124
10/10/2020,LMT,OR,ANM,WE,Federal Contract Tower,0,5,8,2,15,0,0,4,0,4,0,5,12,2,19,73,2,75,94
10/11/2020,LMT,OR,ANM,WE,Federal Contract Tower,0,2,11,8,21,0,0,37,0,37,0,2,48,8,58,46,0,46,104
10/12/2020,LMT,OR,ANM,WE,Federal Contract Tower,0,7,7,0,14,0,0,21,0,21,0,7,28,0,35,33,0,33,68
10/13/2020,LMT,OR,ANM,WE,Federal Contract Tower,0,7,6,21,34,0,0,23,26,49,0,7,29,47,83,36,72,108,191
10/14/2020,LMT,OR,ANM,WE,Federal Contract Tower,0,11,5,22,38,0,0,22,30,52,0,11,27,52,90,28,31,59,149
10/15/2020,LMT,OR,ANM,WE,Federal Contract Tower,0,3,1,38,42,0,4,25,14,43,0,7,26,52,85,22,20,42,127
10/16/2020,LMT,OR,ANM,WE,Federal Contract Tower,0,4,2,19,25,0,4,45,20,69,0,8,47,39,94,8,18,26,120
10/17/2020,LMT,OR,ANM,WE,Federal Contract Tower,0,3,1,20,24,0,0,27,9,36,0,3,28,29,60,20,17,37,97
10/18/2020,LMT,OR,ANM,WE,Federal Contract Tower,0,2,5,21,28,0,0,70,0,70,0,2,75,21,98,42,22,64,162
10/19/2020,LMT,OR,ANM,WE,Federal Contract Tower,0,6,2,0,8,0,0,27,2,29,0,6,29,2,37,92,0,92,129
10/20/2020,LMT,OR,ANM,WE,Federal Contract Tower,0,5,10,19,34,0,4,21,18,43,0,9,31,37,77,4,16,20,97
10/21/2020,LMT,OR,ANM,WE,Federal Contract Tower,0,7,6,19,32,0,1,23,24,48,0,8,29,43,80,16,32,48,128
10/22/2020,LMT,OR,ANM,WE,Federal Contract Tower,0,6,5,34,45,0,3,30,9,42,0,9,35,43,87,10,34,44,131
10/23/2020,LMT,OR,ANM,WE,Federal Contract Tower,0,5,3,13,21,0,0,22,7,29,0,5,25,20,50,74,40,114,164
10/24/2020,LMT,OR,ANM,WE,Federal Contract Tower,0,8,7,0,15,0,1,18,0,19,0,9,25,0,34,6,0,6,40
10/25/2020,LMT,OR,ANM,WE,Federal Contract Tower,0,1,5,0,6,0,0,28,0,28,0,1,33,0,34,16,0,16,50
10/26/2020,LMT,OR,ANM,WE,Federal Contract Tower,0,6,5,22,33,0,6,21,15,42,0,12,26,37,75,60,62,122,197
10/27/2020,LMT,OR,ANM,WE,Federal Contract Tower,0,4,7,25,36,0,2,24,20,46,0,6,31,45,82,12,56,68,150
10/28/2020,LMT,OR,ANM,WE,Federal Contract Tower,0,4,5,51,60,0,2,24,15,41,0,6,29,66,101,0,18,18,119
10/29/2020,LMT,OR,ANM,WE,Federal Contract Tower,0,3,1,22,26,0,2,20,2,24,0,5,21,24,50,0,24,24,74
10/30/2020,LMT,OR,ANM,WE,Federal Contract Tower,0,6,6,8,20,0,1,41,0,42,0,7,47,8,62,26,16,42,104
10/31/2020,LMT,OR,ANM,WE,Federal Contract Tower,0,2,8,0,10,0,1,29,0,30,0,3,37,0,40,19,0,19,59
11/01/2020,LMT,OR,ANM,WE,Federal Contract Tower,0,1,7,0,8,0,0,38,0,38,0,1,45,0,46,20,0,20,66
11/02/2020,LMT,OR,ANM,WE,Federal Contract Tower,0,2,1,20,23,0,1,28,9,38,0,3,29,29,61,14,10,24,85
11/03/2020,LMT,OR,ANM,WE,Federal Contract Tower,0,6,7,15,28,0,2,18,12,32,0,8,25,27,60,10,22,32,92
11/04/2020,LMT,OR,ANM,WE,Federal Contract Tower,0,7,6,39,52,0,2,32,14,48,0,9,38,53,100,8,31,39,139
11/05/2020,LMT,OR,ANM,WE,Federal Contract Tower,0,10,8,19,37,0,0,20,9,29,0,10,28,28,66,22,20,42,108
11/06/2020,LMT,OR,ANM,WE,Federal Contract Tower,0,6,3,23,32,0,0,0,0,0,0,6,3,23,32,0,2,2,34
11/07/2020,LMT,OR,ANM,WE,Federal Contract Tower,0,3,5,31,39,0,1,8,8,17,0,4,13,39,56,8,0,8,64
11/08/2020,LMT,OR,ANM,WE,Federal Contract Tower,0,1,4,16,21,0,0,0,0,0,0,1,4,16,21,44,8,52,73
11/09/2020,LMT,OR,ANM,WE,Federal Contract Tower,0,3,7,2,12,0,0,9,5,14,0,3,16,7,26,18,2,20,46
11/10/2020,LMT,OR,ANM,WE,Federal Contract Tower,0,5,4,33,42,0,0,6,4,10,0,5,10,37,52,2,14,16,68
11/11/2020,LMT,OR,ANM,WE,Federal Contract Tower,0,4,2,0,6,0,0,10,0,10,0,4,12,0,16,39,0,39,55
11/12/2020,LMT,OR,ANM,WE,Federal Contract Tower,0,9,2,15,26,0,1,16,9,26,0,10,18,24,52,60,16,76,128
11/13/2020,LMT,OR,ANM,WE,Federal Contract Tower,0,5,4,0,9,0,0,0,0,0,0,5,4,0,9,0,0,0,9
11/14/2020,LMT,OR,ANM,WE,Federal Contract Tower,0,4,3,0,7,0,0,2,0,2,0,4,5,0,9,0,0,0,9
11/15/2020,LMT,OR,ANM,WE,Federal Contract Tower,0,0,4,0,4,0,0,0,0,0,0,0,4,0,4,0,0,0,4
11/16/2020,LMT,OR,ANM,WE,Federal Contract Tower,0,6,15,16,37,0,0,20,10,30,0,6,35,26,67,9,14,23,90
11/17/2020,LMT,OR,ANM,WE,Federal Contract Tower,0,8,2,3,13,0,0,0,0,0,0,8,2,3,13,0,0,0,13
11/18/2020,LMT,OR,ANM,WE,Federal Contract Tower,0,6,2,15,23,0,0,7,4,11,0,6,9,19,34,12,14,26,60
11/19/2020,LMT,OR,ANM,WE,Federal Contract Tower,0,4,2,23,29,0,0,17,12,29,0,4,19,35,58,0,22,22,80
11/20/2020,LMT,OR,ANM,WE,Federal Contract Tower,0,4,4,24,32,0,0,32,12,44,0,4,36,36,76,38,58,96,172
11/21/2020,LMT,OR,ANM,WE,Federal Contract Tower,0,6,6,0,12,0,0,30,0,30,0,6,36,0,42,60,0,60,102
11/22/2020,LMT,OR,ANM,WE,Federal Contract Tower,0,2,6,0,8,0,0,13,0,13,0,2,19,0,21,30,0,30,51
11/23/2020,LMT,OR,ANM,WE,Federal Contract Tower,0,4,7,17,28,0,0,7,14,21,0,4,14,31,49,24,16,40,89
11/24/2020,LMT,OR,ANM,WE,Federal Contract Tower,0,9,3,6,18,0,2,8,8,18,0,11,11,14,36,39,16,55,91
11/25/2020,LMT,OR,ANM,WE,Federal Contract Tower,0,8,3,21,32,0,0,1,0,1,0,8,4,21,33,0,0,0,33
11/26/2020,LMT,OR,ANM,WE,Federal Contract Tower,0,0,3,0,3,0,0,11,0,11,0,0,14,0,14,31,0,31,45
11/27/2020,LMT,OR,ANM,WE,Federal Contract Tower,0,4,1,0,5,0,0,7,0,7,0,4,8,0,12,0,0,0,12
11/28/2020,LMT,OR,ANM,WE,Federal Contract Tower,0,5,1,0,6,0,3,19,0,22,0,8,20,0,28,50,0,50,78
11/29/2020,LMT,OR,ANM,WE,Federal Contract Tower,0,1,2,0,3,0,2,35,0,37,0,3,37,0,40,6,0,6,46
11/30/2020,LMT,OR,ANM,WE,Federal Contract Tower,0,9,1,34,44,0,2,10,5,17,0,11,11,39,61,6,16,22,83
12/01/2020,LMT,OR,ANM,WE,Federal Contract Tower,0,7,0,26,33,0,4,29,16,49,0,11,29,42,82,93,10,103,185
12/02/2020,LMT,OR,ANM,WE,Federal Contract Tower,0,7,1,27,35,0,10,38,9,57,0,17,39,36,92,39,26,65,157
12/03/2020,LMT,OR,ANM,WE,Federal Contract Tower,0,7,12,18,37,0,4,20,20,44,0,11,32,38,81,48,16,64,145
12/04/2020,LMT,OR,ANM,WE,Federal Contract Tower,0,6,3,18,27,0,2,32,18,52,0,8,35,36,79,57,20,77,156
12/05/2020,LMT,OR,ANM,WE,Federal Contract Tower,0,3,5,0,8,0,0,40,0,40,0,3,45,0,48,27,0,27,75
12/06/2020,LMT,OR,ANM,WE,Federal Contract Tower,0,1,4,0,5,0,0,32,0,32,0,1,36,0,37,14,0,14,51
12/07/2020,LMT,OR,ANM,WE,Federal Contract Tower,0,7,6,12,25,0,0,20,0,20,0,7,26,12,45,26,12,38,83
12/08/2020,LMT,OR,ANM,WE,Federal Contract Tower,0,18,19,19,56,0,1,29,11,41,0,19,48,30,97,6,28,34,131
12/09/2020,LMT,OR,ANM,WE,Federal Contract Tower,0,9,5,17,31,0,2,29,11,42,0,11,34,28,73,26,22,48,121
12/10/2020,LMT,OR,ANM,WE,Federal Contract Tower,0,6,15,30,51,0,2,15,5,22,0,8,30,35,73,36,104,140,213
12/11/2020,LMT,OR,ANM,WE,Federal Contract Tower,0,7,2,14,23,0,1,9,12,22,0,8,11,26,45,8,6,14,59
12/12/2020,LMT,OR,ANM,WE,Federal Contract Tower,0,4,2,0,6,0,2,2,0,4,0,6,4,0,10,0,0,0,10
12/13/2020,LMT,OR,ANM,WE,Federal Contract Tower,0,0,6,0,6,0,0,0,0,0,0,0,6,0,6,0,0,0,6
12/14/2020,LMT,OR,ANM,WE,Federal Contract Tower,0,4,5,16,25,0,0,23,14,37,0,4,28,30,62,11,14,25,87
12/15/2020,LMT,OR,ANM,WE,Federal Contract Tower,0,11,3,33,47,0,0,1,5,6,0,11,4,38,53,8,0,8,61
12/16/2020,LMT,OR,ANM,WE,Federal Contract Tower,0,8,3,10,21,0,1,5,2,8,0,9,8,12,29,68,6,74,103
12/17/2020,LMT,OR,ANM,WE,Federal Contract Tower,0,7,8,23,38,0,1,2,3,6,0,8,10,26,44,16,12,28,72
12/18/2020,LMT,OR,ANM,WE,Federal Contract Tower,0,8,5,8,21,0,3,13,6,22,0,11,18,14,43,6,10,16,59
12/19/2020,LMT,OR,ANM,WE,Federal Contract Tower,0,8,8,0,16,0,0,30,0,30,0,8,38,0,46,74,0,74,120
12/20/2020,LMT,OR,ANM,WE,Federal Contract Tower,0,3,5,0,8,0,0,19,0,19,0,3,24,0,27,68,0,68,95
12/21/2020,LMT,OR,ANM,WE,Federal Contract Tower,0,6,5,12,23,0,0,19,12,31,0,6,24,24,54,22,8,30,84
12/22/2020,LMT,OR,ANM,WE,Federal Contract Tower,0,8,5,13,26,0,1,32,15,48,0,9,37,28,74,12,12,24,98
12/23/2020,LMT,OR,ANM,WE,Federal Contract Tower,0,14,5,23,42,0,5,46,13,64,0,19,51,36,106,50,0,50,156
12/24/2020,LMT,OR,ANM,WE,Federal Contract Tower,0,4,4,0,8,0,2,18,0,20,0,6,22,0,28,4,0,4,32
12/25/2020,LMT,OR,ANM,WE,Federal Contract Tower,0,2,2,0,4,0,0,0,0,0,0,2,2,0,4,0,0,0,4
12/26/2020,LMT,OR,ANM,WE,Federal Contract Tower,0,6,2,0,8,0,0,0,0,0,0,6,2,0,8,0,0,0,8
12/27/2020,LMT,OR,ANM,WE,Federal Contract Tower,0,0,11,0,11,0,0,15,0,15,0,0,26,0,26,10,0,10,36
12/28/2020,LMT,OR,ANM,WE,Federal Contract Tower,0,3,4,11,18,0,0,21,7,28,0,3,25,18,46,26,2,28,74
12/29/2020,LMT,OR,ANM,WE,Federal Contract Tower,0,7,6,17,30,0,0,23,19,42,0,7,29,36,72,31,16,47,119
12/30/2020,LMT,OR,ANM,WE,Federal Contract Tower,0,9,1,23,33,0,0,7,5,12,0,9,8,28,45,68,0,68,113
12/31/2020,LMT,OR,ANM,WE,Federal Contract Tower,0,1,1,14,16,0,5,0,0,5,0,6,1,14,21,0,0,0,21
01/01/2021,LMT,OR,ANM,WE,Federal Contract Tower,0,0,5,0,5,0,0,12,0,12,0,0,17,0,17,16,0,16,33
01/02/2021,LMT,OR,ANM,WE,Federal Contract Tower,0,4,3,0,7,0,0,9,0,9,0,4,12,0,16,24,0,24,40
01/03/2021,LMT,OR,ANM,WE,Federal Contract Tower,0,0,1,0,1,0,0,1,0,1,0,0,2,0,2,0,0,0,2
01/04/2021,LMT,OR,ANM,WE,Federal Contract Tower,0,5,1,0,6,0,0,0,0,0,0,5,1,0,6,0,0,0,6
01/05/2021,LMT,OR,ANM,WE,Federal Contract Tower,0,12,0,19,31,0,3,6,17,26,0,15,6,36,57,0,16,16,73
01/06/2021,LMT,OR,ANM,WE,Federal Contract Tower,0,7,8,18,33,0,0,4,10,14,0,7,12,28,47,8,10,18,65
01/07/2021,LMT,OR,ANM,WE,Federal Contract Tower,0,6,1,17,24,0,2,15,18,35,0,8,16,35,59,14,12,26,85
01/08/2021,LMT,OR,ANM,WE,Federal Contract Tower,0,6,3,6,15,0,0,5,6,11,0,6,8,12,26,0,0,0,26
01/09/2021,LMT,OR,ANM,WE,Federal Contract Tower,0,2,5,0,7,0,1,6,0,7,0,3,11,0,14,14,0,14,28
01/10/2021,LMT,OR,ANM,WE,Federal Contract Tower,0,2,20,10,32,0,0,8,0,8,0,2,28,10,40,27,10,37,77
01/11/2021,LMT,OR,ANM,WE,Federal Contract Tower,0,3,1,0,4,0,0,1,0,1,0,3,2,0,5,0,0,0,5
01/12/2021,LMT,OR,ANM,WE,Federal Contract Tower,0,7,4,12,23,0,0,5,20,25,0,7,9,32,48,0,32,32,80
01/13/2021,LMT,OR,ANM,WE,Federal Contract Tower,0,3,6,17,26,0,2,13,14,29,0,5,19,31,55,0,16,16,71
01/14/2021,LMT,OR,ANM,WE,Federal Contract Tower,0,6,2,15,23,0,0,52,19,71,0,6,54,34,94,2,40,42,136
01/15/2021,LMT,OR,ANM,WE,Federal Contract Tower,0,4,2,13,19,0,1,22,23,46,0,5,24,36,65,40,34,74,139
01/16/2021,LMT,OR,ANM,WE,Federal Contract Tower,0,7,2,0,9,0,0,0,0,0,0,7,2,0,9,0,0,0,9
01/17/2021,LMT,OR,ANM,WE,Federal Contract Tower,0,0,0,0,0,0,0,5,0,5,0,0,5,0,5,23,0,23,28
01/18/2021,LMT,OR,ANM,WE,Federal Contract Tower,0,5,8,0,13,0,0,46,0,46,0,5,54,0,59,70,0,70,129
01/19/2021,LMT,OR,ANM,WE,Federal Contract Tower,0,9,12,31,52,0,1,24,19,44,0,10,36,50,96,49,37,86,182
01/20/2021,LMT,OR,ANM,WE,Federal Contract Tower,0,7,4,20,31,0,0,69,19,88,0,7,73,39,119,18,27,45,164
01/21/2021,LMT,OR,ANM,WE,Federal Contract Tower,0,5,1,37,43,0,0,19,17,36,0,5,20,54,79,16,50,66,145
01/22/2021,LMT,OR,ANM,WE,Federal Contract Tower,0,6,2,0,8,0,0,21,0,21,0,6,23,0,29,24,0,24,53
01/23/2021,LMT,OR,ANM,WE,Federal Contract Tower,0,4,5,3,12,0,0,41,2,43,0,4,46,5,55,10,12,22,77
01/24/2021,LMT,OR,ANM,WE,Federal Contract Tower,0,2,3,0,5,0,0,0,0,0,0,2,3,0,5,0,0,0,5
01/25/2021,LMT,OR,ANM,WE,Federal Contract Tower,0,5,3,19,27,0,0,6,18,24,0,5,9,37,51,4,52,56,107
01/26/2021,LMT,OR,ANM,WE,Federal Contract Tower,0,6,4,29,39,0,0,7,9,16,0,6,11,38,55,0,24,24,79
01/27/2021,LMT,OR,ANM,WE,Federal Contract Tower,0,9,3,11,23,0,0,0,11,11,0,9,3,22,34,0,8,8,42
01/28/2021,LMT,OR,ANM,WE,Federal Contract Tower,0,7,5,23,35,0,0,5,2,7,0,7,10,25,42,0,4,4,46
01/29/2021,LMT,OR,ANM,WE,Federal Contract Tower,0,7,1,41,49,0,0,11,5,16,0,7,12,46,65,2,4,6,71
01/30/2021,LMT,OR,ANM,WE,Federal Contract Tower,0,1,4,0,5,0,0,22,0,22,0,1,26,0,27,56,0,56,83
01/31/2021,LMT,OR,ANM,WE,Federal Contract Tower,0,1,4,0,5,0,0,5,0,5,0,1,9,0,10,42,0,42,52
02/01/2021,LMT,OR,ANM,WE,Federal Contract Tower,0,5,6,15,26,0,0,3,8,11,0,5,9,23,37,0,10,10,47
02/02/2021,LMT,OR,ANM,WE,Federal Contract Tower,0,3,1,27,31,0,1,11,8,20,0,4,12,35,51,48,16,64,115
02/03/2021,LMT,OR,ANM,WE,Federal Contract Tower,0,5,1,15,21,0,0,10,8,18,0,5,11,23,39,12,6,18,57
02/04/2021,LMT,OR,ANM,WE,Federal Contract Tower,0,5,8,24,37,0,1,53,18,72,0,6,61,42,109,30,16,46,155
02/05/2021,LMT,OR,ANM,WE,Federal Contract Tower,0,8,5,21,34,0,1,17,8,26,0,9,22,29,60,40,24,64,124
02/06/2021,LMT,OR,ANM,WE,Federal Contract Tower,0,6,2,4,12,0,0,38,0,38,0,6,40,4,50,12,6,18,68
02/07/2021,LMT,OR,ANM,WE,Federal Contract Tower,0,0,1,0,1,0,0,42,0,42,0,0,43,0,43,48,0,48,91
02/08/2021,LMT,OR,ANM,WE,Federal Contract Tower,0,3,4,0,7,0,0,37,0,37,0,3,41,0,44,32,0,32,76
02/09/2021,LMT,OR,ANM,WE,Federal Contract Tower,0,2,4,28,34,0,1,18,11,30,0,3,22,39,64,8,32,40,104
02/10/2021,LMT,OR,ANM,WE,Federal Contract Tower,0,6,2,27,35,0,2,22,16,40,0,8,24,43,75,14,40,54,129
02/11/2021,LMT,OR,ANM,WE,Federal Contract Tower,0,4,3,15,22,0,0,5,9,14,0,4,8,24,36,10,30,40,76
02/12/2021,LMT,OR,ANM,WE,Federal Contract Tower,0,6,3,12,21,0,2,10,8,20,0,8,13,20,41,8,6,14,55
02/13/2021,LMT,OR,ANM,WE,Federal Contract Tower,0,4,0,0,4,0,0,0,0,0,0,4,0,0,4,0,0,0,4
02/14/2021,LMT,OR,ANM,WE,Federal Contract Tower,0,1,3,0,4,0,0,0,0,0,0,1,3,0,4,0,0,0,4
02/15/2021,LMT,OR,ANM,WE,Federal Contract Tower,0,9,6,0,15,0,3,8,0,11,0,12,14,0,26,14,0,14,40
02/16/2021,LMT,OR,ANM,WE,Federal Contract Tower,0,2,5,17,24,0,2,5,14,21,0,4,10,31,45,16,26,42,87
02/17/2021,LMT,OR,ANM,WE,Federal Contract Tower,0,5,5,27,37,0,0,27,13,40,0,5,32,40,77,20,44,64,141
02/18/2021,LMT,OR,ANM,WE,Federal Contract Tower,0,5,1,6,12,0,0,0,0,0,0,5,1,6,12,0,0,0,12
02/19/2021,LMT,OR,ANM,WE,Federal Contract Tower,0,4,2,26,32,0,0,4,6,10,0,4,6,32,42,0,24,24,66
02/20/2021,LMT,OR,ANM,WE,Federal Contract Tower,0,3,2,26,31,0,0,14,17,31,0,3,16,43,62,24,30,54,116
02/21/2021,LMT,OR,ANM,WE,Federal Contract Tower,0,2,2,22,26,0,0,18,8,26,0,2,20,30,52,14,18,32,84
02/22/2021,LMT,OR,ANM,WE,Federal Contract Tower,0,4,2,6,12,0,1,38,3,42,0,5,40,9,54,52,64,116,170
02/23/2021,LMT,OR,ANM,WE,Federal Contract Tower,0,4,19,22,45,0,2,49,12,63,0,6,68,34,108,36,22,58,166
02/24/2021,LMT,OR,ANM,WE,Federal Contract Tower,0,4,10,36,50,0,3,54,18,75,0,7,64,54,125,52,30,82,207
02/25/2021,LMT,OR,ANM,WE,Federal Contract Tower,0,4,11,32,47,0,0,16,20,36,0,4,27,52,83,24,22,46,129
02/27/2021,LMT,OR,ANM,WE,Federal Contract Tower,0,4,4,0,8,0,0,2,5,7,0,4,6,5,15,2,0,2,17
02/28/2021,LMT,OR,ANM,WE,Federal Contract Tower,0,0,13,1,14,0,0,53,1,54,0,0,66,2,68,12,4,16,84
03/01/2021,LMT,OR,ANM,WE,Federal Contract Tower,0,4,7,41,52,0,1,31,24,56,0,5,38,65,108,64,34,98,206
03/02/2021,LMT,OR,ANM,WE,Federal Contract Tower,0,4,7,26,37,0,5,53,10,68,0,9,60,36,105,42,12,54,159
03/03/2021,LMT,OR,ANM,WE,Federal Contract Tower,0,6,2,29,37,0,7,66,12,85,0,13,68,41,122,54,7,61,183
03/04/2021,LMT,OR,ANM,WE,Federal Contract Tower,0,3,3,26,32,0,2,12,15,29,0,5,15,41,61,20,70,90,151
03/05/2021,LMT,OR,ANM,WE,Federal Contract Tower,0,4,3,0,7,0,1,1,0,2,0,5,4,0,9,0,0,0,9
03/06/2021,LMT,OR,ANM,WE,Federal Contract Tower,0,2,5,14,21,0,0,17,14,31,0,2,22,28,52,28,48,76,128
03/08/2021,LMT,OR,ANM,WE,Federal Contract Tower,0,3,2,0,5,0,4,7,0,11,0,7,9,0,16,4,0,4,20
03/09/2021,LMT,OR,ANM,WE,Federal Contract Tower,0,7,6,29,42,0,2,16,10,28,0,9,22,39,70,0,14,14,84
03/10/2021,LMT,OR,ANM,WE,Federal Contract Tower,0,8,2,22,32,0,0,3,12,15,0,8,5,34,47,24,30,54,101
03/11/2021,LMT,OR,ANM,WE,Federal Contract Tower,0,5,4,32,41,0,0,16,11,27,0,5,20,43,68,10,58,68,136
03/12/2021,LMT,OR,ANM,WE,Federal Contract Tower,0,3,5,10,18,0,1,47,11,59,0,4,52,21,77,10,42,52,129
03/13/2021,LMT,OR,ANM,WE,Federal Contract Tower,0,2,4,1,7,0,0,36,2,38,0,2,40,3,45,64,0,64,109
03/14/2021,LMT,OR,ANM,WE,Federal Contract Tower,0,0,4,0,4,0,0,21,0,21,0,0,25,0,25,20,0,20,45
03/15/2021,LMT,OR,ANM,WE,Federal Contract Tower,0,4,2,8,14,0,0,4,12,16,0,4,6,20,30,6,8,14,44
03/16/2021,LMT,OR,ANM,WE,Federal Contract Tower,0,5,4,19,28,0,1,44,19,64,0,6,48,38,92,64,24,88,180
03/17/2021,LMT,OR,ANM,WE,Federal Contract Tower,0,5,1,22,28,0,4,34,18,56,0,9,35,40,84,48,30,78,162
03/18/2021,LMT,OR,ANM,WE,Federal Contract Tower,0,4,2,28,34,0,3,3,12,18,0,7,5,40,52,0,16,16,68
03/19/2021,LMT,OR,ANM,WE,Federal Contract Tower,0,6,1,15,22,0,0,10,12,22,0,6,11,27,44,12,46,58,102
03/20/2021,LMT,OR,ANM,WE,Federal Contract Tower,0,0,8,0,8,0,2,7,4,13,0,2,15,4,21,18,0,18,39
03/21/2021,LMT,OR,ANM,WE,Federal Contract Tower,0,0,1,0,1,0,0,66,0,66,0,0,67,0,67,66,0,66,133
03/22/2021,LMT,OR,ANM,WE,Federal Contract Tower,0,2,2,26,30,0,0,15,6,21,0,2,17,32,51,21,12,33,84
03/23/2021,LMT,OR,ANM,WE,Federal Contract Tower,0,5,6,15,26,0,1,16,21,38,0,6,22,36,64,2,16,18,82
03/24/2021,LMT,OR,ANM,WE,Federal Contract Tower,0,5,3,29,37,0,0,18,12,30,0,5,21,41,67,74,24,98,165
03/25/2021,LMT,OR,ANM,WE,Federal Contract Tower,0,8,4,18,30,0,1,6,6,13,0,9,10,24,43,0,12,12,55
03/26/2021,LMT,OR,ANM,WE,Federal Contract Tower,0,4,3,3,10,0,0,27,1,28,0,4,30,4,38,16,32,48,86
03/27/2021,LMT,OR,ANM,WE,Federal Contract Tower,0,3,4,6,13,0,0,42,3,45,0,3,46,9,58,16,8,24,82
03/28/2021,LMT,OR,ANM,WE,Federal Contract Tower,0,1,5,0,6,0,0,13,0,13,0,1,18,0,19,22,0,22,41
03/29/2021,LMT,OR,ANM,WE,Federal Contract Tower,0,6,11,16,33,0,0,27,26,53,0,6,38,42,86,17,20,37,123
03/30/2021,LMT,OR,ANM,WE,Federal Contract Tower,0,6,3,24,33,0,1,20,19,40,0,7,23,43,73,28,8,36,109
03/31/2021,LMT,OR,ANM,WE,Federal Contract Tower,0,7,2,22,31,0,0,24,20,44,0,7,26,42,75,56,22,78,153
04/01/2021,LMT,OR,ANM,WE,Federal Contract Tower,0,3,0,12,15,0,0,22,12,34,0,3,22,24,49,14,28,42,91
04/02/2021,LMT,OR,ANM,WE,Federal Contract Tower,0,5,7,5,17,0,0,30,0,30,0,5,37,5,47,40,0,40,87
04/03/2021,LMT,OR,ANM,WE,Federal Contract Tower,0,4,4,0,8,0,0,17,4,21,0,4,21,4,29,21,0,21,50
04/04/2021,LMT,OR,ANM,WE,Federal Contract Tower,0,1,1,0,2,0,2,17,0,19,0,3,18,0,21,27,0,27,48
04/05/2021,LMT,OR,ANM,WE,Federal Contract Tower,0,2,0,36,38,0,1,23,6,30,0,3,23,42,68,36,28,64,132
04/06/2021,LMT,OR,ANM,WE,Federal Contract Tower,0,6,9,33,48,0,0,21,11,32,0,6,30,44,80,24,16,40,120
04/07/2021,LMT,OR,ANM,WE,Federal Contract Tower,0,6,6,31,43,0,0,13,12,25,0,6,19,43,68,8,8,16,84
04/08/2021,LMT,OR,ANM,WE,Federal Contract Tower,0,2,3,41,46,0,0,11,16,27,0,2,14,57,73,30,14,44,117
04/09/2021,LMT,OR,ANM,WE,Federal Contract Tower,0,5,3,8,16,0,0,42,10,52,0,5,45,18,68,90,2,92,160
04/10/2021,LMT,OR,ANM,WE,Federal Contract Tower,0,2,3,21,26,0,2,12,18,32,0,4,15,39,58,76,14,90,148
04/11/2021,LMT,OR,ANM,WE,Federal Contract Tower,0,0,2,0,2,0,0,24,1,25,0,0,26,1,27,90,0,90,117
04/12/2021,LMT,OR,ANM,WE,Federal Contract Tower,0,5,2,0,7,0,1,32,8,41,0,6,34,8,48,72,0,72,120
04/13/2021,LMT,OR,ANM,WE,Federal Contract Tower,0,5,8,25,38,0,1,4,27,32,0,6,12,52,70,0,14,14,84
04/14/2021,LMT,OR,ANM,WE,Federal Contract Tower,0,9,8,38,55,0,2,22,18,42,0,11,30,56,97,18,33,51,148
04/15/2021,LMT,OR,ANM,WE,Federal Contract Tower,0,5,3,35,43,0,1,36,20,57,0,6,39,55,100,24,25,49,149
04/16/2021,LMT,OR,ANM,WE,Federal Contract Tower,0,5,2,10,17,0,0,27,9,36,0,5,29,19,53,4,22,26,79
04/17/2021,LMT,OR,ANM,WE,Federal Contract Tower,0,3,1,0,4,0,0,31,0,31,0,3,32,0,35,26,0,26,61
04/18/2021,LMT,OR,ANM,WE,Federal Contract Tower,0,0,2,0,2,0,0,54,0,54,0,0,56,0,56,16,0,16,72
04/19/2021,LMT,OR,ANM,WE,Federal Contract Tower,0,2,2,23,27,0,3,14,17,34,0,5,16,40,61,6,15,21,82
04/20/2021,LMT,OR,ANM,WE,Federal Contract Tower,0,5,2,31,38,0,1,8,11,20,0,6,10,42,58,2,12,14,72
04/21/2021,LMT,OR,ANM,WE,Federal Contract Tower,0,6,7,22,35,0,2,37,22,61,0,8,44,44,96,68,8,76,172
04/22/2021,LMT,OR,ANM,WE,Federal Contract Tower,0,5,4,22,31,0,1,24,18,43,0,6,28,40,74,34,4,38,112
04/23/2021,LMT,OR,ANM,WE,Federal Contract Tower,0,4,3,9,16,0,1,35,8,44,0,5,38,17,60,0,4,4,64
04/24/2021,LMT,OR,ANM,WE,Federal Contract Tower,0,2,4,0,6,0,0,1,0,1,0,2,5,0,7,18,0,18,25
04/25/2021,LMT,OR,ANM,WE,Federal Contract Tower,0,1,2,0,3,0,0,0,0,0,0,1,2,0,3,0,0,0,3
04/26/2021,LMT,OR,ANM,WE,Federal Contract Tower,0,3,0,20,23,0,0,10,8,18,0,3,10,28,41,18,12,30,71
04/27/2021,LMT,OR,ANM,WE,Federal Contract Tower,0,5,0,22,27,0,3,43,17,63,0,8,43,39,90,58,26,84,174
04/28/2021,LMT,OR,ANM,WE,Federal Contract Tower,0,6,0,18,24,0,8,42,22,72,0,14,42,40,96,8,32,40,136
04/29/2021,LMT,OR,ANM,WE,Federal Contract Tower,0,6,3,18,27,0,1,27,14,42,0,7,30,32,69,0,10,10,79
04/30/2021,LMT,OR,ANM,WE,Federal Contract Tower,0,5,1,9,15,0,5,26,9,40,0,10,27,18,55,34,14,48,103
05/01/2021,LMT,OR,ANM,WE,Federal Contract Tower,0,2,6,19,27,0,1,11,10,22,0,3,17,29,49,0,12,12,61
05/02/2021,LMT,OR,ANM,WE,Federal Contract Tower,0,1,9,3,13,0,0,17,3,20,0,1,26,6,33,105,2,107,140
05/03/2021,LMT,OR,ANM,WE,Federal Contract Tower,0,3,0,0,3,0,0,27,0,27,0,3,27,0,30,86,0,86,116
05/04/2021,LMT,OR,ANM,WE,Federal Contract Tower,0,2,3,10,15,0,2,19,9,30,0,4,22,19,45,24,4,28,73
05/05/2021,LMT,OR,ANM,WE,Federal Contract Tower,0,6,5,10,21,0,4,35,12,51,0,10,40,22,72,10,24,34,106
05/06/2021,LMT,OR,ANM,WE,Federal Contract Tower,0,7,4,12,23,0,2,27,4,33,0,9,31,16,56,62,8,70,126
05/07/2021,LMT,OR,ANM,WE,Federal Contract Tower,0,4,4,6,14,0,5,48,7,60,0,9,52,13,74,32,6,38,112
05/08/2021,LMT,OR,ANM,WE,Federal Contract Tower,0,8,0,1,9,0,0,27,0,27,0,8,27,1,36,40,12,52,88
05/09/2021,LMT,OR,ANM,WE,Federal Contract Tower,0,0,0,0,0,0,0,12,0,12,0,0,12,0,12,8,0,8,20
05/10/2021,LMT,OR,ANM,WE,Federal Contract Tower,0,4,4,10,18,0,2,38,20,60,0,6,42,30,78,0,6,6,84
05/11/2021,LMT,OR,ANM,WE,Federal Contract Tower,0,5,2,26,33,0,2,46,10,58,0,7,48,36,91,32,24,56,147
05/12/2021,LMT,OR,ANM,WE,Federal Contract Tower,0,7,5,9,21,0,8,39,11,58,0,15,44,20,79,0,24,24,103
05/13/2021,LMT,OR,ANM,WE,Federal Contract Tower,0,2,4,24,30,0,5,20,10,35,0,7,24,34,65,26,22,48,113
05/14/2021,LMT,OR,ANM,WE,Federal Contract Tower,0,5,6,7,18,0,4,40,7,51,0,9,46,14,69,48,10,58,127
05/15/2021,LMT,OR,ANM,WE,Federal Contract Tower,0,3,4,2,9,0,1,14,5,20,0,4,18,7,29,0,0,0,29
05/16/2021,LMT,OR,ANM,WE,Federal Contract Tower,0,0,5,2,7,0,2,25,0,27,0,2,30,2,34,50,0,50,84
05/17/2021,LMT,OR,ANM,WE,Federal Contract Tower,0,4,10,19,33,0,3,34,3,40,0,7,44,22,73,36,46,82,155
05/18/2021,LMT,OR,ANM,WE,Federal Contract Tower,0,8,10,21,39,0,2,13,20,35,0,10,23,41,74,0,28,28,102
05/19/2021,LMT,OR,ANM,WE,Federal Contract Tower,0,6,0,34,40,0,2,9,18,29,0,8,9,52,69,0,56,56,125
05/20/2021,LMT,OR,ANM,WE,Federal Contract Tower,0,5,7,14,26,0,0,1,11,12,0,5,8,25,38,0,12,12,50
05/21/2021,LMT,OR,ANM,WE,Federal Contract Tower,0,6,3,2,11,0,0,3,0,3,0,6,6,2,14,12,0,12,26
05/22/2021,LMT,OR,ANM,WE,Federal Contract Tower,0,3,0,0,3,0,1,10,0,11,0,4,10,0,14,38,0,38,52
05/23/2021,LMT,OR,ANM,WE,Federal Contract Tower,0,1,1,3,5,0,0,9,3,12,0,1,10,6,17,8,0,8,25
05/24/2021,LMT,OR,ANM,WE,Federal Contract Tower,0,4,3,22,29,0,1,19,15,35,0,5,22,37,64,62,32,94,158
05/25/2021,LMT,OR,ANM,WE,Federal Contract Tower,0,2,0,20,22,0,3,18,18,39,0,5,18,38,61,4,18,22,83
05/26/2021,LMT,OR,ANM,WE,Federal Contract Tower,0,4,2,15,21,0,2,49,16,67,0,6,51,31,88,16,6,22,110
05/27/2021,LMT,OR,ANM,WE,Federal Contract Tower,0,6,10,10,26,0,1,26,9,36,0,7,36,19,62,18,12,30,92
05/28/2021,LMT,OR,ANM,WE,Federal Contract Tower,0,4,1,1,6,0,4,39,0,43,0,8,40,1,49,4,78,82,131
05/29/2021,LMT,OR,ANM,WE,Federal Contract Tower,0,1,6,0,7,0,2,47,4,53,0,3,53,4,60,18,0,18,78
05/30/2021,LMT,OR,ANM,WE,Federal Contract Tower,0,2,1,0,3,0,1,38,0,39,0,3,39,0,42,42,0,42,84
05/31/2021,LMT,OR,ANM,WE,Federal Contract Tower,0,2,3,0,5,0,0,51,2,53,0,2,54,2,58,16,0,16,74
06/01/2021,LMT,OR,ANM,WE,Federal Contract Tower,0,5,5,24,34,0,5,17,8,30,0,10,22,32,64,25,16,41,105
06/02/2021,LMT,OR,ANM,WE,Federal Contract Tower,0,6,0,27,33,0,4,29,13,46,0,10,29,40,79,10,48,58,137
06/03/2021,LMT,OR,ANM,WE,Federal Contract Tower,0,3,16,18,37,0,4,26,20,50,0,7,42,38,87,52,2,54,141
06/04/2021,LMT,OR,ANM,WE,Federal Contract Tower,0,3,8,28,39,0,5,28,24,57,0,8,36,52,96,42,4,46,142
06/05/2021,LMT,OR,ANM,WE,Federal Contract Tower,0,2,0,13,15,0,3,42,12,57,0,5,42,25,72,0,40,40,112
06/06/2021,LMT,OR,ANM,WE,Federal Contract Tower,0,1,2,8,11,0,0,42,0,42,0,1,44,8,53,58,18,76,129
06/07/2021,LMT,OR,ANM,WE,Federal Contract Tower,0,8,5,8,21,0,0,31,1,32,0,8,36,9,53,61,56,117,170
06/08/2021,LMT,OR,ANM,WE,Federal Contract Tower,0,3,5,25,33,0,1,15,23,39,0,4,20,48,72,26,60,86,158
06/09/2021,LMT,OR,ANM,WE,Federal Contract Tower,0,5,8,37,50,0,0,28,9,37,0,5,36,46,87,98,24,122,209
06/10/2021,LMT,OR,ANM,WE,Federal Contract Tower,0,7,6,28,41,0,0,21,19,40,0,7,27,47,81,4,50,54,135
06/11/2021,LMT,OR,ANM,WE,Federal Contract Tower,0,7,1,16,24,0,0,23,8,31,0,7,24,24,55,46,37,83,138
06/12/2021,LMT,OR,ANM,WE,Federal Contract Tower,0,4,9,0,13,0,4,49,0,53,0,8,58,0,66,37,0,37,103
06/13/2021,LMT,OR,ANM,WE,Federal Contract Tower,0,0,0,0,0,0,0,32,0,32,0,0,32,0,32,68,0,68,100
06/14/2021,LMT,OR,ANM,WE,Federal Contract Tower,0,8,0,18,26,0,0,8,16,24,0,8,8,34,50,14,4,18,68
06/15/2021,LMT,OR,ANM,WE,Federal Contract Tower,0,6,5,27,38,0,1,23,13,37,0,7,28,40,75,56,42,98,173
06/16/2021,LMT,OR,ANM,WE,Federal Contract Tower,0,4,2,28,34,0,1,51,19,71,0,5,53,47,105,20,64,84,189
06/17/2021,LMT,OR,ANM,WE,Federal Contract Tower,0,3,4,19,26,0,3,22,20,45,0,6,26,39,71,18,22,40,111
06/18/2021,LMT,OR,ANM,WE,Federal Contract Tower,0,4,9,7,20,0,4,65,13,82,0,8,74,20,102,56,16,72,174
06/19/2021,LMT,OR,ANM,WE,Federal Contract Tower,0,3,15,0,18,0,3,32,0,35,0,6,47,0,53,52,0,52,105
06/20/2021,LMT,OR,ANM,WE,Federal Contract Tower,0,0,2,0,2,0,37,54,0,91,0,37,56,0,93,32,0,32,125
06/21/2021,LMT,OR,ANM,WE,Federal Contract Tower,0,4,1,24,29,0,16,47,6,69,0,20,48,30,98,10,24,34,132
06/22/2021,LMT,OR,ANM,WE,Federal Contract Tower,0,3,4,25,32,0,6,14,4,24,0,9,18,29,56,2,30,32,88
06/23/2021,LMT,OR,ANM,WE,Federal Contract Tower,0,4,2,36,42,0,7,45,1,53,0,11,47,37,95,10,60,70,165
06/24/2021,LMT,OR,ANM,WE,Federal Contract Tower,0,4,7,8,19,0,6,72,0,78,0,10,79,8,97,20,0,20,117
06/25/2021,LMT,OR,ANM,WE,Federal Contract Tower,0,5,2,2,9,0,2,45,0,47,0,7,47,2,56,0,2,2,58
06/27/2021,LMT,OR,ANM,WE,Federal Contract Tower,0,1,7,2,10,0,12,21,0,33,0,13,28,2,43,4,0,4,47
06/28/2021,LMT,OR,ANM,WE,Federal Contract Tower,0,4,3,18,25,0,36,49,13,98,0,40,52,31,123,2,44,46,169
06/29/2021,LMT,OR,ANM,WE,Federal Contract Tower,0,2,4,26,32,0,84,55,30,169,0,86,59,56,201,22,16,38,239
06/30/2021,LMT,OR,ANM,WE,Federal Contract Tower,0,11,3,16,30,0,16,21,20,57,0,27,24,36,87,92,14,106,193
07/01/2021,LMT,OR,ANM,WE,Federal Contract Tower,0,6,5,7,18,0,28,27,8,63,0,34,32,15,81,42,2,44,125
07/02/2021,LMT,OR,ANM,WE,Federal Contract Tower,0,9,10,0,19,0,14,54,1,69,0,23,64,1,88,26,0,26,114
07/03/2021,LMT,OR,ANM,WE,Federal Contract Tower,0,1,0,0,1,0,6,30,0,36,0,7,30,0,37,16,0,16,53
07/04/2021,LMT,OR,ANM,WE,Federal Contract Tower,0,1,2,2,5,0,0,10,4,14,0,1,12,6,19,0,4,4,23
07/05/2021,LMT,OR,ANM,WE,Federal Contract Tower,0,2,3,0,5,0,43,40,0,83,0,45,43,0,88,28,0,28,116
07/06/2021,LMT,OR,ANM,WE,Federal Contract Tower,0,6,2,12,20,0,53,26,12,91,0,59,28,24,111,0,16,16,127
07/07/2021,LMT,OR,ANM,WE,Federal Contract Tower,0,1,2,16,19,0,51,36,15,102,0,52,38,31,121,42,28,70,191
07/09/2021,LMT,OR,ANM,WE,Federal Contract Tower,0,3,6,29,38,0,75,53,6,134,0,78,59,35,172,26,24,50,222
07/10/2021,LMT,OR,ANM,WE,Federal Contract Tower,0,7,9,29,45,0,33,21,7,61,0,40,30,36,106,38,10,48,154
07/11/2021,LMT,OR,ANM,WE,Federal Contract Tower,0,2,14,18,34,0,5,13,0,18,0,7,27,18,52,52,0,52,104
07/12/2021,LMT,OR,ANM,WE,Federal Contract Tower,0,7,4,0,11,0,19,16,0,35,0,26,20,0,46,22,0,22,68
07/13/2021,LMT,OR,ANM,WE,Federal Contract Tower,0,5,16,36,57,0,26,20,0,46,0,31,36,36,103,74,0,74,177
07/14/2021,LMT,OR,ANM,WE,Federal Contract Tower,0,10,4,33,47,0,24,6,2,32,0,34,10,35,79,0,12,12,91
07/15/2021,LMT,OR,ANM,WE,Federal Contract Tower,0,4,3,24,31,0,65,8,22,95,0,69,11,46,126,0,6,6,132
07/16/2021,LMT,OR,ANM,WE,Federal Contract Tower,0,11,2,22,35,0,29,16,10,55,0,40,18,32,90,52,48,100,190
07/17/2021,LMT,OR,ANM,WE,Federal Contract Tower,0,3,3,0,6,0,11,25,0,36,0,14,28,0,42,50,0,50,92
07/18/2021,LMT,OR,ANM,WE,Federal Contract Tower,0,0,1,0,1,0,3,26,0,29,0,3,27,0,30,76,0,76,106
07/19/2021,LMT,OR,ANM,WE,Federal Contract Tower,0,3,6,30,39,0,0,58,8,66,0,3,64,38,105,50,86,136,241
07/20/2021,LMT,OR,ANM,WE,Federal Contract Tower,0,2,6,34,42,0,1,33,7,41,0,3,39,41,83,26,20,46,129
07/21/2021,LMT,OR,ANM,WE,Federal Contract Tower,0,5,3,35,43,0,3,27,6,36,0,8,30,41,79,20,32,52,131
07/22/2021,LMT,OR,ANM,WE,Federal Contract Tower,0,4,2,11,17,0,19,45,12,76,0,23,47,23,93,30,6,36,129
07/23/2021,LMT,OR,ANM,WE,Federal Contract Tower,0,7,1,2,10,0,11,32,2,45,0,18,33,4,55,16,0,16,71
07/24/2021,LMT,OR,ANM,WE,Federal Contract Tower,0,4,6,0,10,0,4,4,0,8,0,8,10,0,18,20,0,20,38
07/25/2021,LMT,OR,ANM,WE,Federal Contract Tower,0,0,0,0,0,0,55,16,2,73,0,55,16,2,73,75,0,75,148
07/26/2021,LMT,OR,ANM,WE,Federal Contract Tower,0,3,6,26,35,0,1,23,14,38,0,4,29,40,73,39,36,75,148
07/27/2021,LMT,OR,ANM,WE,Federal Contract Tower,0,7,3,20,30,0,5,15,0,20,0,12,18,20,50,18,0,18,68
07/28/2021,LMT,OR,ANM,WE,Federal Contract Tower,0,7,8,25,40,0,5,18,17,40,0,12,26,42,80,34,38,72,152
07/29/2021,LMT,OR,ANM,WE,Federal Contract Tower,0,4,6,6,16,0,11,32,10,53,0,15,38,16,69,20,0,20,89
07/30/2021,LMT,OR,ANM,WE,Federal Contract Tower,0,4,6,4,14,0,8,33,4,45,0,12,39,8,59,7,6,13,72
07/31/2021,LMT,OR,ANM,WE,Federal Contract Tower,0,4,6,0,10,0,7,57,0,64,0,11,63,0,74,32,0,32,106
08/01/2021,LMT,OR,ANM,WE,Federal Contract Tower,0,0,0,0,0,0,20,39,6,65,0,20,39,6,65,26,0,26,91
08/03/2021,LMT,OR,ANM,WE,Federal Contract Tower,0,6,6,19,31,0,26,42,7,75,0,32,48,26,106,48,2,50,156
08/04/2021,LMT,OR,ANM,WE,Federal Contract Tower,0,10,9,24,43,0,3,12,4,19,0,13,21,28,62,72,2,74,136
08/05/2021,LMT,OR,ANM,WE,Federal Contract Tower,0,4,1,19,24,0,14,2,2,18,0,18,3,21,42,2,8,10,52
08/06/2021,LMT,OR,ANM,WE,Federal Contract Tower,0,4,6,0,10,0,13,22,0,35,0,17,28,0,45,44,0,44,89
08/07/2021,LMT,OR,ANM,WE,Federal Contract Tower,0,3,2,2,7,0,8,23,0,31,0,11,25,2,38,0,0,0,38
08/08/2021,LMT,OR,ANM,WE,Federal Contract Tower,0,2,10,0,12,0,2,24,0,26,0,4,34,0,38,0,0,0,38
08/09/2021,LMT,OR,ANM,WE,Federal Contract Tower,0,5,3,0,8,0,0,26,0,26,0,5,29,0,34,8,0,8,42
08/10/2021,LMT,OR,ANM,WE,Federal Contract Tower,0,4,5,45,54,0,1,23,14,38,0,5,28,59,92,28,12,40,132
08/11/2021,LMT,OR,ANM,WE,Federal Contract Tower,0,3,3,26,32,0,10,13,15,38,0,13,16,41,70,10,16,26,96
08/12/2021,LMT,OR,ANM,WE,Federal Contract Tower,0,7,12,35,54,0,20,4,0,24,0,27,16,35,78,0,2,2,80
08/13/2021,LMT,OR,ANM,WE,Federal Contract Tower,0,13,6,12,31,0,5,8,0,13,0,18,14,12,44,0,0,0,44
08/14/2021,LMT,OR,ANM,WE,Federal Contract Tower,0,6,11,4,21,0,0,1,0,1,0,6,12,4,22,0,0,0,22
08/15/2021,LMT,OR,ANM,WE,Federal Contract Tower,0,3,2,0,5,0,0,4,0,4,0,3,6,0,9,0,0,0,9
08/16/2021,LMT,OR,ANM,WE,Federal Contract Tower,0,3,6,18,27,0,0,4,0,4,0,3,10,18,31,6,0,6,37
08/17/2021,LMT,OR,ANM,WE,Federal Contract Tower,0,10,12,34,56,0,1,8,3,12,0,11,20,37,68,0,18,18,86
08/18/2021,LMT,OR,ANM,WE,Federal Contract Tower,0,8,5,29,42,0,1,22,17,40,0,9,27,46,82,2,30,32,114
08/19/2021,LMT,OR,ANM,WE,Federal Contract Tower,0,8,4,36,48,0,4,12,5,21,0,12,16,41,69,24,34,58,127
08/20/2021,LMT,OR,ANM,WE,Federal Contract Tower,0,6,6,17,29,0,0,11,10,21,0,6,17,27,50,0,20,20,70
08/21/2021,LMT,OR,ANM,WE,Federal Contract Tower,0,4,5,0,9,0,1,9,0,10,0,5,14,0,19,8,0,8,27
08/22/2021,LMT,OR,ANM,WE,Federal Contract Tower,0,2,8,0,10,0,0,4,0,4,0,2,12,0,14,2,0,2,16
08/23/2021,LMT,OR,ANM,WE,Federal Contract Tower,0,5,1,29,35,0,0,0,6,6,0,5,1,35,41,6,32,38,79
08/24/2021,LMT,OR,ANM,WE,Federal Contract Tower,0,6,2,33,41,0,1,1,9,11,0,7,3,42,52,6,18,24,76
08/25/2021,LMT,OR,ANM,WE,Federal Contract Tower,0,9,8,34,51,0,0,5,6,11,0,9,13,40,62,0,6,6,68
08/26/2021,LMT,OR,ANM,WE,Federal Contract Tower,0,7,3,12,22,0,3,18,8,29,0,10,21,20,51,18,12,30,81
08/27/2021,LMT,OR,ANM,WE,Federal Contract Tower,0,7,15,0,22,0,0,14,0,14,0,7,29,0,36,22,0,22,58
08/28/2021,LMT,OR,ANM,WE,Federal Contract Tower,0,4,4,2,10,0,2,15,0,17,0,6,19,2,27,6,0,6,33
08/29/2021,LMT,OR,ANM,WE,Federal Contract Tower,0,0,11,0,11,0,0,13,0,13,0,0,24,0,24,38,0,38,62
08/30/2021,LMT,OR,ANM,WE,Federal Contract Tower,0,6,4,21,31,0,1,3,1,5,0,7,7,22,36,0,0,0,36
08/31/2021,LMT,OR,ANM,WE,Federal Contract Tower,0,6,7,18,31,0,5,8,5,18,0,11,15,23,49,0,6,6,55
09/01/2021,LMT,OR,ANM,WE,Federal Contract Tower,0,7,5,20,32,0,1,6,6,13,0,8,11,26,45,0,52,52,97
09/02/2021,LMT,OR,ANM,WE,Federal Contract Tower,0,3,3,10,16,0,3,15,10,28,0,6,18,20,44,27,12,39,83
09/03/2021,LMT,OR,ANM,WE,Federal Contract Tower,0,3,7,0,10,0,0,35,0,35,0,3,42,0,45,30,0,30,75
09/04/2021,LMT,OR,ANM,WE,Federal Contract Tower,0,5,18,0,23,0,0,0,0,0,0,5,18,0,23,0,0,0,23
09/05/2021,LMT,OR,ANM,WE,Federal Contract Tower,0,0,10,0,10,0,0,0,0,0,0,0,10,0,10,20,0,20,30
09/06/2021,LMT,OR,ANM,WE,Federal Contract Tower,0,5,6,0,11,0,36,12,0,48,0,41,18,0,59,0,0,0,59
09/07/2021,LMT,OR,ANM,WE,Federal Contract Tower,0,6,7,22,35,0,54,4,8,66,0,60,11,30,101,2,50,52,153
09/08/2021,LMT,OR,ANM,WE,Federal Contract Tower,0,7,6,40,53,0,0,4,2,6,0,7,10,42,59,0,0,0,59
09/09/2021,LMT,OR,ANM,WE,Federal Contract Tower,0,6,5,40,51,0,0,1,4,5,0,6,6,44,56,0,2,2,58
09/10/2021,LMT,OR,ANM,WE,Federal Contract Tower,0,4,1,27,32,0,1,12,20,33,0,5,13,47,65,0,18,18,83
09/11/2021,LMT,OR,ANM,WE,Federal Contract Tower,0,9,3,0,12,0,5,22,1,28,0,14,25,1,40,26,0,26,66
09/12/2021,LMT,OR,ANM,WE,Federal Contract Tower,0,1,5,12,18,0,3,26,12,41,0,4,31,24,59,36,32,68,127
09/13/2021,LMT,OR,ANM,WE,Federal Contract Tower,0,5,3,0,8,0,16,13,1,30,0,21,16,1,38,14,0,14,52
09/14/2021,LMT,OR,ANM,WE,Federal Contract Tower,0,5,4,22,31,0,28,23,24,75,0,33,27,46,106,10,44,54,160
09/15/2021,LMT,OR,ANM,WE,Federal Contract Tower,0,9,6,23,38,0,6,7,9,22,0,15,13,32,60,0,6,6,66
09/16/2021,LMT,OR,ANM,WE,Federal Contract Tower,0,7,6,18,31,0,3,35,16,54,0,10,41,34,85,14,18,32,117
09/17/2021,LMT,OR,ANM,WE,Federal Contract Tower,0,4,4,12,20,0,1,27,12,40,0,5,31,24,60,12,14,26,86
09/18/2021,LMT,OR,ANM,WE,Federal Contract Tower,0,6,1,0,7,0,0,6,0,6,0,6,7,0,13,36,0,36,49
09/19/2021,LMT,OR,ANM,WE,Federal Contract Tower,0,0,6,0,6,0,5,18,0,23,0,5,24,0,29,12,0,12,41
09/20/2021,LMT,OR,ANM,WE,Federal Contract Tower,0,3,3,35,41,0,1,24,20,45,0,4,27,55,86,40,38,78,164
09/21/2021,LMT,OR,ANM,WE,Federal Contract Tower,0,4,6,17,27,0,8,38,19,65,0,12,44,36,92,2,12,14,106
09/22/2021,LMT,OR,ANM,WE,Federal Contract Tower,0,8,10,19,37,0,3,43,20,66,0,11,53,39,103,34,20,54,157
09/23/2021,LMT,OR,ANM,WE,Federal Contract Tower,0,9,3,28,40,0,4,30,18,52,0,13,33,46,92,18,18,36,128
09/24/2021,LMT,OR,ANM,WE,Federal Contract Tower,0,4,1,22,27,0,0,22,22,44,0,4,23,44,71,26,30,56,127
09/25/2021,LMT,OR,ANM,WE,Federal Contract Tower,0,6,4,0,10,0,0,34,0,34,0,6,38,0,44,26,0,26,70
09/26/2021,LMT,OR,ANM,WE,Federal Contract Tower,0,0,3,2,5,0,0,38,0,38,0,0,41,2,43,46,0,46,89
09/27/2021,LMT,OR,ANM,WE,Federal Contract Tower,0,4,5,40,49,0,3,0,22,25,0,7,5,62,74,0,2,2,76
09/28/2021,LMT,OR,ANM,WE,Federal Contract Tower,0,7,8,44,59,0,0,15,10,25,0,7,23,54,84,0,34,34,118
09/29/2021,LMT,OR,ANM,WE,Federal Contract Tower,0,7,4,11,22,0,11,43,13,67,0,18,47,24,89,16,16,32,121
09/30/2021,LMT,OR,ANM,WE,Federal Contract Tower,0,7,9,21,37,0,3,46,0,49,0,10,55,21,86,30,0,30,116
10/01/2021,LMT,OR,ANM,WE,Federal Contract Tower,0,5,5,7,17,0,2,41,7,50,0,7,46,14,67,69,8,77,144
10/02/2021,LMT,OR,ANM,WE,Federal Contract Tower,0,4,8,0,12,0,1,41,0,42,0,5,49,0,54,22,0,22,76
10/03/2021,LMT,OR,ANM,WE,Federal Contract Tower,0,2,3,0,5,0,0,57,0,57,0,2,60,0,62,56,0,56,118
10/04/2021,LMT,OR,ANM,WE,Federal Contract Tower,0,7,5,0,12,0,1,41,0,42,0,8,46,0,54,16,0,16,70
10/05/2021,LMT,OR,ANM,WE,Federal Contract Tower,0,7,3,27,37,0,4,19,9,32,0,11,22,36,69,22,32,54,123
10/06/2021,LMT,OR,ANM,WE,Federal Contract Tower,0,4,8,24,36,0,3,11,15,29,0,7,19,39,65,36,60,96,161
10/07/2021,LMT,OR,ANM,WE,Federal Contract Tower,0,6,7,27,40,0,0,25,11,36,0,6,32,38,76,28,101,129,205
10/08/2021,LMT,OR,ANM,WE,Federal Contract Tower,0,5,1,9,15,0,2,12,5,19,0,7,13,14,34,8,35,43,77
10/09/2021,LMT,OR,ANM,WE,Federal Contract Tower,0,3,13,0,16,0,5,45,0,50,0,8,58,0,66,62,0,62,128
10/10/2021,LMT,OR,ANM,WE,Federal Contract Tower,0,1,2,0,3,0,1,23,1,25,0,2,25,1,28,54,0,54,82
10/11/2021,LMT,OR,ANM,WE,Federal Contract Tower,0,5,4,3,12,0,1,10,1,12,0,6,14,4,24,22,0,22,46
10/12/2021,LMT,OR,ANM,WE,Federal Contract Tower,0,7,20,25,52,0,0,44,9,53,0,7,64,34,105,18,66,84,189
10/13/2021,LMT,OR,ANM,WE,Federal Contract Tower,0,3,6,23,32,0,1,30,15,46,0,4,36,38,78,48,42,90,168
10/14/2021,LMT,OR,ANM,WE,Federal Contract Tower,0,5,5,17,27,0,2,23,8,33,0,7,28,25,60,4,26,30,90
10/15/2021,LMT,OR,ANM,WE,Federal Contract Tower,0,4,7,18,29,0,0,33,14,47,0,4,40,32,76,16,24,40,116
10/16/2021,LMT,OR,ANM,WE,Federal Contract Tower,0,3,6,17,26,0,3,53,15,71,0,6,59,32,97,0,48,48,145
10/17/2021,LMT,OR,ANM,WE,Federal Contract Tower,0,1,5,0,6,0,1,6,0,7,0,2,11,0,13,0,0,0,13
10/18/2021,LMT,OR,ANM,WE,Federal Contract Tower,0,3,3,5,11,0,0,23,0,23,0,3,26,5,34,60,28,88,122
10/19/2021,LMT,OR,ANM,WE,Federal Contract Tower,0,6,8,31,45,0,2,11,12,25,0,8,19,43,70,0,44,44,114
10/20/2021,LMT,OR,ANM,WE,Federal Contract Tower,0,3,4,18,25,0,0,18,13,31,0,3,22,31,56,30,46,76,132
10/21/2021,LMT,OR,ANM,WE,Federal Contract Tower,0,4,4,13,21,0,2,9,10,21,0,6,13,23,42,24,6,30,72
10/22/2021,LMT,OR,ANM,WE,Federal Contract Tower,0,6,1,4,11,0,0,8,0,8,0,6,9,4,19,64,0,64,83
10/23/2021,LMT,OR,ANM,WE,Federal Contract Tower,0,7,6,0,13,0,0,5,1,6,0,7,11,1,19,52,0,52,71
10/24/2021,LMT,OR,ANM,WE,Federal Contract Tower,0,3,3,0,6,0,0,0,0,0,0,3,3,0,6,0,0,0,6
10/25/2021,LMT,OR,ANM,WE,Federal Contract Tower,0,4,3,21,28,0,1,11,9,21,0,5,14,30,49,52,28,80,129
10/26/2021,LMT,OR,ANM,WE,Federal Contract Tower,0,5,3,33,41,0,0,6,1,7,0,5,9,34,48,44,12,56,104
10/27/2021,LMT,OR,ANM,WE,Federal Contract Tower,0,4,2,33,39,0,3,22,16,41,0,7,24,49,80,105,32,137,217
10/28/2021,LMT,OR,ANM,WE,Federal Contract Tower,0,7,2,19,28,0,4,24,10,38,0,11,26,29,66,52,46,98,164
10/29/2021,LMT,OR,ANM,WE,Federal Contract Tower,0,3,9,10,22,0,1,24,10,35,0,4,33,20,57,14,28,42,99
10/30/2021,LMT,OR,ANM,WE,Federal Contract Tower,0,6,2,4,12,0,0,19,2,21,0,6,21,6,33,30,0,30,63
10/31/2021,LMT,OR,ANM,WE,Federal Contract Tower,0,1,8,2,11,0,0,27,0,27,0,1,35,2,38,68,0,68,106
11/01/2021,LMT,OR,ANM,WE,Federal Contract Tower,0,5,0,0,5,0,1,0,0,1,0,6,0,0,6,96,0,96,102
11/02/2021,LMT,OR,ANM,WE,Federal Contract Tower,0,6,5,18,29,0,2,20,15,37,0,8,25,33,66,28,46,74,140
11/03/2021,LMT,OR,ANM,WE,Federal Contract Tower,0,6,2,16,24,0,1,27,20,48,0,7,29,36,72,2,14,16,88
11/04/2021,LMT,OR,ANM,WE,Federal Contract Tower,0,6,2,22,30,0,0,7,15,22,0,6,9,37,52,64,4,68,120
11/05/2021,LMT,OR,ANM,WE,Federal Contract Tower,0,7,4,22,33,0,0,7,12,19,0,7,11,34,52,6,20,26,78
11/06/2021,LMT,OR,ANM,WE,Federal Contract Tower,0,5,2,34,41,0,0,3,0,3,0,5,5,34,44,104,0,104,148
11/07/2021,LMT,OR,ANM,WE,Federal Contract Tower,0,0,4,1,5,0,0,32,2,34,0,0,36,3,39,106,0,106,145
11/08/2021,LMT,OR,ANM,WE,Federal Contract Tower,0,3,5,22,30,0,1,17,17,35,0,4,22,39,65,12,45,57,122
11/09/2021,LMT,OR,ANM,WE,Federal Contract Tower,0,6,22,18,46,0,0,25,20,45,0,6,47,38,91,72,16,88,179
11/10/2021,LMT,OR,ANM,WE,Federal Contract Tower,0,7,4,10,21,0,0,22,6,28,0,7,26,16,49,96,0,96,145
11/11/2021,LMT,OR,ANM,WE,Federal Contract Tower,0,6,6,5,17,0,5,17,9,31,0,11,23,14,48,72,28,100,148
11/12/2021,LMT,OR,ANM,WE,Federal Contract Tower,0,5,16,0,21,0,0,13,0,13,0,5,29,0,34,23,0,23,57
11/13/2021,LMT,OR,ANM,WE,Federal Contract Tower,0,4,10,0,14,0,0,21,0,21,0,4,31,0,35,73,0,73,108
11/14/2021,LMT,OR,ANM,WE,Federal Contract Tower,0,0,5,0,5,0,0,21,0,21,0,0,26,0,26,12,0,12,38
11/15/2021,LMT,OR,ANM,WE,Federal Contract Tower,0,6,3,45,54,0,0,12,5,17,0,6,15,50,71,46,48,94,165
11/16/2021,LMT,OR,ANM,WE,Federal Contract Tower,0,6,4,28,38,0,1,22,16,39,0,7,26,44,77,56,52,108,185
11/17/2021,LMT,OR,ANM,WE,Federal Contract Tower,0,12,7,32,51,0,3,28,12,43,0,15,35,44,94,31,11,42,136
11/18/2021,LMT,OR,ANM,WE,Federal Contract Tower,0,3,5,11,19,0,1,7,15,23,0,4,12,26,42,68,30,98,140
11/19/2021,LMT,OR,ANM,WE,Federal Contract Tower,0,6,5,29,40,0,1,11,7,19,0,7,16,36,59,82,8,90,149
11/20/2021,LMT,OR,ANM,WE,Federal Contract Tower,0,7,9,0,16,0,0,48,0,48,0,7,57,0,64,79,0,79,143
11/21/2021,LMT,OR,ANM,WE,Federal Contract Tower,0,0,4,0,4,0,0,37,0,37,0,0,41,0,41,48,0,48,89
11/23/2021,LMT,OR,ANM,WE,Federal Contract Tower,0,12,4,24,40,0,0,9,9,18,0,12,13,33,58,62,14,76,134
11/24/2021,LMT,OR,ANM,WE,Federal Contract Tower,0,13,3,6,22,0,0,8,4,12,0,13,11,10,34,56,4,60,94
11/25/2021,LMT,OR,ANM,WE,Federal Contract Tower,0,0,0,0,0,0,0,2,0,2,0,0,2,0,2,12,0,12,14
11/26/2021,LMT,OR,ANM,WE,Federal Contract Tower,0,5,6,0,11,0,2,12,0,14,0,7,18,0,25,10,0,10,35
11/27/2021,LMT,OR,ANM,WE,Federal Contract Tower,0,3,1,0,4,0,1,14,0,15,0,4,15,0,19,46,0,46,65
11/28/2021,LMT,OR,ANM,WE,Federal Contract Tower,0,1,1,1,3,0,0,25,1,26,0,1,26,2,29,62,4,66,95
11/29/2021,LMT,OR,ANM,WE,Federal Contract Tower,0,13,13,19,45,0,2,12,6,20,0,15,25,25,65,15,14,29,94
11/30/2021,LMT,OR,ANM,WE,Federal Contract Tower,0,10,5,8,23,0,1,23,12,36,0,11,28,20,59,8,4,12,71
12/01/2021,LMT,OR,ANM,WE,Federal Contract Tower,0,7,9,21,37,0,0,7,18,25,0,7,16,39,62,0,26,26,88
12/02/2021,LMT,OR,ANM,WE,Federal Contract Tower,0,8,4,30,42,0,0,21,28,49,0,8,25,58,91,44,32,76,167
12/03/2021,LMT,OR,ANM,WE,Federal Contract Tower,0,4,3,24,31,0,4,14,17,35,0,8,17,41,66,56,16,72,138
12/04/2021,LMT,OR,ANM,WE,Federal Contract Tower,0,3,6,9,18,0,0,37,19,56,0,3,43,28,74,58,28,86,160
12/05/2021,LMT,OR,ANM,WE,Federal Contract Tower,0,1,11,3,15,0,0,31,11,42,0,1,42,14,57,43,0,43,100
12/06/2021,LMT,OR,ANM,WE,Federal Contract Tower,0,4,3,17,24,0,0,13,0,13,0,4,16,17,37,102,24,126,163
12/07/2021,LMT,OR,ANM,WE,Federal Contract Tower,0,9,2,49,60,0,1,8,17,26,0,10,10,66,86,27,34,61,147
12/08/2021,LMT,OR,ANM,WE,Federal Contract Tower,0,6,3,19,28,0,0,4,11,15,0,6,7,30,43,31,12,43,86
12/09/2021,LMT,OR,ANM,WE,Federal Contract Tower,0,8,7,27,42,0,0,11,12,23,0,8,18,39,65,52,32,84,149
12/10/2021,LMT,OR,ANM,WE,Federal Contract Tower,0,8,9,7,24,0,1,15,7,23,0,9,24,14,47,38,6,44,91
12/11/2021,LMT,OR,ANM,WE,Federal Contract Tower,0,4,1,0,5,0,0,8,0,8,0,4,9,0,13,50,0,50,63
12/12/2021,LMT,OR,ANM,WE,Federal Contract Tower,0,1,6,0,7,0,0,3,0,3,0,1,9,0,10,17,0,17,27
12/13/2021,LMT,OR,ANM,WE,Federal Contract Tower,0,4,0,0,4,0,0,2,2,4,0,4,2,2,8,0,0,0,8
12/14/2021,LMT,OR,ANM,WE,Federal Contract Tower,0,8,4,10,22,0,1,7,14,22,0,9,11,24,44,50,6,56,100
12/15/2021,LMT,OR,ANM,WE,Federal Contract Tower,0,4,7,0,11,0,0,0,0,0,0,4,7,0,11,0,0,0,11
12/16/2021,LMT,OR,ANM,WE,Federal Contract Tower,0,8,3,18,29,0,1,4,14,19,0,9,7,32,48,54,14,68,116
12/17/2021,LMT,OR,ANM,WE,Federal Contract Tower,0,9,11,52,72,0,0,0,0,0,0,9,11,52,72,0,0,0,72
12/18/2021,LMT,OR,ANM,WE,Federal Contract Tower,0,3,4,0,7,0,3,30,0,33,0,6,34,0,40,116,0,116,156
12/19/2021,LMT,OR,ANM,WE,Federal Contract Tower,0,0,2,0,2,0,0,9,0,9,0,0,11,0,11,96,0,96,107
12/20/2021,LMT,OR,ANM,WE,Federal Contract Tower,0,8,1,28,37,0,1,14,16,31,0,9,15,44,68,46,28,74,142
12/21/2021,LMT,OR,ANM,WE,Federal Contract Tower,0,8,1,18,27,0,0,11,14,25,0,8,12,32,52,78,30,108,160
12/22/2021,LMT,OR,ANM,WE,Federal Contract Tower,0,8,7,12,27,0,0,9,6,15,0,8,16,18,42,10,14,24,66
12/23/2021,LMT,OR,ANM,WE,Federal Contract Tower,0,6,2,0,8,0,0,3,0,3,0,6,5,0,11,12,0,12,23
12/24/2021,LMT,OR,ANM,WE,Federal Contract Tower,0,8,3,0,11,0,0,0,0,0,0,8,3,0,11,0,0,0,11
12/25/2021,LMT,OR,ANM,WE,Federal Contract Tower,0,2,1,0,3,0,0,0,0,0,0,2,1,0,3,0,0,0,3
12/26/2021,LMT,OR,ANM,WE,Federal Contract Tower,0,1,2,0,3,0,0,0,0,0,0,1,2,0,3,0,0,0,3
12/27/2021,LMT,OR,ANM,WE,Federal Contract Tower,0,4,3,0,7,0,0,0,0,0,0,4,3,0,7,0,0,0,7
12/28/2021,LMT,OR,ANM,WE,Federal Contract Tower,0,7,2,0,9,0,0,0,0,0,0,7,2,0,9,0,0,0,9
12/29/2021,LMT,OR,ANM,WE,Federal Contract Tower,0,12,0,8,20,0,1,6,4,11,0,13,6,12,31,72,12,84,115
12/30/2021,LMT,OR,ANM,WE,Federal Contract Tower,0,7,3,0,10,0,0,8,0,8,0,7,11,0,18,0,0,0,18
12/31/2021,LMT,OR,ANM,WE,Federal Contract Tower,0,14,6,0,20,0,0,10,0,10,0,14,16,0,30,18,0,18,48
01/01/2022,LMT,OR,ANM,WE,Federal Contract Tower,0,0,1,0,1,0,0,27,0,27,0,0,28,0,28,64,0,64,92
01/02/2022,LMT,OR,ANM,WE,Federal Contract Tower,0,0,6,0,6,0,0,30,0,30,0,0,36,0,36,82,0,82,118
01/03/2022,LMT,OR,ANM,WE,Federal Contract Tower,0,3,3,0,6,0,0,0,0,0,0,3,3,0,6,0,0,0,6
01/04/2022,LMT,OR,ANM,WE,Federal Contract Tower,0,8,4,22,34,0,0,3,0,3,0,8,7,22,37,74,2,76,113
01/05/2022,LMT,OR,ANM,WE,Federal Contract Tower,0,12,2,40,54,0,0,21,0,21,0,12,23,40,75,44,0,44,119
01/06/2022,LMT,OR,ANM,WE,Federal Contract Tower,0,11,3,22,36,0,2,6,20,28,0,13,9,42,64,48,10,58,122
01/07/2022,LMT,OR,ANM,WE,Federal Contract Tower,0,11,8,32,51,0,10,0,0,10,0,21,8,32,61,132,4,136,197
01/08/2022,LMT,OR,ANM,WE,Federal Contract Tower,0,5,1,0,6,0,3,27,64,94,0,8,28,64,100,36,14,50,150
01/09/2022,LMT,OR,ANM,WE,Federal Contract Tower,0,0,7,11,18,0,0,36,20,56,0,0,43,31,74,38,14,52,126
01/10/2022,LMT,OR,ANM,WE,Federal Contract Tower,0,4,8,3,15,0,1,20,0,21,0,5,28,3,36,44,4,48,84
01/11/2022,LMT,OR,ANM,WE,Federal Contract Tower,0,6,1,38,45,0,0,29,22,51,0,6,30,60,96,6,26,32,128
01/12/2022,LMT,OR,ANM,WE,Federal Contract Tower,0,4,0,43,47,0,2,27,23,52,0,6,27,66,99,16,78,94,193
01/13/2022,LMT,OR,ANM,WE,Federal Contract Tower,0,7,7,47,61,0,0,10,40,50,0,7,17,87,111,34,78,112,223
01/14/2022,LMT,OR,ANM,WE,Federal Contract Tower,0,4,3,16,23,0,0,30,16,46,0,4,33,32,69,16,8,24,93
01/15/2022,LMT,OR,ANM,WE,Federal Contract Tower,0,3,2,0,5,0,1,51,0,52,0,4,53,0,57,54,0,54,111
01/16/2022,LMT,OR,ANM,WE,Federal Contract Tower,0,4,6,0,10,0,0,30,0,30,0,4,36,0,40,12,0,12,52
01/17/2022,LMT,OR,ANM,WE,Federal Contract Tower,0,6,19,0,25,0,1,33,3,37,0,7,52,3,62,50,0,50,112
01/18/2022,LMT,OR,ANM,WE,Federal Contract Tower,0,8,5,29,42,0,1,12,13,26,0,9,17,42,68,0,44,44,112
01/19/2022,LMT,OR,ANM,WE,Federal Contract Tower,0,7,2,29,38,0,2,12,22,36,0,9,14,51,74,48,44,92,166
01/20/2022,LMT,OR,ANM,WE,Federal Contract Tower,0,6,5,27,38,0,0,23,13,36,0,6,28,40,74,61,22,83,157
01/21/2022,LMT,OR,ANM,WE,Federal Contract Tower,0,4,1,39,44,0,2,30,3,35,0,6,31,42,79,16,38,54,133
01/22/2022,LMT,OR,ANM,WE,Federal Contract Tower,0,5,7,0,12,0,1,46,2,49,0,6,53,2,61,46,0,46,107
01/23/2022,LMT,OR,ANM,WE,Federal Contract Tower,0,0,6,0,6,0,0,21,1,22,0,0,27,1,28,46,0,46,74
01/24/2022,LMT,OR,ANM,WE,Federal Contract Tower,0,4,4,38,46,0,2,10,21,33,0,6,14,59,79,16,108,124,203
01/25/2022,LMT,OR,ANM,WE,Federal Contract Tower,0,5,0,26,31,0,1,13,16,30,0,6,13,42,61,4,18,22,83
01/26/2022,LMT,OR,ANM,WE,Federal Contract Tower,0,4,6,34,44,0,1,16,23,40,0,5,22,57,84,0,72,72,156
01/27/2022,LMT,OR,ANM,WE,Federal Contract Tower,0,7,6,26,39,0,3,20,25,48,0,10,26,51,87,2,52,54,141
01/28/2022,LMT,OR,ANM,WE,Federal Contract Tower,0,6,2,12,20,0,2,13,14,29,0,8,15,26,49,10,10,20,69
01/29/2022,LMT,OR,ANM,WE,Federal Contract Tower,0,5,12,6,23,0,2,44,0,46,0,7,56,6,69,50,6,56,125
01/30/2022,LMT,OR,ANM,WE,Federal Contract Tower,0,0,2,0,2,0,0,14,1,15,0,0,16,1,17,4,4,8,25
01/31/2022,LMT,OR,ANM,WE,Federal Contract Tower,0,5,2,39,46,0,2,24,21,47,0,7,26,60,93,8,62,70,163
02/01/2022,LMT,OR,ANM,WE,Federal Contract Tower,0,3,6,30,39,0,2,9,11,22,0,5,15,41,61,2,38,40,101
02/02/2022,LMT,OR,ANM,WE,Federal Contract Tower,0,7,3,34,44,0,0,20,13,33,0,7,23,47,77,31,14,45,122
02/03/2022,LMT,OR,ANM,WE,Federal Contract Tower,0,3,4,28,35,0,2,18,4,24,0,5,22,32,59,32,32,64,123
02/04/2022,LMT,OR,ANM,WE,Federal Contract Tower,0,2,2,13,17,0,3,12,10,25,0,5,14,23,42,50,18,68,110
02/05/2022,LMT,OR,ANM,WE,Federal Contract Tower,0,4,4,18,26,0,2,62,12,76,0,6,66,30,102,48,14,62,164
02/06/2022,LMT,OR,ANM,WE,Federal Contract Tower,0,1,6,10,17,0,0,39,10,49,0,1,45,20,66,18,8,26,92
02/07/2022,LMT,OR,ANM,WE,Federal Contract Tower,0,1,6,4,11,0,2,34,0,36,0,3,40,4,47,45,0,45,92
02/08/2022,LMT,OR,ANM,WE,Federal Contract Tower,0,2,5,26,33,0,2,7,20,29,0,4,12,46,62,20,12,32,94
02/09/2022,LMT,OR,ANM,WE,Federal Contract Tower,0,2,5,15,22,0,1,32,12,45,0,3,37,27,67,36,16,52,119
02/10/2022,LMT,OR,ANM,WE,Federal Contract Tower,0,4,6,17,27,0,3,37,14,54,0,7,43,31,81,44,66,110,191
02/11/2022,LMT,OR,ANM,WE,Federal Contract Tower,0,6,2,14,22,0,2,39,14,55,0,8,41,28,77,0,4,4,81
02/12/2022,LMT,OR,ANM,WE,Federal Contract Tower,0,4,2,0,6,0,2,30,0,32,0,6,32,0,38,94,0,94,132
02/13/2022,LMT,OR,ANM,WE,Federal Contract Tower,0,0,3,0,3,0,0,51,2,53,0,0,54,2,56,55,0,55,111
02/14/2022,LMT,OR,ANM,WE,Federal Contract Tower,0,6,1,6,13,0,0,7,0,7,0,6,8,6,20,44,0,44,64
02/15/2022,LMT,OR,ANM,WE,Federal Contract Tower,0,5,5,28,38,0,1,11,11,23,0,6,16,39,61,20,28,48,109
02/16/2022,LMT,OR,ANM,WE,Federal Contract Tower,0,4,6,36,46,0,3,5,19,27,0,7,11,55,73,49,46,95,168
02/17/2022,LMT,OR,ANM,WE,Federal Contract Tower,0,7,1,18,26,0,1,25,25,51,0,8,26,43,77,58,14,72,149
02/18/2022,LMT,OR,ANM,WE,Federal Contract Tower,0,3,1,27,31,0,4,40,22,66,0,7,41,49,97,72,76,148,245
02/19/2022,LMT,OR,ANM,WE,Federal Contract Tower,0,2,11,0,13,0,3,59,0,62,0,5,70,0,75,68,0,68,143
02/20/2022,LMT,OR,ANM,WE,Federal Contract Tower,0,2,2,0,4,0,0,4,0,4,0,2,6,0,8,56,0,56,64
02/21/2022,LMT,OR,ANM,WE,Federal Contract Tower,0,5,4,0,9,0,0,0,0,0,0,5,4,0,9,0,0,0,9
02/22/2022,LMT,OR,ANM,WE,Federal Contract Tower,0,6,4,27,37,0,0,8,3,11,0,6,12,30,48,16,10,26,74
02/23/2022,LMT,OR,ANM,WE,Federal Contract Tower,0,3,4,21,28,0,1,17,21,39,0,4,21,42,67,58,4,62,129
02/24/2022,LMT,OR,ANM,WE,Federal Contract Tower,0,4,7,26,37,0,3,22,12,37,0,7,29,38,74,32,42,74,148
02/25/2022,LMT,OR,ANM,WE,Federal Contract Tower,0,4,2,13,19,0,0,23,4,27,0,4,25,17,46,10,38,48,94
02/26/2022,LMT,OR,ANM,WE,Federal Contract Tower,0,4,6,0,10,0,1,22,0,23,0,5,28,0,33,32,0,32,65
02/27/2022,LMT,OR,ANM,WE,Federal Contract Tower,0,2,3,0,5,0,0,9,0,9,0,2,12,0,14,48,0,48,62
02/28/2022,LMT,OR,ANM,WE,Federal Contract Tower,0,10,1,28,39,0,0,11,6,17,0,10,12,34,56,32,28,60,116
03/01/2022,LMT,OR,ANM,WE,Federal Contract Tower,0,4,4,36,44,0,2,18,18,38,0,6,22,54,82,37,37,74,156
03/02/2022,LMT,OR,ANM,WE,Federal Contract Tower,0,4,6,18,28,0,3,12,10,25,0,7,18,28,53,16,38,54,107
03/03/2022,LMT,OR,ANM,WE,Federal Contract Tower,0,5,1,27,33,0,0,10,1,11,0,5,11,28,44,50,4,54,98
03/04/2022,LMT,OR,ANM,WE,Federal Contract Tower,0,7,3,19,29,0,0,17,12,29,0,7,20,31,58,86,52,138,196
03/05/2022,LMT,OR,ANM,WE,Federal Contract Tower,0,6,0,15,21,0,0,8,13,21,0,6,8,28,42,0,14,14,56
03/06/2022,LMT,OR,ANM,WE,Federal Contract Tower,0,0,4,8,12,0,0,26,8,34,0,0,30,16,46,48,12,60,106
03/07/2022,LMT,OR,ANM,WE,Federal Contract Tower,0,6,3,2,11,0,5,30,0,35,0,11,33,2,46,68,8,76,122
03/08/2022,LMT,OR,ANM,WE,Federal Contract Tower,0,7,4,22,33,0,2,15,12,29,0,9,19,34,62,8,26,34,96
03/09/2022,LMT,OR,ANM,WE,Federal Contract Tower,0,8,6,18,32,0,1,13,14,28,0,9,19,32,60,28,23,51,111
03/10/2022,LMT,OR,ANM,WE,Federal Contract Tower,0,4,3,15,22,0,3,27,11,41,0,7,30,26,63,44,10,54,117
03/11/2022,LMT,OR,ANM,WE,Federal Contract Tower,0,4,3,11,18,0,2,38,11,51,0,6,41,22,69,72,4,76,145
03/12/2022,LMT,OR,ANM,WE,Federal Contract Tower,0,0,3,0,3,0,5,0,0,5,0,5,3,0,8,6,0,6,14
03/13/2022,LMT,OR,ANM,WE,Federal Contract Tower,0,0,1,0,1,0,0,5,0,5,0,0,6,0,6,36,0,36,42
03/14/2022,LMT,OR,ANM,WE,Federal Contract Tower,0,2,2,21,25,0,1,28,4,33,0,3,30,25,58,79,18,97,155
03/15/2022,LMT,OR,ANM,WE,Federal Contract Tower,0,7,3,24,34,0,1,1,8,10,0,8,4,32,44,0,8,8,52
03/16/2022,LMT,OR,ANM,WE,Federal Contract Tower,0,4,8,26,38,0,0,26,8,34,0,4,34,34,72,44,22,66,138
03/17/2022,LMT,OR,ANM,WE,Federal Contract Tower,0,6,3,34,43,0,2,16,5,23,0,8,19,39,66,37,8,45,111
03/18/2022,LMT,OR,ANM,WE,Federal Contract Tower,0,4,3,13,20,0,1,19,10,30,0,5,22,23,50,44,6,50,100
03/19/2022,LMT,OR,ANM,WE,Federal Contract Tower,0,7,4,0,11,0,0,3,0,3,0,7,7,0,14,18,0,18,32
03/20/2022,LMT,OR,ANM,WE,Federal Contract Tower,0,2,2,0,4,0,0,29,0,29,0,2,31,0,33,34,0,34,67
03/21/2022,LMT,OR,ANM,WE,Federal Contract Tower,0,5,1,21,27,0,3,11,11,25,0,8,12,32,52,14,30,44,96
03/22/2022,LMT,OR,ANM,WE,Federal Contract Tower,0,2,7,14,23,0,2,26,6,34,0,4,33,20,57,50,6,56,113
03/23/2022,LMT,OR,ANM,WE,Federal Contract Tower,0,5,11,12,28,0,0,21,10,31,0,5,32,22,59,8,12,20,79
03/24/2022,LMT,OR,ANM,WE,Federal Contract Tower,0,7,7,4,18,0,1,22,2,25,0,8,29,6,43,20,6,26,69
03/25/2022,LMT,OR,ANM,WE,Federal Contract Tower,0,5,6,0,11,0,1,23,0,24,0,6,29,0,35,14,0,14,49
03/26/2022,LMT,OR,ANM,WE,Federal Contract Tower,0,2,13,0,15,0,1,38,0,39,0,3,51,0,54,28,0,28,82
03/27/2022,LMT,OR,ANM,WE,Federal Contract Tower,0,0,3,1,4,0,0,19,2,21,0,0,22,3,25,50,0,50,75
03/28/2022,LMT,OR,ANM,WE,Federal Contract Tower,0,4,3,18,25,0,1,16,11,28,0,5,19,29,53,38,40,78,131
03/29/2022,LMT,OR,ANM,WE,Federal Contract Tower,0,3,3,28,34,0,3,19,10,32,0,6,22,38,66,26,68,94,160
03/30/2022,LMT,OR,ANM,WE,Federal Contract Tower,0,7,0,16,23,0,0,23,20,43,0,7,23,36,66,18,14,32,98
03/31/2022,LMT,OR,ANM,WE,Federal Contract Tower,0,7,8,31,46,0,2,35,14,51,0,9,43,45,97,47,32,79,176
04/01/2022,LMT,OR,ANM,WE,Federal Contract Tower,0,4,5,8,17,0,4,31,12,47,0,8,36,20,64,42,8,50,114
04/02/2022,LMT,OR,ANM,WE,Federal Contract Tower,0,5,4,11,20,0,2,15,15,32,0,7,19,26,52,71,19,90,142
04/03/2022,LMT,OR,ANM,WE,Federal Contract Tower,0,2,2,8,12,0,0,23,8,31,0,2,25,16,43,60,6,66,109
04/04/2022,LMT,OR,ANM,WE,Federal Contract Tower,0,3,2,0,5,0,0,0,0,0,0,3,2,0,5,0,0,0,5
04/05/2022,LMT,OR,ANM,WE,Federal Contract Tower,0,7,11,21,39,0,1,27,17,45,0,8,38,38,84,26,26,52,136
04/06/2022,LMT,OR,ANM,WE,Federal Contract Tower,0,7,6,23,36,0,0,23,14,37,0,7,29,37,73,8,21,29,102
04/07/2022,LMT,OR,ANM,WE,Federal Contract Tower,0,2,6,16,24,0,2,20,15,37,0,4,26,31,61,31,40,71,132
04/08/2022,LMT,OR,ANM,WE,Federal Contract Tower,0,13,13,14,40,0,0,26,18,44,0,13,39,32,84,22,8,30,114
04/09/2022,LMT,OR,ANM,WE,Federal Contract Tower,0,3,1,0,4,0,2,19,0,21,0,5,20,0,25,10,0,10,35
04/10/2022,LMT,OR,ANM,WE,Federal Contract Tower,0,1,6,0,7,0,0,12,0,12,0,1,18,0,19,26,0,26,45
04/11/2022,LMT,OR,ANM,WE,Federal Contract Tower,0,6,3,2,11,0,0,0,0,0,0,6,3,2,11,0,0,0,11
04/12/2022,LMT,OR,ANM,WE,Federal Contract Tower,0,7,4,14,25,0,0,1,9,10,0,7,5,23,35,0,8,8,43
04/13/2022,LMT,OR,ANM,WE,Federal Contract Tower,0,11,10,16,37,0,0,0,0,0,0,11,10,16,37,0,0,0,37
04/14/2022,LMT,OR,ANM,WE,Federal Contract Tower,0,4,3,28,35,0,1,6,7,14,0,5,9,35,49,72,14,86,135
04/15/2022,LMT,OR,ANM,WE,Federal Contract Tower,0,3,6,12,21,0,2,8,4,14,0,5,14,16,35,20,16,36,71
04/16/2022,LMT,OR,ANM,WE,Federal Contract Tower,0,2,4,0,6,0,1,9,0,10,0,3,13,0,16,0,0,0,16
04/17/2022,LMT,OR,ANM,WE,Federal Contract Tower,0,0,1,0,1,0,0,30,2,32,0,0,31,2,33,22,6,28,61
04/18/2022,LMT,OR,ANM,WE,Federal Contract Tower,0,3,5,0,8,0,1,8,0,9,0,4,13,0,17,0,0,0,17
04/19/2022,LMT,OR,ANM,WE,Federal Contract Tower,0,6,0,22,28,0,0,5,8,13,0,6,5,30,41,20,6,26,67
04/20/2022,LMT,OR,ANM,WE,Federal Contract Tower,0,8,3,16,27,0,1,3,1,5,0,9,6,17,32,0,18,18,50
04/21/2022,LMT,OR,ANM,WE,Federal Contract Tower,0,6,8,18,32,0,0,14,6,20,0,6,22,24,52,96,60,156,208
04/22/2022,LMT,OR,ANM,WE,Federal Contract Tower,0,5,1,13,19,0,2,23,8,33,0,7,24,21,52,58,26,84,136
04/23/2022,LMT,OR,ANM,WE,Federal Contract Tower,0,3,12,1,16,0,2,48,1,51,0,5,60,2,67,40,0,40,107
04/24/2022,LMT,OR,ANM,WE,Federal Contract Tower,0,2,4,0,6,0,0,41,0,41,0,2,45,0,47,28,0,28,75
04/25/2022,LMT,OR,ANM,WE,Federal Contract Tower,0,3,7,32,42,0,0,14,29,43,0,3,21,61,85,44,18,62,147
04/26/2022,LMT,OR,ANM,WE,Federal Contract Tower,0,5,17,22,44,0,1,38,17,56,0,6,55,39,100,32,22,54,154
04/27/2022,LMT,OR,ANM,WE,Federal Contract Tower,0,2,4,36,42,0,4,38,18,60,0,6,42,54,102,20,34,54,156
04/28/2022,LMT,OR,ANM,WE,Federal Contract Tower,0,6,4,44,54,0,1,10,13,24,0,7,14,57,78,62,32,94,172
04/29/2022,LMT,OR,ANM,WE,Federal Contract Tower,0,7,6,18,31,0,1,33,11,45,0,8,39,29,76,36,2,38,114
04/30/2022,LMT,OR,ANM,WE,Federal Contract Tower,0,3,3,2,8,0,1,25,0,26,0,4,28,2,34,55,0,55,89
05/01/2022,LMT,OR,ANM,WE,Federal Contract Tower,0,2,6,2,10,0,1,38,4,43,0,3,44,6,53,35,0,35,88
05/02/2022,LMT,OR,ANM,WE,Federal Contract Tower,0,3,2,0,5,0,0,2,0,2,0,3,4,0,7,11,0,11,18
05/03/2022,LMT,OR,ANM,WE,Federal Contract Tower,0,4,5,23,32,0,4,31,13,48,0,8,36,36,80,4,38,42,122
05/04/2022,LMT,OR,ANM,WE,Federal Contract Tower,0,6,6,24,36,0,12,52,21,85,0,18,58,45,121,52,34,86,207
05/05/2022,LMT,OR,ANM,WE,Federal Contract Tower,0,8,0,5,13,0,1,12,1,14,0,9,12,6,27,28,0,28,55
05/06/2022,LMT,OR,ANM,WE,Federal Contract Tower,0,8,2,16,26,0,0,7,10,17,0,8,9,26,43,28,26,54,97
05/07/2022,LMT,OR,ANM,WE,Federal Contract Tower,0,3,6,0,9,0,3,12,0,15,0,6,18,0,24,48,0,48,72
05/08/2022,LMT,OR,ANM,WE,Federal Contract Tower,0,0,3,0,3,0,0,0,0,0,0,0,3,0,3,0,0,0,3
05/09/2022,LMT,OR,ANM,WE,Federal Contract Tower,0,5,2,26,33,0,0,9,0,9,0,5,11,26,42,72,42,114,156
05/10/2022,LMT,OR,ANM,WE,Federal Contract Tower,0,7,4,32,43,0,2,10,9,21,0,9,14,41,64,22,12,34,98
05/11/2022,LMT,OR,ANM,WE,Federal Contract Tower,0,6,0,25,31,0,2,54,17,73,0,8,54,42,104,38,29,67,171
05/12/2022,LMT,OR,ANM,WE,Federal Contract Tower,0,3,5,18,26,0,1,28,20,49,0,4,33,38,75,67,22,89,164
05/13/2022,LMT,OR,ANM,WE,Federal Contract Tower,0,6,5,18,29,0,1,26,21,48,0,7,31,39,77,30,16,46,123
05/14/2022,LMT,OR,ANM,WE,Federal Contract Tower,0,4,4,12,20,0,0,25,16,41,0,4,29,28,61,34,10,44,105
05/15/2022,LMT,OR,ANM,WE,Federal Contract Tower,0,0,2,1,3,0,0,16,5,21,0,0,18,6,24,14,0,14,38
05/16/2022,LMT,OR,ANM,WE,Federal Contract Tower,0,4,0,4,8,0,7,22,2,31,0,11,22,6,39,20,8,28,67
05/17/2022,LMT,OR,ANM,WE,Federal Contract Tower,0,4,4,14,22,0,4,45,8,57,0,8,49,22,79,28,28,56,135
05/18/2022,LMT,OR,ANM,WE,Federal Contract Tower,0,3,5,16,24,0,0,22,9,31,0,3,27,25,55,46,28,74,129
05/19/2022,LMT,OR,ANM,WE,Federal Contract Tower,0,3,2,14,19,0,0,24,16,40,0,3,26,30,59,28,26,54,113
05/20/2022,LMT,OR,ANM,WE,Federal Contract Tower,0,5,16,10,31,0,1,29,13,43,0,6,45,23,74,88,8,96,170
05/21/2022,LMT,OR,ANM,WE,Federal Contract Tower,0,4,7,16,27,0,4,42,0,46,0,8,49,16,73,90,6,96,169
05/22/2022,LMT,OR,ANM,WE,Federal Contract Tower,0,0,7,0,7,0,0,47,0,47,0,0,54,0,54,38,0,38,92
05/23/2022,LMT,OR,ANM,WE,Federal Contract Tower,0,6,1,17,24,0,2,46,19,67,0,8,47,36,91,56,16,72,163
05/24/2022,LMT,OR,ANM,WE,Federal Contract Tower,0,5,9,19,33,0,3,40,17,60,0,8,49,36,93,128,32,160,253
05/25/2022,LMT,OR,ANM,WE,Federal Contract Tower,0,8,6,13,27,0,3,41,15,59,0,11,47,28,86,56,8,64,150
05/26/2022,LMT,OR,ANM,WE,Federal Contract Tower,0,7,0,8,15,0,0,30,11,41,0,7,30,19,56,75,1,76,132
05/27/2022,LMT,OR,ANM,WE,Federal Contract Tower,0,5,8,0,13,0,0,15,0,15,0,5,23,0,28,57,0,57,85
05/28/2022,LMT,OR,ANM,WE,Federal Contract Tower,0,5,1,0,6,0,0,4,0,4,0,5,5,0,10,14,0,14,24
05/29/2022,LMT,OR,ANM,WE,Federal Contract Tower,0,2,0,0,2,0,0,4,0,4,0,2,4,0,6,12,0,12,18
05/30/2022,LMT,OR,ANM,WE,Federal Contract Tower,0,0,1,0,1,0,0,21,4,25,0,0,22,4,26,14,0,14,40
05/31/2022,LMT,OR,ANM,WE,Federal Contract Tower,0,7,6,16,29,0,3,41,16,60,0,10,47,32,89,68,10,78,167
06/01/2022,LMT,OR,ANM,WE,Federal Contract Tower,0,4,6,8,18,0,3,24,11,38,0,7,30,19,56,54,16,70,126
06/02/2022,LMT,OR,ANM,WE,Federal Contract Tower,0,3,0,12,15,0,7,41,20,68,0,10,41,32,83,50,12,62,145
06/03/2022,LMT,OR,ANM,WE,Federal Contract Tower,0,8,4,19,31,0,6,30,17,53,0,14,34,36,84,69,12,81,165
06/04/2022,LMT,OR,ANM,WE,Federal Contract Tower,0,4,4,0,8,0,2,27,0,29,0,6,31,0,37,44,0,44,81
06/05/2022,LMT,OR,ANM,WE,Federal Contract Tower,0,4,1,0,5,0,0,15,0,15,0,4,16,0,20,14,0,14,34
06/06/2022,LMT,OR,ANM,WE,Federal Contract Tower,0,5,2,0,7,0,0,44,0,44,0,5,46,0,51,40,0,40,91
06/07/2022,LMT,OR,ANM,WE,Federal Contract Tower,0,2,5,18,25,0,11,27,22,60,0,13,32,40,85,22,18,40,125
06/08/2022,LMT,OR,ANM,WE,Federal Contract Tower,0,4,5,23,32,0,3,34,19,56,0,7,39,42,88,44,20,64,152
06/09/2022,LMT,OR,ANM,WE,Federal Contract Tower,0,7,7,17,31,0,10,36,21,67,0,17,43,38,98,44,48,92,190
06/10/2022,LMT,OR,ANM,WE,Federal Contract Tower,0,4,4,19,27,0,15,27,17,59,0,19,31,36,86,24,28,52,138
06/11/2022,LMT,OR,ANM,WE,Federal Contract Tower,0,4,1,0,5,0,1,29,0,30,0,5,30,0,35,16,0,16,51
06/12/2022,LMT,OR,ANM,WE,Federal Contract Tower,0,3,9,2,14,0,0,9,0,9,0,3,18,2,23,26,0,26,49
06/13/2022,LMT,OR,ANM,WE,Federal Contract Tower,0,4,8,29,41,0,11,15,12,38,0,15,23,41,79,14,52,66,145
06/14/2022,LMT,OR,ANM,WE,Federal Contract Tower,0,5,3,25,33,0,5,23,10,38,0,10,26,35,71,16,16,32,103
06/15/2022,LMT,OR,ANM,WE,Federal Contract Tower,0,7,4,18,29,0,11,48,15,74,0,18,52,33,103,48,46,94,197
06/16/2022,LMT,OR,ANM,WE,Federal Contract Tower,0,4,4,21,29,0,12,40,21,73,0,16,44,42,102,58,44,102,204
06/17/2022,LMT,OR,ANM,WE,Federal Contract Tower,0,8,0,0,8,0,2,20,4,26,0,10,20,4,34,24,0,24,58
06/18/2022,LMT,OR,ANM,WE,Federal Contract Tower,0,3,0,0,3,0,0,20,2,22,0,3,20,2,25,20,0,20,45
06/19/2022,LMT,OR,ANM,WE,Federal Contract Tower,0,0,3,0,3,0,0,46,0,46,0,0,49,0,49,14,0,14,63
06/20/2022,LMT,OR,ANM,WE,Federal Contract Tower,0,4,8,0,12,0,0,47,4,51,0,4,55,4,63,24,0,24,87
06/21/2022,LMT,OR,ANM,WE,Federal Contract Tower,0,4,7,26,37,0,3,50,10,63,0,7,57,36,100,46,60,106,206
06/22/2022,LMT,OR,ANM,WE,Federal Contract Tower,0,6,5,26,37,0,2,32,18,52,0,8,37,44,89,2,48,50,139
06/23/2022,LMT,OR,ANM,WE,Federal Contract Tower,0,8,6,11,25,0,16,25,14,55,0,24,31,25,80,18,14,32,112
06/24/2022,LMT,OR,ANM,WE,Federal Contract Tower,0,6,0,14,20,0,14,32,11,57,0,20,32,25,77,10,14,24,101
06/25/2022,LMT,OR,ANM,WE,Federal Contract Tower,0,2,0,11,13,0,4,47,3,54,0,6,47,14,67,8,0,8,75
06/26/2022,LMT,OR,ANM,WE,Federal Contract Tower,0,4,4,4,12,0,2,21,9,32,0,6,25,13,44,0,0,0,44
06/27/2022,LMT,OR,ANM,WE,Federal Contract Tower,0,5,1,4,10,0,0,23,1,24,0,5,24,5,34,47,14,61,95
06/28/2022,LMT,OR,ANM,WE,Federal Contract Tower,0,5,6,30,41,0,2,38,9,49,0,7,44,39,90,19,58,77,167
06/29/2022,LMT,OR,ANM,WE,Federal Contract Tower,0,6,2,26,34,0,4,37,13,54,0,10,39,39,88,10,42,52,140
06/30/2022,LMT,OR,ANM,WE,Federal Contract Tower,0,5,2,21,28,0,1,18,20,39,0,6,20,41,67,2,10,12,79
07/01/2022,LMT,OR,ANM,WE,Federal Contract Tower,0,4,5,0,9,0,3,26,0,29,0,7,31,0,38,24,0,24,62
07/02/2022,LMT,OR,ANM,WE,Federal Contract Tower,0,2,7,0,9,0,1,38,0,39,0,3,45,0,48,98,0,98,146
07/03/2022,LMT,OR,ANM,WE,Federal Contract Tower,0,0,0,0,0,0,0,14,0,14,0,0,14,0,14,40,0,40,54
07/04/2022,LMT,OR,ANM,WE,Federal Contract Tower,0,0,0,0,0,0,0,6,8,14,0,0,6,8,14,0,8,8,22
07/05/2022,LMT,OR,ANM,WE,Federal Contract Tower,0,5,4,15,24,0,0,26,9,35,0,5,30,24,59,24,14,38,97
07/06/2022,LMT,OR,ANM,WE,Federal Contract Tower,0,3,0,11,14,0,6,31,14,51,0,9,31,25,65,44,30,74,139
07/07/2022,LMT,OR,ANM,WE,Federal Contract Tower,0,3,17,15,35,0,0,34,13,47,0,3,51,28,82,12,68,80,162
07/08/2022,LMT,OR,ANM,WE,Federal Contract Tower,0,4,2,5,11,0,9,25,4,38,0,13,27,9,49,30,12,42,91
07/09/2022,LMT,OR,ANM,WE,Federal Contract Tower,0,4,3,0,7,0,1,34,1,36,0,5,37,1,43,38,2,40,83
07/10/2022,LMT,OR,ANM,WE,Federal Contract Tower,0,0,4,0,4,0,2,36,0,38,0,2,40,0,42,62,0,62,104
07/11/2022,LMT,OR,ANM,WE,Federal Contract Tower,0,4,2,0,6,0,2,21,0,23,0,6,23,0,29,22,0,22,51
07/12/2022,LMT,OR,ANM,WE,Federal Contract Tower,0,6,5,34,45,0,0,27,16,43,0,6,32,50,88,52,38,90,178
07/13/2022,LMT,OR,ANM,WE,Federal Contract Tower,0,4,3,30,37,0,0,74,11,85,0,4,77,41,122,42,14,56,178
07/14/2022,LMT,OR,ANM,WE,Federal Contract Tower,0,5,2,34,41,0,5,47,6,58,0,10,49,40,99,40,10,50,149
07/15/2022,LMT,OR,ANM,WE,Federal Contract Tower,0,6,0,15,21,0,2,31,3,36,0,8,31,18,57,62,10,72,129
07/16/2022,LMT,OR,ANM,WE,Federal Contract Tower,0,1,4,0,5,0,2,29,0,31,0,3,33,0,36,120,0,120,156
07/17/2022,LMT,OR,ANM,WE,Federal Contract Tower,0,0,8,0,8,0,0,30,0,30,0,0,38,0,38,72,0,72,110
07/19/2022,LMT,OR,ANM,WE,Federal Contract Tower,0,4,3,9,16,0,5,32,16,53,0,9,35,25,69,63,8,71,140
07/20/2022,LMT,OR,ANM,WE,Federal Contract Tower,0,3,13,15,31,0,4,22,24,50,0,7,35,39,81,50,28,78,159
07/21/2022,LMT,OR,ANM,WE,Federal Contract Tower,0,6,4,30,40,0,3,32,17,52,0,9,36,47,92,60,18,78,170
07/22/2022,LMT,OR,ANM,WE,Federal Contract Tower,0,3,3,15,21,0,5,49,17,71,0,8,52,32,92,66,14,80,172
07/23/2022,LMT,OR,ANM,WE,Federal Contract Tower,0,1,2,0,3,0,2,46,0,48,0,3,48,0,51,38,0,38,89
07/24/2022,LMT,OR,ANM,WE,Federal Contract Tower,0,0,5,0,5,0,0,25,0,25,0,0,30,0,30,42,0,42,72
07/25/2022,LMT,OR,ANM,WE,Federal Contract Tower,0,2,4,17,23,0,6,25,16,47,0,8,29,33,70,32,26,58,128
07/26/2022,LMT,OR,ANM,WE,Federal Contract Tower,0,5,0,18,23,0,2,33,16,51,0,7,33,34,74,52,12,64,138
07/27/2022,LMT,OR,ANM,WE,Federal Contract Tower,0,3,6,23,32,0,1,39,20,60,0,4,45,43,92,8,18,26,118
07/28/2022,LMT,OR,ANM,WE,Federal Contract Tower,0,7,8,12,27,0,5,20,11,36,0,12,28,23,63,34,22,56,119
07/29/2022,LMT,OR,ANM,WE,Federal Contract Tower,0,4,4,11,19,0,4,22,8,34,0,8,26,19,53,44,12,56,109
07/30/2022,LMT,OR,ANM,WE,Federal Contract Tower,0,3,1,0,4,0,3,36,0,39,0,6,37,0,43,66,0,66,109
07/31/2022,LMT,OR,ANM,WE,Federal Contract Tower,0,2,1,1,4,0,0,20,0,20,0,2,21,1,24,61,0,61,85
08/01/2022,LMT,OR,ANM,WE,Federal Contract Tower,0,7,5,19,31,0,2,31,8,41,0,9,36,27,72,46,6,52,124
08/02/2022,LMT,OR,ANM,WE,Federal Contract Tower,0,5,3,11,19,0,4,22,10,36,0,9,25,21,55,82,4,86,141
08/03/2022,LMT,OR,ANM,WE,Federal Contract Tower,0,4,7,22,33,0,11,53,12,76,0,15,60,34,109,104,35,139,248
08/04/2022,LMT,OR,ANM,WE,Federal Contract Tower,0,3,1,20,24,0,10,22,17,49,0,13,23,37,73,92,26,118,191
08/05/2022,LMT,OR,ANM,WE,Federal Contract Tower,0,6,6,0,12,0,0,40,6,46,0,6,46,6,58,115,0,115,173
08/06/2022,LMT,OR,ANM,WE,Federal Contract Tower,0,9,10,0,19,0,2,42,0,44,0,11,52,0,63,115,0,115,178
08/07/2022,LMT,OR,ANM,WE,Federal Contract Tower,0,3,8,4,15,0,0,20,0,20,0,3,28,4,35,96,12,108,143
08/08/2022,LMT,OR,ANM,WE,Federal Contract Tower,0,3,1,0,4,0,15,30,0,45,0,18,31,0,49,22,0,22,71
08/09/2022,LMT,OR,ANM,WE,Federal Contract Tower,0,6,4,14,24,0,11,28,12,51,0,17,32,26,75,49,6,55,130
08/10/2022,LMT,OR,ANM,WE,Federal Contract Tower,0,6,10,11,27,0,35,23,11,69,0,41,33,22,96,78,16,94,190
08/11/2022,LMT,OR,ANM,WE,Federal Contract Tower,0,3,14,10,27,0,4,33,10,47,0,7,47,20,74,68,14,82,156
08/12/2022,LMT,OR,ANM,WE,Federal Contract Tower,0,4,2,8,14,0,0,49,5,54,0,4,51,13,68,44,0,44,112
08/13/2022,LMT,OR,ANM,WE,Federal Contract Tower,0,6,4,1,11,0,1,48,0,49,0,7,52,1,60,86,0,86,146
08/14/2022,LMT,OR,ANM,WE,Federal Contract Tower,0,1,5,0,6,0,12,33,1,46,0,13,38,1,52,110,0,110,162
08/15/2022,LMT,OR,ANM,WE,Federal Contract Tower,0,6,6,6,18,0,0,29,0,29,0,6,35,6,47,68,2,70,117
08/16/2022,LMT,OR,ANM,WE,Federal Contract Tower,0,5,14,10,29,0,7,39,6,52,0,12,53,16,81,66,4,70,151
08/17/2022,LMT,OR,ANM,WE,Federal Contract Tower,0,4,6,8,18,0,2,22,6,30,0,6,28,14,48,44,2,46,94
08/18/2022,LMT,OR,ANM,WE,Federal Contract Tower,0,8,3,13,24,0,1,39,3,43,0,9,42,16,67,61,2,63,130
08/19/2022,LMT,OR,ANM,WE,Federal Contract Tower,0,6,4,7,17,0,1,65,9,75,0,7,69,16,92,52,8,60,152
08/20/2022,LMT,OR,ANM,WE,Federal Contract Tower,0,4,6,0,10,0,5,39,0,44,0,9,45,0,54,80,0,80,134
08/21/2022,LMT,OR,ANM,WE,Federal Contract Tower,0,0,3,0,3,4,2,47,0,53,4,2,50,0,56,84,0,84,140
08/22/2022,LMT,OR,ANM,WE,Federal Contract Tower,0,5,3,20,28,0,6,33,12,51,0,11,36,32,79,47,18,65,144
08/23/2022,LMT,OR,ANM,WE,Federal Contract Tower,0,2,2,15,19,0,21,53,8,82,0,23,55,23,101,106,26,132,233
08/24/2022,LMT,OR,ANM,WE,Federal Contract Tower,0,10,3,9,22,0,0,18,9,27,0,10,21,18,49,8,16,24,73
08/25/2022,LMT,OR,ANM,WE,Federal Contract Tower,0,3,8,24,35,0,1,55,15,71,0,4,63,39,106,40,18,58,164
08/26/2022,LMT,OR,ANM,WE,Federal Contract Tower,0,5,6,2,13,0,8,43,0,51,0,13,49,2,64,42,0,42,106
08/28/2022,LMT,OR,ANM,WE,Federal Contract Tower,0,0,1,0,1,0,0,46,0,46,0,0,47,0,47,92,0,92,139
08/29/2022,LMT,OR,ANM,WE,Federal Contract Tower,0,4,3,17,24,0,9,31,19,59,0,13,34,36,83,108,12,120,203
08/30/2022,LMT,OR,ANM,WE,Federal Contract Tower,0,6,2,21,29,0,2,31,12,45,0,8,33,33,74,45,10,55,129
08/31/2022,LMT,OR,ANM,WE,Federal Contract Tower,0,6,3,14,23,0,4,34,15,53,0,10,37,29,76,52,16,68,144
09/01/2022,LMT,OR,ANM,WE,Federal Contract Tower,0,8,3,7,18,0,6,39,12,57,0,14,42,19,75,56,2,58,133
09/02/2022,LMT,OR,ANM,WE,Federal Contract Tower,0,11,7,0,18,0,34,23,2,59,0,45,30,2,77,58,0,58,135
09/03/2022,LMT,OR,ANM,WE,Federal Contract Tower,0,3,0,0,3,0,22,34,0,56,0,25,34,0,59,176,0,176,235
09/04/2022,LMT,OR,ANM,WE,Federal Contract Tower,0,2,2,0,4,0,3,24,0,27,0,5,26,0,31,44,0,44,75
09/05/2022,LMT,OR,ANM,WE,Federal Contract Tower,0,0,12,0,12,0,0,44,0,44,0,0,56,0,56,103,0,103,159
09/06/2022,LMT,OR,ANM,WE,Federal Contract Tower,0,4,3,13,20,0,1,26,14,41,0,5,29,27,61,10,2,12,73
09/07/2022,LMT,OR,ANM,WE,Federal Contract Tower,0,9,4,13,26,0,100,31,5,136,0,109,35,18,162,14,4,18,180
09/08/2022,LMT,OR,ANM,WE,Federal Contract Tower,0,9,4,28,41,0,97,9,3,109,0,106,13,31,150,0,0,0,150
09/09/2022,LMT,OR,ANM,WE,Federal Contract Tower,0,6,2,8,16,0,57,33,11,101,0,63,35,19,117,4,0,4,121
09/10/2022,LMT,OR,ANM,WE,Federal Contract Tower,0,4,2,11,17,0,17,19,10,46,0,21,21,21,63,16,10,26,89
09/11/2022,LMT,OR,ANM,WE,Federal Contract Tower,0,0,3,6,9,0,3,10,4,17,0,3,13,10,26,2,10,12,38
09/12/2022,LMT,OR,ANM,WE,Federal Contract Tower,0,5,2,11,18,0,11,18,0,29,0,16,20,11,47,30,36,66,113
09/13/2022,LMT,OR,ANM,WE,Federal Contract Tower,0,9,3,16,28,0,9,38,14,61,0,18,41,30,89,17,48,65,154
09/14/2022,LMT,OR,ANM,WE,Federal Contract Tower,0,12,0,27,39,0,1,24,11,36,0,13,24,38,75,36,24,60,135
09/15/2022,LMT,OR,ANM,WE,Federal Contract Tower,0,5,5,24,34,0,3,45,8,56,0,8,50,32,90,38,28,66,156
09/16/2022,LMT,OR,ANM,WE,Federal Contract Tower,0,6,4,9,19,0,0,31,9,40,0,6,35,18,59,60,14,74,133
09/17/2022,LMT,OR,ANM,WE,Federal Contract Tower,0,2,3,0,5,0,1,30,0,31,0,3,33,0,36,13,0,13,49
09/18/2022,LMT,OR,ANM,WE,Federal Contract Tower,0,1,1,0,2,0,0,20,0,20,0,1,21,0,22,76,0,76,98
09/19/2022,LMT,OR,ANM,WE,Federal Contract Tower,0,5,9,30,44,0,1,27,6,34,0,6,36,36,78,40,32,72,150
09/20/2022,LMT,OR,ANM,WE,Federal Contract Tower,0,8,0,21,29,0,1,28,4,33,0,9,28,25,62,96,12,108,170
09/21/2022,LMT,OR,ANM,WE,Federal Contract Tower,0,4,3,16,23,0,0,23,1,24,0,4,26,17,47,22,0,22,69
09/22/2022,LMT,OR,ANM,WE,Federal Contract Tower,9,5,8,0,22,2,36,4,0,42,11,41,12,0,64,42,0,42,106
09/23/2022,LMT,OR,ANM,WE,Federal Contract Tower,0,4,6,8,18,0,0,37,8,45,0,4,43,16,63,54,0,54,117
09/24/2022,LMT,OR,ANM,WE,Federal Contract Tower,0,1,2,0,3,0,2,32,0,34,0,3,34,0,37,24,0,24,61
09/25/2022,LMT,OR,ANM,WE,Federal Contract Tower,0,0,5,0,5,0,0,35,0,35,0,0,40,0,40,89,0,89,129
09/26/2022,LMT,OR,ANM,WE,Federal Contract Tower,0,3,3,0,6,0,1,26,0,27,0,4,29,0,33,80,0,80,113
09/27/2022,LMT,OR,ANM,WE,Federal Contract Tower,0,6,1,13,20,0,4,34,21,59,0,10,35,34,79,56,16,72,151
09/28/2022,LMT,OR,ANM,WE,Federal Contract Tower,0,4,1,18,23,0,2,56,20,78,0,6,57,38,101,46,16,62,163
09/29/2022,LMT,OR,ANM,WE,Federal Contract Tower,0,4,14,25,43,0,2,37,0,39,0,6,51,25,82,66,8,74,156
09/30/2022,LMT,OR,ANM,WE,Federal Contract Tower,0,8,4,0,12,0,1,45,0,46,0,9,49,0,58,34,0,34,92
10/01/2022,LMT,OR,ANM,WE,Federal Contract Tower,0,2,3,0,5,0,3,44,0,47,0,5,47,0,52,34,0,34,86
10/02/2022,LMT,OR,ANM,WE,Federal Contract Tower,0,0,1,0,1,0,0,21,0,21,0,0,22,0,22,52,0,52,74
10/03/2022,LMT,OR,ANM,WE,Federal Contract Tower,0,1,2,21,24,0,5,32,18,55,0,6,34,39,79,118,18,136,215
10/04/2022,LMT,OR,ANM,WE,Federal Contract Tower,0,3,4,31,38,0,2,24,19,45,0,5,28,50,83,52,16,68,151
10/05/2022,LMT,OR,ANM,WE,Federal Contract Tower,0,4,5,24,33,0,8,29,21,58,0,12,34,45,91,24,52,76,167
10/06/2022,LMT,OR,ANM,WE,Federal Contract Tower,0,2,1,15,18,0,2,33,14,49,0,4,34,29,67,32,58,90,157
10/07/2022,LMT,OR,ANM,WE,Federal Contract Tower,0,0,5,13,18,0,5,37,7,49,0,5,42,20,67,12,32,44,111
10/08/2022,LMT,OR,ANM,WE,Federal Contract Tower,0,3,1,0,4,0,3,52,0,55,0,6,53,0,59,72,0,72,131
10/09/2022,LMT,OR,ANM,WE,Federal Contract Tower,0,0,1,0,1,0,2,39,0,41,0,2,40,0,42,54,0,54,96
10/10/2022,LMT,OR,ANM,WE,Federal Contract Tower,0,5,0,2,7,0,2,34,16,52,0,7,34,18,59,53,0,53,112
10/11/2022,LMT,OR,ANM,WE,Federal Contract Tower,0,7,1,29,37,0,1,28,21,50,0,8,29,50,87,56,24,80,167
10/12/2022,LMT,OR,ANM,WE,Federal Contract Tower,0,6,3,24,33,0,5,34,24,63,0,11,37,48,96,56,24,80,176
10/13/2022,LMT,OR,ANM,WE,Federal Contract Tower,0,3,3,21,27,0,1,24,19,44,0,4,27,40,71,89,50,139,210
10/14/2022,LMT,OR,ANM,WE,Federal Contract Tower,0,5,2,7,14,0,6,34,27,67,0,11,36,34,81,104,4,108,189
10/15/2022,LMT,OR,ANM,WE,Federal Contract Tower,0,6,5,46,57,0,2,47,42,91,0,8,52,88,148,12,41,53,201
10/16/2022,LMT,OR,ANM,WE,Federal Contract Tower,0,2,3,8,13,0,0,42,8,50,0,2,45,16,63,2,8,10,73
10/17/2022,LMT,OR,ANM,WE,Federal Contract Tower,0,4,3,0,7,0,0,47,0,47,0,4,50,0,54,40,0,40,94
10/18/2022,LMT,OR,ANM,WE,Federal Contract Tower,0,6,3,44,53,0,2,46,33,81,0,8,49,77,134,17,41,58,192
10/19/2022,LMT,OR,ANM,WE,Federal Contract Tower,0,7,10,42,59,0,3,38,35,76,0,10,48,77,135,52,16,68,203
10/20/2022,LMT,OR,ANM,WE,Federal Contract Tower,0,7,1,53,61,0,3,30,28,61,0,10,31,81,122,8,36,44,166
10/21/2022,LMT,OR,ANM,WE,Federal Contract Tower,0,4,2,24,30,0,2,34,25,61,0,6,36,49,91,28,10,38,129
10/22/2022,LMT,OR,ANM,WE,Federal Contract Tower,0,4,0,0,4,0,0,2,0,2,0,4,2,0,6,20,0,20,26
10/23/2022,LMT,OR,ANM,WE,Federal Contract Tower,0,1,2,2,5,0,0,16,0,16,0,1,18,2,21,14,0,14,35
10/24/2022,LMT,OR,ANM,WE,Federal Contract Tower,0,5,1,83,89,0,0,12,3,15,0,5,13,86,104,0,12,12,116
10/25/2022,LMT,OR,ANM,WE,Federal Contract Tower,0,4,0,52,56,0,0,16,42,58,0,4,16,94,114,24,28,52,166
10/26/2022,LMT,OR,ANM,WE,Federal Contract Tower,0,9,2,60,71,0,0,22,52,74,0,9,24,112,145,12,14,26,171
10/27/2022,LMT,OR,ANM,WE,Federal Contract Tower,0,3,4,31,38,0,0,35,29,64,0,3,39,60,102,8,8,16,118
10/28/2022,LMT,OR,ANM,WE,Federal Contract Tower,0,5,4,27,36,0,1,18,10,29,0,6,22,37,65,10,10,20,85
10/29/2022,LMT,OR,ANM,WE,Federal Contract Tower,0,3,0,0,3,0,2,24,0,26,0,5,24,0,29,56,0,56,85
10/30/2022,LMT,OR,ANM,WE,Federal Contract Tower,0,0,2,0,2,0,0,34,0,34,0,0,36,0,36,41,0,41,77
10/31/2022,LMT,OR,ANM,WE,Federal Contract Tower,0,3,7,9,19,0,2,20,0,22,0,5,27,9,41,24,14,38,79
11/01/2022,LMT,OR,ANM,WE,Federal Contract Tower,0,6,3,32,41,0,0,1,0,1,0,6,4,32,42,2,0,2,44
11/02/2022,LMT,OR,ANM,WE,Federal Contract Tower,0,7,3,30,40,0,0,6,2,8,0,7,9,32,48,18,0,18,66
11/03/2022,LMT,OR,ANM,WE,Federal Contract Tower,0,6,3,25,34,0,2,41,9,52,0,8,44,34,86,12,58,70,156
11/04/2022,LMT,OR,ANM,WE,Federal Contract Tower,0,8,1,34,43,0,2,12,11,25,0,10,13,45,68,22,4,26,94
11/05/2022,LMT,OR,ANM,WE,Federal Contract Tower,0,6,5,14,25,0,0,2,4,6,0,6,7,18,31,0,10,10,41
11/06/2022,LMT,OR,ANM,WE,Federal Contract Tower,0,0,5,18,23,0,0,3,6,9,0,0,8,24,32,12,14,26,58
11/07/2022,LMT,OR,ANM,WE,Federal Contract Tower,0,6,6,2,14,0,0,14,0,14,0,6,20,2,28,16,0,16,44
11/08/2022,LMT,OR,ANM,WE,Federal Contract Tower,0,10,1,0,11,0,0,0,0,0,0,10,1,0,11,0,0,0,11
11/09/2022,LMT,OR,ANM,WE,Federal Contract Tower,0,6,1,28,35,0,0,23,8,31,0,6,24,36,66,20,2,22,88
11/10/2022,LMT,OR,ANM,WE,Federal Contract Tower,0,5,2,22,29,0,0,5,3,8,0,5,7,25,37,16,0,16,53
11/11/2022,LMT,OR,ANM,WE,Federal Contract Tower,0,8,0,0,8,0,3,11,4,18,0,11,11,4,26,10,0,10,36
11/12/2022,LMT,OR,ANM,WE,Federal Contract Tower,0,5,4,2,11,0,6,16,3,25,0,11,20,5,36,56,8,64,100
11/13/2022,LMT,OR,ANM,WE,Federal Contract Tower,0,0,2,0,2,0,0,33,3,36,0,0,35,3,38,46,0,46,84
11/14/2022,LMT,OR,ANM,WE,Federal Contract Tower,0,3,5,28,36,0,0,30,10,40,0,3,35,38,76,20,72,92,168
11/15/2022,LMT,OR,ANM,WE,Federal Contract Tower,0,9,1,22,32,0,1,28,28,57,0,10,29,50,89,16,36,52,141
11/16/2022,LMT,OR,ANM,WE,Federal Contract Tower,0,5,4,28,37,0,1,39,19,59,0,6,43,47,96,40,30,70,166
11/17/2022,LMT,OR,ANM,WE,Federal Contract Tower,0,7,0,12,19,0,0,36,6,42,0,7,36,18,61,42,4,46,107
11/18/2022,LMT,OR,ANM,WE,Federal Contract Tower,0,5,1,22,28,0,2,14,8,24,0,7,15,30,52,12,21,33,85
11/19/2022,LMT,OR,ANM,WE,Federal Contract Tower,0,5,11,0,16,0,0,42,0,42,0,5,53,0,58,112,0,112,170
11/20/2022,LMT,OR,ANM,WE,Federal Contract Tower,0,0,0,0,0,0,1,35,0,36,0,1,35,0,36,100,0,100,136
11/21/2022,LMT,OR,ANM,WE,Federal Contract Tower,0,4,2,34,40,0,1,28,10,39,0,5,30,44,79,42,18,60,139
11/22/2022,LMT,OR,ANM,WE,Federal Contract Tower,0,12,7,14,33,0,0,25,13,38,0,12,32,27,71,42,6,48,119
11/23/2022,LMT,OR,ANM,WE,Federal Contract Tower,0,11,1,1,13,0,2,11,1,14,0,13,12,2,27,16,0,16,43
11/24/2022,LMT,OR,ANM,WE,Federal Contract Tower,0,1,0,0,1,0,2,17,0,19,0,3,17,0,20,0,0,0,20
11/25/2022,LMT,OR,ANM,WE,Federal Contract Tower,0,5,3,0,8,0,2,16,0,18,0,7,19,0,26,18,0,18,44
11/26/2022,LMT,OR,ANM,WE,Federal Contract Tower,0,2,1,0,3,0,2,36,0,38,0,4,37,0,41,50,0,50,91
11/27/2022,LMT,OR,ANM,WE,Federal Contract Tower,0,2,4,0,6,0,0,17,0,17,0,2,21,0,23,8,0,8,31
11/28/2022,LMT,OR,ANM,WE,Federal Contract Tower,0,5,2,10,17,0,0,1,6,7,0,5,3,16,24,0,10,10,34
11/29/2022,LMT,OR,ANM,WE,Federal Contract Tower,0,9,2,24,35,0,1,10,21,32,0,10,12,45,67,24,28,52,119
11/30/2022,LMT,OR,ANM,WE,Federal Contract Tower,0,6,1,21,28,0,0,6,18,24,0,6,7,39,52,6,38,44,96
12/01/2022,LMT,OR,ANM,WE,Federal Contract Tower,0,7,1,12,20,0,1,2,12,15,0,8,3,24,35,0,58,58,93
12/02/2022,LMT,OR,ANM,WE,Federal Contract Tower,0,11,2,4,17,0,0,22,10,32,0,11,24,14,49,74,0,74,123
12/03/2022,LMT,OR,ANM,WE,Federal Contract Tower,0,3,0,0,3,0,0,15,0,15,0,3,15,0,18,26,2,28,46
12/04/2022,LMT,OR,ANM,WE,Federal Contract Tower,0,2,0,0,2,0,2,0,0,2,0,4,0,0,4,56,0,56,60
12/05/2022,LMT,OR,ANM,WE,Federal Contract Tower,0,5,2,0,7,0,0,4,2,6,0,5,6,2,13,20,0,20,33
12/06/2022,LMT,OR,ANM,WE,Federal Contract Tower,0,7,0,22,29,0,1,18,4,23,0,8,18,26,52,54,36,90,142
12/07/2022,LMT,OR,ANM,WE,Federal Contract Tower,0,11,2,20,33,0,0,0,0,0,0,11,2,20,33,0,0,0,33
12/08/2022,LMT,OR,ANM,WE,Federal Contract Tower,0,9,1,21,31,0,1,9,10,20,0,10,10,31,51,0,14,14,65
12/09/2022,LMT,OR,ANM,WE,Federal Contract Tower,0,8,6,2,16,0,0,3,0,3,0,8,9,2,19,14,2,16,35
12/10/2022,LMT,OR,ANM,WE,Federal Contract Tower,0,3,5,0,8,0,0,7,0,7,0,3,12,0,15,35,0,35,50
12/11/2022,LMT,OR,ANM,WE,Federal Contract Tower,0,0,7,0,7,0,0,4,0,4,0,0,11,0,11,10,0,10,21
12/12/2022,LMT,OR,ANM,WE,Federal Contract Tower,0,5,0,49,54,0,1,22,16,39,0,6,22,65,93,72,69,141,234
12/13/2022,LMT,OR,ANM,WE,Federal Contract Tower,0,0,20,0,20,0,0,0,0,0,0,0,20,0,20,0,0,0,20
12/14/2022,LMT,OR,ANM,WE,Federal Contract Tower,0,3,5,32,40,0,0,13,10,23,0,3,18,42,63,32,2,34,97
12/15/2022,LMT,OR,ANM,WE,Federal Contract Tower,0,12,0,0,12,0,0,0,0,0,0,12,0,0,12,0,0,0,12
12/17/2022,LMT,OR,ANM,WE,Federal Contract Tower,0,5,11,0,16,0,0,38,0,38,0,5,49,0,54,53,0,53,107
12/18/2022,LMT,OR,ANM,WE,Federal Contract Tower,0,0,4,0,4,0,0,18,0,18,0,0,22,0,22,58,0,58,80
12/19/2022,LMT,OR,ANM,WE,Federal Contract Tower,0,6,3,11,20,0,0,30,12,42,0,6,33,23,62,24,40,64,126
12/20/2022,LMT,OR,ANM,WE,Federal Contract Tower,0,7,0,27,34,0,0,11,2,13,0,7,11,29,47,4,2,6,53
12/21/2022,LMT,OR,ANM,WE,Federal Contract Tower,0,7,2,14,23,0,0,18,13,31,0,7,20,27,54,46,8,54,108
12/22/2022,LMT,OR,ANM,WE,Federal Contract Tower,0,8,3,2,13,0,0,3,0,3,0,8,6,2,16,20,0,20,36
12/23/2022,LMT,OR,ANM,WE,Federal Contract Tower,0,0,5,0,5,0,0,3,0,3,0,0,8,0,8,16,0,16,24
12/24/2022,LMT,OR,ANM,WE,Federal Contract Tower,0,2,0,0,2,0,0,0,0,0,0,2,0,0,2,0,0,0,2
12/25/2022,LMT,OR,ANM,WE,Federal Contract Tower,0,0,0,0,0,0,0,0,0,0,0,0,0,0,0,0,0,0,0
12/26/2022,LMT,OR,ANM,WE,Federal Contract Tower,0,4,0,0,4,0,0,8,0,8,0,4,8,0,12,0,0,0,12
12/27/2022,LMT,OR,ANM,WE,Federal Contract Tower,0,2,0,8,10,0,0,4,5,9,0,2,4,13,19,0,4,4,23
12/28/2022,LMT,OR,ANM,WE,Federal Contract Tower,0,9,5,9,23,0,0,10,6,16,0,9,15,15,39,11,22,33,72
12/29/2022,LMT,OR,ANM,WE,Federal Contract Tower,0,5,4,8,17,0,0,4,5,9,0,5,8,13,26,6,6,12,38
12/30/2022,LMT,OR,ANM,WE,Federal Contract Tower,0,10,4,0,14,0,0,0,0,0,0,10,4,0,14,0,0,0,14
12/31/2022,LMT,OR,ANM,WE,Federal Contract Tower,0,3,0,0,3,0,0,11,0,11,0,3,11,0,14,10,0,10,24
01/01/2023,LMT,OR,ANM,WE,Federal Contract Tower,0,0,9,0,9,0,0,20,0,20,0,0,29,0,29,18,0,18,47
01/02/2023,LMT,OR,ANM,WE,Federal Contract Tower,0,2,5,0,7,0,0,6,0,6,0,2,11,0,13,22,0,22,35
01/03/2023,LMT,OR,ANM,WE,Federal Contract Tower,0,7,4,0,11,0,2,15,0,17,0,9,19,0,28,14,0,14,42
01/04/2023,LMT,OR,ANM,WE,Federal Contract Tower,0,6,0,16,22,0,0,1,0,1,0,6,1,16,23,18,2,20,43
01/05/2023,LMT,OR,ANM,WE,Federal Contract Tower,0,15,7,28,50,0,0,7,5,12,0,15,14,33,62,26,4,30,92
01/06/2023,LMT,OR,ANM,WE,Federal Contract Tower,0,6,3,14,23,0,0,19,22,41,0,6,22,36,64,20,20,40,104
01/07/2023,LMT,OR,ANM,WE,Federal Contract Tower,0,3,1,24,28,0,0,1,8,9,0,3,2,32,37,0,0,0,37
01/08/2023,LMT,OR,ANM,WE,Federal Contract Tower,0,0,2,9,11,0,0,12,13,25,0,0,14,22,36,47,6,53,89
01/09/2023,LMT,OR,ANM,WE,Federal Contract Tower,0,6,2,1,9,0,0,17,0,17,0,6,19,1,26,13,0,13,39
01/10/2023,LMT,OR,ANM,WE,Federal Contract Tower,0,6,0,28,34,0,0,8,10,18,0,6,8,38,52,18,22,40,92
01/11/2023,LMT,OR,ANM,WE,Federal Contract Tower,0,6,0,0,6,0,0,1,0,1,0,6,1,0,7,68,0,68,75
01/12/2023,LMT,OR,ANM,WE,Federal Contract Tower,0,7,3,25,35,0,0,13,10,23,0,7,16,35,58,10,8,18,76
01/13/2023,LMT,OR,ANM,WE,Federal Contract Tower,0,6,1,12,19,0,0,11,6,17,0,6,12,18,36,22,8,30,66
01/14/2023,LMT,OR,ANM,WE,Federal Contract Tower,0,3,0,0,3,0,0,1,0,1,0,3,1,0,4,0,0,0,4
01/15/2023,LMT,OR,ANM,WE,Federal Contract Tower,0,1,3,0,4,0,0,5,0,5,0,1,8,0,9,0,0,0,9
01/16/2023,LMT,OR,ANM,WE,Federal Contract Tower,0,2,2,0,4,0,0,15,0,15,0,2,17,0,19,23,0,23,42
01/17/2023,LMT,OR,ANM,WE,Federal Contract Tower,0,7,1,0,8,0,3,18,33,54,0,10,19,33,62,24,8,32,94
01/18/2023,LMT,OR,ANM,WE,Federal Contract Tower,0,7,4,20,31,0,0,4,21,25,0,7,8,41,56,12,12,24,80
01/19/2023,LMT,OR,ANM,WE,Federal Contract Tower,0,4,3,12,19,0,0,21,10,31,0,4,24,22,50,60,6,66,116
01/20/2023,LMT,OR,ANM,WE,Federal Contract Tower,0,4,6,9,19,0,0,37,10,47,0,4,43,19,66,14,14,28,94
01/21/2023,LMT,OR,ANM,WE,Federal Contract Tower,0,6,3,2,11,0,2,35,0,37,0,8,38,2,48,66,0,66,114
01/22/2023,LMT,OR,ANM,WE,Federal Contract Tower,0,0,10,0,10,0,0,30,0,30,0,0,40,0,40,14,0,14,54
01/23/2023,LMT,OR,ANM,WE,Federal Contract Tower,0,5,11,0,16,0,0,39,0,39,0,5,50,0,55,16,0,16,71
01/24/2023,LMT,OR,ANM,WE,Federal Contract Tower,0,7,5,18,30,0,0,43,17,60,0,7,48,35,90,38,22,60,150
01/25/2023,LMT,OR,ANM,WE,Federal Contract Tower,0,7,6,10,23,0,1,40,14,55,0,8,46,24,78,0,10,10,88
01/26/2023,LMT,OR,ANM,WE,Federal Contract Tower,0,3,4,12,19,0,1,39,13,53,0,4,43,25,72,30,12,42,114
01/27/2023,LMT,OR,ANM,WE,Federal Contract Tower,0,10,0,6,16,0,2,22,8,32,0,12,22,14,48,26,8,34,82
01/28/2023,LMT,OR,ANM,WE,Federal Contract Tower,0,5,23,0,28,0,1,15,0,16,0,6,38,0,44,30,0,30,74
01/29/2023,LMT,OR,ANM,WE,Federal Contract Tower,0,0,5,2,7,0,0,9,0,9,0,0,14,2,16,28,0,28,44
01/30/2023,LMT,OR,ANM,WE,Federal Contract Tower,0,5,1,15,21,0,0,34,18,52,0,5,35,33,73,12,24,36,109
01/31/2023,LMT,OR,ANM,WE,Federal Contract Tower,0,4,5,16,25,0,1,21,10,32,0,5,26,26,57,10,20,30,87
02/01/2023,LMT,OR,ANM,WE,Federal Contract Tower,0,5,0,24,29,0,2,42,14,58,0,7,42,38,87,24,16,40,127
02/02/2023,LMT,OR,ANM,WE,Federal Contract Tower,0,5,1,15,21,0,1,27,16,44,0,6,28,31,65,12,8,20,85
02/03/2023,LMT,OR,ANM,WE,Federal Contract Tower,0,8,0,14,22,0,0,10,15,25,0,8,10,29,47,30,8,38,85
02/04/2023,LMT,OR,ANM,WE,Federal Contract Tower,0,3,4,17,24,0,0,20,22,42,0,3,24,39,66,30,6,36,102
02/05/2023,LMT,OR,ANM,WE,Federal Contract Tower,0,1,2,12,15,0,0,8,9,17,0,1,10,21,32,6,6,12,44
02/06/2023,LMT,OR,ANM,WE,Federal Contract Tower,0,4,1,0,5,0,2,30,7,39,0,6,31,7,44,26,0,26,70
02/07/2023,LMT,OR,ANM,WE,Federal Contract Tower,0,6,0,22,28,0,2,36,16,54,0,8,36,38,82,34,29,63,145
02/08/2023,LMT,OR,ANM,WE,Federal Contract Tower,0,8,4,13,25,0,7,26,20,53,0,15,30,33,78,4,16,20,98
02/09/2023,LMT,OR,ANM,WE,Federal Contract Tower,0,5,3,23,31,0,1,26,21,48,0,6,29,44,79,21,16,37,116
02/10/2023,LMT,OR,ANM,WE,Federal Contract Tower,0,3,4,13,20,0,1,23,10,34,0,4,27,23,54,8,16,24,78
02/11/2023,LMT,OR,ANM,WE,Federal Contract Tower,0,5,1,6,12,0,1,7,4,12,0,6,8,10,24,0,0,0,24
02/14/2023,LMT,OR,ANM,WE,Federal Contract Tower,0,9,4,10,23,0,2,15,10,27,0,11,19,20,50,26,12,38,88
02/15/2023,LMT,OR,ANM,WE,Federal Contract Tower,0,3,14,17,34,0,2,27,17,46,0,5,41,34,80,10,20,30,110
02/16/2023,LMT,OR,ANM,WE,Federal Contract Tower,0,6,1,18,25,0,1,32,8,41,0,7,33,26,66,30,12,42,108
02/17/2023,LMT,OR,ANM,WE,Federal Contract Tower,0,5,3,3,11,0,0,28,0,28,0,5,31,3,39,30,0,30,69
02/18/2023,LMT,OR,ANM,WE,Federal Contract Tower,0,3,4,0,7,0,0,38,0,38,0,3,42,0,45,84,0,84,129
02/19/2023,LMT,OR,ANM,WE,Federal Contract Tower,0,2,1,0,3,0,2,42,0,44,0,4,43,0,47,60,0,60,107
02/20/2023,LMT,OR,ANM,WE,Federal Contract Tower,0,3,8,0,11,0,1,38,0,39,0,4,46,0,50,28,0,28,78
02/21/2023,LMT,OR,ANM,WE,Federal Contract Tower,0,4,2,14,20,0,0,3,12,15,0,4,5,26,35,0,2,2,37
02/22/2023,LMT,OR,ANM,WE,Federal Contract Tower,0,5,0,15,20,0,0,1,12,13,0,5,1,27,33,22,14,36,69
02/23/2023,LMT,OR,ANM,WE,Federal Contract Tower,0,2,2,36,40,0,0,5,7,12,0,2,7,43,52,0,16,16,68
02/24/2023,LMT,OR,ANM,WE,Federal Contract Tower,0,3,5,29,37,0,0,5,0,5,0,3,10,29,42,2,2,4,46
02/25/2023,LMT,OR,ANM,WE,Federal Contract Tower,0,2,8,0,10,0,0,46,0,46,0,2,54,0,56,70,0,70,126
02/26/2023,LMT,OR,ANM,WE,Federal Contract Tower,0,1,1,0,2,0,0,1,0,1,0,1,2,0,3,0,0,0,3
02/27/2023,LMT,OR,ANM,WE,Federal Contract Tower,0,6,0,33,39,0,0,0,0,0,0,6,0,33,39,0,4,4,43
02/28/2023,LMT,OR,ANM,WE,Federal Contract Tower,0,1,3,0,4,0,0,1,0,1,0,1,4,0,5,40,0,40,45
03/01/2023,LMT,OR,ANM,WE,Federal Contract Tower,0,9,2,15,26,0,1,30,19,50,0,10,32,34,76,118,14,132,208
03/02/2023,LMT,OR,ANM,WE,Federal Contract Tower,0,3,1,25,29,0,0,12,7,19,0,3,13,32,48,144,8,152,200
03/03/2023,LMT,OR,ANM,WE,Federal Contract Tower,0,6,3,14,23,0,0,8,12,20,0,6,11,26,43,2,8,10,53
03/04/2023,LMT,OR,ANM,WE,Federal Contract Tower,0,5,1,13,19,0,0,0,0,0,0,5,1,13,19,0,0,0,19
03/05/2023,LMT,OR,ANM,WE,Federal Contract Tower,0,2,0,0,2,0,0,5,0,5,0,2,5,0,7,47,0,47,54
03/06/2023,LMT,OR,ANM,WE,Federal Contract Tower,0,2,0,2,4,0,4,25,0,29,0,6,25,2,33,66,0,66,99
03/07/2023,LMT,OR,ANM,WE,Federal Contract Tower,0,6,2,26,34,0,0,6,0,6,0,6,8,26,40,22,6,28,68
03/08/2023,LMT,OR,ANM,WE,Federal Contract Tower,0,6,2,9,17,0,0,30,6,36,0,6,32,15,53,20,8,28,81
03/09/2023,LMT,OR,ANM,WE,Federal Contract Tower,0,3,0,7,10,0,0,10,0,10,0,3,10,7,20,0,0,0,20
03/10/2023,LMT,OR,ANM,WE,Federal Contract Tower,0,3,2,0,5,0,0,12,0,12,0,3,14,0,17,104,0,104,121
03/11/2023,LMT,OR,ANM,WE,Federal Contract Tower,0,2,0,3,5,0,1,27,4,32,0,3,27,7,37,30,0,30,67
03/12/2023,LMT,OR,ANM,WE,Federal Contract Tower,0,0,1,1,2,0,0,1,0,1,0,0,2,1,3,4,0,4,7
03/13/2023,LMT,OR,ANM,WE,Federal Contract Tower,0,4,4,12,20,0,0,11,11,22,0,4,15,23,42,18,6,24,66
03/14/2023,LMT,OR,ANM,WE,Federal Contract Tower,0,2,2,0,4,0,0,0,0,0,0,2,2,0,4,0,0,0,4
03/15/2023,LMT,OR,ANM,WE,Federal Contract Tower,0,4,4,9,17,0,0,15,9,24,0,4,19,18,41,48,12,60,101
03/16/2023,LMT,OR,ANM,WE,Federal Contract Tower,0,4,8,10,22,0,0,59,12,71,0,4,67,22,93,64,8,72,165
03/17/2023,LMT,OR,ANM,WE,Federal Contract Tower,0,4,2,8,14,0,6,26,7,39,0,10,28,15,53,72,8,80,133
03/18/2023,LMT,OR,ANM,WE,Federal Contract Tower,0,4,3,3,10,0,0,47,1,48,0,4,50,4,58,98,0,98,156
03/19/2023,LMT,OR,ANM,WE,Federal Contract Tower,0,2,0,0,2,0,0,28,0,28,0,2,28,0,30,44,0,44,74
03/20/2023,LMT,OR,ANM,WE,Federal Contract Tower,0,5,3,0,8,0,0,17,0,17,0,5,20,0,25,60,0,60,85
03/21/2023,LMT,OR,ANM,WE,Federal Contract Tower,0,5,7,8,20,0,0,19,5,24,0,5,26,13,44,22,24,46,90
03/22/2023,LMT,OR,ANM,WE,Federal Contract Tower,0,6,12,8,26,0,1,18,10,29,0,7,30,18,55,38,28,66,121
03/23/2023,LMT,OR,ANM,WE,Federal Contract Tower,0,7,5,20,32,0,0,10,8,18,0,7,15,28,50,92,28,120,170
03/24/2023,LMT,OR,ANM,WE,Federal Contract Tower,0,5,1,1,7,0,0,8,0,8,0,5,9,1,15,70,0,70,85
03/25/2023,LMT,OR,ANM,WE,Federal Contract Tower,0,3,1,3,7,0,0,6,0,6,0,3,7,3,13,90,0,90,103
03/26/2023,LMT,OR,ANM,WE,Federal Contract Tower,0,4,2,2,8,0,0,22,0,22,0,4,24,2,30,28,0,28,58
03/27/2023,LMT,OR,ANM,WE,Federal Contract Tower,0,10,2,18,30,0,0,10,9,19,0,10,12,27,49,50,38,88,137
03/28/2023,LMT,OR,ANM,WE,Federal Contract Tower,0,4,0,0,4,0,0,5,0,5,0,4,5,0,9,32,0,32,41
03/29/2023,LMT,OR,ANM,WE,Federal Contract Tower,0,6,17,17,40,0,4,22,7,33,0,10,39,24,73,76,12,88,161
03/30/2023,LMT,OR,ANM,WE,Federal Contract Tower,0,9,9,15,33,0,0,18,6,24,0,9,27,21,57,92,18,110,167
03/31/2023,LMT,OR,ANM,WE,Federal Contract Tower,0,4,6,1,11,0,0,25,1,26,0,4,31,2,37,66,0,66,103
04/01/2023,LMT,OR,ANM,WE,Federal Contract Tower,0,5,3,0,8,0,0,1,0,1,0,5,4,0,9,4,0,4,13
04/02/2023,LMT,OR,ANM,WE,Federal Contract Tower,0,0,3,0,3,0,0,1,0,1,0,0,4,0,4,8,0,8,12
04/03/2023,LMT,OR,ANM,WE,Federal Contract Tower,0,3,2,31,36,0,1,15,4,20,0,4,17,35,56,72,22,94,150
04/04/2023,LMT,OR,ANM,WE,Federal Contract Tower,0,7,1,26,34,0,0,13,3,16,0,7,14,29,50,70,26,96,146
04/05/2023,LMT,OR,ANM,WE,Federal Contract Tower,0,4,3,21,28,0,0,39,9,48,0,4,42,30,76,18,42,60,136
04/06/2023,LMT,OR,ANM,WE,Federal Contract Tower,0,8,1,34,43,0,36,33,2,71,0,44,34,36,114,64,6,70,184
04/07/2023,LMT,OR,ANM,WE,Federal Contract Tower,0,4,10,10,24,0,0,19,12,31,0,4,29,22,55,40,4,44,99
04/08/2023,LMT,OR,ANM,WE,Federal Contract Tower,0,3,5,0,8,0,0,30,0,30,0,3,35,0,38,18,0,18,56
04/09/2023,LMT,OR,ANM,WE,Federal Contract Tower,0,0,2,0,2,0,0,19,0,19,0,0,21,0,21,28,0,28,49
04/10/2023,LMT,OR,ANM,WE,Federal Contract Tower,0,5,4,16,25,0,0,8,14,22,0,5,12,30,47,6,40,46,93
04/11/2023,LMT,OR,ANM,WE,Federal Contract Tower,0,6,2,19,27,0,0,11,14,25,0,6,13,33,52,2,50,52,104
04/12/2023,LMT,OR,ANM,WE,Federal Contract Tower,0,2,0,17,19,0,3,10,19,32,0,5,10,36,51,10,10,20,71
04/13/2023,LMT,OR,ANM,WE,Federal Contract Tower,0,4,5,28,37,0,0,30,8,38,0,4,35,36,75,30,38,68,143
04/14/2023,LMT,OR,ANM,WE,Federal Contract Tower,0,3,3,18,24,0,0,59,27,86,0,3,62,45,110,2,10,12,122
04/15/2023,LMT,OR,ANM,WE,Federal Contract Tower,0,2,1,18,21,0,2,26,18,46,0,4,27,36,67,6,50,56,123
04/16/2023,LMT,OR,ANM,WE,Federal Contract Tower,0,0,0,10,10,0,0,17,10,27,0,0,17,20,37,2,14,16,53
04/17/2023,LMT,OR,ANM,WE,Federal Contract Tower,0,4,3,0,7,0,0,7,0,7,0,4,10,0,14,24,0,24,38
04/18/2023,LMT,OR,ANM,WE,Federal Contract Tower,0,3,6,18,27,0,0,19,13,32,0,3,25,31,59,0,18,18,77
04/19/2023,LMT,OR,ANM,WE,Federal Contract Tower,0,4,3,29,36,0,2,23,9,34,0,6,26,38,70,36,10,46,116
04/20/2023,LMT,OR,ANM,WE,Federal Contract Tower,0,6,0,31,37,0,0,27,17,44,0,6,27,48,81,32,30,62,143
04/21/2023,LMT,OR,ANM,WE,Federal Contract Tower,0,4,4,15,23,0,0,30,8,38,0,4,34,23,61,40,8,48,109
04/22/2023,LMT,OR,ANM,WE,Federal Contract Tower,0,2,7,0,9,0,1,42,0,43,0,3,49,0,52,38,0,38,90
04/23/2023,LMT,OR,ANM,WE,Federal Contract Tower,0,0,0,0,0,0,0,21,0,21,0,0,21,0,21,4,0,4,25
04/24/2023,LMT,OR,ANM,WE,Federal Contract Tower,0,3,5,15,23,0,0,39,12,51,0,3,44,27,74,18,10,28,102
04/25/2023,LMT,OR,ANM,WE,Federal Contract Tower,0,3,0,17,20,0,4,25,26,55,0,7,25,43,75,10,18,28,103
04/26/2023,LMT,OR,ANM,WE,Federal Contract Tower,0,4,7,24,35,0,0,42,16,58,0,4,49,40,93,6,46,52,145
04/27/2023,LMT,OR,ANM,WE,Federal Contract Tower,0,10,3,27,40,0,1,42,9,52,0,11,45,36,92,20,56,76,168
04/28/2023,LMT,OR,ANM,WE,Federal Contract Tower,0,7,9,0,16,0,1,45,3,49,0,8,54,3,65,10,0,10,75
04/29/2023,LMT,OR,ANM,WE,Federal Contract Tower,0,3,2,0,5,0,0,49,0,49,0,3,51,0,54,30,0,30,84
04/30/2023,LMT,OR,ANM,WE,Federal Contract Tower,0,0,4,0,4,0,1,33,0,34,0,1,37,0,38,28,0,28,66
05/01/2023,LMT,OR,ANM,WE,Federal Contract Tower,0,4,7,25,36,0,2,13,16,31,0,6,20,41,67,32,8,40,107
05/02/2023,LMT,OR,ANM,WE,Federal Contract Tower,0,3,1,36,40,0,0,9,6,15,0,3,10,42,55,0,4,4,59
05/03/2023,LMT,OR,ANM,WE,Federal Contract Tower,0,8,10,29,47,0,1,36,5,42,0,9,46,34,89,10,12,22,111
05/04/2023,LMT,OR,ANM,WE,Federal Contract Tower,0,7,4,16,27,0,1,16,14,31,0,8,20,30,58,12,38,50,108
05/05/2023,LMT,OR,ANM,WE,Federal Contract Tower,0,8,3,36,47,0,0,19,15,34,0,8,22,51,81,20,34,54,135
05/06/2023,LMT,OR,ANM,WE,Federal Contract Tower,0,3,4,22,29,0,0,3,2,5,0,3,7,24,34,0,2,2,36
05/07/2023,LMT,OR,ANM,WE,Federal Contract Tower,0,0,5,0,5,0,0,15,0,15,0,0,20,0,20,62,0,62,82
05/08/2023,LMT,OR,ANM,WE,Federal Contract Tower,0,6,7,2,15,0,0,11,0,11,0,6,18,2,26,20,0,20,46
05/09/2023,LMT,OR,ANM,WE,Federal Contract Tower,0,6,5,22,33,0,3,36,21,60,0,9,41,43,93,50,46,96,189
05/10/2023,LMT,OR,ANM,WE,Federal Contract Tower,0,3,6,30,39,0,16,79,29,124,0,19,85,59,163,100,10,110,273
05/11/2023,LMT,OR,ANM,WE,Federal Contract Tower,0,4,0,40,44,0,1,38,22,61,0,5,38,62,105,26,16,42,147
05/12/2023,LMT,OR,ANM,WE,Federal Contract Tower,0,3,3,29,35,0,2,37,22,61,0,5,40,51,96,42,20,62,158
05/13/2023,LMT,OR,ANM,WE,Federal Contract Tower,0,5,3,0,8,0,0,28,0,28,0,5,31,0,36,14,0,14,50
05/14/2023,LMT,OR,ANM,WE,Federal Contract Tower,0,0,1,0,1,0,1,19,0,20,0,1,20,0,21,18,0,18,39
05/15/2023,LMT,OR,ANM,WE,Federal Contract Tower,0,3,4,31,38,0,3,24,27,54,0,6,28,58,92,32,22,54,146
05/16/2023,LMT,OR,ANM,WE,Federal Contract Tower,0,5,1,24,30,0,2,29,21,52,0,7,30,45,82,24,6,30,112
05/17/2023,LMT,OR,ANM,WE,Federal Contract Tower,0,3,4,30,37,0,1,34,13,48,0,4,38,43,85,16,18,34,119
05/18/2023,LMT,OR,ANM,WE,Federal Contract Tower,0,5,6,36,47,0,0,26,20,46,0,5,32,56,93,65,6,71,164
05/19/2023,LMT,OR,ANM,WE,Federal Contract Tower,0,4,8,17,29,0,0,44,8,52,0,4,52,25,81,16,18,34,115
05/20/2023,LMT,OR,ANM,WE,Federal Contract Tower,0,1,9,0,10,0,5,19,0,24,0,6,28,0,34,16,0,16,50
05/21/2023,LMT,OR,ANM,WE,Federal Contract Tower,0,0,2,0,2,0,0,16,0,16,0,0,18,0,18,32,0,32,50
05/22/2023,LMT,OR,ANM,WE,Federal Contract Tower,0,3,14,13,30,0,1,41,17,59,0,4,55,30,89,26,6,32,121
05/23/2023,LMT,OR,ANM,WE,Federal Contract Tower,0,5,4,22,31,0,0,23,8,31,0,5,27,30,62,40,11,51,113
05/24/2023,LMT,OR,ANM,WE,Federal Contract Tower,0,7,3,23,33,0,1,40,20,61,0,8,43,43,94,86,10,96,190
05/25/2023,LMT,OR,ANM,WE,Federal Contract Tower,0,5,8,12,25,0,1,32,12,45,0,6,40,24,70,68,6,74,144
05/26/2023,LMT,OR,ANM,WE,Federal Contract Tower,0,3,1,0,4,0,1,11,0,12,0,4,12,0,16,0,0,0,16
05/27/2023,LMT,OR,ANM,WE,Federal Contract Tower,0,3,8,0,11,0,0,11,0,11,0,3,19,0,22,20,0,20,42
05/28/2023,LMT,OR,ANM,WE,Federal Contract Tower,0,2,1,0,3,0,0,3,0,3,0,2,4,0,6,6,0,6,12
05/29/2023,LMT,OR,ANM,WE,Federal Contract Tower,0,0,2,0,2,0,0,38,6,44,0,0,40,6,46,26,4,30,76
05/30/2023,LMT,OR,ANM,WE,Federal Contract Tower,0,7,1,30,38,0,3,36,7,46,0,10,37,37,84,48,16,64,148
05/31/2023,LMT,OR,ANM,WE,Federal Contract Tower,0,4,2,35,41,0,0,28,6,34,0,4,30,41,75,69,10,79,154
06/01/2023,LMT,OR,ANM,WE,Federal Contract Tower,0,5,5,28,38,0,0,28,8,36,0,5,33,36,74,34,12,46,120
06/02/2023,LMT,OR,ANM,WE,Federal Contract Tower,0,4,9,9,22,0,13,46,6,65,0,17,55,15,87,78,6,84,171
06/03/2023,LMT,OR,ANM,WE,Federal Contract Tower,0,3,2,6,11,0,2,55,11,68,0,5,57,17,79,30,6,36,115
06/04/2023,LMT,OR,ANM,WE,Federal Contract Tower,0,0,2,0,2,0,1,28,0,29,0,1,30,0,31,36,0,36,67
06/05/2023,LMT,OR,ANM,WE,Federal Contract Tower,0,9,6,0,15,0,1,37,0,38,0,10,43,0,53,44,0,44,97
06/06/2023,LMT,OR,ANM,WE,Federal Contract Tower,0,4,6,12,22,0,10,21,27,58,0,14,27,39,80,28,20,48,128
06/08/2023,LMT,OR,ANM,WE,Federal Contract Tower,0,6,6,9,21,0,22,24,24,70,0,28,30,33,91,32,6,38,129
06/09/2023,LMT,OR,ANM,WE,Federal Contract Tower,0,6,6,4,16,0,6,20,14,40,0,12,26,18,56,38,10,48,104
06/10/2023,LMT,OR,ANM,WE,Federal Contract Tower,0,3,5,0,8,0,0,52,0,52,0,3,57,0,60,44,0,44,104
06/11/2023,LMT,OR,ANM,WE,Federal Contract Tower,0,0,2,0,2,0,2,22,0,24,0,2,24,0,26,6,0,6,32
06/12/2023,LMT,OR,ANM,WE,Federal Contract Tower,0,3,5,3,11,0,0,55,24,79,0,3,60,27,90,69,10,79,169
06/13/2023,LMT,OR,ANM,WE,Federal Contract Tower,0,4,3,14,21,0,0,37,18,55,0,4,40,32,76,58,2,60,136
06/14/2023,LMT,OR,ANM,WE,Federal Contract Tower,0,6,3,6,15,0,0,48,24,72,0,6,51,30,87,20,12,32,119
06/15/2023,LMT,OR,ANM,WE,Federal Contract Tower,0,9,7,0,16,0,0,33,26,59,0,9,40,26,75,60,16,76,151
06/16/2023,LMT,OR,ANM,WE,Federal Contract Tower,0,4,3,6,13,0,1,33,6,40,0,5,36,12,53,36,6,42,95
06/17/2023,LMT,OR,ANM,WE,Federal Contract Tower,0,3,6,0,9,0,0,42,0,42,0,3,48,0,51,28,0,28,79
06/18/2023,LMT,OR,ANM,WE,Federal Contract Tower,0,1,1,0,2,0,0,23,0,23,0,1,24,0,25,4,0,4,29
06/19/2023,LMT,OR,ANM,WE,Federal Contract Tower,0,3,2,0,5,0,0,8,0,8,0,3,10,0,13,36,0,36,49
06/20/2023,LMT,OR,ANM,WE,Federal Contract Tower,0,6,7,7,20,0,1,25,12,38,0,7,32,19,58,30,6,36,94
06/21/2023,LMT,OR,ANM,WE,Federal Contract Tower,0,6,4,10,20,0,4,69,12,85,0,10,73,22,105,32,4,36,141
06/22/2023,LMT,OR,ANM,WE,Federal Contract Tower,0,5,2,7,14,0,11,53,21,85,0,16,55,28,99,62,8,70,169
06/23/2023,LMT,OR,ANM,WE,Federal Contract Tower,0,8,6,3,17,0,4,59,9,72,0,12,65,12,89,20,16,36,125
06/24/2023,LMT,OR,ANM,WE,Federal Contract Tower,0,4,1,0,5,0,3,38,0,41,0,7,39,0,46,51,0,51,97
06/25/2023,LMT,OR,ANM,WE,Federal Contract Tower,0,0,1,0,1,0,0,24,0,24,0,0,25,0,25,46,0,46,71
06/26/2023,LMT,OR,ANM,WE,Federal Contract Tower,0,3,0,12,15,0,21,36,13,70,0,24,36,25,85,40,10,50,135
06/27/2023,LMT,OR,ANM,WE,Federal Contract Tower,0,3,1,8,12,0,1,47,22,70,0,4,48,30,82,28,10,38,120
06/28/2023,LMT,OR,ANM,WE,Federal Contract Tower,0,6,7,12,25,0,3,45,23,71,0,9,52,35,96,22,16,38,134
06/29/2023,LMT,OR,ANM,WE,Federal Contract Tower,0,6,3,8,17,0,6,48,11,65,0,12,51,19,82,84,10,94,176
06/30/2023,LMT,OR,ANM,WE,Federal Contract Tower,0,4,0,0,4,0,7,66,0,73,0,11,66,0,77,84,0,84,161
07/01/2023,LMT,OR,ANM,WE,Federal Contract Tower,0,4,4,2,10,0,1,24,0,25,0,5,28,2,35,36,0,36,71
07/02/2023,LMT,OR,ANM,WE,Federal Contract Tower,0,0,5,0,5,0,0,15,0,15,0,0,20,0,20,6,0,6,26
07/03/2023,LMT,OR,ANM,WE,Federal Contract Tower,0,2,0,0,2,0,1,29,0,30,0,3,29,0,32,30,0,30,62
07/04/2023,LMT,OR,ANM,WE,Federal Contract Tower,0,1,1,0,2,0,2,28,4,34,0,3,29,4,36,24,2,26,62
07/05/2023,LMT,OR,ANM,WE,Federal Contract Tower,0,4,2,2,8,0,0,37,0,37,0,4,39,2,45,78,0,78,123
07/06/2023,LMT,OR,ANM,WE,Federal Contract Tower,0,5,0,16,21,0,6,56,19,81,0,11,56,35,102,50,28,78,180
07/07/2023,LMT,OR,ANM,WE,Federal Contract Tower,0,1,3,3,7,0,7,70,19,96,0,8,73,22,103,66,42,108,211
07/08/2023,LMT,OR,ANM,WE,Federal Contract Tower,0,2,3,0,5,0,16,54,0,70,0,18,57,0,75,82,0,82,157
07/09/2023,LMT,OR,ANM,WE,Federal Contract Tower,0,0,3,3,6,0,12,37,0,49,0,12,40,3,55,54,0,54,109
07/10/2023,LMT,OR,ANM,WE,Federal Contract Tower,0,2,4,14,20,0,4,50,16,70,0,6,54,30,90,30,26,56,146
07/11/2023,LMT,OR,ANM,WE,Federal Contract Tower,0,3,0,6,9,0,17,44,23,84,0,20,44,29,93,22,16,38,131
07/12/2023,LMT,OR,ANM,WE,Federal Contract Tower,0,3,0,6,9,0,5,41,23,69,0,8,41,29,78,34,4,38,116
07/13/2023,LMT,OR,ANM,WE,Federal Contract Tower,0,4,2,7,13,0,3,41,25,69,0,7,43,32,82,16,22,38,120
07/14/2023,LMT,OR,ANM,WE,Federal Contract Tower,0,3,0,0,3,0,5,47,14,66,0,8,47,14,69,64,8,72,141
07/15/2023,LMT,OR,ANM,WE,Federal Contract Tower,0,2,1,0,3,0,2,44,0,46,0,4,45,0,49,18,0,18,67
07/16/2023,LMT,OR,ANM,WE,Federal Contract Tower,0,0,2,0,2,0,3,39,0,42,0,3,41,0,44,18,0,18,62
07/17/2023,LMT,OR,ANM,WE,Federal Contract Tower,0,3,3,0,6,0,3,49,0,52,0,6,52,0,58,80,0,80,138
07/18/2023,LMT,OR,ANM,WE,Federal Contract Tower,0,3,3,7,13,0,10,43,21,74,0,13,46,28,87,8,4,12,99
07/19/2023,LMT,OR,ANM,WE,Federal Contract Tower,0,7,10,10,27,0,1,41,12,54,0,8,51,22,81,12,44,56,137
07/20/2023,LMT,OR,ANM,WE,Federal Contract Tower,0,3,5,24,32,0,2,39,10,51,0,5,44,34,83,28,14,42,125
07/21/2023,LMT,OR,ANM,WE,Federal Contract Tower,0,5,5,4,14,0,9,47,11,67,0,14,52,15,81,68,6,74,155
07/22/2023,LMT,OR,ANM,WE,Federal Contract Tower,0,2,8,0,10,0,77,33,0,110,0,79,41,0,120,22,0,22,142
07/23/2023,LMT,OR,ANM,WE,Federal Contract Tower,0,0,1,0,1,0,40,40,0,80,0,40,41,0,81,26,0,26,107
07/24/2023,LMT,OR,ANM,WE,Federal Contract Tower,0,3,3,8,14,0,6,39,24,69,0,9,42,32,83,24,22,46,129
07/25/2023,LMT,OR,ANM,WE,Federal Contract Tower,0,4,1,11,16,0,11,27,14,52,0,15,28,25,68,2,10,12,80
07/26/2023,LMT,OR,ANM,WE,Federal Contract Tower,0,7,2,3,12,0,3,31,21,55,0,10,33,24,67,16,22,38,105
07/27/2023,LMT,OR,ANM,WE,Federal Contract Tower,0,9,40,28,77,0,0,0,0,0,0,9,40,28,77,30,22,52,129
07/28/2023,LMT,OR,ANM,WE,Federal Contract Tower,0,9,6,6,21,0,4,44,8,56,0,13,50,14,77,32,22,54,131
07/29/2023,LMT,OR,ANM,WE,Federal Contract Tower,0,4,5,0,9,0,0,54,0,54,0,4,59,0,63,10,0,10,73
07/30/2023,LMT,OR,ANM,WE,Federal Contract Tower,0,0,21,0,21,0,0,37,2,39,0,0,58,2,60,24,0,24,84
07/31/2023,LMT,OR,ANM,WE,Federal Contract Tower,0,3,8,4,15,0,0,30,28,58,0,3,38,32,73,32,44,76,149
08/01/2023,LMT,OR,ANM,WE,Federal Contract Tower,0,5,5,10,20,0,6,43,15,64,0,11,48,25,84,10,20,30,114
08/02/2023,LMT,OR,ANM,WE,Federal Contract Tower,0,4,3,21,28,0,8,36,11,55,0,12,39,32,83,58,14,72,155
08/03/2023,LMT,OR,ANM,WE,Federal Contract Tower,0,9,5,15,29,0,3,26,19,48,0,12,31,34,77,36,26,62,139
08/04/2023,LMT,OR,ANM,WE,Federal Contract Tower,0,3,3,8,14,0,9,42,26,77,0,12,45,34,91,16,32,48,139
08/05/2023,LMT,OR,ANM,WE,Federal Contract Tower,0,3,5,11,19,0,14,28,14,56,0,17,33,25,75,56,14,70,145
08/06/2023,LMT,OR,ANM,WE,Federal Contract Tower,0,0,2,2,4,0,0,25,19,44,0,0,27,21,48,18,12,30,78
08/07/2023,LMT,OR,ANM,WE,Federal Contract Tower,0,3,2,21,26,0,7,35,0,42,0,10,37,21,68,18,38,56,124
08/08/2023,LMT,OR,ANM,WE,Federal Contract Tower,4,1,7,0,12,0,21,31,37,89,4,22,38,37,101,48,38,86,187
08/09/2023,LMT,OR,ANM,WE,Federal Contract Tower,0,3,6,4,13,0,4,46,33,83,0,7,52,37,96,28,14,42,138
08/10/2023,LMT,OR,ANM,WE,Federal Contract Tower,0,4,3,1,8,0,1,60,40,101,0,5,63,41,109,34,18,52,161
08/11/2023,LMT,OR,ANM,WE,Federal Contract Tower,0,2,3,5,10,0,5,39,21,65,0,7,42,26,75,32,6,38,113
08/12/2023,LMT,OR,ANM,WE,Federal Contract Tower,0,5,0,0,5,0,0,23,2,25,0,5,23,2,30,70,0,70,100
08/13/2023,LMT,OR,ANM,WE,Federal Contract Tower,0,0,1,0,1,0,0,18,0,18,0,0,19,0,19,2,0,2,21
08/14/2023,LMT,OR,ANM,WE,Federal Contract Tower,0,2,2,1,5,0,2,30,25,57,0,4,32,26,62,4,6,10,72
08/15/2023,LMT,OR,ANM,WE,Federal Contract Tower,0,4,7,6,17,0,10,34,19,63,0,14,41,25,80,22,16,38,118
08/16/2023,LMT,OR,ANM,WE,Federal Contract Tower,0,4,2,12,18,0,7,37,20,64,0,11,39,32,82,34,14,48,130
08/17/2023,LMT,OR,ANM,WE,Federal Contract Tower,0,4,3,6,13,0,7,24,25,56,0,11,27,31,69,20,20,40,109
08/18/2023,LMT,OR,ANM,WE,Federal Contract Tower,0,2,6,7,15,0,16,8,17,41,0,18,14,24,56,0,4,4,60
08/19/2023,LMT,OR,ANM,WE,Federal Contract Tower,0,2,2,0,4,0,17,14,0,31,0,19,16,0,35,50,0,50,85
08/20/2023,LMT,OR,ANM,WE,Federal Contract Tower,0,2,0,0,2,0,13,8,0,21,0,15,8,0,23,10,0,10,33
08/21/2023,LMT,OR,ANM,WE,Federal Contract Tower,0,4,0,0,4,0,2,10,0,12,0,6,10,0,16,6,0,6,22
08/22/2023,LMT,OR,ANM,WE,Federal Contract Tower,0,5,3,24,32,0,0,8,8,16,0,5,11,32,48,22,14,36,84
08/23/2023,LMT,OR,ANM,WE,Federal Contract Tower,0,3,7,2,12,0,6,13,16,35,0,9,20,18,47,24,4,28,75
08/24/2023,LMT,OR,ANM,WE,Federal Contract Tower,0,5,1,10,16,0,4,30,9,43,0,9,31,19,59,18,10,28,87
08/25/2023,LMT,OR,ANM,WE,Federal Contract Tower,0,5,2,2,9,0,13,25,10,48,0,18,27,12,57,24,4,28,85
08/26/2023,LMT,OR,ANM,WE,Federal Contract Tower,0,4,1,2,7,0,9,42,0,51,0,13,43,2,58,26,0,26,84
08/27/2023,LMT,OR,ANM,WE,Federal Contract Tower,0,0,2,0,2,0,2,29,0,31,0,2,31,0,33,30,0,30,63
08/28/2023,LMT,OR,ANM,WE,Federal Contract Tower,0,7,8,30,45,0,2,20,0,22,0,9,28,30,67,50,0,50,117
08/29/2023,LMT,OR,ANM,WE,Federal Contract Tower,0,3,3,21,27,0,7,29,24,60,0,10,32,45,87,36,6,42,129
08/30/2023,LMT,OR,ANM,WE,Federal Contract Tower,0,4,4,29,37,0,6,40,34,80,0,10,44,63,117,43,22,65,182
08/31/2023,LMT,OR,ANM,WE,Federal Contract Tower,0,4,5,5,14,0,1,46,24,71,0,5,51,29,85,44,12,56,141
