01/01/2020,LNK,NE,ACE,CE,Towers with Radar,8,15,11,0,34,0,2,21,0,23,8,17,32,0,57,8,0,8,65
01/02/2020,LNK,NE,ACE,CE,Towers with Radar,6,30,14,16,66,0,2,14,0,16,6,32,28,16,82,32,12,44,126
01/03/2020,LNK,NE,ACE,CE,Towers with Radar,6,29,32,13,80,0,3,27,0,30,6,32,59,13,110,4,8,12,122
01/04/2020,LNK,NE,ACE,CE,Towers with Radar,3,24,35,0,62,0,0,67,0,67,3,24,102,0,129,38,0,38,167
01/05/2020,LNK,NE,ACE,CE,Towers with Radar,2,32,18,2,54,0,0,21,0,21,2,32,39,2,75,32,0,32,107
01/06/2020,LNK,NE,ACE,CE,Towers with Radar,3,33,35,20,91,0,1,24,0,25,3,34,59,20,116,44,38,82,198
01/07/2020,LNK,NE,ACE,CE,Towers with Radar,4,23,34,33,94,0,5,46,17,68,4,28,80,50,162,76,26,102,264
01/08/2020,LNK,NE,ACE,CE,Towers with Radar,1,28,29,16,74,0,8,24,8,40,1,36,53,24,114,10,12,22,136
01/09/2020,LNK,NE,ACE,CE,Towers with Radar,4,33,36,19,92,0,8,57,4,69,4,41,93,23,161,52,14,66,227
01/10/2020,LNK,NE,ACE,CE,Towers with Radar,7,27,16,8,58,0,0,0,1,1,7,27,16,9,59,4,0,4,63
01/11/2020,LNK,NE,ACE,CE,Towers with Radar,3,14,30,0,47,0,0,37,3,40,3,14,67,3,87,44,0,44,131
01/12/2020,LNK,NE,ACE,CE,Towers with Radar,6,25,5,0,36,0,0,0,0,0,6,25,5,0,36,0,0,0,36
01/13/2020,LNK,NE,ACE,CE,Towers with Radar,4,33,22,2,61,0,0,0,0,0,4,33,22,2,61,0,0,0,61
01/14/2020,LNK,NE,ACE,CE,Towers with Radar,3,43,29,41,116,0,9,37,6,52,3,52,66,47,168,86,20,106,274
01/15/2020,LNK,NE,ACE,CE,Towers with Radar,3,46,27,41,117,0,6,18,13,37,3,52,45,54,154,6,36,42,196
01/16/2020,LNK,NE,ACE,CE,Towers with Radar,4,45,48,32,129,0,12,32,8,52,4,57,80,40,181,38,24,62,243
01/17/2020,LNK,NE,ACE,CE,Towers with Radar,4,17,8,2,31,0,0,0,0,0,4,17,8,2,31,0,0,0,31
01/18/2020,LNK,NE,ACE,CE,Towers with Radar,4,19,6,0,29,0,3,2,0,5,4,22,8,0,34,0,0,0,34
01/19/2020,LNK,NE,ACE,CE,Towers with Radar,4,18,12,0,34,0,1,6,0,7,4,19,18,0,41,2,0,2,43
01/20/2020,LNK,NE,ACE,CE,Towers with Radar,6,37,35,0,78,0,0,23,0,23,6,37,58,0,101,26,0,26,127
01/21/2020,LNK,NE,ACE,CE,Towers with Radar,3,23,47,20,93,0,0,48,0,48,3,23,95,20,141,60,26,86,227
01/22/2020,LNK,NE,ACE,CE,Towers with Radar,3,26,14,1,44,0,0,0,0,0,3,26,14,1,44,0,0,0,44
01/23/2020,LNK,NE,ACE,CE,Towers with Radar,6,28,8,0,42,0,0,0,0,0,6,28,8,0,42,0,0,0,42
01/24/2020,LNK,NE,ACE,CE,Towers with Radar,4,36,21,7,68,0,0,0,0,0,4,36,21,7,68,0,0,0,68
01/25/2020,LNK,NE,ACE,CE,Towers with Radar,5,26,5,0,36,0,0,0,0,0,5,26,5,0,36,0,0,0,36
01/26/2020,LNK,NE,ACE,CE,Towers with Radar,4,18,12,0,34,0,1,6,0,7,4,19,18,0,41,22,0,22,63
01/27/2020,LNK,NE,ACE,CE,Towers with Radar,5,44,26,16,91,0,0,4,0,4,5,44,30,16,95,6,0,6,101
01/28/2020,LNK,NE,ACE,CE,Towers with Radar,3,28,22,11,64,0,0,0,1,1,3,28,22,12,65,0,2,2,67
01/29/2020,LNK,NE,ACE,CE,Towers with Radar,3,34,31,21,89,0,0,0,0,0,3,34,31,21,89,2,2,4,93
01/30/2020,LNK,NE,ACE,CE,Towers with Radar,4,32,50,43,129,0,2,1,5,8,4,34,51,48,137,10,0,10,147
01/31/2020,LNK,NE,ACE,CE,Towers with Radar,6,31,25,16,78,0,0,6,6,12,6,31,31,22,90,40,0,40,130
02/01/2020,LNK,NE,ACE,CE,Towers with Radar,2,19,37,2,60,0,2,95,2,99,2,21,132,4,159,64,18,82,241
02/02/2020,LNK,NE,ACE,CE,Towers with Radar,2,26,19,4,51,0,0,55,0,55,2,26,74,4,106,32,6,38,144
02/03/2020,LNK,NE,ACE,CE,Towers with Radar,4,29,14,0,47,0,3,2,0,5,4,32,16,0,52,0,0,0,52
02/04/2020,LNK,NE,ACE,CE,Towers with Radar,3,26,34,34,97,0,0,23,0,23,3,26,57,34,120,32,12,44,164
02/05/2020,LNK,NE,ACE,CE,Towers with Radar,3,27,23,0,53,0,0,16,0,16,3,27,39,0,69,36,16,52,121
02/06/2020,LNK,NE,ACE,CE,Towers with Radar,3,37,42,38,120,0,16,63,9,88,3,53,105,47,208,84,24,108,316
02/07/2020,LNK,NE,ACE,CE,Towers with Radar,3,41,27,16,87,0,0,14,0,14,3,41,41,16,101,62,6,68,169
02/08/2020,LNK,NE,ACE,CE,Towers with Radar,3,23,27,0,53,0,7,76,1,84,3,30,103,1,137,118,0,118,255
02/09/2020,LNK,NE,ACE,CE,Towers with Radar,3,22,12,6,43,0,4,3,2,9,3,26,15,8,52,0,0,0,52
02/10/2020,LNK,NE,ACE,CE,Towers with Radar,7,29,28,30,94,0,5,46,7,58,7,34,74,37,152,26,22,48,200
02/11/2020,LNK,NE,ACE,CE,Towers with Radar,3,47,37,75,162,0,6,52,25,83,3,53,89,100,245,20,2,22,267
02/12/2020,LNK,NE,ACE,CE,Towers with Radar,2,47,25,29,103,0,3,19,8,30,2,50,44,37,133,80,12,92,225
02/13/2020,LNK,NE,ACE,CE,Towers with Radar,2,38,31,48,119,0,9,26,6,41,2,47,57,54,160,14,58,72,232
02/14/2020,LNK,NE,ACE,CE,Towers with Radar,4,42,29,22,97,0,7,9,3,19,4,49,38,25,116,0,4,4,120
02/15/2020,LNK,NE,ACE,CE,Towers with Radar,3,27,28,0,58,0,2,82,0,84,3,29,110,0,142,94,0,94,236
02/16/2020,LNK,NE,ACE,CE,Towers with Radar,1,27,32,0,60,0,3,29,0,32,1,30,61,0,92,12,0,12,104
02/17/2020,LNK,NE,ACE,CE,Towers with Radar,2,35,28,0,65,0,1,26,0,27,2,36,54,0,92,72,0,72,164
02/18/2020,LNK,NE,ACE,CE,Towers with Radar,1,34,54,35,124,0,0,62,1,63,1,34,116,36,187,66,10,76,263
02/19/2020,LNK,NE,ACE,CE,Towers with Radar,2,28,25,8,63,0,0,1,0,1,2,28,26,8,64,8,0,8,72
02/20/2020,LNK,NE,ACE,CE,Towers with Radar,1,37,46,45,129,0,8,57,14,79,1,45,103,59,208,100,46,146,354
02/21/2020,LNK,NE,ACE,CE,Towers with Radar,4,37,36,16,93,0,5,22,0,27,4,42,58,16,120,8,4,12,132
02/22/2020,LNK,NE,ACE,CE,Towers with Radar,3,22,40,12,77,0,0,88,2,90,3,22,128,14,167,56,20,76,243
02/23/2020,LNK,NE,ACE,CE,Towers with Radar,1,31,22,0,54,0,0,40,2,42,1,31,62,2,96,52,0,52,148
02/24/2020,LNK,NE,ACE,CE,Towers with Radar,2,35,41,36,114,0,1,49,0,50,2,36,90,36,164,60,48,108,272
02/25/2020,LNK,NE,ACE,CE,Towers with Radar,1,37,35,108,181,0,10,6,0,16,1,47,41,108,197,34,84,118,315
02/26/2020,LNK,NE,ACE,CE,Towers with Radar,2,43,32,28,105,0,15,32,2,49,2,58,64,30,154,20,36,56,210
02/27/2020,LNK,NE,ACE,CE,Towers with Radar,2,36,42,32,112,0,5,46,8,59,2,41,88,40,171,80,30,110,281
02/28/2020,LNK,NE,ACE,CE,Towers with Radar,5,32,28,37,102,0,1,63,1,65,5,33,91,38,167,22,16,38,205
02/29/2020,LNK,NE,ACE,CE,Towers with Radar,1,31,27,0,59,0,2,70,0,72,1,33,97,0,131,48,0,48,179
03/01/2020,LNK,NE,ACE,CE,Towers with Radar,1,31,24,1,57,0,2,42,0,44,1,33,66,1,101,72,0,72,173
03/02/2020,LNK,NE,ACE,CE,Towers with Radar,4,40,20,9,73,0,3,46,2,51,4,43,66,11,124,52,0,52,176
03/03/2020,LNK,NE,ACE,CE,Towers with Radar,3,31,38,27,99,0,3,35,2,40,3,34,73,29,139,12,8,20,159
03/04/2020,LNK,NE,ACE,CE,Towers with Radar,3,29,40,57,129,0,6,76,4,86,3,35,116,61,215,44,16,60,275
03/05/2020,LNK,NE,ACE,CE,Towers with Radar,2,39,27,37,105,0,6,9,8,23,2,45,36,45,128,26,12,38,166
03/06/2020,LNK,NE,ACE,CE,Towers with Radar,4,34,37,34,109,0,3,59,6,68,4,37,96,40,177,56,16,72,249
03/07/2020,LNK,NE,ACE,CE,Towers with Radar,0,27,19,2,48,0,4,16,0,20,0,31,35,2,68,0,0,0,68
03/08/2020,LNK,NE,ACE,CE,Towers with Radar,1,34,9,8,52,0,0,12,0,12,1,34,21,8,64,8,0,8,72
03/09/2020,LNK,NE,ACE,CE,Towers with Radar,2,35,29,34,100,0,0,1,1,2,2,35,30,35,102,0,0,0,102
03/10/2020,LNK,NE,ACE,CE,Towers with Radar,1,40,29,26,96,0,0,4,2,6,1,40,33,28,102,8,0,8,110
03/11/2020,LNK,NE,ACE,CE,Towers with Radar,1,39,35,24,99,0,8,36,4,48,1,47,71,28,147,20,4,24,171
03/12/2020,LNK,NE,ACE,CE,Towers with Radar,1,58,40,62,161,0,5,4,8,17,1,63,44,70,178,8,20,28,206
03/13/2020,LNK,NE,ACE,CE,Towers with Radar,1,40,29,21,91,0,4,31,1,36,1,44,60,22,127,16,4,20,147
03/14/2020,LNK,NE,ACE,CE,Towers with Radar,1,24,7,0,32,0,1,0,0,1,1,25,7,0,33,0,0,0,33
03/15/2020,LNK,NE,ACE,CE,Towers with Radar,0,34,26,0,60,0,0,1,0,1,0,34,27,0,61,22,0,22,83
03/16/2020,LNK,NE,ACE,CE,Towers with Radar,2,32,37,0,71,0,0,0,0,0,2,32,37,0,71,0,0,0,71
03/17/2020,LNK,NE,ACE,CE,Towers with Radar,1,33,36,19,89,0,2,22,3,27,1,35,58,22,116,38,4,42,158
03/18/2020,LNK,NE,ACE,CE,Towers with Radar,1,24,8,24,57,0,0,0,0,0,1,24,8,24,57,4,0,4,61
03/19/2020,LNK,NE,ACE,CE,Towers with Radar,1,25,8,22,56,0,0,0,0,0,1,25,8,22,56,0,0,0,56
03/20/2020,LNK,NE,ACE,CE,Towers with Radar,1,28,22,16,67,0,7,27,4,38,1,35,49,20,105,22,26,48,153
03/21/2020,LNK,NE,ACE,CE,Towers with Radar,0,18,38,0,56,0,0,69,0,69,0,18,107,0,125,70,0,70,195
03/22/2020,LNK,NE,ACE,CE,Towers with Radar,1,19,12,0,32,0,0,2,0,2,1,19,14,0,34,0,0,0,34
03/23/2020,LNK,NE,ACE,CE,Towers with Radar,1,22,21,13,57,0,2,0,3,5,1,24,21,16,62,0,0,0,62
03/24/2020,LNK,NE,ACE,CE,Towers with Radar,0,25,20,11,56,0,1,17,4,22,0,26,37,15,78,58,0,58,136
03/25/2020,LNK,NE,ACE,CE,Towers with Radar,0,33,17,24,74,0,6,32,3,41,0,39,49,27,115,12,0,12,127
03/26/2020,LNK,NE,ACE,CE,Towers with Radar,0,23,22,15,60,0,6,18,2,26,0,29,40,17,86,8,12,20,106
03/27/2020,LNK,NE,ACE,CE,Towers with Radar,0,26,23,4,53,0,0,0,0,0,0,26,23,4,53,0,0,0,53
03/28/2020,LNK,NE,ACE,CE,Towers with Radar,0,17,15,2,34,0,0,0,0,0,0,17,15,2,34,0,0,0,34
03/29/2020,LNK,NE,ACE,CE,Towers with Radar,0,22,15,0,37,0,0,59,2,61,0,22,74,2,98,28,6,34,132
03/30/2020,LNK,NE,ACE,CE,Towers with Radar,0,18,29,3,50,0,9,46,6,61,0,27,75,9,111,30,4,34,145
03/31/2020,LNK,NE,ACE,CE,Towers with Radar,0,15,16,4,35,0,3,52,4,59,0,18,68,8,94,80,14,94,188
04/01/2020,LNK,NE,ACE,CE,Towers with Radar,0,12,21,25,58,0,0,48,8,56,0,12,69,33,114,26,4,30,144
04/02/2020,LNK,NE,ACE,CE,Towers with Radar,0,11,12,16,39,0,0,9,0,9,0,11,21,16,48,38,20,58,106
04/03/2020,LNK,NE,ACE,CE,Towers with Radar,0,13,10,27,50,0,3,3,0,6,0,16,13,27,56,26,12,38,94
04/04/2020,LNK,NE,ACE,CE,Towers with Radar,0,9,16,0,25,0,0,54,0,54,0,9,70,0,79,56,0,56,135
04/05/2020,LNK,NE,ACE,CE,Towers with Radar,0,8,14,3,25,0,0,51,0,51,0,8,65,3,76,74,0,74,150
04/06/2020,LNK,NE,ACE,CE,Towers with Radar,0,11,29,17,57,0,3,23,0,26,0,14,52,17,83,42,8,50,133
04/07/2020,LNK,NE,ACE,CE,Towers with Radar,0,11,25,3,39,0,2,54,3,59,0,13,79,6,98,70,0,70,168
04/08/2020,LNK,NE,ACE,CE,Towers with Radar,0,16,19,9,44,0,7,44,6,57,0,23,63,15,101,27,0,27,128
04/09/2020,LNK,NE,ACE,CE,Towers with Radar,0,11,14,22,47,0,0,19,2,21,0,11,33,24,68,16,10,26,94
04/10/2020,LNK,NE,ACE,CE,Towers with Radar,0,14,12,7,33,0,0,75,2,77,0,14,87,9,110,86,0,86,196
04/11/2020,LNK,NE,ACE,CE,Towers with Radar,0,7,13,9,29,0,1,41,0,42,0,8,54,9,71,90,0,90,161
04/12/2020,LNK,NE,ACE,CE,Towers with Radar,0,2,1,0,3,0,0,0,0,0,0,2,1,0,3,0,0,0,3
04/13/2020,LNK,NE,ACE,CE,Towers with Radar,0,16,25,4,45,0,0,44,0,44,0,16,69,4,89,26,6,32,121
04/14/2020,LNK,NE,ACE,CE,Towers with Radar,0,9,28,3,40,0,1,45,1,47,0,10,73,4,87,42,6,48,135
04/15/2020,LNK,NE,ACE,CE,Towers with Radar,0,11,17,10,38,0,3,60,5,68,0,14,77,15,106,80,10,90,196
04/16/2020,LNK,NE,ACE,CE,Towers with Radar,0,8,7,8,23,0,0,1,0,1,0,8,8,8,24,0,0,0,24
04/17/2020,LNK,NE,ACE,CE,Towers with Radar,0,8,24,10,42,0,2,43,0,45,0,10,67,10,87,52,18,70,157
04/18/2020,LNK,NE,ACE,CE,Towers with Radar,0,11,16,1,28,0,0,25,3,28,0,11,41,4,56,10,0,10,66
04/19/2020,LNK,NE,ACE,CE,Towers with Radar,0,7,23,0,30,0,3,46,0,49,0,10,69,0,79,32,0,32,111
04/20/2020,LNK,NE,ACE,CE,Towers with Radar,0,9,11,0,20,0,6,41,0,47,0,15,52,0,67,50,0,50,117
04/21/2020,LNK,NE,ACE,CE,Towers with Radar,0,21,17,29,67,0,7,71,0,78,0,28,88,29,145,104,26,130,275
04/22/2020,LNK,NE,ACE,CE,Towers with Radar,0,11,25,10,46,0,0,42,0,42,0,11,67,10,88,46,8,54,142
04/23/2020,LNK,NE,ACE,CE,Towers with Radar,0,8,17,11,36,0,2,75,7,84,0,10,92,18,120,76,6,82,202
04/24/2020,LNK,NE,ACE,CE,Towers with Radar,0,12,27,6,45,0,3,18,0,21,0,15,45,6,66,36,24,60,126
04/25/2020,LNK,NE,ACE,CE,Towers with Radar,0,5,22,3,30,0,1,52,0,53,0,6,74,3,83,76,0,76,159
04/26/2020,LNK,NE,ACE,CE,Towers with Radar,0,8,18,2,28,0,0,55,0,55,0,8,73,2,83,60,0,60,143
04/27/2020,LNK,NE,ACE,CE,Towers with Radar,0,15,20,20,55,0,2,56,0,58,0,17,76,20,113,30,0,30,143
04/28/2020,LNK,NE,ACE,CE,Towers with Radar,0,11,22,13,46,0,1,16,2,19,0,12,38,15,65,30,0,30,95
04/29/2020,LNK,NE,ACE,CE,Towers with Radar,0,14,16,39,69,0,2,12,2,16,0,16,28,41,85,0,36,36,121
04/30/2020,LNK,NE,ACE,CE,Towers with Radar,0,12,26,24,62,0,0,85,7,92,0,12,111,31,154,192,14,206,360
05/01/2020,LNK,NE,ACE,CE,Towers with Radar,1,11,31,47,90,0,2,53,0,55,1,13,84,47,145,84,44,128,273
05/02/2020,LNK,NE,ACE,CE,Towers with Radar,2,9,12,0,23,0,1,35,0,36,2,10,47,0,59,48,0,48,107
05/03/2020,LNK,NE,ACE,CE,Towers with Radar,2,8,17,1,28,0,2,54,1,57,2,10,71,2,85,16,0,16,101
05/04/2020,LNK,NE,ACE,CE,Towers with Radar,4,8,19,2,33,0,2,12,0,14,4,10,31,2,47,0,6,6,53
05/05/2020,LNK,NE,ACE,CE,Towers with Radar,0,11,19,0,30,0,1,8,1,10,0,12,27,1,40,10,0,10,50
05/06/2020,LNK,NE,ACE,CE,Towers with Radar,2,11,40,26,79,0,3,37,4,44,2,14,77,30,123,62,26,88,211
05/07/2020,LNK,NE,ACE,CE,Towers with Radar,2,13,14,27,56,0,3,17,2,22,2,16,31,29,78,56,0,56,134
05/08/2020,LNK,NE,ACE,CE,Towers with Radar,2,12,41,18,73,0,2,53,4,59,2,14,94,22,132,44,22,66,198
05/09/2020,LNK,NE,ACE,CE,Towers with Radar,2,11,14,0,27,0,2,15,0,17,2,13,29,0,44,16,0,16,60
05/10/2020,LNK,NE,ACE,CE,Towers with Radar,2,10,18,0,30,0,0,13,0,13,2,10,31,0,43,16,0,16,59
05/11/2020,LNK,NE,ACE,CE,Towers with Radar,2,18,14,7,41,0,4,30,0,34,2,22,44,7,75,40,20,60,135
05/12/2020,LNK,NE,ACE,CE,Towers with Radar,2,18,14,12,46,0,9,24,0,33,2,27,38,12,79,26,42,68,147
05/13/2020,LNK,NE,ACE,CE,Towers with Radar,0,9,24,2,35,0,1,0,0,1,0,10,24,2,36,0,0,0,36
05/14/2020,LNK,NE,ACE,CE,Towers with Radar,2,17,34,6,59,0,4,6,3,13,2,21,40,9,72,10,2,12,84
05/15/2020,LNK,NE,ACE,CE,Towers with Radar,0,17,28,32,77,0,3,53,0,56,0,20,81,32,133,48,2,50,183
05/16/2020,LNK,NE,ACE,CE,Towers with Radar,2,11,6,0,19,0,2,2,0,4,2,13,8,0,23,34,0,34,57
05/17/2020,LNK,NE,ACE,CE,Towers with Radar,2,11,10,0,23,0,0,3,0,3,2,11,13,0,26,24,0,24,50
05/18/2020,LNK,NE,ACE,CE,Towers with Radar,2,25,39,10,76,0,1,19,2,22,2,26,58,12,98,72,0,72,170
05/19/2020,LNK,NE,ACE,CE,Towers with Radar,2,29,31,20,82,0,6,33,0,39,2,35,64,20,121,72,10,82,203
05/20/2020,LNK,NE,ACE,CE,Towers with Radar,0,28,42,14,84,0,9,11,4,24,0,37,53,18,108,62,2,64,172
05/21/2020,LNK,NE,ACE,CE,Towers with Radar,2,23,27,27,79,0,4,10,0,14,2,27,37,27,93,12,8,20,113
05/22/2020,LNK,NE,ACE,CE,Towers with Radar,0,16,16,3,35,0,0,0,0,0,0,16,16,3,35,0,0,0,35
05/23/2020,LNK,NE,ACE,CE,Towers with Radar,2,19,38,0,59,0,5,26,0,31,2,24,64,0,90,34,0,34,124
05/24/2020,LNK,NE,ACE,CE,Towers with Radar,2,8,9,0,19,0,1,16,0,17,2,9,25,0,36,20,0,20,56
05/25/2020,LNK,NE,ACE,CE,Towers with Radar,0,14,10,0,24,0,0,0,0,0,0,14,10,0,24,0,0,0,24
05/26/2020,LNK,NE,ACE,CE,Towers with Radar,2,16,22,6,46,0,6,2,0,8,2,22,24,6,54,10,0,10,64
05/27/2020,LNK,NE,ACE,CE,Towers with Radar,0,11,27,15,53,0,6,44,5,55,0,17,71,20,108,80,12,92,200
05/28/2020,LNK,NE,ACE,CE,Towers with Radar,2,13,16,20,51,0,6,35,9,50,2,19,51,29,101,14,24,38,139
05/29/2020,LNK,NE,ACE,CE,Towers with Radar,2,23,38,23,86,0,5,90,0,95,2,28,128,23,181,110,8,118,299
05/30/2020,LNK,NE,ACE,CE,Towers with Radar,2,12,12,0,26,0,0,21,0,21,2,12,33,0,47,22,0,22,69
05/31/2020,LNK,NE,ACE,CE,Towers with Radar,2,12,23,2,39,0,0,33,1,34,2,12,56,3,73,2,0,2,75
06/01/2020,LNK,NE,ACE,CE,Towers with Radar,0,27,43,14,84,0,1,22,2,25,0,28,65,16,109,12,0,12,121
06/02/2020,LNK,NE,ACE,CE,Towers with Radar,2,29,20,33,84,0,7,56,12,75,2,36,76,45,159,58,32,90,249
06/03/2020,LNK,NE,ACE,CE,Towers with Radar,2,19,21,6,48,0,7,58,4,69,2,26,79,10,117,126,6,132,249
06/04/2020,LNK,NE,ACE,CE,Towers with Radar,2,20,43,12,77,0,6,73,8,87,2,26,116,20,164,116,6,122,286
06/05/2020,LNK,NE,ACE,CE,Towers with Radar,4,17,33,7,61,0,2,55,3,60,4,19,88,10,121,46,2,48,169
06/06/2020,LNK,NE,ACE,CE,Towers with Radar,0,9,11,0,20,0,0,43,0,43,0,9,54,0,63,106,0,106,169
06/07/2020,LNK,NE,ACE,CE,Towers with Radar,2,17,13,0,32,0,0,9,2,11,2,17,22,2,43,0,0,0,43
06/08/2020,LNK,NE,ACE,CE,Towers with Radar,2,22,24,8,56,0,0,9,0,9,2,22,33,8,65,2,6,8,73
06/09/2020,LNK,NE,ACE,CE,Towers with Radar,2,13,21,8,44,0,3,19,2,24,2,16,40,10,68,8,0,8,76
06/10/2020,LNK,NE,ACE,CE,Towers with Radar,2,18,7,9,36,0,4,8,12,24,2,22,15,21,60,0,12,12,72
06/11/2020,LNK,NE,ACE,CE,Towers with Radar,2,23,56,17,98,0,8,97,12,117,2,31,153,29,215,80,11,91,306
06/12/2020,LNK,NE,ACE,CE,Towers with Radar,2,21,26,28,77,0,10,86,1,97,2,31,112,29,174,74,26,100,274
06/13/2020,LNK,NE,ACE,CE,Towers with Radar,0,6,23,0,29,0,2,56,0,58,0,8,79,0,87,60,0,60,147
06/14/2020,LNK,NE,ACE,CE,Towers with Radar,0,18,28,1,47,0,1,17,0,18,0,19,45,1,65,4,0,4,69
06/15/2020,LNK,NE,ACE,CE,Towers with Radar,4,32,26,14,76,0,1,35,2,38,4,33,61,16,114,58,10,68,182
06/16/2020,LNK,NE,ACE,CE,Towers with Radar,0,9,26,31,66,0,4,39,3,46,0,13,65,34,112,72,16,88,200
06/17/2020,LNK,NE,ACE,CE,Towers with Radar,2,20,40,50,112,0,0,35,1,36,2,20,75,51,148,14,20,34,182
06/18/2020,LNK,NE,ACE,CE,Towers with Radar,2,23,14,7,46,0,1,22,6,29,2,24,36,13,75,34,0,34,109
06/19/2020,LNK,NE,ACE,CE,Towers with Radar,2,15,33,6,56,0,0,35,0,35,2,15,68,6,91,146,4,150,241
06/20/2020,LNK,NE,ACE,CE,Towers with Radar,2,18,12,1,33,0,8,23,0,31,2,26,35,1,64,78,0,78,142
06/21/2020,LNK,NE,ACE,CE,Towers with Radar,2,14,17,0,33,0,0,15,0,15,2,14,32,0,48,38,0,38,86
06/22/2020,LNK,NE,ACE,CE,Towers with Radar,2,23,30,12,67,0,4,43,0,47,2,27,73,12,114,38,16,54,168
06/23/2020,LNK,NE,ACE,CE,Towers with Radar,2,16,42,21,81,0,4,80,2,86,2,20,122,23,167,78,10,88,255
06/24/2020,LNK,NE,ACE,CE,Towers with Radar,2,21,33,55,111,0,7,69,9,85,2,28,102,64,196,48,12,60,256
06/25/2020,LNK,NE,ACE,CE,Towers with Radar,0,35,35,31,101,0,7,60,4,71,0,42,95,35,172,64,22,86,258
06/26/2020,LNK,NE,ACE,CE,Towers with Radar,2,22,21,8,53,0,3,55,4,62,2,25,76,12,115,66,4,70,185
06/27/2020,LNK,NE,ACE,CE,Towers with Radar,2,16,10,0,28,0,2,67,4,73,2,18,77,4,101,62,0,62,163
06/28/2020,LNK,NE,ACE,CE,Towers with Radar,2,17,17,0,36,0,5,21,0,26,2,22,38,0,62,54,0,54,116
06/29/2020,LNK,NE,ACE,CE,Towers with Radar,2,25,28,6,61,0,0,14,0,14,2,25,42,6,75,92,6,98,173
06/30/2020,LNK,NE,ACE,CE,Towers with Radar,2,16,31,19,68,0,1,17,3,21,2,17,48,22,89,46,4,50,139
07/01/2020,LNK,NE,ACE,CE,Towers with Radar,2,21,21,14,58,0,6,67,1,74,2,27,88,15,132,96,0,96,228
07/02/2020,LNK,NE,ACE,CE,Towers with Radar,0,21,50,4,75,0,2,48,0,50,0,23,98,4,125,92,4,96,221
07/03/2020,LNK,NE,ACE,CE,Towers with Radar,0,18,26,1,45,0,0,50,0,50,0,18,76,1,95,46,0,46,141
07/04/2020,LNK,NE,ACE,CE,Towers with Radar,0,8,3,1,12,0,0,28,0,28,0,8,31,1,40,0,0,0,40
07/05/2020,LNK,NE,ACE,CE,Towers with Radar,1,20,25,0,46,0,3,22,1,26,1,23,47,1,72,6,0,6,78
07/06/2020,LNK,NE,ACE,CE,Towers with Radar,1,21,28,0,50,0,0,45,0,45,1,21,73,0,95,42,0,42,137
07/07/2020,LNK,NE,ACE,CE,Towers with Radar,0,16,38,38,92,0,3,85,1,89,0,19,123,39,181,42,22,64,245
07/08/2020,LNK,NE,ACE,CE,Towers with Radar,0,25,44,20,89,0,7,44,5,56,0,32,88,25,145,22,42,64,209
07/09/2020,LNK,NE,ACE,CE,Towers with Radar,0,25,36,27,88,0,4,53,7,64,0,29,89,34,152,52,0,52,204
07/10/2020,LNK,NE,ACE,CE,Towers with Radar,0,18,38,14,70,0,3,59,0,62,0,21,97,14,132,74,14,88,220
07/11/2020,LNK,NE,ACE,CE,Towers with Radar,0,19,17,0,36,0,4,45,0,49,0,23,62,0,85,48,0,48,133
07/12/2020,LNK,NE,ACE,CE,Towers with Radar,0,21,37,1,59,0,3,43,0,46,0,24,80,1,105,40,0,40,145
07/13/2020,LNK,NE,ACE,CE,Towers with Radar,0,25,33,42,100,0,2,40,4,46,0,27,73,46,146,52,20,72,218
07/14/2020,LNK,NE,ACE,CE,Towers with Radar,0,24,21,22,67,0,10,40,1,51,0,34,61,23,118,96,20,116,234
07/15/2020,LNK,NE,ACE,CE,Towers with Radar,0,27,20,28,75,0,1,9,1,11,0,28,29,29,86,52,0,52,138
07/16/2020,LNK,NE,ACE,CE,Towers with Radar,0,42,31,38,111,0,11,51,11,73,0,53,82,49,184,72,34,106,290
07/17/2020,LNK,NE,ACE,CE,Towers with Radar,0,32,38,27,97,0,7,45,5,57,0,39,83,32,154,46,18,64,218
07/18/2020,LNK,NE,ACE,CE,Towers with Radar,0,18,18,21,57,0,0,39,10,49,0,18,57,31,106,34,0,34,140
07/19/2020,LNK,NE,ACE,CE,Towers with Radar,0,24,24,2,50,0,8,37,9,54,0,32,61,11,104,24,0,24,128
07/20/2020,LNK,NE,ACE,CE,Towers with Radar,0,26,30,18,74,0,0,11,0,11,0,26,41,18,85,94,6,100,185
07/21/2020,LNK,NE,ACE,CE,Towers with Radar,0,26,24,58,108,0,12,32,4,48,0,38,56,62,156,108,20,128,284
07/22/2020,LNK,NE,ACE,CE,Towers with Radar,0,27,39,24,90,0,3,66,3,72,0,30,105,27,162,48,26,74,236
07/23/2020,LNK,NE,ACE,CE,Towers with Radar,0,23,37,65,125,0,7,58,7,72,0,30,95,72,197,40,34,74,271
07/24/2020,LNK,NE,ACE,CE,Towers with Radar,2,23,41,58,124,0,1,38,3,42,2,24,79,61,166,56,0,56,222
07/25/2020,LNK,NE,ACE,CE,Towers with Radar,0,17,26,0,43,0,15,39,2,56,0,32,65,2,99,48,0,48,147
07/26/2020,LNK,NE,ACE,CE,Towers with Radar,0,19,25,0,44,0,0,11,1,12,0,19,36,1,56,12,0,12,68
07/27/2020,LNK,NE,ACE,CE,Towers with Radar,0,28,37,43,108,0,0,45,0,45,0,28,82,43,153,84,16,100,253
07/28/2020,LNK,NE,ACE,CE,Towers with Radar,0,27,37,43,107,0,4,66,1,71,0,31,103,44,178,81,20,101,279
07/29/2020,LNK,NE,ACE,CE,Towers with Radar,0,28,33,3,64,0,5,13,1,19,0,33,46,4,83,8,1,9,92
07/30/2020,LNK,NE,ACE,CE,Towers with Radar,0,23,32,54,109,0,3,26,1,30,0,26,58,55,139,34,26,60,199
07/31/2020,LNK,NE,ACE,CE,Towers with Radar,0,26,47,12,85,0,4,69,4,77,0,30,116,16,162,90,4,94,256
08/01/2020,LNK,NE,ACE,CE,Towers with Radar,0,20,28,3,51,0,0,51,0,51,0,20,79,3,102,56,0,56,158
08/02/2020,LNK,NE,ACE,CE,Towers with Radar,0,16,33,0,49,0,1,53,2,56,0,17,86,2,105,2,0,2,107
08/03/2020,LNK,NE,ACE,CE,Towers with Radar,0,35,38,32,105,0,3,71,2,76,0,38,109,34,181,54,18,72,253
08/04/2020,LNK,NE,ACE,CE,Towers with Radar,0,13,25,21,59,0,2,58,2,62,0,15,83,23,121,68,6,74,195
08/05/2020,LNK,NE,ACE,CE,Towers with Radar,0,18,24,42,84,0,10,44,2,56,0,28,68,44,140,16,18,34,174
08/06/2020,LNK,NE,ACE,CE,Towers with Radar,0,17,45,22,84,0,4,38,2,44,0,21,83,24,128,28,2,30,158
08/07/2020,LNK,NE,ACE,CE,Towers with Radar,0,21,33,47,101,0,3,18,0,21,0,24,51,47,122,78,26,104,226
08/08/2020,LNK,NE,ACE,CE,Towers with Radar,0,20,48,3,71,0,1,27,2,30,0,21,75,5,101,46,0,46,147
08/09/2020,LNK,NE,ACE,CE,Towers with Radar,0,24,31,0,55,0,4,48,0,52,0,28,79,0,107,20,0,20,127
08/10/2020,LNK,NE,ACE,CE,Towers with Radar,0,19,27,3,49,0,1,43,0,44,0,20,70,3,93,38,0,38,131
08/11/2020,LNK,NE,ACE,CE,Towers with Radar,0,18,35,20,73,0,0,55,8,63,0,18,90,28,136,66,12,78,214
08/12/2020,LNK,NE,ACE,CE,Towers with Radar,0,15,32,35,82,0,0,39,3,42,0,15,71,38,124,28,26,54,178
08/13/2020,LNK,NE,ACE,CE,Towers with Radar,0,25,39,32,96,0,2,41,3,46,0,27,80,35,142,4,24,28,170
08/14/2020,LNK,NE,ACE,CE,Towers with Radar,0,24,43,18,85,0,0,41,1,42,0,24,84,19,127,76,2,78,205
08/15/2020,LNK,NE,ACE,CE,Towers with Radar,0,13,26,0,39,0,0,92,3,95,0,13,118,3,134,80,0,80,214
08/16/2020,LNK,NE,ACE,CE,Towers with Radar,0,21,26,0,47,0,1,40,2,43,0,22,66,2,90,0,0,0,90
08/17/2020,LNK,NE,ACE,CE,Towers with Radar,0,21,23,58,102,0,0,63,2,65,0,21,86,60,167,76,42,118,285
08/18/2020,LNK,NE,ACE,CE,Towers with Radar,0,19,22,48,89,0,0,57,2,59,0,19,79,50,148,12,36,48,196
08/19/2020,LNK,NE,ACE,CE,Towers with Radar,0,21,42,31,94,0,1,54,1,56,0,22,96,32,150,34,12,46,196
08/20/2020,LNK,NE,ACE,CE,Towers with Radar,0,29,51,30,110,0,6,60,7,73,0,35,111,37,183,72,4,76,259
08/21/2020,LNK,NE,ACE,CE,Towers with Radar,0,22,41,7,70,0,1,52,8,61,0,23,93,15,131,22,0,22,153
08/22/2020,LNK,NE,ACE,CE,Towers with Radar,0,15,31,11,57,0,3,66,10,79,0,18,97,21,136,66,2,68,204
08/23/2020,LNK,NE,ACE,CE,Towers with Radar,1,25,51,0,77,0,4,62,7,73,1,29,113,7,150,6,0,6,156
08/24/2020,LNK,NE,ACE,CE,Towers with Radar,1,21,35,39,96,0,7,36,0,43,1,28,71,39,139,44,16,60,199
08/25/2020,LNK,NE,ACE,CE,Towers with Radar,0,21,28,46,95,0,7,34,7,48,0,28,62,53,143,20,44,64,207
08/26/2020,LNK,NE,ACE,CE,Towers with Radar,0,24,15,47,86,0,8,29,6,43,0,32,44,53,129,16,30,46,175
08/27/2020,LNK,NE,ACE,CE,Towers with Radar,2,28,35,50,115,0,3,47,4,54,2,31,82,54,169,78,26,104,273
08/28/2020,LNK,NE,ACE,CE,Towers with Radar,0,19,28,29,76,0,8,51,2,61,0,27,79,31,137,82,6,88,225
08/29/2020,LNK,NE,ACE,CE,Towers with Radar,0,19,30,3,52,0,5,78,0,83,0,24,108,3,135,36,0,36,171
08/30/2020,LNK,NE,ACE,CE,Towers with Radar,0,24,25,2,51,0,5,37,3,45,0,29,62,5,96,24,0,24,120
08/31/2020,LNK,NE,ACE,CE,Towers with Radar,2,26,24,57,109,0,2,24,0,26,2,28,48,57,135,46,22,68,203
09/01/2020,LNK,NE,ACE,CE,Towers with Radar,0,20,45,80,145,0,1,27,0,28,0,21,72,80,173,8,2,10,183
09/02/2020,LNK,NE,ACE,CE,Towers with Radar,0,22,55,65,142,0,0,55,5,60,0,22,110,70,202,68,44,112,314
09/03/2020,LNK,NE,ACE,CE,Towers with Radar,0,17,39,81,137,0,4,58,2,64,0,21,97,83,201,48,54,102,303
09/04/2020,LNK,NE,ACE,CE,Towers with Radar,0,30,50,1,81,0,2,75,1,78,0,32,125,2,159,34,0,34,193
09/05/2020,LNK,NE,ACE,CE,Towers with Radar,0,18,22,0,40,0,0,76,0,76,0,18,98,0,116,54,0,54,170
09/06/2020,LNK,NE,ACE,CE,Towers with Radar,0,16,19,0,35,0,7,18,0,25,0,23,37,0,60,24,0,24,84
09/07/2020,LNK,NE,ACE,CE,Towers with Radar,0,34,30,0,64,0,8,24,0,32,0,42,54,0,96,36,0,36,132
09/08/2020,LNK,NE,ACE,CE,Towers with Radar,0,21,8,35,64,0,2,1,0,3,0,23,9,35,67,0,0,0,67
09/09/2020,LNK,NE,ACE,CE,Towers with Radar,0,20,31,59,110,0,1,0,0,1,0,21,31,59,111,0,0,0,111
09/10/2020,LNK,NE,ACE,CE,Towers with Radar,0,35,51,33,119,0,0,6,0,6,0,35,57,33,125,0,28,28,153
09/11/2020,LNK,NE,ACE,CE,Towers with Radar,0,23,30,9,62,0,0,2,0,2,0,23,32,9,64,0,0,0,64
09/12/2020,LNK,NE,ACE,CE,Towers with Radar,0,17,29,4,50,0,2,44,2,48,0,19,73,6,98,32,6,38,136
09/13/2020,LNK,NE,ACE,CE,Towers with Radar,0,25,31,1,57,0,4,73,5,82,0,29,104,6,139,96,0,96,235
09/14/2020,LNK,NE,ACE,CE,Towers with Radar,0,25,35,67,127,0,13,68,0,81,0,38,103,67,208,70,58,128,336
09/15/2020,LNK,NE,ACE,CE,Towers with Radar,0,21,29,35,85,0,13,63,5,81,0,34,92,40,166,69,30,99,265
09/16/2020,LNK,NE,ACE,CE,Towers with Radar,0,27,66,56,149,0,5,59,6,70,0,32,125,62,219,28,22,50,269
09/17/2020,LNK,NE,ACE,CE,Towers with Radar,0,26,32,48,106,0,7,62,8,77,0,33,94,56,183,104,36,140,323
09/18/2020,LNK,NE,ACE,CE,Towers with Radar,0,36,40,14,90,0,4,69,3,76,0,40,109,17,166,56,0,56,222
09/19/2020,LNK,NE,ACE,CE,Towers with Radar,0,16,26,0,42,0,1,48,0,49,0,17,74,0,91,96,0,96,187
09/20/2020,LNK,NE,ACE,CE,Towers with Radar,0,20,28,3,51,0,3,24,0,27,0,23,52,3,78,10,0,10,88
09/21/2020,LNK,NE,ACE,CE,Towers with Radar,0,26,25,8,59,0,0,42,4,46,0,26,67,12,105,26,0,26,131
09/22/2020,LNK,NE,ACE,CE,Towers with Radar,0,27,23,79,129,0,7,52,8,67,0,34,75,87,196,36,20,56,252
09/23/2020,LNK,NE,ACE,CE,Towers with Radar,2,33,14,45,94,0,8,25,10,43,2,41,39,55,137,42,26,68,205
09/24/2020,LNK,NE,ACE,CE,Towers with Radar,0,26,37,63,126,0,8,46,10,64,0,34,83,73,190,24,36,60,250
09/25/2020,LNK,NE,ACE,CE,Towers with Radar,0,25,32,22,79,0,4,64,1,69,0,29,96,23,148,56,36,92,240
09/26/2020,LNK,NE,ACE,CE,Towers with Radar,0,18,24,26,68,0,0,29,0,29,0,18,53,26,97,20,4,24,121
09/27/2020,LNK,NE,ACE,CE,Towers with Radar,0,26,20,0,46,0,9,13,0,22,0,35,33,0,68,4,0,4,72
09/28/2020,LNK,NE,ACE,CE,Towers with Radar,0,25,22,37,84,0,5,16,1,22,0,30,38,38,106,29,14,43,149
09/29/2020,LNK,NE,ACE,CE,Towers with Radar,0,27,44,22,93,0,14,39,8,61,0,41,83,30,154,46,18,64,218
09/30/2020,LNK,NE,ACE,CE,Towers with Radar,0,34,28,26,88,0,9,25,2,36,0,43,53,28,124,14,10,24,148
10/01/2020,LNK,NE,ACE,CE,Towers with Radar,3,32,34,69,138,0,3,43,3,49,3,35,77,72,187,30,38,68,255
10/02/2020,LNK,NE,ACE,CE,Towers with Radar,4,22,29,53,108,0,5,74,6,85,4,27,103,59,193,116,14,130,323
10/03/2020,LNK,NE,ACE,CE,Towers with Radar,2,17,29,0,48,0,5,51,0,56,2,22,80,0,104,120,0,120,224
10/04/2020,LNK,NE,ACE,CE,Towers with Radar,4,20,23,2,49,0,10,57,2,69,4,30,80,4,118,16,0,16,134
10/05/2020,LNK,NE,ACE,CE,Towers with Radar,4,18,28,35,85,0,1,23,1,25,4,19,51,36,110,42,4,46,156
10/06/2020,LNK,NE,ACE,CE,Towers with Radar,2,14,22,89,127,0,4,41,2,47,2,18,63,91,174,66,14,80,254
10/07/2020,LNK,NE,ACE,CE,Towers with Radar,2,24,41,45,112,0,7,61,5,73,2,31,102,50,185,64,20,84,269
10/08/2020,LNK,NE,ACE,CE,Towers with Radar,4,18,35,51,108,0,6,36,2,44,4,24,71,53,152,114,18,132,284
10/09/2020,LNK,NE,ACE,CE,Towers with Radar,4,19,14,45,82,0,4,37,0,41,4,23,51,45,123,26,6,32,155
10/10/2020,LNK,NE,ACE,CE,Towers with Radar,2,9,22,6,39,0,1,73,1,75,2,10,95,7,114,102,0,102,216
10/11/2020,LNK,NE,ACE,CE,Towers with Radar,3,15,22,0,40,0,1,14,0,15,3,16,36,0,55,2,0,2,57
10/12/2020,LNK,NE,ACE,CE,Towers with Radar,4,24,35,0,63,0,0,47,0,47,4,24,82,0,110,86,0,86,196
10/13/2020,LNK,NE,ACE,CE,Towers with Radar,2,29,30,20,81,0,0,64,1,65,2,29,94,21,146,100,0,100,246
10/14/2020,LNK,NE,ACE,CE,Towers with Radar,2,22,36,2,62,0,3,18,6,27,2,25,54,8,89,24,0,24,113
10/15/2020,LNK,NE,ACE,CE,Towers with Radar,4,22,29,30,85,0,6,54,5,65,4,28,83,35,150,44,16,60,210
10/16/2020,LNK,NE,ACE,CE,Towers with Radar,4,18,39,13,74,0,4,37,5,46,4,22,76,18,120,46,6,52,172
10/17/2020,LNK,NE,ACE,CE,Towers with Radar,2,7,14,0,23,0,2,45,0,47,2,9,59,0,70,12,0,12,82
10/18/2020,LNK,NE,ACE,CE,Towers with Radar,6,17,15,3,41,0,4,21,1,26,6,21,36,4,67,2,2,4,71
10/19/2020,LNK,NE,ACE,CE,Towers with Radar,4,28,22,4,58,0,0,45,1,46,4,28,67,5,104,38,14,52,156
10/20/2020,LNK,NE,ACE,CE,Towers with Radar,2,16,23,29,70,0,0,11,1,12,2,16,34,30,82,20,0,20,102
10/21/2020,LNK,NE,ACE,CE,Towers with Radar,2,22,44,26,94,0,2,22,4,28,2,24,66,30,122,24,0,24,146
10/22/2020,LNK,NE,ACE,CE,Towers with Radar,5,26,24,20,75,0,0,0,0,0,5,26,24,20,75,0,0,0,75
10/23/2020,LNK,NE,ACE,CE,Towers with Radar,6,21,29,29,85,0,3,15,3,21,6,24,44,32,106,18,14,32,138
10/24/2020,LNK,NE,ACE,CE,Towers with Radar,3,15,11,2,31,0,1,23,0,24,3,16,34,2,55,66,0,66,121
10/25/2020,LNK,NE,ACE,CE,Towers with Radar,3,11,5,0,19,0,2,0,0,2,3,13,5,0,21,0,0,0,21
10/26/2020,LNK,NE,ACE,CE,Towers with Radar,4,16,23,0,43,0,2,34,0,36,4,18,57,0,79,48,0,48,127
10/27/2020,LNK,NE,ACE,CE,Towers with Radar,2,22,39,26,89,0,4,70,4,78,2,26,109,30,167,40,38,78,245
10/28/2020,LNK,NE,ACE,CE,Towers with Radar,2,21,42,16,81,0,4,90,6,100,2,25,132,22,181,60,26,86,267
10/29/2020,LNK,NE,ACE,CE,Towers with Radar,3,15,39,18,75,0,5,41,7,53,3,20,80,25,128,68,4,72,200
10/30/2020,LNK,NE,ACE,CE,Towers with Radar,4,25,33,16,78,0,2,74,0,76,4,27,107,16,154,54,22,76,230
10/31/2020,LNK,NE,ACE,CE,Towers with Radar,2,14,16,0,32,0,2,18,0,20,2,16,34,0,52,22,0,22,74
11/01/2020,LNK,NE,ACE,CE,Towers with Radar,1,14,23,1,39,0,3,52,0,55,1,17,75,1,94,18,0,18,112
11/02/2020,LNK,NE,ACE,CE,Towers with Radar,0,13,34,6,53,0,2,61,0,63,0,15,95,6,116,68,20,88,204
11/03/2020,LNK,NE,ACE,CE,Towers with Radar,0,18,20,13,51,0,3,52,2,57,0,21,72,15,108,34,22,56,164
11/04/2020,LNK,NE,ACE,CE,Towers with Radar,0,18,23,23,64,0,1,48,3,52,0,19,71,26,116,56,32,88,204
11/05/2020,LNK,NE,ACE,CE,Towers with Radar,0,31,25,19,75,0,6,69,3,78,0,37,94,22,153,46,0,46,199
11/06/2020,LNK,NE,ACE,CE,Towers with Radar,2,26,35,18,81,0,4,59,4,67,2,30,94,22,148,56,4,60,208
11/07/2020,LNK,NE,ACE,CE,Towers with Radar,2,17,21,4,44,0,5,10,7,22,2,22,31,11,66,0,0,0,66
11/08/2020,LNK,NE,ACE,CE,Towers with Radar,0,19,7,1,27,0,2,0,0,2,0,21,7,1,29,0,0,0,29
11/09/2020,LNK,NE,ACE,CE,Towers with Radar,0,17,20,6,43,0,0,0,3,3,0,17,20,9,46,2,0,2,48
11/10/2020,LNK,NE,ACE,CE,Towers with Radar,0,12,14,3,29,0,1,2,0,3,0,13,16,3,32,34,0,34,66
11/11/2020,LNK,NE,ACE,CE,Towers with Radar,0,17,28,9,54,0,3,54,1,58,0,20,82,10,112,56,0,56,168
11/12/2020,LNK,NE,ACE,CE,Towers with Radar,0,30,43,45,118,0,2,20,12,34,0,32,63,57,152,92,22,114,266
11/13/2020,LNK,NE,ACE,CE,Towers with Radar,0,32,27,35,94,0,4,32,1,37,0,36,59,36,131,78,12,90,221
11/14/2020,LNK,NE,ACE,CE,Towers with Radar,2,16,18,0,36,0,3,20,2,25,2,19,38,2,61,46,0,46,107
11/15/2020,LNK,NE,ACE,CE,Towers with Radar,0,13,16,2,31,0,0,7,0,7,0,13,23,2,38,16,0,16,54
11/16/2020,LNK,NE,ACE,CE,Towers with Radar,0,28,25,11,64,0,2,43,3,48,0,30,68,14,112,54,16,70,182
11/17/2020,LNK,NE,ACE,CE,Towers with Radar,0,17,45,26,88,0,4,61,2,67,0,21,106,28,155,42,16,58,213
11/18/2020,LNK,NE,ACE,CE,Towers with Radar,0,26,24,25,75,0,9,27,4,40,0,35,51,29,115,36,10,46,161
11/19/2020,LNK,NE,ACE,CE,Towers with Radar,0,29,54,49,132,0,9,84,9,102,0,38,138,58,234,62,18,80,314
11/20/2020,LNK,NE,ACE,CE,Towers with Radar,1,25,30,27,83,0,1,49,0,50,1,26,79,27,133,76,16,92,225
11/21/2020,LNK,NE,ACE,CE,Towers with Radar,1,25,17,0,43,0,1,43,2,46,1,26,60,2,89,72,0,72,161
11/22/2020,LNK,NE,ACE,CE,Towers with Radar,0,19,20,0,39,0,0,45,2,47,0,19,65,2,86,20,0,20,106
11/23/2020,LNK,NE,ACE,CE,Towers with Radar,0,17,13,11,41,0,0,3,2,5,0,17,16,13,46,0,2,2,48
11/24/2020,LNK,NE,ACE,CE,Towers with Radar,0,23,22,20,65,0,0,0,0,0,0,23,22,20,65,0,6,6,71
11/25/2020,LNK,NE,ACE,CE,Towers with Radar,0,20,20,42,82,0,0,12,0,12,0,20,32,42,94,0,0,0,94
11/26/2020,LNK,NE,ACE,CE,Towers with Radar,2,5,9,0,16,0,0,18,0,18,2,5,27,0,34,24,0,24,58
11/27/2020,LNK,NE,ACE,CE,Towers with Radar,2,15,17,0,34,0,7,66,0,73,2,22,83,0,107,34,0,34,141
11/28/2020,LNK,NE,ACE,CE,Towers with Radar,0,12,14,0,26,0,3,62,0,65,0,15,76,0,91,26,0,26,117
11/29/2020,LNK,NE,ACE,CE,Towers with Radar,0,30,20,0,50,0,1,5,0,6,0,31,25,0,56,0,0,0,56
11/30/2020,LNK,NE,ACE,CE,Towers with Radar,2,36,41,6,85,0,11,66,4,81,2,47,107,10,166,52,2,54,220
12/01/2020,LNK,NE,ACE,CE,Towers with Radar,0,17,26,35,78,0,2,70,1,73,0,19,96,36,151,44,20,64,215
12/02/2020,LNK,NE,ACE,CE,Towers with Radar,0,20,38,24,82,0,7,41,4,52,0,27,79,28,134,70,4,74,208
12/03/2020,LNK,NE,ACE,CE,Towers with Radar,0,25,24,4,53,2,3,60,4,69,2,28,84,8,122,38,22,60,182
12/04/2020,LNK,NE,ACE,CE,Towers with Radar,4,13,21,33,71,0,2,70,8,80,4,15,91,41,151,38,6,44,195
12/05/2020,LNK,NE,ACE,CE,Towers with Radar,2,13,26,5,46,0,0,57,0,57,2,13,83,5,103,74,0,74,177
12/06/2020,LNK,NE,ACE,CE,Towers with Radar,0,24,21,3,48,0,0,21,0,21,0,24,42,3,69,10,0,10,79
12/07/2020,LNK,NE,ACE,CE,Towers with Radar,0,23,31,21,75,0,2,45,6,53,0,25,76,27,128,38,16,54,182
12/08/2020,LNK,NE,ACE,CE,Towers with Radar,0,34,36,48,118,0,3,56,1,60,0,37,92,49,178,24,12,36,214
12/09/2020,LNK,NE,ACE,CE,Towers with Radar,1,14,42,49,106,0,0,100,4,104,1,14,142,53,210,48,28,76,286
12/10/2020,LNK,NE,ACE,CE,Towers with Radar,1,26,42,81,150,0,6,53,15,74,1,32,95,96,224,40,40,80,304
12/11/2020,LNK,NE,ACE,CE,Towers with Radar,2,21,15,9,47,0,0,0,0,0,2,21,15,9,47,0,0,0,47
12/12/2020,LNK,NE,ACE,CE,Towers with Radar,1,17,6,0,24,0,0,3,0,3,1,17,9,0,27,0,0,0,27
12/13/2020,LNK,NE,ACE,CE,Towers with Radar,0,15,22,1,38,0,1,1,0,2,0,16,23,1,40,10,0,10,50
12/14/2020,LNK,NE,ACE,CE,Towers with Radar,0,27,33,4,64,0,8,56,2,66,0,35,89,6,130,24,0,24,154
12/15/2020,LNK,NE,ACE,CE,Towers with Radar,0,28,18,40,86,0,7,12,0,19,0,35,30,40,105,36,16,52,157
12/16/2020,LNK,NE,ACE,CE,Towers with Radar,0,23,19,53,95,0,7,21,7,35,0,30,40,60,130,22,28,50,180
12/17/2020,LNK,NE,ACE,CE,Towers with Radar,4,17,28,19,68,0,0,60,5,65,4,17,88,24,133,30,28,58,191
12/18/2020,LNK,NE,ACE,CE,Towers with Radar,3,21,35,27,86,0,4,40,4,48,3,25,75,31,134,48,12,60,194
12/19/2020,LNK,NE,ACE,CE,Towers with Radar,2,21,19,2,44,0,0,71,0,71,2,21,90,2,115,38,0,38,153
12/20/2020,LNK,NE,ACE,CE,Towers with Radar,1,17,31,1,50,0,4,64,1,69,1,21,95,2,119,30,0,30,149
12/21/2020,LNK,NE,ACE,CE,Towers with Radar,2,14,29,10,55,0,0,39,6,45,2,14,68,16,100,24,0,24,124
12/22/2020,LNK,NE,ACE,CE,Towers with Radar,2,25,23,20,70,0,8,13,12,33,2,33,36,32,103,52,14,66,169
12/23/2020,LNK,NE,ACE,CE,Towers with Radar,2,21,15,0,38,0,0,0,0,0,2,21,15,0,38,0,0,0,38
12/24/2020,LNK,NE,ACE,CE,Towers with Radar,3,18,15,1,37,0,0,15,0,15,3,18,30,1,52,20,0,20,72
12/25/2020,LNK,NE,ACE,CE,Towers with Radar,1,3,8,0,12,0,0,14,0,14,1,3,22,0,26,10,0,10,36
12/26/2020,LNK,NE,ACE,CE,Towers with Radar,2,26,18,0,46,0,1,60,0,61,2,27,78,0,107,32,0,32,139
12/27/2020,LNK,NE,ACE,CE,Towers with Radar,2,19,24,0,45,0,0,9,0,9,2,19,33,0,54,6,0,6,60
12/28/2020,LNK,NE,ACE,CE,Towers with Radar,2,20,46,2,70,0,2,37,0,39,2,22,83,2,109,94,0,94,203
12/29/2020,LNK,NE,ACE,CE,Towers with Radar,2,8,1,0,11,0,0,0,0,0,2,8,1,0,11,0,0,0,11
12/30/2020,LNK,NE,ACE,CE,Towers with Radar,2,33,20,4,59,0,0,17,0,17,2,33,37,4,76,4,10,14,90
12/31/2020,LNK,NE,ACE,CE,Towers with Radar,0,18,24,0,42,0,2,41,0,43,0,20,65,0,85,48,0,48,133
01/01/2021,LNK,NE,ACE,CE,Towers with Radar,3,11,11,1,26,0,0,14,0,14,3,11,25,1,40,4,0,4,44
01/02/2021,LNK,NE,ACE,CE,Towers with Radar,1,16,24,0,41,0,0,19,0,19,1,16,43,0,60,2,0,2,62
01/03/2021,LNK,NE,ACE,CE,Towers with Radar,3,18,18,0,39,0,1,28,0,29,3,19,46,0,68,14,0,14,82
01/04/2021,LNK,NE,ACE,CE,Towers with Radar,2,26,35,12,75,0,1,47,0,48,2,27,82,12,123,6,0,6,129
01/05/2021,LNK,NE,ACE,CE,Towers with Radar,4,13,24,29,70,0,0,51,0,51,4,13,75,29,121,34,26,60,181
01/06/2021,LNK,NE,ACE,CE,Towers with Radar,4,25,21,23,73,0,0,2,0,2,4,25,23,23,75,0,0,0,75
01/07/2021,LNK,NE,ACE,CE,Towers with Radar,2,17,20,37,76,0,0,0,0,0,2,17,20,37,76,0,0,0,76
01/08/2021,LNK,NE,ACE,CE,Towers with Radar,2,15,19,7,43,0,1,1,0,2,2,16,20,7,45,14,0,14,59
01/09/2021,LNK,NE,ACE,CE,Towers with Radar,2,20,14,0,36,0,6,0,1,7,2,26,14,1,43,0,0,0,43
01/10/2021,LNK,NE,ACE,CE,Towers with Radar,2,21,25,1,49,0,8,3,0,11,2,29,28,1,60,10,0,10,70
01/11/2021,LNK,NE,ACE,CE,Towers with Radar,2,21,21,25,69,0,2,73,5,80,2,23,94,30,149,56,36,92,241
01/12/2021,LNK,NE,ACE,CE,Towers with Radar,1,17,28,30,76,0,5,64,0,69,1,22,92,30,145,34,20,54,199
01/13/2021,LNK,NE,ACE,CE,Towers with Radar,4,17,39,27,87,0,8,70,14,92,4,25,109,41,179,38,50,88,267
01/14/2021,LNK,NE,ACE,CE,Towers with Radar,2,15,27,12,56,0,1,2,4,7,2,16,29,16,63,0,6,6,69
01/15/2021,LNK,NE,ACE,CE,Towers with Radar,3,11,5,0,19,0,0,0,0,0,3,11,5,0,19,0,0,0,19
01/16/2021,LNK,NE,ACE,CE,Towers with Radar,3,10,21,5,39,0,1,43,2,46,3,11,64,7,85,72,0,72,157
01/17/2021,LNK,NE,ACE,CE,Towers with Radar,2,22,20,5,49,0,4,28,1,33,2,26,48,6,82,4,0,4,86
01/18/2021,LNK,NE,ACE,CE,Towers with Radar,2,28,24,1,55,0,0,19,0,19,2,28,43,1,74,26,0,26,100
01/19/2021,LNK,NE,ACE,CE,Towers with Radar,4,20,11,4,39,0,4,29,0,33,4,24,40,4,72,0,0,0,72
01/20/2021,LNK,NE,ACE,CE,Towers with Radar,2,23,29,7,61,0,7,33,11,51,2,30,62,18,112,42,0,42,154
01/21/2021,LNK,NE,ACE,CE,Towers with Radar,4,23,38,26,91,0,13,71,7,91,4,36,109,33,182,62,68,130,312
01/22/2021,LNK,NE,ACE,CE,Towers with Radar,2,25,34,15,76,0,0,19,2,21,2,25,53,17,97,60,0,60,157
01/23/2021,LNK,NE,ACE,CE,Towers with Radar,2,10,8,0,20,0,0,9,0,9,2,10,17,0,29,44,0,44,73
01/24/2021,LNK,NE,ACE,CE,Towers with Radar,2,23,16,6,47,0,0,3,0,3,2,23,19,6,50,0,0,0,50
01/25/2021,LNK,NE,ACE,CE,Towers with Radar,1,4,3,0,8,0,0,0,0,0,1,4,3,0,8,0,0,0,8
01/26/2021,LNK,NE,ACE,CE,Towers with Radar,3,22,5,1,31,0,3,2,0,5,3,25,7,1,36,0,0,0,36
01/27/2021,LNK,NE,ACE,CE,Towers with Radar,4,25,24,6,59,0,12,13,5,30,4,37,37,11,89,0,0,0,89
01/28/2021,LNK,NE,ACE,CE,Towers with Radar,2,33,18,1,54,0,0,1,0,1,2,33,19,1,55,6,0,6,61
01/29/2021,LNK,NE,ACE,CE,Towers with Radar,2,18,43,27,90,0,3,24,3,30,2,21,67,30,120,42,38,80,200
01/30/2021,LNK,NE,ACE,CE,Towers with Radar,2,9,13,2,26,0,0,0,0,0,2,9,13,2,26,0,0,0,26
01/31/2021,LNK,NE,ACE,CE,Towers with Radar,2,23,19,2,46,0,0,9,0,9,2,23,28,2,55,6,0,6,61
02/01/2021,LNK,NE,ACE,CE,Towers with Radar,2,13,38,7,60,0,0,2,0,2,2,13,40,7,62,0,0,0,62
02/02/2021,LNK,NE,ACE,CE,Towers with Radar,4,8,14,16,42,0,0,0,0,0,4,8,14,16,42,0,0,0,42
02/03/2021,LNK,NE,ACE,CE,Towers with Radar,4,16,39,22,81,0,18,81,8,107,4,34,120,30,188,78,18,96,284
02/04/2021,LNK,NE,ACE,CE,Towers with Radar,2,24,19,8,53,0,2,18,4,24,2,26,37,12,77,20,6,26,103
02/05/2021,LNK,NE,ACE,CE,Towers with Radar,1,29,24,35,89,0,0,64,0,64,1,29,88,35,153,72,42,114,267
02/06/2021,LNK,NE,ACE,CE,Towers with Radar,1,5,9,1,16,0,0,0,0,0,1,5,9,1,16,0,0,0,16
02/07/2021,LNK,NE,ACE,CE,Towers with Radar,2,23,2,1,28,0,0,0,0,0,2,23,2,1,28,0,0,0,28
02/08/2021,LNK,NE,ACE,CE,Towers with Radar,2,13,19,7,41,0,4,7,0,11,2,17,26,7,52,5,0,5,57
02/09/2021,LNK,NE,ACE,CE,Towers with Radar,2,21,19,13,55,0,1,28,0,29,2,22,47,13,84,6,34,40,124
02/10/2021,LNK,NE,ACE,CE,Towers with Radar,3,32,37,46,118,0,15,15,13,43,3,47,52,59,161,16,46,62,223
02/11/2021,LNK,NE,ACE,CE,Towers with Radar,4,39,27,35,105,0,4,14,3,21,4,43,41,38,126,4,38,42,168
02/12/2021,LNK,NE,ACE,CE,Towers with Radar,4,17,25,5,51,0,0,0,0,0,4,17,25,5,51,0,0,0,51
02/13/2021,LNK,NE,ACE,CE,Towers with Radar,2,12,3,2,19,0,0,9,0,9,2,12,12,2,28,0,0,0,28
02/14/2021,LNK,NE,ACE,CE,Towers with Radar,1,20,5,1,27,0,1,2,0,3,1,21,7,1,30,6,0,6,36
02/15/2021,LNK,NE,ACE,CE,Towers with Radar,3,34,20,0,57,0,1,3,0,4,3,35,23,0,61,6,0,6,67
02/16/2021,LNK,NE,ACE,CE,Towers with Radar,6,34,21,2,63,0,8,9,0,17,6,42,30,2,80,0,8,8,88
02/17/2021,LNK,NE,ACE,CE,Towers with Radar,4,31,33,40,108,0,5,28,1,34,4,36,61,41,142,52,38,90,232
02/18/2021,LNK,NE,ACE,CE,Towers with Radar,3,31,31,38,103,0,6,44,2,52,3,37,75,40,155,36,16,52,207
02/19/2021,LNK,NE,ACE,CE,Towers with Radar,2,16,28,32,78,0,7,57,2,66,2,23,85,34,144,40,58,98,242
02/20/2021,LNK,NE,ACE,CE,Towers with Radar,3,6,13,12,34,0,7,40,6,53,3,13,53,18,87,56,0,56,143
02/21/2021,LNK,NE,ACE,CE,Towers with Radar,2,23,9,0,34,0,0,4,0,4,2,23,13,0,38,0,0,0,38
02/22/2021,LNK,NE,ACE,CE,Towers with Radar,2,20,27,17,66,0,2,37,2,41,2,22,64,19,107,28,10,38,145
02/23/2021,LNK,NE,ACE,CE,Towers with Radar,2,22,35,45,104,0,0,68,6,74,2,22,103,51,178,54,34,88,266
02/24/2021,LNK,NE,ACE,CE,Towers with Radar,4,23,43,39,109,0,11,40,10,61,4,34,83,49,170,46,40,86,256
02/25/2021,LNK,NE,ACE,CE,Towers with Radar,2,32,43,61,138,0,4,72,1,77,2,36,115,62,215,46,44,90,305
02/26/2021,LNK,NE,ACE,CE,Towers with Radar,5,18,62,61,146,0,0,64,2,66,5,18,126,63,212,30,64,94,306
02/27/2021,LNK,NE,ACE,CE,Towers with Radar,5,8,21,4,38,0,0,47,0,47,5,8,68,4,85,44,0,44,129
02/28/2021,LNK,NE,ACE,CE,Towers with Radar,4,22,23,10,59,0,0,15,0,15,4,22,38,10,74,2,6,8,82
03/01/2021,LNK,NE,ACE,CE,Towers with Radar,4,27,23,17,71,0,4,45,2,51,4,31,68,19,122,28,32,60,182
03/02/2021,LNK,NE,ACE,CE,Towers with Radar,2,21,16,35,74,0,1,19,4,24,2,22,35,39,98,10,30,40,138
03/03/2021,LNK,NE,ACE,CE,Towers with Radar,2,22,36,14,74,0,13,80,4,97,2,35,116,18,171,56,8,64,235
03/04/2021,LNK,NE,ACE,CE,Towers with Radar,4,25,31,51,111,0,6,58,4,68,4,31,89,55,179,28,20,48,227
03/05/2021,LNK,NE,ACE,CE,Towers with Radar,4,30,30,57,121,0,5,63,4,72,4,35,93,61,193,112,14,126,319
03/06/2021,LNK,NE,ACE,CE,Towers with Radar,2,16,17,15,50,0,2,88,3,93,2,18,105,18,143,46,0,46,189
03/07/2021,LNK,NE,ACE,CE,Towers with Radar,4,22,16,32,74,0,0,7,1,8,4,22,23,33,82,0,2,2,84
03/08/2021,LNK,NE,ACE,CE,Towers with Radar,4,21,27,29,81,0,5,41,0,46,4,26,68,29,127,90,16,106,233
03/09/2021,LNK,NE,ACE,CE,Towers with Radar,4,11,23,68,106,0,0,34,4,38,4,11,57,72,144,0,60,60,204
03/10/2021,LNK,NE,ACE,CE,Towers with Radar,2,22,12,4,40,0,9,2,5,16,2,31,14,9,56,0,16,16,72
03/11/2021,LNK,NE,ACE,CE,Towers with Radar,4,38,37,34,113,0,5,70,5,80,4,43,107,39,193,90,36,126,319
03/12/2021,LNK,NE,ACE,CE,Towers with Radar,4,32,39,39,114,0,2,38,0,40,4,34,77,39,154,54,34,88,242
03/13/2021,LNK,NE,ACE,CE,Towers with Radar,2,17,20,0,39,0,0,6,0,6,2,17,26,0,45,10,0,10,55
03/14/2021,LNK,NE,ACE,CE,Towers with Radar,4,19,7,0,30,0,0,0,0,0,4,19,7,0,30,0,0,0,30
03/15/2021,LNK,NE,ACE,CE,Towers with Radar,3,18,8,2,31,0,0,0,0,0,3,18,8,2,31,0,0,0,31
03/16/2021,LNK,NE,ACE,CE,Towers with Radar,4,20,26,63,113,0,0,0,0,0,4,20,26,63,113,0,0,0,113
03/17/2021,LNK,NE,ACE,CE,Towers with Radar,2,21,17,49,89,0,1,0,2,3,2,22,17,51,92,0,0,0,92
03/18/2021,LNK,NE,ACE,CE,Towers with Radar,3,24,32,87,146,0,4,52,2,58,3,28,84,89,204,68,36,104,308
03/19/2021,LNK,NE,ACE,CE,Towers with Radar,4,34,33,41,112,0,7,110,5,122,4,41,143,46,234,88,14,102,336
03/20/2021,LNK,NE,ACE,CE,Towers with Radar,2,18,15,1,36,0,1,35,0,36,2,19,50,1,72,38,0,38,110
03/21/2021,LNK,NE,ACE,CE,Towers with Radar,4,24,23,2,53,0,1,19,5,25,4,25,42,7,78,26,0,26,104
03/22/2021,LNK,NE,ACE,CE,Towers with Radar,6,16,27,42,91,0,0,4,1,5,6,16,31,43,96,20,2,22,118
03/23/2021,LNK,NE,ACE,CE,Towers with Radar,4,17,37,36,94,0,0,0,1,1,4,17,37,37,95,2,0,2,97
03/24/2021,LNK,NE,ACE,CE,Towers with Radar,2,19,16,47,84,0,4,16,6,26,2,23,32,53,110,28,54,82,192
03/25/2021,LNK,NE,ACE,CE,Towers with Radar,4,37,49,98,188,0,2,40,1,43,4,39,89,99,231,86,64,150,381
03/26/2021,LNK,NE,ACE,CE,Towers with Radar,6,21,31,44,102,0,0,46,10,56,6,21,77,54,158,68,28,96,254
03/27/2021,LNK,NE,ACE,CE,Towers with Radar,2,23,18,11,54,0,1,18,2,21,2,24,36,13,75,6,0,6,81
03/28/2021,LNK,NE,ACE,CE,Towers with Radar,4,23,26,6,59,0,1,85,3,89,4,24,111,9,148,34,6,40,188
03/29/2021,LNK,NE,ACE,CE,Towers with Radar,4,21,32,40,97,0,3,6,3,12,4,24,38,43,109,6,12,18,127
03/30/2021,LNK,NE,ACE,CE,Towers with Radar,4,11,24,40,79,0,2,12,1,15,4,13,36,41,94,6,28,34,128
03/31/2021,LNK,NE,ACE,CE,Towers with Radar,6,17,21,34,78,0,5,44,21,70,6,22,65,55,148,20,18,38,186
04/01/2021,LNK,NE,ACE,CE,Towers with Radar,4,27,37,100,168,0,2,75,3,80,4,29,112,103,248,50,58,108,356
04/02/2021,LNK,NE,ACE,CE,Towers with Radar,2,17,25,43,87,0,2,15,3,20,2,19,40,46,107,12,20,32,139
04/03/2021,LNK,NE,ACE,CE,Towers with Radar,2,18,14,2,36,0,7,90,0,97,2,25,104,2,133,82,2,84,217
04/04/2021,LNK,NE,ACE,CE,Towers with Radar,5,12,12,2,31,0,7,24,0,31,5,19,36,2,62,8,0,8,70
04/05/2021,LNK,NE,ACE,CE,Towers with Radar,6,31,34,48,119,0,4,31,1,36,6,35,65,49,155,34,34,68,223
04/06/2021,LNK,NE,ACE,CE,Towers with Radar,4,13,38,44,99,0,2,21,0,23,4,15,59,44,122,8,46,54,176
04/07/2021,LNK,NE,ACE,CE,Towers with Radar,4,19,26,25,74,0,0,0,0,0,4,19,26,25,74,0,0,0,74
04/08/2021,LNK,NE,ACE,CE,Towers with Radar,4,18,26,28,76,0,1,2,0,3,4,19,28,28,79,0,0,0,79
04/09/2021,LNK,NE,ACE,CE,Towers with Radar,4,19,47,32,102,0,8,48,2,58,4,27,95,34,160,16,20,36,196
04/10/2021,LNK,NE,ACE,CE,Towers with Radar,2,19,30,6,57,0,2,53,4,59,2,21,83,10,116,52,0,52,168
04/11/2021,LNK,NE,ACE,CE,Towers with Radar,4,22,27,0,53,0,5,45,3,53,4,27,72,3,106,22,0,22,128
04/12/2021,LNK,NE,ACE,CE,Towers with Radar,4,20,23,26,73,0,0,36,1,37,4,20,59,27,110,42,4,46,156
04/13/2021,LNK,NE,ACE,CE,Towers with Radar,4,24,26,34,88,0,4,46,0,50,4,28,72,34,138,46,14,60,198
04/14/2021,LNK,NE,ACE,CE,Towers with Radar,4,30,42,55,131,0,4,62,5,71,4,34,104,60,202,32,18,50,252
04/15/2021,LNK,NE,ACE,CE,Towers with Radar,4,18,30,10,62,0,4,50,3,57,4,22,80,13,119,90,0,90,209
04/16/2021,LNK,NE,ACE,CE,Towers with Radar,4,11,21,26,62,0,1,10,0,11,4,12,31,26,73,62,0,62,135
04/17/2021,LNK,NE,ACE,CE,Towers with Radar,4,8,29,0,41,0,0,46,8,54,4,8,75,8,95,80,2,82,177
04/18/2021,LNK,NE,ACE,CE,Towers with Radar,4,16,20,9,49,0,1,56,4,61,4,17,76,13,110,120,2,122,232
04/19/2021,LNK,NE,ACE,CE,Towers with Radar,3,27,15,34,79,0,0,2,0,2,3,27,17,34,81,20,12,32,113
04/20/2021,LNK,NE,ACE,CE,Towers with Radar,4,18,32,43,97,0,8,64,4,76,4,26,96,47,173,66,14,80,253
04/21/2021,LNK,NE,ACE,CE,Towers with Radar,4,24,36,48,112,0,4,53,5,62,4,28,89,53,174,26,70,96,270
04/22/2021,LNK,NE,ACE,CE,Towers with Radar,4,31,36,71,142,0,13,69,3,85,4,44,105,74,227,66,32,98,325
04/23/2021,LNK,NE,ACE,CE,Towers with Radar,4,15,29,46,94,0,2,41,3,46,4,17,70,49,140,150,66,216,356
04/24/2021,LNK,NE,ACE,CE,Towers with Radar,2,14,34,0,50,0,2,71,2,75,2,16,105,2,125,100,0,100,225
04/25/2021,LNK,NE,ACE,CE,Towers with Radar,4,12,12,2,30,0,0,17,0,17,4,12,29,2,47,0,0,0,47
04/26/2021,LNK,NE,ACE,CE,Towers with Radar,4,28,36,40,108,0,3,37,0,40,4,31,73,40,148,80,28,108,256
04/27/2021,LNK,NE,ACE,CE,Towers with Radar,4,20,26,37,87,0,4,52,2,58,4,24,78,39,145,86,48,134,279
04/28/2021,LNK,NE,ACE,CE,Towers with Radar,4,25,32,103,164,0,1,5,5,11,4,26,37,108,175,42,36,78,253
04/29/2021,LNK,NE,ACE,CE,Towers with Radar,4,24,31,49,108,0,6,49,4,59,4,30,80,53,167,84,58,142,309
04/30/2021,LNK,NE,ACE,CE,Towers with Radar,4,20,31,14,69,0,2,84,1,87,4,22,115,15,156,96,22,118,274
05/01/2021,LNK,NE,ACE,CE,Towers with Radar,2,14,21,10,47,0,5,23,7,35,2,19,44,17,82,4,0,4,86
05/02/2021,LNK,NE,ACE,CE,Towers with Radar,4,26,23,8,61,0,16,13,0,29,4,42,36,8,90,30,6,36,126
05/03/2021,LNK,NE,ACE,CE,Towers with Radar,4,22,29,19,74,0,3,10,0,13,4,25,39,19,87,10,10,20,107
05/04/2021,LNK,NE,ACE,CE,Towers with Radar,4,25,28,74,131,0,3,67,4,74,4,28,95,78,205,108,36,144,349
05/05/2021,LNK,NE,ACE,CE,Towers with Radar,4,20,27,62,113,0,8,31,5,44,4,28,58,67,157,144,52,196,353
05/06/2021,LNK,NE,ACE,CE,Towers with Radar,4,19,33,40,96,0,9,65,5,79,4,28,98,45,175,110,62,172,347
05/07/2021,LNK,NE,ACE,CE,Towers with Radar,4,14,23,53,94,0,2,81,2,85,4,16,104,55,179,144,24,168,347
05/08/2021,LNK,NE,ACE,CE,Towers with Radar,2,18,19,3,42,0,1,11,2,14,2,19,30,5,56,6,0,6,62
05/09/2021,LNK,NE,ACE,CE,Towers with Radar,4,14,23,2,43,0,0,11,0,11,4,14,34,2,54,18,0,18,72
05/10/2021,LNK,NE,ACE,CE,Towers with Radar,8,20,38,49,115,0,1,70,1,72,8,21,108,50,187,90,28,118,305
05/11/2021,LNK,NE,ACE,CE,Towers with Radar,4,20,40,75,139,0,3,55,9,67,4,23,95,84,206,122,40,162,368
05/12/2021,LNK,NE,ACE,CE,Towers with Radar,4,24,42,66,136,0,13,77,2,92,4,37,119,68,228,138,58,196,424
05/13/2021,LNK,NE,ACE,CE,Towers with Radar,4,23,37,64,128,0,19,71,4,94,4,42,108,68,222,156,52,208,430
05/14/2021,LNK,NE,ACE,CE,Towers with Radar,4,22,36,20,82,0,3,59,0,62,4,25,95,20,144,98,34,132,276
05/15/2021,LNK,NE,ACE,CE,Towers with Radar,4,17,17,0,38,0,0,36,0,36,4,17,53,0,74,42,0,42,116
05/16/2021,LNK,NE,ACE,CE,Towers with Radar,4,22,14,6,46,0,0,0,0,0,4,22,14,6,46,0,0,0,46
05/17/2021,LNK,NE,ACE,CE,Towers with Radar,4,21,25,36,86,0,0,3,0,3,4,21,28,36,89,40,2,42,131
05/18/2021,LNK,NE,ACE,CE,Towers with Radar,6,20,43,48,117,0,3,15,4,22,6,23,58,52,139,106,8,114,253
05/19/2021,LNK,NE,ACE,CE,Towers with Radar,4,15,60,77,156,0,2,9,0,11,4,17,69,77,167,72,22,94,261
05/20/2021,LNK,NE,ACE,CE,Towers with Radar,4,22,46,114,186,0,1,6,0,7,4,23,52,114,193,108,36,144,337
05/21/2021,LNK,NE,ACE,CE,Towers with Radar,6,28,46,88,168,0,1,24,0,25,6,29,70,88,193,46,22,68,261
05/22/2021,LNK,NE,ACE,CE,Towers with Radar,2,19,39,34,94,0,2,28,3,33,2,21,67,37,127,82,0,82,209
05/23/2021,LNK,NE,ACE,CE,Towers with Radar,4,24,22,1,51,0,1,25,0,26,4,25,47,1,77,38,0,38,115
05/24/2021,LNK,NE,ACE,CE,Towers with Radar,6,35,26,65,132,0,3,21,0,24,6,38,47,65,156,92,20,112,268
05/25/2021,LNK,NE,ACE,CE,Towers with Radar,4,25,46,90,165,0,1,43,1,45,4,26,89,91,210,142,74,216,426
05/26/2021,LNK,NE,ACE,CE,Towers with Radar,4,28,53,55,140,0,0,95,4,99,4,28,148,59,239,66,36,102,341
05/27/2021,LNK,NE,ACE,CE,Towers with Radar,6,38,42,28,114,0,1,19,5,25,6,39,61,33,139,70,6,76,215
05/28/2021,LNK,NE,ACE,CE,Towers with Radar,4,37,44,1,86,0,0,17,1,18,4,37,61,2,104,172,0,172,276
05/29/2021,LNK,NE,ACE,CE,Towers with Radar,2,22,24,2,50,0,0,54,0,54,2,22,78,2,104,82,0,82,186
05/30/2021,LNK,NE,ACE,CE,Towers with Radar,6,28,20,0,54,0,0,18,0,18,6,28,38,0,72,0,0,0,72
05/31/2021,LNK,NE,ACE,CE,Towers with Radar,4,29,25,0,58,0,0,46,0,46,4,29,71,0,104,14,0,14,118
06/01/2021,LNK,NE,ACE,CE,Towers with Radar,5,18,54,63,140,0,1,71,17,89,5,19,125,80,229,92,48,140,369
06/02/2021,LNK,NE,ACE,CE,Towers with Radar,6,28,33,84,151,0,5,85,16,106,6,33,118,100,257,84,42,126,383
06/03/2021,LNK,NE,ACE,CE,Towers with Radar,3,28,44,41,116,0,5,90,4,99,3,33,134,45,215,74,38,112,327
06/04/2021,LNK,NE,ACE,CE,Towers with Radar,2,39,27,65,133,0,3,93,2,98,2,42,120,67,231,36,8,44,275
06/05/2021,LNK,NE,ACE,CE,Towers with Radar,4,26,15,8,53,0,1,71,2,74,4,27,86,10,127,56,0,56,183
06/06/2021,LNK,NE,ACE,CE,Towers with Radar,2,33,23,10,68,0,0,34,0,34,2,33,57,10,102,14,4,18,120
06/07/2021,LNK,NE,ACE,CE,Towers with Radar,4,31,18,59,112,0,3,59,11,73,4,34,77,70,185,90,44,134,319
06/08/2021,LNK,NE,ACE,CE,Towers with Radar,2,27,24,69,122,0,0,56,3,59,2,27,80,72,181,134,60,194,375
06/09/2021,LNK,NE,ACE,CE,Towers with Radar,4,39,33,58,134,0,8,65,4,77,4,47,98,62,211,92,74,166,377
06/10/2021,LNK,NE,ACE,CE,Towers with Radar,2,33,46,41,122,0,2,77,4,83,2,35,123,45,205,86,16,102,307
06/11/2021,LNK,NE,ACE,CE,Towers with Radar,1,30,22,19,72,0,4,17,5,26,1,34,39,24,98,114,6,120,218
06/12/2021,LNK,NE,ACE,CE,Towers with Radar,1,23,22,7,53,0,2,75,5,82,1,25,97,12,135,28,4,32,167
06/13/2021,LNK,NE,ACE,CE,Towers with Radar,4,36,37,7,84,0,5,37,6,48,4,41,74,13,132,30,0,30,162
06/14/2021,LNK,NE,ACE,CE,Towers with Radar,2,32,32,48,114,0,3,59,2,64,2,35,91,50,178,100,50,150,328
06/15/2021,LNK,NE,ACE,CE,Towers with Radar,2,39,40,38,119,0,3,60,2,65,2,42,100,40,184,92,26,118,302
06/16/2021,LNK,NE,ACE,CE,Towers with Radar,2,36,40,45,123,0,3,56,10,69,2,39,96,55,192,68,54,122,314
06/17/2021,LNK,NE,ACE,CE,Towers with Radar,2,31,29,23,85,0,0,39,4,43,2,31,68,27,128,40,14,54,182
06/18/2021,LNK,NE,ACE,CE,Towers with Radar,2,30,29,2,63,0,3,36,1,40,2,33,65,3,103,54,0,54,157
06/19/2021,LNK,NE,ACE,CE,Towers with Radar,2,28,33,2,65,0,2,78,2,82,2,30,111,4,147,42,0,42,189
06/20/2021,LNK,NE,ACE,CE,Towers with Radar,1,30,21,0,52,0,0,43,0,43,1,30,64,0,95,32,0,32,127
06/21/2021,LNK,NE,ACE,CE,Towers with Radar,2,46,44,18,110,0,2,65,0,67,2,48,109,18,177,94,36,130,307
06/22/2021,LNK,NE,ACE,CE,Towers with Radar,2,37,42,31,112,0,1,64,2,67,2,38,106,33,179,34,4,38,217
06/23/2021,LNK,NE,ACE,CE,Towers with Radar,2,31,45,30,108,0,1,47,2,50,2,32,92,32,158,72,18,90,248
06/24/2021,LNK,NE,ACE,CE,Towers with Radar,1,37,28,24,90,0,0,26,2,28,1,37,54,26,118,44,36,80,198
06/25/2021,LNK,NE,ACE,CE,Towers with Radar,2,28,26,21,77,0,0,14,0,14,2,28,40,21,91,78,4,82,173
06/26/2021,LNK,NE,ACE,CE,Towers with Radar,1,31,28,33,93,0,0,10,0,10,1,31,38,33,103,44,0,44,147
06/27/2021,LNK,NE,ACE,CE,Towers with Radar,2,37,35,11,85,0,4,49,0,53,2,41,84,11,138,82,6,88,226
06/28/2021,LNK,NE,ACE,CE,Towers with Radar,1,25,41,21,88,0,2,37,1,40,1,27,78,22,128,110,2,112,240
06/29/2021,LNK,NE,ACE,CE,Towers with Radar,2,31,39,29,101,0,2,51,0,53,2,33,90,29,154,98,24,122,276
06/30/2021,LNK,NE,ACE,CE,Towers with Radar,1,39,40,41,121,0,3,64,0,67,1,42,104,41,188,82,34,116,304
07/01/2021,LNK,NE,ACE,CE,Towers with Radar,1,51,33,40,125,0,0,68,4,72,1,51,101,44,197,82,36,118,315
07/02/2021,LNK,NE,ACE,CE,Towers with Radar,0,42,23,3,68,0,0,69,2,71,0,42,92,5,139,74,0,74,213
07/03/2021,LNK,NE,ACE,CE,Towers with Radar,0,34,12,0,46,0,1,57,1,59,0,35,69,1,105,88,0,88,193
07/04/2021,LNK,NE,ACE,CE,Towers with Radar,0,22,8,0,30,0,3,27,1,31,0,25,35,1,61,24,0,24,85
07/05/2021,LNK,NE,ACE,CE,Towers with Radar,0,36,13,1,50,0,0,36,0,36,0,36,49,1,86,28,0,28,114
07/06/2021,LNK,NE,ACE,CE,Towers with Radar,0,35,26,61,122,0,0,61,1,62,0,35,87,62,184,64,28,92,276
07/07/2021,LNK,NE,ACE,CE,Towers with Radar,0,34,44,78,156,0,2,21,2,25,0,36,65,80,181,128,34,162,343
07/08/2021,LNK,NE,ACE,CE,Towers with Radar,0,43,42,67,152,0,4,79,3,86,0,47,121,70,238,98,88,186,424
07/09/2021,LNK,NE,ACE,CE,Towers with Radar,3,45,47,30,125,0,3,58,2,63,3,48,105,32,188,60,12,72,260
07/10/2021,LNK,NE,ACE,CE,Towers with Radar,5,29,15,1,50,0,0,19,0,19,5,29,34,1,69,54,0,54,123
07/11/2021,LNK,NE,ACE,CE,Towers with Radar,2,48,25,10,85,0,4,23,0,27,2,52,48,10,112,12,6,18,130
07/12/2021,LNK,NE,ACE,CE,Towers with Radar,0,32,27,27,86,0,0,57,9,66,0,32,84,36,152,34,32,66,218
07/13/2021,LNK,NE,ACE,CE,Towers with Radar,0,44,31,52,127,0,2,58,0,60,0,46,89,52,187,46,28,74,261
07/14/2021,LNK,NE,ACE,CE,Towers with Radar,0,49,33,37,119,0,0,21,2,23,0,49,54,39,142,38,20,58,200
07/15/2021,LNK,NE,ACE,CE,Towers with Radar,0,47,42,47,136,0,0,20,2,22,0,47,62,49,158,88,30,118,276
07/16/2021,LNK,NE,ACE,CE,Towers with Radar,0,31,36,48,115,0,2,26,6,34,0,33,62,54,149,58,26,84,233
07/17/2021,LNK,NE,ACE,CE,Towers with Radar,5,34,28,4,71,0,0,61,2,63,5,34,89,6,134,66,0,66,200
07/18/2021,LNK,NE,ACE,CE,Towers with Radar,1,38,35,0,74,0,5,28,0,33,1,43,63,0,107,60,0,60,167
07/19/2021,LNK,NE,ACE,CE,Towers with Radar,0,45,32,61,138,0,6,48,7,61,0,51,80,68,199,26,26,52,251
07/20/2021,LNK,NE,ACE,CE,Towers with Radar,0,46,55,43,144,0,2,63,6,71,0,48,118,49,215,58,14,72,287
07/21/2021,LNK,NE,ACE,CE,Towers with Radar,0,42,52,36,130,0,2,70,2,74,0,44,122,38,204,89,30,119,323
07/22/2021,LNK,NE,ACE,CE,Towers with Radar,2,47,44,43,136,0,4,46,5,55,2,51,90,48,191,54,30,84,275
07/23/2021,LNK,NE,ACE,CE,Towers with Radar,2,38,30,52,122,0,2,64,2,68,2,40,94,54,190,28,18,46,236
07/24/2021,LNK,NE,ACE,CE,Towers with Radar,0,30,24,5,59,0,6,40,5,51,0,36,64,10,110,52,0,52,162
07/25/2021,LNK,NE,ACE,CE,Towers with Radar,0,48,31,16,95,0,2,15,6,23,0,50,46,22,118,8,0,8,126
07/26/2021,LNK,NE,ACE,CE,Towers with Radar,0,35,37,36,108,0,4,53,1,58,0,39,90,37,166,32,4,36,202
07/27/2021,LNK,NE,ACE,CE,Towers with Radar,2,42,31,42,117,0,0,53,4,57,2,42,84,46,174,50,28,78,252
07/28/2021,LNK,NE,ACE,CE,Towers with Radar,0,38,27,70,135,0,6,58,12,76,0,44,85,82,211,94,18,112,323
07/29/2021,LNK,NE,ACE,CE,Towers with Radar,0,38,47,35,120,0,4,53,3,60,0,42,100,38,180,98,38,136,316
07/30/2021,LNK,NE,ACE,CE,Towers with Radar,2,37,23,64,126,0,1,32,0,33,2,38,55,64,159,56,28,84,243
07/31/2021,LNK,NE,ACE,CE,Towers with Radar,1,27,28,9,65,0,0,3,0,3,1,27,31,9,68,0,0,0,68
08/01/2021,LNK,NE,ACE,CE,Towers with Radar,6,41,43,18,108,0,1,47,0,48,6,42,90,18,156,12,2,14,170
08/02/2021,LNK,NE,ACE,CE,Towers with Radar,4,38,33,65,140,0,1,45,4,50,4,39,78,69,190,58,32,90,280
08/03/2021,LNK,NE,ACE,CE,Towers with Radar,4,44,31,50,129,0,3,63,0,66,4,47,94,50,195,48,20,68,263
08/04/2021,LNK,NE,ACE,CE,Towers with Radar,4,40,30,37,111,0,3,56,6,65,4,43,86,43,176,46,36,82,258
08/05/2021,LNK,NE,ACE,CE,Towers with Radar,6,29,35,84,154,0,3,64,3,70,6,32,99,87,224,56,36,92,316
08/06/2021,LNK,NE,ACE,CE,Towers with Radar,4,26,45,58,133,0,3,83,4,90,4,29,128,62,223,50,16,66,289
08/07/2021,LNK,NE,ACE,CE,Towers with Radar,4,29,16,5,54,0,1,23,2,26,4,30,39,7,80,12,0,12,92
08/08/2021,LNK,NE,ACE,CE,Towers with Radar,4,46,40,16,106,0,2,30,1,33,4,48,70,17,139,14,0,14,153
08/09/2021,LNK,NE,ACE,CE,Towers with Radar,3,25,26,55,109,0,1,49,1,51,3,26,75,56,160,80,44,124,284
08/10/2021,LNK,NE,ACE,CE,Towers with Radar,2,36,24,48,110,0,1,60,1,62,2,37,84,49,172,72,40,112,284
08/11/2021,LNK,NE,ACE,CE,Towers with Radar,3,42,37,37,119,0,0,53,10,63,3,42,90,47,182,8,66,74,256
08/12/2021,LNK,NE,ACE,CE,Towers with Radar,4,42,41,57,144,0,9,60,3,72,4,51,101,60,216,50,40,90,306
08/13/2021,LNK,NE,ACE,CE,Towers with Radar,4,43,41,47,135,0,1,73,0,74,4,44,114,47,209,64,28,92,301
08/14/2021,LNK,NE,ACE,CE,Towers with Radar,4,34,46,8,92,0,10,116,7,133,4,44,162,15,225,10,0,10,235
08/15/2021,LNK,NE,ACE,CE,Towers with Radar,4,41,34,0,79,0,13,41,5,59,4,54,75,5,138,2,0,2,140
08/16/2021,LNK,NE,ACE,CE,Towers with Radar,3,33,35,36,107,0,8,62,3,73,3,41,97,39,180,32,24,56,236
08/17/2021,LNK,NE,ACE,CE,Towers with Radar,4,28,35,43,110,0,5,42,3,50,4,33,77,46,160,32,22,54,214
08/18/2021,LNK,NE,ACE,CE,Towers with Radar,4,27,41,61,133,0,7,48,7,62,4,34,89,68,195,29,16,45,240
08/19/2021,LNK,NE,ACE,CE,Towers with Radar,4,37,52,57,150,0,2,50,1,53,4,39,102,58,203,48,32,80,283
08/20/2021,LNK,NE,ACE,CE,Towers with Radar,4,28,31,26,89,0,4,14,0,18,4,32,45,26,107,12,6,18,125
08/21/2021,LNK,NE,ACE,CE,Towers with Radar,5,18,24,2,49,0,0,77,0,77,5,18,101,2,126,28,0,28,154
08/22/2021,LNK,NE,ACE,CE,Towers with Radar,6,31,17,2,56,0,1,31,0,32,6,32,48,2,88,6,0,6,94
08/23/2021,LNK,NE,ACE,CE,Towers with Radar,4,28,40,35,107,0,1,43,0,44,4,29,83,35,151,38,16,54,205
08/24/2021,LNK,NE,ACE,CE,Towers with Radar,5,37,28,32,102,0,2,55,4,61,5,39,83,36,163,58,38,96,259
08/25/2021,LNK,NE,ACE,CE,Towers with Radar,3,29,36,42,110,0,7,61,2,70,3,36,97,44,180,38,18,56,236
08/26/2021,LNK,NE,ACE,CE,Towers with Radar,4,44,29,31,108,0,12,45,1,58,4,56,74,32,166,74,48,122,288
08/27/2021,LNK,NE,ACE,CE,Towers with Radar,6,45,24,34,109,0,17,43,1,61,6,62,67,35,170,28,38,66,236
08/28/2021,LNK,NE,ACE,CE,Towers with Radar,7,27,20,0,54,0,0,42,2,44,7,27,62,2,98,16,0,16,114
08/29/2021,LNK,NE,ACE,CE,Towers with Radar,2,41,16,2,61,0,4,19,0,23,2,45,35,2,84,4,0,4,88
08/30/2021,LNK,NE,ACE,CE,Towers with Radar,4,36,38,26,104,0,3,25,0,28,4,39,63,26,132,16,18,34,166
08/31/2021,LNK,NE,ACE,CE,Towers with Radar,4,24,36,61,125,0,7,44,2,53,4,31,80,63,178,52,50,102,280
09/01/2021,LNK,NE,ACE,CE,Towers with Radar,4,37,34,58,133,0,9,25,7,41,4,46,59,65,174,40,40,80,254
09/02/2021,LNK,NE,ACE,CE,Towers with Radar,5,42,33,35,115,0,1,24,13,38,5,43,57,48,153,14,10,24,177
09/03/2021,LNK,NE,ACE,CE,Towers with Radar,4,34,34,1,73,0,0,21,1,22,4,34,55,2,95,134,0,134,229
09/04/2021,LNK,NE,ACE,CE,Towers with Radar,6,22,30,2,60,0,2,23,0,25,6,24,53,2,85,32,0,32,117
09/05/2021,LNK,NE,ACE,CE,Towers with Radar,4,24,19,0,47,0,1,38,0,39,4,25,57,0,86,8,0,8,94
09/06/2021,LNK,NE,ACE,CE,Towers with Radar,4,30,30,2,66,0,6,57,0,63,4,36,87,2,129,14,0,14,143
09/07/2021,LNK,NE,ACE,CE,Towers with Radar,3,46,38,52,139,0,9,45,5,59,3,55,83,57,198,58,42,100,298
09/08/2021,LNK,NE,ACE,CE,Towers with Radar,3,37,27,38,105,0,5,64,18,87,3,42,91,56,192,54,42,96,288
09/09/2021,LNK,NE,ACE,CE,Towers with Radar,4,30,54,49,137,0,15,84,6,105,4,45,138,55,242,104,46,150,392
09/10/2021,LNK,NE,ACE,CE,Towers with Radar,5,46,43,61,155,0,8,62,3,73,5,54,105,64,228,80,22,102,330
09/11/2021,LNK,NE,ACE,CE,Towers with Radar,5,39,29,4,77,0,4,66,8,78,5,43,95,12,155,54,20,74,229
09/12/2021,LNK,NE,ACE,CE,Towers with Radar,4,34,38,3,79,0,7,26,0,33,4,41,64,3,112,0,0,0,112
09/13/2021,LNK,NE,ACE,CE,Towers with Radar,4,42,36,50,132,0,9,55,0,64,4,51,91,50,196,70,28,98,294
09/14/2021,LNK,NE,ACE,CE,Towers with Radar,3,59,29,39,130,0,5,32,2,39,3,64,61,41,169,60,50,110,279
09/15/2021,LNK,NE,ACE,CE,Towers with Radar,4,52,30,31,117,0,16,55,5,76,4,68,85,36,193,22,20,42,235
09/16/2021,LNK,NE,ACE,CE,Towers with Radar,7,54,40,40,141,0,12,41,5,58,7,66,81,45,199,80,26,106,305
09/17/2021,LNK,NE,ACE,CE,Towers with Radar,7,34,27,7,75,0,4,38,3,45,7,38,65,10,120,40,0,40,160
09/18/2021,LNK,NE,ACE,CE,Towers with Radar,8,43,21,2,74,0,5,63,8,76,8,48,84,10,150,22,0,22,172
09/19/2021,LNK,NE,ACE,CE,Towers with Radar,4,34,22,1,61,0,3,20,0,23,4,37,42,1,84,0,0,0,84
09/20/2021,LNK,NE,ACE,CE,Towers with Radar,3,47,35,32,117,0,3,29,0,32,3,50,64,32,149,62,8,70,219
09/21/2021,LNK,NE,ACE,CE,Towers with Radar,4,42,41,64,151,0,4,66,6,76,4,46,107,70,227,68,40,108,335
09/22/2021,LNK,NE,ACE,CE,Towers with Radar,5,38,38,19,100,0,12,70,7,89,5,50,108,26,189,110,14,124,313
09/23/2021,LNK,NE,ACE,CE,Towers with Radar,4,43,33,16,96,0,0,62,1,63,4,43,95,17,159,70,4,74,233
09/24/2021,LNK,NE,ACE,CE,Towers with Radar,5,40,38,39,122,0,8,57,0,65,5,48,95,39,187,68,30,98,285
09/25/2021,LNK,NE,ACE,CE,Towers with Radar,3,40,34,0,77,0,3,67,0,70,3,43,101,0,147,36,0,36,183
09/26/2021,LNK,NE,ACE,CE,Towers with Radar,6,40,34,0,80,0,0,36,0,36,6,40,70,0,116,30,0,30,146
09/27/2021,LNK,NE,ACE,CE,Towers with Radar,4,35,44,6,89,0,2,51,0,53,4,37,95,6,142,60,6,66,208
09/28/2021,LNK,NE,ACE,CE,Towers with Radar,4,27,26,10,67,0,0,50,0,50,4,27,76,10,117,64,0,64,181
09/29/2021,LNK,NE,ACE,CE,Towers with Radar,4,40,36,28,108,0,3,31,0,34,4,43,67,28,142,96,28,124,266
09/30/2021,LNK,NE,ACE,CE,Towers with Radar,4,35,38,28,105,0,0,15,0,15,4,35,53,28,120,32,0,32,152
10/01/2021,LNK,NE,ACE,CE,Towers with Radar,5,42,43,56,146,0,2,9,5,16,5,44,52,61,162,110,36,146,308
10/02/2021,LNK,NE,ACE,CE,Towers with Radar,7,32,52,10,101,0,0,16,0,16,7,32,68,10,117,80,8,88,205
10/03/2021,LNK,NE,ACE,CE,Towers with Radar,4,34,28,21,87,0,4,38,0,42,4,38,66,21,129,8,0,8,137
10/04/2021,LNK,NE,ACE,CE,Towers with Radar,5,49,26,40,120,0,3,65,5,73,5,52,91,45,193,72,24,96,289
10/05/2021,LNK,NE,ACE,CE,Towers with Radar,0,37,37,76,150,0,4,68,5,77,0,41,105,81,227,78,64,142,369
10/06/2021,LNK,NE,ACE,CE,Towers with Radar,0,34,44,82,160,0,0,60,4,64,0,34,104,86,224,70,80,150,374
10/07/2021,LNK,NE,ACE,CE,Towers with Radar,0,44,49,66,159,0,4,55,0,59,0,48,104,66,218,50,54,104,322
10/08/2021,LNK,NE,ACE,CE,Towers with Radar,2,43,38,31,114,0,9,93,8,110,2,52,131,39,224,82,32,114,338
10/09/2021,LNK,NE,ACE,CE,Towers with Radar,3,40,35,1,79,0,4,45,1,50,3,44,80,2,129,68,0,68,197
10/10/2021,LNK,NE,ACE,CE,Towers with Radar,2,47,42,3,94,0,0,31,1,32,2,47,73,4,126,10,0,10,136
10/11/2021,LNK,NE,ACE,CE,Towers with Radar,0,43,32,0,75,0,2,47,0,49,0,45,79,0,124,52,0,52,176
10/12/2021,LNK,NE,ACE,CE,Towers with Radar,0,45,32,38,115,0,0,46,1,47,0,45,78,39,162,60,14,74,236
10/13/2021,LNK,NE,ACE,CE,Towers with Radar,0,37,28,29,94,0,11,1,0,12,0,48,29,29,106,0,26,26,132
10/14/2021,LNK,NE,ACE,CE,Towers with Radar,0,52,46,64,162,0,12,70,5,87,0,64,116,69,249,60,26,86,335
10/15/2021,LNK,NE,ACE,CE,Towers with Radar,2,39,50,32,123,0,3,66,3,72,2,42,116,35,195,78,6,84,279
10/16/2021,LNK,NE,ACE,CE,Towers with Radar,2,21,31,22,76,0,6,51,1,58,2,27,82,23,134,54,6,60,194
10/17/2021,LNK,NE,ACE,CE,Towers with Radar,0,39,17,0,56,0,0,45,0,45,0,39,62,0,101,10,0,10,111
10/18/2021,LNK,NE,ACE,CE,Towers with Radar,0,47,30,53,130,0,2,29,0,31,0,49,59,53,161,60,18,78,239
10/19/2021,LNK,NE,ACE,CE,Towers with Radar,0,47,41,49,137,0,7,62,2,71,0,54,103,51,208,52,38,90,298
10/20/2021,LNK,NE,ACE,CE,Towers with Radar,0,59,54,27,140,0,5,2,1,8,0,64,56,28,148,24,0,24,172
10/21/2021,LNK,NE,ACE,CE,Towers with Radar,0,40,45,57,142,0,9,32,0,41,0,49,77,57,183,110,44,154,337
10/22/2021,LNK,NE,ACE,CE,Towers with Radar,0,32,44,9,85,0,4,65,4,73,0,36,109,13,158,108,4,112,270
10/23/2021,LNK,NE,ACE,CE,Towers with Radar,0,30,27,1,58,0,5,38,1,44,0,35,65,2,102,60,0,60,162
10/24/2021,LNK,NE,ACE,CE,Towers with Radar,1,32,10,0,43,0,0,0,0,0,1,32,10,0,43,0,0,0,43
10/25/2021,LNK,NE,ACE,CE,Towers with Radar,0,31,43,15,89,0,3,36,1,40,0,34,79,16,129,66,6,72,201
10/26/2021,LNK,NE,ACE,CE,Towers with Radar,1,39,19,28,87,0,1,2,1,4,1,40,21,29,91,0,0,0,91
10/27/2021,LNK,NE,ACE,CE,Towers with Radar,0,34,24,54,112,0,0,0,0,0,0,34,24,54,112,0,0,0,112
10/28/2021,LNK,NE,ACE,CE,Towers with Radar,0,58,40,40,138,0,7,11,0,18,0,65,51,40,156,0,0,0,156
10/29/2021,LNK,NE,ACE,CE,Towers with Radar,1,44,55,47,147,0,5,48,10,63,1,49,103,57,210,0,0,0,210
10/30/2021,LNK,NE,ACE,CE,Towers with Radar,2,39,42,0,83,0,0,63,2,65,2,39,105,2,148,0,0,0,148
10/31/2021,LNK,NE,ACE,CE,Towers with Radar,1,29,20,3,53,0,0,42,0,42,1,29,62,3,95,0,0,0,95
11/01/2021,LNK,NE,ACE,CE,Towers with Radar,0,53,22,23,98,0,0,2,0,2,0,53,24,23,100,0,0,0,100
11/02/2021,LNK,NE,ACE,CE,Towers with Radar,0,42,37,35,114,0,0,37,2,39,0,42,74,37,153,0,0,0,153
11/03/2021,LNK,NE,ACE,CE,Towers with Radar,0,41,31,39,111,0,7,34,2,43,0,48,65,41,154,0,0,0,154
11/04/2021,LNK,NE,ACE,CE,Towers with Radar,0,33,34,58,125,0,5,69,4,78,0,38,103,62,203,0,0,0,203
11/05/2021,LNK,NE,ACE,CE,Towers with Radar,3,44,26,9,82,0,1,39,6,46,3,45,65,15,128,0,0,0,128
11/06/2021,LNK,NE,ACE,CE,Towers with Radar,3,28,39,29,99,0,7,68,7,82,3,35,107,36,181,0,0,0,181
11/07/2021,LNK,NE,ACE,CE,Towers with Radar,1,46,27,4,78,0,4,42,1,47,1,50,69,5,125,0,0,0,125
11/08/2021,LNK,NE,ACE,CE,Towers with Radar,0,51,32,35,118,0,1,49,2,52,0,52,81,37,170,0,0,0,170
11/09/2021,LNK,NE,ACE,CE,Towers with Radar,0,41,32,48,121,0,14,57,1,72,0,55,89,49,193,0,0,0,193
11/10/2021,LNK,NE,ACE,CE,Towers with Radar,0,49,33,53,135,0,8,3,1,12,0,57,36,54,147,34,14,48,195
11/11/2021,LNK,NE,ACE,CE,Towers with Radar,0,41,34,1,76,0,7,14,0,21,0,48,48,1,97,0,0,0,97
11/12/2021,LNK,NE,ACE,CE,Towers with Radar,0,29,14,5,48,0,2,0,1,3,0,31,14,6,51,0,0,0,51
11/13/2021,LNK,NE,ACE,CE,Towers with Radar,0,28,15,2,45,0,3,30,0,33,0,31,45,2,78,42,4,46,124
11/14/2021,LNK,NE,ACE,CE,Towers with Radar,0,34,28,1,63,0,2,36,0,38,0,36,64,1,101,50,0,50,151
11/15/2021,LNK,NE,ACE,CE,Towers with Radar,0,43,23,32,98,0,3,58,1,62,0,46,81,33,160,0,0,0,160
11/16/2021,LNK,NE,ACE,CE,Towers with Radar,0,48,41,55,144,0,1,53,5,59,0,49,94,60,203,0,0,0,203
11/17/2021,LNK,NE,ACE,CE,Towers with Radar,0,41,25,44,110,0,9,21,4,34,0,50,46,48,144,0,0,0,144
11/18/2021,LNK,NE,ACE,CE,Towers with Radar,0,40,37,49,126,0,4,65,10,79,0,44,102,59,205,0,0,0,205
11/19/2021,LNK,NE,ACE,CE,Towers with Radar,2,36,22,40,100,0,1,17,1,19,2,37,39,41,119,4,10,14,133
11/20/2021,LNK,NE,ACE,CE,Towers with Radar,2,35,24,1,62,0,1,69,0,70,2,36,93,1,132,32,0,32,164
11/21/2021,LNK,NE,ACE,CE,Towers with Radar,0,33,12,4,49,0,5,29,0,34,0,38,41,4,83,14,0,14,97
11/22/2021,LNK,NE,ACE,CE,Towers with Radar,0,50,29,50,129,0,4,53,0,57,0,54,82,50,186,56,56,112,298
11/23/2021,LNK,NE,ACE,CE,Towers with Radar,0,52,30,69,151,0,10,42,4,56,0,62,72,73,207,8,40,48,255
11/24/2021,LNK,NE,ACE,CE,Towers with Radar,0,64,18,114,196,0,2,28,0,30,0,66,46,114,226,118,26,144,370
11/25/2021,LNK,NE,ACE,CE,Towers with Radar,1,17,6,2,26,0,2,6,0,8,1,19,12,2,34,24,0,24,58
11/26/2021,LNK,NE,ACE,CE,Towers with Radar,1,32,35,1,69,0,0,43,0,43,1,32,78,1,112,10,0,10,122
11/27/2021,LNK,NE,ACE,CE,Towers with Radar,0,32,23,0,55,0,0,17,0,17,0,32,40,0,72,16,0,16,88
11/28/2021,LNK,NE,ACE,CE,Towers with Radar,0,51,41,2,94,0,2,52,0,54,0,53,93,2,148,4,0,4,152
11/29/2021,LNK,NE,ACE,CE,Towers with Radar,0,52,32,40,124,0,3,52,0,55,0,55,84,40,179,56,38,94,273
11/30/2021,LNK,NE,ACE,CE,Towers with Radar,0,42,27,59,128,0,4,60,3,67,0,46,87,62,195,60,78,138,333
12/01/2021,LNK,NE,ACE,CE,Towers with Radar,0,37,25,56,118,0,7,48,7,62,0,44,73,63,180,36,56,92,272
12/02/2021,LNK,NE,ACE,CE,Towers with Radar,0,44,35,40,119,0,13,52,4,69,0,57,87,44,188,42,34,76,264
12/03/2021,LNK,NE,ACE,CE,Towers with Radar,0,36,26,33,95,0,9,45,1,55,0,45,71,34,150,62,56,118,268
12/04/2021,LNK,NE,ACE,CE,Towers with Radar,2,31,18,25,76,0,0,35,0,35,2,31,53,25,111,32,22,54,165
12/05/2021,LNK,NE,ACE,CE,Towers with Radar,2,34,18,5,59,0,2,13,0,15,2,36,31,5,74,0,0,0,74
12/06/2021,LNK,NE,ACE,CE,Towers with Radar,1,41,27,13,82,0,0,30,0,30,1,41,57,13,112,22,12,34,146
12/07/2021,LNK,NE,ACE,CE,Towers with Radar,0,42,24,64,130,0,2,33,5,40,0,44,57,69,170,46,26,72,242
12/08/2021,LNK,NE,ACE,CE,Towers with Radar,0,39,39,34,112,0,7,51,7,65,0,46,90,41,177,52,46,98,275
12/09/2021,LNK,NE,ACE,CE,Towers with Radar,5,40,24,48,117,0,13,44,3,60,5,53,68,51,177,66,26,92,269
12/10/2021,LNK,NE,ACE,CE,Towers with Radar,3,38,25,23,89,0,3,1,1,5,3,41,26,24,94,0,4,4,98
12/11/2021,LNK,NE,ACE,CE,Towers with Radar,4,22,16,1,43,0,3,44,2,49,4,25,60,3,92,24,8,32,124
12/12/2021,LNK,NE,ACE,CE,Towers with Radar,2,34,28,0,64,0,2,26,0,28,2,36,54,0,92,8,0,8,100
12/13/2021,LNK,NE,ACE,CE,Towers with Radar,2,38,49,52,141,0,8,57,2,67,2,46,106,54,208,106,46,152,360
12/14/2021,LNK,NE,ACE,CE,Towers with Radar,2,39,26,63,130,0,6,61,0,67,2,45,87,63,197,42,46,88,285
12/15/2021,LNK,NE,ACE,CE,Towers with Radar,2,19,5,4,30,0,0,3,0,3,2,19,8,4,33,2,2,4,37
12/16/2021,LNK,NE,ACE,CE,Towers with Radar,1,52,52,24,129,0,12,35,1,48,1,64,87,25,177,78,14,92,269
12/17/2021,LNK,NE,ACE,CE,Towers with Radar,0,38,42,45,125,0,1,48,4,53,0,39,90,49,178,68,26,94,272
12/18/2021,LNK,NE,ACE,CE,Towers with Radar,0,23,15,4,42,0,2,14,0,16,0,25,29,4,58,28,0,28,86
12/19/2021,LNK,NE,ACE,CE,Towers with Radar,0,32,18,0,50,0,4,7,0,11,0,36,25,0,61,0,0,0,61
12/20/2021,LNK,NE,ACE,CE,Towers with Radar,0,33,31,35,99,0,1,38,2,41,0,34,69,37,140,14,28,42,182
12/21/2021,LNK,NE,ACE,CE,Towers with Radar,0,43,31,35,109,0,4,49,3,56,0,47,80,38,165,24,16,40,205
12/22/2021,LNK,NE,ACE,CE,Towers with Radar,0,50,35,34,119,0,1,46,3,50,0,51,81,37,169,58,42,100,269
12/23/2021,LNK,NE,ACE,CE,Towers with Radar,1,42,31,2,76,0,0,65,1,66,1,42,96,3,142,76,0,76,218
12/24/2021,LNK,NE,ACE,CE,Towers with Radar,1,26,14,0,41,0,0,14,0,14,1,26,28,0,55,12,0,12,67
12/25/2021,LNK,NE,ACE,CE,Towers with Radar,0,20,0,0,20,0,0,10,0,10,0,20,10,0,30,0,0,0,30
12/26/2021,LNK,NE,ACE,CE,Towers with Radar,0,47,22,0,69,0,0,16,0,16,0,47,38,0,85,14,0,14,99
12/27/2021,LNK,NE,ACE,CE,Towers with Radar,1,51,34,11,97,0,0,21,2,23,1,51,55,13,120,26,0,26,146
12/28/2021,LNK,NE,ACE,CE,Towers with Radar,0,38,28,34,100,0,1,35,0,36,0,39,63,34,136,26,24,50,186
12/29/2021,LNK,NE,ACE,CE,Towers with Radar,1,28,22,6,57,0,5,26,0,31,1,33,48,6,88,50,0,50,138
12/30/2021,LNK,NE,ACE,CE,Towers with Radar,1,43,35,8,87,0,2,49,0,51,1,45,84,8,138,42,18,60,198
12/31/2021,LNK,NE,ACE,CE,Towers with Radar,0,25,3,0,28,0,0,0,0,0,0,25,3,0,28,0,0,0,28
01/01/2022,LNK,NE,ACE,CE,Towers with Radar,1,16,3,0,20,0,0,0,0,0,1,16,3,0,20,0,0,0,20
01/02/2022,LNK,NE,ACE,CE,Towers with Radar,1,40,17,1,59,0,0,14,0,14,1,40,31,1,73,10,0,10,83
01/03/2022,LNK,NE,ACE,CE,Towers with Radar,4,50,33,3,90,0,0,24,0,24,4,50,57,3,114,43,0,43,157
01/04/2022,LNK,NE,ACE,CE,Towers with Radar,2,32,15,28,77,0,4,22,1,27,2,36,37,29,104,8,10,18,122
01/05/2022,LNK,NE,ACE,CE,Towers with Radar,2,27,23,26,78,0,15,14,1,30,2,42,37,27,108,6,6,12,120
01/06/2022,LNK,NE,ACE,CE,Towers with Radar,0,26,19,49,94,0,10,8,17,35,0,36,27,66,129,0,32,32,161
01/07/2022,LNK,NE,ACE,CE,Towers with Radar,0,37,29,29,95,0,4,40,0,44,0,41,69,29,139,30,36,66,205
01/08/2022,LNK,NE,ACE,CE,Towers with Radar,0,20,6,0,26,1,1,6,0,8,1,21,12,0,34,20,0,20,54
01/09/2022,LNK,NE,ACE,CE,Towers with Radar,1,41,31,2,75,0,2,35,0,37,1,43,66,2,112,8,0,8,120
01/10/2022,LNK,NE,ACE,CE,Towers with Radar,1,34,27,58,120,0,0,43,0,43,1,34,70,58,163,76,34,110,273
01/11/2022,LNK,NE,ACE,CE,Towers with Radar,1,32,26,51,110,0,3,40,0,43,1,35,66,51,153,80,26,106,259
01/12/2022,LNK,NE,ACE,CE,Towers with Radar,0,33,36,31,100,0,4,46,2,52,0,37,82,33,152,48,42,90,242
01/13/2022,LNK,NE,ACE,CE,Towers with Radar,0,43,39,81,163,0,7,64,0,71,0,50,103,81,234,34,58,92,326
01/14/2022,LNK,NE,ACE,CE,Towers with Radar,0,29,11,27,67,0,0,1,2,3,0,29,12,29,70,0,0,0,70
01/15/2022,LNK,NE,ACE,CE,Towers with Radar,0,28,11,5,44,0,1,12,0,13,0,29,23,5,57,6,0,6,63
01/16/2022,LNK,NE,ACE,CE,Towers with Radar,2,29,25,0,56,0,1,17,0,18,2,30,42,0,74,8,0,8,82
01/17/2022,LNK,NE,ACE,CE,Towers with Radar,2,35,34,0,71,0,9,37,0,46,2,44,71,0,117,36,0,36,153
01/18/2022,LNK,NE,ACE,CE,Towers with Radar,0,30,38,60,128,0,3,47,1,51,0,33,85,61,179,82,48,130,309
01/19/2022,LNK,NE,ACE,CE,Towers with Radar,2,30,24,75,131,0,15,9,5,29,2,45,33,80,160,10,30,40,200
01/20/2022,LNK,NE,ACE,CE,Towers with Radar,3,40,41,82,166,0,13,34,2,49,3,53,75,84,215,50,42,92,307
01/21/2022,LNK,NE,ACE,CE,Towers with Radar,1,28,11,31,71,0,3,32,0,35,1,31,43,31,106,30,40,70,176
01/22/2022,LNK,NE,ACE,CE,Towers with Radar,0,22,20,0,42,0,4,60,2,66,0,26,80,2,108,34,2,36,144
01/23/2022,LNK,NE,ACE,CE,Towers with Radar,0,37,18,8,63,0,3,13,0,16,0,40,31,8,79,16,2,18,97
01/24/2022,LNK,NE,ACE,CE,Towers with Radar,0,34,29,48,111,0,4,21,0,25,0,38,50,48,136,0,28,28,164
01/25/2022,LNK,NE,ACE,CE,Towers with Radar,0,33,25,36,94,0,7,29,2,38,0,40,54,38,132,56,22,78,210
01/26/2022,LNK,NE,ACE,CE,Towers with Radar,2,33,20,59,114,0,5,26,6,37,2,38,46,65,151,2,4,6,157
01/27/2022,LNK,NE,ACE,CE,Towers with Radar,2,27,32,57,118,0,13,37,1,51,2,40,69,58,169,64,24,88,257
01/28/2022,LNK,NE,ACE,CE,Towers with Radar,2,32,29,42,105,0,3,51,1,55,2,35,80,43,160,108,32,140,300
01/29/2022,LNK,NE,ACE,CE,Towers with Radar,2,29,17,0,48,0,4,54,0,58,2,33,71,0,106,74,0,74,180
01/30/2022,LNK,NE,ACE,CE,Towers with Radar,0,40,6,0,46,0,2,39,0,41,0,42,45,0,87,4,0,4,91
01/31/2022,LNK,NE,ACE,CE,Towers with Radar,2,40,25,29,96,0,11,43,0,54,2,51,68,29,150,62,20,82,232
02/01/2022,LNK,NE,ACE,CE,Towers with Radar,2,48,37,30,117,0,6,19,1,26,2,54,56,31,143,72,6,78,221
02/02/2022,LNK,NE,ACE,CE,Towers with Radar,1,35,16,41,93,0,3,19,2,24,1,38,35,43,117,68,36,104,221
02/03/2022,LNK,NE,ACE,CE,Towers with Radar,1,28,28,61,118,0,23,30,6,59,1,51,58,67,177,42,26,68,245
02/04/2022,LNK,NE,ACE,CE,Towers with Radar,3,29,26,25,83,0,10,41,0,51,3,39,67,25,134,34,28,62,196
02/05/2022,LNK,NE,ACE,CE,Towers with Radar,5,19,24,12,60,0,4,47,0,51,5,23,71,12,111,10,0,10,121
02/06/2022,LNK,NE,ACE,CE,Towers with Radar,0,32,21,12,65,0,0,22,0,22,0,32,43,12,87,4,4,8,95
02/07/2022,LNK,NE,ACE,CE,Towers with Radar,2,30,39,5,76,0,1,57,0,58,2,31,96,5,134,68,0,68,202
02/08/2022,LNK,NE,ACE,CE,Towers with Radar,2,28,26,10,66,0,13,22,0,35,2,41,48,10,101,32,8,40,141
02/09/2022,LNK,NE,ACE,CE,Towers with Radar,2,33,30,47,112,0,1,39,7,47,2,34,69,54,159,28,36,64,223
02/10/2022,LNK,NE,ACE,CE,Towers with Radar,0,40,33,19,92,0,18,41,2,61,0,58,74,21,153,74,2,76,229
02/11/2022,LNK,NE,ACE,CE,Towers with Radar,2,28,39,13,82,0,3,8,2,13,2,31,47,15,95,0,0,0,95
02/12/2022,LNK,NE,ACE,CE,Towers with Radar,0,31,21,1,53,0,1,63,0,64,0,32,84,1,117,92,0,92,209
02/13/2022,LNK,NE,ACE,CE,Towers with Radar,3,28,14,0,45,0,0,27,0,27,3,28,41,0,72,20,0,20,92
02/14/2022,LNK,NE,ACE,CE,Towers with Radar,1,36,31,53,121,0,2,57,0,59,1,38,88,53,180,44,22,66,246
02/15/2022,LNK,NE,ACE,CE,Towers with Radar,2,31,41,53,127,0,3,42,3,48,2,34,83,56,175,58,40,98,273
02/16/2022,LNK,NE,ACE,CE,Towers with Radar,4,50,37,47,138,0,4,34,1,39,4,54,71,48,177,56,20,76,253
02/17/2022,LNK,NE,ACE,CE,Towers with Radar,4,38,31,51,124,0,4,42,1,47,4,42,73,52,171,48,52,100,271
02/18/2022,LNK,NE,ACE,CE,Towers with Radar,5,31,30,0,66,0,5,17,0,22,5,36,47,0,88,48,0,48,136
02/19/2022,LNK,NE,ACE,CE,Towers with Radar,5,28,23,1,57,0,17,55,2,74,5,45,78,3,131,64,0,64,195
02/20/2022,LNK,NE,ACE,CE,Towers with Radar,2,36,24,0,62,0,2,57,0,59,2,38,81,0,121,30,0,30,151
02/21/2022,LNK,NE,ACE,CE,Towers with Radar,3,43,37,1,84,0,2,36,0,38,3,45,73,1,122,39,0,39,161
02/22/2022,LNK,NE,ACE,CE,Towers with Radar,3,32,24,41,100,0,0,2,0,2,3,32,26,41,102,0,18,18,120
02/23/2022,LNK,NE,ACE,CE,Towers with Radar,2,31,27,39,99,0,3,18,5,26,2,34,45,44,125,70,8,78,203
02/24/2022,LNK,NE,ACE,CE,Towers with Radar,2,32,26,55,115,0,6,0,2,8,2,38,26,57,123,0,46,46,169
02/25/2022,LNK,NE,ACE,CE,Towers with Radar,2,38,46,51,137,0,8,66,1,75,2,46,112,52,212,52,12,64,276
02/26/2022,LNK,NE,ACE,CE,Towers with Radar,2,31,22,8,63,0,2,65,1,68,2,33,87,9,131,42,0,42,173
02/27/2022,LNK,NE,ACE,CE,Towers with Radar,2,25,30,7,64,0,0,34,2,36,2,25,64,9,100,4,6,10,110
02/28/2022,LNK,NE,ACE,CE,Towers with Radar,4,34,24,42,104,0,3,56,2,61,4,37,80,44,165,30,36,66,231
03/01/2022,LNK,NE,ACE,CE,Towers with Radar,1,31,31,68,131,0,1,65,2,68,1,32,96,70,199,0,0,0,199
03/02/2022,LNK,NE,ACE,CE,Towers with Radar,3,40,39,43,125,0,7,61,3,71,3,47,100,46,196,84,36,120,316
03/03/2022,LNK,NE,ACE,CE,Towers with Radar,4,45,37,61,147,0,11,37,6,54,4,56,74,67,201,0,12,12,213
03/04/2022,LNK,NE,ACE,CE,Towers with Radar,2,39,29,44,114,0,4,22,3,29,2,43,51,47,143,12,36,48,191
03/05/2022,LNK,NE,ACE,CE,Towers with Radar,2,24,9,19,54,0,0,2,0,2,2,24,11,19,56,0,0,0,56
03/06/2022,LNK,NE,ACE,CE,Towers with Radar,2,32,19,4,57,0,1,14,0,15,2,33,33,4,72,16,10,26,98
03/07/2022,LNK,NE,ACE,CE,Towers with Radar,0,53,31,6,90,0,2,36,0,38,0,55,67,6,128,66,4,70,198
03/08/2022,LNK,NE,ACE,CE,Towers with Radar,2,36,43,33,114,0,2,38,1,41,2,38,81,34,155,30,16,46,201
03/09/2022,LNK,NE,ACE,CE,Towers with Radar,0,37,30,87,154,0,5,12,0,17,0,42,42,87,171,42,58,100,271
03/10/2022,LNK,NE,ACE,CE,Towers with Radar,2,38,26,38,104,0,0,7,0,7,2,38,33,38,111,0,26,26,137
03/11/2022,LNK,NE,ACE,CE,Towers with Radar,2,32,40,23,97,0,5,18,5,28,2,37,58,28,125,24,22,46,171
03/12/2022,LNK,NE,ACE,CE,Towers with Radar,0,33,12,5,50,0,1,31,0,32,0,34,43,5,82,18,2,20,102
03/13/2022,LNK,NE,ACE,CE,Towers with Radar,2,36,20,1,59,0,2,41,1,44,2,38,61,2,103,24,0,24,127
03/14/2022,LNK,NE,ACE,CE,Towers with Radar,2,35,21,51,109,0,5,37,12,54,2,40,58,63,163,54,24,78,241
03/15/2022,LNK,NE,ACE,CE,Towers with Radar,0,36,45,43,124,0,2,69,4,75,0,38,114,47,199,40,38,78,277
03/16/2022,LNK,NE,ACE,CE,Towers with Radar,4,39,30,46,119,0,8,56,3,67,4,47,86,49,186,16,28,44,230
03/17/2022,LNK,NE,ACE,CE,Towers with Radar,0,41,20,58,119,0,1,20,0,21,0,42,40,58,140,46,26,72,212
03/18/2022,LNK,NE,ACE,CE,Towers with Radar,0,39,26,52,117,0,1,46,0,47,0,40,72,52,164,18,54,72,236
03/19/2022,LNK,NE,ACE,CE,Towers with Radar,2,40,27,1,70,0,2,83,0,85,2,42,110,1,155,61,0,61,216
03/20/2022,LNK,NE,ACE,CE,Towers with Radar,0,36,27,0,63,0,0,35,0,35,0,36,62,0,98,14,0,14,112
03/21/2022,LNK,NE,ACE,CE,Towers with Radar,2,40,22,38,102,0,4,22,0,26,2,44,44,38,128,24,10,34,162
03/22/2022,LNK,NE,ACE,CE,Towers with Radar,4,28,27,28,87,0,0,0,0,0,4,28,27,28,87,0,0,0,87
03/23/2022,LNK,NE,ACE,CE,Towers with Radar,1,34,29,31,95,0,6,1,1,8,1,40,30,32,103,0,22,22,125
03/24/2022,LNK,NE,ACE,CE,Towers with Radar,1,43,37,49,130,0,12,12,2,26,1,55,49,51,156,72,26,98,254
03/25/2022,LNK,NE,ACE,CE,Towers with Radar,2,24,28,2,56,0,1,36,0,37,2,25,64,2,93,4,0,4,97
03/26/2022,LNK,NE,ACE,CE,Towers with Radar,0,20,22,0,42,0,6,109,0,115,0,26,131,0,157,126,0,126,283
03/27/2022,LNK,NE,ACE,CE,Towers with Radar,0,34,30,3,67,0,1,41,0,42,0,35,71,3,109,32,0,32,141
03/28/2022,LNK,NE,ACE,CE,Towers with Radar,0,32,28,34,94,0,2,49,1,52,0,34,77,35,146,22,14,36,182
03/29/2022,LNK,NE,ACE,CE,Towers with Radar,2,43,18,38,101,0,2,14,3,19,2,45,32,41,120,8,12,20,140
03/30/2022,LNK,NE,ACE,CE,Towers with Radar,0,35,29,22,86,0,8,1,2,11,0,43,30,24,97,4,14,18,115
03/31/2022,LNK,NE,ACE,CE,Towers with Radar,0,38,39,43,120,0,19,50,1,70,0,57,89,44,190,60,20,80,270
04/01/2022,LNK,NE,ACE,CE,Towers with Radar,0,31,42,51,124,0,3,70,1,74,0,34,112,52,198,82,32,114,312
04/02/2022,LNK,NE,ACE,CE,Towers with Radar,0,19,24,20,63,0,2,76,0,78,0,21,100,20,141,66,12,78,219
04/03/2022,LNK,NE,ACE,CE,Towers with Radar,0,37,26,3,66,0,5,17,0,22,0,42,43,3,88,48,0,48,136
04/04/2022,LNK,NE,ACE,CE,Towers with Radar,0,33,41,42,116,0,2,67,3,72,0,35,108,45,188,84,34,118,306
04/05/2022,LNK,NE,ACE,CE,Towers with Radar,0,44,31,54,129,0,2,4,0,6,0,46,35,54,135,20,2,22,157
04/06/2022,LNK,NE,ACE,CE,Towers with Radar,0,33,20,14,67,0,16,3,0,19,0,49,23,14,86,0,16,16,102
04/07/2022,LNK,NE,ACE,CE,Towers with Radar,2,39,14,13,68,0,0,3,0,3,2,39,17,13,71,0,0,0,71
04/08/2022,LNK,NE,ACE,CE,Towers with Radar,0,34,33,35,102,0,7,22,4,33,0,41,55,39,135,8,26,34,169
04/09/2022,LNK,NE,ACE,CE,Towers with Radar,0,23,29,1,53,0,4,89,5,98,0,27,118,6,151,122,4,126,277
04/10/2022,LNK,NE,ACE,CE,Towers with Radar,0,35,18,9,62,0,7,38,0,45,0,42,56,9,107,4,8,12,119
04/11/2022,LNK,NE,ACE,CE,Towers with Radar,1,33,33,77,144,1,6,79,7,93,2,39,112,84,237,100,40,140,377
04/12/2022,LNK,NE,ACE,CE,Towers with Radar,0,34,20,19,73,0,2,1,0,3,0,36,21,19,76,0,6,6,82
04/13/2022,LNK,NE,ACE,CE,Towers with Radar,0,45,12,47,104,0,9,32,5,46,0,54,44,52,150,18,32,50,200
04/14/2022,LNK,NE,ACE,CE,Towers with Radar,0,39,17,10,66,0,6,10,0,16,0,45,27,10,82,16,6,22,104
04/15/2022,LNK,NE,ACE,CE,Towers with Radar,0,48,27,45,120,0,11,53,5,69,0,59,80,50,189,40,22,62,251
04/16/2022,LNK,NE,ACE,CE,Towers with Radar,0,21,21,4,46,0,4,64,0,68,0,25,85,4,114,128,4,132,246
04/17/2022,LNK,NE,ACE,CE,Towers with Radar,0,33,6,1,40,0,4,11,0,15,0,37,17,1,55,0,0,0,55
04/18/2022,LNK,NE,ACE,CE,Towers with Radar,0,43,36,39,118,0,6,36,3,45,0,49,72,42,163,44,26,70,233
04/19/2022,LNK,NE,ACE,CE,Towers with Radar,0,35,34,46,115,0,14,31,1,46,0,49,65,47,161,48,26,74,235
04/20/2022,LNK,NE,ACE,CE,Towers with Radar,0,42,34,33,109,0,10,8,1,19,0,52,42,34,128,64,2,66,194
04/21/2022,LNK,NE,ACE,CE,Towers with Radar,0,44,30,36,110,0,16,22,5,43,0,60,52,41,153,110,36,146,299
04/22/2022,LNK,NE,ACE,CE,Towers with Radar,0,43,20,8,71,0,4,7,4,15,0,47,27,12,86,0,2,2,88
04/23/2022,LNK,NE,ACE,CE,Towers with Radar,0,17,17,0,34,0,0,1,1,2,0,17,18,1,36,0,0,0,36
04/24/2022,LNK,NE,ACE,CE,Towers with Radar,0,37,20,17,74,0,2,9,0,11,0,39,29,17,85,0,2,2,87
04/25/2022,LNK,NE,ACE,CE,Towers with Radar,0,37,30,28,95,0,13,34,1,48,0,50,64,29,143,52,22,74,217
04/26/2022,LNK,NE,ACE,CE,Towers with Radar,0,30,33,43,106,0,10,64,8,82,0,40,97,51,188,34,40,74,262
04/27/2022,LNK,NE,ACE,CE,Towers with Radar,0,36,28,25,89,0,12,37,2,51,0,48,65,27,140,34,8,42,182
04/28/2022,LNK,NE,ACE,CE,Towers with Radar,0,50,38,31,119,0,10,40,3,53,0,60,78,34,172,32,4,36,208
04/29/2022,LNK,NE,ACE,CE,Towers with Radar,2,20,36,14,72,0,1,1,1,3,2,21,37,15,75,70,2,72,147
04/30/2022,LNK,NE,ACE,CE,Towers with Radar,0,24,6,0,30,0,0,0,0,0,0,24,6,0,30,0,0,0,30
05/01/2022,LNK,NE,ACE,CE,Towers with Radar,0,37,17,18,72,0,0,39,0,39,0,37,56,18,111,24,6,30,141
05/02/2022,LNK,NE,ACE,CE,Towers with Radar,0,36,16,7,59,0,0,1,0,1,0,36,17,7,60,18,0,18,78
05/03/2022,LNK,NE,ACE,CE,Towers with Radar,0,37,32,67,136,0,2,34,4,40,0,39,66,71,176,136,28,164,340
05/04/2022,LNK,NE,ACE,CE,Towers with Radar,0,31,45,43,119,0,1,5,0,6,0,32,50,43,125,24,0,24,149
05/05/2022,LNK,NE,ACE,CE,Towers with Radar,1,36,24,15,76,0,0,0,0,0,1,36,24,15,76,0,0,0,76
05/06/2022,LNK,NE,ACE,CE,Towers with Radar,3,35,58,41,137,0,3,21,0,24,3,38,79,41,161,104,0,104,265
05/07/2022,LNK,NE,ACE,CE,Towers with Radar,2,32,24,0,58,0,11,42,2,55,2,43,66,2,113,26,0,26,139
05/08/2022,LNK,NE,ACE,CE,Towers with Radar,2,35,13,4,54,0,0,9,0,9,2,35,22,4,63,0,0,0,63
05/09/2022,LNK,NE,ACE,CE,Towers with Radar,2,41,30,31,104,0,0,25,0,25,2,41,55,31,129,16,40,56,185
05/10/2022,LNK,NE,ACE,CE,Towers with Radar,2,28,47,52,129,0,3,56,0,59,2,31,103,52,188,138,10,148,336
05/11/2022,LNK,NE,ACE,CE,Towers with Radar,2,31,22,48,103,0,7,25,2,34,2,38,47,50,137,44,38,82,219
05/12/2022,LNK,NE,ACE,CE,Towers with Radar,2,27,32,20,81,0,13,20,3,36,2,40,52,23,117,26,0,26,143
05/13/2022,LNK,NE,ACE,CE,Towers with Radar,2,29,31,31,93,0,2,67,1,70,2,31,98,32,163,126,46,172,335
05/14/2022,LNK,NE,ACE,CE,Towers with Radar,2,30,11,4,47,0,0,64,0,64,2,30,75,4,111,96,0,96,207
05/15/2022,LNK,NE,ACE,CE,Towers with Radar,2,34,23,3,62,0,0,22,0,22,2,34,45,3,84,47,0,47,131
05/16/2022,LNK,NE,ACE,CE,Towers with Radar,2,36,29,2,69,0,5,75,5,85,2,41,104,7,154,74,0,74,228
05/17/2022,LNK,NE,ACE,CE,Towers with Radar,2,32,26,22,82,0,0,24,1,25,2,32,50,23,107,54,12,66,173
05/18/2022,LNK,NE,ACE,CE,Towers with Radar,2,30,33,48,113,0,3,68,3,74,2,33,101,51,187,166,28,194,381
05/19/2022,LNK,NE,ACE,CE,Towers with Radar,2,37,35,40,114,0,6,25,5,36,2,43,60,45,150,66,10,76,226
05/20/2022,LNK,NE,ACE,CE,Towers with Radar,2,30,23,38,93,0,5,32,0,37,2,35,55,38,130,62,24,86,216
05/21/2022,LNK,NE,ACE,CE,Towers with Radar,2,31,17,3,53,0,7,31,0,38,2,38,48,3,91,60,8,68,159
05/22/2022,LNK,NE,ACE,CE,Towers with Radar,2,30,24,0,56,0,8,51,0,59,2,38,75,0,115,62,0,62,177
05/23/2022,LNK,NE,ACE,CE,Towers with Radar,2,31,34,33,100,0,2,44,0,46,2,33,78,33,146,70,20,90,236
05/24/2022,LNK,NE,ACE,CE,Towers with Radar,2,27,26,33,88,0,2,7,0,9,2,29,33,33,97,2,6,8,105
05/25/2022,LNK,NE,ACE,CE,Towers with Radar,2,35,20,76,133,0,0,0,1,1,2,35,20,77,134,0,0,0,134
05/26/2022,LNK,NE,ACE,CE,Towers with Radar,2,25,50,51,128,0,0,15,4,19,2,25,65,55,147,120,61,181,328
05/27/2022,LNK,NE,ACE,CE,Towers with Radar,2,28,29,3,62,0,0,64,0,64,2,28,93,3,126,128,0,128,254
05/28/2022,LNK,NE,ACE,CE,Towers with Radar,2,20,16,3,41,0,4,26,0,30,2,24,42,3,71,6,0,6,77
05/29/2022,LNK,NE,ACE,CE,Towers with Radar,2,26,13,8,49,0,0,6,0,6,2,26,19,8,55,0,2,2,57
05/30/2022,LNK,NE,ACE,CE,Towers with Radar,2,30,13,1,46,0,3,5,0,8,2,33,18,1,54,0,0,0,54
05/31/2022,LNK,NE,ACE,CE,Towers with Radar,2,36,33,65,136,0,3,77,4,84,2,39,110,69,220,116,52,168,388
06/01/2022,LNK,NE,ACE,CE,Towers with Radar,0,28,30,65,123,0,1,45,2,48,0,29,75,67,171,108,62,170,341
06/02/2022,LNK,NE,ACE,CE,Towers with Radar,0,37,62,68,167,0,4,81,9,94,0,41,143,77,261,58,86,144,405
06/03/2022,LNK,NE,ACE,CE,Towers with Radar,3,31,46,6,86,0,9,71,3,83,3,40,117,9,169,60,10,70,239
06/04/2022,LNK,NE,ACE,CE,Towers with Radar,4,24,13,8,49,0,1,20,6,27,4,25,33,14,76,32,46,78,154
06/05/2022,LNK,NE,ACE,CE,Towers with Radar,2,31,23,9,65,0,3,27,0,30,2,34,50,9,95,18,4,22,117
06/06/2022,LNK,NE,ACE,CE,Towers with Radar,3,36,30,22,91,0,5,16,3,24,3,41,46,25,115,48,12,60,175
06/07/2022,LNK,NE,ACE,CE,Towers with Radar,5,30,44,11,90,0,3,32,1,36,5,33,76,12,126,88,8,96,222
06/08/2022,LNK,NE,ACE,CE,Towers with Radar,4,29,58,75,166,0,10,85,3,98,4,39,143,78,264,58,34,92,356
06/09/2022,LNK,NE,ACE,CE,Towers with Radar,4,35,33,21,93,0,1,49,3,53,4,36,82,24,146,26,50,76,222
06/10/2022,LNK,NE,ACE,CE,Towers with Radar,6,25,54,44,129,0,0,42,6,48,6,25,96,50,177,36,20,56,233
06/11/2022,LNK,NE,ACE,CE,Towers with Radar,4,26,20,8,58,0,3,41,0,44,4,29,61,8,102,54,0,54,156
06/12/2022,LNK,NE,ACE,CE,Towers with Radar,2,34,29,7,72,0,3,23,0,26,2,37,52,7,98,6,0,6,104
06/13/2022,LNK,NE,ACE,CE,Towers with Radar,4,35,28,5,72,0,1,19,0,20,4,36,47,5,92,4,2,6,98
06/14/2022,LNK,NE,ACE,CE,Towers with Radar,3,32,22,8,65,0,0,11,0,11,3,32,33,8,76,26,0,26,102
06/15/2022,LNK,NE,ACE,CE,Towers with Radar,5,32,39,20,96,0,6,45,1,52,5,38,84,21,148,60,4,64,212
06/16/2022,LNK,NE,ACE,CE,Towers with Radar,4,31,34,11,80,0,4,64,1,69,4,35,98,12,149,58,32,90,239
06/17/2022,LNK,NE,ACE,CE,Towers with Radar,4,30,32,34,100,0,4,51,5,60,4,34,83,39,160,40,46,86,246
06/18/2022,LNK,NE,ACE,CE,Towers with Radar,4,28,25,2,59,0,2,40,0,42,4,30,65,2,101,40,0,40,141
06/19/2022,LNK,NE,ACE,CE,Towers with Radar,2,23,25,9,59,0,4,26,0,30,2,27,51,9,89,0,10,10,99
06/20/2022,LNK,NE,ACE,CE,Towers with Radar,6,36,30,2,74,0,2,29,0,31,6,38,59,2,105,4,0,4,109
06/21/2022,LNK,NE,ACE,CE,Towers with Radar,4,41,37,5,87,0,2,91,2,95,4,43,128,7,182,82,0,82,264
06/22/2022,LNK,NE,ACE,CE,Towers with Radar,4,19,46,51,120,0,4,72,0,76,4,23,118,51,196,86,14,100,296
06/23/2022,LNK,NE,ACE,CE,Towers with Radar,4,26,45,23,98,0,2,58,0,60,4,28,103,23,158,58,14,72,230
06/24/2022,LNK,NE,ACE,CE,Towers with Radar,2,37,43,2,84,0,2,39,0,41,2,39,82,2,125,40,0,40,165
06/25/2022,LNK,NE,ACE,CE,Towers with Radar,0,23,23,11,57,0,1,17,1,19,0,24,40,12,76,56,6,62,138
06/26/2022,LNK,NE,ACE,CE,Towers with Radar,0,34,27,21,82,0,4,60,0,64,0,38,87,21,146,24,2,26,172
06/27/2022,LNK,NE,ACE,CE,Towers with Radar,0,45,35,16,96,0,2,72,2,76,0,47,107,18,172,54,0,54,226
06/28/2022,LNK,NE,ACE,CE,Towers with Radar,0,31,42,53,126,0,1,66,2,69,0,32,108,55,195,62,36,98,293
06/29/2022,LNK,NE,ACE,CE,Towers with Radar,0,43,30,55,128,0,15,50,1,66,0,58,80,56,194,98,50,148,342
06/30/2022,LNK,NE,ACE,CE,Towers with Radar,0,45,39,41,125,0,12,61,3,76,0,57,100,44,201,66,58,124,325
07/01/2022,LNK,NE,ACE,CE,Towers with Radar,0,43,30,1,74,0,1,55,0,56,0,44,85,1,130,100,0,100,230
07/02/2022,LNK,NE,ACE,CE,Towers with Radar,0,26,29,2,57,0,2,29,1,32,0,28,58,3,89,28,0,28,117
07/03/2022,LNK,NE,ACE,CE,Towers with Radar,0,25,18,0,43,0,0,7,0,7,0,25,25,0,50,22,0,22,72
07/04/2022,LNK,NE,ACE,CE,Towers with Radar,0,25,7,0,32,0,0,12,0,12,0,25,19,0,44,0,0,0,44
07/05/2022,LNK,NE,ACE,CE,Towers with Radar,0,37,32,24,93,0,3,37,0,40,0,40,69,24,133,70,34,104,237
07/06/2022,LNK,NE,ACE,CE,Towers with Radar,0,34,27,61,122,0,3,50,0,53,0,37,77,61,175,74,46,120,295
07/07/2022,LNK,NE,ACE,CE,Towers with Radar,0,30,45,26,101,0,0,15,0,15,0,30,60,26,116,108,14,122,238
07/08/2022,LNK,NE,ACE,CE,Towers with Radar,0,38,47,41,126,0,5,23,0,28,0,43,70,41,154,56,52,108,262
07/09/2022,LNK,NE,ACE,CE,Towers with Radar,0,27,20,12,59,0,3,63,1,67,0,30,83,13,126,76,2,78,204
07/10/2022,LNK,NE,ACE,CE,Towers with Radar,0,37,21,16,74,0,6,21,1,28,0,43,42,17,102,6,0,6,108
07/11/2022,LNK,NE,ACE,CE,Towers with Radar,0,39,43,32,114,0,8,47,0,55,0,47,90,32,169,62,24,86,255
07/12/2022,LNK,NE,ACE,CE,Towers with Radar,0,33,31,39,103,0,6,72,3,81,0,39,103,42,184,184,16,200,384
07/13/2022,LNK,NE,ACE,CE,Towers with Radar,0,35,42,40,117,0,10,64,7,81,0,45,106,47,198,114,36,150,348
07/14/2022,LNK,NE,ACE,CE,Towers with Radar,2,29,46,65,142,0,13,46,3,62,2,42,92,68,204,16,30,46,250
07/15/2022,LNK,NE,ACE,CE,Towers with Radar,0,34,34,40,108,0,4,51,4,59,0,38,85,44,167,62,38,100,267
07/16/2022,LNK,NE,ACE,CE,Towers with Radar,0,20,31,2,53,0,1,10,2,13,0,21,41,4,66,72,0,72,138
07/17/2022,LNK,NE,ACE,CE,Towers with Radar,2,31,37,1,71,0,2,28,1,31,2,33,65,2,102,0,0,0,102
07/18/2022,LNK,NE,ACE,CE,Towers with Radar,0,37,28,86,151,0,6,71,1,78,0,43,99,87,229,134,56,190,419
07/19/2022,LNK,NE,ACE,CE,Towers with Radar,0,32,32,51,115,0,5,41,3,49,0,37,73,54,164,88,44,132,296
07/20/2022,LNK,NE,ACE,CE,Towers with Radar,0,46,44,78,168,0,6,67,2,75,0,52,111,80,243,74,66,140,383
07/21/2022,LNK,NE,ACE,CE,Towers with Radar,0,37,43,30,110,0,10,41,4,55,0,47,84,34,165,122,20,142,307
07/22/2022,LNK,NE,ACE,CE,Towers with Radar,2,29,31,40,102,0,3,41,2,46,2,32,72,42,148,48,6,54,202
07/23/2022,LNK,NE,ACE,CE,Towers with Radar,0,30,17,0,47,0,1,32,0,33,0,31,49,0,80,8,0,8,88
07/24/2022,LNK,NE,ACE,CE,Towers with Radar,2,37,22,3,64,0,1,49,0,50,2,38,71,3,114,4,6,10,124
07/25/2022,LNK,NE,ACE,CE,Towers with Radar,2,41,26,11,80,0,0,18,0,18,2,41,44,11,98,120,6,126,224
07/26/2022,LNK,NE,ACE,CE,Towers with Radar,2,31,38,65,136,0,0,46,1,47,2,31,84,66,183,148,45,193,376
07/27/2022,LNK,NE,ACE,CE,Towers with Radar,0,37,39,60,136,0,5,46,0,51,0,42,85,60,187,86,26,112,299
07/28/2022,LNK,NE,ACE,CE,Towers with Radar,0,28,23,39,90,0,7,68,2,77,0,35,91,41,167,234,76,310,477
07/29/2022,LNK,NE,ACE,CE,Towers with Radar,2,36,43,65,146,0,0,56,1,57,2,36,99,66,203,56,20,76,279
07/30/2022,LNK,NE,ACE,CE,Towers with Radar,3,28,26,2,59,0,4,59,0,63,3,32,85,2,122,22,0,22,144
07/31/2022,LNK,NE,ACE,CE,Towers with Radar,1,37,28,1,67,0,4,29,1,34,1,41,57,2,101,4,0,4,105
08/01/2022,LNK,NE,ACE,CE,Towers with Radar,0,42,31,19,92,0,1,51,2,54,0,43,82,21,146,56,6,62,208
08/02/2022,LNK,NE,ACE,CE,Towers with Radar,2,29,27,12,70,0,2,66,0,68,2,31,93,12,138,10,2,12,150
08/03/2022,LNK,NE,ACE,CE,Towers with Radar,0,31,30,54,115,0,1,41,1,43,0,32,71,55,158,112,36,148,306
08/04/2022,LNK,NE,ACE,CE,Towers with Radar,2,42,26,49,119,0,0,66,4,70,2,42,92,53,189,124,30,154,343
08/05/2022,LNK,NE,ACE,CE,Towers with Radar,0,27,35,31,93,0,4,49,1,54,0,31,84,32,147,90,38,128,275
08/06/2022,LNK,NE,ACE,CE,Towers with Radar,2,19,27,2,50,0,5,43,1,49,2,24,70,3,99,50,8,58,157
08/07/2022,LNK,NE,ACE,CE,Towers with Radar,0,28,46,0,74,0,1,31,0,32,0,29,77,0,106,0,0,0,106
08/08/2022,LNK,NE,ACE,CE,Towers with Radar,1,30,38,20,89,0,1,54,0,55,1,31,92,20,144,94,24,118,262
08/09/2022,LNK,NE,ACE,CE,Towers with Radar,3,28,34,72,137,0,2,82,3,87,3,30,116,75,224,136,66,202,426
08/10/2022,LNK,NE,ACE,CE,Towers with Radar,2,24,28,29,83,0,10,58,6,74,2,34,86,35,157,160,36,196,353
08/11/2022,LNK,NE,ACE,CE,Towers with Radar,6,46,35,53,140,0,14,49,5,68,6,60,84,58,208,108,64,172,380
08/12/2022,LNK,NE,ACE,CE,Towers with Radar,0,36,35,17,88,0,5,51,2,58,0,41,86,19,146,66,24,90,236
08/13/2022,LNK,NE,ACE,CE,Towers with Radar,2,32,15,5,54,0,8,42,6,56,2,40,57,11,110,104,0,104,214
08/14/2022,LNK,NE,ACE,CE,Towers with Radar,0,41,17,8,66,0,10,27,0,37,0,51,44,8,103,22,0,22,125
08/15/2022,LNK,NE,ACE,CE,Towers with Radar,0,36,39,29,104,0,0,17,0,17,0,36,56,29,121,14,2,16,137
08/16/2022,LNK,NE,ACE,CE,Towers with Radar,0,36,47,26,109,0,1,11,1,13,0,37,58,27,122,62,8,70,192
08/17/2022,LNK,NE,ACE,CE,Towers with Radar,0,31,39,52,122,0,7,66,7,80,0,38,105,59,202,160,32,192,394
08/18/2022,LNK,NE,ACE,CE,Towers with Radar,0,36,49,30,115,0,14,73,4,91,0,50,122,34,206,122,36,158,364
08/19/2022,LNK,NE,ACE,CE,Towers with Radar,2,40,38,39,119,0,13,49,1,63,2,53,87,40,182,52,34,86,268
08/20/2022,LNK,NE,ACE,CE,Towers with Radar,2,20,16,4,42,0,5,30,0,35,2,25,46,4,77,160,0,160,237
08/21/2022,LNK,NE,ACE,CE,Towers with Radar,4,31,30,2,67,0,0,45,1,46,4,31,75,3,113,20,0,20,133
08/22/2022,LNK,NE,ACE,CE,Towers with Radar,1,32,47,49,129,0,1,63,0,64,1,33,110,49,193,116,10,126,319
08/23/2022,LNK,NE,ACE,CE,Towers with Radar,1,30,37,43,111,0,2,61,1,64,1,32,98,44,175,79,40,119,294
08/24/2022,LNK,NE,ACE,CE,Towers with Radar,0,40,25,45,110,0,10,41,7,58,0,50,66,52,168,62,52,114,282
08/25/2022,LNK,NE,ACE,CE,Towers with Radar,0,26,28,38,92,0,11,58,0,69,0,37,86,38,161,102,34,136,297
08/26/2022,LNK,NE,ACE,CE,Towers with Radar,0,37,50,18,105,0,6,47,0,53,0,43,97,18,158,68,22,90,248
08/27/2022,LNK,NE,ACE,CE,Towers with Radar,2,26,18,1,47,0,0,17,1,18,2,26,35,2,65,46,0,46,111
08/28/2022,LNK,NE,ACE,CE,Towers with Radar,0,33,27,2,62,0,5,28,0,33,0,38,55,2,95,8,0,8,103
08/29/2022,LNK,NE,ACE,CE,Towers with Radar,2,36,21,26,85,0,2,40,0,42,2,38,61,26,127,146,20,166,293
08/30/2022,LNK,NE,ACE,CE,Towers with Radar,0,26,46,32,104,0,8,67,1,76,0,34,113,33,180,152,40,192,372
08/31/2022,LNK,NE,ACE,CE,Towers with Radar,0,27,29,37,93,0,9,55,4,68,0,36,84,41,161,70,42,112,273
09/01/2022,LNK,NE,ACE,CE,Towers with Radar,0,43,39,59,141,0,3,58,6,67,0,46,97,65,208,178,42,220,428
09/02/2022,LNK,NE,ACE,CE,Towers with Radar,3,31,46,2,82,0,4,49,0,53,3,35,95,2,135,76,0,76,211
09/03/2022,LNK,NE,ACE,CE,Towers with Radar,1,26,45,2,74,0,5,63,2,70,1,31,108,4,144,40,6,46,190
09/04/2022,LNK,NE,ACE,CE,Towers with Radar,0,26,30,0,56,0,3,36,0,39,0,29,66,0,95,34,0,34,129
09/05/2022,LNK,NE,ACE,CE,Towers with Radar,0,38,33,0,71,0,3,33,0,36,0,41,66,0,107,40,0,40,147
09/06/2022,LNK,NE,ACE,CE,Towers with Radar,3,47,36,26,112,0,11,51,5,67,3,58,87,31,179,136,30,166,345
09/07/2022,LNK,NE,ACE,CE,Towers with Radar,6,33,43,29,111,0,7,82,9,98,6,40,125,38,209,158,28,186,395
09/08/2022,LNK,NE,ACE,CE,Towers with Radar,4,34,50,34,122,0,11,48,4,63,4,45,98,38,185,66,28,94,279
09/09/2022,LNK,NE,ACE,CE,Towers with Radar,7,36,28,30,101,0,0,59,3,62,7,36,87,33,163,34,26,60,223
09/10/2022,LNK,NE,ACE,CE,Towers with Radar,6,25,17,5,53,0,2,13,2,17,6,27,30,7,70,42,4,46,116
09/11/2022,LNK,NE,ACE,CE,Towers with Radar,5,30,32,11,78,0,3,46,9,58,5,33,78,20,136,34,0,34,170
09/12/2022,LNK,NE,ACE,CE,Towers with Radar,4,36,34,17,91,0,4,53,1,58,4,40,87,18,149,102,24,126,275
09/13/2022,LNK,NE,ACE,CE,Towers with Radar,6,38,29,49,122,0,2,64,3,69,6,40,93,52,191,108,42,150,341
09/14/2022,LNK,NE,ACE,CE,Towers with Radar,6,37,36,27,106,0,7,69,2,78,6,44,105,29,184,130,78,208,392
09/15/2022,LNK,NE,ACE,CE,Towers with Radar,7,37,42,41,127,0,1,54,6,61,7,38,96,47,188,38,46,84,272
09/16/2022,LNK,NE,ACE,CE,Towers with Radar,12,46,60,45,163,0,2,73,4,79,12,48,133,49,242,76,26,102,344
09/17/2022,LNK,NE,ACE,CE,Towers with Radar,9,68,96,1,174,0,3,60,2,65,9,71,156,3,239,52,6,58,297
09/18/2022,LNK,NE,ACE,CE,Towers with Radar,8,36,46,0,90,0,2,51,0,53,8,38,97,0,143,14,0,14,157
09/19/2022,LNK,NE,ACE,CE,Towers with Radar,6,40,40,48,134,0,2,56,0,58,6,42,96,48,192,108,60,168,360
09/20/2022,LNK,NE,ACE,CE,Towers with Radar,10,29,35,35,109,0,5,53,3,61,10,34,88,38,170,50,42,92,262
09/21/2022,LNK,NE,ACE,CE,Towers with Radar,8,35,34,25,102,0,5,37,4,46,8,40,71,29,148,88,8,96,244
09/22/2022,LNK,NE,ACE,CE,Towers with Radar,6,39,48,80,173,0,8,85,7,100,6,47,133,87,273,124,100,224,497
09/23/2022,LNK,NE,ACE,CE,Towers with Radar,8,45,37,33,123,0,4,27,2,33,8,49,64,35,156,44,18,62,218
09/24/2022,LNK,NE,ACE,CE,Towers with Radar,4,28,15,4,51,0,4,67,4,75,4,32,82,8,126,62,6,68,194
09/25/2022,LNK,NE,ACE,CE,Towers with Radar,9,28,25,2,64,0,0,28,0,28,9,28,53,2,92,12,0,12,104
09/26/2022,LNK,NE,ACE,CE,Towers with Radar,9,36,28,9,82,0,3,51,0,54,9,39,79,9,136,112,2,114,250
09/27/2022,LNK,NE,ACE,CE,Towers with Radar,8,36,39,25,108,0,11,79,1,91,8,47,118,26,199,174,10,184,383
09/28/2022,LNK,NE,ACE,CE,Towers with Radar,6,35,37,16,94,0,13,58,2,73,6,48,95,18,167,126,12,138,305
09/29/2022,LNK,NE,ACE,CE,Towers with Radar,3,32,38,5,78,0,10,64,0,74,3,42,102,5,152,114,34,148,300
09/30/2022,LNK,NE,ACE,CE,Towers with Radar,2,31,30,24,87,0,6,45,0,51,2,37,75,24,138,28,0,28,166
10/01/2022,LNK,NE,ACE,CE,Towers with Radar,1,25,24,1,51,0,3,72,1,76,1,28,96,2,127,80,0,80,207
10/02/2022,LNK,NE,ACE,CE,Towers with Radar,0,46,33,2,81,0,0,24,0,24,0,46,57,2,105,0,0,0,105
10/03/2022,LNK,NE,ACE,CE,Towers with Radar,0,44,28,15,87,0,3,55,1,59,0,47,83,16,146,60,14,74,220
10/04/2022,LNK,NE,ACE,CE,Towers with Radar,2,36,36,19,93,0,0,62,2,64,2,36,98,21,157,116,20,136,293
10/05/2022,LNK,NE,ACE,CE,Towers with Radar,2,44,35,29,110,0,0,37,3,40,2,44,72,32,150,140,8,148,298
10/06/2022,LNK,NE,ACE,CE,Towers with Radar,2,43,27,13,85,0,3,72,0,75,2,46,99,13,160,106,14,120,280
10/07/2022,LNK,NE,ACE,CE,Towers with Radar,0,41,26,6,73,0,2,64,1,67,0,43,90,7,140,64,10,74,214
10/08/2022,LNK,NE,ACE,CE,Towers with Radar,0,22,16,0,38,0,3,51,2,56,0,25,67,2,94,54,0,54,148
10/09/2022,LNK,NE,ACE,CE,Towers with Radar,0,38,25,1,64,0,2,32,1,35,0,40,57,2,99,4,0,4,103
10/10/2022,LNK,NE,ACE,CE,Towers with Radar,0,45,25,1,71,0,3,60,0,63,0,48,85,1,134,146,0,146,280
10/11/2022,LNK,NE,ACE,CE,Towers with Radar,0,38,23,23,84,0,2,32,0,34,0,40,55,23,118,40,4,44,162
10/12/2022,LNK,NE,ACE,CE,Towers with Radar,0,47,24,23,94,0,7,26,2,35,0,54,50,25,129,50,8,58,187
10/13/2022,LNK,NE,ACE,CE,Towers with Radar,2,43,40,15,100,0,4,10,5,19,2,47,50,20,119,4,6,10,129
10/14/2022,LNK,NE,ACE,CE,Towers with Radar,4,35,25,7,71,0,5,34,2,41,4,40,59,9,112,48,4,52,164
10/15/2022,LNK,NE,ACE,CE,Towers with Radar,0,27,25,6,58,0,4,61,1,66,0,31,86,7,124,92,4,96,220
10/16/2022,LNK,NE,ACE,CE,Towers with Radar,4,24,22,3,53,0,5,29,1,35,4,29,51,4,88,10,0,10,98
10/17/2022,LNK,NE,ACE,CE,Towers with Radar,0,30,31,13,74,0,4,51,0,55,0,34,82,13,129,96,16,112,241
10/18/2022,LNK,NE,ACE,CE,Towers with Radar,2,32,32,37,103,0,0,60,2,62,2,32,92,39,165,136,26,162,327
10/19/2022,LNK,NE,ACE,CE,Towers with Radar,2,34,29,19,84,0,11,85,0,96,2,45,114,19,180,132,4,136,316
10/20/2022,LNK,NE,ACE,CE,Towers with Radar,0,34,38,24,96,0,0,84,0,84,0,34,122,24,180,90,12,102,282
10/21/2022,LNK,NE,ACE,CE,Towers with Radar,0,29,35,29,93,0,7,90,1,98,0,36,125,30,191,120,48,168,359
10/22/2022,LNK,NE,ACE,CE,Towers with Radar,0,25,29,1,55,0,2,62,1,65,0,27,91,2,120,104,0,104,224
10/23/2022,LNK,NE,ACE,CE,Towers with Radar,0,37,16,0,53,0,8,10,0,18,0,45,26,0,71,0,0,0,71
10/24/2022,LNK,NE,ACE,CE,Towers with Radar,0,36,22,15,73,0,1,35,1,37,0,37,57,16,110,106,32,138,248
10/25/2022,LNK,NE,ACE,CE,Towers with Radar,0,39,38,37,114,0,5,80,1,86,0,44,118,38,200,104,34,138,338
10/26/2022,LNK,NE,ACE,CE,Towers with Radar,0,31,29,21,81,0,11,76,6,93,0,42,105,27,174,108,10,118,292
10/27/2022,LNK,NE,ACE,CE,Towers with Radar,0,33,35,27,95,0,8,38,4,50,0,41,73,31,145,28,14,42,187
10/28/2022,LNK,NE,ACE,CE,Towers with Radar,2,46,47,25,120,0,6,78,4,88,2,52,125,29,208,90,16,106,314
10/29/2022,LNK,NE,ACE,CE,Towers with Radar,3,26,34,0,63,0,0,65,3,68,3,26,99,3,131,48,0,48,179
10/30/2022,LNK,NE,ACE,CE,Towers with Radar,3,40,20,7,70,0,0,34,1,35,3,40,54,8,105,28,0,28,133
10/31/2022,LNK,NE,ACE,CE,Towers with Radar,2,38,27,20,87,0,9,86,0,95,2,47,113,20,182,82,18,100,282
11/01/2022,LNK,NE,ACE,CE,Towers with Radar,2,33,30,46,111,0,5,66,3,74,2,38,96,49,185,92,40,132,317
11/02/2022,LNK,NE,ACE,CE,Towers with Radar,2,32,25,20,79,0,9,10,1,20,2,41,35,21,99,18,16,34,133
11/03/2022,LNK,NE,ACE,CE,Towers with Radar,2,42,27,23,94,0,6,17,3,26,2,48,44,26,120,36,35,71,191
11/04/2022,LNK,NE,ACE,CE,Towers with Radar,4,42,32,10,88,0,0,20,0,20,4,42,52,10,108,36,6,42,150
11/05/2022,LNK,NE,ACE,CE,Towers with Radar,3,28,23,0,54,0,3,71,1,75,3,31,94,1,129,62,0,62,191
11/06/2022,LNK,NE,ACE,CE,Towers with Radar,2,44,37,2,85,0,0,50,0,50,2,44,87,2,135,4,0,4,139
11/07/2022,LNK,NE,ACE,CE,Towers with Radar,2,37,34,5,78,0,0,64,0,64,2,37,98,5,142,64,0,64,206
11/08/2022,LNK,NE,ACE,CE,Towers with Radar,2,31,29,54,116,0,0,8,0,8,2,31,37,54,124,30,8,38,162
11/09/2022,LNK,NE,ACE,CE,Towers with Radar,3,31,39,31,104,0,8,5,2,15,3,39,44,33,119,4,16,20,139
11/10/2022,LNK,NE,ACE,CE,Towers with Radar,2,40,34,15,91,0,3,35,1,39,2,43,69,16,130,84,2,86,216
11/11/2022,LNK,NE,ACE,CE,Towers with Radar,6,34,30,0,70,0,3,52,0,55,6,37,82,0,125,64,0,64,189
11/12/2022,LNK,NE,ACE,CE,Towers with Radar,2,24,17,1,44,0,1,26,0,27,2,25,43,1,71,6,2,8,79
11/13/2022,LNK,NE,ACE,CE,Towers with Radar,4,33,28,1,66,0,2,41,0,43,4,35,69,1,109,30,0,30,139
11/14/2022,LNK,NE,ACE,CE,Towers with Radar,1,39,30,0,70,0,0,12,0,12,1,39,42,0,82,30,0,30,112
11/15/2022,LNK,NE,ACE,CE,Towers with Radar,2,32,21,6,61,0,1,24,3,28,2,33,45,9,89,140,2,142,231
11/16/2022,LNK,NE,ACE,CE,Towers with Radar,3,39,42,24,108,0,6,66,2,74,3,45,108,26,182,73,36,109,291
11/17/2022,LNK,NE,ACE,CE,Towers with Radar,2,45,45,17,109,0,8,18,3,29,2,53,63,20,138,30,4,34,172
11/18/2022,LNK,NE,ACE,CE,Towers with Radar,6,26,36,5,73,0,2,60,6,68,6,28,96,11,141,50,0,50,191
11/19/2022,LNK,NE,ACE,CE,Towers with Radar,3,35,31,1,70,0,0,38,2,40,3,35,69,3,110,54,0,54,164
11/20/2022,LNK,NE,ACE,CE,Towers with Radar,2,29,33,2,66,0,0,29,0,29,2,29,62,2,95,2,0,2,97
11/21/2022,LNK,NE,ACE,CE,Towers with Radar,2,39,22,5,68,0,0,78,2,80,2,39,100,7,148,130,0,130,278
11/22/2022,LNK,NE,ACE,CE,Towers with Radar,6,41,35,39,121,0,0,77,3,80,6,41,112,42,201,104,36,140,341
11/23/2022,LNK,NE,ACE,CE,Towers with Radar,2,34,23,36,95,0,1,77,1,79,2,35,100,37,174,80,66,146,320
11/24/2022,LNK,NE,ACE,CE,Towers with Radar,5,11,6,0,22,0,0,8,0,8,5,11,14,0,30,2,0,2,32
11/25/2022,LNK,NE,ACE,CE,Towers with Radar,5,23,16,0,44,0,0,52,0,52,5,23,68,0,96,24,0,24,120
11/26/2022,LNK,NE,ACE,CE,Towers with Radar,2,27,25,0,54,0,1,52,0,53,2,28,77,0,107,60,0,60,167
11/27/2022,LNK,NE,ACE,CE,Towers with Radar,2,40,37,0,79,0,0,20,1,21,2,40,57,1,100,16,0,16,116
11/28/2022,LNK,NE,ACE,CE,Towers with Radar,2,27,25,9,63,0,1,48,0,49,2,28,73,9,112,52,16,68,180
11/29/2022,LNK,NE,ACE,CE,Towers with Radar,4,29,12,2,47,0,0,0,0,0,4,29,12,2,47,20,8,28,75
11/30/2022,LNK,NE,ACE,CE,Towers with Radar,3,37,18,43,101,0,8,60,2,70,3,45,78,45,171,82,14,96,267
12/01/2022,LNK,NE,ACE,CE,Towers with Radar,6,40,31,32,109,0,8,10,4,22,6,48,41,36,131,0,42,42,173
12/02/2022,LNK,NE,ACE,CE,Towers with Radar,6,21,19,19,65,0,5,35,3,43,6,26,54,22,108,52,2,54,162
12/03/2022,LNK,NE,ACE,CE,Towers with Radar,6,25,14,9,54,0,0,72,1,73,6,25,86,10,127,54,8,62,189
12/04/2022,LNK,NE,ACE,CE,Towers with Radar,6,35,35,0,76,0,0,52,0,52,6,35,87,0,128,70,0,70,198
12/05/2022,LNK,NE,ACE,CE,Towers with Radar,6,33,32,28,99,0,2,59,0,61,6,35,91,28,160,60,12,72,232
12/06/2022,LNK,NE,ACE,CE,Towers with Radar,8,30,38,26,102,0,5,77,0,82,8,35,115,26,184,130,12,142,326
12/07/2022,LNK,NE,ACE,CE,Towers with Radar,6,37,41,45,129,0,10,60,3,73,6,47,101,48,202,74,32,106,308
12/08/2022,LNK,NE,ACE,CE,Towers with Radar,7,18,6,0,31,0,0,0,0,0,7,18,6,0,31,6,0,6,37
12/09/2022,LNK,NE,ACE,CE,Towers with Radar,7,22,41,22,92,0,1,4,6,11,7,23,45,28,103,48,0,48,151
12/10/2022,LNK,NE,ACE,CE,Towers with Radar,7,19,22,1,49,0,0,46,0,46,7,19,68,1,95,120,0,120,215
12/11/2022,LNK,NE,ACE,CE,Towers with Radar,5,21,16,1,43,0,0,38,0,38,5,21,54,1,81,24,0,24,105
12/12/2022,LNK,NE,ACE,CE,Towers with Radar,6,30,18,0,54,0,0,0,0,0,6,30,18,0,54,0,0,0,54
12/13/2022,LNK,NE,ACE,CE,Towers with Radar,8,24,27,13,72,0,0,11,0,11,8,24,38,13,83,30,4,34,117
12/14/2022,LNK,NE,ACE,CE,Towers with Radar,5,25,37,16,83,0,8,23,6,37,5,33,60,22,120,60,4,64,184
12/15/2022,LNK,NE,ACE,CE,Towers with Radar,0,30,27,3,60,0,5,7,2,14,0,35,34,5,74,6,0,6,80
12/16/2022,LNK,NE,ACE,CE,Towers with Radar,0,32,26,8,66,0,1,20,2,23,0,33,46,10,89,52,8,60,149
12/17/2022,LNK,NE,ACE,CE,Towers with Radar,2,33,34,0,69,0,0,49,2,51,2,33,83,2,120,84,0,84,204
12/18/2022,LNK,NE,ACE,CE,Towers with Radar,0,27,25,0,52,0,1,37,0,38,0,28,62,0,90,58,0,58,148
12/19/2022,LNK,NE,ACE,CE,Towers with Radar,0,30,25,3,58,0,0,0,0,0,0,30,25,3,58,4,0,4,62
12/20/2022,LNK,NE,ACE,CE,Towers with Radar,0,31,30,54,115,0,8,70,1,79,0,39,100,55,194,94,32,126,320
12/21/2022,LNK,NE,ACE,CE,Towers with Radar,0,26,14,1,41,0,0,0,0,0,0,26,14,1,41,0,0,0,41
12/22/2022,LNK,NE,ACE,CE,Towers with Radar,0,22,7,0,29,0,0,0,0,0,0,22,7,0,29,0,0,0,29
12/23/2022,LNK,NE,ACE,CE,Towers with Radar,2,28,7,1,38,0,0,5,0,5,2,28,12,1,43,0,0,0,43
12/24/2022,LNK,NE,ACE,CE,Towers with Radar,0,23,8,0,31,0,0,4,0,4,0,23,12,0,35,0,0,0,35
12/25/2022,LNK,NE,ACE,CE,Towers with Radar,0,19,1,0,20,0,2,4,0,6,0,21,5,0,26,0,0,0,26
12/26/2022,LNK,NE,ACE,CE,Towers with Radar,0,45,21,0,66,0,2,15,0,17,0,47,36,0,83,2,0,2,85
12/27/2022,LNK,NE,ACE,CE,Towers with Radar,2,40,36,1,79,0,7,39,0,46,2,47,75,1,125,32,0,32,157
12/28/2022,LNK,NE,ACE,CE,Towers with Radar,2,34,42,1,79,0,0,75,1,76,2,34,117,2,155,148,6,154,309
12/29/2022,LNK,NE,ACE,CE,Towers with Radar,0,33,21,0,54,0,0,24,1,25,0,33,45,1,79,124,0,124,203
12/30/2022,LNK,NE,ACE,CE,Towers with Radar,0,38,37,0,75,0,4,50,0,54,0,42,87,0,129,116,0,116,245
12/31/2022,LNK,NE,ACE,CE,Towers with Radar,0,35,14,0,49,0,3,40,0,43,0,38,54,0,92,64,0,64,156
01/01/2023,LNK,NE,ACE,CE,Towers with Radar,1,26,14,0,41,0,0,18,0,18,1,26,32,0,59,8,0,8,67
01/02/2023,LNK,NE,ACE,CE,Towers with Radar,1,40,15,0,56,0,0,2,0,2,1,40,17,0,58,0,0,0,58
01/03/2023,LNK,NE,ACE,CE,Towers with Radar,1,30,7,1,39,0,0,0,0,0,1,30,7,1,39,12,0,12,51
01/04/2023,LNK,NE,ACE,CE,Towers with Radar,0,32,20,18,70,0,7,21,3,31,0,39,41,21,101,84,2,86,187
01/05/2023,LNK,NE,ACE,CE,Towers with Radar,0,30,34,33,97,0,12,73,2,87,0,42,107,35,184,168,22,190,374
01/06/2023,LNK,NE,ACE,CE,Towers with Radar,1,35,32,9,77,0,4,80,3,87,1,39,112,12,164,174,10,184,348
01/07/2023,LNK,NE,ACE,CE,Towers with Radar,2,32,17,0,51,0,5,69,3,77,2,37,86,3,128,110,0,110,238
01/08/2023,LNK,NE,ACE,CE,Towers with Radar,0,32,11,1,44,0,4,43,5,52,0,36,54,6,96,42,0,42,138
01/09/2023,LNK,NE,ACE,CE,Towers with Radar,1,35,43,16,95,0,8,68,0,76,1,43,111,16,171,114,10,124,295
01/10/2023,LNK,NE,ACE,CE,Towers with Radar,2,37,47,40,126,0,7,82,0,89,2,44,129,40,215,80,26,106,321
01/11/2023,LNK,NE,ACE,CE,Towers with Radar,2,31,27,34,94,0,13,51,5,69,2,44,78,39,163,66,62,128,291
01/12/2023,LNK,NE,ACE,CE,Towers with Radar,3,36,29,43,111,0,4,4,8,16,3,40,33,51,127,12,20,32,159
01/13/2023,LNK,NE,ACE,CE,Towers with Radar,3,35,17,6,61,0,0,28,0,28,3,35,45,6,89,48,8,56,145
01/14/2023,LNK,NE,ACE,CE,Towers with Radar,1,30,11,0,42,0,1,56,0,57,1,31,67,0,99,50,0,50,149
01/15/2023,LNK,NE,ACE,CE,Towers with Radar,0,24,18,0,42,0,1,41,0,42,0,25,59,0,84,6,0,6,90
01/16/2023,LNK,NE,ACE,CE,Towers with Radar,0,35,18,0,53,0,0,2,0,2,0,35,20,0,55,30,0,30,85
01/17/2023,LNK,NE,ACE,CE,Towers with Radar,1,41,43,2,87,0,0,22,0,22,1,41,65,2,109,156,0,156,265
01/18/2023,LNK,NE,ACE,CE,Towers with Radar,2,11,4,0,17,0,0,0,0,0,2,11,4,0,17,0,0,0,17
01/19/2023,LNK,NE,ACE,CE,Towers with Radar,0,30,19,12,61,0,3,23,6,32,0,33,42,18,93,70,0,70,163
01/20/2023,LNK,NE,ACE,CE,Towers with Radar,4,38,26,19,87,0,2,32,1,35,4,40,58,20,122,76,6,82,204
01/21/2023,LNK,NE,ACE,CE,Towers with Radar,4,32,6,1,43,0,0,9,1,10,4,32,15,2,53,156,0,156,209
01/22/2023,LNK,NE,ACE,CE,Towers with Radar,2,24,20,2,48,0,0,10,0,10,2,24,30,2,58,10,0,10,68
01/23/2023,LNK,NE,ACE,CE,Towers with Radar,0,33,40,16,89,0,11,41,0,52,0,44,81,16,141,42,14,56,197
01/24/2023,LNK,NE,ACE,CE,Towers with Radar,2,47,39,27,115,0,0,5,0,5,2,47,44,27,120,88,0,88,208
01/25/2023,LNK,NE,ACE,CE,Towers with Radar,2,33,23,48,106,0,4,7,9,20,2,37,30,57,126,66,10,76,202
01/26/2023,LNK,NE,ACE,CE,Towers with Radar,0,30,45,15,90,0,4,71,4,79,0,34,116,19,169,86,14,100,269
01/27/2023,LNK,NE,ACE,CE,Towers with Radar,2,30,25,10,67,0,6,48,2,56,2,36,73,12,123,78,4,82,205
01/28/2023,LNK,NE,ACE,CE,Towers with Radar,0,19,8,0,27,0,0,0,0,0,0,19,8,0,27,0,0,0,27
01/29/2023,LNK,NE,ACE,CE,Towers with Radar,0,35,23,1,59,0,0,21,0,21,0,35,44,1,80,48,0,48,128
01/30/2023,LNK,NE,ACE,CE,Towers with Radar,0,31,33,8,72,0,1,35,0,36,0,32,68,8,108,99,0,99,207
01/31/2023,LNK,NE,ACE,CE,Towers with Radar,0,39,25,19,83,0,9,57,6,72,0,48,82,25,155,40,22,62,217
02/01/2023,LNK,NE,ACE,CE,Towers with Radar,3,31,29,46,109,0,11,54,6,71,3,42,83,52,180,78,12,90,270
02/02/2023,LNK,NE,ACE,CE,Towers with Radar,2,38,41,56,137,0,6,46,9,61,2,44,87,65,198,26,48,74,272
02/03/2023,LNK,NE,ACE,CE,Towers with Radar,1,23,32,15,71,0,2,71,1,74,1,25,103,16,145,86,14,100,245
02/04/2023,LNK,NE,ACE,CE,Towers with Radar,4,20,21,14,59,0,0,66,1,67,4,20,87,15,126,92,2,94,220
02/05/2023,LNK,NE,ACE,CE,Towers with Radar,3,37,18,9,67,0,0,46,0,46,3,37,64,9,113,52,18,70,183
02/06/2023,LNK,NE,ACE,CE,Towers with Radar,1,31,51,3,86,0,0,21,0,21,1,31,72,3,107,50,0,50,157
02/07/2023,LNK,NE,ACE,CE,Towers with Radar,1,35,36,34,106,0,1,91,3,95,1,36,127,37,201,80,4,84,285
02/08/2023,LNK,NE,ACE,CE,Towers with Radar,3,54,51,50,158,0,11,62,6,79,3,65,113,56,237,52,68,120,357
02/09/2023,LNK,NE,ACE,CE,Towers with Radar,7,31,20,42,100,0,7,5,8,20,7,38,25,50,120,0,10,10,130
02/10/2023,LNK,NE,ACE,CE,Towers with Radar,4,39,46,13,102,0,8,74,4,86,4,47,120,17,188,86,24,110,298
02/11/2023,LNK,NE,ACE,CE,Towers with Radar,6,32,17,0,55,0,1,60,3,64,6,33,77,3,119,26,0,26,145
02/12/2023,LNK,NE,ACE,CE,Towers with Radar,4,36,22,0,62,0,0,28,2,30,4,36,50,2,92,20,0,20,112
02/13/2023,LNK,NE,ACE,CE,Towers with Radar,4,39,42,5,90,0,0,70,1,71,4,39,112,6,161,26,0,26,187
02/14/2023,LNK,NE,ACE,CE,Towers with Radar,2,29,7,9,47,0,0,0,0,0,2,29,7,9,47,0,0,0,47
02/15/2023,LNK,NE,ACE,CE,Towers with Radar,4,33,17,28,82,0,2,1,2,5,4,35,18,30,87,32,14,46,133
02/16/2023,LNK,NE,ACE,CE,Towers with Radar,1,24,15,1,41,0,0,2,0,2,1,24,17,1,43,0,0,0,43
02/17/2023,LNK,NE,ACE,CE,Towers with Radar,3,26,30,3,62,0,0,45,3,48,3,26,75,6,110,46,0,46,156
02/18/2023,LNK,NE,ACE,CE,Towers with Radar,7,28,22,0,57,0,0,74,0,74,7,28,96,0,131,60,0,60,191
02/19/2023,LNK,NE,ACE,CE,Towers with Radar,5,27,15,1,48,0,0,35,1,36,5,27,50,2,84,28,0,28,112
02/20/2023,LNK,NE,ACE,CE,Towers with Radar,4,31,45,0,80,0,1,54,2,57,4,32,99,2,137,76,0,76,213
02/21/2023,LNK,NE,ACE,CE,Towers with Radar,2,38,47,15,102,0,0,60,0,60,2,38,107,15,162,74,0,74,236
02/22/2023,LNK,NE,ACE,CE,Towers with Radar,3,26,8,7,44,0,0,0,0,0,3,26,8,7,44,0,0,0,44
02/23/2023,LNK,NE,ACE,CE,Towers with Radar,3,37,32,23,95,0,8,6,3,17,3,45,38,26,112,0,20,20,132
02/24/2023,LNK,NE,ACE,CE,Towers with Radar,3,27,18,17,65,0,4,20,2,26,3,31,38,19,91,28,0,28,119
02/25/2023,LNK,NE,ACE,CE,Towers with Radar,9,30,31,0,70,0,0,67,0,67,9,30,98,0,137,42,0,42,179
02/26/2023,LNK,NE,ACE,CE,Towers with Radar,7,32,17,4,60,0,0,20,0,20,7,32,37,4,80,22,0,22,102
02/27/2023,LNK,NE,ACE,CE,Towers with Radar,5,41,22,6,74,0,4,23,3,30,5,45,45,9,104,22,4,26,130
02/28/2023,LNK,NE,ACE,CE,Towers with Radar,3,36,34,42,115,0,1,62,7,70,3,37,96,49,185,92,42,134,319
03/01/2023,LNK,NE,ACE,CE,Towers with Radar,4,32,39,34,109,0,11,76,16,103,4,43,115,50,212,30,26,56,268
03/02/2023,LNK,NE,ACE,CE,Towers with Radar,3,30,32,32,97,0,1,26,6,33,3,31,58,38,130,42,22,64,194
03/03/2023,LNK,NE,ACE,CE,Towers with Radar,3,25,30,36,94,0,2,93,6,101,3,27,123,42,195,40,40,80,275
03/04/2023,LNK,NE,ACE,CE,Towers with Radar,4,20,23,0,47,0,2,79,1,82,4,22,102,1,129,50,0,50,179
03/05/2023,LNK,NE,ACE,CE,Towers with Radar,4,28,18,2,52,0,1,21,0,22,4,29,39,2,74,6,0,6,80
03/06/2023,LNK,NE,ACE,CE,Towers with Radar,5,26,32,17,80,0,0,5,0,5,5,26,37,17,85,0,18,18,103
03/07/2023,LNK,NE,ACE,CE,Towers with Radar,5,28,39,18,90,0,0,19,4,23,5,28,58,22,113,50,6,56,169
03/08/2023,LNK,NE,ACE,CE,Towers with Radar,4,39,16,29,88,0,0,0,0,0,4,39,16,29,88,0,0,0,88
03/09/2023,LNK,NE,ACE,CE,Towers with Radar,5,29,22,11,67,0,0,0,4,4,5,29,22,15,71,0,0,0,71
03/10/2023,LNK,NE,ACE,CE,Towers with Radar,5,37,29,5,76,0,0,7,4,11,5,37,36,9,87,72,8,80,167
03/11/2023,LNK,NE,ACE,CE,Towers with Radar,2,18,8,0,28,0,1,0,0,1,2,19,8,0,29,0,0,0,29
03/12/2023,LNK,NE,ACE,CE,Towers with Radar,2,46,21,1,70,0,0,17,0,17,2,46,38,1,87,18,0,18,105
03/13/2023,LNK,NE,ACE,CE,Towers with Radar,4,38,23,20,85,0,4,30,2,36,4,42,53,22,121,70,16,86,207
03/14/2023,LNK,NE,ACE,CE,Towers with Radar,4,35,58,34,131,0,5,57,6,68,4,40,115,40,199,80,36,116,315
03/15/2023,LNK,NE,ACE,CE,Towers with Radar,4,34,25,63,126,0,7,24,11,42,4,41,49,74,168,18,36,54,222
03/16/2023,LNK,NE,ACE,CE,Towers with Radar,4,30,14,9,57,0,0,1,0,1,4,30,15,9,58,0,14,14,72
03/17/2023,LNK,NE,ACE,CE,Towers with Radar,4,32,39,14,89,0,0,38,1,39,4,32,77,15,128,44,4,48,176
03/18/2023,LNK,NE,ACE,CE,Towers with Radar,2,32,9,0,43,0,2,40,0,42,2,34,49,0,85,12,0,12,97
03/19/2023,LNK,NE,ACE,CE,Towers with Radar,2,23,33,0,58,0,2,32,2,36,2,25,65,2,94,8,0,8,102
03/20/2023,LNK,NE,ACE,CE,Towers with Radar,4,24,42,6,76,0,0,73,1,74,4,24,115,7,150,50,0,50,200
03/21/2023,LNK,NE,ACE,CE,Towers with Radar,4,22,24,36,86,0,5,30,2,37,4,27,54,38,123,102,0,102,225
03/22/2023,LNK,NE,ACE,CE,Towers with Radar,4,30,39,36,109,0,2,57,9,68,4,32,96,45,177,40,0,40,217
03/23/2023,LNK,NE,ACE,CE,Towers with Radar,4,31,44,24,103,0,3,50,9,62,4,34,94,33,165,116,6,122,287
03/24/2023,LNK,NE,ACE,CE,Towers with Radar,4,27,36,10,77,0,2,104,3,109,4,29,140,13,186,110,8,118,304
03/25/2023,LNK,NE,ACE,CE,Towers with Radar,4,34,24,0,62,0,4,63,4,71,4,38,87,4,133,38,0,38,171
03/26/2023,LNK,NE,ACE,CE,Towers with Radar,3,33,15,1,52,0,0,8,0,8,3,33,23,1,60,6,0,6,66
03/27/2023,LNK,NE,ACE,CE,Towers with Radar,5,33,45,10,93,0,3,72,3,78,5,36,117,13,171,78,12,90,261
03/28/2023,LNK,NE,ACE,CE,Towers with Radar,4,24,33,25,86,0,3,74,2,79,4,27,107,27,165,140,6,146,311
03/29/2023,LNK,NE,ACE,CE,Towers with Radar,4,21,42,21,88,0,1,48,9,58,4,22,90,30,146,43,0,43,189
03/30/2023,LNK,NE,ACE,CE,Towers with Radar,6,30,24,18,78,0,5,9,2,16,6,35,33,20,94,8,68,76,170
03/31/2023,LNK,NE,ACE,CE,Towers with Radar,4,27,30,16,77,0,1,9,2,12,4,28,39,18,89,10,0,10,99
04/01/2023,LNK,NE,ACE,CE,Towers with Radar,4,21,19,2,46,0,3,82,5,90,4,24,101,7,136,85,8,93,229
04/02/2023,LNK,NE,ACE,CE,Towers with Radar,4,31,22,12,69,0,0,52,1,53,4,31,74,13,122,10,0,10,132
04/03/2023,LNK,NE,ACE,CE,Towers with Radar,4,22,28,7,61,0,3,38,0,41,4,25,66,7,102,34,4,38,140
04/04/2023,LNK,NE,ACE,CE,Towers with Radar,4,32,41,33,110,0,7,54,7,68,4,39,95,40,178,64,108,172,350
04/05/2023,LNK,NE,ACE,CE,Towers with Radar,4,30,28,11,73,0,3,14,3,20,4,33,42,14,93,2,28,30,123
04/06/2023,LNK,NE,ACE,CE,Towers with Radar,4,27,47,18,96,0,15,72,8,95,4,42,119,26,191,34,0,34,225
04/07/2023,LNK,NE,ACE,CE,Towers with Radar,4,28,24,34,90,0,5,64,2,71,4,33,88,36,161,82,38,120,281
04/08/2023,LNK,NE,ACE,CE,Towers with Radar,4,15,20,0,39,0,3,54,0,57,4,18,74,0,96,106,0,106,202
04/09/2023,LNK,NE,ACE,CE,Towers with Radar,4,29,12,2,47,0,1,15,4,20,4,30,27,6,67,10,0,10,77
04/10/2023,LNK,NE,ACE,CE,Towers with Radar,4,35,34,2,75,0,6,94,4,104,4,41,128,6,179,56,4,60,239
04/11/2023,LNK,NE,ACE,CE,Towers with Radar,4,27,23,43,97,0,1,44,2,47,4,28,67,45,144,56,16,72,216
04/12/2023,LNK,NE,ACE,CE,Towers with Radar,4,31,35,13,83,0,4,19,4,27,4,35,54,17,110,0,18,18,128
04/13/2023,LNK,NE,ACE,CE,Towers with Radar,4,32,33,24,93,0,10,11,6,27,4,42,44,30,120,15,32,47,167
04/14/2023,LNK,NE,ACE,CE,Towers with Radar,4,22,36,10,72,0,10,42,8,60,4,32,78,18,132,98,6,104,236
04/15/2023,LNK,NE,ACE,CE,Towers with Radar,4,21,7,0,32,0,3,5,5,13,4,24,12,5,45,16,0,16,61
04/16/2023,LNK,NE,ACE,CE,Towers with Radar,4,33,16,2,55,0,0,3,4,7,4,33,19,6,62,0,0,0,62
04/17/2023,LNK,NE,ACE,CE,Towers with Radar,4,30,40,6,80,0,0,119,0,119,4,30,159,6,199,178,10,188,387
04/18/2023,LNK,NE,ACE,CE,Towers with Radar,4,28,33,12,77,0,4,54,2,60,4,32,87,14,137,58,0,58,195
04/19/2023,LNK,NE,ACE,CE,Towers with Radar,6,22,23,37,88,0,2,38,10,50,6,24,61,47,138,154,18,172,310
04/20/2023,LNK,NE,ACE,CE,Towers with Radar,4,32,30,13,79,0,6,13,3,22,4,38,43,16,101,75,0,75,176
04/21/2023,LNK,NE,ACE,CE,Towers with Radar,4,32,24,13,73,0,0,20,1,21,4,32,44,14,94,18,2,20,114
04/22/2023,LNK,NE,ACE,CE,Towers with Radar,4,23,25,0,52,0,4,14,1,19,4,27,39,1,71,44,0,44,115
04/23/2023,LNK,NE,ACE,CE,Towers with Radar,4,29,39,1,73,0,12,68,0,80,4,41,107,1,153,26,0,26,179
04/24/2023,LNK,NE,ACE,CE,Towers with Radar,2,24,30,1,57,0,3,65,0,68,2,27,95,1,125,98,0,98,223
04/25/2023,LNK,NE,ACE,CE,Towers with Radar,6,28,37,10,81,0,2,66,1,69,6,30,103,11,150,121,2,123,273
04/26/2023,LNK,NE,ACE,CE,Towers with Radar,4,38,39,28,109,0,3,86,7,96,4,41,125,35,205,124,28,152,357
04/27/2023,LNK,NE,ACE,CE,Towers with Radar,4,27,41,5,77,0,9,102,3,114,4,36,143,8,191,126,0,126,317
04/28/2023,LNK,NE,ACE,CE,Towers with Radar,4,26,28,3,61,0,0,1,0,1,4,26,29,3,62,0,0,0,62
04/29/2023,LNK,NE,ACE,CE,Towers with Radar,4,16,20,1,41,0,2,48,0,50,4,18,68,1,91,53,0,53,144
04/30/2023,LNK,NE,ACE,CE,Towers with Radar,4,22,19,1,46,0,1,5,0,6,4,23,24,1,52,0,0,0,52
05/01/2023,LNK,NE,ACE,CE,Towers with Radar,4,44,35,7,90,0,3,50,0,53,4,47,85,7,143,62,0,62,205
05/02/2023,LNK,NE,ACE,CE,Towers with Radar,4,33,23,28,88,0,0,88,4,92,4,33,111,32,180,94,24,118,298
05/03/2023,LNK,NE,ACE,CE,Towers with Radar,4,33,41,11,89,0,3,127,3,133,4,36,168,14,222,114,24,138,360
05/04/2023,LNK,NE,ACE,CE,Towers with Radar,4,37,45,27,113,0,1,88,0,89,4,38,133,27,202,72,20,92,294
05/05/2023,LNK,NE,ACE,CE,Towers with Radar,3,30,40,14,87,0,0,3,4,7,3,30,43,18,94,16,0,16,110
05/06/2023,LNK,NE,ACE,CE,Towers with Radar,5,19,31,1,56,0,0,16,3,19,5,19,47,4,75,12,0,12,87
05/07/2023,LNK,NE,ACE,CE,Towers with Radar,5,24,25,4,58,0,4,41,0,45,5,28,66,4,103,4,2,6,109
05/08/2023,LNK,NE,ACE,CE,Towers with Radar,5,43,28,18,94,0,3,116,1,120,5,46,144,19,214,182,4,186,400
05/09/2023,LNK,NE,ACE,CE,Towers with Radar,4,26,25,14,69,0,3,48,1,52,4,29,73,15,121,122,6,128,249
05/10/2023,LNK,NE,ACE,CE,Towers with Radar,4,25,37,26,92,0,5,77,9,91,4,30,114,35,183,106,10,116,299
05/11/2023,LNK,NE,ACE,CE,Towers with Radar,4,24,35,8,71,0,7,24,8,39,4,31,59,16,110,54,10,64,174
05/12/2023,LNK,NE,ACE,CE,Towers with Radar,4,23,32,15,74,0,0,11,1,12,4,23,43,16,86,24,8,32,118
05/13/2023,LNK,NE,ACE,CE,Towers with Radar,4,24,55,4,87,0,2,58,0,60,4,26,113,4,147,92,0,92,239
05/14/2023,LNK,NE,ACE,CE,Towers with Radar,4,15,45,0,64,0,0,3,0,3,4,15,48,0,67,0,0,0,67
05/15/2023,LNK,NE,ACE,CE,Towers with Radar,4,29,39,0,72,0,0,0,0,0,4,29,39,0,72,10,0,10,82
05/16/2023,LNK,NE,ACE,CE,Towers with Radar,4,26,41,29,100,0,5,99,3,107,4,31,140,32,207,62,28,90,297
05/17/2023,LNK,NE,ACE,CE,Towers with Radar,6,30,38,10,84,0,7,114,11,132,6,37,152,21,216,112,18,130,346
05/18/2023,LNK,NE,ACE,CE,Towers with Radar,4,31,41,21,97,0,0,47,5,52,4,31,88,26,149,46,18,64,213
05/19/2023,LNK,NE,ACE,CE,Towers with Radar,4,27,31,29,91,0,1,51,6,58,4,28,82,35,149,94,14,108,257
05/20/2023,LNK,NE,ACE,CE,Towers with Radar,4,17,22,0,43,0,3,93,0,96,4,20,115,0,139,56,0,56,195
05/21/2023,LNK,NE,ACE,CE,Towers with Radar,4,17,16,2,39,0,1,40,0,41,4,18,56,2,80,24,0,24,104
05/22/2023,LNK,NE,ACE,CE,Towers with Radar,4,35,33,15,87,0,4,86,0,90,4,39,119,15,177,138,8,146,323
05/23/2023,LNK,NE,ACE,CE,Towers with Radar,4,34,30,45,113,0,2,74,5,81,4,36,104,50,194,90,34,124,318
05/24/2023,LNK,NE,ACE,CE,Towers with Radar,3,30,42,26,101,0,7,74,9,90,3,37,116,35,191,78,44,122,313
05/25/2023,LNK,NE,ACE,CE,Towers with Radar,4,24,25,6,59,0,3,53,3,59,4,27,78,9,118,54,22,76,194
05/26/2023,LNK,NE,ACE,CE,Towers with Radar,6,30,28,0,64,0,1,78,0,79,6,31,106,0,143,59,0,59,202
05/27/2023,LNK,NE,ACE,CE,Towers with Radar,4,13,10,0,27,0,2,74,0,76,4,15,84,0,103,64,0,64,167
05/28/2023,LNK,NE,ACE,CE,Towers with Radar,4,24,10,0,38,0,0,18,0,18,4,24,28,0,56,4,0,4,60
05/29/2023,LNK,NE,ACE,CE,Towers with Radar,4,18,20,1,43,0,1,44,2,47,4,19,64,3,90,2,0,2,92
05/30/2023,LNK,NE,ACE,CE,Towers with Radar,4,27,35,3,69,0,0,66,4,70,4,27,101,7,139,100,10,110,249
05/31/2023,LNK,NE,ACE,CE,Towers with Radar,3,32,25,37,97,1,8,64,3,76,4,40,89,40,173,64,28,92,265
06/01/2023,LNK,NE,ACE,CE,Towers with Radar,4,19,31,7,61,0,2,30,3,35,4,21,61,10,96,72,2,74,170
06/02/2023,LNK,NE,ACE,CE,Towers with Radar,4,33,28,11,76,0,3,55,3,61,4,36,83,14,137,66,2,68,205
06/03/2023,LNK,NE,ACE,CE,Towers with Radar,4,19,13,1,37,0,0,57,1,58,4,19,70,2,95,46,0,46,141
06/04/2023,LNK,NE,ACE,CE,Towers with Radar,4,37,42,0,83,0,2,36,1,39,4,39,78,1,122,18,0,18,140
06/05/2023,LNK,NE,ACE,CE,Towers with Radar,4,30,22,4,60,0,2,50,3,55,4,32,72,7,115,54,0,54,169
06/06/2023,LNK,NE,ACE,CE,Towers with Radar,5,28,45,8,86,0,4,109,2,115,5,32,154,10,201,142,0,142,343
06/07/2023,LNK,NE,ACE,CE,Towers with Radar,4,18,39,8,69,0,3,68,5,76,4,21,107,13,145,93,6,99,244
06/08/2023,LNK,NE,ACE,CE,Towers with Radar,8,29,40,23,100,0,2,69,3,74,8,31,109,26,174,94,10,104,278
06/09/2023,LNK,NE,ACE,CE,Towers with Radar,4,31,30,6,71,0,6,66,3,75,4,37,96,9,146,60,8,68,214
06/10/2023,LNK,NE,ACE,CE,Towers with Radar,6,20,19,8,53,0,1,25,4,30,6,21,44,12,83,78,0,78,161
06/11/2023,LNK,NE,ACE,CE,Towers with Radar,8,29,21,14,72,0,1,12,4,17,8,30,33,18,89,10,0,10,99
06/12/2023,LNK,NE,ACE,CE,Towers with Radar,4,38,30,8,80,0,7,80,4,91,4,45,110,12,171,96,0,96,267
06/13/2023,LNK,NE,ACE,CE,Towers with Radar,4,22,27,14,67,0,2,80,4,86,4,24,107,18,153,84,4,88,241
06/14/2023,LNK,NE,ACE,CE,Towers with Radar,4,44,15,17,80,0,4,96,6,106,4,48,111,23,186,138,2,140,326
06/15/2023,LNK,NE,ACE,CE,Towers with Radar,8,34,31,13,86,0,6,74,3,83,8,40,105,16,169,102,8,110,279
06/16/2023,LNK,NE,ACE,CE,Towers with Radar,10,21,20,24,75,0,1,62,13,76,10,22,82,37,151,82,6,88,239
06/17/2023,LNK,NE,ACE,CE,Towers with Radar,4,20,22,2,48,0,0,36,0,36,4,20,58,2,84,78,0,78,162
06/18/2023,LNK,NE,ACE,CE,Towers with Radar,8,25,18,0,51,0,0,41,0,41,8,25,59,0,92,16,0,16,108
06/19/2023,LNK,NE,ACE,CE,Towers with Radar,14,27,34,0,75,0,2,81,0,83,14,29,115,0,158,0,0,0,158
06/20/2023,LNK,NE,ACE,CE,Towers with Radar,4,27,29,0,60,0,0,49,0,49,4,27,78,0,109,66,0,66,175
06/21/2023,LNK,NE,ACE,CE,Towers with Radar,4,24,30,28,86,0,1,58,5,64,4,25,88,33,150,104,26,130,280
06/22/2023,LNK,NE,ACE,CE,Towers with Radar,7,27,42,29,105,0,4,110,7,121,7,31,152,36,226,134,34,168,394
06/23/2023,LNK,NE,ACE,CE,Towers with Radar,10,20,35,35,100,0,0,75,5,80,10,20,110,40,180,56,30,86,266
06/24/2023,LNK,NE,ACE,CE,Towers with Radar,9,25,27,0,61,0,3,58,2,63,9,28,85,2,124,84,0,84,208
06/25/2023,LNK,NE,ACE,CE,Towers with Radar,8,33,24,6,71,0,1,7,0,8,8,34,31,6,79,2,0,2,81
06/26/2023,LNK,NE,ACE,CE,Towers with Radar,10,29,34,3,76,0,0,106,0,106,10,29,140,3,182,96,0,96,278
06/27/2023,LNK,NE,ACE,CE,Towers with Radar,4,40,39,3,86,0,1,60,2,63,4,41,99,5,149,110,0,110,259
06/28/2023,LNK,NE,ACE,CE,Towers with Radar,8,44,56,18,126,0,4,80,4,88,8,48,136,22,214,108,8,116,330
06/29/2023,LNK,NE,ACE,CE,Towers with Radar,8,27,25,23,83,0,1,58,6,65,8,28,83,29,148,90,10,100,248
06/30/2023,LNK,NE,ACE,CE,Towers with Radar,10,29,24,18,81,0,2,53,1,56,10,31,77,19,137,92,4,96,233
07/01/2023,LNK,NE,ACE,CE,Towers with Radar,10,20,7,0,37,0,2,8,0,10,10,22,15,0,47,42,0,42,89
07/02/2023,LNK,NE,ACE,CE,Towers with Radar,8,19,23,0,50,0,2,63,0,65,8,21,86,0,115,60,0,60,175
07/03/2023,LNK,NE,ACE,CE,Towers with Radar,11,17,21,0,49,0,1,68,0,69,11,18,89,0,118,88,0,88,206
07/04/2023,LNK,NE,ACE,CE,Towers with Radar,7,7,5,0,19,0,0,20,0,20,7,7,25,0,39,0,0,0,39
07/05/2023,LNK,NE,ACE,CE,Towers with Radar,11,23,33,17,84,0,0,14,0,14,11,23,47,17,98,12,18,30,128
07/06/2023,LNK,NE,ACE,CE,Towers with Radar,8,42,27,23,100,0,6,98,5,109,8,48,125,28,209,92,44,136,345
07/07/2023,LNK,NE,ACE,CE,Towers with Radar,10,25,25,15,75,0,0,3,0,3,10,25,28,15,78,20,12,32,110
07/08/2023,LNK,NE,ACE,CE,Towers with Radar,10,24,39,4,77,0,6,44,0,50,10,30,83,4,127,62,0,62,189
07/09/2023,LNK,NE,ACE,CE,Towers with Radar,10,28,33,1,72,0,2,52,1,55,10,30,85,2,127,22,0,22,149
07/10/2023,LNK,NE,ACE,CE,Towers with Radar,12,27,30,15,84,0,0,78,3,81,12,27,108,18,165,120,22,142,307
07/11/2023,LNK,NE,ACE,CE,Towers with Radar,6,23,39,15,83,0,0,70,0,70,6,23,109,15,153,76,0,76,229
07/12/2023,LNK,NE,ACE,CE,Towers with Radar,10,23,30,7,70,0,3,32,5,40,10,26,62,12,110,82,4,86,196
07/13/2023,LNK,NE,ACE,CE,Towers with Radar,10,30,33,7,80,0,0,53,9,62,10,30,86,16,142,142,18,160,302
07/14/2023,LNK,NE,ACE,CE,Towers with Radar,12,37,29,17,95,0,2,19,0,21,12,39,48,17,116,50,0,50,166
07/15/2023,LNK,NE,ACE,CE,Towers with Radar,10,18,34,1,63,0,2,73,0,75,10,20,107,1,138,82,0,82,220
07/16/2023,LNK,NE,ACE,CE,Towers with Radar,9,29,21,0,59,0,2,31,0,33,9,31,52,0,92,10,0,10,102
07/17/2023,LNK,NE,ACE,CE,Towers with Radar,10,27,41,0,78,0,0,41,0,41,10,27,82,0,119,68,0,68,187
07/18/2023,LNK,NE,ACE,CE,Towers with Radar,9,20,34,18,81,0,0,29,0,29,9,20,63,18,110,56,6,62,172
07/19/2023,LNK,NE,ACE,CE,Towers with Radar,10,29,43,27,109,0,3,61,12,76,10,32,104,39,185,92,12,104,289
07/20/2023,LNK,NE,ACE,CE,Towers with Radar,10,28,47,6,91,0,5,98,10,113,10,33,145,16,204,122,3,125,329
07/21/2023,LNK,NE,ACE,CE,Towers with Radar,12,27,41,18,98,0,9,80,17,106,12,36,121,35,204,142,18,160,364
07/22/2023,LNK,NE,ACE,CE,Towers with Radar,10,19,24,0,53,0,6,46,2,54,10,25,70,2,107,94,2,96,203
07/23/2023,LNK,NE,ACE,CE,Towers with Radar,9,26,24,0,59,1,2,52,0,55,10,28,76,0,114,28,0,28,142
07/24/2023,LNK,NE,ACE,CE,Towers with Radar,11,34,36,7,88,0,0,64,1,65,11,34,100,8,153,78,14,92,245
07/25/2023,LNK,NE,ACE,CE,Towers with Radar,7,24,35,17,83,0,0,61,0,61,7,24,96,17,144,110,2,112,256
07/26/2023,LNK,NE,ACE,CE,Towers with Radar,10,39,27,20,96,0,3,58,6,67,10,42,85,26,163,48,12,60,223
07/27/2023,LNK,NE,ACE,CE,Towers with Radar,10,33,28,17,88,0,9,67,7,83,10,42,95,24,171,72,4,76,247
07/28/2023,LNK,NE,ACE,CE,Towers with Radar,10,26,41,16,93,0,3,66,6,75,10,29,107,22,168,46,2,48,216
07/29/2023,LNK,NE,ACE,CE,Towers with Radar,10,17,18,0,45,0,1,37,1,39,10,18,55,1,84,14,0,14,98
07/30/2023,LNK,NE,ACE,CE,Towers with Radar,9,34,20,0,63,0,0,27,1,28,9,34,47,1,91,22,0,22,113
07/31/2023,LNK,NE,ACE,CE,Towers with Radar,12,32,45,14,103,0,1,11,1,13,12,33,56,15,116,36,6,42,158
08/01/2023,LNK,NE,ACE,CE,Towers with Radar,7,32,66,26,131,0,0,2,0,2,7,32,68,26,133,12,0,12,145
08/02/2023,LNK,NE,ACE,CE,Towers with Radar,10,28,48,31,117,0,1,11,4,16,10,29,59,35,133,38,14,52,185
08/03/2023,LNK,NE,ACE,CE,Towers with Radar,10,23,47,19,99,0,0,4,5,9,10,23,51,24,108,38,6,44,152
08/04/2023,LNK,NE,ACE,CE,Towers with Radar,12,25,39,24,100,0,2,9,0,11,12,27,48,24,111,8,0,8,119
08/05/2023,LNK,NE,ACE,CE,Towers with Radar,10,24,29,2,65,0,0,43,1,44,10,24,72,3,109,52,0,52,161
08/06/2023,LNK,NE,ACE,CE,Towers with Radar,8,29,25,1,63,0,3,4,5,12,8,32,29,6,75,0,0,0,75
08/07/2023,LNK,NE,ACE,CE,Towers with Radar,11,26,52,17,106,1,4,85,0,90,12,30,137,17,196,140,12,152,348
08/08/2023,LNK,NE,ACE,CE,Towers with Radar,8,27,32,19,86,0,4,71,0,75,8,31,103,19,161,68,12,80,241
08/09/2023,LNK,NE,ACE,CE,Towers with Radar,10,24,35,18,87,0,2,64,3,69,10,26,99,21,156,72,8,80,236
08/10/2023,LNK,NE,ACE,CE,Towers with Radar,9,26,36,17,88,0,2,85,5,92,9,28,121,22,180,132,12,144,324
08/11/2023,LNK,NE,ACE,CE,Towers with Radar,9,27,25,11,72,0,3,64,0,67,9,30,89,11,139,98,12,110,249
08/12/2023,LNK,NE,ACE,CE,Towers with Radar,6,17,20,2,45,0,1,64,0,65,6,18,84,2,110,120,0,120,230
08/13/2023,LNK,NE,ACE,CE,Towers with Radar,8,16,23,1,48,0,2,12,1,15,8,18,35,2,63,8,0,8,71
08/14/2023,LNK,NE,ACE,CE,Towers with Radar,7,37,41,8,93,0,2,11,1,14,7,39,52,9,107,12,24,36,143
08/15/2023,LNK,NE,ACE,CE,Towers with Radar,7,26,40,18,91,0,1,104,2,107,7,27,144,20,198,108,10,118,316
08/16/2023,LNK,NE,ACE,CE,Towers with Radar,8,22,43,58,131,0,5,64,6,75,8,27,107,64,206,38,58,96,302
08/17/2023,LNK,NE,ACE,CE,Towers with Radar,9,33,40,20,102,0,1,91,8,100,9,34,131,28,202,96,22,118,320
08/18/2023,LNK,NE,ACE,CE,Towers with Radar,11,27,30,26,94,0,2,79,4,85,11,29,109,30,179,94,18,112,291
08/19/2023,LNK,NE,ACE,CE,Towers with Radar,8,15,12,1,36,0,1,56,0,57,8,16,68,1,93,28,0,28,121
08/20/2023,LNK,NE,ACE,CE,Towers with Radar,10,27,29,0,66,0,1,16,0,17,10,28,45,0,83,8,0,8,91
08/21/2023,LNK,NE,ACE,CE,Towers with Radar,8,41,51,6,106,0,2,37,0,39,8,43,88,6,145,32,0,32,177
08/22/2023,LNK,NE,ACE,CE,Towers with Radar,7,22,36,9,74,0,2,54,5,61,7,24,90,14,135,62,4,66,201
08/23/2023,LNK,NE,ACE,CE,Towers with Radar,8,25,28,6,67,0,3,47,11,61,8,28,75,17,128,28,0,28,156
08/24/2023,LNK,NE,ACE,CE,Towers with Radar,9,29,25,14,77,0,1,76,6,83,9,30,101,20,160,20,0,20,180
08/25/2023,LNK,NE,ACE,CE,Towers with Radar,8,23,14,15,60,0,0,79,14,93,8,23,93,29,153,48,26,74,227
08/26/2023,LNK,NE,ACE,CE,Towers with Radar,9,15,26,0,50,0,0,24,5,29,9,15,50,5,79,14,0,14,93
08/27/2023,LNK,NE,ACE,CE,Towers with Radar,10,21,14,6,51,0,2,21,5,28,10,23,35,11,79,8,0,8,87
08/28/2023,LNK,NE,ACE,CE,Towers with Radar,9,24,45,13,91,0,6,88,7,101,9,30,133,20,192,100,2,102,294
08/29/2023,LNK,NE,ACE,CE,Towers with Radar,6,21,39,22,88,0,5,93,6,104,6,26,132,28,192,100,4,104,296
08/30/2023,LNK,NE,ACE,CE,Towers with Radar,10,30,60,13,113,0,6,86,11,103,10,36,146,24,216,122,6,128,344
08/31/2023,LNK,NE,ACE,CE,Towers with Radar,12,37,40,23,112,0,4,48,4,56,12,41,88,27,168,54,12,66,234
01/01/2020,LNK,NE,ACE,CE,Towers with Radar,8,15,11,0,34,0,2,21,0,23,8,17,32,0,57,8,0,8,65
01/02/2020,LNK,NE,ACE,CE,Towers with Radar,6,30,14,16,66,0,2,14,0,16,6,32,28,16,82,32,12,44,126
01/03/2020,LNK,NE,ACE,CE,Towers with Radar,6,29,32,13,80,0,3,27,0,30,6,32,59,13,110,4,8,12,122
01/04/2020,LNK,NE,ACE,CE,Towers with Radar,3,24,35,0,62,0,0,67,0,67,3,24,102,0,129,38,0,38,167
01/05/2020,LNK,NE,ACE,CE,Towers with Radar,2,32,18,2,54,0,0,21,0,21,2,32,39,2,75,32,0,32,107
01/06/2020,LNK,NE,ACE,CE,Towers with Radar,3,33,35,20,91,0,1,24,0,25,3,34,59,20,116,44,38,82,198
01/07/2020,LNK,NE,ACE,CE,Towers with Radar,4,23,34,33,94,0,5,46,17,68,4,28,80,50,162,76,26,102,264
01/08/2020,LNK,NE,ACE,CE,Towers with Radar,1,28,29,16,74,0,8,24,8,40,1,36,53,24,114,10,12,22,136
01/09/2020,LNK,NE,ACE,CE,Towers with Radar,4,33,36,19,92,0,8,57,4,69,4,41,93,23,161,52,14,66,227
01/10/2020,LNK,NE,ACE,CE,Towers with Radar,7,27,16,8,58,0,0,0,1,1,7,27,16,9,59,4,0,4,63
01/11/2020,LNK,NE,ACE,CE,Towers with Radar,3,14,30,0,47,0,0,37,3,40,3,14,67,3,87,44,0,44,131
01/12/2020,LNK,NE,ACE,CE,Towers with Radar,6,25,5,0,36,0,0,0,0,0,6,25,5,0,36,0,0,0,36
01/13/2020,LNK,NE,ACE,CE,Towers with Radar,4,33,22,2,61,0,0,0,0,0,4,33,22,2,61,0,0,0,61
01/14/2020,LNK,NE,ACE,CE,Towers with Radar,3,43,29,41,116,0,9,37,6,52,3,52,66,47,168,86,20,106,274
01/15/2020,LNK,NE,ACE,CE,Towers with Radar,3,46,27,41,117,0,6,18,13,37,3,52,45,54,154,6,36,42,196
01/16/2020,LNK,NE,ACE,CE,Towers with Radar,4,45,48,32,129,0,12,32,8,52,4,57,80,40,181,38,24,62,243
01/17/2020,LNK,NE,ACE,CE,Towers with Radar,4,17,8,2,31,0,0,0,0,0,4,17,8,2,31,0,0,0,31
01/18/2020,LNK,NE,ACE,CE,Towers with Radar,4,19,6,0,29,0,3,2,0,5,4,22,8,0,34,0,0,0,34
01/19/2020,LNK,NE,ACE,CE,Towers with Radar,4,18,12,0,34,0,1,6,0,7,4,19,18,0,41,2,0,2,43
01/20/2020,LNK,NE,ACE,CE,Towers with Radar,6,37,35,0,78,0,0,23,0,23,6,37,58,0,101,26,0,26,127
01/21/2020,LNK,NE,ACE,CE,Towers with Radar,3,23,47,20,93,0,0,48,0,48,3,23,95,20,141,60,26,86,227
01/22/2020,LNK,NE,ACE,CE,Towers with Radar,3,26,14,1,44,0,0,0,0,0,3,26,14,1,44,0,0,0,44
01/23/2020,LNK,NE,ACE,CE,Towers with Radar,6,28,8,0,42,0,0,0,0,0,6,28,8,0,42,0,0,0,42
01/24/2020,LNK,NE,ACE,CE,Towers with Radar,4,36,21,7,68,0,0,0,0,0,4,36,21,7,68,0,0,0,68
01/25/2020,LNK,NE,ACE,CE,Towers with Radar,5,26,5,0,36,0,0,0,0,0,5,26,5,0,36,0,0,0,36
01/26/2020,LNK,NE,ACE,CE,Towers with Radar,4,18,12,0,34,0,1,6,0,7,4,19,18,0,41,22,0,22,63
01/27/2020,LNK,NE,ACE,CE,Towers with Radar,5,44,26,16,91,0,0,4,0,4,5,44,30,16,95,6,0,6,101
01/28/2020,LNK,NE,ACE,CE,Towers with Radar,3,28,22,11,64,0,0,0,1,1,3,28,22,12,65,0,2,2,67
01/29/2020,LNK,NE,ACE,CE,Towers with Radar,3,34,31,21,89,0,0,0,0,0,3,34,31,21,89,2,2,4,93
01/30/2020,LNK,NE,ACE,CE,Towers with Radar,4,32,50,43,129,0,2,1,5,8,4,34,51,48,137,10,0,10,147
01/31/2020,LNK,NE,ACE,CE,Towers with Radar,6,31,25,16,78,0,0,6,6,12,6,31,31,22,90,40,0,40,130
02/01/2020,LNK,NE,ACE,CE,Towers with Radar,2,19,37,2,60,0,2,95,2,99,2,21,132,4,159,64,18,82,241
02/02/2020,LNK,NE,ACE,CE,Towers with Radar,2,26,19,4,51,0,0,55,0,55,2,26,74,4,106,32,6,38,144
02/03/2020,LNK,NE,ACE,CE,Towers with Radar,4,29,14,0,47,0,3,2,0,5,4,32,16,0,52,0,0,0,52
02/04/2020,LNK,NE,ACE,CE,Towers with Radar,3,26,34,34,97,0,0,23,0,23,3,26,57,34,120,32,12,44,164
02/05/2020,LNK,NE,ACE,CE,Towers with Radar,3,27,23,0,53,0,0,16,0,16,3,27,39,0,69,36,16,52,121
02/06/2020,LNK,NE,ACE,CE,Towers with Radar,3,37,42,38,120,0,16,63,9,88,3,53,105,47,208,84,24,108,316
02/07/2020,LNK,NE,ACE,CE,Towers with Radar,3,41,27,16,87,0,0,14,0,14,3,41,41,16,101,62,6,68,169
02/08/2020,LNK,NE,ACE,CE,Towers with Radar,3,23,27,0,53,0,7,76,1,84,3,30,103,1,137,118,0,118,255
02/09/2020,LNK,NE,ACE,CE,Towers with Radar,3,22,12,6,43,0,4,3,2,9,3,26,15,8,52,0,0,0,52
02/10/2020,LNK,NE,ACE,CE,Towers with Radar,7,29,28,30,94,0,5,46,7,58,7,34,74,37,152,26,22,48,200
02/11/2020,LNK,NE,ACE,CE,Towers with Radar,3,47,37,75,162,0,6,52,25,83,3,53,89,100,245,20,2,22,267
02/12/2020,LNK,NE,ACE,CE,Towers with Radar,2,47,25,29,103,0,3,19,8,30,2,50,44,37,133,80,12,92,225
02/13/2020,LNK,NE,ACE,CE,Towers with Radar,2,38,31,48,119,0,9,26,6,41,2,47,57,54,160,14,58,72,232
02/14/2020,LNK,NE,ACE,CE,Towers with Radar,4,42,29,22,97,0,7,9,3,19,4,49,38,25,116,0,4,4,120
02/15/2020,LNK,NE,ACE,CE,Towers with Radar,3,27,28,0,58,0,2,82,0,84,3,29,110,0,142,94,0,94,236
02/16/2020,LNK,NE,ACE,CE,Towers with Radar,1,27,32,0,60,0,3,29,0,32,1,30,61,0,92,12,0,12,104
02/17/2020,LNK,NE,ACE,CE,Towers with Radar,2,35,28,0,65,0,1,26,0,27,2,36,54,0,92,72,0,72,164
02/18/2020,LNK,NE,ACE,CE,Towers with Radar,1,34,54,35,124,0,0,62,1,63,1,34,116,36,187,66,10,76,263
02/19/2020,LNK,NE,ACE,CE,Towers with Radar,2,28,25,8,63,0,0,1,0,1,2,28,26,8,64,8,0,8,72
02/20/2020,LNK,NE,ACE,CE,Towers with Radar,1,37,46,45,129,0,8,57,14,79,1,45,103,59,208,100,46,146,354
02/21/2020,LNK,NE,ACE,CE,Towers with Radar,4,37,36,16,93,0,5,22,0,27,4,42,58,16,120,8,4,12,132
02/22/2020,LNK,NE,ACE,CE,Towers with Radar,3,22,40,12,77,0,0,88,2,90,3,22,128,14,167,56,20,76,243
02/23/2020,LNK,NE,ACE,CE,Towers with Radar,1,31,22,0,54,0,0,40,2,42,1,31,62,2,96,52,0,52,148
02/24/2020,LNK,NE,ACE,CE,Towers with Radar,2,35,41,36,114,0,1,49,0,50,2,36,90,36,164,60,48,108,272
02/25/2020,LNK,NE,ACE,CE,Towers with Radar,1,37,35,108,181,0,10,6,0,16,1,47,41,108,197,34,84,118,315
02/26/2020,LNK,NE,ACE,CE,Towers with Radar,2,43,32,28,105,0,15,32,2,49,2,58,64,30,154,20,36,56,210
02/27/2020,LNK,NE,ACE,CE,Towers with Radar,2,36,42,32,112,0,5,46,8,59,2,41,88,40,171,80,30,110,281
02/28/2020,LNK,NE,ACE,CE,Towers with Radar,5,32,28,37,102,0,1,63,1,65,5,33,91,38,167,22,16,38,205
02/29/2020,LNK,NE,ACE,CE,Towers with Radar,1,31,27,0,59,0,2,70,0,72,1,33,97,0,131,48,0,48,179
03/01/2020,LNK,NE,ACE,CE,Towers with Radar,1,31,24,1,57,0,2,42,0,44,1,33,66,1,101,72,0,72,173
03/02/2020,LNK,NE,ACE,CE,Towers with Radar,4,40,20,9,73,0,3,46,2,51,4,43,66,11,124,52,0,52,176
03/03/2020,LNK,NE,ACE,CE,Towers with Radar,3,31,38,27,99,0,3,35,2,40,3,34,73,29,139,12,8,20,159
03/04/2020,LNK,NE,ACE,CE,Towers with Radar,3,29,40,57,129,0,6,76,4,86,3,35,116,61,215,44,16,60,275
03/05/2020,LNK,NE,ACE,CE,Towers with Radar,2,39,27,37,105,0,6,9,8,23,2,45,36,45,128,26,12,38,166
03/06/2020,LNK,NE,ACE,CE,Towers with Radar,4,34,37,34,109,0,3,59,6,68,4,37,96,40,177,56,16,72,249
03/07/2020,LNK,NE,ACE,CE,Towers with Radar,0,27,19,2,48,0,4,16,0,20,0,31,35,2,68,0,0,0,68
03/08/2020,LNK,NE,ACE,CE,Towers with Radar,1,34,9,8,52,0,0,12,0,12,1,34,21,8,64,8,0,8,72
03/09/2020,LNK,NE,ACE,CE,Towers with Radar,2,35,29,34,100,0,0,1,1,2,2,35,30,35,102,0,0,0,102
03/10/2020,LNK,NE,ACE,CE,Towers with Radar,1,40,29,26,96,0,0,4,2,6,1,40,33,28,102,8,0,8,110
03/11/2020,LNK,NE,ACE,CE,Towers with Radar,1,39,35,24,99,0,8,36,4,48,1,47,71,28,147,20,4,24,171
03/12/2020,LNK,NE,ACE,CE,Towers with Radar,1,58,40,62,161,0,5,4,8,17,1,63,44,70,178,8,20,28,206
03/13/2020,LNK,NE,ACE,CE,Towers with Radar,1,40,29,21,91,0,4,31,1,36,1,44,60,22,127,16,4,20,147
03/14/2020,LNK,NE,ACE,CE,Towers with Radar,1,24,7,0,32,0,1,0,0,1,1,25,7,0,33,0,0,0,33
03/15/2020,LNK,NE,ACE,CE,Towers with Radar,0,34,26,0,60,0,0,1,0,1,0,34,27,0,61,22,0,22,83
03/16/2020,LNK,NE,ACE,CE,Towers with Radar,2,32,37,0,71,0,0,0,0,0,2,32,37,0,71,0,0,0,71
03/17/2020,LNK,NE,ACE,CE,Towers with Radar,1,33,36,19,89,0,2,22,3,27,1,35,58,22,116,38,4,42,158
03/18/2020,LNK,NE,ACE,CE,Towers with Radar,1,24,8,24,57,0,0,0,0,0,1,24,8,24,57,4,0,4,61
03/19/2020,LNK,NE,ACE,CE,Towers with Radar,1,25,8,22,56,0,0,0,0,0,1,25,8,22,56,0,0,0,56
03/20/2020,LNK,NE,ACE,CE,Towers with Radar,1,28,22,16,67,0,7,27,4,38,1,35,49,20,105,22,26,48,153
03/21/2020,LNK,NE,ACE,CE,Towers with Radar,0,18,38,0,56,0,0,69,0,69,0,18,107,0,125,70,0,70,195
03/22/2020,LNK,NE,ACE,CE,Towers with Radar,1,19,12,0,32,0,0,2,0,2,1,19,14,0,34,0,0,0,34
03/23/2020,LNK,NE,ACE,CE,Towers with Radar,1,22,21,13,57,0,2,0,3,5,1,24,21,16,62,0,0,0,62
03/24/2020,LNK,NE,ACE,CE,Towers with Radar,0,25,20,11,56,0,1,17,4,22,0,26,37,15,78,58,0,58,136
03/25/2020,LNK,NE,ACE,CE,Towers with Radar,0,33,17,24,74,0,6,32,3,41,0,39,49,27,115,12,0,12,127
03/26/2020,LNK,NE,ACE,CE,Towers with Radar,0,23,22,15,60,0,6,18,2,26,0,29,40,17,86,8,12,20,106
03/27/2020,LNK,NE,ACE,CE,Towers with Radar,0,26,23,4,53,0,0,0,0,0,0,26,23,4,53,0,0,0,53
03/28/2020,LNK,NE,ACE,CE,Towers with Radar,0,17,15,2,34,0,0,0,0,0,0,17,15,2,34,0,0,0,34
03/29/2020,LNK,NE,ACE,CE,Towers with Radar,0,22,15,0,37,0,0,59,2,61,0,22,74,2,98,28,6,34,132
03/30/2020,LNK,NE,ACE,CE,Towers with Radar,0,18,29,3,50,0,9,46,6,61,0,27,75,9,111,30,4,34,145
03/31/2020,LNK,NE,ACE,CE,Towers with Radar,0,15,16,4,35,0,3,52,4,59,0,18,68,8,94,80,14,94,188
04/01/2020,LNK,NE,ACE,CE,Towers with Radar,0,12,21,25,58,0,0,48,8,56,0,12,69,33,114,26,4,30,144
04/02/2020,LNK,NE,ACE,CE,Towers with Radar,0,11,12,16,39,0,0,9,0,9,0,11,21,16,48,38,20,58,106
04/03/2020,LNK,NE,ACE,CE,Towers with Radar,0,13,10,27,50,0,3,3,0,6,0,16,13,27,56,26,12,38,94
04/04/2020,LNK,NE,ACE,CE,Towers with Radar,0,9,16,0,25,0,0,54,0,54,0,9,70,0,79,56,0,56,135
04/05/2020,LNK,NE,ACE,CE,Towers with Radar,0,8,14,3,25,0,0,51,0,51,0,8,65,3,76,74,0,74,150
04/06/2020,LNK,NE,ACE,CE,Towers with Radar,0,11,29,17,57,0,3,23,0,26,0,14,52,17,83,42,8,50,133
04/07/2020,LNK,NE,ACE,CE,Towers with Radar,0,11,25,3,39,0,2,54,3,59,0,13,79,6,98,70,0,70,168
04/08/2020,LNK,NE,ACE,CE,Towers with Radar,0,16,19,9,44,0,7,44,6,57,0,23,63,15,101,27,0,27,128
04/09/2020,LNK,NE,ACE,CE,Towers with Radar,0,11,14,22,47,0,0,19,2,21,0,11,33,24,68,16,10,26,94
04/10/2020,LNK,NE,ACE,CE,Towers with Radar,0,14,12,7,33,0,0,75,2,77,0,14,87,9,110,86,0,86,196
04/11/2020,LNK,NE,ACE,CE,Towers with Radar,0,7,13,9,29,0,1,41,0,42,0,8,54,9,71,90,0,90,161
04/12/2020,LNK,NE,ACE,CE,Towers with Radar,0,2,1,0,3,0,0,0,0,0,0,2,1,0,3,0,0,0,3
04/13/2020,LNK,NE,ACE,CE,Towers with Radar,0,16,25,4,45,0,0,44,0,44,0,16,69,4,89,26,6,32,121
04/14/2020,LNK,NE,ACE,CE,Towers with Radar,0,9,28,3,40,0,1,45,1,47,0,10,73,4,87,42,6,48,135
04/15/2020,LNK,NE,ACE,CE,Towers with Radar,0,11,17,10,38,0,3,60,5,68,0,14,77,15,106,80,10,90,196
04/16/2020,LNK,NE,ACE,CE,Towers with Radar,0,8,7,8,23,0,0,1,0,1,0,8,8,8,24,0,0,0,24
04/17/2020,LNK,NE,ACE,CE,Towers with Radar,0,8,24,10,42,0,2,43,0,45,0,10,67,10,87,52,18,70,157
04/18/2020,LNK,NE,ACE,CE,Towers with Radar,0,11,16,1,28,0,0,25,3,28,0,11,41,4,56,10,0,10,66
04/19/2020,LNK,NE,ACE,CE,Towers with Radar,0,7,23,0,30,0,3,46,0,49,0,10,69,0,79,32,0,32,111
04/20/2020,LNK,NE,ACE,CE,Towers with Radar,0,9,11,0,20,0,6,41,0,47,0,15,52,0,67,50,0,50,117
04/21/2020,LNK,NE,ACE,CE,Towers with Radar,0,21,17,29,67,0,7,71,0,78,0,28,88,29,145,104,26,130,275
04/22/2020,LNK,NE,ACE,CE,Towers with Radar,0,11,25,10,46,0,0,42,0,42,0,11,67,10,88,46,8,54,142
04/23/2020,LNK,NE,ACE,CE,Towers with Radar,0,8,17,11,36,0,2,75,7,84,0,10,92,18,120,76,6,82,202
04/24/2020,LNK,NE,ACE,CE,Towers with Radar,0,12,27,6,45,0,3,18,0,21,0,15,45,6,66,36,24,60,126
04/25/2020,LNK,NE,ACE,CE,Towers with Radar,0,5,22,3,30,0,1,52,0,53,0,6,74,3,83,76,0,76,159
04/26/2020,LNK,NE,ACE,CE,Towers with Radar,0,8,18,2,28,0,0,55,0,55,0,8,73,2,83,60,0,60,143
04/27/2020,LNK,NE,ACE,CE,Towers with Radar,0,15,20,20,55,0,2,56,0,58,0,17,76,20,113,30,0,30,143
04/28/2020,LNK,NE,ACE,CE,Towers with Radar,0,11,22,13,46,0,1,16,2,19,0,12,38,15,65,30,0,30,95
04/29/2020,LNK,NE,ACE,CE,Towers with Radar,0,14,16,39,69,0,2,12,2,16,0,16,28,41,85,0,36,36,121
04/30/2020,LNK,NE,ACE,CE,Towers with Radar,0,12,26,24,62,0,0,85,7,92,0,12,111,31,154,192,14,206,360
05/01/2020,LNK,NE,ACE,CE,Towers with Radar,1,11,31,47,90,0,2,53,0,55,1,13,84,47,145,84,44,128,273
05/02/2020,LNK,NE,ACE,CE,Towers with Radar,2,9,12,0,23,0,1,35,0,36,2,10,47,0,59,48,0,48,107
05/03/2020,LNK,NE,ACE,CE,Towers with Radar,2,8,17,1,28,0,2,54,1,57,2,10,71,2,85,16,0,16,101
05/04/2020,LNK,NE,ACE,CE,Towers with Radar,4,8,19,2,33,0,2,12,0,14,4,10,31,2,47,0,6,6,53
05/05/2020,LNK,NE,ACE,CE,Towers with Radar,0,11,19,0,30,0,1,8,1,10,0,12,27,1,40,10,0,10,50
05/06/2020,LNK,NE,ACE,CE,Towers with Radar,2,11,40,26,79,0,3,37,4,44,2,14,77,30,123,62,26,88,211
05/07/2020,LNK,NE,ACE,CE,Towers with Radar,2,13,14,27,56,0,3,17,2,22,2,16,31,29,78,56,0,56,134
05/08/2020,LNK,NE,ACE,CE,Towers with Radar,2,12,41,18,73,0,2,53,4,59,2,14,94,22,132,44,22,66,198
05/09/2020,LNK,NE,ACE,CE,Towers with Radar,2,11,14,0,27,0,2,15,0,17,2,13,29,0,44,16,0,16,60
05/10/2020,LNK,NE,ACE,CE,Towers with Radar,2,10,18,0,30,0,0,13,0,13,2,10,31,0,43,16,0,16,59
05/11/2020,LNK,NE,ACE,CE,Towers with Radar,2,18,14,7,41,0,4,30,0,34,2,22,44,7,75,40,20,60,135
05/12/2020,LNK,NE,ACE,CE,Towers with Radar,2,18,14,12,46,0,9,24,0,33,2,27,38,12,79,26,42,68,147
05/13/2020,LNK,NE,ACE,CE,Towers with Radar,0,9,24,2,35,0,1,0,0,1,0,10,24,2,36,0,0,0,36
05/14/2020,LNK,NE,ACE,CE,Towers with Radar,2,17,34,6,59,0,4,6,3,13,2,21,40,9,72,10,2,12,84
05/15/2020,LNK,NE,ACE,CE,Towers with Radar,0,17,28,32,77,0,3,53,0,56,0,20,81,32,133,48,2,50,183
05/16/2020,LNK,NE,ACE,CE,Towers with Radar,2,11,6,0,19,0,2,2,0,4,2,13,8,0,23,34,0,34,57
05/17/2020,LNK,NE,ACE,CE,Towers with Radar,2,11,10,0,23,0,0,3,0,3,2,11,13,0,26,24,0,24,50
05/18/2020,LNK,NE,ACE,CE,Towers with Radar,2,25,39,10,76,0,1,19,2,22,2,26,58,12,98,72,0,72,170
05/19/2020,LNK,NE,ACE,CE,Towers with Radar,2,29,31,20,82,0,6,33,0,39,2,35,64,20,121,72,10,82,203
05/20/2020,LNK,NE,ACE,CE,Towers with Radar,0,28,42,14,84,0,9,11,4,24,0,37,53,18,108,62,2,64,172
05/21/2020,LNK,NE,ACE,CE,Towers with Radar,2,23,27,27,79,0,4,10,0,14,2,27,37,27,93,12,8,20,113
05/22/2020,LNK,NE,ACE,CE,Towers with Radar,0,16,16,3,35,0,0,0,0,0,0,16,16,3,35,0,0,0,35
05/23/2020,LNK,NE,ACE,CE,Towers with Radar,2,19,38,0,59,0,5,26,0,31,2,24,64,0,90,34,0,34,124
05/24/2020,LNK,NE,ACE,CE,Towers with Radar,2,8,9,0,19,0,1,16,0,17,2,9,25,0,36,20,0,20,56
05/25/2020,LNK,NE,ACE,CE,Towers with Radar,0,14,10,0,24,0,0,0,0,0,0,14,10,0,24,0,0,0,24
05/26/2020,LNK,NE,ACE,CE,Towers with Radar,2,16,22,6,46,0,6,2,0,8,2,22,24,6,54,10,0,10,64
05/27/2020,LNK,NE,ACE,CE,Towers with Radar,0,11,27,15,53,0,6,44,5,55,0,17,71,20,108,80,12,92,200
05/28/2020,LNK,NE,ACE,CE,Towers with Radar,2,13,16,20,51,0,6,35,9,50,2,19,51,29,101,14,24,38,139
05/29/2020,LNK,NE,ACE,CE,Towers with Radar,2,23,38,23,86,0,5,90,0,95,2,28,128,23,181,110,8,118,299
05/30/2020,LNK,NE,ACE,CE,Towers with Radar,2,12,12,0,26,0,0,21,0,21,2,12,33,0,47,22,0,22,69
05/31/2020,LNK,NE,ACE,CE,Towers with Radar,2,12,23,2,39,0,0,33,1,34,2,12,56,3,73,2,0,2,75
06/01/2020,LNK,NE,ACE,CE,Towers with Radar,0,27,43,14,84,0,1,22,2,25,0,28,65,16,109,12,0,12,121
06/02/2020,LNK,NE,ACE,CE,Towers with Radar,2,29,20,33,84,0,7,56,12,75,2,36,76,45,159,58,32,90,249
06/03/2020,LNK,NE,ACE,CE,Towers with Radar,2,19,21,6,48,0,7,58,4,69,2,26,79,10,117,126,6,132,249
06/04/2020,LNK,NE,ACE,CE,Towers with Radar,2,20,43,12,77,0,6,73,8,87,2,26,116,20,164,116,6,122,286
06/05/2020,LNK,NE,ACE,CE,Towers with Radar,4,17,33,7,61,0,2,55,3,60,4,19,88,10,121,46,2,48,169
06/06/2020,LNK,NE,ACE,CE,Towers with Radar,0,9,11,0,20,0,0,43,0,43,0,9,54,0,63,106,0,106,169
06/07/2020,LNK,NE,ACE,CE,Towers with Radar,2,17,13,0,32,0,0,9,2,11,2,17,22,2,43,0,0,0,43
06/08/2020,LNK,NE,ACE,CE,Towers with Radar,2,22,24,8,56,0,0,9,0,9,2,22,33,8,65,2,6,8,73
06/09/2020,LNK,NE,ACE,CE,Towers with Radar,2,13,21,8,44,0,3,19,2,24,2,16,40,10,68,8,0,8,76
06/10/2020,LNK,NE,ACE,CE,Towers with Radar,2,18,7,9,36,0,4,8,12,24,2,22,15,21,60,0,12,12,72
06/11/2020,LNK,NE,ACE,CE,Towers with Radar,2,23,56,17,98,0,8,97,12,117,2,31,153,29,215,80,11,91,306
06/12/2020,LNK,NE,ACE,CE,Towers with Radar,2,21,26,28,77,0,10,86,1,97,2,31,112,29,174,74,26,100,274
06/13/2020,LNK,NE,ACE,CE,Towers with Radar,0,6,23,0,29,0,2,56,0,58,0,8,79,0,87,60,0,60,147
06/14/2020,LNK,NE,ACE,CE,Towers with Radar,0,18,28,1,47,0,1,17,0,18,0,19,45,1,65,4,0,4,69
06/15/2020,LNK,NE,ACE,CE,Towers with Radar,4,32,26,14,76,0,1,35,2,38,4,33,61,16,114,58,10,68,182
06/16/2020,LNK,NE,ACE,CE,Towers with Radar,0,9,26,31,66,0,4,39,3,46,0,13,65,34,112,72,16,88,200
06/17/2020,LNK,NE,ACE,CE,Towers with Radar,2,20,40,50,112,0,0,35,1,36,2,20,75,51,148,14,20,34,182
06/18/2020,LNK,NE,ACE,CE,Towers with Radar,2,23,14,7,46,0,1,22,6,29,2,24,36,13,75,34,0,34,109
06/19/2020,LNK,NE,ACE,CE,Towers with Radar,2,15,33,6,56,0,0,35,0,35,2,15,68,6,91,146,4,150,241
06/20/2020,LNK,NE,ACE,CE,Towers with Radar,2,18,12,1,33,0,8,23,0,31,2,26,35,1,64,78,0,78,142
06/21/2020,LNK,NE,ACE,CE,Towers with Radar,2,14,17,0,33,0,0,15,0,15,2,14,32,0,48,38,0,38,86
06/22/2020,LNK,NE,ACE,CE,Towers with Radar,2,23,30,12,67,0,4,43,0,47,2,27,73,12,114,38,16,54,168
06/23/2020,LNK,NE,ACE,CE,Towers with Radar,2,16,42,21,81,0,4,80,2,86,2,20,122,23,167,78,10,88,255
06/24/2020,LNK,NE,ACE,CE,Towers with Radar,2,21,33,55,111,0,7,69,9,85,2,28,102,64,196,48,12,60,256
06/25/2020,LNK,NE,ACE,CE,Towers with Radar,0,35,35,31,101,0,7,60,4,71,0,42,95,35,172,64,22,86,258
06/26/2020,LNK,NE,ACE,CE,Towers with Radar,2,22,21,8,53,0,3,55,4,62,2,25,76,12,115,66,4,70,185
06/27/2020,LNK,NE,ACE,CE,Towers with Radar,2,16,10,0,28,0,2,67,4,73,2,18,77,4,101,62,0,62,163
06/28/2020,LNK,NE,ACE,CE,Towers with Radar,2,17,17,0,36,0,5,21,0,26,2,22,38,0,62,54,0,54,116
06/29/2020,LNK,NE,ACE,CE,Towers with Radar,2,25,28,6,61,0,0,14,0,14,2,25,42,6,75,92,6,98,173
06/30/2020,LNK,NE,ACE,CE,Towers with Radar,2,16,31,19,68,0,1,17,3,21,2,17,48,22,89,46,4,50,139
07/01/2020,LNK,NE,ACE,CE,Towers with Radar,2,21,21,14,58,0,6,67,1,74,2,27,88,15,132,96,0,96,228
07/02/2020,LNK,NE,ACE,CE,Towers with Radar,0,21,50,4,75,0,2,48,0,50,0,23,98,4,125,92,4,96,221
07/03/2020,LNK,NE,ACE,CE,Towers with Radar,0,18,26,1,45,0,0,50,0,50,0,18,76,1,95,46,0,46,141
07/04/2020,LNK,NE,ACE,CE,Towers with Radar,0,8,3,1,12,0,0,28,0,28,0,8,31,1,40,0,0,0,40
07/05/2020,LNK,NE,ACE,CE,Towers with Radar,1,20,25,0,46,0,3,22,1,26,1,23,47,1,72,6,0,6,78
07/06/2020,LNK,NE,ACE,CE,Towers with Radar,1,21,28,0,50,0,0,45,0,45,1,21,73,0,95,42,0,42,137
07/07/2020,LNK,NE,ACE,CE,Towers with Radar,0,16,38,38,92,0,3,85,1,89,0,19,123,39,181,42,22,64,245
07/08/2020,LNK,NE,ACE,CE,Towers with Radar,0,25,44,20,89,0,7,44,5,56,0,32,88,25,145,22,42,64,209
07/09/2020,LNK,NE,ACE,CE,Towers with Radar,0,25,36,27,88,0,4,53,7,64,0,29,89,34,152,52,0,52,204
07/10/2020,LNK,NE,ACE,CE,Towers with Radar,0,18,38,14,70,0,3,59,0,62,0,21,97,14,132,74,14,88,220
07/11/2020,LNK,NE,ACE,CE,Towers with Radar,0,19,17,0,36,0,4,45,0,49,0,23,62,0,85,48,0,48,133
07/12/2020,LNK,NE,ACE,CE,Towers with Radar,0,21,37,1,59,0,3,43,0,46,0,24,80,1,105,40,0,40,145
07/13/2020,LNK,NE,ACE,CE,Towers with Radar,0,25,33,42,100,0,2,40,4,46,0,27,73,46,146,52,20,72,218
07/14/2020,LNK,NE,ACE,CE,Towers with Radar,0,24,21,22,67,0,10,40,1,51,0,34,61,23,118,96,20,116,234
07/15/2020,LNK,NE,ACE,CE,Towers with Radar,0,27,20,28,75,0,1,9,1,11,0,28,29,29,86,52,0,52,138
07/16/2020,LNK,NE,ACE,CE,Towers with Radar,0,42,31,38,111,0,11,51,11,73,0,53,82,49,184,72,34,106,290
07/17/2020,LNK,NE,ACE,CE,Towers with Radar,0,32,38,27,97,0,7,45,5,57,0,39,83,32,154,46,18,64,218
07/18/2020,LNK,NE,ACE,CE,Towers with Radar,0,18,18,21,57,0,0,39,10,49,0,18,57,31,106,34,0,34,140
07/19/2020,LNK,NE,ACE,CE,Towers with Radar,0,24,24,2,50,0,8,37,9,54,0,32,61,11,104,24,0,24,128
07/20/2020,LNK,NE,ACE,CE,Towers with Radar,0,26,30,18,74,0,0,11,0,11,0,26,41,18,85,94,6,100,185
07/21/2020,LNK,NE,ACE,CE,Towers with Radar,0,26,24,58,108,0,12,32,4,48,0,38,56,62,156,108,20,128,284
07/22/2020,LNK,NE,ACE,CE,Towers with Radar,0,27,39,24,90,0,3,66,3,72,0,30,105,27,162,48,26,74,236
07/23/2020,LNK,NE,ACE,CE,Towers with Radar,0,23,37,65,125,0,7,58,7,72,0,30,95,72,197,40,34,74,271
07/24/2020,LNK,NE,ACE,CE,Towers with Radar,2,23,41,58,124,0,1,38,3,42,2,24,79,61,166,56,0,56,222
07/25/2020,LNK,NE,ACE,CE,Towers with Radar,0,17,26,0,43,0,15,39,2,56,0,32,65,2,99,48,0,48,147
07/26/2020,LNK,NE,ACE,CE,Towers with Radar,0,19,25,0,44,0,0,11,1,12,0,19,36,1,56,12,0,12,68
07/27/2020,LNK,NE,ACE,CE,Towers with Radar,0,28,37,43,108,0,0,45,0,45,0,28,82,43,153,84,16,100,253
07/28/2020,LNK,NE,ACE,CE,Towers with Radar,0,27,37,43,107,0,4,66,1,71,0,31,103,44,178,81,20,101,279
07/29/2020,LNK,NE,ACE,CE,Towers with Radar,0,28,33,3,64,0,5,13,1,19,0,33,46,4,83,8,1,9,92
07/30/2020,LNK,NE,ACE,CE,Towers with Radar,0,23,32,54,109,0,3,26,1,30,0,26,58,55,139,34,26,60,199
07/31/2020,LNK,NE,ACE,CE,Towers with Radar,0,26,47,12,85,0,4,69,4,77,0,30,116,16,162,90,4,94,256
08/01/2020,LNK,NE,ACE,CE,Towers with Radar,0,20,28,3,51,0,0,51,0,51,0,20,79,3,102,56,0,56,158
08/02/2020,LNK,NE,ACE,CE,Towers with Radar,0,16,33,0,49,0,1,53,2,56,0,17,86,2,105,2,0,2,107
08/03/2020,LNK,NE,ACE,CE,Towers with Radar,0,35,38,32,105,0,3,71,2,76,0,38,109,34,181,54,18,72,253
08/04/2020,LNK,NE,ACE,CE,Towers with Radar,0,13,25,21,59,0,2,58,2,62,0,15,83,23,121,68,6,74,195
08/05/2020,LNK,NE,ACE,CE,Towers with Radar,0,18,24,42,84,0,10,44,2,56,0,28,68,44,140,16,18,34,174
08/06/2020,LNK,NE,ACE,CE,Towers with Radar,0,17,45,22,84,0,4,38,2,44,0,21,83,24,128,28,2,30,158
08/07/2020,LNK,NE,ACE,CE,Towers with Radar,0,21,33,47,101,0,3,18,0,21,0,24,51,47,122,78,26,104,226
08/08/2020,LNK,NE,ACE,CE,Towers with Radar,0,20,48,3,71,0,1,27,2,30,0,21,75,5,101,46,0,46,147
08/09/2020,LNK,NE,ACE,CE,Towers with Radar,0,24,31,0,55,0,4,48,0,52,0,28,79,0,107,20,0,20,127
08/10/2020,LNK,NE,ACE,CE,Towers with Radar,0,19,27,3,49,0,1,43,0,44,0,20,70,3,93,38,0,38,131
08/11/2020,LNK,NE,ACE,CE,Towers with Radar,0,18,35,20,73,0,0,55,8,63,0,18,90,28,136,66,12,78,214
08/12/2020,LNK,NE,ACE,CE,Towers with Radar,0,15,32,35,82,0,0,39,3,42,0,15,71,38,124,28,26,54,178
08/13/2020,LNK,NE,ACE,CE,Towers with Radar,0,25,39,32,96,0,2,41,3,46,0,27,80,35,142,4,24,28,170
08/14/2020,LNK,NE,ACE,CE,Towers with Radar,0,24,43,18,85,0,0,41,1,42,0,24,84,19,127,76,2,78,205
08/15/2020,LNK,NE,ACE,CE,Towers with Radar,0,13,26,0,39,0,0,92,3,95,0,13,118,3,134,80,0,80,214
08/16/2020,LNK,NE,ACE,CE,Towers with Radar,0,21,26,0,47,0,1,40,2,43,0,22,66,2,90,0,0,0,90
08/17/2020,LNK,NE,ACE,CE,Towers with Radar,0,21,23,58,102,0,0,63,2,65,0,21,86,60,167,76,42,118,285
08/18/2020,LNK,NE,ACE,CE,Towers with Radar,0,19,22,48,89,0,0,57,2,59,0,19,79,50,148,12,36,48,196
08/19/2020,LNK,NE,ACE,CE,Towers with Radar,0,21,42,31,94,0,1,54,1,56,0,22,96,32,150,34,12,46,196
08/20/2020,LNK,NE,ACE,CE,Towers with Radar,0,29,51,30,110,0,6,60,7,73,0,35,111,37,183,72,4,76,259
08/21/2020,LNK,NE,ACE,CE,Towers with Radar,0,22,41,7,70,0,1,52,8,61,0,23,93,15,131,22,0,22,153
08/22/2020,LNK,NE,ACE,CE,Towers with Radar,0,15,31,11,57,0,3,66,10,79,0,18,97,21,136,66,2,68,204
08/23/2020,LNK,NE,ACE,CE,Towers with Radar,1,25,51,0,77,0,4,62,7,73,1,29,113,7,150,6,0,6,156
08/24/2020,LNK,NE,ACE,CE,Towers with Radar,1,21,35,39,96,0,7,36,0,43,1,28,71,39,139,44,16,60,199
08/25/2020,LNK,NE,ACE,CE,Towers with Radar,0,21,28,46,95,0,7,34,7,48,0,28,62,53,143,20,44,64,207
08/26/2020,LNK,NE,ACE,CE,Towers with Radar,0,24,15,47,86,0,8,29,6,43,0,32,44,53,129,16,30,46,175
08/27/2020,LNK,NE,ACE,CE,Towers with Radar,2,28,35,50,115,0,3,47,4,54,2,31,82,54,169,78,26,104,273
08/28/2020,LNK,NE,ACE,CE,Towers with Radar,0,19,28,29,76,0,8,51,2,61,0,27,79,31,137,82,6,88,225
08/29/2020,LNK,NE,ACE,CE,Towers with Radar,0,19,30,3,52,0,5,78,0,83,0,24,108,3,135,36,0,36,171
08/30/2020,LNK,NE,ACE,CE,Towers with Radar,0,24,25,2,51,0,5,37,3,45,0,29,62,5,96,24,0,24,120
08/31/2020,LNK,NE,ACE,CE,Towers with Radar,2,26,24,57,109,0,2,24,0,26,2,28,48,57,135,46,22,68,203
09/01/2020,LNK,NE,ACE,CE,Towers with Radar,0,20,45,80,145,0,1,27,0,28,0,21,72,80,173,8,2,10,183
09/02/2020,LNK,NE,ACE,CE,Towers with Radar,0,22,55,65,142,0,0,55,5,60,0,22,110,70,202,68,44,112,314
09/03/2020,LNK,NE,ACE,CE,Towers with Radar,0,17,39,81,137,0,4,58,2,64,0,21,97,83,201,48,54,102,303
09/04/2020,LNK,NE,ACE,CE,Towers with Radar,0,30,50,1,81,0,2,75,1,78,0,32,125,2,159,34,0,34,193
09/05/2020,LNK,NE,ACE,CE,Towers with Radar,0,18,22,0,40,0,0,76,0,76,0,18,98,0,116,54,0,54,170
09/06/2020,LNK,NE,ACE,CE,Towers with Radar,0,16,19,0,35,0,7,18,0,25,0,23,37,0,60,24,0,24,84
09/07/2020,LNK,NE,ACE,CE,Towers with Radar,0,34,30,0,64,0,8,24,0,32,0,42,54,0,96,36,0,36,132
09/08/2020,LNK,NE,ACE,CE,Towers with Radar,0,21,8,35,64,0,2,1,0,3,0,23,9,35,67,0,0,0,67
09/09/2020,LNK,NE,ACE,CE,Towers with Radar,0,20,31,59,110,0,1,0,0,1,0,21,31,59,111,0,0,0,111
09/10/2020,LNK,NE,ACE,CE,Towers with Radar,0,35,51,33,119,0,0,6,0,6,0,35,57,33,125,0,28,28,153
09/11/2020,LNK,NE,ACE,CE,Towers with Radar,0,23,30,9,62,0,0,2,0,2,0,23,32,9,64,0,0,0,64
09/12/2020,LNK,NE,ACE,CE,Towers with Radar,0,17,29,4,50,0,2,44,2,48,0,19,73,6,98,32,6,38,136
09/13/2020,LNK,NE,ACE,CE,Towers with Radar,0,25,31,1,57,0,4,73,5,82,0,29,104,6,139,96,0,96,235
09/14/2020,LNK,NE,ACE,CE,Towers with Radar,0,25,35,67,127,0,13,68,0,81,0,38,103,67,208,70,58,128,336
09/15/2020,LNK,NE,ACE,CE,Towers with Radar,0,21,29,35,85,0,13,63,5,81,0,34,92,40,166,69,30,99,265
09/16/2020,LNK,NE,ACE,CE,Towers with Radar,0,27,66,56,149,0,5,59,6,70,0,32,125,62,219,28,22,50,269
09/17/2020,LNK,NE,ACE,CE,Towers with Radar,0,26,32,48,106,0,7,62,8,77,0,33,94,56,183,104,36,140,323
09/18/2020,LNK,NE,ACE,CE,Towers with Radar,0,36,40,14,90,0,4,69,3,76,0,40,109,17,166,56,0,56,222
09/19/2020,LNK,NE,ACE,CE,Towers with Radar,0,16,26,0,42,0,1,48,0,49,0,17,74,0,91,96,0,96,187
09/20/2020,LNK,NE,ACE,CE,Towers with Radar,0,20,28,3,51,0,3,24,0,27,0,23,52,3,78,10,0,10,88
09/21/2020,LNK,NE,ACE,CE,Towers with Radar,0,26,25,8,59,0,0,42,4,46,0,26,67,12,105,26,0,26,131
09/22/2020,LNK,NE,ACE,CE,Towers with Radar,0,27,23,79,129,0,7,52,8,67,0,34,75,87,196,36,20,56,252
09/23/2020,LNK,NE,ACE,CE,Towers with Radar,2,33,14,45,94,0,8,25,10,43,2,41,39,55,137,42,26,68,205
09/24/2020,LNK,NE,ACE,CE,Towers with Radar,0,26,37,63,126,0,8,46,10,64,0,34,83,73,190,24,36,60,250
09/25/2020,LNK,NE,ACE,CE,Towers with Radar,0,25,32,22,79,0,4,64,1,69,0,29,96,23,148,56,36,92,240
09/26/2020,LNK,NE,ACE,CE,Towers with Radar,0,18,24,26,68,0,0,29,0,29,0,18,53,26,97,20,4,24,121
09/27/2020,LNK,NE,ACE,CE,Towers with Radar,0,26,20,0,46,0,9,13,0,22,0,35,33,0,68,4,0,4,72
09/28/2020,LNK,NE,ACE,CE,Towers with Radar,0,25,22,37,84,0,5,16,1,22,0,30,38,38,106,29,14,43,149
09/29/2020,LNK,NE,ACE,CE,Towers with Radar,0,27,44,22,93,0,14,39,8,61,0,41,83,30,154,46,18,64,218
09/30/2020,LNK,NE,ACE,CE,Towers with Radar,0,34,28,26,88,0,9,25,2,36,0,43,53,28,124,14,10,24,148
10/01/2020,LNK,NE,ACE,CE,Towers with Radar,3,32,34,69,138,0,3,43,3,49,3,35,77,72,187,30,38,68,255
10/02/2020,LNK,NE,ACE,CE,Towers with Radar,4,22,29,53,108,0,5,74,6,85,4,27,103,59,193,116,14,130,323
10/03/2020,LNK,NE,ACE,CE,Towers with Radar,2,17,29,0,48,0,5,51,0,56,2,22,80,0,104,120,0,120,224
10/04/2020,LNK,NE,ACE,CE,Towers with Radar,4,20,23,2,49,0,10,57,2,69,4,30,80,4,118,16,0,16,134
10/05/2020,LNK,NE,ACE,CE,Towers with Radar,4,18,28,35,85,0,1,23,1,25,4,19,51,36,110,42,4,46,156
10/06/2020,LNK,NE,ACE,CE,Towers with Radar,2,14,22,89,127,0,4,41,2,47,2,18,63,91,174,66,14,80,254
10/07/2020,LNK,NE,ACE,CE,Towers with Radar,2,24,41,45,112,0,7,61,5,73,2,31,102,50,185,64,20,84,269
10/08/2020,LNK,NE,ACE,CE,Towers with Radar,4,18,35,51,108,0,6,36,2,44,4,24,71,53,152,114,18,132,284
10/09/2020,LNK,NE,ACE,CE,Towers with Radar,4,19,14,45,82,0,4,37,0,41,4,23,51,45,123,26,6,32,155
10/10/2020,LNK,NE,ACE,CE,Towers with Radar,2,9,22,6,39,0,1,73,1,75,2,10,95,7,114,102,0,102,216
10/11/2020,LNK,NE,ACE,CE,Towers with Radar,3,15,22,0,40,0,1,14,0,15,3,16,36,0,55,2,0,2,57
10/12/2020,LNK,NE,ACE,CE,Towers with Radar,4,24,35,0,63,0,0,47,0,47,4,24,82,0,110,86,0,86,196
10/13/2020,LNK,NE,ACE,CE,Towers with Radar,2,29,30,20,81,0,0,64,1,65,2,29,94,21,146,100,0,100,246
10/14/2020,LNK,NE,ACE,CE,Towers with Radar,2,22,36,2,62,0,3,18,6,27,2,25,54,8,89,24,0,24,113
10/15/2020,LNK,NE,ACE,CE,Towers with Radar,4,22,29,30,85,0,6,54,5,65,4,28,83,35,150,44,16,60,210
10/16/2020,LNK,NE,ACE,CE,Towers with Radar,4,18,39,13,74,0,4,37,5,46,4,22,76,18,120,46,6,52,172
10/17/2020,LNK,NE,ACE,CE,Towers with Radar,2,7,14,0,23,0,2,45,0,47,2,9,59,0,70,12,0,12,82
10/18/2020,LNK,NE,ACE,CE,Towers with Radar,6,17,15,3,41,0,4,21,1,26,6,21,36,4,67,2,2,4,71
10/19/2020,LNK,NE,ACE,CE,Towers with Radar,4,28,22,4,58,0,0,45,1,46,4,28,67,5,104,38,14,52,156
10/20/2020,LNK,NE,ACE,CE,Towers with Radar,2,16,23,29,70,0,0,11,1,12,2,16,34,30,82,20,0,20,102
10/21/2020,LNK,NE,ACE,CE,Towers with Radar,2,22,44,26,94,0,2,22,4,28,2,24,66,30,122,24,0,24,146
10/22/2020,LNK,NE,ACE,CE,Towers with Radar,5,26,24,20,75,0,0,0,0,0,5,26,24,20,75,0,0,0,75
10/23/2020,LNK,NE,ACE,CE,Towers with Radar,6,21,29,29,85,0,3,15,3,21,6,24,44,32,106,18,14,32,138
10/24/2020,LNK,NE,ACE,CE,Towers with Radar,3,15,11,2,31,0,1,23,0,24,3,16,34,2,55,66,0,66,121
10/25/2020,LNK,NE,ACE,CE,Towers with Radar,3,11,5,0,19,0,2,0,0,2,3,13,5,0,21,0,0,0,21
10/26/2020,LNK,NE,ACE,CE,Towers with Radar,4,16,23,0,43,0,2,34,0,36,4,18,57,0,79,48,0,48,127
10/27/2020,LNK,NE,ACE,CE,Towers with Radar,2,22,39,26,89,0,4,70,4,78,2,26,109,30,167,40,38,78,245
10/28/2020,LNK,NE,ACE,CE,Towers with Radar,2,21,42,16,81,0,4,90,6,100,2,25,132,22,181,60,26,86,267
10/29/2020,LNK,NE,ACE,CE,Towers with Radar,3,15,39,18,75,0,5,41,7,53,3,20,80,25,128,68,4,72,200
10/30/2020,LNK,NE,ACE,CE,Towers with Radar,4,25,33,16,78,0,2,74,0,76,4,27,107,16,154,54,22,76,230
10/31/2020,LNK,NE,ACE,CE,Towers with Radar,2,14,16,0,32,0,2,18,0,20,2,16,34,0,52,22,0,22,74
11/01/2020,LNK,NE,ACE,CE,Towers with Radar,1,14,23,1,39,0,3,52,0,55,1,17,75,1,94,18,0,18,112
11/02/2020,LNK,NE,ACE,CE,Towers with Radar,0,13,34,6,53,0,2,61,0,63,0,15,95,6,116,68,20,88,204
11/03/2020,LNK,NE,ACE,CE,Towers with Radar,0,18,20,13,51,0,3,52,2,57,0,21,72,15,108,34,22,56,164
11/04/2020,LNK,NE,ACE,CE,Towers with Radar,0,18,23,23,64,0,1,48,3,52,0,19,71,26,116,56,32,88,204
11/05/2020,LNK,NE,ACE,CE,Towers with Radar,0,31,25,19,75,0,6,69,3,78,0,37,94,22,153,46,0,46,199
11/06/2020,LNK,NE,ACE,CE,Towers with Radar,2,26,35,18,81,0,4,59,4,67,2,30,94,22,148,56,4,60,208
11/07/2020,LNK,NE,ACE,CE,Towers with Radar,2,17,21,4,44,0,5,10,7,22,2,22,31,11,66,0,0,0,66
11/08/2020,LNK,NE,ACE,CE,Towers with Radar,0,19,7,1,27,0,2,0,0,2,0,21,7,1,29,0,0,0,29
11/09/2020,LNK,NE,ACE,CE,Towers with Radar,0,17,20,6,43,0,0,0,3,3,0,17,20,9,46,2,0,2,48
11/10/2020,LNK,NE,ACE,CE,Towers with Radar,0,12,14,3,29,0,1,2,0,3,0,13,16,3,32,34,0,34,66
11/11/2020,LNK,NE,ACE,CE,Towers with Radar,0,17,28,9,54,0,3,54,1,58,0,20,82,10,112,56,0,56,168
11/12/2020,LNK,NE,ACE,CE,Towers with Radar,0,30,43,45,118,0,2,20,12,34,0,32,63,57,152,92,22,114,266
11/13/2020,LNK,NE,ACE,CE,Towers with Radar,0,32,27,35,94,0,4,32,1,37,0,36,59,36,131,78,12,90,221
11/14/2020,LNK,NE,ACE,CE,Towers with Radar,2,16,18,0,36,0,3,20,2,25,2,19,38,2,61,46,0,46,107
11/15/2020,LNK,NE,ACE,CE,Towers with Radar,0,13,16,2,31,0,0,7,0,7,0,13,23,2,38,16,0,16,54
11/16/2020,LNK,NE,ACE,CE,Towers with Radar,0,28,25,11,64,0,2,43,3,48,0,30,68,14,112,54,16,70,182
11/17/2020,LNK,NE,ACE,CE,Towers with Radar,0,17,45,26,88,0,4,61,2,67,0,21,106,28,155,42,16,58,213
11/18/2020,LNK,NE,ACE,CE,Towers with Radar,0,26,24,25,75,0,9,27,4,40,0,35,51,29,115,36,10,46,161
11/19/2020,LNK,NE,ACE,CE,Towers with Radar,0,29,54,49,132,0,9,84,9,102,0,38,138,58,234,62,18,80,314
11/20/2020,LNK,NE,ACE,CE,Towers with Radar,1,25,30,27,83,0,1,49,0,50,1,26,79,27,133,76,16,92,225
11/21/2020,LNK,NE,ACE,CE,Towers with Radar,1,25,17,0,43,0,1,43,2,46,1,26,60,2,89,72,0,72,161
11/22/2020,LNK,NE,ACE,CE,Towers with Radar,0,19,20,0,39,0,0,45,2,47,0,19,65,2,86,20,0,20,106
11/23/2020,LNK,NE,ACE,CE,Towers with Radar,0,17,13,11,41,0,0,3,2,5,0,17,16,13,46,0,2,2,48
11/24/2020,LNK,NE,ACE,CE,Towers with Radar,0,23,22,20,65,0,0,0,0,0,0,23,22,20,65,0,6,6,71
11/25/2020,LNK,NE,ACE,CE,Towers with Radar,0,20,20,42,82,0,0,12,0,12,0,20,32,42,94,0,0,0,94
11/26/2020,LNK,NE,ACE,CE,Towers with Radar,2,5,9,0,16,0,0,18,0,18,2,5,27,0,34,24,0,24,58
11/27/2020,LNK,NE,ACE,CE,Towers with Radar,2,15,17,0,34,0,7,66,0,73,2,22,83,0,107,34,0,34,141
11/28/2020,LNK,NE,ACE,CE,Towers with Radar,0,12,14,0,26,0,3,62,0,65,0,15,76,0,91,26,0,26,117
11/29/2020,LNK,NE,ACE,CE,Towers with Radar,0,30,20,0,50,0,1,5,0,6,0,31,25,0,56,0,0,0,56
11/30/2020,LNK,NE,ACE,CE,Towers with Radar,2,36,41,6,85,0,11,66,4,81,2,47,107,10,166,52,2,54,220
12/01/2020,LNK,NE,ACE,CE,Towers with Radar,0,17,26,35,78,0,2,70,1,73,0,19,96,36,151,44,20,64,215
12/02/2020,LNK,NE,ACE,CE,Towers with Radar,0,20,38,24,82,0,7,41,4,52,0,27,79,28,134,70,4,74,208
12/03/2020,LNK,NE,ACE,CE,Towers with Radar,0,25,24,4,53,2,3,60,4,69,2,28,84,8,122,38,22,60,182
12/04/2020,LNK,NE,ACE,CE,Towers with Radar,4,13,21,33,71,0,2,70,8,80,4,15,91,41,151,38,6,44,195
12/05/2020,LNK,NE,ACE,CE,Towers with Radar,2,13,26,5,46,0,0,57,0,57,2,13,83,5,103,74,0,74,177
12/06/2020,LNK,NE,ACE,CE,Towers with Radar,0,24,21,3,48,0,0,21,0,21,0,24,42,3,69,10,0,10,79
12/07/2020,LNK,NE,ACE,CE,Towers with Radar,0,23,31,21,75,0,2,45,6,53,0,25,76,27,128,38,16,54,182
12/08/2020,LNK,NE,ACE,CE,Towers with Radar,0,34,36,48,118,0,3,56,1,60,0,37,92,49,178,24,12,36,214
12/09/2020,LNK,NE,ACE,CE,Towers with Radar,1,14,42,49,106,0,0,100,4,104,1,14,142,53,210,48,28,76,286
12/10/2020,LNK,NE,ACE,CE,Towers with Radar,1,26,42,81,150,0,6,53,15,74,1,32,95,96,224,40,40,80,304
12/11/2020,LNK,NE,ACE,CE,Towers with Radar,2,21,15,9,47,0,0,0,0,0,2,21,15,9,47,0,0,0,47
12/12/2020,LNK,NE,ACE,CE,Towers with Radar,1,17,6,0,24,0,0,3,0,3,1,17,9,0,27,0,0,0,27
12/13/2020,LNK,NE,ACE,CE,Towers with Radar,0,15,22,1,38,0,1,1,0,2,0,16,23,1,40,10,0,10,50
12/14/2020,LNK,NE,ACE,CE,Towers with Radar,0,27,33,4,64,0,8,56,2,66,0,35,89,6,130,24,0,24,154
12/15/2020,LNK,NE,ACE,CE,Towers with Radar,0,28,18,40,86,0,7,12,0,19,0,35,30,40,105,36,16,52,157
12/16/2020,LNK,NE,ACE,CE,Towers with Radar,0,23,19,53,95,0,7,21,7,35,0,30,40,60,130,22,28,50,180
12/17/2020,LNK,NE,ACE,CE,Towers with Radar,4,17,28,19,68,0,0,60,5,65,4,17,88,24,133,30,28,58,191
12/18/2020,LNK,NE,ACE,CE,Towers with Radar,3,21,35,27,86,0,4,40,4,48,3,25,75,31,134,48,12,60,194
12/19/2020,LNK,NE,ACE,CE,Towers with Radar,2,21,19,2,44,0,0,71,0,71,2,21,90,2,115,38,0,38,153
12/20/2020,LNK,NE,ACE,CE,Towers with Radar,1,17,31,1,50,0,4,64,1,69,1,21,95,2,119,30,0,30,149
12/21/2020,LNK,NE,ACE,CE,Towers with Radar,2,14,29,10,55,0,0,39,6,45,2,14,68,16,100,24,0,24,124
12/22/2020,LNK,NE,ACE,CE,Towers with Radar,2,25,23,20,70,0,8,13,12,33,2,33,36,32,103,52,14,66,169
12/23/2020,LNK,NE,ACE,CE,Towers with Radar,2,21,15,0,38,0,0,0,0,0,2,21,15,0,38,0,0,0,38
12/24/2020,LNK,NE,ACE,CE,Towers with Radar,3,18,15,1,37,0,0,15,0,15,3,18,30,1,52,20,0,20,72
12/25/2020,LNK,NE,ACE,CE,Towers with Radar,1,3,8,0,12,0,0,14,0,14,1,3,22,0,26,10,0,10,36
12/26/2020,LNK,NE,ACE,CE,Towers with Radar,2,26,18,0,46,0,1,60,0,61,2,27,78,0,107,32,0,32,139
12/27/2020,LNK,NE,ACE,CE,Towers with Radar,2,19,24,0,45,0,0,9,0,9,2,19,33,0,54,6,0,6,60
12/28/2020,LNK,NE,ACE,CE,Towers with Radar,2,20,46,2,70,0,2,37,0,39,2,22,83,2,109,94,0,94,203
12/29/2020,LNK,NE,ACE,CE,Towers with Radar,2,8,1,0,11,0,0,0,0,0,2,8,1,0,11,0,0,0,11
12/30/2020,LNK,NE,ACE,CE,Towers with Radar,2,33,20,4,59,0,0,17,0,17,2,33,37,4,76,4,10,14,90
12/31/2020,LNK,NE,ACE,CE,Towers with Radar,0,18,24,0,42,0,2,41,0,43,0,20,65,0,85,48,0,48,133
01/01/2021,LNK,NE,ACE,CE,Towers with Radar,3,11,11,1,26,0,0,14,0,14,3,11,25,1,40,4,0,4,44
01/02/2021,LNK,NE,ACE,CE,Towers with Radar,1,16,24,0,41,0,0,19,0,19,1,16,43,0,60,2,0,2,62
01/03/2021,LNK,NE,ACE,CE,Towers with Radar,3,18,18,0,39,0,1,28,0,29,3,19,46,0,68,14,0,14,82
01/04/2021,LNK,NE,ACE,CE,Towers with Radar,2,26,35,12,75,0,1,47,0,48,2,27,82,12,123,6,0,6,129
01/05/2021,LNK,NE,ACE,CE,Towers with Radar,4,13,24,29,70,0,0,51,0,51,4,13,75,29,121,34,26,60,181
01/06/2021,LNK,NE,ACE,CE,Towers with Radar,4,25,21,23,73,0,0,2,0,2,4,25,23,23,75,0,0,0,75
01/07/2021,LNK,NE,ACE,CE,Towers with Radar,2,17,20,37,76,0,0,0,0,0,2,17,20,37,76,0,0,0,76
01/08/2021,LNK,NE,ACE,CE,Towers with Radar,2,15,19,7,43,0,1,1,0,2,2,16,20,7,45,14,0,14,59
01/09/2021,LNK,NE,ACE,CE,Towers with Radar,2,20,14,0,36,0,6,0,1,7,2,26,14,1,43,0,0,0,43
01/10/2021,LNK,NE,ACE,CE,Towers with Radar,2,21,25,1,49,0,8,3,0,11,2,29,28,1,60,10,0,10,70
01/11/2021,LNK,NE,ACE,CE,Towers with Radar,2,21,21,25,69,0,2,73,5,80,2,23,94,30,149,56,36,92,241
01/12/2021,LNK,NE,ACE,CE,Towers with Radar,1,17,28,30,76,0,5,64,0,69,1,22,92,30,145,34,20,54,199
01/13/2021,LNK,NE,ACE,CE,Towers with Radar,4,17,39,27,87,0,8,70,14,92,4,25,109,41,179,38,50,88,267
01/14/2021,LNK,NE,ACE,CE,Towers with Radar,2,15,27,12,56,0,1,2,4,7,2,16,29,16,63,0,6,6,69
01/15/2021,LNK,NE,ACE,CE,Towers with Radar,3,11,5,0,19,0,0,0,0,0,3,11,5,0,19,0,0,0,19
01/16/2021,LNK,NE,ACE,CE,Towers with Radar,3,10,21,5,39,0,1,43,2,46,3,11,64,7,85,72,0,72,157
01/17/2021,LNK,NE,ACE,CE,Towers with Radar,2,22,20,5,49,0,4,28,1,33,2,26,48,6,82,4,0,4,86
01/18/2021,LNK,NE,ACE,CE,Towers with Radar,2,28,24,1,55,0,0,19,0,19,2,28,43,1,74,26,0,26,100
01/19/2021,LNK,NE,ACE,CE,Towers with Radar,4,20,11,4,39,0,4,29,0,33,4,24,40,4,72,0,0,0,72
01/20/2021,LNK,NE,ACE,CE,Towers with Radar,2,23,29,7,61,0,7,33,11,51,2,30,62,18,112,42,0,42,154
01/21/2021,LNK,NE,ACE,CE,Towers with Radar,4,23,38,26,91,0,13,71,7,91,4,36,109,33,182,62,68,130,312
01/22/2021,LNK,NE,ACE,CE,Towers with Radar,2,25,34,15,76,0,0,19,2,21,2,25,53,17,97,60,0,60,157
01/23/2021,LNK,NE,ACE,CE,Towers with Radar,2,10,8,0,20,0,0,9,0,9,2,10,17,0,29,44,0,44,73
01/24/2021,LNK,NE,ACE,CE,Towers with Radar,2,23,16,6,47,0,0,3,0,3,2,23,19,6,50,0,0,0,50
01/25/2021,LNK,NE,ACE,CE,Towers with Radar,1,4,3,0,8,0,0,0,0,0,1,4,3,0,8,0,0,0,8
01/26/2021,LNK,NE,ACE,CE,Towers with Radar,3,22,5,1,31,0,3,2,0,5,3,25,7,1,36,0,0,0,36
01/27/2021,LNK,NE,ACE,CE,Towers with Radar,4,25,24,6,59,0,12,13,5,30,4,37,37,11,89,0,0,0,89
01/28/2021,LNK,NE,ACE,CE,Towers with Radar,2,33,18,1,54,0,0,1,0,1,2,33,19,1,55,6,0,6,61
01/29/2021,LNK,NE,ACE,CE,Towers with Radar,2,18,43,27,90,0,3,24,3,30,2,21,67,30,120,42,38,80,200
01/30/2021,LNK,NE,ACE,CE,Towers with Radar,2,9,13,2,26,0,0,0,0,0,2,9,13,2,26,0,0,0,26
01/31/2021,LNK,NE,ACE,CE,Towers with Radar,2,23,19,2,46,0,0,9,0,9,2,23,28,2,55,6,0,6,61
02/01/2021,LNK,NE,ACE,CE,Towers with Radar,2,13,38,7,60,0,0,2,0,2,2,13,40,7,62,0,0,0,62
02/02/2021,LNK,NE,ACE,CE,Towers with Radar,4,8,14,16,42,0,0,0,0,0,4,8,14,16,42,0,0,0,42
02/03/2021,LNK,NE,ACE,CE,Towers with Radar,4,16,39,22,81,0,18,81,8,107,4,34,120,30,188,78,18,96,284
02/04/2021,LNK,NE,ACE,CE,Towers with Radar,2,24,19,8,53,0,2,18,4,24,2,26,37,12,77,20,6,26,103
02/05/2021,LNK,NE,ACE,CE,Towers with Radar,1,29,24,35,89,0,0,64,0,64,1,29,88,35,153,72,42,114,267
02/06/2021,LNK,NE,ACE,CE,Towers with Radar,1,5,9,1,16,0,0,0,0,0,1,5,9,1,16,0,0,0,16
02/07/2021,LNK,NE,ACE,CE,Towers with Radar,2,23,2,1,28,0,0,0,0,0,2,23,2,1,28,0,0,0,28
02/08/2021,LNK,NE,ACE,CE,Towers with Radar,2,13,19,7,41,0,4,7,0,11,2,17,26,7,52,5,0,5,57
02/09/2021,LNK,NE,ACE,CE,Towers with Radar,2,21,19,13,55,0,1,28,0,29,2,22,47,13,84,6,34,40,124
02/10/2021,LNK,NE,ACE,CE,Towers with Radar,3,32,37,46,118,0,15,15,13,43,3,47,52,59,161,16,46,62,223
02/11/2021,LNK,NE,ACE,CE,Towers with Radar,4,39,27,35,105,0,4,14,3,21,4,43,41,38,126,4,38,42,168
02/12/2021,LNK,NE,ACE,CE,Towers with Radar,4,17,25,5,51,0,0,0,0,0,4,17,25,5,51,0,0,0,51
02/13/2021,LNK,NE,ACE,CE,Towers with Radar,2,12,3,2,19,0,0,9,0,9,2,12,12,2,28,0,0,0,28
02/14/2021,LNK,NE,ACE,CE,Towers with Radar,1,20,5,1,27,0,1,2,0,3,1,21,7,1,30,6,0,6,36
02/15/2021,LNK,NE,ACE,CE,Towers with Radar,3,34,20,0,57,0,1,3,0,4,3,35,23,0,61,6,0,6,67
02/16/2021,LNK,NE,ACE,CE,Towers with Radar,6,34,21,2,63,0,8,9,0,17,6,42,30,2,80,0,8,8,88
02/17/2021,LNK,NE,ACE,CE,Towers with Radar,4,31,33,40,108,0,5,28,1,34,4,36,61,41,142,52,38,90,232
02/18/2021,LNK,NE,ACE,CE,Towers with Radar,3,31,31,38,103,0,6,44,2,52,3,37,75,40,155,36,16,52,207
02/19/2021,LNK,NE,ACE,CE,Towers with Radar,2,16,28,32,78,0,7,57,2,66,2,23,85,34,144,40,58,98,242
02/20/2021,LNK,NE,ACE,CE,Towers with Radar,3,6,13,12,34,0,7,40,6,53,3,13,53,18,87,56,0,56,143
02/21/2021,LNK,NE,ACE,CE,Towers with Radar,2,23,9,0,34,0,0,4,0,4,2,23,13,0,38,0,0,0,38
02/22/2021,LNK,NE,ACE,CE,Towers with Radar,2,20,27,17,66,0,2,37,2,41,2,22,64,19,107,28,10,38,145
02/23/2021,LNK,NE,ACE,CE,Towers with Radar,2,22,35,45,104,0,0,68,6,74,2,22,103,51,178,54,34,88,266
02/24/2021,LNK,NE,ACE,CE,Towers with Radar,4,23,43,39,109,0,11,40,10,61,4,34,83,49,170,46,40,86,256
02/25/2021,LNK,NE,ACE,CE,Towers with Radar,2,32,43,61,138,0,4,72,1,77,2,36,115,62,215,46,44,90,305
02/26/2021,LNK,NE,ACE,CE,Towers with Radar,5,18,62,61,146,0,0,64,2,66,5,18,126,63,212,30,64,94,306
02/27/2021,LNK,NE,ACE,CE,Towers with Radar,5,8,21,4,38,0,0,47,0,47,5,8,68,4,85,44,0,44,129
02/28/2021,LNK,NE,ACE,CE,Towers with Radar,4,22,23,10,59,0,0,15,0,15,4,22,38,10,74,2,6,8,82
03/01/2021,LNK,NE,ACE,CE,Towers with Radar,4,27,23,17,71,0,4,45,2,51,4,31,68,19,122,28,32,60,182
03/02/2021,LNK,NE,ACE,CE,Towers with Radar,2,21,16,35,74,0,1,19,4,24,2,22,35,39,98,10,30,40,138
03/03/2021,LNK,NE,ACE,CE,Towers with Radar,2,22,36,14,74,0,13,80,4,97,2,35,116,18,171,56,8,64,235
03/04/2021,LNK,NE,ACE,CE,Towers with Radar,4,25,31,51,111,0,6,58,4,68,4,31,89,55,179,28,20,48,227
03/05/2021,LNK,NE,ACE,CE,Towers with Radar,4,30,30,57,121,0,5,63,4,72,4,35,93,61,193,112,14,126,319
03/06/2021,LNK,NE,ACE,CE,Towers with Radar,2,16,17,15,50,0,2,88,3,93,2,18,105,18,143,46,0,46,189
03/07/2021,LNK,NE,ACE,CE,Towers with Radar,4,22,16,32,74,0,0,7,1,8,4,22,23,33,82,0,2,2,84
03/08/2021,LNK,NE,ACE,CE,Towers with Radar,4,21,27,29,81,0,5,41,0,46,4,26,68,29,127,90,16,106,233
03/09/2021,LNK,NE,ACE,CE,Towers with Radar,4,11,23,68,106,0,0,34,4,38,4,11,57,72,144,0,60,60,204
03/10/2021,LNK,NE,ACE,CE,Towers with Radar,2,22,12,4,40,0,9,2,5,16,2,31,14,9,56,0,16,16,72
03/11/2021,LNK,NE,ACE,CE,Towers with Radar,4,38,37,34,113,0,5,70,5,80,4,43,107,39,193,90,36,126,319
03/12/2021,LNK,NE,ACE,CE,Towers with Radar,4,32,39,39,114,0,2,38,0,40,4,34,77,39,154,54,34,88,242
03/13/2021,LNK,NE,ACE,CE,Towers with Radar,2,17,20,0,39,0,0,6,0,6,2,17,26,0,45,10,0,10,55
03/14/2021,LNK,NE,ACE,CE,Towers with Radar,4,19,7,0,30,0,0,0,0,0,4,19,7,0,30,0,0,0,30
03/15/2021,LNK,NE,ACE,CE,Towers with Radar,3,18,8,2,31,0,0,0,0,0,3,18,8,2,31,0,0,0,31
03/16/2021,LNK,NE,ACE,CE,Towers with Radar,4,20,26,63,113,0,0,0,0,0,4,20,26,63,113,0,0,0,113
03/17/2021,LNK,NE,ACE,CE,Towers with Radar,2,21,17,49,89,0,1,0,2,3,2,22,17,51,92,0,0,0,92
03/18/2021,LNK,NE,ACE,CE,Towers with Radar,3,24,32,87,146,0,4,52,2,58,3,28,84,89,204,68,36,104,308
03/19/2021,LNK,NE,ACE,CE,Towers with Radar,4,34,33,41,112,0,7,110,5,122,4,41,143,46,234,88,14,102,336
03/20/2021,LNK,NE,ACE,CE,Towers with Radar,2,18,15,1,36,0,1,35,0,36,2,19,50,1,72,38,0,38,110
03/21/2021,LNK,NE,ACE,CE,Towers with Radar,4,24,23,2,53,0,1,19,5,25,4,25,42,7,78,26,0,26,104
03/22/2021,LNK,NE,ACE,CE,Towers with Radar,6,16,27,42,91,0,0,4,1,5,6,16,31,43,96,20,2,22,118
03/23/2021,LNK,NE,ACE,CE,Towers with Radar,4,17,37,36,94,0,0,0,1,1,4,17,37,37,95,2,0,2,97
03/24/2021,LNK,NE,ACE,CE,Towers with Radar,2,19,16,47,84,0,4,16,6,26,2,23,32,53,110,28,54,82,192
03/25/2021,LNK,NE,ACE,CE,Towers with Radar,4,37,49,98,188,0,2,40,1,43,4,39,89,99,231,86,64,150,381
03/26/2021,LNK,NE,ACE,CE,Towers with Radar,6,21,31,44,102,0,0,46,10,56,6,21,77,54,158,68,28,96,254
03/27/2021,LNK,NE,ACE,CE,Towers with Radar,2,23,18,11,54,0,1,18,2,21,2,24,36,13,75,6,0,6,81
03/28/2021,LNK,NE,ACE,CE,Towers with Radar,4,23,26,6,59,0,1,85,3,89,4,24,111,9,148,34,6,40,188
03/29/2021,LNK,NE,ACE,CE,Towers with Radar,4,21,32,40,97,0,3,6,3,12,4,24,38,43,109,6,12,18,127
03/30/2021,LNK,NE,ACE,CE,Towers with Radar,4,11,24,40,79,0,2,12,1,15,4,13,36,41,94,6,28,34,128
03/31/2021,LNK,NE,ACE,CE,Towers with Radar,6,17,21,34,78,0,5,44,21,70,6,22,65,55,148,20,18,38,186
04/01/2021,LNK,NE,ACE,CE,Towers with Radar,4,27,37,100,168,0,2,75,3,80,4,29,112,103,248,50,58,108,356
04/02/2021,LNK,NE,ACE,CE,Towers with Radar,2,17,25,43,87,0,2,15,3,20,2,19,40,46,107,12,20,32,139
04/03/2021,LNK,NE,ACE,CE,Towers with Radar,2,18,14,2,36,0,7,90,0,97,2,25,104,2,133,82,2,84,217
04/04/2021,LNK,NE,ACE,CE,Towers with Radar,5,12,12,2,31,0,7,24,0,31,5,19,36,2,62,8,0,8,70
04/05/2021,LNK,NE,ACE,CE,Towers with Radar,6,31,34,48,119,0,4,31,1,36,6,35,65,49,155,34,34,68,223
04/06/2021,LNK,NE,ACE,CE,Towers with Radar,4,13,38,44,99,0,2,21,0,23,4,15,59,44,122,8,46,54,176
04/07/2021,LNK,NE,ACE,CE,Towers with Radar,4,19,26,25,74,0,0,0,0,0,4,19,26,25,74,0,0,0,74
04/08/2021,LNK,NE,ACE,CE,Towers with Radar,4,18,26,28,76,0,1,2,0,3,4,19,28,28,79,0,0,0,79
04/09/2021,LNK,NE,ACE,CE,Towers with Radar,4,19,47,32,102,0,8,48,2,58,4,27,95,34,160,16,20,36,196
04/10/2021,LNK,NE,ACE,CE,Towers with Radar,2,19,30,6,57,0,2,53,4,59,2,21,83,10,116,52,0,52,168
04/11/2021,LNK,NE,ACE,CE,Towers with Radar,4,22,27,0,53,0,5,45,3,53,4,27,72,3,106,22,0,22,128
04/12/2021,LNK,NE,ACE,CE,Towers with Radar,4,20,23,26,73,0,0,36,1,37,4,20,59,27,110,42,4,46,156
04/13/2021,LNK,NE,ACE,CE,Towers with Radar,4,24,26,34,88,0,4,46,0,50,4,28,72,34,138,46,14,60,198
04/14/2021,LNK,NE,ACE,CE,Towers with Radar,4,30,42,55,131,0,4,62,5,71,4,34,104,60,202,32,18,50,252
04/15/2021,LNK,NE,ACE,CE,Towers with Radar,4,18,30,10,62,0,4,50,3,57,4,22,80,13,119,90,0,90,209
04/16/2021,LNK,NE,ACE,CE,Towers with Radar,4,11,21,26,62,0,1,10,0,11,4,12,31,26,73,62,0,62,135
04/17/2021,LNK,NE,ACE,CE,Towers with Radar,4,8,29,0,41,0,0,46,8,54,4,8,75,8,95,80,2,82,177
04/18/2021,LNK,NE,ACE,CE,Towers with Radar,4,16,20,9,49,0,1,56,4,61,4,17,76,13,110,120,2,122,232
04/19/2021,LNK,NE,ACE,CE,Towers with Radar,3,27,15,34,79,0,0,2,0,2,3,27,17,34,81,20,12,32,113
04/20/2021,LNK,NE,ACE,CE,Towers with Radar,4,18,32,43,97,0,8,64,4,76,4,26,96,47,173,66,14,80,253
04/21/2021,LNK,NE,ACE,CE,Towers with Radar,4,24,36,48,112,0,4,53,5,62,4,28,89,53,174,26,70,96,270
04/22/2021,LNK,NE,ACE,CE,Towers with Radar,4,31,36,71,142,0,13,69,3,85,4,44,105,74,227,66,32,98,325
04/23/2021,LNK,NE,ACE,CE,Towers with Radar,4,15,29,46,94,0,2,41,3,46,4,17,70,49,140,150,66,216,356
04/24/2021,LNK,NE,ACE,CE,Towers with Radar,2,14,34,0,50,0,2,71,2,75,2,16,105,2,125,100,0,100,225
04/25/2021,LNK,NE,ACE,CE,Towers with Radar,4,12,12,2,30,0,0,17,0,17,4,12,29,2,47,0,0,0,47
04/26/2021,LNK,NE,ACE,CE,Towers with Radar,4,28,36,40,108,0,3,37,0,40,4,31,73,40,148,80,28,108,256
04/27/2021,LNK,NE,ACE,CE,Towers with Radar,4,20,26,37,87,0,4,52,2,58,4,24,78,39,145,86,48,134,279
04/28/2021,LNK,NE,ACE,CE,Towers with Radar,4,25,32,103,164,0,1,5,5,11,4,26,37,108,175,42,36,78,253
04/29/2021,LNK,NE,ACE,CE,Towers with Radar,4,24,31,49,108,0,6,49,4,59,4,30,80,53,167,84,58,142,309
04/30/2021,LNK,NE,ACE,CE,Towers with Radar,4,20,31,14,69,0,2,84,1,87,4,22,115,15,156,96,22,118,274
05/01/2021,LNK,NE,ACE,CE,Towers with Radar,2,14,21,10,47,0,5,23,7,35,2,19,44,17,82,4,0,4,86
05/02/2021,LNK,NE,ACE,CE,Towers with Radar,4,26,23,8,61,0,16,13,0,29,4,42,36,8,90,30,6,36,126
05/03/2021,LNK,NE,ACE,CE,Towers with Radar,4,22,29,19,74,0,3,10,0,13,4,25,39,19,87,10,10,20,107
05/04/2021,LNK,NE,ACE,CE,Towers with Radar,4,25,28,74,131,0,3,67,4,74,4,28,95,78,205,108,36,144,349
05/05/2021,LNK,NE,ACE,CE,Towers with Radar,4,20,27,62,113,0,8,31,5,44,4,28,58,67,157,144,52,196,353
05/06/2021,LNK,NE,ACE,CE,Towers with Radar,4,19,33,40,96,0,9,65,5,79,4,28,98,45,175,110,62,172,347
05/07/2021,LNK,NE,ACE,CE,Towers with Radar,4,14,23,53,94,0,2,81,2,85,4,16,104,55,179,144,24,168,347
05/08/2021,LNK,NE,ACE,CE,Towers with Radar,2,18,19,3,42,0,1,11,2,14,2,19,30,5,56,6,0,6,62
05/09/2021,LNK,NE,ACE,CE,Towers with Radar,4,14,23,2,43,0,0,11,0,11,4,14,34,2,54,18,0,18,72
05/10/2021,LNK,NE,ACE,CE,Towers with Radar,8,20,38,49,115,0,1,70,1,72,8,21,108,50,187,90,28,118,305
05/11/2021,LNK,NE,ACE,CE,Towers with Radar,4,20,40,75,139,0,3,55,9,67,4,23,95,84,206,122,40,162,368
05/12/2021,LNK,NE,ACE,CE,Towers with Radar,4,24,42,66,136,0,13,77,2,92,4,37,119,68,228,138,58,196,424
05/13/2021,LNK,NE,ACE,CE,Towers with Radar,4,23,37,64,128,0,19,71,4,94,4,42,108,68,222,156,52,208,430
05/14/2021,LNK,NE,ACE,CE,Towers with Radar,4,22,36,20,82,0,3,59,0,62,4,25,95,20,144,98,34,132,276
05/15/2021,LNK,NE,ACE,CE,Towers with Radar,4,17,17,0,38,0,0,36,0,36,4,17,53,0,74,42,0,42,116
05/16/2021,LNK,NE,ACE,CE,Towers with Radar,4,22,14,6,46,0,0,0,0,0,4,22,14,6,46,0,0,0,46
05/17/2021,LNK,NE,ACE,CE,Towers with Radar,4,21,25,36,86,0,0,3,0,3,4,21,28,36,89,40,2,42,131
05/18/2021,LNK,NE,ACE,CE,Towers with Radar,6,20,43,48,117,0,3,15,4,22,6,23,58,52,139,106,8,114,253
05/19/2021,LNK,NE,ACE,CE,Towers with Radar,4,15,60,77,156,0,2,9,0,11,4,17,69,77,167,72,22,94,261
05/20/2021,LNK,NE,ACE,CE,Towers with Radar,4,22,46,114,186,0,1,6,0,7,4,23,52,114,193,108,36,144,337
05/21/2021,LNK,NE,ACE,CE,Towers with Radar,6,28,46,88,168,0,1,24,0,25,6,29,70,88,193,46,22,68,261
05/22/2021,LNK,NE,ACE,CE,Towers with Radar,2,19,39,34,94,0,2,28,3,33,2,21,67,37,127,82,0,82,209
05/23/2021,LNK,NE,ACE,CE,Towers with Radar,4,24,22,1,51,0,1,25,0,26,4,25,47,1,77,38,0,38,115
05/24/2021,LNK,NE,ACE,CE,Towers with Radar,6,35,26,65,132,0,3,21,0,24,6,38,47,65,156,92,20,112,268
05/25/2021,LNK,NE,ACE,CE,Towers with Radar,4,25,46,90,165,0,1,43,1,45,4,26,89,91,210,142,74,216,426
05/26/2021,LNK,NE,ACE,CE,Towers with Radar,4,28,53,55,140,0,0,95,4,99,4,28,148,59,239,66,36,102,341
05/27/2021,LNK,NE,ACE,CE,Towers with Radar,6,38,42,28,114,0,1,19,5,25,6,39,61,33,139,70,6,76,215
05/28/2021,LNK,NE,ACE,CE,Towers with Radar,4,37,44,1,86,0,0,17,1,18,4,37,61,2,104,172,0,172,276
05/29/2021,LNK,NE,ACE,CE,Towers with Radar,2,22,24,2,50,0,0,54,0,54,2,22,78,2,104,82,0,82,186
05/30/2021,LNK,NE,ACE,CE,Towers with Radar,6,28,20,0,54,0,0,18,0,18,6,28,38,0,72,0,0,0,72
05/31/2021,LNK,NE,ACE,CE,Towers with Radar,4,29,25,0,58,0,0,46,0,46,4,29,71,0,104,14,0,14,118
06/01/2021,LNK,NE,ACE,CE,Towers with Radar,5,18,54,63,140,0,1,71,17,89,5,19,125,80,229,92,48,140,369
06/02/2021,LNK,NE,ACE,CE,Towers with Radar,6,28,33,84,151,0,5,85,16,106,6,33,118,100,257,84,42,126,383
06/03/2021,LNK,NE,ACE,CE,Towers with Radar,3,28,44,41,116,0,5,90,4,99,3,33,134,45,215,74,38,112,327
06/04/2021,LNK,NE,ACE,CE,Towers with Radar,2,39,27,65,133,0,3,93,2,98,2,42,120,67,231,36,8,44,275
06/05/2021,LNK,NE,ACE,CE,Towers with Radar,4,26,15,8,53,0,1,71,2,74,4,27,86,10,127,56,0,56,183
06/06/2021,LNK,NE,ACE,CE,Towers with Radar,2,33,23,10,68,0,0,34,0,34,2,33,57,10,102,14,4,18,120
06/07/2021,LNK,NE,ACE,CE,Towers with Radar,4,31,18,59,112,0,3,59,11,73,4,34,77,70,185,90,44,134,319
06/08/2021,LNK,NE,ACE,CE,Towers with Radar,2,27,24,69,122,0,0,56,3,59,2,27,80,72,181,134,60,194,375
06/09/2021,LNK,NE,ACE,CE,Towers with Radar,4,39,33,58,134,0,8,65,4,77,4,47,98,62,211,92,74,166,377
06/10/2021,LNK,NE,ACE,CE,Towers with Radar,2,33,46,41,122,0,2,77,4,83,2,35,123,45,205,86,16,102,307
06/11/2021,LNK,NE,ACE,CE,Towers with Radar,1,30,22,19,72,0,4,17,5,26,1,34,39,24,98,114,6,120,218
06/12/2021,LNK,NE,ACE,CE,Towers with Radar,1,23,22,7,53,0,2,75,5,82,1,25,97,12,135,28,4,32,167
06/13/2021,LNK,NE,ACE,CE,Towers with Radar,4,36,37,7,84,0,5,37,6,48,4,41,74,13,132,30,0,30,162
06/14/2021,LNK,NE,ACE,CE,Towers with Radar,2,32,32,48,114,0,3,59,2,64,2,35,91,50,178,100,50,150,328
06/15/2021,LNK,NE,ACE,CE,Towers with Radar,2,39,40,38,119,0,3,60,2,65,2,42,100,40,184,92,26,118,302
06/16/2021,LNK,NE,ACE,CE,Towers with Radar,2,36,40,45,123,0,3,56,10,69,2,39,96,55,192,68,54,122,314
06/17/2021,LNK,NE,ACE,CE,Towers with Radar,2,31,29,23,85,0,0,39,4,43,2,31,68,27,128,40,14,54,182
06/18/2021,LNK,NE,ACE,CE,Towers with Radar,2,30,29,2,63,0,3,36,1,40,2,33,65,3,103,54,0,54,157
06/19/2021,LNK,NE,ACE,CE,Towers with Radar,2,28,33,2,65,0,2,78,2,82,2,30,111,4,147,42,0,42,189
06/20/2021,LNK,NE,ACE,CE,Towers with Radar,1,30,21,0,52,0,0,43,0,43,1,30,64,0,95,32,0,32,127
06/21/2021,LNK,NE,ACE,CE,Towers with Radar,2,46,44,18,110,0,2,65,0,67,2,48,109,18,177,94,36,130,307
06/22/2021,LNK,NE,ACE,CE,Towers with Radar,2,37,42,31,112,0,1,64,2,67,2,38,106,33,179,34,4,38,217
06/23/2021,LNK,NE,ACE,CE,Towers with Radar,2,31,45,30,108,0,1,47,2,50,2,32,92,32,158,72,18,90,248
06/24/2021,LNK,NE,ACE,CE,Towers with Radar,1,37,28,24,90,0,0,26,2,28,1,37,54,26,118,44,36,80,198
06/25/2021,LNK,NE,ACE,CE,Towers with Radar,2,28,26,21,77,0,0,14,0,14,2,28,40,21,91,78,4,82,173
06/26/2021,LNK,NE,ACE,CE,Towers with Radar,1,31,28,33,93,0,0,10,0,10,1,31,38,33,103,44,0,44,147
06/27/2021,LNK,NE,ACE,CE,Towers with Radar,2,37,35,11,85,0,4,49,0,53,2,41,84,11,138,82,6,88,226
06/28/2021,LNK,NE,ACE,CE,Towers with Radar,1,25,41,21,88,0,2,37,1,40,1,27,78,22,128,110,2,112,240
06/29/2021,LNK,NE,ACE,CE,Towers with Radar,2,31,39,29,101,0,2,51,0,53,2,33,90,29,154,98,24,122,276
06/30/2021,LNK,NE,ACE,CE,Towers with Radar,1,39,40,41,121,0,3,64,0,67,1,42,104,41,188,82,34,116,304
07/01/2021,LNK,NE,ACE,CE,Towers with Radar,1,51,33,40,125,0,0,68,4,72,1,51,101,44,197,82,36,118,315
07/02/2021,LNK,NE,ACE,CE,Towers with Radar,0,42,23,3,68,0,0,69,2,71,0,42,92,5,139,74,0,74,213
07/03/2021,LNK,NE,ACE,CE,Towers with Radar,0,34,12,0,46,0,1,57,1,59,0,35,69,1,105,88,0,88,193
07/04/2021,LNK,NE,ACE,CE,Towers with Radar,0,22,8,0,30,0,3,27,1,31,0,25,35,1,61,24,0,24,85
07/05/2021,LNK,NE,ACE,CE,Towers with Radar,0,36,13,1,50,0,0,36,0,36,0,36,49,1,86,28,0,28,114
07/06/2021,LNK,NE,ACE,CE,Towers with Radar,0,35,26,61,122,0,0,61,1,62,0,35,87,62,184,64,28,92,276
07/07/2021,LNK,NE,ACE,CE,Towers with Radar,0,34,44,78,156,0,2,21,2,25,0,36,65,80,181,128,34,162,343
07/08/2021,LNK,NE,ACE,CE,Towers with Radar,0,43,42,67,152,0,4,79,3,86,0,47,121,70,238,98,88,186,424
07/09/2021,LNK,NE,ACE,CE,Towers with Radar,3,45,47,30,125,0,3,58,2,63,3,48,105,32,188,60,12,72,260
07/10/2021,LNK,NE,ACE,CE,Towers with Radar,5,29,15,1,50,0,0,19,0,19,5,29,34,1,69,54,0,54,123
07/11/2021,LNK,NE,ACE,CE,Towers with Radar,2,48,25,10,85,0,4,23,0,27,2,52,48,10,112,12,6,18,130
07/12/2021,LNK,NE,ACE,CE,Towers with Radar,0,32,27,27,86,0,0,57,9,66,0,32,84,36,152,34,32,66,218
07/13/2021,LNK,NE,ACE,CE,Towers with Radar,0,44,31,52,127,0,2,58,0,60,0,46,89,52,187,46,28,74,261
07/14/2021,LNK,NE,ACE,CE,Towers with Radar,0,49,33,37,119,0,0,21,2,23,0,49,54,39,142,38,20,58,200
07/15/2021,LNK,NE,ACE,CE,Towers with Radar,0,47,42,47,136,0,0,20,2,22,0,47,62,49,158,88,30,118,276
07/16/2021,LNK,NE,ACE,CE,Towers with Radar,0,31,36,48,115,0,2,26,6,34,0,33,62,54,149,58,26,84,233
07/17/2021,LNK,NE,ACE,CE,Towers with Radar,5,34,28,4,71,0,0,61,2,63,5,34,89,6,134,66,0,66,200
07/18/2021,LNK,NE,ACE,CE,Towers with Radar,1,38,35,0,74,0,5,28,0,33,1,43,63,0,107,60,0,60,167
07/19/2021,LNK,NE,ACE,CE,Towers with Radar,0,45,32,61,138,0,6,48,7,61,0,51,80,68,199,26,26,52,251
07/20/2021,LNK,NE,ACE,CE,Towers with Radar,0,46,55,43,144,0,2,63,6,71,0,48,118,49,215,58,14,72,287
07/21/2021,LNK,NE,ACE,CE,Towers with Radar,0,42,52,36,130,0,2,70,2,74,0,44,122,38,204,89,30,119,323
07/22/2021,LNK,NE,ACE,CE,Towers with Radar,2,47,44,43,136,0,4,46,5,55,2,51,90,48,191,54,30,84,275
07/23/2021,LNK,NE,ACE,CE,Towers with Radar,2,38,30,52,122,0,2,64,2,68,2,40,94,54,190,28,18,46,236
07/24/2021,LNK,NE,ACE,CE,Towers with Radar,0,30,24,5,59,0,6,40,5,51,0,36,64,10,110,52,0,52,162
07/25/2021,LNK,NE,ACE,CE,Towers with Radar,0,48,31,16,95,0,2,15,6,23,0,50,46,22,118,8,0,8,126
07/26/2021,LNK,NE,ACE,CE,Towers with Radar,0,35,37,36,108,0,4,53,1,58,0,39,90,37,166,32,4,36,202
07/27/2021,LNK,NE,ACE,CE,Towers with Radar,2,42,31,42,117,0,0,53,4,57,2,42,84,46,174,50,28,78,252
07/28/2021,LNK,NE,ACE,CE,Towers with Radar,0,38,27,70,135,0,6,58,12,76,0,44,85,82,211,94,18,112,323
07/29/2021,LNK,NE,ACE,CE,Towers with Radar,0,38,47,35,120,0,4,53,3,60,0,42,100,38,180,98,38,136,316
07/30/2021,LNK,NE,ACE,CE,Towers with Radar,2,37,23,64,126,0,1,32,0,33,2,38,55,64,159,56,28,84,243
07/31/2021,LNK,NE,ACE,CE,Towers with Radar,1,27,28,9,65,0,0,3,0,3,1,27,31,9,68,0,0,0,68
08/01/2021,LNK,NE,ACE,CE,Towers with Radar,6,41,43,18,108,0,1,47,0,48,6,42,90,18,156,12,2,14,170
08/02/2021,LNK,NE,ACE,CE,Towers with Radar,4,38,33,65,140,0,1,45,4,50,4,39,78,69,190,58,32,90,280
08/03/2021,LNK,NE,ACE,CE,Towers with Radar,4,44,31,50,129,0,3,63,0,66,4,47,94,50,195,48,20,68,263
08/04/2021,LNK,NE,ACE,CE,Towers with Radar,4,40,30,37,111,0,3,56,6,65,4,43,86,43,176,46,36,82,258
08/05/2021,LNK,NE,ACE,CE,Towers with Radar,6,29,35,84,154,0,3,64,3,70,6,32,99,87,224,56,36,92,316
08/06/2021,LNK,NE,ACE,CE,Towers with Radar,4,26,45,58,133,0,3,83,4,90,4,29,128,62,223,50,16,66,289
08/07/2021,LNK,NE,ACE,CE,Towers with Radar,4,29,16,5,54,0,1,23,2,26,4,30,39,7,80,12,0,12,92
08/08/2021,LNK,NE,ACE,CE,Towers with Radar,4,46,40,16,106,0,2,30,1,33,4,48,70,17,139,14,0,14,153
08/09/2021,LNK,NE,ACE,CE,Towers with Radar,3,25,26,55,109,0,1,49,1,51,3,26,75,56,160,80,44,124,284
08/10/2021,LNK,NE,ACE,CE,Towers with Radar,2,36,24,48,110,0,1,60,1,62,2,37,84,49,172,72,40,112,284
08/11/2021,LNK,NE,ACE,CE,Towers with Radar,3,42,37,37,119,0,0,53,10,63,3,42,90,47,182,8,66,74,256
08/12/2021,LNK,NE,ACE,CE,Towers with Radar,4,42,41,57,144,0,9,60,3,72,4,51,101,60,216,50,40,90,306
08/13/2021,LNK,NE,ACE,CE,Towers with Radar,4,43,41,47,135,0,1,73,0,74,4,44,114,47,209,64,28,92,301
08/14/2021,LNK,NE,ACE,CE,Towers with Radar,4,34,46,8,92,0,10,116,7,133,4,44,162,15,225,10,0,10,235
08/15/2021,LNK,NE,ACE,CE,Towers with Radar,4,41,34,0,79,0,13,41,5,59,4,54,75,5,138,2,0,2,140
08/16/2021,LNK,NE,ACE,CE,Towers with Radar,3,33,35,36,107,0,8,62,3,73,3,41,97,39,180,32,24,56,236
08/17/2021,LNK,NE,ACE,CE,Towers with Radar,4,28,35,43,110,0,5,42,3,50,4,33,77,46,160,32,22,54,214
08/18/2021,LNK,NE,ACE,CE,Towers with Radar,4,27,41,61,133,0,7,48,7,62,4,34,89,68,195,29,16,45,240
08/19/2021,LNK,NE,ACE,CE,Towers with Radar,4,37,52,57,150,0,2,50,1,53,4,39,102,58,203,48,32,80,283
08/20/2021,LNK,NE,ACE,CE,Towers with Radar,4,28,31,26,89,0,4,14,0,18,4,32,45,26,107,12,6,18,125
08/21/2021,LNK,NE,ACE,CE,Towers with Radar,5,18,24,2,49,0,0,77,0,77,5,18,101,2,126,28,0,28,154
08/22/2021,LNK,NE,ACE,CE,Towers with Radar,6,31,17,2,56,0,1,31,0,32,6,32,48,2,88,6,0,6,94
08/23/2021,LNK,NE,ACE,CE,Towers with Radar,4,28,40,35,107,0,1,43,0,44,4,29,83,35,151,38,16,54,205
08/24/2021,LNK,NE,ACE,CE,Towers with Radar,5,37,28,32,102,0,2,55,4,61,5,39,83,36,163,58,38,96,259
08/25/2021,LNK,NE,ACE,CE,Towers with Radar,3,29,36,42,110,0,7,61,2,70,3,36,97,44,180,38,18,56,236
08/26/2021,LNK,NE,ACE,CE,Towers with Radar,4,44,29,31,108,0,12,45,1,58,4,56,74,32,166,74,48,122,288
08/27/2021,LNK,NE,ACE,CE,Towers with Radar,6,45,24,34,109,0,17,43,1,61,6,62,67,35,170,28,38,66,236
08/28/2021,LNK,NE,ACE,CE,Towers with Radar,7,27,20,0,54,0,0,42,2,44,7,27,62,2,98,16,0,16,114
08/29/2021,LNK,NE,ACE,CE,Towers with Radar,2,41,16,2,61,0,4,19,0,23,2,45,35,2,84,4,0,4,88
08/30/2021,LNK,NE,ACE,CE,Towers with Radar,4,36,38,26,104,0,3,25,0,28,4,39,63,26,132,16,18,34,166
08/31/2021,LNK,NE,ACE,CE,Towers with Radar,4,24,36,61,125,0,7,44,2,53,4,31,80,63,178,52,50,102,280
09/01/2021,LNK,NE,ACE,CE,Towers with Radar,4,37,34,58,133,0,9,25,7,41,4,46,59,65,174,40,40,80,254
09/02/2021,LNK,NE,ACE,CE,Towers with Radar,5,42,33,35,115,0,1,24,13,38,5,43,57,48,153,14,10,24,177
09/03/2021,LNK,NE,ACE,CE,Towers with Radar,4,34,34,1,73,0,0,21,1,22,4,34,55,2,95,134,0,134,229
09/04/2021,LNK,NE,ACE,CE,Towers with Radar,6,22,30,2,60,0,2,23,0,25,6,24,53,2,85,32,0,32,117
09/05/2021,LNK,NE,ACE,CE,Towers with Radar,4,24,19,0,47,0,1,38,0,39,4,25,57,0,86,8,0,8,94
09/06/2021,LNK,NE,ACE,CE,Towers with Radar,4,30,30,2,66,0,6,57,0,63,4,36,87,2,129,14,0,14,143
09/07/2021,LNK,NE,ACE,CE,Towers with Radar,3,46,38,52,139,0,9,45,5,59,3,55,83,57,198,58,42,100,298
09/08/2021,LNK,NE,ACE,CE,Towers with Radar,3,37,27,38,105,0,5,64,18,87,3,42,91,56,192,54,42,96,288
09/09/2021,LNK,NE,ACE,CE,Towers with Radar,4,30,54,49,137,0,15,84,6,105,4,45,138,55,242,104,46,150,392
09/10/2021,LNK,NE,ACE,CE,Towers with Radar,5,46,43,61,155,0,8,62,3,73,5,54,105,64,228,80,22,102,330
09/11/2021,LNK,NE,ACE,CE,Towers with Radar,5,39,29,4,77,0,4,66,8,78,5,43,95,12,155,54,20,74,229
09/12/2021,LNK,NE,ACE,CE,Towers with Radar,4,34,38,3,79,0,7,26,0,33,4,41,64,3,112,0,0,0,112
09/13/2021,LNK,NE,ACE,CE,Towers with Radar,4,42,36,50,132,0,9,55,0,64,4,51,91,50,196,70,28,98,294
09/14/2021,LNK,NE,ACE,CE,Towers with Radar,3,59,29,39,130,0,5,32,2,39,3,64,61,41,169,60,50,110,279
09/15/2021,LNK,NE,ACE,CE,Towers with Radar,4,52,30,31,117,0,16,55,5,76,4,68,85,36,193,22,20,42,235
09/16/2021,LNK,NE,ACE,CE,Towers with Radar,7,54,40,40,141,0,12,41,5,58,7,66,81,45,199,80,26,106,305
09/17/2021,LNK,NE,ACE,CE,Towers with Radar,7,34,27,7,75,0,4,38,3,45,7,38,65,10,120,40,0,40,160
09/18/2021,LNK,NE,ACE,CE,Towers with Radar,8,43,21,2,74,0,5,63,8,76,8,48,84,10,150,22,0,22,172
09/19/2021,LNK,NE,ACE,CE,Towers with Radar,4,34,22,1,61,0,3,20,0,23,4,37,42,1,84,0,0,0,84
09/20/2021,LNK,NE,ACE,CE,Towers with Radar,3,47,35,32,117,0,3,29,0,32,3,50,64,32,149,62,8,70,219
09/21/2021,LNK,NE,ACE,CE,Towers with Radar,4,42,41,64,151,0,4,66,6,76,4,46,107,70,227,68,40,108,335
09/22/2021,LNK,NE,ACE,CE,Towers with Radar,5,38,38,19,100,0,12,70,7,89,5,50,108,26,189,110,14,124,313
09/23/2021,LNK,NE,ACE,CE,Towers with Radar,4,43,33,16,96,0,0,62,1,63,4,43,95,17,159,70,4,74,233
09/24/2021,LNK,NE,ACE,CE,Towers with Radar,5,40,38,39,122,0,8,57,0,65,5,48,95,39,187,68,30,98,285
09/25/2021,LNK,NE,ACE,CE,Towers with Radar,3,40,34,0,77,0,3,67,0,70,3,43,101,0,147,36,0,36,183
09/26/2021,LNK,NE,ACE,CE,Towers with Radar,6,40,34,0,80,0,0,36,0,36,6,40,70,0,116,30,0,30,146
09/27/2021,LNK,NE,ACE,CE,Towers with Radar,4,35,44,6,89,0,2,51,0,53,4,37,95,6,142,60,6,66,208
09/28/2021,LNK,NE,ACE,CE,Towers with Radar,4,27,26,10,67,0,0,50,0,50,4,27,76,10,117,64,0,64,181
09/29/2021,LNK,NE,ACE,CE,Towers with Radar,4,40,36,28,108,0,3,31,0,34,4,43,67,28,142,96,28,124,266
09/30/2021,LNK,NE,ACE,CE,Towers with Radar,4,35,38,28,105,0,0,15,0,15,4,35,53,28,120,32,0,32,152
10/01/2021,LNK,NE,ACE,CE,Towers with Radar,5,42,43,56,146,0,2,9,5,16,5,44,52,61,162,110,36,146,308
10/02/2021,LNK,NE,ACE,CE,Towers with Radar,7,32,52,10,101,0,0,16,0,16,7,32,68,10,117,80,8,88,205
10/03/2021,LNK,NE,ACE,CE,Towers with Radar,4,34,28,21,87,0,4,38,0,42,4,38,66,21,129,8,0,8,137
10/04/2021,LNK,NE,ACE,CE,Towers with Radar,5,49,26,40,120,0,3,65,5,73,5,52,91,45,193,72,24,96,289
10/05/2021,LNK,NE,ACE,CE,Towers with Radar,0,37,37,76,150,0,4,68,5,77,0,41,105,81,227,78,64,142,369
10/06/2021,LNK,NE,ACE,CE,Towers with Radar,0,34,44,82,160,0,0,60,4,64,0,34,104,86,224,70,80,150,374
10/07/2021,LNK,NE,ACE,CE,Towers with Radar,0,44,49,66,159,0,4,55,0,59,0,48,104,66,218,50,54,104,322
10/08/2021,LNK,NE,ACE,CE,Towers with Radar,2,43,38,31,114,0,9,93,8,110,2,52,131,39,224,82,32,114,338
10/09/2021,LNK,NE,ACE,CE,Towers with Radar,3,40,35,1,79,0,4,45,1,50,3,44,80,2,129,68,0,68,197
10/10/2021,LNK,NE,ACE,CE,Towers with Radar,2,47,42,3,94,0,0,31,1,32,2,47,73,4,126,10,0,10,136
10/11/2021,LNK,NE,ACE,CE,Towers with Radar,0,43,32,0,75,0,2,47,0,49,0,45,79,0,124,52,0,52,176
10/12/2021,LNK,NE,ACE,CE,Towers with Radar,0,45,32,38,115,0,0,46,1,47,0,45,78,39,162,60,14,74,236
10/13/2021,LNK,NE,ACE,CE,Towers with Radar,0,37,28,29,94,0,11,1,0,12,0,48,29,29,106,0,26,26,132
10/14/2021,LNK,NE,ACE,CE,Towers with Radar,0,52,46,64,162,0,12,70,5,87,0,64,116,69,249,60,26,86,335
10/15/2021,LNK,NE,ACE,CE,Towers with Radar,2,39,50,32,123,0,3,66,3,72,2,42,116,35,195,78,6,84,279
10/16/2021,LNK,NE,ACE,CE,Towers with Radar,2,21,31,22,76,0,6,51,1,58,2,27,82,23,134,54,6,60,194
10/17/2021,LNK,NE,ACE,CE,Towers with Radar,0,39,17,0,56,0,0,45,0,45,0,39,62,0,101,10,0,10,111
10/18/2021,LNK,NE,ACE,CE,Towers with Radar,0,47,30,53,130,0,2,29,0,31,0,49,59,53,161,60,18,78,239
10/19/2021,LNK,NE,ACE,CE,Towers with Radar,0,47,41,49,137,0,7,62,2,71,0,54,103,51,208,52,38,90,298
10/20/2021,LNK,NE,ACE,CE,Towers with Radar,0,59,54,27,140,0,5,2,1,8,0,64,56,28,148,24,0,24,172
10/21/2021,LNK,NE,ACE,CE,Towers with Radar,0,40,45,57,142,0,9,32,0,41,0,49,77,57,183,110,44,154,337
10/22/2021,LNK,NE,ACE,CE,Towers with Radar,0,32,44,9,85,0,4,65,4,73,0,36,109,13,158,108,4,112,270
10/23/2021,LNK,NE,ACE,CE,Towers with Radar,0,30,27,1,58,0,5,38,1,44,0,35,65,2,102,60,0,60,162
10/24/2021,LNK,NE,ACE,CE,Towers with Radar,1,32,10,0,43,0,0,0,0,0,1,32,10,0,43,0,0,0,43
10/25/2021,LNK,NE,ACE,CE,Towers with Radar,0,31,43,15,89,0,3,36,1,40,0,34,79,16,129,66,6,72,201
10/26/2021,LNK,NE,ACE,CE,Towers with Radar,1,39,19,28,87,0,1,2,1,4,1,40,21,29,91,0,0,0,91
10/27/2021,LNK,NE,ACE,CE,Towers with Radar,0,34,24,54,112,0,0,0,0,0,0,34,24,54,112,0,0,0,112
10/28/2021,LNK,NE,ACE,CE,Towers with Radar,0,58,40,40,138,0,7,11,0,18,0,65,51,40,156,0,0,0,156
10/29/2021,LNK,NE,ACE,CE,Towers with Radar,1,44,55,47,147,0,5,48,10,63,1,49,103,57,210,0,0,0,210
10/30/2021,LNK,NE,ACE,CE,Towers with Radar,2,39,42,0,83,0,0,63,2,65,2,39,105,2,148,0,0,0,148
10/31/2021,LNK,NE,ACE,CE,Towers with Radar,1,29,20,3,53,0,0,42,0,42,1,29,62,3,95,0,0,0,95
11/01/2021,LNK,NE,ACE,CE,Towers with Radar,0,53,22,23,98,0,0,2,0,2,0,53,24,23,100,0,0,0,100
11/02/2021,LNK,NE,ACE,CE,Towers with Radar,0,42,37,35,114,0,0,37,2,39,0,42,74,37,153,0,0,0,153
11/03/2021,LNK,NE,ACE,CE,Towers with Radar,0,41,31,39,111,0,7,34,2,43,0,48,65,41,154,0,0,0,154
11/04/2021,LNK,NE,ACE,CE,Towers with Radar,0,33,34,58,125,0,5,69,4,78,0,38,103,62,203,0,0,0,203
11/05/2021,LNK,NE,ACE,CE,Towers with Radar,3,44,26,9,82,0,1,39,6,46,3,45,65,15,128,0,0,0,128
11/06/2021,LNK,NE,ACE,CE,Towers with Radar,3,28,39,29,99,0,7,68,7,82,3,35,107,36,181,0,0,0,181
11/07/2021,LNK,NE,ACE,CE,Towers with Radar,1,46,27,4,78,0,4,42,1,47,1,50,69,5,125,0,0,0,125
11/08/2021,LNK,NE,ACE,CE,Towers with Radar,0,51,32,35,118,0,1,49,2,52,0,52,81,37,170,0,0,0,170
11/09/2021,LNK,NE,ACE,CE,Towers with Radar,0,41,32,48,121,0,14,57,1,72,0,55,89,49,193,0,0,0,193
11/10/2021,LNK,NE,ACE,CE,Towers with Radar,0,49,33,53,135,0,8,3,1,12,0,57,36,54,147,34,14,48,195
11/11/2021,LNK,NE,ACE,CE,Towers with Radar,0,41,34,1,76,0,7,14,0,21,0,48,48,1,97,0,0,0,97
11/12/2021,LNK,NE,ACE,CE,Towers with Radar,0,29,14,5,48,0,2,0,1,3,0,31,14,6,51,0,0,0,51
11/13/2021,LNK,NE,ACE,CE,Towers with Radar,0,28,15,2,45,0,3,30,0,33,0,31,45,2,78,42,4,46,124
11/14/2021,LNK,NE,ACE,CE,Towers with Radar,0,34,28,1,63,0,2,36,0,38,0,36,64,1,101,50,0,50,151
11/15/2021,LNK,NE,ACE,CE,Towers with Radar,0,43,23,32,98,0,3,58,1,62,0,46,81,33,160,0,0,0,160
11/16/2021,LNK,NE,ACE,CE,Towers with Radar,0,48,41,55,144,0,1,53,5,59,0,49,94,60,203,0,0,0,203
11/17/2021,LNK,NE,ACE,CE,Towers with Radar,0,41,25,44,110,0,9,21,4,34,0,50,46,48,144,0,0,0,144
11/18/2021,LNK,NE,ACE,CE,Towers with Radar,0,40,37,49,126,0,4,65,10,79,0,44,102,59,205,0,0,0,205
11/19/2021,LNK,NE,ACE,CE,Towers with Radar,2,36,22,40,100,0,1,17,1,19,2,37,39,41,119,4,10,14,133
11/20/2021,LNK,NE,ACE,CE,Towers with Radar,2,35,24,1,62,0,1,69,0,70,2,36,93,1,132,32,0,32,164
11/21/2021,LNK,NE,ACE,CE,Towers with Radar,0,33,12,4,49,0,5,29,0,34,0,38,41,4,83,14,0,14,97
11/22/2021,LNK,NE,ACE,CE,Towers with Radar,0,50,29,50,129,0,4,53,0,57,0,54,82,50,186,56,56,112,298
11/23/2021,LNK,NE,ACE,CE,Towers with Radar,0,52,30,69,151,0,10,42,4,56,0,62,72,73,207,8,40,48,255
11/24/2021,LNK,NE,ACE,CE,Towers with Radar,0,64,18,114,196,0,2,28,0,30,0,66,46,114,226,118,26,144,370
11/25/2021,LNK,NE,ACE,CE,Towers with Radar,1,17,6,2,26,0,2,6,0,8,1,19,12,2,34,24,0,24,58
11/26/2021,LNK,NE,ACE,CE,Towers with Radar,1,32,35,1,69,0,0,43,0,43,1,32,78,1,112,10,0,10,122
11/27/2021,LNK,NE,ACE,CE,Towers with Radar,0,32,23,0,55,0,0,17,0,17,0,32,40,0,72,16,0,16,88
11/28/2021,LNK,NE,ACE,CE,Towers with Radar,0,51,41,2,94,0,2,52,0,54,0,53,93,2,148,4,0,4,152
11/29/2021,LNK,NE,ACE,CE,Towers with Radar,0,52,32,40,124,0,3,52,0,55,0,55,84,40,179,56,38,94,273
11/30/2021,LNK,NE,ACE,CE,Towers with Radar,0,42,27,59,128,0,4,60,3,67,0,46,87,62,195,60,78,138,333
12/01/2021,LNK,NE,ACE,CE,Towers with Radar,0,37,25,56,118,0,7,48,7,62,0,44,73,63,180,36,56,92,272
12/02/2021,LNK,NE,ACE,CE,Towers with Radar,0,44,35,40,119,0,13,52,4,69,0,57,87,44,188,42,34,76,264
12/03/2021,LNK,NE,ACE,CE,Towers with Radar,0,36,26,33,95,0,9,45,1,55,0,45,71,34,150,62,56,118,268
12/04/2021,LNK,NE,ACE,CE,Towers with Radar,2,31,18,25,76,0,0,35,0,35,2,31,53,25,111,32,22,54,165
12/05/2021,LNK,NE,ACE,CE,Towers with Radar,2,34,18,5,59,0,2,13,0,15,2,36,31,5,74,0,0,0,74
12/06/2021,LNK,NE,ACE,CE,Towers with Radar,1,41,27,13,82,0,0,30,0,30,1,41,57,13,112,22,12,34,146
12/07/2021,LNK,NE,ACE,CE,Towers with Radar,0,42,24,64,130,0,2,33,5,40,0,44,57,69,170,46,26,72,242
12/08/2021,LNK,NE,ACE,CE,Towers with Radar,0,39,39,34,112,0,7,51,7,65,0,46,90,41,177,52,46,98,275
12/09/2021,LNK,NE,ACE,CE,Towers with Radar,5,40,24,48,117,0,13,44,3,60,5,53,68,51,177,66,26,92,269
12/10/2021,LNK,NE,ACE,CE,Towers with Radar,3,38,25,23,89,0,3,1,1,5,3,41,26,24,94,0,4,4,98
12/11/2021,LNK,NE,ACE,CE,Towers with Radar,4,22,16,1,43,0,3,44,2,49,4,25,60,3,92,24,8,32,124
12/12/2021,LNK,NE,ACE,CE,Towers with Radar,2,34,28,0,64,0,2,26,0,28,2,36,54,0,92,8,0,8,100
12/13/2021,LNK,NE,ACE,CE,Towers with Radar,2,38,49,52,141,0,8,57,2,67,2,46,106,54,208,106,46,152,360
12/14/2021,LNK,NE,ACE,CE,Towers with Radar,2,39,26,63,130,0,6,61,0,67,2,45,87,63,197,42,46,88,285
12/15/2021,LNK,NE,ACE,CE,Towers with Radar,2,19,5,4,30,0,0,3,0,3,2,19,8,4,33,2,2,4,37
12/16/2021,LNK,NE,ACE,CE,Towers with Radar,1,52,52,24,129,0,12,35,1,48,1,64,87,25,177,78,14,92,269
12/17/2021,LNK,NE,ACE,CE,Towers with Radar,0,38,42,45,125,0,1,48,4,53,0,39,90,49,178,68,26,94,272
12/18/2021,LNK,NE,ACE,CE,Towers with Radar,0,23,15,4,42,0,2,14,0,16,0,25,29,4,58,28,0,28,86
12/19/2021,LNK,NE,ACE,CE,Towers with Radar,0,32,18,0,50,0,4,7,0,11,0,36,25,0,61,0,0,0,61
12/20/2021,LNK,NE,ACE,CE,Towers with Radar,0,33,31,35,99,0,1,38,2,41,0,34,69,37,140,14,28,42,182
12/21/2021,LNK,NE,ACE,CE,Towers with Radar,0,43,31,35,109,0,4,49,3,56,0,47,80,38,165,24,16,40,205
12/22/2021,LNK,NE,ACE,CE,Towers with Radar,0,50,35,34,119,0,1,46,3,50,0,51,81,37,169,58,42,100,269
12/23/2021,LNK,NE,ACE,CE,Towers with Radar,1,42,31,2,76,0,0,65,1,66,1,42,96,3,142,76,0,76,218
12/24/2021,LNK,NE,ACE,CE,Towers with Radar,1,26,14,0,41,0,0,14,0,14,1,26,28,0,55,12,0,12,67
12/25/2021,LNK,NE,ACE,CE,Towers with Radar,0,20,0,0,20,0,0,10,0,10,0,20,10,0,30,0,0,0,30
12/26/2021,LNK,NE,ACE,CE,Towers with Radar,0,47,22,0,69,0,0,16,0,16,0,47,38,0,85,14,0,14,99
12/27/2021,LNK,NE,ACE,CE,Towers with Radar,1,51,34,11,97,0,0,21,2,23,1,51,55,13,120,26,0,26,146
12/28/2021,LNK,NE,ACE,CE,Towers with Radar,0,38,28,34,100,0,1,35,0,36,0,39,63,34,136,26,24,50,186
12/29/2021,LNK,NE,ACE,CE,Towers with Radar,1,28,22,6,57,0,5,26,0,31,1,33,48,6,88,50,0,50,138
12/30/2021,LNK,NE,ACE,CE,Towers with Radar,1,43,35,8,87,0,2,49,0,51,1,45,84,8,138,42,18,60,198
12/31/2021,LNK,NE,ACE,CE,Towers with Radar,0,25,3,0,28,0,0,0,0,0,0,25,3,0,28,0,0,0,28
01/01/2022,LNK,NE,ACE,CE,Towers with Radar,1,16,3,0,20,0,0,0,0,0,1,16,3,0,20,0,0,0,20
01/02/2022,LNK,NE,ACE,CE,Towers with Radar,1,40,17,1,59,0,0,14,0,14,1,40,31,1,73,10,0,10,83
01/03/2022,LNK,NE,ACE,CE,Towers with Radar,4,50,33,3,90,0,0,24,0,24,4,50,57,3,114,43,0,43,157
01/04/2022,LNK,NE,ACE,CE,Towers with Radar,2,32,15,28,77,0,4,22,1,27,2,36,37,29,104,8,10,18,122
01/05/2022,LNK,NE,ACE,CE,Towers with Radar,2,27,23,26,78,0,15,14,1,30,2,42,37,27,108,6,6,12,120
01/06/2022,LNK,NE,ACE,CE,Towers with Radar,0,26,19,49,94,0,10,8,17,35,0,36,27,66,129,0,32,32,161
01/07/2022,LNK,NE,ACE,CE,Towers with Radar,0,37,29,29,95,0,4,40,0,44,0,41,69,29,139,30,36,66,205
01/08/2022,LNK,NE,ACE,CE,Towers with Radar,0,20,6,0,26,1,1,6,0,8,1,21,12,0,34,20,0,20,54
01/09/2022,LNK,NE,ACE,CE,Towers with Radar,1,41,31,2,75,0,2,35,0,37,1,43,66,2,112,8,0,8,120
01/10/2022,LNK,NE,ACE,CE,Towers with Radar,1,34,27,58,120,0,0,43,0,43,1,34,70,58,163,76,34,110,273
01/11/2022,LNK,NE,ACE,CE,Towers with Radar,1,32,26,51,110,0,3,40,0,43,1,35,66,51,153,80,26,106,259
01/12/2022,LNK,NE,ACE,CE,Towers with Radar,0,33,36,31,100,0,4,46,2,52,0,37,82,33,152,48,42,90,242
01/13/2022,LNK,NE,ACE,CE,Towers with Radar,0,43,39,81,163,0,7,64,0,71,0,50,103,81,234,34,58,92,326
01/14/2022,LNK,NE,ACE,CE,Towers with Radar,0,29,11,27,67,0,0,1,2,3,0,29,12,29,70,0,0,0,70
01/15/2022,LNK,NE,ACE,CE,Towers with Radar,0,28,11,5,44,0,1,12,0,13,0,29,23,5,57,6,0,6,63
01/16/2022,LNK,NE,ACE,CE,Towers with Radar,2,29,25,0,56,0,1,17,0,18,2,30,42,0,74,8,0,8,82
01/17/2022,LNK,NE,ACE,CE,Towers with Radar,2,35,34,0,71,0,9,37,0,46,2,44,71,0,117,36,0,36,153
01/18/2022,LNK,NE,ACE,CE,Towers with Radar,0,30,38,60,128,0,3,47,1,51,0,33,85,61,179,82,48,130,309
01/19/2022,LNK,NE,ACE,CE,Towers with Radar,2,30,24,75,131,0,15,9,5,29,2,45,33,80,160,10,30,40,200
01/20/2022,LNK,NE,ACE,CE,Towers with Radar,3,40,41,82,166,0,13,34,2,49,3,53,75,84,215,50,42,92,307
01/21/2022,LNK,NE,ACE,CE,Towers with Radar,1,28,11,31,71,0,3,32,0,35,1,31,43,31,106,30,40,70,176
01/22/2022,LNK,NE,ACE,CE,Towers with Radar,0,22,20,0,42,0,4,60,2,66,0,26,80,2,108,34,2,36,144
01/23/2022,LNK,NE,ACE,CE,Towers with Radar,0,37,18,8,63,0,3,13,0,16,0,40,31,8,79,16,2,18,97
01/24/2022,LNK,NE,ACE,CE,Towers with Radar,0,34,29,48,111,0,4,21,0,25,0,38,50,48,136,0,28,28,164
01/25/2022,LNK,NE,ACE,CE,Towers with Radar,0,33,25,36,94,0,7,29,2,38,0,40,54,38,132,56,22,78,210
01/26/2022,LNK,NE,ACE,CE,Towers with Radar,2,33,20,59,114,0,5,26,6,37,2,38,46,65,151,2,4,6,157
01/27/2022,LNK,NE,ACE,CE,Towers with Radar,2,27,32,57,118,0,13,37,1,51,2,40,69,58,169,64,24,88,257
01/28/2022,LNK,NE,ACE,CE,Towers with Radar,2,32,29,42,105,0,3,51,1,55,2,35,80,43,160,108,32,140,300
01/29/2022,LNK,NE,ACE,CE,Towers with Radar,2,29,17,0,48,0,4,54,0,58,2,33,71,0,106,74,0,74,180
01/30/2022,LNK,NE,ACE,CE,Towers with Radar,0,40,6,0,46,0,2,39,0,41,0,42,45,0,87,4,0,4,91
01/31/2022,LNK,NE,ACE,CE,Towers with Radar,2,40,25,29,96,0,11,43,0,54,2,51,68,29,150,62,20,82,232
02/01/2022,LNK,NE,ACE,CE,Towers with Radar,2,48,37,30,117,0,6,19,1,26,2,54,56,31,143,72,6,78,221
02/02/2022,LNK,NE,ACE,CE,Towers with Radar,1,35,16,41,93,0,3,19,2,24,1,38,35,43,117,68,36,104,221
02/03/2022,LNK,NE,ACE,CE,Towers with Radar,1,28,28,61,118,0,23,30,6,59,1,51,58,67,177,42,26,68,245
02/04/2022,LNK,NE,ACE,CE,Towers with Radar,3,29,26,25,83,0,10,41,0,51,3,39,67,25,134,34,28,62,196
02/05/2022,LNK,NE,ACE,CE,Towers with Radar,5,19,24,12,60,0,4,47,0,51,5,23,71,12,111,10,0,10,121
02/06/2022,LNK,NE,ACE,CE,Towers with Radar,0,32,21,12,65,0,0,22,0,22,0,32,43,12,87,4,4,8,95
02/07/2022,LNK,NE,ACE,CE,Towers with Radar,2,30,39,5,76,0,1,57,0,58,2,31,96,5,134,68,0,68,202
02/08/2022,LNK,NE,ACE,CE,Towers with Radar,2,28,26,10,66,0,13,22,0,35,2,41,48,10,101,32,8,40,141
02/09/2022,LNK,NE,ACE,CE,Towers with Radar,2,33,30,47,112,0,1,39,7,47,2,34,69,54,159,28,36,64,223
02/10/2022,LNK,NE,ACE,CE,Towers with Radar,0,40,33,19,92,0,18,41,2,61,0,58,74,21,153,74,2,76,229
02/11/2022,LNK,NE,ACE,CE,Towers with Radar,2,28,39,13,82,0,3,8,2,13,2,31,47,15,95,0,0,0,95
02/12/2022,LNK,NE,ACE,CE,Towers with Radar,0,31,21,1,53,0,1,63,0,64,0,32,84,1,117,92,0,92,209
02/13/2022,LNK,NE,ACE,CE,Towers with Radar,3,28,14,0,45,0,0,27,0,27,3,28,41,0,72,20,0,20,92
02/14/2022,LNK,NE,ACE,CE,Towers with Radar,1,36,31,53,121,0,2,57,0,59,1,38,88,53,180,44,22,66,246
02/15/2022,LNK,NE,ACE,CE,Towers with Radar,2,31,41,53,127,0,3,42,3,48,2,34,83,56,175,58,40,98,273
02/16/2022,LNK,NE,ACE,CE,Towers with Radar,4,50,37,47,138,0,4,34,1,39,4,54,71,48,177,56,20,76,253
02/17/2022,LNK,NE,ACE,CE,Towers with Radar,4,38,31,51,124,0,4,42,1,47,4,42,73,52,171,48,52,100,271
02/18/2022,LNK,NE,ACE,CE,Towers with Radar,5,31,30,0,66,0,5,17,0,22,5,36,47,0,88,48,0,48,136
02/19/2022,LNK,NE,ACE,CE,Towers with Radar,5,28,23,1,57,0,17,55,2,74,5,45,78,3,131,64,0,64,195
02/20/2022,LNK,NE,ACE,CE,Towers with Radar,2,36,24,0,62,0,2,57,0,59,2,38,81,0,121,30,0,30,151
02/21/2022,LNK,NE,ACE,CE,Towers with Radar,3,43,37,1,84,0,2,36,0,38,3,45,73,1,122,39,0,39,161
02/22/2022,LNK,NE,ACE,CE,Towers with Radar,3,32,24,41,100,0,0,2,0,2,3,32,26,41,102,0,18,18,120
02/23/2022,LNK,NE,ACE,CE,Towers with Radar,2,31,27,39,99,0,3,18,5,26,2,34,45,44,125,70,8,78,203
02/24/2022,LNK,NE,ACE,CE,Towers with Radar,2,32,26,55,115,0,6,0,2,8,2,38,26,57,123,0,46,46,169
02/25/2022,LNK,NE,ACE,CE,Towers with Radar,2,38,46,51,137,0,8,66,1,75,2,46,112,52,212,52,12,64,276
02/26/2022,LNK,NE,ACE,CE,Towers with Radar,2,31,22,8,63,0,2,65,1,68,2,33,87,9,131,42,0,42,173
02/27/2022,LNK,NE,ACE,CE,Towers with Radar,2,25,30,7,64,0,0,34,2,36,2,25,64,9,100,4,6,10,110
02/28/2022,LNK,NE,ACE,CE,Towers with Radar,4,34,24,42,104,0,3,56,2,61,4,37,80,44,165,30,36,66,231
03/01/2022,LNK,NE,ACE,CE,Towers with Radar,1,31,31,68,131,0,1,65,2,68,1,32,96,70,199,0,0,0,199
03/02/2022,LNK,NE,ACE,CE,Towers with Radar,3,40,39,43,125,0,7,61,3,71,3,47,100,46,196,84,36,120,316
03/03/2022,LNK,NE,ACE,CE,Towers with Radar,4,45,37,61,147,0,11,37,6,54,4,56,74,67,201,0,12,12,213
03/04/2022,LNK,NE,ACE,CE,Towers with Radar,2,39,29,44,114,0,4,22,3,29,2,43,51,47,143,12,36,48,191
03/05/2022,LNK,NE,ACE,CE,Towers with Radar,2,24,9,19,54,0,0,2,0,2,2,24,11,19,56,0,0,0,56
03/06/2022,LNK,NE,ACE,CE,Towers with Radar,2,32,19,4,57,0,1,14,0,15,2,33,33,4,72,16,10,26,98
03/07/2022,LNK,NE,ACE,CE,Towers with Radar,0,53,31,6,90,0,2,36,0,38,0,55,67,6,128,66,4,70,198
03/08/2022,LNK,NE,ACE,CE,Towers with Radar,2,36,43,33,114,0,2,38,1,41,2,38,81,34,155,30,16,46,201
03/09/2022,LNK,NE,ACE,CE,Towers with Radar,0,37,30,87,154,0,5,12,0,17,0,42,42,87,171,42,58,100,271
03/10/2022,LNK,NE,ACE,CE,Towers with Radar,2,38,26,38,104,0,0,7,0,7,2,38,33,38,111,0,26,26,137
03/11/2022,LNK,NE,ACE,CE,Towers with Radar,2,32,40,23,97,0,5,18,5,28,2,37,58,28,125,24,22,46,171
03/12/2022,LNK,NE,ACE,CE,Towers with Radar,0,33,12,5,50,0,1,31,0,32,0,34,43,5,82,18,2,20,102
03/13/2022,LNK,NE,ACE,CE,Towers with Radar,2,36,20,1,59,0,2,41,1,44,2,38,61,2,103,24,0,24,127
03/14/2022,LNK,NE,ACE,CE,Towers with Radar,2,35,21,51,109,0,5,37,12,54,2,40,58,63,163,54,24,78,241
03/15/2022,LNK,NE,ACE,CE,Towers with Radar,0,36,45,43,124,0,2,69,4,75,0,38,114,47,199,40,38,78,277
03/16/2022,LNK,NE,ACE,CE,Towers with Radar,4,39,30,46,119,0,8,56,3,67,4,47,86,49,186,16,28,44,230
03/17/2022,LNK,NE,ACE,CE,Towers with Radar,0,41,20,58,119,0,1,20,0,21,0,42,40,58,140,46,26,72,212
03/18/2022,LNK,NE,ACE,CE,Towers with Radar,0,39,26,52,117,0,1,46,0,47,0,40,72,52,164,18,54,72,236
03/19/2022,LNK,NE,ACE,CE,Towers with Radar,2,40,27,1,70,0,2,83,0,85,2,42,110,1,155,61,0,61,216
03/20/2022,LNK,NE,ACE,CE,Towers with Radar,0,36,27,0,63,0,0,35,0,35,0,36,62,0,98,14,0,14,112
03/21/2022,LNK,NE,ACE,CE,Towers with Radar,2,40,22,38,102,0,4,22,0,26,2,44,44,38,128,24,10,34,162
03/22/2022,LNK,NE,ACE,CE,Towers with Radar,4,28,27,28,87,0,0,0,0,0,4,28,27,28,87,0,0,0,87
03/23/2022,LNK,NE,ACE,CE,Towers with Radar,1,34,29,31,95,0,6,1,1,8,1,40,30,32,103,0,22,22,125
03/24/2022,LNK,NE,ACE,CE,Towers with Radar,1,43,37,49,130,0,12,12,2,26,1,55,49,51,156,72,26,98,254
03/25/2022,LNK,NE,ACE,CE,Towers with Radar,2,24,28,2,56,0,1,36,0,37,2,25,64,2,93,4,0,4,97
03/26/2022,LNK,NE,ACE,CE,Towers with Radar,0,20,22,0,42,0,6,109,0,115,0,26,131,0,157,126,0,126,283
03/27/2022,LNK,NE,ACE,CE,Towers with Radar,0,34,30,3,67,0,1,41,0,42,0,35,71,3,109,32,0,32,141
03/28/2022,LNK,NE,ACE,CE,Towers with Radar,0,32,28,34,94,0,2,49,1,52,0,34,77,35,146,22,14,36,182
03/29/2022,LNK,NE,ACE,CE,Towers with Radar,2,43,18,38,101,0,2,14,3,19,2,45,32,41,120,8,12,20,140
03/30/2022,LNK,NE,ACE,CE,Towers with Radar,0,35,29,22,86,0,8,1,2,11,0,43,30,24,97,4,14,18,115
03/31/2022,LNK,NE,ACE,CE,Towers with Radar,0,38,39,43,120,0,19,50,1,70,0,57,89,44,190,60,20,80,270
04/01/2022,LNK,NE,ACE,CE,Towers with Radar,0,31,42,51,124,0,3,70,1,74,0,34,112,52,198,82,32,114,312
04/02/2022,LNK,NE,ACE,CE,Towers with Radar,0,19,24,20,63,0,2,76,0,78,0,21,100,20,141,66,12,78,219
04/03/2022,LNK,NE,ACE,CE,Towers with Radar,0,37,26,3,66,0,5,17,0,22,0,42,43,3,88,48,0,48,136
04/04/2022,LNK,NE,ACE,CE,Towers with Radar,0,33,41,42,116,0,2,67,3,72,0,35,108,45,188,84,34,118,306
04/05/2022,LNK,NE,ACE,CE,Towers with Radar,0,44,31,54,129,0,2,4,0,6,0,46,35,54,135,20,2,22,157
04/06/2022,LNK,NE,ACE,CE,Towers with Radar,0,33,20,14,67,0,16,3,0,19,0,49,23,14,86,0,16,16,102
04/07/2022,LNK,NE,ACE,CE,Towers with Radar,2,39,14,13,68,0,0,3,0,3,2,39,17,13,71,0,0,0,71
04/08/2022,LNK,NE,ACE,CE,Towers with Radar,0,34,33,35,102,0,7,22,4,33,0,41,55,39,135,8,26,34,169
04/09/2022,LNK,NE,ACE,CE,Towers with Radar,0,23,29,1,53,0,4,89,5,98,0,27,118,6,151,122,4,126,277
04/10/2022,LNK,NE,ACE,CE,Towers with Radar,0,35,18,9,62,0,7,38,0,45,0,42,56,9,107,4,8,12,119
04/11/2022,LNK,NE,ACE,CE,Towers with Radar,1,33,33,77,144,1,6,79,7,93,2,39,112,84,237,100,40,140,377
04/12/2022,LNK,NE,ACE,CE,Towers with Radar,0,34,20,19,73,0,2,1,0,3,0,36,21,19,76,0,6,6,82
04/13/2022,LNK,NE,ACE,CE,Towers with Radar,0,45,12,47,104,0,9,32,5,46,0,54,44,52,150,18,32,50,200
04/14/2022,LNK,NE,ACE,CE,Towers with Radar,0,39,17,10,66,0,6,10,0,16,0,45,27,10,82,16,6,22,104
04/15/2022,LNK,NE,ACE,CE,Towers with Radar,0,48,27,45,120,0,11,53,5,69,0,59,80,50,189,40,22,62,251
04/16/2022,LNK,NE,ACE,CE,Towers with Radar,0,21,21,4,46,0,4,64,0,68,0,25,85,4,114,128,4,132,246
04/17/2022,LNK,NE,ACE,CE,Towers with Radar,0,33,6,1,40,0,4,11,0,15,0,37,17,1,55,0,0,0,55
04/18/2022,LNK,NE,ACE,CE,Towers with Radar,0,43,36,39,118,0,6,36,3,45,0,49,72,42,163,44,26,70,233
04/19/2022,LNK,NE,ACE,CE,Towers with Radar,0,35,34,46,115,0,14,31,1,46,0,49,65,47,161,48,26,74,235
04/20/2022,LNK,NE,ACE,CE,Towers with Radar,0,42,34,33,109,0,10,8,1,19,0,52,42,34,128,64,2,66,194
04/21/2022,LNK,NE,ACE,CE,Towers with Radar,0,44,30,36,110,0,16,22,5,43,0,60,52,41,153,110,36,146,299
04/22/2022,LNK,NE,ACE,CE,Towers with Radar,0,43,20,8,71,0,4,7,4,15,0,47,27,12,86,0,2,2,88
04/23/2022,LNK,NE,ACE,CE,Towers with Radar,0,17,17,0,34,0,0,1,1,2,0,17,18,1,36,0,0,0,36
04/24/2022,LNK,NE,ACE,CE,Towers with Radar,0,37,20,17,74,0,2,9,0,11,0,39,29,17,85,0,2,2,87
04/25/2022,LNK,NE,ACE,CE,Towers with Radar,0,37,30,28,95,0,13,34,1,48,0,50,64,29,143,52,22,74,217
04/26/2022,LNK,NE,ACE,CE,Towers with Radar,0,30,33,43,106,0,10,64,8,82,0,40,97,51,188,34,40,74,262
04/27/2022,LNK,NE,ACE,CE,Towers with Radar,0,36,28,25,89,0,12,37,2,51,0,48,65,27,140,34,8,42,182
04/28/2022,LNK,NE,ACE,CE,Towers with Radar,0,50,38,31,119,0,10,40,3,53,0,60,78,34,172,32,4,36,208
04/29/2022,LNK,NE,ACE,CE,Towers with Radar,2,20,36,14,72,0,1,1,1,3,2,21,37,15,75,70,2,72,147
04/30/2022,LNK,NE,ACE,CE,Towers with Radar,0,24,6,0,30,0,0,0,0,0,0,24,6,0,30,0,0,0,30
05/01/2022,LNK,NE,ACE,CE,Towers with Radar,0,37,17,18,72,0,0,39,0,39,0,37,56,18,111,24,6,30,141
05/02/2022,LNK,NE,ACE,CE,Towers with Radar,0,36,16,7,59,0,0,1,0,1,0,36,17,7,60,18,0,18,78
05/03/2022,LNK,NE,ACE,CE,Towers with Radar,0,37,32,67,136,0,2,34,4,40,0,39,66,71,176,136,28,164,340
05/04/2022,LNK,NE,ACE,CE,Towers with Radar,0,31,45,43,119,0,1,5,0,6,0,32,50,43,125,24,0,24,149
05/05/2022,LNK,NE,ACE,CE,Towers with Radar,1,36,24,15,76,0,0,0,0,0,1,36,24,15,76,0,0,0,76
05/06/2022,LNK,NE,ACE,CE,Towers with Radar,3,35,58,41,137,0,3,21,0,24,3,38,79,41,161,104,0,104,265
05/07/2022,LNK,NE,ACE,CE,Towers with Radar,2,32,24,0,58,0,11,42,2,55,2,43,66,2,113,26,0,26,139
05/08/2022,LNK,NE,ACE,CE,Towers with Radar,2,35,13,4,54,0,0,9,0,9,2,35,22,4,63,0,0,0,63
05/09/2022,LNK,NE,ACE,CE,Towers with Radar,2,41,30,31,104,0,0,25,0,25,2,41,55,31,129,16,40,56,185
05/10/2022,LNK,NE,ACE,CE,Towers with Radar,2,28,47,52,129,0,3,56,0,59,2,31,103,52,188,138,10,148,336
05/11/2022,LNK,NE,ACE,CE,Towers with Radar,2,31,22,48,103,0,7,25,2,34,2,38,47,50,137,44,38,82,219
05/12/2022,LNK,NE,ACE,CE,Towers with Radar,2,27,32,20,81,0,13,20,3,36,2,40,52,23,117,26,0,26,143
05/13/2022,LNK,NE,ACE,CE,Towers with Radar,2,29,31,31,93,0,2,67,1,70,2,31,98,32,163,126,46,172,335
05/14/2022,LNK,NE,ACE,CE,Towers with Radar,2,30,11,4,47,0,0,64,0,64,2,30,75,4,111,96,0,96,207
05/15/2022,LNK,NE,ACE,CE,Towers with Radar,2,34,23,3,62,0,0,22,0,22,2,34,45,3,84,47,0,47,131
05/16/2022,LNK,NE,ACE,CE,Towers with Radar,2,36,29,2,69,0,5,75,5,85,2,41,104,7,154,74,0,74,228
05/17/2022,LNK,NE,ACE,CE,Towers with Radar,2,32,26,22,82,0,0,24,1,25,2,32,50,23,107,54,12,66,173
05/18/2022,LNK,NE,ACE,CE,Towers with Radar,2,30,33,48,113,0,3,68,3,74,2,33,101,51,187,166,28,194,381
05/19/2022,LNK,NE,ACE,CE,Towers with Radar,2,37,35,40,114,0,6,25,5,36,2,43,60,45,150,66,10,76,226
05/20/2022,LNK,NE,ACE,CE,Towers with Radar,2,30,23,38,93,0,5,32,0,37,2,35,55,38,130,62,24,86,216
05/21/2022,LNK,NE,ACE,CE,Towers with Radar,2,31,17,3,53,0,7,31,0,38,2,38,48,3,91,60,8,68,159
05/22/2022,LNK,NE,ACE,CE,Towers with Radar,2,30,24,0,56,0,8,51,0,59,2,38,75,0,115,62,0,62,177
05/23/2022,LNK,NE,ACE,CE,Towers with Radar,2,31,34,33,100,0,2,44,0,46,2,33,78,33,146,70,20,90,236
05/24/2022,LNK,NE,ACE,CE,Towers with Radar,2,27,26,33,88,0,2,7,0,9,2,29,33,33,97,2,6,8,105
05/25/2022,LNK,NE,ACE,CE,Towers with Radar,2,35,20,76,133,0,0,0,1,1,2,35,20,77,134,0,0,0,134
05/26/2022,LNK,NE,ACE,CE,Towers with Radar,2,25,50,51,128,0,0,15,4,19,2,25,65,55,147,120,61,181,328
05/27/2022,LNK,NE,ACE,CE,Towers with Radar,2,28,29,3,62,0,0,64,0,64,2,28,93,3,126,128,0,128,254
05/28/2022,LNK,NE,ACE,CE,Towers with Radar,2,20,16,3,41,0,4,26,0,30,2,24,42,3,71,6,0,6,77
05/29/2022,LNK,NE,ACE,CE,Towers with Radar,2,26,13,8,49,0,0,6,0,6,2,26,19,8,55,0,2,2,57
05/30/2022,LNK,NE,ACE,CE,Towers with Radar,2,30,13,1,46,0,3,5,0,8,2,33,18,1,54,0,0,0,54
05/31/2022,LNK,NE,ACE,CE,Towers with Radar,2,36,33,65,136,0,3,77,4,84,2,39,110,69,220,116,52,168,388
06/01/2022,LNK,NE,ACE,CE,Towers with Radar,0,28,30,65,123,0,1,45,2,48,0,29,75,67,171,108,62,170,341
06/02/2022,LNK,NE,ACE,CE,Towers with Radar,0,37,62,68,167,0,4,81,9,94,0,41,143,77,261,58,86,144,405
06/03/2022,LNK,NE,ACE,CE,Towers with Radar,3,31,46,6,86,0,9,71,3,83,3,40,117,9,169,60,10,70,239
06/04/2022,LNK,NE,ACE,CE,Towers with Radar,4,24,13,8,49,0,1,20,6,27,4,25,33,14,76,32,46,78,154
06/05/2022,LNK,NE,ACE,CE,Towers with Radar,2,31,23,9,65,0,3,27,0,30,2,34,50,9,95,18,4,22,117
06/06/2022,LNK,NE,ACE,CE,Towers with Radar,3,36,30,22,91,0,5,16,3,24,3,41,46,25,115,48,12,60,175
06/07/2022,LNK,NE,ACE,CE,Towers with Radar,5,30,44,11,90,0,3,32,1,36,5,33,76,12,126,88,8,96,222
06/08/2022,LNK,NE,ACE,CE,Towers with Radar,4,29,58,75,166,0,10,85,3,98,4,39,143,78,264,58,34,92,356
06/09/2022,LNK,NE,ACE,CE,Towers with Radar,4,35,33,21,93,0,1,49,3,53,4,36,82,24,146,26,50,76,222
06/10/2022,LNK,NE,ACE,CE,Towers with Radar,6,25,54,44,129,0,0,42,6,48,6,25,96,50,177,36,20,56,233
06/11/2022,LNK,NE,ACE,CE,Towers with Radar,4,26,20,8,58,0,3,41,0,44,4,29,61,8,102,54,0,54,156
06/12/2022,LNK,NE,ACE,CE,Towers with Radar,2,34,29,7,72,0,3,23,0,26,2,37,52,7,98,6,0,6,104
06/13/2022,LNK,NE,ACE,CE,Towers with Radar,4,35,28,5,72,0,1,19,0,20,4,36,47,5,92,4,2,6,98
06/14/2022,LNK,NE,ACE,CE,Towers with Radar,3,32,22,8,65,0,0,11,0,11,3,32,33,8,76,26,0,26,102
06/15/2022,LNK,NE,ACE,CE,Towers with Radar,5,32,39,20,96,0,6,45,1,52,5,38,84,21,148,60,4,64,212
06/16/2022,LNK,NE,ACE,CE,Towers with Radar,4,31,34,11,80,0,4,64,1,69,4,35,98,12,149,58,32,90,239
06/17/2022,LNK,NE,ACE,CE,Towers with Radar,4,30,32,34,100,0,4,51,5,60,4,34,83,39,160,40,46,86,246
06/18/2022,LNK,NE,ACE,CE,Towers with Radar,4,28,25,2,59,0,2,40,0,42,4,30,65,2,101,40,0,40,141
06/19/2022,LNK,NE,ACE,CE,Towers with Radar,2,23,25,9,59,0,4,26,0,30,2,27,51,9,89,0,10,10,99
06/20/2022,LNK,NE,ACE,CE,Towers with Radar,6,36,30,2,74,0,2,29,0,31,6,38,59,2,105,4,0,4,109
06/21/2022,LNK,NE,ACE,CE,Towers with Radar,4,41,37,5,87,0,2,91,2,95,4,43,128,7,182,82,0,82,264
06/22/2022,LNK,NE,ACE,CE,Towers with Radar,4,19,46,51,120,0,4,72,0,76,4,23,118,51,196,86,14,100,296
06/23/2022,LNK,NE,ACE,CE,Towers with Radar,4,26,45,23,98,0,2,58,0,60,4,28,103,23,158,58,14,72,230
06/24/2022,LNK,NE,ACE,CE,Towers with Radar,2,37,43,2,84,0,2,39,0,41,2,39,82,2,125,40,0,40,165
06/25/2022,LNK,NE,ACE,CE,Towers with Radar,0,23,23,11,57,0,1,17,1,19,0,24,40,12,76,56,6,62,138
06/26/2022,LNK,NE,ACE,CE,Towers with Radar,0,34,27,21,82,0,4,60,0,64,0,38,87,21,146,24,2,26,172
06/27/2022,LNK,NE,ACE,CE,Towers with Radar,0,45,35,16,96,0,2,72,2,76,0,47,107,18,172,54,0,54,226
06/28/2022,LNK,NE,ACE,CE,Towers with Radar,0,31,42,53,126,0,1,66,2,69,0,32,108,55,195,62,36,98,293
06/29/2022,LNK,NE,ACE,CE,Towers with Radar,0,43,30,55,128,0,15,50,1,66,0,58,80,56,194,98,50,148,342
06/30/2022,LNK,NE,ACE,CE,Towers with Radar,0,45,39,41,125,0,12,61,3,76,0,57,100,44,201,66,58,124,325
07/01/2022,LNK,NE,ACE,CE,Towers with Radar,0,43,30,1,74,0,1,55,0,56,0,44,85,1,130,100,0,100,230
07/02/2022,LNK,NE,ACE,CE,Towers with Radar,0,26,29,2,57,0,2,29,1,32,0,28,58,3,89,28,0,28,117
07/03/2022,LNK,NE,ACE,CE,Towers with Radar,0,25,18,0,43,0,0,7,0,7,0,25,25,0,50,22,0,22,72
07/04/2022,LNK,NE,ACE,CE,Towers with Radar,0,25,7,0,32,0,0,12,0,12,0,25,19,0,44,0,0,0,44
07/05/2022,LNK,NE,ACE,CE,Towers with Radar,0,37,32,24,93,0,3,37,0,40,0,40,69,24,133,70,34,104,237
07/06/2022,LNK,NE,ACE,CE,Towers with Radar,0,34,27,61,122,0,3,50,0,53,0,37,77,61,175,74,46,120,295
07/07/2022,LNK,NE,ACE,CE,Towers with Radar,0,30,45,26,101,0,0,15,0,15,0,30,60,26,116,108,14,122,238
07/08/2022,LNK,NE,ACE,CE,Towers with Radar,0,38,47,41,126,0,5,23,0,28,0,43,70,41,154,56,52,108,262
07/09/2022,LNK,NE,ACE,CE,Towers with Radar,0,27,20,12,59,0,3,63,1,67,0,30,83,13,126,76,2,78,204
07/10/2022,LNK,NE,ACE,CE,Towers with Radar,0,37,21,16,74,0,6,21,1,28,0,43,42,17,102,6,0,6,108
07/11/2022,LNK,NE,ACE,CE,Towers with Radar,0,39,43,32,114,0,8,47,0,55,0,47,90,32,169,62,24,86,255
07/12/2022,LNK,NE,ACE,CE,Towers with Radar,0,33,31,39,103,0,6,72,3,81,0,39,103,42,184,184,16,200,384
07/13/2022,LNK,NE,ACE,CE,Towers with Radar,0,35,42,40,117,0,10,64,7,81,0,45,106,47,198,114,36,150,348
07/14/2022,LNK,NE,ACE,CE,Towers with Radar,2,29,46,65,142,0,13,46,3,62,2,42,92,68,204,16,30,46,250
07/15/2022,LNK,NE,ACE,CE,Towers with Radar,0,34,34,40,108,0,4,51,4,59,0,38,85,44,167,62,38,100,267
07/16/2022,LNK,NE,ACE,CE,Towers with Radar,0,20,31,2,53,0,1,10,2,13,0,21,41,4,66,72,0,72,138
07/17/2022,LNK,NE,ACE,CE,Towers with Radar,2,31,37,1,71,0,2,28,1,31,2,33,65,2,102,0,0,0,102
07/18/2022,LNK,NE,ACE,CE,Towers with Radar,0,37,28,86,151,0,6,71,1,78,0,43,99,87,229,134,56,190,419
07/19/2022,LNK,NE,ACE,CE,Towers with Radar,0,32,32,51,115,0,5,41,3,49,0,37,73,54,164,88,44,132,296
07/20/2022,LNK,NE,ACE,CE,Towers with Radar,0,46,44,78,168,0,6,67,2,75,0,52,111,80,243,74,66,140,383
07/21/2022,LNK,NE,ACE,CE,Towers with Radar,0,37,43,30,110,0,10,41,4,55,0,47,84,34,165,122,20,142,307
07/22/2022,LNK,NE,ACE,CE,Towers with Radar,2,29,31,40,102,0,3,41,2,46,2,32,72,42,148,48,6,54,202
07/23/2022,LNK,NE,ACE,CE,Towers with Radar,0,30,17,0,47,0,1,32,0,33,0,31,49,0,80,8,0,8,88
07/24/2022,LNK,NE,ACE,CE,Towers with Radar,2,37,22,3,64,0,1,49,0,50,2,38,71,3,114,4,6,10,124
07/25/2022,LNK,NE,ACE,CE,Towers with Radar,2,41,26,11,80,0,0,18,0,18,2,41,44,11,98,120,6,126,224
07/26/2022,LNK,NE,ACE,CE,Towers with Radar,2,31,38,65,136,0,0,46,1,47,2,31,84,66,183,148,45,193,376
07/27/2022,LNK,NE,ACE,CE,Towers with Radar,0,37,39,60,136,0,5,46,0,51,0,42,85,60,187,86,26,112,299
07/28/2022,LNK,NE,ACE,CE,Towers with Radar,0,28,23,39,90,0,7,68,2,77,0,35,91,41,167,234,76,310,477
07/29/2022,LNK,NE,ACE,CE,Towers with Radar,2,36,43,65,146,0,0,56,1,57,2,36,99,66,203,56,20,76,279
07/30/2022,LNK,NE,ACE,CE,Towers with Radar,3,28,26,2,59,0,4,59,0,63,3,32,85,2,122,22,0,22,144
07/31/2022,LNK,NE,ACE,CE,Towers with Radar,1,37,28,1,67,0,4,29,1,34,1,41,57,2,101,4,0,4,105
08/01/2022,LNK,NE,ACE,CE,Towers with Radar,0,42,31,19,92,0,1,51,2,54,0,43,82,21,146,56,6,62,208
08/02/2022,LNK,NE,ACE,CE,Towers with Radar,2,29,27,12,70,0,2,66,0,68,2,31,93,12,138,10,2,12,150
08/03/2022,LNK,NE,ACE,CE,Towers with Radar,0,31,30,54,115,0,1,41,1,43,0,32,71,55,158,112,36,148,306
08/04/2022,LNK,NE,ACE,CE,Towers with Radar,2,42,26,49,119,0,0,66,4,70,2,42,92,53,189,124,30,154,343
08/05/2022,LNK,NE,ACE,CE,Towers with Radar,0,27,35,31,93,0,4,49,1,54,0,31,84,32,147,90,38,128,275
08/06/2022,LNK,NE,ACE,CE,Towers with Radar,2,19,27,2,50,0,5,43,1,49,2,24,70,3,99,50,8,58,157
08/07/2022,LNK,NE,ACE,CE,Towers with Radar,0,28,46,0,74,0,1,31,0,32,0,29,77,0,106,0,0,0,106
08/08/2022,LNK,NE,ACE,CE,Towers with Radar,1,30,38,20,89,0,1,54,0,55,1,31,92,20,144,94,24,118,262
08/09/2022,LNK,NE,ACE,CE,Towers with Radar,3,28,34,72,137,0,2,82,3,87,3,30,116,75,224,136,66,202,426
08/10/2022,LNK,NE,ACE,CE,Towers with Radar,2,24,28,29,83,0,10,58,6,74,2,34,86,35,157,160,36,196,353
08/11/2022,LNK,NE,ACE,CE,Towers with Radar,6,46,35,53,140,0,14,49,5,68,6,60,84,58,208,108,64,172,380
08/12/2022,LNK,NE,ACE,CE,Towers with Radar,0,36,35,17,88,0,5,51,2,58,0,41,86,19,146,66,24,90,236
08/13/2022,LNK,NE,ACE,CE,Towers with Radar,2,32,15,5,54,0,8,42,6,56,2,40,57,11,110,104,0,104,214
08/14/2022,LNK,NE,ACE,CE,Towers with Radar,0,41,17,8,66,0,10,27,0,37,0,51,44,8,103,22,0,22,125
08/15/2022,LNK,NE,ACE,CE,Towers with Radar,0,36,39,29,104,0,0,17,0,17,0,36,56,29,121,14,2,16,137
08/16/2022,LNK,NE,ACE,CE,Towers with Radar,0,36,47,26,109,0,1,11,1,13,0,37,58,27,122,62,8,70,192
08/17/2022,LNK,NE,ACE,CE,Towers with Radar,0,31,39,52,122,0,7,66,7,80,0,38,105,59,202,160,32,192,394
08/18/2022,LNK,NE,ACE,CE,Towers with Radar,0,36,49,30,115,0,14,73,4,91,0,50,122,34,206,122,36,158,364
08/19/2022,LNK,NE,ACE,CE,Towers with Radar,2,40,38,39,119,0,13,49,1,63,2,53,87,40,182,52,34,86,268
08/20/2022,LNK,NE,ACE,CE,Towers with Radar,2,20,16,4,42,0,5,30,0,35,2,25,46,4,77,160,0,160,237
08/21/2022,LNK,NE,ACE,CE,Towers with Radar,4,31,30,2,67,0,0,45,1,46,4,31,75,3,113,20,0,20,133
08/22/2022,LNK,NE,ACE,CE,Towers with Radar,1,32,47,49,129,0,1,63,0,64,1,33,110,49,193,116,10,126,319
08/23/2022,LNK,NE,ACE,CE,Towers with Radar,1,30,37,43,111,0,2,61,1,64,1,32,98,44,175,79,40,119,294
08/24/2022,LNK,NE,ACE,CE,Towers with Radar,0,40,25,45,110,0,10,41,7,58,0,50,66,52,168,62,52,114,282
08/25/2022,LNK,NE,ACE,CE,Towers with Radar,0,26,28,38,92,0,11,58,0,69,0,37,86,38,161,102,34,136,297
08/26/2022,LNK,NE,ACE,CE,Towers with Radar,0,37,50,18,105,0,6,47,0,53,0,43,97,18,158,68,22,90,248
08/27/2022,LNK,NE,ACE,CE,Towers with Radar,2,26,18,1,47,0,0,17,1,18,2,26,35,2,65,46,0,46,111
08/28/2022,LNK,NE,ACE,CE,Towers with Radar,0,33,27,2,62,0,5,28,0,33,0,38,55,2,95,8,0,8,103
08/29/2022,LNK,NE,ACE,CE,Towers with Radar,2,36,21,26,85,0,2,40,0,42,2,38,61,26,127,146,20,166,293
08/30/2022,LNK,NE,ACE,CE,Towers with Radar,0,26,46,32,104,0,8,67,1,76,0,34,113,33,180,152,40,192,372
08/31/2022,LNK,NE,ACE,CE,Towers with Radar,0,27,29,37,93,0,9,55,4,68,0,36,84,41,161,70,42,112,273
09/01/2022,LNK,NE,ACE,CE,Towers with Radar,0,43,39,59,141,0,3,58,6,67,0,46,97,65,208,178,42,220,428
09/02/2022,LNK,NE,ACE,CE,Towers with Radar,3,31,46,2,82,0,4,49,0,53,3,35,95,2,135,76,0,76,211
09/03/2022,LNK,NE,ACE,CE,Towers with Radar,1,26,45,2,74,0,5,63,2,70,1,31,108,4,144,40,6,46,190
09/04/2022,LNK,NE,ACE,CE,Towers with Radar,0,26,30,0,56,0,3,36,0,39,0,29,66,0,95,34,0,34,129
09/05/2022,LNK,NE,ACE,CE,Towers with Radar,0,38,33,0,71,0,3,33,0,36,0,41,66,0,107,40,0,40,147
09/06/2022,LNK,NE,ACE,CE,Towers with Radar,3,47,36,26,112,0,11,51,5,67,3,58,87,31,179,136,30,166,345
09/07/2022,LNK,NE,ACE,CE,Towers with Radar,6,33,43,29,111,0,7,82,9,98,6,40,125,38,209,158,28,186,395
09/08/2022,LNK,NE,ACE,CE,Towers with Radar,4,34,50,34,122,0,11,48,4,63,4,45,98,38,185,66,28,94,279
09/09/2022,LNK,NE,ACE,CE,Towers with Radar,7,36,28,30,101,0,0,59,3,62,7,36,87,33,163,34,26,60,223
09/10/2022,LNK,NE,ACE,CE,Towers with Radar,6,25,17,5,53,0,2,13,2,17,6,27,30,7,70,42,4,46,116
09/11/2022,LNK,NE,ACE,CE,Towers with Radar,5,30,32,11,78,0,3,46,9,58,5,33,78,20,136,34,0,34,170
09/12/2022,LNK,NE,ACE,CE,Towers with Radar,4,36,34,17,91,0,4,53,1,58,4,40,87,18,149,102,24,126,275
09/13/2022,LNK,NE,ACE,CE,Towers with Radar,6,38,29,49,122,0,2,64,3,69,6,40,93,52,191,108,42,150,341
09/14/2022,LNK,NE,ACE,CE,Towers with Radar,6,37,36,27,106,0,7,69,2,78,6,44,105,29,184,130,78,208,392
09/15/2022,LNK,NE,ACE,CE,Towers with Radar,7,37,42,41,127,0,1,54,6,61,7,38,96,47,188,38,46,84,272
09/16/2022,LNK,NE,ACE,CE,Towers with Radar,12,46,60,45,163,0,2,73,4,79,12,48,133,49,242,76,26,102,344
09/17/2022,LNK,NE,ACE,CE,Towers with Radar,9,68,96,1,174,0,3,60,2,65,9,71,156,3,239,52,6,58,297
09/18/2022,LNK,NE,ACE,CE,Towers with Radar,8,36,46,0,90,0,2,51,0,53,8,38,97,0,143,14,0,14,157
09/19/2022,LNK,NE,ACE,CE,Towers with Radar,6,40,40,48,134,0,2,56,0,58,6,42,96,48,192,108,60,168,360
09/20/2022,LNK,NE,ACE,CE,Towers with Radar,10,29,35,35,109,0,5,53,3,61,10,34,88,38,170,50,42,92,262
09/21/2022,LNK,NE,ACE,CE,Towers with Radar,8,35,34,25,102,0,5,37,4,46,8,40,71,29,148,88,8,96,244
09/22/2022,LNK,NE,ACE,CE,Towers with Radar,6,39,48,80,173,0,8,85,7,100,6,47,133,87,273,124,100,224,497
09/23/2022,LNK,NE,ACE,CE,Towers with Radar,8,45,37,33,123,0,4,27,2,33,8,49,64,35,156,44,18,62,218
09/24/2022,LNK,NE,ACE,CE,Towers with Radar,4,28,15,4,51,0,4,67,4,75,4,32,82,8,126,62,6,68,194
09/25/2022,LNK,NE,ACE,CE,Towers with Radar,9,28,25,2,64,0,0,28,0,28,9,28,53,2,92,12,0,12,104
09/26/2022,LNK,NE,ACE,CE,Towers with Radar,9,36,28,9,82,0,3,51,0,54,9,39,79,9,136,112,2,114,250
09/27/2022,LNK,NE,ACE,CE,Towers with Radar,8,36,39,25,108,0,11,79,1,91,8,47,118,26,199,174,10,184,383
09/28/2022,LNK,NE,ACE,CE,Towers with Radar,6,35,37,16,94,0,13,58,2,73,6,48,95,18,167,126,12,138,305
09/29/2022,LNK,NE,ACE,CE,Towers with Radar,3,32,38,5,78,0,10,64,0,74,3,42,102,5,152,114,34,148,300
09/30/2022,LNK,NE,ACE,CE,Towers with Radar,2,31,30,24,87,0,6,45,0,51,2,37,75,24,138,28,0,28,166
10/01/2022,LNK,NE,ACE,CE,Towers with Radar,1,25,24,1,51,0,3,72,1,76,1,28,96,2,127,80,0,80,207
10/02/2022,LNK,NE,ACE,CE,Towers with Radar,0,46,33,2,81,0,0,24,0,24,0,46,57,2,105,0,0,0,105
10/03/2022,LNK,NE,ACE,CE,Towers with Radar,0,44,28,15,87,0,3,55,1,59,0,47,83,16,146,60,14,74,220
10/04/2022,LNK,NE,ACE,CE,Towers with Radar,2,36,36,19,93,0,0,62,2,64,2,36,98,21,157,116,20,136,293
10/05/2022,LNK,NE,ACE,CE,Towers with Radar,2,44,35,29,110,0,0,37,3,40,2,44,72,32,150,140,8,148,298
10/06/2022,LNK,NE,ACE,CE,Towers with Radar,2,43,27,13,85,0,3,72,0,75,2,46,99,13,160,106,14,120,280
10/07/2022,LNK,NE,ACE,CE,Towers with Radar,0,41,26,6,73,0,2,64,1,67,0,43,90,7,140,64,10,74,214
10/08/2022,LNK,NE,ACE,CE,Towers with Radar,0,22,16,0,38,0,3,51,2,56,0,25,67,2,94,54,0,54,148
10/09/2022,LNK,NE,ACE,CE,Towers with Radar,0,38,25,1,64,0,2,32,1,35,0,40,57,2,99,4,0,4,103
10/10/2022,LNK,NE,ACE,CE,Towers with Radar,0,45,25,1,71,0,3,60,0,63,0,48,85,1,134,146,0,146,280
10/11/2022,LNK,NE,ACE,CE,Towers with Radar,0,38,23,23,84,0,2,32,0,34,0,40,55,23,118,40,4,44,162
10/12/2022,LNK,NE,ACE,CE,Towers with Radar,0,47,24,23,94,0,7,26,2,35,0,54,50,25,129,50,8,58,187
10/13/2022,LNK,NE,ACE,CE,Towers with Radar,2,43,40,15,100,0,4,10,5,19,2,47,50,20,119,4,6,10,129
10/14/2022,LNK,NE,ACE,CE,Towers with Radar,4,35,25,7,71,0,5,34,2,41,4,40,59,9,112,48,4,52,164
10/15/2022,LNK,NE,ACE,CE,Towers with Radar,0,27,25,6,58,0,4,61,1,66,0,31,86,7,124,92,4,96,220
10/16/2022,LNK,NE,ACE,CE,Towers with Radar,4,24,22,3,53,0,5,29,1,35,4,29,51,4,88,10,0,10,98
10/17/2022,LNK,NE,ACE,CE,Towers with Radar,0,30,31,13,74,0,4,51,0,55,0,34,82,13,129,96,16,112,241
10/18/2022,LNK,NE,ACE,CE,Towers with Radar,2,32,32,37,103,0,0,60,2,62,2,32,92,39,165,136,26,162,327
10/19/2022,LNK,NE,ACE,CE,Towers with Radar,2,34,29,19,84,0,11,85,0,96,2,45,114,19,180,132,4,136,316
10/20/2022,LNK,NE,ACE,CE,Towers with Radar,0,34,38,24,96,0,0,84,0,84,0,34,122,24,180,90,12,102,282
10/21/2022,LNK,NE,ACE,CE,Towers with Radar,0,29,35,29,93,0,7,90,1,98,0,36,125,30,191,120,48,168,359
10/22/2022,LNK,NE,ACE,CE,Towers with Radar,0,25,29,1,55,0,2,62,1,65,0,27,91,2,120,104,0,104,224
10/23/2022,LNK,NE,ACE,CE,Towers with Radar,0,37,16,0,53,0,8,10,0,18,0,45,26,0,71,0,0,0,71
10/24/2022,LNK,NE,ACE,CE,Towers with Radar,0,36,22,15,73,0,1,35,1,37,0,37,57,16,110,106,32,138,248
10/25/2022,LNK,NE,ACE,CE,Towers with Radar,0,39,38,37,114,0,5,80,1,86,0,44,118,38,200,104,34,138,338
10/26/2022,LNK,NE,ACE,CE,Towers with Radar,0,31,29,21,81,0,11,76,6,93,0,42,105,27,174,108,10,118,292
10/27/2022,LNK,NE,ACE,CE,Towers with Radar,0,33,35,27,95,0,8,38,4,50,0,41,73,31,145,28,14,42,187
10/28/2022,LNK,NE,ACE,CE,Towers with Radar,2,46,47,25,120,0,6,78,4,88,2,52,125,29,208,90,16,106,314
10/29/2022,LNK,NE,ACE,CE,Towers with Radar,3,26,34,0,63,0,0,65,3,68,3,26,99,3,131,48,0,48,179
10/30/2022,LNK,NE,ACE,CE,Towers with Radar,3,40,20,7,70,0,0,34,1,35,3,40,54,8,105,28,0,28,133
10/31/2022,LNK,NE,ACE,CE,Towers with Radar,2,38,27,20,87,0,9,86,0,95,2,47,113,20,182,82,18,100,282
11/01/2022,LNK,NE,ACE,CE,Towers with Radar,2,33,30,46,111,0,5,66,3,74,2,38,96,49,185,92,40,132,317
11/02/2022,LNK,NE,ACE,CE,Towers with Radar,2,32,25,20,79,0,9,10,1,20,2,41,35,21,99,18,16,34,133
11/03/2022,LNK,NE,ACE,CE,Towers with Radar,2,42,27,23,94,0,6,17,3,26,2,48,44,26,120,36,35,71,191
11/04/2022,LNK,NE,ACE,CE,Towers with Radar,4,42,32,10,88,0,0,20,0,20,4,42,52,10,108,36,6,42,150
11/05/2022,LNK,NE,ACE,CE,Towers with Radar,3,28,23,0,54,0,3,71,1,75,3,31,94,1,129,62,0,62,191
11/06/2022,LNK,NE,ACE,CE,Towers with Radar,2,44,37,2,85,0,0,50,0,50,2,44,87,2,135,4,0,4,139
11/07/2022,LNK,NE,ACE,CE,Towers with Radar,2,37,34,5,78,0,0,64,0,64,2,37,98,5,142,64,0,64,206
11/08/2022,LNK,NE,ACE,CE,Towers with Radar,2,31,29,54,116,0,0,8,0,8,2,31,37,54,124,30,8,38,162
11/09/2022,LNK,NE,ACE,CE,Towers with Radar,3,31,39,31,104,0,8,5,2,15,3,39,44,33,119,4,16,20,139
11/10/2022,LNK,NE,ACE,CE,Towers with Radar,2,40,34,15,91,0,3,35,1,39,2,43,69,16,130,84,2,86,216
11/11/2022,LNK,NE,ACE,CE,Towers with Radar,6,34,30,0,70,0,3,52,0,55,6,37,82,0,125,64,0,64,189
11/12/2022,LNK,NE,ACE,CE,Towers with Radar,2,24,17,1,44,0,1,26,0,27,2,25,43,1,71,6,2,8,79
11/13/2022,LNK,NE,ACE,CE,Towers with Radar,4,33,28,1,66,0,2,41,0,43,4,35,69,1,109,30,0,30,139
11/14/2022,LNK,NE,ACE,CE,Towers with Radar,1,39,30,0,70,0,0,12,0,12,1,39,42,0,82,30,0,30,112
11/15/2022,LNK,NE,ACE,CE,Towers with Radar,2,32,21,6,61,0,1,24,3,28,2,33,45,9,89,140,2,142,231
11/16/2022,LNK,NE,ACE,CE,Towers with Radar,3,39,42,24,108,0,6,66,2,74,3,45,108,26,182,73,36,109,291
11/17/2022,LNK,NE,ACE,CE,Towers with Radar,2,45,45,17,109,0,8,18,3,29,2,53,63,20,138,30,4,34,172
11/18/2022,LNK,NE,ACE,CE,Towers with Radar,6,26,36,5,73,0,2,60,6,68,6,28,96,11,141,50,0,50,191
11/19/2022,LNK,NE,ACE,CE,Towers with Radar,3,35,31,1,70,0,0,38,2,40,3,35,69,3,110,54,0,54,164
11/20/2022,LNK,NE,ACE,CE,Towers with Radar,2,29,33,2,66,0,0,29,0,29,2,29,62,2,95,2,0,2,97
11/21/2022,LNK,NE,ACE,CE,Towers with Radar,2,39,22,5,68,0,0,78,2,80,2,39,100,7,148,130,0,130,278
11/22/2022,LNK,NE,ACE,CE,Towers with Radar,6,41,35,39,121,0,0,77,3,80,6,41,112,42,201,104,36,140,341
11/23/2022,LNK,NE,ACE,CE,Towers with Radar,2,34,23,36,95,0,1,77,1,79,2,35,100,37,174,80,66,146,320
11/24/2022,LNK,NE,ACE,CE,Towers with Radar,5,11,6,0,22,0,0,8,0,8,5,11,14,0,30,2,0,2,32
11/25/2022,LNK,NE,ACE,CE,Towers with Radar,5,23,16,0,44,0,0,52,0,52,5,23,68,0,96,24,0,24,120
11/26/2022,LNK,NE,ACE,CE,Towers with Radar,2,27,25,0,54,0,1,52,0,53,2,28,77,0,107,60,0,60,167
11/27/2022,LNK,NE,ACE,CE,Towers with Radar,2,40,37,0,79,0,0,20,1,21,2,40,57,1,100,16,0,16,116
11/28/2022,LNK,NE,ACE,CE,Towers with Radar,2,27,25,9,63,0,1,48,0,49,2,28,73,9,112,52,16,68,180
11/29/2022,LNK,NE,ACE,CE,Towers with Radar,4,29,12,2,47,0,0,0,0,0,4,29,12,2,47,20,8,28,75
11/30/2022,LNK,NE,ACE,CE,Towers with Radar,3,37,18,43,101,0,8,60,2,70,3,45,78,45,171,82,14,96,267
12/01/2022,LNK,NE,ACE,CE,Towers with Radar,6,40,31,32,109,0,8,10,4,22,6,48,41,36,131,0,42,42,173
12/02/2022,LNK,NE,ACE,CE,Towers with Radar,6,21,19,19,65,0,5,35,3,43,6,26,54,22,108,52,2,54,162
12/03/2022,LNK,NE,ACE,CE,Towers with Radar,6,25,14,9,54,0,0,72,1,73,6,25,86,10,127,54,8,62,189
12/04/2022,LNK,NE,ACE,CE,Towers with Radar,6,35,35,0,76,0,0,52,0,52,6,35,87,0,128,70,0,70,198
12/05/2022,LNK,NE,ACE,CE,Towers with Radar,6,33,32,28,99,0,2,59,0,61,6,35,91,28,160,60,12,72,232
12/06/2022,LNK,NE,ACE,CE,Towers with Radar,8,30,38,26,102,0,5,77,0,82,8,35,115,26,184,130,12,142,326
12/07/2022,LNK,NE,ACE,CE,Towers with Radar,6,37,41,45,129,0,10,60,3,73,6,47,101,48,202,74,32,106,308
12/08/2022,LNK,NE,ACE,CE,Towers with Radar,7,18,6,0,31,0,0,0,0,0,7,18,6,0,31,6,0,6,37
12/09/2022,LNK,NE,ACE,CE,Towers with Radar,7,22,41,22,92,0,1,4,6,11,7,23,45,28,103,48,0,48,151
12/10/2022,LNK,NE,ACE,CE,Towers with Radar,7,19,22,1,49,0,0,46,0,46,7,19,68,1,95,120,0,120,215
12/11/2022,LNK,NE,ACE,CE,Towers with Radar,5,21,16,1,43,0,0,38,0,38,5,21,54,1,81,24,0,24,105
12/12/2022,LNK,NE,ACE,CE,Towers with Radar,6,30,18,0,54,0,0,0,0,0,6,30,18,0,54,0,0,0,54
12/13/2022,LNK,NE,ACE,CE,Towers with Radar,8,24,27,13,72,0,0,11,0,11,8,24,38,13,83,30,4,34,117
12/14/2022,LNK,NE,ACE,CE,Towers with Radar,5,25,37,16,83,0,8,23,6,37,5,33,60,22,120,60,4,64,184
12/15/2022,LNK,NE,ACE,CE,Towers with Radar,0,30,27,3,60,0,5,7,2,14,0,35,34,5,74,6,0,6,80
12/16/2022,LNK,NE,ACE,CE,Towers with Radar,0,32,26,8,66,0,1,20,2,23,0,33,46,10,89,52,8,60,149
12/17/2022,LNK,NE,ACE,CE,Towers with Radar,2,33,34,0,69,0,0,49,2,51,2,33,83,2,120,84,0,84,204
12/18/2022,LNK,NE,ACE,CE,Towers with Radar,0,27,25,0,52,0,1,37,0,38,0,28,62,0,90,58,0,58,148
12/19/2022,LNK,NE,ACE,CE,Towers with Radar,0,30,25,3,58,0,0,0,0,0,0,30,25,3,58,4,0,4,62
12/20/2022,LNK,NE,ACE,CE,Towers with Radar,0,31,30,54,115,0,8,70,1,79,0,39,100,55,194,94,32,126,320
12/21/2022,LNK,NE,ACE,CE,Towers with Radar,0,26,14,1,41,0,0,0,0,0,0,26,14,1,41,0,0,0,41
12/22/2022,LNK,NE,ACE,CE,Towers with Radar,0,22,7,0,29,0,0,0,0,0,0,22,7,0,29,0,0,0,29
12/23/2022,LNK,NE,ACE,CE,Towers with Radar,2,28,7,1,38,0,0,5,0,5,2,28,12,1,43,0,0,0,43
12/24/2022,LNK,NE,ACE,CE,Towers with Radar,0,23,8,0,31,0,0,4,0,4,0,23,12,0,35,0,0,0,35
12/25/2022,LNK,NE,ACE,CE,Towers with Radar,0,19,1,0,20,0,2,4,0,6,0,21,5,0,26,0,0,0,26
12/26/2022,LNK,NE,ACE,CE,Towers with Radar,0,45,21,0,66,0,2,15,0,17,0,47,36,0,83,2,0,2,85
12/27/2022,LNK,NE,ACE,CE,Towers with Radar,2,40,36,1,79,0,7,39,0,46,2,47,75,1,125,32,0,32,157
12/28/2022,LNK,NE,ACE,CE,Towers with Radar,2,34,42,1,79,0,0,75,1,76,2,34,117,2,155,148,6,154,309
12/29/2022,LNK,NE,ACE,CE,Towers with Radar,0,33,21,0,54,0,0,24,1,25,0,33,45,1,79,124,0,124,203
12/30/2022,LNK,NE,ACE,CE,Towers with Radar,0,38,37,0,75,0,4,50,0,54,0,42,87,0,129,116,0,116,245
12/31/2022,LNK,NE,ACE,CE,Towers with Radar,0,35,14,0,49,0,3,40,0,43,0,38,54,0,92,64,0,64,156
01/01/2023,LNK,NE,ACE,CE,Towers with Radar,1,26,14,0,41,0,0,18,0,18,1,26,32,0,59,8,0,8,67
01/02/2023,LNK,NE,ACE,CE,Towers with Radar,1,40,15,0,56,0,0,2,0,2,1,40,17,0,58,0,0,0,58
01/03/2023,LNK,NE,ACE,CE,Towers with Radar,1,30,7,1,39,0,0,0,0,0,1,30,7,1,39,12,0,12,51
01/04/2023,LNK,NE,ACE,CE,Towers with Radar,0,32,20,18,70,0,7,21,3,31,0,39,41,21,101,84,2,86,187
01/05/2023,LNK,NE,ACE,CE,Towers with Radar,0,30,34,33,97,0,12,73,2,87,0,42,107,35,184,168,22,190,374
01/06/2023,LNK,NE,ACE,CE,Towers with Radar,1,35,32,9,77,0,4,80,3,87,1,39,112,12,164,174,10,184,348
01/07/2023,LNK,NE,ACE,CE,Towers with Radar,2,32,17,0,51,0,5,69,3,77,2,37,86,3,128,110,0,110,238
01/08/2023,LNK,NE,ACE,CE,Towers with Radar,0,32,11,1,44,0,4,43,5,52,0,36,54,6,96,42,0,42,138
01/09/2023,LNK,NE,ACE,CE,Towers with Radar,1,35,43,16,95,0,8,68,0,76,1,43,111,16,171,114,10,124,295
01/10/2023,LNK,NE,ACE,CE,Towers with Radar,2,37,47,40,126,0,7,82,0,89,2,44,129,40,215,80,26,106,321
01/11/2023,LNK,NE,ACE,CE,Towers with Radar,2,31,27,34,94,0,13,51,5,69,2,44,78,39,163,66,62,128,291
01/12/2023,LNK,NE,ACE,CE,Towers with Radar,3,36,29,43,111,0,4,4,8,16,3,40,33,51,127,12,20,32,159
01/13/2023,LNK,NE,ACE,CE,Towers with Radar,3,35,17,6,61,0,0,28,0,28,3,35,45,6,89,48,8,56,145
01/14/2023,LNK,NE,ACE,CE,Towers with Radar,1,30,11,0,42,0,1,56,0,57,1,31,67,0,99,50,0,50,149
01/15/2023,LNK,NE,ACE,CE,Towers with Radar,0,24,18,0,42,0,1,41,0,42,0,25,59,0,84,6,0,6,90
01/16/2023,LNK,NE,ACE,CE,Towers with Radar,0,35,18,0,53,0,0,2,0,2,0,35,20,0,55,30,0,30,85
01/17/2023,LNK,NE,ACE,CE,Towers with Radar,1,41,43,2,87,0,0,22,0,22,1,41,65,2,109,156,0,156,265
01/18/2023,LNK,NE,ACE,CE,Towers with Radar,2,11,4,0,17,0,0,0,0,0,2,11,4,0,17,0,0,0,17
01/19/2023,LNK,NE,ACE,CE,Towers with Radar,0,30,19,12,61,0,3,23,6,32,0,33,42,18,93,70,0,70,163
01/20/2023,LNK,NE,ACE,CE,Towers with Radar,4,38,26,19,87,0,2,32,1,35,4,40,58,20,122,76,6,82,204
01/21/2023,LNK,NE,ACE,CE,Towers with Radar,4,32,6,1,43,0,0,9,1,10,4,32,15,2,53,156,0,156,209
01/22/2023,LNK,NE,ACE,CE,Towers with Radar,2,24,20,2,48,0,0,10,0,10,2,24,30,2,58,10,0,10,68
01/23/2023,LNK,NE,ACE,CE,Towers with Radar,0,33,40,16,89,0,11,41,0,52,0,44,81,16,141,42,14,56,197
01/24/2023,LNK,NE,ACE,CE,Towers with Radar,2,47,39,27,115,0,0,5,0,5,2,47,44,27,120,88,0,88,208
01/25/2023,LNK,NE,ACE,CE,Towers with Radar,2,33,23,48,106,0,4,7,9,20,2,37,30,57,126,66,10,76,202
01/26/2023,LNK,NE,ACE,CE,Towers with Radar,0,30,45,15,90,0,4,71,4,79,0,34,116,19,169,86,14,100,269
01/27/2023,LNK,NE,ACE,CE,Towers with Radar,2,30,25,10,67,0,6,48,2,56,2,36,73,12,123,78,4,82,205
01/28/2023,LNK,NE,ACE,CE,Towers with Radar,0,19,8,0,27,0,0,0,0,0,0,19,8,0,27,0,0,0,27
01/29/2023,LNK,NE,ACE,CE,Towers with Radar,0,35,23,1,59,0,0,21,0,21,0,35,44,1,80,48,0,48,128
01/30/2023,LNK,NE,ACE,CE,Towers with Radar,0,31,33,8,72,0,1,35,0,36,0,32,68,8,108,99,0,99,207
01/31/2023,LNK,NE,ACE,CE,Towers with Radar,0,39,25,19,83,0,9,57,6,72,0,48,82,25,155,40,22,62,217
02/01/2023,LNK,NE,ACE,CE,Towers with Radar,3,31,29,46,109,0,11,54,6,71,3,42,83,52,180,78,12,90,270
02/02/2023,LNK,NE,ACE,CE,Towers with Radar,2,38,41,56,137,0,6,46,9,61,2,44,87,65,198,26,48,74,272
02/03/2023,LNK,NE,ACE,CE,Towers with Radar,1,23,32,15,71,0,2,71,1,74,1,25,103,16,145,86,14,100,245
02/04/2023,LNK,NE,ACE,CE,Towers with Radar,4,20,21,14,59,0,0,66,1,67,4,20,87,15,126,92,2,94,220
02/05/2023,LNK,NE,ACE,CE,Towers with Radar,3,37,18,9,67,0,0,46,0,46,3,37,64,9,113,52,18,70,183
02/06/2023,LNK,NE,ACE,CE,Towers with Radar,1,31,51,3,86,0,0,21,0,21,1,31,72,3,107,50,0,50,157
02/07/2023,LNK,NE,ACE,CE,Towers with Radar,1,35,36,34,106,0,1,91,3,95,1,36,127,37,201,80,4,84,285
02/08/2023,LNK,NE,ACE,CE,Towers with Radar,3,54,51,50,158,0,11,62,6,79,3,65,113,56,237,52,68,120,357
02/09/2023,LNK,NE,ACE,CE,Towers with Radar,7,31,20,42,100,0,7,5,8,20,7,38,25,50,120,0,10,10,130
02/10/2023,LNK,NE,ACE,CE,Towers with Radar,4,39,46,13,102,0,8,74,4,86,4,47,120,17,188,86,24,110,298
02/11/2023,LNK,NE,ACE,CE,Towers with Radar,6,32,17,0,55,0,1,60,3,64,6,33,77,3,119,26,0,26,145
02/12/2023,LNK,NE,ACE,CE,Towers with Radar,4,36,22,0,62,0,0,28,2,30,4,36,50,2,92,20,0,20,112
02/13/2023,LNK,NE,ACE,CE,Towers with Radar,4,39,42,5,90,0,0,70,1,71,4,39,112,6,161,26,0,26,187
02/14/2023,LNK,NE,ACE,CE,Towers with Radar,2,29,7,9,47,0,0,0,0,0,2,29,7,9,47,0,0,0,47
02/15/2023,LNK,NE,ACE,CE,Towers with Radar,4,33,17,28,82,0,2,1,2,5,4,35,18,30,87,32,14,46,133
02/16/2023,LNK,NE,ACE,CE,Towers with Radar,1,24,15,1,41,0,0,2,0,2,1,24,17,1,43,0,0,0,43
02/17/2023,LNK,NE,ACE,CE,Towers with Radar,3,26,30,3,62,0,0,45,3,48,3,26,75,6,110,46,0,46,156
02/18/2023,LNK,NE,ACE,CE,Towers with Radar,7,28,22,0,57,0,0,74,0,74,7,28,96,0,131,60,0,60,191
02/19/2023,LNK,NE,ACE,CE,Towers with Radar,5,27,15,1,48,0,0,35,1,36,5,27,50,2,84,28,0,28,112
02/20/2023,LNK,NE,ACE,CE,Towers with Radar,4,31,45,0,80,0,1,54,2,57,4,32,99,2,137,76,0,76,213
02/21/2023,LNK,NE,ACE,CE,Towers with Radar,2,38,47,15,102,0,0,60,0,60,2,38,107,15,162,74,0,74,236
02/22/2023,LNK,NE,ACE,CE,Towers with Radar,3,26,8,7,44,0,0,0,0,0,3,26,8,7,44,0,0,0,44
02/23/2023,LNK,NE,ACE,CE,Towers with Radar,3,37,32,23,95,0,8,6,3,17,3,45,38,26,112,0,20,20,132
02/24/2023,LNK,NE,ACE,CE,Towers with Radar,3,27,18,17,65,0,4,20,2,26,3,31,38,19,91,28,0,28,119
02/25/2023,LNK,NE,ACE,CE,Towers with Radar,9,30,31,0,70,0,0,67,0,67,9,30,98,0,137,42,0,42,179
02/26/2023,LNK,NE,ACE,CE,Towers with Radar,7,32,17,4,60,0,0,20,0,20,7,32,37,4,80,22,0,22,102
02/27/2023,LNK,NE,ACE,CE,Towers with Radar,5,41,22,6,74,0,4,23,3,30,5,45,45,9,104,22,4,26,130
02/28/2023,LNK,NE,ACE,CE,Towers with Radar,3,36,34,42,115,0,1,62,7,70,3,37,96,49,185,92,42,134,319
03/01/2023,LNK,NE,ACE,CE,Towers with Radar,4,32,39,34,109,0,11,76,16,103,4,43,115,50,212,30,26,56,268
03/02/2023,LNK,NE,ACE,CE,Towers with Radar,3,30,32,32,97,0,1,26,6,33,3,31,58,38,130,42,22,64,194
03/03/2023,LNK,NE,ACE,CE,Towers with Radar,3,25,30,36,94,0,2,93,6,101,3,27,123,42,195,40,40,80,275
03/04/2023,LNK,NE,ACE,CE,Towers with Radar,4,20,23,0,47,0,2,79,1,82,4,22,102,1,129,50,0,50,179
03/05/2023,LNK,NE,ACE,CE,Towers with Radar,4,28,18,2,52,0,1,21,0,22,4,29,39,2,74,6,0,6,80
03/06/2023,LNK,NE,ACE,CE,Towers with Radar,5,26,32,17,80,0,0,5,0,5,5,26,37,17,85,0,18,18,103
03/07/2023,LNK,NE,ACE,CE,Towers with Radar,5,28,39,18,90,0,0,19,4,23,5,28,58,22,113,50,6,56,169
03/08/2023,LNK,NE,ACE,CE,Towers with Radar,4,39,16,29,88,0,0,0,0,0,4,39,16,29,88,0,0,0,88
03/09/2023,LNK,NE,ACE,CE,Towers with Radar,5,29,22,11,67,0,0,0,4,4,5,29,22,15,71,0,0,0,71
03/10/2023,LNK,NE,ACE,CE,Towers with Radar,5,37,29,5,76,0,0,7,4,11,5,37,36,9,87,72,8,80,167
03/11/2023,LNK,NE,ACE,CE,Towers with Radar,2,18,8,0,28,0,1,0,0,1,2,19,8,0,29,0,0,0,29
03/12/2023,LNK,NE,ACE,CE,Towers with Radar,2,46,21,1,70,0,0,17,0,17,2,46,38,1,87,18,0,18,105
03/13/2023,LNK,NE,ACE,CE,Towers with Radar,4,38,23,20,85,0,4,30,2,36,4,42,53,22,121,70,16,86,207
03/14/2023,LNK,NE,ACE,CE,Towers with Radar,4,35,58,34,131,0,5,57,6,68,4,40,115,40,199,80,36,116,315
03/15/2023,LNK,NE,ACE,CE,Towers with Radar,4,34,25,63,126,0,7,24,11,42,4,41,49,74,168,18,36,54,222
03/16/2023,LNK,NE,ACE,CE,Towers with Radar,4,30,14,9,57,0,0,1,0,1,4,30,15,9,58,0,14,14,72
03/17/2023,LNK,NE,ACE,CE,Towers with Radar,4,32,39,14,89,0,0,38,1,39,4,32,77,15,128,44,4,48,176
03/18/2023,LNK,NE,ACE,CE,Towers with Radar,2,32,9,0,43,0,2,40,0,42,2,34,49,0,85,12,0,12,97
03/19/2023,LNK,NE,ACE,CE,Towers with Radar,2,23,33,0,58,0,2,32,2,36,2,25,65,2,94,8,0,8,102
03/20/2023,LNK,NE,ACE,CE,Towers with Radar,4,24,42,6,76,0,0,73,1,74,4,24,115,7,150,50,0,50,200
03/21/2023,LNK,NE,ACE,CE,Towers with Radar,4,22,24,36,86,0,5,30,2,37,4,27,54,38,123,102,0,102,225
03/22/2023,LNK,NE,ACE,CE,Towers with Radar,4,30,39,36,109,0,2,57,9,68,4,32,96,45,177,40,0,40,217
03/23/2023,LNK,NE,ACE,CE,Towers with Radar,4,31,44,24,103,0,3,50,9,62,4,34,94,33,165,116,6,122,287
03/24/2023,LNK,NE,ACE,CE,Towers with Radar,4,27,36,10,77,0,2,104,3,109,4,29,140,13,186,110,8,118,304
03/25/2023,LNK,NE,ACE,CE,Towers with Radar,4,34,24,0,62,0,4,63,4,71,4,38,87,4,133,38,0,38,171
03/26/2023,LNK,NE,ACE,CE,Towers with Radar,3,33,15,1,52,0,0,8,0,8,3,33,23,1,60,6,0,6,66
03/27/2023,LNK,NE,ACE,CE,Towers with Radar,5,33,45,10,93,0,3,72,3,78,5,36,117,13,171,78,12,90,261
03/28/2023,LNK,NE,ACE,CE,Towers with Radar,4,24,33,25,86,0,3,74,2,79,4,27,107,27,165,140,6,146,311
03/29/2023,LNK,NE,ACE,CE,Towers with Radar,4,21,42,21,88,0,1,48,9,58,4,22,90,30,146,43,0,43,189
03/30/2023,LNK,NE,ACE,CE,Towers with Radar,6,30,24,18,78,0,5,9,2,16,6,35,33,20,94,8,68,76,170
03/31/2023,LNK,NE,ACE,CE,Towers with Radar,4,27,30,16,77,0,1,9,2,12,4,28,39,18,89,10,0,10,99
04/01/2023,LNK,NE,ACE,CE,Towers with Radar,4,21,19,2,46,0,3,82,5,90,4,24,101,7,136,85,8,93,229
04/02/2023,LNK,NE,ACE,CE,Towers with Radar,4,31,22,12,69,0,0,52,1,53,4,31,74,13,122,10,0,10,132
04/03/2023,LNK,NE,ACE,CE,Towers with Radar,4,22,28,7,61,0,3,38,0,41,4,25,66,7,102,34,4,38,140
04/04/2023,LNK,NE,ACE,CE,Towers with Radar,4,32,41,33,110,0,7,54,7,68,4,39,95,40,178,64,108,172,350
04/05/2023,LNK,NE,ACE,CE,Towers with Radar,4,30,28,11,73,0,3,14,3,20,4,33,42,14,93,2,28,30,123
04/06/2023,LNK,NE,ACE,CE,Towers with Radar,4,27,47,18,96,0,15,72,8,95,4,42,119,26,191,34,0,34,225
04/07/2023,LNK,NE,ACE,CE,Towers with Radar,4,28,24,34,90,0,5,64,2,71,4,33,88,36,161,82,38,120,281
04/08/2023,LNK,NE,ACE,CE,Towers with Radar,4,15,20,0,39,0,3,54,0,57,4,18,74,0,96,106,0,106,202
04/09/2023,LNK,NE,ACE,CE,Towers with Radar,4,29,12,2,47,0,1,15,4,20,4,30,27,6,67,10,0,10,77
04/10/2023,LNK,NE,ACE,CE,Towers with Radar,4,35,34,2,75,0,6,94,4,104,4,41,128,6,179,56,4,60,239
04/11/2023,LNK,NE,ACE,CE,Towers with Radar,4,27,23,43,97,0,1,44,2,47,4,28,67,45,144,56,16,72,216
04/12/2023,LNK,NE,ACE,CE,Towers with Radar,4,31,35,13,83,0,4,19,4,27,4,35,54,17,110,0,18,18,128
04/13/2023,LNK,NE,ACE,CE,Towers with Radar,4,32,33,24,93,0,10,11,6,27,4,42,44,30,120,15,32,47,167
04/14/2023,LNK,NE,ACE,CE,Towers with Radar,4,22,36,10,72,0,10,42,8,60,4,32,78,18,132,98,6,104,236
04/15/2023,LNK,NE,ACE,CE,Towers with Radar,4,21,7,0,32,0,3,5,5,13,4,24,12,5,45,16,0,16,61
04/16/2023,LNK,NE,ACE,CE,Towers with Radar,4,33,16,2,55,0,0,3,4,7,4,33,19,6,62,0,0,0,62
04/17/2023,LNK,NE,ACE,CE,Towers with Radar,4,30,40,6,80,0,0,119,0,119,4,30,159,6,199,178,10,188,387
04/18/2023,LNK,NE,ACE,CE,Towers with Radar,4,28,33,12,77,0,4,54,2,60,4,32,87,14,137,58,0,58,195
04/19/2023,LNK,NE,ACE,CE,Towers with Radar,6,22,23,37,88,0,2,38,10,50,6,24,61,47,138,154,18,172,310
04/20/2023,LNK,NE,ACE,CE,Towers with Radar,4,32,30,13,79,0,6,13,3,22,4,38,43,16,101,75,0,75,176
04/21/2023,LNK,NE,ACE,CE,Towers with Radar,4,32,24,13,73,0,0,20,1,21,4,32,44,14,94,18,2,20,114
04/22/2023,LNK,NE,ACE,CE,Towers with Radar,4,23,25,0,52,0,4,14,1,19,4,27,39,1,71,44,0,44,115
04/23/2023,LNK,NE,ACE,CE,Towers with Radar,4,29,39,1,73,0,12,68,0,80,4,41,107,1,153,26,0,26,179
04/24/2023,LNK,NE,ACE,CE,Towers with Radar,2,24,30,1,57,0,3,65,0,68,2,27,95,1,125,98,0,98,223
04/25/2023,LNK,NE,ACE,CE,Towers with Radar,6,28,37,10,81,0,2,66,1,69,6,30,103,11,150,121,2,123,273
04/26/2023,LNK,NE,ACE,CE,Towers with Radar,4,38,39,28,109,0,3,86,7,96,4,41,125,35,205,124,28,152,357
04/27/2023,LNK,NE,ACE,CE,Towers with Radar,4,27,41,5,77,0,9,102,3,114,4,36,143,8,191,126,0,126,317
04/28/2023,LNK,NE,ACE,CE,Towers with Radar,4,26,28,3,61,0,0,1,0,1,4,26,29,3,62,0,0,0,62
04/29/2023,LNK,NE,ACE,CE,Towers with Radar,4,16,20,1,41,0,2,48,0,50,4,18,68,1,91,53,0,53,144
04/30/2023,LNK,NE,ACE,CE,Towers with Radar,4,22,19,1,46,0,1,5,0,6,4,23,24,1,52,0,0,0,52
05/01/2023,LNK,NE,ACE,CE,Towers with Radar,4,44,35,7,90,0,3,50,0,53,4,47,85,7,143,62,0,62,205
05/02/2023,LNK,NE,ACE,CE,Towers with Radar,4,33,23,28,88,0,0,88,4,92,4,33,111,32,180,94,24,118,298
05/03/2023,LNK,NE,ACE,CE,Towers with Radar,4,33,41,11,89,0,3,127,3,133,4,36,168,14,222,114,24,138,360
05/04/2023,LNK,NE,ACE,CE,Towers with Radar,4,37,45,27,113,0,1,88,0,89,4,38,133,27,202,72,20,92,294
05/05/2023,LNK,NE,ACE,CE,Towers with Radar,3,30,40,14,87,0,0,3,4,7,3,30,43,18,94,16,0,16,110
05/06/2023,LNK,NE,ACE,CE,Towers with Radar,5,19,31,1,56,0,0,16,3,19,5,19,47,4,75,12,0,12,87
05/07/2023,LNK,NE,ACE,CE,Towers with Radar,5,24,25,4,58,0,4,41,0,45,5,28,66,4,103,4,2,6,109
05/08/2023,LNK,NE,ACE,CE,Towers with Radar,5,43,28,18,94,0,3,116,1,120,5,46,144,19,214,182,4,186,400
05/09/2023,LNK,NE,ACE,CE,Towers with Radar,4,26,25,14,69,0,3,48,1,52,4,29,73,15,121,122,6,128,249
05/10/2023,LNK,NE,ACE,CE,Towers with Radar,4,25,37,26,92,0,5,77,9,91,4,30,114,35,183,106,10,116,299
05/11/2023,LNK,NE,ACE,CE,Towers with Radar,4,24,35,8,71,0,7,24,8,39,4,31,59,16,110,54,10,64,174
05/12/2023,LNK,NE,ACE,CE,Towers with Radar,4,23,32,15,74,0,0,11,1,12,4,23,43,16,86,24,8,32,118
05/13/2023,LNK,NE,ACE,CE,Towers with Radar,4,24,55,4,87,0,2,58,0,60,4,26,113,4,147,92,0,92,239
05/14/2023,LNK,NE,ACE,CE,Towers with Radar,4,15,45,0,64,0,0,3,0,3,4,15,48,0,67,0,0,0,67
05/15/2023,LNK,NE,ACE,CE,Towers with Radar,4,29,39,0,72,0,0,0,0,0,4,29,39,0,72,10,0,10,82
05/16/2023,LNK,NE,ACE,CE,Towers with Radar,4,26,41,29,100,0,5,99,3,107,4,31,140,32,207,62,28,90,297
05/17/2023,LNK,NE,ACE,CE,Towers with Radar,6,30,38,10,84,0,7,114,11,132,6,37,152,21,216,112,18,130,346
05/18/2023,LNK,NE,ACE,CE,Towers with Radar,4,31,41,21,97,0,0,47,5,52,4,31,88,26,149,46,18,64,213
05/19/2023,LNK,NE,ACE,CE,Towers with Radar,4,27,31,29,91,0,1,51,6,58,4,28,82,35,149,94,14,108,257
05/20/2023,LNK,NE,ACE,CE,Towers with Radar,4,17,22,0,43,0,3,93,0,96,4,20,115,0,139,56,0,56,195
05/21/2023,LNK,NE,ACE,CE,Towers with Radar,4,17,16,2,39,0,1,40,0,41,4,18,56,2,80,24,0,24,104
05/22/2023,LNK,NE,ACE,CE,Towers with Radar,4,35,33,15,87,0,4,86,0,90,4,39,119,15,177,138,8,146,323
05/23/2023,LNK,NE,ACE,CE,Towers with Radar,4,34,30,45,113,0,2,74,5,81,4,36,104,50,194,90,34,124,318
05/24/2023,LNK,NE,ACE,CE,Towers with Radar,3,30,42,26,101,0,7,74,9,90,3,37,116,35,191,78,44,122,313
05/25/2023,LNK,NE,ACE,CE,Towers with Radar,4,24,25,6,59,0,3,53,3,59,4,27,78,9,118,54,22,76,194
05/26/2023,LNK,NE,ACE,CE,Towers with Radar,6,30,28,0,64,0,1,78,0,79,6,31,106,0,143,59,0,59,202
05/27/2023,LNK,NE,ACE,CE,Towers with Radar,4,13,10,0,27,0,2,74,0,76,4,15,84,0,103,64,0,64,167
05/28/2023,LNK,NE,ACE,CE,Towers with Radar,4,24,10,0,38,0,0,18,0,18,4,24,28,0,56,4,0,4,60
05/29/2023,LNK,NE,ACE,CE,Towers with Radar,4,18,20,1,43,0,1,44,2,47,4,19,64,3,90,2,0,2,92
05/30/2023,LNK,NE,ACE,CE,Towers with Radar,4,27,35,3,69,0,0,66,4,70,4,27,101,7,139,100,10,110,249
05/31/2023,LNK,NE,ACE,CE,Towers with Radar,3,32,25,37,97,1,8,64,3,76,4,40,89,40,173,64,28,92,265
06/01/2023,LNK,NE,ACE,CE,Towers with Radar,4,19,31,7,61,0,2,30,3,35,4,21,61,10,96,72,2,74,170
06/02/2023,LNK,NE,ACE,CE,Towers with Radar,4,33,28,11,76,0,3,55,3,61,4,36,83,14,137,66,2,68,205
06/03/2023,LNK,NE,ACE,CE,Towers with Radar,4,19,13,1,37,0,0,57,1,58,4,19,70,2,95,46,0,46,141
06/04/2023,LNK,NE,ACE,CE,Towers with Radar,4,37,42,0,83,0,2,36,1,39,4,39,78,1,122,18,0,18,140
06/05/2023,LNK,NE,ACE,CE,Towers with Radar,4,30,22,4,60,0,2,50,3,55,4,32,72,7,115,54,0,54,169
06/06/2023,LNK,NE,ACE,CE,Towers with Radar,5,28,45,8,86,0,4,109,2,115,5,32,154,10,201,142,0,142,343
06/07/2023,LNK,NE,ACE,CE,Towers with Radar,4,18,39,8,69,0,3,68,5,76,4,21,107,13,145,93,6,99,244
06/08/2023,LNK,NE,ACE,CE,Towers with Radar,8,29,40,23,100,0,2,69,3,74,8,31,109,26,174,94,10,104,278
06/09/2023,LNK,NE,ACE,CE,Towers with Radar,4,31,30,6,71,0,6,66,3,75,4,37,96,9,146,60,8,68,214
06/10/2023,LNK,NE,ACE,CE,Towers with Radar,6,20,19,8,53,0,1,25,4,30,6,21,44,12,83,78,0,78,161
06/11/2023,LNK,NE,ACE,CE,Towers with Radar,8,29,21,14,72,0,1,12,4,17,8,30,33,18,89,10,0,10,99
06/12/2023,LNK,NE,ACE,CE,Towers with Radar,4,38,30,8,80,0,7,80,4,91,4,45,110,12,171,96,0,96,267
06/13/2023,LNK,NE,ACE,CE,Towers with Radar,4,22,27,14,67,0,2,80,4,86,4,24,107,18,153,84,4,88,241
06/14/2023,LNK,NE,ACE,CE,Towers with Radar,4,44,15,17,80,0,4,96,6,106,4,48,111,23,186,138,2,140,326
06/15/2023,LNK,NE,ACE,CE,Towers with Radar,8,34,31,13,86,0,6,74,3,83,8,40,105,16,169,102,8,110,279
06/16/2023,LNK,NE,ACE,CE,Towers with Radar,10,21,20,24,75,0,1,62,13,76,10,22,82,37,151,82,6,88,239
06/17/2023,LNK,NE,ACE,CE,Towers with Radar,4,20,22,2,48,0,0,36,0,36,4,20,58,2,84,78,0,78,162
06/18/2023,LNK,NE,ACE,CE,Towers with Radar,8,25,18,0,51,0,0,41,0,41,8,25,59,0,92,16,0,16,108
06/19/2023,LNK,NE,ACE,CE,Towers with Radar,14,27,34,0,75,0,2,81,0,83,14,29,115,0,158,0,0,0,158
06/20/2023,LNK,NE,ACE,CE,Towers with Radar,4,27,29,0,60,0,0,49,0,49,4,27,78,0,109,66,0,66,175
06/21/2023,LNK,NE,ACE,CE,Towers with Radar,4,24,30,28,86,0,1,58,5,64,4,25,88,33,150,104,26,130,280
06/22/2023,LNK,NE,ACE,CE,Towers with Radar,7,27,42,29,105,0,4,110,7,121,7,31,152,36,226,134,34,168,394
06/23/2023,LNK,NE,ACE,CE,Towers with Radar,10,20,35,35,100,0,0,75,5,80,10,20,110,40,180,56,30,86,266
06/24/2023,LNK,NE,ACE,CE,Towers with Radar,9,25,27,0,61,0,3,58,2,63,9,28,85,2,124,84,0,84,208
06/25/2023,LNK,NE,ACE,CE,Towers with Radar,8,33,24,6,71,0,1,7,0,8,8,34,31,6,79,2,0,2,81
06/26/2023,LNK,NE,ACE,CE,Towers with Radar,10,29,34,3,76,0,0,106,0,106,10,29,140,3,182,96,0,96,278
06/27/2023,LNK,NE,ACE,CE,Towers with Radar,4,40,39,3,86,0,1,60,2,63,4,41,99,5,149,110,0,110,259
06/28/2023,LNK,NE,ACE,CE,Towers with Radar,8,44,56,18,126,0,4,80,4,88,8,48,136,22,214,108,8,116,330
06/29/2023,LNK,NE,ACE,CE,Towers with Radar,8,27,25,23,83,0,1,58,6,65,8,28,83,29,148,90,10,100,248
06/30/2023,LNK,NE,ACE,CE,Towers with Radar,10,29,24,18,81,0,2,53,1,56,10,31,77,19,137,92,4,96,233
07/01/2023,LNK,NE,ACE,CE,Towers with Radar,10,20,7,0,37,0,2,8,0,10,10,22,15,0,47,42,0,42,89
07/02/2023,LNK,NE,ACE,CE,Towers with Radar,8,19,23,0,50,0,2,63,0,65,8,21,86,0,115,60,0,60,175
07/03/2023,LNK,NE,ACE,CE,Towers with Radar,11,17,21,0,49,0,1,68,0,69,11,18,89,0,118,88,0,88,206
07/04/2023,LNK,NE,ACE,CE,Towers with Radar,7,7,5,0,19,0,0,20,0,20,7,7,25,0,39,0,0,0,39
07/05/2023,LNK,NE,ACE,CE,Towers with Radar,11,23,33,17,84,0,0,14,0,14,11,23,47,17,98,12,18,30,128
07/06/2023,LNK,NE,ACE,CE,Towers with Radar,8,42,27,23,100,0,6,98,5,109,8,48,125,28,209,92,44,136,345
07/07/2023,LNK,NE,ACE,CE,Towers with Radar,10,25,25,15,75,0,0,3,0,3,10,25,28,15,78,20,12,32,110
07/08/2023,LNK,NE,ACE,CE,Towers with Radar,10,24,39,4,77,0,6,44,0,50,10,30,83,4,127,62,0,62,189
07/09/2023,LNK,NE,ACE,CE,Towers with Radar,10,28,33,1,72,0,2,52,1,55,10,30,85,2,127,22,0,22,149
07/10/2023,LNK,NE,ACE,CE,Towers with Radar,12,27,30,15,84,0,0,78,3,81,12,27,108,18,165,120,22,142,307
07/11/2023,LNK,NE,ACE,CE,Towers with Radar,6,23,39,15,83,0,0,70,0,70,6,23,109,15,153,76,0,76,229
07/12/2023,LNK,NE,ACE,CE,Towers with Radar,10,23,30,7,70,0,3,32,5,40,10,26,62,12,110,82,4,86,196
07/13/2023,LNK,NE,ACE,CE,Towers with Radar,10,30,33,7,80,0,0,53,9,62,10,30,86,16,142,142,18,160,302
07/14/2023,LNK,NE,ACE,CE,Towers with Radar,12,37,29,17,95,0,2,19,0,21,12,39,48,17,116,50,0,50,166
07/15/2023,LNK,NE,ACE,CE,Towers with Radar,10,18,34,1,63,0,2,73,0,75,10,20,107,1,138,82,0,82,220
07/16/2023,LNK,NE,ACE,CE,Towers with Radar,9,29,21,0,59,0,2,31,0,33,9,31,52,0,92,10,0,10,102
07/17/2023,LNK,NE,ACE,CE,Towers with Radar,10,27,41,0,78,0,0,41,0,41,10,27,82,0,119,68,0,68,187
07/18/2023,LNK,NE,ACE,CE,Towers with Radar,9,20,34,18,81,0,0,29,0,29,9,20,63,18,110,56,6,62,172
07/19/2023,LNK,NE,ACE,CE,Towers with Radar,10,29,43,27,109,0,3,61,12,76,10,32,104,39,185,92,12,104,289
07/20/2023,LNK,NE,ACE,CE,Towers with Radar,10,28,47,6,91,0,5,98,10,113,10,33,145,16,204,122,3,125,329
07/21/2023,LNK,NE,ACE,CE,Towers with Radar,12,27,41,18,98,0,9,80,17,106,12,36,121,35,204,142,18,160,364
07/22/2023,LNK,NE,ACE,CE,Towers with Radar,10,19,24,0,53,0,6,46,2,54,10,25,70,2,107,94,2,96,203
07/23/2023,LNK,NE,ACE,CE,Towers with Radar,9,26,24,0,59,1,2,52,0,55,10,28,76,0,114,28,0,28,142
07/24/2023,LNK,NE,ACE,CE,Towers with Radar,11,34,36,7,88,0,0,64,1,65,11,34,100,8,153,78,14,92,245
07/25/2023,LNK,NE,ACE,CE,Towers with Radar,7,24,35,17,83,0,0,61,0,61,7,24,96,17,144,110,2,112,256
07/26/2023,LNK,NE,ACE,CE,Towers with Radar,10,39,27,20,96,0,3,58,6,67,10,42,85,26,163,48,12,60,223
07/27/2023,LNK,NE,ACE,CE,Towers with Radar,10,33,28,17,88,0,9,67,7,83,10,42,95,24,171,72,4,76,247
07/28/2023,LNK,NE,ACE,CE,Towers with Radar,10,26,41,16,93,0,3,66,6,75,10,29,107,22,168,46,2,48,216
07/29/2023,LNK,NE,ACE,CE,Towers with Radar,10,17,18,0,45,0,1,37,1,39,10,18,55,1,84,14,0,14,98
07/30/2023,LNK,NE,ACE,CE,Towers with Radar,9,34,20,0,63,0,0,27,1,28,9,34,47,1,91,22,0,22,113
07/31/2023,LNK,NE,ACE,CE,Towers with Radar,12,32,45,14,103,0,1,11,1,13,12,33,56,15,116,36,6,42,158
08/01/2023,LNK,NE,ACE,CE,Towers with Radar,7,32,66,26,131,0,0,2,0,2,7,32,68,26,133,12,0,12,145
08/02/2023,LNK,NE,ACE,CE,Towers with Radar,10,28,48,31,117,0,1,11,4,16,10,29,59,35,133,38,14,52,185
08/03/2023,LNK,NE,ACE,CE,Towers with Radar,10,23,47,19,99,0,0,4,5,9,10,23,51,24,108,38,6,44,152
08/04/2023,LNK,NE,ACE,CE,Towers with Radar,12,25,39,24,100,0,2,9,0,11,12,27,48,24,111,8,0,8,119
08/05/2023,LNK,NE,ACE,CE,Towers with Radar,10,24,29,2,65,0,0,43,1,44,10,24,72,3,109,52,0,52,161
08/06/2023,LNK,NE,ACE,CE,Towers with Radar,8,29,25,1,63,0,3,4,5,12,8,32,29,6,75,0,0,0,75
08/07/2023,LNK,NE,ACE,CE,Towers with Radar,11,26,52,17,106,1,4,85,0,90,12,30,137,17,196,140,12,152,348
08/08/2023,LNK,NE,ACE,CE,Towers with Radar,8,27,32,19,86,0,4,71,0,75,8,31,103,19,161,68,12,80,241
08/09/2023,LNK,NE,ACE,CE,Towers with Radar,10,24,35,18,87,0,2,64,3,69,10,26,99,21,156,72,8,80,236
08/10/2023,LNK,NE,ACE,CE,Towers with Radar,9,26,36,17,88,0,2,85,5,92,9,28,121,22,180,132,12,144,324
08/11/2023,LNK,NE,ACE,CE,Towers with Radar,9,27,25,11,72,0,3,64,0,67,9,30,89,11,139,98,12,110,249
08/12/2023,LNK,NE,ACE,CE,Towers with Radar,6,17,20,2,45,0,1,64,0,65,6,18,84,2,110,120,0,120,230
08/13/2023,LNK,NE,ACE,CE,Towers with Radar,8,16,23,1,48,0,2,12,1,15,8,18,35,2,63,8,0,8,71
08/14/2023,LNK,NE,ACE,CE,Towers with Radar,7,37,41,8,93,0,2,11,1,14,7,39,52,9,107,12,24,36,143
08/15/2023,LNK,NE,ACE,CE,Towers with Radar,7,26,40,18,91,0,1,104,2,107,7,27,144,20,198,108,10,118,316
08/16/2023,LNK,NE,ACE,CE,Towers with Radar,8,22,43,58,131,0,5,64,6,75,8,27,107,64,206,38,58,96,302
08/17/2023,LNK,NE,ACE,CE,Towers with Radar,9,33,40,20,102,0,1,91,8,100,9,34,131,28,202,96,22,118,320
08/18/2023,LNK,NE,ACE,CE,Towers with Radar,11,27,30,26,94,0,2,79,4,85,11,29,109,30,179,94,18,112,291
08/19/2023,LNK,NE,ACE,CE,Towers with Radar,8,15,12,1,36,0,1,56,0,57,8,16,68,1,93,28,0,28,121
08/20/2023,LNK,NE,ACE,CE,Towers with Radar,10,27,29,0,66,0,1,16,0,17,10,28,45,0,83,8,0,8,91
08/21/2023,LNK,NE,ACE,CE,Towers with Radar,8,41,51,6,106,0,2,37,0,39,8,43,88,6,145,32,0,32,177
08/22/2023,LNK,NE,ACE,CE,Towers with Radar,7,22,36,9,74,0,2,54,5,61,7,24,90,14,135,62,4,66,201
08/23/2023,LNK,NE,ACE,CE,Towers with Radar,8,25,28,6,67,0,3,47,11,61,8,28,75,17,128,28,0,28,156
08/24/2023,LNK,NE,ACE,CE,Towers with Radar,9,29,25,14,77,0,1,76,6,83,9,30,101,20,160,20,0,20,180
08/25/2023,LNK,NE,ACE,CE,Towers with Radar,8,23,14,15,60,0,0,79,14,93,8,23,93,29,153,48,26,74,227
08/26/2023,LNK,NE,ACE,CE,Towers with Radar,9,15,26,0,50,0,0,24,5,29,9,15,50,5,79,14,0,14,93
08/27/2023,LNK,NE,ACE,CE,Towers with Radar,10,21,14,6,51,0,2,21,5,28,10,23,35,11,79,8,0,8,87
08/28/2023,LNK,NE,ACE,CE,Towers with Radar,9,24,45,13,91,0,6,88,7,101,9,30,133,20,192,100,2,102,294
08/29/2023,LNK,NE,ACE,CE,Towers with Radar,6,21,39,22,88,0,5,93,6,104,6,26,132,28,192,100,4,104,296
08/30/2023,LNK,NE,ACE,CE,Towers with Radar,10,30,60,13,113,0,6,86,11,103,10,36,146,24,216,122,6,128,344
08/31/2023,LNK,NE,ACE,CE,Towers with Radar,12,37,40,23,112,0,4,48,4,56,12,41,88,27,168,54,12,66,234
