01/01/2020,LNS,PA,AEA,EN,Federal Contract Tower,0,13,22,0,35,0,1,52,0,53,0,14,74,0,88,44,0,44,132
01/02/2020,LNS,PA,AEA,EN,Federal Contract Tower,0,16,21,0,37,0,4,129,0,133,0,20,150,0,170,86,2,88,258
01/03/2020,LNS,PA,AEA,EN,Federal Contract Tower,0,12,22,0,34,0,0,1,0,1,0,12,23,0,35,4,0,4,39
01/04/2020,LNS,PA,AEA,EN,Federal Contract Tower,0,10,16,0,26,0,0,6,0,6,0,10,22,0,32,8,0,8,40
01/05/2020,LNS,PA,AEA,EN,Federal Contract Tower,0,11,15,0,26,0,28,0,0,28,0,39,15,0,54,16,0,16,70
01/07/2020,LNS,PA,AEA,EN,Federal Contract Tower,0,17,15,3,35,0,0,32,0,32,0,17,47,3,67,40,22,62,129
01/08/2020,LNS,PA,AEA,EN,Federal Contract Tower,0,12,7,0,19,0,2,15,2,19,0,14,22,2,38,16,0,16,54
01/09/2020,LNS,PA,AEA,EN,Federal Contract Tower,0,11,29,5,45,0,0,121,3,124,0,11,150,8,169,146,0,146,315
01/10/2020,LNS,PA,AEA,EN,Federal Contract Tower,0,12,43,1,56,0,0,61,0,61,0,12,104,1,117,64,14,78,195
01/11/2020,LNS,PA,AEA,EN,Federal Contract Tower,0,6,8,0,14,0,0,29,0,29,0,6,37,0,43,66,0,66,109
01/12/2020,LNS,PA,AEA,EN,Federal Contract Tower,0,14,10,0,24,0,0,55,0,55,0,14,65,0,79,18,0,18,97
01/13/2020,LNS,PA,AEA,EN,Federal Contract Tower,0,14,39,2,55,0,0,65,0,65,0,14,104,2,120,104,0,104,224
01/14/2020,LNS,PA,AEA,EN,Federal Contract Tower,0,11,24,0,35,0,0,0,0,0,0,11,24,0,35,0,0,0,35
01/15/2020,LNS,PA,AEA,EN,Federal Contract Tower,0,8,62,1,71,0,0,160,0,160,0,8,222,1,231,192,2,194,425
01/16/2020,LNS,PA,AEA,EN,Federal Contract Tower,0,16,15,2,33,0,1,15,0,16,0,17,30,2,49,16,0,16,65
01/17/2020,LNS,PA,AEA,EN,Federal Contract Tower,0,13,37,0,50,0,0,122,3,125,0,13,159,3,175,120,0,120,295
01/18/2020,LNS,PA,AEA,EN,Federal Contract Tower,0,2,1,0,3,0,0,1,0,1,0,2,2,0,4,2,0,2,6
01/19/2020,LNS,PA,AEA,EN,Federal Contract Tower,0,8,8,0,16,0,0,41,0,41,0,8,49,0,57,14,0,14,71
01/20/2020,LNS,PA,AEA,EN,Federal Contract Tower,0,10,41,0,51,0,0,116,0,116,0,10,157,0,167,32,0,32,199
01/21/2020,LNS,PA,AEA,EN,Federal Contract Tower,0,12,23,8,43,0,1,133,2,136,0,13,156,10,179,80,18,98,277
01/22/2020,LNS,PA,AEA,EN,Federal Contract Tower,0,14,37,4,55,0,2,183,0,185,0,16,220,4,240,94,0,94,334
01/23/2020,LNS,PA,AEA,EN,Federal Contract Tower,0,10,28,1,39,0,1,122,0,123,0,11,150,1,162,100,2,102,264
01/24/2020,LNS,PA,AEA,EN,Federal Contract Tower,0,16,58,4,78,0,3,93,2,98,0,19,151,6,176,92,22,114,290
01/25/2020,LNS,PA,AEA,EN,Federal Contract Tower,0,3,7,0,10,0,0,5,0,5,0,3,12,0,15,12,0,12,27
01/26/2020,LNS,PA,AEA,EN,Federal Contract Tower,0,9,15,0,24,0,7,94,0,101,0,16,109,0,125,42,0,42,167
01/27/2020,LNS,PA,AEA,EN,Federal Contract Tower,0,13,24,0,37,0,0,69,0,69,0,13,93,0,106,32,0,32,138
01/28/2020,LNS,PA,AEA,EN,Federal Contract Tower,0,16,34,4,54,0,0,91,4,95,0,16,125,8,149,42,22,64,213
01/29/2020,LNS,PA,AEA,EN,Federal Contract Tower,0,12,35,4,51,0,0,118,0,118,0,12,153,4,169,120,4,124,293
01/31/2020,LNS,PA,AEA,EN,Federal Contract Tower,0,10,49,2,61,0,1,93,0,94,0,11,142,2,155,106,6,112,267
02/01/2020,LNS,PA,AEA,EN,Federal Contract Tower,0,10,19,0,29,0,0,1,0,1,0,10,20,0,30,34,0,34,64
02/03/2020,LNS,PA,AEA,EN,Federal Contract Tower,0,10,33,2,45,0,0,139,2,141,0,10,172,4,186,106,0,106,292
02/04/2020,LNS,PA,AEA,EN,Federal Contract Tower,0,11,17,10,38,0,1,56,0,57,0,12,73,10,95,98,0,98,193
02/05/2020,LNS,PA,AEA,EN,Federal Contract Tower,0,15,17,1,33,0,2,52,0,54,0,17,69,1,87,50,2,52,139
02/06/2020,LNS,PA,AEA,EN,Federal Contract Tower,0,18,10,0,28,0,0,0,0,0,0,18,10,0,28,0,0,0,28
02/07/2020,LNS,PA,AEA,EN,Federal Contract Tower,0,9,11,0,20,0,0,0,0,0,0,9,11,0,20,0,0,0,20
02/08/2020,LNS,PA,AEA,EN,Federal Contract Tower,0,6,46,2,54,0,9,134,0,143,0,15,180,2,197,114,8,122,319
02/09/2020,LNS,PA,AEA,EN,Federal Contract Tower,0,12,45,0,57,0,0,155,0,155,0,12,200,0,212,174,0,174,386
02/11/2020,LNS,PA,AEA,EN,Federal Contract Tower,0,12,25,1,38,0,0,4,0,4,0,12,29,1,42,24,2,26,68
02/12/2020,LNS,PA,AEA,EN,Federal Contract Tower,0,16,22,1,39,0,3,138,1,142,0,19,160,2,181,104,34,138,319
02/13/2020,LNS,PA,AEA,EN,Federal Contract Tower,0,12,28,0,40,0,0,13,2,15,0,12,41,2,55,36,12,48,103
02/14/2020,LNS,PA,AEA,EN,Federal Contract Tower,0,18,29,0,47,0,0,79,0,79,0,18,108,0,126,40,0,40,166
02/15/2020,LNS,PA,AEA,EN,Federal Contract Tower,0,11,34,0,45,0,0,162,0,162,0,11,196,0,207,80,0,80,287
02/16/2020,LNS,PA,AEA,EN,Federal Contract Tower,0,7,28,0,35,0,2,110,0,112,0,9,138,0,147,74,0,74,221
02/17/2020,LNS,PA,AEA,EN,Federal Contract Tower,0,16,29,0,45,0,0,205,0,205,0,16,234,0,250,82,0,82,332
02/18/2020,LNS,PA,AEA,EN,Federal Contract Tower,0,16,21,0,37,0,2,26,17,45,0,18,47,17,82,24,0,24,106
02/19/2020,LNS,PA,AEA,EN,Federal Contract Tower,0,11,25,5,41,0,4,141,3,148,0,15,166,8,189,82,6,88,277
02/20/2020,LNS,PA,AEA,EN,Federal Contract Tower,0,13,36,13,62,0,0,114,4,118,0,13,150,17,180,96,34,130,310
02/21/2020,LNS,PA,AEA,EN,Federal Contract Tower,0,18,34,0,52,0,2,130,0,132,0,20,164,0,184,146,4,150,334
02/22/2020,LNS,PA,AEA,EN,Federal Contract Tower,0,9,28,0,37,0,4,148,0,152,0,13,176,0,189,128,0,128,317
02/23/2020,LNS,PA,AEA,EN,Federal Contract Tower,0,10,28,1,39,0,7,168,0,175,0,17,196,1,214,116,2,118,332
02/24/2020,LNS,PA,AEA,EN,Federal Contract Tower,0,13,17,3,33,0,0,143,5,148,0,13,160,8,181,72,32,104,285
02/25/2020,LNS,PA,AEA,EN,Federal Contract Tower,0,11,21,6,38,0,0,0,0,0,0,11,21,6,38,0,0,0,38
02/26/2020,LNS,PA,AEA,EN,Federal Contract Tower,0,11,33,0,44,0,0,1,0,1,0,11,34,0,45,6,0,6,51
02/27/2020,LNS,PA,AEA,EN,Federal Contract Tower,0,8,15,1,24,0,0,7,6,13,0,8,22,7,37,0,0,0,37
02/28/2020,LNS,PA,AEA,EN,Federal Contract Tower,0,15,33,3,51,0,1,68,2,71,0,16,101,5,122,133,4,137,259
02/29/2020,LNS,PA,AEA,EN,Federal Contract Tower,0,7,28,0,35,0,1,46,0,47,0,8,74,0,82,124,0,124,206
03/01/2020,LNS,PA,AEA,EN,Federal Contract Tower,0,17,41,0,58,0,0,157,0,157,0,17,198,0,215,86,0,86,301
03/02/2020,LNS,PA,AEA,EN,Federal Contract Tower,0,14,29,1,44,0,2,101,0,103,0,16,130,1,147,48,12,60,207
03/03/2020,LNS,PA,AEA,EN,Federal Contract Tower,0,14,19,5,38,0,0,20,0,20,0,14,39,5,58,42,0,42,100
03/04/2020,LNS,PA,AEA,EN,Federal Contract Tower,0,15,22,3,40,0,1,73,6,80,0,16,95,9,120,82,8,90,210
03/05/2020,LNS,PA,AEA,EN,Federal Contract Tower,0,18,32,5,55,0,0,174,1,175,0,18,206,6,230,122,6,128,358
03/06/2020,LNS,PA,AEA,EN,Federal Contract Tower,0,19,22,0,41,0,0,5,0,5,0,19,27,0,46,2,0,2,48
03/07/2020,LNS,PA,AEA,EN,Federal Contract Tower,0,4,16,0,20,0,3,59,0,62,0,7,75,0,82,6,2,8,90
03/08/2020,LNS,PA,AEA,EN,Federal Contract Tower,0,11,40,0,51,0,0,186,0,186,0,11,226,0,237,118,0,118,355
03/09/2020,LNS,PA,AEA,EN,Federal Contract Tower,0,15,35,8,58,0,0,159,0,159,0,15,194,8,217,94,10,104,321
03/10/2020,LNS,PA,AEA,EN,Federal Contract Tower,0,12,21,4,37,0,0,40,0,40,0,12,61,4,77,28,2,30,107
03/11/2020,LNS,PA,AEA,EN,Federal Contract Tower,0,11,41,1,53,0,1,141,0,142,0,12,182,1,195,104,2,106,301
03/12/2020,LNS,PA,AEA,EN,Federal Contract Tower,0,15,50,2,67,0,0,73,0,73,0,15,123,2,140,76,4,80,220
03/13/2020,LNS,PA,AEA,EN,Federal Contract Tower,0,13,32,3,48,0,0,15,2,17,0,13,47,5,65,14,0,14,79
03/14/2020,LNS,PA,AEA,EN,Federal Contract Tower,0,6,16,0,22,0,0,102,0,102,0,6,118,0,124,40,0,40,164
03/15/2020,LNS,PA,AEA,EN,Federal Contract Tower,0,9,29,0,38,0,0,116,0,116,0,9,145,0,154,120,0,120,274
03/16/2020,LNS,PA,AEA,EN,Federal Contract Tower,0,11,29,0,40,0,0,96,0,96,0,11,125,0,136,110,0,110,246
03/17/2020,LNS,PA,AEA,EN,Federal Contract Tower,0,10,25,2,37,0,0,17,2,19,0,10,42,4,56,50,0,50,106
03/18/2020,LNS,PA,AEA,EN,Federal Contract Tower,0,13,44,4,61,0,1,100,2,103,0,14,144,6,164,66,4,70,234
03/19/2020,LNS,PA,AEA,EN,Federal Contract Tower,0,15,27,7,49,0,0,0,0,0,0,15,27,7,49,4,14,18,67
03/20/2020,LNS,PA,AEA,EN,Federal Contract Tower,0,12,6,0,18,0,0,4,0,4,0,12,10,0,22,2,0,2,24
03/21/2020,LNS,PA,AEA,EN,Federal Contract Tower,0,4,18,0,22,0,0,50,0,50,0,4,68,0,72,80,0,80,152
03/22/2020,LNS,PA,AEA,EN,Federal Contract Tower,0,5,25,0,30,0,3,61,0,64,0,8,86,0,94,22,0,22,116
03/24/2020,LNS,PA,AEA,EN,Federal Contract Tower,0,10,18,1,29,0,2,47,1,50,0,12,65,2,79,14,0,14,93
03/25/2020,LNS,PA,AEA,EN,Federal Contract Tower,0,11,23,0,34,0,0,0,0,0,0,11,23,0,34,0,0,0,34
03/26/2020,LNS,PA,AEA,EN,Federal Contract Tower,0,14,23,5,42,0,0,33,0,33,0,14,56,5,75,26,0,26,101
03/27/2020,LNS,PA,AEA,EN,Federal Contract Tower,0,10,24,0,34,0,0,43,0,43,0,10,67,0,77,28,0,28,105
03/28/2020,LNS,PA,AEA,EN,Federal Contract Tower,0,5,9,0,14,0,0,0,0,0,0,5,9,0,14,0,0,0,14
03/29/2020,LNS,PA,AEA,EN,Federal Contract Tower,0,7,6,0,13,0,0,0,0,0,0,7,6,0,13,0,0,0,13
03/30/2020,LNS,PA,AEA,EN,Federal Contract Tower,0,13,20,0,33,0,0,18,0,18,0,13,38,0,51,10,0,10,61
03/31/2020,LNS,PA,AEA,EN,Federal Contract Tower,0,14,7,1,22,0,0,5,2,7,0,14,12,3,29,16,0,16,45
04/01/2020,LNS,PA,AEA,EN,Federal Contract Tower,0,12,8,3,23,0,0,38,5,43,0,12,46,8,66,4,2,6,72
04/02/2020,LNS,PA,AEA,EN,Federal Contract Tower,0,12,3,1,16,0,0,12,5,17,0,12,15,6,33,6,8,14,47
04/03/2020,LNS,PA,AEA,EN,Federal Contract Tower,0,11,12,0,23,0,0,4,2,6,0,11,16,2,29,0,0,0,29
04/05/2020,LNS,PA,AEA,EN,Federal Contract Tower,0,6,8,1,15,0,0,47,0,47,0,6,55,1,62,42,2,44,106
04/06/2020,LNS,PA,AEA,EN,Federal Contract Tower,0,11,9,0,20,0,0,53,0,53,0,11,62,0,73,20,0,20,93
04/07/2020,LNS,PA,AEA,EN,Federal Contract Tower,0,10,5,0,15,0,0,32,2,34,0,10,37,2,49,28,0,28,77
04/08/2020,LNS,PA,AEA,EN,Federal Contract Tower,0,11,8,6,25,0,0,25,0,25,0,11,33,6,50,4,0,4,54
04/09/2020,LNS,PA,AEA,EN,Federal Contract Tower,0,10,6,2,18,0,0,3,0,3,0,10,9,2,21,0,0,0,21
04/10/2020,LNS,PA,AEA,EN,Federal Contract Tower,0,7,5,0,12,0,0,0,2,2,0,7,5,2,14,0,4,4,18
04/11/2020,LNS,PA,AEA,EN,Federal Contract Tower,0,4,15,0,19,0,0,64,0,64,0,4,79,0,83,74,0,74,157
04/12/2020,LNS,PA,AEA,EN,Federal Contract Tower,0,9,4,0,13,0,0,38,0,38,0,9,42,0,51,12,0,12,63
04/13/2020,LNS,PA,AEA,EN,Federal Contract Tower,0,9,2,0,11,0,0,2,0,2,0,9,4,0,13,0,0,0,13
04/14/2020,LNS,PA,AEA,EN,Federal Contract Tower,0,10,19,6,35,0,0,47,0,47,0,10,66,6,82,38,6,44,126
04/15/2020,LNS,PA,AEA,EN,Federal Contract Tower,0,15,5,6,26,0,0,53,0,53,0,15,58,6,79,36,6,42,121
04/16/2020,LNS,PA,AEA,EN,Federal Contract Tower,0,10,29,7,46,0,0,30,6,36,0,10,59,13,82,0,6,6,88
04/17/2020,LNS,PA,AEA,EN,Federal Contract Tower,0,12,11,0,23,0,0,23,4,27,0,12,34,4,50,12,0,12,62
04/18/2020,LNS,PA,AEA,EN,Federal Contract Tower,0,8,6,0,14,0,0,9,0,9,0,8,15,0,23,2,0,2,25
04/19/2020,LNS,PA,AEA,EN,Federal Contract Tower,0,6,22,0,28,0,2,74,0,76,0,8,96,0,104,66,0,66,170
04/20/2020,LNS,PA,AEA,EN,Federal Contract Tower,0,11,13,0,24,0,0,50,0,50,0,11,63,0,74,12,0,12,86
04/21/2020,LNS,PA,AEA,EN,Federal Contract Tower,0,10,11,0,21,0,0,6,0,6,0,10,17,0,27,0,0,0,27
04/22/2020,LNS,PA,AEA,EN,Federal Contract Tower,0,11,4,0,15,0,0,34,2,36,0,11,38,2,51,40,2,42,93
04/23/2020,LNS,PA,AEA,EN,Federal Contract Tower,0,15,19,5,39,0,0,41,0,41,0,15,60,5,80,60,12,72,152
04/24/2020,LNS,PA,AEA,EN,Federal Contract Tower,0,9,21,0,30,0,0,2,2,4,0,9,23,2,34,4,0,4,38
04/25/2020,LNS,PA,AEA,EN,Federal Contract Tower,0,8,21,0,29,0,4,67,0,71,0,12,88,0,100,80,0,80,180
04/26/2020,LNS,PA,AEA,EN,Federal Contract Tower,0,6,9,0,15,0,0,0,0,0,0,6,9,0,15,0,0,0,15
04/27/2020,LNS,PA,AEA,EN,Federal Contract Tower,0,10,8,2,20,0,0,25,2,27,0,10,33,4,47,24,6,30,77
04/28/2020,LNS,PA,AEA,EN,Federal Contract Tower,0,10,24,0,34,0,0,97,0,97,0,10,121,0,131,60,0,60,191
04/29/2020,LNS,PA,AEA,EN,Federal Contract Tower,0,14,21,9,44,0,0,20,2,22,0,14,41,11,66,32,12,44,110
04/30/2020,LNS,PA,AEA,EN,Federal Contract Tower,0,8,6,0,14,0,0,0,0,0,0,8,6,0,14,0,0,0,14
05/01/2020,LNS,PA,AEA,EN,Federal Contract Tower,0,11,10,2,23,0,0,22,2,24,0,11,32,4,47,14,2,16,63
05/02/2020,LNS,PA,AEA,EN,Federal Contract Tower,0,9,27,2,38,0,0,107,4,111,0,9,134,6,149,72,2,74,223
05/03/2020,LNS,PA,AEA,EN,Federal Contract Tower,0,6,13,0,19,0,0,51,0,51,0,6,64,0,70,18,0,18,88
05/04/2020,LNS,PA,AEA,EN,Federal Contract Tower,0,11,12,0,23,0,1,25,0,26,0,12,37,0,49,10,0,10,59
05/05/2020,LNS,PA,AEA,EN,Federal Contract Tower,0,11,33,0,44,0,4,97,0,101,0,15,130,0,145,62,0,62,207
05/06/2020,LNS,PA,AEA,EN,Federal Contract Tower,0,15,22,1,38,0,0,8,0,8,0,15,30,1,46,20,2,22,68
05/07/2020,LNS,PA,AEA,EN,Federal Contract Tower,0,12,17,1,30,0,2,66,5,73,0,14,83,6,103,72,14,86,189
05/08/2020,LNS,PA,AEA,EN,Federal Contract Tower,0,16,16,0,32,0,0,18,0,18,0,16,34,0,50,6,0,6,56
05/09/2020,LNS,PA,AEA,EN,Federal Contract Tower,0,6,6,0,12,0,0,4,0,4,0,6,10,0,16,6,0,6,22
05/10/2020,LNS,PA,AEA,EN,Federal Contract Tower,3,6,0,0,9,0,0,25,0,25,3,6,25,0,34,18,0,18,52
05/11/2020,LNS,PA,AEA,EN,Federal Contract Tower,0,14,15,0,29,0,0,10,0,10,0,14,25,0,39,6,0,6,45
05/12/2020,LNS,PA,AEA,EN,Federal Contract Tower,0,11,15,1,27,0,1,44,2,47,0,12,59,3,74,24,2,26,100
05/13/2020,LNS,PA,AEA,EN,Federal Contract Tower,0,15,51,1,67,0,0,102,2,104,0,15,153,3,171,132,12,144,315
05/14/2020,LNS,PA,AEA,EN,Federal Contract Tower,0,12,17,5,34,0,0,80,2,82,0,12,97,7,116,76,8,84,200
05/15/2020,LNS,PA,AEA,EN,Federal Contract Tower,0,10,26,1,37,0,0,57,0,57,0,10,83,1,94,64,0,64,158
05/17/2020,LNS,PA,AEA,EN,Federal Contract Tower,0,7,22,0,29,0,0,49,0,49,0,7,71,0,78,74,0,74,152
05/18/2020,LNS,PA,AEA,EN,Federal Contract Tower,0,11,18,12,41,0,0,63,12,75,0,11,81,24,116,52,2,54,170
05/19/2020,LNS,PA,AEA,EN,Federal Contract Tower,0,11,14,5,30,0,0,37,4,41,0,11,51,9,71,46,12,58,129
05/20/2020,LNS,PA,AEA,EN,Federal Contract Tower,0,14,17,2,33,0,0,65,3,68,0,14,82,5,101,50,40,90,191
05/21/2020,LNS,PA,AEA,EN,Federal Contract Tower,0,13,53,15,81,0,0,108,0,108,0,13,161,15,189,174,32,206,395
05/22/2020,LNS,PA,AEA,EN,Federal Contract Tower,0,16,47,0,63,0,0,2,0,2,0,16,49,0,65,22,0,22,87
05/23/2020,LNS,PA,AEA,EN,Federal Contract Tower,0,8,19,0,27,0,0,38,0,38,0,8,57,0,65,68,0,68,133
05/24/2020,LNS,PA,AEA,EN,Federal Contract Tower,0,7,14,0,21,0,0,34,0,34,0,7,48,0,55,34,0,34,89
05/25/2020,LNS,PA,AEA,EN,Federal Contract Tower,0,18,54,0,72,0,0,67,0,67,0,18,121,0,139,116,0,116,255
05/26/2020,LNS,PA,AEA,EN,Federal Contract Tower,0,14,44,6,64,0,0,139,4,143,0,14,183,10,207,110,2,112,319
05/27/2020,LNS,PA,AEA,EN,Federal Contract Tower,0,12,35,14,61,0,1,35,2,38,0,13,70,16,99,64,34,98,197
05/28/2020,LNS,PA,AEA,EN,Federal Contract Tower,0,14,27,5,46,0,0,6,3,9,0,14,33,8,55,30,26,56,111
05/29/2020,LNS,PA,AEA,EN,Federal Contract Tower,0,11,23,0,34,0,0,29,0,29,0,11,52,0,63,40,0,40,103
05/30/2020,LNS,PA,AEA,EN,Federal Contract Tower,0,5,20,0,25,0,0,122,0,122,0,5,142,0,147,88,0,88,235
05/31/2020,LNS,PA,AEA,EN,Federal Contract Tower,0,8,14,0,22,0,0,72,0,72,0,8,86,0,94,60,0,60,154
06/01/2020,LNS,PA,AEA,EN,Federal Contract Tower,0,11,29,0,40,0,0,85,2,87,0,11,114,2,127,80,0,80,207
06/02/2020,LNS,PA,AEA,EN,Federal Contract Tower,0,10,24,1,35,0,4,97,0,101,0,14,121,1,136,106,2,108,244
06/03/2020,LNS,PA,AEA,EN,Federal Contract Tower,0,17,8,0,25,0,0,33,0,33,0,17,41,0,58,16,0,16,74
06/05/2020,LNS,PA,AEA,EN,Federal Contract Tower,0,14,42,0,56,0,0,18,0,18,0,14,60,0,74,58,0,58,132
06/06/2020,LNS,PA,AEA,EN,Federal Contract Tower,0,9,34,0,43,0,0,53,0,53,0,9,87,0,96,42,0,42,138
06/07/2020,LNS,PA,AEA,EN,Federal Contract Tower,0,7,22,0,29,0,0,95,0,95,0,7,117,0,124,84,0,84,208
06/08/2020,LNS,PA,AEA,EN,Federal Contract Tower,0,17,38,0,55,0,6,154,0,160,0,23,192,0,215,98,0,98,313
06/09/2020,LNS,PA,AEA,EN,Federal Contract Tower,0,16,20,4,40,0,0,150,3,153,0,16,170,7,193,124,8,132,325
06/10/2020,LNS,PA,AEA,EN,Federal Contract Tower,0,13,14,2,29,0,0,68,0,68,0,13,82,2,97,46,4,50,147
06/11/2020,LNS,PA,AEA,EN,Federal Contract Tower,0,14,15,0,29,0,0,47,0,47,0,14,62,0,76,68,0,68,144
06/12/2020,LNS,PA,AEA,EN,Federal Contract Tower,0,14,48,2,64,0,0,128,1,129,0,14,176,3,193,122,4,126,319
06/13/2020,LNS,PA,AEA,EN,Federal Contract Tower,0,9,23,0,32,0,0,155,0,155,0,9,178,0,187,64,0,64,251
06/14/2020,LNS,PA,AEA,EN,Federal Contract Tower,0,9,22,0,31,0,0,101,0,101,0,9,123,0,132,92,0,92,224
06/15/2020,LNS,PA,AEA,EN,Federal Contract Tower,0,11,39,4,54,0,0,105,0,105,0,11,144,4,159,100,14,114,273
06/16/2020,LNS,PA,AEA,EN,Federal Contract Tower,0,13,39,4,56,0,3,126,0,129,0,16,165,4,185,102,6,108,293
06/17/2020,LNS,PA,AEA,EN,Federal Contract Tower,0,17,32,10,59,0,0,96,0,96,0,17,128,10,155,132,42,174,329
06/18/2020,LNS,PA,AEA,EN,Federal Contract Tower,0,16,23,1,40,0,1,28,0,29,0,17,51,1,69,58,2,60,129
06/19/2020,LNS,PA,AEA,EN,Federal Contract Tower,0,18,36,0,54,0,0,46,0,46,0,18,82,0,100,106,0,106,206
06/20/2020,LNS,PA,AEA,EN,Federal Contract Tower,0,7,30,0,37,0,0,26,1,27,0,7,56,1,64,54,2,56,120
06/21/2020,LNS,PA,AEA,EN,Federal Contract Tower,0,12,15,0,27,0,0,52,0,52,0,12,67,0,79,56,0,56,135
06/22/2020,LNS,PA,AEA,EN,Federal Contract Tower,0,15,28,1,44,0,1,78,0,79,0,16,106,1,123,68,2,70,193
06/23/2020,LNS,PA,AEA,EN,Federal Contract Tower,0,15,21,4,40,0,1,47,5,53,0,16,68,9,93,84,8,92,185
06/24/2020,LNS,PA,AEA,EN,Federal Contract Tower,0,18,30,3,51,0,1,140,0,141,0,19,170,3,192,152,8,160,352
06/25/2020,LNS,PA,AEA,EN,Federal Contract Tower,0,12,31,7,50,0,1,80,5,86,0,13,111,12,136,102,36,138,274
06/26/2020,LNS,PA,AEA,EN,Federal Contract Tower,0,16,41,0,57,0,0,146,0,146,0,16,187,0,203,116,0,116,319
06/27/2020,LNS,PA,AEA,EN,Federal Contract Tower,0,6,21,0,27,0,0,29,0,29,0,6,50,0,56,26,0,26,82
06/28/2020,LNS,PA,AEA,EN,Federal Contract Tower,0,6,14,0,20,0,0,73,0,73,0,6,87,0,93,78,0,78,171
06/29/2020,LNS,PA,AEA,EN,Federal Contract Tower,0,14,42,0,56,0,0,120,0,120,0,14,162,0,176,88,0,88,264
06/30/2020,LNS,PA,AEA,EN,Federal Contract Tower,0,15,36,2,53,0,0,156,5,161,0,15,192,7,214,128,16,144,358
07/01/2020,LNS,PA,AEA,EN,Federal Contract Tower,0,13,24,2,39,0,0,153,0,153,0,13,177,2,192,168,0,168,360
07/02/2020,LNS,PA,AEA,EN,Federal Contract Tower,0,12,37,2,51,0,2,126,0,128,0,14,163,2,179,138,4,142,321
07/03/2020,LNS,PA,AEA,EN,Federal Contract Tower,0,19,11,0,30,0,3,119,0,122,0,22,130,0,152,154,0,154,306
07/04/2020,LNS,PA,AEA,EN,Federal Contract Tower,0,6,11,0,17,0,0,81,0,81,0,6,92,0,98,42,0,42,140
07/05/2020,LNS,PA,AEA,EN,Federal Contract Tower,0,14,20,0,34,0,2,77,0,79,0,16,97,0,113,58,0,58,171
07/06/2020,LNS,PA,AEA,EN,Federal Contract Tower,0,13,24,0,37,0,2,71,0,73,0,15,95,0,110,48,0,48,158
07/07/2020,LNS,PA,AEA,EN,Federal Contract Tower,0,15,53,4,72,0,0,50,2,52,0,15,103,6,124,138,0,138,262
07/08/2020,LNS,PA,AEA,EN,Federal Contract Tower,0,20,29,0,49,0,0,25,0,25,0,20,54,0,74,60,0,60,134
07/09/2020,LNS,PA,AEA,EN,Federal Contract Tower,0,16,51,1,68,0,4,80,4,88,0,20,131,5,156,110,0,110,266
07/10/2020,LNS,PA,AEA,EN,Federal Contract Tower,0,18,18,0,36,0,0,3,0,3,0,18,21,0,39,10,0,10,49
07/11/2020,LNS,PA,AEA,EN,Federal Contract Tower,0,11,41,0,52,0,1,78,0,79,0,12,119,0,131,196,0,196,327
07/12/2020,LNS,PA,AEA,EN,Federal Contract Tower,0,7,18,0,25,0,4,82,0,86,0,11,100,0,111,64,0,64,175
07/13/2020,LNS,PA,AEA,EN,Federal Contract Tower,0,15,12,1,28,0,0,103,1,104,0,15,115,2,132,54,0,54,186
07/14/2020,LNS,PA,AEA,EN,Federal Contract Tower,0,17,23,0,40,0,7,171,0,178,0,24,194,0,218,126,0,126,344
07/15/2020,LNS,PA,AEA,EN,Federal Contract Tower,0,22,34,4,60,0,2,166,0,168,0,24,200,4,228,122,10,132,360
07/16/2020,LNS,PA,AEA,EN,Federal Contract Tower,0,21,37,0,58,0,0,71,2,73,0,21,108,2,131,106,0,106,237
07/17/2020,LNS,PA,AEA,EN,Federal Contract Tower,0,14,48,0,62,0,0,86,0,86,0,14,134,0,148,106,0,106,254
07/18/2020,LNS,PA,AEA,EN,Federal Contract Tower,0,17,37,0,54,0,0,121,0,121,0,17,158,0,175,106,0,106,281
07/19/2020,LNS,PA,AEA,EN,Federal Contract Tower,0,7,21,0,28,0,0,87,0,87,0,7,108,0,115,104,0,104,219
07/20/2020,LNS,PA,AEA,EN,Federal Contract Tower,0,11,23,0,34,0,0,104,0,104,0,11,127,0,138,58,0,58,196
07/21/2020,LNS,PA,AEA,EN,Federal Contract Tower,0,13,23,0,36,0,2,97,2,101,0,15,120,2,137,152,0,152,289
07/22/2020,LNS,PA,AEA,EN,Federal Contract Tower,0,10,25,0,35,0,0,71,2,73,0,10,96,2,108,64,2,66,174
07/23/2020,LNS,PA,AEA,EN,Federal Contract Tower,0,9,18,2,29,0,2,54,0,56,0,11,72,2,85,40,0,40,125
07/24/2020,LNS,PA,AEA,EN,Federal Contract Tower,0,16,57,0,73,0,0,33,0,33,0,16,90,0,106,152,0,152,258
07/25/2020,LNS,PA,AEA,EN,Federal Contract Tower,0,9,49,0,58,0,1,71,0,72,0,10,120,0,130,104,0,104,234
07/27/2020,LNS,PA,AEA,EN,Federal Contract Tower,0,11,30,0,41,0,1,106,1,108,0,12,136,1,149,84,8,92,241
07/28/2020,LNS,PA,AEA,EN,Federal Contract Tower,0,11,39,5,55,0,0,108,3,111,0,11,147,8,166,150,20,170,336
07/29/2020,LNS,PA,AEA,EN,Federal Contract Tower,0,13,26,4,43,0,0,182,3,185,0,13,208,7,228,118,6,124,352
07/30/2020,LNS,PA,AEA,EN,Federal Contract Tower,0,14,37,6,57,0,4,132,4,140,0,18,169,10,197,92,10,102,299
07/31/2020,LNS,PA,AEA,EN,Federal Contract Tower,0,17,44,0,61,0,0,66,0,66,0,17,110,0,127,134,0,134,261
08/01/2020,LNS,PA,AEA,EN,Federal Contract Tower,0,6,11,0,17,0,0,117,0,117,0,6,128,0,134,90,0,90,224
08/02/2020,LNS,PA,AEA,EN,Federal Contract Tower,0,9,30,0,39,0,0,30,0,30,0,9,60,0,69,74,0,74,143
08/03/2020,LNS,PA,AEA,EN,Federal Contract Tower,0,13,24,3,40,0,2,52,1,55,0,15,76,4,95,106,8,114,209
08/04/2020,LNS,PA,AEA,EN,Federal Contract Tower,0,11,4,0,15,0,0,3,0,3,0,11,7,0,18,0,0,0,18
08/05/2020,LNS,PA,AEA,EN,Federal Contract Tower,0,12,26,0,38,0,0,160,4,164,0,12,186,4,202,112,4,116,318
08/06/2020,LNS,PA,AEA,EN,Federal Contract Tower,0,14,40,1,55,0,1,60,0,61,0,15,100,1,116,134,2,136,252
08/07/2020,LNS,PA,AEA,EN,Federal Contract Tower,0,15,38,0,53,0,0,6,0,6,0,15,44,0,59,34,0,34,93
08/08/2020,LNS,PA,AEA,EN,Federal Contract Tower,0,7,40,0,47,0,0,118,0,118,0,7,158,0,165,128,0,128,293
08/09/2020,LNS,PA,AEA,EN,Federal Contract Tower,0,11,23,0,34,0,2,118,4,124,0,13,141,4,158,108,0,108,266
08/10/2020,LNS,PA,AEA,EN,Federal Contract Tower,0,11,38,2,51,0,3,158,1,162,0,14,196,3,213,144,4,148,361
08/11/2020,LNS,PA,AEA,EN,Federal Contract Tower,0,14,44,2,60,0,0,70,1,71,0,14,114,3,131,94,10,104,235
08/12/2020,LNS,PA,AEA,EN,Federal Contract Tower,0,13,20,4,37,0,0,99,0,99,0,13,119,4,136,90,22,112,248
08/13/2020,LNS,PA,AEA,EN,Federal Contract Tower,0,11,34,2,47,0,0,65,8,73,0,11,99,10,120,110,0,110,230
08/14/2020,LNS,PA,AEA,EN,Federal Contract Tower,0,14,43,2,59,0,0,93,0,93,0,14,136,2,152,122,0,122,274
08/15/2020,LNS,PA,AEA,EN,Federal Contract Tower,0,11,32,0,43,0,0,116,0,116,0,11,148,0,159,110,0,110,269
08/16/2020,LNS,PA,AEA,EN,Federal Contract Tower,0,10,31,0,41,0,0,17,0,17,0,10,48,0,58,80,0,80,138
08/17/2020,LNS,PA,AEA,EN,Federal Contract Tower,0,15,39,0,54,0,0,58,0,58,0,15,97,0,112,96,0,96,208
08/18/2020,LNS,PA,AEA,EN,Federal Contract Tower,0,13,58,0,71,0,1,186,1,188,0,14,244,1,259,126,12,138,397
08/19/2020,LNS,PA,AEA,EN,Federal Contract Tower,0,13,27,2,42,0,0,116,2,118,0,13,143,4,160,146,4,150,310
08/20/2020,LNS,PA,AEA,EN,Federal Contract Tower,0,13,42,13,68,0,0,185,2,187,0,13,227,15,255,112,14,126,381
08/21/2020,LNS,PA,AEA,EN,Federal Contract Tower,0,15,30,4,49,0,1,143,0,144,0,16,173,4,193,150,4,154,347
08/22/2020,LNS,PA,AEA,EN,Federal Contract Tower,0,8,29,0,37,0,1,108,0,109,0,9,137,0,146,84,0,84,230
08/23/2020,LNS,PA,AEA,EN,Federal Contract Tower,0,13,32,0,45,0,0,32,0,32,0,13,64,0,77,26,0,26,103
08/24/2020,LNS,PA,AEA,EN,Federal Contract Tower,0,19,31,3,53,0,1,68,0,69,0,20,99,3,122,64,8,72,194
08/25/2020,LNS,PA,AEA,EN,Federal Contract Tower,0,19,27,5,51,0,2,72,0,74,0,21,99,5,125,64,14,78,203
08/26/2020,LNS,PA,AEA,EN,Federal Contract Tower,0,26,43,2,71,0,0,148,0,148,0,26,191,2,219,110,2,112,331
08/27/2020,LNS,PA,AEA,EN,Federal Contract Tower,0,18,13,0,31,0,1,63,0,64,0,19,76,0,95,76,0,76,171
08/28/2020,LNS,PA,AEA,EN,Federal Contract Tower,0,14,25,0,39,0,0,82,0,82,0,14,107,0,121,146,0,146,267
08/29/2020,LNS,PA,AEA,EN,Federal Contract Tower,0,16,13,0,29,0,0,10,0,10,0,16,23,0,39,56,0,56,95
08/30/2020,LNS,PA,AEA,EN,Federal Contract Tower,0,22,38,0,60,0,0,138,0,138,0,22,176,0,198,108,0,108,306
08/31/2020,LNS,PA,AEA,EN,Federal Contract Tower,0,19,32,0,51,0,0,72,0,72,0,19,104,0,123,103,0,103,226
09/01/2020,LNS,PA,AEA,EN,Federal Contract Tower,0,11,40,5,56,0,0,42,1,43,0,11,82,6,99,100,4,104,203
09/02/2020,LNS,PA,AEA,EN,Federal Contract Tower,0,14,25,1,40,0,0,25,0,25,0,14,50,1,65,42,2,44,109
09/03/2020,LNS,PA,AEA,EN,Federal Contract Tower,0,16,32,1,49,0,0,80,0,80,0,16,112,1,129,78,4,82,211
09/04/2020,LNS,PA,AEA,EN,Federal Contract Tower,0,10,51,0,61,0,1,134,0,135,0,11,185,0,196,72,0,72,268
09/05/2020,LNS,PA,AEA,EN,Federal Contract Tower,0,5,26,0,31,0,2,204,0,206,0,7,230,0,237,126,0,126,363
09/06/2020,LNS,PA,AEA,EN,Federal Contract Tower,0,7,28,0,35,0,0,122,0,122,0,7,150,0,157,64,0,64,221
09/07/2020,LNS,PA,AEA,EN,Federal Contract Tower,0,18,29,0,47,0,1,117,0,118,0,19,146,0,165,82,0,82,247
09/08/2020,LNS,PA,AEA,EN,Federal Contract Tower,0,13,65,4,82,0,0,111,2,113,0,13,176,6,195,98,6,104,299
09/09/2020,LNS,PA,AEA,EN,Federal Contract Tower,0,16,19,5,40,0,0,76,0,76,0,16,95,5,116,164,10,174,290
09/10/2020,LNS,PA,AEA,EN,Federal Contract Tower,0,28,30,5,63,0,0,6,0,6,0,28,36,5,69,32,14,46,115
09/11/2020,LNS,PA,AEA,EN,Federal Contract Tower,0,25,51,4,80,0,0,101,0,101,0,25,152,4,181,154,6,160,341
09/12/2020,LNS,PA,AEA,EN,Federal Contract Tower,0,10,41,0,51,0,0,92,0,92,0,10,133,0,143,130,0,130,273
09/13/2020,LNS,PA,AEA,EN,Federal Contract Tower,0,12,21,0,33,0,0,50,0,50,0,12,71,0,83,114,0,114,197
09/14/2020,LNS,PA,AEA,EN,Federal Contract Tower,0,16,23,3,42,0,0,110,0,110,0,16,133,3,152,82,6,88,240
09/15/2020,LNS,PA,AEA,EN,Federal Contract Tower,0,24,22,6,52,0,1,127,1,129,0,25,149,7,181,146,10,156,337
09/16/2020,LNS,PA,AEA,EN,Federal Contract Tower,0,21,24,0,45,0,0,168,0,168,0,21,192,0,213,128,0,128,341
09/17/2020,LNS,PA,AEA,EN,Federal Contract Tower,0,11,28,2,41,0,0,117,0,117,0,11,145,2,158,100,2,102,260
09/18/2020,LNS,PA,AEA,EN,Federal Contract Tower,0,13,22,0,35,0,2,109,0,111,0,15,131,0,146,106,0,106,252
09/19/2020,LNS,PA,AEA,EN,Federal Contract Tower,0,7,26,0,33,0,0,139,0,139,0,7,165,0,172,86,0,86,258
09/20/2020,LNS,PA,AEA,EN,Federal Contract Tower,0,10,25,0,35,0,1,138,0,139,0,11,163,0,174,48,0,48,222
09/21/2020,LNS,PA,AEA,EN,Federal Contract Tower,0,15,17,0,32,0,0,144,0,144,0,15,161,0,176,152,0,152,328
09/22/2020,LNS,PA,AEA,EN,Federal Contract Tower,0,13,36,10,59,0,1,131,2,134,0,14,167,12,193,172,22,194,387
09/23/2020,LNS,PA,AEA,EN,Federal Contract Tower,0,14,23,2,39,0,1,139,0,140,0,15,162,2,179,52,0,52,231
09/24/2020,LNS,PA,AEA,EN,Federal Contract Tower,0,17,33,3,53,0,0,124,5,129,0,17,157,8,182,226,8,234,416
09/25/2020,LNS,PA,AEA,EN,Federal Contract Tower,0,18,44,0,62,0,2,128,0,130,0,20,172,0,192,110,0,110,302
09/26/2020,LNS,PA,AEA,EN,Federal Contract Tower,0,7,48,0,55,0,0,0,0,0,0,7,48,0,55,26,0,26,81
09/27/2020,LNS,PA,AEA,EN,Federal Contract Tower,0,13,54,0,67,0,0,31,0,31,0,13,85,0,98,86,0,86,184
09/28/2020,LNS,PA,AEA,EN,Federal Contract Tower,0,18,33,6,57,0,0,58,0,58,0,18,91,6,115,152,12,164,279
09/29/2020,LNS,PA,AEA,EN,Federal Contract Tower,0,15,19,0,34,0,0,20,0,20,0,15,39,0,54,104,2,106,160
09/30/2020,LNS,PA,AEA,EN,Federal Contract Tower,0,12,20,1,33,0,0,86,0,86,0,12,106,1,119,58,0,58,177
10/01/2020,LNS,PA,AEA,EN,Federal Contract Tower,0,14,43,0,57,0,1,128,2,131,0,15,171,2,188,216,0,216,404
10/02/2020,LNS,PA,AEA,EN,Federal Contract Tower,0,13,39,0,52,0,2,85,0,87,0,15,124,0,139,182,0,182,321
10/03/2020,LNS,PA,AEA,EN,Federal Contract Tower,0,4,16,0,20,0,1,188,0,189,0,5,204,0,209,108,0,108,317
10/04/2020,LNS,PA,AEA,EN,Federal Contract Tower,0,10,19,0,29,0,0,120,0,120,0,10,139,0,149,120,0,120,269
10/05/2020,LNS,PA,AEA,EN,Federal Contract Tower,0,12,25,0,37,0,0,89,0,89,0,12,114,0,126,214,0,214,340
10/06/2020,LNS,PA,AEA,EN,Federal Contract Tower,0,11,16,0,27,0,0,104,0,104,0,11,120,0,131,102,0,102,233
10/07/2020,LNS,PA,AEA,EN,Federal Contract Tower,0,18,4,0,22,0,0,62,0,62,0,18,66,0,84,72,2,74,158
10/08/2020,LNS,PA,AEA,EN,Federal Contract Tower,0,16,28,5,49,0,6,105,0,111,0,22,133,5,160,144,2,146,306
10/09/2020,LNS,PA,AEA,EN,Federal Contract Tower,0,12,35,0,47,0,0,197,0,197,0,12,232,0,244,166,0,166,410
10/10/2020,LNS,PA,AEA,EN,Federal Contract Tower,0,7,26,0,33,0,0,157,0,157,0,7,183,0,190,190,0,190,380
10/11/2020,LNS,PA,AEA,EN,Federal Contract Tower,0,6,18,0,24,0,0,16,0,16,0,6,34,0,40,50,0,50,90
10/12/2020,LNS,PA,AEA,EN,Federal Contract Tower,0,15,22,0,37,0,0,0,0,0,0,15,22,0,37,0,0,0,37
10/13/2020,LNS,PA,AEA,EN,Federal Contract Tower,0,20,23,4,47,0,0,11,1,12,0,20,34,5,59,40,10,50,109
10/14/2020,LNS,PA,AEA,EN,Federal Contract Tower,0,15,35,0,50,0,1,178,0,179,0,16,213,0,229,128,0,128,357
10/15/2020,LNS,PA,AEA,EN,Federal Contract Tower,0,13,42,5,60,0,0,121,4,125,0,13,163,9,185,118,16,134,319
10/16/2020,LNS,PA,AEA,EN,Federal Contract Tower,0,13,36,2,51,0,0,50,2,52,0,13,86,4,103,78,14,92,195
10/17/2020,LNS,PA,AEA,EN,Federal Contract Tower,0,6,28,0,34,0,0,154,4,158,0,6,182,4,192,140,0,140,332
10/18/2020,LNS,PA,AEA,EN,Federal Contract Tower,0,12,19,0,31,0,2,131,0,133,0,14,150,0,164,78,0,78,242
10/19/2020,LNS,PA,AEA,EN,Federal Contract Tower,0,16,33,0,49,0,1,58,0,59,0,17,91,0,108,174,0,174,282
10/20/2020,LNS,PA,AEA,EN,Federal Contract Tower,0,14,40,13,67,0,2,74,1,77,0,16,114,14,144,74,4,78,222
10/21/2020,LNS,PA,AEA,EN,Federal Contract Tower,0,18,27,2,47,0,0,35,0,35,0,18,62,2,82,52,16,68,150
10/22/2020,LNS,PA,AEA,EN,Federal Contract Tower,0,14,27,3,44,0,0,34,0,34,0,14,61,3,78,68,6,74,152
10/24/2020,LNS,PA,AEA,EN,Federal Contract Tower,0,9,38,0,47,0,0,44,0,44,0,9,82,0,91,52,0,52,143
10/25/2020,LNS,PA,AEA,EN,Federal Contract Tower,0,11,34,3,48,0,0,49,2,51,0,11,83,5,99,78,0,78,177
10/26/2020,LNS,PA,AEA,EN,Federal Contract Tower,0,12,9,3,24,0,0,0,0,0,0,12,9,3,24,0,0,0,24
10/27/2020,LNS,PA,AEA,EN,Federal Contract Tower,0,13,33,3,49,0,0,95,0,95,0,13,128,3,144,100,2,102,246
10/28/2020,LNS,PA,AEA,EN,Federal Contract Tower,0,18,37,8,63,0,0,32,3,35,0,18,69,11,98,86,6,92,190
10/29/2020,LNS,PA,AEA,EN,Federal Contract Tower,0,14,11,0,25,0,0,0,0,0,0,14,11,0,25,6,0,6,31
10/30/2020,LNS,PA,AEA,EN,Federal Contract Tower,0,13,24,0,37,0,0,36,0,36,0,13,60,0,73,108,0,108,181
10/31/2020,LNS,PA,AEA,EN,Federal Contract Tower,0,6,39,0,45,0,0,85,0,85,0,6,124,0,130,128,0,128,258
11/01/2020,LNS,PA,AEA,EN,Federal Contract Tower,0,9,20,0,29,0,0,10,0,10,0,9,30,0,39,26,0,26,65
11/02/2020,LNS,PA,AEA,EN,Federal Contract Tower,0,15,15,3,33,0,0,11,2,13,0,15,26,5,46,2,10,12,58
11/03/2020,LNS,PA,AEA,EN,Federal Contract Tower,0,12,11,2,25,0,1,58,2,61,0,13,69,4,86,36,4,40,126
11/04/2020,LNS,PA,AEA,EN,Federal Contract Tower,0,15,40,0,55,0,2,162,2,166,0,17,202,2,221,148,10,158,379
11/05/2020,LNS,PA,AEA,EN,Federal Contract Tower,0,13,26,2,41,0,0,136,0,136,0,13,162,2,177,198,0,198,375
11/06/2020,LNS,PA,AEA,EN,Federal Contract Tower,0,14,21,0,35,0,0,202,0,202,0,14,223,0,237,176,0,176,413
11/07/2020,LNS,PA,AEA,EN,Federal Contract Tower,0,5,27,0,32,0,0,186,4,190,0,5,213,4,222,160,0,160,382
11/08/2020,LNS,PA,AEA,EN,Federal Contract Tower,0,7,32,0,39,0,0,118,0,118,0,7,150,0,157,118,0,118,275
11/09/2020,LNS,PA,AEA,EN,Federal Contract Tower,0,14,34,0,48,0,1,138,0,139,0,15,172,0,187,140,0,140,327
11/10/2020,LNS,PA,AEA,EN,Federal Contract Tower,0,14,38,0,52,0,0,135,2,137,0,14,173,2,189,146,0,146,335
11/11/2020,LNS,PA,AEA,EN,Federal Contract Tower,0,14,20,0,34,0,0,3,0,3,0,14,23,0,37,34,0,34,71
11/12/2020,LNS,PA,AEA,EN,Federal Contract Tower,0,15,28,2,45,0,0,43,0,43,0,15,71,2,88,190,0,190,278
11/13/2020,LNS,PA,AEA,EN,Federal Contract Tower,0,15,48,0,63,0,0,105,0,105,0,15,153,0,168,110,0,110,278
11/14/2020,LNS,PA,AEA,EN,Federal Contract Tower,0,8,38,0,46,0,0,208,0,208,0,8,246,0,254,150,0,150,404
11/15/2020,LNS,PA,AEA,EN,Federal Contract Tower,0,7,12,0,19,0,0,23,0,23,0,7,35,0,42,18,0,18,60
11/16/2020,LNS,PA,AEA,EN,Federal Contract Tower,0,12,19,0,31,0,0,76,0,76,0,12,95,0,107,150,0,150,257
11/17/2020,LNS,PA,AEA,EN,Federal Contract Tower,0,18,30,0,48,0,1,53,4,58,0,19,83,4,106,74,0,74,180
11/18/2020,LNS,PA,AEA,EN,Federal Contract Tower,0,16,31,1,48,0,5,100,0,105,0,21,131,1,153,92,2,94,247
11/19/2020,LNS,PA,AEA,EN,Federal Contract Tower,0,21,20,3,44,0,1,130,0,131,0,22,150,3,175,78,4,82,257
11/20/2020,LNS,PA,AEA,EN,Federal Contract Tower,0,15,26,0,41,0,2,175,2,179,0,17,201,2,220,152,0,152,372
11/21/2020,LNS,PA,AEA,EN,Federal Contract Tower,0,7,28,0,35,0,0,200,0,200,0,7,228,0,235,152,0,152,387
11/22/2020,LNS,PA,AEA,EN,Federal Contract Tower,0,10,46,0,56,0,0,46,0,46,0,10,92,0,102,84,0,84,186
11/23/2020,LNS,PA,AEA,EN,Federal Contract Tower,0,13,16,2,31,0,0,28,0,28,0,13,44,2,59,42,6,48,107
11/24/2020,LNS,PA,AEA,EN,Federal Contract Tower,0,10,31,5,46,0,1,145,0,146,0,11,176,5,192,212,6,218,410
11/25/2020,LNS,PA,AEA,EN,Federal Contract Tower,0,18,21,1,40,0,4,96,0,100,0,22,117,1,140,166,2,168,308
11/26/2020,LNS,PA,AEA,EN,Federal Contract Tower,0,12,6,0,18,0,0,3,0,3,0,12,9,0,21,20,0,20,41
11/27/2020,LNS,PA,AEA,EN,Federal Contract Tower,0,14,40,0,54,0,2,119,0,121,0,16,159,0,175,186,0,186,361
11/28/2020,LNS,PA,AEA,EN,Federal Contract Tower,0,11,32,0,43,0,0,98,0,98,0,11,130,0,141,72,0,72,213
11/29/2020,LNS,PA,AEA,EN,Federal Contract Tower,0,11,23,0,34,0,0,154,0,154,0,11,177,0,188,86,0,86,274
11/30/2020,LNS,PA,AEA,EN,Federal Contract Tower,0,12,22,0,34,0,0,5,0,5,0,12,27,0,39,14,0,14,53
12/01/2020,LNS,PA,AEA,EN,Federal Contract Tower,0,10,17,3,30,0,0,26,0,26,0,10,43,3,56,62,2,64,120
12/02/2020,LNS,PA,AEA,EN,Federal Contract Tower,0,18,23,3,44,0,0,62,1,63,0,18,85,4,107,82,4,86,193
12/03/2020,LNS,PA,AEA,EN,Federal Contract Tower,0,16,29,1,46,0,0,163,2,165,0,16,192,3,211,166,4,170,381
12/04/2020,LNS,PA,AEA,EN,Federal Contract Tower,0,16,19,2,37,0,0,44,0,44,0,16,63,2,81,98,4,102,183
12/05/2020,LNS,PA,AEA,EN,Federal Contract Tower,0,9,9,0,18,0,0,32,0,32,0,9,41,0,50,124,0,124,174
12/06/2020,LNS,PA,AEA,EN,Federal Contract Tower,0,9,31,0,40,0,1,77,0,78,0,10,108,0,118,96,0,96,214
12/07/2020,LNS,PA,AEA,EN,Federal Contract Tower,0,16,16,3,35,0,0,118,2,120,0,16,134,5,155,136,6,142,297
12/08/2020,LNS,PA,AEA,EN,Federal Contract Tower,0,20,30,1,51,0,1,79,0,80,0,21,109,1,131,114,14,128,259
12/09/2020,LNS,PA,AEA,EN,Federal Contract Tower,0,14,18,0,32,0,0,70,0,70,0,14,88,0,102,88,0,88,190
12/10/2020,LNS,PA,AEA,EN,Federal Contract Tower,0,14,32,3,49,0,0,138,0,138,0,14,170,3,187,160,0,160,347
12/11/2020,LNS,PA,AEA,EN,Federal Contract Tower,0,15,40,1,56,0,0,177,0,177,0,15,217,1,233,102,2,104,337
12/12/2020,LNS,PA,AEA,EN,Federal Contract Tower,0,6,13,0,19,0,0,14,4,18,0,6,27,4,37,32,4,36,73
12/13/2020,LNS,PA,AEA,EN,Federal Contract Tower,0,12,24,0,36,0,3,109,0,112,0,15,133,0,148,106,0,106,254
12/14/2020,LNS,PA,AEA,EN,Federal Contract Tower,0,12,7,0,19,0,0,2,0,2,0,12,9,0,21,20,0,20,41
12/15/2020,LNS,PA,AEA,EN,Federal Contract Tower,0,17,42,1,60,0,0,120,0,120,0,17,162,1,180,134,2,136,316
12/16/2020,LNS,PA,AEA,EN,Federal Contract Tower,0,5,3,0,8,0,0,16,0,16,0,5,19,0,24,44,0,44,68
12/17/2020,LNS,PA,AEA,EN,Federal Contract Tower,0,7,7,0,14,0,0,16,2,18,0,7,23,2,32,28,0,28,60
12/18/2020,LNS,PA,AEA,EN,Federal Contract Tower,0,14,26,0,40,0,0,109,0,109,0,14,135,0,149,126,0,126,275
12/19/2020,LNS,PA,AEA,EN,Federal Contract Tower,0,7,31,0,38,0,3,123,0,126,0,10,154,0,164,106,0,106,270
12/20/2020,LNS,PA,AEA,EN,Federal Contract Tower,0,9,9,0,18,0,0,13,0,13,0,9,22,0,31,44,0,44,75
12/21/2020,LNS,PA,AEA,EN,Federal Contract Tower,0,8,12,0,20,0,0,0,0,0,0,8,12,0,20,0,0,0,20
12/22/2020,LNS,PA,AEA,EN,Federal Contract Tower,0,15,12,2,29,0,0,101,0,101,0,15,113,2,130,130,4,134,264
12/23/2020,LNS,PA,AEA,EN,Federal Contract Tower,0,10,40,0,50,0,0,167,0,167,0,10,207,0,217,180,0,180,397
12/24/2020,LNS,PA,AEA,EN,Federal Contract Tower,0,12,4,0,16,0,0,0,0,0,0,12,4,0,16,0,0,0,16
12/25/2020,LNS,PA,AEA,EN,Federal Contract Tower,0,11,1,0,12,0,0,2,0,2,0,11,3,0,14,0,0,0,14
12/26/2020,LNS,PA,AEA,EN,Federal Contract Tower,0,6,11,0,17,0,0,67,0,67,0,6,78,0,84,78,0,78,162
12/27/2020,LNS,PA,AEA,EN,Federal Contract Tower,0,11,21,0,32,0,2,155,0,157,0,13,176,0,189,60,0,60,249
12/28/2020,LNS,PA,AEA,EN,Federal Contract Tower,0,15,27,0,42,0,0,144,0,144,0,15,171,0,186,136,0,136,322
12/29/2020,LNS,PA,AEA,EN,Federal Contract Tower,0,17,18,1,36,0,0,60,0,60,0,17,78,1,96,66,2,68,164
12/30/2020,LNS,PA,AEA,EN,Federal Contract Tower,0,11,22,2,35,0,0,119,1,120,0,11,141,3,155,162,8,170,325
12/31/2020,LNS,PA,AEA,EN,Federal Contract Tower,0,12,15,0,27,0,0,38,0,38,0,12,53,0,65,80,0,80,145
01/01/2021,LNS,PA,AEA,EN,Federal Contract Tower,0,8,1,0,9,0,0,14,0,14,0,8,15,0,23,22,0,22,45
01/02/2021,LNS,PA,AEA,EN,Federal Contract Tower,0,6,22,0,28,0,0,77,0,77,0,6,99,0,105,140,0,140,245
01/03/2021,LNS,PA,AEA,EN,Federal Contract Tower,0,10,4,0,14,0,0,0,0,0,0,10,4,0,14,0,0,0,14
01/04/2021,LNS,PA,AEA,EN,Federal Contract Tower,0,11,13,0,24,0,1,76,0,77,0,12,89,0,101,150,0,150,251
01/05/2021,LNS,PA,AEA,EN,Federal Contract Tower,0,12,14,0,26,0,0,39,0,39,0,12,53,0,65,159,0,159,224
01/06/2021,LNS,PA,AEA,EN,Federal Contract Tower,0,15,24,1,40,0,0,71,0,71,0,15,95,1,111,102,2,104,215
01/07/2021,LNS,PA,AEA,EN,Federal Contract Tower,0,14,22,11,47,0,0,116,2,118,0,14,138,13,165,98,24,122,287
01/08/2021,LNS,PA,AEA,EN,Federal Contract Tower,0,13,36,3,52,0,0,139,4,143,0,13,175,7,195,140,0,140,335
01/09/2021,LNS,PA,AEA,EN,Federal Contract Tower,0,7,18,0,25,0,8,96,0,104,0,15,114,0,129,112,0,112,241
01/10/2021,LNS,PA,AEA,EN,Federal Contract Tower,0,10,41,0,51,0,3,198,0,201,0,13,239,0,252,156,0,156,408
01/11/2021,LNS,PA,AEA,EN,Federal Contract Tower,0,13,20,6,39,0,0,124,2,126,0,13,144,8,165,154,4,158,323
01/12/2021,LNS,PA,AEA,EN,Federal Contract Tower,0,12,30,2,44,0,0,104,3,107,0,12,134,5,151,174,18,192,343
01/13/2021,LNS,PA,AEA,EN,Federal Contract Tower,0,10,27,4,41,0,0,106,0,106,0,10,133,4,147,114,6,120,267
01/14/2021,LNS,PA,AEA,EN,Federal Contract Tower,0,15,52,3,70,0,0,133,4,137,0,15,185,7,207,186,6,192,399
01/15/2021,LNS,PA,AEA,EN,Federal Contract Tower,0,17,34,1,52,0,0,33,0,33,0,17,67,1,85,70,2,72,157
01/16/2021,LNS,PA,AEA,EN,Federal Contract Tower,0,7,27,2,36,0,0,62,0,62,0,7,89,2,98,158,4,162,260
01/17/2021,LNS,PA,AEA,EN,Federal Contract Tower,0,6,23,0,29,0,0,65,0,65,0,6,88,0,94,62,0,62,156
01/18/2021,LNS,PA,AEA,EN,Federal Contract Tower,0,15,23,0,38,0,1,109,0,110,0,16,132,0,148,72,0,72,220
01/19/2021,LNS,PA,AEA,EN,Federal Contract Tower,0,11,38,1,50,0,0,83,0,83,0,11,121,1,133,126,2,128,261
01/20/2021,LNS,PA,AEA,EN,Federal Contract Tower,0,15,15,1,31,0,1,29,4,34,0,16,44,5,65,28,2,30,95
01/21/2021,LNS,PA,AEA,EN,Federal Contract Tower,0,17,27,5,49,0,1,114,0,115,0,18,141,5,164,154,10,164,328
01/22/2021,LNS,PA,AEA,EN,Federal Contract Tower,0,17,29,3,49,0,0,81,0,81,0,17,110,3,130,132,4,136,266
01/23/2021,LNS,PA,AEA,EN,Federal Contract Tower,0,9,11,0,20,0,0,34,2,36,0,9,45,2,56,38,0,38,94
01/24/2021,LNS,PA,AEA,EN,Federal Contract Tower,0,12,29,0,41,0,0,162,0,162,0,12,191,0,203,162,0,162,365
01/25/2021,LNS,PA,AEA,EN,Federal Contract Tower,0,13,23,3,39,0,0,96,1,97,0,13,119,4,136,136,18,154,290
01/26/2021,LNS,PA,AEA,EN,Federal Contract Tower,0,8,5,0,13,0,0,0,0,0,0,8,5,0,13,2,0,2,15
01/27/2021,LNS,PA,AEA,EN,Federal Contract Tower,0,19,39,1,59,0,0,69,0,69,0,19,108,1,128,122,2,124,252
01/28/2021,LNS,PA,AEA,EN,Federal Contract Tower,0,12,8,2,22,0,2,35,3,40,0,14,43,5,62,34,0,34,96
01/29/2021,LNS,PA,AEA,EN,Federal Contract Tower,0,18,16,0,34,0,0,25,0,25,0,18,41,0,59,44,0,44,103
01/30/2021,LNS,PA,AEA,EN,Federal Contract Tower,0,25,57,0,82,0,6,249,0,255,0,31,306,0,337,180,0,180,517
01/31/2021,LNS,PA,AEA,EN,Federal Contract Tower,0,7,6,0,13,0,0,1,0,1,0,7,7,0,14,8,0,8,22
02/01/2021,LNS,PA,AEA,EN,Federal Contract Tower,0,0,0,0,0,0,0,0,0,0,0,0,0,0,0,0,0,0,0
02/02/2021,LNS,PA,AEA,EN,Federal Contract Tower,0,6,4,0,10,0,0,0,0,0,0,6,4,0,10,4,0,4,14
02/03/2021,LNS,PA,AEA,EN,Federal Contract Tower,0,14,15,3,32,0,0,29,9,38,0,14,44,12,70,40,10,50,120
02/04/2021,LNS,PA,AEA,EN,Federal Contract Tower,0,18,34,2,54,0,0,155,2,157,0,18,189,4,211,116,6,122,333
02/05/2021,LNS,PA,AEA,EN,Federal Contract Tower,0,14,27,1,42,0,1,65,0,66,0,15,92,1,108,142,2,144,252
02/06/2021,LNS,PA,AEA,EN,Federal Contract Tower,0,7,25,0,32,0,0,103,0,103,0,7,128,0,135,82,2,84,219
02/07/2021,LNS,PA,AEA,EN,Federal Contract Tower,0,7,3,0,10,0,0,2,0,2,0,7,5,0,12,0,0,0,12
02/08/2021,LNS,PA,AEA,EN,Federal Contract Tower,0,12,46,3,61,0,0,141,0,141,0,12,187,3,202,230,4,234,436
02/09/2021,LNS,PA,AEA,EN,Federal Contract Tower,0,20,18,1,39,0,1,31,3,35,0,21,49,4,74,84,16,100,174
02/10/2021,LNS,PA,AEA,EN,Federal Contract Tower,0,18,34,9,61,0,2,104,3,109,0,20,138,12,170,92,12,104,274
02/11/2021,LNS,PA,AEA,EN,Federal Contract Tower,0,14,15,0,29,0,0,12,0,12,0,14,27,0,41,82,0,82,123
02/12/2021,LNS,PA,AEA,EN,Federal Contract Tower,0,15,25,0,40,0,0,90,0,90,0,15,115,0,130,176,0,176,306
02/13/2021,LNS,PA,AEA,EN,Federal Contract Tower,0,5,12,0,17,0,0,34,0,34,0,5,46,0,51,48,0,48,99
02/14/2021,LNS,PA,AEA,EN,Federal Contract Tower,0,10,16,0,26,0,0,26,0,26,0,10,42,0,52,72,0,72,124
02/15/2021,LNS,PA,AEA,EN,Federal Contract Tower,0,6,13,0,19,0,0,18,0,18,0,6,31,0,37,30,0,30,67
02/16/2021,LNS,PA,AEA,EN,Federal Contract Tower,0,9,21,1,31,0,1,38,4,43,0,10,59,5,74,78,18,96,170
02/17/2021,LNS,PA,AEA,EN,Federal Contract Tower,0,14,37,1,52,0,2,195,0,197,0,16,232,1,249,172,2,174,423
02/18/2021,LNS,PA,AEA,EN,Federal Contract Tower,0,2,1,0,3,0,0,0,0,0,0,2,1,0,3,0,0,0,3
02/19/2021,LNS,PA,AEA,EN,Federal Contract Tower,0,14,1,0,15,0,0,0,0,0,0,14,1,0,15,0,0,0,15
02/20/2021,LNS,PA,AEA,EN,Federal Contract Tower,0,7,15,0,22,0,1,89,0,90,0,8,104,0,112,88,0,88,200
02/21/2021,LNS,PA,AEA,EN,Federal Contract Tower,0,8,45,0,53,0,0,159,0,159,0,8,204,0,212,126,0,126,338
02/22/2021,LNS,PA,AEA,EN,Federal Contract Tower,0,9,9,0,18,0,0,0,0,0,0,9,9,0,18,0,0,0,18
02/23/2021,LNS,PA,AEA,EN,Federal Contract Tower,0,15,21,5,41,0,2,71,0,73,0,17,92,5,114,100,10,110,224
02/24/2021,LNS,PA,AEA,EN,Federal Contract Tower,0,27,32,2,61,0,4,186,4,194,0,31,218,6,255,130,0,130,385
02/25/2021,LNS,PA,AEA,EN,Federal Contract Tower,0,15,35,2,52,0,3,166,1,170,0,18,201,3,222,204,2,206,428
02/26/2021,LNS,PA,AEA,EN,Federal Contract Tower,0,22,30,1,53,0,4,220,4,228,0,26,250,5,281,156,6,162,443
02/27/2021,LNS,PA,AEA,EN,Federal Contract Tower,0,13,26,0,39,0,0,11,0,11,0,13,37,0,50,74,0,74,124
02/28/2021,LNS,PA,AEA,EN,Federal Contract Tower,0,8,17,0,25,0,0,4,0,4,0,8,21,0,29,18,0,18,47
03/01/2021,LNS,PA,AEA,EN,Federal Contract Tower,0,16,16,0,32,0,0,28,2,30,0,16,44,2,62,76,0,76,138
03/02/2021,LNS,PA,AEA,EN,Federal Contract Tower,0,21,28,3,52,0,0,87,0,87,0,21,115,3,139,146,0,146,285
03/03/2021,LNS,PA,AEA,EN,Federal Contract Tower,0,23,33,2,58,0,2,157,3,162,0,25,190,5,220,182,4,186,406
03/04/2021,LNS,PA,AEA,EN,Federal Contract Tower,0,24,17,5,46,0,1,75,0,76,0,25,92,5,122,92,6,98,220
03/05/2021,LNS,PA,AEA,EN,Federal Contract Tower,0,13,20,2,35,0,4,74,0,78,0,17,94,2,113,30,4,34,147
03/06/2021,LNS,PA,AEA,EN,Federal Contract Tower,0,12,20,4,36,0,5,84,1,90,0,17,104,5,126,68,0,68,194
03/07/2021,LNS,PA,AEA,EN,Federal Contract Tower,0,8,23,0,31,0,3,149,0,152,0,11,172,0,183,144,0,144,327
03/08/2021,LNS,PA,AEA,EN,Federal Contract Tower,0,13,25,0,38,0,1,178,2,181,0,14,203,2,219,182,2,184,403
03/09/2021,LNS,PA,AEA,EN,Federal Contract Tower,0,16,45,0,61,0,0,138,0,138,0,16,183,0,199,178,2,180,379
03/10/2021,LNS,PA,AEA,EN,Federal Contract Tower,0,13,55,1,69,0,0,157,0,157,0,13,212,1,226,162,2,164,390
03/11/2021,LNS,PA,AEA,EN,Federal Contract Tower,0,15,24,1,40,0,5,118,0,123,0,20,142,1,163,96,2,98,261
03/12/2021,LNS,PA,AEA,EN,Federal Contract Tower,0,13,29,6,48,0,1,107,0,108,0,14,136,6,156,94,18,112,268
03/13/2021,LNS,PA,AEA,EN,Federal Contract Tower,0,6,26,0,32,0,1,162,0,163,0,7,188,0,195,186,0,186,381
03/14/2021,LNS,PA,AEA,EN,Federal Contract Tower,0,15,15,0,30,0,0,38,0,38,0,15,53,0,68,82,0,82,150
03/15/2021,LNS,PA,AEA,EN,Federal Contract Tower,0,18,32,0,50,0,0,93,4,97,0,18,125,4,147,118,28,146,293
03/16/2021,LNS,PA,AEA,EN,Federal Contract Tower,0,13,13,0,26,0,0,36,0,36,0,13,49,0,62,104,2,106,168
03/17/2021,LNS,PA,AEA,EN,Federal Contract Tower,0,14,38,0,52,0,0,16,0,16,0,14,54,0,68,56,0,56,124
03/18/2021,LNS,PA,AEA,EN,Federal Contract Tower,0,13,19,0,32,0,0,0,0,0,0,13,19,0,32,4,0,4,36
03/19/2021,LNS,PA,AEA,EN,Federal Contract Tower,0,14,26,3,43,0,1,45,0,46,0,15,71,3,89,50,6,56,145
03/20/2021,LNS,PA,AEA,EN,Federal Contract Tower,0,6,42,0,48,0,6,213,0,219,0,12,255,0,267,202,0,202,469
03/21/2021,LNS,PA,AEA,EN,Federal Contract Tower,0,7,26,0,33,0,1,190,0,191,0,8,216,0,224,180,0,180,404
03/22/2021,LNS,PA,AEA,EN,Federal Contract Tower,0,17,45,8,70,0,1,192,0,193,0,18,237,8,263,160,12,172,435
03/23/2021,LNS,PA,AEA,EN,Federal Contract Tower,0,13,39,7,59,0,3,165,0,168,0,16,204,7,227,162,14,176,403
03/24/2021,LNS,PA,AEA,EN,Federal Contract Tower,0,12,21,0,33,0,0,0,0,0,0,12,21,0,33,14,0,14,47
03/25/2021,LNS,PA,AEA,EN,Federal Contract Tower,0,19,53,1,73,0,0,7,0,7,0,19,60,1,80,34,2,36,116
03/26/2021,LNS,PA,AEA,EN,Federal Contract Tower,0,13,12,0,25,0,0,22,0,22,0,13,34,0,47,14,0,14,61
03/27/2021,LNS,PA,AEA,EN,Federal Contract Tower,0,12,29,0,41,0,5,218,0,223,0,17,247,0,264,246,0,246,510
03/28/2021,LNS,PA,AEA,EN,Federal Contract Tower,0,12,12,0,24,0,0,0,0,0,0,12,12,0,24,6,0,6,30
03/29/2021,LNS,PA,AEA,EN,Federal Contract Tower,0,16,20,0,36,0,0,80,4,84,0,16,100,4,120,98,16,114,234
03/30/2021,LNS,PA,AEA,EN,Federal Contract Tower,0,12,42,6,60,0,1,149,2,152,0,13,191,8,212,142,4,146,358
03/31/2021,LNS,PA,AEA,EN,Federal Contract Tower,0,15,26,0,41,0,0,6,0,6,0,15,32,0,47,48,0,48,95
04/01/2021,LNS,PA,AEA,EN,Federal Contract Tower,0,17,25,3,45,0,1,38,1,40,0,18,63,4,85,54,20,74,159
04/02/2021,LNS,PA,AEA,EN,Federal Contract Tower,0,11,16,1,28,0,0,53,3,56,0,11,69,4,84,50,24,74,158
04/03/2021,LNS,PA,AEA,EN,Federal Contract Tower,0,7,35,0,42,0,0,145,0,145,0,7,180,0,187,124,0,124,311
04/04/2021,LNS,PA,AEA,EN,Federal Contract Tower,0,9,7,0,16,0,0,67,0,67,0,9,74,0,83,88,0,88,171
04/05/2021,LNS,PA,AEA,EN,Federal Contract Tower,0,18,34,2,54,0,0,137,0,137,0,18,171,2,191,158,20,178,369
04/06/2021,LNS,PA,AEA,EN,Federal Contract Tower,0,14,22,1,37,0,0,151,1,152,0,14,173,2,189,154,4,158,347
04/07/2021,LNS,PA,AEA,EN,Federal Contract Tower,0,15,26,3,44,0,0,161,0,161,0,15,187,3,205,202,0,202,407
04/08/2021,LNS,PA,AEA,EN,Federal Contract Tower,0,13,34,5,52,0,1,154,2,157,0,14,188,7,209,242,10,252,461
04/09/2021,LNS,PA,AEA,EN,Federal Contract Tower,0,14,47,1,62,0,0,35,0,35,0,14,82,1,97,76,2,78,175
04/10/2021,LNS,PA,AEA,EN,Federal Contract Tower,0,10,64,0,74,0,0,24,0,24,0,10,88,0,98,54,0,54,152
04/11/2021,LNS,PA,AEA,EN,Federal Contract Tower,0,9,30,0,39,0,0,20,0,20,0,9,50,0,59,46,0,46,105
04/12/2021,LNS,PA,AEA,EN,Federal Contract Tower,0,17,53,0,70,0,0,6,0,6,0,17,59,0,76,58,0,58,134
04/13/2021,LNS,PA,AEA,EN,Federal Contract Tower,0,15,51,0,66,0,1,122,0,123,0,16,173,0,189,274,0,274,463
04/14/2021,LNS,PA,AEA,EN,Federal Contract Tower,0,19,37,0,56,0,0,92,0,92,0,19,129,0,148,174,0,174,322
04/15/2021,LNS,PA,AEA,EN,Federal Contract Tower,0,21,52,3,76,0,0,34,1,35,0,21,86,4,111,156,12,168,279
04/16/2021,LNS,PA,AEA,EN,Federal Contract Tower,0,13,31,0,44,0,0,52,0,52,0,13,83,0,96,78,0,78,174
04/17/2021,LNS,PA,AEA,EN,Federal Contract Tower,0,7,19,0,26,0,0,133,0,133,0,7,152,0,159,200,0,200,359
04/18/2021,LNS,PA,AEA,EN,Federal Contract Tower,0,13,44,0,57,0,1,143,0,144,0,14,187,0,201,144,0,144,345
04/19/2021,LNS,PA,AEA,EN,Federal Contract Tower,0,12,41,2,55,0,0,124,6,130,0,12,165,8,185,110,2,112,297
04/20/2021,LNS,PA,AEA,EN,Federal Contract Tower,0,14,32,3,49,0,1,176,6,183,0,15,208,9,232,178,10,188,420
04/21/2021,LNS,PA,AEA,EN,Federal Contract Tower,0,15,14,0,29,0,0,24,3,27,0,15,38,3,56,46,0,46,102
04/22/2021,LNS,PA,AEA,EN,Federal Contract Tower,0,13,22,0,35,0,1,34,2,37,0,14,56,2,72,6,4,10,82
04/23/2021,LNS,PA,AEA,EN,Federal Contract Tower,0,16,40,0,56,0,1,148,4,153,0,17,188,4,209,96,0,96,305
04/24/2021,LNS,PA,AEA,EN,Federal Contract Tower,0,8,38,2,48,0,0,196,0,196,0,8,234,2,244,258,0,258,502
04/25/2021,LNS,PA,AEA,EN,Federal Contract Tower,0,11,23,0,34,0,1,38,0,39,0,12,61,0,73,92,0,92,165
04/26/2021,LNS,PA,AEA,EN,Federal Contract Tower,0,13,27,4,44,0,3,113,2,118,0,16,140,6,162,118,20,138,300
04/27/2021,LNS,PA,AEA,EN,Federal Contract Tower,0,21,41,11,73,0,1,191,1,193,0,22,232,12,266,174,26,200,466
04/28/2021,LNS,PA,AEA,EN,Federal Contract Tower,0,15,35,0,50,0,0,128,1,129,0,15,163,1,179,164,4,168,347
04/29/2021,LNS,PA,AEA,EN,Federal Contract Tower,0,18,27,0,45,0,1,37,4,42,0,19,64,4,87,54,4,58,145
04/30/2021,LNS,PA,AEA,EN,Federal Contract Tower,0,16,16,0,32,0,0,15,0,15,0,16,31,0,47,2,0,2,49
05/01/2021,LNS,PA,AEA,EN,Federal Contract Tower,0,6,18,0,24,0,0,108,0,108,0,6,126,0,132,120,0,120,252
05/02/2021,LNS,PA,AEA,EN,Federal Contract Tower,0,9,22,0,31,0,1,86,0,87,0,10,108,0,118,78,0,78,196
05/03/2021,LNS,PA,AEA,EN,Federal Contract Tower,0,16,39,2,57,0,2,35,0,37,0,18,74,2,94,78,4,82,176
05/04/2021,LNS,PA,AEA,EN,Federal Contract Tower,0,16,35,5,56,0,0,61,1,62,0,16,96,6,118,96,30,126,244
05/05/2021,LNS,PA,AEA,EN,Federal Contract Tower,0,15,26,1,42,0,0,25,3,28,0,15,51,4,70,104,4,108,178
05/06/2021,LNS,PA,AEA,EN,Federal Contract Tower,0,15,53,3,71,0,5,183,2,190,0,20,236,5,261,236,0,236,497
05/07/2021,LNS,PA,AEA,EN,Federal Contract Tower,0,13,32,0,45,0,0,108,0,108,0,13,140,0,153,106,0,106,259
05/08/2021,LNS,PA,AEA,EN,Federal Contract Tower,0,6,29,0,35,0,0,62,0,62,0,6,91,0,97,128,0,128,225
05/09/2021,LNS,PA,AEA,EN,Federal Contract Tower,0,7,18,0,25,0,4,54,0,58,0,11,72,0,83,112,0,112,195
05/10/2021,LNS,PA,AEA,EN,Federal Contract Tower,0,20,37,4,61,0,0,70,1,71,0,20,107,5,132,142,8,150,282
05/11/2021,LNS,PA,AEA,EN,Federal Contract Tower,0,16,43,2,61,0,4,113,1,118,0,20,156,3,179,90,36,126,305
05/12/2021,LNS,PA,AEA,EN,Federal Contract Tower,0,13,40,2,55,0,1,112,0,113,0,14,152,2,168,130,0,130,298
05/13/2021,LNS,PA,AEA,EN,Federal Contract Tower,0,16,37,0,53,0,0,163,0,163,0,16,200,0,216,228,0,228,444
05/14/2021,LNS,PA,AEA,EN,Federal Contract Tower,0,12,45,0,57,0,0,172,0,172,0,12,217,0,229,104,0,104,333
05/15/2021,LNS,PA,AEA,EN,Federal Contract Tower,0,6,24,2,32,0,2,166,0,168,0,8,190,2,200,178,4,182,382
05/16/2021,LNS,PA,AEA,EN,Federal Contract Tower,0,17,35,0,52,0,0,90,0,90,0,17,125,0,142,152,0,152,294
05/17/2021,LNS,PA,AEA,EN,Federal Contract Tower,0,16,47,3,66,0,3,114,0,117,0,19,161,3,183,164,6,170,353
05/18/2021,LNS,PA,AEA,EN,Federal Contract Tower,0,17,44,3,64,0,0,150,2,152,0,17,194,5,216,182,24,206,422
05/19/2021,LNS,PA,AEA,EN,Federal Contract Tower,0,20,42,2,64,0,1,179,3,183,0,21,221,5,247,194,6,200,447
05/20/2021,LNS,PA,AEA,EN,Federal Contract Tower,0,17,57,1,75,0,0,157,0,157,0,17,214,1,232,150,0,150,382
05/21/2021,LNS,PA,AEA,EN,Federal Contract Tower,0,17,41,1,59,0,2,190,2,194,0,19,231,3,253,140,0,140,393
05/22/2021,LNS,PA,AEA,EN,Federal Contract Tower,0,7,34,0,41,0,1,145,0,146,0,8,179,0,187,168,0,168,355
05/23/2021,LNS,PA,AEA,EN,Federal Contract Tower,0,9,25,0,34,0,1,128,0,129,0,10,153,0,163,110,0,110,273
05/24/2021,LNS,PA,AEA,EN,Federal Contract Tower,0,14,49,0,63,0,0,31,0,31,0,14,80,0,94,98,0,98,192
05/25/2021,LNS,PA,AEA,EN,Federal Contract Tower,0,14,49,6,69,0,2,93,5,100,0,16,142,11,169,200,14,214,383
05/26/2021,LNS,PA,AEA,EN,Federal Contract Tower,0,13,21,1,35,0,6,34,0,40,0,19,55,1,75,54,2,56,131
05/27/2021,LNS,PA,AEA,EN,Federal Contract Tower,0,21,56,2,79,0,1,172,0,173,0,22,228,2,252,116,4,120,372
05/28/2021,LNS,PA,AEA,EN,Federal Contract Tower,0,14,36,0,50,0,3,64,0,67,0,17,100,0,117,92,0,92,209
05/29/2021,LNS,PA,AEA,EN,Federal Contract Tower,0,9,28,0,37,0,0,1,0,1,0,9,29,0,38,10,0,10,48
05/30/2021,LNS,PA,AEA,EN,Federal Contract Tower,0,13,36,0,49,0,0,2,0,2,0,13,38,0,51,26,0,26,77
05/31/2021,LNS,PA,AEA,EN,Federal Contract Tower,0,20,20,0,40,0,2,124,0,126,0,22,144,0,166,126,0,126,292
06/01/2021,LNS,PA,AEA,EN,Federal Contract Tower,0,15,30,5,50,0,6,152,0,158,0,21,182,5,208,196,10,206,414
06/02/2021,LNS,PA,AEA,EN,Federal Contract Tower,0,18,39,1,58,0,1,122,1,124,0,19,161,2,182,178,0,178,360
06/03/2021,LNS,PA,AEA,EN,Federal Contract Tower,0,15,37,0,52,0,0,6,0,6,0,15,43,0,58,46,0,46,104
06/04/2021,LNS,PA,AEA,EN,Federal Contract Tower,0,18,28,4,50,0,0,44,4,48,0,18,72,8,98,44,20,64,162
06/05/2021,LNS,PA,AEA,EN,Federal Contract Tower,0,7,23,0,30,0,2,160,0,162,0,9,183,0,192,128,0,128,320
06/06/2021,LNS,PA,AEA,EN,Federal Contract Tower,0,11,16,5,32,0,0,125,0,125,0,11,141,5,157,54,0,54,211
06/07/2021,LNS,PA,AEA,EN,Federal Contract Tower,0,11,30,0,41,0,0,101,0,101,0,11,131,0,142,128,0,128,270
06/08/2021,LNS,PA,AEA,EN,Federal Contract Tower,0,16,16,1,33,0,0,81,0,81,0,16,97,1,114,126,2,128,242
06/09/2021,LNS,PA,AEA,EN,Federal Contract Tower,0,20,44,0,64,0,0,60,0,60,0,20,104,0,124,162,0,162,286
06/10/2021,LNS,PA,AEA,EN,Federal Contract Tower,0,18,31,1,50,0,1,96,2,99,0,19,127,3,149,152,4,156,305
06/11/2021,LNS,PA,AEA,EN,Federal Contract Tower,0,23,53,0,76,0,0,4,0,4,0,23,57,0,80,52,0,52,132
06/12/2021,LNS,PA,AEA,EN,Federal Contract Tower,0,15,38,1,54,0,1,114,4,119,0,16,152,5,173,132,2,134,307
06/13/2021,LNS,PA,AEA,EN,Federal Contract Tower,0,11,37,0,48,0,1,41,0,42,0,12,78,0,90,54,0,54,144
06/14/2021,LNS,PA,AEA,EN,Federal Contract Tower,0,15,43,0,58,0,0,66,0,66,0,15,109,0,124,118,0,118,242
06/15/2021,LNS,PA,AEA,EN,Federal Contract Tower,0,16,31,0,47,0,0,127,2,129,0,16,158,2,176,174,2,176,352
06/16/2021,LNS,PA,AEA,EN,Federal Contract Tower,0,19,40,0,59,0,12,176,0,188,0,31,216,0,247,164,0,164,411
06/17/2021,LNS,PA,AEA,EN,Federal Contract Tower,0,16,47,7,70,0,1,180,3,184,0,17,227,10,254,200,16,216,470
06/18/2021,LNS,PA,AEA,EN,Federal Contract Tower,0,13,42,0,55,0,0,176,0,176,0,13,218,0,231,156,0,156,387
06/19/2021,LNS,PA,AEA,EN,Federal Contract Tower,0,19,21,0,40,0,0,102,0,102,0,19,123,0,142,144,0,144,286
06/20/2021,LNS,PA,AEA,EN,Federal Contract Tower,0,11,18,0,29,0,1,90,0,91,0,12,108,0,120,110,0,110,230
06/21/2021,LNS,PA,AEA,EN,Federal Contract Tower,0,13,31,0,44,0,0,73,0,73,0,13,104,0,117,64,0,64,181
06/22/2021,LNS,PA,AEA,EN,Federal Contract Tower,0,14,40,1,55,0,2,21,1,24,0,16,61,2,79,56,0,56,135
06/23/2021,LNS,PA,AEA,EN,Federal Contract Tower,0,21,46,1,68,0,2,241,2,245,0,23,287,3,313,238,2,240,553
06/24/2021,LNS,PA,AEA,EN,Federal Contract Tower,0,23,51,8,82,0,4,182,1,187,0,27,233,9,269,198,26,224,493
06/25/2021,LNS,PA,AEA,EN,Federal Contract Tower,0,18,54,0,72,0,0,170,0,170,0,18,224,0,242,176,0,176,418
06/26/2021,LNS,PA,AEA,EN,Federal Contract Tower,0,9,27,0,36,0,0,55,2,57,0,9,82,2,93,92,0,92,185
06/27/2021,LNS,PA,AEA,EN,Federal Contract Tower,0,13,27,0,40,0,4,59,0,63,0,17,86,0,103,58,0,58,161
06/28/2021,LNS,PA,AEA,EN,Federal Contract Tower,0,15,35,1,51,0,0,146,4,150,0,15,181,5,201,150,14,164,365
06/29/2021,LNS,PA,AEA,EN,Federal Contract Tower,0,12,34,1,47,0,2,124,2,128,0,14,158,3,175,110,2,112,287
06/30/2021,LNS,PA,AEA,EN,Federal Contract Tower,0,13,28,3,44,0,1,142,0,143,0,14,170,3,187,238,6,244,431
07/01/2021,LNS,PA,AEA,EN,Federal Contract Tower,0,18,25,2,45,0,0,33,0,33,0,18,58,2,78,90,8,98,176
07/02/2021,LNS,PA,AEA,EN,Federal Contract Tower,0,14,60,8,82,0,0,76,0,76,0,14,136,8,158,154,12,166,324
07/03/2021,LNS,PA,AEA,EN,Federal Contract Tower,0,10,20,0,30,0,0,60,0,60,0,10,80,0,90,100,0,100,190
07/04/2021,LNS,PA,AEA,EN,Federal Contract Tower,0,10,15,0,25,0,0,73,0,73,0,10,88,0,98,72,0,72,170
07/05/2021,LNS,PA,AEA,EN,Federal Contract Tower,0,17,41,0,58,0,0,230,0,230,0,17,271,0,288,218,0,218,506
07/06/2021,LNS,PA,AEA,EN,Federal Contract Tower,0,14,22,5,41,0,0,111,0,111,0,14,133,5,152,158,12,170,322
07/07/2021,LNS,PA,AEA,EN,Federal Contract Tower,0,11,16,2,29,0,0,89,3,92,0,11,105,5,121,168,4,172,293
07/08/2021,LNS,PA,AEA,EN,Federal Contract Tower,0,15,19,0,34,0,0,49,2,51,0,15,68,2,85,66,2,68,153
07/09/2021,LNS,PA,AEA,EN,Federal Contract Tower,0,14,33,9,56,0,0,65,0,65,0,14,98,9,121,182,34,216,337
07/10/2021,LNS,PA,AEA,EN,Federal Contract Tower,0,6,50,0,56,0,0,146,0,146,0,6,196,0,202,196,0,196,398
07/11/2021,LNS,PA,AEA,EN,Federal Contract Tower,0,9,19,0,28,0,0,30,0,30,0,9,49,0,58,24,0,24,82
07/12/2021,LNS,PA,AEA,EN,Federal Contract Tower,0,15,23,1,39,0,0,45,0,45,0,15,68,1,84,74,2,76,160
07/13/2021,LNS,PA,AEA,EN,Federal Contract Tower,0,14,37,0,51,0,0,44,4,48,0,14,81,4,99,90,4,94,193
07/14/2021,LNS,PA,AEA,EN,Federal Contract Tower,0,14,29,4,47,0,0,115,0,115,0,14,144,4,162,176,14,190,352
07/15/2021,LNS,PA,AEA,EN,Federal Contract Tower,0,15,48,1,64,0,1,210,0,211,0,16,258,1,275,222,30,252,527
07/16/2021,LNS,PA,AEA,EN,Federal Contract Tower,0,16,39,1,56,0,0,136,8,144,0,16,175,9,200,128,2,130,330
07/17/2021,LNS,PA,AEA,EN,Federal Contract Tower,0,10,26,0,36,0,0,82,0,82,0,10,108,0,118,104,0,104,222
07/18/2021,LNS,PA,AEA,EN,Federal Contract Tower,0,10,22,0,32,0,0,63,0,63,0,10,85,0,95,120,0,120,215
07/19/2021,LNS,PA,AEA,EN,Federal Contract Tower,0,15,27,2,44,0,0,115,1,116,0,15,142,3,160,78,2,80,240
07/20/2021,LNS,PA,AEA,EN,Federal Contract Tower,0,14,64,0,78,0,0,98,0,98,0,14,162,0,176,196,6,202,378
07/21/2021,LNS,PA,AEA,EN,Federal Contract Tower,0,17,38,1,56,0,0,60,0,60,0,17,98,1,116,156,4,160,276
07/22/2021,LNS,PA,AEA,EN,Federal Contract Tower,0,21,44,1,66,0,3,173,2,178,0,24,217,3,244,142,2,144,388
07/23/2021,LNS,PA,AEA,EN,Federal Contract Tower,0,24,36,3,63,0,2,153,2,157,0,26,189,5,220,164,4,168,388
07/24/2021,LNS,PA,AEA,EN,Federal Contract Tower,0,15,22,0,37,0,9,154,0,163,0,24,176,0,200,184,0,184,384
07/25/2021,LNS,PA,AEA,EN,Federal Contract Tower,0,14,24,0,38,0,0,69,0,69,0,14,93,0,107,98,0,98,205
07/26/2021,LNS,PA,AEA,EN,Federal Contract Tower,0,17,27,5,49,0,0,107,6,113,0,17,134,11,162,72,4,76,238
07/27/2021,LNS,PA,AEA,EN,Federal Contract Tower,0,16,20,0,36,0,5,112,0,117,0,21,132,0,153,136,0,136,289
07/28/2021,LNS,PA,AEA,EN,Federal Contract Tower,0,22,29,1,52,0,3,109,2,114,0,25,138,3,166,76,2,78,244
07/29/2021,LNS,PA,AEA,EN,Federal Contract Tower,0,15,34,3,52,0,0,31,1,32,0,15,65,4,84,100,10,110,194
07/30/2021,LNS,PA,AEA,EN,Federal Contract Tower,0,14,40,0,54,0,1,120,4,125,0,15,160,4,179,92,0,92,271
07/31/2021,LNS,PA,AEA,EN,Federal Contract Tower,0,9,28,0,37,0,6,184,0,190,0,15,212,0,227,70,0,70,297
08/01/2021,LNS,PA,AEA,EN,Federal Contract Tower,0,12,23,0,35,0,1,8,0,9,0,13,31,0,44,0,0,0,44
08/02/2021,LNS,PA,AEA,EN,Federal Contract Tower,0,14,25,0,39,0,1,101,0,102,0,15,126,0,141,126,0,126,267
08/03/2021,LNS,PA,AEA,EN,Federal Contract Tower,0,11,23,7,41,0,2,160,4,166,0,13,183,11,207,138,0,138,345
08/04/2021,LNS,PA,AEA,EN,Federal Contract Tower,0,19,42,0,61,0,1,167,2,170,0,20,209,2,231,170,0,170,401
08/05/2021,LNS,PA,AEA,EN,Federal Contract Tower,0,14,29,5,48,0,1,161,2,164,0,15,190,7,212,130,12,142,354
08/06/2021,LNS,PA,AEA,EN,Federal Contract Tower,0,13,37,0,50,0,2,132,0,134,0,15,169,0,184,116,0,116,300
08/07/2021,LNS,PA,AEA,EN,Federal Contract Tower,0,9,43,0,52,0,0,92,0,92,0,9,135,0,144,98,0,98,242
08/08/2021,LNS,PA,AEA,EN,Federal Contract Tower,0,9,36,0,45,0,1,152,0,153,0,10,188,0,198,92,0,92,290
08/09/2021,LNS,PA,AEA,EN,Federal Contract Tower,0,17,42,1,60,0,0,73,3,76,0,17,115,4,136,152,2,154,290
08/10/2021,LNS,PA,AEA,EN,Federal Contract Tower,0,18,48,2,68,0,1,47,1,49,0,19,95,3,117,108,32,140,257
08/11/2021,LNS,PA,AEA,EN,Federal Contract Tower,0,14,38,0,52,0,0,66,0,66,0,14,104,0,118,116,0,116,234
08/12/2021,LNS,PA,AEA,EN,Federal Contract Tower,0,10,34,1,45,0,2,102,8,112,0,12,136,9,157,80,2,82,239
08/13/2021,LNS,PA,AEA,EN,Federal Contract Tower,0,18,30,2,50,0,0,98,0,98,0,18,128,2,148,154,4,158,306
08/14/2021,LNS,PA,AEA,EN,Federal Contract Tower,0,10,21,0,31,0,2,123,0,125,0,12,144,0,156,136,0,136,292
08/15/2021,LNS,PA,AEA,EN,Federal Contract Tower,0,11,34,0,45,0,2,152,0,154,0,13,186,0,199,156,0,156,355
08/16/2021,LNS,PA,AEA,EN,Federal Contract Tower,0,18,53,0,71,0,0,102,0,102,0,18,155,0,173,162,2,164,337
08/17/2021,LNS,PA,AEA,EN,Federal Contract Tower,0,18,42,1,61,0,0,9,0,9,0,18,51,1,70,20,2,22,92
08/18/2021,LNS,PA,AEA,EN,Federal Contract Tower,0,18,41,0,59,0,0,9,0,9,0,18,50,0,68,28,0,28,96
08/19/2021,LNS,PA,AEA,EN,Federal Contract Tower,0,20,47,1,68,0,0,116,2,118,0,20,163,3,186,180,2,182,368
08/20/2021,LNS,PA,AEA,EN,Federal Contract Tower,0,12,45,3,60,0,1,89,0,90,0,13,134,3,150,84,10,94,244
08/21/2021,LNS,PA,AEA,EN,Federal Contract Tower,0,8,27,0,35,0,3,123,0,126,0,11,150,0,161,136,0,136,297
08/22/2021,LNS,PA,AEA,EN,Federal Contract Tower,0,9,20,0,29,0,0,6,0,6,0,9,26,0,35,2,0,2,37
08/24/2021,LNS,PA,AEA,EN,Federal Contract Tower,0,17,43,8,68,0,1,153,1,155,0,18,196,9,223,178,16,194,417
08/25/2021,LNS,PA,AEA,EN,Federal Contract Tower,0,13,38,0,51,0,0,149,0,149,0,13,187,0,200,180,0,180,380
08/26/2021,LNS,PA,AEA,EN,Federal Contract Tower,0,15,28,0,43,0,0,119,0,119,0,15,147,0,162,146,0,146,308
08/27/2021,LNS,PA,AEA,EN,Federal Contract Tower,0,16,28,2,46,0,1,80,0,81,0,17,108,2,127,102,4,106,233
08/28/2021,LNS,PA,AEA,EN,Federal Contract Tower,0,18,36,0,54,0,0,17,0,17,0,18,53,0,71,160,0,160,231
08/31/2021,LNS,PA,AEA,EN,Federal Contract Tower,0,13,38,5,56,0,3,138,1,142,0,16,176,6,198,218,6,224,422
09/01/2021,LNS,PA,AEA,EN,Federal Contract Tower,0,11,10,0,21,0,0,0,0,0,0,11,10,0,21,2,0,2,23
09/02/2021,LNS,PA,AEA,EN,Federal Contract Tower,0,15,21,2,38,0,1,144,4,149,0,16,165,6,187,100,4,104,291
09/03/2021,LNS,PA,AEA,EN,Federal Contract Tower,0,19,63,0,82,0,2,159,0,161,0,21,222,0,243,172,0,172,415
09/04/2021,LNS,PA,AEA,EN,Federal Contract Tower,0,17,32,0,49,0,6,158,0,164,0,23,190,0,213,162,0,162,375
09/05/2021,LNS,PA,AEA,EN,Federal Contract Tower,0,11,29,0,40,0,0,12,0,12,0,11,41,0,52,64,0,64,116
09/06/2021,LNS,PA,AEA,EN,Federal Contract Tower,0,16,28,0,44,0,0,138,0,138,0,16,166,0,182,134,0,134,316
09/07/2021,LNS,PA,AEA,EN,Federal Contract Tower,0,14,55,5,74,0,1,181,5,187,0,15,236,10,261,132,14,146,407
09/08/2021,LNS,PA,AEA,EN,Federal Contract Tower,0,16,29,6,51,0,2,112,2,116,0,18,141,8,167,152,8,160,327
09/09/2021,LNS,PA,AEA,EN,Federal Contract Tower,0,21,37,3,61,0,0,73,0,73,0,21,110,3,134,148,6,154,288
09/10/2021,LNS,PA,AEA,EN,Federal Contract Tower,0,23,45,3,71,0,0,153,0,153,0,23,198,3,224,134,4,138,362
09/11/2021,LNS,PA,AEA,EN,Federal Contract Tower,0,15,27,0,42,0,0,175,0,175,0,15,202,0,217,174,0,174,391
09/12/2021,LNS,PA,AEA,EN,Federal Contract Tower,0,12,21,0,33,0,0,130,0,130,0,12,151,0,163,70,0,70,233
09/13/2021,LNS,PA,AEA,EN,Federal Contract Tower,0,18,38,10,66,0,1,166,3,170,0,19,204,13,236,148,12,160,396
09/14/2021,LNS,PA,AEA,EN,Federal Contract Tower,0,14,48,4,66,0,1,83,1,85,0,15,131,5,151,118,8,126,277
09/15/2021,LNS,PA,AEA,EN,Federal Contract Tower,0,15,32,1,48,0,2,89,3,94,0,17,121,4,142,84,20,104,246
09/16/2021,LNS,PA,AEA,EN,Federal Contract Tower,0,16,57,2,75,0,2,97,0,99,0,18,154,2,174,236,4,240,414
09/17/2021,LNS,PA,AEA,EN,Federal Contract Tower,0,17,49,0,66,0,0,44,0,44,0,17,93,0,110,68,0,68,178
09/18/2021,LNS,PA,AEA,EN,Federal Contract Tower,0,12,41,0,53,0,0,133,0,133,0,12,174,0,186,146,0,146,332
09/19/2021,LNS,PA,AEA,EN,Federal Contract Tower,0,12,40,2,54,0,1,204,0,205,0,13,244,2,259,144,2,146,405
09/20/2021,LNS,PA,AEA,EN,Federal Contract Tower,0,16,36,4,56,0,0,186,0,186,0,16,222,4,242,130,10,140,382
09/21/2021,LNS,PA,AEA,EN,Federal Contract Tower,0,17,39,2,58,0,0,128,0,128,0,17,167,2,186,124,4,128,314
09/22/2021,LNS,PA,AEA,EN,Federal Contract Tower,0,14,29,0,43,0,0,8,0,8,0,14,37,0,51,40,0,40,91
09/23/2021,LNS,PA,AEA,EN,Federal Contract Tower,0,17,17,1,35,0,0,41,0,41,0,17,58,1,76,106,2,108,184
09/24/2021,LNS,PA,AEA,EN,Federal Contract Tower,0,13,53,1,67,0,1,225,1,227,0,14,278,2,294,140,4,144,438
09/25/2021,LNS,PA,AEA,EN,Federal Contract Tower,0,7,31,0,38,0,3,201,0,204,0,10,232,0,242,154,0,154,396
09/26/2021,LNS,PA,AEA,EN,Federal Contract Tower,0,14,28,0,42,0,0,128,0,128,0,14,156,0,170,118,0,118,288
09/27/2021,LNS,PA,AEA,EN,Federal Contract Tower,0,19,46,0,65,0,0,168,0,168,0,19,214,0,233,192,0,192,425
09/29/2021,LNS,PA,AEA,EN,Federal Contract Tower,0,16,46,2,64,0,2,178,3,183,0,18,224,5,247,230,2,232,479
09/30/2021,LNS,PA,AEA,EN,Federal Contract Tower,0,17,61,5,83,0,1,195,0,196,0,18,256,5,279,180,6,186,465
10/01/2021,LNS,PA,AEA,EN,Federal Contract Tower,0,15,66,0,81,0,2,219,0,221,0,17,285,0,302,238,0,238,540
10/02/2021,LNS,PA,AEA,EN,Federal Contract Tower,0,9,37,0,46,0,0,161,0,161,0,9,198,0,207,148,0,148,355
10/03/2021,LNS,PA,AEA,EN,Federal Contract Tower,0,11,34,0,45,0,2,123,0,125,0,13,157,0,170,134,0,134,304
10/04/2021,LNS,PA,AEA,EN,Federal Contract Tower,0,21,33,0,54,0,0,60,0,60,0,21,93,0,114,116,0,116,230
10/05/2021,LNS,PA,AEA,EN,Federal Contract Tower,0,28,75,2,105,0,1,0,0,1,0,29,75,2,106,6,0,6,112
10/06/2021,LNS,PA,AEA,EN,Federal Contract Tower,0,22,49,4,75,0,0,21,0,21,0,22,70,4,96,112,6,118,214
10/07/2021,LNS,PA,AEA,EN,Federal Contract Tower,0,25,70,5,100,0,0,96,2,98,0,25,166,7,198,196,2,198,396
10/08/2021,LNS,PA,AEA,EN,Federal Contract Tower,0,20,51,0,71,0,2,127,0,129,0,22,178,0,200,282,0,282,482
10/09/2021,LNS,PA,AEA,EN,Federal Contract Tower,0,10,43,0,53,0,1,45,0,46,0,11,88,0,99,148,0,148,247
10/10/2021,LNS,PA,AEA,EN,Federal Contract Tower,0,12,51,0,63,0,0,9,0,9,0,12,60,0,72,88,0,88,160
10/11/2021,LNS,PA,AEA,EN,Federal Contract Tower,0,14,65,0,79,0,0,74,1,75,0,14,139,1,154,238,0,238,392
10/12/2021,LNS,PA,AEA,EN,Federal Contract Tower,0,14,56,5,75,0,0,38,0,38,0,14,94,5,113,186,2,188,301
10/13/2021,LNS,PA,AEA,EN,Federal Contract Tower,0,19,81,0,100,0,0,28,0,28,0,19,109,0,128,98,0,98,226
10/14/2021,LNS,PA,AEA,EN,Federal Contract Tower,0,17,52,4,73,0,1,144,2,147,0,18,196,6,220,148,12,160,380
10/15/2021,LNS,PA,AEA,EN,Federal Contract Tower,0,21,50,7,78,0,0,200,6,206,0,21,250,13,284,150,10,160,444
10/16/2021,LNS,PA,AEA,EN,Federal Contract Tower,0,13,26,0,39,0,0,15,0,15,0,13,41,0,54,40,0,40,94
10/17/2021,LNS,PA,AEA,EN,Federal Contract Tower,0,15,34,0,49,0,1,90,0,91,0,16,124,0,140,84,0,84,224
10/18/2021,LNS,PA,AEA,EN,Federal Contract Tower,0,19,18,1,38,0,2,99,2,103,0,21,117,3,141,100,2,102,243
10/19/2021,LNS,PA,AEA,EN,Federal Contract Tower,0,16,21,4,41,0,3,138,2,143,0,19,159,6,184,124,0,124,308
10/20/2021,LNS,PA,AEA,EN,Federal Contract Tower,0,25,37,4,66,0,1,246,2,249,0,26,283,6,315,236,0,236,551
10/21/2021,LNS,PA,AEA,EN,Federal Contract Tower,0,14,35,1,50,0,1,226,4,231,0,15,261,5,281,144,12,156,437
10/22/2021,LNS,PA,AEA,EN,Federal Contract Tower,0,23,29,0,52,0,6,148,2,156,0,29,177,2,208,150,2,152,360
10/23/2021,LNS,PA,AEA,EN,Federal Contract Tower,0,27,26,0,53,0,4,90,0,94,0,31,116,0,147,136,0,136,283
10/24/2021,LNS,PA,AEA,EN,Federal Contract Tower,0,13,28,0,41,0,2,147,0,149,0,15,175,0,190,122,0,122,312
10/25/2021,LNS,PA,AEA,EN,Federal Contract Tower,0,12,29,4,45,0,0,96,0,96,0,12,125,4,141,188,12,200,341
10/26/2021,LNS,PA,AEA,EN,Federal Contract Tower,0,19,35,2,56,0,0,5,0,5,0,19,40,2,61,30,6,36,97
10/27/2021,LNS,PA,AEA,EN,Federal Contract Tower,0,15,29,2,46,0,0,99,0,99,0,15,128,2,145,160,20,180,325
10/28/2021,LNS,PA,AEA,EN,Federal Contract Tower,0,17,51,2,70,0,2,210,0,212,0,19,261,2,282,112,4,116,398
10/29/2021,LNS,PA,AEA,EN,Federal Contract Tower,0,17,30,6,53,0,2,0,0,2,0,19,30,6,55,2,4,6,61
10/30/2021,LNS,PA,AEA,EN,Federal Contract Tower,0,8,32,0,40,0,0,41,0,41,0,8,73,0,81,82,0,82,163
10/31/2021,LNS,PA,AEA,EN,Federal Contract Tower,0,11,49,0,60,0,0,29,0,29,0,11,78,0,89,50,0,50,139
11/01/2021,LNS,PA,AEA,EN,Federal Contract Tower,0,12,36,3,51,0,0,145,1,146,0,12,181,4,197,216,4,220,417
11/02/2021,LNS,PA,AEA,EN,Federal Contract Tower,0,15,47,3,65,0,5,63,1,69,0,20,110,4,134,200,8,208,342
11/03/2021,LNS,PA,AEA,EN,Federal Contract Tower,0,23,43,1,67,0,0,171,0,171,0,23,214,1,238,194,6,200,438
11/04/2021,LNS,PA,AEA,EN,Federal Contract Tower,0,24,52,5,81,0,1,154,1,156,0,25,206,6,237,150,0,150,387
11/05/2021,LNS,PA,AEA,EN,Federal Contract Tower,0,18,43,0,61,0,0,181,2,183,0,18,224,2,244,166,0,166,410
11/06/2021,LNS,PA,AEA,EN,Federal Contract Tower,0,10,27,0,37,0,6,140,0,146,0,16,167,0,183,124,0,124,307
11/07/2021,LNS,PA,AEA,EN,Federal Contract Tower,0,14,38,0,52,0,3,175,0,178,0,17,213,0,230,136,0,136,366
11/08/2021,LNS,PA,AEA,EN,Federal Contract Tower,0,19,33,4,56,0,4,132,2,138,0,23,165,6,194,164,8,172,366
11/09/2021,LNS,PA,AEA,EN,Federal Contract Tower,0,15,36,2,53,0,1,160,2,163,0,16,196,4,216,138,2,140,356
11/10/2021,LNS,PA,AEA,EN,Federal Contract Tower,0,18,43,6,67,0,0,145,3,148,0,18,188,9,215,166,18,184,399
11/11/2021,LNS,PA,AEA,EN,Federal Contract Tower,0,12,41,0,53,0,0,163,0,163,0,12,204,0,216,145,0,145,361
11/12/2021,LNS,PA,AEA,EN,Federal Contract Tower,0,14,23,0,37,0,2,65,0,67,0,16,88,0,104,186,0,186,290
11/13/2021,LNS,PA,AEA,EN,Federal Contract Tower,0,15,18,0,33,0,2,36,0,38,0,17,54,0,71,52,0,52,123
11/14/2021,LNS,PA,AEA,EN,Federal Contract Tower,0,19,26,0,45,0,3,149,0,152,0,22,175,0,197,88,0,88,285
11/15/2021,LNS,PA,AEA,EN,Federal Contract Tower,0,22,30,0,52,0,0,65,0,65,0,22,95,0,117,84,0,84,201
11/16/2021,LNS,PA,AEA,EN,Federal Contract Tower,0,14,47,4,65,0,0,152,0,152,0,14,199,4,217,138,10,148,365
11/17/2021,LNS,PA,AEA,EN,Federal Contract Tower,0,18,28,2,48,0,0,173,0,173,0,18,201,2,221,244,0,244,465
11/18/2021,LNS,PA,AEA,EN,Federal Contract Tower,0,18,26,6,50,0,1,76,6,83,0,19,102,12,133,96,2,98,231
11/19/2021,LNS,PA,AEA,EN,Federal Contract Tower,0,18,17,1,36,0,0,84,0,84,0,18,101,1,120,120,0,120,240
11/20/2021,LNS,PA,AEA,EN,Federal Contract Tower,0,16,17,0,33,0,0,168,0,168,0,16,185,0,201,120,0,120,321
11/21/2021,LNS,PA,AEA,EN,Federal Contract Tower,0,12,21,0,33,0,4,122,0,126,0,16,143,0,159,58,0,58,217
11/22/2021,LNS,PA,AEA,EN,Federal Contract Tower,0,12,18,4,34,0,1,95,0,96,0,13,113,4,130,122,6,128,258
11/23/2021,LNS,PA,AEA,EN,Federal Contract Tower,0,19,32,2,53,0,0,77,2,79,0,19,109,4,132,158,4,162,294
11/24/2021,LNS,PA,AEA,EN,Federal Contract Tower,0,21,41,2,64,0,1,189,0,190,0,22,230,2,254,164,0,164,418
11/25/2021,LNS,PA,AEA,EN,Federal Contract Tower,0,10,20,0,30,0,0,49,0,49,0,10,69,0,79,18,0,18,97
11/26/2021,LNS,PA,AEA,EN,Federal Contract Tower,0,6,15,0,21,0,0,5,0,5,0,6,20,0,26,14,0,14,40
11/27/2021,LNS,PA,AEA,EN,Federal Contract Tower,0,7,27,0,34,0,0,75,0,75,0,7,102,0,109,116,0,116,225
11/28/2021,LNS,PA,AEA,EN,Federal Contract Tower,0,17,29,0,46,0,2,140,0,142,0,19,169,0,188,116,0,116,304
11/29/2021,LNS,PA,AEA,EN,Federal Contract Tower,0,17,22,0,39,0,0,82,0,82,0,17,104,0,121,130,0,130,251
11/30/2021,LNS,PA,AEA,EN,Federal Contract Tower,0,14,25,3,42,0,0,52,1,53,0,14,77,4,95,112,10,122,217
12/01/2021,LNS,PA,AEA,EN,Federal Contract Tower,0,16,50,4,70,0,1,148,1,150,0,17,198,5,220,189,10,199,419
12/02/2021,LNS,PA,AEA,EN,Federal Contract Tower,0,19,35,1,55,0,0,86,2,88,0,19,121,3,143,135,0,135,278
12/03/2021,LNS,PA,AEA,EN,Federal Contract Tower,0,15,38,6,59,0,0,126,6,132,0,15,164,12,191,126,2,128,319
12/04/2021,LNS,PA,AEA,EN,Federal Contract Tower,0,11,31,0,42,0,4,199,4,207,0,15,230,4,249,144,0,144,393
12/05/2021,LNS,PA,AEA,EN,Federal Contract Tower,0,15,37,0,52,0,1,189,0,190,0,16,226,0,242,76,0,76,318
12/06/2021,LNS,PA,AEA,EN,Federal Contract Tower,0,14,11,1,26,0,0,16,0,16,0,14,27,1,42,80,0,80,122
12/07/2021,LNS,PA,AEA,EN,Federal Contract Tower,0,14,31,3,48,0,0,153,1,154,0,14,184,4,202,202,22,224,426
12/08/2021,LNS,PA,AEA,EN,Federal Contract Tower,0,28,15,5,48,0,0,58,1,59,0,28,73,6,107,156,12,168,275
12/09/2021,LNS,PA,AEA,EN,Federal Contract Tower,0,16,31,2,49,0,0,144,6,150,0,16,175,8,199,162,8,170,369
12/10/2021,LNS,PA,AEA,EN,Federal Contract Tower,0,19,36,0,55,0,0,138,2,140,0,19,174,2,195,200,0,200,395
12/11/2021,LNS,PA,AEA,EN,Federal Contract Tower,0,10,5,0,15,0,0,0,0,0,0,10,5,0,15,2,0,2,17
12/12/2021,LNS,PA,AEA,EN,Federal Contract Tower,0,11,23,1,35,0,2,87,1,90,0,13,110,2,125,44,0,44,169
12/13/2021,LNS,PA,AEA,EN,Federal Contract Tower,0,19,32,2,53,0,0,172,3,175,0,19,204,5,228,138,6,144,372
12/14/2021,LNS,PA,AEA,EN,Federal Contract Tower,0,17,25,3,45,0,0,155,4,159,0,17,180,7,204,106,6,112,316
12/15/2021,LNS,PA,AEA,EN,Federal Contract Tower,0,14,46,1,61,0,1,95,0,96,0,15,141,1,157,114,0,114,271
12/16/2021,LNS,PA,AEA,EN,Federal Contract Tower,0,19,40,0,59,0,1,156,2,159,0,20,196,2,218,154,0,154,372
12/17/2021,LNS,PA,AEA,EN,Federal Contract Tower,0,26,33,0,59,0,0,131,0,131,0,26,164,0,190,122,0,122,312
12/18/2021,LNS,PA,AEA,EN,Federal Contract Tower,0,13,34,0,47,0,0,1,0,1,0,13,35,0,48,4,0,4,52
12/19/2021,LNS,PA,AEA,EN,Federal Contract Tower,0,10,20,0,30,0,1,81,0,82,0,11,101,0,112,104,0,104,216
12/20/2021,LNS,PA,AEA,EN,Federal Contract Tower,0,13,23,2,38,0,1,143,0,144,0,14,166,2,182,102,0,102,284
12/21/2021,LNS,PA,AEA,EN,Federal Contract Tower,0,18,31,0,49,0,3,156,2,161,0,21,187,2,210,148,0,148,358
12/23/2021,LNS,PA,AEA,EN,Federal Contract Tower,0,18,30,0,48,0,3,164,0,167,0,21,194,0,215,106,0,106,321
12/24/2021,LNS,PA,AEA,EN,Federal Contract Tower,0,13,31,0,44,0,0,70,0,70,0,13,101,0,114,86,0,86,200
12/25/2021,LNS,PA,AEA,EN,Federal Contract Tower,0,2,4,0,6,0,0,3,0,3,0,2,7,0,9,0,0,0,9
12/26/2021,LNS,PA,AEA,EN,Federal Contract Tower,0,13,34,0,47,0,12,129,0,141,0,25,163,0,188,80,0,80,268
12/27/2021,LNS,PA,AEA,EN,Federal Contract Tower,0,12,14,0,26,0,0,9,0,9,0,12,23,0,35,43,0,43,78
12/29/2021,LNS,PA,AEA,EN,Federal Contract Tower,0,15,35,0,50,0,1,74,2,77,0,16,109,2,127,116,0,116,243
12/30/2021,LNS,PA,AEA,EN,Federal Contract Tower,0,10,45,0,55,0,0,0,0,0,0,10,45,0,55,10,0,10,65
12/31/2021,LNS,PA,AEA,EN,Federal Contract Tower,0,13,22,0,35,0,0,0,0,0,0,13,22,0,35,12,0,12,47
01/01/2022,LNS,PA,AEA,EN,Federal Contract Tower,0,3,12,0,15,0,0,0,0,0,0,3,12,0,15,0,0,0,15
01/02/2022,LNS,PA,AEA,EN,Federal Contract Tower,0,10,18,0,28,0,0,50,0,50,0,10,68,0,78,72,0,72,150
01/03/2022,LNS,PA,AEA,EN,Federal Contract Tower,0,12,18,0,30,0,2,90,2,94,0,14,108,2,124,110,0,110,234
01/04/2022,LNS,PA,AEA,EN,Federal Contract Tower,0,13,24,0,37,0,2,162,0,164,0,15,186,0,201,110,0,110,311
01/05/2022,LNS,PA,AEA,EN,Federal Contract Tower,0,13,18,2,33,0,0,91,2,93,0,13,109,4,126,88,2,90,216
01/06/2022,LNS,PA,AEA,EN,Federal Contract Tower,0,18,3,5,26,0,0,98,0,98,0,18,101,5,124,102,6,108,232
01/07/2022,LNS,PA,AEA,EN,Federal Contract Tower,0,15,13,0,28,0,1,14,2,17,0,16,27,2,45,0,0,0,45
01/08/2022,LNS,PA,AEA,EN,Federal Contract Tower,0,13,33,1,47,0,2,175,0,177,0,15,208,1,224,138,2,140,364
01/09/2022,LNS,PA,AEA,EN,Federal Contract Tower,0,7,7,0,14,0,0,0,0,0,0,7,7,0,14,0,0,0,14
01/10/2022,LNS,PA,AEA,EN,Federal Contract Tower,0,12,21,0,33,0,0,70,0,70,0,12,91,0,103,60,0,60,163
01/11/2022,LNS,PA,AEA,EN,Federal Contract Tower,0,19,16,1,36,0,1,99,8,108,0,20,115,9,144,130,2,132,276
01/12/2022,LNS,PA,AEA,EN,Federal Contract Tower,0,12,43,4,59,0,4,138,2,144,0,16,181,6,203,134,0,134,337
01/13/2022,LNS,PA,AEA,EN,Federal Contract Tower,0,21,24,4,49,0,0,190,3,193,0,21,214,7,242,146,4,150,392
01/14/2022,LNS,PA,AEA,EN,Federal Contract Tower,0,13,25,1,39,0,0,64,1,65,0,13,89,2,104,122,0,122,226
01/15/2022,LNS,PA,AEA,EN,Federal Contract Tower,0,10,25,0,35,0,0,89,0,89,0,10,114,0,124,84,0,84,208
01/16/2022,LNS,PA,AEA,EN,Federal Contract Tower,0,9,20,0,29,0,0,53,0,53,0,9,73,0,82,106,0,106,188
01/17/2022,LNS,PA,AEA,EN,Federal Contract Tower,0,4,9,0,13,0,10,0,0,10,0,14,9,0,23,28,0,28,51
01/18/2022,LNS,PA,AEA,EN,Federal Contract Tower,0,18,22,3,43,0,1,90,2,93,0,19,112,5,136,80,0,80,216
01/19/2022,LNS,PA,AEA,EN,Federal Contract Tower,0,16,28,0,44,0,0,154,4,158,0,16,182,4,202,140,0,140,342
01/20/2022,LNS,PA,AEA,EN,Federal Contract Tower,4,15,20,0,39,0,0,66,3,69,4,15,86,3,108,84,8,92,200
01/21/2022,LNS,PA,AEA,EN,Federal Contract Tower,0,12,33,0,45,0,0,129,1,130,0,12,162,1,175,184,2,186,361
01/22/2022,LNS,PA,AEA,EN,Federal Contract Tower,0,13,42,0,55,0,0,121,1,122,0,13,163,1,177,184,0,184,361
01/23/2022,LNS,PA,AEA,EN,Federal Contract Tower,0,6,14,0,20,0,0,96,0,96,0,6,110,0,116,102,0,102,218
01/24/2022,LNS,PA,AEA,EN,Federal Contract Tower,0,13,33,1,47,0,0,143,3,146,0,13,176,4,193,154,2,156,349
01/25/2022,LNS,PA,AEA,EN,Federal Contract Tower,0,18,34,5,57,0,0,113,5,118,0,18,147,10,175,130,8,138,313
01/26/2022,LNS,PA,AEA,EN,Federal Contract Tower,0,13,28,2,43,0,0,139,4,143,0,13,167,6,186,162,0,162,348
01/27/2022,LNS,PA,AEA,EN,Federal Contract Tower,0,18,37,4,59,0,0,165,2,167,0,18,202,6,226,116,2,118,344
01/28/2022,LNS,PA,AEA,EN,Federal Contract Tower,0,16,12,0,28,0,0,0,0,0,0,16,12,0,28,0,0,0,28
01/29/2022,LNS,PA,AEA,EN,Federal Contract Tower,0,5,4,0,9,0,0,6,0,6,0,5,10,0,15,8,0,8,23
01/30/2022,LNS,PA,AEA,EN,Federal Contract Tower,0,9,32,0,41,0,2,108,0,110,0,11,140,0,151,124,0,124,275
01/31/2022,LNS,PA,AEA,EN,Federal Contract Tower,0,12,42,1,55,0,0,139,3,142,0,12,181,4,197,148,16,164,361
02/01/2022,LNS,PA,AEA,EN,Federal Contract Tower,0,13,26,6,45,0,1,134,6,141,0,14,160,12,186,172,24,196,382
02/02/2022,LNS,PA,AEA,EN,Federal Contract Tower,0,17,23,0,40,0,2,60,0,62,0,19,83,0,102,148,0,148,250
02/03/2022,LNS,PA,AEA,EN,Federal Contract Tower,0,3,6,0,9,0,0,0,0,0,0,3,6,0,9,0,0,0,9
02/04/2022,LNS,PA,AEA,EN,Federal Contract Tower,0,14,3,0,17,0,0,0,0,0,0,14,3,0,17,0,0,0,17
02/05/2022,LNS,PA,AEA,EN,Federal Contract Tower,0,10,26,1,37,0,2,63,0,65,0,12,89,1,102,138,0,138,240
02/06/2022,LNS,PA,AEA,EN,Federal Contract Tower,0,13,28,5,46,0,0,166,0,166,0,13,194,5,212,166,0,166,378
02/07/2022,LNS,PA,AEA,EN,Federal Contract Tower,0,14,20,7,41,0,0,20,1,21,0,14,40,8,62,98,14,112,174
02/08/2022,LNS,PA,AEA,EN,Federal Contract Tower,0,16,32,6,54,0,0,94,6,100,0,16,126,12,154,177,24,201,355
02/09/2022,LNS,PA,AEA,EN,Federal Contract Tower,0,13,45,5,63,0,0,148,2,150,0,13,193,7,213,162,10,172,385
02/10/2022,LNS,PA,AEA,EN,Federal Contract Tower,0,15,31,5,51,0,0,123,2,125,0,15,154,7,176,74,4,78,254
02/11/2022,LNS,PA,AEA,EN,Federal Contract Tower,0,24,39,1,64,0,1,145,0,146,0,25,184,1,210,148,0,148,358
02/12/2022,LNS,PA,AEA,EN,Federal Contract Tower,0,14,24,0,38,0,1,115,2,118,0,15,139,2,156,122,0,122,278
02/13/2022,LNS,PA,AEA,EN,Federal Contract Tower,0,13,10,0,23,0,0,36,0,36,0,13,46,0,59,89,0,89,148
02/14/2022,LNS,PA,AEA,EN,Federal Contract Tower,0,14,31,5,50,0,0,84,1,85,0,14,115,6,135,122,0,122,257
02/15/2022,LNS,PA,AEA,EN,Federal Contract Tower,0,17,40,2,59,0,2,155,0,157,0,19,195,2,216,140,6,146,362
02/16/2022,LNS,PA,AEA,EN,Federal Contract Tower,0,22,16,4,42,0,4,117,3,124,0,26,133,7,166,198,6,204,370
02/17/2022,LNS,PA,AEA,EN,Federal Contract Tower,0,15,26,2,43,0,0,44,4,48,0,15,70,6,91,42,4,46,137
02/18/2022,LNS,PA,AEA,EN,Federal Contract Tower,0,14,10,0,24,0,0,23,0,23,0,14,33,0,47,26,0,26,73
02/19/2022,LNS,PA,AEA,EN,Federal Contract Tower,0,11,8,0,19,0,0,18,0,18,0,11,26,0,37,54,0,54,91
02/20/2022,LNS,PA,AEA,EN,Federal Contract Tower,0,11,21,0,32,0,2,244,1,247,0,13,265,1,279,144,0,144,423
02/21/2022,LNS,PA,AEA,EN,Federal Contract Tower,0,16,40,0,56,0,5,276,0,281,0,21,316,0,337,182,0,182,519
02/22/2022,LNS,PA,AEA,EN,Federal Contract Tower,0,16,28,2,46,0,0,1,1,2,0,16,29,3,48,22,0,22,70
02/23/2022,LNS,PA,AEA,EN,Federal Contract Tower,0,19,23,6,48,0,0,86,4,90,0,19,109,10,138,98,4,102,240
02/24/2022,LNS,PA,AEA,EN,Federal Contract Tower,0,21,18,1,40,0,0,115,2,117,0,21,133,3,157,220,0,220,377
02/25/2022,LNS,PA,AEA,EN,Federal Contract Tower,0,9,12,0,21,0,0,0,2,2,0,9,12,2,23,0,0,0,23
02/26/2022,LNS,PA,AEA,EN,Federal Contract Tower,0,16,29,0,45,0,0,218,0,218,0,16,247,0,263,174,0,174,437
02/27/2022,LNS,PA,AEA,EN,Federal Contract Tower,0,11,26,0,37,0,1,62,0,63,0,12,88,0,100,42,0,42,142
02/28/2022,LNS,PA,AEA,EN,Federal Contract Tower,0,22,44,3,69,0,4,147,1,152,0,26,191,4,221,174,0,174,395
03/01/2022,LNS,PA,AEA,EN,Federal Contract Tower,0,14,41,7,62,0,0,96,0,96,0,14,137,7,158,204,8,212,370
03/02/2022,LNS,PA,AEA,EN,Federal Contract Tower,0,11,53,2,66,0,0,202,0,202,0,11,255,2,268,128,2,130,398
03/03/2022,LNS,PA,AEA,EN,Federal Contract Tower,0,15,42,0,57,0,0,118,4,122,0,15,160,4,179,170,0,170,349
03/04/2022,LNS,PA,AEA,EN,Federal Contract Tower,0,19,32,2,53,0,0,225,0,225,0,19,257,2,278,228,0,228,506
03/05/2022,LNS,PA,AEA,EN,Federal Contract Tower,0,13,35,0,48,0,0,153,0,153,0,13,188,0,201,100,0,100,301
03/06/2022,LNS,PA,AEA,EN,Federal Contract Tower,0,14,16,0,30,0,0,62,0,62,0,14,78,0,92,68,0,68,160
03/07/2022,LNS,PA,AEA,EN,Federal Contract Tower,0,17,12,2,31,0,0,61,4,65,0,17,73,6,96,84,6,90,186
03/08/2022,LNS,PA,AEA,EN,Federal Contract Tower,0,16,43,6,65,0,0,100,0,100,0,16,143,6,165,124,6,130,295
03/09/2022,LNS,PA,AEA,EN,Federal Contract Tower,0,16,5,0,21,0,0,0,0,0,0,16,5,0,21,0,0,0,21
03/10/2022,LNS,PA,AEA,EN,Federal Contract Tower,0,22,40,6,68,0,0,143,2,145,0,22,183,8,213,110,0,110,323
03/11/2022,LNS,PA,AEA,EN,Federal Contract Tower,0,23,60,6,89,0,7,165,1,173,0,30,225,7,262,144,16,160,422
03/12/2022,LNS,PA,AEA,EN,Federal Contract Tower,0,8,2,0,10,0,0,2,0,2,0,8,4,0,12,0,0,0,12
03/13/2022,LNS,PA,AEA,EN,Federal Contract Tower,0,14,24,0,38,0,1,71,0,72,0,15,95,0,110,32,0,32,142
03/14/2022,LNS,PA,AEA,EN,Federal Contract Tower,0,20,30,4,54,0,3,163,0,166,0,23,193,4,220,110,0,110,330
03/15/2022,LNS,PA,AEA,EN,Federal Contract Tower,0,18,43,4,65,0,0,160,1,161,0,18,203,5,226,178,6,184,410
03/16/2022,LNS,PA,AEA,EN,Federal Contract Tower,0,18,52,4,74,0,0,172,0,172,0,18,224,4,246,190,0,190,436
03/17/2022,LNS,PA,AEA,EN,Federal Contract Tower,0,14,63,0,77,0,0,9,0,9,0,14,72,0,86,42,0,42,128
03/18/2022,LNS,PA,AEA,EN,Federal Contract Tower,0,16,52,5,73,0,1,164,3,168,0,17,216,8,241,100,16,116,357
03/19/2022,LNS,PA,AEA,EN,Federal Contract Tower,0,8,31,4,43,0,6,69,0,75,0,14,100,4,118,72,0,72,190
03/20/2022,LNS,PA,AEA,EN,Federal Contract Tower,0,9,26,0,35,0,1,43,0,44,0,10,69,0,79,76,0,76,155
03/21/2022,LNS,PA,AEA,EN,Federal Contract Tower,0,16,43,0,59,0,0,119,0,119,0,16,162,0,178,140,0,140,318
03/22/2022,LNS,PA,AEA,EN,Federal Contract Tower,0,14,53,0,67,0,2,156,2,160,0,16,209,2,227,176,0,176,403
03/23/2022,LNS,PA,AEA,EN,Federal Contract Tower,0,19,43,5,67,0,1,56,0,57,0,20,99,5,124,108,2,110,234
03/24/2022,LNS,PA,AEA,EN,Federal Contract Tower,0,20,57,0,77,0,0,0,0,0,0,20,57,0,77,14,0,14,91
03/25/2022,LNS,PA,AEA,EN,Federal Contract Tower,0,14,58,0,72,0,0,62,0,62,0,14,120,0,134,116,0,116,250
03/26/2022,LNS,PA,AEA,EN,Federal Contract Tower,0,9,29,0,38,0,0,63,0,63,0,9,92,0,101,132,0,132,233
03/27/2022,LNS,PA,AEA,EN,Federal Contract Tower,0,10,16,0,26,0,0,15,0,15,0,10,31,0,41,8,0,8,49
03/28/2022,LNS,PA,AEA,EN,Federal Contract Tower,0,14,18,3,35,0,1,36,1,38,0,15,54,4,73,48,0,48,121
03/29/2022,LNS,PA,AEA,EN,Federal Contract Tower,0,18,30,12,60,0,0,131,3,134,0,18,161,15,194,70,14,84,278
03/30/2022,LNS,PA,AEA,EN,Federal Contract Tower,0,21,32,2,55,0,2,101,1,104,0,23,133,3,159,120,4,124,283
03/31/2022,LNS,PA,AEA,EN,Federal Contract Tower,0,18,19,0,37,0,0,6,0,6,0,18,25,0,43,20,0,20,63
04/01/2022,LNS,PA,AEA,EN,Federal Contract Tower,0,16,35,1,52,0,2,46,2,50,0,18,81,3,102,14,2,16,118
04/02/2022,LNS,PA,AEA,EN,Federal Contract Tower,0,13,39,0,52,0,1,200,4,205,0,14,239,4,257,172,0,172,429
04/03/2022,LNS,PA,AEA,EN,Federal Contract Tower,0,12,23,0,35,0,0,17,0,17,0,12,40,0,52,50,0,50,102
04/04/2022,LNS,PA,AEA,EN,Federal Contract Tower,0,15,36,0,51,0,1,211,2,214,0,16,247,2,265,158,0,158,423
04/05/2022,LNS,PA,AEA,EN,Federal Contract Tower,0,13,66,3,82,0,1,100,1,102,0,14,166,4,184,146,0,146,330
04/06/2022,LNS,PA,AEA,EN,Federal Contract Tower,0,20,53,1,74,0,0,6,0,6,0,20,59,1,80,42,2,44,124
04/07/2022,LNS,PA,AEA,EN,Federal Contract Tower,0,25,17,0,42,0,0,0,0,0,0,25,17,0,42,0,0,0,42
04/08/2022,LNS,PA,AEA,EN,Federal Contract Tower,0,20,58,2,80,0,1,134,3,138,0,21,192,5,218,126,2,128,346
04/09/2022,LNS,PA,AEA,EN,Federal Contract Tower,0,15,24,0,39,0,0,62,0,62,0,15,86,0,101,82,0,82,183
04/10/2022,LNS,PA,AEA,EN,Federal Contract Tower,0,17,32,0,49,0,1,56,0,57,0,18,88,0,106,110,0,110,216
04/11/2022,LNS,PA,AEA,EN,Federal Contract Tower,0,16,33,2,51,0,0,211,0,211,0,16,244,2,262,106,20,126,388
04/12/2022,LNS,PA,AEA,EN,Federal Contract Tower,0,16,32,4,52,0,0,141,4,145,0,16,173,8,197,124,16,140,337
04/13/2022,LNS,PA,AEA,EN,Federal Contract Tower,0,15,44,8,67,0,4,146,3,153,0,19,190,11,220,122,16,138,358
04/14/2022,LNS,PA,AEA,EN,Federal Contract Tower,0,14,28,2,44,0,0,81,2,83,0,14,109,4,127,148,4,152,279
04/15/2022,LNS,PA,AEA,EN,Federal Contract Tower,0,16,58,1,75,0,0,149,2,151,0,16,207,3,226,56,12,68,294
04/16/2022,LNS,PA,AEA,EN,Federal Contract Tower,0,13,21,0,34,0,0,97,0,97,0,13,118,0,131,122,0,122,253
04/17/2022,LNS,PA,AEA,EN,Federal Contract Tower,0,9,12,0,21,0,0,46,0,46,0,9,58,0,67,70,0,70,137
04/18/2022,LNS,PA,AEA,EN,Federal Contract Tower,0,18,39,4,61,0,0,45,1,46,0,18,84,5,107,66,8,74,181
04/19/2022,LNS,PA,AEA,EN,Federal Contract Tower,0,20,21,2,43,0,1,51,1,53,0,21,72,3,96,36,2,38,134
04/20/2022,LNS,PA,AEA,EN,Federal Contract Tower,0,18,45,1,64,0,2,195,2,199,0,20,240,3,263,172,14,186,449
04/21/2022,LNS,PA,AEA,EN,Federal Contract Tower,0,14,47,0,61,0,0,105,2,107,0,14,152,2,168,144,2,146,314
04/22/2022,LNS,PA,AEA,EN,Federal Contract Tower,0,20,47,6,73,0,0,144,0,144,0,20,191,6,217,243,0,243,460
04/23/2022,LNS,PA,AEA,EN,Federal Contract Tower,0,11,61,0,72,0,0,154,0,154,0,11,215,0,226,138,0,138,364
04/24/2022,LNS,PA,AEA,EN,Federal Contract Tower,0,12,38,0,50,0,2,204,0,206,0,14,242,0,256,156,0,156,412
04/25/2022,LNS,PA,AEA,EN,Federal Contract Tower,0,23,76,0,99,0,0,33,0,33,0,23,109,0,132,120,0,120,252
04/26/2022,LNS,PA,AEA,EN,Federal Contract Tower,0,14,42,0,56,0,0,27,4,31,0,14,69,4,87,110,0,110,197
04/27/2022,LNS,PA,AEA,EN,Federal Contract Tower,0,16,14,0,30,0,0,57,3,60,0,16,71,3,90,46,4,50,140
04/28/2022,LNS,PA,AEA,EN,Federal Contract Tower,0,15,23,2,40,0,0,87,0,87,0,15,110,2,127,48,0,48,175
04/29/2022,LNS,PA,AEA,EN,Federal Contract Tower,0,19,39,0,58,0,0,127,0,127,0,19,166,0,185,128,0,128,313
04/30/2022,LNS,PA,AEA,EN,Federal Contract Tower,0,8,31,0,39,0,0,181,0,181,0,8,212,0,220,174,0,174,394
05/01/2022,LNS,PA,AEA,EN,Federal Contract Tower,0,10,26,0,36,0,0,73,0,73,0,10,99,0,109,76,0,76,185
05/02/2022,LNS,PA,AEA,EN,Federal Contract Tower,0,18,41,0,59,0,0,106,0,106,0,18,147,0,165,126,0,126,291
05/03/2022,LNS,PA,AEA,EN,Federal Contract Tower,0,21,33,6,60,0,2,78,0,80,0,23,111,6,140,126,0,126,266
05/04/2022,LNS,PA,AEA,EN,Federal Contract Tower,0,21,42,0,63,0,0,23,0,23,0,21,65,0,86,30,0,30,116
05/05/2022,LNS,PA,AEA,EN,Federal Contract Tower,0,20,34,6,60,0,3,255,0,258,0,23,289,6,318,262,0,262,580
05/06/2022,LNS,PA,AEA,EN,Federal Contract Tower,0,17,43,0,60,0,0,0,0,0,0,17,43,0,60,0,0,0,60
05/07/2022,LNS,PA,AEA,EN,Federal Contract Tower,0,11,5,0,16,0,0,2,0,2,0,11,7,0,18,0,0,0,18
05/08/2022,LNS,PA,AEA,EN,Federal Contract Tower,0,8,24,1,33,0,0,60,0,60,0,8,84,1,93,140,2,142,235
05/09/2022,LNS,PA,AEA,EN,Federal Contract Tower,0,14,38,0,52,0,0,119,0,119,0,14,157,0,171,128,0,128,299
05/10/2022,LNS,PA,AEA,EN,Federal Contract Tower,0,17,23,4,44,0,1,128,2,131,0,18,151,6,175,166,0,166,341
05/11/2022,LNS,PA,AEA,EN,Federal Contract Tower,0,18,40,4,62,0,6,173,1,180,0,24,213,5,242,114,4,118,360
05/12/2022,LNS,PA,AEA,EN,Federal Contract Tower,0,15,60,1,76,0,3,82,0,85,0,18,142,1,161,236,0,236,397
05/13/2022,LNS,PA,AEA,EN,Federal Contract Tower,0,24,72,0,96,0,0,8,0,8,0,24,80,0,104,0,0,0,104
05/14/2022,LNS,PA,AEA,EN,Federal Contract Tower,0,14,33,1,48,0,0,3,0,3,0,14,36,1,51,36,2,38,89
05/15/2022,LNS,PA,AEA,EN,Federal Contract Tower,0,10,44,0,54,0,0,21,0,21,0,10,65,0,75,64,2,66,141
05/16/2022,LNS,PA,AEA,EN,Federal Contract Tower,0,16,24,0,40,0,0,21,0,21,0,16,45,0,61,78,0,78,139
05/17/2022,LNS,PA,AEA,EN,Federal Contract Tower,0,17,35,1,53,0,2,97,2,101,0,19,132,3,154,62,23,85,239
05/18/2022,LNS,PA,AEA,EN,Federal Contract Tower,0,19,37,4,60,0,2,177,14,193,0,21,214,18,253,174,0,174,427
05/19/2022,LNS,PA,AEA,EN,Federal Contract Tower,0,18,43,7,68,0,4,68,0,72,0,22,111,7,140,92,0,92,232
05/20/2022,LNS,PA,AEA,EN,Federal Contract Tower,0,16,35,2,53,0,2,63,2,67,0,18,98,4,120,86,0,86,206
05/21/2022,LNS,PA,AEA,EN,Federal Contract Tower,0,14,44,2,60,0,1,172,0,173,0,15,216,2,233,88,0,88,321
05/22/2022,LNS,PA,AEA,EN,Federal Contract Tower,0,12,20,0,32,0,0,83,0,83,0,12,103,0,115,82,0,82,197
05/23/2022,LNS,PA,AEA,EN,Federal Contract Tower,0,14,46,3,63,0,3,100,1,104,0,17,146,4,167,213,0,213,380
05/24/2022,LNS,PA,AEA,EN,Federal Contract Tower,0,16,54,4,74,0,3,119,3,125,0,19,173,7,199,186,18,204,403
05/25/2022,LNS,PA,AEA,EN,Federal Contract Tower,0,14,37,8,59,0,2,167,2,171,0,16,204,10,230,187,12,199,429
05/26/2022,LNS,PA,AEA,EN,Federal Contract Tower,0,22,56,2,80,0,0,40,0,40,0,22,96,2,120,194,0,194,314
05/27/2022,LNS,PA,AEA,EN,Federal Contract Tower,0,18,30,0,48,0,0,6,2,8,0,18,36,2,56,6,0,6,62
05/28/2022,LNS,PA,AEA,EN,Federal Contract Tower,0,9,30,0,39,0,0,114,0,114,0,9,144,0,153,128,0,128,281
05/29/2022,LNS,PA,AEA,EN,Federal Contract Tower,0,12,25,0,37,0,1,174,0,175,0,13,199,0,212,106,0,106,318
05/30/2022,LNS,PA,AEA,EN,Federal Contract Tower,0,15,36,0,51,0,0,146,0,146,0,15,182,0,197,154,0,154,351
05/31/2022,LNS,PA,AEA,EN,Federal Contract Tower,0,23,55,2,80,0,2,132,2,136,0,25,187,4,216,176,2,178,394
06/01/2022,LNS,PA,AEA,EN,Federal Contract Tower,0,12,38,0,50,0,3,106,2,111,0,15,144,2,161,101,0,101,262
06/02/2022,LNS,PA,AEA,EN,Federal Contract Tower,0,14,30,0,44,0,2,40,4,46,0,16,70,4,90,136,0,136,226
06/03/2022,LNS,PA,AEA,EN,Federal Contract Tower,0,16,52,2,70,0,2,146,12,160,0,18,198,14,230,108,8,116,346
06/04/2022,LNS,PA,AEA,EN,Federal Contract Tower,0,14,33,2,49,0,1,186,2,189,0,15,219,4,238,148,12,160,398
06/05/2022,LNS,PA,AEA,EN,Federal Contract Tower,0,11,35,1,47,0,0,162,1,163,0,11,197,2,210,124,0,124,334
06/06/2022,LNS,PA,AEA,EN,Federal Contract Tower,0,15,49,0,64,0,1,160,0,161,0,16,209,0,225,123,0,123,348
06/07/2022,LNS,PA,AEA,EN,Federal Contract Tower,0,15,19,1,35,0,46,0,0,46,0,61,19,1,81,92,2,94,175
06/08/2022,LNS,PA,AEA,EN,Federal Contract Tower,0,17,35,1,53,0,1,106,0,107,0,18,141,1,160,150,2,152,312
06/09/2022,LNS,PA,AEA,EN,Federal Contract Tower,0,17,24,0,41,0,1,92,4,97,0,18,116,4,138,72,0,72,210
06/10/2022,LNS,PA,AEA,EN,Federal Contract Tower,0,15,34,0,49,0,0,203,0,203,0,15,237,0,252,118,0,118,370
06/11/2022,LNS,PA,AEA,EN,Federal Contract Tower,0,7,33,0,40,0,0,94,0,94,0,7,127,0,134,140,0,140,274
06/12/2022,LNS,PA,AEA,EN,Federal Contract Tower,0,8,18,0,26,0,0,8,0,8,0,8,26,0,34,2,0,2,36
06/13/2022,LNS,PA,AEA,EN,Federal Contract Tower,0,21,29,2,52,0,1,128,0,129,0,22,157,2,181,150,0,150,331
06/14/2022,LNS,PA,AEA,EN,Federal Contract Tower,0,15,27,1,43,0,0,80,1,81,0,15,107,2,124,236,2,238,362
06/15/2022,LNS,PA,AEA,EN,Federal Contract Tower,0,12,51,0,63,0,0,199,1,200,0,12,250,1,263,192,0,192,455
06/16/2022,LNS,PA,AEA,EN,Federal Contract Tower,0,17,32,0,49,0,0,17,4,21,0,17,49,4,70,70,2,72,142
06/17/2022,LNS,PA,AEA,EN,Federal Contract Tower,0,19,29,4,52,0,2,88,0,90,0,21,117,4,142,86,0,86,228
06/18/2022,LNS,PA,AEA,EN,Federal Contract Tower,0,8,5,0,13,0,0,51,0,51,0,8,56,0,64,58,0,58,122
06/19/2022,LNS,PA,AEA,EN,Federal Contract Tower,0,8,11,0,19,0,3,86,0,89,0,11,97,0,108,74,0,74,182
06/20/2022,LNS,PA,AEA,EN,Federal Contract Tower,0,18,31,0,49,0,1,224,0,225,0,19,255,0,274,140,0,140,414
06/21/2022,LNS,PA,AEA,EN,Federal Contract Tower,0,14,36,0,50,0,1,126,0,127,0,15,162,0,177,214,0,214,391
06/22/2022,LNS,PA,AEA,EN,Federal Contract Tower,0,14,31,1,46,0,1,65,3,69,0,15,96,4,115,92,0,92,207
06/23/2022,LNS,PA,AEA,EN,Federal Contract Tower,0,13,28,0,41,0,0,9,0,9,0,13,37,0,50,48,0,48,98
06/24/2022,LNS,PA,AEA,EN,Federal Contract Tower,0,20,62,0,82,0,0,134,2,136,0,20,196,2,218,174,0,174,392
06/25/2022,LNS,PA,AEA,EN,Federal Contract Tower,0,10,27,0,37,0,2,178,0,180,0,12,205,0,217,232,0,232,449
06/26/2022,LNS,PA,AEA,EN,Federal Contract Tower,0,14,18,0,32,0,0,87,0,87,0,14,105,0,119,32,0,32,151
06/27/2022,LNS,PA,AEA,EN,Federal Contract Tower,0,11,25,1,37,0,0,77,0,77,0,11,102,1,114,166,0,166,280
06/28/2022,LNS,PA,AEA,EN,Federal Contract Tower,0,12,35,0,47,0,1,170,1,172,0,13,205,1,219,166,0,166,385
06/29/2022,LNS,PA,AEA,EN,Federal Contract Tower,0,13,36,1,50,0,0,210,0,210,0,13,246,1,260,182,0,182,442
06/30/2022,LNS,PA,AEA,EN,Federal Contract Tower,0,16,36,10,62,0,0,180,3,183,0,16,216,13,245,132,8,140,385
07/01/2022,LNS,PA,AEA,EN,Federal Contract Tower,0,14,35,0,49,0,1,121,0,122,0,15,156,0,171,122,0,122,293
07/02/2022,LNS,PA,AEA,EN,Federal Contract Tower,0,12,17,0,29,0,0,72,0,72,0,12,89,0,101,172,0,172,273
07/03/2022,LNS,PA,AEA,EN,Federal Contract Tower,0,15,38,0,53,0,1,130,0,131,0,16,168,0,184,92,0,92,276
07/04/2022,LNS,PA,AEA,EN,Federal Contract Tower,0,15,19,0,34,0,0,150,0,150,0,15,169,0,184,164,0,164,348
07/05/2022,LNS,PA,AEA,EN,Federal Contract Tower,0,14,27,2,43,0,0,61,2,63,0,14,88,4,106,68,0,68,174
07/06/2022,LNS,PA,AEA,EN,Federal Contract Tower,0,17,52,2,71,0,1,137,3,141,0,18,189,5,212,224,4,228,440
07/07/2022,LNS,PA,AEA,EN,Federal Contract Tower,0,18,49,3,70,0,1,82,2,85,0,19,131,5,155,186,10,196,351
07/08/2022,LNS,PA,AEA,EN,Federal Contract Tower,0,17,84,2,103,0,0,49,1,50,0,17,133,3,153,112,0,112,265
07/09/2022,LNS,PA,AEA,EN,Federal Contract Tower,0,10,26,0,36,0,2,61,0,63,0,12,87,0,99,118,0,118,217
07/10/2022,LNS,PA,AEA,EN,Federal Contract Tower,0,12,35,0,47,0,3,230,0,233,0,15,265,0,280,186,0,186,466
07/11/2022,LNS,PA,AEA,EN,Federal Contract Tower,0,16,28,0,44,0,4,184,2,190,0,20,212,2,234,182,10,192,426
07/12/2022,LNS,PA,AEA,EN,Federal Contract Tower,0,24,14,0,38,0,8,90,2,100,0,32,104,2,138,94,12,106,244
07/13/2022,LNS,PA,AEA,EN,Federal Contract Tower,0,23,38,0,61,0,6,184,0,190,0,29,222,0,251,224,0,224,475
07/14/2022,LNS,PA,AEA,EN,Federal Contract Tower,0,20,33,0,53,0,1,143,1,145,0,21,176,1,198,198,8,206,404
07/15/2022,LNS,PA,AEA,EN,Federal Contract Tower,0,20,40,0,60,0,3,146,2,151,0,23,186,2,211,140,4,144,355
07/16/2022,LNS,PA,AEA,EN,Federal Contract Tower,0,17,36,0,53,0,0,62,0,62,0,17,98,0,115,146,0,146,261
07/17/2022,LNS,PA,AEA,EN,Federal Contract Tower,0,10,27,0,37,0,2,33,1,36,0,12,60,1,73,74,2,76,149
07/18/2022,LNS,PA,AEA,EN,Federal Contract Tower,0,17,22,0,39,0,0,41,2,43,0,17,63,2,82,80,0,80,162
07/19/2022,LNS,PA,AEA,EN,Federal Contract Tower,0,19,30,0,49,0,1,126,1,128,0,20,156,1,177,130,12,142,319
07/20/2022,LNS,PA,AEA,EN,Federal Contract Tower,0,20,46,5,71,0,9,151,0,160,0,29,197,5,231,190,0,190,421
07/21/2022,LNS,PA,AEA,EN,Federal Contract Tower,0,25,36,4,65,0,6,118,0,124,0,31,154,4,189,174,2,176,365
07/22/2022,LNS,PA,AEA,EN,Federal Contract Tower,0,24,37,2,63,0,5,148,0,153,0,29,185,2,216,180,0,180,396
07/23/2022,LNS,PA,AEA,EN,Federal Contract Tower,0,18,26,1,45,0,1,156,2,159,0,19,182,3,204,104,2,106,310
07/24/2022,LNS,PA,AEA,EN,Federal Contract Tower,0,20,31,0,51,0,5,95,0,100,0,25,126,0,151,146,0,146,297
07/25/2022,LNS,PA,AEA,EN,Federal Contract Tower,0,17,26,0,43,0,0,68,0,68,0,17,94,0,111,134,0,134,245
07/26/2022,LNS,PA,AEA,EN,Federal Contract Tower,0,13,25,1,39,0,1,187,0,188,0,14,212,1,227,166,2,168,395
07/27/2022,LNS,PA,AEA,EN,Federal Contract Tower,0,12,45,10,67,0,0,163,0,163,0,12,208,10,230,204,16,220,450
07/28/2022,LNS,PA,AEA,EN,Federal Contract Tower,0,19,37,1,57,0,0,84,0,84,0,19,121,1,141,146,0,146,287
07/29/2022,LNS,PA,AEA,EN,Federal Contract Tower,0,20,28,2,50,0,4,81,1,86,0,24,109,3,136,76,10,86,222
07/30/2022,LNS,PA,AEA,EN,Federal Contract Tower,0,11,43,0,54,0,7,157,0,164,0,18,200,0,218,204,0,204,422
07/31/2022,LNS,PA,AEA,EN,Federal Contract Tower,0,14,34,0,48,0,0,109,0,109,0,14,143,0,157,74,0,74,231
08/01/2022,LNS,PA,AEA,EN,Federal Contract Tower,0,20,26,5,51,0,0,61,0,61,0,20,87,5,112,89,4,93,205
08/02/2022,LNS,PA,AEA,EN,Federal Contract Tower,0,14,35,1,50,0,0,163,2,165,0,14,198,3,215,196,6,202,417
08/03/2022,LNS,PA,AEA,EN,Federal Contract Tower,0,12,33,0,45,0,1,193,1,195,0,13,226,1,240,298,4,302,542
08/04/2022,LNS,PA,AEA,EN,Federal Contract Tower,0,13,25,11,49,0,1,141,0,142,0,14,166,11,191,82,8,90,281
08/05/2022,LNS,PA,AEA,EN,Federal Contract Tower,0,13,27,0,40,0,1,90,0,91,0,14,117,0,131,108,0,108,239
08/06/2022,LNS,PA,AEA,EN,Federal Contract Tower,0,11,46,2,59,0,0,32,0,32,0,11,78,2,91,82,2,84,175
08/07/2022,LNS,PA,AEA,EN,Federal Contract Tower,0,12,36,0,48,0,0,92,0,92,0,12,128,0,140,88,0,88,228
08/08/2022,LNS,PA,AEA,EN,Federal Contract Tower,0,21,29,0,50,0,0,111,0,111,0,21,140,0,161,114,0,114,275
08/09/2022,LNS,PA,AEA,EN,Federal Contract Tower,0,15,23,0,38,0,2,98,1,101,0,17,121,1,139,172,0,172,311
08/10/2022,LNS,PA,AEA,EN,Federal Contract Tower,0,19,24,0,43,0,0,126,0,126,0,19,150,0,169,264,0,264,433
08/11/2022,LNS,PA,AEA,EN,Federal Contract Tower,0,17,34,0,51,0,2,171,2,175,0,19,205,2,226,160,0,160,386
08/12/2022,LNS,PA,AEA,EN,Federal Contract Tower,0,15,50,5,70,0,3,135,0,138,0,18,185,5,208,110,8,118,326
08/13/2022,LNS,PA,AEA,EN,Federal Contract Tower,0,13,46,0,59,0,8,196,0,204,0,21,242,0,263,188,0,188,451
08/14/2022,LNS,PA,AEA,EN,Federal Contract Tower,0,16,25,0,41,0,1,139,0,140,0,17,164,0,181,116,0,116,297
08/15/2022,LNS,PA,AEA,EN,Federal Contract Tower,0,15,32,0,47,0,4,123,0,127,0,19,155,0,174,216,0,216,390
08/16/2022,LNS,PA,AEA,EN,Federal Contract Tower,0,22,39,1,62,0,0,119,2,121,0,22,158,3,183,220,2,222,405
08/17/2022,LNS,PA,AEA,EN,Federal Contract Tower,0,18,37,0,55,0,3,92,4,99,0,21,129,4,154,180,0,180,334
08/18/2022,LNS,PA,AEA,EN,Federal Contract Tower,0,20,25,5,50,0,0,233,0,233,0,20,258,5,283,254,2,256,539
08/19/2022,LNS,PA,AEA,EN,Federal Contract Tower,0,14,47,0,61,0,3,166,0,169,0,17,213,0,230,114,0,114,344
08/20/2022,LNS,PA,AEA,EN,Federal Contract Tower,0,11,42,0,53,0,1,118,0,119,0,12,160,0,172,183,0,183,355
08/21/2022,LNS,PA,AEA,EN,Federal Contract Tower,0,10,28,0,38,0,0,41,0,41,0,10,69,0,79,78,0,78,157
08/22/2022,LNS,PA,AEA,EN,Federal Contract Tower,0,18,15,2,35,0,0,7,2,9,0,18,22,4,44,66,0,66,110
08/23/2022,LNS,PA,AEA,EN,Federal Contract Tower,0,18,54,2,74,0,0,103,6,109,0,18,157,8,183,236,10,246,429
08/24/2022,LNS,PA,AEA,EN,Federal Contract Tower,0,17,45,6,68,0,3,178,2,183,0,20,223,8,251,148,16,164,415
08/25/2022,LNS,PA,AEA,EN,Federal Contract Tower,0,16,30,2,48,0,1,176,0,177,0,17,206,2,225,328,2,330,555
08/26/2022,LNS,PA,AEA,EN,Federal Contract Tower,0,22,46,1,69,0,0,117,6,123,0,22,163,7,192,122,6,128,320
08/27/2022,LNS,PA,AEA,EN,Federal Contract Tower,0,14,22,0,36,0,3,145,0,148,0,17,167,0,184,132,0,132,316
08/28/2022,LNS,PA,AEA,EN,Federal Contract Tower,0,12,37,0,49,0,0,41,0,41,0,12,78,0,90,72,0,72,162
08/29/2022,LNS,PA,AEA,EN,Federal Contract Tower,0,20,38,1,59,0,0,90,0,90,0,20,128,1,149,152,2,154,303
08/30/2022,LNS,PA,AEA,EN,Federal Contract Tower,0,17,28,0,45,0,0,57,2,59,0,17,85,2,104,94,6,100,204
08/31/2022,LNS,PA,AEA,EN,Federal Contract Tower,0,14,32,8,54,0,4,184,0,188,0,18,216,8,242,240,2,242,484
09/01/2022,LNS,PA,AEA,EN,Federal Contract Tower,0,21,49,5,75,0,1,137,2,140,0,22,186,7,215,192,6,198,413
09/02/2022,LNS,PA,AEA,EN,Federal Contract Tower,0,17,35,2,54,0,0,184,1,185,0,17,219,3,239,181,4,185,424
09/03/2022,LNS,PA,AEA,EN,Federal Contract Tower,0,8,32,0,40,0,3,149,0,152,0,11,181,0,192,144,0,144,336
09/04/2022,LNS,PA,AEA,EN,Federal Contract Tower,0,10,22,0,32,0,0,148,0,148,0,10,170,0,180,112,0,112,292
09/05/2022,LNS,PA,AEA,EN,Federal Contract Tower,0,15,11,0,26,0,0,42,0,42,0,15,53,0,68,118,0,118,186
09/06/2022,LNS,PA,AEA,EN,Federal Contract Tower,0,13,29,0,42,0,0,3,0,3,0,13,32,0,45,16,6,22,67
09/07/2022,LNS,PA,AEA,EN,Federal Contract Tower,0,17,41,0,58,0,0,2,0,2,0,17,43,0,60,14,0,14,74
09/08/2022,LNS,PA,AEA,EN,Federal Contract Tower,0,18,34,1,53,0,0,146,2,148,0,18,180,3,201,144,4,148,349
09/09/2022,LNS,PA,AEA,EN,Federal Contract Tower,0,16,41,1,58,0,1,172,2,175,0,17,213,3,233,177,2,179,412
09/10/2022,LNS,PA,AEA,EN,Federal Contract Tower,0,11,38,0,49,0,0,115,2,117,0,11,153,2,166,72,30,102,268
09/11/2022,LNS,PA,AEA,EN,Federal Contract Tower,0,17,25,0,42,0,0,0,0,0,0,17,25,0,42,10,0,10,52
09/12/2022,LNS,PA,AEA,EN,Federal Contract Tower,0,18,23,0,41,0,0,6,0,6,0,18,29,0,47,24,0,24,71
09/13/2022,LNS,PA,AEA,EN,Federal Contract Tower,0,24,35,1,60,0,0,111,0,111,0,24,146,1,171,152,8,160,331
09/14/2022,LNS,PA,AEA,EN,Federal Contract Tower,0,22,40,1,63,0,0,186,9,195,0,22,226,10,258,206,0,206,464
09/15/2022,LNS,PA,AEA,EN,Federal Contract Tower,0,23,30,6,59,0,0,182,1,183,0,23,212,7,242,252,12,264,506
09/16/2022,LNS,PA,AEA,EN,Federal Contract Tower,0,15,39,1,55,0,3,137,0,140,0,18,176,1,195,210,8,218,413
09/17/2022,LNS,PA,AEA,EN,Federal Contract Tower,0,8,16,0,24,0,6,120,6,132,0,14,136,6,156,260,34,294,450
09/18/2022,LNS,PA,AEA,EN,Federal Contract Tower,0,9,9,0,18,0,4,182,7,193,0,13,191,7,211,260,22,282,493
09/19/2022,LNS,PA,AEA,EN,Federal Contract Tower,0,12,27,0,39,0,0,118,0,118,0,12,145,0,157,152,0,152,309
09/20/2022,LNS,PA,AEA,EN,Federal Contract Tower,0,13,35,3,51,0,0,138,1,139,0,13,173,4,190,226,6,232,422
09/21/2022,LNS,PA,AEA,EN,Federal Contract Tower,0,15,40,1,56,0,0,159,0,159,0,15,199,1,215,232,2,234,449
09/22/2022,LNS,PA,AEA,EN,Federal Contract Tower,0,13,19,0,32,0,2,68,0,70,0,15,87,0,102,78,0,78,180
09/23/2022,LNS,PA,AEA,EN,Federal Contract Tower,0,19,26,0,45,0,0,74,0,74,0,19,100,0,119,58,0,58,177
09/24/2022,LNS,PA,AEA,EN,Federal Contract Tower,0,13,22,0,35,0,3,188,0,191,0,16,210,0,226,262,0,262,488
09/25/2022,LNS,PA,AEA,EN,Federal Contract Tower,0,16,26,0,42,0,0,47,0,47,0,16,73,0,89,52,0,52,141
09/26/2022,LNS,PA,AEA,EN,Federal Contract Tower,0,16,27,2,45,0,0,137,0,137,0,16,164,2,182,130,0,130,312
09/27/2022,LNS,PA,AEA,EN,Federal Contract Tower,0,11,24,1,36,0,0,115,0,115,0,11,139,1,151,207,0,207,358
09/28/2022,LNS,PA,AEA,EN,Federal Contract Tower,0,14,30,1,45,0,0,174,0,174,0,14,204,1,219,232,2,234,453
09/29/2022,LNS,PA,AEA,EN,Federal Contract Tower,0,12,39,0,51,0,1,160,0,161,0,13,199,0,212,184,0,184,396
09/30/2022,LNS,PA,AEA,EN,Federal Contract Tower,0,19,44,0,63,0,0,141,0,141,0,19,185,0,204,184,0,184,388
10/01/2022,LNS,PA,AEA,EN,Federal Contract Tower,0,11,21,0,32,0,0,0,0,0,0,11,21,0,32,6,0,6,38
10/02/2022,LNS,PA,AEA,EN,Federal Contract Tower,0,16,16,0,32,0,0,0,0,0,0,16,16,0,32,6,0,6,38
10/03/2022,LNS,PA,AEA,EN,Federal Contract Tower,0,19,31,0,50,0,1,61,0,62,0,20,92,0,112,174,0,174,286
10/04/2022,LNS,PA,AEA,EN,Federal Contract Tower,0,14,17,0,31,0,0,0,0,0,0,14,17,0,31,2,0,2,33
10/05/2022,LNS,PA,AEA,EN,Federal Contract Tower,0,14,51,5,70,0,0,23,1,24,0,14,74,6,94,136,18,154,248
10/06/2022,LNS,PA,AEA,EN,Federal Contract Tower,0,20,49,1,70,0,0,209,0,209,0,20,258,1,279,290,0,290,569
10/07/2022,LNS,PA,AEA,EN,Federal Contract Tower,0,23,67,0,90,0,0,138,0,138,0,23,205,0,228,173,0,173,401
10/08/2022,LNS,PA,AEA,EN,Federal Contract Tower,0,13,36,0,49,0,0,112,0,112,0,13,148,0,161,128,0,128,289
10/09/2022,LNS,PA,AEA,EN,Federal Contract Tower,0,15,28,0,43,0,1,135,0,136,0,16,163,0,179,154,0,154,333
10/10/2022,LNS,PA,AEA,EN,Federal Contract Tower,0,18,32,0,50,0,0,170,2,172,0,18,202,2,222,208,0,208,430
10/11/2022,LNS,PA,AEA,EN,Federal Contract Tower,0,17,47,3,67,0,6,201,0,207,0,23,248,3,274,212,4,216,490
10/12/2022,LNS,PA,AEA,EN,Federal Contract Tower,0,17,38,1,56,0,1,150,0,151,0,18,188,1,207,150,2,152,359
10/13/2022,LNS,PA,AEA,EN,Federal Contract Tower,0,19,42,0,61,0,0,4,0,4,0,19,46,0,65,36,0,36,101
10/14/2022,LNS,PA,AEA,EN,Federal Contract Tower,0,13,47,4,64,0,0,180,0,180,0,13,227,4,244,242,2,244,488
10/15/2022,LNS,PA,AEA,EN,Federal Contract Tower,0,13,23,1,37,0,1,109,0,110,0,14,132,1,147,136,0,136,283
10/16/2022,LNS,PA,AEA,EN,Federal Contract Tower,0,7,34,0,41,0,1,111,0,112,0,8,145,0,153,190,0,190,343
10/17/2022,LNS,PA,AEA,EN,Federal Contract Tower,0,13,34,1,48,0,0,64,2,66,0,13,98,3,114,270,2,272,386
10/18/2022,LNS,PA,AEA,EN,Federal Contract Tower,0,18,36,0,54,0,1,115,0,116,0,19,151,0,170,178,0,178,348
10/19/2022,LNS,PA,AEA,EN,Federal Contract Tower,0,18,31,3,52,0,0,115,3,118,0,18,146,6,170,246,4,250,420
10/20/2022,LNS,PA,AEA,EN,Federal Contract Tower,0,17,40,2,59,0,0,145,3,148,0,17,185,5,207,220,2,222,429
10/21/2022,LNS,PA,AEA,EN,Federal Contract Tower,0,11,54,2,67,0,0,175,0,175,0,11,229,2,242,234,4,238,480
10/22/2022,LNS,PA,AEA,EN,Federal Contract Tower,0,13,36,1,50,0,2,224,0,226,0,15,260,1,276,186,2,188,464
10/23/2022,LNS,PA,AEA,EN,Federal Contract Tower,0,18,36,0,54,0,0,74,0,74,0,18,110,0,128,140,0,140,268
10/24/2022,LNS,PA,AEA,EN,Federal Contract Tower,0,20,45,6,71,0,0,2,0,2,0,20,47,6,73,18,4,22,95
10/25/2022,LNS,PA,AEA,EN,Federal Contract Tower,0,19,50,0,69,0,0,5,0,5,0,19,55,0,74,66,0,66,140
10/26/2022,LNS,PA,AEA,EN,Federal Contract Tower,0,11,44,5,60,0,0,44,3,47,0,11,88,8,107,180,10,190,297
10/27/2022,LNS,PA,AEA,EN,Federal Contract Tower,0,21,48,5,74,0,0,141,13,154,0,21,189,18,228,303,32,335,563
10/28/2022,LNS,PA,AEA,EN,Federal Contract Tower,0,15,48,1,64,0,0,146,2,148,0,15,194,3,212,248,2,250,462
10/29/2022,LNS,PA,AEA,EN,Federal Contract Tower,0,4,33,0,37,0,0,192,0,192,0,4,225,0,229,200,0,200,429
10/30/2022,LNS,PA,AEA,EN,Federal Contract Tower,0,10,29,0,39,0,0,110,0,110,0,10,139,0,149,220,0,220,369
10/31/2022,LNS,PA,AEA,EN,Federal Contract Tower,0,8,38,0,46,0,0,12,1,13,0,8,50,1,59,78,6,84,143
11/01/2022,LNS,PA,AEA,EN,Federal Contract Tower,0,12,47,2,61,0,0,56,0,56,0,12,103,2,117,122,2,124,241
11/02/2022,LNS,PA,AEA,EN,Federal Contract Tower,0,20,32,4,56,0,1,215,4,220,0,21,247,8,276,230,16,246,522
11/03/2022,LNS,PA,AEA,EN,Federal Contract Tower,0,12,21,4,37,0,0,182,4,186,0,12,203,8,223,178,14,192,415
11/04/2022,LNS,PA,AEA,EN,Federal Contract Tower,0,6,46,2,54,0,1,122,0,123,0,7,168,2,177,186,6,192,369
11/05/2022,LNS,PA,AEA,EN,Federal Contract Tower,0,5,23,0,28,0,0,76,0,76,0,5,99,0,104,134,0,134,238
11/06/2022,LNS,PA,AEA,EN,Federal Contract Tower,0,12,21,2,35,0,0,25,0,25,0,12,46,2,60,160,6,166,226
11/07/2022,LNS,PA,AEA,EN,Federal Contract Tower,0,12,42,0,54,0,1,142,1,144,0,13,184,1,198,240,12,252,450
11/08/2022,LNS,PA,AEA,EN,Federal Contract Tower,0,13,29,0,42,0,0,139,2,141,0,13,168,2,183,164,0,164,347
11/09/2022,LNS,PA,AEA,EN,Federal Contract Tower,0,12,36,3,51,0,2,191,0,193,0,14,227,3,244,200,6,206,450
11/10/2022,LNS,PA,AEA,EN,Federal Contract Tower,0,18,40,0,58,0,3,181,0,184,0,21,221,0,242,126,0,126,368
11/11/2022,LNS,PA,AEA,EN,Federal Contract Tower,0,15,20,0,35,0,0,1,0,1,0,15,21,0,36,2,0,2,38
11/12/2022,LNS,PA,AEA,EN,Federal Contract Tower,0,11,31,0,42,0,0,81,0,81,0,11,112,0,123,132,0,132,255
11/13/2022,LNS,PA,AEA,EN,Federal Contract Tower,0,13,23,0,36,0,0,40,0,40,0,13,63,0,76,76,0,76,152
11/14/2022,LNS,PA,AEA,EN,Federal Contract Tower,0,20,35,0,55,0,0,175,0,175,0,20,210,0,230,224,0,224,454
11/15/2022,LNS,PA,AEA,EN,Federal Contract Tower,0,15,28,0,43,0,0,59,0,59,0,15,87,0,102,178,0,178,280
11/16/2022,LNS,PA,AEA,EN,Federal Contract Tower,0,20,25,1,46,0,0,92,0,92,0,20,117,1,138,166,2,168,306
11/17/2022,LNS,PA,AEA,EN,Federal Contract Tower,0,17,31,7,55,0,0,97,3,100,0,17,128,10,155,98,10,108,263
11/18/2022,LNS,PA,AEA,EN,Federal Contract Tower,0,17,26,0,43,0,0,119,7,126,0,17,145,7,169,148,6,154,323
11/19/2022,LNS,PA,AEA,EN,Federal Contract Tower,0,5,40,2,47,0,0,125,0,125,0,5,165,2,172,222,4,226,398
11/20/2022,LNS,PA,AEA,EN,Federal Contract Tower,1,13,7,0,21,0,1,14,0,15,1,14,21,0,36,10,0,10,46
11/21/2022,LNS,PA,AEA,EN,Federal Contract Tower,0,22,33,4,59,0,0,136,2,138,0,22,169,6,197,165,8,173,370
11/22/2022,LNS,PA,AEA,EN,Federal Contract Tower,0,19,40,1,60,0,1,157,2,160,0,20,197,3,220,190,0,190,410
11/23/2022,LNS,PA,AEA,EN,Federal Contract Tower,0,17,30,0,47,0,0,198,0,198,0,17,228,0,245,124,0,124,369
11/24/2022,LNS,PA,AEA,EN,Federal Contract Tower,0,0,5,0,5,0,0,66,0,66,0,0,71,0,71,50,0,50,121
11/25/2022,LNS,PA,AEA,EN,Federal Contract Tower,0,15,20,0,35,0,0,30,0,30,0,15,50,0,65,58,0,58,123
11/26/2022,LNS,PA,AEA,EN,Federal Contract Tower,0,5,39,0,44,0,0,154,0,154,0,5,193,0,198,178,0,178,376
11/27/2022,LNS,PA,AEA,EN,Federal Contract Tower,0,16,18,0,34,0,0,5,0,5,0,16,23,0,39,58,0,58,97
11/28/2022,LNS,PA,AEA,EN,Federal Contract Tower,0,17,15,0,32,0,0,28,0,28,0,17,43,0,60,92,0,92,152
11/29/2022,LNS,PA,AEA,EN,Federal Contract Tower,0,16,25,0,41,0,2,173,4,179,0,18,198,4,220,204,0,204,424
11/30/2022,LNS,PA,AEA,EN,Federal Contract Tower,0,10,18,0,28,0,0,2,0,2,0,10,20,0,30,6,0,6,36
12/01/2022,LNS,PA,AEA,EN,Federal Contract Tower,0,10,24,0,34,0,0,99,1,100,0,10,123,1,134,92,4,96,230
12/02/2022,LNS,PA,AEA,EN,Federal Contract Tower,0,11,29,3,43,0,0,221,1,222,0,11,250,4,265,208,4,212,477
12/03/2022,LNS,PA,AEA,EN,Federal Contract Tower,0,13,5,0,18,0,0,6,2,8,0,13,11,2,26,0,0,0,26
12/04/2022,LNS,PA,AEA,EN,Federal Contract Tower,0,10,22,0,32,0,0,166,0,166,0,10,188,0,198,228,0,228,426
12/05/2022,LNS,PA,AEA,EN,Federal Contract Tower,0,11,23,1,35,0,0,144,0,144,0,11,167,1,179,154,0,154,333
12/06/2022,LNS,PA,AEA,EN,Federal Contract Tower,0,14,11,0,25,0,0,0,0,0,0,14,11,0,25,0,0,0,25
12/07/2022,LNS,PA,AEA,EN,Federal Contract Tower,0,15,14,0,29,0,0,0,0,0,0,15,14,0,29,0,0,0,29
12/08/2022,LNS,PA,AEA,EN,Federal Contract Tower,0,15,36,0,51,0,1,105,0,106,0,16,141,0,157,224,0,224,381
12/09/2022,LNS,PA,AEA,EN,Federal Contract Tower,0,21,30,0,51,0,4,157,2,163,0,25,187,2,214,206,0,206,420
12/10/2022,LNS,PA,AEA,EN,Federal Contract Tower,0,13,38,0,51,0,0,197,0,197,0,13,235,0,248,182,0,182,430
12/11/2022,LNS,PA,AEA,EN,Federal Contract Tower,0,4,14,0,18,0,0,0,0,0,0,4,14,0,18,0,0,0,18
12/12/2022,LNS,PA,AEA,EN,Federal Contract Tower,0,21,21,2,44,0,0,75,0,75,0,21,96,2,119,302,0,302,421
12/13/2022,LNS,PA,AEA,EN,Federal Contract Tower,0,17,29,1,47,0,1,156,2,159,0,18,185,3,206,100,8,108,314
12/14/2022,LNS,PA,AEA,EN,Federal Contract Tower,0,14,39,2,55,0,0,138,4,142,0,14,177,6,197,240,0,240,437
12/15/2022,LNS,PA,AEA,EN,Federal Contract Tower,0,1,2,0,3,0,0,0,0,0,0,1,2,0,3,0,0,0,3
12/16/2022,LNS,PA,AEA,EN,Federal Contract Tower,0,10,34,0,44,0,1,28,0,29,0,11,62,0,73,90,0,90,163
12/17/2022,LNS,PA,AEA,EN,Federal Contract Tower,0,6,26,0,32,0,0,98,0,98,0,6,124,0,130,164,0,164,294
12/18/2022,LNS,PA,AEA,EN,Federal Contract Tower,0,9,18,0,27,0,1,83,0,84,0,10,101,0,111,172,0,172,283
12/19/2022,LNS,PA,AEA,EN,Federal Contract Tower,0,15,35,1,51,0,1,123,0,124,0,16,158,1,175,232,0,232,407
12/20/2022,LNS,PA,AEA,EN,Federal Contract Tower,0,15,28,7,50,0,0,136,2,138,0,15,164,9,188,198,8,206,394
12/21/2022,LNS,PA,AEA,EN,Federal Contract Tower,0,13,40,1,54,0,1,209,0,210,0,14,249,1,264,198,0,198,462
12/22/2022,LNS,PA,AEA,EN,Federal Contract Tower,0,14,12,0,26,0,0,0,0,0,0,14,12,0,26,0,0,0,26
12/23/2022,LNS,PA,AEA,EN,Federal Contract Tower,0,3,3,0,6,0,0,3,0,3,0,3,6,0,9,0,0,0,9
12/24/2022,LNS,PA,AEA,EN,Federal Contract Tower,0,4,3,0,7,0,0,6,0,6,0,4,9,0,13,18,0,18,31
12/25/2022,LNS,PA,AEA,EN,Federal Contract Tower,0,4,2,0,6,0,0,1,0,1,0,4,3,0,7,0,0,0,7
12/26/2022,LNS,PA,AEA,EN,Federal Contract Tower,0,16,29,0,45,0,11,158,1,170,0,27,187,1,215,152,0,152,367
12/27/2022,LNS,PA,AEA,EN,Federal Contract Tower,0,18,27,0,45,0,0,137,0,137,0,18,164,0,182,242,2,244,426
12/28/2022,LNS,PA,AEA,EN,Federal Contract Tower,0,16,34,2,52,0,2,169,1,172,0,18,203,3,224,190,18,208,432
12/29/2022,LNS,PA,AEA,EN,Federal Contract Tower,0,19,50,0,69,0,0,217,0,217,0,19,267,0,286,176,0,176,462
12/30/2022,LNS,PA,AEA,EN,Federal Contract Tower,0,15,44,0,59,0,0,179,0,179,0,15,223,0,238,158,0,158,396
12/31/2022,LNS,PA,AEA,EN,Federal Contract Tower,0,11,12,0,23,0,0,0,0,0,0,11,12,0,23,4,0,4,27
01/01/2023,LNS,PA,AEA,EN,Federal Contract Tower,0,6,22,0,28,0,0,64,0,64,0,6,86,0,92,72,0,72,164
01/02/2023,LNS,PA,AEA,EN,Federal Contract Tower,0,14,33,0,47,0,0,152,0,152,0,14,185,0,199,208,0,208,407
01/04/2023,LNS,PA,AEA,EN,Federal Contract Tower,0,10,27,0,37,0,0,19,0,19,0,10,46,0,56,34,0,34,90
01/05/2023,LNS,PA,AEA,EN,Federal Contract Tower,0,14,53,3,70,0,0,154,2,156,0,14,207,5,226,186,4,190,416
01/06/2023,LNS,PA,AEA,EN,Federal Contract Tower,0,10,31,1,42,0,0,70,2,72,0,10,101,3,114,166,10,176,290
01/07/2023,LNS,PA,AEA,EN,Federal Contract Tower,0,8,20,0,28,0,1,112,2,115,0,9,132,2,143,136,0,136,279
01/08/2023,LNS,PA,AEA,EN,Federal Contract Tower,0,8,26,0,34,0,3,154,0,157,0,11,180,0,191,106,0,106,297
01/09/2023,LNS,PA,AEA,EN,Federal Contract Tower,0,16,25,1,42,0,1,83,3,87,0,17,108,4,129,162,2,164,293
01/10/2023,LNS,PA,AEA,EN,Federal Contract Tower,0,10,34,2,46,0,0,97,0,97,0,10,131,2,143,166,0,166,309
01/11/2023,LNS,PA,AEA,EN,Federal Contract Tower,0,8,41,1,50,0,1,135,1,137,0,9,176,2,187,170,2,172,359
01/12/2023,LNS,PA,AEA,EN,Federal Contract Tower,0,10,30,0,40,0,0,4,0,4,0,10,34,0,44,58,0,58,102
01/13/2023,LNS,PA,AEA,EN,Federal Contract Tower,0,8,30,0,38,0,0,27,0,27,0,8,57,0,65,100,0,100,165
01/14/2023,LNS,PA,AEA,EN,Federal Contract Tower,0,6,10,0,16,0,0,39,0,39,0,6,49,0,55,180,0,180,235
01/15/2023,LNS,PA,AEA,EN,Federal Contract Tower,0,7,10,0,17,0,0,90,0,90,0,7,100,0,107,94,0,94,201
01/16/2023,LNS,PA,AEA,EN,Federal Contract Tower,0,18,33,0,51,0,0,169,0,169,0,18,202,0,220,182,0,182,402
01/17/2023,LNS,PA,AEA,EN,Federal Contract Tower,0,19,36,3,58,0,1,74,3,78,0,20,110,6,136,170,16,186,322
01/18/2023,LNS,PA,AEA,EN,Federal Contract Tower,0,13,34,5,52,0,1,91,1,93,0,14,125,6,145,186,10,196,341
01/19/2023,LNS,PA,AEA,EN,Federal Contract Tower,0,8,15,0,23,0,0,0,0,0,0,8,15,0,23,0,0,0,23
01/20/2023,LNS,PA,AEA,EN,Federal Contract Tower,0,10,18,1,29,0,0,68,0,68,0,10,86,1,97,111,0,111,208
01/21/2023,LNS,PA,AEA,EN,Federal Contract Tower,0,9,37,1,47,0,0,163,0,163,0,9,200,1,210,234,2,236,446
01/22/2023,LNS,PA,AEA,EN,Federal Contract Tower,0,3,17,0,20,0,0,45,0,45,0,3,62,0,65,126,0,126,191
01/23/2023,LNS,PA,AEA,EN,Federal Contract Tower,0,11,6,0,17,0,0,16,0,16,0,11,22,0,33,56,0,56,89
01/24/2023,LNS,PA,AEA,EN,Federal Contract Tower,0,12,33,5,50,0,0,126,7,133,0,12,159,12,183,192,14,206,389
01/25/2023,LNS,PA,AEA,EN,Federal Contract Tower,0,6,4,0,10,0,0,38,0,38,0,6,42,0,48,64,0,64,112
01/26/2023,LNS,PA,AEA,EN,Federal Contract Tower,0,18,13,1,32,0,0,27,3,30,0,18,40,4,62,47,4,51,113
01/27/2023,LNS,PA,AEA,EN,Federal Contract Tower,0,14,32,2,48,0,0,161,0,161,0,14,193,2,209,224,0,224,433
01/28/2023,LNS,PA,AEA,EN,Federal Contract Tower,0,9,36,0,45,0,1,163,0,164,0,10,199,0,209,130,0,130,339
01/29/2023,LNS,PA,AEA,EN,Federal Contract Tower,0,9,26,0,35,0,0,79,0,79,0,9,105,0,114,142,0,142,256
01/30/2023,LNS,PA,AEA,EN,Federal Contract Tower,0,8,26,1,35,0,3,140,0,143,0,11,166,1,178,278,2,280,458
02/01/2023,LNS,PA,AEA,EN,Federal Contract Tower,0,21,28,10,59,0,2,169,3,174,0,23,197,13,233,238,42,280,513
02/02/2023,LNS,PA,AEA,EN,Federal Contract Tower,0,15,37,1,53,0,0,123,3,126,0,15,160,4,179,212,6,218,397
02/03/2023,LNS,PA,AEA,EN,Federal Contract Tower,0,8,29,0,37,0,0,17,0,17,0,8,46,0,54,12,0,12,66
02/04/2023,LNS,PA,AEA,EN,Federal Contract Tower,0,7,26,0,33,0,1,140,0,141,0,8,166,0,174,174,0,174,348
02/05/2023,LNS,PA,AEA,EN,Federal Contract Tower,0,8,33,0,41,0,0,119,0,119,0,8,152,0,160,120,4,124,284
02/06/2023,LNS,PA,AEA,EN,Federal Contract Tower,0,15,18,0,33,0,2,96,2,100,0,17,114,2,133,186,10,196,329
02/07/2023,LNS,PA,AEA,EN,Federal Contract Tower,0,12,26,5,43,0,0,142,11,153,0,12,168,16,196,166,14,180,376
02/08/2023,LNS,PA,AEA,EN,Federal Contract Tower,0,15,21,2,38,0,0,207,0,207,0,15,228,2,245,178,6,184,429
02/09/2023,LNS,PA,AEA,EN,Federal Contract Tower,0,14,21,1,36,0,0,65,0,65,0,14,86,1,101,110,4,114,215
02/10/2023,LNS,PA,AEA,EN,Federal Contract Tower,0,12,30,2,44,0,1,71,2,74,0,13,101,4,118,84,26,110,228
02/11/2023,LNS,PA,AEA,EN,Federal Contract Tower,0,8,48,0,56,0,0,197,1,198,0,8,245,1,254,200,4,204,458
02/12/2023,LNS,PA,AEA,EN,Federal Contract Tower,0,12,22,2,36,0,1,116,0,117,0,13,138,2,153,206,2,208,361
02/13/2023,LNS,PA,AEA,EN,Federal Contract Tower,0,11,28,1,40,0,0,125,3,128,0,11,153,4,168,206,0,206,374
02/14/2023,LNS,PA,AEA,EN,Federal Contract Tower,0,14,24,1,39,0,2,140,2,144,0,16,164,3,183,176,4,180,363
02/15/2023,LNS,PA,AEA,EN,Federal Contract Tower,0,15,26,2,43,0,2,101,2,105,0,17,127,4,148,102,0,102,250
02/16/2023,LNS,PA,AEA,EN,Federal Contract Tower,0,13,36,2,51,0,0,45,0,45,0,13,81,2,96,74,4,78,174
02/17/2023,LNS,PA,AEA,EN,Federal Contract Tower,0,10,17,0,27,0,0,3,0,3,0,10,20,0,30,34,0,34,64
02/18/2023,LNS,PA,AEA,EN,Federal Contract Tower,0,11,42,0,53,0,0,178,0,178,0,11,220,0,231,178,0,178,409
02/19/2023,LNS,PA,AEA,EN,Federal Contract Tower,0,13,26,0,39,0,0,113,0,113,0,13,139,0,152,160,0,160,312
02/20/2023,LNS,PA,AEA,EN,Federal Contract Tower,0,17,42,0,59,0,0,123,0,123,0,17,165,0,182,165,0,165,347
02/21/2023,LNS,PA,AEA,EN,Federal Contract Tower,0,12,20,4,36,0,1,17,2,20,0,13,37,6,56,80,4,84,140
02/22/2023,LNS,PA,AEA,EN,Federal Contract Tower,0,15,20,2,37,0,0,59,0,59,0,15,79,2,96,158,4,162,258
02/23/2023,LNS,PA,AEA,EN,Federal Contract Tower,0,11,34,0,45,0,0,139,6,145,0,11,173,6,190,148,8,156,346
02/24/2023,LNS,PA,AEA,EN,Federal Contract Tower,0,14,14,2,30,0,0,41,5,46,0,14,55,7,76,20,6,26,102
02/25/2023,LNS,PA,AEA,EN,Federal Contract Tower,0,5,17,0,22,0,1,64,0,65,0,6,81,0,87,166,0,166,253
02/26/2023,LNS,PA,AEA,EN,Federal Contract Tower,0,12,29,0,41,0,0,72,0,72,0,12,101,0,113,152,0,152,265
02/27/2023,LNS,PA,AEA,EN,Federal Contract Tower,0,5,22,5,32,0,0,99,0,99,0,5,121,5,131,194,8,202,333
02/28/2023,LNS,PA,AEA,EN,Federal Contract Tower,0,11,18,1,30,0,0,34,2,36,0,11,52,3,66,100,2,102,168
03/01/2023,LNS,PA,AEA,EN,Federal Contract Tower,0,15,47,4,66,0,1,149,0,150,0,16,196,4,216,134,10,144,360
03/02/2023,LNS,PA,AEA,EN,Federal Contract Tower,0,19,37,0,56,0,0,79,0,79,0,19,116,0,135,114,4,118,253
03/03/2023,LNS,PA,AEA,EN,Federal Contract Tower,0,12,27,0,39,0,0,61,2,63,0,12,88,2,102,100,0,100,202
03/04/2023,LNS,PA,AEA,EN,Federal Contract Tower,0,7,8,0,15,0,0,18,0,18,0,7,26,0,33,34,0,34,67
03/05/2023,LNS,PA,AEA,EN,Federal Contract Tower,0,12,43,0,55,0,0,142,0,142,0,12,185,0,197,132,0,132,329
03/06/2023,LNS,PA,AEA,EN,Federal Contract Tower,0,16,32,5,53,0,2,210,2,214,0,18,242,7,267,220,4,224,491
03/07/2023,LNS,PA,AEA,EN,Federal Contract Tower,0,10,16,2,28,0,1,27,0,28,0,11,43,2,56,52,2,54,110
03/08/2023,LNS,PA,AEA,EN,Federal Contract Tower,0,19,22,5,46,0,1,78,4,83,0,20,100,9,129,70,6,76,205
03/09/2023,LNS,PA,AEA,EN,Federal Contract Tower,0,18,52,5,75,0,0,176,2,178,0,18,228,7,253,260,10,270,523
03/10/2023,LNS,PA,AEA,EN,Federal Contract Tower,0,14,8,0,22,0,1,21,0,22,0,15,29,0,44,106,0,106,150
03/11/2023,LNS,PA,AEA,EN,Federal Contract Tower,0,10,10,0,20,0,0,36,0,36,0,10,46,0,56,102,0,102,158
03/12/2023,LNS,PA,AEA,EN,Federal Contract Tower,0,7,37,0,44,0,2,127,0,129,0,9,164,0,173,182,0,182,355
03/13/2023,LNS,PA,AEA,EN,Federal Contract Tower,0,7,9,0,16,0,0,5,0,5,0,7,14,0,21,80,0,80,101
03/14/2023,LNS,PA,AEA,EN,Federal Contract Tower,0,7,2,0,9,0,0,8,0,8,0,7,10,0,17,0,0,0,17
03/15/2023,LNS,PA,AEA,EN,Federal Contract Tower,0,15,8,0,23,0,0,32,2,34,0,15,40,2,57,46,0,46,103
03/16/2023,LNS,PA,AEA,EN,Federal Contract Tower,0,18,49,6,73,0,2,243,4,249,0,20,292,10,322,200,12,212,534
03/17/2023,LNS,PA,AEA,EN,Federal Contract Tower,0,8,29,1,38,0,0,124,0,124,0,8,153,1,162,181,2,183,345
03/18/2023,LNS,PA,AEA,EN,Federal Contract Tower,0,7,23,0,30,0,0,88,0,88,0,7,111,0,118,122,0,122,240
03/19/2023,LNS,PA,AEA,EN,Federal Contract Tower,0,9,20,0,29,0,1,49,0,50,0,10,69,0,79,68,0,68,147
03/20/2023,LNS,PA,AEA,EN,Federal Contract Tower,0,14,47,0,61,0,0,196,0,196,0,14,243,0,257,256,0,256,513
03/21/2023,LNS,PA,AEA,EN,Federal Contract Tower,0,14,50,3,67,0,7,167,0,174,0,21,217,3,241,162,4,166,407
03/22/2023,LNS,PA,AEA,EN,Federal Contract Tower,0,13,39,6,58,0,8,158,13,179,0,21,197,19,237,206,0,206,443
03/23/2023,LNS,PA,AEA,EN,Federal Contract Tower,0,8,36,2,46,0,0,34,2,36,0,8,70,4,82,122,6,128,210
03/24/2023,LNS,PA,AEA,EN,Federal Contract Tower,0,11,35,1,47,0,2,79,0,81,0,13,114,1,128,126,2,128,256
03/26/2023,LNS,PA,AEA,EN,Federal Contract Tower,0,9,36,0,45,0,3,128,0,131,0,12,164,0,176,124,0,124,300
03/27/2023,LNS,PA,AEA,EN,Federal Contract Tower,0,9,37,2,48,0,0,90,0,90,0,9,127,2,138,132,4,136,274
03/28/2023,LNS,PA,AEA,EN,Federal Contract Tower,0,12,23,1,36,0,3,81,0,84,0,15,104,1,120,168,4,172,292
03/29/2023,LNS,PA,AEA,EN,Federal Contract Tower,0,16,49,1,66,0,0,173,0,173,0,16,222,1,239,124,0,124,363
03/30/2023,LNS,PA,AEA,EN,Federal Contract Tower,0,21,46,2,69,0,2,162,2,166,0,23,208,4,235,144,20,164,399
03/31/2023,LNS,PA,AEA,EN,Federal Contract Tower,0,18,59,0,77,0,0,59,2,61,0,18,118,2,138,152,0,152,290
04/01/2023,LNS,PA,AEA,EN,Federal Contract Tower,0,4,7,0,11,0,0,4,0,4,0,4,11,0,15,6,0,6,21
04/02/2023,LNS,PA,AEA,EN,Federal Contract Tower,0,12,15,0,27,0,1,120,0,121,0,13,135,0,148,168,0,168,316
04/03/2023,LNS,PA,AEA,EN,Federal Contract Tower,0,18,29,0,47,0,6,124,2,132,0,24,153,2,179,96,0,96,275
04/04/2023,LNS,PA,AEA,EN,Federal Contract Tower,0,13,24,6,43,0,0,173,1,174,0,13,197,7,217,118,10,128,345
04/05/2023,LNS,PA,AEA,EN,Federal Contract Tower,0,11,46,0,57,0,0,32,0,32,0,11,78,0,89,118,0,118,207
04/06/2023,LNS,PA,AEA,EN,Federal Contract Tower,12,41,2,0,55,0,0,64,2,66,12,41,66,2,121,186,4,190,311
04/07/2023,LNS,PA,AEA,EN,Federal Contract Tower,0,17,33,2,52,0,2,165,0,167,0,19,198,2,219,144,4,148,367
04/08/2023,LNS,PA,AEA,EN,Federal Contract Tower,0,10,20,0,30,0,229,0,0,229,0,239,20,0,259,160,0,160,419
04/09/2023,LNS,PA,AEA,EN,Federal Contract Tower,0,6,6,0,12,0,2,112,0,114,0,8,118,0,126,52,0,52,178
04/10/2023,LNS,PA,AEA,EN,Federal Contract Tower,0,10,41,1,52,0,2,174,0,176,0,12,215,1,228,222,2,224,452
04/11/2023,LNS,PA,AEA,EN,Federal Contract Tower,0,18,23,3,44,0,2,139,1,142,0,20,162,4,186,128,8,136,322
04/12/2023,LNS,PA,AEA,EN,Federal Contract Tower,0,11,24,2,37,0,1,82,0,83,0,12,106,2,120,156,6,162,282
04/13/2023,LNS,PA,AEA,EN,Federal Contract Tower,0,11,44,0,55,0,0,169,0,169,0,11,213,0,224,216,0,216,440
04/14/2023,LNS,PA,AEA,EN,Federal Contract Tower,0,16,59,0,75,0,0,158,2,160,0,16,217,2,235,126,8,134,369
04/15/2023,LNS,PA,AEA,EN,Federal Contract Tower,0,5,13,0,18,0,0,8,0,8,0,5,21,0,26,60,0,60,86
04/16/2023,LNS,PA,AEA,EN,Federal Contract Tower,0,6,41,0,47,0,2,70,0,72,0,8,111,0,119,74,0,74,193
04/17/2023,LNS,PA,AEA,EN,Federal Contract Tower,0,12,25,2,39,0,3,98,0,101,0,15,123,2,140,104,2,106,246
04/18/2023,LNS,PA,AEA,EN,Federal Contract Tower,0,14,27,5,46,0,6,56,1,63,0,20,83,6,109,58,4,62,171
04/19/2023,LNS,PA,AEA,EN,Federal Contract Tower,0,16,49,3,68,0,2,135,0,137,0,18,184,3,205,172,2,174,379
04/20/2023,LNS,PA,AEA,EN,Federal Contract Tower,0,18,62,1,81,0,0,162,0,162,0,18,224,1,243,209,2,211,454
04/21/2023,LNS,PA,AEA,EN,Federal Contract Tower,0,18,49,2,69,0,8,194,0,202,0,26,243,2,271,136,0,136,407
04/22/2023,LNS,PA,AEA,EN,Federal Contract Tower,0,15,20,0,35,0,1,41,0,42,0,16,61,0,77,48,0,48,125
04/23/2023,LNS,PA,AEA,EN,Federal Contract Tower,0,11,30,0,41,0,2,113,0,115,0,13,143,0,156,126,0,126,282
04/24/2023,LNS,PA,AEA,EN,Federal Contract Tower,0,15,34,5,54,0,1,182,0,183,0,16,216,5,237,216,2,218,455
04/25/2023,LNS,PA,AEA,EN,Federal Contract Tower,0,13,28,2,43,0,3,153,0,156,0,16,181,2,199,186,6,192,391
04/26/2023,LNS,PA,AEA,EN,Federal Contract Tower,0,14,29,1,44,0,1,68,0,69,0,15,97,1,113,110,0,110,223
04/27/2023,LNS,PA,AEA,EN,Federal Contract Tower,0,23,53,2,78,0,0,94,2,96,0,23,147,4,174,256,0,256,430
04/28/2023,LNS,PA,AEA,EN,Federal Contract Tower,0,16,25,0,41,0,0,4,0,4,0,16,29,0,45,4,0,4,49
04/29/2023,LNS,PA,AEA,EN,Federal Contract Tower,0,13,28,0,41,0,0,8,0,8,0,13,36,0,49,36,0,36,85
04/30/2023,LNS,PA,AEA,EN,Federal Contract Tower,0,15,15,0,30,0,0,0,0,0,0,15,15,0,30,0,0,0,30
05/01/2023,LNS,PA,AEA,EN,Federal Contract Tower,0,10,17,0,27,0,0,44,0,44,0,10,61,0,71,48,0,48,119
05/02/2023,LNS,PA,AEA,EN,Federal Contract Tower,0,12,9,2,23,0,2,54,0,56,0,14,63,2,79,46,0,46,125
05/03/2023,LNS,PA,AEA,EN,Federal Contract Tower,0,14,26,0,40,0,1,102,0,103,0,15,128,0,143,216,0,216,359
05/04/2023,LNS,PA,AEA,EN,Federal Contract Tower,0,14,36,0,50,0,0,116,0,116,0,14,152,0,166,210,0,210,376
05/05/2023,LNS,PA,AEA,EN,Federal Contract Tower,0,20,45,0,65,0,0,208,0,208,0,20,253,0,273,152,0,152,425
05/06/2023,LNS,PA,AEA,EN,Federal Contract Tower,0,17,28,0,45,0,0,189,0,189,0,17,217,0,234,142,0,142,376
05/07/2023,LNS,PA,AEA,EN,Federal Contract Tower,0,14,17,0,31,0,1,109,0,110,0,15,126,0,141,94,0,94,235
05/08/2023,LNS,PA,AEA,EN,Federal Contract Tower,0,14,30,3,47,0,5,177,2,184,0,19,207,5,231,146,6,152,383
05/09/2023,LNS,PA,AEA,EN,Federal Contract Tower,0,13,20,0,33,0,7,109,2,118,0,20,129,2,151,110,0,110,261
05/10/2023,LNS,PA,AEA,EN,Federal Contract Tower,0,23,38,2,63,0,1,194,0,195,0,24,232,2,258,166,6,172,430
05/11/2023,LNS,PA,AEA,EN,Federal Contract Tower,0,15,40,6,61,0,0,180,1,181,0,15,220,7,242,189,2,191,433
05/12/2023,LNS,PA,AEA,EN,Federal Contract Tower,0,18,34,3,55,0,0,178,3,181,0,18,212,6,236,196,4,200,436
05/13/2023,LNS,PA,AEA,EN,Federal Contract Tower,0,8,23,0,31,0,2,60,0,62,0,10,83,0,93,70,0,70,163
05/14/2023,LNS,PA,AEA,EN,Federal Contract Tower,0,10,21,0,31,0,0,95,0,95,0,10,116,0,126,80,0,80,206
05/15/2023,LNS,PA,AEA,EN,Federal Contract Tower,0,20,30,0,50,0,1,142,0,143,0,21,172,0,193,208,0,208,401
05/16/2023,LNS,PA,AEA,EN,Federal Contract Tower,0,15,25,7,47,0,4,130,0,134,0,19,155,7,181,176,6,182,363
05/17/2023,LNS,PA,AEA,EN,Federal Contract Tower,0,16,24,1,41,0,1,127,1,129,0,17,151,2,170,42,4,46,216
05/18/2023,LNS,PA,AEA,EN,Federal Contract Tower,0,20,28,1,49,0,5,159,1,165,0,25,187,2,214,212,2,214,428
05/19/2023,LNS,PA,AEA,EN,Federal Contract Tower,0,14,27,1,42,0,4,101,0,105,0,18,128,1,147,170,0,170,317
05/20/2023,LNS,PA,AEA,EN,Federal Contract Tower,0,3,14,0,17,0,0,7,0,7,0,3,21,0,24,16,0,16,40
05/21/2023,LNS,PA,AEA,EN,Federal Contract Tower,0,12,24,0,36,0,4,149,0,153,0,16,173,0,189,100,0,100,289
05/22/2023,LNS,PA,AEA,EN,Federal Contract Tower,0,20,24,1,45,0,6,171,0,177,0,26,195,1,222,222,2,224,446
05/23/2023,LNS,PA,AEA,EN,Federal Contract Tower,0,18,30,0,48,0,5,126,0,131,0,23,156,0,179,142,0,142,321
05/24/2023,LNS,PA,AEA,EN,Federal Contract Tower,0,15,37,1,53,0,6,177,0,183,0,21,214,1,236,160,0,160,396
05/25/2023,LNS,PA,AEA,EN,Federal Contract Tower,0,17,53,0,70,0,0,127,0,127,0,17,180,0,197,152,0,152,349
05/26/2023,LNS,PA,AEA,EN,Federal Contract Tower,0,11,44,0,55,0,2,177,2,181,0,13,221,2,236,208,10,218,454
05/27/2023,LNS,PA,AEA,EN,Federal Contract Tower,0,9,33,0,42,0,7,140,0,147,0,16,173,0,189,252,0,252,441
05/28/2023,LNS,PA,AEA,EN,Federal Contract Tower,0,10,16,0,26,0,8,109,0,117,0,18,125,0,143,78,0,78,221
05/29/2023,LNS,PA,AEA,EN,Federal Contract Tower,0,13,22,0,35,0,4,105,0,109,0,17,127,0,144,120,0,120,264
05/30/2023,LNS,PA,AEA,EN,Federal Contract Tower,0,14,30,5,49,0,3,152,6,161,0,17,182,11,210,153,34,187,397
05/31/2023,LNS,PA,AEA,EN,Federal Contract Tower,0,17,24,1,42,0,1,193,5,199,0,18,217,6,241,164,0,164,405
06/01/2023,LNS,PA,AEA,EN,Federal Contract Tower,0,15,41,0,56,0,4,212,0,216,0,19,253,0,272,238,0,238,510
06/02/2023,LNS,PA,AEA,EN,Federal Contract Tower,0,14,55,2,71,0,0,145,1,146,0,14,200,3,217,122,0,122,339
06/03/2023,LNS,PA,AEA,EN,Federal Contract Tower,0,14,26,2,42,0,1,73,0,74,0,15,99,2,116,148,4,152,268
06/04/2023,LNS,PA,AEA,EN,Federal Contract Tower,0,19,36,2,57,0,5,90,1,96,0,24,126,3,153,158,2,160,313
06/05/2023,LNS,PA,AEA,EN,Federal Contract Tower,0,12,30,0,42,0,0,136,2,138,0,12,166,2,180,138,12,150,330
06/06/2023,LNS,PA,AEA,EN,Federal Contract Tower,0,22,23,0,45,0,0,131,0,131,0,22,154,0,176,156,2,158,334
06/07/2023,LNS,PA,AEA,EN,Federal Contract Tower,0,12,63,4,79,0,0,34,0,34,0,12,97,4,113,68,0,68,181
06/08/2023,LNS,PA,AEA,EN,Federal Contract Tower,0,12,29,0,41,0,0,37,0,37,0,12,66,0,78,60,0,60,138
06/09/2023,LNS,PA,AEA,EN,Federal Contract Tower,0,15,43,0,58,0,1,115,4,120,0,16,158,4,178,132,0,132,310
06/10/2023,LNS,PA,AEA,EN,Federal Contract Tower,0,15,24,0,39,0,2,121,0,123,0,17,145,0,162,102,0,102,264
06/11/2023,LNS,PA,AEA,EN,Federal Contract Tower,0,9,26,0,35,0,2,111,0,113,0,11,137,0,148,122,0,122,270
06/12/2023,LNS,PA,AEA,EN,Federal Contract Tower,0,12,26,2,40,0,0,18,0,18,0,12,44,2,58,60,4,64,122
06/13/2023,LNS,PA,AEA,EN,Federal Contract Tower,0,17,32,1,50,0,0,177,0,177,0,17,209,1,227,180,2,182,409
06/14/2023,LNS,PA,AEA,EN,Federal Contract Tower,0,22,17,0,39,0,0,59,0,59,0,22,76,0,98,76,0,76,174
06/15/2023,LNS,PA,AEA,EN,Federal Contract Tower,0,17,45,2,64,0,6,191,0,197,0,23,236,2,261,213,0,213,474
06/16/2023,LNS,PA,AEA,EN,Federal Contract Tower,0,29,17,0,46,0,0,58,0,58,0,29,75,0,104,148,0,148,252
06/17/2023,LNS,PA,AEA,EN,Federal Contract Tower,0,13,36,0,49,0,2,108,0,110,0,15,144,0,159,178,0,178,337
06/18/2023,LNS,PA,AEA,EN,Federal Contract Tower,0,10,23,0,33,0,0,153,0,153,0,10,176,0,186,106,0,106,292
06/19/2023,LNS,PA,AEA,EN,Federal Contract Tower,0,15,47,0,62,0,0,159,0,159,0,15,206,0,221,174,0,174,395
06/20/2023,LNS,PA,AEA,EN,Federal Contract Tower,0,22,58,4,84,0,2,107,8,117,0,24,165,12,201,148,16,164,365
06/21/2023,LNS,PA,AEA,EN,Federal Contract Tower,0,21,29,5,55,0,0,89,5,94,0,21,118,10,149,116,28,144,293
06/22/2023,LNS,PA,AEA,EN,Federal Contract Tower,0,26,44,3,73,0,0,11,0,11,0,26,55,3,84,120,8,128,212
06/23/2023,LNS,PA,AEA,EN,Federal Contract Tower,0,12,65,0,77,0,0,0,0,0,0,12,65,0,77,0,0,0,77
06/24/2023,LNS,PA,AEA,EN,Federal Contract Tower,0,18,30,0,48,0,0,20,0,20,0,18,50,0,68,86,0,86,154
06/25/2023,LNS,PA,AEA,EN,Federal Contract Tower,0,14,17,0,31,0,1,85,0,86,0,15,102,0,117,86,0,86,203
06/26/2023,LNS,PA,AEA,EN,Federal Contract Tower,0,20,28,0,48,0,0,52,0,52,0,20,80,0,100,122,0,122,222
06/27/2023,LNS,PA,AEA,EN,Federal Contract Tower,0,16,31,0,47,0,0,25,0,25,0,16,56,0,72,76,0,76,148
06/28/2023,LNS,PA,AEA,EN,Federal Contract Tower,0,20,75,4,99,0,0,112,2,114,0,20,187,6,213,190,2,192,405
06/29/2023,LNS,PA,AEA,EN,Federal Contract Tower,0,19,84,0,103,0,1,6,0,7,0,20,90,0,110,18,0,18,128
06/30/2023,LNS,PA,AEA,EN,Federal Contract Tower,0,11,69,1,81,0,0,38,0,38,0,11,107,1,119,166,0,166,285
07/01/2023,LNS,PA,AEA,EN,Federal Contract Tower,0,12,32,0,44,0,1,46,0,47,0,13,78,0,91,198,0,198,289
07/02/2023,LNS,PA,AEA,EN,Federal Contract Tower,0,14,22,0,36,0,0,44,0,44,0,14,66,0,80,78,0,78,158
07/03/2023,LNS,PA,AEA,EN,Federal Contract Tower,0,10,19,0,29,0,2,130,0,132,0,12,149,0,161,146,0,146,307
07/05/2023,LNS,PA,AEA,EN,Federal Contract Tower,0,12,30,4,46,0,0,233,2,235,0,12,263,6,281,222,0,222,503
07/06/2023,LNS,PA,AEA,EN,Federal Contract Tower,0,13,32,2,47,0,0,179,2,181,0,13,211,4,228,158,0,158,386
07/07/2023,LNS,PA,AEA,EN,Federal Contract Tower,0,19,36,0,55,0,0,104,0,104,0,19,140,0,159,186,0,186,345
07/08/2023,LNS,PA,AEA,EN,Federal Contract Tower,0,11,24,0,35,0,1,100,0,101,0,12,124,0,136,168,0,168,304
07/10/2023,LNS,PA,AEA,EN,Federal Contract Tower,0,20,40,2,62,0,1,126,0,127,0,21,166,2,189,174,4,178,367
07/11/2023,LNS,PA,AEA,EN,Federal Contract Tower,0,23,35,4,62,0,4,187,0,191,0,27,222,4,253,230,8,238,491
07/12/2023,LNS,PA,AEA,EN,Federal Contract Tower,0,18,51,2,71,0,0,211,1,212,0,18,262,3,283,250,8,258,541
07/13/2023,LNS,PA,AEA,EN,Federal Contract Tower,0,24,33,4,61,0,3,148,0,151,0,27,181,4,212,202,4,206,418
07/14/2023,LNS,PA,AEA,EN,Federal Contract Tower,0,14,28,0,42,0,1,113,0,114,0,15,141,0,156,192,0,192,348
07/15/2023,LNS,PA,AEA,EN,Federal Contract Tower,0,21,26,0,47,0,3,103,0,106,0,24,129,0,153,156,0,156,309
07/16/2023,LNS,PA,AEA,EN,Federal Contract Tower,0,8,36,0,44,0,0,44,0,44,0,8,80,0,88,84,0,84,172
07/17/2023,LNS,PA,AEA,EN,Federal Contract Tower,0,18,38,1,57,0,0,97,0,97,0,18,135,1,154,244,2,246,400
07/18/2023,LNS,PA,AEA,EN,Federal Contract Tower,0,14,46,0,60,0,1,107,0,108,0,15,153,0,168,230,0,230,398
07/19/2023,LNS,PA,AEA,EN,Federal Contract Tower,0,13,52,1,66,0,1,64,0,65,0,14,116,1,131,142,0,142,273
07/20/2023,LNS,PA,AEA,EN,Federal Contract Tower,0,19,52,0,71,0,5,89,4,98,0,24,141,4,169,124,0,124,293
07/21/2023,LNS,PA,AEA,EN,Federal Contract Tower,0,26,32,2,60,0,1,106,4,111,0,27,138,6,171,120,0,120,291
07/22/2023,LNS,PA,AEA,EN,Federal Contract Tower,0,12,25,0,37,0,2,174,4,180,0,14,199,4,217,117,0,117,334
07/23/2023,LNS,PA,AEA,EN,Federal Contract Tower,0,17,24,0,41,0,13,131,0,144,0,30,155,0,185,112,0,112,297
07/24/2023,LNS,PA,AEA,EN,Federal Contract Tower,0,17,21,0,38,0,2,91,0,93,0,19,112,0,131,148,0,148,279
07/25/2023,LNS,PA,AEA,EN,Federal Contract Tower,0,19,36,1,56,0,0,78,0,78,0,19,114,1,134,172,2,174,308
07/26/2023,LNS,PA,AEA,EN,Federal Contract Tower,0,19,41,2,62,0,0,159,0,159,0,19,200,2,221,142,0,142,363
07/27/2023,LNS,PA,AEA,EN,Federal Contract Tower,0,17,16,0,33,0,0,62,0,62,0,17,78,0,95,102,0,102,197
07/28/2023,LNS,PA,AEA,EN,Federal Contract Tower,0,21,34,1,56,0,2,139,0,141,0,23,173,1,197,166,6,172,369
07/29/2023,LNS,PA,AEA,EN,Federal Contract Tower,0,14,21,0,35,0,10,75,0,85,0,24,96,0,120,113,0,113,233
07/30/2023,LNS,PA,AEA,EN,Federal Contract Tower,0,15,25,0,40,0,1,187,0,188,0,16,212,0,228,130,0,130,358
07/31/2023,LNS,PA,AEA,EN,Federal Contract Tower,0,23,33,2,58,0,11,197,2,210,0,34,230,4,268,220,2,222,490
08/01/2023,LNS,PA,AEA,EN,Federal Contract Tower,0,18,23,1,42,0,1,184,0,185,0,19,207,1,227,166,2,168,395
08/03/2023,LNS,PA,AEA,EN,Federal Contract Tower,0,16,34,6,56,0,0,127,2,129,0,16,161,8,185,196,20,216,401
08/04/2023,LNS,PA,AEA,EN,Federal Contract Tower,0,21,40,5,66,0,0,31,2,33,0,21,71,7,99,270,8,278,377
08/05/2023,LNS,PA,AEA,EN,Federal Contract Tower,0,18,37,0,55,0,4,115,1,120,0,22,152,1,175,155,0,155,330
08/06/2023,LNS,PA,AEA,EN,Federal Contract Tower,0,22,26,0,48,0,1,130,0,131,0,23,156,0,179,144,0,144,323
08/07/2023,LNS,PA,AEA,EN,Federal Contract Tower,0,27,41,0,68,0,0,28,0,28,0,27,69,0,96,110,0,110,206
08/08/2023,LNS,PA,AEA,EN,Federal Contract Tower,0,22,23,3,48,0,4,55,0,59,0,26,78,3,107,178,2,180,287
08/09/2023,LNS,PA,AEA,EN,Federal Contract Tower,0,21,39,1,61,0,2,140,0,142,0,23,179,1,203,204,2,206,409
08/10/2023,LNS,PA,AEA,EN,Federal Contract Tower,0,19,41,2,62,0,1,44,2,47,0,20,85,4,109,124,0,124,233
08/11/2023,LNS,PA,AEA,EN,Federal Contract Tower,0,19,40,1,60,0,0,172,2,174,0,19,212,3,234,242,2,244,478
08/12/2023,LNS,PA,AEA,EN,Federal Contract Tower,0,8,28,0,36,0,2,146,0,148,0,10,174,0,184,122,0,122,306
08/13/2023,LNS,PA,AEA,EN,Federal Contract Tower,0,13,35,0,48,0,0,131,0,131,0,13,166,0,179,112,0,112,291
08/14/2023,LNS,PA,AEA,EN,Federal Contract Tower,0,18,29,0,47,0,8,110,0,118,0,26,139,0,165,190,0,190,355
08/15/2023,LNS,PA,AEA,EN,Federal Contract Tower,0,17,36,0,53,0,0,84,0,84,0,17,120,0,137,252,4,256,393
08/16/2023,LNS,PA,AEA,EN,Federal Contract Tower,0,15,51,1,67,0,5,170,0,175,0,20,221,1,242,252,0,252,494
08/17/2023,LNS,PA,AEA,EN,Federal Contract Tower,0,17,59,0,76,0,0,126,0,126,0,17,185,0,202,206,0,206,408
08/18/2023,LNS,PA,AEA,EN,Federal Contract Tower,0,14,33,0,47,0,1,117,0,118,0,15,150,0,165,180,2,182,347
08/19/2023,LNS,PA,AEA,EN,Federal Contract Tower,0,12,28,0,40,0,1,154,0,155,0,13,182,0,195,130,0,130,325
08/21/2023,LNS,PA,AEA,EN,Federal Contract Tower,0,23,37,0,60,0,2,171,0,173,0,25,208,0,233,286,0,286,519
08/22/2023,LNS,PA,AEA,EN,Federal Contract Tower,0,15,27,0,42,0,4,123,2,129,0,19,150,2,171,208,0,208,379
08/23/2023,LNS,PA,AEA,EN,Federal Contract Tower,0,17,31,6,54,0,3,163,0,166,0,20,194,6,220,300,10,310,530
08/24/2023,LNS,PA,AEA,EN,Federal Contract Tower,0,20,46,3,69,0,6,82,4,92,0,26,128,7,161,180,10,190,351
08/25/2023,LNS,PA,AEA,EN,Federal Contract Tower,0,16,52,0,68,0,0,59,0,59,0,16,111,0,127,200,0,200,327
08/26/2023,LNS,PA,AEA,EN,Federal Contract Tower,0,13,45,0,58,0,8,156,10,174,0,21,201,10,232,168,0,168,400
08/27/2023,LNS,PA,AEA,EN,Federal Contract Tower,0,14,34,0,48,0,5,130,0,135,0,19,164,0,183,132,0,132,315
08/28/2023,LNS,PA,AEA,EN,Federal Contract Tower,0,11,50,0,61,0,2,67,0,69,0,13,117,0,130,190,0,190,320
08/29/2023,LNS,PA,AEA,EN,Federal Contract Tower,0,25,52,8,85,0,0,46,12,58,0,25,98,20,143,142,6,148,291
08/30/2023,LNS,PA,AEA,EN,Federal Contract Tower,0,17,28,0,45,0,3,154,2,159,0,20,182,2,204,164,2,166,370
08/31/2023,LNS,PA,AEA,EN,Federal Contract Tower,0,24,27,0,51,0,7,171,0,178,0,31,198,0,229,170,4,174,403
01/01/2020,LNS,PA,AEA,EN,Federal Contract Tower,0,13,22,0,35,0,1,52,0,53,0,14,74,0,88,44,0,44,132
01/02/2020,LNS,PA,AEA,EN,Federal Contract Tower,0,16,21,0,37,0,4,129,0,133,0,20,150,0,170,86,2,88,258
01/03/2020,LNS,PA,AEA,EN,Federal Contract Tower,0,12,22,0,34,0,0,1,0,1,0,12,23,0,35,4,0,4,39
01/04/2020,LNS,PA,AEA,EN,Federal Contract Tower,0,10,16,0,26,0,0,6,0,6,0,10,22,0,32,8,0,8,40
01/05/2020,LNS,PA,AEA,EN,Federal Contract Tower,0,11,15,0,26,0,28,0,0,28,0,39,15,0,54,16,0,16,70
01/07/2020,LNS,PA,AEA,EN,Federal Contract Tower,0,17,15,3,35,0,0,32,0,32,0,17,47,3,67,40,22,62,129
01/08/2020,LNS,PA,AEA,EN,Federal Contract Tower,0,12,7,0,19,0,2,15,2,19,0,14,22,2,38,16,0,16,54
01/09/2020,LNS,PA,AEA,EN,Federal Contract Tower,0,11,29,5,45,0,0,121,3,124,0,11,150,8,169,146,0,146,315
01/10/2020,LNS,PA,AEA,EN,Federal Contract Tower,0,12,43,1,56,0,0,61,0,61,0,12,104,1,117,64,14,78,195
01/11/2020,LNS,PA,AEA,EN,Federal Contract Tower,0,6,8,0,14,0,0,29,0,29,0,6,37,0,43,66,0,66,109
01/12/2020,LNS,PA,AEA,EN,Federal Contract Tower,0,14,10,0,24,0,0,55,0,55,0,14,65,0,79,18,0,18,97
01/13/2020,LNS,PA,AEA,EN,Federal Contract Tower,0,14,39,2,55,0,0,65,0,65,0,14,104,2,120,104,0,104,224
01/14/2020,LNS,PA,AEA,EN,Federal Contract Tower,0,11,24,0,35,0,0,0,0,0,0,11,24,0,35,0,0,0,35
01/15/2020,LNS,PA,AEA,EN,Federal Contract Tower,0,8,62,1,71,0,0,160,0,160,0,8,222,1,231,192,2,194,425
01/16/2020,LNS,PA,AEA,EN,Federal Contract Tower,0,16,15,2,33,0,1,15,0,16,0,17,30,2,49,16,0,16,65
01/17/2020,LNS,PA,AEA,EN,Federal Contract Tower,0,13,37,0,50,0,0,122,3,125,0,13,159,3,175,120,0,120,295
01/18/2020,LNS,PA,AEA,EN,Federal Contract Tower,0,2,1,0,3,0,0,1,0,1,0,2,2,0,4,2,0,2,6
01/19/2020,LNS,PA,AEA,EN,Federal Contract Tower,0,8,8,0,16,0,0,41,0,41,0,8,49,0,57,14,0,14,71
01/20/2020,LNS,PA,AEA,EN,Federal Contract Tower,0,10,41,0,51,0,0,116,0,116,0,10,157,0,167,32,0,32,199
01/21/2020,LNS,PA,AEA,EN,Federal Contract Tower,0,12,23,8,43,0,1,133,2,136,0,13,156,10,179,80,18,98,277
01/22/2020,LNS,PA,AEA,EN,Federal Contract Tower,0,14,37,4,55,0,2,183,0,185,0,16,220,4,240,94,0,94,334
01/23/2020,LNS,PA,AEA,EN,Federal Contract Tower,0,10,28,1,39,0,1,122,0,123,0,11,150,1,162,100,2,102,264
01/24/2020,LNS,PA,AEA,EN,Federal Contract Tower,0,16,58,4,78,0,3,93,2,98,0,19,151,6,176,92,22,114,290
01/25/2020,LNS,PA,AEA,EN,Federal Contract Tower,0,3,7,0,10,0,0,5,0,5,0,3,12,0,15,12,0,12,27
01/26/2020,LNS,PA,AEA,EN,Federal Contract Tower,0,9,15,0,24,0,7,94,0,101,0,16,109,0,125,42,0,42,167
01/27/2020,LNS,PA,AEA,EN,Federal Contract Tower,0,13,24,0,37,0,0,69,0,69,0,13,93,0,106,32,0,32,138
01/28/2020,LNS,PA,AEA,EN,Federal Contract Tower,0,16,34,4,54,0,0,91,4,95,0,16,125,8,149,42,22,64,213
01/29/2020,LNS,PA,AEA,EN,Federal Contract Tower,0,12,35,4,51,0,0,118,0,118,0,12,153,4,169,120,4,124,293
01/31/2020,LNS,PA,AEA,EN,Federal Contract Tower,0,10,49,2,61,0,1,93,0,94,0,11,142,2,155,106,6,112,267
02/01/2020,LNS,PA,AEA,EN,Federal Contract Tower,0,10,19,0,29,0,0,1,0,1,0,10,20,0,30,34,0,34,64
02/03/2020,LNS,PA,AEA,EN,Federal Contract Tower,0,10,33,2,45,0,0,139,2,141,0,10,172,4,186,106,0,106,292
02/04/2020,LNS,PA,AEA,EN,Federal Contract Tower,0,11,17,10,38,0,1,56,0,57,0,12,73,10,95,98,0,98,193
02/05/2020,LNS,PA,AEA,EN,Federal Contract Tower,0,15,17,1,33,0,2,52,0,54,0,17,69,1,87,50,2,52,139
02/06/2020,LNS,PA,AEA,EN,Federal Contract Tower,0,18,10,0,28,0,0,0,0,0,0,18,10,0,28,0,0,0,28
02/07/2020,LNS,PA,AEA,EN,Federal Contract Tower,0,9,11,0,20,0,0,0,0,0,0,9,11,0,20,0,0,0,20
02/08/2020,LNS,PA,AEA,EN,Federal Contract Tower,0,6,46,2,54,0,9,134,0,143,0,15,180,2,197,114,8,122,319
02/09/2020,LNS,PA,AEA,EN,Federal Contract Tower,0,12,45,0,57,0,0,155,0,155,0,12,200,0,212,174,0,174,386
02/11/2020,LNS,PA,AEA,EN,Federal Contract Tower,0,12,25,1,38,0,0,4,0,4,0,12,29,1,42,24,2,26,68
02/12/2020,LNS,PA,AEA,EN,Federal Contract Tower,0,16,22,1,39,0,3,138,1,142,0,19,160,2,181,104,34,138,319
02/13/2020,LNS,PA,AEA,EN,Federal Contract Tower,0,12,28,0,40,0,0,13,2,15,0,12,41,2,55,36,12,48,103
02/14/2020,LNS,PA,AEA,EN,Federal Contract Tower,0,18,29,0,47,0,0,79,0,79,0,18,108,0,126,40,0,40,166
02/15/2020,LNS,PA,AEA,EN,Federal Contract Tower,0,11,34,0,45,0,0,162,0,162,0,11,196,0,207,80,0,80,287
02/16/2020,LNS,PA,AEA,EN,Federal Contract Tower,0,7,28,0,35,0,2,110,0,112,0,9,138,0,147,74,0,74,221
02/17/2020,LNS,PA,AEA,EN,Federal Contract Tower,0,16,29,0,45,0,0,205,0,205,0,16,234,0,250,82,0,82,332
02/18/2020,LNS,PA,AEA,EN,Federal Contract Tower,0,16,21,0,37,0,2,26,17,45,0,18,47,17,82,24,0,24,106
02/19/2020,LNS,PA,AEA,EN,Federal Contract Tower,0,11,25,5,41,0,4,141,3,148,0,15,166,8,189,82,6,88,277
02/20/2020,LNS,PA,AEA,EN,Federal Contract Tower,0,13,36,13,62,0,0,114,4,118,0,13,150,17,180,96,34,130,310
02/21/2020,LNS,PA,AEA,EN,Federal Contract Tower,0,18,34,0,52,0,2,130,0,132,0,20,164,0,184,146,4,150,334
02/22/2020,LNS,PA,AEA,EN,Federal Contract Tower,0,9,28,0,37,0,4,148,0,152,0,13,176,0,189,128,0,128,317
02/23/2020,LNS,PA,AEA,EN,Federal Contract Tower,0,10,28,1,39,0,7,168,0,175,0,17,196,1,214,116,2,118,332
02/24/2020,LNS,PA,AEA,EN,Federal Contract Tower,0,13,17,3,33,0,0,143,5,148,0,13,160,8,181,72,32,104,285
02/25/2020,LNS,PA,AEA,EN,Federal Contract Tower,0,11,21,6,38,0,0,0,0,0,0,11,21,6,38,0,0,0,38
02/26/2020,LNS,PA,AEA,EN,Federal Contract Tower,0,11,33,0,44,0,0,1,0,1,0,11,34,0,45,6,0,6,51
02/27/2020,LNS,PA,AEA,EN,Federal Contract Tower,0,8,15,1,24,0,0,7,6,13,0,8,22,7,37,0,0,0,37
02/28/2020,LNS,PA,AEA,EN,Federal Contract Tower,0,15,33,3,51,0,1,68,2,71,0,16,101,5,122,133,4,137,259
02/29/2020,LNS,PA,AEA,EN,Federal Contract Tower,0,7,28,0,35,0,1,46,0,47,0,8,74,0,82,124,0,124,206
03/01/2020,LNS,PA,AEA,EN,Federal Contract Tower,0,17,41,0,58,0,0,157,0,157,0,17,198,0,215,86,0,86,301
03/02/2020,LNS,PA,AEA,EN,Federal Contract Tower,0,14,29,1,44,0,2,101,0,103,0,16,130,1,147,48,12,60,207
03/03/2020,LNS,PA,AEA,EN,Federal Contract Tower,0,14,19,5,38,0,0,20,0,20,0,14,39,5,58,42,0,42,100
03/04/2020,LNS,PA,AEA,EN,Federal Contract Tower,0,15,22,3,40,0,1,73,6,80,0,16,95,9,120,82,8,90,210
03/05/2020,LNS,PA,AEA,EN,Federal Contract Tower,0,18,32,5,55,0,0,174,1,175,0,18,206,6,230,122,6,128,358
03/06/2020,LNS,PA,AEA,EN,Federal Contract Tower,0,19,22,0,41,0,0,5,0,5,0,19,27,0,46,2,0,2,48
03/07/2020,LNS,PA,AEA,EN,Federal Contract Tower,0,4,16,0,20,0,3,59,0,62,0,7,75,0,82,6,2,8,90
03/08/2020,LNS,PA,AEA,EN,Federal Contract Tower,0,11,40,0,51,0,0,186,0,186,0,11,226,0,237,118,0,118,355
03/09/2020,LNS,PA,AEA,EN,Federal Contract Tower,0,15,35,8,58,0,0,159,0,159,0,15,194,8,217,94,10,104,321
03/10/2020,LNS,PA,AEA,EN,Federal Contract Tower,0,12,21,4,37,0,0,40,0,40,0,12,61,4,77,28,2,30,107
03/11/2020,LNS,PA,AEA,EN,Federal Contract Tower,0,11,41,1,53,0,1,141,0,142,0,12,182,1,195,104,2,106,301
03/12/2020,LNS,PA,AEA,EN,Federal Contract Tower,0,15,50,2,67,0,0,73,0,73,0,15,123,2,140,76,4,80,220
03/13/2020,LNS,PA,AEA,EN,Federal Contract Tower,0,13,32,3,48,0,0,15,2,17,0,13,47,5,65,14,0,14,79
03/14/2020,LNS,PA,AEA,EN,Federal Contract Tower,0,6,16,0,22,0,0,102,0,102,0,6,118,0,124,40,0,40,164
03/15/2020,LNS,PA,AEA,EN,Federal Contract Tower,0,9,29,0,38,0,0,116,0,116,0,9,145,0,154,120,0,120,274
03/16/2020,LNS,PA,AEA,EN,Federal Contract Tower,0,11,29,0,40,0,0,96,0,96,0,11,125,0,136,110,0,110,246
03/17/2020,LNS,PA,AEA,EN,Federal Contract Tower,0,10,25,2,37,0,0,17,2,19,0,10,42,4,56,50,0,50,106
03/18/2020,LNS,PA,AEA,EN,Federal Contract Tower,0,13,44,4,61,0,1,100,2,103,0,14,144,6,164,66,4,70,234
03/19/2020,LNS,PA,AEA,EN,Federal Contract Tower,0,15,27,7,49,0,0,0,0,0,0,15,27,7,49,4,14,18,67
03/20/2020,LNS,PA,AEA,EN,Federal Contract Tower,0,12,6,0,18,0,0,4,0,4,0,12,10,0,22,2,0,2,24
03/21/2020,LNS,PA,AEA,EN,Federal Contract Tower,0,4,18,0,22,0,0,50,0,50,0,4,68,0,72,80,0,80,152
03/22/2020,LNS,PA,AEA,EN,Federal Contract Tower,0,5,25,0,30,0,3,61,0,64,0,8,86,0,94,22,0,22,116
03/24/2020,LNS,PA,AEA,EN,Federal Contract Tower,0,10,18,1,29,0,2,47,1,50,0,12,65,2,79,14,0,14,93
03/25/2020,LNS,PA,AEA,EN,Federal Contract Tower,0,11,23,0,34,0,0,0,0,0,0,11,23,0,34,0,0,0,34
03/26/2020,LNS,PA,AEA,EN,Federal Contract Tower,0,14,23,5,42,0,0,33,0,33,0,14,56,5,75,26,0,26,101
03/27/2020,LNS,PA,AEA,EN,Federal Contract Tower,0,10,24,0,34,0,0,43,0,43,0,10,67,0,77,28,0,28,105
03/28/2020,LNS,PA,AEA,EN,Federal Contract Tower,0,5,9,0,14,0,0,0,0,0,0,5,9,0,14,0,0,0,14
03/29/2020,LNS,PA,AEA,EN,Federal Contract Tower,0,7,6,0,13,0,0,0,0,0,0,7,6,0,13,0,0,0,13
03/30/2020,LNS,PA,AEA,EN,Federal Contract Tower,0,13,20,0,33,0,0,18,0,18,0,13,38,0,51,10,0,10,61
03/31/2020,LNS,PA,AEA,EN,Federal Contract Tower,0,14,7,1,22,0,0,5,2,7,0,14,12,3,29,16,0,16,45
04/01/2020,LNS,PA,AEA,EN,Federal Contract Tower,0,12,8,3,23,0,0,38,5,43,0,12,46,8,66,4,2,6,72
04/02/2020,LNS,PA,AEA,EN,Federal Contract Tower,0,12,3,1,16,0,0,12,5,17,0,12,15,6,33,6,8,14,47
04/03/2020,LNS,PA,AEA,EN,Federal Contract Tower,0,11,12,0,23,0,0,4,2,6,0,11,16,2,29,0,0,0,29
04/05/2020,LNS,PA,AEA,EN,Federal Contract Tower,0,6,8,1,15,0,0,47,0,47,0,6,55,1,62,42,2,44,106
04/06/2020,LNS,PA,AEA,EN,Federal Contract Tower,0,11,9,0,20,0,0,53,0,53,0,11,62,0,73,20,0,20,93
04/07/2020,LNS,PA,AEA,EN,Federal Contract Tower,0,10,5,0,15,0,0,32,2,34,0,10,37,2,49,28,0,28,77
04/08/2020,LNS,PA,AEA,EN,Federal Contract Tower,0,11,8,6,25,0,0,25,0,25,0,11,33,6,50,4,0,4,54
04/09/2020,LNS,PA,AEA,EN,Federal Contract Tower,0,10,6,2,18,0,0,3,0,3,0,10,9,2,21,0,0,0,21
04/10/2020,LNS,PA,AEA,EN,Federal Contract Tower,0,7,5,0,12,0,0,0,2,2,0,7,5,2,14,0,4,4,18
04/11/2020,LNS,PA,AEA,EN,Federal Contract Tower,0,4,15,0,19,0,0,64,0,64,0,4,79,0,83,74,0,74,157
04/12/2020,LNS,PA,AEA,EN,Federal Contract Tower,0,9,4,0,13,0,0,38,0,38,0,9,42,0,51,12,0,12,63
04/13/2020,LNS,PA,AEA,EN,Federal Contract Tower,0,9,2,0,11,0,0,2,0,2,0,9,4,0,13,0,0,0,13
04/14/2020,LNS,PA,AEA,EN,Federal Contract Tower,0,10,19,6,35,0,0,47,0,47,0,10,66,6,82,38,6,44,126
04/15/2020,LNS,PA,AEA,EN,Federal Contract Tower,0,15,5,6,26,0,0,53,0,53,0,15,58,6,79,36,6,42,121
04/16/2020,LNS,PA,AEA,EN,Federal Contract Tower,0,10,29,7,46,0,0,30,6,36,0,10,59,13,82,0,6,6,88
04/17/2020,LNS,PA,AEA,EN,Federal Contract Tower,0,12,11,0,23,0,0,23,4,27,0,12,34,4,50,12,0,12,62
04/18/2020,LNS,PA,AEA,EN,Federal Contract Tower,0,8,6,0,14,0,0,9,0,9,0,8,15,0,23,2,0,2,25
04/19/2020,LNS,PA,AEA,EN,Federal Contract Tower,0,6,22,0,28,0,2,74,0,76,0,8,96,0,104,66,0,66,170
04/20/2020,LNS,PA,AEA,EN,Federal Contract Tower,0,11,13,0,24,0,0,50,0,50,0,11,63,0,74,12,0,12,86
04/21/2020,LNS,PA,AEA,EN,Federal Contract Tower,0,10,11,0,21,0,0,6,0,6,0,10,17,0,27,0,0,0,27
04/22/2020,LNS,PA,AEA,EN,Federal Contract Tower,0,11,4,0,15,0,0,34,2,36,0,11,38,2,51,40,2,42,93
04/23/2020,LNS,PA,AEA,EN,Federal Contract Tower,0,15,19,5,39,0,0,41,0,41,0,15,60,5,80,60,12,72,152
04/24/2020,LNS,PA,AEA,EN,Federal Contract Tower,0,9,21,0,30,0,0,2,2,4,0,9,23,2,34,4,0,4,38
04/25/2020,LNS,PA,AEA,EN,Federal Contract Tower,0,8,21,0,29,0,4,67,0,71,0,12,88,0,100,80,0,80,180
04/26/2020,LNS,PA,AEA,EN,Federal Contract Tower,0,6,9,0,15,0,0,0,0,0,0,6,9,0,15,0,0,0,15
04/27/2020,LNS,PA,AEA,EN,Federal Contract Tower,0,10,8,2,20,0,0,25,2,27,0,10,33,4,47,24,6,30,77
04/28/2020,LNS,PA,AEA,EN,Federal Contract Tower,0,10,24,0,34,0,0,97,0,97,0,10,121,0,131,60,0,60,191
04/29/2020,LNS,PA,AEA,EN,Federal Contract Tower,0,14,21,9,44,0,0,20,2,22,0,14,41,11,66,32,12,44,110
04/30/2020,LNS,PA,AEA,EN,Federal Contract Tower,0,8,6,0,14,0,0,0,0,0,0,8,6,0,14,0,0,0,14
05/01/2020,LNS,PA,AEA,EN,Federal Contract Tower,0,11,10,2,23,0,0,22,2,24,0,11,32,4,47,14,2,16,63
05/02/2020,LNS,PA,AEA,EN,Federal Contract Tower,0,9,27,2,38,0,0,107,4,111,0,9,134,6,149,72,2,74,223
05/03/2020,LNS,PA,AEA,EN,Federal Contract Tower,0,6,13,0,19,0,0,51,0,51,0,6,64,0,70,18,0,18,88
05/04/2020,LNS,PA,AEA,EN,Federal Contract Tower,0,11,12,0,23,0,1,25,0,26,0,12,37,0,49,10,0,10,59
05/05/2020,LNS,PA,AEA,EN,Federal Contract Tower,0,11,33,0,44,0,4,97,0,101,0,15,130,0,145,62,0,62,207
05/06/2020,LNS,PA,AEA,EN,Federal Contract Tower,0,15,22,1,38,0,0,8,0,8,0,15,30,1,46,20,2,22,68
05/07/2020,LNS,PA,AEA,EN,Federal Contract Tower,0,12,17,1,30,0,2,66,5,73,0,14,83,6,103,72,14,86,189
05/08/2020,LNS,PA,AEA,EN,Federal Contract Tower,0,16,16,0,32,0,0,18,0,18,0,16,34,0,50,6,0,6,56
05/09/2020,LNS,PA,AEA,EN,Federal Contract Tower,0,6,6,0,12,0,0,4,0,4,0,6,10,0,16,6,0,6,22
05/10/2020,LNS,PA,AEA,EN,Federal Contract Tower,3,6,0,0,9,0,0,25,0,25,3,6,25,0,34,18,0,18,52
05/11/2020,LNS,PA,AEA,EN,Federal Contract Tower,0,14,15,0,29,0,0,10,0,10,0,14,25,0,39,6,0,6,45
05/12/2020,LNS,PA,AEA,EN,Federal Contract Tower,0,11,15,1,27,0,1,44,2,47,0,12,59,3,74,24,2,26,100
05/13/2020,LNS,PA,AEA,EN,Federal Contract Tower,0,15,51,1,67,0,0,102,2,104,0,15,153,3,171,132,12,144,315
05/14/2020,LNS,PA,AEA,EN,Federal Contract Tower,0,12,17,5,34,0,0,80,2,82,0,12,97,7,116,76,8,84,200
05/15/2020,LNS,PA,AEA,EN,Federal Contract Tower,0,10,26,1,37,0,0,57,0,57,0,10,83,1,94,64,0,64,158
05/17/2020,LNS,PA,AEA,EN,Federal Contract Tower,0,7,22,0,29,0,0,49,0,49,0,7,71,0,78,74,0,74,152
05/18/2020,LNS,PA,AEA,EN,Federal Contract Tower,0,11,18,12,41,0,0,63,12,75,0,11,81,24,116,52,2,54,170
05/19/2020,LNS,PA,AEA,EN,Federal Contract Tower,0,11,14,5,30,0,0,37,4,41,0,11,51,9,71,46,12,58,129
05/20/2020,LNS,PA,AEA,EN,Federal Contract Tower,0,14,17,2,33,0,0,65,3,68,0,14,82,5,101,50,40,90,191
05/21/2020,LNS,PA,AEA,EN,Federal Contract Tower,0,13,53,15,81,0,0,108,0,108,0,13,161,15,189,174,32,206,395
05/22/2020,LNS,PA,AEA,EN,Federal Contract Tower,0,16,47,0,63,0,0,2,0,2,0,16,49,0,65,22,0,22,87
05/23/2020,LNS,PA,AEA,EN,Federal Contract Tower,0,8,19,0,27,0,0,38,0,38,0,8,57,0,65,68,0,68,133
05/24/2020,LNS,PA,AEA,EN,Federal Contract Tower,0,7,14,0,21,0,0,34,0,34,0,7,48,0,55,34,0,34,89
05/25/2020,LNS,PA,AEA,EN,Federal Contract Tower,0,18,54,0,72,0,0,67,0,67,0,18,121,0,139,116,0,116,255
05/26/2020,LNS,PA,AEA,EN,Federal Contract Tower,0,14,44,6,64,0,0,139,4,143,0,14,183,10,207,110,2,112,319
05/27/2020,LNS,PA,AEA,EN,Federal Contract Tower,0,12,35,14,61,0,1,35,2,38,0,13,70,16,99,64,34,98,197
05/28/2020,LNS,PA,AEA,EN,Federal Contract Tower,0,14,27,5,46,0,0,6,3,9,0,14,33,8,55,30,26,56,111
05/29/2020,LNS,PA,AEA,EN,Federal Contract Tower,0,11,23,0,34,0,0,29,0,29,0,11,52,0,63,40,0,40,103
05/30/2020,LNS,PA,AEA,EN,Federal Contract Tower,0,5,20,0,25,0,0,122,0,122,0,5,142,0,147,88,0,88,235
05/31/2020,LNS,PA,AEA,EN,Federal Contract Tower,0,8,14,0,22,0,0,72,0,72,0,8,86,0,94,60,0,60,154
06/01/2020,LNS,PA,AEA,EN,Federal Contract Tower,0,11,29,0,40,0,0,85,2,87,0,11,114,2,127,80,0,80,207
06/02/2020,LNS,PA,AEA,EN,Federal Contract Tower,0,10,24,1,35,0,4,97,0,101,0,14,121,1,136,106,2,108,244
06/03/2020,LNS,PA,AEA,EN,Federal Contract Tower,0,17,8,0,25,0,0,33,0,33,0,17,41,0,58,16,0,16,74
06/05/2020,LNS,PA,AEA,EN,Federal Contract Tower,0,14,42,0,56,0,0,18,0,18,0,14,60,0,74,58,0,58,132
06/06/2020,LNS,PA,AEA,EN,Federal Contract Tower,0,9,34,0,43,0,0,53,0,53,0,9,87,0,96,42,0,42,138
06/07/2020,LNS,PA,AEA,EN,Federal Contract Tower,0,7,22,0,29,0,0,95,0,95,0,7,117,0,124,84,0,84,208
06/08/2020,LNS,PA,AEA,EN,Federal Contract Tower,0,17,38,0,55,0,6,154,0,160,0,23,192,0,215,98,0,98,313
06/09/2020,LNS,PA,AEA,EN,Federal Contract Tower,0,16,20,4,40,0,0,150,3,153,0,16,170,7,193,124,8,132,325
06/10/2020,LNS,PA,AEA,EN,Federal Contract Tower,0,13,14,2,29,0,0,68,0,68,0,13,82,2,97,46,4,50,147
06/11/2020,LNS,PA,AEA,EN,Federal Contract Tower,0,14,15,0,29,0,0,47,0,47,0,14,62,0,76,68,0,68,144
06/12/2020,LNS,PA,AEA,EN,Federal Contract Tower,0,14,48,2,64,0,0,128,1,129,0,14,176,3,193,122,4,126,319
06/13/2020,LNS,PA,AEA,EN,Federal Contract Tower,0,9,23,0,32,0,0,155,0,155,0,9,178,0,187,64,0,64,251
06/14/2020,LNS,PA,AEA,EN,Federal Contract Tower,0,9,22,0,31,0,0,101,0,101,0,9,123,0,132,92,0,92,224
06/15/2020,LNS,PA,AEA,EN,Federal Contract Tower,0,11,39,4,54,0,0,105,0,105,0,11,144,4,159,100,14,114,273
06/16/2020,LNS,PA,AEA,EN,Federal Contract Tower,0,13,39,4,56,0,3,126,0,129,0,16,165,4,185,102,6,108,293
06/17/2020,LNS,PA,AEA,EN,Federal Contract Tower,0,17,32,10,59,0,0,96,0,96,0,17,128,10,155,132,42,174,329
06/18/2020,LNS,PA,AEA,EN,Federal Contract Tower,0,16,23,1,40,0,1,28,0,29,0,17,51,1,69,58,2,60,129
06/19/2020,LNS,PA,AEA,EN,Federal Contract Tower,0,18,36,0,54,0,0,46,0,46,0,18,82,0,100,106,0,106,206
06/20/2020,LNS,PA,AEA,EN,Federal Contract Tower,0,7,30,0,37,0,0,26,1,27,0,7,56,1,64,54,2,56,120
06/21/2020,LNS,PA,AEA,EN,Federal Contract Tower,0,12,15,0,27,0,0,52,0,52,0,12,67,0,79,56,0,56,135
06/22/2020,LNS,PA,AEA,EN,Federal Contract Tower,0,15,28,1,44,0,1,78,0,79,0,16,106,1,123,68,2,70,193
06/23/2020,LNS,PA,AEA,EN,Federal Contract Tower,0,15,21,4,40,0,1,47,5,53,0,16,68,9,93,84,8,92,185
06/24/2020,LNS,PA,AEA,EN,Federal Contract Tower,0,18,30,3,51,0,1,140,0,141,0,19,170,3,192,152,8,160,352
06/25/2020,LNS,PA,AEA,EN,Federal Contract Tower,0,12,31,7,50,0,1,80,5,86,0,13,111,12,136,102,36,138,274
06/26/2020,LNS,PA,AEA,EN,Federal Contract Tower,0,16,41,0,57,0,0,146,0,146,0,16,187,0,203,116,0,116,319
06/27/2020,LNS,PA,AEA,EN,Federal Contract Tower,0,6,21,0,27,0,0,29,0,29,0,6,50,0,56,26,0,26,82
06/28/2020,LNS,PA,AEA,EN,Federal Contract Tower,0,6,14,0,20,0,0,73,0,73,0,6,87,0,93,78,0,78,171
06/29/2020,LNS,PA,AEA,EN,Federal Contract Tower,0,14,42,0,56,0,0,120,0,120,0,14,162,0,176,88,0,88,264
06/30/2020,LNS,PA,AEA,EN,Federal Contract Tower,0,15,36,2,53,0,0,156,5,161,0,15,192,7,214,128,16,144,358
07/01/2020,LNS,PA,AEA,EN,Federal Contract Tower,0,13,24,2,39,0,0,153,0,153,0,13,177,2,192,168,0,168,360
07/02/2020,LNS,PA,AEA,EN,Federal Contract Tower,0,12,37,2,51,0,2,126,0,128,0,14,163,2,179,138,4,142,321
07/03/2020,LNS,PA,AEA,EN,Federal Contract Tower,0,19,11,0,30,0,3,119,0,122,0,22,130,0,152,154,0,154,306
07/04/2020,LNS,PA,AEA,EN,Federal Contract Tower,0,6,11,0,17,0,0,81,0,81,0,6,92,0,98,42,0,42,140
07/05/2020,LNS,PA,AEA,EN,Federal Contract Tower,0,14,20,0,34,0,2,77,0,79,0,16,97,0,113,58,0,58,171
07/06/2020,LNS,PA,AEA,EN,Federal Contract Tower,0,13,24,0,37,0,2,71,0,73,0,15,95,0,110,48,0,48,158
07/07/2020,LNS,PA,AEA,EN,Federal Contract Tower,0,15,53,4,72,0,0,50,2,52,0,15,103,6,124,138,0,138,262
07/08/2020,LNS,PA,AEA,EN,Federal Contract Tower,0,20,29,0,49,0,0,25,0,25,0,20,54,0,74,60,0,60,134
07/09/2020,LNS,PA,AEA,EN,Federal Contract Tower,0,16,51,1,68,0,4,80,4,88,0,20,131,5,156,110,0,110,266
07/10/2020,LNS,PA,AEA,EN,Federal Contract Tower,0,18,18,0,36,0,0,3,0,3,0,18,21,0,39,10,0,10,49
07/11/2020,LNS,PA,AEA,EN,Federal Contract Tower,0,11,41,0,52,0,1,78,0,79,0,12,119,0,131,196,0,196,327
07/12/2020,LNS,PA,AEA,EN,Federal Contract Tower,0,7,18,0,25,0,4,82,0,86,0,11,100,0,111,64,0,64,175
07/13/2020,LNS,PA,AEA,EN,Federal Contract Tower,0,15,12,1,28,0,0,103,1,104,0,15,115,2,132,54,0,54,186
07/14/2020,LNS,PA,AEA,EN,Federal Contract Tower,0,17,23,0,40,0,7,171,0,178,0,24,194,0,218,126,0,126,344
07/15/2020,LNS,PA,AEA,EN,Federal Contract Tower,0,22,34,4,60,0,2,166,0,168,0,24,200,4,228,122,10,132,360
07/16/2020,LNS,PA,AEA,EN,Federal Contract Tower,0,21,37,0,58,0,0,71,2,73,0,21,108,2,131,106,0,106,237
07/17/2020,LNS,PA,AEA,EN,Federal Contract Tower,0,14,48,0,62,0,0,86,0,86,0,14,134,0,148,106,0,106,254
07/18/2020,LNS,PA,AEA,EN,Federal Contract Tower,0,17,37,0,54,0,0,121,0,121,0,17,158,0,175,106,0,106,281
07/19/2020,LNS,PA,AEA,EN,Federal Contract Tower,0,7,21,0,28,0,0,87,0,87,0,7,108,0,115,104,0,104,219
07/20/2020,LNS,PA,AEA,EN,Federal Contract Tower,0,11,23,0,34,0,0,104,0,104,0,11,127,0,138,58,0,58,196
07/21/2020,LNS,PA,AEA,EN,Federal Contract Tower,0,13,23,0,36,0,2,97,2,101,0,15,120,2,137,152,0,152,289
07/22/2020,LNS,PA,AEA,EN,Federal Contract Tower,0,10,25,0,35,0,0,71,2,73,0,10,96,2,108,64,2,66,174
07/23/2020,LNS,PA,AEA,EN,Federal Contract Tower,0,9,18,2,29,0,2,54,0,56,0,11,72,2,85,40,0,40,125
07/24/2020,LNS,PA,AEA,EN,Federal Contract Tower,0,16,57,0,73,0,0,33,0,33,0,16,90,0,106,152,0,152,258
07/25/2020,LNS,PA,AEA,EN,Federal Contract Tower,0,9,49,0,58,0,1,71,0,72,0,10,120,0,130,104,0,104,234
07/27/2020,LNS,PA,AEA,EN,Federal Contract Tower,0,11,30,0,41,0,1,106,1,108,0,12,136,1,149,84,8,92,241
07/28/2020,LNS,PA,AEA,EN,Federal Contract Tower,0,11,39,5,55,0,0,108,3,111,0,11,147,8,166,150,20,170,336
07/29/2020,LNS,PA,AEA,EN,Federal Contract Tower,0,13,26,4,43,0,0,182,3,185,0,13,208,7,228,118,6,124,352
07/30/2020,LNS,PA,AEA,EN,Federal Contract Tower,0,14,37,6,57,0,4,132,4,140,0,18,169,10,197,92,10,102,299
07/31/2020,LNS,PA,AEA,EN,Federal Contract Tower,0,17,44,0,61,0,0,66,0,66,0,17,110,0,127,134,0,134,261
08/01/2020,LNS,PA,AEA,EN,Federal Contract Tower,0,6,11,0,17,0,0,117,0,117,0,6,128,0,134,90,0,90,224
08/02/2020,LNS,PA,AEA,EN,Federal Contract Tower,0,9,30,0,39,0,0,30,0,30,0,9,60,0,69,74,0,74,143
08/03/2020,LNS,PA,AEA,EN,Federal Contract Tower,0,13,24,3,40,0,2,52,1,55,0,15,76,4,95,106,8,114,209
08/04/2020,LNS,PA,AEA,EN,Federal Contract Tower,0,11,4,0,15,0,0,3,0,3,0,11,7,0,18,0,0,0,18
08/05/2020,LNS,PA,AEA,EN,Federal Contract Tower,0,12,26,0,38,0,0,160,4,164,0,12,186,4,202,112,4,116,318
08/06/2020,LNS,PA,AEA,EN,Federal Contract Tower,0,14,40,1,55,0,1,60,0,61,0,15,100,1,116,134,2,136,252
08/07/2020,LNS,PA,AEA,EN,Federal Contract Tower,0,15,38,0,53,0,0,6,0,6,0,15,44,0,59,34,0,34,93
08/08/2020,LNS,PA,AEA,EN,Federal Contract Tower,0,7,40,0,47,0,0,118,0,118,0,7,158,0,165,128,0,128,293
08/09/2020,LNS,PA,AEA,EN,Federal Contract Tower,0,11,23,0,34,0,2,118,4,124,0,13,141,4,158,108,0,108,266
08/10/2020,LNS,PA,AEA,EN,Federal Contract Tower,0,11,38,2,51,0,3,158,1,162,0,14,196,3,213,144,4,148,361
08/11/2020,LNS,PA,AEA,EN,Federal Contract Tower,0,14,44,2,60,0,0,70,1,71,0,14,114,3,131,94,10,104,235
08/12/2020,LNS,PA,AEA,EN,Federal Contract Tower,0,13,20,4,37,0,0,99,0,99,0,13,119,4,136,90,22,112,248
08/13/2020,LNS,PA,AEA,EN,Federal Contract Tower,0,11,34,2,47,0,0,65,8,73,0,11,99,10,120,110,0,110,230
08/14/2020,LNS,PA,AEA,EN,Federal Contract Tower,0,14,43,2,59,0,0,93,0,93,0,14,136,2,152,122,0,122,274
08/15/2020,LNS,PA,AEA,EN,Federal Contract Tower,0,11,32,0,43,0,0,116,0,116,0,11,148,0,159,110,0,110,269
08/16/2020,LNS,PA,AEA,EN,Federal Contract Tower,0,10,31,0,41,0,0,17,0,17,0,10,48,0,58,80,0,80,138
08/17/2020,LNS,PA,AEA,EN,Federal Contract Tower,0,15,39,0,54,0,0,58,0,58,0,15,97,0,112,96,0,96,208
08/18/2020,LNS,PA,AEA,EN,Federal Contract Tower,0,13,58,0,71,0,1,186,1,188,0,14,244,1,259,126,12,138,397
08/19/2020,LNS,PA,AEA,EN,Federal Contract Tower,0,13,27,2,42,0,0,116,2,118,0,13,143,4,160,146,4,150,310
08/20/2020,LNS,PA,AEA,EN,Federal Contract Tower,0,13,42,13,68,0,0,185,2,187,0,13,227,15,255,112,14,126,381
08/21/2020,LNS,PA,AEA,EN,Federal Contract Tower,0,15,30,4,49,0,1,143,0,144,0,16,173,4,193,150,4,154,347
08/22/2020,LNS,PA,AEA,EN,Federal Contract Tower,0,8,29,0,37,0,1,108,0,109,0,9,137,0,146,84,0,84,230
08/23/2020,LNS,PA,AEA,EN,Federal Contract Tower,0,13,32,0,45,0,0,32,0,32,0,13,64,0,77,26,0,26,103
08/24/2020,LNS,PA,AEA,EN,Federal Contract Tower,0,19,31,3,53,0,1,68,0,69,0,20,99,3,122,64,8,72,194
08/25/2020,LNS,PA,AEA,EN,Federal Contract Tower,0,19,27,5,51,0,2,72,0,74,0,21,99,5,125,64,14,78,203
08/26/2020,LNS,PA,AEA,EN,Federal Contract Tower,0,26,43,2,71,0,0,148,0,148,0,26,191,2,219,110,2,112,331
08/27/2020,LNS,PA,AEA,EN,Federal Contract Tower,0,18,13,0,31,0,1,63,0,64,0,19,76,0,95,76,0,76,171
08/28/2020,LNS,PA,AEA,EN,Federal Contract Tower,0,14,25,0,39,0,0,82,0,82,0,14,107,0,121,146,0,146,267
08/29/2020,LNS,PA,AEA,EN,Federal Contract Tower,0,16,13,0,29,0,0,10,0,10,0,16,23,0,39,56,0,56,95
08/30/2020,LNS,PA,AEA,EN,Federal Contract Tower,0,22,38,0,60,0,0,138,0,138,0,22,176,0,198,108,0,108,306
08/31/2020,LNS,PA,AEA,EN,Federal Contract Tower,0,19,32,0,51,0,0,72,0,72,0,19,104,0,123,103,0,103,226
09/01/2020,LNS,PA,AEA,EN,Federal Contract Tower,0,11,40,5,56,0,0,42,1,43,0,11,82,6,99,100,4,104,203
09/02/2020,LNS,PA,AEA,EN,Federal Contract Tower,0,14,25,1,40,0,0,25,0,25,0,14,50,1,65,42,2,44,109
09/03/2020,LNS,PA,AEA,EN,Federal Contract Tower,0,16,32,1,49,0,0,80,0,80,0,16,112,1,129,78,4,82,211
09/04/2020,LNS,PA,AEA,EN,Federal Contract Tower,0,10,51,0,61,0,1,134,0,135,0,11,185,0,196,72,0,72,268
09/05/2020,LNS,PA,AEA,EN,Federal Contract Tower,0,5,26,0,31,0,2,204,0,206,0,7,230,0,237,126,0,126,363
09/06/2020,LNS,PA,AEA,EN,Federal Contract Tower,0,7,28,0,35,0,0,122,0,122,0,7,150,0,157,64,0,64,221
09/07/2020,LNS,PA,AEA,EN,Federal Contract Tower,0,18,29,0,47,0,1,117,0,118,0,19,146,0,165,82,0,82,247
09/08/2020,LNS,PA,AEA,EN,Federal Contract Tower,0,13,65,4,82,0,0,111,2,113,0,13,176,6,195,98,6,104,299
09/09/2020,LNS,PA,AEA,EN,Federal Contract Tower,0,16,19,5,40,0,0,76,0,76,0,16,95,5,116,164,10,174,290
09/10/2020,LNS,PA,AEA,EN,Federal Contract Tower,0,28,30,5,63,0,0,6,0,6,0,28,36,5,69,32,14,46,115
09/11/2020,LNS,PA,AEA,EN,Federal Contract Tower,0,25,51,4,80,0,0,101,0,101,0,25,152,4,181,154,6,160,341
09/12/2020,LNS,PA,AEA,EN,Federal Contract Tower,0,10,41,0,51,0,0,92,0,92,0,10,133,0,143,130,0,130,273
09/13/2020,LNS,PA,AEA,EN,Federal Contract Tower,0,12,21,0,33,0,0,50,0,50,0,12,71,0,83,114,0,114,197
09/14/2020,LNS,PA,AEA,EN,Federal Contract Tower,0,16,23,3,42,0,0,110,0,110,0,16,133,3,152,82,6,88,240
09/15/2020,LNS,PA,AEA,EN,Federal Contract Tower,0,24,22,6,52,0,1,127,1,129,0,25,149,7,181,146,10,156,337
09/16/2020,LNS,PA,AEA,EN,Federal Contract Tower,0,21,24,0,45,0,0,168,0,168,0,21,192,0,213,128,0,128,341
09/17/2020,LNS,PA,AEA,EN,Federal Contract Tower,0,11,28,2,41,0,0,117,0,117,0,11,145,2,158,100,2,102,260
09/18/2020,LNS,PA,AEA,EN,Federal Contract Tower,0,13,22,0,35,0,2,109,0,111,0,15,131,0,146,106,0,106,252
09/19/2020,LNS,PA,AEA,EN,Federal Contract Tower,0,7,26,0,33,0,0,139,0,139,0,7,165,0,172,86,0,86,258
09/20/2020,LNS,PA,AEA,EN,Federal Contract Tower,0,10,25,0,35,0,1,138,0,139,0,11,163,0,174,48,0,48,222
09/21/2020,LNS,PA,AEA,EN,Federal Contract Tower,0,15,17,0,32,0,0,144,0,144,0,15,161,0,176,152,0,152,328
09/22/2020,LNS,PA,AEA,EN,Federal Contract Tower,0,13,36,10,59,0,1,131,2,134,0,14,167,12,193,172,22,194,387
09/23/2020,LNS,PA,AEA,EN,Federal Contract Tower,0,14,23,2,39,0,1,139,0,140,0,15,162,2,179,52,0,52,231
09/24/2020,LNS,PA,AEA,EN,Federal Contract Tower,0,17,33,3,53,0,0,124,5,129,0,17,157,8,182,226,8,234,416
09/25/2020,LNS,PA,AEA,EN,Federal Contract Tower,0,18,44,0,62,0,2,128,0,130,0,20,172,0,192,110,0,110,302
09/26/2020,LNS,PA,AEA,EN,Federal Contract Tower,0,7,48,0,55,0,0,0,0,0,0,7,48,0,55,26,0,26,81
09/27/2020,LNS,PA,AEA,EN,Federal Contract Tower,0,13,54,0,67,0,0,31,0,31,0,13,85,0,98,86,0,86,184
09/28/2020,LNS,PA,AEA,EN,Federal Contract Tower,0,18,33,6,57,0,0,58,0,58,0,18,91,6,115,152,12,164,279
09/29/2020,LNS,PA,AEA,EN,Federal Contract Tower,0,15,19,0,34,0,0,20,0,20,0,15,39,0,54,104,2,106,160
09/30/2020,LNS,PA,AEA,EN,Federal Contract Tower,0,12,20,1,33,0,0,86,0,86,0,12,106,1,119,58,0,58,177
10/01/2020,LNS,PA,AEA,EN,Federal Contract Tower,0,14,43,0,57,0,1,128,2,131,0,15,171,2,188,216,0,216,404
10/02/2020,LNS,PA,AEA,EN,Federal Contract Tower,0,13,39,0,52,0,2,85,0,87,0,15,124,0,139,182,0,182,321
10/03/2020,LNS,PA,AEA,EN,Federal Contract Tower,0,4,16,0,20,0,1,188,0,189,0,5,204,0,209,108,0,108,317
10/04/2020,LNS,PA,AEA,EN,Federal Contract Tower,0,10,19,0,29,0,0,120,0,120,0,10,139,0,149,120,0,120,269
10/05/2020,LNS,PA,AEA,EN,Federal Contract Tower,0,12,25,0,37,0,0,89,0,89,0,12,114,0,126,214,0,214,340
10/06/2020,LNS,PA,AEA,EN,Federal Contract Tower,0,11,16,0,27,0,0,104,0,104,0,11,120,0,131,102,0,102,233
10/07/2020,LNS,PA,AEA,EN,Federal Contract Tower,0,18,4,0,22,0,0,62,0,62,0,18,66,0,84,72,2,74,158
10/08/2020,LNS,PA,AEA,EN,Federal Contract Tower,0,16,28,5,49,0,6,105,0,111,0,22,133,5,160,144,2,146,306
10/09/2020,LNS,PA,AEA,EN,Federal Contract Tower,0,12,35,0,47,0,0,197,0,197,0,12,232,0,244,166,0,166,410
10/10/2020,LNS,PA,AEA,EN,Federal Contract Tower,0,7,26,0,33,0,0,157,0,157,0,7,183,0,190,190,0,190,380
10/11/2020,LNS,PA,AEA,EN,Federal Contract Tower,0,6,18,0,24,0,0,16,0,16,0,6,34,0,40,50,0,50,90
10/12/2020,LNS,PA,AEA,EN,Federal Contract Tower,0,15,22,0,37,0,0,0,0,0,0,15,22,0,37,0,0,0,37
10/13/2020,LNS,PA,AEA,EN,Federal Contract Tower,0,20,23,4,47,0,0,11,1,12,0,20,34,5,59,40,10,50,109
10/14/2020,LNS,PA,AEA,EN,Federal Contract Tower,0,15,35,0,50,0,1,178,0,179,0,16,213,0,229,128,0,128,357
10/15/2020,LNS,PA,AEA,EN,Federal Contract Tower,0,13,42,5,60,0,0,121,4,125,0,13,163,9,185,118,16,134,319
10/16/2020,LNS,PA,AEA,EN,Federal Contract Tower,0,13,36,2,51,0,0,50,2,52,0,13,86,4,103,78,14,92,195
10/17/2020,LNS,PA,AEA,EN,Federal Contract Tower,0,6,28,0,34,0,0,154,4,158,0,6,182,4,192,140,0,140,332
10/18/2020,LNS,PA,AEA,EN,Federal Contract Tower,0,12,19,0,31,0,2,131,0,133,0,14,150,0,164,78,0,78,242
10/19/2020,LNS,PA,AEA,EN,Federal Contract Tower,0,16,33,0,49,0,1,58,0,59,0,17,91,0,108,174,0,174,282
10/20/2020,LNS,PA,AEA,EN,Federal Contract Tower,0,14,40,13,67,0,2,74,1,77,0,16,114,14,144,74,4,78,222
10/21/2020,LNS,PA,AEA,EN,Federal Contract Tower,0,18,27,2,47,0,0,35,0,35,0,18,62,2,82,52,16,68,150
10/22/2020,LNS,PA,AEA,EN,Federal Contract Tower,0,14,27,3,44,0,0,34,0,34,0,14,61,3,78,68,6,74,152
10/24/2020,LNS,PA,AEA,EN,Federal Contract Tower,0,9,38,0,47,0,0,44,0,44,0,9,82,0,91,52,0,52,143
10/25/2020,LNS,PA,AEA,EN,Federal Contract Tower,0,11,34,3,48,0,0,49,2,51,0,11,83,5,99,78,0,78,177
10/26/2020,LNS,PA,AEA,EN,Federal Contract Tower,0,12,9,3,24,0,0,0,0,0,0,12,9,3,24,0,0,0,24
10/27/2020,LNS,PA,AEA,EN,Federal Contract Tower,0,13,33,3,49,0,0,95,0,95,0,13,128,3,144,100,2,102,246
10/28/2020,LNS,PA,AEA,EN,Federal Contract Tower,0,18,37,8,63,0,0,32,3,35,0,18,69,11,98,86,6,92,190
10/29/2020,LNS,PA,AEA,EN,Federal Contract Tower,0,14,11,0,25,0,0,0,0,0,0,14,11,0,25,6,0,6,31
10/30/2020,LNS,PA,AEA,EN,Federal Contract Tower,0,13,24,0,37,0,0,36,0,36,0,13,60,0,73,108,0,108,181
10/31/2020,LNS,PA,AEA,EN,Federal Contract Tower,0,6,39,0,45,0,0,85,0,85,0,6,124,0,130,128,0,128,258
11/01/2020,LNS,PA,AEA,EN,Federal Contract Tower,0,9,20,0,29,0,0,10,0,10,0,9,30,0,39,26,0,26,65
11/02/2020,LNS,PA,AEA,EN,Federal Contract Tower,0,15,15,3,33,0,0,11,2,13,0,15,26,5,46,2,10,12,58
11/03/2020,LNS,PA,AEA,EN,Federal Contract Tower,0,12,11,2,25,0,1,58,2,61,0,13,69,4,86,36,4,40,126
11/04/2020,LNS,PA,AEA,EN,Federal Contract Tower,0,15,40,0,55,0,2,162,2,166,0,17,202,2,221,148,10,158,379
11/05/2020,LNS,PA,AEA,EN,Federal Contract Tower,0,13,26,2,41,0,0,136,0,136,0,13,162,2,177,198,0,198,375
11/06/2020,LNS,PA,AEA,EN,Federal Contract Tower,0,14,21,0,35,0,0,202,0,202,0,14,223,0,237,176,0,176,413
11/07/2020,LNS,PA,AEA,EN,Federal Contract Tower,0,5,27,0,32,0,0,186,4,190,0,5,213,4,222,160,0,160,382
11/08/2020,LNS,PA,AEA,EN,Federal Contract Tower,0,7,32,0,39,0,0,118,0,118,0,7,150,0,157,118,0,118,275
11/09/2020,LNS,PA,AEA,EN,Federal Contract Tower,0,14,34,0,48,0,1,138,0,139,0,15,172,0,187,140,0,140,327
11/10/2020,LNS,PA,AEA,EN,Federal Contract Tower,0,14,38,0,52,0,0,135,2,137,0,14,173,2,189,146,0,146,335
11/11/2020,LNS,PA,AEA,EN,Federal Contract Tower,0,14,20,0,34,0,0,3,0,3,0,14,23,0,37,34,0,34,71
11/12/2020,LNS,PA,AEA,EN,Federal Contract Tower,0,15,28,2,45,0,0,43,0,43,0,15,71,2,88,190,0,190,278
11/13/2020,LNS,PA,AEA,EN,Federal Contract Tower,0,15,48,0,63,0,0,105,0,105,0,15,153,0,168,110,0,110,278
11/14/2020,LNS,PA,AEA,EN,Federal Contract Tower,0,8,38,0,46,0,0,208,0,208,0,8,246,0,254,150,0,150,404
11/15/2020,LNS,PA,AEA,EN,Federal Contract Tower,0,7,12,0,19,0,0,23,0,23,0,7,35,0,42,18,0,18,60
11/16/2020,LNS,PA,AEA,EN,Federal Contract Tower,0,12,19,0,31,0,0,76,0,76,0,12,95,0,107,150,0,150,257
11/17/2020,LNS,PA,AEA,EN,Federal Contract Tower,0,18,30,0,48,0,1,53,4,58,0,19,83,4,106,74,0,74,180
11/18/2020,LNS,PA,AEA,EN,Federal Contract Tower,0,16,31,1,48,0,5,100,0,105,0,21,131,1,153,92,2,94,247
11/19/2020,LNS,PA,AEA,EN,Federal Contract Tower,0,21,20,3,44,0,1,130,0,131,0,22,150,3,175,78,4,82,257
11/20/2020,LNS,PA,AEA,EN,Federal Contract Tower,0,15,26,0,41,0,2,175,2,179,0,17,201,2,220,152,0,152,372
11/21/2020,LNS,PA,AEA,EN,Federal Contract Tower,0,7,28,0,35,0,0,200,0,200,0,7,228,0,235,152,0,152,387
11/22/2020,LNS,PA,AEA,EN,Federal Contract Tower,0,10,46,0,56,0,0,46,0,46,0,10,92,0,102,84,0,84,186
11/23/2020,LNS,PA,AEA,EN,Federal Contract Tower,0,13,16,2,31,0,0,28,0,28,0,13,44,2,59,42,6,48,107
11/24/2020,LNS,PA,AEA,EN,Federal Contract Tower,0,10,31,5,46,0,1,145,0,146,0,11,176,5,192,212,6,218,410
11/25/2020,LNS,PA,AEA,EN,Federal Contract Tower,0,18,21,1,40,0,4,96,0,100,0,22,117,1,140,166,2,168,308
11/26/2020,LNS,PA,AEA,EN,Federal Contract Tower,0,12,6,0,18,0,0,3,0,3,0,12,9,0,21,20,0,20,41
11/27/2020,LNS,PA,AEA,EN,Federal Contract Tower,0,14,40,0,54,0,2,119,0,121,0,16,159,0,175,186,0,186,361
11/28/2020,LNS,PA,AEA,EN,Federal Contract Tower,0,11,32,0,43,0,0,98,0,98,0,11,130,0,141,72,0,72,213
11/29/2020,LNS,PA,AEA,EN,Federal Contract Tower,0,11,23,0,34,0,0,154,0,154,0,11,177,0,188,86,0,86,274
11/30/2020,LNS,PA,AEA,EN,Federal Contract Tower,0,12,22,0,34,0,0,5,0,5,0,12,27,0,39,14,0,14,53
12/01/2020,LNS,PA,AEA,EN,Federal Contract Tower,0,10,17,3,30,0,0,26,0,26,0,10,43,3,56,62,2,64,120
12/02/2020,LNS,PA,AEA,EN,Federal Contract Tower,0,18,23,3,44,0,0,62,1,63,0,18,85,4,107,82,4,86,193
12/03/2020,LNS,PA,AEA,EN,Federal Contract Tower,0,16,29,1,46,0,0,163,2,165,0,16,192,3,211,166,4,170,381
12/04/2020,LNS,PA,AEA,EN,Federal Contract Tower,0,16,19,2,37,0,0,44,0,44,0,16,63,2,81,98,4,102,183
12/05/2020,LNS,PA,AEA,EN,Federal Contract Tower,0,9,9,0,18,0,0,32,0,32,0,9,41,0,50,124,0,124,174
12/06/2020,LNS,PA,AEA,EN,Federal Contract Tower,0,9,31,0,40,0,1,77,0,78,0,10,108,0,118,96,0,96,214
12/07/2020,LNS,PA,AEA,EN,Federal Contract Tower,0,16,16,3,35,0,0,118,2,120,0,16,134,5,155,136,6,142,297
12/08/2020,LNS,PA,AEA,EN,Federal Contract Tower,0,20,30,1,51,0,1,79,0,80,0,21,109,1,131,114,14,128,259
12/09/2020,LNS,PA,AEA,EN,Federal Contract Tower,0,14,18,0,32,0,0,70,0,70,0,14,88,0,102,88,0,88,190
12/10/2020,LNS,PA,AEA,EN,Federal Contract Tower,0,14,32,3,49,0,0,138,0,138,0,14,170,3,187,160,0,160,347
12/11/2020,LNS,PA,AEA,EN,Federal Contract Tower,0,15,40,1,56,0,0,177,0,177,0,15,217,1,233,102,2,104,337
12/12/2020,LNS,PA,AEA,EN,Federal Contract Tower,0,6,13,0,19,0,0,14,4,18,0,6,27,4,37,32,4,36,73
12/13/2020,LNS,PA,AEA,EN,Federal Contract Tower,0,12,24,0,36,0,3,109,0,112,0,15,133,0,148,106,0,106,254
12/14/2020,LNS,PA,AEA,EN,Federal Contract Tower,0,12,7,0,19,0,0,2,0,2,0,12,9,0,21,20,0,20,41
12/15/2020,LNS,PA,AEA,EN,Federal Contract Tower,0,17,42,1,60,0,0,120,0,120,0,17,162,1,180,134,2,136,316
12/16/2020,LNS,PA,AEA,EN,Federal Contract Tower,0,5,3,0,8,0,0,16,0,16,0,5,19,0,24,44,0,44,68
12/17/2020,LNS,PA,AEA,EN,Federal Contract Tower,0,7,7,0,14,0,0,16,2,18,0,7,23,2,32,28,0,28,60
12/18/2020,LNS,PA,AEA,EN,Federal Contract Tower,0,14,26,0,40,0,0,109,0,109,0,14,135,0,149,126,0,126,275
12/19/2020,LNS,PA,AEA,EN,Federal Contract Tower,0,7,31,0,38,0,3,123,0,126,0,10,154,0,164,106,0,106,270
12/20/2020,LNS,PA,AEA,EN,Federal Contract Tower,0,9,9,0,18,0,0,13,0,13,0,9,22,0,31,44,0,44,75
12/21/2020,LNS,PA,AEA,EN,Federal Contract Tower,0,8,12,0,20,0,0,0,0,0,0,8,12,0,20,0,0,0,20
12/22/2020,LNS,PA,AEA,EN,Federal Contract Tower,0,15,12,2,29,0,0,101,0,101,0,15,113,2,130,130,4,134,264
12/23/2020,LNS,PA,AEA,EN,Federal Contract Tower,0,10,40,0,50,0,0,167,0,167,0,10,207,0,217,180,0,180,397
12/24/2020,LNS,PA,AEA,EN,Federal Contract Tower,0,12,4,0,16,0,0,0,0,0,0,12,4,0,16,0,0,0,16
12/25/2020,LNS,PA,AEA,EN,Federal Contract Tower,0,11,1,0,12,0,0,2,0,2,0,11,3,0,14,0,0,0,14
12/26/2020,LNS,PA,AEA,EN,Federal Contract Tower,0,6,11,0,17,0,0,67,0,67,0,6,78,0,84,78,0,78,162
12/27/2020,LNS,PA,AEA,EN,Federal Contract Tower,0,11,21,0,32,0,2,155,0,157,0,13,176,0,189,60,0,60,249
12/28/2020,LNS,PA,AEA,EN,Federal Contract Tower,0,15,27,0,42,0,0,144,0,144,0,15,171,0,186,136,0,136,322
12/29/2020,LNS,PA,AEA,EN,Federal Contract Tower,0,17,18,1,36,0,0,60,0,60,0,17,78,1,96,66,2,68,164
12/30/2020,LNS,PA,AEA,EN,Federal Contract Tower,0,11,22,2,35,0,0,119,1,120,0,11,141,3,155,162,8,170,325
12/31/2020,LNS,PA,AEA,EN,Federal Contract Tower,0,12,15,0,27,0,0,38,0,38,0,12,53,0,65,80,0,80,145
01/01/2021,LNS,PA,AEA,EN,Federal Contract Tower,0,8,1,0,9,0,0,14,0,14,0,8,15,0,23,22,0,22,45
01/02/2021,LNS,PA,AEA,EN,Federal Contract Tower,0,6,22,0,28,0,0,77,0,77,0,6,99,0,105,140,0,140,245
01/03/2021,LNS,PA,AEA,EN,Federal Contract Tower,0,10,4,0,14,0,0,0,0,0,0,10,4,0,14,0,0,0,14
01/04/2021,LNS,PA,AEA,EN,Federal Contract Tower,0,11,13,0,24,0,1,76,0,77,0,12,89,0,101,150,0,150,251
01/05/2021,LNS,PA,AEA,EN,Federal Contract Tower,0,12,14,0,26,0,0,39,0,39,0,12,53,0,65,159,0,159,224
01/06/2021,LNS,PA,AEA,EN,Federal Contract Tower,0,15,24,1,40,0,0,71,0,71,0,15,95,1,111,102,2,104,215
01/07/2021,LNS,PA,AEA,EN,Federal Contract Tower,0,14,22,11,47,0,0,116,2,118,0,14,138,13,165,98,24,122,287
01/08/2021,LNS,PA,AEA,EN,Federal Contract Tower,0,13,36,3,52,0,0,139,4,143,0,13,175,7,195,140,0,140,335
01/09/2021,LNS,PA,AEA,EN,Federal Contract Tower,0,7,18,0,25,0,8,96,0,104,0,15,114,0,129,112,0,112,241
01/10/2021,LNS,PA,AEA,EN,Federal Contract Tower,0,10,41,0,51,0,3,198,0,201,0,13,239,0,252,156,0,156,408
01/11/2021,LNS,PA,AEA,EN,Federal Contract Tower,0,13,20,6,39,0,0,124,2,126,0,13,144,8,165,154,4,158,323
01/12/2021,LNS,PA,AEA,EN,Federal Contract Tower,0,12,30,2,44,0,0,104,3,107,0,12,134,5,151,174,18,192,343
01/13/2021,LNS,PA,AEA,EN,Federal Contract Tower,0,10,27,4,41,0,0,106,0,106,0,10,133,4,147,114,6,120,267
01/14/2021,LNS,PA,AEA,EN,Federal Contract Tower,0,15,52,3,70,0,0,133,4,137,0,15,185,7,207,186,6,192,399
01/15/2021,LNS,PA,AEA,EN,Federal Contract Tower,0,17,34,1,52,0,0,33,0,33,0,17,67,1,85,70,2,72,157
01/16/2021,LNS,PA,AEA,EN,Federal Contract Tower,0,7,27,2,36,0,0,62,0,62,0,7,89,2,98,158,4,162,260
01/17/2021,LNS,PA,AEA,EN,Federal Contract Tower,0,6,23,0,29,0,0,65,0,65,0,6,88,0,94,62,0,62,156
01/18/2021,LNS,PA,AEA,EN,Federal Contract Tower,0,15,23,0,38,0,1,109,0,110,0,16,132,0,148,72,0,72,220
01/19/2021,LNS,PA,AEA,EN,Federal Contract Tower,0,11,38,1,50,0,0,83,0,83,0,11,121,1,133,126,2,128,261
01/20/2021,LNS,PA,AEA,EN,Federal Contract Tower,0,15,15,1,31,0,1,29,4,34,0,16,44,5,65,28,2,30,95
01/21/2021,LNS,PA,AEA,EN,Federal Contract Tower,0,17,27,5,49,0,1,114,0,115,0,18,141,5,164,154,10,164,328
01/22/2021,LNS,PA,AEA,EN,Federal Contract Tower,0,17,29,3,49,0,0,81,0,81,0,17,110,3,130,132,4,136,266
01/23/2021,LNS,PA,AEA,EN,Federal Contract Tower,0,9,11,0,20,0,0,34,2,36,0,9,45,2,56,38,0,38,94
01/24/2021,LNS,PA,AEA,EN,Federal Contract Tower,0,12,29,0,41,0,0,162,0,162,0,12,191,0,203,162,0,162,365
01/25/2021,LNS,PA,AEA,EN,Federal Contract Tower,0,13,23,3,39,0,0,96,1,97,0,13,119,4,136,136,18,154,290
01/26/2021,LNS,PA,AEA,EN,Federal Contract Tower,0,8,5,0,13,0,0,0,0,0,0,8,5,0,13,2,0,2,15
01/27/2021,LNS,PA,AEA,EN,Federal Contract Tower,0,19,39,1,59,0,0,69,0,69,0,19,108,1,128,122,2,124,252
01/28/2021,LNS,PA,AEA,EN,Federal Contract Tower,0,12,8,2,22,0,2,35,3,40,0,14,43,5,62,34,0,34,96
01/29/2021,LNS,PA,AEA,EN,Federal Contract Tower,0,18,16,0,34,0,0,25,0,25,0,18,41,0,59,44,0,44,103
01/30/2021,LNS,PA,AEA,EN,Federal Contract Tower,0,25,57,0,82,0,6,249,0,255,0,31,306,0,337,180,0,180,517
01/31/2021,LNS,PA,AEA,EN,Federal Contract Tower,0,7,6,0,13,0,0,1,0,1,0,7,7,0,14,8,0,8,22
02/01/2021,LNS,PA,AEA,EN,Federal Contract Tower,0,0,0,0,0,0,0,0,0,0,0,0,0,0,0,0,0,0,0
02/02/2021,LNS,PA,AEA,EN,Federal Contract Tower,0,6,4,0,10,0,0,0,0,0,0,6,4,0,10,4,0,4,14
02/03/2021,LNS,PA,AEA,EN,Federal Contract Tower,0,14,15,3,32,0,0,29,9,38,0,14,44,12,70,40,10,50,120
02/04/2021,LNS,PA,AEA,EN,Federal Contract Tower,0,18,34,2,54,0,0,155,2,157,0,18,189,4,211,116,6,122,333
02/05/2021,LNS,PA,AEA,EN,Federal Contract Tower,0,14,27,1,42,0,1,65,0,66,0,15,92,1,108,142,2,144,252
02/06/2021,LNS,PA,AEA,EN,Federal Contract Tower,0,7,25,0,32,0,0,103,0,103,0,7,128,0,135,82,2,84,219
02/07/2021,LNS,PA,AEA,EN,Federal Contract Tower,0,7,3,0,10,0,0,2,0,2,0,7,5,0,12,0,0,0,12
02/08/2021,LNS,PA,AEA,EN,Federal Contract Tower,0,12,46,3,61,0,0,141,0,141,0,12,187,3,202,230,4,234,436
02/09/2021,LNS,PA,AEA,EN,Federal Contract Tower,0,20,18,1,39,0,1,31,3,35,0,21,49,4,74,84,16,100,174
02/10/2021,LNS,PA,AEA,EN,Federal Contract Tower,0,18,34,9,61,0,2,104,3,109,0,20,138,12,170,92,12,104,274
02/11/2021,LNS,PA,AEA,EN,Federal Contract Tower,0,14,15,0,29,0,0,12,0,12,0,14,27,0,41,82,0,82,123
02/12/2021,LNS,PA,AEA,EN,Federal Contract Tower,0,15,25,0,40,0,0,90,0,90,0,15,115,0,130,176,0,176,306
02/13/2021,LNS,PA,AEA,EN,Federal Contract Tower,0,5,12,0,17,0,0,34,0,34,0,5,46,0,51,48,0,48,99
02/14/2021,LNS,PA,AEA,EN,Federal Contract Tower,0,10,16,0,26,0,0,26,0,26,0,10,42,0,52,72,0,72,124
02/15/2021,LNS,PA,AEA,EN,Federal Contract Tower,0,6,13,0,19,0,0,18,0,18,0,6,31,0,37,30,0,30,67
02/16/2021,LNS,PA,AEA,EN,Federal Contract Tower,0,9,21,1,31,0,1,38,4,43,0,10,59,5,74,78,18,96,170
02/17/2021,LNS,PA,AEA,EN,Federal Contract Tower,0,14,37,1,52,0,2,195,0,197,0,16,232,1,249,172,2,174,423
02/18/2021,LNS,PA,AEA,EN,Federal Contract Tower,0,2,1,0,3,0,0,0,0,0,0,2,1,0,3,0,0,0,3
02/19/2021,LNS,PA,AEA,EN,Federal Contract Tower,0,14,1,0,15,0,0,0,0,0,0,14,1,0,15,0,0,0,15
02/20/2021,LNS,PA,AEA,EN,Federal Contract Tower,0,7,15,0,22,0,1,89,0,90,0,8,104,0,112,88,0,88,200
02/21/2021,LNS,PA,AEA,EN,Federal Contract Tower,0,8,45,0,53,0,0,159,0,159,0,8,204,0,212,126,0,126,338
02/22/2021,LNS,PA,AEA,EN,Federal Contract Tower,0,9,9,0,18,0,0,0,0,0,0,9,9,0,18,0,0,0,18
02/23/2021,LNS,PA,AEA,EN,Federal Contract Tower,0,15,21,5,41,0,2,71,0,73,0,17,92,5,114,100,10,110,224
02/24/2021,LNS,PA,AEA,EN,Federal Contract Tower,0,27,32,2,61,0,4,186,4,194,0,31,218,6,255,130,0,130,385
02/25/2021,LNS,PA,AEA,EN,Federal Contract Tower,0,15,35,2,52,0,3,166,1,170,0,18,201,3,222,204,2,206,428
02/26/2021,LNS,PA,AEA,EN,Federal Contract Tower,0,22,30,1,53,0,4,220,4,228,0,26,250,5,281,156,6,162,443
02/27/2021,LNS,PA,AEA,EN,Federal Contract Tower,0,13,26,0,39,0,0,11,0,11,0,13,37,0,50,74,0,74,124
02/28/2021,LNS,PA,AEA,EN,Federal Contract Tower,0,8,17,0,25,0,0,4,0,4,0,8,21,0,29,18,0,18,47
03/01/2021,LNS,PA,AEA,EN,Federal Contract Tower,0,16,16,0,32,0,0,28,2,30,0,16,44,2,62,76,0,76,138
03/02/2021,LNS,PA,AEA,EN,Federal Contract Tower,0,21,28,3,52,0,0,87,0,87,0,21,115,3,139,146,0,146,285
03/03/2021,LNS,PA,AEA,EN,Federal Contract Tower,0,23,33,2,58,0,2,157,3,162,0,25,190,5,220,182,4,186,406
03/04/2021,LNS,PA,AEA,EN,Federal Contract Tower,0,24,17,5,46,0,1,75,0,76,0,25,92,5,122,92,6,98,220
03/05/2021,LNS,PA,AEA,EN,Federal Contract Tower,0,13,20,2,35,0,4,74,0,78,0,17,94,2,113,30,4,34,147
03/06/2021,LNS,PA,AEA,EN,Federal Contract Tower,0,12,20,4,36,0,5,84,1,90,0,17,104,5,126,68,0,68,194
03/07/2021,LNS,PA,AEA,EN,Federal Contract Tower,0,8,23,0,31,0,3,149,0,152,0,11,172,0,183,144,0,144,327
03/08/2021,LNS,PA,AEA,EN,Federal Contract Tower,0,13,25,0,38,0,1,178,2,181,0,14,203,2,219,182,2,184,403
03/09/2021,LNS,PA,AEA,EN,Federal Contract Tower,0,16,45,0,61,0,0,138,0,138,0,16,183,0,199,178,2,180,379
03/10/2021,LNS,PA,AEA,EN,Federal Contract Tower,0,13,55,1,69,0,0,157,0,157,0,13,212,1,226,162,2,164,390
03/11/2021,LNS,PA,AEA,EN,Federal Contract Tower,0,15,24,1,40,0,5,118,0,123,0,20,142,1,163,96,2,98,261
03/12/2021,LNS,PA,AEA,EN,Federal Contract Tower,0,13,29,6,48,0,1,107,0,108,0,14,136,6,156,94,18,112,268
03/13/2021,LNS,PA,AEA,EN,Federal Contract Tower,0,6,26,0,32,0,1,162,0,163,0,7,188,0,195,186,0,186,381
03/14/2021,LNS,PA,AEA,EN,Federal Contract Tower,0,15,15,0,30,0,0,38,0,38,0,15,53,0,68,82,0,82,150
03/15/2021,LNS,PA,AEA,EN,Federal Contract Tower,0,18,32,0,50,0,0,93,4,97,0,18,125,4,147,118,28,146,293
03/16/2021,LNS,PA,AEA,EN,Federal Contract Tower,0,13,13,0,26,0,0,36,0,36,0,13,49,0,62,104,2,106,168
03/17/2021,LNS,PA,AEA,EN,Federal Contract Tower,0,14,38,0,52,0,0,16,0,16,0,14,54,0,68,56,0,56,124
03/18/2021,LNS,PA,AEA,EN,Federal Contract Tower,0,13,19,0,32,0,0,0,0,0,0,13,19,0,32,4,0,4,36
03/19/2021,LNS,PA,AEA,EN,Federal Contract Tower,0,14,26,3,43,0,1,45,0,46,0,15,71,3,89,50,6,56,145
03/20/2021,LNS,PA,AEA,EN,Federal Contract Tower,0,6,42,0,48,0,6,213,0,219,0,12,255,0,267,202,0,202,469
03/21/2021,LNS,PA,AEA,EN,Federal Contract Tower,0,7,26,0,33,0,1,190,0,191,0,8,216,0,224,180,0,180,404
03/22/2021,LNS,PA,AEA,EN,Federal Contract Tower,0,17,45,8,70,0,1,192,0,193,0,18,237,8,263,160,12,172,435
03/23/2021,LNS,PA,AEA,EN,Federal Contract Tower,0,13,39,7,59,0,3,165,0,168,0,16,204,7,227,162,14,176,403
03/24/2021,LNS,PA,AEA,EN,Federal Contract Tower,0,12,21,0,33,0,0,0,0,0,0,12,21,0,33,14,0,14,47
03/25/2021,LNS,PA,AEA,EN,Federal Contract Tower,0,19,53,1,73,0,0,7,0,7,0,19,60,1,80,34,2,36,116
03/26/2021,LNS,PA,AEA,EN,Federal Contract Tower,0,13,12,0,25,0,0,22,0,22,0,13,34,0,47,14,0,14,61
03/27/2021,LNS,PA,AEA,EN,Federal Contract Tower,0,12,29,0,41,0,5,218,0,223,0,17,247,0,264,246,0,246,510
03/28/2021,LNS,PA,AEA,EN,Federal Contract Tower,0,12,12,0,24,0,0,0,0,0,0,12,12,0,24,6,0,6,30
03/29/2021,LNS,PA,AEA,EN,Federal Contract Tower,0,16,20,0,36,0,0,80,4,84,0,16,100,4,120,98,16,114,234
03/30/2021,LNS,PA,AEA,EN,Federal Contract Tower,0,12,42,6,60,0,1,149,2,152,0,13,191,8,212,142,4,146,358
03/31/2021,LNS,PA,AEA,EN,Federal Contract Tower,0,15,26,0,41,0,0,6,0,6,0,15,32,0,47,48,0,48,95
04/01/2021,LNS,PA,AEA,EN,Federal Contract Tower,0,17,25,3,45,0,1,38,1,40,0,18,63,4,85,54,20,74,159
04/02/2021,LNS,PA,AEA,EN,Federal Contract Tower,0,11,16,1,28,0,0,53,3,56,0,11,69,4,84,50,24,74,158
04/03/2021,LNS,PA,AEA,EN,Federal Contract Tower,0,7,35,0,42,0,0,145,0,145,0,7,180,0,187,124,0,124,311
04/04/2021,LNS,PA,AEA,EN,Federal Contract Tower,0,9,7,0,16,0,0,67,0,67,0,9,74,0,83,88,0,88,171
04/05/2021,LNS,PA,AEA,EN,Federal Contract Tower,0,18,34,2,54,0,0,137,0,137,0,18,171,2,191,158,20,178,369
04/06/2021,LNS,PA,AEA,EN,Federal Contract Tower,0,14,22,1,37,0,0,151,1,152,0,14,173,2,189,154,4,158,347
04/07/2021,LNS,PA,AEA,EN,Federal Contract Tower,0,15,26,3,44,0,0,161,0,161,0,15,187,3,205,202,0,202,407
04/08/2021,LNS,PA,AEA,EN,Federal Contract Tower,0,13,34,5,52,0,1,154,2,157,0,14,188,7,209,242,10,252,461
04/09/2021,LNS,PA,AEA,EN,Federal Contract Tower,0,14,47,1,62,0,0,35,0,35,0,14,82,1,97,76,2,78,175
04/10/2021,LNS,PA,AEA,EN,Federal Contract Tower,0,10,64,0,74,0,0,24,0,24,0,10,88,0,98,54,0,54,152
04/11/2021,LNS,PA,AEA,EN,Federal Contract Tower,0,9,30,0,39,0,0,20,0,20,0,9,50,0,59,46,0,46,105
04/12/2021,LNS,PA,AEA,EN,Federal Contract Tower,0,17,53,0,70,0,0,6,0,6,0,17,59,0,76,58,0,58,134
04/13/2021,LNS,PA,AEA,EN,Federal Contract Tower,0,15,51,0,66,0,1,122,0,123,0,16,173,0,189,274,0,274,463
04/14/2021,LNS,PA,AEA,EN,Federal Contract Tower,0,19,37,0,56,0,0,92,0,92,0,19,129,0,148,174,0,174,322
04/15/2021,LNS,PA,AEA,EN,Federal Contract Tower,0,21,52,3,76,0,0,34,1,35,0,21,86,4,111,156,12,168,279
04/16/2021,LNS,PA,AEA,EN,Federal Contract Tower,0,13,31,0,44,0,0,52,0,52,0,13,83,0,96,78,0,78,174
04/17/2021,LNS,PA,AEA,EN,Federal Contract Tower,0,7,19,0,26,0,0,133,0,133,0,7,152,0,159,200,0,200,359
04/18/2021,LNS,PA,AEA,EN,Federal Contract Tower,0,13,44,0,57,0,1,143,0,144,0,14,187,0,201,144,0,144,345
04/19/2021,LNS,PA,AEA,EN,Federal Contract Tower,0,12,41,2,55,0,0,124,6,130,0,12,165,8,185,110,2,112,297
04/20/2021,LNS,PA,AEA,EN,Federal Contract Tower,0,14,32,3,49,0,1,176,6,183,0,15,208,9,232,178,10,188,420
04/21/2021,LNS,PA,AEA,EN,Federal Contract Tower,0,15,14,0,29,0,0,24,3,27,0,15,38,3,56,46,0,46,102
04/22/2021,LNS,PA,AEA,EN,Federal Contract Tower,0,13,22,0,35,0,1,34,2,37,0,14,56,2,72,6,4,10,82
04/23/2021,LNS,PA,AEA,EN,Federal Contract Tower,0,16,40,0,56,0,1,148,4,153,0,17,188,4,209,96,0,96,305
04/24/2021,LNS,PA,AEA,EN,Federal Contract Tower,0,8,38,2,48,0,0,196,0,196,0,8,234,2,244,258,0,258,502
04/25/2021,LNS,PA,AEA,EN,Federal Contract Tower,0,11,23,0,34,0,1,38,0,39,0,12,61,0,73,92,0,92,165
04/26/2021,LNS,PA,AEA,EN,Federal Contract Tower,0,13,27,4,44,0,3,113,2,118,0,16,140,6,162,118,20,138,300
04/27/2021,LNS,PA,AEA,EN,Federal Contract Tower,0,21,41,11,73,0,1,191,1,193,0,22,232,12,266,174,26,200,466
04/28/2021,LNS,PA,AEA,EN,Federal Contract Tower,0,15,35,0,50,0,0,128,1,129,0,15,163,1,179,164,4,168,347
04/29/2021,LNS,PA,AEA,EN,Federal Contract Tower,0,18,27,0,45,0,1,37,4,42,0,19,64,4,87,54,4,58,145
04/30/2021,LNS,PA,AEA,EN,Federal Contract Tower,0,16,16,0,32,0,0,15,0,15,0,16,31,0,47,2,0,2,49
05/01/2021,LNS,PA,AEA,EN,Federal Contract Tower,0,6,18,0,24,0,0,108,0,108,0,6,126,0,132,120,0,120,252
05/02/2021,LNS,PA,AEA,EN,Federal Contract Tower,0,9,22,0,31,0,1,86,0,87,0,10,108,0,118,78,0,78,196
05/03/2021,LNS,PA,AEA,EN,Federal Contract Tower,0,16,39,2,57,0,2,35,0,37,0,18,74,2,94,78,4,82,176
05/04/2021,LNS,PA,AEA,EN,Federal Contract Tower,0,16,35,5,56,0,0,61,1,62,0,16,96,6,118,96,30,126,244
05/05/2021,LNS,PA,AEA,EN,Federal Contract Tower,0,15,26,1,42,0,0,25,3,28,0,15,51,4,70,104,4,108,178
05/06/2021,LNS,PA,AEA,EN,Federal Contract Tower,0,15,53,3,71,0,5,183,2,190,0,20,236,5,261,236,0,236,497
05/07/2021,LNS,PA,AEA,EN,Federal Contract Tower,0,13,32,0,45,0,0,108,0,108,0,13,140,0,153,106,0,106,259
05/08/2021,LNS,PA,AEA,EN,Federal Contract Tower,0,6,29,0,35,0,0,62,0,62,0,6,91,0,97,128,0,128,225
05/09/2021,LNS,PA,AEA,EN,Federal Contract Tower,0,7,18,0,25,0,4,54,0,58,0,11,72,0,83,112,0,112,195
05/10/2021,LNS,PA,AEA,EN,Federal Contract Tower,0,20,37,4,61,0,0,70,1,71,0,20,107,5,132,142,8,150,282
05/11/2021,LNS,PA,AEA,EN,Federal Contract Tower,0,16,43,2,61,0,4,113,1,118,0,20,156,3,179,90,36,126,305
05/12/2021,LNS,PA,AEA,EN,Federal Contract Tower,0,13,40,2,55,0,1,112,0,113,0,14,152,2,168,130,0,130,298
05/13/2021,LNS,PA,AEA,EN,Federal Contract Tower,0,16,37,0,53,0,0,163,0,163,0,16,200,0,216,228,0,228,444
05/14/2021,LNS,PA,AEA,EN,Federal Contract Tower,0,12,45,0,57,0,0,172,0,172,0,12,217,0,229,104,0,104,333
05/15/2021,LNS,PA,AEA,EN,Federal Contract Tower,0,6,24,2,32,0,2,166,0,168,0,8,190,2,200,178,4,182,382
05/16/2021,LNS,PA,AEA,EN,Federal Contract Tower,0,17,35,0,52,0,0,90,0,90,0,17,125,0,142,152,0,152,294
05/17/2021,LNS,PA,AEA,EN,Federal Contract Tower,0,16,47,3,66,0,3,114,0,117,0,19,161,3,183,164,6,170,353
05/18/2021,LNS,PA,AEA,EN,Federal Contract Tower,0,17,44,3,64,0,0,150,2,152,0,17,194,5,216,182,24,206,422
05/19/2021,LNS,PA,AEA,EN,Federal Contract Tower,0,20,42,2,64,0,1,179,3,183,0,21,221,5,247,194,6,200,447
05/20/2021,LNS,PA,AEA,EN,Federal Contract Tower,0,17,57,1,75,0,0,157,0,157,0,17,214,1,232,150,0,150,382
05/21/2021,LNS,PA,AEA,EN,Federal Contract Tower,0,17,41,1,59,0,2,190,2,194,0,19,231,3,253,140,0,140,393
05/22/2021,LNS,PA,AEA,EN,Federal Contract Tower,0,7,34,0,41,0,1,145,0,146,0,8,179,0,187,168,0,168,355
05/23/2021,LNS,PA,AEA,EN,Federal Contract Tower,0,9,25,0,34,0,1,128,0,129,0,10,153,0,163,110,0,110,273
05/24/2021,LNS,PA,AEA,EN,Federal Contract Tower,0,14,49,0,63,0,0,31,0,31,0,14,80,0,94,98,0,98,192
05/25/2021,LNS,PA,AEA,EN,Federal Contract Tower,0,14,49,6,69,0,2,93,5,100,0,16,142,11,169,200,14,214,383
05/26/2021,LNS,PA,AEA,EN,Federal Contract Tower,0,13,21,1,35,0,6,34,0,40,0,19,55,1,75,54,2,56,131
05/27/2021,LNS,PA,AEA,EN,Federal Contract Tower,0,21,56,2,79,0,1,172,0,173,0,22,228,2,252,116,4,120,372
05/28/2021,LNS,PA,AEA,EN,Federal Contract Tower,0,14,36,0,50,0,3,64,0,67,0,17,100,0,117,92,0,92,209
05/29/2021,LNS,PA,AEA,EN,Federal Contract Tower,0,9,28,0,37,0,0,1,0,1,0,9,29,0,38,10,0,10,48
05/30/2021,LNS,PA,AEA,EN,Federal Contract Tower,0,13,36,0,49,0,0,2,0,2,0,13,38,0,51,26,0,26,77
05/31/2021,LNS,PA,AEA,EN,Federal Contract Tower,0,20,20,0,40,0,2,124,0,126,0,22,144,0,166,126,0,126,292
06/01/2021,LNS,PA,AEA,EN,Federal Contract Tower,0,15,30,5,50,0,6,152,0,158,0,21,182,5,208,196,10,206,414
06/02/2021,LNS,PA,AEA,EN,Federal Contract Tower,0,18,39,1,58,0,1,122,1,124,0,19,161,2,182,178,0,178,360
06/03/2021,LNS,PA,AEA,EN,Federal Contract Tower,0,15,37,0,52,0,0,6,0,6,0,15,43,0,58,46,0,46,104
06/04/2021,LNS,PA,AEA,EN,Federal Contract Tower,0,18,28,4,50,0,0,44,4,48,0,18,72,8,98,44,20,64,162
06/05/2021,LNS,PA,AEA,EN,Federal Contract Tower,0,7,23,0,30,0,2,160,0,162,0,9,183,0,192,128,0,128,320
06/06/2021,LNS,PA,AEA,EN,Federal Contract Tower,0,11,16,5,32,0,0,125,0,125,0,11,141,5,157,54,0,54,211
06/07/2021,LNS,PA,AEA,EN,Federal Contract Tower,0,11,30,0,41,0,0,101,0,101,0,11,131,0,142,128,0,128,270
06/08/2021,LNS,PA,AEA,EN,Federal Contract Tower,0,16,16,1,33,0,0,81,0,81,0,16,97,1,114,126,2,128,242
06/09/2021,LNS,PA,AEA,EN,Federal Contract Tower,0,20,44,0,64,0,0,60,0,60,0,20,104,0,124,162,0,162,286
06/10/2021,LNS,PA,AEA,EN,Federal Contract Tower,0,18,31,1,50,0,1,96,2,99,0,19,127,3,149,152,4,156,305
06/11/2021,LNS,PA,AEA,EN,Federal Contract Tower,0,23,53,0,76,0,0,4,0,4,0,23,57,0,80,52,0,52,132
06/12/2021,LNS,PA,AEA,EN,Federal Contract Tower,0,15,38,1,54,0,1,114,4,119,0,16,152,5,173,132,2,134,307
06/13/2021,LNS,PA,AEA,EN,Federal Contract Tower,0,11,37,0,48,0,1,41,0,42,0,12,78,0,90,54,0,54,144
06/14/2021,LNS,PA,AEA,EN,Federal Contract Tower,0,15,43,0,58,0,0,66,0,66,0,15,109,0,124,118,0,118,242
06/15/2021,LNS,PA,AEA,EN,Federal Contract Tower,0,16,31,0,47,0,0,127,2,129,0,16,158,2,176,174,2,176,352
06/16/2021,LNS,PA,AEA,EN,Federal Contract Tower,0,19,40,0,59,0,12,176,0,188,0,31,216,0,247,164,0,164,411
06/17/2021,LNS,PA,AEA,EN,Federal Contract Tower,0,16,47,7,70,0,1,180,3,184,0,17,227,10,254,200,16,216,470
06/18/2021,LNS,PA,AEA,EN,Federal Contract Tower,0,13,42,0,55,0,0,176,0,176,0,13,218,0,231,156,0,156,387
06/19/2021,LNS,PA,AEA,EN,Federal Contract Tower,0,19,21,0,40,0,0,102,0,102,0,19,123,0,142,144,0,144,286
06/20/2021,LNS,PA,AEA,EN,Federal Contract Tower,0,11,18,0,29,0,1,90,0,91,0,12,108,0,120,110,0,110,230
06/21/2021,LNS,PA,AEA,EN,Federal Contract Tower,0,13,31,0,44,0,0,73,0,73,0,13,104,0,117,64,0,64,181
06/22/2021,LNS,PA,AEA,EN,Federal Contract Tower,0,14,40,1,55,0,2,21,1,24,0,16,61,2,79,56,0,56,135
06/23/2021,LNS,PA,AEA,EN,Federal Contract Tower,0,21,46,1,68,0,2,241,2,245,0,23,287,3,313,238,2,240,553
06/24/2021,LNS,PA,AEA,EN,Federal Contract Tower,0,23,51,8,82,0,4,182,1,187,0,27,233,9,269,198,26,224,493
06/25/2021,LNS,PA,AEA,EN,Federal Contract Tower,0,18,54,0,72,0,0,170,0,170,0,18,224,0,242,176,0,176,418
06/26/2021,LNS,PA,AEA,EN,Federal Contract Tower,0,9,27,0,36,0,0,55,2,57,0,9,82,2,93,92,0,92,185
06/27/2021,LNS,PA,AEA,EN,Federal Contract Tower,0,13,27,0,40,0,4,59,0,63,0,17,86,0,103,58,0,58,161
06/28/2021,LNS,PA,AEA,EN,Federal Contract Tower,0,15,35,1,51,0,0,146,4,150,0,15,181,5,201,150,14,164,365
06/29/2021,LNS,PA,AEA,EN,Federal Contract Tower,0,12,34,1,47,0,2,124,2,128,0,14,158,3,175,110,2,112,287
06/30/2021,LNS,PA,AEA,EN,Federal Contract Tower,0,13,28,3,44,0,1,142,0,143,0,14,170,3,187,238,6,244,431
07/01/2021,LNS,PA,AEA,EN,Federal Contract Tower,0,18,25,2,45,0,0,33,0,33,0,18,58,2,78,90,8,98,176
07/02/2021,LNS,PA,AEA,EN,Federal Contract Tower,0,14,60,8,82,0,0,76,0,76,0,14,136,8,158,154,12,166,324
07/03/2021,LNS,PA,AEA,EN,Federal Contract Tower,0,10,20,0,30,0,0,60,0,60,0,10,80,0,90,100,0,100,190
07/04/2021,LNS,PA,AEA,EN,Federal Contract Tower,0,10,15,0,25,0,0,73,0,73,0,10,88,0,98,72,0,72,170
07/05/2021,LNS,PA,AEA,EN,Federal Contract Tower,0,17,41,0,58,0,0,230,0,230,0,17,271,0,288,218,0,218,506
07/06/2021,LNS,PA,AEA,EN,Federal Contract Tower,0,14,22,5,41,0,0,111,0,111,0,14,133,5,152,158,12,170,322
07/07/2021,LNS,PA,AEA,EN,Federal Contract Tower,0,11,16,2,29,0,0,89,3,92,0,11,105,5,121,168,4,172,293
07/08/2021,LNS,PA,AEA,EN,Federal Contract Tower,0,15,19,0,34,0,0,49,2,51,0,15,68,2,85,66,2,68,153
07/09/2021,LNS,PA,AEA,EN,Federal Contract Tower,0,14,33,9,56,0,0,65,0,65,0,14,98,9,121,182,34,216,337
07/10/2021,LNS,PA,AEA,EN,Federal Contract Tower,0,6,50,0,56,0,0,146,0,146,0,6,196,0,202,196,0,196,398
07/11/2021,LNS,PA,AEA,EN,Federal Contract Tower,0,9,19,0,28,0,0,30,0,30,0,9,49,0,58,24,0,24,82
07/12/2021,LNS,PA,AEA,EN,Federal Contract Tower,0,15,23,1,39,0,0,45,0,45,0,15,68,1,84,74,2,76,160
07/13/2021,LNS,PA,AEA,EN,Federal Contract Tower,0,14,37,0,51,0,0,44,4,48,0,14,81,4,99,90,4,94,193
07/14/2021,LNS,PA,AEA,EN,Federal Contract Tower,0,14,29,4,47,0,0,115,0,115,0,14,144,4,162,176,14,190,352
07/15/2021,LNS,PA,AEA,EN,Federal Contract Tower,0,15,48,1,64,0,1,210,0,211,0,16,258,1,275,222,30,252,527
07/16/2021,LNS,PA,AEA,EN,Federal Contract Tower,0,16,39,1,56,0,0,136,8,144,0,16,175,9,200,128,2,130,330
07/17/2021,LNS,PA,AEA,EN,Federal Contract Tower,0,10,26,0,36,0,0,82,0,82,0,10,108,0,118,104,0,104,222
07/18/2021,LNS,PA,AEA,EN,Federal Contract Tower,0,10,22,0,32,0,0,63,0,63,0,10,85,0,95,120,0,120,215
07/19/2021,LNS,PA,AEA,EN,Federal Contract Tower,0,15,27,2,44,0,0,115,1,116,0,15,142,3,160,78,2,80,240
07/20/2021,LNS,PA,AEA,EN,Federal Contract Tower,0,14,64,0,78,0,0,98,0,98,0,14,162,0,176,196,6,202,378
07/21/2021,LNS,PA,AEA,EN,Federal Contract Tower,0,17,38,1,56,0,0,60,0,60,0,17,98,1,116,156,4,160,276
07/22/2021,LNS,PA,AEA,EN,Federal Contract Tower,0,21,44,1,66,0,3,173,2,178,0,24,217,3,244,142,2,144,388
07/23/2021,LNS,PA,AEA,EN,Federal Contract Tower,0,24,36,3,63,0,2,153,2,157,0,26,189,5,220,164,4,168,388
07/24/2021,LNS,PA,AEA,EN,Federal Contract Tower,0,15,22,0,37,0,9,154,0,163,0,24,176,0,200,184,0,184,384
07/25/2021,LNS,PA,AEA,EN,Federal Contract Tower,0,14,24,0,38,0,0,69,0,69,0,14,93,0,107,98,0,98,205
07/26/2021,LNS,PA,AEA,EN,Federal Contract Tower,0,17,27,5,49,0,0,107,6,113,0,17,134,11,162,72,4,76,238
07/27/2021,LNS,PA,AEA,EN,Federal Contract Tower,0,16,20,0,36,0,5,112,0,117,0,21,132,0,153,136,0,136,289
07/28/2021,LNS,PA,AEA,EN,Federal Contract Tower,0,22,29,1,52,0,3,109,2,114,0,25,138,3,166,76,2,78,244
07/29/2021,LNS,PA,AEA,EN,Federal Contract Tower,0,15,34,3,52,0,0,31,1,32,0,15,65,4,84,100,10,110,194
07/30/2021,LNS,PA,AEA,EN,Federal Contract Tower,0,14,40,0,54,0,1,120,4,125,0,15,160,4,179,92,0,92,271
07/31/2021,LNS,PA,AEA,EN,Federal Contract Tower,0,9,28,0,37,0,6,184,0,190,0,15,212,0,227,70,0,70,297
08/01/2021,LNS,PA,AEA,EN,Federal Contract Tower,0,12,23,0,35,0,1,8,0,9,0,13,31,0,44,0,0,0,44
08/02/2021,LNS,PA,AEA,EN,Federal Contract Tower,0,14,25,0,39,0,1,101,0,102,0,15,126,0,141,126,0,126,267
08/03/2021,LNS,PA,AEA,EN,Federal Contract Tower,0,11,23,7,41,0,2,160,4,166,0,13,183,11,207,138,0,138,345
08/04/2021,LNS,PA,AEA,EN,Federal Contract Tower,0,19,42,0,61,0,1,167,2,170,0,20,209,2,231,170,0,170,401
08/05/2021,LNS,PA,AEA,EN,Federal Contract Tower,0,14,29,5,48,0,1,161,2,164,0,15,190,7,212,130,12,142,354
08/06/2021,LNS,PA,AEA,EN,Federal Contract Tower,0,13,37,0,50,0,2,132,0,134,0,15,169,0,184,116,0,116,300
08/07/2021,LNS,PA,AEA,EN,Federal Contract Tower,0,9,43,0,52,0,0,92,0,92,0,9,135,0,144,98,0,98,242
08/08/2021,LNS,PA,AEA,EN,Federal Contract Tower,0,9,36,0,45,0,1,152,0,153,0,10,188,0,198,92,0,92,290
08/09/2021,LNS,PA,AEA,EN,Federal Contract Tower,0,17,42,1,60,0,0,73,3,76,0,17,115,4,136,152,2,154,290
08/10/2021,LNS,PA,AEA,EN,Federal Contract Tower,0,18,48,2,68,0,1,47,1,49,0,19,95,3,117,108,32,140,257
08/11/2021,LNS,PA,AEA,EN,Federal Contract Tower,0,14,38,0,52,0,0,66,0,66,0,14,104,0,118,116,0,116,234
08/12/2021,LNS,PA,AEA,EN,Federal Contract Tower,0,10,34,1,45,0,2,102,8,112,0,12,136,9,157,80,2,82,239
08/13/2021,LNS,PA,AEA,EN,Federal Contract Tower,0,18,30,2,50,0,0,98,0,98,0,18,128,2,148,154,4,158,306
08/14/2021,LNS,PA,AEA,EN,Federal Contract Tower,0,10,21,0,31,0,2,123,0,125,0,12,144,0,156,136,0,136,292
08/15/2021,LNS,PA,AEA,EN,Federal Contract Tower,0,11,34,0,45,0,2,152,0,154,0,13,186,0,199,156,0,156,355
08/16/2021,LNS,PA,AEA,EN,Federal Contract Tower,0,18,53,0,71,0,0,102,0,102,0,18,155,0,173,162,2,164,337
08/17/2021,LNS,PA,AEA,EN,Federal Contract Tower,0,18,42,1,61,0,0,9,0,9,0,18,51,1,70,20,2,22,92
08/18/2021,LNS,PA,AEA,EN,Federal Contract Tower,0,18,41,0,59,0,0,9,0,9,0,18,50,0,68,28,0,28,96
08/19/2021,LNS,PA,AEA,EN,Federal Contract Tower,0,20,47,1,68,0,0,116,2,118,0,20,163,3,186,180,2,182,368
08/20/2021,LNS,PA,AEA,EN,Federal Contract Tower,0,12,45,3,60,0,1,89,0,90,0,13,134,3,150,84,10,94,244
08/21/2021,LNS,PA,AEA,EN,Federal Contract Tower,0,8,27,0,35,0,3,123,0,126,0,11,150,0,161,136,0,136,297
08/22/2021,LNS,PA,AEA,EN,Federal Contract Tower,0,9,20,0,29,0,0,6,0,6,0,9,26,0,35,2,0,2,37
08/24/2021,LNS,PA,AEA,EN,Federal Contract Tower,0,17,43,8,68,0,1,153,1,155,0,18,196,9,223,178,16,194,417
08/25/2021,LNS,PA,AEA,EN,Federal Contract Tower,0,13,38,0,51,0,0,149,0,149,0,13,187,0,200,180,0,180,380
08/26/2021,LNS,PA,AEA,EN,Federal Contract Tower,0,15,28,0,43,0,0,119,0,119,0,15,147,0,162,146,0,146,308
08/27/2021,LNS,PA,AEA,EN,Federal Contract Tower,0,16,28,2,46,0,1,80,0,81,0,17,108,2,127,102,4,106,233
08/28/2021,LNS,PA,AEA,EN,Federal Contract Tower,0,18,36,0,54,0,0,17,0,17,0,18,53,0,71,160,0,160,231
08/31/2021,LNS,PA,AEA,EN,Federal Contract Tower,0,13,38,5,56,0,3,138,1,142,0,16,176,6,198,218,6,224,422
09/01/2021,LNS,PA,AEA,EN,Federal Contract Tower,0,11,10,0,21,0,0,0,0,0,0,11,10,0,21,2,0,2,23
09/02/2021,LNS,PA,AEA,EN,Federal Contract Tower,0,15,21,2,38,0,1,144,4,149,0,16,165,6,187,100,4,104,291
09/03/2021,LNS,PA,AEA,EN,Federal Contract Tower,0,19,63,0,82,0,2,159,0,161,0,21,222,0,243,172,0,172,415
09/04/2021,LNS,PA,AEA,EN,Federal Contract Tower,0,17,32,0,49,0,6,158,0,164,0,23,190,0,213,162,0,162,375
09/05/2021,LNS,PA,AEA,EN,Federal Contract Tower,0,11,29,0,40,0,0,12,0,12,0,11,41,0,52,64,0,64,116
09/06/2021,LNS,PA,AEA,EN,Federal Contract Tower,0,16,28,0,44,0,0,138,0,138,0,16,166,0,182,134,0,134,316
09/07/2021,LNS,PA,AEA,EN,Federal Contract Tower,0,14,55,5,74,0,1,181,5,187,0,15,236,10,261,132,14,146,407
09/08/2021,LNS,PA,AEA,EN,Federal Contract Tower,0,16,29,6,51,0,2,112,2,116,0,18,141,8,167,152,8,160,327
09/09/2021,LNS,PA,AEA,EN,Federal Contract Tower,0,21,37,3,61,0,0,73,0,73,0,21,110,3,134,148,6,154,288
09/10/2021,LNS,PA,AEA,EN,Federal Contract Tower,0,23,45,3,71,0,0,153,0,153,0,23,198,3,224,134,4,138,362
09/11/2021,LNS,PA,AEA,EN,Federal Contract Tower,0,15,27,0,42,0,0,175,0,175,0,15,202,0,217,174,0,174,391
09/12/2021,LNS,PA,AEA,EN,Federal Contract Tower,0,12,21,0,33,0,0,130,0,130,0,12,151,0,163,70,0,70,233
09/13/2021,LNS,PA,AEA,EN,Federal Contract Tower,0,18,38,10,66,0,1,166,3,170,0,19,204,13,236,148,12,160,396
09/14/2021,LNS,PA,AEA,EN,Federal Contract Tower,0,14,48,4,66,0,1,83,1,85,0,15,131,5,151,118,8,126,277
09/15/2021,LNS,PA,AEA,EN,Federal Contract Tower,0,15,32,1,48,0,2,89,3,94,0,17,121,4,142,84,20,104,246
09/16/2021,LNS,PA,AEA,EN,Federal Contract Tower,0,16,57,2,75,0,2,97,0,99,0,18,154,2,174,236,4,240,414
09/17/2021,LNS,PA,AEA,EN,Federal Contract Tower,0,17,49,0,66,0,0,44,0,44,0,17,93,0,110,68,0,68,178
09/18/2021,LNS,PA,AEA,EN,Federal Contract Tower,0,12,41,0,53,0,0,133,0,133,0,12,174,0,186,146,0,146,332
09/19/2021,LNS,PA,AEA,EN,Federal Contract Tower,0,12,40,2,54,0,1,204,0,205,0,13,244,2,259,144,2,146,405
09/20/2021,LNS,PA,AEA,EN,Federal Contract Tower,0,16,36,4,56,0,0,186,0,186,0,16,222,4,242,130,10,140,382
09/21/2021,LNS,PA,AEA,EN,Federal Contract Tower,0,17,39,2,58,0,0,128,0,128,0,17,167,2,186,124,4,128,314
09/22/2021,LNS,PA,AEA,EN,Federal Contract Tower,0,14,29,0,43,0,0,8,0,8,0,14,37,0,51,40,0,40,91
09/23/2021,LNS,PA,AEA,EN,Federal Contract Tower,0,17,17,1,35,0,0,41,0,41,0,17,58,1,76,106,2,108,184
09/24/2021,LNS,PA,AEA,EN,Federal Contract Tower,0,13,53,1,67,0,1,225,1,227,0,14,278,2,294,140,4,144,438
09/25/2021,LNS,PA,AEA,EN,Federal Contract Tower,0,7,31,0,38,0,3,201,0,204,0,10,232,0,242,154,0,154,396
09/26/2021,LNS,PA,AEA,EN,Federal Contract Tower,0,14,28,0,42,0,0,128,0,128,0,14,156,0,170,118,0,118,288
09/27/2021,LNS,PA,AEA,EN,Federal Contract Tower,0,19,46,0,65,0,0,168,0,168,0,19,214,0,233,192,0,192,425
09/29/2021,LNS,PA,AEA,EN,Federal Contract Tower,0,16,46,2,64,0,2,178,3,183,0,18,224,5,247,230,2,232,479
09/30/2021,LNS,PA,AEA,EN,Federal Contract Tower,0,17,61,5,83,0,1,195,0,196,0,18,256,5,279,180,6,186,465
10/01/2021,LNS,PA,AEA,EN,Federal Contract Tower,0,15,66,0,81,0,2,219,0,221,0,17,285,0,302,238,0,238,540
10/02/2021,LNS,PA,AEA,EN,Federal Contract Tower,0,9,37,0,46,0,0,161,0,161,0,9,198,0,207,148,0,148,355
10/03/2021,LNS,PA,AEA,EN,Federal Contract Tower,0,11,34,0,45,0,2,123,0,125,0,13,157,0,170,134,0,134,304
10/04/2021,LNS,PA,AEA,EN,Federal Contract Tower,0,21,33,0,54,0,0,60,0,60,0,21,93,0,114,116,0,116,230
10/05/2021,LNS,PA,AEA,EN,Federal Contract Tower,0,28,75,2,105,0,1,0,0,1,0,29,75,2,106,6,0,6,112
10/06/2021,LNS,PA,AEA,EN,Federal Contract Tower,0,22,49,4,75,0,0,21,0,21,0,22,70,4,96,112,6,118,214
10/07/2021,LNS,PA,AEA,EN,Federal Contract Tower,0,25,70,5,100,0,0,96,2,98,0,25,166,7,198,196,2,198,396
10/08/2021,LNS,PA,AEA,EN,Federal Contract Tower,0,20,51,0,71,0,2,127,0,129,0,22,178,0,200,282,0,282,482
10/09/2021,LNS,PA,AEA,EN,Federal Contract Tower,0,10,43,0,53,0,1,45,0,46,0,11,88,0,99,148,0,148,247
10/10/2021,LNS,PA,AEA,EN,Federal Contract Tower,0,12,51,0,63,0,0,9,0,9,0,12,60,0,72,88,0,88,160
10/11/2021,LNS,PA,AEA,EN,Federal Contract Tower,0,14,65,0,79,0,0,74,1,75,0,14,139,1,154,238,0,238,392
10/12/2021,LNS,PA,AEA,EN,Federal Contract Tower,0,14,56,5,75,0,0,38,0,38,0,14,94,5,113,186,2,188,301
10/13/2021,LNS,PA,AEA,EN,Federal Contract Tower,0,19,81,0,100,0,0,28,0,28,0,19,109,0,128,98,0,98,226
10/14/2021,LNS,PA,AEA,EN,Federal Contract Tower,0,17,52,4,73,0,1,144,2,147,0,18,196,6,220,148,12,160,380
10/15/2021,LNS,PA,AEA,EN,Federal Contract Tower,0,21,50,7,78,0,0,200,6,206,0,21,250,13,284,150,10,160,444
10/16/2021,LNS,PA,AEA,EN,Federal Contract Tower,0,13,26,0,39,0,0,15,0,15,0,13,41,0,54,40,0,40,94
10/17/2021,LNS,PA,AEA,EN,Federal Contract Tower,0,15,34,0,49,0,1,90,0,91,0,16,124,0,140,84,0,84,224
10/18/2021,LNS,PA,AEA,EN,Federal Contract Tower,0,19,18,1,38,0,2,99,2,103,0,21,117,3,141,100,2,102,243
10/19/2021,LNS,PA,AEA,EN,Federal Contract Tower,0,16,21,4,41,0,3,138,2,143,0,19,159,6,184,124,0,124,308
10/20/2021,LNS,PA,AEA,EN,Federal Contract Tower,0,25,37,4,66,0,1,246,2,249,0,26,283,6,315,236,0,236,551
10/21/2021,LNS,PA,AEA,EN,Federal Contract Tower,0,14,35,1,50,0,1,226,4,231,0,15,261,5,281,144,12,156,437
10/22/2021,LNS,PA,AEA,EN,Federal Contract Tower,0,23,29,0,52,0,6,148,2,156,0,29,177,2,208,150,2,152,360
10/23/2021,LNS,PA,AEA,EN,Federal Contract Tower,0,27,26,0,53,0,4,90,0,94,0,31,116,0,147,136,0,136,283
10/24/2021,LNS,PA,AEA,EN,Federal Contract Tower,0,13,28,0,41,0,2,147,0,149,0,15,175,0,190,122,0,122,312
10/25/2021,LNS,PA,AEA,EN,Federal Contract Tower,0,12,29,4,45,0,0,96,0,96,0,12,125,4,141,188,12,200,341
10/26/2021,LNS,PA,AEA,EN,Federal Contract Tower,0,19,35,2,56,0,0,5,0,5,0,19,40,2,61,30,6,36,97
10/27/2021,LNS,PA,AEA,EN,Federal Contract Tower,0,15,29,2,46,0,0,99,0,99,0,15,128,2,145,160,20,180,325
10/28/2021,LNS,PA,AEA,EN,Federal Contract Tower,0,17,51,2,70,0,2,210,0,212,0,19,261,2,282,112,4,116,398
10/29/2021,LNS,PA,AEA,EN,Federal Contract Tower,0,17,30,6,53,0,2,0,0,2,0,19,30,6,55,2,4,6,61
10/30/2021,LNS,PA,AEA,EN,Federal Contract Tower,0,8,32,0,40,0,0,41,0,41,0,8,73,0,81,82,0,82,163
10/31/2021,LNS,PA,AEA,EN,Federal Contract Tower,0,11,49,0,60,0,0,29,0,29,0,11,78,0,89,50,0,50,139
11/01/2021,LNS,PA,AEA,EN,Federal Contract Tower,0,12,36,3,51,0,0,145,1,146,0,12,181,4,197,216,4,220,417
11/02/2021,LNS,PA,AEA,EN,Federal Contract Tower,0,15,47,3,65,0,5,63,1,69,0,20,110,4,134,200,8,208,342
11/03/2021,LNS,PA,AEA,EN,Federal Contract Tower,0,23,43,1,67,0,0,171,0,171,0,23,214,1,238,194,6,200,438
11/04/2021,LNS,PA,AEA,EN,Federal Contract Tower,0,24,52,5,81,0,1,154,1,156,0,25,206,6,237,150,0,150,387
11/05/2021,LNS,PA,AEA,EN,Federal Contract Tower,0,18,43,0,61,0,0,181,2,183,0,18,224,2,244,166,0,166,410
11/06/2021,LNS,PA,AEA,EN,Federal Contract Tower,0,10,27,0,37,0,6,140,0,146,0,16,167,0,183,124,0,124,307
11/07/2021,LNS,PA,AEA,EN,Federal Contract Tower,0,14,38,0,52,0,3,175,0,178,0,17,213,0,230,136,0,136,366
11/08/2021,LNS,PA,AEA,EN,Federal Contract Tower,0,19,33,4,56,0,4,132,2,138,0,23,165,6,194,164,8,172,366
11/09/2021,LNS,PA,AEA,EN,Federal Contract Tower,0,15,36,2,53,0,1,160,2,163,0,16,196,4,216,138,2,140,356
11/10/2021,LNS,PA,AEA,EN,Federal Contract Tower,0,18,43,6,67,0,0,145,3,148,0,18,188,9,215,166,18,184,399
11/11/2021,LNS,PA,AEA,EN,Federal Contract Tower,0,12,41,0,53,0,0,163,0,163,0,12,204,0,216,145,0,145,361
11/12/2021,LNS,PA,AEA,EN,Federal Contract Tower,0,14,23,0,37,0,2,65,0,67,0,16,88,0,104,186,0,186,290
11/13/2021,LNS,PA,AEA,EN,Federal Contract Tower,0,15,18,0,33,0,2,36,0,38,0,17,54,0,71,52,0,52,123
11/14/2021,LNS,PA,AEA,EN,Federal Contract Tower,0,19,26,0,45,0,3,149,0,152,0,22,175,0,197,88,0,88,285
11/15/2021,LNS,PA,AEA,EN,Federal Contract Tower,0,22,30,0,52,0,0,65,0,65,0,22,95,0,117,84,0,84,201
11/16/2021,LNS,PA,AEA,EN,Federal Contract Tower,0,14,47,4,65,0,0,152,0,152,0,14,199,4,217,138,10,148,365
11/17/2021,LNS,PA,AEA,EN,Federal Contract Tower,0,18,28,2,48,0,0,173,0,173,0,18,201,2,221,244,0,244,465
11/18/2021,LNS,PA,AEA,EN,Federal Contract Tower,0,18,26,6,50,0,1,76,6,83,0,19,102,12,133,96,2,98,231
11/19/2021,LNS,PA,AEA,EN,Federal Contract Tower,0,18,17,1,36,0,0,84,0,84,0,18,101,1,120,120,0,120,240
11/20/2021,LNS,PA,AEA,EN,Federal Contract Tower,0,16,17,0,33,0,0,168,0,168,0,16,185,0,201,120,0,120,321
11/21/2021,LNS,PA,AEA,EN,Federal Contract Tower,0,12,21,0,33,0,4,122,0,126,0,16,143,0,159,58,0,58,217
11/22/2021,LNS,PA,AEA,EN,Federal Contract Tower,0,12,18,4,34,0,1,95,0,96,0,13,113,4,130,122,6,128,258
11/23/2021,LNS,PA,AEA,EN,Federal Contract Tower,0,19,32,2,53,0,0,77,2,79,0,19,109,4,132,158,4,162,294
11/24/2021,LNS,PA,AEA,EN,Federal Contract Tower,0,21,41,2,64,0,1,189,0,190,0,22,230,2,254,164,0,164,418
11/25/2021,LNS,PA,AEA,EN,Federal Contract Tower,0,10,20,0,30,0,0,49,0,49,0,10,69,0,79,18,0,18,97
11/26/2021,LNS,PA,AEA,EN,Federal Contract Tower,0,6,15,0,21,0,0,5,0,5,0,6,20,0,26,14,0,14,40
11/27/2021,LNS,PA,AEA,EN,Federal Contract Tower,0,7,27,0,34,0,0,75,0,75,0,7,102,0,109,116,0,116,225
11/28/2021,LNS,PA,AEA,EN,Federal Contract Tower,0,17,29,0,46,0,2,140,0,142,0,19,169,0,188,116,0,116,304
11/29/2021,LNS,PA,AEA,EN,Federal Contract Tower,0,17,22,0,39,0,0,82,0,82,0,17,104,0,121,130,0,130,251
11/30/2021,LNS,PA,AEA,EN,Federal Contract Tower,0,14,25,3,42,0,0,52,1,53,0,14,77,4,95,112,10,122,217
12/01/2021,LNS,PA,AEA,EN,Federal Contract Tower,0,16,50,4,70,0,1,148,1,150,0,17,198,5,220,189,10,199,419
12/02/2021,LNS,PA,AEA,EN,Federal Contract Tower,0,19,35,1,55,0,0,86,2,88,0,19,121,3,143,135,0,135,278
12/03/2021,LNS,PA,AEA,EN,Federal Contract Tower,0,15,38,6,59,0,0,126,6,132,0,15,164,12,191,126,2,128,319
12/04/2021,LNS,PA,AEA,EN,Federal Contract Tower,0,11,31,0,42,0,4,199,4,207,0,15,230,4,249,144,0,144,393
12/05/2021,LNS,PA,AEA,EN,Federal Contract Tower,0,15,37,0,52,0,1,189,0,190,0,16,226,0,242,76,0,76,318
12/06/2021,LNS,PA,AEA,EN,Federal Contract Tower,0,14,11,1,26,0,0,16,0,16,0,14,27,1,42,80,0,80,122
12/07/2021,LNS,PA,AEA,EN,Federal Contract Tower,0,14,31,3,48,0,0,153,1,154,0,14,184,4,202,202,22,224,426
12/08/2021,LNS,PA,AEA,EN,Federal Contract Tower,0,28,15,5,48,0,0,58,1,59,0,28,73,6,107,156,12,168,275
12/09/2021,LNS,PA,AEA,EN,Federal Contract Tower,0,16,31,2,49,0,0,144,6,150,0,16,175,8,199,162,8,170,369
12/10/2021,LNS,PA,AEA,EN,Federal Contract Tower,0,19,36,0,55,0,0,138,2,140,0,19,174,2,195,200,0,200,395
12/11/2021,LNS,PA,AEA,EN,Federal Contract Tower,0,10,5,0,15,0,0,0,0,0,0,10,5,0,15,2,0,2,17
12/12/2021,LNS,PA,AEA,EN,Federal Contract Tower,0,11,23,1,35,0,2,87,1,90,0,13,110,2,125,44,0,44,169
12/13/2021,LNS,PA,AEA,EN,Federal Contract Tower,0,19,32,2,53,0,0,172,3,175,0,19,204,5,228,138,6,144,372
12/14/2021,LNS,PA,AEA,EN,Federal Contract Tower,0,17,25,3,45,0,0,155,4,159,0,17,180,7,204,106,6,112,316
12/15/2021,LNS,PA,AEA,EN,Federal Contract Tower,0,14,46,1,61,0,1,95,0,96,0,15,141,1,157,114,0,114,271
12/16/2021,LNS,PA,AEA,EN,Federal Contract Tower,0,19,40,0,59,0,1,156,2,159,0,20,196,2,218,154,0,154,372
12/17/2021,LNS,PA,AEA,EN,Federal Contract Tower,0,26,33,0,59,0,0,131,0,131,0,26,164,0,190,122,0,122,312
12/18/2021,LNS,PA,AEA,EN,Federal Contract Tower,0,13,34,0,47,0,0,1,0,1,0,13,35,0,48,4,0,4,52
12/19/2021,LNS,PA,AEA,EN,Federal Contract Tower,0,10,20,0,30,0,1,81,0,82,0,11,101,0,112,104,0,104,216
12/20/2021,LNS,PA,AEA,EN,Federal Contract Tower,0,13,23,2,38,0,1,143,0,144,0,14,166,2,182,102,0,102,284
12/21/2021,LNS,PA,AEA,EN,Federal Contract Tower,0,18,31,0,49,0,3,156,2,161,0,21,187,2,210,148,0,148,358
12/23/2021,LNS,PA,AEA,EN,Federal Contract Tower,0,18,30,0,48,0,3,164,0,167,0,21,194,0,215,106,0,106,321
12/24/2021,LNS,PA,AEA,EN,Federal Contract Tower,0,13,31,0,44,0,0,70,0,70,0,13,101,0,114,86,0,86,200
12/25/2021,LNS,PA,AEA,EN,Federal Contract Tower,0,2,4,0,6,0,0,3,0,3,0,2,7,0,9,0,0,0,9
12/26/2021,LNS,PA,AEA,EN,Federal Contract Tower,0,13,34,0,47,0,12,129,0,141,0,25,163,0,188,80,0,80,268
12/27/2021,LNS,PA,AEA,EN,Federal Contract Tower,0,12,14,0,26,0,0,9,0,9,0,12,23,0,35,43,0,43,78
12/29/2021,LNS,PA,AEA,EN,Federal Contract Tower,0,15,35,0,50,0,1,74,2,77,0,16,109,2,127,116,0,116,243
12/30/2021,LNS,PA,AEA,EN,Federal Contract Tower,0,10,45,0,55,0,0,0,0,0,0,10,45,0,55,10,0,10,65
12/31/2021,LNS,PA,AEA,EN,Federal Contract Tower,0,13,22,0,35,0,0,0,0,0,0,13,22,0,35,12,0,12,47
01/01/2022,LNS,PA,AEA,EN,Federal Contract Tower,0,3,12,0,15,0,0,0,0,0,0,3,12,0,15,0,0,0,15
01/02/2022,LNS,PA,AEA,EN,Federal Contract Tower,0,10,18,0,28,0,0,50,0,50,0,10,68,0,78,72,0,72,150
01/03/2022,LNS,PA,AEA,EN,Federal Contract Tower,0,12,18,0,30,0,2,90,2,94,0,14,108,2,124,110,0,110,234
01/04/2022,LNS,PA,AEA,EN,Federal Contract Tower,0,13,24,0,37,0,2,162,0,164,0,15,186,0,201,110,0,110,311
01/05/2022,LNS,PA,AEA,EN,Federal Contract Tower,0,13,18,2,33,0,0,91,2,93,0,13,109,4,126,88,2,90,216
01/06/2022,LNS,PA,AEA,EN,Federal Contract Tower,0,18,3,5,26,0,0,98,0,98,0,18,101,5,124,102,6,108,232
01/07/2022,LNS,PA,AEA,EN,Federal Contract Tower,0,15,13,0,28,0,1,14,2,17,0,16,27,2,45,0,0,0,45
01/08/2022,LNS,PA,AEA,EN,Federal Contract Tower,0,13,33,1,47,0,2,175,0,177,0,15,208,1,224,138,2,140,364
01/09/2022,LNS,PA,AEA,EN,Federal Contract Tower,0,7,7,0,14,0,0,0,0,0,0,7,7,0,14,0,0,0,14
01/10/2022,LNS,PA,AEA,EN,Federal Contract Tower,0,12,21,0,33,0,0,70,0,70,0,12,91,0,103,60,0,60,163
01/11/2022,LNS,PA,AEA,EN,Federal Contract Tower,0,19,16,1,36,0,1,99,8,108,0,20,115,9,144,130,2,132,276
01/12/2022,LNS,PA,AEA,EN,Federal Contract Tower,0,12,43,4,59,0,4,138,2,144,0,16,181,6,203,134,0,134,337
01/13/2022,LNS,PA,AEA,EN,Federal Contract Tower,0,21,24,4,49,0,0,190,3,193,0,21,214,7,242,146,4,150,392
01/14/2022,LNS,PA,AEA,EN,Federal Contract Tower,0,13,25,1,39,0,0,64,1,65,0,13,89,2,104,122,0,122,226
01/15/2022,LNS,PA,AEA,EN,Federal Contract Tower,0,10,25,0,35,0,0,89,0,89,0,10,114,0,124,84,0,84,208
01/16/2022,LNS,PA,AEA,EN,Federal Contract Tower,0,9,20,0,29,0,0,53,0,53,0,9,73,0,82,106,0,106,188
01/17/2022,LNS,PA,AEA,EN,Federal Contract Tower,0,4,9,0,13,0,10,0,0,10,0,14,9,0,23,28,0,28,51
01/18/2022,LNS,PA,AEA,EN,Federal Contract Tower,0,18,22,3,43,0,1,90,2,93,0,19,112,5,136,80,0,80,216
01/19/2022,LNS,PA,AEA,EN,Federal Contract Tower,0,16,28,0,44,0,0,154,4,158,0,16,182,4,202,140,0,140,342
01/20/2022,LNS,PA,AEA,EN,Federal Contract Tower,4,15,20,0,39,0,0,66,3,69,4,15,86,3,108,84,8,92,200
01/21/2022,LNS,PA,AEA,EN,Federal Contract Tower,0,12,33,0,45,0,0,129,1,130,0,12,162,1,175,184,2,186,361
01/22/2022,LNS,PA,AEA,EN,Federal Contract Tower,0,13,42,0,55,0,0,121,1,122,0,13,163,1,177,184,0,184,361
01/23/2022,LNS,PA,AEA,EN,Federal Contract Tower,0,6,14,0,20,0,0,96,0,96,0,6,110,0,116,102,0,102,218
01/24/2022,LNS,PA,AEA,EN,Federal Contract Tower,0,13,33,1,47,0,0,143,3,146,0,13,176,4,193,154,2,156,349
01/25/2022,LNS,PA,AEA,EN,Federal Contract Tower,0,18,34,5,57,0,0,113,5,118,0,18,147,10,175,130,8,138,313
01/26/2022,LNS,PA,AEA,EN,Federal Contract Tower,0,13,28,2,43,0,0,139,4,143,0,13,167,6,186,162,0,162,348
01/27/2022,LNS,PA,AEA,EN,Federal Contract Tower,0,18,37,4,59,0,0,165,2,167,0,18,202,6,226,116,2,118,344
01/28/2022,LNS,PA,AEA,EN,Federal Contract Tower,0,16,12,0,28,0,0,0,0,0,0,16,12,0,28,0,0,0,28
01/29/2022,LNS,PA,AEA,EN,Federal Contract Tower,0,5,4,0,9,0,0,6,0,6,0,5,10,0,15,8,0,8,23
01/30/2022,LNS,PA,AEA,EN,Federal Contract Tower,0,9,32,0,41,0,2,108,0,110,0,11,140,0,151,124,0,124,275
01/31/2022,LNS,PA,AEA,EN,Federal Contract Tower,0,12,42,1,55,0,0,139,3,142,0,12,181,4,197,148,16,164,361
02/01/2022,LNS,PA,AEA,EN,Federal Contract Tower,0,13,26,6,45,0,1,134,6,141,0,14,160,12,186,172,24,196,382
02/02/2022,LNS,PA,AEA,EN,Federal Contract Tower,0,17,23,0,40,0,2,60,0,62,0,19,83,0,102,148,0,148,250
02/03/2022,LNS,PA,AEA,EN,Federal Contract Tower,0,3,6,0,9,0,0,0,0,0,0,3,6,0,9,0,0,0,9
02/04/2022,LNS,PA,AEA,EN,Federal Contract Tower,0,14,3,0,17,0,0,0,0,0,0,14,3,0,17,0,0,0,17
02/05/2022,LNS,PA,AEA,EN,Federal Contract Tower,0,10,26,1,37,0,2,63,0,65,0,12,89,1,102,138,0,138,240
02/06/2022,LNS,PA,AEA,EN,Federal Contract Tower,0,13,28,5,46,0,0,166,0,166,0,13,194,5,212,166,0,166,378
02/07/2022,LNS,PA,AEA,EN,Federal Contract Tower,0,14,20,7,41,0,0,20,1,21,0,14,40,8,62,98,14,112,174
02/08/2022,LNS,PA,AEA,EN,Federal Contract Tower,0,16,32,6,54,0,0,94,6,100,0,16,126,12,154,177,24,201,355
02/09/2022,LNS,PA,AEA,EN,Federal Contract Tower,0,13,45,5,63,0,0,148,2,150,0,13,193,7,213,162,10,172,385
02/10/2022,LNS,PA,AEA,EN,Federal Contract Tower,0,15,31,5,51,0,0,123,2,125,0,15,154,7,176,74,4,78,254
02/11/2022,LNS,PA,AEA,EN,Federal Contract Tower,0,24,39,1,64,0,1,145,0,146,0,25,184,1,210,148,0,148,358
02/12/2022,LNS,PA,AEA,EN,Federal Contract Tower,0,14,24,0,38,0,1,115,2,118,0,15,139,2,156,122,0,122,278
02/13/2022,LNS,PA,AEA,EN,Federal Contract Tower,0,13,10,0,23,0,0,36,0,36,0,13,46,0,59,89,0,89,148
02/14/2022,LNS,PA,AEA,EN,Federal Contract Tower,0,14,31,5,50,0,0,84,1,85,0,14,115,6,135,122,0,122,257
02/15/2022,LNS,PA,AEA,EN,Federal Contract Tower,0,17,40,2,59,0,2,155,0,157,0,19,195,2,216,140,6,146,362
02/16/2022,LNS,PA,AEA,EN,Federal Contract Tower,0,22,16,4,42,0,4,117,3,124,0,26,133,7,166,198,6,204,370
02/17/2022,LNS,PA,AEA,EN,Federal Contract Tower,0,15,26,2,43,0,0,44,4,48,0,15,70,6,91,42,4,46,137
02/18/2022,LNS,PA,AEA,EN,Federal Contract Tower,0,14,10,0,24,0,0,23,0,23,0,14,33,0,47,26,0,26,73
02/19/2022,LNS,PA,AEA,EN,Federal Contract Tower,0,11,8,0,19,0,0,18,0,18,0,11,26,0,37,54,0,54,91
02/20/2022,LNS,PA,AEA,EN,Federal Contract Tower,0,11,21,0,32,0,2,244,1,247,0,13,265,1,279,144,0,144,423
02/21/2022,LNS,PA,AEA,EN,Federal Contract Tower,0,16,40,0,56,0,5,276,0,281,0,21,316,0,337,182,0,182,519
02/22/2022,LNS,PA,AEA,EN,Federal Contract Tower,0,16,28,2,46,0,0,1,1,2,0,16,29,3,48,22,0,22,70
02/23/2022,LNS,PA,AEA,EN,Federal Contract Tower,0,19,23,6,48,0,0,86,4,90,0,19,109,10,138,98,4,102,240
02/24/2022,LNS,PA,AEA,EN,Federal Contract Tower,0,21,18,1,40,0,0,115,2,117,0,21,133,3,157,220,0,220,377
02/25/2022,LNS,PA,AEA,EN,Federal Contract Tower,0,9,12,0,21,0,0,0,2,2,0,9,12,2,23,0,0,0,23
02/26/2022,LNS,PA,AEA,EN,Federal Contract Tower,0,16,29,0,45,0,0,218,0,218,0,16,247,0,263,174,0,174,437
02/27/2022,LNS,PA,AEA,EN,Federal Contract Tower,0,11,26,0,37,0,1,62,0,63,0,12,88,0,100,42,0,42,142
02/28/2022,LNS,PA,AEA,EN,Federal Contract Tower,0,22,44,3,69,0,4,147,1,152,0,26,191,4,221,174,0,174,395
03/01/2022,LNS,PA,AEA,EN,Federal Contract Tower,0,14,41,7,62,0,0,96,0,96,0,14,137,7,158,204,8,212,370
03/02/2022,LNS,PA,AEA,EN,Federal Contract Tower,0,11,53,2,66,0,0,202,0,202,0,11,255,2,268,128,2,130,398
03/03/2022,LNS,PA,AEA,EN,Federal Contract Tower,0,15,42,0,57,0,0,118,4,122,0,15,160,4,179,170,0,170,349
03/04/2022,LNS,PA,AEA,EN,Federal Contract Tower,0,19,32,2,53,0,0,225,0,225,0,19,257,2,278,228,0,228,506
03/05/2022,LNS,PA,AEA,EN,Federal Contract Tower,0,13,35,0,48,0,0,153,0,153,0,13,188,0,201,100,0,100,301
03/06/2022,LNS,PA,AEA,EN,Federal Contract Tower,0,14,16,0,30,0,0,62,0,62,0,14,78,0,92,68,0,68,160
03/07/2022,LNS,PA,AEA,EN,Federal Contract Tower,0,17,12,2,31,0,0,61,4,65,0,17,73,6,96,84,6,90,186
03/08/2022,LNS,PA,AEA,EN,Federal Contract Tower,0,16,43,6,65,0,0,100,0,100,0,16,143,6,165,124,6,130,295
03/09/2022,LNS,PA,AEA,EN,Federal Contract Tower,0,16,5,0,21,0,0,0,0,0,0,16,5,0,21,0,0,0,21
03/10/2022,LNS,PA,AEA,EN,Federal Contract Tower,0,22,40,6,68,0,0,143,2,145,0,22,183,8,213,110,0,110,323
03/11/2022,LNS,PA,AEA,EN,Federal Contract Tower,0,23,60,6,89,0,7,165,1,173,0,30,225,7,262,144,16,160,422
03/12/2022,LNS,PA,AEA,EN,Federal Contract Tower,0,8,2,0,10,0,0,2,0,2,0,8,4,0,12,0,0,0,12
03/13/2022,LNS,PA,AEA,EN,Federal Contract Tower,0,14,24,0,38,0,1,71,0,72,0,15,95,0,110,32,0,32,142
03/14/2022,LNS,PA,AEA,EN,Federal Contract Tower,0,20,30,4,54,0,3,163,0,166,0,23,193,4,220,110,0,110,330
03/15/2022,LNS,PA,AEA,EN,Federal Contract Tower,0,18,43,4,65,0,0,160,1,161,0,18,203,5,226,178,6,184,410
03/16/2022,LNS,PA,AEA,EN,Federal Contract Tower,0,18,52,4,74,0,0,172,0,172,0,18,224,4,246,190,0,190,436
03/17/2022,LNS,PA,AEA,EN,Federal Contract Tower,0,14,63,0,77,0,0,9,0,9,0,14,72,0,86,42,0,42,128
03/18/2022,LNS,PA,AEA,EN,Federal Contract Tower,0,16,52,5,73,0,1,164,3,168,0,17,216,8,241,100,16,116,357
03/19/2022,LNS,PA,AEA,EN,Federal Contract Tower,0,8,31,4,43,0,6,69,0,75,0,14,100,4,118,72,0,72,190
03/20/2022,LNS,PA,AEA,EN,Federal Contract Tower,0,9,26,0,35,0,1,43,0,44,0,10,69,0,79,76,0,76,155
03/21/2022,LNS,PA,AEA,EN,Federal Contract Tower,0,16,43,0,59,0,0,119,0,119,0,16,162,0,178,140,0,140,318
03/22/2022,LNS,PA,AEA,EN,Federal Contract Tower,0,14,53,0,67,0,2,156,2,160,0,16,209,2,227,176,0,176,403
03/23/2022,LNS,PA,AEA,EN,Federal Contract Tower,0,19,43,5,67,0,1,56,0,57,0,20,99,5,124,108,2,110,234
03/24/2022,LNS,PA,AEA,EN,Federal Contract Tower,0,20,57,0,77,0,0,0,0,0,0,20,57,0,77,14,0,14,91
03/25/2022,LNS,PA,AEA,EN,Federal Contract Tower,0,14,58,0,72,0,0,62,0,62,0,14,120,0,134,116,0,116,250
03/26/2022,LNS,PA,AEA,EN,Federal Contract Tower,0,9,29,0,38,0,0,63,0,63,0,9,92,0,101,132,0,132,233
03/27/2022,LNS,PA,AEA,EN,Federal Contract Tower,0,10,16,0,26,0,0,15,0,15,0,10,31,0,41,8,0,8,49
03/28/2022,LNS,PA,AEA,EN,Federal Contract Tower,0,14,18,3,35,0,1,36,1,38,0,15,54,4,73,48,0,48,121
03/29/2022,LNS,PA,AEA,EN,Federal Contract Tower,0,18,30,12,60,0,0,131,3,134,0,18,161,15,194,70,14,84,278
03/30/2022,LNS,PA,AEA,EN,Federal Contract Tower,0,21,32,2,55,0,2,101,1,104,0,23,133,3,159,120,4,124,283
03/31/2022,LNS,PA,AEA,EN,Federal Contract Tower,0,18,19,0,37,0,0,6,0,6,0,18,25,0,43,20,0,20,63
04/01/2022,LNS,PA,AEA,EN,Federal Contract Tower,0,16,35,1,52,0,2,46,2,50,0,18,81,3,102,14,2,16,118
04/02/2022,LNS,PA,AEA,EN,Federal Contract Tower,0,13,39,0,52,0,1,200,4,205,0,14,239,4,257,172,0,172,429
04/03/2022,LNS,PA,AEA,EN,Federal Contract Tower,0,12,23,0,35,0,0,17,0,17,0,12,40,0,52,50,0,50,102
04/04/2022,LNS,PA,AEA,EN,Federal Contract Tower,0,15,36,0,51,0,1,211,2,214,0,16,247,2,265,158,0,158,423
04/05/2022,LNS,PA,AEA,EN,Federal Contract Tower,0,13,66,3,82,0,1,100,1,102,0,14,166,4,184,146,0,146,330
04/06/2022,LNS,PA,AEA,EN,Federal Contract Tower,0,20,53,1,74,0,0,6,0,6,0,20,59,1,80,42,2,44,124
04/07/2022,LNS,PA,AEA,EN,Federal Contract Tower,0,25,17,0,42,0,0,0,0,0,0,25,17,0,42,0,0,0,42
04/08/2022,LNS,PA,AEA,EN,Federal Contract Tower,0,20,58,2,80,0,1,134,3,138,0,21,192,5,218,126,2,128,346
04/09/2022,LNS,PA,AEA,EN,Federal Contract Tower,0,15,24,0,39,0,0,62,0,62,0,15,86,0,101,82,0,82,183
04/10/2022,LNS,PA,AEA,EN,Federal Contract Tower,0,17,32,0,49,0,1,56,0,57,0,18,88,0,106,110,0,110,216
04/11/2022,LNS,PA,AEA,EN,Federal Contract Tower,0,16,33,2,51,0,0,211,0,211,0,16,244,2,262,106,20,126,388
04/12/2022,LNS,PA,AEA,EN,Federal Contract Tower,0,16,32,4,52,0,0,141,4,145,0,16,173,8,197,124,16,140,337
04/13/2022,LNS,PA,AEA,EN,Federal Contract Tower,0,15,44,8,67,0,4,146,3,153,0,19,190,11,220,122,16,138,358
04/14/2022,LNS,PA,AEA,EN,Federal Contract Tower,0,14,28,2,44,0,0,81,2,83,0,14,109,4,127,148,4,152,279
04/15/2022,LNS,PA,AEA,EN,Federal Contract Tower,0,16,58,1,75,0,0,149,2,151,0,16,207,3,226,56,12,68,294
04/16/2022,LNS,PA,AEA,EN,Federal Contract Tower,0,13,21,0,34,0,0,97,0,97,0,13,118,0,131,122,0,122,253
04/17/2022,LNS,PA,AEA,EN,Federal Contract Tower,0,9,12,0,21,0,0,46,0,46,0,9,58,0,67,70,0,70,137
04/18/2022,LNS,PA,AEA,EN,Federal Contract Tower,0,18,39,4,61,0,0,45,1,46,0,18,84,5,107,66,8,74,181
04/19/2022,LNS,PA,AEA,EN,Federal Contract Tower,0,20,21,2,43,0,1,51,1,53,0,21,72,3,96,36,2,38,134
04/20/2022,LNS,PA,AEA,EN,Federal Contract Tower,0,18,45,1,64,0,2,195,2,199,0,20,240,3,263,172,14,186,449
04/21/2022,LNS,PA,AEA,EN,Federal Contract Tower,0,14,47,0,61,0,0,105,2,107,0,14,152,2,168,144,2,146,314
04/22/2022,LNS,PA,AEA,EN,Federal Contract Tower,0,20,47,6,73,0,0,144,0,144,0,20,191,6,217,243,0,243,460
04/23/2022,LNS,PA,AEA,EN,Federal Contract Tower,0,11,61,0,72,0,0,154,0,154,0,11,215,0,226,138,0,138,364
04/24/2022,LNS,PA,AEA,EN,Federal Contract Tower,0,12,38,0,50,0,2,204,0,206,0,14,242,0,256,156,0,156,412
04/25/2022,LNS,PA,AEA,EN,Federal Contract Tower,0,23,76,0,99,0,0,33,0,33,0,23,109,0,132,120,0,120,252
04/26/2022,LNS,PA,AEA,EN,Federal Contract Tower,0,14,42,0,56,0,0,27,4,31,0,14,69,4,87,110,0,110,197
04/27/2022,LNS,PA,AEA,EN,Federal Contract Tower,0,16,14,0,30,0,0,57,3,60,0,16,71,3,90,46,4,50,140
04/28/2022,LNS,PA,AEA,EN,Federal Contract Tower,0,15,23,2,40,0,0,87,0,87,0,15,110,2,127,48,0,48,175
04/29/2022,LNS,PA,AEA,EN,Federal Contract Tower,0,19,39,0,58,0,0,127,0,127,0,19,166,0,185,128,0,128,313
04/30/2022,LNS,PA,AEA,EN,Federal Contract Tower,0,8,31,0,39,0,0,181,0,181,0,8,212,0,220,174,0,174,394
05/01/2022,LNS,PA,AEA,EN,Federal Contract Tower,0,10,26,0,36,0,0,73,0,73,0,10,99,0,109,76,0,76,185
05/02/2022,LNS,PA,AEA,EN,Federal Contract Tower,0,18,41,0,59,0,0,106,0,106,0,18,147,0,165,126,0,126,291
05/03/2022,LNS,PA,AEA,EN,Federal Contract Tower,0,21,33,6,60,0,2,78,0,80,0,23,111,6,140,126,0,126,266
05/04/2022,LNS,PA,AEA,EN,Federal Contract Tower,0,21,42,0,63,0,0,23,0,23,0,21,65,0,86,30,0,30,116
05/05/2022,LNS,PA,AEA,EN,Federal Contract Tower,0,20,34,6,60,0,3,255,0,258,0,23,289,6,318,262,0,262,580
05/06/2022,LNS,PA,AEA,EN,Federal Contract Tower,0,17,43,0,60,0,0,0,0,0,0,17,43,0,60,0,0,0,60
05/07/2022,LNS,PA,AEA,EN,Federal Contract Tower,0,11,5,0,16,0,0,2,0,2,0,11,7,0,18,0,0,0,18
05/08/2022,LNS,PA,AEA,EN,Federal Contract Tower,0,8,24,1,33,0,0,60,0,60,0,8,84,1,93,140,2,142,235
05/09/2022,LNS,PA,AEA,EN,Federal Contract Tower,0,14,38,0,52,0,0,119,0,119,0,14,157,0,171,128,0,128,299
05/10/2022,LNS,PA,AEA,EN,Federal Contract Tower,0,17,23,4,44,0,1,128,2,131,0,18,151,6,175,166,0,166,341
05/11/2022,LNS,PA,AEA,EN,Federal Contract Tower,0,18,40,4,62,0,6,173,1,180,0,24,213,5,242,114,4,118,360
05/12/2022,LNS,PA,AEA,EN,Federal Contract Tower,0,15,60,1,76,0,3,82,0,85,0,18,142,1,161,236,0,236,397
05/13/2022,LNS,PA,AEA,EN,Federal Contract Tower,0,24,72,0,96,0,0,8,0,8,0,24,80,0,104,0,0,0,104
05/14/2022,LNS,PA,AEA,EN,Federal Contract Tower,0,14,33,1,48,0,0,3,0,3,0,14,36,1,51,36,2,38,89
05/15/2022,LNS,PA,AEA,EN,Federal Contract Tower,0,10,44,0,54,0,0,21,0,21,0,10,65,0,75,64,2,66,141
05/16/2022,LNS,PA,AEA,EN,Federal Contract Tower,0,16,24,0,40,0,0,21,0,21,0,16,45,0,61,78,0,78,139
05/17/2022,LNS,PA,AEA,EN,Federal Contract Tower,0,17,35,1,53,0,2,97,2,101,0,19,132,3,154,62,23,85,239
05/18/2022,LNS,PA,AEA,EN,Federal Contract Tower,0,19,37,4,60,0,2,177,14,193,0,21,214,18,253,174,0,174,427
05/19/2022,LNS,PA,AEA,EN,Federal Contract Tower,0,18,43,7,68,0,4,68,0,72,0,22,111,7,140,92,0,92,232
05/20/2022,LNS,PA,AEA,EN,Federal Contract Tower,0,16,35,2,53,0,2,63,2,67,0,18,98,4,120,86,0,86,206
05/21/2022,LNS,PA,AEA,EN,Federal Contract Tower,0,14,44,2,60,0,1,172,0,173,0,15,216,2,233,88,0,88,321
05/22/2022,LNS,PA,AEA,EN,Federal Contract Tower,0,12,20,0,32,0,0,83,0,83,0,12,103,0,115,82,0,82,197
05/23/2022,LNS,PA,AEA,EN,Federal Contract Tower,0,14,46,3,63,0,3,100,1,104,0,17,146,4,167,213,0,213,380
05/24/2022,LNS,PA,AEA,EN,Federal Contract Tower,0,16,54,4,74,0,3,119,3,125,0,19,173,7,199,186,18,204,403
05/25/2022,LNS,PA,AEA,EN,Federal Contract Tower,0,14,37,8,59,0,2,167,2,171,0,16,204,10,230,187,12,199,429
05/26/2022,LNS,PA,AEA,EN,Federal Contract Tower,0,22,56,2,80,0,0,40,0,40,0,22,96,2,120,194,0,194,314
05/27/2022,LNS,PA,AEA,EN,Federal Contract Tower,0,18,30,0,48,0,0,6,2,8,0,18,36,2,56,6,0,6,62
05/28/2022,LNS,PA,AEA,EN,Federal Contract Tower,0,9,30,0,39,0,0,114,0,114,0,9,144,0,153,128,0,128,281
05/29/2022,LNS,PA,AEA,EN,Federal Contract Tower,0,12,25,0,37,0,1,174,0,175,0,13,199,0,212,106,0,106,318
05/30/2022,LNS,PA,AEA,EN,Federal Contract Tower,0,15,36,0,51,0,0,146,0,146,0,15,182,0,197,154,0,154,351
05/31/2022,LNS,PA,AEA,EN,Federal Contract Tower,0,23,55,2,80,0,2,132,2,136,0,25,187,4,216,176,2,178,394
06/01/2022,LNS,PA,AEA,EN,Federal Contract Tower,0,12,38,0,50,0,3,106,2,111,0,15,144,2,161,101,0,101,262
06/02/2022,LNS,PA,AEA,EN,Federal Contract Tower,0,14,30,0,44,0,2,40,4,46,0,16,70,4,90,136,0,136,226
06/03/2022,LNS,PA,AEA,EN,Federal Contract Tower,0,16,52,2,70,0,2,146,12,160,0,18,198,14,230,108,8,116,346
06/04/2022,LNS,PA,AEA,EN,Federal Contract Tower,0,14,33,2,49,0,1,186,2,189,0,15,219,4,238,148,12,160,398
06/05/2022,LNS,PA,AEA,EN,Federal Contract Tower,0,11,35,1,47,0,0,162,1,163,0,11,197,2,210,124,0,124,334
06/06/2022,LNS,PA,AEA,EN,Federal Contract Tower,0,15,49,0,64,0,1,160,0,161,0,16,209,0,225,123,0,123,348
06/07/2022,LNS,PA,AEA,EN,Federal Contract Tower,0,15,19,1,35,0,46,0,0,46,0,61,19,1,81,92,2,94,175
06/08/2022,LNS,PA,AEA,EN,Federal Contract Tower,0,17,35,1,53,0,1,106,0,107,0,18,141,1,160,150,2,152,312
06/09/2022,LNS,PA,AEA,EN,Federal Contract Tower,0,17,24,0,41,0,1,92,4,97,0,18,116,4,138,72,0,72,210
06/10/2022,LNS,PA,AEA,EN,Federal Contract Tower,0,15,34,0,49,0,0,203,0,203,0,15,237,0,252,118,0,118,370
06/11/2022,LNS,PA,AEA,EN,Federal Contract Tower,0,7,33,0,40,0,0,94,0,94,0,7,127,0,134,140,0,140,274
06/12/2022,LNS,PA,AEA,EN,Federal Contract Tower,0,8,18,0,26,0,0,8,0,8,0,8,26,0,34,2,0,2,36
06/13/2022,LNS,PA,AEA,EN,Federal Contract Tower,0,21,29,2,52,0,1,128,0,129,0,22,157,2,181,150,0,150,331
06/14/2022,LNS,PA,AEA,EN,Federal Contract Tower,0,15,27,1,43,0,0,80,1,81,0,15,107,2,124,236,2,238,362
06/15/2022,LNS,PA,AEA,EN,Federal Contract Tower,0,12,51,0,63,0,0,199,1,200,0,12,250,1,263,192,0,192,455
06/16/2022,LNS,PA,AEA,EN,Federal Contract Tower,0,17,32,0,49,0,0,17,4,21,0,17,49,4,70,70,2,72,142
06/17/2022,LNS,PA,AEA,EN,Federal Contract Tower,0,19,29,4,52,0,2,88,0,90,0,21,117,4,142,86,0,86,228
06/18/2022,LNS,PA,AEA,EN,Federal Contract Tower,0,8,5,0,13,0,0,51,0,51,0,8,56,0,64,58,0,58,122
06/19/2022,LNS,PA,AEA,EN,Federal Contract Tower,0,8,11,0,19,0,3,86,0,89,0,11,97,0,108,74,0,74,182
06/20/2022,LNS,PA,AEA,EN,Federal Contract Tower,0,18,31,0,49,0,1,224,0,225,0,19,255,0,274,140,0,140,414
06/21/2022,LNS,PA,AEA,EN,Federal Contract Tower,0,14,36,0,50,0,1,126,0,127,0,15,162,0,177,214,0,214,391
06/22/2022,LNS,PA,AEA,EN,Federal Contract Tower,0,14,31,1,46,0,1,65,3,69,0,15,96,4,115,92,0,92,207
06/23/2022,LNS,PA,AEA,EN,Federal Contract Tower,0,13,28,0,41,0,0,9,0,9,0,13,37,0,50,48,0,48,98
06/24/2022,LNS,PA,AEA,EN,Federal Contract Tower,0,20,62,0,82,0,0,134,2,136,0,20,196,2,218,174,0,174,392
06/25/2022,LNS,PA,AEA,EN,Federal Contract Tower,0,10,27,0,37,0,2,178,0,180,0,12,205,0,217,232,0,232,449
06/26/2022,LNS,PA,AEA,EN,Federal Contract Tower,0,14,18,0,32,0,0,87,0,87,0,14,105,0,119,32,0,32,151
06/27/2022,LNS,PA,AEA,EN,Federal Contract Tower,0,11,25,1,37,0,0,77,0,77,0,11,102,1,114,166,0,166,280
06/28/2022,LNS,PA,AEA,EN,Federal Contract Tower,0,12,35,0,47,0,1,170,1,172,0,13,205,1,219,166,0,166,385
06/29/2022,LNS,PA,AEA,EN,Federal Contract Tower,0,13,36,1,50,0,0,210,0,210,0,13,246,1,260,182,0,182,442
06/30/2022,LNS,PA,AEA,EN,Federal Contract Tower,0,16,36,10,62,0,0,180,3,183,0,16,216,13,245,132,8,140,385
07/01/2022,LNS,PA,AEA,EN,Federal Contract Tower,0,14,35,0,49,0,1,121,0,122,0,15,156,0,171,122,0,122,293
07/02/2022,LNS,PA,AEA,EN,Federal Contract Tower,0,12,17,0,29,0,0,72,0,72,0,12,89,0,101,172,0,172,273
07/03/2022,LNS,PA,AEA,EN,Federal Contract Tower,0,15,38,0,53,0,1,130,0,131,0,16,168,0,184,92,0,92,276
07/04/2022,LNS,PA,AEA,EN,Federal Contract Tower,0,15,19,0,34,0,0,150,0,150,0,15,169,0,184,164,0,164,348
07/05/2022,LNS,PA,AEA,EN,Federal Contract Tower,0,14,27,2,43,0,0,61,2,63,0,14,88,4,106,68,0,68,174
07/06/2022,LNS,PA,AEA,EN,Federal Contract Tower,0,17,52,2,71,0,1,137,3,141,0,18,189,5,212,224,4,228,440
07/07/2022,LNS,PA,AEA,EN,Federal Contract Tower,0,18,49,3,70,0,1,82,2,85,0,19,131,5,155,186,10,196,351
07/08/2022,LNS,PA,AEA,EN,Federal Contract Tower,0,17,84,2,103,0,0,49,1,50,0,17,133,3,153,112,0,112,265
07/09/2022,LNS,PA,AEA,EN,Federal Contract Tower,0,10,26,0,36,0,2,61,0,63,0,12,87,0,99,118,0,118,217
07/10/2022,LNS,PA,AEA,EN,Federal Contract Tower,0,12,35,0,47,0,3,230,0,233,0,15,265,0,280,186,0,186,466
07/11/2022,LNS,PA,AEA,EN,Federal Contract Tower,0,16,28,0,44,0,4,184,2,190,0,20,212,2,234,182,10,192,426
07/12/2022,LNS,PA,AEA,EN,Federal Contract Tower,0,24,14,0,38,0,8,90,2,100,0,32,104,2,138,94,12,106,244
07/13/2022,LNS,PA,AEA,EN,Federal Contract Tower,0,23,38,0,61,0,6,184,0,190,0,29,222,0,251,224,0,224,475
07/14/2022,LNS,PA,AEA,EN,Federal Contract Tower,0,20,33,0,53,0,1,143,1,145,0,21,176,1,198,198,8,206,404
07/15/2022,LNS,PA,AEA,EN,Federal Contract Tower,0,20,40,0,60,0,3,146,2,151,0,23,186,2,211,140,4,144,355
07/16/2022,LNS,PA,AEA,EN,Federal Contract Tower,0,17,36,0,53,0,0,62,0,62,0,17,98,0,115,146,0,146,261
07/17/2022,LNS,PA,AEA,EN,Federal Contract Tower,0,10,27,0,37,0,2,33,1,36,0,12,60,1,73,74,2,76,149
07/18/2022,LNS,PA,AEA,EN,Federal Contract Tower,0,17,22,0,39,0,0,41,2,43,0,17,63,2,82,80,0,80,162
07/19/2022,LNS,PA,AEA,EN,Federal Contract Tower,0,19,30,0,49,0,1,126,1,128,0,20,156,1,177,130,12,142,319
07/20/2022,LNS,PA,AEA,EN,Federal Contract Tower,0,20,46,5,71,0,9,151,0,160,0,29,197,5,231,190,0,190,421
07/21/2022,LNS,PA,AEA,EN,Federal Contract Tower,0,25,36,4,65,0,6,118,0,124,0,31,154,4,189,174,2,176,365
07/22/2022,LNS,PA,AEA,EN,Federal Contract Tower,0,24,37,2,63,0,5,148,0,153,0,29,185,2,216,180,0,180,396
07/23/2022,LNS,PA,AEA,EN,Federal Contract Tower,0,18,26,1,45,0,1,156,2,159,0,19,182,3,204,104,2,106,310
07/24/2022,LNS,PA,AEA,EN,Federal Contract Tower,0,20,31,0,51,0,5,95,0,100,0,25,126,0,151,146,0,146,297
07/25/2022,LNS,PA,AEA,EN,Federal Contract Tower,0,17,26,0,43,0,0,68,0,68,0,17,94,0,111,134,0,134,245
07/26/2022,LNS,PA,AEA,EN,Federal Contract Tower,0,13,25,1,39,0,1,187,0,188,0,14,212,1,227,166,2,168,395
07/27/2022,LNS,PA,AEA,EN,Federal Contract Tower,0,12,45,10,67,0,0,163,0,163,0,12,208,10,230,204,16,220,450
07/28/2022,LNS,PA,AEA,EN,Federal Contract Tower,0,19,37,1,57,0,0,84,0,84,0,19,121,1,141,146,0,146,287
07/29/2022,LNS,PA,AEA,EN,Federal Contract Tower,0,20,28,2,50,0,4,81,1,86,0,24,109,3,136,76,10,86,222
07/30/2022,LNS,PA,AEA,EN,Federal Contract Tower,0,11,43,0,54,0,7,157,0,164,0,18,200,0,218,204,0,204,422
07/31/2022,LNS,PA,AEA,EN,Federal Contract Tower,0,14,34,0,48,0,0,109,0,109,0,14,143,0,157,74,0,74,231
08/01/2022,LNS,PA,AEA,EN,Federal Contract Tower,0,20,26,5,51,0,0,61,0,61,0,20,87,5,112,89,4,93,205
08/02/2022,LNS,PA,AEA,EN,Federal Contract Tower,0,14,35,1,50,0,0,163,2,165,0,14,198,3,215,196,6,202,417
08/03/2022,LNS,PA,AEA,EN,Federal Contract Tower,0,12,33,0,45,0,1,193,1,195,0,13,226,1,240,298,4,302,542
08/04/2022,LNS,PA,AEA,EN,Federal Contract Tower,0,13,25,11,49,0,1,141,0,142,0,14,166,11,191,82,8,90,281
08/05/2022,LNS,PA,AEA,EN,Federal Contract Tower,0,13,27,0,40,0,1,90,0,91,0,14,117,0,131,108,0,108,239
08/06/2022,LNS,PA,AEA,EN,Federal Contract Tower,0,11,46,2,59,0,0,32,0,32,0,11,78,2,91,82,2,84,175
08/07/2022,LNS,PA,AEA,EN,Federal Contract Tower,0,12,36,0,48,0,0,92,0,92,0,12,128,0,140,88,0,88,228
08/08/2022,LNS,PA,AEA,EN,Federal Contract Tower,0,21,29,0,50,0,0,111,0,111,0,21,140,0,161,114,0,114,275
08/09/2022,LNS,PA,AEA,EN,Federal Contract Tower,0,15,23,0,38,0,2,98,1,101,0,17,121,1,139,172,0,172,311
08/10/2022,LNS,PA,AEA,EN,Federal Contract Tower,0,19,24,0,43,0,0,126,0,126,0,19,150,0,169,264,0,264,433
08/11/2022,LNS,PA,AEA,EN,Federal Contract Tower,0,17,34,0,51,0,2,171,2,175,0,19,205,2,226,160,0,160,386
08/12/2022,LNS,PA,AEA,EN,Federal Contract Tower,0,15,50,5,70,0,3,135,0,138,0,18,185,5,208,110,8,118,326
08/13/2022,LNS,PA,AEA,EN,Federal Contract Tower,0,13,46,0,59,0,8,196,0,204,0,21,242,0,263,188,0,188,451
08/14/2022,LNS,PA,AEA,EN,Federal Contract Tower,0,16,25,0,41,0,1,139,0,140,0,17,164,0,181,116,0,116,297
08/15/2022,LNS,PA,AEA,EN,Federal Contract Tower,0,15,32,0,47,0,4,123,0,127,0,19,155,0,174,216,0,216,390
08/16/2022,LNS,PA,AEA,EN,Federal Contract Tower,0,22,39,1,62,0,0,119,2,121,0,22,158,3,183,220,2,222,405
08/17/2022,LNS,PA,AEA,EN,Federal Contract Tower,0,18,37,0,55,0,3,92,4,99,0,21,129,4,154,180,0,180,334
08/18/2022,LNS,PA,AEA,EN,Federal Contract Tower,0,20,25,5,50,0,0,233,0,233,0,20,258,5,283,254,2,256,539
08/19/2022,LNS,PA,AEA,EN,Federal Contract Tower,0,14,47,0,61,0,3,166,0,169,0,17,213,0,230,114,0,114,344
08/20/2022,LNS,PA,AEA,EN,Federal Contract Tower,0,11,42,0,53,0,1,118,0,119,0,12,160,0,172,183,0,183,355
08/21/2022,LNS,PA,AEA,EN,Federal Contract Tower,0,10,28,0,38,0,0,41,0,41,0,10,69,0,79,78,0,78,157
08/22/2022,LNS,PA,AEA,EN,Federal Contract Tower,0,18,15,2,35,0,0,7,2,9,0,18,22,4,44,66,0,66,110
08/23/2022,LNS,PA,AEA,EN,Federal Contract Tower,0,18,54,2,74,0,0,103,6,109,0,18,157,8,183,236,10,246,429
08/24/2022,LNS,PA,AEA,EN,Federal Contract Tower,0,17,45,6,68,0,3,178,2,183,0,20,223,8,251,148,16,164,415
08/25/2022,LNS,PA,AEA,EN,Federal Contract Tower,0,16,30,2,48,0,1,176,0,177,0,17,206,2,225,328,2,330,555
08/26/2022,LNS,PA,AEA,EN,Federal Contract Tower,0,22,46,1,69,0,0,117,6,123,0,22,163,7,192,122,6,128,320
08/27/2022,LNS,PA,AEA,EN,Federal Contract Tower,0,14,22,0,36,0,3,145,0,148,0,17,167,0,184,132,0,132,316
08/28/2022,LNS,PA,AEA,EN,Federal Contract Tower,0,12,37,0,49,0,0,41,0,41,0,12,78,0,90,72,0,72,162
08/29/2022,LNS,PA,AEA,EN,Federal Contract Tower,0,20,38,1,59,0,0,90,0,90,0,20,128,1,149,152,2,154,303
08/30/2022,LNS,PA,AEA,EN,Federal Contract Tower,0,17,28,0,45,0,0,57,2,59,0,17,85,2,104,94,6,100,204
08/31/2022,LNS,PA,AEA,EN,Federal Contract Tower,0,14,32,8,54,0,4,184,0,188,0,18,216,8,242,240,2,242,484
09/01/2022,LNS,PA,AEA,EN,Federal Contract Tower,0,21,49,5,75,0,1,137,2,140,0,22,186,7,215,192,6,198,413
09/02/2022,LNS,PA,AEA,EN,Federal Contract Tower,0,17,35,2,54,0,0,184,1,185,0,17,219,3,239,181,4,185,424
09/03/2022,LNS,PA,AEA,EN,Federal Contract Tower,0,8,32,0,40,0,3,149,0,152,0,11,181,0,192,144,0,144,336
09/04/2022,LNS,PA,AEA,EN,Federal Contract Tower,0,10,22,0,32,0,0,148,0,148,0,10,170,0,180,112,0,112,292
09/05/2022,LNS,PA,AEA,EN,Federal Contract Tower,0,15,11,0,26,0,0,42,0,42,0,15,53,0,68,118,0,118,186
09/06/2022,LNS,PA,AEA,EN,Federal Contract Tower,0,13,29,0,42,0,0,3,0,3,0,13,32,0,45,16,6,22,67
09/07/2022,LNS,PA,AEA,EN,Federal Contract Tower,0,17,41,0,58,0,0,2,0,2,0,17,43,0,60,14,0,14,74
09/08/2022,LNS,PA,AEA,EN,Federal Contract Tower,0,18,34,1,53,0,0,146,2,148,0,18,180,3,201,144,4,148,349
09/09/2022,LNS,PA,AEA,EN,Federal Contract Tower,0,16,41,1,58,0,1,172,2,175,0,17,213,3,233,177,2,179,412
09/10/2022,LNS,PA,AEA,EN,Federal Contract Tower,0,11,38,0,49,0,0,115,2,117,0,11,153,2,166,72,30,102,268
09/11/2022,LNS,PA,AEA,EN,Federal Contract Tower,0,17,25,0,42,0,0,0,0,0,0,17,25,0,42,10,0,10,52
09/12/2022,LNS,PA,AEA,EN,Federal Contract Tower,0,18,23,0,41,0,0,6,0,6,0,18,29,0,47,24,0,24,71
09/13/2022,LNS,PA,AEA,EN,Federal Contract Tower,0,24,35,1,60,0,0,111,0,111,0,24,146,1,171,152,8,160,331
09/14/2022,LNS,PA,AEA,EN,Federal Contract Tower,0,22,40,1,63,0,0,186,9,195,0,22,226,10,258,206,0,206,464
09/15/2022,LNS,PA,AEA,EN,Federal Contract Tower,0,23,30,6,59,0,0,182,1,183,0,23,212,7,242,252,12,264,506
09/16/2022,LNS,PA,AEA,EN,Federal Contract Tower,0,15,39,1,55,0,3,137,0,140,0,18,176,1,195,210,8,218,413
09/17/2022,LNS,PA,AEA,EN,Federal Contract Tower,0,8,16,0,24,0,6,120,6,132,0,14,136,6,156,260,34,294,450
09/18/2022,LNS,PA,AEA,EN,Federal Contract Tower,0,9,9,0,18,0,4,182,7,193,0,13,191,7,211,260,22,282,493
09/19/2022,LNS,PA,AEA,EN,Federal Contract Tower,0,12,27,0,39,0,0,118,0,118,0,12,145,0,157,152,0,152,309
09/20/2022,LNS,PA,AEA,EN,Federal Contract Tower,0,13,35,3,51,0,0,138,1,139,0,13,173,4,190,226,6,232,422
09/21/2022,LNS,PA,AEA,EN,Federal Contract Tower,0,15,40,1,56,0,0,159,0,159,0,15,199,1,215,232,2,234,449
09/22/2022,LNS,PA,AEA,EN,Federal Contract Tower,0,13,19,0,32,0,2,68,0,70,0,15,87,0,102,78,0,78,180
09/23/2022,LNS,PA,AEA,EN,Federal Contract Tower,0,19,26,0,45,0,0,74,0,74,0,19,100,0,119,58,0,58,177
09/24/2022,LNS,PA,AEA,EN,Federal Contract Tower,0,13,22,0,35,0,3,188,0,191,0,16,210,0,226,262,0,262,488
09/25/2022,LNS,PA,AEA,EN,Federal Contract Tower,0,16,26,0,42,0,0,47,0,47,0,16,73,0,89,52,0,52,141
09/26/2022,LNS,PA,AEA,EN,Federal Contract Tower,0,16,27,2,45,0,0,137,0,137,0,16,164,2,182,130,0,130,312
09/27/2022,LNS,PA,AEA,EN,Federal Contract Tower,0,11,24,1,36,0,0,115,0,115,0,11,139,1,151,207,0,207,358
09/28/2022,LNS,PA,AEA,EN,Federal Contract Tower,0,14,30,1,45,0,0,174,0,174,0,14,204,1,219,232,2,234,453
09/29/2022,LNS,PA,AEA,EN,Federal Contract Tower,0,12,39,0,51,0,1,160,0,161,0,13,199,0,212,184,0,184,396
09/30/2022,LNS,PA,AEA,EN,Federal Contract Tower,0,19,44,0,63,0,0,141,0,141,0,19,185,0,204,184,0,184,388
10/01/2022,LNS,PA,AEA,EN,Federal Contract Tower,0,11,21,0,32,0,0,0,0,0,0,11,21,0,32,6,0,6,38
10/02/2022,LNS,PA,AEA,EN,Federal Contract Tower,0,16,16,0,32,0,0,0,0,0,0,16,16,0,32,6,0,6,38
10/03/2022,LNS,PA,AEA,EN,Federal Contract Tower,0,19,31,0,50,0,1,61,0,62,0,20,92,0,112,174,0,174,286
10/04/2022,LNS,PA,AEA,EN,Federal Contract Tower,0,14,17,0,31,0,0,0,0,0,0,14,17,0,31,2,0,2,33
10/05/2022,LNS,PA,AEA,EN,Federal Contract Tower,0,14,51,5,70,0,0,23,1,24,0,14,74,6,94,136,18,154,248
10/06/2022,LNS,PA,AEA,EN,Federal Contract Tower,0,20,49,1,70,0,0,209,0,209,0,20,258,1,279,290,0,290,569
10/07/2022,LNS,PA,AEA,EN,Federal Contract Tower,0,23,67,0,90,0,0,138,0,138,0,23,205,0,228,173,0,173,401
10/08/2022,LNS,PA,AEA,EN,Federal Contract Tower,0,13,36,0,49,0,0,112,0,112,0,13,148,0,161,128,0,128,289
10/09/2022,LNS,PA,AEA,EN,Federal Contract Tower,0,15,28,0,43,0,1,135,0,136,0,16,163,0,179,154,0,154,333
10/10/2022,LNS,PA,AEA,EN,Federal Contract Tower,0,18,32,0,50,0,0,170,2,172,0,18,202,2,222,208,0,208,430
10/11/2022,LNS,PA,AEA,EN,Federal Contract Tower,0,17,47,3,67,0,6,201,0,207,0,23,248,3,274,212,4,216,490
10/12/2022,LNS,PA,AEA,EN,Federal Contract Tower,0,17,38,1,56,0,1,150,0,151,0,18,188,1,207,150,2,152,359
10/13/2022,LNS,PA,AEA,EN,Federal Contract Tower,0,19,42,0,61,0,0,4,0,4,0,19,46,0,65,36,0,36,101
10/14/2022,LNS,PA,AEA,EN,Federal Contract Tower,0,13,47,4,64,0,0,180,0,180,0,13,227,4,244,242,2,244,488
10/15/2022,LNS,PA,AEA,EN,Federal Contract Tower,0,13,23,1,37,0,1,109,0,110,0,14,132,1,147,136,0,136,283
10/16/2022,LNS,PA,AEA,EN,Federal Contract Tower,0,7,34,0,41,0,1,111,0,112,0,8,145,0,153,190,0,190,343
10/17/2022,LNS,PA,AEA,EN,Federal Contract Tower,0,13,34,1,48,0,0,64,2,66,0,13,98,3,114,270,2,272,386
10/18/2022,LNS,PA,AEA,EN,Federal Contract Tower,0,18,36,0,54,0,1,115,0,116,0,19,151,0,170,178,0,178,348
10/19/2022,LNS,PA,AEA,EN,Federal Contract Tower,0,18,31,3,52,0,0,115,3,118,0,18,146,6,170,246,4,250,420
10/20/2022,LNS,PA,AEA,EN,Federal Contract Tower,0,17,40,2,59,0,0,145,3,148,0,17,185,5,207,220,2,222,429
10/21/2022,LNS,PA,AEA,EN,Federal Contract Tower,0,11,54,2,67,0,0,175,0,175,0,11,229,2,242,234,4,238,480
10/22/2022,LNS,PA,AEA,EN,Federal Contract Tower,0,13,36,1,50,0,2,224,0,226,0,15,260,1,276,186,2,188,464
10/23/2022,LNS,PA,AEA,EN,Federal Contract Tower,0,18,36,0,54,0,0,74,0,74,0,18,110,0,128,140,0,140,268
10/24/2022,LNS,PA,AEA,EN,Federal Contract Tower,0,20,45,6,71,0,0,2,0,2,0,20,47,6,73,18,4,22,95
10/25/2022,LNS,PA,AEA,EN,Federal Contract Tower,0,19,50,0,69,0,0,5,0,5,0,19,55,0,74,66,0,66,140
10/26/2022,LNS,PA,AEA,EN,Federal Contract Tower,0,11,44,5,60,0,0,44,3,47,0,11,88,8,107,180,10,190,297
10/27/2022,LNS,PA,AEA,EN,Federal Contract Tower,0,21,48,5,74,0,0,141,13,154,0,21,189,18,228,303,32,335,563
10/28/2022,LNS,PA,AEA,EN,Federal Contract Tower,0,15,48,1,64,0,0,146,2,148,0,15,194,3,212,248,2,250,462
10/29/2022,LNS,PA,AEA,EN,Federal Contract Tower,0,4,33,0,37,0,0,192,0,192,0,4,225,0,229,200,0,200,429
10/30/2022,LNS,PA,AEA,EN,Federal Contract Tower,0,10,29,0,39,0,0,110,0,110,0,10,139,0,149,220,0,220,369
10/31/2022,LNS,PA,AEA,EN,Federal Contract Tower,0,8,38,0,46,0,0,12,1,13,0,8,50,1,59,78,6,84,143
11/01/2022,LNS,PA,AEA,EN,Federal Contract Tower,0,12,47,2,61,0,0,56,0,56,0,12,103,2,117,122,2,124,241
11/02/2022,LNS,PA,AEA,EN,Federal Contract Tower,0,20,32,4,56,0,1,215,4,220,0,21,247,8,276,230,16,246,522
11/03/2022,LNS,PA,AEA,EN,Federal Contract Tower,0,12,21,4,37,0,0,182,4,186,0,12,203,8,223,178,14,192,415
11/04/2022,LNS,PA,AEA,EN,Federal Contract Tower,0,6,46,2,54,0,1,122,0,123,0,7,168,2,177,186,6,192,369
11/05/2022,LNS,PA,AEA,EN,Federal Contract Tower,0,5,23,0,28,0,0,76,0,76,0,5,99,0,104,134,0,134,238
11/06/2022,LNS,PA,AEA,EN,Federal Contract Tower,0,12,21,2,35,0,0,25,0,25,0,12,46,2,60,160,6,166,226
11/07/2022,LNS,PA,AEA,EN,Federal Contract Tower,0,12,42,0,54,0,1,142,1,144,0,13,184,1,198,240,12,252,450
11/08/2022,LNS,PA,AEA,EN,Federal Contract Tower,0,13,29,0,42,0,0,139,2,141,0,13,168,2,183,164,0,164,347
11/09/2022,LNS,PA,AEA,EN,Federal Contract Tower,0,12,36,3,51,0,2,191,0,193,0,14,227,3,244,200,6,206,450
11/10/2022,LNS,PA,AEA,EN,Federal Contract Tower,0,18,40,0,58,0,3,181,0,184,0,21,221,0,242,126,0,126,368
11/11/2022,LNS,PA,AEA,EN,Federal Contract Tower,0,15,20,0,35,0,0,1,0,1,0,15,21,0,36,2,0,2,38
11/12/2022,LNS,PA,AEA,EN,Federal Contract Tower,0,11,31,0,42,0,0,81,0,81,0,11,112,0,123,132,0,132,255
11/13/2022,LNS,PA,AEA,EN,Federal Contract Tower,0,13,23,0,36,0,0,40,0,40,0,13,63,0,76,76,0,76,152
11/14/2022,LNS,PA,AEA,EN,Federal Contract Tower,0,20,35,0,55,0,0,175,0,175,0,20,210,0,230,224,0,224,454
11/15/2022,LNS,PA,AEA,EN,Federal Contract Tower,0,15,28,0,43,0,0,59,0,59,0,15,87,0,102,178,0,178,280
11/16/2022,LNS,PA,AEA,EN,Federal Contract Tower,0,20,25,1,46,0,0,92,0,92,0,20,117,1,138,166,2,168,306
11/17/2022,LNS,PA,AEA,EN,Federal Contract Tower,0,17,31,7,55,0,0,97,3,100,0,17,128,10,155,98,10,108,263
11/18/2022,LNS,PA,AEA,EN,Federal Contract Tower,0,17,26,0,43,0,0,119,7,126,0,17,145,7,169,148,6,154,323
11/19/2022,LNS,PA,AEA,EN,Federal Contract Tower,0,5,40,2,47,0,0,125,0,125,0,5,165,2,172,222,4,226,398
11/20/2022,LNS,PA,AEA,EN,Federal Contract Tower,1,13,7,0,21,0,1,14,0,15,1,14,21,0,36,10,0,10,46
11/21/2022,LNS,PA,AEA,EN,Federal Contract Tower,0,22,33,4,59,0,0,136,2,138,0,22,169,6,197,165,8,173,370
11/22/2022,LNS,PA,AEA,EN,Federal Contract Tower,0,19,40,1,60,0,1,157,2,160,0,20,197,3,220,190,0,190,410
11/23/2022,LNS,PA,AEA,EN,Federal Contract Tower,0,17,30,0,47,0,0,198,0,198,0,17,228,0,245,124,0,124,369
11/24/2022,LNS,PA,AEA,EN,Federal Contract Tower,0,0,5,0,5,0,0,66,0,66,0,0,71,0,71,50,0,50,121
11/25/2022,LNS,PA,AEA,EN,Federal Contract Tower,0,15,20,0,35,0,0,30,0,30,0,15,50,0,65,58,0,58,123
11/26/2022,LNS,PA,AEA,EN,Federal Contract Tower,0,5,39,0,44,0,0,154,0,154,0,5,193,0,198,178,0,178,376
11/27/2022,LNS,PA,AEA,EN,Federal Contract Tower,0,16,18,0,34,0,0,5,0,5,0,16,23,0,39,58,0,58,97
11/28/2022,LNS,PA,AEA,EN,Federal Contract Tower,0,17,15,0,32,0,0,28,0,28,0,17,43,0,60,92,0,92,152
11/29/2022,LNS,PA,AEA,EN,Federal Contract Tower,0,16,25,0,41,0,2,173,4,179,0,18,198,4,220,204,0,204,424
11/30/2022,LNS,PA,AEA,EN,Federal Contract Tower,0,10,18,0,28,0,0,2,0,2,0,10,20,0,30,6,0,6,36
12/01/2022,LNS,PA,AEA,EN,Federal Contract Tower,0,10,24,0,34,0,0,99,1,100,0,10,123,1,134,92,4,96,230
12/02/2022,LNS,PA,AEA,EN,Federal Contract Tower,0,11,29,3,43,0,0,221,1,222,0,11,250,4,265,208,4,212,477
12/03/2022,LNS,PA,AEA,EN,Federal Contract Tower,0,13,5,0,18,0,0,6,2,8,0,13,11,2,26,0,0,0,26
12/04/2022,LNS,PA,AEA,EN,Federal Contract Tower,0,10,22,0,32,0,0,166,0,166,0,10,188,0,198,228,0,228,426
12/05/2022,LNS,PA,AEA,EN,Federal Contract Tower,0,11,23,1,35,0,0,144,0,144,0,11,167,1,179,154,0,154,333
12/06/2022,LNS,PA,AEA,EN,Federal Contract Tower,0,14,11,0,25,0,0,0,0,0,0,14,11,0,25,0,0,0,25
12/07/2022,LNS,PA,AEA,EN,Federal Contract Tower,0,15,14,0,29,0,0,0,0,0,0,15,14,0,29,0,0,0,29
12/08/2022,LNS,PA,AEA,EN,Federal Contract Tower,0,15,36,0,51,0,1,105,0,106,0,16,141,0,157,224,0,224,381
12/09/2022,LNS,PA,AEA,EN,Federal Contract Tower,0,21,30,0,51,0,4,157,2,163,0,25,187,2,214,206,0,206,420
12/10/2022,LNS,PA,AEA,EN,Federal Contract Tower,0,13,38,0,51,0,0,197,0,197,0,13,235,0,248,182,0,182,430
12/11/2022,LNS,PA,AEA,EN,Federal Contract Tower,0,4,14,0,18,0,0,0,0,0,0,4,14,0,18,0,0,0,18
12/12/2022,LNS,PA,AEA,EN,Federal Contract Tower,0,21,21,2,44,0,0,75,0,75,0,21,96,2,119,302,0,302,421
12/13/2022,LNS,PA,AEA,EN,Federal Contract Tower,0,17,29,1,47,0,1,156,2,159,0,18,185,3,206,100,8,108,314
12/14/2022,LNS,PA,AEA,EN,Federal Contract Tower,0,14,39,2,55,0,0,138,4,142,0,14,177,6,197,240,0,240,437
12/15/2022,LNS,PA,AEA,EN,Federal Contract Tower,0,1,2,0,3,0,0,0,0,0,0,1,2,0,3,0,0,0,3
12/16/2022,LNS,PA,AEA,EN,Federal Contract Tower,0,10,34,0,44,0,1,28,0,29,0,11,62,0,73,90,0,90,163
12/17/2022,LNS,PA,AEA,EN,Federal Contract Tower,0,6,26,0,32,0,0,98,0,98,0,6,124,0,130,164,0,164,294
12/18/2022,LNS,PA,AEA,EN,Federal Contract Tower,0,9,18,0,27,0,1,83,0,84,0,10,101,0,111,172,0,172,283
12/19/2022,LNS,PA,AEA,EN,Federal Contract Tower,0,15,35,1,51,0,1,123,0,124,0,16,158,1,175,232,0,232,407
12/20/2022,LNS,PA,AEA,EN,Federal Contract Tower,0,15,28,7,50,0,0,136,2,138,0,15,164,9,188,198,8,206,394
12/21/2022,LNS,PA,AEA,EN,Federal Contract Tower,0,13,40,1,54,0,1,209,0,210,0,14,249,1,264,198,0,198,462
12/22/2022,LNS,PA,AEA,EN,Federal Contract Tower,0,14,12,0,26,0,0,0,0,0,0,14,12,0,26,0,0,0,26
12/23/2022,LNS,PA,AEA,EN,Federal Contract Tower,0,3,3,0,6,0,0,3,0,3,0,3,6,0,9,0,0,0,9
12/24/2022,LNS,PA,AEA,EN,Federal Contract Tower,0,4,3,0,7,0,0,6,0,6,0,4,9,0,13,18,0,18,31
12/25/2022,LNS,PA,AEA,EN,Federal Contract Tower,0,4,2,0,6,0,0,1,0,1,0,4,3,0,7,0,0,0,7
12/26/2022,LNS,PA,AEA,EN,Federal Contract Tower,0,16,29,0,45,0,11,158,1,170,0,27,187,1,215,152,0,152,367
12/27/2022,LNS,PA,AEA,EN,Federal Contract Tower,0,18,27,0,45,0,0,137,0,137,0,18,164,0,182,242,2,244,426
12/28/2022,LNS,PA,AEA,EN,Federal Contract Tower,0,16,34,2,52,0,2,169,1,172,0,18,203,3,224,190,18,208,432
12/29/2022,LNS,PA,AEA,EN,Federal Contract Tower,0,19,50,0,69,0,0,217,0,217,0,19,267,0,286,176,0,176,462
12/30/2022,LNS,PA,AEA,EN,Federal Contract Tower,0,15,44,0,59,0,0,179,0,179,0,15,223,0,238,158,0,158,396
12/31/2022,LNS,PA,AEA,EN,Federal Contract Tower,0,11,12,0,23,0,0,0,0,0,0,11,12,0,23,4,0,4,27
01/01/2023,LNS,PA,AEA,EN,Federal Contract Tower,0,6,22,0,28,0,0,64,0,64,0,6,86,0,92,72,0,72,164
01/02/2023,LNS,PA,AEA,EN,Federal Contract Tower,0,14,33,0,47,0,0,152,0,152,0,14,185,0,199,208,0,208,407
01/04/2023,LNS,PA,AEA,EN,Federal Contract Tower,0,10,27,0,37,0,0,19,0,19,0,10,46,0,56,34,0,34,90
01/05/2023,LNS,PA,AEA,EN,Federal Contract Tower,0,14,53,3,70,0,0,154,2,156,0,14,207,5,226,186,4,190,416
01/06/2023,LNS,PA,AEA,EN,Federal Contract Tower,0,10,31,1,42,0,0,70,2,72,0,10,101,3,114,166,10,176,290
01/07/2023,LNS,PA,AEA,EN,Federal Contract Tower,0,8,20,0,28,0,1,112,2,115,0,9,132,2,143,136,0,136,279
01/08/2023,LNS,PA,AEA,EN,Federal Contract Tower,0,8,26,0,34,0,3,154,0,157,0,11,180,0,191,106,0,106,297
01/09/2023,LNS,PA,AEA,EN,Federal Contract Tower,0,16,25,1,42,0,1,83,3,87,0,17,108,4,129,162,2,164,293
01/10/2023,LNS,PA,AEA,EN,Federal Contract Tower,0,10,34,2,46,0,0,97,0,97,0,10,131,2,143,166,0,166,309
01/11/2023,LNS,PA,AEA,EN,Federal Contract Tower,0,8,41,1,50,0,1,135,1,137,0,9,176,2,187,170,2,172,359
01/12/2023,LNS,PA,AEA,EN,Federal Contract Tower,0,10,30,0,40,0,0,4,0,4,0,10,34,0,44,58,0,58,102
01/13/2023,LNS,PA,AEA,EN,Federal Contract Tower,0,8,30,0,38,0,0,27,0,27,0,8,57,0,65,100,0,100,165
01/14/2023,LNS,PA,AEA,EN,Federal Contract Tower,0,6,10,0,16,0,0,39,0,39,0,6,49,0,55,180,0,180,235
01/15/2023,LNS,PA,AEA,EN,Federal Contract Tower,0,7,10,0,17,0,0,90,0,90,0,7,100,0,107,94,0,94,201
01/16/2023,LNS,PA,AEA,EN,Federal Contract Tower,0,18,33,0,51,0,0,169,0,169,0,18,202,0,220,182,0,182,402
01/17/2023,LNS,PA,AEA,EN,Federal Contract Tower,0,19,36,3,58,0,1,74,3,78,0,20,110,6,136,170,16,186,322
01/18/2023,LNS,PA,AEA,EN,Federal Contract Tower,0,13,34,5,52,0,1,91,1,93,0,14,125,6,145,186,10,196,341
01/19/2023,LNS,PA,AEA,EN,Federal Contract Tower,0,8,15,0,23,0,0,0,0,0,0,8,15,0,23,0,0,0,23
01/20/2023,LNS,PA,AEA,EN,Federal Contract Tower,0,10,18,1,29,0,0,68,0,68,0,10,86,1,97,111,0,111,208
01/21/2023,LNS,PA,AEA,EN,Federal Contract Tower,0,9,37,1,47,0,0,163,0,163,0,9,200,1,210,234,2,236,446
01/22/2023,LNS,PA,AEA,EN,Federal Contract Tower,0,3,17,0,20,0,0,45,0,45,0,3,62,0,65,126,0,126,191
01/23/2023,LNS,PA,AEA,EN,Federal Contract Tower,0,11,6,0,17,0,0,16,0,16,0,11,22,0,33,56,0,56,89
01/24/2023,LNS,PA,AEA,EN,Federal Contract Tower,0,12,33,5,50,0,0,126,7,133,0,12,159,12,183,192,14,206,389
01/25/2023,LNS,PA,AEA,EN,Federal Contract Tower,0,6,4,0,10,0,0,38,0,38,0,6,42,0,48,64,0,64,112
01/26/2023,LNS,PA,AEA,EN,Federal Contract Tower,0,18,13,1,32,0,0,27,3,30,0,18,40,4,62,47,4,51,113
01/27/2023,LNS,PA,AEA,EN,Federal Contract Tower,0,14,32,2,48,0,0,161,0,161,0,14,193,2,209,224,0,224,433
01/28/2023,LNS,PA,AEA,EN,Federal Contract Tower,0,9,36,0,45,0,1,163,0,164,0,10,199,0,209,130,0,130,339
01/29/2023,LNS,PA,AEA,EN,Federal Contract Tower,0,9,26,0,35,0,0,79,0,79,0,9,105,0,114,142,0,142,256
01/30/2023,LNS,PA,AEA,EN,Federal Contract Tower,0,8,26,1,35,0,3,140,0,143,0,11,166,1,178,278,2,280,458
02/01/2023,LNS,PA,AEA,EN,Federal Contract Tower,0,21,28,10,59,0,2,169,3,174,0,23,197,13,233,238,42,280,513
02/02/2023,LNS,PA,AEA,EN,Federal Contract Tower,0,15,37,1,53,0,0,123,3,126,0,15,160,4,179,212,6,218,397
02/03/2023,LNS,PA,AEA,EN,Federal Contract Tower,0,8,29,0,37,0,0,17,0,17,0,8,46,0,54,12,0,12,66
02/04/2023,LNS,PA,AEA,EN,Federal Contract Tower,0,7,26,0,33,0,1,140,0,141,0,8,166,0,174,174,0,174,348
02/05/2023,LNS,PA,AEA,EN,Federal Contract Tower,0,8,33,0,41,0,0,119,0,119,0,8,152,0,160,120,4,124,284
02/06/2023,LNS,PA,AEA,EN,Federal Contract Tower,0,15,18,0,33,0,2,96,2,100,0,17,114,2,133,186,10,196,329
02/07/2023,LNS,PA,AEA,EN,Federal Contract Tower,0,12,26,5,43,0,0,142,11,153,0,12,168,16,196,166,14,180,376
02/08/2023,LNS,PA,AEA,EN,Federal Contract Tower,0,15,21,2,38,0,0,207,0,207,0,15,228,2,245,178,6,184,429
02/09/2023,LNS,PA,AEA,EN,Federal Contract Tower,0,14,21,1,36,0,0,65,0,65,0,14,86,1,101,110,4,114,215
02/10/2023,LNS,PA,AEA,EN,Federal Contract Tower,0,12,30,2,44,0,1,71,2,74,0,13,101,4,118,84,26,110,228
02/11/2023,LNS,PA,AEA,EN,Federal Contract Tower,0,8,48,0,56,0,0,197,1,198,0,8,245,1,254,200,4,204,458
02/12/2023,LNS,PA,AEA,EN,Federal Contract Tower,0,12,22,2,36,0,1,116,0,117,0,13,138,2,153,206,2,208,361
02/13/2023,LNS,PA,AEA,EN,Federal Contract Tower,0,11,28,1,40,0,0,125,3,128,0,11,153,4,168,206,0,206,374
02/14/2023,LNS,PA,AEA,EN,Federal Contract Tower,0,14,24,1,39,0,2,140,2,144,0,16,164,3,183,176,4,180,363
02/15/2023,LNS,PA,AEA,EN,Federal Contract Tower,0,15,26,2,43,0,2,101,2,105,0,17,127,4,148,102,0,102,250
02/16/2023,LNS,PA,AEA,EN,Federal Contract Tower,0,13,36,2,51,0,0,45,0,45,0,13,81,2,96,74,4,78,174
02/17/2023,LNS,PA,AEA,EN,Federal Contract Tower,0,10,17,0,27,0,0,3,0,3,0,10,20,0,30,34,0,34,64
02/18/2023,LNS,PA,AEA,EN,Federal Contract Tower,0,11,42,0,53,0,0,178,0,178,0,11,220,0,231,178,0,178,409
02/19/2023,LNS,PA,AEA,EN,Federal Contract Tower,0,13,26,0,39,0,0,113,0,113,0,13,139,0,152,160,0,160,312
02/20/2023,LNS,PA,AEA,EN,Federal Contract Tower,0,17,42,0,59,0,0,123,0,123,0,17,165,0,182,165,0,165,347
02/21/2023,LNS,PA,AEA,EN,Federal Contract Tower,0,12,20,4,36,0,1,17,2,20,0,13,37,6,56,80,4,84,140
02/22/2023,LNS,PA,AEA,EN,Federal Contract Tower,0,15,20,2,37,0,0,59,0,59,0,15,79,2,96,158,4,162,258
02/23/2023,LNS,PA,AEA,EN,Federal Contract Tower,0,11,34,0,45,0,0,139,6,145,0,11,173,6,190,148,8,156,346
02/24/2023,LNS,PA,AEA,EN,Federal Contract Tower,0,14,14,2,30,0,0,41,5,46,0,14,55,7,76,20,6,26,102
02/25/2023,LNS,PA,AEA,EN,Federal Contract Tower,0,5,17,0,22,0,1,64,0,65,0,6,81,0,87,166,0,166,253
02/26/2023,LNS,PA,AEA,EN,Federal Contract Tower,0,12,29,0,41,0,0,72,0,72,0,12,101,0,113,152,0,152,265
02/27/2023,LNS,PA,AEA,EN,Federal Contract Tower,0,5,22,5,32,0,0,99,0,99,0,5,121,5,131,194,8,202,333
02/28/2023,LNS,PA,AEA,EN,Federal Contract Tower,0,11,18,1,30,0,0,34,2,36,0,11,52,3,66,100,2,102,168
03/01/2023,LNS,PA,AEA,EN,Federal Contract Tower,0,15,47,4,66,0,1,149,0,150,0,16,196,4,216,134,10,144,360
03/02/2023,LNS,PA,AEA,EN,Federal Contract Tower,0,19,37,0,56,0,0,79,0,79,0,19,116,0,135,114,4,118,253
03/03/2023,LNS,PA,AEA,EN,Federal Contract Tower,0,12,27,0,39,0,0,61,2,63,0,12,88,2,102,100,0,100,202
03/04/2023,LNS,PA,AEA,EN,Federal Contract Tower,0,7,8,0,15,0,0,18,0,18,0,7,26,0,33,34,0,34,67
03/05/2023,LNS,PA,AEA,EN,Federal Contract Tower,0,12,43,0,55,0,0,142,0,142,0,12,185,0,197,132,0,132,329
03/06/2023,LNS,PA,AEA,EN,Federal Contract Tower,0,16,32,5,53,0,2,210,2,214,0,18,242,7,267,220,4,224,491
03/07/2023,LNS,PA,AEA,EN,Federal Contract Tower,0,10,16,2,28,0,1,27,0,28,0,11,43,2,56,52,2,54,110
03/08/2023,LNS,PA,AEA,EN,Federal Contract Tower,0,19,22,5,46,0,1,78,4,83,0,20,100,9,129,70,6,76,205
03/09/2023,LNS,PA,AEA,EN,Federal Contract Tower,0,18,52,5,75,0,0,176,2,178,0,18,228,7,253,260,10,270,523
03/10/2023,LNS,PA,AEA,EN,Federal Contract Tower,0,14,8,0,22,0,1,21,0,22,0,15,29,0,44,106,0,106,150
03/11/2023,LNS,PA,AEA,EN,Federal Contract Tower,0,10,10,0,20,0,0,36,0,36,0,10,46,0,56,102,0,102,158
03/12/2023,LNS,PA,AEA,EN,Federal Contract Tower,0,7,37,0,44,0,2,127,0,129,0,9,164,0,173,182,0,182,355
03/13/2023,LNS,PA,AEA,EN,Federal Contract Tower,0,7,9,0,16,0,0,5,0,5,0,7,14,0,21,80,0,80,101
03/14/2023,LNS,PA,AEA,EN,Federal Contract Tower,0,7,2,0,9,0,0,8,0,8,0,7,10,0,17,0,0,0,17
03/15/2023,LNS,PA,AEA,EN,Federal Contract Tower,0,15,8,0,23,0,0,32,2,34,0,15,40,2,57,46,0,46,103
03/16/2023,LNS,PA,AEA,EN,Federal Contract Tower,0,18,49,6,73,0,2,243,4,249,0,20,292,10,322,200,12,212,534
03/17/2023,LNS,PA,AEA,EN,Federal Contract Tower,0,8,29,1,38,0,0,124,0,124,0,8,153,1,162,181,2,183,345
03/18/2023,LNS,PA,AEA,EN,Federal Contract Tower,0,7,23,0,30,0,0,88,0,88,0,7,111,0,118,122,0,122,240
03/19/2023,LNS,PA,AEA,EN,Federal Contract Tower,0,9,20,0,29,0,1,49,0,50,0,10,69,0,79,68,0,68,147
03/20/2023,LNS,PA,AEA,EN,Federal Contract Tower,0,14,47,0,61,0,0,196,0,196,0,14,243,0,257,256,0,256,513
03/21/2023,LNS,PA,AEA,EN,Federal Contract Tower,0,14,50,3,67,0,7,167,0,174,0,21,217,3,241,162,4,166,407
03/22/2023,LNS,PA,AEA,EN,Federal Contract Tower,0,13,39,6,58,0,8,158,13,179,0,21,197,19,237,206,0,206,443
03/23/2023,LNS,PA,AEA,EN,Federal Contract Tower,0,8,36,2,46,0,0,34,2,36,0,8,70,4,82,122,6,128,210
03/24/2023,LNS,PA,AEA,EN,Federal Contract Tower,0,11,35,1,47,0,2,79,0,81,0,13,114,1,128,126,2,128,256
03/26/2023,LNS,PA,AEA,EN,Federal Contract Tower,0,9,36,0,45,0,3,128,0,131,0,12,164,0,176,124,0,124,300
03/27/2023,LNS,PA,AEA,EN,Federal Contract Tower,0,9,37,2,48,0,0,90,0,90,0,9,127,2,138,132,4,136,274
03/28/2023,LNS,PA,AEA,EN,Federal Contract Tower,0,12,23,1,36,0,3,81,0,84,0,15,104,1,120,168,4,172,292
03/29/2023,LNS,PA,AEA,EN,Federal Contract Tower,0,16,49,1,66,0,0,173,0,173,0,16,222,1,239,124,0,124,363
03/30/2023,LNS,PA,AEA,EN,Federal Contract Tower,0,21,46,2,69,0,2,162,2,166,0,23,208,4,235,144,20,164,399
03/31/2023,LNS,PA,AEA,EN,Federal Contract Tower,0,18,59,0,77,0,0,59,2,61,0,18,118,2,138,152,0,152,290
04/01/2023,LNS,PA,AEA,EN,Federal Contract Tower,0,4,7,0,11,0,0,4,0,4,0,4,11,0,15,6,0,6,21
04/02/2023,LNS,PA,AEA,EN,Federal Contract Tower,0,12,15,0,27,0,1,120,0,121,0,13,135,0,148,168,0,168,316
04/03/2023,LNS,PA,AEA,EN,Federal Contract Tower,0,18,29,0,47,0,6,124,2,132,0,24,153,2,179,96,0,96,275
04/04/2023,LNS,PA,AEA,EN,Federal Contract Tower,0,13,24,6,43,0,0,173,1,174,0,13,197,7,217,118,10,128,345
04/05/2023,LNS,PA,AEA,EN,Federal Contract Tower,0,11,46,0,57,0,0,32,0,32,0,11,78,0,89,118,0,118,207
04/06/2023,LNS,PA,AEA,EN,Federal Contract Tower,12,41,2,0,55,0,0,64,2,66,12,41,66,2,121,186,4,190,311
04/07/2023,LNS,PA,AEA,EN,Federal Contract Tower,0,17,33,2,52,0,2,165,0,167,0,19,198,2,219,144,4,148,367
04/08/2023,LNS,PA,AEA,EN,Federal Contract Tower,0,10,20,0,30,0,229,0,0,229,0,239,20,0,259,160,0,160,419
04/09/2023,LNS,PA,AEA,EN,Federal Contract Tower,0,6,6,0,12,0,2,112,0,114,0,8,118,0,126,52,0,52,178
04/10/2023,LNS,PA,AEA,EN,Federal Contract Tower,0,10,41,1,52,0,2,174,0,176,0,12,215,1,228,222,2,224,452
04/11/2023,LNS,PA,AEA,EN,Federal Contract Tower,0,18,23,3,44,0,2,139,1,142,0,20,162,4,186,128,8,136,322
04/12/2023,LNS,PA,AEA,EN,Federal Contract Tower,0,11,24,2,37,0,1,82,0,83,0,12,106,2,120,156,6,162,282
04/13/2023,LNS,PA,AEA,EN,Federal Contract Tower,0,11,44,0,55,0,0,169,0,169,0,11,213,0,224,216,0,216,440
04/14/2023,LNS,PA,AEA,EN,Federal Contract Tower,0,16,59,0,75,0,0,158,2,160,0,16,217,2,235,126,8,134,369
04/15/2023,LNS,PA,AEA,EN,Federal Contract Tower,0,5,13,0,18,0,0,8,0,8,0,5,21,0,26,60,0,60,86
04/16/2023,LNS,PA,AEA,EN,Federal Contract Tower,0,6,41,0,47,0,2,70,0,72,0,8,111,0,119,74,0,74,193
04/17/2023,LNS,PA,AEA,EN,Federal Contract Tower,0,12,25,2,39,0,3,98,0,101,0,15,123,2,140,104,2,106,246
04/18/2023,LNS,PA,AEA,EN,Federal Contract Tower,0,14,27,5,46,0,6,56,1,63,0,20,83,6,109,58,4,62,171
04/19/2023,LNS,PA,AEA,EN,Federal Contract Tower,0,16,49,3,68,0,2,135,0,137,0,18,184,3,205,172,2,174,379
04/20/2023,LNS,PA,AEA,EN,Federal Contract Tower,0,18,62,1,81,0,0,162,0,162,0,18,224,1,243,209,2,211,454
04/21/2023,LNS,PA,AEA,EN,Federal Contract Tower,0,18,49,2,69,0,8,194,0,202,0,26,243,2,271,136,0,136,407
04/22/2023,LNS,PA,AEA,EN,Federal Contract Tower,0,15,20,0,35,0,1,41,0,42,0,16,61,0,77,48,0,48,125
04/23/2023,LNS,PA,AEA,EN,Federal Contract Tower,0,11,30,0,41,0,2,113,0,115,0,13,143,0,156,126,0,126,282
04/24/2023,LNS,PA,AEA,EN,Federal Contract Tower,0,15,34,5,54,0,1,182,0,183,0,16,216,5,237,216,2,218,455
04/25/2023,LNS,PA,AEA,EN,Federal Contract Tower,0,13,28,2,43,0,3,153,0,156,0,16,181,2,199,186,6,192,391
04/26/2023,LNS,PA,AEA,EN,Federal Contract Tower,0,14,29,1,44,0,1,68,0,69,0,15,97,1,113,110,0,110,223
04/27/2023,LNS,PA,AEA,EN,Federal Contract Tower,0,23,53,2,78,0,0,94,2,96,0,23,147,4,174,256,0,256,430
04/28/2023,LNS,PA,AEA,EN,Federal Contract Tower,0,16,25,0,41,0,0,4,0,4,0,16,29,0,45,4,0,4,49
04/29/2023,LNS,PA,AEA,EN,Federal Contract Tower,0,13,28,0,41,0,0,8,0,8,0,13,36,0,49,36,0,36,85
04/30/2023,LNS,PA,AEA,EN,Federal Contract Tower,0,15,15,0,30,0,0,0,0,0,0,15,15,0,30,0,0,0,30
05/01/2023,LNS,PA,AEA,EN,Federal Contract Tower,0,10,17,0,27,0,0,44,0,44,0,10,61,0,71,48,0,48,119
05/02/2023,LNS,PA,AEA,EN,Federal Contract Tower,0,12,9,2,23,0,2,54,0,56,0,14,63,2,79,46,0,46,125
05/03/2023,LNS,PA,AEA,EN,Federal Contract Tower,0,14,26,0,40,0,1,102,0,103,0,15,128,0,143,216,0,216,359
05/04/2023,LNS,PA,AEA,EN,Federal Contract Tower,0,14,36,0,50,0,0,116,0,116,0,14,152,0,166,210,0,210,376
05/05/2023,LNS,PA,AEA,EN,Federal Contract Tower,0,20,45,0,65,0,0,208,0,208,0,20,253,0,273,152,0,152,425
05/06/2023,LNS,PA,AEA,EN,Federal Contract Tower,0,17,28,0,45,0,0,189,0,189,0,17,217,0,234,142,0,142,376
05/07/2023,LNS,PA,AEA,EN,Federal Contract Tower,0,14,17,0,31,0,1,109,0,110,0,15,126,0,141,94,0,94,235
05/08/2023,LNS,PA,AEA,EN,Federal Contract Tower,0,14,30,3,47,0,5,177,2,184,0,19,207,5,231,146,6,152,383
05/09/2023,LNS,PA,AEA,EN,Federal Contract Tower,0,13,20,0,33,0,7,109,2,118,0,20,129,2,151,110,0,110,261
05/10/2023,LNS,PA,AEA,EN,Federal Contract Tower,0,23,38,2,63,0,1,194,0,195,0,24,232,2,258,166,6,172,430
05/11/2023,LNS,PA,AEA,EN,Federal Contract Tower,0,15,40,6,61,0,0,180,1,181,0,15,220,7,242,189,2,191,433
05/12/2023,LNS,PA,AEA,EN,Federal Contract Tower,0,18,34,3,55,0,0,178,3,181,0,18,212,6,236,196,4,200,436
05/13/2023,LNS,PA,AEA,EN,Federal Contract Tower,0,8,23,0,31,0,2,60,0,62,0,10,83,0,93,70,0,70,163
05/14/2023,LNS,PA,AEA,EN,Federal Contract Tower,0,10,21,0,31,0,0,95,0,95,0,10,116,0,126,80,0,80,206
05/15/2023,LNS,PA,AEA,EN,Federal Contract Tower,0,20,30,0,50,0,1,142,0,143,0,21,172,0,193,208,0,208,401
05/16/2023,LNS,PA,AEA,EN,Federal Contract Tower,0,15,25,7,47,0,4,130,0,134,0,19,155,7,181,176,6,182,363
05/17/2023,LNS,PA,AEA,EN,Federal Contract Tower,0,16,24,1,41,0,1,127,1,129,0,17,151,2,170,42,4,46,216
05/18/2023,LNS,PA,AEA,EN,Federal Contract Tower,0,20,28,1,49,0,5,159,1,165,0,25,187,2,214,212,2,214,428
05/19/2023,LNS,PA,AEA,EN,Federal Contract Tower,0,14,27,1,42,0,4,101,0,105,0,18,128,1,147,170,0,170,317
05/20/2023,LNS,PA,AEA,EN,Federal Contract Tower,0,3,14,0,17,0,0,7,0,7,0,3,21,0,24,16,0,16,40
05/21/2023,LNS,PA,AEA,EN,Federal Contract Tower,0,12,24,0,36,0,4,149,0,153,0,16,173,0,189,100,0,100,289
05/22/2023,LNS,PA,AEA,EN,Federal Contract Tower,0,20,24,1,45,0,6,171,0,177,0,26,195,1,222,222,2,224,446
05/23/2023,LNS,PA,AEA,EN,Federal Contract Tower,0,18,30,0,48,0,5,126,0,131,0,23,156,0,179,142,0,142,321
05/24/2023,LNS,PA,AEA,EN,Federal Contract Tower,0,15,37,1,53,0,6,177,0,183,0,21,214,1,236,160,0,160,396
05/25/2023,LNS,PA,AEA,EN,Federal Contract Tower,0,17,53,0,70,0,0,127,0,127,0,17,180,0,197,152,0,152,349
05/26/2023,LNS,PA,AEA,EN,Federal Contract Tower,0,11,44,0,55,0,2,177,2,181,0,13,221,2,236,208,10,218,454
05/27/2023,LNS,PA,AEA,EN,Federal Contract Tower,0,9,33,0,42,0,7,140,0,147,0,16,173,0,189,252,0,252,441
05/28/2023,LNS,PA,AEA,EN,Federal Contract Tower,0,10,16,0,26,0,8,109,0,117,0,18,125,0,143,78,0,78,221
05/29/2023,LNS,PA,AEA,EN,Federal Contract Tower,0,13,22,0,35,0,4,105,0,109,0,17,127,0,144,120,0,120,264
05/30/2023,LNS,PA,AEA,EN,Federal Contract Tower,0,14,30,5,49,0,3,152,6,161,0,17,182,11,210,153,34,187,397
05/31/2023,LNS,PA,AEA,EN,Federal Contract Tower,0,17,24,1,42,0,1,193,5,199,0,18,217,6,241,164,0,164,405
06/01/2023,LNS,PA,AEA,EN,Federal Contract Tower,0,15,41,0,56,0,4,212,0,216,0,19,253,0,272,238,0,238,510
06/02/2023,LNS,PA,AEA,EN,Federal Contract Tower,0,14,55,2,71,0,0,145,1,146,0,14,200,3,217,122,0,122,339
06/03/2023,LNS,PA,AEA,EN,Federal Contract Tower,0,14,26,2,42,0,1,73,0,74,0,15,99,2,116,148,4,152,268
06/04/2023,LNS,PA,AEA,EN,Federal Contract Tower,0,19,36,2,57,0,5,90,1,96,0,24,126,3,153,158,2,160,313
06/05/2023,LNS,PA,AEA,EN,Federal Contract Tower,0,12,30,0,42,0,0,136,2,138,0,12,166,2,180,138,12,150,330
06/06/2023,LNS,PA,AEA,EN,Federal Contract Tower,0,22,23,0,45,0,0,131,0,131,0,22,154,0,176,156,2,158,334
06/07/2023,LNS,PA,AEA,EN,Federal Contract Tower,0,12,63,4,79,0,0,34,0,34,0,12,97,4,113,68,0,68,181
06/08/2023,LNS,PA,AEA,EN,Federal Contract Tower,0,12,29,0,41,0,0,37,0,37,0,12,66,0,78,60,0,60,138
06/09/2023,LNS,PA,AEA,EN,Federal Contract Tower,0,15,43,0,58,0,1,115,4,120,0,16,158,4,178,132,0,132,310
06/10/2023,LNS,PA,AEA,EN,Federal Contract Tower,0,15,24,0,39,0,2,121,0,123,0,17,145,0,162,102,0,102,264
06/11/2023,LNS,PA,AEA,EN,Federal Contract Tower,0,9,26,0,35,0,2,111,0,113,0,11,137,0,148,122,0,122,270
06/12/2023,LNS,PA,AEA,EN,Federal Contract Tower,0,12,26,2,40,0,0,18,0,18,0,12,44,2,58,60,4,64,122
06/13/2023,LNS,PA,AEA,EN,Federal Contract Tower,0,17,32,1,50,0,0,177,0,177,0,17,209,1,227,180,2,182,409
06/14/2023,LNS,PA,AEA,EN,Federal Contract Tower,0,22,17,0,39,0,0,59,0,59,0,22,76,0,98,76,0,76,174
06/15/2023,LNS,PA,AEA,EN,Federal Contract Tower,0,17,45,2,64,0,6,191,0,197,0,23,236,2,261,213,0,213,474
06/16/2023,LNS,PA,AEA,EN,Federal Contract Tower,0,29,17,0,46,0,0,58,0,58,0,29,75,0,104,148,0,148,252
06/17/2023,LNS,PA,AEA,EN,Federal Contract Tower,0,13,36,0,49,0,2,108,0,110,0,15,144,0,159,178,0,178,337
06/18/2023,LNS,PA,AEA,EN,Federal Contract Tower,0,10,23,0,33,0,0,153,0,153,0,10,176,0,186,106,0,106,292
06/19/2023,LNS,PA,AEA,EN,Federal Contract Tower,0,15,47,0,62,0,0,159,0,159,0,15,206,0,221,174,0,174,395
06/20/2023,LNS,PA,AEA,EN,Federal Contract Tower,0,22,58,4,84,0,2,107,8,117,0,24,165,12,201,148,16,164,365
06/21/2023,LNS,PA,AEA,EN,Federal Contract Tower,0,21,29,5,55,0,0,89,5,94,0,21,118,10,149,116,28,144,293
06/22/2023,LNS,PA,AEA,EN,Federal Contract Tower,0,26,44,3,73,0,0,11,0,11,0,26,55,3,84,120,8,128,212
06/23/2023,LNS,PA,AEA,EN,Federal Contract Tower,0,12,65,0,77,0,0,0,0,0,0,12,65,0,77,0,0,0,77
06/24/2023,LNS,PA,AEA,EN,Federal Contract Tower,0,18,30,0,48,0,0,20,0,20,0,18,50,0,68,86,0,86,154
06/25/2023,LNS,PA,AEA,EN,Federal Contract Tower,0,14,17,0,31,0,1,85,0,86,0,15,102,0,117,86,0,86,203
06/26/2023,LNS,PA,AEA,EN,Federal Contract Tower,0,20,28,0,48,0,0,52,0,52,0,20,80,0,100,122,0,122,222
06/27/2023,LNS,PA,AEA,EN,Federal Contract Tower,0,16,31,0,47,0,0,25,0,25,0,16,56,0,72,76,0,76,148
06/28/2023,LNS,PA,AEA,EN,Federal Contract Tower,0,20,75,4,99,0,0,112,2,114,0,20,187,6,213,190,2,192,405
06/29/2023,LNS,PA,AEA,EN,Federal Contract Tower,0,19,84,0,103,0,1,6,0,7,0,20,90,0,110,18,0,18,128
06/30/2023,LNS,PA,AEA,EN,Federal Contract Tower,0,11,69,1,81,0,0,38,0,38,0,11,107,1,119,166,0,166,285
07/01/2023,LNS,PA,AEA,EN,Federal Contract Tower,0,12,32,0,44,0,1,46,0,47,0,13,78,0,91,198,0,198,289
07/02/2023,LNS,PA,AEA,EN,Federal Contract Tower,0,14,22,0,36,0,0,44,0,44,0,14,66,0,80,78,0,78,158
07/03/2023,LNS,PA,AEA,EN,Federal Contract Tower,0,10,19,0,29,0,2,130,0,132,0,12,149,0,161,146,0,146,307
07/05/2023,LNS,PA,AEA,EN,Federal Contract Tower,0,12,30,4,46,0,0,233,2,235,0,12,263,6,281,222,0,222,503
07/06/2023,LNS,PA,AEA,EN,Federal Contract Tower,0,13,32,2,47,0,0,179,2,181,0,13,211,4,228,158,0,158,386
07/07/2023,LNS,PA,AEA,EN,Federal Contract Tower,0,19,36,0,55,0,0,104,0,104,0,19,140,0,159,186,0,186,345
07/08/2023,LNS,PA,AEA,EN,Federal Contract Tower,0,11,24,0,35,0,1,100,0,101,0,12,124,0,136,168,0,168,304
07/10/2023,LNS,PA,AEA,EN,Federal Contract Tower,0,20,40,2,62,0,1,126,0,127,0,21,166,2,189,174,4,178,367
07/11/2023,LNS,PA,AEA,EN,Federal Contract Tower,0,23,35,4,62,0,4,187,0,191,0,27,222,4,253,230,8,238,491
07/12/2023,LNS,PA,AEA,EN,Federal Contract Tower,0,18,51,2,71,0,0,211,1,212,0,18,262,3,283,250,8,258,541
07/13/2023,LNS,PA,AEA,EN,Federal Contract Tower,0,24,33,4,61,0,3,148,0,151,0,27,181,4,212,202,4,206,418
07/14/2023,LNS,PA,AEA,EN,Federal Contract Tower,0,14,28,0,42,0,1,113,0,114,0,15,141,0,156,192,0,192,348
07/15/2023,LNS,PA,AEA,EN,Federal Contract Tower,0,21,26,0,47,0,3,103,0,106,0,24,129,0,153,156,0,156,309
07/16/2023,LNS,PA,AEA,EN,Federal Contract Tower,0,8,36,0,44,0,0,44,0,44,0,8,80,0,88,84,0,84,172
07/17/2023,LNS,PA,AEA,EN,Federal Contract Tower,0,18,38,1,57,0,0,97,0,97,0,18,135,1,154,244,2,246,400
07/18/2023,LNS,PA,AEA,EN,Federal Contract Tower,0,14,46,0,60,0,1,107,0,108,0,15,153,0,168,230,0,230,398
07/19/2023,LNS,PA,AEA,EN,Federal Contract Tower,0,13,52,1,66,0,1,64,0,65,0,14,116,1,131,142,0,142,273
07/20/2023,LNS,PA,AEA,EN,Federal Contract Tower,0,19,52,0,71,0,5,89,4,98,0,24,141,4,169,124,0,124,293
07/21/2023,LNS,PA,AEA,EN,Federal Contract Tower,0,26,32,2,60,0,1,106,4,111,0,27,138,6,171,120,0,120,291
07/22/2023,LNS,PA,AEA,EN,Federal Contract Tower,0,12,25,0,37,0,2,174,4,180,0,14,199,4,217,117,0,117,334
07/23/2023,LNS,PA,AEA,EN,Federal Contract Tower,0,17,24,0,41,0,13,131,0,144,0,30,155,0,185,112,0,112,297
07/24/2023,LNS,PA,AEA,EN,Federal Contract Tower,0,17,21,0,38,0,2,91,0,93,0,19,112,0,131,148,0,148,279
07/25/2023,LNS,PA,AEA,EN,Federal Contract Tower,0,19,36,1,56,0,0,78,0,78,0,19,114,1,134,172,2,174,308
07/26/2023,LNS,PA,AEA,EN,Federal Contract Tower,0,19,41,2,62,0,0,159,0,159,0,19,200,2,221,142,0,142,363
07/27/2023,LNS,PA,AEA,EN,Federal Contract Tower,0,17,16,0,33,0,0,62,0,62,0,17,78,0,95,102,0,102,197
07/28/2023,LNS,PA,AEA,EN,Federal Contract Tower,0,21,34,1,56,0,2,139,0,141,0,23,173,1,197,166,6,172,369
07/29/2023,LNS,PA,AEA,EN,Federal Contract Tower,0,14,21,0,35,0,10,75,0,85,0,24,96,0,120,113,0,113,233
07/30/2023,LNS,PA,AEA,EN,Federal Contract Tower,0,15,25,0,40,0,1,187,0,188,0,16,212,0,228,130,0,130,358
07/31/2023,LNS,PA,AEA,EN,Federal Contract Tower,0,23,33,2,58,0,11,197,2,210,0,34,230,4,268,220,2,222,490
08/01/2023,LNS,PA,AEA,EN,Federal Contract Tower,0,18,23,1,42,0,1,184,0,185,0,19,207,1,227,166,2,168,395
08/03/2023,LNS,PA,AEA,EN,Federal Contract Tower,0,16,34,6,56,0,0,127,2,129,0,16,161,8,185,196,20,216,401
08/04/2023,LNS,PA,AEA,EN,Federal Contract Tower,0,21,40,5,66,0,0,31,2,33,0,21,71,7,99,270,8,278,377
08/05/2023,LNS,PA,AEA,EN,Federal Contract Tower,0,18,37,0,55,0,4,115,1,120,0,22,152,1,175,155,0,155,330
08/06/2023,LNS,PA,AEA,EN,Federal Contract Tower,0,22,26,0,48,0,1,130,0,131,0,23,156,0,179,144,0,144,323
08/07/2023,LNS,PA,AEA,EN,Federal Contract Tower,0,27,41,0,68,0,0,28,0,28,0,27,69,0,96,110,0,110,206
08/08/2023,LNS,PA,AEA,EN,Federal Contract Tower,0,22,23,3,48,0,4,55,0,59,0,26,78,3,107,178,2,180,287
08/09/2023,LNS,PA,AEA,EN,Federal Contract Tower,0,21,39,1,61,0,2,140,0,142,0,23,179,1,203,204,2,206,409
08/10/2023,LNS,PA,AEA,EN,Federal Contract Tower,0,19,41,2,62,0,1,44,2,47,0,20,85,4,109,124,0,124,233
08/11/2023,LNS,PA,AEA,EN,Federal Contract Tower,0,19,40,1,60,0,0,172,2,174,0,19,212,3,234,242,2,244,478
08/12/2023,LNS,PA,AEA,EN,Federal Contract Tower,0,8,28,0,36,0,2,146,0,148,0,10,174,0,184,122,0,122,306
08/13/2023,LNS,PA,AEA,EN,Federal Contract Tower,0,13,35,0,48,0,0,131,0,131,0,13,166,0,179,112,0,112,291
08/14/2023,LNS,PA,AEA,EN,Federal Contract Tower,0,18,29,0,47,0,8,110,0,118,0,26,139,0,165,190,0,190,355
08/15/2023,LNS,PA,AEA,EN,Federal Contract Tower,0,17,36,0,53,0,0,84,0,84,0,17,120,0,137,252,4,256,393
08/16/2023,LNS,PA,AEA,EN,Federal Contract Tower,0,15,51,1,67,0,5,170,0,175,0,20,221,1,242,252,0,252,494
08/17/2023,LNS,PA,AEA,EN,Federal Contract Tower,0,17,59,0,76,0,0,126,0,126,0,17,185,0,202,206,0,206,408
08/18/2023,LNS,PA,AEA,EN,Federal Contract Tower,0,14,33,0,47,0,1,117,0,118,0,15,150,0,165,180,2,182,347
08/19/2023,LNS,PA,AEA,EN,Federal Contract Tower,0,12,28,0,40,0,1,154,0,155,0,13,182,0,195,130,0,130,325
08/21/2023,LNS,PA,AEA,EN,Federal Contract Tower,0,23,37,0,60,0,2,171,0,173,0,25,208,0,233,286,0,286,519
08/22/2023,LNS,PA,AEA,EN,Federal Contract Tower,0,15,27,0,42,0,4,123,2,129,0,19,150,2,171,208,0,208,379
08/23/2023,LNS,PA,AEA,EN,Federal Contract Tower,0,17,31,6,54,0,3,163,0,166,0,20,194,6,220,300,10,310,530
08/24/2023,LNS,PA,AEA,EN,Federal Contract Tower,0,20,46,3,69,0,6,82,4,92,0,26,128,7,161,180,10,190,351
08/25/2023,LNS,PA,AEA,EN,Federal Contract Tower,0,16,52,0,68,0,0,59,0,59,0,16,111,0,127,200,0,200,327
08/26/2023,LNS,PA,AEA,EN,Federal Contract Tower,0,13,45,0,58,0,8,156,10,174,0,21,201,10,232,168,0,168,400
08/27/2023,LNS,PA,AEA,EN,Federal Contract Tower,0,14,34,0,48,0,5,130,0,135,0,19,164,0,183,132,0,132,315
08/28/2023,LNS,PA,AEA,EN,Federal Contract Tower,0,11,50,0,61,0,2,67,0,69,0,13,117,0,130,190,0,190,320
08/29/2023,LNS,PA,AEA,EN,Federal Contract Tower,0,25,52,8,85,0,0,46,12,58,0,25,98,20,143,142,6,148,291
08/30/2023,LNS,PA,AEA,EN,Federal Contract Tower,0,17,28,0,45,0,3,154,2,159,0,20,182,2,204,164,2,166,370
08/31/2023,LNS,PA,AEA,EN,Federal Contract Tower,0,24,27,0,51,0,7,171,0,178,0,31,198,0,229,170,4,174,403
