01/01/2020,LOU,KY,ASO,CE,Towers with Radar,0,1,11,0,12,0,8,147,0,155,0,9,158,0,167,52,0,52,219
01/02/2020,LOU,KY,ASO,CE,Towers with Radar,0,0,5,0,5,0,0,19,0,19,0,0,24,0,24,88,0,88,112
01/03/2020,LOU,KY,ASO,CE,Towers with Radar,0,1,8,0,9,0,0,0,0,0,0,1,8,0,9,0,0,0,9
01/04/2020,LOU,KY,ASO,CE,Towers with Radar,0,2,4,0,6,0,0,31,0,31,0,2,35,0,37,22,0,22,59
01/05/2020,LOU,KY,ASO,CE,Towers with Radar,0,0,23,0,23,0,1,112,0,113,0,1,135,0,136,48,0,48,184
01/06/2020,LOU,KY,ASO,CE,Towers with Radar,0,0,20,0,20,0,0,174,0,174,0,0,194,0,194,136,0,136,330
01/07/2020,LOU,KY,ASO,CE,Towers with Radar,0,0,13,0,13,0,3,100,1,104,0,3,113,1,117,116,0,116,233
01/08/2020,LOU,KY,ASO,CE,Towers with Radar,0,0,24,0,24,0,3,160,1,164,0,3,184,1,188,194,0,194,382
01/09/2020,LOU,KY,ASO,CE,Towers with Radar,0,0,5,0,5,0,2,67,0,69,0,2,72,0,74,124,0,124,198
01/10/2020,LOU,KY,ASO,CE,Towers with Radar,0,0,16,0,16,0,0,15,0,15,0,0,31,0,31,2,0,2,33
01/11/2020,LOU,KY,ASO,CE,Towers with Radar,0,0,4,0,4,0,0,0,0,0,0,0,4,0,4,0,0,0,4
01/12/2020,LOU,KY,ASO,CE,Towers with Radar,0,0,13,0,13,0,2,100,0,102,0,2,113,0,115,234,0,234,349
01/13/2020,LOU,KY,ASO,CE,Towers with Radar,0,0,19,0,19,0,0,141,0,141,0,0,160,0,160,200,0,200,360
01/14/2020,LOU,KY,ASO,CE,Towers with Radar,0,0,23,0,23,0,0,134,0,134,0,0,157,0,157,282,0,282,439
01/15/2020,LOU,KY,ASO,CE,Towers with Radar,0,0,14,0,14,0,1,4,0,5,0,1,18,0,19,4,0,4,23
01/16/2020,LOU,KY,ASO,CE,Towers with Radar,0,0,21,0,21,0,1,155,0,156,0,1,176,0,177,110,0,110,287
01/17/2020,LOU,KY,ASO,CE,Towers with Radar,0,0,24,0,24,0,0,147,0,147,0,0,171,0,171,94,0,94,265
01/18/2020,LOU,KY,ASO,CE,Towers with Radar,0,1,4,0,5,0,0,1,0,1,0,1,5,0,6,0,0,0,6
01/19/2020,LOU,KY,ASO,CE,Towers with Radar,0,0,5,0,5,0,0,82,0,82,0,0,87,0,87,130,0,130,217
01/20/2020,LOU,KY,ASO,CE,Towers with Radar,0,1,18,0,19,0,3,38,0,41,0,4,56,0,60,186,0,186,246
01/21/2020,LOU,KY,ASO,CE,Towers with Radar,0,0,26,0,26,0,5,135,0,140,0,5,161,0,166,158,0,158,324
01/22/2020,LOU,KY,ASO,CE,Towers with Radar,0,0,21,0,21,0,2,123,0,125,0,2,144,0,146,110,0,110,256
01/23/2020,LOU,KY,ASO,CE,Towers with Radar,0,2,23,0,25,0,0,86,0,86,0,2,109,0,111,116,0,116,227
01/24/2020,LOU,KY,ASO,CE,Towers with Radar,0,0,6,0,6,0,0,6,0,6,0,0,12,0,12,32,0,32,44
01/25/2020,LOU,KY,ASO,CE,Towers with Radar,0,1,2,0,3,0,0,12,0,12,0,1,14,0,15,78,0,78,93
01/26/2020,LOU,KY,ASO,CE,Towers with Radar,0,1,4,0,5,0,0,100,0,100,0,1,104,0,105,164,0,164,269
01/27/2020,LOU,KY,ASO,CE,Towers with Radar,0,1,24,0,25,0,0,89,0,89,0,1,113,0,114,230,0,230,344
01/28/2020,LOU,KY,ASO,CE,Towers with Radar,0,3,10,0,13,0,0,44,0,44,0,3,54,0,57,248,0,248,305
01/29/2020,LOU,KY,ASO,CE,Towers with Radar,0,0,18,0,18,0,3,75,0,78,0,3,93,0,96,212,0,212,308
01/30/2020,LOU,KY,ASO,CE,Towers with Radar,0,4,26,0,30,0,0,129,0,129,0,4,155,0,159,168,0,168,327
01/31/2020,LOU,KY,ASO,CE,Towers with Radar,0,0,8,0,8,0,0,0,0,0,0,0,8,0,8,0,0,0,8
02/01/2020,LOU,KY,ASO,CE,Towers with Radar,0,0,9,0,9,0,0,47,0,47,0,0,56,0,56,60,0,60,116
02/02/2020,LOU,KY,ASO,CE,Towers with Radar,0,0,13,0,13,0,2,89,0,91,0,2,102,0,104,58,0,58,162
02/03/2020,LOU,KY,ASO,CE,Towers with Radar,0,0,16,0,16,0,1,88,1,90,0,1,104,1,106,62,0,62,168
02/04/2020,LOU,KY,ASO,CE,Towers with Radar,0,0,20,0,20,0,0,1,0,1,0,0,21,0,21,0,0,0,21
02/05/2020,LOU,KY,ASO,CE,Towers with Radar,0,0,14,0,14,0,0,2,0,2,0,0,16,0,16,0,0,0,16
02/06/2020,LOU,KY,ASO,CE,Towers with Radar,0,1,3,0,4,0,0,2,0,2,0,1,5,0,6,0,0,0,6
02/07/2020,LOU,KY,ASO,CE,Towers with Radar,0,1,10,0,11,0,0,54,0,54,0,1,64,0,65,90,0,90,155
02/08/2020,LOU,KY,ASO,CE,Towers with Radar,0,0,9,0,9,0,3,90,0,93,0,3,99,0,102,154,0,154,256
02/09/2020,LOU,KY,ASO,CE,Towers with Radar,0,0,17,0,17,0,0,81,0,81,0,0,98,0,98,62,0,62,160
02/10/2020,LOU,KY,ASO,CE,Towers with Radar,0,0,7,0,7,0,0,0,0,0,0,0,7,0,7,0,0,0,7
02/11/2020,LOU,KY,ASO,CE,Towers with Radar,0,0,24,0,24,0,0,94,0,94,0,0,118,0,118,159,0,159,277
02/12/2020,LOU,KY,ASO,CE,Towers with Radar,0,0,10,0,10,0,0,30,0,30,0,0,40,0,40,74,0,74,114
02/13/2020,LOU,KY,ASO,CE,Towers with Radar,0,1,11,0,12,0,0,25,0,25,0,1,36,0,37,42,0,42,79
02/14/2020,LOU,KY,ASO,CE,Towers with Radar,0,1,25,0,26,0,0,158,3,161,0,1,183,3,187,142,0,142,329
02/15/2020,LOU,KY,ASO,CE,Towers with Radar,0,0,18,0,18,0,3,181,0,184,0,3,199,0,202,120,0,120,322
02/16/2020,LOU,KY,ASO,CE,Towers with Radar,0,2,21,0,23,0,0,168,0,168,0,2,189,0,191,220,0,220,411
02/17/2020,LOU,KY,ASO,CE,Towers with Radar,0,0,27,0,27,0,0,167,0,167,0,0,194,0,194,164,0,164,358
02/18/2020,LOU,KY,ASO,CE,Towers with Radar,0,1,23,0,24,0,1,8,0,9,0,2,31,0,33,20,0,20,53
02/19/2020,LOU,KY,ASO,CE,Towers with Radar,0,0,30,0,30,0,4,145,0,149,0,4,175,0,179,128,0,128,307
02/20/2020,LOU,KY,ASO,CE,Towers with Radar,0,2,25,0,27,0,0,118,0,118,0,2,143,0,145,124,0,124,269
02/21/2020,LOU,KY,ASO,CE,Towers with Radar,0,0,20,0,20,0,1,173,0,174,0,1,193,0,194,276,0,276,470
02/22/2020,LOU,KY,ASO,CE,Towers with Radar,0,0,29,0,29,0,8,214,0,222,0,8,243,0,251,112,0,112,363
02/23/2020,LOU,KY,ASO,CE,Towers with Radar,0,4,18,0,22,0,4,135,0,139,0,8,153,0,161,120,0,120,281
02/24/2020,LOU,KY,ASO,CE,Towers with Radar,0,1,5,0,6,0,0,7,0,7,0,1,12,0,13,30,0,30,43
02/25/2020,LOU,KY,ASO,CE,Towers with Radar,0,4,6,0,10,0,0,7,0,7,0,4,13,0,17,0,0,0,17
02/26/2020,LOU,KY,ASO,CE,Towers with Radar,0,0,12,0,12,0,0,20,0,20,0,0,32,0,32,36,0,36,68
02/27/2020,LOU,KY,ASO,CE,Towers with Radar,0,3,21,0,24,0,0,100,0,100,0,3,121,0,124,172,0,172,296
02/28/2020,LOU,KY,ASO,CE,Towers with Radar,0,0,17,0,17,0,0,123,0,123,0,0,140,0,140,168,0,168,308
02/29/2020,LOU,KY,ASO,CE,Towers with Radar,0,0,14,0,14,0,6,236,2,244,0,6,250,2,258,172,0,172,430
03/01/2020,LOU,KY,ASO,CE,Towers with Radar,0,0,17,0,17,0,1,116,0,117,0,1,133,0,134,52,0,52,186
03/02/2020,LOU,KY,ASO,CE,Towers with Radar,0,4,13,0,17,0,0,4,0,4,0,4,17,0,21,24,0,24,45
03/03/2020,LOU,KY,ASO,CE,Towers with Radar,0,2,15,0,17,0,0,27,0,27,0,2,42,0,44,18,0,18,62
03/04/2020,LOU,KY,ASO,CE,Towers with Radar,0,2,10,0,12,0,0,86,0,86,0,2,96,0,98,140,0,140,238
03/05/2020,LOU,KY,ASO,CE,Towers with Radar,0,1,23,0,24,0,0,192,0,192,0,1,215,0,216,250,0,250,466
03/06/2020,LOU,KY,ASO,CE,Towers with Radar,0,0,7,0,7,0,0,10,1,11,0,0,17,1,18,20,0,20,38
03/07/2020,LOU,KY,ASO,CE,Towers with Radar,0,0,14,0,14,0,0,198,2,200,0,0,212,2,214,252,0,252,466
03/08/2020,LOU,KY,ASO,CE,Towers with Radar,0,0,9,0,9,0,0,159,0,159,0,0,168,0,168,166,0,166,334
03/09/2020,LOU,KY,ASO,CE,Towers with Radar,0,1,8,0,9,0,0,37,0,37,0,1,45,0,46,0,0,0,46
03/10/2020,LOU,KY,ASO,CE,Towers with Radar,0,2,21,0,23,0,0,18,0,18,0,2,39,0,41,152,0,152,193
03/11/2020,LOU,KY,ASO,CE,Towers with Radar,0,1,16,0,17,0,1,106,0,107,0,2,122,0,124,296,0,296,420
03/12/2020,LOU,KY,ASO,CE,Towers with Radar,0,0,6,0,6,0,1,48,0,49,0,1,54,0,55,32,0,32,87
03/13/2020,LOU,KY,ASO,CE,Towers with Radar,0,0,15,0,15,0,0,157,0,157,0,0,172,0,172,190,0,190,362
03/14/2020,LOU,KY,ASO,CE,Towers with Radar,0,0,3,0,3,0,0,34,0,34,0,0,37,0,37,92,0,92,129
03/15/2020,LOU,KY,ASO,CE,Towers with Radar,0,3,17,0,20,0,0,60,0,60,0,3,77,0,80,104,0,104,184
03/16/2020,LOU,KY,ASO,CE,Towers with Radar,0,2,11,0,13,0,2,70,0,72,0,4,81,0,85,132,0,132,217
03/17/2020,LOU,KY,ASO,CE,Towers with Radar,0,1,17,0,18,0,0,107,0,107,0,1,124,0,125,230,0,230,355
03/18/2020,LOU,KY,ASO,CE,Towers with Radar,0,0,11,0,11,0,0,0,0,0,0,0,11,0,11,0,0,0,11
03/19/2020,LOU,KY,ASO,CE,Towers with Radar,0,0,6,0,6,0,0,3,0,3,0,0,9,0,9,0,0,0,9
03/20/2020,LOU,KY,ASO,CE,Towers with Radar,0,2,12,0,14,0,1,50,0,51,0,3,62,0,65,58,0,58,123
03/21/2020,LOU,KY,ASO,CE,Towers with Radar,0,0,2,0,2,0,0,115,0,115,0,0,117,0,117,282,0,282,399
03/22/2020,LOU,KY,ASO,CE,Towers with Radar,0,0,12,0,12,0,0,124,0,124,0,0,136,0,136,118,0,118,254
03/23/2020,LOU,KY,ASO,CE,Towers with Radar,0,0,16,0,16,0,0,75,0,75,0,0,91,0,91,100,0,100,191
03/24/2020,LOU,KY,ASO,CE,Towers with Radar,0,0,12,0,12,0,0,86,0,86,0,0,98,0,98,116,0,116,214
03/25/2020,LOU,KY,ASO,CE,Towers with Radar,0,0,5,0,5,0,0,129,0,129,0,0,134,0,134,92,0,92,226
03/26/2020,LOU,KY,ASO,CE,Towers with Radar,0,0,11,0,11,0,0,118,0,118,0,0,129,0,129,146,0,146,275
03/27/2020,LOU,KY,ASO,CE,Towers with Radar,0,0,7,0,7,0,0,91,0,91,0,0,98,0,98,70,0,70,168
03/28/2020,LOU,KY,ASO,CE,Towers with Radar,0,0,7,0,7,0,0,52,0,52,0,0,59,0,59,14,0,14,73
03/29/2020,LOU,KY,ASO,CE,Towers with Radar,0,0,3,0,3,0,0,12,0,12,0,0,15,0,15,0,0,0,15
03/30/2020,LOU,KY,ASO,CE,Towers with Radar,0,0,4,0,4,0,0,91,0,91,0,0,95,0,95,84,0,84,179
03/31/2020,LOU,KY,ASO,CE,Towers with Radar,0,1,10,0,11,0,0,51,0,51,0,1,61,0,62,98,0,98,160
04/01/2020,LOU,KY,ASO,CE,Towers with Radar,0,0,8,0,8,0,4,71,0,75,0,4,79,0,83,78,0,78,161
04/02/2020,LOU,KY,ASO,CE,Towers with Radar,0,0,5,0,5,0,3,155,0,158,0,3,160,0,163,74,0,74,237
04/03/2020,LOU,KY,ASO,CE,Towers with Radar,0,0,4,0,4,0,0,146,0,146,0,0,150,0,150,72,0,72,222
04/04/2020,LOU,KY,ASO,CE,Towers with Radar,0,0,3,0,3,0,0,161,0,161,0,0,164,0,164,74,0,74,238
04/05/2020,LOU,KY,ASO,CE,Towers with Radar,0,0,6,0,6,0,0,60,0,60,0,0,66,0,66,24,0,24,90
04/06/2020,LOU,KY,ASO,CE,Towers with Radar,0,0,17,0,17,0,0,86,1,87,0,0,103,1,104,56,0,56,160
04/07/2020,LOU,KY,ASO,CE,Towers with Radar,0,0,4,0,4,0,2,47,0,49,0,2,51,0,53,18,0,18,71
04/08/2020,LOU,KY,ASO,CE,Towers with Radar,0,0,12,0,12,0,0,83,2,85,0,0,95,2,97,14,0,14,111
04/09/2020,LOU,KY,ASO,CE,Towers with Radar,0,0,1,0,1,0,0,18,0,18,0,0,19,0,19,0,0,0,19
04/10/2020,LOU,KY,ASO,CE,Towers with Radar,0,0,14,0,14,0,0,89,0,89,0,0,103,0,103,58,0,58,161
04/11/2020,LOU,KY,ASO,CE,Towers with Radar,0,0,9,0,9,0,0,125,0,125,0,0,134,0,134,66,0,66,200
04/12/2020,LOU,KY,ASO,CE,Towers with Radar,0,0,2,0,2,0,3,13,0,16,0,3,15,0,18,8,0,8,26
04/13/2020,LOU,KY,ASO,CE,Towers with Radar,0,0,3,0,3,0,0,33,0,33,0,0,36,0,36,1,0,1,37
04/14/2020,LOU,KY,ASO,CE,Towers with Radar,0,0,7,0,7,0,0,85,0,85,0,0,92,0,92,84,0,84,176
04/15/2020,LOU,KY,ASO,CE,Towers with Radar,0,0,4,0,4,0,2,72,0,74,0,2,76,0,78,36,0,36,114
04/16/2020,LOU,KY,ASO,CE,Towers with Radar,0,1,10,0,11,0,0,176,0,176,0,1,186,0,187,66,0,66,253
04/17/2020,LOU,KY,ASO,CE,Towers with Radar,0,1,2,0,3,0,0,13,0,13,0,1,15,0,16,16,0,16,32
04/18/2020,LOU,KY,ASO,CE,Towers with Radar,0,0,22,0,22,0,0,191,0,191,0,0,213,0,213,144,0,144,357
04/19/2020,LOU,KY,ASO,CE,Towers with Radar,0,0,7,0,7,0,1,82,0,83,0,1,89,0,90,122,0,122,212
04/20/2020,LOU,KY,ASO,CE,Towers with Radar,0,0,7,0,7,0,2,143,0,145,0,2,150,0,152,68,0,68,220
04/21/2020,LOU,KY,ASO,CE,Towers with Radar,0,0,4,0,4,0,1,65,0,66,0,1,69,0,70,24,0,24,94
04/22/2020,LOU,KY,ASO,CE,Towers with Radar,0,2,20,0,22,0,1,144,0,145,0,3,164,0,167,96,0,96,263
04/23/2020,LOU,KY,ASO,CE,Towers with Radar,0,1,2,0,3,0,0,0,0,0,0,1,2,0,3,0,0,0,3
04/24/2020,LOU,KY,ASO,CE,Towers with Radar,0,0,18,0,18,0,1,110,0,111,0,1,128,0,129,124,0,124,253
04/25/2020,LOU,KY,ASO,CE,Towers with Radar,0,0,8,0,8,0,0,34,0,34,0,0,42,0,42,76,0,76,118
04/26/2020,LOU,KY,ASO,CE,Towers with Radar,0,0,7,0,7,0,0,9,0,9,0,0,16,0,16,16,0,16,32
04/27/2020,LOU,KY,ASO,CE,Towers with Radar,0,0,15,0,15,0,0,192,2,194,0,0,207,2,209,104,0,104,313
04/28/2020,LOU,KY,ASO,CE,Towers with Radar,0,0,8,0,8,0,0,89,1,90,0,0,97,1,98,46,0,46,144
04/29/2020,LOU,KY,ASO,CE,Towers with Radar,0,0,3,0,3,0,0,6,0,6,0,0,9,0,9,16,0,16,25
04/30/2020,LOU,KY,ASO,CE,Towers with Radar,0,0,16,0,16,0,0,12,0,12,0,0,28,0,28,18,0,18,46
05/01/2020,LOU,KY,ASO,CE,Towers with Radar,0,0,21,0,21,0,0,196,0,196,0,0,217,0,217,66,0,66,283
05/02/2020,LOU,KY,ASO,CE,Towers with Radar,0,0,16,0,16,0,0,146,0,146,0,0,162,0,162,56,0,56,218
05/03/2020,LOU,KY,ASO,CE,Towers with Radar,0,0,7,0,7,0,1,52,0,53,0,1,59,0,60,54,0,54,114
05/04/2020,LOU,KY,ASO,CE,Towers with Radar,0,2,11,0,13,0,0,171,0,171,0,2,182,0,184,150,0,150,334
05/05/2020,LOU,KY,ASO,CE,Towers with Radar,0,0,24,0,24,0,0,1,0,1,0,0,25,0,25,0,0,0,25
05/06/2020,LOU,KY,ASO,CE,Towers with Radar,0,0,15,0,15,0,0,111,0,111,0,0,126,0,126,90,0,90,216
05/07/2020,LOU,KY,ASO,CE,Towers with Radar,0,0,17,0,17,0,0,147,2,149,0,0,164,2,166,166,0,166,332
05/08/2020,LOU,KY,ASO,CE,Towers with Radar,0,0,10,0,10,0,0,20,0,20,0,0,30,0,30,56,0,56,86
05/09/2020,LOU,KY,ASO,CE,Towers with Radar,0,0,19,0,19,0,0,219,0,219,0,0,238,0,238,128,0,128,366
05/10/2020,LOU,KY,ASO,CE,Towers with Radar,0,0,5,0,5,0,2,12,0,14,0,2,17,0,19,0,0,0,19
05/11/2020,LOU,KY,ASO,CE,Towers with Radar,0,0,11,0,11,0,0,95,0,95,0,0,106,0,106,134,0,134,240
05/12/2020,LOU,KY,ASO,CE,Towers with Radar,0,0,14,0,14,0,0,172,0,172,0,0,186,0,186,146,0,146,332
05/13/2020,LOU,KY,ASO,CE,Towers with Radar,0,0,19,0,19,0,0,10,0,10,0,0,29,0,29,2,0,2,31
05/14/2020,LOU,KY,ASO,CE,Towers with Radar,0,0,4,0,4,0,0,84,0,84,0,0,88,0,88,144,0,144,232
05/15/2020,LOU,KY,ASO,CE,Towers with Radar,0,0,6,0,6,0,0,16,0,16,0,0,22,0,22,38,0,38,60
05/16/2020,LOU,KY,ASO,CE,Towers with Radar,0,0,6,0,6,0,11,72,0,83,0,11,78,0,89,170,0,170,259
05/17/2020,LOU,KY,ASO,CE,Towers with Radar,0,0,11,0,11,0,2,69,0,71,0,2,80,0,82,42,0,42,124
05/18/2020,LOU,KY,ASO,CE,Towers with Radar,0,0,3,0,3,0,0,3,0,3,0,0,6,0,6,2,0,2,8
05/19/2020,LOU,KY,ASO,CE,Towers with Radar,0,0,19,0,19,0,0,64,0,64,0,0,83,0,83,248,0,248,331
05/20/2020,LOU,KY,ASO,CE,Towers with Radar,0,0,22,0,22,0,0,36,0,36,0,0,58,0,58,90,0,90,148
05/21/2020,LOU,KY,ASO,CE,Towers with Radar,0,0,13,0,13,0,2,136,0,138,0,2,149,0,151,246,0,246,397
05/22/2020,LOU,KY,ASO,CE,Towers with Radar,0,0,23,0,23,0,6,197,0,203,0,6,220,0,226,206,0,206,432
05/23/2020,LOU,KY,ASO,CE,Towers with Radar,0,0,6,0,6,0,4,78,0,82,0,4,84,0,88,74,0,74,162
05/24/2020,LOU,KY,ASO,CE,Towers with Radar,0,0,2,0,2,0,4,127,0,131,0,4,129,0,133,180,0,180,313
05/25/2020,LOU,KY,ASO,CE,Towers with Radar,0,0,12,0,12,0,4,158,0,162,0,4,170,0,174,206,0,206,380
05/26/2020,LOU,KY,ASO,CE,Towers with Radar,0,0,14,0,14,0,2,109,0,111,0,2,123,0,125,98,0,98,223
05/27/2020,LOU,KY,ASO,CE,Towers with Radar,0,2,20,0,22,0,0,66,0,66,0,2,86,0,88,94,0,94,182
05/28/2020,LOU,KY,ASO,CE,Towers with Radar,0,0,9,0,9,0,0,102,3,105,0,0,111,3,114,140,0,140,254
05/29/2020,LOU,KY,ASO,CE,Towers with Radar,0,0,14,2,16,0,4,100,2,106,0,4,114,4,122,138,0,138,260
05/30/2020,LOU,KY,ASO,CE,Towers with Radar,0,0,22,0,22,0,4,205,3,212,0,4,227,3,234,196,0,196,430
05/31/2020,LOU,KY,ASO,CE,Towers with Radar,0,2,17,0,19,0,9,170,4,183,0,11,187,4,202,114,0,114,316
06/01/2020,LOU,KY,ASO,CE,Towers with Radar,0,0,21,0,21,0,0,203,4,207,0,0,224,4,228,116,0,116,344
06/02/2020,LOU,KY,ASO,CE,Towers with Radar,0,0,13,0,13,0,1,163,3,167,0,1,176,3,180,174,0,174,354
06/03/2020,LOU,KY,ASO,CE,Towers with Radar,0,0,17,0,17,0,1,165,2,168,0,1,182,2,185,96,0,96,281
06/04/2020,LOU,KY,ASO,CE,Towers with Radar,0,0,15,0,15,0,2,94,0,96,0,2,109,0,111,56,0,56,167
06/05/2020,LOU,KY,ASO,CE,Towers with Radar,0,0,16,0,16,0,4,155,1,160,0,4,171,1,176,156,0,156,332
06/06/2020,LOU,KY,ASO,CE,Towers with Radar,0,0,15,0,15,0,12,205,1,218,0,12,220,1,233,195,0,195,428
06/07/2020,LOU,KY,ASO,CE,Towers with Radar,0,1,8,0,9,0,6,196,0,202,0,7,204,0,211,124,0,124,335
06/08/2020,LOU,KY,ASO,CE,Towers with Radar,0,0,12,0,12,0,0,171,1,172,0,0,183,1,184,82,0,82,266
06/09/2020,LOU,KY,ASO,CE,Towers with Radar,0,0,9,0,9,0,0,28,0,28,0,0,37,0,37,2,0,2,39
06/10/2020,LOU,KY,ASO,CE,Towers with Radar,0,1,11,0,12,0,0,26,0,26,0,1,37,0,38,0,0,0,38
06/11/2020,LOU,KY,ASO,CE,Towers with Radar,0,0,13,0,13,0,6,222,1,229,0,6,235,1,242,136,0,136,378
06/12/2020,LOU,KY,ASO,CE,Towers with Radar,0,0,11,0,11,0,1,222,0,223,0,1,233,0,234,116,0,116,350
06/13/2020,LOU,KY,ASO,CE,Towers with Radar,0,0,26,0,26,0,10,188,0,198,0,10,214,0,224,80,0,80,304
06/14/2020,LOU,KY,ASO,CE,Towers with Radar,0,2,18,0,20,0,7,116,0,123,0,9,134,0,143,174,0,174,317
06/15/2020,LOU,KY,ASO,CE,Towers with Radar,0,2,17,0,19,0,1,216,1,218,0,3,233,1,237,176,0,176,413
06/16/2020,LOU,KY,ASO,CE,Towers with Radar,0,0,20,0,20,0,1,148,0,149,0,1,168,0,169,120,0,120,289
06/17/2020,LOU,KY,ASO,CE,Towers with Radar,0,2,22,0,24,0,0,186,0,186,0,2,208,0,210,178,0,178,388
06/18/2020,LOU,KY,ASO,CE,Towers with Radar,0,2,13,0,15,0,0,161,0,161,0,2,174,0,176,160,0,160,336
06/19/2020,LOU,KY,ASO,CE,Towers with Radar,0,0,24,0,24,0,1,150,0,151,0,1,174,0,175,92,0,92,267
06/20/2020,LOU,KY,ASO,CE,Towers with Radar,0,0,19,0,19,0,8,140,0,148,0,8,159,0,167,106,0,106,273
06/21/2020,LOU,KY,ASO,CE,Towers with Radar,0,0,7,0,7,0,4,54,0,58,0,4,61,0,65,20,0,20,85
06/22/2020,LOU,KY,ASO,CE,Towers with Radar,0,4,22,0,26,0,0,92,0,92,0,4,114,0,118,174,0,174,292
06/23/2020,LOU,KY,ASO,CE,Towers with Radar,0,2,17,0,19,0,4,51,0,55,0,6,68,0,74,64,0,64,138
06/24/2020,LOU,KY,ASO,CE,Towers with Radar,0,0,22,1,23,0,1,189,0,190,0,1,211,1,213,214,0,214,427
06/25/2020,LOU,KY,ASO,CE,Towers with Radar,0,0,20,0,20,0,2,244,0,246,0,2,264,0,266,226,0,226,492
06/26/2020,LOU,KY,ASO,CE,Towers with Radar,0,2,19,0,21,0,5,140,0,145,0,7,159,0,166,182,0,182,348
06/27/2020,LOU,KY,ASO,CE,Towers with Radar,0,1,25,0,26,0,4,46,0,50,0,5,71,0,76,150,0,150,226
06/28/2020,LOU,KY,ASO,CE,Towers with Radar,0,0,9,0,9,0,0,30,0,30,0,0,39,0,39,28,0,28,67
06/29/2020,LOU,KY,ASO,CE,Towers with Radar,0,0,17,0,17,0,0,45,0,45,0,0,62,0,62,110,0,110,172
06/30/2020,LOU,KY,ASO,CE,Towers with Radar,0,2,14,0,16,0,0,118,0,118,0,2,132,0,134,186,0,186,320
07/01/2020,LOU,KY,ASO,CE,Towers with Radar,0,0,20,0,20,0,0,106,0,106,0,0,126,0,126,286,0,286,412
07/02/2020,LOU,KY,ASO,CE,Towers with Radar,0,0,15,0,15,0,8,180,0,188,0,8,195,0,203,197,0,197,400
07/03/2020,LOU,KY,ASO,CE,Towers with Radar,0,0,24,0,24,0,2,143,0,145,0,2,167,0,169,104,0,104,273
07/04/2020,LOU,KY,ASO,CE,Towers with Radar,0,0,13,0,13,0,1,146,0,147,0,1,159,0,160,98,0,98,258
07/05/2020,LOU,KY,ASO,CE,Towers with Radar,0,0,16,0,16,0,7,127,0,134,0,7,143,0,150,8,0,8,158
07/06/2020,LOU,KY,ASO,CE,Towers with Radar,0,3,14,0,17,0,0,108,0,108,0,3,122,0,125,132,0,132,257
07/07/2020,LOU,KY,ASO,CE,Towers with Radar,0,2,12,0,14,0,0,128,0,128,0,2,140,0,142,102,0,102,244
07/08/2020,LOU,KY,ASO,CE,Towers with Radar,0,1,20,0,21,0,0,106,0,106,0,1,126,0,127,142,0,142,269
07/09/2020,LOU,KY,ASO,CE,Towers with Radar,0,0,16,0,16,0,0,110,0,110,0,0,126,0,126,126,0,126,252
07/10/2020,LOU,KY,ASO,CE,Towers with Radar,0,0,19,0,19,0,6,101,0,107,0,6,120,0,126,102,0,102,228
07/11/2020,LOU,KY,ASO,CE,Towers with Radar,0,2,12,0,14,0,2,173,0,175,0,4,185,0,189,124,0,124,313
07/12/2020,LOU,KY,ASO,CE,Towers with Radar,0,0,12,0,12,0,6,77,0,83,0,6,89,0,95,102,0,102,197
07/13/2020,LOU,KY,ASO,CE,Towers with Radar,0,0,18,0,18,0,5,192,0,197,0,5,210,0,215,176,0,176,391
07/14/2020,LOU,KY,ASO,CE,Towers with Radar,0,0,20,0,20,0,1,191,2,194,0,1,211,2,214,114,0,114,328
07/15/2020,LOU,KY,ASO,CE,Towers with Radar,0,2,11,0,13,0,6,171,1,178,0,8,182,1,191,146,0,146,337
07/16/2020,LOU,KY,ASO,CE,Towers with Radar,0,0,23,0,23,0,0,84,0,84,0,0,107,0,107,128,0,128,235
07/17/2020,LOU,KY,ASO,CE,Towers with Radar,0,0,6,0,6,0,0,134,0,134,0,0,140,0,140,220,0,220,360
07/18/2020,LOU,KY,ASO,CE,Towers with Radar,0,1,25,0,26,0,7,157,2,166,0,8,182,2,192,150,0,150,342
07/19/2020,LOU,KY,ASO,CE,Towers with Radar,0,1,19,0,20,0,3,103,0,106,0,4,122,0,126,56,0,56,182
07/20/2020,LOU,KY,ASO,CE,Towers with Radar,0,2,10,0,12,0,0,102,0,102,0,2,112,0,114,142,0,142,256
07/21/2020,LOU,KY,ASO,CE,Towers with Radar,0,0,33,0,33,0,1,153,0,154,0,1,186,0,187,172,0,172,359
07/22/2020,LOU,KY,ASO,CE,Towers with Radar,0,3,25,0,28,0,4,49,0,53,0,7,74,0,81,96,0,96,177
07/23/2020,LOU,KY,ASO,CE,Towers with Radar,0,3,22,0,25,0,6,13,3,22,0,9,35,3,47,48,0,48,95
07/24/2020,LOU,KY,ASO,CE,Towers with Radar,0,2,22,0,24,0,9,202,0,211,0,11,224,0,235,125,0,125,360
07/25/2020,LOU,KY,ASO,CE,Towers with Radar,0,2,16,0,18,0,8,228,0,236,0,10,244,0,254,208,0,208,462
07/26/2020,LOU,KY,ASO,CE,Towers with Radar,0,1,16,0,17,0,0,122,0,122,0,1,138,0,139,90,0,90,229
07/27/2020,LOU,KY,ASO,CE,Towers with Radar,0,0,12,0,12,0,0,126,0,126,0,0,138,0,138,92,0,92,230
07/28/2020,LOU,KY,ASO,CE,Towers with Radar,0,0,28,0,28,0,3,127,0,130,0,3,155,0,158,208,0,208,366
07/29/2020,LOU,KY,ASO,CE,Towers with Radar,0,0,19,0,19,0,1,177,0,178,0,1,196,0,197,252,0,252,449
07/30/2020,LOU,KY,ASO,CE,Towers with Radar,0,0,9,0,9,0,0,6,0,6,0,0,15,0,15,16,0,16,31
07/31/2020,LOU,KY,ASO,CE,Towers with Radar,0,2,28,0,30,0,0,19,0,19,0,2,47,0,49,40,0,40,89
08/01/2020,LOU,KY,ASO,CE,Towers with Radar,0,2,9,0,11,0,0,15,0,15,0,2,24,0,26,18,0,18,44
08/02/2020,LOU,KY,ASO,CE,Towers with Radar,0,0,21,0,21,0,8,133,0,141,0,8,154,0,162,132,0,132,294
08/03/2020,LOU,KY,ASO,CE,Towers with Radar,0,0,13,0,13,0,0,48,0,48,0,0,61,0,61,116,0,116,177
08/04/2020,LOU,KY,ASO,CE,Towers with Radar,0,0,20,0,20,0,1,85,1,87,0,1,105,1,107,152,0,152,259
08/05/2020,LOU,KY,ASO,CE,Towers with Radar,0,2,22,0,24,0,3,223,0,226,0,5,245,0,250,200,0,200,450
08/06/2020,LOU,KY,ASO,CE,Towers with Radar,0,0,26,0,26,0,2,195,6,203,0,2,221,6,229,170,0,170,399
08/07/2020,LOU,KY,ASO,CE,Towers with Radar,0,0,29,0,29,0,4,208,0,212,0,4,237,0,241,146,0,146,387
08/08/2020,LOU,KY,ASO,CE,Towers with Radar,0,0,19,0,19,0,1,216,2,219,0,1,235,2,238,138,0,138,376
08/09/2020,LOU,KY,ASO,CE,Towers with Radar,0,0,14,0,14,0,5,156,0,161,0,5,170,0,175,104,0,104,279
08/10/2020,LOU,KY,ASO,CE,Towers with Radar,0,0,4,0,4,0,2,71,0,73,0,2,75,0,77,50,0,50,127
08/11/2020,LOU,KY,ASO,CE,Towers with Radar,0,0,29,0,29,0,2,145,2,149,0,2,174,2,178,127,0,127,305
08/12/2020,LOU,KY,ASO,CE,Towers with Radar,0,0,13,0,13,0,5,146,0,151,0,5,159,0,164,64,0,64,228
08/13/2020,LOU,KY,ASO,CE,Towers with Radar,0,0,23,0,23,0,0,81,0,81,0,0,104,0,104,142,0,142,246
08/14/2020,LOU,KY,ASO,CE,Towers with Radar,0,0,19,0,19,0,1,46,0,47,0,1,65,0,66,48,0,48,114
08/15/2020,LOU,KY,ASO,CE,Towers with Radar,0,3,7,0,10,0,11,119,4,134,0,14,126,4,144,54,0,54,198
08/16/2020,LOU,KY,ASO,CE,Towers with Radar,0,0,21,0,21,0,2,91,0,93,0,2,112,0,114,80,0,80,194
08/17/2020,LOU,KY,ASO,CE,Towers with Radar,0,0,18,0,18,0,6,144,0,150,0,6,162,0,168,52,0,52,220
08/18/2020,LOU,KY,ASO,CE,Towers with Radar,0,0,10,0,10,0,0,74,0,74,0,0,84,0,84,72,0,72,156
08/19/2020,LOU,KY,ASO,CE,Towers with Radar,0,0,22,2,24,0,0,190,0,190,0,0,212,2,214,198,0,198,412
08/20/2020,LOU,KY,ASO,CE,Towers with Radar,0,0,7,0,7,0,6,213,0,219,0,6,220,0,226,212,0,212,438
08/21/2020,LOU,KY,ASO,CE,Towers with Radar,0,0,13,0,13,0,3,106,0,109,0,3,119,0,122,130,0,130,252
08/22/2020,LOU,KY,ASO,CE,Towers with Radar,0,0,12,0,12,0,8,84,0,92,0,8,96,0,104,152,0,152,256
08/23/2020,LOU,KY,ASO,CE,Towers with Radar,0,0,20,0,20,0,6,61,0,67,0,6,81,0,87,76,0,76,163
08/24/2020,LOU,KY,ASO,CE,Towers with Radar,0,3,24,0,27,0,15,150,0,165,0,18,174,0,192,152,0,152,344
08/25/2020,LOU,KY,ASO,CE,Towers with Radar,0,0,13,0,13,0,2,172,0,174,0,2,185,0,187,136,0,136,323
08/26/2020,LOU,KY,ASO,CE,Towers with Radar,0,0,23,0,23,0,1,135,1,137,0,1,158,1,160,140,0,140,300
08/27/2020,LOU,KY,ASO,CE,Towers with Radar,0,0,21,0,21,0,0,104,0,104,0,0,125,0,125,164,0,164,289
08/28/2020,LOU,KY,ASO,CE,Towers with Radar,0,0,16,0,16,0,0,26,0,26,0,0,42,0,42,22,0,22,64
08/29/2020,LOU,KY,ASO,CE,Towers with Radar,0,0,25,0,25,0,0,41,0,41,0,0,66,0,66,78,0,78,144
08/30/2020,LOU,KY,ASO,CE,Towers with Radar,0,2,18,0,20,0,6,196,0,202,0,8,214,0,222,74,0,74,296
08/31/2020,LOU,KY,ASO,CE,Towers with Radar,0,0,11,0,11,0,0,37,0,37,0,0,48,0,48,60,0,60,108
09/01/2020,LOU,KY,ASO,CE,Towers with Radar,0,0,13,0,13,0,2,46,0,48,0,2,59,0,61,78,0,78,139
09/02/2020,LOU,KY,ASO,CE,Towers with Radar,0,0,33,0,33,0,1,63,0,64,0,1,96,0,97,210,0,210,307
09/03/2020,LOU,KY,ASO,CE,Towers with Radar,0,1,17,0,18,0,2,59,0,61,0,3,76,0,79,148,0,148,227
09/04/2020,LOU,KY,ASO,CE,Towers with Radar,0,0,30,0,30,0,7,215,0,222,0,7,245,0,252,128,0,128,380
09/05/2020,LOU,KY,ASO,CE,Towers with Radar,0,0,15,0,15,0,7,217,0,224,0,7,232,0,239,168,0,168,407
09/06/2020,LOU,KY,ASO,CE,Towers with Radar,0,1,17,0,18,0,4,167,0,171,0,5,184,0,189,86,0,86,275
09/07/2020,LOU,KY,ASO,CE,Towers with Radar,0,0,15,0,15,0,2,130,5,137,0,2,145,5,152,94,18,112,264
09/08/2020,LOU,KY,ASO,CE,Towers with Radar,0,0,12,0,12,0,5,171,1,177,0,5,183,1,189,134,0,134,323
09/09/2020,LOU,KY,ASO,CE,Towers with Radar,0,0,15,0,15,0,1,132,0,133,0,1,147,0,148,100,0,100,248
09/10/2020,LOU,KY,ASO,CE,Towers with Radar,0,2,23,0,25,0,3,130,0,133,0,5,153,0,158,124,0,124,282
09/11/2020,LOU,KY,ASO,CE,Towers with Radar,0,2,36,0,38,0,0,38,0,38,0,2,74,0,76,96,0,96,172
09/12/2020,LOU,KY,ASO,CE,Towers with Radar,0,0,21,0,21,0,9,42,0,51,0,9,63,0,72,32,6,38,110
09/13/2020,LOU,KY,ASO,CE,Towers with Radar,0,0,20,0,20,0,11,61,0,72,0,11,81,0,92,96,0,96,188
09/14/2020,LOU,KY,ASO,CE,Towers with Radar,0,3,19,0,22,0,9,146,0,155,0,12,165,0,177,90,0,90,267
09/15/2020,LOU,KY,ASO,CE,Towers with Radar,0,2,13,0,15,0,1,184,0,185,0,3,197,0,200,192,0,192,392
09/16/2020,LOU,KY,ASO,CE,Towers with Radar,0,2,46,0,48,0,2,149,0,151,0,4,195,0,199,114,0,114,313
09/17/2020,LOU,KY,ASO,CE,Towers with Radar,0,0,27,0,27,0,1,114,0,115,0,1,141,0,142,43,0,43,185
09/18/2020,LOU,KY,ASO,CE,Towers with Radar,0,0,17,0,17,0,3,127,2,132,0,3,144,2,149,154,0,154,303
09/19/2020,LOU,KY,ASO,CE,Towers with Radar,0,2,18,0,20,0,1,207,0,208,0,3,225,0,228,144,0,144,372
09/20/2020,LOU,KY,ASO,CE,Towers with Radar,0,1,17,0,18,0,0,159,0,159,0,1,176,0,177,84,0,84,261
09/21/2020,LOU,KY,ASO,CE,Towers with Radar,0,0,12,0,12,0,5,162,0,167,0,5,174,0,179,98,0,98,277
09/22/2020,LOU,KY,ASO,CE,Towers with Radar,0,0,18,0,18,0,5,147,0,152,0,5,165,0,170,118,0,118,288
09/23/2020,LOU,KY,ASO,CE,Towers with Radar,0,1,20,0,21,0,2,167,2,171,0,3,187,2,192,150,0,150,342
09/24/2020,LOU,KY,ASO,CE,Towers with Radar,0,1,32,0,33,0,0,169,0,169,0,1,201,0,202,156,0,156,358
09/25/2020,LOU,KY,ASO,CE,Towers with Radar,0,4,25,0,29,0,8,184,0,192,0,12,209,0,221,124,0,124,345
09/26/2020,LOU,KY,ASO,CE,Towers with Radar,0,0,32,0,32,0,11,149,0,160,0,11,181,0,192,162,0,162,354
09/27/2020,LOU,KY,ASO,CE,Towers with Radar,0,5,24,0,29,0,6,106,0,112,0,11,130,0,141,80,0,80,221
09/28/2020,LOU,KY,ASO,CE,Towers with Radar,0,2,11,0,13,0,0,14,0,14,0,2,25,0,27,6,0,6,33
09/29/2020,LOU,KY,ASO,CE,Towers with Radar,0,1,18,0,19,0,2,104,0,106,0,3,122,0,125,132,0,132,257
09/30/2020,LOU,KY,ASO,CE,Towers with Radar,0,2,12,0,14,0,3,57,0,60,0,5,69,0,74,10,0,10,84
10/01/2020,LOU,KY,ASO,CE,Towers with Radar,0,5,27,0,32,0,0,144,0,144,0,5,171,0,176,186,0,186,362
10/02/2020,LOU,KY,ASO,CE,Towers with Radar,0,2,30,0,32,0,5,165,0,170,0,7,195,0,202,150,0,150,352
10/03/2020,LOU,KY,ASO,CE,Towers with Radar,0,0,12,0,12,0,2,236,2,240,0,2,248,2,252,162,0,162,414
10/04/2020,LOU,KY,ASO,CE,Towers with Radar,0,5,21,0,26,0,4,86,0,90,0,9,107,0,116,48,0,48,164
10/05/2020,LOU,KY,ASO,CE,Towers with Radar,0,1,23,0,24,0,1,166,0,167,0,2,189,0,191,150,0,150,341
10/06/2020,LOU,KY,ASO,CE,Towers with Radar,0,3,15,0,18,0,2,155,2,159,0,5,170,2,177,150,0,150,327
10/07/2020,LOU,KY,ASO,CE,Towers with Radar,0,0,18,0,18,0,6,165,0,171,0,6,183,0,189,98,0,98,287
10/08/2020,LOU,KY,ASO,CE,Towers with Radar,0,1,32,0,33,0,3,163,0,166,0,4,195,0,199,138,0,138,337
10/09/2020,LOU,KY,ASO,CE,Towers with Radar,0,0,27,0,27,0,8,164,0,172,0,8,191,0,199,128,0,128,327
10/10/2020,LOU,KY,ASO,CE,Towers with Radar,0,0,18,0,18,0,0,91,0,91,0,0,109,0,109,102,0,102,211
10/11/2020,LOU,KY,ASO,CE,Towers with Radar,0,2,29,0,31,0,0,37,0,37,0,2,66,0,68,44,0,44,112
10/12/2020,LOU,KY,ASO,CE,Towers with Radar,0,2,23,0,25,0,2,27,0,29,0,4,50,0,54,20,0,20,74
10/13/2020,LOU,KY,ASO,CE,Towers with Radar,0,0,22,0,22,0,2,183,0,185,0,2,205,0,207,202,0,202,409
10/14/2020,LOU,KY,ASO,CE,Towers with Radar,0,0,12,0,12,0,4,150,0,154,0,4,162,0,166,186,0,186,352
10/15/2020,LOU,KY,ASO,CE,Towers with Radar,0,1,38,0,39,0,1,78,0,79,0,2,116,0,118,74,0,74,192
10/16/2020,LOU,KY,ASO,CE,Towers with Radar,0,0,31,4,35,0,4,157,0,161,0,4,188,4,196,90,0,90,286
10/17/2020,LOU,KY,ASO,CE,Towers with Radar,0,0,18,0,18,0,12,196,0,208,0,12,214,0,226,62,0,62,288
10/18/2020,LOU,KY,ASO,CE,Towers with Radar,0,2,34,0,36,0,5,77,0,82,0,7,111,0,118,50,0,50,168
10/19/2020,LOU,KY,ASO,CE,Towers with Radar,0,0,15,0,15,0,0,1,0,1,0,0,16,0,16,0,0,0,16
10/20/2020,LOU,KY,ASO,CE,Towers with Radar,0,0,29,0,29,0,0,0,0,0,0,0,29,0,29,0,0,0,29
10/21/2020,LOU,KY,ASO,CE,Towers with Radar,0,0,14,0,14,0,0,161,2,163,0,0,175,2,177,168,0,168,345
10/22/2020,LOU,KY,ASO,CE,Towers with Radar,0,0,31,0,31,0,0,176,0,176,0,0,207,0,207,196,0,196,403
10/23/2020,LOU,KY,ASO,CE,Towers with Radar,0,0,15,0,15,0,1,65,1,67,0,1,80,1,82,144,0,144,226
10/24/2020,LOU,KY,ASO,CE,Towers with Radar,0,0,28,0,28,0,0,88,0,88,0,0,116,0,116,94,0,94,210
10/25/2020,LOU,KY,ASO,CE,Towers with Radar,0,1,18,0,19,0,0,0,0,0,0,1,18,0,19,0,0,0,19
10/26/2020,LOU,KY,ASO,CE,Towers with Radar,0,0,22,0,22,0,0,13,0,13,0,0,35,0,35,48,0,48,83
10/27/2020,LOU,KY,ASO,CE,Towers with Radar,0,0,27,0,27,0,0,7,0,7,0,0,34,0,34,54,0,54,88
10/28/2020,LOU,KY,ASO,CE,Towers with Radar,0,0,17,0,17,0,0,4,0,4,0,0,21,0,21,8,0,8,29
10/29/2020,LOU,KY,ASO,CE,Towers with Radar,0,0,13,0,13,0,0,0,0,0,0,0,13,0,13,0,0,0,13
10/30/2020,LOU,KY,ASO,CE,Towers with Radar,0,0,29,0,29,0,4,134,0,138,0,4,163,0,167,156,0,156,323
10/31/2020,LOU,KY,ASO,CE,Towers with Radar,0,0,14,0,14,0,11,204,2,217,0,11,218,2,231,102,0,102,333
11/01/2020,LOU,KY,ASO,CE,Towers with Radar,0,0,9,0,9,0,1,23,0,24,0,1,32,0,33,0,0,0,33
11/02/2020,LOU,KY,ASO,CE,Towers with Radar,0,0,21,0,21,0,0,104,0,104,0,0,125,0,125,152,0,152,277
11/03/2020,LOU,KY,ASO,CE,Towers with Radar,0,0,13,0,13,0,0,180,0,180,0,0,193,0,193,158,0,158,351
11/04/2020,LOU,KY,ASO,CE,Towers with Radar,0,2,7,0,9,0,2,153,3,158,0,4,160,3,167,82,0,82,249
11/05/2020,LOU,KY,ASO,CE,Towers with Radar,0,4,25,0,29,0,3,152,0,155,0,7,177,0,184,176,0,176,360
11/06/2020,LOU,KY,ASO,CE,Towers with Radar,0,0,17,0,17,0,2,192,0,194,0,2,209,0,211,80,0,80,291
11/07/2020,LOU,KY,ASO,CE,Towers with Radar,0,1,13,0,14,0,9,236,0,245,0,10,249,0,259,212,0,212,471
11/08/2020,LOU,KY,ASO,CE,Towers with Radar,0,1,18,0,19,0,1,192,0,193,0,2,210,0,212,116,0,116,328
11/09/2020,LOU,KY,ASO,CE,Towers with Radar,0,0,10,0,10,0,2,145,0,147,0,2,155,0,157,156,0,156,313
11/10/2020,LOU,KY,ASO,CE,Towers with Radar,0,0,11,0,11,0,0,27,0,27,0,0,38,0,38,40,0,40,78
11/11/2020,LOU,KY,ASO,CE,Towers with Radar,0,0,21,0,21,0,0,96,0,96,0,0,117,0,117,94,0,94,211
11/12/2020,LOU,KY,ASO,CE,Towers with Radar,0,0,16,0,16,0,5,120,0,125,0,5,136,0,141,162,0,162,303
11/13/2020,LOU,KY,ASO,CE,Towers with Radar,0,0,17,0,17,0,4,144,2,150,0,4,161,2,167,116,0,116,283
11/14/2020,LOU,KY,ASO,CE,Towers with Radar,0,0,17,0,17,0,5,10,0,15,0,5,27,0,32,0,0,0,32
11/15/2020,LOU,KY,ASO,CE,Towers with Radar,0,0,8,0,8,0,0,110,0,110,0,0,118,0,118,160,0,160,278
11/16/2020,LOU,KY,ASO,CE,Towers with Radar,0,0,23,0,23,0,1,108,0,109,0,1,131,0,132,62,0,62,194
11/17/2020,LOU,KY,ASO,CE,Towers with Radar,0,0,11,0,11,0,0,60,0,60,0,0,71,0,71,48,0,48,119
11/18/2020,LOU,KY,ASO,CE,Towers with Radar,0,2,21,0,23,0,0,137,2,139,0,2,158,2,162,58,0,58,220
11/19/2020,LOU,KY,ASO,CE,Towers with Radar,0,1,12,0,13,0,1,22,0,23,0,2,34,0,36,30,0,30,66
11/20/2020,LOU,KY,ASO,CE,Towers with Radar,0,1,19,0,20,0,2,107,0,109,0,3,126,0,129,94,0,94,223
11/21/2020,LOU,KY,ASO,CE,Towers with Radar,0,0,17,0,17,0,0,1,0,1,0,0,18,0,18,0,0,0,18
11/22/2020,LOU,KY,ASO,CE,Towers with Radar,0,0,10,0,10,0,0,3,0,3,0,0,13,0,13,2,0,2,15
11/23/2020,LOU,KY,ASO,CE,Towers with Radar,0,0,31,0,31,0,5,115,0,120,0,5,146,0,151,166,0,166,317
11/24/2020,LOU,KY,ASO,CE,Towers with Radar,0,0,11,0,11,0,1,116,0,117,0,1,127,0,128,32,0,32,160
11/25/2020,LOU,KY,ASO,CE,Towers with Radar,0,1,5,0,6,0,0,4,0,4,0,1,9,0,10,10,0,10,20
11/26/2020,LOU,KY,ASO,CE,Towers with Radar,0,1,6,0,7,0,0,10,0,10,0,1,16,0,17,62,0,62,79
11/27/2020,LOU,KY,ASO,CE,Towers with Radar,0,0,12,0,12,0,2,152,0,154,0,2,164,0,166,105,0,105,271
11/28/2020,LOU,KY,ASO,CE,Towers with Radar,0,1,12,0,13,0,5,205,0,210,0,6,217,0,223,104,0,104,327
11/29/2020,LOU,KY,ASO,CE,Towers with Radar,0,1,19,0,20,0,0,98,0,98,0,1,117,0,118,66,0,66,184
11/30/2020,LOU,KY,ASO,CE,Towers with Radar,0,0,4,0,4,0,0,4,0,4,0,0,8,0,8,4,0,4,12
12/01/2020,LOU,KY,ASO,CE,Towers with Radar,0,0,9,0,9,0,5,67,0,72,0,5,76,0,81,64,0,64,145
12/02/2020,LOU,KY,ASO,CE,Towers with Radar,0,0,28,0,28,0,0,175,0,175,0,0,203,0,203,118,0,118,321
12/03/2020,LOU,KY,ASO,CE,Towers with Radar,0,0,13,0,13,0,0,131,0,131,0,0,144,0,144,134,0,134,278
12/04/2020,LOU,KY,ASO,CE,Towers with Radar,0,0,7,0,7,0,0,5,0,5,0,0,12,0,12,0,0,0,12
12/05/2020,LOU,KY,ASO,CE,Towers with Radar,0,0,12,0,12,0,2,198,0,200,0,2,210,0,212,130,0,130,342
12/06/2020,LOU,KY,ASO,CE,Towers with Radar,0,0,12,0,12,0,1,130,0,131,0,1,142,0,143,176,0,176,319
12/07/2020,LOU,KY,ASO,CE,Towers with Radar,0,0,6,0,6,0,2,69,0,71,0,2,75,0,77,93,0,93,170
12/08/2020,LOU,KY,ASO,CE,Towers with Radar,0,0,12,0,12,0,0,104,0,104,0,0,116,0,116,160,0,160,276
12/09/2020,LOU,KY,ASO,CE,Towers with Radar,0,2,11,0,13,0,2,139,0,141,0,4,150,0,154,88,0,88,242
12/10/2020,LOU,KY,ASO,CE,Towers with Radar,0,2,21,0,23,0,1,165,0,166,0,3,186,0,189,114,0,114,303
12/11/2020,LOU,KY,ASO,CE,Towers with Radar,0,0,21,0,21,0,0,159,0,159,0,0,180,0,180,78,0,78,258
12/12/2020,LOU,KY,ASO,CE,Towers with Radar,0,0,1,0,1,0,0,20,2,22,0,0,21,2,23,26,0,26,49
12/13/2020,LOU,KY,ASO,CE,Towers with Radar,0,4,15,0,19,0,1,77,0,78,0,5,92,0,97,210,0,210,307
12/14/2020,LOU,KY,ASO,CE,Towers with Radar,0,2,7,0,9,0,2,52,0,54,0,4,59,0,63,98,0,98,161
12/15/2020,LOU,KY,ASO,CE,Towers with Radar,0,0,11,0,11,0,3,123,0,126,0,3,134,0,137,133,0,133,270
12/16/2020,LOU,KY,ASO,CE,Towers with Radar,0,0,2,0,2,0,0,0,0,0,0,0,2,0,2,0,0,0,2
12/17/2020,LOU,KY,ASO,CE,Towers with Radar,0,0,11,0,11,0,0,38,0,38,0,0,49,0,49,114,0,114,163
12/18/2020,LOU,KY,ASO,CE,Towers with Radar,0,0,23,0,23,0,1,201,0,202,0,1,224,0,225,128,0,128,353
12/19/2020,LOU,KY,ASO,CE,Towers with Radar,0,0,14,0,14,0,1,116,0,117,0,1,130,0,131,136,0,136,267
12/20/2020,LOU,KY,ASO,CE,Towers with Radar,0,0,14,0,14,0,0,47,0,47,0,0,61,0,61,80,0,80,141
12/21/2020,LOU,KY,ASO,CE,Towers with Radar,0,1,13,0,14,0,0,16,0,16,0,1,29,0,30,24,0,24,54
12/22/2020,LOU,KY,ASO,CE,Towers with Radar,0,2,9,0,11,0,0,216,0,216,0,2,225,0,227,128,0,128,355
12/23/2020,LOU,KY,ASO,CE,Towers with Radar,0,0,5,0,5,0,1,23,0,24,0,1,28,0,29,10,0,10,39
12/24/2020,LOU,KY,ASO,CE,Towers with Radar,0,0,8,0,8,0,0,11,0,11,0,0,19,0,19,4,0,4,23
12/25/2020,LOU,KY,ASO,CE,Towers with Radar,0,0,2,0,2,0,0,7,0,7,0,0,9,0,9,2,0,2,11
12/26/2020,LOU,KY,ASO,CE,Towers with Radar,0,0,16,0,16,0,4,157,0,161,0,4,173,0,177,80,0,80,257
12/27/2020,LOU,KY,ASO,CE,Towers with Radar,0,2,17,0,19,0,2,76,0,78,0,4,93,0,97,27,0,27,124
12/28/2020,LOU,KY,ASO,CE,Towers with Radar,0,0,17,0,17,0,2,85,0,87,0,2,102,0,104,134,0,134,238
12/29/2020,LOU,KY,ASO,CE,Towers with Radar,0,0,18,0,18,0,0,156,1,157,0,0,174,1,175,58,0,58,233
12/30/2020,LOU,KY,ASO,CE,Towers with Radar,0,0,5,0,5,0,0,6,0,6,0,0,11,0,11,0,0,0,11
12/31/2020,LOU,KY,ASO,CE,Towers with Radar,0,0,3,0,3,0,0,0,0,0,0,0,3,0,3,0,0,0,3
01/01/2021,LOU,KY,ASO,CE,Towers with Radar,0,0,7,0,7,0,1,21,0,22,0,1,28,0,29,20,0,20,49
01/02/2021,LOU,KY,ASO,CE,Towers with Radar,0,0,12,0,12,0,0,76,0,76,0,0,88,0,88,84,0,84,172
01/03/2021,LOU,KY,ASO,CE,Towers with Radar,0,0,9,0,9,0,1,50,0,51,0,1,59,0,60,136,0,136,196
01/04/2021,LOU,KY,ASO,CE,Towers with Radar,0,0,17,0,17,0,2,149,0,151,0,2,166,0,168,130,0,130,298
01/05/2021,LOU,KY,ASO,CE,Towers with Radar,0,0,6,0,6,0,2,33,0,35,0,2,39,0,41,62,0,62,103
01/06/2021,LOU,KY,ASO,CE,Towers with Radar,0,1,11,0,12,0,1,103,0,104,0,2,114,0,116,168,0,168,284
01/07/2021,LOU,KY,ASO,CE,Towers with Radar,0,0,13,0,13,0,1,124,2,127,0,1,137,2,140,102,0,102,242
01/08/2021,LOU,KY,ASO,CE,Towers with Radar,0,0,6,0,6,0,2,61,0,63,0,2,67,0,69,86,0,86,155
01/09/2021,LOU,KY,ASO,CE,Towers with Radar,0,2,8,0,10,0,1,133,0,134,0,3,141,0,144,188,0,188,332
01/10/2021,LOU,KY,ASO,CE,Towers with Radar,0,0,8,0,8,0,4,130,0,134,0,4,138,0,142,188,0,188,330
01/11/2021,LOU,KY,ASO,CE,Towers with Radar,0,0,8,0,8,0,0,119,0,119,0,0,127,0,127,218,0,218,345
01/12/2021,LOU,KY,ASO,CE,Towers with Radar,0,0,19,0,19,0,1,137,1,139,0,1,156,1,158,156,0,156,314
01/13/2021,LOU,KY,ASO,CE,Towers with Radar,0,0,20,1,21,0,0,162,1,163,0,0,182,2,184,172,0,172,356
01/14/2021,LOU,KY,ASO,CE,Towers with Radar,0,1,24,0,25,0,2,136,0,138,0,3,160,0,163,100,0,100,263
01/15/2021,LOU,KY,ASO,CE,Towers with Radar,0,2,9,0,11,0,0,67,0,67,0,2,76,0,78,24,0,24,102
01/16/2021,LOU,KY,ASO,CE,Towers with Radar,0,1,6,0,7,0,0,10,0,10,0,1,16,0,17,8,0,8,25
01/17/2021,LOU,KY,ASO,CE,Towers with Radar,0,0,3,0,3,0,0,0,0,0,0,0,3,0,3,0,0,0,3
01/18/2021,LOU,KY,ASO,CE,Towers with Radar,0,1,8,0,9,0,2,118,0,120,0,3,126,0,129,176,0,176,305
01/19/2021,LOU,KY,ASO,CE,Towers with Radar,0,4,13,0,17,0,0,145,0,145,0,4,158,0,162,124,0,124,286
01/20/2021,LOU,KY,ASO,CE,Towers with Radar,0,0,27,0,27,0,3,187,0,190,0,3,214,0,217,164,0,164,381
01/21/2021,LOU,KY,ASO,CE,Towers with Radar,0,2,19,0,21,0,1,131,0,132,0,3,150,0,153,154,0,154,307
01/22/2021,LOU,KY,ASO,CE,Towers with Radar,0,3,17,0,20,0,4,163,0,167,0,7,180,0,187,92,0,92,279
01/23/2021,LOU,KY,ASO,CE,Towers with Radar,0,1,25,0,26,0,2,254,0,256,0,3,279,0,282,98,0,98,380
01/24/2021,LOU,KY,ASO,CE,Towers with Radar,0,0,5,0,5,0,0,0,0,0,0,0,5,0,5,0,0,0,5
01/25/2021,LOU,KY,ASO,CE,Towers with Radar,0,0,0,0,0,0,0,0,0,0,0,0,0,0,0,0,0,0,0
01/26/2021,LOU,KY,ASO,CE,Towers with Radar,0,0,11,0,11,0,2,40,1,43,0,2,51,1,54,48,0,48,102
01/27/2021,LOU,KY,ASO,CE,Towers with Radar,0,0,1,0,1,0,2,32,0,34,0,2,33,0,35,114,0,114,149
01/28/2021,LOU,KY,ASO,CE,Towers with Radar,0,0,22,0,22,0,3,124,1,128,0,3,146,1,150,104,0,104,254
01/29/2021,LOU,KY,ASO,CE,Towers with Radar,0,1,20,0,21,0,2,230,0,232,0,3,250,0,253,112,0,112,365
01/30/2021,LOU,KY,ASO,CE,Towers with Radar,0,1,8,0,9,0,0,115,0,115,0,1,123,0,124,110,0,110,234
01/31/2021,LOU,KY,ASO,CE,Towers with Radar,0,0,8,0,8,0,0,0,0,0,0,0,8,0,8,0,0,0,8
02/01/2021,LOU,KY,ASO,CE,Towers with Radar,0,0,2,0,2,0,0,29,0,29,0,0,31,0,31,48,0,48,79
02/02/2021,LOU,KY,ASO,CE,Towers with Radar,0,0,20,0,20,0,2,109,0,111,0,2,129,0,131,70,0,70,201
02/03/2021,LOU,KY,ASO,CE,Towers with Radar,0,0,21,0,21,0,0,159,1,160,0,0,180,1,181,112,0,112,293
02/04/2021,LOU,KY,ASO,CE,Towers with Radar,0,2,4,0,6,0,0,35,0,35,0,2,39,0,41,60,0,60,101
02/05/2021,LOU,KY,ASO,CE,Towers with Radar,0,0,21,1,22,0,3,87,1,91,0,3,108,2,113,64,0,64,177
02/06/2021,LOU,KY,ASO,CE,Towers with Radar,0,0,13,0,13,0,1,231,1,233,0,1,244,1,246,106,0,106,352
02/07/2021,LOU,KY,ASO,CE,Towers with Radar,0,2,14,3,19,0,0,109,0,109,0,2,123,3,128,62,0,62,190
02/08/2021,LOU,KY,ASO,CE,Towers with Radar,0,0,11,0,11,0,0,115,0,115,0,0,126,0,126,90,0,90,216
02/09/2021,LOU,KY,ASO,CE,Towers with Radar,0,0,5,0,5,0,3,29,0,32,0,3,34,0,37,46,0,46,83
02/10/2021,LOU,KY,ASO,CE,Towers with Radar,0,0,3,0,3,0,0,0,0,0,0,0,3,0,3,0,0,0,3
02/11/2021,LOU,KY,ASO,CE,Towers with Radar,0,0,2,0,2,0,1,25,0,26,0,1,27,0,28,20,0,20,48
02/12/2021,LOU,KY,ASO,CE,Towers with Radar,0,0,18,0,18,0,1,57,0,58,0,1,75,0,76,244,0,244,320
02/13/2021,LOU,KY,ASO,CE,Towers with Radar,0,0,2,0,2,0,0,86,0,86,0,0,88,0,88,402,0,402,490
02/14/2021,LOU,KY,ASO,CE,Towers with Radar,0,0,10,0,10,0,0,61,0,61,0,0,71,0,71,82,0,82,153
02/15/2021,LOU,KY,ASO,CE,Towers with Radar,0,0,0,0,0,0,0,2,0,2,0,0,2,0,2,0,0,0,2
02/16/2021,LOU,KY,ASO,CE,Towers with Radar,0,0,5,0,5,0,0,15,0,15,0,0,20,0,20,0,0,0,20
02/17/2021,LOU,KY,ASO,CE,Towers with Radar,0,0,6,0,6,0,1,50,0,51,0,1,56,0,57,92,0,92,149
02/18/2021,LOU,KY,ASO,CE,Towers with Radar,0,0,1,0,1,0,0,6,0,6,0,0,7,0,7,0,0,0,7
02/19/2021,LOU,KY,ASO,CE,Towers with Radar,0,0,12,0,12,0,0,102,0,102,0,0,114,0,114,86,0,86,200
02/20/2021,LOU,KY,ASO,CE,Towers with Radar,0,0,19,0,19,0,1,151,3,155,0,1,170,3,174,102,0,102,276
02/21/2021,LOU,KY,ASO,CE,Towers with Radar,0,0,11,0,11,0,2,113,0,115,0,2,124,0,126,62,0,62,188
02/22/2021,LOU,KY,ASO,CE,Towers with Radar,0,1,11,0,12,0,1,52,0,53,0,2,63,0,65,46,0,46,111
02/23/2021,LOU,KY,ASO,CE,Towers with Radar,0,5,18,0,23,0,2,167,0,169,0,7,185,0,192,110,0,110,302
02/24/2021,LOU,KY,ASO,CE,Towers with Radar,0,0,15,0,15,0,0,70,0,70,0,0,85,0,85,30,0,30,115
02/25/2021,LOU,KY,ASO,CE,Towers with Radar,0,2,16,0,18,0,0,205,0,205,0,2,221,0,223,88,0,88,311
02/26/2021,LOU,KY,ASO,CE,Towers with Radar,0,2,14,0,16,0,1,82,0,83,0,3,96,0,99,54,0,54,153
02/27/2021,LOU,KY,ASO,CE,Towers with Radar,0,0,27,0,27,0,0,88,0,88,0,0,115,0,115,156,0,156,271
02/28/2021,LOU,KY,ASO,CE,Towers with Radar,0,0,6,1,7,0,0,6,1,7,0,0,12,2,14,8,0,8,22
03/01/2021,LOU,KY,ASO,CE,Towers with Radar,0,2,15,0,17,0,1,115,2,118,0,3,130,2,135,28,0,28,163
03/02/2021,LOU,KY,ASO,CE,Towers with Radar,0,0,24,0,24,0,0,184,0,184,0,0,208,0,208,140,0,140,348
03/03/2021,LOU,KY,ASO,CE,Towers with Radar,0,2,18,0,20,0,0,185,0,185,0,2,203,0,205,174,0,174,379
03/04/2021,LOU,KY,ASO,CE,Towers with Radar,0,0,9,0,9,0,1,170,0,171,0,1,179,0,180,146,0,146,326
03/05/2021,LOU,KY,ASO,CE,Towers with Radar,0,0,25,0,25,0,0,227,0,227,0,0,252,0,252,136,0,136,388
03/06/2021,LOU,KY,ASO,CE,Towers with Radar,0,0,18,0,18,0,0,217,2,219,0,0,235,2,237,126,0,126,363
03/07/2021,LOU,KY,ASO,CE,Towers with Radar,0,1,20,0,21,0,0,211,0,211,0,1,231,0,232,120,0,120,352
03/08/2021,LOU,KY,ASO,CE,Towers with Radar,0,0,24,0,24,0,1,170,0,171,0,1,194,0,195,150,0,150,345
03/09/2021,LOU,KY,ASO,CE,Towers with Radar,0,1,17,0,18,0,1,131,0,132,0,2,148,0,150,96,0,96,246
03/10/2021,LOU,KY,ASO,CE,Towers with Radar,0,2,21,0,23,0,3,56,0,59,0,5,77,0,82,6,0,6,88
03/11/2021,LOU,KY,ASO,CE,Towers with Radar,0,4,18,0,22,0,0,23,1,24,0,4,41,1,46,14,0,14,60
03/12/2021,LOU,KY,ASO,CE,Towers with Radar,0,1,12,0,13,0,2,122,0,124,0,3,134,0,137,66,0,66,203
03/13/2021,LOU,KY,ASO,CE,Towers with Radar,0,1,21,0,22,0,0,208,0,208,0,1,229,0,230,124,0,124,354
03/14/2021,LOU,KY,ASO,CE,Towers with Radar,0,0,28,0,28,0,2,107,0,109,0,2,135,0,137,134,0,134,271
03/15/2021,LOU,KY,ASO,CE,Towers with Radar,0,0,4,0,4,0,0,0,0,0,0,0,4,0,4,0,0,0,4
03/16/2021,LOU,KY,ASO,CE,Towers with Radar,0,0,26,0,26,0,0,124,0,124,0,0,150,0,150,70,0,70,220
03/17/2021,LOU,KY,ASO,CE,Towers with Radar,0,0,23,0,23,0,4,82,0,86,0,4,105,0,109,190,0,190,299
03/18/2021,LOU,KY,ASO,CE,Towers with Radar,0,0,22,0,22,0,4,9,0,13,0,4,31,0,35,6,0,6,41
03/19/2021,LOU,KY,ASO,CE,Towers with Radar,0,2,19,0,21,0,0,60,0,60,0,2,79,0,81,68,0,68,149
03/20/2021,LOU,KY,ASO,CE,Towers with Radar,0,0,19,0,19,0,2,275,4,281,0,2,294,4,300,154,0,154,454
03/21/2021,LOU,KY,ASO,CE,Towers with Radar,0,0,41,0,41,0,2,187,0,189,0,2,228,0,230,116,0,116,346
03/22/2021,LOU,KY,ASO,CE,Towers with Radar,0,0,27,0,27,0,1,175,2,178,0,1,202,2,205,90,0,90,295
03/23/2021,LOU,KY,ASO,CE,Towers with Radar,0,3,22,0,25,0,7,81,0,88,0,10,103,0,113,132,0,132,245
03/24/2021,LOU,KY,ASO,CE,Towers with Radar,0,5,20,0,25,0,6,89,0,95,0,11,109,0,120,124,0,124,244
03/25/2021,LOU,KY,ASO,CE,Towers with Radar,0,3,5,0,8,0,0,25,0,25,0,3,30,0,33,54,0,54,87
03/26/2021,LOU,KY,ASO,CE,Towers with Radar,0,1,40,0,41,0,5,121,4,130,0,6,161,4,171,184,0,184,355
03/27/2021,LOU,KY,ASO,CE,Towers with Radar,0,3,20,0,23,0,3,208,7,218,0,6,228,7,241,152,0,152,393
03/28/2021,LOU,KY,ASO,CE,Towers with Radar,0,0,9,0,9,0,1,2,0,3,0,1,11,0,12,0,0,0,12
03/29/2021,LOU,KY,ASO,CE,Towers with Radar,0,0,19,0,19,0,4,183,0,187,0,4,202,0,206,142,0,142,348
03/30/2021,LOU,KY,ASO,CE,Towers with Radar,0,0,13,0,13,0,3,55,0,58,0,3,68,0,71,0,0,0,71
03/31/2021,LOU,KY,ASO,CE,Towers with Radar,0,0,17,0,17,0,6,58,0,64,0,6,75,0,81,46,0,46,127
04/01/2021,LOU,KY,ASO,CE,Towers with Radar,0,1,19,0,20,0,1,103,0,104,0,2,122,0,124,74,0,74,198
04/02/2021,LOU,KY,ASO,CE,Towers with Radar,1,0,23,0,24,0,9,208,0,217,1,9,231,0,241,148,0,148,389
04/03/2021,LOU,KY,ASO,CE,Towers with Radar,0,3,24,0,27,0,5,196,4,205,0,8,220,4,232,154,0,154,386
04/04/2021,LOU,KY,ASO,CE,Towers with Radar,0,1,23,0,24,0,0,126,0,126,0,1,149,0,150,94,0,94,244
04/05/2021,LOU,KY,ASO,CE,Towers with Radar,0,6,23,0,29,0,4,161,0,165,0,10,184,0,194,140,0,140,334
04/06/2021,LOU,KY,ASO,CE,Towers with Radar,0,0,20,0,20,0,7,173,1,181,0,7,193,1,201,200,0,200,401
04/07/2021,LOU,KY,ASO,CE,Towers with Radar,0,0,19,0,19,0,4,80,0,84,0,4,99,0,103,48,0,48,151
04/08/2021,LOU,KY,ASO,CE,Towers with Radar,0,0,21,0,21,0,0,13,2,15,0,0,34,2,36,40,0,40,76
04/09/2021,LOU,KY,ASO,CE,Towers with Radar,0,0,21,0,21,0,0,87,0,87,0,0,108,0,108,56,0,56,164
04/10/2021,LOU,KY,ASO,CE,Towers with Radar,0,0,3,0,3,0,0,12,0,12,0,0,15,0,15,34,0,34,49
04/11/2021,LOU,KY,ASO,CE,Towers with Radar,0,0,19,0,19,0,1,21,0,22,0,1,40,0,41,4,0,4,45
04/12/2021,LOU,KY,ASO,CE,Towers with Radar,0,3,28,0,31,0,1,145,0,146,0,4,173,0,177,126,0,126,303
04/13/2021,LOU,KY,ASO,CE,Towers with Radar,0,3,34,0,37,0,0,152,0,152,0,3,186,0,189,154,0,154,343
04/14/2021,LOU,KY,ASO,CE,Towers with Radar,0,0,41,2,43,0,0,149,2,151,0,0,190,4,194,210,0,210,404
04/15/2021,LOU,KY,ASO,CE,Towers with Radar,0,0,38,1,39,0,3,157,4,164,0,3,195,5,203,132,0,132,335
04/16/2021,LOU,KY,ASO,CE,Towers with Radar,0,2,16,0,18,0,0,196,0,196,0,2,212,0,214,136,0,136,350
04/17/2021,LOU,KY,ASO,CE,Towers with Radar,0,2,7,1,10,4,7,84,8,103,4,9,91,9,113,92,0,92,205
04/18/2021,LOU,KY,ASO,CE,Towers with Radar,0,0,22,1,23,0,2,182,0,184,0,2,204,1,207,192,0,192,399
04/19/2021,LOU,KY,ASO,CE,Towers with Radar,0,1,25,2,28,0,4,160,0,164,0,5,185,2,192,170,0,170,362
04/20/2021,LOU,KY,ASO,CE,Towers with Radar,0,3,21,0,24,0,1,129,0,130,0,4,150,0,154,78,0,78,232
04/21/2021,LOU,KY,ASO,CE,Towers with Radar,0,0,26,0,26,0,3,91,0,94,0,3,117,0,120,319,0,319,439
04/22/2021,LOU,KY,ASO,CE,Towers with Radar,0,2,24,0,26,0,5,191,0,196,0,7,215,0,222,168,0,168,390
04/23/2021,LOU,KY,ASO,CE,Towers with Radar,0,2,33,0,35,0,3,173,0,176,0,5,206,0,211,100,0,100,311
04/24/2021,LOU,KY,ASO,CE,Towers with Radar,0,0,25,0,25,0,0,19,0,19,0,0,44,0,44,22,0,22,66
04/25/2021,LOU,KY,ASO,CE,Towers with Radar,0,2,39,0,41,0,7,107,0,114,0,9,146,0,155,54,0,54,209
04/26/2021,LOU,KY,ASO,CE,Towers with Radar,0,0,23,0,23,0,4,187,2,193,0,4,210,2,216,85,0,85,301
04/27/2021,LOU,KY,ASO,CE,Towers with Radar,0,0,24,0,24,0,5,99,3,107,0,5,123,3,131,60,0,60,191
04/28/2021,LOU,KY,ASO,CE,Towers with Radar,0,2,25,0,27,0,0,30,0,30,0,2,55,0,57,50,0,50,107
04/29/2021,LOU,KY,ASO,CE,Towers with Radar,0,2,43,0,45,0,1,4,1,6,0,3,47,1,51,12,0,12,63
04/30/2021,LOU,KY,ASO,CE,Towers with Radar,0,9,31,0,40,0,10,114,1,125,0,19,145,1,165,48,0,48,213
05/01/2021,LOU,KY,ASO,CE,Towers with Radar,0,10,27,0,37,0,8,175,1,184,0,18,202,1,221,175,0,175,396
05/02/2021,LOU,KY,ASO,CE,Towers with Radar,0,13,73,0,86,0,8,155,0,163,0,21,228,0,249,104,0,104,353
05/03/2021,LOU,KY,ASO,CE,Towers with Radar,0,1,16,0,17,0,1,47,0,48,0,2,63,0,65,162,0,162,227
05/04/2021,LOU,KY,ASO,CE,Towers with Radar,0,1,10,0,11,0,0,30,0,30,0,1,40,0,41,84,0,84,125
05/05/2021,LOU,KY,ASO,CE,Towers with Radar,0,6,45,0,51,0,4,141,0,145,0,10,186,0,196,242,0,242,438
05/06/2021,LOU,KY,ASO,CE,Towers with Radar,0,4,21,0,25,0,3,161,3,167,0,7,182,3,192,182,0,182,374
05/07/2021,LOU,KY,ASO,CE,Towers with Radar,0,0,38,0,38,0,3,141,0,144,0,3,179,0,182,146,0,146,328
05/08/2021,LOU,KY,ASO,CE,Towers with Radar,0,2,18,0,20,0,13,216,0,229,0,15,234,0,249,138,0,138,387
05/09/2021,LOU,KY,ASO,CE,Towers with Radar,0,1,7,0,8,0,3,4,0,7,0,4,11,0,15,0,0,0,15
05/10/2021,LOU,KY,ASO,CE,Towers with Radar,0,3,19,0,22,0,2,137,0,139,0,5,156,0,161,102,0,102,263
05/11/2021,LOU,KY,ASO,CE,Towers with Radar,0,3,24,0,27,0,4,155,1,160,0,7,179,1,187,146,0,146,333
05/12/2021,LOU,KY,ASO,CE,Towers with Radar,0,7,27,0,34,0,9,139,0,148,0,16,166,0,182,138,0,138,320
05/13/2021,LOU,KY,ASO,CE,Towers with Radar,0,0,19,0,19,0,8,205,0,213,0,8,224,0,232,150,0,150,382
05/14/2021,LOU,KY,ASO,CE,Towers with Radar,0,0,16,2,18,0,5,214,5,224,0,5,230,7,242,254,0,254,496
05/15/2021,LOU,KY,ASO,CE,Towers with Radar,0,0,24,0,24,0,8,213,2,223,0,8,237,2,247,160,0,160,407
05/16/2021,LOU,KY,ASO,CE,Towers with Radar,0,0,31,0,31,0,8,77,2,87,0,8,108,2,118,176,0,176,294
05/17/2021,LOU,KY,ASO,CE,Towers with Radar,0,4,13,0,17,0,1,111,0,112,0,5,124,0,129,183,0,183,312
05/18/2021,LOU,KY,ASO,CE,Towers with Radar,0,2,23,2,27,0,3,112,1,116,0,5,135,3,143,130,0,130,273
05/19/2021,LOU,KY,ASO,CE,Towers with Radar,0,0,36,0,36,0,6,155,1,162,0,6,191,1,198,240,0,240,438
05/20/2021,LOU,KY,ASO,CE,Towers with Radar,0,2,16,0,18,0,9,194,1,204,0,11,210,1,222,178,0,178,400
05/21/2021,LOU,KY,ASO,CE,Towers with Radar,0,0,21,0,21,0,4,167,0,171,0,4,188,0,192,150,0,150,342
05/22/2021,LOU,KY,ASO,CE,Towers with Radar,0,0,16,0,16,0,2,191,2,195,0,2,207,2,211,132,0,132,343
05/23/2021,LOU,KY,ASO,CE,Towers with Radar,0,0,23,0,23,0,8,175,2,185,0,8,198,2,208,162,0,162,370
05/24/2021,LOU,KY,ASO,CE,Towers with Radar,0,2,22,0,24,0,3,330,0,333,0,5,352,0,357,101,0,101,458
05/25/2021,LOU,KY,ASO,CE,Towers with Radar,0,0,19,0,19,0,9,172,0,181,0,9,191,0,200,149,0,149,349
05/26/2021,LOU,KY,ASO,CE,Towers with Radar,0,1,23,0,24,0,3,35,0,38,0,4,58,0,62,118,0,118,180
05/27/2021,LOU,KY,ASO,CE,Towers with Radar,0,1,22,1,24,0,11,128,0,139,0,12,150,1,163,70,0,70,233
05/28/2021,LOU,KY,ASO,CE,Towers with Radar,0,2,18,0,20,0,7,45,1,53,0,9,63,1,73,60,0,60,133
05/29/2021,LOU,KY,ASO,CE,Towers with Radar,0,0,25,0,25,0,10,43,0,53,0,10,68,0,78,80,0,80,158
05/30/2021,LOU,KY,ASO,CE,Towers with Radar,0,2,16,0,18,0,11,147,0,158,0,13,163,0,176,84,0,84,260
05/31/2021,LOU,KY,ASO,CE,Towers with Radar,0,2,14,0,16,0,9,186,1,196,0,11,200,1,212,232,0,232,444
06/01/2021,LOU,KY,ASO,CE,Towers with Radar,0,1,23,0,24,0,7,149,0,156,0,8,172,0,180,290,0,290,470
06/02/2021,LOU,KY,ASO,CE,Towers with Radar,0,3,14,0,17,0,0,5,0,5,0,3,19,0,22,0,0,0,22
06/03/2021,LOU,KY,ASO,CE,Towers with Radar,0,2,13,0,15,0,3,10,0,13,0,5,23,0,28,40,0,40,68
06/04/2021,LOU,KY,ASO,CE,Towers with Radar,0,2,17,2,21,0,8,201,0,209,0,10,218,2,230,176,0,176,406
06/05/2021,LOU,KY,ASO,CE,Towers with Radar,0,2,20,0,22,0,7,258,2,267,0,9,278,2,289,148,0,148,437
06/06/2021,LOU,KY,ASO,CE,Towers with Radar,0,1,18,0,19,0,1,87,0,88,0,2,105,0,107,112,0,112,219
06/07/2021,LOU,KY,ASO,CE,Towers with Radar,0,1,34,2,37,0,5,46,0,51,0,6,80,2,88,182,0,182,270
06/08/2021,LOU,KY,ASO,CE,Towers with Radar,0,2,15,0,17,0,1,81,0,82,0,3,96,0,99,144,0,144,243
06/09/2021,LOU,KY,ASO,CE,Towers with Radar,0,2,30,0,32,0,3,42,0,45,0,5,72,0,77,208,0,208,285
06/10/2021,LOU,KY,ASO,CE,Towers with Radar,0,0,24,0,24,0,6,48,0,54,0,6,72,0,78,186,0,186,264
06/11/2021,LOU,KY,ASO,CE,Towers with Radar,0,0,31,0,31,0,4,50,0,54,0,4,81,0,85,156,0,156,241
06/12/2021,LOU,KY,ASO,CE,Towers with Radar,0,0,22,0,22,0,9,175,0,184,0,9,197,0,206,147,0,147,353
06/13/2021,LOU,KY,ASO,CE,Towers with Radar,0,2,18,0,20,0,6,146,0,152,0,8,164,0,172,194,0,194,366
06/14/2021,LOU,KY,ASO,CE,Towers with Radar,0,0,19,0,19,0,3,160,0,163,0,3,179,0,182,218,0,218,400
06/15/2021,LOU,KY,ASO,CE,Towers with Radar,0,0,15,0,15,0,2,185,2,189,0,2,200,2,204,210,0,210,414
06/16/2021,LOU,KY,ASO,CE,Towers with Radar,0,2,31,0,33,0,10,209,2,221,0,12,240,2,254,344,0,344,598
06/17/2021,LOU,KY,ASO,CE,Towers with Radar,0,0,24,0,24,0,6,221,1,228,0,6,245,1,252,235,0,235,487
06/18/2021,LOU,KY,ASO,CE,Towers with Radar,0,1,46,0,47,0,5,102,0,107,0,6,148,0,154,158,0,158,312
06/19/2021,LOU,KY,ASO,CE,Towers with Radar,0,2,20,0,22,0,16,84,2,102,0,18,104,2,124,46,0,46,170
06/20/2021,LOU,KY,ASO,CE,Towers with Radar,0,2,17,0,19,0,15,101,0,116,0,17,118,0,135,48,0,48,183
06/21/2021,LOU,KY,ASO,CE,Towers with Radar,0,2,25,0,27,0,0,19,0,19,0,2,44,0,46,8,0,8,54
06/22/2021,LOU,KY,ASO,CE,Towers with Radar,0,4,14,0,18,0,8,202,0,210,0,12,216,0,228,216,0,216,444
06/23/2021,LOU,KY,ASO,CE,Towers with Radar,0,4,25,0,29,0,5,208,0,213,0,9,233,0,242,200,0,200,442
06/24/2021,LOU,KY,ASO,CE,Towers with Radar,0,1,28,0,29,0,6,170,2,178,0,7,198,2,207,104,0,104,311
06/25/2021,LOU,KY,ASO,CE,Towers with Radar,0,0,15,0,15,0,16,77,0,93,0,16,92,0,108,74,0,74,182
06/26/2021,LOU,KY,ASO,CE,Towers with Radar,0,0,20,0,20,0,14,124,0,138,0,14,144,0,158,34,0,34,192
06/27/2021,LOU,KY,ASO,CE,Towers with Radar,0,1,33,1,35,0,6,112,0,118,0,7,145,1,153,52,0,52,205
06/28/2021,LOU,KY,ASO,CE,Towers with Radar,0,1,13,0,14,0,0,167,0,167,0,1,180,0,181,368,0,368,549
06/29/2021,LOU,KY,ASO,CE,Towers with Radar,0,3,16,0,19,0,10,136,1,147,0,13,152,1,166,241,0,241,407
06/30/2021,LOU,KY,ASO,CE,Towers with Radar,0,1,29,0,30,0,3,120,0,123,0,4,149,0,153,242,0,242,395
07/01/2021,LOU,KY,ASO,CE,Towers with Radar,0,1,10,0,11,0,1,35,0,36,0,2,45,0,47,66,0,66,113
07/02/2021,LOU,KY,ASO,CE,Towers with Radar,0,0,45,0,45,0,2,123,0,125,0,2,168,0,170,164,0,164,334
07/03/2021,LOU,KY,ASO,CE,Towers with Radar,0,2,4,0,6,0,23,187,0,210,0,25,191,0,216,178,0,178,394
07/04/2021,LOU,KY,ASO,CE,Towers with Radar,0,1,8,2,11,0,5,96,0,101,0,6,104,2,112,82,0,82,194
07/05/2021,LOU,KY,ASO,CE,Towers with Radar,0,1,23,0,24,0,12,137,3,152,0,13,160,3,176,176,0,176,352
07/06/2021,LOU,KY,ASO,CE,Towers with Radar,0,0,19,0,19,0,6,106,0,112,0,6,125,0,131,236,0,236,367
07/07/2021,LOU,KY,ASO,CE,Towers with Radar,0,0,26,0,26,0,0,90,0,90,0,0,116,0,116,174,0,174,290
07/08/2021,LOU,KY,ASO,CE,Towers with Radar,0,0,28,0,28,0,6,49,0,55,0,6,77,0,83,94,0,94,177
07/09/2021,LOU,KY,ASO,CE,Towers with Radar,0,0,27,0,27,0,10,208,1,219,0,10,235,1,246,250,0,250,496
07/10/2021,LOU,KY,ASO,CE,Towers with Radar,0,0,15,5,20,0,4,50,2,56,0,4,65,7,76,94,0,94,170
07/11/2021,LOU,KY,ASO,CE,Towers with Radar,0,0,16,0,16,0,2,32,0,34,0,2,48,0,50,116,0,116,166
07/12/2021,LOU,KY,ASO,CE,Towers with Radar,0,0,21,0,21,0,1,43,0,44,0,1,64,0,65,48,0,48,113
07/13/2021,LOU,KY,ASO,CE,Towers with Radar,0,2,26,0,28,0,2,45,0,47,0,4,71,0,75,76,0,76,151
07/14/2021,LOU,KY,ASO,CE,Towers with Radar,0,0,35,0,35,0,4,222,0,226,0,4,257,0,261,256,0,256,517
07/15/2021,LOU,KY,ASO,CE,Towers with Radar,0,0,35,0,35,0,4,187,0,191,0,4,222,0,226,180,0,180,406
07/16/2021,LOU,KY,ASO,CE,Towers with Radar,0,0,11,0,11,0,2,83,0,85,0,2,94,0,96,144,0,144,240
07/17/2021,LOU,KY,ASO,CE,Towers with Radar,0,0,22,0,22,0,11,74,0,85,0,11,96,0,107,178,0,178,285
07/18/2021,LOU,KY,ASO,CE,Towers with Radar,0,1,19,0,20,0,9,132,0,141,0,10,151,0,161,138,0,138,299
07/19/2021,LOU,KY,ASO,CE,Towers with Radar,0,3,18,0,21,0,5,168,0,173,0,8,186,0,194,182,0,182,376
07/20/2021,LOU,KY,ASO,CE,Towers with Radar,0,0,42,0,42,0,5,194,0,199,0,5,236,0,241,232,0,232,473
07/21/2021,LOU,KY,ASO,CE,Towers with Radar,0,2,25,0,27,0,3,172,0,175,0,5,197,0,202,254,0,254,456
07/22/2021,LOU,KY,ASO,CE,Towers with Radar,0,5,24,0,29,0,6,184,0,190,0,11,208,0,219,130,0,130,349
07/23/2021,LOU,KY,ASO,CE,Towers with Radar,0,6,22,2,30,0,2,170,0,172,0,8,192,2,202,186,0,186,388
07/24/2021,LOU,KY,ASO,CE,Towers with Radar,0,0,25,0,25,0,10,179,0,189,0,10,204,0,214,87,0,87,301
07/25/2021,LOU,KY,ASO,CE,Towers with Radar,0,4,16,0,20,0,10,62,0,72,0,14,78,0,92,104,0,104,196
07/26/2021,LOU,KY,ASO,CE,Towers with Radar,0,0,18,0,18,0,4,139,0,143,0,4,157,0,161,110,0,110,271
07/27/2021,LOU,KY,ASO,CE,Towers with Radar,0,0,18,0,18,0,10,155,0,165,0,10,173,0,183,134,0,134,317
07/28/2021,LOU,KY,ASO,CE,Towers with Radar,0,4,28,0,32,0,7,151,2,160,0,11,179,2,192,250,0,250,442
07/29/2021,LOU,KY,ASO,CE,Towers with Radar,0,0,34,0,34,0,4,113,0,117,0,4,147,0,151,132,0,132,283
07/30/2021,LOU,KY,ASO,CE,Towers with Radar,0,0,41,0,41,0,8,110,1,119,0,8,151,1,160,220,0,220,380
07/31/2021,LOU,KY,ASO,CE,Towers with Radar,0,5,12,0,17,0,13,70,0,83,0,18,82,0,100,224,0,224,324
08/01/2021,LOU,KY,ASO,CE,Towers with Radar,0,3,14,0,17,0,16,122,1,139,0,19,136,1,156,140,0,140,296
08/02/2021,LOU,KY,ASO,CE,Towers with Radar,0,0,19,0,19,0,4,149,0,153,0,4,168,0,172,88,0,88,260
08/03/2021,LOU,KY,ASO,CE,Towers with Radar,0,0,27,0,27,0,9,153,0,162,0,9,180,0,189,216,0,216,405
08/04/2021,LOU,KY,ASO,CE,Towers with Radar,0,1,33,0,34,0,7,151,0,158,0,8,184,0,192,114,0,114,306
08/05/2021,LOU,KY,ASO,CE,Towers with Radar,0,1,34,0,35,0,2,157,2,161,0,3,191,2,196,168,0,168,364
08/06/2021,LOU,KY,ASO,CE,Towers with Radar,0,0,21,0,21,0,5,142,1,148,0,5,163,1,169,268,0,268,437
08/07/2021,LOU,KY,ASO,CE,Towers with Radar,0,2,28,0,30,0,3,147,2,152,0,5,175,2,182,120,0,120,302
08/08/2021,LOU,KY,ASO,CE,Towers with Radar,0,2,22,0,24,0,6,165,0,171,0,8,187,0,195,74,0,74,269
08/09/2021,LOU,KY,ASO,CE,Towers with Radar,0,0,20,0,20,0,0,56,0,56,0,0,76,0,76,146,0,146,222
08/10/2021,LOU,KY,ASO,CE,Towers with Radar,0,1,30,0,31,0,5,94,2,101,0,6,124,2,132,228,0,228,360
08/11/2021,LOU,KY,ASO,CE,Towers with Radar,0,2,21,0,23,0,4,141,0,145,0,6,162,0,168,152,0,152,320
08/12/2021,LOU,KY,ASO,CE,Towers with Radar,0,0,29,0,29,0,3,146,2,151,0,3,175,2,180,102,0,102,282
08/13/2021,LOU,KY,ASO,CE,Towers with Radar,0,0,22,0,22,0,7,118,0,125,0,7,140,0,147,186,0,186,333
08/14/2021,LOU,KY,ASO,CE,Towers with Radar,0,0,25,0,25,0,8,71,0,79,0,8,96,0,104,58,0,58,162
08/15/2021,LOU,KY,ASO,CE,Towers with Radar,0,0,23,0,23,0,2,62,0,64,0,2,85,0,87,278,0,278,365
08/16/2021,LOU,KY,ASO,CE,Towers with Radar,0,0,28,2,30,0,1,40,0,41,0,1,68,2,71,144,0,144,215
08/17/2021,LOU,KY,ASO,CE,Towers with Radar,0,0,25,0,25,0,1,86,0,87,0,1,111,0,112,208,0,208,320
08/18/2021,LOU,KY,ASO,CE,Towers with Radar,0,0,23,0,23,0,3,169,0,172,0,3,192,0,195,208,0,208,403
08/19/2021,LOU,KY,ASO,CE,Towers with Radar,0,0,19,0,19,0,5,79,0,84,0,5,98,0,103,138,0,138,241
08/20/2021,LOU,KY,ASO,CE,Towers with Radar,0,2,25,0,27,0,9,170,0,179,0,11,195,0,206,168,0,168,374
08/21/2021,LOU,KY,ASO,CE,Towers with Radar,0,0,21,0,21,0,1,177,0,178,0,1,198,0,199,124,0,124,323
08/22/2021,LOU,KY,ASO,CE,Towers with Radar,0,4,16,0,20,0,5,134,0,139,0,9,150,0,159,152,0,152,311
08/23/2021,LOU,KY,ASO,CE,Towers with Radar,0,2,16,0,18,0,0,163,0,163,0,2,179,0,181,186,0,186,367
08/24/2021,LOU,KY,ASO,CE,Towers with Radar,0,0,32,0,32,0,4,143,0,147,0,4,175,0,179,140,0,140,319
08/25/2021,LOU,KY,ASO,CE,Towers with Radar,0,1,30,0,31,0,3,88,2,93,0,4,118,2,124,140,0,140,264
08/26/2021,LOU,KY,ASO,CE,Towers with Radar,0,1,14,0,15,0,10,172,0,182,0,11,186,0,197,152,0,152,349
08/27/2021,LOU,KY,ASO,CE,Towers with Radar,0,1,26,0,27,0,1,102,0,103,0,2,128,0,130,118,0,118,248
08/28/2021,LOU,KY,ASO,CE,Towers with Radar,0,0,18,2,20,0,10,176,0,186,0,10,194,2,206,182,0,182,388
08/29/2021,LOU,KY,ASO,CE,Towers with Radar,0,0,32,0,32,0,13,145,0,158,0,13,177,0,190,104,0,104,294
08/30/2021,LOU,KY,ASO,CE,Towers with Radar,0,1,18,0,19,0,2,25,0,27,0,3,43,0,46,38,0,38,84
08/31/2021,LOU,KY,ASO,CE,Towers with Radar,0,1,9,0,10,0,0,4,0,4,0,1,13,0,14,2,0,2,16
09/01/2021,LOU,KY,ASO,CE,Towers with Radar,0,1,27,0,28,0,8,97,2,107,0,9,124,2,135,80,0,80,215
09/02/2021,LOU,KY,ASO,CE,Towers with Radar,0,1,23,0,24,0,2,185,0,187,0,3,208,0,211,142,0,142,353
09/03/2021,LOU,KY,ASO,CE,Towers with Radar,0,2,26,0,28,0,9,171,0,180,0,11,197,0,208,128,0,128,336
09/04/2021,LOU,KY,ASO,CE,Towers with Radar,0,0,9,0,9,0,14,153,2,169,0,14,162,2,178,126,0,126,304
09/05/2021,LOU,KY,ASO,CE,Towers with Radar,0,0,23,0,23,0,4,42,0,46,0,4,65,0,69,82,0,82,151
09/06/2021,LOU,KY,ASO,CE,Towers with Radar,0,1,21,0,22,0,2,214,2,218,0,3,235,2,240,216,0,216,456
09/07/2021,LOU,KY,ASO,CE,Towers with Radar,0,1,22,1,24,0,6,162,1,169,0,7,184,2,193,152,0,152,345
09/08/2021,LOU,KY,ASO,CE,Towers with Radar,1,0,31,0,32,0,0,97,0,97,1,0,128,0,129,52,0,52,181
09/09/2021,LOU,KY,ASO,CE,Towers with Radar,0,2,29,0,31,0,0,175,2,177,0,2,204,2,208,166,0,166,374
09/10/2021,LOU,KY,ASO,CE,Towers with Radar,0,2,26,0,28,0,6,178,0,184,0,8,204,0,212,118,0,118,330
09/11/2021,LOU,KY,ASO,CE,Towers with Radar,0,0,16,0,16,0,10,144,2,156,0,10,160,2,172,128,0,128,300
09/12/2021,LOU,KY,ASO,CE,Towers with Radar,0,0,21,0,21,0,9,132,0,141,0,9,153,0,162,86,0,86,248
09/13/2021,LOU,KY,ASO,CE,Towers with Radar,0,2,21,0,23,0,3,142,1,146,0,5,163,1,169,132,0,132,301
09/14/2021,LOU,KY,ASO,CE,Towers with Radar,0,2,13,0,15,0,3,112,0,115,0,5,125,0,130,70,0,70,200
09/15/2021,LOU,KY,ASO,CE,Towers with Radar,0,2,16,0,18,0,3,70,0,73,0,5,86,0,91,100,0,100,191
09/16/2021,LOU,KY,ASO,CE,Towers with Radar,0,1,22,0,23,0,4,97,0,101,0,5,119,0,124,180,0,180,304
09/17/2021,LOU,KY,ASO,CE,Towers with Radar,0,0,31,0,31,0,5,163,0,168,0,5,194,0,199,128,0,128,327
09/18/2021,LOU,KY,ASO,CE,Towers with Radar,0,0,16,0,16,0,2,196,1,199,0,2,212,1,215,49,0,49,264
09/19/2021,LOU,KY,ASO,CE,Towers with Radar,0,2,24,0,26,0,3,101,1,105,0,5,125,1,131,134,0,134,265
09/20/2021,LOU,KY,ASO,CE,Towers with Radar,0,1,19,0,20,0,1,17,0,18,0,2,36,0,38,0,0,0,38
09/21/2021,LOU,KY,ASO,CE,Towers with Radar,0,1,23,0,24,0,2,19,0,21,0,3,42,0,45,136,0,136,181
09/22/2021,LOU,KY,ASO,CE,Towers with Radar,0,0,14,0,14,0,0,2,0,2,0,0,16,0,16,0,0,0,16
09/23/2021,LOU,KY,ASO,CE,Towers with Radar,0,0,36,2,38,0,5,148,1,154,0,5,184,3,192,156,0,156,348
09/24/2021,LOU,KY,ASO,CE,Towers with Radar,0,0,29,0,29,0,13,183,0,196,0,13,212,0,225,118,0,118,343
09/25/2021,LOU,KY,ASO,CE,Towers with Radar,0,0,19,0,19,0,11,125,0,136,0,11,144,0,155,112,0,112,267
09/26/2021,LOU,KY,ASO,CE,Towers with Radar,0,0,25,0,25,0,12,207,0,219,0,12,232,0,244,126,0,126,370
09/27/2021,LOU,KY,ASO,CE,Towers with Radar,0,2,27,0,29,0,2,86,0,88,0,4,113,0,117,126,0,126,243
09/28/2021,LOU,KY,ASO,CE,Towers with Radar,0,1,30,0,31,0,6,163,1,170,0,7,193,1,201,132,0,132,333
09/29/2021,LOU,KY,ASO,CE,Towers with Radar,0,0,45,0,45,0,4,141,2,147,0,4,186,2,192,174,0,174,366
09/30/2021,LOU,KY,ASO,CE,Towers with Radar,0,3,17,0,20,0,8,145,0,153,0,11,162,0,173,180,0,180,353
10/01/2021,LOU,KY,ASO,CE,Towers with Radar,0,0,20,0,20,0,2,152,2,156,0,2,172,2,176,114,0,114,290
10/02/2021,LOU,KY,ASO,CE,Towers with Radar,0,0,13,0,13,0,8,107,1,116,0,8,120,1,129,180,0,180,309
10/03/2021,LOU,KY,ASO,CE,Towers with Radar,0,0,13,0,13,0,0,7,0,7,0,0,20,0,20,36,0,36,56
10/04/2021,LOU,KY,ASO,CE,Towers with Radar,0,1,40,0,41,0,3,56,0,59,0,4,96,0,100,170,0,170,270
10/05/2021,LOU,KY,ASO,CE,Towers with Radar,0,1,30,0,31,0,6,94,0,100,0,7,124,0,131,206,0,206,337
10/06/2021,LOU,KY,ASO,CE,Towers with Radar,0,3,25,0,28,0,0,32,0,32,0,3,57,0,60,44,0,44,104
10/07/2021,LOU,KY,ASO,CE,Towers with Radar,0,1,17,0,18,0,2,102,0,104,0,3,119,0,122,212,0,212,334
10/08/2021,LOU,KY,ASO,CE,Towers with Radar,0,0,24,0,24,0,4,138,0,142,0,4,162,0,166,302,0,302,468
10/09/2021,LOU,KY,ASO,CE,Towers with Radar,0,0,20,0,20,0,11,180,0,191,0,11,200,0,211,234,0,234,445
10/10/2021,LOU,KY,ASO,CE,Towers with Radar,0,0,27,0,27,0,18,171,0,189,0,18,198,0,216,138,0,138,354
10/11/2021,LOU,KY,ASO,CE,Towers with Radar,0,0,9,0,9,0,0,57,0,57,0,0,66,0,66,46,0,46,112
10/12/2021,LOU,KY,ASO,CE,Towers with Radar,0,0,24,0,24,0,15,121,1,137,0,15,145,1,161,136,0,136,297
10/13/2021,LOU,KY,ASO,CE,Towers with Radar,0,2,41,0,43,0,10,41,0,51,0,12,82,0,94,114,0,114,208
10/14/2021,LOU,KY,ASO,CE,Towers with Radar,0,2,33,0,35,0,4,158,0,162,0,6,191,0,197,184,0,184,381
10/15/2021,LOU,KY,ASO,CE,Towers with Radar,0,2,19,0,21,0,4,17,0,21,0,6,36,0,42,58,0,58,100
10/16/2021,LOU,KY,ASO,CE,Towers with Radar,0,0,18,0,18,0,14,86,0,100,0,14,104,0,118,60,0,60,178
10/17/2021,LOU,KY,ASO,CE,Towers with Radar,0,3,19,0,22,0,2,154,0,156,0,5,173,0,178,204,0,204,382
10/18/2021,LOU,KY,ASO,CE,Towers with Radar,0,2,29,0,31,0,6,174,0,180,0,8,203,0,211,236,0,236,447
10/19/2021,LOU,KY,ASO,CE,Towers with Radar,0,1,33,0,34,0,2,150,0,152,0,3,183,0,186,172,0,172,358
10/20/2021,LOU,KY,ASO,CE,Towers with Radar,0,1,25,0,26,0,2,151,0,153,0,3,176,0,179,226,0,226,405
10/21/2021,LOU,KY,ASO,CE,Towers with Radar,0,0,31,2,33,0,2,52,0,54,0,2,83,2,87,102,0,102,189
10/22/2021,LOU,KY,ASO,CE,Towers with Radar,0,0,44,0,44,0,2,68,3,73,0,2,112,3,117,214,0,214,331
10/23/2021,LOU,KY,ASO,CE,Towers with Radar,0,0,25,0,25,0,8,201,0,209,0,8,226,0,234,174,0,174,408
10/24/2021,LOU,KY,ASO,CE,Towers with Radar,0,2,17,0,19,0,4,27,0,31,0,6,44,0,50,34,0,34,84
10/25/2021,LOU,KY,ASO,CE,Towers with Radar,0,0,8,0,8,0,2,12,0,14,0,2,20,0,22,22,0,22,44
10/26/2021,LOU,KY,ASO,CE,Towers with Radar,0,0,39,2,41,0,2,137,0,139,0,2,176,2,180,132,0,132,312
10/27/2021,LOU,KY,ASO,CE,Towers with Radar,0,2,27,2,31,0,8,189,2,199,0,10,216,4,230,232,0,232,462
10/28/2021,LOU,KY,ASO,CE,Towers with Radar,0,0,13,0,13,0,0,8,0,8,0,0,21,0,21,14,0,14,35
10/29/2021,LOU,KY,ASO,CE,Towers with Radar,0,0,42,0,42,0,0,27,0,27,0,0,69,0,69,86,0,86,155
10/30/2021,LOU,KY,ASO,CE,Towers with Radar,0,0,18,0,18,0,5,4,0,9,0,5,22,0,27,14,0,14,41
10/31/2021,LOU,KY,ASO,CE,Towers with Radar,0,2,17,0,19,0,7,142,0,149,0,9,159,0,168,276,0,276,444
11/01/2021,LOU,KY,ASO,CE,Towers with Radar,0,2,18,0,20,0,9,162,0,171,0,11,180,0,191,180,0,180,371
11/02/2021,LOU,KY,ASO,CE,Towers with Radar,0,2,19,0,21,0,3,133,3,139,0,5,152,3,160,179,0,179,339
11/03/2021,LOU,KY,ASO,CE,Towers with Radar,0,0,17,0,17,0,9,159,0,168,0,9,176,0,185,250,0,250,435
11/04/2021,LOU,KY,ASO,CE,Towers with Radar,0,2,18,2,22,0,3,181,0,184,0,5,199,2,206,204,0,204,410
11/05/2021,LOU,KY,ASO,CE,Towers with Radar,0,0,18,2,20,0,6,161,0,167,0,6,179,2,187,254,0,254,441
11/06/2021,LOU,KY,ASO,CE,Towers with Radar,0,3,17,0,20,0,7,213,0,220,0,10,230,0,240,166,0,166,406
11/07/2021,LOU,KY,ASO,CE,Towers with Radar,0,2,21,0,23,0,11,207,1,219,0,13,228,1,242,186,0,186,428
11/08/2021,LOU,KY,ASO,CE,Towers with Radar,0,4,17,2,23,0,3,151,0,154,0,7,168,2,177,170,0,170,347
11/09/2021,LOU,KY,ASO,CE,Towers with Radar,0,2,21,2,25,0,0,140,0,140,0,2,161,2,165,166,0,166,331
11/10/2021,LOU,KY,ASO,CE,Towers with Radar,0,1,24,0,25,0,3,169,0,172,0,4,193,0,197,202,0,202,399
11/11/2021,LOU,KY,ASO,CE,Towers with Radar,0,0,9,0,9,0,1,4,0,5,0,1,13,0,14,0,0,0,14
11/12/2021,LOU,KY,ASO,CE,Towers with Radar,0,1,17,0,18,0,2,40,0,42,0,3,57,0,60,110,0,110,170
11/13/2021,LOU,KY,ASO,CE,Towers with Radar,0,0,21,0,21,0,2,125,2,129,0,2,146,2,150,130,0,130,280
11/14/2021,LOU,KY,ASO,CE,Towers with Radar,0,3,13,0,16,0,2,12,0,14,0,5,25,0,30,26,0,26,56
11/15/2021,LOU,KY,ASO,CE,Towers with Radar,0,1,26,0,27,0,4,125,1,130,0,5,151,1,157,188,0,188,345
11/16/2021,LOU,KY,ASO,CE,Towers with Radar,0,4,14,0,18,0,8,150,1,159,0,12,164,1,177,196,0,196,373
11/17/2021,LOU,KY,ASO,CE,Towers with Radar,0,3,22,0,25,0,4,25,0,29,0,7,47,0,54,8,0,8,62
11/18/2021,LOU,KY,ASO,CE,Towers with Radar,0,0,16,2,18,0,2,81,0,83,0,2,97,2,101,124,0,124,225
11/19/2021,LOU,KY,ASO,CE,Towers with Radar,0,0,27,0,27,0,3,203,0,206,0,3,230,0,233,200,0,200,433
11/20/2021,LOU,KY,ASO,CE,Towers with Radar,0,0,23,0,23,0,9,155,0,164,0,9,178,0,187,226,0,226,413
11/21/2021,LOU,KY,ASO,CE,Towers with Radar,0,0,11,0,11,0,1,1,0,2,0,1,12,0,13,0,0,0,13
11/22/2021,LOU,KY,ASO,CE,Towers with Radar,0,0,25,0,25,0,3,140,0,143,0,3,165,0,168,206,0,206,374
11/23/2021,LOU,KY,ASO,CE,Towers with Radar,0,0,36,0,36,0,2,182,1,185,0,2,218,1,221,134,0,134,355
11/24/2021,LOU,KY,ASO,CE,Towers with Radar,0,0,22,0,22,0,2,85,0,87,0,2,107,0,109,166,0,166,275
11/25/2021,LOU,KY,ASO,CE,Towers with Radar,0,0,3,0,3,0,0,1,0,1,0,0,4,0,4,0,0,0,4
11/26/2021,LOU,KY,ASO,CE,Towers with Radar,0,0,19,0,19,0,11,101,0,112,0,11,120,0,131,118,0,118,249
11/27/2021,LOU,KY,ASO,CE,Towers with Radar,0,0,9,0,9,0,5,112,0,117,0,5,121,0,126,76,0,76,202
11/28/2021,LOU,KY,ASO,CE,Towers with Radar,0,1,18,0,19,0,6,99,0,105,0,7,117,0,124,148,0,148,272
11/29/2021,LOU,KY,ASO,CE,Towers with Radar,0,1,12,0,13,0,3,118,0,121,0,4,130,0,134,112,0,112,246
11/30/2021,LOU,KY,ASO,CE,Towers with Radar,0,0,19,0,19,0,3,125,0,128,0,3,144,0,147,272,0,272,419
12/01/2021,LOU,KY,ASO,CE,Towers with Radar,0,1,31,0,32,0,8,81,0,89,0,9,112,0,121,158,0,158,279
12/02/2021,LOU,KY,ASO,CE,Towers with Radar,1,3,11,0,15,0,0,109,1,110,1,3,120,1,125,134,0,134,259
12/03/2021,LOU,KY,ASO,CE,Towers with Radar,0,2,29,0,31,0,9,199,0,208,0,11,228,0,239,150,0,150,389
12/04/2021,LOU,KY,ASO,CE,Towers with Radar,0,0,17,0,17,0,4,194,0,198,0,4,211,0,215,172,0,172,387
12/05/2021,LOU,KY,ASO,CE,Towers with Radar,0,1,15,0,16,0,4,52,0,56,0,5,67,0,72,54,0,54,126
12/06/2021,LOU,KY,ASO,CE,Towers with Radar,0,1,15,0,16,0,4,23,0,27,0,5,38,0,43,0,6,6,49
12/07/2021,LOU,KY,ASO,CE,Towers with Radar,0,1,15,0,16,0,6,96,0,102,0,7,111,0,118,150,0,150,268
12/08/2021,LOU,KY,ASO,CE,Towers with Radar,0,0,19,0,19,0,93,35,0,128,0,93,54,0,147,232,0,232,379
12/09/2021,LOU,KY,ASO,CE,Towers with Radar,0,0,24,0,24,0,8,59,0,67,0,8,83,0,91,62,0,62,153
12/10/2021,LOU,KY,ASO,CE,Towers with Radar,0,1,28,0,29,0,0,5,0,5,0,1,33,0,34,10,0,10,44
12/11/2021,LOU,KY,ASO,CE,Towers with Radar,0,1,2,0,3,0,10,4,0,14,0,11,6,0,17,0,0,0,17
12/12/2021,LOU,KY,ASO,CE,Towers with Radar,0,1,25,0,26,0,6,197,0,203,0,7,222,0,229,158,0,158,387
12/13/2021,LOU,KY,ASO,CE,Towers with Radar,0,3,24,0,27,0,7,160,0,167,0,10,184,0,194,238,0,238,432
12/14/2021,LOU,KY,ASO,CE,Towers with Radar,0,0,17,0,17,0,2,213,0,215,0,2,230,0,232,312,0,312,544
12/15/2021,LOU,KY,ASO,CE,Towers with Radar,0,1,16,0,17,0,3,91,0,94,0,4,107,0,111,58,0,58,169
12/16/2021,LOU,KY,ASO,CE,Towers with Radar,0,0,13,0,13,0,1,6,0,7,0,1,19,0,20,0,0,0,20
12/17/2021,LOU,KY,ASO,CE,Towers with Radar,0,0,17,0,17,0,2,17,0,19,0,2,34,0,36,16,0,16,52
12/18/2021,LOU,KY,ASO,CE,Towers with Radar,0,0,9,0,9,0,0,0,0,0,0,0,9,0,9,0,0,0,9
12/19/2021,LOU,KY,ASO,CE,Towers with Radar,0,2,22,0,24,0,0,72,0,72,0,2,94,0,96,116,0,116,212
12/20/2021,LOU,KY,ASO,CE,Towers with Radar,0,0,26,0,26,0,6,140,2,148,0,6,166,2,174,102,2,104,278
12/21/2021,LOU,KY,ASO,CE,Towers with Radar,0,3,32,0,35,0,4,145,1,150,0,7,177,1,185,254,0,254,439
12/22/2021,LOU,KY,ASO,CE,Towers with Radar,0,3,23,0,26,0,6,168,0,174,0,9,191,0,200,186,0,186,386
12/23/2021,LOU,KY,ASO,CE,Towers with Radar,0,0,29,0,29,0,9,115,0,124,0,9,144,0,153,174,0,174,327
12/24/2021,LOU,KY,ASO,CE,Towers with Radar,0,0,10,0,10,0,3,8,0,11,0,3,18,0,21,0,0,0,21
12/25/2021,LOU,KY,ASO,CE,Towers with Radar,0,0,3,0,3,0,1,5,0,6,0,1,8,0,9,8,0,8,17
12/26/2021,LOU,KY,ASO,CE,Towers with Radar,0,1,28,0,29,0,2,113,0,115,0,3,141,0,144,100,0,100,244
12/27/2021,LOU,KY,ASO,CE,Towers with Radar,0,2,24,0,26,0,1,52,0,53,0,3,76,0,79,80,0,80,159
12/28/2021,LOU,KY,ASO,CE,Towers with Radar,0,0,12,0,12,0,1,12,0,13,0,1,24,0,25,2,0,2,27
12/29/2021,LOU,KY,ASO,CE,Towers with Radar,0,0,30,0,30,0,0,23,0,23,0,0,53,0,53,100,0,100,153
12/30/2021,LOU,KY,ASO,CE,Towers with Radar,0,0,30,0,30,0,0,1,0,1,0,0,31,0,31,0,0,0,31
12/31/2021,LOU,KY,ASO,CE,Towers with Radar,0,0,19,0,19,0,2,111,0,113,0,2,130,0,132,190,0,190,322
01/01/2022,LOU,KY,ASO,CE,Towers with Radar,0,0,3,0,3,0,0,0,0,0,0,0,3,0,3,0,0,0,3
01/02/2022,LOU,KY,ASO,CE,Towers with Radar,0,0,6,0,6,0,1,3,0,4,0,1,9,0,10,10,0,10,20
01/03/2022,LOU,KY,ASO,CE,Towers with Radar,0,0,18,0,18,0,3,154,0,157,0,3,172,0,175,210,0,210,385
01/04/2022,LOU,KY,ASO,CE,Towers with Radar,0,0,34,0,34,0,2,121,0,123,0,2,155,0,157,118,0,118,275
01/05/2022,LOU,KY,ASO,CE,Towers with Radar,0,0,11,2,13,0,2,41,0,43,0,2,52,2,56,32,0,32,88
01/06/2022,LOU,KY,ASO,CE,Towers with Radar,0,0,4,0,4,0,0,8,0,8,0,0,12,0,12,12,0,12,24
01/07/2022,LOU,KY,ASO,CE,Towers with Radar,0,0,19,0,19,0,4,111,0,115,0,4,130,0,134,135,0,135,269
01/08/2022,LOU,KY,ASO,CE,Towers with Radar,0,4,13,0,17,0,3,95,0,98,0,7,108,0,115,232,0,232,347
01/09/2022,LOU,KY,ASO,CE,Towers with Radar,0,0,8,0,8,0,2,20,0,22,0,2,28,0,30,46,0,46,76
01/10/2022,LOU,KY,ASO,CE,Towers with Radar,0,0,32,0,32,0,4,121,0,125,0,4,153,0,157,146,0,146,303
01/11/2022,LOU,KY,ASO,CE,Towers with Radar,0,0,24,2,26,0,4,129,0,133,0,4,153,2,159,132,0,132,291
01/12/2022,LOU,KY,ASO,CE,Towers with Radar,0,0,15,0,15,0,2,100,0,102,0,2,115,0,117,88,0,88,205
01/13/2022,LOU,KY,ASO,CE,Towers with Radar,0,1,16,0,17,0,6,148,0,154,0,7,164,0,171,194,0,194,365
01/14/2022,LOU,KY,ASO,CE,Towers with Radar,0,0,19,0,19,0,1,16,0,17,0,1,35,0,36,74,0,74,110
01/15/2022,LOU,KY,ASO,CE,Towers with Radar,0,0,7,0,7,0,2,52,0,54,0,2,59,0,61,220,0,220,281
01/16/2022,LOU,KY,ASO,CE,Towers with Radar,0,0,5,0,5,0,2,70,0,72,0,2,75,0,77,78,0,78,155
01/17/2022,LOU,KY,ASO,CE,Towers with Radar,0,0,13,0,13,0,1,10,0,11,0,1,23,0,24,38,0,38,62
01/18/2022,LOU,KY,ASO,CE,Towers with Radar,0,0,21,0,21,0,2,155,1,158,0,2,176,1,179,234,0,234,413
01/19/2022,LOU,KY,ASO,CE,Towers with Radar,0,2,6,0,8,0,1,15,0,16,0,3,21,0,24,6,0,6,30
01/20/2022,LOU,KY,ASO,CE,Towers with Radar,0,1,15,0,16,0,7,41,0,48,0,8,56,0,64,44,0,44,108
01/21/2022,LOU,KY,ASO,CE,Towers with Radar,0,2,13,1,16,0,2,148,1,151,0,4,161,2,167,250,0,250,417
01/22/2022,LOU,KY,ASO,CE,Towers with Radar,0,0,14,0,14,0,6,172,0,178,0,6,186,0,192,221,0,221,413
01/23/2022,LOU,KY,ASO,CE,Towers with Radar,0,0,12,0,12,0,3,76,0,79,0,3,88,0,91,58,0,58,149
01/24/2022,LOU,KY,ASO,CE,Towers with Radar,0,0,18,0,18,0,3,80,0,83,0,3,98,0,101,126,0,126,227
01/25/2022,LOU,KY,ASO,CE,Towers with Radar,0,0,21,0,21,0,3,125,0,128,0,3,146,0,149,238,0,238,387
01/26/2022,LOU,KY,ASO,CE,Towers with Radar,0,3,8,0,11,0,2,165,0,167,0,5,173,0,178,242,0,242,420
01/27/2022,LOU,KY,ASO,CE,Towers with Radar,0,0,21,0,21,0,1,95,0,96,0,1,116,0,117,314,0,314,431
01/28/2022,LOU,KY,ASO,CE,Towers with Radar,0,0,7,0,7,0,1,0,0,1,0,1,7,0,8,0,0,0,8
01/29/2022,LOU,KY,ASO,CE,Towers with Radar,0,3,12,0,15,0,3,114,0,117,0,6,126,0,132,194,0,194,326
01/30/2022,LOU,KY,ASO,CE,Towers with Radar,0,0,21,0,21,0,3,141,0,144,0,3,162,0,165,148,0,148,313
01/31/2022,LOU,KY,ASO,CE,Towers with Radar,0,0,24,0,24,0,3,175,1,179,0,3,199,1,203,146,0,146,349
02/01/2022,LOU,KY,ASO,CE,Towers with Radar,0,0,17,0,17,0,0,148,0,148,0,0,165,0,165,90,0,90,255
02/02/2022,LOU,KY,ASO,CE,Towers with Radar,0,0,10,0,10,0,0,2,0,2,0,0,12,0,12,0,0,0,12
02/03/2022,LOU,KY,ASO,CE,Towers with Radar,0,0,0,0,0,0,0,0,0,0,0,0,0,0,0,0,0,0,0
02/04/2022,LOU,KY,ASO,CE,Towers with Radar,0,0,3,0,3,0,0,5,0,5,0,0,8,0,8,18,0,18,26
02/05/2022,LOU,KY,ASO,CE,Towers with Radar,0,0,21,0,21,0,1,115,0,116,0,1,136,0,137,318,0,318,455
02/06/2022,LOU,KY,ASO,CE,Towers with Radar,0,0,20,0,20,0,1,149,0,150,0,1,169,0,170,114,0,114,284
02/07/2022,LOU,KY,ASO,CE,Towers with Radar,0,0,17,2,19,0,1,121,1,123,0,1,138,3,142,180,0,180,322
02/08/2022,LOU,KY,ASO,CE,Towers with Radar,0,0,20,0,20,0,9,154,0,163,0,9,174,0,183,198,0,198,381
02/09/2022,LOU,KY,ASO,CE,Towers with Radar,0,0,28,0,28,0,3,148,0,151,0,3,176,0,179,142,0,142,321
02/10/2022,LOU,KY,ASO,CE,Towers with Radar,0,2,19,0,21,0,0,163,0,163,0,2,182,0,184,208,0,208,392
02/11/2022,LOU,KY,ASO,CE,Towers with Radar,0,0,8,2,10,0,1,27,0,28,0,1,35,2,38,32,0,32,70
02/12/2022,LOU,KY,ASO,CE,Towers with Radar,0,2,10,0,12,0,1,60,0,61,0,3,70,0,73,174,0,174,247
02/13/2022,LOU,KY,ASO,CE,Towers with Radar,0,4,11,0,15,0,1,126,0,127,0,5,137,0,142,252,0,252,394
02/14/2022,LOU,KY,ASO,CE,Towers with Radar,0,1,23,0,24,0,4,141,0,145,0,5,164,0,169,188,0,188,357
02/15/2022,LOU,KY,ASO,CE,Towers with Radar,0,1,26,0,27,0,0,170,0,170,0,1,196,0,197,188,0,188,385
02/16/2022,LOU,KY,ASO,CE,Towers with Radar,0,0,12,0,12,0,2,16,0,18,0,2,28,0,30,2,0,2,32
02/17/2022,LOU,KY,ASO,CE,Towers with Radar,0,0,5,0,5,0,0,0,0,0,0,0,5,0,5,0,0,0,5
02/18/2022,LOU,KY,ASO,CE,Towers with Radar,0,0,26,0,26,0,2,159,0,161,0,2,185,0,187,352,0,352,539
02/19/2022,LOU,KY,ASO,CE,Towers with Radar,0,1,24,0,25,0,1,143,2,146,0,2,167,2,171,145,0,145,316
02/20/2022,LOU,KY,ASO,CE,Towers with Radar,0,1,36,0,37,0,3,161,0,164,0,4,197,0,201,80,0,80,281
02/21/2022,LOU,KY,ASO,CE,Towers with Radar,0,0,20,0,20,0,3,116,0,119,0,3,136,0,139,122,0,122,261
02/22/2022,LOU,KY,ASO,CE,Towers with Radar,0,0,5,0,5,0,0,0,0,0,0,0,5,0,5,0,0,0,5
02/23/2022,LOU,KY,ASO,CE,Towers with Radar,0,4,9,0,13,0,1,81,3,85,0,5,90,3,98,300,0,300,398
02/24/2022,LOU,KY,ASO,CE,Towers with Radar,0,0,5,0,5,0,0,3,0,3,0,0,8,0,8,6,0,6,14
02/25/2022,LOU,KY,ASO,CE,Towers with Radar,0,0,15,0,15,0,3,43,0,46,0,3,58,0,61,192,0,192,253
02/26/2022,LOU,KY,ASO,CE,Towers with Radar,0,0,20,0,20,0,3,208,0,211,0,3,228,0,231,296,0,296,527
02/27/2022,LOU,KY,ASO,CE,Towers with Radar,0,0,34,0,34,0,3,211,0,214,0,3,245,0,248,324,0,324,572
02/28/2022,LOU,KY,ASO,CE,Towers with Radar,0,2,23,0,25,0,4,196,0,200,0,6,219,0,225,301,0,301,526
03/01/2022,LOU,KY,ASO,CE,Towers with Radar,0,2,28,0,30,0,6,164,0,170,0,8,192,0,200,226,0,226,426
03/02/2022,LOU,KY,ASO,CE,Towers with Radar,0,1,24,0,25,0,0,191,0,191,0,1,215,0,216,178,0,178,394
03/03/2022,LOU,KY,ASO,CE,Towers with Radar,0,0,20,0,20,0,5,143,0,148,0,5,163,0,168,212,0,212,380
03/04/2022,LOU,KY,ASO,CE,Towers with Radar,0,1,19,0,20,0,7,202,0,209,0,8,221,0,229,182,0,182,411
03/05/2022,LOU,KY,ASO,CE,Towers with Radar,0,0,13,0,13,0,5,60,0,65,0,5,73,0,78,32,0,32,110
03/06/2022,LOU,KY,ASO,CE,Towers with Radar,0,0,9,0,9,0,0,5,0,5,0,0,14,0,14,6,0,6,20
03/07/2022,LOU,KY,ASO,CE,Towers with Radar,0,0,10,0,10,0,2,5,0,7,0,2,15,0,17,0,0,0,17
03/08/2022,LOU,KY,ASO,CE,Towers with Radar,0,0,24,0,24,0,2,163,2,167,0,2,187,2,191,334,0,334,525
03/09/2022,LOU,KY,ASO,CE,Towers with Radar,0,1,30,0,31,0,4,156,2,162,0,5,186,2,193,234,0,234,427
03/10/2022,LOU,KY,ASO,CE,Towers with Radar,0,0,28,0,28,0,3,196,0,199,0,3,224,0,227,194,0,194,421
03/11/2022,LOU,KY,ASO,CE,Towers with Radar,0,0,17,0,17,0,4,91,0,95,0,4,108,0,112,174,0,174,286
03/12/2022,LOU,KY,ASO,CE,Towers with Radar,0,0,11,0,11,0,4,19,0,23,0,4,30,0,34,12,0,12,46
03/13/2022,LOU,KY,ASO,CE,Towers with Radar,0,0,16,0,16,0,2,40,0,42,0,2,56,0,58,32,0,32,90
03/14/2022,LOU,KY,ASO,CE,Towers with Radar,0,0,15,0,15,0,3,162,1,166,0,3,177,1,181,122,0,122,303
03/15/2022,LOU,KY,ASO,CE,Towers with Radar,0,0,23,0,23,0,15,192,0,207,0,15,215,0,230,282,0,282,512
03/16/2022,LOU,KY,ASO,CE,Towers with Radar,0,0,31,0,31,0,8,165,0,173,0,8,196,0,204,238,0,238,442
03/17/2022,LOU,KY,ASO,CE,Towers with Radar,0,0,30,0,30,0,1,192,0,193,0,1,222,0,223,155,0,155,378
03/18/2022,LOU,KY,ASO,CE,Towers with Radar,0,1,25,0,26,0,1,38,0,39,0,2,63,0,65,116,0,116,181
03/19/2022,LOU,KY,ASO,CE,Towers with Radar,0,2,8,0,10,0,1,3,3,7,0,3,11,3,17,6,0,6,23
03/20/2022,LOU,KY,ASO,CE,Towers with Radar,0,2,25,0,27,0,5,223,0,228,0,7,248,0,255,292,0,292,547
03/21/2022,LOU,KY,ASO,CE,Towers with Radar,0,0,28,0,28,0,0,214,0,214,0,0,242,0,242,206,0,206,448
03/22/2022,LOU,KY,ASO,CE,Towers with Radar,0,0,19,2,21,0,3,36,0,39,0,3,55,2,60,182,0,182,242
03/23/2022,LOU,KY,ASO,CE,Towers with Radar,0,3,23,0,26,0,3,11,1,15,0,6,34,1,41,0,0,0,41
03/24/2022,LOU,KY,ASO,CE,Towers with Radar,0,0,22,0,22,0,0,42,0,42,0,0,64,0,64,82,0,82,146
03/25/2022,LOU,KY,ASO,CE,Towers with Radar,0,1,28,0,29,0,1,79,0,80,0,2,107,0,109,112,0,112,221
03/26/2022,LOU,KY,ASO,CE,Towers with Radar,0,1,19,0,20,0,0,11,0,11,0,1,30,0,31,6,0,6,37
03/27/2022,LOU,KY,ASO,CE,Towers with Radar,0,0,29,0,29,0,5,179,0,184,0,5,208,0,213,222,0,222,435
03/28/2022,LOU,KY,ASO,CE,Towers with Radar,0,0,15,0,15,0,3,152,0,155,0,3,167,0,170,234,0,234,404
03/29/2022,LOU,KY,ASO,CE,Towers with Radar,0,2,18,2,22,0,2,129,0,131,0,4,147,2,153,232,0,232,385
03/30/2022,LOU,KY,ASO,CE,Towers with Radar,0,2,5,0,7,0,1,10,4,15,0,3,15,4,22,0,0,0,22
03/31/2022,LOU,KY,ASO,CE,Towers with Radar,0,2,10,0,12,0,1,14,0,15,0,3,24,0,27,0,0,0,27
04/01/2022,LOU,KY,ASO,CE,Towers with Radar,0,2,26,0,28,0,3,136,0,139,0,5,162,0,167,236,0,236,403
04/02/2022,LOU,KY,ASO,CE,Towers with Radar,0,0,22,0,22,0,4,156,0,160,0,4,178,0,182,186,0,186,368
04/03/2022,LOU,KY,ASO,CE,Towers with Radar,0,0,29,0,29,0,0,202,1,203,0,0,231,1,232,172,0,172,404
04/04/2022,LOU,KY,ASO,CE,Towers with Radar,0,1,19,0,20,0,3,124,6,133,0,4,143,6,153,200,0,200,353
04/05/2022,LOU,KY,ASO,CE,Towers with Radar,0,1,15,0,16,0,0,28,0,28,0,1,43,0,44,86,0,86,130
04/06/2022,LOU,KY,ASO,CE,Towers with Radar,0,0,16,0,16,0,0,9,0,9,0,0,25,0,25,6,0,6,31
04/07/2022,LOU,KY,ASO,CE,Towers with Radar,0,0,25,0,25,0,2,102,2,106,0,2,127,2,131,63,0,63,194
04/08/2022,LOU,KY,ASO,CE,Towers with Radar,0,0,20,0,20,0,1,21,0,22,0,1,41,0,42,70,0,70,112
04/09/2022,LOU,KY,ASO,CE,Towers with Radar,0,0,6,0,6,0,1,18,0,19,0,1,24,0,25,10,0,10,35
04/10/2022,LOU,KY,ASO,CE,Towers with Radar,0,1,34,0,35,0,0,261,0,261,0,1,295,0,296,182,0,182,478
04/11/2022,LOU,KY,ASO,CE,Towers with Radar,0,4,7,0,11,0,1,9,0,10,0,5,16,0,21,0,0,0,21
04/12/2022,LOU,KY,ASO,CE,Towers with Radar,0,6,23,0,29,0,1,22,0,23,0,7,45,0,52,20,0,20,72
04/13/2022,LOU,KY,ASO,CE,Towers with Radar,0,3,9,0,12,0,1,6,0,7,0,4,15,0,19,30,0,30,49
04/14/2022,LOU,KY,ASO,CE,Towers with Radar,0,0,26,0,26,0,4,207,0,211,0,4,233,0,237,228,0,228,465
04/15/2022,LOU,KY,ASO,CE,Towers with Radar,0,0,14,0,14,0,4,142,0,146,0,4,156,0,160,88,0,88,248
04/16/2022,LOU,KY,ASO,CE,Towers with Radar,0,0,28,0,28,0,1,172,0,173,0,1,200,0,201,180,0,180,381
04/17/2022,LOU,KY,ASO,CE,Towers with Radar,0,1,19,0,20,0,4,107,0,111,0,5,126,0,131,142,0,142,273
04/18/2022,LOU,KY,ASO,CE,Towers with Radar,0,0,18,0,18,0,4,27,0,31,0,4,45,0,49,52,0,52,101
04/19/2022,LOU,KY,ASO,CE,Towers with Radar,0,4,33,0,37,0,1,219,2,222,0,5,252,2,259,224,0,224,483
04/20/2022,LOU,KY,ASO,CE,Towers with Radar,0,2,36,0,38,0,9,128,0,137,0,11,164,0,175,132,0,132,307
04/21/2022,LOU,KY,ASO,CE,Towers with Radar,0,3,61,0,64,0,0,68,0,68,0,3,129,0,132,145,0,145,277
04/22/2022,LOU,KY,ASO,CE,Towers with Radar,0,5,49,0,54,0,1,156,0,157,0,6,205,0,211,124,0,124,335
04/23/2022,LOU,KY,ASO,CE,Towers with Radar,0,0,20,0,20,0,1,99,2,102,0,1,119,2,122,8,0,8,130
04/24/2022,LOU,KY,ASO,CE,Towers with Radar,0,0,20,0,20,0,2,87,0,89,0,2,107,0,109,58,0,58,167
04/25/2022,LOU,KY,ASO,CE,Towers with Radar,0,2,17,0,19,0,5,19,0,24,0,7,36,0,43,4,0,4,47
04/26/2022,LOU,KY,ASO,CE,Towers with Radar,0,0,32,0,32,0,0,172,2,174,0,0,204,2,206,222,0,222,428
04/27/2022,LOU,KY,ASO,CE,Towers with Radar,0,0,45,0,45,0,12,263,0,275,0,12,308,0,320,320,0,320,640
04/28/2022,LOU,KY,ASO,CE,Towers with Radar,0,0,43,0,43,0,5,205,2,212,0,5,248,2,255,306,0,306,561
04/29/2022,LOU,KY,ASO,CE,Towers with Radar,0,3,24,0,27,0,7,115,6,128,0,10,139,6,155,184,0,184,339
04/30/2022,LOU,KY,ASO,CE,Towers with Radar,0,2,30,0,32,0,5,91,0,96,0,7,121,0,128,81,0,81,209
05/01/2022,LOU,KY,ASO,CE,Towers with Radar,0,3,22,0,25,0,7,71,0,78,0,10,93,0,103,52,0,52,155
05/02/2022,LOU,KY,ASO,CE,Towers with Radar,0,0,17,0,17,0,4,204,0,208,0,4,221,0,225,270,0,270,495
05/03/2022,LOU,KY,ASO,CE,Towers with Radar,0,0,8,0,8,0,2,15,0,17,0,2,23,0,25,6,0,6,31
05/04/2022,LOU,KY,ASO,CE,Towers with Radar,0,0,48,0,48,0,2,54,0,56,0,2,102,0,104,58,0,58,162
05/05/2022,LOU,KY,ASO,CE,Towers with Radar,0,7,103,0,110,0,1,94,0,95,0,8,197,0,205,29,0,29,234
05/06/2022,LOU,KY,ASO,CE,Towers with Radar,0,4,30,0,34,0,1,27,0,28,0,5,57,0,62,6,0,6,68
05/07/2022,LOU,KY,ASO,CE,Towers with Radar,0,6,63,0,69,0,4,63,3,70,0,10,126,3,139,20,0,20,159
05/08/2022,LOU,KY,ASO,CE,Towers with Radar,0,9,102,0,111,0,9,180,0,189,0,18,282,0,300,54,0,54,354
05/09/2022,LOU,KY,ASO,CE,Towers with Radar,0,4,32,0,36,0,3,148,2,153,0,7,180,2,189,144,0,144,333
05/10/2022,LOU,KY,ASO,CE,Towers with Radar,0,0,33,0,33,0,4,170,0,174,0,4,203,0,207,222,0,222,429
05/11/2022,LOU,KY,ASO,CE,Towers with Radar,0,0,24,0,24,0,4,163,0,167,0,4,187,0,191,193,0,193,384
05/12/2022,LOU,KY,ASO,CE,Towers with Radar,0,0,40,0,40,0,1,176,1,178,0,1,216,1,218,170,0,170,388
05/13/2022,LOU,KY,ASO,CE,Towers with Radar,0,0,43,0,43,0,7,173,0,180,0,7,216,0,223,146,0,146,369
05/14/2022,LOU,KY,ASO,CE,Towers with Radar,0,0,20,0,20,0,16,106,0,122,0,16,126,0,142,56,0,56,198
05/15/2022,LOU,KY,ASO,CE,Towers with Radar,0,0,29,0,29,0,6,149,0,155,0,6,178,0,184,188,0,188,372
05/16/2022,LOU,KY,ASO,CE,Towers with Radar,0,0,25,0,25,0,6,162,0,168,0,6,187,0,193,188,0,188,381
05/17/2022,LOU,KY,ASO,CE,Towers with Radar,0,1,24,0,25,0,6,179,0,185,0,7,203,0,210,180,0,180,390
05/18/2022,LOU,KY,ASO,CE,Towers with Radar,0,0,13,0,13,0,4,70,0,74,0,4,83,0,87,88,0,88,175
05/19/2022,LOU,KY,ASO,CE,Towers with Radar,0,1,23,0,24,0,2,80,1,83,0,3,103,1,107,207,0,207,314
05/20/2022,LOU,KY,ASO,CE,Towers with Radar,0,3,25,0,28,0,3,31,0,34,0,6,56,0,62,4,0,4,66
05/21/2022,LOU,KY,ASO,CE,Towers with Radar,0,0,18,0,18,0,8,163,2,173,0,8,181,2,191,66,0,66,257
05/22/2022,LOU,KY,ASO,CE,Towers with Radar,0,0,38,0,38,0,6,87,1,94,0,6,125,1,132,132,0,132,264
05/23/2022,LOU,KY,ASO,CE,Towers with Radar,0,1,29,0,30,0,1,132,0,133,0,2,161,0,163,226,0,226,389
05/24/2022,LOU,KY,ASO,CE,Towers with Radar,0,2,30,0,32,0,6,176,1,183,0,8,206,1,215,328,0,328,543
05/25/2022,LOU,KY,ASO,CE,Towers with Radar,0,1,24,0,25,0,6,50,1,57,0,7,74,1,82,70,0,70,152
05/26/2022,LOU,KY,ASO,CE,Towers with Radar,0,0,16,0,16,0,0,5,0,5,0,0,21,0,21,0,0,0,21
05/27/2022,LOU,KY,ASO,CE,Towers with Radar,0,0,35,0,35,0,3,48,0,51,0,3,83,0,86,88,0,88,174
05/28/2022,LOU,KY,ASO,CE,Towers with Radar,0,2,23,0,25,0,13,214,0,227,0,15,237,0,252,188,0,188,440
05/29/2022,LOU,KY,ASO,CE,Towers with Radar,0,3,10,0,13,0,5,167,0,172,0,8,177,0,185,126,0,126,311
05/30/2022,LOU,KY,ASO,CE,Towers with Radar,0,0,18,0,18,0,9,127,1,137,0,9,145,1,155,104,0,104,259
05/31/2022,LOU,KY,ASO,CE,Towers with Radar,0,1,23,0,24,0,2,216,1,219,0,3,239,1,243,188,0,188,431
06/01/2022,LOU,KY,ASO,CE,Towers with Radar,0,0,21,0,21,0,2,103,0,105,0,2,124,0,126,152,0,152,278
06/02/2022,LOU,KY,ASO,CE,Towers with Radar,0,1,21,0,22,0,3,76,0,79,0,4,97,0,101,194,0,194,295
06/03/2022,LOU,KY,ASO,CE,Towers with Radar,0,0,27,0,27,0,4,222,0,226,0,4,249,0,253,166,0,166,419
06/04/2022,LOU,KY,ASO,CE,Towers with Radar,0,6,18,0,24,0,13,228,0,241,0,19,246,0,265,136,0,136,401
06/05/2022,LOU,KY,ASO,CE,Towers with Radar,0,3,33,0,36,0,0,143,0,143,0,3,176,0,179,226,0,226,405
06/06/2022,LOU,KY,ASO,CE,Towers with Radar,0,3,17,0,20,0,3,54,0,57,0,6,71,0,77,94,0,94,171
06/07/2022,LOU,KY,ASO,CE,Towers with Radar,0,0,35,0,35,0,2,96,0,98,0,2,131,0,133,222,0,222,355
06/08/2022,LOU,KY,ASO,CE,Towers with Radar,0,2,15,0,17,0,3,65,0,68,0,5,80,0,85,149,0,149,234
06/09/2022,LOU,KY,ASO,CE,Towers with Radar,0,2,27,0,29,0,3,200,0,203,0,5,227,0,232,300,0,300,532
06/10/2022,LOU,KY,ASO,CE,Towers with Radar,0,0,33,0,33,0,2,103,3,108,0,2,136,3,141,188,0,188,329
06/11/2022,LOU,KY,ASO,CE,Towers with Radar,0,2,23,0,25,0,11,269,5,285,0,13,292,5,310,130,0,130,440
06/12/2022,LOU,KY,ASO,CE,Towers with Radar,0,0,22,0,22,0,10,130,0,140,0,10,152,0,162,110,0,110,272
06/13/2022,LOU,KY,ASO,CE,Towers with Radar,0,0,29,0,29,0,6,120,0,126,0,6,149,0,155,172,0,172,327
06/14/2022,LOU,KY,ASO,CE,Towers with Radar,0,0,22,0,22,0,3,166,0,169,0,3,188,0,191,112,0,112,303
06/15/2022,LOU,KY,ASO,CE,Towers with Radar,0,2,25,0,27,0,2,156,1,159,0,4,181,1,186,194,0,194,380
06/16/2022,LOU,KY,ASO,CE,Towers with Radar,0,0,16,0,16,0,2,144,0,146,0,2,160,0,162,156,0,156,318
06/17/2022,LOU,KY,ASO,CE,Towers with Radar,0,0,23,0,23,0,2,102,0,104,0,2,125,0,127,114,0,114,241
06/18/2022,LOU,KY,ASO,CE,Towers with Radar,0,0,27,0,27,0,6,243,0,249,0,6,270,0,276,116,0,116,392
06/19/2022,LOU,KY,ASO,CE,Towers with Radar,0,0,23,0,23,0,9,171,1,181,0,9,194,1,204,147,0,147,351
06/20/2022,LOU,KY,ASO,CE,Towers with Radar,0,2,22,0,24,0,4,190,0,194,0,6,212,0,218,320,0,320,538
06/21/2022,LOU,KY,ASO,CE,Towers with Radar,0,1,24,0,25,0,6,218,0,224,0,7,242,0,249,202,0,202,451
06/22/2022,LOU,KY,ASO,CE,Towers with Radar,0,2,22,0,24,0,10,129,0,139,0,12,151,0,163,176,0,176,339
06/23/2022,LOU,KY,ASO,CE,Towers with Radar,0,3,36,0,39,0,12,211,2,225,0,15,247,2,264,176,0,176,440
06/24/2022,LOU,KY,ASO,CE,Towers with Radar,0,0,27,0,27,0,8,202,0,210,0,8,229,0,237,284,0,284,521
06/25/2022,LOU,KY,ASO,CE,Towers with Radar,0,0,25,0,25,0,5,187,0,192,0,5,212,0,217,196,0,196,413
06/26/2022,LOU,KY,ASO,CE,Towers with Radar,0,0,20,0,20,0,5,74,0,79,0,5,94,0,99,70,0,70,169
06/27/2022,LOU,KY,ASO,CE,Towers with Radar,0,1,19,0,20,0,12,219,0,231,0,13,238,0,251,306,0,306,557
06/28/2022,LOU,KY,ASO,CE,Towers with Radar,0,1,28,0,29,0,1,235,0,236,0,2,263,0,265,274,0,274,539
06/29/2022,LOU,KY,ASO,CE,Towers with Radar,0,0,40,1,41,0,8,181,8,197,0,8,221,9,238,224,0,224,462
06/30/2022,LOU,KY,ASO,CE,Towers with Radar,0,2,30,0,32,0,4,236,1,241,0,6,266,1,273,252,0,252,525
07/01/2022,LOU,KY,ASO,CE,Towers with Radar,0,1,23,0,24,0,8,108,0,116,0,9,131,0,140,156,0,156,296
07/02/2022,LOU,KY,ASO,CE,Towers with Radar,0,0,11,0,11,0,7,103,1,111,0,7,114,1,122,162,0,162,284
07/03/2022,LOU,KY,ASO,CE,Towers with Radar,0,0,15,0,15,0,7,87,4,98,0,7,102,4,113,62,0,62,175
07/04/2022,LOU,KY,ASO,CE,Towers with Radar,0,0,8,0,8,0,4,83,0,87,0,4,91,0,95,50,0,50,145
07/05/2022,LOU,KY,ASO,CE,Towers with Radar,0,0,31,0,31,0,6,165,0,171,0,6,196,0,202,310,0,310,512
07/06/2022,LOU,KY,ASO,CE,Towers with Radar,0,0,19,0,19,0,5,140,0,145,0,5,159,0,164,202,0,202,366
07/07/2022,LOU,KY,ASO,CE,Towers with Radar,0,4,18,0,22,0,2,18,0,20,0,6,36,0,42,32,0,32,74
07/08/2022,LOU,KY,ASO,CE,Towers with Radar,0,0,18,0,18,0,2,15,0,17,0,2,33,0,35,24,0,24,59
07/09/2022,LOU,KY,ASO,CE,Towers with Radar,0,0,15,0,15,0,1,17,0,18,0,1,32,0,33,10,0,10,43
07/10/2022,LOU,KY,ASO,CE,Towers with Radar,0,2,26,1,29,0,8,235,0,243,0,10,261,1,272,174,0,174,446
07/11/2022,LOU,KY,ASO,CE,Towers with Radar,0,1,23,0,24,0,2,239,2,243,0,3,262,2,267,256,0,256,523
07/12/2022,LOU,KY,ASO,CE,Towers with Radar,0,1,23,0,24,0,9,179,0,188,0,10,202,0,212,192,0,192,404
07/13/2022,LOU,KY,ASO,CE,Towers with Radar,0,4,19,0,23,0,9,216,0,225,0,13,235,0,248,226,0,226,474
07/14/2022,LOU,KY,ASO,CE,Towers with Radar,1,0,18,0,19,0,7,208,0,215,1,7,226,0,234,150,0,150,384
07/15/2022,LOU,KY,ASO,CE,Towers with Radar,0,0,17,0,17,0,6,162,0,168,0,6,179,0,185,198,0,198,383
07/16/2022,LOU,KY,ASO,CE,Towers with Radar,0,1,8,0,9,0,8,156,2,166,0,9,164,2,175,100,0,100,275
07/17/2022,LOU,KY,ASO,CE,Towers with Radar,0,1,16,0,17,0,1,10,0,11,0,2,26,0,28,10,0,10,38
07/18/2022,LOU,KY,ASO,CE,Towers with Radar,0,0,33,0,33,0,1,67,0,68,0,1,100,0,101,122,0,122,223
07/19/2022,LOU,KY,ASO,CE,Towers with Radar,0,0,46,0,46,0,3,209,0,212,0,3,255,0,258,288,0,288,546
07/20/2022,LOU,KY,ASO,CE,Towers with Radar,0,2,27,0,29,0,1,124,7,132,0,3,151,7,161,174,0,174,335
07/21/2022,LOU,KY,ASO,CE,Towers with Radar,0,0,42,0,42,0,1,169,1,171,0,1,211,1,213,196,0,196,409
07/22/2022,LOU,KY,ASO,CE,Towers with Radar,0,2,34,0,36,0,4,180,0,184,0,6,214,0,220,166,0,166,386
07/23/2022,LOU,KY,ASO,CE,Towers with Radar,0,0,24,0,24,0,11,172,1,184,0,11,196,1,208,112,0,112,320
07/24/2022,LOU,KY,ASO,CE,Towers with Radar,0,2,19,0,21,0,4,123,0,127,0,6,142,0,148,90,0,90,238
07/25/2022,LOU,KY,ASO,CE,Towers with Radar,0,3,28,0,31,0,3,74,0,77,0,6,102,0,108,240,4,244,352
07/26/2022,LOU,KY,ASO,CE,Towers with Radar,0,1,14,0,15,0,0,13,0,13,0,1,27,0,28,40,0,40,68
07/27/2022,LOU,KY,ASO,CE,Towers with Radar,0,0,31,0,31,0,0,80,4,84,0,0,111,4,115,142,0,142,257
07/28/2022,LOU,KY,ASO,CE,Towers with Radar,0,3,24,0,27,0,2,97,0,99,0,5,121,0,126,192,0,192,318
07/29/2022,LOU,KY,ASO,CE,Towers with Radar,0,0,30,1,31,0,3,113,3,119,0,3,143,4,150,192,0,192,342
07/30/2022,LOU,KY,ASO,CE,Towers with Radar,0,0,25,0,25,0,10,220,0,230,0,10,245,0,255,208,0,208,463
07/31/2022,LOU,KY,ASO,CE,Towers with Radar,0,3,22,0,25,0,5,23,0,28,0,8,45,0,53,46,0,46,99
08/01/2022,LOU,KY,ASO,CE,Towers with Radar,0,1,17,0,18,0,3,45,0,48,0,4,62,0,66,92,0,92,158
08/02/2022,LOU,KY,ASO,CE,Towers with Radar,0,1,32,0,33,0,2,215,0,217,0,3,247,0,250,220,0,220,470
08/03/2022,LOU,KY,ASO,CE,Towers with Radar,0,4,31,1,36,0,11,215,0,226,0,15,246,1,262,126,0,126,388
08/04/2022,LOU,KY,ASO,CE,Towers with Radar,0,2,18,0,20,0,8,86,3,97,0,10,104,3,117,158,0,158,275
08/05/2022,LOU,KY,ASO,CE,Towers with Radar,0,0,10,0,10,0,2,17,0,19,0,2,27,0,29,24,0,24,53
08/06/2022,LOU,KY,ASO,CE,Towers with Radar,0,0,17,6,23,0,3,107,0,110,0,3,124,6,133,188,0,188,321
08/07/2022,LOU,KY,ASO,CE,Towers with Radar,0,0,20,0,20,0,14,130,1,145,0,14,150,1,165,134,0,134,299
08/08/2022,LOU,KY,ASO,CE,Towers with Radar,0,1,13,0,14,0,5,163,2,170,0,6,176,2,184,230,0,230,414
08/09/2022,LOU,KY,ASO,CE,Towers with Radar,0,3,29,2,34,0,4,115,6,125,0,7,144,8,159,136,6,142,301
08/10/2022,LOU,KY,ASO,CE,Towers with Radar,0,0,35,0,35,0,1,47,2,50,0,1,82,2,85,34,0,34,119
08/11/2022,LOU,KY,ASO,CE,Towers with Radar,0,3,22,1,26,0,7,206,5,218,0,10,228,6,244,118,2,120,364
08/12/2022,LOU,KY,ASO,CE,Towers with Radar,0,1,36,0,37,0,8,203,0,211,0,9,239,0,248,226,0,226,474
08/13/2022,LOU,KY,ASO,CE,Towers with Radar,0,0,23,0,23,0,20,208,6,234,0,20,231,6,257,148,0,148,405
08/14/2022,LOU,KY,ASO,CE,Towers with Radar,0,0,21,0,21,0,3,130,0,133,0,3,151,0,154,178,0,178,332
08/15/2022,LOU,KY,ASO,CE,Towers with Radar,0,1,28,0,29,0,3,101,0,104,0,4,129,0,133,136,0,136,269
08/16/2022,LOU,KY,ASO,CE,Towers with Radar,0,1,22,0,23,0,3,196,0,199,0,4,218,0,222,160,0,160,382
08/17/2022,LOU,KY,ASO,CE,Towers with Radar,0,0,18,0,18,0,1,183,0,184,0,1,201,0,202,240,0,240,442
08/18/2022,LOU,KY,ASO,CE,Towers with Radar,0,1,31,0,32,0,5,190,2,197,0,6,221,2,229,206,0,206,435
08/19/2022,LOU,KY,ASO,CE,Towers with Radar,0,1,23,0,24,0,7,165,1,173,0,8,188,1,197,168,0,168,365
08/20/2022,LOU,KY,ASO,CE,Towers with Radar,0,0,24,0,24,0,12,151,0,163,0,12,175,0,187,154,0,154,341
08/21/2022,LOU,KY,ASO,CE,Towers with Radar,0,0,10,1,11,0,6,7,0,13,0,6,17,1,24,26,0,26,50
08/22/2022,LOU,KY,ASO,CE,Towers with Radar,0,1,29,3,33,0,2,72,1,75,0,3,101,4,108,162,0,162,270
08/23/2022,LOU,KY,ASO,CE,Towers with Radar,0,0,34,2,36,0,8,172,3,183,0,8,206,5,219,256,0,256,475
08/24/2022,LOU,KY,ASO,CE,Towers with Radar,0,2,22,0,24,0,0,196,0,196,0,2,218,0,220,214,0,214,434
08/25/2022,LOU,KY,ASO,CE,Towers with Radar,0,3,29,0,32,0,2,209,2,213,0,5,238,2,245,168,0,168,413
08/26/2022,LOU,KY,ASO,CE,Towers with Radar,0,1,28,1,30,0,3,157,1,161,0,4,185,2,191,214,0,214,405
08/27/2022,LOU,KY,ASO,CE,Towers with Radar,0,0,20,0,20,0,10,193,3,206,0,10,213,3,226,172,0,172,398
08/28/2022,LOU,KY,ASO,CE,Towers with Radar,0,0,30,0,30,0,5,144,0,149,0,5,174,0,179,110,0,110,289
08/29/2022,LOU,KY,ASO,CE,Towers with Radar,0,0,13,0,13,0,2,54,0,56,0,2,67,0,69,54,0,54,123
08/30/2022,LOU,KY,ASO,CE,Towers with Radar,0,2,25,0,27,0,3,118,3,124,0,5,143,3,151,150,0,150,301
08/31/2022,LOU,KY,ASO,CE,Towers with Radar,0,0,26,0,26,0,2,165,2,169,0,2,191,2,195,226,0,226,421
09/01/2022,LOU,KY,ASO,CE,Towers with Radar,0,2,20,0,22,0,10,159,0,169,0,12,179,0,191,220,1,221,412
09/02/2022,LOU,KY,ASO,CE,Towers with Radar,0,0,24,0,24,0,3,153,0,156,0,3,177,0,180,232,0,232,412
09/03/2022,LOU,KY,ASO,CE,Towers with Radar,0,0,5,0,5,0,10,55,0,65,0,10,60,0,70,148,0,148,218
09/04/2022,LOU,KY,ASO,CE,Towers with Radar,0,2,20,0,22,0,4,14,0,18,0,6,34,0,40,32,0,32,72
09/05/2022,LOU,KY,ASO,CE,Towers with Radar,0,0,22,0,22,0,3,17,0,20,0,3,39,0,42,64,0,64,106
09/06/2022,LOU,KY,ASO,CE,Towers with Radar,0,2,27,0,29,0,1,21,0,22,0,3,48,0,51,48,0,48,99
09/07/2022,LOU,KY,ASO,CE,Towers with Radar,0,0,26,0,26,0,2,177,2,181,0,2,203,2,207,154,0,154,361
09/08/2022,LOU,KY,ASO,CE,Towers with Radar,0,2,21,0,23,0,1,220,4,225,0,3,241,4,248,192,0,192,440
09/09/2022,LOU,KY,ASO,CE,Towers with Radar,0,0,30,0,30,0,4,178,0,182,0,4,208,0,212,212,0,212,424
09/10/2022,LOU,KY,ASO,CE,Towers with Radar,0,1,18,0,19,0,12,153,1,166,0,13,171,1,185,152,0,152,337
09/11/2022,LOU,KY,ASO,CE,Towers with Radar,0,0,24,1,25,0,2,4,0,6,0,2,28,1,31,14,0,14,45
09/12/2022,LOU,KY,ASO,CE,Towers with Radar,0,2,36,1,39,0,6,115,2,123,0,8,151,3,162,124,0,124,286
09/13/2022,LOU,KY,ASO,CE,Towers with Radar,0,3,22,0,25,0,7,204,0,211,0,10,226,0,236,280,0,280,516
09/14/2022,LOU,KY,ASO,CE,Towers with Radar,0,1,27,1,29,0,6,188,2,196,0,7,215,3,225,186,0,186,411
09/15/2022,LOU,KY,ASO,CE,Towers with Radar,0,4,27,0,31,0,7,200,2,209,0,11,227,2,240,218,0,218,458
09/16/2022,LOU,KY,ASO,CE,Towers with Radar,0,1,33,2,36,0,4,166,1,171,0,5,199,3,207,136,0,136,343
09/17/2022,LOU,KY,ASO,CE,Towers with Radar,0,2,26,0,28,0,9,282,0,291,0,11,308,0,319,120,0,120,439
09/18/2022,LOU,KY,ASO,CE,Towers with Radar,0,0,23,0,23,0,3,175,1,179,0,3,198,1,202,134,0,134,336
09/19/2022,LOU,KY,ASO,CE,Towers with Radar,0,3,30,1,34,0,5,118,6,129,0,8,148,7,163,152,4,156,319
09/20/2022,LOU,KY,ASO,CE,Towers with Radar,0,1,24,0,25,0,8,172,2,182,0,9,196,2,207,212,0,212,419
09/21/2022,LOU,KY,ASO,CE,Towers with Radar,0,6,36,0,42,0,11,83,0,94,0,17,119,0,136,122,0,122,258
09/22/2022,LOU,KY,ASO,CE,Towers with Radar,0,2,32,0,34,0,5,75,0,80,0,7,107,0,114,50,0,50,164
09/23/2022,LOU,KY,ASO,CE,Towers with Radar,0,1,28,0,29,0,6,167,1,174,0,7,195,1,203,194,0,194,397
09/24/2022,LOU,KY,ASO,CE,Towers with Radar,0,0,12,0,12,0,20,136,0,156,0,20,148,0,168,124,0,124,292
09/25/2022,LOU,KY,ASO,CE,Towers with Radar,0,1,19,0,20,0,6,58,0,64,0,7,77,0,84,32,0,32,116
09/26/2022,LOU,KY,ASO,CE,Towers with Radar,0,1,25,0,26,0,8,81,0,89,0,9,106,0,115,42,0,42,157
09/27/2022,LOU,KY,ASO,CE,Towers with Radar,0,1,23,0,24,0,6,131,5,142,0,7,154,5,166,66,0,66,232
09/28/2022,LOU,KY,ASO,CE,Towers with Radar,0,2,24,0,26,0,6,154,1,161,0,8,178,1,187,256,0,256,443
09/29/2022,LOU,KY,ASO,CE,Towers with Radar,0,1,27,0,28,0,10,157,1,168,0,11,184,1,196,164,0,164,360
09/30/2022,LOU,KY,ASO,CE,Towers with Radar,0,4,26,0,30,0,8,175,3,186,0,12,201,3,216,153,0,153,369
10/01/2022,LOU,KY,ASO,CE,Towers with Radar,0,3,8,0,11,0,0,239,2,241,0,3,247,2,252,10,0,10,262
10/02/2022,LOU,KY,ASO,CE,Towers with Radar,0,2,10,0,12,0,3,266,2,271,0,5,276,2,283,34,0,34,317
10/03/2022,LOU,KY,ASO,CE,Towers with Radar,0,1,17,0,18,0,6,165,0,171,0,7,182,0,189,190,0,190,379
10/04/2022,LOU,KY,ASO,CE,Towers with Radar,0,2,28,2,32,0,7,183,0,190,0,9,211,2,222,264,0,264,486
10/05/2022,LOU,KY,ASO,CE,Towers with Radar,0,2,39,0,41,0,5,199,2,206,0,7,238,2,247,250,0,250,497
10/06/2022,LOU,KY,ASO,CE,Towers with Radar,0,1,19,0,20,0,2,182,2,186,0,3,201,2,206,248,0,248,454
10/07/2022,LOU,KY,ASO,CE,Towers with Radar,0,1,32,0,33,0,13,98,0,111,0,14,130,0,144,134,0,134,278
10/08/2022,LOU,KY,ASO,CE,Towers with Radar,0,0,22,0,22,0,7,196,0,203,0,7,218,0,225,168,0,168,393
10/09/2022,LOU,KY,ASO,CE,Towers with Radar,0,0,21,0,21,0,5,169,2,176,0,5,190,2,197,124,0,124,321
10/10/2022,LOU,KY,ASO,CE,Towers with Radar,0,0,25,0,25,0,6,194,1,201,0,6,219,1,226,246,0,246,472
10/11/2022,LOU,KY,ASO,CE,Towers with Radar,0,2,29,1,32,0,9,169,1,179,0,11,198,2,211,180,0,180,391
10/12/2022,LOU,KY,ASO,CE,Towers with Radar,0,1,17,0,18,0,0,35,0,35,0,1,52,0,53,66,0,66,119
10/13/2022,LOU,KY,ASO,CE,Towers with Radar,0,3,25,0,28,0,11,71,0,82,0,14,96,0,110,54,0,54,164
10/14/2022,LOU,KY,ASO,CE,Towers with Radar,0,0,24,0,24,0,3,85,0,88,0,3,109,0,112,50,0,50,162
10/15/2022,LOU,KY,ASO,CE,Towers with Radar,0,2,22,0,24,0,12,200,2,214,0,14,222,2,238,110,0,110,348
10/16/2022,LOU,KY,ASO,CE,Towers with Radar,0,6,27,0,33,0,2,166,0,168,0,8,193,0,201,158,0,158,359
10/17/2022,LOU,KY,ASO,CE,Towers with Radar,0,3,24,0,27,0,4,79,2,85,0,7,103,2,112,110,0,110,222
10/18/2022,LOU,KY,ASO,CE,Towers with Radar,0,1,24,0,25,0,4,29,0,33,0,5,53,0,58,48,0,48,106
10/19/2022,LOU,KY,ASO,CE,Towers with Radar,0,2,32,0,34,0,9,142,0,151,0,11,174,0,185,184,0,184,369
10/20/2022,LOU,KY,ASO,CE,Towers with Radar,0,1,22,2,25,0,1,134,2,137,0,2,156,4,162,158,0,158,320
10/21/2022,LOU,KY,ASO,CE,Towers with Radar,0,1,26,0,27,0,4,131,0,135,0,5,157,0,162,120,0,120,282
10/22/2022,LOU,KY,ASO,CE,Towers with Radar,0,0,18,0,18,0,7,182,3,192,0,7,200,3,210,102,0,102,312
10/23/2022,LOU,KY,ASO,CE,Towers with Radar,0,0,30,0,30,0,7,150,2,159,0,7,180,2,189,96,0,96,285
10/24/2022,LOU,KY,ASO,CE,Towers with Radar,0,1,13,0,14,0,9,164,0,173,0,10,177,0,187,256,0,256,443
10/25/2022,LOU,KY,ASO,CE,Towers with Radar,0,2,23,0,25,0,6,55,0,61,0,8,78,0,86,54,0,54,140
10/26/2022,LOU,KY,ASO,CE,Towers with Radar,0,1,19,0,20,0,6,20,1,27,0,7,39,1,47,46,0,46,93
10/27/2022,LOU,KY,ASO,CE,Towers with Radar,0,1,10,0,11,0,2,166,0,168,0,3,176,0,179,158,0,158,337
10/28/2022,LOU,KY,ASO,CE,Towers with Radar,0,2,22,0,24,0,6,228,0,234,0,8,250,0,258,310,0,310,568
10/29/2022,LOU,KY,ASO,CE,Towers with Radar,0,1,16,0,17,0,6,220,1,227,0,7,236,1,244,222,0,222,466
10/30/2022,LOU,KY,ASO,CE,Towers with Radar,0,4,17,0,21,0,2,3,0,5,0,6,20,0,26,0,0,0,26
10/31/2022,LOU,KY,ASO,CE,Towers with Radar,0,1,9,0,10,0,0,22,0,22,0,1,31,0,32,62,0,62,94
11/01/2022,LOU,KY,ASO,CE,Towers with Radar,0,1,18,0,19,0,3,109,0,112,0,4,127,0,131,248,0,248,379
11/02/2022,LOU,KY,ASO,CE,Towers with Radar,0,0,10,0,10,0,6,145,0,151,0,6,155,0,161,240,0,240,401
11/03/2022,LOU,KY,ASO,CE,Towers with Radar,0,2,30,0,32,0,6,153,0,159,0,8,183,0,191,226,0,226,417
11/04/2022,LOU,KY,ASO,CE,Towers with Radar,0,0,16,0,16,0,5,102,5,112,0,5,118,5,128,146,0,146,274
11/05/2022,LOU,KY,ASO,CE,Towers with Radar,0,0,3,0,3,0,1,1,0,2,0,1,4,0,5,0,0,0,5
11/06/2022,LOU,KY,ASO,CE,Towers with Radar,0,0,14,0,14,0,4,121,0,125,0,4,135,0,139,128,0,128,267
11/07/2022,LOU,KY,ASO,CE,Towers with Radar,0,1,23,0,24,0,4,100,0,104,0,5,123,0,128,134,0,134,262
11/08/2022,LOU,KY,ASO,CE,Towers with Radar,0,1,19,0,20,0,11,123,0,134,0,12,142,0,154,130,0,130,284
11/09/2022,LOU,KY,ASO,CE,Towers with Radar,0,0,27,0,27,0,2,136,2,140,0,2,163,2,167,250,0,250,417
11/10/2022,LOU,KY,ASO,CE,Towers with Radar,0,1,21,0,22,0,11,165,0,176,0,12,186,0,198,300,0,300,498
11/11/2022,LOU,KY,ASO,CE,Towers with Radar,0,0,17,0,17,0,2,37,0,39,0,2,54,0,56,42,0,42,98
11/12/2022,LOU,KY,ASO,CE,Towers with Radar,0,0,3,0,3,0,0,7,0,7,0,0,10,0,10,0,0,0,10
11/13/2022,LOU,KY,ASO,CE,Towers with Radar,0,0,15,0,15,0,3,98,0,101,0,3,113,0,116,220,0,220,336
11/14/2022,LOU,KY,ASO,CE,Towers with Radar,0,3,24,0,27,0,2,150,0,152,0,5,174,0,179,178,0,178,357
11/15/2022,LOU,KY,ASO,CE,Towers with Radar,0,1,11,0,12,0,0,1,0,1,0,1,12,0,13,0,0,0,13
11/16/2022,LOU,KY,ASO,CE,Towers with Radar,0,2,16,0,18,0,3,16,0,19,0,5,32,0,37,0,0,0,37
11/17/2022,LOU,KY,ASO,CE,Towers with Radar,0,0,15,0,15,0,0,99,0,99,0,0,114,0,114,240,0,240,354
11/18/2022,LOU,KY,ASO,CE,Towers with Radar,0,0,22,0,22,0,9,41,0,50,0,9,63,0,72,30,0,30,102
11/19/2022,LOU,KY,ASO,CE,Towers with Radar,0,0,18,0,18,0,1,83,2,86,0,1,101,2,104,26,0,26,130
11/20/2022,LOU,KY,ASO,CE,Towers with Radar,0,1,21,0,22,0,2,167,0,169,0,3,188,0,191,153,0,153,344
11/21/2022,LOU,KY,ASO,CE,Towers with Radar,0,0,16,0,16,0,6,171,0,177,0,6,187,0,193,166,0,166,359
11/22/2022,LOU,KY,ASO,CE,Towers with Radar,0,0,17,0,17,0,7,172,0,179,0,7,189,0,196,123,0,123,319
11/23/2022,LOU,KY,ASO,CE,Towers with Radar,0,1,17,0,18,0,3,173,0,176,0,4,190,0,194,264,0,264,458
11/24/2022,LOU,KY,ASO,CE,Towers with Radar,0,2,5,0,7,0,1,25,0,26,0,3,30,0,33,50,0,50,83
11/25/2022,LOU,KY,ASO,CE,Towers with Radar,0,0,9,0,9,0,0,66,0,66,0,0,75,0,75,130,0,130,205
11/26/2022,LOU,KY,ASO,CE,Towers with Radar,0,0,13,0,13,0,8,146,0,154,0,8,159,0,167,154,0,154,321
11/27/2022,LOU,KY,ASO,CE,Towers with Radar,0,0,9,0,9,0,0,0,0,0,0,0,9,0,9,0,0,0,9
11/28/2022,LOU,KY,ASO,CE,Towers with Radar,0,1,22,0,23,0,0,34,1,35,0,1,56,1,58,100,0,100,158
11/29/2022,LOU,KY,ASO,CE,Towers with Radar,0,1,16,2,19,0,5,61,0,66,0,6,77,2,85,44,0,44,129
11/30/2022,LOU,KY,ASO,CE,Towers with Radar,0,0,11,0,11,0,7,31,0,38,0,7,42,0,49,62,0,62,111
12/01/2022,LOU,KY,ASO,CE,Towers with Radar,0,0,27,0,27,0,6,196,0,202,0,6,223,0,229,210,0,210,439
12/02/2022,LOU,KY,ASO,CE,Towers with Radar,0,1,9,1,11,0,4,32,1,37,0,5,41,2,48,44,0,44,92
12/03/2022,LOU,KY,ASO,CE,Towers with Radar,0,3,14,0,17,0,8,56,0,64,0,11,70,0,81,52,0,52,133
12/04/2022,LOU,KY,ASO,CE,Towers with Radar,0,2,23,0,25,0,2,175,2,179,0,4,198,2,204,212,0,212,416
12/05/2022,LOU,KY,ASO,CE,Towers with Radar,0,1,14,0,15,0,1,54,0,55,0,2,68,0,70,200,0,200,270
12/06/2022,LOU,KY,ASO,CE,Towers with Radar,0,3,13,0,16,0,0,0,0,0,0,3,13,0,16,0,0,0,16
12/07/2022,LOU,KY,ASO,CE,Towers with Radar,0,0,9,0,9,0,0,0,0,0,0,0,9,0,9,0,0,0,9
12/08/2022,LOU,KY,ASO,CE,Towers with Radar,0,0,3,0,3,0,0,0,0,0,0,0,3,0,3,0,0,0,3
12/09/2022,LOU,KY,ASO,CE,Towers with Radar,0,0,17,0,17,0,0,0,0,0,0,0,17,0,17,0,0,0,17
12/10/2022,LOU,KY,ASO,CE,Towers with Radar,0,0,8,0,8,0,0,0,0,0,0,0,8,0,8,0,0,0,8
12/11/2022,LOU,KY,ASO,CE,Towers with Radar,0,0,23,0,23,0,3,95,2,100,0,3,118,2,123,308,0,308,431
12/12/2022,LOU,KY,ASO,CE,Towers with Radar,0,1,16,0,17,0,3,151,0,154,0,4,167,0,171,312,0,312,483
12/13/2022,LOU,KY,ASO,CE,Towers with Radar,0,1,23,0,24,0,7,139,1,147,0,8,162,1,171,220,0,220,391
12/14/2022,LOU,KY,ASO,CE,Towers with Radar,0,0,10,0,10,0,0,1,0,1,0,0,11,0,11,0,0,0,11
12/15/2022,LOU,KY,ASO,CE,Towers with Radar,0,3,22,0,25,0,1,114,1,116,0,4,136,1,141,244,0,244,385
12/16/2022,LOU,KY,ASO,CE,Towers with Radar,0,3,18,0,21,0,2,64,1,67,0,5,82,1,88,52,0,52,140
12/17/2022,LOU,KY,ASO,CE,Towers with Radar,0,0,9,0,9,0,4,101,2,107,0,4,110,2,116,194,0,194,310
12/18/2022,LOU,KY,ASO,CE,Towers with Radar,0,1,17,0,18,0,1,134,2,137,0,2,151,2,155,220,0,220,375
12/19/2022,LOU,KY,ASO,CE,Towers with Radar,0,1,24,0,25,0,3,193,0,196,0,4,217,0,221,168,0,168,389
12/20/2022,LOU,KY,ASO,CE,Towers with Radar,0,4,19,0,23,0,2,213,0,215,0,6,232,0,238,304,0,304,542
12/21/2022,LOU,KY,ASO,CE,Towers with Radar,0,0,12,0,12,0,5,178,0,183,0,5,190,0,195,270,0,270,465
12/22/2022,LOU,KY,ASO,CE,Towers with Radar,0,3,1,0,4,0,0,1,0,1,0,3,2,0,5,0,0,0,5
12/23/2022,LOU,KY,ASO,CE,Towers with Radar,0,1,1,0,2,0,0,0,0,0,0,1,1,0,2,0,0,0,2
12/24/2022,LOU,KY,ASO,CE,Towers with Radar,0,0,2,0,2,0,4,3,0,7,0,4,5,0,9,0,0,0,9
12/25/2022,LOU,KY,ASO,CE,Towers with Radar,0,0,1,0,1,0,3,0,0,3,0,3,1,0,4,0,0,0,4
12/26/2022,LOU,KY,ASO,CE,Towers with Radar,0,0,9,0,9,0,0,1,0,1,0,0,10,0,10,0,0,0,10
12/27/2022,LOU,KY,ASO,CE,Towers with Radar,0,1,16,0,17,0,0,0,0,0,0,1,16,0,17,0,0,0,17
12/28/2022,LOU,KY,ASO,CE,Towers with Radar,0,0,18,0,18,0,1,100,0,101,0,1,118,0,119,56,0,56,175
12/29/2022,LOU,KY,ASO,CE,Towers with Radar,0,1,13,0,14,0,3,35,0,38,0,4,48,0,52,64,0,64,116
12/30/2022,LOU,KY,ASO,CE,Towers with Radar,0,0,12,0,12,0,2,89,0,91,0,2,101,0,103,92,0,92,195
12/31/2022,LOU,KY,ASO,CE,Towers with Radar,0,0,11,0,11,0,0,8,0,8,0,0,19,0,19,60,0,60,79
01/01/2023,LOU,KY,ASO,CE,Towers with Radar,0,2,9,0,11,0,0,2,0,2,0,2,11,0,13,0,0,0,13
01/02/2023,LOU,KY,ASO,CE,Towers with Radar,0,1,10,0,11,0,0,28,0,28,0,1,38,0,39,150,0,150,189
01/03/2023,LOU,KY,ASO,CE,Towers with Radar,0,0,5,1,6,0,4,19,1,24,0,4,24,2,30,64,0,64,94
01/04/2023,LOU,KY,ASO,CE,Towers with Radar,0,1,25,0,26,0,1,121,0,122,0,2,146,0,148,228,0,228,376
01/05/2023,LOU,KY,ASO,CE,Towers with Radar,0,2,20,0,22,0,0,118,0,118,0,2,138,0,140,118,0,118,258
01/06/2023,LOU,KY,ASO,CE,Towers with Radar,0,0,15,0,15,0,1,176,1,178,0,1,191,1,193,128,0,128,321
01/07/2023,LOU,KY,ASO,CE,Towers with Radar,0,0,10,0,10,0,2,150,0,152,0,2,160,0,162,246,0,246,408
01/08/2023,LOU,KY,ASO,CE,Towers with Radar,0,0,4,0,4,0,1,32,0,33,0,1,36,0,37,198,0,198,235
01/09/2023,LOU,KY,ASO,CE,Towers with Radar,0,0,16,0,16,0,3,149,0,152,0,3,165,0,168,234,0,234,402
01/10/2023,LOU,KY,ASO,CE,Towers with Radar,0,2,20,0,22,0,1,136,1,138,0,3,156,1,160,180,0,180,340
01/11/2023,LOU,KY,ASO,CE,Towers with Radar,0,0,16,0,16,0,2,25,0,27,0,2,41,0,43,66,0,66,109
01/12/2023,LOU,KY,ASO,CE,Towers with Radar,0,1,5,0,6,0,1,6,0,7,0,2,11,0,13,2,0,2,15
01/13/2023,LOU,KY,ASO,CE,Towers with Radar,0,2,5,0,7,0,0,3,0,3,0,2,8,0,10,16,0,16,26
01/14/2023,LOU,KY,ASO,CE,Towers with Radar,0,0,7,0,7,0,5,168,0,173,0,5,175,0,180,372,0,372,552
01/15/2023,LOU,KY,ASO,CE,Towers with Radar,0,2,18,0,20,0,3,195,0,198,0,5,213,0,218,130,0,130,348
01/16/2023,LOU,KY,ASO,CE,Towers with Radar,0,0,14,0,14,0,0,51,0,51,0,0,65,0,65,80,0,80,145
01/17/2023,LOU,KY,ASO,CE,Towers with Radar,0,3,28,0,31,0,3,94,0,97,0,6,122,0,128,62,0,62,190
01/18/2023,LOU,KY,ASO,CE,Towers with Radar,0,3,18,0,21,0,3,84,2,89,0,6,102,2,110,166,0,166,276
01/19/2023,LOU,KY,ASO,CE,Towers with Radar,0,2,17,0,19,0,0,43,0,43,0,2,60,0,62,50,0,50,112
01/20/2023,LOU,KY,ASO,CE,Towers with Radar,0,0,10,0,10,0,4,82,0,86,0,4,92,0,96,118,0,118,214
01/21/2023,LOU,KY,ASO,CE,Towers with Radar,0,0,21,0,21,0,2,141,2,145,0,2,162,2,166,338,0,338,504
01/22/2023,LOU,KY,ASO,CE,Towers with Radar,0,0,5,0,5,0,0,0,0,0,0,0,5,0,5,0,0,0,5
01/23/2023,LOU,KY,ASO,CE,Towers with Radar,0,1,12,0,13,0,0,39,0,39,0,1,51,0,52,116,0,116,168
01/24/2023,LOU,KY,ASO,CE,Towers with Radar,0,1,22,0,23,0,6,158,1,165,0,7,180,1,188,182,0,182,370
01/25/2023,LOU,KY,ASO,CE,Towers with Radar,0,0,2,0,2,0,0,1,0,1,0,0,3,0,3,0,0,0,3
01/26/2023,LOU,KY,ASO,CE,Towers with Radar,0,3,12,0,15,0,0,20,2,22,0,3,32,2,37,6,0,6,43
01/27/2023,LOU,KY,ASO,CE,Towers with Radar,0,0,23,0,23,0,4,66,0,70,0,4,89,0,93,88,0,88,181
01/28/2023,LOU,KY,ASO,CE,Towers with Radar,0,1,30,0,31,0,5,132,0,137,0,6,162,0,168,168,0,168,336
01/29/2023,LOU,KY,ASO,CE,Towers with Radar,0,3,14,0,17,0,0,0,0,0,0,3,14,0,17,0,0,0,17
01/30/2023,LOU,KY,ASO,CE,Towers with Radar,0,1,6,0,7,0,0,0,0,0,0,1,6,0,7,0,0,0,7
01/31/2023,LOU,KY,ASO,CE,Towers with Radar,0,1,6,0,7,0,1,1,0,2,0,2,7,0,9,0,0,0,9
02/01/2023,LOU,KY,ASO,CE,Towers with Radar,0,3,20,0,23,0,4,154,0,158,0,7,174,0,181,206,0,206,387
02/02/2023,LOU,KY,ASO,CE,Towers with Radar,0,0,15,0,15,0,4,154,0,158,0,4,169,0,173,302,0,302,475
02/03/2023,LOU,KY,ASO,CE,Towers with Radar,0,0,12,0,12,0,0,157,0,157,0,0,169,0,169,228,0,228,397
02/04/2023,LOU,KY,ASO,CE,Towers with Radar,0,0,11,0,11,0,3,105,0,108,0,3,116,0,119,174,0,174,293
02/05/2023,LOU,KY,ASO,CE,Towers with Radar,0,1,4,0,5,0,0,27,0,27,0,1,31,0,32,16,0,16,48
02/06/2023,LOU,KY,ASO,CE,Towers with Radar,0,2,20,0,22,0,1,183,3,187,0,3,203,3,209,251,2,253,462
02/07/2023,LOU,KY,ASO,CE,Towers with Radar,0,0,18,0,18,0,8,35,0,43,0,8,53,0,61,106,0,106,167
02/08/2023,LOU,KY,ASO,CE,Towers with Radar,0,0,19,0,19,0,0,103,0,103,0,0,122,0,122,350,0,350,472
02/09/2023,LOU,KY,ASO,CE,Towers with Radar,0,1,8,0,9,0,0,0,0,0,0,1,8,0,9,0,0,0,9
02/10/2023,LOU,KY,ASO,CE,Towers with Radar,0,1,23,0,24,0,1,91,0,92,0,2,114,0,116,456,0,456,572
02/11/2023,LOU,KY,ASO,CE,Towers with Radar,0,0,23,0,23,0,3,235,2,240,0,3,258,2,263,248,0,248,511
02/12/2023,LOU,KY,ASO,CE,Towers with Radar,0,0,15,0,15,0,2,172,0,174,0,2,187,0,189,116,0,116,305
02/13/2023,LOU,KY,ASO,CE,Towers with Radar,0,1,13,0,14,0,2,168,2,172,0,3,181,2,186,280,0,280,466
02/14/2023,LOU,KY,ASO,CE,Towers with Radar,0,1,17,0,18,0,7,82,0,89,0,8,99,0,107,150,0,150,257
02/15/2023,LOU,KY,ASO,CE,Towers with Radar,0,1,24,0,25,0,8,74,0,82,0,9,98,0,107,86,0,86,193
02/16/2023,LOU,KY,ASO,CE,Towers with Radar,0,2,11,0,13,0,0,0,0,0,0,2,11,0,13,0,0,0,13
02/17/2023,LOU,KY,ASO,CE,Towers with Radar,0,1,14,0,15,0,0,47,0,47,0,1,61,0,62,64,0,64,126
02/18/2023,LOU,KY,ASO,CE,Towers with Radar,0,0,32,0,32,0,2,210,0,212,0,2,242,0,244,254,0,254,498
02/19/2023,LOU,KY,ASO,CE,Towers with Radar,0,1,12,0,13,0,5,34,0,39,0,6,46,0,52,8,0,8,60
02/20/2023,LOU,KY,ASO,CE,Towers with Radar,0,1,13,0,14,0,0,153,0,153,0,1,166,0,167,204,0,204,371
02/21/2023,LOU,KY,ASO,CE,Towers with Radar,0,6,28,0,34,0,7,148,0,155,0,13,176,0,189,186,0,186,375
02/22/2023,LOU,KY,ASO,CE,Towers with Radar,0,2,5,0,7,0,0,1,0,1,0,2,6,0,8,0,0,0,8
02/23/2023,LOU,KY,ASO,CE,Towers with Radar,0,4,26,0,30,0,8,44,0,52,0,12,70,0,82,31,0,31,113
02/24/2023,LOU,KY,ASO,CE,Towers with Radar,0,1,22,0,23,0,4,209,1,214,0,5,231,1,237,253,2,255,492
02/25/2023,LOU,KY,ASO,CE,Towers with Radar,0,1,20,0,21,0,6,171,0,177,0,7,191,0,198,269,0,269,467
02/26/2023,LOU,KY,ASO,CE,Towers with Radar,0,1,18,0,19,0,2,196,0,198,0,3,214,0,217,246,0,246,463
02/27/2023,LOU,KY,ASO,CE,Towers with Radar,0,1,11,0,12,0,1,0,0,1,0,2,11,0,13,0,0,0,13
02/28/2023,LOU,KY,ASO,CE,Towers with Radar,0,2,22,2,26,0,4,217,0,221,0,6,239,2,247,266,0,266,513
03/01/2023,LOU,KY,ASO,CE,Towers with Radar,0,0,17,2,19,0,4,124,0,128,0,4,141,2,147,136,4,140,287
03/02/2023,LOU,KY,ASO,CE,Towers with Radar,0,1,28,0,29,0,7,171,0,178,0,8,199,0,207,182,0,182,389
03/03/2023,LOU,KY,ASO,CE,Towers with Radar,0,0,3,0,3,0,0,0,0,0,0,0,3,0,3,0,0,0,3
03/04/2023,LOU,KY,ASO,CE,Towers with Radar,0,0,27,0,27,0,4,191,0,195,0,4,218,0,222,160,0,160,382
03/05/2023,LOU,KY,ASO,CE,Towers with Radar,0,1,30,0,31,0,4,222,0,226,0,5,252,0,257,216,0,216,473
03/06/2023,LOU,KY,ASO,CE,Towers with Radar,0,1,17,0,18,0,3,79,0,82,0,4,96,0,100,91,0,91,191
03/07/2023,LOU,KY,ASO,CE,Towers with Radar,0,2,19,0,21,0,4,103,0,107,0,6,122,0,128,246,0,246,374
03/08/2023,LOU,KY,ASO,CE,Towers with Radar,0,1,24,0,25,0,3,125,0,128,0,4,149,0,153,232,0,232,385
03/09/2023,LOU,KY,ASO,CE,Towers with Radar,0,1,15,0,16,0,2,144,0,146,0,3,159,0,162,312,0,312,474
03/10/2023,LOU,KY,ASO,CE,Towers with Radar,0,1,14,0,15,0,7,15,0,22,0,8,29,0,37,0,0,0,37
03/11/2023,LOU,KY,ASO,CE,Towers with Radar,0,0,21,0,21,0,5,194,0,199,0,5,215,0,220,220,0,220,440
03/12/2023,LOU,KY,ASO,CE,Towers with Radar,0,1,6,0,7,0,3,6,0,9,0,4,12,0,16,0,0,0,16
03/13/2023,LOU,KY,ASO,CE,Towers with Radar,0,1,9,0,10,0,2,21,0,23,0,3,30,0,33,44,0,44,77
03/14/2023,LOU,KY,ASO,CE,Towers with Radar,0,0,11,0,11,0,10,117,0,127,0,10,128,0,138,136,0,136,274
03/15/2023,LOU,KY,ASO,CE,Towers with Radar,0,0,22,0,22,0,8,161,0,169,0,8,183,0,191,324,0,324,515
03/16/2023,LOU,KY,ASO,CE,Towers with Radar,0,2,14,0,16,0,6,78,0,84,0,8,92,0,100,94,0,94,194
03/17/2023,LOU,KY,ASO,CE,Towers with Radar,0,0,8,0,8,0,3,9,0,12,0,3,17,0,20,0,0,0,20
03/18/2023,LOU,KY,ASO,CE,Towers with Radar,0,0,15,0,15,0,5,68,0,73,0,5,83,0,88,62,0,62,150
03/19/2023,LOU,KY,ASO,CE,Towers with Radar,0,4,20,0,24,0,9,157,0,166,0,13,177,0,190,152,0,152,342
03/20/2023,LOU,KY,ASO,CE,Towers with Radar,0,1,21,0,22,0,4,153,0,157,0,5,174,0,179,212,0,212,391
03/21/2023,LOU,KY,ASO,CE,Towers with Radar,0,2,14,0,16,0,2,110,1,113,0,4,124,1,129,202,0,202,331
03/22/2023,LOU,KY,ASO,CE,Towers with Radar,0,3,12,0,15,0,6,2,0,8,0,9,14,0,23,0,0,0,23
03/23/2023,LOU,KY,ASO,CE,Towers with Radar,0,5,19,0,24,0,4,25,1,30,0,9,44,1,54,52,0,52,106
03/24/2023,LOU,KY,ASO,CE,Towers with Radar,0,3,9,0,12,0,1,0,0,1,0,4,9,0,13,0,0,0,13
03/25/2023,LOU,KY,ASO,CE,Towers with Radar,0,2,11,0,13,0,3,10,0,13,0,5,21,0,26,2,0,2,28
03/26/2023,LOU,KY,ASO,CE,Towers with Radar,0,2,13,0,15,0,29,241,2,272,0,31,254,2,287,188,0,188,475
03/27/2023,LOU,KY,ASO,CE,Towers with Radar,0,2,21,0,23,0,6,110,0,116,0,8,131,0,139,236,0,236,375
03/28/2023,LOU,KY,ASO,CE,Towers with Radar,0,4,30,0,34,0,21,172,0,193,0,25,202,0,227,277,0,277,504
03/29/2023,LOU,KY,ASO,CE,Towers with Radar,0,0,26,0,26,0,43,174,3,220,0,43,200,3,246,348,0,348,594
03/30/2023,LOU,KY,ASO,CE,Towers with Radar,0,1,28,0,29,0,29,202,0,231,0,30,230,0,260,290,0,290,550
03/31/2023,LOU,KY,ASO,CE,Towers with Radar,0,1,8,0,9,0,0,2,0,2,0,1,10,0,11,0,0,0,11
04/01/2023,LOU,KY,ASO,CE,Towers with Radar,0,1,10,0,11,0,4,4,0,8,0,5,14,0,19,0,0,0,19
04/02/2023,LOU,KY,ASO,CE,Towers with Radar,0,1,35,0,36,0,19,160,2,181,0,20,195,2,217,174,0,174,391
04/03/2023,LOU,KY,ASO,CE,Towers with Radar,0,1,21,0,22,0,31,99,0,130,0,32,120,0,152,92,0,92,244
04/04/2023,LOU,KY,ASO,CE,Towers with Radar,0,0,22,0,22,0,20,22,0,42,0,20,44,0,64,29,0,29,93
04/05/2023,LOU,KY,ASO,CE,Towers with Radar,0,1,0,0,1,0,10,4,0,14,0,11,4,0,15,4,0,4,19
04/06/2023,LOU,KY,ASO,CE,Towers with Radar,0,1,9,0,10,0,35,95,0,130,0,36,104,0,140,244,0,244,384
04/07/2023,LOU,KY,ASO,CE,Towers with Radar,0,2,9,0,11,0,29,150,0,179,0,31,159,0,190,294,0,294,484
04/08/2023,LOU,KY,ASO,CE,Towers with Radar,0,0,24,0,24,0,32,121,0,153,0,32,145,0,177,81,0,81,258
04/09/2023,LOU,KY,ASO,CE,Towers with Radar,0,0,11,0,11,0,12,90,9,111,0,12,101,9,122,65,0,65,187
04/10/2023,LOU,KY,ASO,CE,Towers with Radar,0,1,23,0,24,0,42,213,0,255,0,43,236,0,279,294,0,294,573
04/11/2023,LOU,KY,ASO,CE,Towers with Radar,0,1,24,0,25,0,21,168,0,189,0,22,192,0,214,268,0,268,482
04/12/2023,LOU,KY,ASO,CE,Towers with Radar,0,2,23,0,25,0,18,167,1,186,0,20,190,1,211,266,0,266,477
04/13/2023,LOU,KY,ASO,CE,Towers with Radar,0,4,28,0,32,0,43,164,0,207,0,47,192,0,239,326,0,326,565
04/14/2023,LOU,KY,ASO,CE,Towers with Radar,0,2,25,0,27,0,20,131,0,151,0,22,156,0,178,282,0,282,460
04/15/2023,LOU,KY,ASO,CE,Towers with Radar,0,0,31,0,31,0,13,194,0,207,0,13,225,0,238,326,0,326,564
04/16/2023,LOU,KY,ASO,CE,Towers with Radar,0,4,19,0,23,0,13,7,0,20,0,17,26,0,43,12,0,12,55
04/17/2023,LOU,KY,ASO,CE,Towers with Radar,0,1,8,0,9,0,0,17,2,19,0,1,25,2,28,4,0,4,32
04/18/2023,LOU,KY,ASO,CE,Towers with Radar,0,1,19,0,20,0,42,201,1,244,0,43,220,1,264,476,0,476,740
04/19/2023,LOU,KY,ASO,CE,Towers with Radar,0,4,25,0,29,0,32,158,3,193,0,36,183,3,222,226,0,226,448
04/20/2023,LOU,KY,ASO,CE,Towers with Radar,0,1,29,0,30,0,26,105,0,131,0,27,134,0,161,62,0,62,223
04/21/2023,LOU,KY,ASO,CE,Towers with Radar,0,1,20,0,21,0,4,35,0,39,0,5,55,0,60,46,0,46,106
04/22/2023,LOU,KY,ASO,CE,Towers with Radar,1,0,6,1,8,0,45,67,2,114,1,45,73,3,122,36,0,36,158
04/23/2023,LOU,KY,ASO,CE,Towers with Radar,0,3,23,0,26,0,21,152,1,174,0,24,175,1,200,150,0,150,350
04/24/2023,LOU,KY,ASO,CE,Towers with Radar,0,2,15,0,17,0,20,157,0,177,0,22,172,0,194,248,0,248,442
04/25/2023,LOU,KY,ASO,CE,Towers with Radar,0,2,18,0,20,0,14,215,0,229,0,16,233,0,249,380,0,380,629
04/26/2023,LOU,KY,ASO,CE,Towers with Radar,0,1,22,0,23,0,21,195,2,218,0,22,217,2,241,312,0,312,553
04/27/2023,LOU,KY,ASO,CE,Towers with Radar,0,2,14,0,16,0,3,93,0,96,0,5,107,0,112,130,0,130,242
04/28/2023,LOU,KY,ASO,CE,Towers with Radar,0,5,22,0,27,0,15,32,0,47,0,20,54,0,74,66,0,66,140
04/29/2023,LOU,KY,ASO,CE,Towers with Radar,0,0,17,0,17,0,6,132,0,138,0,6,149,0,155,284,0,284,439
04/30/2023,LOU,KY,ASO,CE,Towers with Radar,0,0,15,0,15,0,12,39,0,51,0,12,54,0,66,24,0,24,90
05/01/2023,LOU,KY,ASO,CE,Towers with Radar,0,1,7,0,8,0,9,6,0,15,0,10,13,0,23,0,0,0,23
05/02/2023,LOU,KY,ASO,CE,Towers with Radar,0,1,16,0,17,0,5,27,0,32,0,6,43,0,49,0,0,0,49
05/03/2023,LOU,KY,ASO,CE,Towers with Radar,0,2,30,0,32,0,18,165,0,183,0,20,195,0,215,134,0,134,349
05/04/2023,LOU,KY,ASO,CE,Towers with Radar,0,14,94,0,108,0,26,179,1,206,0,40,273,1,314,102,0,102,416
05/05/2023,LOU,KY,ASO,CE,Towers with Radar,0,7,47,0,54,0,29,94,4,127,0,36,141,4,181,60,0,60,241
05/06/2023,LOU,KY,ASO,CE,Towers with Radar,0,17,50,0,67,0,36,96,4,136,0,53,146,4,203,34,0,34,237
05/07/2023,LOU,KY,ASO,CE,Towers with Radar,0,9,98,0,107,0,2,8,0,10,0,11,106,0,117,0,0,0,117
05/08/2023,LOU,KY,ASO,CE,Towers with Radar,0,1,23,0,24,0,15,58,1,74,0,16,81,1,98,182,0,182,280
05/09/2023,LOU,KY,ASO,CE,Towers with Radar,0,7,40,0,47,0,20,87,6,113,0,27,127,6,160,180,0,180,340
05/10/2023,LOU,KY,ASO,CE,Towers with Radar,0,0,16,0,16,0,14,154,0,168,0,14,170,0,184,220,0,220,404
05/11/2023,LOU,KY,ASO,CE,Towers with Radar,0,2,23,2,27,0,17,172,0,189,0,19,195,2,216,272,0,272,488
05/12/2023,LOU,KY,ASO,CE,Towers with Radar,0,2,22,0,24,0,4,35,0,39,0,6,57,0,63,58,0,58,121
05/13/2023,LOU,KY,ASO,CE,Towers with Radar,0,0,25,0,25,0,14,32,0,46,0,14,57,0,71,106,0,106,177
05/14/2023,LOU,KY,ASO,CE,Towers with Radar,0,0,21,0,21,0,25,97,0,122,0,25,118,0,143,158,0,158,301
05/15/2023,LOU,KY,ASO,CE,Towers with Radar,0,3,25,0,28,0,17,197,1,215,0,20,222,1,243,210,0,210,453
05/16/2023,LOU,KY,ASO,CE,Towers with Radar,0,2,10,1,13,0,4,12,0,16,0,6,22,1,29,18,0,18,47
05/17/2023,LOU,KY,ASO,CE,Towers with Radar,0,2,11,0,13,0,29,245,3,277,0,31,256,3,290,346,0,346,636
05/18/2023,LOU,KY,ASO,CE,Towers with Radar,0,2,9,0,11,0,30,201,0,231,0,32,210,0,242,234,0,234,476
05/19/2023,LOU,KY,ASO,CE,Towers with Radar,0,1,28,0,29,0,14,139,0,153,0,15,167,0,182,358,0,358,540
05/20/2023,LOU,KY,ASO,CE,Towers with Radar,0,1,13,2,16,0,25,77,0,102,0,26,90,2,118,74,0,74,192
05/21/2023,LOU,KY,ASO,CE,Towers with Radar,0,2,27,0,29,0,33,183,2,218,0,35,210,2,247,200,0,200,447
05/22/2023,LOU,KY,ASO,CE,Towers with Radar,0,1,22,0,23,0,31,170,0,201,0,32,192,0,224,90,0,90,314
05/23/2023,LOU,KY,ASO,CE,Towers with Radar,0,2,24,0,26,0,23,189,1,213,0,25,213,1,239,255,0,255,494
05/24/2023,LOU,KY,ASO,CE,Towers with Radar,0,0,16,2,18,0,22,159,1,182,0,22,175,3,200,200,0,200,400
05/25/2023,LOU,KY,ASO,CE,Towers with Radar,0,2,23,0,25,0,29,127,0,156,0,31,150,0,181,80,0,80,261
05/26/2023,LOU,KY,ASO,CE,Towers with Radar,0,0,24,0,24,0,22,155,0,177,0,22,179,0,201,290,0,290,491
05/27/2023,LOU,KY,ASO,CE,Towers with Radar,0,1,7,0,8,0,17,157,2,176,0,18,164,2,184,240,0,240,424
05/28/2023,LOU,KY,ASO,CE,Towers with Radar,0,1,20,0,21,0,12,84,0,96,0,13,104,0,117,98,0,98,215
05/29/2023,LOU,KY,ASO,CE,Towers with Radar,0,0,19,0,19,0,5,169,0,174,0,5,188,0,193,172,0,172,365
05/30/2023,LOU,KY,ASO,CE,Towers with Radar,0,1,12,0,13,0,18,134,2,154,0,19,146,2,167,308,0,308,475
05/31/2023,LOU,KY,ASO,CE,Towers with Radar,0,1,22,0,23,0,21,154,1,176,0,22,176,1,199,194,0,194,393
06/01/2023,LOU,KY,ASO,CE,Towers with Radar,0,3,25,0,28,0,19,196,0,215,0,22,221,0,243,222,0,222,465
06/02/2023,LOU,KY,ASO,CE,Towers with Radar,0,0,20,0,20,0,21,187,0,208,0,21,207,0,228,156,0,156,384
06/03/2023,LOU,KY,ASO,CE,Towers with Radar,0,0,20,0,20,0,20,172,6,198,0,20,192,6,218,213,0,213,431
06/04/2023,LOU,KY,ASO,CE,Towers with Radar,0,0,10,0,10,0,12,129,0,141,0,12,139,0,151,109,0,109,260
06/05/2023,LOU,KY,ASO,CE,Towers with Radar,0,1,18,0,19,0,20,157,2,179,0,21,175,2,198,168,0,168,366
06/06/2023,LOU,KY,ASO,CE,Towers with Radar,0,4,14,0,18,0,34,153,8,195,0,38,167,8,213,392,0,392,605
06/07/2023,LOU,KY,ASO,CE,Towers with Radar,0,5,32,0,37,0,11,46,0,57,0,16,78,0,94,186,0,186,280
06/08/2023,LOU,KY,ASO,CE,Towers with Radar,0,7,17,0,24,0,16,160,0,176,0,23,177,0,200,365,0,365,565
06/09/2023,LOU,KY,ASO,CE,Towers with Radar,0,4,16,0,20,0,30,195,0,225,0,34,211,0,245,346,0,346,591
06/10/2023,LOU,KY,ASO,CE,Towers with Radar,0,1,17,0,18,0,19,217,0,236,0,20,234,0,254,168,0,168,422
06/11/2023,LOU,KY,ASO,CE,Towers with Radar,0,0,10,0,10,0,15,66,0,81,0,15,76,0,91,64,0,64,155
06/12/2023,LOU,KY,ASO,CE,Towers with Radar,0,2,18,0,20,0,25,61,0,86,0,27,79,0,106,150,0,150,256
06/13/2023,LOU,KY,ASO,CE,Towers with Radar,0,0,15,0,15,0,12,54,0,66,0,12,69,0,81,124,0,124,205
06/14/2023,LOU,KY,ASO,CE,Towers with Radar,0,2,14,0,16,0,38,155,2,195,0,40,169,2,211,212,0,212,423
06/15/2023,LOU,KY,ASO,CE,Towers with Radar,0,2,15,0,17,0,25,171,0,196,0,27,186,0,213,394,0,394,607
06/16/2023,LOU,KY,ASO,CE,Towers with Radar,0,0,28,0,28,0,27,189,0,216,0,27,217,0,244,264,0,264,508
06/17/2023,LOU,KY,ASO,CE,Towers with Radar,0,2,17,0,19,0,31,171,6,208,0,33,188,6,227,308,0,308,535
06/18/2023,LOU,KY,ASO,CE,Towers with Radar,0,4,10,0,14,0,24,106,23,153,0,28,116,23,167,164,0,164,331
06/19/2023,LOU,KY,ASO,CE,Towers with Radar,0,0,10,0,10,0,3,3,0,6,0,3,13,0,16,0,0,0,16
06/20/2023,LOU,KY,ASO,CE,Towers with Radar,0,0,21,0,21,0,15,44,0,59,0,15,65,0,80,42,0,42,122
06/21/2023,LOU,KY,ASO,CE,Towers with Radar,0,0,31,0,31,0,10,48,0,58,0,10,79,0,89,188,0,188,277
06/22/2023,LOU,KY,ASO,CE,Towers with Radar,0,2,26,0,28,0,29,133,0,162,0,31,159,0,190,394,0,394,584
06/23/2023,LOU,KY,ASO,CE,Towers with Radar,0,0,25,0,25,0,12,131,375,518,0,12,156,375,543,0,0,0,543
06/24/2023,LOU,KY,ASO,CE,Towers with Radar,0,0,20,0,20,0,31,172,0,203,0,31,192,0,223,166,0,166,389
06/25/2023,LOU,KY,ASO,CE,Towers with Radar,0,4,10,0,14,0,12,28,0,40,0,16,38,0,54,34,0,34,88
06/26/2023,LOU,KY,ASO,CE,Towers with Radar,0,1,14,0,15,0,32,81,0,113,0,33,95,0,128,40,0,40,168
06/27/2023,LOU,KY,ASO,CE,Towers with Radar,0,3,26,0,29,0,28,125,2,155,0,31,151,2,184,236,0,236,420
06/28/2023,LOU,KY,ASO,CE,Towers with Radar,0,4,25,2,31,0,1,11,1,13,0,5,36,3,44,32,0,32,76
06/29/2023,LOU,KY,ASO,CE,Towers with Radar,0,2,23,0,25,0,0,18,0,18,0,2,41,0,43,60,0,60,103
06/30/2023,LOU,KY,ASO,CE,Towers with Radar,0,0,25,0,25,0,24,113,2,139,0,24,138,2,164,368,0,368,532
07/01/2023,LOU,KY,ASO,CE,Towers with Radar,0,0,8,0,8,0,10,27,0,37,0,10,35,0,45,48,0,48,93
07/02/2023,LOU,KY,ASO,CE,Towers with Radar,0,0,7,0,7,0,3,24,0,27,0,3,31,0,34,20,0,20,54
07/03/2023,LOU,KY,ASO,CE,Towers with Radar,0,0,23,0,23,0,26,130,2,158,0,26,153,2,181,174,0,174,355
07/04/2023,LOU,KY,ASO,CE,Towers with Radar,0,0,8,0,8,0,15,151,0,166,0,15,159,0,174,298,0,298,472
07/05/2023,LOU,KY,ASO,CE,Towers with Radar,0,0,18,0,18,0,17,177,2,196,0,17,195,2,214,342,0,342,556
07/06/2023,LOU,KY,ASO,CE,Towers with Radar,0,0,16,0,16,0,26,139,11,176,0,26,155,11,192,332,0,332,524
07/07/2023,LOU,KY,ASO,CE,Towers with Radar,0,1,20,0,21,0,11,186,0,197,0,12,206,0,218,418,0,418,636
07/08/2023,LOU,KY,ASO,CE,Towers with Radar,0,1,12,0,13,0,4,76,0,80,0,5,88,0,93,82,0,82,175
07/09/2023,LOU,KY,ASO,CE,Towers with Radar,0,0,24,0,24,0,17,74,2,93,0,17,98,2,117,320,0,320,437
07/10/2023,LOU,KY,ASO,CE,Towers with Radar,0,4,44,0,48,0,41,186,0,227,0,45,230,0,275,520,0,520,795
07/11/2023,LOU,KY,ASO,CE,Towers with Radar,0,1,24,0,25,0,16,231,0,247,0,17,255,0,272,366,0,366,638
07/12/2023,LOU,KY,ASO,CE,Towers with Radar,0,0,18,0,18,0,22,200,2,224,0,22,218,2,242,386,0,386,628
07/13/2023,LOU,KY,ASO,CE,Towers with Radar,0,2,15,0,17,3,10,102,7,122,3,12,117,7,139,292,0,292,431
07/14/2023,LOU,KY,ASO,CE,Towers with Radar,0,2,15,0,17,0,17,168,0,185,0,19,183,0,202,344,0,344,546
07/15/2023,LOU,KY,ASO,CE,Towers with Radar,0,1,10,0,11,0,2,17,0,19,0,3,27,0,30,14,0,14,44
07/16/2023,LOU,KY,ASO,CE,Towers with Radar,0,1,26,0,27,0,12,123,0,135,0,13,149,0,162,382,0,382,544
07/17/2023,LOU,KY,ASO,CE,Towers with Radar,0,1,20,0,21,0,16,83,9,108,0,17,103,9,129,248,0,248,377
07/18/2023,LOU,KY,ASO,CE,Towers with Radar,0,3,23,0,26,0,14,81,0,95,0,17,104,0,121,190,0,190,311
07/19/2023,LOU,KY,ASO,CE,Towers with Radar,0,1,32,0,33,0,11,69,1,81,0,12,101,1,114,191,0,191,305
07/20/2023,LOU,KY,ASO,CE,Towers with Radar,0,4,18,0,22,0,16,116,0,132,0,20,134,0,154,370,0,370,524
07/21/2023,LOU,KY,ASO,CE,Towers with Radar,0,0,24,0,24,0,20,210,0,230,0,20,234,0,254,246,0,246,500
07/22/2023,LOU,KY,ASO,CE,Towers with Radar,0,3,10,0,13,0,13,235,0,248,0,16,245,0,261,268,0,268,529
07/23/2023,LOU,KY,ASO,CE,Towers with Radar,0,3,33,0,36,0,8,159,0,167,0,11,192,0,203,282,0,282,485
07/24/2023,LOU,KY,ASO,CE,Towers with Radar,0,1,10,0,11,0,25,106,0,131,0,26,116,0,142,128,0,128,270
07/25/2023,LOU,KY,ASO,CE,Towers with Radar,0,1,17,0,18,0,22,180,1,203,0,23,197,1,221,450,0,450,671
07/26/2023,LOU,KY,ASO,CE,Towers with Radar,0,5,17,0,22,1,10,131,0,142,1,15,148,0,164,204,0,204,368
07/27/2023,LOU,KY,ASO,CE,Towers with Radar,0,0,11,0,11,0,23,121,5,149,0,23,132,5,160,242,0,242,402
07/28/2023,LOU,KY,ASO,CE,Towers with Radar,0,0,14,0,14,0,18,144,0,162,0,18,158,0,176,310,0,310,486
07/29/2023,LOU,KY,ASO,CE,Towers with Radar,0,2,13,0,15,0,17,96,0,113,0,19,109,0,128,134,0,134,262
07/30/2023,LOU,KY,ASO,CE,Towers with Radar,0,2,18,0,20,0,22,135,0,157,0,24,153,0,177,168,0,168,345
07/31/2023,LOU,KY,ASO,CE,Towers with Radar,0,5,19,0,24,0,7,188,0,195,0,12,207,0,219,241,0,241,460
08/01/2023,LOU,KY,ASO,CE,Towers with Radar,0,1,18,0,19,0,27,196,1,224,0,28,214,1,243,372,0,372,615
08/02/2023,LOU,KY,ASO,CE,Towers with Radar,0,3,26,0,29,0,27,183,0,210,0,30,209,0,239,434,0,434,673
08/03/2023,LOU,KY,ASO,CE,Towers with Radar,0,1,33,0,34,0,7,46,0,53,0,8,79,0,87,150,0,150,237
08/04/2023,LOU,KY,ASO,CE,Towers with Radar,0,1,22,0,23,0,22,159,0,181,0,23,181,0,204,322,0,322,526
08/05/2023,LOU,KY,ASO,CE,Towers with Radar,0,0,14,0,14,0,23,135,0,158,0,23,149,0,172,160,0,160,332
08/06/2023,LOU,KY,ASO,CE,Towers with Radar,0,3,22,0,25,0,17,95,0,112,0,20,117,0,137,139,0,139,276
08/07/2023,LOU,KY,ASO,CE,Towers with Radar,0,0,14,0,14,0,5,27,0,32,0,5,41,0,46,62,0,62,108
08/08/2023,LOU,KY,ASO,CE,Towers with Radar,0,0,27,0,27,0,23,203,0,226,0,23,230,0,253,334,0,334,587
08/09/2023,LOU,KY,ASO,CE,Towers with Radar,0,0,15,0,15,0,25,107,0,132,0,25,122,0,147,362,0,362,509
08/10/2023,LOU,KY,ASO,CE,Towers with Radar,0,4,30,1,35,0,17,100,0,117,0,21,130,1,152,352,0,352,504
08/11/2023,LOU,KY,ASO,CE,Towers with Radar,0,0,22,0,22,0,23,198,1,222,0,23,220,1,244,358,0,358,602
08/12/2023,LOU,KY,ASO,CE,Towers with Radar,0,0,10,1,11,0,19,70,3,92,0,19,80,4,103,100,0,100,203
08/13/2023,LOU,KY,ASO,CE,Towers with Radar,0,0,32,0,32,0,16,131,0,147,0,16,163,0,179,296,0,296,475
08/14/2023,LOU,KY,ASO,CE,Towers with Radar,0,0,13,0,13,0,4,12,0,16,0,4,25,0,29,14,0,14,43
08/15/2023,LOU,KY,ASO,CE,Towers with Radar,0,2,28,0,30,0,22,104,3,129,0,24,132,3,159,297,0,297,456
08/16/2023,LOU,KY,ASO,CE,Towers with Radar,0,0,29,0,29,0,25,218,3,246,0,25,247,3,275,438,0,438,713
08/17/2023,LOU,KY,ASO,CE,Towers with Radar,0,2,20,0,22,0,22,123,4,149,0,24,143,4,171,254,0,254,425
08/18/2023,LOU,KY,ASO,CE,Towers with Radar,0,3,20,0,23,0,15,195,0,210,0,18,215,0,233,332,0,332,565
08/19/2023,LOU,KY,ASO,CE,Towers with Radar,0,1,17,0,18,0,6,217,1,224,0,7,234,1,242,259,0,259,501
08/20/2023,LOU,KY,ASO,CE,Towers with Radar,0,3,29,0,32,0,13,150,4,167,0,16,179,4,199,220,0,220,419
08/21/2023,LOU,KY,ASO,CE,Towers with Radar,0,3,18,0,21,0,21,174,10,205,0,24,192,10,226,302,0,302,528
08/22/2023,LOU,KY,ASO,CE,Towers with Radar,0,3,35,0,38,0,1,161,0,162,0,4,196,0,200,304,0,304,504
08/23/2023,LOU,KY,ASO,CE,Towers with Radar,0,0,20,0,20,0,28,188,0,216,0,28,208,0,236,256,0,256,492
08/24/2023,LOU,KY,ASO,CE,Towers with Radar,0,2,24,0,26,0,24,86,0,110,0,26,110,0,136,232,0,232,368
08/25/2023,LOU,KY,ASO,CE,Towers with Radar,0,0,19,0,19,0,4,98,0,102,0,4,117,0,121,144,0,144,265
08/26/2023,LOU,KY,ASO,CE,Towers with Radar,0,1,26,0,27,0,7,85,0,92,0,8,111,0,119,244,0,244,363
08/27/2023,LOU,KY,ASO,CE,Towers with Radar,0,1,29,0,30,0,16,64,3,83,0,17,93,3,113,148,0,148,261
08/28/2023,LOU,KY,ASO,CE,Towers with Radar,0,0,20,0,20,0,15,170,6,191,0,15,190,6,211,262,0,262,473
08/29/2023,LOU,KY,ASO,CE,Towers with Radar,1,0,26,0,27,0,24,175,7,206,1,24,201,7,233,306,0,306,539
08/30/2023,LOU,KY,ASO,CE,Towers with Radar,0,0,27,0,27,0,32,146,5,183,0,32,173,5,210,270,0,270,480
08/31/2023,LOU,KY,ASO,CE,Towers with Radar,0,0,23,0,23,0,26,133,8,167,0,26,156,8,190,238,0,238,428
01/01/2020,LOU,KY,ASO,CE,Towers with Radar,0,1,11,0,12,0,8,147,0,155,0,9,158,0,167,52,0,52,219
01/02/2020,LOU,KY,ASO,CE,Towers with Radar,0,0,5,0,5,0,0,19,0,19,0,0,24,0,24,88,0,88,112
01/03/2020,LOU,KY,ASO,CE,Towers with Radar,0,1,8,0,9,0,0,0,0,0,0,1,8,0,9,0,0,0,9
01/04/2020,LOU,KY,ASO,CE,Towers with Radar,0,2,4,0,6,0,0,31,0,31,0,2,35,0,37,22,0,22,59
01/05/2020,LOU,KY,ASO,CE,Towers with Radar,0,0,23,0,23,0,1,112,0,113,0,1,135,0,136,48,0,48,184
01/06/2020,LOU,KY,ASO,CE,Towers with Radar,0,0,20,0,20,0,0,174,0,174,0,0,194,0,194,136,0,136,330
01/07/2020,LOU,KY,ASO,CE,Towers with Radar,0,0,13,0,13,0,3,100,1,104,0,3,113,1,117,116,0,116,233
01/08/2020,LOU,KY,ASO,CE,Towers with Radar,0,0,24,0,24,0,3,160,1,164,0,3,184,1,188,194,0,194,382
01/09/2020,LOU,KY,ASO,CE,Towers with Radar,0,0,5,0,5,0,2,67,0,69,0,2,72,0,74,124,0,124,198
01/10/2020,LOU,KY,ASO,CE,Towers with Radar,0,0,16,0,16,0,0,15,0,15,0,0,31,0,31,2,0,2,33
01/11/2020,LOU,KY,ASO,CE,Towers with Radar,0,0,4,0,4,0,0,0,0,0,0,0,4,0,4,0,0,0,4
01/12/2020,LOU,KY,ASO,CE,Towers with Radar,0,0,13,0,13,0,2,100,0,102,0,2,113,0,115,234,0,234,349
01/13/2020,LOU,KY,ASO,CE,Towers with Radar,0,0,19,0,19,0,0,141,0,141,0,0,160,0,160,200,0,200,360
01/14/2020,LOU,KY,ASO,CE,Towers with Radar,0,0,23,0,23,0,0,134,0,134,0,0,157,0,157,282,0,282,439
01/15/2020,LOU,KY,ASO,CE,Towers with Radar,0,0,14,0,14,0,1,4,0,5,0,1,18,0,19,4,0,4,23
01/16/2020,LOU,KY,ASO,CE,Towers with Radar,0,0,21,0,21,0,1,155,0,156,0,1,176,0,177,110,0,110,287
01/17/2020,LOU,KY,ASO,CE,Towers with Radar,0,0,24,0,24,0,0,147,0,147,0,0,171,0,171,94,0,94,265
01/18/2020,LOU,KY,ASO,CE,Towers with Radar,0,1,4,0,5,0,0,1,0,1,0,1,5,0,6,0,0,0,6
01/19/2020,LOU,KY,ASO,CE,Towers with Radar,0,0,5,0,5,0,0,82,0,82,0,0,87,0,87,130,0,130,217
01/20/2020,LOU,KY,ASO,CE,Towers with Radar,0,1,18,0,19,0,3,38,0,41,0,4,56,0,60,186,0,186,246
01/21/2020,LOU,KY,ASO,CE,Towers with Radar,0,0,26,0,26,0,5,135,0,140,0,5,161,0,166,158,0,158,324
01/22/2020,LOU,KY,ASO,CE,Towers with Radar,0,0,21,0,21,0,2,123,0,125,0,2,144,0,146,110,0,110,256
01/23/2020,LOU,KY,ASO,CE,Towers with Radar,0,2,23,0,25,0,0,86,0,86,0,2,109,0,111,116,0,116,227
01/24/2020,LOU,KY,ASO,CE,Towers with Radar,0,0,6,0,6,0,0,6,0,6,0,0,12,0,12,32,0,32,44
01/25/2020,LOU,KY,ASO,CE,Towers with Radar,0,1,2,0,3,0,0,12,0,12,0,1,14,0,15,78,0,78,93
01/26/2020,LOU,KY,ASO,CE,Towers with Radar,0,1,4,0,5,0,0,100,0,100,0,1,104,0,105,164,0,164,269
01/27/2020,LOU,KY,ASO,CE,Towers with Radar,0,1,24,0,25,0,0,89,0,89,0,1,113,0,114,230,0,230,344
01/28/2020,LOU,KY,ASO,CE,Towers with Radar,0,3,10,0,13,0,0,44,0,44,0,3,54,0,57,248,0,248,305
01/29/2020,LOU,KY,ASO,CE,Towers with Radar,0,0,18,0,18,0,3,75,0,78,0,3,93,0,96,212,0,212,308
01/30/2020,LOU,KY,ASO,CE,Towers with Radar,0,4,26,0,30,0,0,129,0,129,0,4,155,0,159,168,0,168,327
01/31/2020,LOU,KY,ASO,CE,Towers with Radar,0,0,8,0,8,0,0,0,0,0,0,0,8,0,8,0,0,0,8
02/01/2020,LOU,KY,ASO,CE,Towers with Radar,0,0,9,0,9,0,0,47,0,47,0,0,56,0,56,60,0,60,116
02/02/2020,LOU,KY,ASO,CE,Towers with Radar,0,0,13,0,13,0,2,89,0,91,0,2,102,0,104,58,0,58,162
02/03/2020,LOU,KY,ASO,CE,Towers with Radar,0,0,16,0,16,0,1,88,1,90,0,1,104,1,106,62,0,62,168
02/04/2020,LOU,KY,ASO,CE,Towers with Radar,0,0,20,0,20,0,0,1,0,1,0,0,21,0,21,0,0,0,21
02/05/2020,LOU,KY,ASO,CE,Towers with Radar,0,0,14,0,14,0,0,2,0,2,0,0,16,0,16,0,0,0,16
02/06/2020,LOU,KY,ASO,CE,Towers with Radar,0,1,3,0,4,0,0,2,0,2,0,1,5,0,6,0,0,0,6
02/07/2020,LOU,KY,ASO,CE,Towers with Radar,0,1,10,0,11,0,0,54,0,54,0,1,64,0,65,90,0,90,155
02/08/2020,LOU,KY,ASO,CE,Towers with Radar,0,0,9,0,9,0,3,90,0,93,0,3,99,0,102,154,0,154,256
02/09/2020,LOU,KY,ASO,CE,Towers with Radar,0,0,17,0,17,0,0,81,0,81,0,0,98,0,98,62,0,62,160
02/10/2020,LOU,KY,ASO,CE,Towers with Radar,0,0,7,0,7,0,0,0,0,0,0,0,7,0,7,0,0,0,7
02/11/2020,LOU,KY,ASO,CE,Towers with Radar,0,0,24,0,24,0,0,94,0,94,0,0,118,0,118,159,0,159,277
02/12/2020,LOU,KY,ASO,CE,Towers with Radar,0,0,10,0,10,0,0,30,0,30,0,0,40,0,40,74,0,74,114
02/13/2020,LOU,KY,ASO,CE,Towers with Radar,0,1,11,0,12,0,0,25,0,25,0,1,36,0,37,42,0,42,79
02/14/2020,LOU,KY,ASO,CE,Towers with Radar,0,1,25,0,26,0,0,158,3,161,0,1,183,3,187,142,0,142,329
02/15/2020,LOU,KY,ASO,CE,Towers with Radar,0,0,18,0,18,0,3,181,0,184,0,3,199,0,202,120,0,120,322
02/16/2020,LOU,KY,ASO,CE,Towers with Radar,0,2,21,0,23,0,0,168,0,168,0,2,189,0,191,220,0,220,411
02/17/2020,LOU,KY,ASO,CE,Towers with Radar,0,0,27,0,27,0,0,167,0,167,0,0,194,0,194,164,0,164,358
02/18/2020,LOU,KY,ASO,CE,Towers with Radar,0,1,23,0,24,0,1,8,0,9,0,2,31,0,33,20,0,20,53
02/19/2020,LOU,KY,ASO,CE,Towers with Radar,0,0,30,0,30,0,4,145,0,149,0,4,175,0,179,128,0,128,307
02/20/2020,LOU,KY,ASO,CE,Towers with Radar,0,2,25,0,27,0,0,118,0,118,0,2,143,0,145,124,0,124,269
02/21/2020,LOU,KY,ASO,CE,Towers with Radar,0,0,20,0,20,0,1,173,0,174,0,1,193,0,194,276,0,276,470
02/22/2020,LOU,KY,ASO,CE,Towers with Radar,0,0,29,0,29,0,8,214,0,222,0,8,243,0,251,112,0,112,363
02/23/2020,LOU,KY,ASO,CE,Towers with Radar,0,4,18,0,22,0,4,135,0,139,0,8,153,0,161,120,0,120,281
02/24/2020,LOU,KY,ASO,CE,Towers with Radar,0,1,5,0,6,0,0,7,0,7,0,1,12,0,13,30,0,30,43
02/25/2020,LOU,KY,ASO,CE,Towers with Radar,0,4,6,0,10,0,0,7,0,7,0,4,13,0,17,0,0,0,17
02/26/2020,LOU,KY,ASO,CE,Towers with Radar,0,0,12,0,12,0,0,20,0,20,0,0,32,0,32,36,0,36,68
02/27/2020,LOU,KY,ASO,CE,Towers with Radar,0,3,21,0,24,0,0,100,0,100,0,3,121,0,124,172,0,172,296
02/28/2020,LOU,KY,ASO,CE,Towers with Radar,0,0,17,0,17,0,0,123,0,123,0,0,140,0,140,168,0,168,308
02/29/2020,LOU,KY,ASO,CE,Towers with Radar,0,0,14,0,14,0,6,236,2,244,0,6,250,2,258,172,0,172,430
03/01/2020,LOU,KY,ASO,CE,Towers with Radar,0,0,17,0,17,0,1,116,0,117,0,1,133,0,134,52,0,52,186
03/02/2020,LOU,KY,ASO,CE,Towers with Radar,0,4,13,0,17,0,0,4,0,4,0,4,17,0,21,24,0,24,45
03/03/2020,LOU,KY,ASO,CE,Towers with Radar,0,2,15,0,17,0,0,27,0,27,0,2,42,0,44,18,0,18,62
03/04/2020,LOU,KY,ASO,CE,Towers with Radar,0,2,10,0,12,0,0,86,0,86,0,2,96,0,98,140,0,140,238
03/05/2020,LOU,KY,ASO,CE,Towers with Radar,0,1,23,0,24,0,0,192,0,192,0,1,215,0,216,250,0,250,466
03/06/2020,LOU,KY,ASO,CE,Towers with Radar,0,0,7,0,7,0,0,10,1,11,0,0,17,1,18,20,0,20,38
03/07/2020,LOU,KY,ASO,CE,Towers with Radar,0,0,14,0,14,0,0,198,2,200,0,0,212,2,214,252,0,252,466
03/08/2020,LOU,KY,ASO,CE,Towers with Radar,0,0,9,0,9,0,0,159,0,159,0,0,168,0,168,166,0,166,334
03/09/2020,LOU,KY,ASO,CE,Towers with Radar,0,1,8,0,9,0,0,37,0,37,0,1,45,0,46,0,0,0,46
03/10/2020,LOU,KY,ASO,CE,Towers with Radar,0,2,21,0,23,0,0,18,0,18,0,2,39,0,41,152,0,152,193
03/11/2020,LOU,KY,ASO,CE,Towers with Radar,0,1,16,0,17,0,1,106,0,107,0,2,122,0,124,296,0,296,420
03/12/2020,LOU,KY,ASO,CE,Towers with Radar,0,0,6,0,6,0,1,48,0,49,0,1,54,0,55,32,0,32,87
03/13/2020,LOU,KY,ASO,CE,Towers with Radar,0,0,15,0,15,0,0,157,0,157,0,0,172,0,172,190,0,190,362
03/14/2020,LOU,KY,ASO,CE,Towers with Radar,0,0,3,0,3,0,0,34,0,34,0,0,37,0,37,92,0,92,129
03/15/2020,LOU,KY,ASO,CE,Towers with Radar,0,3,17,0,20,0,0,60,0,60,0,3,77,0,80,104,0,104,184
03/16/2020,LOU,KY,ASO,CE,Towers with Radar,0,2,11,0,13,0,2,70,0,72,0,4,81,0,85,132,0,132,217
03/17/2020,LOU,KY,ASO,CE,Towers with Radar,0,1,17,0,18,0,0,107,0,107,0,1,124,0,125,230,0,230,355
03/18/2020,LOU,KY,ASO,CE,Towers with Radar,0,0,11,0,11,0,0,0,0,0,0,0,11,0,11,0,0,0,11
03/19/2020,LOU,KY,ASO,CE,Towers with Radar,0,0,6,0,6,0,0,3,0,3,0,0,9,0,9,0,0,0,9
03/20/2020,LOU,KY,ASO,CE,Towers with Radar,0,2,12,0,14,0,1,50,0,51,0,3,62,0,65,58,0,58,123
03/21/2020,LOU,KY,ASO,CE,Towers with Radar,0,0,2,0,2,0,0,115,0,115,0,0,117,0,117,282,0,282,399
03/22/2020,LOU,KY,ASO,CE,Towers with Radar,0,0,12,0,12,0,0,124,0,124,0,0,136,0,136,118,0,118,254
03/23/2020,LOU,KY,ASO,CE,Towers with Radar,0,0,16,0,16,0,0,75,0,75,0,0,91,0,91,100,0,100,191
03/24/2020,LOU,KY,ASO,CE,Towers with Radar,0,0,12,0,12,0,0,86,0,86,0,0,98,0,98,116,0,116,214
03/25/2020,LOU,KY,ASO,CE,Towers with Radar,0,0,5,0,5,0,0,129,0,129,0,0,134,0,134,92,0,92,226
03/26/2020,LOU,KY,ASO,CE,Towers with Radar,0,0,11,0,11,0,0,118,0,118,0,0,129,0,129,146,0,146,275
03/27/2020,LOU,KY,ASO,CE,Towers with Radar,0,0,7,0,7,0,0,91,0,91,0,0,98,0,98,70,0,70,168
03/28/2020,LOU,KY,ASO,CE,Towers with Radar,0,0,7,0,7,0,0,52,0,52,0,0,59,0,59,14,0,14,73
03/29/2020,LOU,KY,ASO,CE,Towers with Radar,0,0,3,0,3,0,0,12,0,12,0,0,15,0,15,0,0,0,15
03/30/2020,LOU,KY,ASO,CE,Towers with Radar,0,0,4,0,4,0,0,91,0,91,0,0,95,0,95,84,0,84,179
03/31/2020,LOU,KY,ASO,CE,Towers with Radar,0,1,10,0,11,0,0,51,0,51,0,1,61,0,62,98,0,98,160
04/01/2020,LOU,KY,ASO,CE,Towers with Radar,0,0,8,0,8,0,4,71,0,75,0,4,79,0,83,78,0,78,161
04/02/2020,LOU,KY,ASO,CE,Towers with Radar,0,0,5,0,5,0,3,155,0,158,0,3,160,0,163,74,0,74,237
04/03/2020,LOU,KY,ASO,CE,Towers with Radar,0,0,4,0,4,0,0,146,0,146,0,0,150,0,150,72,0,72,222
04/04/2020,LOU,KY,ASO,CE,Towers with Radar,0,0,3,0,3,0,0,161,0,161,0,0,164,0,164,74,0,74,238
04/05/2020,LOU,KY,ASO,CE,Towers with Radar,0,0,6,0,6,0,0,60,0,60,0,0,66,0,66,24,0,24,90
04/06/2020,LOU,KY,ASO,CE,Towers with Radar,0,0,17,0,17,0,0,86,1,87,0,0,103,1,104,56,0,56,160
04/07/2020,LOU,KY,ASO,CE,Towers with Radar,0,0,4,0,4,0,2,47,0,49,0,2,51,0,53,18,0,18,71
04/08/2020,LOU,KY,ASO,CE,Towers with Radar,0,0,12,0,12,0,0,83,2,85,0,0,95,2,97,14,0,14,111
04/09/2020,LOU,KY,ASO,CE,Towers with Radar,0,0,1,0,1,0,0,18,0,18,0,0,19,0,19,0,0,0,19
04/10/2020,LOU,KY,ASO,CE,Towers with Radar,0,0,14,0,14,0,0,89,0,89,0,0,103,0,103,58,0,58,161
04/11/2020,LOU,KY,ASO,CE,Towers with Radar,0,0,9,0,9,0,0,125,0,125,0,0,134,0,134,66,0,66,200
04/12/2020,LOU,KY,ASO,CE,Towers with Radar,0,0,2,0,2,0,3,13,0,16,0,3,15,0,18,8,0,8,26
04/13/2020,LOU,KY,ASO,CE,Towers with Radar,0,0,3,0,3,0,0,33,0,33,0,0,36,0,36,1,0,1,37
04/14/2020,LOU,KY,ASO,CE,Towers with Radar,0,0,7,0,7,0,0,85,0,85,0,0,92,0,92,84,0,84,176
04/15/2020,LOU,KY,ASO,CE,Towers with Radar,0,0,4,0,4,0,2,72,0,74,0,2,76,0,78,36,0,36,114
04/16/2020,LOU,KY,ASO,CE,Towers with Radar,0,1,10,0,11,0,0,176,0,176,0,1,186,0,187,66,0,66,253
04/17/2020,LOU,KY,ASO,CE,Towers with Radar,0,1,2,0,3,0,0,13,0,13,0,1,15,0,16,16,0,16,32
04/18/2020,LOU,KY,ASO,CE,Towers with Radar,0,0,22,0,22,0,0,191,0,191,0,0,213,0,213,144,0,144,357
04/19/2020,LOU,KY,ASO,CE,Towers with Radar,0,0,7,0,7,0,1,82,0,83,0,1,89,0,90,122,0,122,212
04/20/2020,LOU,KY,ASO,CE,Towers with Radar,0,0,7,0,7,0,2,143,0,145,0,2,150,0,152,68,0,68,220
04/21/2020,LOU,KY,ASO,CE,Towers with Radar,0,0,4,0,4,0,1,65,0,66,0,1,69,0,70,24,0,24,94
04/22/2020,LOU,KY,ASO,CE,Towers with Radar,0,2,20,0,22,0,1,144,0,145,0,3,164,0,167,96,0,96,263
04/23/2020,LOU,KY,ASO,CE,Towers with Radar,0,1,2,0,3,0,0,0,0,0,0,1,2,0,3,0,0,0,3
04/24/2020,LOU,KY,ASO,CE,Towers with Radar,0,0,18,0,18,0,1,110,0,111,0,1,128,0,129,124,0,124,253
04/25/2020,LOU,KY,ASO,CE,Towers with Radar,0,0,8,0,8,0,0,34,0,34,0,0,42,0,42,76,0,76,118
04/26/2020,LOU,KY,ASO,CE,Towers with Radar,0,0,7,0,7,0,0,9,0,9,0,0,16,0,16,16,0,16,32
04/27/2020,LOU,KY,ASO,CE,Towers with Radar,0,0,15,0,15,0,0,192,2,194,0,0,207,2,209,104,0,104,313
04/28/2020,LOU,KY,ASO,CE,Towers with Radar,0,0,8,0,8,0,0,89,1,90,0,0,97,1,98,46,0,46,144
04/29/2020,LOU,KY,ASO,CE,Towers with Radar,0,0,3,0,3,0,0,6,0,6,0,0,9,0,9,16,0,16,25
04/30/2020,LOU,KY,ASO,CE,Towers with Radar,0,0,16,0,16,0,0,12,0,12,0,0,28,0,28,18,0,18,46
05/01/2020,LOU,KY,ASO,CE,Towers with Radar,0,0,21,0,21,0,0,196,0,196,0,0,217,0,217,66,0,66,283
05/02/2020,LOU,KY,ASO,CE,Towers with Radar,0,0,16,0,16,0,0,146,0,146,0,0,162,0,162,56,0,56,218
05/03/2020,LOU,KY,ASO,CE,Towers with Radar,0,0,7,0,7,0,1,52,0,53,0,1,59,0,60,54,0,54,114
05/04/2020,LOU,KY,ASO,CE,Towers with Radar,0,2,11,0,13,0,0,171,0,171,0,2,182,0,184,150,0,150,334
05/05/2020,LOU,KY,ASO,CE,Towers with Radar,0,0,24,0,24,0,0,1,0,1,0,0,25,0,25,0,0,0,25
05/06/2020,LOU,KY,ASO,CE,Towers with Radar,0,0,15,0,15,0,0,111,0,111,0,0,126,0,126,90,0,90,216
05/07/2020,LOU,KY,ASO,CE,Towers with Radar,0,0,17,0,17,0,0,147,2,149,0,0,164,2,166,166,0,166,332
05/08/2020,LOU,KY,ASO,CE,Towers with Radar,0,0,10,0,10,0,0,20,0,20,0,0,30,0,30,56,0,56,86
05/09/2020,LOU,KY,ASO,CE,Towers with Radar,0,0,19,0,19,0,0,219,0,219,0,0,238,0,238,128,0,128,366
05/10/2020,LOU,KY,ASO,CE,Towers with Radar,0,0,5,0,5,0,2,12,0,14,0,2,17,0,19,0,0,0,19
05/11/2020,LOU,KY,ASO,CE,Towers with Radar,0,0,11,0,11,0,0,95,0,95,0,0,106,0,106,134,0,134,240
05/12/2020,LOU,KY,ASO,CE,Towers with Radar,0,0,14,0,14,0,0,172,0,172,0,0,186,0,186,146,0,146,332
05/13/2020,LOU,KY,ASO,CE,Towers with Radar,0,0,19,0,19,0,0,10,0,10,0,0,29,0,29,2,0,2,31
05/14/2020,LOU,KY,ASO,CE,Towers with Radar,0,0,4,0,4,0,0,84,0,84,0,0,88,0,88,144,0,144,232
05/15/2020,LOU,KY,ASO,CE,Towers with Radar,0,0,6,0,6,0,0,16,0,16,0,0,22,0,22,38,0,38,60
05/16/2020,LOU,KY,ASO,CE,Towers with Radar,0,0,6,0,6,0,11,72,0,83,0,11,78,0,89,170,0,170,259
05/17/2020,LOU,KY,ASO,CE,Towers with Radar,0,0,11,0,11,0,2,69,0,71,0,2,80,0,82,42,0,42,124
05/18/2020,LOU,KY,ASO,CE,Towers with Radar,0,0,3,0,3,0,0,3,0,3,0,0,6,0,6,2,0,2,8
05/19/2020,LOU,KY,ASO,CE,Towers with Radar,0,0,19,0,19,0,0,64,0,64,0,0,83,0,83,248,0,248,331
05/20/2020,LOU,KY,ASO,CE,Towers with Radar,0,0,22,0,22,0,0,36,0,36,0,0,58,0,58,90,0,90,148
05/21/2020,LOU,KY,ASO,CE,Towers with Radar,0,0,13,0,13,0,2,136,0,138,0,2,149,0,151,246,0,246,397
05/22/2020,LOU,KY,ASO,CE,Towers with Radar,0,0,23,0,23,0,6,197,0,203,0,6,220,0,226,206,0,206,432
05/23/2020,LOU,KY,ASO,CE,Towers with Radar,0,0,6,0,6,0,4,78,0,82,0,4,84,0,88,74,0,74,162
05/24/2020,LOU,KY,ASO,CE,Towers with Radar,0,0,2,0,2,0,4,127,0,131,0,4,129,0,133,180,0,180,313
05/25/2020,LOU,KY,ASO,CE,Towers with Radar,0,0,12,0,12,0,4,158,0,162,0,4,170,0,174,206,0,206,380
05/26/2020,LOU,KY,ASO,CE,Towers with Radar,0,0,14,0,14,0,2,109,0,111,0,2,123,0,125,98,0,98,223
05/27/2020,LOU,KY,ASO,CE,Towers with Radar,0,2,20,0,22,0,0,66,0,66,0,2,86,0,88,94,0,94,182
05/28/2020,LOU,KY,ASO,CE,Towers with Radar,0,0,9,0,9,0,0,102,3,105,0,0,111,3,114,140,0,140,254
05/29/2020,LOU,KY,ASO,CE,Towers with Radar,0,0,14,2,16,0,4,100,2,106,0,4,114,4,122,138,0,138,260
05/30/2020,LOU,KY,ASO,CE,Towers with Radar,0,0,22,0,22,0,4,205,3,212,0,4,227,3,234,196,0,196,430
05/31/2020,LOU,KY,ASO,CE,Towers with Radar,0,2,17,0,19,0,9,170,4,183,0,11,187,4,202,114,0,114,316
06/01/2020,LOU,KY,ASO,CE,Towers with Radar,0,0,21,0,21,0,0,203,4,207,0,0,224,4,228,116,0,116,344
06/02/2020,LOU,KY,ASO,CE,Towers with Radar,0,0,13,0,13,0,1,163,3,167,0,1,176,3,180,174,0,174,354
06/03/2020,LOU,KY,ASO,CE,Towers with Radar,0,0,17,0,17,0,1,165,2,168,0,1,182,2,185,96,0,96,281
06/04/2020,LOU,KY,ASO,CE,Towers with Radar,0,0,15,0,15,0,2,94,0,96,0,2,109,0,111,56,0,56,167
06/05/2020,LOU,KY,ASO,CE,Towers with Radar,0,0,16,0,16,0,4,155,1,160,0,4,171,1,176,156,0,156,332
06/06/2020,LOU,KY,ASO,CE,Towers with Radar,0,0,15,0,15,0,12,205,1,218,0,12,220,1,233,195,0,195,428
06/07/2020,LOU,KY,ASO,CE,Towers with Radar,0,1,8,0,9,0,6,196,0,202,0,7,204,0,211,124,0,124,335
06/08/2020,LOU,KY,ASO,CE,Towers with Radar,0,0,12,0,12,0,0,171,1,172,0,0,183,1,184,82,0,82,266
06/09/2020,LOU,KY,ASO,CE,Towers with Radar,0,0,9,0,9,0,0,28,0,28,0,0,37,0,37,2,0,2,39
06/10/2020,LOU,KY,ASO,CE,Towers with Radar,0,1,11,0,12,0,0,26,0,26,0,1,37,0,38,0,0,0,38
06/11/2020,LOU,KY,ASO,CE,Towers with Radar,0,0,13,0,13,0,6,222,1,229,0,6,235,1,242,136,0,136,378
06/12/2020,LOU,KY,ASO,CE,Towers with Radar,0,0,11,0,11,0,1,222,0,223,0,1,233,0,234,116,0,116,350
06/13/2020,LOU,KY,ASO,CE,Towers with Radar,0,0,26,0,26,0,10,188,0,198,0,10,214,0,224,80,0,80,304
06/14/2020,LOU,KY,ASO,CE,Towers with Radar,0,2,18,0,20,0,7,116,0,123,0,9,134,0,143,174,0,174,317
06/15/2020,LOU,KY,ASO,CE,Towers with Radar,0,2,17,0,19,0,1,216,1,218,0,3,233,1,237,176,0,176,413
06/16/2020,LOU,KY,ASO,CE,Towers with Radar,0,0,20,0,20,0,1,148,0,149,0,1,168,0,169,120,0,120,289
06/17/2020,LOU,KY,ASO,CE,Towers with Radar,0,2,22,0,24,0,0,186,0,186,0,2,208,0,210,178,0,178,388
06/18/2020,LOU,KY,ASO,CE,Towers with Radar,0,2,13,0,15,0,0,161,0,161,0,2,174,0,176,160,0,160,336
06/19/2020,LOU,KY,ASO,CE,Towers with Radar,0,0,24,0,24,0,1,150,0,151,0,1,174,0,175,92,0,92,267
06/20/2020,LOU,KY,ASO,CE,Towers with Radar,0,0,19,0,19,0,8,140,0,148,0,8,159,0,167,106,0,106,273
06/21/2020,LOU,KY,ASO,CE,Towers with Radar,0,0,7,0,7,0,4,54,0,58,0,4,61,0,65,20,0,20,85
06/22/2020,LOU,KY,ASO,CE,Towers with Radar,0,4,22,0,26,0,0,92,0,92,0,4,114,0,118,174,0,174,292
06/23/2020,LOU,KY,ASO,CE,Towers with Radar,0,2,17,0,19,0,4,51,0,55,0,6,68,0,74,64,0,64,138
06/24/2020,LOU,KY,ASO,CE,Towers with Radar,0,0,22,1,23,0,1,189,0,190,0,1,211,1,213,214,0,214,427
06/25/2020,LOU,KY,ASO,CE,Towers with Radar,0,0,20,0,20,0,2,244,0,246,0,2,264,0,266,226,0,226,492
06/26/2020,LOU,KY,ASO,CE,Towers with Radar,0,2,19,0,21,0,5,140,0,145,0,7,159,0,166,182,0,182,348
06/27/2020,LOU,KY,ASO,CE,Towers with Radar,0,1,25,0,26,0,4,46,0,50,0,5,71,0,76,150,0,150,226
06/28/2020,LOU,KY,ASO,CE,Towers with Radar,0,0,9,0,9,0,0,30,0,30,0,0,39,0,39,28,0,28,67
06/29/2020,LOU,KY,ASO,CE,Towers with Radar,0,0,17,0,17,0,0,45,0,45,0,0,62,0,62,110,0,110,172
06/30/2020,LOU,KY,ASO,CE,Towers with Radar,0,2,14,0,16,0,0,118,0,118,0,2,132,0,134,186,0,186,320
07/01/2020,LOU,KY,ASO,CE,Towers with Radar,0,0,20,0,20,0,0,106,0,106,0,0,126,0,126,286,0,286,412
07/02/2020,LOU,KY,ASO,CE,Towers with Radar,0,0,15,0,15,0,8,180,0,188,0,8,195,0,203,197,0,197,400
07/03/2020,LOU,KY,ASO,CE,Towers with Radar,0,0,24,0,24,0,2,143,0,145,0,2,167,0,169,104,0,104,273
07/04/2020,LOU,KY,ASO,CE,Towers with Radar,0,0,13,0,13,0,1,146,0,147,0,1,159,0,160,98,0,98,258
07/05/2020,LOU,KY,ASO,CE,Towers with Radar,0,0,16,0,16,0,7,127,0,134,0,7,143,0,150,8,0,8,158
07/06/2020,LOU,KY,ASO,CE,Towers with Radar,0,3,14,0,17,0,0,108,0,108,0,3,122,0,125,132,0,132,257
07/07/2020,LOU,KY,ASO,CE,Towers with Radar,0,2,12,0,14,0,0,128,0,128,0,2,140,0,142,102,0,102,244
07/08/2020,LOU,KY,ASO,CE,Towers with Radar,0,1,20,0,21,0,0,106,0,106,0,1,126,0,127,142,0,142,269
07/09/2020,LOU,KY,ASO,CE,Towers with Radar,0,0,16,0,16,0,0,110,0,110,0,0,126,0,126,126,0,126,252
07/10/2020,LOU,KY,ASO,CE,Towers with Radar,0,0,19,0,19,0,6,101,0,107,0,6,120,0,126,102,0,102,228
07/11/2020,LOU,KY,ASO,CE,Towers with Radar,0,2,12,0,14,0,2,173,0,175,0,4,185,0,189,124,0,124,313
07/12/2020,LOU,KY,ASO,CE,Towers with Radar,0,0,12,0,12,0,6,77,0,83,0,6,89,0,95,102,0,102,197
07/13/2020,LOU,KY,ASO,CE,Towers with Radar,0,0,18,0,18,0,5,192,0,197,0,5,210,0,215,176,0,176,391
07/14/2020,LOU,KY,ASO,CE,Towers with Radar,0,0,20,0,20,0,1,191,2,194,0,1,211,2,214,114,0,114,328
07/15/2020,LOU,KY,ASO,CE,Towers with Radar,0,2,11,0,13,0,6,171,1,178,0,8,182,1,191,146,0,146,337
07/16/2020,LOU,KY,ASO,CE,Towers with Radar,0,0,23,0,23,0,0,84,0,84,0,0,107,0,107,128,0,128,235
07/17/2020,LOU,KY,ASO,CE,Towers with Radar,0,0,6,0,6,0,0,134,0,134,0,0,140,0,140,220,0,220,360
07/18/2020,LOU,KY,ASO,CE,Towers with Radar,0,1,25,0,26,0,7,157,2,166,0,8,182,2,192,150,0,150,342
07/19/2020,LOU,KY,ASO,CE,Towers with Radar,0,1,19,0,20,0,3,103,0,106,0,4,122,0,126,56,0,56,182
07/20/2020,LOU,KY,ASO,CE,Towers with Radar,0,2,10,0,12,0,0,102,0,102,0,2,112,0,114,142,0,142,256
07/21/2020,LOU,KY,ASO,CE,Towers with Radar,0,0,33,0,33,0,1,153,0,154,0,1,186,0,187,172,0,172,359
07/22/2020,LOU,KY,ASO,CE,Towers with Radar,0,3,25,0,28,0,4,49,0,53,0,7,74,0,81,96,0,96,177
07/23/2020,LOU,KY,ASO,CE,Towers with Radar,0,3,22,0,25,0,6,13,3,22,0,9,35,3,47,48,0,48,95
07/24/2020,LOU,KY,ASO,CE,Towers with Radar,0,2,22,0,24,0,9,202,0,211,0,11,224,0,235,125,0,125,360
07/25/2020,LOU,KY,ASO,CE,Towers with Radar,0,2,16,0,18,0,8,228,0,236,0,10,244,0,254,208,0,208,462
07/26/2020,LOU,KY,ASO,CE,Towers with Radar,0,1,16,0,17,0,0,122,0,122,0,1,138,0,139,90,0,90,229
07/27/2020,LOU,KY,ASO,CE,Towers with Radar,0,0,12,0,12,0,0,126,0,126,0,0,138,0,138,92,0,92,230
07/28/2020,LOU,KY,ASO,CE,Towers with Radar,0,0,28,0,28,0,3,127,0,130,0,3,155,0,158,208,0,208,366
07/29/2020,LOU,KY,ASO,CE,Towers with Radar,0,0,19,0,19,0,1,177,0,178,0,1,196,0,197,252,0,252,449
07/30/2020,LOU,KY,ASO,CE,Towers with Radar,0,0,9,0,9,0,0,6,0,6,0,0,15,0,15,16,0,16,31
07/31/2020,LOU,KY,ASO,CE,Towers with Radar,0,2,28,0,30,0,0,19,0,19,0,2,47,0,49,40,0,40,89
08/01/2020,LOU,KY,ASO,CE,Towers with Radar,0,2,9,0,11,0,0,15,0,15,0,2,24,0,26,18,0,18,44
08/02/2020,LOU,KY,ASO,CE,Towers with Radar,0,0,21,0,21,0,8,133,0,141,0,8,154,0,162,132,0,132,294
08/03/2020,LOU,KY,ASO,CE,Towers with Radar,0,0,13,0,13,0,0,48,0,48,0,0,61,0,61,116,0,116,177
08/04/2020,LOU,KY,ASO,CE,Towers with Radar,0,0,20,0,20,0,1,85,1,87,0,1,105,1,107,152,0,152,259
08/05/2020,LOU,KY,ASO,CE,Towers with Radar,0,2,22,0,24,0,3,223,0,226,0,5,245,0,250,200,0,200,450
08/06/2020,LOU,KY,ASO,CE,Towers with Radar,0,0,26,0,26,0,2,195,6,203,0,2,221,6,229,170,0,170,399
08/07/2020,LOU,KY,ASO,CE,Towers with Radar,0,0,29,0,29,0,4,208,0,212,0,4,237,0,241,146,0,146,387
08/08/2020,LOU,KY,ASO,CE,Towers with Radar,0,0,19,0,19,0,1,216,2,219,0,1,235,2,238,138,0,138,376
08/09/2020,LOU,KY,ASO,CE,Towers with Radar,0,0,14,0,14,0,5,156,0,161,0,5,170,0,175,104,0,104,279
08/10/2020,LOU,KY,ASO,CE,Towers with Radar,0,0,4,0,4,0,2,71,0,73,0,2,75,0,77,50,0,50,127
08/11/2020,LOU,KY,ASO,CE,Towers with Radar,0,0,29,0,29,0,2,145,2,149,0,2,174,2,178,127,0,127,305
08/12/2020,LOU,KY,ASO,CE,Towers with Radar,0,0,13,0,13,0,5,146,0,151,0,5,159,0,164,64,0,64,228
08/13/2020,LOU,KY,ASO,CE,Towers with Radar,0,0,23,0,23,0,0,81,0,81,0,0,104,0,104,142,0,142,246
08/14/2020,LOU,KY,ASO,CE,Towers with Radar,0,0,19,0,19,0,1,46,0,47,0,1,65,0,66,48,0,48,114
08/15/2020,LOU,KY,ASO,CE,Towers with Radar,0,3,7,0,10,0,11,119,4,134,0,14,126,4,144,54,0,54,198
08/16/2020,LOU,KY,ASO,CE,Towers with Radar,0,0,21,0,21,0,2,91,0,93,0,2,112,0,114,80,0,80,194
08/17/2020,LOU,KY,ASO,CE,Towers with Radar,0,0,18,0,18,0,6,144,0,150,0,6,162,0,168,52,0,52,220
08/18/2020,LOU,KY,ASO,CE,Towers with Radar,0,0,10,0,10,0,0,74,0,74,0,0,84,0,84,72,0,72,156
08/19/2020,LOU,KY,ASO,CE,Towers with Radar,0,0,22,2,24,0,0,190,0,190,0,0,212,2,214,198,0,198,412
08/20/2020,LOU,KY,ASO,CE,Towers with Radar,0,0,7,0,7,0,6,213,0,219,0,6,220,0,226,212,0,212,438
08/21/2020,LOU,KY,ASO,CE,Towers with Radar,0,0,13,0,13,0,3,106,0,109,0,3,119,0,122,130,0,130,252
08/22/2020,LOU,KY,ASO,CE,Towers with Radar,0,0,12,0,12,0,8,84,0,92,0,8,96,0,104,152,0,152,256
08/23/2020,LOU,KY,ASO,CE,Towers with Radar,0,0,20,0,20,0,6,61,0,67,0,6,81,0,87,76,0,76,163
08/24/2020,LOU,KY,ASO,CE,Towers with Radar,0,3,24,0,27,0,15,150,0,165,0,18,174,0,192,152,0,152,344
08/25/2020,LOU,KY,ASO,CE,Towers with Radar,0,0,13,0,13,0,2,172,0,174,0,2,185,0,187,136,0,136,323
08/26/2020,LOU,KY,ASO,CE,Towers with Radar,0,0,23,0,23,0,1,135,1,137,0,1,158,1,160,140,0,140,300
08/27/2020,LOU,KY,ASO,CE,Towers with Radar,0,0,21,0,21,0,0,104,0,104,0,0,125,0,125,164,0,164,289
08/28/2020,LOU,KY,ASO,CE,Towers with Radar,0,0,16,0,16,0,0,26,0,26,0,0,42,0,42,22,0,22,64
08/29/2020,LOU,KY,ASO,CE,Towers with Radar,0,0,25,0,25,0,0,41,0,41,0,0,66,0,66,78,0,78,144
08/30/2020,LOU,KY,ASO,CE,Towers with Radar,0,2,18,0,20,0,6,196,0,202,0,8,214,0,222,74,0,74,296
08/31/2020,LOU,KY,ASO,CE,Towers with Radar,0,0,11,0,11,0,0,37,0,37,0,0,48,0,48,60,0,60,108
09/01/2020,LOU,KY,ASO,CE,Towers with Radar,0,0,13,0,13,0,2,46,0,48,0,2,59,0,61,78,0,78,139
09/02/2020,LOU,KY,ASO,CE,Towers with Radar,0,0,33,0,33,0,1,63,0,64,0,1,96,0,97,210,0,210,307
09/03/2020,LOU,KY,ASO,CE,Towers with Radar,0,1,17,0,18,0,2,59,0,61,0,3,76,0,79,148,0,148,227
09/04/2020,LOU,KY,ASO,CE,Towers with Radar,0,0,30,0,30,0,7,215,0,222,0,7,245,0,252,128,0,128,380
09/05/2020,LOU,KY,ASO,CE,Towers with Radar,0,0,15,0,15,0,7,217,0,224,0,7,232,0,239,168,0,168,407
09/06/2020,LOU,KY,ASO,CE,Towers with Radar,0,1,17,0,18,0,4,167,0,171,0,5,184,0,189,86,0,86,275
09/07/2020,LOU,KY,ASO,CE,Towers with Radar,0,0,15,0,15,0,2,130,5,137,0,2,145,5,152,94,18,112,264
09/08/2020,LOU,KY,ASO,CE,Towers with Radar,0,0,12,0,12,0,5,171,1,177,0,5,183,1,189,134,0,134,323
09/09/2020,LOU,KY,ASO,CE,Towers with Radar,0,0,15,0,15,0,1,132,0,133,0,1,147,0,148,100,0,100,248
09/10/2020,LOU,KY,ASO,CE,Towers with Radar,0,2,23,0,25,0,3,130,0,133,0,5,153,0,158,124,0,124,282
09/11/2020,LOU,KY,ASO,CE,Towers with Radar,0,2,36,0,38,0,0,38,0,38,0,2,74,0,76,96,0,96,172
09/12/2020,LOU,KY,ASO,CE,Towers with Radar,0,0,21,0,21,0,9,42,0,51,0,9,63,0,72,32,6,38,110
09/13/2020,LOU,KY,ASO,CE,Towers with Radar,0,0,20,0,20,0,11,61,0,72,0,11,81,0,92,96,0,96,188
09/14/2020,LOU,KY,ASO,CE,Towers with Radar,0,3,19,0,22,0,9,146,0,155,0,12,165,0,177,90,0,90,267
09/15/2020,LOU,KY,ASO,CE,Towers with Radar,0,2,13,0,15,0,1,184,0,185,0,3,197,0,200,192,0,192,392
09/16/2020,LOU,KY,ASO,CE,Towers with Radar,0,2,46,0,48,0,2,149,0,151,0,4,195,0,199,114,0,114,313
09/17/2020,LOU,KY,ASO,CE,Towers with Radar,0,0,27,0,27,0,1,114,0,115,0,1,141,0,142,43,0,43,185
09/18/2020,LOU,KY,ASO,CE,Towers with Radar,0,0,17,0,17,0,3,127,2,132,0,3,144,2,149,154,0,154,303
09/19/2020,LOU,KY,ASO,CE,Towers with Radar,0,2,18,0,20,0,1,207,0,208,0,3,225,0,228,144,0,144,372
09/20/2020,LOU,KY,ASO,CE,Towers with Radar,0,1,17,0,18,0,0,159,0,159,0,1,176,0,177,84,0,84,261
09/21/2020,LOU,KY,ASO,CE,Towers with Radar,0,0,12,0,12,0,5,162,0,167,0,5,174,0,179,98,0,98,277
09/22/2020,LOU,KY,ASO,CE,Towers with Radar,0,0,18,0,18,0,5,147,0,152,0,5,165,0,170,118,0,118,288
09/23/2020,LOU,KY,ASO,CE,Towers with Radar,0,1,20,0,21,0,2,167,2,171,0,3,187,2,192,150,0,150,342
09/24/2020,LOU,KY,ASO,CE,Towers with Radar,0,1,32,0,33,0,0,169,0,169,0,1,201,0,202,156,0,156,358
09/25/2020,LOU,KY,ASO,CE,Towers with Radar,0,4,25,0,29,0,8,184,0,192,0,12,209,0,221,124,0,124,345
09/26/2020,LOU,KY,ASO,CE,Towers with Radar,0,0,32,0,32,0,11,149,0,160,0,11,181,0,192,162,0,162,354
09/27/2020,LOU,KY,ASO,CE,Towers with Radar,0,5,24,0,29,0,6,106,0,112,0,11,130,0,141,80,0,80,221
09/28/2020,LOU,KY,ASO,CE,Towers with Radar,0,2,11,0,13,0,0,14,0,14,0,2,25,0,27,6,0,6,33
09/29/2020,LOU,KY,ASO,CE,Towers with Radar,0,1,18,0,19,0,2,104,0,106,0,3,122,0,125,132,0,132,257
09/30/2020,LOU,KY,ASO,CE,Towers with Radar,0,2,12,0,14,0,3,57,0,60,0,5,69,0,74,10,0,10,84
10/01/2020,LOU,KY,ASO,CE,Towers with Radar,0,5,27,0,32,0,0,144,0,144,0,5,171,0,176,186,0,186,362
10/02/2020,LOU,KY,ASO,CE,Towers with Radar,0,2,30,0,32,0,5,165,0,170,0,7,195,0,202,150,0,150,352
10/03/2020,LOU,KY,ASO,CE,Towers with Radar,0,0,12,0,12,0,2,236,2,240,0,2,248,2,252,162,0,162,414
10/04/2020,LOU,KY,ASO,CE,Towers with Radar,0,5,21,0,26,0,4,86,0,90,0,9,107,0,116,48,0,48,164
10/05/2020,LOU,KY,ASO,CE,Towers with Radar,0,1,23,0,24,0,1,166,0,167,0,2,189,0,191,150,0,150,341
10/06/2020,LOU,KY,ASO,CE,Towers with Radar,0,3,15,0,18,0,2,155,2,159,0,5,170,2,177,150,0,150,327
10/07/2020,LOU,KY,ASO,CE,Towers with Radar,0,0,18,0,18,0,6,165,0,171,0,6,183,0,189,98,0,98,287
10/08/2020,LOU,KY,ASO,CE,Towers with Radar,0,1,32,0,33,0,3,163,0,166,0,4,195,0,199,138,0,138,337
10/09/2020,LOU,KY,ASO,CE,Towers with Radar,0,0,27,0,27,0,8,164,0,172,0,8,191,0,199,128,0,128,327
10/10/2020,LOU,KY,ASO,CE,Towers with Radar,0,0,18,0,18,0,0,91,0,91,0,0,109,0,109,102,0,102,211
10/11/2020,LOU,KY,ASO,CE,Towers with Radar,0,2,29,0,31,0,0,37,0,37,0,2,66,0,68,44,0,44,112
10/12/2020,LOU,KY,ASO,CE,Towers with Radar,0,2,23,0,25,0,2,27,0,29,0,4,50,0,54,20,0,20,74
10/13/2020,LOU,KY,ASO,CE,Towers with Radar,0,0,22,0,22,0,2,183,0,185,0,2,205,0,207,202,0,202,409
10/14/2020,LOU,KY,ASO,CE,Towers with Radar,0,0,12,0,12,0,4,150,0,154,0,4,162,0,166,186,0,186,352
10/15/2020,LOU,KY,ASO,CE,Towers with Radar,0,1,38,0,39,0,1,78,0,79,0,2,116,0,118,74,0,74,192
10/16/2020,LOU,KY,ASO,CE,Towers with Radar,0,0,31,4,35,0,4,157,0,161,0,4,188,4,196,90,0,90,286
10/17/2020,LOU,KY,ASO,CE,Towers with Radar,0,0,18,0,18,0,12,196,0,208,0,12,214,0,226,62,0,62,288
10/18/2020,LOU,KY,ASO,CE,Towers with Radar,0,2,34,0,36,0,5,77,0,82,0,7,111,0,118,50,0,50,168
10/19/2020,LOU,KY,ASO,CE,Towers with Radar,0,0,15,0,15,0,0,1,0,1,0,0,16,0,16,0,0,0,16
10/20/2020,LOU,KY,ASO,CE,Towers with Radar,0,0,29,0,29,0,0,0,0,0,0,0,29,0,29,0,0,0,29
10/21/2020,LOU,KY,ASO,CE,Towers with Radar,0,0,14,0,14,0,0,161,2,163,0,0,175,2,177,168,0,168,345
10/22/2020,LOU,KY,ASO,CE,Towers with Radar,0,0,31,0,31,0,0,176,0,176,0,0,207,0,207,196,0,196,403
10/23/2020,LOU,KY,ASO,CE,Towers with Radar,0,0,15,0,15,0,1,65,1,67,0,1,80,1,82,144,0,144,226
10/24/2020,LOU,KY,ASO,CE,Towers with Radar,0,0,28,0,28,0,0,88,0,88,0,0,116,0,116,94,0,94,210
10/25/2020,LOU,KY,ASO,CE,Towers with Radar,0,1,18,0,19,0,0,0,0,0,0,1,18,0,19,0,0,0,19
10/26/2020,LOU,KY,ASO,CE,Towers with Radar,0,0,22,0,22,0,0,13,0,13,0,0,35,0,35,48,0,48,83
10/27/2020,LOU,KY,ASO,CE,Towers with Radar,0,0,27,0,27,0,0,7,0,7,0,0,34,0,34,54,0,54,88
10/28/2020,LOU,KY,ASO,CE,Towers with Radar,0,0,17,0,17,0,0,4,0,4,0,0,21,0,21,8,0,8,29
10/29/2020,LOU,KY,ASO,CE,Towers with Radar,0,0,13,0,13,0,0,0,0,0,0,0,13,0,13,0,0,0,13
10/30/2020,LOU,KY,ASO,CE,Towers with Radar,0,0,29,0,29,0,4,134,0,138,0,4,163,0,167,156,0,156,323
10/31/2020,LOU,KY,ASO,CE,Towers with Radar,0,0,14,0,14,0,11,204,2,217,0,11,218,2,231,102,0,102,333
11/01/2020,LOU,KY,ASO,CE,Towers with Radar,0,0,9,0,9,0,1,23,0,24,0,1,32,0,33,0,0,0,33
11/02/2020,LOU,KY,ASO,CE,Towers with Radar,0,0,21,0,21,0,0,104,0,104,0,0,125,0,125,152,0,152,277
11/03/2020,LOU,KY,ASO,CE,Towers with Radar,0,0,13,0,13,0,0,180,0,180,0,0,193,0,193,158,0,158,351
11/04/2020,LOU,KY,ASO,CE,Towers with Radar,0,2,7,0,9,0,2,153,3,158,0,4,160,3,167,82,0,82,249
11/05/2020,LOU,KY,ASO,CE,Towers with Radar,0,4,25,0,29,0,3,152,0,155,0,7,177,0,184,176,0,176,360
11/06/2020,LOU,KY,ASO,CE,Towers with Radar,0,0,17,0,17,0,2,192,0,194,0,2,209,0,211,80,0,80,291
11/07/2020,LOU,KY,ASO,CE,Towers with Radar,0,1,13,0,14,0,9,236,0,245,0,10,249,0,259,212,0,212,471
11/08/2020,LOU,KY,ASO,CE,Towers with Radar,0,1,18,0,19,0,1,192,0,193,0,2,210,0,212,116,0,116,328
11/09/2020,LOU,KY,ASO,CE,Towers with Radar,0,0,10,0,10,0,2,145,0,147,0,2,155,0,157,156,0,156,313
11/10/2020,LOU,KY,ASO,CE,Towers with Radar,0,0,11,0,11,0,0,27,0,27,0,0,38,0,38,40,0,40,78
11/11/2020,LOU,KY,ASO,CE,Towers with Radar,0,0,21,0,21,0,0,96,0,96,0,0,117,0,117,94,0,94,211
11/12/2020,LOU,KY,ASO,CE,Towers with Radar,0,0,16,0,16,0,5,120,0,125,0,5,136,0,141,162,0,162,303
11/13/2020,LOU,KY,ASO,CE,Towers with Radar,0,0,17,0,17,0,4,144,2,150,0,4,161,2,167,116,0,116,283
11/14/2020,LOU,KY,ASO,CE,Towers with Radar,0,0,17,0,17,0,5,10,0,15,0,5,27,0,32,0,0,0,32
11/15/2020,LOU,KY,ASO,CE,Towers with Radar,0,0,8,0,8,0,0,110,0,110,0,0,118,0,118,160,0,160,278
11/16/2020,LOU,KY,ASO,CE,Towers with Radar,0,0,23,0,23,0,1,108,0,109,0,1,131,0,132,62,0,62,194
11/17/2020,LOU,KY,ASO,CE,Towers with Radar,0,0,11,0,11,0,0,60,0,60,0,0,71,0,71,48,0,48,119
11/18/2020,LOU,KY,ASO,CE,Towers with Radar,0,2,21,0,23,0,0,137,2,139,0,2,158,2,162,58,0,58,220
11/19/2020,LOU,KY,ASO,CE,Towers with Radar,0,1,12,0,13,0,1,22,0,23,0,2,34,0,36,30,0,30,66
11/20/2020,LOU,KY,ASO,CE,Towers with Radar,0,1,19,0,20,0,2,107,0,109,0,3,126,0,129,94,0,94,223
11/21/2020,LOU,KY,ASO,CE,Towers with Radar,0,0,17,0,17,0,0,1,0,1,0,0,18,0,18,0,0,0,18
11/22/2020,LOU,KY,ASO,CE,Towers with Radar,0,0,10,0,10,0,0,3,0,3,0,0,13,0,13,2,0,2,15
11/23/2020,LOU,KY,ASO,CE,Towers with Radar,0,0,31,0,31,0,5,115,0,120,0,5,146,0,151,166,0,166,317
11/24/2020,LOU,KY,ASO,CE,Towers with Radar,0,0,11,0,11,0,1,116,0,117,0,1,127,0,128,32,0,32,160
11/25/2020,LOU,KY,ASO,CE,Towers with Radar,0,1,5,0,6,0,0,4,0,4,0,1,9,0,10,10,0,10,20
11/26/2020,LOU,KY,ASO,CE,Towers with Radar,0,1,6,0,7,0,0,10,0,10,0,1,16,0,17,62,0,62,79
11/27/2020,LOU,KY,ASO,CE,Towers with Radar,0,0,12,0,12,0,2,152,0,154,0,2,164,0,166,105,0,105,271
11/28/2020,LOU,KY,ASO,CE,Towers with Radar,0,1,12,0,13,0,5,205,0,210,0,6,217,0,223,104,0,104,327
11/29/2020,LOU,KY,ASO,CE,Towers with Radar,0,1,19,0,20,0,0,98,0,98,0,1,117,0,118,66,0,66,184
11/30/2020,LOU,KY,ASO,CE,Towers with Radar,0,0,4,0,4,0,0,4,0,4,0,0,8,0,8,4,0,4,12
12/01/2020,LOU,KY,ASO,CE,Towers with Radar,0,0,9,0,9,0,5,67,0,72,0,5,76,0,81,64,0,64,145
12/02/2020,LOU,KY,ASO,CE,Towers with Radar,0,0,28,0,28,0,0,175,0,175,0,0,203,0,203,118,0,118,321
12/03/2020,LOU,KY,ASO,CE,Towers with Radar,0,0,13,0,13,0,0,131,0,131,0,0,144,0,144,134,0,134,278
12/04/2020,LOU,KY,ASO,CE,Towers with Radar,0,0,7,0,7,0,0,5,0,5,0,0,12,0,12,0,0,0,12
12/05/2020,LOU,KY,ASO,CE,Towers with Radar,0,0,12,0,12,0,2,198,0,200,0,2,210,0,212,130,0,130,342
12/06/2020,LOU,KY,ASO,CE,Towers with Radar,0,0,12,0,12,0,1,130,0,131,0,1,142,0,143,176,0,176,319
12/07/2020,LOU,KY,ASO,CE,Towers with Radar,0,0,6,0,6,0,2,69,0,71,0,2,75,0,77,93,0,93,170
12/08/2020,LOU,KY,ASO,CE,Towers with Radar,0,0,12,0,12,0,0,104,0,104,0,0,116,0,116,160,0,160,276
12/09/2020,LOU,KY,ASO,CE,Towers with Radar,0,2,11,0,13,0,2,139,0,141,0,4,150,0,154,88,0,88,242
12/10/2020,LOU,KY,ASO,CE,Towers with Radar,0,2,21,0,23,0,1,165,0,166,0,3,186,0,189,114,0,114,303
12/11/2020,LOU,KY,ASO,CE,Towers with Radar,0,0,21,0,21,0,0,159,0,159,0,0,180,0,180,78,0,78,258
12/12/2020,LOU,KY,ASO,CE,Towers with Radar,0,0,1,0,1,0,0,20,2,22,0,0,21,2,23,26,0,26,49
12/13/2020,LOU,KY,ASO,CE,Towers with Radar,0,4,15,0,19,0,1,77,0,78,0,5,92,0,97,210,0,210,307
12/14/2020,LOU,KY,ASO,CE,Towers with Radar,0,2,7,0,9,0,2,52,0,54,0,4,59,0,63,98,0,98,161
12/15/2020,LOU,KY,ASO,CE,Towers with Radar,0,0,11,0,11,0,3,123,0,126,0,3,134,0,137,133,0,133,270
12/16/2020,LOU,KY,ASO,CE,Towers with Radar,0,0,2,0,2,0,0,0,0,0,0,0,2,0,2,0,0,0,2
12/17/2020,LOU,KY,ASO,CE,Towers with Radar,0,0,11,0,11,0,0,38,0,38,0,0,49,0,49,114,0,114,163
12/18/2020,LOU,KY,ASO,CE,Towers with Radar,0,0,23,0,23,0,1,201,0,202,0,1,224,0,225,128,0,128,353
12/19/2020,LOU,KY,ASO,CE,Towers with Radar,0,0,14,0,14,0,1,116,0,117,0,1,130,0,131,136,0,136,267
12/20/2020,LOU,KY,ASO,CE,Towers with Radar,0,0,14,0,14,0,0,47,0,47,0,0,61,0,61,80,0,80,141
12/21/2020,LOU,KY,ASO,CE,Towers with Radar,0,1,13,0,14,0,0,16,0,16,0,1,29,0,30,24,0,24,54
12/22/2020,LOU,KY,ASO,CE,Towers with Radar,0,2,9,0,11,0,0,216,0,216,0,2,225,0,227,128,0,128,355
12/23/2020,LOU,KY,ASO,CE,Towers with Radar,0,0,5,0,5,0,1,23,0,24,0,1,28,0,29,10,0,10,39
12/24/2020,LOU,KY,ASO,CE,Towers with Radar,0,0,8,0,8,0,0,11,0,11,0,0,19,0,19,4,0,4,23
12/25/2020,LOU,KY,ASO,CE,Towers with Radar,0,0,2,0,2,0,0,7,0,7,0,0,9,0,9,2,0,2,11
12/26/2020,LOU,KY,ASO,CE,Towers with Radar,0,0,16,0,16,0,4,157,0,161,0,4,173,0,177,80,0,80,257
12/27/2020,LOU,KY,ASO,CE,Towers with Radar,0,2,17,0,19,0,2,76,0,78,0,4,93,0,97,27,0,27,124
12/28/2020,LOU,KY,ASO,CE,Towers with Radar,0,0,17,0,17,0,2,85,0,87,0,2,102,0,104,134,0,134,238
12/29/2020,LOU,KY,ASO,CE,Towers with Radar,0,0,18,0,18,0,0,156,1,157,0,0,174,1,175,58,0,58,233
12/30/2020,LOU,KY,ASO,CE,Towers with Radar,0,0,5,0,5,0,0,6,0,6,0,0,11,0,11,0,0,0,11
12/31/2020,LOU,KY,ASO,CE,Towers with Radar,0,0,3,0,3,0,0,0,0,0,0,0,3,0,3,0,0,0,3
01/01/2021,LOU,KY,ASO,CE,Towers with Radar,0,0,7,0,7,0,1,21,0,22,0,1,28,0,29,20,0,20,49
01/02/2021,LOU,KY,ASO,CE,Towers with Radar,0,0,12,0,12,0,0,76,0,76,0,0,88,0,88,84,0,84,172
01/03/2021,LOU,KY,ASO,CE,Towers with Radar,0,0,9,0,9,0,1,50,0,51,0,1,59,0,60,136,0,136,196
01/04/2021,LOU,KY,ASO,CE,Towers with Radar,0,0,17,0,17,0,2,149,0,151,0,2,166,0,168,130,0,130,298
01/05/2021,LOU,KY,ASO,CE,Towers with Radar,0,0,6,0,6,0,2,33,0,35,0,2,39,0,41,62,0,62,103
01/06/2021,LOU,KY,ASO,CE,Towers with Radar,0,1,11,0,12,0,1,103,0,104,0,2,114,0,116,168,0,168,284
01/07/2021,LOU,KY,ASO,CE,Towers with Radar,0,0,13,0,13,0,1,124,2,127,0,1,137,2,140,102,0,102,242
01/08/2021,LOU,KY,ASO,CE,Towers with Radar,0,0,6,0,6,0,2,61,0,63,0,2,67,0,69,86,0,86,155
01/09/2021,LOU,KY,ASO,CE,Towers with Radar,0,2,8,0,10,0,1,133,0,134,0,3,141,0,144,188,0,188,332
01/10/2021,LOU,KY,ASO,CE,Towers with Radar,0,0,8,0,8,0,4,130,0,134,0,4,138,0,142,188,0,188,330
01/11/2021,LOU,KY,ASO,CE,Towers with Radar,0,0,8,0,8,0,0,119,0,119,0,0,127,0,127,218,0,218,345
01/12/2021,LOU,KY,ASO,CE,Towers with Radar,0,0,19,0,19,0,1,137,1,139,0,1,156,1,158,156,0,156,314
01/13/2021,LOU,KY,ASO,CE,Towers with Radar,0,0,20,1,21,0,0,162,1,163,0,0,182,2,184,172,0,172,356
01/14/2021,LOU,KY,ASO,CE,Towers with Radar,0,1,24,0,25,0,2,136,0,138,0,3,160,0,163,100,0,100,263
01/15/2021,LOU,KY,ASO,CE,Towers with Radar,0,2,9,0,11,0,0,67,0,67,0,2,76,0,78,24,0,24,102
01/16/2021,LOU,KY,ASO,CE,Towers with Radar,0,1,6,0,7,0,0,10,0,10,0,1,16,0,17,8,0,8,25
01/17/2021,LOU,KY,ASO,CE,Towers with Radar,0,0,3,0,3,0,0,0,0,0,0,0,3,0,3,0,0,0,3
01/18/2021,LOU,KY,ASO,CE,Towers with Radar,0,1,8,0,9,0,2,118,0,120,0,3,126,0,129,176,0,176,305
01/19/2021,LOU,KY,ASO,CE,Towers with Radar,0,4,13,0,17,0,0,145,0,145,0,4,158,0,162,124,0,124,286
01/20/2021,LOU,KY,ASO,CE,Towers with Radar,0,0,27,0,27,0,3,187,0,190,0,3,214,0,217,164,0,164,381
01/21/2021,LOU,KY,ASO,CE,Towers with Radar,0,2,19,0,21,0,1,131,0,132,0,3,150,0,153,154,0,154,307
01/22/2021,LOU,KY,ASO,CE,Towers with Radar,0,3,17,0,20,0,4,163,0,167,0,7,180,0,187,92,0,92,279
01/23/2021,LOU,KY,ASO,CE,Towers with Radar,0,1,25,0,26,0,2,254,0,256,0,3,279,0,282,98,0,98,380
01/24/2021,LOU,KY,ASO,CE,Towers with Radar,0,0,5,0,5,0,0,0,0,0,0,0,5,0,5,0,0,0,5
01/25/2021,LOU,KY,ASO,CE,Towers with Radar,0,0,0,0,0,0,0,0,0,0,0,0,0,0,0,0,0,0,0
01/26/2021,LOU,KY,ASO,CE,Towers with Radar,0,0,11,0,11,0,2,40,1,43,0,2,51,1,54,48,0,48,102
01/27/2021,LOU,KY,ASO,CE,Towers with Radar,0,0,1,0,1,0,2,32,0,34,0,2,33,0,35,114,0,114,149
01/28/2021,LOU,KY,ASO,CE,Towers with Radar,0,0,22,0,22,0,3,124,1,128,0,3,146,1,150,104,0,104,254
01/29/2021,LOU,KY,ASO,CE,Towers with Radar,0,1,20,0,21,0,2,230,0,232,0,3,250,0,253,112,0,112,365
01/30/2021,LOU,KY,ASO,CE,Towers with Radar,0,1,8,0,9,0,0,115,0,115,0,1,123,0,124,110,0,110,234
01/31/2021,LOU,KY,ASO,CE,Towers with Radar,0,0,8,0,8,0,0,0,0,0,0,0,8,0,8,0,0,0,8
02/01/2021,LOU,KY,ASO,CE,Towers with Radar,0,0,2,0,2,0,0,29,0,29,0,0,31,0,31,48,0,48,79
02/02/2021,LOU,KY,ASO,CE,Towers with Radar,0,0,20,0,20,0,2,109,0,111,0,2,129,0,131,70,0,70,201
02/03/2021,LOU,KY,ASO,CE,Towers with Radar,0,0,21,0,21,0,0,159,1,160,0,0,180,1,181,112,0,112,293
02/04/2021,LOU,KY,ASO,CE,Towers with Radar,0,2,4,0,6,0,0,35,0,35,0,2,39,0,41,60,0,60,101
02/05/2021,LOU,KY,ASO,CE,Towers with Radar,0,0,21,1,22,0,3,87,1,91,0,3,108,2,113,64,0,64,177
02/06/2021,LOU,KY,ASO,CE,Towers with Radar,0,0,13,0,13,0,1,231,1,233,0,1,244,1,246,106,0,106,352
02/07/2021,LOU,KY,ASO,CE,Towers with Radar,0,2,14,3,19,0,0,109,0,109,0,2,123,3,128,62,0,62,190
02/08/2021,LOU,KY,ASO,CE,Towers with Radar,0,0,11,0,11,0,0,115,0,115,0,0,126,0,126,90,0,90,216
02/09/2021,LOU,KY,ASO,CE,Towers with Radar,0,0,5,0,5,0,3,29,0,32,0,3,34,0,37,46,0,46,83
02/10/2021,LOU,KY,ASO,CE,Towers with Radar,0,0,3,0,3,0,0,0,0,0,0,0,3,0,3,0,0,0,3
02/11/2021,LOU,KY,ASO,CE,Towers with Radar,0,0,2,0,2,0,1,25,0,26,0,1,27,0,28,20,0,20,48
02/12/2021,LOU,KY,ASO,CE,Towers with Radar,0,0,18,0,18,0,1,57,0,58,0,1,75,0,76,244,0,244,320
02/13/2021,LOU,KY,ASO,CE,Towers with Radar,0,0,2,0,2,0,0,86,0,86,0,0,88,0,88,402,0,402,490
02/14/2021,LOU,KY,ASO,CE,Towers with Radar,0,0,10,0,10,0,0,61,0,61,0,0,71,0,71,82,0,82,153
02/15/2021,LOU,KY,ASO,CE,Towers with Radar,0,0,0,0,0,0,0,2,0,2,0,0,2,0,2,0,0,0,2
02/16/2021,LOU,KY,ASO,CE,Towers with Radar,0,0,5,0,5,0,0,15,0,15,0,0,20,0,20,0,0,0,20
02/17/2021,LOU,KY,ASO,CE,Towers with Radar,0,0,6,0,6,0,1,50,0,51,0,1,56,0,57,92,0,92,149
02/18/2021,LOU,KY,ASO,CE,Towers with Radar,0,0,1,0,1,0,0,6,0,6,0,0,7,0,7,0,0,0,7
02/19/2021,LOU,KY,ASO,CE,Towers with Radar,0,0,12,0,12,0,0,102,0,102,0,0,114,0,114,86,0,86,200
02/20/2021,LOU,KY,ASO,CE,Towers with Radar,0,0,19,0,19,0,1,151,3,155,0,1,170,3,174,102,0,102,276
02/21/2021,LOU,KY,ASO,CE,Towers with Radar,0,0,11,0,11,0,2,113,0,115,0,2,124,0,126,62,0,62,188
02/22/2021,LOU,KY,ASO,CE,Towers with Radar,0,1,11,0,12,0,1,52,0,53,0,2,63,0,65,46,0,46,111
02/23/2021,LOU,KY,ASO,CE,Towers with Radar,0,5,18,0,23,0,2,167,0,169,0,7,185,0,192,110,0,110,302
02/24/2021,LOU,KY,ASO,CE,Towers with Radar,0,0,15,0,15,0,0,70,0,70,0,0,85,0,85,30,0,30,115
02/25/2021,LOU,KY,ASO,CE,Towers with Radar,0,2,16,0,18,0,0,205,0,205,0,2,221,0,223,88,0,88,311
02/26/2021,LOU,KY,ASO,CE,Towers with Radar,0,2,14,0,16,0,1,82,0,83,0,3,96,0,99,54,0,54,153
02/27/2021,LOU,KY,ASO,CE,Towers with Radar,0,0,27,0,27,0,0,88,0,88,0,0,115,0,115,156,0,156,271
02/28/2021,LOU,KY,ASO,CE,Towers with Radar,0,0,6,1,7,0,0,6,1,7,0,0,12,2,14,8,0,8,22
03/01/2021,LOU,KY,ASO,CE,Towers with Radar,0,2,15,0,17,0,1,115,2,118,0,3,130,2,135,28,0,28,163
03/02/2021,LOU,KY,ASO,CE,Towers with Radar,0,0,24,0,24,0,0,184,0,184,0,0,208,0,208,140,0,140,348
03/03/2021,LOU,KY,ASO,CE,Towers with Radar,0,2,18,0,20,0,0,185,0,185,0,2,203,0,205,174,0,174,379
03/04/2021,LOU,KY,ASO,CE,Towers with Radar,0,0,9,0,9,0,1,170,0,171,0,1,179,0,180,146,0,146,326
03/05/2021,LOU,KY,ASO,CE,Towers with Radar,0,0,25,0,25,0,0,227,0,227,0,0,252,0,252,136,0,136,388
03/06/2021,LOU,KY,ASO,CE,Towers with Radar,0,0,18,0,18,0,0,217,2,219,0,0,235,2,237,126,0,126,363
03/07/2021,LOU,KY,ASO,CE,Towers with Radar,0,1,20,0,21,0,0,211,0,211,0,1,231,0,232,120,0,120,352
03/08/2021,LOU,KY,ASO,CE,Towers with Radar,0,0,24,0,24,0,1,170,0,171,0,1,194,0,195,150,0,150,345
03/09/2021,LOU,KY,ASO,CE,Towers with Radar,0,1,17,0,18,0,1,131,0,132,0,2,148,0,150,96,0,96,246
03/10/2021,LOU,KY,ASO,CE,Towers with Radar,0,2,21,0,23,0,3,56,0,59,0,5,77,0,82,6,0,6,88
03/11/2021,LOU,KY,ASO,CE,Towers with Radar,0,4,18,0,22,0,0,23,1,24,0,4,41,1,46,14,0,14,60
03/12/2021,LOU,KY,ASO,CE,Towers with Radar,0,1,12,0,13,0,2,122,0,124,0,3,134,0,137,66,0,66,203
03/13/2021,LOU,KY,ASO,CE,Towers with Radar,0,1,21,0,22,0,0,208,0,208,0,1,229,0,230,124,0,124,354
03/14/2021,LOU,KY,ASO,CE,Towers with Radar,0,0,28,0,28,0,2,107,0,109,0,2,135,0,137,134,0,134,271
03/15/2021,LOU,KY,ASO,CE,Towers with Radar,0,0,4,0,4,0,0,0,0,0,0,0,4,0,4,0,0,0,4
03/16/2021,LOU,KY,ASO,CE,Towers with Radar,0,0,26,0,26,0,0,124,0,124,0,0,150,0,150,70,0,70,220
03/17/2021,LOU,KY,ASO,CE,Towers with Radar,0,0,23,0,23,0,4,82,0,86,0,4,105,0,109,190,0,190,299
03/18/2021,LOU,KY,ASO,CE,Towers with Radar,0,0,22,0,22,0,4,9,0,13,0,4,31,0,35,6,0,6,41
03/19/2021,LOU,KY,ASO,CE,Towers with Radar,0,2,19,0,21,0,0,60,0,60,0,2,79,0,81,68,0,68,149
03/20/2021,LOU,KY,ASO,CE,Towers with Radar,0,0,19,0,19,0,2,275,4,281,0,2,294,4,300,154,0,154,454
03/21/2021,LOU,KY,ASO,CE,Towers with Radar,0,0,41,0,41,0,2,187,0,189,0,2,228,0,230,116,0,116,346
03/22/2021,LOU,KY,ASO,CE,Towers with Radar,0,0,27,0,27,0,1,175,2,178,0,1,202,2,205,90,0,90,295
03/23/2021,LOU,KY,ASO,CE,Towers with Radar,0,3,22,0,25,0,7,81,0,88,0,10,103,0,113,132,0,132,245
03/24/2021,LOU,KY,ASO,CE,Towers with Radar,0,5,20,0,25,0,6,89,0,95,0,11,109,0,120,124,0,124,244
03/25/2021,LOU,KY,ASO,CE,Towers with Radar,0,3,5,0,8,0,0,25,0,25,0,3,30,0,33,54,0,54,87
03/26/2021,LOU,KY,ASO,CE,Towers with Radar,0,1,40,0,41,0,5,121,4,130,0,6,161,4,171,184,0,184,355
03/27/2021,LOU,KY,ASO,CE,Towers with Radar,0,3,20,0,23,0,3,208,7,218,0,6,228,7,241,152,0,152,393
03/28/2021,LOU,KY,ASO,CE,Towers with Radar,0,0,9,0,9,0,1,2,0,3,0,1,11,0,12,0,0,0,12
03/29/2021,LOU,KY,ASO,CE,Towers with Radar,0,0,19,0,19,0,4,183,0,187,0,4,202,0,206,142,0,142,348
03/30/2021,LOU,KY,ASO,CE,Towers with Radar,0,0,13,0,13,0,3,55,0,58,0,3,68,0,71,0,0,0,71
03/31/2021,LOU,KY,ASO,CE,Towers with Radar,0,0,17,0,17,0,6,58,0,64,0,6,75,0,81,46,0,46,127
04/01/2021,LOU,KY,ASO,CE,Towers with Radar,0,1,19,0,20,0,1,103,0,104,0,2,122,0,124,74,0,74,198
04/02/2021,LOU,KY,ASO,CE,Towers with Radar,1,0,23,0,24,0,9,208,0,217,1,9,231,0,241,148,0,148,389
04/03/2021,LOU,KY,ASO,CE,Towers with Radar,0,3,24,0,27,0,5,196,4,205,0,8,220,4,232,154,0,154,386
04/04/2021,LOU,KY,ASO,CE,Towers with Radar,0,1,23,0,24,0,0,126,0,126,0,1,149,0,150,94,0,94,244
04/05/2021,LOU,KY,ASO,CE,Towers with Radar,0,6,23,0,29,0,4,161,0,165,0,10,184,0,194,140,0,140,334
04/06/2021,LOU,KY,ASO,CE,Towers with Radar,0,0,20,0,20,0,7,173,1,181,0,7,193,1,201,200,0,200,401
04/07/2021,LOU,KY,ASO,CE,Towers with Radar,0,0,19,0,19,0,4,80,0,84,0,4,99,0,103,48,0,48,151
04/08/2021,LOU,KY,ASO,CE,Towers with Radar,0,0,21,0,21,0,0,13,2,15,0,0,34,2,36,40,0,40,76
04/09/2021,LOU,KY,ASO,CE,Towers with Radar,0,0,21,0,21,0,0,87,0,87,0,0,108,0,108,56,0,56,164
04/10/2021,LOU,KY,ASO,CE,Towers with Radar,0,0,3,0,3,0,0,12,0,12,0,0,15,0,15,34,0,34,49
04/11/2021,LOU,KY,ASO,CE,Towers with Radar,0,0,19,0,19,0,1,21,0,22,0,1,40,0,41,4,0,4,45
04/12/2021,LOU,KY,ASO,CE,Towers with Radar,0,3,28,0,31,0,1,145,0,146,0,4,173,0,177,126,0,126,303
04/13/2021,LOU,KY,ASO,CE,Towers with Radar,0,3,34,0,37,0,0,152,0,152,0,3,186,0,189,154,0,154,343
04/14/2021,LOU,KY,ASO,CE,Towers with Radar,0,0,41,2,43,0,0,149,2,151,0,0,190,4,194,210,0,210,404
04/15/2021,LOU,KY,ASO,CE,Towers with Radar,0,0,38,1,39,0,3,157,4,164,0,3,195,5,203,132,0,132,335
04/16/2021,LOU,KY,ASO,CE,Towers with Radar,0,2,16,0,18,0,0,196,0,196,0,2,212,0,214,136,0,136,350
04/17/2021,LOU,KY,ASO,CE,Towers with Radar,0,2,7,1,10,4,7,84,8,103,4,9,91,9,113,92,0,92,205
04/18/2021,LOU,KY,ASO,CE,Towers with Radar,0,0,22,1,23,0,2,182,0,184,0,2,204,1,207,192,0,192,399
04/19/2021,LOU,KY,ASO,CE,Towers with Radar,0,1,25,2,28,0,4,160,0,164,0,5,185,2,192,170,0,170,362
04/20/2021,LOU,KY,ASO,CE,Towers with Radar,0,3,21,0,24,0,1,129,0,130,0,4,150,0,154,78,0,78,232
04/21/2021,LOU,KY,ASO,CE,Towers with Radar,0,0,26,0,26,0,3,91,0,94,0,3,117,0,120,319,0,319,439
04/22/2021,LOU,KY,ASO,CE,Towers with Radar,0,2,24,0,26,0,5,191,0,196,0,7,215,0,222,168,0,168,390
04/23/2021,LOU,KY,ASO,CE,Towers with Radar,0,2,33,0,35,0,3,173,0,176,0,5,206,0,211,100,0,100,311
04/24/2021,LOU,KY,ASO,CE,Towers with Radar,0,0,25,0,25,0,0,19,0,19,0,0,44,0,44,22,0,22,66
04/25/2021,LOU,KY,ASO,CE,Towers with Radar,0,2,39,0,41,0,7,107,0,114,0,9,146,0,155,54,0,54,209
04/26/2021,LOU,KY,ASO,CE,Towers with Radar,0,0,23,0,23,0,4,187,2,193,0,4,210,2,216,85,0,85,301
04/27/2021,LOU,KY,ASO,CE,Towers with Radar,0,0,24,0,24,0,5,99,3,107,0,5,123,3,131,60,0,60,191
04/28/2021,LOU,KY,ASO,CE,Towers with Radar,0,2,25,0,27,0,0,30,0,30,0,2,55,0,57,50,0,50,107
04/29/2021,LOU,KY,ASO,CE,Towers with Radar,0,2,43,0,45,0,1,4,1,6,0,3,47,1,51,12,0,12,63
04/30/2021,LOU,KY,ASO,CE,Towers with Radar,0,9,31,0,40,0,10,114,1,125,0,19,145,1,165,48,0,48,213
05/01/2021,LOU,KY,ASO,CE,Towers with Radar,0,10,27,0,37,0,8,175,1,184,0,18,202,1,221,175,0,175,396
05/02/2021,LOU,KY,ASO,CE,Towers with Radar,0,13,73,0,86,0,8,155,0,163,0,21,228,0,249,104,0,104,353
05/03/2021,LOU,KY,ASO,CE,Towers with Radar,0,1,16,0,17,0,1,47,0,48,0,2,63,0,65,162,0,162,227
05/04/2021,LOU,KY,ASO,CE,Towers with Radar,0,1,10,0,11,0,0,30,0,30,0,1,40,0,41,84,0,84,125
05/05/2021,LOU,KY,ASO,CE,Towers with Radar,0,6,45,0,51,0,4,141,0,145,0,10,186,0,196,242,0,242,438
05/06/2021,LOU,KY,ASO,CE,Towers with Radar,0,4,21,0,25,0,3,161,3,167,0,7,182,3,192,182,0,182,374
05/07/2021,LOU,KY,ASO,CE,Towers with Radar,0,0,38,0,38,0,3,141,0,144,0,3,179,0,182,146,0,146,328
05/08/2021,LOU,KY,ASO,CE,Towers with Radar,0,2,18,0,20,0,13,216,0,229,0,15,234,0,249,138,0,138,387
05/09/2021,LOU,KY,ASO,CE,Towers with Radar,0,1,7,0,8,0,3,4,0,7,0,4,11,0,15,0,0,0,15
05/10/2021,LOU,KY,ASO,CE,Towers with Radar,0,3,19,0,22,0,2,137,0,139,0,5,156,0,161,102,0,102,263
05/11/2021,LOU,KY,ASO,CE,Towers with Radar,0,3,24,0,27,0,4,155,1,160,0,7,179,1,187,146,0,146,333
05/12/2021,LOU,KY,ASO,CE,Towers with Radar,0,7,27,0,34,0,9,139,0,148,0,16,166,0,182,138,0,138,320
05/13/2021,LOU,KY,ASO,CE,Towers with Radar,0,0,19,0,19,0,8,205,0,213,0,8,224,0,232,150,0,150,382
05/14/2021,LOU,KY,ASO,CE,Towers with Radar,0,0,16,2,18,0,5,214,5,224,0,5,230,7,242,254,0,254,496
05/15/2021,LOU,KY,ASO,CE,Towers with Radar,0,0,24,0,24,0,8,213,2,223,0,8,237,2,247,160,0,160,407
05/16/2021,LOU,KY,ASO,CE,Towers with Radar,0,0,31,0,31,0,8,77,2,87,0,8,108,2,118,176,0,176,294
05/17/2021,LOU,KY,ASO,CE,Towers with Radar,0,4,13,0,17,0,1,111,0,112,0,5,124,0,129,183,0,183,312
05/18/2021,LOU,KY,ASO,CE,Towers with Radar,0,2,23,2,27,0,3,112,1,116,0,5,135,3,143,130,0,130,273
05/19/2021,LOU,KY,ASO,CE,Towers with Radar,0,0,36,0,36,0,6,155,1,162,0,6,191,1,198,240,0,240,438
05/20/2021,LOU,KY,ASO,CE,Towers with Radar,0,2,16,0,18,0,9,194,1,204,0,11,210,1,222,178,0,178,400
05/21/2021,LOU,KY,ASO,CE,Towers with Radar,0,0,21,0,21,0,4,167,0,171,0,4,188,0,192,150,0,150,342
05/22/2021,LOU,KY,ASO,CE,Towers with Radar,0,0,16,0,16,0,2,191,2,195,0,2,207,2,211,132,0,132,343
05/23/2021,LOU,KY,ASO,CE,Towers with Radar,0,0,23,0,23,0,8,175,2,185,0,8,198,2,208,162,0,162,370
05/24/2021,LOU,KY,ASO,CE,Towers with Radar,0,2,22,0,24,0,3,330,0,333,0,5,352,0,357,101,0,101,458
05/25/2021,LOU,KY,ASO,CE,Towers with Radar,0,0,19,0,19,0,9,172,0,181,0,9,191,0,200,149,0,149,349
05/26/2021,LOU,KY,ASO,CE,Towers with Radar,0,1,23,0,24,0,3,35,0,38,0,4,58,0,62,118,0,118,180
05/27/2021,LOU,KY,ASO,CE,Towers with Radar,0,1,22,1,24,0,11,128,0,139,0,12,150,1,163,70,0,70,233
05/28/2021,LOU,KY,ASO,CE,Towers with Radar,0,2,18,0,20,0,7,45,1,53,0,9,63,1,73,60,0,60,133
05/29/2021,LOU,KY,ASO,CE,Towers with Radar,0,0,25,0,25,0,10,43,0,53,0,10,68,0,78,80,0,80,158
05/30/2021,LOU,KY,ASO,CE,Towers with Radar,0,2,16,0,18,0,11,147,0,158,0,13,163,0,176,84,0,84,260
05/31/2021,LOU,KY,ASO,CE,Towers with Radar,0,2,14,0,16,0,9,186,1,196,0,11,200,1,212,232,0,232,444
06/01/2021,LOU,KY,ASO,CE,Towers with Radar,0,1,23,0,24,0,7,149,0,156,0,8,172,0,180,290,0,290,470
06/02/2021,LOU,KY,ASO,CE,Towers with Radar,0,3,14,0,17,0,0,5,0,5,0,3,19,0,22,0,0,0,22
06/03/2021,LOU,KY,ASO,CE,Towers with Radar,0,2,13,0,15,0,3,10,0,13,0,5,23,0,28,40,0,40,68
06/04/2021,LOU,KY,ASO,CE,Towers with Radar,0,2,17,2,21,0,8,201,0,209,0,10,218,2,230,176,0,176,406
06/05/2021,LOU,KY,ASO,CE,Towers with Radar,0,2,20,0,22,0,7,258,2,267,0,9,278,2,289,148,0,148,437
06/06/2021,LOU,KY,ASO,CE,Towers with Radar,0,1,18,0,19,0,1,87,0,88,0,2,105,0,107,112,0,112,219
06/07/2021,LOU,KY,ASO,CE,Towers with Radar,0,1,34,2,37,0,5,46,0,51,0,6,80,2,88,182,0,182,270
06/08/2021,LOU,KY,ASO,CE,Towers with Radar,0,2,15,0,17,0,1,81,0,82,0,3,96,0,99,144,0,144,243
06/09/2021,LOU,KY,ASO,CE,Towers with Radar,0,2,30,0,32,0,3,42,0,45,0,5,72,0,77,208,0,208,285
06/10/2021,LOU,KY,ASO,CE,Towers with Radar,0,0,24,0,24,0,6,48,0,54,0,6,72,0,78,186,0,186,264
06/11/2021,LOU,KY,ASO,CE,Towers with Radar,0,0,31,0,31,0,4,50,0,54,0,4,81,0,85,156,0,156,241
06/12/2021,LOU,KY,ASO,CE,Towers with Radar,0,0,22,0,22,0,9,175,0,184,0,9,197,0,206,147,0,147,353
06/13/2021,LOU,KY,ASO,CE,Towers with Radar,0,2,18,0,20,0,6,146,0,152,0,8,164,0,172,194,0,194,366
06/14/2021,LOU,KY,ASO,CE,Towers with Radar,0,0,19,0,19,0,3,160,0,163,0,3,179,0,182,218,0,218,400
06/15/2021,LOU,KY,ASO,CE,Towers with Radar,0,0,15,0,15,0,2,185,2,189,0,2,200,2,204,210,0,210,414
06/16/2021,LOU,KY,ASO,CE,Towers with Radar,0,2,31,0,33,0,10,209,2,221,0,12,240,2,254,344,0,344,598
06/17/2021,LOU,KY,ASO,CE,Towers with Radar,0,0,24,0,24,0,6,221,1,228,0,6,245,1,252,235,0,235,487
06/18/2021,LOU,KY,ASO,CE,Towers with Radar,0,1,46,0,47,0,5,102,0,107,0,6,148,0,154,158,0,158,312
06/19/2021,LOU,KY,ASO,CE,Towers with Radar,0,2,20,0,22,0,16,84,2,102,0,18,104,2,124,46,0,46,170
06/20/2021,LOU,KY,ASO,CE,Towers with Radar,0,2,17,0,19,0,15,101,0,116,0,17,118,0,135,48,0,48,183
06/21/2021,LOU,KY,ASO,CE,Towers with Radar,0,2,25,0,27,0,0,19,0,19,0,2,44,0,46,8,0,8,54
06/22/2021,LOU,KY,ASO,CE,Towers with Radar,0,4,14,0,18,0,8,202,0,210,0,12,216,0,228,216,0,216,444
06/23/2021,LOU,KY,ASO,CE,Towers with Radar,0,4,25,0,29,0,5,208,0,213,0,9,233,0,242,200,0,200,442
06/24/2021,LOU,KY,ASO,CE,Towers with Radar,0,1,28,0,29,0,6,170,2,178,0,7,198,2,207,104,0,104,311
06/25/2021,LOU,KY,ASO,CE,Towers with Radar,0,0,15,0,15,0,16,77,0,93,0,16,92,0,108,74,0,74,182
06/26/2021,LOU,KY,ASO,CE,Towers with Radar,0,0,20,0,20,0,14,124,0,138,0,14,144,0,158,34,0,34,192
06/27/2021,LOU,KY,ASO,CE,Towers with Radar,0,1,33,1,35,0,6,112,0,118,0,7,145,1,153,52,0,52,205
06/28/2021,LOU,KY,ASO,CE,Towers with Radar,0,1,13,0,14,0,0,167,0,167,0,1,180,0,181,368,0,368,549
06/29/2021,LOU,KY,ASO,CE,Towers with Radar,0,3,16,0,19,0,10,136,1,147,0,13,152,1,166,241,0,241,407
06/30/2021,LOU,KY,ASO,CE,Towers with Radar,0,1,29,0,30,0,3,120,0,123,0,4,149,0,153,242,0,242,395
07/01/2021,LOU,KY,ASO,CE,Towers with Radar,0,1,10,0,11,0,1,35,0,36,0,2,45,0,47,66,0,66,113
07/02/2021,LOU,KY,ASO,CE,Towers with Radar,0,0,45,0,45,0,2,123,0,125,0,2,168,0,170,164,0,164,334
07/03/2021,LOU,KY,ASO,CE,Towers with Radar,0,2,4,0,6,0,23,187,0,210,0,25,191,0,216,178,0,178,394
07/04/2021,LOU,KY,ASO,CE,Towers with Radar,0,1,8,2,11,0,5,96,0,101,0,6,104,2,112,82,0,82,194
07/05/2021,LOU,KY,ASO,CE,Towers with Radar,0,1,23,0,24,0,12,137,3,152,0,13,160,3,176,176,0,176,352
07/06/2021,LOU,KY,ASO,CE,Towers with Radar,0,0,19,0,19,0,6,106,0,112,0,6,125,0,131,236,0,236,367
07/07/2021,LOU,KY,ASO,CE,Towers with Radar,0,0,26,0,26,0,0,90,0,90,0,0,116,0,116,174,0,174,290
07/08/2021,LOU,KY,ASO,CE,Towers with Radar,0,0,28,0,28,0,6,49,0,55,0,6,77,0,83,94,0,94,177
07/09/2021,LOU,KY,ASO,CE,Towers with Radar,0,0,27,0,27,0,10,208,1,219,0,10,235,1,246,250,0,250,496
07/10/2021,LOU,KY,ASO,CE,Towers with Radar,0,0,15,5,20,0,4,50,2,56,0,4,65,7,76,94,0,94,170
07/11/2021,LOU,KY,ASO,CE,Towers with Radar,0,0,16,0,16,0,2,32,0,34,0,2,48,0,50,116,0,116,166
07/12/2021,LOU,KY,ASO,CE,Towers with Radar,0,0,21,0,21,0,1,43,0,44,0,1,64,0,65,48,0,48,113
07/13/2021,LOU,KY,ASO,CE,Towers with Radar,0,2,26,0,28,0,2,45,0,47,0,4,71,0,75,76,0,76,151
07/14/2021,LOU,KY,ASO,CE,Towers with Radar,0,0,35,0,35,0,4,222,0,226,0,4,257,0,261,256,0,256,517
07/15/2021,LOU,KY,ASO,CE,Towers with Radar,0,0,35,0,35,0,4,187,0,191,0,4,222,0,226,180,0,180,406
07/16/2021,LOU,KY,ASO,CE,Towers with Radar,0,0,11,0,11,0,2,83,0,85,0,2,94,0,96,144,0,144,240
07/17/2021,LOU,KY,ASO,CE,Towers with Radar,0,0,22,0,22,0,11,74,0,85,0,11,96,0,107,178,0,178,285
07/18/2021,LOU,KY,ASO,CE,Towers with Radar,0,1,19,0,20,0,9,132,0,141,0,10,151,0,161,138,0,138,299
07/19/2021,LOU,KY,ASO,CE,Towers with Radar,0,3,18,0,21,0,5,168,0,173,0,8,186,0,194,182,0,182,376
07/20/2021,LOU,KY,ASO,CE,Towers with Radar,0,0,42,0,42,0,5,194,0,199,0,5,236,0,241,232,0,232,473
07/21/2021,LOU,KY,ASO,CE,Towers with Radar,0,2,25,0,27,0,3,172,0,175,0,5,197,0,202,254,0,254,456
07/22/2021,LOU,KY,ASO,CE,Towers with Radar,0,5,24,0,29,0,6,184,0,190,0,11,208,0,219,130,0,130,349
07/23/2021,LOU,KY,ASO,CE,Towers with Radar,0,6,22,2,30,0,2,170,0,172,0,8,192,2,202,186,0,186,388
07/24/2021,LOU,KY,ASO,CE,Towers with Radar,0,0,25,0,25,0,10,179,0,189,0,10,204,0,214,87,0,87,301
07/25/2021,LOU,KY,ASO,CE,Towers with Radar,0,4,16,0,20,0,10,62,0,72,0,14,78,0,92,104,0,104,196
07/26/2021,LOU,KY,ASO,CE,Towers with Radar,0,0,18,0,18,0,4,139,0,143,0,4,157,0,161,110,0,110,271
07/27/2021,LOU,KY,ASO,CE,Towers with Radar,0,0,18,0,18,0,10,155,0,165,0,10,173,0,183,134,0,134,317
07/28/2021,LOU,KY,ASO,CE,Towers with Radar,0,4,28,0,32,0,7,151,2,160,0,11,179,2,192,250,0,250,442
07/29/2021,LOU,KY,ASO,CE,Towers with Radar,0,0,34,0,34,0,4,113,0,117,0,4,147,0,151,132,0,132,283
07/30/2021,LOU,KY,ASO,CE,Towers with Radar,0,0,41,0,41,0,8,110,1,119,0,8,151,1,160,220,0,220,380
07/31/2021,LOU,KY,ASO,CE,Towers with Radar,0,5,12,0,17,0,13,70,0,83,0,18,82,0,100,224,0,224,324
08/01/2021,LOU,KY,ASO,CE,Towers with Radar,0,3,14,0,17,0,16,122,1,139,0,19,136,1,156,140,0,140,296
08/02/2021,LOU,KY,ASO,CE,Towers with Radar,0,0,19,0,19,0,4,149,0,153,0,4,168,0,172,88,0,88,260
08/03/2021,LOU,KY,ASO,CE,Towers with Radar,0,0,27,0,27,0,9,153,0,162,0,9,180,0,189,216,0,216,405
08/04/2021,LOU,KY,ASO,CE,Towers with Radar,0,1,33,0,34,0,7,151,0,158,0,8,184,0,192,114,0,114,306
08/05/2021,LOU,KY,ASO,CE,Towers with Radar,0,1,34,0,35,0,2,157,2,161,0,3,191,2,196,168,0,168,364
08/06/2021,LOU,KY,ASO,CE,Towers with Radar,0,0,21,0,21,0,5,142,1,148,0,5,163,1,169,268,0,268,437
08/07/2021,LOU,KY,ASO,CE,Towers with Radar,0,2,28,0,30,0,3,147,2,152,0,5,175,2,182,120,0,120,302
08/08/2021,LOU,KY,ASO,CE,Towers with Radar,0,2,22,0,24,0,6,165,0,171,0,8,187,0,195,74,0,74,269
08/09/2021,LOU,KY,ASO,CE,Towers with Radar,0,0,20,0,20,0,0,56,0,56,0,0,76,0,76,146,0,146,222
08/10/2021,LOU,KY,ASO,CE,Towers with Radar,0,1,30,0,31,0,5,94,2,101,0,6,124,2,132,228,0,228,360
08/11/2021,LOU,KY,ASO,CE,Towers with Radar,0,2,21,0,23,0,4,141,0,145,0,6,162,0,168,152,0,152,320
08/12/2021,LOU,KY,ASO,CE,Towers with Radar,0,0,29,0,29,0,3,146,2,151,0,3,175,2,180,102,0,102,282
08/13/2021,LOU,KY,ASO,CE,Towers with Radar,0,0,22,0,22,0,7,118,0,125,0,7,140,0,147,186,0,186,333
08/14/2021,LOU,KY,ASO,CE,Towers with Radar,0,0,25,0,25,0,8,71,0,79,0,8,96,0,104,58,0,58,162
08/15/2021,LOU,KY,ASO,CE,Towers with Radar,0,0,23,0,23,0,2,62,0,64,0,2,85,0,87,278,0,278,365
08/16/2021,LOU,KY,ASO,CE,Towers with Radar,0,0,28,2,30,0,1,40,0,41,0,1,68,2,71,144,0,144,215
08/17/2021,LOU,KY,ASO,CE,Towers with Radar,0,0,25,0,25,0,1,86,0,87,0,1,111,0,112,208,0,208,320
08/18/2021,LOU,KY,ASO,CE,Towers with Radar,0,0,23,0,23,0,3,169,0,172,0,3,192,0,195,208,0,208,403
08/19/2021,LOU,KY,ASO,CE,Towers with Radar,0,0,19,0,19,0,5,79,0,84,0,5,98,0,103,138,0,138,241
08/20/2021,LOU,KY,ASO,CE,Towers with Radar,0,2,25,0,27,0,9,170,0,179,0,11,195,0,206,168,0,168,374
08/21/2021,LOU,KY,ASO,CE,Towers with Radar,0,0,21,0,21,0,1,177,0,178,0,1,198,0,199,124,0,124,323
08/22/2021,LOU,KY,ASO,CE,Towers with Radar,0,4,16,0,20,0,5,134,0,139,0,9,150,0,159,152,0,152,311
08/23/2021,LOU,KY,ASO,CE,Towers with Radar,0,2,16,0,18,0,0,163,0,163,0,2,179,0,181,186,0,186,367
08/24/2021,LOU,KY,ASO,CE,Towers with Radar,0,0,32,0,32,0,4,143,0,147,0,4,175,0,179,140,0,140,319
08/25/2021,LOU,KY,ASO,CE,Towers with Radar,0,1,30,0,31,0,3,88,2,93,0,4,118,2,124,140,0,140,264
08/26/2021,LOU,KY,ASO,CE,Towers with Radar,0,1,14,0,15,0,10,172,0,182,0,11,186,0,197,152,0,152,349
08/27/2021,LOU,KY,ASO,CE,Towers with Radar,0,1,26,0,27,0,1,102,0,103,0,2,128,0,130,118,0,118,248
08/28/2021,LOU,KY,ASO,CE,Towers with Radar,0,0,18,2,20,0,10,176,0,186,0,10,194,2,206,182,0,182,388
08/29/2021,LOU,KY,ASO,CE,Towers with Radar,0,0,32,0,32,0,13,145,0,158,0,13,177,0,190,104,0,104,294
08/30/2021,LOU,KY,ASO,CE,Towers with Radar,0,1,18,0,19,0,2,25,0,27,0,3,43,0,46,38,0,38,84
08/31/2021,LOU,KY,ASO,CE,Towers with Radar,0,1,9,0,10,0,0,4,0,4,0,1,13,0,14,2,0,2,16
09/01/2021,LOU,KY,ASO,CE,Towers with Radar,0,1,27,0,28,0,8,97,2,107,0,9,124,2,135,80,0,80,215
09/02/2021,LOU,KY,ASO,CE,Towers with Radar,0,1,23,0,24,0,2,185,0,187,0,3,208,0,211,142,0,142,353
09/03/2021,LOU,KY,ASO,CE,Towers with Radar,0,2,26,0,28,0,9,171,0,180,0,11,197,0,208,128,0,128,336
09/04/2021,LOU,KY,ASO,CE,Towers with Radar,0,0,9,0,9,0,14,153,2,169,0,14,162,2,178,126,0,126,304
09/05/2021,LOU,KY,ASO,CE,Towers with Radar,0,0,23,0,23,0,4,42,0,46,0,4,65,0,69,82,0,82,151
09/06/2021,LOU,KY,ASO,CE,Towers with Radar,0,1,21,0,22,0,2,214,2,218,0,3,235,2,240,216,0,216,456
09/07/2021,LOU,KY,ASO,CE,Towers with Radar,0,1,22,1,24,0,6,162,1,169,0,7,184,2,193,152,0,152,345
09/08/2021,LOU,KY,ASO,CE,Towers with Radar,1,0,31,0,32,0,0,97,0,97,1,0,128,0,129,52,0,52,181
09/09/2021,LOU,KY,ASO,CE,Towers with Radar,0,2,29,0,31,0,0,175,2,177,0,2,204,2,208,166,0,166,374
09/10/2021,LOU,KY,ASO,CE,Towers with Radar,0,2,26,0,28,0,6,178,0,184,0,8,204,0,212,118,0,118,330
09/11/2021,LOU,KY,ASO,CE,Towers with Radar,0,0,16,0,16,0,10,144,2,156,0,10,160,2,172,128,0,128,300
09/12/2021,LOU,KY,ASO,CE,Towers with Radar,0,0,21,0,21,0,9,132,0,141,0,9,153,0,162,86,0,86,248
09/13/2021,LOU,KY,ASO,CE,Towers with Radar,0,2,21,0,23,0,3,142,1,146,0,5,163,1,169,132,0,132,301
09/14/2021,LOU,KY,ASO,CE,Towers with Radar,0,2,13,0,15,0,3,112,0,115,0,5,125,0,130,70,0,70,200
09/15/2021,LOU,KY,ASO,CE,Towers with Radar,0,2,16,0,18,0,3,70,0,73,0,5,86,0,91,100,0,100,191
09/16/2021,LOU,KY,ASO,CE,Towers with Radar,0,1,22,0,23,0,4,97,0,101,0,5,119,0,124,180,0,180,304
09/17/2021,LOU,KY,ASO,CE,Towers with Radar,0,0,31,0,31,0,5,163,0,168,0,5,194,0,199,128,0,128,327
09/18/2021,LOU,KY,ASO,CE,Towers with Radar,0,0,16,0,16,0,2,196,1,199,0,2,212,1,215,49,0,49,264
09/19/2021,LOU,KY,ASO,CE,Towers with Radar,0,2,24,0,26,0,3,101,1,105,0,5,125,1,131,134,0,134,265
09/20/2021,LOU,KY,ASO,CE,Towers with Radar,0,1,19,0,20,0,1,17,0,18,0,2,36,0,38,0,0,0,38
09/21/2021,LOU,KY,ASO,CE,Towers with Radar,0,1,23,0,24,0,2,19,0,21,0,3,42,0,45,136,0,136,181
09/22/2021,LOU,KY,ASO,CE,Towers with Radar,0,0,14,0,14,0,0,2,0,2,0,0,16,0,16,0,0,0,16
09/23/2021,LOU,KY,ASO,CE,Towers with Radar,0,0,36,2,38,0,5,148,1,154,0,5,184,3,192,156,0,156,348
09/24/2021,LOU,KY,ASO,CE,Towers with Radar,0,0,29,0,29,0,13,183,0,196,0,13,212,0,225,118,0,118,343
09/25/2021,LOU,KY,ASO,CE,Towers with Radar,0,0,19,0,19,0,11,125,0,136,0,11,144,0,155,112,0,112,267
09/26/2021,LOU,KY,ASO,CE,Towers with Radar,0,0,25,0,25,0,12,207,0,219,0,12,232,0,244,126,0,126,370
09/27/2021,LOU,KY,ASO,CE,Towers with Radar,0,2,27,0,29,0,2,86,0,88,0,4,113,0,117,126,0,126,243
09/28/2021,LOU,KY,ASO,CE,Towers with Radar,0,1,30,0,31,0,6,163,1,170,0,7,193,1,201,132,0,132,333
09/29/2021,LOU,KY,ASO,CE,Towers with Radar,0,0,45,0,45,0,4,141,2,147,0,4,186,2,192,174,0,174,366
09/30/2021,LOU,KY,ASO,CE,Towers with Radar,0,3,17,0,20,0,8,145,0,153,0,11,162,0,173,180,0,180,353
10/01/2021,LOU,KY,ASO,CE,Towers with Radar,0,0,20,0,20,0,2,152,2,156,0,2,172,2,176,114,0,114,290
10/02/2021,LOU,KY,ASO,CE,Towers with Radar,0,0,13,0,13,0,8,107,1,116,0,8,120,1,129,180,0,180,309
10/03/2021,LOU,KY,ASO,CE,Towers with Radar,0,0,13,0,13,0,0,7,0,7,0,0,20,0,20,36,0,36,56
10/04/2021,LOU,KY,ASO,CE,Towers with Radar,0,1,40,0,41,0,3,56,0,59,0,4,96,0,100,170,0,170,270
10/05/2021,LOU,KY,ASO,CE,Towers with Radar,0,1,30,0,31,0,6,94,0,100,0,7,124,0,131,206,0,206,337
10/06/2021,LOU,KY,ASO,CE,Towers with Radar,0,3,25,0,28,0,0,32,0,32,0,3,57,0,60,44,0,44,104
10/07/2021,LOU,KY,ASO,CE,Towers with Radar,0,1,17,0,18,0,2,102,0,104,0,3,119,0,122,212,0,212,334
10/08/2021,LOU,KY,ASO,CE,Towers with Radar,0,0,24,0,24,0,4,138,0,142,0,4,162,0,166,302,0,302,468
10/09/2021,LOU,KY,ASO,CE,Towers with Radar,0,0,20,0,20,0,11,180,0,191,0,11,200,0,211,234,0,234,445
10/10/2021,LOU,KY,ASO,CE,Towers with Radar,0,0,27,0,27,0,18,171,0,189,0,18,198,0,216,138,0,138,354
10/11/2021,LOU,KY,ASO,CE,Towers with Radar,0,0,9,0,9,0,0,57,0,57,0,0,66,0,66,46,0,46,112
10/12/2021,LOU,KY,ASO,CE,Towers with Radar,0,0,24,0,24,0,15,121,1,137,0,15,145,1,161,136,0,136,297
10/13/2021,LOU,KY,ASO,CE,Towers with Radar,0,2,41,0,43,0,10,41,0,51,0,12,82,0,94,114,0,114,208
10/14/2021,LOU,KY,ASO,CE,Towers with Radar,0,2,33,0,35,0,4,158,0,162,0,6,191,0,197,184,0,184,381
10/15/2021,LOU,KY,ASO,CE,Towers with Radar,0,2,19,0,21,0,4,17,0,21,0,6,36,0,42,58,0,58,100
10/16/2021,LOU,KY,ASO,CE,Towers with Radar,0,0,18,0,18,0,14,86,0,100,0,14,104,0,118,60,0,60,178
10/17/2021,LOU,KY,ASO,CE,Towers with Radar,0,3,19,0,22,0,2,154,0,156,0,5,173,0,178,204,0,204,382
10/18/2021,LOU,KY,ASO,CE,Towers with Radar,0,2,29,0,31,0,6,174,0,180,0,8,203,0,211,236,0,236,447
10/19/2021,LOU,KY,ASO,CE,Towers with Radar,0,1,33,0,34,0,2,150,0,152,0,3,183,0,186,172,0,172,358
10/20/2021,LOU,KY,ASO,CE,Towers with Radar,0,1,25,0,26,0,2,151,0,153,0,3,176,0,179,226,0,226,405
10/21/2021,LOU,KY,ASO,CE,Towers with Radar,0,0,31,2,33,0,2,52,0,54,0,2,83,2,87,102,0,102,189
10/22/2021,LOU,KY,ASO,CE,Towers with Radar,0,0,44,0,44,0,2,68,3,73,0,2,112,3,117,214,0,214,331
10/23/2021,LOU,KY,ASO,CE,Towers with Radar,0,0,25,0,25,0,8,201,0,209,0,8,226,0,234,174,0,174,408
10/24/2021,LOU,KY,ASO,CE,Towers with Radar,0,2,17,0,19,0,4,27,0,31,0,6,44,0,50,34,0,34,84
10/25/2021,LOU,KY,ASO,CE,Towers with Radar,0,0,8,0,8,0,2,12,0,14,0,2,20,0,22,22,0,22,44
10/26/2021,LOU,KY,ASO,CE,Towers with Radar,0,0,39,2,41,0,2,137,0,139,0,2,176,2,180,132,0,132,312
10/27/2021,LOU,KY,ASO,CE,Towers with Radar,0,2,27,2,31,0,8,189,2,199,0,10,216,4,230,232,0,232,462
10/28/2021,LOU,KY,ASO,CE,Towers with Radar,0,0,13,0,13,0,0,8,0,8,0,0,21,0,21,14,0,14,35
10/29/2021,LOU,KY,ASO,CE,Towers with Radar,0,0,42,0,42,0,0,27,0,27,0,0,69,0,69,86,0,86,155
10/30/2021,LOU,KY,ASO,CE,Towers with Radar,0,0,18,0,18,0,5,4,0,9,0,5,22,0,27,14,0,14,41
10/31/2021,LOU,KY,ASO,CE,Towers with Radar,0,2,17,0,19,0,7,142,0,149,0,9,159,0,168,276,0,276,444
11/01/2021,LOU,KY,ASO,CE,Towers with Radar,0,2,18,0,20,0,9,162,0,171,0,11,180,0,191,180,0,180,371
11/02/2021,LOU,KY,ASO,CE,Towers with Radar,0,2,19,0,21,0,3,133,3,139,0,5,152,3,160,179,0,179,339
11/03/2021,LOU,KY,ASO,CE,Towers with Radar,0,0,17,0,17,0,9,159,0,168,0,9,176,0,185,250,0,250,435
11/04/2021,LOU,KY,ASO,CE,Towers with Radar,0,2,18,2,22,0,3,181,0,184,0,5,199,2,206,204,0,204,410
11/05/2021,LOU,KY,ASO,CE,Towers with Radar,0,0,18,2,20,0,6,161,0,167,0,6,179,2,187,254,0,254,441
11/06/2021,LOU,KY,ASO,CE,Towers with Radar,0,3,17,0,20,0,7,213,0,220,0,10,230,0,240,166,0,166,406
11/07/2021,LOU,KY,ASO,CE,Towers with Radar,0,2,21,0,23,0,11,207,1,219,0,13,228,1,242,186,0,186,428
11/08/2021,LOU,KY,ASO,CE,Towers with Radar,0,4,17,2,23,0,3,151,0,154,0,7,168,2,177,170,0,170,347
11/09/2021,LOU,KY,ASO,CE,Towers with Radar,0,2,21,2,25,0,0,140,0,140,0,2,161,2,165,166,0,166,331
11/10/2021,LOU,KY,ASO,CE,Towers with Radar,0,1,24,0,25,0,3,169,0,172,0,4,193,0,197,202,0,202,399
11/11/2021,LOU,KY,ASO,CE,Towers with Radar,0,0,9,0,9,0,1,4,0,5,0,1,13,0,14,0,0,0,14
11/12/2021,LOU,KY,ASO,CE,Towers with Radar,0,1,17,0,18,0,2,40,0,42,0,3,57,0,60,110,0,110,170
11/13/2021,LOU,KY,ASO,CE,Towers with Radar,0,0,21,0,21,0,2,125,2,129,0,2,146,2,150,130,0,130,280
11/14/2021,LOU,KY,ASO,CE,Towers with Radar,0,3,13,0,16,0,2,12,0,14,0,5,25,0,30,26,0,26,56
11/15/2021,LOU,KY,ASO,CE,Towers with Radar,0,1,26,0,27,0,4,125,1,130,0,5,151,1,157,188,0,188,345
11/16/2021,LOU,KY,ASO,CE,Towers with Radar,0,4,14,0,18,0,8,150,1,159,0,12,164,1,177,196,0,196,373
11/17/2021,LOU,KY,ASO,CE,Towers with Radar,0,3,22,0,25,0,4,25,0,29,0,7,47,0,54,8,0,8,62
11/18/2021,LOU,KY,ASO,CE,Towers with Radar,0,0,16,2,18,0,2,81,0,83,0,2,97,2,101,124,0,124,225
11/19/2021,LOU,KY,ASO,CE,Towers with Radar,0,0,27,0,27,0,3,203,0,206,0,3,230,0,233,200,0,200,433
11/20/2021,LOU,KY,ASO,CE,Towers with Radar,0,0,23,0,23,0,9,155,0,164,0,9,178,0,187,226,0,226,413
11/21/2021,LOU,KY,ASO,CE,Towers with Radar,0,0,11,0,11,0,1,1,0,2,0,1,12,0,13,0,0,0,13
11/22/2021,LOU,KY,ASO,CE,Towers with Radar,0,0,25,0,25,0,3,140,0,143,0,3,165,0,168,206,0,206,374
11/23/2021,LOU,KY,ASO,CE,Towers with Radar,0,0,36,0,36,0,2,182,1,185,0,2,218,1,221,134,0,134,355
11/24/2021,LOU,KY,ASO,CE,Towers with Radar,0,0,22,0,22,0,2,85,0,87,0,2,107,0,109,166,0,166,275
11/25/2021,LOU,KY,ASO,CE,Towers with Radar,0,0,3,0,3,0,0,1,0,1,0,0,4,0,4,0,0,0,4
11/26/2021,LOU,KY,ASO,CE,Towers with Radar,0,0,19,0,19,0,11,101,0,112,0,11,120,0,131,118,0,118,249
11/27/2021,LOU,KY,ASO,CE,Towers with Radar,0,0,9,0,9,0,5,112,0,117,0,5,121,0,126,76,0,76,202
11/28/2021,LOU,KY,ASO,CE,Towers with Radar,0,1,18,0,19,0,6,99,0,105,0,7,117,0,124,148,0,148,272
11/29/2021,LOU,KY,ASO,CE,Towers with Radar,0,1,12,0,13,0,3,118,0,121,0,4,130,0,134,112,0,112,246
11/30/2021,LOU,KY,ASO,CE,Towers with Radar,0,0,19,0,19,0,3,125,0,128,0,3,144,0,147,272,0,272,419
12/01/2021,LOU,KY,ASO,CE,Towers with Radar,0,1,31,0,32,0,8,81,0,89,0,9,112,0,121,158,0,158,279
12/02/2021,LOU,KY,ASO,CE,Towers with Radar,1,3,11,0,15,0,0,109,1,110,1,3,120,1,125,134,0,134,259
12/03/2021,LOU,KY,ASO,CE,Towers with Radar,0,2,29,0,31,0,9,199,0,208,0,11,228,0,239,150,0,150,389
12/04/2021,LOU,KY,ASO,CE,Towers with Radar,0,0,17,0,17,0,4,194,0,198,0,4,211,0,215,172,0,172,387
12/05/2021,LOU,KY,ASO,CE,Towers with Radar,0,1,15,0,16,0,4,52,0,56,0,5,67,0,72,54,0,54,126
12/06/2021,LOU,KY,ASO,CE,Towers with Radar,0,1,15,0,16,0,4,23,0,27,0,5,38,0,43,0,6,6,49
12/07/2021,LOU,KY,ASO,CE,Towers with Radar,0,1,15,0,16,0,6,96,0,102,0,7,111,0,118,150,0,150,268
12/08/2021,LOU,KY,ASO,CE,Towers with Radar,0,0,19,0,19,0,93,35,0,128,0,93,54,0,147,232,0,232,379
12/09/2021,LOU,KY,ASO,CE,Towers with Radar,0,0,24,0,24,0,8,59,0,67,0,8,83,0,91,62,0,62,153
12/10/2021,LOU,KY,ASO,CE,Towers with Radar,0,1,28,0,29,0,0,5,0,5,0,1,33,0,34,10,0,10,44
12/11/2021,LOU,KY,ASO,CE,Towers with Radar,0,1,2,0,3,0,10,4,0,14,0,11,6,0,17,0,0,0,17
12/12/2021,LOU,KY,ASO,CE,Towers with Radar,0,1,25,0,26,0,6,197,0,203,0,7,222,0,229,158,0,158,387
12/13/2021,LOU,KY,ASO,CE,Towers with Radar,0,3,24,0,27,0,7,160,0,167,0,10,184,0,194,238,0,238,432
12/14/2021,LOU,KY,ASO,CE,Towers with Radar,0,0,17,0,17,0,2,213,0,215,0,2,230,0,232,312,0,312,544
12/15/2021,LOU,KY,ASO,CE,Towers with Radar,0,1,16,0,17,0,3,91,0,94,0,4,107,0,111,58,0,58,169
12/16/2021,LOU,KY,ASO,CE,Towers with Radar,0,0,13,0,13,0,1,6,0,7,0,1,19,0,20,0,0,0,20
12/17/2021,LOU,KY,ASO,CE,Towers with Radar,0,0,17,0,17,0,2,17,0,19,0,2,34,0,36,16,0,16,52
12/18/2021,LOU,KY,ASO,CE,Towers with Radar,0,0,9,0,9,0,0,0,0,0,0,0,9,0,9,0,0,0,9
12/19/2021,LOU,KY,ASO,CE,Towers with Radar,0,2,22,0,24,0,0,72,0,72,0,2,94,0,96,116,0,116,212
12/20/2021,LOU,KY,ASO,CE,Towers with Radar,0,0,26,0,26,0,6,140,2,148,0,6,166,2,174,102,2,104,278
12/21/2021,LOU,KY,ASO,CE,Towers with Radar,0,3,32,0,35,0,4,145,1,150,0,7,177,1,185,254,0,254,439
12/22/2021,LOU,KY,ASO,CE,Towers with Radar,0,3,23,0,26,0,6,168,0,174,0,9,191,0,200,186,0,186,386
12/23/2021,LOU,KY,ASO,CE,Towers with Radar,0,0,29,0,29,0,9,115,0,124,0,9,144,0,153,174,0,174,327
12/24/2021,LOU,KY,ASO,CE,Towers with Radar,0,0,10,0,10,0,3,8,0,11,0,3,18,0,21,0,0,0,21
12/25/2021,LOU,KY,ASO,CE,Towers with Radar,0,0,3,0,3,0,1,5,0,6,0,1,8,0,9,8,0,8,17
12/26/2021,LOU,KY,ASO,CE,Towers with Radar,0,1,28,0,29,0,2,113,0,115,0,3,141,0,144,100,0,100,244
12/27/2021,LOU,KY,ASO,CE,Towers with Radar,0,2,24,0,26,0,1,52,0,53,0,3,76,0,79,80,0,80,159
12/28/2021,LOU,KY,ASO,CE,Towers with Radar,0,0,12,0,12,0,1,12,0,13,0,1,24,0,25,2,0,2,27
12/29/2021,LOU,KY,ASO,CE,Towers with Radar,0,0,30,0,30,0,0,23,0,23,0,0,53,0,53,100,0,100,153
12/30/2021,LOU,KY,ASO,CE,Towers with Radar,0,0,30,0,30,0,0,1,0,1,0,0,31,0,31,0,0,0,31
12/31/2021,LOU,KY,ASO,CE,Towers with Radar,0,0,19,0,19,0,2,111,0,113,0,2,130,0,132,190,0,190,322
01/01/2022,LOU,KY,ASO,CE,Towers with Radar,0,0,3,0,3,0,0,0,0,0,0,0,3,0,3,0,0,0,3
01/02/2022,LOU,KY,ASO,CE,Towers with Radar,0,0,6,0,6,0,1,3,0,4,0,1,9,0,10,10,0,10,20
01/03/2022,LOU,KY,ASO,CE,Towers with Radar,0,0,18,0,18,0,3,154,0,157,0,3,172,0,175,210,0,210,385
01/04/2022,LOU,KY,ASO,CE,Towers with Radar,0,0,34,0,34,0,2,121,0,123,0,2,155,0,157,118,0,118,275
01/05/2022,LOU,KY,ASO,CE,Towers with Radar,0,0,11,2,13,0,2,41,0,43,0,2,52,2,56,32,0,32,88
01/06/2022,LOU,KY,ASO,CE,Towers with Radar,0,0,4,0,4,0,0,8,0,8,0,0,12,0,12,12,0,12,24
01/07/2022,LOU,KY,ASO,CE,Towers with Radar,0,0,19,0,19,0,4,111,0,115,0,4,130,0,134,135,0,135,269
01/08/2022,LOU,KY,ASO,CE,Towers with Radar,0,4,13,0,17,0,3,95,0,98,0,7,108,0,115,232,0,232,347
01/09/2022,LOU,KY,ASO,CE,Towers with Radar,0,0,8,0,8,0,2,20,0,22,0,2,28,0,30,46,0,46,76
01/10/2022,LOU,KY,ASO,CE,Towers with Radar,0,0,32,0,32,0,4,121,0,125,0,4,153,0,157,146,0,146,303
01/11/2022,LOU,KY,ASO,CE,Towers with Radar,0,0,24,2,26,0,4,129,0,133,0,4,153,2,159,132,0,132,291
01/12/2022,LOU,KY,ASO,CE,Towers with Radar,0,0,15,0,15,0,2,100,0,102,0,2,115,0,117,88,0,88,205
01/13/2022,LOU,KY,ASO,CE,Towers with Radar,0,1,16,0,17,0,6,148,0,154,0,7,164,0,171,194,0,194,365
01/14/2022,LOU,KY,ASO,CE,Towers with Radar,0,0,19,0,19,0,1,16,0,17,0,1,35,0,36,74,0,74,110
01/15/2022,LOU,KY,ASO,CE,Towers with Radar,0,0,7,0,7,0,2,52,0,54,0,2,59,0,61,220,0,220,281
01/16/2022,LOU,KY,ASO,CE,Towers with Radar,0,0,5,0,5,0,2,70,0,72,0,2,75,0,77,78,0,78,155
01/17/2022,LOU,KY,ASO,CE,Towers with Radar,0,0,13,0,13,0,1,10,0,11,0,1,23,0,24,38,0,38,62
01/18/2022,LOU,KY,ASO,CE,Towers with Radar,0,0,21,0,21,0,2,155,1,158,0,2,176,1,179,234,0,234,413
01/19/2022,LOU,KY,ASO,CE,Towers with Radar,0,2,6,0,8,0,1,15,0,16,0,3,21,0,24,6,0,6,30
01/20/2022,LOU,KY,ASO,CE,Towers with Radar,0,1,15,0,16,0,7,41,0,48,0,8,56,0,64,44,0,44,108
01/21/2022,LOU,KY,ASO,CE,Towers with Radar,0,2,13,1,16,0,2,148,1,151,0,4,161,2,167,250,0,250,417
01/22/2022,LOU,KY,ASO,CE,Towers with Radar,0,0,14,0,14,0,6,172,0,178,0,6,186,0,192,221,0,221,413
01/23/2022,LOU,KY,ASO,CE,Towers with Radar,0,0,12,0,12,0,3,76,0,79,0,3,88,0,91,58,0,58,149
01/24/2022,LOU,KY,ASO,CE,Towers with Radar,0,0,18,0,18,0,3,80,0,83,0,3,98,0,101,126,0,126,227
01/25/2022,LOU,KY,ASO,CE,Towers with Radar,0,0,21,0,21,0,3,125,0,128,0,3,146,0,149,238,0,238,387
01/26/2022,LOU,KY,ASO,CE,Towers with Radar,0,3,8,0,11,0,2,165,0,167,0,5,173,0,178,242,0,242,420
01/27/2022,LOU,KY,ASO,CE,Towers with Radar,0,0,21,0,21,0,1,95,0,96,0,1,116,0,117,314,0,314,431
01/28/2022,LOU,KY,ASO,CE,Towers with Radar,0,0,7,0,7,0,1,0,0,1,0,1,7,0,8,0,0,0,8
01/29/2022,LOU,KY,ASO,CE,Towers with Radar,0,3,12,0,15,0,3,114,0,117,0,6,126,0,132,194,0,194,326
01/30/2022,LOU,KY,ASO,CE,Towers with Radar,0,0,21,0,21,0,3,141,0,144,0,3,162,0,165,148,0,148,313
01/31/2022,LOU,KY,ASO,CE,Towers with Radar,0,0,24,0,24,0,3,175,1,179,0,3,199,1,203,146,0,146,349
02/01/2022,LOU,KY,ASO,CE,Towers with Radar,0,0,17,0,17,0,0,148,0,148,0,0,165,0,165,90,0,90,255
02/02/2022,LOU,KY,ASO,CE,Towers with Radar,0,0,10,0,10,0,0,2,0,2,0,0,12,0,12,0,0,0,12
02/03/2022,LOU,KY,ASO,CE,Towers with Radar,0,0,0,0,0,0,0,0,0,0,0,0,0,0,0,0,0,0,0
02/04/2022,LOU,KY,ASO,CE,Towers with Radar,0,0,3,0,3,0,0,5,0,5,0,0,8,0,8,18,0,18,26
02/05/2022,LOU,KY,ASO,CE,Towers with Radar,0,0,21,0,21,0,1,115,0,116,0,1,136,0,137,318,0,318,455
02/06/2022,LOU,KY,ASO,CE,Towers with Radar,0,0,20,0,20,0,1,149,0,150,0,1,169,0,170,114,0,114,284
02/07/2022,LOU,KY,ASO,CE,Towers with Radar,0,0,17,2,19,0,1,121,1,123,0,1,138,3,142,180,0,180,322
02/08/2022,LOU,KY,ASO,CE,Towers with Radar,0,0,20,0,20,0,9,154,0,163,0,9,174,0,183,198,0,198,381
02/09/2022,LOU,KY,ASO,CE,Towers with Radar,0,0,28,0,28,0,3,148,0,151,0,3,176,0,179,142,0,142,321
02/10/2022,LOU,KY,ASO,CE,Towers with Radar,0,2,19,0,21,0,0,163,0,163,0,2,182,0,184,208,0,208,392
02/11/2022,LOU,KY,ASO,CE,Towers with Radar,0,0,8,2,10,0,1,27,0,28,0,1,35,2,38,32,0,32,70
02/12/2022,LOU,KY,ASO,CE,Towers with Radar,0,2,10,0,12,0,1,60,0,61,0,3,70,0,73,174,0,174,247
02/13/2022,LOU,KY,ASO,CE,Towers with Radar,0,4,11,0,15,0,1,126,0,127,0,5,137,0,142,252,0,252,394
02/14/2022,LOU,KY,ASO,CE,Towers with Radar,0,1,23,0,24,0,4,141,0,145,0,5,164,0,169,188,0,188,357
02/15/2022,LOU,KY,ASO,CE,Towers with Radar,0,1,26,0,27,0,0,170,0,170,0,1,196,0,197,188,0,188,385
02/16/2022,LOU,KY,ASO,CE,Towers with Radar,0,0,12,0,12,0,2,16,0,18,0,2,28,0,30,2,0,2,32
02/17/2022,LOU,KY,ASO,CE,Towers with Radar,0,0,5,0,5,0,0,0,0,0,0,0,5,0,5,0,0,0,5
02/18/2022,LOU,KY,ASO,CE,Towers with Radar,0,0,26,0,26,0,2,159,0,161,0,2,185,0,187,352,0,352,539
02/19/2022,LOU,KY,ASO,CE,Towers with Radar,0,1,24,0,25,0,1,143,2,146,0,2,167,2,171,145,0,145,316
02/20/2022,LOU,KY,ASO,CE,Towers with Radar,0,1,36,0,37,0,3,161,0,164,0,4,197,0,201,80,0,80,281
02/21/2022,LOU,KY,ASO,CE,Towers with Radar,0,0,20,0,20,0,3,116,0,119,0,3,136,0,139,122,0,122,261
02/22/2022,LOU,KY,ASO,CE,Towers with Radar,0,0,5,0,5,0,0,0,0,0,0,0,5,0,5,0,0,0,5
02/23/2022,LOU,KY,ASO,CE,Towers with Radar,0,4,9,0,13,0,1,81,3,85,0,5,90,3,98,300,0,300,398
02/24/2022,LOU,KY,ASO,CE,Towers with Radar,0,0,5,0,5,0,0,3,0,3,0,0,8,0,8,6,0,6,14
02/25/2022,LOU,KY,ASO,CE,Towers with Radar,0,0,15,0,15,0,3,43,0,46,0,3,58,0,61,192,0,192,253
02/26/2022,LOU,KY,ASO,CE,Towers with Radar,0,0,20,0,20,0,3,208,0,211,0,3,228,0,231,296,0,296,527
02/27/2022,LOU,KY,ASO,CE,Towers with Radar,0,0,34,0,34,0,3,211,0,214,0,3,245,0,248,324,0,324,572
02/28/2022,LOU,KY,ASO,CE,Towers with Radar,0,2,23,0,25,0,4,196,0,200,0,6,219,0,225,301,0,301,526
03/01/2022,LOU,KY,ASO,CE,Towers with Radar,0,2,28,0,30,0,6,164,0,170,0,8,192,0,200,226,0,226,426
03/02/2022,LOU,KY,ASO,CE,Towers with Radar,0,1,24,0,25,0,0,191,0,191,0,1,215,0,216,178,0,178,394
03/03/2022,LOU,KY,ASO,CE,Towers with Radar,0,0,20,0,20,0,5,143,0,148,0,5,163,0,168,212,0,212,380
03/04/2022,LOU,KY,ASO,CE,Towers with Radar,0,1,19,0,20,0,7,202,0,209,0,8,221,0,229,182,0,182,411
03/05/2022,LOU,KY,ASO,CE,Towers with Radar,0,0,13,0,13,0,5,60,0,65,0,5,73,0,78,32,0,32,110
03/06/2022,LOU,KY,ASO,CE,Towers with Radar,0,0,9,0,9,0,0,5,0,5,0,0,14,0,14,6,0,6,20
03/07/2022,LOU,KY,ASO,CE,Towers with Radar,0,0,10,0,10,0,2,5,0,7,0,2,15,0,17,0,0,0,17
03/08/2022,LOU,KY,ASO,CE,Towers with Radar,0,0,24,0,24,0,2,163,2,167,0,2,187,2,191,334,0,334,525
03/09/2022,LOU,KY,ASO,CE,Towers with Radar,0,1,30,0,31,0,4,156,2,162,0,5,186,2,193,234,0,234,427
03/10/2022,LOU,KY,ASO,CE,Towers with Radar,0,0,28,0,28,0,3,196,0,199,0,3,224,0,227,194,0,194,421
03/11/2022,LOU,KY,ASO,CE,Towers with Radar,0,0,17,0,17,0,4,91,0,95,0,4,108,0,112,174,0,174,286
03/12/2022,LOU,KY,ASO,CE,Towers with Radar,0,0,11,0,11,0,4,19,0,23,0,4,30,0,34,12,0,12,46
03/13/2022,LOU,KY,ASO,CE,Towers with Radar,0,0,16,0,16,0,2,40,0,42,0,2,56,0,58,32,0,32,90
03/14/2022,LOU,KY,ASO,CE,Towers with Radar,0,0,15,0,15,0,3,162,1,166,0,3,177,1,181,122,0,122,303
03/15/2022,LOU,KY,ASO,CE,Towers with Radar,0,0,23,0,23,0,15,192,0,207,0,15,215,0,230,282,0,282,512
03/16/2022,LOU,KY,ASO,CE,Towers with Radar,0,0,31,0,31,0,8,165,0,173,0,8,196,0,204,238,0,238,442
03/17/2022,LOU,KY,ASO,CE,Towers with Radar,0,0,30,0,30,0,1,192,0,193,0,1,222,0,223,155,0,155,378
03/18/2022,LOU,KY,ASO,CE,Towers with Radar,0,1,25,0,26,0,1,38,0,39,0,2,63,0,65,116,0,116,181
03/19/2022,LOU,KY,ASO,CE,Towers with Radar,0,2,8,0,10,0,1,3,3,7,0,3,11,3,17,6,0,6,23
03/20/2022,LOU,KY,ASO,CE,Towers with Radar,0,2,25,0,27,0,5,223,0,228,0,7,248,0,255,292,0,292,547
03/21/2022,LOU,KY,ASO,CE,Towers with Radar,0,0,28,0,28,0,0,214,0,214,0,0,242,0,242,206,0,206,448
03/22/2022,LOU,KY,ASO,CE,Towers with Radar,0,0,19,2,21,0,3,36,0,39,0,3,55,2,60,182,0,182,242
03/23/2022,LOU,KY,ASO,CE,Towers with Radar,0,3,23,0,26,0,3,11,1,15,0,6,34,1,41,0,0,0,41
03/24/2022,LOU,KY,ASO,CE,Towers with Radar,0,0,22,0,22,0,0,42,0,42,0,0,64,0,64,82,0,82,146
03/25/2022,LOU,KY,ASO,CE,Towers with Radar,0,1,28,0,29,0,1,79,0,80,0,2,107,0,109,112,0,112,221
03/26/2022,LOU,KY,ASO,CE,Towers with Radar,0,1,19,0,20,0,0,11,0,11,0,1,30,0,31,6,0,6,37
03/27/2022,LOU,KY,ASO,CE,Towers with Radar,0,0,29,0,29,0,5,179,0,184,0,5,208,0,213,222,0,222,435
03/28/2022,LOU,KY,ASO,CE,Towers with Radar,0,0,15,0,15,0,3,152,0,155,0,3,167,0,170,234,0,234,404
03/29/2022,LOU,KY,ASO,CE,Towers with Radar,0,2,18,2,22,0,2,129,0,131,0,4,147,2,153,232,0,232,385
03/30/2022,LOU,KY,ASO,CE,Towers with Radar,0,2,5,0,7,0,1,10,4,15,0,3,15,4,22,0,0,0,22
03/31/2022,LOU,KY,ASO,CE,Towers with Radar,0,2,10,0,12,0,1,14,0,15,0,3,24,0,27,0,0,0,27
04/01/2022,LOU,KY,ASO,CE,Towers with Radar,0,2,26,0,28,0,3,136,0,139,0,5,162,0,167,236,0,236,403
04/02/2022,LOU,KY,ASO,CE,Towers with Radar,0,0,22,0,22,0,4,156,0,160,0,4,178,0,182,186,0,186,368
04/03/2022,LOU,KY,ASO,CE,Towers with Radar,0,0,29,0,29,0,0,202,1,203,0,0,231,1,232,172,0,172,404
04/04/2022,LOU,KY,ASO,CE,Towers with Radar,0,1,19,0,20,0,3,124,6,133,0,4,143,6,153,200,0,200,353
04/05/2022,LOU,KY,ASO,CE,Towers with Radar,0,1,15,0,16,0,0,28,0,28,0,1,43,0,44,86,0,86,130
04/06/2022,LOU,KY,ASO,CE,Towers with Radar,0,0,16,0,16,0,0,9,0,9,0,0,25,0,25,6,0,6,31
04/07/2022,LOU,KY,ASO,CE,Towers with Radar,0,0,25,0,25,0,2,102,2,106,0,2,127,2,131,63,0,63,194
04/08/2022,LOU,KY,ASO,CE,Towers with Radar,0,0,20,0,20,0,1,21,0,22,0,1,41,0,42,70,0,70,112
04/09/2022,LOU,KY,ASO,CE,Towers with Radar,0,0,6,0,6,0,1,18,0,19,0,1,24,0,25,10,0,10,35
04/10/2022,LOU,KY,ASO,CE,Towers with Radar,0,1,34,0,35,0,0,261,0,261,0,1,295,0,296,182,0,182,478
04/11/2022,LOU,KY,ASO,CE,Towers with Radar,0,4,7,0,11,0,1,9,0,10,0,5,16,0,21,0,0,0,21
04/12/2022,LOU,KY,ASO,CE,Towers with Radar,0,6,23,0,29,0,1,22,0,23,0,7,45,0,52,20,0,20,72
04/13/2022,LOU,KY,ASO,CE,Towers with Radar,0,3,9,0,12,0,1,6,0,7,0,4,15,0,19,30,0,30,49
04/14/2022,LOU,KY,ASO,CE,Towers with Radar,0,0,26,0,26,0,4,207,0,211,0,4,233,0,237,228,0,228,465
04/15/2022,LOU,KY,ASO,CE,Towers with Radar,0,0,14,0,14,0,4,142,0,146,0,4,156,0,160,88,0,88,248
04/16/2022,LOU,KY,ASO,CE,Towers with Radar,0,0,28,0,28,0,1,172,0,173,0,1,200,0,201,180,0,180,381
04/17/2022,LOU,KY,ASO,CE,Towers with Radar,0,1,19,0,20,0,4,107,0,111,0,5,126,0,131,142,0,142,273
04/18/2022,LOU,KY,ASO,CE,Towers with Radar,0,0,18,0,18,0,4,27,0,31,0,4,45,0,49,52,0,52,101
04/19/2022,LOU,KY,ASO,CE,Towers with Radar,0,4,33,0,37,0,1,219,2,222,0,5,252,2,259,224,0,224,483
04/20/2022,LOU,KY,ASO,CE,Towers with Radar,0,2,36,0,38,0,9,128,0,137,0,11,164,0,175,132,0,132,307
04/21/2022,LOU,KY,ASO,CE,Towers with Radar,0,3,61,0,64,0,0,68,0,68,0,3,129,0,132,145,0,145,277
04/22/2022,LOU,KY,ASO,CE,Towers with Radar,0,5,49,0,54,0,1,156,0,157,0,6,205,0,211,124,0,124,335
04/23/2022,LOU,KY,ASO,CE,Towers with Radar,0,0,20,0,20,0,1,99,2,102,0,1,119,2,122,8,0,8,130
04/24/2022,LOU,KY,ASO,CE,Towers with Radar,0,0,20,0,20,0,2,87,0,89,0,2,107,0,109,58,0,58,167
04/25/2022,LOU,KY,ASO,CE,Towers with Radar,0,2,17,0,19,0,5,19,0,24,0,7,36,0,43,4,0,4,47
04/26/2022,LOU,KY,ASO,CE,Towers with Radar,0,0,32,0,32,0,0,172,2,174,0,0,204,2,206,222,0,222,428
04/27/2022,LOU,KY,ASO,CE,Towers with Radar,0,0,45,0,45,0,12,263,0,275,0,12,308,0,320,320,0,320,640
04/28/2022,LOU,KY,ASO,CE,Towers with Radar,0,0,43,0,43,0,5,205,2,212,0,5,248,2,255,306,0,306,561
04/29/2022,LOU,KY,ASO,CE,Towers with Radar,0,3,24,0,27,0,7,115,6,128,0,10,139,6,155,184,0,184,339
04/30/2022,LOU,KY,ASO,CE,Towers with Radar,0,2,30,0,32,0,5,91,0,96,0,7,121,0,128,81,0,81,209
05/01/2022,LOU,KY,ASO,CE,Towers with Radar,0,3,22,0,25,0,7,71,0,78,0,10,93,0,103,52,0,52,155
05/02/2022,LOU,KY,ASO,CE,Towers with Radar,0,0,17,0,17,0,4,204,0,208,0,4,221,0,225,270,0,270,495
05/03/2022,LOU,KY,ASO,CE,Towers with Radar,0,0,8,0,8,0,2,15,0,17,0,2,23,0,25,6,0,6,31
05/04/2022,LOU,KY,ASO,CE,Towers with Radar,0,0,48,0,48,0,2,54,0,56,0,2,102,0,104,58,0,58,162
05/05/2022,LOU,KY,ASO,CE,Towers with Radar,0,7,103,0,110,0,1,94,0,95,0,8,197,0,205,29,0,29,234
05/06/2022,LOU,KY,ASO,CE,Towers with Radar,0,4,30,0,34,0,1,27,0,28,0,5,57,0,62,6,0,6,68
05/07/2022,LOU,KY,ASO,CE,Towers with Radar,0,6,63,0,69,0,4,63,3,70,0,10,126,3,139,20,0,20,159
05/08/2022,LOU,KY,ASO,CE,Towers with Radar,0,9,102,0,111,0,9,180,0,189,0,18,282,0,300,54,0,54,354
05/09/2022,LOU,KY,ASO,CE,Towers with Radar,0,4,32,0,36,0,3,148,2,153,0,7,180,2,189,144,0,144,333
05/10/2022,LOU,KY,ASO,CE,Towers with Radar,0,0,33,0,33,0,4,170,0,174,0,4,203,0,207,222,0,222,429
05/11/2022,LOU,KY,ASO,CE,Towers with Radar,0,0,24,0,24,0,4,163,0,167,0,4,187,0,191,193,0,193,384
05/12/2022,LOU,KY,ASO,CE,Towers with Radar,0,0,40,0,40,0,1,176,1,178,0,1,216,1,218,170,0,170,388
05/13/2022,LOU,KY,ASO,CE,Towers with Radar,0,0,43,0,43,0,7,173,0,180,0,7,216,0,223,146,0,146,369
05/14/2022,LOU,KY,ASO,CE,Towers with Radar,0,0,20,0,20,0,16,106,0,122,0,16,126,0,142,56,0,56,198
05/15/2022,LOU,KY,ASO,CE,Towers with Radar,0,0,29,0,29,0,6,149,0,155,0,6,178,0,184,188,0,188,372
05/16/2022,LOU,KY,ASO,CE,Towers with Radar,0,0,25,0,25,0,6,162,0,168,0,6,187,0,193,188,0,188,381
05/17/2022,LOU,KY,ASO,CE,Towers with Radar,0,1,24,0,25,0,6,179,0,185,0,7,203,0,210,180,0,180,390
05/18/2022,LOU,KY,ASO,CE,Towers with Radar,0,0,13,0,13,0,4,70,0,74,0,4,83,0,87,88,0,88,175
05/19/2022,LOU,KY,ASO,CE,Towers with Radar,0,1,23,0,24,0,2,80,1,83,0,3,103,1,107,207,0,207,314
05/20/2022,LOU,KY,ASO,CE,Towers with Radar,0,3,25,0,28,0,3,31,0,34,0,6,56,0,62,4,0,4,66
05/21/2022,LOU,KY,ASO,CE,Towers with Radar,0,0,18,0,18,0,8,163,2,173,0,8,181,2,191,66,0,66,257
05/22/2022,LOU,KY,ASO,CE,Towers with Radar,0,0,38,0,38,0,6,87,1,94,0,6,125,1,132,132,0,132,264
05/23/2022,LOU,KY,ASO,CE,Towers with Radar,0,1,29,0,30,0,1,132,0,133,0,2,161,0,163,226,0,226,389
05/24/2022,LOU,KY,ASO,CE,Towers with Radar,0,2,30,0,32,0,6,176,1,183,0,8,206,1,215,328,0,328,543
05/25/2022,LOU,KY,ASO,CE,Towers with Radar,0,1,24,0,25,0,6,50,1,57,0,7,74,1,82,70,0,70,152
05/26/2022,LOU,KY,ASO,CE,Towers with Radar,0,0,16,0,16,0,0,5,0,5,0,0,21,0,21,0,0,0,21
05/27/2022,LOU,KY,ASO,CE,Towers with Radar,0,0,35,0,35,0,3,48,0,51,0,3,83,0,86,88,0,88,174
05/28/2022,LOU,KY,ASO,CE,Towers with Radar,0,2,23,0,25,0,13,214,0,227,0,15,237,0,252,188,0,188,440
05/29/2022,LOU,KY,ASO,CE,Towers with Radar,0,3,10,0,13,0,5,167,0,172,0,8,177,0,185,126,0,126,311
05/30/2022,LOU,KY,ASO,CE,Towers with Radar,0,0,18,0,18,0,9,127,1,137,0,9,145,1,155,104,0,104,259
05/31/2022,LOU,KY,ASO,CE,Towers with Radar,0,1,23,0,24,0,2,216,1,219,0,3,239,1,243,188,0,188,431
06/01/2022,LOU,KY,ASO,CE,Towers with Radar,0,0,21,0,21,0,2,103,0,105,0,2,124,0,126,152,0,152,278
06/02/2022,LOU,KY,ASO,CE,Towers with Radar,0,1,21,0,22,0,3,76,0,79,0,4,97,0,101,194,0,194,295
06/03/2022,LOU,KY,ASO,CE,Towers with Radar,0,0,27,0,27,0,4,222,0,226,0,4,249,0,253,166,0,166,419
06/04/2022,LOU,KY,ASO,CE,Towers with Radar,0,6,18,0,24,0,13,228,0,241,0,19,246,0,265,136,0,136,401
06/05/2022,LOU,KY,ASO,CE,Towers with Radar,0,3,33,0,36,0,0,143,0,143,0,3,176,0,179,226,0,226,405
06/06/2022,LOU,KY,ASO,CE,Towers with Radar,0,3,17,0,20,0,3,54,0,57,0,6,71,0,77,94,0,94,171
06/07/2022,LOU,KY,ASO,CE,Towers with Radar,0,0,35,0,35,0,2,96,0,98,0,2,131,0,133,222,0,222,355
06/08/2022,LOU,KY,ASO,CE,Towers with Radar,0,2,15,0,17,0,3,65,0,68,0,5,80,0,85,149,0,149,234
06/09/2022,LOU,KY,ASO,CE,Towers with Radar,0,2,27,0,29,0,3,200,0,203,0,5,227,0,232,300,0,300,532
06/10/2022,LOU,KY,ASO,CE,Towers with Radar,0,0,33,0,33,0,2,103,3,108,0,2,136,3,141,188,0,188,329
06/11/2022,LOU,KY,ASO,CE,Towers with Radar,0,2,23,0,25,0,11,269,5,285,0,13,292,5,310,130,0,130,440
06/12/2022,LOU,KY,ASO,CE,Towers with Radar,0,0,22,0,22,0,10,130,0,140,0,10,152,0,162,110,0,110,272
06/13/2022,LOU,KY,ASO,CE,Towers with Radar,0,0,29,0,29,0,6,120,0,126,0,6,149,0,155,172,0,172,327
06/14/2022,LOU,KY,ASO,CE,Towers with Radar,0,0,22,0,22,0,3,166,0,169,0,3,188,0,191,112,0,112,303
06/15/2022,LOU,KY,ASO,CE,Towers with Radar,0,2,25,0,27,0,2,156,1,159,0,4,181,1,186,194,0,194,380
06/16/2022,LOU,KY,ASO,CE,Towers with Radar,0,0,16,0,16,0,2,144,0,146,0,2,160,0,162,156,0,156,318
06/17/2022,LOU,KY,ASO,CE,Towers with Radar,0,0,23,0,23,0,2,102,0,104,0,2,125,0,127,114,0,114,241
06/18/2022,LOU,KY,ASO,CE,Towers with Radar,0,0,27,0,27,0,6,243,0,249,0,6,270,0,276,116,0,116,392
06/19/2022,LOU,KY,ASO,CE,Towers with Radar,0,0,23,0,23,0,9,171,1,181,0,9,194,1,204,147,0,147,351
06/20/2022,LOU,KY,ASO,CE,Towers with Radar,0,2,22,0,24,0,4,190,0,194,0,6,212,0,218,320,0,320,538
06/21/2022,LOU,KY,ASO,CE,Towers with Radar,0,1,24,0,25,0,6,218,0,224,0,7,242,0,249,202,0,202,451
06/22/2022,LOU,KY,ASO,CE,Towers with Radar,0,2,22,0,24,0,10,129,0,139,0,12,151,0,163,176,0,176,339
06/23/2022,LOU,KY,ASO,CE,Towers with Radar,0,3,36,0,39,0,12,211,2,225,0,15,247,2,264,176,0,176,440
06/24/2022,LOU,KY,ASO,CE,Towers with Radar,0,0,27,0,27,0,8,202,0,210,0,8,229,0,237,284,0,284,521
06/25/2022,LOU,KY,ASO,CE,Towers with Radar,0,0,25,0,25,0,5,187,0,192,0,5,212,0,217,196,0,196,413
06/26/2022,LOU,KY,ASO,CE,Towers with Radar,0,0,20,0,20,0,5,74,0,79,0,5,94,0,99,70,0,70,169
06/27/2022,LOU,KY,ASO,CE,Towers with Radar,0,1,19,0,20,0,12,219,0,231,0,13,238,0,251,306,0,306,557
06/28/2022,LOU,KY,ASO,CE,Towers with Radar,0,1,28,0,29,0,1,235,0,236,0,2,263,0,265,274,0,274,539
06/29/2022,LOU,KY,ASO,CE,Towers with Radar,0,0,40,1,41,0,8,181,8,197,0,8,221,9,238,224,0,224,462
06/30/2022,LOU,KY,ASO,CE,Towers with Radar,0,2,30,0,32,0,4,236,1,241,0,6,266,1,273,252,0,252,525
07/01/2022,LOU,KY,ASO,CE,Towers with Radar,0,1,23,0,24,0,8,108,0,116,0,9,131,0,140,156,0,156,296
07/02/2022,LOU,KY,ASO,CE,Towers with Radar,0,0,11,0,11,0,7,103,1,111,0,7,114,1,122,162,0,162,284
07/03/2022,LOU,KY,ASO,CE,Towers with Radar,0,0,15,0,15,0,7,87,4,98,0,7,102,4,113,62,0,62,175
07/04/2022,LOU,KY,ASO,CE,Towers with Radar,0,0,8,0,8,0,4,83,0,87,0,4,91,0,95,50,0,50,145
07/05/2022,LOU,KY,ASO,CE,Towers with Radar,0,0,31,0,31,0,6,165,0,171,0,6,196,0,202,310,0,310,512
07/06/2022,LOU,KY,ASO,CE,Towers with Radar,0,0,19,0,19,0,5,140,0,145,0,5,159,0,164,202,0,202,366
07/07/2022,LOU,KY,ASO,CE,Towers with Radar,0,4,18,0,22,0,2,18,0,20,0,6,36,0,42,32,0,32,74
07/08/2022,LOU,KY,ASO,CE,Towers with Radar,0,0,18,0,18,0,2,15,0,17,0,2,33,0,35,24,0,24,59
07/09/2022,LOU,KY,ASO,CE,Towers with Radar,0,0,15,0,15,0,1,17,0,18,0,1,32,0,33,10,0,10,43
07/10/2022,LOU,KY,ASO,CE,Towers with Radar,0,2,26,1,29,0,8,235,0,243,0,10,261,1,272,174,0,174,446
07/11/2022,LOU,KY,ASO,CE,Towers with Radar,0,1,23,0,24,0,2,239,2,243,0,3,262,2,267,256,0,256,523
07/12/2022,LOU,KY,ASO,CE,Towers with Radar,0,1,23,0,24,0,9,179,0,188,0,10,202,0,212,192,0,192,404
07/13/2022,LOU,KY,ASO,CE,Towers with Radar,0,4,19,0,23,0,9,216,0,225,0,13,235,0,248,226,0,226,474
07/14/2022,LOU,KY,ASO,CE,Towers with Radar,1,0,18,0,19,0,7,208,0,215,1,7,226,0,234,150,0,150,384
07/15/2022,LOU,KY,ASO,CE,Towers with Radar,0,0,17,0,17,0,6,162,0,168,0,6,179,0,185,198,0,198,383
07/16/2022,LOU,KY,ASO,CE,Towers with Radar,0,1,8,0,9,0,8,156,2,166,0,9,164,2,175,100,0,100,275
07/17/2022,LOU,KY,ASO,CE,Towers with Radar,0,1,16,0,17,0,1,10,0,11,0,2,26,0,28,10,0,10,38
07/18/2022,LOU,KY,ASO,CE,Towers with Radar,0,0,33,0,33,0,1,67,0,68,0,1,100,0,101,122,0,122,223
07/19/2022,LOU,KY,ASO,CE,Towers with Radar,0,0,46,0,46,0,3,209,0,212,0,3,255,0,258,288,0,288,546
07/20/2022,LOU,KY,ASO,CE,Towers with Radar,0,2,27,0,29,0,1,124,7,132,0,3,151,7,161,174,0,174,335
07/21/2022,LOU,KY,ASO,CE,Towers with Radar,0,0,42,0,42,0,1,169,1,171,0,1,211,1,213,196,0,196,409
07/22/2022,LOU,KY,ASO,CE,Towers with Radar,0,2,34,0,36,0,4,180,0,184,0,6,214,0,220,166,0,166,386
07/23/2022,LOU,KY,ASO,CE,Towers with Radar,0,0,24,0,24,0,11,172,1,184,0,11,196,1,208,112,0,112,320
07/24/2022,LOU,KY,ASO,CE,Towers with Radar,0,2,19,0,21,0,4,123,0,127,0,6,142,0,148,90,0,90,238
07/25/2022,LOU,KY,ASO,CE,Towers with Radar,0,3,28,0,31,0,3,74,0,77,0,6,102,0,108,240,4,244,352
07/26/2022,LOU,KY,ASO,CE,Towers with Radar,0,1,14,0,15,0,0,13,0,13,0,1,27,0,28,40,0,40,68
07/27/2022,LOU,KY,ASO,CE,Towers with Radar,0,0,31,0,31,0,0,80,4,84,0,0,111,4,115,142,0,142,257
07/28/2022,LOU,KY,ASO,CE,Towers with Radar,0,3,24,0,27,0,2,97,0,99,0,5,121,0,126,192,0,192,318
07/29/2022,LOU,KY,ASO,CE,Towers with Radar,0,0,30,1,31,0,3,113,3,119,0,3,143,4,150,192,0,192,342
07/30/2022,LOU,KY,ASO,CE,Towers with Radar,0,0,25,0,25,0,10,220,0,230,0,10,245,0,255,208,0,208,463
07/31/2022,LOU,KY,ASO,CE,Towers with Radar,0,3,22,0,25,0,5,23,0,28,0,8,45,0,53,46,0,46,99
08/01/2022,LOU,KY,ASO,CE,Towers with Radar,0,1,17,0,18,0,3,45,0,48,0,4,62,0,66,92,0,92,158
08/02/2022,LOU,KY,ASO,CE,Towers with Radar,0,1,32,0,33,0,2,215,0,217,0,3,247,0,250,220,0,220,470
08/03/2022,LOU,KY,ASO,CE,Towers with Radar,0,4,31,1,36,0,11,215,0,226,0,15,246,1,262,126,0,126,388
08/04/2022,LOU,KY,ASO,CE,Towers with Radar,0,2,18,0,20,0,8,86,3,97,0,10,104,3,117,158,0,158,275
08/05/2022,LOU,KY,ASO,CE,Towers with Radar,0,0,10,0,10,0,2,17,0,19,0,2,27,0,29,24,0,24,53
08/06/2022,LOU,KY,ASO,CE,Towers with Radar,0,0,17,6,23,0,3,107,0,110,0,3,124,6,133,188,0,188,321
08/07/2022,LOU,KY,ASO,CE,Towers with Radar,0,0,20,0,20,0,14,130,1,145,0,14,150,1,165,134,0,134,299
08/08/2022,LOU,KY,ASO,CE,Towers with Radar,0,1,13,0,14,0,5,163,2,170,0,6,176,2,184,230,0,230,414
08/09/2022,LOU,KY,ASO,CE,Towers with Radar,0,3,29,2,34,0,4,115,6,125,0,7,144,8,159,136,6,142,301
08/10/2022,LOU,KY,ASO,CE,Towers with Radar,0,0,35,0,35,0,1,47,2,50,0,1,82,2,85,34,0,34,119
08/11/2022,LOU,KY,ASO,CE,Towers with Radar,0,3,22,1,26,0,7,206,5,218,0,10,228,6,244,118,2,120,364
08/12/2022,LOU,KY,ASO,CE,Towers with Radar,0,1,36,0,37,0,8,203,0,211,0,9,239,0,248,226,0,226,474
08/13/2022,LOU,KY,ASO,CE,Towers with Radar,0,0,23,0,23,0,20,208,6,234,0,20,231,6,257,148,0,148,405
08/14/2022,LOU,KY,ASO,CE,Towers with Radar,0,0,21,0,21,0,3,130,0,133,0,3,151,0,154,178,0,178,332
08/15/2022,LOU,KY,ASO,CE,Towers with Radar,0,1,28,0,29,0,3,101,0,104,0,4,129,0,133,136,0,136,269
08/16/2022,LOU,KY,ASO,CE,Towers with Radar,0,1,22,0,23,0,3,196,0,199,0,4,218,0,222,160,0,160,382
08/17/2022,LOU,KY,ASO,CE,Towers with Radar,0,0,18,0,18,0,1,183,0,184,0,1,201,0,202,240,0,240,442
08/18/2022,LOU,KY,ASO,CE,Towers with Radar,0,1,31,0,32,0,5,190,2,197,0,6,221,2,229,206,0,206,435
08/19/2022,LOU,KY,ASO,CE,Towers with Radar,0,1,23,0,24,0,7,165,1,173,0,8,188,1,197,168,0,168,365
08/20/2022,LOU,KY,ASO,CE,Towers with Radar,0,0,24,0,24,0,12,151,0,163,0,12,175,0,187,154,0,154,341
08/21/2022,LOU,KY,ASO,CE,Towers with Radar,0,0,10,1,11,0,6,7,0,13,0,6,17,1,24,26,0,26,50
08/22/2022,LOU,KY,ASO,CE,Towers with Radar,0,1,29,3,33,0,2,72,1,75,0,3,101,4,108,162,0,162,270
08/23/2022,LOU,KY,ASO,CE,Towers with Radar,0,0,34,2,36,0,8,172,3,183,0,8,206,5,219,256,0,256,475
08/24/2022,LOU,KY,ASO,CE,Towers with Radar,0,2,22,0,24,0,0,196,0,196,0,2,218,0,220,214,0,214,434
08/25/2022,LOU,KY,ASO,CE,Towers with Radar,0,3,29,0,32,0,2,209,2,213,0,5,238,2,245,168,0,168,413
08/26/2022,LOU,KY,ASO,CE,Towers with Radar,0,1,28,1,30,0,3,157,1,161,0,4,185,2,191,214,0,214,405
08/27/2022,LOU,KY,ASO,CE,Towers with Radar,0,0,20,0,20,0,10,193,3,206,0,10,213,3,226,172,0,172,398
08/28/2022,LOU,KY,ASO,CE,Towers with Radar,0,0,30,0,30,0,5,144,0,149,0,5,174,0,179,110,0,110,289
08/29/2022,LOU,KY,ASO,CE,Towers with Radar,0,0,13,0,13,0,2,54,0,56,0,2,67,0,69,54,0,54,123
08/30/2022,LOU,KY,ASO,CE,Towers with Radar,0,2,25,0,27,0,3,118,3,124,0,5,143,3,151,150,0,150,301
08/31/2022,LOU,KY,ASO,CE,Towers with Radar,0,0,26,0,26,0,2,165,2,169,0,2,191,2,195,226,0,226,421
09/01/2022,LOU,KY,ASO,CE,Towers with Radar,0,2,20,0,22,0,10,159,0,169,0,12,179,0,191,220,1,221,412
09/02/2022,LOU,KY,ASO,CE,Towers with Radar,0,0,24,0,24,0,3,153,0,156,0,3,177,0,180,232,0,232,412
09/03/2022,LOU,KY,ASO,CE,Towers with Radar,0,0,5,0,5,0,10,55,0,65,0,10,60,0,70,148,0,148,218
09/04/2022,LOU,KY,ASO,CE,Towers with Radar,0,2,20,0,22,0,4,14,0,18,0,6,34,0,40,32,0,32,72
09/05/2022,LOU,KY,ASO,CE,Towers with Radar,0,0,22,0,22,0,3,17,0,20,0,3,39,0,42,64,0,64,106
09/06/2022,LOU,KY,ASO,CE,Towers with Radar,0,2,27,0,29,0,1,21,0,22,0,3,48,0,51,48,0,48,99
09/07/2022,LOU,KY,ASO,CE,Towers with Radar,0,0,26,0,26,0,2,177,2,181,0,2,203,2,207,154,0,154,361
09/08/2022,LOU,KY,ASO,CE,Towers with Radar,0,2,21,0,23,0,1,220,4,225,0,3,241,4,248,192,0,192,440
09/09/2022,LOU,KY,ASO,CE,Towers with Radar,0,0,30,0,30,0,4,178,0,182,0,4,208,0,212,212,0,212,424
09/10/2022,LOU,KY,ASO,CE,Towers with Radar,0,1,18,0,19,0,12,153,1,166,0,13,171,1,185,152,0,152,337
09/11/2022,LOU,KY,ASO,CE,Towers with Radar,0,0,24,1,25,0,2,4,0,6,0,2,28,1,31,14,0,14,45
09/12/2022,LOU,KY,ASO,CE,Towers with Radar,0,2,36,1,39,0,6,115,2,123,0,8,151,3,162,124,0,124,286
09/13/2022,LOU,KY,ASO,CE,Towers with Radar,0,3,22,0,25,0,7,204,0,211,0,10,226,0,236,280,0,280,516
09/14/2022,LOU,KY,ASO,CE,Towers with Radar,0,1,27,1,29,0,6,188,2,196,0,7,215,3,225,186,0,186,411
09/15/2022,LOU,KY,ASO,CE,Towers with Radar,0,4,27,0,31,0,7,200,2,209,0,11,227,2,240,218,0,218,458
09/16/2022,LOU,KY,ASO,CE,Towers with Radar,0,1,33,2,36,0,4,166,1,171,0,5,199,3,207,136,0,136,343
09/17/2022,LOU,KY,ASO,CE,Towers with Radar,0,2,26,0,28,0,9,282,0,291,0,11,308,0,319,120,0,120,439
09/18/2022,LOU,KY,ASO,CE,Towers with Radar,0,0,23,0,23,0,3,175,1,179,0,3,198,1,202,134,0,134,336
09/19/2022,LOU,KY,ASO,CE,Towers with Radar,0,3,30,1,34,0,5,118,6,129,0,8,148,7,163,152,4,156,319
09/20/2022,LOU,KY,ASO,CE,Towers with Radar,0,1,24,0,25,0,8,172,2,182,0,9,196,2,207,212,0,212,419
09/21/2022,LOU,KY,ASO,CE,Towers with Radar,0,6,36,0,42,0,11,83,0,94,0,17,119,0,136,122,0,122,258
09/22/2022,LOU,KY,ASO,CE,Towers with Radar,0,2,32,0,34,0,5,75,0,80,0,7,107,0,114,50,0,50,164
09/23/2022,LOU,KY,ASO,CE,Towers with Radar,0,1,28,0,29,0,6,167,1,174,0,7,195,1,203,194,0,194,397
09/24/2022,LOU,KY,ASO,CE,Towers with Radar,0,0,12,0,12,0,20,136,0,156,0,20,148,0,168,124,0,124,292
09/25/2022,LOU,KY,ASO,CE,Towers with Radar,0,1,19,0,20,0,6,58,0,64,0,7,77,0,84,32,0,32,116
09/26/2022,LOU,KY,ASO,CE,Towers with Radar,0,1,25,0,26,0,8,81,0,89,0,9,106,0,115,42,0,42,157
09/27/2022,LOU,KY,ASO,CE,Towers with Radar,0,1,23,0,24,0,6,131,5,142,0,7,154,5,166,66,0,66,232
09/28/2022,LOU,KY,ASO,CE,Towers with Radar,0,2,24,0,26,0,6,154,1,161,0,8,178,1,187,256,0,256,443
09/29/2022,LOU,KY,ASO,CE,Towers with Radar,0,1,27,0,28,0,10,157,1,168,0,11,184,1,196,164,0,164,360
09/30/2022,LOU,KY,ASO,CE,Towers with Radar,0,4,26,0,30,0,8,175,3,186,0,12,201,3,216,153,0,153,369
10/01/2022,LOU,KY,ASO,CE,Towers with Radar,0,3,8,0,11,0,0,239,2,241,0,3,247,2,252,10,0,10,262
10/02/2022,LOU,KY,ASO,CE,Towers with Radar,0,2,10,0,12,0,3,266,2,271,0,5,276,2,283,34,0,34,317
10/03/2022,LOU,KY,ASO,CE,Towers with Radar,0,1,17,0,18,0,6,165,0,171,0,7,182,0,189,190,0,190,379
10/04/2022,LOU,KY,ASO,CE,Towers with Radar,0,2,28,2,32,0,7,183,0,190,0,9,211,2,222,264,0,264,486
10/05/2022,LOU,KY,ASO,CE,Towers with Radar,0,2,39,0,41,0,5,199,2,206,0,7,238,2,247,250,0,250,497
10/06/2022,LOU,KY,ASO,CE,Towers with Radar,0,1,19,0,20,0,2,182,2,186,0,3,201,2,206,248,0,248,454
10/07/2022,LOU,KY,ASO,CE,Towers with Radar,0,1,32,0,33,0,13,98,0,111,0,14,130,0,144,134,0,134,278
10/08/2022,LOU,KY,ASO,CE,Towers with Radar,0,0,22,0,22,0,7,196,0,203,0,7,218,0,225,168,0,168,393
10/09/2022,LOU,KY,ASO,CE,Towers with Radar,0,0,21,0,21,0,5,169,2,176,0,5,190,2,197,124,0,124,321
10/10/2022,LOU,KY,ASO,CE,Towers with Radar,0,0,25,0,25,0,6,194,1,201,0,6,219,1,226,246,0,246,472
10/11/2022,LOU,KY,ASO,CE,Towers with Radar,0,2,29,1,32,0,9,169,1,179,0,11,198,2,211,180,0,180,391
10/12/2022,LOU,KY,ASO,CE,Towers with Radar,0,1,17,0,18,0,0,35,0,35,0,1,52,0,53,66,0,66,119
10/13/2022,LOU,KY,ASO,CE,Towers with Radar,0,3,25,0,28,0,11,71,0,82,0,14,96,0,110,54,0,54,164
10/14/2022,LOU,KY,ASO,CE,Towers with Radar,0,0,24,0,24,0,3,85,0,88,0,3,109,0,112,50,0,50,162
10/15/2022,LOU,KY,ASO,CE,Towers with Radar,0,2,22,0,24,0,12,200,2,214,0,14,222,2,238,110,0,110,348
10/16/2022,LOU,KY,ASO,CE,Towers with Radar,0,6,27,0,33,0,2,166,0,168,0,8,193,0,201,158,0,158,359
10/17/2022,LOU,KY,ASO,CE,Towers with Radar,0,3,24,0,27,0,4,79,2,85,0,7,103,2,112,110,0,110,222
10/18/2022,LOU,KY,ASO,CE,Towers with Radar,0,1,24,0,25,0,4,29,0,33,0,5,53,0,58,48,0,48,106
10/19/2022,LOU,KY,ASO,CE,Towers with Radar,0,2,32,0,34,0,9,142,0,151,0,11,174,0,185,184,0,184,369
10/20/2022,LOU,KY,ASO,CE,Towers with Radar,0,1,22,2,25,0,1,134,2,137,0,2,156,4,162,158,0,158,320
10/21/2022,LOU,KY,ASO,CE,Towers with Radar,0,1,26,0,27,0,4,131,0,135,0,5,157,0,162,120,0,120,282
10/22/2022,LOU,KY,ASO,CE,Towers with Radar,0,0,18,0,18,0,7,182,3,192,0,7,200,3,210,102,0,102,312
10/23/2022,LOU,KY,ASO,CE,Towers with Radar,0,0,30,0,30,0,7,150,2,159,0,7,180,2,189,96,0,96,285
10/24/2022,LOU,KY,ASO,CE,Towers with Radar,0,1,13,0,14,0,9,164,0,173,0,10,177,0,187,256,0,256,443
10/25/2022,LOU,KY,ASO,CE,Towers with Radar,0,2,23,0,25,0,6,55,0,61,0,8,78,0,86,54,0,54,140
10/26/2022,LOU,KY,ASO,CE,Towers with Radar,0,1,19,0,20,0,6,20,1,27,0,7,39,1,47,46,0,46,93
10/27/2022,LOU,KY,ASO,CE,Towers with Radar,0,1,10,0,11,0,2,166,0,168,0,3,176,0,179,158,0,158,337
10/28/2022,LOU,KY,ASO,CE,Towers with Radar,0,2,22,0,24,0,6,228,0,234,0,8,250,0,258,310,0,310,568
10/29/2022,LOU,KY,ASO,CE,Towers with Radar,0,1,16,0,17,0,6,220,1,227,0,7,236,1,244,222,0,222,466
10/30/2022,LOU,KY,ASO,CE,Towers with Radar,0,4,17,0,21,0,2,3,0,5,0,6,20,0,26,0,0,0,26
10/31/2022,LOU,KY,ASO,CE,Towers with Radar,0,1,9,0,10,0,0,22,0,22,0,1,31,0,32,62,0,62,94
11/01/2022,LOU,KY,ASO,CE,Towers with Radar,0,1,18,0,19,0,3,109,0,112,0,4,127,0,131,248,0,248,379
11/02/2022,LOU,KY,ASO,CE,Towers with Radar,0,0,10,0,10,0,6,145,0,151,0,6,155,0,161,240,0,240,401
11/03/2022,LOU,KY,ASO,CE,Towers with Radar,0,2,30,0,32,0,6,153,0,159,0,8,183,0,191,226,0,226,417
11/04/2022,LOU,KY,ASO,CE,Towers with Radar,0,0,16,0,16,0,5,102,5,112,0,5,118,5,128,146,0,146,274
11/05/2022,LOU,KY,ASO,CE,Towers with Radar,0,0,3,0,3,0,1,1,0,2,0,1,4,0,5,0,0,0,5
11/06/2022,LOU,KY,ASO,CE,Towers with Radar,0,0,14,0,14,0,4,121,0,125,0,4,135,0,139,128,0,128,267
11/07/2022,LOU,KY,ASO,CE,Towers with Radar,0,1,23,0,24,0,4,100,0,104,0,5,123,0,128,134,0,134,262
11/08/2022,LOU,KY,ASO,CE,Towers with Radar,0,1,19,0,20,0,11,123,0,134,0,12,142,0,154,130,0,130,284
11/09/2022,LOU,KY,ASO,CE,Towers with Radar,0,0,27,0,27,0,2,136,2,140,0,2,163,2,167,250,0,250,417
11/10/2022,LOU,KY,ASO,CE,Towers with Radar,0,1,21,0,22,0,11,165,0,176,0,12,186,0,198,300,0,300,498
11/11/2022,LOU,KY,ASO,CE,Towers with Radar,0,0,17,0,17,0,2,37,0,39,0,2,54,0,56,42,0,42,98
11/12/2022,LOU,KY,ASO,CE,Towers with Radar,0,0,3,0,3,0,0,7,0,7,0,0,10,0,10,0,0,0,10
11/13/2022,LOU,KY,ASO,CE,Towers with Radar,0,0,15,0,15,0,3,98,0,101,0,3,113,0,116,220,0,220,336
11/14/2022,LOU,KY,ASO,CE,Towers with Radar,0,3,24,0,27,0,2,150,0,152,0,5,174,0,179,178,0,178,357
11/15/2022,LOU,KY,ASO,CE,Towers with Radar,0,1,11,0,12,0,0,1,0,1,0,1,12,0,13,0,0,0,13
11/16/2022,LOU,KY,ASO,CE,Towers with Radar,0,2,16,0,18,0,3,16,0,19,0,5,32,0,37,0,0,0,37
11/17/2022,LOU,KY,ASO,CE,Towers with Radar,0,0,15,0,15,0,0,99,0,99,0,0,114,0,114,240,0,240,354
11/18/2022,LOU,KY,ASO,CE,Towers with Radar,0,0,22,0,22,0,9,41,0,50,0,9,63,0,72,30,0,30,102
11/19/2022,LOU,KY,ASO,CE,Towers with Radar,0,0,18,0,18,0,1,83,2,86,0,1,101,2,104,26,0,26,130
11/20/2022,LOU,KY,ASO,CE,Towers with Radar,0,1,21,0,22,0,2,167,0,169,0,3,188,0,191,153,0,153,344
11/21/2022,LOU,KY,ASO,CE,Towers with Radar,0,0,16,0,16,0,6,171,0,177,0,6,187,0,193,166,0,166,359
11/22/2022,LOU,KY,ASO,CE,Towers with Radar,0,0,17,0,17,0,7,172,0,179,0,7,189,0,196,123,0,123,319
11/23/2022,LOU,KY,ASO,CE,Towers with Radar,0,1,17,0,18,0,3,173,0,176,0,4,190,0,194,264,0,264,458
11/24/2022,LOU,KY,ASO,CE,Towers with Radar,0,2,5,0,7,0,1,25,0,26,0,3,30,0,33,50,0,50,83
11/25/2022,LOU,KY,ASO,CE,Towers with Radar,0,0,9,0,9,0,0,66,0,66,0,0,75,0,75,130,0,130,205
11/26/2022,LOU,KY,ASO,CE,Towers with Radar,0,0,13,0,13,0,8,146,0,154,0,8,159,0,167,154,0,154,321
11/27/2022,LOU,KY,ASO,CE,Towers with Radar,0,0,9,0,9,0,0,0,0,0,0,0,9,0,9,0,0,0,9
11/28/2022,LOU,KY,ASO,CE,Towers with Radar,0,1,22,0,23,0,0,34,1,35,0,1,56,1,58,100,0,100,158
11/29/2022,LOU,KY,ASO,CE,Towers with Radar,0,1,16,2,19,0,5,61,0,66,0,6,77,2,85,44,0,44,129
11/30/2022,LOU,KY,ASO,CE,Towers with Radar,0,0,11,0,11,0,7,31,0,38,0,7,42,0,49,62,0,62,111
12/01/2022,LOU,KY,ASO,CE,Towers with Radar,0,0,27,0,27,0,6,196,0,202,0,6,223,0,229,210,0,210,439
12/02/2022,LOU,KY,ASO,CE,Towers with Radar,0,1,9,1,11,0,4,32,1,37,0,5,41,2,48,44,0,44,92
12/03/2022,LOU,KY,ASO,CE,Towers with Radar,0,3,14,0,17,0,8,56,0,64,0,11,70,0,81,52,0,52,133
12/04/2022,LOU,KY,ASO,CE,Towers with Radar,0,2,23,0,25,0,2,175,2,179,0,4,198,2,204,212,0,212,416
12/05/2022,LOU,KY,ASO,CE,Towers with Radar,0,1,14,0,15,0,1,54,0,55,0,2,68,0,70,200,0,200,270
12/06/2022,LOU,KY,ASO,CE,Towers with Radar,0,3,13,0,16,0,0,0,0,0,0,3,13,0,16,0,0,0,16
12/07/2022,LOU,KY,ASO,CE,Towers with Radar,0,0,9,0,9,0,0,0,0,0,0,0,9,0,9,0,0,0,9
12/08/2022,LOU,KY,ASO,CE,Towers with Radar,0,0,3,0,3,0,0,0,0,0,0,0,3,0,3,0,0,0,3
12/09/2022,LOU,KY,ASO,CE,Towers with Radar,0,0,17,0,17,0,0,0,0,0,0,0,17,0,17,0,0,0,17
12/10/2022,LOU,KY,ASO,CE,Towers with Radar,0,0,8,0,8,0,0,0,0,0,0,0,8,0,8,0,0,0,8
12/11/2022,LOU,KY,ASO,CE,Towers with Radar,0,0,23,0,23,0,3,95,2,100,0,3,118,2,123,308,0,308,431
12/12/2022,LOU,KY,ASO,CE,Towers with Radar,0,1,16,0,17,0,3,151,0,154,0,4,167,0,171,312,0,312,483
12/13/2022,LOU,KY,ASO,CE,Towers with Radar,0,1,23,0,24,0,7,139,1,147,0,8,162,1,171,220,0,220,391
12/14/2022,LOU,KY,ASO,CE,Towers with Radar,0,0,10,0,10,0,0,1,0,1,0,0,11,0,11,0,0,0,11
12/15/2022,LOU,KY,ASO,CE,Towers with Radar,0,3,22,0,25,0,1,114,1,116,0,4,136,1,141,244,0,244,385
12/16/2022,LOU,KY,ASO,CE,Towers with Radar,0,3,18,0,21,0,2,64,1,67,0,5,82,1,88,52,0,52,140
12/17/2022,LOU,KY,ASO,CE,Towers with Radar,0,0,9,0,9,0,4,101,2,107,0,4,110,2,116,194,0,194,310
12/18/2022,LOU,KY,ASO,CE,Towers with Radar,0,1,17,0,18,0,1,134,2,137,0,2,151,2,155,220,0,220,375
12/19/2022,LOU,KY,ASO,CE,Towers with Radar,0,1,24,0,25,0,3,193,0,196,0,4,217,0,221,168,0,168,389
12/20/2022,LOU,KY,ASO,CE,Towers with Radar,0,4,19,0,23,0,2,213,0,215,0,6,232,0,238,304,0,304,542
12/21/2022,LOU,KY,ASO,CE,Towers with Radar,0,0,12,0,12,0,5,178,0,183,0,5,190,0,195,270,0,270,465
12/22/2022,LOU,KY,ASO,CE,Towers with Radar,0,3,1,0,4,0,0,1,0,1,0,3,2,0,5,0,0,0,5
12/23/2022,LOU,KY,ASO,CE,Towers with Radar,0,1,1,0,2,0,0,0,0,0,0,1,1,0,2,0,0,0,2
12/24/2022,LOU,KY,ASO,CE,Towers with Radar,0,0,2,0,2,0,4,3,0,7,0,4,5,0,9,0,0,0,9
12/25/2022,LOU,KY,ASO,CE,Towers with Radar,0,0,1,0,1,0,3,0,0,3,0,3,1,0,4,0,0,0,4
12/26/2022,LOU,KY,ASO,CE,Towers with Radar,0,0,9,0,9,0,0,1,0,1,0,0,10,0,10,0,0,0,10
12/27/2022,LOU,KY,ASO,CE,Towers with Radar,0,1,16,0,17,0,0,0,0,0,0,1,16,0,17,0,0,0,17
12/28/2022,LOU,KY,ASO,CE,Towers with Radar,0,0,18,0,18,0,1,100,0,101,0,1,118,0,119,56,0,56,175
12/29/2022,LOU,KY,ASO,CE,Towers with Radar,0,1,13,0,14,0,3,35,0,38,0,4,48,0,52,64,0,64,116
12/30/2022,LOU,KY,ASO,CE,Towers with Radar,0,0,12,0,12,0,2,89,0,91,0,2,101,0,103,92,0,92,195
12/31/2022,LOU,KY,ASO,CE,Towers with Radar,0,0,11,0,11,0,0,8,0,8,0,0,19,0,19,60,0,60,79
01/01/2023,LOU,KY,ASO,CE,Towers with Radar,0,2,9,0,11,0,0,2,0,2,0,2,11,0,13,0,0,0,13
01/02/2023,LOU,KY,ASO,CE,Towers with Radar,0,1,10,0,11,0,0,28,0,28,0,1,38,0,39,150,0,150,189
01/03/2023,LOU,KY,ASO,CE,Towers with Radar,0,0,5,1,6,0,4,19,1,24,0,4,24,2,30,64,0,64,94
01/04/2023,LOU,KY,ASO,CE,Towers with Radar,0,1,25,0,26,0,1,121,0,122,0,2,146,0,148,228,0,228,376
01/05/2023,LOU,KY,ASO,CE,Towers with Radar,0,2,20,0,22,0,0,118,0,118,0,2,138,0,140,118,0,118,258
01/06/2023,LOU,KY,ASO,CE,Towers with Radar,0,0,15,0,15,0,1,176,1,178,0,1,191,1,193,128,0,128,321
01/07/2023,LOU,KY,ASO,CE,Towers with Radar,0,0,10,0,10,0,2,150,0,152,0,2,160,0,162,246,0,246,408
01/08/2023,LOU,KY,ASO,CE,Towers with Radar,0,0,4,0,4,0,1,32,0,33,0,1,36,0,37,198,0,198,235
01/09/2023,LOU,KY,ASO,CE,Towers with Radar,0,0,16,0,16,0,3,149,0,152,0,3,165,0,168,234,0,234,402
01/10/2023,LOU,KY,ASO,CE,Towers with Radar,0,2,20,0,22,0,1,136,1,138,0,3,156,1,160,180,0,180,340
01/11/2023,LOU,KY,ASO,CE,Towers with Radar,0,0,16,0,16,0,2,25,0,27,0,2,41,0,43,66,0,66,109
01/12/2023,LOU,KY,ASO,CE,Towers with Radar,0,1,5,0,6,0,1,6,0,7,0,2,11,0,13,2,0,2,15
01/13/2023,LOU,KY,ASO,CE,Towers with Radar,0,2,5,0,7,0,0,3,0,3,0,2,8,0,10,16,0,16,26
01/14/2023,LOU,KY,ASO,CE,Towers with Radar,0,0,7,0,7,0,5,168,0,173,0,5,175,0,180,372,0,372,552
01/15/2023,LOU,KY,ASO,CE,Towers with Radar,0,2,18,0,20,0,3,195,0,198,0,5,213,0,218,130,0,130,348
01/16/2023,LOU,KY,ASO,CE,Towers with Radar,0,0,14,0,14,0,0,51,0,51,0,0,65,0,65,80,0,80,145
01/17/2023,LOU,KY,ASO,CE,Towers with Radar,0,3,28,0,31,0,3,94,0,97,0,6,122,0,128,62,0,62,190
01/18/2023,LOU,KY,ASO,CE,Towers with Radar,0,3,18,0,21,0,3,84,2,89,0,6,102,2,110,166,0,166,276
01/19/2023,LOU,KY,ASO,CE,Towers with Radar,0,2,17,0,19,0,0,43,0,43,0,2,60,0,62,50,0,50,112
01/20/2023,LOU,KY,ASO,CE,Towers with Radar,0,0,10,0,10,0,4,82,0,86,0,4,92,0,96,118,0,118,214
01/21/2023,LOU,KY,ASO,CE,Towers with Radar,0,0,21,0,21,0,2,141,2,145,0,2,162,2,166,338,0,338,504
01/22/2023,LOU,KY,ASO,CE,Towers with Radar,0,0,5,0,5,0,0,0,0,0,0,0,5,0,5,0,0,0,5
01/23/2023,LOU,KY,ASO,CE,Towers with Radar,0,1,12,0,13,0,0,39,0,39,0,1,51,0,52,116,0,116,168
01/24/2023,LOU,KY,ASO,CE,Towers with Radar,0,1,22,0,23,0,6,158,1,165,0,7,180,1,188,182,0,182,370
01/25/2023,LOU,KY,ASO,CE,Towers with Radar,0,0,2,0,2,0,0,1,0,1,0,0,3,0,3,0,0,0,3
01/26/2023,LOU,KY,ASO,CE,Towers with Radar,0,3,12,0,15,0,0,20,2,22,0,3,32,2,37,6,0,6,43
01/27/2023,LOU,KY,ASO,CE,Towers with Radar,0,0,23,0,23,0,4,66,0,70,0,4,89,0,93,88,0,88,181
01/28/2023,LOU,KY,ASO,CE,Towers with Radar,0,1,30,0,31,0,5,132,0,137,0,6,162,0,168,168,0,168,336
01/29/2023,LOU,KY,ASO,CE,Towers with Radar,0,3,14,0,17,0,0,0,0,0,0,3,14,0,17,0,0,0,17
01/30/2023,LOU,KY,ASO,CE,Towers with Radar,0,1,6,0,7,0,0,0,0,0,0,1,6,0,7,0,0,0,7
01/31/2023,LOU,KY,ASO,CE,Towers with Radar,0,1,6,0,7,0,1,1,0,2,0,2,7,0,9,0,0,0,9
02/01/2023,LOU,KY,ASO,CE,Towers with Radar,0,3,20,0,23,0,4,154,0,158,0,7,174,0,181,206,0,206,387
02/02/2023,LOU,KY,ASO,CE,Towers with Radar,0,0,15,0,15,0,4,154,0,158,0,4,169,0,173,302,0,302,475
02/03/2023,LOU,KY,ASO,CE,Towers with Radar,0,0,12,0,12,0,0,157,0,157,0,0,169,0,169,228,0,228,397
02/04/2023,LOU,KY,ASO,CE,Towers with Radar,0,0,11,0,11,0,3,105,0,108,0,3,116,0,119,174,0,174,293
02/05/2023,LOU,KY,ASO,CE,Towers with Radar,0,1,4,0,5,0,0,27,0,27,0,1,31,0,32,16,0,16,48
02/06/2023,LOU,KY,ASO,CE,Towers with Radar,0,2,20,0,22,0,1,183,3,187,0,3,203,3,209,251,2,253,462
02/07/2023,LOU,KY,ASO,CE,Towers with Radar,0,0,18,0,18,0,8,35,0,43,0,8,53,0,61,106,0,106,167
02/08/2023,LOU,KY,ASO,CE,Towers with Radar,0,0,19,0,19,0,0,103,0,103,0,0,122,0,122,350,0,350,472
02/09/2023,LOU,KY,ASO,CE,Towers with Radar,0,1,8,0,9,0,0,0,0,0,0,1,8,0,9,0,0,0,9
02/10/2023,LOU,KY,ASO,CE,Towers with Radar,0,1,23,0,24,0,1,91,0,92,0,2,114,0,116,456,0,456,572
02/11/2023,LOU,KY,ASO,CE,Towers with Radar,0,0,23,0,23,0,3,235,2,240,0,3,258,2,263,248,0,248,511
02/12/2023,LOU,KY,ASO,CE,Towers with Radar,0,0,15,0,15,0,2,172,0,174,0,2,187,0,189,116,0,116,305
02/13/2023,LOU,KY,ASO,CE,Towers with Radar,0,1,13,0,14,0,2,168,2,172,0,3,181,2,186,280,0,280,466
02/14/2023,LOU,KY,ASO,CE,Towers with Radar,0,1,17,0,18,0,7,82,0,89,0,8,99,0,107,150,0,150,257
02/15/2023,LOU,KY,ASO,CE,Towers with Radar,0,1,24,0,25,0,8,74,0,82,0,9,98,0,107,86,0,86,193
02/16/2023,LOU,KY,ASO,CE,Towers with Radar,0,2,11,0,13,0,0,0,0,0,0,2,11,0,13,0,0,0,13
02/17/2023,LOU,KY,ASO,CE,Towers with Radar,0,1,14,0,15,0,0,47,0,47,0,1,61,0,62,64,0,64,126
02/18/2023,LOU,KY,ASO,CE,Towers with Radar,0,0,32,0,32,0,2,210,0,212,0,2,242,0,244,254,0,254,498
02/19/2023,LOU,KY,ASO,CE,Towers with Radar,0,1,12,0,13,0,5,34,0,39,0,6,46,0,52,8,0,8,60
02/20/2023,LOU,KY,ASO,CE,Towers with Radar,0,1,13,0,14,0,0,153,0,153,0,1,166,0,167,204,0,204,371
02/21/2023,LOU,KY,ASO,CE,Towers with Radar,0,6,28,0,34,0,7,148,0,155,0,13,176,0,189,186,0,186,375
02/22/2023,LOU,KY,ASO,CE,Towers with Radar,0,2,5,0,7,0,0,1,0,1,0,2,6,0,8,0,0,0,8
02/23/2023,LOU,KY,ASO,CE,Towers with Radar,0,4,26,0,30,0,8,44,0,52,0,12,70,0,82,31,0,31,113
02/24/2023,LOU,KY,ASO,CE,Towers with Radar,0,1,22,0,23,0,4,209,1,214,0,5,231,1,237,253,2,255,492
02/25/2023,LOU,KY,ASO,CE,Towers with Radar,0,1,20,0,21,0,6,171,0,177,0,7,191,0,198,269,0,269,467
02/26/2023,LOU,KY,ASO,CE,Towers with Radar,0,1,18,0,19,0,2,196,0,198,0,3,214,0,217,246,0,246,463
02/27/2023,LOU,KY,ASO,CE,Towers with Radar,0,1,11,0,12,0,1,0,0,1,0,2,11,0,13,0,0,0,13
02/28/2023,LOU,KY,ASO,CE,Towers with Radar,0,2,22,2,26,0,4,217,0,221,0,6,239,2,247,266,0,266,513
03/01/2023,LOU,KY,ASO,CE,Towers with Radar,0,0,17,2,19,0,4,124,0,128,0,4,141,2,147,136,4,140,287
03/02/2023,LOU,KY,ASO,CE,Towers with Radar,0,1,28,0,29,0,7,171,0,178,0,8,199,0,207,182,0,182,389
03/03/2023,LOU,KY,ASO,CE,Towers with Radar,0,0,3,0,3,0,0,0,0,0,0,0,3,0,3,0,0,0,3
03/04/2023,LOU,KY,ASO,CE,Towers with Radar,0,0,27,0,27,0,4,191,0,195,0,4,218,0,222,160,0,160,382
03/05/2023,LOU,KY,ASO,CE,Towers with Radar,0,1,30,0,31,0,4,222,0,226,0,5,252,0,257,216,0,216,473
03/06/2023,LOU,KY,ASO,CE,Towers with Radar,0,1,17,0,18,0,3,79,0,82,0,4,96,0,100,91,0,91,191
03/07/2023,LOU,KY,ASO,CE,Towers with Radar,0,2,19,0,21,0,4,103,0,107,0,6,122,0,128,246,0,246,374
03/08/2023,LOU,KY,ASO,CE,Towers with Radar,0,1,24,0,25,0,3,125,0,128,0,4,149,0,153,232,0,232,385
03/09/2023,LOU,KY,ASO,CE,Towers with Radar,0,1,15,0,16,0,2,144,0,146,0,3,159,0,162,312,0,312,474
03/10/2023,LOU,KY,ASO,CE,Towers with Radar,0,1,14,0,15,0,7,15,0,22,0,8,29,0,37,0,0,0,37
03/11/2023,LOU,KY,ASO,CE,Towers with Radar,0,0,21,0,21,0,5,194,0,199,0,5,215,0,220,220,0,220,440
03/12/2023,LOU,KY,ASO,CE,Towers with Radar,0,1,6,0,7,0,3,6,0,9,0,4,12,0,16,0,0,0,16
03/13/2023,LOU,KY,ASO,CE,Towers with Radar,0,1,9,0,10,0,2,21,0,23,0,3,30,0,33,44,0,44,77
03/14/2023,LOU,KY,ASO,CE,Towers with Radar,0,0,11,0,11,0,10,117,0,127,0,10,128,0,138,136,0,136,274
03/15/2023,LOU,KY,ASO,CE,Towers with Radar,0,0,22,0,22,0,8,161,0,169,0,8,183,0,191,324,0,324,515
03/16/2023,LOU,KY,ASO,CE,Towers with Radar,0,2,14,0,16,0,6,78,0,84,0,8,92,0,100,94,0,94,194
03/17/2023,LOU,KY,ASO,CE,Towers with Radar,0,0,8,0,8,0,3,9,0,12,0,3,17,0,20,0,0,0,20
03/18/2023,LOU,KY,ASO,CE,Towers with Radar,0,0,15,0,15,0,5,68,0,73,0,5,83,0,88,62,0,62,150
03/19/2023,LOU,KY,ASO,CE,Towers with Radar,0,4,20,0,24,0,9,157,0,166,0,13,177,0,190,152,0,152,342
03/20/2023,LOU,KY,ASO,CE,Towers with Radar,0,1,21,0,22,0,4,153,0,157,0,5,174,0,179,212,0,212,391
03/21/2023,LOU,KY,ASO,CE,Towers with Radar,0,2,14,0,16,0,2,110,1,113,0,4,124,1,129,202,0,202,331
03/22/2023,LOU,KY,ASO,CE,Towers with Radar,0,3,12,0,15,0,6,2,0,8,0,9,14,0,23,0,0,0,23
03/23/2023,LOU,KY,ASO,CE,Towers with Radar,0,5,19,0,24,0,4,25,1,30,0,9,44,1,54,52,0,52,106
03/24/2023,LOU,KY,ASO,CE,Towers with Radar,0,3,9,0,12,0,1,0,0,1,0,4,9,0,13,0,0,0,13
03/25/2023,LOU,KY,ASO,CE,Towers with Radar,0,2,11,0,13,0,3,10,0,13,0,5,21,0,26,2,0,2,28
03/26/2023,LOU,KY,ASO,CE,Towers with Radar,0,2,13,0,15,0,29,241,2,272,0,31,254,2,287,188,0,188,475
03/27/2023,LOU,KY,ASO,CE,Towers with Radar,0,2,21,0,23,0,6,110,0,116,0,8,131,0,139,236,0,236,375
03/28/2023,LOU,KY,ASO,CE,Towers with Radar,0,4,30,0,34,0,21,172,0,193,0,25,202,0,227,277,0,277,504
03/29/2023,LOU,KY,ASO,CE,Towers with Radar,0,0,26,0,26,0,43,174,3,220,0,43,200,3,246,348,0,348,594
03/30/2023,LOU,KY,ASO,CE,Towers with Radar,0,1,28,0,29,0,29,202,0,231,0,30,230,0,260,290,0,290,550
03/31/2023,LOU,KY,ASO,CE,Towers with Radar,0,1,8,0,9,0,0,2,0,2,0,1,10,0,11,0,0,0,11
04/01/2023,LOU,KY,ASO,CE,Towers with Radar,0,1,10,0,11,0,4,4,0,8,0,5,14,0,19,0,0,0,19
04/02/2023,LOU,KY,ASO,CE,Towers with Radar,0,1,35,0,36,0,19,160,2,181,0,20,195,2,217,174,0,174,391
04/03/2023,LOU,KY,ASO,CE,Towers with Radar,0,1,21,0,22,0,31,99,0,130,0,32,120,0,152,92,0,92,244
04/04/2023,LOU,KY,ASO,CE,Towers with Radar,0,0,22,0,22,0,20,22,0,42,0,20,44,0,64,29,0,29,93
04/05/2023,LOU,KY,ASO,CE,Towers with Radar,0,1,0,0,1,0,10,4,0,14,0,11,4,0,15,4,0,4,19
04/06/2023,LOU,KY,ASO,CE,Towers with Radar,0,1,9,0,10,0,35,95,0,130,0,36,104,0,140,244,0,244,384
04/07/2023,LOU,KY,ASO,CE,Towers with Radar,0,2,9,0,11,0,29,150,0,179,0,31,159,0,190,294,0,294,484
04/08/2023,LOU,KY,ASO,CE,Towers with Radar,0,0,24,0,24,0,32,121,0,153,0,32,145,0,177,81,0,81,258
04/09/2023,LOU,KY,ASO,CE,Towers with Radar,0,0,11,0,11,0,12,90,9,111,0,12,101,9,122,65,0,65,187
04/10/2023,LOU,KY,ASO,CE,Towers with Radar,0,1,23,0,24,0,42,213,0,255,0,43,236,0,279,294,0,294,573
04/11/2023,LOU,KY,ASO,CE,Towers with Radar,0,1,24,0,25,0,21,168,0,189,0,22,192,0,214,268,0,268,482
04/12/2023,LOU,KY,ASO,CE,Towers with Radar,0,2,23,0,25,0,18,167,1,186,0,20,190,1,211,266,0,266,477
04/13/2023,LOU,KY,ASO,CE,Towers with Radar,0,4,28,0,32,0,43,164,0,207,0,47,192,0,239,326,0,326,565
04/14/2023,LOU,KY,ASO,CE,Towers with Radar,0,2,25,0,27,0,20,131,0,151,0,22,156,0,178,282,0,282,460
04/15/2023,LOU,KY,ASO,CE,Towers with Radar,0,0,31,0,31,0,13,194,0,207,0,13,225,0,238,326,0,326,564
04/16/2023,LOU,KY,ASO,CE,Towers with Radar,0,4,19,0,23,0,13,7,0,20,0,17,26,0,43,12,0,12,55
04/17/2023,LOU,KY,ASO,CE,Towers with Radar,0,1,8,0,9,0,0,17,2,19,0,1,25,2,28,4,0,4,32
04/18/2023,LOU,KY,ASO,CE,Towers with Radar,0,1,19,0,20,0,42,201,1,244,0,43,220,1,264,476,0,476,740
04/19/2023,LOU,KY,ASO,CE,Towers with Radar,0,4,25,0,29,0,32,158,3,193,0,36,183,3,222,226,0,226,448
04/20/2023,LOU,KY,ASO,CE,Towers with Radar,0,1,29,0,30,0,26,105,0,131,0,27,134,0,161,62,0,62,223
04/21/2023,LOU,KY,ASO,CE,Towers with Radar,0,1,20,0,21,0,4,35,0,39,0,5,55,0,60,46,0,46,106
04/22/2023,LOU,KY,ASO,CE,Towers with Radar,1,0,6,1,8,0,45,67,2,114,1,45,73,3,122,36,0,36,158
04/23/2023,LOU,KY,ASO,CE,Towers with Radar,0,3,23,0,26,0,21,152,1,174,0,24,175,1,200,150,0,150,350
04/24/2023,LOU,KY,ASO,CE,Towers with Radar,0,2,15,0,17,0,20,157,0,177,0,22,172,0,194,248,0,248,442
04/25/2023,LOU,KY,ASO,CE,Towers with Radar,0,2,18,0,20,0,14,215,0,229,0,16,233,0,249,380,0,380,629
04/26/2023,LOU,KY,ASO,CE,Towers with Radar,0,1,22,0,23,0,21,195,2,218,0,22,217,2,241,312,0,312,553
04/27/2023,LOU,KY,ASO,CE,Towers with Radar,0,2,14,0,16,0,3,93,0,96,0,5,107,0,112,130,0,130,242
04/28/2023,LOU,KY,ASO,CE,Towers with Radar,0,5,22,0,27,0,15,32,0,47,0,20,54,0,74,66,0,66,140
04/29/2023,LOU,KY,ASO,CE,Towers with Radar,0,0,17,0,17,0,6,132,0,138,0,6,149,0,155,284,0,284,439
04/30/2023,LOU,KY,ASO,CE,Towers with Radar,0,0,15,0,15,0,12,39,0,51,0,12,54,0,66,24,0,24,90
05/01/2023,LOU,KY,ASO,CE,Towers with Radar,0,1,7,0,8,0,9,6,0,15,0,10,13,0,23,0,0,0,23
05/02/2023,LOU,KY,ASO,CE,Towers with Radar,0,1,16,0,17,0,5,27,0,32,0,6,43,0,49,0,0,0,49
05/03/2023,LOU,KY,ASO,CE,Towers with Radar,0,2,30,0,32,0,18,165,0,183,0,20,195,0,215,134,0,134,349
05/04/2023,LOU,KY,ASO,CE,Towers with Radar,0,14,94,0,108,0,26,179,1,206,0,40,273,1,314,102,0,102,416
05/05/2023,LOU,KY,ASO,CE,Towers with Radar,0,7,47,0,54,0,29,94,4,127,0,36,141,4,181,60,0,60,241
05/06/2023,LOU,KY,ASO,CE,Towers with Radar,0,17,50,0,67,0,36,96,4,136,0,53,146,4,203,34,0,34,237
05/07/2023,LOU,KY,ASO,CE,Towers with Radar,0,9,98,0,107,0,2,8,0,10,0,11,106,0,117,0,0,0,117
05/08/2023,LOU,KY,ASO,CE,Towers with Radar,0,1,23,0,24,0,15,58,1,74,0,16,81,1,98,182,0,182,280
05/09/2023,LOU,KY,ASO,CE,Towers with Radar,0,7,40,0,47,0,20,87,6,113,0,27,127,6,160,180,0,180,340
05/10/2023,LOU,KY,ASO,CE,Towers with Radar,0,0,16,0,16,0,14,154,0,168,0,14,170,0,184,220,0,220,404
05/11/2023,LOU,KY,ASO,CE,Towers with Radar,0,2,23,2,27,0,17,172,0,189,0,19,195,2,216,272,0,272,488
05/12/2023,LOU,KY,ASO,CE,Towers with Radar,0,2,22,0,24,0,4,35,0,39,0,6,57,0,63,58,0,58,121
05/13/2023,LOU,KY,ASO,CE,Towers with Radar,0,0,25,0,25,0,14,32,0,46,0,14,57,0,71,106,0,106,177
05/14/2023,LOU,KY,ASO,CE,Towers with Radar,0,0,21,0,21,0,25,97,0,122,0,25,118,0,143,158,0,158,301
05/15/2023,LOU,KY,ASO,CE,Towers with Radar,0,3,25,0,28,0,17,197,1,215,0,20,222,1,243,210,0,210,453
05/16/2023,LOU,KY,ASO,CE,Towers with Radar,0,2,10,1,13,0,4,12,0,16,0,6,22,1,29,18,0,18,47
05/17/2023,LOU,KY,ASO,CE,Towers with Radar,0,2,11,0,13,0,29,245,3,277,0,31,256,3,290,346,0,346,636
05/18/2023,LOU,KY,ASO,CE,Towers with Radar,0,2,9,0,11,0,30,201,0,231,0,32,210,0,242,234,0,234,476
05/19/2023,LOU,KY,ASO,CE,Towers with Radar,0,1,28,0,29,0,14,139,0,153,0,15,167,0,182,358,0,358,540
05/20/2023,LOU,KY,ASO,CE,Towers with Radar,0,1,13,2,16,0,25,77,0,102,0,26,90,2,118,74,0,74,192
05/21/2023,LOU,KY,ASO,CE,Towers with Radar,0,2,27,0,29,0,33,183,2,218,0,35,210,2,247,200,0,200,447
05/22/2023,LOU,KY,ASO,CE,Towers with Radar,0,1,22,0,23,0,31,170,0,201,0,32,192,0,224,90,0,90,314
05/23/2023,LOU,KY,ASO,CE,Towers with Radar,0,2,24,0,26,0,23,189,1,213,0,25,213,1,239,255,0,255,494
05/24/2023,LOU,KY,ASO,CE,Towers with Radar,0,0,16,2,18,0,22,159,1,182,0,22,175,3,200,200,0,200,400
05/25/2023,LOU,KY,ASO,CE,Towers with Radar,0,2,23,0,25,0,29,127,0,156,0,31,150,0,181,80,0,80,261
05/26/2023,LOU,KY,ASO,CE,Towers with Radar,0,0,24,0,24,0,22,155,0,177,0,22,179,0,201,290,0,290,491
05/27/2023,LOU,KY,ASO,CE,Towers with Radar,0,1,7,0,8,0,17,157,2,176,0,18,164,2,184,240,0,240,424
05/28/2023,LOU,KY,ASO,CE,Towers with Radar,0,1,20,0,21,0,12,84,0,96,0,13,104,0,117,98,0,98,215
05/29/2023,LOU,KY,ASO,CE,Towers with Radar,0,0,19,0,19,0,5,169,0,174,0,5,188,0,193,172,0,172,365
05/30/2023,LOU,KY,ASO,CE,Towers with Radar,0,1,12,0,13,0,18,134,2,154,0,19,146,2,167,308,0,308,475
05/31/2023,LOU,KY,ASO,CE,Towers with Radar,0,1,22,0,23,0,21,154,1,176,0,22,176,1,199,194,0,194,393
06/01/2023,LOU,KY,ASO,CE,Towers with Radar,0,3,25,0,28,0,19,196,0,215,0,22,221,0,243,222,0,222,465
06/02/2023,LOU,KY,ASO,CE,Towers with Radar,0,0,20,0,20,0,21,187,0,208,0,21,207,0,228,156,0,156,384
06/03/2023,LOU,KY,ASO,CE,Towers with Radar,0,0,20,0,20,0,20,172,6,198,0,20,192,6,218,213,0,213,431
06/04/2023,LOU,KY,ASO,CE,Towers with Radar,0,0,10,0,10,0,12,129,0,141,0,12,139,0,151,109,0,109,260
06/05/2023,LOU,KY,ASO,CE,Towers with Radar,0,1,18,0,19,0,20,157,2,179,0,21,175,2,198,168,0,168,366
06/06/2023,LOU,KY,ASO,CE,Towers with Radar,0,4,14,0,18,0,34,153,8,195,0,38,167,8,213,392,0,392,605
06/07/2023,LOU,KY,ASO,CE,Towers with Radar,0,5,32,0,37,0,11,46,0,57,0,16,78,0,94,186,0,186,280
06/08/2023,LOU,KY,ASO,CE,Towers with Radar,0,7,17,0,24,0,16,160,0,176,0,23,177,0,200,365,0,365,565
06/09/2023,LOU,KY,ASO,CE,Towers with Radar,0,4,16,0,20,0,30,195,0,225,0,34,211,0,245,346,0,346,591
06/10/2023,LOU,KY,ASO,CE,Towers with Radar,0,1,17,0,18,0,19,217,0,236,0,20,234,0,254,168,0,168,422
06/11/2023,LOU,KY,ASO,CE,Towers with Radar,0,0,10,0,10,0,15,66,0,81,0,15,76,0,91,64,0,64,155
06/12/2023,LOU,KY,ASO,CE,Towers with Radar,0,2,18,0,20,0,25,61,0,86,0,27,79,0,106,150,0,150,256
06/13/2023,LOU,KY,ASO,CE,Towers with Radar,0,0,15,0,15,0,12,54,0,66,0,12,69,0,81,124,0,124,205
06/14/2023,LOU,KY,ASO,CE,Towers with Radar,0,2,14,0,16,0,38,155,2,195,0,40,169,2,211,212,0,212,423
06/15/2023,LOU,KY,ASO,CE,Towers with Radar,0,2,15,0,17,0,25,171,0,196,0,27,186,0,213,394,0,394,607
06/16/2023,LOU,KY,ASO,CE,Towers with Radar,0,0,28,0,28,0,27,189,0,216,0,27,217,0,244,264,0,264,508
06/17/2023,LOU,KY,ASO,CE,Towers with Radar,0,2,17,0,19,0,31,171,6,208,0,33,188,6,227,308,0,308,535
06/18/2023,LOU,KY,ASO,CE,Towers with Radar,0,4,10,0,14,0,24,106,23,153,0,28,116,23,167,164,0,164,331
06/19/2023,LOU,KY,ASO,CE,Towers with Radar,0,0,10,0,10,0,3,3,0,6,0,3,13,0,16,0,0,0,16
06/20/2023,LOU,KY,ASO,CE,Towers with Radar,0,0,21,0,21,0,15,44,0,59,0,15,65,0,80,42,0,42,122
06/21/2023,LOU,KY,ASO,CE,Towers with Radar,0,0,31,0,31,0,10,48,0,58,0,10,79,0,89,188,0,188,277
06/22/2023,LOU,KY,ASO,CE,Towers with Radar,0,2,26,0,28,0,29,133,0,162,0,31,159,0,190,394,0,394,584
06/23/2023,LOU,KY,ASO,CE,Towers with Radar,0,0,25,0,25,0,12,131,375,518,0,12,156,375,543,0,0,0,543
06/24/2023,LOU,KY,ASO,CE,Towers with Radar,0,0,20,0,20,0,31,172,0,203,0,31,192,0,223,166,0,166,389
06/25/2023,LOU,KY,ASO,CE,Towers with Radar,0,4,10,0,14,0,12,28,0,40,0,16,38,0,54,34,0,34,88
06/26/2023,LOU,KY,ASO,CE,Towers with Radar,0,1,14,0,15,0,32,81,0,113,0,33,95,0,128,40,0,40,168
06/27/2023,LOU,KY,ASO,CE,Towers with Radar,0,3,26,0,29,0,28,125,2,155,0,31,151,2,184,236,0,236,420
06/28/2023,LOU,KY,ASO,CE,Towers with Radar,0,4,25,2,31,0,1,11,1,13,0,5,36,3,44,32,0,32,76
06/29/2023,LOU,KY,ASO,CE,Towers with Radar,0,2,23,0,25,0,0,18,0,18,0,2,41,0,43,60,0,60,103
06/30/2023,LOU,KY,ASO,CE,Towers with Radar,0,0,25,0,25,0,24,113,2,139,0,24,138,2,164,368,0,368,532
07/01/2023,LOU,KY,ASO,CE,Towers with Radar,0,0,8,0,8,0,10,27,0,37,0,10,35,0,45,48,0,48,93
07/02/2023,LOU,KY,ASO,CE,Towers with Radar,0,0,7,0,7,0,3,24,0,27,0,3,31,0,34,20,0,20,54
07/03/2023,LOU,KY,ASO,CE,Towers with Radar,0,0,23,0,23,0,26,130,2,158,0,26,153,2,181,174,0,174,355
07/04/2023,LOU,KY,ASO,CE,Towers with Radar,0,0,8,0,8,0,15,151,0,166,0,15,159,0,174,298,0,298,472
07/05/2023,LOU,KY,ASO,CE,Towers with Radar,0,0,18,0,18,0,17,177,2,196,0,17,195,2,214,342,0,342,556
07/06/2023,LOU,KY,ASO,CE,Towers with Radar,0,0,16,0,16,0,26,139,11,176,0,26,155,11,192,332,0,332,524
07/07/2023,LOU,KY,ASO,CE,Towers with Radar,0,1,20,0,21,0,11,186,0,197,0,12,206,0,218,418,0,418,636
07/08/2023,LOU,KY,ASO,CE,Towers with Radar,0,1,12,0,13,0,4,76,0,80,0,5,88,0,93,82,0,82,175
07/09/2023,LOU,KY,ASO,CE,Towers with Radar,0,0,24,0,24,0,17,74,2,93,0,17,98,2,117,320,0,320,437
07/10/2023,LOU,KY,ASO,CE,Towers with Radar,0,4,44,0,48,0,41,186,0,227,0,45,230,0,275,520,0,520,795
07/11/2023,LOU,KY,ASO,CE,Towers with Radar,0,1,24,0,25,0,16,231,0,247,0,17,255,0,272,366,0,366,638
07/12/2023,LOU,KY,ASO,CE,Towers with Radar,0,0,18,0,18,0,22,200,2,224,0,22,218,2,242,386,0,386,628
07/13/2023,LOU,KY,ASO,CE,Towers with Radar,0,2,15,0,17,3,10,102,7,122,3,12,117,7,139,292,0,292,431
07/14/2023,LOU,KY,ASO,CE,Towers with Radar,0,2,15,0,17,0,17,168,0,185,0,19,183,0,202,344,0,344,546
07/15/2023,LOU,KY,ASO,CE,Towers with Radar,0,1,10,0,11,0,2,17,0,19,0,3,27,0,30,14,0,14,44
07/16/2023,LOU,KY,ASO,CE,Towers with Radar,0,1,26,0,27,0,12,123,0,135,0,13,149,0,162,382,0,382,544
07/17/2023,LOU,KY,ASO,CE,Towers with Radar,0,1,20,0,21,0,16,83,9,108,0,17,103,9,129,248,0,248,377
07/18/2023,LOU,KY,ASO,CE,Towers with Radar,0,3,23,0,26,0,14,81,0,95,0,17,104,0,121,190,0,190,311
07/19/2023,LOU,KY,ASO,CE,Towers with Radar,0,1,32,0,33,0,11,69,1,81,0,12,101,1,114,191,0,191,305
07/20/2023,LOU,KY,ASO,CE,Towers with Radar,0,4,18,0,22,0,16,116,0,132,0,20,134,0,154,370,0,370,524
07/21/2023,LOU,KY,ASO,CE,Towers with Radar,0,0,24,0,24,0,20,210,0,230,0,20,234,0,254,246,0,246,500
07/22/2023,LOU,KY,ASO,CE,Towers with Radar,0,3,10,0,13,0,13,235,0,248,0,16,245,0,261,268,0,268,529
07/23/2023,LOU,KY,ASO,CE,Towers with Radar,0,3,33,0,36,0,8,159,0,167,0,11,192,0,203,282,0,282,485
07/24/2023,LOU,KY,ASO,CE,Towers with Radar,0,1,10,0,11,0,25,106,0,131,0,26,116,0,142,128,0,128,270
07/25/2023,LOU,KY,ASO,CE,Towers with Radar,0,1,17,0,18,0,22,180,1,203,0,23,197,1,221,450,0,450,671
07/26/2023,LOU,KY,ASO,CE,Towers with Radar,0,5,17,0,22,1,10,131,0,142,1,15,148,0,164,204,0,204,368
07/27/2023,LOU,KY,ASO,CE,Towers with Radar,0,0,11,0,11,0,23,121,5,149,0,23,132,5,160,242,0,242,402
07/28/2023,LOU,KY,ASO,CE,Towers with Radar,0,0,14,0,14,0,18,144,0,162,0,18,158,0,176,310,0,310,486
07/29/2023,LOU,KY,ASO,CE,Towers with Radar,0,2,13,0,15,0,17,96,0,113,0,19,109,0,128,134,0,134,262
07/30/2023,LOU,KY,ASO,CE,Towers with Radar,0,2,18,0,20,0,22,135,0,157,0,24,153,0,177,168,0,168,345
07/31/2023,LOU,KY,ASO,CE,Towers with Radar,0,5,19,0,24,0,7,188,0,195,0,12,207,0,219,241,0,241,460
08/01/2023,LOU,KY,ASO,CE,Towers with Radar,0,1,18,0,19,0,27,196,1,224,0,28,214,1,243,372,0,372,615
08/02/2023,LOU,KY,ASO,CE,Towers with Radar,0,3,26,0,29,0,27,183,0,210,0,30,209,0,239,434,0,434,673
08/03/2023,LOU,KY,ASO,CE,Towers with Radar,0,1,33,0,34,0,7,46,0,53,0,8,79,0,87,150,0,150,237
08/04/2023,LOU,KY,ASO,CE,Towers with Radar,0,1,22,0,23,0,22,159,0,181,0,23,181,0,204,322,0,322,526
08/05/2023,LOU,KY,ASO,CE,Towers with Radar,0,0,14,0,14,0,23,135,0,158,0,23,149,0,172,160,0,160,332
08/06/2023,LOU,KY,ASO,CE,Towers with Radar,0,3,22,0,25,0,17,95,0,112,0,20,117,0,137,139,0,139,276
08/07/2023,LOU,KY,ASO,CE,Towers with Radar,0,0,14,0,14,0,5,27,0,32,0,5,41,0,46,62,0,62,108
08/08/2023,LOU,KY,ASO,CE,Towers with Radar,0,0,27,0,27,0,23,203,0,226,0,23,230,0,253,334,0,334,587
08/09/2023,LOU,KY,ASO,CE,Towers with Radar,0,0,15,0,15,0,25,107,0,132,0,25,122,0,147,362,0,362,509
08/10/2023,LOU,KY,ASO,CE,Towers with Radar,0,4,30,1,35,0,17,100,0,117,0,21,130,1,152,352,0,352,504
08/11/2023,LOU,KY,ASO,CE,Towers with Radar,0,0,22,0,22,0,23,198,1,222,0,23,220,1,244,358,0,358,602
08/12/2023,LOU,KY,ASO,CE,Towers with Radar,0,0,10,1,11,0,19,70,3,92,0,19,80,4,103,100,0,100,203
08/13/2023,LOU,KY,ASO,CE,Towers with Radar,0,0,32,0,32,0,16,131,0,147,0,16,163,0,179,296,0,296,475
08/14/2023,LOU,KY,ASO,CE,Towers with Radar,0,0,13,0,13,0,4,12,0,16,0,4,25,0,29,14,0,14,43
08/15/2023,LOU,KY,ASO,CE,Towers with Radar,0,2,28,0,30,0,22,104,3,129,0,24,132,3,159,297,0,297,456
08/16/2023,LOU,KY,ASO,CE,Towers with Radar,0,0,29,0,29,0,25,218,3,246,0,25,247,3,275,438,0,438,713
08/17/2023,LOU,KY,ASO,CE,Towers with Radar,0,2,20,0,22,0,22,123,4,149,0,24,143,4,171,254,0,254,425
08/18/2023,LOU,KY,ASO,CE,Towers with Radar,0,3,20,0,23,0,15,195,0,210,0,18,215,0,233,332,0,332,565
08/19/2023,LOU,KY,ASO,CE,Towers with Radar,0,1,17,0,18,0,6,217,1,224,0,7,234,1,242,259,0,259,501
08/20/2023,LOU,KY,ASO,CE,Towers with Radar,0,3,29,0,32,0,13,150,4,167,0,16,179,4,199,220,0,220,419
08/21/2023,LOU,KY,ASO,CE,Towers with Radar,0,3,18,0,21,0,21,174,10,205,0,24,192,10,226,302,0,302,528
08/22/2023,LOU,KY,ASO,CE,Towers with Radar,0,3,35,0,38,0,1,161,0,162,0,4,196,0,200,304,0,304,504
08/23/2023,LOU,KY,ASO,CE,Towers with Radar,0,0,20,0,20,0,28,188,0,216,0,28,208,0,236,256,0,256,492
08/24/2023,LOU,KY,ASO,CE,Towers with Radar,0,2,24,0,26,0,24,86,0,110,0,26,110,0,136,232,0,232,368
08/25/2023,LOU,KY,ASO,CE,Towers with Radar,0,0,19,0,19,0,4,98,0,102,0,4,117,0,121,144,0,144,265
08/26/2023,LOU,KY,ASO,CE,Towers with Radar,0,1,26,0,27,0,7,85,0,92,0,8,111,0,119,244,0,244,363
08/27/2023,LOU,KY,ASO,CE,Towers with Radar,0,1,29,0,30,0,16,64,3,83,0,17,93,3,113,148,0,148,261
08/28/2023,LOU,KY,ASO,CE,Towers with Radar,0,0,20,0,20,0,15,170,6,191,0,15,190,6,211,262,0,262,473
08/29/2023,LOU,KY,ASO,CE,Towers with Radar,1,0,26,0,27,0,24,175,7,206,1,24,201,7,233,306,0,306,539
08/30/2023,LOU,KY,ASO,CE,Towers with Radar,0,0,27,0,27,0,32,146,5,183,0,32,173,5,210,270,0,270,480
08/31/2023,LOU,KY,ASO,CE,Towers with Radar,0,0,23,0,23,0,26,133,8,167,0,26,156,8,190,238,0,238,428
