01/01/2020,LRD,TX,ASW,CE,Federal Contract Tower,2,11,19,0,32,0,0,0,0,0,2,11,19,0,32,0,0,0,32
01/02/2020,LRD,TX,ASW,CE,Federal Contract Tower,9,13,13,1,36,0,3,23,7,33,9,16,36,8,69,10,0,10,79
01/03/2020,LRD,TX,ASW,CE,Federal Contract Tower,8,19,20,2,49,0,1,34,4,39,8,20,54,6,88,0,0,0,88
01/04/2020,LRD,TX,ASW,CE,Federal Contract Tower,4,18,20,0,42,0,2,42,0,44,4,20,62,0,86,0,0,0,86
01/05/2020,LRD,TX,ASW,CE,Federal Contract Tower,4,13,21,0,38,0,1,30,1,32,4,14,51,1,70,0,0,0,70
01/06/2020,LRD,TX,ASW,CE,Federal Contract Tower,5,20,17,14,56,0,0,29,13,42,5,20,46,27,98,0,250,250,348
01/07/2020,LRD,TX,ASW,CE,Federal Contract Tower,16,16,13,6,51,0,0,33,8,41,16,16,46,14,92,10,160,170,262
01/08/2020,LRD,TX,ASW,CE,Federal Contract Tower,8,17,25,23,73,0,1,18,5,24,8,18,43,28,97,30,210,240,337
01/09/2020,LRD,TX,ASW,CE,Federal Contract Tower,6,23,27,26,82,0,5,27,7,39,6,28,54,33,121,10,180,190,311
01/10/2020,LRD,TX,ASW,CE,Federal Contract Tower,5,21,22,15,63,0,7,11,1,19,5,28,33,16,82,0,314,314,396
01/11/2020,LRD,TX,ASW,CE,Federal Contract Tower,2,22,8,3,35,0,0,21,0,21,2,22,29,3,56,4,0,4,60
01/12/2020,LRD,TX,ASW,CE,Federal Contract Tower,2,30,10,4,46,0,3,28,3,34,2,33,38,7,80,20,0,20,100
01/14/2020,LRD,TX,ASW,CE,Federal Contract Tower,14,17,20,26,77,0,0,32,3,35,14,17,52,29,112,20,0,20,132
01/15/2020,LRD,TX,ASW,CE,Federal Contract Tower,11,15,15,2,43,0,0,27,8,35,11,15,42,10,78,0,60,60,138
01/16/2020,LRD,TX,ASW,CE,Federal Contract Tower,10,18,20,10,58,0,0,21,0,21,10,18,41,10,79,0,240,240,319
01/17/2020,LRD,TX,ASW,CE,Federal Contract Tower,7,33,24,21,85,0,0,0,0,0,7,33,24,21,85,0,0,0,85
01/18/2020,LRD,TX,ASW,CE,Federal Contract Tower,3,16,12,6,37,0,0,11,0,11,3,16,23,6,48,0,0,0,48
01/19/2020,LRD,TX,ASW,CE,Federal Contract Tower,2,19,29,0,50,0,0,29,2,31,2,19,58,2,81,0,0,0,81
01/20/2020,LRD,TX,ASW,CE,Federal Contract Tower,4,27,16,0,47,0,14,31,7,52,4,41,47,7,99,10,0,10,109
01/21/2020,LRD,TX,ASW,CE,Federal Contract Tower,15,21,24,12,72,0,0,42,9,51,15,21,66,21,123,40,160,200,323
01/22/2020,LRD,TX,ASW,CE,Federal Contract Tower,10,14,28,10,62,0,0,14,4,18,10,14,42,14,80,0,0,0,80
01/23/2020,LRD,TX,ASW,CE,Federal Contract Tower,9,21,18,2,50,0,0,31,10,41,9,21,49,12,91,30,0,30,121
01/24/2020,LRD,TX,ASW,CE,Federal Contract Tower,8,27,29,11,75,0,8,38,4,50,8,35,67,15,125,30,200,230,355
01/25/2020,LRD,TX,ASW,CE,Federal Contract Tower,2,15,8,0,25,0,0,31,0,31,2,15,39,0,56,0,0,0,56
01/26/2020,LRD,TX,ASW,CE,Federal Contract Tower,3,14,12,1,30,0,0,30,1,31,3,14,42,2,61,50,0,50,111
01/27/2020,LRD,TX,ASW,CE,Federal Contract Tower,9,14,15,7,45,0,2,27,4,33,9,16,42,11,78,0,180,180,258
01/28/2020,LRD,TX,ASW,CE,Federal Contract Tower,12,24,25,33,94,0,6,18,11,35,12,30,43,44,129,0,210,210,339
01/29/2020,LRD,TX,ASW,CE,Federal Contract Tower,12,14,17,18,61,0,4,46,5,55,12,18,63,23,116,110,320,430,546
01/30/2020,LRD,TX,ASW,CE,Federal Contract Tower,11,28,27,15,81,0,2,11,6,19,11,30,38,21,100,10,0,10,110
01/31/2020,LRD,TX,ASW,CE,Federal Contract Tower,8,28,26,2,64,0,10,42,5,57,8,38,68,7,121,30,0,30,151
02/01/2020,LRD,TX,ASW,CE,Federal Contract Tower,2,11,16,0,29,0,6,27,0,33,2,17,43,0,62,10,0,10,72
02/02/2020,LRD,TX,ASW,CE,Federal Contract Tower,1,18,13,0,32,0,0,15,0,15,1,18,28,0,47,60,0,60,107
02/03/2020,LRD,TX,ASW,CE,Federal Contract Tower,8,25,23,18,74,0,6,12,5,23,8,31,35,23,97,0,220,220,317
02/04/2020,LRD,TX,ASW,CE,Federal Contract Tower,18,23,30,44,115,0,0,29,9,38,18,23,59,53,153,0,372,372,525
02/05/2020,LRD,TX,ASW,CE,Federal Contract Tower,14,27,35,32,108,0,3,15,5,23,14,30,50,37,131,10,120,130,261
02/06/2020,LRD,TX,ASW,CE,Federal Contract Tower,9,33,26,13,81,0,7,33,5,45,9,40,59,18,126,80,90,170,296
02/07/2020,LRD,TX,ASW,CE,Federal Contract Tower,8,28,41,18,95,0,3,27,4,34,8,31,68,22,129,165,220,385,514
02/08/2020,LRD,TX,ASW,CE,Federal Contract Tower,5,18,12,0,35,0,2,20,0,22,5,20,32,0,57,0,0,0,57
02/09/2020,LRD,TX,ASW,CE,Federal Contract Tower,8,22,18,8,56,0,1,16,0,17,8,23,34,8,73,22,0,22,95
02/10/2020,LRD,TX,ASW,CE,Federal Contract Tower,7,27,22,13,69,0,2,18,6,26,7,29,40,19,95,0,60,60,155
02/11/2020,LRD,TX,ASW,CE,Federal Contract Tower,10,12,29,0,51,0,0,1,0,1,10,12,30,0,52,0,0,0,52
02/12/2020,LRD,TX,ASW,CE,Federal Contract Tower,11,18,27,16,72,0,0,27,5,32,11,18,54,21,104,30,100,130,234
02/13/2020,LRD,TX,ASW,CE,Federal Contract Tower,11,29,19,22,81,0,6,24,6,36,11,35,43,28,117,20,226,246,363
02/14/2020,LRD,TX,ASW,CE,Federal Contract Tower,8,23,22,20,73,0,0,31,6,37,8,23,53,26,110,10,220,230,340
02/15/2020,LRD,TX,ASW,CE,Federal Contract Tower,4,13,10,2,29,0,7,26,1,34,4,20,36,3,63,10,10,20,83
02/16/2020,LRD,TX,ASW,CE,Federal Contract Tower,1,17,5,2,25,0,0,26,1,27,1,17,31,3,52,0,0,0,52
02/17/2020,LRD,TX,ASW,CE,Federal Contract Tower,9,30,20,2,61,0,3,25,0,28,9,33,45,2,89,0,0,0,89
02/18/2020,LRD,TX,ASW,CE,Federal Contract Tower,11,26,26,14,77,0,13,26,2,41,11,39,52,16,118,0,60,60,178
02/19/2020,LRD,TX,ASW,CE,Federal Contract Tower,8,29,48,17,102,0,0,9,0,9,8,29,57,17,111,0,60,60,171
02/20/2020,LRD,TX,ASW,CE,Federal Contract Tower,12,35,30,4,81,0,0,0,0,0,12,35,30,4,81,0,0,0,81
02/21/2020,LRD,TX,ASW,CE,Federal Contract Tower,9,23,15,16,63,0,7,33,4,44,9,30,48,20,107,0,150,150,257
02/22/2020,LRD,TX,ASW,CE,Federal Contract Tower,3,17,13,0,33,0,6,32,0,38,3,23,45,0,71,0,0,0,71
02/23/2020,LRD,TX,ASW,CE,Federal Contract Tower,1,13,16,4,34,0,6,18,0,24,1,19,34,4,58,0,0,0,58
02/24/2020,LRD,TX,ASW,CE,Federal Contract Tower,8,31,11,13,63,0,10,30,8,48,8,41,41,21,111,0,80,80,191
02/25/2020,LRD,TX,ASW,CE,Federal Contract Tower,7,25,28,11,71,0,2,34,2,38,7,27,62,13,109,0,4,4,113
02/26/2020,LRD,TX,ASW,CE,Federal Contract Tower,7,19,26,21,73,0,0,22,4,26,7,19,48,25,99,0,130,130,229
02/27/2020,LRD,TX,ASW,CE,Federal Contract Tower,11,25,25,21,82,0,0,42,0,42,11,25,67,21,124,24,310,334,458
02/28/2020,LRD,TX,ASW,CE,Federal Contract Tower,10,22,24,21,77,0,5,41,2,48,10,27,65,23,125,20,160,180,305
02/29/2020,LRD,TX,ASW,CE,Federal Contract Tower,6,14,12,0,32,0,0,23,0,23,6,14,35,0,55,44,0,44,99
03/01/2020,LRD,TX,ASW,CE,Federal Contract Tower,3,19,27,2,51,0,0,27,0,27,3,19,54,2,78,56,0,56,134
03/02/2020,LRD,TX,ASW,CE,Federal Contract Tower,6,22,32,35,95,0,5,17,0,22,6,27,49,35,117,0,190,190,307
03/03/2020,LRD,TX,ASW,CE,Federal Contract Tower,15,28,14,25,82,0,6,24,4,34,15,34,38,29,116,0,200,200,316
03/04/2020,LRD,TX,ASW,CE,Federal Contract Tower,11,28,29,18,86,0,0,39,13,52,11,28,68,31,138,20,30,50,188
03/05/2020,LRD,TX,ASW,CE,Federal Contract Tower,7,30,22,19,78,0,11,42,5,58,7,41,64,24,136,0,120,120,256
03/06/2020,LRD,TX,ASW,CE,Federal Contract Tower,9,28,13,7,57,0,2,40,5,47,9,30,53,12,104,0,140,140,244
03/07/2020,LRD,TX,ASW,CE,Federal Contract Tower,4,17,11,0,32,0,0,8,20,28,4,17,19,20,60,0,0,0,60
03/08/2020,LRD,TX,ASW,CE,Federal Contract Tower,2,20,10,6,38,0,9,19,2,30,2,29,29,8,68,0,0,0,68
03/09/2020,LRD,TX,ASW,CE,Federal Contract Tower,6,26,14,5,51,0,2,20,5,27,6,28,34,10,78,10,40,50,128
03/10/2020,LRD,TX,ASW,CE,Federal Contract Tower,14,26,15,46,101,0,13,19,3,35,14,39,34,49,136,20,160,180,316
03/11/2020,LRD,TX,ASW,CE,Federal Contract Tower,9,26,34,29,98,0,3,37,10,50,9,29,71,39,148,40,160,200,348
03/12/2020,LRD,TX,ASW,CE,Federal Contract Tower,17,17,24,2,60,0,0,26,3,29,17,17,50,5,89,4,0,4,93
03/13/2020,LRD,TX,ASW,CE,Federal Contract Tower,8,18,18,16,60,0,0,27,4,31,8,18,45,20,91,0,200,200,291
03/14/2020,LRD,TX,ASW,CE,Federal Contract Tower,3,9,19,16,47,0,2,18,0,20,3,11,37,16,67,40,0,40,107
03/15/2020,LRD,TX,ASW,CE,Federal Contract Tower,1,22,9,18,50,0,0,17,0,17,1,22,26,18,67,60,0,60,127
03/16/2020,LRD,TX,ASW,CE,Federal Contract Tower,8,22,30,7,67,0,2,15,2,19,8,24,45,9,86,60,180,240,326
03/17/2020,LRD,TX,ASW,CE,Federal Contract Tower,12,21,24,7,64,0,4,15,3,22,12,25,39,10,86,10,110,120,206
03/18/2020,LRD,TX,ASW,CE,Federal Contract Tower,6,25,14,19,64,0,4,17,6,27,6,29,31,25,91,0,40,40,131
03/19/2020,LRD,TX,ASW,CE,Federal Contract Tower,9,18,12,12,51,0,0,11,4,15,9,18,23,16,66,0,200,200,266
03/20/2020,LRD,TX,ASW,CE,Federal Contract Tower,7,18,14,4,43,0,0,6,0,6,7,18,20,4,49,0,0,0,49
03/21/2020,LRD,TX,ASW,CE,Federal Contract Tower,3,16,7,0,26,0,0,0,0,0,3,16,7,0,26,0,0,0,26
03/22/2020,LRD,TX,ASW,CE,Federal Contract Tower,0,12,6,0,18,0,0,10,0,10,0,12,16,0,28,10,0,10,38
03/23/2020,LRD,TX,ASW,CE,Federal Contract Tower,3,9,6,16,34,0,5,12,1,18,3,14,18,17,52,0,20,20,72
03/24/2020,LRD,TX,ASW,CE,Federal Contract Tower,8,15,8,8,39,0,6,20,3,29,8,21,28,11,68,30,10,40,108
03/25/2020,LRD,TX,ASW,CE,Federal Contract Tower,5,14,7,1,27,0,1,39,14,54,5,15,46,15,81,10,2,12,93
03/26/2020,LRD,TX,ASW,CE,Federal Contract Tower,7,13,6,2,28,0,4,65,4,73,7,17,71,6,101,30,0,30,131
03/27/2020,LRD,TX,ASW,CE,Federal Contract Tower,4,10,6,6,26,0,0,18,2,20,4,10,24,8,46,18,20,38,84
03/28/2020,LRD,TX,ASW,CE,Federal Contract Tower,2,4,2,4,12,0,0,14,0,14,2,4,16,4,26,0,0,0,26
03/29/2020,LRD,TX,ASW,CE,Federal Contract Tower,0,10,0,0,10,0,0,19,0,19,0,10,19,0,29,10,0,10,39
03/30/2020,LRD,TX,ASW,CE,Federal Contract Tower,3,7,5,7,22,0,0,17,3,20,3,7,22,10,42,20,0,20,62
03/31/2020,LRD,TX,ASW,CE,Federal Contract Tower,8,6,4,9,27,0,0,26,5,31,8,6,30,14,58,26,50,76,134
04/01/2020,LRD,TX,ASW,CE,Federal Contract Tower,6,14,5,14,39,0,0,22,5,27,6,14,27,19,66,100,50,150,216
04/02/2020,LRD,TX,ASW,CE,Federal Contract Tower,4,7,6,34,51,0,0,23,3,26,4,7,29,37,77,20,40,60,137
04/03/2020,LRD,TX,ASW,CE,Federal Contract Tower,5,7,1,2,15,0,4,10,2,16,5,11,11,4,31,30,0,30,61
04/04/2020,LRD,TX,ASW,CE,Federal Contract Tower,2,8,1,0,11,0,0,0,0,0,2,8,1,0,11,0,0,0,11
04/05/2020,LRD,TX,ASW,CE,Federal Contract Tower,0,10,4,0,14,0,0,10,0,10,0,10,14,0,24,0,0,0,24
04/06/2020,LRD,TX,ASW,CE,Federal Contract Tower,6,7,0,0,13,0,0,10,0,10,6,7,10,0,23,16,0,16,39
04/07/2020,LRD,TX,ASW,CE,Federal Contract Tower,7,9,4,17,37,0,0,7,2,9,7,9,11,19,46,30,160,190,236
04/08/2020,LRD,TX,ASW,CE,Federal Contract Tower,5,6,2,35,48,0,4,31,6,41,5,10,33,41,89,172,90,262,351
04/09/2020,LRD,TX,ASW,CE,Federal Contract Tower,7,8,9,8,32,0,8,16,4,28,7,16,25,12,60,30,60,90,150
04/10/2020,LRD,TX,ASW,CE,Federal Contract Tower,4,4,3,5,16,0,2,10,4,16,4,6,13,9,32,0,0,0,32
04/11/2020,LRD,TX,ASW,CE,Federal Contract Tower,2,5,4,24,35,0,0,17,0,17,2,5,21,24,52,0,260,260,312
04/12/2020,LRD,TX,ASW,CE,Federal Contract Tower,0,7,3,0,10,0,0,24,0,24,0,7,27,0,34,12,0,12,46
04/13/2020,LRD,TX,ASW,CE,Federal Contract Tower,3,9,3,16,31,0,0,27,2,29,3,9,30,18,60,10,130,140,200
04/14/2020,LRD,TX,ASW,CE,Federal Contract Tower,5,10,2,25,42,0,0,25,6,31,5,10,27,31,73,10,80,90,163
04/15/2020,LRD,TX,ASW,CE,Federal Contract Tower,5,9,6,19,39,0,0,18,3,21,5,9,24,22,60,20,100,120,180
04/16/2020,LRD,TX,ASW,CE,Federal Contract Tower,5,7,7,35,54,0,3,16,6,25,5,10,23,41,79,0,40,40,119
04/17/2020,LRD,TX,ASW,CE,Federal Contract Tower,4,7,7,26,44,0,4,19,3,26,4,11,26,29,70,0,10,10,80
04/18/2020,LRD,TX,ASW,CE,Federal Contract Tower,2,5,10,2,19,0,0,6,0,6,2,5,16,2,25,0,0,0,25
04/19/2020,LRD,TX,ASW,CE,Federal Contract Tower,0,6,2,14,22,0,0,14,0,14,0,6,16,14,36,10,0,10,46
04/20/2020,LRD,TX,ASW,CE,Federal Contract Tower,3,4,7,33,47,0,0,22,7,29,3,4,29,40,76,24,180,204,280
04/21/2020,LRD,TX,ASW,CE,Federal Contract Tower,5,5,11,30,51,0,2,22,4,28,5,7,33,34,79,0,0,0,79
04/22/2020,LRD,TX,ASW,CE,Federal Contract Tower,4,10,6,38,58,0,0,21,1,22,4,10,27,39,80,50,210,260,340
04/23/2020,LRD,TX,ASW,CE,Federal Contract Tower,5,4,5,34,48,0,0,32,3,35,5,4,37,37,83,40,150,190,273
04/24/2020,LRD,TX,ASW,CE,Federal Contract Tower,4,4,10,36,54,0,0,28,7,35,4,4,38,43,89,0,170,170,259
04/25/2020,LRD,TX,ASW,CE,Federal Contract Tower,2,4,0,0,6,0,0,10,0,10,2,4,10,0,16,0,0,0,16
04/26/2020,LRD,TX,ASW,CE,Federal Contract Tower,0,5,1,6,12,0,0,28,0,28,0,5,29,6,40,0,0,0,40
04/27/2020,LRD,TX,ASW,CE,Federal Contract Tower,3,4,9,26,42,0,1,20,7,28,3,5,29,33,70,10,144,154,224
04/28/2020,LRD,TX,ASW,CE,Federal Contract Tower,7,3,9,26,45,0,2,33,7,42,7,5,42,33,87,30,202,232,319
04/29/2020,LRD,TX,ASW,CE,Federal Contract Tower,6,7,10,40,63,0,0,30,1,31,6,7,40,41,94,80,70,150,244
04/30/2020,LRD,TX,ASW,CE,Federal Contract Tower,6,5,17,44,72,0,2,40,5,47,6,7,57,49,119,88,6,94,213
05/01/2020,LRD,TX,ASW,CE,Federal Contract Tower,5,5,6,37,53,0,2,36,3,41,5,7,42,40,94,0,275,275,369
05/02/2020,LRD,TX,ASW,CE,Federal Contract Tower,2,4,1,19,26,0,8,40,0,48,2,12,41,19,74,0,100,100,174
05/03/2020,LRD,TX,ASW,CE,Federal Contract Tower,0,7,4,8,19,0,1,19,0,20,0,8,23,8,39,10,0,10,49
05/04/2020,LRD,TX,ASW,CE,Federal Contract Tower,3,6,5,36,50,0,2,22,2,26,3,8,27,38,76,0,240,240,316
05/05/2020,LRD,TX,ASW,CE,Federal Contract Tower,7,9,11,27,54,0,5,41,8,54,7,14,52,35,108,20,220,240,348
05/06/2020,LRD,TX,ASW,CE,Federal Contract Tower,5,4,7,56,72,0,0,31,9,40,5,4,38,65,112,30,0,30,142
05/07/2020,LRD,TX,ASW,CE,Federal Contract Tower,5,7,9,33,54,0,3,13,3,19,5,10,22,36,73,0,50,50,123
05/08/2020,LRD,TX,ASW,CE,Federal Contract Tower,4,7,13,12,36,0,0,25,4,29,4,7,38,16,65,10,130,140,205
05/09/2020,LRD,TX,ASW,CE,Federal Contract Tower,2,6,2,12,22,0,5,23,0,28,2,11,25,12,50,10,0,10,60
05/10/2020,LRD,TX,ASW,CE,Federal Contract Tower,1,4,2,9,16,0,4,21,0,25,1,8,23,9,41,0,0,0,41
05/11/2020,LRD,TX,ASW,CE,Federal Contract Tower,5,8,9,32,54,0,1,19,5,25,5,9,28,37,79,0,100,100,179
05/12/2020,LRD,TX,ASW,CE,Federal Contract Tower,7,6,14,22,49,0,1,22,7,30,7,7,36,29,79,0,160,160,239
05/13/2020,LRD,TX,ASW,CE,Federal Contract Tower,5,6,10,14,35,0,0,19,4,23,5,6,29,18,58,0,0,0,58
05/14/2020,LRD,TX,ASW,CE,Federal Contract Tower,10,3,10,48,71,0,2,28,6,36,10,5,38,54,107,60,300,360,467
05/15/2020,LRD,TX,ASW,CE,Federal Contract Tower,5,4,20,16,45,0,3,7,3,13,5,7,27,19,58,0,0,0,58
05/16/2020,LRD,TX,ASW,CE,Federal Contract Tower,4,11,4,34,53,0,1,18,0,19,4,12,22,34,72,0,40,40,112
05/17/2020,LRD,TX,ASW,CE,Federal Contract Tower,0,6,5,13,24,0,0,23,2,25,0,6,28,15,49,20,0,20,69
05/18/2020,LRD,TX,ASW,CE,Federal Contract Tower,3,5,3,24,35,0,1,21,5,27,3,6,24,29,62,10,20,30,92
05/19/2020,LRD,TX,ASW,CE,Federal Contract Tower,10,7,15,21,53,0,1,21,2,24,10,8,36,23,77,10,80,90,167
05/20/2020,LRD,TX,ASW,CE,Federal Contract Tower,5,8,15,31,59,0,2,25,10,37,5,10,40,41,96,40,230,270,366
05/21/2020,LRD,TX,ASW,CE,Federal Contract Tower,6,9,10,36,61,0,0,21,7,28,6,9,31,43,89,10,40,50,139
05/22/2020,LRD,TX,ASW,CE,Federal Contract Tower,7,4,9,10,30,0,1,23,2,26,7,5,32,12,56,0,0,0,56
05/23/2020,LRD,TX,ASW,CE,Federal Contract Tower,4,4,6,6,20,0,0,0,0,0,4,4,6,6,20,20,0,20,40
05/24/2020,LRD,TX,ASW,CE,Federal Contract Tower,2,9,4,2,17,0,0,15,0,15,2,9,19,2,32,0,0,0,32
05/25/2020,LRD,TX,ASW,CE,Federal Contract Tower,0,8,5,6,19,0,2,12,7,21,0,10,17,13,40,0,0,0,40
05/26/2020,LRD,TX,ASW,CE,Federal Contract Tower,9,7,6,37,59,0,5,24,4,33,9,12,30,41,92,0,20,20,112
05/27/2020,LRD,TX,ASW,CE,Federal Contract Tower,7,12,11,33,63,0,0,10,10,20,7,12,21,43,83,0,280,280,363
05/28/2020,LRD,TX,ASW,CE,Federal Contract Tower,6,9,8,28,51,0,2,24,1,27,6,11,32,29,78,30,60,90,168
05/29/2020,LRD,TX,ASW,CE,Federal Contract Tower,7,8,16,7,38,0,16,17,3,36,7,24,33,10,74,0,30,30,104
05/30/2020,LRD,TX,ASW,CE,Federal Contract Tower,2,8,5,7,22,0,0,20,0,20,2,8,25,7,42,40,0,40,82
05/31/2020,LRD,TX,ASW,CE,Federal Contract Tower,0,8,4,4,16,0,1,8,0,9,0,9,12,4,25,0,0,0,25
06/01/2020,LRD,TX,ASW,CE,Federal Contract Tower,6,8,16,33,63,0,0,15,0,15,6,8,31,33,78,0,0,0,78
06/02/2020,LRD,TX,ASW,CE,Federal Contract Tower,10,10,13,23,56,0,0,20,9,29,10,10,33,32,85,20,50,70,155
06/03/2020,LRD,TX,ASW,CE,Federal Contract Tower,6,13,17,53,89,0,1,28,5,34,6,14,45,58,123,60,60,120,243
06/04/2020,LRD,TX,ASW,CE,Federal Contract Tower,10,10,18,16,54,0,0,26,3,29,10,10,44,19,83,10,0,10,93
06/05/2020,LRD,TX,ASW,CE,Federal Contract Tower,10,6,11,22,49,0,5,28,6,39,10,11,39,28,88,0,182,182,270
06/06/2020,LRD,TX,ASW,CE,Federal Contract Tower,2,11,6,4,23,0,5,18,0,23,2,16,24,4,46,20,0,20,66
06/07/2020,LRD,TX,ASW,CE,Federal Contract Tower,5,9,4,8,26,0,5,19,0,24,5,14,23,8,50,0,0,0,50
06/08/2020,LRD,TX,ASW,CE,Federal Contract Tower,3,16,10,34,63,0,8,22,3,33,3,24,32,37,96,0,280,280,376
06/09/2020,LRD,TX,ASW,CE,Federal Contract Tower,11,8,5,23,47,0,2,22,11,35,11,10,27,34,82,40,170,210,292
06/10/2020,LRD,TX,ASW,CE,Federal Contract Tower,10,15,13,45,83,0,0,17,6,23,10,15,30,51,106,10,0,10,116
06/11/2020,LRD,TX,ASW,CE,Federal Contract Tower,9,15,14,25,63,0,3,31,10,44,9,18,45,35,107,0,270,270,377
06/12/2020,LRD,TX,ASW,CE,Federal Contract Tower,9,16,19,10,54,0,2,22,5,29,9,18,41,15,83,0,272,272,355
06/13/2020,LRD,TX,ASW,CE,Federal Contract Tower,2,5,7,6,20,0,11,14,0,25,2,16,21,6,45,0,0,0,45
06/14/2020,LRD,TX,ASW,CE,Federal Contract Tower,2,8,4,8,22,0,1,19,0,20,2,9,23,8,42,4,0,4,46
06/15/2020,LRD,TX,ASW,CE,Federal Contract Tower,5,10,8,16,39,0,2,21,6,29,5,12,29,22,68,20,260,280,348
06/16/2020,LRD,TX,ASW,CE,Federal Contract Tower,7,14,18,20,59,0,3,23,6,32,7,17,41,26,91,10,0,10,101
06/17/2020,LRD,TX,ASW,CE,Federal Contract Tower,9,13,11,12,45,0,1,19,13,33,9,14,30,25,78,10,20,30,108
06/18/2020,LRD,TX,ASW,CE,Federal Contract Tower,10,12,11,18,51,0,0,14,5,19,10,12,25,23,70,0,50,50,120
06/19/2020,LRD,TX,ASW,CE,Federal Contract Tower,7,11,15,19,52,0,8,16,3,27,7,19,31,22,79,0,100,100,179
06/20/2020,LRD,TX,ASW,CE,Federal Contract Tower,2,6,11,10,29,0,2,14,0,16,2,8,25,10,45,20,0,20,65
06/21/2020,LRD,TX,ASW,CE,Federal Contract Tower,2,5,2,41,50,0,1,13,0,14,2,6,15,41,64,0,0,0,64
06/22/2020,LRD,TX,ASW,CE,Federal Contract Tower,7,15,14,41,77,0,7,25,5,37,7,22,39,46,114,10,200,210,324
06/23/2020,LRD,TX,ASW,CE,Federal Contract Tower,14,10,13,80,117,0,4,25,3,32,14,14,38,83,149,0,0,0,149
06/24/2020,LRD,TX,ASW,CE,Federal Contract Tower,8,10,16,8,42,0,0,22,5,27,8,10,38,13,69,20,0,20,89
06/25/2020,LRD,TX,ASW,CE,Federal Contract Tower,7,12,17,51,87,0,2,15,5,22,7,14,32,56,109,20,260,280,389
06/26/2020,LRD,TX,ASW,CE,Federal Contract Tower,7,15,9,17,48,0,0,6,3,9,7,15,15,20,57,0,0,0,57
06/27/2020,LRD,TX,ASW,CE,Federal Contract Tower,3,8,4,16,31,0,2,12,0,14,3,10,16,16,45,0,0,0,45
06/28/2020,LRD,TX,ASW,CE,Federal Contract Tower,2,4,8,8,22,0,4,11,0,15,2,8,19,8,37,0,0,0,37
06/29/2020,LRD,TX,ASW,CE,Federal Contract Tower,6,12,15,34,67,0,2,23,2,27,6,14,38,36,94,20,200,220,314
06/30/2020,LRD,TX,ASW,CE,Federal Contract Tower,12,10,12,38,72,0,1,17,10,28,12,11,29,48,100,2,240,242,342
07/01/2020,LRD,TX,ASW,CE,Federal Contract Tower,7,8,11,25,51,0,3,13,12,28,7,11,24,37,79,0,150,150,229
07/02/2020,LRD,TX,ASW,CE,Federal Contract Tower,7,15,15,9,46,0,3,25,6,34,7,18,40,15,80,20,60,80,160
07/03/2020,LRD,TX,ASW,CE,Federal Contract Tower,2,7,10,10,29,0,11,19,4,34,2,18,29,14,63,0,0,0,63
07/04/2020,LRD,TX,ASW,CE,Federal Contract Tower,0,5,5,0,10,0,4,17,0,21,0,9,22,0,31,0,0,0,31
07/05/2020,LRD,TX,ASW,CE,Federal Contract Tower,2,6,5,4,17,0,1,12,0,13,2,7,17,4,30,0,0,0,30
07/06/2020,LRD,TX,ASW,CE,Federal Contract Tower,5,9,9,0,23,0,1,19,9,29,5,10,28,9,52,20,10,30,82
07/07/2020,LRD,TX,ASW,CE,Federal Contract Tower,10,9,10,93,122,0,3,9,9,21,10,12,19,102,143,0,90,90,233
07/08/2020,LRD,TX,ASW,CE,Federal Contract Tower,11,18,20,52,101,0,0,27,9,36,11,18,47,61,137,20,60,80,217
07/09/2020,LRD,TX,ASW,CE,Federal Contract Tower,8,19,12,22,61,0,3,18,9,30,8,22,30,31,91,10,120,130,221
07/10/2020,LRD,TX,ASW,CE,Federal Contract Tower,5,16,14,47,82,0,9,22,18,49,5,25,36,65,131,0,180,180,311
07/11/2020,LRD,TX,ASW,CE,Federal Contract Tower,2,9,5,8,24,0,2,17,0,19,2,11,22,8,43,0,0,0,43
07/12/2020,LRD,TX,ASW,CE,Federal Contract Tower,1,12,7,29,49,0,5,9,0,14,1,17,16,29,63,0,0,0,63
07/13/2020,LRD,TX,ASW,CE,Federal Contract Tower,5,15,7,15,42,0,0,13,13,26,5,15,20,28,68,0,0,0,68
07/14/2020,LRD,TX,ASW,CE,Federal Contract Tower,9,16,10,13,48,0,1,13,5,19,9,17,23,18,67,0,6,6,73
07/15/2020,LRD,TX,ASW,CE,Federal Contract Tower,11,17,10,41,79,0,0,17,6,23,11,17,27,47,102,10,60,70,172
07/16/2020,LRD,TX,ASW,CE,Federal Contract Tower,9,12,15,5,41,0,2,9,7,18,9,14,24,12,59,0,0,0,59
07/17/2020,LRD,TX,ASW,CE,Federal Contract Tower,4,19,11,12,46,0,3,11,3,17,4,22,22,15,63,0,20,20,83
07/18/2020,LRD,TX,ASW,CE,Federal Contract Tower,3,23,5,10,41,0,3,8,0,11,3,26,13,10,52,0,0,0,52
07/19/2020,LRD,TX,ASW,CE,Federal Contract Tower,3,27,9,18,57,0,3,9,0,12,3,30,18,18,69,20,0,20,89
07/20/2020,LRD,TX,ASW,CE,Federal Contract Tower,9,21,7,44,81,2,1,17,6,26,11,22,24,50,107,10,110,120,227
07/21/2020,LRD,TX,ASW,CE,Federal Contract Tower,22,16,9,19,66,0,5,17,5,27,22,21,26,24,93,0,240,240,333
07/22/2020,LRD,TX,ASW,CE,Federal Contract Tower,13,15,22,38,88,0,7,14,15,36,13,22,36,53,124,20,200,220,344
07/23/2020,LRD,TX,ASW,CE,Federal Contract Tower,18,18,7,16,59,0,1,15,4,20,18,19,22,20,79,0,120,120,199
07/24/2020,LRD,TX,ASW,CE,Federal Contract Tower,9,29,8,17,63,0,8,20,1,29,9,37,28,18,92,30,220,250,342
07/25/2020,LRD,TX,ASW,CE,Federal Contract Tower,4,13,8,0,25,0,1,6,0,7,4,14,14,0,32,10,0,10,42
07/26/2020,LRD,TX,ASW,CE,Federal Contract Tower,2,7,0,0,9,0,0,0,0,0,2,7,0,0,9,0,0,0,9
07/27/2020,LRD,TX,ASW,CE,Federal Contract Tower,5,18,10,8,41,0,0,8,4,12,5,18,18,12,53,0,20,20,73
07/28/2020,LRD,TX,ASW,CE,Federal Contract Tower,13,17,6,14,50,0,0,12,3,15,13,17,18,17,65,0,0,0,65
07/29/2020,LRD,TX,ASW,CE,Federal Contract Tower,17,28,4,36,85,0,0,17,5,22,17,28,21,41,107,0,40,40,147
07/30/2020,LRD,TX,ASW,CE,Federal Contract Tower,14,18,20,15,67,0,3,24,8,35,14,21,44,23,102,0,0,0,102
08/01/2020,LRD,TX,ASW,CE,Federal Contract Tower,2,12,9,0,23,0,4,19,0,23,2,16,28,0,46,0,0,0,46
08/02/2020,LRD,TX,ASW,CE,Federal Contract Tower,2,15,14,9,40,0,0,18,0,18,2,15,32,9,58,40,0,40,98
08/03/2020,LRD,TX,ASW,CE,Federal Contract Tower,6,17,14,47,84,0,2,19,11,32,6,19,33,58,116,0,280,280,396
08/05/2020,LRD,TX,ASW,CE,Federal Contract Tower,9,21,19,38,87,0,24,27,12,63,9,45,46,50,150,0,210,210,360
08/06/2020,LRD,TX,ASW,CE,Federal Contract Tower,12,27,29,24,92,0,5,16,5,26,12,32,45,29,118,0,160,160,278
08/07/2020,LRD,TX,ASW,CE,Federal Contract Tower,15,24,20,11,70,0,18,24,3,45,15,42,44,14,115,10,0,10,125
08/08/2020,LRD,TX,ASW,CE,Federal Contract Tower,3,15,8,16,42,0,0,7,20,27,3,15,15,36,69,0,0,0,69
08/09/2020,LRD,TX,ASW,CE,Federal Contract Tower,2,7,9,18,36,0,7,15,0,22,2,14,24,18,58,30,0,30,88
08/10/2020,LRD,TX,ASW,CE,Federal Contract Tower,8,16,11,28,63,0,2,26,3,31,8,18,37,31,94,6,160,166,260
08/11/2020,LRD,TX,ASW,CE,Federal Contract Tower,19,18,8,28,73,0,2,19,3,24,19,20,27,31,97,0,270,270,367
08/12/2020,LRD,TX,ASW,CE,Federal Contract Tower,10,17,14,22,63,0,2,28,13,43,10,19,42,35,106,70,190,260,366
08/13/2020,LRD,TX,ASW,CE,Federal Contract Tower,13,16,13,20,62,0,8,29,4,41,13,24,42,24,103,10,260,270,373
08/14/2020,LRD,TX,ASW,CE,Federal Contract Tower,12,21,14,18,65,0,0,29,3,32,12,21,43,21,97,10,90,100,197
08/15/2020,LRD,TX,ASW,CE,Federal Contract Tower,5,12,14,5,36,0,5,17,1,23,5,17,31,6,59,10,0,10,69
08/16/2020,LRD,TX,ASW,CE,Federal Contract Tower,2,17,10,2,31,0,7,21,0,28,2,24,31,2,59,10,0,10,69
08/17/2020,LRD,TX,ASW,CE,Federal Contract Tower,6,21,10,8,45,0,2,29,2,33,6,23,39,10,78,0,150,150,228
08/18/2020,LRD,TX,ASW,CE,Federal Contract Tower,15,21,8,8,52,0,6,15,5,26,15,27,23,13,78,0,44,44,122
08/19/2020,LRD,TX,ASW,CE,Federal Contract Tower,9,21,13,24,67,0,14,31,9,54,9,35,44,33,121,100,80,180,301
08/20/2020,LRD,TX,ASW,CE,Federal Contract Tower,9,22,18,10,59,0,10,28,4,42,9,32,46,14,101,30,80,110,211
08/21/2020,LRD,TX,ASW,CE,Federal Contract Tower,5,15,17,22,59,0,0,24,6,30,5,15,41,28,89,0,200,200,289
08/22/2020,LRD,TX,ASW,CE,Federal Contract Tower,2,18,9,15,44,0,5,21,1,27,2,23,30,16,71,0,10,10,81
08/23/2020,LRD,TX,ASW,CE,Federal Contract Tower,2,13,8,9,32,0,7,20,0,27,2,20,28,9,59,0,0,0,59
08/24/2020,LRD,TX,ASW,CE,Federal Contract Tower,10,19,11,13,53,0,4,10,3,17,10,23,21,16,70,0,0,0,70
08/25/2020,LRD,TX,ASW,CE,Federal Contract Tower,14,33,11,39,97,0,1,25,10,36,14,34,36,49,133,20,170,190,323
08/26/2020,LRD,TX,ASW,CE,Federal Contract Tower,13,15,16,31,75,0,0,18,5,23,13,15,34,36,98,0,104,104,202
08/27/2020,LRD,TX,ASW,CE,Federal Contract Tower,15,20,12,47,94,0,0,25,3,28,15,20,37,50,122,0,60,60,182
08/28/2020,LRD,TX,ASW,CE,Federal Contract Tower,6,27,14,28,75,0,2,20,10,32,6,29,34,38,107,0,256,256,363
08/29/2020,LRD,TX,ASW,CE,Federal Contract Tower,7,16,5,0,28,0,7,18,0,25,7,23,23,0,53,0,0,0,53
08/30/2020,LRD,TX,ASW,CE,Federal Contract Tower,2,20,10,0,32,0,5,24,0,29,2,25,34,0,61,0,0,0,61
08/31/2020,LRD,TX,ASW,CE,Federal Contract Tower,10,25,10,40,85,0,2,33,3,38,10,27,43,43,123,30,220,250,373
09/01/2020,LRD,TX,ASW,CE,Federal Contract Tower,23,13,22,22,80,0,1,25,1,27,23,14,47,23,107,30,50,80,187
09/02/2020,LRD,TX,ASW,CE,Federal Contract Tower,18,35,12,35,100,0,1,31,5,37,18,36,43,40,137,70,120,190,327
09/03/2020,LRD,TX,ASW,CE,Federal Contract Tower,14,33,14,22,83,0,0,19,9,28,14,33,33,31,111,0,40,40,151
09/04/2020,LRD,TX,ASW,CE,Federal Contract Tower,9,18,20,2,49,0,0,18,3,21,9,18,38,5,70,20,2,22,92
09/05/2020,LRD,TX,ASW,CE,Federal Contract Tower,6,7,5,0,18,0,0,1,0,1,6,7,6,0,19,20,0,20,39
09/06/2020,LRD,TX,ASW,CE,Federal Contract Tower,2,10,11,0,23,0,14,13,0,27,2,24,24,0,50,20,0,20,70
09/07/2020,LRD,TX,ASW,CE,Federal Contract Tower,5,7,13,0,25,0,0,33,4,37,5,7,46,4,62,26,0,26,88
09/08/2020,LRD,TX,ASW,CE,Federal Contract Tower,17,27,19,18,81,0,2,19,6,27,17,29,38,24,108,20,130,150,258
09/09/2020,LRD,TX,ASW,CE,Federal Contract Tower,20,28,16,38,102,0,1,21,7,29,20,29,37,45,131,90,70,160,291
09/10/2020,LRD,TX,ASW,CE,Federal Contract Tower,17,29,25,37,108,0,0,17,3,20,17,29,42,40,128,0,40,40,168
09/11/2020,LRD,TX,ASW,CE,Federal Contract Tower,21,42,24,2,89,0,4,24,0,28,21,46,48,2,117,0,0,0,117
09/12/2020,LRD,TX,ASW,CE,Federal Contract Tower,8,18,9,5,40,0,0,28,0,28,8,18,37,5,68,0,0,0,68
09/13/2020,LRD,TX,ASW,CE,Federal Contract Tower,6,13,13,16,48,0,0,26,0,26,6,13,39,16,74,40,40,80,154
09/14/2020,LRD,TX,ASW,CE,Federal Contract Tower,20,18,12,13,63,0,3,14,4,21,20,21,26,17,84,0,120,120,204
09/15/2020,LRD,TX,ASW,CE,Federal Contract Tower,28,32,13,11,84,0,1,23,7,31,28,33,36,18,115,0,10,10,125
09/16/2020,LRD,TX,ASW,CE,Federal Contract Tower,20,19,11,30,80,0,0,26,6,32,20,19,37,36,112,30,260,290,402
09/17/2020,LRD,TX,ASW,CE,Federal Contract Tower,20,32,18,4,74,0,0,16,3,19,20,32,34,7,93,20,20,40,133
09/18/2020,LRD,TX,ASW,CE,Federal Contract Tower,24,30,10,13,77,0,0,20,2,22,24,30,30,15,99,20,140,160,259
09/19/2020,LRD,TX,ASW,CE,Federal Contract Tower,18,13,10,0,41,0,6,23,0,29,18,19,33,0,70,10,0,10,80
09/20/2020,LRD,TX,ASW,CE,Federal Contract Tower,4,11,13,2,30,0,5,21,0,26,4,16,34,2,56,0,0,0,56
09/21/2020,LRD,TX,ASW,CE,Federal Contract Tower,15,24,12,24,75,0,0,16,6,22,15,24,28,30,97,18,124,142,239
09/22/2020,LRD,TX,ASW,CE,Federal Contract Tower,22,32,16,41,111,0,0,10,10,20,22,32,26,51,131,0,530,530,661
09/23/2020,LRD,TX,ASW,CE,Federal Contract Tower,34,35,16,35,120,0,1,24,7,32,34,36,40,42,152,10,232,242,394
09/24/2020,LRD,TX,ASW,CE,Federal Contract Tower,33,33,14,10,90,0,1,30,2,33,33,34,44,12,123,0,140,140,263
09/25/2020,LRD,TX,ASW,CE,Federal Contract Tower,18,22,17,2,59,0,4,15,3,22,18,26,32,5,81,0,0,0,81
09/26/2020,LRD,TX,ASW,CE,Federal Contract Tower,17,10,16,2,45,0,1,13,4,18,17,11,29,6,63,0,0,0,63
09/27/2020,LRD,TX,ASW,CE,Federal Contract Tower,10,14,11,10,45,0,1,12,0,13,10,15,23,10,58,0,0,0,58
09/28/2020,LRD,TX,ASW,CE,Federal Contract Tower,19,23,12,33,87,0,1,6,5,12,19,24,18,38,99,0,40,40,139
09/29/2020,LRD,TX,ASW,CE,Federal Contract Tower,25,30,9,20,84,0,2,21,5,28,25,32,30,25,112,0,340,340,452
09/30/2020,LRD,TX,ASW,CE,Federal Contract Tower,19,48,13,22,102,0,1,22,5,28,19,49,35,27,130,46,250,296,426
10/01/2020,LRD,TX,ASW,CE,Federal Contract Tower,25,54,13,16,108,0,0,33,5,38,25,54,46,21,146,0,250,250,396
10/02/2020,LRD,TX,ASW,CE,Federal Contract Tower,27,30,33,7,97,0,4,35,3,42,27,34,68,10,139,10,130,140,279
10/03/2020,LRD,TX,ASW,CE,Federal Contract Tower,15,13,17,6,51,0,0,33,0,33,15,13,50,6,84,0,0,0,84
10/04/2020,LRD,TX,ASW,CE,Federal Contract Tower,13,16,15,0,44,0,4,33,0,37,13,20,48,0,81,0,0,0,81
10/05/2020,LRD,TX,ASW,CE,Federal Contract Tower,22,27,20,16,85,0,1,18,8,27,22,28,38,24,112,0,240,240,352
10/06/2020,LRD,TX,ASW,CE,Federal Contract Tower,25,45,13,25,108,0,7,30,17,54,25,52,43,42,162,40,80,120,282
10/07/2020,LRD,TX,ASW,CE,Federal Contract Tower,30,33,13,19,95,0,7,19,11,37,30,40,32,30,132,30,120,150,282
10/08/2020,LRD,TX,ASW,CE,Federal Contract Tower,25,26,18,32,101,0,4,32,11,47,25,30,50,43,148,0,210,210,358
10/09/2020,LRD,TX,ASW,CE,Federal Contract Tower,20,27,24,25,96,0,0,20,16,36,20,27,44,41,132,40,344,384,516
10/10/2020,LRD,TX,ASW,CE,Federal Contract Tower,13,21,10,10,54,0,7,28,0,35,13,28,38,10,89,0,0,0,89
10/11/2020,LRD,TX,ASW,CE,Federal Contract Tower,14,20,14,10,58,0,5,20,0,25,14,25,34,10,83,0,0,0,83
10/12/2020,LRD,TX,ASW,CE,Federal Contract Tower,15,35,21,5,76,0,0,16,4,20,15,35,37,9,96,0,0,0,96
10/13/2020,LRD,TX,ASW,CE,Federal Contract Tower,32,43,28,12,115,0,7,10,9,26,32,50,38,21,141,0,80,80,221
10/14/2020,LRD,TX,ASW,CE,Federal Contract Tower,25,37,17,9,88,0,4,19,11,34,25,41,36,20,122,20,30,50,172
10/15/2020,LRD,TX,ASW,CE,Federal Contract Tower,23,38,23,20,104,0,8,32,22,62,23,46,55,42,166,0,100,100,266
10/17/2020,LRD,TX,ASW,CE,Federal Contract Tower,15,16,19,9,59,0,0,13,6,19,15,16,32,15,78,10,0,10,88
10/18/2020,LRD,TX,ASW,CE,Federal Contract Tower,9,20,11,0,40,0,9,24,7,40,9,29,35,7,80,0,20,20,100
10/19/2020,LRD,TX,ASW,CE,Federal Contract Tower,15,25,21,20,81,0,9,17,14,40,15,34,38,34,121,0,180,180,301
10/20/2020,LRD,TX,ASW,CE,Federal Contract Tower,20,29,25,19,93,0,0,26,9,35,20,29,51,28,128,40,90,130,258
10/21/2020,LRD,TX,ASW,CE,Federal Contract Tower,21,35,21,15,92,0,1,26,4,31,21,36,47,19,123,10,0,10,133
10/22/2020,LRD,TX,ASW,CE,Federal Contract Tower,22,33,21,20,96,0,0,38,4,42,22,33,59,24,138,60,30,90,228
10/23/2020,LRD,TX,ASW,CE,Federal Contract Tower,16,33,26,27,102,0,5,28,14,47,16,38,54,41,149,0,230,230,379
10/24/2020,LRD,TX,ASW,CE,Federal Contract Tower,17,19,4,3,43,0,4,17,1,22,17,23,21,4,65,0,0,0,65
10/25/2020,LRD,TX,ASW,CE,Federal Contract Tower,19,28,12,0,59,0,0,16,2,18,19,28,28,2,77,0,0,0,77
10/26/2020,LRD,TX,ASW,CE,Federal Contract Tower,26,37,25,19,107,0,0,21,1,22,26,37,46,20,129,0,250,250,379
10/27/2020,LRD,TX,ASW,CE,Federal Contract Tower,27,42,26,23,118,0,0,4,0,4,27,42,30,23,122,0,0,0,122
10/28/2020,LRD,TX,ASW,CE,Federal Contract Tower,38,41,20,38,137,0,1,27,5,33,38,42,47,43,170,50,300,350,520
10/29/2020,LRD,TX,ASW,CE,Federal Contract Tower,37,33,11,22,103,0,1,36,5,42,37,34,47,27,145,0,140,140,285
10/30/2020,LRD,TX,ASW,CE,Federal Contract Tower,15,29,24,13,81,0,3,19,3,25,15,32,43,16,106,10,110,120,226
10/31/2020,LRD,TX,ASW,CE,Federal Contract Tower,21,15,9,1,46,0,15,23,1,39,21,30,32,2,85,30,0,30,115
11/01/2020,LRD,TX,ASW,CE,Federal Contract Tower,11,16,10,0,37,0,4,16,7,27,11,20,26,7,64,0,0,0,64
11/02/2020,LRD,TX,ASW,CE,Federal Contract Tower,13,17,20,11,61,0,0,22,3,25,13,17,42,14,86,60,170,230,316
11/03/2020,LRD,TX,ASW,CE,Federal Contract Tower,19,45,21,9,94,0,2,29,6,37,19,47,50,15,131,80,90,170,301
11/04/2020,LRD,TX,ASW,CE,Federal Contract Tower,25,43,21,24,113,0,7,28,3,38,25,50,49,27,151,0,100,100,251
11/05/2020,LRD,TX,ASW,CE,Federal Contract Tower,25,38,16,11,90,0,1,26,2,29,25,39,42,13,119,10,110,120,239
11/06/2020,LRD,TX,ASW,CE,Federal Contract Tower,23,53,12,11,99,0,13,27,1,41,23,66,39,12,140,0,130,130,270
11/07/2020,LRD,TX,ASW,CE,Federal Contract Tower,20,25,19,4,68,0,0,29,1,30,20,25,48,5,98,20,0,20,118
11/08/2020,LRD,TX,ASW,CE,Federal Contract Tower,11,28,14,6,59,0,0,21,1,22,11,28,35,7,81,0,0,0,81
11/09/2020,LRD,TX,ASW,CE,Federal Contract Tower,21,25,15,18,79,0,3,16,1,20,21,28,31,19,99,0,130,130,229
11/10/2020,LRD,TX,ASW,CE,Federal Contract Tower,13,26,29,23,91,0,0,22,2,24,13,26,51,25,115,10,10,20,135
11/11/2020,LRD,TX,ASW,CE,Federal Contract Tower,18,48,13,6,85,0,2,23,1,26,18,50,36,7,111,10,0,10,121
11/12/2020,LRD,TX,ASW,CE,Federal Contract Tower,16,41,19,0,76,0,1,24,1,26,16,42,43,1,102,30,0,30,132
11/13/2020,LRD,TX,ASW,CE,Federal Contract Tower,16,27,18,8,69,0,5,19,2,26,16,32,37,10,95,20,30,50,145
11/14/2020,LRD,TX,ASW,CE,Federal Contract Tower,10,23,9,8,50,0,3,19,2,24,10,26,28,10,74,20,0,20,94
11/15/2020,LRD,TX,ASW,CE,Federal Contract Tower,12,19,8,8,47,0,4,24,1,29,12,23,32,9,76,20,0,20,96
11/16/2020,LRD,TX,ASW,CE,Federal Contract Tower,14,26,34,13,87,0,10,31,0,41,14,36,65,13,128,10,170,180,308
11/17/2020,LRD,TX,ASW,CE,Federal Contract Tower,11,53,14,16,94,0,3,36,3,42,11,56,50,19,136,40,200,240,376
11/18/2020,LRD,TX,ASW,CE,Federal Contract Tower,22,47,25,18,112,0,37,4,0,41,22,84,29,18,153,30,80,110,263
11/19/2020,LRD,TX,ASW,CE,Federal Contract Tower,17,49,22,21,109,0,3,25,2,30,17,52,47,23,139,50,150,200,339
11/20/2020,LRD,TX,ASW,CE,Federal Contract Tower,23,50,11,10,94,0,9,28,2,39,23,59,39,12,133,10,60,70,203
11/21/2020,LRD,TX,ASW,CE,Federal Contract Tower,11,25,21,2,59,0,7,16,4,27,11,32,37,6,86,25,60,85,171
11/22/2020,LRD,TX,ASW,CE,Federal Contract Tower,20,24,19,4,67,0,3,34,1,38,20,27,53,5,105,0,0,0,105
11/23/2020,LRD,TX,ASW,CE,Federal Contract Tower,17,25,9,35,86,0,5,25,4,34,17,30,34,39,120,0,184,184,304
11/24/2020,LRD,TX,ASW,CE,Federal Contract Tower,21,55,22,19,117,0,7,25,8,40,21,62,47,27,157,20,80,100,257
11/25/2020,LRD,TX,ASW,CE,Federal Contract Tower,17,36,21,9,83,0,16,25,1,42,17,52,46,10,125,20,0,20,145
11/26/2020,LRD,TX,ASW,CE,Federal Contract Tower,15,14,11,0,40,0,0,21,0,21,15,14,32,0,61,20,0,20,81
11/27/2020,LRD,TX,ASW,CE,Federal Contract Tower,10,23,4,0,37,0,0,16,0,16,10,23,20,0,53,0,0,0,53
11/28/2020,LRD,TX,ASW,CE,Federal Contract Tower,19,15,11,0,45,0,0,0,0,0,19,15,11,0,45,0,0,0,45
11/29/2020,LRD,TX,ASW,CE,Federal Contract Tower,11,22,10,1,44,0,10,28,1,39,11,32,38,2,83,10,0,10,93
11/30/2020,LRD,TX,ASW,CE,Federal Contract Tower,12,42,18,12,84,0,5,20,3,28,12,47,38,15,112,20,80,100,212
12/01/2020,LRD,TX,ASW,CE,Federal Contract Tower,24,31,26,16,97,0,3,32,7,42,24,34,58,23,139,50,160,210,349
12/02/2020,LRD,TX,ASW,CE,Federal Contract Tower,21,48,19,36,124,0,1,22,3,26,21,49,41,39,150,0,160,160,310
12/03/2020,LRD,TX,ASW,CE,Federal Contract Tower,24,41,26,11,102,0,0,42,6,48,24,41,68,17,150,26,152,178,328
12/04/2020,LRD,TX,ASW,CE,Federal Contract Tower,19,32,29,8,88,0,1,29,2,32,19,33,58,10,120,0,100,100,220
12/05/2020,LRD,TX,ASW,CE,Federal Contract Tower,14,14,6,7,41,0,0,33,0,33,14,14,39,7,74,0,0,0,74
12/06/2020,LRD,TX,ASW,CE,Federal Contract Tower,15,20,16,2,53,0,1,34,2,37,15,21,50,4,90,0,0,0,90
12/07/2020,LRD,TX,ASW,CE,Federal Contract Tower,32,44,16,2,94,0,9,26,0,35,32,53,42,2,129,0,50,50,179
12/08/2020,LRD,TX,ASW,CE,Federal Contract Tower,33,40,10,8,91,0,0,30,0,30,33,40,40,8,121,20,40,60,181
12/09/2020,LRD,TX,ASW,CE,Federal Contract Tower,30,33,17,12,92,0,2,37,5,44,30,35,54,17,136,0,40,40,176
12/10/2020,LRD,TX,ASW,CE,Federal Contract Tower,22,51,20,8,101,0,2,35,2,39,22,53,55,10,140,10,20,30,170
12/11/2020,LRD,TX,ASW,CE,Federal Contract Tower,17,44,21,16,98,0,0,31,4,35,17,44,52,20,133,10,180,190,323
12/12/2020,LRD,TX,ASW,CE,Federal Contract Tower,12,39,11,11,73,0,0,30,5,35,12,39,41,16,108,0,20,20,128
12/13/2020,LRD,TX,ASW,CE,Federal Contract Tower,14,22,17,12,65,0,10,20,2,32,14,32,37,14,97,0,0,0,97
12/14/2020,LRD,TX,ASW,CE,Federal Contract Tower,28,49,18,6,101,0,2,28,2,32,28,51,46,8,133,0,120,120,253
12/15/2020,LRD,TX,ASW,CE,Federal Contract Tower,33,40,21,16,110,0,4,37,0,41,33,44,58,16,151,0,60,60,211
12/16/2020,LRD,TX,ASW,CE,Federal Contract Tower,31,46,35,18,130,0,0,40,4,44,31,46,75,22,174,20,50,70,244
12/17/2020,LRD,TX,ASW,CE,Federal Contract Tower,30,50,18,13,111,0,7,35,5,47,30,57,53,18,158,0,140,140,298
12/18/2020,LRD,TX,ASW,CE,Federal Contract Tower,22,40,21,3,86,0,4,23,2,29,22,44,44,5,115,10,0,10,125
12/19/2020,LRD,TX,ASW,CE,Federal Contract Tower,26,38,10,4,78,0,3,20,1,24,26,41,30,5,102,0,0,0,102
12/20/2020,LRD,TX,ASW,CE,Federal Contract Tower,22,25,18,0,65,0,0,18,1,19,22,25,36,1,84,0,0,0,84
12/21/2020,LRD,TX,ASW,CE,Federal Contract Tower,15,36,19,7,77,0,1,28,0,29,15,37,47,7,106,0,140,140,246
12/22/2020,LRD,TX,ASW,CE,Federal Contract Tower,14,33,15,4,66,0,8,24,1,33,14,41,39,5,99,0,90,90,189
12/23/2020,LRD,TX,ASW,CE,Federal Contract Tower,25,33,26,0,84,0,0,26,1,27,25,33,52,1,111,0,0,0,111
12/24/2020,LRD,TX,ASW,CE,Federal Contract Tower,14,18,13,0,45,0,3,15,1,19,14,21,28,1,64,0,0,0,64
12/25/2020,LRD,TX,ASW,CE,Federal Contract Tower,3,13,6,0,22,0,9,17,2,28,3,22,23,2,50,0,0,0,50
12/26/2020,LRD,TX,ASW,CE,Federal Contract Tower,4,21,34,0,59,0,14,28,1,43,4,35,62,1,102,0,0,0,102
12/27/2020,LRD,TX,ASW,CE,Federal Contract Tower,0,17,21,0,38,0,1,14,4,19,0,18,35,4,57,0,0,0,57
12/28/2020,LRD,TX,ASW,CE,Federal Contract Tower,5,29,16,0,50,0,3,9,1,13,5,32,25,1,63,0,0,0,63
12/29/2020,LRD,TX,ASW,CE,Federal Contract Tower,7,17,17,0,41,0,8,20,3,31,7,25,37,3,72,0,0,0,72
12/30/2020,LRD,TX,ASW,CE,Federal Contract Tower,14,23,12,0,49,0,3,14,0,17,14,26,26,0,66,0,0,0,66
12/31/2020,LRD,TX,ASW,CE,Federal Contract Tower,7,9,13,0,29,0,1,14,1,16,7,10,27,1,45,0,0,0,45
01/01/2021,LRD,TX,ASW,CE,Federal Contract Tower,2,9,6,0,17,0,10,16,1,27,2,19,22,1,44,0,0,0,44
01/02/2021,LRD,TX,ASW,CE,Federal Contract Tower,7,12,24,0,43,0,4,26,1,31,7,16,50,1,74,0,0,0,74
01/03/2021,LRD,TX,ASW,CE,Federal Contract Tower,2,11,29,4,46,0,8,20,1,29,2,19,49,5,75,0,0,0,75
01/04/2021,LRD,TX,ASW,CE,Federal Contract Tower,6,20,18,1,45,0,3,20,1,24,6,23,38,2,69,0,0,0,69
01/05/2021,LRD,TX,ASW,CE,Federal Contract Tower,21,27,21,3,72,0,0,24,6,30,21,27,45,9,102,40,50,90,192
01/06/2021,LRD,TX,ASW,CE,Federal Contract Tower,20,32,26,14,92,0,0,25,5,30,20,32,51,19,122,20,50,70,192
01/07/2021,LRD,TX,ASW,CE,Federal Contract Tower,25,23,14,6,68,0,16,21,6,43,25,39,35,12,111,40,0,40,151
01/08/2021,LRD,TX,ASW,CE,Federal Contract Tower,21,37,19,5,82,0,2,38,2,42,21,39,57,7,124,0,100,100,224
01/09/2021,LRD,TX,ASW,CE,Federal Contract Tower,15,18,22,17,72,0,1,14,2,17,15,19,36,19,89,0,50,50,139
01/10/2021,LRD,TX,ASW,CE,Federal Contract Tower,9,21,12,2,44,0,0,5,3,8,9,21,17,5,52,0,0,0,52
01/11/2021,LRD,TX,ASW,CE,Federal Contract Tower,28,35,10,15,88,0,6,13,1,20,28,41,23,16,108,0,100,100,208
01/12/2021,LRD,TX,ASW,CE,Federal Contract Tower,27,46,19,13,105,0,5,36,1,42,27,51,55,14,147,20,160,180,327
01/13/2021,LRD,TX,ASW,CE,Federal Contract Tower,23,49,33,11,116,0,1,28,3,32,23,50,61,14,148,0,0,0,148
01/14/2021,LRD,TX,ASW,CE,Federal Contract Tower,21,39,26,9,95,1,10,32,3,46,22,49,58,12,141,0,0,0,141
01/15/2021,LRD,TX,ASW,CE,Federal Contract Tower,15,39,23,8,85,0,18,34,3,55,15,57,57,11,140,20,60,80,220
01/16/2021,LRD,TX,ASW,CE,Federal Contract Tower,9,27,16,8,60,0,5,24,0,29,9,32,40,8,89,0,0,0,89
01/17/2021,LRD,TX,ASW,CE,Federal Contract Tower,6,24,20,0,50,0,11,19,10,40,6,35,39,10,90,20,0,20,110
01/18/2021,LRD,TX,ASW,CE,Federal Contract Tower,11,29,24,6,70,0,4,21,0,25,11,33,45,6,95,0,0,0,95
01/19/2021,LRD,TX,ASW,CE,Federal Contract Tower,12,31,27,11,81,0,1,35,1,37,12,32,62,12,118,0,0,0,118
01/20/2021,LRD,TX,ASW,CE,Federal Contract Tower,18,38,22,0,78,0,0,0,0,0,18,38,22,0,78,0,0,0,78
01/21/2021,LRD,TX,ASW,CE,Federal Contract Tower,18,37,27,29,111,0,2,14,2,18,18,39,41,31,129,0,130,130,259
01/22/2021,LRD,TX,ASW,CE,Federal Contract Tower,9,45,28,33,115,0,8,41,5,54,9,53,69,38,169,0,240,240,409
01/23/2021,LRD,TX,ASW,CE,Federal Contract Tower,7,23,16,3,49,0,0,7,0,7,7,23,23,3,56,0,0,0,56
01/24/2021,LRD,TX,ASW,CE,Federal Contract Tower,12,21,24,12,69,0,0,17,2,19,12,21,41,14,88,0,0,0,88
01/25/2021,LRD,TX,ASW,CE,Federal Contract Tower,6,33,25,34,98,0,2,20,3,25,6,35,45,37,123,0,202,202,325
01/26/2021,LRD,TX,ASW,CE,Federal Contract Tower,14,38,26,20,98,0,2,30,2,34,14,40,56,22,132,10,90,100,232
01/27/2021,LRD,TX,ASW,CE,Federal Contract Tower,10,31,22,13,76,0,14,31,12,57,10,45,53,25,133,10,72,82,215
01/28/2021,LRD,TX,ASW,CE,Federal Contract Tower,20,41,33,17,111,0,5,45,3,53,20,46,78,20,164,34,110,144,308
01/29/2021,LRD,TX,ASW,CE,Federal Contract Tower,6,34,21,22,83,0,4,28,2,34,6,38,49,24,117,0,220,220,337
01/30/2021,LRD,TX,ASW,CE,Federal Contract Tower,7,24,14,2,47,0,7,27,1,35,7,31,41,3,82,10,0,10,92
01/31/2021,LRD,TX,ASW,CE,Federal Contract Tower,2,25,13,2,42,0,1,21,5,27,2,26,34,7,69,0,0,0,69
02/01/2021,LRD,TX,ASW,CE,Federal Contract Tower,5,18,19,19,61,1,3,19,4,27,6,21,38,23,88,0,150,150,238
02/02/2021,LRD,TX,ASW,CE,Federal Contract Tower,7,37,44,24,112,0,0,37,5,42,7,37,81,29,154,96,160,256,410
02/03/2021,LRD,TX,ASW,CE,Federal Contract Tower,25,55,22,18,120,0,3,28,3,34,25,58,50,21,154,0,216,216,370
02/04/2021,LRD,TX,ASW,CE,Federal Contract Tower,16,35,23,18,92,0,0,21,1,22,16,35,44,19,114,0,0,0,114
02/05/2021,LRD,TX,ASW,CE,Federal Contract Tower,11,42,24,12,89,0,0,15,2,17,11,42,39,14,106,10,60,70,176
02/06/2021,LRD,TX,ASW,CE,Federal Contract Tower,3,12,24,22,61,0,0,7,0,7,3,12,31,22,68,0,0,0,68
02/07/2021,LRD,TX,ASW,CE,Federal Contract Tower,7,30,8,8,53,0,4,28,1,33,7,34,36,9,86,20,0,20,106
02/08/2021,LRD,TX,ASW,CE,Federal Contract Tower,9,30,17,10,66,0,3,26,1,30,9,33,43,11,96,0,60,60,156
02/09/2021,LRD,TX,ASW,CE,Federal Contract Tower,14,37,27,2,80,0,0,13,2,15,14,37,40,4,95,30,150,180,275
02/10/2021,LRD,TX,ASW,CE,Federal Contract Tower,17,51,41,77,186,0,0,19,0,19,17,51,60,77,205,0,200,200,405
02/11/2021,LRD,TX,ASW,CE,Federal Contract Tower,23,48,30,2,103,0,0,0,0,0,23,48,30,2,103,0,0,0,103
02/12/2021,LRD,TX,ASW,CE,Federal Contract Tower,20,45,32,5,102,0,0,2,0,2,20,45,34,5,104,0,0,0,104
02/13/2021,LRD,TX,ASW,CE,Federal Contract Tower,6,23,7,0,36,0,0,4,0,4,6,23,11,0,40,0,0,0,40
02/14/2021,LRD,TX,ASW,CE,Federal Contract Tower,5,14,17,0,36,0,0,0,0,0,5,14,17,0,36,0,0,0,36
02/18/2021,LRD,TX,ASW,CE,Federal Contract Tower,7,36,16,0,59,0,0,15,1,16,7,36,31,1,75,0,0,0,75
02/19/2021,LRD,TX,ASW,CE,Federal Contract Tower,19,26,19,0,64,0,7,28,1,36,19,33,47,1,100,0,0,0,100
02/20/2021,LRD,TX,ASW,CE,Federal Contract Tower,12,25,14,10,61,0,2,38,2,42,12,27,52,12,103,0,50,50,153
02/21/2021,LRD,TX,ASW,CE,Federal Contract Tower,11,28,22,13,74,0,3,34,4,41,11,31,56,17,115,30,10,40,155
02/22/2021,LRD,TX,ASW,CE,Federal Contract Tower,13,39,24,3,79,0,3,35,4,42,13,42,59,7,121,10,20,30,151
02/23/2021,LRD,TX,ASW,CE,Federal Contract Tower,18,50,39,7,114,0,0,31,1,32,18,50,70,8,146,0,0,0,146
02/24/2021,LRD,TX,ASW,CE,Federal Contract Tower,14,55,24,12,105,0,1,35,1,37,14,56,59,13,142,0,0,0,142
02/25/2021,LRD,TX,ASW,CE,Federal Contract Tower,18,36,27,22,103,0,0,33,0,33,18,36,60,22,136,0,64,64,200
02/26/2021,LRD,TX,ASW,CE,Federal Contract Tower,12,36,50,14,112,0,0,22,1,23,12,36,72,15,135,170,0,170,305
02/27/2021,LRD,TX,ASW,CE,Federal Contract Tower,8,32,16,13,69,0,3,31,3,37,8,35,47,16,106,40,50,90,196
02/28/2021,LRD,TX,ASW,CE,Federal Contract Tower,3,22,24,0,49,0,6,16,2,24,3,28,40,2,73,0,0,0,73
03/01/2021,LRD,TX,ASW,CE,Federal Contract Tower,12,37,24,16,89,0,0,9,0,9,12,37,33,16,98,0,150,150,248
03/02/2021,LRD,TX,ASW,CE,Federal Contract Tower,13,34,26,11,84,0,1,33,2,36,13,35,59,13,120,0,0,0,120
03/03/2021,LRD,TX,ASW,CE,Federal Contract Tower,22,32,26,21,101,0,2,32,4,38,22,34,58,25,139,10,340,350,489
03/04/2021,LRD,TX,ASW,CE,Federal Contract Tower,16,48,38,29,131,0,0,28,4,32,16,48,66,33,163,10,80,90,253
03/05/2021,LRD,TX,ASW,CE,Federal Contract Tower,27,35,28,18,108,0,9,36,3,48,27,44,64,21,156,0,50,50,206
03/06/2021,LRD,TX,ASW,CE,Federal Contract Tower,22,19,21,8,70,0,4,19,1,24,22,23,40,9,94,0,0,0,94
03/07/2021,LRD,TX,ASW,CE,Federal Contract Tower,12,35,26,6,79,0,3,17,1,21,12,38,43,7,100,20,0,20,120
03/08/2021,LRD,TX,ASW,CE,Federal Contract Tower,18,44,21,8,91,0,3,25,1,29,18,47,46,9,120,10,60,70,190
03/09/2021,LRD,TX,ASW,CE,Federal Contract Tower,14,44,18,9,85,0,2,20,7,29,14,46,38,16,114,0,120,120,234
03/10/2021,LRD,TX,ASW,CE,Federal Contract Tower,22,59,30,14,125,0,4,31,2,37,22,63,61,16,162,10,30,40,202
03/11/2021,LRD,TX,ASW,CE,Federal Contract Tower,27,53,30,16,126,0,3,36,4,43,27,56,66,20,169,20,110,130,299
03/12/2021,LRD,TX,ASW,CE,Federal Contract Tower,18,34,29,10,91,0,8,24,6,38,18,42,53,16,129,0,110,110,239
03/13/2021,LRD,TX,ASW,CE,Federal Contract Tower,13,26,9,10,58,0,4,13,0,17,13,30,22,10,75,0,0,0,75
03/14/2021,LRD,TX,ASW,CE,Federal Contract Tower,5,36,19,0,60,0,5,15,4,24,5,41,34,4,84,0,10,10,94
03/15/2021,LRD,TX,ASW,CE,Federal Contract Tower,8,50,37,21,116,0,1,17,5,23,8,51,54,26,139,0,576,576,715
03/16/2021,LRD,TX,ASW,CE,Federal Contract Tower,16,37,48,2,103,0,5,18,0,23,16,42,66,2,126,20,0,20,146
03/17/2021,LRD,TX,ASW,CE,Federal Contract Tower,18,38,37,21,114,0,1,25,14,40,18,39,62,35,154,30,200,230,384
03/18/2021,LRD,TX,ASW,CE,Federal Contract Tower,22,43,34,6,105,0,4,28,3,35,22,47,62,9,140,18,200,218,358
03/19/2021,LRD,TX,ASW,CE,Federal Contract Tower,24,55,28,9,116,0,2,34,1,37,24,57,62,10,153,0,90,90,243
03/20/2021,LRD,TX,ASW,CE,Federal Contract Tower,18,36,30,2,86,0,2,23,1,26,18,38,53,3,112,0,56,56,168
03/21/2021,LRD,TX,ASW,CE,Federal Contract Tower,8,41,13,4,66,0,5,24,0,29,8,46,37,4,95,0,0,0,95
03/22/2021,LRD,TX,ASW,CE,Federal Contract Tower,13,29,38,40,120,0,2,30,3,35,13,31,68,43,155,30,500,530,685
03/23/2021,LRD,TX,ASW,CE,Federal Contract Tower,17,44,27,9,97,0,2,32,4,38,17,46,59,13,135,0,100,100,235
03/24/2021,LRD,TX,ASW,CE,Federal Contract Tower,25,45,27,15,112,0,0,27,7,34,25,45,54,22,146,0,90,90,236
03/25/2021,LRD,TX,ASW,CE,Federal Contract Tower,12,53,25,6,96,0,7,32,4,43,12,60,57,10,139,10,60,70,209
03/26/2021,LRD,TX,ASW,CE,Federal Contract Tower,21,40,25,19,105,0,3,33,3,39,21,43,58,22,144,10,310,320,464
03/27/2021,LRD,TX,ASW,CE,Federal Contract Tower,18,29,21,10,78,0,5,24,1,30,18,34,45,11,108,10,40,50,158
03/28/2021,LRD,TX,ASW,CE,Federal Contract Tower,13,24,18,8,63,0,3,17,0,20,13,27,35,8,83,0,0,0,83
03/29/2021,LRD,TX,ASW,CE,Federal Contract Tower,26,35,30,18,109,0,2,29,1,32,26,37,59,19,141,20,360,380,521
03/30/2021,LRD,TX,ASW,CE,Federal Contract Tower,27,34,24,21,106,0,1,36,4,41,27,35,60,25,147,0,60,60,207
03/31/2021,LRD,TX,ASW,CE,Federal Contract Tower,20,46,40,8,114,1,0,15,1,17,21,46,55,9,131,0,0,0,131
04/01/2021,LRD,TX,ASW,CE,Federal Contract Tower,17,26,24,9,76,0,10,30,4,44,17,36,54,13,120,0,160,160,280
04/02/2021,LRD,TX,ASW,CE,Federal Contract Tower,15,28,14,2,59,0,7,19,5,31,15,35,33,7,90,0,0,0,90
04/03/2021,LRD,TX,ASW,CE,Federal Contract Tower,4,9,13,0,26,0,3,5,2,10,4,12,18,2,36,0,0,0,36
04/04/2021,LRD,TX,ASW,CE,Federal Contract Tower,5,15,16,0,36,0,2,15,0,17,5,17,31,0,53,0,0,0,53
04/05/2021,LRD,TX,ASW,CE,Federal Contract Tower,12,25,37,2,76,0,10,21,1,32,12,35,58,3,108,30,20,50,158
04/06/2021,LRD,TX,ASW,CE,Federal Contract Tower,17,35,21,20,93,0,6,26,5,37,17,41,47,25,130,40,320,360,490
04/07/2021,LRD,TX,ASW,CE,Federal Contract Tower,21,30,30,11,92,0,7,38,6,51,21,37,68,17,143,30,0,30,173
04/08/2021,LRD,TX,ASW,CE,Federal Contract Tower,12,38,35,2,87,0,0,34,9,43,12,38,69,11,130,0,90,90,220
04/09/2021,LRD,TX,ASW,CE,Federal Contract Tower,14,31,31,0,76,0,3,24,7,34,14,34,55,7,110,0,60,60,170
04/10/2021,LRD,TX,ASW,CE,Federal Contract Tower,11,17,22,0,50,0,5,28,3,36,11,22,50,3,86,0,0,0,86
04/11/2021,LRD,TX,ASW,CE,Federal Contract Tower,5,12,18,1,36,0,17,27,1,45,5,29,45,2,81,0,12,12,93
04/12/2021,LRD,TX,ASW,CE,Federal Contract Tower,14,28,44,0,86,0,7,32,1,40,14,35,76,1,126,0,0,0,126
04/13/2021,LRD,TX,ASW,CE,Federal Contract Tower,18,44,44,27,133,0,0,14,3,17,18,44,58,30,150,0,240,240,390
04/14/2021,LRD,TX,ASW,CE,Federal Contract Tower,13,22,37,12,84,0,8,28,4,40,13,30,65,16,124,20,40,60,184
04/15/2021,LRD,TX,ASW,CE,Federal Contract Tower,8,35,39,18,100,0,2,18,2,22,8,37,57,20,122,0,120,120,242
04/16/2021,LRD,TX,ASW,CE,Federal Contract Tower,10,32,27,4,73,0,2,28,0,30,10,34,55,4,103,0,0,0,103
04/17/2021,LRD,TX,ASW,CE,Federal Contract Tower,5,16,13,21,55,0,5,24,1,30,5,21,37,22,85,0,0,0,85
04/18/2021,LRD,TX,ASW,CE,Federal Contract Tower,1,19,11,8,39,0,20,31,0,51,1,39,42,8,90,74,0,74,164
04/19/2021,LRD,TX,ASW,CE,Federal Contract Tower,12,27,20,1,60,0,13,21,2,36,12,40,41,3,96,20,0,20,116
04/20/2021,LRD,TX,ASW,CE,Federal Contract Tower,14,28,26,16,84,0,6,36,12,54,14,34,62,28,138,20,200,220,358
04/21/2021,LRD,TX,ASW,CE,Federal Contract Tower,16,28,21,8,73,0,3,32,16,51,16,31,53,24,124,10,20,30,154
04/22/2021,LRD,TX,ASW,CE,Federal Contract Tower,9,32,23,4,68,0,4,18,8,30,9,36,41,12,98,0,60,60,158
04/23/2021,LRD,TX,ASW,CE,Federal Contract Tower,10,24,23,0,57,0,5,24,4,33,10,29,47,4,90,0,0,0,90
04/24/2021,LRD,TX,ASW,CE,Federal Contract Tower,10,15,12,12,49,0,8,31,6,45,10,23,43,18,94,0,0,0,94
04/25/2021,LRD,TX,ASW,CE,Federal Contract Tower,5,12,18,12,47,0,0,19,0,19,5,12,37,12,66,0,0,0,66
04/26/2021,LRD,TX,ASW,CE,Federal Contract Tower,18,32,40,2,92,0,4,27,4,35,18,36,67,6,127,20,100,120,247
04/27/2021,LRD,TX,ASW,CE,Federal Contract Tower,18,25,44,14,101,0,0,16,8,24,18,25,60,22,125,10,60,70,195
04/28/2021,LRD,TX,ASW,CE,Federal Contract Tower,21,41,39,20,121,0,5,34,12,51,21,46,73,32,172,0,200,200,372
04/29/2021,LRD,TX,ASW,CE,Federal Contract Tower,10,38,25,32,105,0,14,31,5,50,10,52,56,37,155,0,340,340,495
04/30/2021,LRD,TX,ASW,CE,Federal Contract Tower,13,23,17,8,61,0,0,7,2,9,13,23,24,10,70,0,0,0,70
05/01/2021,LRD,TX,ASW,CE,Federal Contract Tower,10,17,8,4,39,0,6,14,0,20,10,23,22,4,59,0,0,0,59
05/02/2021,LRD,TX,ASW,CE,Federal Contract Tower,1,21,25,5,52,0,6,22,4,32,1,27,47,9,84,0,0,0,84
05/03/2021,LRD,TX,ASW,CE,Federal Contract Tower,13,34,27,18,92,0,0,32,3,35,13,34,59,21,127,30,130,160,287
05/04/2021,LRD,TX,ASW,CE,Federal Contract Tower,25,33,29,17,104,0,6,25,4,35,25,39,54,21,139,0,80,80,219
05/05/2021,LRD,TX,ASW,CE,Federal Contract Tower,17,34,39,10,100,0,1,30,12,43,17,35,69,22,143,0,60,60,203
05/06/2021,LRD,TX,ASW,CE,Federal Contract Tower,16,49,18,8,91,0,5,40,2,47,16,54,58,10,138,10,70,80,218
05/07/2021,LRD,TX,ASW,CE,Federal Contract Tower,14,42,19,0,75,0,4,35,2,41,14,46,54,2,116,0,0,0,116
05/09/2021,LRD,TX,ASW,CE,Federal Contract Tower,5,30,28,7,70,0,6,18,1,25,5,36,46,8,95,10,0,10,105
05/10/2021,LRD,TX,ASW,CE,Federal Contract Tower,17,33,26,31,107,2,3,20,4,29,19,36,46,35,136,0,390,390,526
05/11/2021,LRD,TX,ASW,CE,Federal Contract Tower,11,29,28,4,72,0,4,21,2,27,11,33,49,6,99,0,0,0,99
05/12/2021,LRD,TX,ASW,CE,Federal Contract Tower,21,54,19,5,99,0,5,10,4,19,21,59,29,9,118,20,0,20,138
05/13/2021,LRD,TX,ASW,CE,Federal Contract Tower,9,43,26,16,94,0,2,36,10,48,9,45,62,26,142,0,180,180,322
05/14/2021,LRD,TX,ASW,CE,Federal Contract Tower,14,36,18,2,70,0,15,23,1,39,14,51,41,3,109,0,0,0,109
05/15/2021,LRD,TX,ASW,CE,Federal Contract Tower,14,29,11,0,54,0,0,27,1,28,14,29,38,1,82,10,0,10,92
05/16/2021,LRD,TX,ASW,CE,Federal Contract Tower,7,15,24,8,54,0,4,10,2,16,7,19,34,10,70,0,0,0,70
05/17/2021,LRD,TX,ASW,CE,Federal Contract Tower,8,36,16,10,70,0,4,28,2,34,8,40,44,12,104,16,48,64,168
05/18/2021,LRD,TX,ASW,CE,Federal Contract Tower,11,36,19,24,90,0,1,28,3,32,11,37,47,27,122,10,80,90,212
05/19/2021,LRD,TX,ASW,CE,Federal Contract Tower,23,46,14,1,84,0,2,19,5,26,23,48,33,6,110,20,16,36,146
05/20/2021,LRD,TX,ASW,CE,Federal Contract Tower,9,41,21,25,96,0,3,25,7,35,9,44,46,32,131,0,252,252,383
05/21/2021,LRD,TX,ASW,CE,Federal Contract Tower,15,46,23,6,90,0,2,22,6,30,15,48,45,12,120,0,60,60,180
05/22/2021,LRD,TX,ASW,CE,Federal Contract Tower,8,33,11,8,60,0,4,18,0,22,8,37,29,8,82,0,0,0,82
05/23/2021,LRD,TX,ASW,CE,Federal Contract Tower,0,33,19,27,79,0,6,22,1,29,0,39,41,28,108,12,18,30,138
05/25/2021,LRD,TX,ASW,CE,Federal Contract Tower,14,47,24,46,131,0,0,27,4,31,14,47,51,50,162,10,260,270,432
05/26/2021,LRD,TX,ASW,CE,Federal Contract Tower,16,42,31,8,97,0,0,25,13,38,16,42,56,21,135,0,0,0,135
05/27/2021,LRD,TX,ASW,CE,Federal Contract Tower,13,41,24,1,79,0,0,28,5,33,13,41,52,6,112,0,106,106,218
05/28/2021,LRD,TX,ASW,CE,Federal Contract Tower,9,40,20,1,70,0,2,15,6,23,9,42,35,7,93,0,20,20,113
05/29/2021,LRD,TX,ASW,CE,Federal Contract Tower,3,27,8,0,38,0,0,16,1,17,3,27,24,1,55,10,0,10,65
05/30/2021,LRD,TX,ASW,CE,Federal Contract Tower,2,19,14,1,36,0,0,13,1,14,2,19,27,2,50,0,0,0,50
05/31/2021,LRD,TX,ASW,CE,Federal Contract Tower,5,32,28,0,65,0,0,12,2,14,5,32,40,2,79,0,0,0,79
06/01/2021,LRD,TX,ASW,CE,Federal Contract Tower,9,25,28,16,78,0,0,21,4,25,9,25,49,20,103,0,0,0,103
06/02/2021,LRD,TX,ASW,CE,Federal Contract Tower,17,38,16,14,85,0,0,20,18,38,17,38,36,32,123,40,0,40,163
06/03/2021,LRD,TX,ASW,CE,Federal Contract Tower,15,34,41,6,96,0,0,9,2,11,15,34,50,8,107,0,0,0,107
06/04/2021,LRD,TX,ASW,CE,Federal Contract Tower,17,49,21,8,95,0,2,21,4,27,17,51,42,12,122,0,0,0,122
06/05/2021,LRD,TX,ASW,CE,Federal Contract Tower,6,25,4,0,35,0,0,17,5,22,6,25,21,5,57,0,0,0,57
06/06/2021,LRD,TX,ASW,CE,Federal Contract Tower,8,19,18,22,67,0,6,20,1,27,8,25,38,23,94,0,0,0,94
06/07/2021,LRD,TX,ASW,CE,Federal Contract Tower,15,26,27,22,90,0,6,29,4,39,15,32,56,26,129,0,200,200,329
06/08/2021,LRD,TX,ASW,CE,Federal Contract Tower,24,44,19,13,100,0,1,26,5,32,24,45,45,18,132,0,130,130,262
06/09/2021,LRD,TX,ASW,CE,Federal Contract Tower,28,38,40,17,123,0,4,30,9,43,28,42,70,26,166,30,30,60,226
06/10/2021,LRD,TX,ASW,CE,Federal Contract Tower,22,36,25,8,91,0,8,25,4,37,22,44,50,12,128,0,0,0,128
06/11/2021,LRD,TX,ASW,CE,Federal Contract Tower,20,41,26,20,107,0,9,21,4,34,20,50,47,24,141,0,144,144,285
06/12/2021,LRD,TX,ASW,CE,Federal Contract Tower,8,19,9,0,36,0,5,40,1,46,8,24,49,1,82,0,0,0,82
06/13/2021,LRD,TX,ASW,CE,Federal Contract Tower,11,29,15,0,55,0,7,36,1,44,11,36,51,1,99,30,0,30,129
06/14/2021,LRD,TX,ASW,CE,Federal Contract Tower,17,25,11,12,65,0,1,24,1,26,17,26,35,13,91,34,150,184,275
06/15/2021,LRD,TX,ASW,CE,Federal Contract Tower,27,33,27,16,103,0,4,33,8,45,27,37,60,24,148,0,0,0,148
06/16/2021,LRD,TX,ASW,CE,Federal Contract Tower,25,31,18,20,94,0,5,32,5,42,25,36,50,25,136,22,34,56,192
06/17/2021,LRD,TX,ASW,CE,Federal Contract Tower,27,42,28,12,109,0,3,31,1,35,27,45,59,13,144,0,0,0,144
06/18/2021,LRD,TX,ASW,CE,Federal Contract Tower,17,39,25,3,84,0,0,32,4,36,17,39,57,7,120,10,10,20,140
06/19/2021,LRD,TX,ASW,CE,Federal Contract Tower,10,17,17,0,44,0,14,38,0,52,10,31,55,0,96,0,0,0,96
06/20/2021,LRD,TX,ASW,CE,Federal Contract Tower,7,15,6,2,30,0,4,12,2,18,7,19,18,4,48,0,0,0,48
06/21/2021,LRD,TX,ASW,CE,Federal Contract Tower,17,39,24,27,107,0,1,9,1,11,17,40,33,28,118,0,40,40,158
06/22/2021,LRD,TX,ASW,CE,Federal Contract Tower,18,37,36,2,93,0,3,18,4,25,18,40,54,6,118,0,0,0,118
06/23/2021,LRD,TX,ASW,CE,Federal Contract Tower,29,28,32,26,115,0,6,38,5,49,29,34,70,31,164,0,20,20,184
06/24/2021,LRD,TX,ASW,CE,Federal Contract Tower,17,37,25,25,104,0,4,14,2,20,17,41,39,27,124,0,60,60,184
06/25/2021,LRD,TX,ASW,CE,Federal Contract Tower,14,38,20,18,90,0,2,46,7,55,14,40,66,25,145,0,0,0,145
06/26/2021,LRD,TX,ASW,CE,Federal Contract Tower,9,23,15,1,48,0,3,31,1,35,9,26,46,2,83,0,0,0,83
06/27/2021,LRD,TX,ASW,CE,Federal Contract Tower,9,27,8,51,95,0,0,34,1,35,9,27,42,52,130,0,0,0,130
06/28/2021,LRD,TX,ASW,CE,Federal Contract Tower,16,36,19,12,83,0,2,20,5,27,16,38,39,17,110,0,220,220,330
06/29/2021,LRD,TX,ASW,CE,Federal Contract Tower,23,28,25,29,105,0,0,26,6,32,23,28,51,35,137,0,30,30,167
06/30/2021,LRD,TX,ASW,CE,Federal Contract Tower,21,33,18,18,90,0,0,26,13,39,21,33,44,31,129,0,10,10,139
07/01/2021,LRD,TX,ASW,CE,Federal Contract Tower,8,30,28,23,89,0,2,28,6,36,8,32,56,29,125,4,0,4,129
07/02/2021,LRD,TX,ASW,CE,Federal Contract Tower,17,19,29,1,66,0,1,30,4,35,17,20,59,5,101,20,0,20,121
07/03/2021,LRD,TX,ASW,CE,Federal Contract Tower,6,17,17,0,40,0,1,32,1,34,6,18,49,1,74,0,0,0,74
07/04/2021,LRD,TX,ASW,CE,Federal Contract Tower,6,14,17,0,37,0,0,36,1,37,6,14,53,1,74,0,0,0,74
07/05/2021,LRD,TX,ASW,CE,Federal Contract Tower,7,27,29,0,63,0,0,19,2,21,7,27,48,2,84,0,0,0,84
07/06/2021,LRD,TX,ASW,CE,Federal Contract Tower,15,32,13,1,61,0,0,19,3,22,15,32,32,4,83,0,10,10,93
07/07/2021,LRD,TX,ASW,CE,Federal Contract Tower,17,37,16,12,82,0,0,16,1,17,17,37,32,13,99,0,0,0,99
07/08/2021,LRD,TX,ASW,CE,Federal Contract Tower,17,38,19,6,80,0,0,4,0,4,17,38,23,6,84,0,0,0,84
07/09/2021,LRD,TX,ASW,CE,Federal Contract Tower,17,33,32,19,101,0,0,24,2,26,17,33,56,21,127,10,0,10,137
07/10/2021,LRD,TX,ASW,CE,Federal Contract Tower,10,19,16,10,55,0,0,17,1,18,10,19,33,11,73,0,0,0,73
07/11/2021,LRD,TX,ASW,CE,Federal Contract Tower,6,26,16,0,48,0,2,26,1,29,6,28,42,1,77,36,0,36,113
07/12/2021,LRD,TX,ASW,CE,Federal Contract Tower,13,36,19,33,101,0,0,28,2,30,13,36,47,35,131,60,60,120,251
07/13/2021,LRD,TX,ASW,CE,Federal Contract Tower,24,20,25,5,74,0,0,20,4,24,24,20,45,9,98,0,60,60,158
07/14/2021,LRD,TX,ASW,CE,Federal Contract Tower,18,39,22,16,95,0,0,33,15,48,18,39,55,31,143,0,30,30,173
07/15/2021,LRD,TX,ASW,CE,Federal Contract Tower,19,38,33,15,105,0,4,42,12,58,19,42,75,27,163,26,120,146,309
07/16/2021,LRD,TX,ASW,CE,Federal Contract Tower,14,25,19,5,63,0,0,30,4,34,14,25,49,9,97,0,6,6,103
07/17/2021,LRD,TX,ASW,CE,Federal Contract Tower,8,21,18,0,47,0,0,23,1,24,8,21,41,1,71,0,0,0,71
07/18/2021,LRD,TX,ASW,CE,Federal Contract Tower,8,19,11,2,40,0,2,18,1,21,8,21,29,3,61,0,0,0,61
07/19/2021,LRD,TX,ASW,CE,Federal Contract Tower,11,28,30,14,83,0,3,34,5,42,11,31,64,19,125,0,10,10,135
07/20/2021,LRD,TX,ASW,CE,Federal Contract Tower,19,27,21,0,67,0,0,32,4,36,19,27,53,4,103,0,10,10,113
07/21/2021,LRD,TX,ASW,CE,Federal Contract Tower,26,36,17,14,93,0,0,36,10,46,26,36,53,24,139,10,80,90,229
07/22/2021,LRD,TX,ASW,CE,Federal Contract Tower,14,36,23,4,77,0,0,29,5,34,14,36,52,9,111,32,2,34,145
07/23/2021,LRD,TX,ASW,CE,Federal Contract Tower,14,27,31,4,76,0,0,39,6,45,14,27,70,10,121,0,90,90,211
07/24/2021,LRD,TX,ASW,CE,Federal Contract Tower,7,29,5,4,45,0,6,28,5,39,7,35,33,9,84,16,0,16,100
07/25/2021,LRD,TX,ASW,CE,Federal Contract Tower,10,24,4,12,50,0,0,19,7,26,10,24,23,19,76,0,0,0,76
07/26/2021,LRD,TX,ASW,CE,Federal Contract Tower,14,24,18,19,75,0,0,31,5,36,14,24,49,24,111,0,40,40,151
07/27/2021,LRD,TX,ASW,CE,Federal Contract Tower,22,29,25,24,100,0,0,43,7,50,22,29,68,31,150,0,140,140,290
07/28/2021,LRD,TX,ASW,CE,Federal Contract Tower,25,47,20,14,106,0,5,41,6,52,25,52,61,20,158,20,120,140,298
07/29/2021,LRD,TX,ASW,CE,Federal Contract Tower,27,46,17,35,125,0,5,23,4,32,27,51,40,39,157,20,260,280,437
07/30/2021,LRD,TX,ASW,CE,Federal Contract Tower,19,45,16,16,96,0,0,38,2,40,19,45,54,18,136,6,46,52,188
07/31/2021,LRD,TX,ASW,CE,Federal Contract Tower,13,26,14,4,57,0,0,23,4,27,13,26,37,8,84,8,10,18,102
08/01/2021,LRD,TX,ASW,CE,Federal Contract Tower,16,21,24,10,71,0,0,15,1,16,16,21,39,11,87,0,0,0,87
08/02/2021,LRD,TX,ASW,CE,Federal Contract Tower,19,36,17,15,87,0,0,16,2,18,19,36,33,17,105,0,0,0,105
08/03/2021,LRD,TX,ASW,CE,Federal Contract Tower,32,37,15,0,84,0,0,25,5,30,32,37,40,5,114,0,0,0,114
08/04/2021,LRD,TX,ASW,CE,Federal Contract Tower,31,45,24,6,106,0,1,34,5,40,31,46,58,11,146,0,0,0,146
08/05/2021,LRD,TX,ASW,CE,Federal Contract Tower,22,44,15,6,87,0,3,24,4,31,22,47,39,10,118,0,0,0,118
08/06/2021,LRD,TX,ASW,CE,Federal Contract Tower,21,48,28,19,116,0,1,27,3,31,21,49,55,22,147,0,0,0,147
08/07/2021,LRD,TX,ASW,CE,Federal Contract Tower,11,27,13,4,55,0,0,33,2,35,11,27,46,6,90,10,0,10,100
08/08/2021,LRD,TX,ASW,CE,Federal Contract Tower,16,25,6,2,49,0,0,17,1,18,16,25,23,3,67,0,0,0,67
08/09/2021,LRD,TX,ASW,CE,Federal Contract Tower,17,33,11,18,79,0,3,32,3,38,17,36,43,21,117,0,124,124,241
08/10/2021,LRD,TX,ASW,CE,Federal Contract Tower,24,33,25,18,100,0,0,28,4,32,24,33,53,22,132,50,90,140,272
08/11/2021,LRD,TX,ASW,CE,Federal Contract Tower,22,53,27,20,122,0,1,22,3,26,22,54,49,23,148,0,110,110,258
08/12/2021,LRD,TX,ASW,CE,Federal Contract Tower,17,38,33,12,100,0,1,25,3,29,17,39,58,15,129,0,210,210,339
08/13/2021,LRD,TX,ASW,CE,Federal Contract Tower,15,37,26,11,89,0,0,37,2,39,15,37,63,13,128,0,80,80,208
08/14/2021,LRD,TX,ASW,CE,Federal Contract Tower,10,26,14,12,62,0,0,32,2,34,10,26,46,14,96,0,20,20,116
08/15/2021,LRD,TX,ASW,CE,Federal Contract Tower,10,30,14,23,77,0,1,33,2,36,10,31,47,25,113,0,10,10,123
08/16/2021,LRD,TX,ASW,CE,Federal Contract Tower,17,33,20,38,108,0,1,35,5,41,17,34,55,43,149,0,474,474,623
08/17/2021,LRD,TX,ASW,CE,Federal Contract Tower,24,37,47,47,155,0,0,34,4,38,24,37,81,51,193,0,220,220,413
08/18/2021,LRD,TX,ASW,CE,Federal Contract Tower,26,35,27,63,151,0,0,40,10,50,26,35,67,73,201,20,316,336,537
08/19/2021,LRD,TX,ASW,CE,Federal Contract Tower,27,38,34,25,124,0,6,26,5,37,27,44,60,30,161,0,50,50,211
08/20/2021,LRD,TX,ASW,CE,Federal Contract Tower,23,43,17,17,100,0,0,34,6,40,23,43,51,23,140,0,206,206,346
08/21/2021,LRD,TX,ASW,CE,Federal Contract Tower,17,30,7,5,59,0,0,32,1,33,17,30,39,6,92,34,0,34,126
08/22/2021,LRD,TX,ASW,CE,Federal Contract Tower,23,27,9,16,75,0,0,16,1,17,23,27,25,17,92,0,0,0,92
08/23/2021,LRD,TX,ASW,CE,Federal Contract Tower,19,38,30,10,97,0,0,33,5,38,19,38,63,15,135,0,146,146,281
08/24/2021,LRD,TX,ASW,CE,Federal Contract Tower,25,51,20,1,97,0,0,44,7,51,25,51,64,8,148,8,0,8,156
08/25/2021,LRD,TX,ASW,CE,Federal Contract Tower,28,47,27,14,116,0,0,33,5,38,28,47,60,19,154,0,80,80,234
08/26/2021,LRD,TX,ASW,CE,Federal Contract Tower,20,48,22,13,103,0,2,34,5,41,20,50,56,18,144,0,180,180,324
08/27/2021,LRD,TX,ASW,CE,Federal Contract Tower,21,45,15,10,91,0,0,19,5,24,21,45,34,15,115,0,242,242,357
08/28/2021,LRD,TX,ASW,CE,Federal Contract Tower,9,32,4,4,49,0,7,25,0,32,9,39,29,4,81,0,0,0,81
08/29/2021,LRD,TX,ASW,CE,Federal Contract Tower,13,29,11,10,63,0,6,20,2,28,13,35,31,12,91,0,0,0,91
08/30/2021,LRD,TX,ASW,CE,Federal Contract Tower,22,27,14,23,86,0,1,26,7,34,22,28,40,30,120,0,162,162,282
08/31/2021,LRD,TX,ASW,CE,Federal Contract Tower,23,34,27,18,102,0,0,43,5,48,23,34,70,23,150,0,132,132,282
09/01/2021,LRD,TX,ASW,CE,Federal Contract Tower,22,41,27,21,111,0,3,32,1,36,22,44,59,22,147,10,230,240,387
09/02/2021,LRD,TX,ASW,CE,Federal Contract Tower,15,41,19,22,97,0,0,38,5,43,15,41,57,27,140,0,170,170,310
09/03/2021,LRD,TX,ASW,CE,Federal Contract Tower,14,40,18,0,72,0,13,37,2,52,14,53,55,2,124,0,0,0,124
09/04/2021,LRD,TX,ASW,CE,Federal Contract Tower,8,27,2,0,37,0,0,31,3,34,8,27,33,3,71,0,0,0,71
09/05/2021,LRD,TX,ASW,CE,Federal Contract Tower,7,10,19,0,36,0,2,37,1,40,7,12,56,1,76,30,0,30,106
09/06/2021,LRD,TX,ASW,CE,Federal Contract Tower,15,28,13,0,56,0,6,21,3,30,15,34,34,3,86,0,50,50,136
09/07/2021,LRD,TX,ASW,CE,Federal Contract Tower,13,43,16,6,78,0,0,28,2,30,13,43,44,8,108,0,60,60,168
09/08/2021,LRD,TX,ASW,CE,Federal Contract Tower,28,35,23,10,96,0,0,30,4,34,28,35,53,14,130,0,90,90,220
09/09/2021,LRD,TX,ASW,CE,Federal Contract Tower,21,36,18,12,87,0,0,36,4,40,21,36,54,16,127,0,60,60,187
09/10/2021,LRD,TX,ASW,CE,Federal Contract Tower,15,42,9,10,76,0,0,34,2,36,15,42,43,12,112,0,40,40,152
09/11/2021,LRD,TX,ASW,CE,Federal Contract Tower,13,16,13,4,46,0,4,40,1,45,13,20,53,5,91,0,0,0,91
09/12/2021,LRD,TX,ASW,CE,Federal Contract Tower,7,26,16,3,52,0,5,13,2,20,7,31,29,5,72,0,6,6,78
09/13/2021,LRD,TX,ASW,CE,Federal Contract Tower,12,32,21,0,65,0,2,23,2,27,12,34,44,2,92,0,30,30,122
09/14/2021,LRD,TX,ASW,CE,Federal Contract Tower,15,46,36,12,109,0,2,24,2,28,15,48,60,14,137,0,90,90,227
09/15/2021,LRD,TX,ASW,CE,Federal Contract Tower,23,33,22,19,97,0,0,27,4,31,23,33,49,23,128,26,284,310,438
09/16/2021,LRD,TX,ASW,CE,Federal Contract Tower,18,45,14,7,84,0,0,47,2,49,18,45,61,9,133,40,100,140,273
09/17/2021,LRD,TX,ASW,CE,Federal Contract Tower,11,39,24,8,82,0,0,29,4,33,11,39,53,12,115,18,136,154,269
09/18/2021,LRD,TX,ASW,CE,Federal Contract Tower,15,24,8,4,51,0,0,21,0,21,15,24,29,4,72,0,0,0,72
09/19/2021,LRD,TX,ASW,CE,Federal Contract Tower,21,20,25,2,68,0,0,13,3,16,21,20,38,5,84,0,0,0,84
09/20/2021,LRD,TX,ASW,CE,Federal Contract Tower,17,32,22,9,80,0,0,30,0,30,17,32,52,9,110,0,150,150,260
09/21/2021,LRD,TX,ASW,CE,Federal Contract Tower,30,38,12,4,84,0,0,23,2,25,30,38,35,6,109,10,110,120,229
09/22/2021,LRD,TX,ASW,CE,Federal Contract Tower,34,48,17,4,103,0,0,23,2,25,34,48,40,6,128,0,6,6,134
09/23/2021,LRD,TX,ASW,CE,Federal Contract Tower,29,50,12,10,101,0,0,32,2,34,29,50,44,12,135,0,180,180,315
09/24/2021,LRD,TX,ASW,CE,Federal Contract Tower,19,38,18,11,86,0,0,22,5,27,19,38,40,16,113,6,140,146,259
09/25/2021,LRD,TX,ASW,CE,Federal Contract Tower,20,26,15,0,61,0,0,21,2,23,20,26,36,2,84,0,0,0,84
09/26/2021,LRD,TX,ASW,CE,Federal Contract Tower,22,17,11,0,50,0,0,14,1,15,22,17,25,1,65,4,0,4,69
09/27/2021,LRD,TX,ASW,CE,Federal Contract Tower,31,31,23,26,111,0,0,25,5,30,31,31,48,31,141,0,52,52,193
09/28/2021,LRD,TX,ASW,CE,Federal Contract Tower,27,39,24,6,96,0,0,35,9,44,27,39,59,15,140,8,56,64,204
09/29/2021,LRD,TX,ASW,CE,Federal Contract Tower,30,33,35,7,105,0,0,18,0,18,30,33,53,7,123,0,22,22,145
09/30/2021,LRD,TX,ASW,CE,Federal Contract Tower,25,40,22,15,102,0,1,27,2,30,25,41,49,17,132,0,44,44,176
10/01/2021,LRD,TX,ASW,CE,Federal Contract Tower,23,33,28,16,100,0,0,26,1,27,23,33,54,17,127,0,20,20,147
10/02/2021,LRD,TX,ASW,CE,Federal Contract Tower,13,23,10,6,52,0,0,22,1,23,13,23,32,7,75,0,0,0,75
10/03/2021,LRD,TX,ASW,CE,Federal Contract Tower,14,17,18,6,55,0,0,21,1,22,14,17,39,7,77,0,0,0,77
10/04/2021,LRD,TX,ASW,CE,Federal Contract Tower,26,35,18,6,85,0,0,20,5,25,26,35,38,11,110,0,24,24,134
10/05/2021,LRD,TX,ASW,CE,Federal Contract Tower,32,34,10,4,80,0,2,53,4,59,32,36,63,8,139,0,26,26,165
10/06/2021,LRD,TX,ASW,CE,Federal Contract Tower,26,54,17,22,119,0,1,34,8,43,26,55,51,30,162,16,114,130,292
10/07/2021,LRD,TX,ASW,CE,Federal Contract Tower,28,47,27,13,115,0,2,32,1,35,28,49,59,14,150,8,14,22,172
10/08/2021,LRD,TX,ASW,CE,Federal Contract Tower,32,38,22,10,102,0,0,33,6,39,32,38,55,16,141,20,108,128,269
10/09/2021,LRD,TX,ASW,CE,Federal Contract Tower,24,33,6,0,63,0,0,34,6,40,24,33,40,6,103,0,0,0,103
10/10/2021,LRD,TX,ASW,CE,Federal Contract Tower,22,32,14,3,71,0,1,19,5,25,22,33,33,8,96,0,0,0,96
10/11/2021,LRD,TX,ASW,CE,Federal Contract Tower,30,59,51,2,142,0,0,19,3,22,30,59,70,5,164,0,0,0,164
10/12/2021,LRD,TX,ASW,CE,Federal Contract Tower,27,56,19,4,106,0,5,21,0,26,27,61,40,4,132,0,24,24,156
10/13/2021,LRD,TX,ASW,CE,Federal Contract Tower,28,41,24,5,98,0,2,25,1,28,28,43,49,6,126,16,4,20,146
10/14/2021,LRD,TX,ASW,CE,Federal Contract Tower,33,46,33,21,133,0,0,33,2,35,33,46,66,23,168,14,2,16,184
10/15/2021,LRD,TX,ASW,CE,Federal Contract Tower,26,48,23,0,97,0,0,19,1,20,26,48,42,1,117,0,0,0,117
10/16/2021,LRD,TX,ASW,CE,Federal Contract Tower,23,30,16,6,75,0,0,21,0,21,23,30,37,6,96,0,20,20,116
10/17/2021,LRD,TX,ASW,CE,Federal Contract Tower,25,26,18,0,69,0,6,24,1,31,25,32,42,1,100,0,0,0,100
10/18/2021,LRD,TX,ASW,CE,Federal Contract Tower,18,43,21,23,105,0,1,42,4,47,18,44,63,27,152,0,176,176,328
10/19/2021,LRD,TX,ASW,CE,Federal Contract Tower,31,55,20,22,128,0,0,33,4,37,31,55,53,26,165,8,74,82,247
10/20/2021,LRD,TX,ASW,CE,Federal Contract Tower,34,62,43,24,163,0,0,27,2,29,34,62,70,26,192,3,64,67,259
10/21/2021,LRD,TX,ASW,CE,Federal Contract Tower,35,52,24,16,127,0,1,45,8,54,35,53,69,24,181,0,36,36,217
10/22/2021,LRD,TX,ASW,CE,Federal Contract Tower,24,53,33,9,119,0,0,37,1,38,24,53,70,10,157,0,190,190,347
10/23/2021,LRD,TX,ASW,CE,Federal Contract Tower,23,22,26,0,71,0,0,19,0,19,23,22,45,0,90,2,0,2,92
10/24/2021,LRD,TX,ASW,CE,Federal Contract Tower,24,27,24,4,79,0,0,26,1,27,24,27,50,5,106,4,0,4,110
10/25/2021,LRD,TX,ASW,CE,Federal Contract Tower,24,40,26,9,99,0,3,33,1,37,24,43,59,10,136,0,2,2,138
10/26/2021,LRD,TX,ASW,CE,Federal Contract Tower,30,36,23,20,109,0,1,37,5,43,30,37,60,25,152,12,60,72,224
10/27/2021,LRD,TX,ASW,CE,Federal Contract Tower,29,43,23,0,95,0,6,40,7,53,29,49,63,7,148,0,8,8,156
10/28/2021,LRD,TX,ASW,CE,Federal Contract Tower,34,50,17,12,113,0,1,49,7,57,34,51,66,19,170,8,140,148,318
10/29/2021,LRD,TX,ASW,CE,Federal Contract Tower,19,52,23,22,116,0,0,44,9,53,19,52,67,31,169,24,332,356,525
10/30/2021,LRD,TX,ASW,CE,Federal Contract Tower,21,30,19,0,70,0,0,25,5,30,21,30,44,5,100,20,0,20,120
10/31/2021,LRD,TX,ASW,CE,Federal Contract Tower,23,27,24,0,74,0,0,22,1,23,23,27,46,1,97,0,0,0,97
11/01/2021,LRD,TX,ASW,CE,Federal Contract Tower,20,33,13,19,85,0,0,18,4,22,20,33,31,23,107,0,102,102,209
11/02/2021,LRD,TX,ASW,CE,Federal Contract Tower,17,52,33,38,140,0,0,39,2,41,17,52,72,40,181,24,254,278,459
11/03/2021,LRD,TX,ASW,CE,Federal Contract Tower,25,70,26,21,142,0,1,18,3,22,25,71,44,24,164,0,46,46,210
11/04/2021,LRD,TX,ASW,CE,Federal Contract Tower,26,50,34,14,124,0,9,7,0,16,26,59,41,14,140,0,0,0,140
11/05/2021,LRD,TX,ASW,CE,Federal Contract Tower,22,44,26,16,108,0,5,16,5,26,22,49,42,21,134,0,22,22,156
11/06/2021,LRD,TX,ASW,CE,Federal Contract Tower,26,37,9,0,72,0,1,30,2,33,26,38,39,2,105,4,0,4,109
11/07/2021,LRD,TX,ASW,CE,Federal Contract Tower,29,32,27,10,98,0,6,21,1,28,29,38,48,11,126,8,0,8,134
11/08/2021,LRD,TX,ASW,CE,Federal Contract Tower,26,51,38,22,137,0,1,29,2,32,26,52,67,24,169,6,38,44,213
11/09/2021,LRD,TX,ASW,CE,Federal Contract Tower,25,60,21,22,128,0,0,16,7,23,25,60,37,29,151,6,70,76,227
11/10/2021,LRD,TX,ASW,CE,Federal Contract Tower,23,50,28,2,103,0,0,32,15,47,23,50,60,17,150,2,20,22,172
11/11/2021,LRD,TX,ASW,CE,Federal Contract Tower,32,41,42,1,116,0,11,39,5,55,32,52,81,6,171,8,0,8,179
11/12/2021,LRD,TX,ASW,CE,Federal Contract Tower,20,45,19,6,90,0,2,31,7,40,20,47,50,13,130,0,0,0,130
11/13/2021,LRD,TX,ASW,CE,Federal Contract Tower,18,37,16,0,71,0,0,26,5,31,18,37,42,5,102,0,0,0,102
11/14/2021,LRD,TX,ASW,CE,Federal Contract Tower,15,32,21,0,68,0,1,34,1,36,15,33,55,1,104,10,0,10,114
11/15/2021,LRD,TX,ASW,CE,Federal Contract Tower,20,41,8,11,80,0,0,22,2,24,20,41,30,13,104,0,24,24,128
11/16/2021,LRD,TX,ASW,CE,Federal Contract Tower,29,47,19,27,122,0,0,40,4,44,29,47,59,31,166,0,70,70,236
11/17/2021,LRD,TX,ASW,CE,Federal Contract Tower,32,47,30,16,125,0,0,38,3,41,32,47,68,19,166,0,138,138,304
11/18/2021,LRD,TX,ASW,CE,Federal Contract Tower,39,44,21,18,122,0,3,23,1,27,39,47,44,19,149,0,0,0,149
11/19/2021,LRD,TX,ASW,CE,Federal Contract Tower,31,51,36,2,120,0,1,47,6,54,31,52,83,8,174,14,0,14,188
11/20/2021,LRD,TX,ASW,CE,Federal Contract Tower,24,44,28,0,96,0,0,29,8,37,24,44,57,8,133,18,16,34,167
11/21/2021,LRD,TX,ASW,CE,Federal Contract Tower,14,28,23,9,74,0,0,17,2,19,14,28,40,11,93,0,0,0,93
11/22/2021,LRD,TX,ASW,CE,Federal Contract Tower,27,60,23,10,120,0,0,25,8,33,27,60,48,18,153,0,0,0,153
11/23/2021,LRD,TX,ASW,CE,Federal Contract Tower,27,50,25,5,107,0,2,29,6,37,27,52,54,11,144,0,0,0,144
11/24/2021,LRD,TX,ASW,CE,Federal Contract Tower,23,56,13,0,92,0,5,18,2,25,23,61,31,2,117,0,0,0,117
11/25/2021,LRD,TX,ASW,CE,Federal Contract Tower,16,33,4,0,53,0,6,12,0,18,16,39,16,0,71,0,0,0,71
11/26/2021,LRD,TX,ASW,CE,Federal Contract Tower,16,30,9,0,55,0,0,23,3,26,16,30,32,3,81,0,0,0,81
11/27/2021,LRD,TX,ASW,CE,Federal Contract Tower,19,30,20,0,69,0,0,14,0,14,19,30,34,0,83,0,0,0,83
11/28/2021,LRD,TX,ASW,CE,Federal Contract Tower,14,36,35,10,95,0,0,24,1,25,14,36,59,11,120,0,4,4,124
11/29/2021,LRD,TX,ASW,CE,Federal Contract Tower,20,50,44,14,128,0,0,35,5,40,20,50,79,19,168,0,28,28,196
11/30/2021,LRD,TX,ASW,CE,Federal Contract Tower,23,49,25,18,115,0,3,33,8,44,23,52,58,26,159,14,4,18,177
12/01/2021,LRD,TX,ASW,CE,Federal Contract Tower,22,58,16,20,116,0,6,35,9,50,22,64,51,29,166,8,66,74,240
12/02/2021,LRD,TX,ASW,CE,Federal Contract Tower,33,46,28,9,116,0,1,34,12,47,33,47,62,21,163,0,50,50,213
12/03/2021,LRD,TX,ASW,CE,Federal Contract Tower,22,56,23,24,125,0,8,36,4,48,22,64,59,28,173,0,68,68,241
12/04/2021,LRD,TX,ASW,CE,Federal Contract Tower,22,26,34,2,84,0,9,29,6,44,22,35,63,8,128,0,0,0,128
12/05/2021,LRD,TX,ASW,CE,Federal Contract Tower,17,32,29,4,82,0,0,19,3,22,17,32,48,7,104,0,0,0,104
12/06/2021,LRD,TX,ASW,CE,Federal Contract Tower,22,46,23,10,101,0,7,21,3,31,22,53,44,13,132,0,0,0,132
12/07/2021,LRD,TX,ASW,CE,Federal Contract Tower,26,56,26,13,121,0,0,35,7,42,26,56,61,20,163,12,140,152,315
12/08/2021,LRD,TX,ASW,CE,Federal Contract Tower,19,62,30,14,125,0,6,20,5,31,19,68,50,19,156,0,98,98,254
12/09/2021,LRD,TX,ASW,CE,Federal Contract Tower,34,43,37,17,131,0,2,41,3,46,34,45,78,20,177,18,78,96,273
12/10/2021,LRD,TX,ASW,CE,Federal Contract Tower,22,46,48,18,134,0,8,42,4,54,22,54,90,22,188,0,32,32,220
12/11/2021,LRD,TX,ASW,CE,Federal Contract Tower,32,31,24,0,87,1,13,26,0,40,33,44,50,0,127,0,0,0,127
12/12/2021,LRD,TX,ASW,CE,Federal Contract Tower,25,33,27,0,85,0,0,28,1,29,25,33,55,1,114,8,0,8,122
12/13/2021,LRD,TX,ASW,CE,Federal Contract Tower,20,42,18,12,92,0,1,21,2,24,20,43,39,14,116,0,0,0,116
12/14/2021,LRD,TX,ASW,CE,Federal Contract Tower,32,37,34,5,108,0,0,36,5,41,32,37,70,10,149,0,10,10,159
12/15/2021,LRD,TX,ASW,CE,Federal Contract Tower,39,59,40,38,176,0,4,17,8,29,39,63,57,46,205,0,150,150,355
12/16/2021,LRD,TX,ASW,CE,Federal Contract Tower,45,63,33,21,162,0,0,29,5,34,45,63,62,26,196,0,52,52,248
12/17/2021,LRD,TX,ASW,CE,Federal Contract Tower,35,63,23,1,122,0,0,17,4,21,35,63,40,5,143,0,0,0,143
12/18/2021,LRD,TX,ASW,CE,Federal Contract Tower,30,51,25,1,107,0,0,13,0,13,30,51,38,1,120,0,0,0,120
12/19/2021,LRD,TX,ASW,CE,Federal Contract Tower,30,50,23,0,103,0,0,8,0,8,30,50,31,0,111,0,0,0,111
12/20/2021,LRD,TX,ASW,CE,Federal Contract Tower,23,60,31,8,122,0,1,24,5,30,23,61,55,13,152,0,0,0,152
12/21/2021,LRD,TX,ASW,CE,Federal Contract Tower,32,72,26,5,135,0,4,33,4,41,32,76,59,9,176,0,128,128,304
12/22/2021,LRD,TX,ASW,CE,Federal Contract Tower,34,52,15,7,108,0,0,36,3,39,34,52,51,10,147,10,78,88,235
12/23/2021,LRD,TX,ASW,CE,Federal Contract Tower,29,39,30,0,98,0,0,26,7,33,29,39,56,7,131,12,4,16,147
12/24/2021,LRD,TX,ASW,CE,Federal Contract Tower,15,18,5,1,39,0,8,23,4,35,15,26,28,5,74,0,0,0,74
12/25/2021,LRD,TX,ASW,CE,Federal Contract Tower,3,22,5,0,30,0,16,12,0,28,3,38,17,0,58,0,0,0,58
12/26/2021,LRD,TX,ASW,CE,Federal Contract Tower,9,33,29,2,73,0,2,22,1,25,9,35,51,3,98,0,0,0,98
12/27/2021,LRD,TX,ASW,CE,Federal Contract Tower,11,27,24,0,62,0,5,30,3,38,11,32,54,3,100,2,0,2,102
12/28/2021,LRD,TX,ASW,CE,Federal Contract Tower,18,30,21,0,69,0,0,28,1,29,18,30,49,1,98,0,0,0,98
12/29/2021,LRD,TX,ASW,CE,Federal Contract Tower,22,31,18,2,73,0,4,15,1,20,22,35,33,3,93,0,0,0,93
12/30/2021,LRD,TX,ASW,CE,Federal Contract Tower,23,28,25,0,76,0,0,27,1,28,23,28,52,1,104,0,0,0,104
12/31/2021,LRD,TX,ASW,CE,Federal Contract Tower,14,21,14,0,49,0,8,19,1,28,14,29,33,1,77,16,0,16,93
01/01/2022,LRD,TX,ASW,CE,Federal Contract Tower,4,12,19,0,35,0,3,17,1,21,4,15,36,1,56,0,0,0,56
01/02/2022,LRD,TX,ASW,CE,Federal Contract Tower,7,13,23,0,43,0,0,12,0,12,7,13,35,0,55,0,0,0,55
01/03/2022,LRD,TX,ASW,CE,Federal Contract Tower,10,27,27,0,64,0,0,26,2,28,10,27,53,2,92,0,0,0,92
01/04/2022,LRD,TX,ASW,CE,Federal Contract Tower,21,31,17,5,74,0,9,29,3,41,21,40,46,8,115,0,0,0,115
01/05/2022,LRD,TX,ASW,CE,Federal Contract Tower,26,32,33,12,103,0,0,24,2,26,26,32,57,14,129,0,28,28,157
01/06/2022,LRD,TX,ASW,CE,Federal Contract Tower,34,33,16,6,89,0,1,23,11,35,34,34,39,17,124,0,34,34,158
01/07/2022,LRD,TX,ASW,CE,Federal Contract Tower,28,44,16,2,90,0,1,10,2,13,28,45,26,4,103,0,20,20,123
01/08/2022,LRD,TX,ASW,CE,Federal Contract Tower,17,20,21,0,58,0,0,8,2,10,17,20,29,2,68,0,1,1,69
01/09/2022,LRD,TX,ASW,CE,Federal Contract Tower,21,26,17,4,68,0,9,13,1,23,21,35,30,5,91,0,0,0,91
01/10/2022,LRD,TX,ASW,CE,Federal Contract Tower,22,37,16,13,88,0,0,33,1,34,22,37,49,14,122,0,52,52,174
01/11/2022,LRD,TX,ASW,CE,Federal Contract Tower,36,35,32,17,120,0,0,14,3,17,36,35,46,20,137,0,142,142,279
01/12/2022,LRD,TX,ASW,CE,Federal Contract Tower,27,35,17,5,84,0,4,28,3,35,27,39,45,8,119,0,44,44,163
01/13/2022,LRD,TX,ASW,CE,Federal Contract Tower,33,40,42,7,122,0,1,23,7,31,33,41,65,14,153,0,22,22,175
01/14/2022,LRD,TX,ASW,CE,Federal Contract Tower,23,42,21,15,101,0,1,37,3,41,23,43,58,18,142,0,74,74,216
01/15/2022,LRD,TX,ASW,CE,Federal Contract Tower,13,29,2,0,44,0,0,17,0,17,13,29,19,0,61,0,0,0,61
01/16/2022,LRD,TX,ASW,CE,Federal Contract Tower,5,28,28,2,63,0,1,27,1,29,5,29,55,3,92,14,0,14,106
01/17/2022,LRD,TX,ASW,CE,Federal Contract Tower,18,33,34,0,85,0,7,24,2,33,18,40,58,2,118,0,0,0,118
01/18/2022,LRD,TX,ASW,CE,Federal Contract Tower,37,43,19,26,125,0,0,29,4,33,37,43,48,30,158,0,98,98,256
01/19/2022,LRD,TX,ASW,CE,Federal Contract Tower,36,46,21,9,112,0,1,27,3,31,36,47,48,12,143,0,40,40,183
01/20/2022,LRD,TX,ASW,CE,Federal Contract Tower,36,33,32,2,103,0,0,14,2,16,36,33,46,4,119,0,10,10,129
01/21/2022,LRD,TX,ASW,CE,Federal Contract Tower,24,42,14,2,82,0,10,13,4,27,24,52,27,6,109,0,0,0,109
01/22/2022,LRD,TX,ASW,CE,Federal Contract Tower,20,27,12,4,63,0,2,17,1,20,20,29,29,5,83,0,0,0,83
01/23/2022,LRD,TX,ASW,CE,Federal Contract Tower,8,27,28,6,69,0,0,25,0,25,8,27,53,6,94,6,0,6,100
01/24/2022,LRD,TX,ASW,CE,Federal Contract Tower,19,33,14,10,76,0,0,8,1,9,19,33,22,11,85,0,0,0,85
01/25/2022,LRD,TX,ASW,CE,Federal Contract Tower,31,48,20,21,120,0,2,19,1,22,31,50,39,22,142,18,28,46,188
01/26/2022,LRD,TX,ASW,CE,Federal Contract Tower,31,32,20,10,93,0,0,22,6,28,31,32,42,16,121,20,96,116,237
01/27/2022,LRD,TX,ASW,CE,Federal Contract Tower,37,57,27,1,122,0,0,17,1,18,37,57,44,2,140,0,12,12,152
01/28/2022,LRD,TX,ASW,CE,Federal Contract Tower,32,41,19,3,95,0,9,25,1,35,32,50,44,4,130,0,0,0,130
01/29/2022,LRD,TX,ASW,CE,Federal Contract Tower,32,25,14,0,71,0,0,33,3,36,32,25,47,3,107,22,14,36,143
01/30/2022,LRD,TX,ASW,CE,Federal Contract Tower,26,28,18,2,74,0,0,20,1,21,26,28,38,3,95,14,0,14,109
01/31/2022,LRD,TX,ASW,CE,Federal Contract Tower,34,38,11,20,103,0,0,25,6,31,34,38,36,26,134,0,110,110,244
02/01/2022,LRD,TX,ASW,CE,Federal Contract Tower,31,54,24,19,128,0,4,30,4,38,31,58,54,23,166,6,108,114,280
02/02/2022,LRD,TX,ASW,CE,Federal Contract Tower,34,50,22,14,120,0,0,15,7,22,34,50,37,21,142,0,16,16,158
02/03/2022,LRD,TX,ASW,CE,Federal Contract Tower,22,33,18,2,75,0,0,15,6,21,22,33,33,8,96,0,6,6,102
02/04/2022,LRD,TX,ASW,CE,Federal Contract Tower,30,43,22,3,98,0,6,32,4,42,30,49,54,7,140,12,40,52,192
02/05/2022,LRD,TX,ASW,CE,Federal Contract Tower,25,26,8,0,59,0,0,42,3,45,25,26,50,3,104,16,4,20,124
02/06/2022,LRD,TX,ASW,CE,Federal Contract Tower,27,35,16,2,80,0,0,30,3,33,27,35,46,5,113,30,20,50,163
02/07/2022,LRD,TX,ASW,CE,Federal Contract Tower,20,40,21,7,88,0,1,32,6,39,20,41,53,13,127,0,54,54,181
02/08/2022,LRD,TX,ASW,CE,Federal Contract Tower,47,50,26,6,129,0,0,42,4,46,47,50,68,10,175,26,28,54,229
02/09/2022,LRD,TX,ASW,CE,Federal Contract Tower,33,51,32,6,122,0,1,37,3,41,33,52,69,9,163,34,0,34,197
02/10/2022,LRD,TX,ASW,CE,Federal Contract Tower,30,44,33,8,115,0,1,46,8,55,30,45,79,16,170,6,56,62,232
02/11/2022,LRD,TX,ASW,CE,Federal Contract Tower,26,35,22,14,97,0,0,30,8,38,26,35,52,22,135,0,116,116,251
02/12/2022,LRD,TX,ASW,CE,Federal Contract Tower,25,23,13,0,61,0,3,14,1,18,25,26,27,1,79,8,0,8,87
02/13/2022,LRD,TX,ASW,CE,Federal Contract Tower,24,25,14,6,69,0,1,28,1,30,24,26,42,7,99,0,0,0,99
02/14/2022,LRD,TX,ASW,CE,Federal Contract Tower,26,27,27,15,95,0,5,24,4,33,26,32,51,19,128,0,16,16,144
02/15/2022,LRD,TX,ASW,CE,Federal Contract Tower,33,32,24,22,111,0,2,31,4,37,33,34,55,26,148,0,174,174,322
02/16/2022,LRD,TX,ASW,CE,Federal Contract Tower,31,35,31,23,120,0,6,30,10,46,31,41,61,33,166,20,196,216,382
02/17/2022,LRD,TX,ASW,CE,Federal Contract Tower,21,41,30,14,106,0,0,24,7,31,21,41,54,21,137,0,94,94,231
02/18/2022,LRD,TX,ASW,CE,Federal Contract Tower,33,26,26,10,95,0,3,34,3,40,33,29,60,13,135,2,68,70,205
02/19/2022,LRD,TX,ASW,CE,Federal Contract Tower,24,27,8,2,61,0,0,24,1,25,24,27,32,3,86,18,0,18,104
02/20/2022,LRD,TX,ASW,CE,Federal Contract Tower,22,23,20,0,65,0,4,21,2,27,22,27,41,2,92,0,0,0,92
02/21/2022,LRD,TX,ASW,CE,Federal Contract Tower,27,34,29,0,90,0,0,22,4,26,27,34,51,4,116,0,0,0,116
02/22/2022,LRD,TX,ASW,CE,Federal Contract Tower,34,45,22,7,108,0,1,34,4,39,34,46,56,11,147,64,0,64,211
02/23/2022,LRD,TX,ASW,CE,Federal Contract Tower,31,34,32,8,105,0,0,6,2,8,31,34,38,10,113,0,22,22,135
02/24/2022,LRD,TX,ASW,CE,Federal Contract Tower,34,36,19,13,102,0,0,12,0,12,34,36,31,13,114,0,0,0,114
02/25/2022,LRD,TX,ASW,CE,Federal Contract Tower,20,50,23,3,96,0,0,7,0,7,20,50,30,3,103,0,0,0,103
02/26/2022,LRD,TX,ASW,CE,Federal Contract Tower,20,22,10,0,52,0,1,8,0,9,20,23,18,0,61,14,0,14,75
02/27/2022,LRD,TX,ASW,CE,Federal Contract Tower,22,18,8,1,49,0,0,11,2,13,22,18,19,3,62,0,0,0,62
02/28/2022,LRD,TX,ASW,CE,Federal Contract Tower,21,36,16,7,80,0,0,31,4,35,21,36,47,11,115,0,0,0,115
03/01/2022,LRD,TX,ASW,CE,Federal Contract Tower,30,53,23,4,110,0,0,35,4,39,30,53,58,8,149,26,0,26,175
03/02/2022,LRD,TX,ASW,CE,Federal Contract Tower,35,27,36,14,112,0,1,43,6,50,35,28,79,20,162,74,30,104,266
03/03/2022,LRD,TX,ASW,CE,Federal Contract Tower,41,37,26,4,108,0,0,15,7,22,41,37,41,11,130,0,30,30,160
03/04/2022,LRD,TX,ASW,CE,Federal Contract Tower,30,33,29,12,104,0,2,28,4,34,30,35,57,16,138,0,104,104,242
03/05/2022,LRD,TX,ASW,CE,Federal Contract Tower,16,28,10,0,54,0,2,27,0,29,16,30,37,0,83,14,0,14,97
03/06/2022,LRD,TX,ASW,CE,Federal Contract Tower,32,27,15,9,83,0,4,15,2,21,32,31,30,11,104,0,0,0,104
03/07/2022,LRD,TX,ASW,CE,Federal Contract Tower,22,22,20,16,80,0,1,33,2,36,22,23,53,18,116,0,32,32,148
03/08/2022,LRD,TX,ASW,CE,Federal Contract Tower,33,33,28,32,126,0,0,26,6,32,33,33,54,38,158,18,124,142,300
03/09/2022,LRD,TX,ASW,CE,Federal Contract Tower,26,39,36,20,121,0,6,32,4,42,26,45,68,24,163,0,10,10,173
03/10/2022,LRD,TX,ASW,CE,Federal Contract Tower,36,46,28,10,120,0,3,32,2,37,36,49,60,12,157,0,58,58,215
03/11/2022,LRD,TX,ASW,CE,Federal Contract Tower,27,39,47,13,126,0,0,19,2,21,27,39,66,15,147,0,10,10,157
03/12/2022,LRD,TX,ASW,CE,Federal Contract Tower,19,40,25,3,87,0,6,30,9,45,19,46,55,12,132,8,8,16,148
03/13/2022,LRD,TX,ASW,CE,Federal Contract Tower,23,17,19,2,61,0,0,21,1,22,23,17,40,3,83,0,0,0,83
03/14/2022,LRD,TX,ASW,CE,Federal Contract Tower,33,41,15,30,119,0,0,21,2,23,33,41,36,32,142,18,152,170,312
03/15/2022,LRD,TX,ASW,CE,Federal Contract Tower,38,36,25,17,116,0,0,37,3,40,38,36,62,20,156,24,96,120,276
03/16/2022,LRD,TX,ASW,CE,Federal Contract Tower,36,39,21,6,102,0,2,24,6,32,36,41,45,12,134,0,18,18,152
03/17/2022,LRD,TX,ASW,CE,Federal Contract Tower,48,49,20,27,144,0,0,22,10,32,48,49,42,37,176,0,18,18,194
03/18/2022,LRD,TX,ASW,CE,Federal Contract Tower,30,42,33,2,107,0,1,17,6,24,30,43,50,8,131,0,0,0,131
03/19/2022,LRD,TX,ASW,CE,Federal Contract Tower,29,33,33,0,95,0,10,26,1,37,29,43,59,1,132,26,0,26,158
03/20/2022,LRD,TX,ASW,CE,Federal Contract Tower,19,24,36,2,81,1,6,32,1,40,20,30,68,3,121,0,0,0,121
03/21/2022,LRD,TX,ASW,CE,Federal Contract Tower,27,30,13,35,105,0,0,21,1,22,27,30,34,36,127,0,8,8,135
03/22/2022,LRD,TX,ASW,CE,Federal Contract Tower,32,32,27,2,93,0,3,36,3,42,32,35,63,5,135,0,16,16,151
03/23/2022,LRD,TX,ASW,CE,Federal Contract Tower,47,35,37,12,131,0,0,37,8,45,47,35,74,20,176,16,112,128,304
03/24/2022,LRD,TX,ASW,CE,Federal Contract Tower,41,47,26,11,125,0,2,29,4,35,41,49,55,15,160,0,18,18,178
03/25/2022,LRD,TX,ASW,CE,Federal Contract Tower,27,39,22,10,98,0,6,26,4,36,27,45,48,14,134,0,44,44,178
03/26/2022,LRD,TX,ASW,CE,Federal Contract Tower,33,24,15,0,72,0,0,27,2,29,33,24,42,2,101,4,0,4,105
03/27/2022,LRD,TX,ASW,CE,Federal Contract Tower,35,23,36,6,100,0,0,26,1,27,35,23,62,7,127,6,0,6,133
03/28/2022,LRD,TX,ASW,CE,Federal Contract Tower,33,32,13,2,80,0,1,35,2,38,33,33,48,4,118,6,18,24,142
03/29/2022,LRD,TX,ASW,CE,Federal Contract Tower,30,39,16,31,116,0,0,8,6,14,30,39,24,37,130,0,68,68,198
03/30/2022,LRD,TX,ASW,CE,Federal Contract Tower,39,46,22,5,112,0,0,23,6,29,39,46,45,11,141,0,24,24,165
03/31/2022,LRD,TX,ASW,CE,Federal Contract Tower,46,39,36,11,132,0,7,36,10,53,46,46,72,21,185,0,28,28,213
04/01/2022,LRD,TX,ASW,CE,Federal Contract Tower,28,21,35,8,92,0,0,28,11,39,28,21,63,19,131,0,0,0,131
04/02/2022,LRD,TX,ASW,CE,Federal Contract Tower,22,15,15,14,66,0,5,18,5,28,22,20,33,19,94,0,10,10,104
04/03/2022,LRD,TX,ASW,CE,Federal Contract Tower,34,24,15,0,73,2,2,12,3,19,36,26,27,3,92,0,0,0,92
04/04/2022,LRD,TX,ASW,CE,Federal Contract Tower,39,26,18,13,96,2,0,13,1,16,41,26,31,14,112,0,38,38,150
04/05/2022,LRD,TX,ASW,CE,Federal Contract Tower,32,54,26,26,138,6,0,22,8,36,38,54,48,34,174,20,90,110,284
04/06/2022,LRD,TX,ASW,CE,Federal Contract Tower,42,46,22,6,116,6,0,29,6,41,48,46,51,12,157,0,0,0,157
04/07/2022,LRD,TX,ASW,CE,Federal Contract Tower,50,38,38,14,140,2,0,20,9,31,52,38,58,23,171,0,64,64,235
04/08/2022,LRD,TX,ASW,CE,Federal Contract Tower,38,41,30,11,120,2,6,39,6,53,40,47,69,17,173,40,12,52,225
04/09/2022,LRD,TX,ASW,CE,Federal Contract Tower,24,28,11,0,63,0,5,20,2,27,24,33,31,2,90,4,0,4,94
04/10/2022,LRD,TX,ASW,CE,Federal Contract Tower,27,21,23,2,73,0,0,14,2,16,27,21,37,4,89,10,0,10,99
04/11/2022,LRD,TX,ASW,CE,Federal Contract Tower,32,47,22,11,112,0,6,27,3,36,32,53,49,14,148,8,36,44,192
04/12/2022,LRD,TX,ASW,CE,Federal Contract Tower,27,50,26,24,127,0,0,23,6,29,27,50,49,30,156,32,54,86,242
04/13/2022,LRD,TX,ASW,CE,Federal Contract Tower,39,52,26,15,132,0,1,33,3,37,39,53,59,18,169,0,34,34,203
04/14/2022,LRD,TX,ASW,CE,Federal Contract Tower,37,37,22,0,96,0,5,35,4,44,37,42,57,4,140,34,0,34,174
04/15/2022,LRD,TX,ASW,CE,Federal Contract Tower,18,18,12,13,61,0,1,26,5,32,18,19,38,18,93,10,56,66,159
04/16/2022,LRD,TX,ASW,CE,Federal Contract Tower,23,14,1,0,38,0,5,14,2,21,23,19,15,2,59,0,0,0,59
04/17/2022,LRD,TX,ASW,CE,Federal Contract Tower,19,16,23,0,58,0,1,12,0,13,19,17,35,0,71,0,0,0,71
04/18/2022,LRD,TX,ASW,CE,Federal Contract Tower,33,32,21,2,88,0,0,37,10,47,33,32,58,12,135,0,8,8,143
04/19/2022,LRD,TX,ASW,CE,Federal Contract Tower,37,48,15,11,111,0,1,21,3,25,37,49,36,14,136,12,10,22,158
04/20/2022,LRD,TX,ASW,CE,Federal Contract Tower,36,42,33,2,113,0,8,35,3,46,36,50,68,5,159,8,30,38,197
04/21/2022,LRD,TX,ASW,CE,Federal Contract Tower,40,38,36,9,123,0,5,22,5,32,40,43,58,14,155,18,0,18,173
04/22/2022,LRD,TX,ASW,CE,Federal Contract Tower,36,32,28,8,104,0,0,20,8,28,36,32,48,16,132,0,40,40,172
04/23/2022,LRD,TX,ASW,CE,Federal Contract Tower,28,23,14,0,65,0,2,14,2,18,28,25,28,2,83,0,0,0,83
04/24/2022,LRD,TX,ASW,CE,Federal Contract Tower,24,34,18,0,76,0,3,9,0,12,24,37,27,0,88,0,0,0,88
04/25/2022,LRD,TX,ASW,CE,Federal Contract Tower,30,22,23,0,75,0,0,13,0,13,30,22,36,0,88,0,0,0,88
04/26/2022,LRD,TX,ASW,CE,Federal Contract Tower,34,36,17,4,91,0,0,16,0,16,34,36,33,4,107,0,0,0,107
04/27/2022,LRD,TX,ASW,CE,Federal Contract Tower,29,67,33,2,131,0,4,19,8,31,29,71,52,10,162,0,4,4,166
04/28/2022,LRD,TX,ASW,CE,Federal Contract Tower,36,36,25,10,107,0,5,35,6,46,36,41,60,16,153,16,36,52,205
04/29/2022,LRD,TX,ASW,CE,Federal Contract Tower,30,27,20,4,81,0,0,20,4,24,30,27,40,8,105,0,12,12,117
04/30/2022,LRD,TX,ASW,CE,Federal Contract Tower,32,26,9,0,67,0,7,15,2,24,32,33,24,2,91,0,0,0,91
05/01/2022,LRD,TX,ASW,CE,Federal Contract Tower,29,23,28,2,82,0,2,18,1,21,29,25,46,3,103,0,0,0,103
05/02/2022,LRD,TX,ASW,CE,Federal Contract Tower,27,33,33,1,94,0,5,24,3,32,27,38,57,4,126,0,16,16,142
05/03/2022,LRD,TX,ASW,CE,Federal Contract Tower,39,47,20,13,119,0,1,30,12,43,39,48,50,25,162,10,30,40,202
05/04/2022,LRD,TX,ASW,CE,Federal Contract Tower,46,50,33,15,144,0,1,28,5,34,46,51,61,20,178,10,10,20,198
05/05/2022,LRD,TX,ASW,CE,Federal Contract Tower,44,45,24,3,116,0,2,20,3,25,44,47,44,6,141,0,6,6,147
05/06/2022,LRD,TX,ASW,CE,Federal Contract Tower,35,36,24,3,98,0,6,35,6,47,35,42,59,9,145,14,26,40,185
05/07/2022,LRD,TX,ASW,CE,Federal Contract Tower,39,19,5,0,63,0,6,26,2,34,39,25,31,2,97,0,0,0,97
05/08/2022,LRD,TX,ASW,CE,Federal Contract Tower,26,23,12,4,65,0,0,24,2,26,26,23,36,6,91,0,0,0,91
05/09/2022,LRD,TX,ASW,CE,Federal Contract Tower,31,27,16,3,77,0,3,30,4,37,31,30,46,7,114,0,0,0,114
05/10/2022,LRD,TX,ASW,CE,Federal Contract Tower,35,24,14,7,80,0,2,27,4,33,35,26,41,11,113,18,2,20,133
05/11/2022,LRD,TX,ASW,CE,Federal Contract Tower,33,47,20,3,103,0,6,32,17,55,33,53,52,20,158,0,10,10,168
05/12/2022,LRD,TX,ASW,CE,Federal Contract Tower,42,37,23,7,109,0,0,25,10,35,42,37,48,17,144,12,84,96,240
05/13/2022,LRD,TX,ASW,CE,Federal Contract Tower,29,33,23,2,87,0,0,37,3,40,29,33,60,5,127,0,0,0,127
05/14/2022,LRD,TX,ASW,CE,Federal Contract Tower,23,19,9,0,51,0,0,21,2,23,23,19,30,2,74,0,0,0,74
05/15/2022,LRD,TX,ASW,CE,Federal Contract Tower,18,19,12,0,49,0,0,34,2,36,18,19,46,2,85,12,0,12,97
05/16/2022,LRD,TX,ASW,CE,Federal Contract Tower,33,40,17,0,90,0,6,29,2,37,33,46,46,2,127,8,0,8,135
05/17/2022,LRD,TX,ASW,CE,Federal Contract Tower,31,36,21,2,90,0,7,39,9,55,31,43,60,11,145,8,4,12,157
05/18/2022,LRD,TX,ASW,CE,Federal Contract Tower,31,45,34,23,133,1,0,28,13,42,32,45,62,36,175,8,10,18,193
05/19/2022,LRD,TX,ASW,CE,Federal Contract Tower,47,35,25,23,130,2,3,23,15,43,49,38,48,38,173,14,84,98,271
05/20/2022,LRD,TX,ASW,CE,Federal Contract Tower,44,28,21,17,110,3,0,23,11,37,47,28,44,28,147,0,98,98,245
05/21/2022,LRD,TX,ASW,CE,Federal Contract Tower,36,16,8,0,60,3,1,12,1,17,39,17,20,1,77,14,0,14,91
05/22/2022,LRD,TX,ASW,CE,Federal Contract Tower,27,25,17,0,69,0,0,8,2,10,27,25,25,2,79,0,0,0,79
05/23/2022,LRD,TX,ASW,CE,Federal Contract Tower,37,24,10,0,71,0,2,16,0,18,37,26,26,0,89,0,0,0,89
05/24/2022,LRD,TX,ASW,CE,Federal Contract Tower,36,33,16,6,91,3,8,19,2,32,39,41,35,8,123,0,0,0,123
05/25/2022,LRD,TX,ASW,CE,Federal Contract Tower,37,40,16,1,94,0,0,19,13,32,37,40,35,14,126,8,0,8,134
05/26/2022,LRD,TX,ASW,CE,Federal Contract Tower,45,30,20,3,98,0,6,25,8,39,45,36,45,11,137,2,20,22,159
05/27/2022,LRD,TX,ASW,CE,Federal Contract Tower,22,23,16,0,61,0,5,11,2,18,22,28,27,2,79,0,0,0,79
05/28/2022,LRD,TX,ASW,CE,Federal Contract Tower,24,17,10,0,51,0,12,20,1,33,24,29,30,1,84,4,0,4,88
05/29/2022,LRD,TX,ASW,CE,Federal Contract Tower,16,20,8,0,44,0,3,16,0,19,16,23,24,0,63,2,0,2,65
05/30/2022,LRD,TX,ASW,CE,Federal Contract Tower,16,16,25,0,57,0,0,15,2,17,16,16,40,2,74,0,0,0,74
05/31/2022,LRD,TX,ASW,CE,Federal Contract Tower,22,30,22,8,82,0,0,39,7,46,22,30,61,15,128,8,25,33,161
06/01/2022,LRD,TX,ASW,CE,Federal Contract Tower,31,44,23,2,100,0,2,16,4,22,31,46,39,6,122,10,0,10,132
06/02/2022,LRD,TX,ASW,CE,Federal Contract Tower,36,22,20,32,110,0,2,32,5,39,36,24,52,37,149,0,168,168,317
06/03/2022,LRD,TX,ASW,CE,Federal Contract Tower,27,24,16,11,78,0,0,26,6,32,27,24,42,17,110,0,108,108,218
06/04/2022,LRD,TX,ASW,CE,Federal Contract Tower,20,26,13,6,65,0,2,20,2,24,20,28,33,8,89,0,0,0,89
06/05/2022,LRD,TX,ASW,CE,Federal Contract Tower,17,18,19,0,54,0,0,15,1,16,17,18,34,1,70,0,0,0,70
06/06/2022,LRD,TX,ASW,CE,Federal Contract Tower,44,19,13,6,82,0,3,30,4,37,44,22,43,10,119,0,0,0,119
06/07/2022,LRD,TX,ASW,CE,Federal Contract Tower,36,37,23,12,108,0,1,27,9,37,36,38,50,21,145,0,0,0,145
06/08/2022,LRD,TX,ASW,CE,Federal Contract Tower,39,45,30,13,127,0,0,14,4,18,39,45,44,17,145,0,0,0,145
06/09/2022,LRD,TX,ASW,CE,Federal Contract Tower,36,40,23,9,108,0,1,27,4,32,36,41,50,13,140,0,0,0,140
06/10/2022,LRD,TX,ASW,CE,Federal Contract Tower,25,26,18,5,74,0,0,23,2,25,25,26,41,7,99,2,42,44,143
06/11/2022,LRD,TX,ASW,CE,Federal Contract Tower,25,36,8,0,69,0,5,16,1,22,25,41,24,1,91,0,0,0,91
06/12/2022,LRD,TX,ASW,CE,Federal Contract Tower,23,18,11,0,52,0,6,15,4,25,23,24,26,4,77,0,10,10,87
06/13/2022,LRD,TX,ASW,CE,Federal Contract Tower,28,32,22,2,84,0,1,19,2,22,28,33,41,4,106,22,34,56,162
06/14/2022,LRD,TX,ASW,CE,Federal Contract Tower,35,50,20,10,115,0,2,35,4,41,35,52,55,14,156,0,2,2,158
06/15/2022,LRD,TX,ASW,CE,Federal Contract Tower,41,64,31,8,144,0,1,20,3,24,41,65,51,11,168,0,58,58,226
06/16/2022,LRD,TX,ASW,CE,Federal Contract Tower,36,39,39,16,130,0,2,21,4,27,36,41,60,20,157,0,56,56,213
06/17/2022,LRD,TX,ASW,CE,Federal Contract Tower,25,25,21,0,71,0,2,30,4,36,25,27,51,4,107,8,0,8,115
06/18/2022,LRD,TX,ASW,CE,Federal Contract Tower,22,20,12,0,54,0,2,31,2,35,22,22,43,2,89,0,0,0,89
06/19/2022,LRD,TX,ASW,CE,Federal Contract Tower,16,27,12,0,55,0,5,7,0,12,16,32,19,0,67,0,0,0,67
06/20/2022,LRD,TX,ASW,CE,Federal Contract Tower,27,37,26,0,90,0,6,26,3,35,27,43,52,3,125,0,0,0,125
06/21/2022,LRD,TX,ASW,CE,Federal Contract Tower,27,42,25,11,105,0,0,19,6,25,27,42,44,17,130,0,12,12,142
06/22/2022,LRD,TX,ASW,CE,Federal Contract Tower,21,46,20,3,90,0,1,24,4,29,21,47,44,7,119,3,20,23,142
06/23/2022,LRD,TX,ASW,CE,Federal Contract Tower,38,42,25,4,109,0,0,35,3,38,38,42,60,7,147,20,38,58,205
06/24/2022,LRD,TX,ASW,CE,Federal Contract Tower,28,32,17,4,81,0,0,28,6,34,28,32,45,10,115,4,20,24,139
06/25/2022,LRD,TX,ASW,CE,Federal Contract Tower,25,26,14,0,65,0,0,30,2,32,25,26,44,2,97,0,0,0,97
06/26/2022,LRD,TX,ASW,CE,Federal Contract Tower,17,16,8,2,43,0,3,25,2,30,17,19,33,4,73,10,0,10,83
06/27/2022,LRD,TX,ASW,CE,Federal Contract Tower,29,29,22,27,107,0,2,19,2,23,29,31,41,29,130,0,34,34,164
06/28/2022,LRD,TX,ASW,CE,Federal Contract Tower,31,41,19,9,100,0,11,33,4,48,31,52,52,13,148,3,18,21,169
06/29/2022,LRD,TX,ASW,CE,Federal Contract Tower,33,31,23,20,107,0,7,23,3,33,33,38,46,23,140,16,34,50,190
06/30/2022,LRD,TX,ASW,CE,Federal Contract Tower,30,31,18,13,92,0,3,34,4,41,30,34,52,17,133,1,40,41,174
07/01/2022,LRD,TX,ASW,CE,Federal Contract Tower,19,24,21,6,70,0,1,17,8,26,19,25,38,14,96,0,4,4,100
07/02/2022,LRD,TX,ASW,CE,Federal Contract Tower,16,15,17,0,48,0,0,29,5,34,16,15,46,5,82,0,0,0,82
07/03/2022,LRD,TX,ASW,CE,Federal Contract Tower,8,13,16,0,37,0,0,11,2,13,8,13,27,2,50,6,0,6,56
07/04/2022,LRD,TX,ASW,CE,Federal Contract Tower,7,14,11,0,32,0,4,17,0,21,7,18,28,0,53,16,0,16,69
07/05/2022,LRD,TX,ASW,CE,Federal Contract Tower,14,19,19,4,56,0,0,29,7,36,14,19,48,11,92,0,24,24,116
07/06/2022,LRD,TX,ASW,CE,Federal Contract Tower,22,26,18,3,69,0,9,20,3,32,22,35,38,6,101,0,14,14,115
07/07/2022,LRD,TX,ASW,CE,Federal Contract Tower,33,26,24,8,91,0,0,30,3,33,33,26,54,11,124,0,24,24,148
07/08/2022,LRD,TX,ASW,CE,Federal Contract Tower,19,27,22,3,71,0,6,46,7,59,19,33,68,10,130,0,0,0,130
07/09/2022,LRD,TX,ASW,CE,Federal Contract Tower,16,17,12,2,47,0,6,19,6,31,16,23,31,8,78,6,0,6,84
07/10/2022,LRD,TX,ASW,CE,Federal Contract Tower,12,13,10,0,35,1,0,15,2,18,13,13,25,2,53,6,0,6,59
07/11/2022,LRD,TX,ASW,CE,Federal Contract Tower,20,20,31,0,71,0,5,26,4,35,20,25,57,4,106,0,0,0,106
07/12/2022,LRD,TX,ASW,CE,Federal Contract Tower,22,18,14,10,64,0,4,19,12,35,22,22,33,22,99,0,38,38,137
07/13/2022,LRD,TX,ASW,CE,Federal Contract Tower,20,27,21,1,69,0,2,9,9,20,20,29,30,10,89,0,0,0,89
07/14/2022,LRD,TX,ASW,CE,Federal Contract Tower,30,25,16,29,100,0,3,21,12,36,30,28,37,41,136,0,94,94,230
07/15/2022,LRD,TX,ASW,CE,Federal Contract Tower,21,19,12,7,59,0,0,20,8,28,21,19,32,15,87,0,8,8,95
07/16/2022,LRD,TX,ASW,CE,Federal Contract Tower,12,13,8,0,33,0,3,16,1,20,12,16,24,1,53,0,0,0,53
07/17/2022,LRD,TX,ASW,CE,Federal Contract Tower,18,18,15,0,51,0,0,22,1,23,18,18,37,1,74,12,0,12,86
07/18/2022,LRD,TX,ASW,CE,Federal Contract Tower,16,22,22,12,72,0,6,32,5,43,16,28,54,17,115,0,48,48,163
07/19/2022,LRD,TX,ASW,CE,Federal Contract Tower,24,26,26,8,84,0,4,29,4,37,24,30,55,12,121,2,0,2,123
07/20/2022,LRD,TX,ASW,CE,Federal Contract Tower,26,31,17,7,81,2,0,27,10,39,28,31,44,17,120,0,28,28,148
07/21/2022,LRD,TX,ASW,CE,Federal Contract Tower,27,31,26,14,98,0,0,18,4,22,27,31,44,18,120,0,48,48,168
07/22/2022,LRD,TX,ASW,CE,Federal Contract Tower,16,28,21,10,75,0,11,28,10,49,16,39,49,20,124,0,60,60,184
07/23/2022,LRD,TX,ASW,CE,Federal Contract Tower,20,22,9,0,51,0,3,21,3,27,20,25,30,3,78,0,0,0,78
07/24/2022,LRD,TX,ASW,CE,Federal Contract Tower,20,18,10,0,48,0,0,23,2,25,20,18,33,2,73,0,0,0,73
07/25/2022,LRD,TX,ASW,CE,Federal Contract Tower,26,30,12,0,68,0,18,13,2,33,26,48,25,2,101,0,0,0,101
07/26/2022,LRD,TX,ASW,CE,Federal Contract Tower,24,34,21,9,88,0,10,23,6,39,24,44,44,15,127,0,92,92,219
07/27/2022,LRD,TX,ASW,CE,Federal Contract Tower,25,39,21,8,93,0,1,29,4,34,25,40,50,12,127,0,44,44,171
07/28/2022,LRD,TX,ASW,CE,Federal Contract Tower,25,31,23,5,84,0,1,24,7,32,25,32,47,12,116,0,0,0,116
07/29/2022,LRD,TX,ASW,CE,Federal Contract Tower,23,38,18,6,85,0,4,28,6,38,23,42,46,12,123,0,8,8,131
07/30/2022,LRD,TX,ASW,CE,Federal Contract Tower,24,23,13,0,60,0,1,26,2,29,24,24,39,2,89,0,0,0,89
07/31/2022,LRD,TX,ASW,CE,Federal Contract Tower,15,13,15,0,43,0,9,27,1,37,15,22,42,1,80,14,0,14,94
08/01/2022,LRD,TX,ASW,CE,Federal Contract Tower,23,31,18,4,76,0,7,35,3,45,23,38,53,7,121,10,0,10,131
08/02/2022,LRD,TX,ASW,CE,Federal Contract Tower,25,24,21,2,72,0,0,32,3,35,25,24,53,5,107,24,22,46,153
08/03/2022,LRD,TX,ASW,CE,Federal Contract Tower,25,43,36,8,112,0,0,24,6,30,25,43,60,14,142,0,0,0,142
08/04/2022,LRD,TX,ASW,CE,Federal Contract Tower,34,44,17,17,112,0,0,15,5,20,34,44,32,22,132,0,40,40,172
08/05/2022,LRD,TX,ASW,CE,Federal Contract Tower,27,33,19,4,83,0,7,32,4,43,27,40,51,8,126,0,30,30,156
08/06/2022,LRD,TX,ASW,CE,Federal Contract Tower,23,22,12,10,67,0,3,15,0,18,23,25,27,10,85,0,0,0,85
08/07/2022,LRD,TX,ASW,CE,Federal Contract Tower,17,15,15,0,47,0,1,10,2,13,17,16,25,2,60,0,0,0,60
08/08/2022,LRD,TX,ASW,CE,Federal Contract Tower,23,23,16,7,69,0,0,14,3,17,23,23,30,10,86,0,86,86,172
08/09/2022,LRD,TX,ASW,CE,Federal Contract Tower,34,30,14,5,83,0,1,27,10,38,34,31,41,15,121,0,126,126,247
08/10/2022,LRD,TX,ASW,CE,Federal Contract Tower,35,30,28,22,115,0,5,33,5,43,35,35,61,27,158,0,68,68,226
08/11/2022,LRD,TX,ASW,CE,Federal Contract Tower,41,43,22,6,112,0,0,20,3,23,41,43,42,9,135,0,28,28,163
08/12/2022,LRD,TX,ASW,CE,Federal Contract Tower,25,42,18,4,89,0,0,16,3,19,25,42,34,7,108,0,0,0,108
08/13/2022,LRD,TX,ASW,CE,Federal Contract Tower,19,14,13,2,48,0,21,16,3,40,19,35,29,5,88,0,0,0,88
08/14/2022,LRD,TX,ASW,CE,Federal Contract Tower,10,21,6,0,37,0,0,10,0,10,10,21,16,0,47,0,0,0,47
08/15/2022,LRD,TX,ASW,CE,Federal Contract Tower,9,21,11,0,41,0,0,0,0,0,9,21,11,0,41,0,0,0,41
08/16/2022,LRD,TX,ASW,CE,Federal Contract Tower,22,38,26,12,98,0,4,18,4,26,22,42,44,16,124,0,0,0,124
08/17/2022,LRD,TX,ASW,CE,Federal Contract Tower,28,49,31,5,113,0,0,31,6,37,28,49,62,11,150,24,32,56,206
08/18/2022,LRD,TX,ASW,CE,Federal Contract Tower,31,32,23,25,111,0,0,44,3,47,31,32,67,28,158,18,48,66,224
08/19/2022,LRD,TX,ASW,CE,Federal Contract Tower,24,33,13,22,92,0,2,23,4,29,24,35,36,26,121,0,24,24,145
08/20/2022,LRD,TX,ASW,CE,Federal Contract Tower,21,11,12,6,50,0,6,23,3,32,21,17,35,9,82,0,16,16,98
08/21/2022,LRD,TX,ASW,CE,Federal Contract Tower,14,13,10,6,43,0,4,18,2,24,14,17,28,8,67,2,12,14,81
08/22/2022,LRD,TX,ASW,CE,Federal Contract Tower,33,42,19,18,112,0,1,27,6,34,33,43,46,24,146,0,26,26,172
08/23/2022,LRD,TX,ASW,CE,Federal Contract Tower,26,31,17,6,80,0,2,23,7,32,26,33,40,13,112,0,0,0,112
08/24/2022,LRD,TX,ASW,CE,Federal Contract Tower,32,33,33,0,98,0,0,18,3,21,32,33,51,3,119,0,0,0,119
08/25/2022,LRD,TX,ASW,CE,Federal Contract Tower,33,38,27,9,107,0,0,12,5,17,33,38,39,14,124,0,0,0,124
08/26/2022,LRD,TX,ASW,CE,Federal Contract Tower,33,26,20,1,80,0,0,17,3,20,33,26,37,4,100,0,0,0,100
08/27/2022,LRD,TX,ASW,CE,Federal Contract Tower,23,29,10,0,62,0,0,32,1,33,23,29,42,1,95,0,0,0,95
08/28/2022,LRD,TX,ASW,CE,Federal Contract Tower,14,14,18,0,46,0,4,22,2,28,14,18,40,2,74,0,0,0,74
08/29/2022,LRD,TX,ASW,CE,Federal Contract Tower,23,37,15,10,85,0,11,38,8,57,23,48,53,18,142,10,0,10,152
08/30/2022,LRD,TX,ASW,CE,Federal Contract Tower,20,38,19,2,79,0,0,13,2,15,20,38,32,4,94,4,8,12,106
08/31/2022,LRD,TX,ASW,CE,Federal Contract Tower,28,21,19,8,76,0,6,16,5,27,28,27,35,13,103,0,22,22,125
09/01/2022,LRD,TX,ASW,CE,Federal Contract Tower,23,30,26,19,98,0,0,32,4,36,23,30,58,23,134,2,170,172,306
09/02/2022,LRD,TX,ASW,CE,Federal Contract Tower,19,20,16,0,55,0,1,29,0,30,19,21,45,0,85,0,0,0,85
09/03/2022,LRD,TX,ASW,CE,Federal Contract Tower,21,12,11,0,44,0,0,15,0,15,21,12,26,0,59,0,0,0,59
09/04/2022,LRD,TX,ASW,CE,Federal Contract Tower,6,17,3,0,26,0,0,13,0,13,6,17,16,0,39,0,0,0,39
09/05/2022,LRD,TX,ASW,CE,Federal Contract Tower,13,21,11,2,47,0,5,16,0,21,13,26,27,2,68,0,0,0,68
09/06/2022,LRD,TX,ASW,CE,Federal Contract Tower,16,38,22,22,98,0,1,21,2,24,16,39,43,24,122,0,74,74,196
09/07/2022,LRD,TX,ASW,CE,Federal Contract Tower,22,32,23,6,83,0,0,13,7,20,22,32,36,13,103,4,0,4,107
09/08/2022,LRD,TX,ASW,CE,Federal Contract Tower,27,35,28,4,94,0,1,16,1,18,27,36,44,5,112,26,46,72,184
09/09/2022,LRD,TX,ASW,CE,Federal Contract Tower,19,25,33,10,87,0,2,27,4,33,19,27,60,14,120,6,46,52,172
09/10/2022,LRD,TX,ASW,CE,Federal Contract Tower,15,13,13,0,41,0,0,24,3,27,15,13,37,3,68,14,16,30,98
09/11/2022,LRD,TX,ASW,CE,Federal Contract Tower,11,25,14,0,50,0,3,32,4,39,11,28,46,4,89,0,0,0,89
09/12/2022,LRD,TX,ASW,CE,Federal Contract Tower,23,26,18,4,71,0,2,24,7,33,23,28,42,11,104,0,26,26,130
09/13/2022,LRD,TX,ASW,CE,Federal Contract Tower,23,51,31,5,110,0,3,33,9,45,23,54,64,14,155,0,46,46,201
09/14/2022,LRD,TX,ASW,CE,Federal Contract Tower,25,39,31,4,99,0,1,32,8,41,25,40,63,12,140,0,0,0,140
09/15/2022,LRD,TX,ASW,CE,Federal Contract Tower,31,32,32,10,105,0,3,34,4,41,31,35,66,14,146,20,22,42,188
09/16/2022,LRD,TX,ASW,CE,Federal Contract Tower,24,16,22,5,67,0,0,12,4,16,24,16,34,9,83,0,34,34,117
09/17/2022,LRD,TX,ASW,CE,Federal Contract Tower,11,19,6,0,36,0,7,16,2,25,11,26,22,2,61,0,0,0,61
09/18/2022,LRD,TX,ASW,CE,Federal Contract Tower,15,12,10,0,37,0,7,24,1,32,15,19,34,1,69,6,0,6,75
09/19/2022,LRD,TX,ASW,CE,Federal Contract Tower,25,38,26,9,98,0,10,26,6,42,25,48,52,15,140,0,0,0,140
09/20/2022,LRD,TX,ASW,CE,Federal Contract Tower,34,46,21,7,108,0,10,38,7,55,34,56,59,14,163,7,6,13,176
09/21/2022,LRD,TX,ASW,CE,Federal Contract Tower,30,49,23,10,112,0,0,33,7,40,30,49,56,17,152,0,88,88,240
09/22/2022,LRD,TX,ASW,CE,Federal Contract Tower,35,49,28,14,126,0,2,39,9,50,35,51,67,23,176,4,42,46,222
09/23/2022,LRD,TX,ASW,CE,Federal Contract Tower,24,33,24,9,90,0,1,19,3,23,24,34,43,12,113,0,64,64,177
09/24/2022,LRD,TX,ASW,CE,Federal Contract Tower,30,33,14,2,79,0,0,23,4,27,30,33,37,6,106,0,20,20,126
09/25/2022,LRD,TX,ASW,CE,Federal Contract Tower,21,12,11,2,46,0,0,21,2,23,21,12,32,4,69,0,0,0,69
09/26/2022,LRD,TX,ASW,CE,Federal Contract Tower,21,21,19,4,65,0,0,26,2,28,21,21,45,6,93,0,0,0,93
09/27/2022,LRD,TX,ASW,CE,Federal Contract Tower,23,32,16,12,83,0,5,43,8,56,23,37,59,20,139,4,43,47,186
09/28/2022,LRD,TX,ASW,CE,Federal Contract Tower,35,51,21,4,111,0,6,45,4,55,35,57,66,8,166,0,50,50,216
09/29/2022,LRD,TX,ASW,CE,Federal Contract Tower,45,51,20,8,124,0,4,39,3,46,45,55,59,11,170,14,6,20,190
09/30/2022,LRD,TX,ASW,CE,Federal Contract Tower,29,19,9,6,63,0,3,31,3,37,29,22,40,9,100,0,0,0,100
10/01/2022,LRD,TX,ASW,CE,Federal Contract Tower,25,21,7,0,53,0,9,34,8,51,25,30,41,8,104,0,20,20,124
10/02/2022,LRD,TX,ASW,CE,Federal Contract Tower,30,19,8,0,57,0,0,19,0,19,30,19,27,0,76,4,0,4,80
10/03/2022,LRD,TX,ASW,CE,Federal Contract Tower,27,28,19,6,80,0,1,26,0,27,27,29,45,6,107,8,20,28,135
10/04/2022,LRD,TX,ASW,CE,Federal Contract Tower,30,40,23,1,94,0,0,33,5,38,30,40,56,6,132,6,10,16,148
10/05/2022,LRD,TX,ASW,CE,Federal Contract Tower,27,40,13,7,87,0,9,28,6,43,27,49,41,13,130,14,0,14,144
10/06/2022,LRD,TX,ASW,CE,Federal Contract Tower,37,27,23,6,93,0,7,32,2,41,37,34,55,8,134,6,28,34,168
10/07/2022,LRD,TX,ASW,CE,Federal Contract Tower,35,29,15,2,81,0,0,19,3,22,35,29,34,5,103,0,0,0,103
10/08/2022,LRD,TX,ASW,CE,Federal Contract Tower,25,17,4,0,46,0,13,19,0,32,25,30,23,0,78,0,0,0,78
10/09/2022,LRD,TX,ASW,CE,Federal Contract Tower,25,14,15,0,54,0,4,17,0,21,25,18,32,0,75,0,0,0,75
10/10/2022,LRD,TX,ASW,CE,Federal Contract Tower,24,36,21,0,81,0,5,31,1,37,24,41,52,1,118,2,0,2,120
10/11/2022,LRD,TX,ASW,CE,Federal Contract Tower,39,23,16,17,95,0,0,29,4,33,39,23,45,21,128,4,18,22,150
10/12/2022,LRD,TX,ASW,CE,Federal Contract Tower,41,45,22,6,114,0,0,30,5,35,41,45,52,11,149,0,38,38,187
10/13/2022,LRD,TX,ASW,CE,Federal Contract Tower,50,15,23,6,94,0,7,25,12,44,50,22,48,18,138,0,56,56,194
10/14/2022,LRD,TX,ASW,CE,Federal Contract Tower,30,18,27,0,75,0,3,27,7,37,30,21,54,7,112,0,0,0,112
10/15/2022,LRD,TX,ASW,CE,Federal Contract Tower,29,19,20,2,70,0,0,15,7,22,29,19,35,9,92,0,0,0,92
10/16/2022,LRD,TX,ASW,CE,Federal Contract Tower,20,8,20,0,48,0,4,14,7,25,20,12,34,7,73,0,0,0,73
10/17/2022,LRD,TX,ASW,CE,Federal Contract Tower,27,29,14,0,70,0,0,4,0,4,27,29,18,0,74,0,0,0,74
10/18/2022,LRD,TX,ASW,CE,Federal Contract Tower,51,29,20,2,102,0,0,24,2,26,51,29,44,4,128,10,0,10,138
10/19/2022,LRD,TX,ASW,CE,Federal Contract Tower,51,49,23,4,127,0,3,29,4,36,51,52,52,8,163,0,50,50,213
10/20/2022,LRD,TX,ASW,CE,Federal Contract Tower,57,44,33,7,141,0,1,37,4,42,57,45,70,11,183,54,125,179,362
10/21/2022,LRD,TX,ASW,CE,Federal Contract Tower,34,36,29,4,103,0,0,52,0,52,34,36,81,4,155,0,88,88,243
10/22/2022,LRD,TX,ASW,CE,Federal Contract Tower,42,18,16,2,78,0,2,17,0,19,42,20,33,2,97,0,0,0,97
10/23/2022,LRD,TX,ASW,CE,Federal Contract Tower,30,16,17,0,63,0,0,19,0,19,30,16,36,0,82,0,0,0,82
10/24/2022,LRD,TX,ASW,CE,Federal Contract Tower,23,43,27,16,109,0,4,24,7,35,23,47,51,23,144,0,96,96,240
10/25/2022,LRD,TX,ASW,CE,Federal Contract Tower,40,53,18,12,123,0,6,38,9,53,40,59,56,21,176,0,84,84,260
10/26/2022,LRD,TX,ASW,CE,Federal Contract Tower,42,52,28,8,130,0,0,29,8,37,42,52,57,16,167,0,50,50,217
10/27/2022,LRD,TX,ASW,CE,Federal Contract Tower,43,43,32,8,126,0,0,31,2,33,43,43,63,10,159,26,40,66,225
10/28/2022,LRD,TX,ASW,CE,Federal Contract Tower,31,40,31,4,106,0,1,12,8,21,31,41,43,12,127,0,10,10,137
10/29/2022,LRD,TX,ASW,CE,Federal Contract Tower,25,24,8,0,57,0,0,10,2,12,25,24,18,2,69,0,0,0,69
10/30/2022,LRD,TX,ASW,CE,Federal Contract Tower,24,20,21,0,65,0,3,29,1,33,24,23,50,1,98,14,0,14,112
10/31/2022,LRD,TX,ASW,CE,Federal Contract Tower,25,22,23,8,78,0,1,28,2,31,25,23,51,10,109,26,58,84,193
11/01/2022,LRD,TX,ASW,CE,Federal Contract Tower,26,43,15,4,88,0,0,4,0,4,26,43,19,4,92,0,0,0,92
11/02/2022,LRD,TX,ASW,CE,Federal Contract Tower,33,36,36,0,105,0,1,14,0,15,33,37,50,0,120,0,0,0,120
11/03/2022,LRD,TX,ASW,CE,Federal Contract Tower,33,54,32,2,121,0,4,35,13,52,33,58,67,15,173,0,78,78,251
11/04/2022,LRD,TX,ASW,CE,Federal Contract Tower,43,27,33,9,112,0,3,39,3,45,43,30,72,12,157,2,242,244,401
11/05/2022,LRD,TX,ASW,CE,Federal Contract Tower,38,17,19,12,86,0,0,26,0,26,38,17,45,12,112,2,0,2,114
11/06/2022,LRD,TX,ASW,CE,Federal Contract Tower,21,17,20,8,66,0,1,21,3,25,21,18,41,11,91,0,0,0,91
11/07/2022,LRD,TX,ASW,CE,Federal Contract Tower,24,34,37,7,102,0,1,26,6,33,24,35,63,13,135,0,0,0,135
11/08/2022,LRD,TX,ASW,CE,Federal Contract Tower,33,30,22,10,95,0,3,27,11,41,33,33,49,21,136,0,50,50,186
11/09/2022,LRD,TX,ASW,CE,Federal Contract Tower,32,27,43,33,135,0,3,31,9,43,32,30,74,42,178,0,102,102,280
11/10/2022,LRD,TX,ASW,CE,Federal Contract Tower,42,33,32,13,120,0,4,36,6,46,42,37,68,19,166,8,78,86,252
11/11/2022,LRD,TX,ASW,CE,Federal Contract Tower,35,28,28,0,91,0,15,16,1,32,35,43,44,1,123,0,0,0,123
11/12/2022,LRD,TX,ASW,CE,Federal Contract Tower,36,15,10,4,65,0,5,0,5,10,36,20,10,9,75,0,0,0,75
11/13/2022,LRD,TX,ASW,CE,Federal Contract Tower,26,13,17,1,57,0,3,20,3,26,26,16,37,4,83,0,9,9,92
11/14/2022,LRD,TX,ASW,CE,Federal Contract Tower,33,31,16,2,82,0,5,16,3,24,33,36,32,5,106,0,0,0,106
11/15/2022,LRD,TX,ASW,CE,Federal Contract Tower,40,33,19,4,96,0,12,25,4,41,40,45,44,8,137,20,0,20,157
11/16/2022,LRD,TX,ASW,CE,Federal Contract Tower,56,36,34,0,126,0,11,26,9,46,56,47,60,9,172,0,2,2,174
11/17/2022,LRD,TX,ASW,CE,Federal Contract Tower,40,31,22,3,96,0,0,38,7,45,40,31,60,10,141,0,0,0,141
11/18/2022,LRD,TX,ASW,CE,Federal Contract Tower,40,20,42,0,102,0,0,7,0,7,40,20,49,0,109,0,0,0,109
11/19/2022,LRD,TX,ASW,CE,Federal Contract Tower,14,23,17,0,54,0,0,0,0,0,14,23,17,0,54,0,0,0,54
11/20/2022,LRD,TX,ASW,CE,Federal Contract Tower,27,28,12,0,67,0,0,5,2,7,27,28,17,2,74,8,10,18,92
11/21/2022,LRD,TX,ASW,CE,Federal Contract Tower,28,16,31,2,77,0,0,1,0,1,28,16,32,2,78,8,0,8,86
11/22/2022,LRD,TX,ASW,CE,Federal Contract Tower,23,28,26,5,82,0,0,0,0,0,23,28,26,5,82,0,0,0,82
11/23/2022,LRD,TX,ASW,CE,Federal Contract Tower,17,13,14,0,44,0,0,0,0,0,17,13,14,0,44,0,0,0,44
11/24/2022,LRD,TX,ASW,CE,Federal Contract Tower,10,12,25,0,47,0,0,0,0,0,10,12,25,0,47,0,0,0,47
11/25/2022,LRD,TX,ASW,CE,Federal Contract Tower,9,9,13,0,31,0,0,0,0,0,9,9,13,0,31,0,0,0,31
11/26/2022,LRD,TX,ASW,CE,Federal Contract Tower,31,14,16,1,62,0,1,22,3,26,31,15,38,4,88,0,0,0,88
11/27/2022,LRD,TX,ASW,CE,Federal Contract Tower,17,15,23,0,55,0,0,31,0,31,17,15,54,0,86,0,0,0,86
11/28/2022,LRD,TX,ASW,CE,Federal Contract Tower,19,24,27,2,72,0,0,21,0,21,19,24,48,2,93,26,0,26,119
11/29/2022,LRD,TX,ASW,CE,Federal Contract Tower,48,47,20,5,120,0,3,37,3,43,48,50,57,8,163,0,40,40,203
11/30/2022,LRD,TX,ASW,CE,Federal Contract Tower,42,44,31,1,118,0,2,32,4,38,42,46,63,5,156,0,12,12,168
12/01/2022,LRD,TX,ASW,CE,Federal Contract Tower,38,46,26,4,114,0,0,13,0,13,38,46,39,4,127,0,0,0,127
12/02/2022,LRD,TX,ASW,CE,Federal Contract Tower,37,33,28,1,99,1,1,1,0,3,38,34,29,1,102,0,0,0,102
12/03/2022,LRD,TX,ASW,CE,Federal Contract Tower,21,10,16,0,47,0,0,0,0,0,21,10,16,0,47,0,0,0,47
12/04/2022,LRD,TX,ASW,CE,Federal Contract Tower,6,7,10,0,23,0,0,0,0,0,6,7,10,0,23,0,0,0,23
12/05/2022,LRD,TX,ASW,CE,Federal Contract Tower,18,35,22,4,79,0,2,6,2,10,18,37,28,6,89,0,0,0,89
12/06/2022,LRD,TX,ASW,CE,Federal Contract Tower,31,38,24,6,99,0,7,21,0,28,31,45,45,6,127,0,6,6,133
12/07/2022,LRD,TX,ASW,CE,Federal Contract Tower,55,52,39,2,148,0,0,34,2,36,55,52,73,4,184,0,0,0,184
12/08/2022,LRD,TX,ASW,CE,Federal Contract Tower,57,65,34,3,159,0,4,25,4,33,57,69,59,7,192,22,0,22,214
12/09/2022,LRD,TX,ASW,CE,Federal Contract Tower,44,58,42,0,144,0,1,16,1,18,44,59,58,1,162,10,0,10,172
12/10/2022,LRD,TX,ASW,CE,Federal Contract Tower,38,32,16,0,86,0,6,8,2,16,38,38,24,2,102,0,0,0,102
12/11/2022,LRD,TX,ASW,CE,Federal Contract Tower,24,20,23,0,67,0,2,17,0,19,24,22,40,0,86,6,0,6,92
12/12/2022,LRD,TX,ASW,CE,Federal Contract Tower,48,47,33,1,129,0,0,29,3,32,48,47,62,4,161,0,0,0,161
12/13/2022,LRD,TX,ASW,CE,Federal Contract Tower,46,50,34,1,131,0,3,41,7,51,46,53,75,8,182,0,0,0,182
12/14/2022,LRD,TX,ASW,CE,Federal Contract Tower,59,64,30,2,155,0,0,39,9,48,59,64,69,11,203,0,40,40,243
12/15/2022,LRD,TX,ASW,CE,Federal Contract Tower,51,54,35,8,148,0,0,35,5,40,51,54,70,13,188,0,18,18,206
12/16/2022,LRD,TX,ASW,CE,Federal Contract Tower,40,49,39,0,128,0,0,23,0,23,40,49,62,0,151,0,0,0,151
12/17/2022,LRD,TX,ASW,CE,Federal Contract Tower,50,38,12,0,100,0,6,12,1,19,50,44,24,1,119,0,0,0,119
12/18/2022,LRD,TX,ASW,CE,Federal Contract Tower,34,36,28,0,98,0,5,17,0,22,34,41,45,0,120,0,0,0,120
12/19/2022,LRD,TX,ASW,CE,Federal Contract Tower,44,43,33,7,127,0,0,11,0,11,44,43,44,7,138,0,0,0,138
12/20/2022,LRD,TX,ASW,CE,Federal Contract Tower,55,60,45,6,166,0,0,18,0,18,55,60,63,6,184,4,36,40,224
12/21/2022,LRD,TX,ASW,CE,Federal Contract Tower,56,50,28,0,134,0,0,18,3,21,56,50,46,3,155,0,0,0,155
12/22/2022,LRD,TX,ASW,CE,Federal Contract Tower,41,44,34,2,121,0,1,24,6,31,41,45,58,8,152,0,4,4,156
12/23/2022,LRD,TX,ASW,CE,Federal Contract Tower,35,19,22,0,76,0,2,23,4,29,35,21,45,4,105,0,0,0,105
12/24/2022,LRD,TX,ASW,CE,Federal Contract Tower,33,9,8,1,51,0,0,5,5,10,33,9,13,6,61,0,0,0,61
12/25/2022,LRD,TX,ASW,CE,Federal Contract Tower,10,13,2,0,25,0,3,22,0,25,10,16,24,0,50,0,0,0,50
12/26/2022,LRD,TX,ASW,CE,Federal Contract Tower,18,30,55,2,105,0,1,23,2,26,18,31,78,4,131,0,0,0,131
12/27/2022,LRD,TX,ASW,CE,Federal Contract Tower,27,20,24,0,71,0,0,45,6,51,27,20,69,6,122,0,0,0,122
12/28/2022,LRD,TX,ASW,CE,Federal Contract Tower,32,17,22,0,71,0,0,58,7,65,32,17,80,7,136,22,24,46,182
12/29/2022,LRD,TX,ASW,CE,Federal Contract Tower,31,15,24,0,70,0,0,12,5,17,31,15,36,5,87,2,0,2,89
12/30/2022,LRD,TX,ASW,CE,Federal Contract Tower,26,15,19,0,60,0,11,25,2,38,26,26,44,2,98,0,0,0,98
12/31/2022,LRD,TX,ASW,CE,Federal Contract Tower,21,10,5,0,36,0,11,15,0,26,21,21,20,0,62,0,0,0,62
01/01/2023,LRD,TX,ASW,CE,Federal Contract Tower,10,13,12,0,35,0,1,15,0,16,10,14,27,0,51,0,0,0,51
01/02/2023,LRD,TX,ASW,CE,Federal Contract Tower,10,23,47,0,80,0,5,21,2,28,10,28,68,2,108,0,0,0,108
01/03/2023,LRD,TX,ASW,CE,Federal Contract Tower,20,25,27,6,78,0,0,26,3,29,20,25,53,9,107,0,0,0,107
01/04/2023,LRD,TX,ASW,CE,Federal Contract Tower,25,12,39,1,77,0,1,20,4,25,25,13,59,5,102,12,28,40,142
01/05/2023,LRD,TX,ASW,CE,Federal Contract Tower,35,32,30,6,103,0,0,39,3,42,35,32,69,9,145,0,0,0,145
01/06/2023,LRD,TX,ASW,CE,Federal Contract Tower,26,13,30,0,69,0,0,22,2,24,26,13,52,2,93,0,0,0,93
01/07/2023,LRD,TX,ASW,CE,Federal Contract Tower,20,22,17,1,60,0,1,5,2,8,20,23,22,3,68,0,0,0,68
01/08/2023,LRD,TX,ASW,CE,Federal Contract Tower,21,15,19,0,55,0,10,31,2,43,21,25,50,2,98,4,0,4,102
01/09/2023,LRD,TX,ASW,CE,Federal Contract Tower,31,15,12,2,60,0,5,29,4,38,31,20,41,6,98,4,30,34,132
01/10/2023,LRD,TX,ASW,CE,Federal Contract Tower,31,24,19,2,76,0,0,20,3,23,31,24,39,5,99,0,38,38,137
01/11/2023,LRD,TX,ASW,CE,Federal Contract Tower,26,28,16,7,77,0,4,18,3,25,26,32,34,10,102,0,54,54,156
01/12/2023,LRD,TX,ASW,CE,Federal Contract Tower,50,26,31,3,110,0,0,34,3,37,50,26,65,6,147,0,28,28,175
01/13/2023,LRD,TX,ASW,CE,Federal Contract Tower,33,29,29,3,94,0,0,25,3,28,33,29,54,6,122,0,0,0,122
01/14/2023,LRD,TX,ASW,CE,Federal Contract Tower,28,15,14,0,57,0,2,15,2,19,28,17,29,2,76,0,0,0,76
01/15/2023,LRD,TX,ASW,CE,Federal Contract Tower,13,10,18,0,41,0,3,19,0,22,13,13,37,0,63,4,0,4,67
01/16/2023,LRD,TX,ASW,CE,Federal Contract Tower,29,25,36,0,90,0,0,42,3,45,29,25,78,3,135,2,0,2,137
01/17/2023,LRD,TX,ASW,CE,Federal Contract Tower,34,34,20,1,89,0,0,33,7,40,34,34,53,8,129,18,0,18,147
01/18/2023,LRD,TX,ASW,CE,Federal Contract Tower,24,32,36,15,107,0,0,25,6,31,24,32,61,21,138,0,33,33,171
01/19/2023,LRD,TX,ASW,CE,Federal Contract Tower,34,32,35,6,107,0,6,35,6,47,34,38,70,12,154,0,2,2,156
01/20/2023,LRD,TX,ASW,CE,Federal Contract Tower,24,16,22,0,62,0,0,28,1,29,24,16,50,1,91,0,0,0,91
01/21/2023,LRD,TX,ASW,CE,Federal Contract Tower,22,13,7,0,42,0,0,10,3,13,22,13,17,3,55,0,0,0,55
01/22/2023,LRD,TX,ASW,CE,Federal Contract Tower,14,16,21,0,51,0,2,23,1,26,14,18,44,1,77,2,0,2,79
01/23/2023,LRD,TX,ASW,CE,Federal Contract Tower,34,23,35,12,104,0,8,23,0,31,34,31,58,12,135,0,18,18,153
01/24/2023,LRD,TX,ASW,CE,Federal Contract Tower,34,48,19,14,115,0,5,21,2,28,34,53,40,16,143,0,0,0,143
01/25/2023,LRD,TX,ASW,CE,Federal Contract Tower,37,38,20,17,112,0,0,41,3,44,37,38,61,20,156,2,22,24,180
01/26/2023,LRD,TX,ASW,CE,Federal Contract Tower,52,39,35,10,136,0,1,28,4,33,52,40,63,14,169,0,0,0,169
01/27/2023,LRD,TX,ASW,CE,Federal Contract Tower,41,26,29,6,102,0,11,25,0,36,41,37,54,6,138,0,0,0,138
01/28/2023,LRD,TX,ASW,CE,Federal Contract Tower,37,27,17,0,81,0,0,9,2,11,37,27,26,2,92,6,0,6,98
01/29/2023,LRD,TX,ASW,CE,Federal Contract Tower,15,17,22,6,60,0,0,22,0,22,15,17,44,6,82,0,0,0,82
01/30/2023,LRD,TX,ASW,CE,Federal Contract Tower,16,24,35,0,75,0,0,0,0,0,16,24,35,0,75,0,0,0,75
01/31/2023,LRD,TX,ASW,CE,Federal Contract Tower,11,34,26,0,71,0,0,0,0,0,11,34,26,0,71,0,0,0,71
02/01/2023,LRD,TX,ASW,CE,Federal Contract Tower,33,34,11,0,78,0,0,0,0,0,33,34,11,0,78,0,0,0,78
02/02/2023,LRD,TX,ASW,CE,Federal Contract Tower,40,62,37,12,151,0,5,31,4,40,40,67,68,16,191,0,20,20,211
02/03/2023,LRD,TX,ASW,CE,Federal Contract Tower,34,39,30,7,110,0,2,35,5,42,34,41,65,12,152,64,22,86,238
02/04/2023,LRD,TX,ASW,CE,Federal Contract Tower,25,26,15,6,72,0,1,7,2,10,25,27,22,8,82,0,0,0,82
02/05/2023,LRD,TX,ASW,CE,Federal Contract Tower,24,32,14,0,70,0,4,16,6,26,24,36,30,6,96,12,0,12,108
02/06/2023,LRD,TX,ASW,CE,Federal Contract Tower,29,25,17,6,77,0,3,28,2,33,29,28,45,8,110,18,0,18,128
02/07/2023,LRD,TX,ASW,CE,Federal Contract Tower,34,57,31,5,127,0,3,15,1,19,34,60,46,6,146,0,20,20,166
02/08/2023,LRD,TX,ASW,CE,Federal Contract Tower,56,41,32,19,148,0,1,19,5,25,56,42,51,24,173,0,93,93,266
02/09/2023,LRD,TX,ASW,CE,Federal Contract Tower,51,48,36,0,135,0,7,41,5,53,51,55,77,5,188,0,0,0,188
02/10/2023,LRD,TX,ASW,CE,Federal Contract Tower,42,29,19,2,92,0,11,29,3,43,42,40,48,5,135,0,0,0,135
02/11/2023,LRD,TX,ASW,CE,Federal Contract Tower,38,19,16,0,73,0,0,17,4,21,38,19,33,4,94,6,0,6,100
02/12/2023,LRD,TX,ASW,CE,Federal Contract Tower,22,20,7,0,49,0,0,12,1,13,22,20,19,1,62,0,0,0,62
02/13/2023,LRD,TX,ASW,CE,Federal Contract Tower,30,38,29,22,119,0,9,27,0,36,30,47,56,22,155,0,40,40,195
02/14/2023,LRD,TX,ASW,CE,Federal Contract Tower,41,55,21,18,135,0,7,37,7,51,41,62,58,25,186,2,58,60,246
02/15/2023,LRD,TX,ASW,CE,Federal Contract Tower,48,47,31,12,138,0,1,34,1,36,48,48,65,13,174,0,28,28,202
02/16/2023,LRD,TX,ASW,CE,Federal Contract Tower,50,46,29,1,126,0,3,22,14,39,50,49,51,15,165,0,50,50,215
02/17/2023,LRD,TX,ASW,CE,Federal Contract Tower,59,37,32,6,134,0,1,21,5,27,59,38,53,11,161,0,0,0,161
02/18/2023,LRD,TX,ASW,CE,Federal Contract Tower,38,18,8,0,64,0,2,18,4,24,38,20,26,4,88,0,0,0,88
02/19/2023,LRD,TX,ASW,CE,Federal Contract Tower,21,28,6,4,59,0,0,20,1,21,21,28,26,5,80,0,0,0,80
02/20/2023,LRD,TX,ASW,CE,Federal Contract Tower,45,32,26,0,103,0,2,10,6,18,45,34,36,6,121,10,0,10,131
02/21/2023,LRD,TX,ASW,CE,Federal Contract Tower,50,38,29,2,119,0,7,36,4,47,50,45,65,6,166,0,0,0,166
02/22/2023,LRD,TX,ASW,CE,Federal Contract Tower,43,34,32,20,129,0,1,30,5,36,43,35,62,25,165,4,52,56,221
02/23/2023,LRD,TX,ASW,CE,Federal Contract Tower,44,39,24,2,109,0,0,21,3,24,44,39,45,5,133,0,0,0,133
02/24/2023,LRD,TX,ASW,CE,Federal Contract Tower,43,42,34,5,124,0,0,19,0,19,43,42,53,5,143,10,0,10,153
02/25/2023,LRD,TX,ASW,CE,Federal Contract Tower,20,22,13,0,55,0,1,5,2,8,20,23,18,2,63,0,0,0,63
02/26/2023,LRD,TX,ASW,CE,Federal Contract Tower,12,23,16,5,56,0,1,16,0,17,12,24,32,5,73,0,0,0,73
02/27/2023,LRD,TX,ASW,CE,Federal Contract Tower,34,33,25,5,97,0,4,25,4,33,34,37,50,9,130,0,22,22,152
02/28/2023,LRD,TX,ASW,CE,Federal Contract Tower,50,42,34,9,135,0,1,23,3,27,50,43,57,12,162,0,0,0,162
03/01/2023,LRD,TX,ASW,CE,Federal Contract Tower,58,48,30,0,136,0,3,34,6,43,58,51,64,6,179,6,0,6,185
03/02/2023,LRD,TX,ASW,CE,Federal Contract Tower,40,52,35,19,146,0,2,17,8,27,40,54,52,27,173,0,8,8,181
03/03/2023,LRD,TX,ASW,CE,Federal Contract Tower,47,37,24,4,112,0,4,15,10,29,47,41,39,14,141,6,26,32,173
03/04/2023,LRD,TX,ASW,CE,Federal Contract Tower,30,23,12,4,69,0,0,8,1,9,30,23,20,5,78,10,0,10,88
03/05/2023,LRD,TX,ASW,CE,Federal Contract Tower,22,21,24,1,68,0,0,12,2,14,22,21,36,3,82,0,0,0,82
03/06/2023,LRD,TX,ASW,CE,Federal Contract Tower,34,29,16,11,90,0,1,17,5,23,34,30,33,16,113,3,50,53,166
03/07/2023,LRD,TX,ASW,CE,Federal Contract Tower,49,39,27,6,121,0,1,20,4,25,49,40,47,10,146,6,0,6,152
03/08/2023,LRD,TX,ASW,CE,Federal Contract Tower,54,46,35,11,146,0,2,32,6,40,54,48,67,17,186,0,16,16,202
03/09/2023,LRD,TX,ASW,CE,Federal Contract Tower,48,36,38,33,155,0,3,26,11,40,48,39,64,44,195,0,42,42,237
03/10/2023,LRD,TX,ASW,CE,Federal Contract Tower,45,24,30,17,116,0,5,25,1,31,45,29,55,18,147,0,18,18,165
03/11/2023,LRD,TX,ASW,CE,Federal Contract Tower,33,26,17,0,76,0,0,20,2,22,33,26,37,2,98,0,0,0,98
03/12/2023,LRD,TX,ASW,CE,Federal Contract Tower,11,16,33,4,64,0,1,14,0,15,11,17,47,4,79,0,0,0,79
03/13/2023,LRD,TX,ASW,CE,Federal Contract Tower,24,31,26,6,87,0,4,17,1,22,24,35,43,7,109,0,0,0,109
03/14/2023,LRD,TX,ASW,CE,Federal Contract Tower,34,40,25,2,101,0,0,9,0,9,34,40,34,2,110,0,0,0,110
03/15/2023,LRD,TX,ASW,CE,Federal Contract Tower,47,34,44,4,129,0,0,12,0,12,47,34,56,4,141,0,0,0,141
03/16/2023,LRD,TX,ASW,CE,Federal Contract Tower,47,41,21,23,132,0,0,16,1,17,47,41,37,24,149,4,0,4,153
03/17/2023,LRD,TX,ASW,CE,Federal Contract Tower,29,26,28,6,89,0,0,13,5,18,29,26,41,11,107,0,48,48,155
03/18/2023,LRD,TX,ASW,CE,Federal Contract Tower,26,21,19,0,66,0,0,8,0,8,26,21,27,0,74,0,0,0,74
03/19/2023,LRD,TX,ASW,CE,Federal Contract Tower,13,21,20,0,54,0,1,5,2,8,13,22,25,2,62,0,0,0,62
03/20/2023,LRD,TX,ASW,CE,Federal Contract Tower,18,48,25,2,93,0,6,22,0,28,18,54,47,2,121,14,0,14,135
03/21/2023,LRD,TX,ASW,CE,Federal Contract Tower,39,42,29,10,120,0,0,15,5,20,39,42,44,15,140,0,20,20,160
03/22/2023,LRD,TX,ASW,CE,Federal Contract Tower,49,38,33,8,128,2,2,21,0,25,51,40,54,8,153,0,18,18,171
03/23/2023,LRD,TX,ASW,CE,Federal Contract Tower,43,39,28,6,116,0,6,26,3,35,43,45,54,9,151,0,0,0,151
03/24/2023,LRD,TX,ASW,CE,Federal Contract Tower,31,26,18,9,84,0,1,26,3,30,31,27,44,12,114,0,12,12,126
03/25/2023,LRD,TX,ASW,CE,Federal Contract Tower,21,24,11,3,59,0,3,26,4,33,21,27,37,7,92,4,0,4,96
03/26/2023,LRD,TX,ASW,CE,Federal Contract Tower,11,20,22,2,55,0,0,28,0,28,11,20,50,2,83,0,0,0,83
03/27/2023,LRD,TX,ASW,CE,Federal Contract Tower,28,26,22,2,78,0,3,20,4,27,28,29,42,6,105,6,0,6,111
03/28/2023,LRD,TX,ASW,CE,Federal Contract Tower,47,42,30,6,125,0,11,14,1,26,47,53,44,7,151,0,0,0,151
03/29/2023,LRD,TX,ASW,CE,Federal Contract Tower,49,64,20,6,139,0,4,25,0,29,49,68,45,6,168,0,0,0,168
03/30/2023,LRD,TX,ASW,CE,Federal Contract Tower,49,56,32,4,141,0,0,23,2,25,49,56,55,6,166,2,0,2,168
03/31/2023,LRD,TX,ASW,CE,Federal Contract Tower,42,39,31,21,133,0,1,30,4,35,42,40,61,25,168,2,20,22,190
04/01/2023,LRD,TX,ASW,CE,Federal Contract Tower,35,31,28,0,94,0,0,4,1,5,35,31,32,1,99,0,0,0,99
04/02/2023,LRD,TX,ASW,CE,Federal Contract Tower,15,25,23,19,82,0,1,28,2,31,15,26,51,21,113,0,0,0,113
04/03/2023,LRD,TX,ASW,CE,Federal Contract Tower,34,32,21,18,105,0,7,32,1,40,34,39,53,19,145,0,56,56,201
04/04/2023,LRD,TX,ASW,CE,Federal Contract Tower,47,41,18,10,116,0,13,32,2,47,47,54,50,12,163,12,38,50,213
04/05/2023,LRD,TX,ASW,CE,Federal Contract Tower,44,57,32,4,137,0,1,24,0,25,44,58,56,4,162,0,0,0,162
04/06/2023,LRD,TX,ASW,CE,Federal Contract Tower,43,31,19,0,93,0,0,9,0,9,43,31,28,0,102,0,0,0,102
04/07/2023,LRD,TX,ASW,CE,Federal Contract Tower,15,16,14,0,45,0,0,0,0,0,15,16,14,0,45,0,0,0,45
04/08/2023,LRD,TX,ASW,CE,Federal Contract Tower,20,11,10,0,41,0,4,15,2,21,20,15,25,2,62,0,0,0,62
04/09/2023,LRD,TX,ASW,CE,Federal Contract Tower,6,10,24,2,42,0,3,12,0,15,6,13,36,2,57,0,0,0,57
04/10/2023,LRD,TX,ASW,CE,Federal Contract Tower,18,27,31,0,76,0,0,19,2,21,18,27,50,2,97,0,0,0,97
04/11/2023,LRD,TX,ASW,CE,Federal Contract Tower,30,37,35,6,108,0,5,27,3,35,30,42,62,9,143,0,4,4,147
04/12/2023,LRD,TX,ASW,CE,Federal Contract Tower,37,37,33,12,119,0,2,49,6,57,37,39,82,18,176,0,8,8,184
04/13/2023,LRD,TX,ASW,CE,Federal Contract Tower,32,41,35,19,127,0,5,34,9,48,32,46,69,28,175,18,8,26,201
04/14/2023,LRD,TX,ASW,CE,Federal Contract Tower,19,22,26,24,91,0,0,17,2,19,19,22,43,26,110,0,0,0,110
04/15/2023,LRD,TX,ASW,CE,Federal Contract Tower,12,20,15,2,49,0,1,16,0,17,12,21,31,2,66,0,0,0,66
04/16/2023,LRD,TX,ASW,CE,Federal Contract Tower,13,11,16,1,41,0,6,28,1,35,13,17,44,2,76,0,0,0,76
04/17/2023,LRD,TX,ASW,CE,Federal Contract Tower,12,18,21,25,76,0,0,14,14,28,12,18,35,39,104,1,66,67,171
04/18/2023,LRD,TX,ASW,CE,Federal Contract Tower,38,26,32,0,96,0,0,17,2,19,38,26,49,2,115,0,0,0,115
04/19/2023,LRD,TX,ASW,CE,Federal Contract Tower,34,30,38,13,115,0,1,18,3,22,34,31,56,16,137,0,38,38,175
04/20/2023,LRD,TX,ASW,CE,Federal Contract Tower,38,26,29,17,110,0,4,17,3,24,38,30,46,20,134,0,0,0,134
04/21/2023,LRD,TX,ASW,CE,Federal Contract Tower,36,22,27,4,89,0,3,32,4,39,36,25,59,8,128,0,0,0,128
04/22/2023,LRD,TX,ASW,CE,Federal Contract Tower,21,24,21,0,66,0,0,14,1,15,21,24,35,1,81,0,0,0,81
04/23/2023,LRD,TX,ASW,CE,Federal Contract Tower,11,17,24,0,52,0,0,6,0,6,11,17,30,0,58,0,0,0,58
04/24/2023,LRD,TX,ASW,CE,Federal Contract Tower,33,25,33,9,100,0,0,18,3,21,33,25,51,12,121,14,10,24,145
04/25/2023,LRD,TX,ASW,CE,Federal Contract Tower,43,30,28,13,114,0,1,22,4,27,43,31,50,17,141,0,0,0,141
04/26/2023,LRD,TX,ASW,CE,Federal Contract Tower,50,34,37,10,131,0,7,17,4,28,50,41,54,14,159,0,16,16,175
04/27/2023,LRD,TX,ASW,CE,Federal Contract Tower,46,37,28,11,122,0,4,18,3,25,46,41,46,14,147,0,0,0,147
04/28/2023,LRD,TX,ASW,CE,Federal Contract Tower,30,20,30,0,80,0,0,17,3,20,30,20,47,3,100,0,0,0,100
04/29/2023,LRD,TX,ASW,CE,Federal Contract Tower,21,26,14,0,61,0,3,1,0,4,21,29,15,0,65,0,0,0,65
04/30/2023,LRD,TX,ASW,CE,Federal Contract Tower,14,25,16,0,55,0,0,21,6,27,14,25,37,6,82,6,0,6,88
05/01/2023,LRD,TX,ASW,CE,Federal Contract Tower,31,26,18,16,91,0,9,22,3,34,31,35,40,19,125,0,0,0,125
05/02/2023,LRD,TX,ASW,CE,Federal Contract Tower,37,42,33,12,124,0,2,19,5,26,37,44,52,17,150,0,0,0,150
05/03/2023,LRD,TX,ASW,CE,Federal Contract Tower,50,34,26,8,118,0,0,24,4,28,50,34,50,12,146,0,0,0,146
05/04/2023,LRD,TX,ASW,CE,Federal Contract Tower,55,35,27,44,161,0,0,13,0,13,55,35,40,44,174,0,0,0,174
05/05/2023,LRD,TX,ASW,CE,Federal Contract Tower,29,27,22,25,103,0,5,21,2,28,29,32,43,27,131,0,0,0,131
05/06/2023,LRD,TX,ASW,CE,Federal Contract Tower,23,27,11,0,61,0,3,14,1,18,23,30,25,1,79,0,0,0,79
05/07/2023,LRD,TX,ASW,CE,Federal Contract Tower,16,14,13,41,84,0,0,13,6,19,16,14,26,47,103,0,4,4,107
05/08/2023,LRD,TX,ASW,CE,Federal Contract Tower,26,39,31,36,132,0,0,25,2,27,26,39,56,38,159,8,38,46,205
05/09/2023,LRD,TX,ASW,CE,Federal Contract Tower,40,32,22,8,102,0,0,22,2,24,40,32,44,10,126,34,0,34,160
05/10/2023,LRD,TX,ASW,CE,Federal Contract Tower,47,46,18,42,153,0,0,29,9,38,47,46,47,51,191,0,40,40,231
05/11/2023,LRD,TX,ASW,CE,Federal Contract Tower,39,35,28,4,106,0,0,34,5,39,39,35,62,9,145,0,0,0,145
05/12/2023,LRD,TX,ASW,CE,Federal Contract Tower,21,24,34,8,87,0,6,12,0,18,21,30,46,8,105,0,20,20,125
05/13/2023,LRD,TX,ASW,CE,Federal Contract Tower,20,25,11,0,56,0,0,3,1,4,20,25,14,1,60,0,0,0,60
05/14/2023,LRD,TX,ASW,CE,Federal Contract Tower,17,16,7,2,42,0,0,19,1,20,17,16,26,3,62,12,0,12,74
05/15/2023,LRD,TX,ASW,CE,Federal Contract Tower,24,32,24,14,94,0,0,13,2,15,24,32,37,16,109,0,20,20,129
05/16/2023,LRD,TX,ASW,CE,Federal Contract Tower,36,46,21,10,113,0,0,8,4,12,36,46,29,14,125,0,30,30,155
05/17/2023,LRD,TX,ASW,CE,Federal Contract Tower,49,57,22,8,136,0,1,31,8,40,49,58,53,16,176,0,0,0,176
05/18/2023,LRD,TX,ASW,CE,Federal Contract Tower,49,40,33,4,126,0,2,30,9,41,49,42,63,13,167,0,8,8,175
05/19/2023,LRD,TX,ASW,CE,Federal Contract Tower,23,27,27,21,98,0,2,18,8,28,23,29,45,29,126,0,0,0,126
05/20/2023,LRD,TX,ASW,CE,Federal Contract Tower,24,35,15,0,74,0,5,3,0,8,24,40,18,0,82,0,0,0,82
05/21/2023,LRD,TX,ASW,CE,Federal Contract Tower,22,18,10,2,52,0,0,13,0,13,22,18,23,2,65,0,0,0,65
05/22/2023,LRD,TX,ASW,CE,Federal Contract Tower,33,31,20,8,92,0,6,26,1,33,33,37,46,9,125,0,0,0,125
05/23/2023,LRD,TX,ASW,CE,Federal Contract Tower,34,52,19,13,118,0,1,24,5,30,34,53,43,18,148,0,20,20,168
05/24/2023,LRD,TX,ASW,CE,Federal Contract Tower,40,36,28,6,110,0,3,40,4,47,40,39,68,10,157,0,0,0,157
05/25/2023,LRD,TX,ASW,CE,Federal Contract Tower,44,41,39,9,133,0,3,32,4,39,44,44,71,13,172,0,22,22,194
05/26/2023,LRD,TX,ASW,CE,Federal Contract Tower,27,23,22,0,72,0,2,25,2,29,27,25,47,2,101,0,0,0,101
05/27/2023,LRD,TX,ASW,CE,Federal Contract Tower,18,14,15,1,48,0,1,13,2,16,18,15,28,3,64,0,0,0,64
05/28/2023,LRD,TX,ASW,CE,Federal Contract Tower,13,8,12,0,33,0,6,12,2,20,13,14,24,2,53,0,0,0,53
05/29/2023,LRD,TX,ASW,CE,Federal Contract Tower,12,18,8,0,38,0,4,22,2,28,12,22,30,2,66,0,0,0,66
05/30/2023,LRD,TX,ASW,CE,Federal Contract Tower,31,25,22,20,98,0,0,26,2,28,31,25,48,22,126,0,18,18,144
05/31/2023,LRD,TX,ASW,CE,Federal Contract Tower,24,33,35,6,98,0,0,37,7,44,24,33,72,13,142,0,34,34,176
06/01/2023,LRD,TX,ASW,CE,Federal Contract Tower,21,34,24,2,81,0,0,31,4,35,21,34,55,6,116,6,0,6,122
06/02/2023,LRD,TX,ASW,CE,Federal Contract Tower,19,21,30,0,70,0,0,21,5,26,19,21,51,5,96,0,0,0,96
06/03/2023,LRD,TX,ASW,CE,Federal Contract Tower,14,14,9,0,37,0,7,4,0,11,14,21,13,0,48,0,0,0,48
06/04/2023,LRD,TX,ASW,CE,Federal Contract Tower,17,17,15,0,49,0,0,11,0,11,17,17,26,0,60,0,0,0,60
06/05/2023,LRD,TX,ASW,CE,Federal Contract Tower,19,30,23,16,88,0,0,12,3,15,19,30,35,19,103,0,4,4,107
06/06/2023,LRD,TX,ASW,CE,Federal Contract Tower,40,22,23,0,85,0,2,28,6,36,40,24,51,6,121,6,0,6,127
06/07/2023,LRD,TX,ASW,CE,Federal Contract Tower,37,36,19,16,108,1,0,28,7,36,38,36,47,23,144,0,46,46,190
06/08/2023,LRD,TX,ASW,CE,Federal Contract Tower,35,19,33,10,97,0,0,32,5,37,35,19,65,15,134,0,0,0,134
06/09/2023,LRD,TX,ASW,CE,Federal Contract Tower,29,20,24,6,79,0,0,41,3,44,29,20,65,9,123,4,40,44,167
06/10/2023,LRD,TX,ASW,CE,Federal Contract Tower,23,12,16,2,53,0,0,4,1,5,23,12,20,3,58,0,0,0,58
06/11/2023,LRD,TX,ASW,CE,Federal Contract Tower,15,10,7,0,32,0,4,19,1,24,15,14,26,1,56,0,0,0,56
06/12/2023,LRD,TX,ASW,CE,Federal Contract Tower,28,24,16,2,70,0,1,44,3,48,28,25,60,5,118,0,0,0,118
06/13/2023,LRD,TX,ASW,CE,Federal Contract Tower,38,27,15,16,96,0,0,29,8,37,38,27,44,24,133,0,41,41,174
06/14/2023,LRD,TX,ASW,CE,Federal Contract Tower,51,51,23,6,131,0,1,29,11,41,51,52,52,17,172,0,46,46,218
06/15/2023,LRD,TX,ASW,CE,Federal Contract Tower,42,52,31,4,129,0,0,22,10,32,42,52,53,14,161,0,28,28,189
06/16/2023,LRD,TX,ASW,CE,Federal Contract Tower,35,28,18,6,87,0,5,26,4,35,35,33,44,10,122,0,0,0,122
06/17/2023,LRD,TX,ASW,CE,Federal Contract Tower,28,27,17,0,72,0,3,8,0,11,28,30,25,0,83,6,0,6,89
06/18/2023,LRD,TX,ASW,CE,Federal Contract Tower,13,17,20,0,50,0,1,21,1,23,13,18,41,1,73,0,0,0,73
06/19/2023,LRD,TX,ASW,CE,Federal Contract Tower,30,34,28,0,92,0,3,16,3,22,30,37,44,3,114,0,0,0,114
06/20/2023,LRD,TX,ASW,CE,Federal Contract Tower,29,45,25,0,99,0,0,16,12,28,29,45,41,12,127,0,40,40,167
06/21/2023,LRD,TX,ASW,CE,Federal Contract Tower,43,63,34,2,142,0,4,30,9,43,43,67,64,11,185,0,18,18,203
06/22/2023,LRD,TX,ASW,CE,Federal Contract Tower,46,48,30,11,135,2,2,40,7,51,48,50,70,18,186,0,16,16,202
06/23/2023,LRD,TX,ASW,CE,Federal Contract Tower,35,42,22,4,103,0,0,27,17,44,35,42,49,21,147,0,0,0,147
06/24/2023,LRD,TX,ASW,CE,Federal Contract Tower,37,21,12,1,71,0,6,14,2,22,37,27,26,3,93,0,0,0,93
06/25/2023,LRD,TX,ASW,CE,Federal Contract Tower,14,24,26,0,64,0,5,28,0,33,14,29,54,0,97,0,0,0,97
06/26/2023,LRD,TX,ASW,CE,Federal Contract Tower,33,39,18,16,106,0,0,21,6,27,33,39,39,22,133,0,0,0,133
06/27/2023,LRD,TX,ASW,CE,Federal Contract Tower,42,43,23,6,114,0,15,25,9,49,42,58,48,15,163,0,0,0,163
06/28/2023,LRD,TX,ASW,CE,Federal Contract Tower,50,50,26,29,155,0,13,43,22,78,50,63,69,51,233,0,14,14,247
06/29/2023,LRD,TX,ASW,CE,Federal Contract Tower,39,37,24,2,102,0,2,32,20,54,39,39,56,22,156,0,56,56,212
06/30/2023,LRD,TX,ASW,CE,Federal Contract Tower,33,25,27,2,87,0,0,16,7,23,33,25,43,9,110,6,0,6,116
07/01/2023,LRD,TX,ASW,CE,Federal Contract Tower,14,12,17,0,43,0,0,13,2,15,14,12,30,2,58,0,0,0,58
07/02/2023,LRD,TX,ASW,CE,Federal Contract Tower,11,10,14,0,35,0,0,3,0,3,11,10,17,0,38,0,0,0,38
07/03/2023,LRD,TX,ASW,CE,Federal Contract Tower,12,19,13,0,44,0,0,22,2,24,12,19,35,2,68,0,0,0,68
07/04/2023,LRD,TX,ASW,CE,Federal Contract Tower,14,5,17,0,36,0,0,17,0,17,14,5,34,0,53,0,0,0,53
07/05/2023,LRD,TX,ASW,CE,Federal Contract Tower,16,16,28,11,71,0,0,26,5,31,16,16,54,16,102,34,50,84,186
07/06/2023,LRD,TX,ASW,CE,Federal Contract Tower,17,17,23,16,73,0,0,10,5,15,17,17,33,21,88,0,22,22,110
07/07/2023,LRD,TX,ASW,CE,Federal Contract Tower,17,20,21,0,58,0,0,16,3,19,17,20,37,3,77,0,0,0,77
07/08/2023,LRD,TX,ASW,CE,Federal Contract Tower,11,9,11,8,39,0,3,10,4,17,11,12,21,12,56,2,0,2,58
07/09/2023,LRD,TX,ASW,CE,Federal Contract Tower,11,12,15,4,42,0,3,25,1,29,11,15,40,5,71,0,0,0,71
07/10/2023,LRD,TX,ASW,CE,Federal Contract Tower,18,20,26,6,70,0,4,33,3,40,18,24,59,9,110,0,24,24,134
07/11/2023,LRD,TX,ASW,CE,Federal Contract Tower,31,21,22,10,84,0,0,16,2,18,31,21,38,12,102,0,34,34,136
07/12/2023,LRD,TX,ASW,CE,Federal Contract Tower,18,23,29,16,86,0,7,24,5,36,18,30,53,21,122,0,4,4,126
07/13/2023,LRD,TX,ASW,CE,Federal Contract Tower,26,25,31,14,96,0,1,15,5,21,26,26,46,19,117,0,6,6,123
07/14/2023,LRD,TX,ASW,CE,Federal Contract Tower,17,14,25,7,63,0,2,18,3,23,17,16,43,10,86,0,52,52,138
07/15/2023,LRD,TX,ASW,CE,Federal Contract Tower,16,12,14,0,42,0,3,19,1,23,16,15,33,1,65,14,0,14,79
07/16/2023,LRD,TX,ASW,CE,Federal Contract Tower,14,12,18,0,44,0,0,15,2,17,14,12,33,2,61,0,0,0,61
07/17/2023,LRD,TX,ASW,CE,Federal Contract Tower,20,15,23,13,71,0,0,16,7,23,20,15,39,20,94,0,104,104,198
07/18/2023,LRD,TX,ASW,CE,Federal Contract Tower,38,17,11,13,79,0,1,31,2,34,38,18,42,15,113,0,6,6,119
07/19/2023,LRD,TX,ASW,CE,Federal Contract Tower,28,22,36,2,88,0,3,29,9,41,28,25,65,11,129,0,0,0,129
07/20/2023,LRD,TX,ASW,CE,Federal Contract Tower,23,31,21,9,84,0,0,32,3,35,23,31,53,12,119,0,0,0,119
07/21/2023,LRD,TX,ASW,CE,Federal Contract Tower,21,19,13,4,57,0,4,36,5,45,21,23,49,9,102,0,32,32,134
07/22/2023,LRD,TX,ASW,CE,Federal Contract Tower,14,21,14,0,49,0,1,18,1,20,14,22,32,1,69,0,0,0,69
07/23/2023,LRD,TX,ASW,CE,Federal Contract Tower,24,13,16,10,63,0,0,31,1,32,24,13,47,11,95,0,0,0,95
07/24/2023,LRD,TX,ASW,CE,Federal Contract Tower,21,27,19,4,71,0,0,44,3,47,21,27,63,7,118,0,24,24,142
07/25/2023,LRD,TX,ASW,CE,Federal Contract Tower,31,30,18,4,83,0,0,21,3,24,31,30,39,7,107,0,0,0,107
07/26/2023,LRD,TX,ASW,CE,Federal Contract Tower,30,26,19,7,82,0,6,35,5,46,30,32,54,12,128,0,28,28,156
07/27/2023,LRD,TX,ASW,CE,Federal Contract Tower,38,24,24,4,90,0,3,13,6,22,38,27,37,10,112,0,12,12,124
07/28/2023,LRD,TX,ASW,CE,Federal Contract Tower,35,23,17,4,79,0,0,18,3,21,35,23,35,7,100,6,0,6,106
07/29/2023,LRD,TX,ASW,CE,Federal Contract Tower,29,25,8,2,64,0,0,2,1,3,29,25,10,3,67,1,0,1,68
07/30/2023,LRD,TX,ASW,CE,Federal Contract Tower,15,10,14,0,39,0,0,32,0,32,15,10,46,0,71,0,0,0,71
07/31/2023,LRD,TX,ASW,CE,Federal Contract Tower,24,19,20,12,75,0,0,31,4,35,24,19,51,16,110,0,0,0,110
08/01/2023,LRD,TX,ASW,CE,Federal Contract Tower,39,18,29,9,95,0,0,45,0,45,39,18,74,9,140,46,32,78,218
08/02/2023,LRD,TX,ASW,CE,Federal Contract Tower,23,24,26,18,91,0,0,48,3,51,23,24,74,21,142,14,84,98,240
08/03/2023,LRD,TX,ASW,CE,Federal Contract Tower,44,40,36,11,131,0,4,28,3,35,44,44,64,14,166,0,24,24,190
08/04/2023,LRD,TX,ASW,CE,Federal Contract Tower,29,21,27,8,85,0,10,27,0,37,29,31,54,8,122,0,18,18,140
08/05/2023,LRD,TX,ASW,CE,Federal Contract Tower,18,12,12,2,44,0,8,10,1,19,18,20,22,3,63,6,0,6,69
08/06/2023,LRD,TX,ASW,CE,Federal Contract Tower,19,8,10,0,37,0,3,35,1,39,19,11,45,1,76,0,0,0,76
08/07/2023,LRD,TX,ASW,CE,Federal Contract Tower,28,25,21,16,90,0,5,43,3,51,28,30,64,19,141,12,0,12,153
08/08/2023,LRD,TX,ASW,CE,Federal Contract Tower,37,28,16,1,82,0,0,18,5,23,37,28,34,6,105,0,0,0,105
08/09/2023,LRD,TX,ASW,CE,Federal Contract Tower,38,36,19,20,113,0,1,32,2,35,38,37,51,22,148,0,30,30,178
08/10/2023,LRD,TX,ASW,CE,Federal Contract Tower,28,25,24,12,89,0,3,32,5,40,28,28,56,17,129,0,32,32,161
08/11/2023,LRD,TX,ASW,CE,Federal Contract Tower,25,16,30,10,81,0,7,18,7,32,25,23,48,17,113,0,50,50,163
08/12/2023,LRD,TX,ASW,CE,Federal Contract Tower,20,8,13,0,41,0,0,12,1,13,20,8,25,1,54,0,0,0,54
08/13/2023,LRD,TX,ASW,CE,Federal Contract Tower,23,11,26,0,60,0,0,0,0,0,23,11,26,0,60,18,0,18,78
08/14/2023,LRD,TX,ASW,CE,Federal Contract Tower,28,27,35,15,105,0,15,32,3,50,28,42,67,18,155,14,20,34,189
08/15/2023,LRD,TX,ASW,CE,Federal Contract Tower,25,56,26,14,121,0,0,35,2,37,25,56,61,16,158,0,32,32,190
08/16/2023,LRD,TX,ASW,CE,Federal Contract Tower,28,35,23,6,92,0,6,17,0,23,28,41,40,6,115,0,54,54,169
08/17/2023,LRD,TX,ASW,CE,Federal Contract Tower,40,25,25,5,95,0,1,46,15,62,40,26,71,20,157,6,18,24,181
08/18/2023,LRD,TX,ASW,CE,Federal Contract Tower,37,35,23,6,101,0,0,21,3,24,37,35,44,9,125,0,0,0,125
08/19/2023,LRD,TX,ASW,CE,Federal Contract Tower,18,9,13,0,40,0,6,11,0,17,18,15,24,0,57,6,0,6,63
08/20/2023,LRD,TX,ASW,CE,Federal Contract Tower,16,15,5,1,37,0,6,19,1,26,16,21,24,2,63,0,0,0,63
08/21/2023,LRD,TX,ASW,CE,Federal Contract Tower,16,18,29,2,65,0,2,30,2,34,16,20,59,4,99,0,0,0,99
08/22/2023,LRD,TX,ASW,CE,Federal Contract Tower,24,14,7,0,45,0,0,2,0,2,24,14,9,0,47,0,0,0,47
08/23/2023,LRD,TX,ASW,CE,Federal Contract Tower,28,28,26,2,84,0,6,21,3,30,28,34,47,5,114,0,0,0,114
08/24/2023,LRD,TX,ASW,CE,Federal Contract Tower,43,34,19,10,106,0,0,25,5,30,43,34,44,15,136,0,4,4,140
08/25/2023,LRD,TX,ASW,CE,Federal Contract Tower,40,16,24,0,80,0,2,24,3,29,40,18,48,3,109,0,0,0,109
08/26/2023,LRD,TX,ASW,CE,Federal Contract Tower,23,23,8,0,54,0,4,14,0,18,23,27,22,0,72,0,0,0,72
08/27/2023,LRD,TX,ASW,CE,Federal Contract Tower,12,14,20,3,49,0,3,37,1,41,12,17,57,4,90,10,0,10,100
08/28/2023,LRD,TX,ASW,CE,Federal Contract Tower,28,26,10,12,76,0,4,24,4,32,28,30,34,16,108,6,18,24,132
08/29/2023,LRD,TX,ASW,CE,Federal Contract Tower,39,26,20,10,95,0,0,19,2,21,39,26,39,12,116,0,0,0,116
08/30/2023,LRD,TX,ASW,CE,Federal Contract Tower,29,33,23,16,101,0,3,32,5,40,29,36,55,21,141,0,2,2,143
08/31/2023,LRD,TX,ASW,CE,Federal Contract Tower,30,37,18,14,99,0,0,24,3,27,30,37,42,17,126,0,108,108,234
01/01/2020,LRD,TX,ASW,CE,Federal Contract Tower,2,11,19,0,32,0,0,0,0,0,2,11,19,0,32,0,0,0,32
01/02/2020,LRD,TX,ASW,CE,Federal Contract Tower,9,13,13,1,36,0,3,23,7,33,9,16,36,8,69,10,0,10,79
01/03/2020,LRD,TX,ASW,CE,Federal Contract Tower,8,19,20,2,49,0,1,34,4,39,8,20,54,6,88,0,0,0,88
01/04/2020,LRD,TX,ASW,CE,Federal Contract Tower,4,18,20,0,42,0,2,42,0,44,4,20,62,0,86,0,0,0,86
01/05/2020,LRD,TX,ASW,CE,Federal Contract Tower,4,13,21,0,38,0,1,30,1,32,4,14,51,1,70,0,0,0,70
01/06/2020,LRD,TX,ASW,CE,Federal Contract Tower,5,20,17,14,56,0,0,29,13,42,5,20,46,27,98,0,250,250,348
01/07/2020,LRD,TX,ASW,CE,Federal Contract Tower,16,16,13,6,51,0,0,33,8,41,16,16,46,14,92,10,160,170,262
01/08/2020,LRD,TX,ASW,CE,Federal Contract Tower,8,17,25,23,73,0,1,18,5,24,8,18,43,28,97,30,210,240,337
01/09/2020,LRD,TX,ASW,CE,Federal Contract Tower,6,23,27,26,82,0,5,27,7,39,6,28,54,33,121,10,180,190,311
01/10/2020,LRD,TX,ASW,CE,Federal Contract Tower,5,21,22,15,63,0,7,11,1,19,5,28,33,16,82,0,314,314,396
01/11/2020,LRD,TX,ASW,CE,Federal Contract Tower,2,22,8,3,35,0,0,21,0,21,2,22,29,3,56,4,0,4,60
01/12/2020,LRD,TX,ASW,CE,Federal Contract Tower,2,30,10,4,46,0,3,28,3,34,2,33,38,7,80,20,0,20,100
01/14/2020,LRD,TX,ASW,CE,Federal Contract Tower,14,17,20,26,77,0,0,32,3,35,14,17,52,29,112,20,0,20,132
01/15/2020,LRD,TX,ASW,CE,Federal Contract Tower,11,15,15,2,43,0,0,27,8,35,11,15,42,10,78,0,60,60,138
01/16/2020,LRD,TX,ASW,CE,Federal Contract Tower,10,18,20,10,58,0,0,21,0,21,10,18,41,10,79,0,240,240,319
01/17/2020,LRD,TX,ASW,CE,Federal Contract Tower,7,33,24,21,85,0,0,0,0,0,7,33,24,21,85,0,0,0,85
01/18/2020,LRD,TX,ASW,CE,Federal Contract Tower,3,16,12,6,37,0,0,11,0,11,3,16,23,6,48,0,0,0,48
01/19/2020,LRD,TX,ASW,CE,Federal Contract Tower,2,19,29,0,50,0,0,29,2,31,2,19,58,2,81,0,0,0,81
01/20/2020,LRD,TX,ASW,CE,Federal Contract Tower,4,27,16,0,47,0,14,31,7,52,4,41,47,7,99,10,0,10,109
01/21/2020,LRD,TX,ASW,CE,Federal Contract Tower,15,21,24,12,72,0,0,42,9,51,15,21,66,21,123,40,160,200,323
01/22/2020,LRD,TX,ASW,CE,Federal Contract Tower,10,14,28,10,62,0,0,14,4,18,10,14,42,14,80,0,0,0,80
01/23/2020,LRD,TX,ASW,CE,Federal Contract Tower,9,21,18,2,50,0,0,31,10,41,9,21,49,12,91,30,0,30,121
01/24/2020,LRD,TX,ASW,CE,Federal Contract Tower,8,27,29,11,75,0,8,38,4,50,8,35,67,15,125,30,200,230,355
01/25/2020,LRD,TX,ASW,CE,Federal Contract Tower,2,15,8,0,25,0,0,31,0,31,2,15,39,0,56,0,0,0,56
01/26/2020,LRD,TX,ASW,CE,Federal Contract Tower,3,14,12,1,30,0,0,30,1,31,3,14,42,2,61,50,0,50,111
01/27/2020,LRD,TX,ASW,CE,Federal Contract Tower,9,14,15,7,45,0,2,27,4,33,9,16,42,11,78,0,180,180,258
01/28/2020,LRD,TX,ASW,CE,Federal Contract Tower,12,24,25,33,94,0,6,18,11,35,12,30,43,44,129,0,210,210,339
01/29/2020,LRD,TX,ASW,CE,Federal Contract Tower,12,14,17,18,61,0,4,46,5,55,12,18,63,23,116,110,320,430,546
01/30/2020,LRD,TX,ASW,CE,Federal Contract Tower,11,28,27,15,81,0,2,11,6,19,11,30,38,21,100,10,0,10,110
01/31/2020,LRD,TX,ASW,CE,Federal Contract Tower,8,28,26,2,64,0,10,42,5,57,8,38,68,7,121,30,0,30,151
02/01/2020,LRD,TX,ASW,CE,Federal Contract Tower,2,11,16,0,29,0,6,27,0,33,2,17,43,0,62,10,0,10,72
02/02/2020,LRD,TX,ASW,CE,Federal Contract Tower,1,18,13,0,32,0,0,15,0,15,1,18,28,0,47,60,0,60,107
02/03/2020,LRD,TX,ASW,CE,Federal Contract Tower,8,25,23,18,74,0,6,12,5,23,8,31,35,23,97,0,220,220,317
02/04/2020,LRD,TX,ASW,CE,Federal Contract Tower,18,23,30,44,115,0,0,29,9,38,18,23,59,53,153,0,372,372,525
02/05/2020,LRD,TX,ASW,CE,Federal Contract Tower,14,27,35,32,108,0,3,15,5,23,14,30,50,37,131,10,120,130,261
02/06/2020,LRD,TX,ASW,CE,Federal Contract Tower,9,33,26,13,81,0,7,33,5,45,9,40,59,18,126,80,90,170,296
02/07/2020,LRD,TX,ASW,CE,Federal Contract Tower,8,28,41,18,95,0,3,27,4,34,8,31,68,22,129,165,220,385,514
02/08/2020,LRD,TX,ASW,CE,Federal Contract Tower,5,18,12,0,35,0,2,20,0,22,5,20,32,0,57,0,0,0,57
02/09/2020,LRD,TX,ASW,CE,Federal Contract Tower,8,22,18,8,56,0,1,16,0,17,8,23,34,8,73,22,0,22,95
02/10/2020,LRD,TX,ASW,CE,Federal Contract Tower,7,27,22,13,69,0,2,18,6,26,7,29,40,19,95,0,60,60,155
02/11/2020,LRD,TX,ASW,CE,Federal Contract Tower,10,12,29,0,51,0,0,1,0,1,10,12,30,0,52,0,0,0,52
02/12/2020,LRD,TX,ASW,CE,Federal Contract Tower,11,18,27,16,72,0,0,27,5,32,11,18,54,21,104,30,100,130,234
02/13/2020,LRD,TX,ASW,CE,Federal Contract Tower,11,29,19,22,81,0,6,24,6,36,11,35,43,28,117,20,226,246,363
02/14/2020,LRD,TX,ASW,CE,Federal Contract Tower,8,23,22,20,73,0,0,31,6,37,8,23,53,26,110,10,220,230,340
02/15/2020,LRD,TX,ASW,CE,Federal Contract Tower,4,13,10,2,29,0,7,26,1,34,4,20,36,3,63,10,10,20,83
02/16/2020,LRD,TX,ASW,CE,Federal Contract Tower,1,17,5,2,25,0,0,26,1,27,1,17,31,3,52,0,0,0,52
02/17/2020,LRD,TX,ASW,CE,Federal Contract Tower,9,30,20,2,61,0,3,25,0,28,9,33,45,2,89,0,0,0,89
02/18/2020,LRD,TX,ASW,CE,Federal Contract Tower,11,26,26,14,77,0,13,26,2,41,11,39,52,16,118,0,60,60,178
02/19/2020,LRD,TX,ASW,CE,Federal Contract Tower,8,29,48,17,102,0,0,9,0,9,8,29,57,17,111,0,60,60,171
02/20/2020,LRD,TX,ASW,CE,Federal Contract Tower,12,35,30,4,81,0,0,0,0,0,12,35,30,4,81,0,0,0,81
02/21/2020,LRD,TX,ASW,CE,Federal Contract Tower,9,23,15,16,63,0,7,33,4,44,9,30,48,20,107,0,150,150,257
02/22/2020,LRD,TX,ASW,CE,Federal Contract Tower,3,17,13,0,33,0,6,32,0,38,3,23,45,0,71,0,0,0,71
02/23/2020,LRD,TX,ASW,CE,Federal Contract Tower,1,13,16,4,34,0,6,18,0,24,1,19,34,4,58,0,0,0,58
02/24/2020,LRD,TX,ASW,CE,Federal Contract Tower,8,31,11,13,63,0,10,30,8,48,8,41,41,21,111,0,80,80,191
02/25/2020,LRD,TX,ASW,CE,Federal Contract Tower,7,25,28,11,71,0,2,34,2,38,7,27,62,13,109,0,4,4,113
02/26/2020,LRD,TX,ASW,CE,Federal Contract Tower,7,19,26,21,73,0,0,22,4,26,7,19,48,25,99,0,130,130,229
02/27/2020,LRD,TX,ASW,CE,Federal Contract Tower,11,25,25,21,82,0,0,42,0,42,11,25,67,21,124,24,310,334,458
02/28/2020,LRD,TX,ASW,CE,Federal Contract Tower,10,22,24,21,77,0,5,41,2,48,10,27,65,23,125,20,160,180,305
02/29/2020,LRD,TX,ASW,CE,Federal Contract Tower,6,14,12,0,32,0,0,23,0,23,6,14,35,0,55,44,0,44,99
03/01/2020,LRD,TX,ASW,CE,Federal Contract Tower,3,19,27,2,51,0,0,27,0,27,3,19,54,2,78,56,0,56,134
03/02/2020,LRD,TX,ASW,CE,Federal Contract Tower,6,22,32,35,95,0,5,17,0,22,6,27,49,35,117,0,190,190,307
03/03/2020,LRD,TX,ASW,CE,Federal Contract Tower,15,28,14,25,82,0,6,24,4,34,15,34,38,29,116,0,200,200,316
03/04/2020,LRD,TX,ASW,CE,Federal Contract Tower,11,28,29,18,86,0,0,39,13,52,11,28,68,31,138,20,30,50,188
03/05/2020,LRD,TX,ASW,CE,Federal Contract Tower,7,30,22,19,78,0,11,42,5,58,7,41,64,24,136,0,120,120,256
03/06/2020,LRD,TX,ASW,CE,Federal Contract Tower,9,28,13,7,57,0,2,40,5,47,9,30,53,12,104,0,140,140,244
03/07/2020,LRD,TX,ASW,CE,Federal Contract Tower,4,17,11,0,32,0,0,8,20,28,4,17,19,20,60,0,0,0,60
03/08/2020,LRD,TX,ASW,CE,Federal Contract Tower,2,20,10,6,38,0,9,19,2,30,2,29,29,8,68,0,0,0,68
03/09/2020,LRD,TX,ASW,CE,Federal Contract Tower,6,26,14,5,51,0,2,20,5,27,6,28,34,10,78,10,40,50,128
03/10/2020,LRD,TX,ASW,CE,Federal Contract Tower,14,26,15,46,101,0,13,19,3,35,14,39,34,49,136,20,160,180,316
03/11/2020,LRD,TX,ASW,CE,Federal Contract Tower,9,26,34,29,98,0,3,37,10,50,9,29,71,39,148,40,160,200,348
03/12/2020,LRD,TX,ASW,CE,Federal Contract Tower,17,17,24,2,60,0,0,26,3,29,17,17,50,5,89,4,0,4,93
03/13/2020,LRD,TX,ASW,CE,Federal Contract Tower,8,18,18,16,60,0,0,27,4,31,8,18,45,20,91,0,200,200,291
03/14/2020,LRD,TX,ASW,CE,Federal Contract Tower,3,9,19,16,47,0,2,18,0,20,3,11,37,16,67,40,0,40,107
03/15/2020,LRD,TX,ASW,CE,Federal Contract Tower,1,22,9,18,50,0,0,17,0,17,1,22,26,18,67,60,0,60,127
03/16/2020,LRD,TX,ASW,CE,Federal Contract Tower,8,22,30,7,67,0,2,15,2,19,8,24,45,9,86,60,180,240,326
03/17/2020,LRD,TX,ASW,CE,Federal Contract Tower,12,21,24,7,64,0,4,15,3,22,12,25,39,10,86,10,110,120,206
03/18/2020,LRD,TX,ASW,CE,Federal Contract Tower,6,25,14,19,64,0,4,17,6,27,6,29,31,25,91,0,40,40,131
03/19/2020,LRD,TX,ASW,CE,Federal Contract Tower,9,18,12,12,51,0,0,11,4,15,9,18,23,16,66,0,200,200,266
03/20/2020,LRD,TX,ASW,CE,Federal Contract Tower,7,18,14,4,43,0,0,6,0,6,7,18,20,4,49,0,0,0,49
03/21/2020,LRD,TX,ASW,CE,Federal Contract Tower,3,16,7,0,26,0,0,0,0,0,3,16,7,0,26,0,0,0,26
03/22/2020,LRD,TX,ASW,CE,Federal Contract Tower,0,12,6,0,18,0,0,10,0,10,0,12,16,0,28,10,0,10,38
03/23/2020,LRD,TX,ASW,CE,Federal Contract Tower,3,9,6,16,34,0,5,12,1,18,3,14,18,17,52,0,20,20,72
03/24/2020,LRD,TX,ASW,CE,Federal Contract Tower,8,15,8,8,39,0,6,20,3,29,8,21,28,11,68,30,10,40,108
03/25/2020,LRD,TX,ASW,CE,Federal Contract Tower,5,14,7,1,27,0,1,39,14,54,5,15,46,15,81,10,2,12,93
03/26/2020,LRD,TX,ASW,CE,Federal Contract Tower,7,13,6,2,28,0,4,65,4,73,7,17,71,6,101,30,0,30,131
03/27/2020,LRD,TX,ASW,CE,Federal Contract Tower,4,10,6,6,26,0,0,18,2,20,4,10,24,8,46,18,20,38,84
03/28/2020,LRD,TX,ASW,CE,Federal Contract Tower,2,4,2,4,12,0,0,14,0,14,2,4,16,4,26,0,0,0,26
03/29/2020,LRD,TX,ASW,CE,Federal Contract Tower,0,10,0,0,10,0,0,19,0,19,0,10,19,0,29,10,0,10,39
03/30/2020,LRD,TX,ASW,CE,Federal Contract Tower,3,7,5,7,22,0,0,17,3,20,3,7,22,10,42,20,0,20,62
03/31/2020,LRD,TX,ASW,CE,Federal Contract Tower,8,6,4,9,27,0,0,26,5,31,8,6,30,14,58,26,50,76,134
04/01/2020,LRD,TX,ASW,CE,Federal Contract Tower,6,14,5,14,39,0,0,22,5,27,6,14,27,19,66,100,50,150,216
04/02/2020,LRD,TX,ASW,CE,Federal Contract Tower,4,7,6,34,51,0,0,23,3,26,4,7,29,37,77,20,40,60,137
04/03/2020,LRD,TX,ASW,CE,Federal Contract Tower,5,7,1,2,15,0,4,10,2,16,5,11,11,4,31,30,0,30,61
04/04/2020,LRD,TX,ASW,CE,Federal Contract Tower,2,8,1,0,11,0,0,0,0,0,2,8,1,0,11,0,0,0,11
04/05/2020,LRD,TX,ASW,CE,Federal Contract Tower,0,10,4,0,14,0,0,10,0,10,0,10,14,0,24,0,0,0,24
04/06/2020,LRD,TX,ASW,CE,Federal Contract Tower,6,7,0,0,13,0,0,10,0,10,6,7,10,0,23,16,0,16,39
04/07/2020,LRD,TX,ASW,CE,Federal Contract Tower,7,9,4,17,37,0,0,7,2,9,7,9,11,19,46,30,160,190,236
04/08/2020,LRD,TX,ASW,CE,Federal Contract Tower,5,6,2,35,48,0,4,31,6,41,5,10,33,41,89,172,90,262,351
04/09/2020,LRD,TX,ASW,CE,Federal Contract Tower,7,8,9,8,32,0,8,16,4,28,7,16,25,12,60,30,60,90,150
04/10/2020,LRD,TX,ASW,CE,Federal Contract Tower,4,4,3,5,16,0,2,10,4,16,4,6,13,9,32,0,0,0,32
04/11/2020,LRD,TX,ASW,CE,Federal Contract Tower,2,5,4,24,35,0,0,17,0,17,2,5,21,24,52,0,260,260,312
04/12/2020,LRD,TX,ASW,CE,Federal Contract Tower,0,7,3,0,10,0,0,24,0,24,0,7,27,0,34,12,0,12,46
04/13/2020,LRD,TX,ASW,CE,Federal Contract Tower,3,9,3,16,31,0,0,27,2,29,3,9,30,18,60,10,130,140,200
04/14/2020,LRD,TX,ASW,CE,Federal Contract Tower,5,10,2,25,42,0,0,25,6,31,5,10,27,31,73,10,80,90,163
04/15/2020,LRD,TX,ASW,CE,Federal Contract Tower,5,9,6,19,39,0,0,18,3,21,5,9,24,22,60,20,100,120,180
04/16/2020,LRD,TX,ASW,CE,Federal Contract Tower,5,7,7,35,54,0,3,16,6,25,5,10,23,41,79,0,40,40,119
04/17/2020,LRD,TX,ASW,CE,Federal Contract Tower,4,7,7,26,44,0,4,19,3,26,4,11,26,29,70,0,10,10,80
04/18/2020,LRD,TX,ASW,CE,Federal Contract Tower,2,5,10,2,19,0,0,6,0,6,2,5,16,2,25,0,0,0,25
04/19/2020,LRD,TX,ASW,CE,Federal Contract Tower,0,6,2,14,22,0,0,14,0,14,0,6,16,14,36,10,0,10,46
04/20/2020,LRD,TX,ASW,CE,Federal Contract Tower,3,4,7,33,47,0,0,22,7,29,3,4,29,40,76,24,180,204,280
04/21/2020,LRD,TX,ASW,CE,Federal Contract Tower,5,5,11,30,51,0,2,22,4,28,5,7,33,34,79,0,0,0,79
04/22/2020,LRD,TX,ASW,CE,Federal Contract Tower,4,10,6,38,58,0,0,21,1,22,4,10,27,39,80,50,210,260,340
04/23/2020,LRD,TX,ASW,CE,Federal Contract Tower,5,4,5,34,48,0,0,32,3,35,5,4,37,37,83,40,150,190,273
04/24/2020,LRD,TX,ASW,CE,Federal Contract Tower,4,4,10,36,54,0,0,28,7,35,4,4,38,43,89,0,170,170,259
04/25/2020,LRD,TX,ASW,CE,Federal Contract Tower,2,4,0,0,6,0,0,10,0,10,2,4,10,0,16,0,0,0,16
04/26/2020,LRD,TX,ASW,CE,Federal Contract Tower,0,5,1,6,12,0,0,28,0,28,0,5,29,6,40,0,0,0,40
04/27/2020,LRD,TX,ASW,CE,Federal Contract Tower,3,4,9,26,42,0,1,20,7,28,3,5,29,33,70,10,144,154,224
04/28/2020,LRD,TX,ASW,CE,Federal Contract Tower,7,3,9,26,45,0,2,33,7,42,7,5,42,33,87,30,202,232,319
04/29/2020,LRD,TX,ASW,CE,Federal Contract Tower,6,7,10,40,63,0,0,30,1,31,6,7,40,41,94,80,70,150,244
04/30/2020,LRD,TX,ASW,CE,Federal Contract Tower,6,5,17,44,72,0,2,40,5,47,6,7,57,49,119,88,6,94,213
05/01/2020,LRD,TX,ASW,CE,Federal Contract Tower,5,5,6,37,53,0,2,36,3,41,5,7,42,40,94,0,275,275,369
05/02/2020,LRD,TX,ASW,CE,Federal Contract Tower,2,4,1,19,26,0,8,40,0,48,2,12,41,19,74,0,100,100,174
05/03/2020,LRD,TX,ASW,CE,Federal Contract Tower,0,7,4,8,19,0,1,19,0,20,0,8,23,8,39,10,0,10,49
05/04/2020,LRD,TX,ASW,CE,Federal Contract Tower,3,6,5,36,50,0,2,22,2,26,3,8,27,38,76,0,240,240,316
05/05/2020,LRD,TX,ASW,CE,Federal Contract Tower,7,9,11,27,54,0,5,41,8,54,7,14,52,35,108,20,220,240,348
05/06/2020,LRD,TX,ASW,CE,Federal Contract Tower,5,4,7,56,72,0,0,31,9,40,5,4,38,65,112,30,0,30,142
05/07/2020,LRD,TX,ASW,CE,Federal Contract Tower,5,7,9,33,54,0,3,13,3,19,5,10,22,36,73,0,50,50,123
05/08/2020,LRD,TX,ASW,CE,Federal Contract Tower,4,7,13,12,36,0,0,25,4,29,4,7,38,16,65,10,130,140,205
05/09/2020,LRD,TX,ASW,CE,Federal Contract Tower,2,6,2,12,22,0,5,23,0,28,2,11,25,12,50,10,0,10,60
05/10/2020,LRD,TX,ASW,CE,Federal Contract Tower,1,4,2,9,16,0,4,21,0,25,1,8,23,9,41,0,0,0,41
05/11/2020,LRD,TX,ASW,CE,Federal Contract Tower,5,8,9,32,54,0,1,19,5,25,5,9,28,37,79,0,100,100,179
05/12/2020,LRD,TX,ASW,CE,Federal Contract Tower,7,6,14,22,49,0,1,22,7,30,7,7,36,29,79,0,160,160,239
05/13/2020,LRD,TX,ASW,CE,Federal Contract Tower,5,6,10,14,35,0,0,19,4,23,5,6,29,18,58,0,0,0,58
05/14/2020,LRD,TX,ASW,CE,Federal Contract Tower,10,3,10,48,71,0,2,28,6,36,10,5,38,54,107,60,300,360,467
05/15/2020,LRD,TX,ASW,CE,Federal Contract Tower,5,4,20,16,45,0,3,7,3,13,5,7,27,19,58,0,0,0,58
05/16/2020,LRD,TX,ASW,CE,Federal Contract Tower,4,11,4,34,53,0,1,18,0,19,4,12,22,34,72,0,40,40,112
05/17/2020,LRD,TX,ASW,CE,Federal Contract Tower,0,6,5,13,24,0,0,23,2,25,0,6,28,15,49,20,0,20,69
05/18/2020,LRD,TX,ASW,CE,Federal Contract Tower,3,5,3,24,35,0,1,21,5,27,3,6,24,29,62,10,20,30,92
05/19/2020,LRD,TX,ASW,CE,Federal Contract Tower,10,7,15,21,53,0,1,21,2,24,10,8,36,23,77,10,80,90,167
05/20/2020,LRD,TX,ASW,CE,Federal Contract Tower,5,8,15,31,59,0,2,25,10,37,5,10,40,41,96,40,230,270,366
05/21/2020,LRD,TX,ASW,CE,Federal Contract Tower,6,9,10,36,61,0,0,21,7,28,6,9,31,43,89,10,40,50,139
05/22/2020,LRD,TX,ASW,CE,Federal Contract Tower,7,4,9,10,30,0,1,23,2,26,7,5,32,12,56,0,0,0,56
05/23/2020,LRD,TX,ASW,CE,Federal Contract Tower,4,4,6,6,20,0,0,0,0,0,4,4,6,6,20,20,0,20,40
05/24/2020,LRD,TX,ASW,CE,Federal Contract Tower,2,9,4,2,17,0,0,15,0,15,2,9,19,2,32,0,0,0,32
05/25/2020,LRD,TX,ASW,CE,Federal Contract Tower,0,8,5,6,19,0,2,12,7,21,0,10,17,13,40,0,0,0,40
05/26/2020,LRD,TX,ASW,CE,Federal Contract Tower,9,7,6,37,59,0,5,24,4,33,9,12,30,41,92,0,20,20,112
05/27/2020,LRD,TX,ASW,CE,Federal Contract Tower,7,12,11,33,63,0,0,10,10,20,7,12,21,43,83,0,280,280,363
05/28/2020,LRD,TX,ASW,CE,Federal Contract Tower,6,9,8,28,51,0,2,24,1,27,6,11,32,29,78,30,60,90,168
05/29/2020,LRD,TX,ASW,CE,Federal Contract Tower,7,8,16,7,38,0,16,17,3,36,7,24,33,10,74,0,30,30,104
05/30/2020,LRD,TX,ASW,CE,Federal Contract Tower,2,8,5,7,22,0,0,20,0,20,2,8,25,7,42,40,0,40,82
05/31/2020,LRD,TX,ASW,CE,Federal Contract Tower,0,8,4,4,16,0,1,8,0,9,0,9,12,4,25,0,0,0,25
06/01/2020,LRD,TX,ASW,CE,Federal Contract Tower,6,8,16,33,63,0,0,15,0,15,6,8,31,33,78,0,0,0,78
06/02/2020,LRD,TX,ASW,CE,Federal Contract Tower,10,10,13,23,56,0,0,20,9,29,10,10,33,32,85,20,50,70,155
06/03/2020,LRD,TX,ASW,CE,Federal Contract Tower,6,13,17,53,89,0,1,28,5,34,6,14,45,58,123,60,60,120,243
06/04/2020,LRD,TX,ASW,CE,Federal Contract Tower,10,10,18,16,54,0,0,26,3,29,10,10,44,19,83,10,0,10,93
06/05/2020,LRD,TX,ASW,CE,Federal Contract Tower,10,6,11,22,49,0,5,28,6,39,10,11,39,28,88,0,182,182,270
06/06/2020,LRD,TX,ASW,CE,Federal Contract Tower,2,11,6,4,23,0,5,18,0,23,2,16,24,4,46,20,0,20,66
06/07/2020,LRD,TX,ASW,CE,Federal Contract Tower,5,9,4,8,26,0,5,19,0,24,5,14,23,8,50,0,0,0,50
06/08/2020,LRD,TX,ASW,CE,Federal Contract Tower,3,16,10,34,63,0,8,22,3,33,3,24,32,37,96,0,280,280,376
06/09/2020,LRD,TX,ASW,CE,Federal Contract Tower,11,8,5,23,47,0,2,22,11,35,11,10,27,34,82,40,170,210,292
06/10/2020,LRD,TX,ASW,CE,Federal Contract Tower,10,15,13,45,83,0,0,17,6,23,10,15,30,51,106,10,0,10,116
06/11/2020,LRD,TX,ASW,CE,Federal Contract Tower,9,15,14,25,63,0,3,31,10,44,9,18,45,35,107,0,270,270,377
06/12/2020,LRD,TX,ASW,CE,Federal Contract Tower,9,16,19,10,54,0,2,22,5,29,9,18,41,15,83,0,272,272,355
06/13/2020,LRD,TX,ASW,CE,Federal Contract Tower,2,5,7,6,20,0,11,14,0,25,2,16,21,6,45,0,0,0,45
06/14/2020,LRD,TX,ASW,CE,Federal Contract Tower,2,8,4,8,22,0,1,19,0,20,2,9,23,8,42,4,0,4,46
06/15/2020,LRD,TX,ASW,CE,Federal Contract Tower,5,10,8,16,39,0,2,21,6,29,5,12,29,22,68,20,260,280,348
06/16/2020,LRD,TX,ASW,CE,Federal Contract Tower,7,14,18,20,59,0,3,23,6,32,7,17,41,26,91,10,0,10,101
06/17/2020,LRD,TX,ASW,CE,Federal Contract Tower,9,13,11,12,45,0,1,19,13,33,9,14,30,25,78,10,20,30,108
06/18/2020,LRD,TX,ASW,CE,Federal Contract Tower,10,12,11,18,51,0,0,14,5,19,10,12,25,23,70,0,50,50,120
06/19/2020,LRD,TX,ASW,CE,Federal Contract Tower,7,11,15,19,52,0,8,16,3,27,7,19,31,22,79,0,100,100,179
06/20/2020,LRD,TX,ASW,CE,Federal Contract Tower,2,6,11,10,29,0,2,14,0,16,2,8,25,10,45,20,0,20,65
06/21/2020,LRD,TX,ASW,CE,Federal Contract Tower,2,5,2,41,50,0,1,13,0,14,2,6,15,41,64,0,0,0,64
06/22/2020,LRD,TX,ASW,CE,Federal Contract Tower,7,15,14,41,77,0,7,25,5,37,7,22,39,46,114,10,200,210,324
06/23/2020,LRD,TX,ASW,CE,Federal Contract Tower,14,10,13,80,117,0,4,25,3,32,14,14,38,83,149,0,0,0,149
06/24/2020,LRD,TX,ASW,CE,Federal Contract Tower,8,10,16,8,42,0,0,22,5,27,8,10,38,13,69,20,0,20,89
06/25/2020,LRD,TX,ASW,CE,Federal Contract Tower,7,12,17,51,87,0,2,15,5,22,7,14,32,56,109,20,260,280,389
06/26/2020,LRD,TX,ASW,CE,Federal Contract Tower,7,15,9,17,48,0,0,6,3,9,7,15,15,20,57,0,0,0,57
06/27/2020,LRD,TX,ASW,CE,Federal Contract Tower,3,8,4,16,31,0,2,12,0,14,3,10,16,16,45,0,0,0,45
06/28/2020,LRD,TX,ASW,CE,Federal Contract Tower,2,4,8,8,22,0,4,11,0,15,2,8,19,8,37,0,0,0,37
06/29/2020,LRD,TX,ASW,CE,Federal Contract Tower,6,12,15,34,67,0,2,23,2,27,6,14,38,36,94,20,200,220,314
06/30/2020,LRD,TX,ASW,CE,Federal Contract Tower,12,10,12,38,72,0,1,17,10,28,12,11,29,48,100,2,240,242,342
07/01/2020,LRD,TX,ASW,CE,Federal Contract Tower,7,8,11,25,51,0,3,13,12,28,7,11,24,37,79,0,150,150,229
07/02/2020,LRD,TX,ASW,CE,Federal Contract Tower,7,15,15,9,46,0,3,25,6,34,7,18,40,15,80,20,60,80,160
07/03/2020,LRD,TX,ASW,CE,Federal Contract Tower,2,7,10,10,29,0,11,19,4,34,2,18,29,14,63,0,0,0,63
07/04/2020,LRD,TX,ASW,CE,Federal Contract Tower,0,5,5,0,10,0,4,17,0,21,0,9,22,0,31,0,0,0,31
07/05/2020,LRD,TX,ASW,CE,Federal Contract Tower,2,6,5,4,17,0,1,12,0,13,2,7,17,4,30,0,0,0,30
07/06/2020,LRD,TX,ASW,CE,Federal Contract Tower,5,9,9,0,23,0,1,19,9,29,5,10,28,9,52,20,10,30,82
07/07/2020,LRD,TX,ASW,CE,Federal Contract Tower,10,9,10,93,122,0,3,9,9,21,10,12,19,102,143,0,90,90,233
07/08/2020,LRD,TX,ASW,CE,Federal Contract Tower,11,18,20,52,101,0,0,27,9,36,11,18,47,61,137,20,60,80,217
07/09/2020,LRD,TX,ASW,CE,Federal Contract Tower,8,19,12,22,61,0,3,18,9,30,8,22,30,31,91,10,120,130,221
07/10/2020,LRD,TX,ASW,CE,Federal Contract Tower,5,16,14,47,82,0,9,22,18,49,5,25,36,65,131,0,180,180,311
07/11/2020,LRD,TX,ASW,CE,Federal Contract Tower,2,9,5,8,24,0,2,17,0,19,2,11,22,8,43,0,0,0,43
07/12/2020,LRD,TX,ASW,CE,Federal Contract Tower,1,12,7,29,49,0,5,9,0,14,1,17,16,29,63,0,0,0,63
07/13/2020,LRD,TX,ASW,CE,Federal Contract Tower,5,15,7,15,42,0,0,13,13,26,5,15,20,28,68,0,0,0,68
07/14/2020,LRD,TX,ASW,CE,Federal Contract Tower,9,16,10,13,48,0,1,13,5,19,9,17,23,18,67,0,6,6,73
07/15/2020,LRD,TX,ASW,CE,Federal Contract Tower,11,17,10,41,79,0,0,17,6,23,11,17,27,47,102,10,60,70,172
07/16/2020,LRD,TX,ASW,CE,Federal Contract Tower,9,12,15,5,41,0,2,9,7,18,9,14,24,12,59,0,0,0,59
07/17/2020,LRD,TX,ASW,CE,Federal Contract Tower,4,19,11,12,46,0,3,11,3,17,4,22,22,15,63,0,20,20,83
07/18/2020,LRD,TX,ASW,CE,Federal Contract Tower,3,23,5,10,41,0,3,8,0,11,3,26,13,10,52,0,0,0,52
07/19/2020,LRD,TX,ASW,CE,Federal Contract Tower,3,27,9,18,57,0,3,9,0,12,3,30,18,18,69,20,0,20,89
07/20/2020,LRD,TX,ASW,CE,Federal Contract Tower,9,21,7,44,81,2,1,17,6,26,11,22,24,50,107,10,110,120,227
07/21/2020,LRD,TX,ASW,CE,Federal Contract Tower,22,16,9,19,66,0,5,17,5,27,22,21,26,24,93,0,240,240,333
07/22/2020,LRD,TX,ASW,CE,Federal Contract Tower,13,15,22,38,88,0,7,14,15,36,13,22,36,53,124,20,200,220,344
07/23/2020,LRD,TX,ASW,CE,Federal Contract Tower,18,18,7,16,59,0,1,15,4,20,18,19,22,20,79,0,120,120,199
07/24/2020,LRD,TX,ASW,CE,Federal Contract Tower,9,29,8,17,63,0,8,20,1,29,9,37,28,18,92,30,220,250,342
07/25/2020,LRD,TX,ASW,CE,Federal Contract Tower,4,13,8,0,25,0,1,6,0,7,4,14,14,0,32,10,0,10,42
07/26/2020,LRD,TX,ASW,CE,Federal Contract Tower,2,7,0,0,9,0,0,0,0,0,2,7,0,0,9,0,0,0,9
07/27/2020,LRD,TX,ASW,CE,Federal Contract Tower,5,18,10,8,41,0,0,8,4,12,5,18,18,12,53,0,20,20,73
07/28/2020,LRD,TX,ASW,CE,Federal Contract Tower,13,17,6,14,50,0,0,12,3,15,13,17,18,17,65,0,0,0,65
07/29/2020,LRD,TX,ASW,CE,Federal Contract Tower,17,28,4,36,85,0,0,17,5,22,17,28,21,41,107,0,40,40,147
07/30/2020,LRD,TX,ASW,CE,Federal Contract Tower,14,18,20,15,67,0,3,24,8,35,14,21,44,23,102,0,0,0,102
08/01/2020,LRD,TX,ASW,CE,Federal Contract Tower,2,12,9,0,23,0,4,19,0,23,2,16,28,0,46,0,0,0,46
08/02/2020,LRD,TX,ASW,CE,Federal Contract Tower,2,15,14,9,40,0,0,18,0,18,2,15,32,9,58,40,0,40,98
08/03/2020,LRD,TX,ASW,CE,Federal Contract Tower,6,17,14,47,84,0,2,19,11,32,6,19,33,58,116,0,280,280,396
08/05/2020,LRD,TX,ASW,CE,Federal Contract Tower,9,21,19,38,87,0,24,27,12,63,9,45,46,50,150,0,210,210,360
08/06/2020,LRD,TX,ASW,CE,Federal Contract Tower,12,27,29,24,92,0,5,16,5,26,12,32,45,29,118,0,160,160,278
08/07/2020,LRD,TX,ASW,CE,Federal Contract Tower,15,24,20,11,70,0,18,24,3,45,15,42,44,14,115,10,0,10,125
08/08/2020,LRD,TX,ASW,CE,Federal Contract Tower,3,15,8,16,42,0,0,7,20,27,3,15,15,36,69,0,0,0,69
08/09/2020,LRD,TX,ASW,CE,Federal Contract Tower,2,7,9,18,36,0,7,15,0,22,2,14,24,18,58,30,0,30,88
08/10/2020,LRD,TX,ASW,CE,Federal Contract Tower,8,16,11,28,63,0,2,26,3,31,8,18,37,31,94,6,160,166,260
08/11/2020,LRD,TX,ASW,CE,Federal Contract Tower,19,18,8,28,73,0,2,19,3,24,19,20,27,31,97,0,270,270,367
08/12/2020,LRD,TX,ASW,CE,Federal Contract Tower,10,17,14,22,63,0,2,28,13,43,10,19,42,35,106,70,190,260,366
08/13/2020,LRD,TX,ASW,CE,Federal Contract Tower,13,16,13,20,62,0,8,29,4,41,13,24,42,24,103,10,260,270,373
08/14/2020,LRD,TX,ASW,CE,Federal Contract Tower,12,21,14,18,65,0,0,29,3,32,12,21,43,21,97,10,90,100,197
08/15/2020,LRD,TX,ASW,CE,Federal Contract Tower,5,12,14,5,36,0,5,17,1,23,5,17,31,6,59,10,0,10,69
08/16/2020,LRD,TX,ASW,CE,Federal Contract Tower,2,17,10,2,31,0,7,21,0,28,2,24,31,2,59,10,0,10,69
08/17/2020,LRD,TX,ASW,CE,Federal Contract Tower,6,21,10,8,45,0,2,29,2,33,6,23,39,10,78,0,150,150,228
08/18/2020,LRD,TX,ASW,CE,Federal Contract Tower,15,21,8,8,52,0,6,15,5,26,15,27,23,13,78,0,44,44,122
08/19/2020,LRD,TX,ASW,CE,Federal Contract Tower,9,21,13,24,67,0,14,31,9,54,9,35,44,33,121,100,80,180,301
08/20/2020,LRD,TX,ASW,CE,Federal Contract Tower,9,22,18,10,59,0,10,28,4,42,9,32,46,14,101,30,80,110,211
08/21/2020,LRD,TX,ASW,CE,Federal Contract Tower,5,15,17,22,59,0,0,24,6,30,5,15,41,28,89,0,200,200,289
08/22/2020,LRD,TX,ASW,CE,Federal Contract Tower,2,18,9,15,44,0,5,21,1,27,2,23,30,16,71,0,10,10,81
08/23/2020,LRD,TX,ASW,CE,Federal Contract Tower,2,13,8,9,32,0,7,20,0,27,2,20,28,9,59,0,0,0,59
08/24/2020,LRD,TX,ASW,CE,Federal Contract Tower,10,19,11,13,53,0,4,10,3,17,10,23,21,16,70,0,0,0,70
08/25/2020,LRD,TX,ASW,CE,Federal Contract Tower,14,33,11,39,97,0,1,25,10,36,14,34,36,49,133,20,170,190,323
08/26/2020,LRD,TX,ASW,CE,Federal Contract Tower,13,15,16,31,75,0,0,18,5,23,13,15,34,36,98,0,104,104,202
08/27/2020,LRD,TX,ASW,CE,Federal Contract Tower,15,20,12,47,94,0,0,25,3,28,15,20,37,50,122,0,60,60,182
08/28/2020,LRD,TX,ASW,CE,Federal Contract Tower,6,27,14,28,75,0,2,20,10,32,6,29,34,38,107,0,256,256,363
08/29/2020,LRD,TX,ASW,CE,Federal Contract Tower,7,16,5,0,28,0,7,18,0,25,7,23,23,0,53,0,0,0,53
08/30/2020,LRD,TX,ASW,CE,Federal Contract Tower,2,20,10,0,32,0,5,24,0,29,2,25,34,0,61,0,0,0,61
08/31/2020,LRD,TX,ASW,CE,Federal Contract Tower,10,25,10,40,85,0,2,33,3,38,10,27,43,43,123,30,220,250,373
09/01/2020,LRD,TX,ASW,CE,Federal Contract Tower,23,13,22,22,80,0,1,25,1,27,23,14,47,23,107,30,50,80,187
09/02/2020,LRD,TX,ASW,CE,Federal Contract Tower,18,35,12,35,100,0,1,31,5,37,18,36,43,40,137,70,120,190,327
09/03/2020,LRD,TX,ASW,CE,Federal Contract Tower,14,33,14,22,83,0,0,19,9,28,14,33,33,31,111,0,40,40,151
09/04/2020,LRD,TX,ASW,CE,Federal Contract Tower,9,18,20,2,49,0,0,18,3,21,9,18,38,5,70,20,2,22,92
09/05/2020,LRD,TX,ASW,CE,Federal Contract Tower,6,7,5,0,18,0,0,1,0,1,6,7,6,0,19,20,0,20,39
09/06/2020,LRD,TX,ASW,CE,Federal Contract Tower,2,10,11,0,23,0,14,13,0,27,2,24,24,0,50,20,0,20,70
09/07/2020,LRD,TX,ASW,CE,Federal Contract Tower,5,7,13,0,25,0,0,33,4,37,5,7,46,4,62,26,0,26,88
09/08/2020,LRD,TX,ASW,CE,Federal Contract Tower,17,27,19,18,81,0,2,19,6,27,17,29,38,24,108,20,130,150,258
09/09/2020,LRD,TX,ASW,CE,Federal Contract Tower,20,28,16,38,102,0,1,21,7,29,20,29,37,45,131,90,70,160,291
09/10/2020,LRD,TX,ASW,CE,Federal Contract Tower,17,29,25,37,108,0,0,17,3,20,17,29,42,40,128,0,40,40,168
09/11/2020,LRD,TX,ASW,CE,Federal Contract Tower,21,42,24,2,89,0,4,24,0,28,21,46,48,2,117,0,0,0,117
09/12/2020,LRD,TX,ASW,CE,Federal Contract Tower,8,18,9,5,40,0,0,28,0,28,8,18,37,5,68,0,0,0,68
09/13/2020,LRD,TX,ASW,CE,Federal Contract Tower,6,13,13,16,48,0,0,26,0,26,6,13,39,16,74,40,40,80,154
09/14/2020,LRD,TX,ASW,CE,Federal Contract Tower,20,18,12,13,63,0,3,14,4,21,20,21,26,17,84,0,120,120,204
09/15/2020,LRD,TX,ASW,CE,Federal Contract Tower,28,32,13,11,84,0,1,23,7,31,28,33,36,18,115,0,10,10,125
09/16/2020,LRD,TX,ASW,CE,Federal Contract Tower,20,19,11,30,80,0,0,26,6,32,20,19,37,36,112,30,260,290,402
09/17/2020,LRD,TX,ASW,CE,Federal Contract Tower,20,32,18,4,74,0,0,16,3,19,20,32,34,7,93,20,20,40,133
09/18/2020,LRD,TX,ASW,CE,Federal Contract Tower,24,30,10,13,77,0,0,20,2,22,24,30,30,15,99,20,140,160,259
09/19/2020,LRD,TX,ASW,CE,Federal Contract Tower,18,13,10,0,41,0,6,23,0,29,18,19,33,0,70,10,0,10,80
09/20/2020,LRD,TX,ASW,CE,Federal Contract Tower,4,11,13,2,30,0,5,21,0,26,4,16,34,2,56,0,0,0,56
09/21/2020,LRD,TX,ASW,CE,Federal Contract Tower,15,24,12,24,75,0,0,16,6,22,15,24,28,30,97,18,124,142,239
09/22/2020,LRD,TX,ASW,CE,Federal Contract Tower,22,32,16,41,111,0,0,10,10,20,22,32,26,51,131,0,530,530,661
09/23/2020,LRD,TX,ASW,CE,Federal Contract Tower,34,35,16,35,120,0,1,24,7,32,34,36,40,42,152,10,232,242,394
09/24/2020,LRD,TX,ASW,CE,Federal Contract Tower,33,33,14,10,90,0,1,30,2,33,33,34,44,12,123,0,140,140,263
09/25/2020,LRD,TX,ASW,CE,Federal Contract Tower,18,22,17,2,59,0,4,15,3,22,18,26,32,5,81,0,0,0,81
09/26/2020,LRD,TX,ASW,CE,Federal Contract Tower,17,10,16,2,45,0,1,13,4,18,17,11,29,6,63,0,0,0,63
09/27/2020,LRD,TX,ASW,CE,Federal Contract Tower,10,14,11,10,45,0,1,12,0,13,10,15,23,10,58,0,0,0,58
09/28/2020,LRD,TX,ASW,CE,Federal Contract Tower,19,23,12,33,87,0,1,6,5,12,19,24,18,38,99,0,40,40,139
09/29/2020,LRD,TX,ASW,CE,Federal Contract Tower,25,30,9,20,84,0,2,21,5,28,25,32,30,25,112,0,340,340,452
09/30/2020,LRD,TX,ASW,CE,Federal Contract Tower,19,48,13,22,102,0,1,22,5,28,19,49,35,27,130,46,250,296,426
10/01/2020,LRD,TX,ASW,CE,Federal Contract Tower,25,54,13,16,108,0,0,33,5,38,25,54,46,21,146,0,250,250,396
10/02/2020,LRD,TX,ASW,CE,Federal Contract Tower,27,30,33,7,97,0,4,35,3,42,27,34,68,10,139,10,130,140,279
10/03/2020,LRD,TX,ASW,CE,Federal Contract Tower,15,13,17,6,51,0,0,33,0,33,15,13,50,6,84,0,0,0,84
10/04/2020,LRD,TX,ASW,CE,Federal Contract Tower,13,16,15,0,44,0,4,33,0,37,13,20,48,0,81,0,0,0,81
10/05/2020,LRD,TX,ASW,CE,Federal Contract Tower,22,27,20,16,85,0,1,18,8,27,22,28,38,24,112,0,240,240,352
10/06/2020,LRD,TX,ASW,CE,Federal Contract Tower,25,45,13,25,108,0,7,30,17,54,25,52,43,42,162,40,80,120,282
10/07/2020,LRD,TX,ASW,CE,Federal Contract Tower,30,33,13,19,95,0,7,19,11,37,30,40,32,30,132,30,120,150,282
10/08/2020,LRD,TX,ASW,CE,Federal Contract Tower,25,26,18,32,101,0,4,32,11,47,25,30,50,43,148,0,210,210,358
10/09/2020,LRD,TX,ASW,CE,Federal Contract Tower,20,27,24,25,96,0,0,20,16,36,20,27,44,41,132,40,344,384,516
10/10/2020,LRD,TX,ASW,CE,Federal Contract Tower,13,21,10,10,54,0,7,28,0,35,13,28,38,10,89,0,0,0,89
10/11/2020,LRD,TX,ASW,CE,Federal Contract Tower,14,20,14,10,58,0,5,20,0,25,14,25,34,10,83,0,0,0,83
10/12/2020,LRD,TX,ASW,CE,Federal Contract Tower,15,35,21,5,76,0,0,16,4,20,15,35,37,9,96,0,0,0,96
10/13/2020,LRD,TX,ASW,CE,Federal Contract Tower,32,43,28,12,115,0,7,10,9,26,32,50,38,21,141,0,80,80,221
10/14/2020,LRD,TX,ASW,CE,Federal Contract Tower,25,37,17,9,88,0,4,19,11,34,25,41,36,20,122,20,30,50,172
10/15/2020,LRD,TX,ASW,CE,Federal Contract Tower,23,38,23,20,104,0,8,32,22,62,23,46,55,42,166,0,100,100,266
10/17/2020,LRD,TX,ASW,CE,Federal Contract Tower,15,16,19,9,59,0,0,13,6,19,15,16,32,15,78,10,0,10,88
10/18/2020,LRD,TX,ASW,CE,Federal Contract Tower,9,20,11,0,40,0,9,24,7,40,9,29,35,7,80,0,20,20,100
10/19/2020,LRD,TX,ASW,CE,Federal Contract Tower,15,25,21,20,81,0,9,17,14,40,15,34,38,34,121,0,180,180,301
10/20/2020,LRD,TX,ASW,CE,Federal Contract Tower,20,29,25,19,93,0,0,26,9,35,20,29,51,28,128,40,90,130,258
10/21/2020,LRD,TX,ASW,CE,Federal Contract Tower,21,35,21,15,92,0,1,26,4,31,21,36,47,19,123,10,0,10,133
10/22/2020,LRD,TX,ASW,CE,Federal Contract Tower,22,33,21,20,96,0,0,38,4,42,22,33,59,24,138,60,30,90,228
10/23/2020,LRD,TX,ASW,CE,Federal Contract Tower,16,33,26,27,102,0,5,28,14,47,16,38,54,41,149,0,230,230,379
10/24/2020,LRD,TX,ASW,CE,Federal Contract Tower,17,19,4,3,43,0,4,17,1,22,17,23,21,4,65,0,0,0,65
10/25/2020,LRD,TX,ASW,CE,Federal Contract Tower,19,28,12,0,59,0,0,16,2,18,19,28,28,2,77,0,0,0,77
10/26/2020,LRD,TX,ASW,CE,Federal Contract Tower,26,37,25,19,107,0,0,21,1,22,26,37,46,20,129,0,250,250,379
10/27/2020,LRD,TX,ASW,CE,Federal Contract Tower,27,42,26,23,118,0,0,4,0,4,27,42,30,23,122,0,0,0,122
10/28/2020,LRD,TX,ASW,CE,Federal Contract Tower,38,41,20,38,137,0,1,27,5,33,38,42,47,43,170,50,300,350,520
10/29/2020,LRD,TX,ASW,CE,Federal Contract Tower,37,33,11,22,103,0,1,36,5,42,37,34,47,27,145,0,140,140,285
10/30/2020,LRD,TX,ASW,CE,Federal Contract Tower,15,29,24,13,81,0,3,19,3,25,15,32,43,16,106,10,110,120,226
10/31/2020,LRD,TX,ASW,CE,Federal Contract Tower,21,15,9,1,46,0,15,23,1,39,21,30,32,2,85,30,0,30,115
11/01/2020,LRD,TX,ASW,CE,Federal Contract Tower,11,16,10,0,37,0,4,16,7,27,11,20,26,7,64,0,0,0,64
11/02/2020,LRD,TX,ASW,CE,Federal Contract Tower,13,17,20,11,61,0,0,22,3,25,13,17,42,14,86,60,170,230,316
11/03/2020,LRD,TX,ASW,CE,Federal Contract Tower,19,45,21,9,94,0,2,29,6,37,19,47,50,15,131,80,90,170,301
11/04/2020,LRD,TX,ASW,CE,Federal Contract Tower,25,43,21,24,113,0,7,28,3,38,25,50,49,27,151,0,100,100,251
11/05/2020,LRD,TX,ASW,CE,Federal Contract Tower,25,38,16,11,90,0,1,26,2,29,25,39,42,13,119,10,110,120,239
11/06/2020,LRD,TX,ASW,CE,Federal Contract Tower,23,53,12,11,99,0,13,27,1,41,23,66,39,12,140,0,130,130,270
11/07/2020,LRD,TX,ASW,CE,Federal Contract Tower,20,25,19,4,68,0,0,29,1,30,20,25,48,5,98,20,0,20,118
11/08/2020,LRD,TX,ASW,CE,Federal Contract Tower,11,28,14,6,59,0,0,21,1,22,11,28,35,7,81,0,0,0,81
11/09/2020,LRD,TX,ASW,CE,Federal Contract Tower,21,25,15,18,79,0,3,16,1,20,21,28,31,19,99,0,130,130,229
11/10/2020,LRD,TX,ASW,CE,Federal Contract Tower,13,26,29,23,91,0,0,22,2,24,13,26,51,25,115,10,10,20,135
11/11/2020,LRD,TX,ASW,CE,Federal Contract Tower,18,48,13,6,85,0,2,23,1,26,18,50,36,7,111,10,0,10,121
11/12/2020,LRD,TX,ASW,CE,Federal Contract Tower,16,41,19,0,76,0,1,24,1,26,16,42,43,1,102,30,0,30,132
11/13/2020,LRD,TX,ASW,CE,Federal Contract Tower,16,27,18,8,69,0,5,19,2,26,16,32,37,10,95,20,30,50,145
11/14/2020,LRD,TX,ASW,CE,Federal Contract Tower,10,23,9,8,50,0,3,19,2,24,10,26,28,10,74,20,0,20,94
11/15/2020,LRD,TX,ASW,CE,Federal Contract Tower,12,19,8,8,47,0,4,24,1,29,12,23,32,9,76,20,0,20,96
11/16/2020,LRD,TX,ASW,CE,Federal Contract Tower,14,26,34,13,87,0,10,31,0,41,14,36,65,13,128,10,170,180,308
11/17/2020,LRD,TX,ASW,CE,Federal Contract Tower,11,53,14,16,94,0,3,36,3,42,11,56,50,19,136,40,200,240,376
11/18/2020,LRD,TX,ASW,CE,Federal Contract Tower,22,47,25,18,112,0,37,4,0,41,22,84,29,18,153,30,80,110,263
11/19/2020,LRD,TX,ASW,CE,Federal Contract Tower,17,49,22,21,109,0,3,25,2,30,17,52,47,23,139,50,150,200,339
11/20/2020,LRD,TX,ASW,CE,Federal Contract Tower,23,50,11,10,94,0,9,28,2,39,23,59,39,12,133,10,60,70,203
11/21/2020,LRD,TX,ASW,CE,Federal Contract Tower,11,25,21,2,59,0,7,16,4,27,11,32,37,6,86,25,60,85,171
11/22/2020,LRD,TX,ASW,CE,Federal Contract Tower,20,24,19,4,67,0,3,34,1,38,20,27,53,5,105,0,0,0,105
11/23/2020,LRD,TX,ASW,CE,Federal Contract Tower,17,25,9,35,86,0,5,25,4,34,17,30,34,39,120,0,184,184,304
11/24/2020,LRD,TX,ASW,CE,Federal Contract Tower,21,55,22,19,117,0,7,25,8,40,21,62,47,27,157,20,80,100,257
11/25/2020,LRD,TX,ASW,CE,Federal Contract Tower,17,36,21,9,83,0,16,25,1,42,17,52,46,10,125,20,0,20,145
11/26/2020,LRD,TX,ASW,CE,Federal Contract Tower,15,14,11,0,40,0,0,21,0,21,15,14,32,0,61,20,0,20,81
11/27/2020,LRD,TX,ASW,CE,Federal Contract Tower,10,23,4,0,37,0,0,16,0,16,10,23,20,0,53,0,0,0,53
11/28/2020,LRD,TX,ASW,CE,Federal Contract Tower,19,15,11,0,45,0,0,0,0,0,19,15,11,0,45,0,0,0,45
11/29/2020,LRD,TX,ASW,CE,Federal Contract Tower,11,22,10,1,44,0,10,28,1,39,11,32,38,2,83,10,0,10,93
11/30/2020,LRD,TX,ASW,CE,Federal Contract Tower,12,42,18,12,84,0,5,20,3,28,12,47,38,15,112,20,80,100,212
12/01/2020,LRD,TX,ASW,CE,Federal Contract Tower,24,31,26,16,97,0,3,32,7,42,24,34,58,23,139,50,160,210,349
12/02/2020,LRD,TX,ASW,CE,Federal Contract Tower,21,48,19,36,124,0,1,22,3,26,21,49,41,39,150,0,160,160,310
12/03/2020,LRD,TX,ASW,CE,Federal Contract Tower,24,41,26,11,102,0,0,42,6,48,24,41,68,17,150,26,152,178,328
12/04/2020,LRD,TX,ASW,CE,Federal Contract Tower,19,32,29,8,88,0,1,29,2,32,19,33,58,10,120,0,100,100,220
12/05/2020,LRD,TX,ASW,CE,Federal Contract Tower,14,14,6,7,41,0,0,33,0,33,14,14,39,7,74,0,0,0,74
12/06/2020,LRD,TX,ASW,CE,Federal Contract Tower,15,20,16,2,53,0,1,34,2,37,15,21,50,4,90,0,0,0,90
12/07/2020,LRD,TX,ASW,CE,Federal Contract Tower,32,44,16,2,94,0,9,26,0,35,32,53,42,2,129,0,50,50,179
12/08/2020,LRD,TX,ASW,CE,Federal Contract Tower,33,40,10,8,91,0,0,30,0,30,33,40,40,8,121,20,40,60,181
12/09/2020,LRD,TX,ASW,CE,Federal Contract Tower,30,33,17,12,92,0,2,37,5,44,30,35,54,17,136,0,40,40,176
12/10/2020,LRD,TX,ASW,CE,Federal Contract Tower,22,51,20,8,101,0,2,35,2,39,22,53,55,10,140,10,20,30,170
12/11/2020,LRD,TX,ASW,CE,Federal Contract Tower,17,44,21,16,98,0,0,31,4,35,17,44,52,20,133,10,180,190,323
12/12/2020,LRD,TX,ASW,CE,Federal Contract Tower,12,39,11,11,73,0,0,30,5,35,12,39,41,16,108,0,20,20,128
12/13/2020,LRD,TX,ASW,CE,Federal Contract Tower,14,22,17,12,65,0,10,20,2,32,14,32,37,14,97,0,0,0,97
12/14/2020,LRD,TX,ASW,CE,Federal Contract Tower,28,49,18,6,101,0,2,28,2,32,28,51,46,8,133,0,120,120,253
12/15/2020,LRD,TX,ASW,CE,Federal Contract Tower,33,40,21,16,110,0,4,37,0,41,33,44,58,16,151,0,60,60,211
12/16/2020,LRD,TX,ASW,CE,Federal Contract Tower,31,46,35,18,130,0,0,40,4,44,31,46,75,22,174,20,50,70,244
12/17/2020,LRD,TX,ASW,CE,Federal Contract Tower,30,50,18,13,111,0,7,35,5,47,30,57,53,18,158,0,140,140,298
12/18/2020,LRD,TX,ASW,CE,Federal Contract Tower,22,40,21,3,86,0,4,23,2,29,22,44,44,5,115,10,0,10,125
12/19/2020,LRD,TX,ASW,CE,Federal Contract Tower,26,38,10,4,78,0,3,20,1,24,26,41,30,5,102,0,0,0,102
12/20/2020,LRD,TX,ASW,CE,Federal Contract Tower,22,25,18,0,65,0,0,18,1,19,22,25,36,1,84,0,0,0,84
12/21/2020,LRD,TX,ASW,CE,Federal Contract Tower,15,36,19,7,77,0,1,28,0,29,15,37,47,7,106,0,140,140,246
12/22/2020,LRD,TX,ASW,CE,Federal Contract Tower,14,33,15,4,66,0,8,24,1,33,14,41,39,5,99,0,90,90,189
12/23/2020,LRD,TX,ASW,CE,Federal Contract Tower,25,33,26,0,84,0,0,26,1,27,25,33,52,1,111,0,0,0,111
12/24/2020,LRD,TX,ASW,CE,Federal Contract Tower,14,18,13,0,45,0,3,15,1,19,14,21,28,1,64,0,0,0,64
12/25/2020,LRD,TX,ASW,CE,Federal Contract Tower,3,13,6,0,22,0,9,17,2,28,3,22,23,2,50,0,0,0,50
12/26/2020,LRD,TX,ASW,CE,Federal Contract Tower,4,21,34,0,59,0,14,28,1,43,4,35,62,1,102,0,0,0,102
12/27/2020,LRD,TX,ASW,CE,Federal Contract Tower,0,17,21,0,38,0,1,14,4,19,0,18,35,4,57,0,0,0,57
12/28/2020,LRD,TX,ASW,CE,Federal Contract Tower,5,29,16,0,50,0,3,9,1,13,5,32,25,1,63,0,0,0,63
12/29/2020,LRD,TX,ASW,CE,Federal Contract Tower,7,17,17,0,41,0,8,20,3,31,7,25,37,3,72,0,0,0,72
12/30/2020,LRD,TX,ASW,CE,Federal Contract Tower,14,23,12,0,49,0,3,14,0,17,14,26,26,0,66,0,0,0,66
12/31/2020,LRD,TX,ASW,CE,Federal Contract Tower,7,9,13,0,29,0,1,14,1,16,7,10,27,1,45,0,0,0,45
01/01/2021,LRD,TX,ASW,CE,Federal Contract Tower,2,9,6,0,17,0,10,16,1,27,2,19,22,1,44,0,0,0,44
01/02/2021,LRD,TX,ASW,CE,Federal Contract Tower,7,12,24,0,43,0,4,26,1,31,7,16,50,1,74,0,0,0,74
01/03/2021,LRD,TX,ASW,CE,Federal Contract Tower,2,11,29,4,46,0,8,20,1,29,2,19,49,5,75,0,0,0,75
01/04/2021,LRD,TX,ASW,CE,Federal Contract Tower,6,20,18,1,45,0,3,20,1,24,6,23,38,2,69,0,0,0,69
01/05/2021,LRD,TX,ASW,CE,Federal Contract Tower,21,27,21,3,72,0,0,24,6,30,21,27,45,9,102,40,50,90,192
01/06/2021,LRD,TX,ASW,CE,Federal Contract Tower,20,32,26,14,92,0,0,25,5,30,20,32,51,19,122,20,50,70,192
01/07/2021,LRD,TX,ASW,CE,Federal Contract Tower,25,23,14,6,68,0,16,21,6,43,25,39,35,12,111,40,0,40,151
01/08/2021,LRD,TX,ASW,CE,Federal Contract Tower,21,37,19,5,82,0,2,38,2,42,21,39,57,7,124,0,100,100,224
01/09/2021,LRD,TX,ASW,CE,Federal Contract Tower,15,18,22,17,72,0,1,14,2,17,15,19,36,19,89,0,50,50,139
01/10/2021,LRD,TX,ASW,CE,Federal Contract Tower,9,21,12,2,44,0,0,5,3,8,9,21,17,5,52,0,0,0,52
01/11/2021,LRD,TX,ASW,CE,Federal Contract Tower,28,35,10,15,88,0,6,13,1,20,28,41,23,16,108,0,100,100,208
01/12/2021,LRD,TX,ASW,CE,Federal Contract Tower,27,46,19,13,105,0,5,36,1,42,27,51,55,14,147,20,160,180,327
01/13/2021,LRD,TX,ASW,CE,Federal Contract Tower,23,49,33,11,116,0,1,28,3,32,23,50,61,14,148,0,0,0,148
01/14/2021,LRD,TX,ASW,CE,Federal Contract Tower,21,39,26,9,95,1,10,32,3,46,22,49,58,12,141,0,0,0,141
01/15/2021,LRD,TX,ASW,CE,Federal Contract Tower,15,39,23,8,85,0,18,34,3,55,15,57,57,11,140,20,60,80,220
01/16/2021,LRD,TX,ASW,CE,Federal Contract Tower,9,27,16,8,60,0,5,24,0,29,9,32,40,8,89,0,0,0,89
01/17/2021,LRD,TX,ASW,CE,Federal Contract Tower,6,24,20,0,50,0,11,19,10,40,6,35,39,10,90,20,0,20,110
01/18/2021,LRD,TX,ASW,CE,Federal Contract Tower,11,29,24,6,70,0,4,21,0,25,11,33,45,6,95,0,0,0,95
01/19/2021,LRD,TX,ASW,CE,Federal Contract Tower,12,31,27,11,81,0,1,35,1,37,12,32,62,12,118,0,0,0,118
01/20/2021,LRD,TX,ASW,CE,Federal Contract Tower,18,38,22,0,78,0,0,0,0,0,18,38,22,0,78,0,0,0,78
01/21/2021,LRD,TX,ASW,CE,Federal Contract Tower,18,37,27,29,111,0,2,14,2,18,18,39,41,31,129,0,130,130,259
01/22/2021,LRD,TX,ASW,CE,Federal Contract Tower,9,45,28,33,115,0,8,41,5,54,9,53,69,38,169,0,240,240,409
01/23/2021,LRD,TX,ASW,CE,Federal Contract Tower,7,23,16,3,49,0,0,7,0,7,7,23,23,3,56,0,0,0,56
01/24/2021,LRD,TX,ASW,CE,Federal Contract Tower,12,21,24,12,69,0,0,17,2,19,12,21,41,14,88,0,0,0,88
01/25/2021,LRD,TX,ASW,CE,Federal Contract Tower,6,33,25,34,98,0,2,20,3,25,6,35,45,37,123,0,202,202,325
01/26/2021,LRD,TX,ASW,CE,Federal Contract Tower,14,38,26,20,98,0,2,30,2,34,14,40,56,22,132,10,90,100,232
01/27/2021,LRD,TX,ASW,CE,Federal Contract Tower,10,31,22,13,76,0,14,31,12,57,10,45,53,25,133,10,72,82,215
01/28/2021,LRD,TX,ASW,CE,Federal Contract Tower,20,41,33,17,111,0,5,45,3,53,20,46,78,20,164,34,110,144,308
01/29/2021,LRD,TX,ASW,CE,Federal Contract Tower,6,34,21,22,83,0,4,28,2,34,6,38,49,24,117,0,220,220,337
01/30/2021,LRD,TX,ASW,CE,Federal Contract Tower,7,24,14,2,47,0,7,27,1,35,7,31,41,3,82,10,0,10,92
01/31/2021,LRD,TX,ASW,CE,Federal Contract Tower,2,25,13,2,42,0,1,21,5,27,2,26,34,7,69,0,0,0,69
02/01/2021,LRD,TX,ASW,CE,Federal Contract Tower,5,18,19,19,61,1,3,19,4,27,6,21,38,23,88,0,150,150,238
02/02/2021,LRD,TX,ASW,CE,Federal Contract Tower,7,37,44,24,112,0,0,37,5,42,7,37,81,29,154,96,160,256,410
02/03/2021,LRD,TX,ASW,CE,Federal Contract Tower,25,55,22,18,120,0,3,28,3,34,25,58,50,21,154,0,216,216,370
02/04/2021,LRD,TX,ASW,CE,Federal Contract Tower,16,35,23,18,92,0,0,21,1,22,16,35,44,19,114,0,0,0,114
02/05/2021,LRD,TX,ASW,CE,Federal Contract Tower,11,42,24,12,89,0,0,15,2,17,11,42,39,14,106,10,60,70,176
02/06/2021,LRD,TX,ASW,CE,Federal Contract Tower,3,12,24,22,61,0,0,7,0,7,3,12,31,22,68,0,0,0,68
02/07/2021,LRD,TX,ASW,CE,Federal Contract Tower,7,30,8,8,53,0,4,28,1,33,7,34,36,9,86,20,0,20,106
02/08/2021,LRD,TX,ASW,CE,Federal Contract Tower,9,30,17,10,66,0,3,26,1,30,9,33,43,11,96,0,60,60,156
02/09/2021,LRD,TX,ASW,CE,Federal Contract Tower,14,37,27,2,80,0,0,13,2,15,14,37,40,4,95,30,150,180,275
02/10/2021,LRD,TX,ASW,CE,Federal Contract Tower,17,51,41,77,186,0,0,19,0,19,17,51,60,77,205,0,200,200,405
02/11/2021,LRD,TX,ASW,CE,Federal Contract Tower,23,48,30,2,103,0,0,0,0,0,23,48,30,2,103,0,0,0,103
02/12/2021,LRD,TX,ASW,CE,Federal Contract Tower,20,45,32,5,102,0,0,2,0,2,20,45,34,5,104,0,0,0,104
02/13/2021,LRD,TX,ASW,CE,Federal Contract Tower,6,23,7,0,36,0,0,4,0,4,6,23,11,0,40,0,0,0,40
02/14/2021,LRD,TX,ASW,CE,Federal Contract Tower,5,14,17,0,36,0,0,0,0,0,5,14,17,0,36,0,0,0,36
02/18/2021,LRD,TX,ASW,CE,Federal Contract Tower,7,36,16,0,59,0,0,15,1,16,7,36,31,1,75,0,0,0,75
02/19/2021,LRD,TX,ASW,CE,Federal Contract Tower,19,26,19,0,64,0,7,28,1,36,19,33,47,1,100,0,0,0,100
02/20/2021,LRD,TX,ASW,CE,Federal Contract Tower,12,25,14,10,61,0,2,38,2,42,12,27,52,12,103,0,50,50,153
02/21/2021,LRD,TX,ASW,CE,Federal Contract Tower,11,28,22,13,74,0,3,34,4,41,11,31,56,17,115,30,10,40,155
02/22/2021,LRD,TX,ASW,CE,Federal Contract Tower,13,39,24,3,79,0,3,35,4,42,13,42,59,7,121,10,20,30,151
02/23/2021,LRD,TX,ASW,CE,Federal Contract Tower,18,50,39,7,114,0,0,31,1,32,18,50,70,8,146,0,0,0,146
02/24/2021,LRD,TX,ASW,CE,Federal Contract Tower,14,55,24,12,105,0,1,35,1,37,14,56,59,13,142,0,0,0,142
02/25/2021,LRD,TX,ASW,CE,Federal Contract Tower,18,36,27,22,103,0,0,33,0,33,18,36,60,22,136,0,64,64,200
02/26/2021,LRD,TX,ASW,CE,Federal Contract Tower,12,36,50,14,112,0,0,22,1,23,12,36,72,15,135,170,0,170,305
02/27/2021,LRD,TX,ASW,CE,Federal Contract Tower,8,32,16,13,69,0,3,31,3,37,8,35,47,16,106,40,50,90,196
02/28/2021,LRD,TX,ASW,CE,Federal Contract Tower,3,22,24,0,49,0,6,16,2,24,3,28,40,2,73,0,0,0,73
03/01/2021,LRD,TX,ASW,CE,Federal Contract Tower,12,37,24,16,89,0,0,9,0,9,12,37,33,16,98,0,150,150,248
03/02/2021,LRD,TX,ASW,CE,Federal Contract Tower,13,34,26,11,84,0,1,33,2,36,13,35,59,13,120,0,0,0,120
03/03/2021,LRD,TX,ASW,CE,Federal Contract Tower,22,32,26,21,101,0,2,32,4,38,22,34,58,25,139,10,340,350,489
03/04/2021,LRD,TX,ASW,CE,Federal Contract Tower,16,48,38,29,131,0,0,28,4,32,16,48,66,33,163,10,80,90,253
03/05/2021,LRD,TX,ASW,CE,Federal Contract Tower,27,35,28,18,108,0,9,36,3,48,27,44,64,21,156,0,50,50,206
03/06/2021,LRD,TX,ASW,CE,Federal Contract Tower,22,19,21,8,70,0,4,19,1,24,22,23,40,9,94,0,0,0,94
03/07/2021,LRD,TX,ASW,CE,Federal Contract Tower,12,35,26,6,79,0,3,17,1,21,12,38,43,7,100,20,0,20,120
03/08/2021,LRD,TX,ASW,CE,Federal Contract Tower,18,44,21,8,91,0,3,25,1,29,18,47,46,9,120,10,60,70,190
03/09/2021,LRD,TX,ASW,CE,Federal Contract Tower,14,44,18,9,85,0,2,20,7,29,14,46,38,16,114,0,120,120,234
03/10/2021,LRD,TX,ASW,CE,Federal Contract Tower,22,59,30,14,125,0,4,31,2,37,22,63,61,16,162,10,30,40,202
03/11/2021,LRD,TX,ASW,CE,Federal Contract Tower,27,53,30,16,126,0,3,36,4,43,27,56,66,20,169,20,110,130,299
03/12/2021,LRD,TX,ASW,CE,Federal Contract Tower,18,34,29,10,91,0,8,24,6,38,18,42,53,16,129,0,110,110,239
03/13/2021,LRD,TX,ASW,CE,Federal Contract Tower,13,26,9,10,58,0,4,13,0,17,13,30,22,10,75,0,0,0,75
03/14/2021,LRD,TX,ASW,CE,Federal Contract Tower,5,36,19,0,60,0,5,15,4,24,5,41,34,4,84,0,10,10,94
03/15/2021,LRD,TX,ASW,CE,Federal Contract Tower,8,50,37,21,116,0,1,17,5,23,8,51,54,26,139,0,576,576,715
03/16/2021,LRD,TX,ASW,CE,Federal Contract Tower,16,37,48,2,103,0,5,18,0,23,16,42,66,2,126,20,0,20,146
03/17/2021,LRD,TX,ASW,CE,Federal Contract Tower,18,38,37,21,114,0,1,25,14,40,18,39,62,35,154,30,200,230,384
03/18/2021,LRD,TX,ASW,CE,Federal Contract Tower,22,43,34,6,105,0,4,28,3,35,22,47,62,9,140,18,200,218,358
03/19/2021,LRD,TX,ASW,CE,Federal Contract Tower,24,55,28,9,116,0,2,34,1,37,24,57,62,10,153,0,90,90,243
03/20/2021,LRD,TX,ASW,CE,Federal Contract Tower,18,36,30,2,86,0,2,23,1,26,18,38,53,3,112,0,56,56,168
03/21/2021,LRD,TX,ASW,CE,Federal Contract Tower,8,41,13,4,66,0,5,24,0,29,8,46,37,4,95,0,0,0,95
03/22/2021,LRD,TX,ASW,CE,Federal Contract Tower,13,29,38,40,120,0,2,30,3,35,13,31,68,43,155,30,500,530,685
03/23/2021,LRD,TX,ASW,CE,Federal Contract Tower,17,44,27,9,97,0,2,32,4,38,17,46,59,13,135,0,100,100,235
03/24/2021,LRD,TX,ASW,CE,Federal Contract Tower,25,45,27,15,112,0,0,27,7,34,25,45,54,22,146,0,90,90,236
03/25/2021,LRD,TX,ASW,CE,Federal Contract Tower,12,53,25,6,96,0,7,32,4,43,12,60,57,10,139,10,60,70,209
03/26/2021,LRD,TX,ASW,CE,Federal Contract Tower,21,40,25,19,105,0,3,33,3,39,21,43,58,22,144,10,310,320,464
03/27/2021,LRD,TX,ASW,CE,Federal Contract Tower,18,29,21,10,78,0,5,24,1,30,18,34,45,11,108,10,40,50,158
03/28/2021,LRD,TX,ASW,CE,Federal Contract Tower,13,24,18,8,63,0,3,17,0,20,13,27,35,8,83,0,0,0,83
03/29/2021,LRD,TX,ASW,CE,Federal Contract Tower,26,35,30,18,109,0,2,29,1,32,26,37,59,19,141,20,360,380,521
03/30/2021,LRD,TX,ASW,CE,Federal Contract Tower,27,34,24,21,106,0,1,36,4,41,27,35,60,25,147,0,60,60,207
03/31/2021,LRD,TX,ASW,CE,Federal Contract Tower,20,46,40,8,114,1,0,15,1,17,21,46,55,9,131,0,0,0,131
04/01/2021,LRD,TX,ASW,CE,Federal Contract Tower,17,26,24,9,76,0,10,30,4,44,17,36,54,13,120,0,160,160,280
04/02/2021,LRD,TX,ASW,CE,Federal Contract Tower,15,28,14,2,59,0,7,19,5,31,15,35,33,7,90,0,0,0,90
04/03/2021,LRD,TX,ASW,CE,Federal Contract Tower,4,9,13,0,26,0,3,5,2,10,4,12,18,2,36,0,0,0,36
04/04/2021,LRD,TX,ASW,CE,Federal Contract Tower,5,15,16,0,36,0,2,15,0,17,5,17,31,0,53,0,0,0,53
04/05/2021,LRD,TX,ASW,CE,Federal Contract Tower,12,25,37,2,76,0,10,21,1,32,12,35,58,3,108,30,20,50,158
04/06/2021,LRD,TX,ASW,CE,Federal Contract Tower,17,35,21,20,93,0,6,26,5,37,17,41,47,25,130,40,320,360,490
04/07/2021,LRD,TX,ASW,CE,Federal Contract Tower,21,30,30,11,92,0,7,38,6,51,21,37,68,17,143,30,0,30,173
04/08/2021,LRD,TX,ASW,CE,Federal Contract Tower,12,38,35,2,87,0,0,34,9,43,12,38,69,11,130,0,90,90,220
04/09/2021,LRD,TX,ASW,CE,Federal Contract Tower,14,31,31,0,76,0,3,24,7,34,14,34,55,7,110,0,60,60,170
04/10/2021,LRD,TX,ASW,CE,Federal Contract Tower,11,17,22,0,50,0,5,28,3,36,11,22,50,3,86,0,0,0,86
04/11/2021,LRD,TX,ASW,CE,Federal Contract Tower,5,12,18,1,36,0,17,27,1,45,5,29,45,2,81,0,12,12,93
04/12/2021,LRD,TX,ASW,CE,Federal Contract Tower,14,28,44,0,86,0,7,32,1,40,14,35,76,1,126,0,0,0,126
04/13/2021,LRD,TX,ASW,CE,Federal Contract Tower,18,44,44,27,133,0,0,14,3,17,18,44,58,30,150,0,240,240,390
04/14/2021,LRD,TX,ASW,CE,Federal Contract Tower,13,22,37,12,84,0,8,28,4,40,13,30,65,16,124,20,40,60,184
04/15/2021,LRD,TX,ASW,CE,Federal Contract Tower,8,35,39,18,100,0,2,18,2,22,8,37,57,20,122,0,120,120,242
04/16/2021,LRD,TX,ASW,CE,Federal Contract Tower,10,32,27,4,73,0,2,28,0,30,10,34,55,4,103,0,0,0,103
04/17/2021,LRD,TX,ASW,CE,Federal Contract Tower,5,16,13,21,55,0,5,24,1,30,5,21,37,22,85,0,0,0,85
04/18/2021,LRD,TX,ASW,CE,Federal Contract Tower,1,19,11,8,39,0,20,31,0,51,1,39,42,8,90,74,0,74,164
04/19/2021,LRD,TX,ASW,CE,Federal Contract Tower,12,27,20,1,60,0,13,21,2,36,12,40,41,3,96,20,0,20,116
04/20/2021,LRD,TX,ASW,CE,Federal Contract Tower,14,28,26,16,84,0,6,36,12,54,14,34,62,28,138,20,200,220,358
04/21/2021,LRD,TX,ASW,CE,Federal Contract Tower,16,28,21,8,73,0,3,32,16,51,16,31,53,24,124,10,20,30,154
04/22/2021,LRD,TX,ASW,CE,Federal Contract Tower,9,32,23,4,68,0,4,18,8,30,9,36,41,12,98,0,60,60,158
04/23/2021,LRD,TX,ASW,CE,Federal Contract Tower,10,24,23,0,57,0,5,24,4,33,10,29,47,4,90,0,0,0,90
04/24/2021,LRD,TX,ASW,CE,Federal Contract Tower,10,15,12,12,49,0,8,31,6,45,10,23,43,18,94,0,0,0,94
04/25/2021,LRD,TX,ASW,CE,Federal Contract Tower,5,12,18,12,47,0,0,19,0,19,5,12,37,12,66,0,0,0,66
04/26/2021,LRD,TX,ASW,CE,Federal Contract Tower,18,32,40,2,92,0,4,27,4,35,18,36,67,6,127,20,100,120,247
04/27/2021,LRD,TX,ASW,CE,Federal Contract Tower,18,25,44,14,101,0,0,16,8,24,18,25,60,22,125,10,60,70,195
04/28/2021,LRD,TX,ASW,CE,Federal Contract Tower,21,41,39,20,121,0,5,34,12,51,21,46,73,32,172,0,200,200,372
04/29/2021,LRD,TX,ASW,CE,Federal Contract Tower,10,38,25,32,105,0,14,31,5,50,10,52,56,37,155,0,340,340,495
04/30/2021,LRD,TX,ASW,CE,Federal Contract Tower,13,23,17,8,61,0,0,7,2,9,13,23,24,10,70,0,0,0,70
05/01/2021,LRD,TX,ASW,CE,Federal Contract Tower,10,17,8,4,39,0,6,14,0,20,10,23,22,4,59,0,0,0,59
05/02/2021,LRD,TX,ASW,CE,Federal Contract Tower,1,21,25,5,52,0,6,22,4,32,1,27,47,9,84,0,0,0,84
05/03/2021,LRD,TX,ASW,CE,Federal Contract Tower,13,34,27,18,92,0,0,32,3,35,13,34,59,21,127,30,130,160,287
05/04/2021,LRD,TX,ASW,CE,Federal Contract Tower,25,33,29,17,104,0,6,25,4,35,25,39,54,21,139,0,80,80,219
05/05/2021,LRD,TX,ASW,CE,Federal Contract Tower,17,34,39,10,100,0,1,30,12,43,17,35,69,22,143,0,60,60,203
05/06/2021,LRD,TX,ASW,CE,Federal Contract Tower,16,49,18,8,91,0,5,40,2,47,16,54,58,10,138,10,70,80,218
05/07/2021,LRD,TX,ASW,CE,Federal Contract Tower,14,42,19,0,75,0,4,35,2,41,14,46,54,2,116,0,0,0,116
05/09/2021,LRD,TX,ASW,CE,Federal Contract Tower,5,30,28,7,70,0,6,18,1,25,5,36,46,8,95,10,0,10,105
05/10/2021,LRD,TX,ASW,CE,Federal Contract Tower,17,33,26,31,107,2,3,20,4,29,19,36,46,35,136,0,390,390,526
05/11/2021,LRD,TX,ASW,CE,Federal Contract Tower,11,29,28,4,72,0,4,21,2,27,11,33,49,6,99,0,0,0,99
05/12/2021,LRD,TX,ASW,CE,Federal Contract Tower,21,54,19,5,99,0,5,10,4,19,21,59,29,9,118,20,0,20,138
05/13/2021,LRD,TX,ASW,CE,Federal Contract Tower,9,43,26,16,94,0,2,36,10,48,9,45,62,26,142,0,180,180,322
05/14/2021,LRD,TX,ASW,CE,Federal Contract Tower,14,36,18,2,70,0,15,23,1,39,14,51,41,3,109,0,0,0,109
05/15/2021,LRD,TX,ASW,CE,Federal Contract Tower,14,29,11,0,54,0,0,27,1,28,14,29,38,1,82,10,0,10,92
05/16/2021,LRD,TX,ASW,CE,Federal Contract Tower,7,15,24,8,54,0,4,10,2,16,7,19,34,10,70,0,0,0,70
05/17/2021,LRD,TX,ASW,CE,Federal Contract Tower,8,36,16,10,70,0,4,28,2,34,8,40,44,12,104,16,48,64,168
05/18/2021,LRD,TX,ASW,CE,Federal Contract Tower,11,36,19,24,90,0,1,28,3,32,11,37,47,27,122,10,80,90,212
05/19/2021,LRD,TX,ASW,CE,Federal Contract Tower,23,46,14,1,84,0,2,19,5,26,23,48,33,6,110,20,16,36,146
05/20/2021,LRD,TX,ASW,CE,Federal Contract Tower,9,41,21,25,96,0,3,25,7,35,9,44,46,32,131,0,252,252,383
05/21/2021,LRD,TX,ASW,CE,Federal Contract Tower,15,46,23,6,90,0,2,22,6,30,15,48,45,12,120,0,60,60,180
05/22/2021,LRD,TX,ASW,CE,Federal Contract Tower,8,33,11,8,60,0,4,18,0,22,8,37,29,8,82,0,0,0,82
05/23/2021,LRD,TX,ASW,CE,Federal Contract Tower,0,33,19,27,79,0,6,22,1,29,0,39,41,28,108,12,18,30,138
05/25/2021,LRD,TX,ASW,CE,Federal Contract Tower,14,47,24,46,131,0,0,27,4,31,14,47,51,50,162,10,260,270,432
05/26/2021,LRD,TX,ASW,CE,Federal Contract Tower,16,42,31,8,97,0,0,25,13,38,16,42,56,21,135,0,0,0,135
05/27/2021,LRD,TX,ASW,CE,Federal Contract Tower,13,41,24,1,79,0,0,28,5,33,13,41,52,6,112,0,106,106,218
05/28/2021,LRD,TX,ASW,CE,Federal Contract Tower,9,40,20,1,70,0,2,15,6,23,9,42,35,7,93,0,20,20,113
05/29/2021,LRD,TX,ASW,CE,Federal Contract Tower,3,27,8,0,38,0,0,16,1,17,3,27,24,1,55,10,0,10,65
05/30/2021,LRD,TX,ASW,CE,Federal Contract Tower,2,19,14,1,36,0,0,13,1,14,2,19,27,2,50,0,0,0,50
05/31/2021,LRD,TX,ASW,CE,Federal Contract Tower,5,32,28,0,65,0,0,12,2,14,5,32,40,2,79,0,0,0,79
06/01/2021,LRD,TX,ASW,CE,Federal Contract Tower,9,25,28,16,78,0,0,21,4,25,9,25,49,20,103,0,0,0,103
06/02/2021,LRD,TX,ASW,CE,Federal Contract Tower,17,38,16,14,85,0,0,20,18,38,17,38,36,32,123,40,0,40,163
06/03/2021,LRD,TX,ASW,CE,Federal Contract Tower,15,34,41,6,96,0,0,9,2,11,15,34,50,8,107,0,0,0,107
06/04/2021,LRD,TX,ASW,CE,Federal Contract Tower,17,49,21,8,95,0,2,21,4,27,17,51,42,12,122,0,0,0,122
06/05/2021,LRD,TX,ASW,CE,Federal Contract Tower,6,25,4,0,35,0,0,17,5,22,6,25,21,5,57,0,0,0,57
06/06/2021,LRD,TX,ASW,CE,Federal Contract Tower,8,19,18,22,67,0,6,20,1,27,8,25,38,23,94,0,0,0,94
06/07/2021,LRD,TX,ASW,CE,Federal Contract Tower,15,26,27,22,90,0,6,29,4,39,15,32,56,26,129,0,200,200,329
06/08/2021,LRD,TX,ASW,CE,Federal Contract Tower,24,44,19,13,100,0,1,26,5,32,24,45,45,18,132,0,130,130,262
06/09/2021,LRD,TX,ASW,CE,Federal Contract Tower,28,38,40,17,123,0,4,30,9,43,28,42,70,26,166,30,30,60,226
06/10/2021,LRD,TX,ASW,CE,Federal Contract Tower,22,36,25,8,91,0,8,25,4,37,22,44,50,12,128,0,0,0,128
06/11/2021,LRD,TX,ASW,CE,Federal Contract Tower,20,41,26,20,107,0,9,21,4,34,20,50,47,24,141,0,144,144,285
06/12/2021,LRD,TX,ASW,CE,Federal Contract Tower,8,19,9,0,36,0,5,40,1,46,8,24,49,1,82,0,0,0,82
06/13/2021,LRD,TX,ASW,CE,Federal Contract Tower,11,29,15,0,55,0,7,36,1,44,11,36,51,1,99,30,0,30,129
06/14/2021,LRD,TX,ASW,CE,Federal Contract Tower,17,25,11,12,65,0,1,24,1,26,17,26,35,13,91,34,150,184,275
06/15/2021,LRD,TX,ASW,CE,Federal Contract Tower,27,33,27,16,103,0,4,33,8,45,27,37,60,24,148,0,0,0,148
06/16/2021,LRD,TX,ASW,CE,Federal Contract Tower,25,31,18,20,94,0,5,32,5,42,25,36,50,25,136,22,34,56,192
06/17/2021,LRD,TX,ASW,CE,Federal Contract Tower,27,42,28,12,109,0,3,31,1,35,27,45,59,13,144,0,0,0,144
06/18/2021,LRD,TX,ASW,CE,Federal Contract Tower,17,39,25,3,84,0,0,32,4,36,17,39,57,7,120,10,10,20,140
06/19/2021,LRD,TX,ASW,CE,Federal Contract Tower,10,17,17,0,44,0,14,38,0,52,10,31,55,0,96,0,0,0,96
06/20/2021,LRD,TX,ASW,CE,Federal Contract Tower,7,15,6,2,30,0,4,12,2,18,7,19,18,4,48,0,0,0,48
06/21/2021,LRD,TX,ASW,CE,Federal Contract Tower,17,39,24,27,107,0,1,9,1,11,17,40,33,28,118,0,40,40,158
06/22/2021,LRD,TX,ASW,CE,Federal Contract Tower,18,37,36,2,93,0,3,18,4,25,18,40,54,6,118,0,0,0,118
06/23/2021,LRD,TX,ASW,CE,Federal Contract Tower,29,28,32,26,115,0,6,38,5,49,29,34,70,31,164,0,20,20,184
06/24/2021,LRD,TX,ASW,CE,Federal Contract Tower,17,37,25,25,104,0,4,14,2,20,17,41,39,27,124,0,60,60,184
06/25/2021,LRD,TX,ASW,CE,Federal Contract Tower,14,38,20,18,90,0,2,46,7,55,14,40,66,25,145,0,0,0,145
06/26/2021,LRD,TX,ASW,CE,Federal Contract Tower,9,23,15,1,48,0,3,31,1,35,9,26,46,2,83,0,0,0,83
06/27/2021,LRD,TX,ASW,CE,Federal Contract Tower,9,27,8,51,95,0,0,34,1,35,9,27,42,52,130,0,0,0,130
06/28/2021,LRD,TX,ASW,CE,Federal Contract Tower,16,36,19,12,83,0,2,20,5,27,16,38,39,17,110,0,220,220,330
06/29/2021,LRD,TX,ASW,CE,Federal Contract Tower,23,28,25,29,105,0,0,26,6,32,23,28,51,35,137,0,30,30,167
06/30/2021,LRD,TX,ASW,CE,Federal Contract Tower,21,33,18,18,90,0,0,26,13,39,21,33,44,31,129,0,10,10,139
07/01/2021,LRD,TX,ASW,CE,Federal Contract Tower,8,30,28,23,89,0,2,28,6,36,8,32,56,29,125,4,0,4,129
07/02/2021,LRD,TX,ASW,CE,Federal Contract Tower,17,19,29,1,66,0,1,30,4,35,17,20,59,5,101,20,0,20,121
07/03/2021,LRD,TX,ASW,CE,Federal Contract Tower,6,17,17,0,40,0,1,32,1,34,6,18,49,1,74,0,0,0,74
07/04/2021,LRD,TX,ASW,CE,Federal Contract Tower,6,14,17,0,37,0,0,36,1,37,6,14,53,1,74,0,0,0,74
07/05/2021,LRD,TX,ASW,CE,Federal Contract Tower,7,27,29,0,63,0,0,19,2,21,7,27,48,2,84,0,0,0,84
07/06/2021,LRD,TX,ASW,CE,Federal Contract Tower,15,32,13,1,61,0,0,19,3,22,15,32,32,4,83,0,10,10,93
07/07/2021,LRD,TX,ASW,CE,Federal Contract Tower,17,37,16,12,82,0,0,16,1,17,17,37,32,13,99,0,0,0,99
07/08/2021,LRD,TX,ASW,CE,Federal Contract Tower,17,38,19,6,80,0,0,4,0,4,17,38,23,6,84,0,0,0,84
07/09/2021,LRD,TX,ASW,CE,Federal Contract Tower,17,33,32,19,101,0,0,24,2,26,17,33,56,21,127,10,0,10,137
07/10/2021,LRD,TX,ASW,CE,Federal Contract Tower,10,19,16,10,55,0,0,17,1,18,10,19,33,11,73,0,0,0,73
07/11/2021,LRD,TX,ASW,CE,Federal Contract Tower,6,26,16,0,48,0,2,26,1,29,6,28,42,1,77,36,0,36,113
07/12/2021,LRD,TX,ASW,CE,Federal Contract Tower,13,36,19,33,101,0,0,28,2,30,13,36,47,35,131,60,60,120,251
07/13/2021,LRD,TX,ASW,CE,Federal Contract Tower,24,20,25,5,74,0,0,20,4,24,24,20,45,9,98,0,60,60,158
07/14/2021,LRD,TX,ASW,CE,Federal Contract Tower,18,39,22,16,95,0,0,33,15,48,18,39,55,31,143,0,30,30,173
07/15/2021,LRD,TX,ASW,CE,Federal Contract Tower,19,38,33,15,105,0,4,42,12,58,19,42,75,27,163,26,120,146,309
07/16/2021,LRD,TX,ASW,CE,Federal Contract Tower,14,25,19,5,63,0,0,30,4,34,14,25,49,9,97,0,6,6,103
07/17/2021,LRD,TX,ASW,CE,Federal Contract Tower,8,21,18,0,47,0,0,23,1,24,8,21,41,1,71,0,0,0,71
07/18/2021,LRD,TX,ASW,CE,Federal Contract Tower,8,19,11,2,40,0,2,18,1,21,8,21,29,3,61,0,0,0,61
07/19/2021,LRD,TX,ASW,CE,Federal Contract Tower,11,28,30,14,83,0,3,34,5,42,11,31,64,19,125,0,10,10,135
07/20/2021,LRD,TX,ASW,CE,Federal Contract Tower,19,27,21,0,67,0,0,32,4,36,19,27,53,4,103,0,10,10,113
07/21/2021,LRD,TX,ASW,CE,Federal Contract Tower,26,36,17,14,93,0,0,36,10,46,26,36,53,24,139,10,80,90,229
07/22/2021,LRD,TX,ASW,CE,Federal Contract Tower,14,36,23,4,77,0,0,29,5,34,14,36,52,9,111,32,2,34,145
07/23/2021,LRD,TX,ASW,CE,Federal Contract Tower,14,27,31,4,76,0,0,39,6,45,14,27,70,10,121,0,90,90,211
07/24/2021,LRD,TX,ASW,CE,Federal Contract Tower,7,29,5,4,45,0,6,28,5,39,7,35,33,9,84,16,0,16,100
07/25/2021,LRD,TX,ASW,CE,Federal Contract Tower,10,24,4,12,50,0,0,19,7,26,10,24,23,19,76,0,0,0,76
07/26/2021,LRD,TX,ASW,CE,Federal Contract Tower,14,24,18,19,75,0,0,31,5,36,14,24,49,24,111,0,40,40,151
07/27/2021,LRD,TX,ASW,CE,Federal Contract Tower,22,29,25,24,100,0,0,43,7,50,22,29,68,31,150,0,140,140,290
07/28/2021,LRD,TX,ASW,CE,Federal Contract Tower,25,47,20,14,106,0,5,41,6,52,25,52,61,20,158,20,120,140,298
07/29/2021,LRD,TX,ASW,CE,Federal Contract Tower,27,46,17,35,125,0,5,23,4,32,27,51,40,39,157,20,260,280,437
07/30/2021,LRD,TX,ASW,CE,Federal Contract Tower,19,45,16,16,96,0,0,38,2,40,19,45,54,18,136,6,46,52,188
07/31/2021,LRD,TX,ASW,CE,Federal Contract Tower,13,26,14,4,57,0,0,23,4,27,13,26,37,8,84,8,10,18,102
08/01/2021,LRD,TX,ASW,CE,Federal Contract Tower,16,21,24,10,71,0,0,15,1,16,16,21,39,11,87,0,0,0,87
08/02/2021,LRD,TX,ASW,CE,Federal Contract Tower,19,36,17,15,87,0,0,16,2,18,19,36,33,17,105,0,0,0,105
08/03/2021,LRD,TX,ASW,CE,Federal Contract Tower,32,37,15,0,84,0,0,25,5,30,32,37,40,5,114,0,0,0,114
08/04/2021,LRD,TX,ASW,CE,Federal Contract Tower,31,45,24,6,106,0,1,34,5,40,31,46,58,11,146,0,0,0,146
08/05/2021,LRD,TX,ASW,CE,Federal Contract Tower,22,44,15,6,87,0,3,24,4,31,22,47,39,10,118,0,0,0,118
08/06/2021,LRD,TX,ASW,CE,Federal Contract Tower,21,48,28,19,116,0,1,27,3,31,21,49,55,22,147,0,0,0,147
08/07/2021,LRD,TX,ASW,CE,Federal Contract Tower,11,27,13,4,55,0,0,33,2,35,11,27,46,6,90,10,0,10,100
08/08/2021,LRD,TX,ASW,CE,Federal Contract Tower,16,25,6,2,49,0,0,17,1,18,16,25,23,3,67,0,0,0,67
08/09/2021,LRD,TX,ASW,CE,Federal Contract Tower,17,33,11,18,79,0,3,32,3,38,17,36,43,21,117,0,124,124,241
08/10/2021,LRD,TX,ASW,CE,Federal Contract Tower,24,33,25,18,100,0,0,28,4,32,24,33,53,22,132,50,90,140,272
08/11/2021,LRD,TX,ASW,CE,Federal Contract Tower,22,53,27,20,122,0,1,22,3,26,22,54,49,23,148,0,110,110,258
08/12/2021,LRD,TX,ASW,CE,Federal Contract Tower,17,38,33,12,100,0,1,25,3,29,17,39,58,15,129,0,210,210,339
08/13/2021,LRD,TX,ASW,CE,Federal Contract Tower,15,37,26,11,89,0,0,37,2,39,15,37,63,13,128,0,80,80,208
08/14/2021,LRD,TX,ASW,CE,Federal Contract Tower,10,26,14,12,62,0,0,32,2,34,10,26,46,14,96,0,20,20,116
08/15/2021,LRD,TX,ASW,CE,Federal Contract Tower,10,30,14,23,77,0,1,33,2,36,10,31,47,25,113,0,10,10,123
08/16/2021,LRD,TX,ASW,CE,Federal Contract Tower,17,33,20,38,108,0,1,35,5,41,17,34,55,43,149,0,474,474,623
08/17/2021,LRD,TX,ASW,CE,Federal Contract Tower,24,37,47,47,155,0,0,34,4,38,24,37,81,51,193,0,220,220,413
08/18/2021,LRD,TX,ASW,CE,Federal Contract Tower,26,35,27,63,151,0,0,40,10,50,26,35,67,73,201,20,316,336,537
08/19/2021,LRD,TX,ASW,CE,Federal Contract Tower,27,38,34,25,124,0,6,26,5,37,27,44,60,30,161,0,50,50,211
08/20/2021,LRD,TX,ASW,CE,Federal Contract Tower,23,43,17,17,100,0,0,34,6,40,23,43,51,23,140,0,206,206,346
08/21/2021,LRD,TX,ASW,CE,Federal Contract Tower,17,30,7,5,59,0,0,32,1,33,17,30,39,6,92,34,0,34,126
08/22/2021,LRD,TX,ASW,CE,Federal Contract Tower,23,27,9,16,75,0,0,16,1,17,23,27,25,17,92,0,0,0,92
08/23/2021,LRD,TX,ASW,CE,Federal Contract Tower,19,38,30,10,97,0,0,33,5,38,19,38,63,15,135,0,146,146,281
08/24/2021,LRD,TX,ASW,CE,Federal Contract Tower,25,51,20,1,97,0,0,44,7,51,25,51,64,8,148,8,0,8,156
08/25/2021,LRD,TX,ASW,CE,Federal Contract Tower,28,47,27,14,116,0,0,33,5,38,28,47,60,19,154,0,80,80,234
08/26/2021,LRD,TX,ASW,CE,Federal Contract Tower,20,48,22,13,103,0,2,34,5,41,20,50,56,18,144,0,180,180,324
08/27/2021,LRD,TX,ASW,CE,Federal Contract Tower,21,45,15,10,91,0,0,19,5,24,21,45,34,15,115,0,242,242,357
08/28/2021,LRD,TX,ASW,CE,Federal Contract Tower,9,32,4,4,49,0,7,25,0,32,9,39,29,4,81,0,0,0,81
08/29/2021,LRD,TX,ASW,CE,Federal Contract Tower,13,29,11,10,63,0,6,20,2,28,13,35,31,12,91,0,0,0,91
08/30/2021,LRD,TX,ASW,CE,Federal Contract Tower,22,27,14,23,86,0,1,26,7,34,22,28,40,30,120,0,162,162,282
08/31/2021,LRD,TX,ASW,CE,Federal Contract Tower,23,34,27,18,102,0,0,43,5,48,23,34,70,23,150,0,132,132,282
09/01/2021,LRD,TX,ASW,CE,Federal Contract Tower,22,41,27,21,111,0,3,32,1,36,22,44,59,22,147,10,230,240,387
09/02/2021,LRD,TX,ASW,CE,Federal Contract Tower,15,41,19,22,97,0,0,38,5,43,15,41,57,27,140,0,170,170,310
09/03/2021,LRD,TX,ASW,CE,Federal Contract Tower,14,40,18,0,72,0,13,37,2,52,14,53,55,2,124,0,0,0,124
09/04/2021,LRD,TX,ASW,CE,Federal Contract Tower,8,27,2,0,37,0,0,31,3,34,8,27,33,3,71,0,0,0,71
09/05/2021,LRD,TX,ASW,CE,Federal Contract Tower,7,10,19,0,36,0,2,37,1,40,7,12,56,1,76,30,0,30,106
09/06/2021,LRD,TX,ASW,CE,Federal Contract Tower,15,28,13,0,56,0,6,21,3,30,15,34,34,3,86,0,50,50,136
09/07/2021,LRD,TX,ASW,CE,Federal Contract Tower,13,43,16,6,78,0,0,28,2,30,13,43,44,8,108,0,60,60,168
09/08/2021,LRD,TX,ASW,CE,Federal Contract Tower,28,35,23,10,96,0,0,30,4,34,28,35,53,14,130,0,90,90,220
09/09/2021,LRD,TX,ASW,CE,Federal Contract Tower,21,36,18,12,87,0,0,36,4,40,21,36,54,16,127,0,60,60,187
09/10/2021,LRD,TX,ASW,CE,Federal Contract Tower,15,42,9,10,76,0,0,34,2,36,15,42,43,12,112,0,40,40,152
09/11/2021,LRD,TX,ASW,CE,Federal Contract Tower,13,16,13,4,46,0,4,40,1,45,13,20,53,5,91,0,0,0,91
09/12/2021,LRD,TX,ASW,CE,Federal Contract Tower,7,26,16,3,52,0,5,13,2,20,7,31,29,5,72,0,6,6,78
09/13/2021,LRD,TX,ASW,CE,Federal Contract Tower,12,32,21,0,65,0,2,23,2,27,12,34,44,2,92,0,30,30,122
09/14/2021,LRD,TX,ASW,CE,Federal Contract Tower,15,46,36,12,109,0,2,24,2,28,15,48,60,14,137,0,90,90,227
09/15/2021,LRD,TX,ASW,CE,Federal Contract Tower,23,33,22,19,97,0,0,27,4,31,23,33,49,23,128,26,284,310,438
09/16/2021,LRD,TX,ASW,CE,Federal Contract Tower,18,45,14,7,84,0,0,47,2,49,18,45,61,9,133,40,100,140,273
09/17/2021,LRD,TX,ASW,CE,Federal Contract Tower,11,39,24,8,82,0,0,29,4,33,11,39,53,12,115,18,136,154,269
09/18/2021,LRD,TX,ASW,CE,Federal Contract Tower,15,24,8,4,51,0,0,21,0,21,15,24,29,4,72,0,0,0,72
09/19/2021,LRD,TX,ASW,CE,Federal Contract Tower,21,20,25,2,68,0,0,13,3,16,21,20,38,5,84,0,0,0,84
09/20/2021,LRD,TX,ASW,CE,Federal Contract Tower,17,32,22,9,80,0,0,30,0,30,17,32,52,9,110,0,150,150,260
09/21/2021,LRD,TX,ASW,CE,Federal Contract Tower,30,38,12,4,84,0,0,23,2,25,30,38,35,6,109,10,110,120,229
09/22/2021,LRD,TX,ASW,CE,Federal Contract Tower,34,48,17,4,103,0,0,23,2,25,34,48,40,6,128,0,6,6,134
09/23/2021,LRD,TX,ASW,CE,Federal Contract Tower,29,50,12,10,101,0,0,32,2,34,29,50,44,12,135,0,180,180,315
09/24/2021,LRD,TX,ASW,CE,Federal Contract Tower,19,38,18,11,86,0,0,22,5,27,19,38,40,16,113,6,140,146,259
09/25/2021,LRD,TX,ASW,CE,Federal Contract Tower,20,26,15,0,61,0,0,21,2,23,20,26,36,2,84,0,0,0,84
09/26/2021,LRD,TX,ASW,CE,Federal Contract Tower,22,17,11,0,50,0,0,14,1,15,22,17,25,1,65,4,0,4,69
09/27/2021,LRD,TX,ASW,CE,Federal Contract Tower,31,31,23,26,111,0,0,25,5,30,31,31,48,31,141,0,52,52,193
09/28/2021,LRD,TX,ASW,CE,Federal Contract Tower,27,39,24,6,96,0,0,35,9,44,27,39,59,15,140,8,56,64,204
09/29/2021,LRD,TX,ASW,CE,Federal Contract Tower,30,33,35,7,105,0,0,18,0,18,30,33,53,7,123,0,22,22,145
09/30/2021,LRD,TX,ASW,CE,Federal Contract Tower,25,40,22,15,102,0,1,27,2,30,25,41,49,17,132,0,44,44,176
10/01/2021,LRD,TX,ASW,CE,Federal Contract Tower,23,33,28,16,100,0,0,26,1,27,23,33,54,17,127,0,20,20,147
10/02/2021,LRD,TX,ASW,CE,Federal Contract Tower,13,23,10,6,52,0,0,22,1,23,13,23,32,7,75,0,0,0,75
10/03/2021,LRD,TX,ASW,CE,Federal Contract Tower,14,17,18,6,55,0,0,21,1,22,14,17,39,7,77,0,0,0,77
10/04/2021,LRD,TX,ASW,CE,Federal Contract Tower,26,35,18,6,85,0,0,20,5,25,26,35,38,11,110,0,24,24,134
10/05/2021,LRD,TX,ASW,CE,Federal Contract Tower,32,34,10,4,80,0,2,53,4,59,32,36,63,8,139,0,26,26,165
10/06/2021,LRD,TX,ASW,CE,Federal Contract Tower,26,54,17,22,119,0,1,34,8,43,26,55,51,30,162,16,114,130,292
10/07/2021,LRD,TX,ASW,CE,Federal Contract Tower,28,47,27,13,115,0,2,32,1,35,28,49,59,14,150,8,14,22,172
10/08/2021,LRD,TX,ASW,CE,Federal Contract Tower,32,38,22,10,102,0,0,33,6,39,32,38,55,16,141,20,108,128,269
10/09/2021,LRD,TX,ASW,CE,Federal Contract Tower,24,33,6,0,63,0,0,34,6,40,24,33,40,6,103,0,0,0,103
10/10/2021,LRD,TX,ASW,CE,Federal Contract Tower,22,32,14,3,71,0,1,19,5,25,22,33,33,8,96,0,0,0,96
10/11/2021,LRD,TX,ASW,CE,Federal Contract Tower,30,59,51,2,142,0,0,19,3,22,30,59,70,5,164,0,0,0,164
10/12/2021,LRD,TX,ASW,CE,Federal Contract Tower,27,56,19,4,106,0,5,21,0,26,27,61,40,4,132,0,24,24,156
10/13/2021,LRD,TX,ASW,CE,Federal Contract Tower,28,41,24,5,98,0,2,25,1,28,28,43,49,6,126,16,4,20,146
10/14/2021,LRD,TX,ASW,CE,Federal Contract Tower,33,46,33,21,133,0,0,33,2,35,33,46,66,23,168,14,2,16,184
10/15/2021,LRD,TX,ASW,CE,Federal Contract Tower,26,48,23,0,97,0,0,19,1,20,26,48,42,1,117,0,0,0,117
10/16/2021,LRD,TX,ASW,CE,Federal Contract Tower,23,30,16,6,75,0,0,21,0,21,23,30,37,6,96,0,20,20,116
10/17/2021,LRD,TX,ASW,CE,Federal Contract Tower,25,26,18,0,69,0,6,24,1,31,25,32,42,1,100,0,0,0,100
10/18/2021,LRD,TX,ASW,CE,Federal Contract Tower,18,43,21,23,105,0,1,42,4,47,18,44,63,27,152,0,176,176,328
10/19/2021,LRD,TX,ASW,CE,Federal Contract Tower,31,55,20,22,128,0,0,33,4,37,31,55,53,26,165,8,74,82,247
10/20/2021,LRD,TX,ASW,CE,Federal Contract Tower,34,62,43,24,163,0,0,27,2,29,34,62,70,26,192,3,64,67,259
10/21/2021,LRD,TX,ASW,CE,Federal Contract Tower,35,52,24,16,127,0,1,45,8,54,35,53,69,24,181,0,36,36,217
10/22/2021,LRD,TX,ASW,CE,Federal Contract Tower,24,53,33,9,119,0,0,37,1,38,24,53,70,10,157,0,190,190,347
10/23/2021,LRD,TX,ASW,CE,Federal Contract Tower,23,22,26,0,71,0,0,19,0,19,23,22,45,0,90,2,0,2,92
10/24/2021,LRD,TX,ASW,CE,Federal Contract Tower,24,27,24,4,79,0,0,26,1,27,24,27,50,5,106,4,0,4,110
10/25/2021,LRD,TX,ASW,CE,Federal Contract Tower,24,40,26,9,99,0,3,33,1,37,24,43,59,10,136,0,2,2,138
10/26/2021,LRD,TX,ASW,CE,Federal Contract Tower,30,36,23,20,109,0,1,37,5,43,30,37,60,25,152,12,60,72,224
10/27/2021,LRD,TX,ASW,CE,Federal Contract Tower,29,43,23,0,95,0,6,40,7,53,29,49,63,7,148,0,8,8,156
10/28/2021,LRD,TX,ASW,CE,Federal Contract Tower,34,50,17,12,113,0,1,49,7,57,34,51,66,19,170,8,140,148,318
10/29/2021,LRD,TX,ASW,CE,Federal Contract Tower,19,52,23,22,116,0,0,44,9,53,19,52,67,31,169,24,332,356,525
10/30/2021,LRD,TX,ASW,CE,Federal Contract Tower,21,30,19,0,70,0,0,25,5,30,21,30,44,5,100,20,0,20,120
10/31/2021,LRD,TX,ASW,CE,Federal Contract Tower,23,27,24,0,74,0,0,22,1,23,23,27,46,1,97,0,0,0,97
11/01/2021,LRD,TX,ASW,CE,Federal Contract Tower,20,33,13,19,85,0,0,18,4,22,20,33,31,23,107,0,102,102,209
11/02/2021,LRD,TX,ASW,CE,Federal Contract Tower,17,52,33,38,140,0,0,39,2,41,17,52,72,40,181,24,254,278,459
11/03/2021,LRD,TX,ASW,CE,Federal Contract Tower,25,70,26,21,142,0,1,18,3,22,25,71,44,24,164,0,46,46,210
11/04/2021,LRD,TX,ASW,CE,Federal Contract Tower,26,50,34,14,124,0,9,7,0,16,26,59,41,14,140,0,0,0,140
11/05/2021,LRD,TX,ASW,CE,Federal Contract Tower,22,44,26,16,108,0,5,16,5,26,22,49,42,21,134,0,22,22,156
11/06/2021,LRD,TX,ASW,CE,Federal Contract Tower,26,37,9,0,72,0,1,30,2,33,26,38,39,2,105,4,0,4,109
11/07/2021,LRD,TX,ASW,CE,Federal Contract Tower,29,32,27,10,98,0,6,21,1,28,29,38,48,11,126,8,0,8,134
11/08/2021,LRD,TX,ASW,CE,Federal Contract Tower,26,51,38,22,137,0,1,29,2,32,26,52,67,24,169,6,38,44,213
11/09/2021,LRD,TX,ASW,CE,Federal Contract Tower,25,60,21,22,128,0,0,16,7,23,25,60,37,29,151,6,70,76,227
11/10/2021,LRD,TX,ASW,CE,Federal Contract Tower,23,50,28,2,103,0,0,32,15,47,23,50,60,17,150,2,20,22,172
11/11/2021,LRD,TX,ASW,CE,Federal Contract Tower,32,41,42,1,116,0,11,39,5,55,32,52,81,6,171,8,0,8,179
11/12/2021,LRD,TX,ASW,CE,Federal Contract Tower,20,45,19,6,90,0,2,31,7,40,20,47,50,13,130,0,0,0,130
11/13/2021,LRD,TX,ASW,CE,Federal Contract Tower,18,37,16,0,71,0,0,26,5,31,18,37,42,5,102,0,0,0,102
11/14/2021,LRD,TX,ASW,CE,Federal Contract Tower,15,32,21,0,68,0,1,34,1,36,15,33,55,1,104,10,0,10,114
11/15/2021,LRD,TX,ASW,CE,Federal Contract Tower,20,41,8,11,80,0,0,22,2,24,20,41,30,13,104,0,24,24,128
11/16/2021,LRD,TX,ASW,CE,Federal Contract Tower,29,47,19,27,122,0,0,40,4,44,29,47,59,31,166,0,70,70,236
11/17/2021,LRD,TX,ASW,CE,Federal Contract Tower,32,47,30,16,125,0,0,38,3,41,32,47,68,19,166,0,138,138,304
11/18/2021,LRD,TX,ASW,CE,Federal Contract Tower,39,44,21,18,122,0,3,23,1,27,39,47,44,19,149,0,0,0,149
11/19/2021,LRD,TX,ASW,CE,Federal Contract Tower,31,51,36,2,120,0,1,47,6,54,31,52,83,8,174,14,0,14,188
11/20/2021,LRD,TX,ASW,CE,Federal Contract Tower,24,44,28,0,96,0,0,29,8,37,24,44,57,8,133,18,16,34,167
11/21/2021,LRD,TX,ASW,CE,Federal Contract Tower,14,28,23,9,74,0,0,17,2,19,14,28,40,11,93,0,0,0,93
11/22/2021,LRD,TX,ASW,CE,Federal Contract Tower,27,60,23,10,120,0,0,25,8,33,27,60,48,18,153,0,0,0,153
11/23/2021,LRD,TX,ASW,CE,Federal Contract Tower,27,50,25,5,107,0,2,29,6,37,27,52,54,11,144,0,0,0,144
11/24/2021,LRD,TX,ASW,CE,Federal Contract Tower,23,56,13,0,92,0,5,18,2,25,23,61,31,2,117,0,0,0,117
11/25/2021,LRD,TX,ASW,CE,Federal Contract Tower,16,33,4,0,53,0,6,12,0,18,16,39,16,0,71,0,0,0,71
11/26/2021,LRD,TX,ASW,CE,Federal Contract Tower,16,30,9,0,55,0,0,23,3,26,16,30,32,3,81,0,0,0,81
11/27/2021,LRD,TX,ASW,CE,Federal Contract Tower,19,30,20,0,69,0,0,14,0,14,19,30,34,0,83,0,0,0,83
11/28/2021,LRD,TX,ASW,CE,Federal Contract Tower,14,36,35,10,95,0,0,24,1,25,14,36,59,11,120,0,4,4,124
11/29/2021,LRD,TX,ASW,CE,Federal Contract Tower,20,50,44,14,128,0,0,35,5,40,20,50,79,19,168,0,28,28,196
11/30/2021,LRD,TX,ASW,CE,Federal Contract Tower,23,49,25,18,115,0,3,33,8,44,23,52,58,26,159,14,4,18,177
12/01/2021,LRD,TX,ASW,CE,Federal Contract Tower,22,58,16,20,116,0,6,35,9,50,22,64,51,29,166,8,66,74,240
12/02/2021,LRD,TX,ASW,CE,Federal Contract Tower,33,46,28,9,116,0,1,34,12,47,33,47,62,21,163,0,50,50,213
12/03/2021,LRD,TX,ASW,CE,Federal Contract Tower,22,56,23,24,125,0,8,36,4,48,22,64,59,28,173,0,68,68,241
12/04/2021,LRD,TX,ASW,CE,Federal Contract Tower,22,26,34,2,84,0,9,29,6,44,22,35,63,8,128,0,0,0,128
12/05/2021,LRD,TX,ASW,CE,Federal Contract Tower,17,32,29,4,82,0,0,19,3,22,17,32,48,7,104,0,0,0,104
12/06/2021,LRD,TX,ASW,CE,Federal Contract Tower,22,46,23,10,101,0,7,21,3,31,22,53,44,13,132,0,0,0,132
12/07/2021,LRD,TX,ASW,CE,Federal Contract Tower,26,56,26,13,121,0,0,35,7,42,26,56,61,20,163,12,140,152,315
12/08/2021,LRD,TX,ASW,CE,Federal Contract Tower,19,62,30,14,125,0,6,20,5,31,19,68,50,19,156,0,98,98,254
12/09/2021,LRD,TX,ASW,CE,Federal Contract Tower,34,43,37,17,131,0,2,41,3,46,34,45,78,20,177,18,78,96,273
12/10/2021,LRD,TX,ASW,CE,Federal Contract Tower,22,46,48,18,134,0,8,42,4,54,22,54,90,22,188,0,32,32,220
12/11/2021,LRD,TX,ASW,CE,Federal Contract Tower,32,31,24,0,87,1,13,26,0,40,33,44,50,0,127,0,0,0,127
12/12/2021,LRD,TX,ASW,CE,Federal Contract Tower,25,33,27,0,85,0,0,28,1,29,25,33,55,1,114,8,0,8,122
12/13/2021,LRD,TX,ASW,CE,Federal Contract Tower,20,42,18,12,92,0,1,21,2,24,20,43,39,14,116,0,0,0,116
12/14/2021,LRD,TX,ASW,CE,Federal Contract Tower,32,37,34,5,108,0,0,36,5,41,32,37,70,10,149,0,10,10,159
12/15/2021,LRD,TX,ASW,CE,Federal Contract Tower,39,59,40,38,176,0,4,17,8,29,39,63,57,46,205,0,150,150,355
12/16/2021,LRD,TX,ASW,CE,Federal Contract Tower,45,63,33,21,162,0,0,29,5,34,45,63,62,26,196,0,52,52,248
12/17/2021,LRD,TX,ASW,CE,Federal Contract Tower,35,63,23,1,122,0,0,17,4,21,35,63,40,5,143,0,0,0,143
12/18/2021,LRD,TX,ASW,CE,Federal Contract Tower,30,51,25,1,107,0,0,13,0,13,30,51,38,1,120,0,0,0,120
12/19/2021,LRD,TX,ASW,CE,Federal Contract Tower,30,50,23,0,103,0,0,8,0,8,30,50,31,0,111,0,0,0,111
12/20/2021,LRD,TX,ASW,CE,Federal Contract Tower,23,60,31,8,122,0,1,24,5,30,23,61,55,13,152,0,0,0,152
12/21/2021,LRD,TX,ASW,CE,Federal Contract Tower,32,72,26,5,135,0,4,33,4,41,32,76,59,9,176,0,128,128,304
12/22/2021,LRD,TX,ASW,CE,Federal Contract Tower,34,52,15,7,108,0,0,36,3,39,34,52,51,10,147,10,78,88,235
12/23/2021,LRD,TX,ASW,CE,Federal Contract Tower,29,39,30,0,98,0,0,26,7,33,29,39,56,7,131,12,4,16,147
12/24/2021,LRD,TX,ASW,CE,Federal Contract Tower,15,18,5,1,39,0,8,23,4,35,15,26,28,5,74,0,0,0,74
12/25/2021,LRD,TX,ASW,CE,Federal Contract Tower,3,22,5,0,30,0,16,12,0,28,3,38,17,0,58,0,0,0,58
12/26/2021,LRD,TX,ASW,CE,Federal Contract Tower,9,33,29,2,73,0,2,22,1,25,9,35,51,3,98,0,0,0,98
12/27/2021,LRD,TX,ASW,CE,Federal Contract Tower,11,27,24,0,62,0,5,30,3,38,11,32,54,3,100,2,0,2,102
12/28/2021,LRD,TX,ASW,CE,Federal Contract Tower,18,30,21,0,69,0,0,28,1,29,18,30,49,1,98,0,0,0,98
12/29/2021,LRD,TX,ASW,CE,Federal Contract Tower,22,31,18,2,73,0,4,15,1,20,22,35,33,3,93,0,0,0,93
12/30/2021,LRD,TX,ASW,CE,Federal Contract Tower,23,28,25,0,76,0,0,27,1,28,23,28,52,1,104,0,0,0,104
12/31/2021,LRD,TX,ASW,CE,Federal Contract Tower,14,21,14,0,49,0,8,19,1,28,14,29,33,1,77,16,0,16,93
01/01/2022,LRD,TX,ASW,CE,Federal Contract Tower,4,12,19,0,35,0,3,17,1,21,4,15,36,1,56,0,0,0,56
01/02/2022,LRD,TX,ASW,CE,Federal Contract Tower,7,13,23,0,43,0,0,12,0,12,7,13,35,0,55,0,0,0,55
01/03/2022,LRD,TX,ASW,CE,Federal Contract Tower,10,27,27,0,64,0,0,26,2,28,10,27,53,2,92,0,0,0,92
01/04/2022,LRD,TX,ASW,CE,Federal Contract Tower,21,31,17,5,74,0,9,29,3,41,21,40,46,8,115,0,0,0,115
01/05/2022,LRD,TX,ASW,CE,Federal Contract Tower,26,32,33,12,103,0,0,24,2,26,26,32,57,14,129,0,28,28,157
01/06/2022,LRD,TX,ASW,CE,Federal Contract Tower,34,33,16,6,89,0,1,23,11,35,34,34,39,17,124,0,34,34,158
01/07/2022,LRD,TX,ASW,CE,Federal Contract Tower,28,44,16,2,90,0,1,10,2,13,28,45,26,4,103,0,20,20,123
01/08/2022,LRD,TX,ASW,CE,Federal Contract Tower,17,20,21,0,58,0,0,8,2,10,17,20,29,2,68,0,1,1,69
01/09/2022,LRD,TX,ASW,CE,Federal Contract Tower,21,26,17,4,68,0,9,13,1,23,21,35,30,5,91,0,0,0,91
01/10/2022,LRD,TX,ASW,CE,Federal Contract Tower,22,37,16,13,88,0,0,33,1,34,22,37,49,14,122,0,52,52,174
01/11/2022,LRD,TX,ASW,CE,Federal Contract Tower,36,35,32,17,120,0,0,14,3,17,36,35,46,20,137,0,142,142,279
01/12/2022,LRD,TX,ASW,CE,Federal Contract Tower,27,35,17,5,84,0,4,28,3,35,27,39,45,8,119,0,44,44,163
01/13/2022,LRD,TX,ASW,CE,Federal Contract Tower,33,40,42,7,122,0,1,23,7,31,33,41,65,14,153,0,22,22,175
01/14/2022,LRD,TX,ASW,CE,Federal Contract Tower,23,42,21,15,101,0,1,37,3,41,23,43,58,18,142,0,74,74,216
01/15/2022,LRD,TX,ASW,CE,Federal Contract Tower,13,29,2,0,44,0,0,17,0,17,13,29,19,0,61,0,0,0,61
01/16/2022,LRD,TX,ASW,CE,Federal Contract Tower,5,28,28,2,63,0,1,27,1,29,5,29,55,3,92,14,0,14,106
01/17/2022,LRD,TX,ASW,CE,Federal Contract Tower,18,33,34,0,85,0,7,24,2,33,18,40,58,2,118,0,0,0,118
01/18/2022,LRD,TX,ASW,CE,Federal Contract Tower,37,43,19,26,125,0,0,29,4,33,37,43,48,30,158,0,98,98,256
01/19/2022,LRD,TX,ASW,CE,Federal Contract Tower,36,46,21,9,112,0,1,27,3,31,36,47,48,12,143,0,40,40,183
01/20/2022,LRD,TX,ASW,CE,Federal Contract Tower,36,33,32,2,103,0,0,14,2,16,36,33,46,4,119,0,10,10,129
01/21/2022,LRD,TX,ASW,CE,Federal Contract Tower,24,42,14,2,82,0,10,13,4,27,24,52,27,6,109,0,0,0,109
01/22/2022,LRD,TX,ASW,CE,Federal Contract Tower,20,27,12,4,63,0,2,17,1,20,20,29,29,5,83,0,0,0,83
01/23/2022,LRD,TX,ASW,CE,Federal Contract Tower,8,27,28,6,69,0,0,25,0,25,8,27,53,6,94,6,0,6,100
01/24/2022,LRD,TX,ASW,CE,Federal Contract Tower,19,33,14,10,76,0,0,8,1,9,19,33,22,11,85,0,0,0,85
01/25/2022,LRD,TX,ASW,CE,Federal Contract Tower,31,48,20,21,120,0,2,19,1,22,31,50,39,22,142,18,28,46,188
01/26/2022,LRD,TX,ASW,CE,Federal Contract Tower,31,32,20,10,93,0,0,22,6,28,31,32,42,16,121,20,96,116,237
01/27/2022,LRD,TX,ASW,CE,Federal Contract Tower,37,57,27,1,122,0,0,17,1,18,37,57,44,2,140,0,12,12,152
01/28/2022,LRD,TX,ASW,CE,Federal Contract Tower,32,41,19,3,95,0,9,25,1,35,32,50,44,4,130,0,0,0,130
01/29/2022,LRD,TX,ASW,CE,Federal Contract Tower,32,25,14,0,71,0,0,33,3,36,32,25,47,3,107,22,14,36,143
01/30/2022,LRD,TX,ASW,CE,Federal Contract Tower,26,28,18,2,74,0,0,20,1,21,26,28,38,3,95,14,0,14,109
01/31/2022,LRD,TX,ASW,CE,Federal Contract Tower,34,38,11,20,103,0,0,25,6,31,34,38,36,26,134,0,110,110,244
02/01/2022,LRD,TX,ASW,CE,Federal Contract Tower,31,54,24,19,128,0,4,30,4,38,31,58,54,23,166,6,108,114,280
02/02/2022,LRD,TX,ASW,CE,Federal Contract Tower,34,50,22,14,120,0,0,15,7,22,34,50,37,21,142,0,16,16,158
02/03/2022,LRD,TX,ASW,CE,Federal Contract Tower,22,33,18,2,75,0,0,15,6,21,22,33,33,8,96,0,6,6,102
02/04/2022,LRD,TX,ASW,CE,Federal Contract Tower,30,43,22,3,98,0,6,32,4,42,30,49,54,7,140,12,40,52,192
02/05/2022,LRD,TX,ASW,CE,Federal Contract Tower,25,26,8,0,59,0,0,42,3,45,25,26,50,3,104,16,4,20,124
02/06/2022,LRD,TX,ASW,CE,Federal Contract Tower,27,35,16,2,80,0,0,30,3,33,27,35,46,5,113,30,20,50,163
02/07/2022,LRD,TX,ASW,CE,Federal Contract Tower,20,40,21,7,88,0,1,32,6,39,20,41,53,13,127,0,54,54,181
02/08/2022,LRD,TX,ASW,CE,Federal Contract Tower,47,50,26,6,129,0,0,42,4,46,47,50,68,10,175,26,28,54,229
02/09/2022,LRD,TX,ASW,CE,Federal Contract Tower,33,51,32,6,122,0,1,37,3,41,33,52,69,9,163,34,0,34,197
02/10/2022,LRD,TX,ASW,CE,Federal Contract Tower,30,44,33,8,115,0,1,46,8,55,30,45,79,16,170,6,56,62,232
02/11/2022,LRD,TX,ASW,CE,Federal Contract Tower,26,35,22,14,97,0,0,30,8,38,26,35,52,22,135,0,116,116,251
02/12/2022,LRD,TX,ASW,CE,Federal Contract Tower,25,23,13,0,61,0,3,14,1,18,25,26,27,1,79,8,0,8,87
02/13/2022,LRD,TX,ASW,CE,Federal Contract Tower,24,25,14,6,69,0,1,28,1,30,24,26,42,7,99,0,0,0,99
02/14/2022,LRD,TX,ASW,CE,Federal Contract Tower,26,27,27,15,95,0,5,24,4,33,26,32,51,19,128,0,16,16,144
02/15/2022,LRD,TX,ASW,CE,Federal Contract Tower,33,32,24,22,111,0,2,31,4,37,33,34,55,26,148,0,174,174,322
02/16/2022,LRD,TX,ASW,CE,Federal Contract Tower,31,35,31,23,120,0,6,30,10,46,31,41,61,33,166,20,196,216,382
02/17/2022,LRD,TX,ASW,CE,Federal Contract Tower,21,41,30,14,106,0,0,24,7,31,21,41,54,21,137,0,94,94,231
02/18/2022,LRD,TX,ASW,CE,Federal Contract Tower,33,26,26,10,95,0,3,34,3,40,33,29,60,13,135,2,68,70,205
02/19/2022,LRD,TX,ASW,CE,Federal Contract Tower,24,27,8,2,61,0,0,24,1,25,24,27,32,3,86,18,0,18,104
02/20/2022,LRD,TX,ASW,CE,Federal Contract Tower,22,23,20,0,65,0,4,21,2,27,22,27,41,2,92,0,0,0,92
02/21/2022,LRD,TX,ASW,CE,Federal Contract Tower,27,34,29,0,90,0,0,22,4,26,27,34,51,4,116,0,0,0,116
02/22/2022,LRD,TX,ASW,CE,Federal Contract Tower,34,45,22,7,108,0,1,34,4,39,34,46,56,11,147,64,0,64,211
02/23/2022,LRD,TX,ASW,CE,Federal Contract Tower,31,34,32,8,105,0,0,6,2,8,31,34,38,10,113,0,22,22,135
02/24/2022,LRD,TX,ASW,CE,Federal Contract Tower,34,36,19,13,102,0,0,12,0,12,34,36,31,13,114,0,0,0,114
02/25/2022,LRD,TX,ASW,CE,Federal Contract Tower,20,50,23,3,96,0,0,7,0,7,20,50,30,3,103,0,0,0,103
02/26/2022,LRD,TX,ASW,CE,Federal Contract Tower,20,22,10,0,52,0,1,8,0,9,20,23,18,0,61,14,0,14,75
02/27/2022,LRD,TX,ASW,CE,Federal Contract Tower,22,18,8,1,49,0,0,11,2,13,22,18,19,3,62,0,0,0,62
02/28/2022,LRD,TX,ASW,CE,Federal Contract Tower,21,36,16,7,80,0,0,31,4,35,21,36,47,11,115,0,0,0,115
03/01/2022,LRD,TX,ASW,CE,Federal Contract Tower,30,53,23,4,110,0,0,35,4,39,30,53,58,8,149,26,0,26,175
03/02/2022,LRD,TX,ASW,CE,Federal Contract Tower,35,27,36,14,112,0,1,43,6,50,35,28,79,20,162,74,30,104,266
03/03/2022,LRD,TX,ASW,CE,Federal Contract Tower,41,37,26,4,108,0,0,15,7,22,41,37,41,11,130,0,30,30,160
03/04/2022,LRD,TX,ASW,CE,Federal Contract Tower,30,33,29,12,104,0,2,28,4,34,30,35,57,16,138,0,104,104,242
03/05/2022,LRD,TX,ASW,CE,Federal Contract Tower,16,28,10,0,54,0,2,27,0,29,16,30,37,0,83,14,0,14,97
03/06/2022,LRD,TX,ASW,CE,Federal Contract Tower,32,27,15,9,83,0,4,15,2,21,32,31,30,11,104,0,0,0,104
03/07/2022,LRD,TX,ASW,CE,Federal Contract Tower,22,22,20,16,80,0,1,33,2,36,22,23,53,18,116,0,32,32,148
03/08/2022,LRD,TX,ASW,CE,Federal Contract Tower,33,33,28,32,126,0,0,26,6,32,33,33,54,38,158,18,124,142,300
03/09/2022,LRD,TX,ASW,CE,Federal Contract Tower,26,39,36,20,121,0,6,32,4,42,26,45,68,24,163,0,10,10,173
03/10/2022,LRD,TX,ASW,CE,Federal Contract Tower,36,46,28,10,120,0,3,32,2,37,36,49,60,12,157,0,58,58,215
03/11/2022,LRD,TX,ASW,CE,Federal Contract Tower,27,39,47,13,126,0,0,19,2,21,27,39,66,15,147,0,10,10,157
03/12/2022,LRD,TX,ASW,CE,Federal Contract Tower,19,40,25,3,87,0,6,30,9,45,19,46,55,12,132,8,8,16,148
03/13/2022,LRD,TX,ASW,CE,Federal Contract Tower,23,17,19,2,61,0,0,21,1,22,23,17,40,3,83,0,0,0,83
03/14/2022,LRD,TX,ASW,CE,Federal Contract Tower,33,41,15,30,119,0,0,21,2,23,33,41,36,32,142,18,152,170,312
03/15/2022,LRD,TX,ASW,CE,Federal Contract Tower,38,36,25,17,116,0,0,37,3,40,38,36,62,20,156,24,96,120,276
03/16/2022,LRD,TX,ASW,CE,Federal Contract Tower,36,39,21,6,102,0,2,24,6,32,36,41,45,12,134,0,18,18,152
03/17/2022,LRD,TX,ASW,CE,Federal Contract Tower,48,49,20,27,144,0,0,22,10,32,48,49,42,37,176,0,18,18,194
03/18/2022,LRD,TX,ASW,CE,Federal Contract Tower,30,42,33,2,107,0,1,17,6,24,30,43,50,8,131,0,0,0,131
03/19/2022,LRD,TX,ASW,CE,Federal Contract Tower,29,33,33,0,95,0,10,26,1,37,29,43,59,1,132,26,0,26,158
03/20/2022,LRD,TX,ASW,CE,Federal Contract Tower,19,24,36,2,81,1,6,32,1,40,20,30,68,3,121,0,0,0,121
03/21/2022,LRD,TX,ASW,CE,Federal Contract Tower,27,30,13,35,105,0,0,21,1,22,27,30,34,36,127,0,8,8,135
03/22/2022,LRD,TX,ASW,CE,Federal Contract Tower,32,32,27,2,93,0,3,36,3,42,32,35,63,5,135,0,16,16,151
03/23/2022,LRD,TX,ASW,CE,Federal Contract Tower,47,35,37,12,131,0,0,37,8,45,47,35,74,20,176,16,112,128,304
03/24/2022,LRD,TX,ASW,CE,Federal Contract Tower,41,47,26,11,125,0,2,29,4,35,41,49,55,15,160,0,18,18,178
03/25/2022,LRD,TX,ASW,CE,Federal Contract Tower,27,39,22,10,98,0,6,26,4,36,27,45,48,14,134,0,44,44,178
03/26/2022,LRD,TX,ASW,CE,Federal Contract Tower,33,24,15,0,72,0,0,27,2,29,33,24,42,2,101,4,0,4,105
03/27/2022,LRD,TX,ASW,CE,Federal Contract Tower,35,23,36,6,100,0,0,26,1,27,35,23,62,7,127,6,0,6,133
03/28/2022,LRD,TX,ASW,CE,Federal Contract Tower,33,32,13,2,80,0,1,35,2,38,33,33,48,4,118,6,18,24,142
03/29/2022,LRD,TX,ASW,CE,Federal Contract Tower,30,39,16,31,116,0,0,8,6,14,30,39,24,37,130,0,68,68,198
03/30/2022,LRD,TX,ASW,CE,Federal Contract Tower,39,46,22,5,112,0,0,23,6,29,39,46,45,11,141,0,24,24,165
03/31/2022,LRD,TX,ASW,CE,Federal Contract Tower,46,39,36,11,132,0,7,36,10,53,46,46,72,21,185,0,28,28,213
04/01/2022,LRD,TX,ASW,CE,Federal Contract Tower,28,21,35,8,92,0,0,28,11,39,28,21,63,19,131,0,0,0,131
04/02/2022,LRD,TX,ASW,CE,Federal Contract Tower,22,15,15,14,66,0,5,18,5,28,22,20,33,19,94,0,10,10,104
04/03/2022,LRD,TX,ASW,CE,Federal Contract Tower,34,24,15,0,73,2,2,12,3,19,36,26,27,3,92,0,0,0,92
04/04/2022,LRD,TX,ASW,CE,Federal Contract Tower,39,26,18,13,96,2,0,13,1,16,41,26,31,14,112,0,38,38,150
04/05/2022,LRD,TX,ASW,CE,Federal Contract Tower,32,54,26,26,138,6,0,22,8,36,38,54,48,34,174,20,90,110,284
04/06/2022,LRD,TX,ASW,CE,Federal Contract Tower,42,46,22,6,116,6,0,29,6,41,48,46,51,12,157,0,0,0,157
04/07/2022,LRD,TX,ASW,CE,Federal Contract Tower,50,38,38,14,140,2,0,20,9,31,52,38,58,23,171,0,64,64,235
04/08/2022,LRD,TX,ASW,CE,Federal Contract Tower,38,41,30,11,120,2,6,39,6,53,40,47,69,17,173,40,12,52,225
04/09/2022,LRD,TX,ASW,CE,Federal Contract Tower,24,28,11,0,63,0,5,20,2,27,24,33,31,2,90,4,0,4,94
04/10/2022,LRD,TX,ASW,CE,Federal Contract Tower,27,21,23,2,73,0,0,14,2,16,27,21,37,4,89,10,0,10,99
04/11/2022,LRD,TX,ASW,CE,Federal Contract Tower,32,47,22,11,112,0,6,27,3,36,32,53,49,14,148,8,36,44,192
04/12/2022,LRD,TX,ASW,CE,Federal Contract Tower,27,50,26,24,127,0,0,23,6,29,27,50,49,30,156,32,54,86,242
04/13/2022,LRD,TX,ASW,CE,Federal Contract Tower,39,52,26,15,132,0,1,33,3,37,39,53,59,18,169,0,34,34,203
04/14/2022,LRD,TX,ASW,CE,Federal Contract Tower,37,37,22,0,96,0,5,35,4,44,37,42,57,4,140,34,0,34,174
04/15/2022,LRD,TX,ASW,CE,Federal Contract Tower,18,18,12,13,61,0,1,26,5,32,18,19,38,18,93,10,56,66,159
04/16/2022,LRD,TX,ASW,CE,Federal Contract Tower,23,14,1,0,38,0,5,14,2,21,23,19,15,2,59,0,0,0,59
04/17/2022,LRD,TX,ASW,CE,Federal Contract Tower,19,16,23,0,58,0,1,12,0,13,19,17,35,0,71,0,0,0,71
04/18/2022,LRD,TX,ASW,CE,Federal Contract Tower,33,32,21,2,88,0,0,37,10,47,33,32,58,12,135,0,8,8,143
04/19/2022,LRD,TX,ASW,CE,Federal Contract Tower,37,48,15,11,111,0,1,21,3,25,37,49,36,14,136,12,10,22,158
04/20/2022,LRD,TX,ASW,CE,Federal Contract Tower,36,42,33,2,113,0,8,35,3,46,36,50,68,5,159,8,30,38,197
04/21/2022,LRD,TX,ASW,CE,Federal Contract Tower,40,38,36,9,123,0,5,22,5,32,40,43,58,14,155,18,0,18,173
04/22/2022,LRD,TX,ASW,CE,Federal Contract Tower,36,32,28,8,104,0,0,20,8,28,36,32,48,16,132,0,40,40,172
04/23/2022,LRD,TX,ASW,CE,Federal Contract Tower,28,23,14,0,65,0,2,14,2,18,28,25,28,2,83,0,0,0,83
04/24/2022,LRD,TX,ASW,CE,Federal Contract Tower,24,34,18,0,76,0,3,9,0,12,24,37,27,0,88,0,0,0,88
04/25/2022,LRD,TX,ASW,CE,Federal Contract Tower,30,22,23,0,75,0,0,13,0,13,30,22,36,0,88,0,0,0,88
04/26/2022,LRD,TX,ASW,CE,Federal Contract Tower,34,36,17,4,91,0,0,16,0,16,34,36,33,4,107,0,0,0,107
04/27/2022,LRD,TX,ASW,CE,Federal Contract Tower,29,67,33,2,131,0,4,19,8,31,29,71,52,10,162,0,4,4,166
04/28/2022,LRD,TX,ASW,CE,Federal Contract Tower,36,36,25,10,107,0,5,35,6,46,36,41,60,16,153,16,36,52,205
04/29/2022,LRD,TX,ASW,CE,Federal Contract Tower,30,27,20,4,81,0,0,20,4,24,30,27,40,8,105,0,12,12,117
04/30/2022,LRD,TX,ASW,CE,Federal Contract Tower,32,26,9,0,67,0,7,15,2,24,32,33,24,2,91,0,0,0,91
05/01/2022,LRD,TX,ASW,CE,Federal Contract Tower,29,23,28,2,82,0,2,18,1,21,29,25,46,3,103,0,0,0,103
05/02/2022,LRD,TX,ASW,CE,Federal Contract Tower,27,33,33,1,94,0,5,24,3,32,27,38,57,4,126,0,16,16,142
05/03/2022,LRD,TX,ASW,CE,Federal Contract Tower,39,47,20,13,119,0,1,30,12,43,39,48,50,25,162,10,30,40,202
05/04/2022,LRD,TX,ASW,CE,Federal Contract Tower,46,50,33,15,144,0,1,28,5,34,46,51,61,20,178,10,10,20,198
05/05/2022,LRD,TX,ASW,CE,Federal Contract Tower,44,45,24,3,116,0,2,20,3,25,44,47,44,6,141,0,6,6,147
05/06/2022,LRD,TX,ASW,CE,Federal Contract Tower,35,36,24,3,98,0,6,35,6,47,35,42,59,9,145,14,26,40,185
05/07/2022,LRD,TX,ASW,CE,Federal Contract Tower,39,19,5,0,63,0,6,26,2,34,39,25,31,2,97,0,0,0,97
05/08/2022,LRD,TX,ASW,CE,Federal Contract Tower,26,23,12,4,65,0,0,24,2,26,26,23,36,6,91,0,0,0,91
05/09/2022,LRD,TX,ASW,CE,Federal Contract Tower,31,27,16,3,77,0,3,30,4,37,31,30,46,7,114,0,0,0,114
05/10/2022,LRD,TX,ASW,CE,Federal Contract Tower,35,24,14,7,80,0,2,27,4,33,35,26,41,11,113,18,2,20,133
05/11/2022,LRD,TX,ASW,CE,Federal Contract Tower,33,47,20,3,103,0,6,32,17,55,33,53,52,20,158,0,10,10,168
05/12/2022,LRD,TX,ASW,CE,Federal Contract Tower,42,37,23,7,109,0,0,25,10,35,42,37,48,17,144,12,84,96,240
05/13/2022,LRD,TX,ASW,CE,Federal Contract Tower,29,33,23,2,87,0,0,37,3,40,29,33,60,5,127,0,0,0,127
05/14/2022,LRD,TX,ASW,CE,Federal Contract Tower,23,19,9,0,51,0,0,21,2,23,23,19,30,2,74,0,0,0,74
05/15/2022,LRD,TX,ASW,CE,Federal Contract Tower,18,19,12,0,49,0,0,34,2,36,18,19,46,2,85,12,0,12,97
05/16/2022,LRD,TX,ASW,CE,Federal Contract Tower,33,40,17,0,90,0,6,29,2,37,33,46,46,2,127,8,0,8,135
05/17/2022,LRD,TX,ASW,CE,Federal Contract Tower,31,36,21,2,90,0,7,39,9,55,31,43,60,11,145,8,4,12,157
05/18/2022,LRD,TX,ASW,CE,Federal Contract Tower,31,45,34,23,133,1,0,28,13,42,32,45,62,36,175,8,10,18,193
05/19/2022,LRD,TX,ASW,CE,Federal Contract Tower,47,35,25,23,130,2,3,23,15,43,49,38,48,38,173,14,84,98,271
05/20/2022,LRD,TX,ASW,CE,Federal Contract Tower,44,28,21,17,110,3,0,23,11,37,47,28,44,28,147,0,98,98,245
05/21/2022,LRD,TX,ASW,CE,Federal Contract Tower,36,16,8,0,60,3,1,12,1,17,39,17,20,1,77,14,0,14,91
05/22/2022,LRD,TX,ASW,CE,Federal Contract Tower,27,25,17,0,69,0,0,8,2,10,27,25,25,2,79,0,0,0,79
05/23/2022,LRD,TX,ASW,CE,Federal Contract Tower,37,24,10,0,71,0,2,16,0,18,37,26,26,0,89,0,0,0,89
05/24/2022,LRD,TX,ASW,CE,Federal Contract Tower,36,33,16,6,91,3,8,19,2,32,39,41,35,8,123,0,0,0,123
05/25/2022,LRD,TX,ASW,CE,Federal Contract Tower,37,40,16,1,94,0,0,19,13,32,37,40,35,14,126,8,0,8,134
05/26/2022,LRD,TX,ASW,CE,Federal Contract Tower,45,30,20,3,98,0,6,25,8,39,45,36,45,11,137,2,20,22,159
05/27/2022,LRD,TX,ASW,CE,Federal Contract Tower,22,23,16,0,61,0,5,11,2,18,22,28,27,2,79,0,0,0,79
05/28/2022,LRD,TX,ASW,CE,Federal Contract Tower,24,17,10,0,51,0,12,20,1,33,24,29,30,1,84,4,0,4,88
05/29/2022,LRD,TX,ASW,CE,Federal Contract Tower,16,20,8,0,44,0,3,16,0,19,16,23,24,0,63,2,0,2,65
05/30/2022,LRD,TX,ASW,CE,Federal Contract Tower,16,16,25,0,57,0,0,15,2,17,16,16,40,2,74,0,0,0,74
05/31/2022,LRD,TX,ASW,CE,Federal Contract Tower,22,30,22,8,82,0,0,39,7,46,22,30,61,15,128,8,25,33,161
06/01/2022,LRD,TX,ASW,CE,Federal Contract Tower,31,44,23,2,100,0,2,16,4,22,31,46,39,6,122,10,0,10,132
06/02/2022,LRD,TX,ASW,CE,Federal Contract Tower,36,22,20,32,110,0,2,32,5,39,36,24,52,37,149,0,168,168,317
06/03/2022,LRD,TX,ASW,CE,Federal Contract Tower,27,24,16,11,78,0,0,26,6,32,27,24,42,17,110,0,108,108,218
06/04/2022,LRD,TX,ASW,CE,Federal Contract Tower,20,26,13,6,65,0,2,20,2,24,20,28,33,8,89,0,0,0,89
06/05/2022,LRD,TX,ASW,CE,Federal Contract Tower,17,18,19,0,54,0,0,15,1,16,17,18,34,1,70,0,0,0,70
06/06/2022,LRD,TX,ASW,CE,Federal Contract Tower,44,19,13,6,82,0,3,30,4,37,44,22,43,10,119,0,0,0,119
06/07/2022,LRD,TX,ASW,CE,Federal Contract Tower,36,37,23,12,108,0,1,27,9,37,36,38,50,21,145,0,0,0,145
06/08/2022,LRD,TX,ASW,CE,Federal Contract Tower,39,45,30,13,127,0,0,14,4,18,39,45,44,17,145,0,0,0,145
06/09/2022,LRD,TX,ASW,CE,Federal Contract Tower,36,40,23,9,108,0,1,27,4,32,36,41,50,13,140,0,0,0,140
06/10/2022,LRD,TX,ASW,CE,Federal Contract Tower,25,26,18,5,74,0,0,23,2,25,25,26,41,7,99,2,42,44,143
06/11/2022,LRD,TX,ASW,CE,Federal Contract Tower,25,36,8,0,69,0,5,16,1,22,25,41,24,1,91,0,0,0,91
06/12/2022,LRD,TX,ASW,CE,Federal Contract Tower,23,18,11,0,52,0,6,15,4,25,23,24,26,4,77,0,10,10,87
06/13/2022,LRD,TX,ASW,CE,Federal Contract Tower,28,32,22,2,84,0,1,19,2,22,28,33,41,4,106,22,34,56,162
06/14/2022,LRD,TX,ASW,CE,Federal Contract Tower,35,50,20,10,115,0,2,35,4,41,35,52,55,14,156,0,2,2,158
06/15/2022,LRD,TX,ASW,CE,Federal Contract Tower,41,64,31,8,144,0,1,20,3,24,41,65,51,11,168,0,58,58,226
06/16/2022,LRD,TX,ASW,CE,Federal Contract Tower,36,39,39,16,130,0,2,21,4,27,36,41,60,20,157,0,56,56,213
06/17/2022,LRD,TX,ASW,CE,Federal Contract Tower,25,25,21,0,71,0,2,30,4,36,25,27,51,4,107,8,0,8,115
06/18/2022,LRD,TX,ASW,CE,Federal Contract Tower,22,20,12,0,54,0,2,31,2,35,22,22,43,2,89,0,0,0,89
06/19/2022,LRD,TX,ASW,CE,Federal Contract Tower,16,27,12,0,55,0,5,7,0,12,16,32,19,0,67,0,0,0,67
06/20/2022,LRD,TX,ASW,CE,Federal Contract Tower,27,37,26,0,90,0,6,26,3,35,27,43,52,3,125,0,0,0,125
06/21/2022,LRD,TX,ASW,CE,Federal Contract Tower,27,42,25,11,105,0,0,19,6,25,27,42,44,17,130,0,12,12,142
06/22/2022,LRD,TX,ASW,CE,Federal Contract Tower,21,46,20,3,90,0,1,24,4,29,21,47,44,7,119,3,20,23,142
06/23/2022,LRD,TX,ASW,CE,Federal Contract Tower,38,42,25,4,109,0,0,35,3,38,38,42,60,7,147,20,38,58,205
06/24/2022,LRD,TX,ASW,CE,Federal Contract Tower,28,32,17,4,81,0,0,28,6,34,28,32,45,10,115,4,20,24,139
06/25/2022,LRD,TX,ASW,CE,Federal Contract Tower,25,26,14,0,65,0,0,30,2,32,25,26,44,2,97,0,0,0,97
06/26/2022,LRD,TX,ASW,CE,Federal Contract Tower,17,16,8,2,43,0,3,25,2,30,17,19,33,4,73,10,0,10,83
06/27/2022,LRD,TX,ASW,CE,Federal Contract Tower,29,29,22,27,107,0,2,19,2,23,29,31,41,29,130,0,34,34,164
06/28/2022,LRD,TX,ASW,CE,Federal Contract Tower,31,41,19,9,100,0,11,33,4,48,31,52,52,13,148,3,18,21,169
06/29/2022,LRD,TX,ASW,CE,Federal Contract Tower,33,31,23,20,107,0,7,23,3,33,33,38,46,23,140,16,34,50,190
06/30/2022,LRD,TX,ASW,CE,Federal Contract Tower,30,31,18,13,92,0,3,34,4,41,30,34,52,17,133,1,40,41,174
07/01/2022,LRD,TX,ASW,CE,Federal Contract Tower,19,24,21,6,70,0,1,17,8,26,19,25,38,14,96,0,4,4,100
07/02/2022,LRD,TX,ASW,CE,Federal Contract Tower,16,15,17,0,48,0,0,29,5,34,16,15,46,5,82,0,0,0,82
07/03/2022,LRD,TX,ASW,CE,Federal Contract Tower,8,13,16,0,37,0,0,11,2,13,8,13,27,2,50,6,0,6,56
07/04/2022,LRD,TX,ASW,CE,Federal Contract Tower,7,14,11,0,32,0,4,17,0,21,7,18,28,0,53,16,0,16,69
07/05/2022,LRD,TX,ASW,CE,Federal Contract Tower,14,19,19,4,56,0,0,29,7,36,14,19,48,11,92,0,24,24,116
07/06/2022,LRD,TX,ASW,CE,Federal Contract Tower,22,26,18,3,69,0,9,20,3,32,22,35,38,6,101,0,14,14,115
07/07/2022,LRD,TX,ASW,CE,Federal Contract Tower,33,26,24,8,91,0,0,30,3,33,33,26,54,11,124,0,24,24,148
07/08/2022,LRD,TX,ASW,CE,Federal Contract Tower,19,27,22,3,71,0,6,46,7,59,19,33,68,10,130,0,0,0,130
07/09/2022,LRD,TX,ASW,CE,Federal Contract Tower,16,17,12,2,47,0,6,19,6,31,16,23,31,8,78,6,0,6,84
07/10/2022,LRD,TX,ASW,CE,Federal Contract Tower,12,13,10,0,35,1,0,15,2,18,13,13,25,2,53,6,0,6,59
07/11/2022,LRD,TX,ASW,CE,Federal Contract Tower,20,20,31,0,71,0,5,26,4,35,20,25,57,4,106,0,0,0,106
07/12/2022,LRD,TX,ASW,CE,Federal Contract Tower,22,18,14,10,64,0,4,19,12,35,22,22,33,22,99,0,38,38,137
07/13/2022,LRD,TX,ASW,CE,Federal Contract Tower,20,27,21,1,69,0,2,9,9,20,20,29,30,10,89,0,0,0,89
07/14/2022,LRD,TX,ASW,CE,Federal Contract Tower,30,25,16,29,100,0,3,21,12,36,30,28,37,41,136,0,94,94,230
07/15/2022,LRD,TX,ASW,CE,Federal Contract Tower,21,19,12,7,59,0,0,20,8,28,21,19,32,15,87,0,8,8,95
07/16/2022,LRD,TX,ASW,CE,Federal Contract Tower,12,13,8,0,33,0,3,16,1,20,12,16,24,1,53,0,0,0,53
07/17/2022,LRD,TX,ASW,CE,Federal Contract Tower,18,18,15,0,51,0,0,22,1,23,18,18,37,1,74,12,0,12,86
07/18/2022,LRD,TX,ASW,CE,Federal Contract Tower,16,22,22,12,72,0,6,32,5,43,16,28,54,17,115,0,48,48,163
07/19/2022,LRD,TX,ASW,CE,Federal Contract Tower,24,26,26,8,84,0,4,29,4,37,24,30,55,12,121,2,0,2,123
07/20/2022,LRD,TX,ASW,CE,Federal Contract Tower,26,31,17,7,81,2,0,27,10,39,28,31,44,17,120,0,28,28,148
07/21/2022,LRD,TX,ASW,CE,Federal Contract Tower,27,31,26,14,98,0,0,18,4,22,27,31,44,18,120,0,48,48,168
07/22/2022,LRD,TX,ASW,CE,Federal Contract Tower,16,28,21,10,75,0,11,28,10,49,16,39,49,20,124,0,60,60,184
07/23/2022,LRD,TX,ASW,CE,Federal Contract Tower,20,22,9,0,51,0,3,21,3,27,20,25,30,3,78,0,0,0,78
07/24/2022,LRD,TX,ASW,CE,Federal Contract Tower,20,18,10,0,48,0,0,23,2,25,20,18,33,2,73,0,0,0,73
07/25/2022,LRD,TX,ASW,CE,Federal Contract Tower,26,30,12,0,68,0,18,13,2,33,26,48,25,2,101,0,0,0,101
07/26/2022,LRD,TX,ASW,CE,Federal Contract Tower,24,34,21,9,88,0,10,23,6,39,24,44,44,15,127,0,92,92,219
07/27/2022,LRD,TX,ASW,CE,Federal Contract Tower,25,39,21,8,93,0,1,29,4,34,25,40,50,12,127,0,44,44,171
07/28/2022,LRD,TX,ASW,CE,Federal Contract Tower,25,31,23,5,84,0,1,24,7,32,25,32,47,12,116,0,0,0,116
07/29/2022,LRD,TX,ASW,CE,Federal Contract Tower,23,38,18,6,85,0,4,28,6,38,23,42,46,12,123,0,8,8,131
07/30/2022,LRD,TX,ASW,CE,Federal Contract Tower,24,23,13,0,60,0,1,26,2,29,24,24,39,2,89,0,0,0,89
07/31/2022,LRD,TX,ASW,CE,Federal Contract Tower,15,13,15,0,43,0,9,27,1,37,15,22,42,1,80,14,0,14,94
08/01/2022,LRD,TX,ASW,CE,Federal Contract Tower,23,31,18,4,76,0,7,35,3,45,23,38,53,7,121,10,0,10,131
08/02/2022,LRD,TX,ASW,CE,Federal Contract Tower,25,24,21,2,72,0,0,32,3,35,25,24,53,5,107,24,22,46,153
08/03/2022,LRD,TX,ASW,CE,Federal Contract Tower,25,43,36,8,112,0,0,24,6,30,25,43,60,14,142,0,0,0,142
08/04/2022,LRD,TX,ASW,CE,Federal Contract Tower,34,44,17,17,112,0,0,15,5,20,34,44,32,22,132,0,40,40,172
08/05/2022,LRD,TX,ASW,CE,Federal Contract Tower,27,33,19,4,83,0,7,32,4,43,27,40,51,8,126,0,30,30,156
08/06/2022,LRD,TX,ASW,CE,Federal Contract Tower,23,22,12,10,67,0,3,15,0,18,23,25,27,10,85,0,0,0,85
08/07/2022,LRD,TX,ASW,CE,Federal Contract Tower,17,15,15,0,47,0,1,10,2,13,17,16,25,2,60,0,0,0,60
08/08/2022,LRD,TX,ASW,CE,Federal Contract Tower,23,23,16,7,69,0,0,14,3,17,23,23,30,10,86,0,86,86,172
08/09/2022,LRD,TX,ASW,CE,Federal Contract Tower,34,30,14,5,83,0,1,27,10,38,34,31,41,15,121,0,126,126,247
08/10/2022,LRD,TX,ASW,CE,Federal Contract Tower,35,30,28,22,115,0,5,33,5,43,35,35,61,27,158,0,68,68,226
08/11/2022,LRD,TX,ASW,CE,Federal Contract Tower,41,43,22,6,112,0,0,20,3,23,41,43,42,9,135,0,28,28,163
08/12/2022,LRD,TX,ASW,CE,Federal Contract Tower,25,42,18,4,89,0,0,16,3,19,25,42,34,7,108,0,0,0,108
08/13/2022,LRD,TX,ASW,CE,Federal Contract Tower,19,14,13,2,48,0,21,16,3,40,19,35,29,5,88,0,0,0,88
08/14/2022,LRD,TX,ASW,CE,Federal Contract Tower,10,21,6,0,37,0,0,10,0,10,10,21,16,0,47,0,0,0,47
08/15/2022,LRD,TX,ASW,CE,Federal Contract Tower,9,21,11,0,41,0,0,0,0,0,9,21,11,0,41,0,0,0,41
08/16/2022,LRD,TX,ASW,CE,Federal Contract Tower,22,38,26,12,98,0,4,18,4,26,22,42,44,16,124,0,0,0,124
08/17/2022,LRD,TX,ASW,CE,Federal Contract Tower,28,49,31,5,113,0,0,31,6,37,28,49,62,11,150,24,32,56,206
08/18/2022,LRD,TX,ASW,CE,Federal Contract Tower,31,32,23,25,111,0,0,44,3,47,31,32,67,28,158,18,48,66,224
08/19/2022,LRD,TX,ASW,CE,Federal Contract Tower,24,33,13,22,92,0,2,23,4,29,24,35,36,26,121,0,24,24,145
08/20/2022,LRD,TX,ASW,CE,Federal Contract Tower,21,11,12,6,50,0,6,23,3,32,21,17,35,9,82,0,16,16,98
08/21/2022,LRD,TX,ASW,CE,Federal Contract Tower,14,13,10,6,43,0,4,18,2,24,14,17,28,8,67,2,12,14,81
08/22/2022,LRD,TX,ASW,CE,Federal Contract Tower,33,42,19,18,112,0,1,27,6,34,33,43,46,24,146,0,26,26,172
08/23/2022,LRD,TX,ASW,CE,Federal Contract Tower,26,31,17,6,80,0,2,23,7,32,26,33,40,13,112,0,0,0,112
08/24/2022,LRD,TX,ASW,CE,Federal Contract Tower,32,33,33,0,98,0,0,18,3,21,32,33,51,3,119,0,0,0,119
08/25/2022,LRD,TX,ASW,CE,Federal Contract Tower,33,38,27,9,107,0,0,12,5,17,33,38,39,14,124,0,0,0,124
08/26/2022,LRD,TX,ASW,CE,Federal Contract Tower,33,26,20,1,80,0,0,17,3,20,33,26,37,4,100,0,0,0,100
08/27/2022,LRD,TX,ASW,CE,Federal Contract Tower,23,29,10,0,62,0,0,32,1,33,23,29,42,1,95,0,0,0,95
08/28/2022,LRD,TX,ASW,CE,Federal Contract Tower,14,14,18,0,46,0,4,22,2,28,14,18,40,2,74,0,0,0,74
08/29/2022,LRD,TX,ASW,CE,Federal Contract Tower,23,37,15,10,85,0,11,38,8,57,23,48,53,18,142,10,0,10,152
08/30/2022,LRD,TX,ASW,CE,Federal Contract Tower,20,38,19,2,79,0,0,13,2,15,20,38,32,4,94,4,8,12,106
08/31/2022,LRD,TX,ASW,CE,Federal Contract Tower,28,21,19,8,76,0,6,16,5,27,28,27,35,13,103,0,22,22,125
09/01/2022,LRD,TX,ASW,CE,Federal Contract Tower,23,30,26,19,98,0,0,32,4,36,23,30,58,23,134,2,170,172,306
09/02/2022,LRD,TX,ASW,CE,Federal Contract Tower,19,20,16,0,55,0,1,29,0,30,19,21,45,0,85,0,0,0,85
09/03/2022,LRD,TX,ASW,CE,Federal Contract Tower,21,12,11,0,44,0,0,15,0,15,21,12,26,0,59,0,0,0,59
09/04/2022,LRD,TX,ASW,CE,Federal Contract Tower,6,17,3,0,26,0,0,13,0,13,6,17,16,0,39,0,0,0,39
09/05/2022,LRD,TX,ASW,CE,Federal Contract Tower,13,21,11,2,47,0,5,16,0,21,13,26,27,2,68,0,0,0,68
09/06/2022,LRD,TX,ASW,CE,Federal Contract Tower,16,38,22,22,98,0,1,21,2,24,16,39,43,24,122,0,74,74,196
09/07/2022,LRD,TX,ASW,CE,Federal Contract Tower,22,32,23,6,83,0,0,13,7,20,22,32,36,13,103,4,0,4,107
09/08/2022,LRD,TX,ASW,CE,Federal Contract Tower,27,35,28,4,94,0,1,16,1,18,27,36,44,5,112,26,46,72,184
09/09/2022,LRD,TX,ASW,CE,Federal Contract Tower,19,25,33,10,87,0,2,27,4,33,19,27,60,14,120,6,46,52,172
09/10/2022,LRD,TX,ASW,CE,Federal Contract Tower,15,13,13,0,41,0,0,24,3,27,15,13,37,3,68,14,16,30,98
09/11/2022,LRD,TX,ASW,CE,Federal Contract Tower,11,25,14,0,50,0,3,32,4,39,11,28,46,4,89,0,0,0,89
09/12/2022,LRD,TX,ASW,CE,Federal Contract Tower,23,26,18,4,71,0,2,24,7,33,23,28,42,11,104,0,26,26,130
09/13/2022,LRD,TX,ASW,CE,Federal Contract Tower,23,51,31,5,110,0,3,33,9,45,23,54,64,14,155,0,46,46,201
09/14/2022,LRD,TX,ASW,CE,Federal Contract Tower,25,39,31,4,99,0,1,32,8,41,25,40,63,12,140,0,0,0,140
09/15/2022,LRD,TX,ASW,CE,Federal Contract Tower,31,32,32,10,105,0,3,34,4,41,31,35,66,14,146,20,22,42,188
09/16/2022,LRD,TX,ASW,CE,Federal Contract Tower,24,16,22,5,67,0,0,12,4,16,24,16,34,9,83,0,34,34,117
09/17/2022,LRD,TX,ASW,CE,Federal Contract Tower,11,19,6,0,36,0,7,16,2,25,11,26,22,2,61,0,0,0,61
09/18/2022,LRD,TX,ASW,CE,Federal Contract Tower,15,12,10,0,37,0,7,24,1,32,15,19,34,1,69,6,0,6,75
09/19/2022,LRD,TX,ASW,CE,Federal Contract Tower,25,38,26,9,98,0,10,26,6,42,25,48,52,15,140,0,0,0,140
09/20/2022,LRD,TX,ASW,CE,Federal Contract Tower,34,46,21,7,108,0,10,38,7,55,34,56,59,14,163,7,6,13,176
09/21/2022,LRD,TX,ASW,CE,Federal Contract Tower,30,49,23,10,112,0,0,33,7,40,30,49,56,17,152,0,88,88,240
09/22/2022,LRD,TX,ASW,CE,Federal Contract Tower,35,49,28,14,126,0,2,39,9,50,35,51,67,23,176,4,42,46,222
09/23/2022,LRD,TX,ASW,CE,Federal Contract Tower,24,33,24,9,90,0,1,19,3,23,24,34,43,12,113,0,64,64,177
09/24/2022,LRD,TX,ASW,CE,Federal Contract Tower,30,33,14,2,79,0,0,23,4,27,30,33,37,6,106,0,20,20,126
09/25/2022,LRD,TX,ASW,CE,Federal Contract Tower,21,12,11,2,46,0,0,21,2,23,21,12,32,4,69,0,0,0,69
09/26/2022,LRD,TX,ASW,CE,Federal Contract Tower,21,21,19,4,65,0,0,26,2,28,21,21,45,6,93,0,0,0,93
09/27/2022,LRD,TX,ASW,CE,Federal Contract Tower,23,32,16,12,83,0,5,43,8,56,23,37,59,20,139,4,43,47,186
09/28/2022,LRD,TX,ASW,CE,Federal Contract Tower,35,51,21,4,111,0,6,45,4,55,35,57,66,8,166,0,50,50,216
09/29/2022,LRD,TX,ASW,CE,Federal Contract Tower,45,51,20,8,124,0,4,39,3,46,45,55,59,11,170,14,6,20,190
09/30/2022,LRD,TX,ASW,CE,Federal Contract Tower,29,19,9,6,63,0,3,31,3,37,29,22,40,9,100,0,0,0,100
10/01/2022,LRD,TX,ASW,CE,Federal Contract Tower,25,21,7,0,53,0,9,34,8,51,25,30,41,8,104,0,20,20,124
10/02/2022,LRD,TX,ASW,CE,Federal Contract Tower,30,19,8,0,57,0,0,19,0,19,30,19,27,0,76,4,0,4,80
10/03/2022,LRD,TX,ASW,CE,Federal Contract Tower,27,28,19,6,80,0,1,26,0,27,27,29,45,6,107,8,20,28,135
10/04/2022,LRD,TX,ASW,CE,Federal Contract Tower,30,40,23,1,94,0,0,33,5,38,30,40,56,6,132,6,10,16,148
10/05/2022,LRD,TX,ASW,CE,Federal Contract Tower,27,40,13,7,87,0,9,28,6,43,27,49,41,13,130,14,0,14,144
10/06/2022,LRD,TX,ASW,CE,Federal Contract Tower,37,27,23,6,93,0,7,32,2,41,37,34,55,8,134,6,28,34,168
10/07/2022,LRD,TX,ASW,CE,Federal Contract Tower,35,29,15,2,81,0,0,19,3,22,35,29,34,5,103,0,0,0,103
10/08/2022,LRD,TX,ASW,CE,Federal Contract Tower,25,17,4,0,46,0,13,19,0,32,25,30,23,0,78,0,0,0,78
10/09/2022,LRD,TX,ASW,CE,Federal Contract Tower,25,14,15,0,54,0,4,17,0,21,25,18,32,0,75,0,0,0,75
10/10/2022,LRD,TX,ASW,CE,Federal Contract Tower,24,36,21,0,81,0,5,31,1,37,24,41,52,1,118,2,0,2,120
10/11/2022,LRD,TX,ASW,CE,Federal Contract Tower,39,23,16,17,95,0,0,29,4,33,39,23,45,21,128,4,18,22,150
10/12/2022,LRD,TX,ASW,CE,Federal Contract Tower,41,45,22,6,114,0,0,30,5,35,41,45,52,11,149,0,38,38,187
10/13/2022,LRD,TX,ASW,CE,Federal Contract Tower,50,15,23,6,94,0,7,25,12,44,50,22,48,18,138,0,56,56,194
10/14/2022,LRD,TX,ASW,CE,Federal Contract Tower,30,18,27,0,75,0,3,27,7,37,30,21,54,7,112,0,0,0,112
10/15/2022,LRD,TX,ASW,CE,Federal Contract Tower,29,19,20,2,70,0,0,15,7,22,29,19,35,9,92,0,0,0,92
10/16/2022,LRD,TX,ASW,CE,Federal Contract Tower,20,8,20,0,48,0,4,14,7,25,20,12,34,7,73,0,0,0,73
10/17/2022,LRD,TX,ASW,CE,Federal Contract Tower,27,29,14,0,70,0,0,4,0,4,27,29,18,0,74,0,0,0,74
10/18/2022,LRD,TX,ASW,CE,Federal Contract Tower,51,29,20,2,102,0,0,24,2,26,51,29,44,4,128,10,0,10,138
10/19/2022,LRD,TX,ASW,CE,Federal Contract Tower,51,49,23,4,127,0,3,29,4,36,51,52,52,8,163,0,50,50,213
10/20/2022,LRD,TX,ASW,CE,Federal Contract Tower,57,44,33,7,141,0,1,37,4,42,57,45,70,11,183,54,125,179,362
10/21/2022,LRD,TX,ASW,CE,Federal Contract Tower,34,36,29,4,103,0,0,52,0,52,34,36,81,4,155,0,88,88,243
10/22/2022,LRD,TX,ASW,CE,Federal Contract Tower,42,18,16,2,78,0,2,17,0,19,42,20,33,2,97,0,0,0,97
10/23/2022,LRD,TX,ASW,CE,Federal Contract Tower,30,16,17,0,63,0,0,19,0,19,30,16,36,0,82,0,0,0,82
10/24/2022,LRD,TX,ASW,CE,Federal Contract Tower,23,43,27,16,109,0,4,24,7,35,23,47,51,23,144,0,96,96,240
10/25/2022,LRD,TX,ASW,CE,Federal Contract Tower,40,53,18,12,123,0,6,38,9,53,40,59,56,21,176,0,84,84,260
10/26/2022,LRD,TX,ASW,CE,Federal Contract Tower,42,52,28,8,130,0,0,29,8,37,42,52,57,16,167,0,50,50,217
10/27/2022,LRD,TX,ASW,CE,Federal Contract Tower,43,43,32,8,126,0,0,31,2,33,43,43,63,10,159,26,40,66,225
10/28/2022,LRD,TX,ASW,CE,Federal Contract Tower,31,40,31,4,106,0,1,12,8,21,31,41,43,12,127,0,10,10,137
10/29/2022,LRD,TX,ASW,CE,Federal Contract Tower,25,24,8,0,57,0,0,10,2,12,25,24,18,2,69,0,0,0,69
10/30/2022,LRD,TX,ASW,CE,Federal Contract Tower,24,20,21,0,65,0,3,29,1,33,24,23,50,1,98,14,0,14,112
10/31/2022,LRD,TX,ASW,CE,Federal Contract Tower,25,22,23,8,78,0,1,28,2,31,25,23,51,10,109,26,58,84,193
11/01/2022,LRD,TX,ASW,CE,Federal Contract Tower,26,43,15,4,88,0,0,4,0,4,26,43,19,4,92,0,0,0,92
11/02/2022,LRD,TX,ASW,CE,Federal Contract Tower,33,36,36,0,105,0,1,14,0,15,33,37,50,0,120,0,0,0,120
11/03/2022,LRD,TX,ASW,CE,Federal Contract Tower,33,54,32,2,121,0,4,35,13,52,33,58,67,15,173,0,78,78,251
11/04/2022,LRD,TX,ASW,CE,Federal Contract Tower,43,27,33,9,112,0,3,39,3,45,43,30,72,12,157,2,242,244,401
11/05/2022,LRD,TX,ASW,CE,Federal Contract Tower,38,17,19,12,86,0,0,26,0,26,38,17,45,12,112,2,0,2,114
11/06/2022,LRD,TX,ASW,CE,Federal Contract Tower,21,17,20,8,66,0,1,21,3,25,21,18,41,11,91,0,0,0,91
11/07/2022,LRD,TX,ASW,CE,Federal Contract Tower,24,34,37,7,102,0,1,26,6,33,24,35,63,13,135,0,0,0,135
11/08/2022,LRD,TX,ASW,CE,Federal Contract Tower,33,30,22,10,95,0,3,27,11,41,33,33,49,21,136,0,50,50,186
11/09/2022,LRD,TX,ASW,CE,Federal Contract Tower,32,27,43,33,135,0,3,31,9,43,32,30,74,42,178,0,102,102,280
11/10/2022,LRD,TX,ASW,CE,Federal Contract Tower,42,33,32,13,120,0,4,36,6,46,42,37,68,19,166,8,78,86,252
11/11/2022,LRD,TX,ASW,CE,Federal Contract Tower,35,28,28,0,91,0,15,16,1,32,35,43,44,1,123,0,0,0,123
11/12/2022,LRD,TX,ASW,CE,Federal Contract Tower,36,15,10,4,65,0,5,0,5,10,36,20,10,9,75,0,0,0,75
11/13/2022,LRD,TX,ASW,CE,Federal Contract Tower,26,13,17,1,57,0,3,20,3,26,26,16,37,4,83,0,9,9,92
11/14/2022,LRD,TX,ASW,CE,Federal Contract Tower,33,31,16,2,82,0,5,16,3,24,33,36,32,5,106,0,0,0,106
11/15/2022,LRD,TX,ASW,CE,Federal Contract Tower,40,33,19,4,96,0,12,25,4,41,40,45,44,8,137,20,0,20,157
11/16/2022,LRD,TX,ASW,CE,Federal Contract Tower,56,36,34,0,126,0,11,26,9,46,56,47,60,9,172,0,2,2,174
11/17/2022,LRD,TX,ASW,CE,Federal Contract Tower,40,31,22,3,96,0,0,38,7,45,40,31,60,10,141,0,0,0,141
11/18/2022,LRD,TX,ASW,CE,Federal Contract Tower,40,20,42,0,102,0,0,7,0,7,40,20,49,0,109,0,0,0,109
11/19/2022,LRD,TX,ASW,CE,Federal Contract Tower,14,23,17,0,54,0,0,0,0,0,14,23,17,0,54,0,0,0,54
11/20/2022,LRD,TX,ASW,CE,Federal Contract Tower,27,28,12,0,67,0,0,5,2,7,27,28,17,2,74,8,10,18,92
11/21/2022,LRD,TX,ASW,CE,Federal Contract Tower,28,16,31,2,77,0,0,1,0,1,28,16,32,2,78,8,0,8,86
11/22/2022,LRD,TX,ASW,CE,Federal Contract Tower,23,28,26,5,82,0,0,0,0,0,23,28,26,5,82,0,0,0,82
11/23/2022,LRD,TX,ASW,CE,Federal Contract Tower,17,13,14,0,44,0,0,0,0,0,17,13,14,0,44,0,0,0,44
11/24/2022,LRD,TX,ASW,CE,Federal Contract Tower,10,12,25,0,47,0,0,0,0,0,10,12,25,0,47,0,0,0,47
11/25/2022,LRD,TX,ASW,CE,Federal Contract Tower,9,9,13,0,31,0,0,0,0,0,9,9,13,0,31,0,0,0,31
11/26/2022,LRD,TX,ASW,CE,Federal Contract Tower,31,14,16,1,62,0,1,22,3,26,31,15,38,4,88,0,0,0,88
11/27/2022,LRD,TX,ASW,CE,Federal Contract Tower,17,15,23,0,55,0,0,31,0,31,17,15,54,0,86,0,0,0,86
11/28/2022,LRD,TX,ASW,CE,Federal Contract Tower,19,24,27,2,72,0,0,21,0,21,19,24,48,2,93,26,0,26,119
11/29/2022,LRD,TX,ASW,CE,Federal Contract Tower,48,47,20,5,120,0,3,37,3,43,48,50,57,8,163,0,40,40,203
11/30/2022,LRD,TX,ASW,CE,Federal Contract Tower,42,44,31,1,118,0,2,32,4,38,42,46,63,5,156,0,12,12,168
12/01/2022,LRD,TX,ASW,CE,Federal Contract Tower,38,46,26,4,114,0,0,13,0,13,38,46,39,4,127,0,0,0,127
12/02/2022,LRD,TX,ASW,CE,Federal Contract Tower,37,33,28,1,99,1,1,1,0,3,38,34,29,1,102,0,0,0,102
12/03/2022,LRD,TX,ASW,CE,Federal Contract Tower,21,10,16,0,47,0,0,0,0,0,21,10,16,0,47,0,0,0,47
12/04/2022,LRD,TX,ASW,CE,Federal Contract Tower,6,7,10,0,23,0,0,0,0,0,6,7,10,0,23,0,0,0,23
12/05/2022,LRD,TX,ASW,CE,Federal Contract Tower,18,35,22,4,79,0,2,6,2,10,18,37,28,6,89,0,0,0,89
12/06/2022,LRD,TX,ASW,CE,Federal Contract Tower,31,38,24,6,99,0,7,21,0,28,31,45,45,6,127,0,6,6,133
12/07/2022,LRD,TX,ASW,CE,Federal Contract Tower,55,52,39,2,148,0,0,34,2,36,55,52,73,4,184,0,0,0,184
12/08/2022,LRD,TX,ASW,CE,Federal Contract Tower,57,65,34,3,159,0,4,25,4,33,57,69,59,7,192,22,0,22,214
12/09/2022,LRD,TX,ASW,CE,Federal Contract Tower,44,58,42,0,144,0,1,16,1,18,44,59,58,1,162,10,0,10,172
12/10/2022,LRD,TX,ASW,CE,Federal Contract Tower,38,32,16,0,86,0,6,8,2,16,38,38,24,2,102,0,0,0,102
12/11/2022,LRD,TX,ASW,CE,Federal Contract Tower,24,20,23,0,67,0,2,17,0,19,24,22,40,0,86,6,0,6,92
12/12/2022,LRD,TX,ASW,CE,Federal Contract Tower,48,47,33,1,129,0,0,29,3,32,48,47,62,4,161,0,0,0,161
12/13/2022,LRD,TX,ASW,CE,Federal Contract Tower,46,50,34,1,131,0,3,41,7,51,46,53,75,8,182,0,0,0,182
12/14/2022,LRD,TX,ASW,CE,Federal Contract Tower,59,64,30,2,155,0,0,39,9,48,59,64,69,11,203,0,40,40,243
12/15/2022,LRD,TX,ASW,CE,Federal Contract Tower,51,54,35,8,148,0,0,35,5,40,51,54,70,13,188,0,18,18,206
12/16/2022,LRD,TX,ASW,CE,Federal Contract Tower,40,49,39,0,128,0,0,23,0,23,40,49,62,0,151,0,0,0,151
12/17/2022,LRD,TX,ASW,CE,Federal Contract Tower,50,38,12,0,100,0,6,12,1,19,50,44,24,1,119,0,0,0,119
12/18/2022,LRD,TX,ASW,CE,Federal Contract Tower,34,36,28,0,98,0,5,17,0,22,34,41,45,0,120,0,0,0,120
12/19/2022,LRD,TX,ASW,CE,Federal Contract Tower,44,43,33,7,127,0,0,11,0,11,44,43,44,7,138,0,0,0,138
12/20/2022,LRD,TX,ASW,CE,Federal Contract Tower,55,60,45,6,166,0,0,18,0,18,55,60,63,6,184,4,36,40,224
12/21/2022,LRD,TX,ASW,CE,Federal Contract Tower,56,50,28,0,134,0,0,18,3,21,56,50,46,3,155,0,0,0,155
12/22/2022,LRD,TX,ASW,CE,Federal Contract Tower,41,44,34,2,121,0,1,24,6,31,41,45,58,8,152,0,4,4,156
12/23/2022,LRD,TX,ASW,CE,Federal Contract Tower,35,19,22,0,76,0,2,23,4,29,35,21,45,4,105,0,0,0,105
12/24/2022,LRD,TX,ASW,CE,Federal Contract Tower,33,9,8,1,51,0,0,5,5,10,33,9,13,6,61,0,0,0,61
12/25/2022,LRD,TX,ASW,CE,Federal Contract Tower,10,13,2,0,25,0,3,22,0,25,10,16,24,0,50,0,0,0,50
12/26/2022,LRD,TX,ASW,CE,Federal Contract Tower,18,30,55,2,105,0,1,23,2,26,18,31,78,4,131,0,0,0,131
12/27/2022,LRD,TX,ASW,CE,Federal Contract Tower,27,20,24,0,71,0,0,45,6,51,27,20,69,6,122,0,0,0,122
12/28/2022,LRD,TX,ASW,CE,Federal Contract Tower,32,17,22,0,71,0,0,58,7,65,32,17,80,7,136,22,24,46,182
12/29/2022,LRD,TX,ASW,CE,Federal Contract Tower,31,15,24,0,70,0,0,12,5,17,31,15,36,5,87,2,0,2,89
12/30/2022,LRD,TX,ASW,CE,Federal Contract Tower,26,15,19,0,60,0,11,25,2,38,26,26,44,2,98,0,0,0,98
12/31/2022,LRD,TX,ASW,CE,Federal Contract Tower,21,10,5,0,36,0,11,15,0,26,21,21,20,0,62,0,0,0,62
01/01/2023,LRD,TX,ASW,CE,Federal Contract Tower,10,13,12,0,35,0,1,15,0,16,10,14,27,0,51,0,0,0,51
01/02/2023,LRD,TX,ASW,CE,Federal Contract Tower,10,23,47,0,80,0,5,21,2,28,10,28,68,2,108,0,0,0,108
01/03/2023,LRD,TX,ASW,CE,Federal Contract Tower,20,25,27,6,78,0,0,26,3,29,20,25,53,9,107,0,0,0,107
01/04/2023,LRD,TX,ASW,CE,Federal Contract Tower,25,12,39,1,77,0,1,20,4,25,25,13,59,5,102,12,28,40,142
01/05/2023,LRD,TX,ASW,CE,Federal Contract Tower,35,32,30,6,103,0,0,39,3,42,35,32,69,9,145,0,0,0,145
01/06/2023,LRD,TX,ASW,CE,Federal Contract Tower,26,13,30,0,69,0,0,22,2,24,26,13,52,2,93,0,0,0,93
01/07/2023,LRD,TX,ASW,CE,Federal Contract Tower,20,22,17,1,60,0,1,5,2,8,20,23,22,3,68,0,0,0,68
01/08/2023,LRD,TX,ASW,CE,Federal Contract Tower,21,15,19,0,55,0,10,31,2,43,21,25,50,2,98,4,0,4,102
01/09/2023,LRD,TX,ASW,CE,Federal Contract Tower,31,15,12,2,60,0,5,29,4,38,31,20,41,6,98,4,30,34,132
01/10/2023,LRD,TX,ASW,CE,Federal Contract Tower,31,24,19,2,76,0,0,20,3,23,31,24,39,5,99,0,38,38,137
01/11/2023,LRD,TX,ASW,CE,Federal Contract Tower,26,28,16,7,77,0,4,18,3,25,26,32,34,10,102,0,54,54,156
01/12/2023,LRD,TX,ASW,CE,Federal Contract Tower,50,26,31,3,110,0,0,34,3,37,50,26,65,6,147,0,28,28,175
01/13/2023,LRD,TX,ASW,CE,Federal Contract Tower,33,29,29,3,94,0,0,25,3,28,33,29,54,6,122,0,0,0,122
01/14/2023,LRD,TX,ASW,CE,Federal Contract Tower,28,15,14,0,57,0,2,15,2,19,28,17,29,2,76,0,0,0,76
01/15/2023,LRD,TX,ASW,CE,Federal Contract Tower,13,10,18,0,41,0,3,19,0,22,13,13,37,0,63,4,0,4,67
01/16/2023,LRD,TX,ASW,CE,Federal Contract Tower,29,25,36,0,90,0,0,42,3,45,29,25,78,3,135,2,0,2,137
01/17/2023,LRD,TX,ASW,CE,Federal Contract Tower,34,34,20,1,89,0,0,33,7,40,34,34,53,8,129,18,0,18,147
01/18/2023,LRD,TX,ASW,CE,Federal Contract Tower,24,32,36,15,107,0,0,25,6,31,24,32,61,21,138,0,33,33,171
01/19/2023,LRD,TX,ASW,CE,Federal Contract Tower,34,32,35,6,107,0,6,35,6,47,34,38,70,12,154,0,2,2,156
01/20/2023,LRD,TX,ASW,CE,Federal Contract Tower,24,16,22,0,62,0,0,28,1,29,24,16,50,1,91,0,0,0,91
01/21/2023,LRD,TX,ASW,CE,Federal Contract Tower,22,13,7,0,42,0,0,10,3,13,22,13,17,3,55,0,0,0,55
01/22/2023,LRD,TX,ASW,CE,Federal Contract Tower,14,16,21,0,51,0,2,23,1,26,14,18,44,1,77,2,0,2,79
01/23/2023,LRD,TX,ASW,CE,Federal Contract Tower,34,23,35,12,104,0,8,23,0,31,34,31,58,12,135,0,18,18,153
01/24/2023,LRD,TX,ASW,CE,Federal Contract Tower,34,48,19,14,115,0,5,21,2,28,34,53,40,16,143,0,0,0,143
01/25/2023,LRD,TX,ASW,CE,Federal Contract Tower,37,38,20,17,112,0,0,41,3,44,37,38,61,20,156,2,22,24,180
01/26/2023,LRD,TX,ASW,CE,Federal Contract Tower,52,39,35,10,136,0,1,28,4,33,52,40,63,14,169,0,0,0,169
01/27/2023,LRD,TX,ASW,CE,Federal Contract Tower,41,26,29,6,102,0,11,25,0,36,41,37,54,6,138,0,0,0,138
01/28/2023,LRD,TX,ASW,CE,Federal Contract Tower,37,27,17,0,81,0,0,9,2,11,37,27,26,2,92,6,0,6,98
01/29/2023,LRD,TX,ASW,CE,Federal Contract Tower,15,17,22,6,60,0,0,22,0,22,15,17,44,6,82,0,0,0,82
01/30/2023,LRD,TX,ASW,CE,Federal Contract Tower,16,24,35,0,75,0,0,0,0,0,16,24,35,0,75,0,0,0,75
01/31/2023,LRD,TX,ASW,CE,Federal Contract Tower,11,34,26,0,71,0,0,0,0,0,11,34,26,0,71,0,0,0,71
02/01/2023,LRD,TX,ASW,CE,Federal Contract Tower,33,34,11,0,78,0,0,0,0,0,33,34,11,0,78,0,0,0,78
02/02/2023,LRD,TX,ASW,CE,Federal Contract Tower,40,62,37,12,151,0,5,31,4,40,40,67,68,16,191,0,20,20,211
02/03/2023,LRD,TX,ASW,CE,Federal Contract Tower,34,39,30,7,110,0,2,35,5,42,34,41,65,12,152,64,22,86,238
02/04/2023,LRD,TX,ASW,CE,Federal Contract Tower,25,26,15,6,72,0,1,7,2,10,25,27,22,8,82,0,0,0,82
02/05/2023,LRD,TX,ASW,CE,Federal Contract Tower,24,32,14,0,70,0,4,16,6,26,24,36,30,6,96,12,0,12,108
02/06/2023,LRD,TX,ASW,CE,Federal Contract Tower,29,25,17,6,77,0,3,28,2,33,29,28,45,8,110,18,0,18,128
02/07/2023,LRD,TX,ASW,CE,Federal Contract Tower,34,57,31,5,127,0,3,15,1,19,34,60,46,6,146,0,20,20,166
02/08/2023,LRD,TX,ASW,CE,Federal Contract Tower,56,41,32,19,148,0,1,19,5,25,56,42,51,24,173,0,93,93,266
02/09/2023,LRD,TX,ASW,CE,Federal Contract Tower,51,48,36,0,135,0,7,41,5,53,51,55,77,5,188,0,0,0,188
02/10/2023,LRD,TX,ASW,CE,Federal Contract Tower,42,29,19,2,92,0,11,29,3,43,42,40,48,5,135,0,0,0,135
02/11/2023,LRD,TX,ASW,CE,Federal Contract Tower,38,19,16,0,73,0,0,17,4,21,38,19,33,4,94,6,0,6,100
02/12/2023,LRD,TX,ASW,CE,Federal Contract Tower,22,20,7,0,49,0,0,12,1,13,22,20,19,1,62,0,0,0,62
02/13/2023,LRD,TX,ASW,CE,Federal Contract Tower,30,38,29,22,119,0,9,27,0,36,30,47,56,22,155,0,40,40,195
02/14/2023,LRD,TX,ASW,CE,Federal Contract Tower,41,55,21,18,135,0,7,37,7,51,41,62,58,25,186,2,58,60,246
02/15/2023,LRD,TX,ASW,CE,Federal Contract Tower,48,47,31,12,138,0,1,34,1,36,48,48,65,13,174,0,28,28,202
02/16/2023,LRD,TX,ASW,CE,Federal Contract Tower,50,46,29,1,126,0,3,22,14,39,50,49,51,15,165,0,50,50,215
02/17/2023,LRD,TX,ASW,CE,Federal Contract Tower,59,37,32,6,134,0,1,21,5,27,59,38,53,11,161,0,0,0,161
02/18/2023,LRD,TX,ASW,CE,Federal Contract Tower,38,18,8,0,64,0,2,18,4,24,38,20,26,4,88,0,0,0,88
02/19/2023,LRD,TX,ASW,CE,Federal Contract Tower,21,28,6,4,59,0,0,20,1,21,21,28,26,5,80,0,0,0,80
02/20/2023,LRD,TX,ASW,CE,Federal Contract Tower,45,32,26,0,103,0,2,10,6,18,45,34,36,6,121,10,0,10,131
02/21/2023,LRD,TX,ASW,CE,Federal Contract Tower,50,38,29,2,119,0,7,36,4,47,50,45,65,6,166,0,0,0,166
02/22/2023,LRD,TX,ASW,CE,Federal Contract Tower,43,34,32,20,129,0,1,30,5,36,43,35,62,25,165,4,52,56,221
02/23/2023,LRD,TX,ASW,CE,Federal Contract Tower,44,39,24,2,109,0,0,21,3,24,44,39,45,5,133,0,0,0,133
02/24/2023,LRD,TX,ASW,CE,Federal Contract Tower,43,42,34,5,124,0,0,19,0,19,43,42,53,5,143,10,0,10,153
02/25/2023,LRD,TX,ASW,CE,Federal Contract Tower,20,22,13,0,55,0,1,5,2,8,20,23,18,2,63,0,0,0,63
02/26/2023,LRD,TX,ASW,CE,Federal Contract Tower,12,23,16,5,56,0,1,16,0,17,12,24,32,5,73,0,0,0,73
02/27/2023,LRD,TX,ASW,CE,Federal Contract Tower,34,33,25,5,97,0,4,25,4,33,34,37,50,9,130,0,22,22,152
02/28/2023,LRD,TX,ASW,CE,Federal Contract Tower,50,42,34,9,135,0,1,23,3,27,50,43,57,12,162,0,0,0,162
03/01/2023,LRD,TX,ASW,CE,Federal Contract Tower,58,48,30,0,136,0,3,34,6,43,58,51,64,6,179,6,0,6,185
03/02/2023,LRD,TX,ASW,CE,Federal Contract Tower,40,52,35,19,146,0,2,17,8,27,40,54,52,27,173,0,8,8,181
03/03/2023,LRD,TX,ASW,CE,Federal Contract Tower,47,37,24,4,112,0,4,15,10,29,47,41,39,14,141,6,26,32,173
03/04/2023,LRD,TX,ASW,CE,Federal Contract Tower,30,23,12,4,69,0,0,8,1,9,30,23,20,5,78,10,0,10,88
03/05/2023,LRD,TX,ASW,CE,Federal Contract Tower,22,21,24,1,68,0,0,12,2,14,22,21,36,3,82,0,0,0,82
03/06/2023,LRD,TX,ASW,CE,Federal Contract Tower,34,29,16,11,90,0,1,17,5,23,34,30,33,16,113,3,50,53,166
03/07/2023,LRD,TX,ASW,CE,Federal Contract Tower,49,39,27,6,121,0,1,20,4,25,49,40,47,10,146,6,0,6,152
03/08/2023,LRD,TX,ASW,CE,Federal Contract Tower,54,46,35,11,146,0,2,32,6,40,54,48,67,17,186,0,16,16,202
03/09/2023,LRD,TX,ASW,CE,Federal Contract Tower,48,36,38,33,155,0,3,26,11,40,48,39,64,44,195,0,42,42,237
03/10/2023,LRD,TX,ASW,CE,Federal Contract Tower,45,24,30,17,116,0,5,25,1,31,45,29,55,18,147,0,18,18,165
03/11/2023,LRD,TX,ASW,CE,Federal Contract Tower,33,26,17,0,76,0,0,20,2,22,33,26,37,2,98,0,0,0,98
03/12/2023,LRD,TX,ASW,CE,Federal Contract Tower,11,16,33,4,64,0,1,14,0,15,11,17,47,4,79,0,0,0,79
03/13/2023,LRD,TX,ASW,CE,Federal Contract Tower,24,31,26,6,87,0,4,17,1,22,24,35,43,7,109,0,0,0,109
03/14/2023,LRD,TX,ASW,CE,Federal Contract Tower,34,40,25,2,101,0,0,9,0,9,34,40,34,2,110,0,0,0,110
03/15/2023,LRD,TX,ASW,CE,Federal Contract Tower,47,34,44,4,129,0,0,12,0,12,47,34,56,4,141,0,0,0,141
03/16/2023,LRD,TX,ASW,CE,Federal Contract Tower,47,41,21,23,132,0,0,16,1,17,47,41,37,24,149,4,0,4,153
03/17/2023,LRD,TX,ASW,CE,Federal Contract Tower,29,26,28,6,89,0,0,13,5,18,29,26,41,11,107,0,48,48,155
03/18/2023,LRD,TX,ASW,CE,Federal Contract Tower,26,21,19,0,66,0,0,8,0,8,26,21,27,0,74,0,0,0,74
03/19/2023,LRD,TX,ASW,CE,Federal Contract Tower,13,21,20,0,54,0,1,5,2,8,13,22,25,2,62,0,0,0,62
03/20/2023,LRD,TX,ASW,CE,Federal Contract Tower,18,48,25,2,93,0,6,22,0,28,18,54,47,2,121,14,0,14,135
03/21/2023,LRD,TX,ASW,CE,Federal Contract Tower,39,42,29,10,120,0,0,15,5,20,39,42,44,15,140,0,20,20,160
03/22/2023,LRD,TX,ASW,CE,Federal Contract Tower,49,38,33,8,128,2,2,21,0,25,51,40,54,8,153,0,18,18,171
03/23/2023,LRD,TX,ASW,CE,Federal Contract Tower,43,39,28,6,116,0,6,26,3,35,43,45,54,9,151,0,0,0,151
03/24/2023,LRD,TX,ASW,CE,Federal Contract Tower,31,26,18,9,84,0,1,26,3,30,31,27,44,12,114,0,12,12,126
03/25/2023,LRD,TX,ASW,CE,Federal Contract Tower,21,24,11,3,59,0,3,26,4,33,21,27,37,7,92,4,0,4,96
03/26/2023,LRD,TX,ASW,CE,Federal Contract Tower,11,20,22,2,55,0,0,28,0,28,11,20,50,2,83,0,0,0,83
03/27/2023,LRD,TX,ASW,CE,Federal Contract Tower,28,26,22,2,78,0,3,20,4,27,28,29,42,6,105,6,0,6,111
03/28/2023,LRD,TX,ASW,CE,Federal Contract Tower,47,42,30,6,125,0,11,14,1,26,47,53,44,7,151,0,0,0,151
03/29/2023,LRD,TX,ASW,CE,Federal Contract Tower,49,64,20,6,139,0,4,25,0,29,49,68,45,6,168,0,0,0,168
03/30/2023,LRD,TX,ASW,CE,Federal Contract Tower,49,56,32,4,141,0,0,23,2,25,49,56,55,6,166,2,0,2,168
03/31/2023,LRD,TX,ASW,CE,Federal Contract Tower,42,39,31,21,133,0,1,30,4,35,42,40,61,25,168,2,20,22,190
04/01/2023,LRD,TX,ASW,CE,Federal Contract Tower,35,31,28,0,94,0,0,4,1,5,35,31,32,1,99,0,0,0,99
04/02/2023,LRD,TX,ASW,CE,Federal Contract Tower,15,25,23,19,82,0,1,28,2,31,15,26,51,21,113,0,0,0,113
04/03/2023,LRD,TX,ASW,CE,Federal Contract Tower,34,32,21,18,105,0,7,32,1,40,34,39,53,19,145,0,56,56,201
04/04/2023,LRD,TX,ASW,CE,Federal Contract Tower,47,41,18,10,116,0,13,32,2,47,47,54,50,12,163,12,38,50,213
04/05/2023,LRD,TX,ASW,CE,Federal Contract Tower,44,57,32,4,137,0,1,24,0,25,44,58,56,4,162,0,0,0,162
04/06/2023,LRD,TX,ASW,CE,Federal Contract Tower,43,31,19,0,93,0,0,9,0,9,43,31,28,0,102,0,0,0,102
04/07/2023,LRD,TX,ASW,CE,Federal Contract Tower,15,16,14,0,45,0,0,0,0,0,15,16,14,0,45,0,0,0,45
04/08/2023,LRD,TX,ASW,CE,Federal Contract Tower,20,11,10,0,41,0,4,15,2,21,20,15,25,2,62,0,0,0,62
04/09/2023,LRD,TX,ASW,CE,Federal Contract Tower,6,10,24,2,42,0,3,12,0,15,6,13,36,2,57,0,0,0,57
04/10/2023,LRD,TX,ASW,CE,Federal Contract Tower,18,27,31,0,76,0,0,19,2,21,18,27,50,2,97,0,0,0,97
04/11/2023,LRD,TX,ASW,CE,Federal Contract Tower,30,37,35,6,108,0,5,27,3,35,30,42,62,9,143,0,4,4,147
04/12/2023,LRD,TX,ASW,CE,Federal Contract Tower,37,37,33,12,119,0,2,49,6,57,37,39,82,18,176,0,8,8,184
04/13/2023,LRD,TX,ASW,CE,Federal Contract Tower,32,41,35,19,127,0,5,34,9,48,32,46,69,28,175,18,8,26,201
04/14/2023,LRD,TX,ASW,CE,Federal Contract Tower,19,22,26,24,91,0,0,17,2,19,19,22,43,26,110,0,0,0,110
04/15/2023,LRD,TX,ASW,CE,Federal Contract Tower,12,20,15,2,49,0,1,16,0,17,12,21,31,2,66,0,0,0,66
04/16/2023,LRD,TX,ASW,CE,Federal Contract Tower,13,11,16,1,41,0,6,28,1,35,13,17,44,2,76,0,0,0,76
04/17/2023,LRD,TX,ASW,CE,Federal Contract Tower,12,18,21,25,76,0,0,14,14,28,12,18,35,39,104,1,66,67,171
04/18/2023,LRD,TX,ASW,CE,Federal Contract Tower,38,26,32,0,96,0,0,17,2,19,38,26,49,2,115,0,0,0,115
04/19/2023,LRD,TX,ASW,CE,Federal Contract Tower,34,30,38,13,115,0,1,18,3,22,34,31,56,16,137,0,38,38,175
04/20/2023,LRD,TX,ASW,CE,Federal Contract Tower,38,26,29,17,110,0,4,17,3,24,38,30,46,20,134,0,0,0,134
04/21/2023,LRD,TX,ASW,CE,Federal Contract Tower,36,22,27,4,89,0,3,32,4,39,36,25,59,8,128,0,0,0,128
04/22/2023,LRD,TX,ASW,CE,Federal Contract Tower,21,24,21,0,66,0,0,14,1,15,21,24,35,1,81,0,0,0,81
04/23/2023,LRD,TX,ASW,CE,Federal Contract Tower,11,17,24,0,52,0,0,6,0,6,11,17,30,0,58,0,0,0,58
04/24/2023,LRD,TX,ASW,CE,Federal Contract Tower,33,25,33,9,100,0,0,18,3,21,33,25,51,12,121,14,10,24,145
04/25/2023,LRD,TX,ASW,CE,Federal Contract Tower,43,30,28,13,114,0,1,22,4,27,43,31,50,17,141,0,0,0,141
04/26/2023,LRD,TX,ASW,CE,Federal Contract Tower,50,34,37,10,131,0,7,17,4,28,50,41,54,14,159,0,16,16,175
04/27/2023,LRD,TX,ASW,CE,Federal Contract Tower,46,37,28,11,122,0,4,18,3,25,46,41,46,14,147,0,0,0,147
04/28/2023,LRD,TX,ASW,CE,Federal Contract Tower,30,20,30,0,80,0,0,17,3,20,30,20,47,3,100,0,0,0,100
04/29/2023,LRD,TX,ASW,CE,Federal Contract Tower,21,26,14,0,61,0,3,1,0,4,21,29,15,0,65,0,0,0,65
04/30/2023,LRD,TX,ASW,CE,Federal Contract Tower,14,25,16,0,55,0,0,21,6,27,14,25,37,6,82,6,0,6,88
05/01/2023,LRD,TX,ASW,CE,Federal Contract Tower,31,26,18,16,91,0,9,22,3,34,31,35,40,19,125,0,0,0,125
05/02/2023,LRD,TX,ASW,CE,Federal Contract Tower,37,42,33,12,124,0,2,19,5,26,37,44,52,17,150,0,0,0,150
05/03/2023,LRD,TX,ASW,CE,Federal Contract Tower,50,34,26,8,118,0,0,24,4,28,50,34,50,12,146,0,0,0,146
05/04/2023,LRD,TX,ASW,CE,Federal Contract Tower,55,35,27,44,161,0,0,13,0,13,55,35,40,44,174,0,0,0,174
05/05/2023,LRD,TX,ASW,CE,Federal Contract Tower,29,27,22,25,103,0,5,21,2,28,29,32,43,27,131,0,0,0,131
05/06/2023,LRD,TX,ASW,CE,Federal Contract Tower,23,27,11,0,61,0,3,14,1,18,23,30,25,1,79,0,0,0,79
05/07/2023,LRD,TX,ASW,CE,Federal Contract Tower,16,14,13,41,84,0,0,13,6,19,16,14,26,47,103,0,4,4,107
05/08/2023,LRD,TX,ASW,CE,Federal Contract Tower,26,39,31,36,132,0,0,25,2,27,26,39,56,38,159,8,38,46,205
05/09/2023,LRD,TX,ASW,CE,Federal Contract Tower,40,32,22,8,102,0,0,22,2,24,40,32,44,10,126,34,0,34,160
05/10/2023,LRD,TX,ASW,CE,Federal Contract Tower,47,46,18,42,153,0,0,29,9,38,47,46,47,51,191,0,40,40,231
05/11/2023,LRD,TX,ASW,CE,Federal Contract Tower,39,35,28,4,106,0,0,34,5,39,39,35,62,9,145,0,0,0,145
05/12/2023,LRD,TX,ASW,CE,Federal Contract Tower,21,24,34,8,87,0,6,12,0,18,21,30,46,8,105,0,20,20,125
05/13/2023,LRD,TX,ASW,CE,Federal Contract Tower,20,25,11,0,56,0,0,3,1,4,20,25,14,1,60,0,0,0,60
05/14/2023,LRD,TX,ASW,CE,Federal Contract Tower,17,16,7,2,42,0,0,19,1,20,17,16,26,3,62,12,0,12,74
05/15/2023,LRD,TX,ASW,CE,Federal Contract Tower,24,32,24,14,94,0,0,13,2,15,24,32,37,16,109,0,20,20,129
05/16/2023,LRD,TX,ASW,CE,Federal Contract Tower,36,46,21,10,113,0,0,8,4,12,36,46,29,14,125,0,30,30,155
05/17/2023,LRD,TX,ASW,CE,Federal Contract Tower,49,57,22,8,136,0,1,31,8,40,49,58,53,16,176,0,0,0,176
05/18/2023,LRD,TX,ASW,CE,Federal Contract Tower,49,40,33,4,126,0,2,30,9,41,49,42,63,13,167,0,8,8,175
05/19/2023,LRD,TX,ASW,CE,Federal Contract Tower,23,27,27,21,98,0,2,18,8,28,23,29,45,29,126,0,0,0,126
05/20/2023,LRD,TX,ASW,CE,Federal Contract Tower,24,35,15,0,74,0,5,3,0,8,24,40,18,0,82,0,0,0,82
05/21/2023,LRD,TX,ASW,CE,Federal Contract Tower,22,18,10,2,52,0,0,13,0,13,22,18,23,2,65,0,0,0,65
05/22/2023,LRD,TX,ASW,CE,Federal Contract Tower,33,31,20,8,92,0,6,26,1,33,33,37,46,9,125,0,0,0,125
05/23/2023,LRD,TX,ASW,CE,Federal Contract Tower,34,52,19,13,118,0,1,24,5,30,34,53,43,18,148,0,20,20,168
05/24/2023,LRD,TX,ASW,CE,Federal Contract Tower,40,36,28,6,110,0,3,40,4,47,40,39,68,10,157,0,0,0,157
05/25/2023,LRD,TX,ASW,CE,Federal Contract Tower,44,41,39,9,133,0,3,32,4,39,44,44,71,13,172,0,22,22,194
05/26/2023,LRD,TX,ASW,CE,Federal Contract Tower,27,23,22,0,72,0,2,25,2,29,27,25,47,2,101,0,0,0,101
05/27/2023,LRD,TX,ASW,CE,Federal Contract Tower,18,14,15,1,48,0,1,13,2,16,18,15,28,3,64,0,0,0,64
05/28/2023,LRD,TX,ASW,CE,Federal Contract Tower,13,8,12,0,33,0,6,12,2,20,13,14,24,2,53,0,0,0,53
05/29/2023,LRD,TX,ASW,CE,Federal Contract Tower,12,18,8,0,38,0,4,22,2,28,12,22,30,2,66,0,0,0,66
05/30/2023,LRD,TX,ASW,CE,Federal Contract Tower,31,25,22,20,98,0,0,26,2,28,31,25,48,22,126,0,18,18,144
05/31/2023,LRD,TX,ASW,CE,Federal Contract Tower,24,33,35,6,98,0,0,37,7,44,24,33,72,13,142,0,34,34,176
06/01/2023,LRD,TX,ASW,CE,Federal Contract Tower,21,34,24,2,81,0,0,31,4,35,21,34,55,6,116,6,0,6,122
06/02/2023,LRD,TX,ASW,CE,Federal Contract Tower,19,21,30,0,70,0,0,21,5,26,19,21,51,5,96,0,0,0,96
06/03/2023,LRD,TX,ASW,CE,Federal Contract Tower,14,14,9,0,37,0,7,4,0,11,14,21,13,0,48,0,0,0,48
06/04/2023,LRD,TX,ASW,CE,Federal Contract Tower,17,17,15,0,49,0,0,11,0,11,17,17,26,0,60,0,0,0,60
06/05/2023,LRD,TX,ASW,CE,Federal Contract Tower,19,30,23,16,88,0,0,12,3,15,19,30,35,19,103,0,4,4,107
06/06/2023,LRD,TX,ASW,CE,Federal Contract Tower,40,22,23,0,85,0,2,28,6,36,40,24,51,6,121,6,0,6,127
06/07/2023,LRD,TX,ASW,CE,Federal Contract Tower,37,36,19,16,108,1,0,28,7,36,38,36,47,23,144,0,46,46,190
06/08/2023,LRD,TX,ASW,CE,Federal Contract Tower,35,19,33,10,97,0,0,32,5,37,35,19,65,15,134,0,0,0,134
06/09/2023,LRD,TX,ASW,CE,Federal Contract Tower,29,20,24,6,79,0,0,41,3,44,29,20,65,9,123,4,40,44,167
06/10/2023,LRD,TX,ASW,CE,Federal Contract Tower,23,12,16,2,53,0,0,4,1,5,23,12,20,3,58,0,0,0,58
06/11/2023,LRD,TX,ASW,CE,Federal Contract Tower,15,10,7,0,32,0,4,19,1,24,15,14,26,1,56,0,0,0,56
06/12/2023,LRD,TX,ASW,CE,Federal Contract Tower,28,24,16,2,70,0,1,44,3,48,28,25,60,5,118,0,0,0,118
06/13/2023,LRD,TX,ASW,CE,Federal Contract Tower,38,27,15,16,96,0,0,29,8,37,38,27,44,24,133,0,41,41,174
06/14/2023,LRD,TX,ASW,CE,Federal Contract Tower,51,51,23,6,131,0,1,29,11,41,51,52,52,17,172,0,46,46,218
06/15/2023,LRD,TX,ASW,CE,Federal Contract Tower,42,52,31,4,129,0,0,22,10,32,42,52,53,14,161,0,28,28,189
06/16/2023,LRD,TX,ASW,CE,Federal Contract Tower,35,28,18,6,87,0,5,26,4,35,35,33,44,10,122,0,0,0,122
06/17/2023,LRD,TX,ASW,CE,Federal Contract Tower,28,27,17,0,72,0,3,8,0,11,28,30,25,0,83,6,0,6,89
06/18/2023,LRD,TX,ASW,CE,Federal Contract Tower,13,17,20,0,50,0,1,21,1,23,13,18,41,1,73,0,0,0,73
06/19/2023,LRD,TX,ASW,CE,Federal Contract Tower,30,34,28,0,92,0,3,16,3,22,30,37,44,3,114,0,0,0,114
06/20/2023,LRD,TX,ASW,CE,Federal Contract Tower,29,45,25,0,99,0,0,16,12,28,29,45,41,12,127,0,40,40,167
06/21/2023,LRD,TX,ASW,CE,Federal Contract Tower,43,63,34,2,142,0,4,30,9,43,43,67,64,11,185,0,18,18,203
06/22/2023,LRD,TX,ASW,CE,Federal Contract Tower,46,48,30,11,135,2,2,40,7,51,48,50,70,18,186,0,16,16,202
06/23/2023,LRD,TX,ASW,CE,Federal Contract Tower,35,42,22,4,103,0,0,27,17,44,35,42,49,21,147,0,0,0,147
06/24/2023,LRD,TX,ASW,CE,Federal Contract Tower,37,21,12,1,71,0,6,14,2,22,37,27,26,3,93,0,0,0,93
06/25/2023,LRD,TX,ASW,CE,Federal Contract Tower,14,24,26,0,64,0,5,28,0,33,14,29,54,0,97,0,0,0,97
06/26/2023,LRD,TX,ASW,CE,Federal Contract Tower,33,39,18,16,106,0,0,21,6,27,33,39,39,22,133,0,0,0,133
06/27/2023,LRD,TX,ASW,CE,Federal Contract Tower,42,43,23,6,114,0,15,25,9,49,42,58,48,15,163,0,0,0,163
06/28/2023,LRD,TX,ASW,CE,Federal Contract Tower,50,50,26,29,155,0,13,43,22,78,50,63,69,51,233,0,14,14,247
06/29/2023,LRD,TX,ASW,CE,Federal Contract Tower,39,37,24,2,102,0,2,32,20,54,39,39,56,22,156,0,56,56,212
06/30/2023,LRD,TX,ASW,CE,Federal Contract Tower,33,25,27,2,87,0,0,16,7,23,33,25,43,9,110,6,0,6,116
07/01/2023,LRD,TX,ASW,CE,Federal Contract Tower,14,12,17,0,43,0,0,13,2,15,14,12,30,2,58,0,0,0,58
07/02/2023,LRD,TX,ASW,CE,Federal Contract Tower,11,10,14,0,35,0,0,3,0,3,11,10,17,0,38,0,0,0,38
07/03/2023,LRD,TX,ASW,CE,Federal Contract Tower,12,19,13,0,44,0,0,22,2,24,12,19,35,2,68,0,0,0,68
07/04/2023,LRD,TX,ASW,CE,Federal Contract Tower,14,5,17,0,36,0,0,17,0,17,14,5,34,0,53,0,0,0,53
07/05/2023,LRD,TX,ASW,CE,Federal Contract Tower,16,16,28,11,71,0,0,26,5,31,16,16,54,16,102,34,50,84,186
07/06/2023,LRD,TX,ASW,CE,Federal Contract Tower,17,17,23,16,73,0,0,10,5,15,17,17,33,21,88,0,22,22,110
07/07/2023,LRD,TX,ASW,CE,Federal Contract Tower,17,20,21,0,58,0,0,16,3,19,17,20,37,3,77,0,0,0,77
07/08/2023,LRD,TX,ASW,CE,Federal Contract Tower,11,9,11,8,39,0,3,10,4,17,11,12,21,12,56,2,0,2,58
07/09/2023,LRD,TX,ASW,CE,Federal Contract Tower,11,12,15,4,42,0,3,25,1,29,11,15,40,5,71,0,0,0,71
07/10/2023,LRD,TX,ASW,CE,Federal Contract Tower,18,20,26,6,70,0,4,33,3,40,18,24,59,9,110,0,24,24,134
07/11/2023,LRD,TX,ASW,CE,Federal Contract Tower,31,21,22,10,84,0,0,16,2,18,31,21,38,12,102,0,34,34,136
07/12/2023,LRD,TX,ASW,CE,Federal Contract Tower,18,23,29,16,86,0,7,24,5,36,18,30,53,21,122,0,4,4,126
07/13/2023,LRD,TX,ASW,CE,Federal Contract Tower,26,25,31,14,96,0,1,15,5,21,26,26,46,19,117,0,6,6,123
07/14/2023,LRD,TX,ASW,CE,Federal Contract Tower,17,14,25,7,63,0,2,18,3,23,17,16,43,10,86,0,52,52,138
07/15/2023,LRD,TX,ASW,CE,Federal Contract Tower,16,12,14,0,42,0,3,19,1,23,16,15,33,1,65,14,0,14,79
07/16/2023,LRD,TX,ASW,CE,Federal Contract Tower,14,12,18,0,44,0,0,15,2,17,14,12,33,2,61,0,0,0,61
07/17/2023,LRD,TX,ASW,CE,Federal Contract Tower,20,15,23,13,71,0,0,16,7,23,20,15,39,20,94,0,104,104,198
07/18/2023,LRD,TX,ASW,CE,Federal Contract Tower,38,17,11,13,79,0,1,31,2,34,38,18,42,15,113,0,6,6,119
07/19/2023,LRD,TX,ASW,CE,Federal Contract Tower,28,22,36,2,88,0,3,29,9,41,28,25,65,11,129,0,0,0,129
07/20/2023,LRD,TX,ASW,CE,Federal Contract Tower,23,31,21,9,84,0,0,32,3,35,23,31,53,12,119,0,0,0,119
07/21/2023,LRD,TX,ASW,CE,Federal Contract Tower,21,19,13,4,57,0,4,36,5,45,21,23,49,9,102,0,32,32,134
07/22/2023,LRD,TX,ASW,CE,Federal Contract Tower,14,21,14,0,49,0,1,18,1,20,14,22,32,1,69,0,0,0,69
07/23/2023,LRD,TX,ASW,CE,Federal Contract Tower,24,13,16,10,63,0,0,31,1,32,24,13,47,11,95,0,0,0,95
07/24/2023,LRD,TX,ASW,CE,Federal Contract Tower,21,27,19,4,71,0,0,44,3,47,21,27,63,7,118,0,24,24,142
07/25/2023,LRD,TX,ASW,CE,Federal Contract Tower,31,30,18,4,83,0,0,21,3,24,31,30,39,7,107,0,0,0,107
07/26/2023,LRD,TX,ASW,CE,Federal Contract Tower,30,26,19,7,82,0,6,35,5,46,30,32,54,12,128,0,28,28,156
07/27/2023,LRD,TX,ASW,CE,Federal Contract Tower,38,24,24,4,90,0,3,13,6,22,38,27,37,10,112,0,12,12,124
07/28/2023,LRD,TX,ASW,CE,Federal Contract Tower,35,23,17,4,79,0,0,18,3,21,35,23,35,7,100,6,0,6,106
07/29/2023,LRD,TX,ASW,CE,Federal Contract Tower,29,25,8,2,64,0,0,2,1,3,29,25,10,3,67,1,0,1,68
07/30/2023,LRD,TX,ASW,CE,Federal Contract Tower,15,10,14,0,39,0,0,32,0,32,15,10,46,0,71,0,0,0,71
07/31/2023,LRD,TX,ASW,CE,Federal Contract Tower,24,19,20,12,75,0,0,31,4,35,24,19,51,16,110,0,0,0,110
08/01/2023,LRD,TX,ASW,CE,Federal Contract Tower,39,18,29,9,95,0,0,45,0,45,39,18,74,9,140,46,32,78,218
08/02/2023,LRD,TX,ASW,CE,Federal Contract Tower,23,24,26,18,91,0,0,48,3,51,23,24,74,21,142,14,84,98,240
08/03/2023,LRD,TX,ASW,CE,Federal Contract Tower,44,40,36,11,131,0,4,28,3,35,44,44,64,14,166,0,24,24,190
08/04/2023,LRD,TX,ASW,CE,Federal Contract Tower,29,21,27,8,85,0,10,27,0,37,29,31,54,8,122,0,18,18,140
08/05/2023,LRD,TX,ASW,CE,Federal Contract Tower,18,12,12,2,44,0,8,10,1,19,18,20,22,3,63,6,0,6,69
08/06/2023,LRD,TX,ASW,CE,Federal Contract Tower,19,8,10,0,37,0,3,35,1,39,19,11,45,1,76,0,0,0,76
08/07/2023,LRD,TX,ASW,CE,Federal Contract Tower,28,25,21,16,90,0,5,43,3,51,28,30,64,19,141,12,0,12,153
08/08/2023,LRD,TX,ASW,CE,Federal Contract Tower,37,28,16,1,82,0,0,18,5,23,37,28,34,6,105,0,0,0,105
08/09/2023,LRD,TX,ASW,CE,Federal Contract Tower,38,36,19,20,113,0,1,32,2,35,38,37,51,22,148,0,30,30,178
08/10/2023,LRD,TX,ASW,CE,Federal Contract Tower,28,25,24,12,89,0,3,32,5,40,28,28,56,17,129,0,32,32,161
08/11/2023,LRD,TX,ASW,CE,Federal Contract Tower,25,16,30,10,81,0,7,18,7,32,25,23,48,17,113,0,50,50,163
08/12/2023,LRD,TX,ASW,CE,Federal Contract Tower,20,8,13,0,41,0,0,12,1,13,20,8,25,1,54,0,0,0,54
08/13/2023,LRD,TX,ASW,CE,Federal Contract Tower,23,11,26,0,60,0,0,0,0,0,23,11,26,0,60,18,0,18,78
08/14/2023,LRD,TX,ASW,CE,Federal Contract Tower,28,27,35,15,105,0,15,32,3,50,28,42,67,18,155,14,20,34,189
08/15/2023,LRD,TX,ASW,CE,Federal Contract Tower,25,56,26,14,121,0,0,35,2,37,25,56,61,16,158,0,32,32,190
08/16/2023,LRD,TX,ASW,CE,Federal Contract Tower,28,35,23,6,92,0,6,17,0,23,28,41,40,6,115,0,54,54,169
08/17/2023,LRD,TX,ASW,CE,Federal Contract Tower,40,25,25,5,95,0,1,46,15,62,40,26,71,20,157,6,18,24,181
08/18/2023,LRD,TX,ASW,CE,Federal Contract Tower,37,35,23,6,101,0,0,21,3,24,37,35,44,9,125,0,0,0,125
08/19/2023,LRD,TX,ASW,CE,Federal Contract Tower,18,9,13,0,40,0,6,11,0,17,18,15,24,0,57,6,0,6,63
08/20/2023,LRD,TX,ASW,CE,Federal Contract Tower,16,15,5,1,37,0,6,19,1,26,16,21,24,2,63,0,0,0,63
08/21/2023,LRD,TX,ASW,CE,Federal Contract Tower,16,18,29,2,65,0,2,30,2,34,16,20,59,4,99,0,0,0,99
08/22/2023,LRD,TX,ASW,CE,Federal Contract Tower,24,14,7,0,45,0,0,2,0,2,24,14,9,0,47,0,0,0,47
08/23/2023,LRD,TX,ASW,CE,Federal Contract Tower,28,28,26,2,84,0,6,21,3,30,28,34,47,5,114,0,0,0,114
08/24/2023,LRD,TX,ASW,CE,Federal Contract Tower,43,34,19,10,106,0,0,25,5,30,43,34,44,15,136,0,4,4,140
08/25/2023,LRD,TX,ASW,CE,Federal Contract Tower,40,16,24,0,80,0,2,24,3,29,40,18,48,3,109,0,0,0,109
08/26/2023,LRD,TX,ASW,CE,Federal Contract Tower,23,23,8,0,54,0,4,14,0,18,23,27,22,0,72,0,0,0,72
08/27/2023,LRD,TX,ASW,CE,Federal Contract Tower,12,14,20,3,49,0,3,37,1,41,12,17,57,4,90,10,0,10,100
08/28/2023,LRD,TX,ASW,CE,Federal Contract Tower,28,26,10,12,76,0,4,24,4,32,28,30,34,16,108,6,18,24,132
08/29/2023,LRD,TX,ASW,CE,Federal Contract Tower,39,26,20,10,95,0,0,19,2,21,39,26,39,12,116,0,0,0,116
08/30/2023,LRD,TX,ASW,CE,Federal Contract Tower,29,33,23,16,101,0,3,32,5,40,29,36,55,21,141,0,2,2,143
08/31/2023,LRD,TX,ASW,CE,Federal Contract Tower,30,37,18,14,99,0,0,24,3,27,30,37,42,17,126,0,108,108,234
