01/01/2020,LUK,OH,ASO,CE,Federal Contract Tower,0,7,29,0,36,0,5,47,0,52,0,12,76,0,88,54,0,54,142
01/02/2020,LUK,OH,ASO,CE,Federal Contract Tower,0,21,38,0,59,0,3,17,0,20,0,24,55,0,79,22,0,22,101
01/03/2020,LUK,OH,ASO,CE,Federal Contract Tower,0,23,29,0,52,0,0,0,0,0,0,23,29,0,52,0,0,0,52
01/04/2020,LUK,OH,ASO,CE,Federal Contract Tower,0,23,14,0,37,0,0,0,0,0,0,23,14,0,37,0,0,0,37
01/05/2020,LUK,OH,ASO,CE,Federal Contract Tower,0,35,50,0,85,0,1,115,0,116,0,36,165,0,201,72,0,72,273
01/06/2020,LUK,OH,ASO,CE,Federal Contract Tower,0,21,37,0,58,0,0,57,0,57,0,21,94,0,115,44,0,44,159
01/07/2020,LUK,OH,ASO,CE,Federal Contract Tower,0,33,63,1,97,0,15,87,4,106,0,48,150,5,203,80,12,92,295
01/08/2020,LUK,OH,ASO,CE,Federal Contract Tower,0,45,61,0,106,0,4,68,0,72,0,49,129,0,178,78,0,78,256
01/09/2020,LUK,OH,ASO,CE,Federal Contract Tower,0,39,74,7,120,0,4,41,2,47,0,43,115,9,167,38,0,38,205
01/10/2020,LUK,OH,ASO,CE,Federal Contract Tower,0,28,42,0,70,0,0,3,0,3,0,28,45,0,73,14,0,14,87
01/11/2020,LUK,OH,ASO,CE,Federal Contract Tower,0,13,11,0,24,0,0,0,0,0,0,13,11,0,24,0,0,0,24
01/12/2020,LUK,OH,ASO,CE,Federal Contract Tower,0,14,28,0,42,0,2,51,0,53,0,16,79,0,95,88,0,88,183
01/13/2020,LUK,OH,ASO,CE,Federal Contract Tower,0,26,64,0,90,0,10,105,0,115,0,36,169,0,205,160,0,160,365
01/14/2020,LUK,OH,ASO,CE,Federal Contract Tower,0,46,54,0,100,0,6,32,0,38,0,52,86,0,138,52,0,52,190
01/15/2020,LUK,OH,ASO,CE,Federal Contract Tower,0,41,32,0,73,0,0,0,0,0,0,41,32,0,73,0,0,0,73
01/16/2020,LUK,OH,ASO,CE,Federal Contract Tower,0,50,58,0,108,0,2,76,4,82,0,52,134,4,190,48,0,48,238
01/17/2020,LUK,OH,ASO,CE,Federal Contract Tower,0,38,48,0,86,0,3,49,0,52,0,41,97,0,138,48,0,48,186
01/18/2020,LUK,OH,ASO,CE,Federal Contract Tower,0,16,15,0,31,0,1,4,0,5,0,17,19,0,36,0,0,0,36
01/19/2020,LUK,OH,ASO,CE,Federal Contract Tower,0,29,25,0,54,0,0,6,0,6,0,29,31,0,60,2,0,2,62
01/20/2020,LUK,OH,ASO,CE,Federal Contract Tower,0,28,40,0,68,0,0,77,0,77,0,28,117,0,145,60,0,60,205
01/21/2020,LUK,OH,ASO,CE,Federal Contract Tower,0,28,51,5,84,0,5,87,2,94,0,33,138,7,178,98,0,98,276
01/22/2020,LUK,OH,ASO,CE,Federal Contract Tower,0,39,61,0,100,0,2,69,1,72,0,41,130,1,172,116,0,116,288
01/23/2020,LUK,OH,ASO,CE,Federal Contract Tower,0,45,66,1,112,0,4,78,2,84,0,49,144,3,196,154,0,154,350
01/24/2020,LUK,OH,ASO,CE,Federal Contract Tower,0,41,37,0,78,0,0,0,0,0,0,41,37,0,78,0,0,0,78
01/25/2020,LUK,OH,ASO,CE,Federal Contract Tower,0,11,14,0,25,0,0,0,0,0,0,11,14,0,25,0,0,0,25
01/26/2020,LUK,OH,ASO,CE,Federal Contract Tower,0,29,27,0,56,0,0,72,0,72,0,29,99,0,128,102,0,102,230
01/27/2020,LUK,OH,ASO,CE,Federal Contract Tower,0,40,45,0,85,0,0,8,0,8,0,40,53,0,93,28,0,28,121
01/28/2020,LUK,OH,ASO,CE,Federal Contract Tower,2,31,34,0,67,0,1,25,0,26,2,32,59,0,93,90,0,90,183
01/29/2020,LUK,OH,ASO,CE,Federal Contract Tower,0,52,88,0,140,0,3,55,1,59,0,55,143,1,199,92,0,92,291
01/30/2020,LUK,OH,ASO,CE,Federal Contract Tower,0,31,86,3,120,0,6,80,8,94,0,37,166,11,214,116,0,116,330
01/31/2020,LUK,OH,ASO,CE,Federal Contract Tower,0,23,40,0,63,0,0,0,0,0,0,23,40,0,63,0,0,0,63
02/01/2020,LUK,OH,ASO,CE,Federal Contract Tower,0,3,19,0,22,0,0,40,0,40,0,3,59,0,62,60,0,60,122
02/02/2020,LUK,OH,ASO,CE,Federal Contract Tower,0,18,35,0,53,0,2,43,0,45,0,20,78,0,98,4,0,4,102
02/03/2020,LUK,OH,ASO,CE,Federal Contract Tower,0,26,53,0,79,0,12,74,0,86,0,38,127,0,165,24,0,24,189
02/04/2020,LUK,OH,ASO,CE,Federal Contract Tower,0,30,61,0,91,0,0,1,0,1,0,30,62,0,92,0,0,0,92
02/05/2020,LUK,OH,ASO,CE,Federal Contract Tower,0,31,47,0,78,0,0,21,0,21,0,31,68,0,99,60,0,60,159
02/06/2020,LUK,OH,ASO,CE,Federal Contract Tower,0,40,33,0,73,0,0,0,0,0,0,40,33,0,73,0,0,0,73
02/07/2020,LUK,OH,ASO,CE,Federal Contract Tower,0,49,39,0,88,0,2,13,0,15,0,51,52,0,103,34,0,34,137
02/08/2020,LUK,OH,ASO,CE,Federal Contract Tower,0,15,18,0,33,0,0,2,0,2,0,15,20,0,35,14,0,14,49
02/09/2020,LUK,OH,ASO,CE,Federal Contract Tower,0,14,45,0,59,0,1,39,0,40,0,15,84,0,99,60,0,60,159
02/10/2020,LUK,OH,ASO,CE,Federal Contract Tower,0,27,35,0,62,0,0,0,0,0,0,27,35,0,62,0,0,0,62
02/11/2020,LUK,OH,ASO,CE,Federal Contract Tower,0,33,55,0,88,0,2,32,2,36,0,35,87,2,124,56,0,56,180
02/12/2020,LUK,OH,ASO,CE,Federal Contract Tower,0,43,59,0,102,0,4,30,0,34,0,47,89,0,136,90,0,90,226
02/13/2020,LUK,OH,ASO,CE,Federal Contract Tower,0,50,55,4,109,0,3,11,0,14,0,53,66,4,123,44,0,44,167
02/14/2020,LUK,OH,ASO,CE,Federal Contract Tower,0,32,68,3,103,0,1,96,0,97,0,33,164,3,200,102,0,102,302
02/15/2020,LUK,OH,ASO,CE,Federal Contract Tower,0,13,38,0,51,0,0,127,4,131,0,13,165,4,182,126,0,126,308
02/16/2020,LUK,OH,ASO,CE,Federal Contract Tower,0,16,51,0,67,0,6,125,0,131,0,22,176,0,198,162,0,162,360
02/17/2020,LUK,OH,ASO,CE,Federal Contract Tower,0,36,77,0,113,0,6,79,0,85,0,42,156,0,198,124,0,124,322
02/18/2020,LUK,OH,ASO,CE,Federal Contract Tower,0,27,52,0,79,0,1,7,0,8,0,28,59,0,87,6,0,6,93
02/19/2020,LUK,OH,ASO,CE,Federal Contract Tower,0,36,55,8,99,0,4,91,1,96,0,40,146,9,195,224,4,228,423
02/20/2020,LUK,OH,ASO,CE,Federal Contract Tower,0,27,61,2,90,0,0,66,0,66,0,27,127,2,156,78,0,78,234
02/21/2020,LUK,OH,ASO,CE,Federal Contract Tower,0,31,61,0,92,0,2,82,0,84,0,33,143,0,176,94,0,94,270
02/22/2020,LUK,OH,ASO,CE,Federal Contract Tower,0,27,64,0,91,0,1,144,0,145,0,28,208,0,236,176,0,176,412
02/23/2020,LUK,OH,ASO,CE,Federal Contract Tower,0,40,74,0,114,0,2,134,0,136,0,42,208,0,250,124,0,124,374
02/24/2020,LUK,OH,ASO,CE,Federal Contract Tower,0,26,52,0,78,0,0,0,0,0,0,26,52,0,78,0,0,0,78
02/25/2020,LUK,OH,ASO,CE,Federal Contract Tower,0,55,57,0,112,0,0,0,0,0,0,55,57,0,112,0,0,0,112
02/26/2020,LUK,OH,ASO,CE,Federal Contract Tower,0,40,44,0,84,0,0,0,0,0,0,40,44,0,84,0,0,0,84
02/27/2020,LUK,OH,ASO,CE,Federal Contract Tower,0,36,61,0,97,0,14,24,0,38,0,50,85,0,135,46,0,46,181
02/28/2020,LUK,OH,ASO,CE,Federal Contract Tower,0,29,62,0,91,0,1,31,0,32,0,30,93,0,123,40,0,40,163
02/29/2020,LUK,OH,ASO,CE,Federal Contract Tower,0,15,43,0,58,0,9,108,0,117,0,24,151,0,175,58,0,58,233
03/01/2020,LUK,OH,ASO,CE,Federal Contract Tower,0,16,68,0,84,0,0,102,0,102,0,16,170,0,186,132,0,132,318
03/02/2020,LUK,OH,ASO,CE,Federal Contract Tower,0,34,36,2,72,0,0,0,0,0,0,34,36,2,72,0,0,0,72
03/03/2020,LUK,OH,ASO,CE,Federal Contract Tower,0,41,63,0,104,0,2,16,2,20,0,43,79,2,124,0,0,0,124
03/04/2020,LUK,OH,ASO,CE,Federal Contract Tower,0,31,49,3,83,0,13,51,0,64,0,44,100,3,147,36,0,36,183
03/05/2020,LUK,OH,ASO,CE,Federal Contract Tower,0,42,71,4,117,0,0,128,1,129,0,42,199,5,246,168,0,168,414
03/06/2020,LUK,OH,ASO,CE,Federal Contract Tower,0,27,38,0,65,0,0,1,0,1,0,27,39,0,66,0,0,0,66
03/07/2020,LUK,OH,ASO,CE,Federal Contract Tower,0,12,55,8,75,0,0,133,0,133,0,12,188,8,208,228,0,228,436
03/08/2020,LUK,OH,ASO,CE,Federal Contract Tower,0,24,62,0,86,0,1,119,4,124,0,25,181,4,210,94,0,94,304
03/09/2020,LUK,OH,ASO,CE,Federal Contract Tower,0,31,39,0,70,0,7,55,0,62,0,38,94,0,132,68,0,68,200
03/10/2020,LUK,OH,ASO,CE,Federal Contract Tower,0,35,51,0,86,0,4,9,0,13,0,39,60,0,99,36,0,36,135
03/11/2020,LUK,OH,ASO,CE,Federal Contract Tower,0,34,58,6,98,0,0,20,0,20,0,34,78,6,118,50,0,50,168
03/12/2020,LUK,OH,ASO,CE,Federal Contract Tower,0,27,66,1,94,0,1,35,0,36,0,28,101,1,130,60,0,60,190
03/13/2020,LUK,OH,ASO,CE,Federal Contract Tower,0,30,55,2,87,0,2,78,0,80,0,32,133,2,167,26,0,26,193
03/14/2020,LUK,OH,ASO,CE,Federal Contract Tower,0,18,20,3,41,0,0,20,0,20,0,18,40,3,61,2,0,2,63
03/15/2020,LUK,OH,ASO,CE,Federal Contract Tower,0,22,41,0,63,0,0,51,0,51,0,22,92,0,114,154,0,154,268
03/16/2020,LUK,OH,ASO,CE,Federal Contract Tower,0,25,45,0,70,0,0,56,0,56,0,25,101,0,126,64,0,64,190
03/17/2020,LUK,OH,ASO,CE,Federal Contract Tower,0,21,20,0,41,0,0,41,0,41,0,21,61,0,82,66,0,66,148
03/18/2020,LUK,OH,ASO,CE,Federal Contract Tower,0,23,31,0,54,0,0,2,0,2,0,23,33,0,56,0,0,0,56
03/19/2020,LUK,OH,ASO,CE,Federal Contract Tower,0,14,20,0,34,0,0,4,0,4,0,14,24,0,38,0,0,0,38
03/20/2020,LUK,OH,ASO,CE,Federal Contract Tower,0,18,22,0,40,0,3,19,0,22,0,21,41,0,62,16,0,16,78
03/21/2020,LUK,OH,ASO,CE,Federal Contract Tower,0,14,15,0,29,0,1,61,0,62,0,15,76,0,91,94,0,94,185
03/22/2020,LUK,OH,ASO,CE,Federal Contract Tower,0,11,29,0,40,0,0,84,0,84,0,11,113,0,124,54,0,54,178
03/23/2020,LUK,OH,ASO,CE,Federal Contract Tower,0,19,18,0,37,0,5,12,0,17,0,24,30,0,54,12,0,12,66
03/24/2020,LUK,OH,ASO,CE,Federal Contract Tower,0,8,12,0,20,0,0,27,0,27,0,8,39,0,47,78,0,78,125
03/25/2020,LUK,OH,ASO,CE,Federal Contract Tower,0,10,18,0,28,0,5,59,0,64,0,15,77,0,92,88,0,88,180
03/26/2020,LUK,OH,ASO,CE,Federal Contract Tower,0,8,12,0,20,0,0,36,0,36,0,8,48,0,56,52,0,52,108
03/27/2020,LUK,OH,ASO,CE,Federal Contract Tower,0,12,12,0,24,0,2,15,0,17,0,14,27,0,41,48,0,48,89
03/28/2020,LUK,OH,ASO,CE,Federal Contract Tower,0,4,6,0,10,0,0,17,0,17,0,4,23,0,27,4,0,4,31
03/29/2020,LUK,OH,ASO,CE,Federal Contract Tower,0,7,13,0,20,0,0,3,0,3,0,7,16,0,23,0,0,0,23
03/30/2020,LUK,OH,ASO,CE,Federal Contract Tower,0,9,18,0,27,0,0,15,0,15,0,9,33,0,42,26,0,26,68
03/31/2020,LUK,OH,ASO,CE,Federal Contract Tower,0,14,13,0,27,0,17,24,0,41,0,31,37,0,68,38,0,38,106
04/01/2020,LUK,OH,ASO,CE,Federal Contract Tower,0,9,14,0,23,0,2,33,0,35,0,11,47,0,58,100,0,100,158
04/02/2020,LUK,OH,ASO,CE,Federal Contract Tower,0,7,21,0,28,0,0,70,0,70,0,7,91,0,98,146,0,146,244
04/03/2020,LUK,OH,ASO,CE,Federal Contract Tower,0,12,15,0,27,0,1,92,0,93,0,13,107,0,120,116,0,116,236
04/04/2020,LUK,OH,ASO,CE,Federal Contract Tower,0,6,15,0,21,0,0,65,0,65,0,6,80,0,86,98,0,98,184
04/05/2020,LUK,OH,ASO,CE,Federal Contract Tower,0,5,18,0,23,0,2,10,0,12,0,7,28,0,35,36,0,36,71
04/06/2020,LUK,OH,ASO,CE,Federal Contract Tower,0,6,12,0,18,0,0,33,0,33,0,6,45,0,51,54,0,54,105
04/07/2020,LUK,OH,ASO,CE,Federal Contract Tower,0,11,7,0,18,0,3,26,0,29,0,14,33,0,47,76,0,76,123
04/08/2020,LUK,OH,ASO,CE,Federal Contract Tower,0,7,13,0,20,0,2,32,0,34,0,9,45,0,54,84,0,84,138
04/09/2020,LUK,OH,ASO,CE,Federal Contract Tower,0,13,9,0,22,0,0,9,0,9,0,13,18,0,31,6,0,6,37
04/10/2020,LUK,OH,ASO,CE,Federal Contract Tower,0,9,19,0,28,0,1,40,0,41,0,10,59,0,69,44,0,44,113
04/11/2020,LUK,OH,ASO,CE,Federal Contract Tower,0,11,16,0,27,0,2,83,0,85,0,13,99,0,112,128,0,128,240
04/12/2020,LUK,OH,ASO,CE,Federal Contract Tower,0,7,3,0,10,0,0,13,0,13,0,7,16,0,23,46,0,46,69
04/13/2020,LUK,OH,ASO,CE,Federal Contract Tower,0,6,6,0,12,0,2,1,0,3,0,8,7,0,15,0,0,0,15
04/14/2020,LUK,OH,ASO,CE,Federal Contract Tower,0,19,13,0,32,0,0,39,0,39,0,19,52,0,71,86,0,86,157
04/15/2020,LUK,OH,ASO,CE,Federal Contract Tower,0,15,28,0,43,0,2,34,0,36,0,17,62,0,79,38,0,38,117
04/16/2020,LUK,OH,ASO,CE,Federal Contract Tower,0,15,47,0,62,0,3,70,0,73,0,18,117,0,135,100,0,100,235
04/17/2020,LUK,OH,ASO,CE,Federal Contract Tower,0,13,3,0,16,0,2,0,0,2,0,15,3,0,18,12,0,12,30
04/18/2020,LUK,OH,ASO,CE,Federal Contract Tower,0,7,25,0,32,0,0,83,0,83,0,7,108,0,115,112,0,112,227
04/19/2020,LUK,OH,ASO,CE,Federal Contract Tower,0,16,32,0,48,0,2,58,0,60,0,18,90,0,108,48,0,48,156
04/20/2020,LUK,OH,ASO,CE,Federal Contract Tower,0,7,24,0,31,0,9,58,0,67,0,16,82,0,98,86,0,86,184
04/21/2020,LUK,OH,ASO,CE,Federal Contract Tower,0,6,6,0,12,0,6,18,0,24,0,12,24,0,36,24,0,24,60
04/22/2020,LUK,OH,ASO,CE,Federal Contract Tower,0,6,32,0,38,0,2,107,0,109,0,8,139,0,147,180,0,180,327
04/23/2020,LUK,OH,ASO,CE,Federal Contract Tower,0,9,21,0,30,0,0,2,0,2,0,9,23,0,32,6,0,6,38
04/24/2020,LUK,OH,ASO,CE,Federal Contract Tower,0,15,32,0,47,0,2,52,0,54,0,17,84,0,101,128,0,128,229
04/25/2020,LUK,OH,ASO,CE,Federal Contract Tower,0,6,22,0,28,0,0,39,0,39,0,6,61,0,67,56,0,56,123
04/26/2020,LUK,OH,ASO,CE,Federal Contract Tower,0,4,15,0,19,0,0,2,0,2,0,4,17,0,21,0,0,0,21
04/27/2020,LUK,OH,ASO,CE,Federal Contract Tower,0,6,36,0,42,0,3,130,0,133,0,9,166,0,175,186,2,188,363
04/28/2020,LUK,OH,ASO,CE,Federal Contract Tower,0,10,22,0,32,0,3,48,0,51,0,13,70,0,83,118,0,118,201
04/29/2020,LUK,OH,ASO,CE,Federal Contract Tower,0,9,20,2,31,0,0,6,0,6,0,9,26,2,37,16,0,16,53
04/30/2020,LUK,OH,ASO,CE,Federal Contract Tower,0,16,21,0,37,0,0,5,0,5,0,16,26,0,42,24,0,24,66
05/01/2020,LUK,OH,ASO,CE,Federal Contract Tower,0,9,25,0,34,0,8,53,0,61,0,17,78,0,95,182,0,182,277
05/02/2020,LUK,OH,ASO,CE,Federal Contract Tower,0,7,16,0,23,0,7,98,0,105,0,14,114,0,128,96,0,96,224
05/03/2020,LUK,OH,ASO,CE,Federal Contract Tower,0,13,15,0,28,0,0,0,0,0,0,13,15,0,28,0,0,0,28
05/04/2020,LUK,OH,ASO,CE,Federal Contract Tower,0,12,16,0,28,0,2,101,0,103,0,14,117,0,131,182,0,182,313
05/05/2020,LUK,OH,ASO,CE,Federal Contract Tower,0,12,17,0,29,0,3,18,0,21,0,15,35,0,50,44,0,44,94
05/06/2020,LUK,OH,ASO,CE,Federal Contract Tower,0,17,31,0,48,0,0,60,0,60,0,17,91,0,108,126,0,126,234
05/07/2020,LUK,OH,ASO,CE,Federal Contract Tower,0,8,44,2,54,0,1,96,0,97,0,9,140,2,151,146,0,146,297
05/08/2020,LUK,OH,ASO,CE,Federal Contract Tower,0,14,24,0,38,0,0,2,0,2,0,14,26,0,40,18,0,18,58
05/09/2020,LUK,OH,ASO,CE,Federal Contract Tower,0,13,35,0,48,0,1,77,0,78,0,14,112,0,126,122,0,122,248
05/10/2020,LUK,OH,ASO,CE,Federal Contract Tower,0,13,25,0,38,0,0,8,0,8,0,13,33,0,46,0,0,0,46
05/11/2020,LUK,OH,ASO,CE,Federal Contract Tower,0,21,31,0,52,0,1,46,0,47,0,22,77,0,99,90,0,90,189
05/12/2020,LUK,OH,ASO,CE,Federal Contract Tower,0,17,53,0,70,0,1,95,0,96,0,18,148,0,166,126,0,126,292
05/13/2020,LUK,OH,ASO,CE,Federal Contract Tower,0,13,35,1,49,0,3,80,1,84,0,16,115,2,133,112,0,112,245
05/14/2020,LUK,OH,ASO,CE,Federal Contract Tower,0,12,30,0,42,0,3,53,0,56,0,15,83,0,98,124,0,124,222
05/15/2020,LUK,OH,ASO,CE,Federal Contract Tower,0,14,23,0,37,0,2,25,0,27,0,16,48,0,64,48,0,48,112
05/16/2020,LUK,OH,ASO,CE,Federal Contract Tower,0,10,26,0,36,0,0,12,0,12,0,10,38,0,48,54,0,54,102
05/17/2020,LUK,OH,ASO,CE,Federal Contract Tower,0,11,41,0,52,0,0,38,0,38,0,11,79,0,90,72,0,72,162
05/18/2020,LUK,OH,ASO,CE,Federal Contract Tower,0,8,15,0,23,0,0,0,0,0,0,8,15,0,23,0,0,0,23
05/19/2020,LUK,OH,ASO,CE,Federal Contract Tower,0,9,20,0,29,0,2,0,0,2,0,11,20,0,31,0,0,0,31
05/20/2020,LUK,OH,ASO,CE,Federal Contract Tower,0,20,48,2,70,0,6,9,0,15,0,26,57,2,85,24,0,24,109
05/21/2020,LUK,OH,ASO,CE,Federal Contract Tower,0,23,53,0,76,0,2,18,0,20,0,25,71,0,96,46,0,46,142
05/22/2020,LUK,OH,ASO,CE,Federal Contract Tower,0,22,57,0,79,0,2,68,0,70,0,24,125,0,149,82,0,82,231
05/23/2020,LUK,OH,ASO,CE,Federal Contract Tower,0,14,35,0,49,0,0,88,0,88,0,14,123,0,137,170,0,170,307
05/24/2020,LUK,OH,ASO,CE,Federal Contract Tower,0,4,18,0,22,0,0,53,0,53,0,4,71,0,75,50,0,50,125
05/25/2020,LUK,OH,ASO,CE,Federal Contract Tower,0,23,27,0,50,0,3,42,0,45,0,26,69,0,95,118,0,118,213
05/26/2020,LUK,OH,ASO,CE,Federal Contract Tower,0,21,49,0,70,0,6,95,0,101,0,27,144,0,171,140,0,140,311
05/27/2020,LUK,OH,ASO,CE,Federal Contract Tower,0,22,51,0,73,0,1,87,0,88,0,23,138,0,161,86,0,86,247
05/28/2020,LUK,OH,ASO,CE,Federal Contract Tower,0,31,44,0,75,0,3,98,0,101,0,34,142,0,176,278,0,278,454
05/29/2020,LUK,OH,ASO,CE,Federal Contract Tower,0,10,39,0,49,0,6,47,0,53,0,16,86,0,102,66,0,66,168
05/30/2020,LUK,OH,ASO,CE,Federal Contract Tower,0,22,65,0,87,0,0,122,0,122,0,22,187,0,209,206,0,206,415
05/31/2020,LUK,OH,ASO,CE,Federal Contract Tower,0,11,45,0,56,0,1,100,0,101,0,12,145,0,157,86,0,86,243
06/01/2020,LUK,OH,ASO,CE,Federal Contract Tower,0,22,63,0,85,0,18,107,0,125,0,40,170,0,210,128,0,128,338
06/02/2020,LUK,OH,ASO,CE,Federal Contract Tower,0,17,57,0,74,0,18,95,0,113,0,35,152,0,187,150,0,150,337
06/03/2020,LUK,OH,ASO,CE,Federal Contract Tower,0,20,47,0,67,0,16,61,0,77,0,36,108,0,144,100,0,100,244
06/04/2020,LUK,OH,ASO,CE,Federal Contract Tower,0,31,42,0,73,0,0,55,0,55,0,31,97,0,128,66,0,66,194
06/05/2020,LUK,OH,ASO,CE,Federal Contract Tower,0,22,44,0,66,0,3,86,0,89,0,25,130,0,155,206,0,206,361
06/06/2020,LUK,OH,ASO,CE,Federal Contract Tower,0,16,60,0,76,0,8,137,0,145,0,24,197,0,221,146,0,146,367
06/07/2020,LUK,OH,ASO,CE,Federal Contract Tower,0,10,46,0,56,0,2,104,0,106,0,12,150,0,162,104,0,104,266
06/08/2020,LUK,OH,ASO,CE,Federal Contract Tower,0,19,49,0,68,0,8,115,0,123,0,27,164,0,191,230,0,230,421
06/09/2020,LUK,OH,ASO,CE,Federal Contract Tower,0,27,37,0,64,0,9,43,0,52,0,36,80,0,116,66,0,66,182
06/10/2020,LUK,OH,ASO,CE,Federal Contract Tower,0,21,42,0,63,0,4,2,0,6,0,25,44,0,69,4,0,4,73
06/11/2020,LUK,OH,ASO,CE,Federal Contract Tower,0,24,82,2,108,0,7,126,0,133,0,31,208,2,241,214,0,214,455
06/12/2020,LUK,OH,ASO,CE,Federal Contract Tower,0,29,71,0,100,0,2,127,0,129,0,31,198,0,229,146,0,146,375
06/13/2020,LUK,OH,ASO,CE,Federal Contract Tower,0,28,64,0,92,0,0,106,0,106,0,28,170,0,198,178,0,178,376
06/14/2020,LUK,OH,ASO,CE,Federal Contract Tower,0,16,46,0,62,0,2,54,0,56,0,18,100,0,118,56,0,56,174
06/15/2020,LUK,OH,ASO,CE,Federal Contract Tower,0,24,51,0,75,0,6,101,0,107,0,30,152,0,182,208,0,208,390
06/16/2020,LUK,OH,ASO,CE,Federal Contract Tower,0,21,58,0,79,0,2,111,0,113,0,23,169,0,192,166,0,166,358
06/17/2020,LUK,OH,ASO,CE,Federal Contract Tower,0,20,61,3,84,0,6,133,2,141,0,26,194,5,225,188,0,188,413
06/18/2020,LUK,OH,ASO,CE,Federal Contract Tower,0,16,41,0,57,0,5,63,0,68,0,21,104,0,125,120,0,120,245
06/19/2020,LUK,OH,ASO,CE,Federal Contract Tower,0,25,68,1,94,0,4,129,0,133,0,29,197,1,227,208,0,208,435
06/20/2020,LUK,OH,ASO,CE,Federal Contract Tower,0,28,53,0,81,0,1,125,0,126,0,29,178,0,207,144,0,144,351
06/21/2020,LUK,OH,ASO,CE,Federal Contract Tower,0,17,35,0,52,0,0,29,0,29,0,17,64,0,81,28,0,28,109
06/22/2020,LUK,OH,ASO,CE,Federal Contract Tower,0,27,53,0,80,0,10,44,0,54,0,37,97,0,134,124,0,124,258
06/23/2020,LUK,OH,ASO,CE,Federal Contract Tower,0,29,36,0,65,0,2,34,0,36,0,31,70,0,101,60,0,60,161
06/24/2020,LUK,OH,ASO,CE,Federal Contract Tower,0,23,70,0,93,0,0,0,0,0,0,23,70,0,93,80,0,80,173
06/25/2020,LUK,OH,ASO,CE,Federal Contract Tower,0,44,74,0,118,0,5,128,0,133,0,49,202,0,251,280,0,280,531
06/26/2020,LUK,OH,ASO,CE,Federal Contract Tower,0,31,71,0,102,0,6,56,0,62,0,37,127,0,164,132,0,132,296
06/27/2020,LUK,OH,ASO,CE,Federal Contract Tower,0,28,31,0,59,0,0,13,0,13,0,28,44,0,72,28,0,28,100
06/28/2020,LUK,OH,ASO,CE,Federal Contract Tower,0,25,43,0,68,0,2,19,0,21,0,27,62,0,89,64,0,64,153
06/29/2020,LUK,OH,ASO,CE,Federal Contract Tower,0,29,28,0,57,0,2,37,0,39,0,31,65,0,96,104,0,104,200
07/01/2020,LUK,OH,ASO,CE,Federal Contract Tower,0,34,64,0,98,0,11,55,0,66,0,45,119,0,164,146,0,146,310
07/02/2020,LUK,OH,ASO,CE,Federal Contract Tower,0,33,57,0,90,0,1,107,0,108,0,34,164,0,198,72,0,72,270
07/03/2020,LUK,OH,ASO,CE,Federal Contract Tower,0,15,49,0,64,0,5,114,10,129,0,20,163,10,193,104,0,104,297
07/04/2020,LUK,OH,ASO,CE,Federal Contract Tower,0,13,20,0,33,0,0,67,0,67,0,13,87,0,100,0,0,0,100
07/05/2020,LUK,OH,ASO,CE,Federal Contract Tower,0,23,43,0,66,0,1,68,0,69,0,24,111,0,135,36,0,36,171
07/06/2020,LUK,OH,ASO,CE,Federal Contract Tower,0,21,45,0,66,0,0,37,0,37,0,21,82,0,103,58,0,58,161
07/07/2020,LUK,OH,ASO,CE,Federal Contract Tower,0,35,52,0,87,0,1,50,0,51,0,36,102,0,138,94,0,94,232
07/08/2020,LUK,OH,ASO,CE,Federal Contract Tower,0,20,53,0,73,0,1,79,0,80,0,21,132,0,153,200,0,200,353
07/09/2020,LUK,OH,ASO,CE,Federal Contract Tower,0,20,80,4,104,0,3,101,0,104,0,23,181,4,208,178,0,178,386
07/10/2020,LUK,OH,ASO,CE,Federal Contract Tower,0,29,57,0,86,0,2,94,0,96,0,31,151,0,182,142,0,142,324
07/11/2020,LUK,OH,ASO,CE,Federal Contract Tower,0,24,67,0,91,0,3,106,0,109,0,27,173,0,200,100,0,100,300
07/12/2020,LUK,OH,ASO,CE,Federal Contract Tower,0,12,49,0,61,0,0,70,0,70,0,12,119,0,131,70,0,70,201
07/13/2020,LUK,OH,ASO,CE,Federal Contract Tower,0,24,59,0,83,0,4,121,0,125,0,28,180,0,208,208,0,208,416
07/14/2020,LUK,OH,ASO,CE,Federal Contract Tower,0,30,58,0,88,0,8,107,2,117,0,38,165,2,205,152,0,152,357
07/15/2020,LUK,OH,ASO,CE,Federal Contract Tower,0,28,63,2,93,0,21,123,0,144,0,49,186,2,237,150,0,150,387
07/16/2020,LUK,OH,ASO,CE,Federal Contract Tower,0,23,57,0,80,0,17,74,0,91,0,40,131,0,171,136,0,136,307
07/17/2020,LUK,OH,ASO,CE,Federal Contract Tower,0,28,52,0,80,0,4,84,0,88,0,32,136,0,168,96,0,96,264
07/18/2020,LUK,OH,ASO,CE,Federal Contract Tower,0,14,35,0,49,0,3,99,0,102,0,17,134,0,151,84,0,84,235
07/19/2020,LUK,OH,ASO,CE,Federal Contract Tower,0,23,38,0,61,0,1,110,0,111,0,24,148,0,172,70,0,70,242
07/20/2020,LUK,OH,ASO,CE,Federal Contract Tower,0,28,53,0,81,0,2,109,0,111,0,30,162,0,192,128,0,128,320
07/21/2020,LUK,OH,ASO,CE,Federal Contract Tower,0,26,29,0,55,0,10,77,0,87,0,36,106,0,142,202,0,202,344
07/22/2020,LUK,OH,ASO,CE,Federal Contract Tower,0,23,26,0,49,0,1,22,0,23,0,24,48,0,72,48,0,48,120
07/23/2020,LUK,OH,ASO,CE,Federal Contract Tower,0,33,44,0,77,0,3,39,0,42,0,36,83,0,119,82,0,82,201
07/24/2020,LUK,OH,ASO,CE,Federal Contract Tower,0,21,63,0,84,0,5,132,0,137,0,26,195,0,221,260,0,260,481
07/25/2020,LUK,OH,ASO,CE,Federal Contract Tower,0,14,51,0,65,0,7,118,0,125,0,21,169,0,190,146,0,146,336
07/26/2020,LUK,OH,ASO,CE,Federal Contract Tower,0,26,46,0,72,0,1,94,0,95,0,27,140,0,167,46,0,46,213
07/27/2020,LUK,OH,ASO,CE,Federal Contract Tower,0,10,48,0,58,0,0,45,0,45,0,10,93,0,103,86,0,86,189
07/28/2020,LUK,OH,ASO,CE,Federal Contract Tower,0,32,57,0,89,0,12,107,0,119,0,44,164,0,208,134,0,134,342
07/29/2020,LUK,OH,ASO,CE,Federal Contract Tower,0,26,53,0,79,0,3,119,0,122,0,29,172,0,201,176,0,176,377
07/30/2020,LUK,OH,ASO,CE,Federal Contract Tower,0,24,38,0,62,0,0,18,0,18,0,24,56,0,80,68,0,68,148
07/31/2020,LUK,OH,ASO,CE,Federal Contract Tower,0,31,74,0,105,0,6,125,0,131,0,37,199,0,236,204,0,204,440
08/01/2020,LUK,OH,ASO,CE,Federal Contract Tower,0,28,41,0,69,0,4,27,0,31,0,32,68,0,100,24,0,24,124
08/02/2020,LUK,OH,ASO,CE,Federal Contract Tower,0,15,49,0,64,0,1,65,0,66,0,16,114,0,130,62,0,62,192
08/03/2020,LUK,OH,ASO,CE,Federal Contract Tower,0,27,50,0,77,0,0,89,0,89,0,27,139,0,166,210,0,210,376
08/04/2020,LUK,OH,ASO,CE,Federal Contract Tower,0,18,37,0,55,0,7,42,0,49,0,25,79,0,104,140,0,140,244
08/05/2020,LUK,OH,ASO,CE,Federal Contract Tower,0,30,75,0,105,0,11,132,0,143,0,41,207,0,248,160,0,160,408
08/06/2020,LUK,OH,ASO,CE,Federal Contract Tower,0,15,54,1,70,0,5,99,2,106,0,20,153,3,176,86,0,86,262
08/07/2020,LUK,OH,ASO,CE,Federal Contract Tower,0,32,60,0,92,0,3,142,0,145,0,35,202,0,237,122,0,122,359
08/08/2020,LUK,OH,ASO,CE,Federal Contract Tower,0,24,58,0,82,0,2,141,0,143,0,26,199,0,225,166,0,166,391
08/09/2020,LUK,OH,ASO,CE,Federal Contract Tower,0,28,44,0,72,0,0,100,0,100,0,28,144,0,172,116,0,116,288
08/10/2020,LUK,OH,ASO,CE,Federal Contract Tower,0,31,55,4,90,0,8,84,4,96,0,39,139,8,186,128,0,128,314
08/11/2020,LUK,OH,ASO,CE,Federal Contract Tower,0,38,51,1,90,0,9,62,1,72,0,47,113,2,162,144,0,144,306
08/12/2020,LUK,OH,ASO,CE,Federal Contract Tower,0,27,56,2,85,0,11,86,0,97,0,38,142,2,182,96,0,96,278
08/13/2020,LUK,OH,ASO,CE,Federal Contract Tower,0,36,63,0,99,0,2,130,0,132,0,38,193,0,231,236,0,236,467
08/14/2020,LUK,OH,ASO,CE,Federal Contract Tower,0,26,46,0,72,0,1,52,0,53,0,27,98,0,125,103,0,103,228
08/15/2020,LUK,OH,ASO,CE,Federal Contract Tower,0,13,32,0,45,0,0,88,0,88,0,13,120,0,133,76,0,76,209
08/16/2020,LUK,OH,ASO,CE,Federal Contract Tower,0,32,56,0,88,0,0,62,0,62,0,32,118,0,150,40,0,40,190
08/17/2020,LUK,OH,ASO,CE,Federal Contract Tower,0,31,30,0,61,0,3,80,6,89,0,34,110,6,150,176,0,176,326
08/18/2020,LUK,OH,ASO,CE,Federal Contract Tower,0,33,46,0,79,0,1,59,0,60,0,34,105,0,139,100,0,100,239
08/19/2020,LUK,OH,ASO,CE,Federal Contract Tower,0,18,45,0,63,0,12,140,0,152,0,30,185,0,215,206,0,206,421
08/20/2020,LUK,OH,ASO,CE,Federal Contract Tower,0,24,64,4,92,0,18,148,1,167,0,42,212,5,259,194,0,194,453
08/21/2020,LUK,OH,ASO,CE,Federal Contract Tower,0,27,70,0,97,0,0,161,0,161,0,27,231,0,258,114,0,114,372
08/22/2020,LUK,OH,ASO,CE,Federal Contract Tower,0,19,39,0,58,0,1,78,0,79,0,20,117,0,137,128,0,128,265
08/23/2020,LUK,OH,ASO,CE,Federal Contract Tower,0,24,54,0,78,0,4,67,0,71,0,28,121,0,149,54,0,54,203
08/24/2020,LUK,OH,ASO,CE,Federal Contract Tower,0,24,50,0,74,0,5,89,0,94,0,29,139,0,168,150,0,150,318
08/25/2020,LUK,OH,ASO,CE,Federal Contract Tower,1,30,61,3,95,0,0,108,0,108,1,30,169,3,203,112,0,112,315
08/26/2020,LUK,OH,ASO,CE,Federal Contract Tower,0,31,50,1,82,0,8,119,0,127,0,39,169,1,209,208,0,208,417
08/27/2020,LUK,OH,ASO,CE,Federal Contract Tower,0,34,47,0,81,0,10,78,0,88,0,44,125,0,169,160,0,160,329
08/28/2020,LUK,OH,ASO,CE,Federal Contract Tower,0,20,49,0,69,0,0,49,0,49,0,20,98,0,118,130,0,130,248
08/29/2020,LUK,OH,ASO,CE,Federal Contract Tower,0,12,56,0,68,0,0,55,0,55,0,12,111,0,123,30,0,30,153
08/30/2020,LUK,OH,ASO,CE,Federal Contract Tower,0,20,72,0,92,0,2,147,0,149,0,22,219,0,241,128,0,128,369
08/31/2020,LUK,OH,ASO,CE,Federal Contract Tower,0,15,51,0,66,0,2,31,0,33,0,17,82,0,99,120,0,120,219
09/01/2020,LUK,OH,ASO,CE,Federal Contract Tower,0,39,58,0,97,0,4,41,1,46,0,43,99,1,143,116,0,116,259
09/02/2020,LUK,OH,ASO,CE,Federal Contract Tower,0,32,56,0,88,0,7,65,0,72,0,39,121,0,160,116,0,116,276
09/03/2020,LUK,OH,ASO,CE,Federal Contract Tower,0,45,70,0,115,0,0,51,0,51,0,45,121,0,166,178,0,178,344
09/04/2020,LUK,OH,ASO,CE,Federal Contract Tower,0,37,76,0,113,0,0,134,0,134,0,37,210,0,247,208,0,208,455
09/05/2020,LUK,OH,ASO,CE,Federal Contract Tower,0,11,41,3,55,0,7,108,3,118,0,18,149,6,173,92,0,92,265
09/06/2020,LUK,OH,ASO,CE,Federal Contract Tower,0,11,41,3,55,0,7,108,3,118,0,18,149,6,173,92,0,92,265
09/07/2020,LUK,OH,ASO,CE,Federal Contract Tower,0,23,76,0,99,0,5,50,0,55,0,28,126,0,154,68,0,68,222
09/08/2020,LUK,OH,ASO,CE,Federal Contract Tower,0,35,58,0,93,0,23,78,1,102,0,58,136,1,195,128,0,128,323
09/09/2020,LUK,OH,ASO,CE,Federal Contract Tower,0,30,59,0,89,0,5,87,0,92,0,35,146,0,181,118,0,118,299
09/10/2020,LUK,OH,ASO,CE,Federal Contract Tower,0,36,62,0,98,0,10,120,0,130,0,46,182,0,228,144,0,144,372
09/11/2020,LUK,OH,ASO,CE,Federal Contract Tower,0,24,73,0,97,0,0,13,0,13,0,24,86,0,110,20,0,20,130
09/12/2020,LUK,OH,ASO,CE,Federal Contract Tower,1,16,33,0,50,0,1,49,0,50,1,17,82,0,100,22,0,22,122
09/13/2020,LUK,OH,ASO,CE,Federal Contract Tower,0,25,68,0,93,0,3,27,0,30,0,28,95,0,123,8,0,8,131
09/14/2020,LUK,OH,ASO,CE,Federal Contract Tower,0,21,47,4,72,0,12,98,0,110,0,33,145,4,182,138,0,138,320
09/15/2020,LUK,OH,ASO,CE,Federal Contract Tower,0,47,50,0,97,0,15,105,3,123,0,62,155,3,220,142,0,142,362
09/16/2020,LUK,OH,ASO,CE,Federal Contract Tower,0,33,61,0,94,0,13,75,3,91,0,46,136,3,185,116,0,116,301
09/17/2020,LUK,OH,ASO,CE,Federal Contract Tower,0,30,61,0,91,0,7,106,0,113,0,37,167,0,204,172,0,172,376
09/18/2020,LUK,OH,ASO,CE,Federal Contract Tower,0,32,84,0,116,0,12,105,1,118,0,44,189,1,234,160,0,160,394
09/19/2020,LUK,OH,ASO,CE,Federal Contract Tower,2,20,51,0,73,0,4,150,0,154,2,24,201,0,227,108,0,108,335
09/20/2020,LUK,OH,ASO,CE,Federal Contract Tower,0,34,84,0,118,0,4,125,1,130,0,38,209,1,248,34,0,34,282
09/21/2020,LUK,OH,ASO,CE,Federal Contract Tower,0,23,38,0,61,0,4,108,2,114,0,27,146,2,175,124,0,124,299
09/22/2020,LUK,OH,ASO,CE,Federal Contract Tower,0,38,36,0,74,0,8,64,2,74,0,46,100,2,148,90,0,90,238
09/23/2020,LUK,OH,ASO,CE,Federal Contract Tower,0,30,54,1,85,0,13,110,1,124,0,43,164,2,209,156,0,156,365
09/24/2020,LUK,OH,ASO,CE,Federal Contract Tower,0,38,68,0,106,0,1,120,0,121,0,39,188,0,227,130,0,130,357
09/25/2020,LUK,OH,ASO,CE,Federal Contract Tower,0,39,67,0,106,0,16,142,0,158,0,55,209,0,264,218,0,218,482
09/26/2020,LUK,OH,ASO,CE,Federal Contract Tower,0,21,46,0,67,0,0,80,0,80,0,21,126,0,147,80,0,80,227
09/27/2020,LUK,OH,ASO,CE,Federal Contract Tower,0,23,65,0,88,0,0,89,0,89,0,23,154,0,177,66,0,66,243
09/28/2020,LUK,OH,ASO,CE,Federal Contract Tower,0,26,48,0,74,0,0,13,0,13,0,26,61,0,87,32,0,32,119
09/29/2020,LUK,OH,ASO,CE,Federal Contract Tower,0,24,39,0,63,0,10,47,0,57,0,34,86,0,120,146,0,146,266
09/30/2020,LUK,OH,ASO,CE,Federal Contract Tower,0,25,48,0,73,0,4,68,0,72,0,29,116,0,145,66,0,66,211
10/01/2020,LUK,OH,ASO,CE,Federal Contract Tower,0,32,71,0,103,0,15,114,0,129,0,47,185,0,232,110,0,110,342
10/02/2020,LUK,OH,ASO,CE,Federal Contract Tower,0,33,55,0,88,0,6,97,0,103,0,39,152,0,191,160,0,160,351
10/03/2020,LUK,OH,ASO,CE,Federal Contract Tower,0,24,44,0,68,0,1,132,0,133,0,25,176,0,201,204,0,204,405
10/04/2020,LUK,OH,ASO,CE,Federal Contract Tower,0,29,51,0,80,0,0,66,0,66,0,29,117,0,146,96,0,96,242
10/05/2020,LUK,OH,ASO,CE,Federal Contract Tower,0,23,56,0,79,0,6,99,0,105,0,29,155,0,184,184,0,184,368
10/06/2020,LUK,OH,ASO,CE,Federal Contract Tower,0,12,53,0,65,0,12,104,0,116,0,24,157,0,181,162,0,162,343
10/07/2020,LUK,OH,ASO,CE,Federal Contract Tower,0,28,54,0,82,0,4,82,0,86,0,32,136,0,168,56,0,56,224
10/08/2020,LUK,OH,ASO,CE,Federal Contract Tower,0,39,62,6,107,0,16,158,0,174,0,55,220,6,281,144,0,144,425
10/09/2020,LUK,OH,ASO,CE,Federal Contract Tower,0,36,72,0,108,0,3,107,0,110,0,39,179,0,218,144,0,144,362
10/10/2020,LUK,OH,ASO,CE,Federal Contract Tower,0,18,42,0,60,0,0,78,0,78,0,18,120,0,138,124,0,124,262
10/11/2020,LUK,OH,ASO,CE,Federal Contract Tower,0,14,41,0,55,0,1,20,0,21,0,15,61,0,76,8,0,8,84
10/12/2020,LUK,OH,ASO,CE,Federal Contract Tower,0,27,64,0,91,0,0,18,0,18,0,27,82,0,109,66,0,66,175
10/13/2020,LUK,OH,ASO,CE,Federal Contract Tower,0,26,62,0,88,0,3,101,0,104,0,29,163,0,192,128,0,128,320
10/14/2020,LUK,OH,ASO,CE,Federal Contract Tower,0,23,75,0,98,0,18,122,0,140,0,41,197,0,238,98,0,98,336
10/15/2020,LUK,OH,ASO,CE,Federal Contract Tower,0,35,70,2,107,0,0,62,0,62,0,35,132,2,169,120,0,120,289
10/16/2020,LUK,OH,ASO,CE,Federal Contract Tower,0,22,76,0,98,0,0,144,0,144,0,22,220,0,242,164,0,164,406
10/17/2020,LUK,OH,ASO,CE,Federal Contract Tower,0,10,41,0,51,0,9,157,0,166,0,19,198,0,217,82,0,82,299
10/18/2020,LUK,OH,ASO,CE,Federal Contract Tower,0,20,72,0,92,0,4,62,0,66,0,24,134,0,158,54,0,54,212
10/19/2020,LUK,OH,ASO,CE,Federal Contract Tower,0,18,46,0,64,0,0,0,0,0,0,18,46,0,64,0,0,0,64
10/20/2020,LUK,OH,ASO,CE,Federal Contract Tower,0,33,67,1,101,0,0,0,0,0,0,33,67,1,101,0,0,0,101
10/21/2020,LUK,OH,ASO,CE,Federal Contract Tower,0,28,42,2,72,0,8,29,0,37,0,36,71,2,109,78,0,78,187
10/22/2020,LUK,OH,ASO,CE,Federal Contract Tower,0,24,74,1,99,0,12,116,2,130,0,36,190,3,229,156,0,156,385
10/23/2020,LUK,OH,ASO,CE,Federal Contract Tower,0,23,61,0,84,0,4,62,0,66,0,27,123,0,150,62,0,62,212
10/24/2020,LUK,OH,ASO,CE,Federal Contract Tower,0,12,35,0,47,0,2,132,0,134,0,14,167,0,181,154,0,154,335
10/25/2020,LUK,OH,ASO,CE,Federal Contract Tower,0,11,42,0,53,0,1,50,0,51,0,12,92,0,104,158,0,158,262
10/26/2020,LUK,OH,ASO,CE,Federal Contract Tower,0,19,45,0,64,0,0,4,0,4,0,19,49,0,68,10,0,10,78
10/27/2020,LUK,OH,ASO,CE,Federal Contract Tower,0,16,43,0,59,0,3,0,0,3,0,19,43,0,62,0,0,0,62
10/28/2020,LUK,OH,ASO,CE,Federal Contract Tower,0,30,53,0,83,0,3,7,0,10,0,33,60,0,93,148,0,148,241
10/29/2020,LUK,OH,ASO,CE,Federal Contract Tower,0,20,17,0,37,0,0,0,0,0,0,20,17,0,37,0,0,0,37
10/30/2020,LUK,OH,ASO,CE,Federal Contract Tower,0,27,49,0,76,0,2,92,0,94,0,29,141,0,170,162,0,162,332
10/31/2020,LUK,OH,ASO,CE,Federal Contract Tower,0,18,55,0,73,0,1,158,0,159,0,19,213,0,232,62,0,62,294
11/01/2020,LUK,OH,ASO,CE,Federal Contract Tower,0,27,22,0,49,0,2,6,0,8,0,29,28,0,57,0,0,0,57
11/02/2020,LUK,OH,ASO,CE,Federal Contract Tower,0,25,69,0,94,0,11,96,0,107,0,36,165,0,201,128,0,128,329
11/03/2020,LUK,OH,ASO,CE,Federal Contract Tower,0,18,49,2,69,0,6,91,0,97,0,24,140,2,166,182,0,182,348
11/04/2020,LUK,OH,ASO,CE,Federal Contract Tower,0,26,38,0,64,0,8,97,0,105,0,34,135,0,169,150,0,150,319
11/05/2020,LUK,OH,ASO,CE,Federal Contract Tower,0,28,51,0,79,0,0,98,0,98,0,28,149,0,177,106,0,106,283
11/06/2020,LUK,OH,ASO,CE,Federal Contract Tower,0,19,95,0,114,0,3,158,0,161,0,22,253,0,275,208,0,208,483
11/07/2020,LUK,OH,ASO,CE,Federal Contract Tower,2,16,40,0,58,0,1,124,0,125,2,17,164,0,183,152,0,152,335
11/08/2020,LUK,OH,ASO,CE,Federal Contract Tower,2,8,38,0,48,0,11,135,0,146,2,19,173,0,194,48,0,48,242
11/09/2020,LUK,OH,ASO,CE,Federal Contract Tower,0,15,66,0,81,0,15,94,0,109,0,30,160,0,190,142,0,142,332
11/10/2020,LUK,OH,ASO,CE,Federal Contract Tower,0,28,42,0,70,0,12,63,0,75,0,40,105,0,145,82,0,82,227
11/11/2020,LUK,OH,ASO,CE,Federal Contract Tower,0,23,32,0,55,0,7,43,0,50,0,30,75,0,105,104,0,104,209
11/12/2020,LUK,OH,ASO,CE,Federal Contract Tower,0,34,59,4,97,0,7,104,0,111,0,41,163,4,208,126,0,126,334
11/13/2020,LUK,OH,ASO,CE,Federal Contract Tower,0,42,41,0,83,0,13,88,0,101,0,55,129,0,184,164,0,164,348
11/14/2020,LUK,OH,ASO,CE,Federal Contract Tower,0,14,46,0,60,0,1,124,0,125,0,15,170,0,185,188,0,188,373
11/15/2020,LUK,OH,ASO,CE,Federal Contract Tower,0,17,29,0,46,0,0,0,0,0,0,17,29,0,46,0,0,0,46
11/16/2020,LUK,OH,ASO,CE,Federal Contract Tower,0,25,46,0,71,0,7,44,0,51,0,32,90,0,122,58,0,58,180
11/17/2020,LUK,OH,ASO,CE,Federal Contract Tower,0,25,44,0,69,0,2,37,0,39,0,27,81,0,108,24,0,24,132
11/18/2020,LUK,OH,ASO,CE,Federal Contract Tower,0,38,69,0,107,0,16,95,0,111,0,54,164,0,218,98,0,98,316
11/19/2020,LUK,OH,ASO,CE,Federal Contract Tower,0,30,38,0,68,0,24,28,0,52,0,54,66,0,120,30,0,30,150
11/20/2020,LUK,OH,ASO,CE,Federal Contract Tower,0,20,66,0,86,0,8,92,0,100,0,28,158,0,186,176,0,176,362
11/21/2020,LUK,OH,ASO,CE,Federal Contract Tower,0,37,31,0,68,0,2,28,0,30,0,39,59,0,98,112,0,112,210
11/22/2020,LUK,OH,ASO,CE,Federal Contract Tower,0,13,24,0,37,0,0,0,0,0,0,13,24,0,37,0,0,0,37
11/23/2020,LUK,OH,ASO,CE,Federal Contract Tower,0,18,37,0,55,0,3,53,0,56,0,21,90,0,111,140,0,140,251
11/24/2020,LUK,OH,ASO,CE,Federal Contract Tower,0,33,64,0,97,0,9,77,0,86,0,42,141,0,183,78,0,78,261
11/25/2020,LUK,OH,ASO,CE,Federal Contract Tower,0,26,27,0,53,0,0,0,0,0,0,26,27,0,53,8,0,8,61
11/26/2020,LUK,OH,ASO,CE,Federal Contract Tower,0,8,14,0,22,0,2,1,0,3,0,10,15,0,25,0,0,0,25
11/27/2020,LUK,OH,ASO,CE,Federal Contract Tower,0,23,47,0,70,0,0,96,0,96,0,23,143,0,166,170,0,170,336
11/28/2020,LUK,OH,ASO,CE,Federal Contract Tower,0,20,38,0,58,0,3,120,0,123,0,23,158,0,181,254,0,254,435
11/29/2020,LUK,OH,ASO,CE,Federal Contract Tower,0,35,74,0,109,0,5,86,0,91,0,40,160,0,200,132,0,132,332
11/30/2020,LUK,OH,ASO,CE,Federal Contract Tower,0,23,14,0,37,0,0,0,0,0,0,23,14,0,37,0,0,0,37
12/01/2020,LUK,OH,ASO,CE,Federal Contract Tower,0,26,28,0,54,0,0,19,0,19,0,26,47,0,73,122,0,122,195
12/02/2020,LUK,OH,ASO,CE,Federal Contract Tower,0,29,39,0,68,0,8,90,0,98,0,37,129,0,166,238,0,238,404
12/03/2020,LUK,OH,ASO,CE,Federal Contract Tower,0,37,41,0,78,0,4,89,0,93,0,41,130,0,171,140,0,140,311
12/04/2020,LUK,OH,ASO,CE,Federal Contract Tower,0,13,35,0,48,0,3,32,0,35,0,16,67,0,83,84,0,84,167
12/05/2020,LUK,OH,ASO,CE,Federal Contract Tower,0,12,32,0,44,0,4,101,0,105,0,16,133,0,149,100,0,100,249
12/06/2020,LUK,OH,ASO,CE,Federal Contract Tower,0,26,36,0,62,0,6,68,0,74,0,32,104,0,136,48,0,48,184
12/07/2020,LUK,OH,ASO,CE,Federal Contract Tower,0,16,29,0,45,0,0,38,0,38,0,16,67,0,83,62,0,62,145
12/08/2020,LUK,OH,ASO,CE,Federal Contract Tower,0,26,26,3,55,0,11,58,0,69,0,37,84,3,124,144,0,144,268
12/09/2020,LUK,OH,ASO,CE,Federal Contract Tower,0,21,46,0,67,0,16,65,0,81,0,37,111,0,148,130,0,130,278
12/10/2020,LUK,OH,ASO,CE,Federal Contract Tower,0,21,59,2,82,0,6,103,0,109,0,27,162,2,191,152,0,152,343
12/11/2020,LUK,OH,ASO,CE,Federal Contract Tower,0,21,77,0,98,0,11,117,0,128,0,32,194,0,226,150,0,150,376
12/12/2020,LUK,OH,ASO,CE,Federal Contract Tower,0,21,20,0,41,0,3,16,0,19,0,24,36,0,60,4,0,4,64
12/13/2020,LUK,OH,ASO,CE,Federal Contract Tower,0,16,35,0,51,0,1,68,0,69,0,17,103,0,120,112,0,112,232
12/14/2020,LUK,OH,ASO,CE,Federal Contract Tower,0,17,31,0,48,0,1,23,0,24,0,18,54,0,72,58,0,58,130
12/15/2020,LUK,OH,ASO,CE,Federal Contract Tower,0,30,68,0,98,0,0,95,0,95,0,30,163,0,193,118,0,118,311
12/16/2020,LUK,OH,ASO,CE,Federal Contract Tower,0,20,31,0,51,0,0,0,0,0,0,20,31,0,51,0,0,0,51
12/17/2020,LUK,OH,ASO,CE,Federal Contract Tower,0,33,47,0,80,0,0,5,0,5,0,33,52,0,85,8,0,8,93
12/18/2020,LUK,OH,ASO,CE,Federal Contract Tower,0,43,88,0,131,0,0,116,0,116,0,43,204,0,247,230,0,230,477
12/19/2020,LUK,OH,ASO,CE,Federal Contract Tower,0,26,68,0,94,0,0,93,0,93,0,26,161,0,187,54,0,54,241
12/20/2020,LUK,OH,ASO,CE,Federal Contract Tower,0,5,48,0,53,0,4,40,0,44,0,9,88,0,97,108,0,108,205
12/21/2020,LUK,OH,ASO,CE,Federal Contract Tower,0,11,30,0,41,0,0,5,0,5,0,11,35,0,46,10,0,10,56
12/22/2020,LUK,OH,ASO,CE,Federal Contract Tower,0,19,50,0,69,0,14,146,0,160,0,33,196,0,229,236,0,236,465
12/23/2020,LUK,OH,ASO,CE,Federal Contract Tower,0,36,38,0,74,0,3,46,0,49,0,39,84,0,123,24,0,24,147
12/24/2020,LUK,OH,ASO,CE,Federal Contract Tower,0,17,18,0,35,0,0,7,0,7,0,17,25,0,42,34,0,34,76
12/25/2020,LUK,OH,ASO,CE,Federal Contract Tower,0,31,4,0,35,0,0,0,0,0,0,31,4,0,35,0,0,0,35
12/26/2020,LUK,OH,ASO,CE,Federal Contract Tower,0,54,83,0,137,0,0,103,0,103,0,54,186,0,240,42,0,42,282
12/27/2020,LUK,OH,ASO,CE,Federal Contract Tower,0,29,73,0,102,0,7,124,0,131,0,36,197,0,233,54,0,54,287
12/28/2020,LUK,OH,ASO,CE,Federal Contract Tower,0,30,30,0,60,0,2,7,0,9,0,32,37,0,69,80,0,80,149
12/29/2020,LUK,OH,ASO,CE,Federal Contract Tower,0,16,56,0,72,0,5,96,0,101,0,21,152,0,173,140,0,140,313
12/30/2020,LUK,OH,ASO,CE,Federal Contract Tower,0,26,14,0,40,0,0,5,0,5,0,26,19,0,45,6,0,6,51
12/31/2020,LUK,OH,ASO,CE,Federal Contract Tower,0,34,15,0,49,0,0,26,0,26,0,34,41,0,75,66,0,66,141
01/01/2021,LUK,OH,ASO,CE,Federal Contract Tower,0,11,9,0,20,0,0,6,0,6,0,11,15,0,26,0,0,0,26
01/02/2021,LUK,OH,ASO,CE,Federal Contract Tower,0,29,28,0,57,0,0,59,0,59,0,29,87,0,116,92,0,92,208
01/03/2021,LUK,OH,ASO,CE,Federal Contract Tower,0,28,60,0,88,0,0,24,0,24,0,28,84,0,112,56,0,56,168
01/04/2021,LUK,OH,ASO,CE,Federal Contract Tower,0,31,50,0,81,0,4,66,2,72,0,35,116,2,153,182,0,182,335
01/05/2021,LUK,OH,ASO,CE,Federal Contract Tower,0,17,33,0,50,0,0,0,0,0,0,17,33,0,50,6,0,6,56
01/06/2021,LUK,OH,ASO,CE,Federal Contract Tower,0,21,41,0,62,0,3,48,0,51,0,24,89,0,113,86,0,86,199
01/07/2021,LUK,OH,ASO,CE,Federal Contract Tower,0,22,37,7,66,0,2,71,2,75,0,24,108,9,141,114,0,114,255
01/08/2021,LUK,OH,ASO,CE,Federal Contract Tower,0,28,35,0,63,0,7,32,0,39,0,35,67,0,102,202,0,202,304
01/09/2021,LUK,OH,ASO,CE,Federal Contract Tower,0,17,41,0,58,0,3,94,0,97,0,20,135,0,155,170,0,170,325
01/10/2021,LUK,OH,ASO,CE,Federal Contract Tower,0,27,64,0,91,0,1,151,0,152,0,28,215,0,243,196,0,196,439
01/11/2021,LUK,OH,ASO,CE,Federal Contract Tower,0,35,23,0,58,0,4,38,0,42,0,39,61,0,100,162,0,162,262
01/12/2021,LUK,OH,ASO,CE,Federal Contract Tower,0,20,35,0,55,0,4,39,3,46,0,24,74,3,101,56,0,56,157
01/13/2021,LUK,OH,ASO,CE,Federal Contract Tower,0,22,59,0,81,0,9,89,2,100,0,31,148,2,181,102,0,102,283
01/14/2021,LUK,OH,ASO,CE,Federal Contract Tower,0,42,54,0,96,0,1,97,0,98,0,43,151,0,194,108,0,108,302
01/15/2021,LUK,OH,ASO,CE,Federal Contract Tower,0,19,32,0,51,0,3,41,0,44,0,22,73,0,95,54,0,54,149
01/16/2021,LUK,OH,ASO,CE,Federal Contract Tower,0,20,10,0,30,0,0,30,0,30,0,20,40,0,60,58,0,58,118
01/17/2021,LUK,OH,ASO,CE,Federal Contract Tower,0,15,12,0,27,0,0,0,0,0,0,15,12,0,27,0,0,0,27
01/18/2021,LUK,OH,ASO,CE,Federal Contract Tower,0,15,19,0,34,0,1,9,0,10,0,16,28,0,44,28,0,28,72
01/19/2021,LUK,OH,ASO,CE,Federal Contract Tower,0,37,38,0,75,0,12,83,0,95,0,49,121,0,170,96,0,96,266
01/20/2021,LUK,OH,ASO,CE,Federal Contract Tower,0,27,46,2,75,0,1,100,0,101,0,28,146,2,176,210,0,210,386
01/21/2021,LUK,OH,ASO,CE,Federal Contract Tower,0,25,57,0,82,0,6,80,1,87,0,31,137,1,169,160,0,160,329
01/22/2021,LUK,OH,ASO,CE,Federal Contract Tower,0,31,46,4,81,0,19,91,0,110,0,50,137,4,191,154,0,154,345
01/23/2021,LUK,OH,ASO,CE,Federal Contract Tower,0,9,38,0,47,0,6,126,0,132,0,15,164,0,179,207,0,207,386
01/24/2021,LUK,OH,ASO,CE,Federal Contract Tower,0,22,22,0,44,0,0,2,0,2,0,22,24,0,46,0,0,0,46
01/25/2021,LUK,OH,ASO,CE,Federal Contract Tower,0,23,22,0,45,0,0,0,0,0,0,23,22,0,45,0,0,0,45
01/26/2021,LUK,OH,ASO,CE,Federal Contract Tower,0,22,22,0,44,0,2,4,0,6,0,24,26,0,50,74,0,74,124
01/27/2021,LUK,OH,ASO,CE,Federal Contract Tower,0,35,25,0,60,0,2,34,0,36,0,37,59,0,96,112,0,112,208
01/28/2021,LUK,OH,ASO,CE,Federal Contract Tower,2,22,33,0,57,0,4,49,0,53,2,26,82,0,110,52,0,52,162
01/29/2021,LUK,OH,ASO,CE,Federal Contract Tower,1,18,57,0,76,0,2,131,0,133,1,20,188,0,209,166,0,166,375
01/30/2021,LUK,OH,ASO,CE,Federal Contract Tower,0,16,49,0,65,0,0,71,0,71,0,16,120,0,136,134,0,134,270
01/31/2021,LUK,OH,ASO,CE,Federal Contract Tower,0,23,27,0,50,0,0,0,0,0,0,23,27,0,50,0,0,0,50
02/01/2021,LUK,OH,ASO,CE,Federal Contract Tower,0,15,18,0,33,0,0,0,0,0,0,15,18,0,33,0,0,0,33
02/02/2021,LUK,OH,ASO,CE,Federal Contract Tower,0,34,37,0,71,0,9,42,0,51,0,43,79,0,122,86,0,86,208
02/03/2021,LUK,OH,ASO,CE,Federal Contract Tower,0,38,59,0,97,0,2,108,0,110,0,40,167,0,207,246,0,246,453
02/04/2021,LUK,OH,ASO,CE,Federal Contract Tower,0,36,43,0,79,0,1,24,0,25,0,37,67,0,104,72,0,72,176
02/05/2021,LUK,OH,ASO,CE,Federal Contract Tower,0,21,38,0,59,0,9,19,0,28,0,30,57,0,87,26,0,26,113
02/06/2021,LUK,OH,ASO,CE,Federal Contract Tower,0,24,42,0,66,0,10,130,0,140,0,34,172,0,206,150,0,150,356
02/07/2021,LUK,OH,ASO,CE,Federal Contract Tower,0,12,28,0,40,0,2,40,0,42,0,14,68,0,82,60,0,60,142
02/08/2021,LUK,OH,ASO,CE,Federal Contract Tower,0,14,46,0,60,0,0,75,0,75,0,14,121,0,135,150,0,150,285
02/09/2021,LUK,OH,ASO,CE,Federal Contract Tower,0,22,27,0,49,0,6,13,0,19,0,28,40,0,68,0,0,0,68
02/10/2021,LUK,OH,ASO,CE,Federal Contract Tower,0,20,31,0,51,0,0,0,0,0,0,20,31,0,51,0,0,0,51
02/11/2021,LUK,OH,ASO,CE,Federal Contract Tower,0,24,51,0,75,0,0,1,0,1,0,24,52,0,76,0,0,0,76
02/12/2021,LUK,OH,ASO,CE,Federal Contract Tower,0,19,63,0,82,0,0,67,0,67,0,19,130,0,149,60,0,60,209
02/13/2021,LUK,OH,ASO,CE,Federal Contract Tower,0,26,19,0,45,0,3,72,0,75,0,29,91,0,120,54,0,54,174
02/14/2021,LUK,OH,ASO,CE,Federal Contract Tower,0,23,29,0,52,0,0,57,0,57,0,23,86,0,109,0,0,0,109
02/15/2021,LUK,OH,ASO,CE,Federal Contract Tower,0,8,7,0,15,0,0,0,0,0,0,8,7,0,15,0,0,0,15
02/16/2021,LUK,OH,ASO,CE,Federal Contract Tower,0,19,33,0,52,0,4,3,0,7,0,23,36,0,59,0,0,0,59
02/17/2021,LUK,OH,ASO,CE,Federal Contract Tower,0,14,35,0,49,0,1,27,0,28,0,15,62,0,77,26,0,26,103
02/18/2021,LUK,OH,ASO,CE,Federal Contract Tower,0,6,23,0,29,0,0,3,0,3,0,6,26,0,32,0,0,0,32
02/19/2021,LUK,OH,ASO,CE,Federal Contract Tower,0,19,52,0,71,0,3,44,0,47,0,22,96,0,118,54,0,54,172
02/20/2021,LUK,OH,ASO,CE,Federal Contract Tower,0,14,48,0,62,0,0,102,4,106,0,14,150,4,168,196,4,200,368
02/21/2021,LUK,OH,ASO,CE,Federal Contract Tower,0,27,39,0,66,0,4,78,0,82,0,31,117,0,148,28,0,28,176
02/22/2021,LUK,OH,ASO,CE,Federal Contract Tower,0,19,29,0,48,0,0,12,0,12,0,19,41,0,60,38,0,38,98
02/23/2021,LUK,OH,ASO,CE,Federal Contract Tower,0,19,43,0,62,0,13,64,4,81,0,32,107,4,143,84,0,84,227
02/24/2021,LUK,OH,ASO,CE,Federal Contract Tower,0,34,57,0,91,0,6,40,0,46,0,40,97,0,137,48,0,48,185
02/25/2021,LUK,OH,ASO,CE,Federal Contract Tower,0,36,71,0,107,0,3,107,0,110,0,39,178,0,217,116,0,116,333
02/26/2021,LUK,OH,ASO,CE,Federal Contract Tower,0,25,66,0,91,0,6,49,0,55,0,31,115,0,146,82,0,82,228
02/27/2021,LUK,OH,ASO,CE,Federal Contract Tower,0,16,59,0,75,0,0,91,0,91,0,16,150,0,166,174,0,174,340
02/28/2021,LUK,OH,ASO,CE,Federal Contract Tower,0,30,27,0,57,0,0,6,0,6,0,30,33,0,63,0,0,0,63
03/01/2021,LUK,OH,ASO,CE,Federal Contract Tower,0,13,56,0,69,0,5,49,0,54,0,18,105,0,123,84,0,84,207
03/02/2021,LUK,OH,ASO,CE,Federal Contract Tower,0,25,45,0,70,0,14,100,0,114,0,39,145,0,184,162,0,162,346
03/03/2021,LUK,OH,ASO,CE,Federal Contract Tower,0,35,48,0,83,0,9,119,0,128,0,44,167,0,211,196,0,196,407
03/04/2021,LUK,OH,ASO,CE,Federal Contract Tower,0,30,62,0,92,0,16,114,0,130,0,46,176,0,222,186,0,186,408
03/05/2021,LUK,OH,ASO,CE,Federal Contract Tower,0,26,47,1,74,0,6,91,0,97,0,32,138,1,171,168,0,168,339
03/06/2021,LUK,OH,ASO,CE,Federal Contract Tower,0,19,41,0,60,0,1,112,0,113,0,20,153,0,173,160,0,160,333
03/07/2021,LUK,OH,ASO,CE,Federal Contract Tower,0,30,66,0,96,0,2,104,0,106,0,32,170,0,202,128,0,128,330
03/08/2021,LUK,OH,ASO,CE,Federal Contract Tower,0,16,44,6,66,0,1,71,1,73,0,17,115,7,139,130,0,130,269
03/09/2021,LUK,OH,ASO,CE,Federal Contract Tower,0,27,69,1,97,0,10,76,1,87,0,37,145,2,184,82,0,82,266
03/10/2021,LUK,OH,ASO,CE,Federal Contract Tower,0,26,58,0,84,0,3,38,0,41,0,29,96,0,125,24,0,24,149
03/11/2021,LUK,OH,ASO,CE,Federal Contract Tower,0,19,43,3,65,0,2,18,0,20,0,21,61,3,85,18,0,18,103
03/12/2021,LUK,OH,ASO,CE,Federal Contract Tower,0,23,51,0,74,0,14,100,0,114,0,37,151,0,188,122,0,122,310
03/13/2021,LUK,OH,ASO,CE,Federal Contract Tower,0,25,52,0,77,0,8,134,0,142,0,33,186,0,219,188,0,188,407
03/14/2021,LUK,OH,ASO,CE,Federal Contract Tower,0,18,46,0,64,0,2,84,0,86,0,20,130,0,150,62,0,62,212
03/15/2021,LUK,OH,ASO,CE,Federal Contract Tower,0,17,25,0,42,0,0,5,0,5,0,17,30,0,47,0,0,0,47
03/16/2021,LUK,OH,ASO,CE,Federal Contract Tower,0,20,47,0,67,0,0,5,0,5,0,20,52,0,72,18,0,18,90
03/17/2021,LUK,OH,ASO,CE,Federal Contract Tower,0,25,32,0,57,0,5,28,0,33,0,30,60,0,90,92,0,92,182
03/18/2021,LUK,OH,ASO,CE,Federal Contract Tower,0,29,26,0,55,0,0,0,0,0,0,29,26,0,55,0,0,0,55
03/19/2021,LUK,OH,ASO,CE,Federal Contract Tower,0,31,67,0,98,0,0,65,0,65,0,31,132,0,163,34,0,34,197
03/20/2021,LUK,OH,ASO,CE,Federal Contract Tower,0,19,53,2,74,0,0,126,2,128,0,19,179,4,202,176,24,200,402
03/21/2021,LUK,OH,ASO,CE,Federal Contract Tower,0,23,71,6,100,0,3,130,0,133,0,26,201,6,233,122,10,132,365
03/22/2021,LUK,OH,ASO,CE,Federal Contract Tower,0,22,56,0,78,0,4,79,0,83,0,26,135,0,161,170,0,170,331
03/23/2021,LUK,OH,ASO,CE,Federal Contract Tower,0,18,55,0,73,0,7,53,0,60,0,25,108,0,133,56,0,56,189
03/24/2021,LUK,OH,ASO,CE,Federal Contract Tower,0,28,46,1,75,0,2,28,0,30,0,30,74,1,105,50,0,50,155
03/25/2021,LUK,OH,ASO,CE,Federal Contract Tower,0,34,38,0,72,0,2,27,0,29,0,36,65,0,101,0,0,0,101
03/26/2021,LUK,OH,ASO,CE,Federal Contract Tower,0,20,60,0,80,0,0,50,0,50,0,20,110,0,130,70,0,70,200
03/27/2021,LUK,OH,ASO,CE,Federal Contract Tower,0,27,68,0,95,0,2,127,0,129,0,29,195,0,224,102,0,102,326
03/28/2021,LUK,OH,ASO,CE,Federal Contract Tower,0,28,30,0,58,0,0,4,0,4,0,28,34,0,62,8,0,8,70
03/29/2021,LUK,OH,ASO,CE,Federal Contract Tower,0,19,48,0,67,0,6,105,0,111,0,25,153,0,178,152,0,152,330
03/30/2021,LUK,OH,ASO,CE,Federal Contract Tower,0,16,54,0,70,0,13,31,0,44,0,29,85,0,114,58,0,58,172
03/31/2021,LUK,OH,ASO,CE,Federal Contract Tower,0,19,40,0,59,0,10,45,0,55,0,29,85,0,114,44,0,44,158
04/01/2021,LUK,OH,ASO,CE,Federal Contract Tower,0,18,69,4,91,0,4,42,0,46,0,22,111,4,137,74,0,74,211
04/02/2021,LUK,OH,ASO,CE,Federal Contract Tower,0,29,76,0,105,0,4,135,0,139,0,33,211,0,244,196,0,196,440
04/03/2021,LUK,OH,ASO,CE,Federal Contract Tower,0,27,60,0,87,0,2,143,6,151,0,29,203,6,238,220,0,220,458
04/04/2021,LUK,OH,ASO,CE,Federal Contract Tower,0,29,46,0,75,0,5,68,0,73,0,34,114,0,148,96,0,96,244
04/05/2021,LUK,OH,ASO,CE,Federal Contract Tower,0,32,61,0,93,0,4,97,1,102,0,36,158,1,195,164,0,164,359
04/06/2021,LUK,OH,ASO,CE,Federal Contract Tower,0,21,66,0,87,0,3,85,0,88,0,24,151,0,175,146,0,146,321
04/07/2021,LUK,OH,ASO,CE,Federal Contract Tower,0,34,42,0,76,0,1,66,4,71,0,35,108,4,147,126,0,126,273
04/08/2021,LUK,OH,ASO,CE,Federal Contract Tower,0,27,46,0,73,0,0,22,0,22,0,27,68,0,95,46,0,46,141
04/09/2021,LUK,OH,ASO,CE,Federal Contract Tower,0,34,57,0,91,0,1,57,0,58,0,35,114,0,149,16,0,16,165
04/10/2021,LUK,OH,ASO,CE,Federal Contract Tower,0,18,37,0,55,0,0,17,0,17,0,18,54,0,72,18,0,18,90
04/11/2021,LUK,OH,ASO,CE,Federal Contract Tower,0,13,50,0,63,0,0,2,0,2,0,13,52,0,65,0,0,0,65
04/12/2021,LUK,OH,ASO,CE,Federal Contract Tower,0,15,64,0,79,0,3,28,0,31,0,18,92,0,110,66,0,66,176
04/13/2021,LUK,OH,ASO,CE,Federal Contract Tower,0,38,74,0,112,0,1,61,2,64,0,39,135,2,176,118,0,118,294
04/14/2021,LUK,OH,ASO,CE,Federal Contract Tower,0,26,66,0,92,0,2,85,0,87,0,28,151,0,179,118,0,118,297
04/15/2021,LUK,OH,ASO,CE,Federal Contract Tower,0,35,73,0,108,0,10,104,0,114,0,45,177,0,222,186,0,186,408
04/16/2021,LUK,OH,ASO,CE,Federal Contract Tower,0,34,48,0,82,0,11,108,0,119,0,45,156,0,201,210,0,210,411
04/17/2021,LUK,OH,ASO,CE,Federal Contract Tower,0,23,56,16,95,0,2,94,0,96,0,25,150,16,191,162,0,162,353
04/18/2021,LUK,OH,ASO,CE,Federal Contract Tower,0,22,71,0,93,0,0,140,0,140,0,22,211,0,233,144,0,144,377
04/19/2021,LUK,OH,ASO,CE,Federal Contract Tower,0,32,45,0,77,0,6,76,0,82,0,38,121,0,159,106,0,106,265
04/20/2021,LUK,OH,ASO,CE,Federal Contract Tower,0,31,49,1,81,0,0,73,0,73,0,31,122,1,154,100,0,100,254
04/21/2021,LUK,OH,ASO,CE,Federal Contract Tower,0,25,67,1,93,0,3,17,0,20,0,28,84,1,113,66,0,66,179
04/22/2021,LUK,OH,ASO,CE,Federal Contract Tower,0,26,76,4,106,0,10,92,1,103,0,36,168,5,209,150,0,150,359
04/23/2021,LUK,OH,ASO,CE,Federal Contract Tower,1,32,82,0,115,0,8,107,0,115,1,40,189,0,230,172,0,172,402
04/24/2021,LUK,OH,ASO,CE,Federal Contract Tower,2,14,29,0,45,0,4,37,0,41,2,18,66,0,86,46,0,46,132
04/25/2021,LUK,OH,ASO,CE,Federal Contract Tower,0,33,66,0,99,0,5,74,0,79,0,38,140,0,178,98,0,98,276
04/26/2021,LUK,OH,ASO,CE,Federal Contract Tower,0,21,56,0,77,0,5,107,0,112,0,26,163,0,189,176,0,176,365
04/27/2021,LUK,OH,ASO,CE,Federal Contract Tower,0,27,53,0,80,0,10,57,2,69,0,37,110,2,149,56,14,70,219
04/28/2021,LUK,OH,ASO,CE,Federal Contract Tower,0,27,51,0,78,0,7,28,0,35,0,34,79,0,113,100,0,100,213
04/29/2021,LUK,OH,ASO,CE,Federal Contract Tower,0,39,57,0,96,0,2,7,0,9,0,41,64,0,105,16,0,16,121
04/30/2021,LUK,OH,ASO,CE,Federal Contract Tower,0,39,60,4,103,0,18,50,0,68,0,57,110,4,171,46,0,46,217
05/01/2021,LUK,OH,ASO,CE,Federal Contract Tower,0,25,56,0,81,0,13,171,0,184,0,38,227,0,265,188,0,188,453
05/02/2021,LUK,OH,ASO,CE,Federal Contract Tower,0,27,58,4,89,0,0,89,0,89,0,27,147,4,178,120,0,120,298
05/03/2021,LUK,OH,ASO,CE,Federal Contract Tower,0,20,31,0,51,0,9,27,0,36,0,29,58,0,87,32,0,32,119
05/04/2021,LUK,OH,ASO,CE,Federal Contract Tower,0,28,28,0,56,0,0,7,0,7,0,28,35,0,63,38,0,38,101
05/05/2021,LUK,OH,ASO,CE,Federal Contract Tower,0,49,70,0,119,0,2,60,0,62,0,51,130,0,181,134,0,134,315
05/06/2021,LUK,OH,ASO,CE,Federal Contract Tower,0,35,44,0,79,0,4,102,0,106,0,39,146,0,185,182,0,182,367
05/07/2021,LUK,OH,ASO,CE,Federal Contract Tower,0,30,49,0,79,0,3,71,0,74,0,33,120,0,153,88,0,88,241
05/08/2021,LUK,OH,ASO,CE,Federal Contract Tower,0,22,54,0,76,0,2,141,0,143,0,24,195,0,219,192,0,192,411
05/09/2021,LUK,OH,ASO,CE,Federal Contract Tower,0,25,21,0,46,0,0,0,0,0,0,25,21,0,46,0,0,0,46
05/10/2021,LUK,OH,ASO,CE,Federal Contract Tower,0,28,56,0,84,0,4,79,0,83,0,32,135,0,167,122,0,122,289
05/11/2021,LUK,OH,ASO,CE,Federal Contract Tower,0,32,74,0,106,0,4,112,0,116,0,36,186,0,222,144,0,144,366
05/12/2021,LUK,OH,ASO,CE,Federal Contract Tower,0,49,46,0,95,0,20,94,0,114,0,69,140,0,209,82,0,82,291
05/13/2021,LUK,OH,ASO,CE,Federal Contract Tower,0,30,57,4,91,0,4,132,0,136,0,34,189,4,227,248,0,248,475
05/14/2021,LUK,OH,ASO,CE,Federal Contract Tower,0,47,66,0,113,0,10,130,0,140,0,57,196,0,253,204,0,204,457
05/15/2021,LUK,OH,ASO,CE,Federal Contract Tower,1,25,79,0,105,0,6,123,6,135,1,31,202,6,240,122,0,122,362
05/16/2021,LUK,OH,ASO,CE,Federal Contract Tower,1,35,67,0,103,0,2,71,0,73,1,37,138,0,176,40,0,40,216
05/17/2021,LUK,OH,ASO,CE,Federal Contract Tower,0,30,50,0,80,0,4,8,0,12,0,34,58,0,92,30,0,30,122
05/18/2021,LUK,OH,ASO,CE,Federal Contract Tower,0,30,55,0,85,0,2,55,0,57,0,32,110,0,142,162,0,162,304
05/19/2021,LUK,OH,ASO,CE,Federal Contract Tower,0,31,72,0,103,0,9,84,2,95,0,40,156,2,198,178,0,178,376
05/20/2021,LUK,OH,ASO,CE,Federal Contract Tower,0,39,83,0,122,0,14,110,0,124,0,53,193,0,246,200,0,200,446
05/21/2021,LUK,OH,ASO,CE,Federal Contract Tower,2,45,63,0,110,0,9,94,0,103,2,54,157,0,213,132,0,132,345
05/22/2021,LUK,OH,ASO,CE,Federal Contract Tower,2,20,75,1,98,0,4,125,0,129,2,24,200,1,227,180,0,180,407
05/23/2021,LUK,OH,ASO,CE,Federal Contract Tower,0,30,77,0,107,0,4,107,0,111,0,34,184,0,218,106,0,106,324
05/24/2021,LUK,OH,ASO,CE,Federal Contract Tower,0,37,56,0,93,0,7,73,0,80,0,44,129,0,173,126,0,126,299
05/25/2021,LUK,OH,ASO,CE,Federal Contract Tower,0,45,45,0,90,0,18,72,0,90,0,63,117,0,180,166,0,166,346
05/26/2021,LUK,OH,ASO,CE,Federal Contract Tower,0,39,57,0,96,0,2,17,0,19,0,41,74,0,115,32,0,32,147
05/27/2021,LUK,OH,ASO,CE,Federal Contract Tower,0,46,63,0,109,0,3,69,0,72,0,49,132,0,181,180,0,180,361
05/28/2021,LUK,OH,ASO,CE,Federal Contract Tower,1,36,81,0,118,0,0,14,0,14,1,36,95,0,132,44,0,44,176
05/29/2021,LUK,OH,ASO,CE,Federal Contract Tower,1,17,36,0,54,0,6,56,0,62,1,23,92,0,116,78,0,78,194
05/30/2021,LUK,OH,ASO,CE,Federal Contract Tower,0,13,35,0,48,0,0,103,0,103,0,13,138,0,151,124,0,124,275
05/31/2021,LUK,OH,ASO,CE,Federal Contract Tower,0,28,84,0,112,0,8,90,0,98,0,36,174,0,210,290,0,290,500
06/01/2021,LUK,OH,ASO,CE,Federal Contract Tower,0,37,78,0,115,0,1,110,0,111,0,38,188,0,226,252,0,252,478
06/02/2021,LUK,OH,ASO,CE,Federal Contract Tower,0,40,49,0,89,0,0,0,0,0,0,40,49,0,89,0,0,0,89
06/03/2021,LUK,OH,ASO,CE,Federal Contract Tower,0,37,52,0,89,0,0,7,0,7,0,37,59,0,96,12,0,12,108
06/04/2021,LUK,OH,ASO,CE,Federal Contract Tower,0,50,83,0,133,0,4,145,0,149,0,54,228,0,282,276,0,276,558
06/05/2021,LUK,OH,ASO,CE,Federal Contract Tower,0,35,59,0,94,0,12,202,0,214,0,47,261,0,308,278,0,278,586
06/06/2021,LUK,OH,ASO,CE,Federal Contract Tower,0,45,53,0,98,0,5,97,0,102,0,50,150,0,200,96,0,96,296
06/07/2021,LUK,OH,ASO,CE,Federal Contract Tower,0,26,48,0,74,0,8,39,0,47,0,34,87,0,121,152,0,152,273
06/08/2021,LUK,OH,ASO,CE,Federal Contract Tower,0,40,51,0,91,0,3,67,0,70,0,43,118,0,161,162,0,162,323
06/09/2021,LUK,OH,ASO,CE,Federal Contract Tower,0,38,56,0,94,0,5,3,0,8,0,43,59,0,102,4,0,4,106
06/10/2021,LUK,OH,ASO,CE,Federal Contract Tower,0,41,44,2,87,0,1,64,0,65,0,42,108,2,152,166,0,166,318
06/11/2021,LUK,OH,ASO,CE,Federal Contract Tower,0,42,55,2,99,0,1,57,0,58,0,43,112,2,157,138,0,138,295
06/12/2021,LUK,OH,ASO,CE,Federal Contract Tower,0,38,50,2,90,0,5,111,0,116,0,43,161,2,206,154,0,154,360
06/13/2021,LUK,OH,ASO,CE,Federal Contract Tower,0,45,63,0,108,0,7,90,0,97,0,52,153,0,205,142,0,142,347
06/14/2021,LUK,OH,ASO,CE,Federal Contract Tower,0,39,68,0,107,0,5,94,0,99,0,44,162,0,206,206,0,206,412
06/15/2021,LUK,OH,ASO,CE,Federal Contract Tower,0,55,87,0,142,0,1,120,0,121,0,56,207,0,263,164,0,164,427
06/16/2021,LUK,OH,ASO,CE,Federal Contract Tower,0,37,80,0,117,0,5,137,0,142,0,42,217,0,259,204,0,204,463
06/17/2021,LUK,OH,ASO,CE,Federal Contract Tower,0,26,62,0,88,0,6,109,0,115,0,32,171,0,203,162,0,162,365
06/18/2021,LUK,OH,ASO,CE,Federal Contract Tower,1,29,61,0,91,0,0,0,0,0,1,29,61,0,91,120,0,120,211
06/19/2021,LUK,OH,ASO,CE,Federal Contract Tower,0,32,53,0,85,0,10,70,0,80,0,42,123,0,165,52,0,52,217
06/20/2021,LUK,OH,ASO,CE,Federal Contract Tower,0,32,61,0,93,0,2,139,0,141,0,34,200,0,234,52,0,52,286
06/21/2021,LUK,OH,ASO,CE,Federal Contract Tower,1,43,49,0,93,0,5,29,0,34,1,48,78,0,127,68,0,68,195
06/22/2021,LUK,OH,ASO,CE,Federal Contract Tower,1,56,72,0,129,0,14,94,0,108,1,70,166,0,237,150,0,150,387
06/23/2021,LUK,OH,ASO,CE,Federal Contract Tower,0,26,77,0,103,0,10,93,0,103,0,36,170,0,206,142,0,142,348
06/24/2021,LUK,OH,ASO,CE,Federal Contract Tower,0,41,52,1,94,0,2,81,0,83,0,43,133,1,177,114,0,114,291
06/25/2021,LUK,OH,ASO,CE,Federal Contract Tower,0,56,70,0,126,0,9,76,0,85,0,65,146,0,211,180,0,180,391
06/26/2021,LUK,OH,ASO,CE,Federal Contract Tower,0,28,55,0,83,0,5,125,0,130,0,33,180,0,213,88,0,88,301
06/27/2021,LUK,OH,ASO,CE,Federal Contract Tower,1,29,71,0,101,0,4,116,0,120,1,33,187,0,221,128,0,128,349
06/28/2021,LUK,OH,ASO,CE,Federal Contract Tower,0,38,80,0,118,0,4,102,0,106,0,42,182,0,224,132,0,132,356
06/29/2021,LUK,OH,ASO,CE,Federal Contract Tower,0,49,48,0,97,0,1,63,0,64,0,50,111,0,161,126,0,126,287
06/30/2021,LUK,OH,ASO,CE,Federal Contract Tower,0,43,59,0,102,0,2,48,0,50,0,45,107,0,152,190,0,190,342
07/01/2021,LUK,OH,ASO,CE,Federal Contract Tower,0,54,64,0,118,0,3,16,0,19,0,57,80,0,137,34,0,34,171
07/02/2021,LUK,OH,ASO,CE,Federal Contract Tower,1,52,89,0,142,0,9,121,0,130,1,61,210,0,272,146,0,146,418
07/03/2021,LUK,OH,ASO,CE,Federal Contract Tower,0,16,52,0,68,0,3,109,0,112,0,19,161,0,180,156,0,156,336
07/04/2021,LUK,OH,ASO,CE,Federal Contract Tower,0,11,35,0,46,0,7,72,0,79,0,18,107,0,125,32,0,32,157
07/05/2021,LUK,OH,ASO,CE,Federal Contract Tower,0,42,59,0,101,0,5,72,0,77,0,47,131,0,178,88,0,88,266
07/06/2021,LUK,OH,ASO,CE,Federal Contract Tower,0,44,52,0,96,0,6,114,0,120,0,50,166,0,216,162,0,162,378
07/07/2021,LUK,OH,ASO,CE,Federal Contract Tower,0,40,66,0,106,0,4,62,0,66,0,44,128,0,172,76,0,76,248
07/08/2021,LUK,OH,ASO,CE,Federal Contract Tower,0,34,61,0,95,0,0,29,0,29,0,34,90,0,124,30,0,30,154
07/09/2021,LUK,OH,ASO,CE,Federal Contract Tower,0,34,68,0,102,0,6,112,0,118,0,40,180,0,220,184,0,184,404
07/10/2021,LUK,OH,ASO,CE,Federal Contract Tower,0,37,44,0,81,0,0,36,0,36,0,37,80,0,117,84,0,84,201
07/11/2021,LUK,OH,ASO,CE,Federal Contract Tower,0,36,53,0,89,0,2,16,0,18,0,38,69,0,107,28,0,28,135
07/12/2021,LUK,OH,ASO,CE,Federal Contract Tower,0,40,55,0,95,0,1,19,0,20,0,41,74,0,115,90,0,90,205
07/13/2021,LUK,OH,ASO,CE,Federal Contract Tower,0,51,47,0,98,0,0,16,0,16,0,51,63,0,114,34,0,34,148
07/14/2021,LUK,OH,ASO,CE,Federal Contract Tower,0,47,80,0,127,0,5,113,0,118,0,52,193,0,245,150,0,150,395
07/15/2021,LUK,OH,ASO,CE,Federal Contract Tower,0,48,64,0,112,0,3,114,0,117,0,51,178,0,229,224,0,224,453
07/16/2021,LUK,OH,ASO,CE,Federal Contract Tower,1,46,41,0,88,0,0,38,0,38,1,46,79,0,126,84,0,84,210
07/17/2021,LUK,OH,ASO,CE,Federal Contract Tower,0,34,49,0,83,0,0,98,0,98,0,34,147,0,181,146,0,146,327
07/18/2021,LUK,OH,ASO,CE,Federal Contract Tower,2,39,68,1,110,0,0,176,1,177,2,39,244,2,287,168,0,168,455
07/19/2021,LUK,OH,ASO,CE,Federal Contract Tower,0,45,84,3,132,0,7,127,2,136,0,52,211,5,268,232,0,232,500
07/20/2021,LUK,OH,ASO,CE,Federal Contract Tower,0,48,78,0,126,0,6,117,1,124,0,54,195,1,250,270,0,270,520
07/21/2021,LUK,OH,ASO,CE,Federal Contract Tower,6,62,81,0,149,0,1,33,0,34,6,63,114,0,183,144,0,144,327
07/22/2021,LUK,OH,ASO,CE,Federal Contract Tower,1,50,102,1,154,0,8,168,0,176,1,58,270,1,330,186,0,186,516
07/23/2021,LUK,OH,ASO,CE,Federal Contract Tower,1,40,91,0,132,0,3,145,0,148,1,43,236,0,280,198,0,198,478
07/24/2021,LUK,OH,ASO,CE,Federal Contract Tower,0,29,52,0,81,0,3,130,0,133,0,32,182,0,214,112,0,112,326
07/25/2021,LUK,OH,ASO,CE,Federal Contract Tower,2,34,60,0,96,0,2,66,0,68,2,36,126,0,164,126,0,126,290
07/26/2021,LUK,OH,ASO,CE,Federal Contract Tower,0,38,79,0,117,0,3,78,0,81,0,41,157,0,198,158,0,158,356
07/27/2021,LUK,OH,ASO,CE,Federal Contract Tower,0,37,60,0,97,0,9,78,1,88,0,46,138,1,185,198,0,198,383
07/28/2021,LUK,OH,ASO,CE,Federal Contract Tower,0,35,97,0,132,0,1,91,0,92,0,36,188,0,224,76,0,76,300
07/29/2021,LUK,OH,ASO,CE,Federal Contract Tower,0,48,73,2,123,0,0,30,0,30,0,48,103,2,153,6,0,6,159
07/30/2021,LUK,OH,ASO,CE,Federal Contract Tower,0,39,61,0,100,0,9,66,0,75,0,48,127,0,175,62,0,62,237
07/31/2021,LUK,OH,ASO,CE,Federal Contract Tower,0,32,56,0,88,0,2,101,0,103,0,34,157,0,191,80,0,80,271
08/01/2021,LUK,OH,ASO,CE,Federal Contract Tower,0,42,79,0,121,0,11,73,0,84,0,53,152,0,205,56,0,56,261
08/02/2021,LUK,OH,ASO,CE,Federal Contract Tower,0,48,45,0,93,0,11,82,0,93,0,59,127,0,186,122,0,122,308
08/03/2021,LUK,OH,ASO,CE,Federal Contract Tower,1,30,48,0,79,0,4,98,0,102,1,34,146,0,181,118,0,118,299
08/05/2021,LUK,OH,ASO,CE,Federal Contract Tower,0,53,108,6,167,0,16,136,3,155,0,69,244,9,322,112,0,112,434
08/06/2021,LUK,OH,ASO,CE,Federal Contract Tower,0,40,66,0,106,0,3,99,0,102,0,43,165,0,208,138,0,138,346
08/07/2021,LUK,OH,ASO,CE,Federal Contract Tower,0,18,55,0,73,0,6,97,0,103,0,24,152,0,176,78,0,78,254
08/08/2021,LUK,OH,ASO,CE,Federal Contract Tower,0,35,56,0,91,0,0,89,0,89,0,35,145,0,180,120,0,120,300
08/09/2021,LUK,OH,ASO,CE,Federal Contract Tower,0,28,81,0,109,0,8,51,0,59,0,36,132,0,168,50,0,50,218
08/10/2021,LUK,OH,ASO,CE,Federal Contract Tower,0,51,54,0,105,0,4,53,0,57,0,55,107,0,162,116,0,116,278
08/11/2021,LUK,OH,ASO,CE,Federal Contract Tower,0,49,81,0,130,0,9,126,2,137,0,58,207,2,267,238,0,238,505
08/12/2021,LUK,OH,ASO,CE,Federal Contract Tower,0,48,78,0,126,0,4,116,0,120,0,52,194,0,246,196,0,196,442
08/13/2021,LUK,OH,ASO,CE,Federal Contract Tower,0,36,62,0,98,0,8,61,0,69,0,44,123,0,167,98,0,98,265
08/14/2021,LUK,OH,ASO,CE,Federal Contract Tower,0,27,53,0,80,0,7,108,0,115,0,34,161,0,195,138,0,138,333
08/15/2021,LUK,OH,ASO,CE,Federal Contract Tower,0,44,48,0,92,0,1,89,0,90,0,45,137,0,182,174,0,174,356
08/16/2021,LUK,OH,ASO,CE,Federal Contract Tower,0,59,39,0,98,0,3,13,0,16,0,62,52,0,114,54,0,54,168
08/17/2021,LUK,OH,ASO,CE,Federal Contract Tower,0,54,45,2,101,0,1,14,0,15,0,55,59,2,116,12,0,12,128
08/18/2021,LUK,OH,ASO,CE,Federal Contract Tower,1,52,77,0,130,0,1,77,0,78,1,53,154,0,208,114,0,114,322
08/19/2021,LUK,OH,ASO,CE,Federal Contract Tower,2,46,60,0,108,0,2,51,0,53,2,48,111,0,161,74,0,74,235
08/20/2021,LUK,OH,ASO,CE,Federal Contract Tower,1,58,63,0,122,0,13,107,0,120,1,71,170,0,242,196,0,196,438
08/21/2021,LUK,OH,ASO,CE,Federal Contract Tower,0,16,40,0,56,0,2,95,0,97,0,18,135,0,153,40,0,40,193
08/22/2021,LUK,OH,ASO,CE,Federal Contract Tower,0,31,74,0,105,0,18,106,0,124,0,49,180,0,229,84,0,84,313
08/23/2021,LUK,OH,ASO,CE,Federal Contract Tower,0,40,58,0,98,0,13,70,0,83,0,53,128,0,181,141,0,141,322
08/24/2021,LUK,OH,ASO,CE,Federal Contract Tower,0,29,77,2,108,0,16,80,2,98,0,45,157,4,206,118,0,118,324
08/25/2021,LUK,OH,ASO,CE,Federal Contract Tower,0,45,49,0,94,0,11,57,0,68,0,56,106,0,162,126,0,126,288
08/26/2021,LUK,OH,ASO,CE,Federal Contract Tower,0,33,60,0,93,0,8,54,0,62,0,41,114,0,155,70,0,70,225
08/27/2021,LUK,OH,ASO,CE,Federal Contract Tower,0,46,82,0,128,0,6,79,0,85,0,52,161,0,213,154,0,154,367
08/28/2021,LUK,OH,ASO,CE,Federal Contract Tower,0,21,43,0,64,0,13,136,0,149,0,34,179,0,213,250,0,250,463
08/29/2021,LUK,OH,ASO,CE,Federal Contract Tower,0,41,56,0,97,0,5,106,0,111,0,46,162,0,208,118,0,118,326
08/30/2021,LUK,OH,ASO,CE,Federal Contract Tower,0,40,41,0,81,0,0,5,0,5,0,40,46,0,86,20,0,20,106
08/31/2021,LUK,OH,ASO,CE,Federal Contract Tower,0,22,44,0,66,0,0,4,0,4,0,22,48,0,70,0,0,0,70
09/01/2021,LUK,OH,ASO,CE,Federal Contract Tower,0,46,57,0,103,0,2,83,0,85,0,48,140,0,188,204,0,204,392
09/02/2021,LUK,OH,ASO,CE,Federal Contract Tower,0,50,92,0,142,0,9,132,0,141,0,59,224,0,283,184,0,184,467
09/03/2021,LUK,OH,ASO,CE,Federal Contract Tower,2,64,83,0,149,0,7,140,0,147,2,71,223,0,296,190,0,190,486
09/04/2021,LUK,OH,ASO,CE,Federal Contract Tower,1,22,47,0,70,0,13,255,0,268,1,35,302,0,338,170,0,170,508
09/05/2021,LUK,OH,ASO,CE,Federal Contract Tower,1,27,33,2,63,0,3,274,0,277,1,30,307,2,340,6,0,6,346
09/06/2021,LUK,OH,ASO,CE,Federal Contract Tower,0,27,92,0,119,0,8,142,0,150,0,35,234,0,269,80,0,80,349
09/07/2021,LUK,OH,ASO,CE,Federal Contract Tower,0,28,63,0,91,0,9,73,0,82,0,37,136,0,173,102,0,102,275
09/08/2021,LUK,OH,ASO,CE,Federal Contract Tower,0,40,68,0,108,0,13,64,0,77,0,53,132,0,185,204,0,204,389
09/09/2021,LUK,OH,ASO,CE,Federal Contract Tower,0,50,75,2,127,0,5,106,1,112,0,55,181,3,239,126,0,126,365
09/10/2021,LUK,OH,ASO,CE,Federal Contract Tower,2,56,79,0,137,0,3,103,0,106,2,59,182,0,243,140,0,140,383
09/11/2021,LUK,OH,ASO,CE,Federal Contract Tower,1,25,63,0,89,0,5,109,0,114,1,30,172,0,203,106,0,106,309
09/12/2021,LUK,OH,ASO,CE,Federal Contract Tower,0,44,69,0,113,0,3,78,0,81,0,47,147,0,194,30,0,30,224
09/13/2021,LUK,OH,ASO,CE,Federal Contract Tower,0,46,60,0,106,0,8,75,0,83,0,54,135,0,189,108,0,108,297
09/14/2021,LUK,OH,ASO,CE,Federal Contract Tower,2,48,82,0,132,0,4,77,0,81,2,52,159,0,213,124,0,124,337
09/15/2021,LUK,OH,ASO,CE,Federal Contract Tower,0,72,65,0,137,0,1,26,0,27,0,73,91,0,164,64,0,64,228
09/16/2021,LUK,OH,ASO,CE,Federal Contract Tower,0,36,80,0,116,0,0,66,0,66,0,36,146,0,182,196,0,196,378
09/17/2021,LUK,OH,ASO,CE,Federal Contract Tower,1,53,87,1,142,0,2,103,0,105,1,55,190,1,247,54,0,54,301
09/18/2021,LUK,OH,ASO,CE,Federal Contract Tower,1,30,71,0,102,0,3,95,0,98,1,33,166,0,200,50,0,50,250
09/19/2021,LUK,OH,ASO,CE,Federal Contract Tower,0,44,82,0,126,0,5,101,0,106,0,49,183,0,232,158,0,158,390
09/20/2021,LUK,OH,ASO,CE,Federal Contract Tower,0,45,66,0,111,0,2,16,0,18,0,47,82,0,129,26,0,26,155
09/22/2021,LUK,OH,ASO,CE,Federal Contract Tower,0,49,57,0,106,0,0,0,0,0,0,49,57,0,106,0,0,0,106
09/23/2021,LUK,OH,ASO,CE,Federal Contract Tower,0,61,101,1,163,0,9,85,0,94,0,70,186,1,257,90,0,90,347
09/24/2021,LUK,OH,ASO,CE,Federal Contract Tower,2,40,98,0,140,0,7,146,0,153,2,47,244,0,293,206,0,206,499
09/25/2021,LUK,OH,ASO,CE,Federal Contract Tower,0,22,54,0,76,0,0,72,0,72,0,22,126,0,148,136,0,136,284
09/26/2021,LUK,OH,ASO,CE,Federal Contract Tower,0,34,72,0,106,0,6,143,0,149,0,40,215,0,255,192,0,192,447
09/27/2021,LUK,OH,ASO,CE,Federal Contract Tower,0,40,66,0,106,0,5,74,0,79,0,45,140,0,185,16,0,16,201
09/28/2021,LUK,OH,ASO,CE,Federal Contract Tower,2,52,59,0,113,0,4,69,0,73,2,56,128,0,186,130,0,130,316
09/29/2021,LUK,OH,ASO,CE,Federal Contract Tower,0,49,87,0,136,0,8,97,0,105,0,57,184,0,241,160,0,160,401
09/30/2021,LUK,OH,ASO,CE,Federal Contract Tower,0,65,109,0,174,0,2,91,0,93,0,67,200,0,267,162,0,162,429
10/01/2021,LUK,OH,ASO,CE,Federal Contract Tower,2,39,83,0,124,0,4,112,0,116,2,43,195,0,240,102,0,102,342
10/02/2021,LUK,OH,ASO,CE,Federal Contract Tower,1,41,77,0,119,0,2,95,0,97,1,43,172,0,216,182,0,182,398
10/03/2021,LUK,OH,ASO,CE,Federal Contract Tower,0,50,67,0,117,0,0,8,0,8,0,50,75,0,125,6,0,6,131
10/04/2021,LUK,OH,ASO,CE,Federal Contract Tower,0,44,54,0,98,0,1,17,0,18,0,45,71,0,116,24,0,24,140
10/05/2021,LUK,OH,ASO,CE,Federal Contract Tower,0,36,59,0,95,0,1,51,0,52,0,37,110,0,147,56,0,56,203
10/06/2021,LUK,OH,ASO,CE,Federal Contract Tower,0,63,75,0,138,0,6,38,0,44,0,69,113,0,182,116,0,116,298
10/07/2021,LUK,OH,ASO,CE,Federal Contract Tower,0,57,51,3,111,0,21,53,1,75,0,78,104,4,186,174,0,174,360
10/08/2021,LUK,OH,ASO,CE,Federal Contract Tower,1,32,60,0,93,0,0,54,0,54,1,32,114,0,147,70,0,70,217
10/09/2021,LUK,OH,ASO,CE,Federal Contract Tower,0,23,70,0,93,0,1,131,0,132,0,24,201,0,225,110,0,110,335
10/10/2021,LUK,OH,ASO,CE,Federal Contract Tower,0,44,66,0,110,0,3,115,0,118,0,47,181,0,228,116,0,116,344
10/11/2021,LUK,OH,ASO,CE,Federal Contract Tower,0,50,83,0,133,0,8,63,0,71,0,58,146,0,204,62,0,62,266
10/12/2021,LUK,OH,ASO,CE,Federal Contract Tower,0,35,78,0,113,0,16,77,0,93,0,51,155,0,206,196,0,196,402
10/13/2021,LUK,OH,ASO,CE,Federal Contract Tower,0,39,63,0,102,0,6,66,0,72,0,45,129,0,174,108,0,108,282
10/14/2021,LUK,OH,ASO,CE,Federal Contract Tower,0,51,92,0,143,0,5,103,0,108,0,56,195,0,251,198,0,198,449
10/15/2021,LUK,OH,ASO,CE,Federal Contract Tower,2,55,79,11,147,0,5,28,0,33,2,60,107,11,180,86,0,86,266
10/16/2021,LUK,OH,ASO,CE,Federal Contract Tower,1,42,46,0,89,0,1,102,0,103,1,43,148,0,192,48,0,48,240
10/17/2021,LUK,OH,ASO,CE,Federal Contract Tower,0,44,90,0,134,0,6,122,0,128,0,50,212,0,262,148,0,148,410
10/18/2021,LUK,OH,ASO,CE,Federal Contract Tower,0,43,71,0,114,0,1,70,0,71,0,44,141,0,185,90,0,90,275
10/19/2021,LUK,OH,ASO,CE,Federal Contract Tower,1,47,62,0,110,0,8,121,0,129,1,55,183,0,239,134,0,134,373
10/20/2021,LUK,OH,ASO,CE,Federal Contract Tower,1,46,75,0,122,0,7,62,0,69,1,53,137,0,191,104,0,104,295
10/21/2021,LUK,OH,ASO,CE,Federal Contract Tower,0,45,63,0,108,0,4,11,0,15,0,49,74,0,123,16,0,16,139
10/22/2021,LUK,OH,ASO,CE,Federal Contract Tower,2,44,68,0,114,0,1,6,0,7,2,45,74,0,121,0,0,0,121
10/23/2021,LUK,OH,ASO,CE,Federal Contract Tower,0,21,46,1,68,0,3,139,0,142,0,24,185,1,210,232,0,232,442
10/24/2021,LUK,OH,ASO,CE,Federal Contract Tower,0,42,48,0,90,0,1,24,0,25,0,43,72,0,115,16,0,16,131
10/25/2021,LUK,OH,ASO,CE,Federal Contract Tower,0,40,52,0,92,0,0,10,0,10,0,40,62,0,102,0,0,0,102
10/26/2021,LUK,OH,ASO,CE,Federal Contract Tower,0,37,54,0,91,0,14,77,0,91,0,51,131,0,182,134,0,134,316
10/27/2021,LUK,OH,ASO,CE,Federal Contract Tower,1,43,88,6,138,0,8,92,0,100,1,51,180,6,238,200,0,200,438
10/28/2021,LUK,OH,ASO,CE,Federal Contract Tower,0,43,69,0,112,0,0,32,0,32,0,43,101,0,144,54,0,54,198
10/29/2021,LUK,OH,ASO,CE,Federal Contract Tower,1,37,47,0,85,0,0,8,0,8,1,37,55,0,93,0,0,0,93
10/30/2021,LUK,OH,ASO,CE,Federal Contract Tower,1,17,36,0,54,0,0,0,0,0,1,17,36,0,54,0,0,0,54
10/31/2021,LUK,OH,ASO,CE,Federal Contract Tower,0,47,47,0,94,0,0,105,0,105,0,47,152,0,199,164,0,164,363
11/01/2021,LUK,OH,ASO,CE,Federal Contract Tower,1,42,88,0,131,0,5,113,0,118,1,47,201,0,249,180,0,180,429
11/02/2021,LUK,OH,ASO,CE,Federal Contract Tower,0,36,47,1,84,0,19,80,1,100,0,55,127,2,184,92,0,92,276
11/03/2021,LUK,OH,ASO,CE,Federal Contract Tower,0,30,49,2,81,0,2,79,0,81,0,32,128,2,162,146,0,146,308
11/04/2021,LUK,OH,ASO,CE,Federal Contract Tower,0,44,77,0,121,0,3,104,1,108,0,47,181,1,229,122,0,122,351
11/05/2021,LUK,OH,ASO,CE,Federal Contract Tower,0,38,65,0,103,0,9,116,0,125,0,47,181,0,228,174,0,174,402
11/06/2021,LUK,OH,ASO,CE,Federal Contract Tower,2,25,50,0,77,0,4,122,0,126,2,29,172,0,203,86,0,86,289
11/07/2021,LUK,OH,ASO,CE,Federal Contract Tower,1,42,85,8,136,0,4,136,0,140,1,46,221,8,276,154,0,154,430
11/08/2021,LUK,OH,ASO,CE,Federal Contract Tower,0,32,61,0,93,0,0,90,0,90,0,32,151,0,183,64,0,64,247
11/09/2021,LUK,OH,ASO,CE,Federal Contract Tower,0,39,62,0,101,0,4,73,10,87,0,43,135,10,188,132,0,132,320
11/10/2021,LUK,OH,ASO,CE,Federal Contract Tower,0,37,67,0,104,0,6,81,0,87,0,43,148,0,191,140,0,140,331
11/11/2021,LUK,OH,ASO,CE,Federal Contract Tower,0,36,51,0,87,0,2,6,0,8,0,38,57,0,95,46,0,46,141
11/12/2021,LUK,OH,ASO,CE,Federal Contract Tower,0,53,79,0,132,0,5,38,0,43,0,58,117,0,175,28,0,28,203
11/13/2021,LUK,OH,ASO,CE,Federal Contract Tower,0,17,59,0,76,0,3,116,0,119,0,20,175,0,195,184,0,184,379
11/14/2021,LUK,OH,ASO,CE,Federal Contract Tower,0,35,50,0,85,0,0,1,0,1,0,35,51,0,86,0,0,0,86
11/15/2021,LUK,OH,ASO,CE,Federal Contract Tower,0,28,56,0,84,0,5,61,0,66,0,33,117,0,150,160,0,160,310
11/16/2021,LUK,OH,ASO,CE,Federal Contract Tower,0,32,81,0,113,0,12,91,0,103,0,44,172,0,216,194,0,194,410
11/17/2021,LUK,OH,ASO,CE,Federal Contract Tower,0,31,66,0,97,0,2,27,0,29,0,33,93,0,126,56,0,56,182
11/18/2021,LUK,OH,ASO,CE,Federal Contract Tower,0,41,68,0,109,0,6,46,0,52,0,47,114,0,161,116,0,116,277
11/19/2021,LUK,OH,ASO,CE,Federal Contract Tower,0,45,73,0,118,0,4,155,0,159,0,49,228,0,277,282,0,282,559
11/20/2021,LUK,OH,ASO,CE,Federal Contract Tower,0,25,62,1,88,1,8,105,0,114,1,33,167,1,202,290,0,290,492
11/21/2021,LUK,OH,ASO,CE,Federal Contract Tower,0,33,44,0,77,0,0,0,0,0,0,33,44,0,77,0,0,0,77
11/22/2021,LUK,OH,ASO,CE,Federal Contract Tower,0,49,51,0,100,0,8,95,1,104,0,57,146,1,204,234,0,234,438
11/23/2021,LUK,OH,ASO,CE,Federal Contract Tower,0,35,63,0,98,0,9,104,2,115,0,44,167,2,213,186,0,186,399
11/24/2021,LUK,OH,ASO,CE,Federal Contract Tower,0,45,55,0,100,0,24,46,0,70,0,69,101,0,170,56,0,56,226
11/25/2021,LUK,OH,ASO,CE,Federal Contract Tower,0,10,4,0,14,0,0,1,0,1,0,10,5,0,15,0,0,0,15
11/26/2021,LUK,OH,ASO,CE,Federal Contract Tower,0,28,46,0,74,0,4,48,0,52,0,32,94,0,126,54,0,54,180
11/27/2021,LUK,OH,ASO,CE,Federal Contract Tower,0,18,52,0,70,0,8,92,0,100,0,26,144,0,170,60,0,60,230
11/28/2021,LUK,OH,ASO,CE,Federal Contract Tower,0,50,66,0,116,0,1,42,0,43,0,51,108,0,159,26,0,26,185
11/29/2021,LUK,OH,ASO,CE,Federal Contract Tower,0,35,57,0,92,0,3,92,1,96,0,38,149,1,188,266,6,272,460
11/30/2021,LUK,OH,ASO,CE,Federal Contract Tower,0,45,42,1,88,0,2,81,0,83,0,47,123,1,171,146,0,146,317
12/01/2021,LUK,OH,ASO,CE,Federal Contract Tower,0,48,73,0,121,0,1,41,0,42,0,49,114,0,163,102,0,102,265
12/02/2021,LUK,OH,ASO,CE,Federal Contract Tower,0,32,57,2,91,0,4,55,0,59,0,36,112,2,150,68,0,68,218
12/03/2021,LUK,OH,ASO,CE,Federal Contract Tower,0,18,72,0,90,0,3,69,0,72,0,21,141,0,162,66,0,66,228
12/04/2021,LUK,OH,ASO,CE,Federal Contract Tower,0,38,74,0,112,0,2,133,0,135,0,40,207,0,247,160,0,160,407
12/05/2021,LUK,OH,ASO,CE,Federal Contract Tower,0,50,38,0,88,0,1,55,0,56,0,51,93,0,144,106,0,106,250
12/06/2021,LUK,OH,ASO,CE,Federal Contract Tower,0,45,56,0,101,0,12,15,0,27,0,57,71,0,128,6,0,6,134
12/07/2021,LUK,OH,ASO,CE,Federal Contract Tower,0,38,90,0,128,0,4,83,0,87,0,42,173,0,215,166,0,166,381
12/08/2021,LUK,OH,ASO,CE,Federal Contract Tower,0,39,72,0,111,0,17,51,0,68,0,56,123,0,179,84,0,84,263
12/09/2021,LUK,OH,ASO,CE,Federal Contract Tower,0,49,88,0,137,0,0,86,0,86,0,49,174,0,223,154,0,154,377
12/10/2021,LUK,OH,ASO,CE,Federal Contract Tower,0,44,78,0,122,0,3,0,0,3,0,47,78,0,125,14,0,14,139
12/11/2021,LUK,OH,ASO,CE,Federal Contract Tower,0,31,29,0,60,0,1,16,0,17,0,32,45,0,77,0,0,0,77
12/12/2021,LUK,OH,ASO,CE,Federal Contract Tower,0,35,61,0,96,0,8,133,0,141,0,43,194,0,237,240,0,240,477
12/13/2021,LUK,OH,ASO,CE,Federal Contract Tower,0,37,73,0,110,0,1,116,0,117,0,38,189,0,227,220,0,220,447
12/14/2021,LUK,OH,ASO,CE,Federal Contract Tower,0,57,81,0,138,0,5,125,0,130,0,62,206,0,268,284,0,284,552
12/15/2021,LUK,OH,ASO,CE,Federal Contract Tower,0,53,49,0,102,0,8,69,0,77,0,61,118,0,179,152,0,152,331
12/16/2021,LUK,OH,ASO,CE,Federal Contract Tower,0,37,44,0,81,0,6,9,0,15,0,43,53,0,96,0,0,0,96
12/17/2021,LUK,OH,ASO,CE,Federal Contract Tower,0,40,66,0,106,0,1,57,0,58,0,41,123,0,164,154,0,154,318
12/18/2021,LUK,OH,ASO,CE,Federal Contract Tower,1,15,37,0,53,0,0,2,0,2,1,15,39,0,55,0,0,0,55
12/19/2021,LUK,OH,ASO,CE,Federal Contract Tower,2,32,50,0,84,0,0,127,0,127,2,32,177,0,211,250,0,250,461
12/20/2021,LUK,OH,ASO,CE,Federal Contract Tower,0,28,72,0,100,0,0,108,0,108,0,28,180,0,208,198,0,198,406
12/21/2021,LUK,OH,ASO,CE,Federal Contract Tower,0,24,57,0,81,0,0,107,0,107,0,24,164,0,188,240,0,240,428
12/22/2021,LUK,OH,ASO,CE,Federal Contract Tower,0,28,50,5,83,0,3,98,0,101,0,31,148,5,184,144,0,144,328
12/23/2021,LUK,OH,ASO,CE,Federal Contract Tower,0,37,44,0,81,0,0,89,0,89,0,37,133,0,170,100,0,100,270
12/24/2021,LUK,OH,ASO,CE,Federal Contract Tower,0,11,8,0,19,0,3,22,0,25,0,14,30,0,44,26,0,26,70
12/25/2021,LUK,OH,ASO,CE,Federal Contract Tower,0,23,10,0,33,0,0,18,0,18,0,23,28,0,51,0,0,0,51
12/26/2021,LUK,OH,ASO,CE,Federal Contract Tower,0,54,56,0,110,0,0,83,0,83,0,54,139,0,193,150,0,150,343
12/27/2021,LUK,OH,ASO,CE,Federal Contract Tower,0,28,50,0,78,0,2,11,0,13,0,30,61,0,91,16,0,16,107
12/28/2021,LUK,OH,ASO,CE,Federal Contract Tower,0,37,51,0,88,0,0,2,0,2,0,37,53,0,90,0,0,0,90
12/29/2021,LUK,OH,ASO,CE,Federal Contract Tower,0,25,34,0,59,0,1,28,0,29,0,26,62,0,88,94,0,94,182
12/30/2021,LUK,OH,ASO,CE,Federal Contract Tower,0,51,43,0,94,0,0,0,0,0,0,51,43,0,94,0,0,0,94
12/31/2021,LUK,OH,ASO,CE,Federal Contract Tower,0,29,30,0,59,0,0,56,0,56,0,29,86,0,115,72,0,72,187
01/01/2022,LUK,OH,ASO,CE,Federal Contract Tower,0,22,26,0,48,0,0,0,0,0,0,22,26,0,48,0,0,0,48
01/02/2022,LUK,OH,ASO,CE,Federal Contract Tower,0,34,67,0,101,0,0,0,0,0,0,34,67,0,101,0,0,0,101
01/03/2022,LUK,OH,ASO,CE,Federal Contract Tower,0,33,62,0,95,0,12,98,0,110,0,45,160,0,205,232,0,232,437
01/04/2022,LUK,OH,ASO,CE,Federal Contract Tower,0,31,50,2,83,0,7,82,0,89,0,38,132,2,172,208,0,208,380
01/05/2022,LUK,OH,ASO,CE,Federal Contract Tower,0,23,33,0,56,0,2,2,0,4,0,25,35,0,60,0,0,0,60
01/06/2022,LUK,OH,ASO,CE,Federal Contract Tower,0,34,47,0,81,0,0,36,0,36,0,34,83,0,117,68,0,68,185
01/07/2022,LUK,OH,ASO,CE,Federal Contract Tower,0,31,39,0,70,0,2,36,0,38,0,33,75,0,108,128,0,128,236
01/08/2022,LUK,OH,ASO,CE,Federal Contract Tower,0,30,36,0,66,0,0,107,0,107,0,30,143,0,173,124,0,124,297
01/09/2022,LUK,OH,ASO,CE,Federal Contract Tower,0,23,17,0,40,0,0,8,0,8,0,23,25,0,48,20,0,20,68
01/10/2022,LUK,OH,ASO,CE,Federal Contract Tower,0,38,40,0,78,0,3,54,0,57,0,41,94,0,135,130,0,130,265
01/11/2022,LUK,OH,ASO,CE,Federal Contract Tower,0,20,40,0,60,0,4,93,0,97,0,24,133,0,157,198,0,198,355
01/12/2022,LUK,OH,ASO,CE,Federal Contract Tower,0,27,59,0,86,0,11,73,0,84,0,38,132,0,170,176,0,176,346
01/13/2022,LUK,OH,ASO,CE,Federal Contract Tower,0,37,60,0,97,0,3,47,0,50,0,40,107,0,147,0,0,0,147
01/14/2022,LUK,OH,ASO,CE,Federal Contract Tower,0,36,27,0,63,0,0,6,0,6,0,36,33,0,69,0,0,0,69
01/15/2022,LUK,OH,ASO,CE,Federal Contract Tower,0,34,32,0,66,0,1,101,0,102,0,35,133,0,168,240,0,240,408
01/16/2022,LUK,OH,ASO,CE,Federal Contract Tower,0,20,21,0,41,0,0,43,0,43,0,20,64,0,84,94,0,94,178
01/17/2022,LUK,OH,ASO,CE,Federal Contract Tower,0,21,18,0,39,0,0,0,0,0,0,21,18,0,39,0,0,0,39
01/18/2022,LUK,OH,ASO,CE,Federal Contract Tower,0,31,59,0,90,0,0,117,0,117,0,31,176,0,207,176,0,176,383
01/19/2022,LUK,OH,ASO,CE,Federal Contract Tower,0,34,50,0,84,0,6,77,3,86,0,40,127,3,170,164,0,164,334
01/20/2022,LUK,OH,ASO,CE,Federal Contract Tower,0,29,42,3,74,0,0,71,1,72,0,29,113,4,146,98,0,98,244
01/21/2022,LUK,OH,ASO,CE,Federal Contract Tower,0,35,60,0,95,0,5,108,0,113,0,40,168,0,208,154,0,154,362
01/22/2022,LUK,OH,ASO,CE,Federal Contract Tower,0,16,63,0,79,0,2,122,0,124,0,18,185,0,203,138,0,138,341
01/23/2022,LUK,OH,ASO,CE,Federal Contract Tower,0,36,40,0,76,0,0,15,0,15,0,36,55,0,91,20,0,20,111
01/24/2022,LUK,OH,ASO,CE,Federal Contract Tower,1,20,41,0,62,0,0,21,0,21,1,20,62,0,83,24,0,24,107
01/25/2022,LUK,OH,ASO,CE,Federal Contract Tower,0,25,30,0,55,0,8,99,0,107,0,33,129,0,162,225,0,225,387
01/26/2022,LUK,OH,ASO,CE,Federal Contract Tower,0,15,38,0,53,0,5,84,0,89,0,20,122,0,142,182,0,182,324
01/27/2022,LUK,OH,ASO,CE,Federal Contract Tower,0,15,43,0,58,0,0,44,0,44,0,15,87,0,102,150,0,150,252
01/28/2022,LUK,OH,ASO,CE,Federal Contract Tower,0,44,28,0,72,0,0,0,0,0,0,44,28,0,72,0,0,0,72
01/29/2022,LUK,OH,ASO,CE,Federal Contract Tower,0,23,36,0,59,0,5,100,0,105,0,28,136,0,164,108,0,108,272
01/30/2022,LUK,OH,ASO,CE,Federal Contract Tower,0,31,75,0,106,0,0,96,0,96,0,31,171,0,202,122,0,122,324
01/31/2022,LUK,OH,ASO,CE,Federal Contract Tower,0,30,54,0,84,0,4,111,0,115,0,34,165,0,199,160,0,160,359
02/01/2022,LUK,OH,ASO,CE,Federal Contract Tower,0,26,63,2,91,0,1,103,4,108,0,27,166,6,199,166,0,166,365
02/02/2022,LUK,OH,ASO,CE,Federal Contract Tower,0,52,37,0,89,0,0,0,0,0,0,52,37,0,89,0,0,0,89
02/03/2022,LUK,OH,ASO,CE,Federal Contract Tower,0,3,5,0,8,0,0,0,0,0,0,3,5,0,8,0,0,0,8
02/04/2022,LUK,OH,ASO,CE,Federal Contract Tower,2,17,25,0,44,0,0,3,0,3,2,17,28,0,47,0,0,0,47
02/05/2022,LUK,OH,ASO,CE,Federal Contract Tower,0,11,15,0,26,0,0,32,0,32,0,11,47,0,58,60,0,60,118
02/06/2022,LUK,OH,ASO,CE,Federal Contract Tower,0,21,60,0,81,0,2,61,0,63,0,23,121,0,144,58,0,58,202
02/07/2022,LUK,OH,ASO,CE,Federal Contract Tower,0,19,50,0,69,0,8,48,0,56,0,27,98,0,125,94,0,94,219
02/08/2022,LUK,OH,ASO,CE,Federal Contract Tower,0,28,60,0,88,0,3,92,0,95,0,31,152,0,183,180,0,180,363
02/09/2022,LUK,OH,ASO,CE,Federal Contract Tower,0,32,54,0,86,0,3,58,0,61,0,35,112,0,147,170,0,170,317
02/10/2022,LUK,OH,ASO,CE,Federal Contract Tower,0,41,80,4,125,0,4,96,2,102,0,45,176,6,227,100,0,100,327
02/11/2022,LUK,OH,ASO,CE,Federal Contract Tower,0,31,68,0,99,0,0,53,0,53,0,31,121,0,152,64,0,64,216
02/12/2022,LUK,OH,ASO,CE,Federal Contract Tower,0,21,30,0,51,0,0,94,0,94,0,21,124,0,145,264,0,264,409
02/13/2022,LUK,OH,ASO,CE,Federal Contract Tower,0,17,29,0,46,0,3,57,0,60,0,20,86,0,106,148,0,148,254
02/14/2022,LUK,OH,ASO,CE,Federal Contract Tower,0,42,82,0,124,0,0,101,2,103,0,42,183,2,227,264,0,264,491
02/15/2022,LUK,OH,ASO,CE,Federal Contract Tower,0,30,81,0,111,0,8,116,0,124,0,38,197,0,235,184,0,184,419
02/16/2022,LUK,OH,ASO,CE,Federal Contract Tower,0,37,42,0,79,0,0,6,0,6,0,37,48,0,85,0,0,0,85
02/17/2022,LUK,OH,ASO,CE,Federal Contract Tower,0,28,29,0,57,0,0,0,0,0,0,28,29,0,57,0,0,0,57
02/18/2022,LUK,OH,ASO,CE,Federal Contract Tower,0,34,74,0,108,0,0,108,0,108,0,34,182,0,216,198,0,198,414
02/19/2022,LUK,OH,ASO,CE,Federal Contract Tower,0,7,37,0,44,0,0,74,0,74,0,7,111,0,118,106,0,106,224
02/20/2022,LUK,OH,ASO,CE,Federal Contract Tower,0,23,38,0,61,0,3,107,0,110,0,26,145,0,171,104,0,104,275
02/21/2022,LUK,OH,ASO,CE,Federal Contract Tower,0,29,95,0,124,0,3,151,0,154,0,32,246,0,278,120,0,120,398
02/22/2022,LUK,OH,ASO,CE,Federal Contract Tower,0,33,51,0,84,0,0,0,0,0,0,33,51,0,84,0,0,0,84
02/23/2022,LUK,OH,ASO,CE,Federal Contract Tower,0,44,53,0,97,0,2,36,0,38,0,46,89,0,135,156,0,156,291
02/24/2022,LUK,OH,ASO,CE,Federal Contract Tower,0,40,36,0,76,0,0,9,0,9,0,40,45,0,85,50,0,50,135
02/25/2022,LUK,OH,ASO,CE,Federal Contract Tower,2,56,42,0,100,0,2,44,0,46,2,58,86,0,146,108,0,108,254
02/26/2022,LUK,OH,ASO,CE,Federal Contract Tower,0,27,54,0,81,0,3,113,0,116,0,30,167,0,197,230,0,230,427
02/27/2022,LUK,OH,ASO,CE,Federal Contract Tower,1,41,66,0,108,0,5,137,0,142,1,46,203,0,250,140,0,140,390
02/28/2022,LUK,OH,ASO,CE,Federal Contract Tower,0,34,63,0,97,0,6,126,0,132,0,40,189,0,229,234,0,234,463
03/01/2022,LUK,OH,ASO,CE,Federal Contract Tower,0,26,57,0,83,0,3,120,0,123,0,29,177,0,206,218,0,218,424
03/02/2022,LUK,OH,ASO,CE,Federal Contract Tower,0,25,69,1,95,0,9,124,0,133,0,34,193,1,228,202,0,202,430
03/03/2022,LUK,OH,ASO,CE,Federal Contract Tower,0,20,52,0,72,0,0,115,0,115,0,20,167,0,187,256,0,256,443
03/04/2022,LUK,OH,ASO,CE,Federal Contract Tower,2,40,52,0,94,0,4,118,0,122,2,44,170,0,216,262,0,262,478
03/05/2022,LUK,OH,ASO,CE,Federal Contract Tower,2,19,31,0,52,0,2,66,0,68,2,21,97,0,120,32,0,32,152
03/06/2022,LUK,OH,ASO,CE,Federal Contract Tower,0,32,40,0,72,0,0,19,0,19,0,32,59,0,91,94,0,94,185
03/07/2022,LUK,OH,ASO,CE,Federal Contract Tower,0,22,27,0,49,0,0,0,0,0,0,22,27,0,49,0,0,0,49
03/08/2022,LUK,OH,ASO,CE,Federal Contract Tower,2,33,15,0,50,0,6,116,0,122,2,39,131,0,172,308,0,308,480
03/09/2022,LUK,OH,ASO,CE,Federal Contract Tower,0,25,83,0,108,0,0,43,0,43,0,25,126,0,151,184,0,184,335
03/10/2022,LUK,OH,ASO,CE,Federal Contract Tower,0,45,86,0,131,0,4,145,2,151,0,49,231,2,282,306,0,306,588
03/11/2022,LUK,OH,ASO,CE,Federal Contract Tower,1,26,56,1,84,0,2,86,0,88,1,28,142,1,172,152,0,152,324
03/12/2022,LUK,OH,ASO,CE,Federal Contract Tower,0,11,17,0,28,0,0,3,0,3,0,11,20,0,31,20,0,20,51
03/13/2022,LUK,OH,ASO,CE,Federal Contract Tower,0,30,68,0,98,0,0,26,0,26,0,30,94,0,124,10,0,10,134
03/14/2022,LUK,OH,ASO,CE,Federal Contract Tower,0,31,61,0,92,0,7,128,0,135,0,38,189,0,227,240,0,240,467
03/15/2022,LUK,OH,ASO,CE,Federal Contract Tower,0,31,62,0,93,0,0,156,0,156,0,31,218,0,249,178,0,178,427
03/16/2022,LUK,OH,ASO,CE,Federal Contract Tower,0,37,53,5,95,0,3,114,0,117,0,40,167,5,212,218,0,218,430
03/17/2022,LUK,OH,ASO,CE,Federal Contract Tower,0,32,85,0,117,0,4,178,0,182,0,36,263,0,299,226,0,226,525
03/18/2022,LUK,OH,ASO,CE,Federal Contract Tower,3,30,46,0,79,0,1,46,0,47,3,31,92,0,126,124,0,124,250
03/19/2022,LUK,OH,ASO,CE,Federal Contract Tower,2,17,37,0,56,0,0,12,0,12,2,17,49,0,68,4,0,4,72
03/20/2022,LUK,OH,ASO,CE,Federal Contract Tower,0,27,88,0,115,0,2,129,0,131,0,29,217,0,246,162,0,162,408
03/21/2022,LUK,OH,ASO,CE,Federal Contract Tower,0,21,65,0,86,0,4,128,0,132,0,25,193,0,218,222,0,222,440
03/22/2022,LUK,OH,ASO,CE,Federal Contract Tower,0,27,49,0,76,0,6,46,0,52,0,33,95,0,128,86,0,86,214
03/23/2022,LUK,OH,ASO,CE,Federal Contract Tower,0,24,37,4,65,0,0,5,0,5,0,24,42,4,70,40,0,40,110
03/24/2022,LUK,OH,ASO,CE,Federal Contract Tower,0,36,72,0,108,0,0,53,0,53,0,36,125,0,161,138,0,138,299
03/25/2022,LUK,OH,ASO,CE,Federal Contract Tower,2,39,59,0,100,0,39,0,0,39,2,78,59,0,139,60,0,60,199
03/26/2022,LUK,OH,ASO,CE,Federal Contract Tower,2,26,38,0,66,0,0,24,0,24,2,26,62,0,90,16,0,16,106
03/27/2022,LUK,OH,ASO,CE,Federal Contract Tower,0,32,53,0,85,0,0,75,0,75,0,32,128,0,160,138,0,138,298
03/28/2022,LUK,OH,ASO,CE,Federal Contract Tower,0,27,51,0,78,0,0,95,0,95,0,27,146,0,173,214,0,214,387
03/29/2022,LUK,OH,ASO,CE,Federal Contract Tower,0,25,73,0,98,0,3,118,0,121,0,28,191,0,219,258,0,258,477
03/30/2022,LUK,OH,ASO,CE,Federal Contract Tower,0,26,40,0,66,0,2,19,4,25,0,28,59,4,91,0,0,0,91
03/31/2022,LUK,OH,ASO,CE,Federal Contract Tower,0,20,40,0,60,0,0,4,0,4,0,20,44,0,64,16,0,16,80
04/01/2022,LUK,OH,ASO,CE,Federal Contract Tower,2,29,64,0,95,0,0,85,0,85,2,29,149,0,180,56,0,56,236
04/02/2022,LUK,OH,ASO,CE,Federal Contract Tower,2,20,58,0,80,0,0,140,0,140,2,20,198,0,220,224,0,224,444
04/03/2022,LUK,OH,ASO,CE,Federal Contract Tower,0,33,75,2,110,0,2,125,0,127,0,35,200,2,237,246,0,246,483
04/04/2022,LUK,OH,ASO,CE,Federal Contract Tower,0,26,64,0,90,0,2,103,0,105,0,28,167,0,195,222,0,222,417
04/05/2022,LUK,OH,ASO,CE,Federal Contract Tower,0,22,47,2,71,0,0,1,0,1,0,22,48,2,72,0,0,0,72
04/06/2022,LUK,OH,ASO,CE,Federal Contract Tower,0,29,60,0,89,0,0,2,0,2,0,29,62,0,91,0,0,0,91
04/07/2022,LUK,OH,ASO,CE,Federal Contract Tower,0,47,74,0,121,0,2,75,0,77,0,49,149,0,198,140,0,140,338
04/08/2022,LUK,OH,ASO,CE,Federal Contract Tower,0,47,47,0,94,0,0,54,0,54,0,47,101,0,148,184,0,184,332
04/09/2022,LUK,OH,ASO,CE,Federal Contract Tower,0,22,26,0,48,0,28,0,0,28,0,50,26,0,76,30,0,30,106
04/10/2022,LUK,OH,ASO,CE,Federal Contract Tower,0,33,123,0,156,0,3,200,0,203,0,36,323,0,359,276,0,276,635
04/11/2022,LUK,OH,ASO,CE,Federal Contract Tower,0,28,51,0,79,0,0,4,0,4,0,28,55,0,83,0,0,0,83
04/12/2022,LUK,OH,ASO,CE,Federal Contract Tower,0,22,89,0,111,0,65,15,0,80,0,87,104,0,191,272,0,272,463
04/13/2022,LUK,OH,ASO,CE,Federal Contract Tower,0,35,58,1,94,0,2,12,0,14,0,37,70,1,108,18,0,18,126
04/14/2022,LUK,OH,ASO,CE,Federal Contract Tower,0,44,96,1,141,0,2,95,0,97,0,46,191,1,238,130,0,130,368
04/15/2022,LUK,OH,ASO,CE,Federal Contract Tower,0,26,76,0,102,0,0,95,0,95,0,26,171,0,197,232,0,232,429
04/16/2022,LUK,OH,ASO,CE,Federal Contract Tower,0,20,49,0,69,0,0,112,0,112,0,20,161,0,181,132,0,132,313
04/17/2022,LUK,OH,ASO,CE,Federal Contract Tower,0,32,42,0,74,0,0,119,0,119,0,32,161,0,193,194,0,194,387
04/18/2022,LUK,OH,ASO,CE,Federal Contract Tower,0,48,72,0,120,0,2,3,0,5,0,50,75,0,125,0,0,0,125
04/19/2022,LUK,OH,ASO,CE,Federal Contract Tower,0,45,49,0,94,0,0,70,2,72,0,45,119,2,166,54,0,54,220
04/20/2022,LUK,OH,ASO,CE,Federal Contract Tower,0,27,58,0,85,0,4,128,0,132,0,31,186,0,217,146,0,146,363
04/21/2022,LUK,OH,ASO,CE,Federal Contract Tower,0,36,73,0,109,0,2,31,0,33,0,38,104,0,142,98,0,98,240
04/22/2022,LUK,OH,ASO,CE,Federal Contract Tower,0,30,74,0,104,0,4,122,0,126,0,34,196,0,230,264,0,264,494
04/23/2022,LUK,OH,ASO,CE,Federal Contract Tower,2,24,57,0,83,0,0,119,0,119,2,24,176,0,202,160,0,160,362
04/24/2022,LUK,OH,ASO,CE,Federal Contract Tower,2,28,61,0,91,0,2,83,3,88,2,30,144,3,179,136,0,136,315
04/25/2022,LUK,OH,ASO,CE,Federal Contract Tower,0,36,48,0,84,0,0,42,1,43,0,36,90,1,127,90,0,90,217
04/26/2022,LUK,OH,ASO,CE,Federal Contract Tower,0,33,71,0,104,0,0,102,0,102,0,33,173,0,206,236,0,236,442
04/27/2022,LUK,OH,ASO,CE,Federal Contract Tower,0,39,74,0,113,0,2,125,0,127,0,41,199,0,240,176,0,176,416
04/28/2022,LUK,OH,ASO,CE,Federal Contract Tower,1,58,95,0,154,0,2,126,0,128,1,60,221,0,282,130,0,130,412
04/29/2022,LUK,OH,ASO,CE,Federal Contract Tower,1,30,85,0,116,0,2,160,0,162,1,32,245,0,278,252,0,252,530
04/30/2022,LUK,OH,ASO,CE,Federal Contract Tower,2,31,43,0,76,0,0,80,0,80,2,31,123,0,156,226,0,226,382
05/01/2022,LUK,OH,ASO,CE,Federal Contract Tower,0,20,61,0,81,0,0,43,0,43,0,20,104,0,124,18,0,18,142
05/02/2022,LUK,OH,ASO,CE,Federal Contract Tower,0,44,63,0,107,0,0,106,0,106,0,44,169,0,213,122,0,122,335
05/03/2022,LUK,OH,ASO,CE,Federal Contract Tower,0,31,49,8,88,0,1,1,0,2,0,32,50,8,90,0,0,0,90
05/04/2022,LUK,OH,ASO,CE,Federal Contract Tower,1,44,93,0,138,0,0,73,12,85,1,44,166,12,223,242,0,242,465
05/05/2022,LUK,OH,ASO,CE,Federal Contract Tower,0,45,80,2,127,0,7,67,2,76,0,52,147,4,203,146,0,146,349
05/06/2022,LUK,OH,ASO,CE,Federal Contract Tower,2,27,49,0,78,0,0,0,0,0,2,27,49,0,78,0,0,0,78
05/07/2022,LUK,OH,ASO,CE,Federal Contract Tower,0,35,46,8,89,0,0,32,0,32,0,35,78,8,121,46,0,46,167
05/08/2022,LUK,OH,ASO,CE,Federal Contract Tower,0,29,63,0,92,0,0,96,0,96,0,29,159,0,188,170,0,170,358
05/09/2022,LUK,OH,ASO,CE,Federal Contract Tower,1,31,82,2,116,0,7,120,1,128,1,38,202,3,244,252,0,252,496
05/10/2022,LUK,OH,ASO,CE,Federal Contract Tower,2,21,89,3,115,0,12,154,3,169,2,33,243,6,284,348,8,356,640
05/11/2022,LUK,OH,ASO,CE,Federal Contract Tower,0,43,84,1,128,0,7,92,0,99,0,50,176,1,227,144,0,144,371
05/12/2022,LUK,OH,ASO,CE,Federal Contract Tower,1,36,108,0,145,0,0,137,0,137,1,36,245,0,282,272,0,272,554
05/13/2022,LUK,OH,ASO,CE,Federal Contract Tower,2,52,90,0,144,0,5,170,0,175,2,57,260,0,319,298,0,298,617
05/14/2022,LUK,OH,ASO,CE,Federal Contract Tower,0,20,46,1,67,0,1,96,0,97,0,21,142,1,164,158,0,158,322
05/15/2022,LUK,OH,ASO,CE,Federal Contract Tower,2,50,64,0,116,0,2,121,0,123,2,52,185,0,239,216,0,216,455
05/16/2022,LUK,OH,ASO,CE,Federal Contract Tower,0,26,74,0,100,0,4,96,2,102,0,30,170,2,202,134,0,134,336
05/17/2022,LUK,OH,ASO,CE,Federal Contract Tower,0,39,76,7,122,0,10,133,4,147,0,49,209,11,269,262,0,262,531
05/18/2022,LUK,OH,ASO,CE,Federal Contract Tower,0,39,72,0,111,0,0,70,0,70,0,39,142,0,181,200,0,200,381
05/19/2022,LUK,OH,ASO,CE,Federal Contract Tower,0,32,76,0,108,0,0,53,0,53,0,32,129,0,161,118,0,118,279
05/20/2022,LUK,OH,ASO,CE,Federal Contract Tower,2,22,77,0,101,0,0,68,0,68,2,22,145,0,169,86,0,86,255
05/21/2022,LUK,OH,ASO,CE,Federal Contract Tower,2,20,31,0,53,0,0,59,0,59,2,20,90,0,112,88,0,88,200
05/22/2022,LUK,OH,ASO,CE,Federal Contract Tower,1,54,63,0,118,0,2,87,0,89,1,56,150,0,207,204,0,204,411
05/23/2022,LUK,OH,ASO,CE,Federal Contract Tower,0,38,74,0,112,0,0,109,0,109,0,38,183,0,221,174,0,174,395
05/24/2022,LUK,OH,ASO,CE,Federal Contract Tower,0,31,85,3,119,0,148,2,0,150,0,179,87,3,269,268,0,268,537
05/25/2022,LUK,OH,ASO,CE,Federal Contract Tower,0,34,58,0,92,0,0,44,0,44,0,34,102,0,136,136,0,136,272
05/26/2022,LUK,OH,ASO,CE,Federal Contract Tower,0,45,60,1,106,0,0,1,0,1,0,45,61,1,107,0,0,0,107
05/27/2022,LUK,OH,ASO,CE,Federal Contract Tower,1,28,70,0,99,0,0,33,0,33,1,28,103,0,132,122,0,122,254
05/28/2022,LUK,OH,ASO,CE,Federal Contract Tower,0,18,61,0,79,0,1,87,0,88,0,19,148,0,167,182,0,182,349
05/29/2022,LUK,OH,ASO,CE,Federal Contract Tower,2,13,52,0,67,0,4,130,0,134,2,17,182,0,201,188,0,188,389
05/30/2022,LUK,OH,ASO,CE,Federal Contract Tower,0,15,67,0,82,0,4,134,0,138,0,19,201,0,220,308,0,308,528
05/31/2022,LUK,OH,ASO,CE,Federal Contract Tower,0,29,72,0,101,0,7,138,0,145,0,36,210,0,246,328,0,328,574
06/01/2022,LUK,OH,ASO,CE,Federal Contract Tower,0,49,68,3,120,0,2,116,0,118,0,51,184,3,238,160,0,160,398
06/02/2022,LUK,OH,ASO,CE,Federal Contract Tower,0,41,67,1,109,0,0,64,2,66,0,41,131,3,175,130,0,130,305
06/03/2022,LUK,OH,ASO,CE,Federal Contract Tower,3,28,87,2,120,0,4,153,0,157,3,32,240,2,277,258,0,258,535
06/04/2022,LUK,OH,ASO,CE,Federal Contract Tower,0,22,61,0,83,0,6,139,0,145,0,28,200,0,228,214,0,214,442
06/05/2022,LUK,OH,ASO,CE,Federal Contract Tower,0,38,81,0,119,0,1,109,0,110,0,39,190,0,229,160,0,160,389
06/06/2022,LUK,OH,ASO,CE,Federal Contract Tower,0,31,52,0,83,0,1,61,0,62,0,32,113,0,145,76,0,76,221
06/07/2022,LUK,OH,ASO,CE,Federal Contract Tower,0,40,89,0,129,0,2,41,0,43,0,42,130,0,172,162,0,162,334
06/08/2022,LUK,OH,ASO,CE,Federal Contract Tower,0,37,68,0,105,0,3,85,0,88,0,40,153,0,193,82,0,82,275
06/09/2022,LUK,OH,ASO,CE,Federal Contract Tower,0,43,88,1,132,0,2,85,1,88,0,45,173,2,220,256,0,256,476
06/10/2022,LUK,OH,ASO,CE,Federal Contract Tower,0,43,70,0,113,0,4,98,0,102,0,47,168,0,215,102,0,102,317
06/11/2022,LUK,OH,ASO,CE,Federal Contract Tower,0,27,68,0,95,0,0,91,0,91,0,27,159,0,186,144,0,144,330
06/12/2022,LUK,OH,ASO,CE,Federal Contract Tower,0,29,63,0,92,0,2,59,0,61,0,31,122,0,153,118,0,118,271
06/13/2022,LUK,OH,ASO,CE,Federal Contract Tower,0,44,99,0,143,0,1,95,0,96,0,45,194,0,239,232,0,232,471
06/14/2022,LUK,OH,ASO,CE,Federal Contract Tower,0,40,77,0,117,0,13,123,0,136,0,53,200,0,253,304,0,304,557
06/15/2022,LUK,OH,ASO,CE,Federal Contract Tower,0,40,81,0,121,0,0,110,0,110,0,40,191,0,231,164,0,164,395
06/16/2022,LUK,OH,ASO,CE,Federal Contract Tower,0,33,84,2,119,0,8,110,0,118,0,41,194,2,237,136,0,136,373
06/17/2022,LUK,OH,ASO,CE,Federal Contract Tower,2,34,58,0,94,0,1,65,0,66,2,35,123,0,160,66,0,66,226
06/18/2022,LUK,OH,ASO,CE,Federal Contract Tower,2,43,55,0,100,0,0,92,0,92,2,43,147,0,192,94,0,94,286
06/19/2022,LUK,OH,ASO,CE,Federal Contract Tower,0,22,60,0,82,0,0,98,0,98,0,22,158,0,180,70,0,70,250
06/20/2022,LUK,OH,ASO,CE,Federal Contract Tower,0,42,76,0,118,0,9,150,0,159,0,51,226,0,277,272,0,272,549
06/21/2022,LUK,OH,ASO,CE,Federal Contract Tower,0,30,66,0,96,0,0,102,0,102,0,30,168,0,198,216,0,216,414
06/22/2022,LUK,OH,ASO,CE,Federal Contract Tower,0,48,62,0,110,0,0,80,0,80,0,48,142,0,190,120,0,120,310
06/23/2022,LUK,OH,ASO,CE,Federal Contract Tower,2,58,101,0,161,0,10,132,4,146,2,68,233,4,307,200,0,200,507
06/24/2022,LUK,OH,ASO,CE,Federal Contract Tower,1,19,85,0,105,0,0,218,0,218,1,19,303,0,323,380,0,380,703
06/25/2022,LUK,OH,ASO,CE,Federal Contract Tower,0,38,45,0,83,0,0,171,0,171,0,38,216,0,254,108,0,108,362
06/26/2022,LUK,OH,ASO,CE,Federal Contract Tower,0,25,76,0,101,0,0,97,0,97,0,25,173,0,198,114,0,114,312
06/27/2022,LUK,OH,ASO,CE,Federal Contract Tower,0,46,74,0,120,0,2,97,0,99,0,48,171,0,219,96,0,96,315
06/28/2022,LUK,OH,ASO,CE,Federal Contract Tower,1,31,57,0,89,0,5,123,0,128,1,36,180,0,217,250,0,250,467
06/29/2022,LUK,OH,ASO,CE,Federal Contract Tower,1,39,71,2,113,0,0,93,0,93,1,39,164,2,206,190,0,190,396
06/30/2022,LUK,OH,ASO,CE,Federal Contract Tower,2,64,87,0,153,0,5,141,2,148,2,69,228,2,301,244,0,244,545
07/01/2022,LUK,OH,ASO,CE,Federal Contract Tower,0,48,66,0,114,0,0,95,0,95,0,48,161,0,209,212,0,212,421
07/02/2022,LUK,OH,ASO,CE,Federal Contract Tower,2,36,63,0,101,0,2,103,0,105,2,38,166,0,206,172,0,172,378
07/03/2022,LUK,OH,ASO,CE,Federal Contract Tower,0,17,51,0,68,0,0,78,0,78,0,17,129,0,146,144,0,144,290
07/04/2022,LUK,OH,ASO,CE,Federal Contract Tower,0,7,29,0,36,0,1,68,0,69,0,8,97,0,105,90,0,90,195
07/05/2022,LUK,OH,ASO,CE,Federal Contract Tower,0,51,75,0,126,0,0,65,0,65,0,51,140,0,191,172,0,172,363
07/06/2022,LUK,OH,ASO,CE,Federal Contract Tower,0,23,48,0,71,0,2,44,0,46,0,25,92,0,117,178,0,178,295
07/07/2022,LUK,OH,ASO,CE,Federal Contract Tower,0,32,72,0,104,0,2,76,0,78,0,34,148,0,182,148,0,148,330
07/08/2022,LUK,OH,ASO,CE,Federal Contract Tower,1,24,34,0,59,0,0,22,0,22,1,24,56,0,81,44,0,44,125
07/09/2022,LUK,OH,ASO,CE,Federal Contract Tower,0,32,51,0,83,0,0,39,0,39,0,32,90,0,122,110,0,110,232
07/10/2022,LUK,OH,ASO,CE,Federal Contract Tower,0,33,72,0,105,0,6,145,0,151,0,39,217,0,256,226,0,226,482
07/11/2022,LUK,OH,ASO,CE,Federal Contract Tower,0,31,76,1,108,0,4,125,1,130,0,35,201,2,238,246,0,246,484
07/12/2022,LUK,OH,ASO,CE,Federal Contract Tower,1,39,55,0,95,0,2,105,0,107,1,41,160,0,202,190,0,190,392
07/13/2022,LUK,OH,ASO,CE,Federal Contract Tower,0,39,74,0,113,0,1,103,0,104,0,40,177,0,217,210,0,210,427
07/14/2022,LUK,OH,ASO,CE,Federal Contract Tower,2,42,83,0,127,0,0,133,20,153,2,42,216,20,280,186,0,186,466
07/15/2022,LUK,OH,ASO,CE,Federal Contract Tower,0,34,76,0,110,0,4,126,6,136,0,38,202,6,246,162,0,162,408
07/16/2022,LUK,OH,ASO,CE,Federal Contract Tower,0,25,48,0,73,0,5,100,0,105,0,30,148,0,178,104,0,104,282
07/17/2022,LUK,OH,ASO,CE,Federal Contract Tower,0,41,71,0,112,0,2,15,0,17,0,43,86,0,129,10,0,10,139
07/18/2022,LUK,OH,ASO,CE,Federal Contract Tower,0,33,85,0,118,0,0,31,0,31,0,33,116,0,149,86,0,86,235
07/19/2022,LUK,OH,ASO,CE,Federal Contract Tower,1,46,77,0,124,0,1,101,0,102,1,47,178,0,226,196,0,196,422
07/20/2022,LUK,OH,ASO,CE,Federal Contract Tower,0,48,62,0,110,0,0,104,0,104,0,48,166,0,214,220,0,220,434
07/21/2022,LUK,OH,ASO,CE,Federal Contract Tower,0,51,102,0,153,0,7,150,0,157,0,58,252,0,310,294,0,294,604
07/22/2022,LUK,OH,ASO,CE,Federal Contract Tower,1,39,84,0,124,0,0,129,0,129,1,39,213,0,253,306,0,306,559
07/23/2022,LUK,OH,ASO,CE,Federal Contract Tower,0,22,46,0,68,0,1,85,0,86,0,23,131,0,154,88,0,88,242
07/24/2022,LUK,OH,ASO,CE,Federal Contract Tower,0,38,66,0,104,0,0,97,0,97,0,38,163,0,201,148,0,148,349
07/25/2022,LUK,OH,ASO,CE,Federal Contract Tower,0,36,51,0,87,0,0,77,0,77,0,36,128,0,164,276,0,276,440
07/26/2022,LUK,OH,ASO,CE,Federal Contract Tower,0,32,38,0,70,0,0,12,0,12,0,32,50,0,82,56,0,56,138
07/27/2022,LUK,OH,ASO,CE,Federal Contract Tower,0,29,47,0,76,0,0,10,0,10,0,29,57,0,86,52,0,52,138
07/28/2022,LUK,OH,ASO,CE,Federal Contract Tower,0,32,73,0,105,0,0,108,2,110,0,32,181,2,215,230,0,230,445
07/29/2022,LUK,OH,ASO,CE,Federal Contract Tower,2,47,69,0,118,0,0,136,2,138,2,47,205,2,256,244,0,244,500
07/30/2022,LUK,OH,ASO,CE,Federal Contract Tower,0,27,57,0,84,0,2,126,0,128,0,29,183,0,212,204,0,204,416
07/31/2022,LUK,OH,ASO,CE,Federal Contract Tower,0,32,50,0,82,0,0,53,0,53,0,32,103,0,135,58,8,66,201
08/01/2022,LUK,OH,ASO,CE,Federal Contract Tower,0,22,60,1,83,0,0,27,0,27,0,22,87,1,110,70,0,70,180
08/02/2022,LUK,OH,ASO,CE,Federal Contract Tower,0,27,62,1,90,0,0,116,4,120,0,27,178,5,210,294,0,294,504
08/03/2022,LUK,OH,ASO,CE,Federal Contract Tower,0,28,49,0,77,0,0,102,0,102,0,28,151,0,179,166,0,166,345
08/04/2022,LUK,OH,ASO,CE,Federal Contract Tower,0,29,57,0,86,0,1,48,0,49,0,30,105,0,135,56,0,56,191
08/05/2022,LUK,OH,ASO,CE,Federal Contract Tower,1,34,40,0,75,0,0,38,0,38,1,34,78,0,113,84,0,84,197
08/06/2022,LUK,OH,ASO,CE,Federal Contract Tower,0,24,32,0,56,0,0,22,0,22,0,24,54,0,78,26,0,26,104
08/07/2022,LUK,OH,ASO,CE,Federal Contract Tower,0,38,55,0,93,0,2,101,0,103,0,40,156,0,196,196,0,196,392
08/08/2022,LUK,OH,ASO,CE,Federal Contract Tower,0,26,52,2,80,0,0,83,0,83,0,26,135,2,163,230,0,230,393
08/09/2022,LUK,OH,ASO,CE,Federal Contract Tower,0,27,43,4,74,0,0,54,0,54,0,27,97,4,128,178,0,178,306
08/10/2022,LUK,OH,ASO,CE,Federal Contract Tower,0,35,64,3,102,0,0,34,1,35,0,35,98,4,137,206,2,208,345
08/11/2022,LUK,OH,ASO,CE,Federal Contract Tower,0,52,70,0,122,0,144,3,0,147,0,196,73,0,269,234,0,234,503
08/12/2022,LUK,OH,ASO,CE,Federal Contract Tower,0,32,64,2,98,0,1,136,6,143,0,33,200,8,241,350,8,358,599
08/13/2022,LUK,OH,ASO,CE,Federal Contract Tower,0,14,40,2,56,0,1,117,0,118,0,15,157,2,174,202,0,202,376
08/14/2022,LUK,OH,ASO,CE,Federal Contract Tower,0,26,70,1,97,0,0,42,0,42,0,26,112,1,139,76,0,76,215
08/15/2022,LUK,OH,ASO,CE,Federal Contract Tower,0,25,46,0,71,0,0,84,0,84,0,25,130,0,155,194,0,194,349
08/16/2022,LUK,OH,ASO,CE,Federal Contract Tower,0,41,66,5,112,0,0,145,5,150,0,41,211,10,262,316,0,316,578
08/17/2022,LUK,OH,ASO,CE,Federal Contract Tower,0,41,74,0,115,0,1,91,0,92,0,42,165,0,207,154,0,154,361
08/18/2022,LUK,OH,ASO,CE,Federal Contract Tower,0,54,83,0,137,0,3,137,0,140,0,57,220,0,277,230,0,230,507
08/19/2022,LUK,OH,ASO,CE,Federal Contract Tower,0,30,60,1,91,0,0,135,0,135,0,30,195,1,226,208,4,212,438
08/20/2022,LUK,OH,ASO,CE,Federal Contract Tower,0,28,27,0,55,0,0,79,0,79,0,28,106,0,134,90,0,90,224
08/21/2022,LUK,OH,ASO,CE,Federal Contract Tower,0,25,29,0,54,0,0,5,0,5,0,25,34,0,59,0,0,0,59
08/22/2022,LUK,OH,ASO,CE,Federal Contract Tower,0,38,56,0,94,0,0,42,0,42,0,38,98,0,136,154,0,154,290
08/23/2022,LUK,OH,ASO,CE,Federal Contract Tower,0,39,57,0,96,0,0,112,0,112,0,39,169,0,208,198,0,198,406
08/24/2022,LUK,OH,ASO,CE,Federal Contract Tower,0,29,74,2,105,0,0,115,0,115,0,29,189,2,220,244,0,244,464
08/25/2022,LUK,OH,ASO,CE,Federal Contract Tower,0,41,62,1,104,0,6,139,6,151,0,47,201,7,255,274,0,274,529
08/26/2022,LUK,OH,ASO,CE,Federal Contract Tower,0,31,61,0,92,0,0,103,6,109,0,31,164,6,201,106,0,106,307
08/27/2022,LUK,OH,ASO,CE,Federal Contract Tower,0,20,37,0,57,0,1,118,0,119,0,21,155,0,176,106,0,106,282
08/28/2022,LUK,OH,ASO,CE,Federal Contract Tower,0,39,57,0,96,0,1,107,0,108,0,40,164,0,204,148,0,148,352
08/29/2022,LUK,OH,ASO,CE,Federal Contract Tower,0,35,57,0,92,0,4,55,0,59,0,39,112,0,151,80,0,80,231
08/30/2022,LUK,OH,ASO,CE,Federal Contract Tower,0,36,51,3,90,0,6,41,0,47,0,42,92,3,137,90,0,90,227
08/31/2022,LUK,OH,ASO,CE,Federal Contract Tower,0,42,72,1,115,0,3,109,1,113,0,45,181,2,228,166,0,166,394
09/01/2022,LUK,OH,ASO,CE,Federal Contract Tower,0,41,109,0,150,0,3,168,0,171,0,44,277,0,321,320,0,320,641
09/02/2022,LUK,OH,ASO,CE,Federal Contract Tower,2,35,70,0,107,0,0,180,0,180,2,35,250,0,287,268,0,268,555
09/03/2022,LUK,OH,ASO,CE,Federal Contract Tower,2,22,28,0,52,0,2,22,0,24,2,24,50,0,76,4,0,4,80
09/04/2022,LUK,OH,ASO,CE,Federal Contract Tower,0,18,29,0,47,0,0,160,0,160,0,18,189,0,207,0,0,0,207
09/05/2022,LUK,OH,ASO,CE,Federal Contract Tower,0,28,56,0,84,0,0,22,0,22,0,28,78,0,106,26,0,26,132
09/06/2022,LUK,OH,ASO,CE,Federal Contract Tower,3,53,68,0,124,0,0,43,0,43,3,53,111,0,167,110,0,110,277
09/07/2022,LUK,OH,ASO,CE,Federal Contract Tower,0,57,71,0,128,0,0,93,0,93,0,57,164,0,221,178,0,178,399
09/08/2022,LUK,OH,ASO,CE,Federal Contract Tower,2,36,84,1,123,0,4,134,0,138,2,40,218,1,261,286,0,286,547
09/09/2022,LUK,OH,ASO,CE,Federal Contract Tower,1,21,62,0,84,0,5,138,0,143,1,26,200,0,227,314,0,314,541
09/10/2022,LUK,OH,ASO,CE,Federal Contract Tower,1,31,53,0,85,0,3,115,0,118,1,34,168,0,203,154,0,154,357
09/11/2022,LUK,OH,ASO,CE,Federal Contract Tower,1,63,41,0,105,0,0,13,0,13,1,63,54,0,118,22,0,22,140
09/12/2022,LUK,OH,ASO,CE,Federal Contract Tower,0,24,49,3,76,0,0,62,0,62,0,24,111,3,138,154,0,154,292
09/13/2022,LUK,OH,ASO,CE,Federal Contract Tower,2,38,57,0,97,0,3,95,2,100,2,41,152,2,197,194,0,194,391
09/14/2022,LUK,OH,ASO,CE,Federal Contract Tower,0,35,85,0,120,0,0,73,0,73,0,35,158,0,193,238,0,238,431
09/15/2022,LUK,OH,ASO,CE,Federal Contract Tower,0,40,95,1,136,0,3,109,1,113,0,43,204,2,249,222,0,222,471
09/16/2022,LUK,OH,ASO,CE,Federal Contract Tower,3,22,70,0,95,0,3,135,0,138,3,25,205,0,233,156,0,156,389
09/17/2022,LUK,OH,ASO,CE,Federal Contract Tower,0,15,43,0,58,0,0,87,0,87,0,15,130,0,145,104,0,104,249
09/18/2022,LUK,OH,ASO,CE,Federal Contract Tower,2,34,73,0,109,0,0,74,0,74,2,34,147,0,183,44,0,44,227
09/19/2022,LUK,OH,ASO,CE,Federal Contract Tower,0,39,60,0,99,0,0,89,2,91,0,39,149,2,190,204,0,204,394
09/20/2022,LUK,OH,ASO,CE,Federal Contract Tower,0,32,68,0,100,0,2,60,0,62,0,34,128,0,162,232,0,232,394
09/21/2022,LUK,OH,ASO,CE,Federal Contract Tower,0,35,61,2,98,0,5,63,0,68,0,40,124,2,166,102,0,102,268
09/22/2022,LUK,OH,ASO,CE,Federal Contract Tower,0,32,79,0,111,0,0,55,4,59,0,32,134,4,170,70,0,70,240
09/23/2022,LUK,OH,ASO,CE,Federal Contract Tower,0,34,59,0,93,0,1,130,0,131,0,35,189,0,224,276,0,276,500
09/24/2022,LUK,OH,ASO,CE,Federal Contract Tower,0,23,30,0,53,0,0,95,0,95,0,23,125,0,148,142,0,142,290
09/25/2022,LUK,OH,ASO,CE,Federal Contract Tower,1,30,58,0,89,0,0,54,0,54,1,30,112,0,143,70,0,70,213
09/26/2022,LUK,OH,ASO,CE,Federal Contract Tower,0,27,50,0,77,0,1,65,0,66,0,28,115,0,143,108,0,108,251
09/27/2022,LUK,OH,ASO,CE,Federal Contract Tower,0,34,57,0,91,0,4,77,1,82,0,38,134,1,173,104,0,104,277
09/28/2022,LUK,OH,ASO,CE,Federal Contract Tower,1,40,61,0,102,0,0,73,0,73,1,40,134,0,175,336,0,336,511
09/29/2022,LUK,OH,ASO,CE,Federal Contract Tower,0,47,76,0,123,0,6,100,0,106,0,53,176,0,229,264,0,264,493
09/30/2022,LUK,OH,ASO,CE,Federal Contract Tower,1,38,73,0,112,0,0,126,0,126,1,38,199,0,238,244,0,244,482
10/01/2022,LUK,OH,ASO,CE,Federal Contract Tower,0,22,48,0,70,0,3,88,0,91,0,25,136,0,161,154,0,154,315
10/02/2022,LUK,OH,ASO,CE,Federal Contract Tower,0,37,60,0,97,0,2,60,0,62,0,39,120,0,159,30,0,30,189
10/03/2022,LUK,OH,ASO,CE,Federal Contract Tower,0,46,57,0,103,0,0,92,0,92,0,46,149,0,195,230,0,230,425
10/04/2022,LUK,OH,ASO,CE,Federal Contract Tower,0,32,59,0,91,0,0,99,2,101,0,32,158,2,192,148,0,148,340
10/05/2022,LUK,OH,ASO,CE,Federal Contract Tower,0,49,69,2,120,0,4,99,0,103,0,53,168,2,223,194,0,194,417
10/06/2022,LUK,OH,ASO,CE,Federal Contract Tower,0,59,78,0,137,0,117,0,0,117,0,176,78,0,254,204,0,204,458
10/07/2022,LUK,OH,ASO,CE,Federal Contract Tower,1,54,69,0,124,0,0,66,0,66,1,54,135,0,190,112,0,112,302
10/08/2022,LUK,OH,ASO,CE,Federal Contract Tower,2,26,46,0,74,0,4,93,0,97,2,30,139,0,171,122,0,122,293
10/09/2022,LUK,OH,ASO,CE,Federal Contract Tower,1,38,54,0,93,0,0,87,0,87,1,38,141,0,180,76,0,76,256
10/10/2022,LUK,OH,ASO,CE,Federal Contract Tower,0,34,71,0,105,0,2,100,0,102,0,36,171,0,207,244,0,244,451
10/11/2022,LUK,OH,ASO,CE,Federal Contract Tower,0,36,53,1,90,0,0,82,0,82,0,36,135,1,172,188,0,188,360
10/12/2022,LUK,OH,ASO,CE,Federal Contract Tower,0,45,56,0,101,0,0,33,0,33,0,45,89,0,134,18,0,18,152
10/13/2022,LUK,OH,ASO,CE,Federal Contract Tower,0,62,73,2,137,0,5,53,0,58,0,67,126,2,195,36,0,36,231
10/14/2022,LUK,OH,ASO,CE,Federal Contract Tower,2,54,80,0,136,0,4,84,0,88,2,58,164,0,224,108,0,108,332
10/15/2022,LUK,OH,ASO,CE,Federal Contract Tower,2,34,54,0,90,0,0,98,0,98,2,34,152,0,188,132,0,132,320
10/16/2022,LUK,OH,ASO,CE,Federal Contract Tower,0,27,76,0,103,0,0,119,0,119,0,27,195,0,222,266,0,266,488
10/17/2022,LUK,OH,ASO,CE,Federal Contract Tower,0,37,62,2,101,0,2,73,0,75,0,39,135,2,176,20,0,20,196
10/18/2022,LUK,OH,ASO,CE,Federal Contract Tower,0,34,32,0,66,0,0,18,0,18,0,34,50,0,84,18,0,18,102
10/19/2022,LUK,OH,ASO,CE,Federal Contract Tower,2,48,67,3,120,0,4,87,0,91,2,52,154,3,211,182,0,182,393
10/20/2022,LUK,OH,ASO,CE,Federal Contract Tower,0,49,97,0,146,0,2,137,0,139,0,51,234,0,285,282,0,282,567
10/21/2022,LUK,OH,ASO,CE,Federal Contract Tower,0,43,73,0,116,0,2,130,0,132,0,45,203,0,248,312,0,312,560
10/22/2022,LUK,OH,ASO,CE,Federal Contract Tower,0,21,39,0,60,0,2,97,0,99,0,23,136,0,159,156,0,156,315
10/23/2022,LUK,OH,ASO,CE,Federal Contract Tower,0,47,70,0,117,0,4,122,0,126,0,51,192,0,243,230,0,230,473
10/24/2022,LUK,OH,ASO,CE,Federal Contract Tower,0,42,79,0,121,0,3,110,0,113,0,45,189,0,234,148,0,148,382
10/25/2022,LUK,OH,ASO,CE,Federal Contract Tower,0,32,53,0,85,0,0,110,1,111,0,32,163,1,196,194,0,194,390
10/26/2022,LUK,OH,ASO,CE,Federal Contract Tower,0,31,74,0,105,0,0,2,0,2,0,31,76,0,107,22,0,22,129
10/27/2022,LUK,OH,ASO,CE,Federal Contract Tower,0,35,67,0,102,0,0,117,0,117,0,35,184,0,219,180,0,180,399
10/28/2022,LUK,OH,ASO,CE,Federal Contract Tower,0,45,52,0,97,0,0,128,0,128,0,45,180,0,225,268,0,268,493
10/29/2022,LUK,OH,ASO,CE,Federal Contract Tower,0,22,40,0,62,0,0,128,0,128,0,22,168,0,190,214,0,214,404
10/30/2022,LUK,OH,ASO,CE,Federal Contract Tower,0,45,50,0,95,0,1,35,0,36,0,46,85,0,131,40,0,40,171
10/31/2022,LUK,OH,ASO,CE,Federal Contract Tower,0,30,59,2,91,0,0,0,0,0,0,30,59,2,91,32,0,32,123
11/01/2022,LUK,OH,ASO,CE,Federal Contract Tower,0,36,59,1,96,0,0,34,1,35,0,36,93,2,131,176,0,176,307
11/02/2022,LUK,OH,ASO,CE,Federal Contract Tower,0,30,57,1,88,0,0,36,1,37,0,30,93,2,125,94,2,96,221
11/03/2022,LUK,OH,ASO,CE,Federal Contract Tower,0,25,47,0,72,0,1,79,0,80,0,26,126,0,152,268,0,268,420
11/04/2022,LUK,OH,ASO,CE,Federal Contract Tower,0,35,54,6,95,0,5,100,5,110,0,40,154,11,205,180,0,180,385
11/05/2022,LUK,OH,ASO,CE,Federal Contract Tower,0,22,20,0,42,0,0,2,1,3,0,22,22,1,45,0,0,0,45
11/06/2022,LUK,OH,ASO,CE,Federal Contract Tower,0,24,58,0,82,0,1,97,0,98,0,25,155,0,180,182,0,182,362
11/07/2022,LUK,OH,ASO,CE,Federal Contract Tower,0,27,55,0,82,0,4,113,0,117,0,31,168,0,199,180,0,180,379
11/08/2022,LUK,OH,ASO,CE,Federal Contract Tower,0,36,63,0,99,0,0,105,0,105,0,36,168,0,204,248,0,248,452
11/09/2022,LUK,OH,ASO,CE,Federal Contract Tower,0,46,77,2,125,0,1,94,5,100,0,47,171,7,225,250,0,250,475
11/10/2022,LUK,OH,ASO,CE,Federal Contract Tower,0,26,87,0,113,0,4,113,0,117,0,30,200,0,230,266,2,268,498
11/11/2022,LUK,OH,ASO,CE,Federal Contract Tower,0,21,69,0,90,0,0,8,0,8,0,21,77,0,98,32,0,32,130
11/12/2022,LUK,OH,ASO,CE,Federal Contract Tower,0,12,24,0,36,0,0,0,0,0,0,12,24,0,36,0,0,0,36
11/13/2022,LUK,OH,ASO,CE,Federal Contract Tower,0,32,39,0,71,0,0,53,0,53,0,32,92,0,124,86,0,86,210
11/14/2022,LUK,OH,ASO,CE,Federal Contract Tower,0,31,55,0,86,0,4,99,0,103,0,35,154,0,189,178,0,178,367
11/15/2022,LUK,OH,ASO,CE,Federal Contract Tower,0,44,55,1,100,0,0,0,0,0,0,44,55,1,100,0,0,0,100
11/16/2022,LUK,OH,ASO,CE,Federal Contract Tower,0,32,45,0,77,0,0,1,0,1,0,32,46,0,78,0,0,0,78
11/17/2022,LUK,OH,ASO,CE,Federal Contract Tower,0,37,39,0,76,0,1,26,0,27,0,38,65,0,103,62,0,62,165
11/18/2022,LUK,OH,ASO,CE,Federal Contract Tower,0,34,69,2,105,0,3,53,0,56,0,37,122,2,161,48,0,48,209
11/19/2022,LUK,OH,ASO,CE,Federal Contract Tower,0,37,54,0,91,0,0,90,0,90,0,37,144,0,181,52,0,52,233
11/20/2022,LUK,OH,ASO,CE,Federal Contract Tower,0,31,48,0,79,0,3,99,0,102,0,34,147,0,181,198,0,198,379
11/21/2022,LUK,OH,ASO,CE,Federal Contract Tower,0,46,48,0,94,0,1,114,0,115,0,47,162,0,209,198,0,198,407
11/22/2022,LUK,OH,ASO,CE,Federal Contract Tower,0,40,59,0,99,0,0,99,0,99,0,40,158,0,198,300,0,300,498
11/23/2022,LUK,OH,ASO,CE,Federal Contract Tower,0,29,40,0,69,0,1,70,0,71,0,30,110,0,140,110,0,110,250
11/24/2022,LUK,OH,ASO,CE,Federal Contract Tower,0,9,8,0,17,0,0,13,0,13,0,9,21,0,30,2,0,2,32
11/25/2022,LUK,OH,ASO,CE,Federal Contract Tower,0,12,29,0,41,0,1,21,0,22,0,13,50,0,63,14,0,14,77
11/27/2022,LUK,OH,ASO,CE,Federal Contract Tower,0,28,59,0,87,0,0,0,0,0,0,28,59,0,87,4,0,4,91
11/28/2022,LUK,OH,ASO,CE,Federal Contract Tower,0,41,48,0,89,0,0,21,0,21,0,41,69,0,110,156,0,156,266
11/29/2022,LUK,OH,ASO,CE,Federal Contract Tower,0,37,46,0,83,0,1,83,0,84,0,38,129,0,167,132,0,132,299
11/30/2022,LUK,OH,ASO,CE,Federal Contract Tower,0,39,59,2,100,0,9,25,0,34,0,48,84,2,134,22,0,22,156
12/01/2022,LUK,OH,ASO,CE,Federal Contract Tower,0,51,89,0,140,0,0,135,0,135,0,51,224,0,275,346,0,346,621
12/02/2022,LUK,OH,ASO,CE,Federal Contract Tower,2,29,49,1,81,0,2,55,0,57,2,31,104,1,138,210,0,210,348
12/04/2022,LUK,OH,ASO,CE,Federal Contract Tower,0,54,68,0,122,0,3,103,0,106,0,57,171,0,228,170,0,170,398
12/05/2022,LUK,OH,ASO,CE,Federal Contract Tower,0,41,40,0,81,0,0,80,0,80,0,41,120,0,161,232,0,232,393
12/06/2022,LUK,OH,ASO,CE,Federal Contract Tower,0,34,44,0,78,0,0,0,0,0,0,34,44,0,78,0,0,0,78
12/07/2022,LUK,OH,ASO,CE,Federal Contract Tower,0,38,63,0,101,0,0,3,0,3,0,38,66,0,104,0,0,0,104
12/08/2022,LUK,OH,ASO,CE,Federal Contract Tower,0,49,71,7,127,0,0,5,3,8,0,49,76,10,135,118,0,118,253
12/09/2022,LUK,OH,ASO,CE,Federal Contract Tower,0,31,60,3,94,0,0,25,2,27,0,31,85,5,121,104,0,104,225
12/10/2022,LUK,OH,ASO,CE,Federal Contract Tower,0,25,43,0,68,0,2,19,0,21,0,27,62,0,89,8,0,8,97
12/11/2022,LUK,OH,ASO,CE,Federal Contract Tower,0,37,51,1,89,0,0,75,1,76,0,37,126,2,165,202,0,202,367
12/12/2022,LUK,OH,ASO,CE,Federal Contract Tower,0,29,57,1,87,0,3,104,1,108,0,32,161,2,195,234,0,234,429
12/13/2022,LUK,OH,ASO,CE,Federal Contract Tower,0,31,73,0,104,0,4,117,2,123,0,35,190,2,227,232,0,232,459
12/14/2022,LUK,OH,ASO,CE,Federal Contract Tower,0,27,65,0,92,0,0,2,0,2,0,27,67,0,94,0,0,0,94
12/15/2022,LUK,OH,ASO,CE,Federal Contract Tower,0,39,53,0,92,0,0,37,0,37,0,39,90,0,129,160,0,160,289
12/16/2022,LUK,OH,ASO,CE,Federal Contract Tower,0,36,60,0,96,0,0,61,0,61,0,36,121,0,157,52,0,52,209
12/17/2022,LUK,OH,ASO,CE,Federal Contract Tower,0,34,50,0,84,0,5,34,0,39,0,39,84,0,123,48,0,48,171
12/18/2022,LUK,OH,ASO,CE,Federal Contract Tower,0,29,36,0,65,0,3,63,0,66,0,32,99,0,131,110,0,110,241
12/19/2022,LUK,OH,ASO,CE,Federal Contract Tower,0,24,76,0,100,0,2,92,2,96,0,26,168,2,196,224,0,224,420
12/20/2022,LUK,OH,ASO,CE,Federal Contract Tower,0,42,52,2,96,0,0,116,0,116,0,42,168,2,212,278,0,278,490
12/21/2022,LUK,OH,ASO,CE,Federal Contract Tower,0,44,62,1,107,0,4,132,1,137,0,48,194,2,244,260,0,260,504
12/22/2022,LUK,OH,ASO,CE,Federal Contract Tower,0,43,27,0,70,0,0,0,0,0,0,43,27,0,70,0,0,0,70
12/23/2022,LUK,OH,ASO,CE,Federal Contract Tower,0,15,6,0,21,0,0,0,0,0,0,15,6,0,21,0,0,0,21
12/24/2022,LUK,OH,ASO,CE,Federal Contract Tower,0,26,18,0,44,0,0,3,0,3,0,26,21,0,47,0,0,0,47
12/25/2022,LUK,OH,ASO,CE,Federal Contract Tower,0,20,10,0,30,0,1,4,0,5,0,21,14,0,35,0,0,0,35
12/26/2022,LUK,OH,ASO,CE,Federal Contract Tower,0,53,45,0,98,0,0,0,0,0,0,53,45,0,98,0,0,0,98
12/27/2022,LUK,OH,ASO,CE,Federal Contract Tower,0,39,61,0,100,0,0,0,0,0,0,39,61,0,100,0,0,0,100
12/28/2022,LUK,OH,ASO,CE,Federal Contract Tower,0,43,41,0,84,0,2,87,0,89,0,45,128,0,173,138,0,138,311
12/29/2022,LUK,OH,ASO,CE,Federal Contract Tower,0,31,43,2,76,0,1,60,1,62,0,32,103,3,138,160,0,160,298
12/30/2022,LUK,OH,ASO,CE,Federal Contract Tower,2,20,40,0,62,0,0,73,0,73,2,20,113,0,135,174,0,174,309
12/31/2022,LUK,OH,ASO,CE,Federal Contract Tower,1,22,43,0,66,0,0,19,0,19,1,22,62,0,85,0,0,0,85
01/01/2023,LUK,OH,ASO,CE,Federal Contract Tower,0,30,35,0,65,0,0,7,0,7,0,30,42,0,72,12,0,12,84
01/02/2023,LUK,OH,ASO,CE,Federal Contract Tower,0,36,75,1,112,0,0,25,0,25,0,36,100,1,137,94,0,94,231
01/03/2023,LUK,OH,ASO,CE,Federal Contract Tower,0,39,41,1,81,0,0,11,0,11,0,39,52,1,92,50,0,50,142
01/04/2023,LUK,OH,ASO,CE,Federal Contract Tower,0,25,34,0,59,0,0,19,0,19,0,25,53,0,78,88,0,88,166
01/05/2023,LUK,OH,ASO,CE,Federal Contract Tower,2,44,73,0,119,0,3,59,0,62,2,47,132,0,181,152,0,152,333
01/06/2023,LUK,OH,ASO,CE,Federal Contract Tower,0,39,33,0,72,0,9,53,0,62,0,48,86,0,134,244,0,244,378
01/07/2023,LUK,OH,ASO,CE,Federal Contract Tower,0,31,54,4,89,0,2,93,0,95,0,33,147,4,184,162,0,162,346
01/08/2023,LUK,OH,ASO,CE,Federal Contract Tower,1,35,36,0,72,0,0,57,0,57,1,35,93,0,129,120,0,120,249
01/09/2023,LUK,OH,ASO,CE,Federal Contract Tower,0,36,35,0,71,0,0,63,0,63,0,36,98,0,134,188,0,188,322
01/10/2023,LUK,OH,ASO,CE,Federal Contract Tower,0,40,69,0,109,0,0,134,0,134,0,40,203,0,243,278,0,278,521
01/11/2023,LUK,OH,ASO,CE,Federal Contract Tower,0,29,44,0,73,0,28,9,0,37,0,57,53,0,110,214,0,214,324
01/12/2023,LUK,OH,ASO,CE,Federal Contract Tower,0,18,47,6,71,0,0,0,0,0,0,18,47,6,71,0,0,0,71
01/13/2023,LUK,OH,ASO,CE,Federal Contract Tower,0,35,31,0,66,0,2,17,0,19,0,37,48,0,85,120,0,120,205
01/14/2023,LUK,OH,ASO,CE,Federal Contract Tower,0,17,44,0,61,0,2,129,0,131,0,19,173,0,192,170,0,170,362
01/15/2023,LUK,OH,ASO,CE,Federal Contract Tower,0,34,50,0,84,0,1,119,0,120,0,35,169,0,204,218,0,218,422
01/16/2023,LUK,OH,ASO,CE,Federal Contract Tower,0,27,46,0,73,0,0,62,0,62,0,27,108,0,135,126,0,126,261
01/17/2023,LUK,OH,ASO,CE,Federal Contract Tower,0,29,41,0,70,0,1,57,0,58,0,30,98,0,128,50,2,52,180
01/18/2023,LUK,OH,ASO,CE,Federal Contract Tower,0,45,67,0,112,0,2,73,0,75,0,47,140,0,187,250,0,250,437
01/19/2023,LUK,OH,ASO,CE,Federal Contract Tower,0,34,58,0,92,0,0,28,0,28,0,34,86,0,120,34,0,34,154
01/20/2023,LUK,OH,ASO,CE,Federal Contract Tower,0,33,44,0,77,0,0,27,0,27,0,33,71,0,104,110,0,110,214
01/21/2023,LUK,OH,ASO,CE,Federal Contract Tower,2,23,39,0,64,0,0,121,0,121,2,23,160,0,185,392,0,392,577
01/22/2023,LUK,OH,ASO,CE,Federal Contract Tower,0,29,33,0,62,0,0,0,0,0,0,29,33,0,62,0,0,0,62
01/23/2023,LUK,OH,ASO,CE,Federal Contract Tower,2,30,37,0,69,0,0,7,0,7,2,30,44,0,76,52,0,52,128
01/24/2023,LUK,OH,ASO,CE,Federal Contract Tower,0,31,86,0,117,0,1,131,0,132,0,32,217,0,249,182,0,182,431
01/25/2023,LUK,OH,ASO,CE,Federal Contract Tower,0,22,33,0,55,0,0,0,0,0,0,22,33,0,55,0,0,0,55
01/27/2023,LUK,OH,ASO,CE,Federal Contract Tower,0,33,40,0,73,0,4,55,4,63,0,37,95,4,136,78,0,78,214
01/28/2023,LUK,OH,ASO,CE,Federal Contract Tower,0,23,59,0,82,0,1,134,0,135,0,24,193,0,217,172,4,176,393
01/29/2023,LUK,OH,ASO,CE,Federal Contract Tower,0,29,40,0,69,0,0,0,0,0,0,29,40,0,69,0,0,0,69
01/30/2023,LUK,OH,ASO,CE,Federal Contract Tower,0,22,33,0,55,0,0,0,0,0,0,22,33,0,55,0,0,0,55
01/31/2023,LUK,OH,ASO,CE,Federal Contract Tower,1,29,42,0,72,0,0,53,0,53,1,29,95,0,125,202,0,202,327
02/01/2023,LUK,OH,ASO,CE,Federal Contract Tower,3,50,64,0,117,0,2,120,2,124,3,52,184,2,241,276,0,276,517
02/02/2023,LUK,OH,ASO,CE,Federal Contract Tower,0,44,101,2,147,0,0,117,0,117,0,44,218,2,264,250,0,250,514
02/03/2023,LUK,OH,ASO,CE,Federal Contract Tower,0,50,57,0,107,0,0,97,0,97,0,50,154,0,204,162,0,162,366
02/04/2023,LUK,OH,ASO,CE,Federal Contract Tower,0,27,36,2,65,0,3,93,0,96,0,30,129,2,161,120,0,120,281
02/05/2023,LUK,OH,ASO,CE,Federal Contract Tower,0,34,43,0,77,0,0,29,0,29,0,34,72,0,106,38,0,38,144
02/06/2023,LUK,OH,ASO,CE,Federal Contract Tower,0,36,46,4,86,0,3,115,0,118,0,39,161,4,204,262,0,262,466
02/07/2023,LUK,OH,ASO,CE,Federal Contract Tower,0,45,51,4,100,0,0,61,7,68,0,45,112,11,168,136,0,136,304
02/08/2023,LUK,OH,ASO,CE,Federal Contract Tower,0,35,58,0,93,0,0,68,0,68,0,35,126,0,161,0,154,154,315
02/09/2023,LUK,OH,ASO,CE,Federal Contract Tower,0,39,37,0,76,0,0,0,0,0,0,39,37,0,76,0,0,0,76
02/10/2023,LUK,OH,ASO,CE,Federal Contract Tower,1,47,45,1,94,0,0,56,0,56,1,47,101,1,150,208,0,208,358
02/11/2023,LUK,OH,ASO,CE,Federal Contract Tower,1,24,46,0,71,0,1,150,0,151,1,25,196,0,222,172,0,172,394
02/12/2023,LUK,OH,ASO,CE,Federal Contract Tower,0,29,32,0,61,0,0,118,0,118,0,29,150,0,179,178,0,178,357
02/13/2023,LUK,OH,ASO,CE,Federal Contract Tower,0,30,58,0,88,0,2,124,0,126,0,32,182,0,214,194,0,194,408
02/14/2023,LUK,OH,ASO,CE,Federal Contract Tower,0,48,71,0,119,0,0,104,2,106,0,48,175,2,225,204,0,204,429
02/15/2023,LUK,OH,ASO,CE,Federal Contract Tower,0,39,53,0,92,0,0,26,4,30,0,39,79,4,122,22,0,22,144
02/16/2023,LUK,OH,ASO,CE,Federal Contract Tower,0,45,34,0,79,0,0,2,0,2,0,45,36,0,81,0,0,0,81
02/17/2023,LUK,OH,ASO,CE,Federal Contract Tower,2,30,41,0,73,0,0,33,0,33,2,30,74,0,106,36,0,36,142
02/18/2023,LUK,OH,ASO,CE,Federal Contract Tower,0,20,41,3,64,0,0,139,0,139,0,20,180,3,203,162,0,162,365
02/19/2023,LUK,OH,ASO,CE,Federal Contract Tower,0,15,40,0,55,0,2,41,0,43,0,17,81,0,98,34,0,34,132
02/20/2023,LUK,OH,ASO,CE,Federal Contract Tower,2,33,74,1,110,0,0,110,0,110,2,33,184,1,220,290,0,290,510
02/21/2023,LUK,OH,ASO,CE,Federal Contract Tower,2,31,54,0,87,0,0,61,0,61,2,31,115,0,148,28,0,28,176
02/22/2023,LUK,OH,ASO,CE,Federal Contract Tower,0,34,23,0,57,0,0,4,0,4,0,34,27,0,61,30,0,30,91
02/23/2023,LUK,OH,ASO,CE,Federal Contract Tower,0,31,52,2,85,0,1,42,0,43,0,32,94,2,128,72,0,72,200
02/24/2023,LUK,OH,ASO,CE,Federal Contract Tower,2,34,72,4,112,0,2,127,0,129,2,36,199,4,241,318,0,318,559
02/25/2023,LUK,OH,ASO,CE,Federal Contract Tower,1,31,54,0,86,0,0,125,0,125,1,31,179,0,211,150,0,150,361
02/26/2023,LUK,OH,ASO,CE,Federal Contract Tower,0,26,61,0,87,0,0,118,0,118,0,26,179,0,205,148,0,148,353
02/27/2023,LUK,OH,ASO,CE,Federal Contract Tower,0,32,26,0,58,0,0,0,0,0,0,32,26,0,58,0,0,0,58
02/28/2023,LUK,OH,ASO,CE,Federal Contract Tower,0,37,83,0,120,0,4,88,4,96,0,41,171,4,216,336,0,336,552
03/01/2023,LUK,OH,ASO,CE,Federal Contract Tower,0,44,62,0,106,0,6,92,0,98,0,50,154,0,204,222,0,222,426
03/02/2023,LUK,OH,ASO,CE,Federal Contract Tower,0,22,83,2,107,0,2,116,0,118,0,24,199,2,225,262,0,262,487
03/03/2023,LUK,OH,ASO,CE,Federal Contract Tower,0,19,22,0,41,0,0,0,0,0,0,19,22,0,41,0,0,0,41
03/04/2023,LUK,OH,ASO,CE,Federal Contract Tower,0,25,45,0,70,0,0,85,0,85,0,25,130,0,155,180,0,180,335
03/05/2023,LUK,OH,ASO,CE,Federal Contract Tower,0,26,54,0,80,0,6,112,0,118,0,32,166,0,198,230,0,230,428
03/06/2023,LUK,OH,ASO,CE,Federal Contract Tower,0,29,47,1,77,0,1,76,1,78,0,30,123,2,155,104,0,104,259
03/07/2023,LUK,OH,ASO,CE,Federal Contract Tower,0,39,57,1,97,0,20,58,1,79,0,59,115,2,176,146,0,146,322
03/08/2023,LUK,OH,ASO,CE,Federal Contract Tower,0,34,68,0,102,0,9,113,0,122,0,43,181,0,224,274,0,274,498
03/09/2023,LUK,OH,ASO,CE,Federal Contract Tower,1,30,79,0,110,0,14,85,0,99,1,44,164,0,209,214,0,214,423
03/10/2023,LUK,OH,ASO,CE,Federal Contract Tower,0,27,33,0,60,0,0,0,0,0,0,27,33,0,60,0,0,0,60
03/11/2023,LUK,OH,ASO,CE,Federal Contract Tower,2,34,51,0,87,0,5,143,0,148,2,39,194,0,235,218,0,218,453
03/12/2023,LUK,OH,ASO,CE,Federal Contract Tower,0,30,21,0,51,0,0,0,0,0,0,30,21,0,51,0,0,0,51
03/13/2023,LUK,OH,ASO,CE,Federal Contract Tower,0,15,23,0,38,0,1,6,0,7,0,16,29,0,45,16,0,16,61
03/14/2023,LUK,OH,ASO,CE,Federal Contract Tower,0,46,27,0,73,0,5,46,0,51,0,51,73,0,124,112,0,112,236
03/15/2023,LUK,OH,ASO,CE,Federal Contract Tower,0,40,75,0,115,0,11,142,3,156,0,51,217,3,271,296,0,296,567
03/16/2023,LUK,OH,ASO,CE,Federal Contract Tower,0,37,59,4,100,0,8,61,0,69,0,45,120,4,169,168,0,168,337
03/17/2023,LUK,OH,ASO,CE,Federal Contract Tower,0,22,30,2,54,0,0,12,0,12,0,22,42,2,66,18,0,18,84
03/18/2023,LUK,OH,ASO,CE,Federal Contract Tower,0,16,27,0,43,0,0,16,0,16,0,16,43,0,59,58,0,58,117
03/19/2023,LUK,OH,ASO,CE,Federal Contract Tower,0,39,64,0,103,0,18,124,0,142,0,57,188,0,245,270,0,270,515
03/20/2023,LUK,OH,ASO,CE,Federal Contract Tower,0,31,49,0,80,0,20,105,0,125,0,51,154,0,205,200,0,200,405
03/21/2023,LUK,OH,ASO,CE,Federal Contract Tower,0,31,62,0,93,0,25,145,0,170,0,56,207,0,263,230,0,230,493
03/22/2023,LUK,OH,ASO,CE,Federal Contract Tower,0,40,50,0,90,0,0,0,0,0,0,40,50,0,90,0,0,0,90
03/23/2023,LUK,OH,ASO,CE,Federal Contract Tower,0,28,50,0,78,0,0,4,0,4,0,28,54,0,82,2,0,2,84
03/24/2023,LUK,OH,ASO,CE,Federal Contract Tower,2,29,33,0,64,0,0,0,0,0,2,29,33,0,64,0,0,0,64
03/25/2023,LUK,OH,ASO,CE,Federal Contract Tower,0,18,37,0,55,0,0,0,0,0,0,18,37,0,55,2,0,2,57
03/26/2023,LUK,OH,ASO,CE,Federal Contract Tower,0,41,83,0,124,0,4,164,0,168,0,45,247,0,292,200,0,200,492
03/27/2023,LUK,OH,ASO,CE,Federal Contract Tower,0,29,52,0,81,0,0,96,0,96,0,29,148,0,177,196,0,196,373
03/28/2023,LUK,OH,ASO,CE,Federal Contract Tower,0,29,58,0,87,0,5,155,0,160,0,34,213,0,247,300,0,300,547
03/29/2023,LUK,OH,ASO,CE,Federal Contract Tower,0,29,51,2,82,0,1,75,3,79,0,30,126,5,161,110,0,110,271
03/30/2023,LUK,OH,ASO,CE,Federal Contract Tower,0,31,72,0,103,0,5,110,0,115,0,36,182,0,218,290,0,290,508
03/31/2023,LUK,OH,ASO,CE,Federal Contract Tower,2,28,37,0,67,0,0,0,0,0,2,28,37,0,67,0,0,0,67
04/01/2023,LUK,OH,ASO,CE,Federal Contract Tower,0,29,31,0,60,0,2,0,0,2,0,31,31,0,62,0,0,0,62
04/02/2023,LUK,OH,ASO,CE,Federal Contract Tower,0,30,60,0,90,0,0,109,0,109,0,30,169,0,199,200,0,200,399
04/03/2023,LUK,OH,ASO,CE,Federal Contract Tower,0,28,55,0,83,0,2,95,0,97,0,30,150,0,180,218,0,218,398
04/04/2023,LUK,OH,ASO,CE,Federal Contract Tower,0,42,53,1,96,0,4,23,4,31,0,46,76,5,127,56,0,56,183
04/05/2023,LUK,OH,ASO,CE,Federal Contract Tower,0,27,32,0,59,0,0,4,0,4,0,27,36,0,63,0,0,0,63
04/06/2023,LUK,OH,ASO,CE,Federal Contract Tower,0,48,76,4,128,0,3,91,0,94,0,51,167,4,222,324,0,324,546
04/07/2023,LUK,OH,ASO,CE,Federal Contract Tower,2,48,54,0,104,0,5,106,0,111,2,53,160,0,215,260,0,260,475
04/08/2023,LUK,OH,ASO,CE,Federal Contract Tower,1,20,72,0,93,0,7,130,0,137,1,27,202,0,230,246,0,246,476
04/09/2023,LUK,OH,ASO,CE,Federal Contract Tower,0,22,35,0,57,0,0,78,0,78,0,22,113,0,135,144,0,144,279
04/10/2023,LUK,OH,ASO,CE,Federal Contract Tower,0,41,64,0,105,0,7,109,0,116,0,48,173,0,221,274,0,274,495
04/11/2023,LUK,OH,ASO,CE,Federal Contract Tower,0,29,75,0,104,0,17,122,0,139,0,46,197,0,243,288,0,288,531
04/12/2023,LUK,OH,ASO,CE,Federal Contract Tower,0,35,77,0,112,0,4,77,0,81,0,39,154,0,193,278,0,278,471
04/13/2023,LUK,OH,ASO,CE,Federal Contract Tower,0,32,62,0,94,0,1,94,0,95,0,33,156,0,189,322,0,322,511
04/14/2023,LUK,OH,ASO,CE,Federal Contract Tower,0,50,65,0,115,0,12,100,0,112,0,62,165,0,227,288,0,288,515
04/15/2023,LUK,OH,ASO,CE,Federal Contract Tower,0,37,50,0,87,0,4,138,0,142,0,41,188,0,229,280,0,280,509
04/16/2023,LUK,OH,ASO,CE,Federal Contract Tower,0,43,42,0,85,0,0,19,0,19,0,43,61,0,104,76,0,76,180
04/17/2023,LUK,OH,ASO,CE,Federal Contract Tower,0,39,61,0,100,0,2,14,0,16,0,41,75,0,116,12,0,12,128
04/18/2023,LUK,OH,ASO,CE,Federal Contract Tower,0,36,60,1,97,0,24,101,0,125,0,60,161,1,222,164,0,164,386
04/19/2023,LUK,OH,ASO,CE,Federal Contract Tower,0,35,81,0,116,0,15,128,0,143,0,50,209,0,259,286,0,286,545
04/20/2023,LUK,OH,ASO,CE,Federal Contract Tower,1,53,87,5,146,0,8,103,4,115,1,61,190,9,261,122,0,122,383
04/21/2023,LUK,OH,ASO,CE,Federal Contract Tower,1,30,80,0,111,0,0,17,0,17,1,30,97,0,128,98,0,98,226
04/22/2023,LUK,OH,ASO,CE,Federal Contract Tower,0,21,35,0,56,0,0,50,0,50,0,21,85,0,106,12,0,12,118
04/24/2023,LUK,OH,ASO,CE,Federal Contract Tower,0,31,70,0,101,0,6,106,0,112,0,37,176,0,213,286,0,286,499
04/25/2023,LUK,OH,ASO,CE,Federal Contract Tower,0,62,86,0,148,0,20,126,4,150,0,82,212,4,298,276,0,276,574
04/26/2023,LUK,OH,ASO,CE,Federal Contract Tower,1,42,79,4,126,0,8,94,17,119,1,50,173,21,245,236,0,236,481
04/27/2023,LUK,OH,ASO,CE,Federal Contract Tower,1,61,83,4,149,0,8,93,0,101,1,69,176,4,250,196,0,196,446
04/28/2023,LUK,OH,ASO,CE,Federal Contract Tower,2,42,69,0,113,0,0,12,0,12,2,42,81,0,125,44,0,44,169
04/29/2023,LUK,OH,ASO,CE,Federal Contract Tower,0,17,59,7,83,0,0,108,0,108,0,17,167,7,191,128,6,134,325
04/30/2023,LUK,OH,ASO,CE,Federal Contract Tower,2,37,40,0,79,0,0,24,0,24,2,37,64,0,103,56,0,56,159
05/01/2023,LUK,OH,ASO,CE,Federal Contract Tower,0,37,29,0,66,0,0,2,0,2,0,37,31,0,68,0,0,0,68
05/02/2023,LUK,OH,ASO,CE,Federal Contract Tower,0,48,68,0,116,0,7,37,0,44,0,55,105,0,160,70,0,70,230
05/03/2023,LUK,OH,ASO,CE,Federal Contract Tower,0,36,63,0,99,0,0,35,0,35,0,36,98,0,134,64,0,64,198
05/04/2023,LUK,OH,ASO,CE,Federal Contract Tower,0,42,70,0,112,0,26,153,0,179,0,68,223,0,291,282,0,282,573
05/05/2023,LUK,OH,ASO,CE,Federal Contract Tower,1,37,68,0,106,0,5,128,0,133,1,42,196,0,239,182,0,182,421
05/06/2023,LUK,OH,ASO,CE,Federal Contract Tower,1,28,56,0,85,0,0,135,0,135,1,28,191,0,220,224,0,224,444
05/07/2023,LUK,OH,ASO,CE,Federal Contract Tower,0,42,47,0,89,0,0,24,0,24,0,42,71,0,113,76,0,76,189
05/08/2023,LUK,OH,ASO,CE,Federal Contract Tower,0,41,42,0,83,0,0,86,0,86,0,41,128,0,169,296,0,296,465
05/09/2023,LUK,OH,ASO,CE,Federal Contract Tower,2,44,60,1,107,0,19,126,1,146,2,63,186,2,253,278,0,278,531
05/10/2023,LUK,OH,ASO,CE,Federal Contract Tower,1,59,85,2,147,0,18,117,0,135,1,77,202,2,282,324,0,324,606
05/11/2023,LUK,OH,ASO,CE,Federal Contract Tower,0,40,86,2,128,0,27,133,0,160,0,67,219,2,288,326,0,326,614
05/12/2023,LUK,OH,ASO,CE,Federal Contract Tower,0,44,53,0,97,0,8,36,0,44,0,52,89,0,141,98,0,98,239
05/13/2023,LUK,OH,ASO,CE,Federal Contract Tower,0,19,39,0,58,0,0,57,0,57,0,19,96,0,115,96,0,96,211
05/14/2023,LUK,OH,ASO,CE,Federal Contract Tower,0,33,43,0,76,0,11,107,0,118,0,44,150,0,194,290,0,290,484
05/15/2023,LUK,OH,ASO,CE,Federal Contract Tower,0,52,47,0,99,0,3,66,0,69,0,55,113,0,168,186,0,186,354
05/16/2023,LUK,OH,ASO,CE,Federal Contract Tower,2,53,61,0,116,0,5,25,0,30,2,58,86,0,146,66,0,66,212
05/17/2023,LUK,OH,ASO,CE,Federal Contract Tower,0,43,73,0,116,0,2,124,2,128,0,45,197,2,244,266,0,266,510
05/18/2023,LUK,OH,ASO,CE,Federal Contract Tower,0,43,87,0,130,0,10,125,0,135,0,53,212,0,265,298,0,298,563
05/19/2023,LUK,OH,ASO,CE,Federal Contract Tower,2,48,53,0,103,0,3,47,0,50,2,51,100,0,153,82,0,82,235
05/20/2023,LUK,OH,ASO,CE,Federal Contract Tower,0,36,57,0,93,0,0,65,0,65,0,36,122,0,158,70,0,70,228
05/21/2023,LUK,OH,ASO,CE,Federal Contract Tower,0,31,49,0,80,0,0,128,0,128,0,31,177,0,208,294,0,294,502
05/22/2023,LUK,OH,ASO,CE,Federal Contract Tower,1,45,52,2,100,0,8,93,0,101,1,53,145,2,201,262,0,262,463
05/23/2023,LUK,OH,ASO,CE,Federal Contract Tower,0,44,61,0,105,0,14,99,0,113,0,58,160,0,218,284,0,284,502
05/24/2023,LUK,OH,ASO,CE,Federal Contract Tower,0,45,81,1,127,0,13,92,1,106,0,58,173,2,233,276,0,276,509
05/25/2023,LUK,OH,ASO,CE,Federal Contract Tower,0,37,63,0,100,0,14,83,0,97,0,51,146,0,197,184,0,184,381
05/26/2023,LUK,OH,ASO,CE,Federal Contract Tower,2,41,62,0,105,0,12,105,0,117,2,53,167,0,222,128,0,128,350
05/27/2023,LUK,OH,ASO,CE,Federal Contract Tower,0,43,40,0,83,0,22,126,0,148,0,65,166,0,231,284,0,284,515
05/28/2023,LUK,OH,ASO,CE,Federal Contract Tower,1,10,33,0,44,0,0,103,0,103,1,10,136,0,147,254,0,254,401
05/29/2023,LUK,OH,ASO,CE,Federal Contract Tower,0,20,43,0,63,0,3,78,0,81,0,23,121,0,144,174,0,174,318
05/30/2023,LUK,OH,ASO,CE,Federal Contract Tower,1,32,64,0,97,0,10,103,2,115,1,42,167,2,212,312,0,312,524
05/31/2023,LUK,OH,ASO,CE,Federal Contract Tower,0,38,73,1,112,0,13,116,2,131,0,51,189,3,243,342,0,342,585
06/01/2023,LUK,OH,ASO,CE,Federal Contract Tower,4,31,81,0,116,0,15,120,0,135,4,46,201,0,251,350,0,350,601
06/02/2023,LUK,OH,ASO,CE,Federal Contract Tower,0,45,57,0,102,0,12,110,0,122,0,57,167,0,224,198,0,198,422
06/03/2023,LUK,OH,ASO,CE,Federal Contract Tower,1,34,32,0,67,0,7,232,0,239,1,41,264,0,306,154,0,154,460
06/04/2023,LUK,OH,ASO,CE,Federal Contract Tower,0,50,42,0,92,0,33,125,0,158,0,83,167,0,250,212,0,212,462
06/05/2023,LUK,OH,ASO,CE,Federal Contract Tower,0,39,59,0,98,0,14,81,0,95,0,53,140,0,193,210,0,210,403
06/06/2023,LUK,OH,ASO,CE,Federal Contract Tower,0,47,80,2,129,0,26,61,0,87,0,73,141,2,216,192,0,192,408
06/07/2023,LUK,OH,ASO,CE,Federal Contract Tower,0,53,80,3,136,0,21,54,3,78,0,74,134,6,214,300,0,300,514
06/08/2023,LUK,OH,ASO,CE,Federal Contract Tower,2,28,61,3,94,0,5,79,0,84,2,33,140,3,178,200,2,202,380
06/09/2023,LUK,OH,ASO,CE,Federal Contract Tower,0,51,72,0,123,0,23,96,0,119,0,74,168,0,242,144,0,144,386
06/10/2023,LUK,OH,ASO,CE,Federal Contract Tower,0,24,70,0,94,0,2,99,0,101,0,26,169,0,195,152,0,152,347
06/11/2023,LUK,OH,ASO,CE,Federal Contract Tower,1,36,51,0,88,0,2,6,0,8,1,38,57,0,96,0,0,0,96
06/12/2023,LUK,OH,ASO,CE,Federal Contract Tower,0,49,78,0,127,0,7,38,0,45,0,56,116,0,172,124,0,124,296
06/13/2023,LUK,OH,ASO,CE,Federal Contract Tower,0,50,72,2,124,0,8,37,0,45,0,58,109,2,169,98,0,98,267
06/14/2023,LUK,OH,ASO,CE,Federal Contract Tower,0,49,79,0,128,0,19,124,0,143,0,68,203,0,271,362,0,362,633
06/15/2023,LUK,OH,ASO,CE,Federal Contract Tower,0,49,78,0,127,0,27,118,0,145,0,76,196,0,272,318,0,318,590
06/16/2023,LUK,OH,ASO,CE,Federal Contract Tower,0,29,44,0,73,0,8,66,0,74,0,37,110,0,147,212,0,212,359
06/17/2023,LUK,OH,ASO,CE,Federal Contract Tower,0,24,39,0,63,0,8,101,0,109,0,32,140,0,172,204,0,204,376
06/18/2023,LUK,OH,ASO,CE,Federal Contract Tower,0,31,59,0,90,0,4,91,0,95,0,35,150,0,185,182,0,182,367
06/19/2023,LUK,OH,ASO,CE,Federal Contract Tower,0,26,29,0,55,0,1,11,0,12,0,27,40,0,67,52,0,52,119
06/20/2023,LUK,OH,ASO,CE,Federal Contract Tower,1,37,57,0,95,0,7,39,1,47,1,44,96,1,142,180,0,180,322
06/21/2023,LUK,OH,ASO,CE,Federal Contract Tower,2,51,63,0,116,0,14,66,1,81,2,65,129,1,197,220,0,220,417
06/22/2023,LUK,OH,ASO,CE,Federal Contract Tower,0,41,69,0,110,0,7,73,0,80,0,48,142,0,190,298,0,298,488
06/23/2023,LUK,OH,ASO,CE,Federal Contract Tower,2,38,64,0,104,0,4,20,0,24,2,42,84,0,128,156,0,156,284
06/24/2023,LUK,OH,ASO,CE,Federal Contract Tower,0,41,47,0,88,0,4,134,0,138,0,45,181,0,226,212,0,212,438
06/25/2023,LUK,OH,ASO,CE,Federal Contract Tower,0,28,49,0,77,0,1,27,0,28,0,29,76,0,105,44,0,44,149
06/26/2023,LUK,OH,ASO,CE,Federal Contract Tower,0,34,52,0,86,0,7,83,0,90,0,41,135,0,176,120,0,120,296
06/27/2023,LUK,OH,ASO,CE,Federal Contract Tower,0,46,71,0,117,0,0,39,0,39,0,46,110,0,156,180,0,180,336
06/28/2023,LUK,OH,ASO,CE,Federal Contract Tower,0,45,84,0,129,0,0,0,0,0,0,45,84,0,129,0,0,0,129
06/29/2023,LUK,OH,ASO,CE,Federal Contract Tower,0,68,71,0,139,0,0,7,0,7,0,68,78,0,146,20,0,20,166
06/30/2023,LUK,OH,ASO,CE,Federal Contract Tower,1,54,62,0,117,0,14,80,0,94,1,68,142,0,211,244,0,244,455
07/01/2023,LUK,OH,ASO,CE,Federal Contract Tower,1,53,46,0,100,0,2,37,0,39,1,55,83,0,139,98,0,98,237
07/02/2023,LUK,OH,ASO,CE,Federal Contract Tower,0,32,39,0,71,0,0,29,0,29,0,32,68,0,100,88,0,88,188
07/03/2023,LUK,OH,ASO,CE,Federal Contract Tower,0,27,26,0,53,0,4,62,0,66,0,31,88,0,119,210,0,210,329
07/04/2023,LUK,OH,ASO,CE,Federal Contract Tower,0,23,17,0,40,0,24,60,0,84,0,47,77,0,124,148,0,148,272
07/05/2023,LUK,OH,ASO,CE,Federal Contract Tower,0,29,44,0,73,0,2,69,0,71,0,31,113,0,144,136,0,136,280
07/06/2023,LUK,OH,ASO,CE,Federal Contract Tower,0,50,46,0,96,0,25,89,0,114,0,75,135,0,210,282,0,282,492
07/07/2023,LUK,OH,ASO,CE,Federal Contract Tower,2,30,28,0,60,0,21,122,0,143,2,51,150,0,203,328,0,328,531
07/08/2023,LUK,OH,ASO,CE,Federal Contract Tower,0,31,31,0,62,0,8,70,0,78,0,39,101,0,140,96,0,96,236
07/09/2023,LUK,OH,ASO,CE,Federal Contract Tower,0,47,50,0,97,0,16,115,0,131,0,63,165,0,228,252,0,252,480
07/10/2023,LUK,OH,ASO,CE,Federal Contract Tower,0,40,43,1,84,0,41,105,0,146,0,81,148,1,230,352,0,352,582
07/11/2023,LUK,OH,ASO,CE,Federal Contract Tower,2,41,45,0,88,0,19,113,0,132,2,60,158,0,220,382,0,382,602
07/12/2023,LUK,OH,ASO,CE,Federal Contract Tower,0,46,64,0,110,0,33,76,4,113,0,79,140,4,223,290,0,290,513
07/13/2023,LUK,OH,ASO,CE,Federal Contract Tower,0,47,57,0,104,0,13,42,0,55,0,60,99,0,159,212,0,212,371
07/14/2023,LUK,OH,ASO,CE,Federal Contract Tower,1,47,68,2,118,0,16,91,0,107,1,63,159,2,225,242,0,242,467
07/15/2023,LUK,OH,ASO,CE,Federal Contract Tower,0,30,34,0,64,0,1,8,0,9,0,31,42,0,73,32,0,32,105
07/16/2023,LUK,OH,ASO,CE,Federal Contract Tower,0,62,46,0,108,0,23,92,0,115,0,85,138,0,223,204,0,204,427
07/17/2023,LUK,OH,ASO,CE,Federal Contract Tower,0,61,42,1,104,0,18,65,0,83,0,79,107,1,187,280,0,280,467
07/18/2023,LUK,OH,ASO,CE,Federal Contract Tower,0,49,65,0,114,0,23,94,14,131,0,72,159,14,245,230,0,230,475
07/19/2023,LUK,OH,ASO,CE,Federal Contract Tower,0,66,62,0,128,0,16,54,0,70,0,82,116,0,198,270,0,270,468
07/20/2023,LUK,OH,ASO,CE,Federal Contract Tower,0,71,71,0,142,0,26,88,0,114,0,97,159,0,256,296,0,296,552
07/21/2023,LUK,OH,ASO,CE,Federal Contract Tower,41,59,0,0,100,0,32,117,0,149,41,91,117,0,249,266,0,266,515
07/22/2023,LUK,OH,ASO,CE,Federal Contract Tower,2,47,21,0,70,0,38,101,0,139,2,85,122,0,209,170,0,170,379
07/23/2023,LUK,OH,ASO,CE,Federal Contract Tower,1,53,33,0,87,0,38,60,0,98,1,91,93,0,185,202,0,202,387
07/24/2023,LUK,OH,ASO,CE,Federal Contract Tower,0,51,38,0,89,0,15,50,0,65,0,66,88,0,154,230,0,230,384
07/25/2023,LUK,OH,ASO,CE,Federal Contract Tower,0,36,70,0,106,0,15,78,2,95,0,51,148,2,201,336,0,336,537
07/26/2023,LUK,OH,ASO,CE,Federal Contract Tower,0,40,75,3,118,0,17,67,2,86,0,57,142,5,204,160,14,174,378
07/27/2023,LUK,OH,ASO,CE,Federal Contract Tower,0,48,45,0,93,0,5,45,0,50,0,53,90,0,143,200,0,200,343
07/28/2023,LUK,OH,ASO,CE,Federal Contract Tower,0,57,45,0,102,0,15,45,0,60,0,72,90,0,162,280,0,280,442
07/29/2023,LUK,OH,ASO,CE,Federal Contract Tower,1,28,17,0,46,0,28,77,0,105,1,56,94,0,151,70,0,70,221
07/30/2023,LUK,OH,ASO,CE,Federal Contract Tower,0,48,32,0,80,0,24,111,0,135,0,72,143,0,215,198,0,198,413
07/31/2023,LUK,OH,ASO,CE,Federal Contract Tower,0,46,32,0,78,0,23,107,0,130,0,69,139,0,208,234,0,234,442
08/01/2023,LUK,OH,ASO,CE,Federal Contract Tower,0,18,43,0,61,0,28,118,0,146,0,46,161,0,207,376,0,376,583
08/02/2023,LUK,OH,ASO,CE,Federal Contract Tower,0,33,38,0,71,0,13,123,0,136,0,46,161,0,207,280,0,280,487
08/03/2023,LUK,OH,ASO,CE,Federal Contract Tower,0,71,42,0,113,0,29,107,1,137,0,100,149,1,250,254,0,254,504
08/04/2023,LUK,OH,ASO,CE,Federal Contract Tower,0,57,64,0,121,0,26,91,0,117,0,83,155,0,238,240,0,240,478
08/05/2023,LUK,OH,ASO,CE,Federal Contract Tower,0,41,41,0,82,0,23,68,0,91,0,64,109,0,173,146,0,146,319
08/06/2023,LUK,OH,ASO,CE,Federal Contract Tower,0,61,35,0,96,0,15,41,0,56,0,76,76,0,152,30,0,30,182
08/07/2023,LUK,OH,ASO,CE,Federal Contract Tower,0,41,24,0,65,0,6,22,0,28,0,47,46,0,93,74,0,74,167
08/08/2023,LUK,OH,ASO,CE,Federal Contract Tower,0,36,48,0,84,0,21,116,0,137,0,57,164,0,221,276,0,276,497
08/09/2023,LUK,OH,ASO,CE,Federal Contract Tower,0,48,39,0,87,0,14,76,0,90,0,62,115,0,177,190,0,190,367
08/10/2023,LUK,OH,ASO,CE,Federal Contract Tower,0,58,61,0,119,0,4,40,0,44,0,62,101,0,163,168,0,168,331
08/11/2023,LUK,OH,ASO,CE,Federal Contract Tower,0,41,55,0,96,0,7,104,0,111,0,48,159,0,207,140,0,140,347
08/12/2023,LUK,OH,ASO,CE,Federal Contract Tower,0,32,13,0,45,0,9,72,0,81,0,41,85,0,126,136,0,136,262
08/13/2023,LUK,OH,ASO,CE,Federal Contract Tower,0,64,43,0,107,0,13,90,0,103,0,77,133,0,210,206,0,206,416
08/14/2023,LUK,OH,ASO,CE,Federal Contract Tower,0,42,38,0,80,0,6,0,0,6,0,48,38,0,86,8,0,8,94
08/15/2023,LUK,OH,ASO,CE,Federal Contract Tower,0,53,87,0,140,0,6,53,0,59,0,59,140,0,199,70,0,70,269
08/16/2023,LUK,OH,ASO,CE,Federal Contract Tower,0,63,65,0,128,0,17,79,0,96,0,80,144,0,224,316,0,316,540
08/17/2023,LUK,OH,ASO,CE,Federal Contract Tower,0,63,37,3,103,0,7,76,0,83,0,70,113,3,186,148,0,148,334
08/18/2023,LUK,OH,ASO,CE,Federal Contract Tower,0,55,66,6,127,0,18,99,0,117,0,73,165,6,244,190,0,190,434
08/19/2023,LUK,OH,ASO,CE,Federal Contract Tower,0,33,33,0,66,0,23,88,0,111,0,56,121,0,177,152,0,152,329
08/20/2023,LUK,OH,ASO,CE,Federal Contract Tower,0,31,63,4,98,0,16,87,2,105,0,47,150,6,203,82,0,82,285
08/21/2023,LUK,OH,ASO,CE,Federal Contract Tower,0,64,47,1,112,0,8,76,0,84,0,72,123,1,196,154,0,154,350
08/22/2023,LUK,OH,ASO,CE,Federal Contract Tower,1,45,56,1,103,0,19,112,1,132,1,64,168,2,235,276,0,276,511
08/23/2023,LUK,OH,ASO,CE,Federal Contract Tower,0,78,72,0,150,0,0,0,0,0,0,78,72,0,150,252,0,252,402
08/24/2023,LUK,OH,ASO,CE,Federal Contract Tower,0,51,58,0,109,0,8,66,0,74,0,59,124,0,183,70,0,70,253
08/25/2023,LUK,OH,ASO,CE,Federal Contract Tower,0,42,56,8,106,0,15,67,0,82,0,57,123,8,188,130,0,130,318
08/26/2023,LUK,OH,ASO,CE,Federal Contract Tower,0,18,30,0,48,0,9,50,0,59,0,27,80,0,107,158,0,158,265
08/27/2023,LUK,OH,ASO,CE,Federal Contract Tower,0,42,65,6,113,0,4,70,0,74,0,46,135,6,187,88,0,88,275
08/28/2023,LUK,OH,ASO,CE,Federal Contract Tower,0,45,45,2,92,0,31,93,0,124,0,76,138,2,216,230,0,230,446
08/29/2023,LUK,OH,ASO,CE,Federal Contract Tower,2,44,54,9,109,0,13,106,1,120,2,57,160,10,229,250,0,250,479
08/30/2023,LUK,OH,ASO,CE,Federal Contract Tower,0,41,52,1,94,0,18,78,11,107,0,59,130,12,201,162,0,162,363
08/31/2023,LUK,OH,ASO,CE,Federal Contract Tower,0,52,73,6,131,0,16,78,2,96,0,68,151,8,227,178,0,178,405
01/01/2020,LUK,OH,ASO,CE,Federal Contract Tower,0,7,29,0,36,0,5,47,0,52,0,12,76,0,88,54,0,54,142
01/02/2020,LUK,OH,ASO,CE,Federal Contract Tower,0,21,38,0,59,0,3,17,0,20,0,24,55,0,79,22,0,22,101
01/03/2020,LUK,OH,ASO,CE,Federal Contract Tower,0,23,29,0,52,0,0,0,0,0,0,23,29,0,52,0,0,0,52
01/04/2020,LUK,OH,ASO,CE,Federal Contract Tower,0,23,14,0,37,0,0,0,0,0,0,23,14,0,37,0,0,0,37
01/05/2020,LUK,OH,ASO,CE,Federal Contract Tower,0,35,50,0,85,0,1,115,0,116,0,36,165,0,201,72,0,72,273
01/06/2020,LUK,OH,ASO,CE,Federal Contract Tower,0,21,37,0,58,0,0,57,0,57,0,21,94,0,115,44,0,44,159
01/07/2020,LUK,OH,ASO,CE,Federal Contract Tower,0,33,63,1,97,0,15,87,4,106,0,48,150,5,203,80,12,92,295
01/08/2020,LUK,OH,ASO,CE,Federal Contract Tower,0,45,61,0,106,0,4,68,0,72,0,49,129,0,178,78,0,78,256
01/09/2020,LUK,OH,ASO,CE,Federal Contract Tower,0,39,74,7,120,0,4,41,2,47,0,43,115,9,167,38,0,38,205
01/10/2020,LUK,OH,ASO,CE,Federal Contract Tower,0,28,42,0,70,0,0,3,0,3,0,28,45,0,73,14,0,14,87
01/11/2020,LUK,OH,ASO,CE,Federal Contract Tower,0,13,11,0,24,0,0,0,0,0,0,13,11,0,24,0,0,0,24
01/12/2020,LUK,OH,ASO,CE,Federal Contract Tower,0,14,28,0,42,0,2,51,0,53,0,16,79,0,95,88,0,88,183
01/13/2020,LUK,OH,ASO,CE,Federal Contract Tower,0,26,64,0,90,0,10,105,0,115,0,36,169,0,205,160,0,160,365
01/14/2020,LUK,OH,ASO,CE,Federal Contract Tower,0,46,54,0,100,0,6,32,0,38,0,52,86,0,138,52,0,52,190
01/15/2020,LUK,OH,ASO,CE,Federal Contract Tower,0,41,32,0,73,0,0,0,0,0,0,41,32,0,73,0,0,0,73
01/16/2020,LUK,OH,ASO,CE,Federal Contract Tower,0,50,58,0,108,0,2,76,4,82,0,52,134,4,190,48,0,48,238
01/17/2020,LUK,OH,ASO,CE,Federal Contract Tower,0,38,48,0,86,0,3,49,0,52,0,41,97,0,138,48,0,48,186
01/18/2020,LUK,OH,ASO,CE,Federal Contract Tower,0,16,15,0,31,0,1,4,0,5,0,17,19,0,36,0,0,0,36
01/19/2020,LUK,OH,ASO,CE,Federal Contract Tower,0,29,25,0,54,0,0,6,0,6,0,29,31,0,60,2,0,2,62
01/20/2020,LUK,OH,ASO,CE,Federal Contract Tower,0,28,40,0,68,0,0,77,0,77,0,28,117,0,145,60,0,60,205
01/21/2020,LUK,OH,ASO,CE,Federal Contract Tower,0,28,51,5,84,0,5,87,2,94,0,33,138,7,178,98,0,98,276
01/22/2020,LUK,OH,ASO,CE,Federal Contract Tower,0,39,61,0,100,0,2,69,1,72,0,41,130,1,172,116,0,116,288
01/23/2020,LUK,OH,ASO,CE,Federal Contract Tower,0,45,66,1,112,0,4,78,2,84,0,49,144,3,196,154,0,154,350
01/24/2020,LUK,OH,ASO,CE,Federal Contract Tower,0,41,37,0,78,0,0,0,0,0,0,41,37,0,78,0,0,0,78
01/25/2020,LUK,OH,ASO,CE,Federal Contract Tower,0,11,14,0,25,0,0,0,0,0,0,11,14,0,25,0,0,0,25
01/26/2020,LUK,OH,ASO,CE,Federal Contract Tower,0,29,27,0,56,0,0,72,0,72,0,29,99,0,128,102,0,102,230
01/27/2020,LUK,OH,ASO,CE,Federal Contract Tower,0,40,45,0,85,0,0,8,0,8,0,40,53,0,93,28,0,28,121
01/28/2020,LUK,OH,ASO,CE,Federal Contract Tower,2,31,34,0,67,0,1,25,0,26,2,32,59,0,93,90,0,90,183
01/29/2020,LUK,OH,ASO,CE,Federal Contract Tower,0,52,88,0,140,0,3,55,1,59,0,55,143,1,199,92,0,92,291
01/30/2020,LUK,OH,ASO,CE,Federal Contract Tower,0,31,86,3,120,0,6,80,8,94,0,37,166,11,214,116,0,116,330
01/31/2020,LUK,OH,ASO,CE,Federal Contract Tower,0,23,40,0,63,0,0,0,0,0,0,23,40,0,63,0,0,0,63
02/01/2020,LUK,OH,ASO,CE,Federal Contract Tower,0,3,19,0,22,0,0,40,0,40,0,3,59,0,62,60,0,60,122
02/02/2020,LUK,OH,ASO,CE,Federal Contract Tower,0,18,35,0,53,0,2,43,0,45,0,20,78,0,98,4,0,4,102
02/03/2020,LUK,OH,ASO,CE,Federal Contract Tower,0,26,53,0,79,0,12,74,0,86,0,38,127,0,165,24,0,24,189
02/04/2020,LUK,OH,ASO,CE,Federal Contract Tower,0,30,61,0,91,0,0,1,0,1,0,30,62,0,92,0,0,0,92
02/05/2020,LUK,OH,ASO,CE,Federal Contract Tower,0,31,47,0,78,0,0,21,0,21,0,31,68,0,99,60,0,60,159
02/06/2020,LUK,OH,ASO,CE,Federal Contract Tower,0,40,33,0,73,0,0,0,0,0,0,40,33,0,73,0,0,0,73
02/07/2020,LUK,OH,ASO,CE,Federal Contract Tower,0,49,39,0,88,0,2,13,0,15,0,51,52,0,103,34,0,34,137
02/08/2020,LUK,OH,ASO,CE,Federal Contract Tower,0,15,18,0,33,0,0,2,0,2,0,15,20,0,35,14,0,14,49
02/09/2020,LUK,OH,ASO,CE,Federal Contract Tower,0,14,45,0,59,0,1,39,0,40,0,15,84,0,99,60,0,60,159
02/10/2020,LUK,OH,ASO,CE,Federal Contract Tower,0,27,35,0,62,0,0,0,0,0,0,27,35,0,62,0,0,0,62
02/11/2020,LUK,OH,ASO,CE,Federal Contract Tower,0,33,55,0,88,0,2,32,2,36,0,35,87,2,124,56,0,56,180
02/12/2020,LUK,OH,ASO,CE,Federal Contract Tower,0,43,59,0,102,0,4,30,0,34,0,47,89,0,136,90,0,90,226
02/13/2020,LUK,OH,ASO,CE,Federal Contract Tower,0,50,55,4,109,0,3,11,0,14,0,53,66,4,123,44,0,44,167
02/14/2020,LUK,OH,ASO,CE,Federal Contract Tower,0,32,68,3,103,0,1,96,0,97,0,33,164,3,200,102,0,102,302
02/15/2020,LUK,OH,ASO,CE,Federal Contract Tower,0,13,38,0,51,0,0,127,4,131,0,13,165,4,182,126,0,126,308
02/16/2020,LUK,OH,ASO,CE,Federal Contract Tower,0,16,51,0,67,0,6,125,0,131,0,22,176,0,198,162,0,162,360
02/17/2020,LUK,OH,ASO,CE,Federal Contract Tower,0,36,77,0,113,0,6,79,0,85,0,42,156,0,198,124,0,124,322
02/18/2020,LUK,OH,ASO,CE,Federal Contract Tower,0,27,52,0,79,0,1,7,0,8,0,28,59,0,87,6,0,6,93
02/19/2020,LUK,OH,ASO,CE,Federal Contract Tower,0,36,55,8,99,0,4,91,1,96,0,40,146,9,195,224,4,228,423
02/20/2020,LUK,OH,ASO,CE,Federal Contract Tower,0,27,61,2,90,0,0,66,0,66,0,27,127,2,156,78,0,78,234
02/21/2020,LUK,OH,ASO,CE,Federal Contract Tower,0,31,61,0,92,0,2,82,0,84,0,33,143,0,176,94,0,94,270
02/22/2020,LUK,OH,ASO,CE,Federal Contract Tower,0,27,64,0,91,0,1,144,0,145,0,28,208,0,236,176,0,176,412
02/23/2020,LUK,OH,ASO,CE,Federal Contract Tower,0,40,74,0,114,0,2,134,0,136,0,42,208,0,250,124,0,124,374
02/24/2020,LUK,OH,ASO,CE,Federal Contract Tower,0,26,52,0,78,0,0,0,0,0,0,26,52,0,78,0,0,0,78
02/25/2020,LUK,OH,ASO,CE,Federal Contract Tower,0,55,57,0,112,0,0,0,0,0,0,55,57,0,112,0,0,0,112
02/26/2020,LUK,OH,ASO,CE,Federal Contract Tower,0,40,44,0,84,0,0,0,0,0,0,40,44,0,84,0,0,0,84
02/27/2020,LUK,OH,ASO,CE,Federal Contract Tower,0,36,61,0,97,0,14,24,0,38,0,50,85,0,135,46,0,46,181
02/28/2020,LUK,OH,ASO,CE,Federal Contract Tower,0,29,62,0,91,0,1,31,0,32,0,30,93,0,123,40,0,40,163
02/29/2020,LUK,OH,ASO,CE,Federal Contract Tower,0,15,43,0,58,0,9,108,0,117,0,24,151,0,175,58,0,58,233
03/01/2020,LUK,OH,ASO,CE,Federal Contract Tower,0,16,68,0,84,0,0,102,0,102,0,16,170,0,186,132,0,132,318
03/02/2020,LUK,OH,ASO,CE,Federal Contract Tower,0,34,36,2,72,0,0,0,0,0,0,34,36,2,72,0,0,0,72
03/03/2020,LUK,OH,ASO,CE,Federal Contract Tower,0,41,63,0,104,0,2,16,2,20,0,43,79,2,124,0,0,0,124
03/04/2020,LUK,OH,ASO,CE,Federal Contract Tower,0,31,49,3,83,0,13,51,0,64,0,44,100,3,147,36,0,36,183
03/05/2020,LUK,OH,ASO,CE,Federal Contract Tower,0,42,71,4,117,0,0,128,1,129,0,42,199,5,246,168,0,168,414
03/06/2020,LUK,OH,ASO,CE,Federal Contract Tower,0,27,38,0,65,0,0,1,0,1,0,27,39,0,66,0,0,0,66
03/07/2020,LUK,OH,ASO,CE,Federal Contract Tower,0,12,55,8,75,0,0,133,0,133,0,12,188,8,208,228,0,228,436
03/08/2020,LUK,OH,ASO,CE,Federal Contract Tower,0,24,62,0,86,0,1,119,4,124,0,25,181,4,210,94,0,94,304
03/09/2020,LUK,OH,ASO,CE,Federal Contract Tower,0,31,39,0,70,0,7,55,0,62,0,38,94,0,132,68,0,68,200
03/10/2020,LUK,OH,ASO,CE,Federal Contract Tower,0,35,51,0,86,0,4,9,0,13,0,39,60,0,99,36,0,36,135
03/11/2020,LUK,OH,ASO,CE,Federal Contract Tower,0,34,58,6,98,0,0,20,0,20,0,34,78,6,118,50,0,50,168
03/12/2020,LUK,OH,ASO,CE,Federal Contract Tower,0,27,66,1,94,0,1,35,0,36,0,28,101,1,130,60,0,60,190
03/13/2020,LUK,OH,ASO,CE,Federal Contract Tower,0,30,55,2,87,0,2,78,0,80,0,32,133,2,167,26,0,26,193
03/14/2020,LUK,OH,ASO,CE,Federal Contract Tower,0,18,20,3,41,0,0,20,0,20,0,18,40,3,61,2,0,2,63
03/15/2020,LUK,OH,ASO,CE,Federal Contract Tower,0,22,41,0,63,0,0,51,0,51,0,22,92,0,114,154,0,154,268
03/16/2020,LUK,OH,ASO,CE,Federal Contract Tower,0,25,45,0,70,0,0,56,0,56,0,25,101,0,126,64,0,64,190
03/17/2020,LUK,OH,ASO,CE,Federal Contract Tower,0,21,20,0,41,0,0,41,0,41,0,21,61,0,82,66,0,66,148
03/18/2020,LUK,OH,ASO,CE,Federal Contract Tower,0,23,31,0,54,0,0,2,0,2,0,23,33,0,56,0,0,0,56
03/19/2020,LUK,OH,ASO,CE,Federal Contract Tower,0,14,20,0,34,0,0,4,0,4,0,14,24,0,38,0,0,0,38
03/20/2020,LUK,OH,ASO,CE,Federal Contract Tower,0,18,22,0,40,0,3,19,0,22,0,21,41,0,62,16,0,16,78
03/21/2020,LUK,OH,ASO,CE,Federal Contract Tower,0,14,15,0,29,0,1,61,0,62,0,15,76,0,91,94,0,94,185
03/22/2020,LUK,OH,ASO,CE,Federal Contract Tower,0,11,29,0,40,0,0,84,0,84,0,11,113,0,124,54,0,54,178
03/23/2020,LUK,OH,ASO,CE,Federal Contract Tower,0,19,18,0,37,0,5,12,0,17,0,24,30,0,54,12,0,12,66
03/24/2020,LUK,OH,ASO,CE,Federal Contract Tower,0,8,12,0,20,0,0,27,0,27,0,8,39,0,47,78,0,78,125
03/25/2020,LUK,OH,ASO,CE,Federal Contract Tower,0,10,18,0,28,0,5,59,0,64,0,15,77,0,92,88,0,88,180
03/26/2020,LUK,OH,ASO,CE,Federal Contract Tower,0,8,12,0,20,0,0,36,0,36,0,8,48,0,56,52,0,52,108
03/27/2020,LUK,OH,ASO,CE,Federal Contract Tower,0,12,12,0,24,0,2,15,0,17,0,14,27,0,41,48,0,48,89
03/28/2020,LUK,OH,ASO,CE,Federal Contract Tower,0,4,6,0,10,0,0,17,0,17,0,4,23,0,27,4,0,4,31
03/29/2020,LUK,OH,ASO,CE,Federal Contract Tower,0,7,13,0,20,0,0,3,0,3,0,7,16,0,23,0,0,0,23
03/30/2020,LUK,OH,ASO,CE,Federal Contract Tower,0,9,18,0,27,0,0,15,0,15,0,9,33,0,42,26,0,26,68
03/31/2020,LUK,OH,ASO,CE,Federal Contract Tower,0,14,13,0,27,0,17,24,0,41,0,31,37,0,68,38,0,38,106
04/01/2020,LUK,OH,ASO,CE,Federal Contract Tower,0,9,14,0,23,0,2,33,0,35,0,11,47,0,58,100,0,100,158
04/02/2020,LUK,OH,ASO,CE,Federal Contract Tower,0,7,21,0,28,0,0,70,0,70,0,7,91,0,98,146,0,146,244
04/03/2020,LUK,OH,ASO,CE,Federal Contract Tower,0,12,15,0,27,0,1,92,0,93,0,13,107,0,120,116,0,116,236
04/04/2020,LUK,OH,ASO,CE,Federal Contract Tower,0,6,15,0,21,0,0,65,0,65,0,6,80,0,86,98,0,98,184
04/05/2020,LUK,OH,ASO,CE,Federal Contract Tower,0,5,18,0,23,0,2,10,0,12,0,7,28,0,35,36,0,36,71
04/06/2020,LUK,OH,ASO,CE,Federal Contract Tower,0,6,12,0,18,0,0,33,0,33,0,6,45,0,51,54,0,54,105
04/07/2020,LUK,OH,ASO,CE,Federal Contract Tower,0,11,7,0,18,0,3,26,0,29,0,14,33,0,47,76,0,76,123
04/08/2020,LUK,OH,ASO,CE,Federal Contract Tower,0,7,13,0,20,0,2,32,0,34,0,9,45,0,54,84,0,84,138
04/09/2020,LUK,OH,ASO,CE,Federal Contract Tower,0,13,9,0,22,0,0,9,0,9,0,13,18,0,31,6,0,6,37
04/10/2020,LUK,OH,ASO,CE,Federal Contract Tower,0,9,19,0,28,0,1,40,0,41,0,10,59,0,69,44,0,44,113
04/11/2020,LUK,OH,ASO,CE,Federal Contract Tower,0,11,16,0,27,0,2,83,0,85,0,13,99,0,112,128,0,128,240
04/12/2020,LUK,OH,ASO,CE,Federal Contract Tower,0,7,3,0,10,0,0,13,0,13,0,7,16,0,23,46,0,46,69
04/13/2020,LUK,OH,ASO,CE,Federal Contract Tower,0,6,6,0,12,0,2,1,0,3,0,8,7,0,15,0,0,0,15
04/14/2020,LUK,OH,ASO,CE,Federal Contract Tower,0,19,13,0,32,0,0,39,0,39,0,19,52,0,71,86,0,86,157
04/15/2020,LUK,OH,ASO,CE,Federal Contract Tower,0,15,28,0,43,0,2,34,0,36,0,17,62,0,79,38,0,38,117
04/16/2020,LUK,OH,ASO,CE,Federal Contract Tower,0,15,47,0,62,0,3,70,0,73,0,18,117,0,135,100,0,100,235
04/17/2020,LUK,OH,ASO,CE,Federal Contract Tower,0,13,3,0,16,0,2,0,0,2,0,15,3,0,18,12,0,12,30
04/18/2020,LUK,OH,ASO,CE,Federal Contract Tower,0,7,25,0,32,0,0,83,0,83,0,7,108,0,115,112,0,112,227
04/19/2020,LUK,OH,ASO,CE,Federal Contract Tower,0,16,32,0,48,0,2,58,0,60,0,18,90,0,108,48,0,48,156
04/20/2020,LUK,OH,ASO,CE,Federal Contract Tower,0,7,24,0,31,0,9,58,0,67,0,16,82,0,98,86,0,86,184
04/21/2020,LUK,OH,ASO,CE,Federal Contract Tower,0,6,6,0,12,0,6,18,0,24,0,12,24,0,36,24,0,24,60
04/22/2020,LUK,OH,ASO,CE,Federal Contract Tower,0,6,32,0,38,0,2,107,0,109,0,8,139,0,147,180,0,180,327
04/23/2020,LUK,OH,ASO,CE,Federal Contract Tower,0,9,21,0,30,0,0,2,0,2,0,9,23,0,32,6,0,6,38
04/24/2020,LUK,OH,ASO,CE,Federal Contract Tower,0,15,32,0,47,0,2,52,0,54,0,17,84,0,101,128,0,128,229
04/25/2020,LUK,OH,ASO,CE,Federal Contract Tower,0,6,22,0,28,0,0,39,0,39,0,6,61,0,67,56,0,56,123
04/26/2020,LUK,OH,ASO,CE,Federal Contract Tower,0,4,15,0,19,0,0,2,0,2,0,4,17,0,21,0,0,0,21
04/27/2020,LUK,OH,ASO,CE,Federal Contract Tower,0,6,36,0,42,0,3,130,0,133,0,9,166,0,175,186,2,188,363
04/28/2020,LUK,OH,ASO,CE,Federal Contract Tower,0,10,22,0,32,0,3,48,0,51,0,13,70,0,83,118,0,118,201
04/29/2020,LUK,OH,ASO,CE,Federal Contract Tower,0,9,20,2,31,0,0,6,0,6,0,9,26,2,37,16,0,16,53
04/30/2020,LUK,OH,ASO,CE,Federal Contract Tower,0,16,21,0,37,0,0,5,0,5,0,16,26,0,42,24,0,24,66
05/01/2020,LUK,OH,ASO,CE,Federal Contract Tower,0,9,25,0,34,0,8,53,0,61,0,17,78,0,95,182,0,182,277
05/02/2020,LUK,OH,ASO,CE,Federal Contract Tower,0,7,16,0,23,0,7,98,0,105,0,14,114,0,128,96,0,96,224
05/03/2020,LUK,OH,ASO,CE,Federal Contract Tower,0,13,15,0,28,0,0,0,0,0,0,13,15,0,28,0,0,0,28
05/04/2020,LUK,OH,ASO,CE,Federal Contract Tower,0,12,16,0,28,0,2,101,0,103,0,14,117,0,131,182,0,182,313
05/05/2020,LUK,OH,ASO,CE,Federal Contract Tower,0,12,17,0,29,0,3,18,0,21,0,15,35,0,50,44,0,44,94
05/06/2020,LUK,OH,ASO,CE,Federal Contract Tower,0,17,31,0,48,0,0,60,0,60,0,17,91,0,108,126,0,126,234
05/07/2020,LUK,OH,ASO,CE,Federal Contract Tower,0,8,44,2,54,0,1,96,0,97,0,9,140,2,151,146,0,146,297
05/08/2020,LUK,OH,ASO,CE,Federal Contract Tower,0,14,24,0,38,0,0,2,0,2,0,14,26,0,40,18,0,18,58
05/09/2020,LUK,OH,ASO,CE,Federal Contract Tower,0,13,35,0,48,0,1,77,0,78,0,14,112,0,126,122,0,122,248
05/10/2020,LUK,OH,ASO,CE,Federal Contract Tower,0,13,25,0,38,0,0,8,0,8,0,13,33,0,46,0,0,0,46
05/11/2020,LUK,OH,ASO,CE,Federal Contract Tower,0,21,31,0,52,0,1,46,0,47,0,22,77,0,99,90,0,90,189
05/12/2020,LUK,OH,ASO,CE,Federal Contract Tower,0,17,53,0,70,0,1,95,0,96,0,18,148,0,166,126,0,126,292
05/13/2020,LUK,OH,ASO,CE,Federal Contract Tower,0,13,35,1,49,0,3,80,1,84,0,16,115,2,133,112,0,112,245
05/14/2020,LUK,OH,ASO,CE,Federal Contract Tower,0,12,30,0,42,0,3,53,0,56,0,15,83,0,98,124,0,124,222
05/15/2020,LUK,OH,ASO,CE,Federal Contract Tower,0,14,23,0,37,0,2,25,0,27,0,16,48,0,64,48,0,48,112
05/16/2020,LUK,OH,ASO,CE,Federal Contract Tower,0,10,26,0,36,0,0,12,0,12,0,10,38,0,48,54,0,54,102
05/17/2020,LUK,OH,ASO,CE,Federal Contract Tower,0,11,41,0,52,0,0,38,0,38,0,11,79,0,90,72,0,72,162
05/18/2020,LUK,OH,ASO,CE,Federal Contract Tower,0,8,15,0,23,0,0,0,0,0,0,8,15,0,23,0,0,0,23
05/19/2020,LUK,OH,ASO,CE,Federal Contract Tower,0,9,20,0,29,0,2,0,0,2,0,11,20,0,31,0,0,0,31
05/20/2020,LUK,OH,ASO,CE,Federal Contract Tower,0,20,48,2,70,0,6,9,0,15,0,26,57,2,85,24,0,24,109
05/21/2020,LUK,OH,ASO,CE,Federal Contract Tower,0,23,53,0,76,0,2,18,0,20,0,25,71,0,96,46,0,46,142
05/22/2020,LUK,OH,ASO,CE,Federal Contract Tower,0,22,57,0,79,0,2,68,0,70,0,24,125,0,149,82,0,82,231
05/23/2020,LUK,OH,ASO,CE,Federal Contract Tower,0,14,35,0,49,0,0,88,0,88,0,14,123,0,137,170,0,170,307
05/24/2020,LUK,OH,ASO,CE,Federal Contract Tower,0,4,18,0,22,0,0,53,0,53,0,4,71,0,75,50,0,50,125
05/25/2020,LUK,OH,ASO,CE,Federal Contract Tower,0,23,27,0,50,0,3,42,0,45,0,26,69,0,95,118,0,118,213
05/26/2020,LUK,OH,ASO,CE,Federal Contract Tower,0,21,49,0,70,0,6,95,0,101,0,27,144,0,171,140,0,140,311
05/27/2020,LUK,OH,ASO,CE,Federal Contract Tower,0,22,51,0,73,0,1,87,0,88,0,23,138,0,161,86,0,86,247
05/28/2020,LUK,OH,ASO,CE,Federal Contract Tower,0,31,44,0,75,0,3,98,0,101,0,34,142,0,176,278,0,278,454
05/29/2020,LUK,OH,ASO,CE,Federal Contract Tower,0,10,39,0,49,0,6,47,0,53,0,16,86,0,102,66,0,66,168
05/30/2020,LUK,OH,ASO,CE,Federal Contract Tower,0,22,65,0,87,0,0,122,0,122,0,22,187,0,209,206,0,206,415
05/31/2020,LUK,OH,ASO,CE,Federal Contract Tower,0,11,45,0,56,0,1,100,0,101,0,12,145,0,157,86,0,86,243
06/01/2020,LUK,OH,ASO,CE,Federal Contract Tower,0,22,63,0,85,0,18,107,0,125,0,40,170,0,210,128,0,128,338
06/02/2020,LUK,OH,ASO,CE,Federal Contract Tower,0,17,57,0,74,0,18,95,0,113,0,35,152,0,187,150,0,150,337
06/03/2020,LUK,OH,ASO,CE,Federal Contract Tower,0,20,47,0,67,0,16,61,0,77,0,36,108,0,144,100,0,100,244
06/04/2020,LUK,OH,ASO,CE,Federal Contract Tower,0,31,42,0,73,0,0,55,0,55,0,31,97,0,128,66,0,66,194
06/05/2020,LUK,OH,ASO,CE,Federal Contract Tower,0,22,44,0,66,0,3,86,0,89,0,25,130,0,155,206,0,206,361
06/06/2020,LUK,OH,ASO,CE,Federal Contract Tower,0,16,60,0,76,0,8,137,0,145,0,24,197,0,221,146,0,146,367
06/07/2020,LUK,OH,ASO,CE,Federal Contract Tower,0,10,46,0,56,0,2,104,0,106,0,12,150,0,162,104,0,104,266
06/08/2020,LUK,OH,ASO,CE,Federal Contract Tower,0,19,49,0,68,0,8,115,0,123,0,27,164,0,191,230,0,230,421
06/09/2020,LUK,OH,ASO,CE,Federal Contract Tower,0,27,37,0,64,0,9,43,0,52,0,36,80,0,116,66,0,66,182
06/10/2020,LUK,OH,ASO,CE,Federal Contract Tower,0,21,42,0,63,0,4,2,0,6,0,25,44,0,69,4,0,4,73
06/11/2020,LUK,OH,ASO,CE,Federal Contract Tower,0,24,82,2,108,0,7,126,0,133,0,31,208,2,241,214,0,214,455
06/12/2020,LUK,OH,ASO,CE,Federal Contract Tower,0,29,71,0,100,0,2,127,0,129,0,31,198,0,229,146,0,146,375
06/13/2020,LUK,OH,ASO,CE,Federal Contract Tower,0,28,64,0,92,0,0,106,0,106,0,28,170,0,198,178,0,178,376
06/14/2020,LUK,OH,ASO,CE,Federal Contract Tower,0,16,46,0,62,0,2,54,0,56,0,18,100,0,118,56,0,56,174
06/15/2020,LUK,OH,ASO,CE,Federal Contract Tower,0,24,51,0,75,0,6,101,0,107,0,30,152,0,182,208,0,208,390
06/16/2020,LUK,OH,ASO,CE,Federal Contract Tower,0,21,58,0,79,0,2,111,0,113,0,23,169,0,192,166,0,166,358
06/17/2020,LUK,OH,ASO,CE,Federal Contract Tower,0,20,61,3,84,0,6,133,2,141,0,26,194,5,225,188,0,188,413
06/18/2020,LUK,OH,ASO,CE,Federal Contract Tower,0,16,41,0,57,0,5,63,0,68,0,21,104,0,125,120,0,120,245
06/19/2020,LUK,OH,ASO,CE,Federal Contract Tower,0,25,68,1,94,0,4,129,0,133,0,29,197,1,227,208,0,208,435
06/20/2020,LUK,OH,ASO,CE,Federal Contract Tower,0,28,53,0,81,0,1,125,0,126,0,29,178,0,207,144,0,144,351
06/21/2020,LUK,OH,ASO,CE,Federal Contract Tower,0,17,35,0,52,0,0,29,0,29,0,17,64,0,81,28,0,28,109
06/22/2020,LUK,OH,ASO,CE,Federal Contract Tower,0,27,53,0,80,0,10,44,0,54,0,37,97,0,134,124,0,124,258
06/23/2020,LUK,OH,ASO,CE,Federal Contract Tower,0,29,36,0,65,0,2,34,0,36,0,31,70,0,101,60,0,60,161
06/24/2020,LUK,OH,ASO,CE,Federal Contract Tower,0,23,70,0,93,0,0,0,0,0,0,23,70,0,93,80,0,80,173
06/25/2020,LUK,OH,ASO,CE,Federal Contract Tower,0,44,74,0,118,0,5,128,0,133,0,49,202,0,251,280,0,280,531
06/26/2020,LUK,OH,ASO,CE,Federal Contract Tower,0,31,71,0,102,0,6,56,0,62,0,37,127,0,164,132,0,132,296
06/27/2020,LUK,OH,ASO,CE,Federal Contract Tower,0,28,31,0,59,0,0,13,0,13,0,28,44,0,72,28,0,28,100
06/28/2020,LUK,OH,ASO,CE,Federal Contract Tower,0,25,43,0,68,0,2,19,0,21,0,27,62,0,89,64,0,64,153
06/29/2020,LUK,OH,ASO,CE,Federal Contract Tower,0,29,28,0,57,0,2,37,0,39,0,31,65,0,96,104,0,104,200
07/01/2020,LUK,OH,ASO,CE,Federal Contract Tower,0,34,64,0,98,0,11,55,0,66,0,45,119,0,164,146,0,146,310
07/02/2020,LUK,OH,ASO,CE,Federal Contract Tower,0,33,57,0,90,0,1,107,0,108,0,34,164,0,198,72,0,72,270
07/03/2020,LUK,OH,ASO,CE,Federal Contract Tower,0,15,49,0,64,0,5,114,10,129,0,20,163,10,193,104,0,104,297
07/04/2020,LUK,OH,ASO,CE,Federal Contract Tower,0,13,20,0,33,0,0,67,0,67,0,13,87,0,100,0,0,0,100
07/05/2020,LUK,OH,ASO,CE,Federal Contract Tower,0,23,43,0,66,0,1,68,0,69,0,24,111,0,135,36,0,36,171
07/06/2020,LUK,OH,ASO,CE,Federal Contract Tower,0,21,45,0,66,0,0,37,0,37,0,21,82,0,103,58,0,58,161
07/07/2020,LUK,OH,ASO,CE,Federal Contract Tower,0,35,52,0,87,0,1,50,0,51,0,36,102,0,138,94,0,94,232
07/08/2020,LUK,OH,ASO,CE,Federal Contract Tower,0,20,53,0,73,0,1,79,0,80,0,21,132,0,153,200,0,200,353
07/09/2020,LUK,OH,ASO,CE,Federal Contract Tower,0,20,80,4,104,0,3,101,0,104,0,23,181,4,208,178,0,178,386
07/10/2020,LUK,OH,ASO,CE,Federal Contract Tower,0,29,57,0,86,0,2,94,0,96,0,31,151,0,182,142,0,142,324
07/11/2020,LUK,OH,ASO,CE,Federal Contract Tower,0,24,67,0,91,0,3,106,0,109,0,27,173,0,200,100,0,100,300
07/12/2020,LUK,OH,ASO,CE,Federal Contract Tower,0,12,49,0,61,0,0,70,0,70,0,12,119,0,131,70,0,70,201
07/13/2020,LUK,OH,ASO,CE,Federal Contract Tower,0,24,59,0,83,0,4,121,0,125,0,28,180,0,208,208,0,208,416
07/14/2020,LUK,OH,ASO,CE,Federal Contract Tower,0,30,58,0,88,0,8,107,2,117,0,38,165,2,205,152,0,152,357
07/15/2020,LUK,OH,ASO,CE,Federal Contract Tower,0,28,63,2,93,0,21,123,0,144,0,49,186,2,237,150,0,150,387
07/16/2020,LUK,OH,ASO,CE,Federal Contract Tower,0,23,57,0,80,0,17,74,0,91,0,40,131,0,171,136,0,136,307
07/17/2020,LUK,OH,ASO,CE,Federal Contract Tower,0,28,52,0,80,0,4,84,0,88,0,32,136,0,168,96,0,96,264
07/18/2020,LUK,OH,ASO,CE,Federal Contract Tower,0,14,35,0,49,0,3,99,0,102,0,17,134,0,151,84,0,84,235
07/19/2020,LUK,OH,ASO,CE,Federal Contract Tower,0,23,38,0,61,0,1,110,0,111,0,24,148,0,172,70,0,70,242
07/20/2020,LUK,OH,ASO,CE,Federal Contract Tower,0,28,53,0,81,0,2,109,0,111,0,30,162,0,192,128,0,128,320
07/21/2020,LUK,OH,ASO,CE,Federal Contract Tower,0,26,29,0,55,0,10,77,0,87,0,36,106,0,142,202,0,202,344
07/22/2020,LUK,OH,ASO,CE,Federal Contract Tower,0,23,26,0,49,0,1,22,0,23,0,24,48,0,72,48,0,48,120
07/23/2020,LUK,OH,ASO,CE,Federal Contract Tower,0,33,44,0,77,0,3,39,0,42,0,36,83,0,119,82,0,82,201
07/24/2020,LUK,OH,ASO,CE,Federal Contract Tower,0,21,63,0,84,0,5,132,0,137,0,26,195,0,221,260,0,260,481
07/25/2020,LUK,OH,ASO,CE,Federal Contract Tower,0,14,51,0,65,0,7,118,0,125,0,21,169,0,190,146,0,146,336
07/26/2020,LUK,OH,ASO,CE,Federal Contract Tower,0,26,46,0,72,0,1,94,0,95,0,27,140,0,167,46,0,46,213
07/27/2020,LUK,OH,ASO,CE,Federal Contract Tower,0,10,48,0,58,0,0,45,0,45,0,10,93,0,103,86,0,86,189
07/28/2020,LUK,OH,ASO,CE,Federal Contract Tower,0,32,57,0,89,0,12,107,0,119,0,44,164,0,208,134,0,134,342
07/29/2020,LUK,OH,ASO,CE,Federal Contract Tower,0,26,53,0,79,0,3,119,0,122,0,29,172,0,201,176,0,176,377
07/30/2020,LUK,OH,ASO,CE,Federal Contract Tower,0,24,38,0,62,0,0,18,0,18,0,24,56,0,80,68,0,68,148
07/31/2020,LUK,OH,ASO,CE,Federal Contract Tower,0,31,74,0,105,0,6,125,0,131,0,37,199,0,236,204,0,204,440
08/01/2020,LUK,OH,ASO,CE,Federal Contract Tower,0,28,41,0,69,0,4,27,0,31,0,32,68,0,100,24,0,24,124
08/02/2020,LUK,OH,ASO,CE,Federal Contract Tower,0,15,49,0,64,0,1,65,0,66,0,16,114,0,130,62,0,62,192
08/03/2020,LUK,OH,ASO,CE,Federal Contract Tower,0,27,50,0,77,0,0,89,0,89,0,27,139,0,166,210,0,210,376
08/04/2020,LUK,OH,ASO,CE,Federal Contract Tower,0,18,37,0,55,0,7,42,0,49,0,25,79,0,104,140,0,140,244
08/05/2020,LUK,OH,ASO,CE,Federal Contract Tower,0,30,75,0,105,0,11,132,0,143,0,41,207,0,248,160,0,160,408
08/06/2020,LUK,OH,ASO,CE,Federal Contract Tower,0,15,54,1,70,0,5,99,2,106,0,20,153,3,176,86,0,86,262
08/07/2020,LUK,OH,ASO,CE,Federal Contract Tower,0,32,60,0,92,0,3,142,0,145,0,35,202,0,237,122,0,122,359
08/08/2020,LUK,OH,ASO,CE,Federal Contract Tower,0,24,58,0,82,0,2,141,0,143,0,26,199,0,225,166,0,166,391
08/09/2020,LUK,OH,ASO,CE,Federal Contract Tower,0,28,44,0,72,0,0,100,0,100,0,28,144,0,172,116,0,116,288
08/10/2020,LUK,OH,ASO,CE,Federal Contract Tower,0,31,55,4,90,0,8,84,4,96,0,39,139,8,186,128,0,128,314
08/11/2020,LUK,OH,ASO,CE,Federal Contract Tower,0,38,51,1,90,0,9,62,1,72,0,47,113,2,162,144,0,144,306
08/12/2020,LUK,OH,ASO,CE,Federal Contract Tower,0,27,56,2,85,0,11,86,0,97,0,38,142,2,182,96,0,96,278
08/13/2020,LUK,OH,ASO,CE,Federal Contract Tower,0,36,63,0,99,0,2,130,0,132,0,38,193,0,231,236,0,236,467
08/14/2020,LUK,OH,ASO,CE,Federal Contract Tower,0,26,46,0,72,0,1,52,0,53,0,27,98,0,125,103,0,103,228
08/15/2020,LUK,OH,ASO,CE,Federal Contract Tower,0,13,32,0,45,0,0,88,0,88,0,13,120,0,133,76,0,76,209
08/16/2020,LUK,OH,ASO,CE,Federal Contract Tower,0,32,56,0,88,0,0,62,0,62,0,32,118,0,150,40,0,40,190
08/17/2020,LUK,OH,ASO,CE,Federal Contract Tower,0,31,30,0,61,0,3,80,6,89,0,34,110,6,150,176,0,176,326
08/18/2020,LUK,OH,ASO,CE,Federal Contract Tower,0,33,46,0,79,0,1,59,0,60,0,34,105,0,139,100,0,100,239
08/19/2020,LUK,OH,ASO,CE,Federal Contract Tower,0,18,45,0,63,0,12,140,0,152,0,30,185,0,215,206,0,206,421
08/20/2020,LUK,OH,ASO,CE,Federal Contract Tower,0,24,64,4,92,0,18,148,1,167,0,42,212,5,259,194,0,194,453
08/21/2020,LUK,OH,ASO,CE,Federal Contract Tower,0,27,70,0,97,0,0,161,0,161,0,27,231,0,258,114,0,114,372
08/22/2020,LUK,OH,ASO,CE,Federal Contract Tower,0,19,39,0,58,0,1,78,0,79,0,20,117,0,137,128,0,128,265
08/23/2020,LUK,OH,ASO,CE,Federal Contract Tower,0,24,54,0,78,0,4,67,0,71,0,28,121,0,149,54,0,54,203
08/24/2020,LUK,OH,ASO,CE,Federal Contract Tower,0,24,50,0,74,0,5,89,0,94,0,29,139,0,168,150,0,150,318
08/25/2020,LUK,OH,ASO,CE,Federal Contract Tower,1,30,61,3,95,0,0,108,0,108,1,30,169,3,203,112,0,112,315
08/26/2020,LUK,OH,ASO,CE,Federal Contract Tower,0,31,50,1,82,0,8,119,0,127,0,39,169,1,209,208,0,208,417
08/27/2020,LUK,OH,ASO,CE,Federal Contract Tower,0,34,47,0,81,0,10,78,0,88,0,44,125,0,169,160,0,160,329
08/28/2020,LUK,OH,ASO,CE,Federal Contract Tower,0,20,49,0,69,0,0,49,0,49,0,20,98,0,118,130,0,130,248
08/29/2020,LUK,OH,ASO,CE,Federal Contract Tower,0,12,56,0,68,0,0,55,0,55,0,12,111,0,123,30,0,30,153
08/30/2020,LUK,OH,ASO,CE,Federal Contract Tower,0,20,72,0,92,0,2,147,0,149,0,22,219,0,241,128,0,128,369
08/31/2020,LUK,OH,ASO,CE,Federal Contract Tower,0,15,51,0,66,0,2,31,0,33,0,17,82,0,99,120,0,120,219
09/01/2020,LUK,OH,ASO,CE,Federal Contract Tower,0,39,58,0,97,0,4,41,1,46,0,43,99,1,143,116,0,116,259
09/02/2020,LUK,OH,ASO,CE,Federal Contract Tower,0,32,56,0,88,0,7,65,0,72,0,39,121,0,160,116,0,116,276
09/03/2020,LUK,OH,ASO,CE,Federal Contract Tower,0,45,70,0,115,0,0,51,0,51,0,45,121,0,166,178,0,178,344
09/04/2020,LUK,OH,ASO,CE,Federal Contract Tower,0,37,76,0,113,0,0,134,0,134,0,37,210,0,247,208,0,208,455
09/05/2020,LUK,OH,ASO,CE,Federal Contract Tower,0,11,41,3,55,0,7,108,3,118,0,18,149,6,173,92,0,92,265
09/06/2020,LUK,OH,ASO,CE,Federal Contract Tower,0,11,41,3,55,0,7,108,3,118,0,18,149,6,173,92,0,92,265
09/07/2020,LUK,OH,ASO,CE,Federal Contract Tower,0,23,76,0,99,0,5,50,0,55,0,28,126,0,154,68,0,68,222
09/08/2020,LUK,OH,ASO,CE,Federal Contract Tower,0,35,58,0,93,0,23,78,1,102,0,58,136,1,195,128,0,128,323
09/09/2020,LUK,OH,ASO,CE,Federal Contract Tower,0,30,59,0,89,0,5,87,0,92,0,35,146,0,181,118,0,118,299
09/10/2020,LUK,OH,ASO,CE,Federal Contract Tower,0,36,62,0,98,0,10,120,0,130,0,46,182,0,228,144,0,144,372
09/11/2020,LUK,OH,ASO,CE,Federal Contract Tower,0,24,73,0,97,0,0,13,0,13,0,24,86,0,110,20,0,20,130
09/12/2020,LUK,OH,ASO,CE,Federal Contract Tower,1,16,33,0,50,0,1,49,0,50,1,17,82,0,100,22,0,22,122
09/13/2020,LUK,OH,ASO,CE,Federal Contract Tower,0,25,68,0,93,0,3,27,0,30,0,28,95,0,123,8,0,8,131
09/14/2020,LUK,OH,ASO,CE,Federal Contract Tower,0,21,47,4,72,0,12,98,0,110,0,33,145,4,182,138,0,138,320
09/15/2020,LUK,OH,ASO,CE,Federal Contract Tower,0,47,50,0,97,0,15,105,3,123,0,62,155,3,220,142,0,142,362
09/16/2020,LUK,OH,ASO,CE,Federal Contract Tower,0,33,61,0,94,0,13,75,3,91,0,46,136,3,185,116,0,116,301
09/17/2020,LUK,OH,ASO,CE,Federal Contract Tower,0,30,61,0,91,0,7,106,0,113,0,37,167,0,204,172,0,172,376
09/18/2020,LUK,OH,ASO,CE,Federal Contract Tower,0,32,84,0,116,0,12,105,1,118,0,44,189,1,234,160,0,160,394
09/19/2020,LUK,OH,ASO,CE,Federal Contract Tower,2,20,51,0,73,0,4,150,0,154,2,24,201,0,227,108,0,108,335
09/20/2020,LUK,OH,ASO,CE,Federal Contract Tower,0,34,84,0,118,0,4,125,1,130,0,38,209,1,248,34,0,34,282
09/21/2020,LUK,OH,ASO,CE,Federal Contract Tower,0,23,38,0,61,0,4,108,2,114,0,27,146,2,175,124,0,124,299
09/22/2020,LUK,OH,ASO,CE,Federal Contract Tower,0,38,36,0,74,0,8,64,2,74,0,46,100,2,148,90,0,90,238
09/23/2020,LUK,OH,ASO,CE,Federal Contract Tower,0,30,54,1,85,0,13,110,1,124,0,43,164,2,209,156,0,156,365
09/24/2020,LUK,OH,ASO,CE,Federal Contract Tower,0,38,68,0,106,0,1,120,0,121,0,39,188,0,227,130,0,130,357
09/25/2020,LUK,OH,ASO,CE,Federal Contract Tower,0,39,67,0,106,0,16,142,0,158,0,55,209,0,264,218,0,218,482
09/26/2020,LUK,OH,ASO,CE,Federal Contract Tower,0,21,46,0,67,0,0,80,0,80,0,21,126,0,147,80,0,80,227
09/27/2020,LUK,OH,ASO,CE,Federal Contract Tower,0,23,65,0,88,0,0,89,0,89,0,23,154,0,177,66,0,66,243
09/28/2020,LUK,OH,ASO,CE,Federal Contract Tower,0,26,48,0,74,0,0,13,0,13,0,26,61,0,87,32,0,32,119
09/29/2020,LUK,OH,ASO,CE,Federal Contract Tower,0,24,39,0,63,0,10,47,0,57,0,34,86,0,120,146,0,146,266
09/30/2020,LUK,OH,ASO,CE,Federal Contract Tower,0,25,48,0,73,0,4,68,0,72,0,29,116,0,145,66,0,66,211
10/01/2020,LUK,OH,ASO,CE,Federal Contract Tower,0,32,71,0,103,0,15,114,0,129,0,47,185,0,232,110,0,110,342
10/02/2020,LUK,OH,ASO,CE,Federal Contract Tower,0,33,55,0,88,0,6,97,0,103,0,39,152,0,191,160,0,160,351
10/03/2020,LUK,OH,ASO,CE,Federal Contract Tower,0,24,44,0,68,0,1,132,0,133,0,25,176,0,201,204,0,204,405
10/04/2020,LUK,OH,ASO,CE,Federal Contract Tower,0,29,51,0,80,0,0,66,0,66,0,29,117,0,146,96,0,96,242
10/05/2020,LUK,OH,ASO,CE,Federal Contract Tower,0,23,56,0,79,0,6,99,0,105,0,29,155,0,184,184,0,184,368
10/06/2020,LUK,OH,ASO,CE,Federal Contract Tower,0,12,53,0,65,0,12,104,0,116,0,24,157,0,181,162,0,162,343
10/07/2020,LUK,OH,ASO,CE,Federal Contract Tower,0,28,54,0,82,0,4,82,0,86,0,32,136,0,168,56,0,56,224
10/08/2020,LUK,OH,ASO,CE,Federal Contract Tower,0,39,62,6,107,0,16,158,0,174,0,55,220,6,281,144,0,144,425
10/09/2020,LUK,OH,ASO,CE,Federal Contract Tower,0,36,72,0,108,0,3,107,0,110,0,39,179,0,218,144,0,144,362
10/10/2020,LUK,OH,ASO,CE,Federal Contract Tower,0,18,42,0,60,0,0,78,0,78,0,18,120,0,138,124,0,124,262
10/11/2020,LUK,OH,ASO,CE,Federal Contract Tower,0,14,41,0,55,0,1,20,0,21,0,15,61,0,76,8,0,8,84
10/12/2020,LUK,OH,ASO,CE,Federal Contract Tower,0,27,64,0,91,0,0,18,0,18,0,27,82,0,109,66,0,66,175
10/13/2020,LUK,OH,ASO,CE,Federal Contract Tower,0,26,62,0,88,0,3,101,0,104,0,29,163,0,192,128,0,128,320
10/14/2020,LUK,OH,ASO,CE,Federal Contract Tower,0,23,75,0,98,0,18,122,0,140,0,41,197,0,238,98,0,98,336
10/15/2020,LUK,OH,ASO,CE,Federal Contract Tower,0,35,70,2,107,0,0,62,0,62,0,35,132,2,169,120,0,120,289
10/16/2020,LUK,OH,ASO,CE,Federal Contract Tower,0,22,76,0,98,0,0,144,0,144,0,22,220,0,242,164,0,164,406
10/17/2020,LUK,OH,ASO,CE,Federal Contract Tower,0,10,41,0,51,0,9,157,0,166,0,19,198,0,217,82,0,82,299
10/18/2020,LUK,OH,ASO,CE,Federal Contract Tower,0,20,72,0,92,0,4,62,0,66,0,24,134,0,158,54,0,54,212
10/19/2020,LUK,OH,ASO,CE,Federal Contract Tower,0,18,46,0,64,0,0,0,0,0,0,18,46,0,64,0,0,0,64
10/20/2020,LUK,OH,ASO,CE,Federal Contract Tower,0,33,67,1,101,0,0,0,0,0,0,33,67,1,101,0,0,0,101
10/21/2020,LUK,OH,ASO,CE,Federal Contract Tower,0,28,42,2,72,0,8,29,0,37,0,36,71,2,109,78,0,78,187
10/22/2020,LUK,OH,ASO,CE,Federal Contract Tower,0,24,74,1,99,0,12,116,2,130,0,36,190,3,229,156,0,156,385
10/23/2020,LUK,OH,ASO,CE,Federal Contract Tower,0,23,61,0,84,0,4,62,0,66,0,27,123,0,150,62,0,62,212
10/24/2020,LUK,OH,ASO,CE,Federal Contract Tower,0,12,35,0,47,0,2,132,0,134,0,14,167,0,181,154,0,154,335
10/25/2020,LUK,OH,ASO,CE,Federal Contract Tower,0,11,42,0,53,0,1,50,0,51,0,12,92,0,104,158,0,158,262
10/26/2020,LUK,OH,ASO,CE,Federal Contract Tower,0,19,45,0,64,0,0,4,0,4,0,19,49,0,68,10,0,10,78
10/27/2020,LUK,OH,ASO,CE,Federal Contract Tower,0,16,43,0,59,0,3,0,0,3,0,19,43,0,62,0,0,0,62
10/28/2020,LUK,OH,ASO,CE,Federal Contract Tower,0,30,53,0,83,0,3,7,0,10,0,33,60,0,93,148,0,148,241
10/29/2020,LUK,OH,ASO,CE,Federal Contract Tower,0,20,17,0,37,0,0,0,0,0,0,20,17,0,37,0,0,0,37
10/30/2020,LUK,OH,ASO,CE,Federal Contract Tower,0,27,49,0,76,0,2,92,0,94,0,29,141,0,170,162,0,162,332
10/31/2020,LUK,OH,ASO,CE,Federal Contract Tower,0,18,55,0,73,0,1,158,0,159,0,19,213,0,232,62,0,62,294
11/01/2020,LUK,OH,ASO,CE,Federal Contract Tower,0,27,22,0,49,0,2,6,0,8,0,29,28,0,57,0,0,0,57
11/02/2020,LUK,OH,ASO,CE,Federal Contract Tower,0,25,69,0,94,0,11,96,0,107,0,36,165,0,201,128,0,128,329
11/03/2020,LUK,OH,ASO,CE,Federal Contract Tower,0,18,49,2,69,0,6,91,0,97,0,24,140,2,166,182,0,182,348
11/04/2020,LUK,OH,ASO,CE,Federal Contract Tower,0,26,38,0,64,0,8,97,0,105,0,34,135,0,169,150,0,150,319
11/05/2020,LUK,OH,ASO,CE,Federal Contract Tower,0,28,51,0,79,0,0,98,0,98,0,28,149,0,177,106,0,106,283
11/06/2020,LUK,OH,ASO,CE,Federal Contract Tower,0,19,95,0,114,0,3,158,0,161,0,22,253,0,275,208,0,208,483
11/07/2020,LUK,OH,ASO,CE,Federal Contract Tower,2,16,40,0,58,0,1,124,0,125,2,17,164,0,183,152,0,152,335
11/08/2020,LUK,OH,ASO,CE,Federal Contract Tower,2,8,38,0,48,0,11,135,0,146,2,19,173,0,194,48,0,48,242
11/09/2020,LUK,OH,ASO,CE,Federal Contract Tower,0,15,66,0,81,0,15,94,0,109,0,30,160,0,190,142,0,142,332
11/10/2020,LUK,OH,ASO,CE,Federal Contract Tower,0,28,42,0,70,0,12,63,0,75,0,40,105,0,145,82,0,82,227
11/11/2020,LUK,OH,ASO,CE,Federal Contract Tower,0,23,32,0,55,0,7,43,0,50,0,30,75,0,105,104,0,104,209
11/12/2020,LUK,OH,ASO,CE,Federal Contract Tower,0,34,59,4,97,0,7,104,0,111,0,41,163,4,208,126,0,126,334
11/13/2020,LUK,OH,ASO,CE,Federal Contract Tower,0,42,41,0,83,0,13,88,0,101,0,55,129,0,184,164,0,164,348
11/14/2020,LUK,OH,ASO,CE,Federal Contract Tower,0,14,46,0,60,0,1,124,0,125,0,15,170,0,185,188,0,188,373
11/15/2020,LUK,OH,ASO,CE,Federal Contract Tower,0,17,29,0,46,0,0,0,0,0,0,17,29,0,46,0,0,0,46
11/16/2020,LUK,OH,ASO,CE,Federal Contract Tower,0,25,46,0,71,0,7,44,0,51,0,32,90,0,122,58,0,58,180
11/17/2020,LUK,OH,ASO,CE,Federal Contract Tower,0,25,44,0,69,0,2,37,0,39,0,27,81,0,108,24,0,24,132
11/18/2020,LUK,OH,ASO,CE,Federal Contract Tower,0,38,69,0,107,0,16,95,0,111,0,54,164,0,218,98,0,98,316
11/19/2020,LUK,OH,ASO,CE,Federal Contract Tower,0,30,38,0,68,0,24,28,0,52,0,54,66,0,120,30,0,30,150
11/20/2020,LUK,OH,ASO,CE,Federal Contract Tower,0,20,66,0,86,0,8,92,0,100,0,28,158,0,186,176,0,176,362
11/21/2020,LUK,OH,ASO,CE,Federal Contract Tower,0,37,31,0,68,0,2,28,0,30,0,39,59,0,98,112,0,112,210
11/22/2020,LUK,OH,ASO,CE,Federal Contract Tower,0,13,24,0,37,0,0,0,0,0,0,13,24,0,37,0,0,0,37
11/23/2020,LUK,OH,ASO,CE,Federal Contract Tower,0,18,37,0,55,0,3,53,0,56,0,21,90,0,111,140,0,140,251
11/24/2020,LUK,OH,ASO,CE,Federal Contract Tower,0,33,64,0,97,0,9,77,0,86,0,42,141,0,183,78,0,78,261
11/25/2020,LUK,OH,ASO,CE,Federal Contract Tower,0,26,27,0,53,0,0,0,0,0,0,26,27,0,53,8,0,8,61
11/26/2020,LUK,OH,ASO,CE,Federal Contract Tower,0,8,14,0,22,0,2,1,0,3,0,10,15,0,25,0,0,0,25
11/27/2020,LUK,OH,ASO,CE,Federal Contract Tower,0,23,47,0,70,0,0,96,0,96,0,23,143,0,166,170,0,170,336
11/28/2020,LUK,OH,ASO,CE,Federal Contract Tower,0,20,38,0,58,0,3,120,0,123,0,23,158,0,181,254,0,254,435
11/29/2020,LUK,OH,ASO,CE,Federal Contract Tower,0,35,74,0,109,0,5,86,0,91,0,40,160,0,200,132,0,132,332
11/30/2020,LUK,OH,ASO,CE,Federal Contract Tower,0,23,14,0,37,0,0,0,0,0,0,23,14,0,37,0,0,0,37
12/01/2020,LUK,OH,ASO,CE,Federal Contract Tower,0,26,28,0,54,0,0,19,0,19,0,26,47,0,73,122,0,122,195
12/02/2020,LUK,OH,ASO,CE,Federal Contract Tower,0,29,39,0,68,0,8,90,0,98,0,37,129,0,166,238,0,238,404
12/03/2020,LUK,OH,ASO,CE,Federal Contract Tower,0,37,41,0,78,0,4,89,0,93,0,41,130,0,171,140,0,140,311
12/04/2020,LUK,OH,ASO,CE,Federal Contract Tower,0,13,35,0,48,0,3,32,0,35,0,16,67,0,83,84,0,84,167
12/05/2020,LUK,OH,ASO,CE,Federal Contract Tower,0,12,32,0,44,0,4,101,0,105,0,16,133,0,149,100,0,100,249
12/06/2020,LUK,OH,ASO,CE,Federal Contract Tower,0,26,36,0,62,0,6,68,0,74,0,32,104,0,136,48,0,48,184
12/07/2020,LUK,OH,ASO,CE,Federal Contract Tower,0,16,29,0,45,0,0,38,0,38,0,16,67,0,83,62,0,62,145
12/08/2020,LUK,OH,ASO,CE,Federal Contract Tower,0,26,26,3,55,0,11,58,0,69,0,37,84,3,124,144,0,144,268
12/09/2020,LUK,OH,ASO,CE,Federal Contract Tower,0,21,46,0,67,0,16,65,0,81,0,37,111,0,148,130,0,130,278
12/10/2020,LUK,OH,ASO,CE,Federal Contract Tower,0,21,59,2,82,0,6,103,0,109,0,27,162,2,191,152,0,152,343
12/11/2020,LUK,OH,ASO,CE,Federal Contract Tower,0,21,77,0,98,0,11,117,0,128,0,32,194,0,226,150,0,150,376
12/12/2020,LUK,OH,ASO,CE,Federal Contract Tower,0,21,20,0,41,0,3,16,0,19,0,24,36,0,60,4,0,4,64
12/13/2020,LUK,OH,ASO,CE,Federal Contract Tower,0,16,35,0,51,0,1,68,0,69,0,17,103,0,120,112,0,112,232
12/14/2020,LUK,OH,ASO,CE,Federal Contract Tower,0,17,31,0,48,0,1,23,0,24,0,18,54,0,72,58,0,58,130
12/15/2020,LUK,OH,ASO,CE,Federal Contract Tower,0,30,68,0,98,0,0,95,0,95,0,30,163,0,193,118,0,118,311
12/16/2020,LUK,OH,ASO,CE,Federal Contract Tower,0,20,31,0,51,0,0,0,0,0,0,20,31,0,51,0,0,0,51
12/17/2020,LUK,OH,ASO,CE,Federal Contract Tower,0,33,47,0,80,0,0,5,0,5,0,33,52,0,85,8,0,8,93
12/18/2020,LUK,OH,ASO,CE,Federal Contract Tower,0,43,88,0,131,0,0,116,0,116,0,43,204,0,247,230,0,230,477
12/19/2020,LUK,OH,ASO,CE,Federal Contract Tower,0,26,68,0,94,0,0,93,0,93,0,26,161,0,187,54,0,54,241
12/20/2020,LUK,OH,ASO,CE,Federal Contract Tower,0,5,48,0,53,0,4,40,0,44,0,9,88,0,97,108,0,108,205
12/21/2020,LUK,OH,ASO,CE,Federal Contract Tower,0,11,30,0,41,0,0,5,0,5,0,11,35,0,46,10,0,10,56
12/22/2020,LUK,OH,ASO,CE,Federal Contract Tower,0,19,50,0,69,0,14,146,0,160,0,33,196,0,229,236,0,236,465
12/23/2020,LUK,OH,ASO,CE,Federal Contract Tower,0,36,38,0,74,0,3,46,0,49,0,39,84,0,123,24,0,24,147
12/24/2020,LUK,OH,ASO,CE,Federal Contract Tower,0,17,18,0,35,0,0,7,0,7,0,17,25,0,42,34,0,34,76
12/25/2020,LUK,OH,ASO,CE,Federal Contract Tower,0,31,4,0,35,0,0,0,0,0,0,31,4,0,35,0,0,0,35
12/26/2020,LUK,OH,ASO,CE,Federal Contract Tower,0,54,83,0,137,0,0,103,0,103,0,54,186,0,240,42,0,42,282
12/27/2020,LUK,OH,ASO,CE,Federal Contract Tower,0,29,73,0,102,0,7,124,0,131,0,36,197,0,233,54,0,54,287
12/28/2020,LUK,OH,ASO,CE,Federal Contract Tower,0,30,30,0,60,0,2,7,0,9,0,32,37,0,69,80,0,80,149
12/29/2020,LUK,OH,ASO,CE,Federal Contract Tower,0,16,56,0,72,0,5,96,0,101,0,21,152,0,173,140,0,140,313
12/30/2020,LUK,OH,ASO,CE,Federal Contract Tower,0,26,14,0,40,0,0,5,0,5,0,26,19,0,45,6,0,6,51
12/31/2020,LUK,OH,ASO,CE,Federal Contract Tower,0,34,15,0,49,0,0,26,0,26,0,34,41,0,75,66,0,66,141
01/01/2021,LUK,OH,ASO,CE,Federal Contract Tower,0,11,9,0,20,0,0,6,0,6,0,11,15,0,26,0,0,0,26
01/02/2021,LUK,OH,ASO,CE,Federal Contract Tower,0,29,28,0,57,0,0,59,0,59,0,29,87,0,116,92,0,92,208
01/03/2021,LUK,OH,ASO,CE,Federal Contract Tower,0,28,60,0,88,0,0,24,0,24,0,28,84,0,112,56,0,56,168
01/04/2021,LUK,OH,ASO,CE,Federal Contract Tower,0,31,50,0,81,0,4,66,2,72,0,35,116,2,153,182,0,182,335
01/05/2021,LUK,OH,ASO,CE,Federal Contract Tower,0,17,33,0,50,0,0,0,0,0,0,17,33,0,50,6,0,6,56
01/06/2021,LUK,OH,ASO,CE,Federal Contract Tower,0,21,41,0,62,0,3,48,0,51,0,24,89,0,113,86,0,86,199
01/07/2021,LUK,OH,ASO,CE,Federal Contract Tower,0,22,37,7,66,0,2,71,2,75,0,24,108,9,141,114,0,114,255
01/08/2021,LUK,OH,ASO,CE,Federal Contract Tower,0,28,35,0,63,0,7,32,0,39,0,35,67,0,102,202,0,202,304
01/09/2021,LUK,OH,ASO,CE,Federal Contract Tower,0,17,41,0,58,0,3,94,0,97,0,20,135,0,155,170,0,170,325
01/10/2021,LUK,OH,ASO,CE,Federal Contract Tower,0,27,64,0,91,0,1,151,0,152,0,28,215,0,243,196,0,196,439
01/11/2021,LUK,OH,ASO,CE,Federal Contract Tower,0,35,23,0,58,0,4,38,0,42,0,39,61,0,100,162,0,162,262
01/12/2021,LUK,OH,ASO,CE,Federal Contract Tower,0,20,35,0,55,0,4,39,3,46,0,24,74,3,101,56,0,56,157
01/13/2021,LUK,OH,ASO,CE,Federal Contract Tower,0,22,59,0,81,0,9,89,2,100,0,31,148,2,181,102,0,102,283
01/14/2021,LUK,OH,ASO,CE,Federal Contract Tower,0,42,54,0,96,0,1,97,0,98,0,43,151,0,194,108,0,108,302
01/15/2021,LUK,OH,ASO,CE,Federal Contract Tower,0,19,32,0,51,0,3,41,0,44,0,22,73,0,95,54,0,54,149
01/16/2021,LUK,OH,ASO,CE,Federal Contract Tower,0,20,10,0,30,0,0,30,0,30,0,20,40,0,60,58,0,58,118
01/17/2021,LUK,OH,ASO,CE,Federal Contract Tower,0,15,12,0,27,0,0,0,0,0,0,15,12,0,27,0,0,0,27
01/18/2021,LUK,OH,ASO,CE,Federal Contract Tower,0,15,19,0,34,0,1,9,0,10,0,16,28,0,44,28,0,28,72
01/19/2021,LUK,OH,ASO,CE,Federal Contract Tower,0,37,38,0,75,0,12,83,0,95,0,49,121,0,170,96,0,96,266
01/20/2021,LUK,OH,ASO,CE,Federal Contract Tower,0,27,46,2,75,0,1,100,0,101,0,28,146,2,176,210,0,210,386
01/21/2021,LUK,OH,ASO,CE,Federal Contract Tower,0,25,57,0,82,0,6,80,1,87,0,31,137,1,169,160,0,160,329
01/22/2021,LUK,OH,ASO,CE,Federal Contract Tower,0,31,46,4,81,0,19,91,0,110,0,50,137,4,191,154,0,154,345
01/23/2021,LUK,OH,ASO,CE,Federal Contract Tower,0,9,38,0,47,0,6,126,0,132,0,15,164,0,179,207,0,207,386
01/24/2021,LUK,OH,ASO,CE,Federal Contract Tower,0,22,22,0,44,0,0,2,0,2,0,22,24,0,46,0,0,0,46
01/25/2021,LUK,OH,ASO,CE,Federal Contract Tower,0,23,22,0,45,0,0,0,0,0,0,23,22,0,45,0,0,0,45
01/26/2021,LUK,OH,ASO,CE,Federal Contract Tower,0,22,22,0,44,0,2,4,0,6,0,24,26,0,50,74,0,74,124
01/27/2021,LUK,OH,ASO,CE,Federal Contract Tower,0,35,25,0,60,0,2,34,0,36,0,37,59,0,96,112,0,112,208
01/28/2021,LUK,OH,ASO,CE,Federal Contract Tower,2,22,33,0,57,0,4,49,0,53,2,26,82,0,110,52,0,52,162
01/29/2021,LUK,OH,ASO,CE,Federal Contract Tower,1,18,57,0,76,0,2,131,0,133,1,20,188,0,209,166,0,166,375
01/30/2021,LUK,OH,ASO,CE,Federal Contract Tower,0,16,49,0,65,0,0,71,0,71,0,16,120,0,136,134,0,134,270
01/31/2021,LUK,OH,ASO,CE,Federal Contract Tower,0,23,27,0,50,0,0,0,0,0,0,23,27,0,50,0,0,0,50
02/01/2021,LUK,OH,ASO,CE,Federal Contract Tower,0,15,18,0,33,0,0,0,0,0,0,15,18,0,33,0,0,0,33
02/02/2021,LUK,OH,ASO,CE,Federal Contract Tower,0,34,37,0,71,0,9,42,0,51,0,43,79,0,122,86,0,86,208
02/03/2021,LUK,OH,ASO,CE,Federal Contract Tower,0,38,59,0,97,0,2,108,0,110,0,40,167,0,207,246,0,246,453
02/04/2021,LUK,OH,ASO,CE,Federal Contract Tower,0,36,43,0,79,0,1,24,0,25,0,37,67,0,104,72,0,72,176
02/05/2021,LUK,OH,ASO,CE,Federal Contract Tower,0,21,38,0,59,0,9,19,0,28,0,30,57,0,87,26,0,26,113
02/06/2021,LUK,OH,ASO,CE,Federal Contract Tower,0,24,42,0,66,0,10,130,0,140,0,34,172,0,206,150,0,150,356
02/07/2021,LUK,OH,ASO,CE,Federal Contract Tower,0,12,28,0,40,0,2,40,0,42,0,14,68,0,82,60,0,60,142
02/08/2021,LUK,OH,ASO,CE,Federal Contract Tower,0,14,46,0,60,0,0,75,0,75,0,14,121,0,135,150,0,150,285
02/09/2021,LUK,OH,ASO,CE,Federal Contract Tower,0,22,27,0,49,0,6,13,0,19,0,28,40,0,68,0,0,0,68
02/10/2021,LUK,OH,ASO,CE,Federal Contract Tower,0,20,31,0,51,0,0,0,0,0,0,20,31,0,51,0,0,0,51
02/11/2021,LUK,OH,ASO,CE,Federal Contract Tower,0,24,51,0,75,0,0,1,0,1,0,24,52,0,76,0,0,0,76
02/12/2021,LUK,OH,ASO,CE,Federal Contract Tower,0,19,63,0,82,0,0,67,0,67,0,19,130,0,149,60,0,60,209
02/13/2021,LUK,OH,ASO,CE,Federal Contract Tower,0,26,19,0,45,0,3,72,0,75,0,29,91,0,120,54,0,54,174
02/14/2021,LUK,OH,ASO,CE,Federal Contract Tower,0,23,29,0,52,0,0,57,0,57,0,23,86,0,109,0,0,0,109
02/15/2021,LUK,OH,ASO,CE,Federal Contract Tower,0,8,7,0,15,0,0,0,0,0,0,8,7,0,15,0,0,0,15
02/16/2021,LUK,OH,ASO,CE,Federal Contract Tower,0,19,33,0,52,0,4,3,0,7,0,23,36,0,59,0,0,0,59
02/17/2021,LUK,OH,ASO,CE,Federal Contract Tower,0,14,35,0,49,0,1,27,0,28,0,15,62,0,77,26,0,26,103
02/18/2021,LUK,OH,ASO,CE,Federal Contract Tower,0,6,23,0,29,0,0,3,0,3,0,6,26,0,32,0,0,0,32
02/19/2021,LUK,OH,ASO,CE,Federal Contract Tower,0,19,52,0,71,0,3,44,0,47,0,22,96,0,118,54,0,54,172
02/20/2021,LUK,OH,ASO,CE,Federal Contract Tower,0,14,48,0,62,0,0,102,4,106,0,14,150,4,168,196,4,200,368
02/21/2021,LUK,OH,ASO,CE,Federal Contract Tower,0,27,39,0,66,0,4,78,0,82,0,31,117,0,148,28,0,28,176
02/22/2021,LUK,OH,ASO,CE,Federal Contract Tower,0,19,29,0,48,0,0,12,0,12,0,19,41,0,60,38,0,38,98
02/23/2021,LUK,OH,ASO,CE,Federal Contract Tower,0,19,43,0,62,0,13,64,4,81,0,32,107,4,143,84,0,84,227
02/24/2021,LUK,OH,ASO,CE,Federal Contract Tower,0,34,57,0,91,0,6,40,0,46,0,40,97,0,137,48,0,48,185
02/25/2021,LUK,OH,ASO,CE,Federal Contract Tower,0,36,71,0,107,0,3,107,0,110,0,39,178,0,217,116,0,116,333
02/26/2021,LUK,OH,ASO,CE,Federal Contract Tower,0,25,66,0,91,0,6,49,0,55,0,31,115,0,146,82,0,82,228
02/27/2021,LUK,OH,ASO,CE,Federal Contract Tower,0,16,59,0,75,0,0,91,0,91,0,16,150,0,166,174,0,174,340
02/28/2021,LUK,OH,ASO,CE,Federal Contract Tower,0,30,27,0,57,0,0,6,0,6,0,30,33,0,63,0,0,0,63
03/01/2021,LUK,OH,ASO,CE,Federal Contract Tower,0,13,56,0,69,0,5,49,0,54,0,18,105,0,123,84,0,84,207
03/02/2021,LUK,OH,ASO,CE,Federal Contract Tower,0,25,45,0,70,0,14,100,0,114,0,39,145,0,184,162,0,162,346
03/03/2021,LUK,OH,ASO,CE,Federal Contract Tower,0,35,48,0,83,0,9,119,0,128,0,44,167,0,211,196,0,196,407
03/04/2021,LUK,OH,ASO,CE,Federal Contract Tower,0,30,62,0,92,0,16,114,0,130,0,46,176,0,222,186,0,186,408
03/05/2021,LUK,OH,ASO,CE,Federal Contract Tower,0,26,47,1,74,0,6,91,0,97,0,32,138,1,171,168,0,168,339
03/06/2021,LUK,OH,ASO,CE,Federal Contract Tower,0,19,41,0,60,0,1,112,0,113,0,20,153,0,173,160,0,160,333
03/07/2021,LUK,OH,ASO,CE,Federal Contract Tower,0,30,66,0,96,0,2,104,0,106,0,32,170,0,202,128,0,128,330
03/08/2021,LUK,OH,ASO,CE,Federal Contract Tower,0,16,44,6,66,0,1,71,1,73,0,17,115,7,139,130,0,130,269
03/09/2021,LUK,OH,ASO,CE,Federal Contract Tower,0,27,69,1,97,0,10,76,1,87,0,37,145,2,184,82,0,82,266
03/10/2021,LUK,OH,ASO,CE,Federal Contract Tower,0,26,58,0,84,0,3,38,0,41,0,29,96,0,125,24,0,24,149
03/11/2021,LUK,OH,ASO,CE,Federal Contract Tower,0,19,43,3,65,0,2,18,0,20,0,21,61,3,85,18,0,18,103
03/12/2021,LUK,OH,ASO,CE,Federal Contract Tower,0,23,51,0,74,0,14,100,0,114,0,37,151,0,188,122,0,122,310
03/13/2021,LUK,OH,ASO,CE,Federal Contract Tower,0,25,52,0,77,0,8,134,0,142,0,33,186,0,219,188,0,188,407
03/14/2021,LUK,OH,ASO,CE,Federal Contract Tower,0,18,46,0,64,0,2,84,0,86,0,20,130,0,150,62,0,62,212
03/15/2021,LUK,OH,ASO,CE,Federal Contract Tower,0,17,25,0,42,0,0,5,0,5,0,17,30,0,47,0,0,0,47
03/16/2021,LUK,OH,ASO,CE,Federal Contract Tower,0,20,47,0,67,0,0,5,0,5,0,20,52,0,72,18,0,18,90
03/17/2021,LUK,OH,ASO,CE,Federal Contract Tower,0,25,32,0,57,0,5,28,0,33,0,30,60,0,90,92,0,92,182
03/18/2021,LUK,OH,ASO,CE,Federal Contract Tower,0,29,26,0,55,0,0,0,0,0,0,29,26,0,55,0,0,0,55
03/19/2021,LUK,OH,ASO,CE,Federal Contract Tower,0,31,67,0,98,0,0,65,0,65,0,31,132,0,163,34,0,34,197
03/20/2021,LUK,OH,ASO,CE,Federal Contract Tower,0,19,53,2,74,0,0,126,2,128,0,19,179,4,202,176,24,200,402
03/21/2021,LUK,OH,ASO,CE,Federal Contract Tower,0,23,71,6,100,0,3,130,0,133,0,26,201,6,233,122,10,132,365
03/22/2021,LUK,OH,ASO,CE,Federal Contract Tower,0,22,56,0,78,0,4,79,0,83,0,26,135,0,161,170,0,170,331
03/23/2021,LUK,OH,ASO,CE,Federal Contract Tower,0,18,55,0,73,0,7,53,0,60,0,25,108,0,133,56,0,56,189
03/24/2021,LUK,OH,ASO,CE,Federal Contract Tower,0,28,46,1,75,0,2,28,0,30,0,30,74,1,105,50,0,50,155
03/25/2021,LUK,OH,ASO,CE,Federal Contract Tower,0,34,38,0,72,0,2,27,0,29,0,36,65,0,101,0,0,0,101
03/26/2021,LUK,OH,ASO,CE,Federal Contract Tower,0,20,60,0,80,0,0,50,0,50,0,20,110,0,130,70,0,70,200
03/27/2021,LUK,OH,ASO,CE,Federal Contract Tower,0,27,68,0,95,0,2,127,0,129,0,29,195,0,224,102,0,102,326
03/28/2021,LUK,OH,ASO,CE,Federal Contract Tower,0,28,30,0,58,0,0,4,0,4,0,28,34,0,62,8,0,8,70
03/29/2021,LUK,OH,ASO,CE,Federal Contract Tower,0,19,48,0,67,0,6,105,0,111,0,25,153,0,178,152,0,152,330
03/30/2021,LUK,OH,ASO,CE,Federal Contract Tower,0,16,54,0,70,0,13,31,0,44,0,29,85,0,114,58,0,58,172
03/31/2021,LUK,OH,ASO,CE,Federal Contract Tower,0,19,40,0,59,0,10,45,0,55,0,29,85,0,114,44,0,44,158
04/01/2021,LUK,OH,ASO,CE,Federal Contract Tower,0,18,69,4,91,0,4,42,0,46,0,22,111,4,137,74,0,74,211
04/02/2021,LUK,OH,ASO,CE,Federal Contract Tower,0,29,76,0,105,0,4,135,0,139,0,33,211,0,244,196,0,196,440
04/03/2021,LUK,OH,ASO,CE,Federal Contract Tower,0,27,60,0,87,0,2,143,6,151,0,29,203,6,238,220,0,220,458
04/04/2021,LUK,OH,ASO,CE,Federal Contract Tower,0,29,46,0,75,0,5,68,0,73,0,34,114,0,148,96,0,96,244
04/05/2021,LUK,OH,ASO,CE,Federal Contract Tower,0,32,61,0,93,0,4,97,1,102,0,36,158,1,195,164,0,164,359
04/06/2021,LUK,OH,ASO,CE,Federal Contract Tower,0,21,66,0,87,0,3,85,0,88,0,24,151,0,175,146,0,146,321
04/07/2021,LUK,OH,ASO,CE,Federal Contract Tower,0,34,42,0,76,0,1,66,4,71,0,35,108,4,147,126,0,126,273
04/08/2021,LUK,OH,ASO,CE,Federal Contract Tower,0,27,46,0,73,0,0,22,0,22,0,27,68,0,95,46,0,46,141
04/09/2021,LUK,OH,ASO,CE,Federal Contract Tower,0,34,57,0,91,0,1,57,0,58,0,35,114,0,149,16,0,16,165
04/10/2021,LUK,OH,ASO,CE,Federal Contract Tower,0,18,37,0,55,0,0,17,0,17,0,18,54,0,72,18,0,18,90
04/11/2021,LUK,OH,ASO,CE,Federal Contract Tower,0,13,50,0,63,0,0,2,0,2,0,13,52,0,65,0,0,0,65
04/12/2021,LUK,OH,ASO,CE,Federal Contract Tower,0,15,64,0,79,0,3,28,0,31,0,18,92,0,110,66,0,66,176
04/13/2021,LUK,OH,ASO,CE,Federal Contract Tower,0,38,74,0,112,0,1,61,2,64,0,39,135,2,176,118,0,118,294
04/14/2021,LUK,OH,ASO,CE,Federal Contract Tower,0,26,66,0,92,0,2,85,0,87,0,28,151,0,179,118,0,118,297
04/15/2021,LUK,OH,ASO,CE,Federal Contract Tower,0,35,73,0,108,0,10,104,0,114,0,45,177,0,222,186,0,186,408
04/16/2021,LUK,OH,ASO,CE,Federal Contract Tower,0,34,48,0,82,0,11,108,0,119,0,45,156,0,201,210,0,210,411
04/17/2021,LUK,OH,ASO,CE,Federal Contract Tower,0,23,56,16,95,0,2,94,0,96,0,25,150,16,191,162,0,162,353
04/18/2021,LUK,OH,ASO,CE,Federal Contract Tower,0,22,71,0,93,0,0,140,0,140,0,22,211,0,233,144,0,144,377
04/19/2021,LUK,OH,ASO,CE,Federal Contract Tower,0,32,45,0,77,0,6,76,0,82,0,38,121,0,159,106,0,106,265
04/20/2021,LUK,OH,ASO,CE,Federal Contract Tower,0,31,49,1,81,0,0,73,0,73,0,31,122,1,154,100,0,100,254
04/21/2021,LUK,OH,ASO,CE,Federal Contract Tower,0,25,67,1,93,0,3,17,0,20,0,28,84,1,113,66,0,66,179
04/22/2021,LUK,OH,ASO,CE,Federal Contract Tower,0,26,76,4,106,0,10,92,1,103,0,36,168,5,209,150,0,150,359
04/23/2021,LUK,OH,ASO,CE,Federal Contract Tower,1,32,82,0,115,0,8,107,0,115,1,40,189,0,230,172,0,172,402
04/24/2021,LUK,OH,ASO,CE,Federal Contract Tower,2,14,29,0,45,0,4,37,0,41,2,18,66,0,86,46,0,46,132
04/25/2021,LUK,OH,ASO,CE,Federal Contract Tower,0,33,66,0,99,0,5,74,0,79,0,38,140,0,178,98,0,98,276
04/26/2021,LUK,OH,ASO,CE,Federal Contract Tower,0,21,56,0,77,0,5,107,0,112,0,26,163,0,189,176,0,176,365
04/27/2021,LUK,OH,ASO,CE,Federal Contract Tower,0,27,53,0,80,0,10,57,2,69,0,37,110,2,149,56,14,70,219
04/28/2021,LUK,OH,ASO,CE,Federal Contract Tower,0,27,51,0,78,0,7,28,0,35,0,34,79,0,113,100,0,100,213
04/29/2021,LUK,OH,ASO,CE,Federal Contract Tower,0,39,57,0,96,0,2,7,0,9,0,41,64,0,105,16,0,16,121
04/30/2021,LUK,OH,ASO,CE,Federal Contract Tower,0,39,60,4,103,0,18,50,0,68,0,57,110,4,171,46,0,46,217
05/01/2021,LUK,OH,ASO,CE,Federal Contract Tower,0,25,56,0,81,0,13,171,0,184,0,38,227,0,265,188,0,188,453
05/02/2021,LUK,OH,ASO,CE,Federal Contract Tower,0,27,58,4,89,0,0,89,0,89,0,27,147,4,178,120,0,120,298
05/03/2021,LUK,OH,ASO,CE,Federal Contract Tower,0,20,31,0,51,0,9,27,0,36,0,29,58,0,87,32,0,32,119
05/04/2021,LUK,OH,ASO,CE,Federal Contract Tower,0,28,28,0,56,0,0,7,0,7,0,28,35,0,63,38,0,38,101
05/05/2021,LUK,OH,ASO,CE,Federal Contract Tower,0,49,70,0,119,0,2,60,0,62,0,51,130,0,181,134,0,134,315
05/06/2021,LUK,OH,ASO,CE,Federal Contract Tower,0,35,44,0,79,0,4,102,0,106,0,39,146,0,185,182,0,182,367
05/07/2021,LUK,OH,ASO,CE,Federal Contract Tower,0,30,49,0,79,0,3,71,0,74,0,33,120,0,153,88,0,88,241
05/08/2021,LUK,OH,ASO,CE,Federal Contract Tower,0,22,54,0,76,0,2,141,0,143,0,24,195,0,219,192,0,192,411
05/09/2021,LUK,OH,ASO,CE,Federal Contract Tower,0,25,21,0,46,0,0,0,0,0,0,25,21,0,46,0,0,0,46
05/10/2021,LUK,OH,ASO,CE,Federal Contract Tower,0,28,56,0,84,0,4,79,0,83,0,32,135,0,167,122,0,122,289
05/11/2021,LUK,OH,ASO,CE,Federal Contract Tower,0,32,74,0,106,0,4,112,0,116,0,36,186,0,222,144,0,144,366
05/12/2021,LUK,OH,ASO,CE,Federal Contract Tower,0,49,46,0,95,0,20,94,0,114,0,69,140,0,209,82,0,82,291
05/13/2021,LUK,OH,ASO,CE,Federal Contract Tower,0,30,57,4,91,0,4,132,0,136,0,34,189,4,227,248,0,248,475
05/14/2021,LUK,OH,ASO,CE,Federal Contract Tower,0,47,66,0,113,0,10,130,0,140,0,57,196,0,253,204,0,204,457
05/15/2021,LUK,OH,ASO,CE,Federal Contract Tower,1,25,79,0,105,0,6,123,6,135,1,31,202,6,240,122,0,122,362
05/16/2021,LUK,OH,ASO,CE,Federal Contract Tower,1,35,67,0,103,0,2,71,0,73,1,37,138,0,176,40,0,40,216
05/17/2021,LUK,OH,ASO,CE,Federal Contract Tower,0,30,50,0,80,0,4,8,0,12,0,34,58,0,92,30,0,30,122
05/18/2021,LUK,OH,ASO,CE,Federal Contract Tower,0,30,55,0,85,0,2,55,0,57,0,32,110,0,142,162,0,162,304
05/19/2021,LUK,OH,ASO,CE,Federal Contract Tower,0,31,72,0,103,0,9,84,2,95,0,40,156,2,198,178,0,178,376
05/20/2021,LUK,OH,ASO,CE,Federal Contract Tower,0,39,83,0,122,0,14,110,0,124,0,53,193,0,246,200,0,200,446
05/21/2021,LUK,OH,ASO,CE,Federal Contract Tower,2,45,63,0,110,0,9,94,0,103,2,54,157,0,213,132,0,132,345
05/22/2021,LUK,OH,ASO,CE,Federal Contract Tower,2,20,75,1,98,0,4,125,0,129,2,24,200,1,227,180,0,180,407
05/23/2021,LUK,OH,ASO,CE,Federal Contract Tower,0,30,77,0,107,0,4,107,0,111,0,34,184,0,218,106,0,106,324
05/24/2021,LUK,OH,ASO,CE,Federal Contract Tower,0,37,56,0,93,0,7,73,0,80,0,44,129,0,173,126,0,126,299
05/25/2021,LUK,OH,ASO,CE,Federal Contract Tower,0,45,45,0,90,0,18,72,0,90,0,63,117,0,180,166,0,166,346
05/26/2021,LUK,OH,ASO,CE,Federal Contract Tower,0,39,57,0,96,0,2,17,0,19,0,41,74,0,115,32,0,32,147
05/27/2021,LUK,OH,ASO,CE,Federal Contract Tower,0,46,63,0,109,0,3,69,0,72,0,49,132,0,181,180,0,180,361
05/28/2021,LUK,OH,ASO,CE,Federal Contract Tower,1,36,81,0,118,0,0,14,0,14,1,36,95,0,132,44,0,44,176
05/29/2021,LUK,OH,ASO,CE,Federal Contract Tower,1,17,36,0,54,0,6,56,0,62,1,23,92,0,116,78,0,78,194
05/30/2021,LUK,OH,ASO,CE,Federal Contract Tower,0,13,35,0,48,0,0,103,0,103,0,13,138,0,151,124,0,124,275
05/31/2021,LUK,OH,ASO,CE,Federal Contract Tower,0,28,84,0,112,0,8,90,0,98,0,36,174,0,210,290,0,290,500
06/01/2021,LUK,OH,ASO,CE,Federal Contract Tower,0,37,78,0,115,0,1,110,0,111,0,38,188,0,226,252,0,252,478
06/02/2021,LUK,OH,ASO,CE,Federal Contract Tower,0,40,49,0,89,0,0,0,0,0,0,40,49,0,89,0,0,0,89
06/03/2021,LUK,OH,ASO,CE,Federal Contract Tower,0,37,52,0,89,0,0,7,0,7,0,37,59,0,96,12,0,12,108
06/04/2021,LUK,OH,ASO,CE,Federal Contract Tower,0,50,83,0,133,0,4,145,0,149,0,54,228,0,282,276,0,276,558
06/05/2021,LUK,OH,ASO,CE,Federal Contract Tower,0,35,59,0,94,0,12,202,0,214,0,47,261,0,308,278,0,278,586
06/06/2021,LUK,OH,ASO,CE,Federal Contract Tower,0,45,53,0,98,0,5,97,0,102,0,50,150,0,200,96,0,96,296
06/07/2021,LUK,OH,ASO,CE,Federal Contract Tower,0,26,48,0,74,0,8,39,0,47,0,34,87,0,121,152,0,152,273
06/08/2021,LUK,OH,ASO,CE,Federal Contract Tower,0,40,51,0,91,0,3,67,0,70,0,43,118,0,161,162,0,162,323
06/09/2021,LUK,OH,ASO,CE,Federal Contract Tower,0,38,56,0,94,0,5,3,0,8,0,43,59,0,102,4,0,4,106
06/10/2021,LUK,OH,ASO,CE,Federal Contract Tower,0,41,44,2,87,0,1,64,0,65,0,42,108,2,152,166,0,166,318
06/11/2021,LUK,OH,ASO,CE,Federal Contract Tower,0,42,55,2,99,0,1,57,0,58,0,43,112,2,157,138,0,138,295
06/12/2021,LUK,OH,ASO,CE,Federal Contract Tower,0,38,50,2,90,0,5,111,0,116,0,43,161,2,206,154,0,154,360
06/13/2021,LUK,OH,ASO,CE,Federal Contract Tower,0,45,63,0,108,0,7,90,0,97,0,52,153,0,205,142,0,142,347
06/14/2021,LUK,OH,ASO,CE,Federal Contract Tower,0,39,68,0,107,0,5,94,0,99,0,44,162,0,206,206,0,206,412
06/15/2021,LUK,OH,ASO,CE,Federal Contract Tower,0,55,87,0,142,0,1,120,0,121,0,56,207,0,263,164,0,164,427
06/16/2021,LUK,OH,ASO,CE,Federal Contract Tower,0,37,80,0,117,0,5,137,0,142,0,42,217,0,259,204,0,204,463
06/17/2021,LUK,OH,ASO,CE,Federal Contract Tower,0,26,62,0,88,0,6,109,0,115,0,32,171,0,203,162,0,162,365
06/18/2021,LUK,OH,ASO,CE,Federal Contract Tower,1,29,61,0,91,0,0,0,0,0,1,29,61,0,91,120,0,120,211
06/19/2021,LUK,OH,ASO,CE,Federal Contract Tower,0,32,53,0,85,0,10,70,0,80,0,42,123,0,165,52,0,52,217
06/20/2021,LUK,OH,ASO,CE,Federal Contract Tower,0,32,61,0,93,0,2,139,0,141,0,34,200,0,234,52,0,52,286
06/21/2021,LUK,OH,ASO,CE,Federal Contract Tower,1,43,49,0,93,0,5,29,0,34,1,48,78,0,127,68,0,68,195
06/22/2021,LUK,OH,ASO,CE,Federal Contract Tower,1,56,72,0,129,0,14,94,0,108,1,70,166,0,237,150,0,150,387
06/23/2021,LUK,OH,ASO,CE,Federal Contract Tower,0,26,77,0,103,0,10,93,0,103,0,36,170,0,206,142,0,142,348
06/24/2021,LUK,OH,ASO,CE,Federal Contract Tower,0,41,52,1,94,0,2,81,0,83,0,43,133,1,177,114,0,114,291
06/25/2021,LUK,OH,ASO,CE,Federal Contract Tower,0,56,70,0,126,0,9,76,0,85,0,65,146,0,211,180,0,180,391
06/26/2021,LUK,OH,ASO,CE,Federal Contract Tower,0,28,55,0,83,0,5,125,0,130,0,33,180,0,213,88,0,88,301
06/27/2021,LUK,OH,ASO,CE,Federal Contract Tower,1,29,71,0,101,0,4,116,0,120,1,33,187,0,221,128,0,128,349
06/28/2021,LUK,OH,ASO,CE,Federal Contract Tower,0,38,80,0,118,0,4,102,0,106,0,42,182,0,224,132,0,132,356
06/29/2021,LUK,OH,ASO,CE,Federal Contract Tower,0,49,48,0,97,0,1,63,0,64,0,50,111,0,161,126,0,126,287
06/30/2021,LUK,OH,ASO,CE,Federal Contract Tower,0,43,59,0,102,0,2,48,0,50,0,45,107,0,152,190,0,190,342
07/01/2021,LUK,OH,ASO,CE,Federal Contract Tower,0,54,64,0,118,0,3,16,0,19,0,57,80,0,137,34,0,34,171
07/02/2021,LUK,OH,ASO,CE,Federal Contract Tower,1,52,89,0,142,0,9,121,0,130,1,61,210,0,272,146,0,146,418
07/03/2021,LUK,OH,ASO,CE,Federal Contract Tower,0,16,52,0,68,0,3,109,0,112,0,19,161,0,180,156,0,156,336
07/04/2021,LUK,OH,ASO,CE,Federal Contract Tower,0,11,35,0,46,0,7,72,0,79,0,18,107,0,125,32,0,32,157
07/05/2021,LUK,OH,ASO,CE,Federal Contract Tower,0,42,59,0,101,0,5,72,0,77,0,47,131,0,178,88,0,88,266
07/06/2021,LUK,OH,ASO,CE,Federal Contract Tower,0,44,52,0,96,0,6,114,0,120,0,50,166,0,216,162,0,162,378
07/07/2021,LUK,OH,ASO,CE,Federal Contract Tower,0,40,66,0,106,0,4,62,0,66,0,44,128,0,172,76,0,76,248
07/08/2021,LUK,OH,ASO,CE,Federal Contract Tower,0,34,61,0,95,0,0,29,0,29,0,34,90,0,124,30,0,30,154
07/09/2021,LUK,OH,ASO,CE,Federal Contract Tower,0,34,68,0,102,0,6,112,0,118,0,40,180,0,220,184,0,184,404
07/10/2021,LUK,OH,ASO,CE,Federal Contract Tower,0,37,44,0,81,0,0,36,0,36,0,37,80,0,117,84,0,84,201
07/11/2021,LUK,OH,ASO,CE,Federal Contract Tower,0,36,53,0,89,0,2,16,0,18,0,38,69,0,107,28,0,28,135
07/12/2021,LUK,OH,ASO,CE,Federal Contract Tower,0,40,55,0,95,0,1,19,0,20,0,41,74,0,115,90,0,90,205
07/13/2021,LUK,OH,ASO,CE,Federal Contract Tower,0,51,47,0,98,0,0,16,0,16,0,51,63,0,114,34,0,34,148
07/14/2021,LUK,OH,ASO,CE,Federal Contract Tower,0,47,80,0,127,0,5,113,0,118,0,52,193,0,245,150,0,150,395
07/15/2021,LUK,OH,ASO,CE,Federal Contract Tower,0,48,64,0,112,0,3,114,0,117,0,51,178,0,229,224,0,224,453
07/16/2021,LUK,OH,ASO,CE,Federal Contract Tower,1,46,41,0,88,0,0,38,0,38,1,46,79,0,126,84,0,84,210
07/17/2021,LUK,OH,ASO,CE,Federal Contract Tower,0,34,49,0,83,0,0,98,0,98,0,34,147,0,181,146,0,146,327
07/18/2021,LUK,OH,ASO,CE,Federal Contract Tower,2,39,68,1,110,0,0,176,1,177,2,39,244,2,287,168,0,168,455
07/19/2021,LUK,OH,ASO,CE,Federal Contract Tower,0,45,84,3,132,0,7,127,2,136,0,52,211,5,268,232,0,232,500
07/20/2021,LUK,OH,ASO,CE,Federal Contract Tower,0,48,78,0,126,0,6,117,1,124,0,54,195,1,250,270,0,270,520
07/21/2021,LUK,OH,ASO,CE,Federal Contract Tower,6,62,81,0,149,0,1,33,0,34,6,63,114,0,183,144,0,144,327
07/22/2021,LUK,OH,ASO,CE,Federal Contract Tower,1,50,102,1,154,0,8,168,0,176,1,58,270,1,330,186,0,186,516
07/23/2021,LUK,OH,ASO,CE,Federal Contract Tower,1,40,91,0,132,0,3,145,0,148,1,43,236,0,280,198,0,198,478
07/24/2021,LUK,OH,ASO,CE,Federal Contract Tower,0,29,52,0,81,0,3,130,0,133,0,32,182,0,214,112,0,112,326
07/25/2021,LUK,OH,ASO,CE,Federal Contract Tower,2,34,60,0,96,0,2,66,0,68,2,36,126,0,164,126,0,126,290
07/26/2021,LUK,OH,ASO,CE,Federal Contract Tower,0,38,79,0,117,0,3,78,0,81,0,41,157,0,198,158,0,158,356
07/27/2021,LUK,OH,ASO,CE,Federal Contract Tower,0,37,60,0,97,0,9,78,1,88,0,46,138,1,185,198,0,198,383
07/28/2021,LUK,OH,ASO,CE,Federal Contract Tower,0,35,97,0,132,0,1,91,0,92,0,36,188,0,224,76,0,76,300
07/29/2021,LUK,OH,ASO,CE,Federal Contract Tower,0,48,73,2,123,0,0,30,0,30,0,48,103,2,153,6,0,6,159
07/30/2021,LUK,OH,ASO,CE,Federal Contract Tower,0,39,61,0,100,0,9,66,0,75,0,48,127,0,175,62,0,62,237
07/31/2021,LUK,OH,ASO,CE,Federal Contract Tower,0,32,56,0,88,0,2,101,0,103,0,34,157,0,191,80,0,80,271
08/01/2021,LUK,OH,ASO,CE,Federal Contract Tower,0,42,79,0,121,0,11,73,0,84,0,53,152,0,205,56,0,56,261
08/02/2021,LUK,OH,ASO,CE,Federal Contract Tower,0,48,45,0,93,0,11,82,0,93,0,59,127,0,186,122,0,122,308
08/03/2021,LUK,OH,ASO,CE,Federal Contract Tower,1,30,48,0,79,0,4,98,0,102,1,34,146,0,181,118,0,118,299
08/05/2021,LUK,OH,ASO,CE,Federal Contract Tower,0,53,108,6,167,0,16,136,3,155,0,69,244,9,322,112,0,112,434
08/06/2021,LUK,OH,ASO,CE,Federal Contract Tower,0,40,66,0,106,0,3,99,0,102,0,43,165,0,208,138,0,138,346
08/07/2021,LUK,OH,ASO,CE,Federal Contract Tower,0,18,55,0,73,0,6,97,0,103,0,24,152,0,176,78,0,78,254
08/08/2021,LUK,OH,ASO,CE,Federal Contract Tower,0,35,56,0,91,0,0,89,0,89,0,35,145,0,180,120,0,120,300
08/09/2021,LUK,OH,ASO,CE,Federal Contract Tower,0,28,81,0,109,0,8,51,0,59,0,36,132,0,168,50,0,50,218
08/10/2021,LUK,OH,ASO,CE,Federal Contract Tower,0,51,54,0,105,0,4,53,0,57,0,55,107,0,162,116,0,116,278
08/11/2021,LUK,OH,ASO,CE,Federal Contract Tower,0,49,81,0,130,0,9,126,2,137,0,58,207,2,267,238,0,238,505
08/12/2021,LUK,OH,ASO,CE,Federal Contract Tower,0,48,78,0,126,0,4,116,0,120,0,52,194,0,246,196,0,196,442
08/13/2021,LUK,OH,ASO,CE,Federal Contract Tower,0,36,62,0,98,0,8,61,0,69,0,44,123,0,167,98,0,98,265
08/14/2021,LUK,OH,ASO,CE,Federal Contract Tower,0,27,53,0,80,0,7,108,0,115,0,34,161,0,195,138,0,138,333
08/15/2021,LUK,OH,ASO,CE,Federal Contract Tower,0,44,48,0,92,0,1,89,0,90,0,45,137,0,182,174,0,174,356
08/16/2021,LUK,OH,ASO,CE,Federal Contract Tower,0,59,39,0,98,0,3,13,0,16,0,62,52,0,114,54,0,54,168
08/17/2021,LUK,OH,ASO,CE,Federal Contract Tower,0,54,45,2,101,0,1,14,0,15,0,55,59,2,116,12,0,12,128
08/18/2021,LUK,OH,ASO,CE,Federal Contract Tower,1,52,77,0,130,0,1,77,0,78,1,53,154,0,208,114,0,114,322
08/19/2021,LUK,OH,ASO,CE,Federal Contract Tower,2,46,60,0,108,0,2,51,0,53,2,48,111,0,161,74,0,74,235
08/20/2021,LUK,OH,ASO,CE,Federal Contract Tower,1,58,63,0,122,0,13,107,0,120,1,71,170,0,242,196,0,196,438
08/21/2021,LUK,OH,ASO,CE,Federal Contract Tower,0,16,40,0,56,0,2,95,0,97,0,18,135,0,153,40,0,40,193
08/22/2021,LUK,OH,ASO,CE,Federal Contract Tower,0,31,74,0,105,0,18,106,0,124,0,49,180,0,229,84,0,84,313
08/23/2021,LUK,OH,ASO,CE,Federal Contract Tower,0,40,58,0,98,0,13,70,0,83,0,53,128,0,181,141,0,141,322
08/24/2021,LUK,OH,ASO,CE,Federal Contract Tower,0,29,77,2,108,0,16,80,2,98,0,45,157,4,206,118,0,118,324
08/25/2021,LUK,OH,ASO,CE,Federal Contract Tower,0,45,49,0,94,0,11,57,0,68,0,56,106,0,162,126,0,126,288
08/26/2021,LUK,OH,ASO,CE,Federal Contract Tower,0,33,60,0,93,0,8,54,0,62,0,41,114,0,155,70,0,70,225
08/27/2021,LUK,OH,ASO,CE,Federal Contract Tower,0,46,82,0,128,0,6,79,0,85,0,52,161,0,213,154,0,154,367
08/28/2021,LUK,OH,ASO,CE,Federal Contract Tower,0,21,43,0,64,0,13,136,0,149,0,34,179,0,213,250,0,250,463
08/29/2021,LUK,OH,ASO,CE,Federal Contract Tower,0,41,56,0,97,0,5,106,0,111,0,46,162,0,208,118,0,118,326
08/30/2021,LUK,OH,ASO,CE,Federal Contract Tower,0,40,41,0,81,0,0,5,0,5,0,40,46,0,86,20,0,20,106
08/31/2021,LUK,OH,ASO,CE,Federal Contract Tower,0,22,44,0,66,0,0,4,0,4,0,22,48,0,70,0,0,0,70
09/01/2021,LUK,OH,ASO,CE,Federal Contract Tower,0,46,57,0,103,0,2,83,0,85,0,48,140,0,188,204,0,204,392
09/02/2021,LUK,OH,ASO,CE,Federal Contract Tower,0,50,92,0,142,0,9,132,0,141,0,59,224,0,283,184,0,184,467
09/03/2021,LUK,OH,ASO,CE,Federal Contract Tower,2,64,83,0,149,0,7,140,0,147,2,71,223,0,296,190,0,190,486
09/04/2021,LUK,OH,ASO,CE,Federal Contract Tower,1,22,47,0,70,0,13,255,0,268,1,35,302,0,338,170,0,170,508
09/05/2021,LUK,OH,ASO,CE,Federal Contract Tower,1,27,33,2,63,0,3,274,0,277,1,30,307,2,340,6,0,6,346
09/06/2021,LUK,OH,ASO,CE,Federal Contract Tower,0,27,92,0,119,0,8,142,0,150,0,35,234,0,269,80,0,80,349
09/07/2021,LUK,OH,ASO,CE,Federal Contract Tower,0,28,63,0,91,0,9,73,0,82,0,37,136,0,173,102,0,102,275
09/08/2021,LUK,OH,ASO,CE,Federal Contract Tower,0,40,68,0,108,0,13,64,0,77,0,53,132,0,185,204,0,204,389
09/09/2021,LUK,OH,ASO,CE,Federal Contract Tower,0,50,75,2,127,0,5,106,1,112,0,55,181,3,239,126,0,126,365
09/10/2021,LUK,OH,ASO,CE,Federal Contract Tower,2,56,79,0,137,0,3,103,0,106,2,59,182,0,243,140,0,140,383
09/11/2021,LUK,OH,ASO,CE,Federal Contract Tower,1,25,63,0,89,0,5,109,0,114,1,30,172,0,203,106,0,106,309
09/12/2021,LUK,OH,ASO,CE,Federal Contract Tower,0,44,69,0,113,0,3,78,0,81,0,47,147,0,194,30,0,30,224
09/13/2021,LUK,OH,ASO,CE,Federal Contract Tower,0,46,60,0,106,0,8,75,0,83,0,54,135,0,189,108,0,108,297
09/14/2021,LUK,OH,ASO,CE,Federal Contract Tower,2,48,82,0,132,0,4,77,0,81,2,52,159,0,213,124,0,124,337
09/15/2021,LUK,OH,ASO,CE,Federal Contract Tower,0,72,65,0,137,0,1,26,0,27,0,73,91,0,164,64,0,64,228
09/16/2021,LUK,OH,ASO,CE,Federal Contract Tower,0,36,80,0,116,0,0,66,0,66,0,36,146,0,182,196,0,196,378
09/17/2021,LUK,OH,ASO,CE,Federal Contract Tower,1,53,87,1,142,0,2,103,0,105,1,55,190,1,247,54,0,54,301
09/18/2021,LUK,OH,ASO,CE,Federal Contract Tower,1,30,71,0,102,0,3,95,0,98,1,33,166,0,200,50,0,50,250
09/19/2021,LUK,OH,ASO,CE,Federal Contract Tower,0,44,82,0,126,0,5,101,0,106,0,49,183,0,232,158,0,158,390
09/20/2021,LUK,OH,ASO,CE,Federal Contract Tower,0,45,66,0,111,0,2,16,0,18,0,47,82,0,129,26,0,26,155
09/22/2021,LUK,OH,ASO,CE,Federal Contract Tower,0,49,57,0,106,0,0,0,0,0,0,49,57,0,106,0,0,0,106
09/23/2021,LUK,OH,ASO,CE,Federal Contract Tower,0,61,101,1,163,0,9,85,0,94,0,70,186,1,257,90,0,90,347
09/24/2021,LUK,OH,ASO,CE,Federal Contract Tower,2,40,98,0,140,0,7,146,0,153,2,47,244,0,293,206,0,206,499
09/25/2021,LUK,OH,ASO,CE,Federal Contract Tower,0,22,54,0,76,0,0,72,0,72,0,22,126,0,148,136,0,136,284
09/26/2021,LUK,OH,ASO,CE,Federal Contract Tower,0,34,72,0,106,0,6,143,0,149,0,40,215,0,255,192,0,192,447
09/27/2021,LUK,OH,ASO,CE,Federal Contract Tower,0,40,66,0,106,0,5,74,0,79,0,45,140,0,185,16,0,16,201
09/28/2021,LUK,OH,ASO,CE,Federal Contract Tower,2,52,59,0,113,0,4,69,0,73,2,56,128,0,186,130,0,130,316
09/29/2021,LUK,OH,ASO,CE,Federal Contract Tower,0,49,87,0,136,0,8,97,0,105,0,57,184,0,241,160,0,160,401
09/30/2021,LUK,OH,ASO,CE,Federal Contract Tower,0,65,109,0,174,0,2,91,0,93,0,67,200,0,267,162,0,162,429
10/01/2021,LUK,OH,ASO,CE,Federal Contract Tower,2,39,83,0,124,0,4,112,0,116,2,43,195,0,240,102,0,102,342
10/02/2021,LUK,OH,ASO,CE,Federal Contract Tower,1,41,77,0,119,0,2,95,0,97,1,43,172,0,216,182,0,182,398
10/03/2021,LUK,OH,ASO,CE,Federal Contract Tower,0,50,67,0,117,0,0,8,0,8,0,50,75,0,125,6,0,6,131
10/04/2021,LUK,OH,ASO,CE,Federal Contract Tower,0,44,54,0,98,0,1,17,0,18,0,45,71,0,116,24,0,24,140
10/05/2021,LUK,OH,ASO,CE,Federal Contract Tower,0,36,59,0,95,0,1,51,0,52,0,37,110,0,147,56,0,56,203
10/06/2021,LUK,OH,ASO,CE,Federal Contract Tower,0,63,75,0,138,0,6,38,0,44,0,69,113,0,182,116,0,116,298
10/07/2021,LUK,OH,ASO,CE,Federal Contract Tower,0,57,51,3,111,0,21,53,1,75,0,78,104,4,186,174,0,174,360
10/08/2021,LUK,OH,ASO,CE,Federal Contract Tower,1,32,60,0,93,0,0,54,0,54,1,32,114,0,147,70,0,70,217
10/09/2021,LUK,OH,ASO,CE,Federal Contract Tower,0,23,70,0,93,0,1,131,0,132,0,24,201,0,225,110,0,110,335
10/10/2021,LUK,OH,ASO,CE,Federal Contract Tower,0,44,66,0,110,0,3,115,0,118,0,47,181,0,228,116,0,116,344
10/11/2021,LUK,OH,ASO,CE,Federal Contract Tower,0,50,83,0,133,0,8,63,0,71,0,58,146,0,204,62,0,62,266
10/12/2021,LUK,OH,ASO,CE,Federal Contract Tower,0,35,78,0,113,0,16,77,0,93,0,51,155,0,206,196,0,196,402
10/13/2021,LUK,OH,ASO,CE,Federal Contract Tower,0,39,63,0,102,0,6,66,0,72,0,45,129,0,174,108,0,108,282
10/14/2021,LUK,OH,ASO,CE,Federal Contract Tower,0,51,92,0,143,0,5,103,0,108,0,56,195,0,251,198,0,198,449
10/15/2021,LUK,OH,ASO,CE,Federal Contract Tower,2,55,79,11,147,0,5,28,0,33,2,60,107,11,180,86,0,86,266
10/16/2021,LUK,OH,ASO,CE,Federal Contract Tower,1,42,46,0,89,0,1,102,0,103,1,43,148,0,192,48,0,48,240
10/17/2021,LUK,OH,ASO,CE,Federal Contract Tower,0,44,90,0,134,0,6,122,0,128,0,50,212,0,262,148,0,148,410
10/18/2021,LUK,OH,ASO,CE,Federal Contract Tower,0,43,71,0,114,0,1,70,0,71,0,44,141,0,185,90,0,90,275
10/19/2021,LUK,OH,ASO,CE,Federal Contract Tower,1,47,62,0,110,0,8,121,0,129,1,55,183,0,239,134,0,134,373
10/20/2021,LUK,OH,ASO,CE,Federal Contract Tower,1,46,75,0,122,0,7,62,0,69,1,53,137,0,191,104,0,104,295
10/21/2021,LUK,OH,ASO,CE,Federal Contract Tower,0,45,63,0,108,0,4,11,0,15,0,49,74,0,123,16,0,16,139
10/22/2021,LUK,OH,ASO,CE,Federal Contract Tower,2,44,68,0,114,0,1,6,0,7,2,45,74,0,121,0,0,0,121
10/23/2021,LUK,OH,ASO,CE,Federal Contract Tower,0,21,46,1,68,0,3,139,0,142,0,24,185,1,210,232,0,232,442
10/24/2021,LUK,OH,ASO,CE,Federal Contract Tower,0,42,48,0,90,0,1,24,0,25,0,43,72,0,115,16,0,16,131
10/25/2021,LUK,OH,ASO,CE,Federal Contract Tower,0,40,52,0,92,0,0,10,0,10,0,40,62,0,102,0,0,0,102
10/26/2021,LUK,OH,ASO,CE,Federal Contract Tower,0,37,54,0,91,0,14,77,0,91,0,51,131,0,182,134,0,134,316
10/27/2021,LUK,OH,ASO,CE,Federal Contract Tower,1,43,88,6,138,0,8,92,0,100,1,51,180,6,238,200,0,200,438
10/28/2021,LUK,OH,ASO,CE,Federal Contract Tower,0,43,69,0,112,0,0,32,0,32,0,43,101,0,144,54,0,54,198
10/29/2021,LUK,OH,ASO,CE,Federal Contract Tower,1,37,47,0,85,0,0,8,0,8,1,37,55,0,93,0,0,0,93
10/30/2021,LUK,OH,ASO,CE,Federal Contract Tower,1,17,36,0,54,0,0,0,0,0,1,17,36,0,54,0,0,0,54
10/31/2021,LUK,OH,ASO,CE,Federal Contract Tower,0,47,47,0,94,0,0,105,0,105,0,47,152,0,199,164,0,164,363
11/01/2021,LUK,OH,ASO,CE,Federal Contract Tower,1,42,88,0,131,0,5,113,0,118,1,47,201,0,249,180,0,180,429
11/02/2021,LUK,OH,ASO,CE,Federal Contract Tower,0,36,47,1,84,0,19,80,1,100,0,55,127,2,184,92,0,92,276
11/03/2021,LUK,OH,ASO,CE,Federal Contract Tower,0,30,49,2,81,0,2,79,0,81,0,32,128,2,162,146,0,146,308
11/04/2021,LUK,OH,ASO,CE,Federal Contract Tower,0,44,77,0,121,0,3,104,1,108,0,47,181,1,229,122,0,122,351
11/05/2021,LUK,OH,ASO,CE,Federal Contract Tower,0,38,65,0,103,0,9,116,0,125,0,47,181,0,228,174,0,174,402
11/06/2021,LUK,OH,ASO,CE,Federal Contract Tower,2,25,50,0,77,0,4,122,0,126,2,29,172,0,203,86,0,86,289
11/07/2021,LUK,OH,ASO,CE,Federal Contract Tower,1,42,85,8,136,0,4,136,0,140,1,46,221,8,276,154,0,154,430
11/08/2021,LUK,OH,ASO,CE,Federal Contract Tower,0,32,61,0,93,0,0,90,0,90,0,32,151,0,183,64,0,64,247
11/09/2021,LUK,OH,ASO,CE,Federal Contract Tower,0,39,62,0,101,0,4,73,10,87,0,43,135,10,188,132,0,132,320
11/10/2021,LUK,OH,ASO,CE,Federal Contract Tower,0,37,67,0,104,0,6,81,0,87,0,43,148,0,191,140,0,140,331
11/11/2021,LUK,OH,ASO,CE,Federal Contract Tower,0,36,51,0,87,0,2,6,0,8,0,38,57,0,95,46,0,46,141
11/12/2021,LUK,OH,ASO,CE,Federal Contract Tower,0,53,79,0,132,0,5,38,0,43,0,58,117,0,175,28,0,28,203
11/13/2021,LUK,OH,ASO,CE,Federal Contract Tower,0,17,59,0,76,0,3,116,0,119,0,20,175,0,195,184,0,184,379
11/14/2021,LUK,OH,ASO,CE,Federal Contract Tower,0,35,50,0,85,0,0,1,0,1,0,35,51,0,86,0,0,0,86
11/15/2021,LUK,OH,ASO,CE,Federal Contract Tower,0,28,56,0,84,0,5,61,0,66,0,33,117,0,150,160,0,160,310
11/16/2021,LUK,OH,ASO,CE,Federal Contract Tower,0,32,81,0,113,0,12,91,0,103,0,44,172,0,216,194,0,194,410
11/17/2021,LUK,OH,ASO,CE,Federal Contract Tower,0,31,66,0,97,0,2,27,0,29,0,33,93,0,126,56,0,56,182
11/18/2021,LUK,OH,ASO,CE,Federal Contract Tower,0,41,68,0,109,0,6,46,0,52,0,47,114,0,161,116,0,116,277
11/19/2021,LUK,OH,ASO,CE,Federal Contract Tower,0,45,73,0,118,0,4,155,0,159,0,49,228,0,277,282,0,282,559
11/20/2021,LUK,OH,ASO,CE,Federal Contract Tower,0,25,62,1,88,1,8,105,0,114,1,33,167,1,202,290,0,290,492
11/21/2021,LUK,OH,ASO,CE,Federal Contract Tower,0,33,44,0,77,0,0,0,0,0,0,33,44,0,77,0,0,0,77
11/22/2021,LUK,OH,ASO,CE,Federal Contract Tower,0,49,51,0,100,0,8,95,1,104,0,57,146,1,204,234,0,234,438
11/23/2021,LUK,OH,ASO,CE,Federal Contract Tower,0,35,63,0,98,0,9,104,2,115,0,44,167,2,213,186,0,186,399
11/24/2021,LUK,OH,ASO,CE,Federal Contract Tower,0,45,55,0,100,0,24,46,0,70,0,69,101,0,170,56,0,56,226
11/25/2021,LUK,OH,ASO,CE,Federal Contract Tower,0,10,4,0,14,0,0,1,0,1,0,10,5,0,15,0,0,0,15
11/26/2021,LUK,OH,ASO,CE,Federal Contract Tower,0,28,46,0,74,0,4,48,0,52,0,32,94,0,126,54,0,54,180
11/27/2021,LUK,OH,ASO,CE,Federal Contract Tower,0,18,52,0,70,0,8,92,0,100,0,26,144,0,170,60,0,60,230
11/28/2021,LUK,OH,ASO,CE,Federal Contract Tower,0,50,66,0,116,0,1,42,0,43,0,51,108,0,159,26,0,26,185
11/29/2021,LUK,OH,ASO,CE,Federal Contract Tower,0,35,57,0,92,0,3,92,1,96,0,38,149,1,188,266,6,272,460
11/30/2021,LUK,OH,ASO,CE,Federal Contract Tower,0,45,42,1,88,0,2,81,0,83,0,47,123,1,171,146,0,146,317
12/01/2021,LUK,OH,ASO,CE,Federal Contract Tower,0,48,73,0,121,0,1,41,0,42,0,49,114,0,163,102,0,102,265
12/02/2021,LUK,OH,ASO,CE,Federal Contract Tower,0,32,57,2,91,0,4,55,0,59,0,36,112,2,150,68,0,68,218
12/03/2021,LUK,OH,ASO,CE,Federal Contract Tower,0,18,72,0,90,0,3,69,0,72,0,21,141,0,162,66,0,66,228
12/04/2021,LUK,OH,ASO,CE,Federal Contract Tower,0,38,74,0,112,0,2,133,0,135,0,40,207,0,247,160,0,160,407
12/05/2021,LUK,OH,ASO,CE,Federal Contract Tower,0,50,38,0,88,0,1,55,0,56,0,51,93,0,144,106,0,106,250
12/06/2021,LUK,OH,ASO,CE,Federal Contract Tower,0,45,56,0,101,0,12,15,0,27,0,57,71,0,128,6,0,6,134
12/07/2021,LUK,OH,ASO,CE,Federal Contract Tower,0,38,90,0,128,0,4,83,0,87,0,42,173,0,215,166,0,166,381
12/08/2021,LUK,OH,ASO,CE,Federal Contract Tower,0,39,72,0,111,0,17,51,0,68,0,56,123,0,179,84,0,84,263
12/09/2021,LUK,OH,ASO,CE,Federal Contract Tower,0,49,88,0,137,0,0,86,0,86,0,49,174,0,223,154,0,154,377
12/10/2021,LUK,OH,ASO,CE,Federal Contract Tower,0,44,78,0,122,0,3,0,0,3,0,47,78,0,125,14,0,14,139
12/11/2021,LUK,OH,ASO,CE,Federal Contract Tower,0,31,29,0,60,0,1,16,0,17,0,32,45,0,77,0,0,0,77
12/12/2021,LUK,OH,ASO,CE,Federal Contract Tower,0,35,61,0,96,0,8,133,0,141,0,43,194,0,237,240,0,240,477
12/13/2021,LUK,OH,ASO,CE,Federal Contract Tower,0,37,73,0,110,0,1,116,0,117,0,38,189,0,227,220,0,220,447
12/14/2021,LUK,OH,ASO,CE,Federal Contract Tower,0,57,81,0,138,0,5,125,0,130,0,62,206,0,268,284,0,284,552
12/15/2021,LUK,OH,ASO,CE,Federal Contract Tower,0,53,49,0,102,0,8,69,0,77,0,61,118,0,179,152,0,152,331
12/16/2021,LUK,OH,ASO,CE,Federal Contract Tower,0,37,44,0,81,0,6,9,0,15,0,43,53,0,96,0,0,0,96
12/17/2021,LUK,OH,ASO,CE,Federal Contract Tower,0,40,66,0,106,0,1,57,0,58,0,41,123,0,164,154,0,154,318
12/18/2021,LUK,OH,ASO,CE,Federal Contract Tower,1,15,37,0,53,0,0,2,0,2,1,15,39,0,55,0,0,0,55
12/19/2021,LUK,OH,ASO,CE,Federal Contract Tower,2,32,50,0,84,0,0,127,0,127,2,32,177,0,211,250,0,250,461
12/20/2021,LUK,OH,ASO,CE,Federal Contract Tower,0,28,72,0,100,0,0,108,0,108,0,28,180,0,208,198,0,198,406
12/21/2021,LUK,OH,ASO,CE,Federal Contract Tower,0,24,57,0,81,0,0,107,0,107,0,24,164,0,188,240,0,240,428
12/22/2021,LUK,OH,ASO,CE,Federal Contract Tower,0,28,50,5,83,0,3,98,0,101,0,31,148,5,184,144,0,144,328
12/23/2021,LUK,OH,ASO,CE,Federal Contract Tower,0,37,44,0,81,0,0,89,0,89,0,37,133,0,170,100,0,100,270
12/24/2021,LUK,OH,ASO,CE,Federal Contract Tower,0,11,8,0,19,0,3,22,0,25,0,14,30,0,44,26,0,26,70
12/25/2021,LUK,OH,ASO,CE,Federal Contract Tower,0,23,10,0,33,0,0,18,0,18,0,23,28,0,51,0,0,0,51
12/26/2021,LUK,OH,ASO,CE,Federal Contract Tower,0,54,56,0,110,0,0,83,0,83,0,54,139,0,193,150,0,150,343
12/27/2021,LUK,OH,ASO,CE,Federal Contract Tower,0,28,50,0,78,0,2,11,0,13,0,30,61,0,91,16,0,16,107
12/28/2021,LUK,OH,ASO,CE,Federal Contract Tower,0,37,51,0,88,0,0,2,0,2,0,37,53,0,90,0,0,0,90
12/29/2021,LUK,OH,ASO,CE,Federal Contract Tower,0,25,34,0,59,0,1,28,0,29,0,26,62,0,88,94,0,94,182
12/30/2021,LUK,OH,ASO,CE,Federal Contract Tower,0,51,43,0,94,0,0,0,0,0,0,51,43,0,94,0,0,0,94
12/31/2021,LUK,OH,ASO,CE,Federal Contract Tower,0,29,30,0,59,0,0,56,0,56,0,29,86,0,115,72,0,72,187
01/01/2022,LUK,OH,ASO,CE,Federal Contract Tower,0,22,26,0,48,0,0,0,0,0,0,22,26,0,48,0,0,0,48
01/02/2022,LUK,OH,ASO,CE,Federal Contract Tower,0,34,67,0,101,0,0,0,0,0,0,34,67,0,101,0,0,0,101
01/03/2022,LUK,OH,ASO,CE,Federal Contract Tower,0,33,62,0,95,0,12,98,0,110,0,45,160,0,205,232,0,232,437
01/04/2022,LUK,OH,ASO,CE,Federal Contract Tower,0,31,50,2,83,0,7,82,0,89,0,38,132,2,172,208,0,208,380
01/05/2022,LUK,OH,ASO,CE,Federal Contract Tower,0,23,33,0,56,0,2,2,0,4,0,25,35,0,60,0,0,0,60
01/06/2022,LUK,OH,ASO,CE,Federal Contract Tower,0,34,47,0,81,0,0,36,0,36,0,34,83,0,117,68,0,68,185
01/07/2022,LUK,OH,ASO,CE,Federal Contract Tower,0,31,39,0,70,0,2,36,0,38,0,33,75,0,108,128,0,128,236
01/08/2022,LUK,OH,ASO,CE,Federal Contract Tower,0,30,36,0,66,0,0,107,0,107,0,30,143,0,173,124,0,124,297
01/09/2022,LUK,OH,ASO,CE,Federal Contract Tower,0,23,17,0,40,0,0,8,0,8,0,23,25,0,48,20,0,20,68
01/10/2022,LUK,OH,ASO,CE,Federal Contract Tower,0,38,40,0,78,0,3,54,0,57,0,41,94,0,135,130,0,130,265
01/11/2022,LUK,OH,ASO,CE,Federal Contract Tower,0,20,40,0,60,0,4,93,0,97,0,24,133,0,157,198,0,198,355
01/12/2022,LUK,OH,ASO,CE,Federal Contract Tower,0,27,59,0,86,0,11,73,0,84,0,38,132,0,170,176,0,176,346
01/13/2022,LUK,OH,ASO,CE,Federal Contract Tower,0,37,60,0,97,0,3,47,0,50,0,40,107,0,147,0,0,0,147
01/14/2022,LUK,OH,ASO,CE,Federal Contract Tower,0,36,27,0,63,0,0,6,0,6,0,36,33,0,69,0,0,0,69
01/15/2022,LUK,OH,ASO,CE,Federal Contract Tower,0,34,32,0,66,0,1,101,0,102,0,35,133,0,168,240,0,240,408
01/16/2022,LUK,OH,ASO,CE,Federal Contract Tower,0,20,21,0,41,0,0,43,0,43,0,20,64,0,84,94,0,94,178
01/17/2022,LUK,OH,ASO,CE,Federal Contract Tower,0,21,18,0,39,0,0,0,0,0,0,21,18,0,39,0,0,0,39
01/18/2022,LUK,OH,ASO,CE,Federal Contract Tower,0,31,59,0,90,0,0,117,0,117,0,31,176,0,207,176,0,176,383
01/19/2022,LUK,OH,ASO,CE,Federal Contract Tower,0,34,50,0,84,0,6,77,3,86,0,40,127,3,170,164,0,164,334
01/20/2022,LUK,OH,ASO,CE,Federal Contract Tower,0,29,42,3,74,0,0,71,1,72,0,29,113,4,146,98,0,98,244
01/21/2022,LUK,OH,ASO,CE,Federal Contract Tower,0,35,60,0,95,0,5,108,0,113,0,40,168,0,208,154,0,154,362
01/22/2022,LUK,OH,ASO,CE,Federal Contract Tower,0,16,63,0,79,0,2,122,0,124,0,18,185,0,203,138,0,138,341
01/23/2022,LUK,OH,ASO,CE,Federal Contract Tower,0,36,40,0,76,0,0,15,0,15,0,36,55,0,91,20,0,20,111
01/24/2022,LUK,OH,ASO,CE,Federal Contract Tower,1,20,41,0,62,0,0,21,0,21,1,20,62,0,83,24,0,24,107
01/25/2022,LUK,OH,ASO,CE,Federal Contract Tower,0,25,30,0,55,0,8,99,0,107,0,33,129,0,162,225,0,225,387
01/26/2022,LUK,OH,ASO,CE,Federal Contract Tower,0,15,38,0,53,0,5,84,0,89,0,20,122,0,142,182,0,182,324
01/27/2022,LUK,OH,ASO,CE,Federal Contract Tower,0,15,43,0,58,0,0,44,0,44,0,15,87,0,102,150,0,150,252
01/28/2022,LUK,OH,ASO,CE,Federal Contract Tower,0,44,28,0,72,0,0,0,0,0,0,44,28,0,72,0,0,0,72
01/29/2022,LUK,OH,ASO,CE,Federal Contract Tower,0,23,36,0,59,0,5,100,0,105,0,28,136,0,164,108,0,108,272
01/30/2022,LUK,OH,ASO,CE,Federal Contract Tower,0,31,75,0,106,0,0,96,0,96,0,31,171,0,202,122,0,122,324
01/31/2022,LUK,OH,ASO,CE,Federal Contract Tower,0,30,54,0,84,0,4,111,0,115,0,34,165,0,199,160,0,160,359
02/01/2022,LUK,OH,ASO,CE,Federal Contract Tower,0,26,63,2,91,0,1,103,4,108,0,27,166,6,199,166,0,166,365
02/02/2022,LUK,OH,ASO,CE,Federal Contract Tower,0,52,37,0,89,0,0,0,0,0,0,52,37,0,89,0,0,0,89
02/03/2022,LUK,OH,ASO,CE,Federal Contract Tower,0,3,5,0,8,0,0,0,0,0,0,3,5,0,8,0,0,0,8
02/04/2022,LUK,OH,ASO,CE,Federal Contract Tower,2,17,25,0,44,0,0,3,0,3,2,17,28,0,47,0,0,0,47
02/05/2022,LUK,OH,ASO,CE,Federal Contract Tower,0,11,15,0,26,0,0,32,0,32,0,11,47,0,58,60,0,60,118
02/06/2022,LUK,OH,ASO,CE,Federal Contract Tower,0,21,60,0,81,0,2,61,0,63,0,23,121,0,144,58,0,58,202
02/07/2022,LUK,OH,ASO,CE,Federal Contract Tower,0,19,50,0,69,0,8,48,0,56,0,27,98,0,125,94,0,94,219
02/08/2022,LUK,OH,ASO,CE,Federal Contract Tower,0,28,60,0,88,0,3,92,0,95,0,31,152,0,183,180,0,180,363
02/09/2022,LUK,OH,ASO,CE,Federal Contract Tower,0,32,54,0,86,0,3,58,0,61,0,35,112,0,147,170,0,170,317
02/10/2022,LUK,OH,ASO,CE,Federal Contract Tower,0,41,80,4,125,0,4,96,2,102,0,45,176,6,227,100,0,100,327
02/11/2022,LUK,OH,ASO,CE,Federal Contract Tower,0,31,68,0,99,0,0,53,0,53,0,31,121,0,152,64,0,64,216
02/12/2022,LUK,OH,ASO,CE,Federal Contract Tower,0,21,30,0,51,0,0,94,0,94,0,21,124,0,145,264,0,264,409
02/13/2022,LUK,OH,ASO,CE,Federal Contract Tower,0,17,29,0,46,0,3,57,0,60,0,20,86,0,106,148,0,148,254
02/14/2022,LUK,OH,ASO,CE,Federal Contract Tower,0,42,82,0,124,0,0,101,2,103,0,42,183,2,227,264,0,264,491
02/15/2022,LUK,OH,ASO,CE,Federal Contract Tower,0,30,81,0,111,0,8,116,0,124,0,38,197,0,235,184,0,184,419
02/16/2022,LUK,OH,ASO,CE,Federal Contract Tower,0,37,42,0,79,0,0,6,0,6,0,37,48,0,85,0,0,0,85
02/17/2022,LUK,OH,ASO,CE,Federal Contract Tower,0,28,29,0,57,0,0,0,0,0,0,28,29,0,57,0,0,0,57
02/18/2022,LUK,OH,ASO,CE,Federal Contract Tower,0,34,74,0,108,0,0,108,0,108,0,34,182,0,216,198,0,198,414
02/19/2022,LUK,OH,ASO,CE,Federal Contract Tower,0,7,37,0,44,0,0,74,0,74,0,7,111,0,118,106,0,106,224
02/20/2022,LUK,OH,ASO,CE,Federal Contract Tower,0,23,38,0,61,0,3,107,0,110,0,26,145,0,171,104,0,104,275
02/21/2022,LUK,OH,ASO,CE,Federal Contract Tower,0,29,95,0,124,0,3,151,0,154,0,32,246,0,278,120,0,120,398
02/22/2022,LUK,OH,ASO,CE,Federal Contract Tower,0,33,51,0,84,0,0,0,0,0,0,33,51,0,84,0,0,0,84
02/23/2022,LUK,OH,ASO,CE,Federal Contract Tower,0,44,53,0,97,0,2,36,0,38,0,46,89,0,135,156,0,156,291
02/24/2022,LUK,OH,ASO,CE,Federal Contract Tower,0,40,36,0,76,0,0,9,0,9,0,40,45,0,85,50,0,50,135
02/25/2022,LUK,OH,ASO,CE,Federal Contract Tower,2,56,42,0,100,0,2,44,0,46,2,58,86,0,146,108,0,108,254
02/26/2022,LUK,OH,ASO,CE,Federal Contract Tower,0,27,54,0,81,0,3,113,0,116,0,30,167,0,197,230,0,230,427
02/27/2022,LUK,OH,ASO,CE,Federal Contract Tower,1,41,66,0,108,0,5,137,0,142,1,46,203,0,250,140,0,140,390
02/28/2022,LUK,OH,ASO,CE,Federal Contract Tower,0,34,63,0,97,0,6,126,0,132,0,40,189,0,229,234,0,234,463
03/01/2022,LUK,OH,ASO,CE,Federal Contract Tower,0,26,57,0,83,0,3,120,0,123,0,29,177,0,206,218,0,218,424
03/02/2022,LUK,OH,ASO,CE,Federal Contract Tower,0,25,69,1,95,0,9,124,0,133,0,34,193,1,228,202,0,202,430
03/03/2022,LUK,OH,ASO,CE,Federal Contract Tower,0,20,52,0,72,0,0,115,0,115,0,20,167,0,187,256,0,256,443
03/04/2022,LUK,OH,ASO,CE,Federal Contract Tower,2,40,52,0,94,0,4,118,0,122,2,44,170,0,216,262,0,262,478
03/05/2022,LUK,OH,ASO,CE,Federal Contract Tower,2,19,31,0,52,0,2,66,0,68,2,21,97,0,120,32,0,32,152
03/06/2022,LUK,OH,ASO,CE,Federal Contract Tower,0,32,40,0,72,0,0,19,0,19,0,32,59,0,91,94,0,94,185
03/07/2022,LUK,OH,ASO,CE,Federal Contract Tower,0,22,27,0,49,0,0,0,0,0,0,22,27,0,49,0,0,0,49
03/08/2022,LUK,OH,ASO,CE,Federal Contract Tower,2,33,15,0,50,0,6,116,0,122,2,39,131,0,172,308,0,308,480
03/09/2022,LUK,OH,ASO,CE,Federal Contract Tower,0,25,83,0,108,0,0,43,0,43,0,25,126,0,151,184,0,184,335
03/10/2022,LUK,OH,ASO,CE,Federal Contract Tower,0,45,86,0,131,0,4,145,2,151,0,49,231,2,282,306,0,306,588
03/11/2022,LUK,OH,ASO,CE,Federal Contract Tower,1,26,56,1,84,0,2,86,0,88,1,28,142,1,172,152,0,152,324
03/12/2022,LUK,OH,ASO,CE,Federal Contract Tower,0,11,17,0,28,0,0,3,0,3,0,11,20,0,31,20,0,20,51
03/13/2022,LUK,OH,ASO,CE,Federal Contract Tower,0,30,68,0,98,0,0,26,0,26,0,30,94,0,124,10,0,10,134
03/14/2022,LUK,OH,ASO,CE,Federal Contract Tower,0,31,61,0,92,0,7,128,0,135,0,38,189,0,227,240,0,240,467
03/15/2022,LUK,OH,ASO,CE,Federal Contract Tower,0,31,62,0,93,0,0,156,0,156,0,31,218,0,249,178,0,178,427
03/16/2022,LUK,OH,ASO,CE,Federal Contract Tower,0,37,53,5,95,0,3,114,0,117,0,40,167,5,212,218,0,218,430
03/17/2022,LUK,OH,ASO,CE,Federal Contract Tower,0,32,85,0,117,0,4,178,0,182,0,36,263,0,299,226,0,226,525
03/18/2022,LUK,OH,ASO,CE,Federal Contract Tower,3,30,46,0,79,0,1,46,0,47,3,31,92,0,126,124,0,124,250
03/19/2022,LUK,OH,ASO,CE,Federal Contract Tower,2,17,37,0,56,0,0,12,0,12,2,17,49,0,68,4,0,4,72
03/20/2022,LUK,OH,ASO,CE,Federal Contract Tower,0,27,88,0,115,0,2,129,0,131,0,29,217,0,246,162,0,162,408
03/21/2022,LUK,OH,ASO,CE,Federal Contract Tower,0,21,65,0,86,0,4,128,0,132,0,25,193,0,218,222,0,222,440
03/22/2022,LUK,OH,ASO,CE,Federal Contract Tower,0,27,49,0,76,0,6,46,0,52,0,33,95,0,128,86,0,86,214
03/23/2022,LUK,OH,ASO,CE,Federal Contract Tower,0,24,37,4,65,0,0,5,0,5,0,24,42,4,70,40,0,40,110
03/24/2022,LUK,OH,ASO,CE,Federal Contract Tower,0,36,72,0,108,0,0,53,0,53,0,36,125,0,161,138,0,138,299
03/25/2022,LUK,OH,ASO,CE,Federal Contract Tower,2,39,59,0,100,0,39,0,0,39,2,78,59,0,139,60,0,60,199
03/26/2022,LUK,OH,ASO,CE,Federal Contract Tower,2,26,38,0,66,0,0,24,0,24,2,26,62,0,90,16,0,16,106
03/27/2022,LUK,OH,ASO,CE,Federal Contract Tower,0,32,53,0,85,0,0,75,0,75,0,32,128,0,160,138,0,138,298
03/28/2022,LUK,OH,ASO,CE,Federal Contract Tower,0,27,51,0,78,0,0,95,0,95,0,27,146,0,173,214,0,214,387
03/29/2022,LUK,OH,ASO,CE,Federal Contract Tower,0,25,73,0,98,0,3,118,0,121,0,28,191,0,219,258,0,258,477
03/30/2022,LUK,OH,ASO,CE,Federal Contract Tower,0,26,40,0,66,0,2,19,4,25,0,28,59,4,91,0,0,0,91
03/31/2022,LUK,OH,ASO,CE,Federal Contract Tower,0,20,40,0,60,0,0,4,0,4,0,20,44,0,64,16,0,16,80
04/01/2022,LUK,OH,ASO,CE,Federal Contract Tower,2,29,64,0,95,0,0,85,0,85,2,29,149,0,180,56,0,56,236
04/02/2022,LUK,OH,ASO,CE,Federal Contract Tower,2,20,58,0,80,0,0,140,0,140,2,20,198,0,220,224,0,224,444
04/03/2022,LUK,OH,ASO,CE,Federal Contract Tower,0,33,75,2,110,0,2,125,0,127,0,35,200,2,237,246,0,246,483
04/04/2022,LUK,OH,ASO,CE,Federal Contract Tower,0,26,64,0,90,0,2,103,0,105,0,28,167,0,195,222,0,222,417
04/05/2022,LUK,OH,ASO,CE,Federal Contract Tower,0,22,47,2,71,0,0,1,0,1,0,22,48,2,72,0,0,0,72
04/06/2022,LUK,OH,ASO,CE,Federal Contract Tower,0,29,60,0,89,0,0,2,0,2,0,29,62,0,91,0,0,0,91
04/07/2022,LUK,OH,ASO,CE,Federal Contract Tower,0,47,74,0,121,0,2,75,0,77,0,49,149,0,198,140,0,140,338
04/08/2022,LUK,OH,ASO,CE,Federal Contract Tower,0,47,47,0,94,0,0,54,0,54,0,47,101,0,148,184,0,184,332
04/09/2022,LUK,OH,ASO,CE,Federal Contract Tower,0,22,26,0,48,0,28,0,0,28,0,50,26,0,76,30,0,30,106
04/10/2022,LUK,OH,ASO,CE,Federal Contract Tower,0,33,123,0,156,0,3,200,0,203,0,36,323,0,359,276,0,276,635
04/11/2022,LUK,OH,ASO,CE,Federal Contract Tower,0,28,51,0,79,0,0,4,0,4,0,28,55,0,83,0,0,0,83
04/12/2022,LUK,OH,ASO,CE,Federal Contract Tower,0,22,89,0,111,0,65,15,0,80,0,87,104,0,191,272,0,272,463
04/13/2022,LUK,OH,ASO,CE,Federal Contract Tower,0,35,58,1,94,0,2,12,0,14,0,37,70,1,108,18,0,18,126
04/14/2022,LUK,OH,ASO,CE,Federal Contract Tower,0,44,96,1,141,0,2,95,0,97,0,46,191,1,238,130,0,130,368
04/15/2022,LUK,OH,ASO,CE,Federal Contract Tower,0,26,76,0,102,0,0,95,0,95,0,26,171,0,197,232,0,232,429
04/16/2022,LUK,OH,ASO,CE,Federal Contract Tower,0,20,49,0,69,0,0,112,0,112,0,20,161,0,181,132,0,132,313
04/17/2022,LUK,OH,ASO,CE,Federal Contract Tower,0,32,42,0,74,0,0,119,0,119,0,32,161,0,193,194,0,194,387
04/18/2022,LUK,OH,ASO,CE,Federal Contract Tower,0,48,72,0,120,0,2,3,0,5,0,50,75,0,125,0,0,0,125
04/19/2022,LUK,OH,ASO,CE,Federal Contract Tower,0,45,49,0,94,0,0,70,2,72,0,45,119,2,166,54,0,54,220
04/20/2022,LUK,OH,ASO,CE,Federal Contract Tower,0,27,58,0,85,0,4,128,0,132,0,31,186,0,217,146,0,146,363
04/21/2022,LUK,OH,ASO,CE,Federal Contract Tower,0,36,73,0,109,0,2,31,0,33,0,38,104,0,142,98,0,98,240
04/22/2022,LUK,OH,ASO,CE,Federal Contract Tower,0,30,74,0,104,0,4,122,0,126,0,34,196,0,230,264,0,264,494
04/23/2022,LUK,OH,ASO,CE,Federal Contract Tower,2,24,57,0,83,0,0,119,0,119,2,24,176,0,202,160,0,160,362
04/24/2022,LUK,OH,ASO,CE,Federal Contract Tower,2,28,61,0,91,0,2,83,3,88,2,30,144,3,179,136,0,136,315
04/25/2022,LUK,OH,ASO,CE,Federal Contract Tower,0,36,48,0,84,0,0,42,1,43,0,36,90,1,127,90,0,90,217
04/26/2022,LUK,OH,ASO,CE,Federal Contract Tower,0,33,71,0,104,0,0,102,0,102,0,33,173,0,206,236,0,236,442
04/27/2022,LUK,OH,ASO,CE,Federal Contract Tower,0,39,74,0,113,0,2,125,0,127,0,41,199,0,240,176,0,176,416
04/28/2022,LUK,OH,ASO,CE,Federal Contract Tower,1,58,95,0,154,0,2,126,0,128,1,60,221,0,282,130,0,130,412
04/29/2022,LUK,OH,ASO,CE,Federal Contract Tower,1,30,85,0,116,0,2,160,0,162,1,32,245,0,278,252,0,252,530
04/30/2022,LUK,OH,ASO,CE,Federal Contract Tower,2,31,43,0,76,0,0,80,0,80,2,31,123,0,156,226,0,226,382
05/01/2022,LUK,OH,ASO,CE,Federal Contract Tower,0,20,61,0,81,0,0,43,0,43,0,20,104,0,124,18,0,18,142
05/02/2022,LUK,OH,ASO,CE,Federal Contract Tower,0,44,63,0,107,0,0,106,0,106,0,44,169,0,213,122,0,122,335
05/03/2022,LUK,OH,ASO,CE,Federal Contract Tower,0,31,49,8,88,0,1,1,0,2,0,32,50,8,90,0,0,0,90
05/04/2022,LUK,OH,ASO,CE,Federal Contract Tower,1,44,93,0,138,0,0,73,12,85,1,44,166,12,223,242,0,242,465
05/05/2022,LUK,OH,ASO,CE,Federal Contract Tower,0,45,80,2,127,0,7,67,2,76,0,52,147,4,203,146,0,146,349
05/06/2022,LUK,OH,ASO,CE,Federal Contract Tower,2,27,49,0,78,0,0,0,0,0,2,27,49,0,78,0,0,0,78
05/07/2022,LUK,OH,ASO,CE,Federal Contract Tower,0,35,46,8,89,0,0,32,0,32,0,35,78,8,121,46,0,46,167
05/08/2022,LUK,OH,ASO,CE,Federal Contract Tower,0,29,63,0,92,0,0,96,0,96,0,29,159,0,188,170,0,170,358
05/09/2022,LUK,OH,ASO,CE,Federal Contract Tower,1,31,82,2,116,0,7,120,1,128,1,38,202,3,244,252,0,252,496
05/10/2022,LUK,OH,ASO,CE,Federal Contract Tower,2,21,89,3,115,0,12,154,3,169,2,33,243,6,284,348,8,356,640
05/11/2022,LUK,OH,ASO,CE,Federal Contract Tower,0,43,84,1,128,0,7,92,0,99,0,50,176,1,227,144,0,144,371
05/12/2022,LUK,OH,ASO,CE,Federal Contract Tower,1,36,108,0,145,0,0,137,0,137,1,36,245,0,282,272,0,272,554
05/13/2022,LUK,OH,ASO,CE,Federal Contract Tower,2,52,90,0,144,0,5,170,0,175,2,57,260,0,319,298,0,298,617
05/14/2022,LUK,OH,ASO,CE,Federal Contract Tower,0,20,46,1,67,0,1,96,0,97,0,21,142,1,164,158,0,158,322
05/15/2022,LUK,OH,ASO,CE,Federal Contract Tower,2,50,64,0,116,0,2,121,0,123,2,52,185,0,239,216,0,216,455
05/16/2022,LUK,OH,ASO,CE,Federal Contract Tower,0,26,74,0,100,0,4,96,2,102,0,30,170,2,202,134,0,134,336
05/17/2022,LUK,OH,ASO,CE,Federal Contract Tower,0,39,76,7,122,0,10,133,4,147,0,49,209,11,269,262,0,262,531
05/18/2022,LUK,OH,ASO,CE,Federal Contract Tower,0,39,72,0,111,0,0,70,0,70,0,39,142,0,181,200,0,200,381
05/19/2022,LUK,OH,ASO,CE,Federal Contract Tower,0,32,76,0,108,0,0,53,0,53,0,32,129,0,161,118,0,118,279
05/20/2022,LUK,OH,ASO,CE,Federal Contract Tower,2,22,77,0,101,0,0,68,0,68,2,22,145,0,169,86,0,86,255
05/21/2022,LUK,OH,ASO,CE,Federal Contract Tower,2,20,31,0,53,0,0,59,0,59,2,20,90,0,112,88,0,88,200
05/22/2022,LUK,OH,ASO,CE,Federal Contract Tower,1,54,63,0,118,0,2,87,0,89,1,56,150,0,207,204,0,204,411
05/23/2022,LUK,OH,ASO,CE,Federal Contract Tower,0,38,74,0,112,0,0,109,0,109,0,38,183,0,221,174,0,174,395
05/24/2022,LUK,OH,ASO,CE,Federal Contract Tower,0,31,85,3,119,0,148,2,0,150,0,179,87,3,269,268,0,268,537
05/25/2022,LUK,OH,ASO,CE,Federal Contract Tower,0,34,58,0,92,0,0,44,0,44,0,34,102,0,136,136,0,136,272
05/26/2022,LUK,OH,ASO,CE,Federal Contract Tower,0,45,60,1,106,0,0,1,0,1,0,45,61,1,107,0,0,0,107
05/27/2022,LUK,OH,ASO,CE,Federal Contract Tower,1,28,70,0,99,0,0,33,0,33,1,28,103,0,132,122,0,122,254
05/28/2022,LUK,OH,ASO,CE,Federal Contract Tower,0,18,61,0,79,0,1,87,0,88,0,19,148,0,167,182,0,182,349
05/29/2022,LUK,OH,ASO,CE,Federal Contract Tower,2,13,52,0,67,0,4,130,0,134,2,17,182,0,201,188,0,188,389
05/30/2022,LUK,OH,ASO,CE,Federal Contract Tower,0,15,67,0,82,0,4,134,0,138,0,19,201,0,220,308,0,308,528
05/31/2022,LUK,OH,ASO,CE,Federal Contract Tower,0,29,72,0,101,0,7,138,0,145,0,36,210,0,246,328,0,328,574
06/01/2022,LUK,OH,ASO,CE,Federal Contract Tower,0,49,68,3,120,0,2,116,0,118,0,51,184,3,238,160,0,160,398
06/02/2022,LUK,OH,ASO,CE,Federal Contract Tower,0,41,67,1,109,0,0,64,2,66,0,41,131,3,175,130,0,130,305
06/03/2022,LUK,OH,ASO,CE,Federal Contract Tower,3,28,87,2,120,0,4,153,0,157,3,32,240,2,277,258,0,258,535
06/04/2022,LUK,OH,ASO,CE,Federal Contract Tower,0,22,61,0,83,0,6,139,0,145,0,28,200,0,228,214,0,214,442
06/05/2022,LUK,OH,ASO,CE,Federal Contract Tower,0,38,81,0,119,0,1,109,0,110,0,39,190,0,229,160,0,160,389
06/06/2022,LUK,OH,ASO,CE,Federal Contract Tower,0,31,52,0,83,0,1,61,0,62,0,32,113,0,145,76,0,76,221
06/07/2022,LUK,OH,ASO,CE,Federal Contract Tower,0,40,89,0,129,0,2,41,0,43,0,42,130,0,172,162,0,162,334
06/08/2022,LUK,OH,ASO,CE,Federal Contract Tower,0,37,68,0,105,0,3,85,0,88,0,40,153,0,193,82,0,82,275
06/09/2022,LUK,OH,ASO,CE,Federal Contract Tower,0,43,88,1,132,0,2,85,1,88,0,45,173,2,220,256,0,256,476
06/10/2022,LUK,OH,ASO,CE,Federal Contract Tower,0,43,70,0,113,0,4,98,0,102,0,47,168,0,215,102,0,102,317
06/11/2022,LUK,OH,ASO,CE,Federal Contract Tower,0,27,68,0,95,0,0,91,0,91,0,27,159,0,186,144,0,144,330
06/12/2022,LUK,OH,ASO,CE,Federal Contract Tower,0,29,63,0,92,0,2,59,0,61,0,31,122,0,153,118,0,118,271
06/13/2022,LUK,OH,ASO,CE,Federal Contract Tower,0,44,99,0,143,0,1,95,0,96,0,45,194,0,239,232,0,232,471
06/14/2022,LUK,OH,ASO,CE,Federal Contract Tower,0,40,77,0,117,0,13,123,0,136,0,53,200,0,253,304,0,304,557
06/15/2022,LUK,OH,ASO,CE,Federal Contract Tower,0,40,81,0,121,0,0,110,0,110,0,40,191,0,231,164,0,164,395
06/16/2022,LUK,OH,ASO,CE,Federal Contract Tower,0,33,84,2,119,0,8,110,0,118,0,41,194,2,237,136,0,136,373
06/17/2022,LUK,OH,ASO,CE,Federal Contract Tower,2,34,58,0,94,0,1,65,0,66,2,35,123,0,160,66,0,66,226
06/18/2022,LUK,OH,ASO,CE,Federal Contract Tower,2,43,55,0,100,0,0,92,0,92,2,43,147,0,192,94,0,94,286
06/19/2022,LUK,OH,ASO,CE,Federal Contract Tower,0,22,60,0,82,0,0,98,0,98,0,22,158,0,180,70,0,70,250
06/20/2022,LUK,OH,ASO,CE,Federal Contract Tower,0,42,76,0,118,0,9,150,0,159,0,51,226,0,277,272,0,272,549
06/21/2022,LUK,OH,ASO,CE,Federal Contract Tower,0,30,66,0,96,0,0,102,0,102,0,30,168,0,198,216,0,216,414
06/22/2022,LUK,OH,ASO,CE,Federal Contract Tower,0,48,62,0,110,0,0,80,0,80,0,48,142,0,190,120,0,120,310
06/23/2022,LUK,OH,ASO,CE,Federal Contract Tower,2,58,101,0,161,0,10,132,4,146,2,68,233,4,307,200,0,200,507
06/24/2022,LUK,OH,ASO,CE,Federal Contract Tower,1,19,85,0,105,0,0,218,0,218,1,19,303,0,323,380,0,380,703
06/25/2022,LUK,OH,ASO,CE,Federal Contract Tower,0,38,45,0,83,0,0,171,0,171,0,38,216,0,254,108,0,108,362
06/26/2022,LUK,OH,ASO,CE,Federal Contract Tower,0,25,76,0,101,0,0,97,0,97,0,25,173,0,198,114,0,114,312
06/27/2022,LUK,OH,ASO,CE,Federal Contract Tower,0,46,74,0,120,0,2,97,0,99,0,48,171,0,219,96,0,96,315
06/28/2022,LUK,OH,ASO,CE,Federal Contract Tower,1,31,57,0,89,0,5,123,0,128,1,36,180,0,217,250,0,250,467
06/29/2022,LUK,OH,ASO,CE,Federal Contract Tower,1,39,71,2,113,0,0,93,0,93,1,39,164,2,206,190,0,190,396
06/30/2022,LUK,OH,ASO,CE,Federal Contract Tower,2,64,87,0,153,0,5,141,2,148,2,69,228,2,301,244,0,244,545
07/01/2022,LUK,OH,ASO,CE,Federal Contract Tower,0,48,66,0,114,0,0,95,0,95,0,48,161,0,209,212,0,212,421
07/02/2022,LUK,OH,ASO,CE,Federal Contract Tower,2,36,63,0,101,0,2,103,0,105,2,38,166,0,206,172,0,172,378
07/03/2022,LUK,OH,ASO,CE,Federal Contract Tower,0,17,51,0,68,0,0,78,0,78,0,17,129,0,146,144,0,144,290
07/04/2022,LUK,OH,ASO,CE,Federal Contract Tower,0,7,29,0,36,0,1,68,0,69,0,8,97,0,105,90,0,90,195
07/05/2022,LUK,OH,ASO,CE,Federal Contract Tower,0,51,75,0,126,0,0,65,0,65,0,51,140,0,191,172,0,172,363
07/06/2022,LUK,OH,ASO,CE,Federal Contract Tower,0,23,48,0,71,0,2,44,0,46,0,25,92,0,117,178,0,178,295
07/07/2022,LUK,OH,ASO,CE,Federal Contract Tower,0,32,72,0,104,0,2,76,0,78,0,34,148,0,182,148,0,148,330
07/08/2022,LUK,OH,ASO,CE,Federal Contract Tower,1,24,34,0,59,0,0,22,0,22,1,24,56,0,81,44,0,44,125
07/09/2022,LUK,OH,ASO,CE,Federal Contract Tower,0,32,51,0,83,0,0,39,0,39,0,32,90,0,122,110,0,110,232
07/10/2022,LUK,OH,ASO,CE,Federal Contract Tower,0,33,72,0,105,0,6,145,0,151,0,39,217,0,256,226,0,226,482
07/11/2022,LUK,OH,ASO,CE,Federal Contract Tower,0,31,76,1,108,0,4,125,1,130,0,35,201,2,238,246,0,246,484
07/12/2022,LUK,OH,ASO,CE,Federal Contract Tower,1,39,55,0,95,0,2,105,0,107,1,41,160,0,202,190,0,190,392
07/13/2022,LUK,OH,ASO,CE,Federal Contract Tower,0,39,74,0,113,0,1,103,0,104,0,40,177,0,217,210,0,210,427
07/14/2022,LUK,OH,ASO,CE,Federal Contract Tower,2,42,83,0,127,0,0,133,20,153,2,42,216,20,280,186,0,186,466
07/15/2022,LUK,OH,ASO,CE,Federal Contract Tower,0,34,76,0,110,0,4,126,6,136,0,38,202,6,246,162,0,162,408
07/16/2022,LUK,OH,ASO,CE,Federal Contract Tower,0,25,48,0,73,0,5,100,0,105,0,30,148,0,178,104,0,104,282
07/17/2022,LUK,OH,ASO,CE,Federal Contract Tower,0,41,71,0,112,0,2,15,0,17,0,43,86,0,129,10,0,10,139
07/18/2022,LUK,OH,ASO,CE,Federal Contract Tower,0,33,85,0,118,0,0,31,0,31,0,33,116,0,149,86,0,86,235
07/19/2022,LUK,OH,ASO,CE,Federal Contract Tower,1,46,77,0,124,0,1,101,0,102,1,47,178,0,226,196,0,196,422
07/20/2022,LUK,OH,ASO,CE,Federal Contract Tower,0,48,62,0,110,0,0,104,0,104,0,48,166,0,214,220,0,220,434
07/21/2022,LUK,OH,ASO,CE,Federal Contract Tower,0,51,102,0,153,0,7,150,0,157,0,58,252,0,310,294,0,294,604
07/22/2022,LUK,OH,ASO,CE,Federal Contract Tower,1,39,84,0,124,0,0,129,0,129,1,39,213,0,253,306,0,306,559
07/23/2022,LUK,OH,ASO,CE,Federal Contract Tower,0,22,46,0,68,0,1,85,0,86,0,23,131,0,154,88,0,88,242
07/24/2022,LUK,OH,ASO,CE,Federal Contract Tower,0,38,66,0,104,0,0,97,0,97,0,38,163,0,201,148,0,148,349
07/25/2022,LUK,OH,ASO,CE,Federal Contract Tower,0,36,51,0,87,0,0,77,0,77,0,36,128,0,164,276,0,276,440
07/26/2022,LUK,OH,ASO,CE,Federal Contract Tower,0,32,38,0,70,0,0,12,0,12,0,32,50,0,82,56,0,56,138
07/27/2022,LUK,OH,ASO,CE,Federal Contract Tower,0,29,47,0,76,0,0,10,0,10,0,29,57,0,86,52,0,52,138
07/28/2022,LUK,OH,ASO,CE,Federal Contract Tower,0,32,73,0,105,0,0,108,2,110,0,32,181,2,215,230,0,230,445
07/29/2022,LUK,OH,ASO,CE,Federal Contract Tower,2,47,69,0,118,0,0,136,2,138,2,47,205,2,256,244,0,244,500
07/30/2022,LUK,OH,ASO,CE,Federal Contract Tower,0,27,57,0,84,0,2,126,0,128,0,29,183,0,212,204,0,204,416
07/31/2022,LUK,OH,ASO,CE,Federal Contract Tower,0,32,50,0,82,0,0,53,0,53,0,32,103,0,135,58,8,66,201
08/01/2022,LUK,OH,ASO,CE,Federal Contract Tower,0,22,60,1,83,0,0,27,0,27,0,22,87,1,110,70,0,70,180
08/02/2022,LUK,OH,ASO,CE,Federal Contract Tower,0,27,62,1,90,0,0,116,4,120,0,27,178,5,210,294,0,294,504
08/03/2022,LUK,OH,ASO,CE,Federal Contract Tower,0,28,49,0,77,0,0,102,0,102,0,28,151,0,179,166,0,166,345
08/04/2022,LUK,OH,ASO,CE,Federal Contract Tower,0,29,57,0,86,0,1,48,0,49,0,30,105,0,135,56,0,56,191
08/05/2022,LUK,OH,ASO,CE,Federal Contract Tower,1,34,40,0,75,0,0,38,0,38,1,34,78,0,113,84,0,84,197
08/06/2022,LUK,OH,ASO,CE,Federal Contract Tower,0,24,32,0,56,0,0,22,0,22,0,24,54,0,78,26,0,26,104
08/07/2022,LUK,OH,ASO,CE,Federal Contract Tower,0,38,55,0,93,0,2,101,0,103,0,40,156,0,196,196,0,196,392
08/08/2022,LUK,OH,ASO,CE,Federal Contract Tower,0,26,52,2,80,0,0,83,0,83,0,26,135,2,163,230,0,230,393
08/09/2022,LUK,OH,ASO,CE,Federal Contract Tower,0,27,43,4,74,0,0,54,0,54,0,27,97,4,128,178,0,178,306
08/10/2022,LUK,OH,ASO,CE,Federal Contract Tower,0,35,64,3,102,0,0,34,1,35,0,35,98,4,137,206,2,208,345
08/11/2022,LUK,OH,ASO,CE,Federal Contract Tower,0,52,70,0,122,0,144,3,0,147,0,196,73,0,269,234,0,234,503
08/12/2022,LUK,OH,ASO,CE,Federal Contract Tower,0,32,64,2,98,0,1,136,6,143,0,33,200,8,241,350,8,358,599
08/13/2022,LUK,OH,ASO,CE,Federal Contract Tower,0,14,40,2,56,0,1,117,0,118,0,15,157,2,174,202,0,202,376
08/14/2022,LUK,OH,ASO,CE,Federal Contract Tower,0,26,70,1,97,0,0,42,0,42,0,26,112,1,139,76,0,76,215
08/15/2022,LUK,OH,ASO,CE,Federal Contract Tower,0,25,46,0,71,0,0,84,0,84,0,25,130,0,155,194,0,194,349
08/16/2022,LUK,OH,ASO,CE,Federal Contract Tower,0,41,66,5,112,0,0,145,5,150,0,41,211,10,262,316,0,316,578
08/17/2022,LUK,OH,ASO,CE,Federal Contract Tower,0,41,74,0,115,0,1,91,0,92,0,42,165,0,207,154,0,154,361
08/18/2022,LUK,OH,ASO,CE,Federal Contract Tower,0,54,83,0,137,0,3,137,0,140,0,57,220,0,277,230,0,230,507
08/19/2022,LUK,OH,ASO,CE,Federal Contract Tower,0,30,60,1,91,0,0,135,0,135,0,30,195,1,226,208,4,212,438
08/20/2022,LUK,OH,ASO,CE,Federal Contract Tower,0,28,27,0,55,0,0,79,0,79,0,28,106,0,134,90,0,90,224
08/21/2022,LUK,OH,ASO,CE,Federal Contract Tower,0,25,29,0,54,0,0,5,0,5,0,25,34,0,59,0,0,0,59
08/22/2022,LUK,OH,ASO,CE,Federal Contract Tower,0,38,56,0,94,0,0,42,0,42,0,38,98,0,136,154,0,154,290
08/23/2022,LUK,OH,ASO,CE,Federal Contract Tower,0,39,57,0,96,0,0,112,0,112,0,39,169,0,208,198,0,198,406
08/24/2022,LUK,OH,ASO,CE,Federal Contract Tower,0,29,74,2,105,0,0,115,0,115,0,29,189,2,220,244,0,244,464
08/25/2022,LUK,OH,ASO,CE,Federal Contract Tower,0,41,62,1,104,0,6,139,6,151,0,47,201,7,255,274,0,274,529
08/26/2022,LUK,OH,ASO,CE,Federal Contract Tower,0,31,61,0,92,0,0,103,6,109,0,31,164,6,201,106,0,106,307
08/27/2022,LUK,OH,ASO,CE,Federal Contract Tower,0,20,37,0,57,0,1,118,0,119,0,21,155,0,176,106,0,106,282
08/28/2022,LUK,OH,ASO,CE,Federal Contract Tower,0,39,57,0,96,0,1,107,0,108,0,40,164,0,204,148,0,148,352
08/29/2022,LUK,OH,ASO,CE,Federal Contract Tower,0,35,57,0,92,0,4,55,0,59,0,39,112,0,151,80,0,80,231
08/30/2022,LUK,OH,ASO,CE,Federal Contract Tower,0,36,51,3,90,0,6,41,0,47,0,42,92,3,137,90,0,90,227
08/31/2022,LUK,OH,ASO,CE,Federal Contract Tower,0,42,72,1,115,0,3,109,1,113,0,45,181,2,228,166,0,166,394
09/01/2022,LUK,OH,ASO,CE,Federal Contract Tower,0,41,109,0,150,0,3,168,0,171,0,44,277,0,321,320,0,320,641
09/02/2022,LUK,OH,ASO,CE,Federal Contract Tower,2,35,70,0,107,0,0,180,0,180,2,35,250,0,287,268,0,268,555
09/03/2022,LUK,OH,ASO,CE,Federal Contract Tower,2,22,28,0,52,0,2,22,0,24,2,24,50,0,76,4,0,4,80
09/04/2022,LUK,OH,ASO,CE,Federal Contract Tower,0,18,29,0,47,0,0,160,0,160,0,18,189,0,207,0,0,0,207
09/05/2022,LUK,OH,ASO,CE,Federal Contract Tower,0,28,56,0,84,0,0,22,0,22,0,28,78,0,106,26,0,26,132
09/06/2022,LUK,OH,ASO,CE,Federal Contract Tower,3,53,68,0,124,0,0,43,0,43,3,53,111,0,167,110,0,110,277
09/07/2022,LUK,OH,ASO,CE,Federal Contract Tower,0,57,71,0,128,0,0,93,0,93,0,57,164,0,221,178,0,178,399
09/08/2022,LUK,OH,ASO,CE,Federal Contract Tower,2,36,84,1,123,0,4,134,0,138,2,40,218,1,261,286,0,286,547
09/09/2022,LUK,OH,ASO,CE,Federal Contract Tower,1,21,62,0,84,0,5,138,0,143,1,26,200,0,227,314,0,314,541
09/10/2022,LUK,OH,ASO,CE,Federal Contract Tower,1,31,53,0,85,0,3,115,0,118,1,34,168,0,203,154,0,154,357
09/11/2022,LUK,OH,ASO,CE,Federal Contract Tower,1,63,41,0,105,0,0,13,0,13,1,63,54,0,118,22,0,22,140
09/12/2022,LUK,OH,ASO,CE,Federal Contract Tower,0,24,49,3,76,0,0,62,0,62,0,24,111,3,138,154,0,154,292
09/13/2022,LUK,OH,ASO,CE,Federal Contract Tower,2,38,57,0,97,0,3,95,2,100,2,41,152,2,197,194,0,194,391
09/14/2022,LUK,OH,ASO,CE,Federal Contract Tower,0,35,85,0,120,0,0,73,0,73,0,35,158,0,193,238,0,238,431
09/15/2022,LUK,OH,ASO,CE,Federal Contract Tower,0,40,95,1,136,0,3,109,1,113,0,43,204,2,249,222,0,222,471
09/16/2022,LUK,OH,ASO,CE,Federal Contract Tower,3,22,70,0,95,0,3,135,0,138,3,25,205,0,233,156,0,156,389
09/17/2022,LUK,OH,ASO,CE,Federal Contract Tower,0,15,43,0,58,0,0,87,0,87,0,15,130,0,145,104,0,104,249
09/18/2022,LUK,OH,ASO,CE,Federal Contract Tower,2,34,73,0,109,0,0,74,0,74,2,34,147,0,183,44,0,44,227
09/19/2022,LUK,OH,ASO,CE,Federal Contract Tower,0,39,60,0,99,0,0,89,2,91,0,39,149,2,190,204,0,204,394
09/20/2022,LUK,OH,ASO,CE,Federal Contract Tower,0,32,68,0,100,0,2,60,0,62,0,34,128,0,162,232,0,232,394
09/21/2022,LUK,OH,ASO,CE,Federal Contract Tower,0,35,61,2,98,0,5,63,0,68,0,40,124,2,166,102,0,102,268
09/22/2022,LUK,OH,ASO,CE,Federal Contract Tower,0,32,79,0,111,0,0,55,4,59,0,32,134,4,170,70,0,70,240
09/23/2022,LUK,OH,ASO,CE,Federal Contract Tower,0,34,59,0,93,0,1,130,0,131,0,35,189,0,224,276,0,276,500
09/24/2022,LUK,OH,ASO,CE,Federal Contract Tower,0,23,30,0,53,0,0,95,0,95,0,23,125,0,148,142,0,142,290
09/25/2022,LUK,OH,ASO,CE,Federal Contract Tower,1,30,58,0,89,0,0,54,0,54,1,30,112,0,143,70,0,70,213
09/26/2022,LUK,OH,ASO,CE,Federal Contract Tower,0,27,50,0,77,0,1,65,0,66,0,28,115,0,143,108,0,108,251
09/27/2022,LUK,OH,ASO,CE,Federal Contract Tower,0,34,57,0,91,0,4,77,1,82,0,38,134,1,173,104,0,104,277
09/28/2022,LUK,OH,ASO,CE,Federal Contract Tower,1,40,61,0,102,0,0,73,0,73,1,40,134,0,175,336,0,336,511
09/29/2022,LUK,OH,ASO,CE,Federal Contract Tower,0,47,76,0,123,0,6,100,0,106,0,53,176,0,229,264,0,264,493
09/30/2022,LUK,OH,ASO,CE,Federal Contract Tower,1,38,73,0,112,0,0,126,0,126,1,38,199,0,238,244,0,244,482
10/01/2022,LUK,OH,ASO,CE,Federal Contract Tower,0,22,48,0,70,0,3,88,0,91,0,25,136,0,161,154,0,154,315
10/02/2022,LUK,OH,ASO,CE,Federal Contract Tower,0,37,60,0,97,0,2,60,0,62,0,39,120,0,159,30,0,30,189
10/03/2022,LUK,OH,ASO,CE,Federal Contract Tower,0,46,57,0,103,0,0,92,0,92,0,46,149,0,195,230,0,230,425
10/04/2022,LUK,OH,ASO,CE,Federal Contract Tower,0,32,59,0,91,0,0,99,2,101,0,32,158,2,192,148,0,148,340
10/05/2022,LUK,OH,ASO,CE,Federal Contract Tower,0,49,69,2,120,0,4,99,0,103,0,53,168,2,223,194,0,194,417
10/06/2022,LUK,OH,ASO,CE,Federal Contract Tower,0,59,78,0,137,0,117,0,0,117,0,176,78,0,254,204,0,204,458
10/07/2022,LUK,OH,ASO,CE,Federal Contract Tower,1,54,69,0,124,0,0,66,0,66,1,54,135,0,190,112,0,112,302
10/08/2022,LUK,OH,ASO,CE,Federal Contract Tower,2,26,46,0,74,0,4,93,0,97,2,30,139,0,171,122,0,122,293
10/09/2022,LUK,OH,ASO,CE,Federal Contract Tower,1,38,54,0,93,0,0,87,0,87,1,38,141,0,180,76,0,76,256
10/10/2022,LUK,OH,ASO,CE,Federal Contract Tower,0,34,71,0,105,0,2,100,0,102,0,36,171,0,207,244,0,244,451
10/11/2022,LUK,OH,ASO,CE,Federal Contract Tower,0,36,53,1,90,0,0,82,0,82,0,36,135,1,172,188,0,188,360
10/12/2022,LUK,OH,ASO,CE,Federal Contract Tower,0,45,56,0,101,0,0,33,0,33,0,45,89,0,134,18,0,18,152
10/13/2022,LUK,OH,ASO,CE,Federal Contract Tower,0,62,73,2,137,0,5,53,0,58,0,67,126,2,195,36,0,36,231
10/14/2022,LUK,OH,ASO,CE,Federal Contract Tower,2,54,80,0,136,0,4,84,0,88,2,58,164,0,224,108,0,108,332
10/15/2022,LUK,OH,ASO,CE,Federal Contract Tower,2,34,54,0,90,0,0,98,0,98,2,34,152,0,188,132,0,132,320
10/16/2022,LUK,OH,ASO,CE,Federal Contract Tower,0,27,76,0,103,0,0,119,0,119,0,27,195,0,222,266,0,266,488
10/17/2022,LUK,OH,ASO,CE,Federal Contract Tower,0,37,62,2,101,0,2,73,0,75,0,39,135,2,176,20,0,20,196
10/18/2022,LUK,OH,ASO,CE,Federal Contract Tower,0,34,32,0,66,0,0,18,0,18,0,34,50,0,84,18,0,18,102
10/19/2022,LUK,OH,ASO,CE,Federal Contract Tower,2,48,67,3,120,0,4,87,0,91,2,52,154,3,211,182,0,182,393
10/20/2022,LUK,OH,ASO,CE,Federal Contract Tower,0,49,97,0,146,0,2,137,0,139,0,51,234,0,285,282,0,282,567
10/21/2022,LUK,OH,ASO,CE,Federal Contract Tower,0,43,73,0,116,0,2,130,0,132,0,45,203,0,248,312,0,312,560
10/22/2022,LUK,OH,ASO,CE,Federal Contract Tower,0,21,39,0,60,0,2,97,0,99,0,23,136,0,159,156,0,156,315
10/23/2022,LUK,OH,ASO,CE,Federal Contract Tower,0,47,70,0,117,0,4,122,0,126,0,51,192,0,243,230,0,230,473
10/24/2022,LUK,OH,ASO,CE,Federal Contract Tower,0,42,79,0,121,0,3,110,0,113,0,45,189,0,234,148,0,148,382
10/25/2022,LUK,OH,ASO,CE,Federal Contract Tower,0,32,53,0,85,0,0,110,1,111,0,32,163,1,196,194,0,194,390
10/26/2022,LUK,OH,ASO,CE,Federal Contract Tower,0,31,74,0,105,0,0,2,0,2,0,31,76,0,107,22,0,22,129
10/27/2022,LUK,OH,ASO,CE,Federal Contract Tower,0,35,67,0,102,0,0,117,0,117,0,35,184,0,219,180,0,180,399
10/28/2022,LUK,OH,ASO,CE,Federal Contract Tower,0,45,52,0,97,0,0,128,0,128,0,45,180,0,225,268,0,268,493
10/29/2022,LUK,OH,ASO,CE,Federal Contract Tower,0,22,40,0,62,0,0,128,0,128,0,22,168,0,190,214,0,214,404
10/30/2022,LUK,OH,ASO,CE,Federal Contract Tower,0,45,50,0,95,0,1,35,0,36,0,46,85,0,131,40,0,40,171
10/31/2022,LUK,OH,ASO,CE,Federal Contract Tower,0,30,59,2,91,0,0,0,0,0,0,30,59,2,91,32,0,32,123
11/01/2022,LUK,OH,ASO,CE,Federal Contract Tower,0,36,59,1,96,0,0,34,1,35,0,36,93,2,131,176,0,176,307
11/02/2022,LUK,OH,ASO,CE,Federal Contract Tower,0,30,57,1,88,0,0,36,1,37,0,30,93,2,125,94,2,96,221
11/03/2022,LUK,OH,ASO,CE,Federal Contract Tower,0,25,47,0,72,0,1,79,0,80,0,26,126,0,152,268,0,268,420
11/04/2022,LUK,OH,ASO,CE,Federal Contract Tower,0,35,54,6,95,0,5,100,5,110,0,40,154,11,205,180,0,180,385
11/05/2022,LUK,OH,ASO,CE,Federal Contract Tower,0,22,20,0,42,0,0,2,1,3,0,22,22,1,45,0,0,0,45
11/06/2022,LUK,OH,ASO,CE,Federal Contract Tower,0,24,58,0,82,0,1,97,0,98,0,25,155,0,180,182,0,182,362
11/07/2022,LUK,OH,ASO,CE,Federal Contract Tower,0,27,55,0,82,0,4,113,0,117,0,31,168,0,199,180,0,180,379
11/08/2022,LUK,OH,ASO,CE,Federal Contract Tower,0,36,63,0,99,0,0,105,0,105,0,36,168,0,204,248,0,248,452
11/09/2022,LUK,OH,ASO,CE,Federal Contract Tower,0,46,77,2,125,0,1,94,5,100,0,47,171,7,225,250,0,250,475
11/10/2022,LUK,OH,ASO,CE,Federal Contract Tower,0,26,87,0,113,0,4,113,0,117,0,30,200,0,230,266,2,268,498
11/11/2022,LUK,OH,ASO,CE,Federal Contract Tower,0,21,69,0,90,0,0,8,0,8,0,21,77,0,98,32,0,32,130
11/12/2022,LUK,OH,ASO,CE,Federal Contract Tower,0,12,24,0,36,0,0,0,0,0,0,12,24,0,36,0,0,0,36
11/13/2022,LUK,OH,ASO,CE,Federal Contract Tower,0,32,39,0,71,0,0,53,0,53,0,32,92,0,124,86,0,86,210
11/14/2022,LUK,OH,ASO,CE,Federal Contract Tower,0,31,55,0,86,0,4,99,0,103,0,35,154,0,189,178,0,178,367
11/15/2022,LUK,OH,ASO,CE,Federal Contract Tower,0,44,55,1,100,0,0,0,0,0,0,44,55,1,100,0,0,0,100
11/16/2022,LUK,OH,ASO,CE,Federal Contract Tower,0,32,45,0,77,0,0,1,0,1,0,32,46,0,78,0,0,0,78
11/17/2022,LUK,OH,ASO,CE,Federal Contract Tower,0,37,39,0,76,0,1,26,0,27,0,38,65,0,103,62,0,62,165
11/18/2022,LUK,OH,ASO,CE,Federal Contract Tower,0,34,69,2,105,0,3,53,0,56,0,37,122,2,161,48,0,48,209
11/19/2022,LUK,OH,ASO,CE,Federal Contract Tower,0,37,54,0,91,0,0,90,0,90,0,37,144,0,181,52,0,52,233
11/20/2022,LUK,OH,ASO,CE,Federal Contract Tower,0,31,48,0,79,0,3,99,0,102,0,34,147,0,181,198,0,198,379
11/21/2022,LUK,OH,ASO,CE,Federal Contract Tower,0,46,48,0,94,0,1,114,0,115,0,47,162,0,209,198,0,198,407
11/22/2022,LUK,OH,ASO,CE,Federal Contract Tower,0,40,59,0,99,0,0,99,0,99,0,40,158,0,198,300,0,300,498
11/23/2022,LUK,OH,ASO,CE,Federal Contract Tower,0,29,40,0,69,0,1,70,0,71,0,30,110,0,140,110,0,110,250
11/24/2022,LUK,OH,ASO,CE,Federal Contract Tower,0,9,8,0,17,0,0,13,0,13,0,9,21,0,30,2,0,2,32
11/25/2022,LUK,OH,ASO,CE,Federal Contract Tower,0,12,29,0,41,0,1,21,0,22,0,13,50,0,63,14,0,14,77
11/27/2022,LUK,OH,ASO,CE,Federal Contract Tower,0,28,59,0,87,0,0,0,0,0,0,28,59,0,87,4,0,4,91
11/28/2022,LUK,OH,ASO,CE,Federal Contract Tower,0,41,48,0,89,0,0,21,0,21,0,41,69,0,110,156,0,156,266
11/29/2022,LUK,OH,ASO,CE,Federal Contract Tower,0,37,46,0,83,0,1,83,0,84,0,38,129,0,167,132,0,132,299
11/30/2022,LUK,OH,ASO,CE,Federal Contract Tower,0,39,59,2,100,0,9,25,0,34,0,48,84,2,134,22,0,22,156
12/01/2022,LUK,OH,ASO,CE,Federal Contract Tower,0,51,89,0,140,0,0,135,0,135,0,51,224,0,275,346,0,346,621
12/02/2022,LUK,OH,ASO,CE,Federal Contract Tower,2,29,49,1,81,0,2,55,0,57,2,31,104,1,138,210,0,210,348
12/04/2022,LUK,OH,ASO,CE,Federal Contract Tower,0,54,68,0,122,0,3,103,0,106,0,57,171,0,228,170,0,170,398
12/05/2022,LUK,OH,ASO,CE,Federal Contract Tower,0,41,40,0,81,0,0,80,0,80,0,41,120,0,161,232,0,232,393
12/06/2022,LUK,OH,ASO,CE,Federal Contract Tower,0,34,44,0,78,0,0,0,0,0,0,34,44,0,78,0,0,0,78
12/07/2022,LUK,OH,ASO,CE,Federal Contract Tower,0,38,63,0,101,0,0,3,0,3,0,38,66,0,104,0,0,0,104
12/08/2022,LUK,OH,ASO,CE,Federal Contract Tower,0,49,71,7,127,0,0,5,3,8,0,49,76,10,135,118,0,118,253
12/09/2022,LUK,OH,ASO,CE,Federal Contract Tower,0,31,60,3,94,0,0,25,2,27,0,31,85,5,121,104,0,104,225
12/10/2022,LUK,OH,ASO,CE,Federal Contract Tower,0,25,43,0,68,0,2,19,0,21,0,27,62,0,89,8,0,8,97
12/11/2022,LUK,OH,ASO,CE,Federal Contract Tower,0,37,51,1,89,0,0,75,1,76,0,37,126,2,165,202,0,202,367
12/12/2022,LUK,OH,ASO,CE,Federal Contract Tower,0,29,57,1,87,0,3,104,1,108,0,32,161,2,195,234,0,234,429
12/13/2022,LUK,OH,ASO,CE,Federal Contract Tower,0,31,73,0,104,0,4,117,2,123,0,35,190,2,227,232,0,232,459
12/14/2022,LUK,OH,ASO,CE,Federal Contract Tower,0,27,65,0,92,0,0,2,0,2,0,27,67,0,94,0,0,0,94
12/15/2022,LUK,OH,ASO,CE,Federal Contract Tower,0,39,53,0,92,0,0,37,0,37,0,39,90,0,129,160,0,160,289
12/16/2022,LUK,OH,ASO,CE,Federal Contract Tower,0,36,60,0,96,0,0,61,0,61,0,36,121,0,157,52,0,52,209
12/17/2022,LUK,OH,ASO,CE,Federal Contract Tower,0,34,50,0,84,0,5,34,0,39,0,39,84,0,123,48,0,48,171
12/18/2022,LUK,OH,ASO,CE,Federal Contract Tower,0,29,36,0,65,0,3,63,0,66,0,32,99,0,131,110,0,110,241
12/19/2022,LUK,OH,ASO,CE,Federal Contract Tower,0,24,76,0,100,0,2,92,2,96,0,26,168,2,196,224,0,224,420
12/20/2022,LUK,OH,ASO,CE,Federal Contract Tower,0,42,52,2,96,0,0,116,0,116,0,42,168,2,212,278,0,278,490
12/21/2022,LUK,OH,ASO,CE,Federal Contract Tower,0,44,62,1,107,0,4,132,1,137,0,48,194,2,244,260,0,260,504
12/22/2022,LUK,OH,ASO,CE,Federal Contract Tower,0,43,27,0,70,0,0,0,0,0,0,43,27,0,70,0,0,0,70
12/23/2022,LUK,OH,ASO,CE,Federal Contract Tower,0,15,6,0,21,0,0,0,0,0,0,15,6,0,21,0,0,0,21
12/24/2022,LUK,OH,ASO,CE,Federal Contract Tower,0,26,18,0,44,0,0,3,0,3,0,26,21,0,47,0,0,0,47
12/25/2022,LUK,OH,ASO,CE,Federal Contract Tower,0,20,10,0,30,0,1,4,0,5,0,21,14,0,35,0,0,0,35
12/26/2022,LUK,OH,ASO,CE,Federal Contract Tower,0,53,45,0,98,0,0,0,0,0,0,53,45,0,98,0,0,0,98
12/27/2022,LUK,OH,ASO,CE,Federal Contract Tower,0,39,61,0,100,0,0,0,0,0,0,39,61,0,100,0,0,0,100
12/28/2022,LUK,OH,ASO,CE,Federal Contract Tower,0,43,41,0,84,0,2,87,0,89,0,45,128,0,173,138,0,138,311
12/29/2022,LUK,OH,ASO,CE,Federal Contract Tower,0,31,43,2,76,0,1,60,1,62,0,32,103,3,138,160,0,160,298
12/30/2022,LUK,OH,ASO,CE,Federal Contract Tower,2,20,40,0,62,0,0,73,0,73,2,20,113,0,135,174,0,174,309
12/31/2022,LUK,OH,ASO,CE,Federal Contract Tower,1,22,43,0,66,0,0,19,0,19,1,22,62,0,85,0,0,0,85
01/01/2023,LUK,OH,ASO,CE,Federal Contract Tower,0,30,35,0,65,0,0,7,0,7,0,30,42,0,72,12,0,12,84
01/02/2023,LUK,OH,ASO,CE,Federal Contract Tower,0,36,75,1,112,0,0,25,0,25,0,36,100,1,137,94,0,94,231
01/03/2023,LUK,OH,ASO,CE,Federal Contract Tower,0,39,41,1,81,0,0,11,0,11,0,39,52,1,92,50,0,50,142
01/04/2023,LUK,OH,ASO,CE,Federal Contract Tower,0,25,34,0,59,0,0,19,0,19,0,25,53,0,78,88,0,88,166
01/05/2023,LUK,OH,ASO,CE,Federal Contract Tower,2,44,73,0,119,0,3,59,0,62,2,47,132,0,181,152,0,152,333
01/06/2023,LUK,OH,ASO,CE,Federal Contract Tower,0,39,33,0,72,0,9,53,0,62,0,48,86,0,134,244,0,244,378
01/07/2023,LUK,OH,ASO,CE,Federal Contract Tower,0,31,54,4,89,0,2,93,0,95,0,33,147,4,184,162,0,162,346
01/08/2023,LUK,OH,ASO,CE,Federal Contract Tower,1,35,36,0,72,0,0,57,0,57,1,35,93,0,129,120,0,120,249
01/09/2023,LUK,OH,ASO,CE,Federal Contract Tower,0,36,35,0,71,0,0,63,0,63,0,36,98,0,134,188,0,188,322
01/10/2023,LUK,OH,ASO,CE,Federal Contract Tower,0,40,69,0,109,0,0,134,0,134,0,40,203,0,243,278,0,278,521
01/11/2023,LUK,OH,ASO,CE,Federal Contract Tower,0,29,44,0,73,0,28,9,0,37,0,57,53,0,110,214,0,214,324
01/12/2023,LUK,OH,ASO,CE,Federal Contract Tower,0,18,47,6,71,0,0,0,0,0,0,18,47,6,71,0,0,0,71
01/13/2023,LUK,OH,ASO,CE,Federal Contract Tower,0,35,31,0,66,0,2,17,0,19,0,37,48,0,85,120,0,120,205
01/14/2023,LUK,OH,ASO,CE,Federal Contract Tower,0,17,44,0,61,0,2,129,0,131,0,19,173,0,192,170,0,170,362
01/15/2023,LUK,OH,ASO,CE,Federal Contract Tower,0,34,50,0,84,0,1,119,0,120,0,35,169,0,204,218,0,218,422
01/16/2023,LUK,OH,ASO,CE,Federal Contract Tower,0,27,46,0,73,0,0,62,0,62,0,27,108,0,135,126,0,126,261
01/17/2023,LUK,OH,ASO,CE,Federal Contract Tower,0,29,41,0,70,0,1,57,0,58,0,30,98,0,128,50,2,52,180
01/18/2023,LUK,OH,ASO,CE,Federal Contract Tower,0,45,67,0,112,0,2,73,0,75,0,47,140,0,187,250,0,250,437
01/19/2023,LUK,OH,ASO,CE,Federal Contract Tower,0,34,58,0,92,0,0,28,0,28,0,34,86,0,120,34,0,34,154
01/20/2023,LUK,OH,ASO,CE,Federal Contract Tower,0,33,44,0,77,0,0,27,0,27,0,33,71,0,104,110,0,110,214
01/21/2023,LUK,OH,ASO,CE,Federal Contract Tower,2,23,39,0,64,0,0,121,0,121,2,23,160,0,185,392,0,392,577
01/22/2023,LUK,OH,ASO,CE,Federal Contract Tower,0,29,33,0,62,0,0,0,0,0,0,29,33,0,62,0,0,0,62
01/23/2023,LUK,OH,ASO,CE,Federal Contract Tower,2,30,37,0,69,0,0,7,0,7,2,30,44,0,76,52,0,52,128
01/24/2023,LUK,OH,ASO,CE,Federal Contract Tower,0,31,86,0,117,0,1,131,0,132,0,32,217,0,249,182,0,182,431
01/25/2023,LUK,OH,ASO,CE,Federal Contract Tower,0,22,33,0,55,0,0,0,0,0,0,22,33,0,55,0,0,0,55
01/27/2023,LUK,OH,ASO,CE,Federal Contract Tower,0,33,40,0,73,0,4,55,4,63,0,37,95,4,136,78,0,78,214
01/28/2023,LUK,OH,ASO,CE,Federal Contract Tower,0,23,59,0,82,0,1,134,0,135,0,24,193,0,217,172,4,176,393
01/29/2023,LUK,OH,ASO,CE,Federal Contract Tower,0,29,40,0,69,0,0,0,0,0,0,29,40,0,69,0,0,0,69
01/30/2023,LUK,OH,ASO,CE,Federal Contract Tower,0,22,33,0,55,0,0,0,0,0,0,22,33,0,55,0,0,0,55
01/31/2023,LUK,OH,ASO,CE,Federal Contract Tower,1,29,42,0,72,0,0,53,0,53,1,29,95,0,125,202,0,202,327
02/01/2023,LUK,OH,ASO,CE,Federal Contract Tower,3,50,64,0,117,0,2,120,2,124,3,52,184,2,241,276,0,276,517
02/02/2023,LUK,OH,ASO,CE,Federal Contract Tower,0,44,101,2,147,0,0,117,0,117,0,44,218,2,264,250,0,250,514
02/03/2023,LUK,OH,ASO,CE,Federal Contract Tower,0,50,57,0,107,0,0,97,0,97,0,50,154,0,204,162,0,162,366
02/04/2023,LUK,OH,ASO,CE,Federal Contract Tower,0,27,36,2,65,0,3,93,0,96,0,30,129,2,161,120,0,120,281
02/05/2023,LUK,OH,ASO,CE,Federal Contract Tower,0,34,43,0,77,0,0,29,0,29,0,34,72,0,106,38,0,38,144
02/06/2023,LUK,OH,ASO,CE,Federal Contract Tower,0,36,46,4,86,0,3,115,0,118,0,39,161,4,204,262,0,262,466
02/07/2023,LUK,OH,ASO,CE,Federal Contract Tower,0,45,51,4,100,0,0,61,7,68,0,45,112,11,168,136,0,136,304
02/08/2023,LUK,OH,ASO,CE,Federal Contract Tower,0,35,58,0,93,0,0,68,0,68,0,35,126,0,161,0,154,154,315
02/09/2023,LUK,OH,ASO,CE,Federal Contract Tower,0,39,37,0,76,0,0,0,0,0,0,39,37,0,76,0,0,0,76
02/10/2023,LUK,OH,ASO,CE,Federal Contract Tower,1,47,45,1,94,0,0,56,0,56,1,47,101,1,150,208,0,208,358
02/11/2023,LUK,OH,ASO,CE,Federal Contract Tower,1,24,46,0,71,0,1,150,0,151,1,25,196,0,222,172,0,172,394
02/12/2023,LUK,OH,ASO,CE,Federal Contract Tower,0,29,32,0,61,0,0,118,0,118,0,29,150,0,179,178,0,178,357
02/13/2023,LUK,OH,ASO,CE,Federal Contract Tower,0,30,58,0,88,0,2,124,0,126,0,32,182,0,214,194,0,194,408
02/14/2023,LUK,OH,ASO,CE,Federal Contract Tower,0,48,71,0,119,0,0,104,2,106,0,48,175,2,225,204,0,204,429
02/15/2023,LUK,OH,ASO,CE,Federal Contract Tower,0,39,53,0,92,0,0,26,4,30,0,39,79,4,122,22,0,22,144
02/16/2023,LUK,OH,ASO,CE,Federal Contract Tower,0,45,34,0,79,0,0,2,0,2,0,45,36,0,81,0,0,0,81
02/17/2023,LUK,OH,ASO,CE,Federal Contract Tower,2,30,41,0,73,0,0,33,0,33,2,30,74,0,106,36,0,36,142
02/18/2023,LUK,OH,ASO,CE,Federal Contract Tower,0,20,41,3,64,0,0,139,0,139,0,20,180,3,203,162,0,162,365
02/19/2023,LUK,OH,ASO,CE,Federal Contract Tower,0,15,40,0,55,0,2,41,0,43,0,17,81,0,98,34,0,34,132
02/20/2023,LUK,OH,ASO,CE,Federal Contract Tower,2,33,74,1,110,0,0,110,0,110,2,33,184,1,220,290,0,290,510
02/21/2023,LUK,OH,ASO,CE,Federal Contract Tower,2,31,54,0,87,0,0,61,0,61,2,31,115,0,148,28,0,28,176
02/22/2023,LUK,OH,ASO,CE,Federal Contract Tower,0,34,23,0,57,0,0,4,0,4,0,34,27,0,61,30,0,30,91
02/23/2023,LUK,OH,ASO,CE,Federal Contract Tower,0,31,52,2,85,0,1,42,0,43,0,32,94,2,128,72,0,72,200
02/24/2023,LUK,OH,ASO,CE,Federal Contract Tower,2,34,72,4,112,0,2,127,0,129,2,36,199,4,241,318,0,318,559
02/25/2023,LUK,OH,ASO,CE,Federal Contract Tower,1,31,54,0,86,0,0,125,0,125,1,31,179,0,211,150,0,150,361
02/26/2023,LUK,OH,ASO,CE,Federal Contract Tower,0,26,61,0,87,0,0,118,0,118,0,26,179,0,205,148,0,148,353
02/27/2023,LUK,OH,ASO,CE,Federal Contract Tower,0,32,26,0,58,0,0,0,0,0,0,32,26,0,58,0,0,0,58
02/28/2023,LUK,OH,ASO,CE,Federal Contract Tower,0,37,83,0,120,0,4,88,4,96,0,41,171,4,216,336,0,336,552
03/01/2023,LUK,OH,ASO,CE,Federal Contract Tower,0,44,62,0,106,0,6,92,0,98,0,50,154,0,204,222,0,222,426
03/02/2023,LUK,OH,ASO,CE,Federal Contract Tower,0,22,83,2,107,0,2,116,0,118,0,24,199,2,225,262,0,262,487
03/03/2023,LUK,OH,ASO,CE,Federal Contract Tower,0,19,22,0,41,0,0,0,0,0,0,19,22,0,41,0,0,0,41
03/04/2023,LUK,OH,ASO,CE,Federal Contract Tower,0,25,45,0,70,0,0,85,0,85,0,25,130,0,155,180,0,180,335
03/05/2023,LUK,OH,ASO,CE,Federal Contract Tower,0,26,54,0,80,0,6,112,0,118,0,32,166,0,198,230,0,230,428
03/06/2023,LUK,OH,ASO,CE,Federal Contract Tower,0,29,47,1,77,0,1,76,1,78,0,30,123,2,155,104,0,104,259
03/07/2023,LUK,OH,ASO,CE,Federal Contract Tower,0,39,57,1,97,0,20,58,1,79,0,59,115,2,176,146,0,146,322
03/08/2023,LUK,OH,ASO,CE,Federal Contract Tower,0,34,68,0,102,0,9,113,0,122,0,43,181,0,224,274,0,274,498
03/09/2023,LUK,OH,ASO,CE,Federal Contract Tower,1,30,79,0,110,0,14,85,0,99,1,44,164,0,209,214,0,214,423
03/10/2023,LUK,OH,ASO,CE,Federal Contract Tower,0,27,33,0,60,0,0,0,0,0,0,27,33,0,60,0,0,0,60
03/11/2023,LUK,OH,ASO,CE,Federal Contract Tower,2,34,51,0,87,0,5,143,0,148,2,39,194,0,235,218,0,218,453
03/12/2023,LUK,OH,ASO,CE,Federal Contract Tower,0,30,21,0,51,0,0,0,0,0,0,30,21,0,51,0,0,0,51
03/13/2023,LUK,OH,ASO,CE,Federal Contract Tower,0,15,23,0,38,0,1,6,0,7,0,16,29,0,45,16,0,16,61
03/14/2023,LUK,OH,ASO,CE,Federal Contract Tower,0,46,27,0,73,0,5,46,0,51,0,51,73,0,124,112,0,112,236
03/15/2023,LUK,OH,ASO,CE,Federal Contract Tower,0,40,75,0,115,0,11,142,3,156,0,51,217,3,271,296,0,296,567
03/16/2023,LUK,OH,ASO,CE,Federal Contract Tower,0,37,59,4,100,0,8,61,0,69,0,45,120,4,169,168,0,168,337
03/17/2023,LUK,OH,ASO,CE,Federal Contract Tower,0,22,30,2,54,0,0,12,0,12,0,22,42,2,66,18,0,18,84
03/18/2023,LUK,OH,ASO,CE,Federal Contract Tower,0,16,27,0,43,0,0,16,0,16,0,16,43,0,59,58,0,58,117
03/19/2023,LUK,OH,ASO,CE,Federal Contract Tower,0,39,64,0,103,0,18,124,0,142,0,57,188,0,245,270,0,270,515
03/20/2023,LUK,OH,ASO,CE,Federal Contract Tower,0,31,49,0,80,0,20,105,0,125,0,51,154,0,205,200,0,200,405
03/21/2023,LUK,OH,ASO,CE,Federal Contract Tower,0,31,62,0,93,0,25,145,0,170,0,56,207,0,263,230,0,230,493
03/22/2023,LUK,OH,ASO,CE,Federal Contract Tower,0,40,50,0,90,0,0,0,0,0,0,40,50,0,90,0,0,0,90
03/23/2023,LUK,OH,ASO,CE,Federal Contract Tower,0,28,50,0,78,0,0,4,0,4,0,28,54,0,82,2,0,2,84
03/24/2023,LUK,OH,ASO,CE,Federal Contract Tower,2,29,33,0,64,0,0,0,0,0,2,29,33,0,64,0,0,0,64
03/25/2023,LUK,OH,ASO,CE,Federal Contract Tower,0,18,37,0,55,0,0,0,0,0,0,18,37,0,55,2,0,2,57
03/26/2023,LUK,OH,ASO,CE,Federal Contract Tower,0,41,83,0,124,0,4,164,0,168,0,45,247,0,292,200,0,200,492
03/27/2023,LUK,OH,ASO,CE,Federal Contract Tower,0,29,52,0,81,0,0,96,0,96,0,29,148,0,177,196,0,196,373
03/28/2023,LUK,OH,ASO,CE,Federal Contract Tower,0,29,58,0,87,0,5,155,0,160,0,34,213,0,247,300,0,300,547
03/29/2023,LUK,OH,ASO,CE,Federal Contract Tower,0,29,51,2,82,0,1,75,3,79,0,30,126,5,161,110,0,110,271
03/30/2023,LUK,OH,ASO,CE,Federal Contract Tower,0,31,72,0,103,0,5,110,0,115,0,36,182,0,218,290,0,290,508
03/31/2023,LUK,OH,ASO,CE,Federal Contract Tower,2,28,37,0,67,0,0,0,0,0,2,28,37,0,67,0,0,0,67
04/01/2023,LUK,OH,ASO,CE,Federal Contract Tower,0,29,31,0,60,0,2,0,0,2,0,31,31,0,62,0,0,0,62
04/02/2023,LUK,OH,ASO,CE,Federal Contract Tower,0,30,60,0,90,0,0,109,0,109,0,30,169,0,199,200,0,200,399
04/03/2023,LUK,OH,ASO,CE,Federal Contract Tower,0,28,55,0,83,0,2,95,0,97,0,30,150,0,180,218,0,218,398
04/04/2023,LUK,OH,ASO,CE,Federal Contract Tower,0,42,53,1,96,0,4,23,4,31,0,46,76,5,127,56,0,56,183
04/05/2023,LUK,OH,ASO,CE,Federal Contract Tower,0,27,32,0,59,0,0,4,0,4,0,27,36,0,63,0,0,0,63
04/06/2023,LUK,OH,ASO,CE,Federal Contract Tower,0,48,76,4,128,0,3,91,0,94,0,51,167,4,222,324,0,324,546
04/07/2023,LUK,OH,ASO,CE,Federal Contract Tower,2,48,54,0,104,0,5,106,0,111,2,53,160,0,215,260,0,260,475
04/08/2023,LUK,OH,ASO,CE,Federal Contract Tower,1,20,72,0,93,0,7,130,0,137,1,27,202,0,230,246,0,246,476
04/09/2023,LUK,OH,ASO,CE,Federal Contract Tower,0,22,35,0,57,0,0,78,0,78,0,22,113,0,135,144,0,144,279
04/10/2023,LUK,OH,ASO,CE,Federal Contract Tower,0,41,64,0,105,0,7,109,0,116,0,48,173,0,221,274,0,274,495
04/11/2023,LUK,OH,ASO,CE,Federal Contract Tower,0,29,75,0,104,0,17,122,0,139,0,46,197,0,243,288,0,288,531
04/12/2023,LUK,OH,ASO,CE,Federal Contract Tower,0,35,77,0,112,0,4,77,0,81,0,39,154,0,193,278,0,278,471
04/13/2023,LUK,OH,ASO,CE,Federal Contract Tower,0,32,62,0,94,0,1,94,0,95,0,33,156,0,189,322,0,322,511
04/14/2023,LUK,OH,ASO,CE,Federal Contract Tower,0,50,65,0,115,0,12,100,0,112,0,62,165,0,227,288,0,288,515
04/15/2023,LUK,OH,ASO,CE,Federal Contract Tower,0,37,50,0,87,0,4,138,0,142,0,41,188,0,229,280,0,280,509
04/16/2023,LUK,OH,ASO,CE,Federal Contract Tower,0,43,42,0,85,0,0,19,0,19,0,43,61,0,104,76,0,76,180
04/17/2023,LUK,OH,ASO,CE,Federal Contract Tower,0,39,61,0,100,0,2,14,0,16,0,41,75,0,116,12,0,12,128
04/18/2023,LUK,OH,ASO,CE,Federal Contract Tower,0,36,60,1,97,0,24,101,0,125,0,60,161,1,222,164,0,164,386
04/19/2023,LUK,OH,ASO,CE,Federal Contract Tower,0,35,81,0,116,0,15,128,0,143,0,50,209,0,259,286,0,286,545
04/20/2023,LUK,OH,ASO,CE,Federal Contract Tower,1,53,87,5,146,0,8,103,4,115,1,61,190,9,261,122,0,122,383
04/21/2023,LUK,OH,ASO,CE,Federal Contract Tower,1,30,80,0,111,0,0,17,0,17,1,30,97,0,128,98,0,98,226
04/22/2023,LUK,OH,ASO,CE,Federal Contract Tower,0,21,35,0,56,0,0,50,0,50,0,21,85,0,106,12,0,12,118
04/24/2023,LUK,OH,ASO,CE,Federal Contract Tower,0,31,70,0,101,0,6,106,0,112,0,37,176,0,213,286,0,286,499
04/25/2023,LUK,OH,ASO,CE,Federal Contract Tower,0,62,86,0,148,0,20,126,4,150,0,82,212,4,298,276,0,276,574
04/26/2023,LUK,OH,ASO,CE,Federal Contract Tower,1,42,79,4,126,0,8,94,17,119,1,50,173,21,245,236,0,236,481
04/27/2023,LUK,OH,ASO,CE,Federal Contract Tower,1,61,83,4,149,0,8,93,0,101,1,69,176,4,250,196,0,196,446
04/28/2023,LUK,OH,ASO,CE,Federal Contract Tower,2,42,69,0,113,0,0,12,0,12,2,42,81,0,125,44,0,44,169
04/29/2023,LUK,OH,ASO,CE,Federal Contract Tower,0,17,59,7,83,0,0,108,0,108,0,17,167,7,191,128,6,134,325
04/30/2023,LUK,OH,ASO,CE,Federal Contract Tower,2,37,40,0,79,0,0,24,0,24,2,37,64,0,103,56,0,56,159
05/01/2023,LUK,OH,ASO,CE,Federal Contract Tower,0,37,29,0,66,0,0,2,0,2,0,37,31,0,68,0,0,0,68
05/02/2023,LUK,OH,ASO,CE,Federal Contract Tower,0,48,68,0,116,0,7,37,0,44,0,55,105,0,160,70,0,70,230
05/03/2023,LUK,OH,ASO,CE,Federal Contract Tower,0,36,63,0,99,0,0,35,0,35,0,36,98,0,134,64,0,64,198
05/04/2023,LUK,OH,ASO,CE,Federal Contract Tower,0,42,70,0,112,0,26,153,0,179,0,68,223,0,291,282,0,282,573
05/05/2023,LUK,OH,ASO,CE,Federal Contract Tower,1,37,68,0,106,0,5,128,0,133,1,42,196,0,239,182,0,182,421
05/06/2023,LUK,OH,ASO,CE,Federal Contract Tower,1,28,56,0,85,0,0,135,0,135,1,28,191,0,220,224,0,224,444
05/07/2023,LUK,OH,ASO,CE,Federal Contract Tower,0,42,47,0,89,0,0,24,0,24,0,42,71,0,113,76,0,76,189
05/08/2023,LUK,OH,ASO,CE,Federal Contract Tower,0,41,42,0,83,0,0,86,0,86,0,41,128,0,169,296,0,296,465
05/09/2023,LUK,OH,ASO,CE,Federal Contract Tower,2,44,60,1,107,0,19,126,1,146,2,63,186,2,253,278,0,278,531
05/10/2023,LUK,OH,ASO,CE,Federal Contract Tower,1,59,85,2,147,0,18,117,0,135,1,77,202,2,282,324,0,324,606
05/11/2023,LUK,OH,ASO,CE,Federal Contract Tower,0,40,86,2,128,0,27,133,0,160,0,67,219,2,288,326,0,326,614
05/12/2023,LUK,OH,ASO,CE,Federal Contract Tower,0,44,53,0,97,0,8,36,0,44,0,52,89,0,141,98,0,98,239
05/13/2023,LUK,OH,ASO,CE,Federal Contract Tower,0,19,39,0,58,0,0,57,0,57,0,19,96,0,115,96,0,96,211
05/14/2023,LUK,OH,ASO,CE,Federal Contract Tower,0,33,43,0,76,0,11,107,0,118,0,44,150,0,194,290,0,290,484
05/15/2023,LUK,OH,ASO,CE,Federal Contract Tower,0,52,47,0,99,0,3,66,0,69,0,55,113,0,168,186,0,186,354
05/16/2023,LUK,OH,ASO,CE,Federal Contract Tower,2,53,61,0,116,0,5,25,0,30,2,58,86,0,146,66,0,66,212
05/17/2023,LUK,OH,ASO,CE,Federal Contract Tower,0,43,73,0,116,0,2,124,2,128,0,45,197,2,244,266,0,266,510
05/18/2023,LUK,OH,ASO,CE,Federal Contract Tower,0,43,87,0,130,0,10,125,0,135,0,53,212,0,265,298,0,298,563
05/19/2023,LUK,OH,ASO,CE,Federal Contract Tower,2,48,53,0,103,0,3,47,0,50,2,51,100,0,153,82,0,82,235
05/20/2023,LUK,OH,ASO,CE,Federal Contract Tower,0,36,57,0,93,0,0,65,0,65,0,36,122,0,158,70,0,70,228
05/21/2023,LUK,OH,ASO,CE,Federal Contract Tower,0,31,49,0,80,0,0,128,0,128,0,31,177,0,208,294,0,294,502
05/22/2023,LUK,OH,ASO,CE,Federal Contract Tower,1,45,52,2,100,0,8,93,0,101,1,53,145,2,201,262,0,262,463
05/23/2023,LUK,OH,ASO,CE,Federal Contract Tower,0,44,61,0,105,0,14,99,0,113,0,58,160,0,218,284,0,284,502
05/24/2023,LUK,OH,ASO,CE,Federal Contract Tower,0,45,81,1,127,0,13,92,1,106,0,58,173,2,233,276,0,276,509
05/25/2023,LUK,OH,ASO,CE,Federal Contract Tower,0,37,63,0,100,0,14,83,0,97,0,51,146,0,197,184,0,184,381
05/26/2023,LUK,OH,ASO,CE,Federal Contract Tower,2,41,62,0,105,0,12,105,0,117,2,53,167,0,222,128,0,128,350
05/27/2023,LUK,OH,ASO,CE,Federal Contract Tower,0,43,40,0,83,0,22,126,0,148,0,65,166,0,231,284,0,284,515
05/28/2023,LUK,OH,ASO,CE,Federal Contract Tower,1,10,33,0,44,0,0,103,0,103,1,10,136,0,147,254,0,254,401
05/29/2023,LUK,OH,ASO,CE,Federal Contract Tower,0,20,43,0,63,0,3,78,0,81,0,23,121,0,144,174,0,174,318
05/30/2023,LUK,OH,ASO,CE,Federal Contract Tower,1,32,64,0,97,0,10,103,2,115,1,42,167,2,212,312,0,312,524
05/31/2023,LUK,OH,ASO,CE,Federal Contract Tower,0,38,73,1,112,0,13,116,2,131,0,51,189,3,243,342,0,342,585
06/01/2023,LUK,OH,ASO,CE,Federal Contract Tower,4,31,81,0,116,0,15,120,0,135,4,46,201,0,251,350,0,350,601
06/02/2023,LUK,OH,ASO,CE,Federal Contract Tower,0,45,57,0,102,0,12,110,0,122,0,57,167,0,224,198,0,198,422
06/03/2023,LUK,OH,ASO,CE,Federal Contract Tower,1,34,32,0,67,0,7,232,0,239,1,41,264,0,306,154,0,154,460
06/04/2023,LUK,OH,ASO,CE,Federal Contract Tower,0,50,42,0,92,0,33,125,0,158,0,83,167,0,250,212,0,212,462
06/05/2023,LUK,OH,ASO,CE,Federal Contract Tower,0,39,59,0,98,0,14,81,0,95,0,53,140,0,193,210,0,210,403
06/06/2023,LUK,OH,ASO,CE,Federal Contract Tower,0,47,80,2,129,0,26,61,0,87,0,73,141,2,216,192,0,192,408
06/07/2023,LUK,OH,ASO,CE,Federal Contract Tower,0,53,80,3,136,0,21,54,3,78,0,74,134,6,214,300,0,300,514
06/08/2023,LUK,OH,ASO,CE,Federal Contract Tower,2,28,61,3,94,0,5,79,0,84,2,33,140,3,178,200,2,202,380
06/09/2023,LUK,OH,ASO,CE,Federal Contract Tower,0,51,72,0,123,0,23,96,0,119,0,74,168,0,242,144,0,144,386
06/10/2023,LUK,OH,ASO,CE,Federal Contract Tower,0,24,70,0,94,0,2,99,0,101,0,26,169,0,195,152,0,152,347
06/11/2023,LUK,OH,ASO,CE,Federal Contract Tower,1,36,51,0,88,0,2,6,0,8,1,38,57,0,96,0,0,0,96
06/12/2023,LUK,OH,ASO,CE,Federal Contract Tower,0,49,78,0,127,0,7,38,0,45,0,56,116,0,172,124,0,124,296
06/13/2023,LUK,OH,ASO,CE,Federal Contract Tower,0,50,72,2,124,0,8,37,0,45,0,58,109,2,169,98,0,98,267
06/14/2023,LUK,OH,ASO,CE,Federal Contract Tower,0,49,79,0,128,0,19,124,0,143,0,68,203,0,271,362,0,362,633
06/15/2023,LUK,OH,ASO,CE,Federal Contract Tower,0,49,78,0,127,0,27,118,0,145,0,76,196,0,272,318,0,318,590
06/16/2023,LUK,OH,ASO,CE,Federal Contract Tower,0,29,44,0,73,0,8,66,0,74,0,37,110,0,147,212,0,212,359
06/17/2023,LUK,OH,ASO,CE,Federal Contract Tower,0,24,39,0,63,0,8,101,0,109,0,32,140,0,172,204,0,204,376
06/18/2023,LUK,OH,ASO,CE,Federal Contract Tower,0,31,59,0,90,0,4,91,0,95,0,35,150,0,185,182,0,182,367
06/19/2023,LUK,OH,ASO,CE,Federal Contract Tower,0,26,29,0,55,0,1,11,0,12,0,27,40,0,67,52,0,52,119
06/20/2023,LUK,OH,ASO,CE,Federal Contract Tower,1,37,57,0,95,0,7,39,1,47,1,44,96,1,142,180,0,180,322
06/21/2023,LUK,OH,ASO,CE,Federal Contract Tower,2,51,63,0,116,0,14,66,1,81,2,65,129,1,197,220,0,220,417
06/22/2023,LUK,OH,ASO,CE,Federal Contract Tower,0,41,69,0,110,0,7,73,0,80,0,48,142,0,190,298,0,298,488
06/23/2023,LUK,OH,ASO,CE,Federal Contract Tower,2,38,64,0,104,0,4,20,0,24,2,42,84,0,128,156,0,156,284
06/24/2023,LUK,OH,ASO,CE,Federal Contract Tower,0,41,47,0,88,0,4,134,0,138,0,45,181,0,226,212,0,212,438
06/25/2023,LUK,OH,ASO,CE,Federal Contract Tower,0,28,49,0,77,0,1,27,0,28,0,29,76,0,105,44,0,44,149
06/26/2023,LUK,OH,ASO,CE,Federal Contract Tower,0,34,52,0,86,0,7,83,0,90,0,41,135,0,176,120,0,120,296
06/27/2023,LUK,OH,ASO,CE,Federal Contract Tower,0,46,71,0,117,0,0,39,0,39,0,46,110,0,156,180,0,180,336
06/28/2023,LUK,OH,ASO,CE,Federal Contract Tower,0,45,84,0,129,0,0,0,0,0,0,45,84,0,129,0,0,0,129
06/29/2023,LUK,OH,ASO,CE,Federal Contract Tower,0,68,71,0,139,0,0,7,0,7,0,68,78,0,146,20,0,20,166
06/30/2023,LUK,OH,ASO,CE,Federal Contract Tower,1,54,62,0,117,0,14,80,0,94,1,68,142,0,211,244,0,244,455
07/01/2023,LUK,OH,ASO,CE,Federal Contract Tower,1,53,46,0,100,0,2,37,0,39,1,55,83,0,139,98,0,98,237
07/02/2023,LUK,OH,ASO,CE,Federal Contract Tower,0,32,39,0,71,0,0,29,0,29,0,32,68,0,100,88,0,88,188
07/03/2023,LUK,OH,ASO,CE,Federal Contract Tower,0,27,26,0,53,0,4,62,0,66,0,31,88,0,119,210,0,210,329
07/04/2023,LUK,OH,ASO,CE,Federal Contract Tower,0,23,17,0,40,0,24,60,0,84,0,47,77,0,124,148,0,148,272
07/05/2023,LUK,OH,ASO,CE,Federal Contract Tower,0,29,44,0,73,0,2,69,0,71,0,31,113,0,144,136,0,136,280
07/06/2023,LUK,OH,ASO,CE,Federal Contract Tower,0,50,46,0,96,0,25,89,0,114,0,75,135,0,210,282,0,282,492
07/07/2023,LUK,OH,ASO,CE,Federal Contract Tower,2,30,28,0,60,0,21,122,0,143,2,51,150,0,203,328,0,328,531
07/08/2023,LUK,OH,ASO,CE,Federal Contract Tower,0,31,31,0,62,0,8,70,0,78,0,39,101,0,140,96,0,96,236
07/09/2023,LUK,OH,ASO,CE,Federal Contract Tower,0,47,50,0,97,0,16,115,0,131,0,63,165,0,228,252,0,252,480
07/10/2023,LUK,OH,ASO,CE,Federal Contract Tower,0,40,43,1,84,0,41,105,0,146,0,81,148,1,230,352,0,352,582
07/11/2023,LUK,OH,ASO,CE,Federal Contract Tower,2,41,45,0,88,0,19,113,0,132,2,60,158,0,220,382,0,382,602
07/12/2023,LUK,OH,ASO,CE,Federal Contract Tower,0,46,64,0,110,0,33,76,4,113,0,79,140,4,223,290,0,290,513
07/13/2023,LUK,OH,ASO,CE,Federal Contract Tower,0,47,57,0,104,0,13,42,0,55,0,60,99,0,159,212,0,212,371
07/14/2023,LUK,OH,ASO,CE,Federal Contract Tower,1,47,68,2,118,0,16,91,0,107,1,63,159,2,225,242,0,242,467
07/15/2023,LUK,OH,ASO,CE,Federal Contract Tower,0,30,34,0,64,0,1,8,0,9,0,31,42,0,73,32,0,32,105
07/16/2023,LUK,OH,ASO,CE,Federal Contract Tower,0,62,46,0,108,0,23,92,0,115,0,85,138,0,223,204,0,204,427
07/17/2023,LUK,OH,ASO,CE,Federal Contract Tower,0,61,42,1,104,0,18,65,0,83,0,79,107,1,187,280,0,280,467
07/18/2023,LUK,OH,ASO,CE,Federal Contract Tower,0,49,65,0,114,0,23,94,14,131,0,72,159,14,245,230,0,230,475
07/19/2023,LUK,OH,ASO,CE,Federal Contract Tower,0,66,62,0,128,0,16,54,0,70,0,82,116,0,198,270,0,270,468
07/20/2023,LUK,OH,ASO,CE,Federal Contract Tower,0,71,71,0,142,0,26,88,0,114,0,97,159,0,256,296,0,296,552
07/21/2023,LUK,OH,ASO,CE,Federal Contract Tower,41,59,0,0,100,0,32,117,0,149,41,91,117,0,249,266,0,266,515
07/22/2023,LUK,OH,ASO,CE,Federal Contract Tower,2,47,21,0,70,0,38,101,0,139,2,85,122,0,209,170,0,170,379
07/23/2023,LUK,OH,ASO,CE,Federal Contract Tower,1,53,33,0,87,0,38,60,0,98,1,91,93,0,185,202,0,202,387
07/24/2023,LUK,OH,ASO,CE,Federal Contract Tower,0,51,38,0,89,0,15,50,0,65,0,66,88,0,154,230,0,230,384
07/25/2023,LUK,OH,ASO,CE,Federal Contract Tower,0,36,70,0,106,0,15,78,2,95,0,51,148,2,201,336,0,336,537
07/26/2023,LUK,OH,ASO,CE,Federal Contract Tower,0,40,75,3,118,0,17,67,2,86,0,57,142,5,204,160,14,174,378
07/27/2023,LUK,OH,ASO,CE,Federal Contract Tower,0,48,45,0,93,0,5,45,0,50,0,53,90,0,143,200,0,200,343
07/28/2023,LUK,OH,ASO,CE,Federal Contract Tower,0,57,45,0,102,0,15,45,0,60,0,72,90,0,162,280,0,280,442
07/29/2023,LUK,OH,ASO,CE,Federal Contract Tower,1,28,17,0,46,0,28,77,0,105,1,56,94,0,151,70,0,70,221
07/30/2023,LUK,OH,ASO,CE,Federal Contract Tower,0,48,32,0,80,0,24,111,0,135,0,72,143,0,215,198,0,198,413
07/31/2023,LUK,OH,ASO,CE,Federal Contract Tower,0,46,32,0,78,0,23,107,0,130,0,69,139,0,208,234,0,234,442
08/01/2023,LUK,OH,ASO,CE,Federal Contract Tower,0,18,43,0,61,0,28,118,0,146,0,46,161,0,207,376,0,376,583
08/02/2023,LUK,OH,ASO,CE,Federal Contract Tower,0,33,38,0,71,0,13,123,0,136,0,46,161,0,207,280,0,280,487
08/03/2023,LUK,OH,ASO,CE,Federal Contract Tower,0,71,42,0,113,0,29,107,1,137,0,100,149,1,250,254,0,254,504
08/04/2023,LUK,OH,ASO,CE,Federal Contract Tower,0,57,64,0,121,0,26,91,0,117,0,83,155,0,238,240,0,240,478
08/05/2023,LUK,OH,ASO,CE,Federal Contract Tower,0,41,41,0,82,0,23,68,0,91,0,64,109,0,173,146,0,146,319
08/06/2023,LUK,OH,ASO,CE,Federal Contract Tower,0,61,35,0,96,0,15,41,0,56,0,76,76,0,152,30,0,30,182
08/07/2023,LUK,OH,ASO,CE,Federal Contract Tower,0,41,24,0,65,0,6,22,0,28,0,47,46,0,93,74,0,74,167
08/08/2023,LUK,OH,ASO,CE,Federal Contract Tower,0,36,48,0,84,0,21,116,0,137,0,57,164,0,221,276,0,276,497
08/09/2023,LUK,OH,ASO,CE,Federal Contract Tower,0,48,39,0,87,0,14,76,0,90,0,62,115,0,177,190,0,190,367
08/10/2023,LUK,OH,ASO,CE,Federal Contract Tower,0,58,61,0,119,0,4,40,0,44,0,62,101,0,163,168,0,168,331
08/11/2023,LUK,OH,ASO,CE,Federal Contract Tower,0,41,55,0,96,0,7,104,0,111,0,48,159,0,207,140,0,140,347
08/12/2023,LUK,OH,ASO,CE,Federal Contract Tower,0,32,13,0,45,0,9,72,0,81,0,41,85,0,126,136,0,136,262
08/13/2023,LUK,OH,ASO,CE,Federal Contract Tower,0,64,43,0,107,0,13,90,0,103,0,77,133,0,210,206,0,206,416
08/14/2023,LUK,OH,ASO,CE,Federal Contract Tower,0,42,38,0,80,0,6,0,0,6,0,48,38,0,86,8,0,8,94
08/15/2023,LUK,OH,ASO,CE,Federal Contract Tower,0,53,87,0,140,0,6,53,0,59,0,59,140,0,199,70,0,70,269
08/16/2023,LUK,OH,ASO,CE,Federal Contract Tower,0,63,65,0,128,0,17,79,0,96,0,80,144,0,224,316,0,316,540
08/17/2023,LUK,OH,ASO,CE,Federal Contract Tower,0,63,37,3,103,0,7,76,0,83,0,70,113,3,186,148,0,148,334
08/18/2023,LUK,OH,ASO,CE,Federal Contract Tower,0,55,66,6,127,0,18,99,0,117,0,73,165,6,244,190,0,190,434
08/19/2023,LUK,OH,ASO,CE,Federal Contract Tower,0,33,33,0,66,0,23,88,0,111,0,56,121,0,177,152,0,152,329
08/20/2023,LUK,OH,ASO,CE,Federal Contract Tower,0,31,63,4,98,0,16,87,2,105,0,47,150,6,203,82,0,82,285
08/21/2023,LUK,OH,ASO,CE,Federal Contract Tower,0,64,47,1,112,0,8,76,0,84,0,72,123,1,196,154,0,154,350
08/22/2023,LUK,OH,ASO,CE,Federal Contract Tower,1,45,56,1,103,0,19,112,1,132,1,64,168,2,235,276,0,276,511
08/23/2023,LUK,OH,ASO,CE,Federal Contract Tower,0,78,72,0,150,0,0,0,0,0,0,78,72,0,150,252,0,252,402
08/24/2023,LUK,OH,ASO,CE,Federal Contract Tower,0,51,58,0,109,0,8,66,0,74,0,59,124,0,183,70,0,70,253
08/25/2023,LUK,OH,ASO,CE,Federal Contract Tower,0,42,56,8,106,0,15,67,0,82,0,57,123,8,188,130,0,130,318
08/26/2023,LUK,OH,ASO,CE,Federal Contract Tower,0,18,30,0,48,0,9,50,0,59,0,27,80,0,107,158,0,158,265
08/27/2023,LUK,OH,ASO,CE,Federal Contract Tower,0,42,65,6,113,0,4,70,0,74,0,46,135,6,187,88,0,88,275
08/28/2023,LUK,OH,ASO,CE,Federal Contract Tower,0,45,45,2,92,0,31,93,0,124,0,76,138,2,216,230,0,230,446
08/29/2023,LUK,OH,ASO,CE,Federal Contract Tower,2,44,54,9,109,0,13,106,1,120,2,57,160,10,229,250,0,250,479
08/30/2023,LUK,OH,ASO,CE,Federal Contract Tower,0,41,52,1,94,0,18,78,11,107,0,59,130,12,201,162,0,162,363
08/31/2023,LUK,OH,ASO,CE,Federal Contract Tower,0,52,73,6,131,0,16,78,2,96,0,68,151,8,227,178,0,178,405
