01/01/2020,LWS,ID,ANM,WE,Federal Contract Tower,0,6,1,0,7,0,1,11,0,12,0,7,12,0,19,0,0,0,19
01/02/2020,LWS,ID,ANM,WE,Federal Contract Tower,0,12,7,0,19,0,0,0,0,0,0,12,7,0,19,4,0,4,23
01/03/2020,LWS,ID,ANM,WE,Federal Contract Tower,0,9,2,0,11,0,3,5,0,8,0,12,7,0,19,0,0,0,19
01/04/2020,LWS,ID,ANM,WE,Federal Contract Tower,0,4,1,0,5,0,5,2,0,7,0,9,3,0,12,0,0,0,12
01/05/2020,LWS,ID,ANM,WE,Federal Contract Tower,0,3,2,0,5,0,0,35,0,35,0,3,37,0,40,74,0,74,114
01/06/2020,LWS,ID,ANM,WE,Federal Contract Tower,0,7,5,0,12,0,0,12,0,12,0,7,17,0,24,0,0,0,24
01/07/2020,LWS,ID,ANM,WE,Federal Contract Tower,2,6,8,0,16,0,3,24,0,27,2,9,32,0,43,16,0,16,59
01/08/2020,LWS,ID,ANM,WE,Federal Contract Tower,0,5,6,0,11,0,2,11,0,13,0,7,17,0,24,8,0,8,32
01/09/2020,LWS,ID,ANM,WE,Federal Contract Tower,0,7,9,0,16,0,0,28,0,28,0,7,37,0,44,18,0,18,62
01/10/2020,LWS,ID,ANM,WE,Federal Contract Tower,0,5,8,0,13,0,1,9,0,10,0,6,17,0,23,0,0,0,23
01/11/2020,LWS,ID,ANM,WE,Federal Contract Tower,0,5,0,0,5,0,0,0,0,0,0,5,0,0,5,0,0,0,5
01/12/2020,LWS,ID,ANM,WE,Federal Contract Tower,0,2,3,0,5,0,0,4,0,4,0,2,7,0,9,28,0,28,37
01/13/2020,LWS,ID,ANM,WE,Federal Contract Tower,0,7,4,0,11,0,0,21,0,21,0,7,25,0,32,0,0,0,32
01/14/2020,LWS,ID,ANM,WE,Federal Contract Tower,0,0,0,0,0,0,0,0,0,0,0,0,0,0,0,0,0,0,0
01/15/2020,LWS,ID,ANM,WE,Federal Contract Tower,0,5,6,0,11,0,3,11,0,14,0,8,17,0,25,10,0,10,35
01/16/2020,LWS,ID,ANM,WE,Federal Contract Tower,0,6,12,0,18,0,3,9,0,12,0,9,21,0,30,0,0,0,30
01/17/2020,LWS,ID,ANM,WE,Federal Contract Tower,0,8,2,0,10,0,4,11,0,15,0,12,13,0,25,16,0,16,41
01/18/2020,LWS,ID,ANM,WE,Federal Contract Tower,0,5,1,0,6,0,1,2,0,3,0,6,3,0,9,0,0,0,9
01/19/2020,LWS,ID,ANM,WE,Federal Contract Tower,0,3,3,0,6,0,3,13,0,16,0,6,16,0,22,6,0,6,28
01/20/2020,LWS,ID,ANM,WE,Federal Contract Tower,0,6,2,0,8,0,2,20,0,22,0,8,22,0,30,8,0,8,38
01/21/2020,LWS,ID,ANM,WE,Federal Contract Tower,0,7,9,0,16,0,7,1,0,8,0,14,10,0,24,0,0,0,24
01/22/2020,LWS,ID,ANM,WE,Federal Contract Tower,0,6,2,0,8,0,2,16,0,18,0,8,18,0,26,24,0,24,50
01/23/2020,LWS,ID,ANM,WE,Federal Contract Tower,0,5,9,0,14,0,0,11,0,11,0,5,20,0,25,4,0,4,29
01/24/2020,LWS,ID,ANM,WE,Federal Contract Tower,0,5,7,0,12,0,6,28,0,34,0,11,35,0,46,44,0,44,90
01/25/2020,LWS,ID,ANM,WE,Federal Contract Tower,0,5,3,0,8,0,0,11,0,11,0,5,14,0,19,48,0,48,67
01/26/2020,LWS,ID,ANM,WE,Federal Contract Tower,0,2,5,0,7,0,0,8,0,8,0,2,13,0,15,22,0,22,37
01/27/2020,LWS,ID,ANM,WE,Federal Contract Tower,0,6,10,0,16,0,5,4,0,9,0,11,14,0,25,8,0,8,33
01/28/2020,LWS,ID,ANM,WE,Federal Contract Tower,0,7,6,0,13,0,0,4,0,4,0,7,10,0,17,40,0,40,57
01/29/2020,LWS,ID,ANM,WE,Federal Contract Tower,0,6,11,0,17,0,0,0,0,0,0,6,11,0,17,0,0,0,17
01/30/2020,LWS,ID,ANM,WE,Federal Contract Tower,0,6,8,0,14,0,0,15,0,15,0,6,23,0,29,0,0,0,29
01/31/2020,LWS,ID,ANM,WE,Federal Contract Tower,0,6,5,0,11,0,2,9,0,11,0,8,14,0,22,4,0,4,26
02/01/2020,LWS,ID,ANM,WE,Federal Contract Tower,0,5,4,0,9,0,3,0,0,3,0,8,4,0,12,0,0,0,12
02/02/2020,LWS,ID,ANM,WE,Federal Contract Tower,0,3,5,0,8,0,5,24,0,29,0,8,29,0,37,24,0,24,61
02/03/2020,LWS,ID,ANM,WE,Federal Contract Tower,0,6,6,0,12,0,2,33,0,35,0,8,39,0,47,36,0,36,83
02/04/2020,LWS,ID,ANM,WE,Federal Contract Tower,0,6,3,0,9,0,2,11,0,13,0,8,14,0,22,22,0,22,44
02/05/2020,LWS,ID,ANM,WE,Federal Contract Tower,0,6,6,0,12,0,0,0,0,0,0,6,6,0,12,0,0,0,12
02/06/2020,LWS,ID,ANM,WE,Federal Contract Tower,0,4,13,0,17,0,0,0,0,0,0,4,13,0,17,0,0,0,17
02/07/2020,LWS,ID,ANM,WE,Federal Contract Tower,0,8,10,0,18,0,0,0,0,0,0,8,10,0,18,0,0,0,18
02/08/2020,LWS,ID,ANM,WE,Federal Contract Tower,0,7,1,0,8,0,6,19,0,25,0,13,20,0,33,28,0,28,61
02/09/2020,LWS,ID,ANM,WE,Federal Contract Tower,0,2,4,0,6,0,1,43,0,44,0,3,47,0,50,40,0,40,90
02/10/2020,LWS,ID,ANM,WE,Federal Contract Tower,0,5,13,0,18,0,8,30,0,38,0,13,43,0,56,22,0,22,78
02/11/2020,LWS,ID,ANM,WE,Federal Contract Tower,0,6,4,0,10,0,0,21,0,21,0,6,25,0,31,16,0,16,47
02/12/2020,LWS,ID,ANM,WE,Federal Contract Tower,0,5,6,0,11,0,4,41,0,45,0,9,47,0,56,54,0,54,110
02/13/2020,LWS,ID,ANM,WE,Federal Contract Tower,2,6,14,0,22,0,3,25,0,28,2,9,39,0,50,10,0,10,60
02/14/2020,LWS,ID,ANM,WE,Federal Contract Tower,0,6,7,0,13,0,2,10,0,12,0,8,17,0,25,8,0,8,33
02/15/2020,LWS,ID,ANM,WE,Federal Contract Tower,0,3,5,0,8,0,0,13,0,13,0,3,18,0,21,36,0,36,57
02/16/2020,LWS,ID,ANM,WE,Federal Contract Tower,2,3,1,0,6,0,3,1,0,4,2,6,2,0,10,0,0,0,10
02/17/2020,LWS,ID,ANM,WE,Federal Contract Tower,0,8,3,0,11,0,3,16,0,19,0,11,19,0,30,22,0,22,52
02/18/2020,LWS,ID,ANM,WE,Federal Contract Tower,0,5,13,0,18,0,12,84,2,98,0,17,97,2,116,30,0,30,146
02/19/2020,LWS,ID,ANM,WE,Federal Contract Tower,0,4,3,0,7,0,3,115,0,118,0,7,118,0,125,66,0,66,191
02/20/2020,LWS,ID,ANM,WE,Federal Contract Tower,0,5,3,0,8,0,4,78,0,82,0,9,81,0,90,44,0,44,134
02/21/2020,LWS,ID,ANM,WE,Federal Contract Tower,0,5,3,0,8,0,1,90,0,91,0,6,93,0,99,72,0,72,171
02/22/2020,LWS,ID,ANM,WE,Federal Contract Tower,0,4,1,0,5,0,4,72,0,76,0,8,73,0,81,74,0,74,155
02/23/2020,LWS,ID,ANM,WE,Federal Contract Tower,0,5,1,0,6,0,1,6,0,7,0,6,7,0,13,0,0,0,13
02/24/2020,LWS,ID,ANM,WE,Federal Contract Tower,0,6,3,0,9,0,7,11,0,18,0,13,14,0,27,0,0,0,27
02/25/2020,LWS,ID,ANM,WE,Federal Contract Tower,0,5,5,0,10,0,1,58,0,59,0,6,63,0,69,78,0,78,147
02/26/2020,LWS,ID,ANM,WE,Federal Contract Tower,0,6,8,0,14,0,6,63,2,71,0,12,71,2,85,50,0,50,135
02/27/2020,LWS,ID,ANM,WE,Federal Contract Tower,0,5,7,0,12,0,6,81,0,87,0,11,88,0,99,64,0,64,163
02/28/2020,LWS,ID,ANM,WE,Federal Contract Tower,0,6,5,0,11,0,5,40,0,45,0,11,45,0,56,44,0,44,100
02/29/2020,LWS,ID,ANM,WE,Federal Contract Tower,0,4,2,0,6,0,1,28,0,29,0,5,30,0,35,16,0,16,51
03/01/2020,LWS,ID,ANM,WE,Federal Contract Tower,0,2,1,0,3,0,2,40,0,42,0,4,41,0,45,22,0,22,67
03/02/2020,LWS,ID,ANM,WE,Federal Contract Tower,0,5,8,0,13,0,2,33,0,35,0,7,41,0,48,38,0,38,86
03/03/2020,LWS,ID,ANM,WE,Federal Contract Tower,0,5,3,0,8,0,0,0,0,0,0,5,3,0,8,164,0,164,172
03/04/2020,LWS,ID,ANM,WE,Federal Contract Tower,0,5,10,0,15,0,1,17,0,18,0,6,27,0,33,44,0,44,77
03/05/2020,LWS,ID,ANM,WE,Federal Contract Tower,0,4,6,1,11,0,3,52,0,55,0,7,58,1,66,64,0,64,130
03/06/2020,LWS,ID,ANM,WE,Federal Contract Tower,0,5,6,1,12,0,4,31,0,35,0,9,37,1,47,42,2,44,91
03/07/2020,LWS,ID,ANM,WE,Federal Contract Tower,0,4,9,0,13,0,2,2,0,4,0,6,11,0,17,0,0,0,17
03/08/2020,LWS,ID,ANM,WE,Federal Contract Tower,0,2,1,0,3,0,3,18,0,21,0,5,19,0,24,26,0,26,50
03/09/2020,LWS,ID,ANM,WE,Federal Contract Tower,0,5,0,0,5,0,4,45,0,49,0,9,45,0,54,0,0,0,54
03/10/2020,LWS,ID,ANM,WE,Federal Contract Tower,0,5,5,0,10,0,6,22,2,30,0,11,27,2,40,10,0,10,50
03/11/2020,LWS,ID,ANM,WE,Federal Contract Tower,0,6,3,0,9,0,5,19,0,24,0,11,22,0,33,0,0,0,33
03/12/2020,LWS,ID,ANM,WE,Federal Contract Tower,2,8,7,0,17,0,5,43,0,48,2,13,50,0,65,110,0,110,175
03/13/2020,LWS,ID,ANM,WE,Federal Contract Tower,0,7,2,0,9,0,1,32,0,33,0,8,34,0,42,34,0,34,76
03/14/2020,LWS,ID,ANM,WE,Federal Contract Tower,0,5,3,0,8,0,0,0,0,0,0,5,3,0,8,0,0,0,8
03/15/2020,LWS,ID,ANM,WE,Federal Contract Tower,2,4,1,0,7,0,0,19,0,19,2,4,20,0,26,48,0,48,74
03/16/2020,LWS,ID,ANM,WE,Federal Contract Tower,0,8,8,0,16,0,8,33,0,41,0,16,41,0,57,66,0,66,123
03/17/2020,LWS,ID,ANM,WE,Federal Contract Tower,0,6,6,0,12,0,5,15,0,20,0,11,21,0,32,16,0,16,48
03/18/2020,LWS,ID,ANM,WE,Federal Contract Tower,0,4,3,0,7,0,1,41,0,42,0,5,44,0,49,74,0,74,123
03/19/2020,LWS,ID,ANM,WE,Federal Contract Tower,0,6,4,0,10,0,3,62,0,65,0,9,66,0,75,92,0,92,167
03/20/2020,LWS,ID,ANM,WE,Federal Contract Tower,0,5,3,0,8,0,1,49,0,50,0,6,52,0,58,58,0,58,116
03/21/2020,LWS,ID,ANM,WE,Federal Contract Tower,0,5,1,0,6,0,3,54,0,57,0,8,55,0,63,26,0,26,89
03/22/2020,LWS,ID,ANM,WE,Federal Contract Tower,0,4,2,0,6,0,0,30,0,30,0,4,32,0,36,52,0,52,88
03/23/2020,LWS,ID,ANM,WE,Federal Contract Tower,0,6,1,0,7,0,6,3,0,9,0,12,4,0,16,0,0,0,16
03/24/2020,LWS,ID,ANM,WE,Federal Contract Tower,0,5,2,0,7,0,2,33,0,35,0,7,35,0,42,33,0,33,75
03/25/2020,LWS,ID,ANM,WE,Federal Contract Tower,0,8,8,0,16,0,0,2,0,2,0,8,10,0,18,2,0,2,20
03/26/2020,LWS,ID,ANM,WE,Federal Contract Tower,0,6,1,0,7,0,0,9,0,9,0,6,10,0,16,0,2,2,18
03/27/2020,LWS,ID,ANM,WE,Federal Contract Tower,0,6,1,0,7,0,0,8,0,8,0,6,9,0,15,20,0,20,35
03/28/2020,LWS,ID,ANM,WE,Federal Contract Tower,0,5,2,0,7,0,2,24,0,26,0,7,26,0,33,44,0,44,77
03/29/2020,LWS,ID,ANM,WE,Federal Contract Tower,0,4,2,0,6,0,4,5,0,9,0,8,7,0,15,4,0,4,19
03/30/2020,LWS,ID,ANM,WE,Federal Contract Tower,0,8,1,0,9,0,0,10,0,10,0,8,11,0,19,6,0,6,25
03/31/2020,LWS,ID,ANM,WE,Federal Contract Tower,0,5,1,0,6,0,5,4,0,9,0,10,5,0,15,0,0,0,15
04/01/2020,LWS,ID,ANM,WE,Federal Contract Tower,0,8,4,0,12,0,17,19,0,36,0,25,23,0,48,16,0,16,64
04/02/2020,LWS,ID,ANM,WE,Federal Contract Tower,0,6,3,0,9,0,1,12,0,13,0,7,15,0,22,16,0,16,38
04/03/2020,LWS,ID,ANM,WE,Federal Contract Tower,0,5,0,0,5,0,3,35,0,38,0,8,35,0,43,28,0,28,71
04/04/2020,LWS,ID,ANM,WE,Federal Contract Tower,0,4,0,0,4,0,2,45,0,47,0,6,45,0,51,16,0,16,67
04/05/2020,LWS,ID,ANM,WE,Federal Contract Tower,0,2,4,0,6,0,0,6,0,6,0,2,10,0,12,26,0,26,38
04/06/2020,LWS,ID,ANM,WE,Federal Contract Tower,0,3,0,0,3,0,3,16,0,19,0,6,16,0,22,4,0,4,26
04/07/2020,LWS,ID,ANM,WE,Federal Contract Tower,0,6,0,0,6,0,0,35,0,35,0,6,35,0,41,52,0,52,93
04/08/2020,LWS,ID,ANM,WE,Federal Contract Tower,0,4,3,0,7,0,4,35,0,39,0,8,38,0,46,2,0,2,48
04/09/2020,LWS,ID,ANM,WE,Federal Contract Tower,0,6,7,0,13,0,0,31,0,31,0,6,38,0,44,8,0,8,52
04/10/2020,LWS,ID,ANM,WE,Federal Contract Tower,0,4,3,0,7,0,4,46,0,50,0,8,49,0,57,20,0,20,77
04/11/2020,LWS,ID,ANM,WE,Federal Contract Tower,0,4,2,0,6,0,5,3,0,8,0,9,5,0,14,10,0,10,24
04/12/2020,LWS,ID,ANM,WE,Federal Contract Tower,0,2,0,0,2,0,0,55,0,55,0,2,55,0,57,10,0,10,67
04/13/2020,LWS,ID,ANM,WE,Federal Contract Tower,0,6,1,0,7,0,5,26,0,31,0,11,27,0,38,8,0,8,46
04/14/2020,LWS,ID,ANM,WE,Federal Contract Tower,0,5,2,0,7,0,4,29,0,33,0,9,31,0,40,18,0,18,58
04/15/2020,LWS,ID,ANM,WE,Federal Contract Tower,0,5,5,0,10,0,0,9,0,9,0,5,14,0,19,18,0,18,37
04/16/2020,LWS,ID,ANM,WE,Federal Contract Tower,0,11,8,0,19,0,4,47,0,51,0,15,55,0,70,22,0,22,92
04/17/2020,LWS,ID,ANM,WE,Federal Contract Tower,0,4,2,0,6,0,2,32,0,34,0,6,34,0,40,4,0,4,44
04/18/2020,LWS,ID,ANM,WE,Federal Contract Tower,0,4,2,0,6,0,0,27,0,27,0,4,29,0,33,22,0,22,55
04/19/2020,LWS,ID,ANM,WE,Federal Contract Tower,0,2,0,0,2,0,1,33,0,34,0,3,33,0,36,16,0,16,52
04/20/2020,LWS,ID,ANM,WE,Federal Contract Tower,0,4,1,0,5,0,0,41,0,41,0,4,42,0,46,10,0,10,56
04/21/2020,LWS,ID,ANM,WE,Federal Contract Tower,0,8,4,0,12,0,5,15,0,20,0,13,19,0,32,0,0,0,32
04/22/2020,LWS,ID,ANM,WE,Federal Contract Tower,0,6,4,0,10,0,0,8,0,8,0,6,12,0,18,20,0,20,38
04/23/2020,LWS,ID,ANM,WE,Federal Contract Tower,0,7,2,0,9,0,1,0,0,1,0,8,2,0,10,0,0,0,10
04/24/2020,LWS,ID,ANM,WE,Federal Contract Tower,0,4,6,0,10,0,1,50,0,51,0,5,56,0,61,10,0,10,71
04/25/2020,LWS,ID,ANM,WE,Federal Contract Tower,0,3,0,0,3,0,4,14,0,18,0,7,14,0,21,0,0,0,21
04/26/2020,LWS,ID,ANM,WE,Federal Contract Tower,0,4,0,0,4,0,2,41,0,43,0,6,41,0,47,60,0,60,107
04/27/2020,LWS,ID,ANM,WE,Federal Contract Tower,0,5,2,0,7,0,0,0,0,0,0,5,2,0,7,4,0,4,11
04/28/2020,LWS,ID,ANM,WE,Federal Contract Tower,0,5,0,0,5,0,3,56,0,59,0,8,56,0,64,88,0,88,152
04/29/2020,LWS,ID,ANM,WE,Federal Contract Tower,0,5,2,0,7,0,3,24,0,27,0,8,26,0,34,16,0,16,50
04/30/2020,LWS,ID,ANM,WE,Federal Contract Tower,0,4,6,0,10,0,2,19,0,21,0,6,25,0,31,48,0,48,79
05/01/2020,LWS,ID,ANM,WE,Federal Contract Tower,0,5,2,0,7,0,1,35,0,36,0,6,37,0,43,54,0,54,97
05/02/2020,LWS,ID,ANM,WE,Federal Contract Tower,0,2,4,0,6,0,1,19,0,20,0,3,23,0,26,14,0,14,40
05/03/2020,LWS,ID,ANM,WE,Federal Contract Tower,0,4,4,0,8,0,2,16,0,18,0,6,20,0,26,8,0,8,34
05/04/2020,LWS,ID,ANM,WE,Federal Contract Tower,0,4,0,0,4,0,5,36,0,41,0,9,36,0,45,42,0,42,87
05/05/2020,LWS,ID,ANM,WE,Federal Contract Tower,0,4,7,1,12,0,7,50,1,58,0,11,57,2,70,50,0,50,120
05/06/2020,LWS,ID,ANM,WE,Federal Contract Tower,0,8,9,0,17,0,1,5,0,6,0,9,14,0,23,4,0,4,27
05/07/2020,LWS,ID,ANM,WE,Federal Contract Tower,0,6,7,0,13,0,9,42,0,51,0,15,49,0,64,68,0,68,132
05/08/2020,LWS,ID,ANM,WE,Federal Contract Tower,0,4,4,0,8,0,1,70,0,71,0,5,74,0,79,70,0,70,149
05/09/2020,LWS,ID,ANM,WE,Federal Contract Tower,0,0,0,0,0,0,6,36,0,42,0,6,36,0,42,32,0,32,74
05/10/2020,LWS,ID,ANM,WE,Federal Contract Tower,0,2,1,0,3,0,3,26,0,29,0,5,27,0,32,24,0,24,56
05/11/2020,LWS,ID,ANM,WE,Federal Contract Tower,0,6,0,0,6,0,3,40,0,43,0,9,40,0,49,28,0,28,77
05/12/2020,LWS,ID,ANM,WE,Federal Contract Tower,0,4,3,0,7,0,3,4,0,7,0,7,7,0,14,16,0,16,30
05/13/2020,LWS,ID,ANM,WE,Federal Contract Tower,0,6,8,0,14,0,1,20,0,21,0,7,28,0,35,10,0,10,45
05/14/2020,LWS,ID,ANM,WE,Federal Contract Tower,0,5,3,0,8,0,1,20,0,21,0,6,23,0,29,66,0,66,95
05/15/2020,LWS,ID,ANM,WE,Federal Contract Tower,0,5,5,0,10,0,1,55,0,56,0,6,60,0,66,16,0,16,82
05/16/2020,LWS,ID,ANM,WE,Federal Contract Tower,0,2,0,0,2,0,6,97,0,103,0,8,97,0,105,18,0,18,123
05/17/2020,LWS,ID,ANM,WE,Federal Contract Tower,0,2,4,0,6,0,2,26,0,28,0,4,30,0,34,10,0,10,44
05/18/2020,LWS,ID,ANM,WE,Federal Contract Tower,0,5,1,0,6,0,5,11,0,16,0,10,12,0,22,22,0,22,44
05/19/2020,LWS,ID,ANM,WE,Federal Contract Tower,0,4,11,0,15,0,2,8,0,10,0,6,19,0,25,14,0,14,39
05/20/2020,LWS,ID,ANM,WE,Federal Contract Tower,0,8,11,0,19,0,0,4,0,4,0,8,15,0,23,0,0,0,23
05/21/2020,LWS,ID,ANM,WE,Federal Contract Tower,0,5,6,0,11,0,7,9,0,16,0,12,15,0,27,6,0,6,33
05/22/2020,LWS,ID,ANM,WE,Federal Contract Tower,0,6,6,0,12,0,0,39,0,39,0,6,45,0,51,12,0,12,63
05/23/2020,LWS,ID,ANM,WE,Federal Contract Tower,0,1,1,0,2,0,1,56,0,57,0,2,57,0,59,64,0,64,123
05/24/2020,LWS,ID,ANM,WE,Federal Contract Tower,0,2,0,0,2,0,2,47,0,49,0,4,47,0,51,10,0,10,61
05/25/2020,LWS,ID,ANM,WE,Federal Contract Tower,0,2,3,0,5,0,5,48,0,53,0,7,51,0,58,14,0,14,72
05/26/2020,LWS,ID,ANM,WE,Federal Contract Tower,0,4,6,0,10,0,2,76,0,78,0,6,82,0,88,2,0,2,90
05/27/2020,LWS,ID,ANM,WE,Federal Contract Tower,0,5,9,2,16,0,3,74,0,77,0,8,83,2,93,6,0,6,99
05/28/2020,LWS,ID,ANM,WE,Federal Contract Tower,0,5,9,0,14,0,1,65,2,68,0,6,74,2,82,18,0,18,100
05/29/2020,LWS,ID,ANM,WE,Federal Contract Tower,0,6,0,0,6,0,0,34,0,34,0,6,34,0,40,30,0,30,70
05/30/2020,LWS,ID,ANM,WE,Federal Contract Tower,0,1,0,0,1,0,1,14,0,15,0,2,14,0,16,22,0,22,38
05/31/2020,LWS,ID,ANM,WE,Federal Contract Tower,0,2,0,0,2,0,2,18,0,20,0,4,18,0,22,28,0,28,50
06/01/2020,LWS,ID,ANM,WE,Federal Contract Tower,0,6,6,0,12,0,4,32,0,36,0,10,38,0,48,18,0,18,66
06/02/2020,LWS,ID,ANM,WE,Federal Contract Tower,0,5,5,0,10,0,2,69,0,71,0,7,74,0,81,18,0,18,99
06/03/2020,LWS,ID,ANM,WE,Federal Contract Tower,0,6,8,0,14,0,2,72,0,74,0,8,80,0,88,48,0,48,136
06/04/2020,LWS,ID,ANM,WE,Federal Contract Tower,0,5,11,0,16,0,4,67,0,71,0,9,78,0,87,16,0,16,103
06/05/2020,LWS,ID,ANM,WE,Federal Contract Tower,0,5,4,0,9,0,0,45,0,45,0,5,49,0,54,34,0,34,88
06/06/2020,LWS,ID,ANM,WE,Federal Contract Tower,0,3,5,0,8,0,6,30,0,36,0,9,35,0,44,66,0,66,110
06/07/2020,LWS,ID,ANM,WE,Federal Contract Tower,0,3,1,2,6,0,2,30,0,32,0,5,31,2,38,22,0,22,60
06/08/2020,LWS,ID,ANM,WE,Federal Contract Tower,0,5,5,0,10,0,3,50,0,53,0,8,55,0,63,0,0,0,63
06/09/2020,LWS,ID,ANM,WE,Federal Contract Tower,2,4,2,0,8,0,2,39,0,41,2,6,41,0,49,16,0,16,65
06/10/2020,LWS,ID,ANM,WE,Federal Contract Tower,0,6,8,0,14,0,7,72,2,81,0,13,80,2,95,14,0,14,109
06/11/2020,LWS,ID,ANM,WE,Federal Contract Tower,0,6,8,0,14,0,5,65,0,70,0,11,73,0,84,6,0,6,90
06/12/2020,LWS,ID,ANM,WE,Federal Contract Tower,2,3,4,0,9,0,3,60,0,63,2,6,64,0,72,20,0,20,92
06/13/2020,LWS,ID,ANM,WE,Federal Contract Tower,0,7,5,2,14,0,0,3,0,3,0,7,8,2,17,0,0,0,17
06/14/2020,LWS,ID,ANM,WE,Federal Contract Tower,0,5,7,0,12,0,0,21,0,21,0,5,28,0,33,10,0,10,43
06/15/2020,LWS,ID,ANM,WE,Federal Contract Tower,2,4,2,0,8,0,0,3,0,3,2,4,5,0,11,0,0,0,11
06/16/2020,LWS,ID,ANM,WE,Federal Contract Tower,0,5,5,0,10,0,3,20,0,23,0,8,25,0,33,18,0,18,51
06/17/2020,LWS,ID,ANM,WE,Federal Contract Tower,0,5,5,0,10,0,2,49,4,55,0,7,54,4,65,30,0,30,95
06/18/2020,LWS,ID,ANM,WE,Federal Contract Tower,0,5,12,0,17,0,4,75,0,79,0,9,87,0,96,38,0,38,134
06/19/2020,LWS,ID,ANM,WE,Federal Contract Tower,0,7,3,0,10,0,1,73,0,74,0,8,76,0,84,36,0,36,120
06/20/2020,LWS,ID,ANM,WE,Federal Contract Tower,0,3,4,0,7,0,5,29,0,34,0,8,33,0,41,30,0,30,71
06/21/2020,LWS,ID,ANM,WE,Federal Contract Tower,2,0,9,0,11,0,5,42,0,47,2,5,51,0,58,54,0,54,112
06/22/2020,LWS,ID,ANM,WE,Federal Contract Tower,0,6,4,0,10,0,5,71,0,76,0,11,75,0,86,30,0,30,116
06/23/2020,LWS,ID,ANM,WE,Federal Contract Tower,0,6,0,0,6,0,9,61,2,72,0,15,61,2,78,18,0,18,96
06/24/2020,LWS,ID,ANM,WE,Federal Contract Tower,0,5,3,0,8,0,5,40,0,45,0,10,43,0,53,0,0,0,53
06/25/2020,LWS,ID,ANM,WE,Federal Contract Tower,0,6,2,0,8,0,10,66,0,76,0,16,68,0,84,8,0,8,92
06/26/2020,LWS,ID,ANM,WE,Federal Contract Tower,2,4,5,0,11,0,2,122,0,124,2,6,127,0,135,98,0,98,233
06/27/2020,LWS,ID,ANM,WE,Federal Contract Tower,0,2,0,0,2,0,6,51,0,57,0,8,51,0,59,26,0,26,85
06/28/2020,LWS,ID,ANM,WE,Federal Contract Tower,0,2,6,0,8,0,0,36,0,36,0,2,42,0,44,42,0,42,86
06/29/2020,LWS,ID,ANM,WE,Federal Contract Tower,0,7,7,0,14,0,0,28,0,28,0,7,35,0,42,10,0,10,52
06/30/2020,LWS,ID,ANM,WE,Federal Contract Tower,0,6,9,0,15,0,6,41,0,47,0,12,50,0,62,72,0,72,134
07/01/2020,LWS,ID,ANM,WE,Federal Contract Tower,2,3,10,0,15,0,5,53,0,58,2,8,63,0,73,14,0,14,87
07/02/2020,LWS,ID,ANM,WE,Federal Contract Tower,3,4,5,0,12,0,6,52,0,58,3,10,57,0,70,52,0,52,122
07/03/2020,LWS,ID,ANM,WE,Federal Contract Tower,0,5,3,0,8,0,4,67,0,71,0,9,70,0,79,120,0,120,199
07/04/2020,LWS,ID,ANM,WE,Federal Contract Tower,0,4,4,0,8,0,1,40,0,41,0,5,44,0,49,16,0,16,65
07/05/2020,LWS,ID,ANM,WE,Federal Contract Tower,2,2,4,0,8,0,0,54,0,54,2,2,58,0,62,56,0,56,118
07/06/2020,LWS,ID,ANM,WE,Federal Contract Tower,0,8,6,0,14,0,7,47,0,54,0,15,53,0,68,56,0,56,124
07/07/2020,LWS,ID,ANM,WE,Federal Contract Tower,0,6,2,0,8,0,3,23,0,26,0,9,25,0,34,0,0,0,34
07/08/2020,LWS,ID,ANM,WE,Federal Contract Tower,0,8,2,0,10,0,6,49,0,55,0,14,51,0,65,60,0,60,125
07/09/2020,LWS,ID,ANM,WE,Federal Contract Tower,2,7,5,0,14,0,4,49,0,53,2,11,54,0,67,48,0,48,115
07/10/2020,LWS,ID,ANM,WE,Federal Contract Tower,0,8,4,0,12,0,3,47,0,50,0,11,51,0,62,70,0,70,132
07/11/2020,LWS,ID,ANM,WE,Federal Contract Tower,0,7,4,0,11,0,5,51,0,56,0,12,55,0,67,48,0,48,115
07/12/2020,LWS,ID,ANM,WE,Federal Contract Tower,0,5,3,0,8,0,2,55,0,57,0,7,58,0,65,58,0,58,123
07/13/2020,LWS,ID,ANM,WE,Federal Contract Tower,0,7,4,2,13,0,2,62,0,64,0,9,66,2,77,12,24,36,113
07/14/2020,LWS,ID,ANM,WE,Federal Contract Tower,0,7,5,0,12,0,2,32,0,34,0,9,37,0,46,24,0,24,70
07/15/2020,LWS,ID,ANM,WE,Federal Contract Tower,0,6,4,0,10,0,9,36,0,45,0,15,40,0,55,46,0,46,101
07/16/2020,LWS,ID,ANM,WE,Federal Contract Tower,0,9,9,0,18,0,8,40,0,48,0,17,49,0,66,18,0,18,84
07/17/2020,LWS,ID,ANM,WE,Federal Contract Tower,1,8,4,0,13,0,6,52,0,58,1,14,56,0,71,64,0,64,135
07/18/2020,LWS,ID,ANM,WE,Federal Contract Tower,3,3,3,0,9,0,4,57,0,61,3,7,60,0,70,58,0,58,128
07/19/2020,LWS,ID,ANM,WE,Federal Contract Tower,0,4,1,0,5,0,5,42,0,47,0,9,43,0,52,64,0,64,116
07/20/2020,LWS,ID,ANM,WE,Federal Contract Tower,0,8,2,0,10,0,2,20,0,22,0,10,22,0,32,10,0,10,42
07/21/2020,LWS,ID,ANM,WE,Federal Contract Tower,0,8,8,0,16,0,1,20,0,21,0,9,28,0,37,6,0,6,43
07/22/2020,LWS,ID,ANM,WE,Federal Contract Tower,0,8,5,4,17,0,6,26,0,32,0,14,31,4,49,20,0,20,69
07/23/2020,LWS,ID,ANM,WE,Federal Contract Tower,0,9,6,0,15,0,9,43,2,54,0,18,49,2,69,14,0,14,83
07/24/2020,LWS,ID,ANM,WE,Federal Contract Tower,0,8,2,0,10,0,3,38,0,41,0,11,40,0,51,0,0,0,51
07/25/2020,LWS,ID,ANM,WE,Federal Contract Tower,0,6,5,0,11,0,5,44,0,49,0,11,49,0,60,8,0,8,68
07/26/2020,LWS,ID,ANM,WE,Federal Contract Tower,0,5,5,0,10,0,3,73,0,76,0,8,78,0,86,64,0,64,150
07/27/2020,LWS,ID,ANM,WE,Federal Contract Tower,0,7,3,0,10,0,7,59,0,66,0,14,62,0,76,78,0,78,154
07/28/2020,LWS,ID,ANM,WE,Federal Contract Tower,1,7,0,0,8,0,1,35,0,36,1,8,35,0,44,34,0,34,78
07/29/2020,LWS,ID,ANM,WE,Federal Contract Tower,0,8,7,0,15,0,7,26,0,33,0,15,33,0,48,24,0,24,72
07/30/2020,LWS,ID,ANM,WE,Federal Contract Tower,2,5,10,8,25,0,8,46,0,54,2,13,56,8,79,44,0,44,123
07/31/2020,LWS,ID,ANM,WE,Federal Contract Tower,0,8,0,0,8,0,2,37,0,39,0,10,37,0,47,12,0,12,59
08/01/2020,LWS,ID,ANM,WE,Federal Contract Tower,0,5,4,0,9,0,4,29,2,35,0,9,33,2,44,28,0,28,72
08/02/2020,LWS,ID,ANM,WE,Federal Contract Tower,0,6,9,0,15,0,5,34,1,40,0,11,43,1,55,30,0,30,85
08/03/2020,LWS,ID,ANM,WE,Federal Contract Tower,0,10,1,0,11,0,3,28,0,31,0,13,29,0,42,22,0,22,64
08/04/2020,LWS,ID,ANM,WE,Federal Contract Tower,0,10,2,0,12,0,0,21,0,21,0,10,23,0,33,16,0,16,49
08/05/2020,LWS,ID,ANM,WE,Federal Contract Tower,0,13,3,0,16,0,4,28,0,32,0,17,31,0,48,26,0,26,74
08/06/2020,LWS,ID,ANM,WE,Federal Contract Tower,1,10,6,0,17,0,2,13,0,15,1,12,19,0,32,12,0,12,44
08/07/2020,LWS,ID,ANM,WE,Federal Contract Tower,1,9,6,0,16,0,7,56,0,63,1,16,62,0,79,10,0,10,89
08/08/2020,LWS,ID,ANM,WE,Federal Contract Tower,0,6,1,0,7,0,4,48,0,52,0,10,49,0,59,28,0,28,87
08/09/2020,LWS,ID,ANM,WE,Federal Contract Tower,0,6,1,0,7,0,2,44,0,46,0,8,45,0,53,16,0,16,69
08/10/2020,LWS,ID,ANM,WE,Federal Contract Tower,0,14,1,0,15,0,3,51,0,54,0,17,52,0,69,0,0,0,69
08/11/2020,LWS,ID,ANM,WE,Federal Contract Tower,0,12,4,0,16,0,3,83,2,88,0,15,87,2,104,2,0,2,106
08/12/2020,LWS,ID,ANM,WE,Federal Contract Tower,0,9,7,0,16,0,7,32,0,39,0,16,39,0,55,6,0,6,61
08/13/2020,LWS,ID,ANM,WE,Federal Contract Tower,0,8,5,0,13,0,7,49,0,56,0,15,54,0,69,72,0,72,141
08/14/2020,LWS,ID,ANM,WE,Federal Contract Tower,0,10,11,0,21,0,3,24,0,27,0,13,35,0,48,8,0,8,56
08/15/2020,LWS,ID,ANM,WE,Federal Contract Tower,0,6,7,0,13,0,12,40,0,52,0,18,47,0,65,16,0,16,81
08/16/2020,LWS,ID,ANM,WE,Federal Contract Tower,0,6,4,2,12,0,4,47,0,51,0,10,51,2,63,48,6,54,117
08/17/2020,LWS,ID,ANM,WE,Federal Contract Tower,0,10,7,0,17,0,5,36,0,41,0,15,43,0,58,0,0,0,58
08/18/2020,LWS,ID,ANM,WE,Federal Contract Tower,0,9,7,2,18,0,7,62,4,73,0,16,69,6,91,16,0,16,107
08/19/2020,LWS,ID,ANM,WE,Federal Contract Tower,0,10,6,0,16,0,0,46,0,46,0,10,52,0,62,10,0,10,72
08/20/2020,LWS,ID,ANM,WE,Federal Contract Tower,0,11,8,0,19,0,4,35,0,39,0,15,43,0,58,54,0,54,112
08/21/2020,LWS,ID,ANM,WE,Federal Contract Tower,0,10,4,0,14,0,4,39,0,43,0,14,43,0,57,22,0,22,79
08/22/2020,LWS,ID,ANM,WE,Federal Contract Tower,0,5,5,1,11,0,4,19,1,24,0,9,24,2,35,0,0,0,35
08/23/2020,LWS,ID,ANM,WE,Federal Contract Tower,0,6,2,0,8,0,5,48,0,53,0,11,50,0,61,68,0,68,129
08/24/2020,LWS,ID,ANM,WE,Federal Contract Tower,0,14,5,0,19,0,5,31,0,36,0,19,36,0,55,6,0,6,61
08/25/2020,LWS,ID,ANM,WE,Federal Contract Tower,0,9,3,0,12,0,2,35,0,37,0,11,38,0,49,36,0,36,85
08/26/2020,LWS,ID,ANM,WE,Federal Contract Tower,0,9,7,0,16,0,1,27,0,28,0,10,34,0,44,0,0,0,44
08/27/2020,LWS,ID,ANM,WE,Federal Contract Tower,0,9,6,0,15,0,2,36,0,38,0,11,42,0,53,36,0,36,89
08/28/2020,LWS,ID,ANM,WE,Federal Contract Tower,0,8,8,0,16,0,7,59,0,66,0,15,67,0,82,24,0,24,106
08/29/2020,LWS,ID,ANM,WE,Federal Contract Tower,0,6,4,0,10,0,0,41,0,41,0,6,45,0,51,32,0,32,83
08/30/2020,LWS,ID,ANM,WE,Federal Contract Tower,0,8,5,0,13,0,1,43,0,44,0,9,48,0,57,22,0,22,79
08/31/2020,LWS,ID,ANM,WE,Federal Contract Tower,0,10,0,4,14,0,5,19,0,24,0,15,19,4,38,28,0,28,66
09/01/2020,LWS,ID,ANM,WE,Federal Contract Tower,0,9,5,0,14,0,9,47,0,56,0,18,52,0,70,32,0,32,102
09/02/2020,LWS,ID,ANM,WE,Federal Contract Tower,0,10,11,0,21,0,6,34,2,42,0,16,45,2,63,10,0,10,73
09/03/2020,LWS,ID,ANM,WE,Federal Contract Tower,0,10,2,0,12,0,2,60,0,62,0,12,62,0,74,38,0,38,112
09/04/2020,LWS,ID,ANM,WE,Federal Contract Tower,0,10,1,0,11,0,5,48,0,53,0,15,49,0,64,60,0,60,124
09/05/2020,LWS,ID,ANM,WE,Federal Contract Tower,0,5,6,0,11,0,11,40,0,51,0,16,46,0,62,26,0,26,88
09/06/2020,LWS,ID,ANM,WE,Federal Contract Tower,0,8,6,0,14,0,5,20,0,25,0,13,26,0,39,30,0,30,69
09/07/2020,LWS,ID,ANM,WE,Federal Contract Tower,0,6,3,0,9,0,0,13,0,13,0,6,16,0,22,0,0,0,22
09/08/2020,LWS,ID,ANM,WE,Federal Contract Tower,0,7,4,0,11,0,1,30,0,31,0,8,34,0,42,24,0,24,66
09/09/2020,LWS,ID,ANM,WE,Federal Contract Tower,1,8,4,0,13,0,4,35,0,39,1,12,39,0,52,30,0,30,82
09/10/2020,LWS,ID,ANM,WE,Federal Contract Tower,1,7,5,0,13,0,7,48,0,55,1,14,53,0,68,62,0,62,130
09/11/2020,LWS,ID,ANM,WE,Federal Contract Tower,0,8,8,0,16,0,3,68,0,71,0,11,76,0,87,74,0,74,161
09/12/2020,LWS,ID,ANM,WE,Federal Contract Tower,0,7,4,0,11,0,0,30,0,30,0,7,34,0,41,48,0,48,89
09/13/2020,LWS,ID,ANM,WE,Federal Contract Tower,2,2,5,0,9,0,0,1,0,1,2,2,6,0,10,0,0,0,10
09/14/2020,LWS,ID,ANM,WE,Federal Contract Tower,0,6,4,2,12,0,0,0,0,0,0,6,4,2,12,0,0,0,12
09/15/2020,LWS,ID,ANM,WE,Federal Contract Tower,0,6,11,0,17,0,0,0,0,0,0,6,11,0,17,0,0,0,17
09/16/2020,LWS,ID,ANM,WE,Federal Contract Tower,0,8,4,0,12,0,0,0,0,0,0,8,4,0,12,0,0,0,12
09/17/2020,LWS,ID,ANM,WE,Federal Contract Tower,1,8,10,0,19,0,0,0,0,0,1,8,10,0,19,0,0,0,19
09/18/2020,LWS,ID,ANM,WE,Federal Contract Tower,2,19,6,0,27,0,0,0,0,0,2,19,6,0,27,0,0,0,27
09/19/2020,LWS,ID,ANM,WE,Federal Contract Tower,0,6,1,0,7,0,1,30,0,31,0,7,31,0,38,22,0,22,60
09/20/2020,LWS,ID,ANM,WE,Federal Contract Tower,0,6,4,0,10,0,5,45,0,50,0,11,49,0,60,50,0,50,110
09/21/2020,LWS,ID,ANM,WE,Federal Contract Tower,0,12,4,0,16,0,4,44,0,48,0,16,48,0,64,40,0,40,104
09/22/2020,LWS,ID,ANM,WE,Federal Contract Tower,0,8,3,2,13,0,9,35,6,50,0,17,38,8,63,18,0,18,81
09/23/2020,LWS,ID,ANM,WE,Federal Contract Tower,0,7,4,4,15,0,5,31,0,36,0,12,35,4,51,38,0,38,89
09/24/2020,LWS,ID,ANM,WE,Federal Contract Tower,1,9,7,0,17,0,3,17,0,20,1,12,24,0,37,0,0,0,37
09/25/2020,LWS,ID,ANM,WE,Federal Contract Tower,2,6,3,0,11,0,4,14,0,18,2,10,17,0,29,6,0,6,35
09/26/2020,LWS,ID,ANM,WE,Federal Contract Tower,1,3,8,0,12,0,8,27,0,35,1,11,35,0,47,22,0,22,69
09/27/2020,LWS,ID,ANM,WE,Federal Contract Tower,0,5,4,0,9,0,3,40,0,43,0,8,44,0,52,84,0,84,136
09/28/2020,LWS,ID,ANM,WE,Federal Contract Tower,0,8,9,0,17,0,5,41,0,46,0,13,50,0,63,14,0,14,77
09/29/2020,LWS,ID,ANM,WE,Federal Contract Tower,0,8,10,0,18,0,3,51,1,55,0,11,61,1,73,12,0,12,85
09/30/2020,LWS,ID,ANM,WE,Federal Contract Tower,1,7,5,0,13,0,7,45,0,52,1,14,50,0,65,12,0,12,77
10/01/2020,LWS,ID,ANM,WE,Federal Contract Tower,1,5,5,0,11,0,3,31,0,34,1,8,36,0,45,62,0,62,107
10/02/2020,LWS,ID,ANM,WE,Federal Contract Tower,0,7,10,0,17,0,5,28,0,33,0,12,38,0,50,0,0,0,50
10/03/2020,LWS,ID,ANM,WE,Federal Contract Tower,0,8,2,0,10,0,2,42,0,44,0,10,44,0,54,20,0,20,74
10/04/2020,LWS,ID,ANM,WE,Federal Contract Tower,0,4,0,0,4,0,4,43,1,48,0,8,43,1,52,54,0,54,106
10/05/2020,LWS,ID,ANM,WE,Federal Contract Tower,2,7,2,0,11,0,4,25,0,29,2,11,27,0,40,54,0,54,94
10/06/2020,LWS,ID,ANM,WE,Federal Contract Tower,3,5,8,0,16,0,5,47,0,52,3,10,55,0,68,2,0,2,70
10/07/2020,LWS,ID,ANM,WE,Federal Contract Tower,4,5,2,0,11,0,5,41,0,46,4,10,43,0,57,4,0,4,61
10/08/2020,LWS,ID,ANM,WE,Federal Contract Tower,3,5,8,0,16,0,7,40,0,47,3,12,48,0,63,42,0,42,105
10/09/2020,LWS,ID,ANM,WE,Federal Contract Tower,0,8,10,0,18,0,5,68,0,73,0,13,78,0,91,32,0,32,123
10/10/2020,LWS,ID,ANM,WE,Federal Contract Tower,0,9,3,0,12,0,4,7,0,11,0,13,10,0,23,36,0,36,59
10/11/2020,LWS,ID,ANM,WE,Federal Contract Tower,3,2,15,0,20,0,1,4,0,5,3,3,19,0,25,24,0,24,49
10/12/2020,LWS,ID,ANM,WE,Federal Contract Tower,1,6,6,0,13,0,2,13,0,15,1,8,19,0,28,0,0,0,28
10/13/2020,LWS,ID,ANM,WE,Federal Contract Tower,0,9,6,0,15,0,0,0,0,0,0,9,6,0,15,0,0,0,15
10/14/2020,LWS,ID,ANM,WE,Federal Contract Tower,0,7,4,0,11,0,3,17,0,20,0,10,21,0,31,0,0,0,31
10/15/2020,LWS,ID,ANM,WE,Federal Contract Tower,0,7,6,0,13,0,4,59,0,63,0,11,65,0,76,44,0,44,120
10/16/2020,LWS,ID,ANM,WE,Federal Contract Tower,1,7,2,0,10,0,4,55,0,59,1,11,57,0,69,52,0,52,121
10/17/2020,LWS,ID,ANM,WE,Federal Contract Tower,2,3,9,0,14,0,5,26,0,31,2,8,35,0,45,18,0,18,63
10/18/2020,LWS,ID,ANM,WE,Federal Contract Tower,1,3,8,0,12,0,3,24,0,27,1,6,32,0,39,46,0,46,85
10/19/2020,LWS,ID,ANM,WE,Federal Contract Tower,1,7,3,0,11,0,4,24,2,30,1,11,27,2,41,28,0,28,69
10/20/2020,LWS,ID,ANM,WE,Federal Contract Tower,3,6,9,0,18,0,8,45,0,53,3,14,54,0,71,24,0,24,95
10/21/2020,LWS,ID,ANM,WE,Federal Contract Tower,0,9,3,0,12,0,0,16,0,16,0,9,19,0,28,16,0,16,44
10/22/2020,LWS,ID,ANM,WE,Federal Contract Tower,1,10,9,0,20,0,2,19,0,21,1,12,28,0,41,12,0,12,53
10/23/2020,LWS,ID,ANM,WE,Federal Contract Tower,3,7,7,0,17,0,0,10,0,10,3,7,17,0,27,14,0,14,41
10/24/2020,LWS,ID,ANM,WE,Federal Contract Tower,0,9,6,0,15,0,0,13,0,13,0,9,19,0,28,6,0,6,34
10/25/2020,LWS,ID,ANM,WE,Federal Contract Tower,0,4,3,0,7,0,2,36,0,38,0,6,39,0,45,0,0,0,45
10/26/2020,LWS,ID,ANM,WE,Federal Contract Tower,0,8,3,0,11,0,4,44,0,48,0,12,47,0,59,40,0,40,99
10/27/2020,LWS,ID,ANM,WE,Federal Contract Tower,0,7,2,0,9,0,7,36,0,43,0,14,38,0,52,38,0,38,90
10/29/2020,LWS,ID,ANM,WE,Federal Contract Tower,0,11,3,2,16,0,7,55,0,62,0,18,58,2,78,12,0,12,90
10/30/2020,LWS,ID,ANM,WE,Federal Contract Tower,0,8,3,0,11,0,6,15,0,21,0,14,18,0,32,42,0,42,74
10/31/2020,LWS,ID,ANM,WE,Federal Contract Tower,0,5,0,0,5,0,6,68,0,74,0,11,68,0,79,52,0,52,131
11/01/2020,LWS,ID,ANM,WE,Federal Contract Tower,0,4,4,0,8,0,4,39,0,43,0,8,43,0,51,108,0,108,159
11/02/2020,LWS,ID,ANM,WE,Federal Contract Tower,0,8,8,0,16,0,2,61,0,63,0,10,69,0,79,34,0,34,113
11/03/2020,LWS,ID,ANM,WE,Federal Contract Tower,0,8,11,0,19,0,6,41,0,47,0,14,52,0,66,44,0,44,110
11/04/2020,LWS,ID,ANM,WE,Federal Contract Tower,0,0,0,0,0,0,4,10,0,14,0,4,10,0,14,4,0,4,18
11/05/2020,LWS,ID,ANM,WE,Federal Contract Tower,0,8,7,0,15,0,5,13,0,18,0,13,20,0,33,24,0,24,57
11/06/2020,LWS,ID,ANM,WE,Federal Contract Tower,0,9,3,0,12,0,2,10,0,12,0,11,13,0,24,28,0,28,52
11/07/2020,LWS,ID,ANM,WE,Federal Contract Tower,0,6,1,0,7,0,1,1,0,2,0,7,2,0,9,18,0,18,27
11/08/2020,LWS,ID,ANM,WE,Federal Contract Tower,2,2,3,0,7,0,0,0,0,0,2,2,3,0,7,0,0,0,7
11/09/2020,LWS,ID,ANM,WE,Federal Contract Tower,0,7,6,0,13,0,3,42,0,45,0,10,48,0,58,42,0,42,100
11/10/2020,LWS,ID,ANM,WE,Federal Contract Tower,0,10,10,0,20,0,0,6,0,6,0,10,16,0,26,0,0,0,26
11/11/2020,LWS,ID,ANM,WE,Federal Contract Tower,0,8,12,0,20,0,2,34,0,36,0,10,46,0,56,56,0,56,112
11/12/2020,LWS,ID,ANM,WE,Federal Contract Tower,0,8,8,1,17,0,10,20,3,33,0,18,28,4,50,26,0,26,76
11/13/2020,LWS,ID,ANM,WE,Federal Contract Tower,0,8,7,0,15,0,2,5,0,7,0,10,12,0,22,16,0,16,38
11/14/2020,LWS,ID,ANM,WE,Federal Contract Tower,0,4,1,0,5,0,2,8,0,10,0,6,9,0,15,22,0,22,37
11/15/2020,LWS,ID,ANM,WE,Federal Contract Tower,0,5,6,0,11,0,0,4,0,4,0,5,10,0,15,30,0,30,45
11/16/2020,LWS,ID,ANM,WE,Federal Contract Tower,0,9,5,0,14,0,2,11,0,13,0,11,16,0,27,16,0,16,43
11/17/2020,LWS,ID,ANM,WE,Federal Contract Tower,1,5,3,0,9,0,3,13,0,16,1,8,16,0,25,16,0,16,41
11/18/2020,LWS,ID,ANM,WE,Federal Contract Tower,1,9,8,0,18,0,0,11,0,11,1,9,19,0,29,0,0,0,29
11/19/2020,LWS,ID,ANM,WE,Federal Contract Tower,0,8,15,0,23,0,0,14,0,14,0,8,29,0,37,18,0,18,55
11/20/2020,LWS,ID,ANM,WE,Federal Contract Tower,5,5,9,0,19,0,2,50,0,52,5,7,59,0,71,16,0,16,87
11/21/2020,LWS,ID,ANM,WE,Federal Contract Tower,6,3,1,0,10,0,3,76,0,79,6,6,77,0,89,94,0,94,183
11/22/2020,LWS,ID,ANM,WE,Federal Contract Tower,6,1,3,0,10,0,3,26,0,29,6,4,29,0,39,40,0,40,79
11/23/2020,LWS,ID,ANM,WE,Federal Contract Tower,6,4,4,0,14,0,0,8,0,8,6,4,12,0,22,38,0,38,60
11/24/2020,LWS,ID,ANM,WE,Federal Contract Tower,6,3,10,0,19,0,3,34,0,37,6,6,44,0,56,54,0,54,110
11/25/2020,LWS,ID,ANM,WE,Federal Contract Tower,6,4,7,0,17,0,0,9,0,9,6,4,16,0,26,6,0,6,32
11/27/2020,LWS,ID,ANM,WE,Federal Contract Tower,7,3,3,0,13,0,2,10,0,12,7,5,13,0,25,58,0,58,83
11/28/2020,LWS,ID,ANM,WE,Federal Contract Tower,6,2,0,0,8,0,2,8,0,10,6,4,8,0,18,8,0,8,26
11/29/2020,LWS,ID,ANM,WE,Federal Contract Tower,6,0,9,0,15,0,5,27,0,32,6,5,36,0,47,58,0,58,105
11/30/2020,LWS,ID,ANM,WE,Federal Contract Tower,6,6,2,0,14,0,7,3,0,10,6,13,5,0,24,0,0,0,24
12/01/2020,LWS,ID,ANM,WE,Federal Contract Tower,5,4,3,4,16,0,10,31,0,41,5,14,34,4,57,96,0,96,153
12/02/2020,LWS,ID,ANM,WE,Federal Contract Tower,0,8,4,0,12,0,5,33,0,38,0,13,37,0,50,82,0,82,132
12/03/2020,LWS,ID,ANM,WE,Federal Contract Tower,0,8,2,0,10,0,2,43,0,45,0,10,45,0,55,62,0,62,117
12/04/2020,LWS,ID,ANM,WE,Federal Contract Tower,0,7,6,0,13,0,0,35,0,35,0,7,41,0,48,38,0,38,86
12/05/2020,LWS,ID,ANM,WE,Federal Contract Tower,0,6,2,0,8,0,0,39,0,39,0,6,41,0,47,54,0,54,101
12/06/2020,LWS,ID,ANM,WE,Federal Contract Tower,0,4,6,0,10,0,0,39,0,39,0,4,45,0,49,18,0,18,67
12/07/2020,LWS,ID,ANM,WE,Federal Contract Tower,0,8,4,0,12,0,6,54,0,60,0,14,58,0,72,28,0,28,100
12/08/2020,LWS,ID,ANM,WE,Federal Contract Tower,0,6,9,0,15,0,4,49,0,53,0,10,58,0,68,188,0,188,256
12/09/2020,LWS,ID,ANM,WE,Federal Contract Tower,0,8,12,0,20,0,8,26,0,34,0,16,38,0,54,126,0,126,180
12/10/2020,LWS,ID,ANM,WE,Federal Contract Tower,0,8,9,0,17,0,1,14,0,15,0,9,23,0,32,0,0,0,32
12/11/2020,LWS,ID,ANM,WE,Federal Contract Tower,0,8,7,0,15,0,0,2,0,2,0,8,9,0,17,0,0,0,17
12/12/2020,LWS,ID,ANM,WE,Federal Contract Tower,0,9,8,0,17,0,0,16,0,16,0,9,24,0,33,68,0,68,101
12/13/2020,LWS,ID,ANM,WE,Federal Contract Tower,0,10,9,0,19,0,0,1,0,1,0,10,10,0,20,0,0,0,20
12/14/2020,LWS,ID,ANM,WE,Federal Contract Tower,1,8,5,0,14,0,0,0,0,0,1,8,5,0,14,0,0,0,14
12/15/2020,LWS,ID,ANM,WE,Federal Contract Tower,1,9,10,0,20,0,0,0,0,0,1,9,10,0,20,14,0,14,34
12/16/2020,LWS,ID,ANM,WE,Federal Contract Tower,0,11,4,0,15,0,2,30,0,32,0,13,34,0,47,44,0,44,91
12/17/2020,LWS,ID,ANM,WE,Federal Contract Tower,0,10,15,0,25,0,2,16,0,18,0,12,31,0,43,50,0,50,93
12/18/2020,LWS,ID,ANM,WE,Federal Contract Tower,0,10,5,0,15,0,4,17,0,21,0,14,22,0,36,26,0,26,62
12/19/2020,LWS,ID,ANM,WE,Federal Contract Tower,0,10,3,0,13,0,8,22,0,30,0,18,25,0,43,74,0,74,117
12/20/2020,LWS,ID,ANM,WE,Federal Contract Tower,0,6,1,0,7,0,2,0,0,2,0,8,1,0,9,0,0,0,9
12/21/2020,LWS,ID,ANM,WE,Federal Contract Tower,0,9,4,0,13,0,3,32,0,35,0,12,36,0,48,66,0,66,114
12/22/2020,LWS,ID,ANM,WE,Federal Contract Tower,0,11,8,1,20,0,4,6,5,15,0,15,14,6,35,0,0,0,35
12/23/2020,LWS,ID,ANM,WE,Federal Contract Tower,0,8,3,0,11,0,2,50,0,52,0,10,53,0,63,34,0,34,97
12/24/2020,LWS,ID,ANM,WE,Federal Contract Tower,0,7,0,0,7,0,5,32,0,37,0,12,32,0,44,36,0,36,80
12/25/2020,LWS,ID,ANM,WE,Federal Contract Tower,0,3,0,0,3,0,5,5,0,10,0,8,5,0,13,0,0,0,13
12/26/2020,LWS,ID,ANM,WE,Federal Contract Tower,0,8,2,0,10,0,0,4,0,4,0,8,6,0,14,20,0,20,34
12/27/2020,LWS,ID,ANM,WE,Federal Contract Tower,0,5,3,0,8,0,0,0,0,0,0,5,3,0,8,0,0,0,8
12/28/2020,LWS,ID,ANM,WE,Federal Contract Tower,0,15,1,0,16,0,0,0,0,0,0,15,1,0,16,0,0,0,16
12/29/2020,LWS,ID,ANM,WE,Federal Contract Tower,0,10,9,0,19,0,2,7,0,9,0,12,16,0,28,48,0,48,76
12/30/2020,LWS,ID,ANM,WE,Federal Contract Tower,0,10,3,0,13,0,0,2,0,2,0,10,5,0,15,0,0,0,15
12/31/2020,LWS,ID,ANM,WE,Federal Contract Tower,0,8,5,0,13,0,0,4,0,4,0,8,9,0,17,24,0,24,41
01/01/2021,LWS,ID,ANM,WE,Federal Contract Tower,0,2,4,0,6,0,5,29,0,34,0,7,33,0,40,6,0,6,46
01/02/2021,LWS,ID,ANM,WE,Federal Contract Tower,0,8,2,0,10,0,4,10,0,14,0,12,12,0,24,4,0,4,28
01/03/2021,LWS,ID,ANM,WE,Federal Contract Tower,0,6,11,0,17,0,6,26,0,32,0,12,37,0,49,14,0,14,63
01/04/2021,LWS,ID,ANM,WE,Federal Contract Tower,0,8,2,0,10,0,0,20,0,20,0,8,22,0,30,30,0,30,60
01/05/2021,LWS,ID,ANM,WE,Federal Contract Tower,0,7,5,0,12,0,6,35,2,43,0,13,40,2,55,48,0,48,103
01/06/2021,LWS,ID,ANM,WE,Federal Contract Tower,0,8,11,0,19,0,1,23,0,24,0,9,34,0,43,24,0,24,67
01/07/2021,LWS,ID,ANM,WE,Federal Contract Tower,1,8,11,0,20,0,0,1,0,1,1,8,12,0,21,0,0,0,21
01/08/2021,LWS,ID,ANM,WE,Federal Contract Tower,0,10,3,0,13,0,2,23,0,25,0,12,26,0,38,68,0,68,106
01/09/2021,LWS,ID,ANM,WE,Federal Contract Tower,0,3,2,0,5,0,0,15,0,15,0,3,17,0,20,78,0,78,98
01/10/2021,LWS,ID,ANM,WE,Federal Contract Tower,0,5,4,0,9,0,2,29,0,31,0,7,33,0,40,36,0,36,76
01/11/2021,LWS,ID,ANM,WE,Federal Contract Tower,0,11,3,2,16,0,2,31,0,33,0,13,34,2,49,40,0,40,89
01/12/2021,LWS,ID,ANM,WE,Federal Contract Tower,0,7,5,0,12,0,2,1,0,3,0,9,6,0,15,4,0,4,19
01/13/2021,LWS,ID,ANM,WE,Federal Contract Tower,0,4,4,0,8,0,3,0,0,3,0,7,4,0,11,0,0,0,11
01/14/2021,LWS,ID,ANM,WE,Federal Contract Tower,0,8,8,0,16,0,7,48,0,55,0,15,56,0,71,24,0,24,95
01/15/2021,LWS,ID,ANM,WE,Federal Contract Tower,0,8,7,0,15,0,1,6,0,7,0,9,13,0,22,0,0,0,22
01/16/2021,LWS,ID,ANM,WE,Federal Contract Tower,0,5,2,0,7,0,0,0,0,0,0,5,2,0,7,0,0,0,7
01/17/2021,LWS,ID,ANM,WE,Federal Contract Tower,0,3,4,0,7,0,0,13,0,13,0,3,17,0,20,48,0,48,68
01/18/2021,LWS,ID,ANM,WE,Federal Contract Tower,0,9,3,0,12,0,0,21,0,21,0,9,24,0,33,64,0,64,97
01/19/2021,LWS,ID,ANM,WE,Federal Contract Tower,0,8,10,0,18,0,5,19,0,24,0,13,29,0,42,52,0,52,94
01/20/2021,LWS,ID,ANM,WE,Federal Contract Tower,0,7,8,0,15,0,2,44,6,52,0,9,52,6,67,68,0,68,135
01/21/2021,LWS,ID,ANM,WE,Federal Contract Tower,0,9,7,0,16,0,0,5,0,5,0,9,12,0,21,14,0,14,35
01/22/2021,LWS,ID,ANM,WE,Federal Contract Tower,0,11,12,0,23,0,6,7,0,13,0,17,19,0,36,18,0,18,54
01/23/2021,LWS,ID,ANM,WE,Federal Contract Tower,0,3,5,0,8,0,4,50,0,54,0,7,55,0,62,54,0,54,116
01/24/2021,LWS,ID,ANM,WE,Federal Contract Tower,0,5,1,0,6,0,2,46,0,48,0,7,47,0,54,130,0,130,184
01/25/2021,LWS,ID,ANM,WE,Federal Contract Tower,0,9,11,0,20,0,0,2,0,2,0,9,13,0,22,0,0,0,22
01/26/2021,LWS,ID,ANM,WE,Federal Contract Tower,1,8,12,0,21,0,0,10,2,12,1,8,22,2,33,20,0,20,53
01/27/2021,LWS,ID,ANM,WE,Federal Contract Tower,1,5,9,0,15,0,3,15,0,18,1,8,24,0,33,54,0,54,87
01/28/2021,LWS,ID,ANM,WE,Federal Contract Tower,0,8,3,0,11,0,7,32,0,39,0,15,35,0,50,96,0,96,146
01/29/2021,LWS,ID,ANM,WE,Federal Contract Tower,1,8,6,0,15,0,0,9,0,9,1,8,15,0,24,16,0,16,40
01/30/2021,LWS,ID,ANM,WE,Federal Contract Tower,0,3,0,0,3,0,5,50,0,55,0,8,50,0,58,90,0,90,148
01/31/2021,LWS,ID,ANM,WE,Federal Contract Tower,0,4,1,0,5,0,2,48,0,50,0,6,49,0,55,34,0,34,89
02/01/2021,LWS,ID,ANM,WE,Federal Contract Tower,0,9,4,0,13,0,6,36,0,42,0,15,40,0,55,28,0,28,83
02/02/2021,LWS,ID,ANM,WE,Federal Contract Tower,0,7,3,0,10,0,5,23,0,28,0,12,26,0,38,4,0,4,42
02/03/2021,LWS,ID,ANM,WE,Federal Contract Tower,0,7,9,0,16,0,0,2,0,2,0,7,11,0,18,0,0,0,18
02/04/2021,LWS,ID,ANM,WE,Federal Contract Tower,0,8,11,0,19,0,1,23,0,24,0,9,34,0,43,36,0,36,79
02/05/2021,LWS,ID,ANM,WE,Federal Contract Tower,0,8,3,0,11,0,3,9,0,12,0,11,12,0,23,0,0,0,23
02/06/2021,LWS,ID,ANM,WE,Federal Contract Tower,0,3,2,0,5,0,2,16,0,18,0,5,18,0,23,56,0,56,79
02/07/2021,LWS,ID,ANM,WE,Federal Contract Tower,0,3,5,0,8,0,0,19,0,19,0,3,24,0,27,0,0,0,27
02/08/2021,LWS,ID,ANM,WE,Federal Contract Tower,0,11,6,0,17,0,0,11,0,11,0,11,17,0,28,12,0,12,40
02/09/2021,LWS,ID,ANM,WE,Federal Contract Tower,0,7,4,0,11,0,0,10,0,10,0,7,14,0,21,40,0,40,61
02/10/2021,LWS,ID,ANM,WE,Federal Contract Tower,0,7,11,0,18,0,0,32,0,32,0,7,43,0,50,62,0,62,112
02/11/2021,LWS,ID,ANM,WE,Federal Contract Tower,0,7,6,0,13,0,2,25,0,27,0,9,31,0,40,20,0,20,60
02/12/2021,LWS,ID,ANM,WE,Federal Contract Tower,0,9,4,0,13,0,0,0,0,0,0,9,4,0,13,0,0,0,13
02/13/2021,LWS,ID,ANM,WE,Federal Contract Tower,1,8,3,0,12,0,0,0,0,0,1,8,3,0,12,0,0,0,12
02/14/2021,LWS,ID,ANM,WE,Federal Contract Tower,0,3,6,0,9,0,0,0,0,0,0,3,6,0,9,0,0,0,9
02/15/2021,LWS,ID,ANM,WE,Federal Contract Tower,0,9,3,0,12,0,0,0,0,0,0,9,3,0,12,0,0,0,12
02/16/2021,LWS,ID,ANM,WE,Federal Contract Tower,0,7,5,0,12,0,0,0,0,0,0,7,5,0,12,0,0,0,12
02/17/2021,LWS,ID,ANM,WE,Federal Contract Tower,0,7,12,0,19,0,4,10,0,14,0,11,22,0,33,36,0,36,69
02/18/2021,LWS,ID,ANM,WE,Federal Contract Tower,0,10,5,0,15,0,5,18,0,23,0,15,23,0,38,42,0,42,80
02/19/2021,LWS,ID,ANM,WE,Federal Contract Tower,0,9,14,0,23,0,0,1,0,1,0,9,15,0,24,0,0,0,24
02/20/2021,LWS,ID,ANM,WE,Federal Contract Tower,0,5,1,0,6,0,0,20,0,20,0,5,21,0,26,42,0,42,68
02/21/2021,LWS,ID,ANM,WE,Federal Contract Tower,0,5,2,0,7,0,2,2,0,4,0,7,4,0,11,18,0,18,29
02/22/2021,LWS,ID,ANM,WE,Federal Contract Tower,0,8,6,0,14,0,0,1,0,1,0,8,7,0,15,0,0,0,15
02/23/2021,LWS,ID,ANM,WE,Federal Contract Tower,0,8,2,0,10,0,0,19,0,19,0,8,21,0,29,20,0,20,49
02/24/2021,LWS,ID,ANM,WE,Federal Contract Tower,0,10,9,0,19,0,2,30,0,32,0,12,39,0,51,32,0,32,83
02/25/2021,LWS,ID,ANM,WE,Federal Contract Tower,0,9,13,0,22,0,2,0,0,2,0,11,13,0,24,0,0,0,24
02/26/2021,LWS,ID,ANM,WE,Federal Contract Tower,0,9,2,0,11,0,0,0,0,0,0,9,2,0,11,0,0,0,11
02/27/2021,LWS,ID,ANM,WE,Federal Contract Tower,0,3,4,0,7,0,0,15,0,15,0,3,19,0,22,42,0,42,64
02/28/2021,LWS,ID,ANM,WE,Federal Contract Tower,0,5,3,0,8,0,0,12,0,12,0,5,15,0,20,36,0,36,56
03/01/2021,LWS,ID,ANM,WE,Federal Contract Tower,0,8,6,0,14,0,4,20,0,24,0,12,26,0,38,46,0,46,84
03/03/2021,LWS,ID,ANM,WE,Federal Contract Tower,0,5,3,0,8,0,6,50,0,56,0,11,53,0,64,124,0,124,188
03/04/2021,LWS,ID,ANM,WE,Federal Contract Tower,0,8,12,0,20,0,3,86,0,89,0,11,98,0,109,74,0,74,183
03/05/2021,LWS,ID,ANM,WE,Federal Contract Tower,0,8,2,0,10,0,9,79,0,88,0,17,81,0,98,46,0,46,144
03/06/2021,LWS,ID,ANM,WE,Federal Contract Tower,0,3,2,0,5,0,0,13,0,13,0,3,15,0,18,60,0,60,78
03/07/2021,LWS,ID,ANM,WE,Federal Contract Tower,0,5,2,0,7,0,7,32,0,39,0,12,34,0,46,36,0,36,82
03/08/2021,LWS,ID,ANM,WE,Federal Contract Tower,0,9,5,0,14,0,8,25,0,33,0,17,30,0,47,46,0,46,93
03/09/2021,LWS,ID,ANM,WE,Federal Contract Tower,0,8,3,0,11,0,2,73,0,75,0,10,76,0,86,70,0,70,156
03/10/2021,LWS,ID,ANM,WE,Federal Contract Tower,0,8,4,0,12,0,6,58,0,64,0,14,62,0,76,70,0,70,146
03/11/2021,LWS,ID,ANM,WE,Federal Contract Tower,0,9,8,0,17,0,5,78,0,83,0,14,86,0,100,54,0,54,154
03/12/2021,LWS,ID,ANM,WE,Federal Contract Tower,0,13,6,0,19,0,3,64,0,67,0,16,70,0,86,64,0,64,150
03/13/2021,LWS,ID,ANM,WE,Federal Contract Tower,0,3,5,0,8,0,0,75,0,75,0,3,80,0,83,72,0,72,155
03/14/2021,LWS,ID,ANM,WE,Federal Contract Tower,0,8,5,0,13,0,4,64,0,68,0,12,69,0,81,30,0,30,111
03/15/2021,LWS,ID,ANM,WE,Federal Contract Tower,0,10,10,0,20,0,3,72,0,75,0,13,82,0,95,104,0,104,199
03/16/2021,LWS,ID,ANM,WE,Federal Contract Tower,0,6,11,0,17,0,6,89,2,97,0,12,100,2,114,50,0,50,164
03/17/2021,LWS,ID,ANM,WE,Federal Contract Tower,0,6,14,0,20,0,3,81,2,86,0,9,95,2,106,94,2,96,202
03/18/2021,LWS,ID,ANM,WE,Federal Contract Tower,0,8,7,2,17,0,1,62,0,63,0,9,69,2,80,86,0,86,166
03/19/2021,LWS,ID,ANM,WE,Federal Contract Tower,0,9,6,0,15,0,2,30,0,32,0,11,36,0,47,54,0,54,101
03/20/2021,LWS,ID,ANM,WE,Federal Contract Tower,0,3,4,0,7,0,2,13,0,15,0,5,17,0,22,44,0,44,66
03/21/2021,LWS,ID,ANM,WE,Federal Contract Tower,0,5,4,0,9,0,4,39,0,43,0,9,43,0,52,68,0,68,120
03/22/2021,LWS,ID,ANM,WE,Federal Contract Tower,0,9,1,2,12,0,2,19,2,23,0,11,20,4,35,48,24,72,107
03/23/2021,LWS,ID,ANM,WE,Federal Contract Tower,0,6,11,0,17,0,7,76,0,83,0,13,87,0,100,60,0,60,160
03/24/2021,LWS,ID,ANM,WE,Federal Contract Tower,1,6,8,0,15,0,0,13,0,13,1,6,21,0,28,76,0,76,104
03/25/2021,LWS,ID,ANM,WE,Federal Contract Tower,0,9,6,0,15,0,1,10,0,11,0,10,16,0,26,58,0,58,84
03/26/2021,LWS,ID,ANM,WE,Federal Contract Tower,1,7,3,0,11,0,3,82,0,85,1,10,85,0,96,90,0,90,186
03/27/2021,LWS,ID,ANM,WE,Federal Contract Tower,3,1,8,0,12,0,5,95,0,100,3,6,103,0,112,88,0,88,200
03/28/2021,LWS,ID,ANM,WE,Federal Contract Tower,3,2,5,0,10,0,0,13,0,13,3,2,18,0,23,12,0,12,35
03/29/2021,LWS,ID,ANM,WE,Federal Contract Tower,0,7,11,0,18,0,9,8,0,17,0,16,19,0,35,0,0,0,35
03/30/2021,LWS,ID,ANM,WE,Federal Contract Tower,0,6,5,0,11,0,4,44,0,48,0,10,49,0,59,38,0,38,97
03/31/2021,LWS,ID,ANM,WE,Federal Contract Tower,0,6,8,0,14,0,5,51,0,56,0,11,59,0,70,34,0,34,104
04/01/2021,LWS,ID,ANM,WE,Federal Contract Tower,0,8,17,0,25,0,7,41,0,48,0,15,58,0,73,42,0,42,115
04/02/2021,LWS,ID,ANM,WE,Federal Contract Tower,0,8,6,0,14,0,7,50,0,57,0,15,56,0,71,100,0,100,171
04/03/2021,LWS,ID,ANM,WE,Federal Contract Tower,0,3,6,0,9,0,5,49,0,54,0,8,55,0,63,62,0,62,125
04/04/2021,LWS,ID,ANM,WE,Federal Contract Tower,0,5,0,0,5,0,0,15,0,15,0,5,15,0,20,16,0,16,36
04/05/2021,LWS,ID,ANM,WE,Federal Contract Tower,0,9,5,0,14,0,4,32,2,38,0,13,37,2,52,22,18,40,92
04/06/2021,LWS,ID,ANM,WE,Federal Contract Tower,0,6,9,0,15,0,3,79,0,82,0,9,88,0,97,34,0,34,131
04/07/2021,LWS,ID,ANM,WE,Federal Contract Tower,0,6,10,0,16,0,5,48,0,53,0,11,58,0,69,6,0,6,75
04/08/2021,LWS,ID,ANM,WE,Federal Contract Tower,0,9,5,0,14,0,0,3,0,3,0,9,8,0,17,0,0,0,17
04/09/2021,LWS,ID,ANM,WE,Federal Contract Tower,0,8,3,0,11,0,5,41,0,46,0,13,44,0,57,14,0,14,71
04/10/2021,LWS,ID,ANM,WE,Federal Contract Tower,0,7,0,0,7,0,3,5,0,8,0,10,5,0,15,0,0,0,15
04/11/2021,LWS,ID,ANM,WE,Federal Contract Tower,0,5,5,0,10,0,6,43,0,49,0,11,48,0,59,48,0,48,107
04/12/2021,LWS,ID,ANM,WE,Federal Contract Tower,0,8,4,0,12,0,4,43,0,47,0,12,47,0,59,26,0,26,85
04/13/2021,LWS,ID,ANM,WE,Federal Contract Tower,0,6,2,0,8,0,2,4,0,6,0,8,6,0,14,0,0,0,14
04/14/2021,LWS,ID,ANM,WE,Federal Contract Tower,0,5,4,0,9,0,4,30,2,36,0,9,34,2,45,32,0,32,77
04/16/2021,LWS,ID,ANM,WE,Federal Contract Tower,0,10,7,0,17,0,2,64,0,66,0,12,71,0,83,94,0,94,177
04/17/2021,LWS,ID,ANM,WE,Federal Contract Tower,0,3,1,0,4,0,6,104,0,110,0,9,105,0,114,96,0,96,210
04/18/2021,LWS,ID,ANM,WE,Federal Contract Tower,0,5,4,0,9,0,5,33,0,38,0,10,37,0,47,50,0,50,97
04/19/2021,LWS,ID,ANM,WE,Federal Contract Tower,0,9,2,0,11,0,0,46,0,46,0,9,48,0,57,44,0,44,101
04/20/2021,LWS,ID,ANM,WE,Federal Contract Tower,0,7,9,2,18,0,1,60,0,61,0,8,69,2,79,104,0,104,183
04/21/2021,LWS,ID,ANM,WE,Federal Contract Tower,0,6,12,0,18,0,9,51,0,60,0,15,63,0,78,96,0,96,174
04/22/2021,LWS,ID,ANM,WE,Federal Contract Tower,0,11,9,0,20,0,0,27,4,31,0,11,36,4,51,30,0,30,81
04/23/2021,LWS,ID,ANM,WE,Federal Contract Tower,0,9,3,0,12,0,2,41,0,43,0,11,44,0,55,24,0,24,79
04/24/2021,LWS,ID,ANM,WE,Federal Contract Tower,1,5,4,1,11,0,0,7,0,7,1,5,11,1,18,20,0,20,38
04/25/2021,LWS,ID,ANM,WE,Federal Contract Tower,0,7,3,0,10,0,0,11,0,11,0,7,14,0,21,40,0,40,61
04/26/2021,LWS,ID,ANM,WE,Federal Contract Tower,0,11,4,0,15,0,4,24,0,28,0,15,28,0,43,66,0,66,109
04/27/2021,LWS,ID,ANM,WE,Federal Contract Tower,0,6,10,0,16,0,7,58,0,65,0,13,68,0,81,118,0,118,199
04/28/2021,LWS,ID,ANM,WE,Federal Contract Tower,0,6,12,0,18,0,9,28,0,37,0,15,40,0,55,84,0,84,139
04/29/2021,LWS,ID,ANM,WE,Federal Contract Tower,0,8,3,0,11,0,8,60,0,68,0,16,63,0,79,110,0,110,189
04/30/2021,LWS,ID,ANM,WE,Federal Contract Tower,0,9,2,0,11,0,2,35,0,37,0,11,37,0,48,138,0,138,186
05/01/2021,LWS,ID,ANM,WE,Federal Contract Tower,0,3,9,0,12,0,3,24,0,27,0,6,33,0,39,22,0,22,61
05/02/2021,LWS,ID,ANM,WE,Federal Contract Tower,0,5,2,0,7,0,2,42,0,44,0,7,44,0,51,24,0,24,75
05/03/2021,LWS,ID,ANM,WE,Federal Contract Tower,0,10,0,0,10,0,8,68,0,76,0,18,68,0,86,72,0,72,158
05/04/2021,LWS,ID,ANM,WE,Federal Contract Tower,0,8,4,0,12,0,25,30,0,55,0,33,34,0,67,72,0,72,139
05/05/2021,LWS,ID,ANM,WE,Federal Contract Tower,0,8,9,0,17,0,7,54,0,61,0,15,63,0,78,26,0,26,104
05/06/2021,LWS,ID,ANM,WE,Federal Contract Tower,0,10,3,0,13,0,6,31,0,37,0,16,34,0,50,22,0,22,72
05/07/2021,LWS,ID,ANM,WE,Federal Contract Tower,0,11,6,0,17,0,9,19,0,28,0,20,25,0,45,20,0,20,65
05/08/2021,LWS,ID,ANM,WE,Federal Contract Tower,0,3,4,0,7,0,3,36,0,39,0,6,40,0,46,32,0,32,78
05/09/2021,LWS,ID,ANM,WE,Federal Contract Tower,0,5,3,0,8,0,3,32,0,35,0,8,35,0,43,40,0,40,83
05/10/2021,LWS,ID,ANM,WE,Federal Contract Tower,0,7,2,0,9,0,10,46,0,56,0,17,48,0,65,66,0,66,131
05/11/2021,LWS,ID,ANM,WE,Federal Contract Tower,0,8,3,0,11,0,9,41,0,50,0,17,44,0,61,70,0,70,131
05/12/2021,LWS,ID,ANM,WE,Federal Contract Tower,0,7,6,0,13,0,7,68,4,79,0,14,74,4,92,52,0,52,144
05/13/2021,LWS,ID,ANM,WE,Federal Contract Tower,0,9,5,0,14,0,12,57,0,69,0,21,62,0,83,78,0,78,161
05/14/2021,LWS,ID,ANM,WE,Federal Contract Tower,0,7,3,0,10,0,5,103,0,108,0,12,106,0,118,62,0,62,180
05/15/2021,LWS,ID,ANM,WE,Federal Contract Tower,0,3,4,0,7,0,6,101,0,107,0,9,105,0,114,34,0,34,148
05/16/2021,LWS,ID,ANM,WE,Federal Contract Tower,0,5,2,0,7,0,0,56,0,56,0,5,58,0,63,42,0,42,105
05/17/2021,LWS,ID,ANM,WE,Federal Contract Tower,0,9,4,0,13,0,9,55,0,64,0,18,59,0,77,38,0,38,115
05/18/2021,LWS,ID,ANM,WE,Federal Contract Tower,0,8,9,0,17,0,3,23,0,26,0,11,32,0,43,14,0,14,57
05/19/2021,LWS,ID,ANM,WE,Federal Contract Tower,0,7,11,0,18,0,7,41,0,48,0,14,52,0,66,20,0,20,86
05/20/2021,LWS,ID,ANM,WE,Federal Contract Tower,0,11,8,0,19,0,0,6,0,6,0,11,14,0,25,20,0,20,45
05/21/2021,LWS,ID,ANM,WE,Federal Contract Tower,0,9,12,0,21,0,3,35,0,38,0,12,47,0,59,78,0,78,137
05/22/2021,LWS,ID,ANM,WE,Federal Contract Tower,0,3,3,0,6,0,2,17,0,19,0,5,20,0,25,38,0,38,63
05/23/2021,LWS,ID,ANM,WE,Federal Contract Tower,0,5,1,0,6,0,1,24,0,25,0,6,25,0,31,48,0,48,79
05/24/2021,LWS,ID,ANM,WE,Federal Contract Tower,0,9,9,1,19,0,2,36,3,41,0,11,45,4,60,20,0,20,80
05/25/2021,LWS,ID,ANM,WE,Federal Contract Tower,0,7,9,0,16,0,2,37,3,42,0,9,46,3,58,42,0,42,100
05/26/2021,LWS,ID,ANM,WE,Federal Contract Tower,0,7,10,0,17,0,4,72,1,77,0,11,82,1,94,74,0,74,168
05/27/2021,LWS,ID,ANM,WE,Federal Contract Tower,0,10,10,0,20,0,7,48,0,55,0,17,58,0,75,88,0,88,163
05/28/2021,LWS,ID,ANM,WE,Federal Contract Tower,0,9,8,0,17,0,4,75,0,79,0,13,83,0,96,84,0,84,180
05/29/2021,LWS,ID,ANM,WE,Federal Contract Tower,0,5,4,0,9,0,7,101,0,108,0,12,105,0,117,84,0,84,201
05/30/2021,LWS,ID,ANM,WE,Federal Contract Tower,0,4,1,0,5,0,3,94,0,97,0,7,95,0,102,74,0,74,176
05/31/2021,LWS,ID,ANM,WE,Federal Contract Tower,0,6,4,0,10,0,6,73,0,79,0,12,77,0,89,40,0,40,129
06/01/2021,LWS,ID,ANM,WE,Federal Contract Tower,0,7,11,0,18,0,4,68,0,72,0,11,79,0,90,4,0,4,94
06/02/2021,LWS,ID,ANM,WE,Federal Contract Tower,0,6,4,0,10,0,8,53,0,61,0,14,57,0,71,36,0,36,107
06/03/2021,LWS,ID,ANM,WE,Federal Contract Tower,0,8,8,0,16,0,6,49,1,56,0,14,57,1,72,30,12,42,114
06/04/2021,LWS,ID,ANM,WE,Federal Contract Tower,0,13,3,0,16,0,8,59,0,67,0,21,62,0,83,24,0,24,107
06/05/2021,LWS,ID,ANM,WE,Federal Contract Tower,0,5,3,0,8,0,8,31,0,39,0,13,34,0,47,28,0,28,75
06/06/2021,LWS,ID,ANM,WE,Federal Contract Tower,0,5,2,0,7,0,9,63,0,72,0,14,65,0,79,60,0,60,139
06/07/2021,LWS,ID,ANM,WE,Federal Contract Tower,0,8,3,0,11,0,2,74,0,76,0,10,77,0,87,34,0,34,121
06/08/2021,LWS,ID,ANM,WE,Federal Contract Tower,0,8,5,0,13,0,6,37,0,43,0,14,42,0,56,24,0,24,80
06/09/2021,LWS,ID,ANM,WE,Federal Contract Tower,0,9,9,0,18,0,2,56,0,58,0,11,65,0,76,20,0,20,96
06/10/2021,LWS,ID,ANM,WE,Federal Contract Tower,2,6,2,0,10,0,6,19,0,25,2,12,21,0,35,18,0,18,53
06/11/2021,LWS,ID,ANM,WE,Federal Contract Tower,0,8,8,0,16,0,5,34,0,39,0,13,42,0,55,0,0,0,55
06/12/2021,LWS,ID,ANM,WE,Federal Contract Tower,0,7,5,0,12,0,4,71,0,75,0,11,76,0,87,48,0,48,135
06/13/2021,LWS,ID,ANM,WE,Federal Contract Tower,0,5,1,0,6,0,4,48,0,52,0,9,49,0,58,42,0,42,100
06/14/2021,LWS,ID,ANM,WE,Federal Contract Tower,0,13,1,0,14,0,3,57,2,62,0,16,58,2,76,36,0,36,112
06/15/2021,LWS,ID,ANM,WE,Federal Contract Tower,0,8,15,0,23,0,4,28,0,32,0,12,43,0,55,40,0,40,95
06/16/2021,LWS,ID,ANM,WE,Federal Contract Tower,0,10,14,0,24,0,7,84,0,91,0,17,98,0,115,66,0,66,181
06/17/2021,LWS,ID,ANM,WE,Federal Contract Tower,0,10,7,0,17,0,4,75,2,81,0,14,82,2,98,48,0,48,146
06/18/2021,LWS,ID,ANM,WE,Federal Contract Tower,0,13,10,0,23,0,8,98,0,106,0,21,108,0,129,48,0,48,177
06/19/2021,LWS,ID,ANM,WE,Federal Contract Tower,0,5,2,0,7,0,3,35,0,38,0,8,37,0,45,46,0,46,91
06/20/2021,LWS,ID,ANM,WE,Federal Contract Tower,0,5,3,0,8,0,4,32,0,36,0,9,35,0,44,44,0,44,88
06/21/2021,LWS,ID,ANM,WE,Federal Contract Tower,0,9,3,0,12,0,2,47,2,51,0,11,50,2,63,30,0,30,93
06/22/2021,LWS,ID,ANM,WE,Federal Contract Tower,0,8,4,0,12,0,1,39,0,40,0,9,43,0,52,22,0,22,74
06/23/2021,LWS,ID,ANM,WE,Federal Contract Tower,0,12,11,0,23,0,0,26,0,26,0,12,37,0,49,16,0,16,65
06/24/2021,LWS,ID,ANM,WE,Federal Contract Tower,0,10,7,0,17,0,2,53,2,57,0,12,60,2,74,84,0,84,158
06/25/2021,LWS,ID,ANM,WE,Federal Contract Tower,0,10,6,0,16,0,3,48,0,51,0,13,54,0,67,68,0,68,135
06/26/2021,LWS,ID,ANM,WE,Federal Contract Tower,0,5,1,0,6,0,10,35,0,45,0,15,36,0,51,60,0,60,111
06/27/2021,LWS,ID,ANM,WE,Federal Contract Tower,0,6,5,0,11,0,5,31,0,36,0,11,36,0,47,4,0,4,51
06/28/2021,LWS,ID,ANM,WE,Federal Contract Tower,0,10,6,0,16,0,3,35,1,39,0,13,41,1,55,10,0,10,65
06/29/2021,LWS,ID,ANM,WE,Federal Contract Tower,0,9,7,0,16,0,1,14,0,15,0,10,21,0,31,10,0,10,41
06/30/2021,LWS,ID,ANM,WE,Federal Contract Tower,0,8,8,0,16,0,2,32,0,34,0,10,40,0,50,32,0,32,82
07/01/2021,LWS,ID,ANM,WE,Federal Contract Tower,0,10,3,0,13,0,2,44,0,46,0,12,47,0,59,22,0,22,81
07/02/2021,LWS,ID,ANM,WE,Federal Contract Tower,0,9,5,0,14,0,7,43,0,50,0,16,48,0,64,38,0,38,102
07/03/2021,LWS,ID,ANM,WE,Federal Contract Tower,0,5,2,0,7,0,4,31,0,35,0,9,33,0,42,20,0,20,62
07/04/2021,LWS,ID,ANM,WE,Federal Contract Tower,0,5,2,0,7,0,8,23,0,31,0,13,25,0,38,28,0,28,66
07/05/2021,LWS,ID,ANM,WE,Federal Contract Tower,0,5,0,0,5,0,6,17,0,23,0,11,17,0,28,0,0,0,28
07/06/2021,LWS,ID,ANM,WE,Federal Contract Tower,0,9,7,0,16,0,15,28,0,43,0,24,35,0,59,4,0,4,63
07/07/2021,LWS,ID,ANM,WE,Federal Contract Tower,0,8,7,0,15,0,4,101,0,105,0,12,108,0,120,0,0,0,120
07/08/2021,LWS,ID,ANM,WE,Federal Contract Tower,0,9,7,0,16,0,4,82,0,86,0,13,89,0,102,40,0,40,142
07/09/2021,LWS,ID,ANM,WE,Federal Contract Tower,0,9,6,0,15,0,2,95,0,97,0,11,101,0,112,28,0,28,140
07/10/2021,LWS,ID,ANM,WE,Federal Contract Tower,0,5,6,0,11,0,3,67,0,70,0,8,73,0,81,8,0,8,89
07/11/2021,LWS,ID,ANM,WE,Federal Contract Tower,0,5,6,0,11,0,8,77,0,85,0,13,83,0,96,10,0,10,106
07/12/2021,LWS,ID,ANM,WE,Federal Contract Tower,0,10,15,0,25,0,0,87,2,89,0,10,102,2,114,16,0,16,130
07/13/2021,LWS,ID,ANM,WE,Federal Contract Tower,0,8,10,0,18,0,1,89,6,96,0,9,99,6,114,12,0,12,126
07/14/2021,LWS,ID,ANM,WE,Federal Contract Tower,0,10,13,0,23,0,5,58,4,67,0,15,71,4,90,20,0,20,110
07/15/2021,LWS,ID,ANM,WE,Federal Contract Tower,0,9,2,0,11,0,3,76,2,81,0,12,78,2,92,12,0,12,104
07/16/2021,LWS,ID,ANM,WE,Federal Contract Tower,0,11,3,0,14,0,5,33,2,40,0,16,36,2,54,26,0,26,80
07/17/2021,LWS,ID,ANM,WE,Federal Contract Tower,0,6,4,0,10,0,6,50,0,56,0,12,54,0,66,40,0,40,106
07/18/2021,LWS,ID,ANM,WE,Federal Contract Tower,0,5,6,0,11,0,3,59,0,62,0,8,65,0,73,46,0,46,119
07/19/2021,LWS,ID,ANM,WE,Federal Contract Tower,0,12,11,0,23,0,4,20,0,24,0,16,31,0,47,2,0,2,49
07/20/2021,LWS,ID,ANM,WE,Federal Contract Tower,0,9,9,0,18,0,5,56,0,61,0,14,65,0,79,44,0,44,123
07/21/2021,LWS,ID,ANM,WE,Federal Contract Tower,0,9,23,0,32,0,2,81,7,90,0,11,104,7,122,8,0,8,130
07/22/2021,LWS,ID,ANM,WE,Federal Contract Tower,0,10,14,0,24,0,8,119,3,130,0,18,133,3,154,36,0,36,190
07/23/2021,LWS,ID,ANM,WE,Federal Contract Tower,0,9,7,0,16,0,3,57,4,64,0,12,64,4,80,22,0,22,102
07/24/2021,LWS,ID,ANM,WE,Federal Contract Tower,0,6,7,0,13,0,4,32,4,40,0,10,39,4,53,48,0,48,101
07/25/2021,LWS,ID,ANM,WE,Federal Contract Tower,0,5,12,0,17,0,1,54,5,60,0,6,66,5,77,30,0,30,107
07/26/2021,LWS,ID,ANM,WE,Federal Contract Tower,0,10,3,0,13,0,4,36,4,44,0,14,39,4,57,18,0,18,75
07/27/2021,LWS,ID,ANM,WE,Federal Contract Tower,0,8,11,0,19,0,6,28,0,34,0,14,39,0,53,0,0,0,53
07/28/2021,LWS,ID,ANM,WE,Federal Contract Tower,0,10,4,0,14,0,4,49,4,57,0,14,53,4,71,44,0,44,115
07/29/2021,LWS,ID,ANM,WE,Federal Contract Tower,0,9,13,0,22,0,1,54,3,58,0,10,67,3,80,20,0,20,100
07/30/2021,LWS,ID,ANM,WE,Federal Contract Tower,0,10,7,0,17,0,11,28,1,40,0,21,35,1,57,30,0,30,87
07/31/2021,LWS,ID,ANM,WE,Federal Contract Tower,0,7,11,0,18,0,2,10,0,12,0,9,21,0,30,6,0,6,36
08/01/2021,LWS,ID,ANM,WE,Federal Contract Tower,0,7,8,0,15,0,0,27,0,27,0,7,35,0,42,28,0,28,70
08/02/2021,LWS,ID,ANM,WE,Federal Contract Tower,0,9,14,0,23,0,0,36,0,36,0,9,50,0,59,14,0,14,73
08/03/2021,LWS,ID,ANM,WE,Federal Contract Tower,1,8,11,0,20,0,0,24,4,28,1,8,35,4,48,34,0,34,82
08/04/2021,LWS,ID,ANM,WE,Federal Contract Tower,0,9,3,0,12,0,0,32,0,32,0,9,35,0,44,2,0,2,46
08/05/2021,LWS,ID,ANM,WE,Federal Contract Tower,0,9,4,0,13,0,0,35,0,35,0,9,39,0,48,22,0,22,70
08/06/2021,LWS,ID,ANM,WE,Federal Contract Tower,0,8,3,0,11,0,9,25,0,34,0,17,28,0,45,40,0,40,85
08/07/2021,LWS,ID,ANM,WE,Federal Contract Tower,0,5,2,0,7,0,1,33,0,34,0,6,35,0,41,6,0,6,47
08/08/2021,LWS,ID,ANM,WE,Federal Contract Tower,0,5,7,1,13,0,3,21,3,27,0,8,28,4,40,2,0,2,42
08/09/2021,LWS,ID,ANM,WE,Federal Contract Tower,0,8,6,0,14,0,3,51,0,54,0,11,57,0,68,44,0,44,112
08/10/2021,LWS,ID,ANM,WE,Federal Contract Tower,0,8,8,0,16,0,6,39,0,45,0,14,47,0,61,18,0,18,79
08/11/2021,LWS,ID,ANM,WE,Federal Contract Tower,0,8,13,0,21,0,1,45,0,46,0,9,58,0,67,12,0,12,79
08/12/2021,LWS,ID,ANM,WE,Federal Contract Tower,0,10,12,0,22,0,1,41,0,42,0,11,53,0,64,4,0,4,68
08/13/2021,LWS,ID,ANM,WE,Federal Contract Tower,0,10,7,0,17,0,1,0,0,1,0,11,7,0,18,0,0,0,18
08/14/2021,LWS,ID,ANM,WE,Federal Contract Tower,0,5,3,0,8,0,0,6,0,6,0,5,9,0,14,6,0,6,20
08/15/2021,LWS,ID,ANM,WE,Federal Contract Tower,0,6,5,0,11,0,4,11,0,15,0,10,16,0,26,20,0,20,46
08/16/2021,LWS,ID,ANM,WE,Federal Contract Tower,0,11,6,0,17,0,13,33,0,46,0,24,39,0,63,38,0,38,101
08/17/2021,LWS,ID,ANM,WE,Federal Contract Tower,0,10,5,0,15,0,3,15,0,18,0,13,20,0,33,10,0,10,43
08/18/2021,LWS,ID,ANM,WE,Federal Contract Tower,0,10,11,0,21,0,4,30,0,34,0,14,41,0,55,18,0,18,73
08/19/2021,LWS,ID,ANM,WE,Federal Contract Tower,0,9,11,0,20,0,3,40,0,43,0,12,51,0,63,16,0,16,79
08/20/2021,LWS,ID,ANM,WE,Federal Contract Tower,0,9,7,0,16,0,2,31,0,33,0,11,38,0,49,24,0,24,73
08/21/2021,LWS,ID,ANM,WE,Federal Contract Tower,0,5,14,0,19,0,4,9,0,13,0,9,23,0,32,52,0,52,84
08/22/2021,LWS,ID,ANM,WE,Federal Contract Tower,0,5,4,0,9,0,4,28,0,32,0,9,32,0,41,34,0,34,75
08/23/2021,LWS,ID,ANM,WE,Federal Contract Tower,0,8,5,0,13,0,3,29,0,32,0,11,34,0,45,32,0,32,77
08/24/2021,LWS,ID,ANM,WE,Federal Contract Tower,0,9,10,0,19,0,5,46,0,51,0,14,56,0,70,4,0,4,74
08/25/2021,LWS,ID,ANM,WE,Federal Contract Tower,0,7,12,0,19,0,2,60,0,62,0,9,72,0,81,4,0,4,85
08/26/2021,LWS,ID,ANM,WE,Federal Contract Tower,0,9,2,0,11,0,4,46,0,50,0,13,48,0,61,28,0,28,89
08/27/2021,LWS,ID,ANM,WE,Federal Contract Tower,0,11,5,0,16,0,0,19,0,19,0,11,24,0,35,54,0,54,89
08/28/2021,LWS,ID,ANM,WE,Federal Contract Tower,0,7,3,0,10,0,5,42,0,47,0,12,45,0,57,18,0,18,75
08/29/2021,LWS,ID,ANM,WE,Federal Contract Tower,0,7,7,0,14,0,2,39,0,41,0,9,46,0,55,38,0,38,93
08/30/2021,LWS,ID,ANM,WE,Federal Contract Tower,0,8,4,0,12,0,6,30,0,36,0,14,34,0,48,6,0,6,54
08/31/2021,LWS,ID,ANM,WE,Federal Contract Tower,0,9,8,0,17,0,5,29,2,36,0,14,37,2,53,20,0,20,73
09/01/2021,LWS,ID,ANM,WE,Federal Contract Tower,0,11,9,0,20,0,0,42,0,42,0,11,51,0,62,76,0,76,138
09/02/2021,LWS,ID,ANM,WE,Federal Contract Tower,0,8,3,0,11,0,7,49,0,56,0,15,52,0,67,22,0,22,89
09/03/2021,LWS,ID,ANM,WE,Federal Contract Tower,0,9,6,0,15,0,1,43,0,44,0,10,49,0,59,26,0,26,85
09/04/2021,LWS,ID,ANM,WE,Federal Contract Tower,0,7,12,0,19,0,4,38,0,42,0,11,50,0,61,70,0,70,131
09/05/2021,LWS,ID,ANM,WE,Federal Contract Tower,0,6,4,0,10,0,3,16,0,19,0,9,20,0,29,8,0,8,37
09/06/2021,LWS,ID,ANM,WE,Federal Contract Tower,0,5,6,0,11,0,6,29,0,35,0,11,35,0,46,32,0,32,78
09/07/2021,LWS,ID,ANM,WE,Federal Contract Tower,0,9,4,0,13,0,4,48,0,52,0,13,52,0,65,28,0,28,93
09/08/2021,LWS,ID,ANM,WE,Federal Contract Tower,0,9,15,0,24,0,4,54,2,60,0,13,69,2,84,24,0,24,108
09/09/2021,LWS,ID,ANM,WE,Federal Contract Tower,0,10,11,0,21,0,1,25,0,26,0,11,36,0,47,48,0,48,95
09/10/2021,LWS,ID,ANM,WE,Federal Contract Tower,0,9,7,0,16,0,3,9,0,12,0,12,16,0,28,2,0,2,30
09/11/2021,LWS,ID,ANM,WE,Federal Contract Tower,0,5,7,0,12,0,6,73,0,79,0,11,80,0,91,68,0,68,159
09/12/2021,LWS,ID,ANM,WE,Federal Contract Tower,0,5,3,0,8,0,2,39,0,41,0,7,42,0,49,22,0,22,71
09/13/2021,LWS,ID,ANM,WE,Federal Contract Tower,0,8,4,0,12,0,9,58,0,67,0,17,62,0,79,20,0,20,99
09/14/2021,LWS,ID,ANM,WE,Federal Contract Tower,0,9,3,0,12,0,8,42,0,50,0,17,45,0,62,22,0,22,84
09/15/2021,LWS,ID,ANM,WE,Federal Contract Tower,0,11,13,0,24,0,4,11,0,15,0,15,24,0,39,22,0,22,61
09/16/2021,LWS,ID,ANM,WE,Federal Contract Tower,0,8,9,0,17,0,3,54,0,57,0,11,63,0,74,10,0,10,84
09/17/2021,LWS,ID,ANM,WE,Federal Contract Tower,1,10,5,0,16,0,5,17,0,22,1,15,22,0,38,20,0,20,58
09/18/2021,LWS,ID,ANM,WE,Federal Contract Tower,0,8,10,0,18,0,2,1,0,3,0,10,11,0,21,0,0,0,21
09/19/2021,LWS,ID,ANM,WE,Federal Contract Tower,1,4,7,0,12,0,3,5,0,8,1,7,12,0,20,0,0,0,20
09/20/2021,LWS,ID,ANM,WE,Federal Contract Tower,0,12,2,0,14,0,0,25,0,25,0,12,27,0,39,4,0,4,43
09/21/2021,LWS,ID,ANM,WE,Federal Contract Tower,0,9,4,0,13,0,2,31,2,35,0,11,35,2,48,30,0,30,78
09/22/2021,LWS,ID,ANM,WE,Federal Contract Tower,0,11,3,0,14,0,7,24,2,33,0,18,27,2,47,2,0,2,49
09/23/2021,LWS,ID,ANM,WE,Federal Contract Tower,0,8,4,0,12,0,2,30,0,32,0,10,34,0,44,58,0,58,102
09/24/2021,LWS,ID,ANM,WE,Federal Contract Tower,0,8,3,0,11,0,6,35,0,41,0,14,38,0,52,18,0,18,70
09/25/2021,LWS,ID,ANM,WE,Federal Contract Tower,0,4,1,0,5,0,2,61,0,63,0,6,62,0,68,28,0,28,96
09/26/2021,LWS,ID,ANM,WE,Federal Contract Tower,0,5,3,0,8,0,6,47,0,53,0,11,50,0,61,28,0,28,89
09/27/2021,LWS,ID,ANM,WE,Federal Contract Tower,0,7,2,0,9,0,0,19,0,19,0,7,21,0,28,16,0,16,44
09/28/2021,LWS,ID,ANM,WE,Federal Contract Tower,0,6,6,2,14,0,5,12,2,19,0,11,18,4,33,36,0,36,69
09/29/2021,LWS,ID,ANM,WE,Federal Contract Tower,0,6,7,0,13,0,11,32,0,43,0,17,39,0,56,10,0,10,66
09/30/2021,LWS,ID,ANM,WE,Federal Contract Tower,0,3,2,0,5,0,7,31,0,38,0,10,33,0,43,22,0,22,65
10/01/2021,LWS,ID,ANM,WE,Federal Contract Tower,0,6,14,0,20,0,2,47,1,50,0,8,61,1,70,42,0,42,112
10/02/2021,LWS,ID,ANM,WE,Federal Contract Tower,0,3,3,1,7,0,3,34,0,37,0,6,37,1,44,34,0,34,78
10/03/2021,LWS,ID,ANM,WE,Federal Contract Tower,0,7,4,0,11,0,4,45,0,49,0,11,49,0,60,36,0,36,96
10/04/2021,LWS,ID,ANM,WE,Federal Contract Tower,0,9,7,0,16,0,9,63,0,72,0,18,70,0,88,26,0,26,114
10/05/2021,LWS,ID,ANM,WE,Federal Contract Tower,0,10,5,0,15,0,22,52,0,74,0,32,57,0,89,36,0,36,125
10/06/2021,LWS,ID,ANM,WE,Federal Contract Tower,0,10,6,0,16,0,3,24,0,27,0,13,30,0,43,6,0,6,49
10/07/2021,LWS,ID,ANM,WE,Federal Contract Tower,0,8,7,0,15,0,5,34,0,39,0,13,41,0,54,20,0,20,74
10/08/2021,LWS,ID,ANM,WE,Federal Contract Tower,3,8,6,0,17,0,10,42,0,52,3,18,48,0,69,52,0,52,121
10/09/2021,LWS,ID,ANM,WE,Federal Contract Tower,1,5,2,0,8,0,3,62,0,65,1,8,64,0,73,48,0,48,121
10/10/2021,LWS,ID,ANM,WE,Federal Contract Tower,0,7,11,0,18,0,1,11,0,12,0,8,22,0,30,12,0,12,42
10/11/2021,LWS,ID,ANM,WE,Federal Contract Tower,0,9,5,0,14,0,3,33,0,36,0,12,38,0,50,68,0,68,118
10/12/2021,LWS,ID,ANM,WE,Federal Contract Tower,0,10,6,0,16,0,4,55,2,61,0,14,61,2,77,104,0,104,181
10/13/2021,LWS,ID,ANM,WE,Federal Contract Tower,0,12,9,0,21,0,3,13,0,16,0,15,22,0,37,34,0,34,71
10/14/2021,LWS,ID,ANM,WE,Federal Contract Tower,0,10,12,0,22,0,6,18,0,24,0,16,30,0,46,0,0,0,46
10/15/2021,LWS,ID,ANM,WE,Federal Contract Tower,2,9,11,0,22,0,3,45,0,48,2,12,56,0,70,42,0,42,112
10/16/2021,LWS,ID,ANM,WE,Federal Contract Tower,0,6,1,0,7,0,11,54,0,65,0,17,55,0,72,26,0,26,98
10/17/2021,LWS,ID,ANM,WE,Federal Contract Tower,0,7,7,0,14,0,4,51,0,55,0,11,58,0,69,34,0,34,103
10/18/2021,LWS,ID,ANM,WE,Federal Contract Tower,0,8,8,0,16,0,3,52,0,55,0,11,60,0,71,70,0,70,141
10/19/2021,LWS,ID,ANM,WE,Federal Contract Tower,0,10,10,0,20,0,3,49,0,52,0,13,59,0,72,48,0,48,120
10/20/2021,LWS,ID,ANM,WE,Federal Contract Tower,0,11,6,0,17,0,4,16,0,20,0,15,22,0,37,12,0,12,49
10/21/2021,LWS,ID,ANM,WE,Federal Contract Tower,0,7,12,0,19,0,4,30,0,34,0,11,42,0,53,42,0,42,95
10/22/2021,LWS,ID,ANM,WE,Federal Contract Tower,0,8,9,0,17,0,3,6,0,9,0,11,15,0,26,8,0,8,34
10/23/2021,LWS,ID,ANM,WE,Federal Contract Tower,0,8,4,0,12,0,3,19,0,22,0,11,23,0,34,4,0,4,38
10/24/2021,LWS,ID,ANM,WE,Federal Contract Tower,0,7,19,0,26,0,0,5,0,5,0,7,24,0,31,38,0,38,69
10/25/2021,LWS,ID,ANM,WE,Federal Contract Tower,0,14,7,0,21,0,2,10,0,12,0,16,17,0,33,26,0,26,59
10/26/2021,LWS,ID,ANM,WE,Federal Contract Tower,0,10,8,0,18,0,2,9,2,13,0,12,17,2,31,12,0,12,43
10/27/2021,LWS,ID,ANM,WE,Federal Contract Tower,0,11,11,0,22,0,7,26,0,33,0,18,37,0,55,28,0,28,83
10/28/2021,LWS,ID,ANM,WE,Federal Contract Tower,0,10,14,0,24,0,0,11,2,13,0,10,25,2,37,20,0,20,57
10/29/2021,LWS,ID,ANM,WE,Federal Contract Tower,0,10,5,0,15,0,5,2,0,7,0,15,7,0,22,16,0,16,38
10/30/2021,LWS,ID,ANM,WE,Federal Contract Tower,0,7,5,0,12,0,0,13,0,13,0,7,18,0,25,34,0,34,59
11/01/2021,LWS,ID,ANM,WE,Federal Contract Tower,0,8,6,0,14,0,2,41,0,43,0,10,47,0,57,34,0,34,91
11/02/2021,LWS,ID,ANM,WE,Federal Contract Tower,0,12,12,0,24,0,2,22,0,24,0,14,34,0,48,18,0,18,66
11/03/2021,LWS,ID,ANM,WE,Federal Contract Tower,0,8,9,0,17,0,9,22,0,31,0,17,31,0,48,22,0,22,70
11/04/2021,LWS,ID,ANM,WE,Federal Contract Tower,0,8,11,0,19,0,2,5,0,7,0,10,16,0,26,18,0,18,44
11/05/2021,LWS,ID,ANM,WE,Federal Contract Tower,0,9,2,0,11,0,4,31,0,35,0,13,33,0,46,46,0,46,92
11/06/2021,LWS,ID,ANM,WE,Federal Contract Tower,0,10,12,0,22,0,0,14,0,14,0,10,26,0,36,4,0,4,40
11/07/2021,LWS,ID,ANM,WE,Federal Contract Tower,0,5,1,0,6,0,2,10,0,12,0,7,11,0,18,0,0,0,18
11/08/2021,LWS,ID,ANM,WE,Federal Contract Tower,0,11,4,0,15,0,4,30,0,34,0,15,34,0,49,28,0,28,77
11/09/2021,LWS,ID,ANM,WE,Federal Contract Tower,0,12,2,0,14,0,2,4,0,6,0,14,6,0,20,6,0,6,26
11/10/2021,LWS,ID,ANM,WE,Federal Contract Tower,0,8,3,0,11,0,0,50,1,51,0,8,53,1,62,58,0,58,120
11/11/2021,LWS,ID,ANM,WE,Federal Contract Tower,0,11,12,0,23,0,0,5,0,5,0,11,17,0,28,22,0,22,50
11/12/2021,LWS,ID,ANM,WE,Federal Contract Tower,0,11,9,0,20,0,0,0,0,0,0,11,9,0,20,0,0,0,20
11/13/2021,LWS,ID,ANM,WE,Federal Contract Tower,0,8,1,0,9,0,0,30,0,30,0,8,31,0,39,0,0,0,39
11/14/2021,LWS,ID,ANM,WE,Federal Contract Tower,0,5,7,0,12,0,4,12,0,16,0,9,19,0,28,4,0,4,32
11/15/2021,LWS,ID,ANM,WE,Federal Contract Tower,0,5,4,0,9,0,2,4,0,6,0,7,8,0,15,0,0,0,15
11/16/2021,LWS,ID,ANM,WE,Federal Contract Tower,0,10,12,0,22,0,3,15,0,18,0,13,27,0,40,4,0,4,44
11/17/2021,LWS,ID,ANM,WE,Federal Contract Tower,0,10,3,0,13,0,5,35,2,42,0,15,38,2,55,38,0,38,93
11/18/2021,LWS,ID,ANM,WE,Federal Contract Tower,2,13,13,0,28,0,19,20,0,39,2,32,33,0,67,20,0,20,87
11/19/2021,LWS,ID,ANM,WE,Federal Contract Tower,1,9,6,0,16,0,0,0,0,0,1,9,6,0,16,0,0,0,16
11/20/2021,LWS,ID,ANM,WE,Federal Contract Tower,0,7,4,0,11,0,0,23,0,23,0,7,27,0,34,26,0,26,60
11/21/2021,LWS,ID,ANM,WE,Federal Contract Tower,0,7,8,0,15,0,2,47,0,49,0,9,55,0,64,40,0,40,104
11/22/2021,LWS,ID,ANM,WE,Federal Contract Tower,0,11,4,0,15,0,5,36,0,41,0,16,40,0,56,12,0,12,68
11/23/2021,LWS,ID,ANM,WE,Federal Contract Tower,0,11,13,0,24,0,0,1,0,1,0,11,14,0,25,0,0,0,25
11/24/2021,LWS,ID,ANM,WE,Federal Contract Tower,0,11,7,0,18,0,4,28,0,32,0,15,35,0,50,28,0,28,78
11/25/2021,LWS,ID,ANM,WE,Federal Contract Tower,0,8,0,0,8,0,0,0,0,0,0,8,0,0,8,0,0,0,8
11/26/2021,LWS,ID,ANM,WE,Federal Contract Tower,0,10,0,0,10,0,4,5,0,9,0,14,5,0,19,0,0,0,19
11/27/2021,LWS,ID,ANM,WE,Federal Contract Tower,0,10,0,0,10,0,0,11,0,11,0,10,11,0,21,30,0,30,51
11/28/2021,LWS,ID,ANM,WE,Federal Contract Tower,0,8,3,0,11,0,10,11,0,21,0,18,14,0,32,0,0,0,32
11/29/2021,LWS,ID,ANM,WE,Federal Contract Tower,0,12,3,0,15,0,3,5,0,8,0,15,8,0,23,0,0,0,23
11/30/2021,LWS,ID,ANM,WE,Federal Contract Tower,0,8,8,0,16,0,3,10,0,13,0,11,18,0,29,0,0,0,29
12/02/2021,LWS,ID,ANM,WE,Federal Contract Tower,0,7,13,0,20,0,9,20,0,29,0,16,33,0,49,20,0,20,69
12/03/2021,LWS,ID,ANM,WE,Federal Contract Tower,0,12,3,0,15,0,1,24,0,25,0,13,27,0,40,54,0,54,94
12/04/2021,LWS,ID,ANM,WE,Federal Contract Tower,0,4,12,0,16,0,2,14,0,16,0,6,26,0,32,10,0,10,42
12/05/2021,LWS,ID,ANM,WE,Federal Contract Tower,0,6,3,0,9,0,3,33,0,36,0,9,36,0,45,78,0,78,123
12/06/2021,LWS,ID,ANM,WE,Federal Contract Tower,0,11,6,0,17,0,0,0,0,0,0,11,6,0,17,0,0,0,17
12/07/2021,LWS,ID,ANM,WE,Federal Contract Tower,0,9,9,0,18,0,0,1,0,1,0,9,10,0,19,0,0,0,19
12/08/2021,LWS,ID,ANM,WE,Federal Contract Tower,0,12,5,4,21,0,3,13,0,16,0,15,18,4,37,42,0,42,79
12/09/2021,LWS,ID,ANM,WE,Federal Contract Tower,0,8,9,0,17,0,1,26,0,27,0,9,35,0,44,34,0,34,78
12/10/2021,LWS,ID,ANM,WE,Federal Contract Tower,0,16,5,0,21,0,0,12,0,12,0,16,17,0,33,60,0,60,93
12/11/2021,LWS,ID,ANM,WE,Federal Contract Tower,0,6,3,0,9,0,1,0,0,1,0,7,3,0,10,0,0,0,10
12/13/2021,LWS,ID,ANM,WE,Federal Contract Tower,0,10,12,0,22,0,12,5,0,17,0,22,17,0,39,22,0,22,61
12/14/2021,LWS,ID,ANM,WE,Federal Contract Tower,0,12,13,0,25,0,8,10,0,18,0,20,23,0,43,6,0,6,49
12/15/2021,LWS,ID,ANM,WE,Federal Contract Tower,0,8,9,0,17,0,4,16,0,20,0,12,25,0,37,42,0,42,79
12/16/2021,LWS,ID,ANM,WE,Federal Contract Tower,0,11,9,0,20,0,0,2,0,2,0,11,11,0,22,0,0,0,22
12/17/2021,LWS,ID,ANM,WE,Federal Contract Tower,0,14,5,0,19,0,6,34,0,40,0,20,39,0,59,18,0,18,77
12/18/2021,LWS,ID,ANM,WE,Federal Contract Tower,0,9,3,0,12,0,0,6,0,6,0,9,9,0,18,2,0,2,20
12/19/2021,LWS,ID,ANM,WE,Federal Contract Tower,0,5,5,0,10,0,0,0,0,0,0,5,5,0,10,0,0,0,10
12/20/2021,LWS,ID,ANM,WE,Federal Contract Tower,0,11,7,0,18,0,0,1,0,1,0,11,8,0,19,0,0,0,19
12/21/2021,LWS,ID,ANM,WE,Federal Contract Tower,0,10,6,0,16,0,0,0,0,0,0,10,6,0,16,0,0,0,16
12/22/2021,LWS,ID,ANM,WE,Federal Contract Tower,0,10,4,0,14,0,1,12,2,15,0,11,16,2,29,24,0,24,53
12/23/2021,LWS,ID,ANM,WE,Federal Contract Tower,0,9,1,0,10,0,3,2,0,5,0,12,3,0,15,10,0,10,25
12/24/2021,LWS,ID,ANM,WE,Federal Contract Tower,0,10,6,0,16,0,1,6,0,7,0,11,12,0,23,20,0,20,43
12/25/2021,LWS,ID,ANM,WE,Federal Contract Tower,0,5,2,0,7,0,2,2,0,4,0,7,4,0,11,0,0,0,11
12/26/2021,LWS,ID,ANM,WE,Federal Contract Tower,0,7,5,0,12,0,0,2,0,2,0,7,7,0,14,12,0,12,26
12/27/2021,LWS,ID,ANM,WE,Federal Contract Tower,0,14,5,0,19,0,0,0,0,0,0,14,5,0,19,0,0,0,19
12/28/2021,LWS,ID,ANM,WE,Federal Contract Tower,0,9,5,0,14,0,0,1,0,1,0,9,6,0,15,0,0,0,15
12/29/2021,LWS,ID,ANM,WE,Federal Contract Tower,0,12,1,0,13,0,0,2,0,2,0,12,3,0,15,0,0,0,15
12/30/2021,LWS,ID,ANM,WE,Federal Contract Tower,0,6,0,0,6,0,0,0,0,0,0,6,0,0,6,0,0,0,6
12/31/2021,LWS,ID,ANM,WE,Federal Contract Tower,0,9,1,0,10,0,0,1,0,1,0,9,2,0,11,0,0,0,11
01/01/2022,LWS,ID,ANM,WE,Federal Contract Tower,0,6,1,0,7,0,8,12,0,20,0,14,13,0,27,0,0,0,27
01/02/2022,LWS,ID,ANM,WE,Federal Contract Tower,0,4,1,0,5,0,4,2,0,6,0,8,3,0,11,0,0,0,11
01/03/2022,LWS,ID,ANM,WE,Federal Contract Tower,0,11,9,0,20,0,0,2,0,2,0,11,11,0,22,4,0,4,26
01/04/2022,LWS,ID,ANM,WE,Federal Contract Tower,0,13,10,0,23,0,0,1,0,1,0,13,11,0,24,0,0,0,24
01/05/2022,LWS,ID,ANM,WE,Federal Contract Tower,0,7,5,0,12,0,1,0,0,1,0,8,5,0,13,0,0,0,13
01/06/2022,LWS,ID,ANM,WE,Federal Contract Tower,0,6,1,0,7,0,0,0,0,0,0,6,1,0,7,0,0,0,7
01/07/2022,LWS,ID,ANM,WE,Federal Contract Tower,0,12,5,0,17,0,3,4,0,7,0,15,9,0,24,4,0,4,28
01/08/2022,LWS,ID,ANM,WE,Federal Contract Tower,0,7,3,0,10,0,3,22,0,25,0,10,25,0,35,84,0,84,119
01/09/2022,LWS,ID,ANM,WE,Federal Contract Tower,0,5,4,0,9,0,5,17,0,22,0,10,21,0,31,32,0,32,63
01/10/2022,LWS,ID,ANM,WE,Federal Contract Tower,0,11,10,0,21,0,8,31,0,39,0,19,41,0,60,12,0,12,72
01/11/2022,LWS,ID,ANM,WE,Federal Contract Tower,0,9,6,0,15,0,0,3,0,3,0,9,9,0,18,0,0,0,18
01/12/2022,LWS,ID,ANM,WE,Federal Contract Tower,0,12,14,0,26,0,0,12,0,12,0,12,26,0,38,4,0,4,42
01/13/2022,LWS,ID,ANM,WE,Federal Contract Tower,0,10,13,0,23,0,0,18,0,18,0,10,31,0,41,18,0,18,59
01/14/2022,LWS,ID,ANM,WE,Federal Contract Tower,0,10,10,0,20,0,5,35,0,40,0,15,45,0,60,78,0,78,138
01/15/2022,LWS,ID,ANM,WE,Federal Contract Tower,0,10,0,0,10,0,4,50,0,54,0,14,50,0,64,84,0,84,148
01/16/2022,LWS,ID,ANM,WE,Federal Contract Tower,0,7,6,0,13,0,2,30,0,32,0,9,36,0,45,50,0,50,95
01/17/2022,LWS,ID,ANM,WE,Federal Contract Tower,0,6,1,0,7,0,3,16,0,19,0,9,17,0,26,16,0,16,42
01/18/2022,LWS,ID,ANM,WE,Federal Contract Tower,0,8,4,0,12,0,0,12,0,12,0,8,16,0,24,6,0,6,30
01/19/2022,LWS,ID,ANM,WE,Federal Contract Tower,0,8,11,0,19,0,3,19,0,22,0,11,30,0,41,52,0,52,93
01/20/2022,LWS,ID,ANM,WE,Federal Contract Tower,0,9,9,0,18,0,1,7,0,8,0,10,16,0,26,30,0,30,56
01/21/2022,LWS,ID,ANM,WE,Federal Contract Tower,0,8,5,0,13,0,7,37,0,44,0,15,42,0,57,20,0,20,77
01/22/2022,LWS,ID,ANM,WE,Federal Contract Tower,0,4,4,0,8,0,0,0,0,0,0,4,4,0,8,0,0,0,8
01/23/2022,LWS,ID,ANM,WE,Federal Contract Tower,0,8,0,0,8,0,1,35,0,36,0,9,35,0,44,46,0,46,90
01/24/2022,LWS,ID,ANM,WE,Federal Contract Tower,0,14,10,0,24,0,0,6,0,6,0,14,16,0,30,16,0,16,46
01/25/2022,LWS,ID,ANM,WE,Federal Contract Tower,0,10,11,0,21,0,2,17,0,19,0,12,28,0,40,42,0,42,82
01/26/2022,LWS,ID,ANM,WE,Federal Contract Tower,0,11,8,0,19,0,7,7,0,14,0,18,15,0,33,24,0,24,57
01/27/2022,LWS,ID,ANM,WE,Federal Contract Tower,0,13,11,0,24,0,2,14,0,16,0,15,25,0,40,36,0,36,76
01/28/2022,LWS,ID,ANM,WE,Federal Contract Tower,0,9,1,0,10,0,1,36,0,37,0,10,37,0,47,84,0,84,131
01/29/2022,LWS,ID,ANM,WE,Federal Contract Tower,0,5,2,0,7,0,0,38,0,38,0,5,40,0,45,32,0,32,77
01/30/2022,LWS,ID,ANM,WE,Federal Contract Tower,0,6,4,0,10,0,2,14,0,16,0,8,18,0,26,58,0,58,84
01/31/2022,LWS,ID,ANM,WE,Federal Contract Tower,0,9,4,0,13,0,5,0,0,5,0,14,4,0,18,0,0,0,18
02/01/2022,LWS,ID,ANM,WE,Federal Contract Tower,0,8,4,0,12,0,0,6,0,6,0,8,10,0,18,6,0,6,24
02/02/2022,LWS,ID,ANM,WE,Federal Contract Tower,0,12,10,0,22,0,0,11,2,13,0,12,21,2,35,18,0,18,53
02/03/2022,LWS,ID,ANM,WE,Federal Contract Tower,0,10,7,0,17,0,1,1,0,2,0,11,8,0,19,12,0,12,31
02/04/2022,LWS,ID,ANM,WE,Federal Contract Tower,0,9,3,0,12,0,2,0,0,2,0,11,3,0,14,0,0,0,14
02/05/2022,LWS,ID,ANM,WE,Federal Contract Tower,0,5,4,0,9,0,0,38,0,38,0,5,42,0,47,84,0,84,131
02/06/2022,LWS,ID,ANM,WE,Federal Contract Tower,0,4,4,0,8,0,2,48,0,50,0,6,52,0,58,54,0,54,112
02/07/2022,LWS,ID,ANM,WE,Federal Contract Tower,0,10,7,0,17,0,6,14,0,20,0,16,21,0,37,20,0,20,57
02/08/2022,LWS,ID,ANM,WE,Federal Contract Tower,0,7,9,0,16,0,4,15,0,19,0,11,24,0,35,4,0,4,39
02/09/2022,LWS,ID,ANM,WE,Federal Contract Tower,0,11,12,2,25,0,11,32,0,43,0,22,44,2,68,40,8,48,116
02/10/2022,LWS,ID,ANM,WE,Federal Contract Tower,0,9,4,0,13,0,3,27,0,30,0,12,31,0,43,26,0,26,69
02/11/2022,LWS,ID,ANM,WE,Federal Contract Tower,0,9,4,0,13,0,2,44,0,46,0,11,48,0,59,60,0,60,119
02/12/2022,LWS,ID,ANM,WE,Federal Contract Tower,0,5,2,0,7,0,3,33,0,36,0,8,35,0,43,22,0,22,65
02/13/2022,LWS,ID,ANM,WE,Federal Contract Tower,0,5,3,0,8,0,4,48,0,52,0,9,51,0,60,68,0,68,128
02/14/2022,LWS,ID,ANM,WE,Federal Contract Tower,0,8,4,0,12,0,0,7,0,7,0,8,11,0,19,18,0,18,37
02/15/2022,LWS,ID,ANM,WE,Federal Contract Tower,0,9,4,0,13,0,2,28,0,30,0,11,32,0,43,28,0,28,71
02/16/2022,LWS,ID,ANM,WE,Federal Contract Tower,0,6,8,0,14,0,7,21,0,28,0,13,29,0,42,6,0,6,48
02/17/2022,LWS,ID,ANM,WE,Federal Contract Tower,0,8,11,0,19,0,5,41,0,46,0,13,52,0,65,42,0,42,107
02/18/2022,LWS,ID,ANM,WE,Federal Contract Tower,0,7,7,0,14,0,8,90,0,98,0,15,97,0,112,42,0,42,154
02/19/2022,LWS,ID,ANM,WE,Federal Contract Tower,0,5,3,0,8,0,2,55,0,57,0,7,58,0,65,68,0,68,133
02/20/2022,LWS,ID,ANM,WE,Federal Contract Tower,0,5,3,0,8,0,5,7,0,12,0,10,10,0,20,10,0,10,30
02/21/2022,LWS,ID,ANM,WE,Federal Contract Tower,0,9,1,0,10,0,1,2,0,3,0,10,3,0,13,0,0,0,13
02/22/2022,LWS,ID,ANM,WE,Federal Contract Tower,0,8,6,1,15,0,4,16,1,21,0,12,22,2,36,8,18,26,62
02/23/2022,LWS,ID,ANM,WE,Federal Contract Tower,0,13,5,0,18,0,2,62,0,64,0,15,67,0,82,34,0,34,116
02/24/2022,LWS,ID,ANM,WE,Federal Contract Tower,0,15,9,0,24,0,13,4,0,17,0,28,13,0,41,0,0,0,41
02/25/2022,LWS,ID,ANM,WE,Federal Contract Tower,0,8,10,0,18,0,9,27,0,36,0,17,37,0,54,36,0,36,90
02/26/2022,LWS,ID,ANM,WE,Federal Contract Tower,0,7,1,0,8,0,4,43,0,47,0,11,44,0,55,36,0,36,91
02/27/2022,LWS,ID,ANM,WE,Federal Contract Tower,0,4,2,0,6,0,0,6,0,6,0,4,8,0,12,30,0,30,42
02/28/2022,LWS,ID,ANM,WE,Federal Contract Tower,0,7,6,0,13,0,1,0,0,1,0,8,6,0,14,0,0,0,14
03/01/2022,LWS,ID,ANM,WE,Federal Contract Tower,0,7,4,0,11,0,0,27,0,27,0,7,31,0,38,10,0,10,48
03/02/2022,LWS,ID,ANM,WE,Federal Contract Tower,0,10,0,0,10,0,0,6,0,6,0,10,6,0,16,20,0,20,36
03/03/2022,LWS,ID,ANM,WE,Federal Contract Tower,0,12,14,0,26,0,0,0,0,0,0,12,14,0,26,0,0,0,26
03/04/2022,LWS,ID,ANM,WE,Federal Contract Tower,0,10,4,0,14,0,2,24,0,26,0,12,28,0,40,18,0,18,58
03/05/2022,LWS,ID,ANM,WE,Federal Contract Tower,0,4,1,0,5,0,3,117,0,120,0,7,118,0,125,84,0,84,209
03/06/2022,LWS,ID,ANM,WE,Federal Contract Tower,0,5,1,0,6,0,2,82,0,84,0,7,83,0,90,180,0,180,270
03/07/2022,LWS,ID,ANM,WE,Federal Contract Tower,0,10,0,0,10,0,2,81,0,83,0,12,81,0,93,50,0,50,143
03/08/2022,LWS,ID,ANM,WE,Federal Contract Tower,0,9,4,0,13,0,2,14,0,16,0,11,18,0,29,52,0,52,81
03/09/2022,LWS,ID,ANM,WE,Federal Contract Tower,0,11,5,0,16,0,6,60,0,66,0,17,65,0,82,22,0,22,104
03/10/2022,LWS,ID,ANM,WE,Federal Contract Tower,0,8,7,0,15,0,4,44,2,50,0,12,51,2,65,42,0,42,107
03/11/2022,LWS,ID,ANM,WE,Federal Contract Tower,0,12,4,0,16,0,3,37,0,40,0,15,41,0,56,38,0,38,94
03/12/2022,LWS,ID,ANM,WE,Federal Contract Tower,0,5,3,0,8,0,0,30,0,30,0,5,33,0,38,34,0,34,72
03/13/2022,LWS,ID,ANM,WE,Federal Contract Tower,0,6,4,0,10,0,3,11,0,14,0,9,15,0,24,2,0,2,26
03/14/2022,LWS,ID,ANM,WE,Federal Contract Tower,0,8,2,0,10,0,6,10,0,16,0,14,12,0,26,4,0,4,30
03/15/2022,LWS,ID,ANM,WE,Federal Contract Tower,0,9,10,0,19,0,3,12,0,15,0,12,22,0,34,0,0,0,34
03/16/2022,LWS,ID,ANM,WE,Federal Contract Tower,0,10,5,0,15,0,3,7,0,10,0,13,12,0,25,46,0,46,71
03/17/2022,LWS,ID,ANM,WE,Federal Contract Tower,0,7,7,0,14,0,4,33,0,37,0,11,40,0,51,34,0,34,85
03/18/2022,LWS,ID,ANM,WE,Federal Contract Tower,0,7,7,0,14,0,6,60,2,68,0,13,67,2,82,78,0,78,160
03/19/2022,LWS,ID,ANM,WE,Federal Contract Tower,0,4,0,0,4,0,5,23,0,28,0,9,23,0,32,30,0,30,62
03/20/2022,LWS,ID,ANM,WE,Federal Contract Tower,0,6,1,0,7,0,12,39,0,51,0,18,40,0,58,36,0,36,94
03/21/2022,LWS,ID,ANM,WE,Federal Contract Tower,0,9,0,0,9,0,0,50,0,50,0,9,50,0,59,30,0,30,89
03/22/2022,LWS,ID,ANM,WE,Federal Contract Tower,0,16,8,0,24,0,2,56,0,58,0,18,64,0,82,36,0,36,118
03/23/2022,LWS,ID,ANM,WE,Federal Contract Tower,0,8,8,0,16,0,4,63,2,69,0,12,71,2,85,20,0,20,105
03/24/2022,LWS,ID,ANM,WE,Federal Contract Tower,0,8,4,0,12,0,5,69,0,74,0,13,73,0,86,46,0,46,132
03/25/2022,LWS,ID,ANM,WE,Federal Contract Tower,0,8,1,0,9,0,6,70,0,76,0,14,71,0,85,80,0,80,165
03/26/2022,LWS,ID,ANM,WE,Federal Contract Tower,0,4,4,0,8,0,1,41,0,42,0,5,45,0,50,40,0,40,90
03/27/2022,LWS,ID,ANM,WE,Federal Contract Tower,0,5,1,0,6,0,2,42,0,44,0,7,43,0,50,46,0,46,96
03/28/2022,LWS,ID,ANM,WE,Federal Contract Tower,0,8,4,0,12,0,1,12,0,13,0,9,16,0,25,44,0,44,69
03/29/2022,LWS,ID,ANM,WE,Federal Contract Tower,0,6,6,2,14,0,1,29,0,30,0,7,35,2,44,68,0,68,112
03/30/2022,LWS,ID,ANM,WE,Federal Contract Tower,0,8,5,0,13,0,2,17,2,21,0,10,22,2,34,26,0,26,60
03/31/2022,LWS,ID,ANM,WE,Federal Contract Tower,0,7,6,0,13,0,3,25,0,28,0,10,31,0,41,20,0,20,61
04/01/2022,LWS,ID,ANM,WE,Federal Contract Tower,0,7,3,0,10,0,6,51,2,59,0,13,54,2,69,70,0,70,139
04/02/2022,LWS,ID,ANM,WE,Federal Contract Tower,0,5,0,0,5,0,0,9,0,9,0,5,9,0,14,0,0,0,14
04/03/2022,LWS,ID,ANM,WE,Federal Contract Tower,0,3,3,0,6,0,4,41,0,45,0,7,44,0,51,20,0,20,71
04/04/2022,LWS,ID,ANM,WE,Federal Contract Tower,0,4,4,0,8,0,0,0,0,0,0,4,4,0,8,0,0,0,8
04/05/2022,LWS,ID,ANM,WE,Federal Contract Tower,0,8,7,0,15,0,4,13,0,17,0,12,20,0,32,2,0,2,34
04/06/2022,LWS,ID,ANM,WE,Federal Contract Tower,0,8,8,0,16,0,13,79,0,92,0,21,87,0,108,22,0,22,130
04/07/2022,LWS,ID,ANM,WE,Federal Contract Tower,0,8,11,0,19,0,8,61,0,69,0,16,72,0,88,56,0,56,144
04/08/2022,LWS,ID,ANM,WE,Federal Contract Tower,0,6,3,0,9,0,6,10,0,16,0,12,13,0,25,12,0,12,37
04/09/2022,LWS,ID,ANM,WE,Federal Contract Tower,0,5,4,0,9,0,8,15,0,23,0,13,19,0,32,36,0,36,68
04/10/2022,LWS,ID,ANM,WE,Federal Contract Tower,0,7,4,0,11,0,1,7,0,8,0,8,11,0,19,8,0,8,27
04/11/2022,LWS,ID,ANM,WE,Federal Contract Tower,0,9,5,0,14,0,0,3,0,3,0,9,8,0,17,0,0,0,17
04/12/2022,LWS,ID,ANM,WE,Federal Contract Tower,0,10,13,0,23,0,0,4,0,4,0,10,17,0,27,10,0,10,37
04/13/2022,LWS,ID,ANM,WE,Federal Contract Tower,0,8,12,0,20,0,2,14,0,16,0,10,26,0,36,24,0,24,60
04/14/2022,LWS,ID,ANM,WE,Federal Contract Tower,0,8,9,0,17,0,3,2,0,5,0,11,11,0,22,0,0,0,22
04/15/2022,LWS,ID,ANM,WE,Federal Contract Tower,0,10,4,0,14,0,2,20,2,24,0,12,24,2,38,14,0,14,52
04/16/2022,LWS,ID,ANM,WE,Federal Contract Tower,0,6,2,0,8,0,4,4,0,8,0,10,6,0,16,28,0,28,44
04/17/2022,LWS,ID,ANM,WE,Federal Contract Tower,0,5,2,0,7,0,7,26,0,33,0,12,28,0,40,6,0,6,46
04/18/2022,LWS,ID,ANM,WE,Federal Contract Tower,0,9,7,0,16,0,4,34,0,38,0,13,41,0,54,56,0,56,110
04/19/2022,LWS,ID,ANM,WE,Federal Contract Tower,0,7,8,2,17,0,1,20,0,21,0,8,28,2,38,40,0,40,78
04/20/2022,LWS,ID,ANM,WE,Federal Contract Tower,0,7,15,0,22,0,4,32,0,36,0,11,47,0,58,46,0,46,104
04/21/2022,LWS,ID,ANM,WE,Federal Contract Tower,0,11,7,0,18,0,3,22,0,25,0,14,29,0,43,74,0,74,117
04/22/2022,LWS,ID,ANM,WE,Federal Contract Tower,0,10,6,0,16,0,7,45,0,52,0,17,51,0,68,46,0,46,114
04/23/2022,LWS,ID,ANM,WE,Federal Contract Tower,0,4,1,0,5,0,3,49,0,52,0,7,50,0,57,74,0,74,131
04/24/2022,LWS,ID,ANM,WE,Federal Contract Tower,0,5,3,0,8,0,2,51,0,53,0,7,54,0,61,106,0,106,167
04/25/2022,LWS,ID,ANM,WE,Federal Contract Tower,0,8,5,0,13,0,10,52,0,62,0,18,57,0,75,24,0,24,99
04/26/2022,LWS,ID,ANM,WE,Federal Contract Tower,0,11,5,0,16,0,4,21,0,25,0,15,26,0,41,32,0,32,73
04/27/2022,LWS,ID,ANM,WE,Federal Contract Tower,0,13,2,0,15,0,5,50,0,55,0,18,52,0,70,118,0,118,188
04/28/2022,LWS,ID,ANM,WE,Federal Contract Tower,0,11,8,0,19,0,3,30,0,33,0,14,38,0,52,72,0,72,124
04/29/2022,LWS,ID,ANM,WE,Federal Contract Tower,0,7,4,0,11,0,6,33,0,39,0,13,37,0,50,34,0,34,84
04/30/2022,LWS,ID,ANM,WE,Federal Contract Tower,0,7,6,0,13,0,0,8,0,8,0,7,14,0,21,28,0,28,49
05/01/2022,LWS,ID,ANM,WE,Federal Contract Tower,0,4,6,0,10,0,2,18,0,20,0,6,24,0,30,16,0,16,46
05/02/2022,LWS,ID,ANM,WE,Federal Contract Tower,0,9,2,0,11,0,2,11,0,13,0,11,13,0,24,22,0,22,46
05/03/2022,LWS,ID,ANM,WE,Federal Contract Tower,0,12,7,0,19,0,1,35,0,36,0,13,42,0,55,62,0,62,117
05/04/2022,LWS,ID,ANM,WE,Federal Contract Tower,0,10,2,0,12,0,9,46,0,55,0,19,48,0,67,62,0,62,129
05/05/2022,LWS,ID,ANM,WE,Federal Contract Tower,0,7,0,0,7,0,1,12,0,13,0,8,12,0,20,22,0,22,42
05/06/2022,LWS,ID,ANM,WE,Federal Contract Tower,0,9,1,0,10,0,0,4,0,4,0,9,5,0,14,0,0,0,14
05/07/2022,LWS,ID,ANM,WE,Federal Contract Tower,0,6,1,0,7,0,2,1,0,3,0,8,2,0,10,0,0,0,10
05/08/2022,LWS,ID,ANM,WE,Federal Contract Tower,0,5,2,0,7,0,7,15,0,22,0,12,17,0,29,68,0,68,97
05/09/2022,LWS,ID,ANM,WE,Federal Contract Tower,0,8,7,0,15,0,3,27,0,30,0,11,34,0,45,0,0,0,45
05/10/2022,LWS,ID,ANM,WE,Federal Contract Tower,0,7,5,0,12,0,5,30,0,35,0,12,35,0,47,20,0,20,67
05/11/2022,LWS,ID,ANM,WE,Federal Contract Tower,0,6,10,0,16,0,4,37,0,41,0,10,47,0,57,14,0,14,71
05/12/2022,LWS,ID,ANM,WE,Federal Contract Tower,0,9,1,0,10,0,2,18,0,20,0,11,19,0,30,4,0,4,34
05/13/2022,LWS,ID,ANM,WE,Federal Contract Tower,0,8,3,0,11,0,3,71,0,74,0,11,74,0,85,4,0,4,89
05/14/2022,LWS,ID,ANM,WE,Federal Contract Tower,0,6,2,0,8,0,1,6,0,7,0,7,8,0,15,0,0,0,15
05/15/2022,LWS,ID,ANM,WE,Federal Contract Tower,0,9,4,0,13,0,9,43,0,52,0,18,47,0,65,68,0,68,133
05/16/2022,LWS,ID,ANM,WE,Federal Contract Tower,0,7,10,0,17,0,3,44,0,47,0,10,54,0,64,58,0,58,122
05/17/2022,LWS,ID,ANM,WE,Federal Contract Tower,0,9,13,0,22,0,4,64,0,68,0,13,77,0,90,34,0,34,124
05/18/2022,LWS,ID,ANM,WE,Federal Contract Tower,0,8,6,0,14,0,2,16,0,18,0,10,22,0,32,6,0,6,38
05/19/2022,LWS,ID,ANM,WE,Federal Contract Tower,0,10,6,0,16,0,4,8,0,12,0,14,14,0,28,2,0,2,30
05/20/2022,LWS,ID,ANM,WE,Federal Contract Tower,0,6,8,0,14,0,5,38,0,43,0,11,46,0,57,24,0,24,81
05/21/2022,LWS,ID,ANM,WE,Federal Contract Tower,0,5,3,0,8,0,4,29,0,33,0,9,32,0,41,44,0,44,85
05/22/2022,LWS,ID,ANM,WE,Federal Contract Tower,0,4,3,0,7,0,0,42,0,42,0,4,45,0,49,48,0,48,97
05/23/2022,LWS,ID,ANM,WE,Federal Contract Tower,0,7,3,0,10,0,9,52,0,61,0,16,55,0,71,38,0,38,109
05/24/2022,LWS,ID,ANM,WE,Federal Contract Tower,0,8,9,0,17,0,3,52,1,56,0,11,61,1,73,60,0,60,133
05/25/2022,LWS,ID,ANM,WE,Federal Contract Tower,0,7,8,0,15,0,4,41,0,45,0,11,49,0,60,104,0,104,164
05/26/2022,LWS,ID,ANM,WE,Federal Contract Tower,0,8,4,0,12,0,5,114,0,119,0,13,118,0,131,136,0,136,267
05/27/2022,LWS,ID,ANM,WE,Federal Contract Tower,0,10,11,0,21,0,2,22,0,24,0,12,33,0,45,58,0,58,103
05/28/2022,LWS,ID,ANM,WE,Federal Contract Tower,0,7,3,0,10,0,5,23,0,28,0,12,26,0,38,52,0,52,90
05/29/2022,LWS,ID,ANM,WE,Federal Contract Tower,0,9,2,0,11,0,2,55,0,57,0,11,57,0,68,8,0,8,76
05/30/2022,LWS,ID,ANM,WE,Federal Contract Tower,0,6,2,0,8,0,1,33,0,34,0,7,35,0,42,2,0,2,44
05/31/2022,LWS,ID,ANM,WE,Federal Contract Tower,0,12,6,0,18,0,5,80,2,87,0,17,86,2,105,64,0,64,169
06/01/2022,LWS,ID,ANM,WE,Federal Contract Tower,0,12,5,0,17,0,4,100,0,104,0,16,105,0,121,78,0,78,199
06/02/2022,LWS,ID,ANM,WE,Federal Contract Tower,0,10,4,0,14,0,0,84,1,85,0,10,88,1,99,36,0,36,135
06/03/2022,LWS,ID,ANM,WE,Federal Contract Tower,0,13,3,0,16,0,2,14,0,16,0,15,17,0,32,0,0,0,32
06/04/2022,LWS,ID,ANM,WE,Federal Contract Tower,0,16,2,0,18,0,2,4,0,6,0,18,6,0,24,18,0,18,42
06/05/2022,LWS,ID,ANM,WE,Federal Contract Tower,0,13,2,0,15,0,1,15,0,16,0,14,17,0,31,22,0,22,53
06/06/2022,LWS,ID,ANM,WE,Federal Contract Tower,0,11,6,0,17,0,3,42,0,45,0,14,48,0,62,14,0,14,76
06/07/2022,LWS,ID,ANM,WE,Federal Contract Tower,0,9,7,0,16,0,4,125,0,129,0,13,132,0,145,58,0,58,203
06/08/2022,LWS,ID,ANM,WE,Federal Contract Tower,0,11,5,0,16,0,3,120,0,123,0,14,125,0,139,54,0,54,193
06/09/2022,LWS,ID,ANM,WE,Federal Contract Tower,0,10,4,0,14,0,4,74,0,78,0,14,78,0,92,54,0,54,146
06/10/2022,LWS,ID,ANM,WE,Federal Contract Tower,0,11,7,0,18,0,1,12,0,13,0,12,19,0,31,0,0,0,31
06/11/2022,LWS,ID,ANM,WE,Federal Contract Tower,0,8,1,0,9,0,2,7,0,9,0,10,8,0,18,8,0,8,26
06/12/2022,LWS,ID,ANM,WE,Federal Contract Tower,2,7,5,0,14,0,2,10,0,12,2,9,15,0,26,18,0,18,44
06/13/2022,LWS,ID,ANM,WE,Federal Contract Tower,0,12,4,0,16,0,0,6,4,10,0,12,10,4,26,24,0,24,50
06/14/2022,LWS,ID,ANM,WE,Federal Contract Tower,0,11,11,0,22,0,1,31,2,34,0,12,42,2,56,2,0,2,58
06/15/2022,LWS,ID,ANM,WE,Federal Contract Tower,0,10,6,0,16,0,5,154,0,159,0,15,160,0,175,112,0,112,287
06/16/2022,LWS,ID,ANM,WE,Federal Contract Tower,0,8,4,0,12,0,13,75,0,88,0,21,79,0,100,40,0,40,140
06/17/2022,LWS,ID,ANM,WE,Federal Contract Tower,0,10,7,0,17,0,6,101,0,107,0,16,108,0,124,78,0,78,202
06/18/2022,LWS,ID,ANM,WE,Federal Contract Tower,0,11,7,0,18,0,4,10,0,14,0,15,17,0,32,4,0,4,36
06/19/2022,LWS,ID,ANM,WE,Federal Contract Tower,0,10,4,0,14,0,1,96,0,97,0,11,100,0,111,82,0,82,193
06/20/2022,LWS,ID,ANM,WE,Federal Contract Tower,0,12,9,0,21,0,3,74,0,77,0,15,83,0,98,34,0,34,132
06/21/2022,LWS,ID,ANM,WE,Federal Contract Tower,0,9,15,0,24,0,9,139,0,148,0,18,154,0,172,82,0,82,254
06/22/2022,LWS,ID,ANM,WE,Federal Contract Tower,0,8,5,0,13,0,6,88,0,94,0,14,93,0,107,50,0,50,157
06/23/2022,LWS,ID,ANM,WE,Federal Contract Tower,0,11,3,0,14,0,7,91,2,100,0,18,94,2,114,40,0,40,154
06/24/2022,LWS,ID,ANM,WE,Federal Contract Tower,0,12,0,0,12,0,3,82,0,85,0,15,82,0,97,12,0,12,109
06/25/2022,LWS,ID,ANM,WE,Federal Contract Tower,0,6,1,0,7,0,6,104,0,110,0,12,105,0,117,56,0,56,173
06/27/2022,LWS,ID,ANM,WE,Federal Contract Tower,0,10,5,0,15,0,10,50,0,60,0,20,55,0,75,56,0,56,131
06/28/2022,LWS,ID,ANM,WE,Federal Contract Tower,0,9,7,0,16,0,0,0,0,0,0,9,7,0,16,30,0,30,46
06/29/2022,LWS,ID,ANM,WE,Federal Contract Tower,0,6,3,0,9,0,6,60,0,66,0,12,63,0,75,38,0,38,113
06/30/2022,LWS,ID,ANM,WE,Federal Contract Tower,0,11,5,0,16,0,12,55,0,67,0,23,60,0,83,42,0,42,125
07/01/2022,LWS,ID,ANM,WE,Federal Contract Tower,0,11,6,0,17,0,8,68,0,76,0,19,74,0,93,12,0,12,105
07/02/2022,LWS,ID,ANM,WE,Federal Contract Tower,0,6,3,0,9,0,3,45,0,48,0,9,48,0,57,44,0,44,101
07/03/2022,LWS,ID,ANM,WE,Federal Contract Tower,0,8,2,0,10,0,7,33,0,40,0,15,35,0,50,28,0,28,78
07/04/2022,LWS,ID,ANM,WE,Federal Contract Tower,0,6,3,0,9,0,3,18,0,21,0,9,21,0,30,4,0,4,34
07/05/2022,LWS,ID,ANM,WE,Federal Contract Tower,2,13,3,0,18,0,4,34,0,38,2,17,37,0,56,24,0,24,80
07/06/2022,LWS,ID,ANM,WE,Federal Contract Tower,0,10,5,0,15,0,6,33,0,39,0,16,38,0,54,28,0,28,82
07/07/2022,LWS,ID,ANM,WE,Federal Contract Tower,0,9,3,0,12,0,1,23,0,24,0,10,26,0,36,8,0,8,44
07/08/2022,LWS,ID,ANM,WE,Federal Contract Tower,0,11,3,0,14,0,1,38,0,39,0,12,41,0,53,22,0,22,75
07/09/2022,LWS,ID,ANM,WE,Federal Contract Tower,0,8,6,0,14,0,5,54,0,59,0,13,60,0,73,28,0,28,101
07/10/2022,LWS,ID,ANM,WE,Federal Contract Tower,0,9,3,0,12,0,5,43,2,50,0,14,46,2,62,38,0,38,100
07/11/2022,LWS,ID,ANM,WE,Federal Contract Tower,0,9,1,0,10,0,4,30,0,34,0,13,31,0,44,42,0,42,86
07/12/2022,LWS,ID,ANM,WE,Federal Contract Tower,0,7,5,0,12,0,9,39,0,48,0,16,44,0,60,20,0,20,80
07/13/2022,LWS,ID,ANM,WE,Federal Contract Tower,0,9,3,0,12,0,3,31,0,34,0,12,34,0,46,32,0,32,78
07/14/2022,LWS,ID,ANM,WE,Federal Contract Tower,0,10,5,0,15,0,9,36,0,45,0,19,41,0,60,36,0,36,96
07/15/2022,LWS,ID,ANM,WE,Federal Contract Tower,0,13,3,0,16,0,11,20,0,31,0,24,23,0,47,18,0,18,65
07/16/2022,LWS,ID,ANM,WE,Federal Contract Tower,0,6,5,0,11,0,8,51,0,59,0,14,56,0,70,14,0,14,84
07/17/2022,LWS,ID,ANM,WE,Federal Contract Tower,0,6,8,0,14,0,5,43,0,48,0,11,51,0,62,54,0,54,116
07/18/2022,LWS,ID,ANM,WE,Federal Contract Tower,0,9,7,0,16,0,2,54,0,56,0,11,61,0,72,28,0,28,100
07/19/2022,LWS,ID,ANM,WE,Federal Contract Tower,0,12,4,0,16,0,6,39,0,45,0,18,43,0,61,14,0,14,75
07/20/2022,LWS,ID,ANM,WE,Federal Contract Tower,0,10,8,0,18,0,8,63,0,71,0,18,71,0,89,74,0,74,163
07/21/2022,LWS,ID,ANM,WE,Federal Contract Tower,0,11,6,0,17,0,4,44,0,48,0,15,50,0,65,30,0,30,95
07/22/2022,LWS,ID,ANM,WE,Federal Contract Tower,0,10,4,0,14,0,7,38,0,45,0,17,42,0,59,36,0,36,95
07/23/2022,LWS,ID,ANM,WE,Federal Contract Tower,0,7,3,0,10,0,6,44,0,50,0,13,47,0,60,30,0,30,90
07/24/2022,LWS,ID,ANM,WE,Federal Contract Tower,0,6,5,0,11,0,10,41,0,51,0,16,46,0,62,52,0,52,114
07/25/2022,LWS,ID,ANM,WE,Federal Contract Tower,0,13,2,0,15,0,11,36,2,49,0,24,38,2,64,32,0,32,96
07/26/2022,LWS,ID,ANM,WE,Federal Contract Tower,0,10,8,0,18,0,4,32,0,36,0,14,40,0,54,42,0,42,96
07/27/2022,LWS,ID,ANM,WE,Federal Contract Tower,0,12,6,0,18,0,5,31,0,36,0,17,37,0,54,18,0,18,72
07/28/2022,LWS,ID,ANM,WE,Federal Contract Tower,0,10,8,0,18,0,8,35,2,45,0,18,43,2,63,52,0,52,115
07/29/2022,LWS,ID,ANM,WE,Federal Contract Tower,0,15,9,0,24,0,6,21,0,27,0,21,30,0,51,4,0,4,55
07/30/2022,LWS,ID,ANM,WE,Federal Contract Tower,0,6,2,0,8,0,3,31,2,36,0,9,33,2,44,16,6,22,66
07/31/2022,LWS,ID,ANM,WE,Federal Contract Tower,0,9,5,0,14,0,5,21,0,26,0,14,26,0,40,28,0,28,68
08/01/2022,LWS,ID,ANM,WE,Federal Contract Tower,0,9,5,0,14,0,8,11,0,19,0,17,16,0,33,4,0,4,37
08/02/2022,LWS,ID,ANM,WE,Federal Contract Tower,0,9,6,0,15,0,12,19,0,31,0,21,25,0,46,58,0,58,104
08/03/2022,LWS,ID,ANM,WE,Federal Contract Tower,0,10,5,0,15,0,13,25,0,38,0,23,30,0,53,46,0,46,99
08/04/2022,LWS,ID,ANM,WE,Federal Contract Tower,0,10,5,0,15,0,4,28,0,32,0,14,33,0,47,30,0,30,77
08/05/2022,LWS,ID,ANM,WE,Federal Contract Tower,0,9,10,0,19,0,2,48,0,50,0,11,58,0,69,10,0,10,79
08/06/2022,LWS,ID,ANM,WE,Federal Contract Tower,0,6,14,0,20,0,4,57,0,61,0,10,71,0,81,38,0,38,119
08/07/2022,LWS,ID,ANM,WE,Federal Contract Tower,0,6,2,0,8,0,6,40,0,46,0,12,42,0,54,54,0,54,108
08/08/2022,LWS,ID,ANM,WE,Federal Contract Tower,0,9,2,0,11,0,1,23,0,24,0,10,25,0,35,42,0,42,77
08/09/2022,LWS,ID,ANM,WE,Federal Contract Tower,2,11,6,0,19,0,2,20,0,22,2,13,26,0,41,14,0,14,55
08/10/2022,LWS,ID,ANM,WE,Federal Contract Tower,0,12,2,0,14,0,4,33,0,37,0,16,35,0,51,28,0,28,79
08/11/2022,LWS,ID,ANM,WE,Federal Contract Tower,0,10,4,0,14,0,6,17,0,23,0,16,21,0,37,20,0,20,57
08/12/2022,LWS,ID,ANM,WE,Federal Contract Tower,0,10,5,0,15,0,2,26,0,28,0,12,31,0,43,24,0,24,67
08/13/2022,LWS,ID,ANM,WE,Federal Contract Tower,0,6,5,0,11,0,3,47,0,50,0,9,52,0,61,32,0,32,93
08/14/2022,LWS,ID,ANM,WE,Federal Contract Tower,0,8,2,0,10,0,4,45,0,49,0,12,47,0,59,38,0,38,97
08/15/2022,LWS,ID,ANM,WE,Federal Contract Tower,0,6,4,0,10,0,11,39,0,50,0,17,43,0,60,96,0,96,156
08/16/2022,LWS,ID,ANM,WE,Federal Contract Tower,0,10,3,0,13,0,6,31,0,37,0,16,34,0,50,58,0,58,108
08/17/2022,LWS,ID,ANM,WE,Federal Contract Tower,0,10,10,0,20,0,2,33,0,35,0,12,43,0,55,22,0,22,77
08/18/2022,LWS,ID,ANM,WE,Federal Contract Tower,0,8,9,0,17,0,5,35,2,42,0,13,44,2,59,42,0,42,101
08/19/2022,LWS,ID,ANM,WE,Federal Contract Tower,0,11,8,0,19,0,0,0,0,0,0,11,8,0,19,26,0,26,45
08/20/2022,LWS,ID,ANM,WE,Federal Contract Tower,0,7,2,0,9,0,4,31,0,35,0,11,33,0,44,12,0,12,56
08/21/2022,LWS,ID,ANM,WE,Federal Contract Tower,0,7,6,0,13,0,2,44,0,46,0,9,50,0,59,18,0,18,77
08/22/2022,LWS,ID,ANM,WE,Federal Contract Tower,0,10,4,0,14,0,5,9,0,14,0,15,13,0,28,16,0,16,44
08/23/2022,LWS,ID,ANM,WE,Federal Contract Tower,0,6,2,0,8,0,3,46,0,49,0,9,48,0,57,46,0,46,103
08/24/2022,LWS,ID,ANM,WE,Federal Contract Tower,0,10,5,0,15,0,7,50,0,57,0,17,55,0,72,36,0,36,108
08/25/2022,LWS,ID,ANM,WE,Federal Contract Tower,0,10,17,0,27,0,2,57,0,59,0,12,74,0,86,28,0,28,114
08/26/2022,LWS,ID,ANM,WE,Federal Contract Tower,0,10,3,0,13,0,3,45,0,48,0,13,48,0,61,62,0,62,123
08/27/2022,LWS,ID,ANM,WE,Federal Contract Tower,0,5,4,0,9,0,6,15,0,21,0,11,19,0,30,24,0,24,54
08/28/2022,LWS,ID,ANM,WE,Federal Contract Tower,0,5,2,0,7,0,3,47,0,50,0,8,49,0,57,24,0,24,81
08/29/2022,LWS,ID,ANM,WE,Federal Contract Tower,0,8,3,0,11,0,4,34,0,38,0,12,37,0,49,20,0,20,69
08/30/2022,LWS,ID,ANM,WE,Federal Contract Tower,0,11,2,0,13,0,5,49,0,54,0,16,51,0,67,40,0,40,107
08/31/2022,LWS,ID,ANM,WE,Federal Contract Tower,0,10,2,0,12,0,4,40,0,44,0,14,42,0,56,86,0,86,142
09/01/2022,LWS,ID,ANM,WE,Federal Contract Tower,0,7,4,0,11,0,5,41,0,46,0,12,45,0,57,72,0,72,129
09/02/2022,LWS,ID,ANM,WE,Federal Contract Tower,2,4,5,0,11,0,6,30,0,36,2,10,35,0,47,58,0,58,105
09/03/2022,LWS,ID,ANM,WE,Federal Contract Tower,0,6,3,0,9,0,3,24,0,27,0,9,27,0,36,60,0,60,96
09/04/2022,LWS,ID,ANM,WE,Federal Contract Tower,0,7,4,0,11,0,7,36,0,43,0,14,40,0,54,60,0,60,114
09/05/2022,LWS,ID,ANM,WE,Federal Contract Tower,0,6,7,0,13,0,4,53,0,57,0,10,60,0,70,68,0,68,138
09/06/2022,LWS,ID,ANM,WE,Federal Contract Tower,0,16,3,0,19,0,0,37,0,37,0,16,40,0,56,18,0,18,74
09/07/2022,LWS,ID,ANM,WE,Federal Contract Tower,0,10,8,0,18,0,2,26,0,28,0,12,34,0,46,34,0,34,80
09/08/2022,LWS,ID,ANM,WE,Federal Contract Tower,0,12,7,0,19,0,2,42,0,44,0,14,49,0,63,68,0,68,131
09/09/2022,LWS,ID,ANM,WE,Federal Contract Tower,0,8,10,0,18,0,2,49,0,51,0,10,59,0,69,20,0,20,89
09/10/2022,LWS,ID,ANM,WE,Federal Contract Tower,0,9,15,0,24,0,0,56,0,56,0,9,71,0,80,44,0,44,124
09/11/2022,LWS,ID,ANM,WE,Federal Contract Tower,0,8,12,0,20,0,0,2,0,2,0,8,14,0,22,0,0,0,22
09/12/2022,LWS,ID,ANM,WE,Federal Contract Tower,0,14,19,0,33,0,0,0,0,0,0,14,19,0,33,0,0,0,33
09/13/2022,LWS,ID,ANM,WE,Federal Contract Tower,0,12,16,0,28,0,0,3,0,3,0,12,19,0,31,0,0,0,31
09/14/2022,LWS,ID,ANM,WE,Federal Contract Tower,0,12,7,0,19,0,0,32,0,32,0,12,39,0,51,22,0,22,73
09/15/2022,LWS,ID,ANM,WE,Federal Contract Tower,0,10,14,0,24,0,3,24,0,27,0,13,38,0,51,20,0,20,71
09/16/2022,LWS,ID,ANM,WE,Federal Contract Tower,0,13,4,0,17,0,1,27,0,28,0,14,31,0,45,30,0,30,75
09/17/2022,LWS,ID,ANM,WE,Federal Contract Tower,0,9,0,0,9,0,2,27,0,29,0,11,27,0,38,32,0,32,70
09/18/2022,LWS,ID,ANM,WE,Federal Contract Tower,0,11,8,0,19,0,1,16,0,17,0,12,24,0,36,34,0,34,70
09/19/2022,LWS,ID,ANM,WE,Federal Contract Tower,0,9,1,0,10,0,4,38,0,42,0,13,39,0,52,76,0,76,128
09/20/2022,LWS,ID,ANM,WE,Federal Contract Tower,0,8,3,0,11,0,6,23,0,29,0,14,26,0,40,24,0,24,64
09/21/2022,LWS,ID,ANM,WE,Federal Contract Tower,0,12,10,2,24,0,3,23,2,28,0,15,33,4,52,4,0,4,56
09/22/2022,LWS,ID,ANM,WE,Federal Contract Tower,0,11,11,0,22,0,1,10,0,11,0,12,21,0,33,4,0,4,37
09/23/2022,LWS,ID,ANM,WE,Federal Contract Tower,2,10,5,0,17,0,9,42,2,53,2,19,47,2,70,28,0,28,98
09/24/2022,LWS,ID,ANM,WE,Federal Contract Tower,0,6,6,0,12,0,5,53,0,58,0,11,59,0,70,22,0,22,92
09/25/2022,LWS,ID,ANM,WE,Federal Contract Tower,0,6,7,0,13,0,16,40,0,56,0,22,47,0,69,22,0,22,91
09/26/2022,LWS,ID,ANM,WE,Federal Contract Tower,0,9,5,0,14,0,3,49,0,52,0,12,54,0,66,22,0,22,88
09/27/2022,LWS,ID,ANM,WE,Federal Contract Tower,0,11,9,0,20,0,5,45,0,50,0,16,54,0,70,78,0,78,148
09/28/2022,LWS,ID,ANM,WE,Federal Contract Tower,0,11,11,0,22,0,4,35,0,39,0,15,46,0,61,46,0,46,107
09/29/2022,LWS,ID,ANM,WE,Federal Contract Tower,0,14,13,0,27,0,0,2,0,2,0,14,15,0,29,0,0,0,29
09/30/2022,LWS,ID,ANM,WE,Federal Contract Tower,2,11,10,0,23,0,1,27,0,28,2,12,37,0,51,48,0,48,99
10/01/2022,LWS,ID,ANM,WE,Federal Contract Tower,0,6,4,0,10,0,0,0,0,0,0,6,4,0,10,18,0,18,28
10/02/2022,LWS,ID,ANM,WE,Federal Contract Tower,0,6,4,0,10,0,2,40,0,42,0,8,44,0,52,68,0,68,120
10/03/2022,LWS,ID,ANM,WE,Federal Contract Tower,0,10,5,1,16,0,2,40,1,43,0,12,45,2,59,68,2,70,129
10/04/2022,LWS,ID,ANM,WE,Federal Contract Tower,0,10,13,0,23,0,4,33,0,37,0,14,46,0,60,4,0,4,64
10/05/2022,LWS,ID,ANM,WE,Federal Contract Tower,0,11,7,0,18,0,4,51,0,55,0,15,58,0,73,70,0,70,143
10/06/2022,LWS,ID,ANM,WE,Federal Contract Tower,2,9,13,0,24,0,13,43,0,56,2,22,56,0,80,34,0,34,114
10/07/2022,LWS,ID,ANM,WE,Federal Contract Tower,2,9,7,0,18,0,1,46,0,47,2,10,53,0,65,52,0,52,117
10/08/2022,LWS,ID,ANM,WE,Federal Contract Tower,2,7,2,0,11,0,5,59,0,64,2,12,61,0,75,24,0,24,99
10/09/2022,LWS,ID,ANM,WE,Federal Contract Tower,2,5,4,0,11,0,1,54,0,55,2,6,58,0,66,14,0,14,80
10/10/2022,LWS,ID,ANM,WE,Federal Contract Tower,2,6,4,0,12,0,4,29,0,33,2,10,33,0,45,68,0,68,113
10/11/2022,LWS,ID,ANM,WE,Federal Contract Tower,2,7,4,0,13,0,2,31,0,33,2,9,35,0,46,8,0,8,54
10/12/2022,LWS,ID,ANM,WE,Federal Contract Tower,2,7,2,0,11,0,4,50,0,54,2,11,52,0,65,30,0,30,95
10/13/2022,LWS,ID,ANM,WE,Federal Contract Tower,2,5,1,0,8,0,9,32,0,41,2,14,33,0,49,14,0,14,63
10/14/2022,LWS,ID,ANM,WE,Federal Contract Tower,2,6,2,0,10,0,4,23,0,27,2,10,25,0,37,50,0,50,87
10/15/2022,LWS,ID,ANM,WE,Federal Contract Tower,2,4,10,0,16,0,0,40,0,40,2,4,50,0,56,60,0,60,116
10/16/2022,LWS,ID,ANM,WE,Federal Contract Tower,2,3,1,0,6,0,0,0,0,0,2,3,1,0,6,8,0,8,14
10/17/2022,LWS,ID,ANM,WE,Federal Contract Tower,2,6,7,0,15,0,2,37,0,39,2,8,44,0,54,34,0,34,88
10/18/2022,LWS,ID,ANM,WE,Federal Contract Tower,2,5,7,0,14,0,3,51,0,54,2,8,58,0,68,14,0,14,82
10/19/2022,LWS,ID,ANM,WE,Federal Contract Tower,2,5,13,0,20,0,12,42,0,54,2,17,55,0,74,28,0,28,102
10/20/2022,LWS,ID,ANM,WE,Federal Contract Tower,2,7,8,0,17,0,6,40,0,46,2,13,48,0,63,8,0,8,71
10/21/2022,LWS,ID,ANM,WE,Federal Contract Tower,2,11,6,0,19,0,0,5,2,7,2,11,11,2,26,52,0,52,78
10/22/2022,LWS,ID,ANM,WE,Federal Contract Tower,2,7,1,0,10,0,0,0,0,0,2,7,1,0,10,28,0,28,38
10/23/2022,LWS,ID,ANM,WE,Federal Contract Tower,2,3,6,0,11,0,5,28,0,33,2,8,34,0,44,20,0,20,64
10/24/2022,LWS,ID,ANM,WE,Federal Contract Tower,2,9,4,0,15,0,2,2,0,4,2,11,6,0,19,0,0,0,19
10/25/2022,LWS,ID,ANM,WE,Federal Contract Tower,2,8,11,0,21,0,2,21,0,23,2,10,32,0,44,34,0,34,78
10/26/2022,LWS,ID,ANM,WE,Federal Contract Tower,4,7,12,0,23,0,2,12,0,14,4,9,24,0,37,66,0,66,103
10/27/2022,LWS,ID,ANM,WE,Federal Contract Tower,2,5,13,0,20,0,8,34,0,42,2,13,47,0,62,12,0,12,74
10/28/2022,LWS,ID,ANM,WE,Federal Contract Tower,2,5,5,0,12,0,3,16,2,21,2,8,21,2,33,16,0,16,49
10/29/2022,LWS,ID,ANM,WE,Federal Contract Tower,2,7,3,0,12,0,1,23,0,24,2,8,26,0,36,30,0,30,66
10/30/2022,LWS,ID,ANM,WE,Federal Contract Tower,2,6,5,0,13,0,0,0,0,0,2,6,5,0,13,14,0,14,27
10/31/2022,LWS,ID,ANM,WE,Federal Contract Tower,2,7,9,0,18,0,3,9,0,12,2,10,18,0,30,6,0,6,36
11/01/2022,LWS,ID,ANM,WE,Federal Contract Tower,2,9,10,0,21,0,0,1,0,1,2,9,11,0,22,0,0,0,22
11/02/2022,LWS,ID,ANM,WE,Federal Contract Tower,2,9,4,0,15,0,0,0,0,0,2,9,4,0,15,10,0,10,25
11/03/2022,LWS,ID,ANM,WE,Federal Contract Tower,2,6,10,0,18,0,7,6,0,13,2,13,16,0,31,22,0,22,53
11/04/2022,LWS,ID,ANM,WE,Federal Contract Tower,2,7,6,0,15,0,0,0,0,0,2,7,6,0,15,0,0,0,15
11/05/2022,LWS,ID,ANM,WE,Federal Contract Tower,2,2,3,0,7,0,2,2,0,4,2,4,5,0,11,0,0,0,11
11/06/2022,LWS,ID,ANM,WE,Federal Contract Tower,2,3,11,0,16,0,3,11,0,14,2,6,22,0,30,0,0,0,30
11/07/2022,LWS,ID,ANM,WE,Federal Contract Tower,2,8,4,0,14,0,1,14,0,15,2,9,18,0,29,12,0,12,41
11/08/2022,LWS,ID,ANM,WE,Federal Contract Tower,2,6,1,0,9,0,2,29,0,31,2,8,30,0,40,12,0,12,52
11/09/2022,LWS,ID,ANM,WE,Federal Contract Tower,2,6,8,0,16,0,3,21,0,24,2,9,29,0,40,2,0,2,42
11/10/2022,LWS,ID,ANM,WE,Federal Contract Tower,2,6,5,0,13,0,4,43,0,47,2,10,48,0,60,46,0,46,106
11/11/2022,LWS,ID,ANM,WE,Federal Contract Tower,4,6,5,0,15,0,2,28,0,30,4,8,33,0,45,56,0,56,101
11/12/2022,LWS,ID,ANM,WE,Federal Contract Tower,4,4,1,0,9,0,3,38,0,41,4,7,39,0,50,90,0,90,140
11/13/2022,LWS,ID,ANM,WE,Federal Contract Tower,2,5,10,0,17,0,0,19,0,19,2,5,29,0,36,26,0,26,62
11/14/2022,LWS,ID,ANM,WE,Federal Contract Tower,2,7,9,0,18,0,3,12,0,15,2,10,21,0,33,14,0,14,47
11/15/2022,LWS,ID,ANM,WE,Federal Contract Tower,2,10,9,0,21,0,6,21,0,27,2,16,30,0,48,14,0,14,62
11/16/2022,LWS,ID,ANM,WE,Federal Contract Tower,2,8,7,0,17,0,0,0,0,0,2,8,7,0,17,0,0,0,17
11/17/2022,LWS,ID,ANM,WE,Federal Contract Tower,2,9,15,0,26,0,1,22,0,23,2,10,37,0,49,76,0,76,125
11/18/2022,LWS,ID,ANM,WE,Federal Contract Tower,2,7,8,0,17,0,2,20,0,22,2,9,28,0,39,8,0,8,47
11/19/2022,LWS,ID,ANM,WE,Federal Contract Tower,2,2,4,0,8,0,0,31,0,31,2,2,35,0,39,32,0,32,71
11/20/2022,LWS,ID,ANM,WE,Federal Contract Tower,2,2,3,0,7,0,8,24,0,32,2,10,27,0,39,98,0,98,137
11/21/2022,LWS,ID,ANM,WE,Federal Contract Tower,2,5,6,0,13,0,9,25,0,34,2,14,31,0,47,26,0,26,73
11/22/2022,LWS,ID,ANM,WE,Federal Contract Tower,2,6,1,0,9,0,1,2,0,3,2,7,3,0,12,0,0,0,12
11/23/2022,LWS,ID,ANM,WE,Federal Contract Tower,2,10,8,0,20,0,0,34,0,34,2,10,42,0,54,84,0,84,138
11/24/2022,LWS,ID,ANM,WE,Federal Contract Tower,2,4,4,0,10,0,0,6,0,6,2,4,10,0,16,0,0,0,16
11/25/2022,LWS,ID,ANM,WE,Federal Contract Tower,4,7,5,0,16,0,2,10,0,12,4,9,15,0,28,10,0,10,38
11/26/2022,LWS,ID,ANM,WE,Federal Contract Tower,2,4,1,0,7,0,0,29,0,29,2,4,30,0,36,50,0,50,86
11/27/2022,LWS,ID,ANM,WE,Federal Contract Tower,2,6,0,0,8,0,1,2,0,3,2,7,2,0,11,0,0,0,11
11/28/2022,LWS,ID,ANM,WE,Federal Contract Tower,7,7,5,0,19,0,0,7,0,7,7,7,12,0,26,0,0,0,26
11/29/2022,LWS,ID,ANM,WE,Federal Contract Tower,2,6,7,6,21,0,0,9,0,9,2,6,16,6,30,4,0,4,34
11/30/2022,LWS,ID,ANM,WE,Federal Contract Tower,2,7,11,0,20,0,2,11,0,13,2,9,22,0,33,0,0,0,33
12/01/2022,LWS,ID,ANM,WE,Federal Contract Tower,2,9,6,0,17,0,1,10,0,11,2,10,16,0,28,2,0,2,30
12/02/2022,LWS,ID,ANM,WE,Federal Contract Tower,2,7,9,0,18,0,6,8,0,14,2,13,17,0,32,0,0,0,32
12/03/2022,LWS,ID,ANM,WE,Federal Contract Tower,2,2,5,0,9,0,9,21,0,30,2,11,26,0,39,26,0,26,65
12/04/2022,LWS,ID,ANM,WE,Federal Contract Tower,2,3,5,0,10,0,0,0,0,0,2,3,5,0,10,0,0,0,10
12/05/2022,LWS,ID,ANM,WE,Federal Contract Tower,2,8,4,0,14,0,0,3,0,3,2,8,7,0,17,20,0,20,37
12/06/2022,LWS,ID,ANM,WE,Federal Contract Tower,2,6,10,0,18,0,1,22,0,23,2,7,32,0,41,80,0,80,121
12/07/2022,LWS,ID,ANM,WE,Federal Contract Tower,4,5,3,0,12,0,0,0,0,0,4,5,3,0,12,0,0,0,12
12/08/2022,LWS,ID,ANM,WE,Federal Contract Tower,2,9,9,0,20,0,4,18,0,22,2,13,27,0,42,10,0,10,52
12/09/2022,LWS,ID,ANM,WE,Federal Contract Tower,2,8,1,0,11,0,3,6,0,9,2,11,7,0,20,14,0,14,34
12/10/2022,LWS,ID,ANM,WE,Federal Contract Tower,2,3,2,0,7,0,2,7,0,9,2,5,9,0,16,52,0,52,68
12/11/2022,LWS,ID,ANM,WE,Federal Contract Tower,4,0,6,0,10,0,2,9,0,11,4,2,15,0,21,42,0,42,63
12/12/2022,LWS,ID,ANM,WE,Federal Contract Tower,4,9,10,0,23,0,0,0,0,0,4,9,10,0,23,0,0,0,23
12/13/2022,LWS,ID,ANM,WE,Federal Contract Tower,2,20,14,0,36,0,1,8,0,9,2,21,22,0,45,0,0,0,45
12/14/2022,LWS,ID,ANM,WE,Federal Contract Tower,2,6,3,0,11,0,0,0,0,0,2,6,3,0,11,0,0,0,11
12/15/2022,LWS,ID,ANM,WE,Federal Contract Tower,2,12,11,0,25,0,0,3,0,3,2,12,14,0,28,2,0,2,30
12/16/2022,LWS,ID,ANM,WE,Federal Contract Tower,2,11,7,0,20,0,3,10,0,13,2,14,17,0,33,54,0,54,87
12/17/2022,LWS,ID,ANM,WE,Federal Contract Tower,2,5,0,0,7,0,0,16,0,16,2,5,16,0,23,4,0,4,27
12/18/2022,LWS,ID,ANM,WE,Federal Contract Tower,2,4,5,0,11,0,0,5,0,5,2,4,10,0,16,8,0,8,24
12/19/2022,LWS,ID,ANM,WE,Federal Contract Tower,4,2,3,0,9,0,0,0,0,0,4,2,3,0,9,4,0,4,13
12/20/2022,LWS,ID,ANM,WE,Federal Contract Tower,2,11,3,0,16,0,0,6,0,6,2,11,9,0,22,2,0,2,24
12/21/2022,LWS,ID,ANM,WE,Federal Contract Tower,2,10,8,0,20,0,6,11,0,17,2,16,19,0,37,20,0,20,57
12/22/2022,LWS,ID,ANM,WE,Federal Contract Tower,2,8,4,0,14,0,1,6,0,7,2,9,10,0,21,0,0,0,21
12/23/2022,LWS,ID,ANM,WE,Federal Contract Tower,2,3,2,0,7,0,0,0,0,0,2,3,2,0,7,0,0,0,7
12/24/2022,LWS,ID,ANM,WE,Federal Contract Tower,2,7,1,0,10,0,0,0,0,0,2,7,1,0,10,0,0,0,10
12/25/2022,LWS,ID,ANM,WE,Federal Contract Tower,2,4,0,0,6,0,0,0,0,0,2,4,0,0,6,0,0,0,6
12/26/2022,LWS,ID,ANM,WE,Federal Contract Tower,2,6,5,0,13,0,0,7,0,7,2,6,12,0,20,0,0,0,20
12/27/2022,LWS,ID,ANM,WE,Federal Contract Tower,2,7,2,0,11,0,2,8,0,10,2,9,10,0,21,30,0,30,51
12/28/2022,LWS,ID,ANM,WE,Federal Contract Tower,2,9,1,0,12,0,1,12,0,13,2,10,13,0,25,38,0,38,63
12/29/2022,LWS,ID,ANM,WE,Federal Contract Tower,2,9,2,0,13,0,0,24,0,24,2,9,26,0,37,36,0,36,73
12/30/2022,LWS,ID,ANM,WE,Federal Contract Tower,2,5,2,0,9,0,0,15,0,15,2,5,17,0,24,18,0,18,42
01/01/2023,LWS,ID,ANM,WE,Federal Contract Tower,2,2,3,0,7,0,0,11,0,11,2,2,14,0,18,0,0,0,18
01/02/2023,LWS,ID,ANM,WE,Federal Contract Tower,2,6,5,0,13,0,0,20,0,20,2,6,25,0,33,60,0,60,93
01/03/2023,LWS,ID,ANM,WE,Federal Contract Tower,2,9,4,0,15,0,1,8,0,9,2,10,12,0,24,10,0,10,34
01/04/2023,LWS,ID,ANM,WE,Federal Contract Tower,2,5,6,0,13,0,6,32,0,38,2,11,38,0,51,20,0,20,71
01/05/2023,LWS,ID,ANM,WE,Federal Contract Tower,2,6,8,0,16,0,7,18,0,25,2,13,26,0,41,16,0,16,57
01/06/2023,LWS,ID,ANM,WE,Federal Contract Tower,2,7,3,0,12,0,3,30,0,33,2,10,33,0,45,42,0,42,87
01/07/2023,LWS,ID,ANM,WE,Federal Contract Tower,2,5,0,0,7,0,3,37,0,40,2,8,37,0,47,36,0,36,83
01/08/2023,LWS,ID,ANM,WE,Federal Contract Tower,2,7,0,0,9,0,0,14,0,14,2,7,14,0,23,34,0,34,57
01/09/2023,LWS,ID,ANM,WE,Federal Contract Tower,2,7,1,0,10,0,0,2,0,2,2,7,3,0,12,6,0,6,18
01/10/2023,LWS,ID,ANM,WE,Federal Contract Tower,4,6,9,0,19,0,0,8,0,8,4,6,17,0,27,26,0,26,53
01/11/2023,LWS,ID,ANM,WE,Federal Contract Tower,2,12,9,0,23,0,0,11,0,11,2,12,20,0,34,32,0,32,66
01/12/2023,LWS,ID,ANM,WE,Federal Contract Tower,2,4,4,0,10,0,3,0,0,3,2,7,4,0,13,14,0,14,27
01/13/2023,LWS,ID,ANM,WE,Federal Contract Tower,2,5,9,0,16,0,2,18,0,20,2,7,27,0,36,76,0,76,112
01/14/2023,LWS,ID,ANM,WE,Federal Contract Tower,2,3,3,0,8,0,0,0,0,0,2,3,3,0,8,50,0,50,58
01/15/2023,LWS,ID,ANM,WE,Federal Contract Tower,2,11,3,0,16,0,1,32,0,33,2,12,35,0,49,38,0,38,87
01/16/2023,LWS,ID,ANM,WE,Federal Contract Tower,2,8,1,0,11,0,0,15,0,15,2,8,16,0,26,84,0,84,110
01/17/2023,LWS,ID,ANM,WE,Federal Contract Tower,2,4,12,0,18,0,0,7,0,7,2,4,19,0,25,12,0,12,37
01/18/2023,LWS,ID,ANM,WE,Federal Contract Tower,2,8,4,0,14,0,0,6,0,6,2,8,10,0,20,20,0,20,40
01/19/2023,LWS,ID,ANM,WE,Federal Contract Tower,2,10,4,0,16,0,3,26,0,29,2,13,30,0,45,42,0,42,87
01/20/2023,LWS,ID,ANM,WE,Federal Contract Tower,2,6,3,0,11,0,0,0,0,0,2,6,3,0,11,44,0,44,55
01/21/2023,LWS,ID,ANM,WE,Federal Contract Tower,2,3,3,0,8,0,0,33,0,33,2,3,36,0,41,68,0,68,109
01/22/2023,LWS,ID,ANM,WE,Federal Contract Tower,2,4,0,0,6,0,0,7,0,7,2,4,7,0,13,26,0,26,39
01/23/2023,LWS,ID,ANM,WE,Federal Contract Tower,2,6,1,0,9,0,1,18,0,19,2,7,19,0,28,2,0,2,30
01/24/2023,LWS,ID,ANM,WE,Federal Contract Tower,2,10,9,0,21,0,3,18,0,21,2,13,27,0,42,20,0,20,62
01/25/2023,LWS,ID,ANM,WE,Federal Contract Tower,2,8,5,0,15,0,1,6,0,7,2,9,11,0,22,20,0,20,42
01/26/2023,LWS,ID,ANM,WE,Federal Contract Tower,2,7,3,0,12,0,5,11,0,16,2,12,14,0,28,24,0,24,52
01/27/2023,LWS,ID,ANM,WE,Federal Contract Tower,2,8,4,0,14,0,1,1,0,2,2,9,5,0,16,52,0,52,68
01/28/2023,LWS,ID,ANM,WE,Federal Contract Tower,2,4,5,0,11,0,0,2,0,2,2,4,7,0,13,0,0,0,13
01/29/2023,LWS,ID,ANM,WE,Federal Contract Tower,2,2,3,0,7,0,2,23,0,25,2,4,26,0,32,56,0,56,88
01/30/2023,LWS,ID,ANM,WE,Federal Contract Tower,2,5,0,0,7,0,0,32,0,32,2,5,32,0,39,40,0,40,79
01/31/2023,LWS,ID,ANM,WE,Federal Contract Tower,2,7,6,0,15,0,2,1,0,3,2,9,7,0,18,2,0,2,20
02/01/2023,LWS,ID,ANM,WE,Federal Contract Tower,2,6,2,0,10,0,8,13,0,21,2,14,15,0,31,4,0,4,35
02/02/2023,LWS,ID,ANM,WE,Federal Contract Tower,2,6,9,0,17,0,5,27,0,32,2,11,36,0,49,0,0,0,49
02/03/2023,LWS,ID,ANM,WE,Federal Contract Tower,2,5,1,0,8,0,2,8,2,12,2,7,9,2,20,0,0,0,20
02/04/2023,LWS,ID,ANM,WE,Federal Contract Tower,2,6,2,0,10,0,0,24,0,24,2,6,26,0,34,82,0,82,116
02/05/2023,LWS,ID,ANM,WE,Federal Contract Tower,2,5,2,0,9,0,0,5,0,5,2,5,7,0,14,38,0,38,52
02/06/2023,LWS,ID,ANM,WE,Federal Contract Tower,2,8,6,0,16,0,1,24,0,25,2,9,30,0,41,52,0,52,93
02/07/2023,LWS,ID,ANM,WE,Federal Contract Tower,2,6,6,0,14,0,1,3,0,4,2,7,9,0,18,4,0,4,22
02/08/2023,LWS,ID,ANM,WE,Federal Contract Tower,2,7,5,0,14,0,1,19,0,20,2,8,24,0,34,62,0,62,96
02/09/2023,LWS,ID,ANM,WE,Federal Contract Tower,2,7,2,0,11,0,0,29,0,29,2,7,31,0,40,16,0,16,56
02/10/2023,LWS,ID,ANM,WE,Federal Contract Tower,2,6,4,0,12,0,7,30,0,37,2,13,34,0,49,26,0,26,75
02/11/2023,LWS,ID,ANM,WE,Federal Contract Tower,2,3,5,0,10,0,2,44,0,46,2,5,49,0,56,82,0,82,138
02/12/2023,LWS,ID,ANM,WE,Federal Contract Tower,2,5,2,0,9,0,8,35,0,43,2,13,37,0,52,26,0,26,78
02/13/2023,LWS,ID,ANM,WE,Federal Contract Tower,2,6,4,0,12,0,2,0,0,2,2,8,4,0,14,0,0,0,14
02/14/2023,LWS,ID,ANM,WE,Federal Contract Tower,2,9,4,0,15,0,4,23,0,27,2,13,27,0,42,32,0,32,74
02/15/2023,LWS,ID,ANM,WE,Federal Contract Tower,2,7,10,0,19,0,4,33,0,37,2,11,43,0,56,70,0,70,126
02/16/2023,LWS,ID,ANM,WE,Federal Contract Tower,2,5,5,0,12,0,9,30,0,39,2,14,35,0,51,0,0,0,51
02/17/2023,LWS,ID,ANM,WE,Federal Contract Tower,2,5,5,0,12,0,3,33,0,36,2,8,38,0,48,52,0,52,100
02/18/2023,LWS,ID,ANM,WE,Federal Contract Tower,2,4,1,0,7,0,0,50,0,50,2,4,51,0,57,30,0,30,87
02/19/2023,LWS,ID,ANM,WE,Federal Contract Tower,2,4,2,0,8,0,7,54,0,61,2,11,56,0,69,68,0,68,137
02/20/2023,LWS,ID,ANM,WE,Federal Contract Tower,2,8,1,0,11,0,5,7,0,12,2,13,8,0,23,26,0,26,49
02/21/2023,LWS,ID,ANM,WE,Federal Contract Tower,2,13,3,0,18,0,0,1,0,1,2,13,4,0,19,0,0,0,19
02/22/2023,LWS,ID,ANM,WE,Federal Contract Tower,2,9,5,0,16,0,3,1,0,4,2,12,6,0,20,0,0,0,20
02/23/2023,LWS,ID,ANM,WE,Federal Contract Tower,2,7,8,0,17,0,1,2,0,3,2,8,10,0,20,10,0,10,30
02/24/2023,LWS,ID,ANM,WE,Federal Contract Tower,2,7,9,0,18,0,4,18,2,24,2,11,27,2,42,100,0,100,142
02/25/2023,LWS,ID,ANM,WE,Federal Contract Tower,2,2,5,0,9,0,1,25,0,26,2,3,30,0,35,58,0,58,93
02/26/2023,LWS,ID,ANM,WE,Federal Contract Tower,2,4,5,0,11,0,0,1,0,1,2,4,6,0,12,0,0,0,12
02/27/2023,LWS,ID,ANM,WE,Federal Contract Tower,2,7,3,0,12,0,1,43,0,44,2,8,46,0,56,30,0,30,86
02/28/2023,LWS,ID,ANM,WE,Federal Contract Tower,2,6,13,0,21,0,1,34,0,35,2,7,47,0,56,20,0,20,76
03/01/2023,LWS,ID,ANM,WE,Federal Contract Tower,2,6,7,0,15,0,3,61,0,64,2,9,68,0,79,64,0,64,143
03/02/2023,LWS,ID,ANM,WE,Federal Contract Tower,2,11,5,0,18,0,0,5,0,5,2,11,10,0,23,14,0,14,37
03/03/2023,LWS,ID,ANM,WE,Federal Contract Tower,2,7,6,0,15,0,4,27,0,31,2,11,33,0,46,42,0,42,88
03/04/2023,LWS,ID,ANM,WE,Federal Contract Tower,2,6,9,0,17,0,5,105,0,110,2,11,114,0,127,54,0,54,181
03/05/2023,LWS,ID,ANM,WE,Federal Contract Tower,2,5,4,0,11,0,2,17,0,19,2,7,21,0,30,10,0,10,40
03/06/2023,LWS,ID,ANM,WE,Federal Contract Tower,2,7,5,0,14,0,0,14,0,14,2,7,19,0,28,10,0,10,38
03/07/2023,LWS,ID,ANM,WE,Federal Contract Tower,2,5,12,0,19,0,3,126,0,129,2,8,138,0,148,28,0,28,176
03/08/2023,LWS,ID,ANM,WE,Federal Contract Tower,2,8,9,0,19,0,0,149,0,149,2,8,158,0,168,46,0,46,214
03/09/2023,LWS,ID,ANM,WE,Federal Contract Tower,2,4,4,0,10,0,0,44,0,44,2,4,48,0,54,28,0,28,82
03/10/2023,LWS,ID,ANM,WE,Federal Contract Tower,2,12,5,0,19,0,0,3,0,3,2,12,8,0,22,8,0,8,30
03/11/2023,LWS,ID,ANM,WE,Federal Contract Tower,2,3,4,0,9,0,3,35,0,38,2,6,39,0,47,42,0,42,89
03/12/2023,LWS,ID,ANM,WE,Federal Contract Tower,2,3,1,0,6,0,0,44,0,44,2,3,45,0,50,26,0,26,76
03/13/2023,LWS,ID,ANM,WE,Federal Contract Tower,2,7,5,0,14,0,3,15,0,18,2,10,20,0,32,64,0,64,96
03/14/2023,LWS,ID,ANM,WE,Federal Contract Tower,2,7,5,0,14,0,0,41,0,41,2,7,46,0,55,46,0,46,101
03/15/2023,LWS,ID,ANM,WE,Federal Contract Tower,2,5,7,0,14,0,9,12,0,21,2,14,19,0,35,52,0,52,87
03/16/2023,LWS,ID,ANM,WE,Federal Contract Tower,2,7,5,0,14,0,4,54,2,60,2,11,59,2,74,40,2,42,116
03/17/2023,LWS,ID,ANM,WE,Federal Contract Tower,2,7,6,0,15,0,2,55,0,57,2,9,61,0,72,40,0,40,112
03/18/2023,LWS,ID,ANM,WE,Federal Contract Tower,2,2,4,0,8,0,7,58,0,65,2,9,62,0,73,42,0,42,115
03/19/2023,LWS,ID,ANM,WE,Federal Contract Tower,2,4,0,0,6,0,5,35,0,40,2,9,35,0,46,8,0,8,54
03/20/2023,LWS,ID,ANM,WE,Federal Contract Tower,2,6,1,0,9,0,0,1,0,1,2,6,2,0,10,0,0,0,10
03/21/2023,LWS,ID,ANM,WE,Federal Contract Tower,2,14,8,0,24,0,0,40,0,40,2,14,48,0,64,46,0,46,110
03/22/2023,LWS,ID,ANM,WE,Federal Contract Tower,2,5,10,0,17,0,1,66,0,67,2,6,76,0,84,128,0,128,212
03/23/2023,LWS,ID,ANM,WE,Federal Contract Tower,2,7,10,0,19,0,2,25,0,27,2,9,35,0,46,16,0,16,62
03/24/2023,LWS,ID,ANM,WE,Federal Contract Tower,2,6,8,0,16,0,1,14,0,15,2,7,22,0,31,26,0,26,57
03/25/2023,LWS,ID,ANM,WE,Federal Contract Tower,2,2,8,0,12,0,4,18,0,22,2,6,26,0,34,18,0,18,52
03/26/2023,LWS,ID,ANM,WE,Federal Contract Tower,2,2,1,0,5,0,4,7,0,11,2,6,8,0,16,24,0,24,40
03/27/2023,LWS,ID,ANM,WE,Federal Contract Tower,2,4,1,0,7,0,3,33,0,36,2,7,34,0,43,34,0,34,77
03/28/2023,LWS,ID,ANM,WE,Federal Contract Tower,2,6,2,0,10,0,2,30,0,32,2,8,32,0,42,48,0,48,90
03/29/2023,LWS,ID,ANM,WE,Federal Contract Tower,2,9,2,0,13,0,0,17,0,17,2,9,19,0,30,24,0,24,54
03/30/2023,LWS,ID,ANM,WE,Federal Contract Tower,2,6,9,0,17,0,0,21,0,21,2,6,30,0,38,44,0,44,82
03/31/2023,LWS,ID,ANM,WE,Federal Contract Tower,2,7,2,0,11,0,1,12,0,13,2,8,14,0,24,20,0,20,44
04/01/2023,LWS,ID,ANM,WE,Federal Contract Tower,2,4,3,0,9,0,3,5,0,8,2,7,8,0,17,0,0,0,17
04/02/2023,LWS,ID,ANM,WE,Federal Contract Tower,2,3,3,0,8,0,0,13,0,13,2,3,16,0,21,16,0,16,37
04/03/2023,LWS,ID,ANM,WE,Federal Contract Tower,2,15,5,0,22,0,0,2,0,2,2,15,7,0,24,10,0,10,34
04/04/2023,LWS,ID,ANM,WE,Federal Contract Tower,2,10,7,0,19,0,2,22,0,24,2,12,29,0,43,46,0,46,89
04/05/2023,LWS,ID,ANM,WE,Federal Contract Tower,2,4,11,0,17,0,6,47,0,53,2,10,58,0,70,30,0,30,100
04/06/2023,LWS,ID,ANM,WE,Federal Contract Tower,2,6,5,0,13,0,4,23,0,27,2,10,28,0,40,48,0,48,88
04/07/2023,LWS,ID,ANM,WE,Federal Contract Tower,2,7,11,0,20,0,2,11,0,13,2,9,22,0,33,90,0,90,123
04/08/2023,LWS,ID,ANM,WE,Federal Contract Tower,2,3,1,0,6,0,0,25,0,25,2,3,26,0,31,80,0,80,111
04/09/2023,LWS,ID,ANM,WE,Federal Contract Tower,2,2,1,0,5,0,2,19,0,21,2,4,20,0,26,36,0,36,62
04/10/2023,LWS,ID,ANM,WE,Federal Contract Tower,2,4,5,0,11,2,8,26,0,36,4,12,31,0,47,42,0,42,89
04/11/2023,LWS,ID,ANM,WE,Federal Contract Tower,4,8,9,0,21,0,2,4,0,6,4,10,13,0,27,0,0,0,27
04/12/2023,LWS,ID,ANM,WE,Federal Contract Tower,2,10,10,0,22,0,1,23,0,24,2,11,33,0,46,20,0,20,66
04/13/2023,LWS,ID,ANM,WE,Federal Contract Tower,2,7,4,0,13,0,1,45,0,46,2,8,49,0,59,60,0,60,119
04/14/2023,LWS,ID,ANM,WE,Federal Contract Tower,2,5,8,0,15,0,5,39,0,44,2,10,47,0,59,64,0,64,123
04/15/2023,LWS,ID,ANM,WE,Federal Contract Tower,2,4,2,0,8,0,6,53,0,59,2,10,55,0,67,80,0,80,147
04/16/2023,LWS,ID,ANM,WE,Federal Contract Tower,2,4,2,0,8,0,2,27,0,29,2,6,29,0,37,54,0,54,91
04/17/2023,LWS,ID,ANM,WE,Federal Contract Tower,2,6,5,0,13,0,3,39,0,42,2,9,44,0,55,68,0,68,123
04/18/2023,LWS,ID,ANM,WE,Federal Contract Tower,2,7,7,2,18,0,3,17,2,22,2,10,24,4,40,52,12,64,104
04/19/2023,LWS,ID,ANM,WE,Federal Contract Tower,2,5,9,0,16,0,12,28,0,40,2,17,37,0,56,98,0,98,154
04/20/2023,LWS,ID,ANM,WE,Federal Contract Tower,2,5,12,0,19,0,0,0,0,0,2,5,12,0,19,50,0,50,69
04/21/2023,LWS,ID,ANM,WE,Federal Contract Tower,2,8,8,0,18,0,2,12,0,14,2,10,20,0,32,2,0,2,34
04/22/2023,LWS,ID,ANM,WE,Federal Contract Tower,2,4,5,0,11,0,8,53,0,61,2,12,58,0,72,14,0,14,86
04/23/2023,LWS,ID,ANM,WE,Federal Contract Tower,2,3,5,0,10,0,1,29,0,30,2,4,34,0,40,28,0,28,68
04/24/2023,LWS,ID,ANM,WE,Federal Contract Tower,2,8,2,4,16,0,4,30,0,34,2,12,32,4,50,54,0,54,104
04/25/2023,LWS,ID,ANM,WE,Federal Contract Tower,2,5,0,0,7,0,6,45,0,51,2,11,45,0,58,66,0,66,124
04/26/2023,LWS,ID,ANM,WE,Federal Contract Tower,2,6,2,0,10,0,10,42,0,52,2,16,44,0,62,66,0,66,128
04/27/2023,LWS,ID,ANM,WE,Federal Contract Tower,2,5,8,0,15,0,6,55,0,61,2,11,63,0,76,94,0,94,170
04/28/2023,LWS,ID,ANM,WE,Federal Contract Tower,2,6,1,0,9,0,3,68,2,73,2,9,69,2,82,82,0,82,164
04/29/2023,LWS,ID,ANM,WE,Federal Contract Tower,2,2,5,0,9,0,4,47,4,55,2,6,52,4,64,86,0,86,150
04/30/2023,LWS,ID,ANM,WE,Federal Contract Tower,2,4,9,0,15,0,6,54,0,60,2,10,63,0,75,58,0,58,133
05/01/2023,LWS,ID,ANM,WE,Federal Contract Tower,2,8,0,0,10,0,4,72,2,78,2,12,72,2,88,20,0,20,108
05/02/2023,LWS,ID,ANM,WE,Federal Contract Tower,2,7,11,0,20,0,5,43,0,48,2,12,54,0,68,24,0,24,92
05/03/2023,LWS,ID,ANM,WE,Federal Contract Tower,2,6,3,0,11,0,8,67,0,75,2,14,70,0,86,64,0,64,150
05/04/2023,LWS,ID,ANM,WE,Federal Contract Tower,2,6,7,1,16,0,4,30,0,34,2,10,37,1,50,50,0,50,100
05/05/2023,LWS,ID,ANM,WE,Federal Contract Tower,2,6,4,0,12,0,1,4,0,5,2,7,8,0,17,0,0,0,17
05/06/2023,LWS,ID,ANM,WE,Federal Contract Tower,2,5,10,1,18,0,2,15,0,17,2,7,25,1,35,10,0,10,45
05/07/2023,LWS,ID,ANM,WE,Federal Contract Tower,2,3,9,0,14,0,4,39,0,43,2,7,48,0,57,66,0,66,123
05/08/2023,LWS,ID,ANM,WE,Federal Contract Tower,2,6,1,0,9,0,6,20,0,26,2,12,21,0,35,38,0,38,73
05/09/2023,LWS,ID,ANM,WE,Federal Contract Tower,2,8,5,0,15,0,2,7,0,9,2,10,12,0,24,14,0,14,38
05/10/2023,LWS,ID,ANM,WE,Federal Contract Tower,2,6,6,0,14,0,3,61,0,64,2,9,67,0,78,118,0,118,196
05/11/2023,LWS,ID,ANM,WE,Federal Contract Tower,2,8,5,0,15,0,6,80,0,86,2,14,85,0,101,82,0,82,183
05/12/2023,LWS,ID,ANM,WE,Federal Contract Tower,2,5,7,0,14,0,6,67,0,73,2,11,74,0,87,54,0,54,141
05/13/2023,LWS,ID,ANM,WE,Federal Contract Tower,2,4,1,2,9,0,2,37,0,39,2,6,38,2,48,8,0,8,56
05/14/2023,LWS,ID,ANM,WE,Federal Contract Tower,2,4,0,0,6,0,2,20,0,22,2,6,20,0,28,0,0,0,28
05/15/2023,LWS,ID,ANM,WE,Federal Contract Tower,2,6,1,0,9,0,4,27,0,31,2,10,28,0,40,34,0,34,74
05/16/2023,LWS,ID,ANM,WE,Federal Contract Tower,2,4,7,0,13,0,3,31,1,35,2,7,38,1,48,64,0,64,112
05/17/2023,LWS,ID,ANM,WE,Federal Contract Tower,2,6,5,0,13,0,6,39,0,45,2,12,44,0,58,102,0,102,160
05/18/2023,LWS,ID,ANM,WE,Federal Contract Tower,2,5,8,0,15,0,9,36,0,45,2,14,44,0,60,76,0,76,136
05/19/2023,LWS,ID,ANM,WE,Federal Contract Tower,2,7,11,0,20,0,3,71,2,76,2,10,82,2,96,54,0,54,150
05/20/2023,LWS,ID,ANM,WE,Federal Contract Tower,2,2,6,0,10,0,5,46,0,51,2,7,52,0,61,10,0,10,71
05/21/2023,LWS,ID,ANM,WE,Federal Contract Tower,2,2,3,0,7,0,3,24,0,27,2,5,27,0,34,14,0,14,48
05/22/2023,LWS,ID,ANM,WE,Federal Contract Tower,2,4,5,2,13,0,6,41,0,47,2,10,46,2,60,72,0,72,132
05/23/2023,LWS,ID,ANM,WE,Federal Contract Tower,2,6,6,0,14,0,5,48,0,53,2,11,54,0,67,76,0,76,143
05/24/2023,LWS,ID,ANM,WE,Federal Contract Tower,2,6,5,0,13,0,10,36,0,46,2,16,41,0,59,62,0,62,121
05/25/2023,LWS,ID,ANM,WE,Federal Contract Tower,2,6,6,0,14,0,5,77,2,84,2,11,83,2,98,36,0,36,134
05/26/2023,LWS,ID,ANM,WE,Federal Contract Tower,2,6,4,0,12,0,7,56,0,63,2,13,60,0,75,54,0,54,129
05/27/2023,LWS,ID,ANM,WE,Federal Contract Tower,2,4,0,0,6,0,3,6,0,9,2,7,6,0,15,38,0,38,53
05/28/2023,LWS,ID,ANM,WE,Federal Contract Tower,2,4,0,0,6,0,2,79,0,81,2,6,79,0,87,48,0,48,135
05/29/2023,LWS,ID,ANM,WE,Federal Contract Tower,2,3,0,0,5,0,4,52,0,56,2,7,52,0,61,106,0,106,167
05/30/2023,LWS,ID,ANM,WE,Federal Contract Tower,2,9,10,0,21,0,2,37,0,39,2,11,47,0,60,22,0,22,82
05/31/2023,LWS,ID,ANM,WE,Federal Contract Tower,2,6,6,0,14,0,4,72,2,78,2,10,78,2,92,86,0,86,178
06/01/2023,LWS,ID,ANM,WE,Federal Contract Tower,2,5,2,0,9,0,8,40,0,48,2,13,42,0,57,24,0,24,81
06/02/2023,LWS,ID,ANM,WE,Federal Contract Tower,2,5,8,0,15,0,3,62,0,65,2,8,70,0,80,62,0,62,142
06/03/2023,LWS,ID,ANM,WE,Federal Contract Tower,2,3,4,0,9,0,4,47,0,51,2,7,51,0,60,52,0,52,112
06/04/2023,LWS,ID,ANM,WE,Federal Contract Tower,2,3,5,0,10,0,7,25,0,32,2,10,30,0,42,18,0,18,60
06/05/2023,LWS,ID,ANM,WE,Federal Contract Tower,2,4,4,0,10,0,7,41,0,48,2,11,45,0,58,46,0,46,104
06/06/2023,LWS,ID,ANM,WE,Federal Contract Tower,2,7,6,4,19,0,14,59,0,73,2,21,65,4,92,46,8,54,146
06/07/2023,LWS,ID,ANM,WE,Federal Contract Tower,2,6,6,0,14,0,5,71,0,76,2,11,77,0,90,66,0,66,156
06/08/2023,LWS,ID,ANM,WE,Federal Contract Tower,2,7,3,0,12,0,4,39,0,43,2,11,42,0,55,30,0,30,85
06/09/2023,LWS,ID,ANM,WE,Federal Contract Tower,2,7,4,0,13,0,0,23,0,23,2,7,27,0,36,42,0,42,78
06/10/2023,LWS,ID,ANM,WE,Federal Contract Tower,2,3,6,0,11,0,4,22,0,26,2,7,28,0,37,60,0,60,97
06/11/2023,LWS,ID,ANM,WE,Federal Contract Tower,2,3,7,0,12,0,5,41,0,46,2,8,48,0,58,58,0,58,116
06/12/2023,LWS,ID,ANM,WE,Federal Contract Tower,2,6,5,0,13,0,4,70,0,74,2,10,75,0,87,36,0,36,123
06/13/2023,LWS,ID,ANM,WE,Federal Contract Tower,2,5,5,0,12,0,5,53,0,58,2,10,58,0,70,102,0,102,172
06/14/2023,LWS,ID,ANM,WE,Federal Contract Tower,2,7,6,0,15,0,4,30,0,34,2,11,36,0,49,14,0,14,63
06/15/2023,LWS,ID,ANM,WE,Federal Contract Tower,2,6,3,0,11,0,3,76,2,81,2,9,79,2,92,70,0,70,162
06/16/2023,LWS,ID,ANM,WE,Federal Contract Tower,2,5,10,0,17,0,6,61,0,67,2,11,71,0,84,58,0,58,142
06/17/2023,LWS,ID,ANM,WE,Federal Contract Tower,2,4,9,0,15,0,3,73,0,76,2,7,82,0,91,44,0,44,135
06/18/2023,LWS,ID,ANM,WE,Federal Contract Tower,2,7,3,0,12,0,5,18,0,23,2,12,21,0,35,2,0,2,37
06/19/2023,LWS,ID,ANM,WE,Federal Contract Tower,2,10,6,0,18,0,14,53,0,67,2,24,59,0,85,56,0,56,141
06/20/2023,LWS,ID,ANM,WE,Federal Contract Tower,2,7,3,2,14,0,5,43,0,48,2,12,46,2,62,28,0,28,90
06/21/2023,LWS,ID,ANM,WE,Federal Contract Tower,2,4,5,0,11,0,4,47,0,51,2,8,52,0,62,94,0,94,156
06/22/2023,LWS,ID,ANM,WE,Federal Contract Tower,2,7,11,0,20,0,5,60,0,65,2,12,71,0,85,60,0,60,145
06/23/2023,LWS,ID,ANM,WE,Federal Contract Tower,2,9,1,0,12,0,5,49,0,54,2,14,50,0,66,30,0,30,96
06/24/2023,LWS,ID,ANM,WE,Federal Contract Tower,2,2,2,0,6,0,3,23,0,26,2,5,25,0,32,28,0,28,60
06/25/2023,LWS,ID,ANM,WE,Federal Contract Tower,2,4,3,0,9,0,2,30,0,32,2,6,33,0,41,22,0,22,63
06/26/2023,LWS,ID,ANM,WE,Federal Contract Tower,2,8,3,0,13,0,2,31,0,33,2,10,34,0,46,34,0,34,80
06/27/2023,LWS,ID,ANM,WE,Federal Contract Tower,2,6,7,0,15,0,1,25,0,26,2,7,32,0,41,28,0,28,69
06/28/2023,LWS,ID,ANM,WE,Federal Contract Tower,2,7,5,0,14,0,8,42,0,50,2,15,47,0,64,22,0,22,86
06/29/2023,LWS,ID,ANM,WE,Federal Contract Tower,2,7,6,0,15,0,7,72,0,79,2,14,78,0,94,42,0,42,136
06/30/2023,LWS,ID,ANM,WE,Federal Contract Tower,2,6,6,0,14,0,5,117,2,124,2,11,123,2,138,50,4,54,192
07/01/2023,LWS,ID,ANM,WE,Federal Contract Tower,2,4,8,0,14,0,3,127,5,135,2,7,135,5,149,114,4,118,267
07/02/2023,LWS,ID,ANM,WE,Federal Contract Tower,2,5,9,0,16,0,0,65,0,65,2,5,74,0,81,32,0,32,113
07/03/2023,LWS,ID,ANM,WE,Federal Contract Tower,2,5,3,0,10,0,6,46,1,53,2,11,49,1,63,60,4,64,127
07/04/2023,LWS,ID,ANM,WE,Federal Contract Tower,2,5,0,0,7,0,3,38,0,41,2,8,38,0,48,4,0,4,52
07/05/2023,LWS,ID,ANM,WE,Federal Contract Tower,2,6,3,0,11,0,10,40,0,50,2,16,43,0,61,26,0,26,87
07/06/2023,LWS,ID,ANM,WE,Federal Contract Tower,2,5,8,0,15,0,4,47,1,52,2,9,55,1,67,42,2,44,111
07/07/2023,LWS,ID,ANM,WE,Federal Contract Tower,2,8,3,0,13,0,4,47,0,51,2,12,50,0,64,48,0,48,112
07/08/2023,LWS,ID,ANM,WE,Federal Contract Tower,2,5,3,0,10,0,6,33,0,39,2,11,36,0,49,6,0,6,55
07/09/2023,LWS,ID,ANM,WE,Federal Contract Tower,2,6,2,0,10,0,2,48,0,50,2,8,50,0,60,54,0,54,114
07/10/2023,LWS,ID,ANM,WE,Federal Contract Tower,2,6,1,0,9,0,4,27,0,31,2,10,28,0,40,74,0,74,114
07/11/2023,LWS,ID,ANM,WE,Federal Contract Tower,3,8,5,0,16,0,5,36,0,41,3,13,41,0,57,42,0,42,99
07/12/2023,LWS,ID,ANM,WE,Federal Contract Tower,2,6,6,0,14,0,6,46,0,52,2,12,52,0,66,24,0,24,90
07/13/2023,LWS,ID,ANM,WE,Federal Contract Tower,2,8,1,0,11,0,11,37,0,48,2,19,38,0,59,46,0,46,105
07/14/2023,LWS,ID,ANM,WE,Federal Contract Tower,2,5,4,0,11,0,3,37,0,40,2,8,41,0,51,50,0,50,101
07/15/2023,LWS,ID,ANM,WE,Federal Contract Tower,2,4,1,0,7,0,4,19,0,23,2,8,20,0,30,12,0,12,42
07/17/2023,LWS,ID,ANM,WE,Federal Contract Tower,2,6,3,0,11,0,10,29,0,39,2,16,32,0,50,0,8,8,58
07/18/2023,LWS,ID,ANM,WE,Federal Contract Tower,2,5,6,0,13,0,12,47,1,60,2,17,53,1,73,14,0,14,87
07/19/2023,LWS,ID,ANM,WE,Federal Contract Tower,2,5,7,0,14,0,12,29,0,41,2,17,36,0,55,34,0,34,89
07/20/2023,LWS,ID,ANM,WE,Federal Contract Tower,2,4,4,0,10,0,13,39,0,52,2,17,43,0,62,18,0,18,80
07/21/2023,LWS,ID,ANM,WE,Federal Contract Tower,2,5,6,0,13,0,16,47,0,63,2,21,53,0,76,50,0,50,126
07/22/2023,LWS,ID,ANM,WE,Federal Contract Tower,2,3,3,0,8,0,9,40,0,49,2,12,43,0,57,24,0,24,81
07/23/2023,LWS,ID,ANM,WE,Federal Contract Tower,2,2,4,0,8,0,6,32,0,38,2,8,36,0,46,10,0,10,56
07/24/2023,LWS,ID,ANM,WE,Federal Contract Tower,2,7,2,0,11,0,6,30,0,36,2,13,32,0,47,38,0,38,85
07/25/2023,LWS,ID,ANM,WE,Federal Contract Tower,2,5,4,0,11,0,14,32,0,46,2,19,36,0,57,10,0,10,67
07/26/2023,LWS,ID,ANM,WE,Federal Contract Tower,2,6,5,0,13,0,14,35,0,49,2,20,40,0,62,32,0,32,94
07/27/2023,LWS,ID,ANM,WE,Federal Contract Tower,2,6,4,0,12,0,2,41,2,45,2,8,45,2,57,16,0,16,73
07/28/2023,LWS,ID,ANM,WE,Federal Contract Tower,3,10,5,0,18,0,7,39,0,46,3,17,44,0,64,22,0,22,86
07/29/2023,LWS,ID,ANM,WE,Federal Contract Tower,2,3,3,0,8,0,5,32,0,37,2,8,35,0,45,80,0,80,125
07/30/2023,LWS,ID,ANM,WE,Federal Contract Tower,2,6,5,0,13,0,9,52,0,61,2,15,57,0,74,32,0,32,106
07/31/2023,LWS,ID,ANM,WE,Federal Contract Tower,2,7,7,0,16,0,4,21,0,25,2,11,28,0,41,10,0,10,51
08/01/2023,LWS,ID,ANM,WE,Federal Contract Tower,2,8,8,0,18,0,6,25,0,31,2,14,33,0,49,36,0,36,85
08/02/2023,LWS,ID,ANM,WE,Federal Contract Tower,2,7,5,0,14,0,30,27,0,57,2,37,32,0,71,48,0,48,119
08/03/2023,LWS,ID,ANM,WE,Federal Contract Tower,2,7,5,0,14,0,1,1,0,2,2,8,6,0,16,26,0,26,42
08/04/2023,LWS,ID,ANM,WE,Federal Contract Tower,2,4,6,0,12,0,10,31,0,41,2,14,37,0,53,50,0,50,103
08/05/2023,LWS,ID,ANM,WE,Federal Contract Tower,2,4,3,0,9,0,6,22,0,28,2,10,25,0,37,54,0,54,91
08/06/2023,LWS,ID,ANM,WE,Federal Contract Tower,2,7,2,0,11,0,4,34,0,38,2,11,36,0,49,48,0,48,97
08/07/2023,LWS,ID,ANM,WE,Federal Contract Tower,2,6,9,0,17,0,6,11,0,17,2,12,20,0,34,0,0,0,34
08/08/2023,LWS,ID,ANM,WE,Federal Contract Tower,2,5,8,2,17,0,4,24,0,28,2,9,32,2,45,0,0,0,45
08/09/2023,LWS,ID,ANM,WE,Federal Contract Tower,2,3,7,0,12,0,6,27,0,33,2,9,34,0,45,22,0,22,67
08/10/2023,LWS,ID,ANM,WE,Federal Contract Tower,2,7,7,0,16,0,5,35,0,40,2,12,42,0,56,58,0,58,114
08/11/2023,LWS,ID,ANM,WE,Federal Contract Tower,2,6,7,0,15,0,8,47,0,55,2,14,54,0,70,48,0,48,118
08/12/2023,LWS,ID,ANM,WE,Federal Contract Tower,2,2,4,0,8,0,4,43,0,47,2,6,47,0,55,48,0,48,103
08/13/2023,LWS,ID,ANM,WE,Federal Contract Tower,2,3,2,0,7,0,7,36,0,43,2,10,38,0,50,64,0,64,114
08/14/2023,LWS,ID,ANM,WE,Federal Contract Tower,4,7,8,0,19,0,10,36,0,46,4,17,44,0,65,6,0,6,71
08/15/2023,LWS,ID,ANM,WE,Federal Contract Tower,4,4,3,0,11,0,7,14,0,21,4,11,17,0,32,10,0,10,42
08/16/2023,LWS,ID,ANM,WE,Federal Contract Tower,2,7,4,0,13,0,10,21,0,31,2,17,25,0,44,12,0,12,56
08/17/2023,LWS,ID,ANM,WE,Federal Contract Tower,4,3,12,0,19,0,4,26,0,30,4,7,38,0,49,28,0,28,77
08/18/2023,LWS,ID,ANM,WE,Federal Contract Tower,4,3,9,0,16,0,10,22,0,32,4,13,31,0,48,6,0,6,54
08/19/2023,LWS,ID,ANM,WE,Federal Contract Tower,4,4,4,0,12,0,0,36,0,36,4,4,40,0,48,158,0,158,206
08/20/2023,LWS,ID,ANM,WE,Federal Contract Tower,2,4,8,0,14,0,0,13,0,13,2,4,21,0,27,60,0,60,87
08/21/2023,LWS,ID,ANM,WE,Federal Contract Tower,3,8,7,0,18,0,4,4,0,8,3,12,11,0,26,10,0,10,36
08/22/2023,LWS,ID,ANM,WE,Federal Contract Tower,2,11,13,0,26,0,0,3,0,3,2,11,16,0,29,0,0,0,29
08/23/2023,LWS,ID,ANM,WE,Federal Contract Tower,2,7,4,0,13,0,3,35,0,38,2,10,39,0,51,30,0,30,81
08/24/2023,LWS,ID,ANM,WE,Federal Contract Tower,4,3,6,0,13,0,5,34,0,39,4,8,40,0,52,28,0,28,80
08/25/2023,LWS,ID,ANM,WE,Federal Contract Tower,3,11,8,0,22,0,8,22,0,30,3,19,30,0,52,12,0,12,64
08/26/2023,LWS,ID,ANM,WE,Federal Contract Tower,2,3,7,2,14,0,3,31,0,34,2,6,38,2,48,14,0,14,62
08/27/2023,LWS,ID,ANM,WE,Federal Contract Tower,2,5,5,0,12,0,3,41,0,44,2,8,46,0,56,18,0,18,74
08/28/2023,LWS,ID,ANM,WE,Federal Contract Tower,2,7,9,0,18,0,1,24,0,25,2,8,33,0,43,10,0,10,53
08/29/2023,LWS,ID,ANM,WE,Federal Contract Tower,1,7,5,0,13,0,5,26,0,31,1,12,31,0,44,6,0,6,50
08/30/2023,LWS,ID,ANM,WE,Federal Contract Tower,2,6,8,0,16,0,2,17,4,23,2,8,25,4,39,14,0,14,53
08/31/2023,LWS,ID,ANM,WE,Federal Contract Tower,2,5,8,0,15,0,4,50,0,54,2,9,58,0,69,54,0,54,123
01/01/2020,LWS,ID,ANM,WE,Federal Contract Tower,0,6,1,0,7,0,1,11,0,12,0,7,12,0,19,0,0,0,19
01/02/2020,LWS,ID,ANM,WE,Federal Contract Tower,0,12,7,0,19,0,0,0,0,0,0,12,7,0,19,4,0,4,23
01/03/2020,LWS,ID,ANM,WE,Federal Contract Tower,0,9,2,0,11,0,3,5,0,8,0,12,7,0,19,0,0,0,19
01/04/2020,LWS,ID,ANM,WE,Federal Contract Tower,0,4,1,0,5,0,5,2,0,7,0,9,3,0,12,0,0,0,12
01/05/2020,LWS,ID,ANM,WE,Federal Contract Tower,0,3,2,0,5,0,0,35,0,35,0,3,37,0,40,74,0,74,114
01/06/2020,LWS,ID,ANM,WE,Federal Contract Tower,0,7,5,0,12,0,0,12,0,12,0,7,17,0,24,0,0,0,24
01/07/2020,LWS,ID,ANM,WE,Federal Contract Tower,2,6,8,0,16,0,3,24,0,27,2,9,32,0,43,16,0,16,59
01/08/2020,LWS,ID,ANM,WE,Federal Contract Tower,0,5,6,0,11,0,2,11,0,13,0,7,17,0,24,8,0,8,32
01/09/2020,LWS,ID,ANM,WE,Federal Contract Tower,0,7,9,0,16,0,0,28,0,28,0,7,37,0,44,18,0,18,62
01/10/2020,LWS,ID,ANM,WE,Federal Contract Tower,0,5,8,0,13,0,1,9,0,10,0,6,17,0,23,0,0,0,23
01/11/2020,LWS,ID,ANM,WE,Federal Contract Tower,0,5,0,0,5,0,0,0,0,0,0,5,0,0,5,0,0,0,5
01/12/2020,LWS,ID,ANM,WE,Federal Contract Tower,0,2,3,0,5,0,0,4,0,4,0,2,7,0,9,28,0,28,37
01/13/2020,LWS,ID,ANM,WE,Federal Contract Tower,0,7,4,0,11,0,0,21,0,21,0,7,25,0,32,0,0,0,32
01/14/2020,LWS,ID,ANM,WE,Federal Contract Tower,0,0,0,0,0,0,0,0,0,0,0,0,0,0,0,0,0,0,0
01/15/2020,LWS,ID,ANM,WE,Federal Contract Tower,0,5,6,0,11,0,3,11,0,14,0,8,17,0,25,10,0,10,35
01/16/2020,LWS,ID,ANM,WE,Federal Contract Tower,0,6,12,0,18,0,3,9,0,12,0,9,21,0,30,0,0,0,30
01/17/2020,LWS,ID,ANM,WE,Federal Contract Tower,0,8,2,0,10,0,4,11,0,15,0,12,13,0,25,16,0,16,41
01/18/2020,LWS,ID,ANM,WE,Federal Contract Tower,0,5,1,0,6,0,1,2,0,3,0,6,3,0,9,0,0,0,9
01/19/2020,LWS,ID,ANM,WE,Federal Contract Tower,0,3,3,0,6,0,3,13,0,16,0,6,16,0,22,6,0,6,28
01/20/2020,LWS,ID,ANM,WE,Federal Contract Tower,0,6,2,0,8,0,2,20,0,22,0,8,22,0,30,8,0,8,38
01/21/2020,LWS,ID,ANM,WE,Federal Contract Tower,0,7,9,0,16,0,7,1,0,8,0,14,10,0,24,0,0,0,24
01/22/2020,LWS,ID,ANM,WE,Federal Contract Tower,0,6,2,0,8,0,2,16,0,18,0,8,18,0,26,24,0,24,50
01/23/2020,LWS,ID,ANM,WE,Federal Contract Tower,0,5,9,0,14,0,0,11,0,11,0,5,20,0,25,4,0,4,29
01/24/2020,LWS,ID,ANM,WE,Federal Contract Tower,0,5,7,0,12,0,6,28,0,34,0,11,35,0,46,44,0,44,90
01/25/2020,LWS,ID,ANM,WE,Federal Contract Tower,0,5,3,0,8,0,0,11,0,11,0,5,14,0,19,48,0,48,67
01/26/2020,LWS,ID,ANM,WE,Federal Contract Tower,0,2,5,0,7,0,0,8,0,8,0,2,13,0,15,22,0,22,37
01/27/2020,LWS,ID,ANM,WE,Federal Contract Tower,0,6,10,0,16,0,5,4,0,9,0,11,14,0,25,8,0,8,33
01/28/2020,LWS,ID,ANM,WE,Federal Contract Tower,0,7,6,0,13,0,0,4,0,4,0,7,10,0,17,40,0,40,57
01/29/2020,LWS,ID,ANM,WE,Federal Contract Tower,0,6,11,0,17,0,0,0,0,0,0,6,11,0,17,0,0,0,17
01/30/2020,LWS,ID,ANM,WE,Federal Contract Tower,0,6,8,0,14,0,0,15,0,15,0,6,23,0,29,0,0,0,29
01/31/2020,LWS,ID,ANM,WE,Federal Contract Tower,0,6,5,0,11,0,2,9,0,11,0,8,14,0,22,4,0,4,26
02/01/2020,LWS,ID,ANM,WE,Federal Contract Tower,0,5,4,0,9,0,3,0,0,3,0,8,4,0,12,0,0,0,12
02/02/2020,LWS,ID,ANM,WE,Federal Contract Tower,0,3,5,0,8,0,5,24,0,29,0,8,29,0,37,24,0,24,61
02/03/2020,LWS,ID,ANM,WE,Federal Contract Tower,0,6,6,0,12,0,2,33,0,35,0,8,39,0,47,36,0,36,83
02/04/2020,LWS,ID,ANM,WE,Federal Contract Tower,0,6,3,0,9,0,2,11,0,13,0,8,14,0,22,22,0,22,44
02/05/2020,LWS,ID,ANM,WE,Federal Contract Tower,0,6,6,0,12,0,0,0,0,0,0,6,6,0,12,0,0,0,12
02/06/2020,LWS,ID,ANM,WE,Federal Contract Tower,0,4,13,0,17,0,0,0,0,0,0,4,13,0,17,0,0,0,17
02/07/2020,LWS,ID,ANM,WE,Federal Contract Tower,0,8,10,0,18,0,0,0,0,0,0,8,10,0,18,0,0,0,18
02/08/2020,LWS,ID,ANM,WE,Federal Contract Tower,0,7,1,0,8,0,6,19,0,25,0,13,20,0,33,28,0,28,61
02/09/2020,LWS,ID,ANM,WE,Federal Contract Tower,0,2,4,0,6,0,1,43,0,44,0,3,47,0,50,40,0,40,90
02/10/2020,LWS,ID,ANM,WE,Federal Contract Tower,0,5,13,0,18,0,8,30,0,38,0,13,43,0,56,22,0,22,78
02/11/2020,LWS,ID,ANM,WE,Federal Contract Tower,0,6,4,0,10,0,0,21,0,21,0,6,25,0,31,16,0,16,47
02/12/2020,LWS,ID,ANM,WE,Federal Contract Tower,0,5,6,0,11,0,4,41,0,45,0,9,47,0,56,54,0,54,110
02/13/2020,LWS,ID,ANM,WE,Federal Contract Tower,2,6,14,0,22,0,3,25,0,28,2,9,39,0,50,10,0,10,60
02/14/2020,LWS,ID,ANM,WE,Federal Contract Tower,0,6,7,0,13,0,2,10,0,12,0,8,17,0,25,8,0,8,33
02/15/2020,LWS,ID,ANM,WE,Federal Contract Tower,0,3,5,0,8,0,0,13,0,13,0,3,18,0,21,36,0,36,57
02/16/2020,LWS,ID,ANM,WE,Federal Contract Tower,2,3,1,0,6,0,3,1,0,4,2,6,2,0,10,0,0,0,10
02/17/2020,LWS,ID,ANM,WE,Federal Contract Tower,0,8,3,0,11,0,3,16,0,19,0,11,19,0,30,22,0,22,52
02/18/2020,LWS,ID,ANM,WE,Federal Contract Tower,0,5,13,0,18,0,12,84,2,98,0,17,97,2,116,30,0,30,146
02/19/2020,LWS,ID,ANM,WE,Federal Contract Tower,0,4,3,0,7,0,3,115,0,118,0,7,118,0,125,66,0,66,191
02/20/2020,LWS,ID,ANM,WE,Federal Contract Tower,0,5,3,0,8,0,4,78,0,82,0,9,81,0,90,44,0,44,134
02/21/2020,LWS,ID,ANM,WE,Federal Contract Tower,0,5,3,0,8,0,1,90,0,91,0,6,93,0,99,72,0,72,171
02/22/2020,LWS,ID,ANM,WE,Federal Contract Tower,0,4,1,0,5,0,4,72,0,76,0,8,73,0,81,74,0,74,155
02/23/2020,LWS,ID,ANM,WE,Federal Contract Tower,0,5,1,0,6,0,1,6,0,7,0,6,7,0,13,0,0,0,13
02/24/2020,LWS,ID,ANM,WE,Federal Contract Tower,0,6,3,0,9,0,7,11,0,18,0,13,14,0,27,0,0,0,27
02/25/2020,LWS,ID,ANM,WE,Federal Contract Tower,0,5,5,0,10,0,1,58,0,59,0,6,63,0,69,78,0,78,147
02/26/2020,LWS,ID,ANM,WE,Federal Contract Tower,0,6,8,0,14,0,6,63,2,71,0,12,71,2,85,50,0,50,135
02/27/2020,LWS,ID,ANM,WE,Federal Contract Tower,0,5,7,0,12,0,6,81,0,87,0,11,88,0,99,64,0,64,163
02/28/2020,LWS,ID,ANM,WE,Federal Contract Tower,0,6,5,0,11,0,5,40,0,45,0,11,45,0,56,44,0,44,100
02/29/2020,LWS,ID,ANM,WE,Federal Contract Tower,0,4,2,0,6,0,1,28,0,29,0,5,30,0,35,16,0,16,51
03/01/2020,LWS,ID,ANM,WE,Federal Contract Tower,0,2,1,0,3,0,2,40,0,42,0,4,41,0,45,22,0,22,67
03/02/2020,LWS,ID,ANM,WE,Federal Contract Tower,0,5,8,0,13,0,2,33,0,35,0,7,41,0,48,38,0,38,86
03/03/2020,LWS,ID,ANM,WE,Federal Contract Tower,0,5,3,0,8,0,0,0,0,0,0,5,3,0,8,164,0,164,172
03/04/2020,LWS,ID,ANM,WE,Federal Contract Tower,0,5,10,0,15,0,1,17,0,18,0,6,27,0,33,44,0,44,77
03/05/2020,LWS,ID,ANM,WE,Federal Contract Tower,0,4,6,1,11,0,3,52,0,55,0,7,58,1,66,64,0,64,130
03/06/2020,LWS,ID,ANM,WE,Federal Contract Tower,0,5,6,1,12,0,4,31,0,35,0,9,37,1,47,42,2,44,91
03/07/2020,LWS,ID,ANM,WE,Federal Contract Tower,0,4,9,0,13,0,2,2,0,4,0,6,11,0,17,0,0,0,17
03/08/2020,LWS,ID,ANM,WE,Federal Contract Tower,0,2,1,0,3,0,3,18,0,21,0,5,19,0,24,26,0,26,50
03/09/2020,LWS,ID,ANM,WE,Federal Contract Tower,0,5,0,0,5,0,4,45,0,49,0,9,45,0,54,0,0,0,54
03/10/2020,LWS,ID,ANM,WE,Federal Contract Tower,0,5,5,0,10,0,6,22,2,30,0,11,27,2,40,10,0,10,50
03/11/2020,LWS,ID,ANM,WE,Federal Contract Tower,0,6,3,0,9,0,5,19,0,24,0,11,22,0,33,0,0,0,33
03/12/2020,LWS,ID,ANM,WE,Federal Contract Tower,2,8,7,0,17,0,5,43,0,48,2,13,50,0,65,110,0,110,175
03/13/2020,LWS,ID,ANM,WE,Federal Contract Tower,0,7,2,0,9,0,1,32,0,33,0,8,34,0,42,34,0,34,76
03/14/2020,LWS,ID,ANM,WE,Federal Contract Tower,0,5,3,0,8,0,0,0,0,0,0,5,3,0,8,0,0,0,8
03/15/2020,LWS,ID,ANM,WE,Federal Contract Tower,2,4,1,0,7,0,0,19,0,19,2,4,20,0,26,48,0,48,74
03/16/2020,LWS,ID,ANM,WE,Federal Contract Tower,0,8,8,0,16,0,8,33,0,41,0,16,41,0,57,66,0,66,123
03/17/2020,LWS,ID,ANM,WE,Federal Contract Tower,0,6,6,0,12,0,5,15,0,20,0,11,21,0,32,16,0,16,48
03/18/2020,LWS,ID,ANM,WE,Federal Contract Tower,0,4,3,0,7,0,1,41,0,42,0,5,44,0,49,74,0,74,123
03/19/2020,LWS,ID,ANM,WE,Federal Contract Tower,0,6,4,0,10,0,3,62,0,65,0,9,66,0,75,92,0,92,167
03/20/2020,LWS,ID,ANM,WE,Federal Contract Tower,0,5,3,0,8,0,1,49,0,50,0,6,52,0,58,58,0,58,116
03/21/2020,LWS,ID,ANM,WE,Federal Contract Tower,0,5,1,0,6,0,3,54,0,57,0,8,55,0,63,26,0,26,89
03/22/2020,LWS,ID,ANM,WE,Federal Contract Tower,0,4,2,0,6,0,0,30,0,30,0,4,32,0,36,52,0,52,88
03/23/2020,LWS,ID,ANM,WE,Federal Contract Tower,0,6,1,0,7,0,6,3,0,9,0,12,4,0,16,0,0,0,16
03/24/2020,LWS,ID,ANM,WE,Federal Contract Tower,0,5,2,0,7,0,2,33,0,35,0,7,35,0,42,33,0,33,75
03/25/2020,LWS,ID,ANM,WE,Federal Contract Tower,0,8,8,0,16,0,0,2,0,2,0,8,10,0,18,2,0,2,20
03/26/2020,LWS,ID,ANM,WE,Federal Contract Tower,0,6,1,0,7,0,0,9,0,9,0,6,10,0,16,0,2,2,18
03/27/2020,LWS,ID,ANM,WE,Federal Contract Tower,0,6,1,0,7,0,0,8,0,8,0,6,9,0,15,20,0,20,35
03/28/2020,LWS,ID,ANM,WE,Federal Contract Tower,0,5,2,0,7,0,2,24,0,26,0,7,26,0,33,44,0,44,77
03/29/2020,LWS,ID,ANM,WE,Federal Contract Tower,0,4,2,0,6,0,4,5,0,9,0,8,7,0,15,4,0,4,19
03/30/2020,LWS,ID,ANM,WE,Federal Contract Tower,0,8,1,0,9,0,0,10,0,10,0,8,11,0,19,6,0,6,25
03/31/2020,LWS,ID,ANM,WE,Federal Contract Tower,0,5,1,0,6,0,5,4,0,9,0,10,5,0,15,0,0,0,15
04/01/2020,LWS,ID,ANM,WE,Federal Contract Tower,0,8,4,0,12,0,17,19,0,36,0,25,23,0,48,16,0,16,64
04/02/2020,LWS,ID,ANM,WE,Federal Contract Tower,0,6,3,0,9,0,1,12,0,13,0,7,15,0,22,16,0,16,38
04/03/2020,LWS,ID,ANM,WE,Federal Contract Tower,0,5,0,0,5,0,3,35,0,38,0,8,35,0,43,28,0,28,71
04/04/2020,LWS,ID,ANM,WE,Federal Contract Tower,0,4,0,0,4,0,2,45,0,47,0,6,45,0,51,16,0,16,67
04/05/2020,LWS,ID,ANM,WE,Federal Contract Tower,0,2,4,0,6,0,0,6,0,6,0,2,10,0,12,26,0,26,38
04/06/2020,LWS,ID,ANM,WE,Federal Contract Tower,0,3,0,0,3,0,3,16,0,19,0,6,16,0,22,4,0,4,26
04/07/2020,LWS,ID,ANM,WE,Federal Contract Tower,0,6,0,0,6,0,0,35,0,35,0,6,35,0,41,52,0,52,93
04/08/2020,LWS,ID,ANM,WE,Federal Contract Tower,0,4,3,0,7,0,4,35,0,39,0,8,38,0,46,2,0,2,48
04/09/2020,LWS,ID,ANM,WE,Federal Contract Tower,0,6,7,0,13,0,0,31,0,31,0,6,38,0,44,8,0,8,52
04/10/2020,LWS,ID,ANM,WE,Federal Contract Tower,0,4,3,0,7,0,4,46,0,50,0,8,49,0,57,20,0,20,77
04/11/2020,LWS,ID,ANM,WE,Federal Contract Tower,0,4,2,0,6,0,5,3,0,8,0,9,5,0,14,10,0,10,24
04/12/2020,LWS,ID,ANM,WE,Federal Contract Tower,0,2,0,0,2,0,0,55,0,55,0,2,55,0,57,10,0,10,67
04/13/2020,LWS,ID,ANM,WE,Federal Contract Tower,0,6,1,0,7,0,5,26,0,31,0,11,27,0,38,8,0,8,46
04/14/2020,LWS,ID,ANM,WE,Federal Contract Tower,0,5,2,0,7,0,4,29,0,33,0,9,31,0,40,18,0,18,58
04/15/2020,LWS,ID,ANM,WE,Federal Contract Tower,0,5,5,0,10,0,0,9,0,9,0,5,14,0,19,18,0,18,37
04/16/2020,LWS,ID,ANM,WE,Federal Contract Tower,0,11,8,0,19,0,4,47,0,51,0,15,55,0,70,22,0,22,92
04/17/2020,LWS,ID,ANM,WE,Federal Contract Tower,0,4,2,0,6,0,2,32,0,34,0,6,34,0,40,4,0,4,44
04/18/2020,LWS,ID,ANM,WE,Federal Contract Tower,0,4,2,0,6,0,0,27,0,27,0,4,29,0,33,22,0,22,55
04/19/2020,LWS,ID,ANM,WE,Federal Contract Tower,0,2,0,0,2,0,1,33,0,34,0,3,33,0,36,16,0,16,52
04/20/2020,LWS,ID,ANM,WE,Federal Contract Tower,0,4,1,0,5,0,0,41,0,41,0,4,42,0,46,10,0,10,56
04/21/2020,LWS,ID,ANM,WE,Federal Contract Tower,0,8,4,0,12,0,5,15,0,20,0,13,19,0,32,0,0,0,32
04/22/2020,LWS,ID,ANM,WE,Federal Contract Tower,0,6,4,0,10,0,0,8,0,8,0,6,12,0,18,20,0,20,38
04/23/2020,LWS,ID,ANM,WE,Federal Contract Tower,0,7,2,0,9,0,1,0,0,1,0,8,2,0,10,0,0,0,10
04/24/2020,LWS,ID,ANM,WE,Federal Contract Tower,0,4,6,0,10,0,1,50,0,51,0,5,56,0,61,10,0,10,71
04/25/2020,LWS,ID,ANM,WE,Federal Contract Tower,0,3,0,0,3,0,4,14,0,18,0,7,14,0,21,0,0,0,21
04/26/2020,LWS,ID,ANM,WE,Federal Contract Tower,0,4,0,0,4,0,2,41,0,43,0,6,41,0,47,60,0,60,107
04/27/2020,LWS,ID,ANM,WE,Federal Contract Tower,0,5,2,0,7,0,0,0,0,0,0,5,2,0,7,4,0,4,11
04/28/2020,LWS,ID,ANM,WE,Federal Contract Tower,0,5,0,0,5,0,3,56,0,59,0,8,56,0,64,88,0,88,152
04/29/2020,LWS,ID,ANM,WE,Federal Contract Tower,0,5,2,0,7,0,3,24,0,27,0,8,26,0,34,16,0,16,50
04/30/2020,LWS,ID,ANM,WE,Federal Contract Tower,0,4,6,0,10,0,2,19,0,21,0,6,25,0,31,48,0,48,79
05/01/2020,LWS,ID,ANM,WE,Federal Contract Tower,0,5,2,0,7,0,1,35,0,36,0,6,37,0,43,54,0,54,97
05/02/2020,LWS,ID,ANM,WE,Federal Contract Tower,0,2,4,0,6,0,1,19,0,20,0,3,23,0,26,14,0,14,40
05/03/2020,LWS,ID,ANM,WE,Federal Contract Tower,0,4,4,0,8,0,2,16,0,18,0,6,20,0,26,8,0,8,34
05/04/2020,LWS,ID,ANM,WE,Federal Contract Tower,0,4,0,0,4,0,5,36,0,41,0,9,36,0,45,42,0,42,87
05/05/2020,LWS,ID,ANM,WE,Federal Contract Tower,0,4,7,1,12,0,7,50,1,58,0,11,57,2,70,50,0,50,120
05/06/2020,LWS,ID,ANM,WE,Federal Contract Tower,0,8,9,0,17,0,1,5,0,6,0,9,14,0,23,4,0,4,27
05/07/2020,LWS,ID,ANM,WE,Federal Contract Tower,0,6,7,0,13,0,9,42,0,51,0,15,49,0,64,68,0,68,132
05/08/2020,LWS,ID,ANM,WE,Federal Contract Tower,0,4,4,0,8,0,1,70,0,71,0,5,74,0,79,70,0,70,149
05/09/2020,LWS,ID,ANM,WE,Federal Contract Tower,0,0,0,0,0,0,6,36,0,42,0,6,36,0,42,32,0,32,74
05/10/2020,LWS,ID,ANM,WE,Federal Contract Tower,0,2,1,0,3,0,3,26,0,29,0,5,27,0,32,24,0,24,56
05/11/2020,LWS,ID,ANM,WE,Federal Contract Tower,0,6,0,0,6,0,3,40,0,43,0,9,40,0,49,28,0,28,77
05/12/2020,LWS,ID,ANM,WE,Federal Contract Tower,0,4,3,0,7,0,3,4,0,7,0,7,7,0,14,16,0,16,30
05/13/2020,LWS,ID,ANM,WE,Federal Contract Tower,0,6,8,0,14,0,1,20,0,21,0,7,28,0,35,10,0,10,45
05/14/2020,LWS,ID,ANM,WE,Federal Contract Tower,0,5,3,0,8,0,1,20,0,21,0,6,23,0,29,66,0,66,95
05/15/2020,LWS,ID,ANM,WE,Federal Contract Tower,0,5,5,0,10,0,1,55,0,56,0,6,60,0,66,16,0,16,82
05/16/2020,LWS,ID,ANM,WE,Federal Contract Tower,0,2,0,0,2,0,6,97,0,103,0,8,97,0,105,18,0,18,123
05/17/2020,LWS,ID,ANM,WE,Federal Contract Tower,0,2,4,0,6,0,2,26,0,28,0,4,30,0,34,10,0,10,44
05/18/2020,LWS,ID,ANM,WE,Federal Contract Tower,0,5,1,0,6,0,5,11,0,16,0,10,12,0,22,22,0,22,44
05/19/2020,LWS,ID,ANM,WE,Federal Contract Tower,0,4,11,0,15,0,2,8,0,10,0,6,19,0,25,14,0,14,39
05/20/2020,LWS,ID,ANM,WE,Federal Contract Tower,0,8,11,0,19,0,0,4,0,4,0,8,15,0,23,0,0,0,23
05/21/2020,LWS,ID,ANM,WE,Federal Contract Tower,0,5,6,0,11,0,7,9,0,16,0,12,15,0,27,6,0,6,33
05/22/2020,LWS,ID,ANM,WE,Federal Contract Tower,0,6,6,0,12,0,0,39,0,39,0,6,45,0,51,12,0,12,63
05/23/2020,LWS,ID,ANM,WE,Federal Contract Tower,0,1,1,0,2,0,1,56,0,57,0,2,57,0,59,64,0,64,123
05/24/2020,LWS,ID,ANM,WE,Federal Contract Tower,0,2,0,0,2,0,2,47,0,49,0,4,47,0,51,10,0,10,61
05/25/2020,LWS,ID,ANM,WE,Federal Contract Tower,0,2,3,0,5,0,5,48,0,53,0,7,51,0,58,14,0,14,72
05/26/2020,LWS,ID,ANM,WE,Federal Contract Tower,0,4,6,0,10,0,2,76,0,78,0,6,82,0,88,2,0,2,90
05/27/2020,LWS,ID,ANM,WE,Federal Contract Tower,0,5,9,2,16,0,3,74,0,77,0,8,83,2,93,6,0,6,99
05/28/2020,LWS,ID,ANM,WE,Federal Contract Tower,0,5,9,0,14,0,1,65,2,68,0,6,74,2,82,18,0,18,100
05/29/2020,LWS,ID,ANM,WE,Federal Contract Tower,0,6,0,0,6,0,0,34,0,34,0,6,34,0,40,30,0,30,70
05/30/2020,LWS,ID,ANM,WE,Federal Contract Tower,0,1,0,0,1,0,1,14,0,15,0,2,14,0,16,22,0,22,38
05/31/2020,LWS,ID,ANM,WE,Federal Contract Tower,0,2,0,0,2,0,2,18,0,20,0,4,18,0,22,28,0,28,50
06/01/2020,LWS,ID,ANM,WE,Federal Contract Tower,0,6,6,0,12,0,4,32,0,36,0,10,38,0,48,18,0,18,66
06/02/2020,LWS,ID,ANM,WE,Federal Contract Tower,0,5,5,0,10,0,2,69,0,71,0,7,74,0,81,18,0,18,99
06/03/2020,LWS,ID,ANM,WE,Federal Contract Tower,0,6,8,0,14,0,2,72,0,74,0,8,80,0,88,48,0,48,136
06/04/2020,LWS,ID,ANM,WE,Federal Contract Tower,0,5,11,0,16,0,4,67,0,71,0,9,78,0,87,16,0,16,103
06/05/2020,LWS,ID,ANM,WE,Federal Contract Tower,0,5,4,0,9,0,0,45,0,45,0,5,49,0,54,34,0,34,88
06/06/2020,LWS,ID,ANM,WE,Federal Contract Tower,0,3,5,0,8,0,6,30,0,36,0,9,35,0,44,66,0,66,110
06/07/2020,LWS,ID,ANM,WE,Federal Contract Tower,0,3,1,2,6,0,2,30,0,32,0,5,31,2,38,22,0,22,60
06/08/2020,LWS,ID,ANM,WE,Federal Contract Tower,0,5,5,0,10,0,3,50,0,53,0,8,55,0,63,0,0,0,63
06/09/2020,LWS,ID,ANM,WE,Federal Contract Tower,2,4,2,0,8,0,2,39,0,41,2,6,41,0,49,16,0,16,65
06/10/2020,LWS,ID,ANM,WE,Federal Contract Tower,0,6,8,0,14,0,7,72,2,81,0,13,80,2,95,14,0,14,109
06/11/2020,LWS,ID,ANM,WE,Federal Contract Tower,0,6,8,0,14,0,5,65,0,70,0,11,73,0,84,6,0,6,90
06/12/2020,LWS,ID,ANM,WE,Federal Contract Tower,2,3,4,0,9,0,3,60,0,63,2,6,64,0,72,20,0,20,92
06/13/2020,LWS,ID,ANM,WE,Federal Contract Tower,0,7,5,2,14,0,0,3,0,3,0,7,8,2,17,0,0,0,17
06/14/2020,LWS,ID,ANM,WE,Federal Contract Tower,0,5,7,0,12,0,0,21,0,21,0,5,28,0,33,10,0,10,43
06/15/2020,LWS,ID,ANM,WE,Federal Contract Tower,2,4,2,0,8,0,0,3,0,3,2,4,5,0,11,0,0,0,11
06/16/2020,LWS,ID,ANM,WE,Federal Contract Tower,0,5,5,0,10,0,3,20,0,23,0,8,25,0,33,18,0,18,51
06/17/2020,LWS,ID,ANM,WE,Federal Contract Tower,0,5,5,0,10,0,2,49,4,55,0,7,54,4,65,30,0,30,95
06/18/2020,LWS,ID,ANM,WE,Federal Contract Tower,0,5,12,0,17,0,4,75,0,79,0,9,87,0,96,38,0,38,134
06/19/2020,LWS,ID,ANM,WE,Federal Contract Tower,0,7,3,0,10,0,1,73,0,74,0,8,76,0,84,36,0,36,120
06/20/2020,LWS,ID,ANM,WE,Federal Contract Tower,0,3,4,0,7,0,5,29,0,34,0,8,33,0,41,30,0,30,71
06/21/2020,LWS,ID,ANM,WE,Federal Contract Tower,2,0,9,0,11,0,5,42,0,47,2,5,51,0,58,54,0,54,112
06/22/2020,LWS,ID,ANM,WE,Federal Contract Tower,0,6,4,0,10,0,5,71,0,76,0,11,75,0,86,30,0,30,116
06/23/2020,LWS,ID,ANM,WE,Federal Contract Tower,0,6,0,0,6,0,9,61,2,72,0,15,61,2,78,18,0,18,96
06/24/2020,LWS,ID,ANM,WE,Federal Contract Tower,0,5,3,0,8,0,5,40,0,45,0,10,43,0,53,0,0,0,53
06/25/2020,LWS,ID,ANM,WE,Federal Contract Tower,0,6,2,0,8,0,10,66,0,76,0,16,68,0,84,8,0,8,92
06/26/2020,LWS,ID,ANM,WE,Federal Contract Tower,2,4,5,0,11,0,2,122,0,124,2,6,127,0,135,98,0,98,233
06/27/2020,LWS,ID,ANM,WE,Federal Contract Tower,0,2,0,0,2,0,6,51,0,57,0,8,51,0,59,26,0,26,85
06/28/2020,LWS,ID,ANM,WE,Federal Contract Tower,0,2,6,0,8,0,0,36,0,36,0,2,42,0,44,42,0,42,86
06/29/2020,LWS,ID,ANM,WE,Federal Contract Tower,0,7,7,0,14,0,0,28,0,28,0,7,35,0,42,10,0,10,52
06/30/2020,LWS,ID,ANM,WE,Federal Contract Tower,0,6,9,0,15,0,6,41,0,47,0,12,50,0,62,72,0,72,134
07/01/2020,LWS,ID,ANM,WE,Federal Contract Tower,2,3,10,0,15,0,5,53,0,58,2,8,63,0,73,14,0,14,87
07/02/2020,LWS,ID,ANM,WE,Federal Contract Tower,3,4,5,0,12,0,6,52,0,58,3,10,57,0,70,52,0,52,122
07/03/2020,LWS,ID,ANM,WE,Federal Contract Tower,0,5,3,0,8,0,4,67,0,71,0,9,70,0,79,120,0,120,199
07/04/2020,LWS,ID,ANM,WE,Federal Contract Tower,0,4,4,0,8,0,1,40,0,41,0,5,44,0,49,16,0,16,65
07/05/2020,LWS,ID,ANM,WE,Federal Contract Tower,2,2,4,0,8,0,0,54,0,54,2,2,58,0,62,56,0,56,118
07/06/2020,LWS,ID,ANM,WE,Federal Contract Tower,0,8,6,0,14,0,7,47,0,54,0,15,53,0,68,56,0,56,124
07/07/2020,LWS,ID,ANM,WE,Federal Contract Tower,0,6,2,0,8,0,3,23,0,26,0,9,25,0,34,0,0,0,34
07/08/2020,LWS,ID,ANM,WE,Federal Contract Tower,0,8,2,0,10,0,6,49,0,55,0,14,51,0,65,60,0,60,125
07/09/2020,LWS,ID,ANM,WE,Federal Contract Tower,2,7,5,0,14,0,4,49,0,53,2,11,54,0,67,48,0,48,115
07/10/2020,LWS,ID,ANM,WE,Federal Contract Tower,0,8,4,0,12,0,3,47,0,50,0,11,51,0,62,70,0,70,132
07/11/2020,LWS,ID,ANM,WE,Federal Contract Tower,0,7,4,0,11,0,5,51,0,56,0,12,55,0,67,48,0,48,115
07/12/2020,LWS,ID,ANM,WE,Federal Contract Tower,0,5,3,0,8,0,2,55,0,57,0,7,58,0,65,58,0,58,123
07/13/2020,LWS,ID,ANM,WE,Federal Contract Tower,0,7,4,2,13,0,2,62,0,64,0,9,66,2,77,12,24,36,113
07/14/2020,LWS,ID,ANM,WE,Federal Contract Tower,0,7,5,0,12,0,2,32,0,34,0,9,37,0,46,24,0,24,70
07/15/2020,LWS,ID,ANM,WE,Federal Contract Tower,0,6,4,0,10,0,9,36,0,45,0,15,40,0,55,46,0,46,101
07/16/2020,LWS,ID,ANM,WE,Federal Contract Tower,0,9,9,0,18,0,8,40,0,48,0,17,49,0,66,18,0,18,84
07/17/2020,LWS,ID,ANM,WE,Federal Contract Tower,1,8,4,0,13,0,6,52,0,58,1,14,56,0,71,64,0,64,135
07/18/2020,LWS,ID,ANM,WE,Federal Contract Tower,3,3,3,0,9,0,4,57,0,61,3,7,60,0,70,58,0,58,128
07/19/2020,LWS,ID,ANM,WE,Federal Contract Tower,0,4,1,0,5,0,5,42,0,47,0,9,43,0,52,64,0,64,116
07/20/2020,LWS,ID,ANM,WE,Federal Contract Tower,0,8,2,0,10,0,2,20,0,22,0,10,22,0,32,10,0,10,42
07/21/2020,LWS,ID,ANM,WE,Federal Contract Tower,0,8,8,0,16,0,1,20,0,21,0,9,28,0,37,6,0,6,43
07/22/2020,LWS,ID,ANM,WE,Federal Contract Tower,0,8,5,4,17,0,6,26,0,32,0,14,31,4,49,20,0,20,69
07/23/2020,LWS,ID,ANM,WE,Federal Contract Tower,0,9,6,0,15,0,9,43,2,54,0,18,49,2,69,14,0,14,83
07/24/2020,LWS,ID,ANM,WE,Federal Contract Tower,0,8,2,0,10,0,3,38,0,41,0,11,40,0,51,0,0,0,51
07/25/2020,LWS,ID,ANM,WE,Federal Contract Tower,0,6,5,0,11,0,5,44,0,49,0,11,49,0,60,8,0,8,68
07/26/2020,LWS,ID,ANM,WE,Federal Contract Tower,0,5,5,0,10,0,3,73,0,76,0,8,78,0,86,64,0,64,150
07/27/2020,LWS,ID,ANM,WE,Federal Contract Tower,0,7,3,0,10,0,7,59,0,66,0,14,62,0,76,78,0,78,154
07/28/2020,LWS,ID,ANM,WE,Federal Contract Tower,1,7,0,0,8,0,1,35,0,36,1,8,35,0,44,34,0,34,78
07/29/2020,LWS,ID,ANM,WE,Federal Contract Tower,0,8,7,0,15,0,7,26,0,33,0,15,33,0,48,24,0,24,72
07/30/2020,LWS,ID,ANM,WE,Federal Contract Tower,2,5,10,8,25,0,8,46,0,54,2,13,56,8,79,44,0,44,123
07/31/2020,LWS,ID,ANM,WE,Federal Contract Tower,0,8,0,0,8,0,2,37,0,39,0,10,37,0,47,12,0,12,59
08/01/2020,LWS,ID,ANM,WE,Federal Contract Tower,0,5,4,0,9,0,4,29,2,35,0,9,33,2,44,28,0,28,72
08/02/2020,LWS,ID,ANM,WE,Federal Contract Tower,0,6,9,0,15,0,5,34,1,40,0,11,43,1,55,30,0,30,85
08/03/2020,LWS,ID,ANM,WE,Federal Contract Tower,0,10,1,0,11,0,3,28,0,31,0,13,29,0,42,22,0,22,64
08/04/2020,LWS,ID,ANM,WE,Federal Contract Tower,0,10,2,0,12,0,0,21,0,21,0,10,23,0,33,16,0,16,49
08/05/2020,LWS,ID,ANM,WE,Federal Contract Tower,0,13,3,0,16,0,4,28,0,32,0,17,31,0,48,26,0,26,74
08/06/2020,LWS,ID,ANM,WE,Federal Contract Tower,1,10,6,0,17,0,2,13,0,15,1,12,19,0,32,12,0,12,44
08/07/2020,LWS,ID,ANM,WE,Federal Contract Tower,1,9,6,0,16,0,7,56,0,63,1,16,62,0,79,10,0,10,89
08/08/2020,LWS,ID,ANM,WE,Federal Contract Tower,0,6,1,0,7,0,4,48,0,52,0,10,49,0,59,28,0,28,87
08/09/2020,LWS,ID,ANM,WE,Federal Contract Tower,0,6,1,0,7,0,2,44,0,46,0,8,45,0,53,16,0,16,69
08/10/2020,LWS,ID,ANM,WE,Federal Contract Tower,0,14,1,0,15,0,3,51,0,54,0,17,52,0,69,0,0,0,69
08/11/2020,LWS,ID,ANM,WE,Federal Contract Tower,0,12,4,0,16,0,3,83,2,88,0,15,87,2,104,2,0,2,106
08/12/2020,LWS,ID,ANM,WE,Federal Contract Tower,0,9,7,0,16,0,7,32,0,39,0,16,39,0,55,6,0,6,61
08/13/2020,LWS,ID,ANM,WE,Federal Contract Tower,0,8,5,0,13,0,7,49,0,56,0,15,54,0,69,72,0,72,141
08/14/2020,LWS,ID,ANM,WE,Federal Contract Tower,0,10,11,0,21,0,3,24,0,27,0,13,35,0,48,8,0,8,56
08/15/2020,LWS,ID,ANM,WE,Federal Contract Tower,0,6,7,0,13,0,12,40,0,52,0,18,47,0,65,16,0,16,81
08/16/2020,LWS,ID,ANM,WE,Federal Contract Tower,0,6,4,2,12,0,4,47,0,51,0,10,51,2,63,48,6,54,117
08/17/2020,LWS,ID,ANM,WE,Federal Contract Tower,0,10,7,0,17,0,5,36,0,41,0,15,43,0,58,0,0,0,58
08/18/2020,LWS,ID,ANM,WE,Federal Contract Tower,0,9,7,2,18,0,7,62,4,73,0,16,69,6,91,16,0,16,107
08/19/2020,LWS,ID,ANM,WE,Federal Contract Tower,0,10,6,0,16,0,0,46,0,46,0,10,52,0,62,10,0,10,72
08/20/2020,LWS,ID,ANM,WE,Federal Contract Tower,0,11,8,0,19,0,4,35,0,39,0,15,43,0,58,54,0,54,112
08/21/2020,LWS,ID,ANM,WE,Federal Contract Tower,0,10,4,0,14,0,4,39,0,43,0,14,43,0,57,22,0,22,79
08/22/2020,LWS,ID,ANM,WE,Federal Contract Tower,0,5,5,1,11,0,4,19,1,24,0,9,24,2,35,0,0,0,35
08/23/2020,LWS,ID,ANM,WE,Federal Contract Tower,0,6,2,0,8,0,5,48,0,53,0,11,50,0,61,68,0,68,129
08/24/2020,LWS,ID,ANM,WE,Federal Contract Tower,0,14,5,0,19,0,5,31,0,36,0,19,36,0,55,6,0,6,61
08/25/2020,LWS,ID,ANM,WE,Federal Contract Tower,0,9,3,0,12,0,2,35,0,37,0,11,38,0,49,36,0,36,85
08/26/2020,LWS,ID,ANM,WE,Federal Contract Tower,0,9,7,0,16,0,1,27,0,28,0,10,34,0,44,0,0,0,44
08/27/2020,LWS,ID,ANM,WE,Federal Contract Tower,0,9,6,0,15,0,2,36,0,38,0,11,42,0,53,36,0,36,89
08/28/2020,LWS,ID,ANM,WE,Federal Contract Tower,0,8,8,0,16,0,7,59,0,66,0,15,67,0,82,24,0,24,106
08/29/2020,LWS,ID,ANM,WE,Federal Contract Tower,0,6,4,0,10,0,0,41,0,41,0,6,45,0,51,32,0,32,83
08/30/2020,LWS,ID,ANM,WE,Federal Contract Tower,0,8,5,0,13,0,1,43,0,44,0,9,48,0,57,22,0,22,79
08/31/2020,LWS,ID,ANM,WE,Federal Contract Tower,0,10,0,4,14,0,5,19,0,24,0,15,19,4,38,28,0,28,66
09/01/2020,LWS,ID,ANM,WE,Federal Contract Tower,0,9,5,0,14,0,9,47,0,56,0,18,52,0,70,32,0,32,102
09/02/2020,LWS,ID,ANM,WE,Federal Contract Tower,0,10,11,0,21,0,6,34,2,42,0,16,45,2,63,10,0,10,73
09/03/2020,LWS,ID,ANM,WE,Federal Contract Tower,0,10,2,0,12,0,2,60,0,62,0,12,62,0,74,38,0,38,112
09/04/2020,LWS,ID,ANM,WE,Federal Contract Tower,0,10,1,0,11,0,5,48,0,53,0,15,49,0,64,60,0,60,124
09/05/2020,LWS,ID,ANM,WE,Federal Contract Tower,0,5,6,0,11,0,11,40,0,51,0,16,46,0,62,26,0,26,88
09/06/2020,LWS,ID,ANM,WE,Federal Contract Tower,0,8,6,0,14,0,5,20,0,25,0,13,26,0,39,30,0,30,69
09/07/2020,LWS,ID,ANM,WE,Federal Contract Tower,0,6,3,0,9,0,0,13,0,13,0,6,16,0,22,0,0,0,22
09/08/2020,LWS,ID,ANM,WE,Federal Contract Tower,0,7,4,0,11,0,1,30,0,31,0,8,34,0,42,24,0,24,66
09/09/2020,LWS,ID,ANM,WE,Federal Contract Tower,1,8,4,0,13,0,4,35,0,39,1,12,39,0,52,30,0,30,82
09/10/2020,LWS,ID,ANM,WE,Federal Contract Tower,1,7,5,0,13,0,7,48,0,55,1,14,53,0,68,62,0,62,130
09/11/2020,LWS,ID,ANM,WE,Federal Contract Tower,0,8,8,0,16,0,3,68,0,71,0,11,76,0,87,74,0,74,161
09/12/2020,LWS,ID,ANM,WE,Federal Contract Tower,0,7,4,0,11,0,0,30,0,30,0,7,34,0,41,48,0,48,89
09/13/2020,LWS,ID,ANM,WE,Federal Contract Tower,2,2,5,0,9,0,0,1,0,1,2,2,6,0,10,0,0,0,10
09/14/2020,LWS,ID,ANM,WE,Federal Contract Tower,0,6,4,2,12,0,0,0,0,0,0,6,4,2,12,0,0,0,12
09/15/2020,LWS,ID,ANM,WE,Federal Contract Tower,0,6,11,0,17,0,0,0,0,0,0,6,11,0,17,0,0,0,17
09/16/2020,LWS,ID,ANM,WE,Federal Contract Tower,0,8,4,0,12,0,0,0,0,0,0,8,4,0,12,0,0,0,12
09/17/2020,LWS,ID,ANM,WE,Federal Contract Tower,1,8,10,0,19,0,0,0,0,0,1,8,10,0,19,0,0,0,19
09/18/2020,LWS,ID,ANM,WE,Federal Contract Tower,2,19,6,0,27,0,0,0,0,0,2,19,6,0,27,0,0,0,27
09/19/2020,LWS,ID,ANM,WE,Federal Contract Tower,0,6,1,0,7,0,1,30,0,31,0,7,31,0,38,22,0,22,60
09/20/2020,LWS,ID,ANM,WE,Federal Contract Tower,0,6,4,0,10,0,5,45,0,50,0,11,49,0,60,50,0,50,110
09/21/2020,LWS,ID,ANM,WE,Federal Contract Tower,0,12,4,0,16,0,4,44,0,48,0,16,48,0,64,40,0,40,104
09/22/2020,LWS,ID,ANM,WE,Federal Contract Tower,0,8,3,2,13,0,9,35,6,50,0,17,38,8,63,18,0,18,81
09/23/2020,LWS,ID,ANM,WE,Federal Contract Tower,0,7,4,4,15,0,5,31,0,36,0,12,35,4,51,38,0,38,89
09/24/2020,LWS,ID,ANM,WE,Federal Contract Tower,1,9,7,0,17,0,3,17,0,20,1,12,24,0,37,0,0,0,37
09/25/2020,LWS,ID,ANM,WE,Federal Contract Tower,2,6,3,0,11,0,4,14,0,18,2,10,17,0,29,6,0,6,35
09/26/2020,LWS,ID,ANM,WE,Federal Contract Tower,1,3,8,0,12,0,8,27,0,35,1,11,35,0,47,22,0,22,69
09/27/2020,LWS,ID,ANM,WE,Federal Contract Tower,0,5,4,0,9,0,3,40,0,43,0,8,44,0,52,84,0,84,136
09/28/2020,LWS,ID,ANM,WE,Federal Contract Tower,0,8,9,0,17,0,5,41,0,46,0,13,50,0,63,14,0,14,77
09/29/2020,LWS,ID,ANM,WE,Federal Contract Tower,0,8,10,0,18,0,3,51,1,55,0,11,61,1,73,12,0,12,85
09/30/2020,LWS,ID,ANM,WE,Federal Contract Tower,1,7,5,0,13,0,7,45,0,52,1,14,50,0,65,12,0,12,77
10/01/2020,LWS,ID,ANM,WE,Federal Contract Tower,1,5,5,0,11,0,3,31,0,34,1,8,36,0,45,62,0,62,107
10/02/2020,LWS,ID,ANM,WE,Federal Contract Tower,0,7,10,0,17,0,5,28,0,33,0,12,38,0,50,0,0,0,50
10/03/2020,LWS,ID,ANM,WE,Federal Contract Tower,0,8,2,0,10,0,2,42,0,44,0,10,44,0,54,20,0,20,74
10/04/2020,LWS,ID,ANM,WE,Federal Contract Tower,0,4,0,0,4,0,4,43,1,48,0,8,43,1,52,54,0,54,106
10/05/2020,LWS,ID,ANM,WE,Federal Contract Tower,2,7,2,0,11,0,4,25,0,29,2,11,27,0,40,54,0,54,94
10/06/2020,LWS,ID,ANM,WE,Federal Contract Tower,3,5,8,0,16,0,5,47,0,52,3,10,55,0,68,2,0,2,70
10/07/2020,LWS,ID,ANM,WE,Federal Contract Tower,4,5,2,0,11,0,5,41,0,46,4,10,43,0,57,4,0,4,61
10/08/2020,LWS,ID,ANM,WE,Federal Contract Tower,3,5,8,0,16,0,7,40,0,47,3,12,48,0,63,42,0,42,105
10/09/2020,LWS,ID,ANM,WE,Federal Contract Tower,0,8,10,0,18,0,5,68,0,73,0,13,78,0,91,32,0,32,123
10/10/2020,LWS,ID,ANM,WE,Federal Contract Tower,0,9,3,0,12,0,4,7,0,11,0,13,10,0,23,36,0,36,59
10/11/2020,LWS,ID,ANM,WE,Federal Contract Tower,3,2,15,0,20,0,1,4,0,5,3,3,19,0,25,24,0,24,49
10/12/2020,LWS,ID,ANM,WE,Federal Contract Tower,1,6,6,0,13,0,2,13,0,15,1,8,19,0,28,0,0,0,28
10/13/2020,LWS,ID,ANM,WE,Federal Contract Tower,0,9,6,0,15,0,0,0,0,0,0,9,6,0,15,0,0,0,15
10/14/2020,LWS,ID,ANM,WE,Federal Contract Tower,0,7,4,0,11,0,3,17,0,20,0,10,21,0,31,0,0,0,31
10/15/2020,LWS,ID,ANM,WE,Federal Contract Tower,0,7,6,0,13,0,4,59,0,63,0,11,65,0,76,44,0,44,120
10/16/2020,LWS,ID,ANM,WE,Federal Contract Tower,1,7,2,0,10,0,4,55,0,59,1,11,57,0,69,52,0,52,121
10/17/2020,LWS,ID,ANM,WE,Federal Contract Tower,2,3,9,0,14,0,5,26,0,31,2,8,35,0,45,18,0,18,63
10/18/2020,LWS,ID,ANM,WE,Federal Contract Tower,1,3,8,0,12,0,3,24,0,27,1,6,32,0,39,46,0,46,85
10/19/2020,LWS,ID,ANM,WE,Federal Contract Tower,1,7,3,0,11,0,4,24,2,30,1,11,27,2,41,28,0,28,69
10/20/2020,LWS,ID,ANM,WE,Federal Contract Tower,3,6,9,0,18,0,8,45,0,53,3,14,54,0,71,24,0,24,95
10/21/2020,LWS,ID,ANM,WE,Federal Contract Tower,0,9,3,0,12,0,0,16,0,16,0,9,19,0,28,16,0,16,44
10/22/2020,LWS,ID,ANM,WE,Federal Contract Tower,1,10,9,0,20,0,2,19,0,21,1,12,28,0,41,12,0,12,53
10/23/2020,LWS,ID,ANM,WE,Federal Contract Tower,3,7,7,0,17,0,0,10,0,10,3,7,17,0,27,14,0,14,41
10/24/2020,LWS,ID,ANM,WE,Federal Contract Tower,0,9,6,0,15,0,0,13,0,13,0,9,19,0,28,6,0,6,34
10/25/2020,LWS,ID,ANM,WE,Federal Contract Tower,0,4,3,0,7,0,2,36,0,38,0,6,39,0,45,0,0,0,45
10/26/2020,LWS,ID,ANM,WE,Federal Contract Tower,0,8,3,0,11,0,4,44,0,48,0,12,47,0,59,40,0,40,99
10/27/2020,LWS,ID,ANM,WE,Federal Contract Tower,0,7,2,0,9,0,7,36,0,43,0,14,38,0,52,38,0,38,90
10/29/2020,LWS,ID,ANM,WE,Federal Contract Tower,0,11,3,2,16,0,7,55,0,62,0,18,58,2,78,12,0,12,90
10/30/2020,LWS,ID,ANM,WE,Federal Contract Tower,0,8,3,0,11,0,6,15,0,21,0,14,18,0,32,42,0,42,74
10/31/2020,LWS,ID,ANM,WE,Federal Contract Tower,0,5,0,0,5,0,6,68,0,74,0,11,68,0,79,52,0,52,131
11/01/2020,LWS,ID,ANM,WE,Federal Contract Tower,0,4,4,0,8,0,4,39,0,43,0,8,43,0,51,108,0,108,159
11/02/2020,LWS,ID,ANM,WE,Federal Contract Tower,0,8,8,0,16,0,2,61,0,63,0,10,69,0,79,34,0,34,113
11/03/2020,LWS,ID,ANM,WE,Federal Contract Tower,0,8,11,0,19,0,6,41,0,47,0,14,52,0,66,44,0,44,110
11/04/2020,LWS,ID,ANM,WE,Federal Contract Tower,0,0,0,0,0,0,4,10,0,14,0,4,10,0,14,4,0,4,18
11/05/2020,LWS,ID,ANM,WE,Federal Contract Tower,0,8,7,0,15,0,5,13,0,18,0,13,20,0,33,24,0,24,57
11/06/2020,LWS,ID,ANM,WE,Federal Contract Tower,0,9,3,0,12,0,2,10,0,12,0,11,13,0,24,28,0,28,52
11/07/2020,LWS,ID,ANM,WE,Federal Contract Tower,0,6,1,0,7,0,1,1,0,2,0,7,2,0,9,18,0,18,27
11/08/2020,LWS,ID,ANM,WE,Federal Contract Tower,2,2,3,0,7,0,0,0,0,0,2,2,3,0,7,0,0,0,7
11/09/2020,LWS,ID,ANM,WE,Federal Contract Tower,0,7,6,0,13,0,3,42,0,45,0,10,48,0,58,42,0,42,100
11/10/2020,LWS,ID,ANM,WE,Federal Contract Tower,0,10,10,0,20,0,0,6,0,6,0,10,16,0,26,0,0,0,26
11/11/2020,LWS,ID,ANM,WE,Federal Contract Tower,0,8,12,0,20,0,2,34,0,36,0,10,46,0,56,56,0,56,112
11/12/2020,LWS,ID,ANM,WE,Federal Contract Tower,0,8,8,1,17,0,10,20,3,33,0,18,28,4,50,26,0,26,76
11/13/2020,LWS,ID,ANM,WE,Federal Contract Tower,0,8,7,0,15,0,2,5,0,7,0,10,12,0,22,16,0,16,38
11/14/2020,LWS,ID,ANM,WE,Federal Contract Tower,0,4,1,0,5,0,2,8,0,10,0,6,9,0,15,22,0,22,37
11/15/2020,LWS,ID,ANM,WE,Federal Contract Tower,0,5,6,0,11,0,0,4,0,4,0,5,10,0,15,30,0,30,45
11/16/2020,LWS,ID,ANM,WE,Federal Contract Tower,0,9,5,0,14,0,2,11,0,13,0,11,16,0,27,16,0,16,43
11/17/2020,LWS,ID,ANM,WE,Federal Contract Tower,1,5,3,0,9,0,3,13,0,16,1,8,16,0,25,16,0,16,41
11/18/2020,LWS,ID,ANM,WE,Federal Contract Tower,1,9,8,0,18,0,0,11,0,11,1,9,19,0,29,0,0,0,29
11/19/2020,LWS,ID,ANM,WE,Federal Contract Tower,0,8,15,0,23,0,0,14,0,14,0,8,29,0,37,18,0,18,55
11/20/2020,LWS,ID,ANM,WE,Federal Contract Tower,5,5,9,0,19,0,2,50,0,52,5,7,59,0,71,16,0,16,87
11/21/2020,LWS,ID,ANM,WE,Federal Contract Tower,6,3,1,0,10,0,3,76,0,79,6,6,77,0,89,94,0,94,183
11/22/2020,LWS,ID,ANM,WE,Federal Contract Tower,6,1,3,0,10,0,3,26,0,29,6,4,29,0,39,40,0,40,79
11/23/2020,LWS,ID,ANM,WE,Federal Contract Tower,6,4,4,0,14,0,0,8,0,8,6,4,12,0,22,38,0,38,60
11/24/2020,LWS,ID,ANM,WE,Federal Contract Tower,6,3,10,0,19,0,3,34,0,37,6,6,44,0,56,54,0,54,110
11/25/2020,LWS,ID,ANM,WE,Federal Contract Tower,6,4,7,0,17,0,0,9,0,9,6,4,16,0,26,6,0,6,32
11/27/2020,LWS,ID,ANM,WE,Federal Contract Tower,7,3,3,0,13,0,2,10,0,12,7,5,13,0,25,58,0,58,83
11/28/2020,LWS,ID,ANM,WE,Federal Contract Tower,6,2,0,0,8,0,2,8,0,10,6,4,8,0,18,8,0,8,26
11/29/2020,LWS,ID,ANM,WE,Federal Contract Tower,6,0,9,0,15,0,5,27,0,32,6,5,36,0,47,58,0,58,105
11/30/2020,LWS,ID,ANM,WE,Federal Contract Tower,6,6,2,0,14,0,7,3,0,10,6,13,5,0,24,0,0,0,24
12/01/2020,LWS,ID,ANM,WE,Federal Contract Tower,5,4,3,4,16,0,10,31,0,41,5,14,34,4,57,96,0,96,153
12/02/2020,LWS,ID,ANM,WE,Federal Contract Tower,0,8,4,0,12,0,5,33,0,38,0,13,37,0,50,82,0,82,132
12/03/2020,LWS,ID,ANM,WE,Federal Contract Tower,0,8,2,0,10,0,2,43,0,45,0,10,45,0,55,62,0,62,117
12/04/2020,LWS,ID,ANM,WE,Federal Contract Tower,0,7,6,0,13,0,0,35,0,35,0,7,41,0,48,38,0,38,86
12/05/2020,LWS,ID,ANM,WE,Federal Contract Tower,0,6,2,0,8,0,0,39,0,39,0,6,41,0,47,54,0,54,101
12/06/2020,LWS,ID,ANM,WE,Federal Contract Tower,0,4,6,0,10,0,0,39,0,39,0,4,45,0,49,18,0,18,67
12/07/2020,LWS,ID,ANM,WE,Federal Contract Tower,0,8,4,0,12,0,6,54,0,60,0,14,58,0,72,28,0,28,100
12/08/2020,LWS,ID,ANM,WE,Federal Contract Tower,0,6,9,0,15,0,4,49,0,53,0,10,58,0,68,188,0,188,256
12/09/2020,LWS,ID,ANM,WE,Federal Contract Tower,0,8,12,0,20,0,8,26,0,34,0,16,38,0,54,126,0,126,180
12/10/2020,LWS,ID,ANM,WE,Federal Contract Tower,0,8,9,0,17,0,1,14,0,15,0,9,23,0,32,0,0,0,32
12/11/2020,LWS,ID,ANM,WE,Federal Contract Tower,0,8,7,0,15,0,0,2,0,2,0,8,9,0,17,0,0,0,17
12/12/2020,LWS,ID,ANM,WE,Federal Contract Tower,0,9,8,0,17,0,0,16,0,16,0,9,24,0,33,68,0,68,101
12/13/2020,LWS,ID,ANM,WE,Federal Contract Tower,0,10,9,0,19,0,0,1,0,1,0,10,10,0,20,0,0,0,20
12/14/2020,LWS,ID,ANM,WE,Federal Contract Tower,1,8,5,0,14,0,0,0,0,0,1,8,5,0,14,0,0,0,14
12/15/2020,LWS,ID,ANM,WE,Federal Contract Tower,1,9,10,0,20,0,0,0,0,0,1,9,10,0,20,14,0,14,34
12/16/2020,LWS,ID,ANM,WE,Federal Contract Tower,0,11,4,0,15,0,2,30,0,32,0,13,34,0,47,44,0,44,91
12/17/2020,LWS,ID,ANM,WE,Federal Contract Tower,0,10,15,0,25,0,2,16,0,18,0,12,31,0,43,50,0,50,93
12/18/2020,LWS,ID,ANM,WE,Federal Contract Tower,0,10,5,0,15,0,4,17,0,21,0,14,22,0,36,26,0,26,62
12/19/2020,LWS,ID,ANM,WE,Federal Contract Tower,0,10,3,0,13,0,8,22,0,30,0,18,25,0,43,74,0,74,117
12/20/2020,LWS,ID,ANM,WE,Federal Contract Tower,0,6,1,0,7,0,2,0,0,2,0,8,1,0,9,0,0,0,9
12/21/2020,LWS,ID,ANM,WE,Federal Contract Tower,0,9,4,0,13,0,3,32,0,35,0,12,36,0,48,66,0,66,114
12/22/2020,LWS,ID,ANM,WE,Federal Contract Tower,0,11,8,1,20,0,4,6,5,15,0,15,14,6,35,0,0,0,35
12/23/2020,LWS,ID,ANM,WE,Federal Contract Tower,0,8,3,0,11,0,2,50,0,52,0,10,53,0,63,34,0,34,97
12/24/2020,LWS,ID,ANM,WE,Federal Contract Tower,0,7,0,0,7,0,5,32,0,37,0,12,32,0,44,36,0,36,80
12/25/2020,LWS,ID,ANM,WE,Federal Contract Tower,0,3,0,0,3,0,5,5,0,10,0,8,5,0,13,0,0,0,13
12/26/2020,LWS,ID,ANM,WE,Federal Contract Tower,0,8,2,0,10,0,0,4,0,4,0,8,6,0,14,20,0,20,34
12/27/2020,LWS,ID,ANM,WE,Federal Contract Tower,0,5,3,0,8,0,0,0,0,0,0,5,3,0,8,0,0,0,8
12/28/2020,LWS,ID,ANM,WE,Federal Contract Tower,0,15,1,0,16,0,0,0,0,0,0,15,1,0,16,0,0,0,16
12/29/2020,LWS,ID,ANM,WE,Federal Contract Tower,0,10,9,0,19,0,2,7,0,9,0,12,16,0,28,48,0,48,76
12/30/2020,LWS,ID,ANM,WE,Federal Contract Tower,0,10,3,0,13,0,0,2,0,2,0,10,5,0,15,0,0,0,15
12/31/2020,LWS,ID,ANM,WE,Federal Contract Tower,0,8,5,0,13,0,0,4,0,4,0,8,9,0,17,24,0,24,41
01/01/2021,LWS,ID,ANM,WE,Federal Contract Tower,0,2,4,0,6,0,5,29,0,34,0,7,33,0,40,6,0,6,46
01/02/2021,LWS,ID,ANM,WE,Federal Contract Tower,0,8,2,0,10,0,4,10,0,14,0,12,12,0,24,4,0,4,28
01/03/2021,LWS,ID,ANM,WE,Federal Contract Tower,0,6,11,0,17,0,6,26,0,32,0,12,37,0,49,14,0,14,63
01/04/2021,LWS,ID,ANM,WE,Federal Contract Tower,0,8,2,0,10,0,0,20,0,20,0,8,22,0,30,30,0,30,60
01/05/2021,LWS,ID,ANM,WE,Federal Contract Tower,0,7,5,0,12,0,6,35,2,43,0,13,40,2,55,48,0,48,103
01/06/2021,LWS,ID,ANM,WE,Federal Contract Tower,0,8,11,0,19,0,1,23,0,24,0,9,34,0,43,24,0,24,67
01/07/2021,LWS,ID,ANM,WE,Federal Contract Tower,1,8,11,0,20,0,0,1,0,1,1,8,12,0,21,0,0,0,21
01/08/2021,LWS,ID,ANM,WE,Federal Contract Tower,0,10,3,0,13,0,2,23,0,25,0,12,26,0,38,68,0,68,106
01/09/2021,LWS,ID,ANM,WE,Federal Contract Tower,0,3,2,0,5,0,0,15,0,15,0,3,17,0,20,78,0,78,98
01/10/2021,LWS,ID,ANM,WE,Federal Contract Tower,0,5,4,0,9,0,2,29,0,31,0,7,33,0,40,36,0,36,76
01/11/2021,LWS,ID,ANM,WE,Federal Contract Tower,0,11,3,2,16,0,2,31,0,33,0,13,34,2,49,40,0,40,89
01/12/2021,LWS,ID,ANM,WE,Federal Contract Tower,0,7,5,0,12,0,2,1,0,3,0,9,6,0,15,4,0,4,19
01/13/2021,LWS,ID,ANM,WE,Federal Contract Tower,0,4,4,0,8,0,3,0,0,3,0,7,4,0,11,0,0,0,11
01/14/2021,LWS,ID,ANM,WE,Federal Contract Tower,0,8,8,0,16,0,7,48,0,55,0,15,56,0,71,24,0,24,95
01/15/2021,LWS,ID,ANM,WE,Federal Contract Tower,0,8,7,0,15,0,1,6,0,7,0,9,13,0,22,0,0,0,22
01/16/2021,LWS,ID,ANM,WE,Federal Contract Tower,0,5,2,0,7,0,0,0,0,0,0,5,2,0,7,0,0,0,7
01/17/2021,LWS,ID,ANM,WE,Federal Contract Tower,0,3,4,0,7,0,0,13,0,13,0,3,17,0,20,48,0,48,68
01/18/2021,LWS,ID,ANM,WE,Federal Contract Tower,0,9,3,0,12,0,0,21,0,21,0,9,24,0,33,64,0,64,97
01/19/2021,LWS,ID,ANM,WE,Federal Contract Tower,0,8,10,0,18,0,5,19,0,24,0,13,29,0,42,52,0,52,94
01/20/2021,LWS,ID,ANM,WE,Federal Contract Tower,0,7,8,0,15,0,2,44,6,52,0,9,52,6,67,68,0,68,135
01/21/2021,LWS,ID,ANM,WE,Federal Contract Tower,0,9,7,0,16,0,0,5,0,5,0,9,12,0,21,14,0,14,35
01/22/2021,LWS,ID,ANM,WE,Federal Contract Tower,0,11,12,0,23,0,6,7,0,13,0,17,19,0,36,18,0,18,54
01/23/2021,LWS,ID,ANM,WE,Federal Contract Tower,0,3,5,0,8,0,4,50,0,54,0,7,55,0,62,54,0,54,116
01/24/2021,LWS,ID,ANM,WE,Federal Contract Tower,0,5,1,0,6,0,2,46,0,48,0,7,47,0,54,130,0,130,184
01/25/2021,LWS,ID,ANM,WE,Federal Contract Tower,0,9,11,0,20,0,0,2,0,2,0,9,13,0,22,0,0,0,22
01/26/2021,LWS,ID,ANM,WE,Federal Contract Tower,1,8,12,0,21,0,0,10,2,12,1,8,22,2,33,20,0,20,53
01/27/2021,LWS,ID,ANM,WE,Federal Contract Tower,1,5,9,0,15,0,3,15,0,18,1,8,24,0,33,54,0,54,87
01/28/2021,LWS,ID,ANM,WE,Federal Contract Tower,0,8,3,0,11,0,7,32,0,39,0,15,35,0,50,96,0,96,146
01/29/2021,LWS,ID,ANM,WE,Federal Contract Tower,1,8,6,0,15,0,0,9,0,9,1,8,15,0,24,16,0,16,40
01/30/2021,LWS,ID,ANM,WE,Federal Contract Tower,0,3,0,0,3,0,5,50,0,55,0,8,50,0,58,90,0,90,148
01/31/2021,LWS,ID,ANM,WE,Federal Contract Tower,0,4,1,0,5,0,2,48,0,50,0,6,49,0,55,34,0,34,89
02/01/2021,LWS,ID,ANM,WE,Federal Contract Tower,0,9,4,0,13,0,6,36,0,42,0,15,40,0,55,28,0,28,83
02/02/2021,LWS,ID,ANM,WE,Federal Contract Tower,0,7,3,0,10,0,5,23,0,28,0,12,26,0,38,4,0,4,42
02/03/2021,LWS,ID,ANM,WE,Federal Contract Tower,0,7,9,0,16,0,0,2,0,2,0,7,11,0,18,0,0,0,18
02/04/2021,LWS,ID,ANM,WE,Federal Contract Tower,0,8,11,0,19,0,1,23,0,24,0,9,34,0,43,36,0,36,79
02/05/2021,LWS,ID,ANM,WE,Federal Contract Tower,0,8,3,0,11,0,3,9,0,12,0,11,12,0,23,0,0,0,23
02/06/2021,LWS,ID,ANM,WE,Federal Contract Tower,0,3,2,0,5,0,2,16,0,18,0,5,18,0,23,56,0,56,79
02/07/2021,LWS,ID,ANM,WE,Federal Contract Tower,0,3,5,0,8,0,0,19,0,19,0,3,24,0,27,0,0,0,27
02/08/2021,LWS,ID,ANM,WE,Federal Contract Tower,0,11,6,0,17,0,0,11,0,11,0,11,17,0,28,12,0,12,40
02/09/2021,LWS,ID,ANM,WE,Federal Contract Tower,0,7,4,0,11,0,0,10,0,10,0,7,14,0,21,40,0,40,61
02/10/2021,LWS,ID,ANM,WE,Federal Contract Tower,0,7,11,0,18,0,0,32,0,32,0,7,43,0,50,62,0,62,112
02/11/2021,LWS,ID,ANM,WE,Federal Contract Tower,0,7,6,0,13,0,2,25,0,27,0,9,31,0,40,20,0,20,60
02/12/2021,LWS,ID,ANM,WE,Federal Contract Tower,0,9,4,0,13,0,0,0,0,0,0,9,4,0,13,0,0,0,13
02/13/2021,LWS,ID,ANM,WE,Federal Contract Tower,1,8,3,0,12,0,0,0,0,0,1,8,3,0,12,0,0,0,12
02/14/2021,LWS,ID,ANM,WE,Federal Contract Tower,0,3,6,0,9,0,0,0,0,0,0,3,6,0,9,0,0,0,9
02/15/2021,LWS,ID,ANM,WE,Federal Contract Tower,0,9,3,0,12,0,0,0,0,0,0,9,3,0,12,0,0,0,12
02/16/2021,LWS,ID,ANM,WE,Federal Contract Tower,0,7,5,0,12,0,0,0,0,0,0,7,5,0,12,0,0,0,12
02/17/2021,LWS,ID,ANM,WE,Federal Contract Tower,0,7,12,0,19,0,4,10,0,14,0,11,22,0,33,36,0,36,69
02/18/2021,LWS,ID,ANM,WE,Federal Contract Tower,0,10,5,0,15,0,5,18,0,23,0,15,23,0,38,42,0,42,80
02/19/2021,LWS,ID,ANM,WE,Federal Contract Tower,0,9,14,0,23,0,0,1,0,1,0,9,15,0,24,0,0,0,24
02/20/2021,LWS,ID,ANM,WE,Federal Contract Tower,0,5,1,0,6,0,0,20,0,20,0,5,21,0,26,42,0,42,68
02/21/2021,LWS,ID,ANM,WE,Federal Contract Tower,0,5,2,0,7,0,2,2,0,4,0,7,4,0,11,18,0,18,29
02/22/2021,LWS,ID,ANM,WE,Federal Contract Tower,0,8,6,0,14,0,0,1,0,1,0,8,7,0,15,0,0,0,15
02/23/2021,LWS,ID,ANM,WE,Federal Contract Tower,0,8,2,0,10,0,0,19,0,19,0,8,21,0,29,20,0,20,49
02/24/2021,LWS,ID,ANM,WE,Federal Contract Tower,0,10,9,0,19,0,2,30,0,32,0,12,39,0,51,32,0,32,83
02/25/2021,LWS,ID,ANM,WE,Federal Contract Tower,0,9,13,0,22,0,2,0,0,2,0,11,13,0,24,0,0,0,24
02/26/2021,LWS,ID,ANM,WE,Federal Contract Tower,0,9,2,0,11,0,0,0,0,0,0,9,2,0,11,0,0,0,11
02/27/2021,LWS,ID,ANM,WE,Federal Contract Tower,0,3,4,0,7,0,0,15,0,15,0,3,19,0,22,42,0,42,64
02/28/2021,LWS,ID,ANM,WE,Federal Contract Tower,0,5,3,0,8,0,0,12,0,12,0,5,15,0,20,36,0,36,56
03/01/2021,LWS,ID,ANM,WE,Federal Contract Tower,0,8,6,0,14,0,4,20,0,24,0,12,26,0,38,46,0,46,84
03/03/2021,LWS,ID,ANM,WE,Federal Contract Tower,0,5,3,0,8,0,6,50,0,56,0,11,53,0,64,124,0,124,188
03/04/2021,LWS,ID,ANM,WE,Federal Contract Tower,0,8,12,0,20,0,3,86,0,89,0,11,98,0,109,74,0,74,183
03/05/2021,LWS,ID,ANM,WE,Federal Contract Tower,0,8,2,0,10,0,9,79,0,88,0,17,81,0,98,46,0,46,144
03/06/2021,LWS,ID,ANM,WE,Federal Contract Tower,0,3,2,0,5,0,0,13,0,13,0,3,15,0,18,60,0,60,78
03/07/2021,LWS,ID,ANM,WE,Federal Contract Tower,0,5,2,0,7,0,7,32,0,39,0,12,34,0,46,36,0,36,82
03/08/2021,LWS,ID,ANM,WE,Federal Contract Tower,0,9,5,0,14,0,8,25,0,33,0,17,30,0,47,46,0,46,93
03/09/2021,LWS,ID,ANM,WE,Federal Contract Tower,0,8,3,0,11,0,2,73,0,75,0,10,76,0,86,70,0,70,156
03/10/2021,LWS,ID,ANM,WE,Federal Contract Tower,0,8,4,0,12,0,6,58,0,64,0,14,62,0,76,70,0,70,146
03/11/2021,LWS,ID,ANM,WE,Federal Contract Tower,0,9,8,0,17,0,5,78,0,83,0,14,86,0,100,54,0,54,154
03/12/2021,LWS,ID,ANM,WE,Federal Contract Tower,0,13,6,0,19,0,3,64,0,67,0,16,70,0,86,64,0,64,150
03/13/2021,LWS,ID,ANM,WE,Federal Contract Tower,0,3,5,0,8,0,0,75,0,75,0,3,80,0,83,72,0,72,155
03/14/2021,LWS,ID,ANM,WE,Federal Contract Tower,0,8,5,0,13,0,4,64,0,68,0,12,69,0,81,30,0,30,111
03/15/2021,LWS,ID,ANM,WE,Federal Contract Tower,0,10,10,0,20,0,3,72,0,75,0,13,82,0,95,104,0,104,199
03/16/2021,LWS,ID,ANM,WE,Federal Contract Tower,0,6,11,0,17,0,6,89,2,97,0,12,100,2,114,50,0,50,164
03/17/2021,LWS,ID,ANM,WE,Federal Contract Tower,0,6,14,0,20,0,3,81,2,86,0,9,95,2,106,94,2,96,202
03/18/2021,LWS,ID,ANM,WE,Federal Contract Tower,0,8,7,2,17,0,1,62,0,63,0,9,69,2,80,86,0,86,166
03/19/2021,LWS,ID,ANM,WE,Federal Contract Tower,0,9,6,0,15,0,2,30,0,32,0,11,36,0,47,54,0,54,101
03/20/2021,LWS,ID,ANM,WE,Federal Contract Tower,0,3,4,0,7,0,2,13,0,15,0,5,17,0,22,44,0,44,66
03/21/2021,LWS,ID,ANM,WE,Federal Contract Tower,0,5,4,0,9,0,4,39,0,43,0,9,43,0,52,68,0,68,120
03/22/2021,LWS,ID,ANM,WE,Federal Contract Tower,0,9,1,2,12,0,2,19,2,23,0,11,20,4,35,48,24,72,107
03/23/2021,LWS,ID,ANM,WE,Federal Contract Tower,0,6,11,0,17,0,7,76,0,83,0,13,87,0,100,60,0,60,160
03/24/2021,LWS,ID,ANM,WE,Federal Contract Tower,1,6,8,0,15,0,0,13,0,13,1,6,21,0,28,76,0,76,104
03/25/2021,LWS,ID,ANM,WE,Federal Contract Tower,0,9,6,0,15,0,1,10,0,11,0,10,16,0,26,58,0,58,84
03/26/2021,LWS,ID,ANM,WE,Federal Contract Tower,1,7,3,0,11,0,3,82,0,85,1,10,85,0,96,90,0,90,186
03/27/2021,LWS,ID,ANM,WE,Federal Contract Tower,3,1,8,0,12,0,5,95,0,100,3,6,103,0,112,88,0,88,200
03/28/2021,LWS,ID,ANM,WE,Federal Contract Tower,3,2,5,0,10,0,0,13,0,13,3,2,18,0,23,12,0,12,35
03/29/2021,LWS,ID,ANM,WE,Federal Contract Tower,0,7,11,0,18,0,9,8,0,17,0,16,19,0,35,0,0,0,35
03/30/2021,LWS,ID,ANM,WE,Federal Contract Tower,0,6,5,0,11,0,4,44,0,48,0,10,49,0,59,38,0,38,97
03/31/2021,LWS,ID,ANM,WE,Federal Contract Tower,0,6,8,0,14,0,5,51,0,56,0,11,59,0,70,34,0,34,104
04/01/2021,LWS,ID,ANM,WE,Federal Contract Tower,0,8,17,0,25,0,7,41,0,48,0,15,58,0,73,42,0,42,115
04/02/2021,LWS,ID,ANM,WE,Federal Contract Tower,0,8,6,0,14,0,7,50,0,57,0,15,56,0,71,100,0,100,171
04/03/2021,LWS,ID,ANM,WE,Federal Contract Tower,0,3,6,0,9,0,5,49,0,54,0,8,55,0,63,62,0,62,125
04/04/2021,LWS,ID,ANM,WE,Federal Contract Tower,0,5,0,0,5,0,0,15,0,15,0,5,15,0,20,16,0,16,36
04/05/2021,LWS,ID,ANM,WE,Federal Contract Tower,0,9,5,0,14,0,4,32,2,38,0,13,37,2,52,22,18,40,92
04/06/2021,LWS,ID,ANM,WE,Federal Contract Tower,0,6,9,0,15,0,3,79,0,82,0,9,88,0,97,34,0,34,131
04/07/2021,LWS,ID,ANM,WE,Federal Contract Tower,0,6,10,0,16,0,5,48,0,53,0,11,58,0,69,6,0,6,75
04/08/2021,LWS,ID,ANM,WE,Federal Contract Tower,0,9,5,0,14,0,0,3,0,3,0,9,8,0,17,0,0,0,17
04/09/2021,LWS,ID,ANM,WE,Federal Contract Tower,0,8,3,0,11,0,5,41,0,46,0,13,44,0,57,14,0,14,71
04/10/2021,LWS,ID,ANM,WE,Federal Contract Tower,0,7,0,0,7,0,3,5,0,8,0,10,5,0,15,0,0,0,15
04/11/2021,LWS,ID,ANM,WE,Federal Contract Tower,0,5,5,0,10,0,6,43,0,49,0,11,48,0,59,48,0,48,107
04/12/2021,LWS,ID,ANM,WE,Federal Contract Tower,0,8,4,0,12,0,4,43,0,47,0,12,47,0,59,26,0,26,85
04/13/2021,LWS,ID,ANM,WE,Federal Contract Tower,0,6,2,0,8,0,2,4,0,6,0,8,6,0,14,0,0,0,14
04/14/2021,LWS,ID,ANM,WE,Federal Contract Tower,0,5,4,0,9,0,4,30,2,36,0,9,34,2,45,32,0,32,77
04/16/2021,LWS,ID,ANM,WE,Federal Contract Tower,0,10,7,0,17,0,2,64,0,66,0,12,71,0,83,94,0,94,177
04/17/2021,LWS,ID,ANM,WE,Federal Contract Tower,0,3,1,0,4,0,6,104,0,110,0,9,105,0,114,96,0,96,210
04/18/2021,LWS,ID,ANM,WE,Federal Contract Tower,0,5,4,0,9,0,5,33,0,38,0,10,37,0,47,50,0,50,97
04/19/2021,LWS,ID,ANM,WE,Federal Contract Tower,0,9,2,0,11,0,0,46,0,46,0,9,48,0,57,44,0,44,101
04/20/2021,LWS,ID,ANM,WE,Federal Contract Tower,0,7,9,2,18,0,1,60,0,61,0,8,69,2,79,104,0,104,183
04/21/2021,LWS,ID,ANM,WE,Federal Contract Tower,0,6,12,0,18,0,9,51,0,60,0,15,63,0,78,96,0,96,174
04/22/2021,LWS,ID,ANM,WE,Federal Contract Tower,0,11,9,0,20,0,0,27,4,31,0,11,36,4,51,30,0,30,81
04/23/2021,LWS,ID,ANM,WE,Federal Contract Tower,0,9,3,0,12,0,2,41,0,43,0,11,44,0,55,24,0,24,79
04/24/2021,LWS,ID,ANM,WE,Federal Contract Tower,1,5,4,1,11,0,0,7,0,7,1,5,11,1,18,20,0,20,38
04/25/2021,LWS,ID,ANM,WE,Federal Contract Tower,0,7,3,0,10,0,0,11,0,11,0,7,14,0,21,40,0,40,61
04/26/2021,LWS,ID,ANM,WE,Federal Contract Tower,0,11,4,0,15,0,4,24,0,28,0,15,28,0,43,66,0,66,109
04/27/2021,LWS,ID,ANM,WE,Federal Contract Tower,0,6,10,0,16,0,7,58,0,65,0,13,68,0,81,118,0,118,199
04/28/2021,LWS,ID,ANM,WE,Federal Contract Tower,0,6,12,0,18,0,9,28,0,37,0,15,40,0,55,84,0,84,139
04/29/2021,LWS,ID,ANM,WE,Federal Contract Tower,0,8,3,0,11,0,8,60,0,68,0,16,63,0,79,110,0,110,189
04/30/2021,LWS,ID,ANM,WE,Federal Contract Tower,0,9,2,0,11,0,2,35,0,37,0,11,37,0,48,138,0,138,186
05/01/2021,LWS,ID,ANM,WE,Federal Contract Tower,0,3,9,0,12,0,3,24,0,27,0,6,33,0,39,22,0,22,61
05/02/2021,LWS,ID,ANM,WE,Federal Contract Tower,0,5,2,0,7,0,2,42,0,44,0,7,44,0,51,24,0,24,75
05/03/2021,LWS,ID,ANM,WE,Federal Contract Tower,0,10,0,0,10,0,8,68,0,76,0,18,68,0,86,72,0,72,158
05/04/2021,LWS,ID,ANM,WE,Federal Contract Tower,0,8,4,0,12,0,25,30,0,55,0,33,34,0,67,72,0,72,139
05/05/2021,LWS,ID,ANM,WE,Federal Contract Tower,0,8,9,0,17,0,7,54,0,61,0,15,63,0,78,26,0,26,104
05/06/2021,LWS,ID,ANM,WE,Federal Contract Tower,0,10,3,0,13,0,6,31,0,37,0,16,34,0,50,22,0,22,72
05/07/2021,LWS,ID,ANM,WE,Federal Contract Tower,0,11,6,0,17,0,9,19,0,28,0,20,25,0,45,20,0,20,65
05/08/2021,LWS,ID,ANM,WE,Federal Contract Tower,0,3,4,0,7,0,3,36,0,39,0,6,40,0,46,32,0,32,78
05/09/2021,LWS,ID,ANM,WE,Federal Contract Tower,0,5,3,0,8,0,3,32,0,35,0,8,35,0,43,40,0,40,83
05/10/2021,LWS,ID,ANM,WE,Federal Contract Tower,0,7,2,0,9,0,10,46,0,56,0,17,48,0,65,66,0,66,131
05/11/2021,LWS,ID,ANM,WE,Federal Contract Tower,0,8,3,0,11,0,9,41,0,50,0,17,44,0,61,70,0,70,131
05/12/2021,LWS,ID,ANM,WE,Federal Contract Tower,0,7,6,0,13,0,7,68,4,79,0,14,74,4,92,52,0,52,144
05/13/2021,LWS,ID,ANM,WE,Federal Contract Tower,0,9,5,0,14,0,12,57,0,69,0,21,62,0,83,78,0,78,161
05/14/2021,LWS,ID,ANM,WE,Federal Contract Tower,0,7,3,0,10,0,5,103,0,108,0,12,106,0,118,62,0,62,180
05/15/2021,LWS,ID,ANM,WE,Federal Contract Tower,0,3,4,0,7,0,6,101,0,107,0,9,105,0,114,34,0,34,148
05/16/2021,LWS,ID,ANM,WE,Federal Contract Tower,0,5,2,0,7,0,0,56,0,56,0,5,58,0,63,42,0,42,105
05/17/2021,LWS,ID,ANM,WE,Federal Contract Tower,0,9,4,0,13,0,9,55,0,64,0,18,59,0,77,38,0,38,115
05/18/2021,LWS,ID,ANM,WE,Federal Contract Tower,0,8,9,0,17,0,3,23,0,26,0,11,32,0,43,14,0,14,57
05/19/2021,LWS,ID,ANM,WE,Federal Contract Tower,0,7,11,0,18,0,7,41,0,48,0,14,52,0,66,20,0,20,86
05/20/2021,LWS,ID,ANM,WE,Federal Contract Tower,0,11,8,0,19,0,0,6,0,6,0,11,14,0,25,20,0,20,45
05/21/2021,LWS,ID,ANM,WE,Federal Contract Tower,0,9,12,0,21,0,3,35,0,38,0,12,47,0,59,78,0,78,137
05/22/2021,LWS,ID,ANM,WE,Federal Contract Tower,0,3,3,0,6,0,2,17,0,19,0,5,20,0,25,38,0,38,63
05/23/2021,LWS,ID,ANM,WE,Federal Contract Tower,0,5,1,0,6,0,1,24,0,25,0,6,25,0,31,48,0,48,79
05/24/2021,LWS,ID,ANM,WE,Federal Contract Tower,0,9,9,1,19,0,2,36,3,41,0,11,45,4,60,20,0,20,80
05/25/2021,LWS,ID,ANM,WE,Federal Contract Tower,0,7,9,0,16,0,2,37,3,42,0,9,46,3,58,42,0,42,100
05/26/2021,LWS,ID,ANM,WE,Federal Contract Tower,0,7,10,0,17,0,4,72,1,77,0,11,82,1,94,74,0,74,168
05/27/2021,LWS,ID,ANM,WE,Federal Contract Tower,0,10,10,0,20,0,7,48,0,55,0,17,58,0,75,88,0,88,163
05/28/2021,LWS,ID,ANM,WE,Federal Contract Tower,0,9,8,0,17,0,4,75,0,79,0,13,83,0,96,84,0,84,180
05/29/2021,LWS,ID,ANM,WE,Federal Contract Tower,0,5,4,0,9,0,7,101,0,108,0,12,105,0,117,84,0,84,201
05/30/2021,LWS,ID,ANM,WE,Federal Contract Tower,0,4,1,0,5,0,3,94,0,97,0,7,95,0,102,74,0,74,176
05/31/2021,LWS,ID,ANM,WE,Federal Contract Tower,0,6,4,0,10,0,6,73,0,79,0,12,77,0,89,40,0,40,129
06/01/2021,LWS,ID,ANM,WE,Federal Contract Tower,0,7,11,0,18,0,4,68,0,72,0,11,79,0,90,4,0,4,94
06/02/2021,LWS,ID,ANM,WE,Federal Contract Tower,0,6,4,0,10,0,8,53,0,61,0,14,57,0,71,36,0,36,107
06/03/2021,LWS,ID,ANM,WE,Federal Contract Tower,0,8,8,0,16,0,6,49,1,56,0,14,57,1,72,30,12,42,114
06/04/2021,LWS,ID,ANM,WE,Federal Contract Tower,0,13,3,0,16,0,8,59,0,67,0,21,62,0,83,24,0,24,107
06/05/2021,LWS,ID,ANM,WE,Federal Contract Tower,0,5,3,0,8,0,8,31,0,39,0,13,34,0,47,28,0,28,75
06/06/2021,LWS,ID,ANM,WE,Federal Contract Tower,0,5,2,0,7,0,9,63,0,72,0,14,65,0,79,60,0,60,139
06/07/2021,LWS,ID,ANM,WE,Federal Contract Tower,0,8,3,0,11,0,2,74,0,76,0,10,77,0,87,34,0,34,121
06/08/2021,LWS,ID,ANM,WE,Federal Contract Tower,0,8,5,0,13,0,6,37,0,43,0,14,42,0,56,24,0,24,80
06/09/2021,LWS,ID,ANM,WE,Federal Contract Tower,0,9,9,0,18,0,2,56,0,58,0,11,65,0,76,20,0,20,96
06/10/2021,LWS,ID,ANM,WE,Federal Contract Tower,2,6,2,0,10,0,6,19,0,25,2,12,21,0,35,18,0,18,53
06/11/2021,LWS,ID,ANM,WE,Federal Contract Tower,0,8,8,0,16,0,5,34,0,39,0,13,42,0,55,0,0,0,55
06/12/2021,LWS,ID,ANM,WE,Federal Contract Tower,0,7,5,0,12,0,4,71,0,75,0,11,76,0,87,48,0,48,135
06/13/2021,LWS,ID,ANM,WE,Federal Contract Tower,0,5,1,0,6,0,4,48,0,52,0,9,49,0,58,42,0,42,100
06/14/2021,LWS,ID,ANM,WE,Federal Contract Tower,0,13,1,0,14,0,3,57,2,62,0,16,58,2,76,36,0,36,112
06/15/2021,LWS,ID,ANM,WE,Federal Contract Tower,0,8,15,0,23,0,4,28,0,32,0,12,43,0,55,40,0,40,95
06/16/2021,LWS,ID,ANM,WE,Federal Contract Tower,0,10,14,0,24,0,7,84,0,91,0,17,98,0,115,66,0,66,181
06/17/2021,LWS,ID,ANM,WE,Federal Contract Tower,0,10,7,0,17,0,4,75,2,81,0,14,82,2,98,48,0,48,146
06/18/2021,LWS,ID,ANM,WE,Federal Contract Tower,0,13,10,0,23,0,8,98,0,106,0,21,108,0,129,48,0,48,177
06/19/2021,LWS,ID,ANM,WE,Federal Contract Tower,0,5,2,0,7,0,3,35,0,38,0,8,37,0,45,46,0,46,91
06/20/2021,LWS,ID,ANM,WE,Federal Contract Tower,0,5,3,0,8,0,4,32,0,36,0,9,35,0,44,44,0,44,88
06/21/2021,LWS,ID,ANM,WE,Federal Contract Tower,0,9,3,0,12,0,2,47,2,51,0,11,50,2,63,30,0,30,93
06/22/2021,LWS,ID,ANM,WE,Federal Contract Tower,0,8,4,0,12,0,1,39,0,40,0,9,43,0,52,22,0,22,74
06/23/2021,LWS,ID,ANM,WE,Federal Contract Tower,0,12,11,0,23,0,0,26,0,26,0,12,37,0,49,16,0,16,65
06/24/2021,LWS,ID,ANM,WE,Federal Contract Tower,0,10,7,0,17,0,2,53,2,57,0,12,60,2,74,84,0,84,158
06/25/2021,LWS,ID,ANM,WE,Federal Contract Tower,0,10,6,0,16,0,3,48,0,51,0,13,54,0,67,68,0,68,135
06/26/2021,LWS,ID,ANM,WE,Federal Contract Tower,0,5,1,0,6,0,10,35,0,45,0,15,36,0,51,60,0,60,111
06/27/2021,LWS,ID,ANM,WE,Federal Contract Tower,0,6,5,0,11,0,5,31,0,36,0,11,36,0,47,4,0,4,51
06/28/2021,LWS,ID,ANM,WE,Federal Contract Tower,0,10,6,0,16,0,3,35,1,39,0,13,41,1,55,10,0,10,65
06/29/2021,LWS,ID,ANM,WE,Federal Contract Tower,0,9,7,0,16,0,1,14,0,15,0,10,21,0,31,10,0,10,41
06/30/2021,LWS,ID,ANM,WE,Federal Contract Tower,0,8,8,0,16,0,2,32,0,34,0,10,40,0,50,32,0,32,82
07/01/2021,LWS,ID,ANM,WE,Federal Contract Tower,0,10,3,0,13,0,2,44,0,46,0,12,47,0,59,22,0,22,81
07/02/2021,LWS,ID,ANM,WE,Federal Contract Tower,0,9,5,0,14,0,7,43,0,50,0,16,48,0,64,38,0,38,102
07/03/2021,LWS,ID,ANM,WE,Federal Contract Tower,0,5,2,0,7,0,4,31,0,35,0,9,33,0,42,20,0,20,62
07/04/2021,LWS,ID,ANM,WE,Federal Contract Tower,0,5,2,0,7,0,8,23,0,31,0,13,25,0,38,28,0,28,66
07/05/2021,LWS,ID,ANM,WE,Federal Contract Tower,0,5,0,0,5,0,6,17,0,23,0,11,17,0,28,0,0,0,28
07/06/2021,LWS,ID,ANM,WE,Federal Contract Tower,0,9,7,0,16,0,15,28,0,43,0,24,35,0,59,4,0,4,63
07/07/2021,LWS,ID,ANM,WE,Federal Contract Tower,0,8,7,0,15,0,4,101,0,105,0,12,108,0,120,0,0,0,120
07/08/2021,LWS,ID,ANM,WE,Federal Contract Tower,0,9,7,0,16,0,4,82,0,86,0,13,89,0,102,40,0,40,142
07/09/2021,LWS,ID,ANM,WE,Federal Contract Tower,0,9,6,0,15,0,2,95,0,97,0,11,101,0,112,28,0,28,140
07/10/2021,LWS,ID,ANM,WE,Federal Contract Tower,0,5,6,0,11,0,3,67,0,70,0,8,73,0,81,8,0,8,89
07/11/2021,LWS,ID,ANM,WE,Federal Contract Tower,0,5,6,0,11,0,8,77,0,85,0,13,83,0,96,10,0,10,106
07/12/2021,LWS,ID,ANM,WE,Federal Contract Tower,0,10,15,0,25,0,0,87,2,89,0,10,102,2,114,16,0,16,130
07/13/2021,LWS,ID,ANM,WE,Federal Contract Tower,0,8,10,0,18,0,1,89,6,96,0,9,99,6,114,12,0,12,126
07/14/2021,LWS,ID,ANM,WE,Federal Contract Tower,0,10,13,0,23,0,5,58,4,67,0,15,71,4,90,20,0,20,110
07/15/2021,LWS,ID,ANM,WE,Federal Contract Tower,0,9,2,0,11,0,3,76,2,81,0,12,78,2,92,12,0,12,104
07/16/2021,LWS,ID,ANM,WE,Federal Contract Tower,0,11,3,0,14,0,5,33,2,40,0,16,36,2,54,26,0,26,80
07/17/2021,LWS,ID,ANM,WE,Federal Contract Tower,0,6,4,0,10,0,6,50,0,56,0,12,54,0,66,40,0,40,106
07/18/2021,LWS,ID,ANM,WE,Federal Contract Tower,0,5,6,0,11,0,3,59,0,62,0,8,65,0,73,46,0,46,119
07/19/2021,LWS,ID,ANM,WE,Federal Contract Tower,0,12,11,0,23,0,4,20,0,24,0,16,31,0,47,2,0,2,49
07/20/2021,LWS,ID,ANM,WE,Federal Contract Tower,0,9,9,0,18,0,5,56,0,61,0,14,65,0,79,44,0,44,123
07/21/2021,LWS,ID,ANM,WE,Federal Contract Tower,0,9,23,0,32,0,2,81,7,90,0,11,104,7,122,8,0,8,130
07/22/2021,LWS,ID,ANM,WE,Federal Contract Tower,0,10,14,0,24,0,8,119,3,130,0,18,133,3,154,36,0,36,190
07/23/2021,LWS,ID,ANM,WE,Federal Contract Tower,0,9,7,0,16,0,3,57,4,64,0,12,64,4,80,22,0,22,102
07/24/2021,LWS,ID,ANM,WE,Federal Contract Tower,0,6,7,0,13,0,4,32,4,40,0,10,39,4,53,48,0,48,101
07/25/2021,LWS,ID,ANM,WE,Federal Contract Tower,0,5,12,0,17,0,1,54,5,60,0,6,66,5,77,30,0,30,107
07/26/2021,LWS,ID,ANM,WE,Federal Contract Tower,0,10,3,0,13,0,4,36,4,44,0,14,39,4,57,18,0,18,75
07/27/2021,LWS,ID,ANM,WE,Federal Contract Tower,0,8,11,0,19,0,6,28,0,34,0,14,39,0,53,0,0,0,53
07/28/2021,LWS,ID,ANM,WE,Federal Contract Tower,0,10,4,0,14,0,4,49,4,57,0,14,53,4,71,44,0,44,115
07/29/2021,LWS,ID,ANM,WE,Federal Contract Tower,0,9,13,0,22,0,1,54,3,58,0,10,67,3,80,20,0,20,100
07/30/2021,LWS,ID,ANM,WE,Federal Contract Tower,0,10,7,0,17,0,11,28,1,40,0,21,35,1,57,30,0,30,87
07/31/2021,LWS,ID,ANM,WE,Federal Contract Tower,0,7,11,0,18,0,2,10,0,12,0,9,21,0,30,6,0,6,36
08/01/2021,LWS,ID,ANM,WE,Federal Contract Tower,0,7,8,0,15,0,0,27,0,27,0,7,35,0,42,28,0,28,70
08/02/2021,LWS,ID,ANM,WE,Federal Contract Tower,0,9,14,0,23,0,0,36,0,36,0,9,50,0,59,14,0,14,73
08/03/2021,LWS,ID,ANM,WE,Federal Contract Tower,1,8,11,0,20,0,0,24,4,28,1,8,35,4,48,34,0,34,82
08/04/2021,LWS,ID,ANM,WE,Federal Contract Tower,0,9,3,0,12,0,0,32,0,32,0,9,35,0,44,2,0,2,46
08/05/2021,LWS,ID,ANM,WE,Federal Contract Tower,0,9,4,0,13,0,0,35,0,35,0,9,39,0,48,22,0,22,70
08/06/2021,LWS,ID,ANM,WE,Federal Contract Tower,0,8,3,0,11,0,9,25,0,34,0,17,28,0,45,40,0,40,85
08/07/2021,LWS,ID,ANM,WE,Federal Contract Tower,0,5,2,0,7,0,1,33,0,34,0,6,35,0,41,6,0,6,47
08/08/2021,LWS,ID,ANM,WE,Federal Contract Tower,0,5,7,1,13,0,3,21,3,27,0,8,28,4,40,2,0,2,42
08/09/2021,LWS,ID,ANM,WE,Federal Contract Tower,0,8,6,0,14,0,3,51,0,54,0,11,57,0,68,44,0,44,112
08/10/2021,LWS,ID,ANM,WE,Federal Contract Tower,0,8,8,0,16,0,6,39,0,45,0,14,47,0,61,18,0,18,79
08/11/2021,LWS,ID,ANM,WE,Federal Contract Tower,0,8,13,0,21,0,1,45,0,46,0,9,58,0,67,12,0,12,79
08/12/2021,LWS,ID,ANM,WE,Federal Contract Tower,0,10,12,0,22,0,1,41,0,42,0,11,53,0,64,4,0,4,68
08/13/2021,LWS,ID,ANM,WE,Federal Contract Tower,0,10,7,0,17,0,1,0,0,1,0,11,7,0,18,0,0,0,18
08/14/2021,LWS,ID,ANM,WE,Federal Contract Tower,0,5,3,0,8,0,0,6,0,6,0,5,9,0,14,6,0,6,20
08/15/2021,LWS,ID,ANM,WE,Federal Contract Tower,0,6,5,0,11,0,4,11,0,15,0,10,16,0,26,20,0,20,46
08/16/2021,LWS,ID,ANM,WE,Federal Contract Tower,0,11,6,0,17,0,13,33,0,46,0,24,39,0,63,38,0,38,101
08/17/2021,LWS,ID,ANM,WE,Federal Contract Tower,0,10,5,0,15,0,3,15,0,18,0,13,20,0,33,10,0,10,43
08/18/2021,LWS,ID,ANM,WE,Federal Contract Tower,0,10,11,0,21,0,4,30,0,34,0,14,41,0,55,18,0,18,73
08/19/2021,LWS,ID,ANM,WE,Federal Contract Tower,0,9,11,0,20,0,3,40,0,43,0,12,51,0,63,16,0,16,79
08/20/2021,LWS,ID,ANM,WE,Federal Contract Tower,0,9,7,0,16,0,2,31,0,33,0,11,38,0,49,24,0,24,73
08/21/2021,LWS,ID,ANM,WE,Federal Contract Tower,0,5,14,0,19,0,4,9,0,13,0,9,23,0,32,52,0,52,84
08/22/2021,LWS,ID,ANM,WE,Federal Contract Tower,0,5,4,0,9,0,4,28,0,32,0,9,32,0,41,34,0,34,75
08/23/2021,LWS,ID,ANM,WE,Federal Contract Tower,0,8,5,0,13,0,3,29,0,32,0,11,34,0,45,32,0,32,77
08/24/2021,LWS,ID,ANM,WE,Federal Contract Tower,0,9,10,0,19,0,5,46,0,51,0,14,56,0,70,4,0,4,74
08/25/2021,LWS,ID,ANM,WE,Federal Contract Tower,0,7,12,0,19,0,2,60,0,62,0,9,72,0,81,4,0,4,85
08/26/2021,LWS,ID,ANM,WE,Federal Contract Tower,0,9,2,0,11,0,4,46,0,50,0,13,48,0,61,28,0,28,89
08/27/2021,LWS,ID,ANM,WE,Federal Contract Tower,0,11,5,0,16,0,0,19,0,19,0,11,24,0,35,54,0,54,89
08/28/2021,LWS,ID,ANM,WE,Federal Contract Tower,0,7,3,0,10,0,5,42,0,47,0,12,45,0,57,18,0,18,75
08/29/2021,LWS,ID,ANM,WE,Federal Contract Tower,0,7,7,0,14,0,2,39,0,41,0,9,46,0,55,38,0,38,93
08/30/2021,LWS,ID,ANM,WE,Federal Contract Tower,0,8,4,0,12,0,6,30,0,36,0,14,34,0,48,6,0,6,54
08/31/2021,LWS,ID,ANM,WE,Federal Contract Tower,0,9,8,0,17,0,5,29,2,36,0,14,37,2,53,20,0,20,73
09/01/2021,LWS,ID,ANM,WE,Federal Contract Tower,0,11,9,0,20,0,0,42,0,42,0,11,51,0,62,76,0,76,138
09/02/2021,LWS,ID,ANM,WE,Federal Contract Tower,0,8,3,0,11,0,7,49,0,56,0,15,52,0,67,22,0,22,89
09/03/2021,LWS,ID,ANM,WE,Federal Contract Tower,0,9,6,0,15,0,1,43,0,44,0,10,49,0,59,26,0,26,85
09/04/2021,LWS,ID,ANM,WE,Federal Contract Tower,0,7,12,0,19,0,4,38,0,42,0,11,50,0,61,70,0,70,131
09/05/2021,LWS,ID,ANM,WE,Federal Contract Tower,0,6,4,0,10,0,3,16,0,19,0,9,20,0,29,8,0,8,37
09/06/2021,LWS,ID,ANM,WE,Federal Contract Tower,0,5,6,0,11,0,6,29,0,35,0,11,35,0,46,32,0,32,78
09/07/2021,LWS,ID,ANM,WE,Federal Contract Tower,0,9,4,0,13,0,4,48,0,52,0,13,52,0,65,28,0,28,93
09/08/2021,LWS,ID,ANM,WE,Federal Contract Tower,0,9,15,0,24,0,4,54,2,60,0,13,69,2,84,24,0,24,108
09/09/2021,LWS,ID,ANM,WE,Federal Contract Tower,0,10,11,0,21,0,1,25,0,26,0,11,36,0,47,48,0,48,95
09/10/2021,LWS,ID,ANM,WE,Federal Contract Tower,0,9,7,0,16,0,3,9,0,12,0,12,16,0,28,2,0,2,30
09/11/2021,LWS,ID,ANM,WE,Federal Contract Tower,0,5,7,0,12,0,6,73,0,79,0,11,80,0,91,68,0,68,159
09/12/2021,LWS,ID,ANM,WE,Federal Contract Tower,0,5,3,0,8,0,2,39,0,41,0,7,42,0,49,22,0,22,71
09/13/2021,LWS,ID,ANM,WE,Federal Contract Tower,0,8,4,0,12,0,9,58,0,67,0,17,62,0,79,20,0,20,99
09/14/2021,LWS,ID,ANM,WE,Federal Contract Tower,0,9,3,0,12,0,8,42,0,50,0,17,45,0,62,22,0,22,84
09/15/2021,LWS,ID,ANM,WE,Federal Contract Tower,0,11,13,0,24,0,4,11,0,15,0,15,24,0,39,22,0,22,61
09/16/2021,LWS,ID,ANM,WE,Federal Contract Tower,0,8,9,0,17,0,3,54,0,57,0,11,63,0,74,10,0,10,84
09/17/2021,LWS,ID,ANM,WE,Federal Contract Tower,1,10,5,0,16,0,5,17,0,22,1,15,22,0,38,20,0,20,58
09/18/2021,LWS,ID,ANM,WE,Federal Contract Tower,0,8,10,0,18,0,2,1,0,3,0,10,11,0,21,0,0,0,21
09/19/2021,LWS,ID,ANM,WE,Federal Contract Tower,1,4,7,0,12,0,3,5,0,8,1,7,12,0,20,0,0,0,20
09/20/2021,LWS,ID,ANM,WE,Federal Contract Tower,0,12,2,0,14,0,0,25,0,25,0,12,27,0,39,4,0,4,43
09/21/2021,LWS,ID,ANM,WE,Federal Contract Tower,0,9,4,0,13,0,2,31,2,35,0,11,35,2,48,30,0,30,78
09/22/2021,LWS,ID,ANM,WE,Federal Contract Tower,0,11,3,0,14,0,7,24,2,33,0,18,27,2,47,2,0,2,49
09/23/2021,LWS,ID,ANM,WE,Federal Contract Tower,0,8,4,0,12,0,2,30,0,32,0,10,34,0,44,58,0,58,102
09/24/2021,LWS,ID,ANM,WE,Federal Contract Tower,0,8,3,0,11,0,6,35,0,41,0,14,38,0,52,18,0,18,70
09/25/2021,LWS,ID,ANM,WE,Federal Contract Tower,0,4,1,0,5,0,2,61,0,63,0,6,62,0,68,28,0,28,96
09/26/2021,LWS,ID,ANM,WE,Federal Contract Tower,0,5,3,0,8,0,6,47,0,53,0,11,50,0,61,28,0,28,89
09/27/2021,LWS,ID,ANM,WE,Federal Contract Tower,0,7,2,0,9,0,0,19,0,19,0,7,21,0,28,16,0,16,44
09/28/2021,LWS,ID,ANM,WE,Federal Contract Tower,0,6,6,2,14,0,5,12,2,19,0,11,18,4,33,36,0,36,69
09/29/2021,LWS,ID,ANM,WE,Federal Contract Tower,0,6,7,0,13,0,11,32,0,43,0,17,39,0,56,10,0,10,66
09/30/2021,LWS,ID,ANM,WE,Federal Contract Tower,0,3,2,0,5,0,7,31,0,38,0,10,33,0,43,22,0,22,65
10/01/2021,LWS,ID,ANM,WE,Federal Contract Tower,0,6,14,0,20,0,2,47,1,50,0,8,61,1,70,42,0,42,112
10/02/2021,LWS,ID,ANM,WE,Federal Contract Tower,0,3,3,1,7,0,3,34,0,37,0,6,37,1,44,34,0,34,78
10/03/2021,LWS,ID,ANM,WE,Federal Contract Tower,0,7,4,0,11,0,4,45,0,49,0,11,49,0,60,36,0,36,96
10/04/2021,LWS,ID,ANM,WE,Federal Contract Tower,0,9,7,0,16,0,9,63,0,72,0,18,70,0,88,26,0,26,114
10/05/2021,LWS,ID,ANM,WE,Federal Contract Tower,0,10,5,0,15,0,22,52,0,74,0,32,57,0,89,36,0,36,125
10/06/2021,LWS,ID,ANM,WE,Federal Contract Tower,0,10,6,0,16,0,3,24,0,27,0,13,30,0,43,6,0,6,49
10/07/2021,LWS,ID,ANM,WE,Federal Contract Tower,0,8,7,0,15,0,5,34,0,39,0,13,41,0,54,20,0,20,74
10/08/2021,LWS,ID,ANM,WE,Federal Contract Tower,3,8,6,0,17,0,10,42,0,52,3,18,48,0,69,52,0,52,121
10/09/2021,LWS,ID,ANM,WE,Federal Contract Tower,1,5,2,0,8,0,3,62,0,65,1,8,64,0,73,48,0,48,121
10/10/2021,LWS,ID,ANM,WE,Federal Contract Tower,0,7,11,0,18,0,1,11,0,12,0,8,22,0,30,12,0,12,42
10/11/2021,LWS,ID,ANM,WE,Federal Contract Tower,0,9,5,0,14,0,3,33,0,36,0,12,38,0,50,68,0,68,118
10/12/2021,LWS,ID,ANM,WE,Federal Contract Tower,0,10,6,0,16,0,4,55,2,61,0,14,61,2,77,104,0,104,181
10/13/2021,LWS,ID,ANM,WE,Federal Contract Tower,0,12,9,0,21,0,3,13,0,16,0,15,22,0,37,34,0,34,71
10/14/2021,LWS,ID,ANM,WE,Federal Contract Tower,0,10,12,0,22,0,6,18,0,24,0,16,30,0,46,0,0,0,46
10/15/2021,LWS,ID,ANM,WE,Federal Contract Tower,2,9,11,0,22,0,3,45,0,48,2,12,56,0,70,42,0,42,112
10/16/2021,LWS,ID,ANM,WE,Federal Contract Tower,0,6,1,0,7,0,11,54,0,65,0,17,55,0,72,26,0,26,98
10/17/2021,LWS,ID,ANM,WE,Federal Contract Tower,0,7,7,0,14,0,4,51,0,55,0,11,58,0,69,34,0,34,103
10/18/2021,LWS,ID,ANM,WE,Federal Contract Tower,0,8,8,0,16,0,3,52,0,55,0,11,60,0,71,70,0,70,141
10/19/2021,LWS,ID,ANM,WE,Federal Contract Tower,0,10,10,0,20,0,3,49,0,52,0,13,59,0,72,48,0,48,120
10/20/2021,LWS,ID,ANM,WE,Federal Contract Tower,0,11,6,0,17,0,4,16,0,20,0,15,22,0,37,12,0,12,49
10/21/2021,LWS,ID,ANM,WE,Federal Contract Tower,0,7,12,0,19,0,4,30,0,34,0,11,42,0,53,42,0,42,95
10/22/2021,LWS,ID,ANM,WE,Federal Contract Tower,0,8,9,0,17,0,3,6,0,9,0,11,15,0,26,8,0,8,34
10/23/2021,LWS,ID,ANM,WE,Federal Contract Tower,0,8,4,0,12,0,3,19,0,22,0,11,23,0,34,4,0,4,38
10/24/2021,LWS,ID,ANM,WE,Federal Contract Tower,0,7,19,0,26,0,0,5,0,5,0,7,24,0,31,38,0,38,69
10/25/2021,LWS,ID,ANM,WE,Federal Contract Tower,0,14,7,0,21,0,2,10,0,12,0,16,17,0,33,26,0,26,59
10/26/2021,LWS,ID,ANM,WE,Federal Contract Tower,0,10,8,0,18,0,2,9,2,13,0,12,17,2,31,12,0,12,43
10/27/2021,LWS,ID,ANM,WE,Federal Contract Tower,0,11,11,0,22,0,7,26,0,33,0,18,37,0,55,28,0,28,83
10/28/2021,LWS,ID,ANM,WE,Federal Contract Tower,0,10,14,0,24,0,0,11,2,13,0,10,25,2,37,20,0,20,57
10/29/2021,LWS,ID,ANM,WE,Federal Contract Tower,0,10,5,0,15,0,5,2,0,7,0,15,7,0,22,16,0,16,38
10/30/2021,LWS,ID,ANM,WE,Federal Contract Tower,0,7,5,0,12,0,0,13,0,13,0,7,18,0,25,34,0,34,59
11/01/2021,LWS,ID,ANM,WE,Federal Contract Tower,0,8,6,0,14,0,2,41,0,43,0,10,47,0,57,34,0,34,91
11/02/2021,LWS,ID,ANM,WE,Federal Contract Tower,0,12,12,0,24,0,2,22,0,24,0,14,34,0,48,18,0,18,66
11/03/2021,LWS,ID,ANM,WE,Federal Contract Tower,0,8,9,0,17,0,9,22,0,31,0,17,31,0,48,22,0,22,70
11/04/2021,LWS,ID,ANM,WE,Federal Contract Tower,0,8,11,0,19,0,2,5,0,7,0,10,16,0,26,18,0,18,44
11/05/2021,LWS,ID,ANM,WE,Federal Contract Tower,0,9,2,0,11,0,4,31,0,35,0,13,33,0,46,46,0,46,92
11/06/2021,LWS,ID,ANM,WE,Federal Contract Tower,0,10,12,0,22,0,0,14,0,14,0,10,26,0,36,4,0,4,40
11/07/2021,LWS,ID,ANM,WE,Federal Contract Tower,0,5,1,0,6,0,2,10,0,12,0,7,11,0,18,0,0,0,18
11/08/2021,LWS,ID,ANM,WE,Federal Contract Tower,0,11,4,0,15,0,4,30,0,34,0,15,34,0,49,28,0,28,77
11/09/2021,LWS,ID,ANM,WE,Federal Contract Tower,0,12,2,0,14,0,2,4,0,6,0,14,6,0,20,6,0,6,26
11/10/2021,LWS,ID,ANM,WE,Federal Contract Tower,0,8,3,0,11,0,0,50,1,51,0,8,53,1,62,58,0,58,120
11/11/2021,LWS,ID,ANM,WE,Federal Contract Tower,0,11,12,0,23,0,0,5,0,5,0,11,17,0,28,22,0,22,50
11/12/2021,LWS,ID,ANM,WE,Federal Contract Tower,0,11,9,0,20,0,0,0,0,0,0,11,9,0,20,0,0,0,20
11/13/2021,LWS,ID,ANM,WE,Federal Contract Tower,0,8,1,0,9,0,0,30,0,30,0,8,31,0,39,0,0,0,39
11/14/2021,LWS,ID,ANM,WE,Federal Contract Tower,0,5,7,0,12,0,4,12,0,16,0,9,19,0,28,4,0,4,32
11/15/2021,LWS,ID,ANM,WE,Federal Contract Tower,0,5,4,0,9,0,2,4,0,6,0,7,8,0,15,0,0,0,15
11/16/2021,LWS,ID,ANM,WE,Federal Contract Tower,0,10,12,0,22,0,3,15,0,18,0,13,27,0,40,4,0,4,44
11/17/2021,LWS,ID,ANM,WE,Federal Contract Tower,0,10,3,0,13,0,5,35,2,42,0,15,38,2,55,38,0,38,93
11/18/2021,LWS,ID,ANM,WE,Federal Contract Tower,2,13,13,0,28,0,19,20,0,39,2,32,33,0,67,20,0,20,87
11/19/2021,LWS,ID,ANM,WE,Federal Contract Tower,1,9,6,0,16,0,0,0,0,0,1,9,6,0,16,0,0,0,16
11/20/2021,LWS,ID,ANM,WE,Federal Contract Tower,0,7,4,0,11,0,0,23,0,23,0,7,27,0,34,26,0,26,60
11/21/2021,LWS,ID,ANM,WE,Federal Contract Tower,0,7,8,0,15,0,2,47,0,49,0,9,55,0,64,40,0,40,104
11/22/2021,LWS,ID,ANM,WE,Federal Contract Tower,0,11,4,0,15,0,5,36,0,41,0,16,40,0,56,12,0,12,68
11/23/2021,LWS,ID,ANM,WE,Federal Contract Tower,0,11,13,0,24,0,0,1,0,1,0,11,14,0,25,0,0,0,25
11/24/2021,LWS,ID,ANM,WE,Federal Contract Tower,0,11,7,0,18,0,4,28,0,32,0,15,35,0,50,28,0,28,78
11/25/2021,LWS,ID,ANM,WE,Federal Contract Tower,0,8,0,0,8,0,0,0,0,0,0,8,0,0,8,0,0,0,8
11/26/2021,LWS,ID,ANM,WE,Federal Contract Tower,0,10,0,0,10,0,4,5,0,9,0,14,5,0,19,0,0,0,19
11/27/2021,LWS,ID,ANM,WE,Federal Contract Tower,0,10,0,0,10,0,0,11,0,11,0,10,11,0,21,30,0,30,51
11/28/2021,LWS,ID,ANM,WE,Federal Contract Tower,0,8,3,0,11,0,10,11,0,21,0,18,14,0,32,0,0,0,32
11/29/2021,LWS,ID,ANM,WE,Federal Contract Tower,0,12,3,0,15,0,3,5,0,8,0,15,8,0,23,0,0,0,23
11/30/2021,LWS,ID,ANM,WE,Federal Contract Tower,0,8,8,0,16,0,3,10,0,13,0,11,18,0,29,0,0,0,29
12/02/2021,LWS,ID,ANM,WE,Federal Contract Tower,0,7,13,0,20,0,9,20,0,29,0,16,33,0,49,20,0,20,69
12/03/2021,LWS,ID,ANM,WE,Federal Contract Tower,0,12,3,0,15,0,1,24,0,25,0,13,27,0,40,54,0,54,94
12/04/2021,LWS,ID,ANM,WE,Federal Contract Tower,0,4,12,0,16,0,2,14,0,16,0,6,26,0,32,10,0,10,42
12/05/2021,LWS,ID,ANM,WE,Federal Contract Tower,0,6,3,0,9,0,3,33,0,36,0,9,36,0,45,78,0,78,123
12/06/2021,LWS,ID,ANM,WE,Federal Contract Tower,0,11,6,0,17,0,0,0,0,0,0,11,6,0,17,0,0,0,17
12/07/2021,LWS,ID,ANM,WE,Federal Contract Tower,0,9,9,0,18,0,0,1,0,1,0,9,10,0,19,0,0,0,19
12/08/2021,LWS,ID,ANM,WE,Federal Contract Tower,0,12,5,4,21,0,3,13,0,16,0,15,18,4,37,42,0,42,79
12/09/2021,LWS,ID,ANM,WE,Federal Contract Tower,0,8,9,0,17,0,1,26,0,27,0,9,35,0,44,34,0,34,78
12/10/2021,LWS,ID,ANM,WE,Federal Contract Tower,0,16,5,0,21,0,0,12,0,12,0,16,17,0,33,60,0,60,93
12/11/2021,LWS,ID,ANM,WE,Federal Contract Tower,0,6,3,0,9,0,1,0,0,1,0,7,3,0,10,0,0,0,10
12/13/2021,LWS,ID,ANM,WE,Federal Contract Tower,0,10,12,0,22,0,12,5,0,17,0,22,17,0,39,22,0,22,61
12/14/2021,LWS,ID,ANM,WE,Federal Contract Tower,0,12,13,0,25,0,8,10,0,18,0,20,23,0,43,6,0,6,49
12/15/2021,LWS,ID,ANM,WE,Federal Contract Tower,0,8,9,0,17,0,4,16,0,20,0,12,25,0,37,42,0,42,79
12/16/2021,LWS,ID,ANM,WE,Federal Contract Tower,0,11,9,0,20,0,0,2,0,2,0,11,11,0,22,0,0,0,22
12/17/2021,LWS,ID,ANM,WE,Federal Contract Tower,0,14,5,0,19,0,6,34,0,40,0,20,39,0,59,18,0,18,77
12/18/2021,LWS,ID,ANM,WE,Federal Contract Tower,0,9,3,0,12,0,0,6,0,6,0,9,9,0,18,2,0,2,20
12/19/2021,LWS,ID,ANM,WE,Federal Contract Tower,0,5,5,0,10,0,0,0,0,0,0,5,5,0,10,0,0,0,10
12/20/2021,LWS,ID,ANM,WE,Federal Contract Tower,0,11,7,0,18,0,0,1,0,1,0,11,8,0,19,0,0,0,19
12/21/2021,LWS,ID,ANM,WE,Federal Contract Tower,0,10,6,0,16,0,0,0,0,0,0,10,6,0,16,0,0,0,16
12/22/2021,LWS,ID,ANM,WE,Federal Contract Tower,0,10,4,0,14,0,1,12,2,15,0,11,16,2,29,24,0,24,53
12/23/2021,LWS,ID,ANM,WE,Federal Contract Tower,0,9,1,0,10,0,3,2,0,5,0,12,3,0,15,10,0,10,25
12/24/2021,LWS,ID,ANM,WE,Federal Contract Tower,0,10,6,0,16,0,1,6,0,7,0,11,12,0,23,20,0,20,43
12/25/2021,LWS,ID,ANM,WE,Federal Contract Tower,0,5,2,0,7,0,2,2,0,4,0,7,4,0,11,0,0,0,11
12/26/2021,LWS,ID,ANM,WE,Federal Contract Tower,0,7,5,0,12,0,0,2,0,2,0,7,7,0,14,12,0,12,26
12/27/2021,LWS,ID,ANM,WE,Federal Contract Tower,0,14,5,0,19,0,0,0,0,0,0,14,5,0,19,0,0,0,19
12/28/2021,LWS,ID,ANM,WE,Federal Contract Tower,0,9,5,0,14,0,0,1,0,1,0,9,6,0,15,0,0,0,15
12/29/2021,LWS,ID,ANM,WE,Federal Contract Tower,0,12,1,0,13,0,0,2,0,2,0,12,3,0,15,0,0,0,15
12/30/2021,LWS,ID,ANM,WE,Federal Contract Tower,0,6,0,0,6,0,0,0,0,0,0,6,0,0,6,0,0,0,6
12/31/2021,LWS,ID,ANM,WE,Federal Contract Tower,0,9,1,0,10,0,0,1,0,1,0,9,2,0,11,0,0,0,11
01/01/2022,LWS,ID,ANM,WE,Federal Contract Tower,0,6,1,0,7,0,8,12,0,20,0,14,13,0,27,0,0,0,27
01/02/2022,LWS,ID,ANM,WE,Federal Contract Tower,0,4,1,0,5,0,4,2,0,6,0,8,3,0,11,0,0,0,11
01/03/2022,LWS,ID,ANM,WE,Federal Contract Tower,0,11,9,0,20,0,0,2,0,2,0,11,11,0,22,4,0,4,26
01/04/2022,LWS,ID,ANM,WE,Federal Contract Tower,0,13,10,0,23,0,0,1,0,1,0,13,11,0,24,0,0,0,24
01/05/2022,LWS,ID,ANM,WE,Federal Contract Tower,0,7,5,0,12,0,1,0,0,1,0,8,5,0,13,0,0,0,13
01/06/2022,LWS,ID,ANM,WE,Federal Contract Tower,0,6,1,0,7,0,0,0,0,0,0,6,1,0,7,0,0,0,7
01/07/2022,LWS,ID,ANM,WE,Federal Contract Tower,0,12,5,0,17,0,3,4,0,7,0,15,9,0,24,4,0,4,28
01/08/2022,LWS,ID,ANM,WE,Federal Contract Tower,0,7,3,0,10,0,3,22,0,25,0,10,25,0,35,84,0,84,119
01/09/2022,LWS,ID,ANM,WE,Federal Contract Tower,0,5,4,0,9,0,5,17,0,22,0,10,21,0,31,32,0,32,63
01/10/2022,LWS,ID,ANM,WE,Federal Contract Tower,0,11,10,0,21,0,8,31,0,39,0,19,41,0,60,12,0,12,72
01/11/2022,LWS,ID,ANM,WE,Federal Contract Tower,0,9,6,0,15,0,0,3,0,3,0,9,9,0,18,0,0,0,18
01/12/2022,LWS,ID,ANM,WE,Federal Contract Tower,0,12,14,0,26,0,0,12,0,12,0,12,26,0,38,4,0,4,42
01/13/2022,LWS,ID,ANM,WE,Federal Contract Tower,0,10,13,0,23,0,0,18,0,18,0,10,31,0,41,18,0,18,59
01/14/2022,LWS,ID,ANM,WE,Federal Contract Tower,0,10,10,0,20,0,5,35,0,40,0,15,45,0,60,78,0,78,138
01/15/2022,LWS,ID,ANM,WE,Federal Contract Tower,0,10,0,0,10,0,4,50,0,54,0,14,50,0,64,84,0,84,148
01/16/2022,LWS,ID,ANM,WE,Federal Contract Tower,0,7,6,0,13,0,2,30,0,32,0,9,36,0,45,50,0,50,95
01/17/2022,LWS,ID,ANM,WE,Federal Contract Tower,0,6,1,0,7,0,3,16,0,19,0,9,17,0,26,16,0,16,42
01/18/2022,LWS,ID,ANM,WE,Federal Contract Tower,0,8,4,0,12,0,0,12,0,12,0,8,16,0,24,6,0,6,30
01/19/2022,LWS,ID,ANM,WE,Federal Contract Tower,0,8,11,0,19,0,3,19,0,22,0,11,30,0,41,52,0,52,93
01/20/2022,LWS,ID,ANM,WE,Federal Contract Tower,0,9,9,0,18,0,1,7,0,8,0,10,16,0,26,30,0,30,56
01/21/2022,LWS,ID,ANM,WE,Federal Contract Tower,0,8,5,0,13,0,7,37,0,44,0,15,42,0,57,20,0,20,77
01/22/2022,LWS,ID,ANM,WE,Federal Contract Tower,0,4,4,0,8,0,0,0,0,0,0,4,4,0,8,0,0,0,8
01/23/2022,LWS,ID,ANM,WE,Federal Contract Tower,0,8,0,0,8,0,1,35,0,36,0,9,35,0,44,46,0,46,90
01/24/2022,LWS,ID,ANM,WE,Federal Contract Tower,0,14,10,0,24,0,0,6,0,6,0,14,16,0,30,16,0,16,46
01/25/2022,LWS,ID,ANM,WE,Federal Contract Tower,0,10,11,0,21,0,2,17,0,19,0,12,28,0,40,42,0,42,82
01/26/2022,LWS,ID,ANM,WE,Federal Contract Tower,0,11,8,0,19,0,7,7,0,14,0,18,15,0,33,24,0,24,57
01/27/2022,LWS,ID,ANM,WE,Federal Contract Tower,0,13,11,0,24,0,2,14,0,16,0,15,25,0,40,36,0,36,76
01/28/2022,LWS,ID,ANM,WE,Federal Contract Tower,0,9,1,0,10,0,1,36,0,37,0,10,37,0,47,84,0,84,131
01/29/2022,LWS,ID,ANM,WE,Federal Contract Tower,0,5,2,0,7,0,0,38,0,38,0,5,40,0,45,32,0,32,77
01/30/2022,LWS,ID,ANM,WE,Federal Contract Tower,0,6,4,0,10,0,2,14,0,16,0,8,18,0,26,58,0,58,84
01/31/2022,LWS,ID,ANM,WE,Federal Contract Tower,0,9,4,0,13,0,5,0,0,5,0,14,4,0,18,0,0,0,18
02/01/2022,LWS,ID,ANM,WE,Federal Contract Tower,0,8,4,0,12,0,0,6,0,6,0,8,10,0,18,6,0,6,24
02/02/2022,LWS,ID,ANM,WE,Federal Contract Tower,0,12,10,0,22,0,0,11,2,13,0,12,21,2,35,18,0,18,53
02/03/2022,LWS,ID,ANM,WE,Federal Contract Tower,0,10,7,0,17,0,1,1,0,2,0,11,8,0,19,12,0,12,31
02/04/2022,LWS,ID,ANM,WE,Federal Contract Tower,0,9,3,0,12,0,2,0,0,2,0,11,3,0,14,0,0,0,14
02/05/2022,LWS,ID,ANM,WE,Federal Contract Tower,0,5,4,0,9,0,0,38,0,38,0,5,42,0,47,84,0,84,131
02/06/2022,LWS,ID,ANM,WE,Federal Contract Tower,0,4,4,0,8,0,2,48,0,50,0,6,52,0,58,54,0,54,112
02/07/2022,LWS,ID,ANM,WE,Federal Contract Tower,0,10,7,0,17,0,6,14,0,20,0,16,21,0,37,20,0,20,57
02/08/2022,LWS,ID,ANM,WE,Federal Contract Tower,0,7,9,0,16,0,4,15,0,19,0,11,24,0,35,4,0,4,39
02/09/2022,LWS,ID,ANM,WE,Federal Contract Tower,0,11,12,2,25,0,11,32,0,43,0,22,44,2,68,40,8,48,116
02/10/2022,LWS,ID,ANM,WE,Federal Contract Tower,0,9,4,0,13,0,3,27,0,30,0,12,31,0,43,26,0,26,69
02/11/2022,LWS,ID,ANM,WE,Federal Contract Tower,0,9,4,0,13,0,2,44,0,46,0,11,48,0,59,60,0,60,119
02/12/2022,LWS,ID,ANM,WE,Federal Contract Tower,0,5,2,0,7,0,3,33,0,36,0,8,35,0,43,22,0,22,65
02/13/2022,LWS,ID,ANM,WE,Federal Contract Tower,0,5,3,0,8,0,4,48,0,52,0,9,51,0,60,68,0,68,128
02/14/2022,LWS,ID,ANM,WE,Federal Contract Tower,0,8,4,0,12,0,0,7,0,7,0,8,11,0,19,18,0,18,37
02/15/2022,LWS,ID,ANM,WE,Federal Contract Tower,0,9,4,0,13,0,2,28,0,30,0,11,32,0,43,28,0,28,71
02/16/2022,LWS,ID,ANM,WE,Federal Contract Tower,0,6,8,0,14,0,7,21,0,28,0,13,29,0,42,6,0,6,48
02/17/2022,LWS,ID,ANM,WE,Federal Contract Tower,0,8,11,0,19,0,5,41,0,46,0,13,52,0,65,42,0,42,107
02/18/2022,LWS,ID,ANM,WE,Federal Contract Tower,0,7,7,0,14,0,8,90,0,98,0,15,97,0,112,42,0,42,154
02/19/2022,LWS,ID,ANM,WE,Federal Contract Tower,0,5,3,0,8,0,2,55,0,57,0,7,58,0,65,68,0,68,133
02/20/2022,LWS,ID,ANM,WE,Federal Contract Tower,0,5,3,0,8,0,5,7,0,12,0,10,10,0,20,10,0,10,30
02/21/2022,LWS,ID,ANM,WE,Federal Contract Tower,0,9,1,0,10,0,1,2,0,3,0,10,3,0,13,0,0,0,13
02/22/2022,LWS,ID,ANM,WE,Federal Contract Tower,0,8,6,1,15,0,4,16,1,21,0,12,22,2,36,8,18,26,62
02/23/2022,LWS,ID,ANM,WE,Federal Contract Tower,0,13,5,0,18,0,2,62,0,64,0,15,67,0,82,34,0,34,116
02/24/2022,LWS,ID,ANM,WE,Federal Contract Tower,0,15,9,0,24,0,13,4,0,17,0,28,13,0,41,0,0,0,41
02/25/2022,LWS,ID,ANM,WE,Federal Contract Tower,0,8,10,0,18,0,9,27,0,36,0,17,37,0,54,36,0,36,90
02/26/2022,LWS,ID,ANM,WE,Federal Contract Tower,0,7,1,0,8,0,4,43,0,47,0,11,44,0,55,36,0,36,91
02/27/2022,LWS,ID,ANM,WE,Federal Contract Tower,0,4,2,0,6,0,0,6,0,6,0,4,8,0,12,30,0,30,42
02/28/2022,LWS,ID,ANM,WE,Federal Contract Tower,0,7,6,0,13,0,1,0,0,1,0,8,6,0,14,0,0,0,14
03/01/2022,LWS,ID,ANM,WE,Federal Contract Tower,0,7,4,0,11,0,0,27,0,27,0,7,31,0,38,10,0,10,48
03/02/2022,LWS,ID,ANM,WE,Federal Contract Tower,0,10,0,0,10,0,0,6,0,6,0,10,6,0,16,20,0,20,36
03/03/2022,LWS,ID,ANM,WE,Federal Contract Tower,0,12,14,0,26,0,0,0,0,0,0,12,14,0,26,0,0,0,26
03/04/2022,LWS,ID,ANM,WE,Federal Contract Tower,0,10,4,0,14,0,2,24,0,26,0,12,28,0,40,18,0,18,58
03/05/2022,LWS,ID,ANM,WE,Federal Contract Tower,0,4,1,0,5,0,3,117,0,120,0,7,118,0,125,84,0,84,209
03/06/2022,LWS,ID,ANM,WE,Federal Contract Tower,0,5,1,0,6,0,2,82,0,84,0,7,83,0,90,180,0,180,270
03/07/2022,LWS,ID,ANM,WE,Federal Contract Tower,0,10,0,0,10,0,2,81,0,83,0,12,81,0,93,50,0,50,143
03/08/2022,LWS,ID,ANM,WE,Federal Contract Tower,0,9,4,0,13,0,2,14,0,16,0,11,18,0,29,52,0,52,81
03/09/2022,LWS,ID,ANM,WE,Federal Contract Tower,0,11,5,0,16,0,6,60,0,66,0,17,65,0,82,22,0,22,104
03/10/2022,LWS,ID,ANM,WE,Federal Contract Tower,0,8,7,0,15,0,4,44,2,50,0,12,51,2,65,42,0,42,107
03/11/2022,LWS,ID,ANM,WE,Federal Contract Tower,0,12,4,0,16,0,3,37,0,40,0,15,41,0,56,38,0,38,94
03/12/2022,LWS,ID,ANM,WE,Federal Contract Tower,0,5,3,0,8,0,0,30,0,30,0,5,33,0,38,34,0,34,72
03/13/2022,LWS,ID,ANM,WE,Federal Contract Tower,0,6,4,0,10,0,3,11,0,14,0,9,15,0,24,2,0,2,26
03/14/2022,LWS,ID,ANM,WE,Federal Contract Tower,0,8,2,0,10,0,6,10,0,16,0,14,12,0,26,4,0,4,30
03/15/2022,LWS,ID,ANM,WE,Federal Contract Tower,0,9,10,0,19,0,3,12,0,15,0,12,22,0,34,0,0,0,34
03/16/2022,LWS,ID,ANM,WE,Federal Contract Tower,0,10,5,0,15,0,3,7,0,10,0,13,12,0,25,46,0,46,71
03/17/2022,LWS,ID,ANM,WE,Federal Contract Tower,0,7,7,0,14,0,4,33,0,37,0,11,40,0,51,34,0,34,85
03/18/2022,LWS,ID,ANM,WE,Federal Contract Tower,0,7,7,0,14,0,6,60,2,68,0,13,67,2,82,78,0,78,160
03/19/2022,LWS,ID,ANM,WE,Federal Contract Tower,0,4,0,0,4,0,5,23,0,28,0,9,23,0,32,30,0,30,62
03/20/2022,LWS,ID,ANM,WE,Federal Contract Tower,0,6,1,0,7,0,12,39,0,51,0,18,40,0,58,36,0,36,94
03/21/2022,LWS,ID,ANM,WE,Federal Contract Tower,0,9,0,0,9,0,0,50,0,50,0,9,50,0,59,30,0,30,89
03/22/2022,LWS,ID,ANM,WE,Federal Contract Tower,0,16,8,0,24,0,2,56,0,58,0,18,64,0,82,36,0,36,118
03/23/2022,LWS,ID,ANM,WE,Federal Contract Tower,0,8,8,0,16,0,4,63,2,69,0,12,71,2,85,20,0,20,105
03/24/2022,LWS,ID,ANM,WE,Federal Contract Tower,0,8,4,0,12,0,5,69,0,74,0,13,73,0,86,46,0,46,132
03/25/2022,LWS,ID,ANM,WE,Federal Contract Tower,0,8,1,0,9,0,6,70,0,76,0,14,71,0,85,80,0,80,165
03/26/2022,LWS,ID,ANM,WE,Federal Contract Tower,0,4,4,0,8,0,1,41,0,42,0,5,45,0,50,40,0,40,90
03/27/2022,LWS,ID,ANM,WE,Federal Contract Tower,0,5,1,0,6,0,2,42,0,44,0,7,43,0,50,46,0,46,96
03/28/2022,LWS,ID,ANM,WE,Federal Contract Tower,0,8,4,0,12,0,1,12,0,13,0,9,16,0,25,44,0,44,69
03/29/2022,LWS,ID,ANM,WE,Federal Contract Tower,0,6,6,2,14,0,1,29,0,30,0,7,35,2,44,68,0,68,112
03/30/2022,LWS,ID,ANM,WE,Federal Contract Tower,0,8,5,0,13,0,2,17,2,21,0,10,22,2,34,26,0,26,60
03/31/2022,LWS,ID,ANM,WE,Federal Contract Tower,0,7,6,0,13,0,3,25,0,28,0,10,31,0,41,20,0,20,61
04/01/2022,LWS,ID,ANM,WE,Federal Contract Tower,0,7,3,0,10,0,6,51,2,59,0,13,54,2,69,70,0,70,139
04/02/2022,LWS,ID,ANM,WE,Federal Contract Tower,0,5,0,0,5,0,0,9,0,9,0,5,9,0,14,0,0,0,14
04/03/2022,LWS,ID,ANM,WE,Federal Contract Tower,0,3,3,0,6,0,4,41,0,45,0,7,44,0,51,20,0,20,71
04/04/2022,LWS,ID,ANM,WE,Federal Contract Tower,0,4,4,0,8,0,0,0,0,0,0,4,4,0,8,0,0,0,8
04/05/2022,LWS,ID,ANM,WE,Federal Contract Tower,0,8,7,0,15,0,4,13,0,17,0,12,20,0,32,2,0,2,34
04/06/2022,LWS,ID,ANM,WE,Federal Contract Tower,0,8,8,0,16,0,13,79,0,92,0,21,87,0,108,22,0,22,130
04/07/2022,LWS,ID,ANM,WE,Federal Contract Tower,0,8,11,0,19,0,8,61,0,69,0,16,72,0,88,56,0,56,144
04/08/2022,LWS,ID,ANM,WE,Federal Contract Tower,0,6,3,0,9,0,6,10,0,16,0,12,13,0,25,12,0,12,37
04/09/2022,LWS,ID,ANM,WE,Federal Contract Tower,0,5,4,0,9,0,8,15,0,23,0,13,19,0,32,36,0,36,68
04/10/2022,LWS,ID,ANM,WE,Federal Contract Tower,0,7,4,0,11,0,1,7,0,8,0,8,11,0,19,8,0,8,27
04/11/2022,LWS,ID,ANM,WE,Federal Contract Tower,0,9,5,0,14,0,0,3,0,3,0,9,8,0,17,0,0,0,17
04/12/2022,LWS,ID,ANM,WE,Federal Contract Tower,0,10,13,0,23,0,0,4,0,4,0,10,17,0,27,10,0,10,37
04/13/2022,LWS,ID,ANM,WE,Federal Contract Tower,0,8,12,0,20,0,2,14,0,16,0,10,26,0,36,24,0,24,60
04/14/2022,LWS,ID,ANM,WE,Federal Contract Tower,0,8,9,0,17,0,3,2,0,5,0,11,11,0,22,0,0,0,22
04/15/2022,LWS,ID,ANM,WE,Federal Contract Tower,0,10,4,0,14,0,2,20,2,24,0,12,24,2,38,14,0,14,52
04/16/2022,LWS,ID,ANM,WE,Federal Contract Tower,0,6,2,0,8,0,4,4,0,8,0,10,6,0,16,28,0,28,44
04/17/2022,LWS,ID,ANM,WE,Federal Contract Tower,0,5,2,0,7,0,7,26,0,33,0,12,28,0,40,6,0,6,46
04/18/2022,LWS,ID,ANM,WE,Federal Contract Tower,0,9,7,0,16,0,4,34,0,38,0,13,41,0,54,56,0,56,110
04/19/2022,LWS,ID,ANM,WE,Federal Contract Tower,0,7,8,2,17,0,1,20,0,21,0,8,28,2,38,40,0,40,78
04/20/2022,LWS,ID,ANM,WE,Federal Contract Tower,0,7,15,0,22,0,4,32,0,36,0,11,47,0,58,46,0,46,104
04/21/2022,LWS,ID,ANM,WE,Federal Contract Tower,0,11,7,0,18,0,3,22,0,25,0,14,29,0,43,74,0,74,117
04/22/2022,LWS,ID,ANM,WE,Federal Contract Tower,0,10,6,0,16,0,7,45,0,52,0,17,51,0,68,46,0,46,114
04/23/2022,LWS,ID,ANM,WE,Federal Contract Tower,0,4,1,0,5,0,3,49,0,52,0,7,50,0,57,74,0,74,131
04/24/2022,LWS,ID,ANM,WE,Federal Contract Tower,0,5,3,0,8,0,2,51,0,53,0,7,54,0,61,106,0,106,167
04/25/2022,LWS,ID,ANM,WE,Federal Contract Tower,0,8,5,0,13,0,10,52,0,62,0,18,57,0,75,24,0,24,99
04/26/2022,LWS,ID,ANM,WE,Federal Contract Tower,0,11,5,0,16,0,4,21,0,25,0,15,26,0,41,32,0,32,73
04/27/2022,LWS,ID,ANM,WE,Federal Contract Tower,0,13,2,0,15,0,5,50,0,55,0,18,52,0,70,118,0,118,188
04/28/2022,LWS,ID,ANM,WE,Federal Contract Tower,0,11,8,0,19,0,3,30,0,33,0,14,38,0,52,72,0,72,124
04/29/2022,LWS,ID,ANM,WE,Federal Contract Tower,0,7,4,0,11,0,6,33,0,39,0,13,37,0,50,34,0,34,84
04/30/2022,LWS,ID,ANM,WE,Federal Contract Tower,0,7,6,0,13,0,0,8,0,8,0,7,14,0,21,28,0,28,49
05/01/2022,LWS,ID,ANM,WE,Federal Contract Tower,0,4,6,0,10,0,2,18,0,20,0,6,24,0,30,16,0,16,46
05/02/2022,LWS,ID,ANM,WE,Federal Contract Tower,0,9,2,0,11,0,2,11,0,13,0,11,13,0,24,22,0,22,46
05/03/2022,LWS,ID,ANM,WE,Federal Contract Tower,0,12,7,0,19,0,1,35,0,36,0,13,42,0,55,62,0,62,117
05/04/2022,LWS,ID,ANM,WE,Federal Contract Tower,0,10,2,0,12,0,9,46,0,55,0,19,48,0,67,62,0,62,129
05/05/2022,LWS,ID,ANM,WE,Federal Contract Tower,0,7,0,0,7,0,1,12,0,13,0,8,12,0,20,22,0,22,42
05/06/2022,LWS,ID,ANM,WE,Federal Contract Tower,0,9,1,0,10,0,0,4,0,4,0,9,5,0,14,0,0,0,14
05/07/2022,LWS,ID,ANM,WE,Federal Contract Tower,0,6,1,0,7,0,2,1,0,3,0,8,2,0,10,0,0,0,10
05/08/2022,LWS,ID,ANM,WE,Federal Contract Tower,0,5,2,0,7,0,7,15,0,22,0,12,17,0,29,68,0,68,97
05/09/2022,LWS,ID,ANM,WE,Federal Contract Tower,0,8,7,0,15,0,3,27,0,30,0,11,34,0,45,0,0,0,45
05/10/2022,LWS,ID,ANM,WE,Federal Contract Tower,0,7,5,0,12,0,5,30,0,35,0,12,35,0,47,20,0,20,67
05/11/2022,LWS,ID,ANM,WE,Federal Contract Tower,0,6,10,0,16,0,4,37,0,41,0,10,47,0,57,14,0,14,71
05/12/2022,LWS,ID,ANM,WE,Federal Contract Tower,0,9,1,0,10,0,2,18,0,20,0,11,19,0,30,4,0,4,34
05/13/2022,LWS,ID,ANM,WE,Federal Contract Tower,0,8,3,0,11,0,3,71,0,74,0,11,74,0,85,4,0,4,89
05/14/2022,LWS,ID,ANM,WE,Federal Contract Tower,0,6,2,0,8,0,1,6,0,7,0,7,8,0,15,0,0,0,15
05/15/2022,LWS,ID,ANM,WE,Federal Contract Tower,0,9,4,0,13,0,9,43,0,52,0,18,47,0,65,68,0,68,133
05/16/2022,LWS,ID,ANM,WE,Federal Contract Tower,0,7,10,0,17,0,3,44,0,47,0,10,54,0,64,58,0,58,122
05/17/2022,LWS,ID,ANM,WE,Federal Contract Tower,0,9,13,0,22,0,4,64,0,68,0,13,77,0,90,34,0,34,124
05/18/2022,LWS,ID,ANM,WE,Federal Contract Tower,0,8,6,0,14,0,2,16,0,18,0,10,22,0,32,6,0,6,38
05/19/2022,LWS,ID,ANM,WE,Federal Contract Tower,0,10,6,0,16,0,4,8,0,12,0,14,14,0,28,2,0,2,30
05/20/2022,LWS,ID,ANM,WE,Federal Contract Tower,0,6,8,0,14,0,5,38,0,43,0,11,46,0,57,24,0,24,81
05/21/2022,LWS,ID,ANM,WE,Federal Contract Tower,0,5,3,0,8,0,4,29,0,33,0,9,32,0,41,44,0,44,85
05/22/2022,LWS,ID,ANM,WE,Federal Contract Tower,0,4,3,0,7,0,0,42,0,42,0,4,45,0,49,48,0,48,97
05/23/2022,LWS,ID,ANM,WE,Federal Contract Tower,0,7,3,0,10,0,9,52,0,61,0,16,55,0,71,38,0,38,109
05/24/2022,LWS,ID,ANM,WE,Federal Contract Tower,0,8,9,0,17,0,3,52,1,56,0,11,61,1,73,60,0,60,133
05/25/2022,LWS,ID,ANM,WE,Federal Contract Tower,0,7,8,0,15,0,4,41,0,45,0,11,49,0,60,104,0,104,164
05/26/2022,LWS,ID,ANM,WE,Federal Contract Tower,0,8,4,0,12,0,5,114,0,119,0,13,118,0,131,136,0,136,267
05/27/2022,LWS,ID,ANM,WE,Federal Contract Tower,0,10,11,0,21,0,2,22,0,24,0,12,33,0,45,58,0,58,103
05/28/2022,LWS,ID,ANM,WE,Federal Contract Tower,0,7,3,0,10,0,5,23,0,28,0,12,26,0,38,52,0,52,90
05/29/2022,LWS,ID,ANM,WE,Federal Contract Tower,0,9,2,0,11,0,2,55,0,57,0,11,57,0,68,8,0,8,76
05/30/2022,LWS,ID,ANM,WE,Federal Contract Tower,0,6,2,0,8,0,1,33,0,34,0,7,35,0,42,2,0,2,44
05/31/2022,LWS,ID,ANM,WE,Federal Contract Tower,0,12,6,0,18,0,5,80,2,87,0,17,86,2,105,64,0,64,169
06/01/2022,LWS,ID,ANM,WE,Federal Contract Tower,0,12,5,0,17,0,4,100,0,104,0,16,105,0,121,78,0,78,199
06/02/2022,LWS,ID,ANM,WE,Federal Contract Tower,0,10,4,0,14,0,0,84,1,85,0,10,88,1,99,36,0,36,135
06/03/2022,LWS,ID,ANM,WE,Federal Contract Tower,0,13,3,0,16,0,2,14,0,16,0,15,17,0,32,0,0,0,32
06/04/2022,LWS,ID,ANM,WE,Federal Contract Tower,0,16,2,0,18,0,2,4,0,6,0,18,6,0,24,18,0,18,42
06/05/2022,LWS,ID,ANM,WE,Federal Contract Tower,0,13,2,0,15,0,1,15,0,16,0,14,17,0,31,22,0,22,53
06/06/2022,LWS,ID,ANM,WE,Federal Contract Tower,0,11,6,0,17,0,3,42,0,45,0,14,48,0,62,14,0,14,76
06/07/2022,LWS,ID,ANM,WE,Federal Contract Tower,0,9,7,0,16,0,4,125,0,129,0,13,132,0,145,58,0,58,203
06/08/2022,LWS,ID,ANM,WE,Federal Contract Tower,0,11,5,0,16,0,3,120,0,123,0,14,125,0,139,54,0,54,193
06/09/2022,LWS,ID,ANM,WE,Federal Contract Tower,0,10,4,0,14,0,4,74,0,78,0,14,78,0,92,54,0,54,146
06/10/2022,LWS,ID,ANM,WE,Federal Contract Tower,0,11,7,0,18,0,1,12,0,13,0,12,19,0,31,0,0,0,31
06/11/2022,LWS,ID,ANM,WE,Federal Contract Tower,0,8,1,0,9,0,2,7,0,9,0,10,8,0,18,8,0,8,26
06/12/2022,LWS,ID,ANM,WE,Federal Contract Tower,2,7,5,0,14,0,2,10,0,12,2,9,15,0,26,18,0,18,44
06/13/2022,LWS,ID,ANM,WE,Federal Contract Tower,0,12,4,0,16,0,0,6,4,10,0,12,10,4,26,24,0,24,50
06/14/2022,LWS,ID,ANM,WE,Federal Contract Tower,0,11,11,0,22,0,1,31,2,34,0,12,42,2,56,2,0,2,58
06/15/2022,LWS,ID,ANM,WE,Federal Contract Tower,0,10,6,0,16,0,5,154,0,159,0,15,160,0,175,112,0,112,287
06/16/2022,LWS,ID,ANM,WE,Federal Contract Tower,0,8,4,0,12,0,13,75,0,88,0,21,79,0,100,40,0,40,140
06/17/2022,LWS,ID,ANM,WE,Federal Contract Tower,0,10,7,0,17,0,6,101,0,107,0,16,108,0,124,78,0,78,202
06/18/2022,LWS,ID,ANM,WE,Federal Contract Tower,0,11,7,0,18,0,4,10,0,14,0,15,17,0,32,4,0,4,36
06/19/2022,LWS,ID,ANM,WE,Federal Contract Tower,0,10,4,0,14,0,1,96,0,97,0,11,100,0,111,82,0,82,193
06/20/2022,LWS,ID,ANM,WE,Federal Contract Tower,0,12,9,0,21,0,3,74,0,77,0,15,83,0,98,34,0,34,132
06/21/2022,LWS,ID,ANM,WE,Federal Contract Tower,0,9,15,0,24,0,9,139,0,148,0,18,154,0,172,82,0,82,254
06/22/2022,LWS,ID,ANM,WE,Federal Contract Tower,0,8,5,0,13,0,6,88,0,94,0,14,93,0,107,50,0,50,157
06/23/2022,LWS,ID,ANM,WE,Federal Contract Tower,0,11,3,0,14,0,7,91,2,100,0,18,94,2,114,40,0,40,154
06/24/2022,LWS,ID,ANM,WE,Federal Contract Tower,0,12,0,0,12,0,3,82,0,85,0,15,82,0,97,12,0,12,109
06/25/2022,LWS,ID,ANM,WE,Federal Contract Tower,0,6,1,0,7,0,6,104,0,110,0,12,105,0,117,56,0,56,173
06/27/2022,LWS,ID,ANM,WE,Federal Contract Tower,0,10,5,0,15,0,10,50,0,60,0,20,55,0,75,56,0,56,131
06/28/2022,LWS,ID,ANM,WE,Federal Contract Tower,0,9,7,0,16,0,0,0,0,0,0,9,7,0,16,30,0,30,46
06/29/2022,LWS,ID,ANM,WE,Federal Contract Tower,0,6,3,0,9,0,6,60,0,66,0,12,63,0,75,38,0,38,113
06/30/2022,LWS,ID,ANM,WE,Federal Contract Tower,0,11,5,0,16,0,12,55,0,67,0,23,60,0,83,42,0,42,125
07/01/2022,LWS,ID,ANM,WE,Federal Contract Tower,0,11,6,0,17,0,8,68,0,76,0,19,74,0,93,12,0,12,105
07/02/2022,LWS,ID,ANM,WE,Federal Contract Tower,0,6,3,0,9,0,3,45,0,48,0,9,48,0,57,44,0,44,101
07/03/2022,LWS,ID,ANM,WE,Federal Contract Tower,0,8,2,0,10,0,7,33,0,40,0,15,35,0,50,28,0,28,78
07/04/2022,LWS,ID,ANM,WE,Federal Contract Tower,0,6,3,0,9,0,3,18,0,21,0,9,21,0,30,4,0,4,34
07/05/2022,LWS,ID,ANM,WE,Federal Contract Tower,2,13,3,0,18,0,4,34,0,38,2,17,37,0,56,24,0,24,80
07/06/2022,LWS,ID,ANM,WE,Federal Contract Tower,0,10,5,0,15,0,6,33,0,39,0,16,38,0,54,28,0,28,82
07/07/2022,LWS,ID,ANM,WE,Federal Contract Tower,0,9,3,0,12,0,1,23,0,24,0,10,26,0,36,8,0,8,44
07/08/2022,LWS,ID,ANM,WE,Federal Contract Tower,0,11,3,0,14,0,1,38,0,39,0,12,41,0,53,22,0,22,75
07/09/2022,LWS,ID,ANM,WE,Federal Contract Tower,0,8,6,0,14,0,5,54,0,59,0,13,60,0,73,28,0,28,101
07/10/2022,LWS,ID,ANM,WE,Federal Contract Tower,0,9,3,0,12,0,5,43,2,50,0,14,46,2,62,38,0,38,100
07/11/2022,LWS,ID,ANM,WE,Federal Contract Tower,0,9,1,0,10,0,4,30,0,34,0,13,31,0,44,42,0,42,86
07/12/2022,LWS,ID,ANM,WE,Federal Contract Tower,0,7,5,0,12,0,9,39,0,48,0,16,44,0,60,20,0,20,80
07/13/2022,LWS,ID,ANM,WE,Federal Contract Tower,0,9,3,0,12,0,3,31,0,34,0,12,34,0,46,32,0,32,78
07/14/2022,LWS,ID,ANM,WE,Federal Contract Tower,0,10,5,0,15,0,9,36,0,45,0,19,41,0,60,36,0,36,96
07/15/2022,LWS,ID,ANM,WE,Federal Contract Tower,0,13,3,0,16,0,11,20,0,31,0,24,23,0,47,18,0,18,65
07/16/2022,LWS,ID,ANM,WE,Federal Contract Tower,0,6,5,0,11,0,8,51,0,59,0,14,56,0,70,14,0,14,84
07/17/2022,LWS,ID,ANM,WE,Federal Contract Tower,0,6,8,0,14,0,5,43,0,48,0,11,51,0,62,54,0,54,116
07/18/2022,LWS,ID,ANM,WE,Federal Contract Tower,0,9,7,0,16,0,2,54,0,56,0,11,61,0,72,28,0,28,100
07/19/2022,LWS,ID,ANM,WE,Federal Contract Tower,0,12,4,0,16,0,6,39,0,45,0,18,43,0,61,14,0,14,75
07/20/2022,LWS,ID,ANM,WE,Federal Contract Tower,0,10,8,0,18,0,8,63,0,71,0,18,71,0,89,74,0,74,163
07/21/2022,LWS,ID,ANM,WE,Federal Contract Tower,0,11,6,0,17,0,4,44,0,48,0,15,50,0,65,30,0,30,95
07/22/2022,LWS,ID,ANM,WE,Federal Contract Tower,0,10,4,0,14,0,7,38,0,45,0,17,42,0,59,36,0,36,95
07/23/2022,LWS,ID,ANM,WE,Federal Contract Tower,0,7,3,0,10,0,6,44,0,50,0,13,47,0,60,30,0,30,90
07/24/2022,LWS,ID,ANM,WE,Federal Contract Tower,0,6,5,0,11,0,10,41,0,51,0,16,46,0,62,52,0,52,114
07/25/2022,LWS,ID,ANM,WE,Federal Contract Tower,0,13,2,0,15,0,11,36,2,49,0,24,38,2,64,32,0,32,96
07/26/2022,LWS,ID,ANM,WE,Federal Contract Tower,0,10,8,0,18,0,4,32,0,36,0,14,40,0,54,42,0,42,96
07/27/2022,LWS,ID,ANM,WE,Federal Contract Tower,0,12,6,0,18,0,5,31,0,36,0,17,37,0,54,18,0,18,72
07/28/2022,LWS,ID,ANM,WE,Federal Contract Tower,0,10,8,0,18,0,8,35,2,45,0,18,43,2,63,52,0,52,115
07/29/2022,LWS,ID,ANM,WE,Federal Contract Tower,0,15,9,0,24,0,6,21,0,27,0,21,30,0,51,4,0,4,55
07/30/2022,LWS,ID,ANM,WE,Federal Contract Tower,0,6,2,0,8,0,3,31,2,36,0,9,33,2,44,16,6,22,66
07/31/2022,LWS,ID,ANM,WE,Federal Contract Tower,0,9,5,0,14,0,5,21,0,26,0,14,26,0,40,28,0,28,68
08/01/2022,LWS,ID,ANM,WE,Federal Contract Tower,0,9,5,0,14,0,8,11,0,19,0,17,16,0,33,4,0,4,37
08/02/2022,LWS,ID,ANM,WE,Federal Contract Tower,0,9,6,0,15,0,12,19,0,31,0,21,25,0,46,58,0,58,104
08/03/2022,LWS,ID,ANM,WE,Federal Contract Tower,0,10,5,0,15,0,13,25,0,38,0,23,30,0,53,46,0,46,99
08/04/2022,LWS,ID,ANM,WE,Federal Contract Tower,0,10,5,0,15,0,4,28,0,32,0,14,33,0,47,30,0,30,77
08/05/2022,LWS,ID,ANM,WE,Federal Contract Tower,0,9,10,0,19,0,2,48,0,50,0,11,58,0,69,10,0,10,79
08/06/2022,LWS,ID,ANM,WE,Federal Contract Tower,0,6,14,0,20,0,4,57,0,61,0,10,71,0,81,38,0,38,119
08/07/2022,LWS,ID,ANM,WE,Federal Contract Tower,0,6,2,0,8,0,6,40,0,46,0,12,42,0,54,54,0,54,108
08/08/2022,LWS,ID,ANM,WE,Federal Contract Tower,0,9,2,0,11,0,1,23,0,24,0,10,25,0,35,42,0,42,77
08/09/2022,LWS,ID,ANM,WE,Federal Contract Tower,2,11,6,0,19,0,2,20,0,22,2,13,26,0,41,14,0,14,55
08/10/2022,LWS,ID,ANM,WE,Federal Contract Tower,0,12,2,0,14,0,4,33,0,37,0,16,35,0,51,28,0,28,79
08/11/2022,LWS,ID,ANM,WE,Federal Contract Tower,0,10,4,0,14,0,6,17,0,23,0,16,21,0,37,20,0,20,57
08/12/2022,LWS,ID,ANM,WE,Federal Contract Tower,0,10,5,0,15,0,2,26,0,28,0,12,31,0,43,24,0,24,67
08/13/2022,LWS,ID,ANM,WE,Federal Contract Tower,0,6,5,0,11,0,3,47,0,50,0,9,52,0,61,32,0,32,93
08/14/2022,LWS,ID,ANM,WE,Federal Contract Tower,0,8,2,0,10,0,4,45,0,49,0,12,47,0,59,38,0,38,97
08/15/2022,LWS,ID,ANM,WE,Federal Contract Tower,0,6,4,0,10,0,11,39,0,50,0,17,43,0,60,96,0,96,156
08/16/2022,LWS,ID,ANM,WE,Federal Contract Tower,0,10,3,0,13,0,6,31,0,37,0,16,34,0,50,58,0,58,108
08/17/2022,LWS,ID,ANM,WE,Federal Contract Tower,0,10,10,0,20,0,2,33,0,35,0,12,43,0,55,22,0,22,77
08/18/2022,LWS,ID,ANM,WE,Federal Contract Tower,0,8,9,0,17,0,5,35,2,42,0,13,44,2,59,42,0,42,101
08/19/2022,LWS,ID,ANM,WE,Federal Contract Tower,0,11,8,0,19,0,0,0,0,0,0,11,8,0,19,26,0,26,45
08/20/2022,LWS,ID,ANM,WE,Federal Contract Tower,0,7,2,0,9,0,4,31,0,35,0,11,33,0,44,12,0,12,56
08/21/2022,LWS,ID,ANM,WE,Federal Contract Tower,0,7,6,0,13,0,2,44,0,46,0,9,50,0,59,18,0,18,77
08/22/2022,LWS,ID,ANM,WE,Federal Contract Tower,0,10,4,0,14,0,5,9,0,14,0,15,13,0,28,16,0,16,44
08/23/2022,LWS,ID,ANM,WE,Federal Contract Tower,0,6,2,0,8,0,3,46,0,49,0,9,48,0,57,46,0,46,103
08/24/2022,LWS,ID,ANM,WE,Federal Contract Tower,0,10,5,0,15,0,7,50,0,57,0,17,55,0,72,36,0,36,108
08/25/2022,LWS,ID,ANM,WE,Federal Contract Tower,0,10,17,0,27,0,2,57,0,59,0,12,74,0,86,28,0,28,114
08/26/2022,LWS,ID,ANM,WE,Federal Contract Tower,0,10,3,0,13,0,3,45,0,48,0,13,48,0,61,62,0,62,123
08/27/2022,LWS,ID,ANM,WE,Federal Contract Tower,0,5,4,0,9,0,6,15,0,21,0,11,19,0,30,24,0,24,54
08/28/2022,LWS,ID,ANM,WE,Federal Contract Tower,0,5,2,0,7,0,3,47,0,50,0,8,49,0,57,24,0,24,81
08/29/2022,LWS,ID,ANM,WE,Federal Contract Tower,0,8,3,0,11,0,4,34,0,38,0,12,37,0,49,20,0,20,69
08/30/2022,LWS,ID,ANM,WE,Federal Contract Tower,0,11,2,0,13,0,5,49,0,54,0,16,51,0,67,40,0,40,107
08/31/2022,LWS,ID,ANM,WE,Federal Contract Tower,0,10,2,0,12,0,4,40,0,44,0,14,42,0,56,86,0,86,142
09/01/2022,LWS,ID,ANM,WE,Federal Contract Tower,0,7,4,0,11,0,5,41,0,46,0,12,45,0,57,72,0,72,129
09/02/2022,LWS,ID,ANM,WE,Federal Contract Tower,2,4,5,0,11,0,6,30,0,36,2,10,35,0,47,58,0,58,105
09/03/2022,LWS,ID,ANM,WE,Federal Contract Tower,0,6,3,0,9,0,3,24,0,27,0,9,27,0,36,60,0,60,96
09/04/2022,LWS,ID,ANM,WE,Federal Contract Tower,0,7,4,0,11,0,7,36,0,43,0,14,40,0,54,60,0,60,114
09/05/2022,LWS,ID,ANM,WE,Federal Contract Tower,0,6,7,0,13,0,4,53,0,57,0,10,60,0,70,68,0,68,138
09/06/2022,LWS,ID,ANM,WE,Federal Contract Tower,0,16,3,0,19,0,0,37,0,37,0,16,40,0,56,18,0,18,74
09/07/2022,LWS,ID,ANM,WE,Federal Contract Tower,0,10,8,0,18,0,2,26,0,28,0,12,34,0,46,34,0,34,80
09/08/2022,LWS,ID,ANM,WE,Federal Contract Tower,0,12,7,0,19,0,2,42,0,44,0,14,49,0,63,68,0,68,131
09/09/2022,LWS,ID,ANM,WE,Federal Contract Tower,0,8,10,0,18,0,2,49,0,51,0,10,59,0,69,20,0,20,89
09/10/2022,LWS,ID,ANM,WE,Federal Contract Tower,0,9,15,0,24,0,0,56,0,56,0,9,71,0,80,44,0,44,124
09/11/2022,LWS,ID,ANM,WE,Federal Contract Tower,0,8,12,0,20,0,0,2,0,2,0,8,14,0,22,0,0,0,22
09/12/2022,LWS,ID,ANM,WE,Federal Contract Tower,0,14,19,0,33,0,0,0,0,0,0,14,19,0,33,0,0,0,33
09/13/2022,LWS,ID,ANM,WE,Federal Contract Tower,0,12,16,0,28,0,0,3,0,3,0,12,19,0,31,0,0,0,31
09/14/2022,LWS,ID,ANM,WE,Federal Contract Tower,0,12,7,0,19,0,0,32,0,32,0,12,39,0,51,22,0,22,73
09/15/2022,LWS,ID,ANM,WE,Federal Contract Tower,0,10,14,0,24,0,3,24,0,27,0,13,38,0,51,20,0,20,71
09/16/2022,LWS,ID,ANM,WE,Federal Contract Tower,0,13,4,0,17,0,1,27,0,28,0,14,31,0,45,30,0,30,75
09/17/2022,LWS,ID,ANM,WE,Federal Contract Tower,0,9,0,0,9,0,2,27,0,29,0,11,27,0,38,32,0,32,70
09/18/2022,LWS,ID,ANM,WE,Federal Contract Tower,0,11,8,0,19,0,1,16,0,17,0,12,24,0,36,34,0,34,70
09/19/2022,LWS,ID,ANM,WE,Federal Contract Tower,0,9,1,0,10,0,4,38,0,42,0,13,39,0,52,76,0,76,128
09/20/2022,LWS,ID,ANM,WE,Federal Contract Tower,0,8,3,0,11,0,6,23,0,29,0,14,26,0,40,24,0,24,64
09/21/2022,LWS,ID,ANM,WE,Federal Contract Tower,0,12,10,2,24,0,3,23,2,28,0,15,33,4,52,4,0,4,56
09/22/2022,LWS,ID,ANM,WE,Federal Contract Tower,0,11,11,0,22,0,1,10,0,11,0,12,21,0,33,4,0,4,37
09/23/2022,LWS,ID,ANM,WE,Federal Contract Tower,2,10,5,0,17,0,9,42,2,53,2,19,47,2,70,28,0,28,98
09/24/2022,LWS,ID,ANM,WE,Federal Contract Tower,0,6,6,0,12,0,5,53,0,58,0,11,59,0,70,22,0,22,92
09/25/2022,LWS,ID,ANM,WE,Federal Contract Tower,0,6,7,0,13,0,16,40,0,56,0,22,47,0,69,22,0,22,91
09/26/2022,LWS,ID,ANM,WE,Federal Contract Tower,0,9,5,0,14,0,3,49,0,52,0,12,54,0,66,22,0,22,88
09/27/2022,LWS,ID,ANM,WE,Federal Contract Tower,0,11,9,0,20,0,5,45,0,50,0,16,54,0,70,78,0,78,148
09/28/2022,LWS,ID,ANM,WE,Federal Contract Tower,0,11,11,0,22,0,4,35,0,39,0,15,46,0,61,46,0,46,107
09/29/2022,LWS,ID,ANM,WE,Federal Contract Tower,0,14,13,0,27,0,0,2,0,2,0,14,15,0,29,0,0,0,29
09/30/2022,LWS,ID,ANM,WE,Federal Contract Tower,2,11,10,0,23,0,1,27,0,28,2,12,37,0,51,48,0,48,99
10/01/2022,LWS,ID,ANM,WE,Federal Contract Tower,0,6,4,0,10,0,0,0,0,0,0,6,4,0,10,18,0,18,28
10/02/2022,LWS,ID,ANM,WE,Federal Contract Tower,0,6,4,0,10,0,2,40,0,42,0,8,44,0,52,68,0,68,120
10/03/2022,LWS,ID,ANM,WE,Federal Contract Tower,0,10,5,1,16,0,2,40,1,43,0,12,45,2,59,68,2,70,129
10/04/2022,LWS,ID,ANM,WE,Federal Contract Tower,0,10,13,0,23,0,4,33,0,37,0,14,46,0,60,4,0,4,64
10/05/2022,LWS,ID,ANM,WE,Federal Contract Tower,0,11,7,0,18,0,4,51,0,55,0,15,58,0,73,70,0,70,143
10/06/2022,LWS,ID,ANM,WE,Federal Contract Tower,2,9,13,0,24,0,13,43,0,56,2,22,56,0,80,34,0,34,114
10/07/2022,LWS,ID,ANM,WE,Federal Contract Tower,2,9,7,0,18,0,1,46,0,47,2,10,53,0,65,52,0,52,117
10/08/2022,LWS,ID,ANM,WE,Federal Contract Tower,2,7,2,0,11,0,5,59,0,64,2,12,61,0,75,24,0,24,99
10/09/2022,LWS,ID,ANM,WE,Federal Contract Tower,2,5,4,0,11,0,1,54,0,55,2,6,58,0,66,14,0,14,80
10/10/2022,LWS,ID,ANM,WE,Federal Contract Tower,2,6,4,0,12,0,4,29,0,33,2,10,33,0,45,68,0,68,113
10/11/2022,LWS,ID,ANM,WE,Federal Contract Tower,2,7,4,0,13,0,2,31,0,33,2,9,35,0,46,8,0,8,54
10/12/2022,LWS,ID,ANM,WE,Federal Contract Tower,2,7,2,0,11,0,4,50,0,54,2,11,52,0,65,30,0,30,95
10/13/2022,LWS,ID,ANM,WE,Federal Contract Tower,2,5,1,0,8,0,9,32,0,41,2,14,33,0,49,14,0,14,63
10/14/2022,LWS,ID,ANM,WE,Federal Contract Tower,2,6,2,0,10,0,4,23,0,27,2,10,25,0,37,50,0,50,87
10/15/2022,LWS,ID,ANM,WE,Federal Contract Tower,2,4,10,0,16,0,0,40,0,40,2,4,50,0,56,60,0,60,116
10/16/2022,LWS,ID,ANM,WE,Federal Contract Tower,2,3,1,0,6,0,0,0,0,0,2,3,1,0,6,8,0,8,14
10/17/2022,LWS,ID,ANM,WE,Federal Contract Tower,2,6,7,0,15,0,2,37,0,39,2,8,44,0,54,34,0,34,88
10/18/2022,LWS,ID,ANM,WE,Federal Contract Tower,2,5,7,0,14,0,3,51,0,54,2,8,58,0,68,14,0,14,82
10/19/2022,LWS,ID,ANM,WE,Federal Contract Tower,2,5,13,0,20,0,12,42,0,54,2,17,55,0,74,28,0,28,102
10/20/2022,LWS,ID,ANM,WE,Federal Contract Tower,2,7,8,0,17,0,6,40,0,46,2,13,48,0,63,8,0,8,71
10/21/2022,LWS,ID,ANM,WE,Federal Contract Tower,2,11,6,0,19,0,0,5,2,7,2,11,11,2,26,52,0,52,78
10/22/2022,LWS,ID,ANM,WE,Federal Contract Tower,2,7,1,0,10,0,0,0,0,0,2,7,1,0,10,28,0,28,38
10/23/2022,LWS,ID,ANM,WE,Federal Contract Tower,2,3,6,0,11,0,5,28,0,33,2,8,34,0,44,20,0,20,64
10/24/2022,LWS,ID,ANM,WE,Federal Contract Tower,2,9,4,0,15,0,2,2,0,4,2,11,6,0,19,0,0,0,19
10/25/2022,LWS,ID,ANM,WE,Federal Contract Tower,2,8,11,0,21,0,2,21,0,23,2,10,32,0,44,34,0,34,78
10/26/2022,LWS,ID,ANM,WE,Federal Contract Tower,4,7,12,0,23,0,2,12,0,14,4,9,24,0,37,66,0,66,103
10/27/2022,LWS,ID,ANM,WE,Federal Contract Tower,2,5,13,0,20,0,8,34,0,42,2,13,47,0,62,12,0,12,74
10/28/2022,LWS,ID,ANM,WE,Federal Contract Tower,2,5,5,0,12,0,3,16,2,21,2,8,21,2,33,16,0,16,49
10/29/2022,LWS,ID,ANM,WE,Federal Contract Tower,2,7,3,0,12,0,1,23,0,24,2,8,26,0,36,30,0,30,66
10/30/2022,LWS,ID,ANM,WE,Federal Contract Tower,2,6,5,0,13,0,0,0,0,0,2,6,5,0,13,14,0,14,27
10/31/2022,LWS,ID,ANM,WE,Federal Contract Tower,2,7,9,0,18,0,3,9,0,12,2,10,18,0,30,6,0,6,36
11/01/2022,LWS,ID,ANM,WE,Federal Contract Tower,2,9,10,0,21,0,0,1,0,1,2,9,11,0,22,0,0,0,22
11/02/2022,LWS,ID,ANM,WE,Federal Contract Tower,2,9,4,0,15,0,0,0,0,0,2,9,4,0,15,10,0,10,25
11/03/2022,LWS,ID,ANM,WE,Federal Contract Tower,2,6,10,0,18,0,7,6,0,13,2,13,16,0,31,22,0,22,53
11/04/2022,LWS,ID,ANM,WE,Federal Contract Tower,2,7,6,0,15,0,0,0,0,0,2,7,6,0,15,0,0,0,15
11/05/2022,LWS,ID,ANM,WE,Federal Contract Tower,2,2,3,0,7,0,2,2,0,4,2,4,5,0,11,0,0,0,11
11/06/2022,LWS,ID,ANM,WE,Federal Contract Tower,2,3,11,0,16,0,3,11,0,14,2,6,22,0,30,0,0,0,30
11/07/2022,LWS,ID,ANM,WE,Federal Contract Tower,2,8,4,0,14,0,1,14,0,15,2,9,18,0,29,12,0,12,41
11/08/2022,LWS,ID,ANM,WE,Federal Contract Tower,2,6,1,0,9,0,2,29,0,31,2,8,30,0,40,12,0,12,52
11/09/2022,LWS,ID,ANM,WE,Federal Contract Tower,2,6,8,0,16,0,3,21,0,24,2,9,29,0,40,2,0,2,42
11/10/2022,LWS,ID,ANM,WE,Federal Contract Tower,2,6,5,0,13,0,4,43,0,47,2,10,48,0,60,46,0,46,106
11/11/2022,LWS,ID,ANM,WE,Federal Contract Tower,4,6,5,0,15,0,2,28,0,30,4,8,33,0,45,56,0,56,101
11/12/2022,LWS,ID,ANM,WE,Federal Contract Tower,4,4,1,0,9,0,3,38,0,41,4,7,39,0,50,90,0,90,140
11/13/2022,LWS,ID,ANM,WE,Federal Contract Tower,2,5,10,0,17,0,0,19,0,19,2,5,29,0,36,26,0,26,62
11/14/2022,LWS,ID,ANM,WE,Federal Contract Tower,2,7,9,0,18,0,3,12,0,15,2,10,21,0,33,14,0,14,47
11/15/2022,LWS,ID,ANM,WE,Federal Contract Tower,2,10,9,0,21,0,6,21,0,27,2,16,30,0,48,14,0,14,62
11/16/2022,LWS,ID,ANM,WE,Federal Contract Tower,2,8,7,0,17,0,0,0,0,0,2,8,7,0,17,0,0,0,17
11/17/2022,LWS,ID,ANM,WE,Federal Contract Tower,2,9,15,0,26,0,1,22,0,23,2,10,37,0,49,76,0,76,125
11/18/2022,LWS,ID,ANM,WE,Federal Contract Tower,2,7,8,0,17,0,2,20,0,22,2,9,28,0,39,8,0,8,47
11/19/2022,LWS,ID,ANM,WE,Federal Contract Tower,2,2,4,0,8,0,0,31,0,31,2,2,35,0,39,32,0,32,71
11/20/2022,LWS,ID,ANM,WE,Federal Contract Tower,2,2,3,0,7,0,8,24,0,32,2,10,27,0,39,98,0,98,137
11/21/2022,LWS,ID,ANM,WE,Federal Contract Tower,2,5,6,0,13,0,9,25,0,34,2,14,31,0,47,26,0,26,73
11/22/2022,LWS,ID,ANM,WE,Federal Contract Tower,2,6,1,0,9,0,1,2,0,3,2,7,3,0,12,0,0,0,12
11/23/2022,LWS,ID,ANM,WE,Federal Contract Tower,2,10,8,0,20,0,0,34,0,34,2,10,42,0,54,84,0,84,138
11/24/2022,LWS,ID,ANM,WE,Federal Contract Tower,2,4,4,0,10,0,0,6,0,6,2,4,10,0,16,0,0,0,16
11/25/2022,LWS,ID,ANM,WE,Federal Contract Tower,4,7,5,0,16,0,2,10,0,12,4,9,15,0,28,10,0,10,38
11/26/2022,LWS,ID,ANM,WE,Federal Contract Tower,2,4,1,0,7,0,0,29,0,29,2,4,30,0,36,50,0,50,86
11/27/2022,LWS,ID,ANM,WE,Federal Contract Tower,2,6,0,0,8,0,1,2,0,3,2,7,2,0,11,0,0,0,11
11/28/2022,LWS,ID,ANM,WE,Federal Contract Tower,7,7,5,0,19,0,0,7,0,7,7,7,12,0,26,0,0,0,26
11/29/2022,LWS,ID,ANM,WE,Federal Contract Tower,2,6,7,6,21,0,0,9,0,9,2,6,16,6,30,4,0,4,34
11/30/2022,LWS,ID,ANM,WE,Federal Contract Tower,2,7,11,0,20,0,2,11,0,13,2,9,22,0,33,0,0,0,33
12/01/2022,LWS,ID,ANM,WE,Federal Contract Tower,2,9,6,0,17,0,1,10,0,11,2,10,16,0,28,2,0,2,30
12/02/2022,LWS,ID,ANM,WE,Federal Contract Tower,2,7,9,0,18,0,6,8,0,14,2,13,17,0,32,0,0,0,32
12/03/2022,LWS,ID,ANM,WE,Federal Contract Tower,2,2,5,0,9,0,9,21,0,30,2,11,26,0,39,26,0,26,65
12/04/2022,LWS,ID,ANM,WE,Federal Contract Tower,2,3,5,0,10,0,0,0,0,0,2,3,5,0,10,0,0,0,10
12/05/2022,LWS,ID,ANM,WE,Federal Contract Tower,2,8,4,0,14,0,0,3,0,3,2,8,7,0,17,20,0,20,37
12/06/2022,LWS,ID,ANM,WE,Federal Contract Tower,2,6,10,0,18,0,1,22,0,23,2,7,32,0,41,80,0,80,121
12/07/2022,LWS,ID,ANM,WE,Federal Contract Tower,4,5,3,0,12,0,0,0,0,0,4,5,3,0,12,0,0,0,12
12/08/2022,LWS,ID,ANM,WE,Federal Contract Tower,2,9,9,0,20,0,4,18,0,22,2,13,27,0,42,10,0,10,52
12/09/2022,LWS,ID,ANM,WE,Federal Contract Tower,2,8,1,0,11,0,3,6,0,9,2,11,7,0,20,14,0,14,34
12/10/2022,LWS,ID,ANM,WE,Federal Contract Tower,2,3,2,0,7,0,2,7,0,9,2,5,9,0,16,52,0,52,68
12/11/2022,LWS,ID,ANM,WE,Federal Contract Tower,4,0,6,0,10,0,2,9,0,11,4,2,15,0,21,42,0,42,63
12/12/2022,LWS,ID,ANM,WE,Federal Contract Tower,4,9,10,0,23,0,0,0,0,0,4,9,10,0,23,0,0,0,23
12/13/2022,LWS,ID,ANM,WE,Federal Contract Tower,2,20,14,0,36,0,1,8,0,9,2,21,22,0,45,0,0,0,45
12/14/2022,LWS,ID,ANM,WE,Federal Contract Tower,2,6,3,0,11,0,0,0,0,0,2,6,3,0,11,0,0,0,11
12/15/2022,LWS,ID,ANM,WE,Federal Contract Tower,2,12,11,0,25,0,0,3,0,3,2,12,14,0,28,2,0,2,30
12/16/2022,LWS,ID,ANM,WE,Federal Contract Tower,2,11,7,0,20,0,3,10,0,13,2,14,17,0,33,54,0,54,87
12/17/2022,LWS,ID,ANM,WE,Federal Contract Tower,2,5,0,0,7,0,0,16,0,16,2,5,16,0,23,4,0,4,27
12/18/2022,LWS,ID,ANM,WE,Federal Contract Tower,2,4,5,0,11,0,0,5,0,5,2,4,10,0,16,8,0,8,24
12/19/2022,LWS,ID,ANM,WE,Federal Contract Tower,4,2,3,0,9,0,0,0,0,0,4,2,3,0,9,4,0,4,13
12/20/2022,LWS,ID,ANM,WE,Federal Contract Tower,2,11,3,0,16,0,0,6,0,6,2,11,9,0,22,2,0,2,24
12/21/2022,LWS,ID,ANM,WE,Federal Contract Tower,2,10,8,0,20,0,6,11,0,17,2,16,19,0,37,20,0,20,57
12/22/2022,LWS,ID,ANM,WE,Federal Contract Tower,2,8,4,0,14,0,1,6,0,7,2,9,10,0,21,0,0,0,21
12/23/2022,LWS,ID,ANM,WE,Federal Contract Tower,2,3,2,0,7,0,0,0,0,0,2,3,2,0,7,0,0,0,7
12/24/2022,LWS,ID,ANM,WE,Federal Contract Tower,2,7,1,0,10,0,0,0,0,0,2,7,1,0,10,0,0,0,10
12/25/2022,LWS,ID,ANM,WE,Federal Contract Tower,2,4,0,0,6,0,0,0,0,0,2,4,0,0,6,0,0,0,6
12/26/2022,LWS,ID,ANM,WE,Federal Contract Tower,2,6,5,0,13,0,0,7,0,7,2,6,12,0,20,0,0,0,20
12/27/2022,LWS,ID,ANM,WE,Federal Contract Tower,2,7,2,0,11,0,2,8,0,10,2,9,10,0,21,30,0,30,51
12/28/2022,LWS,ID,ANM,WE,Federal Contract Tower,2,9,1,0,12,0,1,12,0,13,2,10,13,0,25,38,0,38,63
12/29/2022,LWS,ID,ANM,WE,Federal Contract Tower,2,9,2,0,13,0,0,24,0,24,2,9,26,0,37,36,0,36,73
12/30/2022,LWS,ID,ANM,WE,Federal Contract Tower,2,5,2,0,9,0,0,15,0,15,2,5,17,0,24,18,0,18,42
01/01/2023,LWS,ID,ANM,WE,Federal Contract Tower,2,2,3,0,7,0,0,11,0,11,2,2,14,0,18,0,0,0,18
01/02/2023,LWS,ID,ANM,WE,Federal Contract Tower,2,6,5,0,13,0,0,20,0,20,2,6,25,0,33,60,0,60,93
01/03/2023,LWS,ID,ANM,WE,Federal Contract Tower,2,9,4,0,15,0,1,8,0,9,2,10,12,0,24,10,0,10,34
01/04/2023,LWS,ID,ANM,WE,Federal Contract Tower,2,5,6,0,13,0,6,32,0,38,2,11,38,0,51,20,0,20,71
01/05/2023,LWS,ID,ANM,WE,Federal Contract Tower,2,6,8,0,16,0,7,18,0,25,2,13,26,0,41,16,0,16,57
01/06/2023,LWS,ID,ANM,WE,Federal Contract Tower,2,7,3,0,12,0,3,30,0,33,2,10,33,0,45,42,0,42,87
01/07/2023,LWS,ID,ANM,WE,Federal Contract Tower,2,5,0,0,7,0,3,37,0,40,2,8,37,0,47,36,0,36,83
01/08/2023,LWS,ID,ANM,WE,Federal Contract Tower,2,7,0,0,9,0,0,14,0,14,2,7,14,0,23,34,0,34,57
01/09/2023,LWS,ID,ANM,WE,Federal Contract Tower,2,7,1,0,10,0,0,2,0,2,2,7,3,0,12,6,0,6,18
01/10/2023,LWS,ID,ANM,WE,Federal Contract Tower,4,6,9,0,19,0,0,8,0,8,4,6,17,0,27,26,0,26,53
01/11/2023,LWS,ID,ANM,WE,Federal Contract Tower,2,12,9,0,23,0,0,11,0,11,2,12,20,0,34,32,0,32,66
01/12/2023,LWS,ID,ANM,WE,Federal Contract Tower,2,4,4,0,10,0,3,0,0,3,2,7,4,0,13,14,0,14,27
01/13/2023,LWS,ID,ANM,WE,Federal Contract Tower,2,5,9,0,16,0,2,18,0,20,2,7,27,0,36,76,0,76,112
01/14/2023,LWS,ID,ANM,WE,Federal Contract Tower,2,3,3,0,8,0,0,0,0,0,2,3,3,0,8,50,0,50,58
01/15/2023,LWS,ID,ANM,WE,Federal Contract Tower,2,11,3,0,16,0,1,32,0,33,2,12,35,0,49,38,0,38,87
01/16/2023,LWS,ID,ANM,WE,Federal Contract Tower,2,8,1,0,11,0,0,15,0,15,2,8,16,0,26,84,0,84,110
01/17/2023,LWS,ID,ANM,WE,Federal Contract Tower,2,4,12,0,18,0,0,7,0,7,2,4,19,0,25,12,0,12,37
01/18/2023,LWS,ID,ANM,WE,Federal Contract Tower,2,8,4,0,14,0,0,6,0,6,2,8,10,0,20,20,0,20,40
01/19/2023,LWS,ID,ANM,WE,Federal Contract Tower,2,10,4,0,16,0,3,26,0,29,2,13,30,0,45,42,0,42,87
01/20/2023,LWS,ID,ANM,WE,Federal Contract Tower,2,6,3,0,11,0,0,0,0,0,2,6,3,0,11,44,0,44,55
01/21/2023,LWS,ID,ANM,WE,Federal Contract Tower,2,3,3,0,8,0,0,33,0,33,2,3,36,0,41,68,0,68,109
01/22/2023,LWS,ID,ANM,WE,Federal Contract Tower,2,4,0,0,6,0,0,7,0,7,2,4,7,0,13,26,0,26,39
01/23/2023,LWS,ID,ANM,WE,Federal Contract Tower,2,6,1,0,9,0,1,18,0,19,2,7,19,0,28,2,0,2,30
01/24/2023,LWS,ID,ANM,WE,Federal Contract Tower,2,10,9,0,21,0,3,18,0,21,2,13,27,0,42,20,0,20,62
01/25/2023,LWS,ID,ANM,WE,Federal Contract Tower,2,8,5,0,15,0,1,6,0,7,2,9,11,0,22,20,0,20,42
01/26/2023,LWS,ID,ANM,WE,Federal Contract Tower,2,7,3,0,12,0,5,11,0,16,2,12,14,0,28,24,0,24,52
01/27/2023,LWS,ID,ANM,WE,Federal Contract Tower,2,8,4,0,14,0,1,1,0,2,2,9,5,0,16,52,0,52,68
01/28/2023,LWS,ID,ANM,WE,Federal Contract Tower,2,4,5,0,11,0,0,2,0,2,2,4,7,0,13,0,0,0,13
01/29/2023,LWS,ID,ANM,WE,Federal Contract Tower,2,2,3,0,7,0,2,23,0,25,2,4,26,0,32,56,0,56,88
01/30/2023,LWS,ID,ANM,WE,Federal Contract Tower,2,5,0,0,7,0,0,32,0,32,2,5,32,0,39,40,0,40,79
01/31/2023,LWS,ID,ANM,WE,Federal Contract Tower,2,7,6,0,15,0,2,1,0,3,2,9,7,0,18,2,0,2,20
02/01/2023,LWS,ID,ANM,WE,Federal Contract Tower,2,6,2,0,10,0,8,13,0,21,2,14,15,0,31,4,0,4,35
02/02/2023,LWS,ID,ANM,WE,Federal Contract Tower,2,6,9,0,17,0,5,27,0,32,2,11,36,0,49,0,0,0,49
02/03/2023,LWS,ID,ANM,WE,Federal Contract Tower,2,5,1,0,8,0,2,8,2,12,2,7,9,2,20,0,0,0,20
02/04/2023,LWS,ID,ANM,WE,Federal Contract Tower,2,6,2,0,10,0,0,24,0,24,2,6,26,0,34,82,0,82,116
02/05/2023,LWS,ID,ANM,WE,Federal Contract Tower,2,5,2,0,9,0,0,5,0,5,2,5,7,0,14,38,0,38,52
02/06/2023,LWS,ID,ANM,WE,Federal Contract Tower,2,8,6,0,16,0,1,24,0,25,2,9,30,0,41,52,0,52,93
02/07/2023,LWS,ID,ANM,WE,Federal Contract Tower,2,6,6,0,14,0,1,3,0,4,2,7,9,0,18,4,0,4,22
02/08/2023,LWS,ID,ANM,WE,Federal Contract Tower,2,7,5,0,14,0,1,19,0,20,2,8,24,0,34,62,0,62,96
02/09/2023,LWS,ID,ANM,WE,Federal Contract Tower,2,7,2,0,11,0,0,29,0,29,2,7,31,0,40,16,0,16,56
02/10/2023,LWS,ID,ANM,WE,Federal Contract Tower,2,6,4,0,12,0,7,30,0,37,2,13,34,0,49,26,0,26,75
02/11/2023,LWS,ID,ANM,WE,Federal Contract Tower,2,3,5,0,10,0,2,44,0,46,2,5,49,0,56,82,0,82,138
02/12/2023,LWS,ID,ANM,WE,Federal Contract Tower,2,5,2,0,9,0,8,35,0,43,2,13,37,0,52,26,0,26,78
02/13/2023,LWS,ID,ANM,WE,Federal Contract Tower,2,6,4,0,12,0,2,0,0,2,2,8,4,0,14,0,0,0,14
02/14/2023,LWS,ID,ANM,WE,Federal Contract Tower,2,9,4,0,15,0,4,23,0,27,2,13,27,0,42,32,0,32,74
02/15/2023,LWS,ID,ANM,WE,Federal Contract Tower,2,7,10,0,19,0,4,33,0,37,2,11,43,0,56,70,0,70,126
02/16/2023,LWS,ID,ANM,WE,Federal Contract Tower,2,5,5,0,12,0,9,30,0,39,2,14,35,0,51,0,0,0,51
02/17/2023,LWS,ID,ANM,WE,Federal Contract Tower,2,5,5,0,12,0,3,33,0,36,2,8,38,0,48,52,0,52,100
02/18/2023,LWS,ID,ANM,WE,Federal Contract Tower,2,4,1,0,7,0,0,50,0,50,2,4,51,0,57,30,0,30,87
02/19/2023,LWS,ID,ANM,WE,Federal Contract Tower,2,4,2,0,8,0,7,54,0,61,2,11,56,0,69,68,0,68,137
02/20/2023,LWS,ID,ANM,WE,Federal Contract Tower,2,8,1,0,11,0,5,7,0,12,2,13,8,0,23,26,0,26,49
02/21/2023,LWS,ID,ANM,WE,Federal Contract Tower,2,13,3,0,18,0,0,1,0,1,2,13,4,0,19,0,0,0,19
02/22/2023,LWS,ID,ANM,WE,Federal Contract Tower,2,9,5,0,16,0,3,1,0,4,2,12,6,0,20,0,0,0,20
02/23/2023,LWS,ID,ANM,WE,Federal Contract Tower,2,7,8,0,17,0,1,2,0,3,2,8,10,0,20,10,0,10,30
02/24/2023,LWS,ID,ANM,WE,Federal Contract Tower,2,7,9,0,18,0,4,18,2,24,2,11,27,2,42,100,0,100,142
02/25/2023,LWS,ID,ANM,WE,Federal Contract Tower,2,2,5,0,9,0,1,25,0,26,2,3,30,0,35,58,0,58,93
02/26/2023,LWS,ID,ANM,WE,Federal Contract Tower,2,4,5,0,11,0,0,1,0,1,2,4,6,0,12,0,0,0,12
02/27/2023,LWS,ID,ANM,WE,Federal Contract Tower,2,7,3,0,12,0,1,43,0,44,2,8,46,0,56,30,0,30,86
02/28/2023,LWS,ID,ANM,WE,Federal Contract Tower,2,6,13,0,21,0,1,34,0,35,2,7,47,0,56,20,0,20,76
03/01/2023,LWS,ID,ANM,WE,Federal Contract Tower,2,6,7,0,15,0,3,61,0,64,2,9,68,0,79,64,0,64,143
03/02/2023,LWS,ID,ANM,WE,Federal Contract Tower,2,11,5,0,18,0,0,5,0,5,2,11,10,0,23,14,0,14,37
03/03/2023,LWS,ID,ANM,WE,Federal Contract Tower,2,7,6,0,15,0,4,27,0,31,2,11,33,0,46,42,0,42,88
03/04/2023,LWS,ID,ANM,WE,Federal Contract Tower,2,6,9,0,17,0,5,105,0,110,2,11,114,0,127,54,0,54,181
03/05/2023,LWS,ID,ANM,WE,Federal Contract Tower,2,5,4,0,11,0,2,17,0,19,2,7,21,0,30,10,0,10,40
03/06/2023,LWS,ID,ANM,WE,Federal Contract Tower,2,7,5,0,14,0,0,14,0,14,2,7,19,0,28,10,0,10,38
03/07/2023,LWS,ID,ANM,WE,Federal Contract Tower,2,5,12,0,19,0,3,126,0,129,2,8,138,0,148,28,0,28,176
03/08/2023,LWS,ID,ANM,WE,Federal Contract Tower,2,8,9,0,19,0,0,149,0,149,2,8,158,0,168,46,0,46,214
03/09/2023,LWS,ID,ANM,WE,Federal Contract Tower,2,4,4,0,10,0,0,44,0,44,2,4,48,0,54,28,0,28,82
03/10/2023,LWS,ID,ANM,WE,Federal Contract Tower,2,12,5,0,19,0,0,3,0,3,2,12,8,0,22,8,0,8,30
03/11/2023,LWS,ID,ANM,WE,Federal Contract Tower,2,3,4,0,9,0,3,35,0,38,2,6,39,0,47,42,0,42,89
03/12/2023,LWS,ID,ANM,WE,Federal Contract Tower,2,3,1,0,6,0,0,44,0,44,2,3,45,0,50,26,0,26,76
03/13/2023,LWS,ID,ANM,WE,Federal Contract Tower,2,7,5,0,14,0,3,15,0,18,2,10,20,0,32,64,0,64,96
03/14/2023,LWS,ID,ANM,WE,Federal Contract Tower,2,7,5,0,14,0,0,41,0,41,2,7,46,0,55,46,0,46,101
03/15/2023,LWS,ID,ANM,WE,Federal Contract Tower,2,5,7,0,14,0,9,12,0,21,2,14,19,0,35,52,0,52,87
03/16/2023,LWS,ID,ANM,WE,Federal Contract Tower,2,7,5,0,14,0,4,54,2,60,2,11,59,2,74,40,2,42,116
03/17/2023,LWS,ID,ANM,WE,Federal Contract Tower,2,7,6,0,15,0,2,55,0,57,2,9,61,0,72,40,0,40,112
03/18/2023,LWS,ID,ANM,WE,Federal Contract Tower,2,2,4,0,8,0,7,58,0,65,2,9,62,0,73,42,0,42,115
03/19/2023,LWS,ID,ANM,WE,Federal Contract Tower,2,4,0,0,6,0,5,35,0,40,2,9,35,0,46,8,0,8,54
03/20/2023,LWS,ID,ANM,WE,Federal Contract Tower,2,6,1,0,9,0,0,1,0,1,2,6,2,0,10,0,0,0,10
03/21/2023,LWS,ID,ANM,WE,Federal Contract Tower,2,14,8,0,24,0,0,40,0,40,2,14,48,0,64,46,0,46,110
03/22/2023,LWS,ID,ANM,WE,Federal Contract Tower,2,5,10,0,17,0,1,66,0,67,2,6,76,0,84,128,0,128,212
03/23/2023,LWS,ID,ANM,WE,Federal Contract Tower,2,7,10,0,19,0,2,25,0,27,2,9,35,0,46,16,0,16,62
03/24/2023,LWS,ID,ANM,WE,Federal Contract Tower,2,6,8,0,16,0,1,14,0,15,2,7,22,0,31,26,0,26,57
03/25/2023,LWS,ID,ANM,WE,Federal Contract Tower,2,2,8,0,12,0,4,18,0,22,2,6,26,0,34,18,0,18,52
03/26/2023,LWS,ID,ANM,WE,Federal Contract Tower,2,2,1,0,5,0,4,7,0,11,2,6,8,0,16,24,0,24,40
03/27/2023,LWS,ID,ANM,WE,Federal Contract Tower,2,4,1,0,7,0,3,33,0,36,2,7,34,0,43,34,0,34,77
03/28/2023,LWS,ID,ANM,WE,Federal Contract Tower,2,6,2,0,10,0,2,30,0,32,2,8,32,0,42,48,0,48,90
03/29/2023,LWS,ID,ANM,WE,Federal Contract Tower,2,9,2,0,13,0,0,17,0,17,2,9,19,0,30,24,0,24,54
03/30/2023,LWS,ID,ANM,WE,Federal Contract Tower,2,6,9,0,17,0,0,21,0,21,2,6,30,0,38,44,0,44,82
03/31/2023,LWS,ID,ANM,WE,Federal Contract Tower,2,7,2,0,11,0,1,12,0,13,2,8,14,0,24,20,0,20,44
04/01/2023,LWS,ID,ANM,WE,Federal Contract Tower,2,4,3,0,9,0,3,5,0,8,2,7,8,0,17,0,0,0,17
04/02/2023,LWS,ID,ANM,WE,Federal Contract Tower,2,3,3,0,8,0,0,13,0,13,2,3,16,0,21,16,0,16,37
04/03/2023,LWS,ID,ANM,WE,Federal Contract Tower,2,15,5,0,22,0,0,2,0,2,2,15,7,0,24,10,0,10,34
04/04/2023,LWS,ID,ANM,WE,Federal Contract Tower,2,10,7,0,19,0,2,22,0,24,2,12,29,0,43,46,0,46,89
04/05/2023,LWS,ID,ANM,WE,Federal Contract Tower,2,4,11,0,17,0,6,47,0,53,2,10,58,0,70,30,0,30,100
04/06/2023,LWS,ID,ANM,WE,Federal Contract Tower,2,6,5,0,13,0,4,23,0,27,2,10,28,0,40,48,0,48,88
04/07/2023,LWS,ID,ANM,WE,Federal Contract Tower,2,7,11,0,20,0,2,11,0,13,2,9,22,0,33,90,0,90,123
04/08/2023,LWS,ID,ANM,WE,Federal Contract Tower,2,3,1,0,6,0,0,25,0,25,2,3,26,0,31,80,0,80,111
04/09/2023,LWS,ID,ANM,WE,Federal Contract Tower,2,2,1,0,5,0,2,19,0,21,2,4,20,0,26,36,0,36,62
04/10/2023,LWS,ID,ANM,WE,Federal Contract Tower,2,4,5,0,11,2,8,26,0,36,4,12,31,0,47,42,0,42,89
04/11/2023,LWS,ID,ANM,WE,Federal Contract Tower,4,8,9,0,21,0,2,4,0,6,4,10,13,0,27,0,0,0,27
04/12/2023,LWS,ID,ANM,WE,Federal Contract Tower,2,10,10,0,22,0,1,23,0,24,2,11,33,0,46,20,0,20,66
04/13/2023,LWS,ID,ANM,WE,Federal Contract Tower,2,7,4,0,13,0,1,45,0,46,2,8,49,0,59,60,0,60,119
04/14/2023,LWS,ID,ANM,WE,Federal Contract Tower,2,5,8,0,15,0,5,39,0,44,2,10,47,0,59,64,0,64,123
04/15/2023,LWS,ID,ANM,WE,Federal Contract Tower,2,4,2,0,8,0,6,53,0,59,2,10,55,0,67,80,0,80,147
04/16/2023,LWS,ID,ANM,WE,Federal Contract Tower,2,4,2,0,8,0,2,27,0,29,2,6,29,0,37,54,0,54,91
04/17/2023,LWS,ID,ANM,WE,Federal Contract Tower,2,6,5,0,13,0,3,39,0,42,2,9,44,0,55,68,0,68,123
04/18/2023,LWS,ID,ANM,WE,Federal Contract Tower,2,7,7,2,18,0,3,17,2,22,2,10,24,4,40,52,12,64,104
04/19/2023,LWS,ID,ANM,WE,Federal Contract Tower,2,5,9,0,16,0,12,28,0,40,2,17,37,0,56,98,0,98,154
04/20/2023,LWS,ID,ANM,WE,Federal Contract Tower,2,5,12,0,19,0,0,0,0,0,2,5,12,0,19,50,0,50,69
04/21/2023,LWS,ID,ANM,WE,Federal Contract Tower,2,8,8,0,18,0,2,12,0,14,2,10,20,0,32,2,0,2,34
04/22/2023,LWS,ID,ANM,WE,Federal Contract Tower,2,4,5,0,11,0,8,53,0,61,2,12,58,0,72,14,0,14,86
04/23/2023,LWS,ID,ANM,WE,Federal Contract Tower,2,3,5,0,10,0,1,29,0,30,2,4,34,0,40,28,0,28,68
04/24/2023,LWS,ID,ANM,WE,Federal Contract Tower,2,8,2,4,16,0,4,30,0,34,2,12,32,4,50,54,0,54,104
04/25/2023,LWS,ID,ANM,WE,Federal Contract Tower,2,5,0,0,7,0,6,45,0,51,2,11,45,0,58,66,0,66,124
04/26/2023,LWS,ID,ANM,WE,Federal Contract Tower,2,6,2,0,10,0,10,42,0,52,2,16,44,0,62,66,0,66,128
04/27/2023,LWS,ID,ANM,WE,Federal Contract Tower,2,5,8,0,15,0,6,55,0,61,2,11,63,0,76,94,0,94,170
04/28/2023,LWS,ID,ANM,WE,Federal Contract Tower,2,6,1,0,9,0,3,68,2,73,2,9,69,2,82,82,0,82,164
04/29/2023,LWS,ID,ANM,WE,Federal Contract Tower,2,2,5,0,9,0,4,47,4,55,2,6,52,4,64,86,0,86,150
04/30/2023,LWS,ID,ANM,WE,Federal Contract Tower,2,4,9,0,15,0,6,54,0,60,2,10,63,0,75,58,0,58,133
05/01/2023,LWS,ID,ANM,WE,Federal Contract Tower,2,8,0,0,10,0,4,72,2,78,2,12,72,2,88,20,0,20,108
05/02/2023,LWS,ID,ANM,WE,Federal Contract Tower,2,7,11,0,20,0,5,43,0,48,2,12,54,0,68,24,0,24,92
05/03/2023,LWS,ID,ANM,WE,Federal Contract Tower,2,6,3,0,11,0,8,67,0,75,2,14,70,0,86,64,0,64,150
05/04/2023,LWS,ID,ANM,WE,Federal Contract Tower,2,6,7,1,16,0,4,30,0,34,2,10,37,1,50,50,0,50,100
05/05/2023,LWS,ID,ANM,WE,Federal Contract Tower,2,6,4,0,12,0,1,4,0,5,2,7,8,0,17,0,0,0,17
05/06/2023,LWS,ID,ANM,WE,Federal Contract Tower,2,5,10,1,18,0,2,15,0,17,2,7,25,1,35,10,0,10,45
05/07/2023,LWS,ID,ANM,WE,Federal Contract Tower,2,3,9,0,14,0,4,39,0,43,2,7,48,0,57,66,0,66,123
05/08/2023,LWS,ID,ANM,WE,Federal Contract Tower,2,6,1,0,9,0,6,20,0,26,2,12,21,0,35,38,0,38,73
05/09/2023,LWS,ID,ANM,WE,Federal Contract Tower,2,8,5,0,15,0,2,7,0,9,2,10,12,0,24,14,0,14,38
05/10/2023,LWS,ID,ANM,WE,Federal Contract Tower,2,6,6,0,14,0,3,61,0,64,2,9,67,0,78,118,0,118,196
05/11/2023,LWS,ID,ANM,WE,Federal Contract Tower,2,8,5,0,15,0,6,80,0,86,2,14,85,0,101,82,0,82,183
05/12/2023,LWS,ID,ANM,WE,Federal Contract Tower,2,5,7,0,14,0,6,67,0,73,2,11,74,0,87,54,0,54,141
05/13/2023,LWS,ID,ANM,WE,Federal Contract Tower,2,4,1,2,9,0,2,37,0,39,2,6,38,2,48,8,0,8,56
05/14/2023,LWS,ID,ANM,WE,Federal Contract Tower,2,4,0,0,6,0,2,20,0,22,2,6,20,0,28,0,0,0,28
05/15/2023,LWS,ID,ANM,WE,Federal Contract Tower,2,6,1,0,9,0,4,27,0,31,2,10,28,0,40,34,0,34,74
05/16/2023,LWS,ID,ANM,WE,Federal Contract Tower,2,4,7,0,13,0,3,31,1,35,2,7,38,1,48,64,0,64,112
05/17/2023,LWS,ID,ANM,WE,Federal Contract Tower,2,6,5,0,13,0,6,39,0,45,2,12,44,0,58,102,0,102,160
05/18/2023,LWS,ID,ANM,WE,Federal Contract Tower,2,5,8,0,15,0,9,36,0,45,2,14,44,0,60,76,0,76,136
05/19/2023,LWS,ID,ANM,WE,Federal Contract Tower,2,7,11,0,20,0,3,71,2,76,2,10,82,2,96,54,0,54,150
05/20/2023,LWS,ID,ANM,WE,Federal Contract Tower,2,2,6,0,10,0,5,46,0,51,2,7,52,0,61,10,0,10,71
05/21/2023,LWS,ID,ANM,WE,Federal Contract Tower,2,2,3,0,7,0,3,24,0,27,2,5,27,0,34,14,0,14,48
05/22/2023,LWS,ID,ANM,WE,Federal Contract Tower,2,4,5,2,13,0,6,41,0,47,2,10,46,2,60,72,0,72,132
05/23/2023,LWS,ID,ANM,WE,Federal Contract Tower,2,6,6,0,14,0,5,48,0,53,2,11,54,0,67,76,0,76,143
05/24/2023,LWS,ID,ANM,WE,Federal Contract Tower,2,6,5,0,13,0,10,36,0,46,2,16,41,0,59,62,0,62,121
05/25/2023,LWS,ID,ANM,WE,Federal Contract Tower,2,6,6,0,14,0,5,77,2,84,2,11,83,2,98,36,0,36,134
05/26/2023,LWS,ID,ANM,WE,Federal Contract Tower,2,6,4,0,12,0,7,56,0,63,2,13,60,0,75,54,0,54,129
05/27/2023,LWS,ID,ANM,WE,Federal Contract Tower,2,4,0,0,6,0,3,6,0,9,2,7,6,0,15,38,0,38,53
05/28/2023,LWS,ID,ANM,WE,Federal Contract Tower,2,4,0,0,6,0,2,79,0,81,2,6,79,0,87,48,0,48,135
05/29/2023,LWS,ID,ANM,WE,Federal Contract Tower,2,3,0,0,5,0,4,52,0,56,2,7,52,0,61,106,0,106,167
05/30/2023,LWS,ID,ANM,WE,Federal Contract Tower,2,9,10,0,21,0,2,37,0,39,2,11,47,0,60,22,0,22,82
05/31/2023,LWS,ID,ANM,WE,Federal Contract Tower,2,6,6,0,14,0,4,72,2,78,2,10,78,2,92,86,0,86,178
06/01/2023,LWS,ID,ANM,WE,Federal Contract Tower,2,5,2,0,9,0,8,40,0,48,2,13,42,0,57,24,0,24,81
06/02/2023,LWS,ID,ANM,WE,Federal Contract Tower,2,5,8,0,15,0,3,62,0,65,2,8,70,0,80,62,0,62,142
06/03/2023,LWS,ID,ANM,WE,Federal Contract Tower,2,3,4,0,9,0,4,47,0,51,2,7,51,0,60,52,0,52,112
06/04/2023,LWS,ID,ANM,WE,Federal Contract Tower,2,3,5,0,10,0,7,25,0,32,2,10,30,0,42,18,0,18,60
06/05/2023,LWS,ID,ANM,WE,Federal Contract Tower,2,4,4,0,10,0,7,41,0,48,2,11,45,0,58,46,0,46,104
06/06/2023,LWS,ID,ANM,WE,Federal Contract Tower,2,7,6,4,19,0,14,59,0,73,2,21,65,4,92,46,8,54,146
06/07/2023,LWS,ID,ANM,WE,Federal Contract Tower,2,6,6,0,14,0,5,71,0,76,2,11,77,0,90,66,0,66,156
06/08/2023,LWS,ID,ANM,WE,Federal Contract Tower,2,7,3,0,12,0,4,39,0,43,2,11,42,0,55,30,0,30,85
06/09/2023,LWS,ID,ANM,WE,Federal Contract Tower,2,7,4,0,13,0,0,23,0,23,2,7,27,0,36,42,0,42,78
06/10/2023,LWS,ID,ANM,WE,Federal Contract Tower,2,3,6,0,11,0,4,22,0,26,2,7,28,0,37,60,0,60,97
06/11/2023,LWS,ID,ANM,WE,Federal Contract Tower,2,3,7,0,12,0,5,41,0,46,2,8,48,0,58,58,0,58,116
06/12/2023,LWS,ID,ANM,WE,Federal Contract Tower,2,6,5,0,13,0,4,70,0,74,2,10,75,0,87,36,0,36,123
06/13/2023,LWS,ID,ANM,WE,Federal Contract Tower,2,5,5,0,12,0,5,53,0,58,2,10,58,0,70,102,0,102,172
06/14/2023,LWS,ID,ANM,WE,Federal Contract Tower,2,7,6,0,15,0,4,30,0,34,2,11,36,0,49,14,0,14,63
06/15/2023,LWS,ID,ANM,WE,Federal Contract Tower,2,6,3,0,11,0,3,76,2,81,2,9,79,2,92,70,0,70,162
06/16/2023,LWS,ID,ANM,WE,Federal Contract Tower,2,5,10,0,17,0,6,61,0,67,2,11,71,0,84,58,0,58,142
06/17/2023,LWS,ID,ANM,WE,Federal Contract Tower,2,4,9,0,15,0,3,73,0,76,2,7,82,0,91,44,0,44,135
06/18/2023,LWS,ID,ANM,WE,Federal Contract Tower,2,7,3,0,12,0,5,18,0,23,2,12,21,0,35,2,0,2,37
06/19/2023,LWS,ID,ANM,WE,Federal Contract Tower,2,10,6,0,18,0,14,53,0,67,2,24,59,0,85,56,0,56,141
06/20/2023,LWS,ID,ANM,WE,Federal Contract Tower,2,7,3,2,14,0,5,43,0,48,2,12,46,2,62,28,0,28,90
06/21/2023,LWS,ID,ANM,WE,Federal Contract Tower,2,4,5,0,11,0,4,47,0,51,2,8,52,0,62,94,0,94,156
06/22/2023,LWS,ID,ANM,WE,Federal Contract Tower,2,7,11,0,20,0,5,60,0,65,2,12,71,0,85,60,0,60,145
06/23/2023,LWS,ID,ANM,WE,Federal Contract Tower,2,9,1,0,12,0,5,49,0,54,2,14,50,0,66,30,0,30,96
06/24/2023,LWS,ID,ANM,WE,Federal Contract Tower,2,2,2,0,6,0,3,23,0,26,2,5,25,0,32,28,0,28,60
06/25/2023,LWS,ID,ANM,WE,Federal Contract Tower,2,4,3,0,9,0,2,30,0,32,2,6,33,0,41,22,0,22,63
06/26/2023,LWS,ID,ANM,WE,Federal Contract Tower,2,8,3,0,13,0,2,31,0,33,2,10,34,0,46,34,0,34,80
06/27/2023,LWS,ID,ANM,WE,Federal Contract Tower,2,6,7,0,15,0,1,25,0,26,2,7,32,0,41,28,0,28,69
06/28/2023,LWS,ID,ANM,WE,Federal Contract Tower,2,7,5,0,14,0,8,42,0,50,2,15,47,0,64,22,0,22,86
06/29/2023,LWS,ID,ANM,WE,Federal Contract Tower,2,7,6,0,15,0,7,72,0,79,2,14,78,0,94,42,0,42,136
06/30/2023,LWS,ID,ANM,WE,Federal Contract Tower,2,6,6,0,14,0,5,117,2,124,2,11,123,2,138,50,4,54,192
07/01/2023,LWS,ID,ANM,WE,Federal Contract Tower,2,4,8,0,14,0,3,127,5,135,2,7,135,5,149,114,4,118,267
07/02/2023,LWS,ID,ANM,WE,Federal Contract Tower,2,5,9,0,16,0,0,65,0,65,2,5,74,0,81,32,0,32,113
07/03/2023,LWS,ID,ANM,WE,Federal Contract Tower,2,5,3,0,10,0,6,46,1,53,2,11,49,1,63,60,4,64,127
07/04/2023,LWS,ID,ANM,WE,Federal Contract Tower,2,5,0,0,7,0,3,38,0,41,2,8,38,0,48,4,0,4,52
07/05/2023,LWS,ID,ANM,WE,Federal Contract Tower,2,6,3,0,11,0,10,40,0,50,2,16,43,0,61,26,0,26,87
07/06/2023,LWS,ID,ANM,WE,Federal Contract Tower,2,5,8,0,15,0,4,47,1,52,2,9,55,1,67,42,2,44,111
07/07/2023,LWS,ID,ANM,WE,Federal Contract Tower,2,8,3,0,13,0,4,47,0,51,2,12,50,0,64,48,0,48,112
07/08/2023,LWS,ID,ANM,WE,Federal Contract Tower,2,5,3,0,10,0,6,33,0,39,2,11,36,0,49,6,0,6,55
07/09/2023,LWS,ID,ANM,WE,Federal Contract Tower,2,6,2,0,10,0,2,48,0,50,2,8,50,0,60,54,0,54,114
07/10/2023,LWS,ID,ANM,WE,Federal Contract Tower,2,6,1,0,9,0,4,27,0,31,2,10,28,0,40,74,0,74,114
07/11/2023,LWS,ID,ANM,WE,Federal Contract Tower,3,8,5,0,16,0,5,36,0,41,3,13,41,0,57,42,0,42,99
07/12/2023,LWS,ID,ANM,WE,Federal Contract Tower,2,6,6,0,14,0,6,46,0,52,2,12,52,0,66,24,0,24,90
07/13/2023,LWS,ID,ANM,WE,Federal Contract Tower,2,8,1,0,11,0,11,37,0,48,2,19,38,0,59,46,0,46,105
07/14/2023,LWS,ID,ANM,WE,Federal Contract Tower,2,5,4,0,11,0,3,37,0,40,2,8,41,0,51,50,0,50,101
07/15/2023,LWS,ID,ANM,WE,Federal Contract Tower,2,4,1,0,7,0,4,19,0,23,2,8,20,0,30,12,0,12,42
07/17/2023,LWS,ID,ANM,WE,Federal Contract Tower,2,6,3,0,11,0,10,29,0,39,2,16,32,0,50,0,8,8,58
07/18/2023,LWS,ID,ANM,WE,Federal Contract Tower,2,5,6,0,13,0,12,47,1,60,2,17,53,1,73,14,0,14,87
07/19/2023,LWS,ID,ANM,WE,Federal Contract Tower,2,5,7,0,14,0,12,29,0,41,2,17,36,0,55,34,0,34,89
07/20/2023,LWS,ID,ANM,WE,Federal Contract Tower,2,4,4,0,10,0,13,39,0,52,2,17,43,0,62,18,0,18,80
07/21/2023,LWS,ID,ANM,WE,Federal Contract Tower,2,5,6,0,13,0,16,47,0,63,2,21,53,0,76,50,0,50,126
07/22/2023,LWS,ID,ANM,WE,Federal Contract Tower,2,3,3,0,8,0,9,40,0,49,2,12,43,0,57,24,0,24,81
07/23/2023,LWS,ID,ANM,WE,Federal Contract Tower,2,2,4,0,8,0,6,32,0,38,2,8,36,0,46,10,0,10,56
07/24/2023,LWS,ID,ANM,WE,Federal Contract Tower,2,7,2,0,11,0,6,30,0,36,2,13,32,0,47,38,0,38,85
07/25/2023,LWS,ID,ANM,WE,Federal Contract Tower,2,5,4,0,11,0,14,32,0,46,2,19,36,0,57,10,0,10,67
07/26/2023,LWS,ID,ANM,WE,Federal Contract Tower,2,6,5,0,13,0,14,35,0,49,2,20,40,0,62,32,0,32,94
07/27/2023,LWS,ID,ANM,WE,Federal Contract Tower,2,6,4,0,12,0,2,41,2,45,2,8,45,2,57,16,0,16,73
07/28/2023,LWS,ID,ANM,WE,Federal Contract Tower,3,10,5,0,18,0,7,39,0,46,3,17,44,0,64,22,0,22,86
07/29/2023,LWS,ID,ANM,WE,Federal Contract Tower,2,3,3,0,8,0,5,32,0,37,2,8,35,0,45,80,0,80,125
07/30/2023,LWS,ID,ANM,WE,Federal Contract Tower,2,6,5,0,13,0,9,52,0,61,2,15,57,0,74,32,0,32,106
07/31/2023,LWS,ID,ANM,WE,Federal Contract Tower,2,7,7,0,16,0,4,21,0,25,2,11,28,0,41,10,0,10,51
08/01/2023,LWS,ID,ANM,WE,Federal Contract Tower,2,8,8,0,18,0,6,25,0,31,2,14,33,0,49,36,0,36,85
08/02/2023,LWS,ID,ANM,WE,Federal Contract Tower,2,7,5,0,14,0,30,27,0,57,2,37,32,0,71,48,0,48,119
08/03/2023,LWS,ID,ANM,WE,Federal Contract Tower,2,7,5,0,14,0,1,1,0,2,2,8,6,0,16,26,0,26,42
08/04/2023,LWS,ID,ANM,WE,Federal Contract Tower,2,4,6,0,12,0,10,31,0,41,2,14,37,0,53,50,0,50,103
08/05/2023,LWS,ID,ANM,WE,Federal Contract Tower,2,4,3,0,9,0,6,22,0,28,2,10,25,0,37,54,0,54,91
08/06/2023,LWS,ID,ANM,WE,Federal Contract Tower,2,7,2,0,11,0,4,34,0,38,2,11,36,0,49,48,0,48,97
08/07/2023,LWS,ID,ANM,WE,Federal Contract Tower,2,6,9,0,17,0,6,11,0,17,2,12,20,0,34,0,0,0,34
08/08/2023,LWS,ID,ANM,WE,Federal Contract Tower,2,5,8,2,17,0,4,24,0,28,2,9,32,2,45,0,0,0,45
08/09/2023,LWS,ID,ANM,WE,Federal Contract Tower,2,3,7,0,12,0,6,27,0,33,2,9,34,0,45,22,0,22,67
08/10/2023,LWS,ID,ANM,WE,Federal Contract Tower,2,7,7,0,16,0,5,35,0,40,2,12,42,0,56,58,0,58,114
08/11/2023,LWS,ID,ANM,WE,Federal Contract Tower,2,6,7,0,15,0,8,47,0,55,2,14,54,0,70,48,0,48,118
08/12/2023,LWS,ID,ANM,WE,Federal Contract Tower,2,2,4,0,8,0,4,43,0,47,2,6,47,0,55,48,0,48,103
08/13/2023,LWS,ID,ANM,WE,Federal Contract Tower,2,3,2,0,7,0,7,36,0,43,2,10,38,0,50,64,0,64,114
08/14/2023,LWS,ID,ANM,WE,Federal Contract Tower,4,7,8,0,19,0,10,36,0,46,4,17,44,0,65,6,0,6,71
08/15/2023,LWS,ID,ANM,WE,Federal Contract Tower,4,4,3,0,11,0,7,14,0,21,4,11,17,0,32,10,0,10,42
08/16/2023,LWS,ID,ANM,WE,Federal Contract Tower,2,7,4,0,13,0,10,21,0,31,2,17,25,0,44,12,0,12,56
08/17/2023,LWS,ID,ANM,WE,Federal Contract Tower,4,3,12,0,19,0,4,26,0,30,4,7,38,0,49,28,0,28,77
08/18/2023,LWS,ID,ANM,WE,Federal Contract Tower,4,3,9,0,16,0,10,22,0,32,4,13,31,0,48,6,0,6,54
08/19/2023,LWS,ID,ANM,WE,Federal Contract Tower,4,4,4,0,12,0,0,36,0,36,4,4,40,0,48,158,0,158,206
08/20/2023,LWS,ID,ANM,WE,Federal Contract Tower,2,4,8,0,14,0,0,13,0,13,2,4,21,0,27,60,0,60,87
08/21/2023,LWS,ID,ANM,WE,Federal Contract Tower,3,8,7,0,18,0,4,4,0,8,3,12,11,0,26,10,0,10,36
08/22/2023,LWS,ID,ANM,WE,Federal Contract Tower,2,11,13,0,26,0,0,3,0,3,2,11,16,0,29,0,0,0,29
08/23/2023,LWS,ID,ANM,WE,Federal Contract Tower,2,7,4,0,13,0,3,35,0,38,2,10,39,0,51,30,0,30,81
08/24/2023,LWS,ID,ANM,WE,Federal Contract Tower,4,3,6,0,13,0,5,34,0,39,4,8,40,0,52,28,0,28,80
08/25/2023,LWS,ID,ANM,WE,Federal Contract Tower,3,11,8,0,22,0,8,22,0,30,3,19,30,0,52,12,0,12,64
08/26/2023,LWS,ID,ANM,WE,Federal Contract Tower,2,3,7,2,14,0,3,31,0,34,2,6,38,2,48,14,0,14,62
08/27/2023,LWS,ID,ANM,WE,Federal Contract Tower,2,5,5,0,12,0,3,41,0,44,2,8,46,0,56,18,0,18,74
08/28/2023,LWS,ID,ANM,WE,Federal Contract Tower,2,7,9,0,18,0,1,24,0,25,2,8,33,0,43,10,0,10,53
08/29/2023,LWS,ID,ANM,WE,Federal Contract Tower,1,7,5,0,13,0,5,26,0,31,1,12,31,0,44,6,0,6,50
08/30/2023,LWS,ID,ANM,WE,Federal Contract Tower,2,6,8,0,16,0,2,17,4,23,2,8,25,4,39,14,0,14,53
08/31/2023,LWS,ID,ANM,WE,Federal Contract Tower,2,5,8,0,15,0,4,50,0,54,2,9,58,0,69,54,0,54,123
