01/01/2020,LYH,VA,AEA,EN,Federal Contract Tower,3,10,7,0,20,0,2,18,0,20,3,12,25,0,40,2,0,2,42
01/02/2020,LYH,VA,AEA,EN,Federal Contract Tower,3,12,11,0,26,0,1,44,1,46,3,13,55,1,72,86,0,86,158
01/03/2020,LYH,VA,AEA,EN,Federal Contract Tower,3,6,11,4,24,0,0,0,0,0,3,6,11,4,24,0,0,0,24
01/04/2020,LYH,VA,AEA,EN,Federal Contract Tower,3,16,6,0,25,0,0,2,0,2,3,16,8,0,27,0,0,0,27
01/05/2020,LYH,VA,AEA,EN,Federal Contract Tower,3,14,2,0,19,0,0,27,0,27,3,14,29,0,46,18,0,18,64
01/06/2020,LYH,VA,AEA,EN,Federal Contract Tower,4,17,15,1,37,0,3,88,0,91,4,20,103,1,128,30,0,30,158
01/07/2020,LYH,VA,AEA,EN,Federal Contract Tower,3,10,3,0,16,0,0,2,0,2,3,10,5,0,18,0,0,0,18
01/08/2020,LYH,VA,AEA,EN,Federal Contract Tower,3,10,13,4,30,0,2,8,6,16,3,12,21,10,46,4,2,6,52
01/09/2020,LYH,VA,AEA,EN,Federal Contract Tower,3,12,11,0,26,0,0,113,0,113,3,12,124,0,139,206,0,206,345
01/10/2020,LYH,VA,AEA,EN,Federal Contract Tower,3,12,12,2,29,0,0,21,2,23,3,12,33,4,52,40,0,40,92
01/11/2020,LYH,VA,AEA,EN,Federal Contract Tower,3,11,5,0,19,0,0,0,0,0,3,11,5,0,19,0,0,0,19
01/12/2020,LYH,VA,AEA,EN,Federal Contract Tower,3,11,20,0,34,0,0,36,0,36,3,11,56,0,70,60,0,60,130
01/13/2020,LYH,VA,AEA,EN,Federal Contract Tower,3,17,10,1,31,0,3,38,0,41,3,20,48,1,72,70,0,70,142
01/14/2020,LYH,VA,AEA,EN,Federal Contract Tower,3,8,20,0,31,0,0,0,0,0,3,8,20,0,31,0,0,0,31
01/15/2020,LYH,VA,AEA,EN,Federal Contract Tower,3,13,29,12,57,0,2,80,4,86,3,15,109,16,143,102,8,110,253
01/16/2020,LYH,VA,AEA,EN,Federal Contract Tower,3,12,11,0,26,0,3,8,2,13,3,15,19,2,39,4,0,4,43
01/17/2020,LYH,VA,AEA,EN,Federal Contract Tower,3,18,43,0,64,0,1,140,2,143,3,19,183,2,207,224,0,224,431
01/18/2020,LYH,VA,AEA,EN,Federal Contract Tower,3,10,2,0,15,0,0,0,0,0,3,10,2,0,15,0,0,0,15
01/19/2020,LYH,VA,AEA,EN,Federal Contract Tower,4,9,4,0,17,0,1,7,0,8,4,10,11,0,25,0,0,0,25
01/20/2020,LYH,VA,AEA,EN,Federal Contract Tower,3,6,58,0,67,0,3,143,0,146,3,9,201,0,213,118,0,118,331
01/21/2020,LYH,VA,AEA,EN,Federal Contract Tower,4,10,37,0,51,0,0,128,0,128,4,10,165,0,179,244,0,244,423
01/22/2020,LYH,VA,AEA,EN,Federal Contract Tower,2,14,33,3,52,0,0,168,1,169,2,14,201,4,221,224,10,234,455
01/23/2020,LYH,VA,AEA,EN,Federal Contract Tower,3,13,51,7,74,0,0,152,3,155,3,13,203,10,229,224,30,254,483
01/24/2020,LYH,VA,AEA,EN,Federal Contract Tower,3,13,15,0,31,0,0,0,0,0,3,13,15,0,31,0,0,0,31
01/25/2020,LYH,VA,AEA,EN,Federal Contract Tower,3,9,29,0,41,0,0,31,2,33,3,9,60,2,74,40,4,44,118
01/26/2020,LYH,VA,AEA,EN,Federal Contract Tower,5,17,18,0,40,1,13,0,0,14,6,30,18,0,54,0,0,0,54
01/27/2020,LYH,VA,AEA,EN,Federal Contract Tower,3,15,32,2,52,0,2,171,0,173,3,17,203,2,225,214,0,214,439
01/28/2020,LYH,VA,AEA,EN,Federal Contract Tower,4,10,38,4,56,0,4,137,1,142,4,14,175,5,198,250,10,260,458
01/29/2020,LYH,VA,AEA,EN,Federal Contract Tower,3,15,41,0,59,0,2,172,0,174,3,17,213,0,233,370,0,370,603
01/30/2020,LYH,VA,AEA,EN,Federal Contract Tower,3,12,57,1,73,0,4,118,2,124,3,16,175,3,197,260,0,260,457
01/31/2020,LYH,VA,AEA,EN,Federal Contract Tower,3,11,13,2,29,0,0,61,4,65,3,11,74,6,94,122,6,128,222
02/01/2020,LYH,VA,AEA,EN,Federal Contract Tower,3,9,7,0,19,0,0,32,1,33,3,9,39,1,52,22,0,22,74
02/02/2020,LYH,VA,AEA,EN,Federal Contract Tower,3,10,2,0,15,0,0,18,1,19,3,10,20,1,34,0,0,0,34
02/03/2020,LYH,VA,AEA,EN,Federal Contract Tower,3,13,40,2,58,0,2,163,1,166,3,15,203,3,224,440,2,442,666
02/04/2020,LYH,VA,AEA,EN,Federal Contract Tower,4,11,44,4,63,0,0,118,2,120,4,11,162,6,183,398,0,398,581
02/05/2020,LYH,VA,AEA,EN,Federal Contract Tower,3,12,20,0,35,0,0,5,0,5,3,12,25,0,40,20,0,20,60
02/06/2020,LYH,VA,AEA,EN,Federal Contract Tower,3,7,2,0,12,0,0,0,0,0,3,7,2,0,12,0,0,0,12
02/07/2020,LYH,VA,AEA,EN,Federal Contract Tower,1,10,3,0,14,0,0,4,0,4,1,10,7,0,18,0,0,0,18
02/08/2020,LYH,VA,AEA,EN,Federal Contract Tower,3,9,44,0,56,0,1,115,0,116,3,10,159,0,172,342,0,342,514
02/09/2020,LYH,VA,AEA,EN,Federal Contract Tower,3,17,28,6,54,0,0,39,3,42,3,17,67,9,96,24,0,24,120
02/10/2020,LYH,VA,AEA,EN,Federal Contract Tower,3,11,12,6,32,0,0,2,0,2,3,11,14,6,34,0,0,0,34
02/11/2020,LYH,VA,AEA,EN,Federal Contract Tower,3,12,48,3,66,0,3,35,0,38,3,15,83,3,104,166,0,166,270
02/12/2020,LYH,VA,AEA,EN,Federal Contract Tower,3,7,17,2,29,0,0,71,2,73,3,7,88,4,102,198,0,198,300
02/13/2020,LYH,VA,AEA,EN,Federal Contract Tower,5,6,10,0,21,0,0,0,0,0,5,6,10,0,21,0,0,0,21
02/14/2020,LYH,VA,AEA,EN,Federal Contract Tower,3,12,35,2,52,0,0,143,0,143,3,12,178,2,195,302,16,318,513
02/15/2020,LYH,VA,AEA,EN,Federal Contract Tower,3,7,13,0,23,0,0,144,0,144,3,7,157,0,167,382,0,382,549
02/16/2020,LYH,VA,AEA,EN,Federal Contract Tower,3,9,13,0,25,0,2,26,0,28,3,11,39,0,53,72,0,72,125
02/17/2020,LYH,VA,AEA,EN,Federal Contract Tower,3,13,39,0,55,0,2,159,0,161,3,15,198,0,216,372,0,372,588
02/18/2020,LYH,VA,AEA,EN,Federal Contract Tower,3,14,31,2,50,0,0,20,0,20,3,14,51,2,70,106,0,106,176
02/19/2020,LYH,VA,AEA,EN,Federal Contract Tower,2,18,30,0,50,0,4,174,0,178,2,22,204,0,228,412,0,412,640
02/20/2020,LYH,VA,AEA,EN,Federal Contract Tower,4,10,18,10,42,0,0,64,2,66,4,10,82,12,108,164,8,172,280
02/21/2020,LYH,VA,AEA,EN,Federal Contract Tower,3,10,43,6,62,0,0,199,5,204,3,10,242,11,266,436,0,436,702
02/22/2020,LYH,VA,AEA,EN,Federal Contract Tower,3,7,22,0,32,0,2,125,0,127,3,9,147,0,159,276,0,276,435
02/23/2020,LYH,VA,AEA,EN,Federal Contract Tower,3,9,16,0,28,0,2,54,0,56,3,11,70,0,84,40,0,40,124
02/24/2020,LYH,VA,AEA,EN,Federal Contract Tower,3,12,24,0,39,0,0,96,0,96,3,12,120,0,135,268,0,268,403
02/25/2020,LYH,VA,AEA,EN,Federal Contract Tower,6,8,31,0,45,0,1,58,0,59,6,9,89,0,104,220,0,220,324
02/26/2020,LYH,VA,AEA,EN,Federal Contract Tower,3,13,34,0,50,0,0,17,0,17,3,13,51,0,67,70,0,70,137
02/27/2020,LYH,VA,AEA,EN,Federal Contract Tower,3,11,9,5,28,0,2,14,5,21,3,13,23,10,49,16,0,16,65
02/28/2020,LYH,VA,AEA,EN,Federal Contract Tower,3,15,11,0,29,0,2,84,0,86,3,17,95,0,115,192,0,192,307
02/29/2020,LYH,VA,AEA,EN,Federal Contract Tower,2,7,6,0,15,0,0,55,0,55,2,7,61,0,70,132,0,132,202
03/01/2020,LYH,VA,AEA,EN,Federal Contract Tower,4,9,10,0,23,0,2,65,0,67,4,11,75,0,90,82,0,82,172
03/02/2020,LYH,VA,AEA,EN,Federal Contract Tower,3,8,35,2,48,0,4,93,0,97,3,12,128,2,145,216,0,216,361
03/03/2020,LYH,VA,AEA,EN,Federal Contract Tower,3,11,12,0,26,0,2,66,0,68,3,13,78,0,94,206,0,206,300
03/04/2020,LYH,VA,AEA,EN,Federal Contract Tower,3,18,40,2,63,0,243,2,0,245,3,261,42,2,308,514,0,514,822
03/05/2020,LYH,VA,AEA,EN,Federal Contract Tower,4,9,38,2,53,0,2,161,2,165,4,11,199,4,218,388,12,400,618
03/06/2020,LYH,VA,AEA,EN,Federal Contract Tower,4,12,12,1,29,0,3,69,0,72,4,15,81,1,101,164,0,164,265
03/07/2020,LYH,VA,AEA,EN,Federal Contract Tower,4,5,8,3,20,0,0,59,0,59,4,5,67,3,79,132,0,132,211
03/08/2020,LYH,VA,AEA,EN,Federal Contract Tower,2,12,11,4,29,0,4,49,0,53,2,16,60,4,82,98,0,98,180
03/09/2020,LYH,VA,AEA,EN,Federal Contract Tower,4,10,27,8,49,0,6,167,6,179,4,16,194,14,228,356,8,364,592
03/10/2020,LYH,VA,AEA,EN,Federal Contract Tower,2,11,25,2,40,0,0,54,0,54,2,11,79,2,94,132,0,132,226
03/11/2020,LYH,VA,AEA,EN,Federal Contract Tower,4,12,19,3,38,0,0,183,2,185,4,12,202,5,223,418,2,420,643
03/12/2020,LYH,VA,AEA,EN,Federal Contract Tower,4,9,55,0,68,0,0,126,0,126,4,9,181,0,194,222,0,222,416
03/13/2020,LYH,VA,AEA,EN,Federal Contract Tower,5,10,19,0,34,0,0,58,0,58,5,10,77,0,92,114,0,114,206
03/14/2020,LYH,VA,AEA,EN,Federal Contract Tower,3,5,19,0,27,0,0,82,0,82,3,5,101,0,109,170,0,170,279
03/15/2020,LYH,VA,AEA,EN,Federal Contract Tower,3,8,4,0,15,0,0,0,0,0,3,8,4,0,15,0,0,0,15
03/16/2020,LYH,VA,AEA,EN,Federal Contract Tower,4,11,22,2,39,0,1,122,0,123,4,12,144,2,162,284,2,286,448
03/17/2020,LYH,VA,AEA,EN,Federal Contract Tower,2,13,18,2,35,0,2,124,0,126,2,15,142,2,161,336,0,336,497
03/18/2020,LYH,VA,AEA,EN,Federal Contract Tower,5,12,22,0,39,0,2,109,0,111,5,14,131,0,150,272,0,272,422
03/19/2020,LYH,VA,AEA,EN,Federal Contract Tower,2,8,26,0,36,0,0,92,2,94,2,8,118,2,130,220,0,220,350
03/20/2020,LYH,VA,AEA,EN,Federal Contract Tower,3,10,13,0,26,0,2,39,0,41,3,12,52,0,67,104,0,104,171
03/21/2020,LYH,VA,AEA,EN,Federal Contract Tower,4,6,15,0,25,0,2,14,0,16,4,8,29,0,41,10,0,10,51
03/22/2020,LYH,VA,AEA,EN,Federal Contract Tower,2,8,11,0,21,0,2,28,0,30,2,10,39,0,51,40,0,40,91
03/23/2020,LYH,VA,AEA,EN,Federal Contract Tower,5,6,3,0,14,0,0,0,0,0,5,6,3,0,14,0,0,0,14
03/24/2020,LYH,VA,AEA,EN,Federal Contract Tower,2,7,22,1,32,0,0,74,0,74,2,7,96,1,106,224,0,224,330
03/25/2020,LYH,VA,AEA,EN,Federal Contract Tower,4,3,24,2,33,0,0,25,0,25,4,3,49,2,58,180,0,180,238
03/26/2020,LYH,VA,AEA,EN,Federal Contract Tower,6,2,35,0,43,0,0,82,0,82,6,2,117,0,125,256,0,256,381
03/27/2020,LYH,VA,AEA,EN,Federal Contract Tower,4,4,29,4,41,0,1,187,2,190,4,5,216,6,231,352,10,362,593
03/28/2020,LYH,VA,AEA,EN,Federal Contract Tower,4,2,13,0,19,0,3,77,0,80,4,5,90,0,99,250,0,250,349
03/29/2020,LYH,VA,AEA,EN,Federal Contract Tower,0,4,5,0,9,0,4,23,0,27,0,8,28,0,36,40,0,40,76
03/30/2020,LYH,VA,AEA,EN,Federal Contract Tower,4,2,10,2,18,0,0,46,0,46,4,2,56,2,64,70,0,70,134
03/31/2020,LYH,VA,AEA,EN,Federal Contract Tower,2,4,6,0,12,0,0,6,0,6,2,4,12,0,18,0,0,0,18
04/01/2020,LYH,VA,AEA,EN,Federal Contract Tower,4,0,3,0,7,0,0,10,0,10,4,0,13,0,17,0,0,0,17
04/02/2020,LYH,VA,AEA,EN,Federal Contract Tower,4,1,4,0,9,0,0,33,0,33,4,1,37,0,42,30,0,30,72
04/03/2020,LYH,VA,AEA,EN,Federal Contract Tower,2,0,7,0,9,0,0,47,0,47,2,0,54,0,56,74,0,74,130
04/04/2020,LYH,VA,AEA,EN,Federal Contract Tower,2,0,9,0,11,0,1,52,0,53,2,1,61,0,64,28,0,28,92
04/05/2020,LYH,VA,AEA,EN,Federal Contract Tower,0,2,9,0,11,0,1,29,0,30,0,3,38,0,41,8,0,8,49
04/06/2020,LYH,VA,AEA,EN,Federal Contract Tower,2,5,7,4,18,0,2,11,0,13,2,7,18,4,31,6,12,18,49
04/07/2020,LYH,VA,AEA,EN,Federal Contract Tower,0,0,6,0,6,0,1,38,0,39,0,1,44,0,45,128,0,128,173
04/08/2020,LYH,VA,AEA,EN,Federal Contract Tower,1,3,1,8,13,0,0,25,1,26,1,3,26,9,39,156,0,156,195
04/09/2020,LYH,VA,AEA,EN,Federal Contract Tower,2,6,3,0,11,0,0,10,0,10,2,6,13,0,21,28,0,28,49
04/10/2020,LYH,VA,AEA,EN,Federal Contract Tower,2,4,2,0,8,0,0,7,2,9,2,4,9,2,17,0,0,0,17
04/11/2020,LYH,VA,AEA,EN,Federal Contract Tower,2,0,11,0,13,0,0,39,0,39,2,0,50,0,52,94,0,94,146
04/12/2020,LYH,VA,AEA,EN,Federal Contract Tower,2,2,1,0,5,0,3,1,0,4,2,5,2,0,9,0,0,0,9
04/13/2020,LYH,VA,AEA,EN,Federal Contract Tower,2,4,0,0,6,0,0,0,0,0,2,4,0,0,6,0,0,0,6
04/14/2020,LYH,VA,AEA,EN,Federal Contract Tower,2,0,17,0,19,0,0,62,0,62,2,0,79,0,81,134,0,134,215
04/15/2020,LYH,VA,AEA,EN,Federal Contract Tower,2,2,6,4,14,0,0,59,2,61,2,2,65,6,75,70,0,70,145
04/16/2020,LYH,VA,AEA,EN,Federal Contract Tower,2,0,22,0,24,0,1,42,0,43,2,1,64,0,67,26,0,26,93
04/17/2020,LYH,VA,AEA,EN,Federal Contract Tower,2,0,4,0,6,0,0,34,2,36,2,0,38,2,42,66,0,66,108
04/18/2020,LYH,VA,AEA,EN,Federal Contract Tower,2,0,5,0,7,0,1,5,0,6,2,1,10,0,13,2,0,2,15
04/19/2020,LYH,VA,AEA,EN,Federal Contract Tower,1,2,11,0,14,0,0,26,0,26,1,2,37,0,40,14,0,14,54
04/20/2020,LYH,VA,AEA,EN,Federal Contract Tower,2,2,5,0,9,0,0,11,0,11,2,2,16,0,20,32,0,32,52
04/21/2020,LYH,VA,AEA,EN,Federal Contract Tower,1,1,3,0,5,0,2,22,4,28,1,3,25,4,33,24,2,26,59
04/22/2020,LYH,VA,AEA,EN,Federal Contract Tower,1,2,12,0,15,0,0,103,2,105,1,2,115,2,120,160,0,160,280
04/23/2020,LYH,VA,AEA,EN,Federal Contract Tower,1,0,6,0,7,0,0,0,0,0,1,0,6,0,7,0,0,0,7
04/24/2020,LYH,VA,AEA,EN,Federal Contract Tower,1,4,7,2,14,0,1,21,0,22,1,5,28,2,36,66,0,66,102
04/25/2020,LYH,VA,AEA,EN,Federal Contract Tower,2,2,3,0,7,0,0,10,0,10,2,2,13,0,17,42,0,42,59
04/26/2020,LYH,VA,AEA,EN,Federal Contract Tower,2,2,6,0,10,0,0,0,0,0,2,2,6,0,10,0,0,0,10
04/27/2020,LYH,VA,AEA,EN,Federal Contract Tower,2,0,10,2,14,0,6,29,2,37,2,6,39,4,51,32,0,32,83
04/28/2020,LYH,VA,AEA,EN,Federal Contract Tower,2,4,12,0,18,0,4,85,0,89,2,8,97,0,107,118,0,118,225
04/29/2020,LYH,VA,AEA,EN,Federal Contract Tower,2,4,17,2,25,0,4,50,4,58,2,8,67,6,83,66,10,76,159
04/30/2020,LYH,VA,AEA,EN,Federal Contract Tower,2,1,12,0,15,0,0,6,0,6,2,1,18,0,21,38,0,38,59
05/01/2020,LYH,VA,AEA,EN,Federal Contract Tower,1,7,13,0,21,0,0,40,0,40,1,7,53,0,61,42,0,42,103
05/02/2020,LYH,VA,AEA,EN,Federal Contract Tower,2,2,18,0,22,0,0,50,0,50,2,2,68,0,72,54,0,54,126
05/03/2020,LYH,VA,AEA,EN,Federal Contract Tower,1,4,10,0,15,0,4,13,0,17,1,8,23,0,32,12,0,12,44
05/04/2020,LYH,VA,AEA,EN,Federal Contract Tower,1,4,11,2,18,0,0,33,0,33,1,4,44,2,51,48,2,50,101
05/05/2020,LYH,VA,AEA,EN,Federal Contract Tower,2,7,6,0,15,0,0,9,2,11,2,7,15,2,26,74,0,74,100
05/06/2020,LYH,VA,AEA,EN,Federal Contract Tower,2,5,11,4,22,0,0,29,2,31,2,5,40,6,53,36,0,36,89
05/07/2020,LYH,VA,AEA,EN,Federal Contract Tower,4,0,13,3,20,0,0,77,4,81,4,0,90,7,101,152,0,152,253
05/08/2020,LYH,VA,AEA,EN,Federal Contract Tower,4,3,12,0,19,0,1,18,0,19,4,4,30,0,38,32,0,32,70
05/09/2020,LYH,VA,AEA,EN,Federal Contract Tower,4,0,1,0,5,0,1,22,0,23,4,1,23,0,28,38,0,38,66
05/10/2020,LYH,VA,AEA,EN,Federal Contract Tower,4,0,10,0,14,0,2,12,0,14,4,2,22,0,28,18,0,18,46
05/11/2020,LYH,VA,AEA,EN,Federal Contract Tower,4,4,5,0,13,0,0,20,0,20,4,4,25,0,33,26,0,26,59
05/12/2020,LYH,VA,AEA,EN,Federal Contract Tower,4,0,18,0,22,0,2,80,8,90,4,2,98,8,112,196,0,196,308
05/13/2020,LYH,VA,AEA,EN,Federal Contract Tower,4,0,16,0,20,0,0,92,2,94,4,0,108,2,114,182,0,182,296
05/14/2020,LYH,VA,AEA,EN,Federal Contract Tower,3,2,14,6,25,0,0,67,4,71,3,2,81,10,96,46,14,60,156
05/15/2020,LYH,VA,AEA,EN,Federal Contract Tower,4,1,12,0,17,0,1,44,0,45,4,2,56,0,62,74,0,74,136
05/16/2020,LYH,VA,AEA,EN,Federal Contract Tower,4,0,9,0,13,0,0,43,0,43,4,0,52,0,56,42,0,42,98
05/17/2020,LYH,VA,AEA,EN,Federal Contract Tower,4,0,21,0,25,0,0,5,0,5,4,0,26,0,30,0,0,0,30
05/18/2020,LYH,VA,AEA,EN,Federal Contract Tower,4,1,7,10,22,0,0,0,0,0,4,1,7,10,22,0,0,0,22
05/19/2020,LYH,VA,AEA,EN,Federal Contract Tower,6,0,5,0,11,0,0,1,0,1,6,0,6,0,12,0,0,0,12
05/20/2020,LYH,VA,AEA,EN,Federal Contract Tower,4,0,8,0,12,0,0,0,0,0,4,0,8,0,12,0,0,0,12
05/21/2020,LYH,VA,AEA,EN,Federal Contract Tower,4,2,5,0,11,0,0,0,0,0,4,2,5,0,11,0,0,0,11
05/22/2020,LYH,VA,AEA,EN,Federal Contract Tower,4,0,6,0,10,0,1,11,0,12,4,1,17,0,22,46,0,46,68
05/23/2020,LYH,VA,AEA,EN,Federal Contract Tower,4,0,14,0,18,0,1,48,0,49,4,1,62,0,67,70,0,70,137
05/24/2020,LYH,VA,AEA,EN,Federal Contract Tower,4,1,16,0,21,0,0,17,0,17,4,1,33,0,38,26,0,26,64
05/25/2020,LYH,VA,AEA,EN,Federal Contract Tower,4,1,13,0,18,0,0,2,0,2,4,1,15,0,20,0,0,0,20
05/26/2020,LYH,VA,AEA,EN,Federal Contract Tower,4,2,27,0,33,0,0,43,0,43,4,2,70,0,76,144,0,144,220
05/27/2020,LYH,VA,AEA,EN,Federal Contract Tower,4,0,15,2,21,0,0,3,0,3,4,0,18,2,24,0,0,0,24
05/28/2020,LYH,VA,AEA,EN,Federal Contract Tower,4,0,19,6,29,0,0,8,0,8,4,0,27,6,37,34,4,38,75
05/29/2020,LYH,VA,AEA,EN,Federal Contract Tower,4,0,23,8,35,0,0,17,0,17,4,0,40,8,52,62,0,62,114
05/30/2020,LYH,VA,AEA,EN,Federal Contract Tower,4,0,6,0,10,0,1,29,0,30,4,1,35,0,40,50,0,50,90
05/31/2020,LYH,VA,AEA,EN,Federal Contract Tower,5,2,19,4,30,0,2,31,0,33,5,4,50,4,63,20,0,20,83
06/01/2020,LYH,VA,AEA,EN,Federal Contract Tower,4,1,20,0,25,0,1,54,0,55,4,2,74,0,80,60,0,60,140
06/02/2020,LYH,VA,AEA,EN,Federal Contract Tower,4,0,8,0,12,0,3,60,0,63,4,3,68,0,75,128,0,128,203
06/03/2020,LYH,VA,AEA,EN,Federal Contract Tower,4,0,16,0,20,0,0,70,0,70,4,0,86,0,90,108,0,108,198
06/04/2020,LYH,VA,AEA,EN,Federal Contract Tower,4,0,10,0,14,0,0,55,0,55,4,0,65,0,69,100,0,100,169
06/05/2020,LYH,VA,AEA,EN,Federal Contract Tower,4,2,13,0,19,0,0,31,0,31,4,2,44,0,50,90,0,90,140
06/06/2020,LYH,VA,AEA,EN,Federal Contract Tower,4,0,12,0,16,0,0,28,0,28,4,0,40,0,44,36,0,36,80
06/07/2020,LYH,VA,AEA,EN,Federal Contract Tower,4,0,11,0,15,0,0,35,0,35,4,0,46,0,50,24,0,24,74
06/08/2020,LYH,VA,AEA,EN,Federal Contract Tower,4,0,9,0,13,0,4,49,0,53,4,4,58,0,66,52,0,52,118
06/09/2020,LYH,VA,AEA,EN,Federal Contract Tower,4,2,22,0,28,0,0,25,0,25,4,2,47,0,53,74,0,74,127
06/10/2020,LYH,VA,AEA,EN,Federal Contract Tower,4,3,11,0,18,0,0,11,0,11,4,3,22,0,29,24,0,24,53
06/11/2020,LYH,VA,AEA,EN,Federal Contract Tower,4,8,12,12,36,0,1,52,0,53,4,9,64,12,89,130,0,130,219
06/12/2020,LYH,VA,AEA,EN,Federal Contract Tower,4,1,28,5,38,0,1,112,0,113,4,2,140,5,151,190,0,190,341
06/13/2020,LYH,VA,AEA,EN,Federal Contract Tower,4,0,6,0,10,0,0,28,0,28,4,0,34,0,38,48,0,48,86
06/14/2020,LYH,VA,AEA,EN,Federal Contract Tower,5,0,19,4,28,0,0,12,0,12,5,0,31,4,40,24,0,24,64
06/15/2020,LYH,VA,AEA,EN,Federal Contract Tower,4,2,18,0,24,0,0,2,1,3,4,2,20,1,27,0,0,0,27
06/16/2020,LYH,VA,AEA,EN,Federal Contract Tower,4,1,15,0,20,0,0,32,0,32,4,1,47,0,52,80,0,80,132
06/17/2020,LYH,VA,AEA,EN,Federal Contract Tower,4,3,4,0,11,0,0,0,0,0,4,3,4,0,11,0,0,0,11
06/18/2020,LYH,VA,AEA,EN,Federal Contract Tower,5,2,27,0,34,0,0,41,0,41,5,2,68,0,75,280,0,280,355
06/19/2020,LYH,VA,AEA,EN,Federal Contract Tower,4,0,32,0,36,0,1,14,0,15,4,1,46,0,51,90,0,90,141
06/20/2020,LYH,VA,AEA,EN,Federal Contract Tower,4,0,15,0,19,0,0,17,0,17,4,0,32,0,36,20,0,20,56
06/21/2020,LYH,VA,AEA,EN,Federal Contract Tower,4,3,8,2,17,0,0,18,2,20,4,3,26,4,37,14,0,14,51
06/22/2020,LYH,VA,AEA,EN,Federal Contract Tower,4,3,16,3,26,0,2,94,0,96,4,5,110,3,122,196,0,196,318
06/23/2020,LYH,VA,AEA,EN,Federal Contract Tower,4,3,27,4,38,0,2,97,0,99,4,5,124,4,137,236,0,236,373
06/24/2020,LYH,VA,AEA,EN,Federal Contract Tower,4,2,16,0,22,0,0,121,4,125,4,2,137,4,147,276,0,276,423
06/25/2020,LYH,VA,AEA,EN,Federal Contract Tower,3,1,16,6,26,0,1,130,0,131,3,2,146,6,157,226,0,226,383
06/26/2020,LYH,VA,AEA,EN,Federal Contract Tower,4,0,18,0,22,0,1,125,0,126,4,1,143,0,148,254,0,254,402
06/27/2020,LYH,VA,AEA,EN,Federal Contract Tower,4,1,18,1,24,0,1,61,0,62,4,2,79,1,86,58,4,62,148
06/28/2020,LYH,VA,AEA,EN,Federal Contract Tower,5,2,19,0,26,0,0,19,0,19,5,2,38,0,45,6,0,6,51
06/29/2020,LYH,VA,AEA,EN,Federal Contract Tower,4,0,23,4,31,0,2,101,0,103,4,2,124,4,134,210,0,210,344
06/30/2020,LYH,VA,AEA,EN,Federal Contract Tower,4,0,31,2,37,0,0,138,2,140,4,0,169,4,177,242,0,242,419
07/02/2020,LYH,VA,AEA,EN,Federal Contract Tower,7,0,28,2,37,0,0,125,1,126,7,0,153,3,163,286,18,304,467
07/03/2020,LYH,VA,AEA,EN,Federal Contract Tower,4,0,17,0,21,0,0,65,0,65,4,0,82,0,86,50,0,50,136
07/04/2020,LYH,VA,AEA,EN,Federal Contract Tower,4,0,6,0,10,0,0,23,0,23,4,0,29,0,33,12,0,12,45
07/05/2020,LYH,VA,AEA,EN,Federal Contract Tower,4,1,9,0,14,0,1,20,2,23,4,2,29,2,37,2,0,2,39
07/06/2020,LYH,VA,AEA,EN,Federal Contract Tower,4,4,24,0,32,0,0,127,0,127,4,4,151,0,159,312,0,312,471
07/07/2020,LYH,VA,AEA,EN,Federal Contract Tower,4,3,42,0,49,0,5,135,0,140,4,8,177,0,189,270,0,270,459
07/08/2020,LYH,VA,AEA,EN,Federal Contract Tower,4,4,23,2,33,0,4,70,2,76,4,8,93,4,109,208,2,210,319
07/09/2020,LYH,VA,AEA,EN,Federal Contract Tower,4,4,33,2,43,0,1,89,0,90,4,5,122,2,133,230,0,230,363
07/10/2020,LYH,VA,AEA,EN,Federal Contract Tower,4,3,18,2,27,0,0,119,0,119,4,3,137,2,146,220,0,220,366
07/11/2020,LYH,VA,AEA,EN,Federal Contract Tower,4,5,7,0,16,0,0,37,0,37,4,5,44,0,53,50,0,50,103
07/12/2020,LYH,VA,AEA,EN,Federal Contract Tower,4,2,13,4,23,0,0,37,0,37,4,2,50,4,60,12,10,22,82
07/13/2020,LYH,VA,AEA,EN,Federal Contract Tower,5,7,30,8,50,0,1,129,0,130,5,8,159,8,180,184,10,194,374
07/14/2020,LYH,VA,AEA,EN,Federal Contract Tower,4,1,29,6,40,0,0,138,7,145,4,1,167,13,185,306,6,312,497
07/15/2020,LYH,VA,AEA,EN,Federal Contract Tower,5,2,23,0,30,0,2,129,4,135,5,4,152,4,165,352,0,352,517
07/16/2020,LYH,VA,AEA,EN,Federal Contract Tower,4,4,36,4,48,0,1,66,6,73,4,5,102,10,121,102,0,102,223
07/17/2020,LYH,VA,AEA,EN,Federal Contract Tower,4,1,22,0,27,0,0,89,0,89,4,1,111,0,116,162,0,162,278
07/18/2020,LYH,VA,AEA,EN,Federal Contract Tower,6,5,16,0,27,0,0,52,0,52,6,5,68,0,79,42,0,42,121
07/19/2020,LYH,VA,AEA,EN,Federal Contract Tower,4,8,12,1,25,0,1,30,0,31,4,9,42,1,56,8,0,8,64
07/20/2020,LYH,VA,AEA,EN,Federal Contract Tower,4,6,14,0,24,0,2,137,0,139,4,8,151,0,163,272,0,272,435
07/21/2020,LYH,VA,AEA,EN,Federal Contract Tower,5,5,30,6,46,0,0,100,3,103,5,5,130,9,149,162,0,162,311
07/23/2020,LYH,VA,AEA,EN,Federal Contract Tower,4,1,27,0,32,0,0,83,0,83,4,1,110,0,115,180,0,180,295
07/24/2020,LYH,VA,AEA,EN,Federal Contract Tower,6,2,32,0,40,0,0,66,0,66,6,2,98,0,106,184,0,184,290
07/25/2020,LYH,VA,AEA,EN,Federal Contract Tower,4,4,19,0,27,0,1,68,0,69,4,5,87,0,96,132,0,132,228
07/26/2020,LYH,VA,AEA,EN,Federal Contract Tower,4,3,20,0,27,0,2,27,0,29,4,5,47,0,56,16,0,16,72
07/27/2020,LYH,VA,AEA,EN,Federal Contract Tower,4,5,24,3,36,0,0,96,1,97,4,5,120,4,133,236,0,236,369
07/28/2020,LYH,VA,AEA,EN,Federal Contract Tower,4,0,21,2,27,0,2,68,1,71,4,2,89,3,98,110,0,110,208
07/29/2020,LYH,VA,AEA,EN,Federal Contract Tower,4,1,33,4,42,0,1,97,4,102,4,2,130,8,144,198,0,198,342
07/30/2020,LYH,VA,AEA,EN,Federal Contract Tower,4,2,24,0,30,0,2,79,0,81,4,4,103,0,111,186,0,186,297
07/31/2020,LYH,VA,AEA,EN,Federal Contract Tower,5,6,26,0,37,0,0,20,4,24,5,6,46,4,61,76,0,76,137
08/01/2020,LYH,VA,AEA,EN,Federal Contract Tower,4,2,22,0,28,0,0,11,0,11,4,2,33,0,39,12,0,12,51
08/02/2020,LYH,VA,AEA,EN,Federal Contract Tower,4,3,13,0,20,0,0,3,0,3,4,3,16,0,23,0,0,0,23
08/03/2020,LYH,VA,AEA,EN,Federal Contract Tower,4,2,9,0,15,0,0,15,0,15,4,2,24,0,30,36,0,36,66
08/04/2020,LYH,VA,AEA,EN,Federal Contract Tower,4,0,20,0,24,0,2,119,0,121,4,2,139,0,145,292,0,292,437
08/05/2020,LYH,VA,AEA,EN,Federal Contract Tower,4,1,25,0,30,0,0,143,0,143,4,1,168,0,173,274,0,274,447
08/06/2020,LYH,VA,AEA,EN,Federal Contract Tower,3,3,20,0,26,0,0,36,0,36,3,3,56,0,62,96,0,96,158
08/07/2020,LYH,VA,AEA,EN,Federal Contract Tower,4,3,33,0,40,0,0,31,0,31,4,3,64,0,71,66,0,66,137
08/08/2020,LYH,VA,AEA,EN,Federal Contract Tower,4,6,51,0,61,0,0,33,2,35,4,6,84,2,96,56,0,56,152
08/09/2020,LYH,VA,AEA,EN,Federal Contract Tower,3,4,23,4,34,0,0,27,0,27,3,4,50,4,61,60,0,60,121
08/10/2020,LYH,VA,AEA,EN,Federal Contract Tower,4,5,28,0,37,0,2,101,0,103,4,7,129,0,140,382,0,382,522
08/11/2020,LYH,VA,AEA,EN,Federal Contract Tower,4,2,32,0,38,0,2,108,0,110,4,4,140,0,148,234,0,234,382
08/12/2020,LYH,VA,AEA,EN,Federal Contract Tower,4,2,31,1,38,0,5,61,3,69,4,7,92,4,107,124,30,154,261
08/13/2020,LYH,VA,AEA,EN,Federal Contract Tower,4,5,25,0,34,0,0,4,0,4,4,5,29,0,38,6,0,6,44
08/14/2020,LYH,VA,AEA,EN,Federal Contract Tower,4,6,27,0,37,0,0,14,0,14,4,6,41,0,51,10,0,10,61
08/15/2020,LYH,VA,AEA,EN,Federal Contract Tower,4,7,12,0,23,0,0,0,0,0,4,7,12,0,23,0,0,0,23
08/16/2020,LYH,VA,AEA,EN,Federal Contract Tower,5,2,14,14,35,0,0,3,0,3,5,2,17,14,38,0,0,0,38
08/17/2020,LYH,VA,AEA,EN,Federal Contract Tower,4,4,20,0,28,0,2,65,0,67,4,6,85,0,95,118,0,118,213
08/18/2020,LYH,VA,AEA,EN,Federal Contract Tower,3,5,26,0,34,0,0,109,6,115,3,5,135,6,149,266,0,266,415
08/19/2020,LYH,VA,AEA,EN,Federal Contract Tower,4,5,50,5,64,0,0,40,0,40,4,5,90,5,104,138,0,138,242
08/20/2020,LYH,VA,AEA,EN,Federal Contract Tower,4,6,24,1,35,0,0,58,5,63,4,6,82,6,98,148,2,150,248
08/21/2020,LYH,VA,AEA,EN,Federal Contract Tower,5,5,20,0,30,0,2,3,0,5,5,7,23,0,35,4,0,4,39
08/22/2020,LYH,VA,AEA,EN,Federal Contract Tower,4,4,20,0,28,0,2,4,0,6,4,6,24,0,34,50,0,50,84
08/23/2020,LYH,VA,AEA,EN,Federal Contract Tower,4,7,13,0,24,0,3,63,0,66,4,10,76,0,90,78,0,78,168
08/24/2020,LYH,VA,AEA,EN,Federal Contract Tower,4,5,20,0,29,0,0,77,8,85,4,5,97,8,114,158,0,158,272
08/25/2020,LYH,VA,AEA,EN,Federal Contract Tower,4,0,32,7,43,0,0,101,4,105,4,0,133,11,148,80,0,80,228
08/26/2020,LYH,VA,AEA,EN,Federal Contract Tower,4,8,44,0,56,0,0,118,0,118,4,8,162,0,174,240,0,240,414
08/27/2020,LYH,VA,AEA,EN,Federal Contract Tower,4,3,17,0,24,0,0,86,6,92,4,3,103,6,116,182,0,182,298
08/28/2020,LYH,VA,AEA,EN,Federal Contract Tower,4,5,17,8,34,0,0,95,16,111,4,5,112,24,145,200,2,202,347
08/29/2020,LYH,VA,AEA,EN,Federal Contract Tower,4,4,9,1,18,0,0,23,1,24,4,4,32,2,42,42,0,42,84
08/30/2020,LYH,VA,AEA,EN,Federal Contract Tower,5,5,10,1,21,0,0,41,1,42,5,5,51,2,63,56,2,58,121
08/31/2020,LYH,VA,AEA,EN,Federal Contract Tower,4,3,25,0,32,0,0,0,0,0,4,3,25,0,32,0,0,0,32
09/01/2020,LYH,VA,AEA,EN,Federal Contract Tower,4,2,26,0,32,0,0,6,0,6,4,2,32,0,38,0,0,0,38
09/02/2020,LYH,VA,AEA,EN,Federal Contract Tower,4,1,13,4,22,0,87,11,0,98,4,88,24,4,120,168,8,176,296
09/03/2020,LYH,VA,AEA,EN,Federal Contract Tower,4,3,32,0,39,0,0,145,4,149,4,3,177,4,188,204,0,204,392
09/04/2020,LYH,VA,AEA,EN,Federal Contract Tower,4,2,50,1,57,0,0,160,2,162,4,2,210,3,219,192,0,192,411
09/05/2020,LYH,VA,AEA,EN,Federal Contract Tower,4,4,33,0,41,0,0,100,0,100,4,4,133,0,141,96,0,96,237
09/06/2020,LYH,VA,AEA,EN,Federal Contract Tower,3,3,13,0,19,0,0,34,0,34,3,3,47,0,53,16,0,16,69
09/07/2020,LYH,VA,AEA,EN,Federal Contract Tower,4,3,32,4,43,0,4,142,0,146,4,7,174,4,189,174,0,174,363
09/08/2020,LYH,VA,AEA,EN,Federal Contract Tower,4,1,25,0,30,0,2,134,0,136,4,3,159,0,166,160,0,160,326
09/09/2020,LYH,VA,AEA,EN,Federal Contract Tower,7,0,32,0,39,0,0,14,0,14,7,0,46,0,53,48,0,48,101
09/10/2020,LYH,VA,AEA,EN,Federal Contract Tower,6,1,33,2,42,0,0,23,2,25,6,1,56,4,67,92,26,118,185
09/11/2020,LYH,VA,AEA,EN,Federal Contract Tower,6,1,47,0,54,0,0,115,0,115,6,1,162,0,169,376,0,376,545
09/12/2020,LYH,VA,AEA,EN,Federal Contract Tower,6,3,21,0,30,0,0,2,0,2,6,3,23,0,32,0,0,0,32
09/13/2020,LYH,VA,AEA,EN,Federal Contract Tower,4,6,19,0,29,0,0,21,0,21,4,6,40,0,50,0,0,0,50
09/14/2020,LYH,VA,AEA,EN,Federal Contract Tower,5,5,32,0,42,0,0,118,0,118,5,5,150,0,160,242,0,242,402
09/15/2020,LYH,VA,AEA,EN,Federal Contract Tower,6,5,26,8,45,0,1,136,0,137,6,6,162,8,182,246,2,248,430
09/16/2020,LYH,VA,AEA,EN,Federal Contract Tower,4,5,34,0,43,0,5,105,2,112,4,10,139,2,155,246,8,254,409
09/17/2020,LYH,VA,AEA,EN,Federal Contract Tower,6,2,10,2,20,0,0,0,0,0,6,2,10,2,20,0,0,0,20
09/18/2020,LYH,VA,AEA,EN,Federal Contract Tower,8,1,59,0,68,0,0,87,0,87,8,1,146,0,155,184,0,184,339
09/19/2020,LYH,VA,AEA,EN,Federal Contract Tower,8,1,29,2,40,0,0,68,2,70,8,1,97,4,110,104,0,104,214
09/20/2020,LYH,VA,AEA,EN,Federal Contract Tower,4,5,23,0,32,0,2,19,3,24,4,7,42,3,56,46,0,46,102
09/21/2020,LYH,VA,AEA,EN,Federal Contract Tower,8,1,27,0,36,0,4,111,0,115,8,5,138,0,151,236,0,236,387
09/22/2020,LYH,VA,AEA,EN,Federal Contract Tower,6,4,30,14,54,0,1,164,2,167,6,5,194,16,221,390,0,390,611
09/23/2020,LYH,VA,AEA,EN,Federal Contract Tower,5,3,38,0,46,0,1,136,2,139,5,4,174,2,185,346,2,348,533
09/24/2020,LYH,VA,AEA,EN,Federal Contract Tower,6,5,32,0,43,0,0,139,0,139,6,5,171,0,182,300,0,300,482
09/25/2020,LYH,VA,AEA,EN,Federal Contract Tower,6,5,27,2,40,0,0,2,0,2,6,5,29,2,42,0,0,0,42
09/26/2020,LYH,VA,AEA,EN,Federal Contract Tower,7,1,28,0,36,0,2,24,0,26,7,3,52,0,62,58,0,58,120
09/27/2020,LYH,VA,AEA,EN,Federal Contract Tower,4,6,22,0,32,0,0,29,0,29,4,6,51,0,61,20,0,20,81
09/28/2020,LYH,VA,AEA,EN,Federal Contract Tower,6,3,47,0,56,0,5,53,0,58,6,8,100,0,114,74,0,74,188
09/29/2020,LYH,VA,AEA,EN,Federal Contract Tower,6,3,16,0,25,0,0,6,0,6,6,3,22,0,31,28,0,28,59
09/30/2020,LYH,VA,AEA,EN,Federal Contract Tower,4,3,36,0,43,0,0,152,0,152,4,3,188,0,195,306,0,306,501
10/01/2020,LYH,VA,AEA,EN,Federal Contract Tower,6,2,43,0,51,0,2,172,2,176,6,4,215,2,227,230,0,230,457
10/02/2020,LYH,VA,AEA,EN,Federal Contract Tower,7,4,19,0,30,0,0,130,0,130,7,4,149,0,160,230,0,230,390
10/03/2020,LYH,VA,AEA,EN,Federal Contract Tower,7,2,22,1,32,0,0,108,0,108,7,2,130,1,140,106,0,106,246
10/04/2020,LYH,VA,AEA,EN,Federal Contract Tower,4,2,17,1,24,0,0,45,1,46,4,2,62,2,70,16,46,62,132
10/05/2020,LYH,VA,AEA,EN,Federal Contract Tower,6,1,21,0,28,0,2,141,0,143,6,3,162,0,171,210,0,210,381
10/06/2020,LYH,VA,AEA,EN,Federal Contract Tower,6,2,41,0,49,0,0,124,4,128,6,2,165,4,177,178,24,202,379
10/07/2020,LYH,VA,AEA,EN,Federal Contract Tower,3,5,30,0,38,0,4,107,6,117,3,9,137,6,155,184,0,184,339
10/08/2020,LYH,VA,AEA,EN,Federal Contract Tower,5,2,35,0,42,0,0,101,0,101,5,2,136,0,143,126,0,126,269
10/09/2020,LYH,VA,AEA,EN,Federal Contract Tower,6,5,34,0,45,0,0,134,0,134,6,5,168,0,179,286,0,286,465
10/10/2020,LYH,VA,AEA,EN,Federal Contract Tower,8,1,7,0,16,0,0,6,0,6,8,1,13,0,22,62,0,62,84
10/11/2020,LYH,VA,AEA,EN,Federal Contract Tower,4,6,10,0,20,0,0,0,0,0,4,6,10,0,20,0,0,0,20
10/12/2020,LYH,VA,AEA,EN,Federal Contract Tower,5,5,22,0,32,0,0,2,0,2,5,5,24,0,34,0,0,0,34
10/13/2020,LYH,VA,AEA,EN,Federal Contract Tower,4,5,28,1,38,0,0,90,3,93,4,5,118,4,131,140,2,142,273
10/14/2020,LYH,VA,AEA,EN,Federal Contract Tower,4,8,43,0,55,0,0,2,0,2,4,8,45,0,57,244,0,244,301
10/15/2020,LYH,VA,AEA,EN,Federal Contract Tower,6,4,38,0,48,0,0,90,0,90,6,4,128,0,138,114,0,114,252
10/16/2020,LYH,VA,AEA,EN,Federal Contract Tower,8,2,20,2,32,0,0,63,4,67,8,2,83,6,99,234,0,234,333
10/17/2020,LYH,VA,AEA,EN,Federal Contract Tower,10,0,8,0,18,0,0,78,10,88,10,0,86,10,106,126,0,126,232
10/18/2020,LYH,VA,AEA,EN,Federal Contract Tower,6,6,19,0,31,0,0,58,0,58,6,6,77,0,89,20,0,20,109
10/19/2020,LYH,VA,AEA,EN,Federal Contract Tower,7,7,29,2,45,0,2,145,0,147,7,9,174,2,192,324,0,324,516
10/20/2020,LYH,VA,AEA,EN,Federal Contract Tower,4,5,21,2,32,0,1,116,2,119,4,6,137,4,151,218,8,226,377
10/21/2020,LYH,VA,AEA,EN,Federal Contract Tower,5,7,29,0,41,0,0,148,2,150,5,7,177,2,191,340,0,340,531
10/22/2020,LYH,VA,AEA,EN,Federal Contract Tower,6,4,34,1,45,0,0,97,2,99,6,4,131,3,144,170,4,174,318
10/23/2020,LYH,VA,AEA,EN,Federal Contract Tower,8,1,35,0,44,0,0,121,4,125,8,1,156,4,169,258,0,258,427
10/24/2020,LYH,VA,AEA,EN,Federal Contract Tower,9,0,18,0,27,0,0,81,0,81,9,0,99,0,108,86,0,86,194
10/25/2020,LYH,VA,AEA,EN,Federal Contract Tower,6,4,12,0,22,0,0,0,0,0,6,4,12,0,22,0,0,0,22
10/26/2020,LYH,VA,AEA,EN,Federal Contract Tower,6,4,32,0,42,0,2,26,0,28,6,6,58,0,70,74,0,74,144
10/27/2020,LYH,VA,AEA,EN,Federal Contract Tower,5,1,55,0,61,0,0,40,0,40,5,1,95,0,101,62,0,62,163
10/28/2020,LYH,VA,AEA,EN,Federal Contract Tower,5,6,53,0,64,0,0,43,0,43,5,6,96,0,107,164,0,164,271
10/29/2020,LYH,VA,AEA,EN,Federal Contract Tower,6,4,5,0,15,0,0,5,0,5,6,4,10,0,20,10,0,10,30
10/30/2020,LYH,VA,AEA,EN,Federal Contract Tower,7,4,34,0,45,0,0,98,0,98,7,4,132,0,143,104,0,104,247
10/31/2020,LYH,VA,AEA,EN,Federal Contract Tower,6,0,35,0,41,0,0,130,0,130,6,0,165,0,171,204,0,204,375
11/01/2020,LYH,VA,AEA,EN,Federal Contract Tower,4,2,5,0,11,0,0,4,0,4,4,2,9,0,15,8,0,8,23
11/02/2020,LYH,VA,AEA,EN,Federal Contract Tower,9,5,18,0,32,0,4,81,2,87,9,9,99,2,119,148,0,148,267
11/03/2020,LYH,VA,AEA,EN,Federal Contract Tower,5,8,35,0,48,0,1,99,2,102,5,9,134,2,150,182,2,184,334
11/04/2020,LYH,VA,AEA,EN,Federal Contract Tower,3,6,29,10,48,0,3,148,13,164,3,9,177,23,212,278,36,314,526
11/05/2020,LYH,VA,AEA,EN,Federal Contract Tower,4,11,29,2,46,0,0,149,0,149,4,11,178,2,195,248,0,248,443
11/06/2020,LYH,VA,AEA,EN,Federal Contract Tower,4,12,31,0,47,0,0,173,0,173,4,12,204,0,220,312,0,312,532
11/07/2020,LYH,VA,AEA,EN,Federal Contract Tower,4,6,21,6,37,0,1,95,0,96,4,7,116,6,133,124,0,124,257
11/08/2020,LYH,VA,AEA,EN,Federal Contract Tower,4,11,18,0,33,0,2,32,0,34,4,13,50,0,67,28,0,28,95
11/09/2020,LYH,VA,AEA,EN,Federal Contract Tower,5,8,30,0,43,0,0,118,0,118,5,8,148,0,161,252,0,252,413
11/10/2020,LYH,VA,AEA,EN,Federal Contract Tower,1,10,29,9,49,0,2,84,0,86,1,12,113,9,135,228,2,230,365
11/11/2020,LYH,VA,AEA,EN,Federal Contract Tower,2,4,7,0,13,0,0,0,0,0,2,4,7,0,13,0,0,0,13
11/12/2020,LYH,VA,AEA,EN,Federal Contract Tower,4,6,22,0,32,0,0,3,0,3,4,6,25,0,35,20,0,20,55
11/13/2020,LYH,VA,AEA,EN,Federal Contract Tower,4,7,59,4,74,0,0,146,0,146,4,7,205,4,220,218,0,218,438
11/14/2020,LYH,VA,AEA,EN,Federal Contract Tower,4,9,19,0,32,0,0,117,0,117,4,9,136,0,149,152,0,152,301
11/15/2020,LYH,VA,AEA,EN,Federal Contract Tower,5,8,7,0,20,0,0,1,0,1,5,8,8,0,21,0,0,0,21
11/16/2020,LYH,VA,AEA,EN,Federal Contract Tower,4,9,31,0,44,0,2,103,0,105,4,11,134,0,149,252,0,252,401
11/17/2020,LYH,VA,AEA,EN,Federal Contract Tower,2,9,18,0,29,0,4,33,0,37,2,13,51,0,66,42,0,42,108
11/18/2020,LYH,VA,AEA,EN,Federal Contract Tower,2,7,35,1,45,0,0,173,8,181,2,7,208,9,226,366,0,366,592
11/19/2020,LYH,VA,AEA,EN,Federal Contract Tower,4,7,27,0,38,0,0,127,0,127,4,7,154,0,165,232,0,232,397
11/20/2020,LYH,VA,AEA,EN,Federal Contract Tower,4,5,27,5,41,0,2,130,1,133,4,7,157,6,174,226,0,226,400
11/21/2020,LYH,VA,AEA,EN,Federal Contract Tower,4,6,20,2,32,0,0,119,4,123,4,6,139,6,155,164,0,164,319
11/22/2020,LYH,VA,AEA,EN,Federal Contract Tower,4,8,14,0,26,0,0,38,0,38,4,8,52,0,64,60,0,60,124
11/23/2020,LYH,VA,AEA,EN,Federal Contract Tower,2,6,18,0,26,0,2,88,2,92,2,8,106,2,118,226,0,226,344
11/24/2020,LYH,VA,AEA,EN,Federal Contract Tower,4,8,28,2,42,0,2,137,0,139,4,10,165,2,181,238,0,238,419
11/25/2020,LYH,VA,AEA,EN,Federal Contract Tower,4,11,26,0,41,0,0,67,0,67,4,11,93,0,108,190,0,190,298
11/26/2020,LYH,VA,AEA,EN,Federal Contract Tower,1,2,1,0,4,0,0,5,0,5,1,2,6,0,9,0,0,0,9
11/27/2020,LYH,VA,AEA,EN,Federal Contract Tower,5,4,6,0,15,0,0,42,0,42,5,4,48,0,57,14,0,14,71
11/28/2020,LYH,VA,AEA,EN,Federal Contract Tower,5,6,7,0,18,0,0,44,4,48,5,6,51,4,66,46,0,46,112
11/29/2020,LYH,VA,AEA,EN,Federal Contract Tower,4,13,17,0,34,0,2,16,5,23,4,15,33,5,57,16,0,16,73
11/30/2020,LYH,VA,AEA,EN,Federal Contract Tower,4,8,6,0,18,0,3,13,0,16,4,11,19,0,34,8,0,8,42
12/01/2020,LYH,VA,AEA,EN,Federal Contract Tower,6,17,6,4,33,0,4,38,0,42,6,21,44,4,75,60,6,66,141
12/02/2020,LYH,VA,AEA,EN,Federal Contract Tower,2,9,17,0,28,0,0,138,2,140,2,9,155,2,168,280,34,314,482
12/03/2020,LYH,VA,AEA,EN,Federal Contract Tower,2,9,38,0,49,0,2,158,2,162,2,11,196,2,211,338,0,338,549
12/04/2020,LYH,VA,AEA,EN,Federal Contract Tower,4,9,8,0,21,0,1,80,0,81,4,10,88,0,102,250,0,250,352
12/05/2020,LYH,VA,AEA,EN,Federal Contract Tower,4,7,10,0,21,0,0,47,4,51,4,7,57,4,72,52,0,52,124
12/06/2020,LYH,VA,AEA,EN,Federal Contract Tower,3,12,11,0,26,0,2,30,3,35,3,14,41,3,61,40,0,40,101
12/07/2020,LYH,VA,AEA,EN,Federal Contract Tower,2,12,3,0,17,0,0,12,0,12,2,12,15,0,29,70,0,70,99
12/08/2020,LYH,VA,AEA,EN,Federal Contract Tower,2,8,21,0,31,0,1,143,0,144,2,9,164,0,175,278,0,278,453
12/10/2020,LYH,VA,AEA,EN,Federal Contract Tower,3,10,36,2,51,0,0,145,3,148,3,10,181,5,199,252,0,252,451
12/11/2020,LYH,VA,AEA,EN,Federal Contract Tower,2,11,29,2,44,0,0,106,0,106,2,11,135,2,150,210,0,210,360
12/12/2020,LYH,VA,AEA,EN,Federal Contract Tower,1,4,16,0,21,0,2,64,0,66,1,6,80,0,87,134,0,134,221
12/13/2020,LYH,VA,AEA,EN,Federal Contract Tower,2,10,15,0,27,0,0,30,0,30,2,10,45,0,57,22,0,22,79
12/14/2020,LYH,VA,AEA,EN,Federal Contract Tower,2,11,9,0,22,0,1,9,0,10,2,12,18,0,32,30,0,30,62
12/15/2020,LYH,VA,AEA,EN,Federal Contract Tower,2,6,44,3,55,0,0,138,2,140,2,6,182,5,195,232,0,232,427
12/16/2020,LYH,VA,AEA,EN,Federal Contract Tower,2,3,0,0,5,0,0,0,0,0,2,3,0,0,5,0,0,0,5
12/17/2020,LYH,VA,AEA,EN,Federal Contract Tower,0,10,12,0,22,0,0,15,0,15,0,10,27,0,37,34,0,34,71
12/18/2020,LYH,VA,AEA,EN,Federal Contract Tower,0,8,33,0,41,0,0,125,0,125,0,8,158,0,166,180,0,180,346
12/19/2020,LYH,VA,AEA,EN,Federal Contract Tower,0,8,20,0,28,0,0,93,0,93,0,8,113,0,121,86,0,86,207
12/20/2020,LYH,VA,AEA,EN,Federal Contract Tower,0,10,3,0,13,0,0,0,0,0,0,10,3,0,13,0,0,0,13
12/21/2020,LYH,VA,AEA,EN,Federal Contract Tower,0,11,25,2,38,0,2,67,1,70,0,13,92,3,108,166,0,166,274
12/22/2020,LYH,VA,AEA,EN,Federal Contract Tower,0,11,20,0,31,0,4,53,0,57,0,15,73,0,88,108,0,108,196
12/23/2020,LYH,VA,AEA,EN,Federal Contract Tower,0,12,10,0,22,0,3,65,0,68,0,15,75,0,90,142,0,142,232
12/24/2020,LYH,VA,AEA,EN,Federal Contract Tower,0,8,1,0,9,0,0,0,0,0,0,8,1,0,9,0,0,0,9
12/25/2020,LYH,VA,AEA,EN,Federal Contract Tower,2,5,4,0,11,0,0,4,0,4,2,5,8,0,15,0,0,0,15
12/26/2020,LYH,VA,AEA,EN,Federal Contract Tower,0,10,11,0,21,0,1,50,0,51,0,11,61,0,72,2,0,2,74
12/27/2020,LYH,VA,AEA,EN,Federal Contract Tower,0,8,11,0,19,0,0,27,0,27,0,8,38,0,46,42,0,42,88
12/28/2020,LYH,VA,AEA,EN,Federal Contract Tower,0,11,5,0,16,0,0,25,0,25,0,11,30,0,41,16,0,16,57
12/29/2020,LYH,VA,AEA,EN,Federal Contract Tower,0,20,10,0,30,0,0,63,2,65,0,20,73,2,95,54,0,54,149
12/30/2020,LYH,VA,AEA,EN,Federal Contract Tower,0,10,17,3,30,0,3,42,0,45,0,13,59,3,75,80,0,80,155
12/31/2020,LYH,VA,AEA,EN,Federal Contract Tower,0,10,11,0,21,0,2,21,0,23,0,12,32,0,44,48,0,48,92
01/01/2021,LYH,VA,AEA,EN,Federal Contract Tower,0,4,0,0,4,0,0,0,0,0,0,4,0,0,4,0,0,0,4
01/02/2021,LYH,VA,AEA,EN,Federal Contract Tower,0,11,10,0,21,0,0,31,0,31,0,11,41,0,52,60,0,60,112
01/03/2021,LYH,VA,AEA,EN,Federal Contract Tower,0,10,17,0,27,0,0,2,0,2,0,10,19,0,29,0,0,0,29
01/04/2021,LYH,VA,AEA,EN,Federal Contract Tower,0,8,19,2,29,0,0,71,0,71,0,8,90,2,100,144,0,144,244
01/05/2021,LYH,VA,AEA,EN,Federal Contract Tower,0,8,25,2,35,0,0,80,0,80,0,8,105,2,115,156,0,156,271
01/06/2021,LYH,VA,AEA,EN,Federal Contract Tower,0,7,46,0,53,0,1,108,0,109,0,8,154,0,162,228,0,228,390
01/07/2021,LYH,VA,AEA,EN,Federal Contract Tower,0,10,19,5,34,0,0,98,2,100,0,10,117,7,134,180,8,188,322
01/08/2021,LYH,VA,AEA,EN,Federal Contract Tower,0,11,10,0,21,0,2,31,0,33,0,13,41,0,54,70,0,70,124
01/09/2021,LYH,VA,AEA,EN,Federal Contract Tower,0,7,18,0,25,0,0,42,0,42,0,7,60,0,67,50,0,50,117
01/10/2021,LYH,VA,AEA,EN,Federal Contract Tower,0,14,4,0,18,0,0,34,0,34,0,14,38,0,52,60,0,60,112
01/11/2021,LYH,VA,AEA,EN,Federal Contract Tower,0,9,1,2,12,0,4,21,0,25,0,13,22,2,37,104,0,104,141
01/12/2021,LYH,VA,AEA,EN,Federal Contract Tower,0,8,17,5,30,0,4,100,4,108,0,12,117,9,138,182,18,200,338
01/13/2021,LYH,VA,AEA,EN,Federal Contract Tower,0,7,25,0,32,0,2,103,2,107,0,9,128,2,139,176,0,176,315
01/14/2021,LYH,VA,AEA,EN,Federal Contract Tower,0,11,21,0,32,0,4,116,0,120,0,15,137,0,152,256,0,256,408
01/15/2021,LYH,VA,AEA,EN,Federal Contract Tower,0,10,4,3,17,0,0,9,1,10,0,10,13,4,27,14,22,36,63
01/16/2021,LYH,VA,AEA,EN,Federal Contract Tower,0,9,3,0,12,0,2,6,0,8,0,11,9,0,20,2,0,2,22
01/17/2021,LYH,VA,AEA,EN,Federal Contract Tower,0,14,11,0,25,0,1,33,0,34,0,15,44,0,59,54,0,54,113
01/18/2021,LYH,VA,AEA,EN,Federal Contract Tower,0,15,11,0,26,0,0,38,0,38,0,15,49,0,64,52,0,52,116
01/19/2021,LYH,VA,AEA,EN,Federal Contract Tower,0,6,19,4,29,0,0,100,0,100,0,6,119,4,129,126,4,130,259
01/20/2021,LYH,VA,AEA,EN,Federal Contract Tower,0,8,18,0,26,0,0,52,0,52,0,8,70,0,78,46,0,46,124
01/21/2021,LYH,VA,AEA,EN,Federal Contract Tower,0,9,21,2,32,0,1,88,4,93,0,10,109,6,125,160,18,178,303
01/22/2021,LYH,VA,AEA,EN,Federal Contract Tower,0,11,27,2,40,0,0,64,3,67,0,11,91,5,107,44,0,44,151
01/23/2021,LYH,VA,AEA,EN,Federal Contract Tower,0,6,12,9,27,0,2,62,0,64,0,8,74,9,91,110,4,114,205
01/24/2021,LYH,VA,AEA,EN,Federal Contract Tower,0,11,9,2,22,0,0,38,0,38,0,11,47,2,60,60,0,60,120
01/25/2021,LYH,VA,AEA,EN,Federal Contract Tower,0,11,2,0,13,0,0,11,0,11,0,11,13,0,24,12,0,12,36
01/27/2021,LYH,VA,AEA,EN,Federal Contract Tower,0,10,33,4,47,0,0,150,0,150,0,10,183,4,197,312,0,312,509
01/28/2021,LYH,VA,AEA,EN,Federal Contract Tower,0,10,37,0,47,0,0,77,0,77,0,10,114,0,124,80,0,80,204
01/29/2021,LYH,VA,AEA,EN,Federal Contract Tower,0,11,54,0,65,0,0,153,2,155,0,11,207,2,220,214,0,214,434
01/30/2021,LYH,VA,AEA,EN,Federal Contract Tower,0,9,27,4,40,0,0,148,0,148,0,9,175,4,188,102,0,102,290
01/31/2021,LYH,VA,AEA,EN,Federal Contract Tower,0,10,1,0,11,0,0,0,0,0,0,10,1,0,11,0,0,0,11
02/01/2021,LYH,VA,AEA,EN,Federal Contract Tower,0,12,0,2,14,0,0,3,0,3,0,12,3,2,17,0,20,20,37
02/02/2021,LYH,VA,AEA,EN,Federal Contract Tower,0,6,7,0,13,0,0,42,0,42,0,6,49,0,55,46,0,46,101
02/03/2021,LYH,VA,AEA,EN,Federal Contract Tower,0,6,25,4,35,0,1,104,2,107,0,7,129,6,142,218,2,220,362
02/04/2021,LYH,VA,AEA,EN,Federal Contract Tower,0,10,18,1,29,0,3,154,0,157,0,13,172,1,186,308,0,308,494
02/05/2021,LYH,VA,AEA,EN,Federal Contract Tower,0,14,31,4,49,0,0,67,0,67,0,14,98,4,116,114,2,116,232
02/06/2021,LYH,VA,AEA,EN,Federal Contract Tower,0,7,17,0,24,0,2,73,0,75,0,9,90,0,99,122,0,122,221
02/07/2021,LYH,VA,AEA,EN,Federal Contract Tower,0,12,8,0,20,0,0,3,0,3,0,12,11,0,23,0,0,0,23
02/08/2021,LYH,VA,AEA,EN,Federal Contract Tower,0,11,36,0,47,0,6,135,0,141,0,17,171,0,188,296,0,296,484
02/09/2021,LYH,VA,AEA,EN,Federal Contract Tower,0,7,55,2,64,0,0,118,2,120,0,7,173,4,184,316,0,316,500
02/10/2021,LYH,VA,AEA,EN,Federal Contract Tower,0,9,18,0,27,0,0,76,0,76,0,9,94,0,103,238,0,238,341
02/11/2021,LYH,VA,AEA,EN,Federal Contract Tower,0,12,3,0,15,0,0,0,0,0,0,12,3,0,15,0,0,0,15
02/12/2021,LYH,VA,AEA,EN,Federal Contract Tower,0,13,6,0,19,0,0,0,0,0,0,13,6,0,19,0,0,0,19
02/13/2021,LYH,VA,AEA,EN,Federal Contract Tower,0,6,1,0,7,0,0,0,0,0,0,6,1,0,7,0,0,0,7
02/14/2021,LYH,VA,AEA,EN,Federal Contract Tower,0,17,2,0,19,0,0,0,0,0,0,17,2,0,19,0,0,0,19
02/15/2021,LYH,VA,AEA,EN,Federal Contract Tower,0,15,4,0,19,0,0,0,0,0,0,15,4,0,19,0,0,0,19
02/16/2021,LYH,VA,AEA,EN,Federal Contract Tower,0,8,23,2,33,0,3,26,0,29,0,11,49,2,62,48,2,50,112
02/17/2021,LYH,VA,AEA,EN,Federal Contract Tower,0,10,71,0,81,0,0,188,0,188,0,10,259,0,269,450,0,450,719
02/18/2021,LYH,VA,AEA,EN,Federal Contract Tower,0,5,0,0,5,0,0,0,0,0,0,5,0,0,5,0,0,0,5
02/19/2021,LYH,VA,AEA,EN,Federal Contract Tower,0,10,7,0,17,0,0,4,0,4,0,10,11,0,21,10,0,10,31
02/20/2021,LYH,VA,AEA,EN,Federal Contract Tower,0,6,41,1,48,0,0,125,2,127,0,6,166,3,175,246,0,246,421
02/21/2021,LYH,VA,AEA,EN,Federal Contract Tower,0,12,11,4,27,0,4,45,0,49,0,16,56,4,76,88,0,88,164
02/22/2021,LYH,VA,AEA,EN,Federal Contract Tower,0,10,13,0,23,0,0,19,0,19,0,10,32,0,42,64,0,64,106
02/23/2021,LYH,VA,AEA,EN,Federal Contract Tower,0,7,20,0,27,0,0,70,0,70,0,7,90,0,97,144,0,144,241
02/24/2021,LYH,VA,AEA,EN,Federal Contract Tower,0,11,53,8,72,0,1,132,0,133,0,12,185,8,205,354,0,354,559
02/25/2021,LYH,VA,AEA,EN,Federal Contract Tower,0,10,65,0,75,0,0,173,0,173,0,10,238,0,248,400,0,400,648
02/26/2021,LYH,VA,AEA,EN,Federal Contract Tower,0,10,14,4,28,0,1,21,2,24,0,11,35,6,52,32,4,36,88
02/27/2021,LYH,VA,AEA,EN,Federal Contract Tower,0,7,11,0,18,0,0,6,0,6,0,7,17,0,24,8,0,8,32
02/28/2021,LYH,VA,AEA,EN,Federal Contract Tower,0,7,0,0,7,0,0,0,0,0,0,7,0,0,7,0,0,0,7
03/01/2021,LYH,VA,AEA,EN,Federal Contract Tower,0,9,15,0,24,0,0,35,0,35,0,9,50,0,59,52,0,52,111
03/02/2021,LYH,VA,AEA,EN,Federal Contract Tower,0,7,40,0,47,0,0,185,1,186,0,7,225,1,233,388,0,388,621
03/03/2021,LYH,VA,AEA,EN,Federal Contract Tower,0,9,49,1,59,0,5,191,11,207,0,14,240,12,266,396,10,406,672
03/04/2021,LYH,VA,AEA,EN,Federal Contract Tower,0,10,27,0,37,0,1,90,2,93,0,11,117,2,130,214,0,214,344
03/05/2021,LYH,VA,AEA,EN,Federal Contract Tower,0,13,19,0,32,0,1,111,0,112,0,14,130,0,144,266,0,266,410
03/06/2021,LYH,VA,AEA,EN,Federal Contract Tower,0,15,23,0,38,0,0,101,12,113,0,15,124,12,151,212,0,212,363
03/07/2021,LYH,VA,AEA,EN,Federal Contract Tower,0,13,15,0,28,0,1,53,0,54,0,14,68,0,82,30,0,30,112
03/08/2021,LYH,VA,AEA,EN,Federal Contract Tower,0,13,21,2,36,0,4,149,0,153,0,17,170,2,189,242,0,242,431
03/09/2021,LYH,VA,AEA,EN,Federal Contract Tower,0,10,40,2,52,0,0,188,0,188,0,10,228,2,240,418,12,430,670
03/10/2021,LYH,VA,AEA,EN,Federal Contract Tower,0,11,42,1,54,0,4,162,5,171,0,15,204,6,225,290,0,290,515
03/11/2021,LYH,VA,AEA,EN,Federal Contract Tower,0,15,35,4,54,0,0,107,0,107,0,15,142,4,161,226,2,228,389
03/12/2021,LYH,VA,AEA,EN,Federal Contract Tower,0,15,31,0,46,0,0,130,0,130,0,15,161,0,176,244,0,244,420
03/13/2021,LYH,VA,AEA,EN,Federal Contract Tower,2,13,25,0,40,0,1,74,0,75,2,14,99,0,115,88,0,88,203
03/14/2021,LYH,VA,AEA,EN,Federal Contract Tower,0,18,17,4,39,0,0,26,0,26,0,18,43,4,65,22,0,22,87
03/15/2021,LYH,VA,AEA,EN,Federal Contract Tower,0,12,18,6,36,0,4,98,4,106,0,16,116,10,142,150,18,168,310
03/16/2021,LYH,VA,AEA,EN,Federal Contract Tower,0,10,6,0,16,0,0,0,0,0,0,10,6,0,16,0,0,0,16
03/17/2021,LYH,VA,AEA,EN,Federal Contract Tower,0,14,32,0,46,0,0,11,0,11,0,14,43,0,57,74,0,74,131
03/18/2021,LYH,VA,AEA,EN,Federal Contract Tower,0,12,7,0,19,0,0,0,0,0,0,12,7,0,19,0,0,0,19
03/20/2021,LYH,VA,AEA,EN,Federal Contract Tower,0,14,32,1,47,0,0,104,1,105,0,14,136,2,152,242,0,242,394
03/21/2021,LYH,VA,AEA,EN,Federal Contract Tower,0,14,17,2,33,0,4,38,0,42,0,18,55,2,75,42,0,42,117
03/22/2021,LYH,VA,AEA,EN,Federal Contract Tower,0,13,38,3,54,0,4,171,13,188,0,17,209,16,242,442,24,466,708
03/23/2021,LYH,VA,AEA,EN,Federal Contract Tower,0,10,74,0,84,0,0,29,0,29,0,10,103,0,113,80,0,80,193
03/24/2021,LYH,VA,AEA,EN,Federal Contract Tower,0,11,45,6,62,0,0,10,0,10,0,11,55,6,72,90,0,90,162
03/25/2021,LYH,VA,AEA,EN,Federal Contract Tower,0,18,38,0,56,0,0,28,0,28,0,18,66,0,84,90,0,90,174
03/26/2021,LYH,VA,AEA,EN,Federal Contract Tower,0,19,31,8,58,0,3,67,2,72,0,22,98,10,130,168,0,168,298
03/27/2021,LYH,VA,AEA,EN,Federal Contract Tower,0,18,17,0,35,0,3,83,2,88,0,21,100,2,123,144,0,144,267
03/28/2021,LYH,VA,AEA,EN,Federal Contract Tower,0,14,5,0,19,0,0,0,0,0,0,14,5,0,19,0,0,0,19
03/29/2021,LYH,VA,AEA,EN,Federal Contract Tower,0,13,40,0,53,0,1,161,4,166,0,14,201,4,219,380,16,396,615
03/30/2021,LYH,VA,AEA,EN,Federal Contract Tower,0,12,31,2,45,0,0,179,0,179,0,12,210,2,224,350,0,350,574
03/31/2021,LYH,VA,AEA,EN,Federal Contract Tower,0,13,18,0,31,0,0,2,1,3,0,13,20,1,34,20,0,20,54
04/01/2021,LYH,VA,AEA,EN,Federal Contract Tower,0,15,40,4,59,0,0,66,0,66,0,15,106,4,125,122,18,140,265
04/02/2021,LYH,VA,AEA,EN,Federal Contract Tower,0,10,23,6,39,0,0,43,0,43,0,10,66,6,82,26,0,26,108
04/03/2021,LYH,VA,AEA,EN,Federal Contract Tower,0,12,11,0,23,0,0,46,0,46,0,12,57,0,69,66,0,66,135
04/04/2021,LYH,VA,AEA,EN,Federal Contract Tower,0,9,15,0,24,0,0,10,0,10,0,9,25,0,34,20,0,20,54
04/05/2021,LYH,VA,AEA,EN,Federal Contract Tower,0,16,16,0,32,0,4,38,2,44,0,20,54,2,76,42,24,66,142
04/06/2021,LYH,VA,AEA,EN,Federal Contract Tower,0,14,35,2,51,0,0,157,0,157,0,14,192,2,208,338,2,340,548
04/07/2021,LYH,VA,AEA,EN,Federal Contract Tower,0,13,51,0,64,0,0,204,4,208,0,13,255,4,272,386,2,388,660
04/08/2021,LYH,VA,AEA,EN,Federal Contract Tower,0,14,21,4,39,0,0,93,4,97,0,14,114,8,136,162,0,162,298
04/09/2021,LYH,VA,AEA,EN,Federal Contract Tower,0,13,24,0,37,0,0,10,0,10,0,13,34,0,47,74,0,74,121
04/10/2021,LYH,VA,AEA,EN,Federal Contract Tower,0,10,8,0,18,0,1,7,0,8,0,11,15,0,26,8,0,8,34
04/11/2021,LYH,VA,AEA,EN,Federal Contract Tower,0,12,13,0,25,0,2,14,0,16,0,14,27,0,41,0,0,0,41
04/12/2021,LYH,VA,AEA,EN,Federal Contract Tower,0,18,32,14,64,0,0,158,8,166,0,18,190,22,230,224,38,262,492
04/13/2021,LYH,VA,AEA,EN,Federal Contract Tower,0,13,67,4,84,0,0,178,0,178,0,13,245,4,262,326,2,328,590
04/14/2021,LYH,VA,AEA,EN,Federal Contract Tower,0,21,34,0,55,0,0,116,2,118,0,21,150,2,173,248,0,248,421
04/15/2021,LYH,VA,AEA,EN,Federal Contract Tower,0,16,38,0,54,0,0,112,0,112,0,16,150,0,166,262,0,262,428
04/16/2021,LYH,VA,AEA,EN,Federal Contract Tower,0,11,32,5,48,0,0,105,2,107,0,11,137,7,155,214,0,214,369
04/17/2021,LYH,VA,AEA,EN,Federal Contract Tower,0,12,9,6,27,0,0,69,0,69,0,12,78,6,96,104,0,104,200
04/18/2021,LYH,VA,AEA,EN,Federal Contract Tower,0,11,22,3,36,0,2,48,0,50,0,13,70,3,86,36,0,36,122
04/19/2021,LYH,VA,AEA,EN,Federal Contract Tower,0,16,25,1,42,0,0,102,1,103,0,16,127,2,145,278,0,278,423
04/20/2021,LYH,VA,AEA,EN,Federal Contract Tower,0,16,28,0,44,0,0,1,0,1,0,16,29,0,45,294,0,294,339
04/21/2021,LYH,VA,AEA,EN,Federal Contract Tower,0,25,10,0,35,0,5,28,0,33,0,30,38,0,68,46,0,46,114
04/22/2021,LYH,VA,AEA,EN,Federal Contract Tower,0,18,19,0,37,0,0,79,8,87,0,18,98,8,124,100,0,100,224
04/23/2021,LYH,VA,AEA,EN,Federal Contract Tower,0,14,48,0,62,0,3,182,0,185,0,17,230,0,247,266,0,266,513
04/24/2021,LYH,VA,AEA,EN,Federal Contract Tower,0,15,10,0,25,0,0,35,0,35,0,15,45,0,60,48,0,48,108
04/25/2021,LYH,VA,AEA,EN,Federal Contract Tower,0,13,17,0,30,0,2,24,0,26,0,15,41,0,56,12,0,12,68
04/26/2021,LYH,VA,AEA,EN,Federal Contract Tower,0,11,33,8,52,0,2,152,1,155,0,13,185,9,207,406,0,406,613
04/27/2021,LYH,VA,AEA,EN,Federal Contract Tower,0,12,40,0,52,0,1,147,0,148,0,13,187,0,200,300,0,300,500
04/28/2021,LYH,VA,AEA,EN,Federal Contract Tower,0,14,37,1,52,0,0,162,1,163,0,14,199,2,215,344,0,344,559
04/29/2021,LYH,VA,AEA,EN,Federal Contract Tower,0,15,23,18,56,0,0,75,6,81,0,15,98,24,137,214,20,234,371
04/30/2021,LYH,VA,AEA,EN,Federal Contract Tower,0,11,10,0,21,0,0,18,0,18,0,11,28,0,39,2,0,2,41
05/01/2021,LYH,VA,AEA,EN,Federal Contract Tower,0,16,25,4,45,0,3,108,0,111,0,19,133,4,156,250,0,250,406
05/02/2021,LYH,VA,AEA,EN,Federal Contract Tower,0,11,23,0,34,0,2,38,2,42,0,13,61,2,76,40,0,40,116
05/03/2021,LYH,VA,AEA,EN,Federal Contract Tower,0,10,12,0,22,0,0,10,0,10,0,10,22,0,32,32,0,32,64
05/04/2021,LYH,VA,AEA,EN,Federal Contract Tower,0,9,25,0,34,0,0,61,0,61,0,9,86,0,95,188,0,188,283
05/05/2021,LYH,VA,AEA,EN,Federal Contract Tower,0,12,12,4,28,0,0,71,2,73,0,12,83,6,101,112,0,112,213
05/06/2021,LYH,VA,AEA,EN,Federal Contract Tower,0,11,42,0,53,0,0,192,2,194,0,11,234,2,247,246,10,256,503
05/07/2021,LYH,VA,AEA,EN,Federal Contract Tower,0,11,21,0,32,0,0,78,0,78,0,11,99,0,110,146,0,146,256
05/08/2021,LYH,VA,AEA,EN,Federal Contract Tower,0,12,20,0,32,0,0,48,0,48,0,12,68,0,80,40,0,40,120
05/09/2021,LYH,VA,AEA,EN,Federal Contract Tower,0,11,14,0,25,0,2,30,0,32,0,13,44,0,57,2,0,2,59
05/10/2021,LYH,VA,AEA,EN,Federal Contract Tower,0,17,26,4,47,0,2,138,0,140,0,19,164,4,187,328,2,330,517
05/11/2021,LYH,VA,AEA,EN,Federal Contract Tower,0,12,28,2,42,0,2,173,0,175,0,14,201,2,217,286,16,302,519
05/12/2021,LYH,VA,AEA,EN,Federal Contract Tower,1,17,23,4,45,0,0,114,4,118,1,17,137,8,163,222,24,246,409
05/13/2021,LYH,VA,AEA,EN,Federal Contract Tower,0,12,21,0,33,0,0,57,0,57,0,12,78,0,90,38,0,38,128
05/14/2021,LYH,VA,AEA,EN,Federal Contract Tower,0,11,20,2,33,0,0,77,2,79,0,11,97,4,112,96,2,98,210
05/15/2021,LYH,VA,AEA,EN,Federal Contract Tower,0,17,23,0,40,0,2,60,0,62,0,19,83,0,102,106,0,106,208
05/16/2021,LYH,VA,AEA,EN,Federal Contract Tower,0,13,9,0,22,0,4,9,2,15,0,17,18,2,37,0,0,0,37
05/17/2021,LYH,VA,AEA,EN,Federal Contract Tower,0,15,25,0,40,0,0,126,0,126,0,15,151,0,166,348,0,348,514
05/18/2021,LYH,VA,AEA,EN,Federal Contract Tower,0,14,37,0,51,0,4,141,0,145,0,18,178,0,196,306,0,306,502
05/19/2021,LYH,VA,AEA,EN,Federal Contract Tower,0,17,41,1,59,0,0,151,1,152,0,17,192,2,211,234,2,236,447
05/20/2021,LYH,VA,AEA,EN,Federal Contract Tower,0,16,20,0,36,0,0,133,0,133,0,16,153,0,169,240,0,240,409
05/21/2021,LYH,VA,AEA,EN,Federal Contract Tower,0,15,28,0,43,0,0,146,0,146,0,15,174,0,189,302,0,302,491
05/22/2021,LYH,VA,AEA,EN,Federal Contract Tower,0,14,12,0,26,0,1,70,2,73,0,15,82,2,99,122,0,122,221
05/23/2021,LYH,VA,AEA,EN,Federal Contract Tower,0,12,19,0,31,0,2,42,0,44,0,14,61,0,75,10,0,10,85
05/24/2021,LYH,VA,AEA,EN,Federal Contract Tower,0,12,13,0,25,0,4,92,0,96,0,16,105,0,121,286,0,286,407
05/25/2021,LYH,VA,AEA,EN,Federal Contract Tower,0,15,27,2,44,0,0,89,0,89,0,15,116,2,133,312,0,312,445
05/26/2021,LYH,VA,AEA,EN,Federal Contract Tower,0,14,34,0,48,0,0,111,0,111,0,14,145,0,159,208,0,208,367
05/27/2021,LYH,VA,AEA,EN,Federal Contract Tower,0,11,39,0,50,0,4,155,1,160,0,15,194,1,210,246,0,246,456
05/28/2021,LYH,VA,AEA,EN,Federal Contract Tower,0,13,34,0,47,0,0,71,0,71,0,13,105,0,118,136,0,136,254
05/29/2021,LYH,VA,AEA,EN,Federal Contract Tower,0,13,9,0,22,0,0,0,0,0,0,13,9,0,22,0,0,0,22
05/30/2021,LYH,VA,AEA,EN,Federal Contract Tower,0,11,10,0,21,0,0,5,0,5,0,11,15,0,26,32,0,32,58
05/31/2021,LYH,VA,AEA,EN,Federal Contract Tower,0,14,13,4,31,0,1,71,1,73,0,15,84,5,104,66,0,66,170
06/01/2021,LYH,VA,AEA,EN,Federal Contract Tower,0,11,19,1,31,0,0,162,0,162,0,11,181,1,193,354,0,354,547
06/02/2021,LYH,VA,AEA,EN,Federal Contract Tower,0,14,43,0,57,0,0,110,2,112,0,14,153,2,169,252,6,258,427
06/03/2021,LYH,VA,AEA,EN,Federal Contract Tower,0,11,15,0,26,0,0,21,0,21,0,11,36,0,47,126,0,126,173
06/04/2021,LYH,VA,AEA,EN,Federal Contract Tower,0,11,47,3,61,0,0,115,1,116,0,11,162,4,177,346,8,354,531
06/05/2021,LYH,VA,AEA,EN,Federal Contract Tower,0,7,18,0,25,0,0,82,0,82,0,7,100,0,107,162,0,162,269
06/06/2021,LYH,VA,AEA,EN,Federal Contract Tower,0,12,10,0,22,0,2,24,0,26,0,14,34,0,48,28,0,28,76
06/07/2021,LYH,VA,AEA,EN,Federal Contract Tower,0,7,27,0,34,0,2,46,0,48,0,9,73,0,82,160,0,160,242
06/08/2021,LYH,VA,AEA,EN,Federal Contract Tower,0,10,32,0,42,0,0,49,2,51,0,10,81,2,93,144,0,144,237
06/09/2021,LYH,VA,AEA,EN,Federal Contract Tower,0,8,24,0,32,0,6,77,0,83,0,14,101,0,115,184,0,184,299
06/10/2021,LYH,VA,AEA,EN,Federal Contract Tower,0,12,14,0,26,0,0,9,0,9,0,12,23,0,35,62,0,62,97
06/11/2021,LYH,VA,AEA,EN,Federal Contract Tower,0,9,19,1,29,0,0,4,0,4,0,9,23,1,33,30,0,30,63
06/12/2021,LYH,VA,AEA,EN,Federal Contract Tower,0,7,17,0,24,0,0,6,0,6,0,7,23,0,30,40,0,40,70
06/13/2021,LYH,VA,AEA,EN,Federal Contract Tower,0,11,12,0,23,0,0,22,0,22,0,11,34,0,45,44,0,44,89
06/14/2021,LYH,VA,AEA,EN,Federal Contract Tower,0,8,51,0,59,0,0,132,0,132,0,8,183,0,191,298,0,298,489
06/15/2021,LYH,VA,AEA,EN,Federal Contract Tower,0,9,35,4,48,0,1,114,4,119,0,10,149,8,167,330,0,330,497
06/16/2021,LYH,VA,AEA,EN,Federal Contract Tower,0,8,29,2,39,0,1,143,0,144,0,9,172,2,183,300,16,316,499
06/17/2021,LYH,VA,AEA,EN,Federal Contract Tower,0,10,25,0,35,0,0,120,0,120,0,10,145,0,155,224,0,224,379
06/18/2021,LYH,VA,AEA,EN,Federal Contract Tower,0,8,33,0,41,0,0,150,0,150,0,8,183,0,191,222,0,222,413
06/19/2021,LYH,VA,AEA,EN,Federal Contract Tower,0,9,20,0,29,0,0,52,0,52,0,9,72,0,81,104,0,104,185
06/21/2021,LYH,VA,AEA,EN,Federal Contract Tower,0,10,19,3,32,0,1,88,6,95,0,11,107,9,127,274,0,274,401
06/22/2021,LYH,VA,AEA,EN,Federal Contract Tower,0,10,13,2,25,0,0,54,2,56,0,10,67,4,81,212,50,262,343
06/23/2021,LYH,VA,AEA,EN,Federal Contract Tower,0,11,33,2,46,0,0,125,6,131,0,11,158,8,177,364,4,368,545
06/24/2021,LYH,VA,AEA,EN,Federal Contract Tower,0,10,28,2,40,0,4,109,0,113,0,14,137,2,153,180,0,180,333
06/25/2021,LYH,VA,AEA,EN,Federal Contract Tower,0,12,36,4,52,0,0,108,10,118,0,12,144,14,170,206,6,212,382
06/26/2021,LYH,VA,AEA,EN,Federal Contract Tower,0,9,9,1,19,0,0,26,2,28,0,9,35,3,47,24,14,38,85
06/27/2021,LYH,VA,AEA,EN,Federal Contract Tower,0,15,31,0,46,0,0,27,0,27,0,15,58,0,73,28,0,28,101
06/28/2021,LYH,VA,AEA,EN,Federal Contract Tower,0,9,15,0,24,0,0,93,4,97,0,9,108,4,121,290,0,290,411
06/29/2021,LYH,VA,AEA,EN,Federal Contract Tower,0,12,43,4,59,0,3,117,0,120,0,15,160,4,179,300,0,300,479
06/30/2021,LYH,VA,AEA,EN,Federal Contract Tower,0,10,24,3,37,0,0,117,0,117,0,10,141,3,154,256,0,256,410
07/01/2021,LYH,VA,AEA,EN,Federal Contract Tower,0,11,27,2,40,0,1,46,0,47,0,12,73,2,87,74,2,76,163
07/02/2021,LYH,VA,AEA,EN,Federal Contract Tower,0,12,22,0,34,0,0,60,0,60,0,12,82,0,94,180,0,180,274
07/03/2021,LYH,VA,AEA,EN,Federal Contract Tower,0,9,8,0,17,0,1,48,0,49,0,10,56,0,66,8,0,8,74
07/04/2021,LYH,VA,AEA,EN,Federal Contract Tower,0,6,3,0,9,0,0,27,0,27,0,6,30,0,36,20,0,20,56
07/05/2021,LYH,VA,AEA,EN,Federal Contract Tower,0,9,10,0,19,0,6,38,0,44,0,15,48,0,63,14,0,14,77
07/06/2021,LYH,VA,AEA,EN,Federal Contract Tower,0,11,23,2,36,0,96,2,0,98,0,107,25,2,134,170,6,176,310
07/07/2021,LYH,VA,AEA,EN,Federal Contract Tower,0,13,28,2,43,0,0,122,1,123,0,13,150,3,166,240,0,240,406
07/08/2021,LYH,VA,AEA,EN,Federal Contract Tower,0,8,20,0,28,0,2,12,0,14,0,10,32,0,42,22,0,22,64
07/09/2021,LYH,VA,AEA,EN,Federal Contract Tower,2,10,31,0,43,0,0,110,4,114,2,10,141,4,157,214,0,214,371
07/10/2021,LYH,VA,AEA,EN,Federal Contract Tower,0,8,19,0,27,0,0,45,0,45,0,8,64,0,72,56,0,56,128
07/11/2021,LYH,VA,AEA,EN,Federal Contract Tower,0,7,15,0,22,0,0,13,0,13,0,7,28,0,35,10,0,10,45
07/12/2021,LYH,VA,AEA,EN,Federal Contract Tower,0,10,40,0,50,0,2,90,3,95,0,12,130,3,145,210,0,210,355
07/13/2021,LYH,VA,AEA,EN,Federal Contract Tower,0,10,28,0,38,0,2,119,2,123,0,12,147,2,161,214,0,214,375
07/14/2021,LYH,VA,AEA,EN,Federal Contract Tower,0,11,14,0,25,0,4,98,4,106,0,15,112,4,131,172,0,172,303
07/15/2021,LYH,VA,AEA,EN,Federal Contract Tower,0,9,25,0,34,0,0,101,1,102,0,9,126,1,136,144,0,144,280
07/16/2021,LYH,VA,AEA,EN,Federal Contract Tower,0,10,18,2,30,0,0,108,1,109,0,10,126,3,139,328,0,328,467
07/17/2021,LYH,VA,AEA,EN,Federal Contract Tower,0,10,6,0,16,0,0,32,0,32,0,10,38,0,48,58,0,58,106
07/18/2021,LYH,VA,AEA,EN,Federal Contract Tower,0,9,9,0,18,0,23,0,0,23,0,32,9,0,41,2,0,2,43
07/19/2021,LYH,VA,AEA,EN,Federal Contract Tower,0,12,17,0,29,0,1,66,0,67,0,13,83,0,96,186,0,186,282
07/20/2021,LYH,VA,AEA,EN,Federal Contract Tower,0,15,24,0,39,0,0,111,0,111,0,15,135,0,150,310,0,310,460
07/21/2021,LYH,VA,AEA,EN,Federal Contract Tower,0,14,33,0,47,0,0,84,0,84,0,14,117,0,131,296,0,296,427
07/22/2021,LYH,VA,AEA,EN,Federal Contract Tower,0,9,27,0,36,0,0,131,0,131,0,9,158,0,167,228,0,228,395
07/23/2021,LYH,VA,AEA,EN,Federal Contract Tower,0,8,37,0,45,0,0,71,0,71,0,8,108,0,116,256,0,256,372
07/25/2021,LYH,VA,AEA,EN,Federal Contract Tower,0,12,11,0,23,0,0,12,0,12,0,12,23,0,35,16,0,16,51
07/26/2021,LYH,VA,AEA,EN,Federal Contract Tower,0,7,5,0,12,0,0,48,0,48,0,7,53,0,60,136,0,136,196
07/27/2021,LYH,VA,AEA,EN,Federal Contract Tower,0,11,21,3,35,0,0,102,4,106,0,11,123,7,141,238,0,238,379
07/28/2021,LYH,VA,AEA,EN,Federal Contract Tower,0,9,30,0,39,0,4,129,0,133,0,13,159,0,172,240,0,240,412
07/29/2021,LYH,VA,AEA,EN,Federal Contract Tower,0,10,27,2,39,0,0,104,3,107,0,10,131,5,146,214,0,214,360
07/30/2021,LYH,VA,AEA,EN,Federal Contract Tower,0,11,23,0,34,0,0,91,0,91,0,11,114,0,125,248,0,248,373
07/31/2021,LYH,VA,AEA,EN,Federal Contract Tower,0,14,12,0,26,0,0,41,0,41,0,14,53,0,67,68,0,68,135
08/01/2021,LYH,VA,AEA,EN,Federal Contract Tower,0,9,19,0,28,0,2,9,0,11,0,11,28,0,39,0,0,0,39
08/02/2021,LYH,VA,AEA,EN,Federal Contract Tower,0,11,24,0,35,0,2,78,0,80,0,13,102,0,115,210,0,210,325
08/03/2021,LYH,VA,AEA,EN,Federal Contract Tower,0,8,25,0,33,0,0,79,0,79,0,8,104,0,112,222,0,222,334
08/04/2021,LYH,VA,AEA,EN,Federal Contract Tower,0,10,24,8,42,0,0,105,2,107,0,10,129,10,149,226,46,272,421
08/05/2021,LYH,VA,AEA,EN,Federal Contract Tower,0,8,22,0,30,0,0,99,0,99,0,8,121,0,129,178,0,178,307
08/06/2021,LYH,VA,AEA,EN,Federal Contract Tower,0,8,34,12,54,0,3,97,1,101,0,11,131,13,155,256,0,256,411
08/07/2021,LYH,VA,AEA,EN,Federal Contract Tower,0,7,20,0,27,0,2,15,0,17,0,9,35,0,44,18,0,18,62
08/08/2021,LYH,VA,AEA,EN,Federal Contract Tower,0,9,24,0,33,0,0,25,0,25,0,9,49,0,58,2,0,2,60
08/09/2021,LYH,VA,AEA,EN,Federal Contract Tower,0,11,24,0,35,0,2,82,0,84,0,13,106,0,119,226,0,226,345
08/10/2021,LYH,VA,AEA,EN,Federal Contract Tower,0,11,31,16,58,0,0,81,5,86,0,11,112,21,144,174,6,180,324
08/11/2021,LYH,VA,AEA,EN,Federal Contract Tower,0,8,29,0,37,0,0,57,6,63,0,8,86,6,100,74,0,74,174
08/12/2021,LYH,VA,AEA,EN,Federal Contract Tower,0,9,35,0,44,0,0,95,0,95,0,9,130,0,139,196,0,196,335
08/13/2021,LYH,VA,AEA,EN,Federal Contract Tower,0,12,30,2,44,0,0,90,1,91,0,12,120,3,135,212,0,212,347
08/14/2021,LYH,VA,AEA,EN,Federal Contract Tower,0,14,22,0,36,0,0,77,0,77,0,14,99,0,113,146,0,146,259
08/15/2021,LYH,VA,AEA,EN,Federal Contract Tower,0,11,10,1,22,0,2,8,0,10,0,13,18,1,32,0,0,0,32
08/16/2021,LYH,VA,AEA,EN,Federal Contract Tower,2,14,8,0,24,0,0,2,0,2,2,14,10,0,26,0,0,0,26
08/17/2021,LYH,VA,AEA,EN,Federal Contract Tower,0,10,13,4,27,0,0,2,4,6,0,10,15,8,33,0,4,4,37
08/18/2021,LYH,VA,AEA,EN,Federal Contract Tower,2,8,13,2,25,0,0,32,6,38,2,8,45,8,63,76,0,76,139
08/19/2021,LYH,VA,AEA,EN,Federal Contract Tower,0,11,31,5,47,0,0,114,1,115,0,11,145,6,162,130,6,136,298
08/20/2021,LYH,VA,AEA,EN,Federal Contract Tower,0,8,40,1,49,0,0,22,0,22,0,8,62,1,71,16,0,16,87
08/21/2021,LYH,VA,AEA,EN,Federal Contract Tower,0,7,32,2,41,0,0,66,0,66,0,7,98,2,107,122,0,122,229
08/22/2021,LYH,VA,AEA,EN,Federal Contract Tower,0,10,19,4,33,0,2,41,0,43,0,12,60,4,76,10,0,10,86
08/23/2021,LYH,VA,AEA,EN,Federal Contract Tower,0,7,18,9,34,0,4,59,0,63,0,11,77,9,97,78,14,92,189
08/24/2021,LYH,VA,AEA,EN,Federal Contract Tower,0,14,19,8,41,0,7,69,6,82,0,21,88,14,123,144,20,164,287
08/25/2021,LYH,VA,AEA,EN,Federal Contract Tower,0,8,26,1,35,0,0,66,11,77,0,8,92,12,112,112,0,112,224
08/26/2021,LYH,VA,AEA,EN,Federal Contract Tower,0,9,17,6,32,0,0,91,12,103,0,9,108,18,135,112,0,112,247
08/27/2021,LYH,VA,AEA,EN,Federal Contract Tower,0,10,49,0,59,0,3,137,1,141,0,13,186,1,200,240,0,240,440
08/28/2021,LYH,VA,AEA,EN,Federal Contract Tower,0,12,16,2,30,0,2,84,0,86,0,14,100,2,116,140,0,140,256
08/29/2021,LYH,VA,AEA,EN,Federal Contract Tower,0,14,24,0,38,0,0,14,1,15,0,14,38,1,53,12,0,12,65
08/30/2021,LYH,VA,AEA,EN,Federal Contract Tower,0,14,15,0,29,0,0,110,0,110,0,14,125,0,139,292,0,292,431
08/31/2021,LYH,VA,AEA,EN,Federal Contract Tower,0,7,22,0,29,0,0,119,0,119,0,7,141,0,148,214,0,214,362
09/01/2021,LYH,VA,AEA,EN,Federal Contract Tower,0,6,16,0,22,0,0,7,0,7,0,6,23,0,29,24,0,24,53
09/02/2021,LYH,VA,AEA,EN,Federal Contract Tower,0,8,32,14,54,0,0,120,4,124,0,8,152,18,178,188,4,192,370
09/03/2021,LYH,VA,AEA,EN,Federal Contract Tower,0,12,41,0,53,0,3,140,0,143,0,15,181,0,196,278,0,278,474
09/04/2021,LYH,VA,AEA,EN,Federal Contract Tower,0,12,10,0,22,0,2,62,0,64,0,14,72,0,86,50,0,50,136
09/05/2021,LYH,VA,AEA,EN,Federal Contract Tower,0,7,11,0,18,0,4,17,0,21,0,11,28,0,39,2,0,2,41
09/06/2021,LYH,VA,AEA,EN,Federal Contract Tower,0,8,21,0,29,0,2,91,0,93,0,10,112,0,122,218,0,218,340
09/07/2021,LYH,VA,AEA,EN,Federal Contract Tower,0,8,38,0,46,0,0,135,0,135,0,8,173,0,181,222,0,222,403
09/08/2021,LYH,VA,AEA,EN,Federal Contract Tower,0,6,41,4,51,0,2,116,1,119,0,8,157,5,170,314,0,314,484
09/09/2021,LYH,VA,AEA,EN,Federal Contract Tower,0,11,34,0,45,0,0,102,2,104,0,11,136,2,149,260,12,272,421
09/10/2021,LYH,VA,AEA,EN,Federal Contract Tower,2,9,31,0,42,0,0,136,1,137,2,9,167,1,179,270,0,270,449
09/11/2021,LYH,VA,AEA,EN,Federal Contract Tower,0,11,15,0,26,0,0,107,0,107,0,11,122,0,133,94,0,94,227
09/12/2021,LYH,VA,AEA,EN,Federal Contract Tower,0,15,12,0,27,0,2,21,0,23,0,17,33,0,50,56,0,56,106
09/13/2021,LYH,VA,AEA,EN,Federal Contract Tower,0,12,38,4,54,0,2,119,0,121,0,14,157,4,175,216,4,220,395
09/14/2021,LYH,VA,AEA,EN,Federal Contract Tower,0,9,22,2,33,0,4,110,0,114,0,13,132,2,147,202,0,202,349
09/15/2021,LYH,VA,AEA,EN,Federal Contract Tower,0,12,21,2,35,0,0,109,1,110,0,12,130,3,145,270,6,276,421
09/16/2021,LYH,VA,AEA,EN,Federal Contract Tower,0,11,28,0,39,0,0,93,0,93,0,11,121,0,132,264,0,264,396
09/17/2021,LYH,VA,AEA,EN,Federal Contract Tower,0,13,40,3,56,0,0,46,0,46,0,13,86,3,102,232,0,232,334
09/18/2021,LYH,VA,AEA,EN,Federal Contract Tower,0,8,29,1,38,0,0,89,0,89,0,8,118,1,127,50,0,50,177
09/19/2021,LYH,VA,AEA,EN,Federal Contract Tower,0,15,25,1,41,0,2,39,0,41,0,17,64,1,82,0,0,0,82
09/20/2021,LYH,VA,AEA,EN,Federal Contract Tower,0,13,53,0,66,0,2,61,0,63,0,15,114,0,129,132,0,132,261
09/21/2021,LYH,VA,AEA,EN,Federal Contract Tower,0,6,31,0,37,0,0,0,0,0,0,6,31,0,37,0,0,0,37
09/22/2021,LYH,VA,AEA,EN,Federal Contract Tower,0,9,19,4,32,0,0,0,0,0,0,9,19,4,32,0,0,0,32
09/23/2021,LYH,VA,AEA,EN,Federal Contract Tower,2,8,30,8,48,0,2,159,2,163,2,10,189,10,211,248,2,250,461
09/24/2021,LYH,VA,AEA,EN,Federal Contract Tower,0,14,51,7,72,0,2,153,1,156,0,16,204,8,228,322,0,322,550
09/25/2021,LYH,VA,AEA,EN,Federal Contract Tower,0,10,20,0,30,0,0,75,0,75,0,10,95,0,105,126,0,126,231
09/26/2021,LYH,VA,AEA,EN,Federal Contract Tower,0,12,24,0,36,0,2,33,0,35,0,14,57,0,71,28,0,28,99
09/27/2021,LYH,VA,AEA,EN,Federal Contract Tower,0,8,20,2,30,0,8,145,1,154,0,16,165,3,184,354,0,354,538
09/28/2021,LYH,VA,AEA,EN,Federal Contract Tower,0,7,26,0,33,0,6,122,0,128,0,13,148,0,161,82,0,82,243
09/29/2021,LYH,VA,AEA,EN,Federal Contract Tower,0,12,35,0,47,0,0,116,0,116,0,12,151,0,163,184,0,184,347
09/30/2021,LYH,VA,AEA,EN,Federal Contract Tower,0,12,53,6,71,0,3,127,0,130,0,15,180,6,201,244,4,248,449
10/01/2021,LYH,VA,AEA,EN,Federal Contract Tower,2,10,25,0,37,0,2,120,0,122,2,12,145,0,159,204,2,206,365
10/02/2021,LYH,VA,AEA,EN,Federal Contract Tower,0,10,16,0,26,0,0,78,0,78,0,10,94,0,104,130,0,130,234
10/03/2021,LYH,VA,AEA,EN,Federal Contract Tower,0,12,24,0,36,0,26,4,0,30,0,38,28,0,66,16,0,16,82
10/04/2021,LYH,VA,AEA,EN,Federal Contract Tower,0,16,20,11,47,0,1,78,4,83,0,17,98,15,130,218,0,218,348
10/05/2021,LYH,VA,AEA,EN,Federal Contract Tower,0,12,28,0,40,0,0,21,2,23,0,12,49,2,63,112,0,112,175
10/06/2021,LYH,VA,AEA,EN,Federal Contract Tower,0,13,50,2,65,0,0,2,2,4,0,13,52,4,69,0,0,0,69
10/07/2021,LYH,VA,AEA,EN,Federal Contract Tower,0,11,59,0,70,0,1,27,0,28,0,12,86,0,98,122,0,122,220
10/08/2021,LYH,VA,AEA,EN,Federal Contract Tower,1,10,65,0,76,0,0,43,0,43,1,10,108,0,119,216,0,216,335
10/09/2021,LYH,VA,AEA,EN,Federal Contract Tower,1,12,10,11,34,0,0,0,1,1,1,12,10,12,35,0,0,0,35
10/10/2021,LYH,VA,AEA,EN,Federal Contract Tower,0,12,37,0,49,0,3,6,0,9,0,15,43,0,58,0,0,0,58
10/11/2021,LYH,VA,AEA,EN,Federal Contract Tower,0,11,44,2,57,0,3,87,0,90,0,14,131,2,147,318,0,318,465
10/12/2021,LYH,VA,AEA,EN,Federal Contract Tower,0,14,50,9,73,0,0,106,0,106,0,14,156,9,179,184,0,184,363
10/13/2021,LYH,VA,AEA,EN,Federal Contract Tower,0,13,49,2,64,0,3,156,0,159,0,16,205,2,223,224,0,224,447
10/14/2021,LYH,VA,AEA,EN,Federal Contract Tower,0,11,45,0,56,0,0,159,0,159,0,11,204,0,215,272,0,272,487
10/15/2021,LYH,VA,AEA,EN,Federal Contract Tower,2,9,51,0,62,0,0,126,0,126,2,9,177,0,188,194,0,194,382
10/16/2021,LYH,VA,AEA,EN,Federal Contract Tower,0,8,14,0,22,0,0,34,2,36,0,8,48,2,58,54,0,54,112
10/17/2021,LYH,VA,AEA,EN,Federal Contract Tower,0,9,26,0,35,0,3,41,0,44,0,12,67,0,79,6,0,6,85
10/18/2021,LYH,VA,AEA,EN,Federal Contract Tower,0,14,31,0,45,0,7,136,2,145,0,21,167,2,190,316,0,316,506
10/19/2021,LYH,VA,AEA,EN,Federal Contract Tower,0,7,26,1,34,0,1,158,1,160,0,8,184,2,194,316,2,318,512
10/20/2021,LYH,VA,AEA,EN,Federal Contract Tower,0,8,27,0,35,0,0,163,0,163,0,8,190,0,198,252,0,252,450
10/21/2021,LYH,VA,AEA,EN,Federal Contract Tower,0,11,34,6,51,0,0,145,1,146,0,11,179,7,197,246,20,266,463
10/22/2021,LYH,VA,AEA,EN,Federal Contract Tower,2,13,26,1,42,0,0,118,0,118,2,13,144,1,160,264,0,264,424
10/23/2021,LYH,VA,AEA,EN,Federal Contract Tower,0,8,20,1,29,0,4,99,3,106,0,12,119,4,135,134,0,134,269
10/24/2021,LYH,VA,AEA,EN,Federal Contract Tower,0,14,18,0,32,0,2,33,0,35,0,16,51,0,67,14,0,14,81
10/25/2021,LYH,VA,AEA,EN,Federal Contract Tower,0,12,8,0,20,0,2,94,0,96,0,14,102,0,116,250,0,250,366
10/26/2021,LYH,VA,AEA,EN,Federal Contract Tower,0,14,13,0,27,0,0,37,2,39,0,14,50,2,66,66,0,66,132
10/27/2021,LYH,VA,AEA,EN,Federal Contract Tower,0,12,43,0,55,0,1,167,2,170,0,13,210,2,225,280,0,280,505
10/28/2021,LYH,VA,AEA,EN,Federal Contract Tower,0,10,43,0,53,0,0,101,1,102,0,10,144,1,155,234,0,234,389
10/29/2021,LYH,VA,AEA,EN,Federal Contract Tower,0,10,43,0,53,0,0,41,0,41,0,10,84,0,94,70,0,70,164
10/30/2021,LYH,VA,AEA,EN,Federal Contract Tower,2,8,26,0,36,0,0,7,0,7,2,8,33,0,43,6,0,6,49
10/31/2021,LYH,VA,AEA,EN,Federal Contract Tower,0,9,21,0,30,0,2,34,0,36,0,11,55,0,66,10,0,10,76
11/01/2021,LYH,VA,AEA,EN,Federal Contract Tower,1,11,29,8,49,0,4,164,1,169,1,15,193,9,218,256,0,256,474
11/02/2021,LYH,VA,AEA,EN,Federal Contract Tower,1,14,21,0,36,0,0,25,0,25,1,14,46,0,61,40,0,40,101
11/03/2021,LYH,VA,AEA,EN,Federal Contract Tower,0,12,22,6,40,0,0,160,0,160,0,12,182,6,200,254,0,254,454
11/04/2021,LYH,VA,AEA,EN,Federal Contract Tower,0,9,33,2,44,0,0,139,0,139,0,9,172,2,183,208,12,220,403
11/05/2021,LYH,VA,AEA,EN,Federal Contract Tower,2,15,27,1,45,0,0,130,1,131,2,15,157,2,176,208,0,208,384
11/06/2021,LYH,VA,AEA,EN,Federal Contract Tower,2,16,18,0,36,0,1,83,0,84,2,17,101,0,120,88,0,88,208
11/07/2021,LYH,VA,AEA,EN,Federal Contract Tower,0,10,14,1,25,0,4,38,1,43,0,14,52,2,68,20,0,20,88
11/08/2021,LYH,VA,AEA,EN,Federal Contract Tower,0,16,19,1,36,0,8,128,3,139,0,24,147,4,175,270,0,270,445
11/09/2021,LYH,VA,AEA,EN,Federal Contract Tower,0,13,32,0,45,0,0,165,0,165,0,13,197,0,210,200,0,200,410
11/10/2021,LYH,VA,AEA,EN,Federal Contract Tower,0,13,32,0,45,0,2,132,0,134,0,15,164,0,179,192,0,192,371
11/11/2021,LYH,VA,AEA,EN,Federal Contract Tower,0,7,34,0,41,0,0,129,0,129,0,7,163,0,170,172,0,172,342
11/12/2021,LYH,VA,AEA,EN,Federal Contract Tower,0,11,26,0,37,0,0,139,0,139,0,11,165,0,176,206,0,206,382
11/13/2021,LYH,VA,AEA,EN,Federal Contract Tower,0,11,15,0,26,0,0,33,0,33,0,11,48,0,59,30,0,30,89
11/14/2021,LYH,VA,AEA,EN,Federal Contract Tower,0,13,24,0,37,0,4,53,0,57,0,17,77,0,94,6,0,6,100
11/15/2021,LYH,VA,AEA,EN,Federal Contract Tower,0,11,33,4,48,0,0,118,0,118,0,11,151,4,166,322,0,322,488
11/16/2021,LYH,VA,AEA,EN,Federal Contract Tower,0,10,35,0,45,0,4,133,1,138,0,14,168,1,183,234,0,234,417
11/17/2021,LYH,VA,AEA,EN,Federal Contract Tower,0,14,31,0,45,0,0,154,0,154,0,14,185,0,199,354,0,354,553
11/18/2021,LYH,VA,AEA,EN,Federal Contract Tower,0,12,35,2,49,0,2,89,2,93,0,14,124,4,142,170,0,170,312
11/19/2021,LYH,VA,AEA,EN,Federal Contract Tower,1,15,57,1,74,0,0,120,0,120,1,15,177,1,194,268,0,268,462
11/20/2021,LYH,VA,AEA,EN,Federal Contract Tower,1,12,14,0,27,0,0,79,2,81,1,12,93,2,108,122,0,122,230
11/21/2021,LYH,VA,AEA,EN,Federal Contract Tower,0,18,15,1,34,0,2,20,0,22,0,20,35,1,56,44,0,44,100
11/22/2021,LYH,VA,AEA,EN,Federal Contract Tower,0,13,20,2,35,0,0,63,4,67,0,13,83,6,102,160,22,182,284
11/23/2021,LYH,VA,AEA,EN,Federal Contract Tower,0,12,30,0,42,0,0,104,0,104,0,12,134,0,146,252,0,252,398
11/24/2021,LYH,VA,AEA,EN,Federal Contract Tower,0,10,19,0,29,0,4,66,0,70,0,14,85,0,99,100,0,100,199
11/25/2021,LYH,VA,AEA,EN,Federal Contract Tower,0,2,1,0,3,0,0,13,0,13,0,2,14,0,16,28,0,28,44
11/26/2021,LYH,VA,AEA,EN,Federal Contract Tower,2,7,7,2,18,0,0,6,0,6,2,7,13,2,24,0,0,0,24
11/27/2021,LYH,VA,AEA,EN,Federal Contract Tower,2,12,22,4,40,0,2,35,0,37,2,14,57,4,77,28,0,28,105
11/28/2021,LYH,VA,AEA,EN,Federal Contract Tower,0,11,30,0,41,0,0,35,0,35,0,11,65,0,76,0,0,0,76
11/29/2021,LYH,VA,AEA,EN,Federal Contract Tower,0,17,25,2,44,0,5,108,4,117,0,22,133,6,161,278,2,280,441
11/30/2021,LYH,VA,AEA,EN,Federal Contract Tower,0,12,34,0,46,0,2,124,0,126,0,14,158,0,172,298,0,298,470
12/01/2021,LYH,VA,AEA,EN,Federal Contract Tower,2,16,31,0,49,0,4,108,3,115,2,20,139,3,164,254,26,280,444
12/02/2021,LYH,VA,AEA,EN,Federal Contract Tower,2,9,31,0,42,0,2,89,0,91,2,11,120,0,133,188,0,188,321
12/03/2021,LYH,VA,AEA,EN,Federal Contract Tower,0,11,36,9,56,0,0,114,0,114,0,11,150,9,170,282,8,290,460
12/04/2021,LYH,VA,AEA,EN,Federal Contract Tower,0,8,15,4,27,0,0,108,4,112,0,8,123,8,139,210,0,210,349
12/05/2021,LYH,VA,AEA,EN,Federal Contract Tower,0,7,15,0,22,0,2,38,4,44,0,9,53,4,66,48,0,48,114
12/06/2021,LYH,VA,AEA,EN,Federal Contract Tower,0,9,16,0,25,0,8,46,2,56,0,17,62,2,81,136,6,142,223
12/07/2021,LYH,VA,AEA,EN,Federal Contract Tower,0,10,61,0,71,0,0,150,4,154,0,10,211,4,225,328,26,354,579
12/08/2021,LYH,VA,AEA,EN,Federal Contract Tower,0,8,37,0,45,0,0,126,4,130,0,8,163,4,175,266,0,266,441
12/09/2021,LYH,VA,AEA,EN,Federal Contract Tower,0,8,47,0,55,0,0,136,0,136,0,8,183,0,191,186,0,186,377
12/10/2021,LYH,VA,AEA,EN,Federal Contract Tower,0,13,32,0,45,0,0,78,1,79,0,13,110,1,124,158,0,158,282
12/11/2021,LYH,VA,AEA,EN,Federal Contract Tower,0,9,5,0,14,0,0,0,0,0,0,9,5,0,14,0,0,0,14
12/12/2021,LYH,VA,AEA,EN,Federal Contract Tower,0,12,19,1,32,0,0,32,4,36,0,12,51,5,68,20,0,20,88
12/13/2021,LYH,VA,AEA,EN,Federal Contract Tower,0,13,32,8,53,0,8,143,0,151,0,21,175,8,204,294,0,294,498
12/14/2021,LYH,VA,AEA,EN,Federal Contract Tower,4,6,37,0,47,0,1,144,0,145,4,7,181,0,192,290,0,290,482
12/15/2021,LYH,VA,AEA,EN,Federal Contract Tower,0,15,40,0,55,0,0,105,0,105,0,15,145,0,160,232,0,232,392
12/16/2021,LYH,VA,AEA,EN,Federal Contract Tower,0,17,26,3,46,0,2,97,10,109,0,19,123,13,155,184,0,184,339
12/17/2021,LYH,VA,AEA,EN,Federal Contract Tower,0,17,38,2,57,0,0,80,0,80,0,17,118,2,137,180,0,180,317
12/18/2021,LYH,VA,AEA,EN,Federal Contract Tower,0,14,8,0,22,0,0,0,0,0,0,14,8,0,22,0,0,0,22
12/19/2021,LYH,VA,AEA,EN,Federal Contract Tower,0,10,13,0,23,0,2,6,0,8,0,12,19,0,31,8,0,8,39
12/20/2021,LYH,VA,AEA,EN,Federal Contract Tower,0,11,18,0,29,0,7,74,0,81,0,18,92,0,110,178,0,178,288
12/21/2021,LYH,VA,AEA,EN,Federal Contract Tower,0,12,18,0,30,0,4,63,0,67,0,16,81,0,97,102,0,102,199
12/22/2021,LYH,VA,AEA,EN,Federal Contract Tower,0,10,37,0,47,0,5,45,2,52,0,15,82,2,99,28,0,28,127
12/23/2021,LYH,VA,AEA,EN,Federal Contract Tower,0,11,24,0,35,0,0,41,0,41,0,11,65,0,76,26,0,26,102
12/24/2021,LYH,VA,AEA,EN,Federal Contract Tower,0,5,5,0,10,0,0,11,0,11,0,5,16,0,21,0,0,0,21
12/25/2021,LYH,VA,AEA,EN,Federal Contract Tower,0,11,6,0,17,0,0,4,0,4,0,11,10,0,21,20,0,20,41
12/26/2021,LYH,VA,AEA,EN,Federal Contract Tower,0,12,16,0,28,0,2,34,0,36,0,14,50,0,64,6,0,6,70
12/27/2021,LYH,VA,AEA,EN,Federal Contract Tower,0,9,16,2,27,0,2,14,0,16,0,11,30,2,43,10,0,10,53
12/28/2021,LYH,VA,AEA,EN,Federal Contract Tower,0,11,11,6,28,0,5,35,1,41,0,16,46,7,69,38,0,38,107
12/29/2021,LYH,VA,AEA,EN,Federal Contract Tower,0,11,16,1,28,0,2,4,2,8,0,13,20,3,36,0,0,0,36
12/30/2021,LYH,VA,AEA,EN,Federal Contract Tower,0,10,11,0,21,0,0,0,0,0,0,10,11,0,21,0,0,0,21
12/31/2021,LYH,VA,AEA,EN,Federal Contract Tower,0,7,10,0,17,0,0,16,0,16,0,7,26,0,33,14,0,14,47
01/01/2022,LYH,VA,AEA,EN,Federal Contract Tower,0,9,7,0,16,0,0,2,0,2,0,9,9,0,18,2,0,2,20
01/02/2022,LYH,VA,AEA,EN,Federal Contract Tower,0,15,10,6,31,0,2,2,0,4,0,17,12,6,35,2,0,2,37
01/03/2022,LYH,VA,AEA,EN,Federal Contract Tower,0,7,3,0,10,0,7,9,5,21,0,14,12,5,31,10,0,10,41
01/04/2022,LYH,VA,AEA,EN,Federal Contract Tower,0,9,11,2,22,0,1,52,5,58,0,10,63,7,80,106,0,106,186
01/05/2022,LYH,VA,AEA,EN,Federal Contract Tower,2,11,16,3,32,0,0,22,0,22,2,11,38,3,54,32,0,32,86
01/06/2022,LYH,VA,AEA,EN,Federal Contract Tower,0,12,11,3,26,0,0,37,4,41,0,12,48,7,67,60,0,60,127
01/07/2022,LYH,VA,AEA,EN,Federal Contract Tower,0,11,27,0,38,0,1,75,0,76,0,12,102,0,114,204,0,204,318
01/08/2022,LYH,VA,AEA,EN,Federal Contract Tower,0,8,17,0,25,0,0,49,0,49,0,8,66,0,74,68,0,68,142
01/09/2022,LYH,VA,AEA,EN,Federal Contract Tower,2,12,10,3,27,0,0,0,0,0,2,12,10,3,27,0,0,0,27
01/10/2022,LYH,VA,AEA,EN,Federal Contract Tower,0,12,7,2,21,0,6,27,0,33,0,18,34,2,54,66,0,66,120
01/11/2022,LYH,VA,AEA,EN,Federal Contract Tower,0,9,21,2,32,0,0,53,4,57,0,9,74,6,89,124,0,124,213
01/12/2022,LYH,VA,AEA,EN,Federal Contract Tower,2,9,15,1,27,0,1,90,3,94,2,10,105,4,121,92,0,92,213
01/13/2022,LYH,VA,AEA,EN,Federal Contract Tower,2,8,13,0,23,0,0,90,0,90,2,8,103,0,113,212,0,212,325
01/14/2022,LYH,VA,AEA,EN,Federal Contract Tower,2,14,23,0,39,0,0,111,0,111,2,14,134,0,150,220,0,220,370
01/15/2022,LYH,VA,AEA,EN,Federal Contract Tower,0,14,16,0,30,0,0,57,0,57,0,14,73,0,87,134,0,134,221
01/16/2022,LYH,VA,AEA,EN,Federal Contract Tower,0,0,0,0,0,0,0,0,0,0,0,0,0,0,0,0,0,0,0
01/17/2022,LYH,VA,AEA,EN,Federal Contract Tower,0,6,5,4,15,0,4,2,0,6,0,10,7,4,21,0,0,0,21
01/18/2022,LYH,VA,AEA,EN,Federal Contract Tower,0,12,29,0,41,0,0,82,0,82,0,12,111,0,123,184,0,184,307
01/19/2022,LYH,VA,AEA,EN,Federal Contract Tower,2,11,38,2,53,0,0,122,4,126,2,11,160,6,179,250,0,250,429
01/20/2022,LYH,VA,AEA,EN,Federal Contract Tower,2,10,9,0,21,0,0,0,0,0,2,10,9,0,21,0,0,0,21
01/21/2022,LYH,VA,AEA,EN,Federal Contract Tower,2,9,21,2,34,0,1,89,0,90,2,10,110,2,124,128,0,128,252
01/22/2022,LYH,VA,AEA,EN,Federal Contract Tower,0,10,15,0,25,0,0,99,2,101,0,10,114,2,126,124,0,124,250
01/23/2022,LYH,VA,AEA,EN,Federal Contract Tower,2,8,12,0,22,0,0,24,0,24,2,8,36,0,46,50,0,50,96
01/24/2022,LYH,VA,AEA,EN,Federal Contract Tower,0,9,47,10,66,0,0,114,4,118,0,9,161,14,184,198,0,198,382
01/25/2022,LYH,VA,AEA,EN,Federal Contract Tower,0,9,28,4,41,0,2,123,2,127,0,11,151,6,168,246,6,252,420
01/26/2022,LYH,VA,AEA,EN,Federal Contract Tower,2,10,31,0,43,0,0,148,4,152,2,10,179,4,195,286,0,286,481
01/27/2022,LYH,VA,AEA,EN,Federal Contract Tower,0,10,37,5,52,0,144,6,0,150,0,154,43,5,202,152,0,152,354
01/28/2022,LYH,VA,AEA,EN,Federal Contract Tower,0,11,16,3,30,0,1,64,5,70,0,12,80,8,100,100,6,106,206
01/29/2022,LYH,VA,AEA,EN,Federal Contract Tower,0,8,6,0,14,0,1,23,0,24,0,9,29,0,38,30,0,30,68
01/30/2022,LYH,VA,AEA,EN,Federal Contract Tower,2,10,12,0,24,0,2,37,0,39,2,12,49,0,63,18,0,18,81
01/31/2022,LYH,VA,AEA,EN,Federal Contract Tower,0,10,41,2,53,0,2,114,4,120,0,12,155,6,173,348,4,352,525
02/01/2022,LYH,VA,AEA,EN,Federal Contract Tower,0,13,40,0,53,0,0,118,4,122,0,13,158,4,175,242,2,244,419
02/02/2022,LYH,VA,AEA,EN,Federal Contract Tower,2,16,37,0,55,0,0,131,0,131,2,16,168,0,186,356,0,356,542
02/03/2022,LYH,VA,AEA,EN,Federal Contract Tower,2,8,16,0,26,0,0,0,0,0,2,8,16,0,26,0,0,0,26
02/04/2022,LYH,VA,AEA,EN,Federal Contract Tower,2,12,18,0,32,0,0,12,0,12,2,12,30,0,44,36,0,36,80
02/05/2022,LYH,VA,AEA,EN,Federal Contract Tower,0,12,26,0,38,0,0,3,0,3,0,12,29,0,41,42,0,42,83
02/06/2022,LYH,VA,AEA,EN,Federal Contract Tower,2,13,8,0,23,0,0,55,2,57,2,13,63,2,80,14,0,14,94
02/07/2022,LYH,VA,AEA,EN,Federal Contract Tower,2,12,16,6,36,0,0,22,0,22,2,12,38,6,58,84,0,84,142
02/08/2022,LYH,VA,AEA,EN,Federal Contract Tower,0,15,49,1,65,0,1,166,0,167,0,16,215,1,232,276,0,276,508
02/09/2022,LYH,VA,AEA,EN,Federal Contract Tower,2,11,50,3,66,0,0,215,1,216,2,11,265,4,282,396,0,396,678
02/10/2022,LYH,VA,AEA,EN,Federal Contract Tower,2,8,40,2,52,0,0,104,0,104,2,8,144,2,156,160,0,160,316
02/11/2022,LYH,VA,AEA,EN,Federal Contract Tower,2,14,37,2,55,0,1,115,0,116,2,15,152,2,171,204,0,204,375
02/12/2022,LYH,VA,AEA,EN,Federal Contract Tower,0,15,16,0,31,0,2,76,0,78,0,17,92,0,109,98,0,98,207
02/13/2022,LYH,VA,AEA,EN,Federal Contract Tower,2,11,1,0,14,0,0,0,0,0,2,11,1,0,14,0,0,0,14
02/14/2022,LYH,VA,AEA,EN,Federal Contract Tower,2,13,32,2,49,0,0,134,0,134,2,13,166,2,183,308,0,308,491
02/15/2022,LYH,VA,AEA,EN,Federal Contract Tower,2,14,48,4,68,0,9,150,3,162,2,23,198,7,230,300,0,300,530
02/16/2022,LYH,VA,AEA,EN,Federal Contract Tower,2,10,34,0,46,0,4,171,0,175,2,14,205,0,221,354,0,354,575
02/17/2022,LYH,VA,AEA,EN,Federal Contract Tower,2,10,17,0,29,0,0,13,0,13,2,10,30,0,42,50,0,50,92
02/18/2022,LYH,VA,AEA,EN,Federal Contract Tower,2,8,24,3,37,0,0,67,0,67,2,8,91,3,104,122,0,122,226
02/19/2022,LYH,VA,AEA,EN,Federal Contract Tower,0,10,17,0,27,0,0,59,0,59,0,10,76,0,86,86,0,86,172
02/20/2022,LYH,VA,AEA,EN,Federal Contract Tower,2,12,16,10,40,0,0,49,0,49,2,12,65,10,89,24,0,24,113
02/21/2022,LYH,VA,AEA,EN,Federal Contract Tower,2,8,25,0,35,0,8,163,0,171,2,16,188,0,206,356,0,356,562
02/22/2022,LYH,VA,AEA,EN,Federal Contract Tower,0,10,20,0,30,0,0,2,0,2,0,10,22,0,32,20,0,20,52
02/23/2022,LYH,VA,AEA,EN,Federal Contract Tower,2,8,36,0,46,0,0,92,0,92,2,8,128,0,138,220,0,220,358
02/24/2022,LYH,VA,AEA,EN,Federal Contract Tower,2,10,4,0,16,0,0,2,0,2,2,10,6,0,18,2,0,2,20
02/25/2022,LYH,VA,AEA,EN,Federal Contract Tower,0,17,13,0,30,0,0,31,4,35,0,17,44,4,65,104,0,104,169
02/26/2022,LYH,VA,AEA,EN,Federal Contract Tower,0,13,37,0,50,0,0,147,1,148,0,13,184,1,198,234,0,234,432
02/27/2022,LYH,VA,AEA,EN,Federal Contract Tower,2,8,12,0,22,0,0,53,0,53,2,8,65,0,75,40,0,40,115
02/28/2022,LYH,VA,AEA,EN,Federal Contract Tower,2,9,42,0,53,0,6,165,4,175,2,15,207,4,228,304,4,308,536
03/01/2022,LYH,VA,AEA,EN,Federal Contract Tower,0,12,51,2,65,0,0,151,0,151,0,12,202,2,216,288,0,288,504
03/02/2022,LYH,VA,AEA,EN,Federal Contract Tower,2,11,36,0,49,0,1,142,1,144,2,12,178,1,193,234,0,234,427
03/03/2022,LYH,VA,AEA,EN,Federal Contract Tower,2,8,27,0,37,0,0,91,6,97,2,8,118,6,134,94,24,118,252
03/04/2022,LYH,VA,AEA,EN,Federal Contract Tower,2,6,26,2,36,0,0,173,0,173,2,6,199,2,209,350,2,352,561
03/05/2022,LYH,VA,AEA,EN,Federal Contract Tower,2,9,29,0,40,0,0,139,0,139,2,9,168,0,179,166,0,166,345
03/06/2022,LYH,VA,AEA,EN,Federal Contract Tower,2,10,16,0,28,0,2,5,1,8,2,12,21,1,36,2,10,12,48
03/07/2022,LYH,VA,AEA,EN,Federal Contract Tower,2,16,12,0,30,0,0,3,0,3,2,16,15,0,33,0,0,0,33
03/08/2022,LYH,VA,AEA,EN,Federal Contract Tower,0,11,28,4,43,0,0,134,4,138,0,11,162,8,181,336,2,338,519
03/09/2022,LYH,VA,AEA,EN,Federal Contract Tower,0,10,23,6,39,0,0,10,0,10,0,10,33,6,49,20,0,20,69
03/10/2022,LYH,VA,AEA,EN,Federal Contract Tower,2,6,49,8,65,0,0,99,0,99,2,6,148,8,164,212,0,212,376
03/11/2022,LYH,VA,AEA,EN,Federal Contract Tower,2,11,51,2,66,0,0,143,1,144,2,11,194,3,210,308,10,318,528
03/12/2022,LYH,VA,AEA,EN,Federal Contract Tower,2,9,12,0,23,0,0,0,0,0,2,9,12,0,23,0,0,0,23
03/13/2022,LYH,VA,AEA,EN,Federal Contract Tower,0,7,12,0,19,0,2,34,0,36,0,9,46,0,55,40,0,40,95
03/14/2022,LYH,VA,AEA,EN,Federal Contract Tower,2,12,31,3,48,0,6,110,3,119,2,18,141,6,167,206,2,208,375
03/15/2022,LYH,VA,AEA,EN,Federal Contract Tower,2,7,20,6,35,0,3,131,2,136,2,10,151,8,171,238,0,238,409
03/16/2022,LYH,VA,AEA,EN,Federal Contract Tower,0,10,27,3,40,0,0,127,0,127,0,10,154,3,167,284,4,288,455
03/17/2022,LYH,VA,AEA,EN,Federal Contract Tower,3,10,34,0,47,0,0,30,0,30,3,10,64,0,77,98,0,98,175
03/18/2022,LYH,VA,AEA,EN,Federal Contract Tower,2,8,25,0,35,0,0,92,1,93,2,8,117,1,128,206,0,206,334
03/19/2022,LYH,VA,AEA,EN,Federal Contract Tower,2,11,16,0,29,0,1,5,4,10,2,12,21,4,39,0,0,0,39
03/20/2022,LYH,VA,AEA,EN,Federal Contract Tower,2,11,5,1,19,0,0,11,1,12,2,11,16,2,31,4,0,4,35
03/21/2022,LYH,VA,AEA,EN,Federal Contract Tower,2,18,62,6,88,0,2,113,4,119,2,20,175,10,207,204,26,230,437
03/22/2022,LYH,VA,AEA,EN,Federal Contract Tower,0,11,35,4,50,0,2,162,0,164,0,13,197,4,214,298,0,298,512
03/23/2022,LYH,VA,AEA,EN,Federal Contract Tower,0,12,31,4,47,0,0,5,2,7,0,12,36,6,54,14,0,14,68
03/24/2022,LYH,VA,AEA,EN,Federal Contract Tower,2,6,37,6,51,0,2,91,1,94,2,8,128,7,145,208,24,232,377
03/25/2022,LYH,VA,AEA,EN,Federal Contract Tower,2,6,41,6,55,0,1,94,2,97,2,7,135,8,152,164,0,164,316
03/26/2022,LYH,VA,AEA,EN,Federal Contract Tower,2,6,9,0,17,0,1,8,4,13,2,7,17,4,30,0,2,2,32
03/27/2022,LYH,VA,AEA,EN,Federal Contract Tower,2,9,11,1,23,0,2,14,6,22,2,11,25,7,45,4,0,4,49
03/28/2022,LYH,VA,AEA,EN,Federal Contract Tower,2,13,9,0,24,0,1,43,2,46,2,14,52,2,70,42,0,42,112
03/29/2022,LYH,VA,AEA,EN,Federal Contract Tower,0,8,41,2,51,0,3,195,0,198,0,11,236,2,249,352,0,352,601
03/30/2022,LYH,VA,AEA,EN,Federal Contract Tower,0,10,53,10,73,0,1,122,2,125,0,11,175,12,198,222,8,230,428
03/31/2022,LYH,VA,AEA,EN,Federal Contract Tower,2,6,3,0,11,0,0,0,0,0,2,6,3,0,11,0,0,0,11
04/01/2022,LYH,VA,AEA,EN,Federal Contract Tower,0,6,23,7,36,0,3,59,0,62,0,9,82,7,98,60,0,60,158
04/02/2022,LYH,VA,AEA,EN,Federal Contract Tower,0,8,19,0,27,0,0,143,3,146,0,8,162,3,173,168,0,168,341
04/03/2022,LYH,VA,AEA,EN,Federal Contract Tower,2,10,19,0,31,0,4,16,0,20,2,14,35,0,51,14,0,14,65
04/04/2022,LYH,VA,AEA,EN,Federal Contract Tower,0,10,33,2,45,0,0,135,4,139,0,10,168,6,184,148,0,148,332
04/05/2022,LYH,VA,AEA,EN,Federal Contract Tower,0,10,31,4,45,0,0,108,0,108,0,10,139,4,153,180,4,184,337
04/06/2022,LYH,VA,AEA,EN,Federal Contract Tower,0,12,37,0,49,0,0,149,2,151,0,12,186,2,200,264,0,264,464
04/07/2022,LYH,VA,AEA,EN,Federal Contract Tower,0,11,34,0,45,0,0,34,0,34,0,11,68,0,79,58,0,58,137
04/08/2022,LYH,VA,AEA,EN,Federal Contract Tower,0,12,32,3,47,0,0,122,0,122,0,12,154,3,169,216,0,216,385
04/09/2022,LYH,VA,AEA,EN,Federal Contract Tower,0,8,16,0,24,0,0,59,0,59,0,8,75,0,83,68,0,68,151
04/10/2022,LYH,VA,AEA,EN,Federal Contract Tower,0,19,10,5,34,0,8,48,0,56,0,27,58,5,90,28,8,36,126
04/11/2022,LYH,VA,AEA,EN,Federal Contract Tower,0,14,40,6,60,0,0,113,0,113,0,14,153,6,173,280,4,284,457
04/12/2022,LYH,VA,AEA,EN,Federal Contract Tower,0,15,46,0,61,0,5,174,7,186,0,20,220,7,247,320,2,322,569
04/13/2022,LYH,VA,AEA,EN,Federal Contract Tower,0,11,20,0,31,0,0,84,0,84,0,11,104,0,115,138,0,138,253
04/14/2022,LYH,VA,AEA,EN,Federal Contract Tower,0,11,23,2,36,0,0,83,0,83,0,11,106,2,119,268,0,268,387
04/15/2022,LYH,VA,AEA,EN,Federal Contract Tower,0,10,33,0,43,0,1,190,0,191,0,11,223,0,234,366,0,366,600
04/16/2022,LYH,VA,AEA,EN,Federal Contract Tower,0,11,4,0,15,0,0,26,0,26,0,11,30,0,41,14,0,14,55
04/17/2022,LYH,VA,AEA,EN,Federal Contract Tower,0,11,19,4,34,0,4,13,0,17,0,15,32,4,51,6,0,6,57
04/18/2022,LYH,VA,AEA,EN,Federal Contract Tower,0,9,10,0,19,0,0,0,0,0,0,9,10,0,19,0,0,0,19
04/19/2022,LYH,VA,AEA,EN,Federal Contract Tower,0,14,22,0,36,0,6,56,2,64,0,20,78,2,100,74,0,74,174
04/20/2022,LYH,VA,AEA,EN,Federal Contract Tower,0,14,33,4,51,0,0,193,4,197,0,14,226,8,248,416,2,418,666
04/21/2022,LYH,VA,AEA,EN,Federal Contract Tower,0,12,40,0,52,0,0,156,0,156,0,12,196,0,208,342,0,342,550
04/22/2022,LYH,VA,AEA,EN,Federal Contract Tower,0,12,28,0,40,0,2,127,0,129,0,14,155,0,169,268,0,268,437
04/23/2022,LYH,VA,AEA,EN,Federal Contract Tower,0,10,24,1,35,0,0,108,1,109,0,10,132,2,144,186,0,186,330
04/24/2022,LYH,VA,AEA,EN,Federal Contract Tower,0,14,11,0,25,0,4,26,0,30,0,18,37,0,55,34,0,34,89
04/25/2022,LYH,VA,AEA,EN,Federal Contract Tower,0,12,49,7,68,0,0,137,5,142,0,12,186,12,210,330,10,340,550
04/26/2022,LYH,VA,AEA,EN,Federal Contract Tower,0,11,24,0,35,0,2,89,0,91,0,13,113,0,126,224,0,224,350
04/27/2022,LYH,VA,AEA,EN,Federal Contract Tower,0,14,19,0,33,0,0,35,0,35,0,14,54,0,68,62,0,62,130
04/28/2022,LYH,VA,AEA,EN,Federal Contract Tower,0,10,49,0,59,0,0,172,0,172,0,10,221,0,231,262,0,262,493
04/29/2022,LYH,VA,AEA,EN,Federal Contract Tower,0,8,42,3,53,0,0,176,2,178,0,8,218,5,231,250,0,250,481
04/30/2022,LYH,VA,AEA,EN,Federal Contract Tower,0,24,25,0,49,0,1,66,0,67,0,25,91,0,116,120,0,120,236
05/01/2022,LYH,VA,AEA,EN,Federal Contract Tower,0,18,17,0,35,0,0,2,0,2,0,18,19,0,37,0,0,0,37
05/02/2022,LYH,VA,AEA,EN,Federal Contract Tower,0,8,27,0,35,0,0,99,0,99,0,8,126,0,134,212,0,212,346
05/03/2022,LYH,VA,AEA,EN,Federal Contract Tower,0,14,27,4,45,0,0,98,0,98,0,14,125,4,143,222,0,222,365
05/04/2022,LYH,VA,AEA,EN,Federal Contract Tower,0,14,55,2,71,0,0,84,0,84,0,14,139,2,155,122,0,122,277
05/05/2022,LYH,VA,AEA,EN,Federal Contract Tower,4,8,59,0,71,0,0,165,0,165,4,8,224,0,236,314,0,314,550
05/06/2022,LYH,VA,AEA,EN,Federal Contract Tower,2,10,21,0,33,0,0,0,0,0,2,10,21,0,33,0,0,0,33
05/07/2022,LYH,VA,AEA,EN,Federal Contract Tower,2,11,25,0,38,0,0,0,0,0,2,11,25,0,38,0,0,0,38
05/08/2022,LYH,VA,AEA,EN,Federal Contract Tower,4,11,15,0,30,0,1,14,1,16,4,12,29,1,46,32,0,32,78
05/09/2022,LYH,VA,AEA,EN,Federal Contract Tower,2,8,13,6,29,0,0,126,16,142,2,8,139,22,171,226,0,226,397
05/10/2022,LYH,VA,AEA,EN,Federal Contract Tower,2,17,30,2,51,0,4,135,0,139,2,21,165,2,190,238,0,238,428
05/11/2022,LYH,VA,AEA,EN,Federal Contract Tower,0,12,28,0,40,0,0,122,0,122,0,12,150,0,162,330,0,330,492
05/12/2022,LYH,VA,AEA,EN,Federal Contract Tower,4,7,30,4,45,0,4,67,0,71,4,11,97,4,116,150,0,150,266
05/13/2022,LYH,VA,AEA,EN,Federal Contract Tower,2,7,34,6,49,0,0,3,0,3,2,7,37,6,52,12,0,12,64
05/14/2022,LYH,VA,AEA,EN,Federal Contract Tower,0,10,6,0,16,0,0,0,0,0,0,10,6,0,16,0,0,0,16
05/15/2022,LYH,VA,AEA,EN,Federal Contract Tower,2,3,15,0,20,0,6,35,0,41,2,9,50,0,61,66,0,66,127
05/16/2022,LYH,VA,AEA,EN,Federal Contract Tower,4,10,21,0,35,0,0,96,0,96,4,10,117,0,131,270,0,270,401
05/17/2022,LYH,VA,AEA,EN,Federal Contract Tower,2,9,22,0,33,0,2,155,0,157,2,11,177,0,190,364,0,364,554
05/18/2022,LYH,VA,AEA,EN,Federal Contract Tower,2,8,33,0,43,0,2,172,0,174,2,10,205,0,217,398,0,398,615
05/19/2022,LYH,VA,AEA,EN,Federal Contract Tower,4,7,37,12,60,0,0,152,1,153,4,7,189,13,213,350,0,350,563
05/20/2022,LYH,VA,AEA,EN,Federal Contract Tower,5,7,34,0,46,0,0,117,0,117,5,7,151,0,163,320,0,320,483
05/21/2022,LYH,VA,AEA,EN,Federal Contract Tower,1,7,20,0,28,0,0,56,0,56,1,7,76,0,84,82,0,82,166
05/22/2022,LYH,VA,AEA,EN,Federal Contract Tower,2,6,12,0,20,0,1,21,0,22,2,7,33,0,42,58,0,58,100
05/23/2022,LYH,VA,AEA,EN,Federal Contract Tower,2,8,38,2,50,0,1,19,0,20,2,9,57,2,70,64,0,64,134
05/24/2022,LYH,VA,AEA,EN,Federal Contract Tower,2,9,58,0,69,0,0,1,1,2,2,9,59,1,71,0,0,0,71
05/25/2022,LYH,VA,AEA,EN,Federal Contract Tower,2,7,50,2,61,0,0,62,0,62,2,7,112,2,123,242,0,242,365
05/26/2022,LYH,VA,AEA,EN,Federal Contract Tower,4,10,61,0,75,0,0,2,0,2,4,10,63,0,77,0,0,0,77
05/27/2022,LYH,VA,AEA,EN,Federal Contract Tower,4,8,13,0,25,0,0,14,0,14,4,8,27,0,39,102,0,102,141
05/28/2022,LYH,VA,AEA,EN,Federal Contract Tower,2,9,23,0,34,0,1,84,0,85,2,10,107,0,119,102,0,102,221
05/29/2022,LYH,VA,AEA,EN,Federal Contract Tower,2,3,23,0,28,0,0,39,0,39,2,3,62,0,67,62,0,62,129
05/30/2022,LYH,VA,AEA,EN,Federal Contract Tower,4,8,27,4,43,0,0,153,0,153,4,8,180,4,196,262,0,262,458
05/31/2022,LYH,VA,AEA,EN,Federal Contract Tower,2,9,22,0,33,0,0,154,2,156,2,9,176,2,189,234,0,234,423
06/01/2022,LYH,VA,AEA,EN,Federal Contract Tower,2,12,27,0,41,0,2,134,0,136,2,14,161,0,177,204,0,204,381
06/02/2022,LYH,VA,AEA,EN,Federal Contract Tower,4,8,24,2,38,0,0,127,4,131,4,8,151,6,169,122,0,122,291
06/03/2022,LYH,VA,AEA,EN,Federal Contract Tower,3,13,31,0,47,0,0,138,0,138,3,13,169,0,185,266,0,266,451
06/04/2022,LYH,VA,AEA,EN,Federal Contract Tower,3,11,23,0,37,0,0,79,0,79,3,11,102,0,116,12,0,12,128
06/05/2022,LYH,VA,AEA,EN,Federal Contract Tower,4,15,23,0,42,0,0,45,0,45,4,15,68,0,87,20,0,20,107
06/06/2022,LYH,VA,AEA,EN,Federal Contract Tower,5,15,24,4,48,0,0,107,0,107,5,15,131,4,155,202,0,202,357
06/07/2022,LYH,VA,AEA,EN,Federal Contract Tower,3,9,20,4,36,0,0,80,2,82,3,9,100,6,118,200,0,200,318
06/08/2022,LYH,VA,AEA,EN,Federal Contract Tower,3,19,5,4,31,0,0,38,0,38,3,19,43,4,69,142,0,142,211
06/09/2022,LYH,VA,AEA,EN,Federal Contract Tower,3,9,17,2,31,0,0,122,0,122,3,9,139,2,153,242,0,242,395
06/10/2022,LYH,VA,AEA,EN,Federal Contract Tower,3,13,19,10,45,0,0,126,0,126,3,13,145,10,171,296,0,296,467
06/11/2022,LYH,VA,AEA,EN,Federal Contract Tower,3,12,8,0,23,0,1,36,4,41,3,13,44,4,64,36,0,36,100
06/12/2022,LYH,VA,AEA,EN,Federal Contract Tower,3,14,20,8,45,0,6,14,0,20,3,20,34,8,65,48,0,48,113
06/13/2022,LYH,VA,AEA,EN,Federal Contract Tower,3,11,18,2,34,0,6,117,0,123,3,17,135,2,157,276,2,278,435
06/14/2022,LYH,VA,AEA,EN,Federal Contract Tower,3,8,13,0,24,0,0,67,0,67,3,8,80,0,91,108,0,108,199
06/15/2022,LYH,VA,AEA,EN,Federal Contract Tower,3,13,30,0,46,0,6,114,0,120,3,19,144,0,166,270,0,270,436
06/16/2022,LYH,VA,AEA,EN,Federal Contract Tower,2,11,14,0,27,0,6,64,0,70,2,17,78,0,97,96,0,96,193
06/17/2022,LYH,VA,AEA,EN,Federal Contract Tower,3,9,30,0,42,0,0,132,0,132,3,9,162,0,174,140,0,140,314
06/18/2022,LYH,VA,AEA,EN,Federal Contract Tower,3,12,23,0,38,0,0,55,0,55,3,12,78,0,93,38,0,38,131
06/19/2022,LYH,VA,AEA,EN,Federal Contract Tower,3,10,11,0,24,0,2,33,0,35,3,12,44,0,59,14,0,14,73
06/20/2022,LYH,VA,AEA,EN,Federal Contract Tower,2,16,34,0,52,0,6,174,1,181,2,22,208,1,233,302,0,302,535
06/21/2022,LYH,VA,AEA,EN,Federal Contract Tower,3,8,27,2,40,0,1,123,2,126,3,9,150,4,166,222,10,232,398
06/22/2022,LYH,VA,AEA,EN,Federal Contract Tower,3,10,18,4,35,0,0,111,0,111,3,10,129,4,146,286,0,286,432
06/23/2022,LYH,VA,AEA,EN,Federal Contract Tower,2,9,31,3,45,0,0,60,2,62,2,9,91,5,107,168,18,186,293
06/24/2022,LYH,VA,AEA,EN,Federal Contract Tower,3,11,35,3,52,0,0,142,5,147,3,11,177,8,199,312,6,318,517
06/25/2022,LYH,VA,AEA,EN,Federal Contract Tower,2,7,7,0,16,0,0,68,0,68,2,7,75,0,84,110,0,110,194
06/26/2022,LYH,VA,AEA,EN,Federal Contract Tower,5,10,11,4,30,0,0,23,0,23,5,10,34,4,53,22,0,22,75
06/27/2022,LYH,VA,AEA,EN,Federal Contract Tower,2,15,30,0,47,0,2,92,0,94,2,17,122,0,141,196,0,196,337
06/28/2022,LYH,VA,AEA,EN,Federal Contract Tower,3,9,38,2,52,0,0,153,2,155,3,9,191,4,207,270,2,272,479
06/29/2022,LYH,VA,AEA,EN,Federal Contract Tower,3,9,31,8,51,0,0,165,2,167,3,9,196,10,218,314,0,314,532
06/30/2022,LYH,VA,AEA,EN,Federal Contract Tower,3,10,39,0,52,0,0,99,0,99,3,10,138,0,151,204,0,204,355
07/01/2022,LYH,VA,AEA,EN,Federal Contract Tower,2,10,23,0,35,0,0,94,0,94,2,10,117,0,129,182,0,182,311
07/02/2022,LYH,VA,AEA,EN,Federal Contract Tower,0,14,8,0,22,0,0,26,0,26,0,14,34,0,48,18,0,18,66
07/03/2022,LYH,VA,AEA,EN,Federal Contract Tower,2,14,7,0,23,0,1,6,0,7,2,15,13,0,30,0,0,0,30
07/04/2022,LYH,VA,AEA,EN,Federal Contract Tower,2,13,7,0,22,0,8,34,0,42,2,21,41,0,64,10,0,10,74
07/05/2022,LYH,VA,AEA,EN,Federal Contract Tower,2,8,16,0,26,0,1,63,0,64,2,9,79,0,90,178,0,178,268
07/06/2022,LYH,VA,AEA,EN,Federal Contract Tower,2,11,19,0,32,0,2,88,0,90,2,13,107,0,122,164,0,164,286
07/07/2022,LYH,VA,AEA,EN,Federal Contract Tower,2,12,16,5,35,0,0,58,2,60,2,12,74,7,95,162,6,168,263
07/08/2022,LYH,VA,AEA,EN,Federal Contract Tower,0,14,28,2,44,0,0,43,0,43,0,14,71,2,87,116,0,116,203
07/09/2022,LYH,VA,AEA,EN,Federal Contract Tower,2,16,15,0,33,0,3,15,0,18,2,19,30,0,51,58,0,58,109
07/10/2022,LYH,VA,AEA,EN,Federal Contract Tower,2,8,24,0,34,0,1,5,0,6,2,9,29,0,40,8,0,8,48
07/11/2022,LYH,VA,AEA,EN,Federal Contract Tower,0,12,27,1,40,0,4,154,3,161,0,16,181,4,201,284,2,286,487
07/12/2022,LYH,VA,AEA,EN,Federal Contract Tower,2,11,16,2,31,0,4,122,2,128,2,15,138,4,159,200,0,200,359
07/13/2022,LYH,VA,AEA,EN,Federal Contract Tower,2,11,27,0,40,0,0,126,0,126,2,11,153,0,166,246,0,246,412
07/14/2022,LYH,VA,AEA,EN,Federal Contract Tower,2,14,18,0,34,0,4,142,24,170,2,18,160,24,204,244,22,266,470
07/15/2022,LYH,VA,AEA,EN,Federal Contract Tower,2,11,28,0,41,0,3,155,2,160,2,14,183,2,201,206,0,206,407
07/16/2022,LYH,VA,AEA,EN,Federal Contract Tower,0,6,15,2,23,0,0,33,0,33,0,6,48,2,56,86,0,86,142
07/17/2022,LYH,VA,AEA,EN,Federal Contract Tower,2,10,18,10,40,0,0,17,3,20,2,10,35,13,60,12,6,18,78
07/18/2022,LYH,VA,AEA,EN,Federal Contract Tower,2,8,26,2,38,0,0,45,0,45,2,8,71,2,83,82,0,82,165
07/19/2022,LYH,VA,AEA,EN,Federal Contract Tower,2,11,43,2,58,0,0,117,4,121,2,11,160,6,179,276,0,276,455
07/20/2022,LYH,VA,AEA,EN,Federal Contract Tower,2,15,30,0,47,0,0,148,2,150,2,15,178,2,197,368,0,368,565
07/21/2022,LYH,VA,AEA,EN,Federal Contract Tower,2,10,23,6,41,0,1,105,9,115,2,11,128,15,156,246,6,252,408
07/22/2022,LYH,VA,AEA,EN,Federal Contract Tower,2,9,43,3,57,0,4,136,5,145,2,13,179,8,202,272,8,280,482
07/23/2022,LYH,VA,AEA,EN,Federal Contract Tower,0,11,14,0,25,0,2,46,0,48,0,13,60,0,73,158,0,158,231
07/24/2022,LYH,VA,AEA,EN,Federal Contract Tower,0,17,30,0,47,0,0,49,0,49,0,17,79,0,96,48,0,48,144
07/25/2022,LYH,VA,AEA,EN,Federal Contract Tower,0,12,17,2,31,0,0,51,0,51,0,12,68,2,82,94,0,94,176
07/26/2022,LYH,VA,AEA,EN,Federal Contract Tower,2,10,26,0,38,0,2,19,0,21,2,12,45,0,59,60,0,60,119
07/27/2022,LYH,VA,AEA,EN,Federal Contract Tower,2,13,29,0,44,0,1,105,2,108,2,14,134,2,152,210,0,210,362
07/28/2022,LYH,VA,AEA,EN,Federal Contract Tower,2,14,40,0,56,0,0,130,2,132,2,14,170,2,188,328,0,328,516
07/29/2022,LYH,VA,AEA,EN,Federal Contract Tower,2,12,16,0,30,0,0,98,0,98,2,12,114,0,128,228,0,228,356
07/30/2022,LYH,VA,AEA,EN,Federal Contract Tower,2,11,16,0,29,0,0,55,0,55,2,11,71,0,84,54,0,54,138
07/31/2022,LYH,VA,AEA,EN,Federal Contract Tower,0,9,2,0,11,0,0,5,0,5,0,9,7,0,16,0,0,0,16
08/01/2022,LYH,VA,AEA,EN,Federal Contract Tower,2,14,29,0,45,0,6,46,2,54,2,20,75,2,99,132,0,132,231
08/02/2022,LYH,VA,AEA,EN,Federal Contract Tower,2,12,29,3,46,0,5,120,5,130,2,17,149,8,176,316,20,336,512
08/03/2022,LYH,VA,AEA,EN,Federal Contract Tower,2,11,32,0,45,0,4,109,0,113,2,15,141,0,158,192,0,192,350
08/04/2022,LYH,VA,AEA,EN,Federal Contract Tower,0,17,34,0,51,0,3,110,0,113,0,20,144,0,164,246,0,246,410
08/05/2022,LYH,VA,AEA,EN,Federal Contract Tower,2,8,20,2,32,0,0,54,2,56,2,8,74,4,88,92,0,92,180
08/06/2022,LYH,VA,AEA,EN,Federal Contract Tower,0,8,21,4,33,0,0,14,0,14,0,8,35,4,47,32,0,32,79
08/07/2022,LYH,VA,AEA,EN,Federal Contract Tower,0,14,22,0,36,0,0,7,0,7,0,14,29,0,43,6,0,6,49
08/08/2022,LYH,VA,AEA,EN,Federal Contract Tower,2,12,17,4,35,0,0,78,2,80,2,12,95,6,115,192,0,192,307
08/09/2022,LYH,VA,AEA,EN,Federal Contract Tower,2,15,18,0,35,0,2,132,3,137,2,17,150,3,172,264,0,264,436
08/10/2022,LYH,VA,AEA,EN,Federal Contract Tower,2,8,15,0,25,0,4,81,0,85,2,12,96,0,110,130,0,130,240
08/11/2022,LYH,VA,AEA,EN,Federal Contract Tower,0,13,37,2,52,0,3,117,2,122,0,16,154,4,174,300,0,300,474
08/12/2022,LYH,VA,AEA,EN,Federal Contract Tower,2,8,37,0,47,0,0,103,1,104,2,8,140,1,151,256,0,256,407
08/13/2022,LYH,VA,AEA,EN,Federal Contract Tower,2,10,15,0,27,0,0,67,0,67,2,10,82,0,94,20,0,20,114
08/14/2022,LYH,VA,AEA,EN,Federal Contract Tower,0,8,17,0,25,0,2,18,0,20,0,10,35,0,45,20,0,20,65
08/15/2022,LYH,VA,AEA,EN,Federal Contract Tower,0,12,23,0,35,0,0,2,0,2,0,12,25,0,37,0,0,0,37
08/16/2022,LYH,VA,AEA,EN,Federal Contract Tower,0,16,30,0,46,0,0,23,7,30,0,16,53,7,76,42,0,42,118
08/17/2022,LYH,VA,AEA,EN,Federal Contract Tower,0,16,31,2,49,0,0,80,2,82,0,16,111,4,131,78,2,80,211
08/18/2022,LYH,VA,AEA,EN,Federal Contract Tower,0,13,30,0,43,0,0,119,2,121,0,13,149,2,164,86,0,86,250
08/19/2022,LYH,VA,AEA,EN,Federal Contract Tower,0,10,26,0,36,0,0,71,6,77,0,10,97,6,113,66,0,66,179
08/20/2022,LYH,VA,AEA,EN,Federal Contract Tower,0,10,21,0,31,0,0,35,0,35,0,10,56,0,66,22,0,22,88
08/21/2022,LYH,VA,AEA,EN,Federal Contract Tower,0,9,13,4,26,0,0,4,0,4,0,9,17,4,30,0,2,2,32
08/22/2022,LYH,VA,AEA,EN,Federal Contract Tower,0,10,23,0,33,0,0,27,0,27,0,10,50,0,60,22,0,22,82
08/23/2022,LYH,VA,AEA,EN,Federal Contract Tower,0,13,31,10,54,0,6,74,0,80,0,19,105,10,134,154,0,154,288
08/24/2022,LYH,VA,AEA,EN,Federal Contract Tower,0,11,19,4,34,0,2,76,0,78,0,13,95,4,112,230,0,230,342
08/25/2022,LYH,VA,AEA,EN,Federal Contract Tower,0,11,17,0,28,0,2,85,0,87,0,13,102,0,115,144,0,144,259
08/26/2022,LYH,VA,AEA,EN,Federal Contract Tower,0,16,60,0,76,0,4,107,0,111,0,20,167,0,187,226,0,226,413
08/27/2022,LYH,VA,AEA,EN,Federal Contract Tower,0,6,20,5,31,0,5,81,0,86,0,11,101,5,117,174,0,174,291
08/28/2022,LYH,VA,AEA,EN,Federal Contract Tower,0,15,23,0,38,0,9,46,0,55,0,24,69,0,93,4,0,4,97
08/29/2022,LYH,VA,AEA,EN,Federal Contract Tower,0,15,40,6,61,0,12,124,0,136,0,27,164,6,197,264,8,272,469
08/30/2022,LYH,VA,AEA,EN,Federal Contract Tower,0,7,26,2,35,0,2,75,0,77,0,9,101,2,112,182,0,182,294
08/31/2022,LYH,VA,AEA,EN,Federal Contract Tower,0,13,39,0,52,0,4,151,2,157,0,17,190,2,209,294,0,294,503
09/01/2022,LYH,VA,AEA,EN,Federal Contract Tower,0,16,50,0,66,0,6,137,0,143,0,22,187,0,209,132,0,132,341
09/02/2022,LYH,VA,AEA,EN,Federal Contract Tower,2,15,71,0,88,0,1,172,0,173,2,16,243,0,261,198,0,198,459
09/03/2022,LYH,VA,AEA,EN,Federal Contract Tower,0,10,27,0,37,0,0,21,0,21,0,10,48,0,58,12,0,12,70
09/04/2022,LYH,VA,AEA,EN,Federal Contract Tower,0,6,16,0,22,0,0,10,0,10,0,6,26,0,32,24,0,24,56
09/05/2022,LYH,VA,AEA,EN,Federal Contract Tower,0,13,78,0,91,0,0,44,0,44,0,13,122,0,135,144,0,144,279
09/06/2022,LYH,VA,AEA,EN,Federal Contract Tower,0,13,29,2,44,0,4,98,5,107,0,17,127,7,151,260,26,286,437
09/07/2022,LYH,VA,AEA,EN,Federal Contract Tower,2,10,51,0,63,0,0,48,0,48,2,10,99,0,111,144,0,144,255
09/08/2022,LYH,VA,AEA,EN,Federal Contract Tower,2,10,57,0,69,0,1,74,2,77,2,11,131,2,146,198,0,198,344
09/09/2022,LYH,VA,AEA,EN,Federal Contract Tower,3,15,63,0,81,0,2,125,0,127,3,17,188,0,208,240,0,240,448
09/10/2022,LYH,VA,AEA,EN,Federal Contract Tower,2,11,30,0,43,0,0,1,0,1,2,11,31,0,44,0,0,0,44
09/11/2022,LYH,VA,AEA,EN,Federal Contract Tower,2,14,14,0,30,0,0,5,0,5,2,14,19,0,35,0,0,0,35
09/12/2022,LYH,VA,AEA,EN,Federal Contract Tower,2,11,28,0,41,0,4,54,0,58,2,15,82,0,99,202,0,202,301
09/13/2022,LYH,VA,AEA,EN,Federal Contract Tower,2,17,22,0,41,0,0,138,0,138,2,17,160,0,179,254,0,254,433
09/14/2022,LYH,VA,AEA,EN,Federal Contract Tower,3,12,43,0,58,0,0,125,0,125,3,12,168,0,183,384,0,384,567
09/15/2022,LYH,VA,AEA,EN,Federal Contract Tower,2,19,44,3,68,0,1,126,0,127,2,20,170,3,195,262,0,262,457
09/16/2022,LYH,VA,AEA,EN,Federal Contract Tower,0,15,69,2,86,0,2,160,4,166,0,17,229,6,252,386,0,386,638
09/17/2022,LYH,VA,AEA,EN,Federal Contract Tower,2,13,33,2,50,0,2,82,0,84,2,15,115,2,134,100,0,100,234
09/18/2022,LYH,VA,AEA,EN,Federal Contract Tower,0,10,24,0,34,0,0,61,0,61,0,10,85,0,95,6,0,6,101
09/19/2022,LYH,VA,AEA,EN,Federal Contract Tower,2,12,40,4,58,0,4,140,0,144,2,16,180,4,202,370,0,370,572
09/20/2022,LYH,VA,AEA,EN,Federal Contract Tower,2,11,39,5,57,0,4,143,0,147,2,15,182,5,204,284,0,284,488
09/21/2022,LYH,VA,AEA,EN,Federal Contract Tower,2,10,28,0,40,0,1,181,1,183,2,11,209,1,223,324,0,324,547
09/22/2022,LYH,VA,AEA,EN,Federal Contract Tower,2,12,33,0,47,0,0,64,4,68,2,12,97,4,115,94,0,94,209
09/23/2022,LYH,VA,AEA,EN,Federal Contract Tower,5,12,30,0,47,0,0,98,0,98,5,12,128,0,145,234,0,234,379
09/24/2022,LYH,VA,AEA,EN,Federal Contract Tower,2,12,14,1,29,0,2,88,0,90,2,14,102,1,119,74,0,74,193
09/25/2022,LYH,VA,AEA,EN,Federal Contract Tower,2,10,21,2,35,0,1,28,0,29,2,11,49,2,64,6,0,6,70
09/26/2022,LYH,VA,AEA,EN,Federal Contract Tower,2,15,24,0,41,0,0,119,1,120,2,15,143,1,161,254,0,254,415
09/27/2022,LYH,VA,AEA,EN,Federal Contract Tower,2,13,38,0,53,0,4,123,12,139,2,17,161,12,192,362,0,362,554
09/29/2022,LYH,VA,AEA,EN,Federal Contract Tower,2,15,48,2,67,0,2,100,0,102,2,17,148,2,169,138,0,138,307
09/30/2022,LYH,VA,AEA,EN,Federal Contract Tower,2,8,12,0,22,0,0,11,0,11,2,8,23,0,33,48,0,48,81
10/01/2022,LYH,VA,AEA,EN,Federal Contract Tower,2,11,5,0,18,0,0,0,0,0,2,11,5,0,18,0,0,0,18
10/02/2022,LYH,VA,AEA,EN,Federal Contract Tower,3,12,14,0,29,0,0,0,0,0,3,12,14,0,29,0,0,0,29
10/03/2022,LYH,VA,AEA,EN,Federal Contract Tower,3,18,33,0,54,0,6,107,0,113,3,24,140,0,167,276,0,276,443
10/04/2022,LYH,VA,AEA,EN,Federal Contract Tower,2,19,40,1,62,0,2,157,2,161,2,21,197,3,223,288,6,294,517
10/05/2022,LYH,VA,AEA,EN,Federal Contract Tower,2,16,48,4,70,0,4,186,2,192,2,20,234,6,262,352,12,364,626
10/06/2022,LYH,VA,AEA,EN,Federal Contract Tower,0,16,22,3,41,0,0,153,3,156,0,16,175,6,197,224,10,234,431
10/07/2022,LYH,VA,AEA,EN,Federal Contract Tower,2,15,43,4,64,0,1,152,4,157,2,16,195,8,221,212,0,212,433
10/08/2022,LYH,VA,AEA,EN,Federal Contract Tower,0,14,21,0,35,0,1,87,0,88,0,15,108,0,123,116,0,116,239
10/09/2022,LYH,VA,AEA,EN,Federal Contract Tower,0,12,17,0,29,0,4,48,0,52,0,16,65,0,81,14,0,14,95
10/10/2022,LYH,VA,AEA,EN,Federal Contract Tower,0,19,19,2,40,0,4,147,2,153,0,23,166,4,193,196,0,196,389
10/11/2022,LYH,VA,AEA,EN,Federal Contract Tower,0,9,52,1,62,0,8,164,5,177,0,17,216,6,239,268,0,268,507
10/12/2022,LYH,VA,AEA,EN,Federal Contract Tower,0,17,45,2,64,0,0,108,1,109,0,17,153,3,173,270,6,276,449
10/13/2022,LYH,VA,AEA,EN,Federal Contract Tower,0,17,36,5,58,0,0,36,0,36,0,17,72,5,94,146,26,172,266
10/14/2022,LYH,VA,AEA,EN,Federal Contract Tower,0,15,24,1,40,0,0,175,1,176,0,15,199,2,216,262,0,262,478
10/15/2022,LYH,VA,AEA,EN,Federal Contract Tower,0,15,17,2,34,0,0,91,0,91,0,15,108,2,125,116,0,116,241
10/16/2022,LYH,VA,AEA,EN,Federal Contract Tower,0,19,22,0,41,0,0,16,0,16,0,19,38,0,57,4,0,4,61
10/17/2022,LYH,VA,AEA,EN,Federal Contract Tower,0,20,30,0,50,0,2,81,2,85,0,22,111,2,135,206,0,206,341
10/18/2022,LYH,VA,AEA,EN,Federal Contract Tower,0,12,32,4,48,0,4,134,6,144,0,16,166,10,192,248,4,252,444
10/19/2022,LYH,VA,AEA,EN,Federal Contract Tower,0,12,33,0,45,0,0,119,2,121,0,12,152,2,166,200,2,202,368
10/20/2022,LYH,VA,AEA,EN,Federal Contract Tower,0,19,12,0,31,0,0,116,0,116,0,19,128,0,147,196,0,196,343
10/21/2022,LYH,VA,AEA,EN,Federal Contract Tower,0,16,37,10,63,0,3,124,0,127,0,19,161,10,190,222,0,222,412
10/22/2022,LYH,VA,AEA,EN,Federal Contract Tower,2,13,22,4,41,0,2,92,0,94,2,15,114,4,135,112,0,112,247
10/23/2022,LYH,VA,AEA,EN,Federal Contract Tower,0,12,27,7,46,0,0,21,1,22,0,12,48,8,68,36,0,36,104
10/24/2022,LYH,VA,AEA,EN,Federal Contract Tower,0,21,24,0,45,0,11,118,4,133,0,32,142,4,178,224,40,264,442
10/25/2022,LYH,VA,AEA,EN,Federal Contract Tower,0,10,41,0,51,0,8,85,0,93,0,18,126,0,144,198,0,198,342
10/27/2022,LYH,VA,AEA,EN,Federal Contract Tower,0,12,29,4,45,0,0,168,1,169,0,12,197,5,214,252,10,262,476
10/28/2022,LYH,VA,AEA,EN,Federal Contract Tower,0,16,36,6,58,0,0,113,2,115,0,16,149,8,173,194,0,194,367
10/29/2022,LYH,VA,AEA,EN,Federal Contract Tower,0,10,16,0,26,0,2,77,2,81,0,12,93,2,107,88,0,88,195
10/30/2022,LYH,VA,AEA,EN,Federal Contract Tower,0,11,18,4,33,0,2,28,0,30,0,13,46,4,63,4,0,4,67
10/31/2022,LYH,VA,AEA,EN,Federal Contract Tower,0,13,29,2,44,0,0,2,0,2,0,13,31,2,46,4,0,4,50
11/01/2022,LYH,VA,AEA,EN,Federal Contract Tower,0,13,53,0,66,0,0,189,0,189,0,13,242,0,255,242,0,242,497
11/02/2022,LYH,VA,AEA,EN,Federal Contract Tower,0,10,32,3,45,0,4,156,4,164,0,14,188,7,209,240,12,252,461
11/03/2022,LYH,VA,AEA,EN,Federal Contract Tower,0,14,28,0,42,0,2,153,1,156,0,16,181,1,198,288,0,288,486
11/04/2022,LYH,VA,AEA,EN,Federal Contract Tower,2,13,34,0,49,0,1,147,0,148,2,14,181,0,197,320,0,320,517
11/05/2022,LYH,VA,AEA,EN,Federal Contract Tower,0,12,9,0,21,0,2,11,0,13,0,14,20,0,34,6,0,6,40
11/06/2022,LYH,VA,AEA,EN,Federal Contract Tower,0,11,21,0,32,0,0,1,0,1,0,11,22,0,33,0,0,0,33
11/07/2022,LYH,VA,AEA,EN,Federal Contract Tower,0,15,43,2,60,0,4,136,2,142,0,19,179,4,202,254,0,254,456
11/08/2022,LYH,VA,AEA,EN,Federal Contract Tower,0,12,25,0,37,0,0,133,0,133,0,12,158,0,170,254,0,254,424
11/09/2022,LYH,VA,AEA,EN,Federal Contract Tower,0,11,22,2,35,0,2,144,0,146,0,13,166,2,181,300,0,300,481
11/10/2022,LYH,VA,AEA,EN,Federal Contract Tower,0,12,47,2,61,0,1,81,5,87,0,13,128,7,148,190,0,190,338
11/11/2022,LYH,VA,AEA,EN,Federal Contract Tower,2,14,4,0,20,0,0,2,0,2,2,14,6,0,22,6,0,6,28
11/12/2022,LYH,VA,AEA,EN,Federal Contract Tower,2,11,18,0,31,0,1,86,0,87,2,12,104,0,118,128,0,128,246
11/13/2022,LYH,VA,AEA,EN,Federal Contract Tower,0,13,11,0,24,0,8,34,0,42,0,21,45,0,66,4,0,4,70
11/14/2022,LYH,VA,AEA,EN,Federal Contract Tower,0,11,36,4,51,0,0,173,0,173,0,11,209,4,224,360,12,372,596
11/15/2022,LYH,VA,AEA,EN,Federal Contract Tower,0,18,11,0,29,0,0,17,0,17,0,18,28,0,46,44,0,44,90
11/16/2022,LYH,VA,AEA,EN,Federal Contract Tower,0,12,42,2,56,0,0,164,4,168,0,12,206,6,224,272,10,282,506
11/17/2022,LYH,VA,AEA,EN,Federal Contract Tower,0,15,29,0,44,0,4,132,0,136,0,19,161,0,180,294,0,294,474
11/18/2022,LYH,VA,AEA,EN,Federal Contract Tower,0,20,38,0,58,0,0,124,2,126,0,20,162,2,184,264,0,264,448
11/19/2022,LYH,VA,AEA,EN,Federal Contract Tower,0,16,23,0,39,0,2,69,1,72,0,18,92,1,111,146,0,146,257
11/20/2022,LYH,VA,AEA,EN,Federal Contract Tower,0,12,10,0,22,0,0,11,0,11,0,12,21,0,33,6,0,6,39
11/21/2022,LYH,VA,AEA,EN,Federal Contract Tower,0,18,16,0,34,0,5,120,1,126,0,23,136,1,160,258,0,258,418
11/22/2022,LYH,VA,AEA,EN,Federal Contract Tower,0,13,24,0,37,0,2,93,2,97,0,15,117,2,134,120,0,120,254
11/23/2022,LYH,VA,AEA,EN,Federal Contract Tower,0,14,20,0,34,0,0,63,0,63,0,14,83,0,97,74,0,74,171
11/24/2022,LYH,VA,AEA,EN,Federal Contract Tower,0,7,6,0,13,0,0,6,0,6,0,7,12,0,19,0,0,0,19
11/25/2022,LYH,VA,AEA,EN,Federal Contract Tower,1,13,10,0,24,0,0,9,0,9,1,13,19,0,33,0,0,0,33
11/26/2022,LYH,VA,AEA,EN,Federal Contract Tower,1,10,15,0,26,0,2,25,0,27,1,12,40,0,53,40,0,40,93
11/27/2022,LYH,VA,AEA,EN,Federal Contract Tower,2,13,8,0,23,0,0,2,0,2,2,13,10,0,25,0,0,0,25
11/28/2022,LYH,VA,AEA,EN,Federal Contract Tower,0,23,29,2,54,0,0,112,1,113,0,23,141,3,167,258,6,264,431
11/29/2022,LYH,VA,AEA,EN,Federal Contract Tower,0,16,27,0,43,0,4,135,0,139,0,20,162,0,182,226,0,226,408
11/30/2022,LYH,VA,AEA,EN,Federal Contract Tower,0,7,21,0,28,0,0,13,0,13,0,7,34,0,41,6,0,6,47
12/01/2022,LYH,VA,AEA,EN,Federal Contract Tower,0,13,32,2,47,0,5,157,25,187,0,18,189,27,234,274,10,284,518
12/02/2022,LYH,VA,AEA,EN,Federal Contract Tower,0,12,44,0,56,0,0,154,0,154,0,12,198,0,210,256,0,256,466
12/03/2022,LYH,VA,AEA,EN,Federal Contract Tower,0,9,9,0,18,0,0,2,0,2,0,9,11,0,20,0,0,0,20
12/04/2022,LYH,VA,AEA,EN,Federal Contract Tower,0,12,22,0,34,0,0,42,6,48,0,12,64,6,82,52,0,52,134
12/05/2022,LYH,VA,AEA,EN,Federal Contract Tower,0,8,50,0,58,0,5,149,0,154,0,13,199,0,212,214,0,214,426
12/06/2022,LYH,VA,AEA,EN,Federal Contract Tower,0,12,14,9,35,0,0,0,0,0,0,12,14,9,35,0,0,0,35
12/07/2022,LYH,VA,AEA,EN,Federal Contract Tower,0,12,20,0,32,0,0,0,0,0,0,12,20,0,32,0,0,0,32
12/08/2022,LYH,VA,AEA,EN,Federal Contract Tower,0,17,22,2,41,0,0,3,0,3,0,17,25,2,44,4,0,4,48
12/09/2022,LYH,VA,AEA,EN,Federal Contract Tower,0,21,13,0,34,0,3,100,0,103,0,24,113,0,137,262,0,262,399
12/10/2022,LYH,VA,AEA,EN,Federal Contract Tower,0,12,14,0,26,0,2,42,0,44,0,14,56,0,70,78,0,78,148
12/11/2022,LYH,VA,AEA,EN,Federal Contract Tower,0,16,7,0,23,0,1,20,0,21,0,17,27,0,44,26,0,26,70
12/12/2022,LYH,VA,AEA,EN,Federal Contract Tower,0,14,22,2,38,0,1,114,0,115,0,15,136,2,153,220,0,220,373
12/13/2022,LYH,VA,AEA,EN,Federal Contract Tower,0,12,36,4,52,0,0,125,2,127,0,12,161,6,179,346,22,368,547
12/14/2022,LYH,VA,AEA,EN,Federal Contract Tower,0,9,27,2,38,0,2,64,0,66,0,11,91,2,104,218,2,220,324
12/15/2022,LYH,VA,AEA,EN,Federal Contract Tower,1,13,6,0,20,0,0,0,0,0,1,13,6,0,20,0,0,0,20
12/16/2022,LYH,VA,AEA,EN,Federal Contract Tower,1,13,24,6,44,0,1,103,0,104,1,14,127,6,148,148,0,148,296
12/17/2022,LYH,VA,AEA,EN,Federal Contract Tower,0,12,8,4,24,0,2,43,0,45,0,14,51,4,69,76,0,76,145
12/18/2022,LYH,VA,AEA,EN,Federal Contract Tower,0,11,5,0,16,0,0,5,0,5,0,11,10,0,21,0,0,0,21
12/19/2022,LYH,VA,AEA,EN,Federal Contract Tower,0,11,11,4,26,0,2,96,4,102,0,13,107,8,128,316,22,338,466
12/20/2022,LYH,VA,AEA,EN,Federal Contract Tower,0,9,18,2,29,0,2,103,2,107,0,11,121,4,136,262,2,264,400
12/21/2022,LYH,VA,AEA,EN,Federal Contract Tower,1,11,28,1,41,0,4,87,0,91,1,15,115,1,132,198,0,198,330
12/22/2022,LYH,VA,AEA,EN,Federal Contract Tower,0,10,6,0,16,0,0,0,0,0,0,10,6,0,16,0,0,0,16
12/23/2022,LYH,VA,AEA,EN,Federal Contract Tower,0,13,0,0,13,0,0,0,0,0,0,13,0,0,13,0,0,0,13
12/24/2022,LYH,VA,AEA,EN,Federal Contract Tower,0,8,1,0,9,0,0,9,0,9,0,8,10,0,18,0,0,0,18
12/25/2022,LYH,VA,AEA,EN,Federal Contract Tower,0,9,0,0,9,0,2,0,0,2,0,11,0,0,11,0,0,0,11
12/26/2022,LYH,VA,AEA,EN,Federal Contract Tower,0,13,5,0,18,0,0,22,0,22,0,13,27,0,40,8,0,8,48
12/27/2022,LYH,VA,AEA,EN,Federal Contract Tower,0,12,20,1,33,0,1,40,1,42,0,13,60,2,75,58,0,58,133
12/28/2022,LYH,VA,AEA,EN,Federal Contract Tower,0,9,15,4,28,0,9,57,0,66,0,18,72,4,94,58,0,58,152
12/29/2022,LYH,VA,AEA,EN,Federal Contract Tower,0,10,7,4,21,0,3,52,4,59,0,13,59,8,80,22,0,22,102
12/30/2022,LYH,VA,AEA,EN,Federal Contract Tower,0,7,12,0,19,0,1,97,0,98,0,8,109,0,117,126,0,126,243
12/31/2022,LYH,VA,AEA,EN,Federal Contract Tower,0,8,2,0,10,0,0,0,0,0,0,8,2,0,10,0,0,0,10
01/01/2023,LYH,VA,AEA,EN,Federal Contract Tower,0,10,8,0,18,0,1,18,0,19,0,11,26,0,37,28,0,28,65
01/02/2023,LYH,VA,AEA,EN,Federal Contract Tower,0,11,12,0,23,0,3,62,0,65,0,14,74,0,88,106,0,106,194
01/03/2023,LYH,VA,AEA,EN,Federal Contract Tower,0,11,30,0,41,0,4,83,0,87,0,15,113,0,128,194,0,194,322
01/04/2023,LYH,VA,AEA,EN,Federal Contract Tower,0,7,10,3,20,0,1,6,0,7,0,8,16,3,27,0,2,2,29
01/05/2023,LYH,VA,AEA,EN,Federal Contract Tower,0,11,22,0,33,0,0,118,5,123,0,11,140,5,156,212,6,218,374
01/06/2023,LYH,VA,AEA,EN,Federal Contract Tower,0,7,22,0,29,0,2,75,4,81,0,9,97,4,110,94,0,94,204
01/07/2023,LYH,VA,AEA,EN,Federal Contract Tower,0,13,15,1,29,0,0,54,1,55,0,13,69,2,84,74,0,74,158
01/08/2023,LYH,VA,AEA,EN,Federal Contract Tower,0,13,3,0,16,0,0,4,0,4,0,13,7,0,20,4,0,4,24
01/09/2023,LYH,VA,AEA,EN,Federal Contract Tower,0,11,22,0,33,0,0,52,0,52,0,11,74,0,85,124,0,124,209
01/10/2023,LYH,VA,AEA,EN,Federal Contract Tower,0,10,32,4,46,0,0,56,5,61,0,10,88,9,107,122,12,134,241
01/11/2023,LYH,VA,AEA,EN,Federal Contract Tower,0,9,22,0,31,0,5,81,0,86,0,14,103,0,117,126,0,126,243
01/12/2023,LYH,VA,AEA,EN,Federal Contract Tower,0,12,15,1,28,0,0,14,0,14,0,12,29,1,42,56,0,56,98
01/13/2023,LYH,VA,AEA,EN,Federal Contract Tower,0,12,12,5,29,0,0,34,0,34,0,12,46,5,63,46,0,46,109
01/14/2023,LYH,VA,AEA,EN,Federal Contract Tower,0,15,7,2,24,0,3,8,0,11,0,18,15,2,35,0,0,0,35
01/16/2023,LYH,VA,AEA,EN,Federal Contract Tower,0,14,11,0,25,0,6,61,0,67,0,20,72,0,92,154,0,154,246
01/17/2023,LYH,VA,AEA,EN,Federal Contract Tower,0,17,1,0,18,0,0,6,0,6,0,17,7,0,24,12,0,12,36
01/18/2023,LYH,VA,AEA,EN,Federal Contract Tower,0,14,22,0,36,0,3,146,0,149,0,17,168,0,185,264,0,264,449
01/20/2023,LYH,VA,AEA,EN,Federal Contract Tower,0,12,36,0,48,0,1,63,0,64,0,13,99,0,112,42,0,42,154
01/21/2023,LYH,VA,AEA,EN,Federal Contract Tower,0,11,17,0,28,0,1,79,0,80,0,12,96,0,108,124,0,124,232
01/22/2023,LYH,VA,AEA,EN,Federal Contract Tower,0,9,8,0,17,0,0,0,0,0,0,9,8,0,17,0,0,0,17
01/23/2023,LYH,VA,AEA,EN,Federal Contract Tower,0,16,35,0,51,0,2,102,0,104,0,18,137,0,155,218,0,218,373
01/24/2023,LYH,VA,AEA,EN,Federal Contract Tower,0,13,23,0,36,0,2,145,8,155,0,15,168,8,191,314,0,314,505
01/25/2023,LYH,VA,AEA,EN,Federal Contract Tower,0,11,1,0,12,0,0,0,0,0,0,11,1,0,12,0,0,0,12
01/26/2023,LYH,VA,AEA,EN,Federal Contract Tower,0,15,30,1,46,0,0,64,10,74,0,15,94,11,120,86,30,116,236
01/27/2023,LYH,VA,AEA,EN,Federal Contract Tower,0,14,68,3,85,0,4,191,0,195,0,18,259,3,280,206,0,206,486
01/28/2023,LYH,VA,AEA,EN,Federal Contract Tower,0,14,20,0,34,0,1,94,0,95,0,15,114,0,129,118,0,118,247
01/29/2023,LYH,VA,AEA,EN,Federal Contract Tower,0,10,2,0,12,0,0,2,0,2,0,10,4,0,14,6,0,6,20
01/30/2023,LYH,VA,AEA,EN,Federal Contract Tower,0,16,46,7,69,0,0,165,2,167,0,16,211,9,236,394,0,394,630
01/31/2023,LYH,VA,AEA,EN,Federal Contract Tower,0,12,13,2,27,0,0,12,0,12,0,12,25,2,39,48,0,48,87
02/01/2023,LYH,VA,AEA,EN,Federal Contract Tower,0,11,4,3,18,0,0,0,0,0,0,11,4,3,18,0,0,0,18
02/02/2023,LYH,VA,AEA,EN,Federal Contract Tower,0,13,15,0,28,0,0,2,0,2,0,13,17,0,30,0,0,0,30
02/03/2023,LYH,VA,AEA,EN,Federal Contract Tower,0,13,43,0,56,0,2,121,0,123,0,15,164,0,179,148,0,148,327
02/04/2023,LYH,VA,AEA,EN,Federal Contract Tower,0,13,12,0,25,0,0,122,9,131,0,13,134,9,156,152,0,152,308
02/05/2023,LYH,VA,AEA,EN,Federal Contract Tower,0,13,14,1,28,0,2,20,9,31,0,15,34,10,59,28,0,28,87
02/06/2023,LYH,VA,AEA,EN,Federal Contract Tower,0,14,9,0,23,0,1,162,2,165,0,15,171,2,188,396,0,396,584
02/07/2023,LYH,VA,AEA,EN,Federal Contract Tower,0,11,20,0,31,0,1,174,0,175,0,12,194,0,206,335,0,335,541
02/08/2023,LYH,VA,AEA,EN,Federal Contract Tower,0,16,22,2,40,0,0,193,2,195,0,16,215,4,235,354,10,364,599
02/09/2023,LYH,VA,AEA,EN,Federal Contract Tower,0,13,8,0,21,0,0,52,0,52,0,13,60,0,73,144,0,144,217
02/10/2023,LYH,VA,AEA,EN,Federal Contract Tower,0,18,51,0,69,0,3,155,8,166,0,21,206,8,235,282,0,282,517
02/11/2023,LYH,VA,AEA,EN,Federal Contract Tower,0,11,27,8,46,0,1,70,0,71,0,12,97,8,117,190,0,190,307
02/12/2023,LYH,VA,AEA,EN,Federal Contract Tower,0,8,2,0,10,0,0,0,0,0,0,8,2,0,10,0,0,0,10
02/13/2023,LYH,VA,AEA,EN,Federal Contract Tower,0,10,44,0,54,0,1,164,8,173,0,11,208,8,227,420,0,420,647
02/14/2023,LYH,VA,AEA,EN,Federal Contract Tower,0,9,38,1,48,0,0,199,4,203,0,9,237,5,251,284,0,284,535
02/15/2023,LYH,VA,AEA,EN,Federal Contract Tower,0,10,32,3,45,0,0,158,2,160,0,10,190,5,205,384,0,384,589
02/16/2023,LYH,VA,AEA,EN,Federal Contract Tower,0,10,30,0,40,0,0,70,0,70,0,10,100,0,110,122,0,122,232
02/17/2023,LYH,VA,AEA,EN,Federal Contract Tower,0,10,10,0,20,0,0,5,0,5,0,10,15,0,25,2,0,2,27
02/18/2023,LYH,VA,AEA,EN,Federal Contract Tower,0,10,16,0,26,0,0,116,0,116,0,10,132,0,142,128,0,128,270
02/19/2023,LYH,VA,AEA,EN,Federal Contract Tower,0,7,17,0,24,0,1,20,0,21,0,8,37,0,45,8,0,8,53
02/20/2023,LYH,VA,AEA,EN,Federal Contract Tower,0,9,29,0,38,0,3,196,0,199,0,12,225,0,237,364,0,364,601
02/21/2023,LYH,VA,AEA,EN,Federal Contract Tower,0,11,26,3,40,0,0,106,0,106,0,11,132,3,146,164,0,164,310
02/22/2023,LYH,VA,AEA,EN,Federal Contract Tower,0,10,37,4,51,0,2,119,0,121,0,12,156,4,172,410,0,410,582
02/24/2023,LYH,VA,AEA,EN,Federal Contract Tower,0,14,24,0,38,0,1,42,6,49,0,15,66,6,87,46,0,46,133
02/25/2023,LYH,VA,AEA,EN,Federal Contract Tower,0,10,8,0,18,0,0,12,0,12,0,10,20,0,30,8,0,8,38
02/26/2023,LYH,VA,AEA,EN,Federal Contract Tower,0,13,26,0,39,0,0,25,0,25,0,13,51,0,64,54,0,54,118
02/27/2023,LYH,VA,AEA,EN,Federal Contract Tower,0,9,26,0,35,0,0,92,0,92,0,9,118,0,127,218,0,218,345
02/28/2023,LYH,VA,AEA,EN,Federal Contract Tower,0,11,25,4,40,0,1,185,0,186,0,12,210,4,226,264,0,264,490
03/01/2023,LYH,VA,AEA,EN,Federal Contract Tower,0,13,70,0,83,0,1,180,2,183,0,14,250,2,266,282,0,282,548
03/02/2023,LYH,VA,AEA,EN,Federal Contract Tower,0,16,40,0,56,0,4,183,0,187,0,20,223,0,243,334,0,334,577
03/03/2023,LYH,VA,AEA,EN,Federal Contract Tower,0,12,7,0,19,0,0,7,0,7,0,12,14,0,26,46,0,46,72
03/04/2023,LYH,VA,AEA,EN,Federal Contract Tower,2,13,18,0,33,0,2,30,0,32,2,15,48,0,65,24,0,24,89
03/05/2023,LYH,VA,AEA,EN,Federal Contract Tower,0,9,15,0,24,0,2,87,0,89,0,11,102,0,113,72,0,72,185
03/06/2023,LYH,VA,AEA,EN,Federal Contract Tower,0,10,52,0,62,0,3,235,6,244,0,13,287,6,306,364,0,364,670
03/07/2023,LYH,VA,AEA,EN,Federal Contract Tower,0,9,31,0,40,0,0,104,4,108,0,9,135,4,148,38,6,44,192
03/08/2023,LYH,VA,AEA,EN,Federal Contract Tower,0,11,39,0,50,0,4,195,0,199,0,15,234,0,249,306,0,306,555
03/09/2023,LYH,VA,AEA,EN,Federal Contract Tower,0,11,39,0,50,0,8,226,0,234,0,19,265,0,284,336,0,336,620
03/10/2023,LYH,VA,AEA,EN,Federal Contract Tower,0,12,16,1,29,0,0,4,0,4,0,12,20,1,33,8,0,8,41
03/11/2023,LYH,VA,AEA,EN,Federal Contract Tower,0,10,20,0,30,0,0,71,0,71,0,10,91,0,101,44,0,44,145
03/12/2023,LYH,VA,AEA,EN,Federal Contract Tower,0,7,6,0,13,0,0,0,0,0,0,7,6,0,13,0,0,0,13
03/13/2023,LYH,VA,AEA,EN,Federal Contract Tower,0,10,26,0,36,0,7,115,0,122,0,17,141,0,158,234,0,234,392
03/14/2023,LYH,VA,AEA,EN,Federal Contract Tower,0,10,5,0,15,0,0,23,0,23,0,10,28,0,38,64,0,64,102
03/16/2023,LYH,VA,AEA,EN,Federal Contract Tower,0,8,34,0,42,0,2,207,0,209,0,10,241,0,251,352,0,352,603
03/17/2023,LYH,VA,AEA,EN,Federal Contract Tower,0,12,3,0,15,0,0,62,0,62,0,12,65,0,77,168,0,168,245
03/18/2023,LYH,VA,AEA,EN,Federal Contract Tower,0,13,5,4,22,0,3,40,2,45,0,16,45,6,67,46,0,46,113
03/19/2023,LYH,VA,AEA,EN,Federal Contract Tower,0,10,13,4,27,0,4,40,0,44,0,14,53,4,71,16,4,20,91
03/20/2023,LYH,VA,AEA,EN,Federal Contract Tower,0,14,18,0,32,0,3,121,0,124,0,17,139,0,156,232,0,232,388
03/21/2023,LYH,VA,AEA,EN,Federal Contract Tower,0,9,34,5,48,0,3,178,4,185,0,12,212,9,233,276,0,276,509
03/22/2023,LYH,VA,AEA,EN,Federal Contract Tower,0,13,39,0,52,0,2,143,0,145,0,15,182,0,197,294,0,294,491
03/23/2023,LYH,VA,AEA,EN,Federal Contract Tower,0,15,19,6,40,0,3,107,0,110,0,18,126,6,150,208,4,212,362
03/24/2023,LYH,VA,AEA,EN,Federal Contract Tower,0,7,25,1,33,0,0,151,0,151,0,7,176,1,184,246,0,246,430
03/25/2023,LYH,VA,AEA,EN,Federal Contract Tower,0,12,13,0,25,0,1,3,0,4,0,13,16,0,29,0,0,0,29
03/26/2023,LYH,VA,AEA,EN,Federal Contract Tower,0,12,25,1,38,0,3,57,0,60,0,15,82,1,98,46,0,46,144
03/27/2023,LYH,VA,AEA,EN,Federal Contract Tower,0,9,39,5,53,0,6,76,1,83,0,15,115,6,136,178,0,178,314
03/28/2023,LYH,VA,AEA,EN,Federal Contract Tower,0,13,43,5,61,0,0,167,2,169,0,13,210,7,230,262,0,262,492
03/29/2023,LYH,VA,AEA,EN,Federal Contract Tower,0,8,50,5,63,0,5,159,7,171,0,13,209,12,234,310,0,310,544
03/30/2023,LYH,VA,AEA,EN,Federal Contract Tower,0,10,52,0,62,0,7,230,0,237,0,17,282,0,299,354,0,354,653
03/31/2023,LYH,VA,AEA,EN,Federal Contract Tower,1,12,16,0,29,0,4,44,0,48,1,16,60,0,77,102,0,102,179
04/01/2023,LYH,VA,AEA,EN,Federal Contract Tower,1,11,13,0,25,0,0,2,0,2,1,11,15,0,27,0,0,0,27
04/02/2023,LYH,VA,AEA,EN,Federal Contract Tower,0,10,18,0,28,0,0,52,0,52,0,10,70,0,80,38,0,38,118
04/03/2023,LYH,VA,AEA,EN,Federal Contract Tower,0,10,40,0,50,0,3,143,0,146,0,13,183,0,196,285,0,285,481
04/04/2023,LYH,VA,AEA,EN,Federal Contract Tower,0,8,49,2,59,0,2,201,2,205,0,10,250,4,264,250,2,252,516
04/05/2023,LYH,VA,AEA,EN,Federal Contract Tower,0,12,28,1,41,0,1,131,2,134,0,13,159,3,175,178,0,178,353
04/06/2023,LYH,VA,AEA,EN,Federal Contract Tower,0,18,23,3,44,0,4,101,1,106,0,22,124,4,150,215,0,215,365
04/07/2023,LYH,VA,AEA,EN,Federal Contract Tower,0,11,23,4,38,0,1,37,0,38,0,12,60,4,76,96,0,96,172
04/08/2023,LYH,VA,AEA,EN,Federal Contract Tower,0,9,22,0,31,0,7,37,0,44,0,16,59,0,75,34,0,34,109
04/09/2023,LYH,VA,AEA,EN,Federal Contract Tower,0,12,8,0,20,0,2,20,0,22,0,14,28,0,42,24,0,24,66
04/10/2023,LYH,VA,AEA,EN,Federal Contract Tower,0,10,13,6,29,0,5,53,0,58,0,15,66,6,87,60,0,60,147
04/11/2023,LYH,VA,AEA,EN,Federal Contract Tower,0,9,43,2,54,0,3,177,4,184,0,12,220,6,238,280,0,280,518
04/12/2023,LYH,VA,AEA,EN,Federal Contract Tower,0,10,36,2,48,0,0,191,2,193,0,10,227,4,241,314,2,316,557
04/13/2023,LYH,VA,AEA,EN,Federal Contract Tower,0,11,46,0,57,0,1,204,4,209,0,12,250,4,266,300,0,300,566
04/14/2023,LYH,VA,AEA,EN,Federal Contract Tower,0,18,37,0,55,0,0,74,0,74,0,18,111,0,129,260,0,260,389
04/15/2023,LYH,VA,AEA,EN,Federal Contract Tower,0,10,17,6,33,0,0,40,0,40,0,10,57,6,73,130,0,130,203
04/16/2023,LYH,VA,AEA,EN,Federal Contract Tower,0,12,14,0,26,0,0,2,0,2,0,12,16,0,28,22,0,22,50
04/17/2023,LYH,VA,AEA,EN,Federal Contract Tower,0,13,16,0,29,0,2,61,0,63,0,15,77,0,92,96,10,106,198
04/18/2023,LYH,VA,AEA,EN,Federal Contract Tower,0,9,20,0,29,0,2,63,4,69,0,11,83,4,98,122,0,122,220
04/19/2023,LYH,VA,AEA,EN,Federal Contract Tower,0,18,35,2,55,0,4,203,0,207,0,22,238,2,262,398,0,398,660
04/20/2023,LYH,VA,AEA,EN,Federal Contract Tower,0,9,34,2,45,0,0,189,0,189,0,9,223,2,234,276,2,278,512
04/21/2023,LYH,VA,AEA,EN,Federal Contract Tower,0,11,30,2,43,0,5,174,2,181,0,16,204,4,224,286,0,286,510
04/22/2023,LYH,VA,AEA,EN,Federal Contract Tower,0,10,4,0,14,0,0,18,0,18,0,10,22,0,32,28,0,28,60
04/23/2023,LYH,VA,AEA,EN,Federal Contract Tower,0,14,16,3,33,0,0,49,0,49,0,14,65,3,82,16,0,16,98
04/24/2023,LYH,VA,AEA,EN,Federal Contract Tower,0,24,30,4,58,0,0,187,0,187,0,24,217,4,245,396,0,396,641
04/25/2023,LYH,VA,AEA,EN,Federal Contract Tower,0,14,42,0,56,0,4,173,2,179,0,18,215,2,235,376,0,376,611
04/26/2023,LYH,VA,AEA,EN,Federal Contract Tower,0,11,38,1,50,0,4,186,2,192,0,15,224,3,242,356,0,356,598
04/27/2023,LYH,VA,AEA,EN,Federal Contract Tower,0,21,33,2,56,0,2,142,2,146,0,23,175,4,202,280,8,288,490
04/28/2023,LYH,VA,AEA,EN,Federal Contract Tower,0,12,26,1,39,0,0,9,1,10,0,12,35,2,49,14,0,14,63
04/29/2023,LYH,VA,AEA,EN,Federal Contract Tower,0,15,20,0,35,0,1,69,0,70,0,16,89,0,105,146,0,146,251
04/30/2023,LYH,VA,AEA,EN,Federal Contract Tower,0,14,11,2,27,0,3,12,0,15,0,17,23,2,42,10,0,10,52
05/01/2023,LYH,VA,AEA,EN,Federal Contract Tower,0,10,20,0,30,0,2,99,0,101,0,12,119,0,131,208,0,208,339
05/02/2023,LYH,VA,AEA,EN,Federal Contract Tower,0,16,17,0,33,0,0,51,0,51,0,16,68,0,84,68,0,68,152
05/03/2023,LYH,VA,AEA,EN,Federal Contract Tower,0,21,17,0,38,0,2,69,0,71,0,23,86,0,109,128,0,128,237
05/04/2023,LYH,VA,AEA,EN,Federal Contract Tower,0,13,45,0,58,0,1,167,7,175,0,14,212,7,233,276,0,276,509
05/05/2023,LYH,VA,AEA,EN,Federal Contract Tower,0,14,26,0,40,0,1,180,2,183,0,15,206,2,223,286,0,286,509
05/06/2023,LYH,VA,AEA,EN,Federal Contract Tower,0,11,22,0,33,0,0,80,0,80,0,11,102,0,113,76,0,76,189
05/07/2023,LYH,VA,AEA,EN,Federal Contract Tower,0,9,10,0,19,0,2,35,0,37,0,11,45,0,56,34,0,34,90
05/08/2023,LYH,VA,AEA,EN,Federal Contract Tower,0,7,22,0,29,0,4,167,0,171,0,11,189,0,200,326,0,326,526
05/09/2023,LYH,VA,AEA,EN,Federal Contract Tower,0,15,31,0,46,0,4,79,2,85,0,19,110,2,131,232,0,232,363
05/10/2023,LYH,VA,AEA,EN,Federal Contract Tower,0,11,50,2,63,0,0,120,0,120,0,11,170,2,183,174,8,182,365
05/11/2023,LYH,VA,AEA,EN,Federal Contract Tower,0,9,31,5,45,0,3,165,2,170,0,12,196,7,215,260,2,262,477
05/12/2023,LYH,VA,AEA,EN,Federal Contract Tower,0,19,24,8,51,0,0,83,1,84,0,19,107,9,135,20,6,26,161
05/13/2023,LYH,VA,AEA,EN,Federal Contract Tower,0,17,16,0,33,0,5,49,0,54,0,22,65,0,87,0,0,0,87
05/14/2023,LYH,VA,AEA,EN,Federal Contract Tower,0,16,17,0,33,0,1,22,0,23,0,17,39,0,56,2,0,2,58
05/15/2023,LYH,VA,AEA,EN,Federal Contract Tower,0,9,42,2,53,0,0,82,0,82,0,9,124,2,135,164,0,164,299
05/16/2023,LYH,VA,AEA,EN,Federal Contract Tower,0,8,23,0,31,0,2,70,4,76,0,10,93,4,107,204,6,210,317
05/17/2023,LYH,VA,AEA,EN,Federal Contract Tower,0,23,44,5,72,0,6,149,2,157,0,29,193,7,229,264,4,268,497
05/18/2023,LYH,VA,AEA,EN,Federal Contract Tower,0,10,31,4,45,0,0,135,2,137,0,10,166,6,182,246,0,246,428
05/19/2023,LYH,VA,AEA,EN,Federal Contract Tower,0,18,56,0,74,0,3,137,2,142,0,21,193,2,216,278,0,278,494
05/20/2023,LYH,VA,AEA,EN,Federal Contract Tower,0,9,10,0,19,0,3,60,0,63,0,12,70,0,82,80,0,80,162
05/21/2023,LYH,VA,AEA,EN,Federal Contract Tower,2,8,12,0,22,0,1,58,0,59,2,9,70,0,81,52,0,52,133
05/22/2023,LYH,VA,AEA,EN,Federal Contract Tower,0,15,45,1,61,0,2,121,0,123,0,17,166,1,184,252,0,252,436
05/23/2023,LYH,VA,AEA,EN,Federal Contract Tower,0,11,37,7,55,0,4,138,0,142,0,15,175,7,197,194,10,204,401
05/24/2023,LYH,VA,AEA,EN,Federal Contract Tower,0,11,50,4,65,0,1,135,6,142,0,12,185,10,207,176,16,192,399
05/25/2023,LYH,VA,AEA,EN,Federal Contract Tower,0,8,60,6,74,0,0,125,4,129,0,8,185,10,203,218,6,224,427
05/26/2023,LYH,VA,AEA,EN,Federal Contract Tower,0,8,27,0,35,0,2,136,0,138,0,10,163,0,173,264,0,264,437
05/27/2023,LYH,VA,AEA,EN,Federal Contract Tower,0,11,11,0,22,0,0,27,2,29,0,11,38,2,51,40,0,40,91
05/28/2023,LYH,VA,AEA,EN,Federal Contract Tower,0,13,9,0,22,0,0,2,0,2,0,13,11,0,24,2,0,2,26
05/29/2023,LYH,VA,AEA,EN,Federal Contract Tower,0,12,9,0,21,0,0,0,0,0,0,12,9,0,21,0,0,0,21
05/30/2023,LYH,VA,AEA,EN,Federal Contract Tower,0,16,49,0,65,0,0,0,0,0,0,16,49,0,65,0,0,0,65
05/31/2023,LYH,VA,AEA,EN,Federal Contract Tower,0,9,42,11,62,0,7,146,2,155,0,16,188,13,217,358,18,376,593
06/01/2023,LYH,VA,AEA,EN,Federal Contract Tower,0,12,39,0,51,0,0,166,0,166,0,12,205,0,217,146,0,146,363
06/02/2023,LYH,VA,AEA,EN,Federal Contract Tower,0,9,39,0,48,0,0,113,1,114,0,9,152,1,162,158,0,158,320
06/03/2023,LYH,VA,AEA,EN,Federal Contract Tower,0,11,6,2,19,0,2,49,5,56,0,13,55,7,75,98,0,98,173
06/04/2023,LYH,VA,AEA,EN,Federal Contract Tower,0,11,16,0,27,0,4,22,2,28,0,15,38,2,55,72,2,74,129
06/05/2023,LYH,VA,AEA,EN,Federal Contract Tower,0,10,34,0,44,0,3,119,3,125,0,13,153,3,169,194,0,194,363
06/06/2023,LYH,VA,AEA,EN,Federal Contract Tower,0,13,29,3,45,0,1,121,3,125,0,14,150,6,170,292,4,296,466
06/07/2023,LYH,VA,AEA,EN,Federal Contract Tower,0,12,34,3,49,0,5,116,7,128,0,17,150,10,177,278,14,292,469
06/08/2023,LYH,VA,AEA,EN,Federal Contract Tower,0,18,35,0,53,0,1,135,0,136,0,19,170,0,189,234,0,234,423
06/09/2023,LYH,VA,AEA,EN,Federal Contract Tower,0,14,25,7,46,0,0,122,4,126,0,14,147,11,172,136,22,158,330
06/10/2023,LYH,VA,AEA,EN,Federal Contract Tower,0,10,6,0,16,0,0,95,0,95,0,10,101,0,111,84,0,84,195
06/11/2023,LYH,VA,AEA,EN,Federal Contract Tower,0,11,14,0,25,0,2,11,0,13,0,13,25,0,38,10,0,10,48
06/12/2023,LYH,VA,AEA,EN,Federal Contract Tower,0,9,22,0,31,0,0,38,0,38,0,9,60,0,69,118,0,118,187
06/13/2023,LYH,VA,AEA,EN,Federal Contract Tower,0,14,23,0,37,0,1,149,4,154,0,15,172,4,191,234,0,234,425
06/15/2023,LYH,VA,AEA,EN,Federal Contract Tower,0,11,16,0,27,0,2,185,1,188,0,13,201,1,215,288,0,288,503
06/16/2023,LYH,VA,AEA,EN,Federal Contract Tower,0,13,20,5,38,0,3,170,2,175,0,16,190,7,213,336,6,342,555
06/17/2023,LYH,VA,AEA,EN,Federal Contract Tower,0,10,13,0,23,0,2,99,0,101,0,12,112,0,124,132,0,132,256
06/18/2023,LYH,VA,AEA,EN,Federal Contract Tower,0,13,9,0,22,0,3,31,0,34,0,16,40,0,56,0,0,0,56
06/19/2023,LYH,VA,AEA,EN,Federal Contract Tower,0,9,27,0,36,0,0,10,0,10,0,9,37,0,46,20,0,20,66
06/20/2023,LYH,VA,AEA,EN,Federal Contract Tower,0,13,18,0,31,0,0,4,0,4,0,13,22,0,35,32,0,32,67
06/21/2023,LYH,VA,AEA,EN,Federal Contract Tower,0,16,5,2,23,0,0,2,0,2,0,16,7,2,25,12,0,12,37
06/22/2023,LYH,VA,AEA,EN,Federal Contract Tower,0,22,23,0,45,0,0,0,0,0,0,22,23,0,45,0,0,0,45
06/23/2023,LYH,VA,AEA,EN,Federal Contract Tower,0,13,23,0,36,0,0,8,0,8,0,13,31,0,44,16,0,16,60
06/24/2023,LYH,VA,AEA,EN,Federal Contract Tower,0,11,18,0,29,0,0,80,0,80,0,11,98,0,109,72,0,72,181
06/25/2023,LYH,VA,AEA,EN,Federal Contract Tower,2,13,16,0,31,0,0,52,0,52,2,13,68,0,83,46,0,46,129
06/26/2023,LYH,VA,AEA,EN,Federal Contract Tower,0,16,18,0,34,0,0,127,0,127,0,16,145,0,161,202,0,202,363
06/27/2023,LYH,VA,AEA,EN,Federal Contract Tower,0,14,25,1,40,0,0,143,18,161,0,14,168,19,201,188,0,188,389
06/28/2023,LYH,VA,AEA,EN,Federal Contract Tower,0,12,38,0,50,0,0,206,1,207,0,12,244,1,257,310,0,310,567
06/29/2023,LYH,VA,AEA,EN,Federal Contract Tower,0,17,34,1,52,0,0,53,4,57,0,17,87,5,109,206,0,206,315
06/30/2023,LYH,VA,AEA,EN,Federal Contract Tower,0,12,37,0,49,0,0,78,0,78,0,12,115,0,127,242,0,242,369
07/01/2023,LYH,VA,AEA,EN,Federal Contract Tower,0,11,21,0,32,0,0,17,0,17,0,11,38,0,49,88,0,88,137
07/02/2023,LYH,VA,AEA,EN,Federal Contract Tower,0,9,7,0,16,0,2,14,0,16,0,11,21,0,32,0,0,0,32
07/03/2023,LYH,VA,AEA,EN,Federal Contract Tower,0,9,10,0,19,0,5,49,0,54,0,14,59,0,73,32,0,32,105
07/04/2023,LYH,VA,AEA,EN,Federal Contract Tower,0,6,2,0,8,0,1,51,0,52,0,7,53,0,60,104,0,104,164
07/05/2023,LYH,VA,AEA,EN,Federal Contract Tower,0,12,31,0,43,0,5,170,0,175,0,17,201,0,218,234,0,234,452
07/06/2023,LYH,VA,AEA,EN,Federal Contract Tower,0,25,19,3,47,0,0,203,1,204,0,25,222,4,251,374,0,374,625
07/07/2023,LYH,VA,AEA,EN,Federal Contract Tower,0,11,23,0,34,0,3,127,0,130,0,14,150,0,164,192,0,192,356
07/08/2023,LYH,VA,AEA,EN,Federal Contract Tower,0,8,27,0,35,0,8,88,0,96,0,16,115,0,131,116,0,116,247
07/09/2023,LYH,VA,AEA,EN,Federal Contract Tower,0,12,13,4,29,0,0,12,0,12,0,12,25,4,41,12,0,12,53
07/10/2023,LYH,VA,AEA,EN,Federal Contract Tower,0,19,17,4,40,0,6,165,1,172,0,25,182,5,212,206,0,206,418
07/11/2023,LYH,VA,AEA,EN,Federal Contract Tower,0,12,24,4,40,0,1,163,2,166,0,13,187,6,206,236,4,240,446
07/12/2023,LYH,VA,AEA,EN,Federal Contract Tower,0,15,27,0,42,0,7,146,0,153,0,22,173,0,195,200,0,200,395
07/13/2023,LYH,VA,AEA,EN,Federal Contract Tower,0,16,14,0,30,0,0,123,4,127,0,16,137,4,157,154,12,166,323
07/14/2023,LYH,VA,AEA,EN,Federal Contract Tower,1,15,23,0,39,0,3,26,0,29,1,18,49,0,68,66,2,68,136
07/15/2023,LYH,VA,AEA,EN,Federal Contract Tower,1,10,16,0,27,0,0,37,0,37,1,10,53,0,64,18,0,18,82
07/16/2023,LYH,VA,AEA,EN,Federal Contract Tower,0,12,13,0,25,0,0,26,0,26,0,12,39,0,51,10,0,10,61
07/17/2023,LYH,VA,AEA,EN,Federal Contract Tower,0,15,45,0,60,0,1,28,2,31,0,16,73,2,91,90,0,90,181
07/18/2023,LYH,VA,AEA,EN,Federal Contract Tower,0,17,31,0,48,0,3,184,0,187,0,20,215,0,235,264,0,264,499
07/19/2023,LYH,VA,AEA,EN,Federal Contract Tower,0,16,33,2,51,0,2,119,0,121,0,18,152,2,172,154,0,154,326
07/21/2023,LYH,VA,AEA,EN,Federal Contract Tower,0,11,29,0,40,0,2,126,2,130,0,13,155,2,170,174,0,174,344
07/22/2023,LYH,VA,AEA,EN,Federal Contract Tower,0,12,9,0,21,0,4,79,0,83,0,16,88,0,104,96,0,96,200
07/23/2023,LYH,VA,AEA,EN,Federal Contract Tower,0,12,9,2,23,0,1,21,0,22,0,13,30,2,45,16,2,18,63
07/24/2023,LYH,VA,AEA,EN,Federal Contract Tower,0,11,27,7,45,0,5,66,0,71,0,16,93,7,116,156,0,156,272
07/25/2023,LYH,VA,AEA,EN,Federal Contract Tower,0,16,32,4,52,0,2,127,0,129,0,18,159,4,181,222,0,222,403
07/26/2023,LYH,VA,AEA,EN,Federal Contract Tower,2,16,29,0,47,0,1,173,0,174,2,17,202,0,221,304,0,304,525
07/27/2023,LYH,VA,AEA,EN,Federal Contract Tower,1,12,24,0,37,0,2,143,0,145,1,14,167,0,182,280,0,280,462
07/28/2023,LYH,VA,AEA,EN,Federal Contract Tower,0,16,27,17,60,0,1,116,4,121,0,17,143,21,181,253,4,257,438
07/29/2023,LYH,VA,AEA,EN,Federal Contract Tower,0,11,11,0,22,0,3,62,0,65,0,14,73,0,87,58,0,58,145
07/30/2023,LYH,VA,AEA,EN,Federal Contract Tower,0,12,11,2,25,0,0,34,0,34,0,12,45,2,59,22,0,22,81
07/31/2023,LYH,VA,AEA,EN,Federal Contract Tower,0,11,21,0,32,0,0,115,0,115,0,11,136,0,147,194,6,200,347
08/01/2023,LYH,VA,AEA,EN,Federal Contract Tower,0,18,18,5,41,0,2,155,1,158,0,20,173,6,199,188,0,188,387
08/02/2023,LYH,VA,AEA,EN,Federal Contract Tower,0,10,19,2,31,0,2,170,0,172,0,12,189,2,203,206,2,208,411
08/03/2023,LYH,VA,AEA,EN,Federal Contract Tower,2,13,46,0,61,0,0,47,0,47,2,13,93,0,108,84,0,84,192
08/04/2023,LYH,VA,AEA,EN,Federal Contract Tower,0,10,49,0,59,0,1,38,0,39,0,11,87,0,98,102,0,102,200
08/05/2023,LYH,VA,AEA,EN,Federal Contract Tower,0,8,7,0,15,0,0,144,0,144,0,8,151,0,159,160,0,160,319
08/06/2023,LYH,VA,AEA,EN,Federal Contract Tower,0,7,21,5,33,0,0,88,2,90,0,7,109,7,123,208,0,208,331
08/07/2023,LYH,VA,AEA,EN,Federal Contract Tower,0,6,26,0,32,0,0,78,0,78,0,6,104,0,110,202,0,202,312
08/08/2023,LYH,VA,AEA,EN,Federal Contract Tower,0,13,33,0,46,0,0,157,0,157,0,13,190,0,203,262,0,262,465
08/09/2023,LYH,VA,AEA,EN,Federal Contract Tower,0,10,28,1,39,0,0,154,1,155,0,10,182,2,194,198,0,198,392
08/10/2023,LYH,VA,AEA,EN,Federal Contract Tower,0,9,26,2,37,0,1,51,1,53,0,10,77,3,90,132,0,132,222
08/11/2023,LYH,VA,AEA,EN,Federal Contract Tower,0,9,43,1,53,0,4,178,1,183,0,13,221,2,236,204,8,212,448
08/12/2023,LYH,VA,AEA,EN,Federal Contract Tower,0,9,13,0,22,0,1,79,0,80,0,10,92,0,102,156,0,156,258
08/13/2023,LYH,VA,AEA,EN,Federal Contract Tower,0,10,15,1,26,0,10,31,0,41,0,20,46,1,67,38,0,38,105
08/14/2023,LYH,VA,AEA,EN,Federal Contract Tower,0,12,19,0,31,0,2,71,0,73,0,14,90,0,104,116,0,116,220
08/15/2023,LYH,VA,AEA,EN,Federal Contract Tower,0,12,10,0,22,0,5,94,0,99,0,17,104,0,121,184,0,184,305
08/16/2023,LYH,VA,AEA,EN,Federal Contract Tower,0,14,19,0,33,0,0,121,3,124,0,14,140,3,157,272,0,272,429
08/17/2023,LYH,VA,AEA,EN,Federal Contract Tower,0,14,52,0,66,0,0,104,0,104,0,14,156,0,170,208,0,208,378
08/18/2023,LYH,VA,AEA,EN,Federal Contract Tower,0,12,24,0,36,0,6,106,0,112,0,18,130,0,148,188,0,188,336
08/19/2023,LYH,VA,AEA,EN,Federal Contract Tower,0,12,21,0,33,0,2,57,0,59,0,14,78,0,92,218,0,218,310
08/20/2023,LYH,VA,AEA,EN,Federal Contract Tower,0,11,9,0,20,0,2,45,0,47,0,13,54,0,67,172,0,172,239
08/21/2023,LYH,VA,AEA,EN,Federal Contract Tower,0,17,29,6,52,0,1,86,2,89,0,18,115,8,141,170,0,170,311
08/22/2023,LYH,VA,AEA,EN,Federal Contract Tower,0,15,13,0,28,0,5,79,0,84,0,20,92,0,112,306,0,306,418
08/23/2023,LYH,VA,AEA,EN,Federal Contract Tower,0,16,20,0,36,0,1,132,2,135,0,17,152,2,171,252,0,252,423
08/24/2023,LYH,VA,AEA,EN,Federal Contract Tower,0,13,27,1,41,0,3,143,0,146,0,16,170,1,187,230,0,230,417
08/25/2023,LYH,VA,AEA,EN,Federal Contract Tower,0,14,39,0,53,0,6,162,0,168,0,20,201,0,221,322,0,322,543
08/26/2023,LYH,VA,AEA,EN,Federal Contract Tower,0,13,14,0,27,0,1,76,0,77,0,14,90,0,104,84,0,84,188
08/27/2023,LYH,VA,AEA,EN,Federal Contract Tower,0,11,20,0,31,0,2,61,2,65,0,13,81,2,96,200,8,208,304
08/28/2023,LYH,VA,AEA,EN,Federal Contract Tower,0,13,47,2,62,0,0,62,0,62,0,13,109,2,124,174,8,182,306
08/29/2023,LYH,VA,AEA,EN,Federal Contract Tower,0,14,57,3,74,0,0,49,20,69,0,14,106,23,143,158,0,158,301
08/30/2023,LYH,VA,AEA,EN,Federal Contract Tower,0,16,36,2,54,0,2,144,2,148,0,18,180,4,202,248,0,248,450
08/31/2023,LYH,VA,AEA,EN,Federal Contract Tower,0,15,40,0,55,0,0,217,3,220,0,15,257,3,275,318,2,320,595
01/01/2020,LYH,VA,AEA,EN,Federal Contract Tower,3,10,7,0,20,0,2,18,0,20,3,12,25,0,40,2,0,2,42
01/02/2020,LYH,VA,AEA,EN,Federal Contract Tower,3,12,11,0,26,0,1,44,1,46,3,13,55,1,72,86,0,86,158
01/03/2020,LYH,VA,AEA,EN,Federal Contract Tower,3,6,11,4,24,0,0,0,0,0,3,6,11,4,24,0,0,0,24
01/04/2020,LYH,VA,AEA,EN,Federal Contract Tower,3,16,6,0,25,0,0,2,0,2,3,16,8,0,27,0,0,0,27
01/05/2020,LYH,VA,AEA,EN,Federal Contract Tower,3,14,2,0,19,0,0,27,0,27,3,14,29,0,46,18,0,18,64
01/06/2020,LYH,VA,AEA,EN,Federal Contract Tower,4,17,15,1,37,0,3,88,0,91,4,20,103,1,128,30,0,30,158
01/07/2020,LYH,VA,AEA,EN,Federal Contract Tower,3,10,3,0,16,0,0,2,0,2,3,10,5,0,18,0,0,0,18
01/08/2020,LYH,VA,AEA,EN,Federal Contract Tower,3,10,13,4,30,0,2,8,6,16,3,12,21,10,46,4,2,6,52
01/09/2020,LYH,VA,AEA,EN,Federal Contract Tower,3,12,11,0,26,0,0,113,0,113,3,12,124,0,139,206,0,206,345
01/10/2020,LYH,VA,AEA,EN,Federal Contract Tower,3,12,12,2,29,0,0,21,2,23,3,12,33,4,52,40,0,40,92
01/11/2020,LYH,VA,AEA,EN,Federal Contract Tower,3,11,5,0,19,0,0,0,0,0,3,11,5,0,19,0,0,0,19
01/12/2020,LYH,VA,AEA,EN,Federal Contract Tower,3,11,20,0,34,0,0,36,0,36,3,11,56,0,70,60,0,60,130
01/13/2020,LYH,VA,AEA,EN,Federal Contract Tower,3,17,10,1,31,0,3,38,0,41,3,20,48,1,72,70,0,70,142
01/14/2020,LYH,VA,AEA,EN,Federal Contract Tower,3,8,20,0,31,0,0,0,0,0,3,8,20,0,31,0,0,0,31
01/15/2020,LYH,VA,AEA,EN,Federal Contract Tower,3,13,29,12,57,0,2,80,4,86,3,15,109,16,143,102,8,110,253
01/16/2020,LYH,VA,AEA,EN,Federal Contract Tower,3,12,11,0,26,0,3,8,2,13,3,15,19,2,39,4,0,4,43
01/17/2020,LYH,VA,AEA,EN,Federal Contract Tower,3,18,43,0,64,0,1,140,2,143,3,19,183,2,207,224,0,224,431
01/18/2020,LYH,VA,AEA,EN,Federal Contract Tower,3,10,2,0,15,0,0,0,0,0,3,10,2,0,15,0,0,0,15
01/19/2020,LYH,VA,AEA,EN,Federal Contract Tower,4,9,4,0,17,0,1,7,0,8,4,10,11,0,25,0,0,0,25
01/20/2020,LYH,VA,AEA,EN,Federal Contract Tower,3,6,58,0,67,0,3,143,0,146,3,9,201,0,213,118,0,118,331
01/21/2020,LYH,VA,AEA,EN,Federal Contract Tower,4,10,37,0,51,0,0,128,0,128,4,10,165,0,179,244,0,244,423
01/22/2020,LYH,VA,AEA,EN,Federal Contract Tower,2,14,33,3,52,0,0,168,1,169,2,14,201,4,221,224,10,234,455
01/23/2020,LYH,VA,AEA,EN,Federal Contract Tower,3,13,51,7,74,0,0,152,3,155,3,13,203,10,229,224,30,254,483
01/24/2020,LYH,VA,AEA,EN,Federal Contract Tower,3,13,15,0,31,0,0,0,0,0,3,13,15,0,31,0,0,0,31
01/25/2020,LYH,VA,AEA,EN,Federal Contract Tower,3,9,29,0,41,0,0,31,2,33,3,9,60,2,74,40,4,44,118
01/26/2020,LYH,VA,AEA,EN,Federal Contract Tower,5,17,18,0,40,1,13,0,0,14,6,30,18,0,54,0,0,0,54
01/27/2020,LYH,VA,AEA,EN,Federal Contract Tower,3,15,32,2,52,0,2,171,0,173,3,17,203,2,225,214,0,214,439
01/28/2020,LYH,VA,AEA,EN,Federal Contract Tower,4,10,38,4,56,0,4,137,1,142,4,14,175,5,198,250,10,260,458
01/29/2020,LYH,VA,AEA,EN,Federal Contract Tower,3,15,41,0,59,0,2,172,0,174,3,17,213,0,233,370,0,370,603
01/30/2020,LYH,VA,AEA,EN,Federal Contract Tower,3,12,57,1,73,0,4,118,2,124,3,16,175,3,197,260,0,260,457
01/31/2020,LYH,VA,AEA,EN,Federal Contract Tower,3,11,13,2,29,0,0,61,4,65,3,11,74,6,94,122,6,128,222
02/01/2020,LYH,VA,AEA,EN,Federal Contract Tower,3,9,7,0,19,0,0,32,1,33,3,9,39,1,52,22,0,22,74
02/02/2020,LYH,VA,AEA,EN,Federal Contract Tower,3,10,2,0,15,0,0,18,1,19,3,10,20,1,34,0,0,0,34
02/03/2020,LYH,VA,AEA,EN,Federal Contract Tower,3,13,40,2,58,0,2,163,1,166,3,15,203,3,224,440,2,442,666
02/04/2020,LYH,VA,AEA,EN,Federal Contract Tower,4,11,44,4,63,0,0,118,2,120,4,11,162,6,183,398,0,398,581
02/05/2020,LYH,VA,AEA,EN,Federal Contract Tower,3,12,20,0,35,0,0,5,0,5,3,12,25,0,40,20,0,20,60
02/06/2020,LYH,VA,AEA,EN,Federal Contract Tower,3,7,2,0,12,0,0,0,0,0,3,7,2,0,12,0,0,0,12
02/07/2020,LYH,VA,AEA,EN,Federal Contract Tower,1,10,3,0,14,0,0,4,0,4,1,10,7,0,18,0,0,0,18
02/08/2020,LYH,VA,AEA,EN,Federal Contract Tower,3,9,44,0,56,0,1,115,0,116,3,10,159,0,172,342,0,342,514
02/09/2020,LYH,VA,AEA,EN,Federal Contract Tower,3,17,28,6,54,0,0,39,3,42,3,17,67,9,96,24,0,24,120
02/10/2020,LYH,VA,AEA,EN,Federal Contract Tower,3,11,12,6,32,0,0,2,0,2,3,11,14,6,34,0,0,0,34
02/11/2020,LYH,VA,AEA,EN,Federal Contract Tower,3,12,48,3,66,0,3,35,0,38,3,15,83,3,104,166,0,166,270
02/12/2020,LYH,VA,AEA,EN,Federal Contract Tower,3,7,17,2,29,0,0,71,2,73,3,7,88,4,102,198,0,198,300
02/13/2020,LYH,VA,AEA,EN,Federal Contract Tower,5,6,10,0,21,0,0,0,0,0,5,6,10,0,21,0,0,0,21
02/14/2020,LYH,VA,AEA,EN,Federal Contract Tower,3,12,35,2,52,0,0,143,0,143,3,12,178,2,195,302,16,318,513
02/15/2020,LYH,VA,AEA,EN,Federal Contract Tower,3,7,13,0,23,0,0,144,0,144,3,7,157,0,167,382,0,382,549
02/16/2020,LYH,VA,AEA,EN,Federal Contract Tower,3,9,13,0,25,0,2,26,0,28,3,11,39,0,53,72,0,72,125
02/17/2020,LYH,VA,AEA,EN,Federal Contract Tower,3,13,39,0,55,0,2,159,0,161,3,15,198,0,216,372,0,372,588
02/18/2020,LYH,VA,AEA,EN,Federal Contract Tower,3,14,31,2,50,0,0,20,0,20,3,14,51,2,70,106,0,106,176
02/19/2020,LYH,VA,AEA,EN,Federal Contract Tower,2,18,30,0,50,0,4,174,0,178,2,22,204,0,228,412,0,412,640
02/20/2020,LYH,VA,AEA,EN,Federal Contract Tower,4,10,18,10,42,0,0,64,2,66,4,10,82,12,108,164,8,172,280
02/21/2020,LYH,VA,AEA,EN,Federal Contract Tower,3,10,43,6,62,0,0,199,5,204,3,10,242,11,266,436,0,436,702
02/22/2020,LYH,VA,AEA,EN,Federal Contract Tower,3,7,22,0,32,0,2,125,0,127,3,9,147,0,159,276,0,276,435
02/23/2020,LYH,VA,AEA,EN,Federal Contract Tower,3,9,16,0,28,0,2,54,0,56,3,11,70,0,84,40,0,40,124
02/24/2020,LYH,VA,AEA,EN,Federal Contract Tower,3,12,24,0,39,0,0,96,0,96,3,12,120,0,135,268,0,268,403
02/25/2020,LYH,VA,AEA,EN,Federal Contract Tower,6,8,31,0,45,0,1,58,0,59,6,9,89,0,104,220,0,220,324
02/26/2020,LYH,VA,AEA,EN,Federal Contract Tower,3,13,34,0,50,0,0,17,0,17,3,13,51,0,67,70,0,70,137
02/27/2020,LYH,VA,AEA,EN,Federal Contract Tower,3,11,9,5,28,0,2,14,5,21,3,13,23,10,49,16,0,16,65
02/28/2020,LYH,VA,AEA,EN,Federal Contract Tower,3,15,11,0,29,0,2,84,0,86,3,17,95,0,115,192,0,192,307
02/29/2020,LYH,VA,AEA,EN,Federal Contract Tower,2,7,6,0,15,0,0,55,0,55,2,7,61,0,70,132,0,132,202
03/01/2020,LYH,VA,AEA,EN,Federal Contract Tower,4,9,10,0,23,0,2,65,0,67,4,11,75,0,90,82,0,82,172
03/02/2020,LYH,VA,AEA,EN,Federal Contract Tower,3,8,35,2,48,0,4,93,0,97,3,12,128,2,145,216,0,216,361
03/03/2020,LYH,VA,AEA,EN,Federal Contract Tower,3,11,12,0,26,0,2,66,0,68,3,13,78,0,94,206,0,206,300
03/04/2020,LYH,VA,AEA,EN,Federal Contract Tower,3,18,40,2,63,0,243,2,0,245,3,261,42,2,308,514,0,514,822
03/05/2020,LYH,VA,AEA,EN,Federal Contract Tower,4,9,38,2,53,0,2,161,2,165,4,11,199,4,218,388,12,400,618
03/06/2020,LYH,VA,AEA,EN,Federal Contract Tower,4,12,12,1,29,0,3,69,0,72,4,15,81,1,101,164,0,164,265
03/07/2020,LYH,VA,AEA,EN,Federal Contract Tower,4,5,8,3,20,0,0,59,0,59,4,5,67,3,79,132,0,132,211
03/08/2020,LYH,VA,AEA,EN,Federal Contract Tower,2,12,11,4,29,0,4,49,0,53,2,16,60,4,82,98,0,98,180
03/09/2020,LYH,VA,AEA,EN,Federal Contract Tower,4,10,27,8,49,0,6,167,6,179,4,16,194,14,228,356,8,364,592
03/10/2020,LYH,VA,AEA,EN,Federal Contract Tower,2,11,25,2,40,0,0,54,0,54,2,11,79,2,94,132,0,132,226
03/11/2020,LYH,VA,AEA,EN,Federal Contract Tower,4,12,19,3,38,0,0,183,2,185,4,12,202,5,223,418,2,420,643
03/12/2020,LYH,VA,AEA,EN,Federal Contract Tower,4,9,55,0,68,0,0,126,0,126,4,9,181,0,194,222,0,222,416
03/13/2020,LYH,VA,AEA,EN,Federal Contract Tower,5,10,19,0,34,0,0,58,0,58,5,10,77,0,92,114,0,114,206
03/14/2020,LYH,VA,AEA,EN,Federal Contract Tower,3,5,19,0,27,0,0,82,0,82,3,5,101,0,109,170,0,170,279
03/15/2020,LYH,VA,AEA,EN,Federal Contract Tower,3,8,4,0,15,0,0,0,0,0,3,8,4,0,15,0,0,0,15
03/16/2020,LYH,VA,AEA,EN,Federal Contract Tower,4,11,22,2,39,0,1,122,0,123,4,12,144,2,162,284,2,286,448
03/17/2020,LYH,VA,AEA,EN,Federal Contract Tower,2,13,18,2,35,0,2,124,0,126,2,15,142,2,161,336,0,336,497
03/18/2020,LYH,VA,AEA,EN,Federal Contract Tower,5,12,22,0,39,0,2,109,0,111,5,14,131,0,150,272,0,272,422
03/19/2020,LYH,VA,AEA,EN,Federal Contract Tower,2,8,26,0,36,0,0,92,2,94,2,8,118,2,130,220,0,220,350
03/20/2020,LYH,VA,AEA,EN,Federal Contract Tower,3,10,13,0,26,0,2,39,0,41,3,12,52,0,67,104,0,104,171
03/21/2020,LYH,VA,AEA,EN,Federal Contract Tower,4,6,15,0,25,0,2,14,0,16,4,8,29,0,41,10,0,10,51
03/22/2020,LYH,VA,AEA,EN,Federal Contract Tower,2,8,11,0,21,0,2,28,0,30,2,10,39,0,51,40,0,40,91
03/23/2020,LYH,VA,AEA,EN,Federal Contract Tower,5,6,3,0,14,0,0,0,0,0,5,6,3,0,14,0,0,0,14
03/24/2020,LYH,VA,AEA,EN,Federal Contract Tower,2,7,22,1,32,0,0,74,0,74,2,7,96,1,106,224,0,224,330
03/25/2020,LYH,VA,AEA,EN,Federal Contract Tower,4,3,24,2,33,0,0,25,0,25,4,3,49,2,58,180,0,180,238
03/26/2020,LYH,VA,AEA,EN,Federal Contract Tower,6,2,35,0,43,0,0,82,0,82,6,2,117,0,125,256,0,256,381
03/27/2020,LYH,VA,AEA,EN,Federal Contract Tower,4,4,29,4,41,0,1,187,2,190,4,5,216,6,231,352,10,362,593
03/28/2020,LYH,VA,AEA,EN,Federal Contract Tower,4,2,13,0,19,0,3,77,0,80,4,5,90,0,99,250,0,250,349
03/29/2020,LYH,VA,AEA,EN,Federal Contract Tower,0,4,5,0,9,0,4,23,0,27,0,8,28,0,36,40,0,40,76
03/30/2020,LYH,VA,AEA,EN,Federal Contract Tower,4,2,10,2,18,0,0,46,0,46,4,2,56,2,64,70,0,70,134
03/31/2020,LYH,VA,AEA,EN,Federal Contract Tower,2,4,6,0,12,0,0,6,0,6,2,4,12,0,18,0,0,0,18
04/01/2020,LYH,VA,AEA,EN,Federal Contract Tower,4,0,3,0,7,0,0,10,0,10,4,0,13,0,17,0,0,0,17
04/02/2020,LYH,VA,AEA,EN,Federal Contract Tower,4,1,4,0,9,0,0,33,0,33,4,1,37,0,42,30,0,30,72
04/03/2020,LYH,VA,AEA,EN,Federal Contract Tower,2,0,7,0,9,0,0,47,0,47,2,0,54,0,56,74,0,74,130
04/04/2020,LYH,VA,AEA,EN,Federal Contract Tower,2,0,9,0,11,0,1,52,0,53,2,1,61,0,64,28,0,28,92
04/05/2020,LYH,VA,AEA,EN,Federal Contract Tower,0,2,9,0,11,0,1,29,0,30,0,3,38,0,41,8,0,8,49
04/06/2020,LYH,VA,AEA,EN,Federal Contract Tower,2,5,7,4,18,0,2,11,0,13,2,7,18,4,31,6,12,18,49
04/07/2020,LYH,VA,AEA,EN,Federal Contract Tower,0,0,6,0,6,0,1,38,0,39,0,1,44,0,45,128,0,128,173
04/08/2020,LYH,VA,AEA,EN,Federal Contract Tower,1,3,1,8,13,0,0,25,1,26,1,3,26,9,39,156,0,156,195
04/09/2020,LYH,VA,AEA,EN,Federal Contract Tower,2,6,3,0,11,0,0,10,0,10,2,6,13,0,21,28,0,28,49
04/10/2020,LYH,VA,AEA,EN,Federal Contract Tower,2,4,2,0,8,0,0,7,2,9,2,4,9,2,17,0,0,0,17
04/11/2020,LYH,VA,AEA,EN,Federal Contract Tower,2,0,11,0,13,0,0,39,0,39,2,0,50,0,52,94,0,94,146
04/12/2020,LYH,VA,AEA,EN,Federal Contract Tower,2,2,1,0,5,0,3,1,0,4,2,5,2,0,9,0,0,0,9
04/13/2020,LYH,VA,AEA,EN,Federal Contract Tower,2,4,0,0,6,0,0,0,0,0,2,4,0,0,6,0,0,0,6
04/14/2020,LYH,VA,AEA,EN,Federal Contract Tower,2,0,17,0,19,0,0,62,0,62,2,0,79,0,81,134,0,134,215
04/15/2020,LYH,VA,AEA,EN,Federal Contract Tower,2,2,6,4,14,0,0,59,2,61,2,2,65,6,75,70,0,70,145
04/16/2020,LYH,VA,AEA,EN,Federal Contract Tower,2,0,22,0,24,0,1,42,0,43,2,1,64,0,67,26,0,26,93
04/17/2020,LYH,VA,AEA,EN,Federal Contract Tower,2,0,4,0,6,0,0,34,2,36,2,0,38,2,42,66,0,66,108
04/18/2020,LYH,VA,AEA,EN,Federal Contract Tower,2,0,5,0,7,0,1,5,0,6,2,1,10,0,13,2,0,2,15
04/19/2020,LYH,VA,AEA,EN,Federal Contract Tower,1,2,11,0,14,0,0,26,0,26,1,2,37,0,40,14,0,14,54
04/20/2020,LYH,VA,AEA,EN,Federal Contract Tower,2,2,5,0,9,0,0,11,0,11,2,2,16,0,20,32,0,32,52
04/21/2020,LYH,VA,AEA,EN,Federal Contract Tower,1,1,3,0,5,0,2,22,4,28,1,3,25,4,33,24,2,26,59
04/22/2020,LYH,VA,AEA,EN,Federal Contract Tower,1,2,12,0,15,0,0,103,2,105,1,2,115,2,120,160,0,160,280
04/23/2020,LYH,VA,AEA,EN,Federal Contract Tower,1,0,6,0,7,0,0,0,0,0,1,0,6,0,7,0,0,0,7
04/24/2020,LYH,VA,AEA,EN,Federal Contract Tower,1,4,7,2,14,0,1,21,0,22,1,5,28,2,36,66,0,66,102
04/25/2020,LYH,VA,AEA,EN,Federal Contract Tower,2,2,3,0,7,0,0,10,0,10,2,2,13,0,17,42,0,42,59
04/26/2020,LYH,VA,AEA,EN,Federal Contract Tower,2,2,6,0,10,0,0,0,0,0,2,2,6,0,10,0,0,0,10
04/27/2020,LYH,VA,AEA,EN,Federal Contract Tower,2,0,10,2,14,0,6,29,2,37,2,6,39,4,51,32,0,32,83
04/28/2020,LYH,VA,AEA,EN,Federal Contract Tower,2,4,12,0,18,0,4,85,0,89,2,8,97,0,107,118,0,118,225
04/29/2020,LYH,VA,AEA,EN,Federal Contract Tower,2,4,17,2,25,0,4,50,4,58,2,8,67,6,83,66,10,76,159
04/30/2020,LYH,VA,AEA,EN,Federal Contract Tower,2,1,12,0,15,0,0,6,0,6,2,1,18,0,21,38,0,38,59
05/01/2020,LYH,VA,AEA,EN,Federal Contract Tower,1,7,13,0,21,0,0,40,0,40,1,7,53,0,61,42,0,42,103
05/02/2020,LYH,VA,AEA,EN,Federal Contract Tower,2,2,18,0,22,0,0,50,0,50,2,2,68,0,72,54,0,54,126
05/03/2020,LYH,VA,AEA,EN,Federal Contract Tower,1,4,10,0,15,0,4,13,0,17,1,8,23,0,32,12,0,12,44
05/04/2020,LYH,VA,AEA,EN,Federal Contract Tower,1,4,11,2,18,0,0,33,0,33,1,4,44,2,51,48,2,50,101
05/05/2020,LYH,VA,AEA,EN,Federal Contract Tower,2,7,6,0,15,0,0,9,2,11,2,7,15,2,26,74,0,74,100
05/06/2020,LYH,VA,AEA,EN,Federal Contract Tower,2,5,11,4,22,0,0,29,2,31,2,5,40,6,53,36,0,36,89
05/07/2020,LYH,VA,AEA,EN,Federal Contract Tower,4,0,13,3,20,0,0,77,4,81,4,0,90,7,101,152,0,152,253
05/08/2020,LYH,VA,AEA,EN,Federal Contract Tower,4,3,12,0,19,0,1,18,0,19,4,4,30,0,38,32,0,32,70
05/09/2020,LYH,VA,AEA,EN,Federal Contract Tower,4,0,1,0,5,0,1,22,0,23,4,1,23,0,28,38,0,38,66
05/10/2020,LYH,VA,AEA,EN,Federal Contract Tower,4,0,10,0,14,0,2,12,0,14,4,2,22,0,28,18,0,18,46
05/11/2020,LYH,VA,AEA,EN,Federal Contract Tower,4,4,5,0,13,0,0,20,0,20,4,4,25,0,33,26,0,26,59
05/12/2020,LYH,VA,AEA,EN,Federal Contract Tower,4,0,18,0,22,0,2,80,8,90,4,2,98,8,112,196,0,196,308
05/13/2020,LYH,VA,AEA,EN,Federal Contract Tower,4,0,16,0,20,0,0,92,2,94,4,0,108,2,114,182,0,182,296
05/14/2020,LYH,VA,AEA,EN,Federal Contract Tower,3,2,14,6,25,0,0,67,4,71,3,2,81,10,96,46,14,60,156
05/15/2020,LYH,VA,AEA,EN,Federal Contract Tower,4,1,12,0,17,0,1,44,0,45,4,2,56,0,62,74,0,74,136
05/16/2020,LYH,VA,AEA,EN,Federal Contract Tower,4,0,9,0,13,0,0,43,0,43,4,0,52,0,56,42,0,42,98
05/17/2020,LYH,VA,AEA,EN,Federal Contract Tower,4,0,21,0,25,0,0,5,0,5,4,0,26,0,30,0,0,0,30
05/18/2020,LYH,VA,AEA,EN,Federal Contract Tower,4,1,7,10,22,0,0,0,0,0,4,1,7,10,22,0,0,0,22
05/19/2020,LYH,VA,AEA,EN,Federal Contract Tower,6,0,5,0,11,0,0,1,0,1,6,0,6,0,12,0,0,0,12
05/20/2020,LYH,VA,AEA,EN,Federal Contract Tower,4,0,8,0,12,0,0,0,0,0,4,0,8,0,12,0,0,0,12
05/21/2020,LYH,VA,AEA,EN,Federal Contract Tower,4,2,5,0,11,0,0,0,0,0,4,2,5,0,11,0,0,0,11
05/22/2020,LYH,VA,AEA,EN,Federal Contract Tower,4,0,6,0,10,0,1,11,0,12,4,1,17,0,22,46,0,46,68
05/23/2020,LYH,VA,AEA,EN,Federal Contract Tower,4,0,14,0,18,0,1,48,0,49,4,1,62,0,67,70,0,70,137
05/24/2020,LYH,VA,AEA,EN,Federal Contract Tower,4,1,16,0,21,0,0,17,0,17,4,1,33,0,38,26,0,26,64
05/25/2020,LYH,VA,AEA,EN,Federal Contract Tower,4,1,13,0,18,0,0,2,0,2,4,1,15,0,20,0,0,0,20
05/26/2020,LYH,VA,AEA,EN,Federal Contract Tower,4,2,27,0,33,0,0,43,0,43,4,2,70,0,76,144,0,144,220
05/27/2020,LYH,VA,AEA,EN,Federal Contract Tower,4,0,15,2,21,0,0,3,0,3,4,0,18,2,24,0,0,0,24
05/28/2020,LYH,VA,AEA,EN,Federal Contract Tower,4,0,19,6,29,0,0,8,0,8,4,0,27,6,37,34,4,38,75
05/29/2020,LYH,VA,AEA,EN,Federal Contract Tower,4,0,23,8,35,0,0,17,0,17,4,0,40,8,52,62,0,62,114
05/30/2020,LYH,VA,AEA,EN,Federal Contract Tower,4,0,6,0,10,0,1,29,0,30,4,1,35,0,40,50,0,50,90
05/31/2020,LYH,VA,AEA,EN,Federal Contract Tower,5,2,19,4,30,0,2,31,0,33,5,4,50,4,63,20,0,20,83
06/01/2020,LYH,VA,AEA,EN,Federal Contract Tower,4,1,20,0,25,0,1,54,0,55,4,2,74,0,80,60,0,60,140
06/02/2020,LYH,VA,AEA,EN,Federal Contract Tower,4,0,8,0,12,0,3,60,0,63,4,3,68,0,75,128,0,128,203
06/03/2020,LYH,VA,AEA,EN,Federal Contract Tower,4,0,16,0,20,0,0,70,0,70,4,0,86,0,90,108,0,108,198
06/04/2020,LYH,VA,AEA,EN,Federal Contract Tower,4,0,10,0,14,0,0,55,0,55,4,0,65,0,69,100,0,100,169
06/05/2020,LYH,VA,AEA,EN,Federal Contract Tower,4,2,13,0,19,0,0,31,0,31,4,2,44,0,50,90,0,90,140
06/06/2020,LYH,VA,AEA,EN,Federal Contract Tower,4,0,12,0,16,0,0,28,0,28,4,0,40,0,44,36,0,36,80
06/07/2020,LYH,VA,AEA,EN,Federal Contract Tower,4,0,11,0,15,0,0,35,0,35,4,0,46,0,50,24,0,24,74
06/08/2020,LYH,VA,AEA,EN,Federal Contract Tower,4,0,9,0,13,0,4,49,0,53,4,4,58,0,66,52,0,52,118
06/09/2020,LYH,VA,AEA,EN,Federal Contract Tower,4,2,22,0,28,0,0,25,0,25,4,2,47,0,53,74,0,74,127
06/10/2020,LYH,VA,AEA,EN,Federal Contract Tower,4,3,11,0,18,0,0,11,0,11,4,3,22,0,29,24,0,24,53
06/11/2020,LYH,VA,AEA,EN,Federal Contract Tower,4,8,12,12,36,0,1,52,0,53,4,9,64,12,89,130,0,130,219
06/12/2020,LYH,VA,AEA,EN,Federal Contract Tower,4,1,28,5,38,0,1,112,0,113,4,2,140,5,151,190,0,190,341
06/13/2020,LYH,VA,AEA,EN,Federal Contract Tower,4,0,6,0,10,0,0,28,0,28,4,0,34,0,38,48,0,48,86
06/14/2020,LYH,VA,AEA,EN,Federal Contract Tower,5,0,19,4,28,0,0,12,0,12,5,0,31,4,40,24,0,24,64
06/15/2020,LYH,VA,AEA,EN,Federal Contract Tower,4,2,18,0,24,0,0,2,1,3,4,2,20,1,27,0,0,0,27
06/16/2020,LYH,VA,AEA,EN,Federal Contract Tower,4,1,15,0,20,0,0,32,0,32,4,1,47,0,52,80,0,80,132
06/17/2020,LYH,VA,AEA,EN,Federal Contract Tower,4,3,4,0,11,0,0,0,0,0,4,3,4,0,11,0,0,0,11
06/18/2020,LYH,VA,AEA,EN,Federal Contract Tower,5,2,27,0,34,0,0,41,0,41,5,2,68,0,75,280,0,280,355
06/19/2020,LYH,VA,AEA,EN,Federal Contract Tower,4,0,32,0,36,0,1,14,0,15,4,1,46,0,51,90,0,90,141
06/20/2020,LYH,VA,AEA,EN,Federal Contract Tower,4,0,15,0,19,0,0,17,0,17,4,0,32,0,36,20,0,20,56
06/21/2020,LYH,VA,AEA,EN,Federal Contract Tower,4,3,8,2,17,0,0,18,2,20,4,3,26,4,37,14,0,14,51
06/22/2020,LYH,VA,AEA,EN,Federal Contract Tower,4,3,16,3,26,0,2,94,0,96,4,5,110,3,122,196,0,196,318
06/23/2020,LYH,VA,AEA,EN,Federal Contract Tower,4,3,27,4,38,0,2,97,0,99,4,5,124,4,137,236,0,236,373
06/24/2020,LYH,VA,AEA,EN,Federal Contract Tower,4,2,16,0,22,0,0,121,4,125,4,2,137,4,147,276,0,276,423
06/25/2020,LYH,VA,AEA,EN,Federal Contract Tower,3,1,16,6,26,0,1,130,0,131,3,2,146,6,157,226,0,226,383
06/26/2020,LYH,VA,AEA,EN,Federal Contract Tower,4,0,18,0,22,0,1,125,0,126,4,1,143,0,148,254,0,254,402
06/27/2020,LYH,VA,AEA,EN,Federal Contract Tower,4,1,18,1,24,0,1,61,0,62,4,2,79,1,86,58,4,62,148
06/28/2020,LYH,VA,AEA,EN,Federal Contract Tower,5,2,19,0,26,0,0,19,0,19,5,2,38,0,45,6,0,6,51
06/29/2020,LYH,VA,AEA,EN,Federal Contract Tower,4,0,23,4,31,0,2,101,0,103,4,2,124,4,134,210,0,210,344
06/30/2020,LYH,VA,AEA,EN,Federal Contract Tower,4,0,31,2,37,0,0,138,2,140,4,0,169,4,177,242,0,242,419
07/02/2020,LYH,VA,AEA,EN,Federal Contract Tower,7,0,28,2,37,0,0,125,1,126,7,0,153,3,163,286,18,304,467
07/03/2020,LYH,VA,AEA,EN,Federal Contract Tower,4,0,17,0,21,0,0,65,0,65,4,0,82,0,86,50,0,50,136
07/04/2020,LYH,VA,AEA,EN,Federal Contract Tower,4,0,6,0,10,0,0,23,0,23,4,0,29,0,33,12,0,12,45
07/05/2020,LYH,VA,AEA,EN,Federal Contract Tower,4,1,9,0,14,0,1,20,2,23,4,2,29,2,37,2,0,2,39
07/06/2020,LYH,VA,AEA,EN,Federal Contract Tower,4,4,24,0,32,0,0,127,0,127,4,4,151,0,159,312,0,312,471
07/07/2020,LYH,VA,AEA,EN,Federal Contract Tower,4,3,42,0,49,0,5,135,0,140,4,8,177,0,189,270,0,270,459
07/08/2020,LYH,VA,AEA,EN,Federal Contract Tower,4,4,23,2,33,0,4,70,2,76,4,8,93,4,109,208,2,210,319
07/09/2020,LYH,VA,AEA,EN,Federal Contract Tower,4,4,33,2,43,0,1,89,0,90,4,5,122,2,133,230,0,230,363
07/10/2020,LYH,VA,AEA,EN,Federal Contract Tower,4,3,18,2,27,0,0,119,0,119,4,3,137,2,146,220,0,220,366
07/11/2020,LYH,VA,AEA,EN,Federal Contract Tower,4,5,7,0,16,0,0,37,0,37,4,5,44,0,53,50,0,50,103
07/12/2020,LYH,VA,AEA,EN,Federal Contract Tower,4,2,13,4,23,0,0,37,0,37,4,2,50,4,60,12,10,22,82
07/13/2020,LYH,VA,AEA,EN,Federal Contract Tower,5,7,30,8,50,0,1,129,0,130,5,8,159,8,180,184,10,194,374
07/14/2020,LYH,VA,AEA,EN,Federal Contract Tower,4,1,29,6,40,0,0,138,7,145,4,1,167,13,185,306,6,312,497
07/15/2020,LYH,VA,AEA,EN,Federal Contract Tower,5,2,23,0,30,0,2,129,4,135,5,4,152,4,165,352,0,352,517
07/16/2020,LYH,VA,AEA,EN,Federal Contract Tower,4,4,36,4,48,0,1,66,6,73,4,5,102,10,121,102,0,102,223
07/17/2020,LYH,VA,AEA,EN,Federal Contract Tower,4,1,22,0,27,0,0,89,0,89,4,1,111,0,116,162,0,162,278
07/18/2020,LYH,VA,AEA,EN,Federal Contract Tower,6,5,16,0,27,0,0,52,0,52,6,5,68,0,79,42,0,42,121
07/19/2020,LYH,VA,AEA,EN,Federal Contract Tower,4,8,12,1,25,0,1,30,0,31,4,9,42,1,56,8,0,8,64
07/20/2020,LYH,VA,AEA,EN,Federal Contract Tower,4,6,14,0,24,0,2,137,0,139,4,8,151,0,163,272,0,272,435
07/21/2020,LYH,VA,AEA,EN,Federal Contract Tower,5,5,30,6,46,0,0,100,3,103,5,5,130,9,149,162,0,162,311
07/23/2020,LYH,VA,AEA,EN,Federal Contract Tower,4,1,27,0,32,0,0,83,0,83,4,1,110,0,115,180,0,180,295
07/24/2020,LYH,VA,AEA,EN,Federal Contract Tower,6,2,32,0,40,0,0,66,0,66,6,2,98,0,106,184,0,184,290
07/25/2020,LYH,VA,AEA,EN,Federal Contract Tower,4,4,19,0,27,0,1,68,0,69,4,5,87,0,96,132,0,132,228
07/26/2020,LYH,VA,AEA,EN,Federal Contract Tower,4,3,20,0,27,0,2,27,0,29,4,5,47,0,56,16,0,16,72
07/27/2020,LYH,VA,AEA,EN,Federal Contract Tower,4,5,24,3,36,0,0,96,1,97,4,5,120,4,133,236,0,236,369
07/28/2020,LYH,VA,AEA,EN,Federal Contract Tower,4,0,21,2,27,0,2,68,1,71,4,2,89,3,98,110,0,110,208
07/29/2020,LYH,VA,AEA,EN,Federal Contract Tower,4,1,33,4,42,0,1,97,4,102,4,2,130,8,144,198,0,198,342
07/30/2020,LYH,VA,AEA,EN,Federal Contract Tower,4,2,24,0,30,0,2,79,0,81,4,4,103,0,111,186,0,186,297
07/31/2020,LYH,VA,AEA,EN,Federal Contract Tower,5,6,26,0,37,0,0,20,4,24,5,6,46,4,61,76,0,76,137
08/01/2020,LYH,VA,AEA,EN,Federal Contract Tower,4,2,22,0,28,0,0,11,0,11,4,2,33,0,39,12,0,12,51
08/02/2020,LYH,VA,AEA,EN,Federal Contract Tower,4,3,13,0,20,0,0,3,0,3,4,3,16,0,23,0,0,0,23
08/03/2020,LYH,VA,AEA,EN,Federal Contract Tower,4,2,9,0,15,0,0,15,0,15,4,2,24,0,30,36,0,36,66
08/04/2020,LYH,VA,AEA,EN,Federal Contract Tower,4,0,20,0,24,0,2,119,0,121,4,2,139,0,145,292,0,292,437
08/05/2020,LYH,VA,AEA,EN,Federal Contract Tower,4,1,25,0,30,0,0,143,0,143,4,1,168,0,173,274,0,274,447
08/06/2020,LYH,VA,AEA,EN,Federal Contract Tower,3,3,20,0,26,0,0,36,0,36,3,3,56,0,62,96,0,96,158
08/07/2020,LYH,VA,AEA,EN,Federal Contract Tower,4,3,33,0,40,0,0,31,0,31,4,3,64,0,71,66,0,66,137
08/08/2020,LYH,VA,AEA,EN,Federal Contract Tower,4,6,51,0,61,0,0,33,2,35,4,6,84,2,96,56,0,56,152
08/09/2020,LYH,VA,AEA,EN,Federal Contract Tower,3,4,23,4,34,0,0,27,0,27,3,4,50,4,61,60,0,60,121
08/10/2020,LYH,VA,AEA,EN,Federal Contract Tower,4,5,28,0,37,0,2,101,0,103,4,7,129,0,140,382,0,382,522
08/11/2020,LYH,VA,AEA,EN,Federal Contract Tower,4,2,32,0,38,0,2,108,0,110,4,4,140,0,148,234,0,234,382
08/12/2020,LYH,VA,AEA,EN,Federal Contract Tower,4,2,31,1,38,0,5,61,3,69,4,7,92,4,107,124,30,154,261
08/13/2020,LYH,VA,AEA,EN,Federal Contract Tower,4,5,25,0,34,0,0,4,0,4,4,5,29,0,38,6,0,6,44
08/14/2020,LYH,VA,AEA,EN,Federal Contract Tower,4,6,27,0,37,0,0,14,0,14,4,6,41,0,51,10,0,10,61
08/15/2020,LYH,VA,AEA,EN,Federal Contract Tower,4,7,12,0,23,0,0,0,0,0,4,7,12,0,23,0,0,0,23
08/16/2020,LYH,VA,AEA,EN,Federal Contract Tower,5,2,14,14,35,0,0,3,0,3,5,2,17,14,38,0,0,0,38
08/17/2020,LYH,VA,AEA,EN,Federal Contract Tower,4,4,20,0,28,0,2,65,0,67,4,6,85,0,95,118,0,118,213
08/18/2020,LYH,VA,AEA,EN,Federal Contract Tower,3,5,26,0,34,0,0,109,6,115,3,5,135,6,149,266,0,266,415
08/19/2020,LYH,VA,AEA,EN,Federal Contract Tower,4,5,50,5,64,0,0,40,0,40,4,5,90,5,104,138,0,138,242
08/20/2020,LYH,VA,AEA,EN,Federal Contract Tower,4,6,24,1,35,0,0,58,5,63,4,6,82,6,98,148,2,150,248
08/21/2020,LYH,VA,AEA,EN,Federal Contract Tower,5,5,20,0,30,0,2,3,0,5,5,7,23,0,35,4,0,4,39
08/22/2020,LYH,VA,AEA,EN,Federal Contract Tower,4,4,20,0,28,0,2,4,0,6,4,6,24,0,34,50,0,50,84
08/23/2020,LYH,VA,AEA,EN,Federal Contract Tower,4,7,13,0,24,0,3,63,0,66,4,10,76,0,90,78,0,78,168
08/24/2020,LYH,VA,AEA,EN,Federal Contract Tower,4,5,20,0,29,0,0,77,8,85,4,5,97,8,114,158,0,158,272
08/25/2020,LYH,VA,AEA,EN,Federal Contract Tower,4,0,32,7,43,0,0,101,4,105,4,0,133,11,148,80,0,80,228
08/26/2020,LYH,VA,AEA,EN,Federal Contract Tower,4,8,44,0,56,0,0,118,0,118,4,8,162,0,174,240,0,240,414
08/27/2020,LYH,VA,AEA,EN,Federal Contract Tower,4,3,17,0,24,0,0,86,6,92,4,3,103,6,116,182,0,182,298
08/28/2020,LYH,VA,AEA,EN,Federal Contract Tower,4,5,17,8,34,0,0,95,16,111,4,5,112,24,145,200,2,202,347
08/29/2020,LYH,VA,AEA,EN,Federal Contract Tower,4,4,9,1,18,0,0,23,1,24,4,4,32,2,42,42,0,42,84
08/30/2020,LYH,VA,AEA,EN,Federal Contract Tower,5,5,10,1,21,0,0,41,1,42,5,5,51,2,63,56,2,58,121
08/31/2020,LYH,VA,AEA,EN,Federal Contract Tower,4,3,25,0,32,0,0,0,0,0,4,3,25,0,32,0,0,0,32
09/01/2020,LYH,VA,AEA,EN,Federal Contract Tower,4,2,26,0,32,0,0,6,0,6,4,2,32,0,38,0,0,0,38
09/02/2020,LYH,VA,AEA,EN,Federal Contract Tower,4,1,13,4,22,0,87,11,0,98,4,88,24,4,120,168,8,176,296
09/03/2020,LYH,VA,AEA,EN,Federal Contract Tower,4,3,32,0,39,0,0,145,4,149,4,3,177,4,188,204,0,204,392
09/04/2020,LYH,VA,AEA,EN,Federal Contract Tower,4,2,50,1,57,0,0,160,2,162,4,2,210,3,219,192,0,192,411
09/05/2020,LYH,VA,AEA,EN,Federal Contract Tower,4,4,33,0,41,0,0,100,0,100,4,4,133,0,141,96,0,96,237
09/06/2020,LYH,VA,AEA,EN,Federal Contract Tower,3,3,13,0,19,0,0,34,0,34,3,3,47,0,53,16,0,16,69
09/07/2020,LYH,VA,AEA,EN,Federal Contract Tower,4,3,32,4,43,0,4,142,0,146,4,7,174,4,189,174,0,174,363
09/08/2020,LYH,VA,AEA,EN,Federal Contract Tower,4,1,25,0,30,0,2,134,0,136,4,3,159,0,166,160,0,160,326
09/09/2020,LYH,VA,AEA,EN,Federal Contract Tower,7,0,32,0,39,0,0,14,0,14,7,0,46,0,53,48,0,48,101
09/10/2020,LYH,VA,AEA,EN,Federal Contract Tower,6,1,33,2,42,0,0,23,2,25,6,1,56,4,67,92,26,118,185
09/11/2020,LYH,VA,AEA,EN,Federal Contract Tower,6,1,47,0,54,0,0,115,0,115,6,1,162,0,169,376,0,376,545
09/12/2020,LYH,VA,AEA,EN,Federal Contract Tower,6,3,21,0,30,0,0,2,0,2,6,3,23,0,32,0,0,0,32
09/13/2020,LYH,VA,AEA,EN,Federal Contract Tower,4,6,19,0,29,0,0,21,0,21,4,6,40,0,50,0,0,0,50
09/14/2020,LYH,VA,AEA,EN,Federal Contract Tower,5,5,32,0,42,0,0,118,0,118,5,5,150,0,160,242,0,242,402
09/15/2020,LYH,VA,AEA,EN,Federal Contract Tower,6,5,26,8,45,0,1,136,0,137,6,6,162,8,182,246,2,248,430
09/16/2020,LYH,VA,AEA,EN,Federal Contract Tower,4,5,34,0,43,0,5,105,2,112,4,10,139,2,155,246,8,254,409
09/17/2020,LYH,VA,AEA,EN,Federal Contract Tower,6,2,10,2,20,0,0,0,0,0,6,2,10,2,20,0,0,0,20
09/18/2020,LYH,VA,AEA,EN,Federal Contract Tower,8,1,59,0,68,0,0,87,0,87,8,1,146,0,155,184,0,184,339
09/19/2020,LYH,VA,AEA,EN,Federal Contract Tower,8,1,29,2,40,0,0,68,2,70,8,1,97,4,110,104,0,104,214
09/20/2020,LYH,VA,AEA,EN,Federal Contract Tower,4,5,23,0,32,0,2,19,3,24,4,7,42,3,56,46,0,46,102
09/21/2020,LYH,VA,AEA,EN,Federal Contract Tower,8,1,27,0,36,0,4,111,0,115,8,5,138,0,151,236,0,236,387
09/22/2020,LYH,VA,AEA,EN,Federal Contract Tower,6,4,30,14,54,0,1,164,2,167,6,5,194,16,221,390,0,390,611
09/23/2020,LYH,VA,AEA,EN,Federal Contract Tower,5,3,38,0,46,0,1,136,2,139,5,4,174,2,185,346,2,348,533
09/24/2020,LYH,VA,AEA,EN,Federal Contract Tower,6,5,32,0,43,0,0,139,0,139,6,5,171,0,182,300,0,300,482
09/25/2020,LYH,VA,AEA,EN,Federal Contract Tower,6,5,27,2,40,0,0,2,0,2,6,5,29,2,42,0,0,0,42
09/26/2020,LYH,VA,AEA,EN,Federal Contract Tower,7,1,28,0,36,0,2,24,0,26,7,3,52,0,62,58,0,58,120
09/27/2020,LYH,VA,AEA,EN,Federal Contract Tower,4,6,22,0,32,0,0,29,0,29,4,6,51,0,61,20,0,20,81
09/28/2020,LYH,VA,AEA,EN,Federal Contract Tower,6,3,47,0,56,0,5,53,0,58,6,8,100,0,114,74,0,74,188
09/29/2020,LYH,VA,AEA,EN,Federal Contract Tower,6,3,16,0,25,0,0,6,0,6,6,3,22,0,31,28,0,28,59
09/30/2020,LYH,VA,AEA,EN,Federal Contract Tower,4,3,36,0,43,0,0,152,0,152,4,3,188,0,195,306,0,306,501
10/01/2020,LYH,VA,AEA,EN,Federal Contract Tower,6,2,43,0,51,0,2,172,2,176,6,4,215,2,227,230,0,230,457
10/02/2020,LYH,VA,AEA,EN,Federal Contract Tower,7,4,19,0,30,0,0,130,0,130,7,4,149,0,160,230,0,230,390
10/03/2020,LYH,VA,AEA,EN,Federal Contract Tower,7,2,22,1,32,0,0,108,0,108,7,2,130,1,140,106,0,106,246
10/04/2020,LYH,VA,AEA,EN,Federal Contract Tower,4,2,17,1,24,0,0,45,1,46,4,2,62,2,70,16,46,62,132
10/05/2020,LYH,VA,AEA,EN,Federal Contract Tower,6,1,21,0,28,0,2,141,0,143,6,3,162,0,171,210,0,210,381
10/06/2020,LYH,VA,AEA,EN,Federal Contract Tower,6,2,41,0,49,0,0,124,4,128,6,2,165,4,177,178,24,202,379
10/07/2020,LYH,VA,AEA,EN,Federal Contract Tower,3,5,30,0,38,0,4,107,6,117,3,9,137,6,155,184,0,184,339
10/08/2020,LYH,VA,AEA,EN,Federal Contract Tower,5,2,35,0,42,0,0,101,0,101,5,2,136,0,143,126,0,126,269
10/09/2020,LYH,VA,AEA,EN,Federal Contract Tower,6,5,34,0,45,0,0,134,0,134,6,5,168,0,179,286,0,286,465
10/10/2020,LYH,VA,AEA,EN,Federal Contract Tower,8,1,7,0,16,0,0,6,0,6,8,1,13,0,22,62,0,62,84
10/11/2020,LYH,VA,AEA,EN,Federal Contract Tower,4,6,10,0,20,0,0,0,0,0,4,6,10,0,20,0,0,0,20
10/12/2020,LYH,VA,AEA,EN,Federal Contract Tower,5,5,22,0,32,0,0,2,0,2,5,5,24,0,34,0,0,0,34
10/13/2020,LYH,VA,AEA,EN,Federal Contract Tower,4,5,28,1,38,0,0,90,3,93,4,5,118,4,131,140,2,142,273
10/14/2020,LYH,VA,AEA,EN,Federal Contract Tower,4,8,43,0,55,0,0,2,0,2,4,8,45,0,57,244,0,244,301
10/15/2020,LYH,VA,AEA,EN,Federal Contract Tower,6,4,38,0,48,0,0,90,0,90,6,4,128,0,138,114,0,114,252
10/16/2020,LYH,VA,AEA,EN,Federal Contract Tower,8,2,20,2,32,0,0,63,4,67,8,2,83,6,99,234,0,234,333
10/17/2020,LYH,VA,AEA,EN,Federal Contract Tower,10,0,8,0,18,0,0,78,10,88,10,0,86,10,106,126,0,126,232
10/18/2020,LYH,VA,AEA,EN,Federal Contract Tower,6,6,19,0,31,0,0,58,0,58,6,6,77,0,89,20,0,20,109
10/19/2020,LYH,VA,AEA,EN,Federal Contract Tower,7,7,29,2,45,0,2,145,0,147,7,9,174,2,192,324,0,324,516
10/20/2020,LYH,VA,AEA,EN,Federal Contract Tower,4,5,21,2,32,0,1,116,2,119,4,6,137,4,151,218,8,226,377
10/21/2020,LYH,VA,AEA,EN,Federal Contract Tower,5,7,29,0,41,0,0,148,2,150,5,7,177,2,191,340,0,340,531
10/22/2020,LYH,VA,AEA,EN,Federal Contract Tower,6,4,34,1,45,0,0,97,2,99,6,4,131,3,144,170,4,174,318
10/23/2020,LYH,VA,AEA,EN,Federal Contract Tower,8,1,35,0,44,0,0,121,4,125,8,1,156,4,169,258,0,258,427
10/24/2020,LYH,VA,AEA,EN,Federal Contract Tower,9,0,18,0,27,0,0,81,0,81,9,0,99,0,108,86,0,86,194
10/25/2020,LYH,VA,AEA,EN,Federal Contract Tower,6,4,12,0,22,0,0,0,0,0,6,4,12,0,22,0,0,0,22
10/26/2020,LYH,VA,AEA,EN,Federal Contract Tower,6,4,32,0,42,0,2,26,0,28,6,6,58,0,70,74,0,74,144
10/27/2020,LYH,VA,AEA,EN,Federal Contract Tower,5,1,55,0,61,0,0,40,0,40,5,1,95,0,101,62,0,62,163
10/28/2020,LYH,VA,AEA,EN,Federal Contract Tower,5,6,53,0,64,0,0,43,0,43,5,6,96,0,107,164,0,164,271
10/29/2020,LYH,VA,AEA,EN,Federal Contract Tower,6,4,5,0,15,0,0,5,0,5,6,4,10,0,20,10,0,10,30
10/30/2020,LYH,VA,AEA,EN,Federal Contract Tower,7,4,34,0,45,0,0,98,0,98,7,4,132,0,143,104,0,104,247
10/31/2020,LYH,VA,AEA,EN,Federal Contract Tower,6,0,35,0,41,0,0,130,0,130,6,0,165,0,171,204,0,204,375
11/01/2020,LYH,VA,AEA,EN,Federal Contract Tower,4,2,5,0,11,0,0,4,0,4,4,2,9,0,15,8,0,8,23
11/02/2020,LYH,VA,AEA,EN,Federal Contract Tower,9,5,18,0,32,0,4,81,2,87,9,9,99,2,119,148,0,148,267
11/03/2020,LYH,VA,AEA,EN,Federal Contract Tower,5,8,35,0,48,0,1,99,2,102,5,9,134,2,150,182,2,184,334
11/04/2020,LYH,VA,AEA,EN,Federal Contract Tower,3,6,29,10,48,0,3,148,13,164,3,9,177,23,212,278,36,314,526
11/05/2020,LYH,VA,AEA,EN,Federal Contract Tower,4,11,29,2,46,0,0,149,0,149,4,11,178,2,195,248,0,248,443
11/06/2020,LYH,VA,AEA,EN,Federal Contract Tower,4,12,31,0,47,0,0,173,0,173,4,12,204,0,220,312,0,312,532
11/07/2020,LYH,VA,AEA,EN,Federal Contract Tower,4,6,21,6,37,0,1,95,0,96,4,7,116,6,133,124,0,124,257
11/08/2020,LYH,VA,AEA,EN,Federal Contract Tower,4,11,18,0,33,0,2,32,0,34,4,13,50,0,67,28,0,28,95
11/09/2020,LYH,VA,AEA,EN,Federal Contract Tower,5,8,30,0,43,0,0,118,0,118,5,8,148,0,161,252,0,252,413
11/10/2020,LYH,VA,AEA,EN,Federal Contract Tower,1,10,29,9,49,0,2,84,0,86,1,12,113,9,135,228,2,230,365
11/11/2020,LYH,VA,AEA,EN,Federal Contract Tower,2,4,7,0,13,0,0,0,0,0,2,4,7,0,13,0,0,0,13
11/12/2020,LYH,VA,AEA,EN,Federal Contract Tower,4,6,22,0,32,0,0,3,0,3,4,6,25,0,35,20,0,20,55
11/13/2020,LYH,VA,AEA,EN,Federal Contract Tower,4,7,59,4,74,0,0,146,0,146,4,7,205,4,220,218,0,218,438
11/14/2020,LYH,VA,AEA,EN,Federal Contract Tower,4,9,19,0,32,0,0,117,0,117,4,9,136,0,149,152,0,152,301
11/15/2020,LYH,VA,AEA,EN,Federal Contract Tower,5,8,7,0,20,0,0,1,0,1,5,8,8,0,21,0,0,0,21
11/16/2020,LYH,VA,AEA,EN,Federal Contract Tower,4,9,31,0,44,0,2,103,0,105,4,11,134,0,149,252,0,252,401
11/17/2020,LYH,VA,AEA,EN,Federal Contract Tower,2,9,18,0,29,0,4,33,0,37,2,13,51,0,66,42,0,42,108
11/18/2020,LYH,VA,AEA,EN,Federal Contract Tower,2,7,35,1,45,0,0,173,8,181,2,7,208,9,226,366,0,366,592
11/19/2020,LYH,VA,AEA,EN,Federal Contract Tower,4,7,27,0,38,0,0,127,0,127,4,7,154,0,165,232,0,232,397
11/20/2020,LYH,VA,AEA,EN,Federal Contract Tower,4,5,27,5,41,0,2,130,1,133,4,7,157,6,174,226,0,226,400
11/21/2020,LYH,VA,AEA,EN,Federal Contract Tower,4,6,20,2,32,0,0,119,4,123,4,6,139,6,155,164,0,164,319
11/22/2020,LYH,VA,AEA,EN,Federal Contract Tower,4,8,14,0,26,0,0,38,0,38,4,8,52,0,64,60,0,60,124
11/23/2020,LYH,VA,AEA,EN,Federal Contract Tower,2,6,18,0,26,0,2,88,2,92,2,8,106,2,118,226,0,226,344
11/24/2020,LYH,VA,AEA,EN,Federal Contract Tower,4,8,28,2,42,0,2,137,0,139,4,10,165,2,181,238,0,238,419
11/25/2020,LYH,VA,AEA,EN,Federal Contract Tower,4,11,26,0,41,0,0,67,0,67,4,11,93,0,108,190,0,190,298
11/26/2020,LYH,VA,AEA,EN,Federal Contract Tower,1,2,1,0,4,0,0,5,0,5,1,2,6,0,9,0,0,0,9
11/27/2020,LYH,VA,AEA,EN,Federal Contract Tower,5,4,6,0,15,0,0,42,0,42,5,4,48,0,57,14,0,14,71
11/28/2020,LYH,VA,AEA,EN,Federal Contract Tower,5,6,7,0,18,0,0,44,4,48,5,6,51,4,66,46,0,46,112
11/29/2020,LYH,VA,AEA,EN,Federal Contract Tower,4,13,17,0,34,0,2,16,5,23,4,15,33,5,57,16,0,16,73
11/30/2020,LYH,VA,AEA,EN,Federal Contract Tower,4,8,6,0,18,0,3,13,0,16,4,11,19,0,34,8,0,8,42
12/01/2020,LYH,VA,AEA,EN,Federal Contract Tower,6,17,6,4,33,0,4,38,0,42,6,21,44,4,75,60,6,66,141
12/02/2020,LYH,VA,AEA,EN,Federal Contract Tower,2,9,17,0,28,0,0,138,2,140,2,9,155,2,168,280,34,314,482
12/03/2020,LYH,VA,AEA,EN,Federal Contract Tower,2,9,38,0,49,0,2,158,2,162,2,11,196,2,211,338,0,338,549
12/04/2020,LYH,VA,AEA,EN,Federal Contract Tower,4,9,8,0,21,0,1,80,0,81,4,10,88,0,102,250,0,250,352
12/05/2020,LYH,VA,AEA,EN,Federal Contract Tower,4,7,10,0,21,0,0,47,4,51,4,7,57,4,72,52,0,52,124
12/06/2020,LYH,VA,AEA,EN,Federal Contract Tower,3,12,11,0,26,0,2,30,3,35,3,14,41,3,61,40,0,40,101
12/07/2020,LYH,VA,AEA,EN,Federal Contract Tower,2,12,3,0,17,0,0,12,0,12,2,12,15,0,29,70,0,70,99
12/08/2020,LYH,VA,AEA,EN,Federal Contract Tower,2,8,21,0,31,0,1,143,0,144,2,9,164,0,175,278,0,278,453
12/10/2020,LYH,VA,AEA,EN,Federal Contract Tower,3,10,36,2,51,0,0,145,3,148,3,10,181,5,199,252,0,252,451
12/11/2020,LYH,VA,AEA,EN,Federal Contract Tower,2,11,29,2,44,0,0,106,0,106,2,11,135,2,150,210,0,210,360
12/12/2020,LYH,VA,AEA,EN,Federal Contract Tower,1,4,16,0,21,0,2,64,0,66,1,6,80,0,87,134,0,134,221
12/13/2020,LYH,VA,AEA,EN,Federal Contract Tower,2,10,15,0,27,0,0,30,0,30,2,10,45,0,57,22,0,22,79
12/14/2020,LYH,VA,AEA,EN,Federal Contract Tower,2,11,9,0,22,0,1,9,0,10,2,12,18,0,32,30,0,30,62
12/15/2020,LYH,VA,AEA,EN,Federal Contract Tower,2,6,44,3,55,0,0,138,2,140,2,6,182,5,195,232,0,232,427
12/16/2020,LYH,VA,AEA,EN,Federal Contract Tower,2,3,0,0,5,0,0,0,0,0,2,3,0,0,5,0,0,0,5
12/17/2020,LYH,VA,AEA,EN,Federal Contract Tower,0,10,12,0,22,0,0,15,0,15,0,10,27,0,37,34,0,34,71
12/18/2020,LYH,VA,AEA,EN,Federal Contract Tower,0,8,33,0,41,0,0,125,0,125,0,8,158,0,166,180,0,180,346
12/19/2020,LYH,VA,AEA,EN,Federal Contract Tower,0,8,20,0,28,0,0,93,0,93,0,8,113,0,121,86,0,86,207
12/20/2020,LYH,VA,AEA,EN,Federal Contract Tower,0,10,3,0,13,0,0,0,0,0,0,10,3,0,13,0,0,0,13
12/21/2020,LYH,VA,AEA,EN,Federal Contract Tower,0,11,25,2,38,0,2,67,1,70,0,13,92,3,108,166,0,166,274
12/22/2020,LYH,VA,AEA,EN,Federal Contract Tower,0,11,20,0,31,0,4,53,0,57,0,15,73,0,88,108,0,108,196
12/23/2020,LYH,VA,AEA,EN,Federal Contract Tower,0,12,10,0,22,0,3,65,0,68,0,15,75,0,90,142,0,142,232
12/24/2020,LYH,VA,AEA,EN,Federal Contract Tower,0,8,1,0,9,0,0,0,0,0,0,8,1,0,9,0,0,0,9
12/25/2020,LYH,VA,AEA,EN,Federal Contract Tower,2,5,4,0,11,0,0,4,0,4,2,5,8,0,15,0,0,0,15
12/26/2020,LYH,VA,AEA,EN,Federal Contract Tower,0,10,11,0,21,0,1,50,0,51,0,11,61,0,72,2,0,2,74
12/27/2020,LYH,VA,AEA,EN,Federal Contract Tower,0,8,11,0,19,0,0,27,0,27,0,8,38,0,46,42,0,42,88
12/28/2020,LYH,VA,AEA,EN,Federal Contract Tower,0,11,5,0,16,0,0,25,0,25,0,11,30,0,41,16,0,16,57
12/29/2020,LYH,VA,AEA,EN,Federal Contract Tower,0,20,10,0,30,0,0,63,2,65,0,20,73,2,95,54,0,54,149
12/30/2020,LYH,VA,AEA,EN,Federal Contract Tower,0,10,17,3,30,0,3,42,0,45,0,13,59,3,75,80,0,80,155
12/31/2020,LYH,VA,AEA,EN,Federal Contract Tower,0,10,11,0,21,0,2,21,0,23,0,12,32,0,44,48,0,48,92
01/01/2021,LYH,VA,AEA,EN,Federal Contract Tower,0,4,0,0,4,0,0,0,0,0,0,4,0,0,4,0,0,0,4
01/02/2021,LYH,VA,AEA,EN,Federal Contract Tower,0,11,10,0,21,0,0,31,0,31,0,11,41,0,52,60,0,60,112
01/03/2021,LYH,VA,AEA,EN,Federal Contract Tower,0,10,17,0,27,0,0,2,0,2,0,10,19,0,29,0,0,0,29
01/04/2021,LYH,VA,AEA,EN,Federal Contract Tower,0,8,19,2,29,0,0,71,0,71,0,8,90,2,100,144,0,144,244
01/05/2021,LYH,VA,AEA,EN,Federal Contract Tower,0,8,25,2,35,0,0,80,0,80,0,8,105,2,115,156,0,156,271
01/06/2021,LYH,VA,AEA,EN,Federal Contract Tower,0,7,46,0,53,0,1,108,0,109,0,8,154,0,162,228,0,228,390
01/07/2021,LYH,VA,AEA,EN,Federal Contract Tower,0,10,19,5,34,0,0,98,2,100,0,10,117,7,134,180,8,188,322
01/08/2021,LYH,VA,AEA,EN,Federal Contract Tower,0,11,10,0,21,0,2,31,0,33,0,13,41,0,54,70,0,70,124
01/09/2021,LYH,VA,AEA,EN,Federal Contract Tower,0,7,18,0,25,0,0,42,0,42,0,7,60,0,67,50,0,50,117
01/10/2021,LYH,VA,AEA,EN,Federal Contract Tower,0,14,4,0,18,0,0,34,0,34,0,14,38,0,52,60,0,60,112
01/11/2021,LYH,VA,AEA,EN,Federal Contract Tower,0,9,1,2,12,0,4,21,0,25,0,13,22,2,37,104,0,104,141
01/12/2021,LYH,VA,AEA,EN,Federal Contract Tower,0,8,17,5,30,0,4,100,4,108,0,12,117,9,138,182,18,200,338
01/13/2021,LYH,VA,AEA,EN,Federal Contract Tower,0,7,25,0,32,0,2,103,2,107,0,9,128,2,139,176,0,176,315
01/14/2021,LYH,VA,AEA,EN,Federal Contract Tower,0,11,21,0,32,0,4,116,0,120,0,15,137,0,152,256,0,256,408
01/15/2021,LYH,VA,AEA,EN,Federal Contract Tower,0,10,4,3,17,0,0,9,1,10,0,10,13,4,27,14,22,36,63
01/16/2021,LYH,VA,AEA,EN,Federal Contract Tower,0,9,3,0,12,0,2,6,0,8,0,11,9,0,20,2,0,2,22
01/17/2021,LYH,VA,AEA,EN,Federal Contract Tower,0,14,11,0,25,0,1,33,0,34,0,15,44,0,59,54,0,54,113
01/18/2021,LYH,VA,AEA,EN,Federal Contract Tower,0,15,11,0,26,0,0,38,0,38,0,15,49,0,64,52,0,52,116
01/19/2021,LYH,VA,AEA,EN,Federal Contract Tower,0,6,19,4,29,0,0,100,0,100,0,6,119,4,129,126,4,130,259
01/20/2021,LYH,VA,AEA,EN,Federal Contract Tower,0,8,18,0,26,0,0,52,0,52,0,8,70,0,78,46,0,46,124
01/21/2021,LYH,VA,AEA,EN,Federal Contract Tower,0,9,21,2,32,0,1,88,4,93,0,10,109,6,125,160,18,178,303
01/22/2021,LYH,VA,AEA,EN,Federal Contract Tower,0,11,27,2,40,0,0,64,3,67,0,11,91,5,107,44,0,44,151
01/23/2021,LYH,VA,AEA,EN,Federal Contract Tower,0,6,12,9,27,0,2,62,0,64,0,8,74,9,91,110,4,114,205
01/24/2021,LYH,VA,AEA,EN,Federal Contract Tower,0,11,9,2,22,0,0,38,0,38,0,11,47,2,60,60,0,60,120
01/25/2021,LYH,VA,AEA,EN,Federal Contract Tower,0,11,2,0,13,0,0,11,0,11,0,11,13,0,24,12,0,12,36
01/27/2021,LYH,VA,AEA,EN,Federal Contract Tower,0,10,33,4,47,0,0,150,0,150,0,10,183,4,197,312,0,312,509
01/28/2021,LYH,VA,AEA,EN,Federal Contract Tower,0,10,37,0,47,0,0,77,0,77,0,10,114,0,124,80,0,80,204
01/29/2021,LYH,VA,AEA,EN,Federal Contract Tower,0,11,54,0,65,0,0,153,2,155,0,11,207,2,220,214,0,214,434
01/30/2021,LYH,VA,AEA,EN,Federal Contract Tower,0,9,27,4,40,0,0,148,0,148,0,9,175,4,188,102,0,102,290
01/31/2021,LYH,VA,AEA,EN,Federal Contract Tower,0,10,1,0,11,0,0,0,0,0,0,10,1,0,11,0,0,0,11
02/01/2021,LYH,VA,AEA,EN,Federal Contract Tower,0,12,0,2,14,0,0,3,0,3,0,12,3,2,17,0,20,20,37
02/02/2021,LYH,VA,AEA,EN,Federal Contract Tower,0,6,7,0,13,0,0,42,0,42,0,6,49,0,55,46,0,46,101
02/03/2021,LYH,VA,AEA,EN,Federal Contract Tower,0,6,25,4,35,0,1,104,2,107,0,7,129,6,142,218,2,220,362
02/04/2021,LYH,VA,AEA,EN,Federal Contract Tower,0,10,18,1,29,0,3,154,0,157,0,13,172,1,186,308,0,308,494
02/05/2021,LYH,VA,AEA,EN,Federal Contract Tower,0,14,31,4,49,0,0,67,0,67,0,14,98,4,116,114,2,116,232
02/06/2021,LYH,VA,AEA,EN,Federal Contract Tower,0,7,17,0,24,0,2,73,0,75,0,9,90,0,99,122,0,122,221
02/07/2021,LYH,VA,AEA,EN,Federal Contract Tower,0,12,8,0,20,0,0,3,0,3,0,12,11,0,23,0,0,0,23
02/08/2021,LYH,VA,AEA,EN,Federal Contract Tower,0,11,36,0,47,0,6,135,0,141,0,17,171,0,188,296,0,296,484
02/09/2021,LYH,VA,AEA,EN,Federal Contract Tower,0,7,55,2,64,0,0,118,2,120,0,7,173,4,184,316,0,316,500
02/10/2021,LYH,VA,AEA,EN,Federal Contract Tower,0,9,18,0,27,0,0,76,0,76,0,9,94,0,103,238,0,238,341
02/11/2021,LYH,VA,AEA,EN,Federal Contract Tower,0,12,3,0,15,0,0,0,0,0,0,12,3,0,15,0,0,0,15
02/12/2021,LYH,VA,AEA,EN,Federal Contract Tower,0,13,6,0,19,0,0,0,0,0,0,13,6,0,19,0,0,0,19
02/13/2021,LYH,VA,AEA,EN,Federal Contract Tower,0,6,1,0,7,0,0,0,0,0,0,6,1,0,7,0,0,0,7
02/14/2021,LYH,VA,AEA,EN,Federal Contract Tower,0,17,2,0,19,0,0,0,0,0,0,17,2,0,19,0,0,0,19
02/15/2021,LYH,VA,AEA,EN,Federal Contract Tower,0,15,4,0,19,0,0,0,0,0,0,15,4,0,19,0,0,0,19
02/16/2021,LYH,VA,AEA,EN,Federal Contract Tower,0,8,23,2,33,0,3,26,0,29,0,11,49,2,62,48,2,50,112
02/17/2021,LYH,VA,AEA,EN,Federal Contract Tower,0,10,71,0,81,0,0,188,0,188,0,10,259,0,269,450,0,450,719
02/18/2021,LYH,VA,AEA,EN,Federal Contract Tower,0,5,0,0,5,0,0,0,0,0,0,5,0,0,5,0,0,0,5
02/19/2021,LYH,VA,AEA,EN,Federal Contract Tower,0,10,7,0,17,0,0,4,0,4,0,10,11,0,21,10,0,10,31
02/20/2021,LYH,VA,AEA,EN,Federal Contract Tower,0,6,41,1,48,0,0,125,2,127,0,6,166,3,175,246,0,246,421
02/21/2021,LYH,VA,AEA,EN,Federal Contract Tower,0,12,11,4,27,0,4,45,0,49,0,16,56,4,76,88,0,88,164
02/22/2021,LYH,VA,AEA,EN,Federal Contract Tower,0,10,13,0,23,0,0,19,0,19,0,10,32,0,42,64,0,64,106
02/23/2021,LYH,VA,AEA,EN,Federal Contract Tower,0,7,20,0,27,0,0,70,0,70,0,7,90,0,97,144,0,144,241
02/24/2021,LYH,VA,AEA,EN,Federal Contract Tower,0,11,53,8,72,0,1,132,0,133,0,12,185,8,205,354,0,354,559
02/25/2021,LYH,VA,AEA,EN,Federal Contract Tower,0,10,65,0,75,0,0,173,0,173,0,10,238,0,248,400,0,400,648
02/26/2021,LYH,VA,AEA,EN,Federal Contract Tower,0,10,14,4,28,0,1,21,2,24,0,11,35,6,52,32,4,36,88
02/27/2021,LYH,VA,AEA,EN,Federal Contract Tower,0,7,11,0,18,0,0,6,0,6,0,7,17,0,24,8,0,8,32
02/28/2021,LYH,VA,AEA,EN,Federal Contract Tower,0,7,0,0,7,0,0,0,0,0,0,7,0,0,7,0,0,0,7
03/01/2021,LYH,VA,AEA,EN,Federal Contract Tower,0,9,15,0,24,0,0,35,0,35,0,9,50,0,59,52,0,52,111
03/02/2021,LYH,VA,AEA,EN,Federal Contract Tower,0,7,40,0,47,0,0,185,1,186,0,7,225,1,233,388,0,388,621
03/03/2021,LYH,VA,AEA,EN,Federal Contract Tower,0,9,49,1,59,0,5,191,11,207,0,14,240,12,266,396,10,406,672
03/04/2021,LYH,VA,AEA,EN,Federal Contract Tower,0,10,27,0,37,0,1,90,2,93,0,11,117,2,130,214,0,214,344
03/05/2021,LYH,VA,AEA,EN,Federal Contract Tower,0,13,19,0,32,0,1,111,0,112,0,14,130,0,144,266,0,266,410
03/06/2021,LYH,VA,AEA,EN,Federal Contract Tower,0,15,23,0,38,0,0,101,12,113,0,15,124,12,151,212,0,212,363
03/07/2021,LYH,VA,AEA,EN,Federal Contract Tower,0,13,15,0,28,0,1,53,0,54,0,14,68,0,82,30,0,30,112
03/08/2021,LYH,VA,AEA,EN,Federal Contract Tower,0,13,21,2,36,0,4,149,0,153,0,17,170,2,189,242,0,242,431
03/09/2021,LYH,VA,AEA,EN,Federal Contract Tower,0,10,40,2,52,0,0,188,0,188,0,10,228,2,240,418,12,430,670
03/10/2021,LYH,VA,AEA,EN,Federal Contract Tower,0,11,42,1,54,0,4,162,5,171,0,15,204,6,225,290,0,290,515
03/11/2021,LYH,VA,AEA,EN,Federal Contract Tower,0,15,35,4,54,0,0,107,0,107,0,15,142,4,161,226,2,228,389
03/12/2021,LYH,VA,AEA,EN,Federal Contract Tower,0,15,31,0,46,0,0,130,0,130,0,15,161,0,176,244,0,244,420
03/13/2021,LYH,VA,AEA,EN,Federal Contract Tower,2,13,25,0,40,0,1,74,0,75,2,14,99,0,115,88,0,88,203
03/14/2021,LYH,VA,AEA,EN,Federal Contract Tower,0,18,17,4,39,0,0,26,0,26,0,18,43,4,65,22,0,22,87
03/15/2021,LYH,VA,AEA,EN,Federal Contract Tower,0,12,18,6,36,0,4,98,4,106,0,16,116,10,142,150,18,168,310
03/16/2021,LYH,VA,AEA,EN,Federal Contract Tower,0,10,6,0,16,0,0,0,0,0,0,10,6,0,16,0,0,0,16
03/17/2021,LYH,VA,AEA,EN,Federal Contract Tower,0,14,32,0,46,0,0,11,0,11,0,14,43,0,57,74,0,74,131
03/18/2021,LYH,VA,AEA,EN,Federal Contract Tower,0,12,7,0,19,0,0,0,0,0,0,12,7,0,19,0,0,0,19
03/20/2021,LYH,VA,AEA,EN,Federal Contract Tower,0,14,32,1,47,0,0,104,1,105,0,14,136,2,152,242,0,242,394
03/21/2021,LYH,VA,AEA,EN,Federal Contract Tower,0,14,17,2,33,0,4,38,0,42,0,18,55,2,75,42,0,42,117
03/22/2021,LYH,VA,AEA,EN,Federal Contract Tower,0,13,38,3,54,0,4,171,13,188,0,17,209,16,242,442,24,466,708
03/23/2021,LYH,VA,AEA,EN,Federal Contract Tower,0,10,74,0,84,0,0,29,0,29,0,10,103,0,113,80,0,80,193
03/24/2021,LYH,VA,AEA,EN,Federal Contract Tower,0,11,45,6,62,0,0,10,0,10,0,11,55,6,72,90,0,90,162
03/25/2021,LYH,VA,AEA,EN,Federal Contract Tower,0,18,38,0,56,0,0,28,0,28,0,18,66,0,84,90,0,90,174
03/26/2021,LYH,VA,AEA,EN,Federal Contract Tower,0,19,31,8,58,0,3,67,2,72,0,22,98,10,130,168,0,168,298
03/27/2021,LYH,VA,AEA,EN,Federal Contract Tower,0,18,17,0,35,0,3,83,2,88,0,21,100,2,123,144,0,144,267
03/28/2021,LYH,VA,AEA,EN,Federal Contract Tower,0,14,5,0,19,0,0,0,0,0,0,14,5,0,19,0,0,0,19
03/29/2021,LYH,VA,AEA,EN,Federal Contract Tower,0,13,40,0,53,0,1,161,4,166,0,14,201,4,219,380,16,396,615
03/30/2021,LYH,VA,AEA,EN,Federal Contract Tower,0,12,31,2,45,0,0,179,0,179,0,12,210,2,224,350,0,350,574
03/31/2021,LYH,VA,AEA,EN,Federal Contract Tower,0,13,18,0,31,0,0,2,1,3,0,13,20,1,34,20,0,20,54
04/01/2021,LYH,VA,AEA,EN,Federal Contract Tower,0,15,40,4,59,0,0,66,0,66,0,15,106,4,125,122,18,140,265
04/02/2021,LYH,VA,AEA,EN,Federal Contract Tower,0,10,23,6,39,0,0,43,0,43,0,10,66,6,82,26,0,26,108
04/03/2021,LYH,VA,AEA,EN,Federal Contract Tower,0,12,11,0,23,0,0,46,0,46,0,12,57,0,69,66,0,66,135
04/04/2021,LYH,VA,AEA,EN,Federal Contract Tower,0,9,15,0,24,0,0,10,0,10,0,9,25,0,34,20,0,20,54
04/05/2021,LYH,VA,AEA,EN,Federal Contract Tower,0,16,16,0,32,0,4,38,2,44,0,20,54,2,76,42,24,66,142
04/06/2021,LYH,VA,AEA,EN,Federal Contract Tower,0,14,35,2,51,0,0,157,0,157,0,14,192,2,208,338,2,340,548
04/07/2021,LYH,VA,AEA,EN,Federal Contract Tower,0,13,51,0,64,0,0,204,4,208,0,13,255,4,272,386,2,388,660
04/08/2021,LYH,VA,AEA,EN,Federal Contract Tower,0,14,21,4,39,0,0,93,4,97,0,14,114,8,136,162,0,162,298
04/09/2021,LYH,VA,AEA,EN,Federal Contract Tower,0,13,24,0,37,0,0,10,0,10,0,13,34,0,47,74,0,74,121
04/10/2021,LYH,VA,AEA,EN,Federal Contract Tower,0,10,8,0,18,0,1,7,0,8,0,11,15,0,26,8,0,8,34
04/11/2021,LYH,VA,AEA,EN,Federal Contract Tower,0,12,13,0,25,0,2,14,0,16,0,14,27,0,41,0,0,0,41
04/12/2021,LYH,VA,AEA,EN,Federal Contract Tower,0,18,32,14,64,0,0,158,8,166,0,18,190,22,230,224,38,262,492
04/13/2021,LYH,VA,AEA,EN,Federal Contract Tower,0,13,67,4,84,0,0,178,0,178,0,13,245,4,262,326,2,328,590
04/14/2021,LYH,VA,AEA,EN,Federal Contract Tower,0,21,34,0,55,0,0,116,2,118,0,21,150,2,173,248,0,248,421
04/15/2021,LYH,VA,AEA,EN,Federal Contract Tower,0,16,38,0,54,0,0,112,0,112,0,16,150,0,166,262,0,262,428
04/16/2021,LYH,VA,AEA,EN,Federal Contract Tower,0,11,32,5,48,0,0,105,2,107,0,11,137,7,155,214,0,214,369
04/17/2021,LYH,VA,AEA,EN,Federal Contract Tower,0,12,9,6,27,0,0,69,0,69,0,12,78,6,96,104,0,104,200
04/18/2021,LYH,VA,AEA,EN,Federal Contract Tower,0,11,22,3,36,0,2,48,0,50,0,13,70,3,86,36,0,36,122
04/19/2021,LYH,VA,AEA,EN,Federal Contract Tower,0,16,25,1,42,0,0,102,1,103,0,16,127,2,145,278,0,278,423
04/20/2021,LYH,VA,AEA,EN,Federal Contract Tower,0,16,28,0,44,0,0,1,0,1,0,16,29,0,45,294,0,294,339
04/21/2021,LYH,VA,AEA,EN,Federal Contract Tower,0,25,10,0,35,0,5,28,0,33,0,30,38,0,68,46,0,46,114
04/22/2021,LYH,VA,AEA,EN,Federal Contract Tower,0,18,19,0,37,0,0,79,8,87,0,18,98,8,124,100,0,100,224
04/23/2021,LYH,VA,AEA,EN,Federal Contract Tower,0,14,48,0,62,0,3,182,0,185,0,17,230,0,247,266,0,266,513
04/24/2021,LYH,VA,AEA,EN,Federal Contract Tower,0,15,10,0,25,0,0,35,0,35,0,15,45,0,60,48,0,48,108
04/25/2021,LYH,VA,AEA,EN,Federal Contract Tower,0,13,17,0,30,0,2,24,0,26,0,15,41,0,56,12,0,12,68
04/26/2021,LYH,VA,AEA,EN,Federal Contract Tower,0,11,33,8,52,0,2,152,1,155,0,13,185,9,207,406,0,406,613
04/27/2021,LYH,VA,AEA,EN,Federal Contract Tower,0,12,40,0,52,0,1,147,0,148,0,13,187,0,200,300,0,300,500
04/28/2021,LYH,VA,AEA,EN,Federal Contract Tower,0,14,37,1,52,0,0,162,1,163,0,14,199,2,215,344,0,344,559
04/29/2021,LYH,VA,AEA,EN,Federal Contract Tower,0,15,23,18,56,0,0,75,6,81,0,15,98,24,137,214,20,234,371
04/30/2021,LYH,VA,AEA,EN,Federal Contract Tower,0,11,10,0,21,0,0,18,0,18,0,11,28,0,39,2,0,2,41
05/01/2021,LYH,VA,AEA,EN,Federal Contract Tower,0,16,25,4,45,0,3,108,0,111,0,19,133,4,156,250,0,250,406
05/02/2021,LYH,VA,AEA,EN,Federal Contract Tower,0,11,23,0,34,0,2,38,2,42,0,13,61,2,76,40,0,40,116
05/03/2021,LYH,VA,AEA,EN,Federal Contract Tower,0,10,12,0,22,0,0,10,0,10,0,10,22,0,32,32,0,32,64
05/04/2021,LYH,VA,AEA,EN,Federal Contract Tower,0,9,25,0,34,0,0,61,0,61,0,9,86,0,95,188,0,188,283
05/05/2021,LYH,VA,AEA,EN,Federal Contract Tower,0,12,12,4,28,0,0,71,2,73,0,12,83,6,101,112,0,112,213
05/06/2021,LYH,VA,AEA,EN,Federal Contract Tower,0,11,42,0,53,0,0,192,2,194,0,11,234,2,247,246,10,256,503
05/07/2021,LYH,VA,AEA,EN,Federal Contract Tower,0,11,21,0,32,0,0,78,0,78,0,11,99,0,110,146,0,146,256
05/08/2021,LYH,VA,AEA,EN,Federal Contract Tower,0,12,20,0,32,0,0,48,0,48,0,12,68,0,80,40,0,40,120
05/09/2021,LYH,VA,AEA,EN,Federal Contract Tower,0,11,14,0,25,0,2,30,0,32,0,13,44,0,57,2,0,2,59
05/10/2021,LYH,VA,AEA,EN,Federal Contract Tower,0,17,26,4,47,0,2,138,0,140,0,19,164,4,187,328,2,330,517
05/11/2021,LYH,VA,AEA,EN,Federal Contract Tower,0,12,28,2,42,0,2,173,0,175,0,14,201,2,217,286,16,302,519
05/12/2021,LYH,VA,AEA,EN,Federal Contract Tower,1,17,23,4,45,0,0,114,4,118,1,17,137,8,163,222,24,246,409
05/13/2021,LYH,VA,AEA,EN,Federal Contract Tower,0,12,21,0,33,0,0,57,0,57,0,12,78,0,90,38,0,38,128
05/14/2021,LYH,VA,AEA,EN,Federal Contract Tower,0,11,20,2,33,0,0,77,2,79,0,11,97,4,112,96,2,98,210
05/15/2021,LYH,VA,AEA,EN,Federal Contract Tower,0,17,23,0,40,0,2,60,0,62,0,19,83,0,102,106,0,106,208
05/16/2021,LYH,VA,AEA,EN,Federal Contract Tower,0,13,9,0,22,0,4,9,2,15,0,17,18,2,37,0,0,0,37
05/17/2021,LYH,VA,AEA,EN,Federal Contract Tower,0,15,25,0,40,0,0,126,0,126,0,15,151,0,166,348,0,348,514
05/18/2021,LYH,VA,AEA,EN,Federal Contract Tower,0,14,37,0,51,0,4,141,0,145,0,18,178,0,196,306,0,306,502
05/19/2021,LYH,VA,AEA,EN,Federal Contract Tower,0,17,41,1,59,0,0,151,1,152,0,17,192,2,211,234,2,236,447
05/20/2021,LYH,VA,AEA,EN,Federal Contract Tower,0,16,20,0,36,0,0,133,0,133,0,16,153,0,169,240,0,240,409
05/21/2021,LYH,VA,AEA,EN,Federal Contract Tower,0,15,28,0,43,0,0,146,0,146,0,15,174,0,189,302,0,302,491
05/22/2021,LYH,VA,AEA,EN,Federal Contract Tower,0,14,12,0,26,0,1,70,2,73,0,15,82,2,99,122,0,122,221
05/23/2021,LYH,VA,AEA,EN,Federal Contract Tower,0,12,19,0,31,0,2,42,0,44,0,14,61,0,75,10,0,10,85
05/24/2021,LYH,VA,AEA,EN,Federal Contract Tower,0,12,13,0,25,0,4,92,0,96,0,16,105,0,121,286,0,286,407
05/25/2021,LYH,VA,AEA,EN,Federal Contract Tower,0,15,27,2,44,0,0,89,0,89,0,15,116,2,133,312,0,312,445
05/26/2021,LYH,VA,AEA,EN,Federal Contract Tower,0,14,34,0,48,0,0,111,0,111,0,14,145,0,159,208,0,208,367
05/27/2021,LYH,VA,AEA,EN,Federal Contract Tower,0,11,39,0,50,0,4,155,1,160,0,15,194,1,210,246,0,246,456
05/28/2021,LYH,VA,AEA,EN,Federal Contract Tower,0,13,34,0,47,0,0,71,0,71,0,13,105,0,118,136,0,136,254
05/29/2021,LYH,VA,AEA,EN,Federal Contract Tower,0,13,9,0,22,0,0,0,0,0,0,13,9,0,22,0,0,0,22
05/30/2021,LYH,VA,AEA,EN,Federal Contract Tower,0,11,10,0,21,0,0,5,0,5,0,11,15,0,26,32,0,32,58
05/31/2021,LYH,VA,AEA,EN,Federal Contract Tower,0,14,13,4,31,0,1,71,1,73,0,15,84,5,104,66,0,66,170
06/01/2021,LYH,VA,AEA,EN,Federal Contract Tower,0,11,19,1,31,0,0,162,0,162,0,11,181,1,193,354,0,354,547
06/02/2021,LYH,VA,AEA,EN,Federal Contract Tower,0,14,43,0,57,0,0,110,2,112,0,14,153,2,169,252,6,258,427
06/03/2021,LYH,VA,AEA,EN,Federal Contract Tower,0,11,15,0,26,0,0,21,0,21,0,11,36,0,47,126,0,126,173
06/04/2021,LYH,VA,AEA,EN,Federal Contract Tower,0,11,47,3,61,0,0,115,1,116,0,11,162,4,177,346,8,354,531
06/05/2021,LYH,VA,AEA,EN,Federal Contract Tower,0,7,18,0,25,0,0,82,0,82,0,7,100,0,107,162,0,162,269
06/06/2021,LYH,VA,AEA,EN,Federal Contract Tower,0,12,10,0,22,0,2,24,0,26,0,14,34,0,48,28,0,28,76
06/07/2021,LYH,VA,AEA,EN,Federal Contract Tower,0,7,27,0,34,0,2,46,0,48,0,9,73,0,82,160,0,160,242
06/08/2021,LYH,VA,AEA,EN,Federal Contract Tower,0,10,32,0,42,0,0,49,2,51,0,10,81,2,93,144,0,144,237
06/09/2021,LYH,VA,AEA,EN,Federal Contract Tower,0,8,24,0,32,0,6,77,0,83,0,14,101,0,115,184,0,184,299
06/10/2021,LYH,VA,AEA,EN,Federal Contract Tower,0,12,14,0,26,0,0,9,0,9,0,12,23,0,35,62,0,62,97
06/11/2021,LYH,VA,AEA,EN,Federal Contract Tower,0,9,19,1,29,0,0,4,0,4,0,9,23,1,33,30,0,30,63
06/12/2021,LYH,VA,AEA,EN,Federal Contract Tower,0,7,17,0,24,0,0,6,0,6,0,7,23,0,30,40,0,40,70
06/13/2021,LYH,VA,AEA,EN,Federal Contract Tower,0,11,12,0,23,0,0,22,0,22,0,11,34,0,45,44,0,44,89
06/14/2021,LYH,VA,AEA,EN,Federal Contract Tower,0,8,51,0,59,0,0,132,0,132,0,8,183,0,191,298,0,298,489
06/15/2021,LYH,VA,AEA,EN,Federal Contract Tower,0,9,35,4,48,0,1,114,4,119,0,10,149,8,167,330,0,330,497
06/16/2021,LYH,VA,AEA,EN,Federal Contract Tower,0,8,29,2,39,0,1,143,0,144,0,9,172,2,183,300,16,316,499
06/17/2021,LYH,VA,AEA,EN,Federal Contract Tower,0,10,25,0,35,0,0,120,0,120,0,10,145,0,155,224,0,224,379
06/18/2021,LYH,VA,AEA,EN,Federal Contract Tower,0,8,33,0,41,0,0,150,0,150,0,8,183,0,191,222,0,222,413
06/19/2021,LYH,VA,AEA,EN,Federal Contract Tower,0,9,20,0,29,0,0,52,0,52,0,9,72,0,81,104,0,104,185
06/21/2021,LYH,VA,AEA,EN,Federal Contract Tower,0,10,19,3,32,0,1,88,6,95,0,11,107,9,127,274,0,274,401
06/22/2021,LYH,VA,AEA,EN,Federal Contract Tower,0,10,13,2,25,0,0,54,2,56,0,10,67,4,81,212,50,262,343
06/23/2021,LYH,VA,AEA,EN,Federal Contract Tower,0,11,33,2,46,0,0,125,6,131,0,11,158,8,177,364,4,368,545
06/24/2021,LYH,VA,AEA,EN,Federal Contract Tower,0,10,28,2,40,0,4,109,0,113,0,14,137,2,153,180,0,180,333
06/25/2021,LYH,VA,AEA,EN,Federal Contract Tower,0,12,36,4,52,0,0,108,10,118,0,12,144,14,170,206,6,212,382
06/26/2021,LYH,VA,AEA,EN,Federal Contract Tower,0,9,9,1,19,0,0,26,2,28,0,9,35,3,47,24,14,38,85
06/27/2021,LYH,VA,AEA,EN,Federal Contract Tower,0,15,31,0,46,0,0,27,0,27,0,15,58,0,73,28,0,28,101
06/28/2021,LYH,VA,AEA,EN,Federal Contract Tower,0,9,15,0,24,0,0,93,4,97,0,9,108,4,121,290,0,290,411
06/29/2021,LYH,VA,AEA,EN,Federal Contract Tower,0,12,43,4,59,0,3,117,0,120,0,15,160,4,179,300,0,300,479
06/30/2021,LYH,VA,AEA,EN,Federal Contract Tower,0,10,24,3,37,0,0,117,0,117,0,10,141,3,154,256,0,256,410
07/01/2021,LYH,VA,AEA,EN,Federal Contract Tower,0,11,27,2,40,0,1,46,0,47,0,12,73,2,87,74,2,76,163
07/02/2021,LYH,VA,AEA,EN,Federal Contract Tower,0,12,22,0,34,0,0,60,0,60,0,12,82,0,94,180,0,180,274
07/03/2021,LYH,VA,AEA,EN,Federal Contract Tower,0,9,8,0,17,0,1,48,0,49,0,10,56,0,66,8,0,8,74
07/04/2021,LYH,VA,AEA,EN,Federal Contract Tower,0,6,3,0,9,0,0,27,0,27,0,6,30,0,36,20,0,20,56
07/05/2021,LYH,VA,AEA,EN,Federal Contract Tower,0,9,10,0,19,0,6,38,0,44,0,15,48,0,63,14,0,14,77
07/06/2021,LYH,VA,AEA,EN,Federal Contract Tower,0,11,23,2,36,0,96,2,0,98,0,107,25,2,134,170,6,176,310
07/07/2021,LYH,VA,AEA,EN,Federal Contract Tower,0,13,28,2,43,0,0,122,1,123,0,13,150,3,166,240,0,240,406
07/08/2021,LYH,VA,AEA,EN,Federal Contract Tower,0,8,20,0,28,0,2,12,0,14,0,10,32,0,42,22,0,22,64
07/09/2021,LYH,VA,AEA,EN,Federal Contract Tower,2,10,31,0,43,0,0,110,4,114,2,10,141,4,157,214,0,214,371
07/10/2021,LYH,VA,AEA,EN,Federal Contract Tower,0,8,19,0,27,0,0,45,0,45,0,8,64,0,72,56,0,56,128
07/11/2021,LYH,VA,AEA,EN,Federal Contract Tower,0,7,15,0,22,0,0,13,0,13,0,7,28,0,35,10,0,10,45
07/12/2021,LYH,VA,AEA,EN,Federal Contract Tower,0,10,40,0,50,0,2,90,3,95,0,12,130,3,145,210,0,210,355
07/13/2021,LYH,VA,AEA,EN,Federal Contract Tower,0,10,28,0,38,0,2,119,2,123,0,12,147,2,161,214,0,214,375
07/14/2021,LYH,VA,AEA,EN,Federal Contract Tower,0,11,14,0,25,0,4,98,4,106,0,15,112,4,131,172,0,172,303
07/15/2021,LYH,VA,AEA,EN,Federal Contract Tower,0,9,25,0,34,0,0,101,1,102,0,9,126,1,136,144,0,144,280
07/16/2021,LYH,VA,AEA,EN,Federal Contract Tower,0,10,18,2,30,0,0,108,1,109,0,10,126,3,139,328,0,328,467
07/17/2021,LYH,VA,AEA,EN,Federal Contract Tower,0,10,6,0,16,0,0,32,0,32,0,10,38,0,48,58,0,58,106
07/18/2021,LYH,VA,AEA,EN,Federal Contract Tower,0,9,9,0,18,0,23,0,0,23,0,32,9,0,41,2,0,2,43
07/19/2021,LYH,VA,AEA,EN,Federal Contract Tower,0,12,17,0,29,0,1,66,0,67,0,13,83,0,96,186,0,186,282
07/20/2021,LYH,VA,AEA,EN,Federal Contract Tower,0,15,24,0,39,0,0,111,0,111,0,15,135,0,150,310,0,310,460
07/21/2021,LYH,VA,AEA,EN,Federal Contract Tower,0,14,33,0,47,0,0,84,0,84,0,14,117,0,131,296,0,296,427
07/22/2021,LYH,VA,AEA,EN,Federal Contract Tower,0,9,27,0,36,0,0,131,0,131,0,9,158,0,167,228,0,228,395
07/23/2021,LYH,VA,AEA,EN,Federal Contract Tower,0,8,37,0,45,0,0,71,0,71,0,8,108,0,116,256,0,256,372
07/25/2021,LYH,VA,AEA,EN,Federal Contract Tower,0,12,11,0,23,0,0,12,0,12,0,12,23,0,35,16,0,16,51
07/26/2021,LYH,VA,AEA,EN,Federal Contract Tower,0,7,5,0,12,0,0,48,0,48,0,7,53,0,60,136,0,136,196
07/27/2021,LYH,VA,AEA,EN,Federal Contract Tower,0,11,21,3,35,0,0,102,4,106,0,11,123,7,141,238,0,238,379
07/28/2021,LYH,VA,AEA,EN,Federal Contract Tower,0,9,30,0,39,0,4,129,0,133,0,13,159,0,172,240,0,240,412
07/29/2021,LYH,VA,AEA,EN,Federal Contract Tower,0,10,27,2,39,0,0,104,3,107,0,10,131,5,146,214,0,214,360
07/30/2021,LYH,VA,AEA,EN,Federal Contract Tower,0,11,23,0,34,0,0,91,0,91,0,11,114,0,125,248,0,248,373
07/31/2021,LYH,VA,AEA,EN,Federal Contract Tower,0,14,12,0,26,0,0,41,0,41,0,14,53,0,67,68,0,68,135
08/01/2021,LYH,VA,AEA,EN,Federal Contract Tower,0,9,19,0,28,0,2,9,0,11,0,11,28,0,39,0,0,0,39
08/02/2021,LYH,VA,AEA,EN,Federal Contract Tower,0,11,24,0,35,0,2,78,0,80,0,13,102,0,115,210,0,210,325
08/03/2021,LYH,VA,AEA,EN,Federal Contract Tower,0,8,25,0,33,0,0,79,0,79,0,8,104,0,112,222,0,222,334
08/04/2021,LYH,VA,AEA,EN,Federal Contract Tower,0,10,24,8,42,0,0,105,2,107,0,10,129,10,149,226,46,272,421
08/05/2021,LYH,VA,AEA,EN,Federal Contract Tower,0,8,22,0,30,0,0,99,0,99,0,8,121,0,129,178,0,178,307
08/06/2021,LYH,VA,AEA,EN,Federal Contract Tower,0,8,34,12,54,0,3,97,1,101,0,11,131,13,155,256,0,256,411
08/07/2021,LYH,VA,AEA,EN,Federal Contract Tower,0,7,20,0,27,0,2,15,0,17,0,9,35,0,44,18,0,18,62
08/08/2021,LYH,VA,AEA,EN,Federal Contract Tower,0,9,24,0,33,0,0,25,0,25,0,9,49,0,58,2,0,2,60
08/09/2021,LYH,VA,AEA,EN,Federal Contract Tower,0,11,24,0,35,0,2,82,0,84,0,13,106,0,119,226,0,226,345
08/10/2021,LYH,VA,AEA,EN,Federal Contract Tower,0,11,31,16,58,0,0,81,5,86,0,11,112,21,144,174,6,180,324
08/11/2021,LYH,VA,AEA,EN,Federal Contract Tower,0,8,29,0,37,0,0,57,6,63,0,8,86,6,100,74,0,74,174
08/12/2021,LYH,VA,AEA,EN,Federal Contract Tower,0,9,35,0,44,0,0,95,0,95,0,9,130,0,139,196,0,196,335
08/13/2021,LYH,VA,AEA,EN,Federal Contract Tower,0,12,30,2,44,0,0,90,1,91,0,12,120,3,135,212,0,212,347
08/14/2021,LYH,VA,AEA,EN,Federal Contract Tower,0,14,22,0,36,0,0,77,0,77,0,14,99,0,113,146,0,146,259
08/15/2021,LYH,VA,AEA,EN,Federal Contract Tower,0,11,10,1,22,0,2,8,0,10,0,13,18,1,32,0,0,0,32
08/16/2021,LYH,VA,AEA,EN,Federal Contract Tower,2,14,8,0,24,0,0,2,0,2,2,14,10,0,26,0,0,0,26
08/17/2021,LYH,VA,AEA,EN,Federal Contract Tower,0,10,13,4,27,0,0,2,4,6,0,10,15,8,33,0,4,4,37
08/18/2021,LYH,VA,AEA,EN,Federal Contract Tower,2,8,13,2,25,0,0,32,6,38,2,8,45,8,63,76,0,76,139
08/19/2021,LYH,VA,AEA,EN,Federal Contract Tower,0,11,31,5,47,0,0,114,1,115,0,11,145,6,162,130,6,136,298
08/20/2021,LYH,VA,AEA,EN,Federal Contract Tower,0,8,40,1,49,0,0,22,0,22,0,8,62,1,71,16,0,16,87
08/21/2021,LYH,VA,AEA,EN,Federal Contract Tower,0,7,32,2,41,0,0,66,0,66,0,7,98,2,107,122,0,122,229
08/22/2021,LYH,VA,AEA,EN,Federal Contract Tower,0,10,19,4,33,0,2,41,0,43,0,12,60,4,76,10,0,10,86
08/23/2021,LYH,VA,AEA,EN,Federal Contract Tower,0,7,18,9,34,0,4,59,0,63,0,11,77,9,97,78,14,92,189
08/24/2021,LYH,VA,AEA,EN,Federal Contract Tower,0,14,19,8,41,0,7,69,6,82,0,21,88,14,123,144,20,164,287
08/25/2021,LYH,VA,AEA,EN,Federal Contract Tower,0,8,26,1,35,0,0,66,11,77,0,8,92,12,112,112,0,112,224
08/26/2021,LYH,VA,AEA,EN,Federal Contract Tower,0,9,17,6,32,0,0,91,12,103,0,9,108,18,135,112,0,112,247
08/27/2021,LYH,VA,AEA,EN,Federal Contract Tower,0,10,49,0,59,0,3,137,1,141,0,13,186,1,200,240,0,240,440
08/28/2021,LYH,VA,AEA,EN,Federal Contract Tower,0,12,16,2,30,0,2,84,0,86,0,14,100,2,116,140,0,140,256
08/29/2021,LYH,VA,AEA,EN,Federal Contract Tower,0,14,24,0,38,0,0,14,1,15,0,14,38,1,53,12,0,12,65
08/30/2021,LYH,VA,AEA,EN,Federal Contract Tower,0,14,15,0,29,0,0,110,0,110,0,14,125,0,139,292,0,292,431
08/31/2021,LYH,VA,AEA,EN,Federal Contract Tower,0,7,22,0,29,0,0,119,0,119,0,7,141,0,148,214,0,214,362
09/01/2021,LYH,VA,AEA,EN,Federal Contract Tower,0,6,16,0,22,0,0,7,0,7,0,6,23,0,29,24,0,24,53
09/02/2021,LYH,VA,AEA,EN,Federal Contract Tower,0,8,32,14,54,0,0,120,4,124,0,8,152,18,178,188,4,192,370
09/03/2021,LYH,VA,AEA,EN,Federal Contract Tower,0,12,41,0,53,0,3,140,0,143,0,15,181,0,196,278,0,278,474
09/04/2021,LYH,VA,AEA,EN,Federal Contract Tower,0,12,10,0,22,0,2,62,0,64,0,14,72,0,86,50,0,50,136
09/05/2021,LYH,VA,AEA,EN,Federal Contract Tower,0,7,11,0,18,0,4,17,0,21,0,11,28,0,39,2,0,2,41
09/06/2021,LYH,VA,AEA,EN,Federal Contract Tower,0,8,21,0,29,0,2,91,0,93,0,10,112,0,122,218,0,218,340
09/07/2021,LYH,VA,AEA,EN,Federal Contract Tower,0,8,38,0,46,0,0,135,0,135,0,8,173,0,181,222,0,222,403
09/08/2021,LYH,VA,AEA,EN,Federal Contract Tower,0,6,41,4,51,0,2,116,1,119,0,8,157,5,170,314,0,314,484
09/09/2021,LYH,VA,AEA,EN,Federal Contract Tower,0,11,34,0,45,0,0,102,2,104,0,11,136,2,149,260,12,272,421
09/10/2021,LYH,VA,AEA,EN,Federal Contract Tower,2,9,31,0,42,0,0,136,1,137,2,9,167,1,179,270,0,270,449
09/11/2021,LYH,VA,AEA,EN,Federal Contract Tower,0,11,15,0,26,0,0,107,0,107,0,11,122,0,133,94,0,94,227
09/12/2021,LYH,VA,AEA,EN,Federal Contract Tower,0,15,12,0,27,0,2,21,0,23,0,17,33,0,50,56,0,56,106
09/13/2021,LYH,VA,AEA,EN,Federal Contract Tower,0,12,38,4,54,0,2,119,0,121,0,14,157,4,175,216,4,220,395
09/14/2021,LYH,VA,AEA,EN,Federal Contract Tower,0,9,22,2,33,0,4,110,0,114,0,13,132,2,147,202,0,202,349
09/15/2021,LYH,VA,AEA,EN,Federal Contract Tower,0,12,21,2,35,0,0,109,1,110,0,12,130,3,145,270,6,276,421
09/16/2021,LYH,VA,AEA,EN,Federal Contract Tower,0,11,28,0,39,0,0,93,0,93,0,11,121,0,132,264,0,264,396
09/17/2021,LYH,VA,AEA,EN,Federal Contract Tower,0,13,40,3,56,0,0,46,0,46,0,13,86,3,102,232,0,232,334
09/18/2021,LYH,VA,AEA,EN,Federal Contract Tower,0,8,29,1,38,0,0,89,0,89,0,8,118,1,127,50,0,50,177
09/19/2021,LYH,VA,AEA,EN,Federal Contract Tower,0,15,25,1,41,0,2,39,0,41,0,17,64,1,82,0,0,0,82
09/20/2021,LYH,VA,AEA,EN,Federal Contract Tower,0,13,53,0,66,0,2,61,0,63,0,15,114,0,129,132,0,132,261
09/21/2021,LYH,VA,AEA,EN,Federal Contract Tower,0,6,31,0,37,0,0,0,0,0,0,6,31,0,37,0,0,0,37
09/22/2021,LYH,VA,AEA,EN,Federal Contract Tower,0,9,19,4,32,0,0,0,0,0,0,9,19,4,32,0,0,0,32
09/23/2021,LYH,VA,AEA,EN,Federal Contract Tower,2,8,30,8,48,0,2,159,2,163,2,10,189,10,211,248,2,250,461
09/24/2021,LYH,VA,AEA,EN,Federal Contract Tower,0,14,51,7,72,0,2,153,1,156,0,16,204,8,228,322,0,322,550
09/25/2021,LYH,VA,AEA,EN,Federal Contract Tower,0,10,20,0,30,0,0,75,0,75,0,10,95,0,105,126,0,126,231
09/26/2021,LYH,VA,AEA,EN,Federal Contract Tower,0,12,24,0,36,0,2,33,0,35,0,14,57,0,71,28,0,28,99
09/27/2021,LYH,VA,AEA,EN,Federal Contract Tower,0,8,20,2,30,0,8,145,1,154,0,16,165,3,184,354,0,354,538
09/28/2021,LYH,VA,AEA,EN,Federal Contract Tower,0,7,26,0,33,0,6,122,0,128,0,13,148,0,161,82,0,82,243
09/29/2021,LYH,VA,AEA,EN,Federal Contract Tower,0,12,35,0,47,0,0,116,0,116,0,12,151,0,163,184,0,184,347
09/30/2021,LYH,VA,AEA,EN,Federal Contract Tower,0,12,53,6,71,0,3,127,0,130,0,15,180,6,201,244,4,248,449
10/01/2021,LYH,VA,AEA,EN,Federal Contract Tower,2,10,25,0,37,0,2,120,0,122,2,12,145,0,159,204,2,206,365
10/02/2021,LYH,VA,AEA,EN,Federal Contract Tower,0,10,16,0,26,0,0,78,0,78,0,10,94,0,104,130,0,130,234
10/03/2021,LYH,VA,AEA,EN,Federal Contract Tower,0,12,24,0,36,0,26,4,0,30,0,38,28,0,66,16,0,16,82
10/04/2021,LYH,VA,AEA,EN,Federal Contract Tower,0,16,20,11,47,0,1,78,4,83,0,17,98,15,130,218,0,218,348
10/05/2021,LYH,VA,AEA,EN,Federal Contract Tower,0,12,28,0,40,0,0,21,2,23,0,12,49,2,63,112,0,112,175
10/06/2021,LYH,VA,AEA,EN,Federal Contract Tower,0,13,50,2,65,0,0,2,2,4,0,13,52,4,69,0,0,0,69
10/07/2021,LYH,VA,AEA,EN,Federal Contract Tower,0,11,59,0,70,0,1,27,0,28,0,12,86,0,98,122,0,122,220
10/08/2021,LYH,VA,AEA,EN,Federal Contract Tower,1,10,65,0,76,0,0,43,0,43,1,10,108,0,119,216,0,216,335
10/09/2021,LYH,VA,AEA,EN,Federal Contract Tower,1,12,10,11,34,0,0,0,1,1,1,12,10,12,35,0,0,0,35
10/10/2021,LYH,VA,AEA,EN,Federal Contract Tower,0,12,37,0,49,0,3,6,0,9,0,15,43,0,58,0,0,0,58
10/11/2021,LYH,VA,AEA,EN,Federal Contract Tower,0,11,44,2,57,0,3,87,0,90,0,14,131,2,147,318,0,318,465
10/12/2021,LYH,VA,AEA,EN,Federal Contract Tower,0,14,50,9,73,0,0,106,0,106,0,14,156,9,179,184,0,184,363
10/13/2021,LYH,VA,AEA,EN,Federal Contract Tower,0,13,49,2,64,0,3,156,0,159,0,16,205,2,223,224,0,224,447
10/14/2021,LYH,VA,AEA,EN,Federal Contract Tower,0,11,45,0,56,0,0,159,0,159,0,11,204,0,215,272,0,272,487
10/15/2021,LYH,VA,AEA,EN,Federal Contract Tower,2,9,51,0,62,0,0,126,0,126,2,9,177,0,188,194,0,194,382
10/16/2021,LYH,VA,AEA,EN,Federal Contract Tower,0,8,14,0,22,0,0,34,2,36,0,8,48,2,58,54,0,54,112
10/17/2021,LYH,VA,AEA,EN,Federal Contract Tower,0,9,26,0,35,0,3,41,0,44,0,12,67,0,79,6,0,6,85
10/18/2021,LYH,VA,AEA,EN,Federal Contract Tower,0,14,31,0,45,0,7,136,2,145,0,21,167,2,190,316,0,316,506
10/19/2021,LYH,VA,AEA,EN,Federal Contract Tower,0,7,26,1,34,0,1,158,1,160,0,8,184,2,194,316,2,318,512
10/20/2021,LYH,VA,AEA,EN,Federal Contract Tower,0,8,27,0,35,0,0,163,0,163,0,8,190,0,198,252,0,252,450
10/21/2021,LYH,VA,AEA,EN,Federal Contract Tower,0,11,34,6,51,0,0,145,1,146,0,11,179,7,197,246,20,266,463
10/22/2021,LYH,VA,AEA,EN,Federal Contract Tower,2,13,26,1,42,0,0,118,0,118,2,13,144,1,160,264,0,264,424
10/23/2021,LYH,VA,AEA,EN,Federal Contract Tower,0,8,20,1,29,0,4,99,3,106,0,12,119,4,135,134,0,134,269
10/24/2021,LYH,VA,AEA,EN,Federal Contract Tower,0,14,18,0,32,0,2,33,0,35,0,16,51,0,67,14,0,14,81
10/25/2021,LYH,VA,AEA,EN,Federal Contract Tower,0,12,8,0,20,0,2,94,0,96,0,14,102,0,116,250,0,250,366
10/26/2021,LYH,VA,AEA,EN,Federal Contract Tower,0,14,13,0,27,0,0,37,2,39,0,14,50,2,66,66,0,66,132
10/27/2021,LYH,VA,AEA,EN,Federal Contract Tower,0,12,43,0,55,0,1,167,2,170,0,13,210,2,225,280,0,280,505
10/28/2021,LYH,VA,AEA,EN,Federal Contract Tower,0,10,43,0,53,0,0,101,1,102,0,10,144,1,155,234,0,234,389
10/29/2021,LYH,VA,AEA,EN,Federal Contract Tower,0,10,43,0,53,0,0,41,0,41,0,10,84,0,94,70,0,70,164
10/30/2021,LYH,VA,AEA,EN,Federal Contract Tower,2,8,26,0,36,0,0,7,0,7,2,8,33,0,43,6,0,6,49
10/31/2021,LYH,VA,AEA,EN,Federal Contract Tower,0,9,21,0,30,0,2,34,0,36,0,11,55,0,66,10,0,10,76
11/01/2021,LYH,VA,AEA,EN,Federal Contract Tower,1,11,29,8,49,0,4,164,1,169,1,15,193,9,218,256,0,256,474
11/02/2021,LYH,VA,AEA,EN,Federal Contract Tower,1,14,21,0,36,0,0,25,0,25,1,14,46,0,61,40,0,40,101
11/03/2021,LYH,VA,AEA,EN,Federal Contract Tower,0,12,22,6,40,0,0,160,0,160,0,12,182,6,200,254,0,254,454
11/04/2021,LYH,VA,AEA,EN,Federal Contract Tower,0,9,33,2,44,0,0,139,0,139,0,9,172,2,183,208,12,220,403
11/05/2021,LYH,VA,AEA,EN,Federal Contract Tower,2,15,27,1,45,0,0,130,1,131,2,15,157,2,176,208,0,208,384
11/06/2021,LYH,VA,AEA,EN,Federal Contract Tower,2,16,18,0,36,0,1,83,0,84,2,17,101,0,120,88,0,88,208
11/07/2021,LYH,VA,AEA,EN,Federal Contract Tower,0,10,14,1,25,0,4,38,1,43,0,14,52,2,68,20,0,20,88
11/08/2021,LYH,VA,AEA,EN,Federal Contract Tower,0,16,19,1,36,0,8,128,3,139,0,24,147,4,175,270,0,270,445
11/09/2021,LYH,VA,AEA,EN,Federal Contract Tower,0,13,32,0,45,0,0,165,0,165,0,13,197,0,210,200,0,200,410
11/10/2021,LYH,VA,AEA,EN,Federal Contract Tower,0,13,32,0,45,0,2,132,0,134,0,15,164,0,179,192,0,192,371
11/11/2021,LYH,VA,AEA,EN,Federal Contract Tower,0,7,34,0,41,0,0,129,0,129,0,7,163,0,170,172,0,172,342
11/12/2021,LYH,VA,AEA,EN,Federal Contract Tower,0,11,26,0,37,0,0,139,0,139,0,11,165,0,176,206,0,206,382
11/13/2021,LYH,VA,AEA,EN,Federal Contract Tower,0,11,15,0,26,0,0,33,0,33,0,11,48,0,59,30,0,30,89
11/14/2021,LYH,VA,AEA,EN,Federal Contract Tower,0,13,24,0,37,0,4,53,0,57,0,17,77,0,94,6,0,6,100
11/15/2021,LYH,VA,AEA,EN,Federal Contract Tower,0,11,33,4,48,0,0,118,0,118,0,11,151,4,166,322,0,322,488
11/16/2021,LYH,VA,AEA,EN,Federal Contract Tower,0,10,35,0,45,0,4,133,1,138,0,14,168,1,183,234,0,234,417
11/17/2021,LYH,VA,AEA,EN,Federal Contract Tower,0,14,31,0,45,0,0,154,0,154,0,14,185,0,199,354,0,354,553
11/18/2021,LYH,VA,AEA,EN,Federal Contract Tower,0,12,35,2,49,0,2,89,2,93,0,14,124,4,142,170,0,170,312
11/19/2021,LYH,VA,AEA,EN,Federal Contract Tower,1,15,57,1,74,0,0,120,0,120,1,15,177,1,194,268,0,268,462
11/20/2021,LYH,VA,AEA,EN,Federal Contract Tower,1,12,14,0,27,0,0,79,2,81,1,12,93,2,108,122,0,122,230
11/21/2021,LYH,VA,AEA,EN,Federal Contract Tower,0,18,15,1,34,0,2,20,0,22,0,20,35,1,56,44,0,44,100
11/22/2021,LYH,VA,AEA,EN,Federal Contract Tower,0,13,20,2,35,0,0,63,4,67,0,13,83,6,102,160,22,182,284
11/23/2021,LYH,VA,AEA,EN,Federal Contract Tower,0,12,30,0,42,0,0,104,0,104,0,12,134,0,146,252,0,252,398
11/24/2021,LYH,VA,AEA,EN,Federal Contract Tower,0,10,19,0,29,0,4,66,0,70,0,14,85,0,99,100,0,100,199
11/25/2021,LYH,VA,AEA,EN,Federal Contract Tower,0,2,1,0,3,0,0,13,0,13,0,2,14,0,16,28,0,28,44
11/26/2021,LYH,VA,AEA,EN,Federal Contract Tower,2,7,7,2,18,0,0,6,0,6,2,7,13,2,24,0,0,0,24
11/27/2021,LYH,VA,AEA,EN,Federal Contract Tower,2,12,22,4,40,0,2,35,0,37,2,14,57,4,77,28,0,28,105
11/28/2021,LYH,VA,AEA,EN,Federal Contract Tower,0,11,30,0,41,0,0,35,0,35,0,11,65,0,76,0,0,0,76
11/29/2021,LYH,VA,AEA,EN,Federal Contract Tower,0,17,25,2,44,0,5,108,4,117,0,22,133,6,161,278,2,280,441
11/30/2021,LYH,VA,AEA,EN,Federal Contract Tower,0,12,34,0,46,0,2,124,0,126,0,14,158,0,172,298,0,298,470
12/01/2021,LYH,VA,AEA,EN,Federal Contract Tower,2,16,31,0,49,0,4,108,3,115,2,20,139,3,164,254,26,280,444
12/02/2021,LYH,VA,AEA,EN,Federal Contract Tower,2,9,31,0,42,0,2,89,0,91,2,11,120,0,133,188,0,188,321
12/03/2021,LYH,VA,AEA,EN,Federal Contract Tower,0,11,36,9,56,0,0,114,0,114,0,11,150,9,170,282,8,290,460
12/04/2021,LYH,VA,AEA,EN,Federal Contract Tower,0,8,15,4,27,0,0,108,4,112,0,8,123,8,139,210,0,210,349
12/05/2021,LYH,VA,AEA,EN,Federal Contract Tower,0,7,15,0,22,0,2,38,4,44,0,9,53,4,66,48,0,48,114
12/06/2021,LYH,VA,AEA,EN,Federal Contract Tower,0,9,16,0,25,0,8,46,2,56,0,17,62,2,81,136,6,142,223
12/07/2021,LYH,VA,AEA,EN,Federal Contract Tower,0,10,61,0,71,0,0,150,4,154,0,10,211,4,225,328,26,354,579
12/08/2021,LYH,VA,AEA,EN,Federal Contract Tower,0,8,37,0,45,0,0,126,4,130,0,8,163,4,175,266,0,266,441
12/09/2021,LYH,VA,AEA,EN,Federal Contract Tower,0,8,47,0,55,0,0,136,0,136,0,8,183,0,191,186,0,186,377
12/10/2021,LYH,VA,AEA,EN,Federal Contract Tower,0,13,32,0,45,0,0,78,1,79,0,13,110,1,124,158,0,158,282
12/11/2021,LYH,VA,AEA,EN,Federal Contract Tower,0,9,5,0,14,0,0,0,0,0,0,9,5,0,14,0,0,0,14
12/12/2021,LYH,VA,AEA,EN,Federal Contract Tower,0,12,19,1,32,0,0,32,4,36,0,12,51,5,68,20,0,20,88
12/13/2021,LYH,VA,AEA,EN,Federal Contract Tower,0,13,32,8,53,0,8,143,0,151,0,21,175,8,204,294,0,294,498
12/14/2021,LYH,VA,AEA,EN,Federal Contract Tower,4,6,37,0,47,0,1,144,0,145,4,7,181,0,192,290,0,290,482
12/15/2021,LYH,VA,AEA,EN,Federal Contract Tower,0,15,40,0,55,0,0,105,0,105,0,15,145,0,160,232,0,232,392
12/16/2021,LYH,VA,AEA,EN,Federal Contract Tower,0,17,26,3,46,0,2,97,10,109,0,19,123,13,155,184,0,184,339
12/17/2021,LYH,VA,AEA,EN,Federal Contract Tower,0,17,38,2,57,0,0,80,0,80,0,17,118,2,137,180,0,180,317
12/18/2021,LYH,VA,AEA,EN,Federal Contract Tower,0,14,8,0,22,0,0,0,0,0,0,14,8,0,22,0,0,0,22
12/19/2021,LYH,VA,AEA,EN,Federal Contract Tower,0,10,13,0,23,0,2,6,0,8,0,12,19,0,31,8,0,8,39
12/20/2021,LYH,VA,AEA,EN,Federal Contract Tower,0,11,18,0,29,0,7,74,0,81,0,18,92,0,110,178,0,178,288
12/21/2021,LYH,VA,AEA,EN,Federal Contract Tower,0,12,18,0,30,0,4,63,0,67,0,16,81,0,97,102,0,102,199
12/22/2021,LYH,VA,AEA,EN,Federal Contract Tower,0,10,37,0,47,0,5,45,2,52,0,15,82,2,99,28,0,28,127
12/23/2021,LYH,VA,AEA,EN,Federal Contract Tower,0,11,24,0,35,0,0,41,0,41,0,11,65,0,76,26,0,26,102
12/24/2021,LYH,VA,AEA,EN,Federal Contract Tower,0,5,5,0,10,0,0,11,0,11,0,5,16,0,21,0,0,0,21
12/25/2021,LYH,VA,AEA,EN,Federal Contract Tower,0,11,6,0,17,0,0,4,0,4,0,11,10,0,21,20,0,20,41
12/26/2021,LYH,VA,AEA,EN,Federal Contract Tower,0,12,16,0,28,0,2,34,0,36,0,14,50,0,64,6,0,6,70
12/27/2021,LYH,VA,AEA,EN,Federal Contract Tower,0,9,16,2,27,0,2,14,0,16,0,11,30,2,43,10,0,10,53
12/28/2021,LYH,VA,AEA,EN,Federal Contract Tower,0,11,11,6,28,0,5,35,1,41,0,16,46,7,69,38,0,38,107
12/29/2021,LYH,VA,AEA,EN,Federal Contract Tower,0,11,16,1,28,0,2,4,2,8,0,13,20,3,36,0,0,0,36
12/30/2021,LYH,VA,AEA,EN,Federal Contract Tower,0,10,11,0,21,0,0,0,0,0,0,10,11,0,21,0,0,0,21
12/31/2021,LYH,VA,AEA,EN,Federal Contract Tower,0,7,10,0,17,0,0,16,0,16,0,7,26,0,33,14,0,14,47
01/01/2022,LYH,VA,AEA,EN,Federal Contract Tower,0,9,7,0,16,0,0,2,0,2,0,9,9,0,18,2,0,2,20
01/02/2022,LYH,VA,AEA,EN,Federal Contract Tower,0,15,10,6,31,0,2,2,0,4,0,17,12,6,35,2,0,2,37
01/03/2022,LYH,VA,AEA,EN,Federal Contract Tower,0,7,3,0,10,0,7,9,5,21,0,14,12,5,31,10,0,10,41
01/04/2022,LYH,VA,AEA,EN,Federal Contract Tower,0,9,11,2,22,0,1,52,5,58,0,10,63,7,80,106,0,106,186
01/05/2022,LYH,VA,AEA,EN,Federal Contract Tower,2,11,16,3,32,0,0,22,0,22,2,11,38,3,54,32,0,32,86
01/06/2022,LYH,VA,AEA,EN,Federal Contract Tower,0,12,11,3,26,0,0,37,4,41,0,12,48,7,67,60,0,60,127
01/07/2022,LYH,VA,AEA,EN,Federal Contract Tower,0,11,27,0,38,0,1,75,0,76,0,12,102,0,114,204,0,204,318
01/08/2022,LYH,VA,AEA,EN,Federal Contract Tower,0,8,17,0,25,0,0,49,0,49,0,8,66,0,74,68,0,68,142
01/09/2022,LYH,VA,AEA,EN,Federal Contract Tower,2,12,10,3,27,0,0,0,0,0,2,12,10,3,27,0,0,0,27
01/10/2022,LYH,VA,AEA,EN,Federal Contract Tower,0,12,7,2,21,0,6,27,0,33,0,18,34,2,54,66,0,66,120
01/11/2022,LYH,VA,AEA,EN,Federal Contract Tower,0,9,21,2,32,0,0,53,4,57,0,9,74,6,89,124,0,124,213
01/12/2022,LYH,VA,AEA,EN,Federal Contract Tower,2,9,15,1,27,0,1,90,3,94,2,10,105,4,121,92,0,92,213
01/13/2022,LYH,VA,AEA,EN,Federal Contract Tower,2,8,13,0,23,0,0,90,0,90,2,8,103,0,113,212,0,212,325
01/14/2022,LYH,VA,AEA,EN,Federal Contract Tower,2,14,23,0,39,0,0,111,0,111,2,14,134,0,150,220,0,220,370
01/15/2022,LYH,VA,AEA,EN,Federal Contract Tower,0,14,16,0,30,0,0,57,0,57,0,14,73,0,87,134,0,134,221
01/16/2022,LYH,VA,AEA,EN,Federal Contract Tower,0,0,0,0,0,0,0,0,0,0,0,0,0,0,0,0,0,0,0
01/17/2022,LYH,VA,AEA,EN,Federal Contract Tower,0,6,5,4,15,0,4,2,0,6,0,10,7,4,21,0,0,0,21
01/18/2022,LYH,VA,AEA,EN,Federal Contract Tower,0,12,29,0,41,0,0,82,0,82,0,12,111,0,123,184,0,184,307
01/19/2022,LYH,VA,AEA,EN,Federal Contract Tower,2,11,38,2,53,0,0,122,4,126,2,11,160,6,179,250,0,250,429
01/20/2022,LYH,VA,AEA,EN,Federal Contract Tower,2,10,9,0,21,0,0,0,0,0,2,10,9,0,21,0,0,0,21
01/21/2022,LYH,VA,AEA,EN,Federal Contract Tower,2,9,21,2,34,0,1,89,0,90,2,10,110,2,124,128,0,128,252
01/22/2022,LYH,VA,AEA,EN,Federal Contract Tower,0,10,15,0,25,0,0,99,2,101,0,10,114,2,126,124,0,124,250
01/23/2022,LYH,VA,AEA,EN,Federal Contract Tower,2,8,12,0,22,0,0,24,0,24,2,8,36,0,46,50,0,50,96
01/24/2022,LYH,VA,AEA,EN,Federal Contract Tower,0,9,47,10,66,0,0,114,4,118,0,9,161,14,184,198,0,198,382
01/25/2022,LYH,VA,AEA,EN,Federal Contract Tower,0,9,28,4,41,0,2,123,2,127,0,11,151,6,168,246,6,252,420
01/26/2022,LYH,VA,AEA,EN,Federal Contract Tower,2,10,31,0,43,0,0,148,4,152,2,10,179,4,195,286,0,286,481
01/27/2022,LYH,VA,AEA,EN,Federal Contract Tower,0,10,37,5,52,0,144,6,0,150,0,154,43,5,202,152,0,152,354
01/28/2022,LYH,VA,AEA,EN,Federal Contract Tower,0,11,16,3,30,0,1,64,5,70,0,12,80,8,100,100,6,106,206
01/29/2022,LYH,VA,AEA,EN,Federal Contract Tower,0,8,6,0,14,0,1,23,0,24,0,9,29,0,38,30,0,30,68
01/30/2022,LYH,VA,AEA,EN,Federal Contract Tower,2,10,12,0,24,0,2,37,0,39,2,12,49,0,63,18,0,18,81
01/31/2022,LYH,VA,AEA,EN,Federal Contract Tower,0,10,41,2,53,0,2,114,4,120,0,12,155,6,173,348,4,352,525
02/01/2022,LYH,VA,AEA,EN,Federal Contract Tower,0,13,40,0,53,0,0,118,4,122,0,13,158,4,175,242,2,244,419
02/02/2022,LYH,VA,AEA,EN,Federal Contract Tower,2,16,37,0,55,0,0,131,0,131,2,16,168,0,186,356,0,356,542
02/03/2022,LYH,VA,AEA,EN,Federal Contract Tower,2,8,16,0,26,0,0,0,0,0,2,8,16,0,26,0,0,0,26
02/04/2022,LYH,VA,AEA,EN,Federal Contract Tower,2,12,18,0,32,0,0,12,0,12,2,12,30,0,44,36,0,36,80
02/05/2022,LYH,VA,AEA,EN,Federal Contract Tower,0,12,26,0,38,0,0,3,0,3,0,12,29,0,41,42,0,42,83
02/06/2022,LYH,VA,AEA,EN,Federal Contract Tower,2,13,8,0,23,0,0,55,2,57,2,13,63,2,80,14,0,14,94
02/07/2022,LYH,VA,AEA,EN,Federal Contract Tower,2,12,16,6,36,0,0,22,0,22,2,12,38,6,58,84,0,84,142
02/08/2022,LYH,VA,AEA,EN,Federal Contract Tower,0,15,49,1,65,0,1,166,0,167,0,16,215,1,232,276,0,276,508
02/09/2022,LYH,VA,AEA,EN,Federal Contract Tower,2,11,50,3,66,0,0,215,1,216,2,11,265,4,282,396,0,396,678
02/10/2022,LYH,VA,AEA,EN,Federal Contract Tower,2,8,40,2,52,0,0,104,0,104,2,8,144,2,156,160,0,160,316
02/11/2022,LYH,VA,AEA,EN,Federal Contract Tower,2,14,37,2,55,0,1,115,0,116,2,15,152,2,171,204,0,204,375
02/12/2022,LYH,VA,AEA,EN,Federal Contract Tower,0,15,16,0,31,0,2,76,0,78,0,17,92,0,109,98,0,98,207
02/13/2022,LYH,VA,AEA,EN,Federal Contract Tower,2,11,1,0,14,0,0,0,0,0,2,11,1,0,14,0,0,0,14
02/14/2022,LYH,VA,AEA,EN,Federal Contract Tower,2,13,32,2,49,0,0,134,0,134,2,13,166,2,183,308,0,308,491
02/15/2022,LYH,VA,AEA,EN,Federal Contract Tower,2,14,48,4,68,0,9,150,3,162,2,23,198,7,230,300,0,300,530
02/16/2022,LYH,VA,AEA,EN,Federal Contract Tower,2,10,34,0,46,0,4,171,0,175,2,14,205,0,221,354,0,354,575
02/17/2022,LYH,VA,AEA,EN,Federal Contract Tower,2,10,17,0,29,0,0,13,0,13,2,10,30,0,42,50,0,50,92
02/18/2022,LYH,VA,AEA,EN,Federal Contract Tower,2,8,24,3,37,0,0,67,0,67,2,8,91,3,104,122,0,122,226
02/19/2022,LYH,VA,AEA,EN,Federal Contract Tower,0,10,17,0,27,0,0,59,0,59,0,10,76,0,86,86,0,86,172
02/20/2022,LYH,VA,AEA,EN,Federal Contract Tower,2,12,16,10,40,0,0,49,0,49,2,12,65,10,89,24,0,24,113
02/21/2022,LYH,VA,AEA,EN,Federal Contract Tower,2,8,25,0,35,0,8,163,0,171,2,16,188,0,206,356,0,356,562
02/22/2022,LYH,VA,AEA,EN,Federal Contract Tower,0,10,20,0,30,0,0,2,0,2,0,10,22,0,32,20,0,20,52
02/23/2022,LYH,VA,AEA,EN,Federal Contract Tower,2,8,36,0,46,0,0,92,0,92,2,8,128,0,138,220,0,220,358
02/24/2022,LYH,VA,AEA,EN,Federal Contract Tower,2,10,4,0,16,0,0,2,0,2,2,10,6,0,18,2,0,2,20
02/25/2022,LYH,VA,AEA,EN,Federal Contract Tower,0,17,13,0,30,0,0,31,4,35,0,17,44,4,65,104,0,104,169
02/26/2022,LYH,VA,AEA,EN,Federal Contract Tower,0,13,37,0,50,0,0,147,1,148,0,13,184,1,198,234,0,234,432
02/27/2022,LYH,VA,AEA,EN,Federal Contract Tower,2,8,12,0,22,0,0,53,0,53,2,8,65,0,75,40,0,40,115
02/28/2022,LYH,VA,AEA,EN,Federal Contract Tower,2,9,42,0,53,0,6,165,4,175,2,15,207,4,228,304,4,308,536
03/01/2022,LYH,VA,AEA,EN,Federal Contract Tower,0,12,51,2,65,0,0,151,0,151,0,12,202,2,216,288,0,288,504
03/02/2022,LYH,VA,AEA,EN,Federal Contract Tower,2,11,36,0,49,0,1,142,1,144,2,12,178,1,193,234,0,234,427
03/03/2022,LYH,VA,AEA,EN,Federal Contract Tower,2,8,27,0,37,0,0,91,6,97,2,8,118,6,134,94,24,118,252
03/04/2022,LYH,VA,AEA,EN,Federal Contract Tower,2,6,26,2,36,0,0,173,0,173,2,6,199,2,209,350,2,352,561
03/05/2022,LYH,VA,AEA,EN,Federal Contract Tower,2,9,29,0,40,0,0,139,0,139,2,9,168,0,179,166,0,166,345
03/06/2022,LYH,VA,AEA,EN,Federal Contract Tower,2,10,16,0,28,0,2,5,1,8,2,12,21,1,36,2,10,12,48
03/07/2022,LYH,VA,AEA,EN,Federal Contract Tower,2,16,12,0,30,0,0,3,0,3,2,16,15,0,33,0,0,0,33
03/08/2022,LYH,VA,AEA,EN,Federal Contract Tower,0,11,28,4,43,0,0,134,4,138,0,11,162,8,181,336,2,338,519
03/09/2022,LYH,VA,AEA,EN,Federal Contract Tower,0,10,23,6,39,0,0,10,0,10,0,10,33,6,49,20,0,20,69
03/10/2022,LYH,VA,AEA,EN,Federal Contract Tower,2,6,49,8,65,0,0,99,0,99,2,6,148,8,164,212,0,212,376
03/11/2022,LYH,VA,AEA,EN,Federal Contract Tower,2,11,51,2,66,0,0,143,1,144,2,11,194,3,210,308,10,318,528
03/12/2022,LYH,VA,AEA,EN,Federal Contract Tower,2,9,12,0,23,0,0,0,0,0,2,9,12,0,23,0,0,0,23
03/13/2022,LYH,VA,AEA,EN,Federal Contract Tower,0,7,12,0,19,0,2,34,0,36,0,9,46,0,55,40,0,40,95
03/14/2022,LYH,VA,AEA,EN,Federal Contract Tower,2,12,31,3,48,0,6,110,3,119,2,18,141,6,167,206,2,208,375
03/15/2022,LYH,VA,AEA,EN,Federal Contract Tower,2,7,20,6,35,0,3,131,2,136,2,10,151,8,171,238,0,238,409
03/16/2022,LYH,VA,AEA,EN,Federal Contract Tower,0,10,27,3,40,0,0,127,0,127,0,10,154,3,167,284,4,288,455
03/17/2022,LYH,VA,AEA,EN,Federal Contract Tower,3,10,34,0,47,0,0,30,0,30,3,10,64,0,77,98,0,98,175
03/18/2022,LYH,VA,AEA,EN,Federal Contract Tower,2,8,25,0,35,0,0,92,1,93,2,8,117,1,128,206,0,206,334
03/19/2022,LYH,VA,AEA,EN,Federal Contract Tower,2,11,16,0,29,0,1,5,4,10,2,12,21,4,39,0,0,0,39
03/20/2022,LYH,VA,AEA,EN,Federal Contract Tower,2,11,5,1,19,0,0,11,1,12,2,11,16,2,31,4,0,4,35
03/21/2022,LYH,VA,AEA,EN,Federal Contract Tower,2,18,62,6,88,0,2,113,4,119,2,20,175,10,207,204,26,230,437
03/22/2022,LYH,VA,AEA,EN,Federal Contract Tower,0,11,35,4,50,0,2,162,0,164,0,13,197,4,214,298,0,298,512
03/23/2022,LYH,VA,AEA,EN,Federal Contract Tower,0,12,31,4,47,0,0,5,2,7,0,12,36,6,54,14,0,14,68
03/24/2022,LYH,VA,AEA,EN,Federal Contract Tower,2,6,37,6,51,0,2,91,1,94,2,8,128,7,145,208,24,232,377
03/25/2022,LYH,VA,AEA,EN,Federal Contract Tower,2,6,41,6,55,0,1,94,2,97,2,7,135,8,152,164,0,164,316
03/26/2022,LYH,VA,AEA,EN,Federal Contract Tower,2,6,9,0,17,0,1,8,4,13,2,7,17,4,30,0,2,2,32
03/27/2022,LYH,VA,AEA,EN,Federal Contract Tower,2,9,11,1,23,0,2,14,6,22,2,11,25,7,45,4,0,4,49
03/28/2022,LYH,VA,AEA,EN,Federal Contract Tower,2,13,9,0,24,0,1,43,2,46,2,14,52,2,70,42,0,42,112
03/29/2022,LYH,VA,AEA,EN,Federal Contract Tower,0,8,41,2,51,0,3,195,0,198,0,11,236,2,249,352,0,352,601
03/30/2022,LYH,VA,AEA,EN,Federal Contract Tower,0,10,53,10,73,0,1,122,2,125,0,11,175,12,198,222,8,230,428
03/31/2022,LYH,VA,AEA,EN,Federal Contract Tower,2,6,3,0,11,0,0,0,0,0,2,6,3,0,11,0,0,0,11
04/01/2022,LYH,VA,AEA,EN,Federal Contract Tower,0,6,23,7,36,0,3,59,0,62,0,9,82,7,98,60,0,60,158
04/02/2022,LYH,VA,AEA,EN,Federal Contract Tower,0,8,19,0,27,0,0,143,3,146,0,8,162,3,173,168,0,168,341
04/03/2022,LYH,VA,AEA,EN,Federal Contract Tower,2,10,19,0,31,0,4,16,0,20,2,14,35,0,51,14,0,14,65
04/04/2022,LYH,VA,AEA,EN,Federal Contract Tower,0,10,33,2,45,0,0,135,4,139,0,10,168,6,184,148,0,148,332
04/05/2022,LYH,VA,AEA,EN,Federal Contract Tower,0,10,31,4,45,0,0,108,0,108,0,10,139,4,153,180,4,184,337
04/06/2022,LYH,VA,AEA,EN,Federal Contract Tower,0,12,37,0,49,0,0,149,2,151,0,12,186,2,200,264,0,264,464
04/07/2022,LYH,VA,AEA,EN,Federal Contract Tower,0,11,34,0,45,0,0,34,0,34,0,11,68,0,79,58,0,58,137
04/08/2022,LYH,VA,AEA,EN,Federal Contract Tower,0,12,32,3,47,0,0,122,0,122,0,12,154,3,169,216,0,216,385
04/09/2022,LYH,VA,AEA,EN,Federal Contract Tower,0,8,16,0,24,0,0,59,0,59,0,8,75,0,83,68,0,68,151
04/10/2022,LYH,VA,AEA,EN,Federal Contract Tower,0,19,10,5,34,0,8,48,0,56,0,27,58,5,90,28,8,36,126
04/11/2022,LYH,VA,AEA,EN,Federal Contract Tower,0,14,40,6,60,0,0,113,0,113,0,14,153,6,173,280,4,284,457
04/12/2022,LYH,VA,AEA,EN,Federal Contract Tower,0,15,46,0,61,0,5,174,7,186,0,20,220,7,247,320,2,322,569
04/13/2022,LYH,VA,AEA,EN,Federal Contract Tower,0,11,20,0,31,0,0,84,0,84,0,11,104,0,115,138,0,138,253
04/14/2022,LYH,VA,AEA,EN,Federal Contract Tower,0,11,23,2,36,0,0,83,0,83,0,11,106,2,119,268,0,268,387
04/15/2022,LYH,VA,AEA,EN,Federal Contract Tower,0,10,33,0,43,0,1,190,0,191,0,11,223,0,234,366,0,366,600
04/16/2022,LYH,VA,AEA,EN,Federal Contract Tower,0,11,4,0,15,0,0,26,0,26,0,11,30,0,41,14,0,14,55
04/17/2022,LYH,VA,AEA,EN,Federal Contract Tower,0,11,19,4,34,0,4,13,0,17,0,15,32,4,51,6,0,6,57
04/18/2022,LYH,VA,AEA,EN,Federal Contract Tower,0,9,10,0,19,0,0,0,0,0,0,9,10,0,19,0,0,0,19
04/19/2022,LYH,VA,AEA,EN,Federal Contract Tower,0,14,22,0,36,0,6,56,2,64,0,20,78,2,100,74,0,74,174
04/20/2022,LYH,VA,AEA,EN,Federal Contract Tower,0,14,33,4,51,0,0,193,4,197,0,14,226,8,248,416,2,418,666
04/21/2022,LYH,VA,AEA,EN,Federal Contract Tower,0,12,40,0,52,0,0,156,0,156,0,12,196,0,208,342,0,342,550
04/22/2022,LYH,VA,AEA,EN,Federal Contract Tower,0,12,28,0,40,0,2,127,0,129,0,14,155,0,169,268,0,268,437
04/23/2022,LYH,VA,AEA,EN,Federal Contract Tower,0,10,24,1,35,0,0,108,1,109,0,10,132,2,144,186,0,186,330
04/24/2022,LYH,VA,AEA,EN,Federal Contract Tower,0,14,11,0,25,0,4,26,0,30,0,18,37,0,55,34,0,34,89
04/25/2022,LYH,VA,AEA,EN,Federal Contract Tower,0,12,49,7,68,0,0,137,5,142,0,12,186,12,210,330,10,340,550
04/26/2022,LYH,VA,AEA,EN,Federal Contract Tower,0,11,24,0,35,0,2,89,0,91,0,13,113,0,126,224,0,224,350
04/27/2022,LYH,VA,AEA,EN,Federal Contract Tower,0,14,19,0,33,0,0,35,0,35,0,14,54,0,68,62,0,62,130
04/28/2022,LYH,VA,AEA,EN,Federal Contract Tower,0,10,49,0,59,0,0,172,0,172,0,10,221,0,231,262,0,262,493
04/29/2022,LYH,VA,AEA,EN,Federal Contract Tower,0,8,42,3,53,0,0,176,2,178,0,8,218,5,231,250,0,250,481
04/30/2022,LYH,VA,AEA,EN,Federal Contract Tower,0,24,25,0,49,0,1,66,0,67,0,25,91,0,116,120,0,120,236
05/01/2022,LYH,VA,AEA,EN,Federal Contract Tower,0,18,17,0,35,0,0,2,0,2,0,18,19,0,37,0,0,0,37
05/02/2022,LYH,VA,AEA,EN,Federal Contract Tower,0,8,27,0,35,0,0,99,0,99,0,8,126,0,134,212,0,212,346
05/03/2022,LYH,VA,AEA,EN,Federal Contract Tower,0,14,27,4,45,0,0,98,0,98,0,14,125,4,143,222,0,222,365
05/04/2022,LYH,VA,AEA,EN,Federal Contract Tower,0,14,55,2,71,0,0,84,0,84,0,14,139,2,155,122,0,122,277
05/05/2022,LYH,VA,AEA,EN,Federal Contract Tower,4,8,59,0,71,0,0,165,0,165,4,8,224,0,236,314,0,314,550
05/06/2022,LYH,VA,AEA,EN,Federal Contract Tower,2,10,21,0,33,0,0,0,0,0,2,10,21,0,33,0,0,0,33
05/07/2022,LYH,VA,AEA,EN,Federal Contract Tower,2,11,25,0,38,0,0,0,0,0,2,11,25,0,38,0,0,0,38
05/08/2022,LYH,VA,AEA,EN,Federal Contract Tower,4,11,15,0,30,0,1,14,1,16,4,12,29,1,46,32,0,32,78
05/09/2022,LYH,VA,AEA,EN,Federal Contract Tower,2,8,13,6,29,0,0,126,16,142,2,8,139,22,171,226,0,226,397
05/10/2022,LYH,VA,AEA,EN,Federal Contract Tower,2,17,30,2,51,0,4,135,0,139,2,21,165,2,190,238,0,238,428
05/11/2022,LYH,VA,AEA,EN,Federal Contract Tower,0,12,28,0,40,0,0,122,0,122,0,12,150,0,162,330,0,330,492
05/12/2022,LYH,VA,AEA,EN,Federal Contract Tower,4,7,30,4,45,0,4,67,0,71,4,11,97,4,116,150,0,150,266
05/13/2022,LYH,VA,AEA,EN,Federal Contract Tower,2,7,34,6,49,0,0,3,0,3,2,7,37,6,52,12,0,12,64
05/14/2022,LYH,VA,AEA,EN,Federal Contract Tower,0,10,6,0,16,0,0,0,0,0,0,10,6,0,16,0,0,0,16
05/15/2022,LYH,VA,AEA,EN,Federal Contract Tower,2,3,15,0,20,0,6,35,0,41,2,9,50,0,61,66,0,66,127
05/16/2022,LYH,VA,AEA,EN,Federal Contract Tower,4,10,21,0,35,0,0,96,0,96,4,10,117,0,131,270,0,270,401
05/17/2022,LYH,VA,AEA,EN,Federal Contract Tower,2,9,22,0,33,0,2,155,0,157,2,11,177,0,190,364,0,364,554
05/18/2022,LYH,VA,AEA,EN,Federal Contract Tower,2,8,33,0,43,0,2,172,0,174,2,10,205,0,217,398,0,398,615
05/19/2022,LYH,VA,AEA,EN,Federal Contract Tower,4,7,37,12,60,0,0,152,1,153,4,7,189,13,213,350,0,350,563
05/20/2022,LYH,VA,AEA,EN,Federal Contract Tower,5,7,34,0,46,0,0,117,0,117,5,7,151,0,163,320,0,320,483
05/21/2022,LYH,VA,AEA,EN,Federal Contract Tower,1,7,20,0,28,0,0,56,0,56,1,7,76,0,84,82,0,82,166
05/22/2022,LYH,VA,AEA,EN,Federal Contract Tower,2,6,12,0,20,0,1,21,0,22,2,7,33,0,42,58,0,58,100
05/23/2022,LYH,VA,AEA,EN,Federal Contract Tower,2,8,38,2,50,0,1,19,0,20,2,9,57,2,70,64,0,64,134
05/24/2022,LYH,VA,AEA,EN,Federal Contract Tower,2,9,58,0,69,0,0,1,1,2,2,9,59,1,71,0,0,0,71
05/25/2022,LYH,VA,AEA,EN,Federal Contract Tower,2,7,50,2,61,0,0,62,0,62,2,7,112,2,123,242,0,242,365
05/26/2022,LYH,VA,AEA,EN,Federal Contract Tower,4,10,61,0,75,0,0,2,0,2,4,10,63,0,77,0,0,0,77
05/27/2022,LYH,VA,AEA,EN,Federal Contract Tower,4,8,13,0,25,0,0,14,0,14,4,8,27,0,39,102,0,102,141
05/28/2022,LYH,VA,AEA,EN,Federal Contract Tower,2,9,23,0,34,0,1,84,0,85,2,10,107,0,119,102,0,102,221
05/29/2022,LYH,VA,AEA,EN,Federal Contract Tower,2,3,23,0,28,0,0,39,0,39,2,3,62,0,67,62,0,62,129
05/30/2022,LYH,VA,AEA,EN,Federal Contract Tower,4,8,27,4,43,0,0,153,0,153,4,8,180,4,196,262,0,262,458
05/31/2022,LYH,VA,AEA,EN,Federal Contract Tower,2,9,22,0,33,0,0,154,2,156,2,9,176,2,189,234,0,234,423
06/01/2022,LYH,VA,AEA,EN,Federal Contract Tower,2,12,27,0,41,0,2,134,0,136,2,14,161,0,177,204,0,204,381
06/02/2022,LYH,VA,AEA,EN,Federal Contract Tower,4,8,24,2,38,0,0,127,4,131,4,8,151,6,169,122,0,122,291
06/03/2022,LYH,VA,AEA,EN,Federal Contract Tower,3,13,31,0,47,0,0,138,0,138,3,13,169,0,185,266,0,266,451
06/04/2022,LYH,VA,AEA,EN,Federal Contract Tower,3,11,23,0,37,0,0,79,0,79,3,11,102,0,116,12,0,12,128
06/05/2022,LYH,VA,AEA,EN,Federal Contract Tower,4,15,23,0,42,0,0,45,0,45,4,15,68,0,87,20,0,20,107
06/06/2022,LYH,VA,AEA,EN,Federal Contract Tower,5,15,24,4,48,0,0,107,0,107,5,15,131,4,155,202,0,202,357
06/07/2022,LYH,VA,AEA,EN,Federal Contract Tower,3,9,20,4,36,0,0,80,2,82,3,9,100,6,118,200,0,200,318
06/08/2022,LYH,VA,AEA,EN,Federal Contract Tower,3,19,5,4,31,0,0,38,0,38,3,19,43,4,69,142,0,142,211
06/09/2022,LYH,VA,AEA,EN,Federal Contract Tower,3,9,17,2,31,0,0,122,0,122,3,9,139,2,153,242,0,242,395
06/10/2022,LYH,VA,AEA,EN,Federal Contract Tower,3,13,19,10,45,0,0,126,0,126,3,13,145,10,171,296,0,296,467
06/11/2022,LYH,VA,AEA,EN,Federal Contract Tower,3,12,8,0,23,0,1,36,4,41,3,13,44,4,64,36,0,36,100
06/12/2022,LYH,VA,AEA,EN,Federal Contract Tower,3,14,20,8,45,0,6,14,0,20,3,20,34,8,65,48,0,48,113
06/13/2022,LYH,VA,AEA,EN,Federal Contract Tower,3,11,18,2,34,0,6,117,0,123,3,17,135,2,157,276,2,278,435
06/14/2022,LYH,VA,AEA,EN,Federal Contract Tower,3,8,13,0,24,0,0,67,0,67,3,8,80,0,91,108,0,108,199
06/15/2022,LYH,VA,AEA,EN,Federal Contract Tower,3,13,30,0,46,0,6,114,0,120,3,19,144,0,166,270,0,270,436
06/16/2022,LYH,VA,AEA,EN,Federal Contract Tower,2,11,14,0,27,0,6,64,0,70,2,17,78,0,97,96,0,96,193
06/17/2022,LYH,VA,AEA,EN,Federal Contract Tower,3,9,30,0,42,0,0,132,0,132,3,9,162,0,174,140,0,140,314
06/18/2022,LYH,VA,AEA,EN,Federal Contract Tower,3,12,23,0,38,0,0,55,0,55,3,12,78,0,93,38,0,38,131
06/19/2022,LYH,VA,AEA,EN,Federal Contract Tower,3,10,11,0,24,0,2,33,0,35,3,12,44,0,59,14,0,14,73
06/20/2022,LYH,VA,AEA,EN,Federal Contract Tower,2,16,34,0,52,0,6,174,1,181,2,22,208,1,233,302,0,302,535
06/21/2022,LYH,VA,AEA,EN,Federal Contract Tower,3,8,27,2,40,0,1,123,2,126,3,9,150,4,166,222,10,232,398
06/22/2022,LYH,VA,AEA,EN,Federal Contract Tower,3,10,18,4,35,0,0,111,0,111,3,10,129,4,146,286,0,286,432
06/23/2022,LYH,VA,AEA,EN,Federal Contract Tower,2,9,31,3,45,0,0,60,2,62,2,9,91,5,107,168,18,186,293
06/24/2022,LYH,VA,AEA,EN,Federal Contract Tower,3,11,35,3,52,0,0,142,5,147,3,11,177,8,199,312,6,318,517
06/25/2022,LYH,VA,AEA,EN,Federal Contract Tower,2,7,7,0,16,0,0,68,0,68,2,7,75,0,84,110,0,110,194
06/26/2022,LYH,VA,AEA,EN,Federal Contract Tower,5,10,11,4,30,0,0,23,0,23,5,10,34,4,53,22,0,22,75
06/27/2022,LYH,VA,AEA,EN,Federal Contract Tower,2,15,30,0,47,0,2,92,0,94,2,17,122,0,141,196,0,196,337
06/28/2022,LYH,VA,AEA,EN,Federal Contract Tower,3,9,38,2,52,0,0,153,2,155,3,9,191,4,207,270,2,272,479
06/29/2022,LYH,VA,AEA,EN,Federal Contract Tower,3,9,31,8,51,0,0,165,2,167,3,9,196,10,218,314,0,314,532
06/30/2022,LYH,VA,AEA,EN,Federal Contract Tower,3,10,39,0,52,0,0,99,0,99,3,10,138,0,151,204,0,204,355
07/01/2022,LYH,VA,AEA,EN,Federal Contract Tower,2,10,23,0,35,0,0,94,0,94,2,10,117,0,129,182,0,182,311
07/02/2022,LYH,VA,AEA,EN,Federal Contract Tower,0,14,8,0,22,0,0,26,0,26,0,14,34,0,48,18,0,18,66
07/03/2022,LYH,VA,AEA,EN,Federal Contract Tower,2,14,7,0,23,0,1,6,0,7,2,15,13,0,30,0,0,0,30
07/04/2022,LYH,VA,AEA,EN,Federal Contract Tower,2,13,7,0,22,0,8,34,0,42,2,21,41,0,64,10,0,10,74
07/05/2022,LYH,VA,AEA,EN,Federal Contract Tower,2,8,16,0,26,0,1,63,0,64,2,9,79,0,90,178,0,178,268
07/06/2022,LYH,VA,AEA,EN,Federal Contract Tower,2,11,19,0,32,0,2,88,0,90,2,13,107,0,122,164,0,164,286
07/07/2022,LYH,VA,AEA,EN,Federal Contract Tower,2,12,16,5,35,0,0,58,2,60,2,12,74,7,95,162,6,168,263
07/08/2022,LYH,VA,AEA,EN,Federal Contract Tower,0,14,28,2,44,0,0,43,0,43,0,14,71,2,87,116,0,116,203
07/09/2022,LYH,VA,AEA,EN,Federal Contract Tower,2,16,15,0,33,0,3,15,0,18,2,19,30,0,51,58,0,58,109
07/10/2022,LYH,VA,AEA,EN,Federal Contract Tower,2,8,24,0,34,0,1,5,0,6,2,9,29,0,40,8,0,8,48
07/11/2022,LYH,VA,AEA,EN,Federal Contract Tower,0,12,27,1,40,0,4,154,3,161,0,16,181,4,201,284,2,286,487
07/12/2022,LYH,VA,AEA,EN,Federal Contract Tower,2,11,16,2,31,0,4,122,2,128,2,15,138,4,159,200,0,200,359
07/13/2022,LYH,VA,AEA,EN,Federal Contract Tower,2,11,27,0,40,0,0,126,0,126,2,11,153,0,166,246,0,246,412
07/14/2022,LYH,VA,AEA,EN,Federal Contract Tower,2,14,18,0,34,0,4,142,24,170,2,18,160,24,204,244,22,266,470
07/15/2022,LYH,VA,AEA,EN,Federal Contract Tower,2,11,28,0,41,0,3,155,2,160,2,14,183,2,201,206,0,206,407
07/16/2022,LYH,VA,AEA,EN,Federal Contract Tower,0,6,15,2,23,0,0,33,0,33,0,6,48,2,56,86,0,86,142
07/17/2022,LYH,VA,AEA,EN,Federal Contract Tower,2,10,18,10,40,0,0,17,3,20,2,10,35,13,60,12,6,18,78
07/18/2022,LYH,VA,AEA,EN,Federal Contract Tower,2,8,26,2,38,0,0,45,0,45,2,8,71,2,83,82,0,82,165
07/19/2022,LYH,VA,AEA,EN,Federal Contract Tower,2,11,43,2,58,0,0,117,4,121,2,11,160,6,179,276,0,276,455
07/20/2022,LYH,VA,AEA,EN,Federal Contract Tower,2,15,30,0,47,0,0,148,2,150,2,15,178,2,197,368,0,368,565
07/21/2022,LYH,VA,AEA,EN,Federal Contract Tower,2,10,23,6,41,0,1,105,9,115,2,11,128,15,156,246,6,252,408
07/22/2022,LYH,VA,AEA,EN,Federal Contract Tower,2,9,43,3,57,0,4,136,5,145,2,13,179,8,202,272,8,280,482
07/23/2022,LYH,VA,AEA,EN,Federal Contract Tower,0,11,14,0,25,0,2,46,0,48,0,13,60,0,73,158,0,158,231
07/24/2022,LYH,VA,AEA,EN,Federal Contract Tower,0,17,30,0,47,0,0,49,0,49,0,17,79,0,96,48,0,48,144
07/25/2022,LYH,VA,AEA,EN,Federal Contract Tower,0,12,17,2,31,0,0,51,0,51,0,12,68,2,82,94,0,94,176
07/26/2022,LYH,VA,AEA,EN,Federal Contract Tower,2,10,26,0,38,0,2,19,0,21,2,12,45,0,59,60,0,60,119
07/27/2022,LYH,VA,AEA,EN,Federal Contract Tower,2,13,29,0,44,0,1,105,2,108,2,14,134,2,152,210,0,210,362
07/28/2022,LYH,VA,AEA,EN,Federal Contract Tower,2,14,40,0,56,0,0,130,2,132,2,14,170,2,188,328,0,328,516
07/29/2022,LYH,VA,AEA,EN,Federal Contract Tower,2,12,16,0,30,0,0,98,0,98,2,12,114,0,128,228,0,228,356
07/30/2022,LYH,VA,AEA,EN,Federal Contract Tower,2,11,16,0,29,0,0,55,0,55,2,11,71,0,84,54,0,54,138
07/31/2022,LYH,VA,AEA,EN,Federal Contract Tower,0,9,2,0,11,0,0,5,0,5,0,9,7,0,16,0,0,0,16
08/01/2022,LYH,VA,AEA,EN,Federal Contract Tower,2,14,29,0,45,0,6,46,2,54,2,20,75,2,99,132,0,132,231
08/02/2022,LYH,VA,AEA,EN,Federal Contract Tower,2,12,29,3,46,0,5,120,5,130,2,17,149,8,176,316,20,336,512
08/03/2022,LYH,VA,AEA,EN,Federal Contract Tower,2,11,32,0,45,0,4,109,0,113,2,15,141,0,158,192,0,192,350
08/04/2022,LYH,VA,AEA,EN,Federal Contract Tower,0,17,34,0,51,0,3,110,0,113,0,20,144,0,164,246,0,246,410
08/05/2022,LYH,VA,AEA,EN,Federal Contract Tower,2,8,20,2,32,0,0,54,2,56,2,8,74,4,88,92,0,92,180
08/06/2022,LYH,VA,AEA,EN,Federal Contract Tower,0,8,21,4,33,0,0,14,0,14,0,8,35,4,47,32,0,32,79
08/07/2022,LYH,VA,AEA,EN,Federal Contract Tower,0,14,22,0,36,0,0,7,0,7,0,14,29,0,43,6,0,6,49
08/08/2022,LYH,VA,AEA,EN,Federal Contract Tower,2,12,17,4,35,0,0,78,2,80,2,12,95,6,115,192,0,192,307
08/09/2022,LYH,VA,AEA,EN,Federal Contract Tower,2,15,18,0,35,0,2,132,3,137,2,17,150,3,172,264,0,264,436
08/10/2022,LYH,VA,AEA,EN,Federal Contract Tower,2,8,15,0,25,0,4,81,0,85,2,12,96,0,110,130,0,130,240
08/11/2022,LYH,VA,AEA,EN,Federal Contract Tower,0,13,37,2,52,0,3,117,2,122,0,16,154,4,174,300,0,300,474
08/12/2022,LYH,VA,AEA,EN,Federal Contract Tower,2,8,37,0,47,0,0,103,1,104,2,8,140,1,151,256,0,256,407
08/13/2022,LYH,VA,AEA,EN,Federal Contract Tower,2,10,15,0,27,0,0,67,0,67,2,10,82,0,94,20,0,20,114
08/14/2022,LYH,VA,AEA,EN,Federal Contract Tower,0,8,17,0,25,0,2,18,0,20,0,10,35,0,45,20,0,20,65
08/15/2022,LYH,VA,AEA,EN,Federal Contract Tower,0,12,23,0,35,0,0,2,0,2,0,12,25,0,37,0,0,0,37
08/16/2022,LYH,VA,AEA,EN,Federal Contract Tower,0,16,30,0,46,0,0,23,7,30,0,16,53,7,76,42,0,42,118
08/17/2022,LYH,VA,AEA,EN,Federal Contract Tower,0,16,31,2,49,0,0,80,2,82,0,16,111,4,131,78,2,80,211
08/18/2022,LYH,VA,AEA,EN,Federal Contract Tower,0,13,30,0,43,0,0,119,2,121,0,13,149,2,164,86,0,86,250
08/19/2022,LYH,VA,AEA,EN,Federal Contract Tower,0,10,26,0,36,0,0,71,6,77,0,10,97,6,113,66,0,66,179
08/20/2022,LYH,VA,AEA,EN,Federal Contract Tower,0,10,21,0,31,0,0,35,0,35,0,10,56,0,66,22,0,22,88
08/21/2022,LYH,VA,AEA,EN,Federal Contract Tower,0,9,13,4,26,0,0,4,0,4,0,9,17,4,30,0,2,2,32
08/22/2022,LYH,VA,AEA,EN,Federal Contract Tower,0,10,23,0,33,0,0,27,0,27,0,10,50,0,60,22,0,22,82
08/23/2022,LYH,VA,AEA,EN,Federal Contract Tower,0,13,31,10,54,0,6,74,0,80,0,19,105,10,134,154,0,154,288
08/24/2022,LYH,VA,AEA,EN,Federal Contract Tower,0,11,19,4,34,0,2,76,0,78,0,13,95,4,112,230,0,230,342
08/25/2022,LYH,VA,AEA,EN,Federal Contract Tower,0,11,17,0,28,0,2,85,0,87,0,13,102,0,115,144,0,144,259
08/26/2022,LYH,VA,AEA,EN,Federal Contract Tower,0,16,60,0,76,0,4,107,0,111,0,20,167,0,187,226,0,226,413
08/27/2022,LYH,VA,AEA,EN,Federal Contract Tower,0,6,20,5,31,0,5,81,0,86,0,11,101,5,117,174,0,174,291
08/28/2022,LYH,VA,AEA,EN,Federal Contract Tower,0,15,23,0,38,0,9,46,0,55,0,24,69,0,93,4,0,4,97
08/29/2022,LYH,VA,AEA,EN,Federal Contract Tower,0,15,40,6,61,0,12,124,0,136,0,27,164,6,197,264,8,272,469
08/30/2022,LYH,VA,AEA,EN,Federal Contract Tower,0,7,26,2,35,0,2,75,0,77,0,9,101,2,112,182,0,182,294
08/31/2022,LYH,VA,AEA,EN,Federal Contract Tower,0,13,39,0,52,0,4,151,2,157,0,17,190,2,209,294,0,294,503
09/01/2022,LYH,VA,AEA,EN,Federal Contract Tower,0,16,50,0,66,0,6,137,0,143,0,22,187,0,209,132,0,132,341
09/02/2022,LYH,VA,AEA,EN,Federal Contract Tower,2,15,71,0,88,0,1,172,0,173,2,16,243,0,261,198,0,198,459
09/03/2022,LYH,VA,AEA,EN,Federal Contract Tower,0,10,27,0,37,0,0,21,0,21,0,10,48,0,58,12,0,12,70
09/04/2022,LYH,VA,AEA,EN,Federal Contract Tower,0,6,16,0,22,0,0,10,0,10,0,6,26,0,32,24,0,24,56
09/05/2022,LYH,VA,AEA,EN,Federal Contract Tower,0,13,78,0,91,0,0,44,0,44,0,13,122,0,135,144,0,144,279
09/06/2022,LYH,VA,AEA,EN,Federal Contract Tower,0,13,29,2,44,0,4,98,5,107,0,17,127,7,151,260,26,286,437
09/07/2022,LYH,VA,AEA,EN,Federal Contract Tower,2,10,51,0,63,0,0,48,0,48,2,10,99,0,111,144,0,144,255
09/08/2022,LYH,VA,AEA,EN,Federal Contract Tower,2,10,57,0,69,0,1,74,2,77,2,11,131,2,146,198,0,198,344
09/09/2022,LYH,VA,AEA,EN,Federal Contract Tower,3,15,63,0,81,0,2,125,0,127,3,17,188,0,208,240,0,240,448
09/10/2022,LYH,VA,AEA,EN,Federal Contract Tower,2,11,30,0,43,0,0,1,0,1,2,11,31,0,44,0,0,0,44
09/11/2022,LYH,VA,AEA,EN,Federal Contract Tower,2,14,14,0,30,0,0,5,0,5,2,14,19,0,35,0,0,0,35
09/12/2022,LYH,VA,AEA,EN,Federal Contract Tower,2,11,28,0,41,0,4,54,0,58,2,15,82,0,99,202,0,202,301
09/13/2022,LYH,VA,AEA,EN,Federal Contract Tower,2,17,22,0,41,0,0,138,0,138,2,17,160,0,179,254,0,254,433
09/14/2022,LYH,VA,AEA,EN,Federal Contract Tower,3,12,43,0,58,0,0,125,0,125,3,12,168,0,183,384,0,384,567
09/15/2022,LYH,VA,AEA,EN,Federal Contract Tower,2,19,44,3,68,0,1,126,0,127,2,20,170,3,195,262,0,262,457
09/16/2022,LYH,VA,AEA,EN,Federal Contract Tower,0,15,69,2,86,0,2,160,4,166,0,17,229,6,252,386,0,386,638
09/17/2022,LYH,VA,AEA,EN,Federal Contract Tower,2,13,33,2,50,0,2,82,0,84,2,15,115,2,134,100,0,100,234
09/18/2022,LYH,VA,AEA,EN,Federal Contract Tower,0,10,24,0,34,0,0,61,0,61,0,10,85,0,95,6,0,6,101
09/19/2022,LYH,VA,AEA,EN,Federal Contract Tower,2,12,40,4,58,0,4,140,0,144,2,16,180,4,202,370,0,370,572
09/20/2022,LYH,VA,AEA,EN,Federal Contract Tower,2,11,39,5,57,0,4,143,0,147,2,15,182,5,204,284,0,284,488
09/21/2022,LYH,VA,AEA,EN,Federal Contract Tower,2,10,28,0,40,0,1,181,1,183,2,11,209,1,223,324,0,324,547
09/22/2022,LYH,VA,AEA,EN,Federal Contract Tower,2,12,33,0,47,0,0,64,4,68,2,12,97,4,115,94,0,94,209
09/23/2022,LYH,VA,AEA,EN,Federal Contract Tower,5,12,30,0,47,0,0,98,0,98,5,12,128,0,145,234,0,234,379
09/24/2022,LYH,VA,AEA,EN,Federal Contract Tower,2,12,14,1,29,0,2,88,0,90,2,14,102,1,119,74,0,74,193
09/25/2022,LYH,VA,AEA,EN,Federal Contract Tower,2,10,21,2,35,0,1,28,0,29,2,11,49,2,64,6,0,6,70
09/26/2022,LYH,VA,AEA,EN,Federal Contract Tower,2,15,24,0,41,0,0,119,1,120,2,15,143,1,161,254,0,254,415
09/27/2022,LYH,VA,AEA,EN,Federal Contract Tower,2,13,38,0,53,0,4,123,12,139,2,17,161,12,192,362,0,362,554
09/29/2022,LYH,VA,AEA,EN,Federal Contract Tower,2,15,48,2,67,0,2,100,0,102,2,17,148,2,169,138,0,138,307
09/30/2022,LYH,VA,AEA,EN,Federal Contract Tower,2,8,12,0,22,0,0,11,0,11,2,8,23,0,33,48,0,48,81
10/01/2022,LYH,VA,AEA,EN,Federal Contract Tower,2,11,5,0,18,0,0,0,0,0,2,11,5,0,18,0,0,0,18
10/02/2022,LYH,VA,AEA,EN,Federal Contract Tower,3,12,14,0,29,0,0,0,0,0,3,12,14,0,29,0,0,0,29
10/03/2022,LYH,VA,AEA,EN,Federal Contract Tower,3,18,33,0,54,0,6,107,0,113,3,24,140,0,167,276,0,276,443
10/04/2022,LYH,VA,AEA,EN,Federal Contract Tower,2,19,40,1,62,0,2,157,2,161,2,21,197,3,223,288,6,294,517
10/05/2022,LYH,VA,AEA,EN,Federal Contract Tower,2,16,48,4,70,0,4,186,2,192,2,20,234,6,262,352,12,364,626
10/06/2022,LYH,VA,AEA,EN,Federal Contract Tower,0,16,22,3,41,0,0,153,3,156,0,16,175,6,197,224,10,234,431
10/07/2022,LYH,VA,AEA,EN,Federal Contract Tower,2,15,43,4,64,0,1,152,4,157,2,16,195,8,221,212,0,212,433
10/08/2022,LYH,VA,AEA,EN,Federal Contract Tower,0,14,21,0,35,0,1,87,0,88,0,15,108,0,123,116,0,116,239
10/09/2022,LYH,VA,AEA,EN,Federal Contract Tower,0,12,17,0,29,0,4,48,0,52,0,16,65,0,81,14,0,14,95
10/10/2022,LYH,VA,AEA,EN,Federal Contract Tower,0,19,19,2,40,0,4,147,2,153,0,23,166,4,193,196,0,196,389
10/11/2022,LYH,VA,AEA,EN,Federal Contract Tower,0,9,52,1,62,0,8,164,5,177,0,17,216,6,239,268,0,268,507
10/12/2022,LYH,VA,AEA,EN,Federal Contract Tower,0,17,45,2,64,0,0,108,1,109,0,17,153,3,173,270,6,276,449
10/13/2022,LYH,VA,AEA,EN,Federal Contract Tower,0,17,36,5,58,0,0,36,0,36,0,17,72,5,94,146,26,172,266
10/14/2022,LYH,VA,AEA,EN,Federal Contract Tower,0,15,24,1,40,0,0,175,1,176,0,15,199,2,216,262,0,262,478
10/15/2022,LYH,VA,AEA,EN,Federal Contract Tower,0,15,17,2,34,0,0,91,0,91,0,15,108,2,125,116,0,116,241
10/16/2022,LYH,VA,AEA,EN,Federal Contract Tower,0,19,22,0,41,0,0,16,0,16,0,19,38,0,57,4,0,4,61
10/17/2022,LYH,VA,AEA,EN,Federal Contract Tower,0,20,30,0,50,0,2,81,2,85,0,22,111,2,135,206,0,206,341
10/18/2022,LYH,VA,AEA,EN,Federal Contract Tower,0,12,32,4,48,0,4,134,6,144,0,16,166,10,192,248,4,252,444
10/19/2022,LYH,VA,AEA,EN,Federal Contract Tower,0,12,33,0,45,0,0,119,2,121,0,12,152,2,166,200,2,202,368
10/20/2022,LYH,VA,AEA,EN,Federal Contract Tower,0,19,12,0,31,0,0,116,0,116,0,19,128,0,147,196,0,196,343
10/21/2022,LYH,VA,AEA,EN,Federal Contract Tower,0,16,37,10,63,0,3,124,0,127,0,19,161,10,190,222,0,222,412
10/22/2022,LYH,VA,AEA,EN,Federal Contract Tower,2,13,22,4,41,0,2,92,0,94,2,15,114,4,135,112,0,112,247
10/23/2022,LYH,VA,AEA,EN,Federal Contract Tower,0,12,27,7,46,0,0,21,1,22,0,12,48,8,68,36,0,36,104
10/24/2022,LYH,VA,AEA,EN,Federal Contract Tower,0,21,24,0,45,0,11,118,4,133,0,32,142,4,178,224,40,264,442
10/25/2022,LYH,VA,AEA,EN,Federal Contract Tower,0,10,41,0,51,0,8,85,0,93,0,18,126,0,144,198,0,198,342
10/27/2022,LYH,VA,AEA,EN,Federal Contract Tower,0,12,29,4,45,0,0,168,1,169,0,12,197,5,214,252,10,262,476
10/28/2022,LYH,VA,AEA,EN,Federal Contract Tower,0,16,36,6,58,0,0,113,2,115,0,16,149,8,173,194,0,194,367
10/29/2022,LYH,VA,AEA,EN,Federal Contract Tower,0,10,16,0,26,0,2,77,2,81,0,12,93,2,107,88,0,88,195
10/30/2022,LYH,VA,AEA,EN,Federal Contract Tower,0,11,18,4,33,0,2,28,0,30,0,13,46,4,63,4,0,4,67
10/31/2022,LYH,VA,AEA,EN,Federal Contract Tower,0,13,29,2,44,0,0,2,0,2,0,13,31,2,46,4,0,4,50
11/01/2022,LYH,VA,AEA,EN,Federal Contract Tower,0,13,53,0,66,0,0,189,0,189,0,13,242,0,255,242,0,242,497
11/02/2022,LYH,VA,AEA,EN,Federal Contract Tower,0,10,32,3,45,0,4,156,4,164,0,14,188,7,209,240,12,252,461
11/03/2022,LYH,VA,AEA,EN,Federal Contract Tower,0,14,28,0,42,0,2,153,1,156,0,16,181,1,198,288,0,288,486
11/04/2022,LYH,VA,AEA,EN,Federal Contract Tower,2,13,34,0,49,0,1,147,0,148,2,14,181,0,197,320,0,320,517
11/05/2022,LYH,VA,AEA,EN,Federal Contract Tower,0,12,9,0,21,0,2,11,0,13,0,14,20,0,34,6,0,6,40
11/06/2022,LYH,VA,AEA,EN,Federal Contract Tower,0,11,21,0,32,0,0,1,0,1,0,11,22,0,33,0,0,0,33
11/07/2022,LYH,VA,AEA,EN,Federal Contract Tower,0,15,43,2,60,0,4,136,2,142,0,19,179,4,202,254,0,254,456
11/08/2022,LYH,VA,AEA,EN,Federal Contract Tower,0,12,25,0,37,0,0,133,0,133,0,12,158,0,170,254,0,254,424
11/09/2022,LYH,VA,AEA,EN,Federal Contract Tower,0,11,22,2,35,0,2,144,0,146,0,13,166,2,181,300,0,300,481
11/10/2022,LYH,VA,AEA,EN,Federal Contract Tower,0,12,47,2,61,0,1,81,5,87,0,13,128,7,148,190,0,190,338
11/11/2022,LYH,VA,AEA,EN,Federal Contract Tower,2,14,4,0,20,0,0,2,0,2,2,14,6,0,22,6,0,6,28
11/12/2022,LYH,VA,AEA,EN,Federal Contract Tower,2,11,18,0,31,0,1,86,0,87,2,12,104,0,118,128,0,128,246
11/13/2022,LYH,VA,AEA,EN,Federal Contract Tower,0,13,11,0,24,0,8,34,0,42,0,21,45,0,66,4,0,4,70
11/14/2022,LYH,VA,AEA,EN,Federal Contract Tower,0,11,36,4,51,0,0,173,0,173,0,11,209,4,224,360,12,372,596
11/15/2022,LYH,VA,AEA,EN,Federal Contract Tower,0,18,11,0,29,0,0,17,0,17,0,18,28,0,46,44,0,44,90
11/16/2022,LYH,VA,AEA,EN,Federal Contract Tower,0,12,42,2,56,0,0,164,4,168,0,12,206,6,224,272,10,282,506
11/17/2022,LYH,VA,AEA,EN,Federal Contract Tower,0,15,29,0,44,0,4,132,0,136,0,19,161,0,180,294,0,294,474
11/18/2022,LYH,VA,AEA,EN,Federal Contract Tower,0,20,38,0,58,0,0,124,2,126,0,20,162,2,184,264,0,264,448
11/19/2022,LYH,VA,AEA,EN,Federal Contract Tower,0,16,23,0,39,0,2,69,1,72,0,18,92,1,111,146,0,146,257
11/20/2022,LYH,VA,AEA,EN,Federal Contract Tower,0,12,10,0,22,0,0,11,0,11,0,12,21,0,33,6,0,6,39
11/21/2022,LYH,VA,AEA,EN,Federal Contract Tower,0,18,16,0,34,0,5,120,1,126,0,23,136,1,160,258,0,258,418
11/22/2022,LYH,VA,AEA,EN,Federal Contract Tower,0,13,24,0,37,0,2,93,2,97,0,15,117,2,134,120,0,120,254
11/23/2022,LYH,VA,AEA,EN,Federal Contract Tower,0,14,20,0,34,0,0,63,0,63,0,14,83,0,97,74,0,74,171
11/24/2022,LYH,VA,AEA,EN,Federal Contract Tower,0,7,6,0,13,0,0,6,0,6,0,7,12,0,19,0,0,0,19
11/25/2022,LYH,VA,AEA,EN,Federal Contract Tower,1,13,10,0,24,0,0,9,0,9,1,13,19,0,33,0,0,0,33
11/26/2022,LYH,VA,AEA,EN,Federal Contract Tower,1,10,15,0,26,0,2,25,0,27,1,12,40,0,53,40,0,40,93
11/27/2022,LYH,VA,AEA,EN,Federal Contract Tower,2,13,8,0,23,0,0,2,0,2,2,13,10,0,25,0,0,0,25
11/28/2022,LYH,VA,AEA,EN,Federal Contract Tower,0,23,29,2,54,0,0,112,1,113,0,23,141,3,167,258,6,264,431
11/29/2022,LYH,VA,AEA,EN,Federal Contract Tower,0,16,27,0,43,0,4,135,0,139,0,20,162,0,182,226,0,226,408
11/30/2022,LYH,VA,AEA,EN,Federal Contract Tower,0,7,21,0,28,0,0,13,0,13,0,7,34,0,41,6,0,6,47
12/01/2022,LYH,VA,AEA,EN,Federal Contract Tower,0,13,32,2,47,0,5,157,25,187,0,18,189,27,234,274,10,284,518
12/02/2022,LYH,VA,AEA,EN,Federal Contract Tower,0,12,44,0,56,0,0,154,0,154,0,12,198,0,210,256,0,256,466
12/03/2022,LYH,VA,AEA,EN,Federal Contract Tower,0,9,9,0,18,0,0,2,0,2,0,9,11,0,20,0,0,0,20
12/04/2022,LYH,VA,AEA,EN,Federal Contract Tower,0,12,22,0,34,0,0,42,6,48,0,12,64,6,82,52,0,52,134
12/05/2022,LYH,VA,AEA,EN,Federal Contract Tower,0,8,50,0,58,0,5,149,0,154,0,13,199,0,212,214,0,214,426
12/06/2022,LYH,VA,AEA,EN,Federal Contract Tower,0,12,14,9,35,0,0,0,0,0,0,12,14,9,35,0,0,0,35
12/07/2022,LYH,VA,AEA,EN,Federal Contract Tower,0,12,20,0,32,0,0,0,0,0,0,12,20,0,32,0,0,0,32
12/08/2022,LYH,VA,AEA,EN,Federal Contract Tower,0,17,22,2,41,0,0,3,0,3,0,17,25,2,44,4,0,4,48
12/09/2022,LYH,VA,AEA,EN,Federal Contract Tower,0,21,13,0,34,0,3,100,0,103,0,24,113,0,137,262,0,262,399
12/10/2022,LYH,VA,AEA,EN,Federal Contract Tower,0,12,14,0,26,0,2,42,0,44,0,14,56,0,70,78,0,78,148
12/11/2022,LYH,VA,AEA,EN,Federal Contract Tower,0,16,7,0,23,0,1,20,0,21,0,17,27,0,44,26,0,26,70
12/12/2022,LYH,VA,AEA,EN,Federal Contract Tower,0,14,22,2,38,0,1,114,0,115,0,15,136,2,153,220,0,220,373
12/13/2022,LYH,VA,AEA,EN,Federal Contract Tower,0,12,36,4,52,0,0,125,2,127,0,12,161,6,179,346,22,368,547
12/14/2022,LYH,VA,AEA,EN,Federal Contract Tower,0,9,27,2,38,0,2,64,0,66,0,11,91,2,104,218,2,220,324
12/15/2022,LYH,VA,AEA,EN,Federal Contract Tower,1,13,6,0,20,0,0,0,0,0,1,13,6,0,20,0,0,0,20
12/16/2022,LYH,VA,AEA,EN,Federal Contract Tower,1,13,24,6,44,0,1,103,0,104,1,14,127,6,148,148,0,148,296
12/17/2022,LYH,VA,AEA,EN,Federal Contract Tower,0,12,8,4,24,0,2,43,0,45,0,14,51,4,69,76,0,76,145
12/18/2022,LYH,VA,AEA,EN,Federal Contract Tower,0,11,5,0,16,0,0,5,0,5,0,11,10,0,21,0,0,0,21
12/19/2022,LYH,VA,AEA,EN,Federal Contract Tower,0,11,11,4,26,0,2,96,4,102,0,13,107,8,128,316,22,338,466
12/20/2022,LYH,VA,AEA,EN,Federal Contract Tower,0,9,18,2,29,0,2,103,2,107,0,11,121,4,136,262,2,264,400
12/21/2022,LYH,VA,AEA,EN,Federal Contract Tower,1,11,28,1,41,0,4,87,0,91,1,15,115,1,132,198,0,198,330
12/22/2022,LYH,VA,AEA,EN,Federal Contract Tower,0,10,6,0,16,0,0,0,0,0,0,10,6,0,16,0,0,0,16
12/23/2022,LYH,VA,AEA,EN,Federal Contract Tower,0,13,0,0,13,0,0,0,0,0,0,13,0,0,13,0,0,0,13
12/24/2022,LYH,VA,AEA,EN,Federal Contract Tower,0,8,1,0,9,0,0,9,0,9,0,8,10,0,18,0,0,0,18
12/25/2022,LYH,VA,AEA,EN,Federal Contract Tower,0,9,0,0,9,0,2,0,0,2,0,11,0,0,11,0,0,0,11
12/26/2022,LYH,VA,AEA,EN,Federal Contract Tower,0,13,5,0,18,0,0,22,0,22,0,13,27,0,40,8,0,8,48
12/27/2022,LYH,VA,AEA,EN,Federal Contract Tower,0,12,20,1,33,0,1,40,1,42,0,13,60,2,75,58,0,58,133
12/28/2022,LYH,VA,AEA,EN,Federal Contract Tower,0,9,15,4,28,0,9,57,0,66,0,18,72,4,94,58,0,58,152
12/29/2022,LYH,VA,AEA,EN,Federal Contract Tower,0,10,7,4,21,0,3,52,4,59,0,13,59,8,80,22,0,22,102
12/30/2022,LYH,VA,AEA,EN,Federal Contract Tower,0,7,12,0,19,0,1,97,0,98,0,8,109,0,117,126,0,126,243
12/31/2022,LYH,VA,AEA,EN,Federal Contract Tower,0,8,2,0,10,0,0,0,0,0,0,8,2,0,10,0,0,0,10
01/01/2023,LYH,VA,AEA,EN,Federal Contract Tower,0,10,8,0,18,0,1,18,0,19,0,11,26,0,37,28,0,28,65
01/02/2023,LYH,VA,AEA,EN,Federal Contract Tower,0,11,12,0,23,0,3,62,0,65,0,14,74,0,88,106,0,106,194
01/03/2023,LYH,VA,AEA,EN,Federal Contract Tower,0,11,30,0,41,0,4,83,0,87,0,15,113,0,128,194,0,194,322
01/04/2023,LYH,VA,AEA,EN,Federal Contract Tower,0,7,10,3,20,0,1,6,0,7,0,8,16,3,27,0,2,2,29
01/05/2023,LYH,VA,AEA,EN,Federal Contract Tower,0,11,22,0,33,0,0,118,5,123,0,11,140,5,156,212,6,218,374
01/06/2023,LYH,VA,AEA,EN,Federal Contract Tower,0,7,22,0,29,0,2,75,4,81,0,9,97,4,110,94,0,94,204
01/07/2023,LYH,VA,AEA,EN,Federal Contract Tower,0,13,15,1,29,0,0,54,1,55,0,13,69,2,84,74,0,74,158
01/08/2023,LYH,VA,AEA,EN,Federal Contract Tower,0,13,3,0,16,0,0,4,0,4,0,13,7,0,20,4,0,4,24
01/09/2023,LYH,VA,AEA,EN,Federal Contract Tower,0,11,22,0,33,0,0,52,0,52,0,11,74,0,85,124,0,124,209
01/10/2023,LYH,VA,AEA,EN,Federal Contract Tower,0,10,32,4,46,0,0,56,5,61,0,10,88,9,107,122,12,134,241
01/11/2023,LYH,VA,AEA,EN,Federal Contract Tower,0,9,22,0,31,0,5,81,0,86,0,14,103,0,117,126,0,126,243
01/12/2023,LYH,VA,AEA,EN,Federal Contract Tower,0,12,15,1,28,0,0,14,0,14,0,12,29,1,42,56,0,56,98
01/13/2023,LYH,VA,AEA,EN,Federal Contract Tower,0,12,12,5,29,0,0,34,0,34,0,12,46,5,63,46,0,46,109
01/14/2023,LYH,VA,AEA,EN,Federal Contract Tower,0,15,7,2,24,0,3,8,0,11,0,18,15,2,35,0,0,0,35
01/16/2023,LYH,VA,AEA,EN,Federal Contract Tower,0,14,11,0,25,0,6,61,0,67,0,20,72,0,92,154,0,154,246
01/17/2023,LYH,VA,AEA,EN,Federal Contract Tower,0,17,1,0,18,0,0,6,0,6,0,17,7,0,24,12,0,12,36
01/18/2023,LYH,VA,AEA,EN,Federal Contract Tower,0,14,22,0,36,0,3,146,0,149,0,17,168,0,185,264,0,264,449
01/20/2023,LYH,VA,AEA,EN,Federal Contract Tower,0,12,36,0,48,0,1,63,0,64,0,13,99,0,112,42,0,42,154
01/21/2023,LYH,VA,AEA,EN,Federal Contract Tower,0,11,17,0,28,0,1,79,0,80,0,12,96,0,108,124,0,124,232
01/22/2023,LYH,VA,AEA,EN,Federal Contract Tower,0,9,8,0,17,0,0,0,0,0,0,9,8,0,17,0,0,0,17
01/23/2023,LYH,VA,AEA,EN,Federal Contract Tower,0,16,35,0,51,0,2,102,0,104,0,18,137,0,155,218,0,218,373
01/24/2023,LYH,VA,AEA,EN,Federal Contract Tower,0,13,23,0,36,0,2,145,8,155,0,15,168,8,191,314,0,314,505
01/25/2023,LYH,VA,AEA,EN,Federal Contract Tower,0,11,1,0,12,0,0,0,0,0,0,11,1,0,12,0,0,0,12
01/26/2023,LYH,VA,AEA,EN,Federal Contract Tower,0,15,30,1,46,0,0,64,10,74,0,15,94,11,120,86,30,116,236
01/27/2023,LYH,VA,AEA,EN,Federal Contract Tower,0,14,68,3,85,0,4,191,0,195,0,18,259,3,280,206,0,206,486
01/28/2023,LYH,VA,AEA,EN,Federal Contract Tower,0,14,20,0,34,0,1,94,0,95,0,15,114,0,129,118,0,118,247
01/29/2023,LYH,VA,AEA,EN,Federal Contract Tower,0,10,2,0,12,0,0,2,0,2,0,10,4,0,14,6,0,6,20
01/30/2023,LYH,VA,AEA,EN,Federal Contract Tower,0,16,46,7,69,0,0,165,2,167,0,16,211,9,236,394,0,394,630
01/31/2023,LYH,VA,AEA,EN,Federal Contract Tower,0,12,13,2,27,0,0,12,0,12,0,12,25,2,39,48,0,48,87
02/01/2023,LYH,VA,AEA,EN,Federal Contract Tower,0,11,4,3,18,0,0,0,0,0,0,11,4,3,18,0,0,0,18
02/02/2023,LYH,VA,AEA,EN,Federal Contract Tower,0,13,15,0,28,0,0,2,0,2,0,13,17,0,30,0,0,0,30
02/03/2023,LYH,VA,AEA,EN,Federal Contract Tower,0,13,43,0,56,0,2,121,0,123,0,15,164,0,179,148,0,148,327
02/04/2023,LYH,VA,AEA,EN,Federal Contract Tower,0,13,12,0,25,0,0,122,9,131,0,13,134,9,156,152,0,152,308
02/05/2023,LYH,VA,AEA,EN,Federal Contract Tower,0,13,14,1,28,0,2,20,9,31,0,15,34,10,59,28,0,28,87
02/06/2023,LYH,VA,AEA,EN,Federal Contract Tower,0,14,9,0,23,0,1,162,2,165,0,15,171,2,188,396,0,396,584
02/07/2023,LYH,VA,AEA,EN,Federal Contract Tower,0,11,20,0,31,0,1,174,0,175,0,12,194,0,206,335,0,335,541
02/08/2023,LYH,VA,AEA,EN,Federal Contract Tower,0,16,22,2,40,0,0,193,2,195,0,16,215,4,235,354,10,364,599
02/09/2023,LYH,VA,AEA,EN,Federal Contract Tower,0,13,8,0,21,0,0,52,0,52,0,13,60,0,73,144,0,144,217
02/10/2023,LYH,VA,AEA,EN,Federal Contract Tower,0,18,51,0,69,0,3,155,8,166,0,21,206,8,235,282,0,282,517
02/11/2023,LYH,VA,AEA,EN,Federal Contract Tower,0,11,27,8,46,0,1,70,0,71,0,12,97,8,117,190,0,190,307
02/12/2023,LYH,VA,AEA,EN,Federal Contract Tower,0,8,2,0,10,0,0,0,0,0,0,8,2,0,10,0,0,0,10
02/13/2023,LYH,VA,AEA,EN,Federal Contract Tower,0,10,44,0,54,0,1,164,8,173,0,11,208,8,227,420,0,420,647
02/14/2023,LYH,VA,AEA,EN,Federal Contract Tower,0,9,38,1,48,0,0,199,4,203,0,9,237,5,251,284,0,284,535
02/15/2023,LYH,VA,AEA,EN,Federal Contract Tower,0,10,32,3,45,0,0,158,2,160,0,10,190,5,205,384,0,384,589
02/16/2023,LYH,VA,AEA,EN,Federal Contract Tower,0,10,30,0,40,0,0,70,0,70,0,10,100,0,110,122,0,122,232
02/17/2023,LYH,VA,AEA,EN,Federal Contract Tower,0,10,10,0,20,0,0,5,0,5,0,10,15,0,25,2,0,2,27
02/18/2023,LYH,VA,AEA,EN,Federal Contract Tower,0,10,16,0,26,0,0,116,0,116,0,10,132,0,142,128,0,128,270
02/19/2023,LYH,VA,AEA,EN,Federal Contract Tower,0,7,17,0,24,0,1,20,0,21,0,8,37,0,45,8,0,8,53
02/20/2023,LYH,VA,AEA,EN,Federal Contract Tower,0,9,29,0,38,0,3,196,0,199,0,12,225,0,237,364,0,364,601
02/21/2023,LYH,VA,AEA,EN,Federal Contract Tower,0,11,26,3,40,0,0,106,0,106,0,11,132,3,146,164,0,164,310
02/22/2023,LYH,VA,AEA,EN,Federal Contract Tower,0,10,37,4,51,0,2,119,0,121,0,12,156,4,172,410,0,410,582
02/24/2023,LYH,VA,AEA,EN,Federal Contract Tower,0,14,24,0,38,0,1,42,6,49,0,15,66,6,87,46,0,46,133
02/25/2023,LYH,VA,AEA,EN,Federal Contract Tower,0,10,8,0,18,0,0,12,0,12,0,10,20,0,30,8,0,8,38
02/26/2023,LYH,VA,AEA,EN,Federal Contract Tower,0,13,26,0,39,0,0,25,0,25,0,13,51,0,64,54,0,54,118
02/27/2023,LYH,VA,AEA,EN,Federal Contract Tower,0,9,26,0,35,0,0,92,0,92,0,9,118,0,127,218,0,218,345
02/28/2023,LYH,VA,AEA,EN,Federal Contract Tower,0,11,25,4,40,0,1,185,0,186,0,12,210,4,226,264,0,264,490
03/01/2023,LYH,VA,AEA,EN,Federal Contract Tower,0,13,70,0,83,0,1,180,2,183,0,14,250,2,266,282,0,282,548
03/02/2023,LYH,VA,AEA,EN,Federal Contract Tower,0,16,40,0,56,0,4,183,0,187,0,20,223,0,243,334,0,334,577
03/03/2023,LYH,VA,AEA,EN,Federal Contract Tower,0,12,7,0,19,0,0,7,0,7,0,12,14,0,26,46,0,46,72
03/04/2023,LYH,VA,AEA,EN,Federal Contract Tower,2,13,18,0,33,0,2,30,0,32,2,15,48,0,65,24,0,24,89
03/05/2023,LYH,VA,AEA,EN,Federal Contract Tower,0,9,15,0,24,0,2,87,0,89,0,11,102,0,113,72,0,72,185
03/06/2023,LYH,VA,AEA,EN,Federal Contract Tower,0,10,52,0,62,0,3,235,6,244,0,13,287,6,306,364,0,364,670
03/07/2023,LYH,VA,AEA,EN,Federal Contract Tower,0,9,31,0,40,0,0,104,4,108,0,9,135,4,148,38,6,44,192
03/08/2023,LYH,VA,AEA,EN,Federal Contract Tower,0,11,39,0,50,0,4,195,0,199,0,15,234,0,249,306,0,306,555
03/09/2023,LYH,VA,AEA,EN,Federal Contract Tower,0,11,39,0,50,0,8,226,0,234,0,19,265,0,284,336,0,336,620
03/10/2023,LYH,VA,AEA,EN,Federal Contract Tower,0,12,16,1,29,0,0,4,0,4,0,12,20,1,33,8,0,8,41
03/11/2023,LYH,VA,AEA,EN,Federal Contract Tower,0,10,20,0,30,0,0,71,0,71,0,10,91,0,101,44,0,44,145
03/12/2023,LYH,VA,AEA,EN,Federal Contract Tower,0,7,6,0,13,0,0,0,0,0,0,7,6,0,13,0,0,0,13
03/13/2023,LYH,VA,AEA,EN,Federal Contract Tower,0,10,26,0,36,0,7,115,0,122,0,17,141,0,158,234,0,234,392
03/14/2023,LYH,VA,AEA,EN,Federal Contract Tower,0,10,5,0,15,0,0,23,0,23,0,10,28,0,38,64,0,64,102
03/16/2023,LYH,VA,AEA,EN,Federal Contract Tower,0,8,34,0,42,0,2,207,0,209,0,10,241,0,251,352,0,352,603
03/17/2023,LYH,VA,AEA,EN,Federal Contract Tower,0,12,3,0,15,0,0,62,0,62,0,12,65,0,77,168,0,168,245
03/18/2023,LYH,VA,AEA,EN,Federal Contract Tower,0,13,5,4,22,0,3,40,2,45,0,16,45,6,67,46,0,46,113
03/19/2023,LYH,VA,AEA,EN,Federal Contract Tower,0,10,13,4,27,0,4,40,0,44,0,14,53,4,71,16,4,20,91
03/20/2023,LYH,VA,AEA,EN,Federal Contract Tower,0,14,18,0,32,0,3,121,0,124,0,17,139,0,156,232,0,232,388
03/21/2023,LYH,VA,AEA,EN,Federal Contract Tower,0,9,34,5,48,0,3,178,4,185,0,12,212,9,233,276,0,276,509
03/22/2023,LYH,VA,AEA,EN,Federal Contract Tower,0,13,39,0,52,0,2,143,0,145,0,15,182,0,197,294,0,294,491
03/23/2023,LYH,VA,AEA,EN,Federal Contract Tower,0,15,19,6,40,0,3,107,0,110,0,18,126,6,150,208,4,212,362
03/24/2023,LYH,VA,AEA,EN,Federal Contract Tower,0,7,25,1,33,0,0,151,0,151,0,7,176,1,184,246,0,246,430
03/25/2023,LYH,VA,AEA,EN,Federal Contract Tower,0,12,13,0,25,0,1,3,0,4,0,13,16,0,29,0,0,0,29
03/26/2023,LYH,VA,AEA,EN,Federal Contract Tower,0,12,25,1,38,0,3,57,0,60,0,15,82,1,98,46,0,46,144
03/27/2023,LYH,VA,AEA,EN,Federal Contract Tower,0,9,39,5,53,0,6,76,1,83,0,15,115,6,136,178,0,178,314
03/28/2023,LYH,VA,AEA,EN,Federal Contract Tower,0,13,43,5,61,0,0,167,2,169,0,13,210,7,230,262,0,262,492
03/29/2023,LYH,VA,AEA,EN,Federal Contract Tower,0,8,50,5,63,0,5,159,7,171,0,13,209,12,234,310,0,310,544
03/30/2023,LYH,VA,AEA,EN,Federal Contract Tower,0,10,52,0,62,0,7,230,0,237,0,17,282,0,299,354,0,354,653
03/31/2023,LYH,VA,AEA,EN,Federal Contract Tower,1,12,16,0,29,0,4,44,0,48,1,16,60,0,77,102,0,102,179
04/01/2023,LYH,VA,AEA,EN,Federal Contract Tower,1,11,13,0,25,0,0,2,0,2,1,11,15,0,27,0,0,0,27
04/02/2023,LYH,VA,AEA,EN,Federal Contract Tower,0,10,18,0,28,0,0,52,0,52,0,10,70,0,80,38,0,38,118
04/03/2023,LYH,VA,AEA,EN,Federal Contract Tower,0,10,40,0,50,0,3,143,0,146,0,13,183,0,196,285,0,285,481
04/04/2023,LYH,VA,AEA,EN,Federal Contract Tower,0,8,49,2,59,0,2,201,2,205,0,10,250,4,264,250,2,252,516
04/05/2023,LYH,VA,AEA,EN,Federal Contract Tower,0,12,28,1,41,0,1,131,2,134,0,13,159,3,175,178,0,178,353
04/06/2023,LYH,VA,AEA,EN,Federal Contract Tower,0,18,23,3,44,0,4,101,1,106,0,22,124,4,150,215,0,215,365
04/07/2023,LYH,VA,AEA,EN,Federal Contract Tower,0,11,23,4,38,0,1,37,0,38,0,12,60,4,76,96,0,96,172
04/08/2023,LYH,VA,AEA,EN,Federal Contract Tower,0,9,22,0,31,0,7,37,0,44,0,16,59,0,75,34,0,34,109
04/09/2023,LYH,VA,AEA,EN,Federal Contract Tower,0,12,8,0,20,0,2,20,0,22,0,14,28,0,42,24,0,24,66
04/10/2023,LYH,VA,AEA,EN,Federal Contract Tower,0,10,13,6,29,0,5,53,0,58,0,15,66,6,87,60,0,60,147
04/11/2023,LYH,VA,AEA,EN,Federal Contract Tower,0,9,43,2,54,0,3,177,4,184,0,12,220,6,238,280,0,280,518
04/12/2023,LYH,VA,AEA,EN,Federal Contract Tower,0,10,36,2,48,0,0,191,2,193,0,10,227,4,241,314,2,316,557
04/13/2023,LYH,VA,AEA,EN,Federal Contract Tower,0,11,46,0,57,0,1,204,4,209,0,12,250,4,266,300,0,300,566
04/14/2023,LYH,VA,AEA,EN,Federal Contract Tower,0,18,37,0,55,0,0,74,0,74,0,18,111,0,129,260,0,260,389
04/15/2023,LYH,VA,AEA,EN,Federal Contract Tower,0,10,17,6,33,0,0,40,0,40,0,10,57,6,73,130,0,130,203
04/16/2023,LYH,VA,AEA,EN,Federal Contract Tower,0,12,14,0,26,0,0,2,0,2,0,12,16,0,28,22,0,22,50
04/17/2023,LYH,VA,AEA,EN,Federal Contract Tower,0,13,16,0,29,0,2,61,0,63,0,15,77,0,92,96,10,106,198
04/18/2023,LYH,VA,AEA,EN,Federal Contract Tower,0,9,20,0,29,0,2,63,4,69,0,11,83,4,98,122,0,122,220
04/19/2023,LYH,VA,AEA,EN,Federal Contract Tower,0,18,35,2,55,0,4,203,0,207,0,22,238,2,262,398,0,398,660
04/20/2023,LYH,VA,AEA,EN,Federal Contract Tower,0,9,34,2,45,0,0,189,0,189,0,9,223,2,234,276,2,278,512
04/21/2023,LYH,VA,AEA,EN,Federal Contract Tower,0,11,30,2,43,0,5,174,2,181,0,16,204,4,224,286,0,286,510
04/22/2023,LYH,VA,AEA,EN,Federal Contract Tower,0,10,4,0,14,0,0,18,0,18,0,10,22,0,32,28,0,28,60
04/23/2023,LYH,VA,AEA,EN,Federal Contract Tower,0,14,16,3,33,0,0,49,0,49,0,14,65,3,82,16,0,16,98
04/24/2023,LYH,VA,AEA,EN,Federal Contract Tower,0,24,30,4,58,0,0,187,0,187,0,24,217,4,245,396,0,396,641
04/25/2023,LYH,VA,AEA,EN,Federal Contract Tower,0,14,42,0,56,0,4,173,2,179,0,18,215,2,235,376,0,376,611
04/26/2023,LYH,VA,AEA,EN,Federal Contract Tower,0,11,38,1,50,0,4,186,2,192,0,15,224,3,242,356,0,356,598
04/27/2023,LYH,VA,AEA,EN,Federal Contract Tower,0,21,33,2,56,0,2,142,2,146,0,23,175,4,202,280,8,288,490
04/28/2023,LYH,VA,AEA,EN,Federal Contract Tower,0,12,26,1,39,0,0,9,1,10,0,12,35,2,49,14,0,14,63
04/29/2023,LYH,VA,AEA,EN,Federal Contract Tower,0,15,20,0,35,0,1,69,0,70,0,16,89,0,105,146,0,146,251
04/30/2023,LYH,VA,AEA,EN,Federal Contract Tower,0,14,11,2,27,0,3,12,0,15,0,17,23,2,42,10,0,10,52
05/01/2023,LYH,VA,AEA,EN,Federal Contract Tower,0,10,20,0,30,0,2,99,0,101,0,12,119,0,131,208,0,208,339
05/02/2023,LYH,VA,AEA,EN,Federal Contract Tower,0,16,17,0,33,0,0,51,0,51,0,16,68,0,84,68,0,68,152
05/03/2023,LYH,VA,AEA,EN,Federal Contract Tower,0,21,17,0,38,0,2,69,0,71,0,23,86,0,109,128,0,128,237
05/04/2023,LYH,VA,AEA,EN,Federal Contract Tower,0,13,45,0,58,0,1,167,7,175,0,14,212,7,233,276,0,276,509
05/05/2023,LYH,VA,AEA,EN,Federal Contract Tower,0,14,26,0,40,0,1,180,2,183,0,15,206,2,223,286,0,286,509
05/06/2023,LYH,VA,AEA,EN,Federal Contract Tower,0,11,22,0,33,0,0,80,0,80,0,11,102,0,113,76,0,76,189
05/07/2023,LYH,VA,AEA,EN,Federal Contract Tower,0,9,10,0,19,0,2,35,0,37,0,11,45,0,56,34,0,34,90
05/08/2023,LYH,VA,AEA,EN,Federal Contract Tower,0,7,22,0,29,0,4,167,0,171,0,11,189,0,200,326,0,326,526
05/09/2023,LYH,VA,AEA,EN,Federal Contract Tower,0,15,31,0,46,0,4,79,2,85,0,19,110,2,131,232,0,232,363
05/10/2023,LYH,VA,AEA,EN,Federal Contract Tower,0,11,50,2,63,0,0,120,0,120,0,11,170,2,183,174,8,182,365
05/11/2023,LYH,VA,AEA,EN,Federal Contract Tower,0,9,31,5,45,0,3,165,2,170,0,12,196,7,215,260,2,262,477
05/12/2023,LYH,VA,AEA,EN,Federal Contract Tower,0,19,24,8,51,0,0,83,1,84,0,19,107,9,135,20,6,26,161
05/13/2023,LYH,VA,AEA,EN,Federal Contract Tower,0,17,16,0,33,0,5,49,0,54,0,22,65,0,87,0,0,0,87
05/14/2023,LYH,VA,AEA,EN,Federal Contract Tower,0,16,17,0,33,0,1,22,0,23,0,17,39,0,56,2,0,2,58
05/15/2023,LYH,VA,AEA,EN,Federal Contract Tower,0,9,42,2,53,0,0,82,0,82,0,9,124,2,135,164,0,164,299
05/16/2023,LYH,VA,AEA,EN,Federal Contract Tower,0,8,23,0,31,0,2,70,4,76,0,10,93,4,107,204,6,210,317
05/17/2023,LYH,VA,AEA,EN,Federal Contract Tower,0,23,44,5,72,0,6,149,2,157,0,29,193,7,229,264,4,268,497
05/18/2023,LYH,VA,AEA,EN,Federal Contract Tower,0,10,31,4,45,0,0,135,2,137,0,10,166,6,182,246,0,246,428
05/19/2023,LYH,VA,AEA,EN,Federal Contract Tower,0,18,56,0,74,0,3,137,2,142,0,21,193,2,216,278,0,278,494
05/20/2023,LYH,VA,AEA,EN,Federal Contract Tower,0,9,10,0,19,0,3,60,0,63,0,12,70,0,82,80,0,80,162
05/21/2023,LYH,VA,AEA,EN,Federal Contract Tower,2,8,12,0,22,0,1,58,0,59,2,9,70,0,81,52,0,52,133
05/22/2023,LYH,VA,AEA,EN,Federal Contract Tower,0,15,45,1,61,0,2,121,0,123,0,17,166,1,184,252,0,252,436
05/23/2023,LYH,VA,AEA,EN,Federal Contract Tower,0,11,37,7,55,0,4,138,0,142,0,15,175,7,197,194,10,204,401
05/24/2023,LYH,VA,AEA,EN,Federal Contract Tower,0,11,50,4,65,0,1,135,6,142,0,12,185,10,207,176,16,192,399
05/25/2023,LYH,VA,AEA,EN,Federal Contract Tower,0,8,60,6,74,0,0,125,4,129,0,8,185,10,203,218,6,224,427
05/26/2023,LYH,VA,AEA,EN,Federal Contract Tower,0,8,27,0,35,0,2,136,0,138,0,10,163,0,173,264,0,264,437
05/27/2023,LYH,VA,AEA,EN,Federal Contract Tower,0,11,11,0,22,0,0,27,2,29,0,11,38,2,51,40,0,40,91
05/28/2023,LYH,VA,AEA,EN,Federal Contract Tower,0,13,9,0,22,0,0,2,0,2,0,13,11,0,24,2,0,2,26
05/29/2023,LYH,VA,AEA,EN,Federal Contract Tower,0,12,9,0,21,0,0,0,0,0,0,12,9,0,21,0,0,0,21
05/30/2023,LYH,VA,AEA,EN,Federal Contract Tower,0,16,49,0,65,0,0,0,0,0,0,16,49,0,65,0,0,0,65
05/31/2023,LYH,VA,AEA,EN,Federal Contract Tower,0,9,42,11,62,0,7,146,2,155,0,16,188,13,217,358,18,376,593
06/01/2023,LYH,VA,AEA,EN,Federal Contract Tower,0,12,39,0,51,0,0,166,0,166,0,12,205,0,217,146,0,146,363
06/02/2023,LYH,VA,AEA,EN,Federal Contract Tower,0,9,39,0,48,0,0,113,1,114,0,9,152,1,162,158,0,158,320
06/03/2023,LYH,VA,AEA,EN,Federal Contract Tower,0,11,6,2,19,0,2,49,5,56,0,13,55,7,75,98,0,98,173
06/04/2023,LYH,VA,AEA,EN,Federal Contract Tower,0,11,16,0,27,0,4,22,2,28,0,15,38,2,55,72,2,74,129
06/05/2023,LYH,VA,AEA,EN,Federal Contract Tower,0,10,34,0,44,0,3,119,3,125,0,13,153,3,169,194,0,194,363
06/06/2023,LYH,VA,AEA,EN,Federal Contract Tower,0,13,29,3,45,0,1,121,3,125,0,14,150,6,170,292,4,296,466
06/07/2023,LYH,VA,AEA,EN,Federal Contract Tower,0,12,34,3,49,0,5,116,7,128,0,17,150,10,177,278,14,292,469
06/08/2023,LYH,VA,AEA,EN,Federal Contract Tower,0,18,35,0,53,0,1,135,0,136,0,19,170,0,189,234,0,234,423
06/09/2023,LYH,VA,AEA,EN,Federal Contract Tower,0,14,25,7,46,0,0,122,4,126,0,14,147,11,172,136,22,158,330
06/10/2023,LYH,VA,AEA,EN,Federal Contract Tower,0,10,6,0,16,0,0,95,0,95,0,10,101,0,111,84,0,84,195
06/11/2023,LYH,VA,AEA,EN,Federal Contract Tower,0,11,14,0,25,0,2,11,0,13,0,13,25,0,38,10,0,10,48
06/12/2023,LYH,VA,AEA,EN,Federal Contract Tower,0,9,22,0,31,0,0,38,0,38,0,9,60,0,69,118,0,118,187
06/13/2023,LYH,VA,AEA,EN,Federal Contract Tower,0,14,23,0,37,0,1,149,4,154,0,15,172,4,191,234,0,234,425
06/15/2023,LYH,VA,AEA,EN,Federal Contract Tower,0,11,16,0,27,0,2,185,1,188,0,13,201,1,215,288,0,288,503
06/16/2023,LYH,VA,AEA,EN,Federal Contract Tower,0,13,20,5,38,0,3,170,2,175,0,16,190,7,213,336,6,342,555
06/17/2023,LYH,VA,AEA,EN,Federal Contract Tower,0,10,13,0,23,0,2,99,0,101,0,12,112,0,124,132,0,132,256
06/18/2023,LYH,VA,AEA,EN,Federal Contract Tower,0,13,9,0,22,0,3,31,0,34,0,16,40,0,56,0,0,0,56
06/19/2023,LYH,VA,AEA,EN,Federal Contract Tower,0,9,27,0,36,0,0,10,0,10,0,9,37,0,46,20,0,20,66
06/20/2023,LYH,VA,AEA,EN,Federal Contract Tower,0,13,18,0,31,0,0,4,0,4,0,13,22,0,35,32,0,32,67
06/21/2023,LYH,VA,AEA,EN,Federal Contract Tower,0,16,5,2,23,0,0,2,0,2,0,16,7,2,25,12,0,12,37
06/22/2023,LYH,VA,AEA,EN,Federal Contract Tower,0,22,23,0,45,0,0,0,0,0,0,22,23,0,45,0,0,0,45
06/23/2023,LYH,VA,AEA,EN,Federal Contract Tower,0,13,23,0,36,0,0,8,0,8,0,13,31,0,44,16,0,16,60
06/24/2023,LYH,VA,AEA,EN,Federal Contract Tower,0,11,18,0,29,0,0,80,0,80,0,11,98,0,109,72,0,72,181
06/25/2023,LYH,VA,AEA,EN,Federal Contract Tower,2,13,16,0,31,0,0,52,0,52,2,13,68,0,83,46,0,46,129
06/26/2023,LYH,VA,AEA,EN,Federal Contract Tower,0,16,18,0,34,0,0,127,0,127,0,16,145,0,161,202,0,202,363
06/27/2023,LYH,VA,AEA,EN,Federal Contract Tower,0,14,25,1,40,0,0,143,18,161,0,14,168,19,201,188,0,188,389
06/28/2023,LYH,VA,AEA,EN,Federal Contract Tower,0,12,38,0,50,0,0,206,1,207,0,12,244,1,257,310,0,310,567
06/29/2023,LYH,VA,AEA,EN,Federal Contract Tower,0,17,34,1,52,0,0,53,4,57,0,17,87,5,109,206,0,206,315
06/30/2023,LYH,VA,AEA,EN,Federal Contract Tower,0,12,37,0,49,0,0,78,0,78,0,12,115,0,127,242,0,242,369
07/01/2023,LYH,VA,AEA,EN,Federal Contract Tower,0,11,21,0,32,0,0,17,0,17,0,11,38,0,49,88,0,88,137
07/02/2023,LYH,VA,AEA,EN,Federal Contract Tower,0,9,7,0,16,0,2,14,0,16,0,11,21,0,32,0,0,0,32
07/03/2023,LYH,VA,AEA,EN,Federal Contract Tower,0,9,10,0,19,0,5,49,0,54,0,14,59,0,73,32,0,32,105
07/04/2023,LYH,VA,AEA,EN,Federal Contract Tower,0,6,2,0,8,0,1,51,0,52,0,7,53,0,60,104,0,104,164
07/05/2023,LYH,VA,AEA,EN,Federal Contract Tower,0,12,31,0,43,0,5,170,0,175,0,17,201,0,218,234,0,234,452
07/06/2023,LYH,VA,AEA,EN,Federal Contract Tower,0,25,19,3,47,0,0,203,1,204,0,25,222,4,251,374,0,374,625
07/07/2023,LYH,VA,AEA,EN,Federal Contract Tower,0,11,23,0,34,0,3,127,0,130,0,14,150,0,164,192,0,192,356
07/08/2023,LYH,VA,AEA,EN,Federal Contract Tower,0,8,27,0,35,0,8,88,0,96,0,16,115,0,131,116,0,116,247
07/09/2023,LYH,VA,AEA,EN,Federal Contract Tower,0,12,13,4,29,0,0,12,0,12,0,12,25,4,41,12,0,12,53
07/10/2023,LYH,VA,AEA,EN,Federal Contract Tower,0,19,17,4,40,0,6,165,1,172,0,25,182,5,212,206,0,206,418
07/11/2023,LYH,VA,AEA,EN,Federal Contract Tower,0,12,24,4,40,0,1,163,2,166,0,13,187,6,206,236,4,240,446
07/12/2023,LYH,VA,AEA,EN,Federal Contract Tower,0,15,27,0,42,0,7,146,0,153,0,22,173,0,195,200,0,200,395
07/13/2023,LYH,VA,AEA,EN,Federal Contract Tower,0,16,14,0,30,0,0,123,4,127,0,16,137,4,157,154,12,166,323
07/14/2023,LYH,VA,AEA,EN,Federal Contract Tower,1,15,23,0,39,0,3,26,0,29,1,18,49,0,68,66,2,68,136
07/15/2023,LYH,VA,AEA,EN,Federal Contract Tower,1,10,16,0,27,0,0,37,0,37,1,10,53,0,64,18,0,18,82
07/16/2023,LYH,VA,AEA,EN,Federal Contract Tower,0,12,13,0,25,0,0,26,0,26,0,12,39,0,51,10,0,10,61
07/17/2023,LYH,VA,AEA,EN,Federal Contract Tower,0,15,45,0,60,0,1,28,2,31,0,16,73,2,91,90,0,90,181
07/18/2023,LYH,VA,AEA,EN,Federal Contract Tower,0,17,31,0,48,0,3,184,0,187,0,20,215,0,235,264,0,264,499
07/19/2023,LYH,VA,AEA,EN,Federal Contract Tower,0,16,33,2,51,0,2,119,0,121,0,18,152,2,172,154,0,154,326
07/21/2023,LYH,VA,AEA,EN,Federal Contract Tower,0,11,29,0,40,0,2,126,2,130,0,13,155,2,170,174,0,174,344
07/22/2023,LYH,VA,AEA,EN,Federal Contract Tower,0,12,9,0,21,0,4,79,0,83,0,16,88,0,104,96,0,96,200
07/23/2023,LYH,VA,AEA,EN,Federal Contract Tower,0,12,9,2,23,0,1,21,0,22,0,13,30,2,45,16,2,18,63
07/24/2023,LYH,VA,AEA,EN,Federal Contract Tower,0,11,27,7,45,0,5,66,0,71,0,16,93,7,116,156,0,156,272
07/25/2023,LYH,VA,AEA,EN,Federal Contract Tower,0,16,32,4,52,0,2,127,0,129,0,18,159,4,181,222,0,222,403
07/26/2023,LYH,VA,AEA,EN,Federal Contract Tower,2,16,29,0,47,0,1,173,0,174,2,17,202,0,221,304,0,304,525
07/27/2023,LYH,VA,AEA,EN,Federal Contract Tower,1,12,24,0,37,0,2,143,0,145,1,14,167,0,182,280,0,280,462
07/28/2023,LYH,VA,AEA,EN,Federal Contract Tower,0,16,27,17,60,0,1,116,4,121,0,17,143,21,181,253,4,257,438
07/29/2023,LYH,VA,AEA,EN,Federal Contract Tower,0,11,11,0,22,0,3,62,0,65,0,14,73,0,87,58,0,58,145
07/30/2023,LYH,VA,AEA,EN,Federal Contract Tower,0,12,11,2,25,0,0,34,0,34,0,12,45,2,59,22,0,22,81
07/31/2023,LYH,VA,AEA,EN,Federal Contract Tower,0,11,21,0,32,0,0,115,0,115,0,11,136,0,147,194,6,200,347
08/01/2023,LYH,VA,AEA,EN,Federal Contract Tower,0,18,18,5,41,0,2,155,1,158,0,20,173,6,199,188,0,188,387
08/02/2023,LYH,VA,AEA,EN,Federal Contract Tower,0,10,19,2,31,0,2,170,0,172,0,12,189,2,203,206,2,208,411
08/03/2023,LYH,VA,AEA,EN,Federal Contract Tower,2,13,46,0,61,0,0,47,0,47,2,13,93,0,108,84,0,84,192
08/04/2023,LYH,VA,AEA,EN,Federal Contract Tower,0,10,49,0,59,0,1,38,0,39,0,11,87,0,98,102,0,102,200
08/05/2023,LYH,VA,AEA,EN,Federal Contract Tower,0,8,7,0,15,0,0,144,0,144,0,8,151,0,159,160,0,160,319
08/06/2023,LYH,VA,AEA,EN,Federal Contract Tower,0,7,21,5,33,0,0,88,2,90,0,7,109,7,123,208,0,208,331
08/07/2023,LYH,VA,AEA,EN,Federal Contract Tower,0,6,26,0,32,0,0,78,0,78,0,6,104,0,110,202,0,202,312
08/08/2023,LYH,VA,AEA,EN,Federal Contract Tower,0,13,33,0,46,0,0,157,0,157,0,13,190,0,203,262,0,262,465
08/09/2023,LYH,VA,AEA,EN,Federal Contract Tower,0,10,28,1,39,0,0,154,1,155,0,10,182,2,194,198,0,198,392
08/10/2023,LYH,VA,AEA,EN,Federal Contract Tower,0,9,26,2,37,0,1,51,1,53,0,10,77,3,90,132,0,132,222
08/11/2023,LYH,VA,AEA,EN,Federal Contract Tower,0,9,43,1,53,0,4,178,1,183,0,13,221,2,236,204,8,212,448
08/12/2023,LYH,VA,AEA,EN,Federal Contract Tower,0,9,13,0,22,0,1,79,0,80,0,10,92,0,102,156,0,156,258
08/13/2023,LYH,VA,AEA,EN,Federal Contract Tower,0,10,15,1,26,0,10,31,0,41,0,20,46,1,67,38,0,38,105
08/14/2023,LYH,VA,AEA,EN,Federal Contract Tower,0,12,19,0,31,0,2,71,0,73,0,14,90,0,104,116,0,116,220
08/15/2023,LYH,VA,AEA,EN,Federal Contract Tower,0,12,10,0,22,0,5,94,0,99,0,17,104,0,121,184,0,184,305
08/16/2023,LYH,VA,AEA,EN,Federal Contract Tower,0,14,19,0,33,0,0,121,3,124,0,14,140,3,157,272,0,272,429
08/17/2023,LYH,VA,AEA,EN,Federal Contract Tower,0,14,52,0,66,0,0,104,0,104,0,14,156,0,170,208,0,208,378
08/18/2023,LYH,VA,AEA,EN,Federal Contract Tower,0,12,24,0,36,0,6,106,0,112,0,18,130,0,148,188,0,188,336
08/19/2023,LYH,VA,AEA,EN,Federal Contract Tower,0,12,21,0,33,0,2,57,0,59,0,14,78,0,92,218,0,218,310
08/20/2023,LYH,VA,AEA,EN,Federal Contract Tower,0,11,9,0,20,0,2,45,0,47,0,13,54,0,67,172,0,172,239
08/21/2023,LYH,VA,AEA,EN,Federal Contract Tower,0,17,29,6,52,0,1,86,2,89,0,18,115,8,141,170,0,170,311
08/22/2023,LYH,VA,AEA,EN,Federal Contract Tower,0,15,13,0,28,0,5,79,0,84,0,20,92,0,112,306,0,306,418
08/23/2023,LYH,VA,AEA,EN,Federal Contract Tower,0,16,20,0,36,0,1,132,2,135,0,17,152,2,171,252,0,252,423
08/24/2023,LYH,VA,AEA,EN,Federal Contract Tower,0,13,27,1,41,0,3,143,0,146,0,16,170,1,187,230,0,230,417
08/25/2023,LYH,VA,AEA,EN,Federal Contract Tower,0,14,39,0,53,0,6,162,0,168,0,20,201,0,221,322,0,322,543
08/26/2023,LYH,VA,AEA,EN,Federal Contract Tower,0,13,14,0,27,0,1,76,0,77,0,14,90,0,104,84,0,84,188
08/27/2023,LYH,VA,AEA,EN,Federal Contract Tower,0,11,20,0,31,0,2,61,2,65,0,13,81,2,96,200,8,208,304
08/28/2023,LYH,VA,AEA,EN,Federal Contract Tower,0,13,47,2,62,0,0,62,0,62,0,13,109,2,124,174,8,182,306
08/29/2023,LYH,VA,AEA,EN,Federal Contract Tower,0,14,57,3,74,0,0,49,20,69,0,14,106,23,143,158,0,158,301
08/30/2023,LYH,VA,AEA,EN,Federal Contract Tower,0,16,36,2,54,0,2,144,2,148,0,18,180,4,202,248,0,248,450
08/31/2023,LYH,VA,AEA,EN,Federal Contract Tower,0,15,40,0,55,0,0,217,3,220,0,15,257,3,275,318,2,320,595
