01/01/2020,MAF,TX,ASW,CE,Combined TRACON& Tower with Radar,47,5,14,0,66,0,0,8,0,8,47,5,22,0,74,0,0,0,74
01/02/2020,MAF,TX,ASW,CE,Combined TRACON& Tower with Radar,50,14,28,2,94,0,2,8,0,10,50,16,36,2,104,4,0,4,108
01/03/2020,MAF,TX,ASW,CE,Combined TRACON& Tower with Radar,52,18,36,5,111,0,0,15,1,16,52,18,51,6,127,8,0,8,135
01/04/2020,MAF,TX,ASW,CE,Combined TRACON& Tower with Radar,37,10,28,2,77,0,0,5,1,6,37,10,33,3,83,25,0,25,108
01/05/2020,MAF,TX,ASW,CE,Combined TRACON& Tower with Radar,47,7,34,2,90,0,0,4,0,4,47,7,38,2,94,0,0,0,94
01/06/2020,MAF,TX,ASW,CE,Combined TRACON& Tower with Radar,48,15,27,12,102,0,0,20,2,22,48,15,47,14,124,0,0,0,124
01/07/2020,MAF,TX,ASW,CE,Combined TRACON& Tower with Radar,51,19,36,9,115,0,0,29,1,30,51,19,65,10,145,0,0,0,145
01/08/2020,MAF,TX,ASW,CE,Combined TRACON& Tower with Radar,54,23,38,7,122,0,0,21,1,22,54,23,59,8,144,0,0,0,144
01/09/2020,MAF,TX,ASW,CE,Combined TRACON& Tower with Radar,54,31,55,71,211,0,0,15,8,23,54,31,70,79,234,0,58,58,292
01/10/2020,MAF,TX,ASW,CE,Combined TRACON& Tower with Radar,52,15,36,115,218,0,0,7,5,12,52,15,43,120,230,0,50,50,280
01/11/2020,MAF,TX,ASW,CE,Combined TRACON& Tower with Radar,31,13,9,0,53,0,2,16,0,18,31,15,25,0,71,8,0,8,79
01/12/2020,MAF,TX,ASW,CE,Combined TRACON& Tower with Radar,50,10,29,4,93,0,0,18,0,18,50,10,47,4,111,13,0,13,124
01/13/2020,MAF,TX,ASW,CE,Combined TRACON& Tower with Radar,51,13,43,31,138,0,0,17,5,22,51,13,60,36,160,14,152,166,326
01/14/2020,MAF,TX,ASW,CE,Combined TRACON& Tower with Radar,48,23,57,34,162,0,0,17,13,30,48,23,74,47,192,0,54,54,246
01/15/2020,MAF,TX,ASW,CE,Combined TRACON& Tower with Radar,51,24,50,14,139,0,0,19,0,19,51,24,69,14,158,4,4,8,166
01/16/2020,MAF,TX,ASW,CE,Combined TRACON& Tower with Radar,50,24,65,0,139,0,0,0,0,0,50,24,65,0,139,0,0,0,139
01/17/2020,MAF,TX,ASW,CE,Combined TRACON& Tower with Radar,59,16,25,12,112,0,0,13,0,13,59,16,38,12,125,6,4,10,135
01/18/2020,MAF,TX,ASW,CE,Combined TRACON& Tower with Radar,24,12,22,2,60,0,0,12,0,12,24,12,34,2,72,0,0,0,72
01/19/2020,MAF,TX,ASW,CE,Combined TRACON& Tower with Radar,40,7,18,8,73,0,0,10,2,12,40,7,28,10,85,0,0,0,85
01/20/2020,MAF,TX,ASW,CE,Combined TRACON& Tower with Radar,51,13,51,3,118,0,0,21,6,27,51,13,72,9,145,14,0,14,159
01/21/2020,MAF,TX,ASW,CE,Combined TRACON& Tower with Radar,50,24,48,23,145,0,0,20,5,25,50,24,68,28,170,0,35,35,205
01/22/2020,MAF,TX,ASW,CE,Combined TRACON& Tower with Radar,54,23,40,31,148,0,0,20,14,34,54,23,60,45,182,0,0,0,182
01/23/2020,MAF,TX,ASW,CE,Combined TRACON& Tower with Radar,54,26,52,12,144,0,0,26,6,32,54,26,78,18,176,28,14,42,218
01/24/2020,MAF,TX,ASW,CE,Combined TRACON& Tower with Radar,52,16,49,45,162,0,0,19,2,21,52,16,68,47,183,14,12,26,209
01/25/2020,MAF,TX,ASW,CE,Combined TRACON& Tower with Radar,31,7,14,10,62,0,0,19,0,19,31,7,33,10,81,4,0,4,85
01/26/2020,MAF,TX,ASW,CE,Combined TRACON& Tower with Radar,46,12,31,15,104,0,1,34,3,38,46,13,65,18,142,14,0,14,156
01/27/2020,MAF,TX,ASW,CE,Combined TRACON& Tower with Radar,48,12,37,8,105,0,0,19,2,21,48,12,56,10,126,0,0,0,126
01/28/2020,MAF,TX,ASW,CE,Combined TRACON& Tower with Radar,50,21,55,34,160,0,2,5,15,22,50,23,60,49,182,2,40,42,224
01/29/2020,MAF,TX,ASW,CE,Combined TRACON& Tower with Radar,51,20,73,18,162,0,0,39,8,47,51,20,112,26,209,10,42,52,261
01/30/2020,MAF,TX,ASW,CE,Combined TRACON& Tower with Radar,52,21,55,22,150,0,0,13,0,13,52,21,68,22,163,14,36,50,213
01/31/2020,MAF,TX,ASW,CE,Combined TRACON& Tower with Radar,52,17,40,3,112,0,2,22,1,25,52,19,62,4,137,8,0,8,145
02/01/2020,MAF,TX,ASW,CE,Combined TRACON& Tower with Radar,29,14,12,2,57,0,0,26,3,29,29,14,38,5,86,36,0,36,122
02/02/2020,MAF,TX,ASW,CE,Combined TRACON& Tower with Radar,45,9,24,1,79,0,1,10,1,12,45,10,34,2,91,28,0,28,119
02/03/2020,MAF,TX,ASW,CE,Combined TRACON& Tower with Radar,50,20,50,8,128,0,0,14,3,17,50,20,64,11,145,0,32,32,177
02/04/2020,MAF,TX,ASW,CE,Combined TRACON& Tower with Radar,44,27,56,15,142,0,0,0,0,0,44,27,56,15,142,0,0,0,142
02/05/2020,MAF,TX,ASW,CE,Combined TRACON& Tower with Radar,0,0,4,0,4,0,0,0,0,0,0,0,4,0,4,0,0,0,4
02/06/2020,MAF,TX,ASW,CE,Combined TRACON& Tower with Radar,40,30,40,4,114,0,0,16,2,18,40,30,56,6,132,0,4,4,136
02/07/2020,MAF,TX,ASW,CE,Combined TRACON& Tower with Radar,49,24,42,11,126,0,0,33,1,34,49,24,75,12,160,0,0,0,160
02/08/2020,MAF,TX,ASW,CE,Combined TRACON& Tower with Radar,31,9,18,22,80,0,0,33,1,34,31,9,51,23,114,34,0,34,148
02/09/2020,MAF,TX,ASW,CE,Combined TRACON& Tower with Radar,46,10,19,25,100,0,0,15,2,17,46,10,34,27,117,0,0,0,117
02/10/2020,MAF,TX,ASW,CE,Combined TRACON& Tower with Radar,53,20,29,21,123,0,0,11,0,11,53,20,40,21,134,0,0,0,134
02/11/2020,MAF,TX,ASW,CE,Combined TRACON& Tower with Radar,52,20,27,3,102,0,0,0,0,0,52,20,27,3,102,0,0,0,102
02/12/2020,MAF,TX,ASW,CE,Combined TRACON& Tower with Radar,54,19,42,32,147,0,1,9,9,19,54,20,51,41,166,0,42,42,208
02/13/2020,MAF,TX,ASW,CE,Combined TRACON& Tower with Radar,52,15,77,29,173,0,0,30,8,38,52,15,107,37,211,14,18,32,243
02/14/2020,MAF,TX,ASW,CE,Combined TRACON& Tower with Radar,56,19,28,8,111,0,0,12,2,14,56,19,40,10,125,0,0,0,125
02/15/2020,MAF,TX,ASW,CE,Combined TRACON& Tower with Radar,32,7,13,6,58,0,0,17,0,17,32,7,30,6,75,36,0,36,111
02/16/2020,MAF,TX,ASW,CE,Combined TRACON& Tower with Radar,48,6,25,5,84,0,1,29,1,31,48,7,54,6,115,7,0,7,122
02/17/2020,MAF,TX,ASW,CE,Combined TRACON& Tower with Radar,52,13,52,2,119,0,0,26,0,26,52,13,78,2,145,0,0,0,145
02/18/2020,MAF,TX,ASW,CE,Combined TRACON& Tower with Radar,54,18,70,21,163,0,0,10,3,13,54,18,80,24,176,0,8,8,184
02/19/2020,MAF,TX,ASW,CE,Combined TRACON& Tower with Radar,57,20,62,50,189,0,0,10,0,10,57,20,72,50,199,8,13,21,220
02/20/2020,MAF,TX,ASW,CE,Combined TRACON& Tower with Radar,52,26,53,2,133,0,0,11,0,11,52,26,64,2,144,0,0,0,144
02/21/2020,MAF,TX,ASW,CE,Combined TRACON& Tower with Radar,59,26,32,27,144,0,1,25,2,28,59,27,57,29,172,0,68,68,240
02/22/2020,MAF,TX,ASW,CE,Combined TRACON& Tower with Radar,34,10,16,0,60,0,0,26,0,26,34,10,42,0,86,74,0,74,160
02/23/2020,MAF,TX,ASW,CE,Combined TRACON& Tower with Radar,49,6,39,7,101,0,0,6,0,6,49,6,45,7,107,16,6,22,129
02/24/2020,MAF,TX,ASW,CE,Combined TRACON& Tower with Radar,53,11,33,17,114,0,0,23,6,29,53,11,56,23,143,0,0,0,143
02/25/2020,MAF,TX,ASW,CE,Combined TRACON& Tower with Radar,54,20,52,8,134,0,0,33,1,34,54,20,85,9,168,0,16,16,184
02/26/2020,MAF,TX,ASW,CE,Combined TRACON& Tower with Radar,58,20,49,17,144,0,0,38,5,43,58,20,87,22,187,0,0,0,187
02/27/2020,MAF,TX,ASW,CE,Combined TRACON& Tower with Radar,55,18,76,20,169,0,0,41,9,50,55,18,117,29,219,30,25,55,274
02/28/2020,MAF,TX,ASW,CE,Combined TRACON& Tower with Radar,57,21,30,23,131,0,0,38,4,42,57,21,68,27,173,12,0,12,185
02/29/2020,MAF,TX,ASW,CE,Combined TRACON& Tower with Radar,32,7,16,1,56,0,0,19,0,19,32,7,35,1,75,14,0,14,89
03/01/2020,MAF,TX,ASW,CE,Combined TRACON& Tower with Radar,50,13,31,0,94,0,0,8,0,8,50,13,39,0,102,6,0,6,108
03/02/2020,MAF,TX,ASW,CE,Combined TRACON& Tower with Radar,53,14,42,22,131,0,0,24,6,30,53,14,66,28,161,13,15,28,189
03/03/2020,MAF,TX,ASW,CE,Combined TRACON& Tower with Radar,54,20,48,4,126,0,0,6,0,6,54,20,54,4,132,10,0,10,142
03/04/2020,MAF,TX,ASW,CE,Combined TRACON& Tower with Radar,54,24,43,2,123,0,0,1,0,1,54,24,44,2,124,0,0,0,124
03/05/2020,MAF,TX,ASW,CE,Combined TRACON& Tower with Radar,57,21,47,2,127,0,1,55,1,57,57,22,102,3,184,33,0,33,217
03/06/2020,MAF,TX,ASW,CE,Combined TRACON& Tower with Radar,57,17,28,22,124,0,1,28,4,33,57,18,56,26,157,4,0,4,161
03/07/2020,MAF,TX,ASW,CE,Combined TRACON& Tower with Radar,34,17,17,4,72,0,0,8,3,11,34,17,25,7,83,10,0,10,93
03/08/2020,MAF,TX,ASW,CE,Combined TRACON& Tower with Radar,48,5,14,14,81,0,0,8,0,8,48,5,22,14,89,0,0,0,89
03/09/2020,MAF,TX,ASW,CE,Combined TRACON& Tower with Radar,53,9,36,20,118,0,0,27,1,28,53,9,63,21,146,0,0,0,146
03/10/2020,MAF,TX,ASW,CE,Combined TRACON& Tower with Radar,51,29,56,10,146,0,0,21,2,23,51,29,77,12,169,6,38,44,213
03/11/2020,MAF,TX,ASW,CE,Combined TRACON& Tower with Radar,51,17,41,6,115,0,0,25,2,27,51,17,66,8,142,10,42,52,194
03/12/2020,MAF,TX,ASW,CE,Combined TRACON& Tower with Radar,57,17,46,1,121,0,0,29,0,29,57,17,75,1,150,0,0,0,150
03/13/2020,MAF,TX,ASW,CE,Combined TRACON& Tower with Radar,51,23,33,15,122,0,0,0,0,0,51,23,33,15,122,0,0,0,122
03/14/2020,MAF,TX,ASW,CE,Combined TRACON& Tower with Radar,39,28,39,2,108,0,1,26,4,31,39,29,65,6,139,0,0,0,139
03/15/2020,MAF,TX,ASW,CE,Combined TRACON& Tower with Radar,47,15,38,0,100,0,0,0,0,0,47,15,38,0,100,0,0,0,100
03/16/2020,MAF,TX,ASW,CE,Combined TRACON& Tower with Radar,47,18,20,12,97,0,2,6,0,8,47,20,26,12,105,0,0,0,105
03/17/2020,MAF,TX,ASW,CE,Combined TRACON& Tower with Radar,47,20,31,25,123,0,2,12,1,15,47,22,43,26,138,0,0,0,138
03/18/2020,MAF,TX,ASW,CE,Combined TRACON& Tower with Radar,47,19,18,13,97,0,0,22,0,22,47,19,40,13,119,0,35,35,154
03/19/2020,MAF,TX,ASW,CE,Combined TRACON& Tower with Radar,46,14,13,44,117,0,0,21,13,34,46,14,34,57,151,0,118,118,269
03/20/2020,MAF,TX,ASW,CE,Combined TRACON& Tower with Radar,49,13,19,10,91,0,0,27,2,29,49,13,46,12,120,34,4,38,158
03/21/2020,MAF,TX,ASW,CE,Combined TRACON& Tower with Radar,33,5,7,4,49,0,0,0,0,0,33,5,7,4,49,0,0,0,49
03/22/2020,MAF,TX,ASW,CE,Combined TRACON& Tower with Radar,41,2,9,4,56,0,0,8,2,10,41,2,17,6,66,22,0,22,88
03/23/2020,MAF,TX,ASW,CE,Combined TRACON& Tower with Radar,36,7,10,31,84,0,0,15,2,17,36,7,25,33,101,8,62,70,171
03/24/2020,MAF,TX,ASW,CE,Combined TRACON& Tower with Radar,36,11,20,6,73,0,0,29,7,36,36,11,49,13,109,50,16,66,175
03/25/2020,MAF,TX,ASW,CE,Combined TRACON& Tower with Radar,42,9,14,6,71,0,0,27,3,30,42,9,41,9,101,12,0,12,113
03/26/2020,MAF,TX,ASW,CE,Combined TRACON& Tower with Radar,37,9,13,1,60,0,0,34,5,39,37,9,47,6,99,6,0,6,105
03/27/2020,MAF,TX,ASW,CE,Combined TRACON& Tower with Radar,28,9,8,18,63,0,1,16,2,19,28,10,24,20,82,15,90,105,187
03/28/2020,MAF,TX,ASW,CE,Combined TRACON& Tower with Radar,16,3,6,0,25,0,0,10,0,10,16,3,16,0,35,0,0,0,35
03/29/2020,MAF,TX,ASW,CE,Combined TRACON& Tower with Radar,22,3,15,4,44,0,0,15,2,17,22,3,30,6,61,2,0,2,63
03/30/2020,MAF,TX,ASW,CE,Combined TRACON& Tower with Radar,31,4,3,17,55,0,0,11,3,14,31,4,14,20,69,0,11,11,80
03/31/2020,MAF,TX,ASW,CE,Combined TRACON& Tower with Radar,38,14,28,21,101,0,0,32,2,34,38,14,60,23,135,60,43,103,238
04/01/2020,MAF,TX,ASW,CE,Combined TRACON& Tower with Radar,28,11,15,38,92,0,0,16,5,21,28,11,31,43,113,10,0,10,123
04/02/2020,MAF,TX,ASW,CE,Combined TRACON& Tower with Radar,26,8,4,16,54,0,1,12,2,15,26,9,16,18,69,0,100,100,169
04/03/2020,MAF,TX,ASW,CE,Combined TRACON& Tower with Radar,22,7,5,0,34,0,0,8,0,8,22,7,13,0,42,0,0,0,42
04/04/2020,MAF,TX,ASW,CE,Combined TRACON& Tower with Radar,19,4,2,38,63,0,0,0,0,0,19,4,2,38,63,0,0,0,63
04/05/2020,MAF,TX,ASW,CE,Combined TRACON& Tower with Radar,16,2,3,14,35,0,0,10,3,13,16,2,13,17,48,0,0,0,48
04/06/2020,MAF,TX,ASW,CE,Combined TRACON& Tower with Radar,18,4,5,29,56,0,0,7,0,7,18,4,12,29,63,12,2,14,77
04/07/2020,MAF,TX,ASW,CE,Combined TRACON& Tower with Radar,25,7,12,20,64,0,1,21,3,25,25,8,33,23,89,28,10,38,127
04/08/2020,MAF,TX,ASW,CE,Combined TRACON& Tower with Radar,24,17,29,17,87,0,1,23,5,29,24,18,52,22,116,20,28,48,164
04/09/2020,MAF,TX,ASW,CE,Combined TRACON& Tower with Radar,19,7,10,41,77,0,0,20,9,29,19,7,30,50,106,42,130,172,278
04/10/2020,MAF,TX,ASW,CE,Combined TRACON& Tower with Radar,22,8,9,0,39,0,0,9,0,9,22,8,18,0,48,0,0,0,48
04/11/2020,MAF,TX,ASW,CE,Combined TRACON& Tower with Radar,15,4,3,21,43,0,0,4,0,4,15,4,7,21,47,8,33,41,88
04/12/2020,MAF,TX,ASW,CE,Combined TRACON& Tower with Radar,17,3,3,0,23,0,0,7,0,7,17,3,10,0,30,16,0,16,46
04/13/2020,MAF,TX,ASW,CE,Combined TRACON& Tower with Radar,19,3,18,7,47,0,0,18,2,20,19,3,36,9,67,8,16,24,91
04/14/2020,MAF,TX,ASW,CE,Combined TRACON& Tower with Radar,19,10,11,7,47,0,0,20,0,20,19,10,31,7,67,18,0,18,85
04/15/2020,MAF,TX,ASW,CE,Combined TRACON& Tower with Radar,16,6,13,28,63,0,1,26,7,34,16,7,39,35,97,34,48,82,179
04/16/2020,MAF,TX,ASW,CE,Combined TRACON& Tower with Radar,16,7,22,3,48,0,0,27,3,30,16,7,49,6,78,20,0,20,98
04/17/2020,MAF,TX,ASW,CE,Combined TRACON& Tower with Radar,16,9,22,12,59,0,0,9,2,11,16,9,31,14,70,34,12,46,116
04/18/2020,MAF,TX,ASW,CE,Combined TRACON& Tower with Radar,15,4,15,29,63,0,0,14,3,17,15,4,29,32,80,12,0,12,92
04/19/2020,MAF,TX,ASW,CE,Combined TRACON& Tower with Radar,10,2,9,0,21,0,0,9,0,9,10,2,18,0,30,4,0,4,34
04/20/2020,MAF,TX,ASW,CE,Combined TRACON& Tower with Radar,13,5,12,12,42,0,0,33,6,39,13,5,45,18,81,25,18,43,124
04/21/2020,MAF,TX,ASW,CE,Combined TRACON& Tower with Radar,17,9,18,41,85,0,0,27,9,36,17,9,45,50,121,52,55,107,228
04/22/2020,MAF,TX,ASW,CE,Combined TRACON& Tower with Radar,16,7,29,27,79,0,0,14,7,21,16,7,43,34,100,12,62,74,174
04/23/2020,MAF,TX,ASW,CE,Combined TRACON& Tower with Radar,16,7,16,12,51,0,0,23,2,25,16,7,39,14,76,6,19,25,101
04/24/2020,MAF,TX,ASW,CE,Combined TRACON& Tower with Radar,14,5,8,6,33,0,0,23,2,25,14,5,31,8,58,22,12,34,92
04/25/2020,MAF,TX,ASW,CE,Combined TRACON& Tower with Radar,16,1,2,8,27,0,0,13,4,17,16,1,15,12,44,2,34,36,80
04/26/2020,MAF,TX,ASW,CE,Combined TRACON& Tower with Radar,12,2,7,0,21,0,0,16,0,16,12,2,23,0,37,0,0,0,37
04/27/2020,MAF,TX,ASW,CE,Combined TRACON& Tower with Radar,13,4,16,5,38,0,0,26,3,29,13,4,42,8,67,0,4,4,71
04/28/2020,MAF,TX,ASW,CE,Combined TRACON& Tower with Radar,15,8,10,15,48,0,0,19,0,19,15,8,29,15,67,26,10,36,103
04/29/2020,MAF,TX,ASW,CE,Combined TRACON& Tower with Radar,15,8,18,15,56,0,0,25,1,26,15,8,43,16,82,14,20,34,116
04/30/2020,MAF,TX,ASW,CE,Combined TRACON& Tower with Radar,21,9,38,7,75,0,0,30,1,31,21,9,68,8,106,38,0,38,144
05/01/2020,MAF,TX,ASW,CE,Combined TRACON& Tower with Radar,13,8,11,7,39,0,0,18,0,18,13,8,29,7,57,28,0,28,85
05/02/2020,MAF,TX,ASW,CE,Combined TRACON& Tower with Radar,15,4,4,5,28,0,0,20,0,20,15,4,24,5,48,0,0,0,48
05/03/2020,MAF,TX,ASW,CE,Combined TRACON& Tower with Radar,14,3,8,0,25,0,2,13,0,15,14,5,21,0,40,0,0,0,40
05/04/2020,MAF,TX,ASW,CE,Combined TRACON& Tower with Radar,16,8,24,3,51,0,0,27,1,28,16,8,51,4,79,26,0,26,105
05/05/2020,MAF,TX,ASW,CE,Combined TRACON& Tower with Radar,17,9,18,19,63,0,2,14,1,17,17,11,32,20,80,0,2,2,82
05/06/2020,MAF,TX,ASW,CE,Combined TRACON& Tower with Radar,17,14,41,13,85,0,5,30,3,38,17,19,71,16,123,15,76,91,214
05/07/2020,MAF,TX,ASW,CE,Combined TRACON& Tower with Radar,18,13,31,2,64,0,0,21,0,21,18,13,52,2,85,22,0,22,107
05/08/2020,MAF,TX,ASW,CE,Combined TRACON& Tower with Radar,19,11,13,2,45,0,0,12,0,12,19,11,25,2,57,4,0,4,61
05/09/2020,MAF,TX,ASW,CE,Combined TRACON& Tower with Radar,17,5,12,26,60,0,0,28,4,32,17,5,40,30,92,44,16,60,152
05/10/2020,MAF,TX,ASW,CE,Combined TRACON& Tower with Radar,18,2,15,0,35,0,0,9,0,9,18,2,24,0,44,34,0,34,78
05/11/2020,MAF,TX,ASW,CE,Combined TRACON& Tower with Radar,19,7,19,3,48,0,0,11,0,11,19,7,30,3,59,16,0,16,75
05/12/2020,MAF,TX,ASW,CE,Combined TRACON& Tower with Radar,18,11,16,23,68,0,0,33,0,33,18,11,49,23,101,8,32,40,141
05/13/2020,MAF,TX,ASW,CE,Combined TRACON& Tower with Radar,20,12,36,1,69,0,0,24,3,27,20,12,60,4,96,12,0,12,108
05/14/2020,MAF,TX,ASW,CE,Combined TRACON& Tower with Radar,22,11,31,4,68,0,0,27,2,29,22,11,58,6,97,20,0,20,117
05/15/2020,MAF,TX,ASW,CE,Combined TRACON& Tower with Radar,20,18,19,20,77,0,2,16,6,24,20,20,35,26,101,20,38,58,159
05/16/2020,MAF,TX,ASW,CE,Combined TRACON& Tower with Radar,17,3,23,24,67,0,0,23,3,26,17,3,46,27,93,10,4,14,107
05/17/2020,MAF,TX,ASW,CE,Combined TRACON& Tower with Radar,16,4,23,6,49,0,0,19,1,20,16,4,42,7,69,4,0,4,73
05/18/2020,MAF,TX,ASW,CE,Combined TRACON& Tower with Radar,19,7,21,38,85,0,0,40,1,41,19,7,61,39,126,8,28,36,162
05/19/2020,MAF,TX,ASW,CE,Combined TRACON& Tower with Radar,18,17,21,8,64,0,0,32,1,33,18,17,53,9,97,44,0,44,141
05/20/2020,MAF,TX,ASW,CE,Combined TRACON& Tower with Radar,22,12,45,5,84,0,0,29,1,30,22,12,74,6,114,12,0,12,126
05/21/2020,MAF,TX,ASW,CE,Combined TRACON& Tower with Radar,20,12,34,0,66,0,0,15,1,16,20,12,49,1,82,46,0,46,128
05/22/2020,MAF,TX,ASW,CE,Combined TRACON& Tower with Radar,20,9,34,0,63,0,0,17,0,17,20,9,51,0,80,0,0,0,80
05/23/2020,MAF,TX,ASW,CE,Combined TRACON& Tower with Radar,17,3,12,0,32,0,0,13,0,13,17,3,25,0,45,6,0,6,51
05/24/2020,MAF,TX,ASW,CE,Combined TRACON& Tower with Radar,17,0,13,0,30,0,0,6,0,6,17,0,19,0,36,0,0,0,36
05/25/2020,MAF,TX,ASW,CE,Combined TRACON& Tower with Radar,18,3,38,0,59,0,0,6,0,6,18,3,44,0,65,10,0,10,75
05/26/2020,MAF,TX,ASW,CE,Combined TRACON& Tower with Radar,21,9,40,18,88,0,0,38,13,51,21,9,78,31,139,44,0,44,183
05/27/2020,MAF,TX,ASW,CE,Combined TRACON& Tower with Radar,20,9,38,43,110,0,0,22,6,28,20,9,60,49,138,14,52,66,204
05/28/2020,MAF,TX,ASW,CE,Combined TRACON& Tower with Radar,22,11,43,20,96,0,0,31,12,43,22,11,74,32,139,68,68,136,275
05/29/2020,MAF,TX,ASW,CE,Combined TRACON& Tower with Radar,20,10,33,8,71,0,2,41,2,45,20,12,74,10,116,42,40,82,198
05/30/2020,MAF,TX,ASW,CE,Combined TRACON& Tower with Radar,17,2,18,0,37,0,0,18,0,18,17,2,36,0,55,8,0,8,63
05/31/2020,MAF,TX,ASW,CE,Combined TRACON& Tower with Radar,18,6,33,1,58,0,0,27,1,28,18,6,60,2,86,12,0,12,98
06/01/2020,MAF,TX,ASW,CE,Combined TRACON& Tower with Radar,21,6,18,35,80,0,0,10,4,14,21,6,28,39,94,0,120,120,214
06/02/2020,MAF,TX,ASW,CE,Combined TRACON& Tower with Radar,18,20,23,54,115,0,0,32,11,43,18,20,55,65,158,15,26,41,199
06/03/2020,MAF,TX,ASW,CE,Combined TRACON& Tower with Radar,19,19,36,62,136,0,0,37,7,44,19,19,73,69,180,36,70,106,286
06/04/2020,MAF,TX,ASW,CE,Combined TRACON& Tower with Radar,19,13,27,14,73,0,0,25,12,37,19,13,52,26,110,8,74,82,192
06/05/2020,MAF,TX,ASW,CE,Combined TRACON& Tower with Radar,17,12,25,55,109,0,1,23,4,28,17,13,48,59,137,0,34,34,171
06/06/2020,MAF,TX,ASW,CE,Combined TRACON& Tower with Radar,15,5,15,10,45,0,0,26,2,28,15,5,41,12,73,26,8,34,107
06/07/2020,MAF,TX,ASW,CE,Combined TRACON& Tower with Radar,18,5,29,9,61,0,0,10,1,11,18,5,39,10,72,22,0,22,94
06/08/2020,MAF,TX,ASW,CE,Combined TRACON& Tower with Radar,21,4,25,44,94,0,5,25,14,44,21,9,50,58,138,52,26,78,216
06/09/2020,MAF,TX,ASW,CE,Combined TRACON& Tower with Radar,20,10,27,44,101,0,0,17,2,19,20,10,44,46,120,8,12,20,140
06/10/2020,MAF,TX,ASW,CE,Combined TRACON& Tower with Radar,20,12,48,56,136,0,0,40,15,55,20,12,88,71,191,44,64,108,299
06/11/2020,MAF,TX,ASW,CE,Combined TRACON& Tower with Radar,20,12,34,35,101,0,0,25,8,33,20,12,59,43,134,0,35,35,169
06/12/2020,MAF,TX,ASW,CE,Combined TRACON& Tower with Radar,22,9,19,70,120,0,1,33,9,43,22,10,52,79,163,20,80,100,263
06/13/2020,MAF,TX,ASW,CE,Combined TRACON& Tower with Radar,19,5,17,12,53,0,0,14,8,22,19,5,31,20,75,4,4,8,83
06/14/2020,MAF,TX,ASW,CE,Combined TRACON& Tower with Radar,22,6,26,2,56,0,0,22,1,23,22,6,48,3,79,20,0,20,99
06/15/2020,MAF,TX,ASW,CE,Combined TRACON& Tower with Radar,23,3,40,27,93,0,0,16,7,23,23,3,56,34,116,22,18,40,156
06/16/2020,MAF,TX,ASW,CE,Combined TRACON& Tower with Radar,22,9,40,38,109,0,1,31,13,45,22,10,71,51,154,0,96,96,250
06/17/2020,MAF,TX,ASW,CE,Combined TRACON& Tower with Radar,24,15,34,26,99,0,0,26,17,43,24,15,60,43,142,8,56,64,206
06/18/2020,MAF,TX,ASW,CE,Combined TRACON& Tower with Radar,26,19,38,39,122,0,0,22,6,28,26,19,60,45,150,12,70,82,232
06/19/2020,MAF,TX,ASW,CE,Combined TRACON& Tower with Radar,24,18,18,58,118,0,0,18,11,29,24,18,36,69,147,0,176,176,323
06/20/2020,MAF,TX,ASW,CE,Combined TRACON& Tower with Radar,21,5,21,2,49,0,0,14,0,14,21,5,35,2,63,0,0,0,63
06/21/2020,MAF,TX,ASW,CE,Combined TRACON& Tower with Radar,24,1,21,0,46,0,1,20,0,21,24,2,41,0,67,6,0,6,73
06/22/2020,MAF,TX,ASW,CE,Combined TRACON& Tower with Radar,23,9,30,14,76,0,0,24,3,27,23,9,54,17,103,0,0,0,103
06/23/2020,MAF,TX,ASW,CE,Combined TRACON& Tower with Radar,22,12,25,29,88,0,0,21,6,27,22,12,46,35,115,4,32,36,151
06/24/2020,MAF,TX,ASW,CE,Combined TRACON& Tower with Radar,22,15,33,25,95,0,0,30,6,36,22,15,63,31,131,10,2,12,143
06/25/2020,MAF,TX,ASW,CE,Combined TRACON& Tower with Radar,28,8,40,62,138,0,0,43,16,59,28,8,83,78,197,2,94,96,293
06/26/2020,MAF,TX,ASW,CE,Combined TRACON& Tower with Radar,26,14,42,47,129,0,0,24,32,56,26,14,66,79,185,14,200,214,399
06/27/2020,MAF,TX,ASW,CE,Combined TRACON& Tower with Radar,21,5,17,1,44,0,0,13,1,14,21,5,30,2,58,0,0,0,58
06/28/2020,MAF,TX,ASW,CE,Combined TRACON& Tower with Radar,21,2,28,1,52,0,0,11,1,12,21,2,39,2,64,0,0,0,64
06/29/2020,MAF,TX,ASW,CE,Combined TRACON& Tower with Radar,23,9,12,17,61,0,0,28,4,32,23,9,40,21,93,20,46,66,159
06/30/2020,MAF,TX,ASW,CE,Combined TRACON& Tower with Radar,24,8,23,20,75,0,1,21,3,25,24,9,44,23,100,16,48,64,164
07/01/2020,MAF,TX,ASW,CE,Combined TRACON& Tower with Radar,24,12,50,27,113,0,0,24,6,30,24,12,74,33,143,20,42,62,205
07/02/2020,MAF,TX,ASW,CE,Combined TRACON& Tower with Radar,23,8,37,17,85,0,0,25,0,25,23,8,62,17,110,26,46,72,182
07/03/2020,MAF,TX,ASW,CE,Combined TRACON& Tower with Radar,24,9,21,2,56,0,0,17,0,17,24,9,38,2,73,16,0,16,89
07/04/2020,MAF,TX,ASW,CE,Combined TRACON& Tower with Radar,18,3,9,2,32,0,0,10,2,12,18,3,19,4,44,10,0,10,54
07/05/2020,MAF,TX,ASW,CE,Combined TRACON& Tower with Radar,21,3,27,0,51,0,0,10,0,10,21,3,37,0,61,0,0,0,61
07/06/2020,MAF,TX,ASW,CE,Combined TRACON& Tower with Radar,27,5,30,0,62,0,0,13,0,13,27,5,43,0,75,0,0,0,75
07/07/2020,MAF,TX,ASW,CE,Combined TRACON& Tower with Radar,28,13,23,17,81,0,1,34,10,45,28,14,57,27,126,4,50,54,180
07/08/2020,MAF,TX,ASW,CE,Combined TRACON& Tower with Radar,29,10,39,12,90,0,2,44,3,49,29,12,83,15,139,30,34,64,203
07/09/2020,MAF,TX,ASW,CE,Combined TRACON& Tower with Radar,31,17,26,26,100,0,0,25,1,26,31,17,51,27,126,0,0,0,126
07/10/2020,MAF,TX,ASW,CE,Combined TRACON& Tower with Radar,33,17,27,20,97,0,0,18,2,20,33,17,45,22,117,6,64,70,187
07/11/2020,MAF,TX,ASW,CE,Combined TRACON& Tower with Radar,25,11,17,14,67,0,0,10,0,10,25,11,27,14,77,0,0,0,77
07/12/2020,MAF,TX,ASW,CE,Combined TRACON& Tower with Radar,30,10,14,4,58,0,0,15,0,15,30,10,29,4,73,0,0,0,73
07/13/2020,MAF,TX,ASW,CE,Combined TRACON& Tower with Radar,29,12,28,4,73,0,0,19,0,19,29,12,47,4,92,24,0,24,116
07/14/2020,MAF,TX,ASW,CE,Combined TRACON& Tower with Radar,30,18,22,7,77,0,0,23,0,23,30,18,45,7,100,0,4,4,104
07/15/2020,MAF,TX,ASW,CE,Combined TRACON& Tower with Radar,32,13,41,13,99,0,0,28,6,34,32,13,69,19,133,0,34,34,167
07/16/2020,MAF,TX,ASW,CE,Combined TRACON& Tower with Radar,29,16,43,13,101,0,0,34,4,38,29,16,77,17,139,48,42,90,229
07/17/2020,MAF,TX,ASW,CE,Combined TRACON& Tower with Radar,33,16,26,12,87,0,0,22,10,32,33,16,48,22,119,6,60,66,185
07/18/2020,MAF,TX,ASW,CE,Combined TRACON& Tower with Radar,25,12,14,0,51,0,0,14,0,14,25,12,28,0,65,12,6,18,83
07/19/2020,MAF,TX,ASW,CE,Combined TRACON& Tower with Radar,28,11,18,4,61,0,0,7,0,7,28,11,25,4,68,20,0,20,88
07/20/2020,MAF,TX,ASW,CE,Combined TRACON& Tower with Radar,29,12,30,9,80,0,0,21,5,26,29,12,51,14,106,14,0,14,120
07/21/2020,MAF,TX,ASW,CE,Combined TRACON& Tower with Radar,31,12,37,26,106,0,1,25,16,42,31,13,62,42,148,0,0,0,148
07/22/2020,MAF,TX,ASW,CE,Combined TRACON& Tower with Radar,31,15,32,33,111,0,0,27,9,36,31,15,59,42,147,0,66,66,213
07/23/2020,MAF,TX,ASW,CE,Combined TRACON& Tower with Radar,30,24,29,61,144,0,0,31,12,43,30,24,60,73,187,24,66,90,277
07/24/2020,MAF,TX,ASW,CE,Combined TRACON& Tower with Radar,32,13,18,40,103,0,0,21,5,26,32,13,39,45,129,20,34,54,183
07/25/2020,MAF,TX,ASW,CE,Combined TRACON& Tower with Radar,25,7,21,18,71,0,0,19,2,21,25,7,40,20,92,6,4,10,102
07/26/2020,MAF,TX,ASW,CE,Combined TRACON& Tower with Radar,28,11,24,5,68,0,0,17,1,18,28,11,41,6,86,0,0,0,86
07/27/2020,MAF,TX,ASW,CE,Combined TRACON& Tower with Radar,29,10,22,50,111,0,1,26,1,28,29,11,48,51,139,26,10,36,175
07/28/2020,MAF,TX,ASW,CE,Combined TRACON& Tower with Radar,29,17,17,27,90,0,2,25,4,31,29,19,42,31,121,44,20,64,185
07/29/2020,MAF,TX,ASW,CE,Combined TRACON& Tower with Radar,29,15,32,4,80,0,0,15,0,15,29,15,47,4,95,20,0,20,115
07/30/2020,MAF,TX,ASW,CE,Combined TRACON& Tower with Radar,28,22,31,34,115,0,0,49,1,50,28,22,80,35,165,0,51,51,216
07/31/2020,MAF,TX,ASW,CE,Combined TRACON& Tower with Radar,28,15,31,11,85,0,0,27,3,30,28,15,58,14,115,22,43,65,180
08/01/2020,MAF,TX,ASW,CE,Combined TRACON& Tower with Radar,27,11,17,5,60,0,0,16,3,19,27,11,33,8,79,4,0,4,83
08/02/2020,MAF,TX,ASW,CE,Combined TRACON& Tower with Radar,26,13,21,7,67,0,0,10,0,10,26,13,31,7,77,0,0,0,77
08/03/2020,MAF,TX,ASW,CE,Combined TRACON& Tower with Radar,25,14,19,8,66,0,0,17,3,20,25,14,36,11,86,60,0,60,146
08/04/2020,MAF,TX,ASW,CE,Combined TRACON& Tower with Radar,27,13,26,3,69,0,0,18,1,19,27,13,44,4,88,52,0,52,140
08/05/2020,MAF,TX,ASW,CE,Combined TRACON& Tower with Radar,27,20,25,11,83,0,0,44,2,46,27,20,69,13,129,100,4,104,233
08/06/2020,MAF,TX,ASW,CE,Combined TRACON& Tower with Radar,28,26,24,27,105,0,0,34,11,45,28,26,58,38,150,56,52,108,258
08/07/2020,MAF,TX,ASW,CE,Combined TRACON& Tower with Radar,28,20,38,35,121,0,0,34,4,38,28,20,72,39,159,70,46,116,275
08/08/2020,MAF,TX,ASW,CE,Combined TRACON& Tower with Radar,21,11,9,2,43,0,0,23,1,24,21,11,32,3,67,14,92,106,173
08/09/2020,MAF,TX,ASW,CE,Combined TRACON& Tower with Radar,24,11,23,0,58,0,0,14,0,14,24,11,37,0,72,36,0,36,108
08/10/2020,MAF,TX,ASW,CE,Combined TRACON& Tower with Radar,25,31,19,20,95,0,0,27,1,28,25,31,46,21,123,53,49,102,225
08/11/2020,MAF,TX,ASW,CE,Combined TRACON& Tower with Radar,27,16,27,75,145,0,0,48,20,68,27,16,75,95,213,0,78,78,291
08/12/2020,MAF,TX,ASW,CE,Combined TRACON& Tower with Radar,27,12,48,37,124,0,0,37,10,47,27,12,85,47,171,10,64,74,245
08/13/2020,MAF,TX,ASW,CE,Combined TRACON& Tower with Radar,28,17,28,23,96,0,1,37,5,43,28,18,65,28,139,40,6,46,185
08/14/2020,MAF,TX,ASW,CE,Combined TRACON& Tower with Radar,28,17,30,30,105,0,0,21,1,22,28,17,51,31,127,44,16,60,187
08/15/2020,MAF,TX,ASW,CE,Combined TRACON& Tower with Radar,23,11,22,5,61,0,0,28,3,31,23,11,50,8,92,32,0,32,124
08/16/2020,MAF,TX,ASW,CE,Combined TRACON& Tower with Radar,23,14,14,0,51,0,0,9,4,13,23,14,23,4,64,0,4,4,68
08/17/2020,MAF,TX,ASW,CE,Combined TRACON& Tower with Radar,25,13,21,20,79,0,0,14,3,17,25,13,35,23,96,14,0,14,110
08/18/2020,MAF,TX,ASW,CE,Combined TRACON& Tower with Radar,34,15,26,17,92,0,0,25,4,29,34,15,51,21,121,0,52,52,173
08/19/2020,MAF,TX,ASW,CE,Combined TRACON& Tower with Radar,29,12,30,43,114,0,0,44,4,48,29,12,74,47,162,20,60,80,242
08/20/2020,MAF,TX,ASW,CE,Combined TRACON& Tower with Radar,29,23,30,58,140,0,0,39,17,56,29,23,69,75,196,84,280,364,560
08/21/2020,MAF,TX,ASW,CE,Combined TRACON& Tower with Radar,32,16,23,11,82,0,0,27,1,28,32,16,50,12,110,0,24,24,134
08/22/2020,MAF,TX,ASW,CE,Combined TRACON& Tower with Radar,24,10,14,4,52,0,0,20,2,22,24,10,34,6,74,22,0,22,96
08/23/2020,MAF,TX,ASW,CE,Combined TRACON& Tower with Radar,22,8,20,0,50,0,0,16,0,16,22,8,36,0,66,0,0,0,66
08/24/2020,MAF,TX,ASW,CE,Combined TRACON& Tower with Radar,25,10,29,42,106,0,0,26,2,28,25,10,55,44,134,46,40,86,220
08/25/2020,MAF,TX,ASW,CE,Combined TRACON& Tower with Radar,38,18,32,19,107,0,0,33,1,34,38,18,65,20,141,18,16,34,175
08/26/2020,MAF,TX,ASW,CE,Combined TRACON& Tower with Radar,22,16,32,93,163,0,0,33,11,44,22,16,65,104,207,0,44,44,251
08/27/2020,MAF,TX,ASW,CE,Combined TRACON& Tower with Radar,34,20,29,50,133,0,0,30,10,40,34,20,59,60,173,16,50,66,239
08/28/2020,MAF,TX,ASW,CE,Combined TRACON& Tower with Radar,26,18,26,18,88,0,0,29,4,33,26,18,55,22,121,17,20,37,158
08/29/2020,MAF,TX,ASW,CE,Combined TRACON& Tower with Radar,23,10,19,2,54,0,0,21,2,23,23,10,40,4,77,24,0,24,101
08/30/2020,MAF,TX,ASW,CE,Combined TRACON& Tower with Radar,22,12,28,7,69,0,0,21,2,23,22,12,49,9,92,9,0,9,101
08/31/2020,MAF,TX,ASW,CE,Combined TRACON& Tower with Radar,25,14,30,21,90,0,0,20,4,24,25,14,50,25,114,0,0,0,114
09/01/2020,MAF,TX,ASW,CE,Combined TRACON& Tower with Radar,29,15,31,25,100,0,1,31,8,40,29,16,62,33,140,10,100,110,250
09/02/2020,MAF,TX,ASW,CE,Combined TRACON& Tower with Radar,30,17,39,62,148,0,0,21,3,24,30,17,60,65,172,4,26,30,202
09/03/2020,MAF,TX,ASW,CE,Combined TRACON& Tower with Radar,29,24,37,28,118,0,2,26,17,45,29,26,63,45,163,16,100,116,279
09/04/2020,MAF,TX,ASW,CE,Combined TRACON& Tower with Radar,29,15,34,4,82,0,0,19,0,19,29,15,53,4,101,12,0,12,113
09/05/2020,MAF,TX,ASW,CE,Combined TRACON& Tower with Radar,22,9,8,1,40,0,0,9,1,10,22,9,17,2,50,6,0,6,56
09/06/2020,MAF,TX,ASW,CE,Combined TRACON& Tower with Radar,21,4,8,0,33,0,0,15,0,15,21,4,23,0,48,0,0,0,48
09/07/2020,MAF,TX,ASW,CE,Combined TRACON& Tower with Radar,24,12,37,0,73,0,3,22,2,27,24,15,59,2,100,28,0,28,128
09/08/2020,MAF,TX,ASW,CE,Combined TRACON& Tower with Radar,29,10,28,11,78,0,0,21,1,22,29,10,49,12,100,0,0,0,100
09/09/2020,MAF,TX,ASW,CE,Combined TRACON& Tower with Radar,31,21,35,53,140,0,0,6,1,7,31,21,41,54,147,0,20,20,167
09/10/2020,MAF,TX,ASW,CE,Combined TRACON& Tower with Radar,32,15,54,11,112,0,0,1,0,1,32,15,55,11,113,0,0,0,113
09/11/2020,MAF,TX,ASW,CE,Combined TRACON& Tower with Radar,33,15,38,16,102,0,1,19,7,27,33,16,57,23,129,2,16,18,147
09/12/2020,MAF,TX,ASW,CE,Combined TRACON& Tower with Radar,25,12,15,0,52,0,0,14,0,14,25,12,29,0,66,24,0,24,90
09/13/2020,MAF,TX,ASW,CE,Combined TRACON& Tower with Radar,28,10,25,0,63,0,0,8,7,15,28,10,33,7,78,8,0,8,86
09/14/2020,MAF,TX,ASW,CE,Combined TRACON& Tower with Radar,30,11,24,19,84,0,3,21,8,32,30,14,45,27,116,4,62,66,182
09/15/2020,MAF,TX,ASW,CE,Combined TRACON& Tower with Radar,32,10,24,38,104,0,0,23,23,46,32,10,47,61,150,0,52,52,202
09/16/2020,MAF,TX,ASW,CE,Combined TRACON& Tower with Radar,33,19,45,40,137,0,0,34,7,41,33,19,79,47,178,14,88,102,280
09/17/2020,MAF,TX,ASW,CE,Combined TRACON& Tower with Radar,31,25,44,45,145,0,0,28,0,28,31,25,72,45,173,78,36,114,287
09/18/2020,MAF,TX,ASW,CE,Combined TRACON& Tower with Radar,31,17,42,47,137,0,0,26,1,27,31,17,68,48,164,26,23,49,213
09/19/2020,MAF,TX,ASW,CE,Combined TRACON& Tower with Radar,25,9,16,7,57,0,0,12,5,17,25,9,28,12,74,70,0,70,144
09/20/2020,MAF,TX,ASW,CE,Combined TRACON& Tower with Radar,30,12,40,4,86,0,0,13,2,15,30,12,53,6,101,8,0,8,109
09/21/2020,MAF,TX,ASW,CE,Combined TRACON& Tower with Radar,31,15,31,41,118,0,0,16,18,34,31,15,47,59,152,30,150,180,332
09/22/2020,MAF,TX,ASW,CE,Combined TRACON& Tower with Radar,35,16,27,95,173,0,1,27,33,61,35,17,54,128,234,10,130,140,374
09/23/2020,MAF,TX,ASW,CE,Combined TRACON& Tower with Radar,33,15,36,25,109,0,1,22,8,31,33,16,58,33,140,42,0,42,182
09/24/2020,MAF,TX,ASW,CE,Combined TRACON& Tower with Radar,31,16,50,48,145,0,0,34,6,40,31,16,84,54,185,66,8,74,259
09/25/2020,MAF,TX,ASW,CE,Combined TRACON& Tower with Radar,33,24,44,16,117,0,6,35,6,47,33,30,79,22,164,86,32,118,282
09/26/2020,MAF,TX,ASW,CE,Combined TRACON& Tower with Radar,26,12,34,6,78,0,2,24,1,27,26,14,58,7,105,10,0,10,115
09/27/2020,MAF,TX,ASW,CE,Combined TRACON& Tower with Radar,27,9,36,10,82,0,0,23,0,23,27,9,59,10,105,0,0,0,105
09/28/2020,MAF,TX,ASW,CE,Combined TRACON& Tower with Radar,29,9,26,19,83,0,0,12,7,19,29,9,38,26,102,0,56,56,158
09/29/2020,MAF,TX,ASW,CE,Combined TRACON& Tower with Radar,32,12,36,19,99,0,0,36,3,39,32,12,72,22,138,26,16,42,180
09/30/2020,MAF,TX,ASW,CE,Combined TRACON& Tower with Radar,31,28,28,50,137,0,1,34,10,45,31,29,62,60,182,69,4,73,255
10/01/2020,MAF,TX,ASW,CE,Combined TRACON& Tower with Radar,33,30,37,27,127,0,0,19,9,28,33,30,56,36,155,30,8,38,193
10/02/2020,MAF,TX,ASW,CE,Combined TRACON& Tower with Radar,33,16,20,47,116,0,4,26,12,42,33,20,46,59,158,26,52,78,236
10/03/2020,MAF,TX,ASW,CE,Combined TRACON& Tower with Radar,25,13,19,2,59,0,1,12,3,16,25,14,31,5,75,0,0,0,75
10/04/2020,MAF,TX,ASW,CE,Combined TRACON& Tower with Radar,28,10,31,5,74,0,0,21,1,22,28,10,52,6,96,56,0,56,152
10/05/2020,MAF,TX,ASW,CE,Combined TRACON& Tower with Radar,29,10,29,27,95,0,0,24,12,36,29,10,53,39,131,40,46,86,217
10/06/2020,MAF,TX,ASW,CE,Combined TRACON& Tower with Radar,31,19,34,45,129,0,0,34,16,50,31,19,68,61,179,0,66,66,245
10/07/2020,MAF,TX,ASW,CE,Combined TRACON& Tower with Radar,33,22,49,48,152,0,0,32,21,53,33,22,81,69,205,0,70,70,275
10/08/2020,MAF,TX,ASW,CE,Combined TRACON& Tower with Radar,33,17,43,33,126,0,2,34,8,44,33,19,77,41,170,32,5,37,207
10/09/2020,MAF,TX,ASW,CE,Combined TRACON& Tower with Radar,37,18,35,19,109,0,0,18,12,30,37,18,53,31,139,50,46,96,235
10/10/2020,MAF,TX,ASW,CE,Combined TRACON& Tower with Radar,21,8,20,6,55,0,0,14,2,16,21,8,34,8,71,58,0,58,129
10/11/2020,MAF,TX,ASW,CE,Combined TRACON& Tower with Radar,32,9,40,0,81,0,0,15,2,17,32,9,55,2,98,22,0,22,120
10/12/2020,MAF,TX,ASW,CE,Combined TRACON& Tower with Radar,34,18,24,17,93,0,0,17,1,18,34,18,41,18,111,0,0,0,111
10/13/2020,MAF,TX,ASW,CE,Combined TRACON& Tower with Radar,31,18,42,33,124,0,2,29,9,40,31,20,71,42,164,18,28,46,210
10/14/2020,MAF,TX,ASW,CE,Combined TRACON& Tower with Radar,31,19,28,31,109,0,2,32,6,40,31,21,60,37,149,18,30,48,197
10/15/2020,MAF,TX,ASW,CE,Combined TRACON& Tower with Radar,36,16,31,21,104,0,0,23,6,29,36,16,54,27,133,8,2,10,143
10/16/2020,MAF,TX,ASW,CE,Combined TRACON& Tower with Radar,34,14,32,45,125,0,0,28,19,47,34,14,60,64,172,4,10,14,186
10/17/2020,MAF,TX,ASW,CE,Combined TRACON& Tower with Radar,21,13,10,29,73,0,3,23,11,37,21,16,33,40,110,48,102,150,260
10/18/2020,MAF,TX,ASW,CE,Combined TRACON& Tower with Radar,32,9,25,5,71,0,0,23,6,29,32,9,48,11,100,16,6,22,122
10/19/2020,MAF,TX,ASW,CE,Combined TRACON& Tower with Radar,33,10,23,31,97,0,1,18,1,20,33,11,41,32,117,36,0,36,153
10/20/2020,MAF,TX,ASW,CE,Combined TRACON& Tower with Radar,32,18,32,78,160,0,0,35,15,50,32,18,67,93,210,14,10,24,234
10/21/2020,MAF,TX,ASW,CE,Combined TRACON& Tower with Radar,30,14,44,11,99,0,2,34,7,43,30,16,78,18,142,24,0,24,166
10/22/2020,MAF,TX,ASW,CE,Combined TRACON& Tower with Radar,30,15,25,22,92,0,0,27,12,39,30,15,52,34,131,2,10,12,143
10/23/2020,MAF,TX,ASW,CE,Combined TRACON& Tower with Radar,36,12,43,44,135,0,0,15,0,15,36,12,58,44,150,6,2,8,158
10/24/2020,MAF,TX,ASW,CE,Combined TRACON& Tower with Radar,21,8,26,16,71,0,1,18,1,20,21,9,44,17,91,28,0,28,119
10/25/2020,MAF,TX,ASW,CE,Combined TRACON& Tower with Radar,30,8,45,15,98,0,1,9,5,15,30,9,54,20,113,2,0,2,115
10/26/2020,MAF,TX,ASW,CE,Combined TRACON& Tower with Radar,26,9,34,0,69,0,0,0,0,0,26,9,34,0,69,0,0,0,69
10/27/2020,MAF,TX,ASW,CE,Combined TRACON& Tower with Radar,16,4,12,1,33,0,0,0,0,0,16,4,12,1,33,0,0,0,33
10/28/2020,MAF,TX,ASW,CE,Combined TRACON& Tower with Radar,32,20,34,23,109,0,2,14,8,24,32,22,48,31,133,0,5,5,138
10/29/2020,MAF,TX,ASW,CE,Combined TRACON& Tower with Radar,33,17,27,31,108,0,5,28,12,45,33,22,55,43,153,0,12,12,165
10/30/2020,MAF,TX,ASW,CE,Combined TRACON& Tower with Radar,34,12,32,26,104,0,1,20,3,24,34,13,52,29,128,4,4,8,136
10/31/2020,MAF,TX,ASW,CE,Combined TRACON& Tower with Radar,20,10,24,5,59,0,1,28,4,33,20,11,52,9,92,28,0,28,120
11/01/2020,MAF,TX,ASW,CE,Combined TRACON& Tower with Radar,30,5,22,14,71,0,0,14,3,17,30,5,36,17,88,0,14,14,102
11/02/2020,MAF,TX,ASW,CE,Combined TRACON& Tower with Radar,34,12,29,12,87,0,0,23,8,31,34,12,52,20,118,2,46,48,166
11/03/2020,MAF,TX,ASW,CE,Combined TRACON& Tower with Radar,30,17,26,13,86,0,4,39,2,45,30,21,65,15,131,12,46,58,189
11/04/2020,MAF,TX,ASW,CE,Combined TRACON& Tower with Radar,33,17,46,32,128,0,1,27,5,33,33,18,73,37,161,4,4,8,169
11/05/2020,MAF,TX,ASW,CE,Combined TRACON& Tower with Radar,40,17,26,5,88,0,0,24,6,30,40,17,50,11,118,10,0,10,128
11/06/2020,MAF,TX,ASW,CE,Combined TRACON& Tower with Radar,41,13,45,41,140,0,0,32,3,35,41,13,77,44,175,26,0,26,201
11/07/2020,MAF,TX,ASW,CE,Combined TRACON& Tower with Radar,31,8,15,0,54,0,0,6,2,8,31,8,21,2,62,8,0,8,70
11/08/2020,MAF,TX,ASW,CE,Combined TRACON& Tower with Radar,36,12,24,16,88,0,0,12,1,13,36,12,36,17,101,10,0,10,111
11/09/2020,MAF,TX,ASW,CE,Combined TRACON& Tower with Radar,36,14,23,27,100,0,5,16,5,26,36,19,39,32,126,7,140,147,273
11/10/2020,MAF,TX,ASW,CE,Combined TRACON& Tower with Radar,32,16,37,11,96,0,0,33,7,40,32,16,70,18,136,0,74,74,210
11/11/2020,MAF,TX,ASW,CE,Combined TRACON& Tower with Radar,32,19,32,2,85,0,0,32,0,32,32,19,64,2,117,0,0,0,117
11/12/2020,MAF,TX,ASW,CE,Combined TRACON& Tower with Radar,37,17,42,21,117,0,1,30,4,35,37,18,72,25,152,6,14,20,172
11/13/2020,MAF,TX,ASW,CE,Combined TRACON& Tower with Radar,38,13,22,27,100,0,0,15,4,19,38,13,37,31,119,0,0,0,119
11/14/2020,MAF,TX,ASW,CE,Combined TRACON& Tower with Radar,29,8,12,2,51,0,1,5,4,10,29,9,17,6,61,0,0,0,61
11/15/2020,MAF,TX,ASW,CE,Combined TRACON& Tower with Radar,38,11,29,28,106,0,0,16,15,31,38,11,45,43,137,4,16,20,157
11/16/2020,MAF,TX,ASW,CE,Combined TRACON& Tower with Radar,36,11,23,21,91,0,0,29,1,30,36,11,52,22,121,27,0,27,148
11/17/2020,MAF,TX,ASW,CE,Combined TRACON& Tower with Radar,33,18,34,18,103,0,1,37,2,40,33,19,71,20,143,4,22,26,169
11/18/2020,MAF,TX,ASW,CE,Combined TRACON& Tower with Radar,33,22,43,9,107,0,1,37,4,42,33,23,80,13,149,14,0,14,163
11/19/2020,MAF,TX,ASW,CE,Combined TRACON& Tower with Radar,38,16,22,17,93,0,0,38,6,44,38,16,60,23,137,2,4,6,143
11/20/2020,MAF,TX,ASW,CE,Combined TRACON& Tower with Radar,38,15,24,17,94,0,0,19,2,21,38,15,43,19,115,0,8,8,123
11/21/2020,MAF,TX,ASW,CE,Combined TRACON& Tower with Radar,35,12,24,3,74,0,4,13,1,18,35,16,37,4,92,0,0,0,92
11/22/2020,MAF,TX,ASW,CE,Combined TRACON& Tower with Radar,35,9,34,0,78,0,0,1,0,1,35,9,35,0,79,0,0,0,79
11/23/2020,MAF,TX,ASW,CE,Combined TRACON& Tower with Radar,28,17,32,3,80,0,0,2,0,2,28,17,34,3,82,0,0,0,82
11/24/2020,MAF,TX,ASW,CE,Combined TRACON& Tower with Radar,37,15,30,21,103,0,0,10,7,17,37,15,40,28,120,0,42,42,162
11/25/2020,MAF,TX,ASW,CE,Combined TRACON& Tower with Radar,35,17,37,8,97,0,0,36,10,46,35,17,73,18,143,0,36,36,179
11/26/2020,MAF,TX,ASW,CE,Combined TRACON& Tower with Radar,18,6,6,1,31,0,0,6,1,7,18,6,12,2,38,26,0,26,64
11/27/2020,MAF,TX,ASW,CE,Combined TRACON& Tower with Radar,30,14,21,0,65,0,0,8,0,8,30,14,29,0,73,0,0,0,73
11/28/2020,MAF,TX,ASW,CE,Combined TRACON& Tower with Radar,43,15,27,0,85,0,0,11,0,11,43,15,38,0,96,6,0,6,102
11/29/2020,MAF,TX,ASW,CE,Combined TRACON& Tower with Radar,38,7,34,0,79,0,0,8,0,8,38,7,42,0,87,0,0,0,87
11/30/2020,MAF,TX,ASW,CE,Combined TRACON& Tower with Radar,34,11,15,14,74,0,0,28,4,32,34,11,43,18,106,12,0,12,118
12/01/2020,MAF,TX,ASW,CE,Combined TRACON& Tower with Radar,38,12,29,19,98,0,0,33,2,35,38,12,62,21,133,4,0,4,137
12/02/2020,MAF,TX,ASW,CE,Combined TRACON& Tower with Radar,31,18,39,20,108,0,0,19,7,26,31,18,58,27,134,10,18,28,162
12/03/2020,MAF,TX,ASW,CE,Combined TRACON& Tower with Radar,34,16,30,35,115,0,0,24,5,29,34,16,54,40,144,0,6,6,150
12/04/2020,MAF,TX,ASW,CE,Combined TRACON& Tower with Radar,36,15,24,13,88,0,0,37,2,39,36,15,61,15,127,16,0,16,143
12/05/2020,MAF,TX,ASW,CE,Combined TRACON& Tower with Radar,27,14,17,8,66,0,0,13,5,18,27,14,30,13,84,0,0,0,84
12/06/2020,MAF,TX,ASW,CE,Combined TRACON& Tower with Radar,34,6,8,14,62,0,0,20,2,22,34,6,28,16,84,16,10,26,110
12/07/2020,MAF,TX,ASW,CE,Combined TRACON& Tower with Radar,34,8,20,23,85,0,0,30,4,34,34,8,50,27,119,26,18,44,163
12/08/2020,MAF,TX,ASW,CE,Combined TRACON& Tower with Radar,31,14,32,6,83,0,2,24,1,27,31,16,56,7,110,0,0,0,110
12/09/2020,MAF,TX,ASW,CE,Combined TRACON& Tower with Radar,30,15,29,11,85,0,0,44,3,47,30,15,73,14,132,0,6,6,138
12/10/2020,MAF,TX,ASW,CE,Combined TRACON& Tower with Radar,36,22,40,12,110,0,0,31,2,33,36,22,71,14,143,0,0,0,143
12/11/2020,MAF,TX,ASW,CE,Combined TRACON& Tower with Radar,36,12,15,38,101,0,1,30,3,34,36,13,45,41,135,0,0,0,135
12/12/2020,MAF,TX,ASW,CE,Combined TRACON& Tower with Radar,27,13,13,2,55,0,0,51,1,52,27,13,64,3,107,38,22,60,167
12/13/2020,MAF,TX,ASW,CE,Combined TRACON& Tower with Radar,32,9,24,25,90,0,0,27,0,27,32,9,51,25,117,0,0,0,117
12/14/2020,MAF,TX,ASW,CE,Combined TRACON& Tower with Radar,34,10,30,23,97,0,4,33,2,39,34,14,63,25,136,0,44,44,180
12/15/2020,MAF,TX,ASW,CE,Combined TRACON& Tower with Radar,32,18,26,10,86,0,0,38,4,42,32,18,64,14,128,0,0,0,128
12/16/2020,MAF,TX,ASW,CE,Combined TRACON& Tower with Radar,30,15,47,7,99,0,0,68,3,71,30,15,115,10,170,0,0,0,170
12/17/2020,MAF,TX,ASW,CE,Combined TRACON& Tower with Radar,37,19,44,10,110,0,0,79,6,85,37,19,123,16,195,26,6,32,227
12/18/2020,MAF,TX,ASW,CE,Combined TRACON& Tower with Radar,38,17,19,24,98,0,1,44,13,58,38,18,63,37,156,0,98,98,254
12/19/2020,MAF,TX,ASW,CE,Combined TRACON& Tower with Radar,33,14,13,8,68,0,1,43,4,48,33,15,56,12,116,0,0,0,116
12/20/2020,MAF,TX,ASW,CE,Combined TRACON& Tower with Radar,34,7,39,0,80,0,0,38,0,38,34,7,77,0,118,0,0,0,118
12/21/2020,MAF,TX,ASW,CE,Combined TRACON& Tower with Radar,37,8,13,1,59,0,0,49,1,50,37,8,62,2,109,0,14,14,123
12/22/2020,MAF,TX,ASW,CE,Combined TRACON& Tower with Radar,39,13,29,15,96,0,3,57,1,61,39,16,86,16,157,0,4,4,161
12/23/2020,MAF,TX,ASW,CE,Combined TRACON& Tower with Radar,34,15,26,2,77,0,0,30,0,30,34,15,56,2,107,0,0,0,107
12/24/2020,MAF,TX,ASW,CE,Combined TRACON& Tower with Radar,29,14,10,0,53,0,0,23,0,23,29,14,33,0,76,14,0,14,90
12/25/2020,MAF,TX,ASW,CE,Combined TRACON& Tower with Radar,22,4,5,0,31,0,0,9,0,9,22,4,14,0,40,10,0,10,50
12/26/2020,MAF,TX,ASW,CE,Combined TRACON& Tower with Radar,32,10,33,1,76,0,0,22,1,23,32,10,55,2,99,20,0,20,119
12/27/2020,MAF,TX,ASW,CE,Combined TRACON& Tower with Radar,32,5,37,0,74,0,2,30,0,32,32,7,67,0,106,14,0,14,120
12/28/2020,MAF,TX,ASW,CE,Combined TRACON& Tower with Radar,37,7,23,0,67,0,1,24,0,25,37,8,47,0,92,0,0,0,92
12/29/2020,MAF,TX,ASW,CE,Combined TRACON& Tower with Radar,45,14,35,1,95,0,0,17,1,18,45,14,52,2,113,0,0,0,113
12/30/2020,MAF,TX,ASW,CE,Combined TRACON& Tower with Radar,32,27,16,0,75,0,0,0,0,0,32,27,16,0,75,0,0,0,75
12/31/2020,MAF,TX,ASW,CE,Combined TRACON& Tower with Radar,23,9,8,0,40,0,0,0,0,0,23,9,8,0,40,0,0,0,40
01/01/2021,MAF,TX,ASW,CE,Combined TRACON& Tower with Radar,27,7,13,0,47,0,0,9,0,9,27,7,22,0,56,0,0,0,56
01/02/2021,MAF,TX,ASW,CE,Combined TRACON& Tower with Radar,31,7,24,0,62,0,0,21,0,21,31,7,45,0,83,50,0,50,133
01/03/2021,MAF,TX,ASW,CE,Combined TRACON& Tower with Radar,32,5,26,0,63,0,0,20,0,20,32,5,46,0,83,36,0,36,119
01/04/2021,MAF,TX,ASW,CE,Combined TRACON& Tower with Radar,36,10,28,2,76,0,0,16,0,16,36,10,44,2,92,14,0,14,106
01/05/2021,MAF,TX,ASW,CE,Combined TRACON& Tower with Radar,35,15,22,7,79,0,0,31,0,31,35,15,53,7,110,0,0,0,110
01/06/2021,MAF,TX,ASW,CE,Combined TRACON& Tower with Radar,37,16,24,27,104,0,2,16,8,26,37,18,40,35,130,2,36,38,168
01/07/2021,MAF,TX,ASW,CE,Combined TRACON& Tower with Radar,33,15,24,7,79,0,0,24,5,29,33,15,48,12,108,0,0,0,108
01/08/2021,MAF,TX,ASW,CE,Combined TRACON& Tower with Radar,38,15,30,17,100,0,0,6,0,6,38,15,36,17,106,0,0,0,106
01/09/2021,MAF,TX,ASW,CE,Combined TRACON& Tower with Radar,28,10,14,0,52,0,0,0,0,0,28,10,14,0,52,0,0,0,52
01/10/2021,MAF,TX,ASW,CE,Combined TRACON& Tower with Radar,21,6,13,0,40,0,0,0,0,0,21,6,13,0,40,0,0,0,40
01/11/2021,MAF,TX,ASW,CE,Combined TRACON& Tower with Radar,33,13,31,62,139,0,0,7,7,14,33,13,38,69,153,0,36,36,189
01/12/2021,MAF,TX,ASW,CE,Combined TRACON& Tower with Radar,35,14,29,1,79,0,1,25,2,28,35,15,54,3,107,0,0,0,107
01/13/2021,MAF,TX,ASW,CE,Combined TRACON& Tower with Radar,37,15,44,7,103,0,0,24,0,24,37,15,68,7,127,0,0,0,127
01/14/2021,MAF,TX,ASW,CE,Combined TRACON& Tower with Radar,34,9,36,2,81,0,0,17,2,19,34,9,53,4,100,0,0,0,100
01/15/2021,MAF,TX,ASW,CE,Combined TRACON& Tower with Radar,36,15,22,8,81,0,0,18,7,25,36,15,40,15,106,32,46,78,184
01/16/2021,MAF,TX,ASW,CE,Combined TRACON& Tower with Radar,27,7,18,0,52,0,0,20,0,20,27,7,38,0,72,13,0,13,85
01/17/2021,MAF,TX,ASW,CE,Combined TRACON& Tower with Radar,34,4,16,6,60,0,0,21,2,23,34,4,37,8,83,14,0,14,97
01/18/2021,MAF,TX,ASW,CE,Combined TRACON& Tower with Radar,33,9,30,0,72,0,0,25,0,25,33,9,55,0,97,14,0,14,111
01/19/2021,MAF,TX,ASW,CE,Combined TRACON& Tower with Radar,34,17,46,24,121,0,0,21,0,21,34,17,67,24,142,14,0,14,156
01/20/2021,MAF,TX,ASW,CE,Combined TRACON& Tower with Radar,38,13,31,7,89,0,0,16,0,16,38,13,47,7,105,0,0,0,105
01/21/2021,MAF,TX,ASW,CE,Combined TRACON& Tower with Radar,38,9,50,34,131,0,0,20,13,33,38,9,70,47,164,8,42,50,214
01/22/2021,MAF,TX,ASW,CE,Combined TRACON& Tower with Radar,39,10,24,91,164,0,0,30,30,60,39,10,54,121,224,2,262,264,488
01/23/2021,MAF,TX,ASW,CE,Combined TRACON& Tower with Radar,28,8,23,1,60,0,0,12,3,15,28,8,35,4,75,48,0,48,123
01/24/2021,MAF,TX,ASW,CE,Combined TRACON& Tower with Radar,34,4,25,13,76,0,0,12,0,12,34,4,37,13,88,22,0,22,110
01/25/2021,MAF,TX,ASW,CE,Combined TRACON& Tower with Radar,35,10,29,12,86,0,0,35,11,46,35,10,64,23,132,2,18,20,152
01/26/2021,MAF,TX,ASW,CE,Combined TRACON& Tower with Radar,34,11,40,13,98,0,0,19,1,20,34,11,59,14,118,0,0,0,118
01/27/2021,MAF,TX,ASW,CE,Combined TRACON& Tower with Radar,34,14,45,24,117,0,1,31,20,52,34,15,76,44,169,0,54,54,223
01/28/2021,MAF,TX,ASW,CE,Combined TRACON& Tower with Radar,34,15,29,19,97,0,0,29,7,36,34,15,58,26,133,12,48,60,193
01/29/2021,MAF,TX,ASW,CE,Combined TRACON& Tower with Radar,35,15,21,21,92,0,1,27,2,30,35,16,48,23,122,56,32,88,210
01/30/2021,MAF,TX,ASW,CE,Combined TRACON& Tower with Radar,24,5,9,2,40,0,0,8,8,16,24,5,17,10,56,0,38,38,94
01/31/2021,MAF,TX,ASW,CE,Combined TRACON& Tower with Radar,33,5,23,11,72,0,0,23,1,24,33,5,46,12,96,0,24,24,120
02/01/2021,MAF,TX,ASW,CE,Combined TRACON& Tower with Radar,33,9,34,40,116,0,1,28,4,33,33,10,62,44,149,2,112,114,263
02/02/2021,MAF,TX,ASW,CE,Combined TRACON& Tower with Radar,34,15,25,22,96,0,0,28,15,43,34,15,53,37,139,0,68,68,207
02/03/2021,MAF,TX,ASW,CE,Combined TRACON& Tower with Radar,36,15,30,25,106,0,0,32,8,40,36,15,62,33,146,6,18,24,170
02/04/2021,MAF,TX,ASW,CE,Combined TRACON& Tower with Radar,36,21,41,11,109,0,0,27,8,35,36,21,68,19,144,0,22,22,166
02/05/2021,MAF,TX,ASW,CE,Combined TRACON& Tower with Radar,38,14,28,38,118,0,0,37,11,48,38,14,65,49,166,8,26,34,200
02/06/2021,MAF,TX,ASW,CE,Combined TRACON& Tower with Radar,25,5,12,28,70,0,0,23,7,30,25,5,35,35,100,8,8,16,116
02/07/2021,MAF,TX,ASW,CE,Combined TRACON& Tower with Radar,34,4,16,10,64,0,1,17,0,18,34,5,33,10,82,0,0,0,82
02/08/2021,MAF,TX,ASW,CE,Combined TRACON& Tower with Radar,35,7,31,36,109,0,2,23,16,41,35,9,54,52,150,0,74,74,224
02/09/2021,MAF,TX,ASW,CE,Combined TRACON& Tower with Radar,36,19,30,13,98,0,0,15,7,22,36,19,45,20,120,0,48,48,168
02/10/2021,MAF,TX,ASW,CE,Combined TRACON& Tower with Radar,35,20,20,0,75,0,0,9,0,9,35,20,29,0,84,0,0,0,84
02/11/2021,MAF,TX,ASW,CE,Combined TRACON& Tower with Radar,40,15,25,6,86,0,0,0,0,0,40,15,25,6,86,0,0,0,86
02/12/2021,MAF,TX,ASW,CE,Combined TRACON& Tower with Radar,37,22,15,6,80,0,0,0,0,0,37,22,15,6,80,0,0,0,80
02/13/2021,MAF,TX,ASW,CE,Combined TRACON& Tower with Radar,22,6,7,0,35,0,0,0,0,0,22,6,7,0,35,0,0,0,35
02/14/2021,MAF,TX,ASW,CE,Combined TRACON& Tower with Radar,4,0,2,0,6,0,0,0,0,0,4,0,2,0,6,0,0,0,6
02/15/2021,MAF,TX,ASW,CE,Combined TRACON& Tower with Radar,1,3,17,0,21,0,0,7,1,8,1,3,24,1,29,0,0,0,29
02/16/2021,MAF,TX,ASW,CE,Combined TRACON& Tower with Radar,6,8,9,0,23,0,0,2,0,2,6,8,11,0,25,0,0,0,25
02/17/2021,MAF,TX,ASW,CE,Combined TRACON& Tower with Radar,5,4,12,2,23,0,0,6,0,6,5,4,18,2,29,0,0,0,29
02/18/2021,MAF,TX,ASW,CE,Combined TRACON& Tower with Radar,17,10,13,0,40,0,0,3,2,5,17,10,16,2,45,0,0,0,45
02/19/2021,MAF,TX,ASW,CE,Combined TRACON& Tower with Radar,35,19,36,19,109,0,0,30,0,30,35,19,66,19,139,38,0,38,177
02/20/2021,MAF,TX,ASW,CE,Combined TRACON& Tower with Radar,25,10,18,0,53,0,0,29,3,32,25,10,47,3,85,34,0,34,119
02/21/2021,MAF,TX,ASW,CE,Combined TRACON& Tower with Radar,34,7,23,14,78,0,0,16,0,16,34,7,39,14,94,10,0,10,104
02/22/2021,MAF,TX,ASW,CE,Combined TRACON& Tower with Radar,35,10,24,26,95,0,3,33,3,39,35,13,57,29,134,0,16,16,150
02/23/2021,MAF,TX,ASW,CE,Combined TRACON& Tower with Radar,36,21,27,7,91,0,0,34,4,38,36,21,61,11,129,14,0,14,143
02/24/2021,MAF,TX,ASW,CE,Combined TRACON& Tower with Radar,34,24,53,34,145,0,1,25,4,30,34,25,78,38,175,0,30,30,205
02/25/2021,MAF,TX,ASW,CE,Combined TRACON& Tower with Radar,33,26,37,28,124,0,0,12,2,14,33,26,49,30,138,0,20,20,158
02/26/2021,MAF,TX,ASW,CE,Combined TRACON& Tower with Radar,41,20,41,72,174,0,1,30,28,59,41,21,71,100,233,2,78,80,313
02/27/2021,MAF,TX,ASW,CE,Combined TRACON& Tower with Radar,25,6,9,9,49,0,0,18,1,19,25,6,27,10,68,26,0,26,94
02/28/2021,MAF,TX,ASW,CE,Combined TRACON& Tower with Radar,29,9,24,4,66,0,0,13,0,13,29,9,37,4,79,15,2,17,96
03/01/2021,MAF,TX,ASW,CE,Combined TRACON& Tower with Radar,34,16,13,20,83,0,0,13,3,16,34,16,26,23,99,0,30,30,129
03/02/2021,MAF,TX,ASW,CE,Combined TRACON& Tower with Radar,38,18,46,24,126,0,0,31,7,38,38,18,77,31,164,4,48,52,216
03/03/2021,MAF,TX,ASW,CE,Combined TRACON& Tower with Radar,34,27,38,11,110,0,0,38,10,48,34,27,76,21,158,7,58,65,223
03/04/2021,MAF,TX,ASW,CE,Combined TRACON& Tower with Radar,40,31,35,17,123,0,0,28,5,33,40,31,63,22,156,0,12,12,168
03/05/2021,MAF,TX,ASW,CE,Combined TRACON& Tower with Radar,39,25,32,33,129,0,0,9,2,11,39,25,41,35,140,0,0,0,140
03/06/2021,MAF,TX,ASW,CE,Combined TRACON& Tower with Radar,25,18,17,0,60,0,0,44,1,45,25,18,61,1,105,18,0,18,123
03/07/2021,MAF,TX,ASW,CE,Combined TRACON& Tower with Radar,39,9,25,28,101,0,0,8,7,15,39,9,33,35,116,0,0,0,116
03/08/2021,MAF,TX,ASW,CE,Combined TRACON& Tower with Radar,39,20,24,13,96,0,0,25,3,28,39,20,49,16,124,2,56,58,182
03/09/2021,MAF,TX,ASW,CE,Combined TRACON& Tower with Radar,38,28,26,30,122,0,0,26,7,33,38,28,52,37,155,12,66,78,233
03/10/2021,MAF,TX,ASW,CE,Combined TRACON& Tower with Radar,38,24,49,23,134,0,0,43,9,52,38,24,92,32,186,34,50,84,270
03/11/2021,MAF,TX,ASW,CE,Combined TRACON& Tower with Radar,40,16,46,23,125,0,3,27,1,31,40,19,73,24,156,5,10,15,171
03/12/2021,MAF,TX,ASW,CE,Combined TRACON& Tower with Radar,34,8,33,10,85,0,0,13,2,15,34,8,46,12,100,0,9,9,109
03/13/2021,MAF,TX,ASW,CE,Combined TRACON& Tower with Radar,29,20,17,5,71,0,1,10,0,11,29,21,27,5,82,0,0,0,82
03/14/2021,MAF,TX,ASW,CE,Combined TRACON& Tower with Radar,38,13,20,3,74,0,0,6,0,6,38,13,26,3,80,0,0,0,80
03/15/2021,MAF,TX,ASW,CE,Combined TRACON& Tower with Radar,39,9,46,3,97,0,0,34,5,39,39,9,80,8,136,0,0,0,136
03/16/2021,MAF,TX,ASW,CE,Combined TRACON& Tower with Radar,38,15,33,3,89,0,0,36,1,37,38,15,69,4,126,0,0,0,126
03/17/2021,MAF,TX,ASW,CE,Combined TRACON& Tower with Radar,33,23,30,9,95,0,0,14,2,16,33,23,44,11,111,0,14,14,125
03/18/2021,MAF,TX,ASW,CE,Combined TRACON& Tower with Radar,42,15,39,16,112,0,0,39,8,47,42,15,78,24,159,12,110,122,281
03/19/2021,MAF,TX,ASW,CE,Combined TRACON& Tower with Radar,46,16,30,13,105,0,0,20,4,24,46,16,50,17,129,0,2,2,131
03/20/2021,MAF,TX,ASW,CE,Combined TRACON& Tower with Radar,35,10,20,11,76,0,1,16,5,22,35,11,36,16,98,0,48,48,146
03/21/2021,MAF,TX,ASW,CE,Combined TRACON& Tower with Radar,40,13,21,0,74,0,0,16,0,16,40,13,37,0,90,12,0,12,102
03/22/2021,MAF,TX,ASW,CE,Combined TRACON& Tower with Radar,43,18,9,7,77,0,0,14,0,14,43,18,23,7,91,0,0,0,91
03/23/2021,MAF,TX,ASW,CE,Combined TRACON& Tower with Radar,38,14,35,26,113,0,1,26,6,33,38,15,61,32,146,0,20,20,166
03/24/2021,MAF,TX,ASW,CE,Combined TRACON& Tower with Radar,40,18,43,70,171,0,0,32,25,57,40,18,75,95,228,0,44,44,272
03/25/2021,MAF,TX,ASW,CE,Combined TRACON& Tower with Radar,40,18,28,23,109,0,0,37,9,46,40,18,65,32,155,34,76,110,265
03/26/2021,MAF,TX,ASW,CE,Combined TRACON& Tower with Radar,42,15,41,27,125,0,0,35,8,43,42,15,76,35,168,20,64,84,252
03/27/2021,MAF,TX,ASW,CE,Combined TRACON& Tower with Radar,28,14,16,2,60,0,2,11,0,13,28,16,27,2,73,6,0,6,79
03/28/2021,MAF,TX,ASW,CE,Combined TRACON& Tower with Radar,37,10,20,9,76,0,0,12,1,13,37,10,32,10,89,0,0,0,89
03/29/2021,MAF,TX,ASW,CE,Combined TRACON& Tower with Radar,39,16,26,13,94,0,0,19,3,22,39,16,45,16,116,0,0,0,116
03/30/2021,MAF,TX,ASW,CE,Combined TRACON& Tower with Radar,42,19,46,2,109,0,0,24,3,27,42,19,70,5,136,0,0,0,136
03/31/2021,MAF,TX,ASW,CE,Combined TRACON& Tower with Radar,40,16,37,22,115,0,1,35,6,42,40,17,72,28,157,4,35,39,196
04/01/2021,MAF,TX,ASW,CE,Combined TRACON& Tower with Radar,40,22,54,59,175,0,0,15,2,17,40,22,69,61,192,0,49,49,241
04/02/2021,MAF,TX,ASW,CE,Combined TRACON& Tower with Radar,41,16,22,24,103,0,2,18,3,23,41,18,40,27,126,40,0,40,166
04/03/2021,MAF,TX,ASW,CE,Combined TRACON& Tower with Radar,31,8,13,3,55,0,0,6,3,9,31,8,19,6,64,12,0,12,76
04/04/2021,MAF,TX,ASW,CE,Combined TRACON& Tower with Radar,35,7,33,21,96,0,0,5,0,5,35,7,38,21,101,0,0,0,101
04/05/2021,MAF,TX,ASW,CE,Combined TRACON& Tower with Radar,39,8,25,21,93,0,0,14,7,21,39,8,39,28,114,0,12,12,126
04/06/2021,MAF,TX,ASW,CE,Combined TRACON& Tower with Radar,38,22,29,19,108,0,0,20,0,20,38,22,49,19,128,0,0,0,128
04/07/2021,MAF,TX,ASW,CE,Combined TRACON& Tower with Radar,38,22,59,25,144,0,2,31,2,35,38,24,90,27,179,21,20,41,220
04/08/2021,MAF,TX,ASW,CE,Combined TRACON& Tower with Radar,40,24,36,14,114,0,0,22,5,27,40,24,58,19,141,12,24,36,177
04/09/2021,MAF,TX,ASW,CE,Combined TRACON& Tower with Radar,42,16,30,33,121,0,0,26,2,28,42,16,56,35,149,12,0,12,161
04/10/2021,MAF,TX,ASW,CE,Combined TRACON& Tower with Radar,35,11,13,7,66,0,0,14,0,14,35,11,27,7,80,22,0,22,102
04/11/2021,MAF,TX,ASW,CE,Combined TRACON& Tower with Radar,39,14,26,15,94,0,0,17,3,20,39,14,43,18,114,0,0,0,114
04/12/2021,MAF,TX,ASW,CE,Combined TRACON& Tower with Radar,37,15,20,41,113,0,1,24,6,31,37,16,44,47,144,6,4,10,154
04/13/2021,MAF,TX,ASW,CE,Combined TRACON& Tower with Radar,40,15,32,49,136,0,0,14,5,19,40,15,46,54,155,0,8,8,163
04/14/2021,MAF,TX,ASW,CE,Combined TRACON& Tower with Radar,36,20,46,30,132,0,0,12,2,14,36,20,58,32,146,0,0,0,146
04/15/2021,MAF,TX,ASW,CE,Combined TRACON& Tower with Radar,46,22,30,0,98,0,0,0,0,0,46,22,30,0,98,0,0,0,98
04/16/2021,MAF,TX,ASW,CE,Combined TRACON& Tower with Radar,36,21,32,58,147,0,0,5,3,8,36,21,37,61,155,20,24,44,199
04/17/2021,MAF,TX,ASW,CE,Combined TRACON& Tower with Radar,38,10,16,8,72,0,0,11,0,11,38,10,27,8,83,0,0,0,83
04/18/2021,MAF,TX,ASW,CE,Combined TRACON& Tower with Radar,34,12,33,25,104,0,0,18,7,25,34,12,51,32,129,18,4,22,151
04/19/2021,MAF,TX,ASW,CE,Combined TRACON& Tower with Radar,37,13,24,28,102,0,0,38,6,44,37,13,62,34,146,18,35,53,199
04/20/2021,MAF,TX,ASW,CE,Combined TRACON& Tower with Radar,38,20,35,15,108,0,0,26,0,26,38,20,61,15,134,0,0,0,134
04/21/2021,MAF,TX,ASW,CE,Combined TRACON& Tower with Radar,38,23,44,53,158,0,0,31,11,42,38,23,75,64,200,0,33,33,233
04/22/2021,MAF,TX,ASW,CE,Combined TRACON& Tower with Radar,42,17,34,46,139,0,0,19,4,23,42,17,53,50,162,8,13,21,183
04/23/2021,MAF,TX,ASW,CE,Combined TRACON& Tower with Radar,44,15,13,56,128,0,0,22,12,34,44,15,35,68,162,16,152,168,330
04/24/2021,MAF,TX,ASW,CE,Combined TRACON& Tower with Radar,35,9,15,39,98,0,1,22,6,29,35,10,37,45,127,18,7,25,152
04/25/2021,MAF,TX,ASW,CE,Combined TRACON& Tower with Radar,36,8,33,4,81,0,1,18,0,19,36,9,51,4,100,0,0,0,100
04/26/2021,MAF,TX,ASW,CE,Combined TRACON& Tower with Radar,40,14,32,52,138,0,0,22,21,43,40,14,54,73,181,8,38,46,227
04/27/2021,MAF,TX,ASW,CE,Combined TRACON& Tower with Radar,36,24,41,10,111,0,0,32,0,32,36,24,73,10,143,0,0,0,143
04/28/2021,MAF,TX,ASW,CE,Combined TRACON& Tower with Radar,36,17,63,36,152,0,0,13,3,16,36,17,76,39,168,0,0,0,168
04/29/2021,MAF,TX,ASW,CE,Combined TRACON& Tower with Radar,42,26,51,31,150,0,0,7,0,7,42,26,58,31,157,0,0,0,157
04/30/2021,MAF,TX,ASW,CE,Combined TRACON& Tower with Radar,41,19,28,28,116,0,0,16,0,16,41,19,44,28,132,28,22,50,182
05/01/2021,MAF,TX,ASW,CE,Combined TRACON& Tower with Radar,35,11,14,2,62,0,0,11,1,12,35,11,25,3,74,32,0,32,106
05/02/2021,MAF,TX,ASW,CE,Combined TRACON& Tower with Radar,33,10,41,10,94,0,0,18,2,20,33,10,59,12,114,3,0,3,117
05/03/2021,MAF,TX,ASW,CE,Combined TRACON& Tower with Radar,39,11,30,13,93,0,0,29,0,29,39,11,59,13,122,0,4,4,126
05/04/2021,MAF,TX,ASW,CE,Combined TRACON& Tower with Radar,37,20,39,16,112,0,0,16,5,21,37,20,55,21,133,18,52,70,203
05/05/2021,MAF,TX,ASW,CE,Combined TRACON& Tower with Radar,39,22,35,12,108,0,0,22,5,27,39,22,57,17,135,0,0,0,135
05/06/2021,MAF,TX,ASW,CE,Combined TRACON& Tower with Radar,44,27,42,16,129,0,2,17,4,23,44,29,59,20,152,0,6,6,158
05/07/2021,MAF,TX,ASW,CE,Combined TRACON& Tower with Radar,43,18,23,10,94,0,0,12,1,13,43,18,35,11,107,0,0,0,107
05/08/2021,MAF,TX,ASW,CE,Combined TRACON& Tower with Radar,36,14,9,0,59,0,0,20,2,22,36,14,29,2,81,14,0,14,95
05/09/2021,MAF,TX,ASW,CE,Combined TRACON& Tower with Radar,38,22,24,3,87,0,0,12,0,12,38,22,36,3,99,14,0,14,113
05/10/2021,MAF,TX,ASW,CE,Combined TRACON& Tower with Radar,42,18,32,26,118,0,0,5,0,5,42,18,37,26,123,0,0,0,123
05/11/2021,MAF,TX,ASW,CE,Combined TRACON& Tower with Radar,47,16,38,2,103,0,0,7,0,7,47,16,45,2,110,0,0,0,110
05/12/2021,MAF,TX,ASW,CE,Combined TRACON& Tower with Radar,38,18,54,93,203,0,0,23,10,33,38,18,77,103,236,24,114,138,374
05/13/2021,MAF,TX,ASW,CE,Combined TRACON& Tower with Radar,42,18,45,12,117,0,0,32,2,34,42,18,77,14,151,0,0,0,151
05/14/2021,MAF,TX,ASW,CE,Combined TRACON& Tower with Radar,41,22,36,37,136,0,1,37,2,40,41,23,73,39,176,6,0,6,182
05/15/2021,MAF,TX,ASW,CE,Combined TRACON& Tower with Radar,36,13,17,3,69,0,0,13,3,16,36,13,30,6,85,14,0,14,99
05/16/2021,MAF,TX,ASW,CE,Combined TRACON& Tower with Radar,37,11,30,6,84,0,0,12,7,19,37,11,42,13,103,0,0,0,103
05/17/2021,MAF,TX,ASW,CE,Combined TRACON& Tower with Radar,40,14,34,27,115,0,0,8,3,11,40,14,42,30,126,16,14,30,156
05/18/2021,MAF,TX,ASW,CE,Combined TRACON& Tower with Radar,36,20,36,127,219,0,0,22,5,27,36,20,58,132,246,14,89,103,349
05/19/2021,MAF,TX,ASW,CE,Combined TRACON& Tower with Radar,46,15,54,81,196,0,0,14,7,21,46,15,68,88,217,12,62,74,291
05/20/2021,MAF,TX,ASW,CE,Combined TRACON& Tower with Radar,42,36,47,44,169,0,2,36,22,60,42,38,83,66,229,0,18,18,247
05/21/2021,MAF,TX,ASW,CE,Combined TRACON& Tower with Radar,47,16,26,53,142,0,3,14,8,25,47,19,40,61,167,44,0,44,211
05/22/2021,MAF,TX,ASW,CE,Combined TRACON& Tower with Radar,42,16,19,14,91,0,0,4,7,11,42,16,23,21,102,10,4,14,116
05/23/2021,MAF,TX,ASW,CE,Combined TRACON& Tower with Radar,49,10,18,32,109,0,3,5,2,10,49,13,23,34,119,0,0,0,119
05/24/2021,MAF,TX,ASW,CE,Combined TRACON& Tower with Radar,42,16,34,64,156,0,0,12,21,33,42,16,46,85,189,26,94,120,309
05/25/2021,MAF,TX,ASW,CE,Combined TRACON& Tower with Radar,37,29,36,44,146,0,1,18,14,33,37,30,54,58,179,1,92,93,272
05/26/2021,MAF,TX,ASW,CE,Combined TRACON& Tower with Radar,39,21,74,16,150,0,1,26,3,30,39,22,100,19,180,0,16,16,196
05/27/2021,MAF,TX,ASW,CE,Combined TRACON& Tower with Radar,41,33,42,17,133,0,2,29,16,47,41,35,71,33,180,50,98,148,328
05/28/2021,MAF,TX,ASW,CE,Combined TRACON& Tower with Radar,42,17,36,34,129,0,0,2,1,3,42,17,38,35,132,52,0,52,184
05/29/2021,MAF,TX,ASW,CE,Combined TRACON& Tower with Radar,41,14,28,18,101,0,0,18,2,20,41,14,46,20,121,38,0,38,159
05/30/2021,MAF,TX,ASW,CE,Combined TRACON& Tower with Radar,41,3,17,11,72,0,0,6,1,7,41,3,23,12,79,0,0,0,79
05/31/2021,MAF,TX,ASW,CE,Combined TRACON& Tower with Radar,38,7,22,0,67,0,0,3,0,3,38,7,25,0,70,0,0,0,70
06/01/2021,MAF,TX,ASW,CE,Combined TRACON& Tower with Radar,39,21,32,49,141,0,0,9,3,12,39,21,41,52,153,0,30,30,183
06/02/2021,MAF,TX,ASW,CE,Combined TRACON& Tower with Radar,37,31,51,61,180,0,1,21,20,42,37,32,72,81,222,0,110,110,332
06/03/2021,MAF,TX,ASW,CE,Combined TRACON& Tower with Radar,41,28,40,47,156,0,1,18,0,19,41,29,58,47,175,24,8,32,207
06/04/2021,MAF,TX,ASW,CE,Combined TRACON& Tower with Radar,43,18,24,73,158,0,0,24,5,29,43,18,48,78,187,68,0,68,255
06/05/2021,MAF,TX,ASW,CE,Combined TRACON& Tower with Radar,33,17,19,47,116,0,0,21,2,23,33,17,40,49,139,14,0,14,153
06/06/2021,MAF,TX,ASW,CE,Combined TRACON& Tower with Radar,39,17,29,20,105,0,0,11,0,11,39,17,40,20,116,4,0,4,120
06/07/2021,MAF,TX,ASW,CE,Combined TRACON& Tower with Radar,41,10,44,135,230,0,0,15,22,37,41,10,59,157,267,0,82,82,349
06/08/2021,MAF,TX,ASW,CE,Combined TRACON& Tower with Radar,46,13,48,14,121,0,1,17,3,21,46,14,65,17,142,0,0,0,142
06/09/2021,MAF,TX,ASW,CE,Combined TRACON& Tower with Radar,44,15,56,40,155,0,1,32,21,54,44,16,88,61,209,12,76,88,297
06/10/2021,MAF,TX,ASW,CE,Combined TRACON& Tower with Radar,45,16,44,16,121,0,0,25,8,33,45,16,69,24,154,16,0,16,170
06/11/2021,MAF,TX,ASW,CE,Combined TRACON& Tower with Radar,48,19,32,9,108,0,2,25,10,37,48,21,57,19,145,12,8,20,165
06/12/2021,MAF,TX,ASW,CE,Combined TRACON& Tower with Radar,30,18,12,1,61,0,1,15,1,17,30,19,27,2,78,0,0,0,78
06/13/2021,MAF,TX,ASW,CE,Combined TRACON& Tower with Radar,37,12,20,21,90,0,0,11,3,14,37,12,31,24,104,15,4,19,123
06/14/2021,MAF,TX,ASW,CE,Combined TRACON& Tower with Radar,45,20,25,4,94,0,0,20,3,23,45,20,45,7,117,0,0,0,117
06/15/2021,MAF,TX,ASW,CE,Combined TRACON& Tower with Radar,40,25,45,26,136,0,0,34,9,43,40,25,79,35,179,52,32,84,263
06/16/2021,MAF,TX,ASW,CE,Combined TRACON& Tower with Radar,42,27,40,29,138,0,0,41,5,46,42,27,81,34,184,8,0,8,192
06/17/2021,MAF,TX,ASW,CE,Combined TRACON& Tower with Radar,46,20,35,24,125,0,3,32,17,52,46,23,67,41,177,16,58,74,251
06/18/2021,MAF,TX,ASW,CE,Combined TRACON& Tower with Radar,41,18,43,29,131,0,0,23,3,26,41,18,66,32,157,50,0,50,207
06/19/2021,MAF,TX,ASW,CE,Combined TRACON& Tower with Radar,28,15,25,6,74,0,0,21,0,21,28,15,46,6,95,20,0,20,115
06/20/2021,MAF,TX,ASW,CE,Combined TRACON& Tower with Radar,39,8,26,16,89,0,0,19,2,21,39,8,45,18,110,0,8,8,118
06/21/2021,MAF,TX,ASW,CE,Combined TRACON& Tower with Radar,38,18,30,18,104,0,0,12,2,14,38,18,42,20,118,0,14,14,132
06/22/2021,MAF,TX,ASW,CE,Combined TRACON& Tower with Radar,45,17,42,3,107,0,0,23,1,24,45,17,65,4,131,6,16,22,153
06/23/2021,MAF,TX,ASW,CE,Combined TRACON& Tower with Radar,44,15,46,39,144,0,1,32,15,48,44,16,78,54,192,2,112,114,306
06/24/2021,MAF,TX,ASW,CE,Combined TRACON& Tower with Radar,43,18,59,10,130,0,1,35,5,41,43,19,94,15,171,0,20,20,191
06/25/2021,MAF,TX,ASW,CE,Combined TRACON& Tower with Radar,46,15,24,48,133,0,0,17,3,20,46,15,41,51,153,18,28,46,199
06/26/2021,MAF,TX,ASW,CE,Combined TRACON& Tower with Radar,31,10,22,55,118,0,0,24,1,25,31,10,46,56,143,0,0,0,143
06/27/2021,MAF,TX,ASW,CE,Combined TRACON& Tower with Radar,45,13,35,2,95,0,0,4,0,4,45,13,39,2,99,0,0,0,99
06/28/2021,MAF,TX,ASW,CE,Combined TRACON& Tower with Radar,44,20,19,37,120,0,0,10,2,12,44,20,29,39,132,0,12,12,144
06/29/2021,MAF,TX,ASW,CE,Combined TRACON& Tower with Radar,39,22,33,120,214,0,0,13,10,23,39,22,46,130,237,48,48,96,333
06/30/2021,MAF,TX,ASW,CE,Combined TRACON& Tower with Radar,44,27,38,63,172,0,0,21,1,22,44,27,59,64,194,10,0,10,204
07/01/2021,MAF,TX,ASW,CE,Combined TRACON& Tower with Radar,47,20,49,17,133,0,0,38,3,41,47,20,87,20,174,16,8,24,198
07/02/2021,MAF,TX,ASW,CE,Combined TRACON& Tower with Radar,41,15,29,0,85,0,0,13,2,15,41,15,42,2,100,22,0,22,122
07/03/2021,MAF,TX,ASW,CE,Combined TRACON& Tower with Radar,27,17,14,2,60,0,0,5,1,6,27,17,19,3,66,0,0,0,66
07/04/2021,MAF,TX,ASW,CE,Combined TRACON& Tower with Radar,35,6,7,1,49,0,0,8,1,9,35,6,15,2,58,0,0,0,58
07/05/2021,MAF,TX,ASW,CE,Combined TRACON& Tower with Radar,38,10,44,0,92,0,0,8,0,8,38,10,52,0,100,4,0,4,104
07/06/2021,MAF,TX,ASW,CE,Combined TRACON& Tower with Radar,38,19,35,138,230,0,3,8,28,39,38,22,43,166,269,0,92,92,361
07/07/2021,MAF,TX,ASW,CE,Combined TRACON& Tower with Radar,44,21,56,72,193,0,0,28,36,64,44,21,84,108,257,0,88,88,345
07/08/2021,MAF,TX,ASW,CE,Combined TRACON& Tower with Radar,42,25,44,48,159,0,0,23,10,33,42,25,67,58,192,28,46,74,266
07/09/2021,MAF,TX,ASW,CE,Combined TRACON& Tower with Radar,44,18,23,71,156,0,4,26,51,81,44,22,49,122,237,2,142,144,381
07/10/2021,MAF,TX,ASW,CE,Combined TRACON& Tower with Radar,27,14,21,4,66,0,2,11,5,18,27,16,32,9,84,0,34,34,118
07/11/2021,MAF,TX,ASW,CE,Combined TRACON& Tower with Radar,37,5,37,14,93,0,0,20,1,21,37,5,57,15,114,20,0,20,134
07/12/2021,MAF,TX,ASW,CE,Combined TRACON& Tower with Radar,42,10,27,29,108,0,1,21,5,27,42,11,48,34,135,16,30,46,181
07/13/2021,MAF,TX,ASW,CE,Combined TRACON& Tower with Radar,35,30,37,30,132,0,2,30,16,48,35,32,67,46,180,32,62,94,274
07/14/2021,MAF,TX,ASW,CE,Combined TRACON& Tower with Radar,46,20,43,60,169,0,0,31,16,47,46,20,74,76,216,6,40,46,262
07/15/2021,MAF,TX,ASW,CE,Combined TRACON& Tower with Radar,46,24,54,30,154,0,2,10,5,17,46,26,64,35,171,0,0,0,171
07/16/2021,MAF,TX,ASW,CE,Combined TRACON& Tower with Radar,42,25,25,52,144,0,1,15,2,18,42,26,40,54,162,0,0,0,162
07/17/2021,MAF,TX,ASW,CE,Combined TRACON& Tower with Radar,28,20,15,4,67,0,0,19,0,19,28,20,34,4,86,0,0,0,86
07/18/2021,MAF,TX,ASW,CE,Combined TRACON& Tower with Radar,41,11,32,12,96,0,0,12,1,13,41,11,44,13,109,0,0,0,109
07/19/2021,MAF,TX,ASW,CE,Combined TRACON& Tower with Radar,41,18,30,22,111,0,0,15,1,16,41,18,45,23,127,0,0,0,127
07/20/2021,MAF,TX,ASW,CE,Combined TRACON& Tower with Radar,41,27,43,13,124,0,0,18,4,22,41,27,61,17,146,0,0,0,146
07/21/2021,MAF,TX,ASW,CE,Combined TRACON& Tower with Radar,43,26,54,44,167,0,0,27,17,44,43,26,81,61,211,0,0,0,211
07/22/2021,MAF,TX,ASW,CE,Combined TRACON& Tower with Radar,45,24,30,15,114,0,0,23,11,34,45,24,53,26,148,0,0,0,148
07/23/2021,MAF,TX,ASW,CE,Combined TRACON& Tower with Radar,45,16,24,18,103,0,0,5,0,5,45,16,29,18,108,0,0,0,108
07/24/2021,MAF,TX,ASW,CE,Combined TRACON& Tower with Radar,29,23,17,1,70,0,0,19,1,20,29,23,36,2,90,0,0,0,90
07/25/2021,MAF,TX,ASW,CE,Combined TRACON& Tower with Radar,38,6,35,14,93,0,0,4,2,6,38,6,39,16,99,0,0,0,99
07/26/2021,MAF,TX,ASW,CE,Combined TRACON& Tower with Radar,42,12,47,28,129,0,0,18,6,24,42,12,65,34,153,0,0,0,153
07/27/2021,MAF,TX,ASW,CE,Combined TRACON& Tower with Radar,43,22,35,10,110,0,2,12,3,17,43,24,47,13,127,0,0,0,127
07/28/2021,MAF,TX,ASW,CE,Combined TRACON& Tower with Radar,45,23,43,5,116,0,0,7,3,10,45,23,50,8,126,0,0,0,126
07/29/2021,MAF,TX,ASW,CE,Combined TRACON& Tower with Radar,43,20,38,4,105,0,0,16,0,16,43,20,54,4,121,0,0,0,121
07/30/2021,MAF,TX,ASW,CE,Combined TRACON& Tower with Radar,45,19,21,53,138,0,1,9,21,31,45,20,30,74,169,0,0,0,169
07/31/2021,MAF,TX,ASW,CE,Combined TRACON& Tower with Radar,26,18,25,4,73,0,0,12,1,13,26,18,37,5,86,0,0,0,86
08/01/2021,MAF,TX,ASW,CE,Combined TRACON& Tower with Radar,30,13,33,3,79,0,0,4,0,4,30,13,37,3,83,0,0,0,83
08/02/2021,MAF,TX,ASW,CE,Combined TRACON& Tower with Radar,43,18,39,5,105,0,0,6,1,7,43,18,45,6,112,0,0,0,112
08/03/2021,MAF,TX,ASW,CE,Combined TRACON& Tower with Radar,46,15,34,23,118,0,0,22,4,26,46,15,56,27,144,0,0,0,144
08/04/2021,MAF,TX,ASW,CE,Combined TRACON& Tower with Radar,45,16,39,7,107,0,1,34,2,37,45,17,73,9,144,0,0,0,144
08/05/2021,MAF,TX,ASW,CE,Combined TRACON& Tower with Radar,47,14,35,34,130,0,0,21,14,35,47,14,56,48,165,0,0,0,165
08/06/2021,MAF,TX,ASW,CE,Combined TRACON& Tower with Radar,45,16,19,31,111,0,1,19,14,34,45,17,38,45,145,18,12,30,175
08/07/2021,MAF,TX,ASW,CE,Combined TRACON& Tower with Radar,29,14,20,8,71,0,0,18,1,19,29,14,38,9,90,8,0,8,98
08/08/2021,MAF,TX,ASW,CE,Combined TRACON& Tower with Radar,40,6,28,0,74,0,0,11,0,11,40,6,39,0,85,8,0,8,93
08/09/2021,MAF,TX,ASW,CE,Combined TRACON& Tower with Radar,44,12,25,35,116,0,0,23,21,44,44,12,48,56,160,0,0,0,160
08/10/2021,MAF,TX,ASW,CE,Combined TRACON& Tower with Radar,43,15,44,15,117,0,0,25,3,28,43,15,69,18,145,0,0,0,145
08/11/2021,MAF,TX,ASW,CE,Combined TRACON& Tower with Radar,46,18,50,28,142,0,0,9,4,13,46,18,59,32,155,0,0,0,155
08/12/2021,MAF,TX,ASW,CE,Combined TRACON& Tower with Radar,49,18,43,3,113,0,0,10,2,12,49,18,53,5,125,0,0,0,125
08/13/2021,MAF,TX,ASW,CE,Combined TRACON& Tower with Radar,45,23,32,37,137,0,1,10,4,15,45,24,42,41,152,0,0,0,152
08/14/2021,MAF,TX,ASW,CE,Combined TRACON& Tower with Radar,31,16,18,6,71,0,0,9,9,18,31,16,27,15,89,0,0,0,89
08/15/2021,MAF,TX,ASW,CE,Combined TRACON& Tower with Radar,38,12,37,10,97,0,0,8,1,9,38,12,45,11,106,10,4,14,120
08/16/2021,MAF,TX,ASW,CE,Combined TRACON& Tower with Radar,46,16,24,41,127,0,0,20,10,30,46,16,44,51,157,24,38,62,219
08/17/2021,MAF,TX,ASW,CE,Combined TRACON& Tower with Radar,43,20,31,1,95,0,0,11,0,11,43,20,42,1,106,0,0,0,106
08/18/2021,MAF,TX,ASW,CE,Combined TRACON& Tower with Radar,44,26,47,57,174,0,2,20,7,29,44,28,67,64,203,0,0,0,203
08/19/2021,MAF,TX,ASW,CE,Combined TRACON& Tower with Radar,44,16,30,13,103,0,0,22,7,29,44,16,52,20,132,0,0,0,132
08/20/2021,MAF,TX,ASW,CE,Combined TRACON& Tower with Radar,47,15,11,32,105,0,0,19,6,25,47,15,30,38,130,0,0,0,130
08/21/2021,MAF,TX,ASW,CE,Combined TRACON& Tower with Radar,30,14,16,3,63,0,0,17,2,19,30,14,33,5,82,0,0,0,82
08/22/2021,MAF,TX,ASW,CE,Combined TRACON& Tower with Radar,41,6,29,3,79,0,0,13,0,13,41,6,42,3,92,0,4,4,96
08/23/2021,MAF,TX,ASW,CE,Combined TRACON& Tower with Radar,45,15,31,6,97,0,1,20,2,23,45,16,51,8,120,0,0,0,120
08/24/2021,MAF,TX,ASW,CE,Combined TRACON& Tower with Radar,42,20,36,15,113,0,0,22,5,27,42,20,58,20,140,0,0,0,140
08/25/2021,MAF,TX,ASW,CE,Combined TRACON& Tower with Radar,48,12,43,30,133,0,0,22,8,30,48,12,65,38,163,0,0,0,163
08/26/2021,MAF,TX,ASW,CE,Combined TRACON& Tower with Radar,50,17,48,35,150,0,1,26,3,30,50,18,74,38,180,0,0,0,180
08/27/2021,MAF,TX,ASW,CE,Combined TRACON& Tower with Radar,48,14,27,72,161,0,3,13,7,23,48,17,40,79,184,0,0,0,184
08/28/2021,MAF,TX,ASW,CE,Combined TRACON& Tower with Radar,30,20,18,0,68,0,0,5,0,5,30,20,23,0,73,0,0,0,73
08/29/2021,MAF,TX,ASW,CE,Combined TRACON& Tower with Radar,41,4,23,17,85,0,0,9,3,12,41,4,32,20,97,0,0,0,97
08/30/2021,MAF,TX,ASW,CE,Combined TRACON& Tower with Radar,43,11,21,24,99,0,0,16,13,29,43,11,37,37,128,12,0,12,140
08/31/2021,MAF,TX,ASW,CE,Combined TRACON& Tower with Radar,43,22,45,24,134,0,0,26,2,28,43,22,71,26,162,0,0,0,162
09/01/2021,MAF,TX,ASW,CE,Combined TRACON& Tower with Radar,48,22,44,54,168,0,0,20,22,42,48,22,64,76,210,0,0,0,210
09/02/2021,MAF,TX,ASW,CE,Combined TRACON& Tower with Radar,49,20,29,25,123,0,0,9,5,14,49,20,38,30,137,0,0,0,137
09/03/2021,MAF,TX,ASW,CE,Combined TRACON& Tower with Radar,49,14,59,6,128,0,0,20,0,20,49,14,79,6,148,0,0,0,148
09/04/2021,MAF,TX,ASW,CE,Combined TRACON& Tower with Radar,30,7,12,11,60,0,0,16,0,16,30,7,28,11,76,32,0,32,108
09/05/2021,MAF,TX,ASW,CE,Combined TRACON& Tower with Radar,35,6,13,2,56,0,0,10,2,12,35,6,23,4,68,0,0,0,68
09/06/2021,MAF,TX,ASW,CE,Combined TRACON& Tower with Radar,42,11,45,13,111,0,1,17,3,21,42,12,62,16,132,0,0,0,132
09/07/2021,MAF,TX,ASW,CE,Combined TRACON& Tower with Radar,38,19,31,35,123,0,0,32,14,46,38,19,63,49,169,0,0,0,169
09/08/2021,MAF,TX,ASW,CE,Combined TRACON& Tower with Radar,45,16,52,20,133,0,2,39,1,42,45,18,91,21,175,0,0,0,175
09/09/2021,MAF,TX,ASW,CE,Combined TRACON& Tower with Radar,52,22,51,26,151,0,4,32,6,42,52,26,83,32,193,30,12,42,235
09/10/2021,MAF,TX,ASW,CE,Combined TRACON& Tower with Radar,54,16,29,4,103,0,0,33,7,40,54,16,62,11,143,0,0,0,143
09/11/2021,MAF,TX,ASW,CE,Combined TRACON& Tower with Radar,27,15,9,1,52,1,0,21,5,27,28,15,30,6,79,0,0,0,79
09/12/2021,MAF,TX,ASW,CE,Combined TRACON& Tower with Radar,39,9,15,1,64,0,0,32,5,37,39,9,47,6,101,0,0,0,101
09/13/2021,MAF,TX,ASW,CE,Combined TRACON& Tower with Radar,41,16,28,74,159,0,0,15,12,27,41,16,43,86,186,0,0,0,186
09/14/2021,MAF,TX,ASW,CE,Combined TRACON& Tower with Radar,36,19,28,25,108,0,0,25,7,32,36,19,53,32,140,0,0,0,140
09/15/2021,MAF,TX,ASW,CE,Combined TRACON& Tower with Radar,44,13,36,14,107,0,1,28,11,40,44,14,64,25,147,0,0,0,147
09/16/2021,MAF,TX,ASW,CE,Combined TRACON& Tower with Radar,49,17,34,45,145,0,0,23,8,31,49,17,57,53,176,0,0,0,176
09/17/2021,MAF,TX,ASW,CE,Combined TRACON& Tower with Radar,49,16,26,25,116,0,0,12,3,15,49,16,38,28,131,0,0,0,131
09/18/2021,MAF,TX,ASW,CE,Combined TRACON& Tower with Radar,27,11,12,3,53,0,0,20,3,23,27,11,32,6,76,0,0,0,76
09/19/2021,MAF,TX,ASW,CE,Combined TRACON& Tower with Radar,45,5,49,0,99,0,0,24,2,26,45,5,73,2,125,0,0,0,125
09/20/2021,MAF,TX,ASW,CE,Combined TRACON& Tower with Radar,46,13,23,20,102,0,0,18,0,18,46,13,41,20,120,0,0,0,120
09/21/2021,MAF,TX,ASW,CE,Combined TRACON& Tower with Radar,42,15,38,2,97,0,0,10,2,12,42,15,48,4,109,6,0,6,115
09/22/2021,MAF,TX,ASW,CE,Combined TRACON& Tower with Radar,49,11,53,13,126,0,0,32,19,51,49,11,85,32,177,0,0,0,177
09/23/2021,MAF,TX,ASW,CE,Combined TRACON& Tower with Radar,54,13,39,27,133,0,0,30,14,44,54,13,69,41,177,0,0,0,177
09/24/2021,MAF,TX,ASW,CE,Combined TRACON& Tower with Radar,51,20,27,2,100,0,1,13,0,14,51,21,40,2,114,0,0,0,114
09/25/2021,MAF,TX,ASW,CE,Combined TRACON& Tower with Radar,28,8,29,1,66,0,0,11,1,12,28,8,40,2,78,0,0,0,78
09/26/2021,MAF,TX,ASW,CE,Combined TRACON& Tower with Radar,43,9,33,0,85,0,0,6,0,6,43,9,39,0,91,10,0,10,101
09/27/2021,MAF,TX,ASW,CE,Combined TRACON& Tower with Radar,45,15,37,16,113,0,0,18,0,18,45,15,55,16,131,0,0,0,131
09/28/2021,MAF,TX,ASW,CE,Combined TRACON& Tower with Radar,47,17,44,24,132,0,0,29,14,43,47,17,73,38,175,16,72,88,263
09/29/2021,MAF,TX,ASW,CE,Combined TRACON& Tower with Radar,46,19,31,21,117,0,0,26,14,40,46,19,57,35,157,0,0,0,157
09/30/2021,MAF,TX,ASW,CE,Combined TRACON& Tower with Radar,47,24,49,13,133,0,0,18,6,24,47,24,67,19,157,0,0,0,157
10/01/2021,MAF,TX,ASW,CE,Combined TRACON& Tower with Radar,49,14,49,39,151,0,0,18,6,24,49,14,67,45,175,0,0,0,175
10/02/2021,MAF,TX,ASW,CE,Combined TRACON& Tower with Radar,25,12,30,31,98,0,0,16,6,22,25,12,46,37,120,0,0,0,120
10/03/2021,MAF,TX,ASW,CE,Combined TRACON& Tower with Radar,44,13,54,9,120,0,0,10,7,17,44,13,64,16,137,0,0,0,137
10/04/2021,MAF,TX,ASW,CE,Combined TRACON& Tower with Radar,44,12,46,18,120,0,0,29,0,29,44,12,75,18,149,0,0,0,149
10/05/2021,MAF,TX,ASW,CE,Combined TRACON& Tower with Radar,42,19,38,47,146,0,0,27,0,27,42,19,65,47,173,0,0,0,173
10/06/2021,MAF,TX,ASW,CE,Combined TRACON& Tower with Radar,46,19,56,15,136,0,1,24,3,28,46,20,80,18,164,0,0,0,164
10/07/2021,MAF,TX,ASW,CE,Combined TRACON& Tower with Radar,56,18,53,17,144,0,0,25,22,47,56,18,78,39,191,0,0,0,191
10/08/2021,MAF,TX,ASW,CE,Combined TRACON& Tower with Radar,52,17,23,9,101,0,0,21,3,24,52,17,44,12,125,0,0,0,125
10/09/2021,MAF,TX,ASW,CE,Combined TRACON& Tower with Radar,30,9,16,5,60,0,0,14,1,15,30,9,30,6,75,0,0,0,75
10/10/2021,MAF,TX,ASW,CE,Combined TRACON& Tower with Radar,37,9,45,4,95,0,0,3,0,3,37,9,48,4,98,4,0,4,102
10/11/2021,MAF,TX,ASW,CE,Combined TRACON& Tower with Radar,49,17,47,2,115,0,0,21,0,21,49,17,68,2,136,0,0,0,136
10/12/2021,MAF,TX,ASW,CE,Combined TRACON& Tower with Radar,52,20,52,35,159,0,0,9,18,27,52,20,61,53,186,0,0,0,186
10/13/2021,MAF,TX,ASW,CE,Combined TRACON& Tower with Radar,47,20,46,26,139,0,0,12,5,17,47,20,58,31,156,0,0,0,156
10/14/2021,MAF,TX,ASW,CE,Combined TRACON& Tower with Radar,54,24,33,25,136,0,0,17,15,32,54,24,50,40,168,0,0,0,168
10/15/2021,MAF,TX,ASW,CE,Combined TRACON& Tower with Radar,52,13,29,3,97,0,0,27,4,31,52,13,56,7,128,0,0,0,128
10/16/2021,MAF,TX,ASW,CE,Combined TRACON& Tower with Radar,29,12,19,4,64,0,0,15,4,19,29,12,34,8,83,0,0,0,83
10/17/2021,MAF,TX,ASW,CE,Combined TRACON& Tower with Radar,44,10,30,23,107,0,0,21,4,25,44,10,51,27,132,0,0,0,132
10/18/2021,MAF,TX,ASW,CE,Combined TRACON& Tower with Radar,51,18,28,5,102,0,0,22,1,23,51,18,50,6,125,0,0,0,125
10/19/2021,MAF,TX,ASW,CE,Combined TRACON& Tower with Radar,47,29,48,5,129,0,0,23,9,32,47,29,71,14,161,0,0,0,161
10/20/2021,MAF,TX,ASW,CE,Combined TRACON& Tower with Radar,47,22,70,34,173,0,0,28,12,40,47,22,98,46,213,0,0,0,213
10/21/2021,MAF,TX,ASW,CE,Combined TRACON& Tower with Radar,50,24,63,6,143,0,0,8,0,8,50,24,71,6,151,0,0,0,151
10/22/2021,MAF,TX,ASW,CE,Combined TRACON& Tower with Radar,52,13,46,16,127,0,0,23,0,23,52,13,69,16,150,60,0,60,210
10/23/2021,MAF,TX,ASW,CE,Combined TRACON& Tower with Radar,33,8,18,0,59,0,0,11,1,12,33,8,29,1,71,0,0,0,71
10/24/2021,MAF,TX,ASW,CE,Combined TRACON& Tower with Radar,41,15,36,2,94,0,0,14,1,15,41,15,50,3,109,22,0,22,131
10/25/2021,MAF,TX,ASW,CE,Combined TRACON& Tower with Radar,47,17,38,19,121,0,1,17,5,23,47,18,55,24,144,0,0,0,144
10/26/2021,MAF,TX,ASW,CE,Combined TRACON& Tower with Radar,52,20,38,15,125,0,0,18,8,26,52,20,56,23,151,0,0,0,151
10/27/2021,MAF,TX,ASW,CE,Combined TRACON& Tower with Radar,48,22,22,34,126,0,0,11,15,26,48,22,33,49,152,0,22,22,174
10/28/2021,MAF,TX,ASW,CE,Combined TRACON& Tower with Radar,47,24,49,23,143,0,0,23,11,34,47,24,72,34,177,0,0,0,177
10/29/2021,MAF,TX,ASW,CE,Combined TRACON& Tower with Radar,53,13,17,28,111,0,0,17,11,28,53,13,34,39,139,0,0,0,139
10/30/2021,MAF,TX,ASW,CE,Combined TRACON& Tower with Radar,29,10,20,2,61,0,0,14,1,15,29,10,34,3,76,34,0,34,110
10/31/2021,MAF,TX,ASW,CE,Combined TRACON& Tower with Radar,37,13,30,1,81,0,0,9,0,9,37,13,39,1,90,12,0,12,102
11/01/2021,MAF,TX,ASW,CE,Combined TRACON& Tower with Radar,47,15,36,15,113,0,0,8,0,8,47,15,44,15,121,0,0,0,121
11/02/2021,MAF,TX,ASW,CE,Combined TRACON& Tower with Radar,48,29,37,13,127,0,0,0,0,0,48,29,37,13,127,0,0,0,127
11/03/2021,MAF,TX,ASW,CE,Combined TRACON& Tower with Radar,54,28,60,20,162,0,0,3,0,3,54,28,63,20,165,0,0,0,165
11/04/2021,MAF,TX,ASW,CE,Combined TRACON& Tower with Radar,51,19,55,52,177,0,1,5,9,15,51,20,60,61,192,0,62,62,254
11/05/2021,MAF,TX,ASW,CE,Combined TRACON& Tower with Radar,54,16,35,50,155,0,1,25,1,27,54,17,60,51,182,0,0,0,182
11/06/2021,MAF,TX,ASW,CE,Combined TRACON& Tower with Radar,33,20,29,1,83,0,0,27,1,28,33,20,56,2,111,0,0,0,111
11/07/2021,MAF,TX,ASW,CE,Combined TRACON& Tower with Radar,43,22,33,39,137,0,0,22,3,25,43,22,55,42,162,16,4,20,182
11/08/2021,MAF,TX,ASW,CE,Combined TRACON& Tower with Radar,45,24,27,36,132,0,1,26,11,38,45,25,53,47,170,0,0,0,170
11/09/2021,MAF,TX,ASW,CE,Combined TRACON& Tower with Radar,49,26,40,40,155,0,0,39,35,74,49,26,79,75,229,28,88,116,345
11/10/2021,MAF,TX,ASW,CE,Combined TRACON& Tower with Radar,45,24,42,12,123,0,0,18,11,29,45,24,60,23,152,0,0,0,152
11/11/2021,MAF,TX,ASW,CE,Combined TRACON& Tower with Radar,52,23,52,6,133,0,0,19,3,22,52,23,71,9,155,14,0,14,169
11/12/2021,MAF,TX,ASW,CE,Combined TRACON& Tower with Radar,50,13,27,19,109,0,0,25,3,28,50,13,52,22,137,0,0,0,137
11/13/2021,MAF,TX,ASW,CE,Combined TRACON& Tower with Radar,34,12,20,6,72,0,0,10,3,13,34,12,30,9,85,0,0,0,85
11/14/2021,MAF,TX,ASW,CE,Combined TRACON& Tower with Radar,41,12,36,11,100,0,0,19,1,20,41,12,55,12,120,0,0,0,120
11/15/2021,MAF,TX,ASW,CE,Combined TRACON& Tower with Radar,47,21,28,22,118,0,1,17,5,23,47,22,45,27,141,28,44,72,213
11/16/2021,MAF,TX,ASW,CE,Combined TRACON& Tower with Radar,47,22,41,21,131,0,2,21,7,30,47,24,62,28,161,0,0,0,161
11/17/2021,MAF,TX,ASW,CE,Combined TRACON& Tower with Radar,55,24,38,18,135,0,2,22,4,28,55,26,60,22,163,0,0,0,163
11/18/2021,MAF,TX,ASW,CE,Combined TRACON& Tower with Radar,55,29,61,20,165,0,1,15,9,25,55,30,76,29,190,0,0,0,190
11/19/2021,MAF,TX,ASW,CE,Combined TRACON& Tower with Radar,50,25,35,6,116,0,0,23,0,23,50,25,58,6,139,0,0,0,139
11/20/2021,MAF,TX,ASW,CE,Combined TRACON& Tower with Radar,35,10,24,7,76,0,0,18,0,18,35,10,42,7,94,0,0,0,94
11/21/2021,MAF,TX,ASW,CE,Combined TRACON& Tower with Radar,38,11,33,0,82,0,0,11,0,11,38,11,44,0,93,6,0,6,99
11/22/2021,MAF,TX,ASW,CE,Combined TRACON& Tower with Radar,49,14,28,4,95,0,0,25,0,25,49,14,53,4,120,0,0,0,120
11/23/2021,MAF,TX,ASW,CE,Combined TRACON& Tower with Radar,51,13,29,5,98,0,1,19,5,25,51,14,48,10,123,0,0,0,123
11/24/2021,MAF,TX,ASW,CE,Combined TRACON& Tower with Radar,54,13,35,2,104,0,0,10,0,10,54,13,45,2,114,0,0,0,114
11/25/2021,MAF,TX,ASW,CE,Combined TRACON& Tower with Radar,32,4,9,0,45,0,0,2,0,2,32,4,11,0,47,0,0,0,47
11/26/2021,MAF,TX,ASW,CE,Combined TRACON& Tower with Radar,43,14,17,2,76,0,0,17,4,21,43,14,34,6,97,20,0,20,117
11/27/2021,MAF,TX,ASW,CE,Combined TRACON& Tower with Radar,36,16,21,0,73,0,0,8,0,8,36,16,29,0,81,24,0,24,105
11/28/2021,MAF,TX,ASW,CE,Combined TRACON& Tower with Radar,43,11,35,0,89,0,0,13,0,13,43,11,48,0,102,0,0,0,102
11/29/2021,MAF,TX,ASW,CE,Combined TRACON& Tower with Radar,46,10,27,9,92,0,1,17,0,18,46,11,44,9,110,8,8,16,126
11/30/2021,MAF,TX,ASW,CE,Combined TRACON& Tower with Radar,52,23,29,16,120,0,5,20,5,30,52,28,49,21,150,0,0,0,150
12/01/2021,MAF,TX,ASW,CE,Combined TRACON& Tower with Radar,52,15,41,47,155,0,0,33,3,36,52,15,74,50,191,0,0,0,191
12/02/2021,MAF,TX,ASW,CE,Combined TRACON& Tower with Radar,56,16,44,16,132,0,0,31,1,32,56,16,75,17,164,0,0,0,164
12/03/2021,MAF,TX,ASW,CE,Combined TRACON& Tower with Radar,48,12,21,38,119,0,1,33,15,49,48,13,54,53,168,0,0,0,168
12/04/2021,MAF,TX,ASW,CE,Combined TRACON& Tower with Radar,29,24,32,22,107,0,0,19,0,19,29,24,51,22,126,0,0,0,126
12/05/2021,MAF,TX,ASW,CE,Combined TRACON& Tower with Radar,37,17,31,29,114,0,0,17,2,19,37,17,48,31,133,10,0,10,143
12/06/2021,MAF,TX,ASW,CE,Combined TRACON& Tower with Radar,44,15,27,27,113,0,0,20,6,26,44,15,47,33,139,0,0,0,139
12/07/2021,MAF,TX,ASW,CE,Combined TRACON& Tower with Radar,48,23,41,3,115,0,0,32,1,33,48,23,73,4,148,0,0,0,148
12/08/2021,MAF,TX,ASW,CE,Combined TRACON& Tower with Radar,52,18,46,26,142,0,0,29,0,29,52,18,75,26,171,0,0,0,171
12/09/2021,MAF,TX,ASW,CE,Combined TRACON& Tower with Radar,49,23,51,14,137,0,0,20,1,21,49,23,71,15,158,0,0,0,158
12/10/2021,MAF,TX,ASW,CE,Combined TRACON& Tower with Radar,44,15,25,14,98,0,0,17,1,18,44,15,42,15,116,0,0,0,116
12/11/2021,MAF,TX,ASW,CE,Combined TRACON& Tower with Radar,28,19,19,30,96,0,0,34,2,36,28,19,53,32,132,0,0,0,132
12/12/2021,MAF,TX,ASW,CE,Combined TRACON& Tower with Radar,35,10,51,8,104,0,2,48,3,53,35,12,99,11,157,0,0,0,157
12/13/2021,MAF,TX,ASW,CE,Combined TRACON& Tower with Radar,46,11,30,78,165,0,0,27,16,43,46,11,57,94,208,22,86,108,316
12/14/2021,MAF,TX,ASW,CE,Combined TRACON& Tower with Radar,51,17,36,117,221,0,0,13,56,69,51,17,49,173,290,0,0,0,290
12/15/2021,MAF,TX,ASW,CE,Combined TRACON& Tower with Radar,45,26,45,19,135,0,1,31,5,37,45,27,76,24,172,0,0,0,172
12/16/2021,MAF,TX,ASW,CE,Combined TRACON& Tower with Radar,47,15,52,38,152,0,0,31,8,39,47,15,83,46,191,0,0,0,191
12/17/2021,MAF,TX,ASW,CE,Combined TRACON& Tower with Radar,40,25,47,12,124,0,0,33,0,33,40,25,80,12,157,0,0,0,157
12/18/2021,MAF,TX,ASW,CE,Combined TRACON& Tower with Radar,29,16,11,3,59,0,0,53,1,54,29,16,64,4,113,0,0,0,113
12/19/2021,MAF,TX,ASW,CE,Combined TRACON& Tower with Radar,32,14,17,0,63,0,0,38,0,38,32,14,55,0,101,18,0,18,119
12/20/2021,MAF,TX,ASW,CE,Combined TRACON& Tower with Radar,38,17,38,26,119,0,0,32,4,36,38,17,70,30,155,0,0,0,155
12/21/2021,MAF,TX,ASW,CE,Combined TRACON& Tower with Radar,41,26,23,6,96,0,0,33,6,39,41,26,56,12,135,44,10,54,189
12/22/2021,MAF,TX,ASW,CE,Combined TRACON& Tower with Radar,42,20,36,8,106,0,0,42,4,46,42,20,78,12,152,0,0,0,152
12/23/2021,MAF,TX,ASW,CE,Combined TRACON& Tower with Radar,39,20,26,0,85,0,0,9,0,9,39,20,35,0,94,0,0,0,94
12/24/2021,MAF,TX,ASW,CE,Combined TRACON& Tower with Radar,32,17,5,0,54,0,0,1,0,1,32,17,6,0,55,0,0,0,55
12/25/2021,MAF,TX,ASW,CE,Combined TRACON& Tower with Radar,24,14,5,0,43,0,0,11,0,11,24,14,16,0,54,0,0,0,54
12/26/2021,MAF,TX,ASW,CE,Combined TRACON& Tower with Radar,34,11,38,0,83,0,0,9,0,9,34,11,47,0,92,0,0,0,92
12/27/2021,MAF,TX,ASW,CE,Combined TRACON& Tower with Radar,33,21,26,0,80,0,0,14,0,14,33,21,40,0,94,0,0,0,94
12/28/2021,MAF,TX,ASW,CE,Combined TRACON& Tower with Radar,32,18,22,2,74,0,0,9,0,9,32,18,31,2,83,0,0,0,83
12/29/2021,MAF,TX,ASW,CE,Combined TRACON& Tower with Radar,40,17,9,2,68,0,0,7,0,7,40,17,16,2,75,0,0,0,75
12/30/2021,MAF,TX,ASW,CE,Combined TRACON& Tower with Radar,40,18,29,0,87,0,0,14,0,14,40,18,43,0,101,0,0,0,101
12/31/2021,MAF,TX,ASW,CE,Combined TRACON& Tower with Radar,29,15,7,0,51,0,0,10,0,10,29,15,17,0,61,18,0,18,79
01/01/2022,MAF,TX,ASW,CE,Combined TRACON& Tower with Radar,25,16,11,0,52,0,0,3,0,3,25,16,14,0,55,0,0,0,55
01/02/2022,MAF,TX,ASW,CE,Combined TRACON& Tower with Radar,29,12,38,0,79,0,0,15,0,15,29,12,53,0,94,30,0,30,124
01/03/2022,MAF,TX,ASW,CE,Combined TRACON& Tower with Radar,25,22,23,10,80,0,0,17,0,17,25,22,40,10,97,0,0,0,97
01/04/2022,MAF,TX,ASW,CE,Combined TRACON& Tower with Radar,38,19,23,4,84,0,0,12,0,12,38,19,35,4,96,0,0,0,96
01/05/2022,MAF,TX,ASW,CE,Combined TRACON& Tower with Radar,34,17,47,6,104,0,0,16,4,20,34,17,63,10,124,0,0,0,124
01/06/2022,MAF,TX,ASW,CE,Combined TRACON& Tower with Radar,43,16,30,4,93,0,4,22,2,28,43,20,52,6,121,40,0,40,161
01/07/2022,MAF,TX,ASW,CE,Combined TRACON& Tower with Radar,38,14,24,31,107,0,0,26,7,33,38,14,50,38,140,16,6,22,162
01/08/2022,MAF,TX,ASW,CE,Combined TRACON& Tower with Radar,23,9,10,26,68,0,0,8,0,8,23,9,18,26,76,4,0,4,80
01/09/2022,MAF,TX,ASW,CE,Combined TRACON& Tower with Radar,33,12,17,23,85,0,0,5,4,9,33,12,22,27,94,6,0,6,100
01/10/2022,MAF,TX,ASW,CE,Combined TRACON& Tower with Radar,31,19,23,3,76,0,0,15,0,15,31,19,38,3,91,0,0,0,91
01/11/2022,MAF,TX,ASW,CE,Combined TRACON& Tower with Radar,41,24,28,34,127,0,0,28,9,37,41,24,56,43,164,0,56,56,220
01/12/2022,MAF,TX,ASW,CE,Combined TRACON& Tower with Radar,40,18,39,32,129,0,0,26,5,31,40,18,65,37,160,0,0,0,160
01/13/2022,MAF,TX,ASW,CE,Combined TRACON& Tower with Radar,36,19,39,8,102,0,0,19,2,21,36,19,58,10,123,0,0,0,123
01/14/2022,MAF,TX,ASW,CE,Combined TRACON& Tower with Radar,41,19,37,15,112,0,0,20,3,23,41,19,57,18,135,0,0,0,135
01/15/2022,MAF,TX,ASW,CE,Combined TRACON& Tower with Radar,24,16,14,12,66,0,0,12,0,12,24,16,26,12,78,0,0,0,78
01/16/2022,MAF,TX,ASW,CE,Combined TRACON& Tower with Radar,30,15,40,10,95,0,0,15,2,17,30,15,55,12,112,0,0,0,112
01/17/2022,MAF,TX,ASW,CE,Combined TRACON& Tower with Radar,40,18,38,15,111,0,1,23,4,28,40,19,61,19,139,0,0,0,139
01/18/2022,MAF,TX,ASW,CE,Combined TRACON& Tower with Radar,37,23,31,3,94,0,0,15,8,23,37,23,46,11,117,0,0,0,117
01/19/2022,MAF,TX,ASW,CE,Combined TRACON& Tower with Radar,40,25,35,14,114,0,4,20,5,29,40,29,55,19,143,0,0,0,143
01/20/2022,MAF,TX,ASW,CE,Combined TRACON& Tower with Radar,36,25,26,17,104,0,0,13,6,19,36,25,39,23,123,0,36,36,159
01/21/2022,MAF,TX,ASW,CE,Combined TRACON& Tower with Radar,42,16,24,40,122,0,1,18,0,19,42,17,42,40,141,0,0,0,141
01/22/2022,MAF,TX,ASW,CE,Combined TRACON& Tower with Radar,20,13,10,8,51,0,0,6,0,6,20,13,16,8,57,0,0,0,57
01/23/2022,MAF,TX,ASW,CE,Combined TRACON& Tower with Radar,36,20,26,4,86,0,0,13,1,14,36,20,39,5,100,18,0,18,118
01/24/2022,MAF,TX,ASW,CE,Combined TRACON& Tower with Radar,37,17,30,19,103,0,1,19,11,31,37,18,49,30,134,0,0,0,134
01/25/2022,MAF,TX,ASW,CE,Combined TRACON& Tower with Radar,36,38,35,27,136,0,5,17,7,29,36,43,52,34,165,12,18,30,195
01/26/2022,MAF,TX,ASW,CE,Combined TRACON& Tower with Radar,38,24,39,3,104,0,0,0,0,0,38,24,39,3,104,0,0,0,104
01/27/2022,MAF,TX,ASW,CE,Combined TRACON& Tower with Radar,43,31,41,13,128,0,0,12,3,15,43,31,53,16,143,0,4,4,147
01/28/2022,MAF,TX,ASW,CE,Combined TRACON& Tower with Radar,39,18,40,23,120,0,1,26,4,31,39,19,66,27,151,16,26,42,193
01/29/2022,MAF,TX,ASW,CE,Combined TRACON& Tower with Radar,24,15,13,4,56,0,0,15,0,15,24,15,28,4,71,6,16,22,93
01/30/2022,MAF,TX,ASW,CE,Combined TRACON& Tower with Radar,35,22,25,1,83,0,0,12,1,13,35,22,37,2,96,0,0,0,96
01/31/2022,MAF,TX,ASW,CE,Combined TRACON& Tower with Radar,39,17,29,51,136,0,0,11,8,19,39,17,40,59,155,6,80,86,241
02/01/2022,MAF,TX,ASW,CE,Combined TRACON& Tower with Radar,39,29,47,30,145,0,3,39,10,52,39,32,86,40,197,0,0,0,197
02/02/2022,MAF,TX,ASW,CE,Combined TRACON& Tower with Radar,37,17,38,10,102,0,0,8,0,8,37,17,46,10,110,0,0,0,110
02/03/2022,MAF,TX,ASW,CE,Combined TRACON& Tower with Radar,20,8,11,1,40,0,0,0,0,0,20,8,11,1,40,0,0,0,40
02/04/2022,MAF,TX,ASW,CE,Combined TRACON& Tower with Radar,22,13,39,60,134,0,0,10,10,20,22,13,49,70,154,0,0,0,154
02/05/2022,MAF,TX,ASW,CE,Combined TRACON& Tower with Radar,21,15,14,8,58,0,0,18,2,20,21,15,32,10,78,0,0,0,78
02/06/2022,MAF,TX,ASW,CE,Combined TRACON& Tower with Radar,36,15,34,6,91,0,0,10,2,12,36,15,44,8,103,0,0,0,103
02/07/2022,MAF,TX,ASW,CE,Combined TRACON& Tower with Radar,40,24,28,14,106,0,0,32,5,37,40,24,60,19,143,0,0,0,143
02/08/2022,MAF,TX,ASW,CE,Combined TRACON& Tower with Radar,37,26,37,25,125,0,0,19,7,26,37,26,56,32,151,0,0,0,151
02/09/2022,MAF,TX,ASW,CE,Combined TRACON& Tower with Radar,36,23,50,7,116,0,0,22,4,26,36,23,72,11,142,0,0,0,142
02/10/2022,MAF,TX,ASW,CE,Combined TRACON& Tower with Radar,40,32,51,4,127,0,2,16,1,19,40,34,67,5,146,26,0,26,172
02/11/2022,MAF,TX,ASW,CE,Combined TRACON& Tower with Radar,43,23,47,48,161,0,1,16,8,25,43,24,63,56,186,0,64,64,250
02/12/2022,MAF,TX,ASW,CE,Combined TRACON& Tower with Radar,27,7,19,0,53,0,1,8,2,11,27,8,27,2,64,0,0,0,64
02/13/2022,MAF,TX,ASW,CE,Combined TRACON& Tower with Radar,41,17,26,13,97,0,1,10,12,23,41,18,36,25,120,28,0,28,148
02/14/2022,MAF,TX,ASW,CE,Combined TRACON& Tower with Radar,41,17,35,22,115,0,0,15,1,16,41,17,50,23,131,0,10,10,141
02/15/2022,MAF,TX,ASW,CE,Combined TRACON& Tower with Radar,41,21,48,27,137,0,5,17,6,28,41,26,65,33,165,0,0,0,165
02/16/2022,MAF,TX,ASW,CE,Combined TRACON& Tower with Radar,39,25,48,13,125,0,1,12,2,15,39,26,60,15,140,0,0,0,140
02/17/2022,MAF,TX,ASW,CE,Combined TRACON& Tower with Radar,45,25,40,13,123,0,0,7,6,13,45,25,47,19,136,8,40,48,184
02/18/2022,MAF,TX,ASW,CE,Combined TRACON& Tower with Radar,42,20,35,83,180,0,0,28,2,30,42,20,63,85,210,0,12,12,222
02/19/2022,MAF,TX,ASW,CE,Combined TRACON& Tower with Radar,28,9,18,23,78,0,0,12,3,15,28,9,30,26,93,36,0,36,129
02/20/2022,MAF,TX,ASW,CE,Combined TRACON& Tower with Radar,40,14,26,4,84,0,0,9,2,11,40,14,35,6,95,30,0,30,125
02/21/2022,MAF,TX,ASW,CE,Combined TRACON& Tower with Radar,40,9,44,20,113,0,0,9,1,10,40,9,53,21,123,0,0,0,123
02/22/2022,MAF,TX,ASW,CE,Combined TRACON& Tower with Radar,42,12,41,40,135,0,1,27,8,36,42,13,68,48,171,4,86,90,261
02/23/2022,MAF,TX,ASW,CE,Combined TRACON& Tower with Radar,30,23,46,15,114,0,0,9,3,12,30,23,55,18,126,0,0,0,126
02/24/2022,MAF,TX,ASW,CE,Combined TRACON& Tower with Radar,29,17,51,26,123,0,0,12,22,34,29,17,63,48,157,28,90,118,275
02/25/2022,MAF,TX,ASW,CE,Combined TRACON& Tower with Radar,45,14,28,48,135,0,1,7,3,11,45,15,35,51,146,0,0,0,146
02/26/2022,MAF,TX,ASW,CE,Combined TRACON& Tower with Radar,29,9,5,25,68,0,0,13,4,17,29,9,18,29,85,54,0,54,139
02/27/2022,MAF,TX,ASW,CE,Combined TRACON& Tower with Radar,42,13,41,26,122,0,0,11,8,19,42,13,52,34,141,0,0,0,141
02/28/2022,MAF,TX,ASW,CE,Combined TRACON& Tower with Radar,42,16,42,20,120,0,0,18,0,18,42,16,60,20,138,0,0,0,138
03/01/2022,MAF,TX,ASW,CE,Combined TRACON& Tower with Radar,40,24,49,25,138,0,0,26,5,31,40,24,75,30,169,0,34,34,203
03/02/2022,MAF,TX,ASW,CE,Combined TRACON& Tower with Radar,41,20,43,38,142,0,0,16,3,19,41,20,59,41,161,0,0,0,161
03/03/2022,MAF,TX,ASW,CE,Combined TRACON& Tower with Radar,42,24,51,46,163,0,1,21,15,37,42,25,72,61,200,12,82,94,294
03/04/2022,MAF,TX,ASW,CE,Combined TRACON& Tower with Radar,40,30,34,51,155,0,1,19,30,50,40,31,53,81,205,8,76,84,289
03/05/2022,MAF,TX,ASW,CE,Combined TRACON& Tower with Radar,28,12,21,11,72,0,1,29,1,31,28,13,50,12,103,30,16,46,149
03/06/2022,MAF,TX,ASW,CE,Combined TRACON& Tower with Radar,31,6,30,14,81,0,0,6,2,8,31,6,36,16,89,0,0,0,89
03/07/2022,MAF,TX,ASW,CE,Combined TRACON& Tower with Radar,38,21,31,27,117,0,0,23,2,25,38,21,54,29,142,18,22,40,182
03/08/2022,MAF,TX,ASW,CE,Combined TRACON& Tower with Radar,39,25,45,72,181,0,1,19,26,46,39,26,64,98,227,14,108,122,349
03/09/2022,MAF,TX,ASW,CE,Combined TRACON& Tower with Radar,39,19,44,29,131,0,1,22,11,34,39,20,66,40,165,0,0,0,165
03/10/2022,MAF,TX,ASW,CE,Combined TRACON& Tower with Radar,41,22,51,9,123,0,1,28,2,31,41,23,79,11,154,4,0,4,158
03/11/2022,MAF,TX,ASW,CE,Combined TRACON& Tower with Radar,44,22,22,27,115,0,1,3,5,9,44,23,25,32,124,0,24,24,148
03/12/2022,MAF,TX,ASW,CE,Combined TRACON& Tower with Radar,27,18,38,12,95,0,1,15,0,16,27,19,53,12,111,0,2,2,113
03/13/2022,MAF,TX,ASW,CE,Combined TRACON& Tower with Radar,34,7,29,26,96,0,1,14,3,18,34,8,43,29,114,10,10,20,134
03/14/2022,MAF,TX,ASW,CE,Combined TRACON& Tower with Radar,38,18,30,15,101,0,0,8,10,18,38,18,38,25,119,0,34,34,153
03/15/2022,MAF,TX,ASW,CE,Combined TRACON& Tower with Radar,39,18,32,68,157,0,0,23,8,31,39,18,55,76,188,28,56,84,272
03/16/2022,MAF,TX,ASW,CE,Combined TRACON& Tower with Radar,38,22,45,37,142,0,1,8,7,16,38,23,53,44,158,0,26,26,184
03/17/2022,MAF,TX,ASW,CE,Combined TRACON& Tower with Radar,42,21,32,23,118,0,0,7,3,10,42,21,39,26,128,14,6,20,148
03/18/2022,MAF,TX,ASW,CE,Combined TRACON& Tower with Radar,40,18,32,12,102,0,0,20,8,28,40,18,52,20,130,0,0,0,130
03/19/2022,MAF,TX,ASW,CE,Combined TRACON& Tower with Radar,30,15,13,3,61,0,0,21,3,24,30,15,34,6,85,56,0,56,141
03/20/2022,MAF,TX,ASW,CE,Combined TRACON& Tower with Radar,38,13,33,6,90,0,0,5,2,7,38,13,38,8,97,0,0,0,97
03/21/2022,MAF,TX,ASW,CE,Combined TRACON& Tower with Radar,33,17,38,25,113,0,4,2,2,8,33,21,40,27,121,2,10,12,133
03/22/2022,MAF,TX,ASW,CE,Combined TRACON& Tower with Radar,38,28,40,18,124,0,0,6,7,13,38,28,46,25,137,0,0,0,137
03/23/2022,MAF,TX,ASW,CE,Combined TRACON& Tower with Radar,41,27,60,20,148,0,0,12,2,14,41,27,72,22,162,0,0,0,162
03/24/2022,MAF,TX,ASW,CE,Combined TRACON& Tower with Radar,41,27,40,18,126,0,0,12,6,18,41,27,52,24,144,0,36,36,180
03/25/2022,MAF,TX,ASW,CE,Combined TRACON& Tower with Radar,41,16,25,9,91,0,1,20,13,34,41,17,45,22,125,16,44,60,185
03/26/2022,MAF,TX,ASW,CE,Combined TRACON& Tower with Radar,29,13,19,6,67,0,0,18,0,18,29,13,37,6,85,0,0,0,85
03/27/2022,MAF,TX,ASW,CE,Combined TRACON& Tower with Radar,39,5,24,3,71,0,0,17,2,19,39,5,41,5,90,6,0,6,96
03/28/2022,MAF,TX,ASW,CE,Combined TRACON& Tower with Radar,40,13,19,14,86,0,0,11,6,17,40,13,30,20,103,0,0,0,103
03/29/2022,MAF,TX,ASW,CE,Combined TRACON& Tower with Radar,44,17,48,26,135,0,1,7,12,20,44,18,55,38,155,0,18,18,173
03/30/2022,MAF,TX,ASW,CE,Combined TRACON& Tower with Radar,43,24,37,18,122,0,1,13,10,24,43,25,50,28,146,6,76,82,228
03/31/2022,MAF,TX,ASW,CE,Combined TRACON& Tower with Radar,45,27,36,21,129,0,0,11,3,14,45,27,47,24,143,0,0,0,143
04/01/2022,MAF,TX,ASW,CE,Combined TRACON& Tower with Radar,44,17,27,16,104,0,1,10,4,15,44,18,37,20,119,20,0,20,139
04/02/2022,MAF,TX,ASW,CE,Combined TRACON& Tower with Radar,31,16,7,1,55,0,0,21,1,22,31,16,28,2,77,6,0,6,83
04/03/2022,MAF,TX,ASW,CE,Combined TRACON& Tower with Radar,40,19,23,0,82,0,0,9,0,9,40,19,32,0,91,10,0,10,101
04/04/2022,MAF,TX,ASW,CE,Combined TRACON& Tower with Radar,37,15,47,57,156,0,1,12,30,43,37,16,59,87,199,0,0,0,199
04/05/2022,MAF,TX,ASW,CE,Combined TRACON& Tower with Radar,48,30,41,31,150,0,0,13,5,18,48,30,54,36,168,0,0,0,168
04/06/2022,MAF,TX,ASW,CE,Combined TRACON& Tower with Radar,52,32,49,44,177,0,0,20,5,25,52,32,69,49,202,0,0,0,202
04/07/2022,MAF,TX,ASW,CE,Combined TRACON& Tower with Radar,53,26,36,34,149,0,0,14,6,20,53,26,50,40,169,0,26,26,195
04/08/2022,MAF,TX,ASW,CE,Combined TRACON& Tower with Radar,48,16,25,16,105,0,0,22,2,24,48,16,47,18,129,0,0,0,129
04/09/2022,MAF,TX,ASW,CE,Combined TRACON& Tower with Radar,38,11,8,2,59,0,0,14,0,14,38,11,22,2,73,6,0,6,79
04/10/2022,MAF,TX,ASW,CE,Combined TRACON& Tower with Radar,50,16,30,7,103,0,0,10,3,13,50,16,40,10,116,3,0,3,119
04/11/2022,MAF,TX,ASW,CE,Combined TRACON& Tower with Radar,47,22,38,18,125,0,0,11,3,14,47,22,49,21,139,0,14,14,153
04/12/2022,MAF,TX,ASW,CE,Combined TRACON& Tower with Radar,47,32,39,24,142,0,0,6,12,18,47,32,45,36,160,8,90,98,258
04/13/2022,MAF,TX,ASW,CE,Combined TRACON& Tower with Radar,49,27,38,8,122,0,1,17,6,24,49,28,55,14,146,0,0,0,146
04/14/2022,MAF,TX,ASW,CE,Combined TRACON& Tower with Radar,50,27,41,23,141,0,0,25,18,43,50,27,66,41,184,0,0,0,184
04/15/2022,MAF,TX,ASW,CE,Combined TRACON& Tower with Radar,51,17,33,43,144,0,0,11,15,26,51,17,44,58,170,0,54,54,224
04/16/2022,MAF,TX,ASW,CE,Combined TRACON& Tower with Radar,38,9,8,4,59,0,0,7,0,7,38,9,15,4,66,14,0,14,80
04/17/2022,MAF,TX,ASW,CE,Combined TRACON& Tower with Radar,49,9,20,1,79,0,0,6,1,7,49,9,26,2,86,0,0,0,86
04/18/2022,MAF,TX,ASW,CE,Combined TRACON& Tower with Radar,49,26,59,48,182,0,1,17,33,51,49,27,76,81,233,2,74,76,309
04/19/2022,MAF,TX,ASW,CE,Combined TRACON& Tower with Radar,49,35,42,0,126,0,1,7,0,8,49,36,49,0,134,8,0,8,142
04/20/2022,MAF,TX,ASW,CE,Combined TRACON& Tower with Radar,52,20,54,5,131,0,0,14,9,23,52,20,68,14,154,0,42,42,196
04/21/2022,MAF,TX,ASW,CE,Combined TRACON& Tower with Radar,52,25,64,42,183,0,0,24,7,31,52,25,88,49,214,20,92,112,326
04/22/2022,MAF,TX,ASW,CE,Combined TRACON& Tower with Radar,52,26,27,28,133,0,2,0,3,5,52,28,27,31,138,0,60,60,198
04/23/2022,MAF,TX,ASW,CE,Combined TRACON& Tower with Radar,41,19,16,32,108,0,0,11,7,18,41,19,27,39,126,0,0,0,126
04/24/2022,MAF,TX,ASW,CE,Combined TRACON& Tower with Radar,48,17,40,8,113,0,0,18,1,19,48,17,58,9,132,0,0,0,132
04/25/2022,MAF,TX,ASW,CE,Combined TRACON& Tower with Radar,47,29,31,5,112,0,1,11,3,15,47,30,42,8,127,0,0,0,127
04/26/2022,MAF,TX,ASW,CE,Combined TRACON& Tower with Radar,46,21,36,46,149,0,2,14,10,26,46,23,50,56,175,0,36,36,211
04/27/2022,MAF,TX,ASW,CE,Combined TRACON& Tower with Radar,50,20,40,25,135,0,4,14,21,39,50,24,54,46,174,0,0,0,174
04/28/2022,MAF,TX,ASW,CE,Combined TRACON& Tower with Radar,54,19,38,25,136,0,0,21,14,35,54,19,59,39,171,0,0,0,171
04/29/2022,MAF,TX,ASW,CE,Combined TRACON& Tower with Radar,51,19,24,29,123,0,0,17,4,21,51,19,41,33,144,0,0,0,144
04/30/2022,MAF,TX,ASW,CE,Combined TRACON& Tower with Radar,37,9,9,30,85,0,0,14,7,21,37,9,23,37,106,0,0,0,106
05/01/2022,MAF,TX,ASW,CE,Combined TRACON& Tower with Radar,42,11,23,4,80,0,0,10,0,10,42,11,33,4,90,0,0,0,90
05/02/2022,MAF,TX,ASW,CE,Combined TRACON& Tower with Radar,49,14,44,21,128,0,0,10,10,20,49,14,54,31,148,0,0,0,148
05/03/2022,MAF,TX,ASW,CE,Combined TRACON& Tower with Radar,51,22,28,51,152,0,3,11,16,30,51,25,39,67,182,0,0,0,182
05/04/2022,MAF,TX,ASW,CE,Combined TRACON& Tower with Radar,47,26,50,58,181,0,1,9,5,15,47,27,59,63,196,0,38,38,234
05/05/2022,MAF,TX,ASW,CE,Combined TRACON& Tower with Radar,42,28,37,37,144,0,1,18,14,33,42,29,55,51,177,0,76,76,253
05/06/2022,MAF,TX,ASW,CE,Combined TRACON& Tower with Radar,54,22,42,14,132,0,0,16,3,19,54,22,58,17,151,0,0,0,151
05/07/2022,MAF,TX,ASW,CE,Combined TRACON& Tower with Radar,38,11,4,0,53,0,0,4,0,4,38,11,8,0,57,0,0,0,57
05/08/2022,MAF,TX,ASW,CE,Combined TRACON& Tower with Radar,44,16,27,6,93,0,0,12,0,12,44,16,39,6,105,0,0,0,105
05/09/2022,MAF,TX,ASW,CE,Combined TRACON& Tower with Radar,49,17,40,19,125,0,0,12,5,17,49,17,52,24,142,0,0,0,142
05/10/2022,MAF,TX,ASW,CE,Combined TRACON& Tower with Radar,46,27,29,23,125,0,6,12,11,29,46,33,41,34,154,0,40,40,194
05/11/2022,MAF,TX,ASW,CE,Combined TRACON& Tower with Radar,50,26,51,39,166,0,0,13,0,13,50,26,64,39,179,0,0,0,179
05/12/2022,MAF,TX,ASW,CE,Combined TRACON& Tower with Radar,51,26,52,29,158,0,3,23,2,28,51,29,75,31,186,12,6,18,204
05/13/2022,MAF,TX,ASW,CE,Combined TRACON& Tower with Radar,49,20,34,29,132,0,1,16,1,18,49,21,50,30,150,0,0,0,150
05/14/2022,MAF,TX,ASW,CE,Combined TRACON& Tower with Radar,38,11,12,2,63,0,1,18,0,19,38,12,30,2,82,14,0,14,96
05/15/2022,MAF,TX,ASW,CE,Combined TRACON& Tower with Radar,47,14,39,13,113,0,0,13,1,14,47,14,52,14,127,16,0,16,143
05/16/2022,MAF,TX,ASW,CE,Combined TRACON& Tower with Radar,47,19,40,18,124,0,0,10,0,10,47,19,50,18,134,0,0,0,134
05/17/2022,MAF,TX,ASW,CE,Combined TRACON& Tower with Radar,49,25,37,11,122,0,0,7,5,12,49,25,44,16,134,0,0,0,134
05/18/2022,MAF,TX,ASW,CE,Combined TRACON& Tower with Radar,52,19,41,12,124,0,0,16,13,29,52,19,57,25,153,0,0,0,153
05/19/2022,MAF,TX,ASW,CE,Combined TRACON& Tower with Radar,51,22,44,4,121,0,0,12,12,24,51,22,56,16,145,4,70,74,219
05/20/2022,MAF,TX,ASW,CE,Combined TRACON& Tower with Radar,49,20,26,29,124,0,0,7,6,13,49,20,33,35,137,0,0,0,137
05/21/2022,MAF,TX,ASW,CE,Combined TRACON& Tower with Radar,38,17,18,17,90,0,0,5,4,9,38,17,23,21,99,0,0,0,99
05/22/2022,MAF,TX,ASW,CE,Combined TRACON& Tower with Radar,45,8,29,28,110,0,0,15,5,20,45,8,44,33,130,16,0,16,146
05/23/2022,MAF,TX,ASW,CE,Combined TRACON& Tower with Radar,47,14,42,3,106,0,0,4,1,5,47,14,46,4,111,2,0,2,113
05/24/2022,MAF,TX,ASW,CE,Combined TRACON& Tower with Radar,39,15,30,49,133,0,0,5,14,19,39,15,35,63,152,0,106,106,258
05/25/2022,MAF,TX,ASW,CE,Combined TRACON& Tower with Radar,48,32,49,32,161,0,1,31,17,49,48,33,80,49,210,12,20,32,242
05/26/2022,MAF,TX,ASW,CE,Combined TRACON& Tower with Radar,51,34,47,44,176,0,1,25,14,40,51,35,72,58,216,18,96,114,330
05/27/2022,MAF,TX,ASW,CE,Combined TRACON& Tower with Radar,51,19,26,0,96,0,1,17,0,18,51,20,43,0,114,0,0,0,114
05/28/2022,MAF,TX,ASW,CE,Combined TRACON& Tower with Radar,38,15,13,0,66,0,0,6,0,6,38,15,19,0,72,22,0,22,94
05/29/2022,MAF,TX,ASW,CE,Combined TRACON& Tower with Radar,43,9,22,0,74,0,0,8,0,8,43,9,30,0,82,0,0,0,82
05/30/2022,MAF,TX,ASW,CE,Combined TRACON& Tower with Radar,46,9,22,1,78,0,0,13,1,14,46,9,35,2,92,0,0,0,92
05/31/2022,MAF,TX,ASW,CE,Combined TRACON& Tower with Radar,50,17,41,20,128,0,4,12,8,24,50,21,53,28,152,0,0,0,152
06/01/2022,MAF,TX,ASW,CE,Combined TRACON& Tower with Radar,46,14,47,50,157,0,0,5,11,16,46,14,52,61,173,0,68,68,241
06/02/2022,MAF,TX,ASW,CE,Combined TRACON& Tower with Radar,48,23,46,18,135,0,0,3,1,4,48,23,49,19,139,26,0,26,165
06/03/2022,MAF,TX,ASW,CE,Combined TRACON& Tower with Radar,50,12,37,62,161,0,0,15,6,21,50,12,52,68,182,30,14,44,226
06/04/2022,MAF,TX,ASW,CE,Combined TRACON& Tower with Radar,26,22,13,14,75,0,0,14,3,17,26,22,27,17,92,20,0,20,112
06/05/2022,MAF,TX,ASW,CE,Combined TRACON& Tower with Radar,52,14,35,8,109,0,0,14,2,16,52,14,49,10,125,0,0,0,125
06/06/2022,MAF,TX,ASW,CE,Combined TRACON& Tower with Radar,52,20,35,8,115,0,1,16,9,26,52,21,51,17,141,0,0,0,141
06/07/2022,MAF,TX,ASW,CE,Combined TRACON& Tower with Radar,56,31,44,12,143,0,1,20,1,22,56,32,64,13,165,4,16,20,185
06/08/2022,MAF,TX,ASW,CE,Combined TRACON& Tower with Radar,59,16,49,28,152,0,0,12,6,18,59,16,61,34,170,0,0,0,170
06/09/2022,MAF,TX,ASW,CE,Combined TRACON& Tower with Radar,58,29,39,12,138,0,0,19,5,24,58,29,58,17,162,0,0,0,162
06/10/2022,MAF,TX,ASW,CE,Combined TRACON& Tower with Radar,53,24,31,53,161,0,0,18,6,24,53,24,49,59,185,22,22,44,229
06/11/2022,MAF,TX,ASW,CE,Combined TRACON& Tower with Radar,28,24,21,6,79,0,0,28,1,29,28,24,49,7,108,6,0,6,114
06/12/2022,MAF,TX,ASW,CE,Combined TRACON& Tower with Radar,51,11,38,12,112,0,0,11,3,14,51,11,49,15,126,0,0,0,126
06/13/2022,MAF,TX,ASW,CE,Combined TRACON& Tower with Radar,53,25,31,7,116,0,0,11,2,13,53,25,42,9,129,0,0,0,129
06/14/2022,MAF,TX,ASW,CE,Combined TRACON& Tower with Radar,53,11,45,22,131,0,0,16,12,28,53,11,61,34,159,40,38,78,237
06/15/2022,MAF,TX,ASW,CE,Combined TRACON& Tower with Radar,57,19,41,31,148,0,3,22,2,27,57,22,63,33,175,0,0,0,175
06/16/2022,MAF,TX,ASW,CE,Combined TRACON& Tower with Radar,54,21,43,14,132,0,1,16,5,22,54,22,59,19,154,0,0,0,154
06/17/2022,MAF,TX,ASW,CE,Combined TRACON& Tower with Radar,56,24,28,29,137,0,1,20,9,30,56,25,48,38,167,80,30,110,277
06/18/2022,MAF,TX,ASW,CE,Combined TRACON& Tower with Radar,30,18,28,7,83,0,0,12,3,15,30,18,40,10,98,0,0,0,98
06/19/2022,MAF,TX,ASW,CE,Combined TRACON& Tower with Radar,51,10,28,0,89,0,0,6,0,6,51,10,34,0,95,6,0,6,101
06/20/2022,MAF,TX,ASW,CE,Combined TRACON& Tower with Radar,53,14,25,0,92,0,0,7,0,7,53,14,32,0,99,0,0,0,99
06/21/2022,MAF,TX,ASW,CE,Combined TRACON& Tower with Radar,52,19,35,17,123,0,0,19,6,25,52,19,54,23,148,2,52,54,202
06/22/2022,MAF,TX,ASW,CE,Combined TRACON& Tower with Radar,54,17,34,20,125,0,0,10,8,18,54,17,44,28,143,0,0,0,143
06/23/2022,MAF,TX,ASW,CE,Combined TRACON& Tower with Radar,51,16,49,29,145,0,3,24,12,39,51,19,73,41,184,0,0,0,184
06/24/2022,MAF,TX,ASW,CE,Combined TRACON& Tower with Radar,50,16,35,40,141,0,3,20,7,30,50,19,55,47,171,0,9,9,180
06/25/2022,MAF,TX,ASW,CE,Combined TRACON& Tower with Radar,31,16,12,7,66,0,1,18,1,20,31,17,30,8,86,52,6,58,144
06/26/2022,MAF,TX,ASW,CE,Combined TRACON& Tower with Radar,46,9,28,8,91,0,0,9,1,10,46,9,37,9,101,4,0,4,105
06/27/2022,MAF,TX,ASW,CE,Combined TRACON& Tower with Radar,57,17,38,28,140,0,0,6,3,9,57,17,44,31,149,0,0,0,149
06/28/2022,MAF,TX,ASW,CE,Combined TRACON& Tower with Radar,53,29,46,18,146,0,0,22,10,32,53,29,68,28,178,10,58,68,246
06/29/2022,MAF,TX,ASW,CE,Combined TRACON& Tower with Radar,54,18,46,38,156,0,0,17,13,30,54,18,63,51,186,46,66,112,298
06/30/2022,MAF,TX,ASW,CE,Combined TRACON& Tower with Radar,53,26,52,21,152,0,0,19,6,25,53,26,71,27,177,0,4,4,181
07/01/2022,MAF,TX,ASW,CE,Combined TRACON& Tower with Radar,58,16,39,0,113,0,0,18,1,19,58,16,57,1,132,10,0,10,142
07/02/2022,MAF,TX,ASW,CE,Combined TRACON& Tower with Radar,32,15,30,2,79,0,1,14,1,16,32,16,44,3,95,12,0,12,107
07/03/2022,MAF,TX,ASW,CE,Combined TRACON& Tower with Radar,49,4,9,1,63,0,0,4,1,5,49,4,13,2,68,12,0,12,80
07/04/2022,MAF,TX,ASW,CE,Combined TRACON& Tower with Radar,51,8,14,0,73,0,0,8,0,8,51,8,22,0,81,0,0,0,81
07/05/2022,MAF,TX,ASW,CE,Combined TRACON& Tower with Radar,53,16,28,8,105,0,0,8,3,11,53,16,36,11,116,0,24,24,140
07/06/2022,MAF,TX,ASW,CE,Combined TRACON& Tower with Radar,54,22,50,9,135,0,0,13,3,16,54,22,63,12,151,16,14,30,181
07/07/2022,MAF,TX,ASW,CE,Combined TRACON& Tower with Radar,57,19,42,19,137,0,2,25,16,43,57,21,67,35,180,38,64,102,282
07/08/2022,MAF,TX,ASW,CE,Combined TRACON& Tower with Radar,53,13,31,46,143,0,0,16,3,19,53,13,47,49,162,30,20,50,212
07/09/2022,MAF,TX,ASW,CE,Combined TRACON& Tower with Radar,28,14,11,19,72,0,0,31,2,33,28,14,42,21,105,0,0,0,105
07/10/2022,MAF,TX,ASW,CE,Combined TRACON& Tower with Radar,52,10,36,15,113,0,0,13,1,14,52,10,49,16,127,16,0,16,143
07/11/2022,MAF,TX,ASW,CE,Combined TRACON& Tower with Radar,53,19,41,9,122,0,0,14,3,17,53,19,55,12,139,0,0,0,139
07/12/2022,MAF,TX,ASW,CE,Combined TRACON& Tower with Radar,47,25,35,16,123,0,2,14,6,22,47,27,49,22,145,0,0,0,145
07/13/2022,MAF,TX,ASW,CE,Combined TRACON& Tower with Radar,49,15,36,27,127,0,0,21,2,23,49,15,57,29,150,0,0,0,150
07/14/2022,MAF,TX,ASW,CE,Combined TRACON& Tower with Radar,53,21,50,31,155,0,1,16,9,26,53,22,66,40,181,10,30,40,221
07/15/2022,MAF,TX,ASW,CE,Combined TRACON& Tower with Radar,53,26,17,59,155,0,0,15,0,15,53,26,32,59,170,10,0,10,180
07/16/2022,MAF,TX,ASW,CE,Combined TRACON& Tower with Radar,31,16,21,0,68,0,0,11,1,12,31,16,32,1,80,2,0,2,82
07/17/2022,MAF,TX,ASW,CE,Combined TRACON& Tower with Radar,55,12,34,17,118,0,0,13,1,14,55,12,47,18,132,0,0,0,132
07/18/2022,MAF,TX,ASW,CE,Combined TRACON& Tower with Radar,56,12,40,22,130,0,0,6,15,21,56,12,46,37,151,0,4,4,155
07/19/2022,MAF,TX,ASW,CE,Combined TRACON& Tower with Radar,52,19,40,8,119,0,2,19,3,24,52,21,59,11,143,0,10,10,153
07/20/2022,MAF,TX,ASW,CE,Combined TRACON& Tower with Radar,56,18,50,33,157,0,2,21,8,31,56,20,71,41,188,0,0,0,188
07/21/2022,MAF,TX,ASW,CE,Combined TRACON& Tower with Radar,54,32,49,12,147,0,2,11,4,17,54,34,60,16,164,0,16,16,180
07/22/2022,MAF,TX,ASW,CE,Combined TRACON& Tower with Radar,57,11,43,13,124,0,3,31,1,35,57,14,74,14,159,14,18,32,191
07/23/2022,MAF,TX,ASW,CE,Combined TRACON& Tower with Radar,27,17,19,3,66,0,0,19,1,20,27,17,38,4,86,0,0,0,86
07/24/2022,MAF,TX,ASW,CE,Combined TRACON& Tower with Radar,50,16,37,1,104,0,0,16,1,17,50,16,53,2,121,0,0,0,121
07/25/2022,MAF,TX,ASW,CE,Combined TRACON& Tower with Radar,55,11,39,12,117,0,0,23,1,24,55,11,62,13,141,0,0,0,141
07/26/2022,MAF,TX,ASW,CE,Combined TRACON& Tower with Radar,49,16,33,8,106,0,3,17,1,21,49,19,50,9,127,0,0,0,127
07/27/2022,MAF,TX,ASW,CE,Combined TRACON& Tower with Radar,53,24,37,20,134,0,0,27,0,27,53,24,64,20,161,4,0,4,165
07/28/2022,MAF,TX,ASW,CE,Combined TRACON& Tower with Radar,62,19,57,29,167,10,2,12,2,26,72,21,69,31,193,0,0,0,193
07/29/2022,MAF,TX,ASW,CE,Combined TRACON& Tower with Radar,58,11,18,19,106,15,1,11,1,28,73,12,29,20,134,0,4,4,138
07/30/2022,MAF,TX,ASW,CE,Combined TRACON& Tower with Radar,33,18,23,6,80,0,0,21,2,23,33,18,44,8,103,0,0,0,103
07/31/2022,MAF,TX,ASW,CE,Combined TRACON& Tower with Radar,50,15,23,0,88,0,0,5,0,5,50,15,28,0,93,8,0,8,101
08/01/2022,MAF,TX,ASW,CE,Combined TRACON& Tower with Radar,53,14,41,18,126,0,0,13,5,18,53,14,54,23,144,0,0,0,144
08/02/2022,MAF,TX,ASW,CE,Combined TRACON& Tower with Radar,51,16,38,10,115,0,2,22,2,26,51,18,60,12,141,0,24,24,165
08/03/2022,MAF,TX,ASW,CE,Combined TRACON& Tower with Radar,56,26,52,11,145,0,1,24,6,31,56,27,76,17,176,0,0,0,176
08/04/2022,MAF,TX,ASW,CE,Combined TRACON& Tower with Radar,49,20,39,0,108,0,0,35,0,35,49,20,74,0,143,4,0,4,147
08/05/2022,MAF,TX,ASW,CE,Combined TRACON& Tower with Radar,47,22,39,21,129,0,2,21,3,26,47,24,60,24,155,8,0,8,163
08/06/2022,MAF,TX,ASW,CE,Combined TRACON& Tower with Radar,27,15,9,3,54,0,0,16,2,18,27,15,25,5,72,0,0,0,72
08/07/2022,MAF,TX,ASW,CE,Combined TRACON& Tower with Radar,49,6,32,9,96,0,0,15,2,17,49,6,47,11,113,22,0,22,135
08/08/2022,MAF,TX,ASW,CE,Combined TRACON& Tower with Radar,53,12,30,17,112,0,0,21,0,21,53,12,51,17,133,0,0,0,133
08/09/2022,MAF,TX,ASW,CE,Combined TRACON& Tower with Radar,53,19,34,34,140,0,0,17,13,30,53,19,51,47,170,0,0,0,170
08/10/2022,MAF,TX,ASW,CE,Combined TRACON& Tower with Radar,63,25,44,7,139,0,1,16,8,25,63,26,60,15,164,8,0,8,172
08/11/2022,MAF,TX,ASW,CE,Combined TRACON& Tower with Radar,50,14,39,18,121,0,0,16,8,24,50,14,55,26,145,0,0,0,145
08/12/2022,MAF,TX,ASW,CE,Combined TRACON& Tower with Radar,55,13,28,62,158,0,0,12,10,22,55,13,40,72,180,0,14,14,194
08/13/2022,MAF,TX,ASW,CE,Combined TRACON& Tower with Radar,29,22,13,3,67,0,0,14,4,18,29,22,27,7,85,4,0,4,89
08/14/2022,MAF,TX,ASW,CE,Combined TRACON& Tower with Radar,51,6,30,4,91,0,0,17,2,19,51,6,47,6,110,10,0,10,120
08/15/2022,MAF,TX,ASW,CE,Combined TRACON& Tower with Radar,53,22,43,31,149,0,0,22,3,25,53,22,65,34,174,8,0,8,182
08/16/2022,MAF,TX,ASW,CE,Combined TRACON& Tower with Radar,52,21,37,0,110,0,0,11,0,11,52,21,48,0,121,0,0,0,121
08/17/2022,MAF,TX,ASW,CE,Combined TRACON& Tower with Radar,59,24,42,4,129,0,0,12,1,13,59,24,54,5,142,0,10,10,152
08/18/2022,MAF,TX,ASW,CE,Combined TRACON& Tower with Radar,52,18,43,6,119,0,0,11,2,13,52,18,54,8,132,26,0,26,158
08/19/2022,MAF,TX,ASW,CE,Combined TRACON& Tower with Radar,56,20,32,44,152,0,1,25,18,44,56,21,57,62,196,0,0,0,196
08/20/2022,MAF,TX,ASW,CE,Combined TRACON& Tower with Radar,32,11,25,4,72,0,0,14,2,16,32,11,39,6,88,0,0,0,88
08/21/2022,MAF,TX,ASW,CE,Combined TRACON& Tower with Radar,38,11,28,0,77,0,0,2,0,2,38,11,30,0,79,0,0,0,79
08/22/2022,MAF,TX,ASW,CE,Combined TRACON& Tower with Radar,58,28,37,1,124,0,1,2,0,3,58,29,39,1,127,0,0,0,127
08/23/2022,MAF,TX,ASW,CE,Combined TRACON& Tower with Radar,47,23,28,20,118,0,0,7,0,7,47,23,35,20,125,0,0,0,125
08/24/2022,MAF,TX,ASW,CE,Combined TRACON& Tower with Radar,50,21,59,49,179,0,0,21,23,44,50,21,80,72,223,18,12,30,253
08/25/2022,MAF,TX,ASW,CE,Combined TRACON& Tower with Radar,52,23,49,29,153,0,1,26,8,35,52,24,75,37,188,0,0,0,188
08/26/2022,MAF,TX,ASW,CE,Combined TRACON& Tower with Radar,54,18,27,35,134,0,0,25,1,26,54,18,52,36,160,0,32,32,192
08/27/2022,MAF,TX,ASW,CE,Combined TRACON& Tower with Radar,36,8,6,2,52,0,0,26,2,28,36,8,32,4,80,0,0,0,80
08/28/2022,MAF,TX,ASW,CE,Combined TRACON& Tower with Radar,48,12,28,8,96,0,0,19,4,23,48,12,47,12,119,0,0,0,119
08/29/2022,MAF,TX,ASW,CE,Combined TRACON& Tower with Radar,44,20,45,11,120,0,0,24,2,26,44,20,69,13,146,0,0,0,146
08/30/2022,MAF,TX,ASW,CE,Combined TRACON& Tower with Radar,51,28,28,14,121,0,0,5,0,5,51,28,33,14,126,8,0,8,134
08/31/2022,MAF,TX,ASW,CE,Combined TRACON& Tower with Radar,50,20,42,3,115,0,0,2,1,3,50,20,44,4,118,0,0,0,118
09/01/2022,MAF,TX,ASW,CE,Combined TRACON& Tower with Radar,46,32,45,11,134,0,2,4,1,7,46,34,49,12,141,22,0,22,163
09/02/2022,MAF,TX,ASW,CE,Combined TRACON& Tower with Radar,50,17,45,1,113,0,0,2,1,3,50,17,47,2,116,0,0,0,116
09/03/2022,MAF,TX,ASW,CE,Combined TRACON& Tower with Radar,28,9,23,0,60,0,0,11,0,11,28,9,34,0,71,4,0,4,75
09/04/2022,MAF,TX,ASW,CE,Combined TRACON& Tower with Radar,36,6,12,0,54,0,0,11,0,11,36,6,23,0,65,0,0,0,65
09/05/2022,MAF,TX,ASW,CE,Combined TRACON& Tower with Radar,45,11,26,0,82,0,0,22,0,22,45,11,48,0,104,10,0,10,114
09/06/2022,MAF,TX,ASW,CE,Combined TRACON& Tower with Radar,47,25,38,32,142,0,0,9,13,22,47,25,47,45,164,10,80,90,254
09/07/2022,MAF,TX,ASW,CE,Combined TRACON& Tower with Radar,55,17,46,9,127,0,0,22,15,37,55,17,68,24,164,2,8,10,174
09/08/2022,MAF,TX,ASW,CE,Combined TRACON& Tower with Radar,56,20,36,7,119,0,0,15,2,17,56,20,51,9,136,0,0,0,136
09/09/2022,MAF,TX,ASW,CE,Combined TRACON& Tower with Radar,52,20,28,5,105,0,0,20,1,21,52,20,48,6,126,12,0,12,138
09/10/2022,MAF,TX,ASW,CE,Combined TRACON& Tower with Radar,41,6,13,10,70,0,1,10,2,13,41,7,23,12,83,6,6,12,95
09/11/2022,MAF,TX,ASW,CE,Combined TRACON& Tower with Radar,46,14,14,0,74,0,2,15,3,20,46,16,29,3,94,0,0,0,94
09/12/2022,MAF,TX,ASW,CE,Combined TRACON& Tower with Radar,59,16,41,41,157,0,1,22,13,36,59,17,63,54,193,10,36,46,239
09/13/2022,MAF,TX,ASW,CE,Combined TRACON& Tower with Radar,54,19,49,33,155,0,0,29,10,39,54,19,78,43,194,8,34,42,236
09/14/2022,MAF,TX,ASW,CE,Combined TRACON& Tower with Radar,58,21,48,36,163,0,0,10,8,18,58,21,58,44,181,0,62,62,243
09/15/2022,MAF,TX,ASW,CE,Combined TRACON& Tower with Radar,58,23,55,55,191,0,2,14,18,34,58,25,69,73,225,0,90,90,315
09/16/2022,MAF,TX,ASW,CE,Combined TRACON& Tower with Radar,58,18,31,38,145,0,0,10,12,22,58,18,41,50,167,4,92,96,263
09/17/2022,MAF,TX,ASW,CE,Combined TRACON& Tower with Radar,43,15,30,8,96,0,0,12,0,12,43,15,42,8,108,0,0,0,108
09/18/2022,MAF,TX,ASW,CE,Combined TRACON& Tower with Radar,48,14,28,8,98,0,2,15,0,17,48,16,43,8,115,10,0,10,125
09/19/2022,MAF,TX,ASW,CE,Combined TRACON& Tower with Radar,57,20,43,51,171,0,1,20,10,31,57,21,63,61,202,34,40,74,276
09/20/2022,MAF,TX,ASW,CE,Combined TRACON& Tower with Radar,52,25,34,50,161,0,2,22,7,31,52,27,56,57,192,0,0,0,192
09/21/2022,MAF,TX,ASW,CE,Combined TRACON& Tower with Radar,55,20,38,27,140,0,0,16,4,20,55,20,54,31,160,0,0,0,160
09/22/2022,MAF,TX,ASW,CE,Combined TRACON& Tower with Radar,58,25,45,28,156,0,2,18,13,33,58,27,63,41,189,4,60,64,253
09/23/2022,MAF,TX,ASW,CE,Combined TRACON& Tower with Radar,62,18,38,49,167,0,1,17,12,30,62,19,55,61,197,2,10,12,209
09/24/2022,MAF,TX,ASW,CE,Combined TRACON& Tower with Radar,41,9,28,17,95,0,0,15,2,17,41,9,43,19,112,0,0,0,112
09/25/2022,MAF,TX,ASW,CE,Combined TRACON& Tower with Radar,49,9,30,6,94,0,0,23,3,26,49,9,53,9,120,38,0,38,158
09/26/2022,MAF,TX,ASW,CE,Combined TRACON& Tower with Radar,59,8,25,30,122,0,1,16,8,25,59,9,41,38,147,0,0,0,147
09/27/2022,MAF,TX,ASW,CE,Combined TRACON& Tower with Radar,56,17,41,30,144,0,0,29,7,36,56,17,70,37,180,0,0,0,180
09/28/2022,MAF,TX,ASW,CE,Combined TRACON& Tower with Radar,53,25,50,30,158,0,0,30,7,37,53,25,80,37,195,0,42,42,237
09/29/2022,MAF,TX,ASW,CE,Combined TRACON& Tower with Radar,57,21,50,10,138,0,3,23,2,28,57,24,73,12,166,4,62,66,232
09/30/2022,MAF,TX,ASW,CE,Combined TRACON& Tower with Radar,56,23,31,27,137,0,1,17,16,34,56,24,48,43,171,2,32,34,205
10/01/2022,MAF,TX,ASW,CE,Combined TRACON& Tower with Radar,42,10,20,3,75,0,0,15,4,19,42,10,35,7,94,0,0,0,94
10/02/2022,MAF,TX,ASW,CE,Combined TRACON& Tower with Radar,48,14,22,6,90,0,2,25,2,29,48,16,47,8,119,0,0,0,119
10/03/2022,MAF,TX,ASW,CE,Combined TRACON& Tower with Radar,54,14,39,7,114,0,0,24,1,25,54,14,63,8,139,0,0,0,139
10/04/2022,MAF,TX,ASW,CE,Combined TRACON& Tower with Radar,55,23,44,30,152,0,1,21,9,31,55,24,65,39,183,6,66,72,255
10/05/2022,MAF,TX,ASW,CE,Combined TRACON& Tower with Radar,54,29,55,44,182,0,1,21,8,30,54,30,76,52,212,0,39,39,251
10/06/2022,MAF,TX,ASW,CE,Combined TRACON& Tower with Radar,56,25,43,26,150,0,0,14,8,22,56,25,57,34,172,0,12,12,184
10/07/2022,MAF,TX,ASW,CE,Combined TRACON& Tower with Radar,59,20,47,12,138,0,0,25,4,29,59,20,72,16,167,28,16,44,211
10/08/2022,MAF,TX,ASW,CE,Combined TRACON& Tower with Radar,39,11,16,2,68,0,0,22,1,23,39,11,38,3,91,14,0,14,105
10/09/2022,MAF,TX,ASW,CE,Combined TRACON& Tower with Radar,51,11,32,0,94,0,0,17,0,17,51,11,49,0,111,0,0,0,111
10/10/2022,MAF,TX,ASW,CE,Combined TRACON& Tower with Radar,54,14,33,2,103,0,0,6,0,6,54,14,39,2,109,0,0,0,109
10/11/2022,MAF,TX,ASW,CE,Combined TRACON& Tower with Radar,56,26,36,29,147,0,0,34,6,40,56,26,70,35,187,0,30,30,217
10/12/2022,MAF,TX,ASW,CE,Combined TRACON& Tower with Radar,57,20,53,34,164,0,0,37,5,42,57,20,90,39,206,0,64,64,270
10/13/2022,MAF,TX,ASW,CE,Combined TRACON& Tower with Radar,57,24,56,5,142,0,0,35,1,36,57,24,91,6,178,0,0,0,178
10/14/2022,MAF,TX,ASW,CE,Combined TRACON& Tower with Radar,56,21,36,24,137,0,0,24,2,26,56,21,60,26,163,12,24,36,199
10/15/2022,MAF,TX,ASW,CE,Combined TRACON& Tower with Radar,41,16,35,1,93,0,0,19,1,20,41,16,54,2,113,22,0,22,135
10/16/2022,MAF,TX,ASW,CE,Combined TRACON& Tower with Radar,48,16,24,7,95,0,0,8,1,9,48,16,32,8,104,0,0,0,104
10/17/2022,MAF,TX,ASW,CE,Combined TRACON& Tower with Radar,57,17,39,0,113,0,0,11,2,13,57,17,50,2,126,0,0,0,126
10/18/2022,MAF,TX,ASW,CE,Combined TRACON& Tower with Radar,57,25,48,60,190,0,0,36,14,50,57,25,84,74,240,12,34,46,286
10/19/2022,MAF,TX,ASW,CE,Combined TRACON& Tower with Radar,57,16,45,22,140,0,0,37,10,47,57,16,82,32,187,4,60,64,251
10/20/2022,MAF,TX,ASW,CE,Combined TRACON& Tower with Radar,57,20,40,12,129,0,0,29,0,29,57,20,69,12,158,0,0,0,158
10/21/2022,MAF,TX,ASW,CE,Combined TRACON& Tower with Radar,61,15,32,16,124,0,1,22,16,39,61,16,54,32,163,8,24,32,195
10/22/2022,MAF,TX,ASW,CE,Combined TRACON& Tower with Radar,41,7,20,0,68,0,0,12,0,12,41,7,32,0,80,42,0,42,122
10/23/2022,MAF,TX,ASW,CE,Combined TRACON& Tower with Radar,49,12,44,9,114,1,0,17,1,19,50,12,61,10,133,0,0,0,133
10/24/2022,MAF,TX,ASW,CE,Combined TRACON& Tower with Radar,54,18,30,4,106,0,0,3,2,5,54,18,33,6,111,0,0,0,111
10/25/2022,MAF,TX,ASW,CE,Combined TRACON& Tower with Radar,54,29,34,7,124,0,0,25,2,27,54,29,59,9,151,8,4,12,163
10/26/2022,MAF,TX,ASW,CE,Combined TRACON& Tower with Radar,63,21,43,5,132,0,1,30,0,31,63,22,73,5,163,7,4,11,174
10/27/2022,MAF,TX,ASW,CE,Combined TRACON& Tower with Radar,59,21,49,4,133,0,0,14,6,20,59,21,63,10,153,0,14,14,167
10/28/2022,MAF,TX,ASW,CE,Combined TRACON& Tower with Radar,51,15,38,27,131,0,0,6,3,9,51,15,44,30,140,0,20,20,160
10/29/2022,MAF,TX,ASW,CE,Combined TRACON& Tower with Radar,38,11,22,0,71,0,0,13,0,13,38,11,35,0,84,34,0,34,118
10/30/2022,MAF,TX,ASW,CE,Combined TRACON& Tower with Radar,48,6,43,11,108,0,0,12,1,13,48,6,55,12,121,8,0,8,129
10/31/2022,MAF,TX,ASW,CE,Combined TRACON& Tower with Radar,49,10,30,26,115,0,0,18,3,21,49,10,48,29,136,12,14,26,162
11/01/2022,MAF,TX,ASW,CE,Combined TRACON& Tower with Radar,53,21,54,7,135,0,0,15,3,18,53,21,69,10,153,0,0,0,153
11/02/2022,MAF,TX,ASW,CE,Combined TRACON& Tower with Radar,54,25,49,38,166,0,0,13,8,21,54,25,62,46,187,18,64,82,269
11/03/2022,MAF,TX,ASW,CE,Combined TRACON& Tower with Radar,49,30,43,44,166,0,0,12,5,17,49,30,55,49,183,0,0,0,183
11/04/2022,MAF,TX,ASW,CE,Combined TRACON& Tower with Radar,48,20,36,48,152,0,0,11,6,17,48,20,47,54,169,12,16,28,197
11/05/2022,MAF,TX,ASW,CE,Combined TRACON& Tower with Radar,39,13,28,2,82,0,0,8,4,12,39,13,36,6,94,14,0,14,108
11/06/2022,MAF,TX,ASW,CE,Combined TRACON& Tower with Radar,49,19,39,10,117,0,4,23,3,30,49,23,62,13,147,34,0,34,181
11/07/2022,MAF,TX,ASW,CE,Combined TRACON& Tower with Radar,52,17,44,39,152,0,0,14,12,26,52,17,58,51,178,0,0,0,178
11/08/2022,MAF,TX,ASW,CE,Combined TRACON& Tower with Radar,48,18,28,37,131,0,3,7,5,15,48,21,35,42,146,0,0,0,146
11/09/2022,MAF,TX,ASW,CE,Combined TRACON& Tower with Radar,48,30,45,34,157,0,0,13,1,14,48,30,58,35,171,4,0,4,175
11/10/2022,MAF,TX,ASW,CE,Combined TRACON& Tower with Radar,50,22,57,7,136,0,0,17,1,18,50,22,74,8,154,0,16,16,170
11/11/2022,MAF,TX,ASW,CE,Combined TRACON& Tower with Radar,53,19,40,6,118,0,0,9,0,9,53,19,49,6,127,0,0,0,127
11/12/2022,MAF,TX,ASW,CE,Combined TRACON& Tower with Radar,40,8,21,1,70,0,0,23,3,26,40,8,44,4,96,0,0,0,96
11/13/2022,MAF,TX,ASW,CE,Combined TRACON& Tower with Radar,49,9,27,5,90,0,0,15,0,15,49,9,42,5,105,0,0,0,105
11/14/2022,MAF,TX,ASW,CE,Combined TRACON& Tower with Radar,48,22,30,17,117,0,0,8,1,9,48,22,38,18,126,0,0,0,126
11/15/2022,MAF,TX,ASW,CE,Combined TRACON& Tower with Radar,48,28,49,35,160,0,0,21,7,28,48,28,70,42,188,10,60,70,258
11/16/2022,MAF,TX,ASW,CE,Combined TRACON& Tower with Radar,46,35,47,6,134,0,0,26,1,27,46,35,73,7,161,36,8,44,205
11/17/2022,MAF,TX,ASW,CE,Combined TRACON& Tower with Radar,49,22,40,17,128,0,0,17,15,32,49,22,57,32,160,0,24,24,184
11/18/2022,MAF,TX,ASW,CE,Combined TRACON& Tower with Radar,53,21,40,36,150,0,0,22,3,25,53,21,62,39,175,16,4,20,195
11/19/2022,MAF,TX,ASW,CE,Combined TRACON& Tower with Radar,40,16,23,0,79,0,0,13,0,13,40,16,36,0,92,16,0,16,108
11/20/2022,MAF,TX,ASW,CE,Combined TRACON& Tower with Radar,51,22,20,0,93,0,0,7,0,7,51,22,27,0,100,20,0,20,120
11/21/2022,MAF,TX,ASW,CE,Combined TRACON& Tower with Radar,50,17,23,9,99,0,0,19,4,23,50,17,42,13,122,40,0,40,162
11/22/2022,MAF,TX,ASW,CE,Combined TRACON& Tower with Radar,47,32,28,53,160,0,4,24,4,32,47,36,52,57,192,0,78,78,270
11/23/2022,MAF,TX,ASW,CE,Combined TRACON& Tower with Radar,46,23,43,0,112,0,0,8,0,8,46,23,51,0,120,8,0,8,128
11/24/2022,MAF,TX,ASW,CE,Combined TRACON& Tower with Radar,36,8,6,0,50,0,0,4,0,4,36,8,10,0,54,0,0,0,54
11/25/2022,MAF,TX,ASW,CE,Combined TRACON& Tower with Radar,48,17,11,0,76,0,0,1,0,1,48,17,12,0,77,0,0,0,77
11/26/2022,MAF,TX,ASW,CE,Combined TRACON& Tower with Radar,43,17,23,0,83,0,0,5,0,5,43,17,28,0,88,0,0,0,88
11/27/2022,MAF,TX,ASW,CE,Combined TRACON& Tower with Radar,46,19,36,1,102,0,0,23,1,24,46,19,59,2,126,0,0,0,126
11/28/2022,MAF,TX,ASW,CE,Combined TRACON& Tower with Radar,44,23,39,4,110,0,0,11,1,12,44,23,50,5,122,0,8,8,130
11/29/2022,MAF,TX,ASW,CE,Combined TRACON& Tower with Radar,52,23,38,11,124,0,1,8,4,13,52,24,46,15,137,2,10,12,149
11/30/2022,MAF,TX,ASW,CE,Combined TRACON& Tower with Radar,47,21,39,19,126,0,0,36,4,40,47,21,75,23,166,30,0,30,196
12/01/2022,MAF,TX,ASW,CE,Combined TRACON& Tower with Radar,47,33,46,46,172,0,1,23,7,31,47,34,69,53,203,24,44,68,271
12/02/2022,MAF,TX,ASW,CE,Combined TRACON& Tower with Radar,49,16,41,16,122,0,2,32,1,35,49,18,73,17,157,16,22,38,195
12/03/2022,MAF,TX,ASW,CE,Combined TRACON& Tower with Radar,34,16,29,9,88,0,0,18,5,23,34,16,47,14,111,28,0,28,139
12/04/2022,MAF,TX,ASW,CE,Combined TRACON& Tower with Radar,40,13,35,0,88,0,0,12,0,12,40,13,47,0,100,6,0,6,106
12/05/2022,MAF,TX,ASW,CE,Combined TRACON& Tower with Radar,49,13,28,9,99,0,0,13,5,18,49,13,41,14,117,0,0,0,117
12/06/2022,MAF,TX,ASW,CE,Combined TRACON& Tower with Radar,50,24,37,13,124,0,0,20,4,24,50,24,57,17,148,10,18,28,176
12/07/2022,MAF,TX,ASW,CE,Combined TRACON& Tower with Radar,49,24,44,16,133,0,0,15,0,15,49,24,59,16,148,10,0,10,158
12/08/2022,MAF,TX,ASW,CE,Combined TRACON& Tower with Radar,52,25,66,5,148,0,0,11,0,11,52,25,77,5,159,0,0,0,159
12/09/2022,MAF,TX,ASW,CE,Combined TRACON& Tower with Radar,49,26,38,0,113,0,0,0,0,0,49,26,38,0,113,0,0,0,113
12/10/2022,MAF,TX,ASW,CE,Combined TRACON& Tower with Radar,30,19,28,0,77,0,0,2,0,2,30,19,30,0,79,4,0,4,83
12/11/2022,MAF,TX,ASW,CE,Combined TRACON& Tower with Radar,47,15,43,0,105,0,0,12,0,12,47,15,55,0,117,0,0,0,117
12/12/2022,MAF,TX,ASW,CE,Combined TRACON& Tower with Radar,48,20,42,22,132,0,0,17,4,21,48,20,59,26,153,12,43,55,208
12/13/2022,MAF,TX,ASW,CE,Combined TRACON& Tower with Radar,44,18,41,17,120,0,0,34,15,49,44,18,75,32,169,10,10,20,189
12/14/2022,MAF,TX,ASW,CE,Combined TRACON& Tower with Radar,48,25,60,15,148,0,3,45,4,52,48,28,105,19,200,28,12,40,240
12/15/2022,MAF,TX,ASW,CE,Combined TRACON& Tower with Radar,47,27,57,10,141,0,0,44,0,44,47,27,101,10,185,18,4,22,207
12/16/2022,MAF,TX,ASW,CE,Combined TRACON& Tower with Radar,48,28,42,31,149,0,1,44,7,52,48,29,86,38,201,10,0,10,211
12/17/2022,MAF,TX,ASW,CE,Combined TRACON& Tower with Radar,36,15,31,3,85,0,2,53,1,56,36,17,84,4,141,6,0,6,147
12/18/2022,MAF,TX,ASW,CE,Combined TRACON& Tower with Radar,43,13,17,6,79,0,1,26,0,27,43,14,43,6,106,0,0,0,106
12/19/2022,MAF,TX,ASW,CE,Combined TRACON& Tower with Radar,42,19,23,31,115,0,0,20,14,34,42,19,43,45,149,4,0,4,153
12/20/2022,MAF,TX,ASW,CE,Combined TRACON& Tower with Radar,45,25,34,58,162,0,0,37,26,63,45,25,71,84,225,26,20,46,271
12/21/2022,MAF,TX,ASW,CE,Combined TRACON& Tower with Radar,43,33,37,9,122,0,0,27,3,30,43,33,64,12,152,28,0,28,180
12/22/2022,MAF,TX,ASW,CE,Combined TRACON& Tower with Radar,35,19,41,0,95,0,0,6,0,6,35,19,47,0,101,10,0,10,111
12/23/2022,MAF,TX,ASW,CE,Combined TRACON& Tower with Radar,39,20,35,2,96,0,0,5,0,5,39,20,40,2,101,18,0,18,119
12/24/2022,MAF,TX,ASW,CE,Combined TRACON& Tower with Radar,25,15,12,0,52,0,0,11,0,11,25,15,23,0,63,20,0,20,83
12/25/2022,MAF,TX,ASW,CE,Combined TRACON& Tower with Radar,20,14,2,0,36,0,0,6,0,6,20,14,8,0,42,0,0,0,42
12/26/2022,MAF,TX,ASW,CE,Combined TRACON& Tower with Radar,20,15,38,0,73,0,0,26,0,26,20,15,64,0,99,18,0,18,117
12/27/2022,MAF,TX,ASW,CE,Combined TRACON& Tower with Radar,25,22,32,2,81,0,0,25,2,27,25,22,57,4,108,10,0,10,118
12/28/2022,MAF,TX,ASW,CE,Combined TRACON& Tower with Radar,29,23,29,0,81,0,2,18,0,20,29,25,47,0,101,10,0,10,111
12/29/2022,MAF,TX,ASW,CE,Combined TRACON& Tower with Radar,33,23,33,0,89,0,0,17,0,17,33,23,50,0,106,8,0,8,114
12/30/2022,MAF,TX,ASW,CE,Combined TRACON& Tower with Radar,43,22,39,0,104,0,0,7,0,7,43,22,46,0,111,4,0,4,115
12/31/2022,MAF,TX,ASW,CE,Combined TRACON& Tower with Radar,29,18,5,0,52,0,1,5,0,6,29,19,10,0,58,0,0,0,58
01/01/2023,MAF,TX,ASW,CE,Combined TRACON& Tower with Radar,40,13,28,2,83,0,0,10,2,12,40,13,38,4,95,6,0,6,101
01/02/2023,MAF,TX,ASW,CE,Combined TRACON& Tower with Radar,36,13,42,0,91,0,0,6,0,6,36,13,48,0,97,0,0,0,97
01/03/2023,MAF,TX,ASW,CE,Combined TRACON& Tower with Radar,46,23,31,0,100,0,2,5,0,7,46,25,36,0,107,0,0,0,107
01/04/2023,MAF,TX,ASW,CE,Combined TRACON& Tower with Radar,53,22,31,12,118,0,7,22,1,30,53,29,53,13,148,0,0,0,148
01/05/2023,MAF,TX,ASW,CE,Combined TRACON& Tower with Radar,51,20,43,19,133,0,0,14,10,24,51,20,57,29,157,12,28,40,197
01/06/2023,MAF,TX,ASW,CE,Combined TRACON& Tower with Radar,52,10,17,15,94,0,0,21,9,30,52,10,38,24,124,0,0,0,124
01/07/2023,MAF,TX,ASW,CE,Combined TRACON& Tower with Radar,42,6,21,6,75,0,0,31,7,38,42,6,52,13,113,24,6,30,143
01/08/2023,MAF,TX,ASW,CE,Combined TRACON& Tower with Radar,44,13,33,33,123,0,0,25,5,30,44,13,58,38,153,0,0,0,153
01/09/2023,MAF,TX,ASW,CE,Combined TRACON& Tower with Radar,52,8,45,15,120,0,0,18,1,19,52,8,63,16,139,0,0,0,139
01/10/2023,MAF,TX,ASW,CE,Combined TRACON& Tower with Radar,51,25,56,8,140,0,1,21,3,25,51,26,77,11,165,24,16,40,205
01/11/2023,MAF,TX,ASW,CE,Combined TRACON& Tower with Radar,50,13,28,5,96,0,0,14,0,14,50,13,42,5,110,0,0,0,110
01/12/2023,MAF,TX,ASW,CE,Combined TRACON& Tower with Radar,53,21,57,13,144,0,0,29,2,31,53,21,86,15,175,12,4,16,191
01/13/2023,MAF,TX,ASW,CE,Combined TRACON& Tower with Radar,52,8,34,6,100,0,0,29,9,38,52,8,63,15,138,12,4,16,154
01/14/2023,MAF,TX,ASW,CE,Combined TRACON& Tower with Radar,38,14,7,4,63,0,0,13,4,17,38,14,20,8,80,0,0,0,80
01/15/2023,MAF,TX,ASW,CE,Combined TRACON& Tower with Radar,40,1,22,8,71,0,0,20,2,22,40,1,42,10,93,18,0,18,111
01/16/2023,MAF,TX,ASW,CE,Combined TRACON& Tower with Radar,50,14,38,0,102,0,0,7,0,7,50,14,45,0,109,0,0,0,109
01/17/2023,MAF,TX,ASW,CE,Combined TRACON& Tower with Radar,53,18,37,6,114,0,0,21,5,26,53,18,58,11,140,32,0,32,172
01/18/2023,MAF,TX,ASW,CE,Combined TRACON& Tower with Radar,50,26,40,13,129,0,0,11,0,11,50,26,51,13,140,0,0,0,140
01/19/2023,MAF,TX,ASW,CE,Combined TRACON& Tower with Radar,54,28,48,12,142,0,0,33,7,40,54,28,81,19,182,0,0,0,182
01/20/2023,MAF,TX,ASW,CE,Combined TRACON& Tower with Radar,59,12,27,27,125,0,0,17,13,30,59,12,44,40,155,0,50,50,205
01/21/2023,MAF,TX,ASW,CE,Combined TRACON& Tower with Radar,36,13,15,6,70,0,2,13,5,20,36,15,28,11,90,0,0,0,90
01/22/2023,MAF,TX,ASW,CE,Combined TRACON& Tower with Radar,42,10,33,9,94,0,0,10,5,15,42,10,43,14,109,0,0,0,109
01/23/2023,MAF,TX,ASW,CE,Combined TRACON& Tower with Radar,50,16,27,15,108,0,0,8,0,8,50,16,35,15,116,10,0,10,126
01/24/2023,MAF,TX,ASW,CE,Combined TRACON& Tower with Radar,53,10,33,15,111,0,0,3,2,5,53,10,36,17,116,6,14,20,136
01/25/2023,MAF,TX,ASW,CE,Combined TRACON& Tower with Radar,50,12,37,22,121,0,0,19,11,30,50,12,56,33,151,0,56,56,207
01/26/2023,MAF,TX,ASW,CE,Combined TRACON& Tower with Radar,55,22,46,19,142,0,0,23,1,24,55,22,69,20,166,8,0,8,174
01/27/2023,MAF,TX,ASW,CE,Combined TRACON& Tower with Radar,56,20,23,11,110,0,0,23,2,25,56,20,46,13,135,10,22,32,167
01/28/2023,MAF,TX,ASW,CE,Combined TRACON& Tower with Radar,35,10,22,10,77,0,2,21,0,23,35,12,43,10,100,0,0,0,100
01/29/2023,MAF,TX,ASW,CE,Combined TRACON& Tower with Radar,39,13,23,6,81,0,0,8,0,8,39,13,31,6,89,0,0,0,89
01/30/2023,MAF,TX,ASW,CE,Combined TRACON& Tower with Radar,39,3,17,0,59,0,0,0,0,0,39,3,17,0,59,0,0,0,59
01/31/2023,MAF,TX,ASW,CE,Combined TRACON& Tower with Radar,35,7,17,0,59,0,0,0,0,0,35,7,17,0,59,0,0,0,59
02/01/2023,MAF,TX,ASW,CE,Combined TRACON& Tower with Radar,27,2,6,0,35,0,0,0,0,0,27,2,6,0,35,0,0,0,35
02/02/2023,MAF,TX,ASW,CE,Combined TRACON& Tower with Radar,54,19,17,7,97,0,0,6,4,10,54,19,23,11,107,8,26,34,141
02/03/2023,MAF,TX,ASW,CE,Combined TRACON& Tower with Radar,57,8,29,18,112,0,0,22,6,28,57,8,51,24,140,14,24,38,178
02/04/2023,MAF,TX,ASW,CE,Combined TRACON& Tower with Radar,39,12,11,6,68,0,0,15,1,16,39,12,26,7,84,0,0,0,84
02/05/2023,MAF,TX,ASW,CE,Combined TRACON& Tower with Radar,45,9,32,4,90,0,0,18,0,18,45,9,50,4,108,0,0,0,108
02/06/2023,MAF,TX,ASW,CE,Combined TRACON& Tower with Radar,58,11,36,32,137,0,0,21,20,41,58,11,57,52,178,4,8,12,190
02/07/2023,MAF,TX,ASW,CE,Combined TRACON& Tower with Radar,58,31,33,70,192,0,2,2,16,20,58,33,35,86,212,0,116,116,328
02/08/2023,MAF,TX,ASW,CE,Combined TRACON& Tower with Radar,54,20,57,26,157,0,2,27,7,36,54,22,84,33,193,16,42,58,251
02/09/2023,MAF,TX,ASW,CE,Combined TRACON& Tower with Radar,58,21,44,15,138,0,2,27,11,40,58,23,71,26,178,10,30,40,218
02/10/2023,MAF,TX,ASW,CE,Combined TRACON& Tower with Radar,54,18,36,38,146,0,0,23,11,34,54,18,59,49,180,20,38,58,238
02/11/2023,MAF,TX,ASW,CE,Combined TRACON& Tower with Radar,38,7,9,7,61,0,0,22,4,26,38,7,31,11,87,0,0,0,87
02/12/2023,MAF,TX,ASW,CE,Combined TRACON& Tower with Radar,46,12,30,8,96,0,0,20,1,21,46,12,50,9,117,0,0,0,117
02/13/2023,MAF,TX,ASW,CE,Combined TRACON& Tower with Radar,54,17,42,36,149,0,1,28,10,39,54,18,70,46,188,20,0,20,208
02/14/2023,MAF,TX,ASW,CE,Combined TRACON& Tower with Radar,50,19,27,1,97,0,3,1,0,4,50,22,28,1,101,0,0,0,101
02/15/2023,MAF,TX,ASW,CE,Combined TRACON& Tower with Radar,51,22,38,35,146,0,0,8,2,10,51,22,46,37,156,6,114,120,276
02/16/2023,MAF,TX,ASW,CE,Combined TRACON& Tower with Radar,57,18,67,26,168,0,1,25,11,37,57,19,92,37,205,2,36,38,243
02/17/2023,MAF,TX,ASW,CE,Combined TRACON& Tower with Radar,60,17,36,8,121,0,0,28,1,29,60,17,64,9,150,0,42,42,192
02/18/2023,MAF,TX,ASW,CE,Combined TRACON& Tower with Radar,37,13,12,4,66,0,0,7,0,7,37,13,19,4,73,0,0,0,73
02/19/2023,MAF,TX,ASW,CE,Combined TRACON& Tower with Radar,46,11,26,0,83,0,0,10,0,10,46,11,36,0,93,0,0,0,93
02/20/2023,MAF,TX,ASW,CE,Combined TRACON& Tower with Radar,53,16,41,2,112,0,0,15,0,15,53,16,56,2,127,0,0,0,127
02/21/2023,MAF,TX,ASW,CE,Combined TRACON& Tower with Radar,56,23,40,10,129,0,0,20,7,27,56,23,60,17,156,8,0,8,164
02/22/2023,MAF,TX,ASW,CE,Combined TRACON& Tower with Radar,59,11,41,2,113,0,0,2,0,2,59,11,43,2,115,0,0,0,115
02/23/2023,MAF,TX,ASW,CE,Combined TRACON& Tower with Radar,56,23,55,17,151,0,0,32,1,33,56,23,87,18,184,0,18,18,202
02/24/2023,MAF,TX,ASW,CE,Combined TRACON& Tower with Radar,55,18,32,46,151,0,0,1,0,1,55,18,33,46,152,0,0,0,152
02/25/2023,MAF,TX,ASW,CE,Combined TRACON& Tower with Radar,38,19,23,0,80,0,0,0,0,0,38,19,23,0,80,0,0,0,80
02/26/2023,MAF,TX,ASW,CE,Combined TRACON& Tower with Radar,47,14,24,0,85,0,2,0,0,2,47,16,24,0,87,0,0,0,87
02/27/2023,MAF,TX,ASW,CE,Combined TRACON& Tower with Radar,56,22,37,16,131,0,1,19,7,27,56,23,56,23,158,0,2,2,160
02/28/2023,MAF,TX,ASW,CE,Combined TRACON& Tower with Radar,52,34,46,11,143,0,2,33,8,43,52,36,79,19,186,0,0,0,186
03/01/2023,MAF,TX,ASW,CE,Combined TRACON& Tower with Radar,48,31,48,22,149,0,2,22,5,29,48,33,70,27,178,0,20,20,198
03/02/2023,MAF,TX,ASW,CE,Combined TRACON& Tower with Radar,41,19,39,0,99,0,1,4,1,6,41,20,43,1,105,0,0,0,105
03/03/2023,MAF,TX,ASW,CE,Combined TRACON& Tower with Radar,49,22,42,36,149,0,4,38,10,52,49,26,80,46,201,12,44,56,257
03/04/2023,MAF,TX,ASW,CE,Combined TRACON& Tower with Radar,30,17,18,3,68,0,0,26,0,26,30,17,44,3,94,0,0,0,94
03/05/2023,MAF,TX,ASW,CE,Combined TRACON& Tower with Radar,40,10,30,6,86,0,0,21,0,21,40,10,51,6,107,0,0,0,107
03/06/2023,MAF,TX,ASW,CE,Combined TRACON& Tower with Radar,47,17,43,12,119,0,0,9,7,16,47,17,52,19,135,0,4,4,139
03/07/2023,MAF,TX,ASW,CE,Combined TRACON& Tower with Radar,48,29,58,51,186,0,0,16,8,24,48,29,74,59,210,0,24,24,234
03/08/2023,MAF,TX,ASW,CE,Combined TRACON& Tower with Radar,45,28,52,12,137,0,0,1,0,1,45,28,53,12,138,0,0,0,138
03/09/2023,MAF,TX,ASW,CE,Combined TRACON& Tower with Radar,46,29,76,4,155,0,0,6,2,8,46,29,82,6,163,0,0,0,163
03/10/2023,MAF,TX,ASW,CE,Combined TRACON& Tower with Radar,48,28,39,9,124,0,0,20,1,21,48,28,59,10,145,0,20,20,165
03/11/2023,MAF,TX,ASW,CE,Combined TRACON& Tower with Radar,27,21,28,3,79,0,1,5,0,6,27,22,33,3,85,0,0,0,85
03/12/2023,MAF,TX,ASW,CE,Combined TRACON& Tower with Radar,40,19,31,1,91,0,0,20,4,24,40,19,51,5,115,10,0,10,125
03/13/2023,MAF,TX,ASW,CE,Combined TRACON& Tower with Radar,50,10,22,41,123,0,2,17,18,37,50,12,39,59,160,0,4,4,164
03/14/2023,MAF,TX,ASW,CE,Combined TRACON& Tower with Radar,45,27,24,46,142,0,3,22,1,26,45,30,46,47,168,14,0,14,182
03/15/2023,MAF,TX,ASW,CE,Combined TRACON& Tower with Radar,44,18,38,6,106,0,0,9,0,9,44,18,47,6,115,0,0,0,115
03/16/2023,MAF,TX,ASW,CE,Combined TRACON& Tower with Radar,52,27,29,11,119,0,0,4,4,8,52,27,33,15,127,0,0,0,127
03/17/2023,MAF,TX,ASW,CE,Combined TRACON& Tower with Radar,53,24,15,10,102,0,1,10,3,14,53,25,25,13,116,5,0,5,121
03/18/2023,MAF,TX,ASW,CE,Combined TRACON& Tower with Radar,31,19,37,0,87,0,0,12,0,12,31,19,49,0,99,0,0,0,99
03/19/2023,MAF,TX,ASW,CE,Combined TRACON& Tower with Radar,42,14,18,1,75,0,1,11,3,15,42,15,29,4,90,0,0,0,90
03/20/2023,MAF,TX,ASW,CE,Combined TRACON& Tower with Radar,49,18,45,35,147,0,1,8,6,15,49,19,53,41,162,0,18,18,180
03/21/2023,MAF,TX,ASW,CE,Combined TRACON& Tower with Radar,44,21,36,7,108,0,0,11,2,13,44,21,47,9,121,2,0,2,123
03/22/2023,MAF,TX,ASW,CE,Combined TRACON& Tower with Radar,49,23,50,27,149,0,0,19,11,30,49,23,69,38,179,16,26,42,221
03/23/2023,MAF,TX,ASW,CE,Combined TRACON& Tower with Radar,52,23,40,34,149,0,0,12,26,38,52,23,52,60,187,0,140,140,327
03/24/2023,MAF,TX,ASW,CE,Combined TRACON& Tower with Radar,53,26,24,16,119,0,0,5,5,10,53,26,29,21,129,0,10,10,139
03/25/2023,MAF,TX,ASW,CE,Combined TRACON& Tower with Radar,31,14,23,4,72,0,0,15,2,17,31,14,38,6,89,0,0,0,89
03/26/2023,MAF,TX,ASW,CE,Combined TRACON& Tower with Radar,36,15,22,7,80,0,1,20,5,26,36,16,42,12,106,0,0,0,106
03/27/2023,MAF,TX,ASW,CE,Combined TRACON& Tower with Radar,48,13,46,11,118,0,0,26,2,28,48,13,72,13,146,8,16,24,170
03/28/2023,MAF,TX,ASW,CE,Combined TRACON& Tower with Radar,43,22,63,9,137,0,0,29,5,34,43,22,92,14,171,10,9,19,190
03/29/2023,MAF,TX,ASW,CE,Combined TRACON& Tower with Radar,43,25,57,32,157,0,1,20,16,37,43,26,77,48,194,0,58,58,252
03/30/2023,MAF,TX,ASW,CE,Combined TRACON& Tower with Radar,46,28,64,90,228,0,4,5,16,25,46,32,69,106,253,12,150,162,415
03/31/2023,MAF,TX,ASW,CE,Combined TRACON& Tower with Radar,47,26,33,42,148,0,0,11,14,25,47,26,44,56,173,2,98,100,273
04/01/2023,MAF,TX,ASW,CE,Combined TRACON& Tower with Radar,28,16,18,1,63,0,1,67,0,68,28,17,85,1,131,8,0,8,139
04/02/2023,MAF,TX,ASW,CE,Combined TRACON& Tower with Radar,29,13,31,12,85,0,0,9,2,11,29,13,40,14,96,0,0,0,96
04/03/2023,MAF,TX,ASW,CE,Combined TRACON& Tower with Radar,46,21,28,25,120,0,0,8,15,23,46,21,36,40,143,0,14,14,157
04/04/2023,MAF,TX,ASW,CE,Combined TRACON& Tower with Radar,49,32,41,9,131,0,0,7,1,8,49,32,48,10,139,0,0,0,139
04/05/2023,MAF,TX,ASW,CE,Combined TRACON& Tower with Radar,43,29,46,38,156,0,0,22,12,34,43,29,68,50,190,32,64,96,286
04/06/2023,MAF,TX,ASW,CE,Combined TRACON& Tower with Radar,49,20,46,15,130,0,0,17,0,17,49,20,63,15,147,0,14,14,161
04/07/2023,MAF,TX,ASW,CE,Combined TRACON& Tower with Radar,50,28,23,27,128,0,0,10,14,24,50,28,33,41,152,4,46,50,202
04/08/2023,MAF,TX,ASW,CE,Combined TRACON& Tower with Radar,31,8,13,8,60,0,0,16,0,16,31,8,29,8,76,0,0,0,76
04/09/2023,MAF,TX,ASW,CE,Combined TRACON& Tower with Radar,34,14,23,0,71,0,0,16,0,16,34,14,39,0,87,8,0,8,95
04/10/2023,MAF,TX,ASW,CE,Combined TRACON& Tower with Radar,48,22,47,20,137,0,2,24,27,53,48,24,71,47,190,10,56,66,256
04/11/2023,MAF,TX,ASW,CE,Combined TRACON& Tower with Radar,49,40,48,26,163,0,0,19,14,33,49,40,67,40,196,0,68,68,264
04/12/2023,MAF,TX,ASW,CE,Combined TRACON& Tower with Radar,49,28,42,16,135,0,5,13,13,31,49,33,55,29,166,0,18,18,184
04/13/2023,MAF,TX,ASW,CE,Combined TRACON& Tower with Radar,51,23,54,22,150,0,1,15,6,22,51,24,69,28,172,0,0,0,172
04/14/2023,MAF,TX,ASW,CE,Combined TRACON& Tower with Radar,50,25,29,27,131,0,2,12,11,25,50,27,41,38,156,0,0,0,156
04/15/2023,MAF,TX,ASW,CE,Combined TRACON& Tower with Radar,39,10,12,9,70,0,0,17,3,20,39,10,29,12,90,6,0,6,96
04/16/2023,MAF,TX,ASW,CE,Combined TRACON& Tower with Radar,34,11,29,0,74,0,1,17,0,18,34,12,46,0,92,0,0,0,92
04/17/2023,MAF,TX,ASW,CE,Combined TRACON& Tower with Radar,50,20,34,6,110,0,0,8,2,10,50,20,42,8,120,0,0,0,120
04/18/2023,MAF,TX,ASW,CE,Combined TRACON& Tower with Radar,49,29,37,22,137,0,3,11,3,17,49,32,48,25,154,12,64,76,230
04/19/2023,MAF,TX,ASW,CE,Combined TRACON& Tower with Radar,50,21,45,61,177,0,0,13,5,18,50,21,58,66,195,38,76,114,309
04/20/2023,MAF,TX,ASW,CE,Combined TRACON& Tower with Radar,49,30,61,16,156,0,0,17,2,19,49,30,78,18,175,6,0,6,181
04/21/2023,MAF,TX,ASW,CE,Combined TRACON& Tower with Radar,51,29,32,25,137,0,1,19,5,25,51,30,51,30,162,26,0,26,188
04/22/2023,MAF,TX,ASW,CE,Combined TRACON& Tower with Radar,37,17,15,4,73,0,0,14,4,18,37,17,29,8,91,10,0,10,101
04/23/2023,MAF,TX,ASW,CE,Combined TRACON& Tower with Radar,31,25,45,6,107,0,0,0,0,0,31,25,45,6,107,0,0,0,107
04/24/2023,MAF,TX,ASW,CE,Combined TRACON& Tower with Radar,48,13,43,8,112,0,0,9,0,9,48,13,52,8,121,2,0,2,123
04/25/2023,MAF,TX,ASW,CE,Combined TRACON& Tower with Radar,48,26,37,25,136,0,0,17,9,26,48,26,54,34,162,0,14,14,176
04/26/2023,MAF,TX,ASW,CE,Combined TRACON& Tower with Radar,43,22,36,38,139,0,0,16,12,28,43,22,52,50,167,4,54,58,225
04/27/2023,MAF,TX,ASW,CE,Combined TRACON& Tower with Radar,53,29,61,19,162,0,0,16,14,30,53,29,77,33,192,0,12,12,204
04/28/2023,MAF,TX,ASW,CE,Combined TRACON& Tower with Radar,51,27,38,17,133,0,0,3,4,7,51,27,41,21,140,0,0,0,140
04/29/2023,MAF,TX,ASW,CE,Combined TRACON& Tower with Radar,37,17,16,16,86,0,0,22,1,23,37,17,38,17,109,17,0,17,126
04/30/2023,MAF,TX,ASW,CE,Combined TRACON& Tower with Radar,35,20,31,11,97,0,0,13,0,13,35,20,44,11,110,0,0,0,110
05/01/2023,MAF,TX,ASW,CE,Combined TRACON& Tower with Radar,50,18,48,20,136,0,0,14,10,24,50,18,62,30,160,0,22,22,182
05/02/2023,MAF,TX,ASW,CE,Combined TRACON& Tower with Radar,49,25,50,6,130,0,0,3,5,8,49,25,53,11,138,0,4,4,142
05/03/2023,MAF,TX,ASW,CE,Combined TRACON& Tower with Radar,49,20,62,8,139,0,0,22,3,25,49,20,84,11,164,16,12,28,192
05/04/2023,MAF,TX,ASW,CE,Combined TRACON& Tower with Radar,48,18,54,5,125,0,0,11,5,16,48,18,65,10,141,4,8,12,153
05/05/2023,MAF,TX,ASW,CE,Combined TRACON& Tower with Radar,50,19,42,20,131,0,0,9,4,13,50,19,51,24,144,6,8,14,158
05/06/2023,MAF,TX,ASW,CE,Combined TRACON& Tower with Radar,38,16,2,2,58,0,2,11,8,21,38,18,13,10,79,28,0,28,107
05/07/2023,MAF,TX,ASW,CE,Combined TRACON& Tower with Radar,39,13,51,2,105,0,0,9,1,10,39,13,60,3,115,0,0,0,115
05/08/2023,MAF,TX,ASW,CE,Combined TRACON& Tower with Radar,49,24,33,23,129,0,1,20,3,24,49,25,53,26,153,6,22,28,181
05/09/2023,MAF,TX,ASW,CE,Combined TRACON& Tower with Radar,48,19,38,28,133,0,0,18,11,29,48,19,56,39,162,20,40,60,222
05/10/2023,MAF,TX,ASW,CE,Combined TRACON& Tower with Radar,46,23,44,44,157,0,0,14,9,23,46,23,58,53,180,32,40,72,252
05/11/2023,MAF,TX,ASW,CE,Combined TRACON& Tower with Radar,49,39,47,18,153,0,3,17,6,26,49,42,64,24,179,20,31,51,230
05/12/2023,MAF,TX,ASW,CE,Combined TRACON& Tower with Radar,49,19,35,21,124,0,0,8,8,16,49,19,43,29,140,0,0,0,140
05/13/2023,MAF,TX,ASW,CE,Combined TRACON& Tower with Radar,38,14,24,5,81,0,0,4,0,4,38,14,28,5,85,6,0,6,91
05/14/2023,MAF,TX,ASW,CE,Combined TRACON& Tower with Radar,31,14,18,22,85,0,0,10,2,12,31,14,28,24,97,0,0,0,97
05/15/2023,MAF,TX,ASW,CE,Combined TRACON& Tower with Radar,49,15,45,10,119,0,0,11,0,11,49,15,56,10,130,0,4,4,134
05/16/2023,MAF,TX,ASW,CE,Combined TRACON& Tower with Radar,49,27,30,46,152,0,0,13,2,15,49,27,43,48,167,0,40,40,207
05/17/2023,MAF,TX,ASW,CE,Combined TRACON& Tower with Radar,55,28,32,26,141,0,2,19,1,22,55,30,51,27,163,0,0,0,163
05/18/2023,MAF,TX,ASW,CE,Combined TRACON& Tower with Radar,52,24,59,5,140,0,0,20,0,20,52,24,79,5,160,6,0,6,166
05/19/2023,MAF,TX,ASW,CE,Combined TRACON& Tower with Radar,48,17,28,16,109,0,0,12,4,16,48,17,40,20,125,0,0,0,125
05/20/2023,MAF,TX,ASW,CE,Combined TRACON& Tower with Radar,42,13,20,4,79,0,0,3,0,3,42,13,23,4,82,0,0,0,82
05/21/2023,MAF,TX,ASW,CE,Combined TRACON& Tower with Radar,36,24,26,1,87,0,0,15,3,18,36,24,41,4,105,0,0,0,105
05/22/2023,MAF,TX,ASW,CE,Combined TRACON& Tower with Radar,52,20,42,5,119,0,1,10,3,14,52,21,52,8,133,0,6,6,139
05/23/2023,MAF,TX,ASW,CE,Combined TRACON& Tower with Radar,49,22,52,18,141,0,0,9,20,29,49,22,61,38,170,2,36,38,208
05/24/2023,MAF,TX,ASW,CE,Combined TRACON& Tower with Radar,53,30,37,20,140,0,0,5,2,7,53,30,42,22,147,12,16,28,175
05/25/2023,MAF,TX,ASW,CE,Combined TRACON& Tower with Radar,53,28,54,3,138,0,0,6,1,7,53,28,60,4,145,0,0,0,145
05/26/2023,MAF,TX,ASW,CE,Combined TRACON& Tower with Radar,55,21,40,0,116,0,0,4,1,5,55,21,44,1,121,12,0,12,133
05/27/2023,MAF,TX,ASW,CE,Combined TRACON& Tower with Radar,41,15,15,1,72,0,0,4,1,5,41,15,19,2,77,0,0,0,77
05/28/2023,MAF,TX,ASW,CE,Combined TRACON& Tower with Radar,36,14,13,20,83,0,0,8,3,11,36,14,21,23,94,0,0,0,94
05/29/2023,MAF,TX,ASW,CE,Combined TRACON& Tower with Radar,54,15,10,2,81,0,0,23,2,25,54,15,33,4,106,4,0,4,110
05/30/2023,MAF,TX,ASW,CE,Combined TRACON& Tower with Radar,49,25,49,41,164,0,2,12,14,28,49,27,61,55,192,22,54,76,268
05/31/2023,MAF,TX,ASW,CE,Combined TRACON& Tower with Radar,50,23,40,26,139,0,1,15,3,19,50,24,55,29,158,6,40,46,204
06/01/2023,MAF,TX,ASW,CE,Combined TRACON& Tower with Radar,56,16,51,16,139,0,0,15,0,15,56,16,66,16,154,0,0,0,154
06/02/2023,MAF,TX,ASW,CE,Combined TRACON& Tower with Radar,56,20,38,19,133,0,0,4,3,7,56,20,42,22,140,0,0,0,140
06/03/2023,MAF,TX,ASW,CE,Combined TRACON& Tower with Radar,30,21,26,0,77,0,1,5,0,6,30,22,31,0,83,0,0,0,83
06/04/2023,MAF,TX,ASW,CE,Combined TRACON& Tower with Radar,36,24,26,1,87,0,0,15,3,18,36,24,41,4,105,0,0,0,105
06/05/2023,MAF,TX,ASW,CE,Combined TRACON& Tower with Radar,55,16,41,20,132,0,0,17,6,23,55,16,58,26,155,14,22,36,191
06/06/2023,MAF,TX,ASW,CE,Combined TRACON& Tower with Radar,50,25,42,41,158,0,3,15,6,24,50,28,57,47,182,8,24,32,214
06/07/2023,MAF,TX,ASW,CE,Combined TRACON& Tower with Radar,51,20,58,17,146,0,0,9,6,15,51,20,67,23,161,6,14,20,181
06/08/2023,MAF,TX,ASW,CE,Combined TRACON& Tower with Radar,50,31,48,32,161,0,8,22,10,40,50,39,70,42,201,0,56,56,257
06/09/2023,MAF,TX,ASW,CE,Combined TRACON& Tower with Radar,54,22,28,30,134,0,0,12,1,13,54,22,40,31,147,0,29,29,176
06/10/2023,MAF,TX,ASW,CE,Combined TRACON& Tower with Radar,35,21,20,2,78,0,0,15,4,19,35,21,35,6,97,8,0,8,105
06/11/2023,MAF,TX,ASW,CE,Combined TRACON& Tower with Radar,39,11,28,12,90,0,1,6,1,8,39,12,34,13,98,0,0,0,98
06/12/2023,MAF,TX,ASW,CE,Combined TRACON& Tower with Radar,49,21,39,69,178,0,0,10,12,22,49,21,49,81,200,0,66,66,266
06/13/2023,MAF,TX,ASW,CE,Combined TRACON& Tower with Radar,48,46,39,31,164,0,3,7,10,20,48,49,46,41,184,0,0,0,184
06/14/2023,MAF,TX,ASW,CE,Combined TRACON& Tower with Radar,51,18,59,20,148,0,0,18,8,26,51,18,77,28,174,0,0,0,174
06/15/2023,MAF,TX,ASW,CE,Combined TRACON& Tower with Radar,54,24,69,8,155,0,1,24,4,29,54,25,93,12,184,0,0,0,184
06/16/2023,MAF,TX,ASW,CE,Combined TRACON& Tower with Radar,52,19,40,19,130,0,0,19,9,28,52,19,59,28,158,0,0,0,158
06/17/2023,MAF,TX,ASW,CE,Combined TRACON& Tower with Radar,38,16,26,2,82,0,0,23,3,26,38,16,49,5,108,6,0,6,114
06/18/2023,MAF,TX,ASW,CE,Combined TRACON& Tower with Radar,40,27,25,1,93,0,2,14,1,17,40,29,39,2,110,6,0,6,116
06/19/2023,MAF,TX,ASW,CE,Combined TRACON& Tower with Radar,50,17,46,0,113,0,0,21,0,21,50,17,67,0,134,6,0,6,140
06/20/2023,MAF,TX,ASW,CE,Combined TRACON& Tower with Radar,53,29,57,21,160,0,0,10,8,18,53,29,67,29,178,0,6,6,184
06/21/2023,MAF,TX,ASW,CE,Combined TRACON& Tower with Radar,55,32,48,6,141,0,0,11,0,11,55,32,59,6,152,0,0,0,152
06/22/2023,MAF,TX,ASW,CE,Combined TRACON& Tower with Radar,51,28,59,2,140,0,0,26,1,27,51,28,85,3,167,0,0,0,167
06/23/2023,MAF,TX,ASW,CE,Combined TRACON& Tower with Radar,51,30,39,6,126,0,0,14,0,14,51,30,53,6,140,0,0,0,140
06/24/2023,MAF,TX,ASW,CE,Combined TRACON& Tower with Radar,31,27,18,0,76,0,0,9,0,9,31,27,27,0,85,6,0,6,91
06/25/2023,MAF,TX,ASW,CE,Combined TRACON& Tower with Radar,41,11,40,0,92,0,0,17,0,17,41,11,57,0,109,0,0,0,109
06/26/2023,MAF,TX,ASW,CE,Combined TRACON& Tower with Radar,50,21,32,4,107,0,1,9,1,11,50,22,41,5,118,0,0,0,118
06/27/2023,MAF,TX,ASW,CE,Combined TRACON& Tower with Radar,53,30,39,4,126,0,1,15,2,18,53,31,54,6,144,6,0,6,150
06/28/2023,MAF,TX,ASW,CE,Combined TRACON& Tower with Radar,52,26,32,8,118,0,3,7,3,13,52,29,39,11,131,0,16,16,147
06/29/2023,MAF,TX,ASW,CE,Combined TRACON& Tower with Radar,52,24,50,20,146,0,0,16,5,21,52,24,66,25,167,0,0,0,167
06/30/2023,MAF,TX,ASW,CE,Combined TRACON& Tower with Radar,56,28,35,8,127,0,0,9,5,14,56,28,44,13,141,0,0,0,141
07/01/2023,MAF,TX,ASW,CE,Combined TRACON& Tower with Radar,35,13,20,0,68,0,0,7,0,7,35,13,27,0,75,10,0,10,85
07/02/2023,MAF,TX,ASW,CE,Combined TRACON& Tower with Radar,36,7,18,1,62,0,0,8,1,9,36,7,26,2,71,0,0,0,71
07/03/2023,MAF,TX,ASW,CE,Combined TRACON& Tower with Radar,45,9,15,1,70,0,0,12,1,13,45,9,27,2,83,0,0,0,83
07/04/2023,MAF,TX,ASW,CE,Combined TRACON& Tower with Radar,43,9,15,2,69,0,0,8,3,11,43,9,23,5,80,6,0,6,86
07/05/2023,MAF,TX,ASW,CE,Combined TRACON& Tower with Radar,49,22,34,32,137,0,0,9,8,17,49,22,43,40,154,0,30,30,184
07/06/2023,MAF,TX,ASW,CE,Combined TRACON& Tower with Radar,50,31,51,46,178,0,3,9,27,39,50,34,60,73,217,0,148,148,365
07/07/2023,MAF,TX,ASW,CE,Combined TRACON& Tower with Radar,55,22,29,24,130,0,0,13,5,18,55,22,42,29,148,0,0,0,148
07/08/2023,MAF,TX,ASW,CE,Combined TRACON& Tower with Radar,35,15,18,0,68,0,1,8,1,10,35,16,26,1,78,0,0,0,78
07/09/2023,MAF,TX,ASW,CE,Combined TRACON& Tower with Radar,38,21,21,19,99,0,0,7,6,13,38,21,28,25,112,0,0,0,112
07/10/2023,MAF,TX,ASW,CE,Combined TRACON& Tower with Radar,52,21,38,21,132,0,0,7,9,16,52,21,45,30,148,18,0,18,166
07/11/2023,MAF,TX,ASW,CE,Combined TRACON& Tower with Radar,54,25,37,17,133,0,0,9,5,14,54,25,46,22,147,0,24,24,171
07/12/2023,MAF,TX,ASW,CE,Combined TRACON& Tower with Radar,54,22,45,8,129,0,0,8,2,10,54,22,53,10,139,0,0,0,139
07/13/2023,MAF,TX,ASW,CE,Combined TRACON& Tower with Radar,56,23,53,8,140,0,0,14,5,19,56,23,67,13,159,0,0,0,159
07/14/2023,MAF,TX,ASW,CE,Combined TRACON& Tower with Radar,52,26,22,3,103,0,0,15,0,15,52,26,37,3,118,0,0,0,118
07/15/2023,MAF,TX,ASW,CE,Combined TRACON& Tower with Radar,35,13,11,6,65,0,1,19,0,20,35,14,30,6,85,0,0,0,85
07/16/2023,MAF,TX,ASW,CE,Combined TRACON& Tower with Radar,37,12,27,3,79,0,1,12,4,17,37,13,39,7,96,0,0,0,96
07/17/2023,MAF,TX,ASW,CE,Combined TRACON& Tower with Radar,56,24,36,28,144,0,1,18,10,29,56,25,54,38,173,20,0,20,193
07/18/2023,MAF,TX,ASW,CE,Combined TRACON& Tower with Radar,52,27,42,9,130,0,1,12,5,18,52,28,54,14,148,0,2,2,150
07/19/2023,MAF,TX,ASW,CE,Combined TRACON& Tower with Radar,56,26,74,18,174,0,0,18,17,35,56,26,92,35,209,0,46,46,255
07/20/2023,MAF,TX,ASW,CE,Combined TRACON& Tower with Radar,52,25,56,9,142,0,0,10,4,14,52,25,66,13,156,0,8,8,164
07/21/2023,MAF,TX,ASW,CE,Combined TRACON& Tower with Radar,52,24,25,14,115,0,0,12,2,14,52,24,37,16,129,14,0,14,143
07/22/2023,MAF,TX,ASW,CE,Combined TRACON& Tower with Radar,33,15,16,0,64,0,0,14,0,14,33,15,30,0,78,0,0,0,78
07/23/2023,MAF,TX,ASW,CE,Combined TRACON& Tower with Radar,42,13,29,3,87,0,0,17,3,20,42,13,46,6,107,0,0,0,107
07/24/2023,MAF,TX,ASW,CE,Combined TRACON& Tower with Radar,52,24,30,9,115,0,1,25,2,28,52,25,55,11,143,0,0,0,143
07/25/2023,MAF,TX,ASW,CE,Combined TRACON& Tower with Radar,50,26,39,8,123,0,0,16,2,18,50,26,55,10,141,6,0,6,147
07/26/2023,MAF,TX,ASW,CE,Combined TRACON& Tower with Radar,53,25,33,2,113,0,0,17,7,24,53,25,50,9,137,8,6,14,151
07/27/2023,MAF,TX,ASW,CE,Combined TRACON& Tower with Radar,57,25,39,16,137,0,2,16,2,20,57,27,55,18,157,2,30,32,189
07/28/2023,MAF,TX,ASW,CE,Combined TRACON& Tower with Radar,53,25,33,7,118,0,1,12,1,14,53,26,45,8,132,2,6,8,140
07/29/2023,MAF,TX,ASW,CE,Combined TRACON& Tower with Radar,37,16,20,0,73,0,0,10,0,10,37,16,30,0,83,10,0,10,93
07/30/2023,MAF,TX,ASW,CE,Combined TRACON& Tower with Radar,42,16,39,3,100,0,0,10,1,11,42,16,49,4,111,8,0,8,119
07/31/2023,MAF,TX,ASW,CE,Combined TRACON& Tower with Radar,57,17,34,9,117,0,0,6,6,12,57,17,40,15,129,0,14,14,143
08/01/2023,MAF,TX,ASW,CE,Combined TRACON& Tower with Radar,56,17,41,12,126,0,0,16,0,16,56,17,57,12,142,12,14,26,168
08/02/2023,MAF,TX,ASW,CE,Combined TRACON& Tower with Radar,60,22,42,17,141,0,0,14,11,25,60,22,56,28,166,8,20,28,194
08/03/2023,MAF,TX,ASW,CE,Combined TRACON& Tower with Radar,56,27,52,15,150,0,0,4,5,9,56,27,56,20,159,0,20,20,179
08/04/2023,MAF,TX,ASW,CE,Combined TRACON& Tower with Radar,55,22,26,8,111,0,0,12,3,15,55,22,38,11,126,6,0,6,132
08/05/2023,MAF,TX,ASW,CE,Combined TRACON& Tower with Radar,34,17,18,3,72,0,2,17,2,21,34,19,35,5,93,0,0,0,93
08/06/2023,MAF,TX,ASW,CE,Combined TRACON& Tower with Radar,46,12,30,3,91,0,0,6,1,7,46,12,36,4,98,0,0,0,98
08/07/2023,MAF,TX,ASW,CE,Combined TRACON& Tower with Radar,59,18,49,12,138,0,2,20,7,29,59,20,69,19,167,0,0,0,167
08/08/2023,MAF,TX,ASW,CE,Combined TRACON& Tower with Radar,56,20,35,15,126,0,1,9,6,16,56,21,44,21,142,0,0,0,142
08/09/2023,MAF,TX,ASW,CE,Combined TRACON& Tower with Radar,59,29,44,13,145,0,3,12,2,17,59,32,56,15,162,14,10,24,186
08/10/2023,MAF,TX,ASW,CE,Combined TRACON& Tower with Radar,58,27,40,18,143,1,3,10,7,21,59,30,50,25,164,0,0,0,164
08/11/2023,MAF,TX,ASW,CE,Combined TRACON& Tower with Radar,56,19,36,8,119,0,1,13,3,17,56,20,49,11,136,0,4,4,140
08/12/2023,MAF,TX,ASW,CE,Combined TRACON& Tower with Radar,32,27,14,1,74,0,0,10,1,11,32,27,24,2,85,0,0,0,85
08/13/2023,MAF,TX,ASW,CE,Combined TRACON& Tower with Radar,43,15,19,2,79,0,0,9,0,9,43,15,28,2,88,0,0,0,88
08/14/2023,MAF,TX,ASW,CE,Combined TRACON& Tower with Radar,54,17,40,2,113,0,0,8,4,12,54,17,48,6,125,10,10,20,145
08/15/2023,MAF,TX,ASW,CE,Combined TRACON& Tower with Radar,55,17,28,6,106,0,0,11,2,13,55,17,39,8,119,0,12,12,131
08/16/2023,MAF,TX,ASW,CE,Combined TRACON& Tower with Radar,57,16,47,4,124,0,2,10,0,12,57,18,57,4,136,0,0,0,136
08/17/2023,MAF,TX,ASW,CE,Combined TRACON& Tower with Radar,59,22,48,13,142,0,0,17,3,20,59,22,65,16,162,0,20,20,182
08/18/2023,MAF,TX,ASW,CE,Combined TRACON& Tower with Radar,56,18,27,4,105,0,0,14,5,19,56,18,41,9,124,0,14,14,138
08/19/2023,MAF,TX,ASW,CE,Combined TRACON& Tower with Radar,35,24,23,11,93,0,0,15,3,18,35,24,38,14,111,0,0,0,111
08/20/2023,MAF,TX,ASW,CE,Combined TRACON& Tower with Radar,52,10,22,7,91,0,0,7,1,8,52,10,29,8,99,0,0,0,99
08/21/2023,MAF,TX,ASW,CE,Combined TRACON& Tower with Radar,58,25,41,6,130,0,0,5,3,8,58,25,46,9,138,0,0,0,138
08/22/2023,MAF,TX,ASW,CE,Combined TRACON& Tower with Radar,53,18,33,8,112,0,0,8,0,8,53,18,41,8,120,0,0,0,120
08/23/2023,MAF,TX,ASW,CE,Combined TRACON& Tower with Radar,57,20,52,11,140,0,0,15,0,15,57,20,67,11,155,12,4,16,171
08/24/2023,MAF,TX,ASW,CE,Combined TRACON& Tower with Radar,55,28,52,39,174,0,0,28,7,35,55,28,80,46,209,12,6,18,227
08/25/2023,MAF,TX,ASW,CE,Combined TRACON& Tower with Radar,53,22,26,27,128,0,2,6,6,14,53,24,32,33,142,0,0,0,142
08/26/2023,MAF,TX,ASW,CE,Combined TRACON& Tower with Radar,37,16,21,14,88,0,0,20,2,22,37,16,41,16,110,0,0,0,110
08/27/2023,MAF,TX,ASW,CE,Combined TRACON& Tower with Radar,55,16,31,0,102,0,0,14,2,16,55,16,45,2,118,0,6,6,124
08/28/2023,MAF,TX,ASW,CE,Combined TRACON& Tower with Radar,55,20,35,5,115,0,2,12,0,14,55,22,47,5,129,4,0,4,133
08/29/2023,MAF,TX,ASW,CE,Combined TRACON& Tower with Radar,56,27,50,15,148,0,0,31,3,34,56,27,81,18,182,0,0,0,182
08/30/2023,MAF,TX,ASW,CE,Combined TRACON& Tower with Radar,57,24,46,11,138,0,1,26,0,27,57,25,72,11,165,6,15,21,186
08/31/2023,MAF,TX,ASW,CE,Combined TRACON& Tower with Radar,58,27,66,12,163,0,0,19,7,26,58,27,85,19,189,30,18,48,237
01/01/2020,MAF,TX,ASW,CE,Combined TRACON& Tower with Radar,47,5,14,0,66,0,0,8,0,8,47,5,22,0,74,0,0,0,74
01/02/2020,MAF,TX,ASW,CE,Combined TRACON& Tower with Radar,50,14,28,2,94,0,2,8,0,10,50,16,36,2,104,4,0,4,108
01/03/2020,MAF,TX,ASW,CE,Combined TRACON& Tower with Radar,52,18,36,5,111,0,0,15,1,16,52,18,51,6,127,8,0,8,135
01/04/2020,MAF,TX,ASW,CE,Combined TRACON& Tower with Radar,37,10,28,2,77,0,0,5,1,6,37,10,33,3,83,25,0,25,108
01/05/2020,MAF,TX,ASW,CE,Combined TRACON& Tower with Radar,47,7,34,2,90,0,0,4,0,4,47,7,38,2,94,0,0,0,94
01/06/2020,MAF,TX,ASW,CE,Combined TRACON& Tower with Radar,48,15,27,12,102,0,0,20,2,22,48,15,47,14,124,0,0,0,124
01/07/2020,MAF,TX,ASW,CE,Combined TRACON& Tower with Radar,51,19,36,9,115,0,0,29,1,30,51,19,65,10,145,0,0,0,145
01/08/2020,MAF,TX,ASW,CE,Combined TRACON& Tower with Radar,54,23,38,7,122,0,0,21,1,22,54,23,59,8,144,0,0,0,144
01/09/2020,MAF,TX,ASW,CE,Combined TRACON& Tower with Radar,54,31,55,71,211,0,0,15,8,23,54,31,70,79,234,0,58,58,292
01/10/2020,MAF,TX,ASW,CE,Combined TRACON& Tower with Radar,52,15,36,115,218,0,0,7,5,12,52,15,43,120,230,0,50,50,280
01/11/2020,MAF,TX,ASW,CE,Combined TRACON& Tower with Radar,31,13,9,0,53,0,2,16,0,18,31,15,25,0,71,8,0,8,79
01/12/2020,MAF,TX,ASW,CE,Combined TRACON& Tower with Radar,50,10,29,4,93,0,0,18,0,18,50,10,47,4,111,13,0,13,124
01/13/2020,MAF,TX,ASW,CE,Combined TRACON& Tower with Radar,51,13,43,31,138,0,0,17,5,22,51,13,60,36,160,14,152,166,326
01/14/2020,MAF,TX,ASW,CE,Combined TRACON& Tower with Radar,48,23,57,34,162,0,0,17,13,30,48,23,74,47,192,0,54,54,246
01/15/2020,MAF,TX,ASW,CE,Combined TRACON& Tower with Radar,51,24,50,14,139,0,0,19,0,19,51,24,69,14,158,4,4,8,166
01/16/2020,MAF,TX,ASW,CE,Combined TRACON& Tower with Radar,50,24,65,0,139,0,0,0,0,0,50,24,65,0,139,0,0,0,139
01/17/2020,MAF,TX,ASW,CE,Combined TRACON& Tower with Radar,59,16,25,12,112,0,0,13,0,13,59,16,38,12,125,6,4,10,135
01/18/2020,MAF,TX,ASW,CE,Combined TRACON& Tower with Radar,24,12,22,2,60,0,0,12,0,12,24,12,34,2,72,0,0,0,72
01/19/2020,MAF,TX,ASW,CE,Combined TRACON& Tower with Radar,40,7,18,8,73,0,0,10,2,12,40,7,28,10,85,0,0,0,85
01/20/2020,MAF,TX,ASW,CE,Combined TRACON& Tower with Radar,51,13,51,3,118,0,0,21,6,27,51,13,72,9,145,14,0,14,159
01/21/2020,MAF,TX,ASW,CE,Combined TRACON& Tower with Radar,50,24,48,23,145,0,0,20,5,25,50,24,68,28,170,0,35,35,205
01/22/2020,MAF,TX,ASW,CE,Combined TRACON& Tower with Radar,54,23,40,31,148,0,0,20,14,34,54,23,60,45,182,0,0,0,182
01/23/2020,MAF,TX,ASW,CE,Combined TRACON& Tower with Radar,54,26,52,12,144,0,0,26,6,32,54,26,78,18,176,28,14,42,218
01/24/2020,MAF,TX,ASW,CE,Combined TRACON& Tower with Radar,52,16,49,45,162,0,0,19,2,21,52,16,68,47,183,14,12,26,209
01/25/2020,MAF,TX,ASW,CE,Combined TRACON& Tower with Radar,31,7,14,10,62,0,0,19,0,19,31,7,33,10,81,4,0,4,85
01/26/2020,MAF,TX,ASW,CE,Combined TRACON& Tower with Radar,46,12,31,15,104,0,1,34,3,38,46,13,65,18,142,14,0,14,156
01/27/2020,MAF,TX,ASW,CE,Combined TRACON& Tower with Radar,48,12,37,8,105,0,0,19,2,21,48,12,56,10,126,0,0,0,126
01/28/2020,MAF,TX,ASW,CE,Combined TRACON& Tower with Radar,50,21,55,34,160,0,2,5,15,22,50,23,60,49,182,2,40,42,224
01/29/2020,MAF,TX,ASW,CE,Combined TRACON& Tower with Radar,51,20,73,18,162,0,0,39,8,47,51,20,112,26,209,10,42,52,261
01/30/2020,MAF,TX,ASW,CE,Combined TRACON& Tower with Radar,52,21,55,22,150,0,0,13,0,13,52,21,68,22,163,14,36,50,213
01/31/2020,MAF,TX,ASW,CE,Combined TRACON& Tower with Radar,52,17,40,3,112,0,2,22,1,25,52,19,62,4,137,8,0,8,145
02/01/2020,MAF,TX,ASW,CE,Combined TRACON& Tower with Radar,29,14,12,2,57,0,0,26,3,29,29,14,38,5,86,36,0,36,122
02/02/2020,MAF,TX,ASW,CE,Combined TRACON& Tower with Radar,45,9,24,1,79,0,1,10,1,12,45,10,34,2,91,28,0,28,119
02/03/2020,MAF,TX,ASW,CE,Combined TRACON& Tower with Radar,50,20,50,8,128,0,0,14,3,17,50,20,64,11,145,0,32,32,177
02/04/2020,MAF,TX,ASW,CE,Combined TRACON& Tower with Radar,44,27,56,15,142,0,0,0,0,0,44,27,56,15,142,0,0,0,142
02/05/2020,MAF,TX,ASW,CE,Combined TRACON& Tower with Radar,0,0,4,0,4,0,0,0,0,0,0,0,4,0,4,0,0,0,4
02/06/2020,MAF,TX,ASW,CE,Combined TRACON& Tower with Radar,40,30,40,4,114,0,0,16,2,18,40,30,56,6,132,0,4,4,136
02/07/2020,MAF,TX,ASW,CE,Combined TRACON& Tower with Radar,49,24,42,11,126,0,0,33,1,34,49,24,75,12,160,0,0,0,160
02/08/2020,MAF,TX,ASW,CE,Combined TRACON& Tower with Radar,31,9,18,22,80,0,0,33,1,34,31,9,51,23,114,34,0,34,148
02/09/2020,MAF,TX,ASW,CE,Combined TRACON& Tower with Radar,46,10,19,25,100,0,0,15,2,17,46,10,34,27,117,0,0,0,117
02/10/2020,MAF,TX,ASW,CE,Combined TRACON& Tower with Radar,53,20,29,21,123,0,0,11,0,11,53,20,40,21,134,0,0,0,134
02/11/2020,MAF,TX,ASW,CE,Combined TRACON& Tower with Radar,52,20,27,3,102,0,0,0,0,0,52,20,27,3,102,0,0,0,102
02/12/2020,MAF,TX,ASW,CE,Combined TRACON& Tower with Radar,54,19,42,32,147,0,1,9,9,19,54,20,51,41,166,0,42,42,208
02/13/2020,MAF,TX,ASW,CE,Combined TRACON& Tower with Radar,52,15,77,29,173,0,0,30,8,38,52,15,107,37,211,14,18,32,243
02/14/2020,MAF,TX,ASW,CE,Combined TRACON& Tower with Radar,56,19,28,8,111,0,0,12,2,14,56,19,40,10,125,0,0,0,125
02/15/2020,MAF,TX,ASW,CE,Combined TRACON& Tower with Radar,32,7,13,6,58,0,0,17,0,17,32,7,30,6,75,36,0,36,111
02/16/2020,MAF,TX,ASW,CE,Combined TRACON& Tower with Radar,48,6,25,5,84,0,1,29,1,31,48,7,54,6,115,7,0,7,122
02/17/2020,MAF,TX,ASW,CE,Combined TRACON& Tower with Radar,52,13,52,2,119,0,0,26,0,26,52,13,78,2,145,0,0,0,145
02/18/2020,MAF,TX,ASW,CE,Combined TRACON& Tower with Radar,54,18,70,21,163,0,0,10,3,13,54,18,80,24,176,0,8,8,184
02/19/2020,MAF,TX,ASW,CE,Combined TRACON& Tower with Radar,57,20,62,50,189,0,0,10,0,10,57,20,72,50,199,8,13,21,220
02/20/2020,MAF,TX,ASW,CE,Combined TRACON& Tower with Radar,52,26,53,2,133,0,0,11,0,11,52,26,64,2,144,0,0,0,144
02/21/2020,MAF,TX,ASW,CE,Combined TRACON& Tower with Radar,59,26,32,27,144,0,1,25,2,28,59,27,57,29,172,0,68,68,240
02/22/2020,MAF,TX,ASW,CE,Combined TRACON& Tower with Radar,34,10,16,0,60,0,0,26,0,26,34,10,42,0,86,74,0,74,160
02/23/2020,MAF,TX,ASW,CE,Combined TRACON& Tower with Radar,49,6,39,7,101,0,0,6,0,6,49,6,45,7,107,16,6,22,129
02/24/2020,MAF,TX,ASW,CE,Combined TRACON& Tower with Radar,53,11,33,17,114,0,0,23,6,29,53,11,56,23,143,0,0,0,143
02/25/2020,MAF,TX,ASW,CE,Combined TRACON& Tower with Radar,54,20,52,8,134,0,0,33,1,34,54,20,85,9,168,0,16,16,184
02/26/2020,MAF,TX,ASW,CE,Combined TRACON& Tower with Radar,58,20,49,17,144,0,0,38,5,43,58,20,87,22,187,0,0,0,187
02/27/2020,MAF,TX,ASW,CE,Combined TRACON& Tower with Radar,55,18,76,20,169,0,0,41,9,50,55,18,117,29,219,30,25,55,274
02/28/2020,MAF,TX,ASW,CE,Combined TRACON& Tower with Radar,57,21,30,23,131,0,0,38,4,42,57,21,68,27,173,12,0,12,185
02/29/2020,MAF,TX,ASW,CE,Combined TRACON& Tower with Radar,32,7,16,1,56,0,0,19,0,19,32,7,35,1,75,14,0,14,89
03/01/2020,MAF,TX,ASW,CE,Combined TRACON& Tower with Radar,50,13,31,0,94,0,0,8,0,8,50,13,39,0,102,6,0,6,108
03/02/2020,MAF,TX,ASW,CE,Combined TRACON& Tower with Radar,53,14,42,22,131,0,0,24,6,30,53,14,66,28,161,13,15,28,189
03/03/2020,MAF,TX,ASW,CE,Combined TRACON& Tower with Radar,54,20,48,4,126,0,0,6,0,6,54,20,54,4,132,10,0,10,142
03/04/2020,MAF,TX,ASW,CE,Combined TRACON& Tower with Radar,54,24,43,2,123,0,0,1,0,1,54,24,44,2,124,0,0,0,124
03/05/2020,MAF,TX,ASW,CE,Combined TRACON& Tower with Radar,57,21,47,2,127,0,1,55,1,57,57,22,102,3,184,33,0,33,217
03/06/2020,MAF,TX,ASW,CE,Combined TRACON& Tower with Radar,57,17,28,22,124,0,1,28,4,33,57,18,56,26,157,4,0,4,161
03/07/2020,MAF,TX,ASW,CE,Combined TRACON& Tower with Radar,34,17,17,4,72,0,0,8,3,11,34,17,25,7,83,10,0,10,93
03/08/2020,MAF,TX,ASW,CE,Combined TRACON& Tower with Radar,48,5,14,14,81,0,0,8,0,8,48,5,22,14,89,0,0,0,89
03/09/2020,MAF,TX,ASW,CE,Combined TRACON& Tower with Radar,53,9,36,20,118,0,0,27,1,28,53,9,63,21,146,0,0,0,146
03/10/2020,MAF,TX,ASW,CE,Combined TRACON& Tower with Radar,51,29,56,10,146,0,0,21,2,23,51,29,77,12,169,6,38,44,213
03/11/2020,MAF,TX,ASW,CE,Combined TRACON& Tower with Radar,51,17,41,6,115,0,0,25,2,27,51,17,66,8,142,10,42,52,194
03/12/2020,MAF,TX,ASW,CE,Combined TRACON& Tower with Radar,57,17,46,1,121,0,0,29,0,29,57,17,75,1,150,0,0,0,150
03/13/2020,MAF,TX,ASW,CE,Combined TRACON& Tower with Radar,51,23,33,15,122,0,0,0,0,0,51,23,33,15,122,0,0,0,122
03/14/2020,MAF,TX,ASW,CE,Combined TRACON& Tower with Radar,39,28,39,2,108,0,1,26,4,31,39,29,65,6,139,0,0,0,139
03/15/2020,MAF,TX,ASW,CE,Combined TRACON& Tower with Radar,47,15,38,0,100,0,0,0,0,0,47,15,38,0,100,0,0,0,100
03/16/2020,MAF,TX,ASW,CE,Combined TRACON& Tower with Radar,47,18,20,12,97,0,2,6,0,8,47,20,26,12,105,0,0,0,105
03/17/2020,MAF,TX,ASW,CE,Combined TRACON& Tower with Radar,47,20,31,25,123,0,2,12,1,15,47,22,43,26,138,0,0,0,138
03/18/2020,MAF,TX,ASW,CE,Combined TRACON& Tower with Radar,47,19,18,13,97,0,0,22,0,22,47,19,40,13,119,0,35,35,154
03/19/2020,MAF,TX,ASW,CE,Combined TRACON& Tower with Radar,46,14,13,44,117,0,0,21,13,34,46,14,34,57,151,0,118,118,269
03/20/2020,MAF,TX,ASW,CE,Combined TRACON& Tower with Radar,49,13,19,10,91,0,0,27,2,29,49,13,46,12,120,34,4,38,158
03/21/2020,MAF,TX,ASW,CE,Combined TRACON& Tower with Radar,33,5,7,4,49,0,0,0,0,0,33,5,7,4,49,0,0,0,49
03/22/2020,MAF,TX,ASW,CE,Combined TRACON& Tower with Radar,41,2,9,4,56,0,0,8,2,10,41,2,17,6,66,22,0,22,88
03/23/2020,MAF,TX,ASW,CE,Combined TRACON& Tower with Radar,36,7,10,31,84,0,0,15,2,17,36,7,25,33,101,8,62,70,171
03/24/2020,MAF,TX,ASW,CE,Combined TRACON& Tower with Radar,36,11,20,6,73,0,0,29,7,36,36,11,49,13,109,50,16,66,175
03/25/2020,MAF,TX,ASW,CE,Combined TRACON& Tower with Radar,42,9,14,6,71,0,0,27,3,30,42,9,41,9,101,12,0,12,113
03/26/2020,MAF,TX,ASW,CE,Combined TRACON& Tower with Radar,37,9,13,1,60,0,0,34,5,39,37,9,47,6,99,6,0,6,105
03/27/2020,MAF,TX,ASW,CE,Combined TRACON& Tower with Radar,28,9,8,18,63,0,1,16,2,19,28,10,24,20,82,15,90,105,187
03/28/2020,MAF,TX,ASW,CE,Combined TRACON& Tower with Radar,16,3,6,0,25,0,0,10,0,10,16,3,16,0,35,0,0,0,35
03/29/2020,MAF,TX,ASW,CE,Combined TRACON& Tower with Radar,22,3,15,4,44,0,0,15,2,17,22,3,30,6,61,2,0,2,63
03/30/2020,MAF,TX,ASW,CE,Combined TRACON& Tower with Radar,31,4,3,17,55,0,0,11,3,14,31,4,14,20,69,0,11,11,80
03/31/2020,MAF,TX,ASW,CE,Combined TRACON& Tower with Radar,38,14,28,21,101,0,0,32,2,34,38,14,60,23,135,60,43,103,238
04/01/2020,MAF,TX,ASW,CE,Combined TRACON& Tower with Radar,28,11,15,38,92,0,0,16,5,21,28,11,31,43,113,10,0,10,123
04/02/2020,MAF,TX,ASW,CE,Combined TRACON& Tower with Radar,26,8,4,16,54,0,1,12,2,15,26,9,16,18,69,0,100,100,169
04/03/2020,MAF,TX,ASW,CE,Combined TRACON& Tower with Radar,22,7,5,0,34,0,0,8,0,8,22,7,13,0,42,0,0,0,42
04/04/2020,MAF,TX,ASW,CE,Combined TRACON& Tower with Radar,19,4,2,38,63,0,0,0,0,0,19,4,2,38,63,0,0,0,63
04/05/2020,MAF,TX,ASW,CE,Combined TRACON& Tower with Radar,16,2,3,14,35,0,0,10,3,13,16,2,13,17,48,0,0,0,48
04/06/2020,MAF,TX,ASW,CE,Combined TRACON& Tower with Radar,18,4,5,29,56,0,0,7,0,7,18,4,12,29,63,12,2,14,77
04/07/2020,MAF,TX,ASW,CE,Combined TRACON& Tower with Radar,25,7,12,20,64,0,1,21,3,25,25,8,33,23,89,28,10,38,127
04/08/2020,MAF,TX,ASW,CE,Combined TRACON& Tower with Radar,24,17,29,17,87,0,1,23,5,29,24,18,52,22,116,20,28,48,164
04/09/2020,MAF,TX,ASW,CE,Combined TRACON& Tower with Radar,19,7,10,41,77,0,0,20,9,29,19,7,30,50,106,42,130,172,278
04/10/2020,MAF,TX,ASW,CE,Combined TRACON& Tower with Radar,22,8,9,0,39,0,0,9,0,9,22,8,18,0,48,0,0,0,48
04/11/2020,MAF,TX,ASW,CE,Combined TRACON& Tower with Radar,15,4,3,21,43,0,0,4,0,4,15,4,7,21,47,8,33,41,88
04/12/2020,MAF,TX,ASW,CE,Combined TRACON& Tower with Radar,17,3,3,0,23,0,0,7,0,7,17,3,10,0,30,16,0,16,46
04/13/2020,MAF,TX,ASW,CE,Combined TRACON& Tower with Radar,19,3,18,7,47,0,0,18,2,20,19,3,36,9,67,8,16,24,91
04/14/2020,MAF,TX,ASW,CE,Combined TRACON& Tower with Radar,19,10,11,7,47,0,0,20,0,20,19,10,31,7,67,18,0,18,85
04/15/2020,MAF,TX,ASW,CE,Combined TRACON& Tower with Radar,16,6,13,28,63,0,1,26,7,34,16,7,39,35,97,34,48,82,179
04/16/2020,MAF,TX,ASW,CE,Combined TRACON& Tower with Radar,16,7,22,3,48,0,0,27,3,30,16,7,49,6,78,20,0,20,98
04/17/2020,MAF,TX,ASW,CE,Combined TRACON& Tower with Radar,16,9,22,12,59,0,0,9,2,11,16,9,31,14,70,34,12,46,116
04/18/2020,MAF,TX,ASW,CE,Combined TRACON& Tower with Radar,15,4,15,29,63,0,0,14,3,17,15,4,29,32,80,12,0,12,92
04/19/2020,MAF,TX,ASW,CE,Combined TRACON& Tower with Radar,10,2,9,0,21,0,0,9,0,9,10,2,18,0,30,4,0,4,34
04/20/2020,MAF,TX,ASW,CE,Combined TRACON& Tower with Radar,13,5,12,12,42,0,0,33,6,39,13,5,45,18,81,25,18,43,124
04/21/2020,MAF,TX,ASW,CE,Combined TRACON& Tower with Radar,17,9,18,41,85,0,0,27,9,36,17,9,45,50,121,52,55,107,228
04/22/2020,MAF,TX,ASW,CE,Combined TRACON& Tower with Radar,16,7,29,27,79,0,0,14,7,21,16,7,43,34,100,12,62,74,174
04/23/2020,MAF,TX,ASW,CE,Combined TRACON& Tower with Radar,16,7,16,12,51,0,0,23,2,25,16,7,39,14,76,6,19,25,101
04/24/2020,MAF,TX,ASW,CE,Combined TRACON& Tower with Radar,14,5,8,6,33,0,0,23,2,25,14,5,31,8,58,22,12,34,92
04/25/2020,MAF,TX,ASW,CE,Combined TRACON& Tower with Radar,16,1,2,8,27,0,0,13,4,17,16,1,15,12,44,2,34,36,80
04/26/2020,MAF,TX,ASW,CE,Combined TRACON& Tower with Radar,12,2,7,0,21,0,0,16,0,16,12,2,23,0,37,0,0,0,37
04/27/2020,MAF,TX,ASW,CE,Combined TRACON& Tower with Radar,13,4,16,5,38,0,0,26,3,29,13,4,42,8,67,0,4,4,71
04/28/2020,MAF,TX,ASW,CE,Combined TRACON& Tower with Radar,15,8,10,15,48,0,0,19,0,19,15,8,29,15,67,26,10,36,103
04/29/2020,MAF,TX,ASW,CE,Combined TRACON& Tower with Radar,15,8,18,15,56,0,0,25,1,26,15,8,43,16,82,14,20,34,116
04/30/2020,MAF,TX,ASW,CE,Combined TRACON& Tower with Radar,21,9,38,7,75,0,0,30,1,31,21,9,68,8,106,38,0,38,144
05/01/2020,MAF,TX,ASW,CE,Combined TRACON& Tower with Radar,13,8,11,7,39,0,0,18,0,18,13,8,29,7,57,28,0,28,85
05/02/2020,MAF,TX,ASW,CE,Combined TRACON& Tower with Radar,15,4,4,5,28,0,0,20,0,20,15,4,24,5,48,0,0,0,48
05/03/2020,MAF,TX,ASW,CE,Combined TRACON& Tower with Radar,14,3,8,0,25,0,2,13,0,15,14,5,21,0,40,0,0,0,40
05/04/2020,MAF,TX,ASW,CE,Combined TRACON& Tower with Radar,16,8,24,3,51,0,0,27,1,28,16,8,51,4,79,26,0,26,105
05/05/2020,MAF,TX,ASW,CE,Combined TRACON& Tower with Radar,17,9,18,19,63,0,2,14,1,17,17,11,32,20,80,0,2,2,82
05/06/2020,MAF,TX,ASW,CE,Combined TRACON& Tower with Radar,17,14,41,13,85,0,5,30,3,38,17,19,71,16,123,15,76,91,214
05/07/2020,MAF,TX,ASW,CE,Combined TRACON& Tower with Radar,18,13,31,2,64,0,0,21,0,21,18,13,52,2,85,22,0,22,107
05/08/2020,MAF,TX,ASW,CE,Combined TRACON& Tower with Radar,19,11,13,2,45,0,0,12,0,12,19,11,25,2,57,4,0,4,61
05/09/2020,MAF,TX,ASW,CE,Combined TRACON& Tower with Radar,17,5,12,26,60,0,0,28,4,32,17,5,40,30,92,44,16,60,152
05/10/2020,MAF,TX,ASW,CE,Combined TRACON& Tower with Radar,18,2,15,0,35,0,0,9,0,9,18,2,24,0,44,34,0,34,78
05/11/2020,MAF,TX,ASW,CE,Combined TRACON& Tower with Radar,19,7,19,3,48,0,0,11,0,11,19,7,30,3,59,16,0,16,75
05/12/2020,MAF,TX,ASW,CE,Combined TRACON& Tower with Radar,18,11,16,23,68,0,0,33,0,33,18,11,49,23,101,8,32,40,141
05/13/2020,MAF,TX,ASW,CE,Combined TRACON& Tower with Radar,20,12,36,1,69,0,0,24,3,27,20,12,60,4,96,12,0,12,108
05/14/2020,MAF,TX,ASW,CE,Combined TRACON& Tower with Radar,22,11,31,4,68,0,0,27,2,29,22,11,58,6,97,20,0,20,117
05/15/2020,MAF,TX,ASW,CE,Combined TRACON& Tower with Radar,20,18,19,20,77,0,2,16,6,24,20,20,35,26,101,20,38,58,159
05/16/2020,MAF,TX,ASW,CE,Combined TRACON& Tower with Radar,17,3,23,24,67,0,0,23,3,26,17,3,46,27,93,10,4,14,107
05/17/2020,MAF,TX,ASW,CE,Combined TRACON& Tower with Radar,16,4,23,6,49,0,0,19,1,20,16,4,42,7,69,4,0,4,73
05/18/2020,MAF,TX,ASW,CE,Combined TRACON& Tower with Radar,19,7,21,38,85,0,0,40,1,41,19,7,61,39,126,8,28,36,162
05/19/2020,MAF,TX,ASW,CE,Combined TRACON& Tower with Radar,18,17,21,8,64,0,0,32,1,33,18,17,53,9,97,44,0,44,141
05/20/2020,MAF,TX,ASW,CE,Combined TRACON& Tower with Radar,22,12,45,5,84,0,0,29,1,30,22,12,74,6,114,12,0,12,126
05/21/2020,MAF,TX,ASW,CE,Combined TRACON& Tower with Radar,20,12,34,0,66,0,0,15,1,16,20,12,49,1,82,46,0,46,128
05/22/2020,MAF,TX,ASW,CE,Combined TRACON& Tower with Radar,20,9,34,0,63,0,0,17,0,17,20,9,51,0,80,0,0,0,80
05/23/2020,MAF,TX,ASW,CE,Combined TRACON& Tower with Radar,17,3,12,0,32,0,0,13,0,13,17,3,25,0,45,6,0,6,51
05/24/2020,MAF,TX,ASW,CE,Combined TRACON& Tower with Radar,17,0,13,0,30,0,0,6,0,6,17,0,19,0,36,0,0,0,36
05/25/2020,MAF,TX,ASW,CE,Combined TRACON& Tower with Radar,18,3,38,0,59,0,0,6,0,6,18,3,44,0,65,10,0,10,75
05/26/2020,MAF,TX,ASW,CE,Combined TRACON& Tower with Radar,21,9,40,18,88,0,0,38,13,51,21,9,78,31,139,44,0,44,183
05/27/2020,MAF,TX,ASW,CE,Combined TRACON& Tower with Radar,20,9,38,43,110,0,0,22,6,28,20,9,60,49,138,14,52,66,204
05/28/2020,MAF,TX,ASW,CE,Combined TRACON& Tower with Radar,22,11,43,20,96,0,0,31,12,43,22,11,74,32,139,68,68,136,275
05/29/2020,MAF,TX,ASW,CE,Combined TRACON& Tower with Radar,20,10,33,8,71,0,2,41,2,45,20,12,74,10,116,42,40,82,198
05/30/2020,MAF,TX,ASW,CE,Combined TRACON& Tower with Radar,17,2,18,0,37,0,0,18,0,18,17,2,36,0,55,8,0,8,63
05/31/2020,MAF,TX,ASW,CE,Combined TRACON& Tower with Radar,18,6,33,1,58,0,0,27,1,28,18,6,60,2,86,12,0,12,98
06/01/2020,MAF,TX,ASW,CE,Combined TRACON& Tower with Radar,21,6,18,35,80,0,0,10,4,14,21,6,28,39,94,0,120,120,214
06/02/2020,MAF,TX,ASW,CE,Combined TRACON& Tower with Radar,18,20,23,54,115,0,0,32,11,43,18,20,55,65,158,15,26,41,199
06/03/2020,MAF,TX,ASW,CE,Combined TRACON& Tower with Radar,19,19,36,62,136,0,0,37,7,44,19,19,73,69,180,36,70,106,286
06/04/2020,MAF,TX,ASW,CE,Combined TRACON& Tower with Radar,19,13,27,14,73,0,0,25,12,37,19,13,52,26,110,8,74,82,192
06/05/2020,MAF,TX,ASW,CE,Combined TRACON& Tower with Radar,17,12,25,55,109,0,1,23,4,28,17,13,48,59,137,0,34,34,171
06/06/2020,MAF,TX,ASW,CE,Combined TRACON& Tower with Radar,15,5,15,10,45,0,0,26,2,28,15,5,41,12,73,26,8,34,107
06/07/2020,MAF,TX,ASW,CE,Combined TRACON& Tower with Radar,18,5,29,9,61,0,0,10,1,11,18,5,39,10,72,22,0,22,94
06/08/2020,MAF,TX,ASW,CE,Combined TRACON& Tower with Radar,21,4,25,44,94,0,5,25,14,44,21,9,50,58,138,52,26,78,216
06/09/2020,MAF,TX,ASW,CE,Combined TRACON& Tower with Radar,20,10,27,44,101,0,0,17,2,19,20,10,44,46,120,8,12,20,140
06/10/2020,MAF,TX,ASW,CE,Combined TRACON& Tower with Radar,20,12,48,56,136,0,0,40,15,55,20,12,88,71,191,44,64,108,299
06/11/2020,MAF,TX,ASW,CE,Combined TRACON& Tower with Radar,20,12,34,35,101,0,0,25,8,33,20,12,59,43,134,0,35,35,169
06/12/2020,MAF,TX,ASW,CE,Combined TRACON& Tower with Radar,22,9,19,70,120,0,1,33,9,43,22,10,52,79,163,20,80,100,263
06/13/2020,MAF,TX,ASW,CE,Combined TRACON& Tower with Radar,19,5,17,12,53,0,0,14,8,22,19,5,31,20,75,4,4,8,83
06/14/2020,MAF,TX,ASW,CE,Combined TRACON& Tower with Radar,22,6,26,2,56,0,0,22,1,23,22,6,48,3,79,20,0,20,99
06/15/2020,MAF,TX,ASW,CE,Combined TRACON& Tower with Radar,23,3,40,27,93,0,0,16,7,23,23,3,56,34,116,22,18,40,156
06/16/2020,MAF,TX,ASW,CE,Combined TRACON& Tower with Radar,22,9,40,38,109,0,1,31,13,45,22,10,71,51,154,0,96,96,250
06/17/2020,MAF,TX,ASW,CE,Combined TRACON& Tower with Radar,24,15,34,26,99,0,0,26,17,43,24,15,60,43,142,8,56,64,206
06/18/2020,MAF,TX,ASW,CE,Combined TRACON& Tower with Radar,26,19,38,39,122,0,0,22,6,28,26,19,60,45,150,12,70,82,232
06/19/2020,MAF,TX,ASW,CE,Combined TRACON& Tower with Radar,24,18,18,58,118,0,0,18,11,29,24,18,36,69,147,0,176,176,323
06/20/2020,MAF,TX,ASW,CE,Combined TRACON& Tower with Radar,21,5,21,2,49,0,0,14,0,14,21,5,35,2,63,0,0,0,63
06/21/2020,MAF,TX,ASW,CE,Combined TRACON& Tower with Radar,24,1,21,0,46,0,1,20,0,21,24,2,41,0,67,6,0,6,73
06/22/2020,MAF,TX,ASW,CE,Combined TRACON& Tower with Radar,23,9,30,14,76,0,0,24,3,27,23,9,54,17,103,0,0,0,103
06/23/2020,MAF,TX,ASW,CE,Combined TRACON& Tower with Radar,22,12,25,29,88,0,0,21,6,27,22,12,46,35,115,4,32,36,151
06/24/2020,MAF,TX,ASW,CE,Combined TRACON& Tower with Radar,22,15,33,25,95,0,0,30,6,36,22,15,63,31,131,10,2,12,143
06/25/2020,MAF,TX,ASW,CE,Combined TRACON& Tower with Radar,28,8,40,62,138,0,0,43,16,59,28,8,83,78,197,2,94,96,293
06/26/2020,MAF,TX,ASW,CE,Combined TRACON& Tower with Radar,26,14,42,47,129,0,0,24,32,56,26,14,66,79,185,14,200,214,399
06/27/2020,MAF,TX,ASW,CE,Combined TRACON& Tower with Radar,21,5,17,1,44,0,0,13,1,14,21,5,30,2,58,0,0,0,58
06/28/2020,MAF,TX,ASW,CE,Combined TRACON& Tower with Radar,21,2,28,1,52,0,0,11,1,12,21,2,39,2,64,0,0,0,64
06/29/2020,MAF,TX,ASW,CE,Combined TRACON& Tower with Radar,23,9,12,17,61,0,0,28,4,32,23,9,40,21,93,20,46,66,159
06/30/2020,MAF,TX,ASW,CE,Combined TRACON& Tower with Radar,24,8,23,20,75,0,1,21,3,25,24,9,44,23,100,16,48,64,164
07/01/2020,MAF,TX,ASW,CE,Combined TRACON& Tower with Radar,24,12,50,27,113,0,0,24,6,30,24,12,74,33,143,20,42,62,205
07/02/2020,MAF,TX,ASW,CE,Combined TRACON& Tower with Radar,23,8,37,17,85,0,0,25,0,25,23,8,62,17,110,26,46,72,182
07/03/2020,MAF,TX,ASW,CE,Combined TRACON& Tower with Radar,24,9,21,2,56,0,0,17,0,17,24,9,38,2,73,16,0,16,89
07/04/2020,MAF,TX,ASW,CE,Combined TRACON& Tower with Radar,18,3,9,2,32,0,0,10,2,12,18,3,19,4,44,10,0,10,54
07/05/2020,MAF,TX,ASW,CE,Combined TRACON& Tower with Radar,21,3,27,0,51,0,0,10,0,10,21,3,37,0,61,0,0,0,61
07/06/2020,MAF,TX,ASW,CE,Combined TRACON& Tower with Radar,27,5,30,0,62,0,0,13,0,13,27,5,43,0,75,0,0,0,75
07/07/2020,MAF,TX,ASW,CE,Combined TRACON& Tower with Radar,28,13,23,17,81,0,1,34,10,45,28,14,57,27,126,4,50,54,180
07/08/2020,MAF,TX,ASW,CE,Combined TRACON& Tower with Radar,29,10,39,12,90,0,2,44,3,49,29,12,83,15,139,30,34,64,203
07/09/2020,MAF,TX,ASW,CE,Combined TRACON& Tower with Radar,31,17,26,26,100,0,0,25,1,26,31,17,51,27,126,0,0,0,126
07/10/2020,MAF,TX,ASW,CE,Combined TRACON& Tower with Radar,33,17,27,20,97,0,0,18,2,20,33,17,45,22,117,6,64,70,187
07/11/2020,MAF,TX,ASW,CE,Combined TRACON& Tower with Radar,25,11,17,14,67,0,0,10,0,10,25,11,27,14,77,0,0,0,77
07/12/2020,MAF,TX,ASW,CE,Combined TRACON& Tower with Radar,30,10,14,4,58,0,0,15,0,15,30,10,29,4,73,0,0,0,73
07/13/2020,MAF,TX,ASW,CE,Combined TRACON& Tower with Radar,29,12,28,4,73,0,0,19,0,19,29,12,47,4,92,24,0,24,116
07/14/2020,MAF,TX,ASW,CE,Combined TRACON& Tower with Radar,30,18,22,7,77,0,0,23,0,23,30,18,45,7,100,0,4,4,104
07/15/2020,MAF,TX,ASW,CE,Combined TRACON& Tower with Radar,32,13,41,13,99,0,0,28,6,34,32,13,69,19,133,0,34,34,167
07/16/2020,MAF,TX,ASW,CE,Combined TRACON& Tower with Radar,29,16,43,13,101,0,0,34,4,38,29,16,77,17,139,48,42,90,229
07/17/2020,MAF,TX,ASW,CE,Combined TRACON& Tower with Radar,33,16,26,12,87,0,0,22,10,32,33,16,48,22,119,6,60,66,185
07/18/2020,MAF,TX,ASW,CE,Combined TRACON& Tower with Radar,25,12,14,0,51,0,0,14,0,14,25,12,28,0,65,12,6,18,83
07/19/2020,MAF,TX,ASW,CE,Combined TRACON& Tower with Radar,28,11,18,4,61,0,0,7,0,7,28,11,25,4,68,20,0,20,88
07/20/2020,MAF,TX,ASW,CE,Combined TRACON& Tower with Radar,29,12,30,9,80,0,0,21,5,26,29,12,51,14,106,14,0,14,120
07/21/2020,MAF,TX,ASW,CE,Combined TRACON& Tower with Radar,31,12,37,26,106,0,1,25,16,42,31,13,62,42,148,0,0,0,148
07/22/2020,MAF,TX,ASW,CE,Combined TRACON& Tower with Radar,31,15,32,33,111,0,0,27,9,36,31,15,59,42,147,0,66,66,213
07/23/2020,MAF,TX,ASW,CE,Combined TRACON& Tower with Radar,30,24,29,61,144,0,0,31,12,43,30,24,60,73,187,24,66,90,277
07/24/2020,MAF,TX,ASW,CE,Combined TRACON& Tower with Radar,32,13,18,40,103,0,0,21,5,26,32,13,39,45,129,20,34,54,183
07/25/2020,MAF,TX,ASW,CE,Combined TRACON& Tower with Radar,25,7,21,18,71,0,0,19,2,21,25,7,40,20,92,6,4,10,102
07/26/2020,MAF,TX,ASW,CE,Combined TRACON& Tower with Radar,28,11,24,5,68,0,0,17,1,18,28,11,41,6,86,0,0,0,86
07/27/2020,MAF,TX,ASW,CE,Combined TRACON& Tower with Radar,29,10,22,50,111,0,1,26,1,28,29,11,48,51,139,26,10,36,175
07/28/2020,MAF,TX,ASW,CE,Combined TRACON& Tower with Radar,29,17,17,27,90,0,2,25,4,31,29,19,42,31,121,44,20,64,185
07/29/2020,MAF,TX,ASW,CE,Combined TRACON& Tower with Radar,29,15,32,4,80,0,0,15,0,15,29,15,47,4,95,20,0,20,115
07/30/2020,MAF,TX,ASW,CE,Combined TRACON& Tower with Radar,28,22,31,34,115,0,0,49,1,50,28,22,80,35,165,0,51,51,216
07/31/2020,MAF,TX,ASW,CE,Combined TRACON& Tower with Radar,28,15,31,11,85,0,0,27,3,30,28,15,58,14,115,22,43,65,180
08/01/2020,MAF,TX,ASW,CE,Combined TRACON& Tower with Radar,27,11,17,5,60,0,0,16,3,19,27,11,33,8,79,4,0,4,83
08/02/2020,MAF,TX,ASW,CE,Combined TRACON& Tower with Radar,26,13,21,7,67,0,0,10,0,10,26,13,31,7,77,0,0,0,77
08/03/2020,MAF,TX,ASW,CE,Combined TRACON& Tower with Radar,25,14,19,8,66,0,0,17,3,20,25,14,36,11,86,60,0,60,146
08/04/2020,MAF,TX,ASW,CE,Combined TRACON& Tower with Radar,27,13,26,3,69,0,0,18,1,19,27,13,44,4,88,52,0,52,140
08/05/2020,MAF,TX,ASW,CE,Combined TRACON& Tower with Radar,27,20,25,11,83,0,0,44,2,46,27,20,69,13,129,100,4,104,233
08/06/2020,MAF,TX,ASW,CE,Combined TRACON& Tower with Radar,28,26,24,27,105,0,0,34,11,45,28,26,58,38,150,56,52,108,258
08/07/2020,MAF,TX,ASW,CE,Combined TRACON& Tower with Radar,28,20,38,35,121,0,0,34,4,38,28,20,72,39,159,70,46,116,275
08/08/2020,MAF,TX,ASW,CE,Combined TRACON& Tower with Radar,21,11,9,2,43,0,0,23,1,24,21,11,32,3,67,14,92,106,173
08/09/2020,MAF,TX,ASW,CE,Combined TRACON& Tower with Radar,24,11,23,0,58,0,0,14,0,14,24,11,37,0,72,36,0,36,108
08/10/2020,MAF,TX,ASW,CE,Combined TRACON& Tower with Radar,25,31,19,20,95,0,0,27,1,28,25,31,46,21,123,53,49,102,225
08/11/2020,MAF,TX,ASW,CE,Combined TRACON& Tower with Radar,27,16,27,75,145,0,0,48,20,68,27,16,75,95,213,0,78,78,291
08/12/2020,MAF,TX,ASW,CE,Combined TRACON& Tower with Radar,27,12,48,37,124,0,0,37,10,47,27,12,85,47,171,10,64,74,245
08/13/2020,MAF,TX,ASW,CE,Combined TRACON& Tower with Radar,28,17,28,23,96,0,1,37,5,43,28,18,65,28,139,40,6,46,185
08/14/2020,MAF,TX,ASW,CE,Combined TRACON& Tower with Radar,28,17,30,30,105,0,0,21,1,22,28,17,51,31,127,44,16,60,187
08/15/2020,MAF,TX,ASW,CE,Combined TRACON& Tower with Radar,23,11,22,5,61,0,0,28,3,31,23,11,50,8,92,32,0,32,124
08/16/2020,MAF,TX,ASW,CE,Combined TRACON& Tower with Radar,23,14,14,0,51,0,0,9,4,13,23,14,23,4,64,0,4,4,68
08/17/2020,MAF,TX,ASW,CE,Combined TRACON& Tower with Radar,25,13,21,20,79,0,0,14,3,17,25,13,35,23,96,14,0,14,110
08/18/2020,MAF,TX,ASW,CE,Combined TRACON& Tower with Radar,34,15,26,17,92,0,0,25,4,29,34,15,51,21,121,0,52,52,173
08/19/2020,MAF,TX,ASW,CE,Combined TRACON& Tower with Radar,29,12,30,43,114,0,0,44,4,48,29,12,74,47,162,20,60,80,242
08/20/2020,MAF,TX,ASW,CE,Combined TRACON& Tower with Radar,29,23,30,58,140,0,0,39,17,56,29,23,69,75,196,84,280,364,560
08/21/2020,MAF,TX,ASW,CE,Combined TRACON& Tower with Radar,32,16,23,11,82,0,0,27,1,28,32,16,50,12,110,0,24,24,134
08/22/2020,MAF,TX,ASW,CE,Combined TRACON& Tower with Radar,24,10,14,4,52,0,0,20,2,22,24,10,34,6,74,22,0,22,96
08/23/2020,MAF,TX,ASW,CE,Combined TRACON& Tower with Radar,22,8,20,0,50,0,0,16,0,16,22,8,36,0,66,0,0,0,66
08/24/2020,MAF,TX,ASW,CE,Combined TRACON& Tower with Radar,25,10,29,42,106,0,0,26,2,28,25,10,55,44,134,46,40,86,220
08/25/2020,MAF,TX,ASW,CE,Combined TRACON& Tower with Radar,38,18,32,19,107,0,0,33,1,34,38,18,65,20,141,18,16,34,175
08/26/2020,MAF,TX,ASW,CE,Combined TRACON& Tower with Radar,22,16,32,93,163,0,0,33,11,44,22,16,65,104,207,0,44,44,251
08/27/2020,MAF,TX,ASW,CE,Combined TRACON& Tower with Radar,34,20,29,50,133,0,0,30,10,40,34,20,59,60,173,16,50,66,239
08/28/2020,MAF,TX,ASW,CE,Combined TRACON& Tower with Radar,26,18,26,18,88,0,0,29,4,33,26,18,55,22,121,17,20,37,158
08/29/2020,MAF,TX,ASW,CE,Combined TRACON& Tower with Radar,23,10,19,2,54,0,0,21,2,23,23,10,40,4,77,24,0,24,101
08/30/2020,MAF,TX,ASW,CE,Combined TRACON& Tower with Radar,22,12,28,7,69,0,0,21,2,23,22,12,49,9,92,9,0,9,101
08/31/2020,MAF,TX,ASW,CE,Combined TRACON& Tower with Radar,25,14,30,21,90,0,0,20,4,24,25,14,50,25,114,0,0,0,114
09/01/2020,MAF,TX,ASW,CE,Combined TRACON& Tower with Radar,29,15,31,25,100,0,1,31,8,40,29,16,62,33,140,10,100,110,250
09/02/2020,MAF,TX,ASW,CE,Combined TRACON& Tower with Radar,30,17,39,62,148,0,0,21,3,24,30,17,60,65,172,4,26,30,202
09/03/2020,MAF,TX,ASW,CE,Combined TRACON& Tower with Radar,29,24,37,28,118,0,2,26,17,45,29,26,63,45,163,16,100,116,279
09/04/2020,MAF,TX,ASW,CE,Combined TRACON& Tower with Radar,29,15,34,4,82,0,0,19,0,19,29,15,53,4,101,12,0,12,113
09/05/2020,MAF,TX,ASW,CE,Combined TRACON& Tower with Radar,22,9,8,1,40,0,0,9,1,10,22,9,17,2,50,6,0,6,56
09/06/2020,MAF,TX,ASW,CE,Combined TRACON& Tower with Radar,21,4,8,0,33,0,0,15,0,15,21,4,23,0,48,0,0,0,48
09/07/2020,MAF,TX,ASW,CE,Combined TRACON& Tower with Radar,24,12,37,0,73,0,3,22,2,27,24,15,59,2,100,28,0,28,128
09/08/2020,MAF,TX,ASW,CE,Combined TRACON& Tower with Radar,29,10,28,11,78,0,0,21,1,22,29,10,49,12,100,0,0,0,100
09/09/2020,MAF,TX,ASW,CE,Combined TRACON& Tower with Radar,31,21,35,53,140,0,0,6,1,7,31,21,41,54,147,0,20,20,167
09/10/2020,MAF,TX,ASW,CE,Combined TRACON& Tower with Radar,32,15,54,11,112,0,0,1,0,1,32,15,55,11,113,0,0,0,113
09/11/2020,MAF,TX,ASW,CE,Combined TRACON& Tower with Radar,33,15,38,16,102,0,1,19,7,27,33,16,57,23,129,2,16,18,147
09/12/2020,MAF,TX,ASW,CE,Combined TRACON& Tower with Radar,25,12,15,0,52,0,0,14,0,14,25,12,29,0,66,24,0,24,90
09/13/2020,MAF,TX,ASW,CE,Combined TRACON& Tower with Radar,28,10,25,0,63,0,0,8,7,15,28,10,33,7,78,8,0,8,86
09/14/2020,MAF,TX,ASW,CE,Combined TRACON& Tower with Radar,30,11,24,19,84,0,3,21,8,32,30,14,45,27,116,4,62,66,182
09/15/2020,MAF,TX,ASW,CE,Combined TRACON& Tower with Radar,32,10,24,38,104,0,0,23,23,46,32,10,47,61,150,0,52,52,202
09/16/2020,MAF,TX,ASW,CE,Combined TRACON& Tower with Radar,33,19,45,40,137,0,0,34,7,41,33,19,79,47,178,14,88,102,280
09/17/2020,MAF,TX,ASW,CE,Combined TRACON& Tower with Radar,31,25,44,45,145,0,0,28,0,28,31,25,72,45,173,78,36,114,287
09/18/2020,MAF,TX,ASW,CE,Combined TRACON& Tower with Radar,31,17,42,47,137,0,0,26,1,27,31,17,68,48,164,26,23,49,213
09/19/2020,MAF,TX,ASW,CE,Combined TRACON& Tower with Radar,25,9,16,7,57,0,0,12,5,17,25,9,28,12,74,70,0,70,144
09/20/2020,MAF,TX,ASW,CE,Combined TRACON& Tower with Radar,30,12,40,4,86,0,0,13,2,15,30,12,53,6,101,8,0,8,109
09/21/2020,MAF,TX,ASW,CE,Combined TRACON& Tower with Radar,31,15,31,41,118,0,0,16,18,34,31,15,47,59,152,30,150,180,332
09/22/2020,MAF,TX,ASW,CE,Combined TRACON& Tower with Radar,35,16,27,95,173,0,1,27,33,61,35,17,54,128,234,10,130,140,374
09/23/2020,MAF,TX,ASW,CE,Combined TRACON& Tower with Radar,33,15,36,25,109,0,1,22,8,31,33,16,58,33,140,42,0,42,182
09/24/2020,MAF,TX,ASW,CE,Combined TRACON& Tower with Radar,31,16,50,48,145,0,0,34,6,40,31,16,84,54,185,66,8,74,259
09/25/2020,MAF,TX,ASW,CE,Combined TRACON& Tower with Radar,33,24,44,16,117,0,6,35,6,47,33,30,79,22,164,86,32,118,282
09/26/2020,MAF,TX,ASW,CE,Combined TRACON& Tower with Radar,26,12,34,6,78,0,2,24,1,27,26,14,58,7,105,10,0,10,115
09/27/2020,MAF,TX,ASW,CE,Combined TRACON& Tower with Radar,27,9,36,10,82,0,0,23,0,23,27,9,59,10,105,0,0,0,105
09/28/2020,MAF,TX,ASW,CE,Combined TRACON& Tower with Radar,29,9,26,19,83,0,0,12,7,19,29,9,38,26,102,0,56,56,158
09/29/2020,MAF,TX,ASW,CE,Combined TRACON& Tower with Radar,32,12,36,19,99,0,0,36,3,39,32,12,72,22,138,26,16,42,180
09/30/2020,MAF,TX,ASW,CE,Combined TRACON& Tower with Radar,31,28,28,50,137,0,1,34,10,45,31,29,62,60,182,69,4,73,255
10/01/2020,MAF,TX,ASW,CE,Combined TRACON& Tower with Radar,33,30,37,27,127,0,0,19,9,28,33,30,56,36,155,30,8,38,193
10/02/2020,MAF,TX,ASW,CE,Combined TRACON& Tower with Radar,33,16,20,47,116,0,4,26,12,42,33,20,46,59,158,26,52,78,236
10/03/2020,MAF,TX,ASW,CE,Combined TRACON& Tower with Radar,25,13,19,2,59,0,1,12,3,16,25,14,31,5,75,0,0,0,75
10/04/2020,MAF,TX,ASW,CE,Combined TRACON& Tower with Radar,28,10,31,5,74,0,0,21,1,22,28,10,52,6,96,56,0,56,152
10/05/2020,MAF,TX,ASW,CE,Combined TRACON& Tower with Radar,29,10,29,27,95,0,0,24,12,36,29,10,53,39,131,40,46,86,217
10/06/2020,MAF,TX,ASW,CE,Combined TRACON& Tower with Radar,31,19,34,45,129,0,0,34,16,50,31,19,68,61,179,0,66,66,245
10/07/2020,MAF,TX,ASW,CE,Combined TRACON& Tower with Radar,33,22,49,48,152,0,0,32,21,53,33,22,81,69,205,0,70,70,275
10/08/2020,MAF,TX,ASW,CE,Combined TRACON& Tower with Radar,33,17,43,33,126,0,2,34,8,44,33,19,77,41,170,32,5,37,207
10/09/2020,MAF,TX,ASW,CE,Combined TRACON& Tower with Radar,37,18,35,19,109,0,0,18,12,30,37,18,53,31,139,50,46,96,235
10/10/2020,MAF,TX,ASW,CE,Combined TRACON& Tower with Radar,21,8,20,6,55,0,0,14,2,16,21,8,34,8,71,58,0,58,129
10/11/2020,MAF,TX,ASW,CE,Combined TRACON& Tower with Radar,32,9,40,0,81,0,0,15,2,17,32,9,55,2,98,22,0,22,120
10/12/2020,MAF,TX,ASW,CE,Combined TRACON& Tower with Radar,34,18,24,17,93,0,0,17,1,18,34,18,41,18,111,0,0,0,111
10/13/2020,MAF,TX,ASW,CE,Combined TRACON& Tower with Radar,31,18,42,33,124,0,2,29,9,40,31,20,71,42,164,18,28,46,210
10/14/2020,MAF,TX,ASW,CE,Combined TRACON& Tower with Radar,31,19,28,31,109,0,2,32,6,40,31,21,60,37,149,18,30,48,197
10/15/2020,MAF,TX,ASW,CE,Combined TRACON& Tower with Radar,36,16,31,21,104,0,0,23,6,29,36,16,54,27,133,8,2,10,143
10/16/2020,MAF,TX,ASW,CE,Combined TRACON& Tower with Radar,34,14,32,45,125,0,0,28,19,47,34,14,60,64,172,4,10,14,186
10/17/2020,MAF,TX,ASW,CE,Combined TRACON& Tower with Radar,21,13,10,29,73,0,3,23,11,37,21,16,33,40,110,48,102,150,260
10/18/2020,MAF,TX,ASW,CE,Combined TRACON& Tower with Radar,32,9,25,5,71,0,0,23,6,29,32,9,48,11,100,16,6,22,122
10/19/2020,MAF,TX,ASW,CE,Combined TRACON& Tower with Radar,33,10,23,31,97,0,1,18,1,20,33,11,41,32,117,36,0,36,153
10/20/2020,MAF,TX,ASW,CE,Combined TRACON& Tower with Radar,32,18,32,78,160,0,0,35,15,50,32,18,67,93,210,14,10,24,234
10/21/2020,MAF,TX,ASW,CE,Combined TRACON& Tower with Radar,30,14,44,11,99,0,2,34,7,43,30,16,78,18,142,24,0,24,166
10/22/2020,MAF,TX,ASW,CE,Combined TRACON& Tower with Radar,30,15,25,22,92,0,0,27,12,39,30,15,52,34,131,2,10,12,143
10/23/2020,MAF,TX,ASW,CE,Combined TRACON& Tower with Radar,36,12,43,44,135,0,0,15,0,15,36,12,58,44,150,6,2,8,158
10/24/2020,MAF,TX,ASW,CE,Combined TRACON& Tower with Radar,21,8,26,16,71,0,1,18,1,20,21,9,44,17,91,28,0,28,119
10/25/2020,MAF,TX,ASW,CE,Combined TRACON& Tower with Radar,30,8,45,15,98,0,1,9,5,15,30,9,54,20,113,2,0,2,115
10/26/2020,MAF,TX,ASW,CE,Combined TRACON& Tower with Radar,26,9,34,0,69,0,0,0,0,0,26,9,34,0,69,0,0,0,69
10/27/2020,MAF,TX,ASW,CE,Combined TRACON& Tower with Radar,16,4,12,1,33,0,0,0,0,0,16,4,12,1,33,0,0,0,33
10/28/2020,MAF,TX,ASW,CE,Combined TRACON& Tower with Radar,32,20,34,23,109,0,2,14,8,24,32,22,48,31,133,0,5,5,138
10/29/2020,MAF,TX,ASW,CE,Combined TRACON& Tower with Radar,33,17,27,31,108,0,5,28,12,45,33,22,55,43,153,0,12,12,165
10/30/2020,MAF,TX,ASW,CE,Combined TRACON& Tower with Radar,34,12,32,26,104,0,1,20,3,24,34,13,52,29,128,4,4,8,136
10/31/2020,MAF,TX,ASW,CE,Combined TRACON& Tower with Radar,20,10,24,5,59,0,1,28,4,33,20,11,52,9,92,28,0,28,120
11/01/2020,MAF,TX,ASW,CE,Combined TRACON& Tower with Radar,30,5,22,14,71,0,0,14,3,17,30,5,36,17,88,0,14,14,102
11/02/2020,MAF,TX,ASW,CE,Combined TRACON& Tower with Radar,34,12,29,12,87,0,0,23,8,31,34,12,52,20,118,2,46,48,166
11/03/2020,MAF,TX,ASW,CE,Combined TRACON& Tower with Radar,30,17,26,13,86,0,4,39,2,45,30,21,65,15,131,12,46,58,189
11/04/2020,MAF,TX,ASW,CE,Combined TRACON& Tower with Radar,33,17,46,32,128,0,1,27,5,33,33,18,73,37,161,4,4,8,169
11/05/2020,MAF,TX,ASW,CE,Combined TRACON& Tower with Radar,40,17,26,5,88,0,0,24,6,30,40,17,50,11,118,10,0,10,128
11/06/2020,MAF,TX,ASW,CE,Combined TRACON& Tower with Radar,41,13,45,41,140,0,0,32,3,35,41,13,77,44,175,26,0,26,201
11/07/2020,MAF,TX,ASW,CE,Combined TRACON& Tower with Radar,31,8,15,0,54,0,0,6,2,8,31,8,21,2,62,8,0,8,70
11/08/2020,MAF,TX,ASW,CE,Combined TRACON& Tower with Radar,36,12,24,16,88,0,0,12,1,13,36,12,36,17,101,10,0,10,111
11/09/2020,MAF,TX,ASW,CE,Combined TRACON& Tower with Radar,36,14,23,27,100,0,5,16,5,26,36,19,39,32,126,7,140,147,273
11/10/2020,MAF,TX,ASW,CE,Combined TRACON& Tower with Radar,32,16,37,11,96,0,0,33,7,40,32,16,70,18,136,0,74,74,210
11/11/2020,MAF,TX,ASW,CE,Combined TRACON& Tower with Radar,32,19,32,2,85,0,0,32,0,32,32,19,64,2,117,0,0,0,117
11/12/2020,MAF,TX,ASW,CE,Combined TRACON& Tower with Radar,37,17,42,21,117,0,1,30,4,35,37,18,72,25,152,6,14,20,172
11/13/2020,MAF,TX,ASW,CE,Combined TRACON& Tower with Radar,38,13,22,27,100,0,0,15,4,19,38,13,37,31,119,0,0,0,119
11/14/2020,MAF,TX,ASW,CE,Combined TRACON& Tower with Radar,29,8,12,2,51,0,1,5,4,10,29,9,17,6,61,0,0,0,61
11/15/2020,MAF,TX,ASW,CE,Combined TRACON& Tower with Radar,38,11,29,28,106,0,0,16,15,31,38,11,45,43,137,4,16,20,157
11/16/2020,MAF,TX,ASW,CE,Combined TRACON& Tower with Radar,36,11,23,21,91,0,0,29,1,30,36,11,52,22,121,27,0,27,148
11/17/2020,MAF,TX,ASW,CE,Combined TRACON& Tower with Radar,33,18,34,18,103,0,1,37,2,40,33,19,71,20,143,4,22,26,169
11/18/2020,MAF,TX,ASW,CE,Combined TRACON& Tower with Radar,33,22,43,9,107,0,1,37,4,42,33,23,80,13,149,14,0,14,163
11/19/2020,MAF,TX,ASW,CE,Combined TRACON& Tower with Radar,38,16,22,17,93,0,0,38,6,44,38,16,60,23,137,2,4,6,143
11/20/2020,MAF,TX,ASW,CE,Combined TRACON& Tower with Radar,38,15,24,17,94,0,0,19,2,21,38,15,43,19,115,0,8,8,123
11/21/2020,MAF,TX,ASW,CE,Combined TRACON& Tower with Radar,35,12,24,3,74,0,4,13,1,18,35,16,37,4,92,0,0,0,92
11/22/2020,MAF,TX,ASW,CE,Combined TRACON& Tower with Radar,35,9,34,0,78,0,0,1,0,1,35,9,35,0,79,0,0,0,79
11/23/2020,MAF,TX,ASW,CE,Combined TRACON& Tower with Radar,28,17,32,3,80,0,0,2,0,2,28,17,34,3,82,0,0,0,82
11/24/2020,MAF,TX,ASW,CE,Combined TRACON& Tower with Radar,37,15,30,21,103,0,0,10,7,17,37,15,40,28,120,0,42,42,162
11/25/2020,MAF,TX,ASW,CE,Combined TRACON& Tower with Radar,35,17,37,8,97,0,0,36,10,46,35,17,73,18,143,0,36,36,179
11/26/2020,MAF,TX,ASW,CE,Combined TRACON& Tower with Radar,18,6,6,1,31,0,0,6,1,7,18,6,12,2,38,26,0,26,64
11/27/2020,MAF,TX,ASW,CE,Combined TRACON& Tower with Radar,30,14,21,0,65,0,0,8,0,8,30,14,29,0,73,0,0,0,73
11/28/2020,MAF,TX,ASW,CE,Combined TRACON& Tower with Radar,43,15,27,0,85,0,0,11,0,11,43,15,38,0,96,6,0,6,102
11/29/2020,MAF,TX,ASW,CE,Combined TRACON& Tower with Radar,38,7,34,0,79,0,0,8,0,8,38,7,42,0,87,0,0,0,87
11/30/2020,MAF,TX,ASW,CE,Combined TRACON& Tower with Radar,34,11,15,14,74,0,0,28,4,32,34,11,43,18,106,12,0,12,118
12/01/2020,MAF,TX,ASW,CE,Combined TRACON& Tower with Radar,38,12,29,19,98,0,0,33,2,35,38,12,62,21,133,4,0,4,137
12/02/2020,MAF,TX,ASW,CE,Combined TRACON& Tower with Radar,31,18,39,20,108,0,0,19,7,26,31,18,58,27,134,10,18,28,162
12/03/2020,MAF,TX,ASW,CE,Combined TRACON& Tower with Radar,34,16,30,35,115,0,0,24,5,29,34,16,54,40,144,0,6,6,150
12/04/2020,MAF,TX,ASW,CE,Combined TRACON& Tower with Radar,36,15,24,13,88,0,0,37,2,39,36,15,61,15,127,16,0,16,143
12/05/2020,MAF,TX,ASW,CE,Combined TRACON& Tower with Radar,27,14,17,8,66,0,0,13,5,18,27,14,30,13,84,0,0,0,84
12/06/2020,MAF,TX,ASW,CE,Combined TRACON& Tower with Radar,34,6,8,14,62,0,0,20,2,22,34,6,28,16,84,16,10,26,110
12/07/2020,MAF,TX,ASW,CE,Combined TRACON& Tower with Radar,34,8,20,23,85,0,0,30,4,34,34,8,50,27,119,26,18,44,163
12/08/2020,MAF,TX,ASW,CE,Combined TRACON& Tower with Radar,31,14,32,6,83,0,2,24,1,27,31,16,56,7,110,0,0,0,110
12/09/2020,MAF,TX,ASW,CE,Combined TRACON& Tower with Radar,30,15,29,11,85,0,0,44,3,47,30,15,73,14,132,0,6,6,138
12/10/2020,MAF,TX,ASW,CE,Combined TRACON& Tower with Radar,36,22,40,12,110,0,0,31,2,33,36,22,71,14,143,0,0,0,143
12/11/2020,MAF,TX,ASW,CE,Combined TRACON& Tower with Radar,36,12,15,38,101,0,1,30,3,34,36,13,45,41,135,0,0,0,135
12/12/2020,MAF,TX,ASW,CE,Combined TRACON& Tower with Radar,27,13,13,2,55,0,0,51,1,52,27,13,64,3,107,38,22,60,167
12/13/2020,MAF,TX,ASW,CE,Combined TRACON& Tower with Radar,32,9,24,25,90,0,0,27,0,27,32,9,51,25,117,0,0,0,117
12/14/2020,MAF,TX,ASW,CE,Combined TRACON& Tower with Radar,34,10,30,23,97,0,4,33,2,39,34,14,63,25,136,0,44,44,180
12/15/2020,MAF,TX,ASW,CE,Combined TRACON& Tower with Radar,32,18,26,10,86,0,0,38,4,42,32,18,64,14,128,0,0,0,128
12/16/2020,MAF,TX,ASW,CE,Combined TRACON& Tower with Radar,30,15,47,7,99,0,0,68,3,71,30,15,115,10,170,0,0,0,170
12/17/2020,MAF,TX,ASW,CE,Combined TRACON& Tower with Radar,37,19,44,10,110,0,0,79,6,85,37,19,123,16,195,26,6,32,227
12/18/2020,MAF,TX,ASW,CE,Combined TRACON& Tower with Radar,38,17,19,24,98,0,1,44,13,58,38,18,63,37,156,0,98,98,254
12/19/2020,MAF,TX,ASW,CE,Combined TRACON& Tower with Radar,33,14,13,8,68,0,1,43,4,48,33,15,56,12,116,0,0,0,116
12/20/2020,MAF,TX,ASW,CE,Combined TRACON& Tower with Radar,34,7,39,0,80,0,0,38,0,38,34,7,77,0,118,0,0,0,118
12/21/2020,MAF,TX,ASW,CE,Combined TRACON& Tower with Radar,37,8,13,1,59,0,0,49,1,50,37,8,62,2,109,0,14,14,123
12/22/2020,MAF,TX,ASW,CE,Combined TRACON& Tower with Radar,39,13,29,15,96,0,3,57,1,61,39,16,86,16,157,0,4,4,161
12/23/2020,MAF,TX,ASW,CE,Combined TRACON& Tower with Radar,34,15,26,2,77,0,0,30,0,30,34,15,56,2,107,0,0,0,107
12/24/2020,MAF,TX,ASW,CE,Combined TRACON& Tower with Radar,29,14,10,0,53,0,0,23,0,23,29,14,33,0,76,14,0,14,90
12/25/2020,MAF,TX,ASW,CE,Combined TRACON& Tower with Radar,22,4,5,0,31,0,0,9,0,9,22,4,14,0,40,10,0,10,50
12/26/2020,MAF,TX,ASW,CE,Combined TRACON& Tower with Radar,32,10,33,1,76,0,0,22,1,23,32,10,55,2,99,20,0,20,119
12/27/2020,MAF,TX,ASW,CE,Combined TRACON& Tower with Radar,32,5,37,0,74,0,2,30,0,32,32,7,67,0,106,14,0,14,120
12/28/2020,MAF,TX,ASW,CE,Combined TRACON& Tower with Radar,37,7,23,0,67,0,1,24,0,25,37,8,47,0,92,0,0,0,92
12/29/2020,MAF,TX,ASW,CE,Combined TRACON& Tower with Radar,45,14,35,1,95,0,0,17,1,18,45,14,52,2,113,0,0,0,113
12/30/2020,MAF,TX,ASW,CE,Combined TRACON& Tower with Radar,32,27,16,0,75,0,0,0,0,0,32,27,16,0,75,0,0,0,75
12/31/2020,MAF,TX,ASW,CE,Combined TRACON& Tower with Radar,23,9,8,0,40,0,0,0,0,0,23,9,8,0,40,0,0,0,40
01/01/2021,MAF,TX,ASW,CE,Combined TRACON& Tower with Radar,27,7,13,0,47,0,0,9,0,9,27,7,22,0,56,0,0,0,56
01/02/2021,MAF,TX,ASW,CE,Combined TRACON& Tower with Radar,31,7,24,0,62,0,0,21,0,21,31,7,45,0,83,50,0,50,133
01/03/2021,MAF,TX,ASW,CE,Combined TRACON& Tower with Radar,32,5,26,0,63,0,0,20,0,20,32,5,46,0,83,36,0,36,119
01/04/2021,MAF,TX,ASW,CE,Combined TRACON& Tower with Radar,36,10,28,2,76,0,0,16,0,16,36,10,44,2,92,14,0,14,106
01/05/2021,MAF,TX,ASW,CE,Combined TRACON& Tower with Radar,35,15,22,7,79,0,0,31,0,31,35,15,53,7,110,0,0,0,110
01/06/2021,MAF,TX,ASW,CE,Combined TRACON& Tower with Radar,37,16,24,27,104,0,2,16,8,26,37,18,40,35,130,2,36,38,168
01/07/2021,MAF,TX,ASW,CE,Combined TRACON& Tower with Radar,33,15,24,7,79,0,0,24,5,29,33,15,48,12,108,0,0,0,108
01/08/2021,MAF,TX,ASW,CE,Combined TRACON& Tower with Radar,38,15,30,17,100,0,0,6,0,6,38,15,36,17,106,0,0,0,106
01/09/2021,MAF,TX,ASW,CE,Combined TRACON& Tower with Radar,28,10,14,0,52,0,0,0,0,0,28,10,14,0,52,0,0,0,52
01/10/2021,MAF,TX,ASW,CE,Combined TRACON& Tower with Radar,21,6,13,0,40,0,0,0,0,0,21,6,13,0,40,0,0,0,40
01/11/2021,MAF,TX,ASW,CE,Combined TRACON& Tower with Radar,33,13,31,62,139,0,0,7,7,14,33,13,38,69,153,0,36,36,189
01/12/2021,MAF,TX,ASW,CE,Combined TRACON& Tower with Radar,35,14,29,1,79,0,1,25,2,28,35,15,54,3,107,0,0,0,107
01/13/2021,MAF,TX,ASW,CE,Combined TRACON& Tower with Radar,37,15,44,7,103,0,0,24,0,24,37,15,68,7,127,0,0,0,127
01/14/2021,MAF,TX,ASW,CE,Combined TRACON& Tower with Radar,34,9,36,2,81,0,0,17,2,19,34,9,53,4,100,0,0,0,100
01/15/2021,MAF,TX,ASW,CE,Combined TRACON& Tower with Radar,36,15,22,8,81,0,0,18,7,25,36,15,40,15,106,32,46,78,184
01/16/2021,MAF,TX,ASW,CE,Combined TRACON& Tower with Radar,27,7,18,0,52,0,0,20,0,20,27,7,38,0,72,13,0,13,85
01/17/2021,MAF,TX,ASW,CE,Combined TRACON& Tower with Radar,34,4,16,6,60,0,0,21,2,23,34,4,37,8,83,14,0,14,97
01/18/2021,MAF,TX,ASW,CE,Combined TRACON& Tower with Radar,33,9,30,0,72,0,0,25,0,25,33,9,55,0,97,14,0,14,111
01/19/2021,MAF,TX,ASW,CE,Combined TRACON& Tower with Radar,34,17,46,24,121,0,0,21,0,21,34,17,67,24,142,14,0,14,156
01/20/2021,MAF,TX,ASW,CE,Combined TRACON& Tower with Radar,38,13,31,7,89,0,0,16,0,16,38,13,47,7,105,0,0,0,105
01/21/2021,MAF,TX,ASW,CE,Combined TRACON& Tower with Radar,38,9,50,34,131,0,0,20,13,33,38,9,70,47,164,8,42,50,214
01/22/2021,MAF,TX,ASW,CE,Combined TRACON& Tower with Radar,39,10,24,91,164,0,0,30,30,60,39,10,54,121,224,2,262,264,488
01/23/2021,MAF,TX,ASW,CE,Combined TRACON& Tower with Radar,28,8,23,1,60,0,0,12,3,15,28,8,35,4,75,48,0,48,123
01/24/2021,MAF,TX,ASW,CE,Combined TRACON& Tower with Radar,34,4,25,13,76,0,0,12,0,12,34,4,37,13,88,22,0,22,110
01/25/2021,MAF,TX,ASW,CE,Combined TRACON& Tower with Radar,35,10,29,12,86,0,0,35,11,46,35,10,64,23,132,2,18,20,152
01/26/2021,MAF,TX,ASW,CE,Combined TRACON& Tower with Radar,34,11,40,13,98,0,0,19,1,20,34,11,59,14,118,0,0,0,118
01/27/2021,MAF,TX,ASW,CE,Combined TRACON& Tower with Radar,34,14,45,24,117,0,1,31,20,52,34,15,76,44,169,0,54,54,223
01/28/2021,MAF,TX,ASW,CE,Combined TRACON& Tower with Radar,34,15,29,19,97,0,0,29,7,36,34,15,58,26,133,12,48,60,193
01/29/2021,MAF,TX,ASW,CE,Combined TRACON& Tower with Radar,35,15,21,21,92,0,1,27,2,30,35,16,48,23,122,56,32,88,210
01/30/2021,MAF,TX,ASW,CE,Combined TRACON& Tower with Radar,24,5,9,2,40,0,0,8,8,16,24,5,17,10,56,0,38,38,94
01/31/2021,MAF,TX,ASW,CE,Combined TRACON& Tower with Radar,33,5,23,11,72,0,0,23,1,24,33,5,46,12,96,0,24,24,120
02/01/2021,MAF,TX,ASW,CE,Combined TRACON& Tower with Radar,33,9,34,40,116,0,1,28,4,33,33,10,62,44,149,2,112,114,263
02/02/2021,MAF,TX,ASW,CE,Combined TRACON& Tower with Radar,34,15,25,22,96,0,0,28,15,43,34,15,53,37,139,0,68,68,207
02/03/2021,MAF,TX,ASW,CE,Combined TRACON& Tower with Radar,36,15,30,25,106,0,0,32,8,40,36,15,62,33,146,6,18,24,170
02/04/2021,MAF,TX,ASW,CE,Combined TRACON& Tower with Radar,36,21,41,11,109,0,0,27,8,35,36,21,68,19,144,0,22,22,166
02/05/2021,MAF,TX,ASW,CE,Combined TRACON& Tower with Radar,38,14,28,38,118,0,0,37,11,48,38,14,65,49,166,8,26,34,200
02/06/2021,MAF,TX,ASW,CE,Combined TRACON& Tower with Radar,25,5,12,28,70,0,0,23,7,30,25,5,35,35,100,8,8,16,116
02/07/2021,MAF,TX,ASW,CE,Combined TRACON& Tower with Radar,34,4,16,10,64,0,1,17,0,18,34,5,33,10,82,0,0,0,82
02/08/2021,MAF,TX,ASW,CE,Combined TRACON& Tower with Radar,35,7,31,36,109,0,2,23,16,41,35,9,54,52,150,0,74,74,224
02/09/2021,MAF,TX,ASW,CE,Combined TRACON& Tower with Radar,36,19,30,13,98,0,0,15,7,22,36,19,45,20,120,0,48,48,168
02/10/2021,MAF,TX,ASW,CE,Combined TRACON& Tower with Radar,35,20,20,0,75,0,0,9,0,9,35,20,29,0,84,0,0,0,84
02/11/2021,MAF,TX,ASW,CE,Combined TRACON& Tower with Radar,40,15,25,6,86,0,0,0,0,0,40,15,25,6,86,0,0,0,86
02/12/2021,MAF,TX,ASW,CE,Combined TRACON& Tower with Radar,37,22,15,6,80,0,0,0,0,0,37,22,15,6,80,0,0,0,80
02/13/2021,MAF,TX,ASW,CE,Combined TRACON& Tower with Radar,22,6,7,0,35,0,0,0,0,0,22,6,7,0,35,0,0,0,35
02/14/2021,MAF,TX,ASW,CE,Combined TRACON& Tower with Radar,4,0,2,0,6,0,0,0,0,0,4,0,2,0,6,0,0,0,6
02/15/2021,MAF,TX,ASW,CE,Combined TRACON& Tower with Radar,1,3,17,0,21,0,0,7,1,8,1,3,24,1,29,0,0,0,29
02/16/2021,MAF,TX,ASW,CE,Combined TRACON& Tower with Radar,6,8,9,0,23,0,0,2,0,2,6,8,11,0,25,0,0,0,25
02/17/2021,MAF,TX,ASW,CE,Combined TRACON& Tower with Radar,5,4,12,2,23,0,0,6,0,6,5,4,18,2,29,0,0,0,29
02/18/2021,MAF,TX,ASW,CE,Combined TRACON& Tower with Radar,17,10,13,0,40,0,0,3,2,5,17,10,16,2,45,0,0,0,45
02/19/2021,MAF,TX,ASW,CE,Combined TRACON& Tower with Radar,35,19,36,19,109,0,0,30,0,30,35,19,66,19,139,38,0,38,177
02/20/2021,MAF,TX,ASW,CE,Combined TRACON& Tower with Radar,25,10,18,0,53,0,0,29,3,32,25,10,47,3,85,34,0,34,119
02/21/2021,MAF,TX,ASW,CE,Combined TRACON& Tower with Radar,34,7,23,14,78,0,0,16,0,16,34,7,39,14,94,10,0,10,104
02/22/2021,MAF,TX,ASW,CE,Combined TRACON& Tower with Radar,35,10,24,26,95,0,3,33,3,39,35,13,57,29,134,0,16,16,150
02/23/2021,MAF,TX,ASW,CE,Combined TRACON& Tower with Radar,36,21,27,7,91,0,0,34,4,38,36,21,61,11,129,14,0,14,143
02/24/2021,MAF,TX,ASW,CE,Combined TRACON& Tower with Radar,34,24,53,34,145,0,1,25,4,30,34,25,78,38,175,0,30,30,205
02/25/2021,MAF,TX,ASW,CE,Combined TRACON& Tower with Radar,33,26,37,28,124,0,0,12,2,14,33,26,49,30,138,0,20,20,158
02/26/2021,MAF,TX,ASW,CE,Combined TRACON& Tower with Radar,41,20,41,72,174,0,1,30,28,59,41,21,71,100,233,2,78,80,313
02/27/2021,MAF,TX,ASW,CE,Combined TRACON& Tower with Radar,25,6,9,9,49,0,0,18,1,19,25,6,27,10,68,26,0,26,94
02/28/2021,MAF,TX,ASW,CE,Combined TRACON& Tower with Radar,29,9,24,4,66,0,0,13,0,13,29,9,37,4,79,15,2,17,96
03/01/2021,MAF,TX,ASW,CE,Combined TRACON& Tower with Radar,34,16,13,20,83,0,0,13,3,16,34,16,26,23,99,0,30,30,129
03/02/2021,MAF,TX,ASW,CE,Combined TRACON& Tower with Radar,38,18,46,24,126,0,0,31,7,38,38,18,77,31,164,4,48,52,216
03/03/2021,MAF,TX,ASW,CE,Combined TRACON& Tower with Radar,34,27,38,11,110,0,0,38,10,48,34,27,76,21,158,7,58,65,223
03/04/2021,MAF,TX,ASW,CE,Combined TRACON& Tower with Radar,40,31,35,17,123,0,0,28,5,33,40,31,63,22,156,0,12,12,168
03/05/2021,MAF,TX,ASW,CE,Combined TRACON& Tower with Radar,39,25,32,33,129,0,0,9,2,11,39,25,41,35,140,0,0,0,140
03/06/2021,MAF,TX,ASW,CE,Combined TRACON& Tower with Radar,25,18,17,0,60,0,0,44,1,45,25,18,61,1,105,18,0,18,123
03/07/2021,MAF,TX,ASW,CE,Combined TRACON& Tower with Radar,39,9,25,28,101,0,0,8,7,15,39,9,33,35,116,0,0,0,116
03/08/2021,MAF,TX,ASW,CE,Combined TRACON& Tower with Radar,39,20,24,13,96,0,0,25,3,28,39,20,49,16,124,2,56,58,182
03/09/2021,MAF,TX,ASW,CE,Combined TRACON& Tower with Radar,38,28,26,30,122,0,0,26,7,33,38,28,52,37,155,12,66,78,233
03/10/2021,MAF,TX,ASW,CE,Combined TRACON& Tower with Radar,38,24,49,23,134,0,0,43,9,52,38,24,92,32,186,34,50,84,270
03/11/2021,MAF,TX,ASW,CE,Combined TRACON& Tower with Radar,40,16,46,23,125,0,3,27,1,31,40,19,73,24,156,5,10,15,171
03/12/2021,MAF,TX,ASW,CE,Combined TRACON& Tower with Radar,34,8,33,10,85,0,0,13,2,15,34,8,46,12,100,0,9,9,109
03/13/2021,MAF,TX,ASW,CE,Combined TRACON& Tower with Radar,29,20,17,5,71,0,1,10,0,11,29,21,27,5,82,0,0,0,82
03/14/2021,MAF,TX,ASW,CE,Combined TRACON& Tower with Radar,38,13,20,3,74,0,0,6,0,6,38,13,26,3,80,0,0,0,80
03/15/2021,MAF,TX,ASW,CE,Combined TRACON& Tower with Radar,39,9,46,3,97,0,0,34,5,39,39,9,80,8,136,0,0,0,136
03/16/2021,MAF,TX,ASW,CE,Combined TRACON& Tower with Radar,38,15,33,3,89,0,0,36,1,37,38,15,69,4,126,0,0,0,126
03/17/2021,MAF,TX,ASW,CE,Combined TRACON& Tower with Radar,33,23,30,9,95,0,0,14,2,16,33,23,44,11,111,0,14,14,125
03/18/2021,MAF,TX,ASW,CE,Combined TRACON& Tower with Radar,42,15,39,16,112,0,0,39,8,47,42,15,78,24,159,12,110,122,281
03/19/2021,MAF,TX,ASW,CE,Combined TRACON& Tower with Radar,46,16,30,13,105,0,0,20,4,24,46,16,50,17,129,0,2,2,131
03/20/2021,MAF,TX,ASW,CE,Combined TRACON& Tower with Radar,35,10,20,11,76,0,1,16,5,22,35,11,36,16,98,0,48,48,146
03/21/2021,MAF,TX,ASW,CE,Combined TRACON& Tower with Radar,40,13,21,0,74,0,0,16,0,16,40,13,37,0,90,12,0,12,102
03/22/2021,MAF,TX,ASW,CE,Combined TRACON& Tower with Radar,43,18,9,7,77,0,0,14,0,14,43,18,23,7,91,0,0,0,91
03/23/2021,MAF,TX,ASW,CE,Combined TRACON& Tower with Radar,38,14,35,26,113,0,1,26,6,33,38,15,61,32,146,0,20,20,166
03/24/2021,MAF,TX,ASW,CE,Combined TRACON& Tower with Radar,40,18,43,70,171,0,0,32,25,57,40,18,75,95,228,0,44,44,272
03/25/2021,MAF,TX,ASW,CE,Combined TRACON& Tower with Radar,40,18,28,23,109,0,0,37,9,46,40,18,65,32,155,34,76,110,265
03/26/2021,MAF,TX,ASW,CE,Combined TRACON& Tower with Radar,42,15,41,27,125,0,0,35,8,43,42,15,76,35,168,20,64,84,252
03/27/2021,MAF,TX,ASW,CE,Combined TRACON& Tower with Radar,28,14,16,2,60,0,2,11,0,13,28,16,27,2,73,6,0,6,79
03/28/2021,MAF,TX,ASW,CE,Combined TRACON& Tower with Radar,37,10,20,9,76,0,0,12,1,13,37,10,32,10,89,0,0,0,89
03/29/2021,MAF,TX,ASW,CE,Combined TRACON& Tower with Radar,39,16,26,13,94,0,0,19,3,22,39,16,45,16,116,0,0,0,116
03/30/2021,MAF,TX,ASW,CE,Combined TRACON& Tower with Radar,42,19,46,2,109,0,0,24,3,27,42,19,70,5,136,0,0,0,136
03/31/2021,MAF,TX,ASW,CE,Combined TRACON& Tower with Radar,40,16,37,22,115,0,1,35,6,42,40,17,72,28,157,4,35,39,196
04/01/2021,MAF,TX,ASW,CE,Combined TRACON& Tower with Radar,40,22,54,59,175,0,0,15,2,17,40,22,69,61,192,0,49,49,241
04/02/2021,MAF,TX,ASW,CE,Combined TRACON& Tower with Radar,41,16,22,24,103,0,2,18,3,23,41,18,40,27,126,40,0,40,166
04/03/2021,MAF,TX,ASW,CE,Combined TRACON& Tower with Radar,31,8,13,3,55,0,0,6,3,9,31,8,19,6,64,12,0,12,76
04/04/2021,MAF,TX,ASW,CE,Combined TRACON& Tower with Radar,35,7,33,21,96,0,0,5,0,5,35,7,38,21,101,0,0,0,101
04/05/2021,MAF,TX,ASW,CE,Combined TRACON& Tower with Radar,39,8,25,21,93,0,0,14,7,21,39,8,39,28,114,0,12,12,126
04/06/2021,MAF,TX,ASW,CE,Combined TRACON& Tower with Radar,38,22,29,19,108,0,0,20,0,20,38,22,49,19,128,0,0,0,128
04/07/2021,MAF,TX,ASW,CE,Combined TRACON& Tower with Radar,38,22,59,25,144,0,2,31,2,35,38,24,90,27,179,21,20,41,220
04/08/2021,MAF,TX,ASW,CE,Combined TRACON& Tower with Radar,40,24,36,14,114,0,0,22,5,27,40,24,58,19,141,12,24,36,177
04/09/2021,MAF,TX,ASW,CE,Combined TRACON& Tower with Radar,42,16,30,33,121,0,0,26,2,28,42,16,56,35,149,12,0,12,161
04/10/2021,MAF,TX,ASW,CE,Combined TRACON& Tower with Radar,35,11,13,7,66,0,0,14,0,14,35,11,27,7,80,22,0,22,102
04/11/2021,MAF,TX,ASW,CE,Combined TRACON& Tower with Radar,39,14,26,15,94,0,0,17,3,20,39,14,43,18,114,0,0,0,114
04/12/2021,MAF,TX,ASW,CE,Combined TRACON& Tower with Radar,37,15,20,41,113,0,1,24,6,31,37,16,44,47,144,6,4,10,154
04/13/2021,MAF,TX,ASW,CE,Combined TRACON& Tower with Radar,40,15,32,49,136,0,0,14,5,19,40,15,46,54,155,0,8,8,163
04/14/2021,MAF,TX,ASW,CE,Combined TRACON& Tower with Radar,36,20,46,30,132,0,0,12,2,14,36,20,58,32,146,0,0,0,146
04/15/2021,MAF,TX,ASW,CE,Combined TRACON& Tower with Radar,46,22,30,0,98,0,0,0,0,0,46,22,30,0,98,0,0,0,98
04/16/2021,MAF,TX,ASW,CE,Combined TRACON& Tower with Radar,36,21,32,58,147,0,0,5,3,8,36,21,37,61,155,20,24,44,199
04/17/2021,MAF,TX,ASW,CE,Combined TRACON& Tower with Radar,38,10,16,8,72,0,0,11,0,11,38,10,27,8,83,0,0,0,83
04/18/2021,MAF,TX,ASW,CE,Combined TRACON& Tower with Radar,34,12,33,25,104,0,0,18,7,25,34,12,51,32,129,18,4,22,151
04/19/2021,MAF,TX,ASW,CE,Combined TRACON& Tower with Radar,37,13,24,28,102,0,0,38,6,44,37,13,62,34,146,18,35,53,199
04/20/2021,MAF,TX,ASW,CE,Combined TRACON& Tower with Radar,38,20,35,15,108,0,0,26,0,26,38,20,61,15,134,0,0,0,134
04/21/2021,MAF,TX,ASW,CE,Combined TRACON& Tower with Radar,38,23,44,53,158,0,0,31,11,42,38,23,75,64,200,0,33,33,233
04/22/2021,MAF,TX,ASW,CE,Combined TRACON& Tower with Radar,42,17,34,46,139,0,0,19,4,23,42,17,53,50,162,8,13,21,183
04/23/2021,MAF,TX,ASW,CE,Combined TRACON& Tower with Radar,44,15,13,56,128,0,0,22,12,34,44,15,35,68,162,16,152,168,330
04/24/2021,MAF,TX,ASW,CE,Combined TRACON& Tower with Radar,35,9,15,39,98,0,1,22,6,29,35,10,37,45,127,18,7,25,152
04/25/2021,MAF,TX,ASW,CE,Combined TRACON& Tower with Radar,36,8,33,4,81,0,1,18,0,19,36,9,51,4,100,0,0,0,100
04/26/2021,MAF,TX,ASW,CE,Combined TRACON& Tower with Radar,40,14,32,52,138,0,0,22,21,43,40,14,54,73,181,8,38,46,227
04/27/2021,MAF,TX,ASW,CE,Combined TRACON& Tower with Radar,36,24,41,10,111,0,0,32,0,32,36,24,73,10,143,0,0,0,143
04/28/2021,MAF,TX,ASW,CE,Combined TRACON& Tower with Radar,36,17,63,36,152,0,0,13,3,16,36,17,76,39,168,0,0,0,168
04/29/2021,MAF,TX,ASW,CE,Combined TRACON& Tower with Radar,42,26,51,31,150,0,0,7,0,7,42,26,58,31,157,0,0,0,157
04/30/2021,MAF,TX,ASW,CE,Combined TRACON& Tower with Radar,41,19,28,28,116,0,0,16,0,16,41,19,44,28,132,28,22,50,182
05/01/2021,MAF,TX,ASW,CE,Combined TRACON& Tower with Radar,35,11,14,2,62,0,0,11,1,12,35,11,25,3,74,32,0,32,106
05/02/2021,MAF,TX,ASW,CE,Combined TRACON& Tower with Radar,33,10,41,10,94,0,0,18,2,20,33,10,59,12,114,3,0,3,117
05/03/2021,MAF,TX,ASW,CE,Combined TRACON& Tower with Radar,39,11,30,13,93,0,0,29,0,29,39,11,59,13,122,0,4,4,126
05/04/2021,MAF,TX,ASW,CE,Combined TRACON& Tower with Radar,37,20,39,16,112,0,0,16,5,21,37,20,55,21,133,18,52,70,203
05/05/2021,MAF,TX,ASW,CE,Combined TRACON& Tower with Radar,39,22,35,12,108,0,0,22,5,27,39,22,57,17,135,0,0,0,135
05/06/2021,MAF,TX,ASW,CE,Combined TRACON& Tower with Radar,44,27,42,16,129,0,2,17,4,23,44,29,59,20,152,0,6,6,158
05/07/2021,MAF,TX,ASW,CE,Combined TRACON& Tower with Radar,43,18,23,10,94,0,0,12,1,13,43,18,35,11,107,0,0,0,107
05/08/2021,MAF,TX,ASW,CE,Combined TRACON& Tower with Radar,36,14,9,0,59,0,0,20,2,22,36,14,29,2,81,14,0,14,95
05/09/2021,MAF,TX,ASW,CE,Combined TRACON& Tower with Radar,38,22,24,3,87,0,0,12,0,12,38,22,36,3,99,14,0,14,113
05/10/2021,MAF,TX,ASW,CE,Combined TRACON& Tower with Radar,42,18,32,26,118,0,0,5,0,5,42,18,37,26,123,0,0,0,123
05/11/2021,MAF,TX,ASW,CE,Combined TRACON& Tower with Radar,47,16,38,2,103,0,0,7,0,7,47,16,45,2,110,0,0,0,110
05/12/2021,MAF,TX,ASW,CE,Combined TRACON& Tower with Radar,38,18,54,93,203,0,0,23,10,33,38,18,77,103,236,24,114,138,374
05/13/2021,MAF,TX,ASW,CE,Combined TRACON& Tower with Radar,42,18,45,12,117,0,0,32,2,34,42,18,77,14,151,0,0,0,151
05/14/2021,MAF,TX,ASW,CE,Combined TRACON& Tower with Radar,41,22,36,37,136,0,1,37,2,40,41,23,73,39,176,6,0,6,182
05/15/2021,MAF,TX,ASW,CE,Combined TRACON& Tower with Radar,36,13,17,3,69,0,0,13,3,16,36,13,30,6,85,14,0,14,99
05/16/2021,MAF,TX,ASW,CE,Combined TRACON& Tower with Radar,37,11,30,6,84,0,0,12,7,19,37,11,42,13,103,0,0,0,103
05/17/2021,MAF,TX,ASW,CE,Combined TRACON& Tower with Radar,40,14,34,27,115,0,0,8,3,11,40,14,42,30,126,16,14,30,156
05/18/2021,MAF,TX,ASW,CE,Combined TRACON& Tower with Radar,36,20,36,127,219,0,0,22,5,27,36,20,58,132,246,14,89,103,349
05/19/2021,MAF,TX,ASW,CE,Combined TRACON& Tower with Radar,46,15,54,81,196,0,0,14,7,21,46,15,68,88,217,12,62,74,291
05/20/2021,MAF,TX,ASW,CE,Combined TRACON& Tower with Radar,42,36,47,44,169,0,2,36,22,60,42,38,83,66,229,0,18,18,247
05/21/2021,MAF,TX,ASW,CE,Combined TRACON& Tower with Radar,47,16,26,53,142,0,3,14,8,25,47,19,40,61,167,44,0,44,211
05/22/2021,MAF,TX,ASW,CE,Combined TRACON& Tower with Radar,42,16,19,14,91,0,0,4,7,11,42,16,23,21,102,10,4,14,116
05/23/2021,MAF,TX,ASW,CE,Combined TRACON& Tower with Radar,49,10,18,32,109,0,3,5,2,10,49,13,23,34,119,0,0,0,119
05/24/2021,MAF,TX,ASW,CE,Combined TRACON& Tower with Radar,42,16,34,64,156,0,0,12,21,33,42,16,46,85,189,26,94,120,309
05/25/2021,MAF,TX,ASW,CE,Combined TRACON& Tower with Radar,37,29,36,44,146,0,1,18,14,33,37,30,54,58,179,1,92,93,272
05/26/2021,MAF,TX,ASW,CE,Combined TRACON& Tower with Radar,39,21,74,16,150,0,1,26,3,30,39,22,100,19,180,0,16,16,196
05/27/2021,MAF,TX,ASW,CE,Combined TRACON& Tower with Radar,41,33,42,17,133,0,2,29,16,47,41,35,71,33,180,50,98,148,328
05/28/2021,MAF,TX,ASW,CE,Combined TRACON& Tower with Radar,42,17,36,34,129,0,0,2,1,3,42,17,38,35,132,52,0,52,184
05/29/2021,MAF,TX,ASW,CE,Combined TRACON& Tower with Radar,41,14,28,18,101,0,0,18,2,20,41,14,46,20,121,38,0,38,159
05/30/2021,MAF,TX,ASW,CE,Combined TRACON& Tower with Radar,41,3,17,11,72,0,0,6,1,7,41,3,23,12,79,0,0,0,79
05/31/2021,MAF,TX,ASW,CE,Combined TRACON& Tower with Radar,38,7,22,0,67,0,0,3,0,3,38,7,25,0,70,0,0,0,70
06/01/2021,MAF,TX,ASW,CE,Combined TRACON& Tower with Radar,39,21,32,49,141,0,0,9,3,12,39,21,41,52,153,0,30,30,183
06/02/2021,MAF,TX,ASW,CE,Combined TRACON& Tower with Radar,37,31,51,61,180,0,1,21,20,42,37,32,72,81,222,0,110,110,332
06/03/2021,MAF,TX,ASW,CE,Combined TRACON& Tower with Radar,41,28,40,47,156,0,1,18,0,19,41,29,58,47,175,24,8,32,207
06/04/2021,MAF,TX,ASW,CE,Combined TRACON& Tower with Radar,43,18,24,73,158,0,0,24,5,29,43,18,48,78,187,68,0,68,255
06/05/2021,MAF,TX,ASW,CE,Combined TRACON& Tower with Radar,33,17,19,47,116,0,0,21,2,23,33,17,40,49,139,14,0,14,153
06/06/2021,MAF,TX,ASW,CE,Combined TRACON& Tower with Radar,39,17,29,20,105,0,0,11,0,11,39,17,40,20,116,4,0,4,120
06/07/2021,MAF,TX,ASW,CE,Combined TRACON& Tower with Radar,41,10,44,135,230,0,0,15,22,37,41,10,59,157,267,0,82,82,349
06/08/2021,MAF,TX,ASW,CE,Combined TRACON& Tower with Radar,46,13,48,14,121,0,1,17,3,21,46,14,65,17,142,0,0,0,142
06/09/2021,MAF,TX,ASW,CE,Combined TRACON& Tower with Radar,44,15,56,40,155,0,1,32,21,54,44,16,88,61,209,12,76,88,297
06/10/2021,MAF,TX,ASW,CE,Combined TRACON& Tower with Radar,45,16,44,16,121,0,0,25,8,33,45,16,69,24,154,16,0,16,170
06/11/2021,MAF,TX,ASW,CE,Combined TRACON& Tower with Radar,48,19,32,9,108,0,2,25,10,37,48,21,57,19,145,12,8,20,165
06/12/2021,MAF,TX,ASW,CE,Combined TRACON& Tower with Radar,30,18,12,1,61,0,1,15,1,17,30,19,27,2,78,0,0,0,78
06/13/2021,MAF,TX,ASW,CE,Combined TRACON& Tower with Radar,37,12,20,21,90,0,0,11,3,14,37,12,31,24,104,15,4,19,123
06/14/2021,MAF,TX,ASW,CE,Combined TRACON& Tower with Radar,45,20,25,4,94,0,0,20,3,23,45,20,45,7,117,0,0,0,117
06/15/2021,MAF,TX,ASW,CE,Combined TRACON& Tower with Radar,40,25,45,26,136,0,0,34,9,43,40,25,79,35,179,52,32,84,263
06/16/2021,MAF,TX,ASW,CE,Combined TRACON& Tower with Radar,42,27,40,29,138,0,0,41,5,46,42,27,81,34,184,8,0,8,192
06/17/2021,MAF,TX,ASW,CE,Combined TRACON& Tower with Radar,46,20,35,24,125,0,3,32,17,52,46,23,67,41,177,16,58,74,251
06/18/2021,MAF,TX,ASW,CE,Combined TRACON& Tower with Radar,41,18,43,29,131,0,0,23,3,26,41,18,66,32,157,50,0,50,207
06/19/2021,MAF,TX,ASW,CE,Combined TRACON& Tower with Radar,28,15,25,6,74,0,0,21,0,21,28,15,46,6,95,20,0,20,115
06/20/2021,MAF,TX,ASW,CE,Combined TRACON& Tower with Radar,39,8,26,16,89,0,0,19,2,21,39,8,45,18,110,0,8,8,118
06/21/2021,MAF,TX,ASW,CE,Combined TRACON& Tower with Radar,38,18,30,18,104,0,0,12,2,14,38,18,42,20,118,0,14,14,132
06/22/2021,MAF,TX,ASW,CE,Combined TRACON& Tower with Radar,45,17,42,3,107,0,0,23,1,24,45,17,65,4,131,6,16,22,153
06/23/2021,MAF,TX,ASW,CE,Combined TRACON& Tower with Radar,44,15,46,39,144,0,1,32,15,48,44,16,78,54,192,2,112,114,306
06/24/2021,MAF,TX,ASW,CE,Combined TRACON& Tower with Radar,43,18,59,10,130,0,1,35,5,41,43,19,94,15,171,0,20,20,191
06/25/2021,MAF,TX,ASW,CE,Combined TRACON& Tower with Radar,46,15,24,48,133,0,0,17,3,20,46,15,41,51,153,18,28,46,199
06/26/2021,MAF,TX,ASW,CE,Combined TRACON& Tower with Radar,31,10,22,55,118,0,0,24,1,25,31,10,46,56,143,0,0,0,143
06/27/2021,MAF,TX,ASW,CE,Combined TRACON& Tower with Radar,45,13,35,2,95,0,0,4,0,4,45,13,39,2,99,0,0,0,99
06/28/2021,MAF,TX,ASW,CE,Combined TRACON& Tower with Radar,44,20,19,37,120,0,0,10,2,12,44,20,29,39,132,0,12,12,144
06/29/2021,MAF,TX,ASW,CE,Combined TRACON& Tower with Radar,39,22,33,120,214,0,0,13,10,23,39,22,46,130,237,48,48,96,333
06/30/2021,MAF,TX,ASW,CE,Combined TRACON& Tower with Radar,44,27,38,63,172,0,0,21,1,22,44,27,59,64,194,10,0,10,204
07/01/2021,MAF,TX,ASW,CE,Combined TRACON& Tower with Radar,47,20,49,17,133,0,0,38,3,41,47,20,87,20,174,16,8,24,198
07/02/2021,MAF,TX,ASW,CE,Combined TRACON& Tower with Radar,41,15,29,0,85,0,0,13,2,15,41,15,42,2,100,22,0,22,122
07/03/2021,MAF,TX,ASW,CE,Combined TRACON& Tower with Radar,27,17,14,2,60,0,0,5,1,6,27,17,19,3,66,0,0,0,66
07/04/2021,MAF,TX,ASW,CE,Combined TRACON& Tower with Radar,35,6,7,1,49,0,0,8,1,9,35,6,15,2,58,0,0,0,58
07/05/2021,MAF,TX,ASW,CE,Combined TRACON& Tower with Radar,38,10,44,0,92,0,0,8,0,8,38,10,52,0,100,4,0,4,104
07/06/2021,MAF,TX,ASW,CE,Combined TRACON& Tower with Radar,38,19,35,138,230,0,3,8,28,39,38,22,43,166,269,0,92,92,361
07/07/2021,MAF,TX,ASW,CE,Combined TRACON& Tower with Radar,44,21,56,72,193,0,0,28,36,64,44,21,84,108,257,0,88,88,345
07/08/2021,MAF,TX,ASW,CE,Combined TRACON& Tower with Radar,42,25,44,48,159,0,0,23,10,33,42,25,67,58,192,28,46,74,266
07/09/2021,MAF,TX,ASW,CE,Combined TRACON& Tower with Radar,44,18,23,71,156,0,4,26,51,81,44,22,49,122,237,2,142,144,381
07/10/2021,MAF,TX,ASW,CE,Combined TRACON& Tower with Radar,27,14,21,4,66,0,2,11,5,18,27,16,32,9,84,0,34,34,118
07/11/2021,MAF,TX,ASW,CE,Combined TRACON& Tower with Radar,37,5,37,14,93,0,0,20,1,21,37,5,57,15,114,20,0,20,134
07/12/2021,MAF,TX,ASW,CE,Combined TRACON& Tower with Radar,42,10,27,29,108,0,1,21,5,27,42,11,48,34,135,16,30,46,181
07/13/2021,MAF,TX,ASW,CE,Combined TRACON& Tower with Radar,35,30,37,30,132,0,2,30,16,48,35,32,67,46,180,32,62,94,274
07/14/2021,MAF,TX,ASW,CE,Combined TRACON& Tower with Radar,46,20,43,60,169,0,0,31,16,47,46,20,74,76,216,6,40,46,262
07/15/2021,MAF,TX,ASW,CE,Combined TRACON& Tower with Radar,46,24,54,30,154,0,2,10,5,17,46,26,64,35,171,0,0,0,171
07/16/2021,MAF,TX,ASW,CE,Combined TRACON& Tower with Radar,42,25,25,52,144,0,1,15,2,18,42,26,40,54,162,0,0,0,162
07/17/2021,MAF,TX,ASW,CE,Combined TRACON& Tower with Radar,28,20,15,4,67,0,0,19,0,19,28,20,34,4,86,0,0,0,86
07/18/2021,MAF,TX,ASW,CE,Combined TRACON& Tower with Radar,41,11,32,12,96,0,0,12,1,13,41,11,44,13,109,0,0,0,109
07/19/2021,MAF,TX,ASW,CE,Combined TRACON& Tower with Radar,41,18,30,22,111,0,0,15,1,16,41,18,45,23,127,0,0,0,127
07/20/2021,MAF,TX,ASW,CE,Combined TRACON& Tower with Radar,41,27,43,13,124,0,0,18,4,22,41,27,61,17,146,0,0,0,146
07/21/2021,MAF,TX,ASW,CE,Combined TRACON& Tower with Radar,43,26,54,44,167,0,0,27,17,44,43,26,81,61,211,0,0,0,211
07/22/2021,MAF,TX,ASW,CE,Combined TRACON& Tower with Radar,45,24,30,15,114,0,0,23,11,34,45,24,53,26,148,0,0,0,148
07/23/2021,MAF,TX,ASW,CE,Combined TRACON& Tower with Radar,45,16,24,18,103,0,0,5,0,5,45,16,29,18,108,0,0,0,108
07/24/2021,MAF,TX,ASW,CE,Combined TRACON& Tower with Radar,29,23,17,1,70,0,0,19,1,20,29,23,36,2,90,0,0,0,90
07/25/2021,MAF,TX,ASW,CE,Combined TRACON& Tower with Radar,38,6,35,14,93,0,0,4,2,6,38,6,39,16,99,0,0,0,99
07/26/2021,MAF,TX,ASW,CE,Combined TRACON& Tower with Radar,42,12,47,28,129,0,0,18,6,24,42,12,65,34,153,0,0,0,153
07/27/2021,MAF,TX,ASW,CE,Combined TRACON& Tower with Radar,43,22,35,10,110,0,2,12,3,17,43,24,47,13,127,0,0,0,127
07/28/2021,MAF,TX,ASW,CE,Combined TRACON& Tower with Radar,45,23,43,5,116,0,0,7,3,10,45,23,50,8,126,0,0,0,126
07/29/2021,MAF,TX,ASW,CE,Combined TRACON& Tower with Radar,43,20,38,4,105,0,0,16,0,16,43,20,54,4,121,0,0,0,121
07/30/2021,MAF,TX,ASW,CE,Combined TRACON& Tower with Radar,45,19,21,53,138,0,1,9,21,31,45,20,30,74,169,0,0,0,169
07/31/2021,MAF,TX,ASW,CE,Combined TRACON& Tower with Radar,26,18,25,4,73,0,0,12,1,13,26,18,37,5,86,0,0,0,86
08/01/2021,MAF,TX,ASW,CE,Combined TRACON& Tower with Radar,30,13,33,3,79,0,0,4,0,4,30,13,37,3,83,0,0,0,83
08/02/2021,MAF,TX,ASW,CE,Combined TRACON& Tower with Radar,43,18,39,5,105,0,0,6,1,7,43,18,45,6,112,0,0,0,112
08/03/2021,MAF,TX,ASW,CE,Combined TRACON& Tower with Radar,46,15,34,23,118,0,0,22,4,26,46,15,56,27,144,0,0,0,144
08/04/2021,MAF,TX,ASW,CE,Combined TRACON& Tower with Radar,45,16,39,7,107,0,1,34,2,37,45,17,73,9,144,0,0,0,144
08/05/2021,MAF,TX,ASW,CE,Combined TRACON& Tower with Radar,47,14,35,34,130,0,0,21,14,35,47,14,56,48,165,0,0,0,165
08/06/2021,MAF,TX,ASW,CE,Combined TRACON& Tower with Radar,45,16,19,31,111,0,1,19,14,34,45,17,38,45,145,18,12,30,175
08/07/2021,MAF,TX,ASW,CE,Combined TRACON& Tower with Radar,29,14,20,8,71,0,0,18,1,19,29,14,38,9,90,8,0,8,98
08/08/2021,MAF,TX,ASW,CE,Combined TRACON& Tower with Radar,40,6,28,0,74,0,0,11,0,11,40,6,39,0,85,8,0,8,93
08/09/2021,MAF,TX,ASW,CE,Combined TRACON& Tower with Radar,44,12,25,35,116,0,0,23,21,44,44,12,48,56,160,0,0,0,160
08/10/2021,MAF,TX,ASW,CE,Combined TRACON& Tower with Radar,43,15,44,15,117,0,0,25,3,28,43,15,69,18,145,0,0,0,145
08/11/2021,MAF,TX,ASW,CE,Combined TRACON& Tower with Radar,46,18,50,28,142,0,0,9,4,13,46,18,59,32,155,0,0,0,155
08/12/2021,MAF,TX,ASW,CE,Combined TRACON& Tower with Radar,49,18,43,3,113,0,0,10,2,12,49,18,53,5,125,0,0,0,125
08/13/2021,MAF,TX,ASW,CE,Combined TRACON& Tower with Radar,45,23,32,37,137,0,1,10,4,15,45,24,42,41,152,0,0,0,152
08/14/2021,MAF,TX,ASW,CE,Combined TRACON& Tower with Radar,31,16,18,6,71,0,0,9,9,18,31,16,27,15,89,0,0,0,89
08/15/2021,MAF,TX,ASW,CE,Combined TRACON& Tower with Radar,38,12,37,10,97,0,0,8,1,9,38,12,45,11,106,10,4,14,120
08/16/2021,MAF,TX,ASW,CE,Combined TRACON& Tower with Radar,46,16,24,41,127,0,0,20,10,30,46,16,44,51,157,24,38,62,219
08/17/2021,MAF,TX,ASW,CE,Combined TRACON& Tower with Radar,43,20,31,1,95,0,0,11,0,11,43,20,42,1,106,0,0,0,106
08/18/2021,MAF,TX,ASW,CE,Combined TRACON& Tower with Radar,44,26,47,57,174,0,2,20,7,29,44,28,67,64,203,0,0,0,203
08/19/2021,MAF,TX,ASW,CE,Combined TRACON& Tower with Radar,44,16,30,13,103,0,0,22,7,29,44,16,52,20,132,0,0,0,132
08/20/2021,MAF,TX,ASW,CE,Combined TRACON& Tower with Radar,47,15,11,32,105,0,0,19,6,25,47,15,30,38,130,0,0,0,130
08/21/2021,MAF,TX,ASW,CE,Combined TRACON& Tower with Radar,30,14,16,3,63,0,0,17,2,19,30,14,33,5,82,0,0,0,82
08/22/2021,MAF,TX,ASW,CE,Combined TRACON& Tower with Radar,41,6,29,3,79,0,0,13,0,13,41,6,42,3,92,0,4,4,96
08/23/2021,MAF,TX,ASW,CE,Combined TRACON& Tower with Radar,45,15,31,6,97,0,1,20,2,23,45,16,51,8,120,0,0,0,120
08/24/2021,MAF,TX,ASW,CE,Combined TRACON& Tower with Radar,42,20,36,15,113,0,0,22,5,27,42,20,58,20,140,0,0,0,140
08/25/2021,MAF,TX,ASW,CE,Combined TRACON& Tower with Radar,48,12,43,30,133,0,0,22,8,30,48,12,65,38,163,0,0,0,163
08/26/2021,MAF,TX,ASW,CE,Combined TRACON& Tower with Radar,50,17,48,35,150,0,1,26,3,30,50,18,74,38,180,0,0,0,180
08/27/2021,MAF,TX,ASW,CE,Combined TRACON& Tower with Radar,48,14,27,72,161,0,3,13,7,23,48,17,40,79,184,0,0,0,184
08/28/2021,MAF,TX,ASW,CE,Combined TRACON& Tower with Radar,30,20,18,0,68,0,0,5,0,5,30,20,23,0,73,0,0,0,73
08/29/2021,MAF,TX,ASW,CE,Combined TRACON& Tower with Radar,41,4,23,17,85,0,0,9,3,12,41,4,32,20,97,0,0,0,97
08/30/2021,MAF,TX,ASW,CE,Combined TRACON& Tower with Radar,43,11,21,24,99,0,0,16,13,29,43,11,37,37,128,12,0,12,140
08/31/2021,MAF,TX,ASW,CE,Combined TRACON& Tower with Radar,43,22,45,24,134,0,0,26,2,28,43,22,71,26,162,0,0,0,162
09/01/2021,MAF,TX,ASW,CE,Combined TRACON& Tower with Radar,48,22,44,54,168,0,0,20,22,42,48,22,64,76,210,0,0,0,210
09/02/2021,MAF,TX,ASW,CE,Combined TRACON& Tower with Radar,49,20,29,25,123,0,0,9,5,14,49,20,38,30,137,0,0,0,137
09/03/2021,MAF,TX,ASW,CE,Combined TRACON& Tower with Radar,49,14,59,6,128,0,0,20,0,20,49,14,79,6,148,0,0,0,148
09/04/2021,MAF,TX,ASW,CE,Combined TRACON& Tower with Radar,30,7,12,11,60,0,0,16,0,16,30,7,28,11,76,32,0,32,108
09/05/2021,MAF,TX,ASW,CE,Combined TRACON& Tower with Radar,35,6,13,2,56,0,0,10,2,12,35,6,23,4,68,0,0,0,68
09/06/2021,MAF,TX,ASW,CE,Combined TRACON& Tower with Radar,42,11,45,13,111,0,1,17,3,21,42,12,62,16,132,0,0,0,132
09/07/2021,MAF,TX,ASW,CE,Combined TRACON& Tower with Radar,38,19,31,35,123,0,0,32,14,46,38,19,63,49,169,0,0,0,169
09/08/2021,MAF,TX,ASW,CE,Combined TRACON& Tower with Radar,45,16,52,20,133,0,2,39,1,42,45,18,91,21,175,0,0,0,175
09/09/2021,MAF,TX,ASW,CE,Combined TRACON& Tower with Radar,52,22,51,26,151,0,4,32,6,42,52,26,83,32,193,30,12,42,235
09/10/2021,MAF,TX,ASW,CE,Combined TRACON& Tower with Radar,54,16,29,4,103,0,0,33,7,40,54,16,62,11,143,0,0,0,143
09/11/2021,MAF,TX,ASW,CE,Combined TRACON& Tower with Radar,27,15,9,1,52,1,0,21,5,27,28,15,30,6,79,0,0,0,79
09/12/2021,MAF,TX,ASW,CE,Combined TRACON& Tower with Radar,39,9,15,1,64,0,0,32,5,37,39,9,47,6,101,0,0,0,101
09/13/2021,MAF,TX,ASW,CE,Combined TRACON& Tower with Radar,41,16,28,74,159,0,0,15,12,27,41,16,43,86,186,0,0,0,186
09/14/2021,MAF,TX,ASW,CE,Combined TRACON& Tower with Radar,36,19,28,25,108,0,0,25,7,32,36,19,53,32,140,0,0,0,140
09/15/2021,MAF,TX,ASW,CE,Combined TRACON& Tower with Radar,44,13,36,14,107,0,1,28,11,40,44,14,64,25,147,0,0,0,147
09/16/2021,MAF,TX,ASW,CE,Combined TRACON& Tower with Radar,49,17,34,45,145,0,0,23,8,31,49,17,57,53,176,0,0,0,176
09/17/2021,MAF,TX,ASW,CE,Combined TRACON& Tower with Radar,49,16,26,25,116,0,0,12,3,15,49,16,38,28,131,0,0,0,131
09/18/2021,MAF,TX,ASW,CE,Combined TRACON& Tower with Radar,27,11,12,3,53,0,0,20,3,23,27,11,32,6,76,0,0,0,76
09/19/2021,MAF,TX,ASW,CE,Combined TRACON& Tower with Radar,45,5,49,0,99,0,0,24,2,26,45,5,73,2,125,0,0,0,125
09/20/2021,MAF,TX,ASW,CE,Combined TRACON& Tower with Radar,46,13,23,20,102,0,0,18,0,18,46,13,41,20,120,0,0,0,120
09/21/2021,MAF,TX,ASW,CE,Combined TRACON& Tower with Radar,42,15,38,2,97,0,0,10,2,12,42,15,48,4,109,6,0,6,115
09/22/2021,MAF,TX,ASW,CE,Combined TRACON& Tower with Radar,49,11,53,13,126,0,0,32,19,51,49,11,85,32,177,0,0,0,177
09/23/2021,MAF,TX,ASW,CE,Combined TRACON& Tower with Radar,54,13,39,27,133,0,0,30,14,44,54,13,69,41,177,0,0,0,177
09/24/2021,MAF,TX,ASW,CE,Combined TRACON& Tower with Radar,51,20,27,2,100,0,1,13,0,14,51,21,40,2,114,0,0,0,114
09/25/2021,MAF,TX,ASW,CE,Combined TRACON& Tower with Radar,28,8,29,1,66,0,0,11,1,12,28,8,40,2,78,0,0,0,78
09/26/2021,MAF,TX,ASW,CE,Combined TRACON& Tower with Radar,43,9,33,0,85,0,0,6,0,6,43,9,39,0,91,10,0,10,101
09/27/2021,MAF,TX,ASW,CE,Combined TRACON& Tower with Radar,45,15,37,16,113,0,0,18,0,18,45,15,55,16,131,0,0,0,131
09/28/2021,MAF,TX,ASW,CE,Combined TRACON& Tower with Radar,47,17,44,24,132,0,0,29,14,43,47,17,73,38,175,16,72,88,263
09/29/2021,MAF,TX,ASW,CE,Combined TRACON& Tower with Radar,46,19,31,21,117,0,0,26,14,40,46,19,57,35,157,0,0,0,157
09/30/2021,MAF,TX,ASW,CE,Combined TRACON& Tower with Radar,47,24,49,13,133,0,0,18,6,24,47,24,67,19,157,0,0,0,157
10/01/2021,MAF,TX,ASW,CE,Combined TRACON& Tower with Radar,49,14,49,39,151,0,0,18,6,24,49,14,67,45,175,0,0,0,175
10/02/2021,MAF,TX,ASW,CE,Combined TRACON& Tower with Radar,25,12,30,31,98,0,0,16,6,22,25,12,46,37,120,0,0,0,120
10/03/2021,MAF,TX,ASW,CE,Combined TRACON& Tower with Radar,44,13,54,9,120,0,0,10,7,17,44,13,64,16,137,0,0,0,137
10/04/2021,MAF,TX,ASW,CE,Combined TRACON& Tower with Radar,44,12,46,18,120,0,0,29,0,29,44,12,75,18,149,0,0,0,149
10/05/2021,MAF,TX,ASW,CE,Combined TRACON& Tower with Radar,42,19,38,47,146,0,0,27,0,27,42,19,65,47,173,0,0,0,173
10/06/2021,MAF,TX,ASW,CE,Combined TRACON& Tower with Radar,46,19,56,15,136,0,1,24,3,28,46,20,80,18,164,0,0,0,164
10/07/2021,MAF,TX,ASW,CE,Combined TRACON& Tower with Radar,56,18,53,17,144,0,0,25,22,47,56,18,78,39,191,0,0,0,191
10/08/2021,MAF,TX,ASW,CE,Combined TRACON& Tower with Radar,52,17,23,9,101,0,0,21,3,24,52,17,44,12,125,0,0,0,125
10/09/2021,MAF,TX,ASW,CE,Combined TRACON& Tower with Radar,30,9,16,5,60,0,0,14,1,15,30,9,30,6,75,0,0,0,75
10/10/2021,MAF,TX,ASW,CE,Combined TRACON& Tower with Radar,37,9,45,4,95,0,0,3,0,3,37,9,48,4,98,4,0,4,102
10/11/2021,MAF,TX,ASW,CE,Combined TRACON& Tower with Radar,49,17,47,2,115,0,0,21,0,21,49,17,68,2,136,0,0,0,136
10/12/2021,MAF,TX,ASW,CE,Combined TRACON& Tower with Radar,52,20,52,35,159,0,0,9,18,27,52,20,61,53,186,0,0,0,186
10/13/2021,MAF,TX,ASW,CE,Combined TRACON& Tower with Radar,47,20,46,26,139,0,0,12,5,17,47,20,58,31,156,0,0,0,156
10/14/2021,MAF,TX,ASW,CE,Combined TRACON& Tower with Radar,54,24,33,25,136,0,0,17,15,32,54,24,50,40,168,0,0,0,168
10/15/2021,MAF,TX,ASW,CE,Combined TRACON& Tower with Radar,52,13,29,3,97,0,0,27,4,31,52,13,56,7,128,0,0,0,128
10/16/2021,MAF,TX,ASW,CE,Combined TRACON& Tower with Radar,29,12,19,4,64,0,0,15,4,19,29,12,34,8,83,0,0,0,83
10/17/2021,MAF,TX,ASW,CE,Combined TRACON& Tower with Radar,44,10,30,23,107,0,0,21,4,25,44,10,51,27,132,0,0,0,132
10/18/2021,MAF,TX,ASW,CE,Combined TRACON& Tower with Radar,51,18,28,5,102,0,0,22,1,23,51,18,50,6,125,0,0,0,125
10/19/2021,MAF,TX,ASW,CE,Combined TRACON& Tower with Radar,47,29,48,5,129,0,0,23,9,32,47,29,71,14,161,0,0,0,161
10/20/2021,MAF,TX,ASW,CE,Combined TRACON& Tower with Radar,47,22,70,34,173,0,0,28,12,40,47,22,98,46,213,0,0,0,213
10/21/2021,MAF,TX,ASW,CE,Combined TRACON& Tower with Radar,50,24,63,6,143,0,0,8,0,8,50,24,71,6,151,0,0,0,151
10/22/2021,MAF,TX,ASW,CE,Combined TRACON& Tower with Radar,52,13,46,16,127,0,0,23,0,23,52,13,69,16,150,60,0,60,210
10/23/2021,MAF,TX,ASW,CE,Combined TRACON& Tower with Radar,33,8,18,0,59,0,0,11,1,12,33,8,29,1,71,0,0,0,71
10/24/2021,MAF,TX,ASW,CE,Combined TRACON& Tower with Radar,41,15,36,2,94,0,0,14,1,15,41,15,50,3,109,22,0,22,131
10/25/2021,MAF,TX,ASW,CE,Combined TRACON& Tower with Radar,47,17,38,19,121,0,1,17,5,23,47,18,55,24,144,0,0,0,144
10/26/2021,MAF,TX,ASW,CE,Combined TRACON& Tower with Radar,52,20,38,15,125,0,0,18,8,26,52,20,56,23,151,0,0,0,151
10/27/2021,MAF,TX,ASW,CE,Combined TRACON& Tower with Radar,48,22,22,34,126,0,0,11,15,26,48,22,33,49,152,0,22,22,174
10/28/2021,MAF,TX,ASW,CE,Combined TRACON& Tower with Radar,47,24,49,23,143,0,0,23,11,34,47,24,72,34,177,0,0,0,177
10/29/2021,MAF,TX,ASW,CE,Combined TRACON& Tower with Radar,53,13,17,28,111,0,0,17,11,28,53,13,34,39,139,0,0,0,139
10/30/2021,MAF,TX,ASW,CE,Combined TRACON& Tower with Radar,29,10,20,2,61,0,0,14,1,15,29,10,34,3,76,34,0,34,110
10/31/2021,MAF,TX,ASW,CE,Combined TRACON& Tower with Radar,37,13,30,1,81,0,0,9,0,9,37,13,39,1,90,12,0,12,102
11/01/2021,MAF,TX,ASW,CE,Combined TRACON& Tower with Radar,47,15,36,15,113,0,0,8,0,8,47,15,44,15,121,0,0,0,121
11/02/2021,MAF,TX,ASW,CE,Combined TRACON& Tower with Radar,48,29,37,13,127,0,0,0,0,0,48,29,37,13,127,0,0,0,127
11/03/2021,MAF,TX,ASW,CE,Combined TRACON& Tower with Radar,54,28,60,20,162,0,0,3,0,3,54,28,63,20,165,0,0,0,165
11/04/2021,MAF,TX,ASW,CE,Combined TRACON& Tower with Radar,51,19,55,52,177,0,1,5,9,15,51,20,60,61,192,0,62,62,254
11/05/2021,MAF,TX,ASW,CE,Combined TRACON& Tower with Radar,54,16,35,50,155,0,1,25,1,27,54,17,60,51,182,0,0,0,182
11/06/2021,MAF,TX,ASW,CE,Combined TRACON& Tower with Radar,33,20,29,1,83,0,0,27,1,28,33,20,56,2,111,0,0,0,111
11/07/2021,MAF,TX,ASW,CE,Combined TRACON& Tower with Radar,43,22,33,39,137,0,0,22,3,25,43,22,55,42,162,16,4,20,182
11/08/2021,MAF,TX,ASW,CE,Combined TRACON& Tower with Radar,45,24,27,36,132,0,1,26,11,38,45,25,53,47,170,0,0,0,170
11/09/2021,MAF,TX,ASW,CE,Combined TRACON& Tower with Radar,49,26,40,40,155,0,0,39,35,74,49,26,79,75,229,28,88,116,345
11/10/2021,MAF,TX,ASW,CE,Combined TRACON& Tower with Radar,45,24,42,12,123,0,0,18,11,29,45,24,60,23,152,0,0,0,152
11/11/2021,MAF,TX,ASW,CE,Combined TRACON& Tower with Radar,52,23,52,6,133,0,0,19,3,22,52,23,71,9,155,14,0,14,169
11/12/2021,MAF,TX,ASW,CE,Combined TRACON& Tower with Radar,50,13,27,19,109,0,0,25,3,28,50,13,52,22,137,0,0,0,137
11/13/2021,MAF,TX,ASW,CE,Combined TRACON& Tower with Radar,34,12,20,6,72,0,0,10,3,13,34,12,30,9,85,0,0,0,85
11/14/2021,MAF,TX,ASW,CE,Combined TRACON& Tower with Radar,41,12,36,11,100,0,0,19,1,20,41,12,55,12,120,0,0,0,120
11/15/2021,MAF,TX,ASW,CE,Combined TRACON& Tower with Radar,47,21,28,22,118,0,1,17,5,23,47,22,45,27,141,28,44,72,213
11/16/2021,MAF,TX,ASW,CE,Combined TRACON& Tower with Radar,47,22,41,21,131,0,2,21,7,30,47,24,62,28,161,0,0,0,161
11/17/2021,MAF,TX,ASW,CE,Combined TRACON& Tower with Radar,55,24,38,18,135,0,2,22,4,28,55,26,60,22,163,0,0,0,163
11/18/2021,MAF,TX,ASW,CE,Combined TRACON& Tower with Radar,55,29,61,20,165,0,1,15,9,25,55,30,76,29,190,0,0,0,190
11/19/2021,MAF,TX,ASW,CE,Combined TRACON& Tower with Radar,50,25,35,6,116,0,0,23,0,23,50,25,58,6,139,0,0,0,139
11/20/2021,MAF,TX,ASW,CE,Combined TRACON& Tower with Radar,35,10,24,7,76,0,0,18,0,18,35,10,42,7,94,0,0,0,94
11/21/2021,MAF,TX,ASW,CE,Combined TRACON& Tower with Radar,38,11,33,0,82,0,0,11,0,11,38,11,44,0,93,6,0,6,99
11/22/2021,MAF,TX,ASW,CE,Combined TRACON& Tower with Radar,49,14,28,4,95,0,0,25,0,25,49,14,53,4,120,0,0,0,120
11/23/2021,MAF,TX,ASW,CE,Combined TRACON& Tower with Radar,51,13,29,5,98,0,1,19,5,25,51,14,48,10,123,0,0,0,123
11/24/2021,MAF,TX,ASW,CE,Combined TRACON& Tower with Radar,54,13,35,2,104,0,0,10,0,10,54,13,45,2,114,0,0,0,114
11/25/2021,MAF,TX,ASW,CE,Combined TRACON& Tower with Radar,32,4,9,0,45,0,0,2,0,2,32,4,11,0,47,0,0,0,47
11/26/2021,MAF,TX,ASW,CE,Combined TRACON& Tower with Radar,43,14,17,2,76,0,0,17,4,21,43,14,34,6,97,20,0,20,117
11/27/2021,MAF,TX,ASW,CE,Combined TRACON& Tower with Radar,36,16,21,0,73,0,0,8,0,8,36,16,29,0,81,24,0,24,105
11/28/2021,MAF,TX,ASW,CE,Combined TRACON& Tower with Radar,43,11,35,0,89,0,0,13,0,13,43,11,48,0,102,0,0,0,102
11/29/2021,MAF,TX,ASW,CE,Combined TRACON& Tower with Radar,46,10,27,9,92,0,1,17,0,18,46,11,44,9,110,8,8,16,126
11/30/2021,MAF,TX,ASW,CE,Combined TRACON& Tower with Radar,52,23,29,16,120,0,5,20,5,30,52,28,49,21,150,0,0,0,150
12/01/2021,MAF,TX,ASW,CE,Combined TRACON& Tower with Radar,52,15,41,47,155,0,0,33,3,36,52,15,74,50,191,0,0,0,191
12/02/2021,MAF,TX,ASW,CE,Combined TRACON& Tower with Radar,56,16,44,16,132,0,0,31,1,32,56,16,75,17,164,0,0,0,164
12/03/2021,MAF,TX,ASW,CE,Combined TRACON& Tower with Radar,48,12,21,38,119,0,1,33,15,49,48,13,54,53,168,0,0,0,168
12/04/2021,MAF,TX,ASW,CE,Combined TRACON& Tower with Radar,29,24,32,22,107,0,0,19,0,19,29,24,51,22,126,0,0,0,126
12/05/2021,MAF,TX,ASW,CE,Combined TRACON& Tower with Radar,37,17,31,29,114,0,0,17,2,19,37,17,48,31,133,10,0,10,143
12/06/2021,MAF,TX,ASW,CE,Combined TRACON& Tower with Radar,44,15,27,27,113,0,0,20,6,26,44,15,47,33,139,0,0,0,139
12/07/2021,MAF,TX,ASW,CE,Combined TRACON& Tower with Radar,48,23,41,3,115,0,0,32,1,33,48,23,73,4,148,0,0,0,148
12/08/2021,MAF,TX,ASW,CE,Combined TRACON& Tower with Radar,52,18,46,26,142,0,0,29,0,29,52,18,75,26,171,0,0,0,171
12/09/2021,MAF,TX,ASW,CE,Combined TRACON& Tower with Radar,49,23,51,14,137,0,0,20,1,21,49,23,71,15,158,0,0,0,158
12/10/2021,MAF,TX,ASW,CE,Combined TRACON& Tower with Radar,44,15,25,14,98,0,0,17,1,18,44,15,42,15,116,0,0,0,116
12/11/2021,MAF,TX,ASW,CE,Combined TRACON& Tower with Radar,28,19,19,30,96,0,0,34,2,36,28,19,53,32,132,0,0,0,132
12/12/2021,MAF,TX,ASW,CE,Combined TRACON& Tower with Radar,35,10,51,8,104,0,2,48,3,53,35,12,99,11,157,0,0,0,157
12/13/2021,MAF,TX,ASW,CE,Combined TRACON& Tower with Radar,46,11,30,78,165,0,0,27,16,43,46,11,57,94,208,22,86,108,316
12/14/2021,MAF,TX,ASW,CE,Combined TRACON& Tower with Radar,51,17,36,117,221,0,0,13,56,69,51,17,49,173,290,0,0,0,290
12/15/2021,MAF,TX,ASW,CE,Combined TRACON& Tower with Radar,45,26,45,19,135,0,1,31,5,37,45,27,76,24,172,0,0,0,172
12/16/2021,MAF,TX,ASW,CE,Combined TRACON& Tower with Radar,47,15,52,38,152,0,0,31,8,39,47,15,83,46,191,0,0,0,191
12/17/2021,MAF,TX,ASW,CE,Combined TRACON& Tower with Radar,40,25,47,12,124,0,0,33,0,33,40,25,80,12,157,0,0,0,157
12/18/2021,MAF,TX,ASW,CE,Combined TRACON& Tower with Radar,29,16,11,3,59,0,0,53,1,54,29,16,64,4,113,0,0,0,113
12/19/2021,MAF,TX,ASW,CE,Combined TRACON& Tower with Radar,32,14,17,0,63,0,0,38,0,38,32,14,55,0,101,18,0,18,119
12/20/2021,MAF,TX,ASW,CE,Combined TRACON& Tower with Radar,38,17,38,26,119,0,0,32,4,36,38,17,70,30,155,0,0,0,155
12/21/2021,MAF,TX,ASW,CE,Combined TRACON& Tower with Radar,41,26,23,6,96,0,0,33,6,39,41,26,56,12,135,44,10,54,189
12/22/2021,MAF,TX,ASW,CE,Combined TRACON& Tower with Radar,42,20,36,8,106,0,0,42,4,46,42,20,78,12,152,0,0,0,152
12/23/2021,MAF,TX,ASW,CE,Combined TRACON& Tower with Radar,39,20,26,0,85,0,0,9,0,9,39,20,35,0,94,0,0,0,94
12/24/2021,MAF,TX,ASW,CE,Combined TRACON& Tower with Radar,32,17,5,0,54,0,0,1,0,1,32,17,6,0,55,0,0,0,55
12/25/2021,MAF,TX,ASW,CE,Combined TRACON& Tower with Radar,24,14,5,0,43,0,0,11,0,11,24,14,16,0,54,0,0,0,54
12/26/2021,MAF,TX,ASW,CE,Combined TRACON& Tower with Radar,34,11,38,0,83,0,0,9,0,9,34,11,47,0,92,0,0,0,92
12/27/2021,MAF,TX,ASW,CE,Combined TRACON& Tower with Radar,33,21,26,0,80,0,0,14,0,14,33,21,40,0,94,0,0,0,94
12/28/2021,MAF,TX,ASW,CE,Combined TRACON& Tower with Radar,32,18,22,2,74,0,0,9,0,9,32,18,31,2,83,0,0,0,83
12/29/2021,MAF,TX,ASW,CE,Combined TRACON& Tower with Radar,40,17,9,2,68,0,0,7,0,7,40,17,16,2,75,0,0,0,75
12/30/2021,MAF,TX,ASW,CE,Combined TRACON& Tower with Radar,40,18,29,0,87,0,0,14,0,14,40,18,43,0,101,0,0,0,101
12/31/2021,MAF,TX,ASW,CE,Combined TRACON& Tower with Radar,29,15,7,0,51,0,0,10,0,10,29,15,17,0,61,18,0,18,79
01/01/2022,MAF,TX,ASW,CE,Combined TRACON& Tower with Radar,25,16,11,0,52,0,0,3,0,3,25,16,14,0,55,0,0,0,55
01/02/2022,MAF,TX,ASW,CE,Combined TRACON& Tower with Radar,29,12,38,0,79,0,0,15,0,15,29,12,53,0,94,30,0,30,124
01/03/2022,MAF,TX,ASW,CE,Combined TRACON& Tower with Radar,25,22,23,10,80,0,0,17,0,17,25,22,40,10,97,0,0,0,97
01/04/2022,MAF,TX,ASW,CE,Combined TRACON& Tower with Radar,38,19,23,4,84,0,0,12,0,12,38,19,35,4,96,0,0,0,96
01/05/2022,MAF,TX,ASW,CE,Combined TRACON& Tower with Radar,34,17,47,6,104,0,0,16,4,20,34,17,63,10,124,0,0,0,124
01/06/2022,MAF,TX,ASW,CE,Combined TRACON& Tower with Radar,43,16,30,4,93,0,4,22,2,28,43,20,52,6,121,40,0,40,161
01/07/2022,MAF,TX,ASW,CE,Combined TRACON& Tower with Radar,38,14,24,31,107,0,0,26,7,33,38,14,50,38,140,16,6,22,162
01/08/2022,MAF,TX,ASW,CE,Combined TRACON& Tower with Radar,23,9,10,26,68,0,0,8,0,8,23,9,18,26,76,4,0,4,80
01/09/2022,MAF,TX,ASW,CE,Combined TRACON& Tower with Radar,33,12,17,23,85,0,0,5,4,9,33,12,22,27,94,6,0,6,100
01/10/2022,MAF,TX,ASW,CE,Combined TRACON& Tower with Radar,31,19,23,3,76,0,0,15,0,15,31,19,38,3,91,0,0,0,91
01/11/2022,MAF,TX,ASW,CE,Combined TRACON& Tower with Radar,41,24,28,34,127,0,0,28,9,37,41,24,56,43,164,0,56,56,220
01/12/2022,MAF,TX,ASW,CE,Combined TRACON& Tower with Radar,40,18,39,32,129,0,0,26,5,31,40,18,65,37,160,0,0,0,160
01/13/2022,MAF,TX,ASW,CE,Combined TRACON& Tower with Radar,36,19,39,8,102,0,0,19,2,21,36,19,58,10,123,0,0,0,123
01/14/2022,MAF,TX,ASW,CE,Combined TRACON& Tower with Radar,41,19,37,15,112,0,0,20,3,23,41,19,57,18,135,0,0,0,135
01/15/2022,MAF,TX,ASW,CE,Combined TRACON& Tower with Radar,24,16,14,12,66,0,0,12,0,12,24,16,26,12,78,0,0,0,78
01/16/2022,MAF,TX,ASW,CE,Combined TRACON& Tower with Radar,30,15,40,10,95,0,0,15,2,17,30,15,55,12,112,0,0,0,112
01/17/2022,MAF,TX,ASW,CE,Combined TRACON& Tower with Radar,40,18,38,15,111,0,1,23,4,28,40,19,61,19,139,0,0,0,139
01/18/2022,MAF,TX,ASW,CE,Combined TRACON& Tower with Radar,37,23,31,3,94,0,0,15,8,23,37,23,46,11,117,0,0,0,117
01/19/2022,MAF,TX,ASW,CE,Combined TRACON& Tower with Radar,40,25,35,14,114,0,4,20,5,29,40,29,55,19,143,0,0,0,143
01/20/2022,MAF,TX,ASW,CE,Combined TRACON& Tower with Radar,36,25,26,17,104,0,0,13,6,19,36,25,39,23,123,0,36,36,159
01/21/2022,MAF,TX,ASW,CE,Combined TRACON& Tower with Radar,42,16,24,40,122,0,1,18,0,19,42,17,42,40,141,0,0,0,141
01/22/2022,MAF,TX,ASW,CE,Combined TRACON& Tower with Radar,20,13,10,8,51,0,0,6,0,6,20,13,16,8,57,0,0,0,57
01/23/2022,MAF,TX,ASW,CE,Combined TRACON& Tower with Radar,36,20,26,4,86,0,0,13,1,14,36,20,39,5,100,18,0,18,118
01/24/2022,MAF,TX,ASW,CE,Combined TRACON& Tower with Radar,37,17,30,19,103,0,1,19,11,31,37,18,49,30,134,0,0,0,134
01/25/2022,MAF,TX,ASW,CE,Combined TRACON& Tower with Radar,36,38,35,27,136,0,5,17,7,29,36,43,52,34,165,12,18,30,195
01/26/2022,MAF,TX,ASW,CE,Combined TRACON& Tower with Radar,38,24,39,3,104,0,0,0,0,0,38,24,39,3,104,0,0,0,104
01/27/2022,MAF,TX,ASW,CE,Combined TRACON& Tower with Radar,43,31,41,13,128,0,0,12,3,15,43,31,53,16,143,0,4,4,147
01/28/2022,MAF,TX,ASW,CE,Combined TRACON& Tower with Radar,39,18,40,23,120,0,1,26,4,31,39,19,66,27,151,16,26,42,193
01/29/2022,MAF,TX,ASW,CE,Combined TRACON& Tower with Radar,24,15,13,4,56,0,0,15,0,15,24,15,28,4,71,6,16,22,93
01/30/2022,MAF,TX,ASW,CE,Combined TRACON& Tower with Radar,35,22,25,1,83,0,0,12,1,13,35,22,37,2,96,0,0,0,96
01/31/2022,MAF,TX,ASW,CE,Combined TRACON& Tower with Radar,39,17,29,51,136,0,0,11,8,19,39,17,40,59,155,6,80,86,241
02/01/2022,MAF,TX,ASW,CE,Combined TRACON& Tower with Radar,39,29,47,30,145,0,3,39,10,52,39,32,86,40,197,0,0,0,197
02/02/2022,MAF,TX,ASW,CE,Combined TRACON& Tower with Radar,37,17,38,10,102,0,0,8,0,8,37,17,46,10,110,0,0,0,110
02/03/2022,MAF,TX,ASW,CE,Combined TRACON& Tower with Radar,20,8,11,1,40,0,0,0,0,0,20,8,11,1,40,0,0,0,40
02/04/2022,MAF,TX,ASW,CE,Combined TRACON& Tower with Radar,22,13,39,60,134,0,0,10,10,20,22,13,49,70,154,0,0,0,154
02/05/2022,MAF,TX,ASW,CE,Combined TRACON& Tower with Radar,21,15,14,8,58,0,0,18,2,20,21,15,32,10,78,0,0,0,78
02/06/2022,MAF,TX,ASW,CE,Combined TRACON& Tower with Radar,36,15,34,6,91,0,0,10,2,12,36,15,44,8,103,0,0,0,103
02/07/2022,MAF,TX,ASW,CE,Combined TRACON& Tower with Radar,40,24,28,14,106,0,0,32,5,37,40,24,60,19,143,0,0,0,143
02/08/2022,MAF,TX,ASW,CE,Combined TRACON& Tower with Radar,37,26,37,25,125,0,0,19,7,26,37,26,56,32,151,0,0,0,151
02/09/2022,MAF,TX,ASW,CE,Combined TRACON& Tower with Radar,36,23,50,7,116,0,0,22,4,26,36,23,72,11,142,0,0,0,142
02/10/2022,MAF,TX,ASW,CE,Combined TRACON& Tower with Radar,40,32,51,4,127,0,2,16,1,19,40,34,67,5,146,26,0,26,172
02/11/2022,MAF,TX,ASW,CE,Combined TRACON& Tower with Radar,43,23,47,48,161,0,1,16,8,25,43,24,63,56,186,0,64,64,250
02/12/2022,MAF,TX,ASW,CE,Combined TRACON& Tower with Radar,27,7,19,0,53,0,1,8,2,11,27,8,27,2,64,0,0,0,64
02/13/2022,MAF,TX,ASW,CE,Combined TRACON& Tower with Radar,41,17,26,13,97,0,1,10,12,23,41,18,36,25,120,28,0,28,148
02/14/2022,MAF,TX,ASW,CE,Combined TRACON& Tower with Radar,41,17,35,22,115,0,0,15,1,16,41,17,50,23,131,0,10,10,141
02/15/2022,MAF,TX,ASW,CE,Combined TRACON& Tower with Radar,41,21,48,27,137,0,5,17,6,28,41,26,65,33,165,0,0,0,165
02/16/2022,MAF,TX,ASW,CE,Combined TRACON& Tower with Radar,39,25,48,13,125,0,1,12,2,15,39,26,60,15,140,0,0,0,140
02/17/2022,MAF,TX,ASW,CE,Combined TRACON& Tower with Radar,45,25,40,13,123,0,0,7,6,13,45,25,47,19,136,8,40,48,184
02/18/2022,MAF,TX,ASW,CE,Combined TRACON& Tower with Radar,42,20,35,83,180,0,0,28,2,30,42,20,63,85,210,0,12,12,222
02/19/2022,MAF,TX,ASW,CE,Combined TRACON& Tower with Radar,28,9,18,23,78,0,0,12,3,15,28,9,30,26,93,36,0,36,129
02/20/2022,MAF,TX,ASW,CE,Combined TRACON& Tower with Radar,40,14,26,4,84,0,0,9,2,11,40,14,35,6,95,30,0,30,125
02/21/2022,MAF,TX,ASW,CE,Combined TRACON& Tower with Radar,40,9,44,20,113,0,0,9,1,10,40,9,53,21,123,0,0,0,123
02/22/2022,MAF,TX,ASW,CE,Combined TRACON& Tower with Radar,42,12,41,40,135,0,1,27,8,36,42,13,68,48,171,4,86,90,261
02/23/2022,MAF,TX,ASW,CE,Combined TRACON& Tower with Radar,30,23,46,15,114,0,0,9,3,12,30,23,55,18,126,0,0,0,126
02/24/2022,MAF,TX,ASW,CE,Combined TRACON& Tower with Radar,29,17,51,26,123,0,0,12,22,34,29,17,63,48,157,28,90,118,275
02/25/2022,MAF,TX,ASW,CE,Combined TRACON& Tower with Radar,45,14,28,48,135,0,1,7,3,11,45,15,35,51,146,0,0,0,146
02/26/2022,MAF,TX,ASW,CE,Combined TRACON& Tower with Radar,29,9,5,25,68,0,0,13,4,17,29,9,18,29,85,54,0,54,139
02/27/2022,MAF,TX,ASW,CE,Combined TRACON& Tower with Radar,42,13,41,26,122,0,0,11,8,19,42,13,52,34,141,0,0,0,141
02/28/2022,MAF,TX,ASW,CE,Combined TRACON& Tower with Radar,42,16,42,20,120,0,0,18,0,18,42,16,60,20,138,0,0,0,138
03/01/2022,MAF,TX,ASW,CE,Combined TRACON& Tower with Radar,40,24,49,25,138,0,0,26,5,31,40,24,75,30,169,0,34,34,203
03/02/2022,MAF,TX,ASW,CE,Combined TRACON& Tower with Radar,41,20,43,38,142,0,0,16,3,19,41,20,59,41,161,0,0,0,161
03/03/2022,MAF,TX,ASW,CE,Combined TRACON& Tower with Radar,42,24,51,46,163,0,1,21,15,37,42,25,72,61,200,12,82,94,294
03/04/2022,MAF,TX,ASW,CE,Combined TRACON& Tower with Radar,40,30,34,51,155,0,1,19,30,50,40,31,53,81,205,8,76,84,289
03/05/2022,MAF,TX,ASW,CE,Combined TRACON& Tower with Radar,28,12,21,11,72,0,1,29,1,31,28,13,50,12,103,30,16,46,149
03/06/2022,MAF,TX,ASW,CE,Combined TRACON& Tower with Radar,31,6,30,14,81,0,0,6,2,8,31,6,36,16,89,0,0,0,89
03/07/2022,MAF,TX,ASW,CE,Combined TRACON& Tower with Radar,38,21,31,27,117,0,0,23,2,25,38,21,54,29,142,18,22,40,182
03/08/2022,MAF,TX,ASW,CE,Combined TRACON& Tower with Radar,39,25,45,72,181,0,1,19,26,46,39,26,64,98,227,14,108,122,349
03/09/2022,MAF,TX,ASW,CE,Combined TRACON& Tower with Radar,39,19,44,29,131,0,1,22,11,34,39,20,66,40,165,0,0,0,165
03/10/2022,MAF,TX,ASW,CE,Combined TRACON& Tower with Radar,41,22,51,9,123,0,1,28,2,31,41,23,79,11,154,4,0,4,158
03/11/2022,MAF,TX,ASW,CE,Combined TRACON& Tower with Radar,44,22,22,27,115,0,1,3,5,9,44,23,25,32,124,0,24,24,148
03/12/2022,MAF,TX,ASW,CE,Combined TRACON& Tower with Radar,27,18,38,12,95,0,1,15,0,16,27,19,53,12,111,0,2,2,113
03/13/2022,MAF,TX,ASW,CE,Combined TRACON& Tower with Radar,34,7,29,26,96,0,1,14,3,18,34,8,43,29,114,10,10,20,134
03/14/2022,MAF,TX,ASW,CE,Combined TRACON& Tower with Radar,38,18,30,15,101,0,0,8,10,18,38,18,38,25,119,0,34,34,153
03/15/2022,MAF,TX,ASW,CE,Combined TRACON& Tower with Radar,39,18,32,68,157,0,0,23,8,31,39,18,55,76,188,28,56,84,272
03/16/2022,MAF,TX,ASW,CE,Combined TRACON& Tower with Radar,38,22,45,37,142,0,1,8,7,16,38,23,53,44,158,0,26,26,184
03/17/2022,MAF,TX,ASW,CE,Combined TRACON& Tower with Radar,42,21,32,23,118,0,0,7,3,10,42,21,39,26,128,14,6,20,148
03/18/2022,MAF,TX,ASW,CE,Combined TRACON& Tower with Radar,40,18,32,12,102,0,0,20,8,28,40,18,52,20,130,0,0,0,130
03/19/2022,MAF,TX,ASW,CE,Combined TRACON& Tower with Radar,30,15,13,3,61,0,0,21,3,24,30,15,34,6,85,56,0,56,141
03/20/2022,MAF,TX,ASW,CE,Combined TRACON& Tower with Radar,38,13,33,6,90,0,0,5,2,7,38,13,38,8,97,0,0,0,97
03/21/2022,MAF,TX,ASW,CE,Combined TRACON& Tower with Radar,33,17,38,25,113,0,4,2,2,8,33,21,40,27,121,2,10,12,133
03/22/2022,MAF,TX,ASW,CE,Combined TRACON& Tower with Radar,38,28,40,18,124,0,0,6,7,13,38,28,46,25,137,0,0,0,137
03/23/2022,MAF,TX,ASW,CE,Combined TRACON& Tower with Radar,41,27,60,20,148,0,0,12,2,14,41,27,72,22,162,0,0,0,162
03/24/2022,MAF,TX,ASW,CE,Combined TRACON& Tower with Radar,41,27,40,18,126,0,0,12,6,18,41,27,52,24,144,0,36,36,180
03/25/2022,MAF,TX,ASW,CE,Combined TRACON& Tower with Radar,41,16,25,9,91,0,1,20,13,34,41,17,45,22,125,16,44,60,185
03/26/2022,MAF,TX,ASW,CE,Combined TRACON& Tower with Radar,29,13,19,6,67,0,0,18,0,18,29,13,37,6,85,0,0,0,85
03/27/2022,MAF,TX,ASW,CE,Combined TRACON& Tower with Radar,39,5,24,3,71,0,0,17,2,19,39,5,41,5,90,6,0,6,96
03/28/2022,MAF,TX,ASW,CE,Combined TRACON& Tower with Radar,40,13,19,14,86,0,0,11,6,17,40,13,30,20,103,0,0,0,103
03/29/2022,MAF,TX,ASW,CE,Combined TRACON& Tower with Radar,44,17,48,26,135,0,1,7,12,20,44,18,55,38,155,0,18,18,173
03/30/2022,MAF,TX,ASW,CE,Combined TRACON& Tower with Radar,43,24,37,18,122,0,1,13,10,24,43,25,50,28,146,6,76,82,228
03/31/2022,MAF,TX,ASW,CE,Combined TRACON& Tower with Radar,45,27,36,21,129,0,0,11,3,14,45,27,47,24,143,0,0,0,143
04/01/2022,MAF,TX,ASW,CE,Combined TRACON& Tower with Radar,44,17,27,16,104,0,1,10,4,15,44,18,37,20,119,20,0,20,139
04/02/2022,MAF,TX,ASW,CE,Combined TRACON& Tower with Radar,31,16,7,1,55,0,0,21,1,22,31,16,28,2,77,6,0,6,83
04/03/2022,MAF,TX,ASW,CE,Combined TRACON& Tower with Radar,40,19,23,0,82,0,0,9,0,9,40,19,32,0,91,10,0,10,101
04/04/2022,MAF,TX,ASW,CE,Combined TRACON& Tower with Radar,37,15,47,57,156,0,1,12,30,43,37,16,59,87,199,0,0,0,199
04/05/2022,MAF,TX,ASW,CE,Combined TRACON& Tower with Radar,48,30,41,31,150,0,0,13,5,18,48,30,54,36,168,0,0,0,168
04/06/2022,MAF,TX,ASW,CE,Combined TRACON& Tower with Radar,52,32,49,44,177,0,0,20,5,25,52,32,69,49,202,0,0,0,202
04/07/2022,MAF,TX,ASW,CE,Combined TRACON& Tower with Radar,53,26,36,34,149,0,0,14,6,20,53,26,50,40,169,0,26,26,195
04/08/2022,MAF,TX,ASW,CE,Combined TRACON& Tower with Radar,48,16,25,16,105,0,0,22,2,24,48,16,47,18,129,0,0,0,129
04/09/2022,MAF,TX,ASW,CE,Combined TRACON& Tower with Radar,38,11,8,2,59,0,0,14,0,14,38,11,22,2,73,6,0,6,79
04/10/2022,MAF,TX,ASW,CE,Combined TRACON& Tower with Radar,50,16,30,7,103,0,0,10,3,13,50,16,40,10,116,3,0,3,119
04/11/2022,MAF,TX,ASW,CE,Combined TRACON& Tower with Radar,47,22,38,18,125,0,0,11,3,14,47,22,49,21,139,0,14,14,153
04/12/2022,MAF,TX,ASW,CE,Combined TRACON& Tower with Radar,47,32,39,24,142,0,0,6,12,18,47,32,45,36,160,8,90,98,258
04/13/2022,MAF,TX,ASW,CE,Combined TRACON& Tower with Radar,49,27,38,8,122,0,1,17,6,24,49,28,55,14,146,0,0,0,146
04/14/2022,MAF,TX,ASW,CE,Combined TRACON& Tower with Radar,50,27,41,23,141,0,0,25,18,43,50,27,66,41,184,0,0,0,184
04/15/2022,MAF,TX,ASW,CE,Combined TRACON& Tower with Radar,51,17,33,43,144,0,0,11,15,26,51,17,44,58,170,0,54,54,224
04/16/2022,MAF,TX,ASW,CE,Combined TRACON& Tower with Radar,38,9,8,4,59,0,0,7,0,7,38,9,15,4,66,14,0,14,80
04/17/2022,MAF,TX,ASW,CE,Combined TRACON& Tower with Radar,49,9,20,1,79,0,0,6,1,7,49,9,26,2,86,0,0,0,86
04/18/2022,MAF,TX,ASW,CE,Combined TRACON& Tower with Radar,49,26,59,48,182,0,1,17,33,51,49,27,76,81,233,2,74,76,309
04/19/2022,MAF,TX,ASW,CE,Combined TRACON& Tower with Radar,49,35,42,0,126,0,1,7,0,8,49,36,49,0,134,8,0,8,142
04/20/2022,MAF,TX,ASW,CE,Combined TRACON& Tower with Radar,52,20,54,5,131,0,0,14,9,23,52,20,68,14,154,0,42,42,196
04/21/2022,MAF,TX,ASW,CE,Combined TRACON& Tower with Radar,52,25,64,42,183,0,0,24,7,31,52,25,88,49,214,20,92,112,326
04/22/2022,MAF,TX,ASW,CE,Combined TRACON& Tower with Radar,52,26,27,28,133,0,2,0,3,5,52,28,27,31,138,0,60,60,198
04/23/2022,MAF,TX,ASW,CE,Combined TRACON& Tower with Radar,41,19,16,32,108,0,0,11,7,18,41,19,27,39,126,0,0,0,126
04/24/2022,MAF,TX,ASW,CE,Combined TRACON& Tower with Radar,48,17,40,8,113,0,0,18,1,19,48,17,58,9,132,0,0,0,132
04/25/2022,MAF,TX,ASW,CE,Combined TRACON& Tower with Radar,47,29,31,5,112,0,1,11,3,15,47,30,42,8,127,0,0,0,127
04/26/2022,MAF,TX,ASW,CE,Combined TRACON& Tower with Radar,46,21,36,46,149,0,2,14,10,26,46,23,50,56,175,0,36,36,211
04/27/2022,MAF,TX,ASW,CE,Combined TRACON& Tower with Radar,50,20,40,25,135,0,4,14,21,39,50,24,54,46,174,0,0,0,174
04/28/2022,MAF,TX,ASW,CE,Combined TRACON& Tower with Radar,54,19,38,25,136,0,0,21,14,35,54,19,59,39,171,0,0,0,171
04/29/2022,MAF,TX,ASW,CE,Combined TRACON& Tower with Radar,51,19,24,29,123,0,0,17,4,21,51,19,41,33,144,0,0,0,144
04/30/2022,MAF,TX,ASW,CE,Combined TRACON& Tower with Radar,37,9,9,30,85,0,0,14,7,21,37,9,23,37,106,0,0,0,106
05/01/2022,MAF,TX,ASW,CE,Combined TRACON& Tower with Radar,42,11,23,4,80,0,0,10,0,10,42,11,33,4,90,0,0,0,90
05/02/2022,MAF,TX,ASW,CE,Combined TRACON& Tower with Radar,49,14,44,21,128,0,0,10,10,20,49,14,54,31,148,0,0,0,148
05/03/2022,MAF,TX,ASW,CE,Combined TRACON& Tower with Radar,51,22,28,51,152,0,3,11,16,30,51,25,39,67,182,0,0,0,182
05/04/2022,MAF,TX,ASW,CE,Combined TRACON& Tower with Radar,47,26,50,58,181,0,1,9,5,15,47,27,59,63,196,0,38,38,234
05/05/2022,MAF,TX,ASW,CE,Combined TRACON& Tower with Radar,42,28,37,37,144,0,1,18,14,33,42,29,55,51,177,0,76,76,253
05/06/2022,MAF,TX,ASW,CE,Combined TRACON& Tower with Radar,54,22,42,14,132,0,0,16,3,19,54,22,58,17,151,0,0,0,151
05/07/2022,MAF,TX,ASW,CE,Combined TRACON& Tower with Radar,38,11,4,0,53,0,0,4,0,4,38,11,8,0,57,0,0,0,57
05/08/2022,MAF,TX,ASW,CE,Combined TRACON& Tower with Radar,44,16,27,6,93,0,0,12,0,12,44,16,39,6,105,0,0,0,105
05/09/2022,MAF,TX,ASW,CE,Combined TRACON& Tower with Radar,49,17,40,19,125,0,0,12,5,17,49,17,52,24,142,0,0,0,142
05/10/2022,MAF,TX,ASW,CE,Combined TRACON& Tower with Radar,46,27,29,23,125,0,6,12,11,29,46,33,41,34,154,0,40,40,194
05/11/2022,MAF,TX,ASW,CE,Combined TRACON& Tower with Radar,50,26,51,39,166,0,0,13,0,13,50,26,64,39,179,0,0,0,179
05/12/2022,MAF,TX,ASW,CE,Combined TRACON& Tower with Radar,51,26,52,29,158,0,3,23,2,28,51,29,75,31,186,12,6,18,204
05/13/2022,MAF,TX,ASW,CE,Combined TRACON& Tower with Radar,49,20,34,29,132,0,1,16,1,18,49,21,50,30,150,0,0,0,150
05/14/2022,MAF,TX,ASW,CE,Combined TRACON& Tower with Radar,38,11,12,2,63,0,1,18,0,19,38,12,30,2,82,14,0,14,96
05/15/2022,MAF,TX,ASW,CE,Combined TRACON& Tower with Radar,47,14,39,13,113,0,0,13,1,14,47,14,52,14,127,16,0,16,143
05/16/2022,MAF,TX,ASW,CE,Combined TRACON& Tower with Radar,47,19,40,18,124,0,0,10,0,10,47,19,50,18,134,0,0,0,134
05/17/2022,MAF,TX,ASW,CE,Combined TRACON& Tower with Radar,49,25,37,11,122,0,0,7,5,12,49,25,44,16,134,0,0,0,134
05/18/2022,MAF,TX,ASW,CE,Combined TRACON& Tower with Radar,52,19,41,12,124,0,0,16,13,29,52,19,57,25,153,0,0,0,153
05/19/2022,MAF,TX,ASW,CE,Combined TRACON& Tower with Radar,51,22,44,4,121,0,0,12,12,24,51,22,56,16,145,4,70,74,219
05/20/2022,MAF,TX,ASW,CE,Combined TRACON& Tower with Radar,49,20,26,29,124,0,0,7,6,13,49,20,33,35,137,0,0,0,137
05/21/2022,MAF,TX,ASW,CE,Combined TRACON& Tower with Radar,38,17,18,17,90,0,0,5,4,9,38,17,23,21,99,0,0,0,99
05/22/2022,MAF,TX,ASW,CE,Combined TRACON& Tower with Radar,45,8,29,28,110,0,0,15,5,20,45,8,44,33,130,16,0,16,146
05/23/2022,MAF,TX,ASW,CE,Combined TRACON& Tower with Radar,47,14,42,3,106,0,0,4,1,5,47,14,46,4,111,2,0,2,113
05/24/2022,MAF,TX,ASW,CE,Combined TRACON& Tower with Radar,39,15,30,49,133,0,0,5,14,19,39,15,35,63,152,0,106,106,258
05/25/2022,MAF,TX,ASW,CE,Combined TRACON& Tower with Radar,48,32,49,32,161,0,1,31,17,49,48,33,80,49,210,12,20,32,242
05/26/2022,MAF,TX,ASW,CE,Combined TRACON& Tower with Radar,51,34,47,44,176,0,1,25,14,40,51,35,72,58,216,18,96,114,330
05/27/2022,MAF,TX,ASW,CE,Combined TRACON& Tower with Radar,51,19,26,0,96,0,1,17,0,18,51,20,43,0,114,0,0,0,114
05/28/2022,MAF,TX,ASW,CE,Combined TRACON& Tower with Radar,38,15,13,0,66,0,0,6,0,6,38,15,19,0,72,22,0,22,94
05/29/2022,MAF,TX,ASW,CE,Combined TRACON& Tower with Radar,43,9,22,0,74,0,0,8,0,8,43,9,30,0,82,0,0,0,82
05/30/2022,MAF,TX,ASW,CE,Combined TRACON& Tower with Radar,46,9,22,1,78,0,0,13,1,14,46,9,35,2,92,0,0,0,92
05/31/2022,MAF,TX,ASW,CE,Combined TRACON& Tower with Radar,50,17,41,20,128,0,4,12,8,24,50,21,53,28,152,0,0,0,152
06/01/2022,MAF,TX,ASW,CE,Combined TRACON& Tower with Radar,46,14,47,50,157,0,0,5,11,16,46,14,52,61,173,0,68,68,241
06/02/2022,MAF,TX,ASW,CE,Combined TRACON& Tower with Radar,48,23,46,18,135,0,0,3,1,4,48,23,49,19,139,26,0,26,165
06/03/2022,MAF,TX,ASW,CE,Combined TRACON& Tower with Radar,50,12,37,62,161,0,0,15,6,21,50,12,52,68,182,30,14,44,226
06/04/2022,MAF,TX,ASW,CE,Combined TRACON& Tower with Radar,26,22,13,14,75,0,0,14,3,17,26,22,27,17,92,20,0,20,112
06/05/2022,MAF,TX,ASW,CE,Combined TRACON& Tower with Radar,52,14,35,8,109,0,0,14,2,16,52,14,49,10,125,0,0,0,125
06/06/2022,MAF,TX,ASW,CE,Combined TRACON& Tower with Radar,52,20,35,8,115,0,1,16,9,26,52,21,51,17,141,0,0,0,141
06/07/2022,MAF,TX,ASW,CE,Combined TRACON& Tower with Radar,56,31,44,12,143,0,1,20,1,22,56,32,64,13,165,4,16,20,185
06/08/2022,MAF,TX,ASW,CE,Combined TRACON& Tower with Radar,59,16,49,28,152,0,0,12,6,18,59,16,61,34,170,0,0,0,170
06/09/2022,MAF,TX,ASW,CE,Combined TRACON& Tower with Radar,58,29,39,12,138,0,0,19,5,24,58,29,58,17,162,0,0,0,162
06/10/2022,MAF,TX,ASW,CE,Combined TRACON& Tower with Radar,53,24,31,53,161,0,0,18,6,24,53,24,49,59,185,22,22,44,229
06/11/2022,MAF,TX,ASW,CE,Combined TRACON& Tower with Radar,28,24,21,6,79,0,0,28,1,29,28,24,49,7,108,6,0,6,114
06/12/2022,MAF,TX,ASW,CE,Combined TRACON& Tower with Radar,51,11,38,12,112,0,0,11,3,14,51,11,49,15,126,0,0,0,126
06/13/2022,MAF,TX,ASW,CE,Combined TRACON& Tower with Radar,53,25,31,7,116,0,0,11,2,13,53,25,42,9,129,0,0,0,129
06/14/2022,MAF,TX,ASW,CE,Combined TRACON& Tower with Radar,53,11,45,22,131,0,0,16,12,28,53,11,61,34,159,40,38,78,237
06/15/2022,MAF,TX,ASW,CE,Combined TRACON& Tower with Radar,57,19,41,31,148,0,3,22,2,27,57,22,63,33,175,0,0,0,175
06/16/2022,MAF,TX,ASW,CE,Combined TRACON& Tower with Radar,54,21,43,14,132,0,1,16,5,22,54,22,59,19,154,0,0,0,154
06/17/2022,MAF,TX,ASW,CE,Combined TRACON& Tower with Radar,56,24,28,29,137,0,1,20,9,30,56,25,48,38,167,80,30,110,277
06/18/2022,MAF,TX,ASW,CE,Combined TRACON& Tower with Radar,30,18,28,7,83,0,0,12,3,15,30,18,40,10,98,0,0,0,98
06/19/2022,MAF,TX,ASW,CE,Combined TRACON& Tower with Radar,51,10,28,0,89,0,0,6,0,6,51,10,34,0,95,6,0,6,101
06/20/2022,MAF,TX,ASW,CE,Combined TRACON& Tower with Radar,53,14,25,0,92,0,0,7,0,7,53,14,32,0,99,0,0,0,99
06/21/2022,MAF,TX,ASW,CE,Combined TRACON& Tower with Radar,52,19,35,17,123,0,0,19,6,25,52,19,54,23,148,2,52,54,202
06/22/2022,MAF,TX,ASW,CE,Combined TRACON& Tower with Radar,54,17,34,20,125,0,0,10,8,18,54,17,44,28,143,0,0,0,143
06/23/2022,MAF,TX,ASW,CE,Combined TRACON& Tower with Radar,51,16,49,29,145,0,3,24,12,39,51,19,73,41,184,0,0,0,184
06/24/2022,MAF,TX,ASW,CE,Combined TRACON& Tower with Radar,50,16,35,40,141,0,3,20,7,30,50,19,55,47,171,0,9,9,180
06/25/2022,MAF,TX,ASW,CE,Combined TRACON& Tower with Radar,31,16,12,7,66,0,1,18,1,20,31,17,30,8,86,52,6,58,144
06/26/2022,MAF,TX,ASW,CE,Combined TRACON& Tower with Radar,46,9,28,8,91,0,0,9,1,10,46,9,37,9,101,4,0,4,105
06/27/2022,MAF,TX,ASW,CE,Combined TRACON& Tower with Radar,57,17,38,28,140,0,0,6,3,9,57,17,44,31,149,0,0,0,149
06/28/2022,MAF,TX,ASW,CE,Combined TRACON& Tower with Radar,53,29,46,18,146,0,0,22,10,32,53,29,68,28,178,10,58,68,246
06/29/2022,MAF,TX,ASW,CE,Combined TRACON& Tower with Radar,54,18,46,38,156,0,0,17,13,30,54,18,63,51,186,46,66,112,298
06/30/2022,MAF,TX,ASW,CE,Combined TRACON& Tower with Radar,53,26,52,21,152,0,0,19,6,25,53,26,71,27,177,0,4,4,181
07/01/2022,MAF,TX,ASW,CE,Combined TRACON& Tower with Radar,58,16,39,0,113,0,0,18,1,19,58,16,57,1,132,10,0,10,142
07/02/2022,MAF,TX,ASW,CE,Combined TRACON& Tower with Radar,32,15,30,2,79,0,1,14,1,16,32,16,44,3,95,12,0,12,107
07/03/2022,MAF,TX,ASW,CE,Combined TRACON& Tower with Radar,49,4,9,1,63,0,0,4,1,5,49,4,13,2,68,12,0,12,80
07/04/2022,MAF,TX,ASW,CE,Combined TRACON& Tower with Radar,51,8,14,0,73,0,0,8,0,8,51,8,22,0,81,0,0,0,81
07/05/2022,MAF,TX,ASW,CE,Combined TRACON& Tower with Radar,53,16,28,8,105,0,0,8,3,11,53,16,36,11,116,0,24,24,140
07/06/2022,MAF,TX,ASW,CE,Combined TRACON& Tower with Radar,54,22,50,9,135,0,0,13,3,16,54,22,63,12,151,16,14,30,181
07/07/2022,MAF,TX,ASW,CE,Combined TRACON& Tower with Radar,57,19,42,19,137,0,2,25,16,43,57,21,67,35,180,38,64,102,282
07/08/2022,MAF,TX,ASW,CE,Combined TRACON& Tower with Radar,53,13,31,46,143,0,0,16,3,19,53,13,47,49,162,30,20,50,212
07/09/2022,MAF,TX,ASW,CE,Combined TRACON& Tower with Radar,28,14,11,19,72,0,0,31,2,33,28,14,42,21,105,0,0,0,105
07/10/2022,MAF,TX,ASW,CE,Combined TRACON& Tower with Radar,52,10,36,15,113,0,0,13,1,14,52,10,49,16,127,16,0,16,143
07/11/2022,MAF,TX,ASW,CE,Combined TRACON& Tower with Radar,53,19,41,9,122,0,0,14,3,17,53,19,55,12,139,0,0,0,139
07/12/2022,MAF,TX,ASW,CE,Combined TRACON& Tower with Radar,47,25,35,16,123,0,2,14,6,22,47,27,49,22,145,0,0,0,145
07/13/2022,MAF,TX,ASW,CE,Combined TRACON& Tower with Radar,49,15,36,27,127,0,0,21,2,23,49,15,57,29,150,0,0,0,150
07/14/2022,MAF,TX,ASW,CE,Combined TRACON& Tower with Radar,53,21,50,31,155,0,1,16,9,26,53,22,66,40,181,10,30,40,221
07/15/2022,MAF,TX,ASW,CE,Combined TRACON& Tower with Radar,53,26,17,59,155,0,0,15,0,15,53,26,32,59,170,10,0,10,180
07/16/2022,MAF,TX,ASW,CE,Combined TRACON& Tower with Radar,31,16,21,0,68,0,0,11,1,12,31,16,32,1,80,2,0,2,82
07/17/2022,MAF,TX,ASW,CE,Combined TRACON& Tower with Radar,55,12,34,17,118,0,0,13,1,14,55,12,47,18,132,0,0,0,132
07/18/2022,MAF,TX,ASW,CE,Combined TRACON& Tower with Radar,56,12,40,22,130,0,0,6,15,21,56,12,46,37,151,0,4,4,155
07/19/2022,MAF,TX,ASW,CE,Combined TRACON& Tower with Radar,52,19,40,8,119,0,2,19,3,24,52,21,59,11,143,0,10,10,153
07/20/2022,MAF,TX,ASW,CE,Combined TRACON& Tower with Radar,56,18,50,33,157,0,2,21,8,31,56,20,71,41,188,0,0,0,188
07/21/2022,MAF,TX,ASW,CE,Combined TRACON& Tower with Radar,54,32,49,12,147,0,2,11,4,17,54,34,60,16,164,0,16,16,180
07/22/2022,MAF,TX,ASW,CE,Combined TRACON& Tower with Radar,57,11,43,13,124,0,3,31,1,35,57,14,74,14,159,14,18,32,191
07/23/2022,MAF,TX,ASW,CE,Combined TRACON& Tower with Radar,27,17,19,3,66,0,0,19,1,20,27,17,38,4,86,0,0,0,86
07/24/2022,MAF,TX,ASW,CE,Combined TRACON& Tower with Radar,50,16,37,1,104,0,0,16,1,17,50,16,53,2,121,0,0,0,121
07/25/2022,MAF,TX,ASW,CE,Combined TRACON& Tower with Radar,55,11,39,12,117,0,0,23,1,24,55,11,62,13,141,0,0,0,141
07/26/2022,MAF,TX,ASW,CE,Combined TRACON& Tower with Radar,49,16,33,8,106,0,3,17,1,21,49,19,50,9,127,0,0,0,127
07/27/2022,MAF,TX,ASW,CE,Combined TRACON& Tower with Radar,53,24,37,20,134,0,0,27,0,27,53,24,64,20,161,4,0,4,165
07/28/2022,MAF,TX,ASW,CE,Combined TRACON& Tower with Radar,62,19,57,29,167,10,2,12,2,26,72,21,69,31,193,0,0,0,193
07/29/2022,MAF,TX,ASW,CE,Combined TRACON& Tower with Radar,58,11,18,19,106,15,1,11,1,28,73,12,29,20,134,0,4,4,138
07/30/2022,MAF,TX,ASW,CE,Combined TRACON& Tower with Radar,33,18,23,6,80,0,0,21,2,23,33,18,44,8,103,0,0,0,103
07/31/2022,MAF,TX,ASW,CE,Combined TRACON& Tower with Radar,50,15,23,0,88,0,0,5,0,5,50,15,28,0,93,8,0,8,101
08/01/2022,MAF,TX,ASW,CE,Combined TRACON& Tower with Radar,53,14,41,18,126,0,0,13,5,18,53,14,54,23,144,0,0,0,144
08/02/2022,MAF,TX,ASW,CE,Combined TRACON& Tower with Radar,51,16,38,10,115,0,2,22,2,26,51,18,60,12,141,0,24,24,165
08/03/2022,MAF,TX,ASW,CE,Combined TRACON& Tower with Radar,56,26,52,11,145,0,1,24,6,31,56,27,76,17,176,0,0,0,176
08/04/2022,MAF,TX,ASW,CE,Combined TRACON& Tower with Radar,49,20,39,0,108,0,0,35,0,35,49,20,74,0,143,4,0,4,147
08/05/2022,MAF,TX,ASW,CE,Combined TRACON& Tower with Radar,47,22,39,21,129,0,2,21,3,26,47,24,60,24,155,8,0,8,163
08/06/2022,MAF,TX,ASW,CE,Combined TRACON& Tower with Radar,27,15,9,3,54,0,0,16,2,18,27,15,25,5,72,0,0,0,72
08/07/2022,MAF,TX,ASW,CE,Combined TRACON& Tower with Radar,49,6,32,9,96,0,0,15,2,17,49,6,47,11,113,22,0,22,135
08/08/2022,MAF,TX,ASW,CE,Combined TRACON& Tower with Radar,53,12,30,17,112,0,0,21,0,21,53,12,51,17,133,0,0,0,133
08/09/2022,MAF,TX,ASW,CE,Combined TRACON& Tower with Radar,53,19,34,34,140,0,0,17,13,30,53,19,51,47,170,0,0,0,170
08/10/2022,MAF,TX,ASW,CE,Combined TRACON& Tower with Radar,63,25,44,7,139,0,1,16,8,25,63,26,60,15,164,8,0,8,172
08/11/2022,MAF,TX,ASW,CE,Combined TRACON& Tower with Radar,50,14,39,18,121,0,0,16,8,24,50,14,55,26,145,0,0,0,145
08/12/2022,MAF,TX,ASW,CE,Combined TRACON& Tower with Radar,55,13,28,62,158,0,0,12,10,22,55,13,40,72,180,0,14,14,194
08/13/2022,MAF,TX,ASW,CE,Combined TRACON& Tower with Radar,29,22,13,3,67,0,0,14,4,18,29,22,27,7,85,4,0,4,89
08/14/2022,MAF,TX,ASW,CE,Combined TRACON& Tower with Radar,51,6,30,4,91,0,0,17,2,19,51,6,47,6,110,10,0,10,120
08/15/2022,MAF,TX,ASW,CE,Combined TRACON& Tower with Radar,53,22,43,31,149,0,0,22,3,25,53,22,65,34,174,8,0,8,182
08/16/2022,MAF,TX,ASW,CE,Combined TRACON& Tower with Radar,52,21,37,0,110,0,0,11,0,11,52,21,48,0,121,0,0,0,121
08/17/2022,MAF,TX,ASW,CE,Combined TRACON& Tower with Radar,59,24,42,4,129,0,0,12,1,13,59,24,54,5,142,0,10,10,152
08/18/2022,MAF,TX,ASW,CE,Combined TRACON& Tower with Radar,52,18,43,6,119,0,0,11,2,13,52,18,54,8,132,26,0,26,158
08/19/2022,MAF,TX,ASW,CE,Combined TRACON& Tower with Radar,56,20,32,44,152,0,1,25,18,44,56,21,57,62,196,0,0,0,196
08/20/2022,MAF,TX,ASW,CE,Combined TRACON& Tower with Radar,32,11,25,4,72,0,0,14,2,16,32,11,39,6,88,0,0,0,88
08/21/2022,MAF,TX,ASW,CE,Combined TRACON& Tower with Radar,38,11,28,0,77,0,0,2,0,2,38,11,30,0,79,0,0,0,79
08/22/2022,MAF,TX,ASW,CE,Combined TRACON& Tower with Radar,58,28,37,1,124,0,1,2,0,3,58,29,39,1,127,0,0,0,127
08/23/2022,MAF,TX,ASW,CE,Combined TRACON& Tower with Radar,47,23,28,20,118,0,0,7,0,7,47,23,35,20,125,0,0,0,125
08/24/2022,MAF,TX,ASW,CE,Combined TRACON& Tower with Radar,50,21,59,49,179,0,0,21,23,44,50,21,80,72,223,18,12,30,253
08/25/2022,MAF,TX,ASW,CE,Combined TRACON& Tower with Radar,52,23,49,29,153,0,1,26,8,35,52,24,75,37,188,0,0,0,188
08/26/2022,MAF,TX,ASW,CE,Combined TRACON& Tower with Radar,54,18,27,35,134,0,0,25,1,26,54,18,52,36,160,0,32,32,192
08/27/2022,MAF,TX,ASW,CE,Combined TRACON& Tower with Radar,36,8,6,2,52,0,0,26,2,28,36,8,32,4,80,0,0,0,80
08/28/2022,MAF,TX,ASW,CE,Combined TRACON& Tower with Radar,48,12,28,8,96,0,0,19,4,23,48,12,47,12,119,0,0,0,119
08/29/2022,MAF,TX,ASW,CE,Combined TRACON& Tower with Radar,44,20,45,11,120,0,0,24,2,26,44,20,69,13,146,0,0,0,146
08/30/2022,MAF,TX,ASW,CE,Combined TRACON& Tower with Radar,51,28,28,14,121,0,0,5,0,5,51,28,33,14,126,8,0,8,134
08/31/2022,MAF,TX,ASW,CE,Combined TRACON& Tower with Radar,50,20,42,3,115,0,0,2,1,3,50,20,44,4,118,0,0,0,118
09/01/2022,MAF,TX,ASW,CE,Combined TRACON& Tower with Radar,46,32,45,11,134,0,2,4,1,7,46,34,49,12,141,22,0,22,163
09/02/2022,MAF,TX,ASW,CE,Combined TRACON& Tower with Radar,50,17,45,1,113,0,0,2,1,3,50,17,47,2,116,0,0,0,116
09/03/2022,MAF,TX,ASW,CE,Combined TRACON& Tower with Radar,28,9,23,0,60,0,0,11,0,11,28,9,34,0,71,4,0,4,75
09/04/2022,MAF,TX,ASW,CE,Combined TRACON& Tower with Radar,36,6,12,0,54,0,0,11,0,11,36,6,23,0,65,0,0,0,65
09/05/2022,MAF,TX,ASW,CE,Combined TRACON& Tower with Radar,45,11,26,0,82,0,0,22,0,22,45,11,48,0,104,10,0,10,114
09/06/2022,MAF,TX,ASW,CE,Combined TRACON& Tower with Radar,47,25,38,32,142,0,0,9,13,22,47,25,47,45,164,10,80,90,254
09/07/2022,MAF,TX,ASW,CE,Combined TRACON& Tower with Radar,55,17,46,9,127,0,0,22,15,37,55,17,68,24,164,2,8,10,174
09/08/2022,MAF,TX,ASW,CE,Combined TRACON& Tower with Radar,56,20,36,7,119,0,0,15,2,17,56,20,51,9,136,0,0,0,136
09/09/2022,MAF,TX,ASW,CE,Combined TRACON& Tower with Radar,52,20,28,5,105,0,0,20,1,21,52,20,48,6,126,12,0,12,138
09/10/2022,MAF,TX,ASW,CE,Combined TRACON& Tower with Radar,41,6,13,10,70,0,1,10,2,13,41,7,23,12,83,6,6,12,95
09/11/2022,MAF,TX,ASW,CE,Combined TRACON& Tower with Radar,46,14,14,0,74,0,2,15,3,20,46,16,29,3,94,0,0,0,94
09/12/2022,MAF,TX,ASW,CE,Combined TRACON& Tower with Radar,59,16,41,41,157,0,1,22,13,36,59,17,63,54,193,10,36,46,239
09/13/2022,MAF,TX,ASW,CE,Combined TRACON& Tower with Radar,54,19,49,33,155,0,0,29,10,39,54,19,78,43,194,8,34,42,236
09/14/2022,MAF,TX,ASW,CE,Combined TRACON& Tower with Radar,58,21,48,36,163,0,0,10,8,18,58,21,58,44,181,0,62,62,243
09/15/2022,MAF,TX,ASW,CE,Combined TRACON& Tower with Radar,58,23,55,55,191,0,2,14,18,34,58,25,69,73,225,0,90,90,315
09/16/2022,MAF,TX,ASW,CE,Combined TRACON& Tower with Radar,58,18,31,38,145,0,0,10,12,22,58,18,41,50,167,4,92,96,263
09/17/2022,MAF,TX,ASW,CE,Combined TRACON& Tower with Radar,43,15,30,8,96,0,0,12,0,12,43,15,42,8,108,0,0,0,108
09/18/2022,MAF,TX,ASW,CE,Combined TRACON& Tower with Radar,48,14,28,8,98,0,2,15,0,17,48,16,43,8,115,10,0,10,125
09/19/2022,MAF,TX,ASW,CE,Combined TRACON& Tower with Radar,57,20,43,51,171,0,1,20,10,31,57,21,63,61,202,34,40,74,276
09/20/2022,MAF,TX,ASW,CE,Combined TRACON& Tower with Radar,52,25,34,50,161,0,2,22,7,31,52,27,56,57,192,0,0,0,192
09/21/2022,MAF,TX,ASW,CE,Combined TRACON& Tower with Radar,55,20,38,27,140,0,0,16,4,20,55,20,54,31,160,0,0,0,160
09/22/2022,MAF,TX,ASW,CE,Combined TRACON& Tower with Radar,58,25,45,28,156,0,2,18,13,33,58,27,63,41,189,4,60,64,253
09/23/2022,MAF,TX,ASW,CE,Combined TRACON& Tower with Radar,62,18,38,49,167,0,1,17,12,30,62,19,55,61,197,2,10,12,209
09/24/2022,MAF,TX,ASW,CE,Combined TRACON& Tower with Radar,41,9,28,17,95,0,0,15,2,17,41,9,43,19,112,0,0,0,112
09/25/2022,MAF,TX,ASW,CE,Combined TRACON& Tower with Radar,49,9,30,6,94,0,0,23,3,26,49,9,53,9,120,38,0,38,158
09/26/2022,MAF,TX,ASW,CE,Combined TRACON& Tower with Radar,59,8,25,30,122,0,1,16,8,25,59,9,41,38,147,0,0,0,147
09/27/2022,MAF,TX,ASW,CE,Combined TRACON& Tower with Radar,56,17,41,30,144,0,0,29,7,36,56,17,70,37,180,0,0,0,180
09/28/2022,MAF,TX,ASW,CE,Combined TRACON& Tower with Radar,53,25,50,30,158,0,0,30,7,37,53,25,80,37,195,0,42,42,237
09/29/2022,MAF,TX,ASW,CE,Combined TRACON& Tower with Radar,57,21,50,10,138,0,3,23,2,28,57,24,73,12,166,4,62,66,232
09/30/2022,MAF,TX,ASW,CE,Combined TRACON& Tower with Radar,56,23,31,27,137,0,1,17,16,34,56,24,48,43,171,2,32,34,205
10/01/2022,MAF,TX,ASW,CE,Combined TRACON& Tower with Radar,42,10,20,3,75,0,0,15,4,19,42,10,35,7,94,0,0,0,94
10/02/2022,MAF,TX,ASW,CE,Combined TRACON& Tower with Radar,48,14,22,6,90,0,2,25,2,29,48,16,47,8,119,0,0,0,119
10/03/2022,MAF,TX,ASW,CE,Combined TRACON& Tower with Radar,54,14,39,7,114,0,0,24,1,25,54,14,63,8,139,0,0,0,139
10/04/2022,MAF,TX,ASW,CE,Combined TRACON& Tower with Radar,55,23,44,30,152,0,1,21,9,31,55,24,65,39,183,6,66,72,255
10/05/2022,MAF,TX,ASW,CE,Combined TRACON& Tower with Radar,54,29,55,44,182,0,1,21,8,30,54,30,76,52,212,0,39,39,251
10/06/2022,MAF,TX,ASW,CE,Combined TRACON& Tower with Radar,56,25,43,26,150,0,0,14,8,22,56,25,57,34,172,0,12,12,184
10/07/2022,MAF,TX,ASW,CE,Combined TRACON& Tower with Radar,59,20,47,12,138,0,0,25,4,29,59,20,72,16,167,28,16,44,211
10/08/2022,MAF,TX,ASW,CE,Combined TRACON& Tower with Radar,39,11,16,2,68,0,0,22,1,23,39,11,38,3,91,14,0,14,105
10/09/2022,MAF,TX,ASW,CE,Combined TRACON& Tower with Radar,51,11,32,0,94,0,0,17,0,17,51,11,49,0,111,0,0,0,111
10/10/2022,MAF,TX,ASW,CE,Combined TRACON& Tower with Radar,54,14,33,2,103,0,0,6,0,6,54,14,39,2,109,0,0,0,109
10/11/2022,MAF,TX,ASW,CE,Combined TRACON& Tower with Radar,56,26,36,29,147,0,0,34,6,40,56,26,70,35,187,0,30,30,217
10/12/2022,MAF,TX,ASW,CE,Combined TRACON& Tower with Radar,57,20,53,34,164,0,0,37,5,42,57,20,90,39,206,0,64,64,270
10/13/2022,MAF,TX,ASW,CE,Combined TRACON& Tower with Radar,57,24,56,5,142,0,0,35,1,36,57,24,91,6,178,0,0,0,178
10/14/2022,MAF,TX,ASW,CE,Combined TRACON& Tower with Radar,56,21,36,24,137,0,0,24,2,26,56,21,60,26,163,12,24,36,199
10/15/2022,MAF,TX,ASW,CE,Combined TRACON& Tower with Radar,41,16,35,1,93,0,0,19,1,20,41,16,54,2,113,22,0,22,135
10/16/2022,MAF,TX,ASW,CE,Combined TRACON& Tower with Radar,48,16,24,7,95,0,0,8,1,9,48,16,32,8,104,0,0,0,104
10/17/2022,MAF,TX,ASW,CE,Combined TRACON& Tower with Radar,57,17,39,0,113,0,0,11,2,13,57,17,50,2,126,0,0,0,126
10/18/2022,MAF,TX,ASW,CE,Combined TRACON& Tower with Radar,57,25,48,60,190,0,0,36,14,50,57,25,84,74,240,12,34,46,286
10/19/2022,MAF,TX,ASW,CE,Combined TRACON& Tower with Radar,57,16,45,22,140,0,0,37,10,47,57,16,82,32,187,4,60,64,251
10/20/2022,MAF,TX,ASW,CE,Combined TRACON& Tower with Radar,57,20,40,12,129,0,0,29,0,29,57,20,69,12,158,0,0,0,158
10/21/2022,MAF,TX,ASW,CE,Combined TRACON& Tower with Radar,61,15,32,16,124,0,1,22,16,39,61,16,54,32,163,8,24,32,195
10/22/2022,MAF,TX,ASW,CE,Combined TRACON& Tower with Radar,41,7,20,0,68,0,0,12,0,12,41,7,32,0,80,42,0,42,122
10/23/2022,MAF,TX,ASW,CE,Combined TRACON& Tower with Radar,49,12,44,9,114,1,0,17,1,19,50,12,61,10,133,0,0,0,133
10/24/2022,MAF,TX,ASW,CE,Combined TRACON& Tower with Radar,54,18,30,4,106,0,0,3,2,5,54,18,33,6,111,0,0,0,111
10/25/2022,MAF,TX,ASW,CE,Combined TRACON& Tower with Radar,54,29,34,7,124,0,0,25,2,27,54,29,59,9,151,8,4,12,163
10/26/2022,MAF,TX,ASW,CE,Combined TRACON& Tower with Radar,63,21,43,5,132,0,1,30,0,31,63,22,73,5,163,7,4,11,174
10/27/2022,MAF,TX,ASW,CE,Combined TRACON& Tower with Radar,59,21,49,4,133,0,0,14,6,20,59,21,63,10,153,0,14,14,167
10/28/2022,MAF,TX,ASW,CE,Combined TRACON& Tower with Radar,51,15,38,27,131,0,0,6,3,9,51,15,44,30,140,0,20,20,160
10/29/2022,MAF,TX,ASW,CE,Combined TRACON& Tower with Radar,38,11,22,0,71,0,0,13,0,13,38,11,35,0,84,34,0,34,118
10/30/2022,MAF,TX,ASW,CE,Combined TRACON& Tower with Radar,48,6,43,11,108,0,0,12,1,13,48,6,55,12,121,8,0,8,129
10/31/2022,MAF,TX,ASW,CE,Combined TRACON& Tower with Radar,49,10,30,26,115,0,0,18,3,21,49,10,48,29,136,12,14,26,162
11/01/2022,MAF,TX,ASW,CE,Combined TRACON& Tower with Radar,53,21,54,7,135,0,0,15,3,18,53,21,69,10,153,0,0,0,153
11/02/2022,MAF,TX,ASW,CE,Combined TRACON& Tower with Radar,54,25,49,38,166,0,0,13,8,21,54,25,62,46,187,18,64,82,269
11/03/2022,MAF,TX,ASW,CE,Combined TRACON& Tower with Radar,49,30,43,44,166,0,0,12,5,17,49,30,55,49,183,0,0,0,183
11/04/2022,MAF,TX,ASW,CE,Combined TRACON& Tower with Radar,48,20,36,48,152,0,0,11,6,17,48,20,47,54,169,12,16,28,197
11/05/2022,MAF,TX,ASW,CE,Combined TRACON& Tower with Radar,39,13,28,2,82,0,0,8,4,12,39,13,36,6,94,14,0,14,108
11/06/2022,MAF,TX,ASW,CE,Combined TRACON& Tower with Radar,49,19,39,10,117,0,4,23,3,30,49,23,62,13,147,34,0,34,181
11/07/2022,MAF,TX,ASW,CE,Combined TRACON& Tower with Radar,52,17,44,39,152,0,0,14,12,26,52,17,58,51,178,0,0,0,178
11/08/2022,MAF,TX,ASW,CE,Combined TRACON& Tower with Radar,48,18,28,37,131,0,3,7,5,15,48,21,35,42,146,0,0,0,146
11/09/2022,MAF,TX,ASW,CE,Combined TRACON& Tower with Radar,48,30,45,34,157,0,0,13,1,14,48,30,58,35,171,4,0,4,175
11/10/2022,MAF,TX,ASW,CE,Combined TRACON& Tower with Radar,50,22,57,7,136,0,0,17,1,18,50,22,74,8,154,0,16,16,170
11/11/2022,MAF,TX,ASW,CE,Combined TRACON& Tower with Radar,53,19,40,6,118,0,0,9,0,9,53,19,49,6,127,0,0,0,127
11/12/2022,MAF,TX,ASW,CE,Combined TRACON& Tower with Radar,40,8,21,1,70,0,0,23,3,26,40,8,44,4,96,0,0,0,96
11/13/2022,MAF,TX,ASW,CE,Combined TRACON& Tower with Radar,49,9,27,5,90,0,0,15,0,15,49,9,42,5,105,0,0,0,105
11/14/2022,MAF,TX,ASW,CE,Combined TRACON& Tower with Radar,48,22,30,17,117,0,0,8,1,9,48,22,38,18,126,0,0,0,126
11/15/2022,MAF,TX,ASW,CE,Combined TRACON& Tower with Radar,48,28,49,35,160,0,0,21,7,28,48,28,70,42,188,10,60,70,258
11/16/2022,MAF,TX,ASW,CE,Combined TRACON& Tower with Radar,46,35,47,6,134,0,0,26,1,27,46,35,73,7,161,36,8,44,205
11/17/2022,MAF,TX,ASW,CE,Combined TRACON& Tower with Radar,49,22,40,17,128,0,0,17,15,32,49,22,57,32,160,0,24,24,184
11/18/2022,MAF,TX,ASW,CE,Combined TRACON& Tower with Radar,53,21,40,36,150,0,0,22,3,25,53,21,62,39,175,16,4,20,195
11/19/2022,MAF,TX,ASW,CE,Combined TRACON& Tower with Radar,40,16,23,0,79,0,0,13,0,13,40,16,36,0,92,16,0,16,108
11/20/2022,MAF,TX,ASW,CE,Combined TRACON& Tower with Radar,51,22,20,0,93,0,0,7,0,7,51,22,27,0,100,20,0,20,120
11/21/2022,MAF,TX,ASW,CE,Combined TRACON& Tower with Radar,50,17,23,9,99,0,0,19,4,23,50,17,42,13,122,40,0,40,162
11/22/2022,MAF,TX,ASW,CE,Combined TRACON& Tower with Radar,47,32,28,53,160,0,4,24,4,32,47,36,52,57,192,0,78,78,270
11/23/2022,MAF,TX,ASW,CE,Combined TRACON& Tower with Radar,46,23,43,0,112,0,0,8,0,8,46,23,51,0,120,8,0,8,128
11/24/2022,MAF,TX,ASW,CE,Combined TRACON& Tower with Radar,36,8,6,0,50,0,0,4,0,4,36,8,10,0,54,0,0,0,54
11/25/2022,MAF,TX,ASW,CE,Combined TRACON& Tower with Radar,48,17,11,0,76,0,0,1,0,1,48,17,12,0,77,0,0,0,77
11/26/2022,MAF,TX,ASW,CE,Combined TRACON& Tower with Radar,43,17,23,0,83,0,0,5,0,5,43,17,28,0,88,0,0,0,88
11/27/2022,MAF,TX,ASW,CE,Combined TRACON& Tower with Radar,46,19,36,1,102,0,0,23,1,24,46,19,59,2,126,0,0,0,126
11/28/2022,MAF,TX,ASW,CE,Combined TRACON& Tower with Radar,44,23,39,4,110,0,0,11,1,12,44,23,50,5,122,0,8,8,130
11/29/2022,MAF,TX,ASW,CE,Combined TRACON& Tower with Radar,52,23,38,11,124,0,1,8,4,13,52,24,46,15,137,2,10,12,149
11/30/2022,MAF,TX,ASW,CE,Combined TRACON& Tower with Radar,47,21,39,19,126,0,0,36,4,40,47,21,75,23,166,30,0,30,196
12/01/2022,MAF,TX,ASW,CE,Combined TRACON& Tower with Radar,47,33,46,46,172,0,1,23,7,31,47,34,69,53,203,24,44,68,271
12/02/2022,MAF,TX,ASW,CE,Combined TRACON& Tower with Radar,49,16,41,16,122,0,2,32,1,35,49,18,73,17,157,16,22,38,195
12/03/2022,MAF,TX,ASW,CE,Combined TRACON& Tower with Radar,34,16,29,9,88,0,0,18,5,23,34,16,47,14,111,28,0,28,139
12/04/2022,MAF,TX,ASW,CE,Combined TRACON& Tower with Radar,40,13,35,0,88,0,0,12,0,12,40,13,47,0,100,6,0,6,106
12/05/2022,MAF,TX,ASW,CE,Combined TRACON& Tower with Radar,49,13,28,9,99,0,0,13,5,18,49,13,41,14,117,0,0,0,117
12/06/2022,MAF,TX,ASW,CE,Combined TRACON& Tower with Radar,50,24,37,13,124,0,0,20,4,24,50,24,57,17,148,10,18,28,176
12/07/2022,MAF,TX,ASW,CE,Combined TRACON& Tower with Radar,49,24,44,16,133,0,0,15,0,15,49,24,59,16,148,10,0,10,158
12/08/2022,MAF,TX,ASW,CE,Combined TRACON& Tower with Radar,52,25,66,5,148,0,0,11,0,11,52,25,77,5,159,0,0,0,159
12/09/2022,MAF,TX,ASW,CE,Combined TRACON& Tower with Radar,49,26,38,0,113,0,0,0,0,0,49,26,38,0,113,0,0,0,113
12/10/2022,MAF,TX,ASW,CE,Combined TRACON& Tower with Radar,30,19,28,0,77,0,0,2,0,2,30,19,30,0,79,4,0,4,83
12/11/2022,MAF,TX,ASW,CE,Combined TRACON& Tower with Radar,47,15,43,0,105,0,0,12,0,12,47,15,55,0,117,0,0,0,117
12/12/2022,MAF,TX,ASW,CE,Combined TRACON& Tower with Radar,48,20,42,22,132,0,0,17,4,21,48,20,59,26,153,12,43,55,208
12/13/2022,MAF,TX,ASW,CE,Combined TRACON& Tower with Radar,44,18,41,17,120,0,0,34,15,49,44,18,75,32,169,10,10,20,189
12/14/2022,MAF,TX,ASW,CE,Combined TRACON& Tower with Radar,48,25,60,15,148,0,3,45,4,52,48,28,105,19,200,28,12,40,240
12/15/2022,MAF,TX,ASW,CE,Combined TRACON& Tower with Radar,47,27,57,10,141,0,0,44,0,44,47,27,101,10,185,18,4,22,207
12/16/2022,MAF,TX,ASW,CE,Combined TRACON& Tower with Radar,48,28,42,31,149,0,1,44,7,52,48,29,86,38,201,10,0,10,211
12/17/2022,MAF,TX,ASW,CE,Combined TRACON& Tower with Radar,36,15,31,3,85,0,2,53,1,56,36,17,84,4,141,6,0,6,147
12/18/2022,MAF,TX,ASW,CE,Combined TRACON& Tower with Radar,43,13,17,6,79,0,1,26,0,27,43,14,43,6,106,0,0,0,106
12/19/2022,MAF,TX,ASW,CE,Combined TRACON& Tower with Radar,42,19,23,31,115,0,0,20,14,34,42,19,43,45,149,4,0,4,153
12/20/2022,MAF,TX,ASW,CE,Combined TRACON& Tower with Radar,45,25,34,58,162,0,0,37,26,63,45,25,71,84,225,26,20,46,271
12/21/2022,MAF,TX,ASW,CE,Combined TRACON& Tower with Radar,43,33,37,9,122,0,0,27,3,30,43,33,64,12,152,28,0,28,180
12/22/2022,MAF,TX,ASW,CE,Combined TRACON& Tower with Radar,35,19,41,0,95,0,0,6,0,6,35,19,47,0,101,10,0,10,111
12/23/2022,MAF,TX,ASW,CE,Combined TRACON& Tower with Radar,39,20,35,2,96,0,0,5,0,5,39,20,40,2,101,18,0,18,119
12/24/2022,MAF,TX,ASW,CE,Combined TRACON& Tower with Radar,25,15,12,0,52,0,0,11,0,11,25,15,23,0,63,20,0,20,83
12/25/2022,MAF,TX,ASW,CE,Combined TRACON& Tower with Radar,20,14,2,0,36,0,0,6,0,6,20,14,8,0,42,0,0,0,42
12/26/2022,MAF,TX,ASW,CE,Combined TRACON& Tower with Radar,20,15,38,0,73,0,0,26,0,26,20,15,64,0,99,18,0,18,117
12/27/2022,MAF,TX,ASW,CE,Combined TRACON& Tower with Radar,25,22,32,2,81,0,0,25,2,27,25,22,57,4,108,10,0,10,118
12/28/2022,MAF,TX,ASW,CE,Combined TRACON& Tower with Radar,29,23,29,0,81,0,2,18,0,20,29,25,47,0,101,10,0,10,111
12/29/2022,MAF,TX,ASW,CE,Combined TRACON& Tower with Radar,33,23,33,0,89,0,0,17,0,17,33,23,50,0,106,8,0,8,114
12/30/2022,MAF,TX,ASW,CE,Combined TRACON& Tower with Radar,43,22,39,0,104,0,0,7,0,7,43,22,46,0,111,4,0,4,115
12/31/2022,MAF,TX,ASW,CE,Combined TRACON& Tower with Radar,29,18,5,0,52,0,1,5,0,6,29,19,10,0,58,0,0,0,58
01/01/2023,MAF,TX,ASW,CE,Combined TRACON& Tower with Radar,40,13,28,2,83,0,0,10,2,12,40,13,38,4,95,6,0,6,101
01/02/2023,MAF,TX,ASW,CE,Combined TRACON& Tower with Radar,36,13,42,0,91,0,0,6,0,6,36,13,48,0,97,0,0,0,97
01/03/2023,MAF,TX,ASW,CE,Combined TRACON& Tower with Radar,46,23,31,0,100,0,2,5,0,7,46,25,36,0,107,0,0,0,107
01/04/2023,MAF,TX,ASW,CE,Combined TRACON& Tower with Radar,53,22,31,12,118,0,7,22,1,30,53,29,53,13,148,0,0,0,148
01/05/2023,MAF,TX,ASW,CE,Combined TRACON& Tower with Radar,51,20,43,19,133,0,0,14,10,24,51,20,57,29,157,12,28,40,197
01/06/2023,MAF,TX,ASW,CE,Combined TRACON& Tower with Radar,52,10,17,15,94,0,0,21,9,30,52,10,38,24,124,0,0,0,124
01/07/2023,MAF,TX,ASW,CE,Combined TRACON& Tower with Radar,42,6,21,6,75,0,0,31,7,38,42,6,52,13,113,24,6,30,143
01/08/2023,MAF,TX,ASW,CE,Combined TRACON& Tower with Radar,44,13,33,33,123,0,0,25,5,30,44,13,58,38,153,0,0,0,153
01/09/2023,MAF,TX,ASW,CE,Combined TRACON& Tower with Radar,52,8,45,15,120,0,0,18,1,19,52,8,63,16,139,0,0,0,139
01/10/2023,MAF,TX,ASW,CE,Combined TRACON& Tower with Radar,51,25,56,8,140,0,1,21,3,25,51,26,77,11,165,24,16,40,205
01/11/2023,MAF,TX,ASW,CE,Combined TRACON& Tower with Radar,50,13,28,5,96,0,0,14,0,14,50,13,42,5,110,0,0,0,110
01/12/2023,MAF,TX,ASW,CE,Combined TRACON& Tower with Radar,53,21,57,13,144,0,0,29,2,31,53,21,86,15,175,12,4,16,191
01/13/2023,MAF,TX,ASW,CE,Combined TRACON& Tower with Radar,52,8,34,6,100,0,0,29,9,38,52,8,63,15,138,12,4,16,154
01/14/2023,MAF,TX,ASW,CE,Combined TRACON& Tower with Radar,38,14,7,4,63,0,0,13,4,17,38,14,20,8,80,0,0,0,80
01/15/2023,MAF,TX,ASW,CE,Combined TRACON& Tower with Radar,40,1,22,8,71,0,0,20,2,22,40,1,42,10,93,18,0,18,111
01/16/2023,MAF,TX,ASW,CE,Combined TRACON& Tower with Radar,50,14,38,0,102,0,0,7,0,7,50,14,45,0,109,0,0,0,109
01/17/2023,MAF,TX,ASW,CE,Combined TRACON& Tower with Radar,53,18,37,6,114,0,0,21,5,26,53,18,58,11,140,32,0,32,172
01/18/2023,MAF,TX,ASW,CE,Combined TRACON& Tower with Radar,50,26,40,13,129,0,0,11,0,11,50,26,51,13,140,0,0,0,140
01/19/2023,MAF,TX,ASW,CE,Combined TRACON& Tower with Radar,54,28,48,12,142,0,0,33,7,40,54,28,81,19,182,0,0,0,182
01/20/2023,MAF,TX,ASW,CE,Combined TRACON& Tower with Radar,59,12,27,27,125,0,0,17,13,30,59,12,44,40,155,0,50,50,205
01/21/2023,MAF,TX,ASW,CE,Combined TRACON& Tower with Radar,36,13,15,6,70,0,2,13,5,20,36,15,28,11,90,0,0,0,90
01/22/2023,MAF,TX,ASW,CE,Combined TRACON& Tower with Radar,42,10,33,9,94,0,0,10,5,15,42,10,43,14,109,0,0,0,109
01/23/2023,MAF,TX,ASW,CE,Combined TRACON& Tower with Radar,50,16,27,15,108,0,0,8,0,8,50,16,35,15,116,10,0,10,126
01/24/2023,MAF,TX,ASW,CE,Combined TRACON& Tower with Radar,53,10,33,15,111,0,0,3,2,5,53,10,36,17,116,6,14,20,136
01/25/2023,MAF,TX,ASW,CE,Combined TRACON& Tower with Radar,50,12,37,22,121,0,0,19,11,30,50,12,56,33,151,0,56,56,207
01/26/2023,MAF,TX,ASW,CE,Combined TRACON& Tower with Radar,55,22,46,19,142,0,0,23,1,24,55,22,69,20,166,8,0,8,174
01/27/2023,MAF,TX,ASW,CE,Combined TRACON& Tower with Radar,56,20,23,11,110,0,0,23,2,25,56,20,46,13,135,10,22,32,167
01/28/2023,MAF,TX,ASW,CE,Combined TRACON& Tower with Radar,35,10,22,10,77,0,2,21,0,23,35,12,43,10,100,0,0,0,100
01/29/2023,MAF,TX,ASW,CE,Combined TRACON& Tower with Radar,39,13,23,6,81,0,0,8,0,8,39,13,31,6,89,0,0,0,89
01/30/2023,MAF,TX,ASW,CE,Combined TRACON& Tower with Radar,39,3,17,0,59,0,0,0,0,0,39,3,17,0,59,0,0,0,59
01/31/2023,MAF,TX,ASW,CE,Combined TRACON& Tower with Radar,35,7,17,0,59,0,0,0,0,0,35,7,17,0,59,0,0,0,59
02/01/2023,MAF,TX,ASW,CE,Combined TRACON& Tower with Radar,27,2,6,0,35,0,0,0,0,0,27,2,6,0,35,0,0,0,35
02/02/2023,MAF,TX,ASW,CE,Combined TRACON& Tower with Radar,54,19,17,7,97,0,0,6,4,10,54,19,23,11,107,8,26,34,141
02/03/2023,MAF,TX,ASW,CE,Combined TRACON& Tower with Radar,57,8,29,18,112,0,0,22,6,28,57,8,51,24,140,14,24,38,178
02/04/2023,MAF,TX,ASW,CE,Combined TRACON& Tower with Radar,39,12,11,6,68,0,0,15,1,16,39,12,26,7,84,0,0,0,84
02/05/2023,MAF,TX,ASW,CE,Combined TRACON& Tower with Radar,45,9,32,4,90,0,0,18,0,18,45,9,50,4,108,0,0,0,108
02/06/2023,MAF,TX,ASW,CE,Combined TRACON& Tower with Radar,58,11,36,32,137,0,0,21,20,41,58,11,57,52,178,4,8,12,190
02/07/2023,MAF,TX,ASW,CE,Combined TRACON& Tower with Radar,58,31,33,70,192,0,2,2,16,20,58,33,35,86,212,0,116,116,328
02/08/2023,MAF,TX,ASW,CE,Combined TRACON& Tower with Radar,54,20,57,26,157,0,2,27,7,36,54,22,84,33,193,16,42,58,251
02/09/2023,MAF,TX,ASW,CE,Combined TRACON& Tower with Radar,58,21,44,15,138,0,2,27,11,40,58,23,71,26,178,10,30,40,218
02/10/2023,MAF,TX,ASW,CE,Combined TRACON& Tower with Radar,54,18,36,38,146,0,0,23,11,34,54,18,59,49,180,20,38,58,238
02/11/2023,MAF,TX,ASW,CE,Combined TRACON& Tower with Radar,38,7,9,7,61,0,0,22,4,26,38,7,31,11,87,0,0,0,87
02/12/2023,MAF,TX,ASW,CE,Combined TRACON& Tower with Radar,46,12,30,8,96,0,0,20,1,21,46,12,50,9,117,0,0,0,117
02/13/2023,MAF,TX,ASW,CE,Combined TRACON& Tower with Radar,54,17,42,36,149,0,1,28,10,39,54,18,70,46,188,20,0,20,208
02/14/2023,MAF,TX,ASW,CE,Combined TRACON& Tower with Radar,50,19,27,1,97,0,3,1,0,4,50,22,28,1,101,0,0,0,101
02/15/2023,MAF,TX,ASW,CE,Combined TRACON& Tower with Radar,51,22,38,35,146,0,0,8,2,10,51,22,46,37,156,6,114,120,276
02/16/2023,MAF,TX,ASW,CE,Combined TRACON& Tower with Radar,57,18,67,26,168,0,1,25,11,37,57,19,92,37,205,2,36,38,243
02/17/2023,MAF,TX,ASW,CE,Combined TRACON& Tower with Radar,60,17,36,8,121,0,0,28,1,29,60,17,64,9,150,0,42,42,192
02/18/2023,MAF,TX,ASW,CE,Combined TRACON& Tower with Radar,37,13,12,4,66,0,0,7,0,7,37,13,19,4,73,0,0,0,73
02/19/2023,MAF,TX,ASW,CE,Combined TRACON& Tower with Radar,46,11,26,0,83,0,0,10,0,10,46,11,36,0,93,0,0,0,93
02/20/2023,MAF,TX,ASW,CE,Combined TRACON& Tower with Radar,53,16,41,2,112,0,0,15,0,15,53,16,56,2,127,0,0,0,127
02/21/2023,MAF,TX,ASW,CE,Combined TRACON& Tower with Radar,56,23,40,10,129,0,0,20,7,27,56,23,60,17,156,8,0,8,164
02/22/2023,MAF,TX,ASW,CE,Combined TRACON& Tower with Radar,59,11,41,2,113,0,0,2,0,2,59,11,43,2,115,0,0,0,115
02/23/2023,MAF,TX,ASW,CE,Combined TRACON& Tower with Radar,56,23,55,17,151,0,0,32,1,33,56,23,87,18,184,0,18,18,202
02/24/2023,MAF,TX,ASW,CE,Combined TRACON& Tower with Radar,55,18,32,46,151,0,0,1,0,1,55,18,33,46,152,0,0,0,152
02/25/2023,MAF,TX,ASW,CE,Combined TRACON& Tower with Radar,38,19,23,0,80,0,0,0,0,0,38,19,23,0,80,0,0,0,80
02/26/2023,MAF,TX,ASW,CE,Combined TRACON& Tower with Radar,47,14,24,0,85,0,2,0,0,2,47,16,24,0,87,0,0,0,87
02/27/2023,MAF,TX,ASW,CE,Combined TRACON& Tower with Radar,56,22,37,16,131,0,1,19,7,27,56,23,56,23,158,0,2,2,160
02/28/2023,MAF,TX,ASW,CE,Combined TRACON& Tower with Radar,52,34,46,11,143,0,2,33,8,43,52,36,79,19,186,0,0,0,186
03/01/2023,MAF,TX,ASW,CE,Combined TRACON& Tower with Radar,48,31,48,22,149,0,2,22,5,29,48,33,70,27,178,0,20,20,198
03/02/2023,MAF,TX,ASW,CE,Combined TRACON& Tower with Radar,41,19,39,0,99,0,1,4,1,6,41,20,43,1,105,0,0,0,105
03/03/2023,MAF,TX,ASW,CE,Combined TRACON& Tower with Radar,49,22,42,36,149,0,4,38,10,52,49,26,80,46,201,12,44,56,257
03/04/2023,MAF,TX,ASW,CE,Combined TRACON& Tower with Radar,30,17,18,3,68,0,0,26,0,26,30,17,44,3,94,0,0,0,94
03/05/2023,MAF,TX,ASW,CE,Combined TRACON& Tower with Radar,40,10,30,6,86,0,0,21,0,21,40,10,51,6,107,0,0,0,107
03/06/2023,MAF,TX,ASW,CE,Combined TRACON& Tower with Radar,47,17,43,12,119,0,0,9,7,16,47,17,52,19,135,0,4,4,139
03/07/2023,MAF,TX,ASW,CE,Combined TRACON& Tower with Radar,48,29,58,51,186,0,0,16,8,24,48,29,74,59,210,0,24,24,234
03/08/2023,MAF,TX,ASW,CE,Combined TRACON& Tower with Radar,45,28,52,12,137,0,0,1,0,1,45,28,53,12,138,0,0,0,138
03/09/2023,MAF,TX,ASW,CE,Combined TRACON& Tower with Radar,46,29,76,4,155,0,0,6,2,8,46,29,82,6,163,0,0,0,163
03/10/2023,MAF,TX,ASW,CE,Combined TRACON& Tower with Radar,48,28,39,9,124,0,0,20,1,21,48,28,59,10,145,0,20,20,165
03/11/2023,MAF,TX,ASW,CE,Combined TRACON& Tower with Radar,27,21,28,3,79,0,1,5,0,6,27,22,33,3,85,0,0,0,85
03/12/2023,MAF,TX,ASW,CE,Combined TRACON& Tower with Radar,40,19,31,1,91,0,0,20,4,24,40,19,51,5,115,10,0,10,125
03/13/2023,MAF,TX,ASW,CE,Combined TRACON& Tower with Radar,50,10,22,41,123,0,2,17,18,37,50,12,39,59,160,0,4,4,164
03/14/2023,MAF,TX,ASW,CE,Combined TRACON& Tower with Radar,45,27,24,46,142,0,3,22,1,26,45,30,46,47,168,14,0,14,182
03/15/2023,MAF,TX,ASW,CE,Combined TRACON& Tower with Radar,44,18,38,6,106,0,0,9,0,9,44,18,47,6,115,0,0,0,115
03/16/2023,MAF,TX,ASW,CE,Combined TRACON& Tower with Radar,52,27,29,11,119,0,0,4,4,8,52,27,33,15,127,0,0,0,127
03/17/2023,MAF,TX,ASW,CE,Combined TRACON& Tower with Radar,53,24,15,10,102,0,1,10,3,14,53,25,25,13,116,5,0,5,121
03/18/2023,MAF,TX,ASW,CE,Combined TRACON& Tower with Radar,31,19,37,0,87,0,0,12,0,12,31,19,49,0,99,0,0,0,99
03/19/2023,MAF,TX,ASW,CE,Combined TRACON& Tower with Radar,42,14,18,1,75,0,1,11,3,15,42,15,29,4,90,0,0,0,90
03/20/2023,MAF,TX,ASW,CE,Combined TRACON& Tower with Radar,49,18,45,35,147,0,1,8,6,15,49,19,53,41,162,0,18,18,180
03/21/2023,MAF,TX,ASW,CE,Combined TRACON& Tower with Radar,44,21,36,7,108,0,0,11,2,13,44,21,47,9,121,2,0,2,123
03/22/2023,MAF,TX,ASW,CE,Combined TRACON& Tower with Radar,49,23,50,27,149,0,0,19,11,30,49,23,69,38,179,16,26,42,221
03/23/2023,MAF,TX,ASW,CE,Combined TRACON& Tower with Radar,52,23,40,34,149,0,0,12,26,38,52,23,52,60,187,0,140,140,327
03/24/2023,MAF,TX,ASW,CE,Combined TRACON& Tower with Radar,53,26,24,16,119,0,0,5,5,10,53,26,29,21,129,0,10,10,139
03/25/2023,MAF,TX,ASW,CE,Combined TRACON& Tower with Radar,31,14,23,4,72,0,0,15,2,17,31,14,38,6,89,0,0,0,89
03/26/2023,MAF,TX,ASW,CE,Combined TRACON& Tower with Radar,36,15,22,7,80,0,1,20,5,26,36,16,42,12,106,0,0,0,106
03/27/2023,MAF,TX,ASW,CE,Combined TRACON& Tower with Radar,48,13,46,11,118,0,0,26,2,28,48,13,72,13,146,8,16,24,170
03/28/2023,MAF,TX,ASW,CE,Combined TRACON& Tower with Radar,43,22,63,9,137,0,0,29,5,34,43,22,92,14,171,10,9,19,190
03/29/2023,MAF,TX,ASW,CE,Combined TRACON& Tower with Radar,43,25,57,32,157,0,1,20,16,37,43,26,77,48,194,0,58,58,252
03/30/2023,MAF,TX,ASW,CE,Combined TRACON& Tower with Radar,46,28,64,90,228,0,4,5,16,25,46,32,69,106,253,12,150,162,415
03/31/2023,MAF,TX,ASW,CE,Combined TRACON& Tower with Radar,47,26,33,42,148,0,0,11,14,25,47,26,44,56,173,2,98,100,273
04/01/2023,MAF,TX,ASW,CE,Combined TRACON& Tower with Radar,28,16,18,1,63,0,1,67,0,68,28,17,85,1,131,8,0,8,139
04/02/2023,MAF,TX,ASW,CE,Combined TRACON& Tower with Radar,29,13,31,12,85,0,0,9,2,11,29,13,40,14,96,0,0,0,96
04/03/2023,MAF,TX,ASW,CE,Combined TRACON& Tower with Radar,46,21,28,25,120,0,0,8,15,23,46,21,36,40,143,0,14,14,157
04/04/2023,MAF,TX,ASW,CE,Combined TRACON& Tower with Radar,49,32,41,9,131,0,0,7,1,8,49,32,48,10,139,0,0,0,139
04/05/2023,MAF,TX,ASW,CE,Combined TRACON& Tower with Radar,43,29,46,38,156,0,0,22,12,34,43,29,68,50,190,32,64,96,286
04/06/2023,MAF,TX,ASW,CE,Combined TRACON& Tower with Radar,49,20,46,15,130,0,0,17,0,17,49,20,63,15,147,0,14,14,161
04/07/2023,MAF,TX,ASW,CE,Combined TRACON& Tower with Radar,50,28,23,27,128,0,0,10,14,24,50,28,33,41,152,4,46,50,202
04/08/2023,MAF,TX,ASW,CE,Combined TRACON& Tower with Radar,31,8,13,8,60,0,0,16,0,16,31,8,29,8,76,0,0,0,76
04/09/2023,MAF,TX,ASW,CE,Combined TRACON& Tower with Radar,34,14,23,0,71,0,0,16,0,16,34,14,39,0,87,8,0,8,95
04/10/2023,MAF,TX,ASW,CE,Combined TRACON& Tower with Radar,48,22,47,20,137,0,2,24,27,53,48,24,71,47,190,10,56,66,256
04/11/2023,MAF,TX,ASW,CE,Combined TRACON& Tower with Radar,49,40,48,26,163,0,0,19,14,33,49,40,67,40,196,0,68,68,264
04/12/2023,MAF,TX,ASW,CE,Combined TRACON& Tower with Radar,49,28,42,16,135,0,5,13,13,31,49,33,55,29,166,0,18,18,184
04/13/2023,MAF,TX,ASW,CE,Combined TRACON& Tower with Radar,51,23,54,22,150,0,1,15,6,22,51,24,69,28,172,0,0,0,172
04/14/2023,MAF,TX,ASW,CE,Combined TRACON& Tower with Radar,50,25,29,27,131,0,2,12,11,25,50,27,41,38,156,0,0,0,156
04/15/2023,MAF,TX,ASW,CE,Combined TRACON& Tower with Radar,39,10,12,9,70,0,0,17,3,20,39,10,29,12,90,6,0,6,96
04/16/2023,MAF,TX,ASW,CE,Combined TRACON& Tower with Radar,34,11,29,0,74,0,1,17,0,18,34,12,46,0,92,0,0,0,92
04/17/2023,MAF,TX,ASW,CE,Combined TRACON& Tower with Radar,50,20,34,6,110,0,0,8,2,10,50,20,42,8,120,0,0,0,120
04/18/2023,MAF,TX,ASW,CE,Combined TRACON& Tower with Radar,49,29,37,22,137,0,3,11,3,17,49,32,48,25,154,12,64,76,230
04/19/2023,MAF,TX,ASW,CE,Combined TRACON& Tower with Radar,50,21,45,61,177,0,0,13,5,18,50,21,58,66,195,38,76,114,309
04/20/2023,MAF,TX,ASW,CE,Combined TRACON& Tower with Radar,49,30,61,16,156,0,0,17,2,19,49,30,78,18,175,6,0,6,181
04/21/2023,MAF,TX,ASW,CE,Combined TRACON& Tower with Radar,51,29,32,25,137,0,1,19,5,25,51,30,51,30,162,26,0,26,188
04/22/2023,MAF,TX,ASW,CE,Combined TRACON& Tower with Radar,37,17,15,4,73,0,0,14,4,18,37,17,29,8,91,10,0,10,101
04/23/2023,MAF,TX,ASW,CE,Combined TRACON& Tower with Radar,31,25,45,6,107,0,0,0,0,0,31,25,45,6,107,0,0,0,107
04/24/2023,MAF,TX,ASW,CE,Combined TRACON& Tower with Radar,48,13,43,8,112,0,0,9,0,9,48,13,52,8,121,2,0,2,123
04/25/2023,MAF,TX,ASW,CE,Combined TRACON& Tower with Radar,48,26,37,25,136,0,0,17,9,26,48,26,54,34,162,0,14,14,176
04/26/2023,MAF,TX,ASW,CE,Combined TRACON& Tower with Radar,43,22,36,38,139,0,0,16,12,28,43,22,52,50,167,4,54,58,225
04/27/2023,MAF,TX,ASW,CE,Combined TRACON& Tower with Radar,53,29,61,19,162,0,0,16,14,30,53,29,77,33,192,0,12,12,204
04/28/2023,MAF,TX,ASW,CE,Combined TRACON& Tower with Radar,51,27,38,17,133,0,0,3,4,7,51,27,41,21,140,0,0,0,140
04/29/2023,MAF,TX,ASW,CE,Combined TRACON& Tower with Radar,37,17,16,16,86,0,0,22,1,23,37,17,38,17,109,17,0,17,126
04/30/2023,MAF,TX,ASW,CE,Combined TRACON& Tower with Radar,35,20,31,11,97,0,0,13,0,13,35,20,44,11,110,0,0,0,110
05/01/2023,MAF,TX,ASW,CE,Combined TRACON& Tower with Radar,50,18,48,20,136,0,0,14,10,24,50,18,62,30,160,0,22,22,182
05/02/2023,MAF,TX,ASW,CE,Combined TRACON& Tower with Radar,49,25,50,6,130,0,0,3,5,8,49,25,53,11,138,0,4,4,142
05/03/2023,MAF,TX,ASW,CE,Combined TRACON& Tower with Radar,49,20,62,8,139,0,0,22,3,25,49,20,84,11,164,16,12,28,192
05/04/2023,MAF,TX,ASW,CE,Combined TRACON& Tower with Radar,48,18,54,5,125,0,0,11,5,16,48,18,65,10,141,4,8,12,153
05/05/2023,MAF,TX,ASW,CE,Combined TRACON& Tower with Radar,50,19,42,20,131,0,0,9,4,13,50,19,51,24,144,6,8,14,158
05/06/2023,MAF,TX,ASW,CE,Combined TRACON& Tower with Radar,38,16,2,2,58,0,2,11,8,21,38,18,13,10,79,28,0,28,107
05/07/2023,MAF,TX,ASW,CE,Combined TRACON& Tower with Radar,39,13,51,2,105,0,0,9,1,10,39,13,60,3,115,0,0,0,115
05/08/2023,MAF,TX,ASW,CE,Combined TRACON& Tower with Radar,49,24,33,23,129,0,1,20,3,24,49,25,53,26,153,6,22,28,181
05/09/2023,MAF,TX,ASW,CE,Combined TRACON& Tower with Radar,48,19,38,28,133,0,0,18,11,29,48,19,56,39,162,20,40,60,222
05/10/2023,MAF,TX,ASW,CE,Combined TRACON& Tower with Radar,46,23,44,44,157,0,0,14,9,23,46,23,58,53,180,32,40,72,252
05/11/2023,MAF,TX,ASW,CE,Combined TRACON& Tower with Radar,49,39,47,18,153,0,3,17,6,26,49,42,64,24,179,20,31,51,230
05/12/2023,MAF,TX,ASW,CE,Combined TRACON& Tower with Radar,49,19,35,21,124,0,0,8,8,16,49,19,43,29,140,0,0,0,140
05/13/2023,MAF,TX,ASW,CE,Combined TRACON& Tower with Radar,38,14,24,5,81,0,0,4,0,4,38,14,28,5,85,6,0,6,91
05/14/2023,MAF,TX,ASW,CE,Combined TRACON& Tower with Radar,31,14,18,22,85,0,0,10,2,12,31,14,28,24,97,0,0,0,97
05/15/2023,MAF,TX,ASW,CE,Combined TRACON& Tower with Radar,49,15,45,10,119,0,0,11,0,11,49,15,56,10,130,0,4,4,134
05/16/2023,MAF,TX,ASW,CE,Combined TRACON& Tower with Radar,49,27,30,46,152,0,0,13,2,15,49,27,43,48,167,0,40,40,207
05/17/2023,MAF,TX,ASW,CE,Combined TRACON& Tower with Radar,55,28,32,26,141,0,2,19,1,22,55,30,51,27,163,0,0,0,163
05/18/2023,MAF,TX,ASW,CE,Combined TRACON& Tower with Radar,52,24,59,5,140,0,0,20,0,20,52,24,79,5,160,6,0,6,166
05/19/2023,MAF,TX,ASW,CE,Combined TRACON& Tower with Radar,48,17,28,16,109,0,0,12,4,16,48,17,40,20,125,0,0,0,125
05/20/2023,MAF,TX,ASW,CE,Combined TRACON& Tower with Radar,42,13,20,4,79,0,0,3,0,3,42,13,23,4,82,0,0,0,82
05/21/2023,MAF,TX,ASW,CE,Combined TRACON& Tower with Radar,36,24,26,1,87,0,0,15,3,18,36,24,41,4,105,0,0,0,105
05/22/2023,MAF,TX,ASW,CE,Combined TRACON& Tower with Radar,52,20,42,5,119,0,1,10,3,14,52,21,52,8,133,0,6,6,139
05/23/2023,MAF,TX,ASW,CE,Combined TRACON& Tower with Radar,49,22,52,18,141,0,0,9,20,29,49,22,61,38,170,2,36,38,208
05/24/2023,MAF,TX,ASW,CE,Combined TRACON& Tower with Radar,53,30,37,20,140,0,0,5,2,7,53,30,42,22,147,12,16,28,175
05/25/2023,MAF,TX,ASW,CE,Combined TRACON& Tower with Radar,53,28,54,3,138,0,0,6,1,7,53,28,60,4,145,0,0,0,145
05/26/2023,MAF,TX,ASW,CE,Combined TRACON& Tower with Radar,55,21,40,0,116,0,0,4,1,5,55,21,44,1,121,12,0,12,133
05/27/2023,MAF,TX,ASW,CE,Combined TRACON& Tower with Radar,41,15,15,1,72,0,0,4,1,5,41,15,19,2,77,0,0,0,77
05/28/2023,MAF,TX,ASW,CE,Combined TRACON& Tower with Radar,36,14,13,20,83,0,0,8,3,11,36,14,21,23,94,0,0,0,94
05/29/2023,MAF,TX,ASW,CE,Combined TRACON& Tower with Radar,54,15,10,2,81,0,0,23,2,25,54,15,33,4,106,4,0,4,110
05/30/2023,MAF,TX,ASW,CE,Combined TRACON& Tower with Radar,49,25,49,41,164,0,2,12,14,28,49,27,61,55,192,22,54,76,268
05/31/2023,MAF,TX,ASW,CE,Combined TRACON& Tower with Radar,50,23,40,26,139,0,1,15,3,19,50,24,55,29,158,6,40,46,204
06/01/2023,MAF,TX,ASW,CE,Combined TRACON& Tower with Radar,56,16,51,16,139,0,0,15,0,15,56,16,66,16,154,0,0,0,154
06/02/2023,MAF,TX,ASW,CE,Combined TRACON& Tower with Radar,56,20,38,19,133,0,0,4,3,7,56,20,42,22,140,0,0,0,140
06/03/2023,MAF,TX,ASW,CE,Combined TRACON& Tower with Radar,30,21,26,0,77,0,1,5,0,6,30,22,31,0,83,0,0,0,83
06/04/2023,MAF,TX,ASW,CE,Combined TRACON& Tower with Radar,36,24,26,1,87,0,0,15,3,18,36,24,41,4,105,0,0,0,105
06/05/2023,MAF,TX,ASW,CE,Combined TRACON& Tower with Radar,55,16,41,20,132,0,0,17,6,23,55,16,58,26,155,14,22,36,191
06/06/2023,MAF,TX,ASW,CE,Combined TRACON& Tower with Radar,50,25,42,41,158,0,3,15,6,24,50,28,57,47,182,8,24,32,214
06/07/2023,MAF,TX,ASW,CE,Combined TRACON& Tower with Radar,51,20,58,17,146,0,0,9,6,15,51,20,67,23,161,6,14,20,181
06/08/2023,MAF,TX,ASW,CE,Combined TRACON& Tower with Radar,50,31,48,32,161,0,8,22,10,40,50,39,70,42,201,0,56,56,257
06/09/2023,MAF,TX,ASW,CE,Combined TRACON& Tower with Radar,54,22,28,30,134,0,0,12,1,13,54,22,40,31,147,0,29,29,176
06/10/2023,MAF,TX,ASW,CE,Combined TRACON& Tower with Radar,35,21,20,2,78,0,0,15,4,19,35,21,35,6,97,8,0,8,105
06/11/2023,MAF,TX,ASW,CE,Combined TRACON& Tower with Radar,39,11,28,12,90,0,1,6,1,8,39,12,34,13,98,0,0,0,98
06/12/2023,MAF,TX,ASW,CE,Combined TRACON& Tower with Radar,49,21,39,69,178,0,0,10,12,22,49,21,49,81,200,0,66,66,266
06/13/2023,MAF,TX,ASW,CE,Combined TRACON& Tower with Radar,48,46,39,31,164,0,3,7,10,20,48,49,46,41,184,0,0,0,184
06/14/2023,MAF,TX,ASW,CE,Combined TRACON& Tower with Radar,51,18,59,20,148,0,0,18,8,26,51,18,77,28,174,0,0,0,174
06/15/2023,MAF,TX,ASW,CE,Combined TRACON& Tower with Radar,54,24,69,8,155,0,1,24,4,29,54,25,93,12,184,0,0,0,184
06/16/2023,MAF,TX,ASW,CE,Combined TRACON& Tower with Radar,52,19,40,19,130,0,0,19,9,28,52,19,59,28,158,0,0,0,158
06/17/2023,MAF,TX,ASW,CE,Combined TRACON& Tower with Radar,38,16,26,2,82,0,0,23,3,26,38,16,49,5,108,6,0,6,114
06/18/2023,MAF,TX,ASW,CE,Combined TRACON& Tower with Radar,40,27,25,1,93,0,2,14,1,17,40,29,39,2,110,6,0,6,116
06/19/2023,MAF,TX,ASW,CE,Combined TRACON& Tower with Radar,50,17,46,0,113,0,0,21,0,21,50,17,67,0,134,6,0,6,140
06/20/2023,MAF,TX,ASW,CE,Combined TRACON& Tower with Radar,53,29,57,21,160,0,0,10,8,18,53,29,67,29,178,0,6,6,184
06/21/2023,MAF,TX,ASW,CE,Combined TRACON& Tower with Radar,55,32,48,6,141,0,0,11,0,11,55,32,59,6,152,0,0,0,152
06/22/2023,MAF,TX,ASW,CE,Combined TRACON& Tower with Radar,51,28,59,2,140,0,0,26,1,27,51,28,85,3,167,0,0,0,167
06/23/2023,MAF,TX,ASW,CE,Combined TRACON& Tower with Radar,51,30,39,6,126,0,0,14,0,14,51,30,53,6,140,0,0,0,140
06/24/2023,MAF,TX,ASW,CE,Combined TRACON& Tower with Radar,31,27,18,0,76,0,0,9,0,9,31,27,27,0,85,6,0,6,91
06/25/2023,MAF,TX,ASW,CE,Combined TRACON& Tower with Radar,41,11,40,0,92,0,0,17,0,17,41,11,57,0,109,0,0,0,109
06/26/2023,MAF,TX,ASW,CE,Combined TRACON& Tower with Radar,50,21,32,4,107,0,1,9,1,11,50,22,41,5,118,0,0,0,118
06/27/2023,MAF,TX,ASW,CE,Combined TRACON& Tower with Radar,53,30,39,4,126,0,1,15,2,18,53,31,54,6,144,6,0,6,150
06/28/2023,MAF,TX,ASW,CE,Combined TRACON& Tower with Radar,52,26,32,8,118,0,3,7,3,13,52,29,39,11,131,0,16,16,147
06/29/2023,MAF,TX,ASW,CE,Combined TRACON& Tower with Radar,52,24,50,20,146,0,0,16,5,21,52,24,66,25,167,0,0,0,167
06/30/2023,MAF,TX,ASW,CE,Combined TRACON& Tower with Radar,56,28,35,8,127,0,0,9,5,14,56,28,44,13,141,0,0,0,141
07/01/2023,MAF,TX,ASW,CE,Combined TRACON& Tower with Radar,35,13,20,0,68,0,0,7,0,7,35,13,27,0,75,10,0,10,85
07/02/2023,MAF,TX,ASW,CE,Combined TRACON& Tower with Radar,36,7,18,1,62,0,0,8,1,9,36,7,26,2,71,0,0,0,71
07/03/2023,MAF,TX,ASW,CE,Combined TRACON& Tower with Radar,45,9,15,1,70,0,0,12,1,13,45,9,27,2,83,0,0,0,83
07/04/2023,MAF,TX,ASW,CE,Combined TRACON& Tower with Radar,43,9,15,2,69,0,0,8,3,11,43,9,23,5,80,6,0,6,86
07/05/2023,MAF,TX,ASW,CE,Combined TRACON& Tower with Radar,49,22,34,32,137,0,0,9,8,17,49,22,43,40,154,0,30,30,184
07/06/2023,MAF,TX,ASW,CE,Combined TRACON& Tower with Radar,50,31,51,46,178,0,3,9,27,39,50,34,60,73,217,0,148,148,365
07/07/2023,MAF,TX,ASW,CE,Combined TRACON& Tower with Radar,55,22,29,24,130,0,0,13,5,18,55,22,42,29,148,0,0,0,148
07/08/2023,MAF,TX,ASW,CE,Combined TRACON& Tower with Radar,35,15,18,0,68,0,1,8,1,10,35,16,26,1,78,0,0,0,78
07/09/2023,MAF,TX,ASW,CE,Combined TRACON& Tower with Radar,38,21,21,19,99,0,0,7,6,13,38,21,28,25,112,0,0,0,112
07/10/2023,MAF,TX,ASW,CE,Combined TRACON& Tower with Radar,52,21,38,21,132,0,0,7,9,16,52,21,45,30,148,18,0,18,166
07/11/2023,MAF,TX,ASW,CE,Combined TRACON& Tower with Radar,54,25,37,17,133,0,0,9,5,14,54,25,46,22,147,0,24,24,171
07/12/2023,MAF,TX,ASW,CE,Combined TRACON& Tower with Radar,54,22,45,8,129,0,0,8,2,10,54,22,53,10,139,0,0,0,139
07/13/2023,MAF,TX,ASW,CE,Combined TRACON& Tower with Radar,56,23,53,8,140,0,0,14,5,19,56,23,67,13,159,0,0,0,159
07/14/2023,MAF,TX,ASW,CE,Combined TRACON& Tower with Radar,52,26,22,3,103,0,0,15,0,15,52,26,37,3,118,0,0,0,118
07/15/2023,MAF,TX,ASW,CE,Combined TRACON& Tower with Radar,35,13,11,6,65,0,1,19,0,20,35,14,30,6,85,0,0,0,85
07/16/2023,MAF,TX,ASW,CE,Combined TRACON& Tower with Radar,37,12,27,3,79,0,1,12,4,17,37,13,39,7,96,0,0,0,96
07/17/2023,MAF,TX,ASW,CE,Combined TRACON& Tower with Radar,56,24,36,28,144,0,1,18,10,29,56,25,54,38,173,20,0,20,193
07/18/2023,MAF,TX,ASW,CE,Combined TRACON& Tower with Radar,52,27,42,9,130,0,1,12,5,18,52,28,54,14,148,0,2,2,150
07/19/2023,MAF,TX,ASW,CE,Combined TRACON& Tower with Radar,56,26,74,18,174,0,0,18,17,35,56,26,92,35,209,0,46,46,255
07/20/2023,MAF,TX,ASW,CE,Combined TRACON& Tower with Radar,52,25,56,9,142,0,0,10,4,14,52,25,66,13,156,0,8,8,164
07/21/2023,MAF,TX,ASW,CE,Combined TRACON& Tower with Radar,52,24,25,14,115,0,0,12,2,14,52,24,37,16,129,14,0,14,143
07/22/2023,MAF,TX,ASW,CE,Combined TRACON& Tower with Radar,33,15,16,0,64,0,0,14,0,14,33,15,30,0,78,0,0,0,78
07/23/2023,MAF,TX,ASW,CE,Combined TRACON& Tower with Radar,42,13,29,3,87,0,0,17,3,20,42,13,46,6,107,0,0,0,107
07/24/2023,MAF,TX,ASW,CE,Combined TRACON& Tower with Radar,52,24,30,9,115,0,1,25,2,28,52,25,55,11,143,0,0,0,143
07/25/2023,MAF,TX,ASW,CE,Combined TRACON& Tower with Radar,50,26,39,8,123,0,0,16,2,18,50,26,55,10,141,6,0,6,147
07/26/2023,MAF,TX,ASW,CE,Combined TRACON& Tower with Radar,53,25,33,2,113,0,0,17,7,24,53,25,50,9,137,8,6,14,151
07/27/2023,MAF,TX,ASW,CE,Combined TRACON& Tower with Radar,57,25,39,16,137,0,2,16,2,20,57,27,55,18,157,2,30,32,189
07/28/2023,MAF,TX,ASW,CE,Combined TRACON& Tower with Radar,53,25,33,7,118,0,1,12,1,14,53,26,45,8,132,2,6,8,140
07/29/2023,MAF,TX,ASW,CE,Combined TRACON& Tower with Radar,37,16,20,0,73,0,0,10,0,10,37,16,30,0,83,10,0,10,93
07/30/2023,MAF,TX,ASW,CE,Combined TRACON& Tower with Radar,42,16,39,3,100,0,0,10,1,11,42,16,49,4,111,8,0,8,119
07/31/2023,MAF,TX,ASW,CE,Combined TRACON& Tower with Radar,57,17,34,9,117,0,0,6,6,12,57,17,40,15,129,0,14,14,143
08/01/2023,MAF,TX,ASW,CE,Combined TRACON& Tower with Radar,56,17,41,12,126,0,0,16,0,16,56,17,57,12,142,12,14,26,168
08/02/2023,MAF,TX,ASW,CE,Combined TRACON& Tower with Radar,60,22,42,17,141,0,0,14,11,25,60,22,56,28,166,8,20,28,194
08/03/2023,MAF,TX,ASW,CE,Combined TRACON& Tower with Radar,56,27,52,15,150,0,0,4,5,9,56,27,56,20,159,0,20,20,179
08/04/2023,MAF,TX,ASW,CE,Combined TRACON& Tower with Radar,55,22,26,8,111,0,0,12,3,15,55,22,38,11,126,6,0,6,132
08/05/2023,MAF,TX,ASW,CE,Combined TRACON& Tower with Radar,34,17,18,3,72,0,2,17,2,21,34,19,35,5,93,0,0,0,93
08/06/2023,MAF,TX,ASW,CE,Combined TRACON& Tower with Radar,46,12,30,3,91,0,0,6,1,7,46,12,36,4,98,0,0,0,98
08/07/2023,MAF,TX,ASW,CE,Combined TRACON& Tower with Radar,59,18,49,12,138,0,2,20,7,29,59,20,69,19,167,0,0,0,167
08/08/2023,MAF,TX,ASW,CE,Combined TRACON& Tower with Radar,56,20,35,15,126,0,1,9,6,16,56,21,44,21,142,0,0,0,142
08/09/2023,MAF,TX,ASW,CE,Combined TRACON& Tower with Radar,59,29,44,13,145,0,3,12,2,17,59,32,56,15,162,14,10,24,186
08/10/2023,MAF,TX,ASW,CE,Combined TRACON& Tower with Radar,58,27,40,18,143,1,3,10,7,21,59,30,50,25,164,0,0,0,164
08/11/2023,MAF,TX,ASW,CE,Combined TRACON& Tower with Radar,56,19,36,8,119,0,1,13,3,17,56,20,49,11,136,0,4,4,140
08/12/2023,MAF,TX,ASW,CE,Combined TRACON& Tower with Radar,32,27,14,1,74,0,0,10,1,11,32,27,24,2,85,0,0,0,85
08/13/2023,MAF,TX,ASW,CE,Combined TRACON& Tower with Radar,43,15,19,2,79,0,0,9,0,9,43,15,28,2,88,0,0,0,88
08/14/2023,MAF,TX,ASW,CE,Combined TRACON& Tower with Radar,54,17,40,2,113,0,0,8,4,12,54,17,48,6,125,10,10,20,145
08/15/2023,MAF,TX,ASW,CE,Combined TRACON& Tower with Radar,55,17,28,6,106,0,0,11,2,13,55,17,39,8,119,0,12,12,131
08/16/2023,MAF,TX,ASW,CE,Combined TRACON& Tower with Radar,57,16,47,4,124,0,2,10,0,12,57,18,57,4,136,0,0,0,136
08/17/2023,MAF,TX,ASW,CE,Combined TRACON& Tower with Radar,59,22,48,13,142,0,0,17,3,20,59,22,65,16,162,0,20,20,182
08/18/2023,MAF,TX,ASW,CE,Combined TRACON& Tower with Radar,56,18,27,4,105,0,0,14,5,19,56,18,41,9,124,0,14,14,138
08/19/2023,MAF,TX,ASW,CE,Combined TRACON& Tower with Radar,35,24,23,11,93,0,0,15,3,18,35,24,38,14,111,0,0,0,111
08/20/2023,MAF,TX,ASW,CE,Combined TRACON& Tower with Radar,52,10,22,7,91,0,0,7,1,8,52,10,29,8,99,0,0,0,99
08/21/2023,MAF,TX,ASW,CE,Combined TRACON& Tower with Radar,58,25,41,6,130,0,0,5,3,8,58,25,46,9,138,0,0,0,138
08/22/2023,MAF,TX,ASW,CE,Combined TRACON& Tower with Radar,53,18,33,8,112,0,0,8,0,8,53,18,41,8,120,0,0,0,120
08/23/2023,MAF,TX,ASW,CE,Combined TRACON& Tower with Radar,57,20,52,11,140,0,0,15,0,15,57,20,67,11,155,12,4,16,171
08/24/2023,MAF,TX,ASW,CE,Combined TRACON& Tower with Radar,55,28,52,39,174,0,0,28,7,35,55,28,80,46,209,12,6,18,227
08/25/2023,MAF,TX,ASW,CE,Combined TRACON& Tower with Radar,53,22,26,27,128,0,2,6,6,14,53,24,32,33,142,0,0,0,142
08/26/2023,MAF,TX,ASW,CE,Combined TRACON& Tower with Radar,37,16,21,14,88,0,0,20,2,22,37,16,41,16,110,0,0,0,110
08/27/2023,MAF,TX,ASW,CE,Combined TRACON& Tower with Radar,55,16,31,0,102,0,0,14,2,16,55,16,45,2,118,0,6,6,124
08/28/2023,MAF,TX,ASW,CE,Combined TRACON& Tower with Radar,55,20,35,5,115,0,2,12,0,14,55,22,47,5,129,4,0,4,133
08/29/2023,MAF,TX,ASW,CE,Combined TRACON& Tower with Radar,56,27,50,15,148,0,0,31,3,34,56,27,81,18,182,0,0,0,182
08/30/2023,MAF,TX,ASW,CE,Combined TRACON& Tower with Radar,57,24,46,11,138,0,1,26,0,27,57,25,72,11,165,6,15,21,186
08/31/2023,MAF,TX,ASW,CE,Combined TRACON& Tower with Radar,58,27,66,12,163,0,0,19,7,26,58,27,85,19,189,30,18,48,237
