01/01/2020,MCO,FL,ASO,ES,Towers with Radar,928,32,30,1,991,0,0,9,3,12,928,32,39,4,1003,0,0,0,1003
01/02/2020,MCO,FL,ASO,ES,Towers with Radar,1034,46,30,1,1111,0,0,8,2,10,1034,46,38,3,1121,0,0,0,1121
01/03/2020,MCO,FL,ASO,ES,Towers with Radar,1049,52,45,3,1149,0,0,6,3,9,1049,52,51,6,1158,0,0,0,1158
01/04/2020,MCO,FL,ASO,ES,Towers with Radar,1072,45,57,0,1174,2,0,4,0,6,1074,45,61,0,1180,0,0,0,1180
01/05/2020,MCO,FL,ASO,ES,Towers with Radar,1031,33,37,3,1104,0,0,5,2,7,1031,33,42,5,1111,0,0,0,1111
01/06/2020,MCO,FL,ASO,ES,Towers with Radar,990,44,46,0,1080,0,0,6,0,6,990,44,52,0,1086,0,0,0,1086
01/07/2020,MCO,FL,ASO,ES,Towers with Radar,932,40,34,1,1007,0,0,8,0,8,932,40,42,1,1015,0,0,0,1015
01/08/2020,MCO,FL,ASO,ES,Towers with Radar,927,45,34,3,1009,0,1,2,0,3,927,46,36,3,1012,0,0,0,1012
01/09/2020,MCO,FL,ASO,ES,Towers with Radar,973,45,35,2,1055,0,0,5,0,5,973,45,40,2,1060,0,0,0,1060
01/10/2020,MCO,FL,ASO,ES,Towers with Radar,964,36,28,4,1032,0,0,10,9,19,964,36,38,13,1051,0,0,0,1051
01/11/2020,MCO,FL,ASO,ES,Towers with Radar,989,26,29,0,1044,0,0,3,0,3,989,26,32,0,1047,0,0,0,1047
01/12/2020,MCO,FL,ASO,ES,Towers with Radar,986,45,34,5,1070,0,2,4,11,17,986,47,38,16,1087,0,0,0,1087
01/13/2020,MCO,FL,ASO,ES,Towers with Radar,945,40,26,0,1011,0,0,3,0,3,945,40,29,0,1014,0,0,0,1014
01/14/2020,MCO,FL,ASO,ES,Towers with Radar,899,55,31,0,985,0,0,4,0,4,899,55,35,0,989,0,0,0,989
01/15/2020,MCO,FL,ASO,ES,Towers with Radar,919,54,47,0,1020,0,0,8,0,8,919,54,55,0,1028,0,0,0,1028
01/16/2020,MCO,FL,ASO,ES,Towers with Radar,953,47,47,4,1051,0,0,8,0,8,953,47,55,4,1059,0,0,0,1059
01/17/2020,MCO,FL,ASO,ES,Towers with Radar,966,46,34,0,1046,0,0,2,0,2,966,46,36,0,1048,0,0,0,1048
01/18/2020,MCO,FL,ASO,ES,Towers with Radar,992,26,20,0,1038,0,2,3,0,5,992,28,23,0,1043,0,0,0,1043
01/19/2020,MCO,FL,ASO,ES,Towers with Radar,979,42,27,0,1048,0,2,5,0,7,979,44,32,0,1055,0,0,0,1055
01/20/2020,MCO,FL,ASO,ES,Towers with Radar,953,39,54,0,1046,0,0,9,1,10,953,39,63,1,1056,0,0,0,1056
01/21/2020,MCO,FL,ASO,ES,Towers with Radar,902,61,44,0,1007,0,0,16,0,16,902,61,60,0,1023,0,0,0,1023
01/22/2020,MCO,FL,ASO,ES,Towers with Radar,911,36,45,0,992,0,0,1,1,2,911,36,46,1,994,0,0,0,994
01/23/2020,MCO,FL,ASO,ES,Towers with Radar,966,45,67,0,1078,0,2,1,3,6,966,47,68,3,1084,0,0,0,1084
01/24/2020,MCO,FL,ASO,ES,Towers with Radar,975,43,36,0,1054,0,5,5,0,10,975,48,41,0,1064,0,0,0,1064
01/25/2020,MCO,FL,ASO,ES,Towers with Radar,1032,22,16,2,1072,0,2,6,0,8,1032,24,22,2,1080,0,0,0,1080
01/26/2020,MCO,FL,ASO,ES,Towers with Radar,996,35,47,1,1079,0,2,7,1,10,996,37,54,2,1089,0,0,0,1089
01/27/2020,MCO,FL,ASO,ES,Towers with Radar,938,38,45,2,1023,0,2,0,0,2,938,40,45,2,1025,0,0,0,1025
01/28/2020,MCO,FL,ASO,ES,Towers with Radar,915,35,47,0,997,0,0,2,0,2,915,35,49,0,999,0,0,0,999
01/29/2020,MCO,FL,ASO,ES,Towers with Radar,913,42,38,0,993,0,0,4,0,4,913,42,42,0,997,0,0,0,997
01/30/2020,MCO,FL,ASO,ES,Towers with Radar,959,49,38,0,1046,0,0,3,0,3,959,49,41,0,1049,0,0,0,1049
01/31/2020,MCO,FL,ASO,ES,Towers with Radar,996,51,47,0,1094,0,0,1,0,1,996,51,48,0,1095,0,0,0,1095
02/01/2020,MCO,FL,ASO,ES,Towers with Radar,1042,44,22,0,1108,0,0,0,0,0,1042,44,22,0,1108,0,0,0,1108
02/02/2020,MCO,FL,ASO,ES,Towers with Radar,979,43,43,0,1065,0,1,6,2,9,979,44,49,2,1074,0,0,0,1074
02/03/2020,MCO,FL,ASO,ES,Towers with Radar,948,38,61,0,1047,0,2,5,2,9,948,40,66,2,1056,0,0,0,1056
02/04/2020,MCO,FL,ASO,ES,Towers with Radar,905,47,47,0,999,1,0,6,0,7,906,47,53,0,1006,0,0,0,1006
02/05/2020,MCO,FL,ASO,ES,Towers with Radar,922,45,41,2,1010,0,2,3,2,7,922,47,44,4,1017,0,0,0,1017
02/06/2020,MCO,FL,ASO,ES,Towers with Radar,924,36,53,0,1013,1,3,1,0,5,925,39,54,0,1018,0,0,0,1018
02/07/2020,MCO,FL,ASO,ES,Towers with Radar,1009,38,34,0,1081,0,2,7,1,10,1009,40,41,1,1091,0,0,0,1091
02/08/2020,MCO,FL,ASO,ES,Towers with Radar,1055,25,27,0,1107,0,1,4,0,5,1055,26,31,0,1112,0,0,0,1112
02/09/2020,MCO,FL,ASO,ES,Towers with Radar,969,32,42,4,1047,0,0,4,2,6,969,32,46,6,1053,0,0,0,1053
02/10/2020,MCO,FL,ASO,ES,Towers with Radar,960,33,53,0,1046,0,0,2,0,2,960,33,55,0,1048,0,0,0,1048
02/11/2020,MCO,FL,ASO,ES,Towers with Radar,937,45,40,2,1024,0,2,3,3,8,937,47,43,5,1032,0,0,0,1032
02/12/2020,MCO,FL,ASO,ES,Towers with Radar,950,49,70,2,1071,0,0,12,0,12,950,49,82,2,1083,0,0,0,1083
02/13/2020,MCO,FL,ASO,ES,Towers with Radar,979,39,73,0,1091,1,0,4,0,5,980,39,77,0,1096,0,0,0,1096
02/14/2020,MCO,FL,ASO,ES,Towers with Radar,1027,53,46,0,1126,0,1,1,0,2,1027,54,47,0,1128,0,0,0,1128
02/15/2020,MCO,FL,ASO,ES,Towers with Radar,1060,30,29,0,1119,0,0,1,0,1,1060,30,30,0,1120,0,0,0,1120
02/16/2020,MCO,FL,ASO,ES,Towers with Radar,1004,34,35,0,1073,0,4,6,0,10,1004,38,41,0,1083,0,0,0,1083
02/17/2020,MCO,FL,ASO,ES,Towers with Radar,978,55,59,0,1092,0,0,8,1,9,978,55,67,1,1101,0,0,0,1101
02/18/2020,MCO,FL,ASO,ES,Towers with Radar,969,44,49,0,1062,0,2,8,2,12,969,46,57,2,1074,0,0,0,1074
02/19/2020,MCO,FL,ASO,ES,Towers with Radar,1002,50,57,0,1109,2,0,7,0,9,1004,50,64,0,1118,0,0,0,1118
02/20/2020,MCO,FL,ASO,ES,Towers with Radar,1011,42,51,2,1106,0,0,8,0,8,1011,42,59,2,1114,0,0,0,1114
02/21/2020,MCO,FL,ASO,ES,Towers with Radar,1034,54,57,0,1145,0,0,0,0,0,1034,54,57,0,1145,0,0,0,1145
02/22/2020,MCO,FL,ASO,ES,Towers with Radar,1088,38,28,0,1154,0,2,8,2,12,1088,40,36,2,1166,0,0,0,1166
02/23/2020,MCO,FL,ASO,ES,Towers with Radar,1040,40,39,1,1120,0,0,5,1,6,1040,40,44,2,1126,0,0,0,1126
02/24/2020,MCO,FL,ASO,ES,Towers with Radar,976,39,44,0,1059,0,0,11,1,12,976,39,55,1,1071,0,0,0,1071
02/25/2020,MCO,FL,ASO,ES,Towers with Radar,970,42,41,1,1054,0,1,3,3,7,970,43,44,4,1061,0,0,0,1061
02/26/2020,MCO,FL,ASO,ES,Towers with Radar,972,59,46,11,1088,0,2,2,0,4,972,61,48,11,1092,0,0,0,1092
02/27/2020,MCO,FL,ASO,ES,Towers with Radar,1018,51,57,1,1127,0,0,9,0,9,1018,51,66,1,1136,0,0,0,1136
02/28/2020,MCO,FL,ASO,ES,Towers with Radar,1033,46,49,17,1145,0,2,7,0,9,1033,48,56,17,1154,0,0,0,1154
02/29/2020,MCO,FL,ASO,ES,Towers with Radar,1088,32,24,0,1144,0,2,8,0,10,1088,34,32,0,1154,0,0,0,1154
03/01/2020,MCO,FL,ASO,ES,Towers with Radar,1047,44,66,0,1157,0,0,5,0,5,1047,44,71,0,1162,0,0,0,1162
03/02/2020,MCO,FL,ASO,ES,Towers with Radar,986,55,62,0,1103,0,0,12,4,16,986,55,74,4,1119,0,0,0,1119
03/03/2020,MCO,FL,ASO,ES,Towers with Radar,984,54,64,0,1102,1,0,7,0,8,985,54,71,0,1110,0,0,0,1110
03/04/2020,MCO,FL,ASO,ES,Towers with Radar,976,45,69,2,1092,0,2,8,0,10,976,47,77,2,1102,0,0,0,1102
03/05/2020,MCO,FL,ASO,ES,Towers with Radar,1024,41,47,1,1113,0,0,5,0,5,1024,41,52,1,1118,0,0,0,1118
03/06/2020,MCO,FL,ASO,ES,Towers with Radar,1032,45,38,4,1119,0,0,5,4,9,1032,45,43,8,1128,0,0,0,1128
03/07/2020,MCO,FL,ASO,ES,Towers with Radar,1166,35,35,4,1240,0,0,5,1,6,1166,35,40,5,1246,0,0,0,1246
03/08/2020,MCO,FL,ASO,ES,Towers with Radar,1026,41,46,3,1116,0,0,4,1,5,1026,41,50,4,1121,0,0,0,1121
03/09/2020,MCO,FL,ASO,ES,Towers with Radar,1028,37,35,1,1101,0,3,8,2,13,1028,40,43,3,1114,0,0,0,1114
03/10/2020,MCO,FL,ASO,ES,Towers with Radar,1012,42,38,2,1094,0,7,8,3,18,1012,49,46,5,1112,0,0,0,1112
03/11/2020,MCO,FL,ASO,ES,Towers with Radar,1006,43,31,0,1080,0,6,5,2,13,1006,49,36,2,1093,0,0,0,1093
03/12/2020,MCO,FL,ASO,ES,Towers with Radar,1046,38,39,0,1123,0,0,6,2,8,1046,38,45,2,1131,0,0,0,1131
03/13/2020,MCO,FL,ASO,ES,Towers with Radar,1033,44,39,2,1118,0,1,8,0,9,1033,45,47,2,1127,0,0,0,1127
03/14/2020,MCO,FL,ASO,ES,Towers with Radar,1188,32,21,0,1241,0,0,6,0,6,1188,32,27,0,1247,0,0,0,1247
03/15/2020,MCO,FL,ASO,ES,Towers with Radar,1037,34,24,0,1095,0,4,7,0,11,1037,38,31,0,1106,0,0,0,1106
03/16/2020,MCO,FL,ASO,ES,Towers with Radar,1011,41,22,0,1074,0,0,6,0,6,1011,41,28,0,1080,0,0,0,1080
03/17/2020,MCO,FL,ASO,ES,Towers with Radar,977,43,16,0,1036,1,2,4,0,7,978,45,20,0,1043,0,0,0,1043
03/18/2020,MCO,FL,ASO,ES,Towers with Radar,955,38,11,2,1006,0,0,3,4,7,955,38,14,6,1013,0,0,0,1013
03/19/2020,MCO,FL,ASO,ES,Towers with Radar,894,28,15,0,937,0,0,5,0,5,894,28,20,0,942,0,0,0,942
03/20/2020,MCO,FL,ASO,ES,Towers with Radar,894,33,21,2,950,0,0,8,4,12,894,33,29,6,962,0,0,0,962
03/21/2020,MCO,FL,ASO,ES,Towers with Radar,966,27,7,0,1000,0,0,3,0,3,966,27,10,0,1003,0,0,0,1003
03/22/2020,MCO,FL,ASO,ES,Towers with Radar,799,29,23,0,851,0,1,6,1,8,799,30,29,1,859,0,0,0,859
03/23/2020,MCO,FL,ASO,ES,Towers with Radar,671,36,11,0,718,0,2,7,0,9,671,38,18,0,727,0,0,0,727
03/24/2020,MCO,FL,ASO,ES,Towers with Radar,646,37,7,2,692,0,10,6,1,17,646,47,13,3,709,0,0,0,709
03/25/2020,MCO,FL,ASO,ES,Towers with Radar,614,31,7,0,652,0,1,6,0,7,614,32,13,0,659,0,0,0,659
03/26/2020,MCO,FL,ASO,ES,Towers with Radar,571,29,20,0,620,0,0,5,0,5,571,29,25,0,625,0,0,0,625
03/27/2020,MCO,FL,ASO,ES,Towers with Radar,527,22,10,0,559,0,0,3,0,3,527,22,13,0,562,0,0,0,562
03/28/2020,MCO,FL,ASO,ES,Towers with Radar,538,8,6,0,552,0,0,1,0,1,538,8,7,0,553,0,0,0,553
03/29/2020,MCO,FL,ASO,ES,Towers with Radar,481,20,11,0,512,0,0,2,0,2,481,20,13,0,514,0,0,0,514
03/30/2020,MCO,FL,ASO,ES,Towers with Radar,432,24,12,0,468,0,1,5,0,6,432,25,17,0,474,0,0,0,474
03/31/2020,MCO,FL,ASO,ES,Towers with Radar,408,18,4,0,430,0,0,0,0,0,408,18,4,0,430,0,0,0,430
04/01/2020,MCO,FL,ASO,ES,Towers with Radar,416,14,7,0,437,0,0,2,0,2,416,14,9,0,439,0,0,0,439
04/02/2020,MCO,FL,ASO,ES,Towers with Radar,366,20,8,0,394,0,6,5,0,11,366,26,13,0,405,0,0,0,405
04/03/2020,MCO,FL,ASO,ES,Towers with Radar,401,17,5,0,423,0,0,2,0,2,401,17,7,0,425,0,0,0,425
04/04/2020,MCO,FL,ASO,ES,Towers with Radar,424,11,6,0,441,0,0,0,0,0,424,11,6,0,441,0,0,0,441
04/05/2020,MCO,FL,ASO,ES,Towers with Radar,455,14,5,2,476,0,2,0,0,2,455,16,5,2,478,0,0,0,478
04/06/2020,MCO,FL,ASO,ES,Towers with Radar,411,14,8,0,433,0,0,2,0,2,411,14,10,0,435,0,0,0,435
04/07/2020,MCO,FL,ASO,ES,Towers with Radar,348,11,6,0,365,0,2,6,0,8,348,13,12,0,373,0,0,0,373
04/08/2020,MCO,FL,ASO,ES,Towers with Radar,287,16,12,0,315,0,0,4,0,4,287,16,16,0,319,0,0,0,319
04/09/2020,MCO,FL,ASO,ES,Towers with Radar,316,15,12,0,343,0,2,3,4,9,316,17,15,4,352,0,0,0,352
04/10/2020,MCO,FL,ASO,ES,Towers with Radar,337,9,11,0,357,0,4,2,0,6,337,13,13,0,363,0,0,0,363
04/11/2020,MCO,FL,ASO,ES,Towers with Radar,351,2,8,0,361,0,4,8,0,12,351,6,16,0,373,0,0,0,373
04/12/2020,MCO,FL,ASO,ES,Towers with Radar,313,7,3,0,323,0,0,1,0,1,313,7,4,0,324,0,0,0,324
04/13/2020,MCO,FL,ASO,ES,Towers with Radar,276,10,10,0,296,0,0,0,0,0,276,10,10,0,296,0,0,0,296
04/14/2020,MCO,FL,ASO,ES,Towers with Radar,229,16,6,0,251,0,4,7,0,11,229,20,13,0,262,0,0,0,262
04/15/2020,MCO,FL,ASO,ES,Towers with Radar,214,16,6,0,236,0,0,2,0,2,214,16,8,0,238,0,0,0,238
04/16/2020,MCO,FL,ASO,ES,Towers with Radar,206,19,6,0,231,0,9,0,0,9,206,28,6,0,240,0,0,0,240
04/17/2020,MCO,FL,ASO,ES,Towers with Radar,217,9,10,0,236,0,0,0,0,0,217,9,10,0,236,0,0,0,236
04/18/2020,MCO,FL,ASO,ES,Towers with Radar,226,2,5,1,234,0,0,1,0,1,226,2,6,1,235,0,0,0,235
04/19/2020,MCO,FL,ASO,ES,Towers with Radar,187,13,5,0,205,0,0,2,0,2,187,13,7,0,207,0,0,0,207
04/20/2020,MCO,FL,ASO,ES,Towers with Radar,176,21,11,1,209,0,4,0,0,4,176,25,11,1,213,0,0,0,213
04/21/2020,MCO,FL,ASO,ES,Towers with Radar,190,14,13,0,217,0,2,16,2,20,190,16,29,2,237,0,0,0,237
04/22/2020,MCO,FL,ASO,ES,Towers with Radar,195,17,13,2,227,0,2,7,0,9,195,19,20,2,236,0,0,0,236
04/23/2020,MCO,FL,ASO,ES,Towers with Radar,191,16,11,0,218,0,2,0,0,2,191,18,11,0,220,0,0,0,220
04/24/2020,MCO,FL,ASO,ES,Towers with Radar,195,11,4,0,210,0,0,1,0,1,195,11,5,0,211,0,0,0,211
04/25/2020,MCO,FL,ASO,ES,Towers with Radar,187,5,7,0,199,0,2,1,0,3,187,7,8,0,202,0,0,0,202
04/26/2020,MCO,FL,ASO,ES,Towers with Radar,179,14,13,0,206,0,0,20,0,20,179,14,33,0,226,0,0,0,226
04/27/2020,MCO,FL,ASO,ES,Towers with Radar,169,20,11,2,202,0,2,8,2,12,169,22,19,4,214,0,0,0,214
04/28/2020,MCO,FL,ASO,ES,Towers with Radar,184,19,18,0,221,0,4,22,0,26,184,23,40,0,247,0,0,0,247
04/29/2020,MCO,FL,ASO,ES,Towers with Radar,201,15,14,0,230,0,0,9,2,11,201,15,23,2,241,0,0,0,241
04/30/2020,MCO,FL,ASO,ES,Towers with Radar,197,28,9,0,234,0,2,2,0,4,197,30,11,0,238,0,0,0,238
05/01/2020,MCO,FL,ASO,ES,Towers with Radar,208,16,12,6,242,0,2,10,0,12,208,18,22,6,254,0,0,0,254
05/02/2020,MCO,FL,ASO,ES,Towers with Radar,201,3,14,0,218,0,2,15,0,17,201,5,29,0,235,0,0,0,235
05/03/2020,MCO,FL,ASO,ES,Towers with Radar,206,14,7,0,227,0,2,4,0,6,206,16,11,0,233,0,0,0,233
05/04/2020,MCO,FL,ASO,ES,Towers with Radar,235,14,19,0,268,0,0,9,0,9,235,14,28,0,277,0,0,0,277
05/05/2020,MCO,FL,ASO,ES,Towers with Radar,195,16,14,0,225,0,0,9,0,9,195,16,23,0,234,0,0,0,234
05/06/2020,MCO,FL,ASO,ES,Towers with Radar,207,13,12,0,232,0,2,6,0,8,207,15,18,0,240,0,0,0,240
05/07/2020,MCO,FL,ASO,ES,Towers with Radar,229,22,17,2,270,0,7,10,4,21,229,29,27,6,291,0,0,0,291
05/08/2020,MCO,FL,ASO,ES,Towers with Radar,236,14,19,2,271,0,2,3,0,5,236,16,22,2,276,0,0,0,276
05/09/2020,MCO,FL,ASO,ES,Towers with Radar,190,5,20,0,215,0,0,1,0,1,190,5,21,0,216,0,0,0,216
05/10/2020,MCO,FL,ASO,ES,Towers with Radar,198,14,10,2,224,0,0,4,0,4,198,14,14,2,228,0,0,0,228
05/11/2020,MCO,FL,ASO,ES,Towers with Radar,221,22,21,2,266,0,3,6,0,9,221,25,27,2,275,0,0,0,275
05/12/2020,MCO,FL,ASO,ES,Towers with Radar,185,19,17,0,221,0,2,6,0,8,185,21,23,0,229,0,0,0,229
05/13/2020,MCO,FL,ASO,ES,Towers with Radar,202,13,16,0,231,0,0,6,0,6,202,13,22,0,237,0,0,0,237
05/14/2020,MCO,FL,ASO,ES,Towers with Radar,223,26,19,2,270,0,2,11,0,13,223,28,30,2,283,0,0,0,283
05/15/2020,MCO,FL,ASO,ES,Towers with Radar,242,13,16,0,271,0,6,0,0,6,242,19,16,0,277,0,0,0,277
05/16/2020,MCO,FL,ASO,ES,Towers with Radar,188,10,13,0,211,0,0,3,0,3,188,10,16,0,214,0,0,0,214
05/17/2020,MCO,FL,ASO,ES,Towers with Radar,205,17,15,0,237,0,0,6,0,6,205,17,21,0,243,0,0,0,243
05/18/2020,MCO,FL,ASO,ES,Towers with Radar,225,20,27,0,272,0,0,6,0,6,225,20,33,0,278,0,0,0,278
05/19/2020,MCO,FL,ASO,ES,Towers with Radar,191,19,16,1,227,0,8,6,0,14,191,27,22,1,241,0,0,0,241
05/20/2020,MCO,FL,ASO,ES,Towers with Radar,212,22,12,3,249,0,2,2,3,7,212,24,14,6,256,0,0,0,256
05/21/2020,MCO,FL,ASO,ES,Towers with Radar,274,25,27,2,328,0,2,0,0,2,274,27,27,2,330,0,0,0,330
05/22/2020,MCO,FL,ASO,ES,Towers with Radar,267,17,20,1,305,0,1,4,3,8,267,18,24,4,313,0,0,0,313
05/23/2020,MCO,FL,ASO,ES,Towers with Radar,203,2,16,1,222,0,0,6,0,6,203,2,22,1,228,0,0,0,228
05/24/2020,MCO,FL,ASO,ES,Towers with Radar,230,13,8,0,251,0,0,0,0,0,230,13,8,0,251,0,0,0,251
05/25/2020,MCO,FL,ASO,ES,Towers with Radar,237,14,13,0,264,0,0,0,0,0,237,14,13,0,264,0,0,0,264
05/26/2020,MCO,FL,ASO,ES,Towers with Radar,177,14,25,0,216,0,2,4,0,6,177,16,29,0,222,0,0,0,222
05/27/2020,MCO,FL,ASO,ES,Towers with Radar,206,22,32,0,260,0,2,5,0,7,206,24,37,0,267,0,0,0,267
05/28/2020,MCO,FL,ASO,ES,Towers with Radar,254,17,28,0,299,0,0,2,0,2,254,17,30,0,301,0,0,0,301
05/29/2020,MCO,FL,ASO,ES,Towers with Radar,252,14,21,0,287,0,0,5,0,5,252,14,26,0,292,0,0,0,292
05/30/2020,MCO,FL,ASO,ES,Towers with Radar,188,20,13,0,221,0,0,1,0,1,188,20,14,0,222,0,0,0,222
05/31/2020,MCO,FL,ASO,ES,Towers with Radar,231,19,22,2,274,0,4,14,0,18,231,23,36,2,292,0,0,0,292
06/01/2020,MCO,FL,ASO,ES,Towers with Radar,251,25,14,2,292,0,2,6,0,8,251,27,20,2,300,0,0,0,300
06/02/2020,MCO,FL,ASO,ES,Towers with Radar,222,23,14,0,259,0,2,1,0,3,222,25,15,0,262,0,0,0,262
06/03/2020,MCO,FL,ASO,ES,Towers with Radar,237,21,15,0,273,0,0,0,0,0,237,21,15,0,273,0,0,0,273
06/04/2020,MCO,FL,ASO,ES,Towers with Radar,299,22,19,2,342,0,0,2,0,2,299,22,21,2,344,0,0,0,344
06/05/2020,MCO,FL,ASO,ES,Towers with Radar,312,19,20,0,351,0,2,2,0,4,312,21,22,0,355,0,0,0,355
06/06/2020,MCO,FL,ASO,ES,Towers with Radar,267,8,9,2,286,0,0,0,0,0,267,8,9,2,286,0,0,0,286
06/07/2020,MCO,FL,ASO,ES,Towers with Radar,331,11,8,2,352,0,0,0,0,0,331,11,8,2,352,0,0,0,352
06/08/2020,MCO,FL,ASO,ES,Towers with Radar,336,22,16,0,374,0,0,0,4,4,336,22,16,4,378,0,0,0,378
06/09/2020,MCO,FL,ASO,ES,Towers with Radar,311,15,27,0,353,0,0,2,0,2,311,15,29,0,355,0,0,0,355
06/10/2020,MCO,FL,ASO,ES,Towers with Radar,328,18,19,0,365,0,0,8,0,8,328,18,27,0,373,0,0,0,373
06/11/2020,MCO,FL,ASO,ES,Towers with Radar,394,17,25,2,438,0,4,6,0,10,394,21,31,2,448,0,0,0,448
06/12/2020,MCO,FL,ASO,ES,Towers with Radar,381,16,19,0,416,0,1,4,0,5,381,17,23,0,421,0,0,0,421
06/13/2020,MCO,FL,ASO,ES,Towers with Radar,339,13,12,0,364,0,2,5,0,7,339,15,17,0,371,0,0,0,371
06/14/2020,MCO,FL,ASO,ES,Towers with Radar,375,11,16,0,402,0,1,5,1,7,375,12,21,1,409,0,0,0,409
06/15/2020,MCO,FL,ASO,ES,Towers with Radar,365,24,19,0,408,0,6,5,0,11,365,30,24,0,419,0,0,0,419
06/16/2020,MCO,FL,ASO,ES,Towers with Radar,334,19,25,0,378,0,6,8,0,14,334,25,33,0,392,0,0,0,392
06/17/2020,MCO,FL,ASO,ES,Towers with Radar,337,23,32,0,392,0,7,3,0,10,337,30,35,0,402,0,0,0,402
06/18/2020,MCO,FL,ASO,ES,Towers with Radar,408,23,24,2,457,0,2,5,3,10,408,25,29,5,467,0,0,0,467
06/19/2020,MCO,FL,ASO,ES,Towers with Radar,404,21,25,0,450,0,1,3,0,4,404,22,28,0,454,0,0,0,454
06/20/2020,MCO,FL,ASO,ES,Towers with Radar,361,12,11,0,384,0,0,7,0,7,361,12,18,0,391,0,0,0,391
06/21/2020,MCO,FL,ASO,ES,Towers with Radar,394,12,21,0,427,0,0,0,0,0,394,12,21,0,427,0,0,0,427
06/22/2020,MCO,FL,ASO,ES,Towers with Radar,365,26,24,0,415,0,0,0,0,0,365,26,24,0,415,0,0,0,415
06/23/2020,MCO,FL,ASO,ES,Towers with Radar,385,26,22,0,433,0,2,9,0,11,385,28,31,0,444,0,0,0,444
06/24/2020,MCO,FL,ASO,ES,Towers with Radar,370,18,36,0,424,0,0,9,0,9,370,18,45,0,433,0,0,0,433
06/25/2020,MCO,FL,ASO,ES,Towers with Radar,439,25,28,0,492,0,6,10,0,16,439,31,38,0,508,0,0,0,508
06/26/2020,MCO,FL,ASO,ES,Towers with Radar,419,25,28,0,472,0,2,3,0,5,419,27,31,0,477,0,0,0,477
06/27/2020,MCO,FL,ASO,ES,Towers with Radar,397,9,4,0,410,0,0,3,0,3,397,9,7,0,413,0,0,0,413
06/28/2020,MCO,FL,ASO,ES,Towers with Radar,407,17,22,0,446,0,0,3,0,3,407,17,25,0,449,0,0,0,449
06/29/2020,MCO,FL,ASO,ES,Towers with Radar,410,18,20,2,450,0,0,2,0,2,410,18,22,2,452,0,0,0,452
06/30/2020,MCO,FL,ASO,ES,Towers with Radar,373,22,16,0,411,0,2,6,2,10,373,24,22,2,421,0,0,0,421
07/01/2020,MCO,FL,ASO,ES,Towers with Radar,450,24,27,0,501,0,6,5,0,11,450,30,32,0,512,0,0,0,512
07/02/2020,MCO,FL,ASO,ES,Towers with Radar,515,34,20,2,571,0,0,3,0,3,515,34,23,2,574,0,0,0,574
07/03/2020,MCO,FL,ASO,ES,Towers with Radar,492,26,15,0,533,0,0,2,0,2,492,26,17,0,535,0,0,0,535
07/04/2020,MCO,FL,ASO,ES,Towers with Radar,385,7,5,0,397,0,0,0,0,0,385,7,5,0,397,0,0,0,397
07/05/2020,MCO,FL,ASO,ES,Towers with Radar,509,16,25,0,550,0,0,2,0,2,509,16,27,0,552,0,0,0,552
07/06/2020,MCO,FL,ASO,ES,Towers with Radar,527,28,13,0,568,0,0,2,4,6,527,28,15,4,574,0,0,0,574
07/07/2020,MCO,FL,ASO,ES,Towers with Radar,516,26,11,1,554,0,0,4,0,4,516,26,15,1,558,0,0,0,558
07/08/2020,MCO,FL,ASO,ES,Towers with Radar,516,22,34,0,572,0,1,1,0,2,516,23,35,0,574,0,0,0,574
07/09/2020,MCO,FL,ASO,ES,Towers with Radar,566,28,10,2,606,0,2,4,0,6,566,30,14,2,612,0,0,0,612
07/10/2020,MCO,FL,ASO,ES,Towers with Radar,553,25,35,0,613,0,0,2,0,2,553,25,37,0,615,0,0,0,615
07/11/2020,MCO,FL,ASO,ES,Towers with Radar,534,12,14,0,560,0,0,2,0,2,534,12,16,0,562,0,0,0,562
07/12/2020,MCO,FL,ASO,ES,Towers with Radar,554,22,20,0,596,0,0,0,0,0,554,22,20,0,596,0,0,0,596
07/13/2020,MCO,FL,ASO,ES,Towers with Radar,547,26,16,0,589,0,2,7,0,9,547,28,23,0,598,0,0,0,598
07/14/2020,MCO,FL,ASO,ES,Towers with Radar,499,22,13,0,534,0,2,4,0,6,499,24,17,0,540,0,0,0,540
07/15/2020,MCO,FL,ASO,ES,Towers with Radar,503,20,22,0,545,0,0,4,0,4,503,20,26,0,549,0,0,0,549
07/16/2020,MCO,FL,ASO,ES,Towers with Radar,559,26,22,1,608,0,2,0,1,3,559,28,22,2,611,0,0,0,611
07/17/2020,MCO,FL,ASO,ES,Towers with Radar,563,27,28,0,618,0,0,3,0,3,563,27,31,0,621,0,0,0,621
07/18/2020,MCO,FL,ASO,ES,Towers with Radar,533,11,15,0,559,0,1,1,0,2,533,12,16,0,561,0,0,0,561
07/19/2020,MCO,FL,ASO,ES,Towers with Radar,535,16,24,0,575,0,0,0,0,0,535,16,24,0,575,0,0,0,575
07/20/2020,MCO,FL,ASO,ES,Towers with Radar,543,22,21,0,586,0,0,6,0,6,543,22,27,0,592,0,0,0,592
07/21/2020,MCO,FL,ASO,ES,Towers with Radar,490,21,15,0,526,0,2,1,0,3,490,23,16,0,529,0,0,0,529
07/22/2020,MCO,FL,ASO,ES,Towers with Radar,497,24,21,0,542,0,2,5,0,7,497,26,26,0,549,0,0,0,549
07/23/2020,MCO,FL,ASO,ES,Towers with Radar,553,27,15,0,595,0,0,1,0,1,553,27,16,0,596,0,0,0,596
07/24/2020,MCO,FL,ASO,ES,Towers with Radar,550,25,10,3,588,0,0,3,0,3,550,25,13,3,591,0,0,0,591
07/25/2020,MCO,FL,ASO,ES,Towers with Radar,514,19,13,0,546,0,0,6,0,6,514,19,19,0,552,0,0,0,552
07/26/2020,MCO,FL,ASO,ES,Towers with Radar,522,16,16,0,554,0,0,2,0,2,522,16,18,0,556,0,0,0,556
07/27/2020,MCO,FL,ASO,ES,Towers with Radar,523,31,25,0,579,0,0,1,0,1,523,31,26,0,580,0,0,0,580
07/28/2020,MCO,FL,ASO,ES,Towers with Radar,471,22,21,0,514,0,0,5,0,5,471,22,26,0,519,0,0,0,519
07/29/2020,MCO,FL,ASO,ES,Towers with Radar,466,25,21,0,512,0,0,1,0,1,466,25,22,0,513,0,0,0,513
07/30/2020,MCO,FL,ASO,ES,Towers with Radar,523,29,24,0,576,0,0,6,0,6,523,29,30,0,582,0,0,0,582
07/31/2020,MCO,FL,ASO,ES,Towers with Radar,541,31,24,0,596,0,1,3,8,12,541,32,27,8,608,0,0,0,608
08/01/2020,MCO,FL,ASO,ES,Towers with Radar,537,18,18,0,573,0,0,2,1,3,537,18,20,1,576,0,0,0,576
08/02/2020,MCO,FL,ASO,ES,Towers with Radar,505,16,15,0,536,0,0,0,1,1,505,16,15,1,537,0,0,0,537
08/03/2020,MCO,FL,ASO,ES,Towers with Radar,520,27,21,0,568,0,0,3,0,3,520,27,24,0,571,0,0,0,571
08/04/2020,MCO,FL,ASO,ES,Towers with Radar,429,21,12,0,462,0,0,7,2,9,429,21,19,2,471,0,0,0,471
08/05/2020,MCO,FL,ASO,ES,Towers with Radar,432,24,20,0,476,0,0,2,0,2,432,24,22,0,478,0,0,0,478
08/06/2020,MCO,FL,ASO,ES,Towers with Radar,503,25,14,0,542,0,1,12,1,14,503,26,26,1,556,0,0,0,556
08/07/2020,MCO,FL,ASO,ES,Towers with Radar,511,19,6,0,536,0,0,4,0,4,511,19,10,0,540,0,0,0,540
08/08/2020,MCO,FL,ASO,ES,Towers with Radar,473,13,12,0,498,0,1,6,0,7,473,14,18,0,505,0,0,0,505
08/09/2020,MCO,FL,ASO,ES,Towers with Radar,490,16,9,0,515,0,0,3,0,3,490,16,12,0,518,0,0,0,518
08/10/2020,MCO,FL,ASO,ES,Towers with Radar,466,27,18,0,511,0,0,3,0,3,466,27,21,0,514,0,0,0,514
08/11/2020,MCO,FL,ASO,ES,Towers with Radar,386,32,9,1,428,0,2,1,0,3,386,34,10,1,431,0,0,0,431
08/12/2020,MCO,FL,ASO,ES,Towers with Radar,400,22,18,2,442,0,6,8,0,14,400,28,26,2,456,0,0,0,456
08/13/2020,MCO,FL,ASO,ES,Towers with Radar,443,31,19,0,493,0,2,8,0,10,443,33,27,0,503,0,0,0,503
08/14/2020,MCO,FL,ASO,ES,Towers with Radar,460,25,9,0,494,0,2,6,0,8,460,27,15,0,502,0,0,0,502
08/15/2020,MCO,FL,ASO,ES,Towers with Radar,437,10,12,2,461,0,0,7,0,7,437,10,19,2,468,0,0,0,468
08/16/2020,MCO,FL,ASO,ES,Towers with Radar,463,12,27,0,502,0,0,1,0,1,463,12,28,0,503,0,0,0,503
08/17/2020,MCO,FL,ASO,ES,Towers with Radar,416,32,16,2,466,0,2,0,0,2,416,34,16,2,468,0,0,0,468
08/18/2020,MCO,FL,ASO,ES,Towers with Radar,378,21,14,0,413,0,2,2,0,4,378,23,16,0,417,0,0,0,417
08/19/2020,MCO,FL,ASO,ES,Towers with Radar,396,36,21,0,453,0,4,1,0,5,396,40,22,0,458,0,0,0,458
08/20/2020,MCO,FL,ASO,ES,Towers with Radar,453,28,18,0,499,0,2,4,4,10,453,30,22,4,509,0,0,0,509
08/21/2020,MCO,FL,ASO,ES,Towers with Radar,454,18,20,1,493,0,0,3,0,3,454,18,23,1,496,0,0,0,496
08/22/2020,MCO,FL,ASO,ES,Towers with Radar,434,9,25,2,470,0,0,0,0,0,434,9,25,2,470,0,0,0,470
08/23/2020,MCO,FL,ASO,ES,Towers with Radar,477,17,23,1,518,0,0,4,1,5,477,17,27,2,523,0,0,0,523
08/24/2020,MCO,FL,ASO,ES,Towers with Radar,435,32,23,0,490,0,0,3,0,3,435,32,26,0,493,0,0,0,493
08/25/2020,MCO,FL,ASO,ES,Towers with Radar,390,26,29,0,445,0,2,4,0,6,390,28,33,0,451,0,0,0,451
08/26/2020,MCO,FL,ASO,ES,Towers with Radar,383,23,36,0,442,0,0,1,0,1,383,23,37,0,443,0,0,0,443
08/27/2020,MCO,FL,ASO,ES,Towers with Radar,452,32,20,0,504,0,2,6,0,8,452,34,26,0,512,0,0,0,512
08/28/2020,MCO,FL,ASO,ES,Towers with Radar,456,31,27,0,514,0,0,6,0,6,456,31,33,0,520,0,0,0,520
08/29/2020,MCO,FL,ASO,ES,Towers with Radar,439,10,18,0,467,0,0,2,0,2,439,10,20,0,469,0,0,0,469
08/30/2020,MCO,FL,ASO,ES,Towers with Radar,459,20,34,0,513,0,0,4,0,4,459,20,38,0,517,0,0,0,517
08/31/2020,MCO,FL,ASO,ES,Towers with Radar,441,26,12,0,479,0,0,2,0,2,441,26,14,0,481,0,0,0,481
09/01/2020,MCO,FL,ASO,ES,Towers with Radar,381,26,24,0,431,0,1,7,0,8,381,27,31,0,439,0,0,0,439
09/02/2020,MCO,FL,ASO,ES,Towers with Radar,395,28,24,0,447,0,2,6,0,8,395,30,30,0,455,0,0,0,455
09/03/2020,MCO,FL,ASO,ES,Towers with Radar,475,28,26,0,529,0,0,4,0,4,475,28,30,0,533,0,0,0,533
09/04/2020,MCO,FL,ASO,ES,Towers with Radar,478,26,27,0,531,0,0,9,0,9,478,26,36,0,540,0,0,0,540
09/05/2020,MCO,FL,ASO,ES,Towers with Radar,416,8,14,0,438,0,0,3,0,3,416,8,17,0,441,0,0,0,441
09/06/2020,MCO,FL,ASO,ES,Towers with Radar,400,12,10,0,422,0,5,0,0,5,400,17,10,0,427,0,0,0,427
09/07/2020,MCO,FL,ASO,ES,Towers with Radar,414,23,20,0,457,0,0,0,2,2,414,23,20,2,459,0,0,0,459
09/08/2020,MCO,FL,ASO,ES,Towers with Radar,337,17,18,0,372,0,0,2,0,2,337,17,20,0,374,0,0,0,374
09/09/2020,MCO,FL,ASO,ES,Towers with Radar,335,29,20,0,384,0,0,0,0,0,335,29,20,0,384,0,0,0,384
09/10/2020,MCO,FL,ASO,ES,Towers with Radar,405,44,38,0,487,0,4,2,0,6,405,48,40,0,493,0,0,0,493
09/11/2020,MCO,FL,ASO,ES,Towers with Radar,411,26,10,0,447,0,2,2,0,4,411,28,12,0,451,0,0,0,451
09/12/2020,MCO,FL,ASO,ES,Towers with Radar,360,12,16,0,388,0,2,0,0,2,360,14,16,0,390,0,0,0,390
09/13/2020,MCO,FL,ASO,ES,Towers with Radar,394,15,28,0,437,0,0,2,0,2,394,15,30,0,439,0,0,0,439
09/14/2020,MCO,FL,ASO,ES,Towers with Radar,381,27,17,0,425,0,1,5,1,7,381,28,22,1,432,0,0,0,432
09/15/2020,MCO,FL,ASO,ES,Towers with Radar,238,22,7,0,267,0,0,2,2,4,238,22,9,2,271,0,0,0,271
09/16/2020,MCO,FL,ASO,ES,Towers with Radar,321,30,24,0,375,0,0,3,0,3,321,30,27,0,378,0,0,0,378
09/17/2020,MCO,FL,ASO,ES,Towers with Radar,405,28,17,1,451,0,0,7,0,7,405,28,24,1,458,0,0,0,458
09/18/2020,MCO,FL,ASO,ES,Towers with Radar,418,31,16,1,466,0,2,8,0,10,418,33,24,1,476,0,0,0,476
09/19/2020,MCO,FL,ASO,ES,Towers with Radar,369,5,16,0,390,0,0,7,0,7,369,5,23,0,397,0,0,0,397
09/20/2020,MCO,FL,ASO,ES,Towers with Radar,400,14,16,1,431,0,0,1,0,1,400,14,17,1,432,0,0,0,432
09/21/2020,MCO,FL,ASO,ES,Towers with Radar,391,23,26,0,440,0,4,4,0,8,391,27,30,0,448,0,0,0,448
09/22/2020,MCO,FL,ASO,ES,Towers with Radar,312,31,19,0,362,0,5,3,0,8,312,36,22,0,370,0,0,0,370
09/23/2020,MCO,FL,ASO,ES,Towers with Radar,335,31,28,0,394,0,0,4,0,4,335,31,32,0,398,0,0,0,398
09/24/2020,MCO,FL,ASO,ES,Towers with Radar,416,30,26,2,474,0,4,6,0,10,416,34,32,2,484,0,0,0,484
09/25/2020,MCO,FL,ASO,ES,Towers with Radar,422,27,17,0,466,0,0,4,0,4,422,27,21,0,470,0,0,0,470
09/26/2020,MCO,FL,ASO,ES,Towers with Radar,363,19,19,0,401,0,0,2,0,2,363,19,21,0,403,0,0,0,403
09/27/2020,MCO,FL,ASO,ES,Towers with Radar,412,12,19,0,443,0,0,5,0,5,412,12,24,0,448,0,0,0,448
09/28/2020,MCO,FL,ASO,ES,Towers with Radar,402,30,22,0,454,0,0,2,0,2,402,30,24,0,456,0,0,0,456
09/29/2020,MCO,FL,ASO,ES,Towers with Radar,313,23,20,0,356,0,0,2,0,2,313,23,22,0,358,0,0,0,358
09/30/2020,MCO,FL,ASO,ES,Towers with Radar,336,33,29,0,398,0,6,4,1,11,336,39,33,1,409,0,0,0,409
10/01/2020,MCO,FL,ASO,ES,Towers with Radar,447,38,36,0,521,0,2,4,0,6,447,40,40,0,527,0,0,0,527
10/02/2020,MCO,FL,ASO,ES,Towers with Radar,454,29,20,0,503,0,1,7,0,8,454,30,27,0,511,0,0,0,511
10/03/2020,MCO,FL,ASO,ES,Towers with Radar,387,12,10,0,409,0,0,2,0,2,387,12,12,0,411,0,0,0,411
10/04/2020,MCO,FL,ASO,ES,Towers with Radar,446,30,22,0,498,0,0,1,0,1,446,30,23,0,499,0,0,0,499
10/05/2020,MCO,FL,ASO,ES,Towers with Radar,448,27,19,0,494,0,0,3,5,8,448,27,22,5,502,0,0,0,502
10/06/2020,MCO,FL,ASO,ES,Towers with Radar,332,26,17,0,375,0,2,2,0,4,332,28,19,0,379,0,0,0,379
10/07/2020,MCO,FL,ASO,ES,Towers with Radar,397,27,35,1,460,0,3,1,0,4,397,30,36,1,464,0,0,0,464
10/08/2020,MCO,FL,ASO,ES,Towers with Radar,530,30,30,3,593,0,0,1,2,3,530,30,31,5,596,0,0,0,596
10/09/2020,MCO,FL,ASO,ES,Towers with Radar,545,30,26,2,603,0,2,5,0,7,545,32,31,2,610,0,0,0,610
10/10/2020,MCO,FL,ASO,ES,Towers with Radar,492,11,21,3,527,0,0,5,0,5,492,11,26,3,532,0,0,0,532
10/11/2020,MCO,FL,ASO,ES,Towers with Radar,525,21,32,1,579,0,0,2,0,2,525,21,34,1,581,0,0,0,581
10/12/2020,MCO,FL,ASO,ES,Towers with Radar,533,34,29,0,596,0,0,5,0,5,533,34,34,0,601,0,0,0,601
10/13/2020,MCO,FL,ASO,ES,Towers with Radar,391,31,16,0,438,0,2,4,0,6,391,33,20,0,444,0,0,0,444
10/14/2020,MCO,FL,ASO,ES,Towers with Radar,418,30,19,0,467,0,2,1,0,3,418,32,20,0,470,0,0,0,470
10/15/2020,MCO,FL,ASO,ES,Towers with Radar,522,44,28,0,594,0,2,4,0,6,522,46,32,0,600,0,0,0,600
10/16/2020,MCO,FL,ASO,ES,Towers with Radar,550,40,23,1,614,0,0,22,1,23,550,40,45,2,637,0,0,0,637
10/17/2020,MCO,FL,ASO,ES,Towers with Radar,496,16,16,0,528,0,2,7,0,9,496,18,23,0,537,0,0,0,537
10/18/2020,MCO,FL,ASO,ES,Towers with Radar,555,27,23,1,606,0,3,1,1,5,555,30,24,2,611,0,0,0,611
10/19/2020,MCO,FL,ASO,ES,Towers with Radar,513,27,19,0,559,0,2,1,1,4,513,29,20,1,563,0,0,0,563
10/20/2020,MCO,FL,ASO,ES,Towers with Radar,390,22,28,1,441,0,1,2,0,3,390,23,30,1,444,0,0,0,444
10/21/2020,MCO,FL,ASO,ES,Towers with Radar,409,33,24,1,467,0,2,9,0,11,409,35,33,1,478,0,0,0,478
10/22/2020,MCO,FL,ASO,ES,Towers with Radar,535,27,29,0,591,0,0,8,0,8,535,27,37,0,599,0,0,0,599
10/23/2020,MCO,FL,ASO,ES,Towers with Radar,532,33,21,0,586,0,0,0,0,0,532,33,21,0,586,0,0,0,586
10/24/2020,MCO,FL,ASO,ES,Towers with Radar,474,13,23,0,510,0,1,6,0,7,474,14,29,0,517,0,0,0,517
10/25/2020,MCO,FL,ASO,ES,Towers with Radar,527,33,32,0,592,0,0,3,0,3,527,33,35,0,595,0,0,0,595
10/26/2020,MCO,FL,ASO,ES,Towers with Radar,511,27,11,0,549,0,0,0,1,1,511,27,11,1,550,0,0,0,550
10/27/2020,MCO,FL,ASO,ES,Towers with Radar,403,23,24,0,450,0,0,4,0,4,403,23,28,0,454,0,0,0,454
10/28/2020,MCO,FL,ASO,ES,Towers with Radar,424,39,31,2,496,0,2,4,0,6,424,41,35,2,502,0,0,0,502
10/29/2020,MCO,FL,ASO,ES,Towers with Radar,542,42,17,0,601,0,0,2,0,2,542,42,19,0,603,0,0,0,603
10/30/2020,MCO,FL,ASO,ES,Towers with Radar,549,34,32,0,615,0,2,8,0,10,549,36,40,0,625,0,0,0,625
10/31/2020,MCO,FL,ASO,ES,Towers with Radar,412,26,20,0,458,0,0,2,0,2,412,26,22,0,460,0,0,0,460
11/01/2020,MCO,FL,ASO,ES,Towers with Radar,536,28,19,0,583,0,2,3,0,5,536,30,22,0,588,0,0,0,588
11/02/2020,MCO,FL,ASO,ES,Towers with Radar,512,28,10,0,550,0,2,1,0,3,512,30,11,0,553,0,0,0,553
11/03/2020,MCO,FL,ASO,ES,Towers with Radar,385,20,17,0,422,0,0,0,0,0,385,20,17,0,422,0,0,0,422
11/04/2020,MCO,FL,ASO,ES,Towers with Radar,428,36,20,0,484,0,2,3,0,5,428,38,23,0,489,0,0,0,489
11/05/2020,MCO,FL,ASO,ES,Towers with Radar,582,26,29,0,637,0,4,7,0,11,582,30,36,0,648,0,0,0,648
11/06/2020,MCO,FL,ASO,ES,Towers with Radar,614,32,18,0,664,0,0,6,0,6,614,32,24,0,670,0,0,0,670
11/07/2020,MCO,FL,ASO,ES,Towers with Radar,553,28,22,0,603,0,0,3,0,3,553,28,25,0,606,0,0,0,606
11/08/2020,MCO,FL,ASO,ES,Towers with Radar,609,32,24,0,665,0,0,0,0,0,609,32,24,0,665,0,0,0,665
11/09/2020,MCO,FL,ASO,ES,Towers with Radar,596,28,28,0,652,0,0,0,0,0,596,28,28,0,652,0,0,0,652
11/10/2020,MCO,FL,ASO,ES,Towers with Radar,423,21,21,0,465,0,0,0,0,0,423,21,21,0,465,0,0,0,465
11/11/2020,MCO,FL,ASO,ES,Towers with Radar,461,36,31,0,528,0,0,2,0,2,461,36,33,0,530,0,0,0,530
11/12/2020,MCO,FL,ASO,ES,Towers with Radar,621,33,8,0,662,0,1,4,0,5,621,34,12,0,667,0,0,0,667
11/13/2020,MCO,FL,ASO,ES,Towers with Radar,627,34,30,2,693,0,0,2,0,2,627,34,32,2,695,0,0,0,695
11/14/2020,MCO,FL,ASO,ES,Towers with Radar,574,15,13,0,602,0,0,5,0,5,574,15,18,0,607,0,0,0,607
11/15/2020,MCO,FL,ASO,ES,Towers with Radar,620,25,23,2,670,0,0,2,0,2,620,25,25,2,672,0,0,0,672
11/16/2020,MCO,FL,ASO,ES,Towers with Radar,589,24,27,0,640,0,0,1,0,1,589,24,28,0,641,0,0,0,641
11/17/2020,MCO,FL,ASO,ES,Towers with Radar,415,24,24,0,463,0,0,11,0,11,415,24,35,0,474,0,0,0,474
11/18/2020,MCO,FL,ASO,ES,Towers with Radar,476,36,25,0,537,0,2,5,0,7,476,38,30,0,544,0,0,0,544
11/19/2020,MCO,FL,ASO,ES,Towers with Radar,658,33,39,0,730,0,0,2,0,2,658,33,41,0,732,0,0,0,732
11/20/2020,MCO,FL,ASO,ES,Towers with Radar,709,34,42,1,786,0,4,5,13,22,709,38,47,14,808,0,0,0,808
11/21/2020,MCO,FL,ASO,ES,Towers with Radar,754,19,30,0,803,0,1,4,0,5,754,20,34,0,808,0,0,0,808
11/22/2020,MCO,FL,ASO,ES,Towers with Radar,692,29,29,13,763,0,1,0,1,2,692,30,29,14,765,0,0,0,765
11/23/2020,MCO,FL,ASO,ES,Towers with Radar,685,29,25,0,739,0,2,15,1,18,685,31,40,1,757,0,0,0,757
11/24/2020,MCO,FL,ASO,ES,Towers with Radar,688,33,31,0,752,0,4,13,0,17,688,37,44,0,769,0,0,0,769
11/25/2020,MCO,FL,ASO,ES,Towers with Radar,706,27,30,0,763,0,2,9,0,11,706,29,39,0,774,0,0,0,774
11/26/2020,MCO,FL,ASO,ES,Towers with Radar,436,17,9,0,462,0,0,1,0,1,436,17,10,0,463,0,0,0,463
11/27/2020,MCO,FL,ASO,ES,Towers with Radar,637,25,15,0,677,0,1,2,0,3,637,26,17,0,680,0,0,0,680
11/28/2020,MCO,FL,ASO,ES,Towers with Radar,765,16,20,0,801,0,0,5,0,5,765,16,25,0,806,0,0,0,806
11/29/2020,MCO,FL,ASO,ES,Towers with Radar,755,32,40,0,827,0,0,6,0,6,755,32,46,0,833,0,0,0,833
11/30/2020,MCO,FL,ASO,ES,Towers with Radar,710,28,28,0,766,0,0,2,0,2,710,28,30,0,768,0,0,0,768
12/01/2020,MCO,FL,ASO,ES,Towers with Radar,636,14,16,0,666,0,4,0,0,4,636,18,16,0,670,0,0,0,670
12/02/2020,MCO,FL,ASO,ES,Towers with Radar,480,28,42,0,550,0,0,0,2,2,480,28,42,2,552,0,0,0,552
12/03/2020,MCO,FL,ASO,ES,Towers with Radar,561,36,37,4,638,0,0,2,0,2,561,36,39,4,640,0,0,0,640
12/04/2020,MCO,FL,ASO,ES,Towers with Radar,560,31,24,0,615,0,0,4,4,8,560,31,28,4,623,0,0,0,623
12/05/2020,MCO,FL,ASO,ES,Towers with Radar,554,16,12,0,582,0,1,4,0,5,554,17,16,0,587,0,0,0,587
12/06/2020,MCO,FL,ASO,ES,Towers with Radar,554,20,25,0,599,0,0,5,0,5,554,20,30,0,604,0,0,0,604
12/07/2020,MCO,FL,ASO,ES,Towers with Radar,538,28,24,0,590,0,0,1,0,1,538,28,25,0,591,0,0,0,591
12/08/2020,MCO,FL,ASO,ES,Towers with Radar,449,29,25,1,504,0,4,3,3,10,449,33,28,4,514,0,0,0,514
12/09/2020,MCO,FL,ASO,ES,Towers with Radar,475,35,37,3,550,0,1,6,0,7,475,36,43,3,557,0,0,0,557
12/10/2020,MCO,FL,ASO,ES,Towers with Radar,575,36,34,0,645,0,0,9,0,9,575,36,43,0,654,0,0,0,654
12/11/2020,MCO,FL,ASO,ES,Towers with Radar,565,39,16,0,620,0,6,5,0,11,565,45,21,0,631,0,0,0,631
12/12/2020,MCO,FL,ASO,ES,Towers with Radar,557,20,21,0,598,0,0,4,0,4,557,20,25,0,602,0,0,0,602
12/13/2020,MCO,FL,ASO,ES,Towers with Radar,562,22,27,0,611,0,0,0,0,0,562,22,27,0,611,0,0,0,611
12/14/2020,MCO,FL,ASO,ES,Towers with Radar,545,27,23,0,595,0,0,1,2,3,545,27,24,2,598,0,0,0,598
12/15/2020,MCO,FL,ASO,ES,Towers with Radar,462,31,31,0,524,0,1,5,0,6,462,32,36,0,530,0,0,0,530
12/16/2020,MCO,FL,ASO,ES,Towers with Radar,504,32,28,0,564,0,0,1,0,1,504,32,29,0,565,0,0,0,565
12/17/2020,MCO,FL,ASO,ES,Towers with Radar,697,39,39,0,775,0,2,5,0,7,697,41,44,0,782,0,0,0,782
12/18/2020,MCO,FL,ASO,ES,Towers with Radar,780,39,35,0,854,0,0,6,2,8,780,39,41,2,862,0,0,0,862
12/19/2020,MCO,FL,ASO,ES,Towers with Radar,855,23,27,2,907,0,2,1,0,3,855,25,28,2,910,0,0,0,910
12/20/2020,MCO,FL,ASO,ES,Towers with Radar,765,37,28,0,830,0,0,0,0,0,765,37,28,0,830,0,0,0,830
12/21/2020,MCO,FL,ASO,ES,Towers with Radar,739,27,16,0,782,0,0,4,0,4,739,27,20,0,786,0,0,0,786
12/22/2020,MCO,FL,ASO,ES,Towers with Radar,775,39,22,0,836,0,2,4,1,7,775,41,26,1,843,0,0,0,843
12/23/2020,MCO,FL,ASO,ES,Towers with Radar,824,35,42,0,901,0,0,4,0,4,824,35,46,0,905,0,0,0,905
12/24/2020,MCO,FL,ASO,ES,Towers with Radar,592,43,11,2,648,0,0,4,0,4,592,43,15,2,652,0,0,0,652
12/25/2020,MCO,FL,ASO,ES,Towers with Radar,518,23,11,0,552,0,0,0,0,0,518,23,11,0,552,0,0,0,552
12/26/2020,MCO,FL,ASO,ES,Towers with Radar,817,16,47,1,881,0,6,1,1,8,817,22,48,2,889,0,0,0,889
12/27/2020,MCO,FL,ASO,ES,Towers with Radar,781,32,52,0,865,0,0,10,0,10,781,32,62,0,875,0,0,0,875
12/28/2020,MCO,FL,ASO,ES,Towers with Radar,732,44,29,0,805,0,0,5,0,5,732,44,34,0,810,0,0,0,810
12/29/2020,MCO,FL,ASO,ES,Towers with Radar,743,43,26,0,812,0,8,10,0,18,743,51,36,0,830,0,0,0,830
12/30/2020,MCO,FL,ASO,ES,Towers with Radar,776,38,32,0,846,0,0,0,0,0,776,38,32,0,846,0,0,0,846
12/31/2020,MCO,FL,ASO,ES,Towers with Radar,571,31,19,1,622,0,4,8,0,12,571,35,27,1,634,0,0,0,634
01/01/2021,MCO,FL,ASO,ES,Towers with Radar,551,22,11,0,584,0,1,3,0,4,551,23,14,0,588,0,0,0,588
01/02/2021,MCO,FL,ASO,ES,Towers with Radar,833,25,35,0,893,0,0,2,0,2,833,25,37,0,895,0,0,0,895
01/03/2021,MCO,FL,ASO,ES,Towers with Radar,788,34,58,0,880,0,0,3,0,3,788,34,61,0,883,0,0,0,883
01/04/2021,MCO,FL,ASO,ES,Towers with Radar,729,46,34,0,809,0,0,3,0,3,729,46,37,0,812,0,0,0,812
01/05/2021,MCO,FL,ASO,ES,Towers with Radar,637,23,21,0,681,0,0,0,0,0,637,23,21,0,681,0,0,0,681
01/06/2021,MCO,FL,ASO,ES,Towers with Radar,540,21,29,0,590,0,1,4,4,9,540,22,33,4,599,0,0,0,599
01/07/2021,MCO,FL,ASO,ES,Towers with Radar,608,34,29,0,671,0,0,5,0,5,608,34,34,0,676,0,0,0,676
01/08/2021,MCO,FL,ASO,ES,Towers with Radar,592,26,25,1,644,0,0,3,0,3,592,26,28,1,647,0,0,0,647
01/09/2021,MCO,FL,ASO,ES,Towers with Radar,584,19,22,0,625,0,0,2,0,2,584,19,24,0,627,0,0,0,627
01/10/2021,MCO,FL,ASO,ES,Towers with Radar,593,35,22,0,650,0,0,2,1,3,593,35,24,1,653,0,0,0,653
01/11/2021,MCO,FL,ASO,ES,Towers with Radar,556,20,21,0,597,0,4,4,0,8,556,24,25,0,605,0,0,0,605
01/12/2021,MCO,FL,ASO,ES,Towers with Radar,460,23,21,0,504,0,0,4,0,4,460,23,25,0,508,0,0,0,508
01/13/2021,MCO,FL,ASO,ES,Towers with Radar,454,26,34,0,514,0,0,13,0,13,454,26,47,0,527,0,0,0,527
01/14/2021,MCO,FL,ASO,ES,Towers with Radar,615,44,24,0,683,0,0,3,2,5,615,44,27,2,688,0,0,0,688
01/15/2021,MCO,FL,ASO,ES,Towers with Radar,603,30,27,1,661,0,0,3,0,3,603,30,30,1,664,0,0,0,664
01/16/2021,MCO,FL,ASO,ES,Towers with Radar,578,23,18,1,620,0,5,4,0,9,578,28,22,1,629,0,0,0,629
01/17/2021,MCO,FL,ASO,ES,Towers with Radar,578,19,27,0,624,0,3,2,0,5,578,22,29,0,629,0,0,0,629
01/18/2021,MCO,FL,ASO,ES,Towers with Radar,576,26,25,0,627,0,1,4,0,5,576,27,29,0,632,0,0,0,632
01/19/2021,MCO,FL,ASO,ES,Towers with Radar,451,23,28,0,502,0,6,0,1,7,451,29,28,1,509,0,0,0,509
01/20/2021,MCO,FL,ASO,ES,Towers with Radar,449,19,38,0,506,0,1,5,0,6,449,20,43,0,512,0,0,0,512
01/21/2021,MCO,FL,ASO,ES,Towers with Radar,611,31,37,0,679,0,0,8,0,8,611,31,45,0,687,0,0,0,687
01/22/2021,MCO,FL,ASO,ES,Towers with Radar,590,24,34,0,648,0,3,7,0,10,590,27,41,0,658,0,0,0,658
01/23/2021,MCO,FL,ASO,ES,Towers with Radar,566,9,15,0,590,0,0,0,0,0,566,9,15,0,590,0,0,0,590
01/24/2021,MCO,FL,ASO,ES,Towers with Radar,583,33,16,0,632,0,0,3,0,3,583,33,19,0,635,0,0,0,635
01/25/2021,MCO,FL,ASO,ES,Towers with Radar,566,16,19,0,601,0,0,3,0,3,566,16,22,0,604,0,0,0,604
01/26/2021,MCO,FL,ASO,ES,Towers with Radar,458,18,23,0,499,0,0,3,0,3,458,18,26,0,502,0,0,0,502
01/27/2021,MCO,FL,ASO,ES,Towers with Radar,458,22,30,0,510,0,0,5,0,5,458,22,35,0,515,0,0,0,515
01/28/2021,MCO,FL,ASO,ES,Towers with Radar,602,24,31,0,657,0,7,2,0,9,602,31,33,0,666,0,0,0,666
01/29/2021,MCO,FL,ASO,ES,Towers with Radar,594,25,25,0,644,0,2,4,0,6,594,27,29,0,650,0,0,0,650
01/30/2021,MCO,FL,ASO,ES,Towers with Radar,575,19,17,0,611,0,0,2,0,2,575,19,19,0,613,0,0,0,613
01/31/2021,MCO,FL,ASO,ES,Towers with Radar,565,32,30,0,627,0,0,0,0,0,565,32,30,0,627,0,0,0,627
02/01/2021,MCO,FL,ASO,ES,Towers with Radar,492,12,23,0,527,0,1,3,0,4,492,13,26,0,531,0,0,0,531
02/02/2021,MCO,FL,ASO,ES,Towers with Radar,452,14,26,0,492,0,1,9,0,10,452,15,35,0,502,0,0,0,502
02/03/2021,MCO,FL,ASO,ES,Towers with Radar,442,22,27,4,495,0,4,9,0,13,442,26,36,4,508,0,0,0,508
02/04/2021,MCO,FL,ASO,ES,Towers with Radar,598,27,33,0,658,0,2,8,0,10,598,29,41,0,668,0,0,0,668
02/05/2021,MCO,FL,ASO,ES,Towers with Radar,614,25,21,0,660,0,0,7,4,11,614,25,28,4,671,0,0,0,671
02/06/2021,MCO,FL,ASO,ES,Towers with Radar,578,14,25,0,617,0,0,2,0,2,578,14,27,0,619,0,0,0,619
02/07/2021,MCO,FL,ASO,ES,Towers with Radar,590,18,28,0,636,0,0,0,0,0,590,18,28,0,636,0,0,0,636
02/08/2021,MCO,FL,ASO,ES,Towers with Radar,582,34,26,0,642,0,0,5,0,5,582,34,31,0,647,0,0,0,647
02/09/2021,MCO,FL,ASO,ES,Towers with Radar,466,20,28,0,514,0,0,3,0,3,466,20,31,0,517,0,0,0,517
02/10/2021,MCO,FL,ASO,ES,Towers with Radar,490,40,28,0,558,0,0,3,1,4,490,40,31,1,562,0,0,0,562
02/11/2021,MCO,FL,ASO,ES,Towers with Radar,663,43,29,0,735,0,0,5,0,5,663,43,34,0,740,0,0,0,740
02/12/2021,MCO,FL,ASO,ES,Towers with Radar,682,38,26,1,747,0,0,0,0,0,682,38,26,1,747,0,0,0,747
02/13/2021,MCO,FL,ASO,ES,Towers with Radar,679,16,29,0,724,0,0,0,0,0,679,16,29,0,724,0,0,0,724
02/14/2021,MCO,FL,ASO,ES,Towers with Radar,598,31,23,0,652,0,0,0,0,0,598,31,23,0,652,0,0,0,652
02/15/2021,MCO,FL,ASO,ES,Towers with Radar,582,35,30,0,647,0,2,7,0,9,582,37,37,0,656,0,0,0,656
02/16/2021,MCO,FL,ASO,ES,Towers with Radar,508,36,32,0,576,0,0,0,0,0,508,36,32,0,576,0,0,0,576
02/17/2021,MCO,FL,ASO,ES,Towers with Radar,503,32,32,0,567,0,0,1,0,1,503,32,33,0,568,0,0,0,568
02/18/2021,MCO,FL,ASO,ES,Towers with Radar,582,32,35,0,649,0,2,6,0,8,582,34,41,0,657,0,0,0,657
02/19/2021,MCO,FL,ASO,ES,Towers with Radar,657,33,38,1,729,0,2,2,0,4,657,35,40,1,733,0,0,0,733
02/20/2021,MCO,FL,ASO,ES,Towers with Radar,685,24,33,1,743,0,0,1,0,1,685,24,34,1,744,0,0,0,744
02/21/2021,MCO,FL,ASO,ES,Towers with Radar,639,28,31,0,698,0,0,4,0,4,639,28,35,0,702,0,0,0,702
02/22/2021,MCO,FL,ASO,ES,Towers with Radar,628,28,35,0,691,0,2,7,0,9,628,30,42,0,700,0,0,0,700
02/23/2021,MCO,FL,ASO,ES,Towers with Radar,546,22,44,0,612,0,4,7,0,11,546,26,51,0,623,0,0,0,623
02/24/2021,MCO,FL,ASO,ES,Towers with Radar,538,38,37,0,613,0,2,14,0,16,538,40,51,0,629,0,0,0,629
02/25/2021,MCO,FL,ASO,ES,Towers with Radar,656,41,31,0,728,0,0,2,0,2,656,41,33,0,730,0,0,0,730
02/26/2021,MCO,FL,ASO,ES,Towers with Radar,653,42,25,0,720,0,0,10,0,10,653,42,35,0,730,0,0,0,730
02/27/2021,MCO,FL,ASO,ES,Towers with Radar,682,14,24,1,721,0,0,8,0,8,682,14,32,1,729,0,0,0,729
02/28/2021,MCO,FL,ASO,ES,Towers with Radar,644,28,40,0,712,0,0,2,0,2,644,28,42,0,714,0,0,0,714
03/01/2021,MCO,FL,ASO,ES,Towers with Radar,631,30,35,1,697,0,2,5,0,7,631,32,40,1,704,0,0,0,704
03/02/2021,MCO,FL,ASO,ES,Towers with Radar,563,23,30,0,616,0,0,6,0,6,563,23,36,0,622,0,0,0,622
03/03/2021,MCO,FL,ASO,ES,Towers with Radar,548,32,42,0,622,0,3,12,0,15,548,35,54,0,637,0,0,0,637
03/04/2021,MCO,FL,ASO,ES,Towers with Radar,684,42,40,0,766,0,0,4,0,4,684,42,44,0,770,0,0,0,770
03/05/2021,MCO,FL,ASO,ES,Towers with Radar,671,26,42,5,744,0,1,10,1,12,671,27,52,6,756,0,0,0,756
03/06/2021,MCO,FL,ASO,ES,Towers with Radar,713,27,20,0,760,0,0,0,0,0,713,27,20,0,760,0,0,0,760
03/07/2021,MCO,FL,ASO,ES,Towers with Radar,762,29,31,5,827,0,0,3,1,4,762,29,34,6,831,0,0,0,831
03/08/2021,MCO,FL,ASO,ES,Towers with Radar,778,30,29,0,837,0,2,4,1,7,778,32,33,1,844,0,0,0,844
03/09/2021,MCO,FL,ASO,ES,Towers with Radar,637,29,17,0,683,0,2,5,0,7,637,31,22,0,690,0,0,0,690
03/10/2021,MCO,FL,ASO,ES,Towers with Radar,651,22,42,0,715,0,0,9,0,9,651,22,51,0,724,0,0,0,724
03/11/2021,MCO,FL,ASO,ES,Towers with Radar,825,33,42,2,902,0,6,9,0,15,825,39,51,2,917,0,0,0,917
03/12/2021,MCO,FL,ASO,ES,Towers with Radar,812,43,37,0,892,0,0,9,0,9,812,43,46,0,901,0,0,0,901
03/13/2021,MCO,FL,ASO,ES,Towers with Radar,882,28,34,0,944,0,4,6,0,10,882,32,40,0,954,0,0,0,954
03/14/2021,MCO,FL,ASO,ES,Towers with Radar,774,40,24,0,838,0,1,7,0,8,774,41,31,0,846,0,0,0,846
03/15/2021,MCO,FL,ASO,ES,Towers with Radar,779,28,40,0,847,0,0,2,0,2,779,28,42,0,849,0,0,0,849
03/16/2021,MCO,FL,ASO,ES,Towers with Radar,761,32,36,30,859,0,0,0,0,0,761,32,36,30,859,0,0,0,859
03/17/2021,MCO,FL,ASO,ES,Towers with Radar,746,40,35,2,823,0,0,15,0,15,746,40,50,2,838,0,0,0,838
03/18/2021,MCO,FL,ASO,ES,Towers with Radar,846,39,33,0,918,0,0,2,0,2,846,39,35,0,920,0,0,0,920
03/19/2021,MCO,FL,ASO,ES,Towers with Radar,836,40,45,29,950,0,0,6,0,6,836,40,51,29,956,0,0,0,956
03/20/2021,MCO,FL,ASO,ES,Towers with Radar,904,28,45,0,977,0,0,0,0,0,904,28,45,0,977,0,0,0,977
03/21/2021,MCO,FL,ASO,ES,Towers with Radar,824,46,33,0,903,0,0,0,0,0,824,46,33,0,903,0,0,0,903
03/22/2021,MCO,FL,ASO,ES,Towers with Radar,806,30,25,0,861,0,0,0,0,0,806,30,25,0,861,0,0,0,861
03/23/2021,MCO,FL,ASO,ES,Towers with Radar,764,22,42,0,828,0,0,8,0,8,764,22,50,0,836,0,0,0,836
03/24/2021,MCO,FL,ASO,ES,Towers with Radar,771,39,37,9,856,0,0,9,2,11,771,39,46,11,867,0,0,0,867
03/25/2021,MCO,FL,ASO,ES,Towers with Radar,846,49,45,0,940,0,2,2,0,4,846,51,47,0,944,0,0,0,944
03/26/2021,MCO,FL,ASO,ES,Towers with Radar,858,40,49,9,956,0,2,6,0,8,858,42,55,9,964,0,0,0,964
03/27/2021,MCO,FL,ASO,ES,Towers with Radar,916,25,47,0,988,0,0,4,0,4,916,25,51,0,992,0,0,0,992
03/28/2021,MCO,FL,ASO,ES,Towers with Radar,819,31,52,0,902,0,0,4,0,4,819,31,56,0,906,0,0,0,906
03/29/2021,MCO,FL,ASO,ES,Towers with Radar,818,38,29,2,887,0,2,2,0,4,818,40,31,2,891,0,0,0,891
03/30/2021,MCO,FL,ASO,ES,Towers with Radar,756,26,34,0,816,0,0,3,0,3,756,26,37,0,819,0,0,0,819
03/31/2021,MCO,FL,ASO,ES,Towers with Radar,755,39,33,0,827,0,0,4,0,4,755,39,37,0,831,0,0,0,831
04/01/2021,MCO,FL,ASO,ES,Towers with Radar,838,44,51,0,933,0,0,1,0,1,838,44,52,0,934,0,0,0,934
04/02/2021,MCO,FL,ASO,ES,Towers with Radar,843,45,29,0,917,0,0,2,0,2,843,45,31,0,919,0,0,0,919
04/03/2021,MCO,FL,ASO,ES,Towers with Radar,924,37,34,0,995,0,0,9,0,9,924,37,43,0,1004,0,0,0,1004
04/04/2021,MCO,FL,ASO,ES,Towers with Radar,821,50,13,0,884,0,0,6,0,6,821,50,19,0,890,0,0,0,890
04/05/2021,MCO,FL,ASO,ES,Towers with Radar,840,53,52,0,945,0,0,6,0,6,840,53,58,0,951,0,0,0,951
04/06/2021,MCO,FL,ASO,ES,Towers with Radar,767,37,31,0,835,0,4,2,0,6,767,41,33,0,841,0,0,0,841
04/07/2021,MCO,FL,ASO,ES,Towers with Radar,763,36,37,2,838,0,0,11,0,11,763,36,48,2,849,0,0,0,849
04/08/2021,MCO,FL,ASO,ES,Towers with Radar,848,33,29,4,914,0,0,12,4,16,848,33,41,8,930,0,0,0,930
04/09/2021,MCO,FL,ASO,ES,Towers with Radar,838,34,40,0,912,0,0,5,0,5,838,34,45,0,917,0,0,0,917
04/10/2021,MCO,FL,ASO,ES,Towers with Radar,919,19,22,0,960,0,4,4,0,8,919,23,26,0,968,0,0,0,968
04/11/2021,MCO,FL,ASO,ES,Towers with Radar,679,23,27,0,729,0,0,2,0,2,679,23,29,0,731,0,0,0,731
04/12/2021,MCO,FL,ASO,ES,Towers with Radar,813,42,37,0,892,0,0,9,0,9,813,42,46,0,901,0,0,0,901
04/13/2021,MCO,FL,ASO,ES,Towers with Radar,707,35,37,0,779,0,2,11,0,13,707,37,48,0,792,0,0,0,792
04/14/2021,MCO,FL,ASO,ES,Towers with Radar,681,37,37,5,760,0,2,6,0,8,681,39,43,5,768,0,0,0,768
04/15/2021,MCO,FL,ASO,ES,Towers with Radar,804,48,35,0,887,0,0,5,0,5,804,48,40,0,892,0,0,0,892
04/16/2021,MCO,FL,ASO,ES,Towers with Radar,819,25,38,2,884,0,0,4,0,4,819,25,42,2,888,0,0,0,888
04/17/2021,MCO,FL,ASO,ES,Towers with Radar,866,24,31,0,921,0,0,2,2,4,866,24,33,2,925,0,0,0,925
04/18/2021,MCO,FL,ASO,ES,Towers with Radar,807,35,30,1,873,0,0,0,0,0,807,35,30,1,873,0,0,0,873
04/19/2021,MCO,FL,ASO,ES,Towers with Radar,803,27,33,0,863,0,0,0,0,0,803,27,33,0,863,0,0,0,863
04/20/2021,MCO,FL,ASO,ES,Towers with Radar,678,29,20,0,727,0,0,0,0,0,678,29,20,0,727,0,0,0,727
04/21/2021,MCO,FL,ASO,ES,Towers with Radar,697,30,24,2,753,0,0,3,0,3,697,30,27,2,756,0,0,0,756
04/22/2021,MCO,FL,ASO,ES,Towers with Radar,818,43,42,0,903,0,0,10,5,15,818,43,52,5,918,0,0,0,918
04/23/2021,MCO,FL,ASO,ES,Towers with Radar,817,33,39,0,889,0,0,6,1,7,817,33,45,1,896,0,0,0,896
04/24/2021,MCO,FL,ASO,ES,Towers with Radar,808,13,24,0,845,0,0,3,0,3,808,13,27,0,848,0,0,0,848
04/25/2021,MCO,FL,ASO,ES,Towers with Radar,792,39,59,0,890,0,0,2,0,2,792,39,61,0,892,0,0,0,892
04/26/2021,MCO,FL,ASO,ES,Towers with Radar,796,35,47,2,880,0,4,13,1,18,796,39,60,3,898,0,0,0,898
04/27/2021,MCO,FL,ASO,ES,Towers with Radar,684,51,46,4,785,0,1,1,1,3,684,52,47,5,788,0,0,0,788
04/28/2021,MCO,FL,ASO,ES,Towers with Radar,699,32,32,0,763,0,2,4,1,7,699,34,36,1,770,0,0,0,770
04/29/2021,MCO,FL,ASO,ES,Towers with Radar,817,38,41,0,896,1,4,6,0,11,818,42,47,0,907,0,0,0,907
04/30/2021,MCO,FL,ASO,ES,Towers with Radar,791,28,32,1,852,0,1,1,1,3,791,29,33,2,855,0,0,0,855
05/01/2021,MCO,FL,ASO,ES,Towers with Radar,838,17,26,0,881,0,2,2,0,4,838,19,28,0,885,0,0,0,885
05/02/2021,MCO,FL,ASO,ES,Towers with Radar,793,33,29,0,855,0,0,4,0,4,793,33,33,0,859,0,0,0,859
05/03/2021,MCO,FL,ASO,ES,Towers with Radar,773,41,42,0,856,0,0,5,0,5,773,41,47,0,861,0,0,0,861
05/04/2021,MCO,FL,ASO,ES,Towers with Radar,670,35,33,0,738,0,0,8,0,8,670,35,41,0,746,0,0,0,746
05/05/2021,MCO,FL,ASO,ES,Towers with Radar,711,40,38,0,789,0,1,6,5,12,711,41,44,5,801,0,0,0,801
05/06/2021,MCO,FL,ASO,ES,Towers with Radar,885,50,34,0,969,0,0,9,0,9,885,50,43,0,978,0,0,0,978
05/07/2021,MCO,FL,ASO,ES,Towers with Radar,870,41,34,0,945,0,6,9,0,15,870,47,43,0,960,0,0,0,960
05/08/2021,MCO,FL,ASO,ES,Towers with Radar,876,32,9,0,917,0,10,3,0,13,876,42,12,0,930,0,0,0,930
05/09/2021,MCO,FL,ASO,ES,Towers with Radar,856,41,40,0,937,0,0,8,0,8,856,41,48,0,945,0,0,0,945
05/10/2021,MCO,FL,ASO,ES,Towers with Radar,854,36,21,0,911,0,4,1,0,5,854,40,22,0,916,0,0,0,916
05/11/2021,MCO,FL,ASO,ES,Towers with Radar,774,34,28,0,836,0,0,3,0,3,774,34,31,0,839,0,0,0,839
05/12/2021,MCO,FL,ASO,ES,Towers with Radar,771,31,31,0,833,0,0,8,0,8,771,31,39,0,841,0,0,0,841
05/13/2021,MCO,FL,ASO,ES,Towers with Radar,878,42,40,0,960,0,0,7,0,7,878,42,47,0,967,0,0,0,967
05/14/2021,MCO,FL,ASO,ES,Towers with Radar,872,33,31,5,941,0,1,3,0,4,872,34,34,5,945,0,0,0,945
05/15/2021,MCO,FL,ASO,ES,Towers with Radar,866,19,34,5,924,0,6,3,1,10,866,25,37,6,934,0,0,0,934
05/16/2021,MCO,FL,ASO,ES,Towers with Radar,855,35,52,3,945,0,1,3,1,5,855,36,55,4,950,0,0,0,950
05/17/2021,MCO,FL,ASO,ES,Towers with Radar,849,33,36,3,921,0,4,2,0,6,849,37,38,3,927,0,0,0,927
05/18/2021,MCO,FL,ASO,ES,Towers with Radar,796,38,44,2,880,0,0,4,0,4,796,38,48,2,884,0,0,0,884
05/19/2021,MCO,FL,ASO,ES,Towers with Radar,779,33,48,0,860,0,4,4,2,10,779,37,52,2,870,0,0,0,870
05/20/2021,MCO,FL,ASO,ES,Towers with Radar,882,47,34,2,965,0,0,7,0,7,882,47,41,2,972,0,0,0,972
05/21/2021,MCO,FL,ASO,ES,Towers with Radar,885,52,36,2,975,0,0,7,0,7,885,52,43,2,982,0,0,0,982
05/22/2021,MCO,FL,ASO,ES,Towers with Radar,889,20,32,0,941,0,0,7,0,7,889,20,39,0,948,0,0,0,948
05/23/2021,MCO,FL,ASO,ES,Towers with Radar,867,27,46,0,940,0,2,1,0,3,867,29,47,0,943,0,0,0,943
05/24/2021,MCO,FL,ASO,ES,Towers with Radar,855,37,33,0,925,0,0,5,2,7,855,37,38,2,932,0,0,0,932
05/25/2021,MCO,FL,ASO,ES,Towers with Radar,794,27,35,0,856,0,0,6,0,6,794,27,41,0,862,0,0,0,862
05/26/2021,MCO,FL,ASO,ES,Towers with Radar,787,35,39,0,861,0,4,11,0,15,787,39,50,0,876,0,0,0,876
05/27/2021,MCO,FL,ASO,ES,Towers with Radar,887,37,35,0,959,0,0,7,0,7,887,37,42,0,966,0,0,0,966
05/28/2021,MCO,FL,ASO,ES,Towers with Radar,874,34,39,0,947,0,5,7,0,12,874,39,46,0,959,0,0,0,959
05/29/2021,MCO,FL,ASO,ES,Towers with Radar,878,14,18,0,910,0,1,1,0,2,878,15,19,0,912,0,0,0,912
05/30/2021,MCO,FL,ASO,ES,Towers with Radar,837,31,17,0,885,0,0,4,0,4,837,31,21,0,889,0,0,0,889
05/31/2021,MCO,FL,ASO,ES,Towers with Radar,854,23,47,0,924,0,2,5,0,7,854,25,52,0,931,0,0,0,931
06/01/2021,MCO,FL,ASO,ES,Towers with Radar,805,34,29,0,868,0,5,7,0,12,805,39,36,0,880,0,0,0,880
06/02/2021,MCO,FL,ASO,ES,Towers with Radar,830,31,29,2,892,0,2,2,0,4,830,33,31,2,896,0,0,0,896
06/03/2021,MCO,FL,ASO,ES,Towers with Radar,868,42,37,0,947,0,0,3,0,3,868,42,40,0,950,0,0,0,950
06/04/2021,MCO,FL,ASO,ES,Towers with Radar,882,35,22,0,939,0,0,5,0,5,882,35,27,0,944,0,0,0,944
06/05/2021,MCO,FL,ASO,ES,Towers with Radar,936,22,16,0,974,0,0,2,0,2,936,22,18,0,976,0,0,0,976
06/06/2021,MCO,FL,ASO,ES,Towers with Radar,891,46,40,1,978,0,0,1,0,1,891,46,41,1,979,0,0,0,979
06/07/2021,MCO,FL,ASO,ES,Towers with Radar,840,38,32,0,910,0,0,7,0,7,840,38,39,0,917,0,0,0,917
06/08/2021,MCO,FL,ASO,ES,Towers with Radar,805,31,28,3,867,0,2,5,0,7,805,33,33,3,874,0,0,0,874
06/09/2021,MCO,FL,ASO,ES,Towers with Radar,787,42,49,0,878,1,0,6,0,7,788,42,55,0,885,0,0,0,885
06/10/2021,MCO,FL,ASO,ES,Towers with Radar,867,35,47,0,949,0,0,4,1,5,867,35,51,1,954,0,0,0,954
06/11/2021,MCO,FL,ASO,ES,Towers with Radar,882,46,51,2,981,0,0,8,1,9,882,46,59,3,990,0,0,0,990
06/12/2021,MCO,FL,ASO,ES,Towers with Radar,978,20,35,0,1033,0,0,4,0,4,978,20,39,0,1037,0,0,0,1037
06/13/2021,MCO,FL,ASO,ES,Towers with Radar,803,28,46,0,877,0,0,5,0,5,803,28,51,0,882,0,0,0,882
06/14/2021,MCO,FL,ASO,ES,Towers with Radar,876,33,45,0,954,0,0,1,0,1,876,33,46,0,955,0,0,0,955
06/15/2021,MCO,FL,ASO,ES,Towers with Radar,806,38,40,0,884,0,0,1,0,1,806,38,41,0,885,0,0,0,885
06/16/2021,MCO,FL,ASO,ES,Towers with Radar,815,38,28,0,881,0,0,3,0,3,815,38,31,0,884,0,0,0,884
06/17/2021,MCO,FL,ASO,ES,Towers with Radar,879,38,32,0,949,0,0,6,0,6,879,38,38,0,955,0,0,0,955
06/18/2021,MCO,FL,ASO,ES,Towers with Radar,864,47,44,0,955,0,0,14,0,14,864,47,58,0,969,0,0,0,969
06/19/2021,MCO,FL,ASO,ES,Towers with Radar,977,18,27,0,1022,0,0,0,1,1,977,18,27,1,1023,0,0,0,1023
06/20/2021,MCO,FL,ASO,ES,Towers with Radar,926,28,32,0,986,0,0,0,1,1,926,28,32,1,987,0,0,0,987
06/21/2021,MCO,FL,ASO,ES,Towers with Radar,808,40,33,0,881,0,0,0,0,0,808,40,33,0,881,0,0,0,881
06/22/2021,MCO,FL,ASO,ES,Towers with Radar,783,30,35,2,850,0,0,8,0,8,783,30,43,2,858,0,0,0,858
06/23/2021,MCO,FL,ASO,ES,Towers with Radar,856,34,42,0,932,0,0,2,0,2,856,34,44,0,934,0,0,0,934
06/24/2021,MCO,FL,ASO,ES,Towers with Radar,855,36,40,2,933,0,0,4,0,4,855,36,44,2,937,0,0,0,937
06/25/2021,MCO,FL,ASO,ES,Towers with Radar,901,45,40,0,986,0,0,0,0,0,901,45,40,0,986,0,0,0,986
06/26/2021,MCO,FL,ASO,ES,Towers with Radar,910,18,28,2,958,0,0,5,0,5,910,18,33,2,963,0,0,0,963
06/27/2021,MCO,FL,ASO,ES,Towers with Radar,883,28,42,4,957,0,0,0,0,0,883,28,42,4,957,0,0,0,957
06/28/2021,MCO,FL,ASO,ES,Towers with Radar,858,28,22,1,909,0,0,4,0,4,858,28,26,1,913,0,0,0,913
06/29/2021,MCO,FL,ASO,ES,Towers with Radar,851,32,28,1,912,0,0,1,0,1,851,32,29,1,913,0,0,0,913
06/30/2021,MCO,FL,ASO,ES,Towers with Radar,803,37,41,0,881,0,2,5,0,7,803,39,46,0,888,0,0,0,888
07/01/2021,MCO,FL,ASO,ES,Towers with Radar,866,34,41,0,941,0,0,2,0,2,866,34,43,0,943,0,0,0,943
07/02/2021,MCO,FL,ASO,ES,Towers with Radar,885,36,30,0,951,1,0,2,0,3,886,36,32,0,954,0,0,0,954
07/03/2021,MCO,FL,ASO,ES,Towers with Radar,998,21,23,0,1042,0,0,1,0,1,998,21,24,0,1043,0,0,0,1043
07/04/2021,MCO,FL,ASO,ES,Towers with Radar,873,23,8,0,904,0,0,1,0,1,873,23,9,0,905,0,0,0,905
07/05/2021,MCO,FL,ASO,ES,Towers with Radar,849,33,30,0,912,0,0,9,0,9,849,33,39,0,921,0,0,0,921
07/06/2021,MCO,FL,ASO,ES,Towers with Radar,766,41,22,0,829,0,0,1,0,1,766,41,23,0,830,0,0,0,830
07/07/2021,MCO,FL,ASO,ES,Towers with Radar,801,43,22,0,866,0,0,0,0,0,801,43,22,0,866,0,0,0,866
07/08/2021,MCO,FL,ASO,ES,Towers with Radar,858,35,35,2,930,0,4,3,0,7,858,39,38,2,937,0,0,0,937
07/09/2021,MCO,FL,ASO,ES,Towers with Radar,877,34,32,0,943,0,4,4,0,8,877,38,36,0,951,0,0,0,951
07/10/2021,MCO,FL,ASO,ES,Towers with Radar,993,29,31,0,1053,0,0,2,0,2,993,29,33,0,1055,0,0,0,1055
07/11/2021,MCO,FL,ASO,ES,Towers with Radar,883,28,34,0,945,0,0,4,0,4,883,28,38,0,949,0,0,0,949
07/12/2021,MCO,FL,ASO,ES,Towers with Radar,833,35,27,0,895,0,0,2,0,2,833,35,29,0,897,0,0,0,897
07/13/2021,MCO,FL,ASO,ES,Towers with Radar,873,35,26,2,936,0,4,1,0,5,873,39,27,2,941,0,0,0,941
07/14/2021,MCO,FL,ASO,ES,Towers with Radar,830,38,38,0,906,0,0,8,0,8,830,38,46,0,914,0,0,0,914
07/15/2021,MCO,FL,ASO,ES,Towers with Radar,872,46,42,0,960,0,0,4,0,4,872,46,46,0,964,0,0,0,964
07/16/2021,MCO,FL,ASO,ES,Towers with Radar,862,39,31,0,932,0,4,4,0,8,862,43,35,0,940,0,0,0,940
07/17/2021,MCO,FL,ASO,ES,Towers with Radar,964,22,21,0,1007,0,2,3,0,5,964,24,24,0,1012,0,0,0,1012
07/18/2021,MCO,FL,ASO,ES,Towers with Radar,899,31,26,0,956,0,0,3,0,3,899,31,29,0,959,0,0,0,959
07/19/2021,MCO,FL,ASO,ES,Towers with Radar,848,41,22,2,913,0,0,2,0,2,848,41,24,2,915,0,0,0,915
07/20/2021,MCO,FL,ASO,ES,Towers with Radar,864,34,28,2,928,1,0,4,0,5,865,34,32,2,933,0,0,0,933
07/21/2021,MCO,FL,ASO,ES,Towers with Radar,850,38,38,0,926,1,0,14,0,15,851,38,52,0,941,0,0,0,941
07/22/2021,MCO,FL,ASO,ES,Towers with Radar,876,41,36,0,953,0,0,6,0,6,876,41,42,0,959,0,0,0,959
07/23/2021,MCO,FL,ASO,ES,Towers with Radar,868,47,42,1,958,0,0,6,0,6,868,47,48,1,964,0,0,0,964
07/24/2021,MCO,FL,ASO,ES,Towers with Radar,1001,32,35,4,1072,0,0,2,0,2,1001,32,37,4,1074,0,0,0,1074
07/25/2021,MCO,FL,ASO,ES,Towers with Radar,883,31,29,1,944,0,0,1,0,1,883,31,30,1,945,0,0,0,945
07/26/2021,MCO,FL,ASO,ES,Towers with Radar,829,39,37,0,905,0,2,0,0,2,829,41,37,0,907,0,0,0,907
07/27/2021,MCO,FL,ASO,ES,Towers with Radar,868,34,27,2,931,0,0,0,0,0,868,34,27,2,931,0,0,0,931
07/28/2021,MCO,FL,ASO,ES,Towers with Radar,848,32,36,3,919,0,4,2,0,6,848,36,38,3,925,0,0,0,925
07/29/2021,MCO,FL,ASO,ES,Towers with Radar,871,53,45,3,972,0,0,4,0,4,871,53,49,3,976,0,0,0,976
07/30/2021,MCO,FL,ASO,ES,Towers with Radar,866,42,33,0,941,0,1,4,0,5,866,43,37,0,946,0,0,0,946
07/31/2021,MCO,FL,ASO,ES,Towers with Radar,959,28,33,2,1022,0,0,5,0,5,959,28,38,2,1027,0,0,0,1027
08/01/2021,MCO,FL,ASO,ES,Towers with Radar,814,35,40,0,889,0,2,8,0,10,814,37,48,0,899,0,0,0,899
08/02/2021,MCO,FL,ASO,ES,Towers with Radar,745,37,34,0,816,0,0,4,0,4,745,37,38,0,820,0,0,0,820
08/03/2021,MCO,FL,ASO,ES,Towers with Radar,760,24,31,0,815,0,0,1,0,1,760,24,32,0,816,0,0,0,816
08/04/2021,MCO,FL,ASO,ES,Towers with Radar,742,30,30,0,802,0,0,2,0,2,742,30,32,0,804,0,0,0,804
08/05/2021,MCO,FL,ASO,ES,Towers with Radar,810,32,34,0,876,0,0,4,3,7,810,32,38,3,883,0,0,0,883
08/06/2021,MCO,FL,ASO,ES,Towers with Radar,820,43,25,0,888,0,0,1,0,1,820,43,26,0,889,0,0,0,889
08/07/2021,MCO,FL,ASO,ES,Towers with Radar,947,25,22,0,994,0,0,5,0,5,947,25,27,0,999,0,0,0,999
08/08/2021,MCO,FL,ASO,ES,Towers with Radar,883,37,45,0,965,0,0,4,0,4,883,37,49,0,969,0,0,0,969
08/09/2021,MCO,FL,ASO,ES,Towers with Radar,841,30,21,0,892,0,0,2,0,2,841,30,23,0,894,0,0,0,894
08/10/2021,MCO,FL,ASO,ES,Towers with Radar,838,25,29,1,893,0,0,2,0,2,838,25,31,1,895,0,0,0,895
08/11/2021,MCO,FL,ASO,ES,Towers with Radar,842,38,24,1,905,0,3,3,3,9,842,41,27,4,914,0,0,0,914
08/12/2021,MCO,FL,ASO,ES,Towers with Radar,869,40,32,0,941,0,0,3,0,3,869,40,35,0,944,0,0,0,944
08/13/2021,MCO,FL,ASO,ES,Towers with Radar,856,34,27,0,917,0,0,3,0,3,856,34,30,0,920,0,0,0,920
08/14/2021,MCO,FL,ASO,ES,Towers with Radar,965,26,42,0,1033,0,0,3,0,3,965,26,45,0,1036,0,0,0,1036
08/15/2021,MCO,FL,ASO,ES,Towers with Radar,884,28,22,0,934,0,0,4,0,4,884,28,26,0,938,0,0,0,938
08/16/2021,MCO,FL,ASO,ES,Towers with Radar,831,31,23,0,885,0,0,6,0,6,831,31,29,0,891,0,0,0,891
08/17/2021,MCO,FL,ASO,ES,Towers with Radar,839,22,29,0,890,0,0,2,0,2,839,22,31,0,892,0,0,0,892
08/18/2021,MCO,FL,ASO,ES,Towers with Radar,802,32,33,0,867,0,4,18,0,22,802,36,51,0,889,0,0,0,889
08/19/2021,MCO,FL,ASO,ES,Towers with Radar,848,32,30,0,910,0,0,5,0,5,848,32,35,0,915,0,0,0,915
08/20/2021,MCO,FL,ASO,ES,Towers with Radar,838,31,26,1,896,1,0,7,0,8,839,31,33,1,904,0,0,0,904
08/21/2021,MCO,FL,ASO,ES,Towers with Radar,942,17,16,0,975,0,0,0,0,0,942,17,16,0,975,0,0,0,975
08/22/2021,MCO,FL,ASO,ES,Towers with Radar,831,25,20,0,876,1,0,4,0,5,832,25,24,0,881,0,0,0,881
08/23/2021,MCO,FL,ASO,ES,Towers with Radar,829,25,18,0,872,0,0,0,0,0,829,25,18,0,872,0,0,0,872
08/24/2021,MCO,FL,ASO,ES,Towers with Radar,788,25,35,0,848,0,0,2,0,2,788,25,37,0,850,0,0,0,850
08/25/2021,MCO,FL,ASO,ES,Towers with Radar,816,26,32,0,874,0,2,4,1,7,816,28,36,1,881,0,0,0,881
08/26/2021,MCO,FL,ASO,ES,Towers with Radar,854,26,31,0,911,0,6,2,0,8,854,32,33,0,919,0,0,0,919
08/27/2021,MCO,FL,ASO,ES,Towers with Radar,859,34,32,0,925,0,2,3,0,5,859,36,35,0,930,0,0,0,930
08/28/2021,MCO,FL,ASO,ES,Towers with Radar,952,11,22,0,985,0,0,2,0,2,952,11,24,0,987,0,0,0,987
08/29/2021,MCO,FL,ASO,ES,Towers with Radar,882,21,24,0,927,0,0,1,0,1,882,21,25,0,928,0,0,0,928
08/30/2021,MCO,FL,ASO,ES,Towers with Radar,821,29,34,0,884,0,2,4,0,6,821,31,38,0,890,0,0,0,890
08/31/2021,MCO,FL,ASO,ES,Towers with Radar,805,20,33,0,858,0,7,0,0,7,805,27,33,0,865,0,0,0,865
09/01/2021,MCO,FL,ASO,ES,Towers with Radar,755,22,33,0,810,0,0,6,0,6,755,22,39,0,816,0,0,0,816
09/02/2021,MCO,FL,ASO,ES,Towers with Radar,831,37,45,0,913,0,0,2,0,2,831,37,47,0,915,0,0,0,915
09/03/2021,MCO,FL,ASO,ES,Towers with Radar,856,38,25,0,919,0,2,4,0,6,856,40,29,0,925,0,0,0,925
09/04/2021,MCO,FL,ASO,ES,Towers with Radar,941,21,15,0,977,0,0,1,0,1,941,21,16,0,978,0,0,0,978
09/05/2021,MCO,FL,ASO,ES,Towers with Radar,833,21,20,0,874,0,4,4,0,8,833,25,24,0,882,0,0,0,882
09/06/2021,MCO,FL,ASO,ES,Towers with Radar,819,29,30,0,878,0,0,2,0,2,819,29,32,0,880,0,0,0,880
09/07/2021,MCO,FL,ASO,ES,Towers with Radar,751,29,25,0,805,0,1,0,0,1,751,30,25,0,806,0,0,0,806
09/08/2021,MCO,FL,ASO,ES,Towers with Radar,708,36,33,0,777,1,1,1,0,3,709,37,34,0,780,0,0,0,780
09/09/2021,MCO,FL,ASO,ES,Towers with Radar,785,39,27,0,851,0,0,5,0,5,785,39,32,0,856,0,0,0,856
09/10/2021,MCO,FL,ASO,ES,Towers with Radar,784,36,39,0,859,0,1,5,0,6,784,37,44,0,865,0,0,0,865
09/11/2021,MCO,FL,ASO,ES,Towers with Radar,840,17,22,0,879,0,0,2,1,3,840,17,24,1,882,0,0,0,882
09/12/2021,MCO,FL,ASO,ES,Towers with Radar,815,31,31,2,879,0,0,2,0,2,815,31,33,2,881,0,0,0,881
09/13/2021,MCO,FL,ASO,ES,Towers with Radar,749,39,33,0,821,1,0,7,1,9,750,39,40,1,830,0,0,0,830
09/14/2021,MCO,FL,ASO,ES,Towers with Radar,678,33,42,0,753,0,1,4,0,5,678,34,46,0,758,0,0,0,758
09/15/2021,MCO,FL,ASO,ES,Towers with Radar,679,29,37,0,745,0,2,2,0,4,679,31,39,0,749,0,0,0,749
09/16/2021,MCO,FL,ASO,ES,Towers with Radar,792,36,47,0,875,0,0,2,0,2,792,36,49,0,877,0,0,0,877
09/17/2021,MCO,FL,ASO,ES,Towers with Radar,779,36,32,0,847,0,0,4,0,4,779,36,36,0,851,0,0,0,851
09/18/2021,MCO,FL,ASO,ES,Towers with Radar,864,17,11,0,892,0,0,7,0,7,864,17,18,0,899,0,0,0,899
09/19/2021,MCO,FL,ASO,ES,Towers with Radar,837,29,38,2,906,0,0,3,0,3,837,29,41,2,909,0,0,0,909
09/20/2021,MCO,FL,ASO,ES,Towers with Radar,748,34,30,0,812,0,0,3,0,3,748,34,33,0,815,0,0,0,815
09/21/2021,MCO,FL,ASO,ES,Towers with Radar,706,32,25,0,763,0,3,6,0,9,706,35,31,0,772,0,0,0,772
09/22/2021,MCO,FL,ASO,ES,Towers with Radar,691,34,41,0,766,0,0,1,0,1,691,34,42,0,767,0,0,0,767
09/23/2021,MCO,FL,ASO,ES,Towers with Radar,754,38,34,0,826,0,0,8,0,8,754,38,42,0,834,0,0,0,834
09/24/2021,MCO,FL,ASO,ES,Towers with Radar,788,33,51,0,872,0,1,6,0,7,788,34,57,0,879,0,0,0,879
09/25/2021,MCO,FL,ASO,ES,Towers with Radar,862,18,18,0,898,0,0,6,0,6,862,18,24,0,904,0,0,0,904
09/26/2021,MCO,FL,ASO,ES,Towers with Radar,842,26,24,0,892,0,0,3,0,3,842,26,27,0,895,0,0,0,895
09/27/2021,MCO,FL,ASO,ES,Towers with Radar,757,34,29,0,820,0,10,5,0,15,757,44,34,0,835,0,0,0,835
09/28/2021,MCO,FL,ASO,ES,Towers with Radar,682,27,31,0,740,0,2,8,0,10,682,29,39,0,750,0,0,0,750
09/29/2021,MCO,FL,ASO,ES,Towers with Radar,691,30,43,0,764,0,2,3,2,7,691,32,46,2,771,0,0,0,771
09/30/2021,MCO,FL,ASO,ES,Towers with Radar,788,39,33,0,860,0,0,2,0,2,788,39,35,0,862,0,0,0,862
10/01/2021,MCO,FL,ASO,ES,Towers with Radar,795,31,39,4,869,0,0,2,0,2,795,31,41,4,871,0,0,0,871
10/02/2021,MCO,FL,ASO,ES,Towers with Radar,832,21,19,0,872,0,8,7,0,15,832,29,26,0,887,0,0,0,887
10/03/2021,MCO,FL,ASO,ES,Towers with Radar,843,19,41,0,903,0,2,2,0,4,843,21,43,0,907,0,0,0,907
10/04/2021,MCO,FL,ASO,ES,Towers with Radar,777,30,39,0,846,0,0,1,0,1,777,30,40,0,847,0,0,0,847
10/05/2021,MCO,FL,ASO,ES,Towers with Radar,715,27,26,0,768,0,2,4,4,10,715,29,30,4,778,0,0,0,778
10/06/2021,MCO,FL,ASO,ES,Towers with Radar,726,43,33,0,802,1,4,4,0,9,727,47,37,0,811,0,0,0,811
10/07/2021,MCO,FL,ASO,ES,Towers with Radar,855,46,43,1,945,0,0,1,0,1,855,46,44,1,946,0,0,0,946
10/08/2021,MCO,FL,ASO,ES,Towers with Radar,724,42,36,0,802,0,0,4,0,4,724,42,40,0,806,0,0,0,806
10/09/2021,MCO,FL,ASO,ES,Towers with Radar,884,35,27,1,947,0,0,8,0,8,884,35,35,1,955,0,0,0,955
10/10/2021,MCO,FL,ASO,ES,Towers with Radar,801,41,32,0,874,0,0,5,0,5,801,41,37,0,879,0,0,0,879
10/11/2021,MCO,FL,ASO,ES,Towers with Radar,837,46,54,0,937,0,0,2,0,2,837,46,56,0,939,0,0,0,939
10/12/2021,MCO,FL,ASO,ES,Towers with Radar,795,40,43,0,878,0,0,4,0,4,795,40,47,0,882,0,0,0,882
10/13/2021,MCO,FL,ASO,ES,Towers with Radar,777,32,39,1,849,0,1,1,0,2,777,33,40,1,851,0,0,0,851
10/14/2021,MCO,FL,ASO,ES,Towers with Radar,864,37,29,0,930,0,2,2,0,4,864,39,31,0,934,0,0,0,934
10/15/2021,MCO,FL,ASO,ES,Towers with Radar,876,33,36,0,945,0,3,11,1,15,876,36,47,1,960,0,0,0,960
10/16/2021,MCO,FL,ASO,ES,Towers with Radar,924,22,28,1,975,1,0,6,0,7,925,22,34,1,982,0,0,0,982
10/17/2021,MCO,FL,ASO,ES,Towers with Radar,880,37,41,2,960,0,0,6,0,6,880,37,47,2,966,0,0,0,966
10/18/2021,MCO,FL,ASO,ES,Towers with Radar,852,44,34,0,930,0,7,11,0,18,852,51,45,0,948,0,0,0,948
10/19/2021,MCO,FL,ASO,ES,Towers with Radar,794,34,27,0,855,0,4,7,0,11,794,38,34,0,866,0,0,0,866
10/20/2021,MCO,FL,ASO,ES,Towers with Radar,782,33,43,0,858,0,2,5,0,7,782,35,48,0,865,0,0,0,865
10/21/2021,MCO,FL,ASO,ES,Towers with Radar,874,42,50,0,966,0,2,7,0,9,874,44,57,0,975,0,0,0,975
10/22/2021,MCO,FL,ASO,ES,Towers with Radar,875,43,34,0,952,0,8,6,0,14,875,51,40,0,966,0,0,0,966
10/23/2021,MCO,FL,ASO,ES,Towers with Radar,939,25,22,0,986,0,2,4,0,6,939,27,26,0,992,0,0,0,992
10/24/2021,MCO,FL,ASO,ES,Towers with Radar,887,44,49,0,980,0,1,5,1,7,887,45,54,1,987,0,0,0,987
10/25/2021,MCO,FL,ASO,ES,Towers with Radar,845,59,42,2,948,0,2,4,0,6,845,61,46,2,954,0,0,0,954
10/26/2021,MCO,FL,ASO,ES,Towers with Radar,822,37,36,2,897,0,1,2,1,4,822,38,38,3,901,0,0,0,901
10/27/2021,MCO,FL,ASO,ES,Towers with Radar,774,34,56,2,866,0,6,9,0,15,774,40,65,2,881,0,0,0,881
10/28/2021,MCO,FL,ASO,ES,Towers with Radar,854,33,51,24,962,0,0,1,0,1,854,33,52,24,963,0,0,0,963
10/29/2021,MCO,FL,ASO,ES,Towers with Radar,876,45,38,3,962,0,0,3,0,3,876,45,41,3,965,0,0,0,965
10/30/2021,MCO,FL,ASO,ES,Towers with Radar,915,20,25,4,964,0,0,2,0,2,915,20,27,4,966,0,0,0,966
10/31/2021,MCO,FL,ASO,ES,Towers with Radar,795,43,48,23,909,0,0,4,0,4,795,43,52,23,913,0,0,0,913
11/01/2021,MCO,FL,ASO,ES,Towers with Radar,823,34,47,0,904,0,3,7,0,10,823,37,54,0,914,0,0,0,914
11/02/2021,MCO,FL,ASO,ES,Towers with Radar,824,35,30,2,891,0,2,1,0,3,824,37,31,2,894,0,0,0,894
11/03/2021,MCO,FL,ASO,ES,Towers with Radar,798,37,47,0,882,0,0,7,4,11,798,37,54,4,893,0,0,0,893
11/04/2021,MCO,FL,ASO,ES,Towers with Radar,917,41,66,0,1024,0,2,5,0,7,917,43,71,0,1031,0,0,0,1031
11/05/2021,MCO,FL,ASO,ES,Towers with Radar,922,46,46,0,1014,0,0,1,0,1,922,46,47,0,1015,0,0,0,1015
11/06/2021,MCO,FL,ASO,ES,Towers with Radar,959,29,35,0,1023,0,0,0,0,0,959,29,35,0,1023,0,0,0,1023
11/07/2021,MCO,FL,ASO,ES,Towers with Radar,888,42,36,0,966,0,0,0,0,0,888,42,36,0,966,0,0,0,966
11/08/2021,MCO,FL,ASO,ES,Towers with Radar,864,43,42,0,949,0,1,5,0,6,864,44,47,0,955,0,0,0,955
11/09/2021,MCO,FL,ASO,ES,Towers with Radar,785,42,36,0,863,0,1,3,0,4,785,43,39,0,867,0,0,0,867
11/10/2021,MCO,FL,ASO,ES,Towers with Radar,767,50,55,0,872,0,0,5,0,5,767,50,60,0,877,0,0,0,877
11/11/2021,MCO,FL,ASO,ES,Towers with Radar,889,60,61,1,1011,0,0,4,1,5,889,60,65,2,1016,0,0,0,1016
11/12/2021,MCO,FL,ASO,ES,Towers with Radar,906,42,50,0,998,0,5,7,0,12,906,47,57,0,1010,0,0,0,1010
11/13/2021,MCO,FL,ASO,ES,Towers with Radar,937,27,28,0,992,0,1,5,0,6,937,28,33,0,998,0,0,0,998
11/14/2021,MCO,FL,ASO,ES,Towers with Radar,906,46,54,0,1006,0,1,5,0,6,906,47,59,0,1012,0,0,0,1012
11/15/2021,MCO,FL,ASO,ES,Towers with Radar,885,41,45,0,971,0,0,4,0,4,885,41,49,0,975,0,0,0,975
11/16/2021,MCO,FL,ASO,ES,Towers with Radar,792,34,38,0,864,0,0,4,0,4,792,34,42,0,868,0,0,0,868
11/17/2021,MCO,FL,ASO,ES,Towers with Radar,806,50,62,0,918,0,3,10,0,13,806,53,72,0,931,0,0,0,931
11/18/2021,MCO,FL,ASO,ES,Towers with Radar,905,46,46,0,997,0,4,2,0,6,905,50,48,0,1003,0,0,0,1003
11/19/2021,MCO,FL,ASO,ES,Towers with Radar,938,39,58,2,1037,0,0,4,0,4,938,39,62,2,1041,0,0,0,1041
11/20/2021,MCO,FL,ASO,ES,Towers with Radar,1058,29,33,2,1122,1,0,4,0,5,1059,29,37,2,1127,0,0,0,1127
11/21/2021,MCO,FL,ASO,ES,Towers with Radar,930,42,44,0,1016,0,2,5,0,7,930,44,49,0,1023,0,0,0,1023
11/22/2021,MCO,FL,ASO,ES,Towers with Radar,921,38,33,2,994,0,0,8,0,8,921,38,41,2,1002,0,0,0,1002
11/23/2021,MCO,FL,ASO,ES,Towers with Radar,988,38,42,0,1068,0,2,2,0,4,988,40,44,0,1072,0,0,0,1072
11/24/2021,MCO,FL,ASO,ES,Towers with Radar,977,40,53,0,1070,0,8,3,0,11,977,48,56,0,1081,0,0,0,1081
11/25/2021,MCO,FL,ASO,ES,Towers with Radar,741,17,7,0,765,0,13,3,1,17,741,30,10,1,782,0,0,0,782
11/26/2021,MCO,FL,ASO,ES,Towers with Radar,824,23,19,0,866,0,0,4,0,4,824,23,23,0,870,0,0,0,870
11/27/2021,MCO,FL,ASO,ES,Towers with Radar,1071,33,43,0,1147,0,0,3,0,3,1071,33,46,0,1150,0,0,0,1150
11/28/2021,MCO,FL,ASO,ES,Towers with Radar,961,43,73,0,1077,0,4,11,0,15,961,47,84,0,1092,0,0,0,1092
11/29/2021,MCO,FL,ASO,ES,Towers with Radar,976,41,38,2,1057,0,0,3,0,3,976,41,41,2,1060,0,0,0,1060
11/30/2021,MCO,FL,ASO,ES,Towers with Radar,919,48,46,5,1018,0,0,9,0,9,919,48,55,5,1027,0,0,0,1027
12/01/2021,MCO,FL,ASO,ES,Towers with Radar,861,39,48,1,949,0,4,4,0,8,861,43,52,1,957,0,0,0,957
12/02/2021,MCO,FL,ASO,ES,Towers with Radar,940,42,59,0,1041,0,3,7,0,10,940,45,66,0,1051,0,0,0,1051
12/03/2021,MCO,FL,ASO,ES,Towers with Radar,916,40,50,0,1006,0,11,6,0,17,916,51,56,0,1023,0,0,0,1023
12/04/2021,MCO,FL,ASO,ES,Towers with Radar,989,25,38,0,1052,0,2,8,0,10,989,27,46,0,1062,0,0,0,1062
12/05/2021,MCO,FL,ASO,ES,Towers with Radar,917,54,52,0,1023,0,0,9,0,9,917,54,61,0,1032,0,0,0,1032
12/06/2021,MCO,FL,ASO,ES,Towers with Radar,874,45,51,0,970,0,1,9,0,10,874,46,60,0,980,0,0,0,980
12/07/2021,MCO,FL,ASO,ES,Towers with Radar,812,51,38,0,901,0,0,2,0,2,812,51,40,0,903,0,0,0,903
12/08/2021,MCO,FL,ASO,ES,Towers with Radar,806,37,46,0,889,0,4,8,0,12,806,41,54,0,901,0,0,0,901
12/09/2021,MCO,FL,ASO,ES,Towers with Radar,930,32,45,0,1007,0,0,2,0,2,930,32,47,0,1009,0,0,0,1009
12/10/2021,MCO,FL,ASO,ES,Towers with Radar,907,41,39,0,987,1,4,6,0,11,908,45,45,0,998,0,0,0,998
12/11/2021,MCO,FL,ASO,ES,Towers with Radar,960,22,37,2,1021,0,0,3,0,3,960,22,40,2,1024,0,0,0,1024
12/12/2021,MCO,FL,ASO,ES,Towers with Radar,916,34,53,0,1003,1,0,1,0,2,917,34,54,0,1005,0,0,0,1005
12/13/2021,MCO,FL,ASO,ES,Towers with Radar,890,33,45,0,968,0,0,4,0,4,890,33,49,0,972,0,0,0,972
12/14/2021,MCO,FL,ASO,ES,Towers with Radar,819,31,50,0,900,0,2,3,4,9,819,33,53,4,909,0,0,0,909
12/15/2021,MCO,FL,ASO,ES,Towers with Radar,827,35,36,2,900,0,0,4,0,4,827,35,40,2,904,0,0,0,904
12/16/2021,MCO,FL,ASO,ES,Towers with Radar,965,49,54,2,1070,0,0,11,1,12,965,49,65,3,1082,0,0,0,1082
12/17/2021,MCO,FL,ASO,ES,Towers with Radar,976,49,66,1,1092,0,1,13,1,15,976,50,79,2,1107,0,0,0,1107
12/18/2021,MCO,FL,ASO,ES,Towers with Radar,1100,41,43,3,1187,0,1,2,0,3,1100,42,45,3,1190,0,0,0,1190
12/19/2021,MCO,FL,ASO,ES,Towers with Radar,966,50,47,0,1063,0,1,4,0,5,966,51,51,0,1068,0,0,0,1068
12/20/2021,MCO,FL,ASO,ES,Towers with Radar,952,49,33,1,1035,0,0,0,0,0,952,49,33,1,1035,0,0,0,1035
12/21/2021,MCO,FL,ASO,ES,Towers with Radar,1028,34,25,0,1087,0,0,2,0,2,1028,34,27,0,1089,0,0,0,1089
12/22/2021,MCO,FL,ASO,ES,Towers with Radar,1010,44,54,0,1108,0,0,7,0,7,1010,44,61,0,1115,0,0,0,1115
12/23/2021,MCO,FL,ASO,ES,Towers with Radar,1057,46,55,0,1158,0,0,10,0,10,1057,46,65,0,1168,0,0,0,1168
12/24/2021,MCO,FL,ASO,ES,Towers with Radar,908,40,7,0,955,0,0,6,2,8,908,40,13,2,963,0,0,0,963
12/25/2021,MCO,FL,ASO,ES,Towers with Radar,913,28,11,0,952,0,0,6,0,6,913,28,17,0,958,0,0,0,958
12/26/2021,MCO,FL,ASO,ES,Towers with Radar,946,58,45,0,1049,0,0,6,0,6,946,58,51,0,1055,0,0,0,1055
12/27/2021,MCO,FL,ASO,ES,Towers with Radar,988,45,44,1,1078,0,9,6,1,16,988,54,50,2,1094,0,0,0,1094
12/28/2021,MCO,FL,ASO,ES,Towers with Radar,990,47,28,0,1065,0,4,4,0,8,990,51,32,0,1073,0,0,0,1073
12/29/2021,MCO,FL,ASO,ES,Towers with Radar,1004,39,44,1,1088,0,1,7,0,8,1004,40,51,1,1096,0,0,0,1096
12/30/2021,MCO,FL,ASO,ES,Towers with Radar,1000,56,50,0,1106,0,0,4,0,4,1000,56,54,0,1110,0,0,0,1110
12/31/2021,MCO,FL,ASO,ES,Towers with Radar,863,50,30,0,943,0,0,7,0,7,863,50,37,0,950,0,0,0,950
01/01/2022,MCO,FL,ASO,ES,Towers with Radar,937,19,11,0,967,0,4,2,0,6,937,23,13,0,973,0,0,0,973
01/02/2022,MCO,FL,ASO,ES,Towers with Radar,883,39,64,0,986,0,0,3,0,3,883,39,67,0,989,0,0,0,989
01/03/2022,MCO,FL,ASO,ES,Towers with Radar,937,48,25,0,1010,0,2,4,0,6,937,50,29,0,1016,0,0,0,1016
01/04/2022,MCO,FL,ASO,ES,Towers with Radar,919,48,31,0,998,0,0,11,0,11,919,48,42,0,1009,0,0,0,1009
01/05/2022,MCO,FL,ASO,ES,Towers with Radar,839,30,23,0,892,0,4,13,0,17,839,34,36,0,909,0,0,0,909
01/06/2022,MCO,FL,ASO,ES,Towers with Radar,850,47,42,0,939,0,2,10,4,16,850,49,52,4,955,0,0,0,955
01/07/2022,MCO,FL,ASO,ES,Towers with Radar,883,34,35,0,952,0,0,8,0,8,883,34,43,0,960,0,0,0,960
01/08/2022,MCO,FL,ASO,ES,Towers with Radar,929,30,35,0,994,0,0,5,0,5,929,30,40,0,999,0,0,0,999
01/09/2022,MCO,FL,ASO,ES,Towers with Radar,899,40,41,0,980,0,0,6,0,6,899,40,47,0,986,0,0,0,986
01/10/2022,MCO,FL,ASO,ES,Towers with Radar,872,31,36,0,939,0,0,4,0,4,872,31,40,0,943,0,0,0,943
01/11/2022,MCO,FL,ASO,ES,Towers with Radar,813,21,39,0,873,0,0,4,0,4,813,21,43,0,877,0,0,0,877
01/12/2022,MCO,FL,ASO,ES,Towers with Radar,820,29,23,3,875,0,2,6,0,8,820,31,29,3,883,0,0,0,883
01/13/2022,MCO,FL,ASO,ES,Towers with Radar,883,39,33,1,956,0,2,5,0,7,883,41,38,1,963,0,0,0,963
01/14/2022,MCO,FL,ASO,ES,Towers with Radar,912,46,57,1,1016,0,4,13,0,17,912,50,70,1,1033,0,0,0,1033
01/15/2022,MCO,FL,ASO,ES,Towers with Radar,947,35,30,1,1013,0,0,7,0,7,947,35,37,1,1020,0,0,0,1020
01/16/2022,MCO,FL,ASO,ES,Towers with Radar,820,33,16,0,869,0,4,1,0,5,820,37,17,0,874,0,0,0,874
01/17/2022,MCO,FL,ASO,ES,Towers with Radar,871,47,43,2,963,0,0,6,0,6,871,47,49,2,969,0,0,0,969
01/18/2022,MCO,FL,ASO,ES,Towers with Radar,821,32,44,0,897,0,5,9,4,18,821,37,53,4,915,0,0,0,915
01/19/2022,MCO,FL,ASO,ES,Towers with Radar,821,33,59,0,913,0,3,3,0,6,821,36,62,0,919,0,0,0,919
01/20/2022,MCO,FL,ASO,ES,Towers with Radar,894,45,43,0,982,2,1,6,0,9,896,46,49,0,991,0,0,0,991
01/21/2022,MCO,FL,ASO,ES,Towers with Radar,909,24,31,0,964,0,2,8,0,10,909,26,39,0,974,0,0,0,974
01/22/2022,MCO,FL,ASO,ES,Towers with Radar,957,17,12,0,986,0,0,1,0,1,957,17,13,0,987,0,0,0,987
01/23/2022,MCO,FL,ASO,ES,Towers with Radar,864,35,31,2,932,1,0,1,0,2,865,35,32,2,934,0,0,0,934
01/24/2022,MCO,FL,ASO,ES,Towers with Radar,780,34,41,2,857,0,1,0,0,1,780,35,41,2,858,0,0,0,858
01/25/2022,MCO,FL,ASO,ES,Towers with Radar,804,25,37,1,867,0,0,1,0,1,804,25,38,1,868,0,0,0,868
01/26/2022,MCO,FL,ASO,ES,Towers with Radar,814,24,40,4,882,0,0,0,0,0,814,24,40,4,882,0,0,0,882
01/27/2022,MCO,FL,ASO,ES,Towers with Radar,900,43,52,2,997,0,0,2,0,2,900,43,54,2,999,0,0,0,999
01/28/2022,MCO,FL,ASO,ES,Towers with Radar,876,39,38,1,954,0,1,1,0,2,876,40,39,1,956,0,0,0,956
01/29/2022,MCO,FL,ASO,ES,Towers with Radar,803,24,25,2,854,0,0,5,0,5,803,24,30,2,859,0,0,0,859
01/30/2022,MCO,FL,ASO,ES,Towers with Radar,831,35,48,0,914,0,2,3,0,5,831,37,51,0,919,0,0,0,919
01/31/2022,MCO,FL,ASO,ES,Towers with Radar,878,25,49,1,953,0,3,10,0,13,878,28,59,1,966,0,0,0,966
02/01/2022,MCO,FL,ASO,ES,Towers with Radar,805,26,48,2,881,0,1,7,0,8,805,27,55,2,889,0,0,0,889
02/02/2022,MCO,FL,ASO,ES,Towers with Radar,773,23,41,2,839,0,0,4,0,4,773,23,45,2,843,0,0,0,843
02/03/2022,MCO,FL,ASO,ES,Towers with Radar,758,25,49,0,832,0,0,3,1,4,758,25,52,1,836,0,0,0,836
02/04/2022,MCO,FL,ASO,ES,Towers with Radar,781,37,32,0,850,0,0,12,1,13,781,37,44,1,863,0,0,0,863
02/05/2022,MCO,FL,ASO,ES,Towers with Radar,929,37,30,1,997,0,0,3,1,4,929,37,33,2,1001,0,0,0,1001
02/06/2022,MCO,FL,ASO,ES,Towers with Radar,858,41,54,1,954,0,0,3,0,3,858,41,57,1,957,0,0,0,957
02/07/2022,MCO,FL,ASO,ES,Towers with Radar,851,43,78,0,972,0,0,5,1,6,851,43,83,1,978,0,0,0,978
02/08/2022,MCO,FL,ASO,ES,Towers with Radar,814,36,67,0,917,0,0,0,0,0,814,36,67,0,917,0,0,0,917
02/09/2022,MCO,FL,ASO,ES,Towers with Radar,812,34,78,0,924,0,0,1,0,1,812,34,79,0,925,0,0,0,925
02/10/2022,MCO,FL,ASO,ES,Towers with Radar,917,47,80,0,1044,0,0,6,0,6,917,47,86,0,1050,0,0,0,1050
02/11/2022,MCO,FL,ASO,ES,Towers with Radar,932,43,31,1,1007,0,0,7,3,10,932,43,38,4,1017,0,0,0,1017
02/12/2022,MCO,FL,ASO,ES,Towers with Radar,980,26,37,0,1043,0,3,2,0,5,980,29,39,0,1048,0,0,0,1048
02/13/2022,MCO,FL,ASO,ES,Towers with Radar,858,31,31,0,920,0,2,4,3,9,858,33,35,3,929,0,0,0,929
02/14/2022,MCO,FL,ASO,ES,Towers with Radar,916,44,48,0,1008,0,5,3,0,8,916,49,51,0,1016,0,0,0,1016
02/15/2022,MCO,FL,ASO,ES,Towers with Radar,842,35,26,0,903,0,0,2,0,2,842,35,28,0,905,0,0,0,905
02/16/2022,MCO,FL,ASO,ES,Towers with Radar,830,39,56,2,927,0,0,8,0,8,830,39,64,2,935,0,0,0,935
02/17/2022,MCO,FL,ASO,ES,Towers with Radar,918,42,53,0,1013,0,0,1,0,1,918,42,54,0,1014,0,0,0,1014
02/18/2022,MCO,FL,ASO,ES,Towers with Radar,952,47,70,0,1069,0,0,3,5,8,952,47,73,5,1077,0,0,0,1077
02/19/2022,MCO,FL,ASO,ES,Towers with Radar,1036,50,25,0,1111,0,0,7,2,9,1036,50,32,2,1120,0,0,0,1120
02/20/2022,MCO,FL,ASO,ES,Towers with Radar,922,47,49,0,1018,0,0,4,5,9,922,47,53,5,1027,0,0,0,1027
02/21/2022,MCO,FL,ASO,ES,Towers with Radar,952,54,64,0,1070,0,1,6,2,9,952,55,70,2,1079,0,0,0,1079
02/22/2022,MCO,FL,ASO,ES,Towers with Radar,906,51,50,2,1009,0,2,4,1,7,906,53,54,3,1016,0,0,0,1016
02/23/2022,MCO,FL,ASO,ES,Towers with Radar,888,50,85,2,1025,0,0,3,0,3,888,50,88,2,1028,0,0,0,1028
02/24/2022,MCO,FL,ASO,ES,Towers with Radar,916,50,59,0,1025,0,0,12,0,12,916,50,71,0,1037,0,0,0,1037
02/25/2022,MCO,FL,ASO,ES,Towers with Radar,902,43,48,0,993,0,4,7,0,11,902,47,55,0,1004,0,0,0,1004
02/26/2022,MCO,FL,ASO,ES,Towers with Radar,1033,42,36,0,1111,1,0,9,0,10,1034,42,45,0,1121,0,0,0,1121
02/27/2022,MCO,FL,ASO,ES,Towers with Radar,924,55,60,0,1039,0,0,6,0,6,924,55,66,0,1045,0,0,0,1045
02/28/2022,MCO,FL,ASO,ES,Towers with Radar,957,48,53,0,1058,0,0,4,0,4,957,48,57,0,1062,0,0,0,1062
03/01/2022,MCO,FL,ASO,ES,Towers with Radar,900,52,35,1,988,0,0,6,0,6,900,52,41,1,994,0,0,0,994
03/02/2022,MCO,FL,ASO,ES,Towers with Radar,890,38,56,18,1002,0,0,9,0,9,890,38,65,18,1011,0,0,0,1011
03/03/2022,MCO,FL,ASO,ES,Towers with Radar,950,47,58,8,1063,0,0,4,0,4,950,47,62,8,1067,0,0,0,1067
03/04/2022,MCO,FL,ASO,ES,Towers with Radar,960,49,58,16,1083,0,0,9,1,10,960,49,67,17,1093,0,0,0,1093
03/05/2022,MCO,FL,ASO,ES,Towers with Radar,1028,34,35,0,1097,0,0,5,2,7,1028,34,40,2,1104,0,0,0,1104
03/06/2022,MCO,FL,ASO,ES,Towers with Radar,929,59,60,0,1048,0,3,5,2,10,929,62,65,2,1058,0,0,0,1058
03/07/2022,MCO,FL,ASO,ES,Towers with Radar,933,69,69,0,1071,0,0,7,4,11,933,69,76,4,1082,0,0,0,1082
03/08/2022,MCO,FL,ASO,ES,Towers with Radar,926,60,60,0,1046,0,0,4,0,4,926,60,64,0,1050,0,0,0,1050
03/09/2022,MCO,FL,ASO,ES,Towers with Radar,848,49,51,0,948,0,0,2,0,2,848,49,53,0,950,0,0,0,950
03/10/2022,MCO,FL,ASO,ES,Towers with Radar,954,40,50,0,1044,0,0,0,0,0,954,40,50,0,1044,0,0,0,1044
03/11/2022,MCO,FL,ASO,ES,Towers with Radar,948,60,53,0,1061,0,0,3,0,3,948,60,56,0,1064,0,0,0,1064
03/12/2022,MCO,FL,ASO,ES,Towers with Radar,938,42,47,1,1028,0,0,1,0,1,938,42,48,1,1029,0,0,0,1029
03/13/2022,MCO,FL,ASO,ES,Towers with Radar,960,51,58,0,1069,0,0,7,0,7,960,51,65,0,1076,0,0,0,1076
03/14/2022,MCO,FL,ASO,ES,Towers with Radar,969,60,33,0,1062,0,4,7,0,11,969,64,40,0,1073,0,0,0,1073
03/15/2022,MCO,FL,ASO,ES,Towers with Radar,905,62,54,0,1021,0,0,2,0,2,905,62,56,0,1023,0,0,0,1023
03/16/2022,MCO,FL,ASO,ES,Towers with Radar,950,42,47,0,1039,0,0,2,0,2,950,42,49,0,1041,0,0,0,1041
03/17/2022,MCO,FL,ASO,ES,Towers with Radar,1003,39,47,0,1089,0,0,6,0,6,1003,39,53,0,1095,0,0,0,1095
03/18/2022,MCO,FL,ASO,ES,Towers with Radar,971,48,58,1,1078,0,1,5,0,6,971,49,63,1,1084,0,0,0,1084
03/19/2022,MCO,FL,ASO,ES,Towers with Radar,1098,53,41,0,1192,0,3,0,0,3,1098,56,41,0,1195,0,0,0,1195
03/20/2022,MCO,FL,ASO,ES,Towers with Radar,1003,52,54,0,1109,0,3,4,0,7,1003,55,58,0,1116,0,0,0,1116
03/21/2022,MCO,FL,ASO,ES,Towers with Radar,983,42,53,0,1078,0,2,14,0,16,983,44,67,0,1094,0,0,0,1094
03/22/2022,MCO,FL,ASO,ES,Towers with Radar,930,47,45,0,1022,0,0,8,3,11,930,47,53,3,1033,0,0,0,1033
03/23/2022,MCO,FL,ASO,ES,Towers with Radar,919,39,65,0,1023,0,0,2,0,2,919,39,67,0,1025,0,0,0,1025
03/24/2022,MCO,FL,ASO,ES,Towers with Radar,984,40,51,0,1075,0,0,2,0,2,984,40,53,0,1077,0,0,0,1077
03/25/2022,MCO,FL,ASO,ES,Towers with Radar,1022,62,47,0,1131,0,2,2,0,4,1022,64,49,0,1135,0,0,0,1135
03/26/2022,MCO,FL,ASO,ES,Towers with Radar,1106,35,35,0,1176,0,6,9,0,15,1106,41,44,0,1191,0,0,0,1191
03/27/2022,MCO,FL,ASO,ES,Towers with Radar,980,51,80,0,1111,0,0,6,0,6,980,51,86,0,1117,0,0,0,1117
03/28/2022,MCO,FL,ASO,ES,Towers with Radar,966,57,69,0,1092,0,4,4,0,8,966,61,73,0,1100,0,0,0,1100
03/29/2022,MCO,FL,ASO,ES,Towers with Radar,938,27,59,0,1024,0,0,7,0,7,938,27,66,0,1031,0,0,0,1031
03/30/2022,MCO,FL,ASO,ES,Towers with Radar,915,40,62,0,1017,0,4,5,0,9,915,44,67,0,1026,0,0,0,1026
03/31/2022,MCO,FL,ASO,ES,Towers with Radar,879,45,61,0,985,0,0,0,0,0,879,45,61,0,985,0,0,0,985
04/01/2022,MCO,FL,ASO,ES,Towers with Radar,926,71,57,0,1054,0,1,6,0,7,926,72,63,0,1061,0,0,0,1061
04/02/2022,MCO,FL,ASO,ES,Towers with Radar,702,28,29,0,759,0,0,3,0,3,702,28,32,0,762,0,0,0,762
04/03/2022,MCO,FL,ASO,ES,Towers with Radar,812,66,85,0,963,0,0,2,0,2,812,66,87,0,965,0,0,0,965
04/04/2022,MCO,FL,ASO,ES,Towers with Radar,899,55,59,0,1013,0,4,10,0,14,899,59,69,0,1027,0,0,0,1027
04/05/2022,MCO,FL,ASO,ES,Towers with Radar,911,42,46,0,999,0,0,12,0,12,911,42,58,0,1011,0,0,0,1011
04/06/2022,MCO,FL,ASO,ES,Towers with Radar,919,38,59,0,1016,0,5,8,0,13,919,43,67,0,1029,0,0,0,1029
04/07/2022,MCO,FL,ASO,ES,Towers with Radar,817,48,42,0,907,0,1,4,0,5,817,49,46,0,912,0,0,0,912
04/08/2022,MCO,FL,ASO,ES,Towers with Radar,980,59,83,0,1122,0,0,10,4,14,980,59,93,4,1136,0,0,0,1136
04/09/2022,MCO,FL,ASO,ES,Towers with Radar,999,40,40,0,1079,0,0,6,0,6,999,40,46,0,1085,0,0,0,1085
04/10/2022,MCO,FL,ASO,ES,Towers with Radar,937,64,44,0,1045,0,0,12,0,12,937,64,56,0,1057,0,0,0,1057
04/11/2022,MCO,FL,ASO,ES,Towers with Radar,942,40,42,0,1024,0,0,6,0,6,942,40,48,0,1030,0,0,0,1030
04/12/2022,MCO,FL,ASO,ES,Towers with Radar,943,57,42,0,1042,0,0,9,0,9,943,57,51,0,1051,0,0,0,1051
04/13/2022,MCO,FL,ASO,ES,Towers with Radar,912,47,53,0,1012,0,0,7,2,9,912,47,60,2,1021,0,0,0,1021
04/14/2022,MCO,FL,ASO,ES,Towers with Radar,966,65,80,2,1113,0,0,2,0,2,966,65,82,2,1115,0,0,0,1115
04/15/2022,MCO,FL,ASO,ES,Towers with Radar,967,71,40,0,1078,0,0,4,0,4,967,71,44,0,1082,0,0,0,1082
04/16/2022,MCO,FL,ASO,ES,Towers with Radar,1047,32,31,0,1110,0,0,3,2,5,1047,32,34,2,1115,0,0,0,1115
04/17/2022,MCO,FL,ASO,ES,Towers with Radar,899,44,32,1,976,0,0,3,0,3,899,44,35,1,979,0,0,0,979
04/18/2022,MCO,FL,ASO,ES,Towers with Radar,964,44,41,0,1049,0,5,9,1,15,964,49,50,1,1064,0,0,0,1064
04/19/2022,MCO,FL,ASO,ES,Towers with Radar,955,39,34,2,1030,0,0,6,0,6,955,39,40,2,1036,0,0,0,1036
04/20/2022,MCO,FL,ASO,ES,Towers with Radar,929,36,53,1,1019,0,7,8,1,16,929,43,61,2,1035,0,0,0,1035
04/21/2022,MCO,FL,ASO,ES,Towers with Radar,972,43,47,0,1062,0,4,7,0,11,972,47,54,0,1073,0,0,0,1073
04/22/2022,MCO,FL,ASO,ES,Towers with Radar,994,52,45,0,1091,0,0,6,0,6,994,52,51,0,1097,0,0,0,1097
04/23/2022,MCO,FL,ASO,ES,Towers with Radar,1015,25,36,0,1076,0,0,7,0,7,1015,25,43,0,1083,0,0,0,1083
04/24/2022,MCO,FL,ASO,ES,Towers with Radar,972,52,68,0,1092,0,0,6,0,6,972,52,74,0,1098,0,0,0,1098
04/25/2022,MCO,FL,ASO,ES,Towers with Radar,971,49,37,0,1057,0,1,10,0,11,971,50,47,0,1068,0,0,0,1068
04/26/2022,MCO,FL,ASO,ES,Towers with Radar,952,46,30,0,1028,0,1,14,0,15,952,47,44,0,1043,0,0,0,1043
04/27/2022,MCO,FL,ASO,ES,Towers with Radar,897,59,47,2,1005,0,0,14,3,17,897,59,61,5,1022,0,0,0,1022
04/28/2022,MCO,FL,ASO,ES,Towers with Radar,944,54,52,0,1050,0,7,4,0,11,944,61,56,0,1061,0,0,0,1061
04/29/2022,MCO,FL,ASO,ES,Towers with Radar,970,44,30,0,1044,0,4,3,0,7,970,48,33,0,1051,0,0,0,1051
04/30/2022,MCO,FL,ASO,ES,Towers with Radar,981,35,19,1,1036,0,0,2,0,2,981,35,21,1,1038,0,0,0,1038
05/01/2022,MCO,FL,ASO,ES,Towers with Radar,883,56,37,3,979,0,0,6,0,6,883,56,43,3,985,0,0,0,985
05/02/2022,MCO,FL,ASO,ES,Towers with Radar,944,47,39,0,1030,0,0,10,0,10,944,47,49,0,1040,0,0,0,1040
05/03/2022,MCO,FL,ASO,ES,Towers with Radar,921,54,41,0,1016,0,0,5,0,5,921,54,46,0,1021,0,0,0,1021
05/04/2022,MCO,FL,ASO,ES,Towers with Radar,883,39,44,0,966,0,2,6,0,8,883,41,50,0,974,0,0,0,974
05/05/2022,MCO,FL,ASO,ES,Towers with Radar,927,47,44,0,1018,0,1,5,0,6,927,48,49,0,1024,0,0,0,1024
05/06/2022,MCO,FL,ASO,ES,Towers with Radar,946,51,35,0,1032,0,2,7,0,9,946,53,42,0,1041,0,0,0,1041
05/07/2022,MCO,FL,ASO,ES,Towers with Radar,988,21,39,0,1048,0,1,2,0,3,988,22,41,0,1051,0,0,0,1051
05/08/2022,MCO,FL,ASO,ES,Towers with Radar,924,36,44,0,1004,0,0,6,0,6,924,36,50,0,1010,0,0,0,1010
05/09/2022,MCO,FL,ASO,ES,Towers with Radar,935,43,52,0,1030,0,7,4,0,11,935,50,56,0,1041,0,0,0,1041
05/10/2022,MCO,FL,ASO,ES,Towers with Radar,914,39,33,0,986,0,1,2,0,3,914,40,35,0,989,0,0,0,989
05/11/2022,MCO,FL,ASO,ES,Towers with Radar,896,31,49,2,978,0,0,12,0,12,896,31,61,2,990,0,0,0,990
05/12/2022,MCO,FL,ASO,ES,Towers with Radar,935,46,43,0,1024,0,1,6,0,7,935,47,49,0,1031,0,0,0,1031
05/13/2022,MCO,FL,ASO,ES,Towers with Radar,920,38,32,1,991,0,0,4,1,5,920,38,36,2,996,0,0,0,996
05/14/2022,MCO,FL,ASO,ES,Towers with Radar,992,22,26,1,1041,0,0,6,1,7,992,22,32,2,1048,0,0,0,1048
05/15/2022,MCO,FL,ASO,ES,Towers with Radar,905,48,29,0,982,0,0,6,0,6,905,48,35,0,988,0,0,0,988
05/16/2022,MCO,FL,ASO,ES,Towers with Radar,939,45,30,0,1014,0,2,9,0,11,939,47,39,0,1025,0,0,0,1025
05/17/2022,MCO,FL,ASO,ES,Towers with Radar,902,43,35,0,980,0,0,8,0,8,902,43,43,0,988,0,0,0,988
05/18/2022,MCO,FL,ASO,ES,Towers with Radar,915,38,47,0,1000,0,1,7,0,8,915,39,54,0,1008,0,0,0,1008
05/19/2022,MCO,FL,ASO,ES,Towers with Radar,940,40,42,0,1022,0,4,0,0,4,940,44,42,0,1026,0,0,0,1026
05/20/2022,MCO,FL,ASO,ES,Towers with Radar,875,36,26,1,938,0,0,2,0,2,875,36,28,1,940,0,0,0,940
05/21/2022,MCO,FL,ASO,ES,Towers with Radar,930,42,23,0,995,0,0,0,0,0,930,42,23,0,995,0,0,0,995
05/22/2022,MCO,FL,ASO,ES,Towers with Radar,898,42,49,0,989,0,0,1,0,1,898,42,50,0,990,0,0,0,990
05/23/2022,MCO,FL,ASO,ES,Towers with Radar,928,33,30,0,991,0,0,6,0,6,928,33,36,0,997,0,0,0,997
05/24/2022,MCO,FL,ASO,ES,Towers with Radar,912,40,21,1,974,0,3,15,0,18,912,43,36,1,992,0,0,0,992
05/25/2022,MCO,FL,ASO,ES,Towers with Radar,891,33,45,0,969,0,0,8,0,8,891,33,53,0,977,0,0,0,977
05/26/2022,MCO,FL,ASO,ES,Towers with Radar,934,32,30,0,996,0,2,13,0,15,934,34,43,0,1011,0,0,0,1011
05/27/2022,MCO,FL,ASO,ES,Towers with Radar,915,39,41,0,995,0,0,8,0,8,915,39,49,0,1003,0,0,0,1003
05/28/2022,MCO,FL,ASO,ES,Towers with Radar,959,20,20,0,999,0,1,4,0,5,959,21,24,0,1004,0,0,0,1004
05/29/2022,MCO,FL,ASO,ES,Towers with Radar,932,35,21,0,988,0,0,0,0,0,932,35,21,0,988,0,0,0,988
05/30/2022,MCO,FL,ASO,ES,Towers with Radar,924,41,28,1,994,0,0,3,0,3,924,41,31,1,997,0,0,0,997
05/31/2022,MCO,FL,ASO,ES,Towers with Radar,888,34,40,1,963,0,0,2,0,2,888,34,42,1,965,0,0,0,965
06/01/2022,MCO,FL,ASO,ES,Towers with Radar,865,26,19,0,910,0,0,7,0,7,865,26,26,0,917,0,0,0,917
06/02/2022,MCO,FL,ASO,ES,Towers with Radar,888,30,26,0,944,0,4,3,0,7,888,34,29,0,951,0,0,0,951
06/03/2022,MCO,FL,ASO,ES,Towers with Radar,925,41,35,1,1002,0,2,0,1,3,925,43,35,2,1005,0,0,0,1005
06/04/2022,MCO,FL,ASO,ES,Towers with Radar,952,20,24,1,997,0,0,0,0,0,952,20,24,1,997,0,0,0,997
06/05/2022,MCO,FL,ASO,ES,Towers with Radar,863,48,42,1,954,0,0,0,0,0,863,48,42,1,954,0,0,0,954
06/06/2022,MCO,FL,ASO,ES,Towers with Radar,863,43,26,0,932,0,0,4,0,4,863,43,30,0,936,0,0,0,936
06/07/2022,MCO,FL,ASO,ES,Towers with Radar,895,43,29,1,968,0,0,1,0,1,895,43,30,1,969,0,0,0,969
06/08/2022,MCO,FL,ASO,ES,Towers with Radar,851,39,28,5,923,0,0,11,0,11,851,39,39,5,934,0,0,0,934
06/09/2022,MCO,FL,ASO,ES,Towers with Radar,894,41,30,0,965,0,2,6,0,8,894,43,36,0,973,0,0,0,973
06/10/2022,MCO,FL,ASO,ES,Towers with Radar,871,46,25,0,942,0,1,2,0,3,871,47,27,0,945,0,0,0,945
06/11/2022,MCO,FL,ASO,ES,Towers with Radar,1000,28,30,1,1059,1,0,1,0,2,1001,28,31,1,1061,0,0,0,1061
06/12/2022,MCO,FL,ASO,ES,Towers with Radar,868,32,32,0,932,0,4,3,0,7,868,36,35,0,939,0,0,0,939
06/13/2022,MCO,FL,ASO,ES,Towers with Radar,912,40,24,0,976,0,6,6,0,12,912,46,30,0,988,0,0,0,988
06/14/2022,MCO,FL,ASO,ES,Towers with Radar,886,25,34,0,945,0,4,5,0,9,886,29,39,0,954,0,0,0,954
06/15/2022,MCO,FL,ASO,ES,Towers with Radar,900,23,38,0,961,0,4,6,0,10,900,27,44,0,971,0,0,0,971
06/16/2022,MCO,FL,ASO,ES,Towers with Radar,856,30,36,2,924,0,0,2,0,2,856,30,38,2,926,0,0,0,926
06/17/2022,MCO,FL,ASO,ES,Towers with Radar,906,32,41,0,979,0,4,8,0,12,906,36,49,0,991,0,0,0,991
06/18/2022,MCO,FL,ASO,ES,Towers with Radar,947,27,26,0,1000,0,0,2,0,2,947,27,28,0,1002,0,0,0,1002
06/19/2022,MCO,FL,ASO,ES,Towers with Radar,897,24,23,0,944,0,0,3,0,3,897,24,26,0,947,0,0,0,947
06/20/2022,MCO,FL,ASO,ES,Towers with Radar,920,43,60,2,1025,0,0,5,0,5,920,43,65,2,1030,0,0,0,1030
06/21/2022,MCO,FL,ASO,ES,Towers with Radar,880,37,19,0,936,0,0,8,0,8,880,37,27,0,944,0,0,0,944
06/22/2022,MCO,FL,ASO,ES,Towers with Radar,837,36,42,0,915,0,1,5,0,6,837,37,47,0,921,0,0,0,921
06/23/2022,MCO,FL,ASO,ES,Towers with Radar,922,37,40,0,999,0,1,11,0,12,922,38,51,0,1011,0,0,0,1011
06/24/2022,MCO,FL,ASO,ES,Towers with Radar,868,31,28,0,927,0,0,4,0,4,868,31,32,0,931,0,0,0,931
06/25/2022,MCO,FL,ASO,ES,Towers with Radar,1011,25,29,0,1065,0,1,2,0,3,1011,26,31,0,1068,0,0,0,1068
06/26/2022,MCO,FL,ASO,ES,Towers with Radar,911,28,55,0,994,0,0,2,0,2,911,28,57,0,996,0,0,0,996
06/27/2022,MCO,FL,ASO,ES,Towers with Radar,879,27,39,0,945,0,3,2,0,5,879,30,41,0,950,0,0,0,950
06/28/2022,MCO,FL,ASO,ES,Towers with Radar,904,28,30,0,962,2,0,4,0,6,906,28,34,0,968,0,0,0,968
06/29/2022,MCO,FL,ASO,ES,Towers with Radar,878,29,37,0,944,0,0,5,0,5,878,29,42,0,949,0,0,0,949
06/30/2022,MCO,FL,ASO,ES,Towers with Radar,926,34,49,0,1009,0,0,2,0,2,926,34,51,0,1011,0,0,0,1011
07/01/2022,MCO,FL,ASO,ES,Towers with Radar,907,37,24,0,968,0,0,3,0,3,907,37,27,0,971,0,0,0,971
07/02/2022,MCO,FL,ASO,ES,Towers with Radar,1012,22,18,0,1052,0,5,3,0,8,1012,27,21,0,1060,0,0,0,1060
07/03/2022,MCO,FL,ASO,ES,Towers with Radar,911,30,21,0,962,0,2,2,0,4,911,32,23,0,966,0,0,0,966
07/04/2022,MCO,FL,ASO,ES,Towers with Radar,893,18,14,0,925,0,0,1,0,1,893,18,15,0,926,0,0,0,926
07/05/2022,MCO,FL,ASO,ES,Towers with Radar,878,20,16,0,914,0,2,4,0,6,878,22,20,0,920,0,0,0,920
07/06/2022,MCO,FL,ASO,ES,Towers with Radar,892,23,29,0,944,0,0,2,0,2,892,23,31,0,946,0,0,0,946
07/07/2022,MCO,FL,ASO,ES,Towers with Radar,940,37,42,2,1021,0,4,2,0,6,940,41,44,2,1027,0,0,0,1027
07/08/2022,MCO,FL,ASO,ES,Towers with Radar,931,31,22,0,984,0,4,4,0,8,931,35,26,0,992,0,0,0,992
07/09/2022,MCO,FL,ASO,ES,Towers with Radar,990,17,21,1,1029,0,0,5,0,5,990,17,26,1,1034,0,0,0,1034
07/10/2022,MCO,FL,ASO,ES,Towers with Radar,938,24,24,1,987,0,0,1,0,1,938,24,25,1,988,0,0,0,988
07/11/2022,MCO,FL,ASO,ES,Towers with Radar,916,35,28,0,979,1,0,8,0,9,917,35,36,0,988,0,0,0,988
07/12/2022,MCO,FL,ASO,ES,Towers with Radar,918,28,34,0,980,0,1,5,0,6,918,29,39,0,986,0,0,0,986
07/13/2022,MCO,FL,ASO,ES,Towers with Radar,888,36,28,1,953,0,1,4,0,5,888,37,32,1,958,0,0,0,958
07/14/2022,MCO,FL,ASO,ES,Towers with Radar,927,35,35,3,1000,0,1,0,0,1,927,36,35,3,1001,0,0,0,1001
07/15/2022,MCO,FL,ASO,ES,Towers with Radar,950,31,22,0,1003,0,1,9,0,10,950,32,31,0,1013,0,0,0,1013
07/16/2022,MCO,FL,ASO,ES,Towers with Radar,1013,25,32,0,1070,0,0,2,0,2,1013,25,34,0,1072,0,0,0,1072
07/17/2022,MCO,FL,ASO,ES,Towers with Radar,905,29,53,0,987,0,1,4,0,5,905,30,57,0,992,0,0,0,992
07/18/2022,MCO,FL,ASO,ES,Towers with Radar,895,33,27,0,955,0,0,4,0,4,895,33,31,0,959,0,0,0,959
07/19/2022,MCO,FL,ASO,ES,Towers with Radar,919,28,24,0,971,0,3,4,0,7,919,31,28,0,978,0,0,0,978
07/20/2022,MCO,FL,ASO,ES,Towers with Radar,902,27,35,0,964,0,0,0,0,0,902,27,35,0,964,0,0,0,964
07/21/2022,MCO,FL,ASO,ES,Towers with Radar,927,31,30,0,988,0,9,8,0,17,927,40,38,0,1005,0,0,0,1005
07/22/2022,MCO,FL,ASO,ES,Towers with Radar,938,33,27,0,998,0,0,6,0,6,938,33,33,0,1004,0,0,0,1004
07/23/2022,MCO,FL,ASO,ES,Towers with Radar,995,14,20,0,1029,0,4,4,0,8,995,18,24,0,1037,0,0,0,1037
07/24/2022,MCO,FL,ASO,ES,Towers with Radar,928,28,37,1,994,0,0,14,0,14,928,28,51,1,1008,0,0,0,1008
07/25/2022,MCO,FL,ASO,ES,Towers with Radar,887,32,37,0,956,0,0,2,0,2,887,32,39,0,958,0,0,0,958
07/26/2022,MCO,FL,ASO,ES,Towers with Radar,910,25,22,1,958,0,1,1,0,2,910,26,23,1,960,0,0,0,960
07/27/2022,MCO,FL,ASO,ES,Towers with Radar,909,31,30,2,972,0,1,12,0,13,909,32,42,2,985,0,0,0,985
07/28/2022,MCO,FL,ASO,ES,Towers with Radar,919,37,30,0,986,0,6,13,1,20,919,43,43,1,1006,0,0,0,1006
07/29/2022,MCO,FL,ASO,ES,Towers with Radar,944,27,32,1,1004,0,8,1,1,10,944,35,33,2,1014,0,0,0,1014
07/30/2022,MCO,FL,ASO,ES,Towers with Radar,1033,25,32,0,1090,0,4,2,2,8,1033,29,34,2,1098,0,0,0,1098
07/31/2022,MCO,FL,ASO,ES,Towers with Radar,905,39,31,2,977,0,7,7,0,14,905,46,38,2,991,0,0,0,991
08/01/2022,MCO,FL,ASO,ES,Towers with Radar,896,37,36,0,969,0,0,8,0,8,896,37,44,0,977,0,0,0,977
08/02/2022,MCO,FL,ASO,ES,Towers with Radar,930,27,26,0,983,0,0,8,0,8,930,27,34,0,991,0,0,0,991
08/03/2022,MCO,FL,ASO,ES,Towers with Radar,881,32,27,0,940,0,0,5,0,5,881,32,32,0,945,0,0,0,945
08/04/2022,MCO,FL,ASO,ES,Towers with Radar,887,37,32,0,956,0,6,11,0,17,887,43,43,0,973,0,0,0,973
08/05/2022,MCO,FL,ASO,ES,Towers with Radar,919,36,31,2,988,0,0,12,5,17,919,36,43,7,1005,0,0,0,1005
08/06/2022,MCO,FL,ASO,ES,Towers with Radar,1029,29,29,0,1087,0,5,2,0,7,1029,34,31,0,1094,0,0,0,1094
08/07/2022,MCO,FL,ASO,ES,Towers with Radar,927,36,39,3,1005,0,3,0,1,4,927,39,39,4,1009,0,0,0,1009
08/08/2022,MCO,FL,ASO,ES,Towers with Radar,918,45,30,0,993,0,0,8,0,8,918,45,38,0,1001,0,0,0,1001
08/09/2022,MCO,FL,ASO,ES,Towers with Radar,895,37,20,0,952,0,0,11,0,11,895,37,31,0,963,0,0,0,963
08/10/2022,MCO,FL,ASO,ES,Towers with Radar,876,25,29,0,930,1,4,6,0,11,877,29,35,0,941,0,0,0,941
08/11/2022,MCO,FL,ASO,ES,Towers with Radar,920,38,25,0,983,0,2,8,0,10,920,40,33,0,993,0,0,0,993
08/12/2022,MCO,FL,ASO,ES,Towers with Radar,939,30,34,0,1003,0,2,4,0,6,939,32,38,0,1009,0,0,0,1009
08/13/2022,MCO,FL,ASO,ES,Towers with Radar,1018,18,10,0,1046,0,0,1,0,1,1018,18,11,0,1047,0,0,0,1047
08/14/2022,MCO,FL,ASO,ES,Towers with Radar,922,31,17,0,970,0,0,6,0,6,922,31,23,0,976,0,0,0,976
08/15/2022,MCO,FL,ASO,ES,Towers with Radar,927,30,32,0,989,0,4,2,0,6,927,34,34,0,995,0,0,0,995
08/16/2022,MCO,FL,ASO,ES,Towers with Radar,888,28,25,0,941,0,0,4,0,4,888,28,29,0,945,0,0,0,945
08/17/2022,MCO,FL,ASO,ES,Towers with Radar,889,33,45,2,969,0,0,12,0,12,889,33,57,2,981,0,0,0,981
08/18/2022,MCO,FL,ASO,ES,Towers with Radar,892,37,33,0,962,2,0,6,2,10,894,37,39,2,972,0,0,0,972
08/19/2022,MCO,FL,ASO,ES,Towers with Radar,872,34,33,1,940,1,4,10,1,16,873,38,43,2,956,0,0,0,956
08/20/2022,MCO,FL,ASO,ES,Towers with Radar,1066,19,25,3,1113,0,2,3,0,5,1066,21,28,3,1118,0,0,0,1118
08/21/2022,MCO,FL,ASO,ES,Towers with Radar,882,25,35,2,944,0,0,4,0,4,882,25,39,2,948,0,0,0,948
08/22/2022,MCO,FL,ASO,ES,Towers with Radar,885,29,26,0,940,0,0,2,0,2,885,29,28,0,942,0,0,0,942
08/23/2022,MCO,FL,ASO,ES,Towers with Radar,886,29,28,3,946,0,0,3,0,3,886,29,31,3,949,0,0,0,949
08/24/2022,MCO,FL,ASO,ES,Towers with Radar,882,27,34,5,948,0,5,6,0,11,882,32,40,5,959,0,0,0,959
08/25/2022,MCO,FL,ASO,ES,Towers with Radar,915,38,36,0,989,0,0,0,0,0,915,38,36,0,989,0,0,0,989
08/26/2022,MCO,FL,ASO,ES,Towers with Radar,919,38,20,5,982,1,0,2,0,3,920,38,22,5,985,0,0,0,985
08/27/2022,MCO,FL,ASO,ES,Towers with Radar,982,15,12,6,1015,0,0,5,0,5,982,15,17,6,1020,0,0,0,1020
08/28/2022,MCO,FL,ASO,ES,Towers with Radar,895,23,22,6,946,0,0,0,0,0,895,23,22,6,946,0,0,0,946
08/29/2022,MCO,FL,ASO,ES,Towers with Radar,891,39,39,5,974,0,0,2,0,2,891,39,41,5,976,0,0,0,976
08/30/2022,MCO,FL,ASO,ES,Towers with Radar,869,24,36,0,929,0,8,3,0,11,869,32,39,0,940,0,0,0,940
08/31/2022,MCO,FL,ASO,ES,Towers with Radar,885,25,27,2,939,0,2,6,0,8,885,27,33,2,947,0,0,0,947
09/01/2022,MCO,FL,ASO,ES,Towers with Radar,919,45,41,0,1005,0,0,9,0,9,919,45,50,0,1014,0,0,0,1014
09/02/2022,MCO,FL,ASO,ES,Towers with Radar,928,33,30,0,991,1,0,5,0,6,929,33,35,0,997,0,0,0,997
09/03/2022,MCO,FL,ASO,ES,Towers with Radar,985,18,16,0,1019,0,0,2,0,2,985,18,18,0,1021,0,0,0,1021
09/04/2022,MCO,FL,ASO,ES,Towers with Radar,861,22,11,0,894,0,0,5,0,5,861,22,16,0,899,0,0,0,899
09/05/2022,MCO,FL,ASO,ES,Towers with Radar,894,35,26,0,955,0,4,4,0,8,894,39,30,0,963,0,0,0,963
09/06/2022,MCO,FL,ASO,ES,Towers with Radar,843,15,25,2,885,0,1,4,0,5,843,16,29,2,890,0,0,0,890
09/07/2022,MCO,FL,ASO,ES,Towers with Radar,822,32,31,4,889,0,0,0,0,0,822,32,31,4,889,0,0,0,889
09/08/2022,MCO,FL,ASO,ES,Towers with Radar,885,30,23,2,940,0,0,9,0,9,885,30,32,2,949,0,0,0,949
09/09/2022,MCO,FL,ASO,ES,Towers with Radar,869,37,31,2,939,0,0,2,0,2,869,37,33,2,941,0,0,0,941
09/10/2022,MCO,FL,ASO,ES,Towers with Radar,961,21,27,0,1009,0,0,5,0,5,961,21,32,0,1014,0,0,0,1014
09/11/2022,MCO,FL,ASO,ES,Towers with Radar,912,29,44,0,985,0,0,2,0,2,912,29,46,0,987,0,0,0,987
09/12/2022,MCO,FL,ASO,ES,Towers with Radar,858,42,28,2,930,0,0,2,0,2,858,42,30,2,932,0,0,0,932
09/13/2022,MCO,FL,ASO,ES,Towers with Radar,828,24,25,0,877,1,1,6,0,8,829,25,31,0,885,0,0,0,885
09/14/2022,MCO,FL,ASO,ES,Towers with Radar,801,30,31,1,863,0,0,3,0,3,801,30,34,1,866,0,0,0,866
09/15/2022,MCO,FL,ASO,ES,Towers with Radar,892,43,35,0,970,0,2,1,0,3,892,45,36,0,973,0,0,0,973
09/16/2022,MCO,FL,ASO,ES,Towers with Radar,888,31,50,0,969,0,5,1,4,10,888,36,51,4,979,0,0,0,979
09/17/2022,MCO,FL,ASO,ES,Towers with Radar,912,22,22,0,956,0,0,2,0,2,912,22,24,0,958,0,0,0,958
09/18/2022,MCO,FL,ASO,ES,Towers with Radar,861,33,36,2,932,0,0,2,2,4,861,33,38,4,936,0,0,0,936
09/19/2022,MCO,FL,ASO,ES,Towers with Radar,809,51,27,0,887,0,0,2,0,2,809,51,29,0,889,0,0,0,889
09/20/2022,MCO,FL,ASO,ES,Towers with Radar,832,37,17,0,886,0,0,0,0,0,832,37,17,0,886,0,0,0,886
09/21/2022,MCO,FL,ASO,ES,Towers with Radar,819,37,28,0,884,0,1,1,0,2,819,38,29,0,886,0,0,0,886
09/22/2022,MCO,FL,ASO,ES,Towers with Radar,858,36,33,0,927,0,0,8,0,8,858,36,41,0,935,0,0,0,935
09/23/2022,MCO,FL,ASO,ES,Towers with Radar,890,46,43,0,979,0,0,7,0,7,890,46,50,0,986,0,0,0,986
09/24/2022,MCO,FL,ASO,ES,Towers with Radar,934,18,13,0,965,0,2,5,0,7,934,20,18,0,972,0,0,0,972
09/25/2022,MCO,FL,ASO,ES,Towers with Radar,894,37,34,0,965,0,1,15,0,16,894,38,49,0,981,0,0,0,981
09/26/2022,MCO,FL,ASO,ES,Towers with Radar,872,38,36,0,946,0,0,5,0,5,872,38,41,0,951,0,0,0,951
09/27/2022,MCO,FL,ASO,ES,Towers with Radar,837,34,34,0,905,0,0,7,0,7,837,34,41,0,912,0,0,0,912
09/28/2022,MCO,FL,ASO,ES,Towers with Radar,136,5,6,0,147,0,0,0,0,0,136,5,6,0,147,0,0,0,147
09/29/2022,MCO,FL,ASO,ES,Towers with Radar,0,0,0,0,0,0,0,0,0,0,0,0,0,0,0,0,0,0,0
09/30/2022,MCO,FL,ASO,ES,Towers with Radar,392,24,17,0,433,0,4,11,0,15,392,28,28,0,448,0,0,0,448
10/01/2022,MCO,FL,ASO,ES,Towers with Radar,909,18,17,0,944,0,5,6,0,11,909,23,23,0,955,0,0,0,955
10/02/2022,MCO,FL,ASO,ES,Towers with Radar,915,28,28,0,971,0,1,11,0,12,915,29,39,0,983,0,0,0,983
10/03/2022,MCO,FL,ASO,ES,Towers with Radar,874,32,21,0,927,0,4,3,0,7,874,36,24,0,934,0,0,0,934
10/04/2022,MCO,FL,ASO,ES,Towers with Radar,854,30,29,0,913,0,0,4,0,4,854,30,33,0,917,0,0,0,917
10/05/2022,MCO,FL,ASO,ES,Towers with Radar,846,33,39,0,918,0,2,1,0,3,846,35,40,0,921,0,0,0,921
10/06/2022,MCO,FL,ASO,ES,Towers with Radar,923,49,48,0,1020,0,3,8,0,11,923,52,56,0,1031,0,0,0,1031
10/07/2022,MCO,FL,ASO,ES,Towers with Radar,915,44,33,0,992,0,5,1,0,6,915,49,34,0,998,0,0,0,998
10/08/2022,MCO,FL,ASO,ES,Towers with Radar,988,28,32,0,1048,1,4,11,0,16,989,32,43,0,1064,0,0,0,1064
10/09/2022,MCO,FL,ASO,ES,Towers with Radar,945,44,36,2,1027,0,1,1,0,2,945,45,37,2,1029,0,0,0,1029
10/10/2022,MCO,FL,ASO,ES,Towers with Radar,909,47,36,0,992,0,2,1,0,3,909,49,37,0,995,0,0,0,995
10/11/2022,MCO,FL,ASO,ES,Towers with Radar,906,43,32,0,981,0,7,3,0,10,906,50,35,0,991,0,0,0,991
10/12/2022,MCO,FL,ASO,ES,Towers with Radar,895,52,35,0,982,0,8,2,0,10,895,60,37,0,992,0,0,0,992
10/13/2022,MCO,FL,ASO,ES,Towers with Radar,939,48,35,0,1022,0,0,5,0,5,939,48,40,0,1027,0,0,0,1027
10/14/2022,MCO,FL,ASO,ES,Towers with Radar,935,49,48,2,1034,0,6,0,1,7,935,55,48,3,1041,0,0,0,1041
10/15/2022,MCO,FL,ASO,ES,Towers with Radar,984,26,24,2,1036,0,0,2,0,2,984,26,26,2,1038,0,0,0,1038
10/16/2022,MCO,FL,ASO,ES,Towers with Radar,948,54,60,0,1062,1,6,1,1,9,949,60,61,1,1071,0,0,0,1071
10/17/2022,MCO,FL,ASO,ES,Towers with Radar,909,77,75,0,1061,0,0,4,0,4,909,77,79,0,1065,0,0,0,1065
10/18/2022,MCO,FL,ASO,ES,Towers with Radar,910,44,58,1,1013,0,2,9,0,11,910,46,67,1,1024,0,0,0,1024
10/19/2022,MCO,FL,ASO,ES,Towers with Radar,922,51,61,0,1034,0,0,4,0,4,922,51,65,0,1038,0,0,0,1038
10/20/2022,MCO,FL,ASO,ES,Towers with Radar,935,61,81,0,1077,0,4,6,0,10,935,65,87,0,1087,0,0,0,1087
10/21/2022,MCO,FL,ASO,ES,Towers with Radar,928,49,53,1,1031,1,0,8,0,9,929,49,61,1,1040,0,0,0,1040
10/22/2022,MCO,FL,ASO,ES,Towers with Radar,1005,37,30,3,1075,0,6,6,0,12,1005,43,36,3,1087,0,0,0,1087
10/23/2022,MCO,FL,ASO,ES,Towers with Radar,972,43,50,3,1068,0,0,7,0,7,972,43,57,3,1075,0,0,0,1075
10/24/2022,MCO,FL,ASO,ES,Towers with Radar,891,27,31,1,950,0,6,8,0,14,891,33,39,1,964,0,0,0,964
10/25/2022,MCO,FL,ASO,ES,Towers with Radar,905,46,29,0,980,0,6,5,0,11,905,52,34,0,991,0,0,0,991
10/26/2022,MCO,FL,ASO,ES,Towers with Radar,921,49,58,2,1030,0,10,19,0,29,921,59,77,2,1059,0,0,0,1059
10/27/2022,MCO,FL,ASO,ES,Towers with Radar,952,61,69,0,1082,0,2,3,0,5,952,63,72,0,1087,0,0,0,1087
10/28/2022,MCO,FL,ASO,ES,Towers with Radar,923,52,40,0,1015,0,2,10,0,12,923,54,50,0,1027,0,0,0,1027
10/29/2022,MCO,FL,ASO,ES,Towers with Radar,1007,29,34,0,1070,0,2,1,0,3,1007,31,35,0,1073,0,0,0,1073
10/30/2022,MCO,FL,ASO,ES,Towers with Radar,965,39,28,0,1032,0,4,6,0,10,965,43,34,0,1042,0,0,0,1042
10/31/2022,MCO,FL,ASO,ES,Towers with Radar,901,41,29,0,971,0,0,3,0,3,901,41,32,0,974,0,0,0,974
11/01/2022,MCO,FL,ASO,ES,Towers with Radar,910,39,53,0,1002,0,0,10,0,10,910,39,63,0,1012,0,0,0,1012
11/02/2022,MCO,FL,ASO,ES,Towers with Radar,914,43,40,0,997,0,8,9,2,19,914,51,49,2,1016,0,0,0,1016
11/03/2022,MCO,FL,ASO,ES,Towers with Radar,960,44,55,0,1059,0,0,7,0,7,960,44,62,0,1066,0,0,0,1066
11/04/2022,MCO,FL,ASO,ES,Towers with Radar,954,35,55,2,1046,0,2,12,1,15,954,37,67,3,1061,0,0,0,1061
11/05/2022,MCO,FL,ASO,ES,Towers with Radar,1030,29,19,0,1078,0,0,10,0,10,1030,29,29,0,1088,0,0,0,1088
11/06/2022,MCO,FL,ASO,ES,Towers with Radar,959,37,34,0,1030,0,2,3,1,6,959,39,37,1,1036,0,0,0,1036
11/07/2022,MCO,FL,ASO,ES,Towers with Radar,959,31,24,0,1014,0,6,9,0,15,959,37,33,0,1029,0,0,0,1029
11/08/2022,MCO,FL,ASO,ES,Towers with Radar,931,37,30,0,998,0,1,2,0,3,931,38,32,0,1001,0,0,0,1001
11/09/2022,MCO,FL,ASO,ES,Towers with Radar,467,20,34,0,521,0,0,0,0,0,467,20,34,0,521,0,0,0,521
11/10/2022,MCO,FL,ASO,ES,Towers with Radar,38,2,8,0,48,0,0,0,0,0,38,2,8,0,48,0,0,0,48
11/11/2022,MCO,FL,ASO,ES,Towers with Radar,832,45,62,0,939,0,0,9,0,9,832,45,71,0,948,0,0,0,948
11/12/2022,MCO,FL,ASO,ES,Towers with Radar,1127,29,24,0,1180,0,1,8,1,10,1127,30,32,1,1190,0,0,0,1190
11/13/2022,MCO,FL,ASO,ES,Towers with Radar,978,41,52,0,1071,0,0,3,2,5,978,41,55,2,1076,0,0,0,1076
11/14/2022,MCO,FL,ASO,ES,Towers with Radar,984,46,74,0,1104,0,0,3,0,3,984,46,77,0,1107,0,0,0,1107
11/15/2022,MCO,FL,ASO,ES,Towers with Radar,940,54,57,2,1053,0,1,12,0,13,940,55,69,2,1066,0,0,0,1066
11/16/2022,MCO,FL,ASO,ES,Towers with Radar,942,54,59,2,1057,0,1,4,0,5,942,55,63,2,1062,0,0,0,1062
11/17/2022,MCO,FL,ASO,ES,Towers with Radar,993,47,50,2,1092,0,2,2,0,4,993,49,52,2,1096,0,0,0,1096
11/18/2022,MCO,FL,ASO,ES,Towers with Radar,996,48,62,0,1106,0,1,7,3,11,996,49,69,3,1117,0,0,0,1117
11/19/2022,MCO,FL,ASO,ES,Towers with Radar,1112,30,46,0,1188,0,3,8,0,11,1112,33,54,0,1199,0,0,0,1199
11/20/2022,MCO,FL,ASO,ES,Towers with Radar,1004,46,35,0,1085,0,0,1,4,5,1004,46,36,4,1090,0,0,0,1090
11/21/2022,MCO,FL,ASO,ES,Towers with Radar,998,38,51,0,1087,0,0,4,0,4,998,38,55,0,1091,0,0,0,1091
11/22/2022,MCO,FL,ASO,ES,Towers with Radar,1047,43,47,1,1138,0,0,0,0,0,1047,43,47,1,1138,0,0,0,1138
11/23/2022,MCO,FL,ASO,ES,Towers with Radar,1078,34,52,3,1167,0,0,0,0,0,1078,34,52,3,1167,0,0,0,1167
11/24/2022,MCO,FL,ASO,ES,Towers with Radar,788,31,9,0,828,0,0,0,0,0,788,31,9,0,828,0,0,0,828
11/25/2022,MCO,FL,ASO,ES,Towers with Radar,940,42,19,0,1001,0,7,3,0,10,940,49,22,0,1011,0,0,0,1011
11/26/2022,MCO,FL,ASO,ES,Towers with Radar,1129,44,25,0,1198,0,0,3,0,3,1129,44,28,0,1201,0,0,0,1201
11/27/2022,MCO,FL,ASO,ES,Towers with Radar,1064,54,71,1,1190,0,0,2,0,2,1064,54,73,1,1192,0,0,0,1192
11/28/2022,MCO,FL,ASO,ES,Towers with Radar,1054,38,33,1,1126,0,0,3,0,3,1054,38,36,1,1129,0,0,0,1129
11/29/2022,MCO,FL,ASO,ES,Towers with Radar,966,31,34,3,1034,0,2,2,0,4,966,33,36,3,1038,0,0,0,1038
11/30/2022,MCO,FL,ASO,ES,Towers with Radar,921,34,43,2,1000,0,1,2,0,3,921,35,45,2,1003,0,0,0,1003
12/01/2022,MCO,FL,ASO,ES,Towers with Radar,1005,43,53,4,1105,0,0,5,0,5,1005,43,58,4,1110,0,0,0,1110
12/02/2022,MCO,FL,ASO,ES,Towers with Radar,1032,61,18,2,1113,0,0,4,1,5,1032,61,22,3,1118,0,0,0,1118
12/03/2022,MCO,FL,ASO,ES,Towers with Radar,1102,29,25,0,1156,0,4,2,0,6,1102,33,27,0,1162,0,0,0,1162
12/04/2022,MCO,FL,ASO,ES,Towers with Radar,1002,64,47,1,1114,1,0,11,2,14,1003,64,58,3,1128,0,0,0,1128
12/05/2022,MCO,FL,ASO,ES,Towers with Radar,993,28,20,0,1041,0,4,7,0,11,993,32,27,0,1052,0,0,0,1052
12/06/2022,MCO,FL,ASO,ES,Towers with Radar,958,39,28,0,1025,0,2,7,0,9,958,41,35,0,1034,0,0,0,1034
12/07/2022,MCO,FL,ASO,ES,Towers with Radar,977,43,22,0,1042,0,6,3,0,9,977,49,25,0,1051,0,0,0,1051
12/08/2022,MCO,FL,ASO,ES,Towers with Radar,1009,44,44,0,1097,0,3,5,0,8,1009,47,49,0,1105,0,0,0,1105
12/09/2022,MCO,FL,ASO,ES,Towers with Radar,991,42,47,2,1082,0,5,2,0,7,991,47,49,2,1089,0,0,0,1089
12/10/2022,MCO,FL,ASO,ES,Towers with Radar,1102,20,17,0,1139,0,2,3,0,5,1102,22,20,0,1144,0,0,0,1144
12/11/2022,MCO,FL,ASO,ES,Towers with Radar,982,32,29,0,1043,0,0,1,0,1,982,32,30,0,1044,0,0,0,1044
12/12/2022,MCO,FL,ASO,ES,Towers with Radar,998,41,15,2,1056,0,1,3,0,4,998,42,18,2,1060,0,0,0,1060
12/13/2022,MCO,FL,ASO,ES,Towers with Radar,946,35,25,3,1009,0,0,2,0,2,946,35,27,3,1011,0,0,0,1011
12/14/2022,MCO,FL,ASO,ES,Towers with Radar,978,46,31,1,1056,0,0,4,0,4,978,46,35,1,1060,0,0,0,1060
12/15/2022,MCO,FL,ASO,ES,Towers with Radar,999,54,41,0,1094,0,0,0,0,0,999,54,41,0,1094,0,0,0,1094
12/16/2022,MCO,FL,ASO,ES,Towers with Radar,1040,42,36,1,1119,0,4,6,0,10,1040,46,42,1,1129,0,0,0,1129
12/17/2022,MCO,FL,ASO,ES,Towers with Radar,1166,24,35,4,1229,0,0,6,0,6,1166,24,41,4,1235,0,0,0,1235
12/18/2022,MCO,FL,ASO,ES,Towers with Radar,1035,40,48,1,1124,0,2,7,0,9,1035,42,55,1,1133,0,0,0,1133
12/19/2022,MCO,FL,ASO,ES,Towers with Radar,1028,46,40,0,1114,0,10,5,0,15,1028,56,45,0,1129,0,0,0,1129
12/20/2022,MCO,FL,ASO,ES,Towers with Radar,990,32,24,0,1046,0,0,9,0,9,990,32,33,0,1055,0,0,0,1055
12/21/2022,MCO,FL,ASO,ES,Towers with Radar,1094,39,34,0,1167,0,0,1,0,1,1094,39,35,0,1168,0,0,0,1168
12/22/2022,MCO,FL,ASO,ES,Towers with Radar,1036,51,41,0,1128,0,0,1,0,1,1036,51,42,0,1129,0,0,0,1129
12/23/2022,MCO,FL,ASO,ES,Towers with Radar,933,50,27,0,1010,0,4,3,0,7,933,54,30,0,1017,0,0,0,1017
12/24/2022,MCO,FL,ASO,ES,Towers with Radar,871,30,16,0,917,0,6,0,0,6,871,36,16,0,923,0,0,0,923
12/25/2022,MCO,FL,ASO,ES,Towers with Radar,721,33,20,0,774,0,2,5,0,7,721,35,25,0,781,0,0,0,781
12/26/2022,MCO,FL,ASO,ES,Towers with Radar,838,48,40,0,926,0,4,4,0,8,838,52,44,0,934,0,0,0,934
12/27/2022,MCO,FL,ASO,ES,Towers with Radar,950,60,56,2,1068,0,12,2,0,14,950,72,58,2,1082,0,0,0,1082
12/28/2022,MCO,FL,ASO,ES,Towers with Radar,998,58,34,0,1090,0,12,5,0,17,998,70,39,0,1107,0,0,0,1107
12/29/2022,MCO,FL,ASO,ES,Towers with Radar,1048,55,34,0,1137,0,11,9,0,20,1048,66,43,0,1157,0,0,0,1157
12/30/2022,MCO,FL,ASO,ES,Towers with Radar,1116,53,39,0,1208,0,0,2,0,2,1116,53,41,0,1210,0,0,0,1210
12/31/2022,MCO,FL,ASO,ES,Towers with Radar,1097,36,16,1,1150,0,2,4,0,6,1097,38,20,1,1156,0,0,0,1156
01/01/2023,MCO,FL,ASO,ES,Towers with Radar,965,42,27,0,1034,0,0,1,0,1,965,42,28,0,1035,0,0,0,1035
01/02/2023,MCO,FL,ASO,ES,Towers with Radar,991,58,44,0,1093,0,0,5,0,5,991,58,49,0,1098,0,0,0,1098
01/03/2023,MCO,FL,ASO,ES,Towers with Radar,1004,42,42,0,1088,0,8,3,0,11,1004,50,45,0,1099,0,0,0,1099
01/04/2023,MCO,FL,ASO,ES,Towers with Radar,867,47,33,0,947,0,4,4,0,8,867,51,37,0,955,0,0,0,955
01/05/2023,MCO,FL,ASO,ES,Towers with Radar,1033,53,31,0,1117,0,4,5,0,9,1033,57,36,0,1126,0,0,0,1126
01/06/2023,MCO,FL,ASO,ES,Towers with Radar,1047,43,41,2,1133,0,0,11,0,11,1047,43,52,2,1144,0,0,0,1144
01/07/2023,MCO,FL,ASO,ES,Towers with Radar,1103,32,38,0,1173,0,9,3,0,12,1103,41,41,0,1185,0,0,0,1185
01/08/2023,MCO,FL,ASO,ES,Towers with Radar,1083,45,58,2,1188,0,4,5,0,9,1083,49,63,2,1197,0,0,0,1197
01/09/2023,MCO,FL,ASO,ES,Towers with Radar,1010,44,31,2,1087,0,3,6,0,9,1010,47,37,2,1096,0,0,0,1096
01/10/2023,MCO,FL,ASO,ES,Towers with Radar,967,44,37,0,1048,0,1,5,0,6,967,45,42,0,1054,0,0,0,1054
01/11/2023,MCO,FL,ASO,ES,Towers with Radar,903,46,46,0,995,1,1,9,0,11,904,47,55,0,1006,0,0,0,1006
01/12/2023,MCO,FL,ASO,ES,Towers with Radar,1012,36,52,2,1102,0,0,8,0,8,1012,36,60,2,1110,0,0,0,1110
01/13/2023,MCO,FL,ASO,ES,Towers with Radar,1037,53,42,4,1136,0,0,0,0,0,1037,53,42,4,1136,0,0,0,1136
01/14/2023,MCO,FL,ASO,ES,Towers with Radar,1077,28,32,0,1137,0,0,4,0,4,1077,28,36,0,1141,0,0,0,1141
01/15/2023,MCO,FL,ASO,ES,Towers with Radar,1039,48,40,0,1127,0,1,9,0,10,1039,49,49,0,1137,0,0,0,1137
01/16/2023,MCO,FL,ASO,ES,Towers with Radar,1007,40,32,0,1079,0,0,3,0,3,1007,40,35,0,1082,0,0,0,1082
01/17/2023,MCO,FL,ASO,ES,Towers with Radar,941,51,28,0,1020,0,0,3,0,3,941,51,31,0,1023,0,0,0,1023
01/18/2023,MCO,FL,ASO,ES,Towers with Radar,934,36,41,0,1011,0,1,6,0,7,934,37,47,0,1018,0,0,0,1018
01/19/2023,MCO,FL,ASO,ES,Towers with Radar,990,44,45,0,1079,0,4,5,1,10,990,48,50,1,1089,0,0,0,1089
01/20/2023,MCO,FL,ASO,ES,Towers with Radar,1027,45,38,0,1110,0,4,6,0,10,1027,49,44,0,1120,0,0,0,1120
01/21/2023,MCO,FL,ASO,ES,Towers with Radar,1068,22,33,0,1123,0,0,6,0,6,1068,22,39,0,1129,0,0,0,1129
01/22/2023,MCO,FL,ASO,ES,Towers with Radar,1041,50,57,0,1148,0,0,3,0,3,1041,50,60,0,1151,0,0,0,1151
01/23/2023,MCO,FL,ASO,ES,Towers with Radar,987,42,68,0,1097,0,0,3,0,3,987,42,71,0,1100,0,0,0,1100
01/24/2023,MCO,FL,ASO,ES,Towers with Radar,932,41,55,2,1030,0,7,1,2,10,932,48,56,4,1040,0,0,0,1040
01/25/2023,MCO,FL,ASO,ES,Towers with Radar,916,40,62,0,1018,0,4,8,0,12,916,44,70,0,1030,0,0,0,1030
01/26/2023,MCO,FL,ASO,ES,Towers with Radar,1001,37,60,2,1100,0,6,7,0,13,1001,43,67,2,1113,0,0,0,1113
01/27/2023,MCO,FL,ASO,ES,Towers with Radar,1017,51,49,0,1117,0,0,8,0,8,1017,51,57,0,1125,0,0,0,1125
01/28/2023,MCO,FL,ASO,ES,Towers with Radar,1070,26,37,0,1133,0,4,5,0,9,1070,30,42,0,1142,0,0,0,1142
01/29/2023,MCO,FL,ASO,ES,Towers with Radar,1046,37,40,0,1123,1,0,11,0,12,1047,37,51,0,1135,0,0,0,1135
01/30/2023,MCO,FL,ASO,ES,Towers with Radar,963,36,27,0,1026,1,0,4,1,6,964,36,31,1,1032,0,0,0,1032
01/31/2023,MCO,FL,ASO,ES,Towers with Radar,894,48,33,1,976,0,2,1,0,3,894,50,34,1,979,0,0,0,979
02/01/2023,MCO,FL,ASO,ES,Towers with Radar,900,37,38,1,976,0,0,4,0,4,900,37,42,1,980,0,0,0,980
02/02/2023,MCO,FL,ASO,ES,Towers with Radar,986,41,41,0,1068,0,2,5,0,7,986,43,46,0,1075,0,0,0,1075
02/03/2023,MCO,FL,ASO,ES,Towers with Radar,1010,35,39,0,1084,0,0,2,0,2,1010,35,41,0,1086,0,0,0,1086
02/04/2023,MCO,FL,ASO,ES,Towers with Radar,1090,33,22,0,1145,0,0,7,0,7,1090,33,29,0,1152,0,0,0,1152
02/05/2023,MCO,FL,ASO,ES,Towers with Radar,1079,56,35,2,1172,0,3,3,0,6,1079,59,38,2,1178,0,0,0,1178
02/06/2023,MCO,FL,ASO,ES,Towers with Radar,1056,55,35,0,1146,0,11,2,0,13,1056,66,37,0,1159,0,0,0,1159
02/07/2023,MCO,FL,ASO,ES,Towers with Radar,944,56,37,4,1041,0,0,5,0,5,944,56,42,4,1046,0,0,0,1046
02/08/2023,MCO,FL,ASO,ES,Towers with Radar,959,39,33,2,1033,0,0,6,0,6,959,39,39,2,1039,0,0,0,1039
02/09/2023,MCO,FL,ASO,ES,Towers with Radar,1028,53,60,4,1145,0,8,10,0,18,1028,61,70,4,1163,0,0,0,1163
02/10/2023,MCO,FL,ASO,ES,Towers with Radar,1049,47,41,0,1137,0,4,1,0,5,1049,51,42,0,1142,0,0,0,1142
02/11/2023,MCO,FL,ASO,ES,Towers with Radar,1087,27,21,0,1135,0,0,3,0,3,1087,27,24,0,1138,0,0,0,1138
02/12/2023,MCO,FL,ASO,ES,Towers with Radar,1079,30,24,0,1133,0,2,1,0,3,1079,32,25,0,1136,0,0,0,1136
02/13/2023,MCO,FL,ASO,ES,Towers with Radar,1044,52,51,0,1147,0,6,4,0,10,1044,58,55,0,1157,0,0,0,1157
02/14/2023,MCO,FL,ASO,ES,Towers with Radar,976,36,34,0,1046,0,4,2,0,6,976,40,36,0,1052,0,0,0,1052
02/15/2023,MCO,FL,ASO,ES,Towers with Radar,982,42,34,0,1058,0,7,10,0,17,982,49,44,0,1075,0,0,0,1075
02/16/2023,MCO,FL,ASO,ES,Towers with Radar,1028,65,53,0,1146,0,1,6,0,7,1028,66,59,0,1153,0,0,0,1153
02/17/2023,MCO,FL,ASO,ES,Towers with Radar,1078,64,32,1,1175,0,1,14,0,15,1078,65,46,1,1190,0,0,0,1190
02/18/2023,MCO,FL,ASO,ES,Towers with Radar,1138,29,32,1,1200,0,9,4,2,15,1138,38,36,3,1215,0,0,0,1215
02/19/2023,MCO,FL,ASO,ES,Towers with Radar,1102,58,37,1,1198,0,0,7,0,7,1102,58,44,1,1205,0,0,0,1205
02/20/2023,MCO,FL,ASO,ES,Towers with Radar,1052,63,52,2,1169,0,0,3,0,3,1052,63,55,2,1172,0,0,0,1172
02/21/2023,MCO,FL,ASO,ES,Towers with Radar,1014,74,46,0,1134,0,11,7,0,18,1014,85,53,0,1152,0,0,0,1152
02/22/2023,MCO,FL,ASO,ES,Towers with Radar,994,59,61,0,1114,0,0,6,0,6,994,59,67,0,1120,0,0,0,1120
02/23/2023,MCO,FL,ASO,ES,Towers with Radar,1034,56,52,0,1142,0,4,14,0,18,1034,60,66,0,1160,0,0,0,1160
02/24/2023,MCO,FL,ASO,ES,Towers with Radar,1099,41,64,2,1206,0,5,7,0,12,1099,46,71,2,1218,0,0,0,1218
02/25/2023,MCO,FL,ASO,ES,Towers with Radar,1131,41,33,0,1205,0,4,2,0,6,1131,45,35,0,1211,0,0,0,1211
02/26/2023,MCO,FL,ASO,ES,Towers with Radar,1101,44,41,0,1186,0,0,2,0,2,1101,44,43,0,1188,0,0,0,1188
02/27/2023,MCO,FL,ASO,ES,Towers with Radar,1069,50,45,0,1164,0,6,3,0,9,1069,56,48,0,1173,0,0,0,1173
02/28/2023,MCO,FL,ASO,ES,Towers with Radar,1007,51,49,0,1107,0,4,2,0,6,1007,55,51,0,1113,0,0,0,1113
03/01/2023,MCO,FL,ASO,ES,Towers with Radar,1018,51,53,0,1122,0,6,3,0,9,1018,57,56,0,1131,0,0,0,1131
03/02/2023,MCO,FL,ASO,ES,Towers with Radar,1043,49,54,0,1146,1,10,6,0,17,1044,59,60,0,1163,0,0,0,1163
03/03/2023,MCO,FL,ASO,ES,Towers with Radar,1049,53,38,0,1140,0,0,7,0,7,1049,53,45,0,1147,0,0,0,1147
03/04/2023,MCO,FL,ASO,ES,Towers with Radar,1126,34,32,0,1192,0,0,2,0,2,1126,34,34,0,1194,0,0,0,1194
03/05/2023,MCO,FL,ASO,ES,Towers with Radar,1094,66,62,0,1222,0,1,4,0,5,1094,67,66,0,1227,0,0,0,1227
03/06/2023,MCO,FL,ASO,ES,Towers with Radar,1079,54,64,2,1199,0,4,11,0,15,1079,58,75,2,1214,0,0,0,1214
03/07/2023,MCO,FL,ASO,ES,Towers with Radar,1016,63,71,0,1150,0,0,2,0,2,1016,63,73,0,1152,0,0,0,1152
03/08/2023,MCO,FL,ASO,ES,Towers with Radar,1029,65,75,0,1169,0,0,3,0,3,1029,65,78,0,1172,0,0,0,1172
03/09/2023,MCO,FL,ASO,ES,Towers with Radar,1088,63,46,0,1197,0,3,5,0,8,1088,66,51,0,1205,0,0,0,1205
03/10/2023,MCO,FL,ASO,ES,Towers with Radar,1073,76,48,2,1199,0,7,8,0,15,1073,83,56,2,1214,0,0,0,1214
03/11/2023,MCO,FL,ASO,ES,Towers with Radar,1205,48,34,1,1288,0,0,5,1,6,1205,48,39,2,1294,0,0,0,1294
03/12/2023,MCO,FL,ASO,ES,Towers with Radar,1090,41,42,0,1173,0,2,5,0,7,1090,43,47,0,1180,0,0,0,1180
03/13/2023,MCO,FL,ASO,ES,Towers with Radar,1079,40,25,0,1144,0,6,0,0,6,1079,46,25,0,1150,0,0,0,1150
03/14/2023,MCO,FL,ASO,ES,Towers with Radar,1057,47,37,0,1141,0,0,7,0,7,1057,47,44,0,1148,0,0,0,1148
03/15/2023,MCO,FL,ASO,ES,Towers with Radar,1099,46,41,0,1186,0,5,5,0,10,1099,51,46,0,1196,0,0,0,1196
03/16/2023,MCO,FL,ASO,ES,Towers with Radar,1115,60,40,0,1215,1,9,11,1,22,1116,69,51,1,1237,0,0,0,1237
03/17/2023,MCO,FL,ASO,ES,Towers with Radar,1102,40,28,0,1170,0,0,4,1,5,1102,40,32,1,1175,0,0,0,1175
03/18/2023,MCO,FL,ASO,ES,Towers with Radar,1203,53,34,0,1290,0,0,8,0,8,1203,53,42,0,1298,0,0,0,1298
03/19/2023,MCO,FL,ASO,ES,Towers with Radar,1161,60,45,0,1266,1,10,3,0,14,1162,70,48,0,1280,0,0,0,1280
03/20/2023,MCO,FL,ASO,ES,Towers with Radar,1106,45,32,0,1183,0,4,3,0,7,1106,49,35,0,1190,0,0,0,1190
03/21/2023,MCO,FL,ASO,ES,Towers with Radar,1074,49,46,4,1173,0,2,5,0,7,1074,51,51,4,1180,0,0,0,1180
03/22/2023,MCO,FL,ASO,ES,Towers with Radar,1098,45,39,0,1182,0,7,4,0,11,1098,52,43,0,1193,0,0,0,1193
03/23/2023,MCO,FL,ASO,ES,Towers with Radar,1098,47,40,0,1185,1,3,7,0,11,1099,50,47,0,1196,0,0,0,1196
03/24/2023,MCO,FL,ASO,ES,Towers with Radar,1126,55,30,0,1211,1,10,5,0,16,1127,65,35,0,1227,0,0,0,1227
03/25/2023,MCO,FL,ASO,ES,Towers with Radar,1205,47,43,0,1295,1,6,2,0,9,1206,53,45,0,1304,0,0,0,1304
03/26/2023,MCO,FL,ASO,ES,Towers with Radar,1099,50,45,0,1194,0,0,3,0,3,1099,50,48,0,1197,0,0,0,1197
03/27/2023,MCO,FL,ASO,ES,Towers with Radar,1109,47,40,0,1196,0,4,14,0,18,1109,51,54,0,1214,0,0,0,1214
03/28/2023,MCO,FL,ASO,ES,Towers with Radar,1095,61,33,4,1193,1,4,7,0,12,1096,65,40,4,1205,0,0,0,1205
03/29/2023,MCO,FL,ASO,ES,Towers with Radar,1089,43,36,0,1168,2,6,7,0,15,1091,49,43,0,1183,0,0,0,1183
03/30/2023,MCO,FL,ASO,ES,Towers with Radar,1096,53,36,0,1185,0,12,15,0,27,1096,65,51,0,1212,0,0,0,1212
03/31/2023,MCO,FL,ASO,ES,Towers with Radar,1075,53,50,0,1178,0,7,22,0,29,1075,60,72,0,1207,0,0,0,1207
04/01/2023,MCO,FL,ASO,ES,Towers with Radar,1184,35,44,0,1263,0,0,17,0,17,1184,35,61,0,1280,0,0,0,1280
04/02/2023,MCO,FL,ASO,ES,Towers with Radar,1143,69,39,0,1251,3,6,19,0,28,1146,75,58,0,1279,0,0,0,1279
04/03/2023,MCO,FL,ASO,ES,Towers with Radar,1093,45,36,0,1174,0,1,3,0,4,1093,46,39,0,1178,0,0,0,1178
04/04/2023,MCO,FL,ASO,ES,Towers with Radar,1098,68,41,0,1207,0,0,8,0,8,1098,68,49,0,1215,0,0,0,1215
04/05/2023,MCO,FL,ASO,ES,Towers with Radar,1047,50,28,0,1125,0,0,12,0,12,1047,50,40,0,1137,0,0,0,1137
04/06/2023,MCO,FL,ASO,ES,Towers with Radar,1109,49,32,2,1192,0,4,8,0,12,1109,53,40,2,1204,0,0,0,1204
04/07/2023,MCO,FL,ASO,ES,Towers with Radar,1112,55,39,0,1206,0,0,5,0,5,1112,55,44,0,1211,0,0,0,1211
04/08/2023,MCO,FL,ASO,ES,Towers with Radar,1216,29,29,0,1274,0,0,3,0,3,1216,29,32,0,1277,0,0,0,1277
04/09/2023,MCO,FL,ASO,ES,Towers with Radar,1153,53,35,0,1241,0,0,1,0,1,1153,53,36,0,1242,0,0,0,1242
04/10/2023,MCO,FL,ASO,ES,Towers with Radar,1088,60,37,0,1185,0,0,3,0,3,1088,60,40,0,1188,0,0,0,1188
04/11/2023,MCO,FL,ASO,ES,Towers with Radar,1072,55,39,0,1166,0,8,5,0,13,1072,63,44,0,1179,0,0,0,1179
04/12/2023,MCO,FL,ASO,ES,Towers with Radar,1090,46,50,2,1188,2,0,3,0,5,1092,46,53,2,1193,0,0,0,1193
04/13/2023,MCO,FL,ASO,ES,Towers with Radar,1061,50,27,2,1140,0,6,7,0,13,1061,56,34,2,1153,0,0,0,1153
04/14/2023,MCO,FL,ASO,ES,Towers with Radar,1101,40,49,0,1190,0,3,11,0,14,1101,43,60,0,1204,0,0,0,1204
04/15/2023,MCO,FL,ASO,ES,Towers with Radar,1101,32,20,0,1153,0,5,2,0,7,1101,37,22,0,1160,0,0,0,1160
04/16/2023,MCO,FL,ASO,ES,Towers with Radar,1096,54,65,0,1215,0,6,4,0,10,1096,60,69,0,1225,0,0,0,1225
04/17/2023,MCO,FL,ASO,ES,Towers with Radar,1115,44,36,2,1197,0,4,2,0,6,1115,48,38,2,1203,0,0,0,1203
04/18/2023,MCO,FL,ASO,ES,Towers with Radar,1075,58,31,0,1164,0,4,8,0,12,1075,62,39,0,1176,0,0,0,1176
04/19/2023,MCO,FL,ASO,ES,Towers with Radar,1068,50,38,0,1156,0,0,2,0,2,1068,50,40,0,1158,0,0,0,1158
04/20/2023,MCO,FL,ASO,ES,Towers with Radar,1056,39,51,0,1146,0,3,7,0,10,1056,42,58,0,1156,0,0,0,1156
04/21/2023,MCO,FL,ASO,ES,Towers with Radar,1114,49,40,0,1203,0,0,9,0,9,1114,49,49,0,1212,0,0,0,1212
04/22/2023,MCO,FL,ASO,ES,Towers with Radar,1105,18,22,0,1145,0,6,8,0,14,1105,24,30,0,1159,0,0,0,1159
04/23/2023,MCO,FL,ASO,ES,Towers with Radar,1092,40,38,0,1170,0,2,7,2,11,1092,42,45,2,1181,0,0,0,1181
04/24/2023,MCO,FL,ASO,ES,Towers with Radar,1099,47,37,2,1185,0,11,2,0,13,1099,58,39,2,1198,0,0,0,1198
04/25/2023,MCO,FL,ASO,ES,Towers with Radar,1034,55,20,0,1109,0,0,5,0,5,1034,55,25,0,1114,0,0,0,1114
04/26/2023,MCO,FL,ASO,ES,Towers with Radar,1063,37,41,0,1141,0,0,1,0,1,1063,37,42,0,1142,0,0,0,1142
04/27/2023,MCO,FL,ASO,ES,Towers with Radar,991,34,39,0,1064,0,2,4,1,7,991,36,43,1,1071,0,0,0,1071
04/28/2023,MCO,FL,ASO,ES,Towers with Radar,1162,39,32,0,1233,0,0,10,0,10,1162,39,42,0,1243,0,0,0,1243
04/29/2023,MCO,FL,ASO,ES,Towers with Radar,1075,29,22,0,1126,0,0,8,0,8,1075,29,30,0,1134,0,0,0,1134
04/30/2023,MCO,FL,ASO,ES,Towers with Radar,1081,34,46,0,1161,0,0,0,0,0,1081,34,46,0,1161,0,0,0,1161
05/01/2023,MCO,FL,ASO,ES,Towers with Radar,1078,47,39,0,1164,0,8,10,0,18,1078,55,49,0,1182,0,0,0,1182
05/02/2023,MCO,FL,ASO,ES,Towers with Radar,1056,48,17,0,1121,0,0,11,1,12,1056,48,28,1,1133,0,0,0,1133
05/03/2023,MCO,FL,ASO,ES,Towers with Radar,1062,38,43,1,1144,0,5,3,2,10,1062,43,46,3,1154,0,0,0,1154
05/04/2023,MCO,FL,ASO,ES,Towers with Radar,1071,40,48,1,1160,0,1,11,2,14,1071,41,59,3,1174,0,0,0,1174
05/05/2023,MCO,FL,ASO,ES,Towers with Radar,1087,44,32,3,1166,0,0,10,0,10,1087,44,42,3,1176,0,0,0,1176
05/06/2023,MCO,FL,ASO,ES,Towers with Radar,1099,28,18,0,1145,0,0,4,1,5,1099,28,22,1,1150,0,0,0,1150
05/07/2023,MCO,FL,ASO,ES,Towers with Radar,1093,47,24,0,1164,0,8,0,0,8,1093,55,24,0,1172,0,0,0,1172
05/08/2023,MCO,FL,ASO,ES,Towers with Radar,1068,46,39,0,1153,0,2,3,0,5,1068,48,42,0,1158,0,0,0,1158
05/09/2023,MCO,FL,ASO,ES,Towers with Radar,1047,46,29,0,1122,0,2,3,0,5,1047,48,32,0,1127,0,0,0,1127
05/10/2023,MCO,FL,ASO,ES,Towers with Radar,1047,47,47,2,1143,0,2,1,0,3,1047,49,48,2,1146,0,0,0,1146
05/11/2023,MCO,FL,ASO,ES,Towers with Radar,1030,36,38,0,1104,0,5,5,0,10,1030,41,43,0,1114,0,0,0,1114
05/12/2023,MCO,FL,ASO,ES,Towers with Radar,1080,44,46,0,1170,0,0,4,0,4,1080,44,50,0,1174,0,0,0,1174
05/13/2023,MCO,FL,ASO,ES,Towers with Radar,1097,25,20,0,1142,0,0,3,0,3,1097,25,23,0,1145,0,0,0,1145
05/14/2023,MCO,FL,ASO,ES,Towers with Radar,1038,36,22,0,1096,0,4,0,0,4,1038,40,22,0,1100,0,0,0,1100
05/15/2023,MCO,FL,ASO,ES,Towers with Radar,1063,49,37,0,1149,0,12,4,0,16,1063,61,41,0,1165,0,0,0,1165
05/16/2023,MCO,FL,ASO,ES,Towers with Radar,1028,44,32,0,1104,0,0,4,0,4,1028,44,36,0,1108,0,0,0,1108
05/17/2023,MCO,FL,ASO,ES,Towers with Radar,1033,37,35,0,1105,0,0,8,0,8,1033,37,43,0,1113,0,0,0,1113
05/18/2023,MCO,FL,ASO,ES,Towers with Radar,999,47,34,0,1080,0,1,5,0,6,999,48,39,0,1086,0,0,0,1086
05/19/2023,MCO,FL,ASO,ES,Towers with Radar,1103,51,31,0,1185,0,3,16,0,19,1103,54,47,0,1204,0,0,0,1204
05/20/2023,MCO,FL,ASO,ES,Towers with Radar,1090,34,11,0,1135,0,0,3,0,3,1090,34,14,0,1138,0,0,0,1138
05/21/2023,MCO,FL,ASO,ES,Towers with Radar,1067,51,26,1,1145,0,0,2,0,2,1067,51,28,1,1147,0,0,0,1147
05/22/2023,MCO,FL,ASO,ES,Towers with Radar,979,43,35,0,1057,0,4,5,0,9,979,47,40,0,1066,0,0,0,1066
05/23/2023,MCO,FL,ASO,ES,Towers with Radar,1078,50,31,0,1159,0,0,0,0,0,1078,50,31,0,1159,0,0,0,1159
05/24/2023,MCO,FL,ASO,ES,Towers with Radar,1046,41,39,0,1126,0,5,2,0,7,1046,46,41,0,1133,0,0,0,1133
05/25/2023,MCO,FL,ASO,ES,Towers with Radar,1078,31,34,0,1143,0,0,4,0,4,1078,31,38,0,1147,0,0,0,1147
05/26/2023,MCO,FL,ASO,ES,Towers with Radar,1064,35,37,0,1136,0,1,2,0,3,1064,36,39,0,1139,0,0,0,1139
05/27/2023,MCO,FL,ASO,ES,Towers with Radar,1112,22,19,0,1153,0,0,4,0,4,1112,22,23,0,1157,0,0,0,1157
05/28/2023,MCO,FL,ASO,ES,Towers with Radar,1023,29,16,0,1068,0,0,2,0,2,1023,29,18,0,1070,0,0,0,1070
05/29/2023,MCO,FL,ASO,ES,Towers with Radar,1037,37,33,0,1107,0,4,7,0,11,1037,41,40,0,1118,0,0,0,1118
05/30/2023,MCO,FL,ASO,ES,Towers with Radar,1032,38,28,0,1098,0,0,6,0,6,1032,38,34,0,1104,0,0,0,1104
05/31/2023,MCO,FL,ASO,ES,Towers with Radar,1086,44,27,0,1157,0,0,4,0,4,1086,44,31,0,1161,0,0,0,1161
06/01/2023,MCO,FL,ASO,ES,Towers with Radar,1022,40,26,0,1088,0,0,2,0,2,1022,40,28,0,1090,0,0,0,1090
06/02/2023,MCO,FL,ASO,ES,Towers with Radar,1068,32,38,2,1140,0,0,0,0,0,1068,32,38,2,1140,0,0,0,1140
06/03/2023,MCO,FL,ASO,ES,Towers with Radar,1082,23,25,0,1130,0,1,1,0,2,1082,24,26,0,1132,0,0,0,1132
06/04/2023,MCO,FL,ASO,ES,Towers with Radar,1047,39,21,0,1107,0,2,3,0,5,1047,41,24,0,1112,0,0,0,1112
06/05/2023,MCO,FL,ASO,ES,Towers with Radar,1038,27,26,0,1091,0,6,8,0,14,1038,33,34,0,1105,0,0,0,1105
06/06/2023,MCO,FL,ASO,ES,Towers with Radar,1003,34,29,0,1066,0,8,3,0,11,1003,42,32,0,1077,0,0,0,1077
06/07/2023,MCO,FL,ASO,ES,Towers with Radar,989,42,18,0,1049,0,4,3,0,7,989,46,21,0,1056,0,0,0,1056
06/08/2023,MCO,FL,ASO,ES,Towers with Radar,1057,32,35,0,1124,0,0,3,0,3,1057,32,38,0,1127,0,0,0,1127
06/09/2023,MCO,FL,ASO,ES,Towers with Radar,1052,30,30,0,1112,0,0,3,0,3,1052,30,33,0,1115,0,0,0,1115
06/10/2023,MCO,FL,ASO,ES,Towers with Radar,1082,34,22,0,1138,0,0,2,0,2,1082,34,24,0,1140,0,0,0,1140
06/11/2023,MCO,FL,ASO,ES,Towers with Radar,1062,39,29,2,1132,0,10,0,0,10,1062,49,29,2,1142,0,0,0,1142
06/12/2023,MCO,FL,ASO,ES,Towers with Radar,1039,28,12,0,1079,0,2,5,0,7,1039,30,17,0,1086,0,0,0,1086
06/13/2023,MCO,FL,ASO,ES,Towers with Radar,994,45,26,0,1065,0,8,2,0,10,994,53,28,0,1075,0,0,0,1075
06/14/2023,MCO,FL,ASO,ES,Towers with Radar,997,41,28,2,1068,0,0,6,0,6,997,41,34,2,1074,0,0,0,1074
06/15/2023,MCO,FL,ASO,ES,Towers with Radar,990,44,21,0,1055,0,0,8,0,8,990,44,29,0,1063,0,0,0,1063
06/16/2023,MCO,FL,ASO,ES,Towers with Radar,1061,37,23,2,1123,0,4,2,0,6,1061,41,25,2,1129,0,0,0,1129
06/17/2023,MCO,FL,ASO,ES,Towers with Radar,1068,24,32,0,1124,0,2,0,0,2,1068,26,32,0,1126,0,0,0,1126
06/18/2023,MCO,FL,ASO,ES,Towers with Radar,1070,34,24,0,1128,0,0,1,0,1,1070,34,25,0,1129,0,0,0,1129
06/19/2023,MCO,FL,ASO,ES,Towers with Radar,1037,26,30,0,1093,0,8,5,0,13,1037,34,35,0,1106,0,0,0,1106
06/20/2023,MCO,FL,ASO,ES,Towers with Radar,1044,37,29,0,1110,0,0,3,0,3,1044,37,32,0,1113,0,0,0,1113
06/21/2023,MCO,FL,ASO,ES,Towers with Radar,1014,45,33,0,1092,0,0,2,0,2,1014,45,35,0,1094,0,0,0,1094
06/22/2023,MCO,FL,ASO,ES,Towers with Radar,948,32,32,1,1013,0,3,2,0,5,948,35,34,1,1018,0,0,0,1018
06/23/2023,MCO,FL,ASO,ES,Towers with Radar,1006,42,30,0,1078,0,4,2,1,7,1006,46,32,1,1085,0,0,0,1085
06/24/2023,MCO,FL,ASO,ES,Towers with Radar,1122,30,23,0,1175,1,7,4,0,12,1123,37,27,0,1187,0,0,0,1187
06/25/2023,MCO,FL,ASO,ES,Towers with Radar,1040,44,30,0,1114,0,0,8,2,10,1040,44,38,2,1124,0,0,0,1124
06/26/2023,MCO,FL,ASO,ES,Towers with Radar,1007,45,22,0,1074,0,2,4,0,6,1007,47,26,0,1080,0,0,0,1080
06/27/2023,MCO,FL,ASO,ES,Towers with Radar,917,36,31,0,984,0,2,2,0,4,917,38,33,0,988,0,0,0,988
06/28/2023,MCO,FL,ASO,ES,Towers with Radar,1009,40,39,0,1088,0,0,6,0,6,1009,40,45,0,1094,0,0,0,1094
06/29/2023,MCO,FL,ASO,ES,Towers with Radar,1059,42,43,0,1144,0,0,3,0,3,1059,42,46,0,1147,0,0,0,1147
06/30/2023,MCO,FL,ASO,ES,Towers with Radar,1048,48,42,0,1138,0,4,10,0,14,1048,52,52,0,1152,0,0,0,1152
07/01/2023,MCO,FL,ASO,ES,Towers with Radar,1131,34,21,0,1186,0,8,4,0,12,1131,42,25,0,1198,0,0,0,1198
07/02/2023,MCO,FL,ASO,ES,Towers with Radar,1039,34,11,2,1086,1,2,5,0,8,1040,36,16,2,1094,0,0,0,1094
07/03/2023,MCO,FL,ASO,ES,Towers with Radar,1015,28,9,0,1052,0,4,2,0,6,1015,32,11,0,1058,0,0,0,1058
07/04/2023,MCO,FL,ASO,ES,Towers with Radar,912,30,12,0,954,0,4,4,1,9,912,34,16,1,963,0,0,0,963
07/05/2023,MCO,FL,ASO,ES,Towers with Radar,991,26,17,0,1034,1,1,5,0,7,992,27,22,0,1041,0,0,0,1041
07/06/2023,MCO,FL,ASO,ES,Towers with Radar,1043,37,21,0,1101,0,9,4,0,13,1043,46,25,0,1114,0,0,0,1114
07/07/2023,MCO,FL,ASO,ES,Towers with Radar,1016,29,22,0,1067,0,0,3,0,3,1016,29,25,0,1070,0,0,0,1070
07/08/2023,MCO,FL,ASO,ES,Towers with Radar,1138,22,23,0,1183,0,3,2,0,5,1138,25,25,0,1188,0,0,0,1188
07/09/2023,MCO,FL,ASO,ES,Towers with Radar,1019,32,23,0,1074,0,4,6,0,10,1019,36,29,0,1084,0,0,0,1084
07/10/2023,MCO,FL,ASO,ES,Towers with Radar,1000,29,36,0,1065,0,8,2,0,10,1000,37,38,0,1075,0,0,0,1075
07/11/2023,MCO,FL,ASO,ES,Towers with Radar,1032,40,24,0,1096,1,5,3,0,9,1033,45,27,0,1105,0,0,0,1105
07/12/2023,MCO,FL,ASO,ES,Towers with Radar,1033,37,30,0,1100,0,0,2,0,2,1033,37,32,0,1102,0,0,0,1102
07/13/2023,MCO,FL,ASO,ES,Towers with Radar,1066,43,22,0,1131,0,8,0,2,10,1066,51,22,2,1141,0,0,0,1141
07/14/2023,MCO,FL,ASO,ES,Towers with Radar,1036,39,25,0,1100,0,0,4,0,4,1036,39,29,0,1104,0,0,0,1104
07/15/2023,MCO,FL,ASO,ES,Towers with Radar,1122,23,28,2,1175,0,0,2,0,2,1122,23,30,2,1177,0,0,0,1177
07/16/2023,MCO,FL,ASO,ES,Towers with Radar,980,32,14,0,1026,0,0,10,0,10,980,32,24,0,1036,0,0,0,1036
07/17/2023,MCO,FL,ASO,ES,Towers with Radar,1043,28,30,0,1101,0,2,5,0,7,1043,30,35,0,1108,0,0,0,1108
07/18/2023,MCO,FL,ASO,ES,Towers with Radar,1004,46,22,0,1072,1,1,6,0,8,1005,47,28,0,1080,0,0,0,1080
07/19/2023,MCO,FL,ASO,ES,Towers with Radar,1037,43,26,0,1106,0,1,8,1,10,1037,44,34,1,1116,0,0,0,1116
07/20/2023,MCO,FL,ASO,ES,Towers with Radar,1050,41,38,0,1129,0,0,11,0,11,1050,41,49,0,1140,0,0,0,1140
07/21/2023,MCO,FL,ASO,ES,Towers with Radar,1072,44,39,0,1155,0,6,6,0,12,1072,50,45,0,1167,0,0,0,1167
07/22/2023,MCO,FL,ASO,ES,Towers with Radar,1117,37,12,0,1166,0,8,8,0,16,1117,45,20,0,1182,0,0,0,1182
07/23/2023,MCO,FL,ASO,ES,Towers with Radar,1025,33,21,0,1079,0,0,8,0,8,1025,33,29,0,1087,0,0,0,1087
07/24/2023,MCO,FL,ASO,ES,Towers with Radar,1086,42,18,0,1146,0,4,3,0,7,1086,46,21,0,1153,0,0,0,1153
07/25/2023,MCO,FL,ASO,ES,Towers with Radar,994,44,22,0,1060,0,2,1,0,3,994,46,23,0,1063,0,0,0,1063
07/26/2023,MCO,FL,ASO,ES,Towers with Radar,1050,40,40,0,1130,0,8,5,0,13,1050,48,45,0,1143,0,0,0,1143
07/27/2023,MCO,FL,ASO,ES,Towers with Radar,1049,47,34,0,1130,0,6,3,1,10,1049,53,37,1,1140,0,0,0,1140
07/28/2023,MCO,FL,ASO,ES,Towers with Radar,1057,42,20,0,1119,0,0,5,0,5,1057,42,25,0,1124,0,0,0,1124
07/29/2023,MCO,FL,ASO,ES,Towers with Radar,1122,25,20,0,1167,0,0,0,0,0,1122,25,20,0,1167,0,0,0,1167
07/30/2023,MCO,FL,ASO,ES,Towers with Radar,1015,35,30,1,1081,1,0,7,0,8,1016,35,37,1,1089,0,0,0,1089
07/31/2023,MCO,FL,ASO,ES,Towers with Radar,1039,39,23,2,1103,0,0,6,0,6,1039,39,29,2,1109,0,0,0,1109
08/01/2023,MCO,FL,ASO,ES,Towers with Radar,1023,39,26,4,1092,0,4,3,0,7,1023,43,29,4,1099,0,0,0,1099
08/02/2023,MCO,FL,ASO,ES,Towers with Radar,1038,46,32,2,1118,0,0,4,0,4,1038,46,36,2,1122,0,0,0,1122
08/03/2023,MCO,FL,ASO,ES,Towers with Radar,1074,45,37,0,1156,0,5,10,0,15,1074,50,47,0,1171,0,0,0,1171
08/04/2023,MCO,FL,ASO,ES,Towers with Radar,1056,48,33,0,1137,1,0,10,0,11,1057,48,43,0,1148,0,0,0,1148
08/05/2023,MCO,FL,ASO,ES,Towers with Radar,1180,33,19,0,1232,0,0,4,0,4,1180,33,23,0,1236,0,0,0,1236
08/06/2023,MCO,FL,ASO,ES,Towers with Radar,1026,37,27,0,1090,0,4,6,0,10,1026,41,33,0,1100,0,0,0,1100
08/07/2023,MCO,FL,ASO,ES,Towers with Radar,1025,45,26,0,1096,1,0,5,0,6,1026,45,31,0,1102,0,0,0,1102
08/08/2023,MCO,FL,ASO,ES,Towers with Radar,1003,41,36,0,1080,0,0,4,0,4,1003,41,40,0,1084,0,0,0,1084
08/09/2023,MCO,FL,ASO,ES,Towers with Radar,1044,39,28,0,1111,0,0,1,0,1,1044,39,29,0,1112,0,0,0,1112
08/10/2023,MCO,FL,ASO,ES,Towers with Radar,1048,42,32,0,1122,0,5,0,0,5,1048,47,32,0,1127,0,0,0,1127
08/11/2023,MCO,FL,ASO,ES,Towers with Radar,1073,44,22,0,1139,0,0,4,0,4,1073,44,26,0,1143,0,0,0,1143
08/12/2023,MCO,FL,ASO,ES,Towers with Radar,1134,24,14,0,1172,0,4,4,0,8,1134,28,18,0,1180,0,0,0,1180
08/13/2023,MCO,FL,ASO,ES,Towers with Radar,1036,32,26,0,1094,0,4,5,4,13,1036,36,31,4,1107,0,0,0,1107
08/14/2023,MCO,FL,ASO,ES,Towers with Radar,1029,32,19,0,1080,0,0,3,0,3,1029,32,22,0,1083,0,0,0,1083
08/15/2023,MCO,FL,ASO,ES,Towers with Radar,939,31,15,0,985,0,2,4,0,6,939,33,19,0,991,0,0,0,991
08/16/2023,MCO,FL,ASO,ES,Towers with Radar,997,39,17,2,1055,0,3,8,0,11,997,42,25,2,1066,0,0,0,1066
08/17/2023,MCO,FL,ASO,ES,Towers with Radar,957,38,21,0,1016,0,0,3,0,3,957,38,24,0,1019,0,0,0,1019
08/18/2023,MCO,FL,ASO,ES,Towers with Radar,1042,31,14,0,1087,0,0,2,0,2,1042,31,16,0,1089,0,0,0,1089
08/19/2023,MCO,FL,ASO,ES,Towers with Radar,1118,26,11,0,1155,0,2,14,0,16,1118,28,25,0,1171,0,0,0,1171
08/20/2023,MCO,FL,ASO,ES,Towers with Radar,996,33,23,0,1052,0,4,2,0,6,996,37,25,0,1058,0,0,0,1058
08/21/2023,MCO,FL,ASO,ES,Towers with Radar,1037,39,24,0,1100,0,0,12,0,12,1037,39,36,0,1112,0,0,0,1112
08/22/2023,MCO,FL,ASO,ES,Towers with Radar,931,54,23,1,1009,0,2,11,1,14,931,56,34,2,1023,0,0,0,1023
08/23/2023,MCO,FL,ASO,ES,Towers with Radar,977,43,24,2,1046,0,1,11,0,12,977,44,35,2,1058,0,0,0,1058
08/24/2023,MCO,FL,ASO,ES,Towers with Radar,995,42,24,2,1063,0,0,9,0,9,995,42,33,2,1072,0,0,0,1072
08/25/2023,MCO,FL,ASO,ES,Towers with Radar,1015,39,32,2,1088,0,8,4,2,14,1015,47,36,4,1102,0,0,0,1102
08/26/2023,MCO,FL,ASO,ES,Towers with Radar,1118,29,13,1,1161,0,6,5,0,11,1118,35,18,1,1172,0,0,0,1172
08/27/2023,MCO,FL,ASO,ES,Towers with Radar,991,37,38,1,1067,0,1,3,1,5,991,38,41,2,1072,0,0,0,1072
08/28/2023,MCO,FL,ASO,ES,Towers with Radar,1035,41,36,2,1114,0,0,3,0,3,1035,41,39,2,1117,0,0,0,1117
08/29/2023,MCO,FL,ASO,ES,Towers with Radar,947,53,20,0,1020,1,0,4,0,5,948,53,24,0,1025,0,0,0,1025
08/30/2023,MCO,FL,ASO,ES,Towers with Radar,835,25,7,1,868,1,0,0,0,1,836,25,7,1,869,0,0,0,869
08/31/2023,MCO,FL,ASO,ES,Towers with Radar,996,40,17,0,1053,0,0,2,0,2,996,40,19,0,1055,0,0,0,1055
01/01/2020,MCO,FL,ASO,ES,Towers with Radar,928,32,30,1,991,0,0,9,3,12,928,32,39,4,1003,0,0,0,1003
01/02/2020,MCO,FL,ASO,ES,Towers with Radar,1034,46,30,1,1111,0,0,8,2,10,1034,46,38,3,1121,0,0,0,1121
01/03/2020,MCO,FL,ASO,ES,Towers with Radar,1049,52,45,3,1149,0,0,6,3,9,1049,52,51,6,1158,0,0,0,1158
01/04/2020,MCO,FL,ASO,ES,Towers with Radar,1072,45,57,0,1174,2,0,4,0,6,1074,45,61,0,1180,0,0,0,1180
01/05/2020,MCO,FL,ASO,ES,Towers with Radar,1031,33,37,3,1104,0,0,5,2,7,1031,33,42,5,1111,0,0,0,1111
01/06/2020,MCO,FL,ASO,ES,Towers with Radar,990,44,46,0,1080,0,0,6,0,6,990,44,52,0,1086,0,0,0,1086
01/07/2020,MCO,FL,ASO,ES,Towers with Radar,932,40,34,1,1007,0,0,8,0,8,932,40,42,1,1015,0,0,0,1015
01/08/2020,MCO,FL,ASO,ES,Towers with Radar,927,45,34,3,1009,0,1,2,0,3,927,46,36,3,1012,0,0,0,1012
01/09/2020,MCO,FL,ASO,ES,Towers with Radar,973,45,35,2,1055,0,0,5,0,5,973,45,40,2,1060,0,0,0,1060
01/10/2020,MCO,FL,ASO,ES,Towers with Radar,964,36,28,4,1032,0,0,10,9,19,964,36,38,13,1051,0,0,0,1051
01/11/2020,MCO,FL,ASO,ES,Towers with Radar,989,26,29,0,1044,0,0,3,0,3,989,26,32,0,1047,0,0,0,1047
01/12/2020,MCO,FL,ASO,ES,Towers with Radar,986,45,34,5,1070,0,2,4,11,17,986,47,38,16,1087,0,0,0,1087
01/13/2020,MCO,FL,ASO,ES,Towers with Radar,945,40,26,0,1011,0,0,3,0,3,945,40,29,0,1014,0,0,0,1014
01/14/2020,MCO,FL,ASO,ES,Towers with Radar,899,55,31,0,985,0,0,4,0,4,899,55,35,0,989,0,0,0,989
01/15/2020,MCO,FL,ASO,ES,Towers with Radar,919,54,47,0,1020,0,0,8,0,8,919,54,55,0,1028,0,0,0,1028
01/16/2020,MCO,FL,ASO,ES,Towers with Radar,953,47,47,4,1051,0,0,8,0,8,953,47,55,4,1059,0,0,0,1059
01/17/2020,MCO,FL,ASO,ES,Towers with Radar,966,46,34,0,1046,0,0,2,0,2,966,46,36,0,1048,0,0,0,1048
01/18/2020,MCO,FL,ASO,ES,Towers with Radar,992,26,20,0,1038,0,2,3,0,5,992,28,23,0,1043,0,0,0,1043
01/19/2020,MCO,FL,ASO,ES,Towers with Radar,979,42,27,0,1048,0,2,5,0,7,979,44,32,0,1055,0,0,0,1055
01/20/2020,MCO,FL,ASO,ES,Towers with Radar,953,39,54,0,1046,0,0,9,1,10,953,39,63,1,1056,0,0,0,1056
01/21/2020,MCO,FL,ASO,ES,Towers with Radar,902,61,44,0,1007,0,0,16,0,16,902,61,60,0,1023,0,0,0,1023
01/22/2020,MCO,FL,ASO,ES,Towers with Radar,911,36,45,0,992,0,0,1,1,2,911,36,46,1,994,0,0,0,994
01/23/2020,MCO,FL,ASO,ES,Towers with Radar,966,45,67,0,1078,0,2,1,3,6,966,47,68,3,1084,0,0,0,1084
01/24/2020,MCO,FL,ASO,ES,Towers with Radar,975,43,36,0,1054,0,5,5,0,10,975,48,41,0,1064,0,0,0,1064
01/25/2020,MCO,FL,ASO,ES,Towers with Radar,1032,22,16,2,1072,0,2,6,0,8,1032,24,22,2,1080,0,0,0,1080
01/26/2020,MCO,FL,ASO,ES,Towers with Radar,996,35,47,1,1079,0,2,7,1,10,996,37,54,2,1089,0,0,0,1089
01/27/2020,MCO,FL,ASO,ES,Towers with Radar,938,38,45,2,1023,0,2,0,0,2,938,40,45,2,1025,0,0,0,1025
01/28/2020,MCO,FL,ASO,ES,Towers with Radar,915,35,47,0,997,0,0,2,0,2,915,35,49,0,999,0,0,0,999
01/29/2020,MCO,FL,ASO,ES,Towers with Radar,913,42,38,0,993,0,0,4,0,4,913,42,42,0,997,0,0,0,997
01/30/2020,MCO,FL,ASO,ES,Towers with Radar,959,49,38,0,1046,0,0,3,0,3,959,49,41,0,1049,0,0,0,1049
01/31/2020,MCO,FL,ASO,ES,Towers with Radar,996,51,47,0,1094,0,0,1,0,1,996,51,48,0,1095,0,0,0,1095
02/01/2020,MCO,FL,ASO,ES,Towers with Radar,1042,44,22,0,1108,0,0,0,0,0,1042,44,22,0,1108,0,0,0,1108
02/02/2020,MCO,FL,ASO,ES,Towers with Radar,979,43,43,0,1065,0,1,6,2,9,979,44,49,2,1074,0,0,0,1074
02/03/2020,MCO,FL,ASO,ES,Towers with Radar,948,38,61,0,1047,0,2,5,2,9,948,40,66,2,1056,0,0,0,1056
02/04/2020,MCO,FL,ASO,ES,Towers with Radar,905,47,47,0,999,1,0,6,0,7,906,47,53,0,1006,0,0,0,1006
02/05/2020,MCO,FL,ASO,ES,Towers with Radar,922,45,41,2,1010,0,2,3,2,7,922,47,44,4,1017,0,0,0,1017
02/06/2020,MCO,FL,ASO,ES,Towers with Radar,924,36,53,0,1013,1,3,1,0,5,925,39,54,0,1018,0,0,0,1018
02/07/2020,MCO,FL,ASO,ES,Towers with Radar,1009,38,34,0,1081,0,2,7,1,10,1009,40,41,1,1091,0,0,0,1091
02/08/2020,MCO,FL,ASO,ES,Towers with Radar,1055,25,27,0,1107,0,1,4,0,5,1055,26,31,0,1112,0,0,0,1112
02/09/2020,MCO,FL,ASO,ES,Towers with Radar,969,32,42,4,1047,0,0,4,2,6,969,32,46,6,1053,0,0,0,1053
02/10/2020,MCO,FL,ASO,ES,Towers with Radar,960,33,53,0,1046,0,0,2,0,2,960,33,55,0,1048,0,0,0,1048
02/11/2020,MCO,FL,ASO,ES,Towers with Radar,937,45,40,2,1024,0,2,3,3,8,937,47,43,5,1032,0,0,0,1032
02/12/2020,MCO,FL,ASO,ES,Towers with Radar,950,49,70,2,1071,0,0,12,0,12,950,49,82,2,1083,0,0,0,1083
02/13/2020,MCO,FL,ASO,ES,Towers with Radar,979,39,73,0,1091,1,0,4,0,5,980,39,77,0,1096,0,0,0,1096
02/14/2020,MCO,FL,ASO,ES,Towers with Radar,1027,53,46,0,1126,0,1,1,0,2,1027,54,47,0,1128,0,0,0,1128
02/15/2020,MCO,FL,ASO,ES,Towers with Radar,1060,30,29,0,1119,0,0,1,0,1,1060,30,30,0,1120,0,0,0,1120
02/16/2020,MCO,FL,ASO,ES,Towers with Radar,1004,34,35,0,1073,0,4,6,0,10,1004,38,41,0,1083,0,0,0,1083
02/17/2020,MCO,FL,ASO,ES,Towers with Radar,978,55,59,0,1092,0,0,8,1,9,978,55,67,1,1101,0,0,0,1101
02/18/2020,MCO,FL,ASO,ES,Towers with Radar,969,44,49,0,1062,0,2,8,2,12,969,46,57,2,1074,0,0,0,1074
02/19/2020,MCO,FL,ASO,ES,Towers with Radar,1002,50,57,0,1109,2,0,7,0,9,1004,50,64,0,1118,0,0,0,1118
02/20/2020,MCO,FL,ASO,ES,Towers with Radar,1011,42,51,2,1106,0,0,8,0,8,1011,42,59,2,1114,0,0,0,1114
02/21/2020,MCO,FL,ASO,ES,Towers with Radar,1034,54,57,0,1145,0,0,0,0,0,1034,54,57,0,1145,0,0,0,1145
02/22/2020,MCO,FL,ASO,ES,Towers with Radar,1088,38,28,0,1154,0,2,8,2,12,1088,40,36,2,1166,0,0,0,1166
02/23/2020,MCO,FL,ASO,ES,Towers with Radar,1040,40,39,1,1120,0,0,5,1,6,1040,40,44,2,1126,0,0,0,1126
02/24/2020,MCO,FL,ASO,ES,Towers with Radar,976,39,44,0,1059,0,0,11,1,12,976,39,55,1,1071,0,0,0,1071
02/25/2020,MCO,FL,ASO,ES,Towers with Radar,970,42,41,1,1054,0,1,3,3,7,970,43,44,4,1061,0,0,0,1061
02/26/2020,MCO,FL,ASO,ES,Towers with Radar,972,59,46,11,1088,0,2,2,0,4,972,61,48,11,1092,0,0,0,1092
02/27/2020,MCO,FL,ASO,ES,Towers with Radar,1018,51,57,1,1127,0,0,9,0,9,1018,51,66,1,1136,0,0,0,1136
02/28/2020,MCO,FL,ASO,ES,Towers with Radar,1033,46,49,17,1145,0,2,7,0,9,1033,48,56,17,1154,0,0,0,1154
02/29/2020,MCO,FL,ASO,ES,Towers with Radar,1088,32,24,0,1144,0,2,8,0,10,1088,34,32,0,1154,0,0,0,1154
03/01/2020,MCO,FL,ASO,ES,Towers with Radar,1047,44,66,0,1157,0,0,5,0,5,1047,44,71,0,1162,0,0,0,1162
03/02/2020,MCO,FL,ASO,ES,Towers with Radar,986,55,62,0,1103,0,0,12,4,16,986,55,74,4,1119,0,0,0,1119
03/03/2020,MCO,FL,ASO,ES,Towers with Radar,984,54,64,0,1102,1,0,7,0,8,985,54,71,0,1110,0,0,0,1110
03/04/2020,MCO,FL,ASO,ES,Towers with Radar,976,45,69,2,1092,0,2,8,0,10,976,47,77,2,1102,0,0,0,1102
03/05/2020,MCO,FL,ASO,ES,Towers with Radar,1024,41,47,1,1113,0,0,5,0,5,1024,41,52,1,1118,0,0,0,1118
03/06/2020,MCO,FL,ASO,ES,Towers with Radar,1032,45,38,4,1119,0,0,5,4,9,1032,45,43,8,1128,0,0,0,1128
03/07/2020,MCO,FL,ASO,ES,Towers with Radar,1166,35,35,4,1240,0,0,5,1,6,1166,35,40,5,1246,0,0,0,1246
03/08/2020,MCO,FL,ASO,ES,Towers with Radar,1026,41,46,3,1116,0,0,4,1,5,1026,41,50,4,1121,0,0,0,1121
03/09/2020,MCO,FL,ASO,ES,Towers with Radar,1028,37,35,1,1101,0,3,8,2,13,1028,40,43,3,1114,0,0,0,1114
03/10/2020,MCO,FL,ASO,ES,Towers with Radar,1012,42,38,2,1094,0,7,8,3,18,1012,49,46,5,1112,0,0,0,1112
03/11/2020,MCO,FL,ASO,ES,Towers with Radar,1006,43,31,0,1080,0,6,5,2,13,1006,49,36,2,1093,0,0,0,1093
03/12/2020,MCO,FL,ASO,ES,Towers with Radar,1046,38,39,0,1123,0,0,6,2,8,1046,38,45,2,1131,0,0,0,1131
03/13/2020,MCO,FL,ASO,ES,Towers with Radar,1033,44,39,2,1118,0,1,8,0,9,1033,45,47,2,1127,0,0,0,1127
03/14/2020,MCO,FL,ASO,ES,Towers with Radar,1188,32,21,0,1241,0,0,6,0,6,1188,32,27,0,1247,0,0,0,1247
03/15/2020,MCO,FL,ASO,ES,Towers with Radar,1037,34,24,0,1095,0,4,7,0,11,1037,38,31,0,1106,0,0,0,1106
03/16/2020,MCO,FL,ASO,ES,Towers with Radar,1011,41,22,0,1074,0,0,6,0,6,1011,41,28,0,1080,0,0,0,1080
03/17/2020,MCO,FL,ASO,ES,Towers with Radar,977,43,16,0,1036,1,2,4,0,7,978,45,20,0,1043,0,0,0,1043
03/18/2020,MCO,FL,ASO,ES,Towers with Radar,955,38,11,2,1006,0,0,3,4,7,955,38,14,6,1013,0,0,0,1013
03/19/2020,MCO,FL,ASO,ES,Towers with Radar,894,28,15,0,937,0,0,5,0,5,894,28,20,0,942,0,0,0,942
03/20/2020,MCO,FL,ASO,ES,Towers with Radar,894,33,21,2,950,0,0,8,4,12,894,33,29,6,962,0,0,0,962
03/21/2020,MCO,FL,ASO,ES,Towers with Radar,966,27,7,0,1000,0,0,3,0,3,966,27,10,0,1003,0,0,0,1003
03/22/2020,MCO,FL,ASO,ES,Towers with Radar,799,29,23,0,851,0,1,6,1,8,799,30,29,1,859,0,0,0,859
03/23/2020,MCO,FL,ASO,ES,Towers with Radar,671,36,11,0,718,0,2,7,0,9,671,38,18,0,727,0,0,0,727
03/24/2020,MCO,FL,ASO,ES,Towers with Radar,646,37,7,2,692,0,10,6,1,17,646,47,13,3,709,0,0,0,709
03/25/2020,MCO,FL,ASO,ES,Towers with Radar,614,31,7,0,652,0,1,6,0,7,614,32,13,0,659,0,0,0,659
03/26/2020,MCO,FL,ASO,ES,Towers with Radar,571,29,20,0,620,0,0,5,0,5,571,29,25,0,625,0,0,0,625
03/27/2020,MCO,FL,ASO,ES,Towers with Radar,527,22,10,0,559,0,0,3,0,3,527,22,13,0,562,0,0,0,562
03/28/2020,MCO,FL,ASO,ES,Towers with Radar,538,8,6,0,552,0,0,1,0,1,538,8,7,0,553,0,0,0,553
03/29/2020,MCO,FL,ASO,ES,Towers with Radar,481,20,11,0,512,0,0,2,0,2,481,20,13,0,514,0,0,0,514
03/30/2020,MCO,FL,ASO,ES,Towers with Radar,432,24,12,0,468,0,1,5,0,6,432,25,17,0,474,0,0,0,474
03/31/2020,MCO,FL,ASO,ES,Towers with Radar,408,18,4,0,430,0,0,0,0,0,408,18,4,0,430,0,0,0,430
04/01/2020,MCO,FL,ASO,ES,Towers with Radar,416,14,7,0,437,0,0,2,0,2,416,14,9,0,439,0,0,0,439
04/02/2020,MCO,FL,ASO,ES,Towers with Radar,366,20,8,0,394,0,6,5,0,11,366,26,13,0,405,0,0,0,405
04/03/2020,MCO,FL,ASO,ES,Towers with Radar,401,17,5,0,423,0,0,2,0,2,401,17,7,0,425,0,0,0,425
04/04/2020,MCO,FL,ASO,ES,Towers with Radar,424,11,6,0,441,0,0,0,0,0,424,11,6,0,441,0,0,0,441
04/05/2020,MCO,FL,ASO,ES,Towers with Radar,455,14,5,2,476,0,2,0,0,2,455,16,5,2,478,0,0,0,478
04/06/2020,MCO,FL,ASO,ES,Towers with Radar,411,14,8,0,433,0,0,2,0,2,411,14,10,0,435,0,0,0,435
04/07/2020,MCO,FL,ASO,ES,Towers with Radar,348,11,6,0,365,0,2,6,0,8,348,13,12,0,373,0,0,0,373
04/08/2020,MCO,FL,ASO,ES,Towers with Radar,287,16,12,0,315,0,0,4,0,4,287,16,16,0,319,0,0,0,319
04/09/2020,MCO,FL,ASO,ES,Towers with Radar,316,15,12,0,343,0,2,3,4,9,316,17,15,4,352,0,0,0,352
04/10/2020,MCO,FL,ASO,ES,Towers with Radar,337,9,11,0,357,0,4,2,0,6,337,13,13,0,363,0,0,0,363
04/11/2020,MCO,FL,ASO,ES,Towers with Radar,351,2,8,0,361,0,4,8,0,12,351,6,16,0,373,0,0,0,373
04/12/2020,MCO,FL,ASO,ES,Towers with Radar,313,7,3,0,323,0,0,1,0,1,313,7,4,0,324,0,0,0,324
04/13/2020,MCO,FL,ASO,ES,Towers with Radar,276,10,10,0,296,0,0,0,0,0,276,10,10,0,296,0,0,0,296
04/14/2020,MCO,FL,ASO,ES,Towers with Radar,229,16,6,0,251,0,4,7,0,11,229,20,13,0,262,0,0,0,262
04/15/2020,MCO,FL,ASO,ES,Towers with Radar,214,16,6,0,236,0,0,2,0,2,214,16,8,0,238,0,0,0,238
04/16/2020,MCO,FL,ASO,ES,Towers with Radar,206,19,6,0,231,0,9,0,0,9,206,28,6,0,240,0,0,0,240
04/17/2020,MCO,FL,ASO,ES,Towers with Radar,217,9,10,0,236,0,0,0,0,0,217,9,10,0,236,0,0,0,236
04/18/2020,MCO,FL,ASO,ES,Towers with Radar,226,2,5,1,234,0,0,1,0,1,226,2,6,1,235,0,0,0,235
04/19/2020,MCO,FL,ASO,ES,Towers with Radar,187,13,5,0,205,0,0,2,0,2,187,13,7,0,207,0,0,0,207
04/20/2020,MCO,FL,ASO,ES,Towers with Radar,176,21,11,1,209,0,4,0,0,4,176,25,11,1,213,0,0,0,213
04/21/2020,MCO,FL,ASO,ES,Towers with Radar,190,14,13,0,217,0,2,16,2,20,190,16,29,2,237,0,0,0,237
04/22/2020,MCO,FL,ASO,ES,Towers with Radar,195,17,13,2,227,0,2,7,0,9,195,19,20,2,236,0,0,0,236
04/23/2020,MCO,FL,ASO,ES,Towers with Radar,191,16,11,0,218,0,2,0,0,2,191,18,11,0,220,0,0,0,220
04/24/2020,MCO,FL,ASO,ES,Towers with Radar,195,11,4,0,210,0,0,1,0,1,195,11,5,0,211,0,0,0,211
04/25/2020,MCO,FL,ASO,ES,Towers with Radar,187,5,7,0,199,0,2,1,0,3,187,7,8,0,202,0,0,0,202
04/26/2020,MCO,FL,ASO,ES,Towers with Radar,179,14,13,0,206,0,0,20,0,20,179,14,33,0,226,0,0,0,226
04/27/2020,MCO,FL,ASO,ES,Towers with Radar,169,20,11,2,202,0,2,8,2,12,169,22,19,4,214,0,0,0,214
04/28/2020,MCO,FL,ASO,ES,Towers with Radar,184,19,18,0,221,0,4,22,0,26,184,23,40,0,247,0,0,0,247
04/29/2020,MCO,FL,ASO,ES,Towers with Radar,201,15,14,0,230,0,0,9,2,11,201,15,23,2,241,0,0,0,241
04/30/2020,MCO,FL,ASO,ES,Towers with Radar,197,28,9,0,234,0,2,2,0,4,197,30,11,0,238,0,0,0,238
05/01/2020,MCO,FL,ASO,ES,Towers with Radar,208,16,12,6,242,0,2,10,0,12,208,18,22,6,254,0,0,0,254
05/02/2020,MCO,FL,ASO,ES,Towers with Radar,201,3,14,0,218,0,2,15,0,17,201,5,29,0,235,0,0,0,235
05/03/2020,MCO,FL,ASO,ES,Towers with Radar,206,14,7,0,227,0,2,4,0,6,206,16,11,0,233,0,0,0,233
05/04/2020,MCO,FL,ASO,ES,Towers with Radar,235,14,19,0,268,0,0,9,0,9,235,14,28,0,277,0,0,0,277
05/05/2020,MCO,FL,ASO,ES,Towers with Radar,195,16,14,0,225,0,0,9,0,9,195,16,23,0,234,0,0,0,234
05/06/2020,MCO,FL,ASO,ES,Towers with Radar,207,13,12,0,232,0,2,6,0,8,207,15,18,0,240,0,0,0,240
05/07/2020,MCO,FL,ASO,ES,Towers with Radar,229,22,17,2,270,0,7,10,4,21,229,29,27,6,291,0,0,0,291
05/08/2020,MCO,FL,ASO,ES,Towers with Radar,236,14,19,2,271,0,2,3,0,5,236,16,22,2,276,0,0,0,276
05/09/2020,MCO,FL,ASO,ES,Towers with Radar,190,5,20,0,215,0,0,1,0,1,190,5,21,0,216,0,0,0,216
05/10/2020,MCO,FL,ASO,ES,Towers with Radar,198,14,10,2,224,0,0,4,0,4,198,14,14,2,228,0,0,0,228
05/11/2020,MCO,FL,ASO,ES,Towers with Radar,221,22,21,2,266,0,3,6,0,9,221,25,27,2,275,0,0,0,275
05/12/2020,MCO,FL,ASO,ES,Towers with Radar,185,19,17,0,221,0,2,6,0,8,185,21,23,0,229,0,0,0,229
05/13/2020,MCO,FL,ASO,ES,Towers with Radar,202,13,16,0,231,0,0,6,0,6,202,13,22,0,237,0,0,0,237
05/14/2020,MCO,FL,ASO,ES,Towers with Radar,223,26,19,2,270,0,2,11,0,13,223,28,30,2,283,0,0,0,283
05/15/2020,MCO,FL,ASO,ES,Towers with Radar,242,13,16,0,271,0,6,0,0,6,242,19,16,0,277,0,0,0,277
05/16/2020,MCO,FL,ASO,ES,Towers with Radar,188,10,13,0,211,0,0,3,0,3,188,10,16,0,214,0,0,0,214
05/17/2020,MCO,FL,ASO,ES,Towers with Radar,205,17,15,0,237,0,0,6,0,6,205,17,21,0,243,0,0,0,243
05/18/2020,MCO,FL,ASO,ES,Towers with Radar,225,20,27,0,272,0,0,6,0,6,225,20,33,0,278,0,0,0,278
05/19/2020,MCO,FL,ASO,ES,Towers with Radar,191,19,16,1,227,0,8,6,0,14,191,27,22,1,241,0,0,0,241
05/20/2020,MCO,FL,ASO,ES,Towers with Radar,212,22,12,3,249,0,2,2,3,7,212,24,14,6,256,0,0,0,256
05/21/2020,MCO,FL,ASO,ES,Towers with Radar,274,25,27,2,328,0,2,0,0,2,274,27,27,2,330,0,0,0,330
05/22/2020,MCO,FL,ASO,ES,Towers with Radar,267,17,20,1,305,0,1,4,3,8,267,18,24,4,313,0,0,0,313
05/23/2020,MCO,FL,ASO,ES,Towers with Radar,203,2,16,1,222,0,0,6,0,6,203,2,22,1,228,0,0,0,228
05/24/2020,MCO,FL,ASO,ES,Towers with Radar,230,13,8,0,251,0,0,0,0,0,230,13,8,0,251,0,0,0,251
05/25/2020,MCO,FL,ASO,ES,Towers with Radar,237,14,13,0,264,0,0,0,0,0,237,14,13,0,264,0,0,0,264
05/26/2020,MCO,FL,ASO,ES,Towers with Radar,177,14,25,0,216,0,2,4,0,6,177,16,29,0,222,0,0,0,222
05/27/2020,MCO,FL,ASO,ES,Towers with Radar,206,22,32,0,260,0,2,5,0,7,206,24,37,0,267,0,0,0,267
05/28/2020,MCO,FL,ASO,ES,Towers with Radar,254,17,28,0,299,0,0,2,0,2,254,17,30,0,301,0,0,0,301
05/29/2020,MCO,FL,ASO,ES,Towers with Radar,252,14,21,0,287,0,0,5,0,5,252,14,26,0,292,0,0,0,292
05/30/2020,MCO,FL,ASO,ES,Towers with Radar,188,20,13,0,221,0,0,1,0,1,188,20,14,0,222,0,0,0,222
05/31/2020,MCO,FL,ASO,ES,Towers with Radar,231,19,22,2,274,0,4,14,0,18,231,23,36,2,292,0,0,0,292
06/01/2020,MCO,FL,ASO,ES,Towers with Radar,251,25,14,2,292,0,2,6,0,8,251,27,20,2,300,0,0,0,300
06/02/2020,MCO,FL,ASO,ES,Towers with Radar,222,23,14,0,259,0,2,1,0,3,222,25,15,0,262,0,0,0,262
06/03/2020,MCO,FL,ASO,ES,Towers with Radar,237,21,15,0,273,0,0,0,0,0,237,21,15,0,273,0,0,0,273
06/04/2020,MCO,FL,ASO,ES,Towers with Radar,299,22,19,2,342,0,0,2,0,2,299,22,21,2,344,0,0,0,344
06/05/2020,MCO,FL,ASO,ES,Towers with Radar,312,19,20,0,351,0,2,2,0,4,312,21,22,0,355,0,0,0,355
06/06/2020,MCO,FL,ASO,ES,Towers with Radar,267,8,9,2,286,0,0,0,0,0,267,8,9,2,286,0,0,0,286
06/07/2020,MCO,FL,ASO,ES,Towers with Radar,331,11,8,2,352,0,0,0,0,0,331,11,8,2,352,0,0,0,352
06/08/2020,MCO,FL,ASO,ES,Towers with Radar,336,22,16,0,374,0,0,0,4,4,336,22,16,4,378,0,0,0,378
06/09/2020,MCO,FL,ASO,ES,Towers with Radar,311,15,27,0,353,0,0,2,0,2,311,15,29,0,355,0,0,0,355
06/10/2020,MCO,FL,ASO,ES,Towers with Radar,328,18,19,0,365,0,0,8,0,8,328,18,27,0,373,0,0,0,373
06/11/2020,MCO,FL,ASO,ES,Towers with Radar,394,17,25,2,438,0,4,6,0,10,394,21,31,2,448,0,0,0,448
06/12/2020,MCO,FL,ASO,ES,Towers with Radar,381,16,19,0,416,0,1,4,0,5,381,17,23,0,421,0,0,0,421
06/13/2020,MCO,FL,ASO,ES,Towers with Radar,339,13,12,0,364,0,2,5,0,7,339,15,17,0,371,0,0,0,371
06/14/2020,MCO,FL,ASO,ES,Towers with Radar,375,11,16,0,402,0,1,5,1,7,375,12,21,1,409,0,0,0,409
06/15/2020,MCO,FL,ASO,ES,Towers with Radar,365,24,19,0,408,0,6,5,0,11,365,30,24,0,419,0,0,0,419
06/16/2020,MCO,FL,ASO,ES,Towers with Radar,334,19,25,0,378,0,6,8,0,14,334,25,33,0,392,0,0,0,392
06/17/2020,MCO,FL,ASO,ES,Towers with Radar,337,23,32,0,392,0,7,3,0,10,337,30,35,0,402,0,0,0,402
06/18/2020,MCO,FL,ASO,ES,Towers with Radar,408,23,24,2,457,0,2,5,3,10,408,25,29,5,467,0,0,0,467
06/19/2020,MCO,FL,ASO,ES,Towers with Radar,404,21,25,0,450,0,1,3,0,4,404,22,28,0,454,0,0,0,454
06/20/2020,MCO,FL,ASO,ES,Towers with Radar,361,12,11,0,384,0,0,7,0,7,361,12,18,0,391,0,0,0,391
06/21/2020,MCO,FL,ASO,ES,Towers with Radar,394,12,21,0,427,0,0,0,0,0,394,12,21,0,427,0,0,0,427
06/22/2020,MCO,FL,ASO,ES,Towers with Radar,365,26,24,0,415,0,0,0,0,0,365,26,24,0,415,0,0,0,415
06/23/2020,MCO,FL,ASO,ES,Towers with Radar,385,26,22,0,433,0,2,9,0,11,385,28,31,0,444,0,0,0,444
06/24/2020,MCO,FL,ASO,ES,Towers with Radar,370,18,36,0,424,0,0,9,0,9,370,18,45,0,433,0,0,0,433
06/25/2020,MCO,FL,ASO,ES,Towers with Radar,439,25,28,0,492,0,6,10,0,16,439,31,38,0,508,0,0,0,508
06/26/2020,MCO,FL,ASO,ES,Towers with Radar,419,25,28,0,472,0,2,3,0,5,419,27,31,0,477,0,0,0,477
06/27/2020,MCO,FL,ASO,ES,Towers with Radar,397,9,4,0,410,0,0,3,0,3,397,9,7,0,413,0,0,0,413
06/28/2020,MCO,FL,ASO,ES,Towers with Radar,407,17,22,0,446,0,0,3,0,3,407,17,25,0,449,0,0,0,449
06/29/2020,MCO,FL,ASO,ES,Towers with Radar,410,18,20,2,450,0,0,2,0,2,410,18,22,2,452,0,0,0,452
06/30/2020,MCO,FL,ASO,ES,Towers with Radar,373,22,16,0,411,0,2,6,2,10,373,24,22,2,421,0,0,0,421
07/01/2020,MCO,FL,ASO,ES,Towers with Radar,450,24,27,0,501,0,6,5,0,11,450,30,32,0,512,0,0,0,512
07/02/2020,MCO,FL,ASO,ES,Towers with Radar,515,34,20,2,571,0,0,3,0,3,515,34,23,2,574,0,0,0,574
07/03/2020,MCO,FL,ASO,ES,Towers with Radar,492,26,15,0,533,0,0,2,0,2,492,26,17,0,535,0,0,0,535
07/04/2020,MCO,FL,ASO,ES,Towers with Radar,385,7,5,0,397,0,0,0,0,0,385,7,5,0,397,0,0,0,397
07/05/2020,MCO,FL,ASO,ES,Towers with Radar,509,16,25,0,550,0,0,2,0,2,509,16,27,0,552,0,0,0,552
07/06/2020,MCO,FL,ASO,ES,Towers with Radar,527,28,13,0,568,0,0,2,4,6,527,28,15,4,574,0,0,0,574
07/07/2020,MCO,FL,ASO,ES,Towers with Radar,516,26,11,1,554,0,0,4,0,4,516,26,15,1,558,0,0,0,558
07/08/2020,MCO,FL,ASO,ES,Towers with Radar,516,22,34,0,572,0,1,1,0,2,516,23,35,0,574,0,0,0,574
07/09/2020,MCO,FL,ASO,ES,Towers with Radar,566,28,10,2,606,0,2,4,0,6,566,30,14,2,612,0,0,0,612
07/10/2020,MCO,FL,ASO,ES,Towers with Radar,553,25,35,0,613,0,0,2,0,2,553,25,37,0,615,0,0,0,615
07/11/2020,MCO,FL,ASO,ES,Towers with Radar,534,12,14,0,560,0,0,2,0,2,534,12,16,0,562,0,0,0,562
07/12/2020,MCO,FL,ASO,ES,Towers with Radar,554,22,20,0,596,0,0,0,0,0,554,22,20,0,596,0,0,0,596
07/13/2020,MCO,FL,ASO,ES,Towers with Radar,547,26,16,0,589,0,2,7,0,9,547,28,23,0,598,0,0,0,598
07/14/2020,MCO,FL,ASO,ES,Towers with Radar,499,22,13,0,534,0,2,4,0,6,499,24,17,0,540,0,0,0,540
07/15/2020,MCO,FL,ASO,ES,Towers with Radar,503,20,22,0,545,0,0,4,0,4,503,20,26,0,549,0,0,0,549
07/16/2020,MCO,FL,ASO,ES,Towers with Radar,559,26,22,1,608,0,2,0,1,3,559,28,22,2,611,0,0,0,611
07/17/2020,MCO,FL,ASO,ES,Towers with Radar,563,27,28,0,618,0,0,3,0,3,563,27,31,0,621,0,0,0,621
07/18/2020,MCO,FL,ASO,ES,Towers with Radar,533,11,15,0,559,0,1,1,0,2,533,12,16,0,561,0,0,0,561
07/19/2020,MCO,FL,ASO,ES,Towers with Radar,535,16,24,0,575,0,0,0,0,0,535,16,24,0,575,0,0,0,575
07/20/2020,MCO,FL,ASO,ES,Towers with Radar,543,22,21,0,586,0,0,6,0,6,543,22,27,0,592,0,0,0,592
07/21/2020,MCO,FL,ASO,ES,Towers with Radar,490,21,15,0,526,0,2,1,0,3,490,23,16,0,529,0,0,0,529
07/22/2020,MCO,FL,ASO,ES,Towers with Radar,497,24,21,0,542,0,2,5,0,7,497,26,26,0,549,0,0,0,549
07/23/2020,MCO,FL,ASO,ES,Towers with Radar,553,27,15,0,595,0,0,1,0,1,553,27,16,0,596,0,0,0,596
07/24/2020,MCO,FL,ASO,ES,Towers with Radar,550,25,10,3,588,0,0,3,0,3,550,25,13,3,591,0,0,0,591
07/25/2020,MCO,FL,ASO,ES,Towers with Radar,514,19,13,0,546,0,0,6,0,6,514,19,19,0,552,0,0,0,552
07/26/2020,MCO,FL,ASO,ES,Towers with Radar,522,16,16,0,554,0,0,2,0,2,522,16,18,0,556,0,0,0,556
07/27/2020,MCO,FL,ASO,ES,Towers with Radar,523,31,25,0,579,0,0,1,0,1,523,31,26,0,580,0,0,0,580
07/28/2020,MCO,FL,ASO,ES,Towers with Radar,471,22,21,0,514,0,0,5,0,5,471,22,26,0,519,0,0,0,519
07/29/2020,MCO,FL,ASO,ES,Towers with Radar,466,25,21,0,512,0,0,1,0,1,466,25,22,0,513,0,0,0,513
07/30/2020,MCO,FL,ASO,ES,Towers with Radar,523,29,24,0,576,0,0,6,0,6,523,29,30,0,582,0,0,0,582
07/31/2020,MCO,FL,ASO,ES,Towers with Radar,541,31,24,0,596,0,1,3,8,12,541,32,27,8,608,0,0,0,608
08/01/2020,MCO,FL,ASO,ES,Towers with Radar,537,18,18,0,573,0,0,2,1,3,537,18,20,1,576,0,0,0,576
08/02/2020,MCO,FL,ASO,ES,Towers with Radar,505,16,15,0,536,0,0,0,1,1,505,16,15,1,537,0,0,0,537
08/03/2020,MCO,FL,ASO,ES,Towers with Radar,520,27,21,0,568,0,0,3,0,3,520,27,24,0,571,0,0,0,571
08/04/2020,MCO,FL,ASO,ES,Towers with Radar,429,21,12,0,462,0,0,7,2,9,429,21,19,2,471,0,0,0,471
08/05/2020,MCO,FL,ASO,ES,Towers with Radar,432,24,20,0,476,0,0,2,0,2,432,24,22,0,478,0,0,0,478
08/06/2020,MCO,FL,ASO,ES,Towers with Radar,503,25,14,0,542,0,1,12,1,14,503,26,26,1,556,0,0,0,556
08/07/2020,MCO,FL,ASO,ES,Towers with Radar,511,19,6,0,536,0,0,4,0,4,511,19,10,0,540,0,0,0,540
08/08/2020,MCO,FL,ASO,ES,Towers with Radar,473,13,12,0,498,0,1,6,0,7,473,14,18,0,505,0,0,0,505
08/09/2020,MCO,FL,ASO,ES,Towers with Radar,490,16,9,0,515,0,0,3,0,3,490,16,12,0,518,0,0,0,518
08/10/2020,MCO,FL,ASO,ES,Towers with Radar,466,27,18,0,511,0,0,3,0,3,466,27,21,0,514,0,0,0,514
08/11/2020,MCO,FL,ASO,ES,Towers with Radar,386,32,9,1,428,0,2,1,0,3,386,34,10,1,431,0,0,0,431
08/12/2020,MCO,FL,ASO,ES,Towers with Radar,400,22,18,2,442,0,6,8,0,14,400,28,26,2,456,0,0,0,456
08/13/2020,MCO,FL,ASO,ES,Towers with Radar,443,31,19,0,493,0,2,8,0,10,443,33,27,0,503,0,0,0,503
08/14/2020,MCO,FL,ASO,ES,Towers with Radar,460,25,9,0,494,0,2,6,0,8,460,27,15,0,502,0,0,0,502
08/15/2020,MCO,FL,ASO,ES,Towers with Radar,437,10,12,2,461,0,0,7,0,7,437,10,19,2,468,0,0,0,468
08/16/2020,MCO,FL,ASO,ES,Towers with Radar,463,12,27,0,502,0,0,1,0,1,463,12,28,0,503,0,0,0,503
08/17/2020,MCO,FL,ASO,ES,Towers with Radar,416,32,16,2,466,0,2,0,0,2,416,34,16,2,468,0,0,0,468
08/18/2020,MCO,FL,ASO,ES,Towers with Radar,378,21,14,0,413,0,2,2,0,4,378,23,16,0,417,0,0,0,417
08/19/2020,MCO,FL,ASO,ES,Towers with Radar,396,36,21,0,453,0,4,1,0,5,396,40,22,0,458,0,0,0,458
08/20/2020,MCO,FL,ASO,ES,Towers with Radar,453,28,18,0,499,0,2,4,4,10,453,30,22,4,509,0,0,0,509
08/21/2020,MCO,FL,ASO,ES,Towers with Radar,454,18,20,1,493,0,0,3,0,3,454,18,23,1,496,0,0,0,496
08/22/2020,MCO,FL,ASO,ES,Towers with Radar,434,9,25,2,470,0,0,0,0,0,434,9,25,2,470,0,0,0,470
08/23/2020,MCO,FL,ASO,ES,Towers with Radar,477,17,23,1,518,0,0,4,1,5,477,17,27,2,523,0,0,0,523
08/24/2020,MCO,FL,ASO,ES,Towers with Radar,435,32,23,0,490,0,0,3,0,3,435,32,26,0,493,0,0,0,493
08/25/2020,MCO,FL,ASO,ES,Towers with Radar,390,26,29,0,445,0,2,4,0,6,390,28,33,0,451,0,0,0,451
08/26/2020,MCO,FL,ASO,ES,Towers with Radar,383,23,36,0,442,0,0,1,0,1,383,23,37,0,443,0,0,0,443
08/27/2020,MCO,FL,ASO,ES,Towers with Radar,452,32,20,0,504,0,2,6,0,8,452,34,26,0,512,0,0,0,512
08/28/2020,MCO,FL,ASO,ES,Towers with Radar,456,31,27,0,514,0,0,6,0,6,456,31,33,0,520,0,0,0,520
08/29/2020,MCO,FL,ASO,ES,Towers with Radar,439,10,18,0,467,0,0,2,0,2,439,10,20,0,469,0,0,0,469
08/30/2020,MCO,FL,ASO,ES,Towers with Radar,459,20,34,0,513,0,0,4,0,4,459,20,38,0,517,0,0,0,517
08/31/2020,MCO,FL,ASO,ES,Towers with Radar,441,26,12,0,479,0,0,2,0,2,441,26,14,0,481,0,0,0,481
09/01/2020,MCO,FL,ASO,ES,Towers with Radar,381,26,24,0,431,0,1,7,0,8,381,27,31,0,439,0,0,0,439
09/02/2020,MCO,FL,ASO,ES,Towers with Radar,395,28,24,0,447,0,2,6,0,8,395,30,30,0,455,0,0,0,455
09/03/2020,MCO,FL,ASO,ES,Towers with Radar,475,28,26,0,529,0,0,4,0,4,475,28,30,0,533,0,0,0,533
09/04/2020,MCO,FL,ASO,ES,Towers with Radar,478,26,27,0,531,0,0,9,0,9,478,26,36,0,540,0,0,0,540
09/05/2020,MCO,FL,ASO,ES,Towers with Radar,416,8,14,0,438,0,0,3,0,3,416,8,17,0,441,0,0,0,441
09/06/2020,MCO,FL,ASO,ES,Towers with Radar,400,12,10,0,422,0,5,0,0,5,400,17,10,0,427,0,0,0,427
09/07/2020,MCO,FL,ASO,ES,Towers with Radar,414,23,20,0,457,0,0,0,2,2,414,23,20,2,459,0,0,0,459
09/08/2020,MCO,FL,ASO,ES,Towers with Radar,337,17,18,0,372,0,0,2,0,2,337,17,20,0,374,0,0,0,374
09/09/2020,MCO,FL,ASO,ES,Towers with Radar,335,29,20,0,384,0,0,0,0,0,335,29,20,0,384,0,0,0,384
09/10/2020,MCO,FL,ASO,ES,Towers with Radar,405,44,38,0,487,0,4,2,0,6,405,48,40,0,493,0,0,0,493
09/11/2020,MCO,FL,ASO,ES,Towers with Radar,411,26,10,0,447,0,2,2,0,4,411,28,12,0,451,0,0,0,451
09/12/2020,MCO,FL,ASO,ES,Towers with Radar,360,12,16,0,388,0,2,0,0,2,360,14,16,0,390,0,0,0,390
09/13/2020,MCO,FL,ASO,ES,Towers with Radar,394,15,28,0,437,0,0,2,0,2,394,15,30,0,439,0,0,0,439
09/14/2020,MCO,FL,ASO,ES,Towers with Radar,381,27,17,0,425,0,1,5,1,7,381,28,22,1,432,0,0,0,432
09/15/2020,MCO,FL,ASO,ES,Towers with Radar,238,22,7,0,267,0,0,2,2,4,238,22,9,2,271,0,0,0,271
09/16/2020,MCO,FL,ASO,ES,Towers with Radar,321,30,24,0,375,0,0,3,0,3,321,30,27,0,378,0,0,0,378
09/17/2020,MCO,FL,ASO,ES,Towers with Radar,405,28,17,1,451,0,0,7,0,7,405,28,24,1,458,0,0,0,458
09/18/2020,MCO,FL,ASO,ES,Towers with Radar,418,31,16,1,466,0,2,8,0,10,418,33,24,1,476,0,0,0,476
09/19/2020,MCO,FL,ASO,ES,Towers with Radar,369,5,16,0,390,0,0,7,0,7,369,5,23,0,397,0,0,0,397
09/20/2020,MCO,FL,ASO,ES,Towers with Radar,400,14,16,1,431,0,0,1,0,1,400,14,17,1,432,0,0,0,432
09/21/2020,MCO,FL,ASO,ES,Towers with Radar,391,23,26,0,440,0,4,4,0,8,391,27,30,0,448,0,0,0,448
09/22/2020,MCO,FL,ASO,ES,Towers with Radar,312,31,19,0,362,0,5,3,0,8,312,36,22,0,370,0,0,0,370
09/23/2020,MCO,FL,ASO,ES,Towers with Radar,335,31,28,0,394,0,0,4,0,4,335,31,32,0,398,0,0,0,398
09/24/2020,MCO,FL,ASO,ES,Towers with Radar,416,30,26,2,474,0,4,6,0,10,416,34,32,2,484,0,0,0,484
09/25/2020,MCO,FL,ASO,ES,Towers with Radar,422,27,17,0,466,0,0,4,0,4,422,27,21,0,470,0,0,0,470
09/26/2020,MCO,FL,ASO,ES,Towers with Radar,363,19,19,0,401,0,0,2,0,2,363,19,21,0,403,0,0,0,403
09/27/2020,MCO,FL,ASO,ES,Towers with Radar,412,12,19,0,443,0,0,5,0,5,412,12,24,0,448,0,0,0,448
09/28/2020,MCO,FL,ASO,ES,Towers with Radar,402,30,22,0,454,0,0,2,0,2,402,30,24,0,456,0,0,0,456
09/29/2020,MCO,FL,ASO,ES,Towers with Radar,313,23,20,0,356,0,0,2,0,2,313,23,22,0,358,0,0,0,358
09/30/2020,MCO,FL,ASO,ES,Towers with Radar,336,33,29,0,398,0,6,4,1,11,336,39,33,1,409,0,0,0,409
10/01/2020,MCO,FL,ASO,ES,Towers with Radar,447,38,36,0,521,0,2,4,0,6,447,40,40,0,527,0,0,0,527
10/02/2020,MCO,FL,ASO,ES,Towers with Radar,454,29,20,0,503,0,1,7,0,8,454,30,27,0,511,0,0,0,511
10/03/2020,MCO,FL,ASO,ES,Towers with Radar,387,12,10,0,409,0,0,2,0,2,387,12,12,0,411,0,0,0,411
10/04/2020,MCO,FL,ASO,ES,Towers with Radar,446,30,22,0,498,0,0,1,0,1,446,30,23,0,499,0,0,0,499
10/05/2020,MCO,FL,ASO,ES,Towers with Radar,448,27,19,0,494,0,0,3,5,8,448,27,22,5,502,0,0,0,502
10/06/2020,MCO,FL,ASO,ES,Towers with Radar,332,26,17,0,375,0,2,2,0,4,332,28,19,0,379,0,0,0,379
10/07/2020,MCO,FL,ASO,ES,Towers with Radar,397,27,35,1,460,0,3,1,0,4,397,30,36,1,464,0,0,0,464
10/08/2020,MCO,FL,ASO,ES,Towers with Radar,530,30,30,3,593,0,0,1,2,3,530,30,31,5,596,0,0,0,596
10/09/2020,MCO,FL,ASO,ES,Towers with Radar,545,30,26,2,603,0,2,5,0,7,545,32,31,2,610,0,0,0,610
10/10/2020,MCO,FL,ASO,ES,Towers with Radar,492,11,21,3,527,0,0,5,0,5,492,11,26,3,532,0,0,0,532
10/11/2020,MCO,FL,ASO,ES,Towers with Radar,525,21,32,1,579,0,0,2,0,2,525,21,34,1,581,0,0,0,581
10/12/2020,MCO,FL,ASO,ES,Towers with Radar,533,34,29,0,596,0,0,5,0,5,533,34,34,0,601,0,0,0,601
10/13/2020,MCO,FL,ASO,ES,Towers with Radar,391,31,16,0,438,0,2,4,0,6,391,33,20,0,444,0,0,0,444
10/14/2020,MCO,FL,ASO,ES,Towers with Radar,418,30,19,0,467,0,2,1,0,3,418,32,20,0,470,0,0,0,470
10/15/2020,MCO,FL,ASO,ES,Towers with Radar,522,44,28,0,594,0,2,4,0,6,522,46,32,0,600,0,0,0,600
10/16/2020,MCO,FL,ASO,ES,Towers with Radar,550,40,23,1,614,0,0,22,1,23,550,40,45,2,637,0,0,0,637
10/17/2020,MCO,FL,ASO,ES,Towers with Radar,496,16,16,0,528,0,2,7,0,9,496,18,23,0,537,0,0,0,537
10/18/2020,MCO,FL,ASO,ES,Towers with Radar,555,27,23,1,606,0,3,1,1,5,555,30,24,2,611,0,0,0,611
10/19/2020,MCO,FL,ASO,ES,Towers with Radar,513,27,19,0,559,0,2,1,1,4,513,29,20,1,563,0,0,0,563
10/20/2020,MCO,FL,ASO,ES,Towers with Radar,390,22,28,1,441,0,1,2,0,3,390,23,30,1,444,0,0,0,444
10/21/2020,MCO,FL,ASO,ES,Towers with Radar,409,33,24,1,467,0,2,9,0,11,409,35,33,1,478,0,0,0,478
10/22/2020,MCO,FL,ASO,ES,Towers with Radar,535,27,29,0,591,0,0,8,0,8,535,27,37,0,599,0,0,0,599
10/23/2020,MCO,FL,ASO,ES,Towers with Radar,532,33,21,0,586,0,0,0,0,0,532,33,21,0,586,0,0,0,586
10/24/2020,MCO,FL,ASO,ES,Towers with Radar,474,13,23,0,510,0,1,6,0,7,474,14,29,0,517,0,0,0,517
10/25/2020,MCO,FL,ASO,ES,Towers with Radar,527,33,32,0,592,0,0,3,0,3,527,33,35,0,595,0,0,0,595
10/26/2020,MCO,FL,ASO,ES,Towers with Radar,511,27,11,0,549,0,0,0,1,1,511,27,11,1,550,0,0,0,550
10/27/2020,MCO,FL,ASO,ES,Towers with Radar,403,23,24,0,450,0,0,4,0,4,403,23,28,0,454,0,0,0,454
10/28/2020,MCO,FL,ASO,ES,Towers with Radar,424,39,31,2,496,0,2,4,0,6,424,41,35,2,502,0,0,0,502
10/29/2020,MCO,FL,ASO,ES,Towers with Radar,542,42,17,0,601,0,0,2,0,2,542,42,19,0,603,0,0,0,603
10/30/2020,MCO,FL,ASO,ES,Towers with Radar,549,34,32,0,615,0,2,8,0,10,549,36,40,0,625,0,0,0,625
10/31/2020,MCO,FL,ASO,ES,Towers with Radar,412,26,20,0,458,0,0,2,0,2,412,26,22,0,460,0,0,0,460
11/01/2020,MCO,FL,ASO,ES,Towers with Radar,536,28,19,0,583,0,2,3,0,5,536,30,22,0,588,0,0,0,588
11/02/2020,MCO,FL,ASO,ES,Towers with Radar,512,28,10,0,550,0,2,1,0,3,512,30,11,0,553,0,0,0,553
11/03/2020,MCO,FL,ASO,ES,Towers with Radar,385,20,17,0,422,0,0,0,0,0,385,20,17,0,422,0,0,0,422
11/04/2020,MCO,FL,ASO,ES,Towers with Radar,428,36,20,0,484,0,2,3,0,5,428,38,23,0,489,0,0,0,489
11/05/2020,MCO,FL,ASO,ES,Towers with Radar,582,26,29,0,637,0,4,7,0,11,582,30,36,0,648,0,0,0,648
11/06/2020,MCO,FL,ASO,ES,Towers with Radar,614,32,18,0,664,0,0,6,0,6,614,32,24,0,670,0,0,0,670
11/07/2020,MCO,FL,ASO,ES,Towers with Radar,553,28,22,0,603,0,0,3,0,3,553,28,25,0,606,0,0,0,606
11/08/2020,MCO,FL,ASO,ES,Towers with Radar,609,32,24,0,665,0,0,0,0,0,609,32,24,0,665,0,0,0,665
11/09/2020,MCO,FL,ASO,ES,Towers with Radar,596,28,28,0,652,0,0,0,0,0,596,28,28,0,652,0,0,0,652
11/10/2020,MCO,FL,ASO,ES,Towers with Radar,423,21,21,0,465,0,0,0,0,0,423,21,21,0,465,0,0,0,465
11/11/2020,MCO,FL,ASO,ES,Towers with Radar,461,36,31,0,528,0,0,2,0,2,461,36,33,0,530,0,0,0,530
11/12/2020,MCO,FL,ASO,ES,Towers with Radar,621,33,8,0,662,0,1,4,0,5,621,34,12,0,667,0,0,0,667
11/13/2020,MCO,FL,ASO,ES,Towers with Radar,627,34,30,2,693,0,0,2,0,2,627,34,32,2,695,0,0,0,695
11/14/2020,MCO,FL,ASO,ES,Towers with Radar,574,15,13,0,602,0,0,5,0,5,574,15,18,0,607,0,0,0,607
11/15/2020,MCO,FL,ASO,ES,Towers with Radar,620,25,23,2,670,0,0,2,0,2,620,25,25,2,672,0,0,0,672
11/16/2020,MCO,FL,ASO,ES,Towers with Radar,589,24,27,0,640,0,0,1,0,1,589,24,28,0,641,0,0,0,641
11/17/2020,MCO,FL,ASO,ES,Towers with Radar,415,24,24,0,463,0,0,11,0,11,415,24,35,0,474,0,0,0,474
11/18/2020,MCO,FL,ASO,ES,Towers with Radar,476,36,25,0,537,0,2,5,0,7,476,38,30,0,544,0,0,0,544
11/19/2020,MCO,FL,ASO,ES,Towers with Radar,658,33,39,0,730,0,0,2,0,2,658,33,41,0,732,0,0,0,732
11/20/2020,MCO,FL,ASO,ES,Towers with Radar,709,34,42,1,786,0,4,5,13,22,709,38,47,14,808,0,0,0,808
11/21/2020,MCO,FL,ASO,ES,Towers with Radar,754,19,30,0,803,0,1,4,0,5,754,20,34,0,808,0,0,0,808
11/22/2020,MCO,FL,ASO,ES,Towers with Radar,692,29,29,13,763,0,1,0,1,2,692,30,29,14,765,0,0,0,765
11/23/2020,MCO,FL,ASO,ES,Towers with Radar,685,29,25,0,739,0,2,15,1,18,685,31,40,1,757,0,0,0,757
11/24/2020,MCO,FL,ASO,ES,Towers with Radar,688,33,31,0,752,0,4,13,0,17,688,37,44,0,769,0,0,0,769
11/25/2020,MCO,FL,ASO,ES,Towers with Radar,706,27,30,0,763,0,2,9,0,11,706,29,39,0,774,0,0,0,774
11/26/2020,MCO,FL,ASO,ES,Towers with Radar,436,17,9,0,462,0,0,1,0,1,436,17,10,0,463,0,0,0,463
11/27/2020,MCO,FL,ASO,ES,Towers with Radar,637,25,15,0,677,0,1,2,0,3,637,26,17,0,680,0,0,0,680
11/28/2020,MCO,FL,ASO,ES,Towers with Radar,765,16,20,0,801,0,0,5,0,5,765,16,25,0,806,0,0,0,806
11/29/2020,MCO,FL,ASO,ES,Towers with Radar,755,32,40,0,827,0,0,6,0,6,755,32,46,0,833,0,0,0,833
11/30/2020,MCO,FL,ASO,ES,Towers with Radar,710,28,28,0,766,0,0,2,0,2,710,28,30,0,768,0,0,0,768
12/01/2020,MCO,FL,ASO,ES,Towers with Radar,636,14,16,0,666,0,4,0,0,4,636,18,16,0,670,0,0,0,670
12/02/2020,MCO,FL,ASO,ES,Towers with Radar,480,28,42,0,550,0,0,0,2,2,480,28,42,2,552,0,0,0,552
12/03/2020,MCO,FL,ASO,ES,Towers with Radar,561,36,37,4,638,0,0,2,0,2,561,36,39,4,640,0,0,0,640
12/04/2020,MCO,FL,ASO,ES,Towers with Radar,560,31,24,0,615,0,0,4,4,8,560,31,28,4,623,0,0,0,623
12/05/2020,MCO,FL,ASO,ES,Towers with Radar,554,16,12,0,582,0,1,4,0,5,554,17,16,0,587,0,0,0,587
12/06/2020,MCO,FL,ASO,ES,Towers with Radar,554,20,25,0,599,0,0,5,0,5,554,20,30,0,604,0,0,0,604
12/07/2020,MCO,FL,ASO,ES,Towers with Radar,538,28,24,0,590,0,0,1,0,1,538,28,25,0,591,0,0,0,591
12/08/2020,MCO,FL,ASO,ES,Towers with Radar,449,29,25,1,504,0,4,3,3,10,449,33,28,4,514,0,0,0,514
12/09/2020,MCO,FL,ASO,ES,Towers with Radar,475,35,37,3,550,0,1,6,0,7,475,36,43,3,557,0,0,0,557
12/10/2020,MCO,FL,ASO,ES,Towers with Radar,575,36,34,0,645,0,0,9,0,9,575,36,43,0,654,0,0,0,654
12/11/2020,MCO,FL,ASO,ES,Towers with Radar,565,39,16,0,620,0,6,5,0,11,565,45,21,0,631,0,0,0,631
12/12/2020,MCO,FL,ASO,ES,Towers with Radar,557,20,21,0,598,0,0,4,0,4,557,20,25,0,602,0,0,0,602
12/13/2020,MCO,FL,ASO,ES,Towers with Radar,562,22,27,0,611,0,0,0,0,0,562,22,27,0,611,0,0,0,611
12/14/2020,MCO,FL,ASO,ES,Towers with Radar,545,27,23,0,595,0,0,1,2,3,545,27,24,2,598,0,0,0,598
12/15/2020,MCO,FL,ASO,ES,Towers with Radar,462,31,31,0,524,0,1,5,0,6,462,32,36,0,530,0,0,0,530
12/16/2020,MCO,FL,ASO,ES,Towers with Radar,504,32,28,0,564,0,0,1,0,1,504,32,29,0,565,0,0,0,565
12/17/2020,MCO,FL,ASO,ES,Towers with Radar,697,39,39,0,775,0,2,5,0,7,697,41,44,0,782,0,0,0,782
12/18/2020,MCO,FL,ASO,ES,Towers with Radar,780,39,35,0,854,0,0,6,2,8,780,39,41,2,862,0,0,0,862
12/19/2020,MCO,FL,ASO,ES,Towers with Radar,855,23,27,2,907,0,2,1,0,3,855,25,28,2,910,0,0,0,910
12/20/2020,MCO,FL,ASO,ES,Towers with Radar,765,37,28,0,830,0,0,0,0,0,765,37,28,0,830,0,0,0,830
12/21/2020,MCO,FL,ASO,ES,Towers with Radar,739,27,16,0,782,0,0,4,0,4,739,27,20,0,786,0,0,0,786
12/22/2020,MCO,FL,ASO,ES,Towers with Radar,775,39,22,0,836,0,2,4,1,7,775,41,26,1,843,0,0,0,843
12/23/2020,MCO,FL,ASO,ES,Towers with Radar,824,35,42,0,901,0,0,4,0,4,824,35,46,0,905,0,0,0,905
12/24/2020,MCO,FL,ASO,ES,Towers with Radar,592,43,11,2,648,0,0,4,0,4,592,43,15,2,652,0,0,0,652
12/25/2020,MCO,FL,ASO,ES,Towers with Radar,518,23,11,0,552,0,0,0,0,0,518,23,11,0,552,0,0,0,552
12/26/2020,MCO,FL,ASO,ES,Towers with Radar,817,16,47,1,881,0,6,1,1,8,817,22,48,2,889,0,0,0,889
12/27/2020,MCO,FL,ASO,ES,Towers with Radar,781,32,52,0,865,0,0,10,0,10,781,32,62,0,875,0,0,0,875
12/28/2020,MCO,FL,ASO,ES,Towers with Radar,732,44,29,0,805,0,0,5,0,5,732,44,34,0,810,0,0,0,810
12/29/2020,MCO,FL,ASO,ES,Towers with Radar,743,43,26,0,812,0,8,10,0,18,743,51,36,0,830,0,0,0,830
12/30/2020,MCO,FL,ASO,ES,Towers with Radar,776,38,32,0,846,0,0,0,0,0,776,38,32,0,846,0,0,0,846
12/31/2020,MCO,FL,ASO,ES,Towers with Radar,571,31,19,1,622,0,4,8,0,12,571,35,27,1,634,0,0,0,634
01/01/2021,MCO,FL,ASO,ES,Towers with Radar,551,22,11,0,584,0,1,3,0,4,551,23,14,0,588,0,0,0,588
01/02/2021,MCO,FL,ASO,ES,Towers with Radar,833,25,35,0,893,0,0,2,0,2,833,25,37,0,895,0,0,0,895
01/03/2021,MCO,FL,ASO,ES,Towers with Radar,788,34,58,0,880,0,0,3,0,3,788,34,61,0,883,0,0,0,883
01/04/2021,MCO,FL,ASO,ES,Towers with Radar,729,46,34,0,809,0,0,3,0,3,729,46,37,0,812,0,0,0,812
01/05/2021,MCO,FL,ASO,ES,Towers with Radar,637,23,21,0,681,0,0,0,0,0,637,23,21,0,681,0,0,0,681
01/06/2021,MCO,FL,ASO,ES,Towers with Radar,540,21,29,0,590,0,1,4,4,9,540,22,33,4,599,0,0,0,599
01/07/2021,MCO,FL,ASO,ES,Towers with Radar,608,34,29,0,671,0,0,5,0,5,608,34,34,0,676,0,0,0,676
01/08/2021,MCO,FL,ASO,ES,Towers with Radar,592,26,25,1,644,0,0,3,0,3,592,26,28,1,647,0,0,0,647
01/09/2021,MCO,FL,ASO,ES,Towers with Radar,584,19,22,0,625,0,0,2,0,2,584,19,24,0,627,0,0,0,627
01/10/2021,MCO,FL,ASO,ES,Towers with Radar,593,35,22,0,650,0,0,2,1,3,593,35,24,1,653,0,0,0,653
01/11/2021,MCO,FL,ASO,ES,Towers with Radar,556,20,21,0,597,0,4,4,0,8,556,24,25,0,605,0,0,0,605
01/12/2021,MCO,FL,ASO,ES,Towers with Radar,460,23,21,0,504,0,0,4,0,4,460,23,25,0,508,0,0,0,508
01/13/2021,MCO,FL,ASO,ES,Towers with Radar,454,26,34,0,514,0,0,13,0,13,454,26,47,0,527,0,0,0,527
01/14/2021,MCO,FL,ASO,ES,Towers with Radar,615,44,24,0,683,0,0,3,2,5,615,44,27,2,688,0,0,0,688
01/15/2021,MCO,FL,ASO,ES,Towers with Radar,603,30,27,1,661,0,0,3,0,3,603,30,30,1,664,0,0,0,664
01/16/2021,MCO,FL,ASO,ES,Towers with Radar,578,23,18,1,620,0,5,4,0,9,578,28,22,1,629,0,0,0,629
01/17/2021,MCO,FL,ASO,ES,Towers with Radar,578,19,27,0,624,0,3,2,0,5,578,22,29,0,629,0,0,0,629
01/18/2021,MCO,FL,ASO,ES,Towers with Radar,576,26,25,0,627,0,1,4,0,5,576,27,29,0,632,0,0,0,632
01/19/2021,MCO,FL,ASO,ES,Towers with Radar,451,23,28,0,502,0,6,0,1,7,451,29,28,1,509,0,0,0,509
01/20/2021,MCO,FL,ASO,ES,Towers with Radar,449,19,38,0,506,0,1,5,0,6,449,20,43,0,512,0,0,0,512
01/21/2021,MCO,FL,ASO,ES,Towers with Radar,611,31,37,0,679,0,0,8,0,8,611,31,45,0,687,0,0,0,687
01/22/2021,MCO,FL,ASO,ES,Towers with Radar,590,24,34,0,648,0,3,7,0,10,590,27,41,0,658,0,0,0,658
01/23/2021,MCO,FL,ASO,ES,Towers with Radar,566,9,15,0,590,0,0,0,0,0,566,9,15,0,590,0,0,0,590
01/24/2021,MCO,FL,ASO,ES,Towers with Radar,583,33,16,0,632,0,0,3,0,3,583,33,19,0,635,0,0,0,635
01/25/2021,MCO,FL,ASO,ES,Towers with Radar,566,16,19,0,601,0,0,3,0,3,566,16,22,0,604,0,0,0,604
01/26/2021,MCO,FL,ASO,ES,Towers with Radar,458,18,23,0,499,0,0,3,0,3,458,18,26,0,502,0,0,0,502
01/27/2021,MCO,FL,ASO,ES,Towers with Radar,458,22,30,0,510,0,0,5,0,5,458,22,35,0,515,0,0,0,515
01/28/2021,MCO,FL,ASO,ES,Towers with Radar,602,24,31,0,657,0,7,2,0,9,602,31,33,0,666,0,0,0,666
01/29/2021,MCO,FL,ASO,ES,Towers with Radar,594,25,25,0,644,0,2,4,0,6,594,27,29,0,650,0,0,0,650
01/30/2021,MCO,FL,ASO,ES,Towers with Radar,575,19,17,0,611,0,0,2,0,2,575,19,19,0,613,0,0,0,613
01/31/2021,MCO,FL,ASO,ES,Towers with Radar,565,32,30,0,627,0,0,0,0,0,565,32,30,0,627,0,0,0,627
02/01/2021,MCO,FL,ASO,ES,Towers with Radar,492,12,23,0,527,0,1,3,0,4,492,13,26,0,531,0,0,0,531
02/02/2021,MCO,FL,ASO,ES,Towers with Radar,452,14,26,0,492,0,1,9,0,10,452,15,35,0,502,0,0,0,502
02/03/2021,MCO,FL,ASO,ES,Towers with Radar,442,22,27,4,495,0,4,9,0,13,442,26,36,4,508,0,0,0,508
02/04/2021,MCO,FL,ASO,ES,Towers with Radar,598,27,33,0,658,0,2,8,0,10,598,29,41,0,668,0,0,0,668
02/05/2021,MCO,FL,ASO,ES,Towers with Radar,614,25,21,0,660,0,0,7,4,11,614,25,28,4,671,0,0,0,671
02/06/2021,MCO,FL,ASO,ES,Towers with Radar,578,14,25,0,617,0,0,2,0,2,578,14,27,0,619,0,0,0,619
02/07/2021,MCO,FL,ASO,ES,Towers with Radar,590,18,28,0,636,0,0,0,0,0,590,18,28,0,636,0,0,0,636
02/08/2021,MCO,FL,ASO,ES,Towers with Radar,582,34,26,0,642,0,0,5,0,5,582,34,31,0,647,0,0,0,647
02/09/2021,MCO,FL,ASO,ES,Towers with Radar,466,20,28,0,514,0,0,3,0,3,466,20,31,0,517,0,0,0,517
02/10/2021,MCO,FL,ASO,ES,Towers with Radar,490,40,28,0,558,0,0,3,1,4,490,40,31,1,562,0,0,0,562
02/11/2021,MCO,FL,ASO,ES,Towers with Radar,663,43,29,0,735,0,0,5,0,5,663,43,34,0,740,0,0,0,740
02/12/2021,MCO,FL,ASO,ES,Towers with Radar,682,38,26,1,747,0,0,0,0,0,682,38,26,1,747,0,0,0,747
02/13/2021,MCO,FL,ASO,ES,Towers with Radar,679,16,29,0,724,0,0,0,0,0,679,16,29,0,724,0,0,0,724
02/14/2021,MCO,FL,ASO,ES,Towers with Radar,598,31,23,0,652,0,0,0,0,0,598,31,23,0,652,0,0,0,652
02/15/2021,MCO,FL,ASO,ES,Towers with Radar,582,35,30,0,647,0,2,7,0,9,582,37,37,0,656,0,0,0,656
02/16/2021,MCO,FL,ASO,ES,Towers with Radar,508,36,32,0,576,0,0,0,0,0,508,36,32,0,576,0,0,0,576
02/17/2021,MCO,FL,ASO,ES,Towers with Radar,503,32,32,0,567,0,0,1,0,1,503,32,33,0,568,0,0,0,568
02/18/2021,MCO,FL,ASO,ES,Towers with Radar,582,32,35,0,649,0,2,6,0,8,582,34,41,0,657,0,0,0,657
02/19/2021,MCO,FL,ASO,ES,Towers with Radar,657,33,38,1,729,0,2,2,0,4,657,35,40,1,733,0,0,0,733
02/20/2021,MCO,FL,ASO,ES,Towers with Radar,685,24,33,1,743,0,0,1,0,1,685,24,34,1,744,0,0,0,744
02/21/2021,MCO,FL,ASO,ES,Towers with Radar,639,28,31,0,698,0,0,4,0,4,639,28,35,0,702,0,0,0,702
02/22/2021,MCO,FL,ASO,ES,Towers with Radar,628,28,35,0,691,0,2,7,0,9,628,30,42,0,700,0,0,0,700
02/23/2021,MCO,FL,ASO,ES,Towers with Radar,546,22,44,0,612,0,4,7,0,11,546,26,51,0,623,0,0,0,623
02/24/2021,MCO,FL,ASO,ES,Towers with Radar,538,38,37,0,613,0,2,14,0,16,538,40,51,0,629,0,0,0,629
02/25/2021,MCO,FL,ASO,ES,Towers with Radar,656,41,31,0,728,0,0,2,0,2,656,41,33,0,730,0,0,0,730
02/26/2021,MCO,FL,ASO,ES,Towers with Radar,653,42,25,0,720,0,0,10,0,10,653,42,35,0,730,0,0,0,730
02/27/2021,MCO,FL,ASO,ES,Towers with Radar,682,14,24,1,721,0,0,8,0,8,682,14,32,1,729,0,0,0,729
02/28/2021,MCO,FL,ASO,ES,Towers with Radar,644,28,40,0,712,0,0,2,0,2,644,28,42,0,714,0,0,0,714
03/01/2021,MCO,FL,ASO,ES,Towers with Radar,631,30,35,1,697,0,2,5,0,7,631,32,40,1,704,0,0,0,704
03/02/2021,MCO,FL,ASO,ES,Towers with Radar,563,23,30,0,616,0,0,6,0,6,563,23,36,0,622,0,0,0,622
03/03/2021,MCO,FL,ASO,ES,Towers with Radar,548,32,42,0,622,0,3,12,0,15,548,35,54,0,637,0,0,0,637
03/04/2021,MCO,FL,ASO,ES,Towers with Radar,684,42,40,0,766,0,0,4,0,4,684,42,44,0,770,0,0,0,770
03/05/2021,MCO,FL,ASO,ES,Towers with Radar,671,26,42,5,744,0,1,10,1,12,671,27,52,6,756,0,0,0,756
03/06/2021,MCO,FL,ASO,ES,Towers with Radar,713,27,20,0,760,0,0,0,0,0,713,27,20,0,760,0,0,0,760
03/07/2021,MCO,FL,ASO,ES,Towers with Radar,762,29,31,5,827,0,0,3,1,4,762,29,34,6,831,0,0,0,831
03/08/2021,MCO,FL,ASO,ES,Towers with Radar,778,30,29,0,837,0,2,4,1,7,778,32,33,1,844,0,0,0,844
03/09/2021,MCO,FL,ASO,ES,Towers with Radar,637,29,17,0,683,0,2,5,0,7,637,31,22,0,690,0,0,0,690
03/10/2021,MCO,FL,ASO,ES,Towers with Radar,651,22,42,0,715,0,0,9,0,9,651,22,51,0,724,0,0,0,724
03/11/2021,MCO,FL,ASO,ES,Towers with Radar,825,33,42,2,902,0,6,9,0,15,825,39,51,2,917,0,0,0,917
03/12/2021,MCO,FL,ASO,ES,Towers with Radar,812,43,37,0,892,0,0,9,0,9,812,43,46,0,901,0,0,0,901
03/13/2021,MCO,FL,ASO,ES,Towers with Radar,882,28,34,0,944,0,4,6,0,10,882,32,40,0,954,0,0,0,954
03/14/2021,MCO,FL,ASO,ES,Towers with Radar,774,40,24,0,838,0,1,7,0,8,774,41,31,0,846,0,0,0,846
03/15/2021,MCO,FL,ASO,ES,Towers with Radar,779,28,40,0,847,0,0,2,0,2,779,28,42,0,849,0,0,0,849
03/16/2021,MCO,FL,ASO,ES,Towers with Radar,761,32,36,30,859,0,0,0,0,0,761,32,36,30,859,0,0,0,859
03/17/2021,MCO,FL,ASO,ES,Towers with Radar,746,40,35,2,823,0,0,15,0,15,746,40,50,2,838,0,0,0,838
03/18/2021,MCO,FL,ASO,ES,Towers with Radar,846,39,33,0,918,0,0,2,0,2,846,39,35,0,920,0,0,0,920
03/19/2021,MCO,FL,ASO,ES,Towers with Radar,836,40,45,29,950,0,0,6,0,6,836,40,51,29,956,0,0,0,956
03/20/2021,MCO,FL,ASO,ES,Towers with Radar,904,28,45,0,977,0,0,0,0,0,904,28,45,0,977,0,0,0,977
03/21/2021,MCO,FL,ASO,ES,Towers with Radar,824,46,33,0,903,0,0,0,0,0,824,46,33,0,903,0,0,0,903
03/22/2021,MCO,FL,ASO,ES,Towers with Radar,806,30,25,0,861,0,0,0,0,0,806,30,25,0,861,0,0,0,861
03/23/2021,MCO,FL,ASO,ES,Towers with Radar,764,22,42,0,828,0,0,8,0,8,764,22,50,0,836,0,0,0,836
03/24/2021,MCO,FL,ASO,ES,Towers with Radar,771,39,37,9,856,0,0,9,2,11,771,39,46,11,867,0,0,0,867
03/25/2021,MCO,FL,ASO,ES,Towers with Radar,846,49,45,0,940,0,2,2,0,4,846,51,47,0,944,0,0,0,944
03/26/2021,MCO,FL,ASO,ES,Towers with Radar,858,40,49,9,956,0,2,6,0,8,858,42,55,9,964,0,0,0,964
03/27/2021,MCO,FL,ASO,ES,Towers with Radar,916,25,47,0,988,0,0,4,0,4,916,25,51,0,992,0,0,0,992
03/28/2021,MCO,FL,ASO,ES,Towers with Radar,819,31,52,0,902,0,0,4,0,4,819,31,56,0,906,0,0,0,906
03/29/2021,MCO,FL,ASO,ES,Towers with Radar,818,38,29,2,887,0,2,2,0,4,818,40,31,2,891,0,0,0,891
03/30/2021,MCO,FL,ASO,ES,Towers with Radar,756,26,34,0,816,0,0,3,0,3,756,26,37,0,819,0,0,0,819
03/31/2021,MCO,FL,ASO,ES,Towers with Radar,755,39,33,0,827,0,0,4,0,4,755,39,37,0,831,0,0,0,831
04/01/2021,MCO,FL,ASO,ES,Towers with Radar,838,44,51,0,933,0,0,1,0,1,838,44,52,0,934,0,0,0,934
04/02/2021,MCO,FL,ASO,ES,Towers with Radar,843,45,29,0,917,0,0,2,0,2,843,45,31,0,919,0,0,0,919
04/03/2021,MCO,FL,ASO,ES,Towers with Radar,924,37,34,0,995,0,0,9,0,9,924,37,43,0,1004,0,0,0,1004
04/04/2021,MCO,FL,ASO,ES,Towers with Radar,821,50,13,0,884,0,0,6,0,6,821,50,19,0,890,0,0,0,890
04/05/2021,MCO,FL,ASO,ES,Towers with Radar,840,53,52,0,945,0,0,6,0,6,840,53,58,0,951,0,0,0,951
04/06/2021,MCO,FL,ASO,ES,Towers with Radar,767,37,31,0,835,0,4,2,0,6,767,41,33,0,841,0,0,0,841
04/07/2021,MCO,FL,ASO,ES,Towers with Radar,763,36,37,2,838,0,0,11,0,11,763,36,48,2,849,0,0,0,849
04/08/2021,MCO,FL,ASO,ES,Towers with Radar,848,33,29,4,914,0,0,12,4,16,848,33,41,8,930,0,0,0,930
04/09/2021,MCO,FL,ASO,ES,Towers with Radar,838,34,40,0,912,0,0,5,0,5,838,34,45,0,917,0,0,0,917
04/10/2021,MCO,FL,ASO,ES,Towers with Radar,919,19,22,0,960,0,4,4,0,8,919,23,26,0,968,0,0,0,968
04/11/2021,MCO,FL,ASO,ES,Towers with Radar,679,23,27,0,729,0,0,2,0,2,679,23,29,0,731,0,0,0,731
04/12/2021,MCO,FL,ASO,ES,Towers with Radar,813,42,37,0,892,0,0,9,0,9,813,42,46,0,901,0,0,0,901
04/13/2021,MCO,FL,ASO,ES,Towers with Radar,707,35,37,0,779,0,2,11,0,13,707,37,48,0,792,0,0,0,792
04/14/2021,MCO,FL,ASO,ES,Towers with Radar,681,37,37,5,760,0,2,6,0,8,681,39,43,5,768,0,0,0,768
04/15/2021,MCO,FL,ASO,ES,Towers with Radar,804,48,35,0,887,0,0,5,0,5,804,48,40,0,892,0,0,0,892
04/16/2021,MCO,FL,ASO,ES,Towers with Radar,819,25,38,2,884,0,0,4,0,4,819,25,42,2,888,0,0,0,888
04/17/2021,MCO,FL,ASO,ES,Towers with Radar,866,24,31,0,921,0,0,2,2,4,866,24,33,2,925,0,0,0,925
04/18/2021,MCO,FL,ASO,ES,Towers with Radar,807,35,30,1,873,0,0,0,0,0,807,35,30,1,873,0,0,0,873
04/19/2021,MCO,FL,ASO,ES,Towers with Radar,803,27,33,0,863,0,0,0,0,0,803,27,33,0,863,0,0,0,863
04/20/2021,MCO,FL,ASO,ES,Towers with Radar,678,29,20,0,727,0,0,0,0,0,678,29,20,0,727,0,0,0,727
04/21/2021,MCO,FL,ASO,ES,Towers with Radar,697,30,24,2,753,0,0,3,0,3,697,30,27,2,756,0,0,0,756
04/22/2021,MCO,FL,ASO,ES,Towers with Radar,818,43,42,0,903,0,0,10,5,15,818,43,52,5,918,0,0,0,918
04/23/2021,MCO,FL,ASO,ES,Towers with Radar,817,33,39,0,889,0,0,6,1,7,817,33,45,1,896,0,0,0,896
04/24/2021,MCO,FL,ASO,ES,Towers with Radar,808,13,24,0,845,0,0,3,0,3,808,13,27,0,848,0,0,0,848
04/25/2021,MCO,FL,ASO,ES,Towers with Radar,792,39,59,0,890,0,0,2,0,2,792,39,61,0,892,0,0,0,892
04/26/2021,MCO,FL,ASO,ES,Towers with Radar,796,35,47,2,880,0,4,13,1,18,796,39,60,3,898,0,0,0,898
04/27/2021,MCO,FL,ASO,ES,Towers with Radar,684,51,46,4,785,0,1,1,1,3,684,52,47,5,788,0,0,0,788
04/28/2021,MCO,FL,ASO,ES,Towers with Radar,699,32,32,0,763,0,2,4,1,7,699,34,36,1,770,0,0,0,770
04/29/2021,MCO,FL,ASO,ES,Towers with Radar,817,38,41,0,896,1,4,6,0,11,818,42,47,0,907,0,0,0,907
04/30/2021,MCO,FL,ASO,ES,Towers with Radar,791,28,32,1,852,0,1,1,1,3,791,29,33,2,855,0,0,0,855
05/01/2021,MCO,FL,ASO,ES,Towers with Radar,838,17,26,0,881,0,2,2,0,4,838,19,28,0,885,0,0,0,885
05/02/2021,MCO,FL,ASO,ES,Towers with Radar,793,33,29,0,855,0,0,4,0,4,793,33,33,0,859,0,0,0,859
05/03/2021,MCO,FL,ASO,ES,Towers with Radar,773,41,42,0,856,0,0,5,0,5,773,41,47,0,861,0,0,0,861
05/04/2021,MCO,FL,ASO,ES,Towers with Radar,670,35,33,0,738,0,0,8,0,8,670,35,41,0,746,0,0,0,746
05/05/2021,MCO,FL,ASO,ES,Towers with Radar,711,40,38,0,789,0,1,6,5,12,711,41,44,5,801,0,0,0,801
05/06/2021,MCO,FL,ASO,ES,Towers with Radar,885,50,34,0,969,0,0,9,0,9,885,50,43,0,978,0,0,0,978
05/07/2021,MCO,FL,ASO,ES,Towers with Radar,870,41,34,0,945,0,6,9,0,15,870,47,43,0,960,0,0,0,960
05/08/2021,MCO,FL,ASO,ES,Towers with Radar,876,32,9,0,917,0,10,3,0,13,876,42,12,0,930,0,0,0,930
05/09/2021,MCO,FL,ASO,ES,Towers with Radar,856,41,40,0,937,0,0,8,0,8,856,41,48,0,945,0,0,0,945
05/10/2021,MCO,FL,ASO,ES,Towers with Radar,854,36,21,0,911,0,4,1,0,5,854,40,22,0,916,0,0,0,916
05/11/2021,MCO,FL,ASO,ES,Towers with Radar,774,34,28,0,836,0,0,3,0,3,774,34,31,0,839,0,0,0,839
05/12/2021,MCO,FL,ASO,ES,Towers with Radar,771,31,31,0,833,0,0,8,0,8,771,31,39,0,841,0,0,0,841
05/13/2021,MCO,FL,ASO,ES,Towers with Radar,878,42,40,0,960,0,0,7,0,7,878,42,47,0,967,0,0,0,967
05/14/2021,MCO,FL,ASO,ES,Towers with Radar,872,33,31,5,941,0,1,3,0,4,872,34,34,5,945,0,0,0,945
05/15/2021,MCO,FL,ASO,ES,Towers with Radar,866,19,34,5,924,0,6,3,1,10,866,25,37,6,934,0,0,0,934
05/16/2021,MCO,FL,ASO,ES,Towers with Radar,855,35,52,3,945,0,1,3,1,5,855,36,55,4,950,0,0,0,950
05/17/2021,MCO,FL,ASO,ES,Towers with Radar,849,33,36,3,921,0,4,2,0,6,849,37,38,3,927,0,0,0,927
05/18/2021,MCO,FL,ASO,ES,Towers with Radar,796,38,44,2,880,0,0,4,0,4,796,38,48,2,884,0,0,0,884
05/19/2021,MCO,FL,ASO,ES,Towers with Radar,779,33,48,0,860,0,4,4,2,10,779,37,52,2,870,0,0,0,870
05/20/2021,MCO,FL,ASO,ES,Towers with Radar,882,47,34,2,965,0,0,7,0,7,882,47,41,2,972,0,0,0,972
05/21/2021,MCO,FL,ASO,ES,Towers with Radar,885,52,36,2,975,0,0,7,0,7,885,52,43,2,982,0,0,0,982
05/22/2021,MCO,FL,ASO,ES,Towers with Radar,889,20,32,0,941,0,0,7,0,7,889,20,39,0,948,0,0,0,948
05/23/2021,MCO,FL,ASO,ES,Towers with Radar,867,27,46,0,940,0,2,1,0,3,867,29,47,0,943,0,0,0,943
05/24/2021,MCO,FL,ASO,ES,Towers with Radar,855,37,33,0,925,0,0,5,2,7,855,37,38,2,932,0,0,0,932
05/25/2021,MCO,FL,ASO,ES,Towers with Radar,794,27,35,0,856,0,0,6,0,6,794,27,41,0,862,0,0,0,862
05/26/2021,MCO,FL,ASO,ES,Towers with Radar,787,35,39,0,861,0,4,11,0,15,787,39,50,0,876,0,0,0,876
05/27/2021,MCO,FL,ASO,ES,Towers with Radar,887,37,35,0,959,0,0,7,0,7,887,37,42,0,966,0,0,0,966
05/28/2021,MCO,FL,ASO,ES,Towers with Radar,874,34,39,0,947,0,5,7,0,12,874,39,46,0,959,0,0,0,959
05/29/2021,MCO,FL,ASO,ES,Towers with Radar,878,14,18,0,910,0,1,1,0,2,878,15,19,0,912,0,0,0,912
05/30/2021,MCO,FL,ASO,ES,Towers with Radar,837,31,17,0,885,0,0,4,0,4,837,31,21,0,889,0,0,0,889
05/31/2021,MCO,FL,ASO,ES,Towers with Radar,854,23,47,0,924,0,2,5,0,7,854,25,52,0,931,0,0,0,931
06/01/2021,MCO,FL,ASO,ES,Towers with Radar,805,34,29,0,868,0,5,7,0,12,805,39,36,0,880,0,0,0,880
06/02/2021,MCO,FL,ASO,ES,Towers with Radar,830,31,29,2,892,0,2,2,0,4,830,33,31,2,896,0,0,0,896
06/03/2021,MCO,FL,ASO,ES,Towers with Radar,868,42,37,0,947,0,0,3,0,3,868,42,40,0,950,0,0,0,950
06/04/2021,MCO,FL,ASO,ES,Towers with Radar,882,35,22,0,939,0,0,5,0,5,882,35,27,0,944,0,0,0,944
06/05/2021,MCO,FL,ASO,ES,Towers with Radar,936,22,16,0,974,0,0,2,0,2,936,22,18,0,976,0,0,0,976
06/06/2021,MCO,FL,ASO,ES,Towers with Radar,891,46,40,1,978,0,0,1,0,1,891,46,41,1,979,0,0,0,979
06/07/2021,MCO,FL,ASO,ES,Towers with Radar,840,38,32,0,910,0,0,7,0,7,840,38,39,0,917,0,0,0,917
06/08/2021,MCO,FL,ASO,ES,Towers with Radar,805,31,28,3,867,0,2,5,0,7,805,33,33,3,874,0,0,0,874
06/09/2021,MCO,FL,ASO,ES,Towers with Radar,787,42,49,0,878,1,0,6,0,7,788,42,55,0,885,0,0,0,885
06/10/2021,MCO,FL,ASO,ES,Towers with Radar,867,35,47,0,949,0,0,4,1,5,867,35,51,1,954,0,0,0,954
06/11/2021,MCO,FL,ASO,ES,Towers with Radar,882,46,51,2,981,0,0,8,1,9,882,46,59,3,990,0,0,0,990
06/12/2021,MCO,FL,ASO,ES,Towers with Radar,978,20,35,0,1033,0,0,4,0,4,978,20,39,0,1037,0,0,0,1037
06/13/2021,MCO,FL,ASO,ES,Towers with Radar,803,28,46,0,877,0,0,5,0,5,803,28,51,0,882,0,0,0,882
06/14/2021,MCO,FL,ASO,ES,Towers with Radar,876,33,45,0,954,0,0,1,0,1,876,33,46,0,955,0,0,0,955
06/15/2021,MCO,FL,ASO,ES,Towers with Radar,806,38,40,0,884,0,0,1,0,1,806,38,41,0,885,0,0,0,885
06/16/2021,MCO,FL,ASO,ES,Towers with Radar,815,38,28,0,881,0,0,3,0,3,815,38,31,0,884,0,0,0,884
06/17/2021,MCO,FL,ASO,ES,Towers with Radar,879,38,32,0,949,0,0,6,0,6,879,38,38,0,955,0,0,0,955
06/18/2021,MCO,FL,ASO,ES,Towers with Radar,864,47,44,0,955,0,0,14,0,14,864,47,58,0,969,0,0,0,969
06/19/2021,MCO,FL,ASO,ES,Towers with Radar,977,18,27,0,1022,0,0,0,1,1,977,18,27,1,1023,0,0,0,1023
06/20/2021,MCO,FL,ASO,ES,Towers with Radar,926,28,32,0,986,0,0,0,1,1,926,28,32,1,987,0,0,0,987
06/21/2021,MCO,FL,ASO,ES,Towers with Radar,808,40,33,0,881,0,0,0,0,0,808,40,33,0,881,0,0,0,881
06/22/2021,MCO,FL,ASO,ES,Towers with Radar,783,30,35,2,850,0,0,8,0,8,783,30,43,2,858,0,0,0,858
06/23/2021,MCO,FL,ASO,ES,Towers with Radar,856,34,42,0,932,0,0,2,0,2,856,34,44,0,934,0,0,0,934
06/24/2021,MCO,FL,ASO,ES,Towers with Radar,855,36,40,2,933,0,0,4,0,4,855,36,44,2,937,0,0,0,937
06/25/2021,MCO,FL,ASO,ES,Towers with Radar,901,45,40,0,986,0,0,0,0,0,901,45,40,0,986,0,0,0,986
06/26/2021,MCO,FL,ASO,ES,Towers with Radar,910,18,28,2,958,0,0,5,0,5,910,18,33,2,963,0,0,0,963
06/27/2021,MCO,FL,ASO,ES,Towers with Radar,883,28,42,4,957,0,0,0,0,0,883,28,42,4,957,0,0,0,957
06/28/2021,MCO,FL,ASO,ES,Towers with Radar,858,28,22,1,909,0,0,4,0,4,858,28,26,1,913,0,0,0,913
06/29/2021,MCO,FL,ASO,ES,Towers with Radar,851,32,28,1,912,0,0,1,0,1,851,32,29,1,913,0,0,0,913
06/30/2021,MCO,FL,ASO,ES,Towers with Radar,803,37,41,0,881,0,2,5,0,7,803,39,46,0,888,0,0,0,888
07/01/2021,MCO,FL,ASO,ES,Towers with Radar,866,34,41,0,941,0,0,2,0,2,866,34,43,0,943,0,0,0,943
07/02/2021,MCO,FL,ASO,ES,Towers with Radar,885,36,30,0,951,1,0,2,0,3,886,36,32,0,954,0,0,0,954
07/03/2021,MCO,FL,ASO,ES,Towers with Radar,998,21,23,0,1042,0,0,1,0,1,998,21,24,0,1043,0,0,0,1043
07/04/2021,MCO,FL,ASO,ES,Towers with Radar,873,23,8,0,904,0,0,1,0,1,873,23,9,0,905,0,0,0,905
07/05/2021,MCO,FL,ASO,ES,Towers with Radar,849,33,30,0,912,0,0,9,0,9,849,33,39,0,921,0,0,0,921
07/06/2021,MCO,FL,ASO,ES,Towers with Radar,766,41,22,0,829,0,0,1,0,1,766,41,23,0,830,0,0,0,830
07/07/2021,MCO,FL,ASO,ES,Towers with Radar,801,43,22,0,866,0,0,0,0,0,801,43,22,0,866,0,0,0,866
07/08/2021,MCO,FL,ASO,ES,Towers with Radar,858,35,35,2,930,0,4,3,0,7,858,39,38,2,937,0,0,0,937
07/09/2021,MCO,FL,ASO,ES,Towers with Radar,877,34,32,0,943,0,4,4,0,8,877,38,36,0,951,0,0,0,951
07/10/2021,MCO,FL,ASO,ES,Towers with Radar,993,29,31,0,1053,0,0,2,0,2,993,29,33,0,1055,0,0,0,1055
07/11/2021,MCO,FL,ASO,ES,Towers with Radar,883,28,34,0,945,0,0,4,0,4,883,28,38,0,949,0,0,0,949
07/12/2021,MCO,FL,ASO,ES,Towers with Radar,833,35,27,0,895,0,0,2,0,2,833,35,29,0,897,0,0,0,897
07/13/2021,MCO,FL,ASO,ES,Towers with Radar,873,35,26,2,936,0,4,1,0,5,873,39,27,2,941,0,0,0,941
07/14/2021,MCO,FL,ASO,ES,Towers with Radar,830,38,38,0,906,0,0,8,0,8,830,38,46,0,914,0,0,0,914
07/15/2021,MCO,FL,ASO,ES,Towers with Radar,872,46,42,0,960,0,0,4,0,4,872,46,46,0,964,0,0,0,964
07/16/2021,MCO,FL,ASO,ES,Towers with Radar,862,39,31,0,932,0,4,4,0,8,862,43,35,0,940,0,0,0,940
07/17/2021,MCO,FL,ASO,ES,Towers with Radar,964,22,21,0,1007,0,2,3,0,5,964,24,24,0,1012,0,0,0,1012
07/18/2021,MCO,FL,ASO,ES,Towers with Radar,899,31,26,0,956,0,0,3,0,3,899,31,29,0,959,0,0,0,959
07/19/2021,MCO,FL,ASO,ES,Towers with Radar,848,41,22,2,913,0,0,2,0,2,848,41,24,2,915,0,0,0,915
07/20/2021,MCO,FL,ASO,ES,Towers with Radar,864,34,28,2,928,1,0,4,0,5,865,34,32,2,933,0,0,0,933
07/21/2021,MCO,FL,ASO,ES,Towers with Radar,850,38,38,0,926,1,0,14,0,15,851,38,52,0,941,0,0,0,941
07/22/2021,MCO,FL,ASO,ES,Towers with Radar,876,41,36,0,953,0,0,6,0,6,876,41,42,0,959,0,0,0,959
07/23/2021,MCO,FL,ASO,ES,Towers with Radar,868,47,42,1,958,0,0,6,0,6,868,47,48,1,964,0,0,0,964
07/24/2021,MCO,FL,ASO,ES,Towers with Radar,1001,32,35,4,1072,0,0,2,0,2,1001,32,37,4,1074,0,0,0,1074
07/25/2021,MCO,FL,ASO,ES,Towers with Radar,883,31,29,1,944,0,0,1,0,1,883,31,30,1,945,0,0,0,945
07/26/2021,MCO,FL,ASO,ES,Towers with Radar,829,39,37,0,905,0,2,0,0,2,829,41,37,0,907,0,0,0,907
07/27/2021,MCO,FL,ASO,ES,Towers with Radar,868,34,27,2,931,0,0,0,0,0,868,34,27,2,931,0,0,0,931
07/28/2021,MCO,FL,ASO,ES,Towers with Radar,848,32,36,3,919,0,4,2,0,6,848,36,38,3,925,0,0,0,925
07/29/2021,MCO,FL,ASO,ES,Towers with Radar,871,53,45,3,972,0,0,4,0,4,871,53,49,3,976,0,0,0,976
07/30/2021,MCO,FL,ASO,ES,Towers with Radar,866,42,33,0,941,0,1,4,0,5,866,43,37,0,946,0,0,0,946
07/31/2021,MCO,FL,ASO,ES,Towers with Radar,959,28,33,2,1022,0,0,5,0,5,959,28,38,2,1027,0,0,0,1027
08/01/2021,MCO,FL,ASO,ES,Towers with Radar,814,35,40,0,889,0,2,8,0,10,814,37,48,0,899,0,0,0,899
08/02/2021,MCO,FL,ASO,ES,Towers with Radar,745,37,34,0,816,0,0,4,0,4,745,37,38,0,820,0,0,0,820
08/03/2021,MCO,FL,ASO,ES,Towers with Radar,760,24,31,0,815,0,0,1,0,1,760,24,32,0,816,0,0,0,816
08/04/2021,MCO,FL,ASO,ES,Towers with Radar,742,30,30,0,802,0,0,2,0,2,742,30,32,0,804,0,0,0,804
08/05/2021,MCO,FL,ASO,ES,Towers with Radar,810,32,34,0,876,0,0,4,3,7,810,32,38,3,883,0,0,0,883
08/06/2021,MCO,FL,ASO,ES,Towers with Radar,820,43,25,0,888,0,0,1,0,1,820,43,26,0,889,0,0,0,889
08/07/2021,MCO,FL,ASO,ES,Towers with Radar,947,25,22,0,994,0,0,5,0,5,947,25,27,0,999,0,0,0,999
08/08/2021,MCO,FL,ASO,ES,Towers with Radar,883,37,45,0,965,0,0,4,0,4,883,37,49,0,969,0,0,0,969
08/09/2021,MCO,FL,ASO,ES,Towers with Radar,841,30,21,0,892,0,0,2,0,2,841,30,23,0,894,0,0,0,894
08/10/2021,MCO,FL,ASO,ES,Towers with Radar,838,25,29,1,893,0,0,2,0,2,838,25,31,1,895,0,0,0,895
08/11/2021,MCO,FL,ASO,ES,Towers with Radar,842,38,24,1,905,0,3,3,3,9,842,41,27,4,914,0,0,0,914
08/12/2021,MCO,FL,ASO,ES,Towers with Radar,869,40,32,0,941,0,0,3,0,3,869,40,35,0,944,0,0,0,944
08/13/2021,MCO,FL,ASO,ES,Towers with Radar,856,34,27,0,917,0,0,3,0,3,856,34,30,0,920,0,0,0,920
08/14/2021,MCO,FL,ASO,ES,Towers with Radar,965,26,42,0,1033,0,0,3,0,3,965,26,45,0,1036,0,0,0,1036
08/15/2021,MCO,FL,ASO,ES,Towers with Radar,884,28,22,0,934,0,0,4,0,4,884,28,26,0,938,0,0,0,938
08/16/2021,MCO,FL,ASO,ES,Towers with Radar,831,31,23,0,885,0,0,6,0,6,831,31,29,0,891,0,0,0,891
08/17/2021,MCO,FL,ASO,ES,Towers with Radar,839,22,29,0,890,0,0,2,0,2,839,22,31,0,892,0,0,0,892
08/18/2021,MCO,FL,ASO,ES,Towers with Radar,802,32,33,0,867,0,4,18,0,22,802,36,51,0,889,0,0,0,889
08/19/2021,MCO,FL,ASO,ES,Towers with Radar,848,32,30,0,910,0,0,5,0,5,848,32,35,0,915,0,0,0,915
08/20/2021,MCO,FL,ASO,ES,Towers with Radar,838,31,26,1,896,1,0,7,0,8,839,31,33,1,904,0,0,0,904
08/21/2021,MCO,FL,ASO,ES,Towers with Radar,942,17,16,0,975,0,0,0,0,0,942,17,16,0,975,0,0,0,975
08/22/2021,MCO,FL,ASO,ES,Towers with Radar,831,25,20,0,876,1,0,4,0,5,832,25,24,0,881,0,0,0,881
08/23/2021,MCO,FL,ASO,ES,Towers with Radar,829,25,18,0,872,0,0,0,0,0,829,25,18,0,872,0,0,0,872
08/24/2021,MCO,FL,ASO,ES,Towers with Radar,788,25,35,0,848,0,0,2,0,2,788,25,37,0,850,0,0,0,850
08/25/2021,MCO,FL,ASO,ES,Towers with Radar,816,26,32,0,874,0,2,4,1,7,816,28,36,1,881,0,0,0,881
08/26/2021,MCO,FL,ASO,ES,Towers with Radar,854,26,31,0,911,0,6,2,0,8,854,32,33,0,919,0,0,0,919
08/27/2021,MCO,FL,ASO,ES,Towers with Radar,859,34,32,0,925,0,2,3,0,5,859,36,35,0,930,0,0,0,930
08/28/2021,MCO,FL,ASO,ES,Towers with Radar,952,11,22,0,985,0,0,2,0,2,952,11,24,0,987,0,0,0,987
08/29/2021,MCO,FL,ASO,ES,Towers with Radar,882,21,24,0,927,0,0,1,0,1,882,21,25,0,928,0,0,0,928
08/30/2021,MCO,FL,ASO,ES,Towers with Radar,821,29,34,0,884,0,2,4,0,6,821,31,38,0,890,0,0,0,890
08/31/2021,MCO,FL,ASO,ES,Towers with Radar,805,20,33,0,858,0,7,0,0,7,805,27,33,0,865,0,0,0,865
09/01/2021,MCO,FL,ASO,ES,Towers with Radar,755,22,33,0,810,0,0,6,0,6,755,22,39,0,816,0,0,0,816
09/02/2021,MCO,FL,ASO,ES,Towers with Radar,831,37,45,0,913,0,0,2,0,2,831,37,47,0,915,0,0,0,915
09/03/2021,MCO,FL,ASO,ES,Towers with Radar,856,38,25,0,919,0,2,4,0,6,856,40,29,0,925,0,0,0,925
09/04/2021,MCO,FL,ASO,ES,Towers with Radar,941,21,15,0,977,0,0,1,0,1,941,21,16,0,978,0,0,0,978
09/05/2021,MCO,FL,ASO,ES,Towers with Radar,833,21,20,0,874,0,4,4,0,8,833,25,24,0,882,0,0,0,882
09/06/2021,MCO,FL,ASO,ES,Towers with Radar,819,29,30,0,878,0,0,2,0,2,819,29,32,0,880,0,0,0,880
09/07/2021,MCO,FL,ASO,ES,Towers with Radar,751,29,25,0,805,0,1,0,0,1,751,30,25,0,806,0,0,0,806
09/08/2021,MCO,FL,ASO,ES,Towers with Radar,708,36,33,0,777,1,1,1,0,3,709,37,34,0,780,0,0,0,780
09/09/2021,MCO,FL,ASO,ES,Towers with Radar,785,39,27,0,851,0,0,5,0,5,785,39,32,0,856,0,0,0,856
09/10/2021,MCO,FL,ASO,ES,Towers with Radar,784,36,39,0,859,0,1,5,0,6,784,37,44,0,865,0,0,0,865
09/11/2021,MCO,FL,ASO,ES,Towers with Radar,840,17,22,0,879,0,0,2,1,3,840,17,24,1,882,0,0,0,882
09/12/2021,MCO,FL,ASO,ES,Towers with Radar,815,31,31,2,879,0,0,2,0,2,815,31,33,2,881,0,0,0,881
09/13/2021,MCO,FL,ASO,ES,Towers with Radar,749,39,33,0,821,1,0,7,1,9,750,39,40,1,830,0,0,0,830
09/14/2021,MCO,FL,ASO,ES,Towers with Radar,678,33,42,0,753,0,1,4,0,5,678,34,46,0,758,0,0,0,758
09/15/2021,MCO,FL,ASO,ES,Towers with Radar,679,29,37,0,745,0,2,2,0,4,679,31,39,0,749,0,0,0,749
09/16/2021,MCO,FL,ASO,ES,Towers with Radar,792,36,47,0,875,0,0,2,0,2,792,36,49,0,877,0,0,0,877
09/17/2021,MCO,FL,ASO,ES,Towers with Radar,779,36,32,0,847,0,0,4,0,4,779,36,36,0,851,0,0,0,851
09/18/2021,MCO,FL,ASO,ES,Towers with Radar,864,17,11,0,892,0,0,7,0,7,864,17,18,0,899,0,0,0,899
09/19/2021,MCO,FL,ASO,ES,Towers with Radar,837,29,38,2,906,0,0,3,0,3,837,29,41,2,909,0,0,0,909
09/20/2021,MCO,FL,ASO,ES,Towers with Radar,748,34,30,0,812,0,0,3,0,3,748,34,33,0,815,0,0,0,815
09/21/2021,MCO,FL,ASO,ES,Towers with Radar,706,32,25,0,763,0,3,6,0,9,706,35,31,0,772,0,0,0,772
09/22/2021,MCO,FL,ASO,ES,Towers with Radar,691,34,41,0,766,0,0,1,0,1,691,34,42,0,767,0,0,0,767
09/23/2021,MCO,FL,ASO,ES,Towers with Radar,754,38,34,0,826,0,0,8,0,8,754,38,42,0,834,0,0,0,834
09/24/2021,MCO,FL,ASO,ES,Towers with Radar,788,33,51,0,872,0,1,6,0,7,788,34,57,0,879,0,0,0,879
09/25/2021,MCO,FL,ASO,ES,Towers with Radar,862,18,18,0,898,0,0,6,0,6,862,18,24,0,904,0,0,0,904
09/26/2021,MCO,FL,ASO,ES,Towers with Radar,842,26,24,0,892,0,0,3,0,3,842,26,27,0,895,0,0,0,895
09/27/2021,MCO,FL,ASO,ES,Towers with Radar,757,34,29,0,820,0,10,5,0,15,757,44,34,0,835,0,0,0,835
09/28/2021,MCO,FL,ASO,ES,Towers with Radar,682,27,31,0,740,0,2,8,0,10,682,29,39,0,750,0,0,0,750
09/29/2021,MCO,FL,ASO,ES,Towers with Radar,691,30,43,0,764,0,2,3,2,7,691,32,46,2,771,0,0,0,771
09/30/2021,MCO,FL,ASO,ES,Towers with Radar,788,39,33,0,860,0,0,2,0,2,788,39,35,0,862,0,0,0,862
10/01/2021,MCO,FL,ASO,ES,Towers with Radar,795,31,39,4,869,0,0,2,0,2,795,31,41,4,871,0,0,0,871
10/02/2021,MCO,FL,ASO,ES,Towers with Radar,832,21,19,0,872,0,8,7,0,15,832,29,26,0,887,0,0,0,887
10/03/2021,MCO,FL,ASO,ES,Towers with Radar,843,19,41,0,903,0,2,2,0,4,843,21,43,0,907,0,0,0,907
10/04/2021,MCO,FL,ASO,ES,Towers with Radar,777,30,39,0,846,0,0,1,0,1,777,30,40,0,847,0,0,0,847
10/05/2021,MCO,FL,ASO,ES,Towers with Radar,715,27,26,0,768,0,2,4,4,10,715,29,30,4,778,0,0,0,778
10/06/2021,MCO,FL,ASO,ES,Towers with Radar,726,43,33,0,802,1,4,4,0,9,727,47,37,0,811,0,0,0,811
10/07/2021,MCO,FL,ASO,ES,Towers with Radar,855,46,43,1,945,0,0,1,0,1,855,46,44,1,946,0,0,0,946
10/08/2021,MCO,FL,ASO,ES,Towers with Radar,724,42,36,0,802,0,0,4,0,4,724,42,40,0,806,0,0,0,806
10/09/2021,MCO,FL,ASO,ES,Towers with Radar,884,35,27,1,947,0,0,8,0,8,884,35,35,1,955,0,0,0,955
10/10/2021,MCO,FL,ASO,ES,Towers with Radar,801,41,32,0,874,0,0,5,0,5,801,41,37,0,879,0,0,0,879
10/11/2021,MCO,FL,ASO,ES,Towers with Radar,837,46,54,0,937,0,0,2,0,2,837,46,56,0,939,0,0,0,939
10/12/2021,MCO,FL,ASO,ES,Towers with Radar,795,40,43,0,878,0,0,4,0,4,795,40,47,0,882,0,0,0,882
10/13/2021,MCO,FL,ASO,ES,Towers with Radar,777,32,39,1,849,0,1,1,0,2,777,33,40,1,851,0,0,0,851
10/14/2021,MCO,FL,ASO,ES,Towers with Radar,864,37,29,0,930,0,2,2,0,4,864,39,31,0,934,0,0,0,934
10/15/2021,MCO,FL,ASO,ES,Towers with Radar,876,33,36,0,945,0,3,11,1,15,876,36,47,1,960,0,0,0,960
10/16/2021,MCO,FL,ASO,ES,Towers with Radar,924,22,28,1,975,1,0,6,0,7,925,22,34,1,982,0,0,0,982
10/17/2021,MCO,FL,ASO,ES,Towers with Radar,880,37,41,2,960,0,0,6,0,6,880,37,47,2,966,0,0,0,966
10/18/2021,MCO,FL,ASO,ES,Towers with Radar,852,44,34,0,930,0,7,11,0,18,852,51,45,0,948,0,0,0,948
10/19/2021,MCO,FL,ASO,ES,Towers with Radar,794,34,27,0,855,0,4,7,0,11,794,38,34,0,866,0,0,0,866
10/20/2021,MCO,FL,ASO,ES,Towers with Radar,782,33,43,0,858,0,2,5,0,7,782,35,48,0,865,0,0,0,865
10/21/2021,MCO,FL,ASO,ES,Towers with Radar,874,42,50,0,966,0,2,7,0,9,874,44,57,0,975,0,0,0,975
10/22/2021,MCO,FL,ASO,ES,Towers with Radar,875,43,34,0,952,0,8,6,0,14,875,51,40,0,966,0,0,0,966
10/23/2021,MCO,FL,ASO,ES,Towers with Radar,939,25,22,0,986,0,2,4,0,6,939,27,26,0,992,0,0,0,992
10/24/2021,MCO,FL,ASO,ES,Towers with Radar,887,44,49,0,980,0,1,5,1,7,887,45,54,1,987,0,0,0,987
10/25/2021,MCO,FL,ASO,ES,Towers with Radar,845,59,42,2,948,0,2,4,0,6,845,61,46,2,954,0,0,0,954
10/26/2021,MCO,FL,ASO,ES,Towers with Radar,822,37,36,2,897,0,1,2,1,4,822,38,38,3,901,0,0,0,901
10/27/2021,MCO,FL,ASO,ES,Towers with Radar,774,34,56,2,866,0,6,9,0,15,774,40,65,2,881,0,0,0,881
10/28/2021,MCO,FL,ASO,ES,Towers with Radar,854,33,51,24,962,0,0,1,0,1,854,33,52,24,963,0,0,0,963
10/29/2021,MCO,FL,ASO,ES,Towers with Radar,876,45,38,3,962,0,0,3,0,3,876,45,41,3,965,0,0,0,965
10/30/2021,MCO,FL,ASO,ES,Towers with Radar,915,20,25,4,964,0,0,2,0,2,915,20,27,4,966,0,0,0,966
10/31/2021,MCO,FL,ASO,ES,Towers with Radar,795,43,48,23,909,0,0,4,0,4,795,43,52,23,913,0,0,0,913
11/01/2021,MCO,FL,ASO,ES,Towers with Radar,823,34,47,0,904,0,3,7,0,10,823,37,54,0,914,0,0,0,914
11/02/2021,MCO,FL,ASO,ES,Towers with Radar,824,35,30,2,891,0,2,1,0,3,824,37,31,2,894,0,0,0,894
11/03/2021,MCO,FL,ASO,ES,Towers with Radar,798,37,47,0,882,0,0,7,4,11,798,37,54,4,893,0,0,0,893
11/04/2021,MCO,FL,ASO,ES,Towers with Radar,917,41,66,0,1024,0,2,5,0,7,917,43,71,0,1031,0,0,0,1031
11/05/2021,MCO,FL,ASO,ES,Towers with Radar,922,46,46,0,1014,0,0,1,0,1,922,46,47,0,1015,0,0,0,1015
11/06/2021,MCO,FL,ASO,ES,Towers with Radar,959,29,35,0,1023,0,0,0,0,0,959,29,35,0,1023,0,0,0,1023
11/07/2021,MCO,FL,ASO,ES,Towers with Radar,888,42,36,0,966,0,0,0,0,0,888,42,36,0,966,0,0,0,966
11/08/2021,MCO,FL,ASO,ES,Towers with Radar,864,43,42,0,949,0,1,5,0,6,864,44,47,0,955,0,0,0,955
11/09/2021,MCO,FL,ASO,ES,Towers with Radar,785,42,36,0,863,0,1,3,0,4,785,43,39,0,867,0,0,0,867
11/10/2021,MCO,FL,ASO,ES,Towers with Radar,767,50,55,0,872,0,0,5,0,5,767,50,60,0,877,0,0,0,877
11/11/2021,MCO,FL,ASO,ES,Towers with Radar,889,60,61,1,1011,0,0,4,1,5,889,60,65,2,1016,0,0,0,1016
11/12/2021,MCO,FL,ASO,ES,Towers with Radar,906,42,50,0,998,0,5,7,0,12,906,47,57,0,1010,0,0,0,1010
11/13/2021,MCO,FL,ASO,ES,Towers with Radar,937,27,28,0,992,0,1,5,0,6,937,28,33,0,998,0,0,0,998
11/14/2021,MCO,FL,ASO,ES,Towers with Radar,906,46,54,0,1006,0,1,5,0,6,906,47,59,0,1012,0,0,0,1012
11/15/2021,MCO,FL,ASO,ES,Towers with Radar,885,41,45,0,971,0,0,4,0,4,885,41,49,0,975,0,0,0,975
11/16/2021,MCO,FL,ASO,ES,Towers with Radar,792,34,38,0,864,0,0,4,0,4,792,34,42,0,868,0,0,0,868
11/17/2021,MCO,FL,ASO,ES,Towers with Radar,806,50,62,0,918,0,3,10,0,13,806,53,72,0,931,0,0,0,931
11/18/2021,MCO,FL,ASO,ES,Towers with Radar,905,46,46,0,997,0,4,2,0,6,905,50,48,0,1003,0,0,0,1003
11/19/2021,MCO,FL,ASO,ES,Towers with Radar,938,39,58,2,1037,0,0,4,0,4,938,39,62,2,1041,0,0,0,1041
11/20/2021,MCO,FL,ASO,ES,Towers with Radar,1058,29,33,2,1122,1,0,4,0,5,1059,29,37,2,1127,0,0,0,1127
11/21/2021,MCO,FL,ASO,ES,Towers with Radar,930,42,44,0,1016,0,2,5,0,7,930,44,49,0,1023,0,0,0,1023
11/22/2021,MCO,FL,ASO,ES,Towers with Radar,921,38,33,2,994,0,0,8,0,8,921,38,41,2,1002,0,0,0,1002
11/23/2021,MCO,FL,ASO,ES,Towers with Radar,988,38,42,0,1068,0,2,2,0,4,988,40,44,0,1072,0,0,0,1072
11/24/2021,MCO,FL,ASO,ES,Towers with Radar,977,40,53,0,1070,0,8,3,0,11,977,48,56,0,1081,0,0,0,1081
11/25/2021,MCO,FL,ASO,ES,Towers with Radar,741,17,7,0,765,0,13,3,1,17,741,30,10,1,782,0,0,0,782
11/26/2021,MCO,FL,ASO,ES,Towers with Radar,824,23,19,0,866,0,0,4,0,4,824,23,23,0,870,0,0,0,870
11/27/2021,MCO,FL,ASO,ES,Towers with Radar,1071,33,43,0,1147,0,0,3,0,3,1071,33,46,0,1150,0,0,0,1150
11/28/2021,MCO,FL,ASO,ES,Towers with Radar,961,43,73,0,1077,0,4,11,0,15,961,47,84,0,1092,0,0,0,1092
11/29/2021,MCO,FL,ASO,ES,Towers with Radar,976,41,38,2,1057,0,0,3,0,3,976,41,41,2,1060,0,0,0,1060
11/30/2021,MCO,FL,ASO,ES,Towers with Radar,919,48,46,5,1018,0,0,9,0,9,919,48,55,5,1027,0,0,0,1027
12/01/2021,MCO,FL,ASO,ES,Towers with Radar,861,39,48,1,949,0,4,4,0,8,861,43,52,1,957,0,0,0,957
12/02/2021,MCO,FL,ASO,ES,Towers with Radar,940,42,59,0,1041,0,3,7,0,10,940,45,66,0,1051,0,0,0,1051
12/03/2021,MCO,FL,ASO,ES,Towers with Radar,916,40,50,0,1006,0,11,6,0,17,916,51,56,0,1023,0,0,0,1023
12/04/2021,MCO,FL,ASO,ES,Towers with Radar,989,25,38,0,1052,0,2,8,0,10,989,27,46,0,1062,0,0,0,1062
12/05/2021,MCO,FL,ASO,ES,Towers with Radar,917,54,52,0,1023,0,0,9,0,9,917,54,61,0,1032,0,0,0,1032
12/06/2021,MCO,FL,ASO,ES,Towers with Radar,874,45,51,0,970,0,1,9,0,10,874,46,60,0,980,0,0,0,980
12/07/2021,MCO,FL,ASO,ES,Towers with Radar,812,51,38,0,901,0,0,2,0,2,812,51,40,0,903,0,0,0,903
12/08/2021,MCO,FL,ASO,ES,Towers with Radar,806,37,46,0,889,0,4,8,0,12,806,41,54,0,901,0,0,0,901
12/09/2021,MCO,FL,ASO,ES,Towers with Radar,930,32,45,0,1007,0,0,2,0,2,930,32,47,0,1009,0,0,0,1009
12/10/2021,MCO,FL,ASO,ES,Towers with Radar,907,41,39,0,987,1,4,6,0,11,908,45,45,0,998,0,0,0,998
12/11/2021,MCO,FL,ASO,ES,Towers with Radar,960,22,37,2,1021,0,0,3,0,3,960,22,40,2,1024,0,0,0,1024
12/12/2021,MCO,FL,ASO,ES,Towers with Radar,916,34,53,0,1003,1,0,1,0,2,917,34,54,0,1005,0,0,0,1005
12/13/2021,MCO,FL,ASO,ES,Towers with Radar,890,33,45,0,968,0,0,4,0,4,890,33,49,0,972,0,0,0,972
12/14/2021,MCO,FL,ASO,ES,Towers with Radar,819,31,50,0,900,0,2,3,4,9,819,33,53,4,909,0,0,0,909
12/15/2021,MCO,FL,ASO,ES,Towers with Radar,827,35,36,2,900,0,0,4,0,4,827,35,40,2,904,0,0,0,904
12/16/2021,MCO,FL,ASO,ES,Towers with Radar,965,49,54,2,1070,0,0,11,1,12,965,49,65,3,1082,0,0,0,1082
12/17/2021,MCO,FL,ASO,ES,Towers with Radar,976,49,66,1,1092,0,1,13,1,15,976,50,79,2,1107,0,0,0,1107
12/18/2021,MCO,FL,ASO,ES,Towers with Radar,1100,41,43,3,1187,0,1,2,0,3,1100,42,45,3,1190,0,0,0,1190
12/19/2021,MCO,FL,ASO,ES,Towers with Radar,966,50,47,0,1063,0,1,4,0,5,966,51,51,0,1068,0,0,0,1068
12/20/2021,MCO,FL,ASO,ES,Towers with Radar,952,49,33,1,1035,0,0,0,0,0,952,49,33,1,1035,0,0,0,1035
12/21/2021,MCO,FL,ASO,ES,Towers with Radar,1028,34,25,0,1087,0,0,2,0,2,1028,34,27,0,1089,0,0,0,1089
12/22/2021,MCO,FL,ASO,ES,Towers with Radar,1010,44,54,0,1108,0,0,7,0,7,1010,44,61,0,1115,0,0,0,1115
12/23/2021,MCO,FL,ASO,ES,Towers with Radar,1057,46,55,0,1158,0,0,10,0,10,1057,46,65,0,1168,0,0,0,1168
12/24/2021,MCO,FL,ASO,ES,Towers with Radar,908,40,7,0,955,0,0,6,2,8,908,40,13,2,963,0,0,0,963
12/25/2021,MCO,FL,ASO,ES,Towers with Radar,913,28,11,0,952,0,0,6,0,6,913,28,17,0,958,0,0,0,958
12/26/2021,MCO,FL,ASO,ES,Towers with Radar,946,58,45,0,1049,0,0,6,0,6,946,58,51,0,1055,0,0,0,1055
12/27/2021,MCO,FL,ASO,ES,Towers with Radar,988,45,44,1,1078,0,9,6,1,16,988,54,50,2,1094,0,0,0,1094
12/28/2021,MCO,FL,ASO,ES,Towers with Radar,990,47,28,0,1065,0,4,4,0,8,990,51,32,0,1073,0,0,0,1073
12/29/2021,MCO,FL,ASO,ES,Towers with Radar,1004,39,44,1,1088,0,1,7,0,8,1004,40,51,1,1096,0,0,0,1096
12/30/2021,MCO,FL,ASO,ES,Towers with Radar,1000,56,50,0,1106,0,0,4,0,4,1000,56,54,0,1110,0,0,0,1110
12/31/2021,MCO,FL,ASO,ES,Towers with Radar,863,50,30,0,943,0,0,7,0,7,863,50,37,0,950,0,0,0,950
01/01/2022,MCO,FL,ASO,ES,Towers with Radar,937,19,11,0,967,0,4,2,0,6,937,23,13,0,973,0,0,0,973
01/02/2022,MCO,FL,ASO,ES,Towers with Radar,883,39,64,0,986,0,0,3,0,3,883,39,67,0,989,0,0,0,989
01/03/2022,MCO,FL,ASO,ES,Towers with Radar,937,48,25,0,1010,0,2,4,0,6,937,50,29,0,1016,0,0,0,1016
01/04/2022,MCO,FL,ASO,ES,Towers with Radar,919,48,31,0,998,0,0,11,0,11,919,48,42,0,1009,0,0,0,1009
01/05/2022,MCO,FL,ASO,ES,Towers with Radar,839,30,23,0,892,0,4,13,0,17,839,34,36,0,909,0,0,0,909
01/06/2022,MCO,FL,ASO,ES,Towers with Radar,850,47,42,0,939,0,2,10,4,16,850,49,52,4,955,0,0,0,955
01/07/2022,MCO,FL,ASO,ES,Towers with Radar,883,34,35,0,952,0,0,8,0,8,883,34,43,0,960,0,0,0,960
01/08/2022,MCO,FL,ASO,ES,Towers with Radar,929,30,35,0,994,0,0,5,0,5,929,30,40,0,999,0,0,0,999
01/09/2022,MCO,FL,ASO,ES,Towers with Radar,899,40,41,0,980,0,0,6,0,6,899,40,47,0,986,0,0,0,986
01/10/2022,MCO,FL,ASO,ES,Towers with Radar,872,31,36,0,939,0,0,4,0,4,872,31,40,0,943,0,0,0,943
01/11/2022,MCO,FL,ASO,ES,Towers with Radar,813,21,39,0,873,0,0,4,0,4,813,21,43,0,877,0,0,0,877
01/12/2022,MCO,FL,ASO,ES,Towers with Radar,820,29,23,3,875,0,2,6,0,8,820,31,29,3,883,0,0,0,883
01/13/2022,MCO,FL,ASO,ES,Towers with Radar,883,39,33,1,956,0,2,5,0,7,883,41,38,1,963,0,0,0,963
01/14/2022,MCO,FL,ASO,ES,Towers with Radar,912,46,57,1,1016,0,4,13,0,17,912,50,70,1,1033,0,0,0,1033
01/15/2022,MCO,FL,ASO,ES,Towers with Radar,947,35,30,1,1013,0,0,7,0,7,947,35,37,1,1020,0,0,0,1020
01/16/2022,MCO,FL,ASO,ES,Towers with Radar,820,33,16,0,869,0,4,1,0,5,820,37,17,0,874,0,0,0,874
01/17/2022,MCO,FL,ASO,ES,Towers with Radar,871,47,43,2,963,0,0,6,0,6,871,47,49,2,969,0,0,0,969
01/18/2022,MCO,FL,ASO,ES,Towers with Radar,821,32,44,0,897,0,5,9,4,18,821,37,53,4,915,0,0,0,915
01/19/2022,MCO,FL,ASO,ES,Towers with Radar,821,33,59,0,913,0,3,3,0,6,821,36,62,0,919,0,0,0,919
01/20/2022,MCO,FL,ASO,ES,Towers with Radar,894,45,43,0,982,2,1,6,0,9,896,46,49,0,991,0,0,0,991
01/21/2022,MCO,FL,ASO,ES,Towers with Radar,909,24,31,0,964,0,2,8,0,10,909,26,39,0,974,0,0,0,974
01/22/2022,MCO,FL,ASO,ES,Towers with Radar,957,17,12,0,986,0,0,1,0,1,957,17,13,0,987,0,0,0,987
01/23/2022,MCO,FL,ASO,ES,Towers with Radar,864,35,31,2,932,1,0,1,0,2,865,35,32,2,934,0,0,0,934
01/24/2022,MCO,FL,ASO,ES,Towers with Radar,780,34,41,2,857,0,1,0,0,1,780,35,41,2,858,0,0,0,858
01/25/2022,MCO,FL,ASO,ES,Towers with Radar,804,25,37,1,867,0,0,1,0,1,804,25,38,1,868,0,0,0,868
01/26/2022,MCO,FL,ASO,ES,Towers with Radar,814,24,40,4,882,0,0,0,0,0,814,24,40,4,882,0,0,0,882
01/27/2022,MCO,FL,ASO,ES,Towers with Radar,900,43,52,2,997,0,0,2,0,2,900,43,54,2,999,0,0,0,999
01/28/2022,MCO,FL,ASO,ES,Towers with Radar,876,39,38,1,954,0,1,1,0,2,876,40,39,1,956,0,0,0,956
01/29/2022,MCO,FL,ASO,ES,Towers with Radar,803,24,25,2,854,0,0,5,0,5,803,24,30,2,859,0,0,0,859
01/30/2022,MCO,FL,ASO,ES,Towers with Radar,831,35,48,0,914,0,2,3,0,5,831,37,51,0,919,0,0,0,919
01/31/2022,MCO,FL,ASO,ES,Towers with Radar,878,25,49,1,953,0,3,10,0,13,878,28,59,1,966,0,0,0,966
02/01/2022,MCO,FL,ASO,ES,Towers with Radar,805,26,48,2,881,0,1,7,0,8,805,27,55,2,889,0,0,0,889
02/02/2022,MCO,FL,ASO,ES,Towers with Radar,773,23,41,2,839,0,0,4,0,4,773,23,45,2,843,0,0,0,843
02/03/2022,MCO,FL,ASO,ES,Towers with Radar,758,25,49,0,832,0,0,3,1,4,758,25,52,1,836,0,0,0,836
02/04/2022,MCO,FL,ASO,ES,Towers with Radar,781,37,32,0,850,0,0,12,1,13,781,37,44,1,863,0,0,0,863
02/05/2022,MCO,FL,ASO,ES,Towers with Radar,929,37,30,1,997,0,0,3,1,4,929,37,33,2,1001,0,0,0,1001
02/06/2022,MCO,FL,ASO,ES,Towers with Radar,858,41,54,1,954,0,0,3,0,3,858,41,57,1,957,0,0,0,957
02/07/2022,MCO,FL,ASO,ES,Towers with Radar,851,43,78,0,972,0,0,5,1,6,851,43,83,1,978,0,0,0,978
02/08/2022,MCO,FL,ASO,ES,Towers with Radar,814,36,67,0,917,0,0,0,0,0,814,36,67,0,917,0,0,0,917
02/09/2022,MCO,FL,ASO,ES,Towers with Radar,812,34,78,0,924,0,0,1,0,1,812,34,79,0,925,0,0,0,925
02/10/2022,MCO,FL,ASO,ES,Towers with Radar,917,47,80,0,1044,0,0,6,0,6,917,47,86,0,1050,0,0,0,1050
02/11/2022,MCO,FL,ASO,ES,Towers with Radar,932,43,31,1,1007,0,0,7,3,10,932,43,38,4,1017,0,0,0,1017
02/12/2022,MCO,FL,ASO,ES,Towers with Radar,980,26,37,0,1043,0,3,2,0,5,980,29,39,0,1048,0,0,0,1048
02/13/2022,MCO,FL,ASO,ES,Towers with Radar,858,31,31,0,920,0,2,4,3,9,858,33,35,3,929,0,0,0,929
02/14/2022,MCO,FL,ASO,ES,Towers with Radar,916,44,48,0,1008,0,5,3,0,8,916,49,51,0,1016,0,0,0,1016
02/15/2022,MCO,FL,ASO,ES,Towers with Radar,842,35,26,0,903,0,0,2,0,2,842,35,28,0,905,0,0,0,905
02/16/2022,MCO,FL,ASO,ES,Towers with Radar,830,39,56,2,927,0,0,8,0,8,830,39,64,2,935,0,0,0,935
02/17/2022,MCO,FL,ASO,ES,Towers with Radar,918,42,53,0,1013,0,0,1,0,1,918,42,54,0,1014,0,0,0,1014
02/18/2022,MCO,FL,ASO,ES,Towers with Radar,952,47,70,0,1069,0,0,3,5,8,952,47,73,5,1077,0,0,0,1077
02/19/2022,MCO,FL,ASO,ES,Towers with Radar,1036,50,25,0,1111,0,0,7,2,9,1036,50,32,2,1120,0,0,0,1120
02/20/2022,MCO,FL,ASO,ES,Towers with Radar,922,47,49,0,1018,0,0,4,5,9,922,47,53,5,1027,0,0,0,1027
02/21/2022,MCO,FL,ASO,ES,Towers with Radar,952,54,64,0,1070,0,1,6,2,9,952,55,70,2,1079,0,0,0,1079
02/22/2022,MCO,FL,ASO,ES,Towers with Radar,906,51,50,2,1009,0,2,4,1,7,906,53,54,3,1016,0,0,0,1016
02/23/2022,MCO,FL,ASO,ES,Towers with Radar,888,50,85,2,1025,0,0,3,0,3,888,50,88,2,1028,0,0,0,1028
02/24/2022,MCO,FL,ASO,ES,Towers with Radar,916,50,59,0,1025,0,0,12,0,12,916,50,71,0,1037,0,0,0,1037
02/25/2022,MCO,FL,ASO,ES,Towers with Radar,902,43,48,0,993,0,4,7,0,11,902,47,55,0,1004,0,0,0,1004
02/26/2022,MCO,FL,ASO,ES,Towers with Radar,1033,42,36,0,1111,1,0,9,0,10,1034,42,45,0,1121,0,0,0,1121
02/27/2022,MCO,FL,ASO,ES,Towers with Radar,924,55,60,0,1039,0,0,6,0,6,924,55,66,0,1045,0,0,0,1045
02/28/2022,MCO,FL,ASO,ES,Towers with Radar,957,48,53,0,1058,0,0,4,0,4,957,48,57,0,1062,0,0,0,1062
03/01/2022,MCO,FL,ASO,ES,Towers with Radar,900,52,35,1,988,0,0,6,0,6,900,52,41,1,994,0,0,0,994
03/02/2022,MCO,FL,ASO,ES,Towers with Radar,890,38,56,18,1002,0,0,9,0,9,890,38,65,18,1011,0,0,0,1011
03/03/2022,MCO,FL,ASO,ES,Towers with Radar,950,47,58,8,1063,0,0,4,0,4,950,47,62,8,1067,0,0,0,1067
03/04/2022,MCO,FL,ASO,ES,Towers with Radar,960,49,58,16,1083,0,0,9,1,10,960,49,67,17,1093,0,0,0,1093
03/05/2022,MCO,FL,ASO,ES,Towers with Radar,1028,34,35,0,1097,0,0,5,2,7,1028,34,40,2,1104,0,0,0,1104
03/06/2022,MCO,FL,ASO,ES,Towers with Radar,929,59,60,0,1048,0,3,5,2,10,929,62,65,2,1058,0,0,0,1058
03/07/2022,MCO,FL,ASO,ES,Towers with Radar,933,69,69,0,1071,0,0,7,4,11,933,69,76,4,1082,0,0,0,1082
03/08/2022,MCO,FL,ASO,ES,Towers with Radar,926,60,60,0,1046,0,0,4,0,4,926,60,64,0,1050,0,0,0,1050
03/09/2022,MCO,FL,ASO,ES,Towers with Radar,848,49,51,0,948,0,0,2,0,2,848,49,53,0,950,0,0,0,950
03/10/2022,MCO,FL,ASO,ES,Towers with Radar,954,40,50,0,1044,0,0,0,0,0,954,40,50,0,1044,0,0,0,1044
03/11/2022,MCO,FL,ASO,ES,Towers with Radar,948,60,53,0,1061,0,0,3,0,3,948,60,56,0,1064,0,0,0,1064
03/12/2022,MCO,FL,ASO,ES,Towers with Radar,938,42,47,1,1028,0,0,1,0,1,938,42,48,1,1029,0,0,0,1029
03/13/2022,MCO,FL,ASO,ES,Towers with Radar,960,51,58,0,1069,0,0,7,0,7,960,51,65,0,1076,0,0,0,1076
03/14/2022,MCO,FL,ASO,ES,Towers with Radar,969,60,33,0,1062,0,4,7,0,11,969,64,40,0,1073,0,0,0,1073
03/15/2022,MCO,FL,ASO,ES,Towers with Radar,905,62,54,0,1021,0,0,2,0,2,905,62,56,0,1023,0,0,0,1023
03/16/2022,MCO,FL,ASO,ES,Towers with Radar,950,42,47,0,1039,0,0,2,0,2,950,42,49,0,1041,0,0,0,1041
03/17/2022,MCO,FL,ASO,ES,Towers with Radar,1003,39,47,0,1089,0,0,6,0,6,1003,39,53,0,1095,0,0,0,1095
03/18/2022,MCO,FL,ASO,ES,Towers with Radar,971,48,58,1,1078,0,1,5,0,6,971,49,63,1,1084,0,0,0,1084
03/19/2022,MCO,FL,ASO,ES,Towers with Radar,1098,53,41,0,1192,0,3,0,0,3,1098,56,41,0,1195,0,0,0,1195
03/20/2022,MCO,FL,ASO,ES,Towers with Radar,1003,52,54,0,1109,0,3,4,0,7,1003,55,58,0,1116,0,0,0,1116
03/21/2022,MCO,FL,ASO,ES,Towers with Radar,983,42,53,0,1078,0,2,14,0,16,983,44,67,0,1094,0,0,0,1094
03/22/2022,MCO,FL,ASO,ES,Towers with Radar,930,47,45,0,1022,0,0,8,3,11,930,47,53,3,1033,0,0,0,1033
03/23/2022,MCO,FL,ASO,ES,Towers with Radar,919,39,65,0,1023,0,0,2,0,2,919,39,67,0,1025,0,0,0,1025
03/24/2022,MCO,FL,ASO,ES,Towers with Radar,984,40,51,0,1075,0,0,2,0,2,984,40,53,0,1077,0,0,0,1077
03/25/2022,MCO,FL,ASO,ES,Towers with Radar,1022,62,47,0,1131,0,2,2,0,4,1022,64,49,0,1135,0,0,0,1135
03/26/2022,MCO,FL,ASO,ES,Towers with Radar,1106,35,35,0,1176,0,6,9,0,15,1106,41,44,0,1191,0,0,0,1191
03/27/2022,MCO,FL,ASO,ES,Towers with Radar,980,51,80,0,1111,0,0,6,0,6,980,51,86,0,1117,0,0,0,1117
03/28/2022,MCO,FL,ASO,ES,Towers with Radar,966,57,69,0,1092,0,4,4,0,8,966,61,73,0,1100,0,0,0,1100
03/29/2022,MCO,FL,ASO,ES,Towers with Radar,938,27,59,0,1024,0,0,7,0,7,938,27,66,0,1031,0,0,0,1031
03/30/2022,MCO,FL,ASO,ES,Towers with Radar,915,40,62,0,1017,0,4,5,0,9,915,44,67,0,1026,0,0,0,1026
03/31/2022,MCO,FL,ASO,ES,Towers with Radar,879,45,61,0,985,0,0,0,0,0,879,45,61,0,985,0,0,0,985
04/01/2022,MCO,FL,ASO,ES,Towers with Radar,926,71,57,0,1054,0,1,6,0,7,926,72,63,0,1061,0,0,0,1061
04/02/2022,MCO,FL,ASO,ES,Towers with Radar,702,28,29,0,759,0,0,3,0,3,702,28,32,0,762,0,0,0,762
04/03/2022,MCO,FL,ASO,ES,Towers with Radar,812,66,85,0,963,0,0,2,0,2,812,66,87,0,965,0,0,0,965
04/04/2022,MCO,FL,ASO,ES,Towers with Radar,899,55,59,0,1013,0,4,10,0,14,899,59,69,0,1027,0,0,0,1027
04/05/2022,MCO,FL,ASO,ES,Towers with Radar,911,42,46,0,999,0,0,12,0,12,911,42,58,0,1011,0,0,0,1011
04/06/2022,MCO,FL,ASO,ES,Towers with Radar,919,38,59,0,1016,0,5,8,0,13,919,43,67,0,1029,0,0,0,1029
04/07/2022,MCO,FL,ASO,ES,Towers with Radar,817,48,42,0,907,0,1,4,0,5,817,49,46,0,912,0,0,0,912
04/08/2022,MCO,FL,ASO,ES,Towers with Radar,980,59,83,0,1122,0,0,10,4,14,980,59,93,4,1136,0,0,0,1136
04/09/2022,MCO,FL,ASO,ES,Towers with Radar,999,40,40,0,1079,0,0,6,0,6,999,40,46,0,1085,0,0,0,1085
04/10/2022,MCO,FL,ASO,ES,Towers with Radar,937,64,44,0,1045,0,0,12,0,12,937,64,56,0,1057,0,0,0,1057
04/11/2022,MCO,FL,ASO,ES,Towers with Radar,942,40,42,0,1024,0,0,6,0,6,942,40,48,0,1030,0,0,0,1030
04/12/2022,MCO,FL,ASO,ES,Towers with Radar,943,57,42,0,1042,0,0,9,0,9,943,57,51,0,1051,0,0,0,1051
04/13/2022,MCO,FL,ASO,ES,Towers with Radar,912,47,53,0,1012,0,0,7,2,9,912,47,60,2,1021,0,0,0,1021
04/14/2022,MCO,FL,ASO,ES,Towers with Radar,966,65,80,2,1113,0,0,2,0,2,966,65,82,2,1115,0,0,0,1115
04/15/2022,MCO,FL,ASO,ES,Towers with Radar,967,71,40,0,1078,0,0,4,0,4,967,71,44,0,1082,0,0,0,1082
04/16/2022,MCO,FL,ASO,ES,Towers with Radar,1047,32,31,0,1110,0,0,3,2,5,1047,32,34,2,1115,0,0,0,1115
04/17/2022,MCO,FL,ASO,ES,Towers with Radar,899,44,32,1,976,0,0,3,0,3,899,44,35,1,979,0,0,0,979
04/18/2022,MCO,FL,ASO,ES,Towers with Radar,964,44,41,0,1049,0,5,9,1,15,964,49,50,1,1064,0,0,0,1064
04/19/2022,MCO,FL,ASO,ES,Towers with Radar,955,39,34,2,1030,0,0,6,0,6,955,39,40,2,1036,0,0,0,1036
04/20/2022,MCO,FL,ASO,ES,Towers with Radar,929,36,53,1,1019,0,7,8,1,16,929,43,61,2,1035,0,0,0,1035
04/21/2022,MCO,FL,ASO,ES,Towers with Radar,972,43,47,0,1062,0,4,7,0,11,972,47,54,0,1073,0,0,0,1073
04/22/2022,MCO,FL,ASO,ES,Towers with Radar,994,52,45,0,1091,0,0,6,0,6,994,52,51,0,1097,0,0,0,1097
04/23/2022,MCO,FL,ASO,ES,Towers with Radar,1015,25,36,0,1076,0,0,7,0,7,1015,25,43,0,1083,0,0,0,1083
04/24/2022,MCO,FL,ASO,ES,Towers with Radar,972,52,68,0,1092,0,0,6,0,6,972,52,74,0,1098,0,0,0,1098
04/25/2022,MCO,FL,ASO,ES,Towers with Radar,971,49,37,0,1057,0,1,10,0,11,971,50,47,0,1068,0,0,0,1068
04/26/2022,MCO,FL,ASO,ES,Towers with Radar,952,46,30,0,1028,0,1,14,0,15,952,47,44,0,1043,0,0,0,1043
04/27/2022,MCO,FL,ASO,ES,Towers with Radar,897,59,47,2,1005,0,0,14,3,17,897,59,61,5,1022,0,0,0,1022
04/28/2022,MCO,FL,ASO,ES,Towers with Radar,944,54,52,0,1050,0,7,4,0,11,944,61,56,0,1061,0,0,0,1061
04/29/2022,MCO,FL,ASO,ES,Towers with Radar,970,44,30,0,1044,0,4,3,0,7,970,48,33,0,1051,0,0,0,1051
04/30/2022,MCO,FL,ASO,ES,Towers with Radar,981,35,19,1,1036,0,0,2,0,2,981,35,21,1,1038,0,0,0,1038
05/01/2022,MCO,FL,ASO,ES,Towers with Radar,883,56,37,3,979,0,0,6,0,6,883,56,43,3,985,0,0,0,985
05/02/2022,MCO,FL,ASO,ES,Towers with Radar,944,47,39,0,1030,0,0,10,0,10,944,47,49,0,1040,0,0,0,1040
05/03/2022,MCO,FL,ASO,ES,Towers with Radar,921,54,41,0,1016,0,0,5,0,5,921,54,46,0,1021,0,0,0,1021
05/04/2022,MCO,FL,ASO,ES,Towers with Radar,883,39,44,0,966,0,2,6,0,8,883,41,50,0,974,0,0,0,974
05/05/2022,MCO,FL,ASO,ES,Towers with Radar,927,47,44,0,1018,0,1,5,0,6,927,48,49,0,1024,0,0,0,1024
05/06/2022,MCO,FL,ASO,ES,Towers with Radar,946,51,35,0,1032,0,2,7,0,9,946,53,42,0,1041,0,0,0,1041
05/07/2022,MCO,FL,ASO,ES,Towers with Radar,988,21,39,0,1048,0,1,2,0,3,988,22,41,0,1051,0,0,0,1051
05/08/2022,MCO,FL,ASO,ES,Towers with Radar,924,36,44,0,1004,0,0,6,0,6,924,36,50,0,1010,0,0,0,1010
05/09/2022,MCO,FL,ASO,ES,Towers with Radar,935,43,52,0,1030,0,7,4,0,11,935,50,56,0,1041,0,0,0,1041
05/10/2022,MCO,FL,ASO,ES,Towers with Radar,914,39,33,0,986,0,1,2,0,3,914,40,35,0,989,0,0,0,989
05/11/2022,MCO,FL,ASO,ES,Towers with Radar,896,31,49,2,978,0,0,12,0,12,896,31,61,2,990,0,0,0,990
05/12/2022,MCO,FL,ASO,ES,Towers with Radar,935,46,43,0,1024,0,1,6,0,7,935,47,49,0,1031,0,0,0,1031
05/13/2022,MCO,FL,ASO,ES,Towers with Radar,920,38,32,1,991,0,0,4,1,5,920,38,36,2,996,0,0,0,996
05/14/2022,MCO,FL,ASO,ES,Towers with Radar,992,22,26,1,1041,0,0,6,1,7,992,22,32,2,1048,0,0,0,1048
05/15/2022,MCO,FL,ASO,ES,Towers with Radar,905,48,29,0,982,0,0,6,0,6,905,48,35,0,988,0,0,0,988
05/16/2022,MCO,FL,ASO,ES,Towers with Radar,939,45,30,0,1014,0,2,9,0,11,939,47,39,0,1025,0,0,0,1025
05/17/2022,MCO,FL,ASO,ES,Towers with Radar,902,43,35,0,980,0,0,8,0,8,902,43,43,0,988,0,0,0,988
05/18/2022,MCO,FL,ASO,ES,Towers with Radar,915,38,47,0,1000,0,1,7,0,8,915,39,54,0,1008,0,0,0,1008
05/19/2022,MCO,FL,ASO,ES,Towers with Radar,940,40,42,0,1022,0,4,0,0,4,940,44,42,0,1026,0,0,0,1026
05/20/2022,MCO,FL,ASO,ES,Towers with Radar,875,36,26,1,938,0,0,2,0,2,875,36,28,1,940,0,0,0,940
05/21/2022,MCO,FL,ASO,ES,Towers with Radar,930,42,23,0,995,0,0,0,0,0,930,42,23,0,995,0,0,0,995
05/22/2022,MCO,FL,ASO,ES,Towers with Radar,898,42,49,0,989,0,0,1,0,1,898,42,50,0,990,0,0,0,990
05/23/2022,MCO,FL,ASO,ES,Towers with Radar,928,33,30,0,991,0,0,6,0,6,928,33,36,0,997,0,0,0,997
05/24/2022,MCO,FL,ASO,ES,Towers with Radar,912,40,21,1,974,0,3,15,0,18,912,43,36,1,992,0,0,0,992
05/25/2022,MCO,FL,ASO,ES,Towers with Radar,891,33,45,0,969,0,0,8,0,8,891,33,53,0,977,0,0,0,977
05/26/2022,MCO,FL,ASO,ES,Towers with Radar,934,32,30,0,996,0,2,13,0,15,934,34,43,0,1011,0,0,0,1011
05/27/2022,MCO,FL,ASO,ES,Towers with Radar,915,39,41,0,995,0,0,8,0,8,915,39,49,0,1003,0,0,0,1003
05/28/2022,MCO,FL,ASO,ES,Towers with Radar,959,20,20,0,999,0,1,4,0,5,959,21,24,0,1004,0,0,0,1004
05/29/2022,MCO,FL,ASO,ES,Towers with Radar,932,35,21,0,988,0,0,0,0,0,932,35,21,0,988,0,0,0,988
05/30/2022,MCO,FL,ASO,ES,Towers with Radar,924,41,28,1,994,0,0,3,0,3,924,41,31,1,997,0,0,0,997
05/31/2022,MCO,FL,ASO,ES,Towers with Radar,888,34,40,1,963,0,0,2,0,2,888,34,42,1,965,0,0,0,965
06/01/2022,MCO,FL,ASO,ES,Towers with Radar,865,26,19,0,910,0,0,7,0,7,865,26,26,0,917,0,0,0,917
06/02/2022,MCO,FL,ASO,ES,Towers with Radar,888,30,26,0,944,0,4,3,0,7,888,34,29,0,951,0,0,0,951
06/03/2022,MCO,FL,ASO,ES,Towers with Radar,925,41,35,1,1002,0,2,0,1,3,925,43,35,2,1005,0,0,0,1005
06/04/2022,MCO,FL,ASO,ES,Towers with Radar,952,20,24,1,997,0,0,0,0,0,952,20,24,1,997,0,0,0,997
06/05/2022,MCO,FL,ASO,ES,Towers with Radar,863,48,42,1,954,0,0,0,0,0,863,48,42,1,954,0,0,0,954
06/06/2022,MCO,FL,ASO,ES,Towers with Radar,863,43,26,0,932,0,0,4,0,4,863,43,30,0,936,0,0,0,936
06/07/2022,MCO,FL,ASO,ES,Towers with Radar,895,43,29,1,968,0,0,1,0,1,895,43,30,1,969,0,0,0,969
06/08/2022,MCO,FL,ASO,ES,Towers with Radar,851,39,28,5,923,0,0,11,0,11,851,39,39,5,934,0,0,0,934
06/09/2022,MCO,FL,ASO,ES,Towers with Radar,894,41,30,0,965,0,2,6,0,8,894,43,36,0,973,0,0,0,973
06/10/2022,MCO,FL,ASO,ES,Towers with Radar,871,46,25,0,942,0,1,2,0,3,871,47,27,0,945,0,0,0,945
06/11/2022,MCO,FL,ASO,ES,Towers with Radar,1000,28,30,1,1059,1,0,1,0,2,1001,28,31,1,1061,0,0,0,1061
06/12/2022,MCO,FL,ASO,ES,Towers with Radar,868,32,32,0,932,0,4,3,0,7,868,36,35,0,939,0,0,0,939
06/13/2022,MCO,FL,ASO,ES,Towers with Radar,912,40,24,0,976,0,6,6,0,12,912,46,30,0,988,0,0,0,988
06/14/2022,MCO,FL,ASO,ES,Towers with Radar,886,25,34,0,945,0,4,5,0,9,886,29,39,0,954,0,0,0,954
06/15/2022,MCO,FL,ASO,ES,Towers with Radar,900,23,38,0,961,0,4,6,0,10,900,27,44,0,971,0,0,0,971
06/16/2022,MCO,FL,ASO,ES,Towers with Radar,856,30,36,2,924,0,0,2,0,2,856,30,38,2,926,0,0,0,926
06/17/2022,MCO,FL,ASO,ES,Towers with Radar,906,32,41,0,979,0,4,8,0,12,906,36,49,0,991,0,0,0,991
06/18/2022,MCO,FL,ASO,ES,Towers with Radar,947,27,26,0,1000,0,0,2,0,2,947,27,28,0,1002,0,0,0,1002
06/19/2022,MCO,FL,ASO,ES,Towers with Radar,897,24,23,0,944,0,0,3,0,3,897,24,26,0,947,0,0,0,947
06/20/2022,MCO,FL,ASO,ES,Towers with Radar,920,43,60,2,1025,0,0,5,0,5,920,43,65,2,1030,0,0,0,1030
06/21/2022,MCO,FL,ASO,ES,Towers with Radar,880,37,19,0,936,0,0,8,0,8,880,37,27,0,944,0,0,0,944
06/22/2022,MCO,FL,ASO,ES,Towers with Radar,837,36,42,0,915,0,1,5,0,6,837,37,47,0,921,0,0,0,921
06/23/2022,MCO,FL,ASO,ES,Towers with Radar,922,37,40,0,999,0,1,11,0,12,922,38,51,0,1011,0,0,0,1011
06/24/2022,MCO,FL,ASO,ES,Towers with Radar,868,31,28,0,927,0,0,4,0,4,868,31,32,0,931,0,0,0,931
06/25/2022,MCO,FL,ASO,ES,Towers with Radar,1011,25,29,0,1065,0,1,2,0,3,1011,26,31,0,1068,0,0,0,1068
06/26/2022,MCO,FL,ASO,ES,Towers with Radar,911,28,55,0,994,0,0,2,0,2,911,28,57,0,996,0,0,0,996
06/27/2022,MCO,FL,ASO,ES,Towers with Radar,879,27,39,0,945,0,3,2,0,5,879,30,41,0,950,0,0,0,950
06/28/2022,MCO,FL,ASO,ES,Towers with Radar,904,28,30,0,962,2,0,4,0,6,906,28,34,0,968,0,0,0,968
06/29/2022,MCO,FL,ASO,ES,Towers with Radar,878,29,37,0,944,0,0,5,0,5,878,29,42,0,949,0,0,0,949
06/30/2022,MCO,FL,ASO,ES,Towers with Radar,926,34,49,0,1009,0,0,2,0,2,926,34,51,0,1011,0,0,0,1011
07/01/2022,MCO,FL,ASO,ES,Towers with Radar,907,37,24,0,968,0,0,3,0,3,907,37,27,0,971,0,0,0,971
07/02/2022,MCO,FL,ASO,ES,Towers with Radar,1012,22,18,0,1052,0,5,3,0,8,1012,27,21,0,1060,0,0,0,1060
07/03/2022,MCO,FL,ASO,ES,Towers with Radar,911,30,21,0,962,0,2,2,0,4,911,32,23,0,966,0,0,0,966
07/04/2022,MCO,FL,ASO,ES,Towers with Radar,893,18,14,0,925,0,0,1,0,1,893,18,15,0,926,0,0,0,926
07/05/2022,MCO,FL,ASO,ES,Towers with Radar,878,20,16,0,914,0,2,4,0,6,878,22,20,0,920,0,0,0,920
07/06/2022,MCO,FL,ASO,ES,Towers with Radar,892,23,29,0,944,0,0,2,0,2,892,23,31,0,946,0,0,0,946
07/07/2022,MCO,FL,ASO,ES,Towers with Radar,940,37,42,2,1021,0,4,2,0,6,940,41,44,2,1027,0,0,0,1027
07/08/2022,MCO,FL,ASO,ES,Towers with Radar,931,31,22,0,984,0,4,4,0,8,931,35,26,0,992,0,0,0,992
07/09/2022,MCO,FL,ASO,ES,Towers with Radar,990,17,21,1,1029,0,0,5,0,5,990,17,26,1,1034,0,0,0,1034
07/10/2022,MCO,FL,ASO,ES,Towers with Radar,938,24,24,1,987,0,0,1,0,1,938,24,25,1,988,0,0,0,988
07/11/2022,MCO,FL,ASO,ES,Towers with Radar,916,35,28,0,979,1,0,8,0,9,917,35,36,0,988,0,0,0,988
07/12/2022,MCO,FL,ASO,ES,Towers with Radar,918,28,34,0,980,0,1,5,0,6,918,29,39,0,986,0,0,0,986
07/13/2022,MCO,FL,ASO,ES,Towers with Radar,888,36,28,1,953,0,1,4,0,5,888,37,32,1,958,0,0,0,958
07/14/2022,MCO,FL,ASO,ES,Towers with Radar,927,35,35,3,1000,0,1,0,0,1,927,36,35,3,1001,0,0,0,1001
07/15/2022,MCO,FL,ASO,ES,Towers with Radar,950,31,22,0,1003,0,1,9,0,10,950,32,31,0,1013,0,0,0,1013
07/16/2022,MCO,FL,ASO,ES,Towers with Radar,1013,25,32,0,1070,0,0,2,0,2,1013,25,34,0,1072,0,0,0,1072
07/17/2022,MCO,FL,ASO,ES,Towers with Radar,905,29,53,0,987,0,1,4,0,5,905,30,57,0,992,0,0,0,992
07/18/2022,MCO,FL,ASO,ES,Towers with Radar,895,33,27,0,955,0,0,4,0,4,895,33,31,0,959,0,0,0,959
07/19/2022,MCO,FL,ASO,ES,Towers with Radar,919,28,24,0,971,0,3,4,0,7,919,31,28,0,978,0,0,0,978
07/20/2022,MCO,FL,ASO,ES,Towers with Radar,902,27,35,0,964,0,0,0,0,0,902,27,35,0,964,0,0,0,964
07/21/2022,MCO,FL,ASO,ES,Towers with Radar,927,31,30,0,988,0,9,8,0,17,927,40,38,0,1005,0,0,0,1005
07/22/2022,MCO,FL,ASO,ES,Towers with Radar,938,33,27,0,998,0,0,6,0,6,938,33,33,0,1004,0,0,0,1004
07/23/2022,MCO,FL,ASO,ES,Towers with Radar,995,14,20,0,1029,0,4,4,0,8,995,18,24,0,1037,0,0,0,1037
07/24/2022,MCO,FL,ASO,ES,Towers with Radar,928,28,37,1,994,0,0,14,0,14,928,28,51,1,1008,0,0,0,1008
07/25/2022,MCO,FL,ASO,ES,Towers with Radar,887,32,37,0,956,0,0,2,0,2,887,32,39,0,958,0,0,0,958
07/26/2022,MCO,FL,ASO,ES,Towers with Radar,910,25,22,1,958,0,1,1,0,2,910,26,23,1,960,0,0,0,960
07/27/2022,MCO,FL,ASO,ES,Towers with Radar,909,31,30,2,972,0,1,12,0,13,909,32,42,2,985,0,0,0,985
07/28/2022,MCO,FL,ASO,ES,Towers with Radar,919,37,30,0,986,0,6,13,1,20,919,43,43,1,1006,0,0,0,1006
07/29/2022,MCO,FL,ASO,ES,Towers with Radar,944,27,32,1,1004,0,8,1,1,10,944,35,33,2,1014,0,0,0,1014
07/30/2022,MCO,FL,ASO,ES,Towers with Radar,1033,25,32,0,1090,0,4,2,2,8,1033,29,34,2,1098,0,0,0,1098
07/31/2022,MCO,FL,ASO,ES,Towers with Radar,905,39,31,2,977,0,7,7,0,14,905,46,38,2,991,0,0,0,991
08/01/2022,MCO,FL,ASO,ES,Towers with Radar,896,37,36,0,969,0,0,8,0,8,896,37,44,0,977,0,0,0,977
08/02/2022,MCO,FL,ASO,ES,Towers with Radar,930,27,26,0,983,0,0,8,0,8,930,27,34,0,991,0,0,0,991
08/03/2022,MCO,FL,ASO,ES,Towers with Radar,881,32,27,0,940,0,0,5,0,5,881,32,32,0,945,0,0,0,945
08/04/2022,MCO,FL,ASO,ES,Towers with Radar,887,37,32,0,956,0,6,11,0,17,887,43,43,0,973,0,0,0,973
08/05/2022,MCO,FL,ASO,ES,Towers with Radar,919,36,31,2,988,0,0,12,5,17,919,36,43,7,1005,0,0,0,1005
08/06/2022,MCO,FL,ASO,ES,Towers with Radar,1029,29,29,0,1087,0,5,2,0,7,1029,34,31,0,1094,0,0,0,1094
08/07/2022,MCO,FL,ASO,ES,Towers with Radar,927,36,39,3,1005,0,3,0,1,4,927,39,39,4,1009,0,0,0,1009
08/08/2022,MCO,FL,ASO,ES,Towers with Radar,918,45,30,0,993,0,0,8,0,8,918,45,38,0,1001,0,0,0,1001
08/09/2022,MCO,FL,ASO,ES,Towers with Radar,895,37,20,0,952,0,0,11,0,11,895,37,31,0,963,0,0,0,963
08/10/2022,MCO,FL,ASO,ES,Towers with Radar,876,25,29,0,930,1,4,6,0,11,877,29,35,0,941,0,0,0,941
08/11/2022,MCO,FL,ASO,ES,Towers with Radar,920,38,25,0,983,0,2,8,0,10,920,40,33,0,993,0,0,0,993
08/12/2022,MCO,FL,ASO,ES,Towers with Radar,939,30,34,0,1003,0,2,4,0,6,939,32,38,0,1009,0,0,0,1009
08/13/2022,MCO,FL,ASO,ES,Towers with Radar,1018,18,10,0,1046,0,0,1,0,1,1018,18,11,0,1047,0,0,0,1047
08/14/2022,MCO,FL,ASO,ES,Towers with Radar,922,31,17,0,970,0,0,6,0,6,922,31,23,0,976,0,0,0,976
08/15/2022,MCO,FL,ASO,ES,Towers with Radar,927,30,32,0,989,0,4,2,0,6,927,34,34,0,995,0,0,0,995
08/16/2022,MCO,FL,ASO,ES,Towers with Radar,888,28,25,0,941,0,0,4,0,4,888,28,29,0,945,0,0,0,945
08/17/2022,MCO,FL,ASO,ES,Towers with Radar,889,33,45,2,969,0,0,12,0,12,889,33,57,2,981,0,0,0,981
08/18/2022,MCO,FL,ASO,ES,Towers with Radar,892,37,33,0,962,2,0,6,2,10,894,37,39,2,972,0,0,0,972
08/19/2022,MCO,FL,ASO,ES,Towers with Radar,872,34,33,1,940,1,4,10,1,16,873,38,43,2,956,0,0,0,956
08/20/2022,MCO,FL,ASO,ES,Towers with Radar,1066,19,25,3,1113,0,2,3,0,5,1066,21,28,3,1118,0,0,0,1118
08/21/2022,MCO,FL,ASO,ES,Towers with Radar,882,25,35,2,944,0,0,4,0,4,882,25,39,2,948,0,0,0,948
08/22/2022,MCO,FL,ASO,ES,Towers with Radar,885,29,26,0,940,0,0,2,0,2,885,29,28,0,942,0,0,0,942
08/23/2022,MCO,FL,ASO,ES,Towers with Radar,886,29,28,3,946,0,0,3,0,3,886,29,31,3,949,0,0,0,949
08/24/2022,MCO,FL,ASO,ES,Towers with Radar,882,27,34,5,948,0,5,6,0,11,882,32,40,5,959,0,0,0,959
08/25/2022,MCO,FL,ASO,ES,Towers with Radar,915,38,36,0,989,0,0,0,0,0,915,38,36,0,989,0,0,0,989
08/26/2022,MCO,FL,ASO,ES,Towers with Radar,919,38,20,5,982,1,0,2,0,3,920,38,22,5,985,0,0,0,985
08/27/2022,MCO,FL,ASO,ES,Towers with Radar,982,15,12,6,1015,0,0,5,0,5,982,15,17,6,1020,0,0,0,1020
08/28/2022,MCO,FL,ASO,ES,Towers with Radar,895,23,22,6,946,0,0,0,0,0,895,23,22,6,946,0,0,0,946
08/29/2022,MCO,FL,ASO,ES,Towers with Radar,891,39,39,5,974,0,0,2,0,2,891,39,41,5,976,0,0,0,976
08/30/2022,MCO,FL,ASO,ES,Towers with Radar,869,24,36,0,929,0,8,3,0,11,869,32,39,0,940,0,0,0,940
08/31/2022,MCO,FL,ASO,ES,Towers with Radar,885,25,27,2,939,0,2,6,0,8,885,27,33,2,947,0,0,0,947
09/01/2022,MCO,FL,ASO,ES,Towers with Radar,919,45,41,0,1005,0,0,9,0,9,919,45,50,0,1014,0,0,0,1014
09/02/2022,MCO,FL,ASO,ES,Towers with Radar,928,33,30,0,991,1,0,5,0,6,929,33,35,0,997,0,0,0,997
09/03/2022,MCO,FL,ASO,ES,Towers with Radar,985,18,16,0,1019,0,0,2,0,2,985,18,18,0,1021,0,0,0,1021
09/04/2022,MCO,FL,ASO,ES,Towers with Radar,861,22,11,0,894,0,0,5,0,5,861,22,16,0,899,0,0,0,899
09/05/2022,MCO,FL,ASO,ES,Towers with Radar,894,35,26,0,955,0,4,4,0,8,894,39,30,0,963,0,0,0,963
09/06/2022,MCO,FL,ASO,ES,Towers with Radar,843,15,25,2,885,0,1,4,0,5,843,16,29,2,890,0,0,0,890
09/07/2022,MCO,FL,ASO,ES,Towers with Radar,822,32,31,4,889,0,0,0,0,0,822,32,31,4,889,0,0,0,889
09/08/2022,MCO,FL,ASO,ES,Towers with Radar,885,30,23,2,940,0,0,9,0,9,885,30,32,2,949,0,0,0,949
09/09/2022,MCO,FL,ASO,ES,Towers with Radar,869,37,31,2,939,0,0,2,0,2,869,37,33,2,941,0,0,0,941
09/10/2022,MCO,FL,ASO,ES,Towers with Radar,961,21,27,0,1009,0,0,5,0,5,961,21,32,0,1014,0,0,0,1014
09/11/2022,MCO,FL,ASO,ES,Towers with Radar,912,29,44,0,985,0,0,2,0,2,912,29,46,0,987,0,0,0,987
09/12/2022,MCO,FL,ASO,ES,Towers with Radar,858,42,28,2,930,0,0,2,0,2,858,42,30,2,932,0,0,0,932
09/13/2022,MCO,FL,ASO,ES,Towers with Radar,828,24,25,0,877,1,1,6,0,8,829,25,31,0,885,0,0,0,885
09/14/2022,MCO,FL,ASO,ES,Towers with Radar,801,30,31,1,863,0,0,3,0,3,801,30,34,1,866,0,0,0,866
09/15/2022,MCO,FL,ASO,ES,Towers with Radar,892,43,35,0,970,0,2,1,0,3,892,45,36,0,973,0,0,0,973
09/16/2022,MCO,FL,ASO,ES,Towers with Radar,888,31,50,0,969,0,5,1,4,10,888,36,51,4,979,0,0,0,979
09/17/2022,MCO,FL,ASO,ES,Towers with Radar,912,22,22,0,956,0,0,2,0,2,912,22,24,0,958,0,0,0,958
09/18/2022,MCO,FL,ASO,ES,Towers with Radar,861,33,36,2,932,0,0,2,2,4,861,33,38,4,936,0,0,0,936
09/19/2022,MCO,FL,ASO,ES,Towers with Radar,809,51,27,0,887,0,0,2,0,2,809,51,29,0,889,0,0,0,889
09/20/2022,MCO,FL,ASO,ES,Towers with Radar,832,37,17,0,886,0,0,0,0,0,832,37,17,0,886,0,0,0,886
09/21/2022,MCO,FL,ASO,ES,Towers with Radar,819,37,28,0,884,0,1,1,0,2,819,38,29,0,886,0,0,0,886
09/22/2022,MCO,FL,ASO,ES,Towers with Radar,858,36,33,0,927,0,0,8,0,8,858,36,41,0,935,0,0,0,935
09/23/2022,MCO,FL,ASO,ES,Towers with Radar,890,46,43,0,979,0,0,7,0,7,890,46,50,0,986,0,0,0,986
09/24/2022,MCO,FL,ASO,ES,Towers with Radar,934,18,13,0,965,0,2,5,0,7,934,20,18,0,972,0,0,0,972
09/25/2022,MCO,FL,ASO,ES,Towers with Radar,894,37,34,0,965,0,1,15,0,16,894,38,49,0,981,0,0,0,981
09/26/2022,MCO,FL,ASO,ES,Towers with Radar,872,38,36,0,946,0,0,5,0,5,872,38,41,0,951,0,0,0,951
09/27/2022,MCO,FL,ASO,ES,Towers with Radar,837,34,34,0,905,0,0,7,0,7,837,34,41,0,912,0,0,0,912
09/28/2022,MCO,FL,ASO,ES,Towers with Radar,136,5,6,0,147,0,0,0,0,0,136,5,6,0,147,0,0,0,147
09/29/2022,MCO,FL,ASO,ES,Towers with Radar,0,0,0,0,0,0,0,0,0,0,0,0,0,0,0,0,0,0,0
09/30/2022,MCO,FL,ASO,ES,Towers with Radar,392,24,17,0,433,0,4,11,0,15,392,28,28,0,448,0,0,0,448
10/01/2022,MCO,FL,ASO,ES,Towers with Radar,909,18,17,0,944,0,5,6,0,11,909,23,23,0,955,0,0,0,955
10/02/2022,MCO,FL,ASO,ES,Towers with Radar,915,28,28,0,971,0,1,11,0,12,915,29,39,0,983,0,0,0,983
10/03/2022,MCO,FL,ASO,ES,Towers with Radar,874,32,21,0,927,0,4,3,0,7,874,36,24,0,934,0,0,0,934
10/04/2022,MCO,FL,ASO,ES,Towers with Radar,854,30,29,0,913,0,0,4,0,4,854,30,33,0,917,0,0,0,917
10/05/2022,MCO,FL,ASO,ES,Towers with Radar,846,33,39,0,918,0,2,1,0,3,846,35,40,0,921,0,0,0,921
10/06/2022,MCO,FL,ASO,ES,Towers with Radar,923,49,48,0,1020,0,3,8,0,11,923,52,56,0,1031,0,0,0,1031
10/07/2022,MCO,FL,ASO,ES,Towers with Radar,915,44,33,0,992,0,5,1,0,6,915,49,34,0,998,0,0,0,998
10/08/2022,MCO,FL,ASO,ES,Towers with Radar,988,28,32,0,1048,1,4,11,0,16,989,32,43,0,1064,0,0,0,1064
10/09/2022,MCO,FL,ASO,ES,Towers with Radar,945,44,36,2,1027,0,1,1,0,2,945,45,37,2,1029,0,0,0,1029
10/10/2022,MCO,FL,ASO,ES,Towers with Radar,909,47,36,0,992,0,2,1,0,3,909,49,37,0,995,0,0,0,995
10/11/2022,MCO,FL,ASO,ES,Towers with Radar,906,43,32,0,981,0,7,3,0,10,906,50,35,0,991,0,0,0,991
10/12/2022,MCO,FL,ASO,ES,Towers with Radar,895,52,35,0,982,0,8,2,0,10,895,60,37,0,992,0,0,0,992
10/13/2022,MCO,FL,ASO,ES,Towers with Radar,939,48,35,0,1022,0,0,5,0,5,939,48,40,0,1027,0,0,0,1027
10/14/2022,MCO,FL,ASO,ES,Towers with Radar,935,49,48,2,1034,0,6,0,1,7,935,55,48,3,1041,0,0,0,1041
10/15/2022,MCO,FL,ASO,ES,Towers with Radar,984,26,24,2,1036,0,0,2,0,2,984,26,26,2,1038,0,0,0,1038
10/16/2022,MCO,FL,ASO,ES,Towers with Radar,948,54,60,0,1062,1,6,1,1,9,949,60,61,1,1071,0,0,0,1071
10/17/2022,MCO,FL,ASO,ES,Towers with Radar,909,77,75,0,1061,0,0,4,0,4,909,77,79,0,1065,0,0,0,1065
10/18/2022,MCO,FL,ASO,ES,Towers with Radar,910,44,58,1,1013,0,2,9,0,11,910,46,67,1,1024,0,0,0,1024
10/19/2022,MCO,FL,ASO,ES,Towers with Radar,922,51,61,0,1034,0,0,4,0,4,922,51,65,0,1038,0,0,0,1038
10/20/2022,MCO,FL,ASO,ES,Towers with Radar,935,61,81,0,1077,0,4,6,0,10,935,65,87,0,1087,0,0,0,1087
10/21/2022,MCO,FL,ASO,ES,Towers with Radar,928,49,53,1,1031,1,0,8,0,9,929,49,61,1,1040,0,0,0,1040
10/22/2022,MCO,FL,ASO,ES,Towers with Radar,1005,37,30,3,1075,0,6,6,0,12,1005,43,36,3,1087,0,0,0,1087
10/23/2022,MCO,FL,ASO,ES,Towers with Radar,972,43,50,3,1068,0,0,7,0,7,972,43,57,3,1075,0,0,0,1075
10/24/2022,MCO,FL,ASO,ES,Towers with Radar,891,27,31,1,950,0,6,8,0,14,891,33,39,1,964,0,0,0,964
10/25/2022,MCO,FL,ASO,ES,Towers with Radar,905,46,29,0,980,0,6,5,0,11,905,52,34,0,991,0,0,0,991
10/26/2022,MCO,FL,ASO,ES,Towers with Radar,921,49,58,2,1030,0,10,19,0,29,921,59,77,2,1059,0,0,0,1059
10/27/2022,MCO,FL,ASO,ES,Towers with Radar,952,61,69,0,1082,0,2,3,0,5,952,63,72,0,1087,0,0,0,1087
10/28/2022,MCO,FL,ASO,ES,Towers with Radar,923,52,40,0,1015,0,2,10,0,12,923,54,50,0,1027,0,0,0,1027
10/29/2022,MCO,FL,ASO,ES,Towers with Radar,1007,29,34,0,1070,0,2,1,0,3,1007,31,35,0,1073,0,0,0,1073
10/30/2022,MCO,FL,ASO,ES,Towers with Radar,965,39,28,0,1032,0,4,6,0,10,965,43,34,0,1042,0,0,0,1042
10/31/2022,MCO,FL,ASO,ES,Towers with Radar,901,41,29,0,971,0,0,3,0,3,901,41,32,0,974,0,0,0,974
11/01/2022,MCO,FL,ASO,ES,Towers with Radar,910,39,53,0,1002,0,0,10,0,10,910,39,63,0,1012,0,0,0,1012
11/02/2022,MCO,FL,ASO,ES,Towers with Radar,914,43,40,0,997,0,8,9,2,19,914,51,49,2,1016,0,0,0,1016
11/03/2022,MCO,FL,ASO,ES,Towers with Radar,960,44,55,0,1059,0,0,7,0,7,960,44,62,0,1066,0,0,0,1066
11/04/2022,MCO,FL,ASO,ES,Towers with Radar,954,35,55,2,1046,0,2,12,1,15,954,37,67,3,1061,0,0,0,1061
11/05/2022,MCO,FL,ASO,ES,Towers with Radar,1030,29,19,0,1078,0,0,10,0,10,1030,29,29,0,1088,0,0,0,1088
11/06/2022,MCO,FL,ASO,ES,Towers with Radar,959,37,34,0,1030,0,2,3,1,6,959,39,37,1,1036,0,0,0,1036
11/07/2022,MCO,FL,ASO,ES,Towers with Radar,959,31,24,0,1014,0,6,9,0,15,959,37,33,0,1029,0,0,0,1029
11/08/2022,MCO,FL,ASO,ES,Towers with Radar,931,37,30,0,998,0,1,2,0,3,931,38,32,0,1001,0,0,0,1001
11/09/2022,MCO,FL,ASO,ES,Towers with Radar,467,20,34,0,521,0,0,0,0,0,467,20,34,0,521,0,0,0,521
11/10/2022,MCO,FL,ASO,ES,Towers with Radar,38,2,8,0,48,0,0,0,0,0,38,2,8,0,48,0,0,0,48
11/11/2022,MCO,FL,ASO,ES,Towers with Radar,832,45,62,0,939,0,0,9,0,9,832,45,71,0,948,0,0,0,948
11/12/2022,MCO,FL,ASO,ES,Towers with Radar,1127,29,24,0,1180,0,1,8,1,10,1127,30,32,1,1190,0,0,0,1190
11/13/2022,MCO,FL,ASO,ES,Towers with Radar,978,41,52,0,1071,0,0,3,2,5,978,41,55,2,1076,0,0,0,1076
11/14/2022,MCO,FL,ASO,ES,Towers with Radar,984,46,74,0,1104,0,0,3,0,3,984,46,77,0,1107,0,0,0,1107
11/15/2022,MCO,FL,ASO,ES,Towers with Radar,940,54,57,2,1053,0,1,12,0,13,940,55,69,2,1066,0,0,0,1066
11/16/2022,MCO,FL,ASO,ES,Towers with Radar,942,54,59,2,1057,0,1,4,0,5,942,55,63,2,1062,0,0,0,1062
11/17/2022,MCO,FL,ASO,ES,Towers with Radar,993,47,50,2,1092,0,2,2,0,4,993,49,52,2,1096,0,0,0,1096
11/18/2022,MCO,FL,ASO,ES,Towers with Radar,996,48,62,0,1106,0,1,7,3,11,996,49,69,3,1117,0,0,0,1117
11/19/2022,MCO,FL,ASO,ES,Towers with Radar,1112,30,46,0,1188,0,3,8,0,11,1112,33,54,0,1199,0,0,0,1199
11/20/2022,MCO,FL,ASO,ES,Towers with Radar,1004,46,35,0,1085,0,0,1,4,5,1004,46,36,4,1090,0,0,0,1090
11/21/2022,MCO,FL,ASO,ES,Towers with Radar,998,38,51,0,1087,0,0,4,0,4,998,38,55,0,1091,0,0,0,1091
11/22/2022,MCO,FL,ASO,ES,Towers with Radar,1047,43,47,1,1138,0,0,0,0,0,1047,43,47,1,1138,0,0,0,1138
11/23/2022,MCO,FL,ASO,ES,Towers with Radar,1078,34,52,3,1167,0,0,0,0,0,1078,34,52,3,1167,0,0,0,1167
11/24/2022,MCO,FL,ASO,ES,Towers with Radar,788,31,9,0,828,0,0,0,0,0,788,31,9,0,828,0,0,0,828
11/25/2022,MCO,FL,ASO,ES,Towers with Radar,940,42,19,0,1001,0,7,3,0,10,940,49,22,0,1011,0,0,0,1011
11/26/2022,MCO,FL,ASO,ES,Towers with Radar,1129,44,25,0,1198,0,0,3,0,3,1129,44,28,0,1201,0,0,0,1201
11/27/2022,MCO,FL,ASO,ES,Towers with Radar,1064,54,71,1,1190,0,0,2,0,2,1064,54,73,1,1192,0,0,0,1192
11/28/2022,MCO,FL,ASO,ES,Towers with Radar,1054,38,33,1,1126,0,0,3,0,3,1054,38,36,1,1129,0,0,0,1129
11/29/2022,MCO,FL,ASO,ES,Towers with Radar,966,31,34,3,1034,0,2,2,0,4,966,33,36,3,1038,0,0,0,1038
11/30/2022,MCO,FL,ASO,ES,Towers with Radar,921,34,43,2,1000,0,1,2,0,3,921,35,45,2,1003,0,0,0,1003
12/01/2022,MCO,FL,ASO,ES,Towers with Radar,1005,43,53,4,1105,0,0,5,0,5,1005,43,58,4,1110,0,0,0,1110
12/02/2022,MCO,FL,ASO,ES,Towers with Radar,1032,61,18,2,1113,0,0,4,1,5,1032,61,22,3,1118,0,0,0,1118
12/03/2022,MCO,FL,ASO,ES,Towers with Radar,1102,29,25,0,1156,0,4,2,0,6,1102,33,27,0,1162,0,0,0,1162
12/04/2022,MCO,FL,ASO,ES,Towers with Radar,1002,64,47,1,1114,1,0,11,2,14,1003,64,58,3,1128,0,0,0,1128
12/05/2022,MCO,FL,ASO,ES,Towers with Radar,993,28,20,0,1041,0,4,7,0,11,993,32,27,0,1052,0,0,0,1052
12/06/2022,MCO,FL,ASO,ES,Towers with Radar,958,39,28,0,1025,0,2,7,0,9,958,41,35,0,1034,0,0,0,1034
12/07/2022,MCO,FL,ASO,ES,Towers with Radar,977,43,22,0,1042,0,6,3,0,9,977,49,25,0,1051,0,0,0,1051
12/08/2022,MCO,FL,ASO,ES,Towers with Radar,1009,44,44,0,1097,0,3,5,0,8,1009,47,49,0,1105,0,0,0,1105
12/09/2022,MCO,FL,ASO,ES,Towers with Radar,991,42,47,2,1082,0,5,2,0,7,991,47,49,2,1089,0,0,0,1089
12/10/2022,MCO,FL,ASO,ES,Towers with Radar,1102,20,17,0,1139,0,2,3,0,5,1102,22,20,0,1144,0,0,0,1144
12/11/2022,MCO,FL,ASO,ES,Towers with Radar,982,32,29,0,1043,0,0,1,0,1,982,32,30,0,1044,0,0,0,1044
12/12/2022,MCO,FL,ASO,ES,Towers with Radar,998,41,15,2,1056,0,1,3,0,4,998,42,18,2,1060,0,0,0,1060
12/13/2022,MCO,FL,ASO,ES,Towers with Radar,946,35,25,3,1009,0,0,2,0,2,946,35,27,3,1011,0,0,0,1011
12/14/2022,MCO,FL,ASO,ES,Towers with Radar,978,46,31,1,1056,0,0,4,0,4,978,46,35,1,1060,0,0,0,1060
12/15/2022,MCO,FL,ASO,ES,Towers with Radar,999,54,41,0,1094,0,0,0,0,0,999,54,41,0,1094,0,0,0,1094
12/16/2022,MCO,FL,ASO,ES,Towers with Radar,1040,42,36,1,1119,0,4,6,0,10,1040,46,42,1,1129,0,0,0,1129
12/17/2022,MCO,FL,ASO,ES,Towers with Radar,1166,24,35,4,1229,0,0,6,0,6,1166,24,41,4,1235,0,0,0,1235
12/18/2022,MCO,FL,ASO,ES,Towers with Radar,1035,40,48,1,1124,0,2,7,0,9,1035,42,55,1,1133,0,0,0,1133
12/19/2022,MCO,FL,ASO,ES,Towers with Radar,1028,46,40,0,1114,0,10,5,0,15,1028,56,45,0,1129,0,0,0,1129
12/20/2022,MCO,FL,ASO,ES,Towers with Radar,990,32,24,0,1046,0,0,9,0,9,990,32,33,0,1055,0,0,0,1055
12/21/2022,MCO,FL,ASO,ES,Towers with Radar,1094,39,34,0,1167,0,0,1,0,1,1094,39,35,0,1168,0,0,0,1168
12/22/2022,MCO,FL,ASO,ES,Towers with Radar,1036,51,41,0,1128,0,0,1,0,1,1036,51,42,0,1129,0,0,0,1129
12/23/2022,MCO,FL,ASO,ES,Towers with Radar,933,50,27,0,1010,0,4,3,0,7,933,54,30,0,1017,0,0,0,1017
12/24/2022,MCO,FL,ASO,ES,Towers with Radar,871,30,16,0,917,0,6,0,0,6,871,36,16,0,923,0,0,0,923
12/25/2022,MCO,FL,ASO,ES,Towers with Radar,721,33,20,0,774,0,2,5,0,7,721,35,25,0,781,0,0,0,781
12/26/2022,MCO,FL,ASO,ES,Towers with Radar,838,48,40,0,926,0,4,4,0,8,838,52,44,0,934,0,0,0,934
12/27/2022,MCO,FL,ASO,ES,Towers with Radar,950,60,56,2,1068,0,12,2,0,14,950,72,58,2,1082,0,0,0,1082
12/28/2022,MCO,FL,ASO,ES,Towers with Radar,998,58,34,0,1090,0,12,5,0,17,998,70,39,0,1107,0,0,0,1107
12/29/2022,MCO,FL,ASO,ES,Towers with Radar,1048,55,34,0,1137,0,11,9,0,20,1048,66,43,0,1157,0,0,0,1157
12/30/2022,MCO,FL,ASO,ES,Towers with Radar,1116,53,39,0,1208,0,0,2,0,2,1116,53,41,0,1210,0,0,0,1210
12/31/2022,MCO,FL,ASO,ES,Towers with Radar,1097,36,16,1,1150,0,2,4,0,6,1097,38,20,1,1156,0,0,0,1156
01/01/2023,MCO,FL,ASO,ES,Towers with Radar,965,42,27,0,1034,0,0,1,0,1,965,42,28,0,1035,0,0,0,1035
01/02/2023,MCO,FL,ASO,ES,Towers with Radar,991,58,44,0,1093,0,0,5,0,5,991,58,49,0,1098,0,0,0,1098
01/03/2023,MCO,FL,ASO,ES,Towers with Radar,1004,42,42,0,1088,0,8,3,0,11,1004,50,45,0,1099,0,0,0,1099
01/04/2023,MCO,FL,ASO,ES,Towers with Radar,867,47,33,0,947,0,4,4,0,8,867,51,37,0,955,0,0,0,955
01/05/2023,MCO,FL,ASO,ES,Towers with Radar,1033,53,31,0,1117,0,4,5,0,9,1033,57,36,0,1126,0,0,0,1126
01/06/2023,MCO,FL,ASO,ES,Towers with Radar,1047,43,41,2,1133,0,0,11,0,11,1047,43,52,2,1144,0,0,0,1144
01/07/2023,MCO,FL,ASO,ES,Towers with Radar,1103,32,38,0,1173,0,9,3,0,12,1103,41,41,0,1185,0,0,0,1185
01/08/2023,MCO,FL,ASO,ES,Towers with Radar,1083,45,58,2,1188,0,4,5,0,9,1083,49,63,2,1197,0,0,0,1197
01/09/2023,MCO,FL,ASO,ES,Towers with Radar,1010,44,31,2,1087,0,3,6,0,9,1010,47,37,2,1096,0,0,0,1096
01/10/2023,MCO,FL,ASO,ES,Towers with Radar,967,44,37,0,1048,0,1,5,0,6,967,45,42,0,1054,0,0,0,1054
01/11/2023,MCO,FL,ASO,ES,Towers with Radar,903,46,46,0,995,1,1,9,0,11,904,47,55,0,1006,0,0,0,1006
01/12/2023,MCO,FL,ASO,ES,Towers with Radar,1012,36,52,2,1102,0,0,8,0,8,1012,36,60,2,1110,0,0,0,1110
01/13/2023,MCO,FL,ASO,ES,Towers with Radar,1037,53,42,4,1136,0,0,0,0,0,1037,53,42,4,1136,0,0,0,1136
01/14/2023,MCO,FL,ASO,ES,Towers with Radar,1077,28,32,0,1137,0,0,4,0,4,1077,28,36,0,1141,0,0,0,1141
01/15/2023,MCO,FL,ASO,ES,Towers with Radar,1039,48,40,0,1127,0,1,9,0,10,1039,49,49,0,1137,0,0,0,1137
01/16/2023,MCO,FL,ASO,ES,Towers with Radar,1007,40,32,0,1079,0,0,3,0,3,1007,40,35,0,1082,0,0,0,1082
01/17/2023,MCO,FL,ASO,ES,Towers with Radar,941,51,28,0,1020,0,0,3,0,3,941,51,31,0,1023,0,0,0,1023
01/18/2023,MCO,FL,ASO,ES,Towers with Radar,934,36,41,0,1011,0,1,6,0,7,934,37,47,0,1018,0,0,0,1018
01/19/2023,MCO,FL,ASO,ES,Towers with Radar,990,44,45,0,1079,0,4,5,1,10,990,48,50,1,1089,0,0,0,1089
01/20/2023,MCO,FL,ASO,ES,Towers with Radar,1027,45,38,0,1110,0,4,6,0,10,1027,49,44,0,1120,0,0,0,1120
01/21/2023,MCO,FL,ASO,ES,Towers with Radar,1068,22,33,0,1123,0,0,6,0,6,1068,22,39,0,1129,0,0,0,1129
01/22/2023,MCO,FL,ASO,ES,Towers with Radar,1041,50,57,0,1148,0,0,3,0,3,1041,50,60,0,1151,0,0,0,1151
01/23/2023,MCO,FL,ASO,ES,Towers with Radar,987,42,68,0,1097,0,0,3,0,3,987,42,71,0,1100,0,0,0,1100
01/24/2023,MCO,FL,ASO,ES,Towers with Radar,932,41,55,2,1030,0,7,1,2,10,932,48,56,4,1040,0,0,0,1040
01/25/2023,MCO,FL,ASO,ES,Towers with Radar,916,40,62,0,1018,0,4,8,0,12,916,44,70,0,1030,0,0,0,1030
01/26/2023,MCO,FL,ASO,ES,Towers with Radar,1001,37,60,2,1100,0,6,7,0,13,1001,43,67,2,1113,0,0,0,1113
01/27/2023,MCO,FL,ASO,ES,Towers with Radar,1017,51,49,0,1117,0,0,8,0,8,1017,51,57,0,1125,0,0,0,1125
01/28/2023,MCO,FL,ASO,ES,Towers with Radar,1070,26,37,0,1133,0,4,5,0,9,1070,30,42,0,1142,0,0,0,1142
01/29/2023,MCO,FL,ASO,ES,Towers with Radar,1046,37,40,0,1123,1,0,11,0,12,1047,37,51,0,1135,0,0,0,1135
01/30/2023,MCO,FL,ASO,ES,Towers with Radar,963,36,27,0,1026,1,0,4,1,6,964,36,31,1,1032,0,0,0,1032
01/31/2023,MCO,FL,ASO,ES,Towers with Radar,894,48,33,1,976,0,2,1,0,3,894,50,34,1,979,0,0,0,979
02/01/2023,MCO,FL,ASO,ES,Towers with Radar,900,37,38,1,976,0,0,4,0,4,900,37,42,1,980,0,0,0,980
02/02/2023,MCO,FL,ASO,ES,Towers with Radar,986,41,41,0,1068,0,2,5,0,7,986,43,46,0,1075,0,0,0,1075
02/03/2023,MCO,FL,ASO,ES,Towers with Radar,1010,35,39,0,1084,0,0,2,0,2,1010,35,41,0,1086,0,0,0,1086
02/04/2023,MCO,FL,ASO,ES,Towers with Radar,1090,33,22,0,1145,0,0,7,0,7,1090,33,29,0,1152,0,0,0,1152
02/05/2023,MCO,FL,ASO,ES,Towers with Radar,1079,56,35,2,1172,0,3,3,0,6,1079,59,38,2,1178,0,0,0,1178
02/06/2023,MCO,FL,ASO,ES,Towers with Radar,1056,55,35,0,1146,0,11,2,0,13,1056,66,37,0,1159,0,0,0,1159
02/07/2023,MCO,FL,ASO,ES,Towers with Radar,944,56,37,4,1041,0,0,5,0,5,944,56,42,4,1046,0,0,0,1046
02/08/2023,MCO,FL,ASO,ES,Towers with Radar,959,39,33,2,1033,0,0,6,0,6,959,39,39,2,1039,0,0,0,1039
02/09/2023,MCO,FL,ASO,ES,Towers with Radar,1028,53,60,4,1145,0,8,10,0,18,1028,61,70,4,1163,0,0,0,1163
02/10/2023,MCO,FL,ASO,ES,Towers with Radar,1049,47,41,0,1137,0,4,1,0,5,1049,51,42,0,1142,0,0,0,1142
02/11/2023,MCO,FL,ASO,ES,Towers with Radar,1087,27,21,0,1135,0,0,3,0,3,1087,27,24,0,1138,0,0,0,1138
02/12/2023,MCO,FL,ASO,ES,Towers with Radar,1079,30,24,0,1133,0,2,1,0,3,1079,32,25,0,1136,0,0,0,1136
02/13/2023,MCO,FL,ASO,ES,Towers with Radar,1044,52,51,0,1147,0,6,4,0,10,1044,58,55,0,1157,0,0,0,1157
02/14/2023,MCO,FL,ASO,ES,Towers with Radar,976,36,34,0,1046,0,4,2,0,6,976,40,36,0,1052,0,0,0,1052
02/15/2023,MCO,FL,ASO,ES,Towers with Radar,982,42,34,0,1058,0,7,10,0,17,982,49,44,0,1075,0,0,0,1075
02/16/2023,MCO,FL,ASO,ES,Towers with Radar,1028,65,53,0,1146,0,1,6,0,7,1028,66,59,0,1153,0,0,0,1153
02/17/2023,MCO,FL,ASO,ES,Towers with Radar,1078,64,32,1,1175,0,1,14,0,15,1078,65,46,1,1190,0,0,0,1190
02/18/2023,MCO,FL,ASO,ES,Towers with Radar,1138,29,32,1,1200,0,9,4,2,15,1138,38,36,3,1215,0,0,0,1215
02/19/2023,MCO,FL,ASO,ES,Towers with Radar,1102,58,37,1,1198,0,0,7,0,7,1102,58,44,1,1205,0,0,0,1205
02/20/2023,MCO,FL,ASO,ES,Towers with Radar,1052,63,52,2,1169,0,0,3,0,3,1052,63,55,2,1172,0,0,0,1172
02/21/2023,MCO,FL,ASO,ES,Towers with Radar,1014,74,46,0,1134,0,11,7,0,18,1014,85,53,0,1152,0,0,0,1152
02/22/2023,MCO,FL,ASO,ES,Towers with Radar,994,59,61,0,1114,0,0,6,0,6,994,59,67,0,1120,0,0,0,1120
02/23/2023,MCO,FL,ASO,ES,Towers with Radar,1034,56,52,0,1142,0,4,14,0,18,1034,60,66,0,1160,0,0,0,1160
02/24/2023,MCO,FL,ASO,ES,Towers with Radar,1099,41,64,2,1206,0,5,7,0,12,1099,46,71,2,1218,0,0,0,1218
02/25/2023,MCO,FL,ASO,ES,Towers with Radar,1131,41,33,0,1205,0,4,2,0,6,1131,45,35,0,1211,0,0,0,1211
02/26/2023,MCO,FL,ASO,ES,Towers with Radar,1101,44,41,0,1186,0,0,2,0,2,1101,44,43,0,1188,0,0,0,1188
02/27/2023,MCO,FL,ASO,ES,Towers with Radar,1069,50,45,0,1164,0,6,3,0,9,1069,56,48,0,1173,0,0,0,1173
02/28/2023,MCO,FL,ASO,ES,Towers with Radar,1007,51,49,0,1107,0,4,2,0,6,1007,55,51,0,1113,0,0,0,1113
03/01/2023,MCO,FL,ASO,ES,Towers with Radar,1018,51,53,0,1122,0,6,3,0,9,1018,57,56,0,1131,0,0,0,1131
03/02/2023,MCO,FL,ASO,ES,Towers with Radar,1043,49,54,0,1146,1,10,6,0,17,1044,59,60,0,1163,0,0,0,1163
03/03/2023,MCO,FL,ASO,ES,Towers with Radar,1049,53,38,0,1140,0,0,7,0,7,1049,53,45,0,1147,0,0,0,1147
03/04/2023,MCO,FL,ASO,ES,Towers with Radar,1126,34,32,0,1192,0,0,2,0,2,1126,34,34,0,1194,0,0,0,1194
03/05/2023,MCO,FL,ASO,ES,Towers with Radar,1094,66,62,0,1222,0,1,4,0,5,1094,67,66,0,1227,0,0,0,1227
03/06/2023,MCO,FL,ASO,ES,Towers with Radar,1079,54,64,2,1199,0,4,11,0,15,1079,58,75,2,1214,0,0,0,1214
03/07/2023,MCO,FL,ASO,ES,Towers with Radar,1016,63,71,0,1150,0,0,2,0,2,1016,63,73,0,1152,0,0,0,1152
03/08/2023,MCO,FL,ASO,ES,Towers with Radar,1029,65,75,0,1169,0,0,3,0,3,1029,65,78,0,1172,0,0,0,1172
03/09/2023,MCO,FL,ASO,ES,Towers with Radar,1088,63,46,0,1197,0,3,5,0,8,1088,66,51,0,1205,0,0,0,1205
03/10/2023,MCO,FL,ASO,ES,Towers with Radar,1073,76,48,2,1199,0,7,8,0,15,1073,83,56,2,1214,0,0,0,1214
03/11/2023,MCO,FL,ASO,ES,Towers with Radar,1205,48,34,1,1288,0,0,5,1,6,1205,48,39,2,1294,0,0,0,1294
03/12/2023,MCO,FL,ASO,ES,Towers with Radar,1090,41,42,0,1173,0,2,5,0,7,1090,43,47,0,1180,0,0,0,1180
03/13/2023,MCO,FL,ASO,ES,Towers with Radar,1079,40,25,0,1144,0,6,0,0,6,1079,46,25,0,1150,0,0,0,1150
03/14/2023,MCO,FL,ASO,ES,Towers with Radar,1057,47,37,0,1141,0,0,7,0,7,1057,47,44,0,1148,0,0,0,1148
03/15/2023,MCO,FL,ASO,ES,Towers with Radar,1099,46,41,0,1186,0,5,5,0,10,1099,51,46,0,1196,0,0,0,1196
03/16/2023,MCO,FL,ASO,ES,Towers with Radar,1115,60,40,0,1215,1,9,11,1,22,1116,69,51,1,1237,0,0,0,1237
03/17/2023,MCO,FL,ASO,ES,Towers with Radar,1102,40,28,0,1170,0,0,4,1,5,1102,40,32,1,1175,0,0,0,1175
03/18/2023,MCO,FL,ASO,ES,Towers with Radar,1203,53,34,0,1290,0,0,8,0,8,1203,53,42,0,1298,0,0,0,1298
03/19/2023,MCO,FL,ASO,ES,Towers with Radar,1161,60,45,0,1266,1,10,3,0,14,1162,70,48,0,1280,0,0,0,1280
03/20/2023,MCO,FL,ASO,ES,Towers with Radar,1106,45,32,0,1183,0,4,3,0,7,1106,49,35,0,1190,0,0,0,1190
03/21/2023,MCO,FL,ASO,ES,Towers with Radar,1074,49,46,4,1173,0,2,5,0,7,1074,51,51,4,1180,0,0,0,1180
03/22/2023,MCO,FL,ASO,ES,Towers with Radar,1098,45,39,0,1182,0,7,4,0,11,1098,52,43,0,1193,0,0,0,1193
03/23/2023,MCO,FL,ASO,ES,Towers with Radar,1098,47,40,0,1185,1,3,7,0,11,1099,50,47,0,1196,0,0,0,1196
03/24/2023,MCO,FL,ASO,ES,Towers with Radar,1126,55,30,0,1211,1,10,5,0,16,1127,65,35,0,1227,0,0,0,1227
03/25/2023,MCO,FL,ASO,ES,Towers with Radar,1205,47,43,0,1295,1,6,2,0,9,1206,53,45,0,1304,0,0,0,1304
03/26/2023,MCO,FL,ASO,ES,Towers with Radar,1099,50,45,0,1194,0,0,3,0,3,1099,50,48,0,1197,0,0,0,1197
03/27/2023,MCO,FL,ASO,ES,Towers with Radar,1109,47,40,0,1196,0,4,14,0,18,1109,51,54,0,1214,0,0,0,1214
03/28/2023,MCO,FL,ASO,ES,Towers with Radar,1095,61,33,4,1193,1,4,7,0,12,1096,65,40,4,1205,0,0,0,1205
03/29/2023,MCO,FL,ASO,ES,Towers with Radar,1089,43,36,0,1168,2,6,7,0,15,1091,49,43,0,1183,0,0,0,1183
03/30/2023,MCO,FL,ASO,ES,Towers with Radar,1096,53,36,0,1185,0,12,15,0,27,1096,65,51,0,1212,0,0,0,1212
03/31/2023,MCO,FL,ASO,ES,Towers with Radar,1075,53,50,0,1178,0,7,22,0,29,1075,60,72,0,1207,0,0,0,1207
04/01/2023,MCO,FL,ASO,ES,Towers with Radar,1184,35,44,0,1263,0,0,17,0,17,1184,35,61,0,1280,0,0,0,1280
04/02/2023,MCO,FL,ASO,ES,Towers with Radar,1143,69,39,0,1251,3,6,19,0,28,1146,75,58,0,1279,0,0,0,1279
04/03/2023,MCO,FL,ASO,ES,Towers with Radar,1093,45,36,0,1174,0,1,3,0,4,1093,46,39,0,1178,0,0,0,1178
04/04/2023,MCO,FL,ASO,ES,Towers with Radar,1098,68,41,0,1207,0,0,8,0,8,1098,68,49,0,1215,0,0,0,1215
04/05/2023,MCO,FL,ASO,ES,Towers with Radar,1047,50,28,0,1125,0,0,12,0,12,1047,50,40,0,1137,0,0,0,1137
04/06/2023,MCO,FL,ASO,ES,Towers with Radar,1109,49,32,2,1192,0,4,8,0,12,1109,53,40,2,1204,0,0,0,1204
04/07/2023,MCO,FL,ASO,ES,Towers with Radar,1112,55,39,0,1206,0,0,5,0,5,1112,55,44,0,1211,0,0,0,1211
04/08/2023,MCO,FL,ASO,ES,Towers with Radar,1216,29,29,0,1274,0,0,3,0,3,1216,29,32,0,1277,0,0,0,1277
04/09/2023,MCO,FL,ASO,ES,Towers with Radar,1153,53,35,0,1241,0,0,1,0,1,1153,53,36,0,1242,0,0,0,1242
04/10/2023,MCO,FL,ASO,ES,Towers with Radar,1088,60,37,0,1185,0,0,3,0,3,1088,60,40,0,1188,0,0,0,1188
04/11/2023,MCO,FL,ASO,ES,Towers with Radar,1072,55,39,0,1166,0,8,5,0,13,1072,63,44,0,1179,0,0,0,1179
04/12/2023,MCO,FL,ASO,ES,Towers with Radar,1090,46,50,2,1188,2,0,3,0,5,1092,46,53,2,1193,0,0,0,1193
04/13/2023,MCO,FL,ASO,ES,Towers with Radar,1061,50,27,2,1140,0,6,7,0,13,1061,56,34,2,1153,0,0,0,1153
04/14/2023,MCO,FL,ASO,ES,Towers with Radar,1101,40,49,0,1190,0,3,11,0,14,1101,43,60,0,1204,0,0,0,1204
04/15/2023,MCO,FL,ASO,ES,Towers with Radar,1101,32,20,0,1153,0,5,2,0,7,1101,37,22,0,1160,0,0,0,1160
04/16/2023,MCO,FL,ASO,ES,Towers with Radar,1096,54,65,0,1215,0,6,4,0,10,1096,60,69,0,1225,0,0,0,1225
04/17/2023,MCO,FL,ASO,ES,Towers with Radar,1115,44,36,2,1197,0,4,2,0,6,1115,48,38,2,1203,0,0,0,1203
04/18/2023,MCO,FL,ASO,ES,Towers with Radar,1075,58,31,0,1164,0,4,8,0,12,1075,62,39,0,1176,0,0,0,1176
04/19/2023,MCO,FL,ASO,ES,Towers with Radar,1068,50,38,0,1156,0,0,2,0,2,1068,50,40,0,1158,0,0,0,1158
04/20/2023,MCO,FL,ASO,ES,Towers with Radar,1056,39,51,0,1146,0,3,7,0,10,1056,42,58,0,1156,0,0,0,1156
04/21/2023,MCO,FL,ASO,ES,Towers with Radar,1114,49,40,0,1203,0,0,9,0,9,1114,49,49,0,1212,0,0,0,1212
04/22/2023,MCO,FL,ASO,ES,Towers with Radar,1105,18,22,0,1145,0,6,8,0,14,1105,24,30,0,1159,0,0,0,1159
04/23/2023,MCO,FL,ASO,ES,Towers with Radar,1092,40,38,0,1170,0,2,7,2,11,1092,42,45,2,1181,0,0,0,1181
04/24/2023,MCO,FL,ASO,ES,Towers with Radar,1099,47,37,2,1185,0,11,2,0,13,1099,58,39,2,1198,0,0,0,1198
04/25/2023,MCO,FL,ASO,ES,Towers with Radar,1034,55,20,0,1109,0,0,5,0,5,1034,55,25,0,1114,0,0,0,1114
04/26/2023,MCO,FL,ASO,ES,Towers with Radar,1063,37,41,0,1141,0,0,1,0,1,1063,37,42,0,1142,0,0,0,1142
04/27/2023,MCO,FL,ASO,ES,Towers with Radar,991,34,39,0,1064,0,2,4,1,7,991,36,43,1,1071,0,0,0,1071
04/28/2023,MCO,FL,ASO,ES,Towers with Radar,1162,39,32,0,1233,0,0,10,0,10,1162,39,42,0,1243,0,0,0,1243
04/29/2023,MCO,FL,ASO,ES,Towers with Radar,1075,29,22,0,1126,0,0,8,0,8,1075,29,30,0,1134,0,0,0,1134
04/30/2023,MCO,FL,ASO,ES,Towers with Radar,1081,34,46,0,1161,0,0,0,0,0,1081,34,46,0,1161,0,0,0,1161
05/01/2023,MCO,FL,ASO,ES,Towers with Radar,1078,47,39,0,1164,0,8,10,0,18,1078,55,49,0,1182,0,0,0,1182
05/02/2023,MCO,FL,ASO,ES,Towers with Radar,1056,48,17,0,1121,0,0,11,1,12,1056,48,28,1,1133,0,0,0,1133
05/03/2023,MCO,FL,ASO,ES,Towers with Radar,1062,38,43,1,1144,0,5,3,2,10,1062,43,46,3,1154,0,0,0,1154
05/04/2023,MCO,FL,ASO,ES,Towers with Radar,1071,40,48,1,1160,0,1,11,2,14,1071,41,59,3,1174,0,0,0,1174
05/05/2023,MCO,FL,ASO,ES,Towers with Radar,1087,44,32,3,1166,0,0,10,0,10,1087,44,42,3,1176,0,0,0,1176
05/06/2023,MCO,FL,ASO,ES,Towers with Radar,1099,28,18,0,1145,0,0,4,1,5,1099,28,22,1,1150,0,0,0,1150
05/07/2023,MCO,FL,ASO,ES,Towers with Radar,1093,47,24,0,1164,0,8,0,0,8,1093,55,24,0,1172,0,0,0,1172
05/08/2023,MCO,FL,ASO,ES,Towers with Radar,1068,46,39,0,1153,0,2,3,0,5,1068,48,42,0,1158,0,0,0,1158
05/09/2023,MCO,FL,ASO,ES,Towers with Radar,1047,46,29,0,1122,0,2,3,0,5,1047,48,32,0,1127,0,0,0,1127
05/10/2023,MCO,FL,ASO,ES,Towers with Radar,1047,47,47,2,1143,0,2,1,0,3,1047,49,48,2,1146,0,0,0,1146
05/11/2023,MCO,FL,ASO,ES,Towers with Radar,1030,36,38,0,1104,0,5,5,0,10,1030,41,43,0,1114,0,0,0,1114
05/12/2023,MCO,FL,ASO,ES,Towers with Radar,1080,44,46,0,1170,0,0,4,0,4,1080,44,50,0,1174,0,0,0,1174
05/13/2023,MCO,FL,ASO,ES,Towers with Radar,1097,25,20,0,1142,0,0,3,0,3,1097,25,23,0,1145,0,0,0,1145
05/14/2023,MCO,FL,ASO,ES,Towers with Radar,1038,36,22,0,1096,0,4,0,0,4,1038,40,22,0,1100,0,0,0,1100
05/15/2023,MCO,FL,ASO,ES,Towers with Radar,1063,49,37,0,1149,0,12,4,0,16,1063,61,41,0,1165,0,0,0,1165
05/16/2023,MCO,FL,ASO,ES,Towers with Radar,1028,44,32,0,1104,0,0,4,0,4,1028,44,36,0,1108,0,0,0,1108
05/17/2023,MCO,FL,ASO,ES,Towers with Radar,1033,37,35,0,1105,0,0,8,0,8,1033,37,43,0,1113,0,0,0,1113
05/18/2023,MCO,FL,ASO,ES,Towers with Radar,999,47,34,0,1080,0,1,5,0,6,999,48,39,0,1086,0,0,0,1086
05/19/2023,MCO,FL,ASO,ES,Towers with Radar,1103,51,31,0,1185,0,3,16,0,19,1103,54,47,0,1204,0,0,0,1204
05/20/2023,MCO,FL,ASO,ES,Towers with Radar,1090,34,11,0,1135,0,0,3,0,3,1090,34,14,0,1138,0,0,0,1138
05/21/2023,MCO,FL,ASO,ES,Towers with Radar,1067,51,26,1,1145,0,0,2,0,2,1067,51,28,1,1147,0,0,0,1147
05/22/2023,MCO,FL,ASO,ES,Towers with Radar,979,43,35,0,1057,0,4,5,0,9,979,47,40,0,1066,0,0,0,1066
05/23/2023,MCO,FL,ASO,ES,Towers with Radar,1078,50,31,0,1159,0,0,0,0,0,1078,50,31,0,1159,0,0,0,1159
05/24/2023,MCO,FL,ASO,ES,Towers with Radar,1046,41,39,0,1126,0,5,2,0,7,1046,46,41,0,1133,0,0,0,1133
05/25/2023,MCO,FL,ASO,ES,Towers with Radar,1078,31,34,0,1143,0,0,4,0,4,1078,31,38,0,1147,0,0,0,1147
05/26/2023,MCO,FL,ASO,ES,Towers with Radar,1064,35,37,0,1136,0,1,2,0,3,1064,36,39,0,1139,0,0,0,1139
05/27/2023,MCO,FL,ASO,ES,Towers with Radar,1112,22,19,0,1153,0,0,4,0,4,1112,22,23,0,1157,0,0,0,1157
05/28/2023,MCO,FL,ASO,ES,Towers with Radar,1023,29,16,0,1068,0,0,2,0,2,1023,29,18,0,1070,0,0,0,1070
05/29/2023,MCO,FL,ASO,ES,Towers with Radar,1037,37,33,0,1107,0,4,7,0,11,1037,41,40,0,1118,0,0,0,1118
05/30/2023,MCO,FL,ASO,ES,Towers with Radar,1032,38,28,0,1098,0,0,6,0,6,1032,38,34,0,1104,0,0,0,1104
05/31/2023,MCO,FL,ASO,ES,Towers with Radar,1086,44,27,0,1157,0,0,4,0,4,1086,44,31,0,1161,0,0,0,1161
06/01/2023,MCO,FL,ASO,ES,Towers with Radar,1022,40,26,0,1088,0,0,2,0,2,1022,40,28,0,1090,0,0,0,1090
06/02/2023,MCO,FL,ASO,ES,Towers with Radar,1068,32,38,2,1140,0,0,0,0,0,1068,32,38,2,1140,0,0,0,1140
06/03/2023,MCO,FL,ASO,ES,Towers with Radar,1082,23,25,0,1130,0,1,1,0,2,1082,24,26,0,1132,0,0,0,1132
06/04/2023,MCO,FL,ASO,ES,Towers with Radar,1047,39,21,0,1107,0,2,3,0,5,1047,41,24,0,1112,0,0,0,1112
06/05/2023,MCO,FL,ASO,ES,Towers with Radar,1038,27,26,0,1091,0,6,8,0,14,1038,33,34,0,1105,0,0,0,1105
06/06/2023,MCO,FL,ASO,ES,Towers with Radar,1003,34,29,0,1066,0,8,3,0,11,1003,42,32,0,1077,0,0,0,1077
06/07/2023,MCO,FL,ASO,ES,Towers with Radar,989,42,18,0,1049,0,4,3,0,7,989,46,21,0,1056,0,0,0,1056
06/08/2023,MCO,FL,ASO,ES,Towers with Radar,1057,32,35,0,1124,0,0,3,0,3,1057,32,38,0,1127,0,0,0,1127
06/09/2023,MCO,FL,ASO,ES,Towers with Radar,1052,30,30,0,1112,0,0,3,0,3,1052,30,33,0,1115,0,0,0,1115
06/10/2023,MCO,FL,ASO,ES,Towers with Radar,1082,34,22,0,1138,0,0,2,0,2,1082,34,24,0,1140,0,0,0,1140
06/11/2023,MCO,FL,ASO,ES,Towers with Radar,1062,39,29,2,1132,0,10,0,0,10,1062,49,29,2,1142,0,0,0,1142
06/12/2023,MCO,FL,ASO,ES,Towers with Radar,1039,28,12,0,1079,0,2,5,0,7,1039,30,17,0,1086,0,0,0,1086
06/13/2023,MCO,FL,ASO,ES,Towers with Radar,994,45,26,0,1065,0,8,2,0,10,994,53,28,0,1075,0,0,0,1075
06/14/2023,MCO,FL,ASO,ES,Towers with Radar,997,41,28,2,1068,0,0,6,0,6,997,41,34,2,1074,0,0,0,1074
06/15/2023,MCO,FL,ASO,ES,Towers with Radar,990,44,21,0,1055,0,0,8,0,8,990,44,29,0,1063,0,0,0,1063
06/16/2023,MCO,FL,ASO,ES,Towers with Radar,1061,37,23,2,1123,0,4,2,0,6,1061,41,25,2,1129,0,0,0,1129
06/17/2023,MCO,FL,ASO,ES,Towers with Radar,1068,24,32,0,1124,0,2,0,0,2,1068,26,32,0,1126,0,0,0,1126
06/18/2023,MCO,FL,ASO,ES,Towers with Radar,1070,34,24,0,1128,0,0,1,0,1,1070,34,25,0,1129,0,0,0,1129
06/19/2023,MCO,FL,ASO,ES,Towers with Radar,1037,26,30,0,1093,0,8,5,0,13,1037,34,35,0,1106,0,0,0,1106
06/20/2023,MCO,FL,ASO,ES,Towers with Radar,1044,37,29,0,1110,0,0,3,0,3,1044,37,32,0,1113,0,0,0,1113
06/21/2023,MCO,FL,ASO,ES,Towers with Radar,1014,45,33,0,1092,0,0,2,0,2,1014,45,35,0,1094,0,0,0,1094
06/22/2023,MCO,FL,ASO,ES,Towers with Radar,948,32,32,1,1013,0,3,2,0,5,948,35,34,1,1018,0,0,0,1018
06/23/2023,MCO,FL,ASO,ES,Towers with Radar,1006,42,30,0,1078,0,4,2,1,7,1006,46,32,1,1085,0,0,0,1085
06/24/2023,MCO,FL,ASO,ES,Towers with Radar,1122,30,23,0,1175,1,7,4,0,12,1123,37,27,0,1187,0,0,0,1187
06/25/2023,MCO,FL,ASO,ES,Towers with Radar,1040,44,30,0,1114,0,0,8,2,10,1040,44,38,2,1124,0,0,0,1124
06/26/2023,MCO,FL,ASO,ES,Towers with Radar,1007,45,22,0,1074,0,2,4,0,6,1007,47,26,0,1080,0,0,0,1080
06/27/2023,MCO,FL,ASO,ES,Towers with Radar,917,36,31,0,984,0,2,2,0,4,917,38,33,0,988,0,0,0,988
06/28/2023,MCO,FL,ASO,ES,Towers with Radar,1009,40,39,0,1088,0,0,6,0,6,1009,40,45,0,1094,0,0,0,1094
06/29/2023,MCO,FL,ASO,ES,Towers with Radar,1059,42,43,0,1144,0,0,3,0,3,1059,42,46,0,1147,0,0,0,1147
06/30/2023,MCO,FL,ASO,ES,Towers with Radar,1048,48,42,0,1138,0,4,10,0,14,1048,52,52,0,1152,0,0,0,1152
07/01/2023,MCO,FL,ASO,ES,Towers with Radar,1131,34,21,0,1186,0,8,4,0,12,1131,42,25,0,1198,0,0,0,1198
07/02/2023,MCO,FL,ASO,ES,Towers with Radar,1039,34,11,2,1086,1,2,5,0,8,1040,36,16,2,1094,0,0,0,1094
07/03/2023,MCO,FL,ASO,ES,Towers with Radar,1015,28,9,0,1052,0,4,2,0,6,1015,32,11,0,1058,0,0,0,1058
07/04/2023,MCO,FL,ASO,ES,Towers with Radar,912,30,12,0,954,0,4,4,1,9,912,34,16,1,963,0,0,0,963
07/05/2023,MCO,FL,ASO,ES,Towers with Radar,991,26,17,0,1034,1,1,5,0,7,992,27,22,0,1041,0,0,0,1041
07/06/2023,MCO,FL,ASO,ES,Towers with Radar,1043,37,21,0,1101,0,9,4,0,13,1043,46,25,0,1114,0,0,0,1114
07/07/2023,MCO,FL,ASO,ES,Towers with Radar,1016,29,22,0,1067,0,0,3,0,3,1016,29,25,0,1070,0,0,0,1070
07/08/2023,MCO,FL,ASO,ES,Towers with Radar,1138,22,23,0,1183,0,3,2,0,5,1138,25,25,0,1188,0,0,0,1188
07/09/2023,MCO,FL,ASO,ES,Towers with Radar,1019,32,23,0,1074,0,4,6,0,10,1019,36,29,0,1084,0,0,0,1084
07/10/2023,MCO,FL,ASO,ES,Towers with Radar,1000,29,36,0,1065,0,8,2,0,10,1000,37,38,0,1075,0,0,0,1075
07/11/2023,MCO,FL,ASO,ES,Towers with Radar,1032,40,24,0,1096,1,5,3,0,9,1033,45,27,0,1105,0,0,0,1105
07/12/2023,MCO,FL,ASO,ES,Towers with Radar,1033,37,30,0,1100,0,0,2,0,2,1033,37,32,0,1102,0,0,0,1102
07/13/2023,MCO,FL,ASO,ES,Towers with Radar,1066,43,22,0,1131,0,8,0,2,10,1066,51,22,2,1141,0,0,0,1141
07/14/2023,MCO,FL,ASO,ES,Towers with Radar,1036,39,25,0,1100,0,0,4,0,4,1036,39,29,0,1104,0,0,0,1104
07/15/2023,MCO,FL,ASO,ES,Towers with Radar,1122,23,28,2,1175,0,0,2,0,2,1122,23,30,2,1177,0,0,0,1177
07/16/2023,MCO,FL,ASO,ES,Towers with Radar,980,32,14,0,1026,0,0,10,0,10,980,32,24,0,1036,0,0,0,1036
07/17/2023,MCO,FL,ASO,ES,Towers with Radar,1043,28,30,0,1101,0,2,5,0,7,1043,30,35,0,1108,0,0,0,1108
07/18/2023,MCO,FL,ASO,ES,Towers with Radar,1004,46,22,0,1072,1,1,6,0,8,1005,47,28,0,1080,0,0,0,1080
07/19/2023,MCO,FL,ASO,ES,Towers with Radar,1037,43,26,0,1106,0,1,8,1,10,1037,44,34,1,1116,0,0,0,1116
07/20/2023,MCO,FL,ASO,ES,Towers with Radar,1050,41,38,0,1129,0,0,11,0,11,1050,41,49,0,1140,0,0,0,1140
07/21/2023,MCO,FL,ASO,ES,Towers with Radar,1072,44,39,0,1155,0,6,6,0,12,1072,50,45,0,1167,0,0,0,1167
07/22/2023,MCO,FL,ASO,ES,Towers with Radar,1117,37,12,0,1166,0,8,8,0,16,1117,45,20,0,1182,0,0,0,1182
07/23/2023,MCO,FL,ASO,ES,Towers with Radar,1025,33,21,0,1079,0,0,8,0,8,1025,33,29,0,1087,0,0,0,1087
07/24/2023,MCO,FL,ASO,ES,Towers with Radar,1086,42,18,0,1146,0,4,3,0,7,1086,46,21,0,1153,0,0,0,1153
07/25/2023,MCO,FL,ASO,ES,Towers with Radar,994,44,22,0,1060,0,2,1,0,3,994,46,23,0,1063,0,0,0,1063
07/26/2023,MCO,FL,ASO,ES,Towers with Radar,1050,40,40,0,1130,0,8,5,0,13,1050,48,45,0,1143,0,0,0,1143
07/27/2023,MCO,FL,ASO,ES,Towers with Radar,1049,47,34,0,1130,0,6,3,1,10,1049,53,37,1,1140,0,0,0,1140
07/28/2023,MCO,FL,ASO,ES,Towers with Radar,1057,42,20,0,1119,0,0,5,0,5,1057,42,25,0,1124,0,0,0,1124
07/29/2023,MCO,FL,ASO,ES,Towers with Radar,1122,25,20,0,1167,0,0,0,0,0,1122,25,20,0,1167,0,0,0,1167
07/30/2023,MCO,FL,ASO,ES,Towers with Radar,1015,35,30,1,1081,1,0,7,0,8,1016,35,37,1,1089,0,0,0,1089
07/31/2023,MCO,FL,ASO,ES,Towers with Radar,1039,39,23,2,1103,0,0,6,0,6,1039,39,29,2,1109,0,0,0,1109
08/01/2023,MCO,FL,ASO,ES,Towers with Radar,1023,39,26,4,1092,0,4,3,0,7,1023,43,29,4,1099,0,0,0,1099
08/02/2023,MCO,FL,ASO,ES,Towers with Radar,1038,46,32,2,1118,0,0,4,0,4,1038,46,36,2,1122,0,0,0,1122
08/03/2023,MCO,FL,ASO,ES,Towers with Radar,1074,45,37,0,1156,0,5,10,0,15,1074,50,47,0,1171,0,0,0,1171
08/04/2023,MCO,FL,ASO,ES,Towers with Radar,1056,48,33,0,1137,1,0,10,0,11,1057,48,43,0,1148,0,0,0,1148
08/05/2023,MCO,FL,ASO,ES,Towers with Radar,1180,33,19,0,1232,0,0,4,0,4,1180,33,23,0,1236,0,0,0,1236
08/06/2023,MCO,FL,ASO,ES,Towers with Radar,1026,37,27,0,1090,0,4,6,0,10,1026,41,33,0,1100,0,0,0,1100
08/07/2023,MCO,FL,ASO,ES,Towers with Radar,1025,45,26,0,1096,1,0,5,0,6,1026,45,31,0,1102,0,0,0,1102
08/08/2023,MCO,FL,ASO,ES,Towers with Radar,1003,41,36,0,1080,0,0,4,0,4,1003,41,40,0,1084,0,0,0,1084
08/09/2023,MCO,FL,ASO,ES,Towers with Radar,1044,39,28,0,1111,0,0,1,0,1,1044,39,29,0,1112,0,0,0,1112
08/10/2023,MCO,FL,ASO,ES,Towers with Radar,1048,42,32,0,1122,0,5,0,0,5,1048,47,32,0,1127,0,0,0,1127
08/11/2023,MCO,FL,ASO,ES,Towers with Radar,1073,44,22,0,1139,0,0,4,0,4,1073,44,26,0,1143,0,0,0,1143
08/12/2023,MCO,FL,ASO,ES,Towers with Radar,1134,24,14,0,1172,0,4,4,0,8,1134,28,18,0,1180,0,0,0,1180
08/13/2023,MCO,FL,ASO,ES,Towers with Radar,1036,32,26,0,1094,0,4,5,4,13,1036,36,31,4,1107,0,0,0,1107
08/14/2023,MCO,FL,ASO,ES,Towers with Radar,1029,32,19,0,1080,0,0,3,0,3,1029,32,22,0,1083,0,0,0,1083
08/15/2023,MCO,FL,ASO,ES,Towers with Radar,939,31,15,0,985,0,2,4,0,6,939,33,19,0,991,0,0,0,991
08/16/2023,MCO,FL,ASO,ES,Towers with Radar,997,39,17,2,1055,0,3,8,0,11,997,42,25,2,1066,0,0,0,1066
08/17/2023,MCO,FL,ASO,ES,Towers with Radar,957,38,21,0,1016,0,0,3,0,3,957,38,24,0,1019,0,0,0,1019
08/18/2023,MCO,FL,ASO,ES,Towers with Radar,1042,31,14,0,1087,0,0,2,0,2,1042,31,16,0,1089,0,0,0,1089
08/19/2023,MCO,FL,ASO,ES,Towers with Radar,1118,26,11,0,1155,0,2,14,0,16,1118,28,25,0,1171,0,0,0,1171
08/20/2023,MCO,FL,ASO,ES,Towers with Radar,996,33,23,0,1052,0,4,2,0,6,996,37,25,0,1058,0,0,0,1058
08/21/2023,MCO,FL,ASO,ES,Towers with Radar,1037,39,24,0,1100,0,0,12,0,12,1037,39,36,0,1112,0,0,0,1112
08/22/2023,MCO,FL,ASO,ES,Towers with Radar,931,54,23,1,1009,0,2,11,1,14,931,56,34,2,1023,0,0,0,1023
08/23/2023,MCO,FL,ASO,ES,Towers with Radar,977,43,24,2,1046,0,1,11,0,12,977,44,35,2,1058,0,0,0,1058
08/24/2023,MCO,FL,ASO,ES,Towers with Radar,995,42,24,2,1063,0,0,9,0,9,995,42,33,2,1072,0,0,0,1072
08/25/2023,MCO,FL,ASO,ES,Towers with Radar,1015,39,32,2,1088,0,8,4,2,14,1015,47,36,4,1102,0,0,0,1102
08/26/2023,MCO,FL,ASO,ES,Towers with Radar,1118,29,13,1,1161,0,6,5,0,11,1118,35,18,1,1172,0,0,0,1172
08/27/2023,MCO,FL,ASO,ES,Towers with Radar,991,37,38,1,1067,0,1,3,1,5,991,38,41,2,1072,0,0,0,1072
08/28/2023,MCO,FL,ASO,ES,Towers with Radar,1035,41,36,2,1114,0,0,3,0,3,1035,41,39,2,1117,0,0,0,1117
08/29/2023,MCO,FL,ASO,ES,Towers with Radar,947,53,20,0,1020,1,0,4,0,5,948,53,24,0,1025,0,0,0,1025
08/30/2023,MCO,FL,ASO,ES,Towers with Radar,835,25,7,1,868,1,0,0,0,1,836,25,7,1,869,0,0,0,869
08/31/2023,MCO,FL,ASO,ES,Towers with Radar,996,40,17,0,1053,0,0,2,0,2,996,40,19,0,1055,0,0,0,1055
