01/01/2020,MDT,PA,AEA,EN,Combined TRACON& Tower with Radar,31,18,12,0,61,0,2,5,0,7,31,20,17,0,68,0,0,0,68
01/02/2020,MDT,PA,AEA,EN,Combined TRACON& Tower with Radar,48,34,7,1,90,0,0,14,1,15,48,34,21,2,105,8,6,14,119
01/03/2020,MDT,PA,AEA,EN,Combined TRACON& Tower with Radar,39,40,8,2,89,0,0,0,0,0,39,40,8,2,89,0,0,0,89
01/04/2020,MDT,PA,AEA,EN,Combined TRACON& Tower with Radar,33,27,4,2,66,0,0,0,0,0,33,27,4,2,66,10,0,10,76
01/05/2020,MDT,PA,AEA,EN,Combined TRACON& Tower with Radar,34,29,2,0,65,0,2,6,0,8,34,31,8,0,73,0,0,0,73
01/06/2020,MDT,PA,AEA,EN,Combined TRACON& Tower with Radar,45,37,13,2,97,0,1,6,0,7,45,38,19,2,104,14,0,14,118
01/07/2020,MDT,PA,AEA,EN,Combined TRACON& Tower with Radar,44,42,17,6,109,0,1,1,3,5,44,43,18,9,114,0,8,8,122
01/08/2020,MDT,PA,AEA,EN,Combined TRACON& Tower with Radar,46,46,9,2,103,0,0,2,1,3,46,46,11,3,106,0,0,0,106
01/09/2020,MDT,PA,AEA,EN,Combined TRACON& Tower with Radar,46,43,18,9,116,0,1,12,7,20,46,44,30,16,136,10,20,30,166
01/10/2020,MDT,PA,AEA,EN,Combined TRACON& Tower with Radar,41,42,11,5,99,0,0,6,2,8,41,42,17,7,107,0,0,0,107
01/11/2020,MDT,PA,AEA,EN,Combined TRACON& Tower with Radar,29,27,1,2,59,0,2,2,0,4,29,29,3,2,63,6,0,6,69
01/12/2020,MDT,PA,AEA,EN,Combined TRACON& Tower with Radar,35,38,9,2,84,0,0,14,0,14,35,38,23,2,98,22,0,22,120
01/13/2020,MDT,PA,AEA,EN,Combined TRACON& Tower with Radar,49,39,32,16,136,0,0,21,1,22,49,39,53,17,158,16,28,44,202
01/14/2020,MDT,PA,AEA,EN,Combined TRACON& Tower with Radar,44,36,21,16,117,0,0,0,0,0,44,36,21,16,117,0,0,0,117
01/15/2020,MDT,PA,AEA,EN,Combined TRACON& Tower with Radar,46,40,28,1,115,0,0,23,0,23,46,40,51,1,138,8,0,8,146
01/16/2020,MDT,PA,AEA,EN,Combined TRACON& Tower with Radar,47,46,11,0,104,0,3,0,0,3,47,49,11,0,107,0,0,0,107
01/17/2020,MDT,PA,AEA,EN,Combined TRACON& Tower with Radar,39,41,2,2,84,0,2,4,5,11,39,43,6,7,95,0,0,0,95
01/18/2020,MDT,PA,AEA,EN,Combined TRACON& Tower with Radar,33,21,0,1,55,0,0,0,0,0,33,21,0,1,55,0,0,0,55
01/19/2020,MDT,PA,AEA,EN,Combined TRACON& Tower with Radar,32,29,1,4,66,0,2,4,0,6,32,31,5,4,72,0,0,0,72
01/20/2020,MDT,PA,AEA,EN,Combined TRACON& Tower with Radar,46,45,8,2,101,0,0,5,0,5,46,45,13,2,106,16,0,16,122
01/21/2020,MDT,PA,AEA,EN,Combined TRACON& Tower with Radar,44,41,10,8,103,0,0,18,3,21,44,41,28,11,124,36,0,36,160
01/22/2020,MDT,PA,AEA,EN,Combined TRACON& Tower with Radar,46,44,20,21,131,0,2,11,6,19,46,46,31,27,150,14,8,22,172
01/23/2020,MDT,PA,AEA,EN,Combined TRACON& Tower with Radar,42,43,17,7,109,0,4,14,2,20,42,47,31,9,129,16,0,16,145
01/24/2020,MDT,PA,AEA,EN,Combined TRACON& Tower with Radar,44,42,6,33,125,0,4,7,9,20,44,46,13,42,145,0,78,78,223
01/25/2020,MDT,PA,AEA,EN,Combined TRACON& Tower with Radar,41,22,5,2,70,0,0,0,1,1,41,22,5,3,71,0,10,10,81
01/26/2020,MDT,PA,AEA,EN,Combined TRACON& Tower with Radar,49,33,11,5,98,0,5,17,0,22,49,38,28,5,120,22,20,42,162
01/27/2020,MDT,PA,AEA,EN,Combined TRACON& Tower with Radar,45,42,20,7,114,0,3,16,2,21,45,45,36,9,135,12,6,18,153
01/28/2020,MDT,PA,AEA,EN,Combined TRACON& Tower with Radar,45,46,29,21,141,0,2,9,2,13,45,48,38,23,154,10,20,30,184
01/29/2020,MDT,PA,AEA,EN,Combined TRACON& Tower with Radar,46,43,20,18,127,0,2,27,9,38,46,45,47,27,165,8,40,48,213
01/30/2020,MDT,PA,AEA,EN,Combined TRACON& Tower with Radar,46,43,11,11,111,0,3,12,4,19,46,46,23,15,130,0,0,0,130
01/31/2020,MDT,PA,AEA,EN,Combined TRACON& Tower with Radar,42,43,11,10,106,0,2,9,5,16,42,45,20,15,122,12,0,12,134
02/01/2020,MDT,PA,AEA,EN,Combined TRACON& Tower with Radar,36,26,0,2,64,0,0,0,0,0,36,26,0,2,64,0,0,0,64
02/02/2020,MDT,PA,AEA,EN,Combined TRACON& Tower with Radar,32,32,6,2,72,0,0,2,0,2,32,32,8,2,74,0,0,0,74
02/03/2020,MDT,PA,AEA,EN,Combined TRACON& Tower with Radar,49,42,18,19,128,0,0,20,1,21,49,42,38,20,149,18,10,28,177
02/04/2020,MDT,PA,AEA,EN,Combined TRACON& Tower with Radar,47,54,9,11,121,0,2,3,9,14,47,56,12,20,135,0,24,24,159
02/05/2020,MDT,PA,AEA,EN,Combined TRACON& Tower with Radar,46,43,24,13,126,0,2,5,3,10,46,45,29,16,136,0,6,6,142
02/06/2020,MDT,PA,AEA,EN,Combined TRACON& Tower with Radar,39,42,25,6,112,0,0,0,0,0,39,42,25,6,112,0,0,0,112
02/07/2020,MDT,PA,AEA,EN,Combined TRACON& Tower with Radar,50,42,10,1,103,0,2,1,0,3,50,44,11,1,106,0,0,0,106
02/08/2020,MDT,PA,AEA,EN,Combined TRACON& Tower with Radar,32,26,11,4,73,0,0,13,2,15,32,26,24,6,88,0,6,6,94
02/09/2020,MDT,PA,AEA,EN,Combined TRACON& Tower with Radar,34,35,11,3,83,0,2,23,0,25,34,37,34,3,108,22,10,32,140
02/10/2020,MDT,PA,AEA,EN,Combined TRACON& Tower with Radar,47,41,12,4,104,0,2,1,0,3,47,43,13,4,107,0,0,0,107
02/11/2020,MDT,PA,AEA,EN,Combined TRACON& Tower with Radar,46,38,8,3,95,0,2,0,5,7,46,40,8,8,102,0,0,0,102
02/12/2020,MDT,PA,AEA,EN,Combined TRACON& Tower with Radar,50,42,20,15,127,0,0,14,3,17,50,42,34,18,144,4,34,38,182
02/13/2020,MDT,PA,AEA,EN,Combined TRACON& Tower with Radar,48,43,10,9,110,0,0,0,0,0,48,43,10,9,110,0,0,0,110
02/14/2020,MDT,PA,AEA,EN,Combined TRACON& Tower with Radar,46,40,10,7,103,0,2,7,1,10,46,42,17,8,113,0,4,4,117
02/15/2020,MDT,PA,AEA,EN,Combined TRACON& Tower with Radar,39,27,1,1,68,0,2,14,1,17,39,29,15,2,85,12,6,18,103
02/16/2020,MDT,PA,AEA,EN,Combined TRACON& Tower with Radar,34,37,7,0,78,0,0,7,0,7,34,37,14,0,85,24,0,24,109
02/17/2020,MDT,PA,AEA,EN,Combined TRACON& Tower with Radar,47,46,19,2,114,0,4,18,2,24,47,50,37,4,138,0,0,0,138
02/18/2020,MDT,PA,AEA,EN,Combined TRACON& Tower with Radar,52,44,18,20,134,0,0,4,3,7,52,44,22,23,141,0,30,30,171
02/19/2020,MDT,PA,AEA,EN,Combined TRACON& Tower with Radar,54,47,14,10,125,0,1,10,2,13,54,48,24,12,138,0,10,10,148
02/20/2020,MDT,PA,AEA,EN,Combined TRACON& Tower with Radar,50,50,17,29,146,0,2,10,13,25,50,52,27,42,171,0,38,38,209
02/21/2020,MDT,PA,AEA,EN,Combined TRACON& Tower with Radar,49,44,11,8,112,0,4,21,4,29,49,48,32,12,141,0,16,16,157
02/22/2020,MDT,PA,AEA,EN,Combined TRACON& Tower with Radar,41,20,13,0,74,0,2,15,0,17,41,22,28,0,91,0,0,0,91
02/23/2020,MDT,PA,AEA,EN,Combined TRACON& Tower with Radar,41,30,11,3,85,0,0,15,1,16,41,30,26,4,101,0,0,0,101
02/24/2020,MDT,PA,AEA,EN,Combined TRACON& Tower with Radar,51,40,15,17,123,0,3,19,0,22,51,43,34,17,145,2,0,2,147
02/25/2020,MDT,PA,AEA,EN,Combined TRACON& Tower with Radar,50,35,26,13,124,0,0,0,0,0,50,35,26,13,124,0,0,0,124
02/26/2020,MDT,PA,AEA,EN,Combined TRACON& Tower with Radar,55,39,26,12,132,0,0,2,0,2,55,39,28,12,134,0,0,0,134
02/27/2020,MDT,PA,AEA,EN,Combined TRACON& Tower with Radar,51,37,10,25,123,0,0,2,7,9,51,37,12,32,132,0,6,6,138
02/28/2020,MDT,PA,AEA,EN,Combined TRACON& Tower with Radar,47,42,13,24,126,0,2,6,6,14,47,44,19,30,140,0,16,16,156
02/29/2020,MDT,PA,AEA,EN,Combined TRACON& Tower with Radar,39,21,6,2,68,0,0,7,0,7,39,21,13,2,75,0,0,0,75
03/01/2020,MDT,PA,AEA,EN,Combined TRACON& Tower with Radar,41,32,24,0,97,0,0,21,0,21,41,32,45,0,118,8,0,8,126
03/02/2020,MDT,PA,AEA,EN,Combined TRACON& Tower with Radar,51,38,15,2,106,0,0,7,0,7,51,38,22,2,113,0,0,0,113
03/03/2020,MDT,PA,AEA,EN,Combined TRACON& Tower with Radar,50,40,14,6,110,0,3,0,3,6,50,43,14,9,116,0,0,0,116
03/04/2020,MDT,PA,AEA,EN,Combined TRACON& Tower with Radar,56,37,22,35,150,0,0,6,16,22,56,37,28,51,172,0,32,32,204
03/05/2020,MDT,PA,AEA,EN,Combined TRACON& Tower with Radar,52,43,24,15,134,0,0,18,5,23,52,43,42,20,157,20,4,24,181
03/06/2020,MDT,PA,AEA,EN,Combined TRACON& Tower with Radar,51,40,12,6,109,0,0,0,0,0,51,40,12,6,109,0,0,0,109
03/07/2020,MDT,PA,AEA,EN,Combined TRACON& Tower with Radar,38,27,5,1,71,0,4,0,1,5,38,31,5,2,76,4,0,4,80
03/08/2020,MDT,PA,AEA,EN,Combined TRACON& Tower with Radar,38,30,26,2,96,0,3,22,0,25,38,33,48,2,121,16,0,16,137
03/09/2020,MDT,PA,AEA,EN,Combined TRACON& Tower with Radar,53,37,22,25,137,0,0,18,3,21,53,37,40,28,158,6,14,20,178
03/10/2020,MDT,PA,AEA,EN,Combined TRACON& Tower with Radar,52,34,12,14,112,0,0,1,4,5,52,34,13,18,117,0,18,18,135
03/11/2020,MDT,PA,AEA,EN,Combined TRACON& Tower with Radar,57,40,18,14,129,0,2,15,1,18,57,42,33,15,147,6,40,46,193
03/12/2020,MDT,PA,AEA,EN,Combined TRACON& Tower with Radar,52,41,23,11,127,0,2,12,3,17,52,43,35,14,144,4,0,4,148
03/13/2020,MDT,PA,AEA,EN,Combined TRACON& Tower with Radar,47,39,14,7,107,0,0,0,1,1,47,39,14,8,108,0,0,0,108
03/14/2020,MDT,PA,AEA,EN,Combined TRACON& Tower with Radar,35,25,14,0,74,0,0,19,0,19,35,25,33,0,93,0,2,2,95
03/15/2020,MDT,PA,AEA,EN,Combined TRACON& Tower with Radar,36,36,4,0,76,0,2,11,0,13,36,38,15,0,89,2,0,2,91
03/16/2020,MDT,PA,AEA,EN,Combined TRACON& Tower with Radar,50,45,10,10,115,0,0,10,0,10,50,45,20,10,125,10,0,10,135
03/17/2020,MDT,PA,AEA,EN,Combined TRACON& Tower with Radar,52,45,9,9,115,0,0,5,6,11,52,45,14,15,126,6,14,20,146
03/18/2020,MDT,PA,AEA,EN,Combined TRACON& Tower with Radar,53,44,7,8,112,0,0,13,1,14,53,44,20,9,126,0,4,4,130
03/19/2020,MDT,PA,AEA,EN,Combined TRACON& Tower with Radar,45,39,0,30,114,0,0,0,0,0,45,39,0,30,114,0,0,0,114
03/20/2020,MDT,PA,AEA,EN,Combined TRACON& Tower with Radar,38,38,2,4,82,0,0,0,0,0,38,38,2,4,82,0,0,0,82
03/21/2020,MDT,PA,AEA,EN,Combined TRACON& Tower with Radar,26,24,3,0,53,0,0,12,6,18,26,24,15,6,71,0,0,0,71
03/22/2020,MDT,PA,AEA,EN,Combined TRACON& Tower with Radar,29,25,6,0,60,0,5,21,2,28,29,30,27,2,88,0,0,0,88
03/23/2020,MDT,PA,AEA,EN,Combined TRACON& Tower with Radar,33,37,5,0,75,0,0,0,0,0,33,37,5,0,75,0,0,0,75
03/24/2020,MDT,PA,AEA,EN,Combined TRACON& Tower with Radar,34,36,0,3,73,0,2,6,1,9,34,38,6,4,82,0,0,0,82
03/25/2020,MDT,PA,AEA,EN,Combined TRACON& Tower with Radar,24,38,0,7,69,0,0,0,0,0,24,38,0,7,69,0,10,10,79
03/26/2020,MDT,PA,AEA,EN,Combined TRACON& Tower with Radar,32,34,7,4,77,0,0,11,0,11,32,34,18,4,88,0,2,2,90
03/27/2020,MDT,PA,AEA,EN,Combined TRACON& Tower with Radar,17,32,6,3,58,0,0,11,1,12,17,32,17,4,70,2,4,6,76
03/28/2020,MDT,PA,AEA,EN,Combined TRACON& Tower with Radar,11,23,0,0,34,0,0,0,0,0,11,23,0,0,34,0,0,0,34
03/29/2020,MDT,PA,AEA,EN,Combined TRACON& Tower with Radar,9,26,1,2,38,0,0,0,0,0,9,26,1,2,38,0,0,0,38
03/30/2020,MDT,PA,AEA,EN,Combined TRACON& Tower with Radar,16,26,2,14,58,0,0,8,2,10,16,26,10,16,68,0,56,56,124
03/31/2020,MDT,PA,AEA,EN,Combined TRACON& Tower with Radar,24,29,0,1,54,0,0,6,0,6,24,29,6,1,60,0,0,0,60
04/01/2020,MDT,PA,AEA,EN,Combined TRACON& Tower with Radar,25,28,4,8,65,0,0,5,2,7,25,28,9,10,72,0,10,10,82
04/02/2020,MDT,PA,AEA,EN,Combined TRACON& Tower with Radar,25,28,5,6,64,0,0,3,2,5,25,28,8,8,69,0,16,16,85
04/03/2020,MDT,PA,AEA,EN,Combined TRACON& Tower with Radar,19,23,0,10,52,0,1,8,3,12,19,24,8,13,64,0,10,10,74
04/04/2020,MDT,PA,AEA,EN,Combined TRACON& Tower with Radar,8,20,6,0,34,0,0,9,0,9,8,20,15,0,43,0,0,0,43
04/05/2020,MDT,PA,AEA,EN,Combined TRACON& Tower with Radar,11,20,8,0,39,0,0,11,0,11,11,20,19,0,50,12,0,12,62
04/06/2020,MDT,PA,AEA,EN,Combined TRACON& Tower with Radar,22,23,13,25,83,1,2,15,8,26,23,25,28,33,109,10,14,24,133
04/07/2020,MDT,PA,AEA,EN,Combined TRACON& Tower with Radar,25,26,3,5,59,0,0,2,1,3,25,26,5,6,62,0,0,0,62
04/08/2020,MDT,PA,AEA,EN,Combined TRACON& Tower with Radar,22,24,2,30,78,0,0,5,6,11,22,24,7,36,89,0,56,56,145
04/09/2020,MDT,PA,AEA,EN,Combined TRACON& Tower with Radar,26,33,3,0,62,0,1,0,0,1,26,34,3,0,63,0,0,0,63
04/10/2020,MDT,PA,AEA,EN,Combined TRACON& Tower with Radar,17,25,3,0,45,0,0,1,2,3,17,25,4,2,48,0,0,0,48
04/11/2020,MDT,PA,AEA,EN,Combined TRACON& Tower with Radar,16,18,10,4,48,0,0,11,0,11,16,18,21,4,59,2,26,28,87
04/12/2020,MDT,PA,AEA,EN,Combined TRACON& Tower with Radar,5,19,1,2,27,0,2,6,0,8,5,21,7,2,35,0,6,6,41
04/13/2020,MDT,PA,AEA,EN,Combined TRACON& Tower with Radar,24,23,0,0,47,0,0,0,0,0,24,23,0,0,47,0,0,0,47
04/14/2020,MDT,PA,AEA,EN,Combined TRACON& Tower with Radar,27,27,7,12,73,0,0,9,2,11,27,27,16,14,84,12,28,40,124
04/15/2020,MDT,PA,AEA,EN,Combined TRACON& Tower with Radar,24,26,3,5,58,0,0,9,1,10,24,26,12,6,68,0,22,22,90
04/16/2020,MDT,PA,AEA,EN,Combined TRACON& Tower with Radar,22,25,16,11,74,0,3,10,3,16,22,28,26,14,90,1,1,2,92
04/17/2020,MDT,PA,AEA,EN,Combined TRACON& Tower with Radar,22,23,5,15,65,0,0,3,15,18,22,23,8,30,83,0,30,30,113
04/18/2020,MDT,PA,AEA,EN,Combined TRACON& Tower with Radar,12,15,1,0,28,0,0,3,0,3,12,15,4,0,31,0,0,0,31
04/19/2020,MDT,PA,AEA,EN,Combined TRACON& Tower with Radar,5,15,6,0,26,0,0,11,0,11,5,15,17,0,37,8,0,8,45
04/20/2020,MDT,PA,AEA,EN,Combined TRACON& Tower with Radar,13,27,18,10,68,0,0,15,0,15,13,27,33,10,83,4,0,4,87
04/21/2020,MDT,PA,AEA,EN,Combined TRACON& Tower with Radar,20,25,2,5,52,0,0,0,7,7,20,25,2,12,59,0,12,12,71
04/22/2020,MDT,PA,AEA,EN,Combined TRACON& Tower with Radar,17,27,7,4,55,0,3,4,0,7,17,30,11,4,62,2,0,2,64
04/23/2020,MDT,PA,AEA,EN,Combined TRACON& Tower with Radar,15,31,4,6,56,0,1,7,0,8,15,32,11,6,64,2,22,24,88
04/24/2020,MDT,PA,AEA,EN,Combined TRACON& Tower with Radar,11,28,2,0,41,0,2,0,0,2,11,30,2,0,43,0,0,0,43
04/25/2020,MDT,PA,AEA,EN,Combined TRACON& Tower with Radar,8,13,7,0,28,0,0,1,0,1,8,13,8,0,29,0,0,0,29
04/26/2020,MDT,PA,AEA,EN,Combined TRACON& Tower with Radar,6,15,2,0,23,0,0,0,0,0,6,15,2,0,23,0,0,0,23
04/27/2020,MDT,PA,AEA,EN,Combined TRACON& Tower with Radar,13,19,11,10,53,0,0,2,2,4,13,19,13,12,57,0,62,62,119
04/28/2020,MDT,PA,AEA,EN,Combined TRACON& Tower with Radar,18,25,20,9,72,0,0,21,3,24,18,25,41,12,96,24,0,24,120
04/29/2020,MDT,PA,AEA,EN,Combined TRACON& Tower with Radar,16,21,13,20,70,0,0,4,3,7,16,21,17,23,77,10,14,24,101
04/30/2020,MDT,PA,AEA,EN,Combined TRACON& Tower with Radar,17,21,3,8,49,0,0,0,0,0,17,21,3,8,49,0,0,0,49
05/01/2020,MDT,PA,AEA,EN,Combined TRACON& Tower with Radar,14,29,22,6,71,0,4,6,5,15,14,33,28,11,86,0,24,24,110
05/02/2020,MDT,PA,AEA,EN,Combined TRACON& Tower with Radar,10,10,19,0,39,0,2,19,0,21,10,12,38,0,60,4,0,4,64
05/03/2020,MDT,PA,AEA,EN,Combined TRACON& Tower with Radar,11,12,9,0,32,0,2,6,0,8,11,14,15,0,40,6,0,6,46
05/04/2020,MDT,PA,AEA,EN,Combined TRACON& Tower with Radar,22,24,7,3,56,0,4,16,2,22,22,28,23,5,78,18,26,44,122
05/05/2020,MDT,PA,AEA,EN,Combined TRACON& Tower with Radar,19,20,14,18,71,0,2,11,19,32,19,22,25,37,103,12,26,38,141
05/06/2020,MDT,PA,AEA,EN,Combined TRACON& Tower with Radar,22,19,6,2,49,0,0,0,0,0,22,19,6,2,49,0,0,0,49
05/07/2020,MDT,PA,AEA,EN,Combined TRACON& Tower with Radar,19,22,11,7,59,0,1,12,3,16,19,23,23,10,75,0,28,28,103
05/08/2020,MDT,PA,AEA,EN,Combined TRACON& Tower with Radar,15,23,7,4,49,0,0,0,0,0,15,23,7,4,49,0,8,8,57
05/09/2020,MDT,PA,AEA,EN,Combined TRACON& Tower with Radar,12,12,3,0,27,0,0,0,0,0,12,12,3,0,27,0,0,0,27
05/10/2020,MDT,PA,AEA,EN,Combined TRACON& Tower with Radar,4,14,12,0,30,0,0,9,0,9,4,14,21,0,39,4,0,4,43
05/11/2020,MDT,PA,AEA,EN,Combined TRACON& Tower with Radar,17,20,0,2,39,0,0,2,0,2,17,20,2,2,41,0,0,0,41
05/12/2020,MDT,PA,AEA,EN,Combined TRACON& Tower with Radar,17,22,7,6,52,0,2,8,2,12,17,24,15,8,64,0,4,4,68
05/13/2020,MDT,PA,AEA,EN,Combined TRACON& Tower with Radar,20,23,16,7,66,0,0,19,5,24,20,23,35,12,90,22,0,22,112
05/14/2020,MDT,PA,AEA,EN,Combined TRACON& Tower with Radar,22,25,12,6,65,0,2,11,5,18,22,27,23,11,83,6,18,24,107
05/15/2020,MDT,PA,AEA,EN,Combined TRACON& Tower with Radar,13,25,7,4,49,0,3,3,7,13,13,28,10,11,62,8,12,20,82
05/16/2020,MDT,PA,AEA,EN,Combined TRACON& Tower with Radar,10,16,6,0,32,0,2,17,0,19,10,18,23,0,51,24,0,24,75
05/17/2020,MDT,PA,AEA,EN,Combined TRACON& Tower with Radar,10,14,6,0,30,0,0,3,0,3,10,14,9,0,33,4,0,4,37
05/18/2020,MDT,PA,AEA,EN,Combined TRACON& Tower with Radar,19,25,20,5,69,0,0,8,3,11,19,25,28,8,80,26,20,46,126
05/19/2020,MDT,PA,AEA,EN,Combined TRACON& Tower with Radar,20,23,3,32,78,0,6,9,8,23,20,29,12,40,101,20,52,72,173
05/20/2020,MDT,PA,AEA,EN,Combined TRACON& Tower with Radar,18,27,21,3,69,0,1,9,7,17,18,28,30,10,86,8,80,88,174
05/21/2020,MDT,PA,AEA,EN,Combined TRACON& Tower with Radar,20,23,13,10,66,0,2,19,2,23,20,25,32,12,89,2,12,14,103
05/22/2020,MDT,PA,AEA,EN,Combined TRACON& Tower with Radar,18,23,8,4,53,0,0,0,0,0,18,23,8,4,53,0,0,0,53
05/23/2020,MDT,PA,AEA,EN,Combined TRACON& Tower with Radar,10,16,1,0,27,0,0,3,0,3,10,16,4,0,30,2,0,2,32
05/24/2020,MDT,PA,AEA,EN,Combined TRACON& Tower with Radar,10,12,6,0,28,0,0,0,0,0,10,12,6,0,28,0,0,0,28
05/25/2020,MDT,PA,AEA,EN,Combined TRACON& Tower with Radar,12,14,7,0,33,0,0,3,0,3,12,14,10,0,36,6,0,6,42
05/26/2020,MDT,PA,AEA,EN,Combined TRACON& Tower with Radar,16,20,17,27,80,0,4,16,2,22,16,24,33,29,102,20,6,26,128
05/27/2020,MDT,PA,AEA,EN,Combined TRACON& Tower with Radar,24,25,4,32,85,0,4,6,4,14,24,29,10,36,99,0,50,50,149
05/28/2020,MDT,PA,AEA,EN,Combined TRACON& Tower with Radar,22,27,12,10,71,0,2,2,1,5,22,29,14,11,76,0,20,20,96
05/29/2020,MDT,PA,AEA,EN,Combined TRACON& Tower with Radar,18,21,9,2,50,0,2,0,0,2,18,23,9,2,52,0,0,0,52
05/30/2020,MDT,PA,AEA,EN,Combined TRACON& Tower with Radar,10,13,9,6,38,0,4,23,0,27,10,17,32,6,65,28,4,32,97
05/31/2020,MDT,PA,AEA,EN,Combined TRACON& Tower with Radar,10,20,11,4,45,0,0,21,0,21,10,20,32,4,66,4,6,10,76
06/01/2020,MDT,PA,AEA,EN,Combined TRACON& Tower with Radar,22,26,11,4,63,0,0,10,2,12,22,26,21,6,75,12,22,34,109
06/02/2020,MDT,PA,AEA,EN,Combined TRACON& Tower with Radar,25,18,12,10,65,0,2,8,8,18,25,20,20,18,83,0,22,22,105
06/03/2020,MDT,PA,AEA,EN,Combined TRACON& Tower with Radar,18,26,6,4,54,0,0,9,4,13,18,26,15,8,67,0,6,6,73
06/04/2020,MDT,PA,AEA,EN,Combined TRACON& Tower with Radar,26,24,6,4,60,0,2,6,1,9,26,26,12,5,69,0,0,0,69
06/05/2020,MDT,PA,AEA,EN,Combined TRACON& Tower with Radar,19,28,8,6,61,0,0,2,0,2,19,28,10,6,63,0,0,0,63
06/06/2020,MDT,PA,AEA,EN,Combined TRACON& Tower with Radar,10,13,12,0,35,0,0,5,0,5,10,13,17,0,40,28,0,28,68
06/07/2020,MDT,PA,AEA,EN,Combined TRACON& Tower with Radar,14,16,10,0,40,0,0,30,0,30,14,16,40,0,70,10,0,10,80
06/08/2020,MDT,PA,AEA,EN,Combined TRACON& Tower with Radar,20,22,5,10,57,0,0,22,0,22,20,22,27,10,79,2,38,40,119
06/09/2020,MDT,PA,AEA,EN,Combined TRACON& Tower with Radar,23,21,28,8,80,0,0,12,4,16,23,21,40,12,96,4,12,16,112
06/10/2020,MDT,PA,AEA,EN,Combined TRACON& Tower with Radar,19,26,7,8,60,0,0,5,2,7,19,26,12,10,67,0,12,12,79
06/11/2020,MDT,PA,AEA,EN,Combined TRACON& Tower with Radar,26,29,18,10,83,0,0,7,5,12,26,29,25,15,95,6,28,34,129
06/12/2020,MDT,PA,AEA,EN,Combined TRACON& Tower with Radar,17,29,9,10,65,0,3,30,1,34,17,32,39,11,99,0,8,8,107
06/13/2020,MDT,PA,AEA,EN,Combined TRACON& Tower with Radar,10,12,11,1,34,0,4,13,3,20,10,16,24,4,54,0,4,4,58
06/14/2020,MDT,PA,AEA,EN,Combined TRACON& Tower with Radar,12,14,3,2,31,0,0,8,3,11,12,14,11,5,42,0,12,12,54
06/15/2020,MDT,PA,AEA,EN,Combined TRACON& Tower with Radar,23,23,13,12,71,0,0,23,0,23,23,23,36,12,94,16,8,24,118
06/16/2020,MDT,PA,AEA,EN,Combined TRACON& Tower with Radar,24,26,5,15,70,0,4,25,5,34,24,30,30,20,104,8,14,22,126
06/17/2020,MDT,PA,AEA,EN,Combined TRACON& Tower with Radar,20,25,14,16,75,0,0,10,13,23,20,25,24,29,98,10,116,126,224
06/18/2020,MDT,PA,AEA,EN,Combined TRACON& Tower with Radar,26,27,9,3,65,0,0,2,8,10,26,27,11,11,75,0,14,14,89
06/19/2020,MDT,PA,AEA,EN,Combined TRACON& Tower with Radar,17,27,4,6,54,0,2,2,2,6,17,29,6,8,60,0,0,0,60
06/20/2020,MDT,PA,AEA,EN,Combined TRACON& Tower with Radar,10,12,4,5,31,0,2,3,0,5,10,14,7,5,36,0,2,2,38
06/21/2020,MDT,PA,AEA,EN,Combined TRACON& Tower with Radar,13,14,8,2,37,0,0,6,0,6,13,14,14,2,43,0,0,0,43
06/22/2020,MDT,PA,AEA,EN,Combined TRACON& Tower with Radar,22,23,9,4,58,0,2,6,2,10,22,25,15,6,68,0,0,0,68
06/23/2020,MDT,PA,AEA,EN,Combined TRACON& Tower with Radar,24,22,10,13,69,0,0,3,1,4,24,22,13,14,73,4,6,10,83
06/24/2020,MDT,PA,AEA,EN,Combined TRACON& Tower with Radar,19,27,26,18,90,0,1,18,4,23,19,28,44,22,113,22,20,42,155
06/25/2020,MDT,PA,AEA,EN,Combined TRACON& Tower with Radar,26,27,18,19,90,0,1,14,4,19,26,28,32,23,109,0,20,20,129
06/26/2020,MDT,PA,AEA,EN,Combined TRACON& Tower with Radar,17,33,6,20,76,0,1,13,8,22,17,34,19,28,98,44,16,60,158
06/27/2020,MDT,PA,AEA,EN,Combined TRACON& Tower with Radar,8,13,5,6,32,0,0,3,3,6,8,13,8,9,38,24,16,40,78
06/28/2020,MDT,PA,AEA,EN,Combined TRACON& Tower with Radar,12,18,7,0,37,0,0,10,0,10,12,18,17,0,47,20,0,20,67
06/29/2020,MDT,PA,AEA,EN,Combined TRACON& Tower with Radar,24,25,9,0,58,0,0,19,0,19,24,25,28,0,77,0,0,0,77
06/30/2020,MDT,PA,AEA,EN,Combined TRACON& Tower with Radar,23,19,17,5,64,0,1,8,12,21,23,20,25,17,85,0,20,20,105
07/01/2020,MDT,PA,AEA,EN,Combined TRACON& Tower with Radar,22,26,28,7,83,0,1,5,6,12,22,27,33,13,95,2,56,58,153
07/02/2020,MDT,PA,AEA,EN,Combined TRACON& Tower with Radar,26,28,4,26,84,0,3,11,4,18,26,31,15,30,102,0,16,16,118
07/03/2020,MDT,PA,AEA,EN,Combined TRACON& Tower with Radar,18,26,9,6,59,0,1,10,0,11,18,27,19,6,70,0,8,8,78
07/04/2020,MDT,PA,AEA,EN,Combined TRACON& Tower with Radar,12,15,5,0,32,0,1,6,1,8,12,16,11,1,40,22,0,22,62
07/05/2020,MDT,PA,AEA,EN,Combined TRACON& Tower with Radar,21,23,7,0,51,0,4,13,0,17,21,27,20,0,68,12,0,12,80
07/06/2020,MDT,PA,AEA,EN,Combined TRACON& Tower with Radar,27,28,5,6,66,0,0,3,0,3,27,28,8,6,69,2,0,2,71
07/07/2020,MDT,PA,AEA,EN,Combined TRACON& Tower with Radar,29,29,22,14,94,0,2,2,6,10,29,31,24,20,104,0,4,4,108
07/08/2020,MDT,PA,AEA,EN,Combined TRACON& Tower with Radar,31,33,11,10,85,0,0,8,0,8,31,33,19,10,93,4,2,6,99
07/09/2020,MDT,PA,AEA,EN,Combined TRACON& Tower with Radar,36,34,10,2,82,0,0,18,6,24,36,34,28,8,106,16,22,38,144
07/10/2020,MDT,PA,AEA,EN,Combined TRACON& Tower with Radar,29,37,9,18,93,0,0,5,3,8,29,37,14,21,101,0,14,14,115
07/11/2020,MDT,PA,AEA,EN,Combined TRACON& Tower with Radar,26,25,7,0,58,0,3,6,1,10,26,28,13,1,68,0,0,0,68
07/12/2020,MDT,PA,AEA,EN,Combined TRACON& Tower with Radar,28,24,15,1,68,0,0,12,0,12,28,24,27,1,80,0,0,0,80
07/13/2020,MDT,PA,AEA,EN,Combined TRACON& Tower with Radar,32,27,10,9,78,0,2,10,10,22,32,29,20,19,100,0,30,30,130
07/14/2020,MDT,PA,AEA,EN,Combined TRACON& Tower with Radar,30,28,9,8,75,0,2,18,8,28,30,30,27,16,103,0,14,14,117
07/15/2020,MDT,PA,AEA,EN,Combined TRACON& Tower with Radar,27,24,19,19,89,0,0,21,5,26,27,24,40,24,115,10,0,10,125
07/16/2020,MDT,PA,AEA,EN,Combined TRACON& Tower with Radar,38,31,10,2,81,0,0,7,3,10,38,31,17,5,91,0,4,4,95
07/17/2020,MDT,PA,AEA,EN,Combined TRACON& Tower with Radar,28,34,25,7,94,0,0,11,3,14,28,34,36,10,108,0,2,2,110
07/18/2020,MDT,PA,AEA,EN,Combined TRACON& Tower with Radar,25,20,6,4,55,0,0,18,1,19,25,20,24,5,74,8,0,8,82
07/19/2020,MDT,PA,AEA,EN,Combined TRACON& Tower with Radar,26,33,7,1,67,0,2,8,3,13,26,35,15,4,80,0,0,0,80
07/20/2020,MDT,PA,AEA,EN,Combined TRACON& Tower with Radar,32,31,2,38,103,0,0,5,0,5,32,31,7,38,108,0,6,6,114
07/21/2020,MDT,PA,AEA,EN,Combined TRACON& Tower with Radar,33,24,12,20,89,0,3,14,8,25,33,27,26,28,114,4,20,24,138
07/22/2020,MDT,PA,AEA,EN,Combined TRACON& Tower with Radar,29,29,12,5,75,0,0,7,1,8,29,29,19,6,83,0,10,10,93
07/23/2020,MDT,PA,AEA,EN,Combined TRACON& Tower with Radar,38,36,10,9,93,0,4,10,2,16,38,40,20,11,109,6,34,40,149
07/24/2020,MDT,PA,AEA,EN,Combined TRACON& Tower with Radar,29,33,15,4,81,0,6,7,3,16,29,39,22,7,97,4,2,6,103
07/25/2020,MDT,PA,AEA,EN,Combined TRACON& Tower with Radar,26,22,4,0,52,0,0,8,0,8,26,22,12,0,60,0,0,0,60
07/26/2020,MDT,PA,AEA,EN,Combined TRACON& Tower with Radar,26,28,16,5,75,0,2,18,1,21,26,30,34,6,96,0,16,16,112
07/27/2020,MDT,PA,AEA,EN,Combined TRACON& Tower with Radar,34,31,14,14,93,0,0,9,0,9,34,31,23,14,102,4,4,8,110
07/28/2020,MDT,PA,AEA,EN,Combined TRACON& Tower with Radar,32,24,6,8,70,0,0,1,1,2,32,24,7,9,72,0,16,16,88
07/29/2020,MDT,PA,AEA,EN,Combined TRACON& Tower with Radar,29,26,9,8,72,0,4,30,2,36,29,30,39,10,108,8,0,8,116
07/30/2020,MDT,PA,AEA,EN,Combined TRACON& Tower with Radar,35,32,25,11,103,0,0,16,2,18,35,32,41,13,121,28,10,38,159
07/31/2020,MDT,PA,AEA,EN,Combined TRACON& Tower with Radar,25,29,24,17,95,0,0,6,5,11,25,29,30,22,106,6,30,36,142
08/01/2020,MDT,PA,AEA,EN,Combined TRACON& Tower with Radar,27,20,2,2,51,0,2,4,0,6,27,22,6,2,57,0,0,0,57
08/02/2020,MDT,PA,AEA,EN,Combined TRACON& Tower with Radar,24,23,6,0,53,0,0,2,0,2,24,23,8,0,55,0,0,0,55
08/03/2020,MDT,PA,AEA,EN,Combined TRACON& Tower with Radar,30,32,10,9,81,0,0,10,1,11,30,32,20,10,92,2,20,22,114
08/04/2020,MDT,PA,AEA,EN,Combined TRACON& Tower with Radar,28,22,3,0,53,0,0,3,0,3,28,22,6,0,56,2,0,2,58
08/05/2020,MDT,PA,AEA,EN,Combined TRACON& Tower with Radar,32,25,14,7,78,0,1,24,0,25,32,26,38,7,103,4,6,10,113
08/06/2020,MDT,PA,AEA,EN,Combined TRACON& Tower with Radar,37,32,13,7,89,0,0,7,2,9,37,32,20,9,98,14,18,32,130
08/07/2020,MDT,PA,AEA,EN,Combined TRACON& Tower with Radar,29,38,16,4,87,0,2,1,0,3,29,40,17,4,90,0,0,0,90
08/08/2020,MDT,PA,AEA,EN,Combined TRACON& Tower with Radar,26,19,10,1,56,0,3,14,0,17,26,22,24,1,73,6,0,6,79
08/09/2020,MDT,PA,AEA,EN,Combined TRACON& Tower with Radar,24,20,9,2,55,0,0,15,0,15,24,20,24,2,70,20,0,20,90
08/10/2020,MDT,PA,AEA,EN,Combined TRACON& Tower with Radar,33,27,7,2,69,1,0,13,1,15,34,27,20,3,84,14,0,14,98
08/11/2020,MDT,PA,AEA,EN,Combined TRACON& Tower with Radar,29,26,8,12,75,0,0,13,0,13,29,26,21,12,88,24,0,24,112
08/12/2020,MDT,PA,AEA,EN,Combined TRACON& Tower with Radar,31,25,3,9,68,0,0,14,2,16,31,25,17,11,84,16,20,36,120
08/13/2020,MDT,PA,AEA,EN,Combined TRACON& Tower with Radar,34,35,9,0,78,0,6,6,2,14,34,41,15,2,92,0,0,0,92
08/14/2020,MDT,PA,AEA,EN,Combined TRACON& Tower with Radar,28,28,7,16,79,0,0,19,6,25,28,28,26,22,104,12,28,40,144
08/15/2020,MDT,PA,AEA,EN,Combined TRACON& Tower with Radar,29,22,4,2,57,0,1,1,0,2,29,23,5,2,59,0,0,0,59
08/16/2020,MDT,PA,AEA,EN,Combined TRACON& Tower with Radar,25,20,8,4,57,0,2,11,0,13,25,22,19,4,70,46,0,46,116
08/17/2020,MDT,PA,AEA,EN,Combined TRACON& Tower with Radar,34,35,10,1,80,0,3,5,1,9,34,38,15,2,89,16,0,16,105
08/18/2020,MDT,PA,AEA,EN,Combined TRACON& Tower with Radar,33,23,13,2,71,0,4,26,0,30,33,27,39,2,101,2,0,2,103
08/19/2020,MDT,PA,AEA,EN,Combined TRACON& Tower with Radar,29,26,11,23,89,0,2,20,0,22,29,28,31,23,111,36,12,48,159
08/20/2020,MDT,PA,AEA,EN,Combined TRACON& Tower with Radar,34,34,15,9,92,0,0,19,0,19,34,34,34,9,111,6,0,6,117
08/21/2020,MDT,PA,AEA,EN,Combined TRACON& Tower with Radar,26,33,13,4,76,0,1,5,1,7,26,34,18,5,83,0,0,0,83
08/22/2020,MDT,PA,AEA,EN,Combined TRACON& Tower with Radar,24,18,9,0,51,0,0,29,0,29,24,18,38,0,80,24,0,24,104
08/23/2020,MDT,PA,AEA,EN,Combined TRACON& Tower with Radar,21,24,6,0,51,0,0,4,0,4,21,24,10,0,55,0,0,0,55
08/24/2020,MDT,PA,AEA,EN,Combined TRACON& Tower with Radar,29,34,15,18,96,0,5,7,2,14,29,39,22,20,110,8,12,20,130
08/25/2020,MDT,PA,AEA,EN,Combined TRACON& Tower with Radar,30,27,12,4,73,0,5,1,1,7,30,32,13,5,80,8,10,18,98
08/26/2020,MDT,PA,AEA,EN,Combined TRACON& Tower with Radar,27,34,16,6,83,0,7,28,4,39,27,41,44,10,122,18,18,36,158
08/27/2020,MDT,PA,AEA,EN,Combined TRACON& Tower with Radar,33,33,9,7,82,0,0,4,1,5,33,33,13,8,87,0,0,0,87
08/28/2020,MDT,PA,AEA,EN,Combined TRACON& Tower with Radar,26,33,6,3,68,0,0,6,1,7,26,33,12,4,75,0,0,0,75
08/29/2020,MDT,PA,AEA,EN,Combined TRACON& Tower with Radar,23,23,11,0,57,0,0,2,0,2,23,23,13,0,59,0,0,0,59
08/30/2020,MDT,PA,AEA,EN,Combined TRACON& Tower with Radar,20,24,13,3,60,0,2,12,1,15,20,26,25,4,75,14,0,14,89
08/31/2020,MDT,PA,AEA,EN,Combined TRACON& Tower with Radar,31,23,15,6,75,0,2,6,3,11,31,25,21,9,86,0,34,34,120
09/01/2020,MDT,PA,AEA,EN,Combined TRACON& Tower with Radar,33,25,8,30,96,0,2,7,0,9,33,27,15,30,105,0,10,10,115
09/02/2020,MDT,PA,AEA,EN,Combined TRACON& Tower with Radar,29,23,20,5,77,0,0,1,0,1,29,23,21,5,78,0,0,0,78
09/03/2020,MDT,PA,AEA,EN,Combined TRACON& Tower with Radar,38,31,14,8,91,0,0,7,10,17,38,31,21,18,108,0,0,0,108
09/04/2020,MDT,PA,AEA,EN,Combined TRACON& Tower with Radar,25,34,15,1,75,0,0,10,0,10,25,34,25,1,85,6,20,26,111
09/05/2020,MDT,PA,AEA,EN,Combined TRACON& Tower with Radar,21,16,12,0,49,0,6,17,0,23,21,22,29,0,72,4,0,4,76
09/06/2020,MDT,PA,AEA,EN,Combined TRACON& Tower with Radar,19,19,7,2,47,0,2,11,0,13,19,21,18,2,60,14,4,18,78
09/07/2020,MDT,PA,AEA,EN,Combined TRACON& Tower with Radar,21,26,4,0,51,0,0,14,2,16,21,26,18,2,67,32,0,32,99
09/08/2020,MDT,PA,AEA,EN,Combined TRACON& Tower with Radar,30,21,14,11,76,0,0,15,5,20,30,21,29,16,96,8,28,36,132
09/09/2020,MDT,PA,AEA,EN,Combined TRACON& Tower with Radar,42,28,22,14,106,0,0,9,6,15,42,28,31,20,121,0,22,22,143
09/10/2020,MDT,PA,AEA,EN,Combined TRACON& Tower with Radar,45,21,11,11,88,0,2,0,2,4,45,23,11,13,92,4,18,22,114
09/11/2020,MDT,PA,AEA,EN,Combined TRACON& Tower with Radar,36,22,23,7,88,0,0,1,2,3,36,22,24,9,91,0,22,22,113
09/12/2020,MDT,PA,AEA,EN,Combined TRACON& Tower with Radar,31,17,5,1,54,0,4,8,4,16,31,21,13,5,70,12,0,12,82
09/13/2020,MDT,PA,AEA,EN,Combined TRACON& Tower with Radar,28,16,15,0,59,0,2,11,0,13,28,18,26,0,72,0,0,0,72
09/14/2020,MDT,PA,AEA,EN,Combined TRACON& Tower with Radar,37,19,15,9,80,0,0,12,3,15,37,19,27,12,95,32,0,32,127
09/15/2020,MDT,PA,AEA,EN,Combined TRACON& Tower with Radar,43,32,11,10,96,0,8,35,10,53,43,40,46,20,149,14,32,46,195
09/16/2020,MDT,PA,AEA,EN,Combined TRACON& Tower with Radar,36,30,15,10,91,0,2,5,4,11,36,32,20,14,102,8,36,44,146
09/17/2020,MDT,PA,AEA,EN,Combined TRACON& Tower with Radar,43,29,13,15,100,0,0,6,4,10,43,29,19,19,110,0,20,20,130
09/18/2020,MDT,PA,AEA,EN,Combined TRACON& Tower with Radar,33,27,4,10,74,0,0,1,3,4,33,27,5,13,78,0,24,24,102
09/19/2020,MDT,PA,AEA,EN,Combined TRACON& Tower with Radar,31,13,4,4,52,0,0,13,3,16,31,13,17,7,68,0,0,0,68
09/20/2020,MDT,PA,AEA,EN,Combined TRACON& Tower with Radar,28,21,8,0,57,0,0,13,0,13,28,21,21,0,70,0,0,0,70
09/21/2020,MDT,PA,AEA,EN,Combined TRACON& Tower with Radar,37,22,12,10,81,0,4,10,0,14,37,26,22,10,95,0,0,0,95
09/22/2020,MDT,PA,AEA,EN,Combined TRACON& Tower with Radar,40,29,11,5,85,0,2,8,7,17,40,31,19,12,102,0,2,2,104
09/23/2020,MDT,PA,AEA,EN,Combined TRACON& Tower with Radar,38,28,15,6,87,0,1,20,6,27,38,29,35,12,114,4,8,12,126
09/24/2020,MDT,PA,AEA,EN,Combined TRACON& Tower with Radar,41,24,5,5,75,0,0,11,2,13,41,24,16,7,88,12,8,20,108
09/25/2020,MDT,PA,AEA,EN,Combined TRACON& Tower with Radar,36,21,17,5,79,0,2,7,0,9,36,23,24,5,88,8,0,8,96
09/26/2020,MDT,PA,AEA,EN,Combined TRACON& Tower with Radar,31,14,9,3,57,0,0,1,0,1,31,14,10,3,58,0,0,0,58
09/27/2020,MDT,PA,AEA,EN,Combined TRACON& Tower with Radar,28,14,23,3,68,0,0,3,1,4,28,14,26,4,72,0,0,0,72
09/28/2020,MDT,PA,AEA,EN,Combined TRACON& Tower with Radar,36,26,20,22,104,0,4,7,0,11,36,30,27,22,115,20,18,38,153
09/29/2020,MDT,PA,AEA,EN,Combined TRACON& Tower with Radar,42,25,11,2,80,0,0,8,2,10,42,25,19,4,90,10,0,10,100
09/30/2020,MDT,PA,AEA,EN,Combined TRACON& Tower with Radar,38,26,10,1,75,0,0,5,0,5,38,26,15,1,80,0,0,0,80
10/01/2020,MDT,PA,AEA,EN,Combined TRACON& Tower with Radar,46,24,15,4,89,0,4,24,2,30,46,28,39,6,119,12,18,30,149
10/02/2020,MDT,PA,AEA,EN,Combined TRACON& Tower with Radar,41,35,14,3,93,0,2,7,1,10,41,37,21,4,103,0,8,8,111
10/03/2020,MDT,PA,AEA,EN,Combined TRACON& Tower with Radar,34,17,6,2,59,0,0,18,0,18,34,17,24,2,77,2,14,16,93
10/04/2020,MDT,PA,AEA,EN,Combined TRACON& Tower with Radar,30,15,5,0,50,0,1,14,0,15,30,16,19,0,65,10,0,10,75
10/05/2020,MDT,PA,AEA,EN,Combined TRACON& Tower with Radar,39,23,11,14,87,0,0,11,0,11,39,23,22,14,98,14,12,26,124
10/06/2020,MDT,PA,AEA,EN,Combined TRACON& Tower with Radar,42,23,9,1,75,0,0,8,5,13,42,23,17,6,88,4,0,4,92
10/07/2020,MDT,PA,AEA,EN,Combined TRACON& Tower with Radar,38,24,5,9,76,0,0,4,4,8,38,24,9,13,84,2,10,12,96
10/08/2020,MDT,PA,AEA,EN,Combined TRACON& Tower with Radar,40,22,13,6,81,0,2,16,4,22,40,24,29,10,103,38,20,58,161
10/09/2020,MDT,PA,AEA,EN,Combined TRACON& Tower with Radar,35,28,11,2,76,0,1,11,4,16,35,29,22,6,92,10,16,26,118
10/10/2020,MDT,PA,AEA,EN,Combined TRACON& Tower with Radar,30,12,8,7,57,0,0,7,0,7,30,12,15,7,64,16,18,34,98
10/11/2020,MDT,PA,AEA,EN,Combined TRACON& Tower with Radar,28,17,8,1,54,0,2,2,0,4,28,19,10,1,58,10,0,10,68
10/12/2020,MDT,PA,AEA,EN,Combined TRACON& Tower with Radar,35,23,7,2,67,0,1,0,0,1,35,24,7,2,68,0,0,0,68
10/13/2020,MDT,PA,AEA,EN,Combined TRACON& Tower with Radar,36,21,13,13,83,0,0,8,5,13,36,21,21,18,96,0,22,22,118
10/14/2020,MDT,PA,AEA,EN,Combined TRACON& Tower with Radar,38,28,9,7,82,0,3,17,11,31,38,31,26,18,113,16,14,30,143
10/15/2020,MDT,PA,AEA,EN,Combined TRACON& Tower with Radar,40,24,16,18,98,0,0,10,1,11,40,24,26,19,109,22,24,46,155
10/16/2020,MDT,PA,AEA,EN,Combined TRACON& Tower with Radar,35,25,10,22,92,0,0,1,8,9,35,25,11,30,101,0,50,50,151
10/17/2020,MDT,PA,AEA,EN,Combined TRACON& Tower with Radar,31,16,13,4,64,0,2,14,0,16,31,18,27,4,80,16,2,18,98
10/18/2020,MDT,PA,AEA,EN,Combined TRACON& Tower with Radar,28,14,5,7,54,0,0,18,0,18,28,14,23,7,72,22,0,22,94
10/19/2020,MDT,PA,AEA,EN,Combined TRACON& Tower with Radar,35,22,1,3,61,0,0,9,0,9,35,22,10,3,70,0,0,0,70
10/20/2020,MDT,PA,AEA,EN,Combined TRACON& Tower with Radar,36,17,14,17,84,0,0,14,4,18,36,17,28,21,102,10,26,36,138
10/21/2020,MDT,PA,AEA,EN,Combined TRACON& Tower with Radar,40,23,14,12,89,0,0,7,4,11,40,23,21,16,100,0,40,40,140
10/22/2020,MDT,PA,AEA,EN,Combined TRACON& Tower with Radar,40,21,9,4,74,0,0,5,0,5,40,21,14,4,79,0,0,0,79
10/23/2020,MDT,PA,AEA,EN,Combined TRACON& Tower with Radar,35,25,29,18,107,0,0,5,4,9,35,25,34,22,116,4,28,32,148
10/24/2020,MDT,PA,AEA,EN,Combined TRACON& Tower with Radar,28,12,8,5,53,0,2,4,2,8,28,14,12,7,61,0,0,0,61
10/25/2020,MDT,PA,AEA,EN,Combined TRACON& Tower with Radar,28,15,4,4,51,0,0,12,0,12,28,15,16,4,63,20,0,20,83
10/26/2020,MDT,PA,AEA,EN,Combined TRACON& Tower with Radar,35,25,20,8,88,0,0,0,0,0,35,25,20,8,88,0,0,0,88
10/27/2020,MDT,PA,AEA,EN,Combined TRACON& Tower with Radar,36,22,12,17,87,0,0,9,4,13,36,22,21,21,100,18,64,82,182
10/28/2020,MDT,PA,AEA,EN,Combined TRACON& Tower with Radar,34,21,22,24,101,0,0,1,6,7,34,21,23,30,108,12,50,62,170
10/29/2020,MDT,PA,AEA,EN,Combined TRACON& Tower with Radar,38,23,6,0,67,0,0,0,0,0,38,23,6,0,67,0,0,0,67
10/30/2020,MDT,PA,AEA,EN,Combined TRACON& Tower with Radar,33,26,5,4,68,0,0,3,0,3,33,26,8,4,71,0,0,0,71
10/31/2020,MDT,PA,AEA,EN,Combined TRACON& Tower with Radar,21,12,9,0,42,0,1,12,1,14,21,13,21,1,56,6,0,6,62
11/01/2020,MDT,PA,AEA,EN,Combined TRACON& Tower with Radar,27,16,6,0,49,0,0,1,1,2,27,16,7,1,51,0,0,0,51
11/02/2020,MDT,PA,AEA,EN,Combined TRACON& Tower with Radar,39,19,8,3,69,0,2,0,6,8,39,21,8,9,77,6,22,28,105
11/03/2020,MDT,PA,AEA,EN,Combined TRACON& Tower with Radar,34,16,12,4,66,0,4,10,5,19,34,20,22,9,85,0,20,20,105
11/04/2020,MDT,PA,AEA,EN,Combined TRACON& Tower with Radar,38,23,21,5,87,0,0,15,5,20,38,23,36,10,107,14,32,46,153
11/05/2020,MDT,PA,AEA,EN,Combined TRACON& Tower with Radar,47,33,21,3,104,0,0,19,3,22,47,33,40,6,126,8,20,28,154
11/06/2020,MDT,PA,AEA,EN,Combined TRACON& Tower with Radar,41,26,10,12,89,0,0,7,5,12,41,26,17,17,101,12,40,52,153
11/07/2020,MDT,PA,AEA,EN,Combined TRACON& Tower with Radar,24,17,6,0,47,0,1,29,0,30,24,18,35,0,77,8,6,14,91
11/08/2020,MDT,PA,AEA,EN,Combined TRACON& Tower with Radar,26,23,14,4,67,0,1,13,0,14,26,24,27,4,81,4,0,4,85
11/09/2020,MDT,PA,AEA,EN,Combined TRACON& Tower with Radar,43,20,8,24,95,0,2,28,2,32,43,22,36,26,127,0,0,0,127
11/10/2020,MDT,PA,AEA,EN,Combined TRACON& Tower with Radar,40,20,19,14,93,0,2,26,4,32,40,22,45,18,125,26,36,62,187
11/11/2020,MDT,PA,AEA,EN,Combined TRACON& Tower with Radar,40,17,12,0,69,26,0,5,40,71,66,17,17,40,140,0,0,0,140
11/12/2020,MDT,PA,AEA,EN,Combined TRACON& Tower with Radar,46,23,12,11,92,0,0,0,0,0,46,23,12,11,92,0,4,4,96
11/13/2020,MDT,PA,AEA,EN,Combined TRACON& Tower with Radar,41,26,11,4,82,0,0,11,2,13,41,26,22,6,95,20,0,20,115
11/14/2020,MDT,PA,AEA,EN,Combined TRACON& Tower with Radar,32,12,9,2,55,0,2,35,0,37,32,14,44,2,92,8,0,8,100
11/15/2020,MDT,PA,AEA,EN,Combined TRACON& Tower with Radar,26,21,2,0,49,0,0,2,1,3,26,21,4,1,52,10,0,10,62
11/16/2020,MDT,PA,AEA,EN,Combined TRACON& Tower with Radar,46,25,6,0,77,0,1,8,2,11,46,26,14,2,88,10,0,10,98
11/17/2020,MDT,PA,AEA,EN,Combined TRACON& Tower with Radar,43,27,7,13,90,0,1,5,1,7,43,28,12,14,97,0,6,6,103
11/18/2020,MDT,PA,AEA,EN,Combined TRACON& Tower with Radar,46,14,10,2,72,0,2,13,0,15,46,16,23,2,87,8,0,8,95
11/19/2020,MDT,PA,AEA,EN,Combined TRACON& Tower with Radar,44,22,15,12,93,0,2,15,7,24,44,24,30,19,117,4,0,4,121
11/20/2020,MDT,PA,AEA,EN,Combined TRACON& Tower with Radar,45,23,8,2,78,0,1,21,1,23,45,24,29,3,101,0,0,0,101
11/21/2020,MDT,PA,AEA,EN,Combined TRACON& Tower with Radar,28,16,14,0,58,0,0,14,0,14,28,16,28,0,72,8,0,8,80
11/22/2020,MDT,PA,AEA,EN,Combined TRACON& Tower with Radar,30,16,4,2,52,0,0,2,0,2,30,16,6,2,54,0,2,2,56
11/23/2020,MDT,PA,AEA,EN,Combined TRACON& Tower with Radar,43,15,0,3,61,0,2,2,1,5,43,17,2,4,66,6,16,22,88
11/24/2020,MDT,PA,AEA,EN,Combined TRACON& Tower with Radar,49,26,12,7,94,0,1,21,2,24,49,27,33,9,118,34,4,38,156
11/25/2020,MDT,PA,AEA,EN,Combined TRACON& Tower with Radar,55,22,10,8,95,0,0,26,10,36,55,22,36,18,131,36,10,46,177
11/26/2020,MDT,PA,AEA,EN,Combined TRACON& Tower with Radar,16,3,2,2,23,0,0,2,0,2,16,3,4,2,25,0,0,0,25
11/27/2020,MDT,PA,AEA,EN,Combined TRACON& Tower with Radar,35,12,5,0,52,0,0,17,0,17,35,12,22,0,69,4,0,4,73
11/28/2020,MDT,PA,AEA,EN,Combined TRACON& Tower with Radar,30,19,10,1,60,0,2,9,0,11,30,21,19,1,71,16,0,16,87
11/29/2020,MDT,PA,AEA,EN,Combined TRACON& Tower with Radar,30,25,16,0,71,0,0,22,0,22,30,25,38,0,93,50,0,50,143
11/30/2020,MDT,PA,AEA,EN,Combined TRACON& Tower with Radar,53,26,15,0,94,0,0,0,0,0,53,26,15,0,94,0,0,0,94
12/01/2020,MDT,PA,AEA,EN,Combined TRACON& Tower with Radar,47,19,5,3,74,0,0,5,0,5,47,19,10,3,79,0,0,0,79
12/02/2020,MDT,PA,AEA,EN,Combined TRACON& Tower with Radar,46,12,5,8,71,0,2,2,5,9,46,14,7,13,80,0,23,23,103
12/03/2020,MDT,PA,AEA,EN,Combined TRACON& Tower with Radar,51,21,4,7,83,0,1,15,18,34,51,22,19,25,117,14,16,30,147
12/04/2020,MDT,PA,AEA,EN,Combined TRACON& Tower with Radar,43,30,2,3,78,0,4,5,3,12,43,34,7,6,90,14,6,20,110
12/05/2020,MDT,PA,AEA,EN,Combined TRACON& Tower with Radar,27,11,4,0,42,0,0,1,0,1,27,11,5,0,43,4,0,4,47
12/06/2020,MDT,PA,AEA,EN,Combined TRACON& Tower with Radar,26,16,18,0,60,0,0,11,0,11,26,16,29,0,71,14,0,14,85
12/07/2020,MDT,PA,AEA,EN,Combined TRACON& Tower with Radar,42,17,11,13,83,0,0,7,6,13,42,17,18,19,96,12,42,54,150
12/08/2020,MDT,PA,AEA,EN,Combined TRACON& Tower with Radar,44,14,17,7,82,0,0,9,1,10,44,14,26,8,92,0,14,14,106
12/09/2020,MDT,PA,AEA,EN,Combined TRACON& Tower with Radar,41,12,9,11,73,0,0,7,2,9,41,12,16,13,82,27,15,42,124
12/10/2020,MDT,PA,AEA,EN,Combined TRACON& Tower with Radar,52,24,13,6,95,0,0,20,4,24,52,24,33,10,119,4,24,28,147
12/11/2020,MDT,PA,AEA,EN,Combined TRACON& Tower with Radar,44,23,19,6,92,0,0,8,1,9,44,23,27,7,101,0,0,0,101
12/12/2020,MDT,PA,AEA,EN,Combined TRACON& Tower with Radar,25,10,10,0,45,0,0,1,0,1,25,10,11,0,46,0,0,0,46
12/13/2020,MDT,PA,AEA,EN,Combined TRACON& Tower with Radar,26,15,11,4,56,0,0,10,0,10,26,15,21,4,66,0,0,0,66
12/14/2020,MDT,PA,AEA,EN,Combined TRACON& Tower with Radar,40,21,5,2,68,0,0,4,3,7,40,21,9,5,75,0,0,0,75
12/15/2020,MDT,PA,AEA,EN,Combined TRACON& Tower with Radar,44,17,15,2,78,0,2,24,0,26,44,19,39,2,104,22,0,22,126
12/16/2020,MDT,PA,AEA,EN,Combined TRACON& Tower with Radar,26,10,1,0,37,0,0,3,0,3,26,10,4,0,40,2,0,2,42
12/17/2020,MDT,PA,AEA,EN,Combined TRACON& Tower with Radar,38,13,3,0,54,0,2,2,0,4,38,15,5,0,58,0,0,0,58
12/18/2020,MDT,PA,AEA,EN,Combined TRACON& Tower with Radar,53,31,14,6,104,0,2,11,4,17,53,33,25,10,121,6,0,6,127
12/19/2020,MDT,PA,AEA,EN,Combined TRACON& Tower with Radar,39,24,15,3,81,0,2,11,1,14,39,26,26,4,95,0,0,0,95
12/20/2020,MDT,PA,AEA,EN,Combined TRACON& Tower with Radar,39,19,3,0,61,0,0,0,0,0,39,19,3,0,61,0,0,0,61
12/21/2020,MDT,PA,AEA,EN,Combined TRACON& Tower with Radar,52,24,12,2,90,0,0,0,0,0,52,24,12,2,90,0,0,0,90
12/22/2020,MDT,PA,AEA,EN,Combined TRACON& Tower with Radar,60,37,19,11,127,0,0,11,3,14,60,37,30,14,141,12,16,28,169
12/23/2020,MDT,PA,AEA,EN,Combined TRACON& Tower with Radar,55,28,15,7,105,0,3,23,1,27,55,31,38,8,132,14,42,56,188
12/24/2020,MDT,PA,AEA,EN,Combined TRACON& Tower with Radar,40,15,0,0,55,0,0,0,0,0,40,15,0,0,55,0,0,0,55
12/25/2020,MDT,PA,AEA,EN,Combined TRACON& Tower with Radar,20,13,1,0,34,0,0,2,0,2,20,13,3,0,36,0,0,0,36
12/26/2020,MDT,PA,AEA,EN,Combined TRACON& Tower with Radar,28,23,2,0,53,0,0,10,0,10,28,23,12,0,63,4,0,4,67
12/27/2020,MDT,PA,AEA,EN,Combined TRACON& Tower with Radar,28,20,7,0,55,0,2,10,0,12,28,22,17,0,67,16,0,16,83
12/28/2020,MDT,PA,AEA,EN,Combined TRACON& Tower with Radar,44,23,6,0,73,0,2,17,0,19,44,25,23,0,92,8,0,8,100
12/29/2020,MDT,PA,AEA,EN,Combined TRACON& Tower with Radar,48,22,10,8,88,0,0,17,2,19,48,22,27,10,107,4,14,18,125
12/30/2020,MDT,PA,AEA,EN,Combined TRACON& Tower with Radar,40,22,8,10,80,0,1,11,7,19,40,23,19,17,99,6,18,24,123
12/31/2020,MDT,PA,AEA,EN,Combined TRACON& Tower with Radar,37,15,2,0,54,0,0,3,0,3,37,15,5,0,57,0,0,0,57
01/01/2021,MDT,PA,AEA,EN,Combined TRACON& Tower with Radar,17,12,0,0,29,0,0,0,0,0,17,12,0,0,29,0,0,0,29
01/02/2021,MDT,PA,AEA,EN,Combined TRACON& Tower with Radar,28,21,2,0,51,0,4,5,0,9,28,25,7,0,60,12,0,12,72
01/03/2021,MDT,PA,AEA,EN,Combined TRACON& Tower with Radar,28,22,4,0,54,0,0,0,0,0,28,22,4,0,54,0,0,0,54
01/04/2021,MDT,PA,AEA,EN,Combined TRACON& Tower with Radar,42,23,9,14,88,0,0,10,4,14,42,23,19,18,102,22,24,46,148
01/05/2021,MDT,PA,AEA,EN,Combined TRACON& Tower with Radar,32,18,6,4,60,0,0,8,0,8,32,18,14,4,68,0,8,8,76
01/06/2021,MDT,PA,AEA,EN,Combined TRACON& Tower with Radar,32,26,11,32,101,0,3,6,18,27,32,29,17,50,128,0,78,78,206
01/07/2021,MDT,PA,AEA,EN,Combined TRACON& Tower with Radar,38,30,9,30,107,0,0,8,6,14,38,30,17,36,121,0,18,18,139
01/08/2021,MDT,PA,AEA,EN,Combined TRACON& Tower with Radar,27,35,5,16,83,0,1,9,2,12,27,36,14,18,95,0,18,18,113
01/09/2021,MDT,PA,AEA,EN,Combined TRACON& Tower with Radar,18,22,6,5,51,0,0,6,3,9,18,22,12,8,60,0,0,0,60
01/10/2021,MDT,PA,AEA,EN,Combined TRACON& Tower with Radar,22,20,12,0,54,0,0,19,0,19,22,20,31,0,73,6,0,6,79
01/11/2021,MDT,PA,AEA,EN,Combined TRACON& Tower with Radar,32,27,3,0,62,0,0,8,0,8,32,27,11,0,70,0,0,0,70
01/12/2021,MDT,PA,AEA,EN,Combined TRACON& Tower with Radar,31,22,9,2,64,0,0,18,15,33,31,22,27,17,97,10,28,38,135
01/13/2021,MDT,PA,AEA,EN,Combined TRACON& Tower with Radar,30,23,25,24,102,0,0,18,6,24,30,23,43,30,126,14,26,40,166
01/14/2021,MDT,PA,AEA,EN,Combined TRACON& Tower with Radar,39,32,16,5,92,0,1,10,2,13,39,33,26,7,105,8,8,16,121
01/15/2021,MDT,PA,AEA,EN,Combined TRACON& Tower with Radar,27,40,5,20,92,0,4,1,0,5,27,44,6,20,97,0,2,2,99
01/16/2021,MDT,PA,AEA,EN,Combined TRACON& Tower with Radar,19,19,16,8,62,0,0,15,1,16,19,19,31,9,78,8,22,30,108
01/17/2021,MDT,PA,AEA,EN,Combined TRACON& Tower with Radar,19,21,7,4,51,0,0,0,8,8,19,21,7,12,59,0,4,4,63
01/18/2021,MDT,PA,AEA,EN,Combined TRACON& Tower with Radar,33,27,10,3,73,0,0,14,4,18,33,27,24,7,91,4,0,4,95
01/19/2021,MDT,PA,AEA,EN,Combined TRACON& Tower with Radar,30,25,11,15,81,0,1,4,11,16,30,26,15,26,97,14,20,34,131
01/20/2021,MDT,PA,AEA,EN,Combined TRACON& Tower with Radar,29,29,7,11,76,1,0,3,8,12,30,29,10,19,88,0,40,40,128
01/21/2021,MDT,PA,AEA,EN,Combined TRACON& Tower with Radar,33,35,16,25,109,0,0,4,14,18,33,35,20,39,127,0,58,58,185
01/22/2021,MDT,PA,AEA,EN,Combined TRACON& Tower with Radar,27,28,5,8,68,0,2,4,5,11,27,30,9,13,79,2,32,34,113
01/23/2021,MDT,PA,AEA,EN,Combined TRACON& Tower with Radar,18,23,4,2,47,0,2,1,1,4,18,25,5,3,51,0,14,14,65
01/24/2021,MDT,PA,AEA,EN,Combined TRACON& Tower with Radar,23,25,4,3,55,0,3,15,0,18,23,28,19,3,73,4,0,4,77
01/25/2021,MDT,PA,AEA,EN,Combined TRACON& Tower with Radar,33,30,8,23,94,0,0,0,4,4,33,30,8,27,98,0,54,54,152
01/26/2021,MDT,PA,AEA,EN,Combined TRACON& Tower with Radar,33,16,7,2,58,0,0,0,0,0,33,16,7,2,58,0,0,0,58
01/27/2021,MDT,PA,AEA,EN,Combined TRACON& Tower with Radar,31,28,23,39,121,0,0,18,15,33,31,28,41,54,154,14,24,38,192
01/28/2021,MDT,PA,AEA,EN,Combined TRACON& Tower with Radar,35,34,8,15,92,0,2,7,6,15,35,36,15,21,107,26,12,38,145
01/29/2021,MDT,PA,AEA,EN,Combined TRACON& Tower with Radar,27,34,5,11,77,0,0,0,3,3,27,34,5,14,80,0,32,32,112
01/30/2021,MDT,PA,AEA,EN,Combined TRACON& Tower with Radar,19,21,8,3,51,0,0,32,0,32,19,21,40,3,83,20,6,26,109
01/31/2021,MDT,PA,AEA,EN,Combined TRACON& Tower with Radar,16,23,4,0,43,0,0,0,0,0,16,23,4,0,43,0,0,0,43
02/01/2021,MDT,PA,AEA,EN,Combined TRACON& Tower with Radar,15,4,4,0,23,0,0,0,0,0,15,4,4,0,23,0,0,0,23
02/02/2021,MDT,PA,AEA,EN,Combined TRACON& Tower with Radar,20,21,4,0,45,0,4,0,0,4,20,25,4,0,49,4,0,4,53
02/03/2021,MDT,PA,AEA,EN,Combined TRACON& Tower with Radar,33,24,11,10,78,0,0,5,9,14,33,24,16,19,92,2,54,56,148
02/04/2021,MDT,PA,AEA,EN,Combined TRACON& Tower with Radar,37,33,10,4,84,0,8,18,12,38,37,41,28,16,122,8,20,28,150
02/05/2021,MDT,PA,AEA,EN,Combined TRACON& Tower with Radar,27,36,8,3,74,0,4,3,7,14,27,40,11,10,88,2,20,22,110
02/06/2021,MDT,PA,AEA,EN,Combined TRACON& Tower with Radar,22,20,16,5,63,0,3,24,1,28,22,23,40,6,91,16,0,16,107
02/07/2021,MDT,PA,AEA,EN,Combined TRACON& Tower with Radar,19,25,3,0,47,0,0,0,0,0,19,25,3,0,47,0,0,0,47
02/08/2021,MDT,PA,AEA,EN,Combined TRACON& Tower with Radar,34,34,8,5,81,0,0,14,1,15,34,34,22,6,96,10,18,28,124
02/09/2021,MDT,PA,AEA,EN,Combined TRACON& Tower with Radar,30,23,16,12,81,0,2,3,5,10,30,25,19,17,91,0,8,8,99
02/10/2021,MDT,PA,AEA,EN,Combined TRACON& Tower with Radar,33,23,9,22,87,0,0,15,4,19,33,23,24,26,106,12,14,26,132
02/11/2021,MDT,PA,AEA,EN,Combined TRACON& Tower with Radar,34,31,13,6,84,0,0,2,13,15,34,31,15,19,99,0,16,16,115
02/12/2021,MDT,PA,AEA,EN,Combined TRACON& Tower with Radar,35,29,10,11,85,0,0,18,11,29,35,29,28,22,114,4,12,16,130
02/13/2021,MDT,PA,AEA,EN,Combined TRACON& Tower with Radar,36,22,7,3,68,0,0,3,3,6,36,22,10,6,74,2,8,10,84
02/14/2021,MDT,PA,AEA,EN,Combined TRACON& Tower with Radar,21,24,5,4,54,0,0,10,6,16,21,24,15,10,70,14,8,22,92
02/15/2021,MDT,PA,AEA,EN,Combined TRACON& Tower with Radar,28,27,1,1,57,0,0,0,0,0,28,27,1,1,57,0,0,0,57
02/16/2021,MDT,PA,AEA,EN,Combined TRACON& Tower with Radar,29,14,9,20,72,0,2,3,13,18,29,16,12,33,90,0,42,42,132
02/17/2021,MDT,PA,AEA,EN,Combined TRACON& Tower with Radar,31,25,35,8,99,0,0,17,6,23,31,25,52,14,122,18,6,24,146
02/18/2021,MDT,PA,AEA,EN,Combined TRACON& Tower with Radar,24,10,4,0,38,0,0,0,0,0,24,10,4,0,38,0,0,0,38
02/19/2021,MDT,PA,AEA,EN,Combined TRACON& Tower with Radar,32,27,9,0,68,0,0,4,0,4,32,27,13,0,72,0,0,0,72
02/20/2021,MDT,PA,AEA,EN,Combined TRACON& Tower with Radar,34,17,10,0,61,0,0,7,0,7,34,17,17,0,68,0,0,0,68
02/21/2021,MDT,PA,AEA,EN,Combined TRACON& Tower with Radar,25,22,17,1,65,0,0,26,7,33,25,22,43,8,98,18,10,28,126
02/22/2021,MDT,PA,AEA,EN,Combined TRACON& Tower with Radar,40,29,7,4,80,0,1,0,0,1,40,30,7,4,81,0,16,16,97
02/23/2021,MDT,PA,AEA,EN,Combined TRACON& Tower with Radar,40,22,14,12,88,0,3,2,15,20,40,25,16,27,108,0,40,40,148
02/24/2021,MDT,PA,AEA,EN,Combined TRACON& Tower with Radar,38,35,17,20,110,0,0,25,10,35,38,35,42,30,145,12,12,24,169
02/25/2021,MDT,PA,AEA,EN,Combined TRACON& Tower with Radar,40,46,10,16,112,0,2,33,19,54,40,48,43,35,166,22,38,60,226
02/26/2021,MDT,PA,AEA,EN,Combined TRACON& Tower with Radar,36,27,15,4,82,0,0,17,4,21,36,27,32,8,103,4,0,4,107
02/27/2021,MDT,PA,AEA,EN,Combined TRACON& Tower with Radar,31,17,14,0,62,0,2,6,0,8,31,19,20,0,70,0,0,0,70
02/28/2021,MDT,PA,AEA,EN,Combined TRACON& Tower with Radar,27,26,19,4,76,0,0,0,0,0,27,26,19,4,76,0,0,0,76
03/01/2021,MDT,PA,AEA,EN,Combined TRACON& Tower with Radar,38,29,4,8,79,0,1,1,0,2,38,30,5,8,81,8,2,10,91
03/02/2021,MDT,PA,AEA,EN,Combined TRACON& Tower with Radar,40,21,23,21,105,0,0,13,5,18,40,21,36,26,123,28,14,42,165
03/03/2021,MDT,PA,AEA,EN,Combined TRACON& Tower with Radar,36,23,16,13,88,0,2,25,7,34,36,25,41,20,122,20,28,48,170
03/04/2021,MDT,PA,AEA,EN,Combined TRACON& Tower with Radar,38,37,9,5,89,0,0,9,12,21,38,37,18,17,110,0,8,8,118
03/05/2021,MDT,PA,AEA,EN,Combined TRACON& Tower with Radar,40,37,3,14,94,0,0,10,3,13,40,37,13,17,107,0,6,6,113
03/06/2021,MDT,PA,AEA,EN,Combined TRACON& Tower with Radar,30,19,9,5,63,0,4,16,0,20,30,23,25,5,83,26,0,26,109
03/07/2021,MDT,PA,AEA,EN,Combined TRACON& Tower with Radar,28,27,12,3,70,0,0,16,5,21,28,27,28,8,91,20,6,26,117
03/08/2021,MDT,PA,AEA,EN,Combined TRACON& Tower with Radar,43,29,14,7,93,0,0,15,1,16,43,29,29,8,109,12,8,20,129
03/09/2021,MDT,PA,AEA,EN,Combined TRACON& Tower with Radar,31,28,19,10,88,0,2,30,2,34,31,30,49,12,122,20,0,20,142
03/10/2021,MDT,PA,AEA,EN,Combined TRACON& Tower with Radar,41,30,16,3,90,0,0,19,0,19,41,30,35,3,109,10,0,10,119
03/11/2021,MDT,PA,AEA,EN,Combined TRACON& Tower with Radar,44,41,18,21,124,0,1,10,3,14,44,42,28,24,138,12,0,12,150
03/12/2021,MDT,PA,AEA,EN,Combined TRACON& Tower with Radar,37,33,17,17,104,0,0,15,14,29,37,33,32,31,133,4,48,52,185
03/13/2021,MDT,PA,AEA,EN,Combined TRACON& Tower with Radar,31,18,14,0,63,0,0,21,0,21,31,18,35,0,84,32,0,32,116
03/14/2021,MDT,PA,AEA,EN,Combined TRACON& Tower with Radar,27,35,6,4,72,0,0,11,0,11,27,35,17,4,83,0,0,0,83
03/15/2021,MDT,PA,AEA,EN,Combined TRACON& Tower with Radar,43,31,24,21,119,0,1,11,5,17,43,32,35,26,136,10,32,42,178
03/16/2021,MDT,PA,AEA,EN,Combined TRACON& Tower with Radar,36,25,12,12,85,0,2,6,13,21,36,27,18,25,106,0,68,68,174
03/17/2021,MDT,PA,AEA,EN,Combined TRACON& Tower with Radar,38,36,20,35,129,0,0,0,4,4,38,36,20,39,133,0,24,24,157
03/18/2021,MDT,PA,AEA,EN,Combined TRACON& Tower with Radar,41,34,19,16,110,0,0,0,0,0,41,34,19,16,110,0,0,0,110
03/19/2021,MDT,PA,AEA,EN,Combined TRACON& Tower with Radar,36,35,4,14,89,0,2,6,8,16,36,37,10,22,105,8,0,8,113
03/20/2021,MDT,PA,AEA,EN,Combined TRACON& Tower with Radar,34,16,11,0,61,0,0,25,6,31,34,16,36,6,92,14,0,14,106
03/21/2021,MDT,PA,AEA,EN,Combined TRACON& Tower with Radar,28,27,11,2,68,0,0,25,0,25,28,27,36,2,93,20,0,20,113
03/22/2021,MDT,PA,AEA,EN,Combined TRACON& Tower with Radar,41,30,16,14,101,0,2,23,10,35,41,32,39,24,136,16,28,44,180
03/23/2021,MDT,PA,AEA,EN,Combined TRACON& Tower with Radar,37,24,11,38,110,0,0,26,8,34,37,24,37,46,144,30,24,54,198
03/24/2021,MDT,PA,AEA,EN,Combined TRACON& Tower with Radar,42,27,22,21,112,0,0,0,0,0,42,27,22,21,112,0,0,0,112
03/25/2021,MDT,PA,AEA,EN,Combined TRACON& Tower with Radar,43,43,22,20,128,0,2,0,0,2,43,45,22,20,130,0,4,4,134
03/26/2021,MDT,PA,AEA,EN,Combined TRACON& Tower with Radar,40,39,12,0,91,0,0,0,0,0,40,39,12,0,91,0,0,0,91
03/27/2021,MDT,PA,AEA,EN,Combined TRACON& Tower with Radar,31,19,12,2,64,0,3,16,0,19,31,22,28,2,83,2,0,2,85
03/28/2021,MDT,PA,AEA,EN,Combined TRACON& Tower with Radar,28,32,6,4,70,0,2,0,0,2,28,34,6,4,72,0,0,0,72
03/29/2021,MDT,PA,AEA,EN,Combined TRACON& Tower with Radar,38,31,5,20,94,0,2,5,8,15,38,33,10,28,109,22,24,46,155
03/30/2021,MDT,PA,AEA,EN,Combined TRACON& Tower with Radar,37,28,7,14,86,0,3,6,14,23,37,31,13,28,109,0,34,34,143
03/31/2021,MDT,PA,AEA,EN,Combined TRACON& Tower with Radar,33,31,12,33,109,0,0,2,11,13,33,31,14,44,122,0,20,20,142
04/01/2021,MDT,PA,AEA,EN,Combined TRACON& Tower with Radar,39,34,15,34,122,0,4,6,13,23,39,38,21,47,145,2,42,44,189
04/02/2021,MDT,PA,AEA,EN,Combined TRACON& Tower with Radar,39,30,6,2,77,0,2,8,8,18,39,32,14,10,95,0,4,4,99
04/03/2021,MDT,PA,AEA,EN,Combined TRACON& Tower with Radar,27,22,5,0,54,0,0,31,1,32,27,22,36,1,86,28,0,28,114
04/04/2021,MDT,PA,AEA,EN,Combined TRACON& Tower with Radar,30,27,2,0,59,0,0,5,1,6,30,27,7,1,65,0,0,0,65
04/05/2021,MDT,PA,AEA,EN,Combined TRACON& Tower with Radar,46,28,13,4,91,0,0,11,1,12,46,28,24,5,103,4,0,4,107
04/06/2021,MDT,PA,AEA,EN,Combined TRACON& Tower with Radar,29,32,16,15,92,0,0,33,10,43,29,32,49,25,135,12,60,72,207
04/07/2021,MDT,PA,AEA,EN,Combined TRACON& Tower with Radar,37,37,20,9,103,0,2,15,2,19,37,39,35,11,122,2,24,26,148
04/08/2021,MDT,PA,AEA,EN,Combined TRACON& Tower with Radar,42,32,16,7,97,0,2,21,8,31,42,34,37,15,128,0,52,52,180
04/09/2021,MDT,PA,AEA,EN,Combined TRACON& Tower with Radar,35,36,26,10,107,0,0,3,0,3,35,36,29,10,110,0,20,20,130
04/10/2021,MDT,PA,AEA,EN,Combined TRACON& Tower with Radar,30,24,21,6,81,0,0,1,0,1,30,24,22,6,82,0,0,0,82
04/11/2021,MDT,PA,AEA,EN,Combined TRACON& Tower with Radar,27,31,10,6,74,0,2,3,0,5,27,33,13,6,79,0,0,0,79
04/12/2021,MDT,PA,AEA,EN,Combined TRACON& Tower with Radar,40,38,16,2,96,0,0,0,0,0,40,38,16,2,96,0,0,0,96
04/13/2021,MDT,PA,AEA,EN,Combined TRACON& Tower with Radar,33,29,9,4,75,0,1,10,10,21,33,30,19,14,96,6,46,52,148
04/14/2021,MDT,PA,AEA,EN,Combined TRACON& Tower with Radar,32,33,18,8,91,0,0,6,2,8,32,33,24,10,99,8,8,16,115
04/15/2021,MDT,PA,AEA,EN,Combined TRACON& Tower with Radar,43,46,9,4,102,0,7,12,5,24,43,53,21,9,126,0,22,22,148
04/16/2021,MDT,PA,AEA,EN,Combined TRACON& Tower with Radar,30,35,5,7,77,0,0,12,4,16,30,35,17,11,93,10,2,12,105
04/17/2021,MDT,PA,AEA,EN,Combined TRACON& Tower with Radar,21,25,9,0,55,0,4,13,4,21,21,29,22,4,76,0,0,0,76
04/18/2021,MDT,PA,AEA,EN,Combined TRACON& Tower with Radar,30,24,25,4,83,0,0,25,1,26,30,24,50,5,109,12,2,14,123
04/19/2021,MDT,PA,AEA,EN,Combined TRACON& Tower with Radar,43,29,11,8,91,0,2,11,4,17,43,31,22,12,108,0,42,42,150
04/20/2021,MDT,PA,AEA,EN,Combined TRACON& Tower with Radar,29,26,23,1,79,0,0,10,3,13,29,26,33,4,92,46,6,52,144
04/21/2021,MDT,PA,AEA,EN,Combined TRACON& Tower with Radar,34,30,5,1,70,0,0,2,1,3,34,30,7,2,73,0,0,0,73
04/22/2021,MDT,PA,AEA,EN,Combined TRACON& Tower with Radar,40,39,5,5,89,0,0,2,5,7,40,39,7,10,96,0,10,10,106
04/23/2021,MDT,PA,AEA,EN,Combined TRACON& Tower with Radar,31,37,12,3,83,0,4,14,1,19,31,41,26,4,102,0,6,6,108
04/24/2021,MDT,PA,AEA,EN,Combined TRACON& Tower with Radar,20,24,12,0,56,0,2,22,0,24,20,26,34,0,80,24,0,24,104
04/25/2021,MDT,PA,AEA,EN,Combined TRACON& Tower with Radar,30,32,6,0,68,0,0,9,2,11,30,32,15,2,79,14,0,14,93
04/26/2021,MDT,PA,AEA,EN,Combined TRACON& Tower with Radar,42,35,16,9,102,0,0,16,4,20,42,35,32,13,122,6,10,16,138
04/27/2021,MDT,PA,AEA,EN,Combined TRACON& Tower with Radar,32,34,5,10,81,0,2,20,8,30,32,36,25,18,111,18,38,56,167
04/28/2021,MDT,PA,AEA,EN,Combined TRACON& Tower with Radar,33,39,7,20,99,0,3,9,9,21,33,42,16,29,120,8,26,34,154
04/29/2021,MDT,PA,AEA,EN,Combined TRACON& Tower with Radar,40,42,10,10,102,0,2,5,3,10,40,44,15,13,112,18,4,22,134
04/30/2021,MDT,PA,AEA,EN,Combined TRACON& Tower with Radar,33,31,5,3,72,0,2,1,1,4,33,33,6,4,76,0,0,0,76
05/01/2021,MDT,PA,AEA,EN,Combined TRACON& Tower with Radar,20,24,17,8,69,0,0,14,1,15,20,24,31,9,84,36,0,36,120
05/02/2021,MDT,PA,AEA,EN,Combined TRACON& Tower with Radar,31,25,11,1,68,0,2,9,0,11,31,27,20,1,79,20,0,20,99
05/03/2021,MDT,PA,AEA,EN,Combined TRACON& Tower with Radar,40,34,4,5,83,0,0,4,0,4,40,34,8,5,87,0,0,0,87
05/04/2021,MDT,PA,AEA,EN,Combined TRACON& Tower with Radar,32,37,12,13,94,0,1,6,10,17,32,38,18,23,111,0,30,30,141
05/05/2021,MDT,PA,AEA,EN,Combined TRACON& Tower with Radar,35,36,18,5,94,0,0,2,1,3,35,36,20,6,97,0,0,0,97
05/06/2021,MDT,PA,AEA,EN,Combined TRACON& Tower with Radar,45,33,19,14,111,0,6,10,6,22,45,39,29,20,133,14,14,28,161
05/07/2021,MDT,PA,AEA,EN,Combined TRACON& Tower with Radar,42,36,5,8,91,0,5,7,6,18,42,41,12,14,109,10,28,38,147
05/08/2021,MDT,PA,AEA,EN,Combined TRACON& Tower with Radar,25,25,9,2,61,0,0,4,0,4,25,25,13,2,65,6,0,6,71
05/09/2021,MDT,PA,AEA,EN,Combined TRACON& Tower with Radar,28,29,6,1,64,0,0,2,0,2,28,29,8,1,66,0,0,0,66
05/10/2021,MDT,PA,AEA,EN,Combined TRACON& Tower with Radar,49,30,24,6,109,0,0,6,6,12,49,30,30,12,121,2,6,8,129
05/11/2021,MDT,PA,AEA,EN,Combined TRACON& Tower with Radar,39,33,17,4,93,0,0,11,4,15,39,33,28,8,108,10,8,18,126
05/12/2021,MDT,PA,AEA,EN,Combined TRACON& Tower with Radar,44,36,11,16,107,0,0,14,8,22,44,36,25,24,129,2,26,28,157
05/13/2021,MDT,PA,AEA,EN,Combined TRACON& Tower with Radar,51,41,15,17,124,0,1,25,16,42,51,42,40,33,166,38,42,80,246
05/14/2021,MDT,PA,AEA,EN,Combined TRACON& Tower with Radar,44,35,11,10,100,0,3,15,8,26,44,38,26,18,126,2,6,8,134
05/15/2021,MDT,PA,AEA,EN,Combined TRACON& Tower with Radar,23,26,5,10,64,0,3,17,4,24,23,29,22,14,88,40,14,54,142
05/16/2021,MDT,PA,AEA,EN,Combined TRACON& Tower with Radar,28,32,17,6,83,0,2,17,2,21,28,34,34,8,104,4,6,10,114
05/17/2021,MDT,PA,AEA,EN,Combined TRACON& Tower with Radar,52,31,7,7,97,0,1,21,1,23,52,32,28,8,120,24,2,26,146
05/18/2021,MDT,PA,AEA,EN,Combined TRACON& Tower with Radar,40,36,26,14,116,0,0,19,6,25,40,36,45,20,141,10,12,22,163
05/19/2021,MDT,PA,AEA,EN,Combined TRACON& Tower with Radar,45,37,23,8,113,0,0,27,6,33,45,37,50,14,146,8,0,8,154
05/20/2021,MDT,PA,AEA,EN,Combined TRACON& Tower with Radar,52,41,16,11,120,0,1,12,0,13,52,42,28,11,133,0,18,18,151
05/21/2021,MDT,PA,AEA,EN,Combined TRACON& Tower with Radar,44,29,16,10,99,0,2,11,1,14,44,31,27,11,113,26,8,34,147
05/22/2021,MDT,PA,AEA,EN,Combined TRACON& Tower with Radar,23,24,8,2,57,0,1,14,3,18,23,25,22,5,75,10,0,10,85
05/23/2021,MDT,PA,AEA,EN,Combined TRACON& Tower with Radar,28,27,15,5,75,0,2,10,3,15,28,29,25,8,90,0,0,0,90
05/24/2021,MDT,PA,AEA,EN,Combined TRACON& Tower with Radar,49,30,17,13,109,0,2,6,3,11,49,32,23,16,120,0,28,28,148
05/25/2021,MDT,PA,AEA,EN,Combined TRACON& Tower with Radar,44,30,26,11,111,0,0,9,7,16,44,30,35,18,127,4,26,30,157
05/26/2021,MDT,PA,AEA,EN,Combined TRACON& Tower with Radar,43,45,27,5,120,0,6,7,1,14,43,51,34,6,134,0,0,0,134
05/27/2021,MDT,PA,AEA,EN,Combined TRACON& Tower with Radar,52,40,10,2,104,0,3,14,3,20,52,43,24,5,124,10,0,10,134
05/28/2021,MDT,PA,AEA,EN,Combined TRACON& Tower with Radar,43,38,8,1,90,0,1,3,0,4,43,39,11,1,94,0,0,0,94
05/29/2021,MDT,PA,AEA,EN,Combined TRACON& Tower with Radar,24,24,4,1,53,0,0,0,0,0,24,24,4,1,53,0,0,0,53
05/30/2021,MDT,PA,AEA,EN,Combined TRACON& Tower with Radar,26,27,6,0,59,0,0,0,0,0,26,27,6,0,59,0,0,0,59
05/31/2021,MDT,PA,AEA,EN,Combined TRACON& Tower with Radar,39,30,9,0,78,0,0,15,0,15,39,30,24,0,93,4,0,4,97
06/01/2021,MDT,PA,AEA,EN,Combined TRACON& Tower with Radar,42,27,12,21,102,0,0,25,5,30,42,27,37,26,132,0,36,36,168
06/02/2021,MDT,PA,AEA,EN,Combined TRACON& Tower with Radar,44,45,19,34,142,0,3,11,2,16,44,48,30,36,158,14,50,64,222
06/03/2021,MDT,PA,AEA,EN,Combined TRACON& Tower with Radar,49,42,18,15,124,0,2,1,4,7,49,44,19,19,131,0,24,24,155
06/04/2021,MDT,PA,AEA,EN,Combined TRACON& Tower with Radar,55,34,18,12,119,0,0,12,1,13,55,34,30,13,132,4,16,20,152
06/05/2021,MDT,PA,AEA,EN,Combined TRACON& Tower with Radar,37,29,11,0,77,0,3,16,2,21,37,32,27,2,98,37,0,37,135
06/06/2021,MDT,PA,AEA,EN,Combined TRACON& Tower with Radar,35,34,11,1,81,0,0,18,0,18,35,34,29,1,99,32,0,32,131
06/07/2021,MDT,PA,AEA,EN,Combined TRACON& Tower with Radar,46,33,22,3,104,0,0,10,0,10,46,33,32,3,114,12,0,12,126
06/08/2021,MDT,PA,AEA,EN,Combined TRACON& Tower with Radar,59,36,11,8,114,0,0,10,3,13,59,36,21,11,127,12,12,24,151
06/09/2021,MDT,PA,AEA,EN,Combined TRACON& Tower with Radar,47,32,33,3,115,0,0,16,9,25,47,32,49,12,140,20,0,20,160
06/10/2021,MDT,PA,AEA,EN,Combined TRACON& Tower with Radar,56,41,13,10,120,0,4,10,18,32,56,45,23,28,152,24,24,48,200
06/11/2021,MDT,PA,AEA,EN,Combined TRACON& Tower with Radar,43,39,16,23,121,0,0,1,0,1,43,39,17,23,122,0,0,0,122
06/12/2021,MDT,PA,AEA,EN,Combined TRACON& Tower with Radar,34,30,18,5,87,0,6,10,12,28,34,36,28,17,115,20,12,32,147
06/13/2021,MDT,PA,AEA,EN,Combined TRACON& Tower with Radar,45,37,15,7,104,2,0,4,4,10,47,37,19,11,114,0,8,8,122
06/14/2021,MDT,PA,AEA,EN,Combined TRACON& Tower with Radar,47,35,19,0,101,0,2,3,1,6,47,37,22,1,107,0,1,1,108
06/15/2021,MDT,PA,AEA,EN,Combined TRACON& Tower with Radar,51,29,11,5,96,0,1,8,6,15,51,30,19,11,111,42,30,72,183
06/16/2021,MDT,PA,AEA,EN,Combined TRACON& Tower with Radar,49,32,9,11,101,0,0,16,7,23,49,32,25,18,124,22,20,42,166
06/17/2021,MDT,PA,AEA,EN,Combined TRACON& Tower with Radar,55,36,18,9,118,0,3,24,4,31,55,39,42,13,149,26,4,30,179
06/18/2021,MDT,PA,AEA,EN,Combined TRACON& Tower with Radar,44,46,19,4,113,0,3,12,0,15,44,49,31,4,128,0,0,0,128
06/19/2021,MDT,PA,AEA,EN,Combined TRACON& Tower with Radar,39,31,11,1,82,0,7,8,1,16,39,38,19,2,98,0,0,0,98
06/20/2021,MDT,PA,AEA,EN,Combined TRACON& Tower with Radar,40,31,30,0,101,1,1,6,0,8,41,32,36,0,109,0,0,0,109
06/21/2021,MDT,PA,AEA,EN,Combined TRACON& Tower with Radar,46,30,20,9,105,0,3,5,2,10,46,33,25,11,115,0,0,0,115
06/22/2021,MDT,PA,AEA,EN,Combined TRACON& Tower with Radar,47,31,20,13,111,0,2,7,6,15,47,33,27,19,126,38,46,84,210
06/23/2021,MDT,PA,AEA,EN,Combined TRACON& Tower with Radar,48,35,32,6,121,0,3,34,4,41,48,38,66,10,162,36,46,82,244
06/24/2021,MDT,PA,AEA,EN,Combined TRACON& Tower with Radar,57,36,13,29,135,0,1,22,5,28,57,37,35,34,163,46,68,114,277
06/25/2021,MDT,PA,AEA,EN,Combined TRACON& Tower with Radar,47,41,20,7,115,0,2,31,9,42,47,43,51,16,157,20,46,66,223
06/26/2021,MDT,PA,AEA,EN,Combined TRACON& Tower with Radar,38,23,18,0,79,0,3,10,4,17,38,26,28,4,96,0,0,0,96
06/27/2021,MDT,PA,AEA,EN,Combined TRACON& Tower with Radar,38,24,18,1,81,0,3,20,5,28,38,27,38,6,109,22,2,24,133
06/28/2021,MDT,PA,AEA,EN,Combined TRACON& Tower with Radar,46,30,24,10,110,0,1,25,5,31,46,31,49,15,141,8,6,14,155
06/29/2021,MDT,PA,AEA,EN,Combined TRACON& Tower with Radar,52,33,13,38,136,0,0,11,4,15,52,33,24,42,151,4,48,52,203
06/30/2021,MDT,PA,AEA,EN,Combined TRACON& Tower with Radar,48,28,28,2,106,0,0,22,5,27,48,28,50,7,133,0,2,2,135
07/01/2021,MDT,PA,AEA,EN,Combined TRACON& Tower with Radar,64,37,9,9,119,0,0,2,15,17,64,37,11,24,136,0,40,40,176
07/02/2021,MDT,PA,AEA,EN,Combined TRACON& Tower with Radar,42,40,18,0,100,1,0,15,0,16,43,40,33,0,116,4,12,16,132
07/03/2021,MDT,PA,AEA,EN,Combined TRACON& Tower with Radar,46,29,3,0,78,0,0,8,0,8,46,29,11,0,86,0,0,0,86
07/04/2021,MDT,PA,AEA,EN,Combined TRACON& Tower with Radar,32,22,14,0,68,0,1,22,0,23,32,23,36,0,91,12,0,12,103
07/05/2021,MDT,PA,AEA,EN,Combined TRACON& Tower with Radar,34,38,12,0,84,0,2,17,1,20,34,40,29,1,104,18,0,18,122
07/06/2021,MDT,PA,AEA,EN,Combined TRACON& Tower with Radar,49,39,11,13,112,0,3,9,1,13,49,42,20,14,125,0,8,8,133
07/07/2021,MDT,PA,AEA,EN,Combined TRACON& Tower with Radar,48,38,16,21,123,0,0,11,3,14,48,38,27,24,137,0,2,2,139
07/08/2021,MDT,PA,AEA,EN,Combined TRACON& Tower with Radar,50,35,28,10,123,0,0,8,5,13,50,35,36,15,136,0,28,28,164
07/09/2021,MDT,PA,AEA,EN,Combined TRACON& Tower with Radar,33,48,27,14,122,0,0,15,6,21,33,48,42,20,143,30,32,62,205
07/10/2021,MDT,PA,AEA,EN,Combined TRACON& Tower with Radar,34,35,18,0,87,0,1,28,4,33,34,36,46,4,120,22,0,22,142
07/11/2021,MDT,PA,AEA,EN,Combined TRACON& Tower with Radar,31,36,16,2,85,0,0,5,0,5,31,36,21,2,90,12,0,12,102
07/12/2021,MDT,PA,AEA,EN,Combined TRACON& Tower with Radar,44,42,11,0,97,0,2,3,2,7,44,44,14,2,104,0,0,0,104
07/13/2021,MDT,PA,AEA,EN,Combined TRACON& Tower with Radar,41,40,19,9,109,0,1,3,4,8,41,41,22,13,117,0,22,22,139
07/14/2021,MDT,PA,AEA,EN,Combined TRACON& Tower with Radar,40,49,21,10,120,0,4,15,2,21,40,53,36,12,141,6,2,8,149
07/15/2021,MDT,PA,AEA,EN,Combined TRACON& Tower with Radar,52,41,29,8,130,0,2,20,4,26,52,43,49,12,156,16,48,64,220
07/16/2021,MDT,PA,AEA,EN,Combined TRACON& Tower with Radar,36,39,23,23,121,0,1,12,0,13,36,40,35,23,134,12,0,12,146
07/17/2021,MDT,PA,AEA,EN,Combined TRACON& Tower with Radar,39,35,3,4,81,0,0,2,1,3,39,35,5,5,84,4,6,10,94
07/18/2021,MDT,PA,AEA,EN,Combined TRACON& Tower with Radar,35,43,15,2,95,0,3,10,0,13,35,46,25,2,108,0,0,0,108
07/19/2021,MDT,PA,AEA,EN,Combined TRACON& Tower with Radar,40,37,25,9,111,0,0,11,3,14,40,37,36,12,125,16,28,44,169
07/20/2021,MDT,PA,AEA,EN,Combined TRACON& Tower with Radar,47,37,23,36,143,0,2,15,9,26,47,39,38,45,169,24,14,38,207
07/21/2021,MDT,PA,AEA,EN,Combined TRACON& Tower with Radar,47,41,23,5,116,0,0,20,4,24,47,41,43,9,140,32,0,32,172
07/22/2021,MDT,PA,AEA,EN,Combined TRACON& Tower with Radar,53,38,25,20,136,0,0,15,16,31,53,38,40,36,167,20,36,56,223
07/23/2021,MDT,PA,AEA,EN,Combined TRACON& Tower with Radar,39,41,45,22,147,0,0,22,6,28,39,41,67,28,175,44,12,56,231
07/24/2021,MDT,PA,AEA,EN,Combined TRACON& Tower with Radar,36,26,15,2,79,0,2,19,1,22,36,28,34,3,101,2,0,2,103
07/25/2021,MDT,PA,AEA,EN,Combined TRACON& Tower with Radar,31,39,18,1,89,0,0,10,0,10,31,39,28,1,99,8,0,8,107
07/26/2021,MDT,PA,AEA,EN,Combined TRACON& Tower with Radar,42,42,30,10,124,0,0,17,7,24,42,42,47,17,148,30,12,42,190
07/27/2021,MDT,PA,AEA,EN,Combined TRACON& Tower with Radar,45,43,20,32,140,0,6,17,7,30,45,49,37,39,170,10,16,26,196
07/28/2021,MDT,PA,AEA,EN,Combined TRACON& Tower with Radar,44,39,22,6,111,0,0,26,4,30,44,39,48,10,141,24,0,24,165
07/29/2021,MDT,PA,AEA,EN,Combined TRACON& Tower with Radar,57,48,21,13,139,0,0,2,4,6,57,48,23,17,145,0,10,10,155
07/30/2021,MDT,PA,AEA,EN,Combined TRACON& Tower with Radar,38,51,5,9,103,0,0,13,4,17,38,51,18,13,120,12,14,26,146
07/31/2021,MDT,PA,AEA,EN,Combined TRACON& Tower with Radar,36,30,6,0,72,0,2,23,0,25,36,32,29,0,97,14,0,14,111
08/01/2021,MDT,PA,AEA,EN,Combined TRACON& Tower with Radar,33,42,6,0,81,0,0,4,0,4,33,42,10,0,85,0,0,0,85
08/02/2021,MDT,PA,AEA,EN,Combined TRACON& Tower with Radar,42,44,12,2,100,0,0,12,1,13,42,44,24,3,113,14,0,14,127
08/03/2021,MDT,PA,AEA,EN,Combined TRACON& Tower with Radar,35,39,16,8,98,0,0,28,5,33,35,39,44,13,131,4,24,28,159
08/04/2021,MDT,PA,AEA,EN,Combined TRACON& Tower with Radar,42,40,13,8,103,0,0,21,5,26,42,40,34,13,129,8,8,16,145
08/05/2021,MDT,PA,AEA,EN,Combined TRACON& Tower with Radar,49,44,15,5,113,0,3,22,12,37,49,47,37,17,150,14,10,24,174
08/06/2021,MDT,PA,AEA,EN,Combined TRACON& Tower with Radar,37,38,12,7,94,0,1,20,4,25,37,39,32,11,119,36,0,36,155
08/07/2021,MDT,PA,AEA,EN,Combined TRACON& Tower with Radar,31,30,7,6,74,0,0,13,7,20,31,30,20,13,94,8,12,20,114
08/08/2021,MDT,PA,AEA,EN,Combined TRACON& Tower with Radar,32,39,18,4,93,0,2,20,5,27,32,41,38,9,120,19,10,29,149
08/09/2021,MDT,PA,AEA,EN,Combined TRACON& Tower with Radar,38,36,9,0,83,0,0,11,1,12,38,36,20,1,95,22,0,22,117
08/10/2021,MDT,PA,AEA,EN,Combined TRACON& Tower with Radar,35,43,26,8,112,0,0,9,12,21,35,43,35,20,133,16,0,16,149
08/11/2021,MDT,PA,AEA,EN,Combined TRACON& Tower with Radar,38,32,13,4,87,0,0,17,6,23,38,32,30,10,110,14,4,18,128
08/12/2021,MDT,PA,AEA,EN,Combined TRACON& Tower with Radar,49,49,13,2,113,0,2,17,3,22,49,51,30,5,135,0,4,4,139
08/13/2021,MDT,PA,AEA,EN,Combined TRACON& Tower with Radar,36,39,11,6,92,0,0,17,6,23,36,39,28,12,115,26,26,52,167
08/14/2021,MDT,PA,AEA,EN,Combined TRACON& Tower with Radar,30,28,10,0,68,0,2,12,2,16,30,30,22,2,84,10,0,10,94
08/15/2021,MDT,PA,AEA,EN,Combined TRACON& Tower with Radar,34,42,11,2,89,0,0,20,0,20,34,42,31,2,109,16,0,16,125
08/16/2021,MDT,PA,AEA,EN,Combined TRACON& Tower with Radar,41,42,15,2,100,0,0,10,2,12,41,42,25,4,112,14,0,14,126
08/17/2021,MDT,PA,AEA,EN,Combined TRACON& Tower with Radar,35,42,21,5,103,0,0,6,4,10,35,42,27,9,113,8,2,10,123
08/18/2021,MDT,PA,AEA,EN,Combined TRACON& Tower with Radar,30,47,12,0,89,0,0,0,0,0,30,47,12,0,89,0,0,0,89
08/19/2021,MDT,PA,AEA,EN,Combined TRACON& Tower with Radar,47,52,23,11,133,0,1,24,4,29,47,53,47,15,162,30,0,30,192
08/20/2021,MDT,PA,AEA,EN,Combined TRACON& Tower with Radar,33,47,20,22,122,0,2,12,4,18,33,49,32,26,140,4,30,34,174
08/21/2021,MDT,PA,AEA,EN,Combined TRACON& Tower with Radar,20,33,11,2,66,0,1,44,2,47,20,34,55,4,113,48,14,62,175
08/22/2021,MDT,PA,AEA,EN,Combined TRACON& Tower with Radar,28,42,7,0,77,0,0,1,0,1,28,42,8,0,78,0,0,0,78
08/23/2021,MDT,PA,AEA,EN,Combined TRACON& Tower with Radar,37,50,26,7,120,0,0,31,0,31,37,50,57,7,151,48,0,48,199
08/24/2021,MDT,PA,AEA,EN,Combined TRACON& Tower with Radar,32,49,17,39,137,0,2,39,10,51,32,51,56,49,188,38,60,98,286
08/25/2021,MDT,PA,AEA,EN,Combined TRACON& Tower with Radar,28,46,14,29,117,0,1,29,14,44,28,47,43,43,161,38,58,96,257
08/26/2021,MDT,PA,AEA,EN,Combined TRACON& Tower with Radar,44,48,13,16,121,0,3,39,15,57,44,51,52,31,178,28,22,50,228
08/27/2021,MDT,PA,AEA,EN,Combined TRACON& Tower with Radar,31,41,18,11,101,0,2,15,0,17,31,43,33,11,118,26,0,26,144
08/28/2021,MDT,PA,AEA,EN,Combined TRACON& Tower with Radar,21,38,9,2,70,0,0,2,0,2,21,38,11,2,72,20,0,20,92
08/29/2021,MDT,PA,AEA,EN,Combined TRACON& Tower with Radar,27,34,19,0,80,0,0,8,1,9,27,34,27,1,89,6,0,6,95
08/30/2021,MDT,PA,AEA,EN,Combined TRACON& Tower with Radar,33,46,10,9,98,0,0,12,3,15,33,46,22,12,113,48,20,68,181
08/31/2021,MDT,PA,AEA,EN,Combined TRACON& Tower with Radar,39,47,19,6,111,0,5,18,3,26,39,52,37,9,137,20,6,26,163
09/01/2021,MDT,PA,AEA,EN,Combined TRACON& Tower with Radar,32,36,3,0,71,0,0,0,0,0,32,36,3,0,71,0,0,0,71
09/02/2021,MDT,PA,AEA,EN,Combined TRACON& Tower with Radar,47,51,11,5,114,0,6,15,4,25,47,57,26,9,139,0,10,10,149
09/03/2021,MDT,PA,AEA,EN,Combined TRACON& Tower with Radar,35,44,10,1,90,0,2,19,0,21,35,46,29,1,111,0,0,0,111
09/04/2021,MDT,PA,AEA,EN,Combined TRACON& Tower with Radar,21,32,8,0,61,0,0,25,0,25,21,32,33,0,86,58,0,58,144
09/05/2021,MDT,PA,AEA,EN,Combined TRACON& Tower with Radar,22,27,17,0,66,0,1,3,1,5,22,28,20,1,71,8,0,8,79
09/06/2021,MDT,PA,AEA,EN,Combined TRACON& Tower with Radar,21,35,9,2,67,0,0,34,0,34,21,35,43,2,101,26,0,26,127
09/07/2021,MDT,PA,AEA,EN,Combined TRACON& Tower with Radar,31,42,32,20,125,0,0,22,23,45,31,42,54,43,170,34,50,84,254
09/08/2021,MDT,PA,AEA,EN,Combined TRACON& Tower with Radar,34,40,22,7,103,0,2,17,6,25,34,42,39,13,128,16,10,26,154
09/09/2021,MDT,PA,AEA,EN,Combined TRACON& Tower with Radar,50,45,15,12,122,0,0,5,9,14,50,45,20,21,136,6,0,6,142
09/10/2021,MDT,PA,AEA,EN,Combined TRACON& Tower with Radar,35,39,13,7,94,0,1,21,6,28,35,40,34,13,122,24,6,30,152
09/11/2021,MDT,PA,AEA,EN,Combined TRACON& Tower with Radar,23,29,12,10,74,0,1,28,3,32,23,30,40,13,106,0,0,0,106
09/12/2021,MDT,PA,AEA,EN,Combined TRACON& Tower with Radar,31,42,13,1,87,0,0,20,1,21,31,42,33,2,108,2,0,2,110
09/13/2021,MDT,PA,AEA,EN,Combined TRACON& Tower with Radar,38,38,23,6,105,0,0,21,5,26,38,38,44,11,131,22,4,26,157
09/14/2021,MDT,PA,AEA,EN,Combined TRACON& Tower with Radar,37,34,30,8,109,0,0,12,4,16,37,34,42,12,125,24,12,36,161
09/15/2021,MDT,PA,AEA,EN,Combined TRACON& Tower with Radar,34,51,35,16,136,0,5,10,0,15,34,56,45,16,151,10,0,10,161
09/16/2021,MDT,PA,AEA,EN,Combined TRACON& Tower with Radar,52,41,26,9,128,0,0,7,1,8,52,41,33,10,136,14,12,26,162
09/17/2021,MDT,PA,AEA,EN,Combined TRACON& Tower with Radar,36,50,24,16,126,0,3,5,2,10,36,53,29,18,136,8,0,8,144
09/18/2021,MDT,PA,AEA,EN,Combined TRACON& Tower with Radar,23,32,20,4,79,0,0,13,6,19,23,32,33,10,98,0,2,2,100
09/19/2021,MDT,PA,AEA,EN,Combined TRACON& Tower with Radar,30,40,21,3,94,0,0,29,9,38,30,40,50,12,132,14,6,20,152
09/20/2021,MDT,PA,AEA,EN,Combined TRACON& Tower with Radar,39,39,20,8,106,0,0,26,0,26,39,39,46,8,132,72,2,74,206
09/21/2021,MDT,PA,AEA,EN,Combined TRACON& Tower with Radar,34,39,14,18,105,0,0,8,9,17,34,39,22,27,122,40,20,60,182
09/22/2021,MDT,PA,AEA,EN,Combined TRACON& Tower with Radar,34,46,14,22,116,0,0,0,0,0,34,46,14,22,116,0,0,0,116
09/23/2021,MDT,PA,AEA,EN,Combined TRACON& Tower with Radar,53,50,21,9,133,0,0,9,5,14,53,50,30,14,147,4,32,36,183
09/24/2021,MDT,PA,AEA,EN,Combined TRACON& Tower with Radar,36,49,13,3,101,0,3,29,1,33,36,52,42,4,134,8,24,32,166
09/25/2021,MDT,PA,AEA,EN,Combined TRACON& Tower with Radar,25,29,21,0,75,0,1,23,0,24,25,30,44,0,99,2,0,2,101
09/26/2021,MDT,PA,AEA,EN,Combined TRACON& Tower with Radar,27,36,20,1,84,0,3,10,0,13,27,39,30,1,97,2,0,2,99
09/27/2021,MDT,PA,AEA,EN,Combined TRACON& Tower with Radar,39,40,13,16,108,0,2,12,4,18,39,42,25,20,126,34,30,64,190
09/28/2021,MDT,PA,AEA,EN,Combined TRACON& Tower with Radar,31,48,9,12,100,0,2,0,9,11,31,50,9,21,111,0,26,26,137
09/29/2021,MDT,PA,AEA,EN,Combined TRACON& Tower with Radar,40,37,31,5,113,0,1,26,1,28,40,38,57,6,141,16,0,16,157
09/30/2021,MDT,PA,AEA,EN,Combined TRACON& Tower with Radar,49,41,26,15,131,0,3,23,12,38,49,44,49,27,169,36,32,68,237
10/01/2021,MDT,PA,AEA,EN,Combined TRACON& Tower with Radar,37,41,15,16,109,0,0,28,7,35,37,41,43,23,144,20,32,52,196
10/02/2021,MDT,PA,AEA,EN,Combined TRACON& Tower with Radar,24,27,14,0,65,0,0,23,4,27,24,27,37,4,92,8,0,8,100
10/03/2021,MDT,PA,AEA,EN,Combined TRACON& Tower with Radar,27,44,8,2,81,0,2,9,5,16,27,46,17,7,97,8,0,8,105
10/04/2021,MDT,PA,AEA,EN,Combined TRACON& Tower with Radar,39,50,16,2,107,0,2,4,1,7,39,52,20,3,114,0,0,0,114
10/05/2021,MDT,PA,AEA,EN,Combined TRACON& Tower with Radar,28,48,12,19,107,0,0,0,0,0,28,48,12,19,107,0,0,0,107
10/06/2021,MDT,PA,AEA,EN,Combined TRACON& Tower with Radar,35,42,20,18,115,0,4,2,0,6,35,46,22,18,121,0,10,10,131
10/07/2021,MDT,PA,AEA,EN,Combined TRACON& Tower with Radar,46,47,39,18,150,0,2,6,11,19,46,49,45,29,169,20,22,42,211
10/08/2021,MDT,PA,AEA,EN,Combined TRACON& Tower with Radar,38,47,18,3,106,0,1,12,1,14,38,48,30,4,120,8,0,8,128
10/09/2021,MDT,PA,AEA,EN,Combined TRACON& Tower with Radar,27,27,14,0,68,0,3,4,0,7,27,30,18,0,75,2,0,2,77
10/10/2021,MDT,PA,AEA,EN,Combined TRACON& Tower with Radar,30,38,16,0,84,0,0,0,0,0,30,38,16,0,84,0,0,0,84
10/11/2021,MDT,PA,AEA,EN,Combined TRACON& Tower with Radar,40,43,16,2,101,0,1,2,0,3,40,44,18,2,104,0,0,0,104
10/12/2021,MDT,PA,AEA,EN,Combined TRACON& Tower with Radar,40,38,23,29,130,0,0,5,7,12,40,38,28,36,142,0,4,4,146
10/13/2021,MDT,PA,AEA,EN,Combined TRACON& Tower with Radar,40,60,44,9,153,0,2,9,5,16,40,62,53,14,169,30,4,34,203
10/14/2021,MDT,PA,AEA,EN,Combined TRACON& Tower with Radar,45,49,12,24,130,0,6,15,6,27,45,55,27,30,157,28,36,64,221
10/15/2021,MDT,PA,AEA,EN,Combined TRACON& Tower with Radar,35,46,19,8,108,0,0,24,4,28,35,46,43,12,136,12,0,12,148
10/16/2021,MDT,PA,AEA,EN,Combined TRACON& Tower with Radar,29,24,16,0,69,0,0,1,0,1,29,24,17,0,70,4,0,4,74
10/17/2021,MDT,PA,AEA,EN,Combined TRACON& Tower with Radar,29,38,24,2,93,0,1,13,0,14,29,39,37,2,107,0,0,0,107
10/18/2021,MDT,PA,AEA,EN,Combined TRACON& Tower with Radar,44,46,10,10,110,0,0,10,2,12,44,46,20,12,122,4,0,4,126
10/19/2021,MDT,PA,AEA,EN,Combined TRACON& Tower with Radar,42,40,16,26,124,0,4,10,9,23,42,44,26,35,147,2,16,18,165
10/20/2021,MDT,PA,AEA,EN,Combined TRACON& Tower with Radar,42,38,19,6,105,0,1,23,2,26,42,39,42,8,131,24,18,42,173
10/21/2021,MDT,PA,AEA,EN,Combined TRACON& Tower with Radar,49,43,30,30,152,0,4,31,10,45,49,47,61,40,197,20,12,32,229
10/22/2021,MDT,PA,AEA,EN,Combined TRACON& Tower with Radar,36,43,26,16,121,0,1,13,4,18,36,44,39,20,139,22,0,22,161
10/23/2021,MDT,PA,AEA,EN,Combined TRACON& Tower with Radar,24,23,12,2,61,0,1,11,2,14,24,24,23,4,75,2,4,6,81
10/24/2021,MDT,PA,AEA,EN,Combined TRACON& Tower with Radar,29,35,13,4,81,0,1,12,1,14,29,36,25,5,95,6,0,6,101
10/25/2021,MDT,PA,AEA,EN,Combined TRACON& Tower with Radar,43,39,19,15,116,0,7,10,4,21,43,46,29,19,137,10,8,18,155
10/26/2021,MDT,PA,AEA,EN,Combined TRACON& Tower with Radar,43,42,13,13,111,0,2,0,4,6,43,44,13,17,117,0,6,6,123
10/27/2021,MDT,PA,AEA,EN,Combined TRACON& Tower with Radar,41,45,22,27,135,0,0,8,8,16,41,45,30,35,151,4,0,4,155
10/28/2021,MDT,PA,AEA,EN,Combined TRACON& Tower with Radar,50,44,7,8,109,0,6,35,2,43,50,50,42,10,152,34,0,34,186
10/29/2021,MDT,PA,AEA,EN,Combined TRACON& Tower with Radar,37,39,11,6,93,0,0,0,0,0,37,39,11,6,93,0,0,0,93
10/30/2021,MDT,PA,AEA,EN,Combined TRACON& Tower with Radar,25,19,12,0,56,0,0,3,0,3,25,19,15,0,59,20,0,20,79
10/31/2021,MDT,PA,AEA,EN,Combined TRACON& Tower with Radar,28,24,19,2,73,0,3,3,0,6,28,27,22,2,79,0,0,0,79
11/01/2021,MDT,PA,AEA,EN,Combined TRACON& Tower with Radar,43,35,16,8,102,0,0,14,4,18,43,35,30,12,120,8,6,14,134
11/02/2021,MDT,PA,AEA,EN,Combined TRACON& Tower with Radar,32,38,15,19,104,0,4,8,1,13,32,42,23,20,117,26,30,56,173
11/03/2021,MDT,PA,AEA,EN,Combined TRACON& Tower with Radar,45,39,15,11,110,0,0,19,5,24,45,39,34,16,134,30,8,38,172
11/04/2021,MDT,PA,AEA,EN,Combined TRACON& Tower with Radar,54,40,18,16,128,0,4,21,4,29,54,44,39,20,157,10,24,34,191
11/05/2021,MDT,PA,AEA,EN,Combined TRACON& Tower with Radar,42,35,15,13,105,0,0,26,13,39,42,35,41,26,144,12,0,12,156
11/06/2021,MDT,PA,AEA,EN,Combined TRACON& Tower with Radar,30,27,4,1,62,0,2,22,8,32,30,29,26,9,94,10,12,22,116
11/07/2021,MDT,PA,AEA,EN,Combined TRACON& Tower with Radar,28,28,27,8,91,0,3,37,0,40,28,31,64,8,131,14,4,18,149
11/08/2021,MDT,PA,AEA,EN,Combined TRACON& Tower with Radar,44,34,24,6,108,0,0,23,4,27,44,34,47,10,135,28,0,28,163
11/09/2021,MDT,PA,AEA,EN,Combined TRACON& Tower with Radar,43,32,15,13,103,0,0,13,8,21,43,32,28,21,124,2,14,16,140
11/10/2021,MDT,PA,AEA,EN,Combined TRACON& Tower with Radar,42,37,27,8,114,0,4,21,11,36,42,41,48,19,150,24,60,84,234
11/11/2021,MDT,PA,AEA,EN,Combined TRACON& Tower with Radar,49,34,25,0,108,0,2,11,1,14,49,36,36,1,122,4,0,4,126
11/12/2021,MDT,PA,AEA,EN,Combined TRACON& Tower with Radar,43,31,8,2,84,0,2,18,0,20,43,33,26,2,104,10,0,10,114
11/13/2021,MDT,PA,AEA,EN,Combined TRACON& Tower with Radar,35,24,4,0,63,0,0,5,1,6,35,24,9,1,69,0,0,0,69
11/14/2021,MDT,PA,AEA,EN,Combined TRACON& Tower with Radar,27,31,14,4,76,0,1,11,0,12,27,32,25,4,88,28,0,28,116
11/15/2021,MDT,PA,AEA,EN,Combined TRACON& Tower with Radar,50,34,12,12,108,0,0,13,6,19,50,34,25,18,127,10,20,30,157
11/16/2021,MDT,PA,AEA,EN,Combined TRACON& Tower with Radar,39,33,20,23,115,0,0,33,7,40,39,33,53,30,155,26,38,64,219
11/17/2021,MDT,PA,AEA,EN,Combined TRACON& Tower with Radar,44,29,11,15,99,0,2,15,14,31,44,31,26,29,130,16,20,36,166
11/18/2021,MDT,PA,AEA,EN,Combined TRACON& Tower with Radar,48,36,20,1,105,0,0,12,1,13,48,36,32,2,118,26,0,26,144
11/19/2021,MDT,PA,AEA,EN,Combined TRACON& Tower with Radar,46,35,11,6,98,0,0,9,6,15,46,35,20,12,113,16,0,16,129
11/20/2021,MDT,PA,AEA,EN,Combined TRACON& Tower with Radar,24,23,16,6,69,0,0,36,0,36,24,23,52,6,105,46,0,46,151
11/21/2021,MDT,PA,AEA,EN,Combined TRACON& Tower with Radar,27,29,5,1,62,0,0,16,1,17,27,29,21,2,79,16,0,16,95
11/22/2021,MDT,PA,AEA,EN,Combined TRACON& Tower with Radar,43,27,16,10,96,0,1,14,0,15,43,28,30,10,111,24,0,24,135
11/23/2021,MDT,PA,AEA,EN,Combined TRACON& Tower with Radar,47,37,17,11,112,0,2,9,4,15,47,39,26,15,127,8,32,40,167
11/24/2021,MDT,PA,AEA,EN,Combined TRACON& Tower with Radar,48,36,17,13,114,0,2,15,1,18,48,38,32,14,132,24,6,30,162
11/25/2021,MDT,PA,AEA,EN,Combined TRACON& Tower with Radar,15,13,5,0,33,0,2,11,0,13,15,15,16,0,46,6,0,6,52
11/26/2021,MDT,PA,AEA,EN,Combined TRACON& Tower with Radar,34,24,2,0,60,0,0,0,0,0,34,24,2,0,60,0,0,0,60
11/27/2021,MDT,PA,AEA,EN,Combined TRACON& Tower with Radar,32,28,18,0,78,0,0,12,0,12,32,28,30,0,90,10,0,10,100
11/28/2021,MDT,PA,AEA,EN,Combined TRACON& Tower with Radar,29,32,12,0,73,0,0,17,0,17,29,32,29,0,90,14,0,14,104
11/29/2021,MDT,PA,AEA,EN,Combined TRACON& Tower with Radar,54,32,11,4,101,0,0,8,8,16,54,32,19,12,117,8,0,8,125
11/30/2021,MDT,PA,AEA,EN,Combined TRACON& Tower with Radar,48,33,19,8,108,0,2,13,5,20,48,35,32,13,128,20,4,24,152
12/01/2021,MDT,PA,AEA,EN,Combined TRACON& Tower with Radar,42,33,32,12,119,0,0,22,6,28,42,33,54,18,147,20,16,36,183
12/02/2021,MDT,PA,AEA,EN,Combined TRACON& Tower with Radar,52,41,23,18,134,0,5,1,0,6,52,46,24,18,140,0,16,16,156
12/03/2021,MDT,PA,AEA,EN,Combined TRACON& Tower with Radar,47,40,10,11,108,0,0,12,5,17,47,40,22,16,125,12,2,14,139
12/04/2021,MDT,PA,AEA,EN,Combined TRACON& Tower with Radar,26,24,15,3,68,0,2,41,0,43,26,26,56,3,111,32,0,32,143
12/05/2021,MDT,PA,AEA,EN,Combined TRACON& Tower with Radar,30,33,8,4,75,0,4,20,0,24,30,37,28,4,99,36,0,36,135
12/06/2021,MDT,PA,AEA,EN,Combined TRACON& Tower with Radar,43,31,9,5,88,0,1,0,4,5,43,32,9,9,93,0,10,10,103
12/07/2021,MDT,PA,AEA,EN,Combined TRACON& Tower with Radar,34,30,25,20,109,0,2,23,7,32,34,32,48,27,141,26,34,60,201
12/08/2021,MDT,PA,AEA,EN,Combined TRACON& Tower with Radar,36,38,11,15,100,0,0,4,7,11,36,38,15,22,111,6,26,32,143
12/09/2021,MDT,PA,AEA,EN,Combined TRACON& Tower with Radar,56,35,18,15,124,0,0,22,1,23,56,35,40,16,147,26,0,26,173
12/10/2021,MDT,PA,AEA,EN,Combined TRACON& Tower with Radar,45,38,21,27,131,0,0,18,6,24,45,38,39,33,155,0,22,22,177
12/11/2021,MDT,PA,AEA,EN,Combined TRACON& Tower with Radar,29,26,2,0,57,0,0,0,0,0,29,26,2,0,57,0,0,0,57
12/12/2021,MDT,PA,AEA,EN,Combined TRACON& Tower with Radar,28,25,12,3,68,0,0,18,3,21,28,25,30,6,89,14,0,14,103
12/13/2021,MDT,PA,AEA,EN,Combined TRACON& Tower with Radar,51,32,30,21,134,0,2,11,4,17,51,34,41,25,151,24,12,36,187
12/14/2021,MDT,PA,AEA,EN,Combined TRACON& Tower with Radar,37,37,24,7,105,0,7,33,6,46,37,44,57,13,151,24,20,44,195
12/15/2021,MDT,PA,AEA,EN,Combined TRACON& Tower with Radar,40,39,17,10,106,1,4,14,3,22,41,43,31,13,128,18,20,38,166
12/16/2021,MDT,PA,AEA,EN,Combined TRACON& Tower with Radar,39,50,18,16,123,0,2,9,4,15,39,52,27,20,138,2,14,16,154
12/17/2021,MDT,PA,AEA,EN,Combined TRACON& Tower with Radar,45,38,23,17,123,0,2,7,9,18,45,40,30,26,141,8,10,18,159
12/18/2021,MDT,PA,AEA,EN,Combined TRACON& Tower with Radar,36,35,3,1,75,0,0,0,0,0,36,35,3,1,75,0,0,0,75
12/19/2021,MDT,PA,AEA,EN,Combined TRACON& Tower with Radar,28,35,6,1,70,0,0,8,0,8,28,35,14,1,78,38,0,38,116
12/20/2021,MDT,PA,AEA,EN,Combined TRACON& Tower with Radar,43,39,13,7,102,0,2,15,3,20,43,41,28,10,122,12,20,32,154
12/21/2021,MDT,PA,AEA,EN,Combined TRACON& Tower with Radar,46,41,20,10,117,0,1,24,12,37,46,42,44,22,154,36,22,58,212
12/22/2021,MDT,PA,AEA,EN,Combined TRACON& Tower with Radar,55,43,6,27,131,0,4,8,3,15,55,47,14,30,146,0,20,20,166
12/23/2021,MDT,PA,AEA,EN,Combined TRACON& Tower with Radar,44,34,14,0,92,0,1,15,0,16,44,35,29,0,108,28,0,28,136
12/24/2021,MDT,PA,AEA,EN,Combined TRACON& Tower with Radar,37,23,6,0,66,0,0,13,0,13,37,23,19,0,79,10,0,10,89
12/25/2021,MDT,PA,AEA,EN,Combined TRACON& Tower with Radar,22,16,2,0,40,0,1,1,1,3,22,17,3,1,43,0,0,0,43
12/26/2021,MDT,PA,AEA,EN,Combined TRACON& Tower with Radar,21,34,6,0,61,0,4,16,0,20,21,38,22,0,81,0,0,0,81
12/27/2021,MDT,PA,AEA,EN,Combined TRACON& Tower with Radar,38,32,5,0,75,0,0,4,0,4,38,32,9,0,79,8,0,8,87
12/28/2021,MDT,PA,AEA,EN,Combined TRACON& Tower with Radar,40,36,11,3,90,0,2,4,2,8,40,38,15,5,98,0,14,14,112
12/29/2021,MDT,PA,AEA,EN,Combined TRACON& Tower with Radar,50,41,11,4,106,0,2,7,11,20,50,43,18,15,126,10,24,34,160
12/30/2021,MDT,PA,AEA,EN,Combined TRACON& Tower with Radar,38,35,8,2,83,0,0,0,0,0,38,35,8,2,83,0,0,0,83
12/31/2021,MDT,PA,AEA,EN,Combined TRACON& Tower with Radar,33,30,11,0,74,0,0,0,0,0,33,30,11,0,74,0,0,0,74
01/01/2022,MDT,PA,AEA,EN,Combined TRACON& Tower with Radar,15,19,2,0,36,0,0,0,0,0,15,19,2,0,36,0,0,0,36
01/02/2022,MDT,PA,AEA,EN,Combined TRACON& Tower with Radar,22,37,7,0,66,0,0,7,0,7,22,37,14,0,73,4,0,4,77
01/03/2022,MDT,PA,AEA,EN,Combined TRACON& Tower with Radar,43,34,9,3,89,0,2,6,0,8,43,36,15,3,97,8,0,8,105
01/04/2022,MDT,PA,AEA,EN,Combined TRACON& Tower with Radar,29,28,14,2,73,0,0,19,12,31,29,28,33,14,104,24,8,32,136
01/05/2022,MDT,PA,AEA,EN,Combined TRACON& Tower with Radar,35,33,11,1,80,0,3,8,1,12,35,36,19,2,92,8,0,8,100
01/06/2022,MDT,PA,AEA,EN,Combined TRACON& Tower with Radar,43,29,14,27,113,0,0,9,1,10,43,29,23,28,123,18,12,30,153
01/07/2022,MDT,PA,AEA,EN,Combined TRACON& Tower with Radar,42,30,8,0,80,0,1,2,0,3,42,31,10,0,83,0,0,0,83
01/08/2022,MDT,PA,AEA,EN,Combined TRACON& Tower with Radar,21,26,7,1,55,0,3,28,3,34,21,29,35,4,89,46,0,46,135
01/09/2022,MDT,PA,AEA,EN,Combined TRACON& Tower with Radar,26,27,0,0,53,0,0,0,0,0,26,27,0,0,53,0,0,0,53
01/10/2022,MDT,PA,AEA,EN,Combined TRACON& Tower with Radar,38,32,5,5,80,0,6,10,1,17,38,38,15,6,97,0,0,0,97
01/11/2022,MDT,PA,AEA,EN,Combined TRACON& Tower with Radar,32,38,9,15,94,0,1,19,12,32,32,39,28,27,126,70,14,84,210
01/12/2022,MDT,PA,AEA,EN,Combined TRACON& Tower with Radar,40,35,26,6,107,0,2,12,5,19,40,37,38,11,126,6,6,12,138
01/13/2022,MDT,PA,AEA,EN,Combined TRACON& Tower with Radar,49,41,15,3,108,0,1,15,3,19,49,42,30,6,127,22,0,22,149
01/14/2022,MDT,PA,AEA,EN,Combined TRACON& Tower with Radar,41,33,14,3,91,0,0,5,8,13,41,33,19,11,104,4,6,10,114
01/15/2022,MDT,PA,AEA,EN,Combined TRACON& Tower with Radar,19,28,13,0,60,0,1,12,0,13,19,29,25,0,73,30,0,30,103
01/16/2022,MDT,PA,AEA,EN,Combined TRACON& Tower with Radar,12,14,3,1,30,0,0,9,1,10,12,14,12,2,40,4,0,4,44
01/17/2022,MDT,PA,AEA,EN,Combined TRACON& Tower with Radar,35,24,9,0,68,0,0,0,0,0,35,24,9,0,68,0,0,0,68
01/18/2022,MDT,PA,AEA,EN,Combined TRACON& Tower with Radar,31,35,20,21,107,0,1,16,10,27,31,36,36,31,134,0,18,18,152
01/19/2022,MDT,PA,AEA,EN,Combined TRACON& Tower with Radar,38,42,21,19,120,0,1,16,5,22,38,43,37,24,142,4,36,40,182
01/20/2022,MDT,PA,AEA,EN,Combined TRACON& Tower with Radar,46,39,15,23,123,0,0,9,9,18,46,39,24,32,141,6,44,50,191
01/21/2022,MDT,PA,AEA,EN,Combined TRACON& Tower with Radar,39,32,14,12,97,0,2,26,1,29,39,34,40,13,126,26,12,38,164
01/22/2022,MDT,PA,AEA,EN,Combined TRACON& Tower with Radar,21,25,5,2,53,0,1,19,0,20,21,26,24,2,73,14,0,14,87
01/23/2022,MDT,PA,AEA,EN,Combined TRACON& Tower with Radar,31,27,7,3,68,0,0,8,1,9,31,27,15,4,77,20,0,20,97
01/24/2022,MDT,PA,AEA,EN,Combined TRACON& Tower with Radar,40,39,21,1,101,0,3,16,2,21,40,42,37,3,122,12,8,20,142
01/25/2022,MDT,PA,AEA,EN,Combined TRACON& Tower with Radar,31,27,17,9,84,0,0,14,11,25,31,27,31,20,109,22,20,42,151
01/26/2022,MDT,PA,AEA,EN,Combined TRACON& Tower with Radar,38,36,31,5,110,0,2,21,5,28,38,38,52,10,138,22,4,26,164
01/27/2022,MDT,PA,AEA,EN,Combined TRACON& Tower with Radar,46,38,16,2,102,0,4,18,3,25,46,42,34,5,127,0,4,4,131
01/28/2022,MDT,PA,AEA,EN,Combined TRACON& Tower with Radar,39,35,4,2,80,0,0,0,0,0,39,35,4,2,80,0,0,0,80
01/29/2022,MDT,PA,AEA,EN,Combined TRACON& Tower with Radar,24,33,3,0,60,0,0,3,0,3,24,33,6,0,63,30,0,30,93
01/30/2022,MDT,PA,AEA,EN,Combined TRACON& Tower with Radar,31,30,9,2,72,0,0,16,0,16,31,30,25,2,88,16,0,16,104
01/31/2022,MDT,PA,AEA,EN,Combined TRACON& Tower with Radar,41,34,9,7,91,0,2,14,3,19,41,36,23,10,110,10,10,20,130
02/01/2022,MDT,PA,AEA,EN,Combined TRACON& Tower with Radar,32,23,35,7,97,0,0,22,17,39,32,23,57,24,136,24,20,44,180
02/02/2022,MDT,PA,AEA,EN,Combined TRACON& Tower with Radar,36,26,19,3,84,0,0,9,0,9,36,26,28,3,93,6,0,6,99
02/03/2022,MDT,PA,AEA,EN,Combined TRACON& Tower with Radar,36,26,10,0,72,0,0,0,0,0,36,26,10,0,72,0,0,0,72
02/04/2022,MDT,PA,AEA,EN,Combined TRACON& Tower with Radar,26,22,7,1,56,0,0,0,0,0,26,22,7,1,56,0,0,0,56
02/05/2022,MDT,PA,AEA,EN,Combined TRACON& Tower with Radar,23,20,10,2,55,0,1,15,3,19,23,21,25,5,74,10,0,10,84
02/06/2022,MDT,PA,AEA,EN,Combined TRACON& Tower with Radar,30,23,20,4,77,0,0,36,2,38,30,23,56,6,115,70,0,70,185
02/07/2022,MDT,PA,AEA,EN,Combined TRACON& Tower with Radar,40,30,12,3,85,0,1,12,5,18,40,31,24,8,103,18,34,52,155
02/08/2022,MDT,PA,AEA,EN,Combined TRACON& Tower with Radar,34,30,14,2,80,0,4,14,3,21,34,34,28,5,101,20,12,32,133
02/09/2022,MDT,PA,AEA,EN,Combined TRACON& Tower with Radar,35,31,23,9,98,0,0,27,7,34,35,31,50,16,132,30,24,54,186
02/10/2022,MDT,PA,AEA,EN,Combined TRACON& Tower with Radar,45,33,19,5,102,0,0,7,6,13,45,33,26,11,115,12,8,20,135
02/11/2022,MDT,PA,AEA,EN,Combined TRACON& Tower with Radar,42,29,11,15,97,0,0,15,3,18,42,29,26,18,115,6,6,12,127
02/12/2022,MDT,PA,AEA,EN,Combined TRACON& Tower with Radar,27,20,1,0,48,0,2,1,0,3,27,22,2,0,51,0,0,0,51
02/13/2022,MDT,PA,AEA,EN,Combined TRACON& Tower with Radar,30,27,4,0,61,0,0,13,0,13,30,27,17,0,74,54,0,54,128
02/14/2022,MDT,PA,AEA,EN,Combined TRACON& Tower with Radar,46,30,18,6,100,0,0,11,7,18,46,30,29,13,118,8,18,26,144
02/15/2022,MDT,PA,AEA,EN,Combined TRACON& Tower with Radar,32,31,22,4,89,0,0,17,3,20,32,31,39,7,109,64,4,68,177
02/16/2022,MDT,PA,AEA,EN,Combined TRACON& Tower with Radar,42,35,12,3,92,0,1,8,9,18,42,36,20,12,110,6,0,6,116
02/17/2022,MDT,PA,AEA,EN,Combined TRACON& Tower with Radar,44,32,17,0,93,0,2,7,0,9,44,34,24,0,102,0,0,0,102
02/18/2022,MDT,PA,AEA,EN,Combined TRACON& Tower with Radar,38,29,4,0,71,0,0,6,2,8,38,29,10,2,79,0,0,0,79
02/19/2022,MDT,PA,AEA,EN,Combined TRACON& Tower with Radar,22,21,1,2,46,0,3,2,0,5,22,24,3,2,51,0,0,0,51
02/20/2022,MDT,PA,AEA,EN,Combined TRACON& Tower with Radar,26,19,14,0,59,0,0,24,0,24,26,19,38,0,83,30,0,30,113
02/21/2022,MDT,PA,AEA,EN,Combined TRACON& Tower with Radar,47,30,18,0,95,0,2,13,0,15,47,32,31,0,110,0,0,0,110
02/22/2022,MDT,PA,AEA,EN,Combined TRACON& Tower with Radar,40,32,15,7,94,0,2,2,0,4,40,34,17,7,98,0,0,0,98
02/23/2022,MDT,PA,AEA,EN,Combined TRACON& Tower with Radar,38,29,20,19,106,0,0,16,1,17,38,29,36,20,123,10,13,23,146
02/24/2022,MDT,PA,AEA,EN,Combined TRACON& Tower with Radar,41,27,25,17,110,0,0,9,6,15,41,27,34,23,125,0,0,0,125
02/25/2022,MDT,PA,AEA,EN,Combined TRACON& Tower with Radar,38,25,14,2,79,0,0,5,2,7,38,25,19,4,86,6,0,6,92
02/26/2022,MDT,PA,AEA,EN,Combined TRACON& Tower with Radar,25,19,14,0,58,0,1,35,0,36,25,20,49,0,94,26,0,26,120
02/27/2022,MDT,PA,AEA,EN,Combined TRACON& Tower with Radar,28,28,7,0,63,0,4,14,1,19,28,32,21,1,82,6,0,6,88
02/28/2022,MDT,PA,AEA,EN,Combined TRACON& Tower with Radar,48,23,12,6,89,0,1,15,4,20,48,24,27,10,109,6,10,16,125
03/01/2022,MDT,PA,AEA,EN,Combined TRACON& Tower with Radar,39,33,13,14,99,0,5,19,1,25,39,38,32,15,124,44,0,44,168
03/02/2022,MDT,PA,AEA,EN,Combined TRACON& Tower with Radar,41,29,24,7,101,0,2,33,0,35,41,31,57,7,136,40,0,40,176
03/03/2022,MDT,PA,AEA,EN,Combined TRACON& Tower with Radar,53,34,18,11,116,0,0,4,5,9,53,34,22,16,125,0,26,26,151
03/04/2022,MDT,PA,AEA,EN,Combined TRACON& Tower with Radar,45,29,19,3,96,0,0,18,1,19,45,29,37,4,115,10,0,10,125
03/05/2022,MDT,PA,AEA,EN,Combined TRACON& Tower with Radar,29,22,15,5,71,0,0,16,0,16,29,22,31,5,87,32,0,32,119
03/06/2022,MDT,PA,AEA,EN,Combined TRACON& Tower with Radar,33,17,11,2,63,0,0,4,2,6,33,17,15,4,69,0,2,2,71
03/07/2022,MDT,PA,AEA,EN,Combined TRACON& Tower with Radar,42,21,15,4,82,0,4,1,0,5,42,25,16,4,87,0,0,0,87
03/08/2022,MDT,PA,AEA,EN,Combined TRACON& Tower with Radar,41,26,16,12,95,0,6,9,5,20,41,32,25,17,115,28,26,54,169
03/09/2022,MDT,PA,AEA,EN,Combined TRACON& Tower with Radar,43,29,13,0,85,0,0,0,0,0,43,29,13,0,85,0,0,0,85
03/10/2022,MDT,PA,AEA,EN,Combined TRACON& Tower with Radar,54,31,31,9,125,0,0,13,1,14,54,31,44,10,139,22,6,28,167
03/11/2022,MDT,PA,AEA,EN,Combined TRACON& Tower with Radar,48,30,11,3,92,0,3,11,4,18,48,33,22,7,110,10,20,30,140
03/12/2022,MDT,PA,AEA,EN,Combined TRACON& Tower with Radar,25,21,3,0,49,0,0,0,0,0,25,21,3,0,49,0,0,0,49
03/13/2022,MDT,PA,AEA,EN,Combined TRACON& Tower with Radar,38,20,13,0,71,0,0,11,0,11,38,20,24,0,82,2,0,2,84
03/14/2022,MDT,PA,AEA,EN,Combined TRACON& Tower with Radar,43,28,24,4,99,0,6,16,2,24,43,34,40,6,123,26,0,26,149
03/15/2022,MDT,PA,AEA,EN,Combined TRACON& Tower with Radar,41,26,33,14,114,0,8,17,4,29,41,34,50,18,143,12,18,30,173
03/16/2022,MDT,PA,AEA,EN,Combined TRACON& Tower with Radar,42,23,23,15,103,0,0,9,3,12,42,23,32,18,115,12,4,16,131
03/17/2022,MDT,PA,AEA,EN,Combined TRACON& Tower with Radar,63,27,16,9,115,0,4,4,0,8,63,31,20,9,123,0,14,14,137
03/18/2022,MDT,PA,AEA,EN,Combined TRACON& Tower with Radar,47,26,13,2,88,0,0,18,2,20,47,26,31,4,108,22,0,22,130
03/19/2022,MDT,PA,AEA,EN,Combined TRACON& Tower with Radar,30,26,9,1,66,0,2,2,0,4,30,28,11,1,70,14,0,14,84
03/20/2022,MDT,PA,AEA,EN,Combined TRACON& Tower with Radar,33,24,9,1,67,0,0,2,0,2,33,24,11,1,69,44,0,44,113
03/21/2022,MDT,PA,AEA,EN,Combined TRACON& Tower with Radar,44,28,16,9,97,0,3,22,10,35,44,31,38,19,132,6,10,16,148
03/22/2022,MDT,PA,AEA,EN,Combined TRACON& Tower with Radar,39,33,20,22,114,0,5,22,9,36,39,38,42,31,150,28,14,42,192
03/23/2022,MDT,PA,AEA,EN,Combined TRACON& Tower with Radar,44,25,18,4,91,0,0,5,0,5,44,25,23,4,96,10,4,14,110
03/24/2022,MDT,PA,AEA,EN,Combined TRACON& Tower with Radar,49,27,23,34,133,0,0,0,0,0,49,27,23,34,133,0,0,0,133
03/25/2022,MDT,PA,AEA,EN,Combined TRACON& Tower with Radar,45,27,19,4,95,0,2,2,3,7,45,29,21,7,102,0,12,12,114
03/26/2022,MDT,PA,AEA,EN,Combined TRACON& Tower with Radar,27,23,7,0,57,0,0,1,0,1,27,23,8,0,58,0,0,0,58
03/27/2022,MDT,PA,AEA,EN,Combined TRACON& Tower with Radar,39,16,8,0,63,0,0,7,0,7,39,16,15,0,70,16,0,16,86
03/28/2022,MDT,PA,AEA,EN,Combined TRACON& Tower with Radar,43,25,11,7,86,0,2,2,1,5,43,27,13,8,91,0,0,0,91
03/29/2022,MDT,PA,AEA,EN,Combined TRACON& Tower with Radar,40,26,19,25,110,0,1,16,12,29,40,27,35,37,139,12,32,44,183
03/30/2022,MDT,PA,AEA,EN,Combined TRACON& Tower with Radar,50,20,16,26,112,0,0,18,3,21,50,20,34,29,133,6,30,36,169
03/31/2022,MDT,PA,AEA,EN,Combined TRACON& Tower with Radar,58,25,18,10,111,0,2,0,0,2,58,27,18,10,113,0,2,2,115
04/01/2022,MDT,PA,AEA,EN,Combined TRACON& Tower with Radar,44,28,11,18,101,0,0,5,6,11,44,28,16,24,112,0,30,30,142
04/02/2022,MDT,PA,AEA,EN,Combined TRACON& Tower with Radar,25,17,17,0,59,0,0,28,0,28,25,17,45,0,87,56,0,56,143
04/03/2022,MDT,PA,AEA,EN,Combined TRACON& Tower with Radar,34,18,9,0,61,0,2,7,0,9,34,20,16,0,70,22,0,22,92
04/04/2022,MDT,PA,AEA,EN,Combined TRACON& Tower with Radar,42,25,25,7,99,0,0,17,3,20,42,25,42,10,119,18,0,18,137
04/05/2022,MDT,PA,AEA,EN,Combined TRACON& Tower with Radar,38,34,23,9,104,0,9,3,2,14,38,43,26,11,118,0,0,0,118
04/06/2022,MDT,PA,AEA,EN,Combined TRACON& Tower with Radar,42,33,21,6,102,0,0,1,0,1,42,33,22,6,103,6,12,18,121
04/07/2022,MDT,PA,AEA,EN,Combined TRACON& Tower with Radar,47,32,19,8,106,0,0,1,0,1,47,32,20,8,107,0,2,2,109
04/08/2022,MDT,PA,AEA,EN,Combined TRACON& Tower with Radar,40,33,15,1,89,0,1,8,12,21,40,34,23,13,110,0,12,12,122
04/09/2022,MDT,PA,AEA,EN,Combined TRACON& Tower with Radar,27,23,16,1,67,0,0,4,1,5,27,23,20,2,72,0,0,0,72
04/10/2022,MDT,PA,AEA,EN,Combined TRACON& Tower with Radar,34,24,8,3,69,0,0,9,1,10,34,24,17,4,79,16,0,16,95
04/11/2022,MDT,PA,AEA,EN,Combined TRACON& Tower with Radar,42,28,25,13,108,0,0,20,3,23,42,28,45,16,131,22,14,36,167
04/12/2022,MDT,PA,AEA,EN,Combined TRACON& Tower with Radar,38,29,28,7,102,0,0,8,4,12,38,29,36,11,114,16,0,16,130
04/13/2022,MDT,PA,AEA,EN,Combined TRACON& Tower with Radar,40,37,25,21,123,0,2,16,3,21,40,39,41,24,144,10,8,18,162
04/14/2022,MDT,PA,AEA,EN,Combined TRACON& Tower with Radar,44,35,16,1,96,0,6,11,7,24,44,41,27,8,120,2,32,34,154
04/15/2022,MDT,PA,AEA,EN,Combined TRACON& Tower with Radar,41,29,9,3,82,0,2,11,2,15,41,31,20,5,97,2,16,18,115
04/16/2022,MDT,PA,AEA,EN,Combined TRACON& Tower with Radar,28,16,6,0,50,0,0,10,0,10,28,16,16,0,60,0,0,0,60
04/17/2022,MDT,PA,AEA,EN,Combined TRACON& Tower with Radar,28,23,9,0,60,0,1,10,0,11,28,24,19,0,71,2,0,2,73
04/18/2022,MDT,PA,AEA,EN,Combined TRACON& Tower with Radar,37,31,9,6,83,0,3,2,1,6,37,34,11,7,89,0,0,0,89
04/19/2022,MDT,PA,AEA,EN,Combined TRACON& Tower with Radar,41,30,9,12,92,0,0,1,4,5,41,30,10,16,97,0,10,10,107
04/20/2022,MDT,PA,AEA,EN,Combined TRACON& Tower with Radar,39,38,21,5,103,0,0,21,7,28,39,38,42,12,131,2,22,24,155
04/21/2022,MDT,PA,AEA,EN,Combined TRACON& Tower with Radar,44,34,15,7,100,0,0,4,0,4,44,34,19,7,104,8,0,8,112
04/22/2022,MDT,PA,AEA,EN,Combined TRACON& Tower with Radar,42,28,15,10,95,0,3,24,6,33,42,31,39,16,128,26,2,28,156
04/23/2022,MDT,PA,AEA,EN,Combined TRACON& Tower with Radar,27,32,7,0,66,0,0,33,0,33,27,32,40,0,99,6,0,6,105
04/24/2022,MDT,PA,AEA,EN,Combined TRACON& Tower with Radar,29,24,14,2,69,0,0,28,0,28,29,24,42,2,97,22,0,22,119
04/25/2022,MDT,PA,AEA,EN,Combined TRACON& Tower with Radar,44,33,28,11,116,0,2,5,0,7,44,35,33,11,123,20,0,20,143
04/26/2022,MDT,PA,AEA,EN,Combined TRACON& Tower with Radar,40,29,20,15,104,0,2,4,2,8,40,31,24,17,112,0,6,6,118
04/27/2022,MDT,PA,AEA,EN,Combined TRACON& Tower with Radar,40,35,20,10,105,0,2,4,2,8,40,37,24,12,113,0,14,14,127
04/28/2022,MDT,PA,AEA,EN,Combined TRACON& Tower with Radar,48,36,13,6,103,0,1,22,1,24,48,37,35,7,127,16,8,24,151
04/29/2022,MDT,PA,AEA,EN,Combined TRACON& Tower with Radar,42,39,25,14,120,0,8,25,2,35,42,47,50,16,155,32,0,32,187
04/30/2022,MDT,PA,AEA,EN,Combined TRACON& Tower with Radar,30,29,15,4,78,0,9,30,1,40,30,38,45,5,118,52,0,52,170
05/01/2022,MDT,PA,AEA,EN,Combined TRACON& Tower with Radar,33,20,18,3,74,0,0,7,0,7,33,20,25,3,81,4,0,4,85
05/02/2022,MDT,PA,AEA,EN,Combined TRACON& Tower with Radar,43,36,17,4,100,0,2,8,0,10,43,38,25,4,110,16,4,20,130
05/03/2022,MDT,PA,AEA,EN,Combined TRACON& Tower with Radar,40,31,27,27,125,0,4,4,0,8,40,35,31,27,133,12,2,14,147
05/04/2022,MDT,PA,AEA,EN,Combined TRACON& Tower with Radar,40,38,15,2,95,0,0,4,2,6,40,38,19,4,101,0,16,16,117
05/05/2022,MDT,PA,AEA,EN,Combined TRACON& Tower with Radar,50,44,23,8,125,0,0,19,2,21,50,44,42,10,146,16,22,38,184
05/06/2022,MDT,PA,AEA,EN,Combined TRACON& Tower with Radar,41,38,7,2,88,0,0,0,0,0,41,38,7,2,88,0,0,0,88
05/07/2022,MDT,PA,AEA,EN,Combined TRACON& Tower with Radar,27,28,3,1,59,0,0,0,0,0,27,28,3,1,59,0,0,0,59
05/08/2022,MDT,PA,AEA,EN,Combined TRACON& Tower with Radar,36,32,6,2,76,0,3,7,0,10,36,35,13,2,86,6,0,6,92
05/09/2022,MDT,PA,AEA,EN,Combined TRACON& Tower with Radar,42,38,16,11,107,0,1,27,6,34,42,39,43,17,141,36,32,68,209
05/10/2022,MDT,PA,AEA,EN,Combined TRACON& Tower with Radar,32,39,18,15,104,0,1,22,3,26,32,40,40,18,130,2,22,24,154
05/11/2022,MDT,PA,AEA,EN,Combined TRACON& Tower with Radar,38,41,13,6,98,0,2,27,3,32,38,43,40,9,130,2,10,12,142
05/12/2022,MDT,PA,AEA,EN,Combined TRACON& Tower with Radar,48,43,19,18,128,0,1,7,7,15,48,44,26,25,143,0,60,60,203
05/13/2022,MDT,PA,AEA,EN,Combined TRACON& Tower with Radar,42,36,24,4,106,0,2,2,2,6,42,38,26,6,112,0,0,0,112
05/14/2022,MDT,PA,AEA,EN,Combined TRACON& Tower with Radar,28,28,6,3,65,0,0,1,1,2,28,28,7,4,67,0,0,0,67
05/15/2022,MDT,PA,AEA,EN,Combined TRACON& Tower with Radar,36,28,5,6,75,0,0,1,2,3,36,28,6,8,78,0,0,0,78
05/16/2022,MDT,PA,AEA,EN,Combined TRACON& Tower with Radar,44,36,14,1,95,0,0,5,6,11,44,36,19,7,106,12,0,12,118
05/17/2022,MDT,PA,AEA,EN,Combined TRACON& Tower with Radar,34,38,17,13,102,0,0,15,21,36,34,38,32,34,138,8,46,54,192
05/18/2022,MDT,PA,AEA,EN,Combined TRACON& Tower with Radar,37,32,30,3,102,0,4,43,8,55,37,36,73,11,157,40,4,44,201
05/19/2022,MDT,PA,AEA,EN,Combined TRACON& Tower with Radar,47,41,16,6,110,0,0,6,2,8,47,41,22,8,118,0,2,2,120
05/20/2022,MDT,PA,AEA,EN,Combined TRACON& Tower with Radar,41,40,16,5,102,0,0,10,3,13,41,40,26,8,115,24,6,30,145
05/21/2022,MDT,PA,AEA,EN,Combined TRACON& Tower with Radar,27,27,14,0,68,0,0,11,0,11,27,27,25,0,79,16,0,16,95
05/22/2022,MDT,PA,AEA,EN,Combined TRACON& Tower with Radar,37,32,6,1,76,0,0,11,0,11,37,32,17,1,87,78,0,78,165
05/23/2022,MDT,PA,AEA,EN,Combined TRACON& Tower with Radar,43,40,16,15,114,0,3,22,1,26,43,43,38,16,140,20,0,20,160
05/24/2022,MDT,PA,AEA,EN,Combined TRACON& Tower with Radar,33,39,19,5,96,0,0,3,10,13,33,39,22,15,109,8,30,38,147
05/25/2022,MDT,PA,AEA,EN,Combined TRACON& Tower with Radar,37,36,13,11,97,0,0,17,8,25,37,36,30,19,122,50,6,56,178
05/26/2022,MDT,PA,AEA,EN,Combined TRACON& Tower with Radar,44,38,22,6,110,0,0,2,0,2,44,38,24,6,112,16,0,16,128
05/27/2022,MDT,PA,AEA,EN,Combined TRACON& Tower with Radar,55,35,12,0,102,0,0,0,0,0,55,35,12,0,102,0,0,0,102
05/28/2022,MDT,PA,AEA,EN,Combined TRACON& Tower with Radar,36,25,14,0,75,0,5,13,0,18,36,30,27,0,93,18,0,18,111
05/29/2022,MDT,PA,AEA,EN,Combined TRACON& Tower with Radar,26,30,5,2,63,0,2,15,1,18,26,32,20,3,81,2,0,2,83
05/30/2022,MDT,PA,AEA,EN,Combined TRACON& Tower with Radar,32,29,9,0,70,0,0,16,0,16,32,29,25,0,86,2,0,2,88
05/31/2022,MDT,PA,AEA,EN,Combined TRACON& Tower with Radar,33,28,19,2,82,0,0,22,2,24,33,28,41,4,106,36,8,44,150
06/01/2022,MDT,PA,AEA,EN,Combined TRACON& Tower with Radar,46,43,14,11,114,0,0,12,2,14,46,43,26,13,128,10,16,26,154
06/02/2022,MDT,PA,AEA,EN,Combined TRACON& Tower with Radar,49,37,10,3,99,0,6,1,9,16,49,43,11,12,115,0,16,16,131
06/03/2022,MDT,PA,AEA,EN,Combined TRACON& Tower with Radar,45,30,29,13,117,0,4,25,4,33,45,34,54,17,150,28,0,28,178
06/04/2022,MDT,PA,AEA,EN,Combined TRACON& Tower with Radar,31,22,11,1,65,0,6,29,2,37,31,28,40,3,102,10,0,10,112
06/05/2022,MDT,PA,AEA,EN,Combined TRACON& Tower with Radar,34,22,16,2,74,0,2,22,0,24,34,24,38,2,98,36,0,36,134
06/06/2022,MDT,PA,AEA,EN,Combined TRACON& Tower with Radar,48,24,19,7,98,0,2,27,3,32,48,26,46,10,130,8,16,24,154
06/07/2022,MDT,PA,AEA,EN,Combined TRACON& Tower with Radar,41,25,26,10,102,0,0,9,0,9,41,25,35,10,111,0,4,4,115
06/08/2022,MDT,PA,AEA,EN,Combined TRACON& Tower with Radar,45,36,35,15,131,0,2,25,4,31,45,38,60,19,162,24,16,40,202
06/09/2022,MDT,PA,AEA,EN,Combined TRACON& Tower with Radar,51,30,25,13,119,0,0,18,11,29,51,30,43,24,148,2,10,12,160
06/10/2022,MDT,PA,AEA,EN,Combined TRACON& Tower with Radar,47,28,27,1,103,0,4,24,5,33,47,32,51,6,136,6,0,6,142
06/11/2022,MDT,PA,AEA,EN,Combined TRACON& Tower with Radar,31,23,11,3,68,0,0,16,4,20,31,23,27,7,88,18,2,20,108
06/12/2022,MDT,PA,AEA,EN,Combined TRACON& Tower with Radar,35,26,13,3,77,0,0,7,1,8,35,26,20,4,85,16,0,16,101
06/13/2022,MDT,PA,AEA,EN,Combined TRACON& Tower with Radar,49,31,39,2,121,0,0,14,5,19,49,31,53,7,140,18,0,18,158
06/14/2022,MDT,PA,AEA,EN,Combined TRACON& Tower with Radar,44,32,22,32,130,0,2,14,17,33,44,34,36,49,163,0,54,54,217
06/15/2022,MDT,PA,AEA,EN,Combined TRACON& Tower with Radar,48,41,27,6,122,0,4,27,7,38,48,45,54,13,160,38,12,50,210
06/16/2022,MDT,PA,AEA,EN,Combined TRACON& Tower with Radar,53,40,12,4,109,0,2,2,3,7,53,42,14,7,116,8,4,12,128
06/17/2022,MDT,PA,AEA,EN,Combined TRACON& Tower with Radar,51,30,11,2,94,0,3,17,0,20,51,33,28,2,114,0,0,0,114
06/18/2022,MDT,PA,AEA,EN,Combined TRACON& Tower with Radar,33,28,14,0,75,0,0,10,0,10,33,28,24,0,85,56,0,56,141
06/19/2022,MDT,PA,AEA,EN,Combined TRACON& Tower with Radar,35,23,17,1,76,0,2,10,0,12,35,25,27,1,88,4,0,4,92
06/20/2022,MDT,PA,AEA,EN,Combined TRACON& Tower with Radar,45,30,29,3,107,0,1,38,1,40,45,31,67,4,147,14,0,14,161
06/21/2022,MDT,PA,AEA,EN,Combined TRACON& Tower with Radar,45,31,27,17,120,0,0,31,3,34,45,31,58,20,154,26,0,26,180
06/22/2022,MDT,PA,AEA,EN,Combined TRACON& Tower with Radar,45,35,27,8,115,0,2,6,5,13,45,37,33,13,128,0,0,0,128
06/23/2022,MDT,PA,AEA,EN,Combined TRACON& Tower with Radar,48,38,25,3,114,0,0,3,1,4,48,38,28,4,118,0,0,0,118
06/24/2022,MDT,PA,AEA,EN,Combined TRACON& Tower with Radar,44,31,38,10,123,0,3,12,2,17,44,34,50,12,140,8,18,26,166
06/25/2022,MDT,PA,AEA,EN,Combined TRACON& Tower with Radar,31,19,14,3,67,0,2,22,0,24,31,21,36,3,91,4,0,4,95
06/26/2022,MDT,PA,AEA,EN,Combined TRACON& Tower with Radar,37,33,14,1,85,0,1,25,0,26,37,34,39,1,111,48,0,48,159
06/27/2022,MDT,PA,AEA,EN,Combined TRACON& Tower with Radar,50,30,19,0,99,0,5,17,0,22,50,35,36,0,121,36,0,36,157
06/28/2022,MDT,PA,AEA,EN,Combined TRACON& Tower with Radar,40,26,25,11,102,0,2,22,16,40,40,28,47,27,142,4,72,76,218
06/29/2022,MDT,PA,AEA,EN,Combined TRACON& Tower with Radar,46,32,28,11,117,0,0,25,3,28,46,32,53,14,145,28,4,32,177
06/30/2022,MDT,PA,AEA,EN,Combined TRACON& Tower with Radar,50,33,29,27,139,0,0,30,5,35,50,33,59,32,174,12,66,78,252
07/01/2022,MDT,PA,AEA,EN,Combined TRACON& Tower with Radar,52,32,13,4,101,0,0,9,0,9,52,32,22,4,110,2,0,2,112
07/02/2022,MDT,PA,AEA,EN,Combined TRACON& Tower with Radar,35,22,8,0,65,0,0,13,2,15,35,22,21,2,80,28,0,28,108
07/03/2022,MDT,PA,AEA,EN,Combined TRACON& Tower with Radar,32,18,4,1,55,0,2,14,0,16,32,20,18,1,71,6,0,6,77
07/04/2022,MDT,PA,AEA,EN,Combined TRACON& Tower with Radar,37,21,8,0,66,0,0,18,1,19,37,21,26,1,85,10,0,10,95
07/05/2022,MDT,PA,AEA,EN,Combined TRACON& Tower with Radar,39,14,6,5,64,0,4,10,1,15,39,18,16,6,79,0,2,2,81
07/06/2022,MDT,PA,AEA,EN,Combined TRACON& Tower with Radar,40,25,28,9,102,0,1,20,1,22,40,26,48,10,124,16,0,16,140
07/07/2022,MDT,PA,AEA,EN,Combined TRACON& Tower with Radar,47,35,28,11,121,0,0,11,6,17,47,35,39,17,138,16,2,18,156
07/08/2022,MDT,PA,AEA,EN,Combined TRACON& Tower with Radar,47,29,10,7,93,0,3,9,1,13,47,32,19,8,106,24,12,36,142
07/09/2022,MDT,PA,AEA,EN,Combined TRACON& Tower with Radar,31,17,7,0,55,0,1,7,0,8,31,18,14,0,63,0,0,0,63
07/10/2022,MDT,PA,AEA,EN,Combined TRACON& Tower with Radar,35,26,16,11,88,0,3,27,5,35,35,29,43,16,123,4,20,24,147
07/11/2022,MDT,PA,AEA,EN,Combined TRACON& Tower with Radar,47,25,19,8,99,0,2,35,1,38,47,27,54,9,137,32,24,56,193
07/12/2022,MDT,PA,AEA,EN,Combined TRACON& Tower with Radar,41,24,17,5,87,0,4,11,2,17,41,28,28,7,104,0,6,6,110
07/13/2022,MDT,PA,AEA,EN,Combined TRACON& Tower with Radar,49,24,20,6,99,0,0,30,2,32,49,24,50,8,131,12,8,20,151
07/14/2022,MDT,PA,AEA,EN,Combined TRACON& Tower with Radar,51,32,23,15,121,0,0,31,3,34,51,32,54,18,155,20,8,28,183
07/15/2022,MDT,PA,AEA,EN,Combined TRACON& Tower with Radar,47,25,17,15,104,0,2,18,0,20,47,27,35,15,124,8,0,8,132
07/16/2022,MDT,PA,AEA,EN,Combined TRACON& Tower with Radar,33,19,7,0,59,0,1,4,0,5,33,20,11,0,64,0,0,0,64
07/17/2022,MDT,PA,AEA,EN,Combined TRACON& Tower with Radar,37,27,8,2,74,0,0,0,4,4,37,27,8,6,78,0,0,0,78
07/18/2022,MDT,PA,AEA,EN,Combined TRACON& Tower with Radar,44,27,16,0,87,0,2,2,0,4,44,29,18,0,91,2,0,2,93
07/19/2022,MDT,PA,AEA,EN,Combined TRACON& Tower with Radar,45,27,25,12,109,0,6,27,4,37,45,33,52,16,146,0,24,24,170
07/20/2022,MDT,PA,AEA,EN,Combined TRACON& Tower with Radar,45,31,25,20,121,0,2,25,3,30,45,33,50,23,151,2,20,22,173
07/21/2022,MDT,PA,AEA,EN,Combined TRACON& Tower with Radar,52,35,19,9,115,1,2,20,13,36,53,37,39,22,151,0,14,14,165
07/22/2022,MDT,PA,AEA,EN,Combined TRACON& Tower with Radar,49,28,17,24,118,0,5,23,0,28,49,33,40,24,146,34,12,46,192
07/23/2022,MDT,PA,AEA,EN,Combined TRACON& Tower with Radar,26,22,10,2,60,0,2,15,0,17,26,24,25,2,77,0,0,0,77
07/24/2022,MDT,PA,AEA,EN,Combined TRACON& Tower with Radar,33,24,11,4,72,0,0,15,0,15,33,24,26,4,87,0,0,0,87
07/25/2022,MDT,PA,AEA,EN,Combined TRACON& Tower with Radar,50,25,12,2,89,0,3,11,6,20,50,28,23,8,109,16,0,16,125
07/26/2022,MDT,PA,AEA,EN,Combined TRACON& Tower with Radar,39,24,20,19,102,0,2,22,13,37,39,26,42,32,139,8,32,40,179
07/27/2022,MDT,PA,AEA,EN,Combined TRACON& Tower with Radar,44,22,23,7,96,0,4,19,7,30,44,26,42,14,126,24,0,24,150
07/28/2022,MDT,PA,AEA,EN,Combined TRACON& Tower with Radar,51,34,27,9,121,0,16,28,5,49,51,50,55,14,170,32,16,48,218
07/29/2022,MDT,PA,AEA,EN,Combined TRACON& Tower with Radar,40,27,18,6,91,0,3,9,2,14,40,30,27,8,105,0,0,0,105
07/30/2022,MDT,PA,AEA,EN,Combined TRACON& Tower with Radar,31,22,9,0,62,0,2,12,0,14,31,24,21,0,76,0,0,0,76
07/31/2022,MDT,PA,AEA,EN,Combined TRACON& Tower with Radar,33,28,9,0,70,0,3,9,1,13,33,31,18,1,83,6,0,6,89
08/01/2022,MDT,PA,AEA,EN,Combined TRACON& Tower with Radar,50,21,19,5,95,0,0,6,0,6,50,21,25,5,101,2,0,2,103
08/02/2022,MDT,PA,AEA,EN,Combined TRACON& Tower with Radar,43,17,26,12,98,0,0,42,4,46,43,17,68,16,144,18,50,68,212
08/03/2022,MDT,PA,AEA,EN,Combined TRACON& Tower with Radar,41,25,16,9,91,0,2,35,11,48,41,27,51,20,139,12,14,26,165
08/04/2022,MDT,PA,AEA,EN,Combined TRACON& Tower with Radar,46,26,20,39,131,0,2,12,7,21,46,28,32,46,152,4,48,52,204
08/05/2022,MDT,PA,AEA,EN,Combined TRACON& Tower with Radar,46,26,24,5,101,0,2,11,3,16,46,28,35,8,117,0,24,24,141
08/06/2022,MDT,PA,AEA,EN,Combined TRACON& Tower with Radar,27,24,5,4,60,0,0,5,0,5,27,24,10,4,65,18,0,18,83
08/07/2022,MDT,PA,AEA,EN,Combined TRACON& Tower with Radar,35,22,11,7,75,0,5,12,1,18,35,27,23,8,93,42,0,42,135
08/08/2022,MDT,PA,AEA,EN,Combined TRACON& Tower with Radar,42,25,24,12,103,0,2,26,0,28,42,27,50,12,131,0,0,0,131
08/09/2022,MDT,PA,AEA,EN,Combined TRACON& Tower with Radar,44,20,10,11,85,0,0,15,3,18,44,20,25,14,103,0,6,6,109
08/10/2022,MDT,PA,AEA,EN,Combined TRACON& Tower with Radar,43,27,15,11,96,0,3,17,6,26,43,30,32,17,122,0,6,6,128
08/11/2022,MDT,PA,AEA,EN,Combined TRACON& Tower with Radar,47,29,37,4,117,0,4,16,5,25,47,33,53,9,142,16,4,20,162
08/12/2022,MDT,PA,AEA,EN,Combined TRACON& Tower with Radar,45,30,15,11,101,0,0,23,3,26,45,30,38,14,127,24,18,42,169
08/13/2022,MDT,PA,AEA,EN,Combined TRACON& Tower with Radar,30,22,10,0,62,0,1,35,1,37,30,23,45,1,99,4,0,4,103
08/14/2022,MDT,PA,AEA,EN,Combined TRACON& Tower with Radar,32,23,14,1,70,0,0,34,1,35,32,23,48,2,105,18,0,18,123
08/15/2022,MDT,PA,AEA,EN,Combined TRACON& Tower with Radar,47,26,13,0,86,0,1,8,2,11,47,27,21,2,97,0,0,0,97
08/16/2022,MDT,PA,AEA,EN,Combined TRACON& Tower with Radar,40,28,25,17,110,0,0,15,4,19,40,28,40,21,129,2,30,32,161
08/17/2022,MDT,PA,AEA,EN,Combined TRACON& Tower with Radar,36,28,21,2,87,0,2,19,0,21,36,30,40,2,108,8,0,8,116
08/18/2022,MDT,PA,AEA,EN,Combined TRACON& Tower with Radar,44,33,20,3,100,0,4,15,2,21,44,37,35,5,121,18,0,18,139
08/19/2022,MDT,PA,AEA,EN,Combined TRACON& Tower with Radar,38,33,18,1,90,0,6,29,1,36,38,39,47,2,126,0,0,0,126
08/20/2022,MDT,PA,AEA,EN,Combined TRACON& Tower with Radar,22,22,17,0,61,0,1,29,0,30,22,23,46,0,91,2,0,2,93
08/21/2022,MDT,PA,AEA,EN,Combined TRACON& Tower with Radar,33,29,11,0,73,0,0,4,0,4,33,29,15,0,77,14,0,14,91
08/22/2022,MDT,PA,AEA,EN,Combined TRACON& Tower with Radar,37,28,21,6,92,0,0,4,1,5,37,28,25,7,97,0,8,8,105
08/23/2022,MDT,PA,AEA,EN,Combined TRACON& Tower with Radar,40,39,24,18,121,0,0,12,12,24,40,39,36,30,145,52,50,102,247
08/24/2022,MDT,PA,AEA,EN,Combined TRACON& Tower with Radar,37,33,28,13,111,0,1,38,4,43,37,34,66,17,154,52,14,66,220
08/25/2022,MDT,PA,AEA,EN,Combined TRACON& Tower with Radar,48,37,29,8,122,0,2,18,5,25,48,39,47,13,147,26,26,52,199
08/26/2022,MDT,PA,AEA,EN,Combined TRACON& Tower with Radar,38,31,10,5,84,0,0,22,0,22,38,31,32,5,106,55,4,59,165
08/27/2022,MDT,PA,AEA,EN,Combined TRACON& Tower with Radar,25,24,12,2,63,0,2,27,0,29,25,26,39,2,92,4,0,4,96
08/28/2022,MDT,PA,AEA,EN,Combined TRACON& Tower with Radar,32,32,7,0,71,0,0,13,0,13,32,32,20,0,84,16,0,16,100
08/29/2022,MDT,PA,AEA,EN,Combined TRACON& Tower with Radar,39,30,16,0,85,0,0,16,1,17,39,30,32,1,102,10,30,40,142
08/30/2022,MDT,PA,AEA,EN,Combined TRACON& Tower with Radar,43,30,18,2,93,0,0,2,3,5,43,30,20,5,98,0,0,0,98
08/31/2022,MDT,PA,AEA,EN,Combined TRACON& Tower with Radar,33,28,15,5,81,0,5,21,3,29,33,33,36,8,110,26,34,60,170
09/01/2022,MDT,PA,AEA,EN,Combined TRACON& Tower with Radar,42,31,14,19,106,0,0,41,9,50,42,31,55,28,156,66,18,84,240
09/02/2022,MDT,PA,AEA,EN,Combined TRACON& Tower with Radar,38,30,18,0,86,0,5,38,0,43,38,35,56,0,129,20,0,20,149
09/03/2022,MDT,PA,AEA,EN,Combined TRACON& Tower with Radar,22,22,7,0,51,0,0,22,2,24,22,22,29,2,75,16,0,16,91
09/04/2022,MDT,PA,AEA,EN,Combined TRACON& Tower with Radar,28,25,9,0,62,0,2,12,0,14,28,27,21,0,76,2,0,2,78
09/05/2022,MDT,PA,AEA,EN,Combined TRACON& Tower with Radar,28,22,6,2,58,0,0,2,0,2,28,22,8,2,60,0,0,0,60
09/06/2022,MDT,PA,AEA,EN,Combined TRACON& Tower with Radar,40,25,17,20,102,0,0,1,1,2,40,25,18,21,104,0,0,0,104
09/07/2022,MDT,PA,AEA,EN,Combined TRACON& Tower with Radar,36,30,25,4,95,0,0,0,0,0,36,30,25,4,95,16,0,16,111
09/08/2022,MDT,PA,AEA,EN,Combined TRACON& Tower with Radar,38,28,21,5,92,0,2,13,7,22,38,30,34,12,114,16,18,34,148
09/09/2022,MDT,PA,AEA,EN,Combined TRACON& Tower with Radar,40,28,17,1,86,0,3,11,0,14,40,31,28,1,100,26,0,26,126
09/10/2022,MDT,PA,AEA,EN,Combined TRACON& Tower with Radar,27,18,7,2,54,0,0,24,0,24,27,18,31,2,78,34,0,34,112
09/11/2022,MDT,PA,AEA,EN,Combined TRACON& Tower with Radar,33,22,13,2,70,0,2,0,0,2,33,24,13,2,72,0,0,0,72
09/12/2022,MDT,PA,AEA,EN,Combined TRACON& Tower with Radar,40,23,18,2,83,0,1,1,0,2,40,24,19,2,85,0,0,0,85
09/13/2022,MDT,PA,AEA,EN,Combined TRACON& Tower with Radar,36,32,11,13,92,0,0,5,7,12,36,32,16,20,104,16,28,44,148
09/14/2022,MDT,PA,AEA,EN,Combined TRACON& Tower with Radar,33,42,17,37,129,0,2,21,7,30,33,44,38,44,159,12,1,13,172
09/15/2022,MDT,PA,AEA,EN,Combined TRACON& Tower with Radar,43,35,16,10,104,0,0,23,2,25,43,35,39,12,129,42,16,58,187
09/16/2022,MDT,PA,AEA,EN,Combined TRACON& Tower with Radar,43,28,28,4,103,0,2,31,3,36,43,30,59,7,139,29,4,33,172
09/17/2022,MDT,PA,AEA,EN,Combined TRACON& Tower with Radar,26,19,7,2,54,0,5,30,9,44,26,24,37,11,98,0,0,0,98
09/18/2022,MDT,PA,AEA,EN,Combined TRACON& Tower with Radar,32,23,9,1,65,0,4,32,0,36,32,27,41,1,101,10,0,10,111
09/19/2022,MDT,PA,AEA,EN,Combined TRACON& Tower with Radar,47,35,15,4,101,0,2,19,0,21,47,37,34,4,122,22,0,22,144
09/20/2022,MDT,PA,AEA,EN,Combined TRACON& Tower with Radar,36,28,18,12,94,0,1,25,10,36,36,29,43,22,130,58,14,72,202
09/21/2022,MDT,PA,AEA,EN,Combined TRACON& Tower with Radar,32,42,29,6,109,0,0,30,2,32,32,42,59,8,141,12,14,26,167
09/22/2022,MDT,PA,AEA,EN,Combined TRACON& Tower with Radar,42,30,21,9,102,0,2,9,5,16,42,32,30,14,118,0,28,28,146
09/23/2022,MDT,PA,AEA,EN,Combined TRACON& Tower with Radar,43,35,16,2,96,0,0,8,4,12,43,35,24,6,108,0,14,14,122
09/24/2022,MDT,PA,AEA,EN,Combined TRACON& Tower with Radar,28,23,18,0,69,0,2,37,3,42,28,25,55,3,111,26,0,26,137
09/25/2022,MDT,PA,AEA,EN,Combined TRACON& Tower with Radar,33,31,14,2,80,0,0,9,0,9,33,31,23,2,89,4,0,4,93
09/26/2022,MDT,PA,AEA,EN,Combined TRACON& Tower with Radar,41,28,19,4,92,0,0,14,1,15,41,28,33,5,107,4,14,18,125
09/27/2022,MDT,PA,AEA,EN,Combined TRACON& Tower with Radar,36,31,11,2,80,0,3,11,2,16,36,34,22,4,96,2,0,2,98
09/28/2022,MDT,PA,AEA,EN,Combined TRACON& Tower with Radar,32,33,29,8,102,0,0,16,2,18,32,33,45,10,120,24,6,30,150
09/29/2022,MDT,PA,AEA,EN,Combined TRACON& Tower with Radar,38,36,21,12,107,0,0,20,1,21,38,36,41,13,128,30,20,50,178
09/30/2022,MDT,PA,AEA,EN,Combined TRACON& Tower with Radar,34,26,13,1,74,0,0,11,0,11,34,26,24,1,85,10,0,10,95
10/01/2022,MDT,PA,AEA,EN,Combined TRACON& Tower with Radar,26,26,11,0,63,0,0,0,0,0,26,26,11,0,63,0,0,0,63
10/02/2022,MDT,PA,AEA,EN,Combined TRACON& Tower with Radar,29,24,5,1,59,0,0,0,0,0,29,24,5,1,59,0,0,0,59
10/03/2022,MDT,PA,AEA,EN,Combined TRACON& Tower with Radar,41,39,22,4,106,0,3,3,0,6,41,42,25,4,112,0,0,0,112
10/04/2022,MDT,PA,AEA,EN,Combined TRACON& Tower with Radar,34,36,17,10,97,1,0,1,0,2,35,36,18,10,99,0,0,0,99
10/05/2022,MDT,PA,AEA,EN,Combined TRACON& Tower with Radar,36,37,31,12,116,0,6,9,5,20,36,43,40,17,136,14,8,22,158
10/06/2022,MDT,PA,AEA,EN,Combined TRACON& Tower with Radar,42,36,34,6,118,0,2,37,2,41,42,38,71,8,159,24,28,52,211
10/07/2022,MDT,PA,AEA,EN,Combined TRACON& Tower with Radar,37,33,24,2,96,0,0,28,0,28,37,33,52,2,124,30,0,30,154
10/08/2022,MDT,PA,AEA,EN,Combined TRACON& Tower with Radar,24,26,7,0,57,0,0,20,0,20,24,26,27,0,77,6,0,6,83
10/09/2022,MDT,PA,AEA,EN,Combined TRACON& Tower with Radar,32,23,20,0,75,0,1,15,0,16,32,24,35,0,91,0,0,0,91
10/10/2022,MDT,PA,AEA,EN,Combined TRACON& Tower with Radar,45,24,16,1,86,0,0,17,3,20,45,24,33,4,106,2,0,2,108
10/11/2022,MDT,PA,AEA,EN,Combined TRACON& Tower with Radar,37,33,19,5,94,0,4,29,2,35,37,37,48,7,129,32,0,32,161
10/12/2022,MDT,PA,AEA,EN,Combined TRACON& Tower with Radar,38,38,24,5,105,0,0,29,2,31,38,38,53,7,136,24,20,44,180
10/13/2022,MDT,PA,AEA,EN,Combined TRACON& Tower with Radar,42,38,21,2,103,0,0,0,0,0,42,38,21,2,103,0,0,0,103
10/14/2022,MDT,PA,AEA,EN,Combined TRACON& Tower with Radar,37,35,39,5,116,0,0,27,3,30,37,35,66,8,146,4,0,4,150
10/15/2022,MDT,PA,AEA,EN,Combined TRACON& Tower with Radar,25,25,19,0,69,0,3,22,1,26,25,28,41,1,95,0,0,0,95
10/16/2022,MDT,PA,AEA,EN,Combined TRACON& Tower with Radar,29,33,21,0,83,0,2,19,0,21,29,35,40,0,104,0,0,0,104
10/17/2022,MDT,PA,AEA,EN,Combined TRACON& Tower with Radar,41,33,28,0,102,0,6,9,0,15,41,39,37,0,117,2,0,2,119
10/18/2022,MDT,PA,AEA,EN,Combined TRACON& Tower with Radar,37,26,26,6,95,0,2,16,6,24,37,28,42,12,119,90,20,110,229
10/19/2022,MDT,PA,AEA,EN,Combined TRACON& Tower with Radar,36,34,16,4,90,0,0,14,2,16,36,34,30,6,106,0,0,0,106
10/20/2022,MDT,PA,AEA,EN,Combined TRACON& Tower with Radar,40,42,25,6,113,0,1,9,5,15,40,43,34,11,128,30,2,32,160
10/21/2022,MDT,PA,AEA,EN,Combined TRACON& Tower with Radar,37,29,18,1,85,0,0,24,1,25,37,29,42,2,110,0,0,0,110
10/22/2022,MDT,PA,AEA,EN,Combined TRACON& Tower with Radar,24,26,9,1,60,0,2,33,5,40,24,28,42,6,100,2,4,6,106
10/23/2022,MDT,PA,AEA,EN,Combined TRACON& Tower with Radar,31,26,27,2,86,0,0,2,0,2,31,26,29,2,88,18,0,18,106
10/24/2022,MDT,PA,AEA,EN,Combined TRACON& Tower with Radar,40,31,18,0,89,0,0,0,2,2,40,31,18,2,91,0,0,0,91
10/25/2022,MDT,PA,AEA,EN,Combined TRACON& Tower with Radar,32,25,32,21,110,0,0,0,0,0,32,25,32,21,110,0,0,0,110
10/26/2022,MDT,PA,AEA,EN,Combined TRACON& Tower with Radar,36,32,20,14,102,0,5,5,2,12,36,37,25,16,114,0,24,24,138
10/27/2022,MDT,PA,AEA,EN,Combined TRACON& Tower with Radar,42,38,26,7,113,0,5,15,5,25,42,43,41,12,138,2,12,14,152
10/28/2022,MDT,PA,AEA,EN,Combined TRACON& Tower with Radar,38,32,15,6,91,0,3,34,0,37,38,35,49,6,128,26,0,26,154
10/29/2022,MDT,PA,AEA,EN,Combined TRACON& Tower with Radar,23,26,10,0,59,0,0,22,0,22,23,26,32,0,81,16,0,16,97
10/30/2022,MDT,PA,AEA,EN,Combined TRACON& Tower with Radar,33,23,16,0,72,0,0,16,0,16,33,23,32,0,88,8,0,8,96
10/31/2022,MDT,PA,AEA,EN,Combined TRACON& Tower with Radar,38,22,18,0,78,0,0,0,2,2,38,22,18,2,80,0,0,0,80
11/01/2022,MDT,PA,AEA,EN,Combined TRACON& Tower with Radar,36,28,22,12,98,0,0,14,6,20,36,28,36,18,118,4,16,20,138
11/02/2022,MDT,PA,AEA,EN,Combined TRACON& Tower with Radar,40,29,14,7,90,0,4,35,6,45,40,33,49,13,135,6,22,28,163
11/03/2022,MDT,PA,AEA,EN,Combined TRACON& Tower with Radar,43,27,19,8,97,0,1,23,8,32,43,28,42,16,129,10,10,20,149
11/04/2022,MDT,PA,AEA,EN,Combined TRACON& Tower with Radar,56,26,15,4,101,0,0,16,2,18,56,26,31,6,119,16,20,36,155
11/05/2022,MDT,PA,AEA,EN,Combined TRACON& Tower with Radar,27,12,11,4,54,0,0,11,2,13,27,12,22,6,67,0,0,0,67
11/06/2022,MDT,PA,AEA,EN,Combined TRACON& Tower with Radar,33,17,10,10,70,0,0,3,0,3,33,17,13,10,73,0,4,4,77
11/07/2022,MDT,PA,AEA,EN,Combined TRACON& Tower with Radar,46,21,24,4,95,0,3,23,2,28,46,24,47,6,123,20,16,36,159
11/08/2022,MDT,PA,AEA,EN,Combined TRACON& Tower with Radar,40,21,17,2,80,0,5,21,2,28,40,26,38,4,108,44,28,72,180
11/09/2022,MDT,PA,AEA,EN,Combined TRACON& Tower with Radar,42,35,14,3,94,0,4,24,7,35,42,39,38,10,129,36,22,58,187
11/10/2022,MDT,PA,AEA,EN,Combined TRACON& Tower with Radar,41,29,15,3,88,0,0,39,2,41,41,29,54,5,129,40,0,40,169
11/11/2022,MDT,PA,AEA,EN,Combined TRACON& Tower with Radar,42,24,10,2,78,0,0,0,0,0,42,24,10,2,78,0,0,0,78
11/12/2022,MDT,PA,AEA,EN,Combined TRACON& Tower with Radar,32,16,12,0,60,0,2,7,0,9,32,18,19,0,69,14,0,14,83
11/13/2022,MDT,PA,AEA,EN,Combined TRACON& Tower with Radar,33,19,9,0,61,0,0,4,1,5,33,19,13,1,66,0,0,0,66
11/14/2022,MDT,PA,AEA,EN,Combined TRACON& Tower with Radar,48,20,14,18,100,0,0,19,3,22,48,20,33,21,122,20,16,36,158
11/15/2022,MDT,PA,AEA,EN,Combined TRACON& Tower with Radar,40,21,13,4,78,0,0,9,0,9,40,21,22,4,87,0,0,0,87
11/16/2022,MDT,PA,AEA,EN,Combined TRACON& Tower with Radar,44,28,18,32,122,0,2,9,6,17,44,30,27,38,139,12,20,32,171
11/17/2022,MDT,PA,AEA,EN,Combined TRACON& Tower with Radar,46,27,21,4,98,0,0,7,0,7,46,27,28,4,105,0,0,0,105
11/18/2022,MDT,PA,AEA,EN,Combined TRACON& Tower with Radar,42,24,23,0,89,0,0,11,1,12,42,24,34,1,101,2,0,2,103
11/19/2022,MDT,PA,AEA,EN,Combined TRACON& Tower with Radar,34,12,11,0,57,0,0,37,3,40,34,12,48,3,97,32,0,32,129
11/20/2022,MDT,PA,AEA,EN,Combined TRACON& Tower with Radar,37,20,4,0,61,0,0,13,7,20,37,20,17,7,81,0,0,0,81
11/21/2022,MDT,PA,AEA,EN,Combined TRACON& Tower with Radar,49,18,22,5,94,0,1,13,2,16,49,19,35,7,110,10,18,28,138
11/22/2022,MDT,PA,AEA,EN,Combined TRACON& Tower with Radar,52,26,24,6,108,0,3,36,4,43,52,29,60,10,151,10,8,18,169
11/23/2022,MDT,PA,AEA,EN,Combined TRACON& Tower with Radar,50,25,20,2,97,0,2,29,0,31,50,27,49,2,128,10,4,14,142
11/24/2022,MDT,PA,AEA,EN,Combined TRACON& Tower with Radar,18,6,4,0,28,0,0,15,2,17,18,6,19,2,45,0,0,0,45
11/25/2022,MDT,PA,AEA,EN,Combined TRACON& Tower with Radar,41,20,6,0,67,0,0,3,0,3,41,20,9,0,70,6,0,6,76
11/26/2022,MDT,PA,AEA,EN,Combined TRACON& Tower with Radar,35,16,8,0,59,0,2,22,0,24,35,18,30,0,83,28,0,28,111
11/27/2022,MDT,PA,AEA,EN,Combined TRACON& Tower with Radar,34,25,15,0,74,0,0,3,0,3,34,25,18,0,77,14,0,14,91
11/28/2022,MDT,PA,AEA,EN,Combined TRACON& Tower with Radar,56,20,16,0,92,0,2,8,0,10,56,22,24,0,102,0,0,0,102
11/29/2022,MDT,PA,AEA,EN,Combined TRACON& Tower with Radar,48,27,21,16,112,0,0,23,2,25,48,27,44,18,137,42,20,62,199
11/30/2022,MDT,PA,AEA,EN,Combined TRACON& Tower with Radar,47,27,19,11,104,0,0,3,1,4,47,27,22,12,108,0,0,0,108
12/01/2022,MDT,PA,AEA,EN,Combined TRACON& Tower with Radar,52,17,24,14,107,0,0,13,15,28,52,17,37,29,135,0,4,4,139
12/02/2022,MDT,PA,AEA,EN,Combined TRACON& Tower with Radar,51,23,15,13,102,0,3,24,6,33,51,26,39,19,135,8,20,28,163
12/03/2022,MDT,PA,AEA,EN,Combined TRACON& Tower with Radar,32,13,4,0,49,0,0,5,0,5,32,13,9,0,54,0,0,0,54
12/04/2022,MDT,PA,AEA,EN,Combined TRACON& Tower with Radar,38,11,11,0,60,0,0,24,0,24,38,11,35,0,84,24,0,24,108
12/05/2022,MDT,PA,AEA,EN,Combined TRACON& Tower with Radar,49,24,29,0,102,0,6,25,0,31,49,30,54,0,133,0,0,0,133
12/06/2022,MDT,PA,AEA,EN,Combined TRACON& Tower with Radar,53,28,15,3,99,0,2,0,0,2,53,30,15,3,101,0,0,0,101
12/07/2022,MDT,PA,AEA,EN,Combined TRACON& Tower with Radar,47,21,22,0,90,1,0,0,0,1,48,21,22,0,91,0,0,0,91
12/08/2022,MDT,PA,AEA,EN,Combined TRACON& Tower with Radar,52,30,13,8,103,0,5,18,4,27,52,35,31,12,130,6,6,12,142
12/09/2022,MDT,PA,AEA,EN,Combined TRACON& Tower with Radar,53,21,23,11,108,0,2,35,2,39,53,23,58,13,147,40,28,68,215
12/10/2022,MDT,PA,AEA,EN,Combined TRACON& Tower with Radar,31,14,6,0,51,0,0,24,0,24,31,14,30,0,75,86,0,86,161
12/11/2022,MDT,PA,AEA,EN,Combined TRACON& Tower with Radar,39,11,9,0,59,0,0,0,0,0,39,11,9,0,59,0,0,0,59
12/12/2022,MDT,PA,AEA,EN,Combined TRACON& Tower with Radar,50,20,14,4,88,0,0,8,1,9,50,20,22,5,97,24,0,24,121
12/13/2022,MDT,PA,AEA,EN,Combined TRACON& Tower with Radar,52,20,36,6,114,0,2,34,3,39,52,22,70,9,153,6,0,6,159
12/14/2022,MDT,PA,AEA,EN,Combined TRACON& Tower with Radar,50,19,28,4,101,0,0,28,2,30,50,19,56,6,131,0,0,0,131
12/15/2022,MDT,PA,AEA,EN,Combined TRACON& Tower with Radar,47,26,5,0,78,0,0,0,0,0,47,26,5,0,78,0,0,0,78
12/16/2022,MDT,PA,AEA,EN,Combined TRACON& Tower with Radar,52,24,21,1,98,0,2,2,0,4,52,26,23,1,102,0,0,0,102
12/17/2022,MDT,PA,AEA,EN,Combined TRACON& Tower with Radar,47,15,8,0,70,0,0,15,0,15,47,15,23,0,85,30,0,30,115
12/18/2022,MDT,PA,AEA,EN,Combined TRACON& Tower with Radar,34,17,5,0,56,0,2,9,0,11,34,19,14,0,67,18,0,18,85
12/19/2022,MDT,PA,AEA,EN,Combined TRACON& Tower with Radar,51,23,14,6,94,0,8,33,0,41,51,31,47,6,135,50,22,72,207
12/20/2022,MDT,PA,AEA,EN,Combined TRACON& Tower with Radar,51,24,14,25,114,0,0,29,4,33,51,24,43,29,147,18,20,38,185
12/21/2022,MDT,PA,AEA,EN,Combined TRACON& Tower with Radar,61,25,17,3,106,0,0,25,4,29,61,25,42,7,135,28,0,28,163
12/22/2022,MDT,PA,AEA,EN,Combined TRACON& Tower with Radar,51,23,13,1,88,0,0,0,0,0,51,23,13,1,88,0,0,0,88
12/23/2022,MDT,PA,AEA,EN,Combined TRACON& Tower with Radar,33,15,5,0,53,0,0,0,0,0,33,15,5,0,53,0,0,0,53
12/24/2022,MDT,PA,AEA,EN,Combined TRACON& Tower with Radar,34,12,2,0,48,0,2,2,0,4,34,14,4,0,52,0,0,0,52
12/25/2022,MDT,PA,AEA,EN,Combined TRACON& Tower with Radar,22,14,1,0,37,0,3,2,0,5,22,17,3,0,42,0,0,0,42
12/26/2022,MDT,PA,AEA,EN,Combined TRACON& Tower with Radar,33,21,11,1,66,0,2,13,1,16,33,23,24,2,82,0,0,0,82
12/27/2022,MDT,PA,AEA,EN,Combined TRACON& Tower with Radar,55,21,25,4,105,0,1,36,0,37,55,22,61,4,142,18,0,18,160
12/28/2022,MDT,PA,AEA,EN,Combined TRACON& Tower with Radar,51,24,11,3,89,0,1,25,0,26,51,25,36,3,115,20,0,20,135
12/29/2022,MDT,PA,AEA,EN,Combined TRACON& Tower with Radar,46,30,19,4,99,0,2,26,8,36,46,32,45,12,135,14,6,20,155
12/30/2022,MDT,PA,AEA,EN,Combined TRACON& Tower with Radar,51,33,11,2,97,0,0,33,0,33,51,33,44,2,130,32,0,32,162
12/31/2022,MDT,PA,AEA,EN,Combined TRACON& Tower with Radar,34,16,8,0,58,0,0,0,0,0,34,16,8,0,58,0,0,0,58
01/01/2023,MDT,PA,AEA,EN,Combined TRACON& Tower with Radar,28,15,11,0,54,0,2,15,0,17,28,17,26,0,71,42,0,42,113
01/02/2023,MDT,PA,AEA,EN,Combined TRACON& Tower with Radar,28,18,9,2,57,0,0,6,0,6,28,18,15,2,63,0,0,0,63
01/03/2023,MDT,PA,AEA,EN,Combined TRACON& Tower with Radar,49,14,23,2,88,0,0,0,0,0,49,14,23,2,88,0,0,0,88
01/04/2023,MDT,PA,AEA,EN,Combined TRACON& Tower with Radar,35,22,18,12,87,0,0,1,0,1,35,22,19,12,88,0,32,32,120
01/05/2023,MDT,PA,AEA,EN,Combined TRACON& Tower with Radar,40,22,11,7,80,0,0,30,13,43,40,22,41,20,123,30,22,52,175
01/06/2023,MDT,PA,AEA,EN,Combined TRACON& Tower with Radar,37,22,10,4,73,0,0,9,4,13,37,22,19,8,86,24,0,24,110
01/07/2023,MDT,PA,AEA,EN,Combined TRACON& Tower with Radar,28,13,8,2,51,0,2,26,4,32,28,15,34,6,83,48,0,48,131
01/08/2023,MDT,PA,AEA,EN,Combined TRACON& Tower with Radar,27,18,8,3,56,0,0,47,1,48,27,18,55,4,104,88,0,88,192
01/09/2023,MDT,PA,AEA,EN,Combined TRACON& Tower with Radar,44,27,9,0,80,0,2,16,2,20,44,29,25,2,100,26,0,26,126
01/10/2023,MDT,PA,AEA,EN,Combined TRACON& Tower with Radar,35,23,21,15,94,0,0,22,1,23,35,23,43,16,117,16,16,32,149
01/11/2023,MDT,PA,AEA,EN,Combined TRACON& Tower with Radar,37,27,19,3,86,0,9,16,2,27,37,36,35,5,113,12,28,40,153
01/12/2023,MDT,PA,AEA,EN,Combined TRACON& Tower with Radar,40,27,16,2,85,0,0,0,0,0,40,27,16,2,85,0,0,0,85
01/13/2023,MDT,PA,AEA,EN,Combined TRACON& Tower with Radar,45,29,12,0,86,0,0,0,1,1,45,29,12,1,87,14,14,28,115
01/14/2023,MDT,PA,AEA,EN,Combined TRACON& Tower with Radar,24,19,8,6,57,0,0,5,0,5,24,19,13,6,62,0,0,0,62
01/15/2023,MDT,PA,AEA,EN,Combined TRACON& Tower with Radar,29,14,10,0,53,0,0,17,0,17,29,14,27,0,70,44,0,44,114
01/16/2023,MDT,PA,AEA,EN,Combined TRACON& Tower with Radar,41,31,24,0,96,0,2,33,0,35,41,33,57,0,131,40,0,40,171
01/17/2023,MDT,PA,AEA,EN,Combined TRACON& Tower with Radar,43,23,24,12,102,0,0,9,7,16,43,23,33,19,118,8,22,30,148
01/18/2023,MDT,PA,AEA,EN,Combined TRACON& Tower with Radar,40,34,14,23,111,0,4,13,4,21,40,38,27,27,132,16,14,30,162
01/19/2023,MDT,PA,AEA,EN,Combined TRACON& Tower with Radar,41,21,13,1,76,0,0,0,0,0,41,21,13,1,76,0,0,0,76
01/20/2023,MDT,PA,AEA,EN,Combined TRACON& Tower with Radar,44,24,17,9,94,0,0,11,0,11,44,24,28,9,105,2,0,2,107
01/21/2023,MDT,PA,AEA,EN,Combined TRACON& Tower with Radar,26,15,6,0,47,0,2,24,0,26,26,17,30,0,73,12,0,12,85
01/22/2023,MDT,PA,AEA,EN,Combined TRACON& Tower with Radar,33,12,10,2,57,0,0,13,0,13,33,12,23,2,70,8,0,8,78
01/23/2023,MDT,PA,AEA,EN,Combined TRACON& Tower with Radar,40,19,16,2,77,0,0,0,0,0,40,19,16,2,77,0,0,0,77
01/24/2023,MDT,PA,AEA,EN,Combined TRACON& Tower with Radar,34,23,17,18,92,0,0,30,6,36,34,23,47,24,128,38,6,44,172
01/25/2023,MDT,PA,AEA,EN,Combined TRACON& Tower with Radar,36,22,9,0,67,0,2,0,0,2,36,24,9,0,69,0,0,0,69
01/26/2023,MDT,PA,AEA,EN,Combined TRACON& Tower with Radar,38,33,11,8,90,0,6,5,5,16,38,39,16,13,106,0,0,0,106
01/27/2023,MDT,PA,AEA,EN,Combined TRACON& Tower with Radar,39,26,21,2,88,0,0,27,2,29,39,26,48,4,117,54,0,54,171
01/28/2023,MDT,PA,AEA,EN,Combined TRACON& Tower with Radar,25,15,20,1,61,0,0,25,0,25,25,15,45,1,86,30,0,30,116
01/29/2023,MDT,PA,AEA,EN,Combined TRACON& Tower with Radar,32,14,12,0,58,0,2,21,0,23,32,16,33,0,81,4,0,4,85
01/30/2023,MDT,PA,AEA,EN,Combined TRACON& Tower with Radar,43,21,14,3,81,0,0,21,2,23,43,21,35,5,104,6,0,6,110
01/31/2023,MDT,PA,AEA,EN,Combined TRACON& Tower with Radar,32,23,16,4,75,0,0,10,0,10,32,23,26,4,85,2,0,2,87
02/01/2023,MDT,PA,AEA,EN,Combined TRACON& Tower with Radar,38,21,30,9,98,0,0,23,6,29,38,21,53,15,127,20,14,34,161
02/02/2023,MDT,PA,AEA,EN,Combined TRACON& Tower with Radar,40,21,23,12,96,0,2,42,8,52,40,23,65,20,148,6,32,38,186
02/03/2023,MDT,PA,AEA,EN,Combined TRACON& Tower with Radar,43,18,15,6,82,0,4,1,0,5,43,22,16,6,87,0,0,0,87
02/04/2023,MDT,PA,AEA,EN,Combined TRACON& Tower with Radar,27,16,7,0,50,0,2,32,4,38,27,18,39,4,88,8,0,8,96
02/05/2023,MDT,PA,AEA,EN,Combined TRACON& Tower with Radar,32,14,4,4,54,0,2,26,2,30,32,16,30,6,84,16,4,20,104
02/06/2023,MDT,PA,AEA,EN,Combined TRACON& Tower with Radar,47,19,8,15,89,0,0,18,0,18,47,19,26,15,107,4,0,4,111
02/07/2023,MDT,PA,AEA,EN,Combined TRACON& Tower with Radar,35,23,24,6,88,0,2,30,1,33,35,25,54,7,121,32,0,32,153
02/08/2023,MDT,PA,AEA,EN,Combined TRACON& Tower with Radar,45,28,17,9,99,0,0,23,11,34,45,28,40,20,133,0,22,22,155
02/09/2023,MDT,PA,AEA,EN,Combined TRACON& Tower with Radar,42,30,12,3,87,0,0,5,3,8,42,30,17,6,95,0,0,0,95
02/10/2023,MDT,PA,AEA,EN,Combined TRACON& Tower with Radar,43,26,10,6,85,0,3,8,0,11,43,29,18,6,96,12,0,12,108
02/11/2023,MDT,PA,AEA,EN,Combined TRACON& Tower with Radar,26,17,19,0,62,0,0,39,2,41,26,17,58,2,103,52,0,52,155
02/12/2023,MDT,PA,AEA,EN,Combined TRACON& Tower with Radar,30,17,8,0,55,0,3,30,0,33,30,20,38,0,88,10,0,10,98
02/13/2023,MDT,PA,AEA,EN,Combined TRACON& Tower with Radar,45,23,13,3,84,0,1,14,0,15,45,24,27,3,99,8,0,8,107
02/14/2023,MDT,PA,AEA,EN,Combined TRACON& Tower with Radar,36,22,12,3,73,0,0,17,1,18,36,22,29,4,91,42,0,42,133
02/15/2023,MDT,PA,AEA,EN,Combined TRACON& Tower with Radar,45,25,20,20,110,0,1,19,10,30,45,26,39,30,140,6,2,8,148
02/16/2023,MDT,PA,AEA,EN,Combined TRACON& Tower with Radar,44,23,14,6,87,0,2,10,4,16,44,25,24,10,103,22,8,30,133
02/17/2023,MDT,PA,AEA,EN,Combined TRACON& Tower with Radar,43,21,8,4,76,0,1,1,0,2,43,22,9,4,78,0,0,0,78
02/18/2023,MDT,PA,AEA,EN,Combined TRACON& Tower with Radar,27,15,14,0,56,0,0,16,0,16,27,15,30,0,72,50,0,50,122
02/19/2023,MDT,PA,AEA,EN,Combined TRACON& Tower with Radar,32,20,9,0,61,0,2,25,0,27,32,22,34,0,88,68,0,68,156
02/20/2023,MDT,PA,AEA,EN,Combined TRACON& Tower with Radar,42,27,27,0,96,0,2,20,0,22,42,29,47,0,118,6,0,6,124
02/21/2023,MDT,PA,AEA,EN,Combined TRACON& Tower with Radar,50,22,19,2,93,0,4,3,2,9,50,26,22,4,102,0,0,0,102
02/22/2023,MDT,PA,AEA,EN,Combined TRACON& Tower with Radar,40,30,31,2,103,0,1,9,1,11,40,31,40,3,114,4,16,20,134
02/23/2023,MDT,PA,AEA,EN,Combined TRACON& Tower with Radar,50,27,25,5,107,0,2,12,2,16,50,29,37,7,123,0,20,20,143
02/24/2023,MDT,PA,AEA,EN,Combined TRACON& Tower with Radar,44,24,19,2,89,0,3,7,1,11,44,27,26,3,100,30,0,30,130
02/25/2023,MDT,PA,AEA,EN,Combined TRACON& Tower with Radar,29,16,3,1,49,0,0,23,1,24,29,16,26,2,73,42,0,42,115
02/26/2023,MDT,PA,AEA,EN,Combined TRACON& Tower with Radar,36,18,7,4,65,0,2,20,0,22,36,20,27,4,87,2,0,2,89
02/27/2023,MDT,PA,AEA,EN,Combined TRACON& Tower with Radar,40,19,14,4,77,0,0,24,0,24,40,19,38,4,101,30,0,30,131
02/28/2023,MDT,PA,AEA,EN,Combined TRACON& Tower with Radar,38,19,17,6,80,0,2,3,1,6,38,21,20,7,86,0,0,0,86
03/01/2023,MDT,PA,AEA,EN,Combined TRACON& Tower with Radar,43,28,17,4,92,0,5,30,3,38,43,33,47,7,130,12,8,20,150
03/02/2023,MDT,PA,AEA,EN,Combined TRACON& Tower with Radar,47,22,29,14,112,0,4,16,6,26,47,26,45,20,138,0,12,12,150
03/03/2023,MDT,PA,AEA,EN,Combined TRACON& Tower with Radar,39,31,6,2,78,0,2,9,0,11,39,33,15,2,89,0,0,0,89
03/04/2023,MDT,PA,AEA,EN,Combined TRACON& Tower with Radar,29,22,4,2,57,0,0,2,1,3,29,22,6,3,60,0,8,8,68
03/05/2023,MDT,PA,AEA,EN,Combined TRACON& Tower with Radar,34,16,19,0,69,0,2,33,0,35,34,18,52,0,104,50,0,50,154
03/06/2023,MDT,PA,AEA,EN,Combined TRACON& Tower with Radar,44,30,21,7,102,0,5,44,1,50,44,35,65,8,152,80,0,80,232
03/07/2023,MDT,PA,AEA,EN,Combined TRACON& Tower with Radar,41,19,9,11,80,0,0,7,3,10,41,19,16,14,90,0,0,0,90
03/08/2023,MDT,PA,AEA,EN,Combined TRACON& Tower with Radar,42,32,13,13,100,0,7,10,13,30,42,39,23,26,130,34,16,50,180
03/09/2023,MDT,PA,AEA,EN,Combined TRACON& Tower with Radar,46,28,33,5,112,0,0,31,5,36,46,28,64,10,148,42,0,42,190
03/10/2023,MDT,PA,AEA,EN,Combined TRACON& Tower with Radar,43,26,8,0,77,0,0,0,0,0,43,26,8,0,77,0,0,0,77
03/11/2023,MDT,PA,AEA,EN,Combined TRACON& Tower with Radar,28,19,6,0,53,0,2,6,0,8,28,21,12,0,61,12,0,12,73
03/12/2023,MDT,PA,AEA,EN,Combined TRACON& Tower with Radar,35,29,15,0,79,0,4,32,0,36,35,33,47,0,115,78,0,78,193
03/13/2023,MDT,PA,AEA,EN,Combined TRACON& Tower with Radar,44,26,10,12,92,0,2,1,0,3,44,28,11,12,95,0,0,0,95
03/14/2023,MDT,PA,AEA,EN,Combined TRACON& Tower with Radar,38,18,17,5,78,0,4,2,3,9,38,22,19,8,87,0,0,0,87
03/15/2023,MDT,PA,AEA,EN,Combined TRACON& Tower with Radar,44,22,17,1,84,0,3,1,6,10,44,25,18,7,94,0,16,16,110
03/16/2023,MDT,PA,AEA,EN,Combined TRACON& Tower with Radar,46,26,29,10,111,0,3,52,8,63,46,29,81,18,174,112,16,128,302
03/17/2023,MDT,PA,AEA,EN,Combined TRACON& Tower with Radar,42,31,18,3,94,0,3,2,0,5,42,34,20,3,99,0,4,4,103
03/18/2023,MDT,PA,AEA,EN,Combined TRACON& Tower with Radar,28,24,11,0,63,0,0,13,0,13,28,24,24,0,76,0,0,0,76
03/19/2023,MDT,PA,AEA,EN,Combined TRACON& Tower with Radar,35,22,7,2,66,0,0,9,0,9,35,22,16,2,75,0,0,0,75
03/20/2023,MDT,PA,AEA,EN,Combined TRACON& Tower with Radar,44,36,27,9,116,0,6,37,0,43,44,42,64,9,159,54,0,54,213
03/21/2023,MDT,PA,AEA,EN,Combined TRACON& Tower with Radar,43,26,21,5,95,0,6,39,1,46,43,32,60,6,141,74,2,76,217
03/22/2023,MDT,PA,AEA,EN,Combined TRACON& Tower with Radar,41,27,17,8,93,0,4,33,6,43,41,31,50,14,136,38,10,48,184
03/23/2023,MDT,PA,AEA,EN,Combined TRACON& Tower with Radar,47,34,13,6,100,0,4,5,4,13,47,38,18,10,113,10,0,10,123
03/24/2023,MDT,PA,AEA,EN,Combined TRACON& Tower with Radar,40,23,20,0,83,0,0,7,0,7,40,23,27,0,90,26,0,26,116
03/25/2023,MDT,PA,AEA,EN,Combined TRACON& Tower with Radar,29,12,13,2,56,0,0,0,0,0,29,12,13,2,56,0,0,0,56
03/26/2023,MDT,PA,AEA,EN,Combined TRACON& Tower with Radar,35,25,6,0,66,0,3,20,0,23,35,28,26,0,89,26,0,26,115
03/27/2023,MDT,PA,AEA,EN,Combined TRACON& Tower with Radar,46,26,17,6,95,0,0,13,2,15,46,26,30,8,110,4,0,4,114
03/28/2023,MDT,PA,AEA,EN,Combined TRACON& Tower with Radar,40,24,24,3,91,0,5,26,0,31,40,29,50,3,122,68,0,68,190
03/29/2023,MDT,PA,AEA,EN,Combined TRACON& Tower with Radar,42,35,18,3,98,0,7,23,7,37,42,42,41,10,135,26,10,36,171
03/30/2023,MDT,PA,AEA,EN,Combined TRACON& Tower with Radar,45,31,16,21,113,0,3,39,6,48,45,34,55,27,161,60,42,102,263
03/31/2023,MDT,PA,AEA,EN,Combined TRACON& Tower with Radar,40,23,23,1,87,0,0,6,3,9,40,23,29,4,96,18,0,18,114
04/01/2023,MDT,PA,AEA,EN,Combined TRACON& Tower with Radar,24,19,8,0,51,0,0,2,0,2,24,19,10,0,53,0,0,0,53
04/02/2023,MDT,PA,AEA,EN,Combined TRACON& Tower with Radar,39,20,9,3,71,0,0,8,0,8,39,20,17,3,79,6,0,6,85
04/03/2023,MDT,PA,AEA,EN,Combined TRACON& Tower with Radar,40,26,11,2,79,0,6,9,0,15,40,32,20,2,94,24,0,24,118
04/04/2023,MDT,PA,AEA,EN,Combined TRACON& Tower with Radar,40,20,17,29,106,0,14,28,1,43,40,34,45,30,149,16,32,48,197
04/05/2023,MDT,PA,AEA,EN,Combined TRACON& Tower with Radar,42,36,22,32,132,0,4,4,0,8,42,40,26,32,140,0,30,30,170
04/06/2023,MDT,PA,AEA,EN,Combined TRACON& Tower with Radar,51,26,23,15,115,0,0,6,0,6,51,26,29,15,121,1,0,1,122
04/07/2023,MDT,PA,AEA,EN,Combined TRACON& Tower with Radar,40,23,27,4,94,0,5,29,4,38,40,28,56,8,132,20,0,20,152
04/08/2023,MDT,PA,AEA,EN,Combined TRACON& Tower with Radar,30,15,13,11,69,2,5,41,1,49,32,20,54,12,118,14,12,26,144
04/09/2023,MDT,PA,AEA,EN,Combined TRACON& Tower with Radar,36,18,9,0,63,0,2,21,0,23,36,20,30,0,86,2,0,2,88
04/10/2023,MDT,PA,AEA,EN,Combined TRACON& Tower with Radar,45,21,9,2,77,0,12,26,2,40,45,33,35,4,117,44,0,44,161
04/11/2023,MDT,PA,AEA,EN,Combined TRACON& Tower with Radar,40,27,20,4,91,0,4,20,6,30,40,31,40,10,121,4,6,10,131
04/12/2023,MDT,PA,AEA,EN,Combined TRACON& Tower with Radar,42,24,12,5,83,0,5,17,7,29,42,29,29,12,112,0,0,0,112
04/13/2023,MDT,PA,AEA,EN,Combined TRACON& Tower with Radar,45,32,22,12,111,0,2,19,3,24,45,34,41,15,135,0,24,24,159
04/14/2023,MDT,PA,AEA,EN,Combined TRACON& Tower with Radar,41,26,20,15,102,0,7,31,6,44,41,33,51,21,146,24,0,24,170
04/15/2023,MDT,PA,AEA,EN,Combined TRACON& Tower with Radar,26,18,11,0,55,0,0,2,0,2,26,18,13,0,57,12,0,12,69
04/16/2023,MDT,PA,AEA,EN,Combined TRACON& Tower with Radar,36,18,14,5,73,0,7,13,3,23,36,25,27,8,96,24,0,24,120
04/17/2023,MDT,PA,AEA,EN,Combined TRACON& Tower with Radar,48,22,10,6,86,0,2,13,1,16,48,24,23,7,102,38,12,50,152
04/18/2023,MDT,PA,AEA,EN,Combined TRACON& Tower with Radar,39,25,22,22,108,0,0,4,21,25,39,25,26,43,133,20,50,70,203
04/19/2023,MDT,PA,AEA,EN,Combined TRACON& Tower with Radar,42,30,28,6,106,0,0,26,3,29,42,30,54,9,135,34,10,44,179
04/20/2023,MDT,PA,AEA,EN,Combined TRACON& Tower with Radar,46,25,33,14,118,0,5,44,1,50,46,30,77,15,168,26,2,28,196
04/21/2023,MDT,PA,AEA,EN,Combined TRACON& Tower with Radar,39,33,23,20,115,0,7,33,0,40,39,40,56,20,155,20,0,20,175
04/22/2023,MDT,PA,AEA,EN,Combined TRACON& Tower with Radar,30,25,7,3,65,0,0,1,0,1,30,25,8,3,66,10,0,10,76
04/23/2023,MDT,PA,AEA,EN,Combined TRACON& Tower with Radar,37,19,9,0,65,0,0,28,0,28,37,19,37,0,93,12,0,12,105
04/24/2023,MDT,PA,AEA,EN,Combined TRACON& Tower with Radar,42,28,25,2,97,0,11,29,0,40,42,39,54,2,137,20,0,20,157
04/25/2023,MDT,PA,AEA,EN,Combined TRACON& Tower with Radar,38,31,29,28,126,0,12,23,0,35,38,43,52,28,161,16,38,54,215
04/26/2023,MDT,PA,AEA,EN,Combined TRACON& Tower with Radar,42,29,19,1,91,0,4,9,5,18,42,33,28,6,109,0,12,12,121
04/27/2023,MDT,PA,AEA,EN,Combined TRACON& Tower with Radar,44,30,35,3,112,0,4,18,0,22,44,34,53,3,134,36,0,36,170
04/28/2023,MDT,PA,AEA,EN,Combined TRACON& Tower with Radar,38,23,8,2,71,0,0,0,0,0,38,23,8,2,71,0,0,0,71
04/29/2023,MDT,PA,AEA,EN,Combined TRACON& Tower with Radar,28,18,12,0,58,0,0,2,0,2,28,18,14,0,60,0,0,0,60
04/30/2023,MDT,PA,AEA,EN,Combined TRACON& Tower with Radar,34,18,6,1,59,0,0,0,0,0,34,18,6,1,59,0,0,0,59
05/01/2023,MDT,PA,AEA,EN,Combined TRACON& Tower with Radar,42,24,16,2,84,0,2,3,0,5,42,26,19,2,89,6,0,6,95
05/02/2023,MDT,PA,AEA,EN,Combined TRACON& Tower with Radar,38,26,14,14,92,0,2,3,1,6,38,28,17,15,98,6,6,12,110
05/03/2023,MDT,PA,AEA,EN,Combined TRACON& Tower with Radar,42,31,19,13,105,0,1,18,0,19,42,32,37,13,124,100,16,116,240
05/04/2023,MDT,PA,AEA,EN,Combined TRACON& Tower with Radar,48,26,37,9,120,0,4,27,10,41,48,30,64,19,161,36,34,70,231
05/05/2023,MDT,PA,AEA,EN,Combined TRACON& Tower with Radar,39,24,13,9,85,0,6,30,5,41,39,30,43,14,126,50,0,50,176
05/06/2023,MDT,PA,AEA,EN,Combined TRACON& Tower with Radar,32,16,19,7,74,0,7,23,1,31,32,23,42,8,105,24,6,30,135
05/07/2023,MDT,PA,AEA,EN,Combined TRACON& Tower with Radar,34,29,21,1,85,0,2,14,0,16,34,31,35,1,101,24,0,24,125
05/08/2023,MDT,PA,AEA,EN,Combined TRACON& Tower with Radar,41,17,26,1,85,0,2,29,0,31,41,19,55,1,116,12,0,12,128
05/09/2023,MDT,PA,AEA,EN,Combined TRACON& Tower with Radar,38,28,15,6,87,0,6,20,4,30,38,34,35,10,117,30,2,32,149
05/10/2023,MDT,PA,AEA,EN,Combined TRACON& Tower with Radar,44,31,23,20,118,0,18,31,4,53,44,49,54,24,171,34,34,68,239
05/11/2023,MDT,PA,AEA,EN,Combined TRACON& Tower with Radar,48,26,23,17,114,0,5,22,9,36,48,31,45,26,150,34,38,72,222
05/12/2023,MDT,PA,AEA,EN,Combined TRACON& Tower with Radar,38,20,18,1,77,0,2,24,0,26,38,22,42,1,103,28,0,28,131
05/13/2023,MDT,PA,AEA,EN,Combined TRACON& Tower with Radar,30,20,11,0,61,0,6,15,0,21,30,26,26,0,82,6,0,6,88
05/14/2023,MDT,PA,AEA,EN,Combined TRACON& Tower with Radar,38,23,9,0,70,0,4,18,0,22,38,27,27,0,92,0,0,0,92
05/15/2023,MDT,PA,AEA,EN,Combined TRACON& Tower with Radar,41,31,29,2,103,0,8,19,0,27,41,39,48,2,130,12,20,32,162
05/16/2023,MDT,PA,AEA,EN,Combined TRACON& Tower with Radar,38,22,22,29,111,0,2,23,8,33,38,24,45,37,144,50,30,80,224
05/17/2023,MDT,PA,AEA,EN,Combined TRACON& Tower with Radar,41,28,34,12,115,0,9,23,5,37,41,37,57,17,152,50,10,60,212
05/18/2023,MDT,PA,AEA,EN,Combined TRACON& Tower with Radar,44,39,27,14,124,0,10,36,2,48,44,49,63,16,172,0,0,0,172
05/19/2023,MDT,PA,AEA,EN,Combined TRACON& Tower with Radar,40,25,20,8,93,0,2,12,1,15,40,27,32,9,108,4,8,12,120
05/20/2023,MDT,PA,AEA,EN,Combined TRACON& Tower with Radar,27,14,13,4,58,0,0,4,0,4,27,14,17,4,62,4,4,8,70
05/21/2023,MDT,PA,AEA,EN,Combined TRACON& Tower with Radar,35,17,17,6,75,0,6,33,1,40,35,23,50,7,115,20,8,28,143
05/22/2023,MDT,PA,AEA,EN,Combined TRACON& Tower with Radar,45,24,26,10,105,0,13,15,1,29,45,37,41,11,134,50,0,50,184
05/23/2023,MDT,PA,AEA,EN,Combined TRACON& Tower with Radar,39,23,19,4,85,0,9,17,2,28,39,32,36,6,113,14,16,30,143
05/24/2023,MDT,PA,AEA,EN,Combined TRACON& Tower with Radar,42,21,22,5,90,0,4,21,15,40,42,25,43,20,130,16,12,28,158
05/25/2023,MDT,PA,AEA,EN,Combined TRACON& Tower with Radar,46,30,23,18,117,0,4,34,5,43,46,34,57,23,160,18,42,60,220
05/26/2023,MDT,PA,AEA,EN,Combined TRACON& Tower with Radar,43,24,19,1,87,0,0,33,1,34,43,24,52,2,121,8,10,18,139
05/27/2023,MDT,PA,AEA,EN,Combined TRACON& Tower with Radar,29,21,10,0,60,0,4,37,0,41,29,25,47,0,101,8,10,18,119
05/28/2023,MDT,PA,AEA,EN,Combined TRACON& Tower with Radar,34,21,14,0,69,0,2,21,0,23,34,23,35,0,92,8,0,8,100
05/29/2023,MDT,PA,AEA,EN,Combined TRACON& Tower with Radar,36,13,12,0,61,0,2,25,0,27,36,15,37,0,88,60,0,60,148
05/30/2023,MDT,PA,AEA,EN,Combined TRACON& Tower with Radar,37,25,20,5,87,0,5,14,12,31,37,30,34,17,118,80,2,82,200
05/31/2023,MDT,PA,AEA,EN,Combined TRACON& Tower with Radar,47,24,32,19,122,0,8,45,1,54,47,32,77,20,176,142,26,168,344
06/01/2023,MDT,PA,AEA,EN,Combined TRACON& Tower with Radar,51,24,31,18,124,0,5,40,12,57,51,29,71,30,181,30,40,70,251
06/02/2023,MDT,PA,AEA,EN,Combined TRACON& Tower with Radar,50,17,8,6,81,0,6,28,5,39,50,23,36,11,120,24,0,24,144
06/03/2023,MDT,PA,AEA,EN,Combined TRACON& Tower with Radar,33,21,13,2,69,0,1,18,2,21,33,22,31,4,90,0,0,0,90
06/04/2023,MDT,PA,AEA,EN,Combined TRACON& Tower with Radar,38,24,7,2,71,0,4,17,0,21,38,28,24,2,92,16,0,16,108
06/05/2023,MDT,PA,AEA,EN,Combined TRACON& Tower with Radar,48,21,19,14,102,0,7,14,5,26,48,28,33,19,128,44,28,72,200
06/06/2023,MDT,PA,AEA,EN,Combined TRACON& Tower with Radar,44,21,20,53,138,0,0,14,13,27,44,21,34,66,165,0,82,82,247
06/07/2023,MDT,PA,AEA,EN,Combined TRACON& Tower with Radar,45,21,33,10,109,0,3,3,0,6,45,24,36,10,115,20,6,26,141
06/08/2023,MDT,PA,AEA,EN,Combined TRACON& Tower with Radar,46,22,15,10,93,0,0,4,0,4,46,22,19,10,97,0,0,0,97
06/09/2023,MDT,PA,AEA,EN,Combined TRACON& Tower with Radar,45,22,15,11,93,0,5,24,4,33,45,27,39,15,126,10,0,10,136
06/10/2023,MDT,PA,AEA,EN,Combined TRACON& Tower with Radar,33,19,9,7,68,0,4,25,37,66,33,23,34,44,134,62,10,72,206
06/11/2023,MDT,PA,AEA,EN,Combined TRACON& Tower with Radar,39,21,5,5,70,0,1,17,6,24,39,22,22,11,94,0,10,10,104
06/12/2023,MDT,PA,AEA,EN,Combined TRACON& Tower with Radar,45,16,19,6,86,0,1,2,0,3,45,17,21,6,89,0,0,0,89
06/13/2023,MDT,PA,AEA,EN,Combined TRACON& Tower with Radar,49,21,19,11,100,0,4,14,7,25,49,25,33,18,125,26,0,26,151
06/14/2023,MDT,PA,AEA,EN,Combined TRACON& Tower with Radar,54,24,13,15,106,0,2,4,10,16,54,26,17,25,122,0,48,48,170
06/15/2023,MDT,PA,AEA,EN,Combined TRACON& Tower with Radar,49,26,16,3,94,0,1,30,0,31,49,27,46,3,125,60,4,64,189
06/16/2023,MDT,PA,AEA,EN,Combined TRACON& Tower with Radar,43,25,5,5,78,0,0,3,1,4,43,25,8,6,82,32,0,32,114
06/17/2023,MDT,PA,AEA,EN,Combined TRACON& Tower with Radar,39,21,6,0,66,0,1,11,0,12,39,22,17,0,78,6,0,6,84
06/18/2023,MDT,PA,AEA,EN,Combined TRACON& Tower with Radar,42,26,11,0,79,0,3,40,0,43,42,29,51,0,122,24,0,24,146
06/19/2023,MDT,PA,AEA,EN,Combined TRACON& Tower with Radar,44,21,28,2,95,0,4,24,0,28,44,25,52,2,123,12,0,12,135
06/20/2023,MDT,PA,AEA,EN,Combined TRACON& Tower with Radar,38,25,35,3,101,0,4,13,6,23,38,29,48,9,124,0,24,24,148
06/21/2023,MDT,PA,AEA,EN,Combined TRACON& Tower with Radar,50,26,26,9,111,0,4,8,3,15,50,30,34,12,126,18,40,58,184
06/22/2023,MDT,PA,AEA,EN,Combined TRACON& Tower with Radar,50,23,28,0,101,0,0,1,0,1,50,23,29,0,102,10,0,10,112
06/23/2023,MDT,PA,AEA,EN,Combined TRACON& Tower with Radar,40,25,27,4,96,0,0,0,0,0,40,25,27,4,96,0,0,0,96
06/24/2023,MDT,PA,AEA,EN,Combined TRACON& Tower with Radar,37,17,8,0,62,0,0,4,0,4,37,17,12,0,66,0,0,0,66
06/25/2023,MDT,PA,AEA,EN,Combined TRACON& Tower with Radar,53,27,17,0,97,0,2,25,2,29,53,29,42,2,126,42,0,42,168
06/26/2023,MDT,PA,AEA,EN,Combined TRACON& Tower with Radar,43,16,23,2,84,0,2,8,1,11,43,18,31,3,95,12,8,20,115
06/27/2023,MDT,PA,AEA,EN,Combined TRACON& Tower with Radar,42,23,19,4,88,0,0,4,5,9,42,23,23,9,97,0,10,10,107
06/28/2023,MDT,PA,AEA,EN,Combined TRACON& Tower with Radar,47,21,26,9,103,0,5,17,6,28,47,26,43,15,131,48,24,72,203
06/29/2023,MDT,PA,AEA,EN,Combined TRACON& Tower with Radar,51,20,32,18,121,0,1,0,6,7,51,21,32,24,128,0,20,20,148
06/30/2023,MDT,PA,AEA,EN,Combined TRACON& Tower with Radar,49,16,27,5,97,0,2,3,0,5,49,18,30,5,102,0,0,0,102
07/01/2023,MDT,PA,AEA,EN,Combined TRACON& Tower with Radar,38,16,11,0,65,0,0,1,0,1,38,16,12,0,66,0,0,0,66
07/02/2023,MDT,PA,AEA,EN,Combined TRACON& Tower with Radar,39,15,3,0,57,0,0,2,0,2,39,15,5,0,59,0,0,0,59
07/03/2023,MDT,PA,AEA,EN,Combined TRACON& Tower with Radar,41,16,11,2,70,0,9,10,0,19,41,25,21,2,89,18,0,18,107
07/04/2023,MDT,PA,AEA,EN,Combined TRACON& Tower with Radar,24,16,8,0,48,0,6,14,0,20,24,22,22,0,68,30,0,30,98
07/05/2023,MDT,PA,AEA,EN,Combined TRACON& Tower with Radar,47,26,13,2,88,0,16,19,9,44,47,42,32,11,132,32,34,66,198
07/06/2023,MDT,PA,AEA,EN,Combined TRACON& Tower with Radar,55,20,13,29,117,1,5,23,13,42,56,25,36,42,159,56,50,106,265
07/07/2023,MDT,PA,AEA,EN,Combined TRACON& Tower with Radar,41,23,13,6,83,0,2,1,0,3,41,25,14,6,86,4,0,4,90
07/08/2023,MDT,PA,AEA,EN,Combined TRACON& Tower with Radar,37,19,10,5,71,0,4,33,3,40,37,23,43,8,111,16,0,16,127
07/09/2023,MDT,PA,AEA,EN,Combined TRACON& Tower with Radar,39,12,20,2,73,0,3,2,0,5,39,15,22,2,78,2,0,2,80
07/10/2023,MDT,PA,AEA,EN,Combined TRACON& Tower with Radar,52,18,22,11,103,0,2,19,9,30,52,20,41,20,133,64,10,74,207
07/11/2023,MDT,PA,AEA,EN,Combined TRACON& Tower with Radar,42,17,14,12,85,0,7,31,14,52,42,24,45,26,137,68,18,86,223
07/12/2023,MDT,PA,AEA,EN,Combined TRACON& Tower with Radar,48,21,34,12,115,0,8,32,2,42,48,29,66,14,157,22,10,32,189
07/13/2023,MDT,PA,AEA,EN,Combined TRACON& Tower with Radar,56,16,10,8,90,0,4,24,3,31,56,20,34,11,121,14,8,22,143
07/14/2023,MDT,PA,AEA,EN,Combined TRACON& Tower with Radar,45,18,11,2,76,0,6,13,0,19,45,24,24,2,95,0,0,0,95
07/15/2023,MDT,PA,AEA,EN,Combined TRACON& Tower with Radar,45,15,11,1,72,0,2,17,0,19,45,17,28,1,91,26,0,26,117
07/16/2023,MDT,PA,AEA,EN,Combined TRACON& Tower with Radar,44,21,8,2,75,0,4,4,0,8,44,25,12,2,83,0,0,0,83
07/17/2023,MDT,PA,AEA,EN,Combined TRACON& Tower with Radar,51,22,18,6,97,0,2,11,2,15,51,24,29,8,112,24,0,24,136
07/18/2023,MDT,PA,AEA,EN,Combined TRACON& Tower with Radar,54,18,19,10,101,0,3,14,12,29,54,21,33,22,130,30,26,56,186
07/19/2023,MDT,PA,AEA,EN,Combined TRACON& Tower with Radar,53,20,23,17,113,0,2,18,4,24,53,22,41,21,137,0,16,16,153
07/20/2023,MDT,PA,AEA,EN,Combined TRACON& Tower with Radar,53,16,18,9,96,0,4,22,16,42,53,20,40,25,138,22,52,74,212
07/21/2023,MDT,PA,AEA,EN,Combined TRACON& Tower with Radar,48,18,11,3,80,0,4,18,3,25,48,22,29,6,105,36,0,36,141
07/22/2023,MDT,PA,AEA,EN,Combined TRACON& Tower with Radar,41,13,9,0,63,0,6,33,1,40,41,19,42,1,103,22,0,22,125
07/23/2023,MDT,PA,AEA,EN,Combined TRACON& Tower with Radar,42,25,14,2,83,0,11,11,0,22,42,36,25,2,105,48,0,48,153
07/24/2023,MDT,PA,AEA,EN,Combined TRACON& Tower with Radar,50,22,15,2,89,0,7,18,2,27,50,29,33,4,116,56,0,56,172
07/25/2023,MDT,PA,AEA,EN,Combined TRACON& Tower with Radar,51,20,25,26,122,0,3,6,6,15,51,23,31,32,137,40,30,70,207
07/26/2023,MDT,PA,AEA,EN,Combined TRACON& Tower with Radar,50,22,22,18,112,0,10,22,6,38,50,32,44,24,150,8,30,38,188
07/27/2023,MDT,PA,AEA,EN,Combined TRACON& Tower with Radar,53,17,12,21,103,0,3,5,6,14,53,20,17,27,117,26,18,44,161
07/28/2023,MDT,PA,AEA,EN,Combined TRACON& Tower with Radar,43,20,13,8,84,0,2,12,7,21,43,22,25,15,105,62,0,62,167
07/29/2023,MDT,PA,AEA,EN,Combined TRACON& Tower with Radar,46,13,12,0,71,0,0,15,0,15,46,13,27,0,86,20,0,20,106
07/30/2023,MDT,PA,AEA,EN,Combined TRACON& Tower with Radar,45,22,9,2,78,0,9,35,0,44,45,31,44,2,122,62,0,62,184
07/31/2023,MDT,PA,AEA,EN,Combined TRACON& Tower with Radar,47,16,24,3,90,0,6,33,1,40,47,22,57,4,130,68,16,84,214
08/01/2023,MDT,PA,AEA,EN,Combined TRACON& Tower with Radar,42,25,25,5,97,0,3,15,1,19,42,28,40,6,116,74,4,78,194
08/02/2023,MDT,PA,AEA,EN,Combined TRACON& Tower with Radar,49,30,15,10,104,0,10,43,1,54,49,40,58,11,158,88,4,92,250
08/03/2023,MDT,PA,AEA,EN,Combined TRACON& Tower with Radar,52,23,20,25,120,0,2,16,17,35,52,25,36,42,155,2,48,50,205
08/04/2023,MDT,PA,AEA,EN,Combined TRACON& Tower with Radar,46,19,30,12,107,0,1,2,5,8,46,20,32,17,115,4,0,4,119
08/05/2023,MDT,PA,AEA,EN,Combined TRACON& Tower with Radar,33,16,12,1,62,0,1,29,4,34,33,17,41,5,96,48,4,52,148
08/06/2023,MDT,PA,AEA,EN,Combined TRACON& Tower with Radar,43,16,21,3,83,0,2,17,3,22,43,18,38,6,105,16,10,26,131
08/07/2023,MDT,PA,AEA,EN,Combined TRACON& Tower with Radar,45,14,21,0,80,0,0,3,0,3,45,14,24,0,83,0,0,0,83
08/08/2023,MDT,PA,AEA,EN,Combined TRACON& Tower with Radar,44,24,30,11,109,0,0,19,4,23,44,24,49,15,132,28,10,38,170
08/09/2023,MDT,PA,AEA,EN,Combined TRACON& Tower with Radar,47,26,38,17,128,0,1,42,5,48,47,27,80,22,176,52,30,82,258
08/10/2023,MDT,PA,AEA,EN,Combined TRACON& Tower with Radar,56,24,23,7,110,0,1,14,1,16,56,25,37,8,126,28,18,46,172
08/11/2023,MDT,PA,AEA,EN,Combined TRACON& Tower with Radar,46,22,32,0,100,0,2,19,0,21,46,24,51,0,121,12,0,12,133
08/12/2023,MDT,PA,AEA,EN,Combined TRACON& Tower with Radar,32,14,14,1,61,0,6,14,1,21,32,20,28,2,82,0,0,0,82
08/13/2023,MDT,PA,AEA,EN,Combined TRACON& Tower with Radar,39,17,14,0,70,0,8,22,0,30,39,25,36,0,100,20,0,20,120
08/14/2023,MDT,PA,AEA,EN,Combined TRACON& Tower with Radar,48,20,23,2,93,0,2,25,4,31,48,22,48,6,124,26,26,52,176
08/15/2023,MDT,PA,AEA,EN,Combined TRACON& Tower with Radar,38,27,33,18,116,0,4,13,4,21,38,31,46,22,137,46,6,52,189
08/16/2023,MDT,PA,AEA,EN,Combined TRACON& Tower with Radar,38,29,23,11,101,0,6,27,4,37,38,35,50,15,138,22,28,50,188
08/17/2023,MDT,PA,AEA,EN,Combined TRACON& Tower with Radar,47,31,7,20,105,0,11,24,9,44,47,42,31,29,149,46,44,90,239
08/18/2023,MDT,PA,AEA,EN,Combined TRACON& Tower with Radar,42,19,13,1,75,0,6,10,1,17,42,25,23,2,92,40,0,40,132
08/19/2023,MDT,PA,AEA,EN,Combined TRACON& Tower with Radar,28,16,17,2,63,0,0,28,0,28,28,16,45,2,91,10,0,10,101
08/20/2023,MDT,PA,AEA,EN,Combined TRACON& Tower with Radar,34,20,16,0,70,0,8,21,0,29,34,28,37,0,99,2,0,2,101
08/21/2023,MDT,PA,AEA,EN,Combined TRACON& Tower with Radar,45,23,11,10,89,0,8,24,2,34,45,31,35,12,123,30,4,34,157
08/22/2023,MDT,PA,AEA,EN,Combined TRACON& Tower with Radar,38,23,20,6,87,0,1,16,9,26,38,24,36,15,113,0,8,8,121
08/23/2023,MDT,PA,AEA,EN,Combined TRACON& Tower with Radar,38,20,19,16,93,0,9,14,22,45,38,29,33,38,138,62,36,98,236
08/24/2023,MDT,PA,AEA,EN,Combined TRACON& Tower with Radar,44,31,21,6,102,0,3,6,8,17,44,34,27,14,119,6,0,6,125
08/25/2023,MDT,PA,AEA,EN,Combined TRACON& Tower with Radar,41,29,14,1,85,0,9,9,1,19,41,38,23,2,104,16,0,16,120
08/26/2023,MDT,PA,AEA,EN,Combined TRACON& Tower with Radar,28,13,9,2,52,0,2,21,1,24,28,15,30,3,76,52,0,52,128
08/27/2023,MDT,PA,AEA,EN,Combined TRACON& Tower with Radar,35,19,13,4,71,0,6,22,0,28,35,25,35,4,99,12,0,12,111
08/28/2023,MDT,PA,AEA,EN,Combined TRACON& Tower with Radar,41,19,23,34,117,0,0,20,1,21,41,19,43,35,138,14,0,14,152
08/29/2023,MDT,PA,AEA,EN,Combined TRACON& Tower with Radar,39,23,20,23,105,0,0,1,1,2,39,23,21,24,107,4,12,16,123
08/30/2023,MDT,PA,AEA,EN,Combined TRACON& Tower with Radar,31,13,17,9,70,0,5,19,8,32,31,18,36,17,102,2,40,42,144
08/31/2023,MDT,PA,AEA,EN,Combined TRACON& Tower with Radar,46,18,15,13,92,0,6,10,6,22,46,24,25,19,114,42,0,42,156
01/01/2020,MDT,PA,AEA,EN,Combined TRACON& Tower with Radar,31,18,12,0,61,0,2,5,0,7,31,20,17,0,68,0,0,0,68
01/02/2020,MDT,PA,AEA,EN,Combined TRACON& Tower with Radar,48,34,7,1,90,0,0,14,1,15,48,34,21,2,105,8,6,14,119
01/03/2020,MDT,PA,AEA,EN,Combined TRACON& Tower with Radar,39,40,8,2,89,0,0,0,0,0,39,40,8,2,89,0,0,0,89
01/04/2020,MDT,PA,AEA,EN,Combined TRACON& Tower with Radar,33,27,4,2,66,0,0,0,0,0,33,27,4,2,66,10,0,10,76
01/05/2020,MDT,PA,AEA,EN,Combined TRACON& Tower with Radar,34,29,2,0,65,0,2,6,0,8,34,31,8,0,73,0,0,0,73
01/06/2020,MDT,PA,AEA,EN,Combined TRACON& Tower with Radar,45,37,13,2,97,0,1,6,0,7,45,38,19,2,104,14,0,14,118
01/07/2020,MDT,PA,AEA,EN,Combined TRACON& Tower with Radar,44,42,17,6,109,0,1,1,3,5,44,43,18,9,114,0,8,8,122
01/08/2020,MDT,PA,AEA,EN,Combined TRACON& Tower with Radar,46,46,9,2,103,0,0,2,1,3,46,46,11,3,106,0,0,0,106
01/09/2020,MDT,PA,AEA,EN,Combined TRACON& Tower with Radar,46,43,18,9,116,0,1,12,7,20,46,44,30,16,136,10,20,30,166
01/10/2020,MDT,PA,AEA,EN,Combined TRACON& Tower with Radar,41,42,11,5,99,0,0,6,2,8,41,42,17,7,107,0,0,0,107
01/11/2020,MDT,PA,AEA,EN,Combined TRACON& Tower with Radar,29,27,1,2,59,0,2,2,0,4,29,29,3,2,63,6,0,6,69
01/12/2020,MDT,PA,AEA,EN,Combined TRACON& Tower with Radar,35,38,9,2,84,0,0,14,0,14,35,38,23,2,98,22,0,22,120
01/13/2020,MDT,PA,AEA,EN,Combined TRACON& Tower with Radar,49,39,32,16,136,0,0,21,1,22,49,39,53,17,158,16,28,44,202
01/14/2020,MDT,PA,AEA,EN,Combined TRACON& Tower with Radar,44,36,21,16,117,0,0,0,0,0,44,36,21,16,117,0,0,0,117
01/15/2020,MDT,PA,AEA,EN,Combined TRACON& Tower with Radar,46,40,28,1,115,0,0,23,0,23,46,40,51,1,138,8,0,8,146
01/16/2020,MDT,PA,AEA,EN,Combined TRACON& Tower with Radar,47,46,11,0,104,0,3,0,0,3,47,49,11,0,107,0,0,0,107
01/17/2020,MDT,PA,AEA,EN,Combined TRACON& Tower with Radar,39,41,2,2,84,0,2,4,5,11,39,43,6,7,95,0,0,0,95
01/18/2020,MDT,PA,AEA,EN,Combined TRACON& Tower with Radar,33,21,0,1,55,0,0,0,0,0,33,21,0,1,55,0,0,0,55
01/19/2020,MDT,PA,AEA,EN,Combined TRACON& Tower with Radar,32,29,1,4,66,0,2,4,0,6,32,31,5,4,72,0,0,0,72
01/20/2020,MDT,PA,AEA,EN,Combined TRACON& Tower with Radar,46,45,8,2,101,0,0,5,0,5,46,45,13,2,106,16,0,16,122
01/21/2020,MDT,PA,AEA,EN,Combined TRACON& Tower with Radar,44,41,10,8,103,0,0,18,3,21,44,41,28,11,124,36,0,36,160
01/22/2020,MDT,PA,AEA,EN,Combined TRACON& Tower with Radar,46,44,20,21,131,0,2,11,6,19,46,46,31,27,150,14,8,22,172
01/23/2020,MDT,PA,AEA,EN,Combined TRACON& Tower with Radar,42,43,17,7,109,0,4,14,2,20,42,47,31,9,129,16,0,16,145
01/24/2020,MDT,PA,AEA,EN,Combined TRACON& Tower with Radar,44,42,6,33,125,0,4,7,9,20,44,46,13,42,145,0,78,78,223
01/25/2020,MDT,PA,AEA,EN,Combined TRACON& Tower with Radar,41,22,5,2,70,0,0,0,1,1,41,22,5,3,71,0,10,10,81
01/26/2020,MDT,PA,AEA,EN,Combined TRACON& Tower with Radar,49,33,11,5,98,0,5,17,0,22,49,38,28,5,120,22,20,42,162
01/27/2020,MDT,PA,AEA,EN,Combined TRACON& Tower with Radar,45,42,20,7,114,0,3,16,2,21,45,45,36,9,135,12,6,18,153
01/28/2020,MDT,PA,AEA,EN,Combined TRACON& Tower with Radar,45,46,29,21,141,0,2,9,2,13,45,48,38,23,154,10,20,30,184
01/29/2020,MDT,PA,AEA,EN,Combined TRACON& Tower with Radar,46,43,20,18,127,0,2,27,9,38,46,45,47,27,165,8,40,48,213
01/30/2020,MDT,PA,AEA,EN,Combined TRACON& Tower with Radar,46,43,11,11,111,0,3,12,4,19,46,46,23,15,130,0,0,0,130
01/31/2020,MDT,PA,AEA,EN,Combined TRACON& Tower with Radar,42,43,11,10,106,0,2,9,5,16,42,45,20,15,122,12,0,12,134
02/01/2020,MDT,PA,AEA,EN,Combined TRACON& Tower with Radar,36,26,0,2,64,0,0,0,0,0,36,26,0,2,64,0,0,0,64
02/02/2020,MDT,PA,AEA,EN,Combined TRACON& Tower with Radar,32,32,6,2,72,0,0,2,0,2,32,32,8,2,74,0,0,0,74
02/03/2020,MDT,PA,AEA,EN,Combined TRACON& Tower with Radar,49,42,18,19,128,0,0,20,1,21,49,42,38,20,149,18,10,28,177
02/04/2020,MDT,PA,AEA,EN,Combined TRACON& Tower with Radar,47,54,9,11,121,0,2,3,9,14,47,56,12,20,135,0,24,24,159
02/05/2020,MDT,PA,AEA,EN,Combined TRACON& Tower with Radar,46,43,24,13,126,0,2,5,3,10,46,45,29,16,136,0,6,6,142
02/06/2020,MDT,PA,AEA,EN,Combined TRACON& Tower with Radar,39,42,25,6,112,0,0,0,0,0,39,42,25,6,112,0,0,0,112
02/07/2020,MDT,PA,AEA,EN,Combined TRACON& Tower with Radar,50,42,10,1,103,0,2,1,0,3,50,44,11,1,106,0,0,0,106
02/08/2020,MDT,PA,AEA,EN,Combined TRACON& Tower with Radar,32,26,11,4,73,0,0,13,2,15,32,26,24,6,88,0,6,6,94
02/09/2020,MDT,PA,AEA,EN,Combined TRACON& Tower with Radar,34,35,11,3,83,0,2,23,0,25,34,37,34,3,108,22,10,32,140
02/10/2020,MDT,PA,AEA,EN,Combined TRACON& Tower with Radar,47,41,12,4,104,0,2,1,0,3,47,43,13,4,107,0,0,0,107
02/11/2020,MDT,PA,AEA,EN,Combined TRACON& Tower with Radar,46,38,8,3,95,0,2,0,5,7,46,40,8,8,102,0,0,0,102
02/12/2020,MDT,PA,AEA,EN,Combined TRACON& Tower with Radar,50,42,20,15,127,0,0,14,3,17,50,42,34,18,144,4,34,38,182
02/13/2020,MDT,PA,AEA,EN,Combined TRACON& Tower with Radar,48,43,10,9,110,0,0,0,0,0,48,43,10,9,110,0,0,0,110
02/14/2020,MDT,PA,AEA,EN,Combined TRACON& Tower with Radar,46,40,10,7,103,0,2,7,1,10,46,42,17,8,113,0,4,4,117
02/15/2020,MDT,PA,AEA,EN,Combined TRACON& Tower with Radar,39,27,1,1,68,0,2,14,1,17,39,29,15,2,85,12,6,18,103
02/16/2020,MDT,PA,AEA,EN,Combined TRACON& Tower with Radar,34,37,7,0,78,0,0,7,0,7,34,37,14,0,85,24,0,24,109
02/17/2020,MDT,PA,AEA,EN,Combined TRACON& Tower with Radar,47,46,19,2,114,0,4,18,2,24,47,50,37,4,138,0,0,0,138
02/18/2020,MDT,PA,AEA,EN,Combined TRACON& Tower with Radar,52,44,18,20,134,0,0,4,3,7,52,44,22,23,141,0,30,30,171
02/19/2020,MDT,PA,AEA,EN,Combined TRACON& Tower with Radar,54,47,14,10,125,0,1,10,2,13,54,48,24,12,138,0,10,10,148
02/20/2020,MDT,PA,AEA,EN,Combined TRACON& Tower with Radar,50,50,17,29,146,0,2,10,13,25,50,52,27,42,171,0,38,38,209
02/21/2020,MDT,PA,AEA,EN,Combined TRACON& Tower with Radar,49,44,11,8,112,0,4,21,4,29,49,48,32,12,141,0,16,16,157
02/22/2020,MDT,PA,AEA,EN,Combined TRACON& Tower with Radar,41,20,13,0,74,0,2,15,0,17,41,22,28,0,91,0,0,0,91
02/23/2020,MDT,PA,AEA,EN,Combined TRACON& Tower with Radar,41,30,11,3,85,0,0,15,1,16,41,30,26,4,101,0,0,0,101
02/24/2020,MDT,PA,AEA,EN,Combined TRACON& Tower with Radar,51,40,15,17,123,0,3,19,0,22,51,43,34,17,145,2,0,2,147
02/25/2020,MDT,PA,AEA,EN,Combined TRACON& Tower with Radar,50,35,26,13,124,0,0,0,0,0,50,35,26,13,124,0,0,0,124
02/26/2020,MDT,PA,AEA,EN,Combined TRACON& Tower with Radar,55,39,26,12,132,0,0,2,0,2,55,39,28,12,134,0,0,0,134
02/27/2020,MDT,PA,AEA,EN,Combined TRACON& Tower with Radar,51,37,10,25,123,0,0,2,7,9,51,37,12,32,132,0,6,6,138
02/28/2020,MDT,PA,AEA,EN,Combined TRACON& Tower with Radar,47,42,13,24,126,0,2,6,6,14,47,44,19,30,140,0,16,16,156
02/29/2020,MDT,PA,AEA,EN,Combined TRACON& Tower with Radar,39,21,6,2,68,0,0,7,0,7,39,21,13,2,75,0,0,0,75
03/01/2020,MDT,PA,AEA,EN,Combined TRACON& Tower with Radar,41,32,24,0,97,0,0,21,0,21,41,32,45,0,118,8,0,8,126
03/02/2020,MDT,PA,AEA,EN,Combined TRACON& Tower with Radar,51,38,15,2,106,0,0,7,0,7,51,38,22,2,113,0,0,0,113
03/03/2020,MDT,PA,AEA,EN,Combined TRACON& Tower with Radar,50,40,14,6,110,0,3,0,3,6,50,43,14,9,116,0,0,0,116
03/04/2020,MDT,PA,AEA,EN,Combined TRACON& Tower with Radar,56,37,22,35,150,0,0,6,16,22,56,37,28,51,172,0,32,32,204
03/05/2020,MDT,PA,AEA,EN,Combined TRACON& Tower with Radar,52,43,24,15,134,0,0,18,5,23,52,43,42,20,157,20,4,24,181
03/06/2020,MDT,PA,AEA,EN,Combined TRACON& Tower with Radar,51,40,12,6,109,0,0,0,0,0,51,40,12,6,109,0,0,0,109
03/07/2020,MDT,PA,AEA,EN,Combined TRACON& Tower with Radar,38,27,5,1,71,0,4,0,1,5,38,31,5,2,76,4,0,4,80
03/08/2020,MDT,PA,AEA,EN,Combined TRACON& Tower with Radar,38,30,26,2,96,0,3,22,0,25,38,33,48,2,121,16,0,16,137
03/09/2020,MDT,PA,AEA,EN,Combined TRACON& Tower with Radar,53,37,22,25,137,0,0,18,3,21,53,37,40,28,158,6,14,20,178
03/10/2020,MDT,PA,AEA,EN,Combined TRACON& Tower with Radar,52,34,12,14,112,0,0,1,4,5,52,34,13,18,117,0,18,18,135
03/11/2020,MDT,PA,AEA,EN,Combined TRACON& Tower with Radar,57,40,18,14,129,0,2,15,1,18,57,42,33,15,147,6,40,46,193
03/12/2020,MDT,PA,AEA,EN,Combined TRACON& Tower with Radar,52,41,23,11,127,0,2,12,3,17,52,43,35,14,144,4,0,4,148
03/13/2020,MDT,PA,AEA,EN,Combined TRACON& Tower with Radar,47,39,14,7,107,0,0,0,1,1,47,39,14,8,108,0,0,0,108
03/14/2020,MDT,PA,AEA,EN,Combined TRACON& Tower with Radar,35,25,14,0,74,0,0,19,0,19,35,25,33,0,93,0,2,2,95
03/15/2020,MDT,PA,AEA,EN,Combined TRACON& Tower with Radar,36,36,4,0,76,0,2,11,0,13,36,38,15,0,89,2,0,2,91
03/16/2020,MDT,PA,AEA,EN,Combined TRACON& Tower with Radar,50,45,10,10,115,0,0,10,0,10,50,45,20,10,125,10,0,10,135
03/17/2020,MDT,PA,AEA,EN,Combined TRACON& Tower with Radar,52,45,9,9,115,0,0,5,6,11,52,45,14,15,126,6,14,20,146
03/18/2020,MDT,PA,AEA,EN,Combined TRACON& Tower with Radar,53,44,7,8,112,0,0,13,1,14,53,44,20,9,126,0,4,4,130
03/19/2020,MDT,PA,AEA,EN,Combined TRACON& Tower with Radar,45,39,0,30,114,0,0,0,0,0,45,39,0,30,114,0,0,0,114
03/20/2020,MDT,PA,AEA,EN,Combined TRACON& Tower with Radar,38,38,2,4,82,0,0,0,0,0,38,38,2,4,82,0,0,0,82
03/21/2020,MDT,PA,AEA,EN,Combined TRACON& Tower with Radar,26,24,3,0,53,0,0,12,6,18,26,24,15,6,71,0,0,0,71
03/22/2020,MDT,PA,AEA,EN,Combined TRACON& Tower with Radar,29,25,6,0,60,0,5,21,2,28,29,30,27,2,88,0,0,0,88
03/23/2020,MDT,PA,AEA,EN,Combined TRACON& Tower with Radar,33,37,5,0,75,0,0,0,0,0,33,37,5,0,75,0,0,0,75
03/24/2020,MDT,PA,AEA,EN,Combined TRACON& Tower with Radar,34,36,0,3,73,0,2,6,1,9,34,38,6,4,82,0,0,0,82
03/25/2020,MDT,PA,AEA,EN,Combined TRACON& Tower with Radar,24,38,0,7,69,0,0,0,0,0,24,38,0,7,69,0,10,10,79
03/26/2020,MDT,PA,AEA,EN,Combined TRACON& Tower with Radar,32,34,7,4,77,0,0,11,0,11,32,34,18,4,88,0,2,2,90
03/27/2020,MDT,PA,AEA,EN,Combined TRACON& Tower with Radar,17,32,6,3,58,0,0,11,1,12,17,32,17,4,70,2,4,6,76
03/28/2020,MDT,PA,AEA,EN,Combined TRACON& Tower with Radar,11,23,0,0,34,0,0,0,0,0,11,23,0,0,34,0,0,0,34
03/29/2020,MDT,PA,AEA,EN,Combined TRACON& Tower with Radar,9,26,1,2,38,0,0,0,0,0,9,26,1,2,38,0,0,0,38
03/30/2020,MDT,PA,AEA,EN,Combined TRACON& Tower with Radar,16,26,2,14,58,0,0,8,2,10,16,26,10,16,68,0,56,56,124
03/31/2020,MDT,PA,AEA,EN,Combined TRACON& Tower with Radar,24,29,0,1,54,0,0,6,0,6,24,29,6,1,60,0,0,0,60
04/01/2020,MDT,PA,AEA,EN,Combined TRACON& Tower with Radar,25,28,4,8,65,0,0,5,2,7,25,28,9,10,72,0,10,10,82
04/02/2020,MDT,PA,AEA,EN,Combined TRACON& Tower with Radar,25,28,5,6,64,0,0,3,2,5,25,28,8,8,69,0,16,16,85
04/03/2020,MDT,PA,AEA,EN,Combined TRACON& Tower with Radar,19,23,0,10,52,0,1,8,3,12,19,24,8,13,64,0,10,10,74
04/04/2020,MDT,PA,AEA,EN,Combined TRACON& Tower with Radar,8,20,6,0,34,0,0,9,0,9,8,20,15,0,43,0,0,0,43
04/05/2020,MDT,PA,AEA,EN,Combined TRACON& Tower with Radar,11,20,8,0,39,0,0,11,0,11,11,20,19,0,50,12,0,12,62
04/06/2020,MDT,PA,AEA,EN,Combined TRACON& Tower with Radar,22,23,13,25,83,1,2,15,8,26,23,25,28,33,109,10,14,24,133
04/07/2020,MDT,PA,AEA,EN,Combined TRACON& Tower with Radar,25,26,3,5,59,0,0,2,1,3,25,26,5,6,62,0,0,0,62
04/08/2020,MDT,PA,AEA,EN,Combined TRACON& Tower with Radar,22,24,2,30,78,0,0,5,6,11,22,24,7,36,89,0,56,56,145
04/09/2020,MDT,PA,AEA,EN,Combined TRACON& Tower with Radar,26,33,3,0,62,0,1,0,0,1,26,34,3,0,63,0,0,0,63
04/10/2020,MDT,PA,AEA,EN,Combined TRACON& Tower with Radar,17,25,3,0,45,0,0,1,2,3,17,25,4,2,48,0,0,0,48
04/11/2020,MDT,PA,AEA,EN,Combined TRACON& Tower with Radar,16,18,10,4,48,0,0,11,0,11,16,18,21,4,59,2,26,28,87
04/12/2020,MDT,PA,AEA,EN,Combined TRACON& Tower with Radar,5,19,1,2,27,0,2,6,0,8,5,21,7,2,35,0,6,6,41
04/13/2020,MDT,PA,AEA,EN,Combined TRACON& Tower with Radar,24,23,0,0,47,0,0,0,0,0,24,23,0,0,47,0,0,0,47
04/14/2020,MDT,PA,AEA,EN,Combined TRACON& Tower with Radar,27,27,7,12,73,0,0,9,2,11,27,27,16,14,84,12,28,40,124
04/15/2020,MDT,PA,AEA,EN,Combined TRACON& Tower with Radar,24,26,3,5,58,0,0,9,1,10,24,26,12,6,68,0,22,22,90
04/16/2020,MDT,PA,AEA,EN,Combined TRACON& Tower with Radar,22,25,16,11,74,0,3,10,3,16,22,28,26,14,90,1,1,2,92
04/17/2020,MDT,PA,AEA,EN,Combined TRACON& Tower with Radar,22,23,5,15,65,0,0,3,15,18,22,23,8,30,83,0,30,30,113
04/18/2020,MDT,PA,AEA,EN,Combined TRACON& Tower with Radar,12,15,1,0,28,0,0,3,0,3,12,15,4,0,31,0,0,0,31
04/19/2020,MDT,PA,AEA,EN,Combined TRACON& Tower with Radar,5,15,6,0,26,0,0,11,0,11,5,15,17,0,37,8,0,8,45
04/20/2020,MDT,PA,AEA,EN,Combined TRACON& Tower with Radar,13,27,18,10,68,0,0,15,0,15,13,27,33,10,83,4,0,4,87
04/21/2020,MDT,PA,AEA,EN,Combined TRACON& Tower with Radar,20,25,2,5,52,0,0,0,7,7,20,25,2,12,59,0,12,12,71
04/22/2020,MDT,PA,AEA,EN,Combined TRACON& Tower with Radar,17,27,7,4,55,0,3,4,0,7,17,30,11,4,62,2,0,2,64
04/23/2020,MDT,PA,AEA,EN,Combined TRACON& Tower with Radar,15,31,4,6,56,0,1,7,0,8,15,32,11,6,64,2,22,24,88
04/24/2020,MDT,PA,AEA,EN,Combined TRACON& Tower with Radar,11,28,2,0,41,0,2,0,0,2,11,30,2,0,43,0,0,0,43
04/25/2020,MDT,PA,AEA,EN,Combined TRACON& Tower with Radar,8,13,7,0,28,0,0,1,0,1,8,13,8,0,29,0,0,0,29
04/26/2020,MDT,PA,AEA,EN,Combined TRACON& Tower with Radar,6,15,2,0,23,0,0,0,0,0,6,15,2,0,23,0,0,0,23
04/27/2020,MDT,PA,AEA,EN,Combined TRACON& Tower with Radar,13,19,11,10,53,0,0,2,2,4,13,19,13,12,57,0,62,62,119
04/28/2020,MDT,PA,AEA,EN,Combined TRACON& Tower with Radar,18,25,20,9,72,0,0,21,3,24,18,25,41,12,96,24,0,24,120
04/29/2020,MDT,PA,AEA,EN,Combined TRACON& Tower with Radar,16,21,13,20,70,0,0,4,3,7,16,21,17,23,77,10,14,24,101
04/30/2020,MDT,PA,AEA,EN,Combined TRACON& Tower with Radar,17,21,3,8,49,0,0,0,0,0,17,21,3,8,49,0,0,0,49
05/01/2020,MDT,PA,AEA,EN,Combined TRACON& Tower with Radar,14,29,22,6,71,0,4,6,5,15,14,33,28,11,86,0,24,24,110
05/02/2020,MDT,PA,AEA,EN,Combined TRACON& Tower with Radar,10,10,19,0,39,0,2,19,0,21,10,12,38,0,60,4,0,4,64
05/03/2020,MDT,PA,AEA,EN,Combined TRACON& Tower with Radar,11,12,9,0,32,0,2,6,0,8,11,14,15,0,40,6,0,6,46
05/04/2020,MDT,PA,AEA,EN,Combined TRACON& Tower with Radar,22,24,7,3,56,0,4,16,2,22,22,28,23,5,78,18,26,44,122
05/05/2020,MDT,PA,AEA,EN,Combined TRACON& Tower with Radar,19,20,14,18,71,0,2,11,19,32,19,22,25,37,103,12,26,38,141
05/06/2020,MDT,PA,AEA,EN,Combined TRACON& Tower with Radar,22,19,6,2,49,0,0,0,0,0,22,19,6,2,49,0,0,0,49
05/07/2020,MDT,PA,AEA,EN,Combined TRACON& Tower with Radar,19,22,11,7,59,0,1,12,3,16,19,23,23,10,75,0,28,28,103
05/08/2020,MDT,PA,AEA,EN,Combined TRACON& Tower with Radar,15,23,7,4,49,0,0,0,0,0,15,23,7,4,49,0,8,8,57
05/09/2020,MDT,PA,AEA,EN,Combined TRACON& Tower with Radar,12,12,3,0,27,0,0,0,0,0,12,12,3,0,27,0,0,0,27
05/10/2020,MDT,PA,AEA,EN,Combined TRACON& Tower with Radar,4,14,12,0,30,0,0,9,0,9,4,14,21,0,39,4,0,4,43
05/11/2020,MDT,PA,AEA,EN,Combined TRACON& Tower with Radar,17,20,0,2,39,0,0,2,0,2,17,20,2,2,41,0,0,0,41
05/12/2020,MDT,PA,AEA,EN,Combined TRACON& Tower with Radar,17,22,7,6,52,0,2,8,2,12,17,24,15,8,64,0,4,4,68
05/13/2020,MDT,PA,AEA,EN,Combined TRACON& Tower with Radar,20,23,16,7,66,0,0,19,5,24,20,23,35,12,90,22,0,22,112
05/14/2020,MDT,PA,AEA,EN,Combined TRACON& Tower with Radar,22,25,12,6,65,0,2,11,5,18,22,27,23,11,83,6,18,24,107
05/15/2020,MDT,PA,AEA,EN,Combined TRACON& Tower with Radar,13,25,7,4,49,0,3,3,7,13,13,28,10,11,62,8,12,20,82
05/16/2020,MDT,PA,AEA,EN,Combined TRACON& Tower with Radar,10,16,6,0,32,0,2,17,0,19,10,18,23,0,51,24,0,24,75
05/17/2020,MDT,PA,AEA,EN,Combined TRACON& Tower with Radar,10,14,6,0,30,0,0,3,0,3,10,14,9,0,33,4,0,4,37
05/18/2020,MDT,PA,AEA,EN,Combined TRACON& Tower with Radar,19,25,20,5,69,0,0,8,3,11,19,25,28,8,80,26,20,46,126
05/19/2020,MDT,PA,AEA,EN,Combined TRACON& Tower with Radar,20,23,3,32,78,0,6,9,8,23,20,29,12,40,101,20,52,72,173
05/20/2020,MDT,PA,AEA,EN,Combined TRACON& Tower with Radar,18,27,21,3,69,0,1,9,7,17,18,28,30,10,86,8,80,88,174
05/21/2020,MDT,PA,AEA,EN,Combined TRACON& Tower with Radar,20,23,13,10,66,0,2,19,2,23,20,25,32,12,89,2,12,14,103
05/22/2020,MDT,PA,AEA,EN,Combined TRACON& Tower with Radar,18,23,8,4,53,0,0,0,0,0,18,23,8,4,53,0,0,0,53
05/23/2020,MDT,PA,AEA,EN,Combined TRACON& Tower with Radar,10,16,1,0,27,0,0,3,0,3,10,16,4,0,30,2,0,2,32
05/24/2020,MDT,PA,AEA,EN,Combined TRACON& Tower with Radar,10,12,6,0,28,0,0,0,0,0,10,12,6,0,28,0,0,0,28
05/25/2020,MDT,PA,AEA,EN,Combined TRACON& Tower with Radar,12,14,7,0,33,0,0,3,0,3,12,14,10,0,36,6,0,6,42
05/26/2020,MDT,PA,AEA,EN,Combined TRACON& Tower with Radar,16,20,17,27,80,0,4,16,2,22,16,24,33,29,102,20,6,26,128
05/27/2020,MDT,PA,AEA,EN,Combined TRACON& Tower with Radar,24,25,4,32,85,0,4,6,4,14,24,29,10,36,99,0,50,50,149
05/28/2020,MDT,PA,AEA,EN,Combined TRACON& Tower with Radar,22,27,12,10,71,0,2,2,1,5,22,29,14,11,76,0,20,20,96
05/29/2020,MDT,PA,AEA,EN,Combined TRACON& Tower with Radar,18,21,9,2,50,0,2,0,0,2,18,23,9,2,52,0,0,0,52
05/30/2020,MDT,PA,AEA,EN,Combined TRACON& Tower with Radar,10,13,9,6,38,0,4,23,0,27,10,17,32,6,65,28,4,32,97
05/31/2020,MDT,PA,AEA,EN,Combined TRACON& Tower with Radar,10,20,11,4,45,0,0,21,0,21,10,20,32,4,66,4,6,10,76
06/01/2020,MDT,PA,AEA,EN,Combined TRACON& Tower with Radar,22,26,11,4,63,0,0,10,2,12,22,26,21,6,75,12,22,34,109
06/02/2020,MDT,PA,AEA,EN,Combined TRACON& Tower with Radar,25,18,12,10,65,0,2,8,8,18,25,20,20,18,83,0,22,22,105
06/03/2020,MDT,PA,AEA,EN,Combined TRACON& Tower with Radar,18,26,6,4,54,0,0,9,4,13,18,26,15,8,67,0,6,6,73
06/04/2020,MDT,PA,AEA,EN,Combined TRACON& Tower with Radar,26,24,6,4,60,0,2,6,1,9,26,26,12,5,69,0,0,0,69
06/05/2020,MDT,PA,AEA,EN,Combined TRACON& Tower with Radar,19,28,8,6,61,0,0,2,0,2,19,28,10,6,63,0,0,0,63
06/06/2020,MDT,PA,AEA,EN,Combined TRACON& Tower with Radar,10,13,12,0,35,0,0,5,0,5,10,13,17,0,40,28,0,28,68
06/07/2020,MDT,PA,AEA,EN,Combined TRACON& Tower with Radar,14,16,10,0,40,0,0,30,0,30,14,16,40,0,70,10,0,10,80
06/08/2020,MDT,PA,AEA,EN,Combined TRACON& Tower with Radar,20,22,5,10,57,0,0,22,0,22,20,22,27,10,79,2,38,40,119
06/09/2020,MDT,PA,AEA,EN,Combined TRACON& Tower with Radar,23,21,28,8,80,0,0,12,4,16,23,21,40,12,96,4,12,16,112
06/10/2020,MDT,PA,AEA,EN,Combined TRACON& Tower with Radar,19,26,7,8,60,0,0,5,2,7,19,26,12,10,67,0,12,12,79
06/11/2020,MDT,PA,AEA,EN,Combined TRACON& Tower with Radar,26,29,18,10,83,0,0,7,5,12,26,29,25,15,95,6,28,34,129
06/12/2020,MDT,PA,AEA,EN,Combined TRACON& Tower with Radar,17,29,9,10,65,0,3,30,1,34,17,32,39,11,99,0,8,8,107
06/13/2020,MDT,PA,AEA,EN,Combined TRACON& Tower with Radar,10,12,11,1,34,0,4,13,3,20,10,16,24,4,54,0,4,4,58
06/14/2020,MDT,PA,AEA,EN,Combined TRACON& Tower with Radar,12,14,3,2,31,0,0,8,3,11,12,14,11,5,42,0,12,12,54
06/15/2020,MDT,PA,AEA,EN,Combined TRACON& Tower with Radar,23,23,13,12,71,0,0,23,0,23,23,23,36,12,94,16,8,24,118
06/16/2020,MDT,PA,AEA,EN,Combined TRACON& Tower with Radar,24,26,5,15,70,0,4,25,5,34,24,30,30,20,104,8,14,22,126
06/17/2020,MDT,PA,AEA,EN,Combined TRACON& Tower with Radar,20,25,14,16,75,0,0,10,13,23,20,25,24,29,98,10,116,126,224
06/18/2020,MDT,PA,AEA,EN,Combined TRACON& Tower with Radar,26,27,9,3,65,0,0,2,8,10,26,27,11,11,75,0,14,14,89
06/19/2020,MDT,PA,AEA,EN,Combined TRACON& Tower with Radar,17,27,4,6,54,0,2,2,2,6,17,29,6,8,60,0,0,0,60
06/20/2020,MDT,PA,AEA,EN,Combined TRACON& Tower with Radar,10,12,4,5,31,0,2,3,0,5,10,14,7,5,36,0,2,2,38
06/21/2020,MDT,PA,AEA,EN,Combined TRACON& Tower with Radar,13,14,8,2,37,0,0,6,0,6,13,14,14,2,43,0,0,0,43
06/22/2020,MDT,PA,AEA,EN,Combined TRACON& Tower with Radar,22,23,9,4,58,0,2,6,2,10,22,25,15,6,68,0,0,0,68
06/23/2020,MDT,PA,AEA,EN,Combined TRACON& Tower with Radar,24,22,10,13,69,0,0,3,1,4,24,22,13,14,73,4,6,10,83
06/24/2020,MDT,PA,AEA,EN,Combined TRACON& Tower with Radar,19,27,26,18,90,0,1,18,4,23,19,28,44,22,113,22,20,42,155
06/25/2020,MDT,PA,AEA,EN,Combined TRACON& Tower with Radar,26,27,18,19,90,0,1,14,4,19,26,28,32,23,109,0,20,20,129
06/26/2020,MDT,PA,AEA,EN,Combined TRACON& Tower with Radar,17,33,6,20,76,0,1,13,8,22,17,34,19,28,98,44,16,60,158
06/27/2020,MDT,PA,AEA,EN,Combined TRACON& Tower with Radar,8,13,5,6,32,0,0,3,3,6,8,13,8,9,38,24,16,40,78
06/28/2020,MDT,PA,AEA,EN,Combined TRACON& Tower with Radar,12,18,7,0,37,0,0,10,0,10,12,18,17,0,47,20,0,20,67
06/29/2020,MDT,PA,AEA,EN,Combined TRACON& Tower with Radar,24,25,9,0,58,0,0,19,0,19,24,25,28,0,77,0,0,0,77
06/30/2020,MDT,PA,AEA,EN,Combined TRACON& Tower with Radar,23,19,17,5,64,0,1,8,12,21,23,20,25,17,85,0,20,20,105
07/01/2020,MDT,PA,AEA,EN,Combined TRACON& Tower with Radar,22,26,28,7,83,0,1,5,6,12,22,27,33,13,95,2,56,58,153
07/02/2020,MDT,PA,AEA,EN,Combined TRACON& Tower with Radar,26,28,4,26,84,0,3,11,4,18,26,31,15,30,102,0,16,16,118
07/03/2020,MDT,PA,AEA,EN,Combined TRACON& Tower with Radar,18,26,9,6,59,0,1,10,0,11,18,27,19,6,70,0,8,8,78
07/04/2020,MDT,PA,AEA,EN,Combined TRACON& Tower with Radar,12,15,5,0,32,0,1,6,1,8,12,16,11,1,40,22,0,22,62
07/05/2020,MDT,PA,AEA,EN,Combined TRACON& Tower with Radar,21,23,7,0,51,0,4,13,0,17,21,27,20,0,68,12,0,12,80
07/06/2020,MDT,PA,AEA,EN,Combined TRACON& Tower with Radar,27,28,5,6,66,0,0,3,0,3,27,28,8,6,69,2,0,2,71
07/07/2020,MDT,PA,AEA,EN,Combined TRACON& Tower with Radar,29,29,22,14,94,0,2,2,6,10,29,31,24,20,104,0,4,4,108
07/08/2020,MDT,PA,AEA,EN,Combined TRACON& Tower with Radar,31,33,11,10,85,0,0,8,0,8,31,33,19,10,93,4,2,6,99
07/09/2020,MDT,PA,AEA,EN,Combined TRACON& Tower with Radar,36,34,10,2,82,0,0,18,6,24,36,34,28,8,106,16,22,38,144
07/10/2020,MDT,PA,AEA,EN,Combined TRACON& Tower with Radar,29,37,9,18,93,0,0,5,3,8,29,37,14,21,101,0,14,14,115
07/11/2020,MDT,PA,AEA,EN,Combined TRACON& Tower with Radar,26,25,7,0,58,0,3,6,1,10,26,28,13,1,68,0,0,0,68
07/12/2020,MDT,PA,AEA,EN,Combined TRACON& Tower with Radar,28,24,15,1,68,0,0,12,0,12,28,24,27,1,80,0,0,0,80
07/13/2020,MDT,PA,AEA,EN,Combined TRACON& Tower with Radar,32,27,10,9,78,0,2,10,10,22,32,29,20,19,100,0,30,30,130
07/14/2020,MDT,PA,AEA,EN,Combined TRACON& Tower with Radar,30,28,9,8,75,0,2,18,8,28,30,30,27,16,103,0,14,14,117
07/15/2020,MDT,PA,AEA,EN,Combined TRACON& Tower with Radar,27,24,19,19,89,0,0,21,5,26,27,24,40,24,115,10,0,10,125
07/16/2020,MDT,PA,AEA,EN,Combined TRACON& Tower with Radar,38,31,10,2,81,0,0,7,3,10,38,31,17,5,91,0,4,4,95
07/17/2020,MDT,PA,AEA,EN,Combined TRACON& Tower with Radar,28,34,25,7,94,0,0,11,3,14,28,34,36,10,108,0,2,2,110
07/18/2020,MDT,PA,AEA,EN,Combined TRACON& Tower with Radar,25,20,6,4,55,0,0,18,1,19,25,20,24,5,74,8,0,8,82
07/19/2020,MDT,PA,AEA,EN,Combined TRACON& Tower with Radar,26,33,7,1,67,0,2,8,3,13,26,35,15,4,80,0,0,0,80
07/20/2020,MDT,PA,AEA,EN,Combined TRACON& Tower with Radar,32,31,2,38,103,0,0,5,0,5,32,31,7,38,108,0,6,6,114
07/21/2020,MDT,PA,AEA,EN,Combined TRACON& Tower with Radar,33,24,12,20,89,0,3,14,8,25,33,27,26,28,114,4,20,24,138
07/22/2020,MDT,PA,AEA,EN,Combined TRACON& Tower with Radar,29,29,12,5,75,0,0,7,1,8,29,29,19,6,83,0,10,10,93
07/23/2020,MDT,PA,AEA,EN,Combined TRACON& Tower with Radar,38,36,10,9,93,0,4,10,2,16,38,40,20,11,109,6,34,40,149
07/24/2020,MDT,PA,AEA,EN,Combined TRACON& Tower with Radar,29,33,15,4,81,0,6,7,3,16,29,39,22,7,97,4,2,6,103
07/25/2020,MDT,PA,AEA,EN,Combined TRACON& Tower with Radar,26,22,4,0,52,0,0,8,0,8,26,22,12,0,60,0,0,0,60
07/26/2020,MDT,PA,AEA,EN,Combined TRACON& Tower with Radar,26,28,16,5,75,0,2,18,1,21,26,30,34,6,96,0,16,16,112
07/27/2020,MDT,PA,AEA,EN,Combined TRACON& Tower with Radar,34,31,14,14,93,0,0,9,0,9,34,31,23,14,102,4,4,8,110
07/28/2020,MDT,PA,AEA,EN,Combined TRACON& Tower with Radar,32,24,6,8,70,0,0,1,1,2,32,24,7,9,72,0,16,16,88
07/29/2020,MDT,PA,AEA,EN,Combined TRACON& Tower with Radar,29,26,9,8,72,0,4,30,2,36,29,30,39,10,108,8,0,8,116
07/30/2020,MDT,PA,AEA,EN,Combined TRACON& Tower with Radar,35,32,25,11,103,0,0,16,2,18,35,32,41,13,121,28,10,38,159
07/31/2020,MDT,PA,AEA,EN,Combined TRACON& Tower with Radar,25,29,24,17,95,0,0,6,5,11,25,29,30,22,106,6,30,36,142
08/01/2020,MDT,PA,AEA,EN,Combined TRACON& Tower with Radar,27,20,2,2,51,0,2,4,0,6,27,22,6,2,57,0,0,0,57
08/02/2020,MDT,PA,AEA,EN,Combined TRACON& Tower with Radar,24,23,6,0,53,0,0,2,0,2,24,23,8,0,55,0,0,0,55
08/03/2020,MDT,PA,AEA,EN,Combined TRACON& Tower with Radar,30,32,10,9,81,0,0,10,1,11,30,32,20,10,92,2,20,22,114
08/04/2020,MDT,PA,AEA,EN,Combined TRACON& Tower with Radar,28,22,3,0,53,0,0,3,0,3,28,22,6,0,56,2,0,2,58
08/05/2020,MDT,PA,AEA,EN,Combined TRACON& Tower with Radar,32,25,14,7,78,0,1,24,0,25,32,26,38,7,103,4,6,10,113
08/06/2020,MDT,PA,AEA,EN,Combined TRACON& Tower with Radar,37,32,13,7,89,0,0,7,2,9,37,32,20,9,98,14,18,32,130
08/07/2020,MDT,PA,AEA,EN,Combined TRACON& Tower with Radar,29,38,16,4,87,0,2,1,0,3,29,40,17,4,90,0,0,0,90
08/08/2020,MDT,PA,AEA,EN,Combined TRACON& Tower with Radar,26,19,10,1,56,0,3,14,0,17,26,22,24,1,73,6,0,6,79
08/09/2020,MDT,PA,AEA,EN,Combined TRACON& Tower with Radar,24,20,9,2,55,0,0,15,0,15,24,20,24,2,70,20,0,20,90
08/10/2020,MDT,PA,AEA,EN,Combined TRACON& Tower with Radar,33,27,7,2,69,1,0,13,1,15,34,27,20,3,84,14,0,14,98
08/11/2020,MDT,PA,AEA,EN,Combined TRACON& Tower with Radar,29,26,8,12,75,0,0,13,0,13,29,26,21,12,88,24,0,24,112
08/12/2020,MDT,PA,AEA,EN,Combined TRACON& Tower with Radar,31,25,3,9,68,0,0,14,2,16,31,25,17,11,84,16,20,36,120
08/13/2020,MDT,PA,AEA,EN,Combined TRACON& Tower with Radar,34,35,9,0,78,0,6,6,2,14,34,41,15,2,92,0,0,0,92
08/14/2020,MDT,PA,AEA,EN,Combined TRACON& Tower with Radar,28,28,7,16,79,0,0,19,6,25,28,28,26,22,104,12,28,40,144
08/15/2020,MDT,PA,AEA,EN,Combined TRACON& Tower with Radar,29,22,4,2,57,0,1,1,0,2,29,23,5,2,59,0,0,0,59
08/16/2020,MDT,PA,AEA,EN,Combined TRACON& Tower with Radar,25,20,8,4,57,0,2,11,0,13,25,22,19,4,70,46,0,46,116
08/17/2020,MDT,PA,AEA,EN,Combined TRACON& Tower with Radar,34,35,10,1,80,0,3,5,1,9,34,38,15,2,89,16,0,16,105
08/18/2020,MDT,PA,AEA,EN,Combined TRACON& Tower with Radar,33,23,13,2,71,0,4,26,0,30,33,27,39,2,101,2,0,2,103
08/19/2020,MDT,PA,AEA,EN,Combined TRACON& Tower with Radar,29,26,11,23,89,0,2,20,0,22,29,28,31,23,111,36,12,48,159
08/20/2020,MDT,PA,AEA,EN,Combined TRACON& Tower with Radar,34,34,15,9,92,0,0,19,0,19,34,34,34,9,111,6,0,6,117
08/21/2020,MDT,PA,AEA,EN,Combined TRACON& Tower with Radar,26,33,13,4,76,0,1,5,1,7,26,34,18,5,83,0,0,0,83
08/22/2020,MDT,PA,AEA,EN,Combined TRACON& Tower with Radar,24,18,9,0,51,0,0,29,0,29,24,18,38,0,80,24,0,24,104
08/23/2020,MDT,PA,AEA,EN,Combined TRACON& Tower with Radar,21,24,6,0,51,0,0,4,0,4,21,24,10,0,55,0,0,0,55
08/24/2020,MDT,PA,AEA,EN,Combined TRACON& Tower with Radar,29,34,15,18,96,0,5,7,2,14,29,39,22,20,110,8,12,20,130
08/25/2020,MDT,PA,AEA,EN,Combined TRACON& Tower with Radar,30,27,12,4,73,0,5,1,1,7,30,32,13,5,80,8,10,18,98
08/26/2020,MDT,PA,AEA,EN,Combined TRACON& Tower with Radar,27,34,16,6,83,0,7,28,4,39,27,41,44,10,122,18,18,36,158
08/27/2020,MDT,PA,AEA,EN,Combined TRACON& Tower with Radar,33,33,9,7,82,0,0,4,1,5,33,33,13,8,87,0,0,0,87
08/28/2020,MDT,PA,AEA,EN,Combined TRACON& Tower with Radar,26,33,6,3,68,0,0,6,1,7,26,33,12,4,75,0,0,0,75
08/29/2020,MDT,PA,AEA,EN,Combined TRACON& Tower with Radar,23,23,11,0,57,0,0,2,0,2,23,23,13,0,59,0,0,0,59
08/30/2020,MDT,PA,AEA,EN,Combined TRACON& Tower with Radar,20,24,13,3,60,0,2,12,1,15,20,26,25,4,75,14,0,14,89
08/31/2020,MDT,PA,AEA,EN,Combined TRACON& Tower with Radar,31,23,15,6,75,0,2,6,3,11,31,25,21,9,86,0,34,34,120
09/01/2020,MDT,PA,AEA,EN,Combined TRACON& Tower with Radar,33,25,8,30,96,0,2,7,0,9,33,27,15,30,105,0,10,10,115
09/02/2020,MDT,PA,AEA,EN,Combined TRACON& Tower with Radar,29,23,20,5,77,0,0,1,0,1,29,23,21,5,78,0,0,0,78
09/03/2020,MDT,PA,AEA,EN,Combined TRACON& Tower with Radar,38,31,14,8,91,0,0,7,10,17,38,31,21,18,108,0,0,0,108
09/04/2020,MDT,PA,AEA,EN,Combined TRACON& Tower with Radar,25,34,15,1,75,0,0,10,0,10,25,34,25,1,85,6,20,26,111
09/05/2020,MDT,PA,AEA,EN,Combined TRACON& Tower with Radar,21,16,12,0,49,0,6,17,0,23,21,22,29,0,72,4,0,4,76
09/06/2020,MDT,PA,AEA,EN,Combined TRACON& Tower with Radar,19,19,7,2,47,0,2,11,0,13,19,21,18,2,60,14,4,18,78
09/07/2020,MDT,PA,AEA,EN,Combined TRACON& Tower with Radar,21,26,4,0,51,0,0,14,2,16,21,26,18,2,67,32,0,32,99
09/08/2020,MDT,PA,AEA,EN,Combined TRACON& Tower with Radar,30,21,14,11,76,0,0,15,5,20,30,21,29,16,96,8,28,36,132
09/09/2020,MDT,PA,AEA,EN,Combined TRACON& Tower with Radar,42,28,22,14,106,0,0,9,6,15,42,28,31,20,121,0,22,22,143
09/10/2020,MDT,PA,AEA,EN,Combined TRACON& Tower with Radar,45,21,11,11,88,0,2,0,2,4,45,23,11,13,92,4,18,22,114
09/11/2020,MDT,PA,AEA,EN,Combined TRACON& Tower with Radar,36,22,23,7,88,0,0,1,2,3,36,22,24,9,91,0,22,22,113
09/12/2020,MDT,PA,AEA,EN,Combined TRACON& Tower with Radar,31,17,5,1,54,0,4,8,4,16,31,21,13,5,70,12,0,12,82
09/13/2020,MDT,PA,AEA,EN,Combined TRACON& Tower with Radar,28,16,15,0,59,0,2,11,0,13,28,18,26,0,72,0,0,0,72
09/14/2020,MDT,PA,AEA,EN,Combined TRACON& Tower with Radar,37,19,15,9,80,0,0,12,3,15,37,19,27,12,95,32,0,32,127
09/15/2020,MDT,PA,AEA,EN,Combined TRACON& Tower with Radar,43,32,11,10,96,0,8,35,10,53,43,40,46,20,149,14,32,46,195
09/16/2020,MDT,PA,AEA,EN,Combined TRACON& Tower with Radar,36,30,15,10,91,0,2,5,4,11,36,32,20,14,102,8,36,44,146
09/17/2020,MDT,PA,AEA,EN,Combined TRACON& Tower with Radar,43,29,13,15,100,0,0,6,4,10,43,29,19,19,110,0,20,20,130
09/18/2020,MDT,PA,AEA,EN,Combined TRACON& Tower with Radar,33,27,4,10,74,0,0,1,3,4,33,27,5,13,78,0,24,24,102
09/19/2020,MDT,PA,AEA,EN,Combined TRACON& Tower with Radar,31,13,4,4,52,0,0,13,3,16,31,13,17,7,68,0,0,0,68
09/20/2020,MDT,PA,AEA,EN,Combined TRACON& Tower with Radar,28,21,8,0,57,0,0,13,0,13,28,21,21,0,70,0,0,0,70
09/21/2020,MDT,PA,AEA,EN,Combined TRACON& Tower with Radar,37,22,12,10,81,0,4,10,0,14,37,26,22,10,95,0,0,0,95
09/22/2020,MDT,PA,AEA,EN,Combined TRACON& Tower with Radar,40,29,11,5,85,0,2,8,7,17,40,31,19,12,102,0,2,2,104
09/23/2020,MDT,PA,AEA,EN,Combined TRACON& Tower with Radar,38,28,15,6,87,0,1,20,6,27,38,29,35,12,114,4,8,12,126
09/24/2020,MDT,PA,AEA,EN,Combined TRACON& Tower with Radar,41,24,5,5,75,0,0,11,2,13,41,24,16,7,88,12,8,20,108
09/25/2020,MDT,PA,AEA,EN,Combined TRACON& Tower with Radar,36,21,17,5,79,0,2,7,0,9,36,23,24,5,88,8,0,8,96
09/26/2020,MDT,PA,AEA,EN,Combined TRACON& Tower with Radar,31,14,9,3,57,0,0,1,0,1,31,14,10,3,58,0,0,0,58
09/27/2020,MDT,PA,AEA,EN,Combined TRACON& Tower with Radar,28,14,23,3,68,0,0,3,1,4,28,14,26,4,72,0,0,0,72
09/28/2020,MDT,PA,AEA,EN,Combined TRACON& Tower with Radar,36,26,20,22,104,0,4,7,0,11,36,30,27,22,115,20,18,38,153
09/29/2020,MDT,PA,AEA,EN,Combined TRACON& Tower with Radar,42,25,11,2,80,0,0,8,2,10,42,25,19,4,90,10,0,10,100
09/30/2020,MDT,PA,AEA,EN,Combined TRACON& Tower with Radar,38,26,10,1,75,0,0,5,0,5,38,26,15,1,80,0,0,0,80
10/01/2020,MDT,PA,AEA,EN,Combined TRACON& Tower with Radar,46,24,15,4,89,0,4,24,2,30,46,28,39,6,119,12,18,30,149
10/02/2020,MDT,PA,AEA,EN,Combined TRACON& Tower with Radar,41,35,14,3,93,0,2,7,1,10,41,37,21,4,103,0,8,8,111
10/03/2020,MDT,PA,AEA,EN,Combined TRACON& Tower with Radar,34,17,6,2,59,0,0,18,0,18,34,17,24,2,77,2,14,16,93
10/04/2020,MDT,PA,AEA,EN,Combined TRACON& Tower with Radar,30,15,5,0,50,0,1,14,0,15,30,16,19,0,65,10,0,10,75
10/05/2020,MDT,PA,AEA,EN,Combined TRACON& Tower with Radar,39,23,11,14,87,0,0,11,0,11,39,23,22,14,98,14,12,26,124
10/06/2020,MDT,PA,AEA,EN,Combined TRACON& Tower with Radar,42,23,9,1,75,0,0,8,5,13,42,23,17,6,88,4,0,4,92
10/07/2020,MDT,PA,AEA,EN,Combined TRACON& Tower with Radar,38,24,5,9,76,0,0,4,4,8,38,24,9,13,84,2,10,12,96
10/08/2020,MDT,PA,AEA,EN,Combined TRACON& Tower with Radar,40,22,13,6,81,0,2,16,4,22,40,24,29,10,103,38,20,58,161
10/09/2020,MDT,PA,AEA,EN,Combined TRACON& Tower with Radar,35,28,11,2,76,0,1,11,4,16,35,29,22,6,92,10,16,26,118
10/10/2020,MDT,PA,AEA,EN,Combined TRACON& Tower with Radar,30,12,8,7,57,0,0,7,0,7,30,12,15,7,64,16,18,34,98
10/11/2020,MDT,PA,AEA,EN,Combined TRACON& Tower with Radar,28,17,8,1,54,0,2,2,0,4,28,19,10,1,58,10,0,10,68
10/12/2020,MDT,PA,AEA,EN,Combined TRACON& Tower with Radar,35,23,7,2,67,0,1,0,0,1,35,24,7,2,68,0,0,0,68
10/13/2020,MDT,PA,AEA,EN,Combined TRACON& Tower with Radar,36,21,13,13,83,0,0,8,5,13,36,21,21,18,96,0,22,22,118
10/14/2020,MDT,PA,AEA,EN,Combined TRACON& Tower with Radar,38,28,9,7,82,0,3,17,11,31,38,31,26,18,113,16,14,30,143
10/15/2020,MDT,PA,AEA,EN,Combined TRACON& Tower with Radar,40,24,16,18,98,0,0,10,1,11,40,24,26,19,109,22,24,46,155
10/16/2020,MDT,PA,AEA,EN,Combined TRACON& Tower with Radar,35,25,10,22,92,0,0,1,8,9,35,25,11,30,101,0,50,50,151
10/17/2020,MDT,PA,AEA,EN,Combined TRACON& Tower with Radar,31,16,13,4,64,0,2,14,0,16,31,18,27,4,80,16,2,18,98
10/18/2020,MDT,PA,AEA,EN,Combined TRACON& Tower with Radar,28,14,5,7,54,0,0,18,0,18,28,14,23,7,72,22,0,22,94
10/19/2020,MDT,PA,AEA,EN,Combined TRACON& Tower with Radar,35,22,1,3,61,0,0,9,0,9,35,22,10,3,70,0,0,0,70
10/20/2020,MDT,PA,AEA,EN,Combined TRACON& Tower with Radar,36,17,14,17,84,0,0,14,4,18,36,17,28,21,102,10,26,36,138
10/21/2020,MDT,PA,AEA,EN,Combined TRACON& Tower with Radar,40,23,14,12,89,0,0,7,4,11,40,23,21,16,100,0,40,40,140
10/22/2020,MDT,PA,AEA,EN,Combined TRACON& Tower with Radar,40,21,9,4,74,0,0,5,0,5,40,21,14,4,79,0,0,0,79
10/23/2020,MDT,PA,AEA,EN,Combined TRACON& Tower with Radar,35,25,29,18,107,0,0,5,4,9,35,25,34,22,116,4,28,32,148
10/24/2020,MDT,PA,AEA,EN,Combined TRACON& Tower with Radar,28,12,8,5,53,0,2,4,2,8,28,14,12,7,61,0,0,0,61
10/25/2020,MDT,PA,AEA,EN,Combined TRACON& Tower with Radar,28,15,4,4,51,0,0,12,0,12,28,15,16,4,63,20,0,20,83
10/26/2020,MDT,PA,AEA,EN,Combined TRACON& Tower with Radar,35,25,20,8,88,0,0,0,0,0,35,25,20,8,88,0,0,0,88
10/27/2020,MDT,PA,AEA,EN,Combined TRACON& Tower with Radar,36,22,12,17,87,0,0,9,4,13,36,22,21,21,100,18,64,82,182
10/28/2020,MDT,PA,AEA,EN,Combined TRACON& Tower with Radar,34,21,22,24,101,0,0,1,6,7,34,21,23,30,108,12,50,62,170
10/29/2020,MDT,PA,AEA,EN,Combined TRACON& Tower with Radar,38,23,6,0,67,0,0,0,0,0,38,23,6,0,67,0,0,0,67
10/30/2020,MDT,PA,AEA,EN,Combined TRACON& Tower with Radar,33,26,5,4,68,0,0,3,0,3,33,26,8,4,71,0,0,0,71
10/31/2020,MDT,PA,AEA,EN,Combined TRACON& Tower with Radar,21,12,9,0,42,0,1,12,1,14,21,13,21,1,56,6,0,6,62
11/01/2020,MDT,PA,AEA,EN,Combined TRACON& Tower with Radar,27,16,6,0,49,0,0,1,1,2,27,16,7,1,51,0,0,0,51
11/02/2020,MDT,PA,AEA,EN,Combined TRACON& Tower with Radar,39,19,8,3,69,0,2,0,6,8,39,21,8,9,77,6,22,28,105
11/03/2020,MDT,PA,AEA,EN,Combined TRACON& Tower with Radar,34,16,12,4,66,0,4,10,5,19,34,20,22,9,85,0,20,20,105
11/04/2020,MDT,PA,AEA,EN,Combined TRACON& Tower with Radar,38,23,21,5,87,0,0,15,5,20,38,23,36,10,107,14,32,46,153
11/05/2020,MDT,PA,AEA,EN,Combined TRACON& Tower with Radar,47,33,21,3,104,0,0,19,3,22,47,33,40,6,126,8,20,28,154
11/06/2020,MDT,PA,AEA,EN,Combined TRACON& Tower with Radar,41,26,10,12,89,0,0,7,5,12,41,26,17,17,101,12,40,52,153
11/07/2020,MDT,PA,AEA,EN,Combined TRACON& Tower with Radar,24,17,6,0,47,0,1,29,0,30,24,18,35,0,77,8,6,14,91
11/08/2020,MDT,PA,AEA,EN,Combined TRACON& Tower with Radar,26,23,14,4,67,0,1,13,0,14,26,24,27,4,81,4,0,4,85
11/09/2020,MDT,PA,AEA,EN,Combined TRACON& Tower with Radar,43,20,8,24,95,0,2,28,2,32,43,22,36,26,127,0,0,0,127
11/10/2020,MDT,PA,AEA,EN,Combined TRACON& Tower with Radar,40,20,19,14,93,0,2,26,4,32,40,22,45,18,125,26,36,62,187
11/11/2020,MDT,PA,AEA,EN,Combined TRACON& Tower with Radar,40,17,12,0,69,26,0,5,40,71,66,17,17,40,140,0,0,0,140
11/12/2020,MDT,PA,AEA,EN,Combined TRACON& Tower with Radar,46,23,12,11,92,0,0,0,0,0,46,23,12,11,92,0,4,4,96
11/13/2020,MDT,PA,AEA,EN,Combined TRACON& Tower with Radar,41,26,11,4,82,0,0,11,2,13,41,26,22,6,95,20,0,20,115
11/14/2020,MDT,PA,AEA,EN,Combined TRACON& Tower with Radar,32,12,9,2,55,0,2,35,0,37,32,14,44,2,92,8,0,8,100
11/15/2020,MDT,PA,AEA,EN,Combined TRACON& Tower with Radar,26,21,2,0,49,0,0,2,1,3,26,21,4,1,52,10,0,10,62
11/16/2020,MDT,PA,AEA,EN,Combined TRACON& Tower with Radar,46,25,6,0,77,0,1,8,2,11,46,26,14,2,88,10,0,10,98
11/17/2020,MDT,PA,AEA,EN,Combined TRACON& Tower with Radar,43,27,7,13,90,0,1,5,1,7,43,28,12,14,97,0,6,6,103
11/18/2020,MDT,PA,AEA,EN,Combined TRACON& Tower with Radar,46,14,10,2,72,0,2,13,0,15,46,16,23,2,87,8,0,8,95
11/19/2020,MDT,PA,AEA,EN,Combined TRACON& Tower with Radar,44,22,15,12,93,0,2,15,7,24,44,24,30,19,117,4,0,4,121
11/20/2020,MDT,PA,AEA,EN,Combined TRACON& Tower with Radar,45,23,8,2,78,0,1,21,1,23,45,24,29,3,101,0,0,0,101
11/21/2020,MDT,PA,AEA,EN,Combined TRACON& Tower with Radar,28,16,14,0,58,0,0,14,0,14,28,16,28,0,72,8,0,8,80
11/22/2020,MDT,PA,AEA,EN,Combined TRACON& Tower with Radar,30,16,4,2,52,0,0,2,0,2,30,16,6,2,54,0,2,2,56
11/23/2020,MDT,PA,AEA,EN,Combined TRACON& Tower with Radar,43,15,0,3,61,0,2,2,1,5,43,17,2,4,66,6,16,22,88
11/24/2020,MDT,PA,AEA,EN,Combined TRACON& Tower with Radar,49,26,12,7,94,0,1,21,2,24,49,27,33,9,118,34,4,38,156
11/25/2020,MDT,PA,AEA,EN,Combined TRACON& Tower with Radar,55,22,10,8,95,0,0,26,10,36,55,22,36,18,131,36,10,46,177
11/26/2020,MDT,PA,AEA,EN,Combined TRACON& Tower with Radar,16,3,2,2,23,0,0,2,0,2,16,3,4,2,25,0,0,0,25
11/27/2020,MDT,PA,AEA,EN,Combined TRACON& Tower with Radar,35,12,5,0,52,0,0,17,0,17,35,12,22,0,69,4,0,4,73
11/28/2020,MDT,PA,AEA,EN,Combined TRACON& Tower with Radar,30,19,10,1,60,0,2,9,0,11,30,21,19,1,71,16,0,16,87
11/29/2020,MDT,PA,AEA,EN,Combined TRACON& Tower with Radar,30,25,16,0,71,0,0,22,0,22,30,25,38,0,93,50,0,50,143
11/30/2020,MDT,PA,AEA,EN,Combined TRACON& Tower with Radar,53,26,15,0,94,0,0,0,0,0,53,26,15,0,94,0,0,0,94
12/01/2020,MDT,PA,AEA,EN,Combined TRACON& Tower with Radar,47,19,5,3,74,0,0,5,0,5,47,19,10,3,79,0,0,0,79
12/02/2020,MDT,PA,AEA,EN,Combined TRACON& Tower with Radar,46,12,5,8,71,0,2,2,5,9,46,14,7,13,80,0,23,23,103
12/03/2020,MDT,PA,AEA,EN,Combined TRACON& Tower with Radar,51,21,4,7,83,0,1,15,18,34,51,22,19,25,117,14,16,30,147
12/04/2020,MDT,PA,AEA,EN,Combined TRACON& Tower with Radar,43,30,2,3,78,0,4,5,3,12,43,34,7,6,90,14,6,20,110
12/05/2020,MDT,PA,AEA,EN,Combined TRACON& Tower with Radar,27,11,4,0,42,0,0,1,0,1,27,11,5,0,43,4,0,4,47
12/06/2020,MDT,PA,AEA,EN,Combined TRACON& Tower with Radar,26,16,18,0,60,0,0,11,0,11,26,16,29,0,71,14,0,14,85
12/07/2020,MDT,PA,AEA,EN,Combined TRACON& Tower with Radar,42,17,11,13,83,0,0,7,6,13,42,17,18,19,96,12,42,54,150
12/08/2020,MDT,PA,AEA,EN,Combined TRACON& Tower with Radar,44,14,17,7,82,0,0,9,1,10,44,14,26,8,92,0,14,14,106
12/09/2020,MDT,PA,AEA,EN,Combined TRACON& Tower with Radar,41,12,9,11,73,0,0,7,2,9,41,12,16,13,82,27,15,42,124
12/10/2020,MDT,PA,AEA,EN,Combined TRACON& Tower with Radar,52,24,13,6,95,0,0,20,4,24,52,24,33,10,119,4,24,28,147
12/11/2020,MDT,PA,AEA,EN,Combined TRACON& Tower with Radar,44,23,19,6,92,0,0,8,1,9,44,23,27,7,101,0,0,0,101
12/12/2020,MDT,PA,AEA,EN,Combined TRACON& Tower with Radar,25,10,10,0,45,0,0,1,0,1,25,10,11,0,46,0,0,0,46
12/13/2020,MDT,PA,AEA,EN,Combined TRACON& Tower with Radar,26,15,11,4,56,0,0,10,0,10,26,15,21,4,66,0,0,0,66
12/14/2020,MDT,PA,AEA,EN,Combined TRACON& Tower with Radar,40,21,5,2,68,0,0,4,3,7,40,21,9,5,75,0,0,0,75
12/15/2020,MDT,PA,AEA,EN,Combined TRACON& Tower with Radar,44,17,15,2,78,0,2,24,0,26,44,19,39,2,104,22,0,22,126
12/16/2020,MDT,PA,AEA,EN,Combined TRACON& Tower with Radar,26,10,1,0,37,0,0,3,0,3,26,10,4,0,40,2,0,2,42
12/17/2020,MDT,PA,AEA,EN,Combined TRACON& Tower with Radar,38,13,3,0,54,0,2,2,0,4,38,15,5,0,58,0,0,0,58
12/18/2020,MDT,PA,AEA,EN,Combined TRACON& Tower with Radar,53,31,14,6,104,0,2,11,4,17,53,33,25,10,121,6,0,6,127
12/19/2020,MDT,PA,AEA,EN,Combined TRACON& Tower with Radar,39,24,15,3,81,0,2,11,1,14,39,26,26,4,95,0,0,0,95
12/20/2020,MDT,PA,AEA,EN,Combined TRACON& Tower with Radar,39,19,3,0,61,0,0,0,0,0,39,19,3,0,61,0,0,0,61
12/21/2020,MDT,PA,AEA,EN,Combined TRACON& Tower with Radar,52,24,12,2,90,0,0,0,0,0,52,24,12,2,90,0,0,0,90
12/22/2020,MDT,PA,AEA,EN,Combined TRACON& Tower with Radar,60,37,19,11,127,0,0,11,3,14,60,37,30,14,141,12,16,28,169
12/23/2020,MDT,PA,AEA,EN,Combined TRACON& Tower with Radar,55,28,15,7,105,0,3,23,1,27,55,31,38,8,132,14,42,56,188
12/24/2020,MDT,PA,AEA,EN,Combined TRACON& Tower with Radar,40,15,0,0,55,0,0,0,0,0,40,15,0,0,55,0,0,0,55
12/25/2020,MDT,PA,AEA,EN,Combined TRACON& Tower with Radar,20,13,1,0,34,0,0,2,0,2,20,13,3,0,36,0,0,0,36
12/26/2020,MDT,PA,AEA,EN,Combined TRACON& Tower with Radar,28,23,2,0,53,0,0,10,0,10,28,23,12,0,63,4,0,4,67
12/27/2020,MDT,PA,AEA,EN,Combined TRACON& Tower with Radar,28,20,7,0,55,0,2,10,0,12,28,22,17,0,67,16,0,16,83
12/28/2020,MDT,PA,AEA,EN,Combined TRACON& Tower with Radar,44,23,6,0,73,0,2,17,0,19,44,25,23,0,92,8,0,8,100
12/29/2020,MDT,PA,AEA,EN,Combined TRACON& Tower with Radar,48,22,10,8,88,0,0,17,2,19,48,22,27,10,107,4,14,18,125
12/30/2020,MDT,PA,AEA,EN,Combined TRACON& Tower with Radar,40,22,8,10,80,0,1,11,7,19,40,23,19,17,99,6,18,24,123
12/31/2020,MDT,PA,AEA,EN,Combined TRACON& Tower with Radar,37,15,2,0,54,0,0,3,0,3,37,15,5,0,57,0,0,0,57
01/01/2021,MDT,PA,AEA,EN,Combined TRACON& Tower with Radar,17,12,0,0,29,0,0,0,0,0,17,12,0,0,29,0,0,0,29
01/02/2021,MDT,PA,AEA,EN,Combined TRACON& Tower with Radar,28,21,2,0,51,0,4,5,0,9,28,25,7,0,60,12,0,12,72
01/03/2021,MDT,PA,AEA,EN,Combined TRACON& Tower with Radar,28,22,4,0,54,0,0,0,0,0,28,22,4,0,54,0,0,0,54
01/04/2021,MDT,PA,AEA,EN,Combined TRACON& Tower with Radar,42,23,9,14,88,0,0,10,4,14,42,23,19,18,102,22,24,46,148
01/05/2021,MDT,PA,AEA,EN,Combined TRACON& Tower with Radar,32,18,6,4,60,0,0,8,0,8,32,18,14,4,68,0,8,8,76
01/06/2021,MDT,PA,AEA,EN,Combined TRACON& Tower with Radar,32,26,11,32,101,0,3,6,18,27,32,29,17,50,128,0,78,78,206
01/07/2021,MDT,PA,AEA,EN,Combined TRACON& Tower with Radar,38,30,9,30,107,0,0,8,6,14,38,30,17,36,121,0,18,18,139
01/08/2021,MDT,PA,AEA,EN,Combined TRACON& Tower with Radar,27,35,5,16,83,0,1,9,2,12,27,36,14,18,95,0,18,18,113
01/09/2021,MDT,PA,AEA,EN,Combined TRACON& Tower with Radar,18,22,6,5,51,0,0,6,3,9,18,22,12,8,60,0,0,0,60
01/10/2021,MDT,PA,AEA,EN,Combined TRACON& Tower with Radar,22,20,12,0,54,0,0,19,0,19,22,20,31,0,73,6,0,6,79
01/11/2021,MDT,PA,AEA,EN,Combined TRACON& Tower with Radar,32,27,3,0,62,0,0,8,0,8,32,27,11,0,70,0,0,0,70
01/12/2021,MDT,PA,AEA,EN,Combined TRACON& Tower with Radar,31,22,9,2,64,0,0,18,15,33,31,22,27,17,97,10,28,38,135
01/13/2021,MDT,PA,AEA,EN,Combined TRACON& Tower with Radar,30,23,25,24,102,0,0,18,6,24,30,23,43,30,126,14,26,40,166
01/14/2021,MDT,PA,AEA,EN,Combined TRACON& Tower with Radar,39,32,16,5,92,0,1,10,2,13,39,33,26,7,105,8,8,16,121
01/15/2021,MDT,PA,AEA,EN,Combined TRACON& Tower with Radar,27,40,5,20,92,0,4,1,0,5,27,44,6,20,97,0,2,2,99
01/16/2021,MDT,PA,AEA,EN,Combined TRACON& Tower with Radar,19,19,16,8,62,0,0,15,1,16,19,19,31,9,78,8,22,30,108
01/17/2021,MDT,PA,AEA,EN,Combined TRACON& Tower with Radar,19,21,7,4,51,0,0,0,8,8,19,21,7,12,59,0,4,4,63
01/18/2021,MDT,PA,AEA,EN,Combined TRACON& Tower with Radar,33,27,10,3,73,0,0,14,4,18,33,27,24,7,91,4,0,4,95
01/19/2021,MDT,PA,AEA,EN,Combined TRACON& Tower with Radar,30,25,11,15,81,0,1,4,11,16,30,26,15,26,97,14,20,34,131
01/20/2021,MDT,PA,AEA,EN,Combined TRACON& Tower with Radar,29,29,7,11,76,1,0,3,8,12,30,29,10,19,88,0,40,40,128
01/21/2021,MDT,PA,AEA,EN,Combined TRACON& Tower with Radar,33,35,16,25,109,0,0,4,14,18,33,35,20,39,127,0,58,58,185
01/22/2021,MDT,PA,AEA,EN,Combined TRACON& Tower with Radar,27,28,5,8,68,0,2,4,5,11,27,30,9,13,79,2,32,34,113
01/23/2021,MDT,PA,AEA,EN,Combined TRACON& Tower with Radar,18,23,4,2,47,0,2,1,1,4,18,25,5,3,51,0,14,14,65
01/24/2021,MDT,PA,AEA,EN,Combined TRACON& Tower with Radar,23,25,4,3,55,0,3,15,0,18,23,28,19,3,73,4,0,4,77
01/25/2021,MDT,PA,AEA,EN,Combined TRACON& Tower with Radar,33,30,8,23,94,0,0,0,4,4,33,30,8,27,98,0,54,54,152
01/26/2021,MDT,PA,AEA,EN,Combined TRACON& Tower with Radar,33,16,7,2,58,0,0,0,0,0,33,16,7,2,58,0,0,0,58
01/27/2021,MDT,PA,AEA,EN,Combined TRACON& Tower with Radar,31,28,23,39,121,0,0,18,15,33,31,28,41,54,154,14,24,38,192
01/28/2021,MDT,PA,AEA,EN,Combined TRACON& Tower with Radar,35,34,8,15,92,0,2,7,6,15,35,36,15,21,107,26,12,38,145
01/29/2021,MDT,PA,AEA,EN,Combined TRACON& Tower with Radar,27,34,5,11,77,0,0,0,3,3,27,34,5,14,80,0,32,32,112
01/30/2021,MDT,PA,AEA,EN,Combined TRACON& Tower with Radar,19,21,8,3,51,0,0,32,0,32,19,21,40,3,83,20,6,26,109
01/31/2021,MDT,PA,AEA,EN,Combined TRACON& Tower with Radar,16,23,4,0,43,0,0,0,0,0,16,23,4,0,43,0,0,0,43
02/01/2021,MDT,PA,AEA,EN,Combined TRACON& Tower with Radar,15,4,4,0,23,0,0,0,0,0,15,4,4,0,23,0,0,0,23
02/02/2021,MDT,PA,AEA,EN,Combined TRACON& Tower with Radar,20,21,4,0,45,0,4,0,0,4,20,25,4,0,49,4,0,4,53
02/03/2021,MDT,PA,AEA,EN,Combined TRACON& Tower with Radar,33,24,11,10,78,0,0,5,9,14,33,24,16,19,92,2,54,56,148
02/04/2021,MDT,PA,AEA,EN,Combined TRACON& Tower with Radar,37,33,10,4,84,0,8,18,12,38,37,41,28,16,122,8,20,28,150
02/05/2021,MDT,PA,AEA,EN,Combined TRACON& Tower with Radar,27,36,8,3,74,0,4,3,7,14,27,40,11,10,88,2,20,22,110
02/06/2021,MDT,PA,AEA,EN,Combined TRACON& Tower with Radar,22,20,16,5,63,0,3,24,1,28,22,23,40,6,91,16,0,16,107
02/07/2021,MDT,PA,AEA,EN,Combined TRACON& Tower with Radar,19,25,3,0,47,0,0,0,0,0,19,25,3,0,47,0,0,0,47
02/08/2021,MDT,PA,AEA,EN,Combined TRACON& Tower with Radar,34,34,8,5,81,0,0,14,1,15,34,34,22,6,96,10,18,28,124
02/09/2021,MDT,PA,AEA,EN,Combined TRACON& Tower with Radar,30,23,16,12,81,0,2,3,5,10,30,25,19,17,91,0,8,8,99
02/10/2021,MDT,PA,AEA,EN,Combined TRACON& Tower with Radar,33,23,9,22,87,0,0,15,4,19,33,23,24,26,106,12,14,26,132
02/11/2021,MDT,PA,AEA,EN,Combined TRACON& Tower with Radar,34,31,13,6,84,0,0,2,13,15,34,31,15,19,99,0,16,16,115
02/12/2021,MDT,PA,AEA,EN,Combined TRACON& Tower with Radar,35,29,10,11,85,0,0,18,11,29,35,29,28,22,114,4,12,16,130
02/13/2021,MDT,PA,AEA,EN,Combined TRACON& Tower with Radar,36,22,7,3,68,0,0,3,3,6,36,22,10,6,74,2,8,10,84
02/14/2021,MDT,PA,AEA,EN,Combined TRACON& Tower with Radar,21,24,5,4,54,0,0,10,6,16,21,24,15,10,70,14,8,22,92
02/15/2021,MDT,PA,AEA,EN,Combined TRACON& Tower with Radar,28,27,1,1,57,0,0,0,0,0,28,27,1,1,57,0,0,0,57
02/16/2021,MDT,PA,AEA,EN,Combined TRACON& Tower with Radar,29,14,9,20,72,0,2,3,13,18,29,16,12,33,90,0,42,42,132
02/17/2021,MDT,PA,AEA,EN,Combined TRACON& Tower with Radar,31,25,35,8,99,0,0,17,6,23,31,25,52,14,122,18,6,24,146
02/18/2021,MDT,PA,AEA,EN,Combined TRACON& Tower with Radar,24,10,4,0,38,0,0,0,0,0,24,10,4,0,38,0,0,0,38
02/19/2021,MDT,PA,AEA,EN,Combined TRACON& Tower with Radar,32,27,9,0,68,0,0,4,0,4,32,27,13,0,72,0,0,0,72
02/20/2021,MDT,PA,AEA,EN,Combined TRACON& Tower with Radar,34,17,10,0,61,0,0,7,0,7,34,17,17,0,68,0,0,0,68
02/21/2021,MDT,PA,AEA,EN,Combined TRACON& Tower with Radar,25,22,17,1,65,0,0,26,7,33,25,22,43,8,98,18,10,28,126
02/22/2021,MDT,PA,AEA,EN,Combined TRACON& Tower with Radar,40,29,7,4,80,0,1,0,0,1,40,30,7,4,81,0,16,16,97
02/23/2021,MDT,PA,AEA,EN,Combined TRACON& Tower with Radar,40,22,14,12,88,0,3,2,15,20,40,25,16,27,108,0,40,40,148
02/24/2021,MDT,PA,AEA,EN,Combined TRACON& Tower with Radar,38,35,17,20,110,0,0,25,10,35,38,35,42,30,145,12,12,24,169
02/25/2021,MDT,PA,AEA,EN,Combined TRACON& Tower with Radar,40,46,10,16,112,0,2,33,19,54,40,48,43,35,166,22,38,60,226
02/26/2021,MDT,PA,AEA,EN,Combined TRACON& Tower with Radar,36,27,15,4,82,0,0,17,4,21,36,27,32,8,103,4,0,4,107
02/27/2021,MDT,PA,AEA,EN,Combined TRACON& Tower with Radar,31,17,14,0,62,0,2,6,0,8,31,19,20,0,70,0,0,0,70
02/28/2021,MDT,PA,AEA,EN,Combined TRACON& Tower with Radar,27,26,19,4,76,0,0,0,0,0,27,26,19,4,76,0,0,0,76
03/01/2021,MDT,PA,AEA,EN,Combined TRACON& Tower with Radar,38,29,4,8,79,0,1,1,0,2,38,30,5,8,81,8,2,10,91
03/02/2021,MDT,PA,AEA,EN,Combined TRACON& Tower with Radar,40,21,23,21,105,0,0,13,5,18,40,21,36,26,123,28,14,42,165
03/03/2021,MDT,PA,AEA,EN,Combined TRACON& Tower with Radar,36,23,16,13,88,0,2,25,7,34,36,25,41,20,122,20,28,48,170
03/04/2021,MDT,PA,AEA,EN,Combined TRACON& Tower with Radar,38,37,9,5,89,0,0,9,12,21,38,37,18,17,110,0,8,8,118
03/05/2021,MDT,PA,AEA,EN,Combined TRACON& Tower with Radar,40,37,3,14,94,0,0,10,3,13,40,37,13,17,107,0,6,6,113
03/06/2021,MDT,PA,AEA,EN,Combined TRACON& Tower with Radar,30,19,9,5,63,0,4,16,0,20,30,23,25,5,83,26,0,26,109
03/07/2021,MDT,PA,AEA,EN,Combined TRACON& Tower with Radar,28,27,12,3,70,0,0,16,5,21,28,27,28,8,91,20,6,26,117
03/08/2021,MDT,PA,AEA,EN,Combined TRACON& Tower with Radar,43,29,14,7,93,0,0,15,1,16,43,29,29,8,109,12,8,20,129
03/09/2021,MDT,PA,AEA,EN,Combined TRACON& Tower with Radar,31,28,19,10,88,0,2,30,2,34,31,30,49,12,122,20,0,20,142
03/10/2021,MDT,PA,AEA,EN,Combined TRACON& Tower with Radar,41,30,16,3,90,0,0,19,0,19,41,30,35,3,109,10,0,10,119
03/11/2021,MDT,PA,AEA,EN,Combined TRACON& Tower with Radar,44,41,18,21,124,0,1,10,3,14,44,42,28,24,138,12,0,12,150
03/12/2021,MDT,PA,AEA,EN,Combined TRACON& Tower with Radar,37,33,17,17,104,0,0,15,14,29,37,33,32,31,133,4,48,52,185
03/13/2021,MDT,PA,AEA,EN,Combined TRACON& Tower with Radar,31,18,14,0,63,0,0,21,0,21,31,18,35,0,84,32,0,32,116
03/14/2021,MDT,PA,AEA,EN,Combined TRACON& Tower with Radar,27,35,6,4,72,0,0,11,0,11,27,35,17,4,83,0,0,0,83
03/15/2021,MDT,PA,AEA,EN,Combined TRACON& Tower with Radar,43,31,24,21,119,0,1,11,5,17,43,32,35,26,136,10,32,42,178
03/16/2021,MDT,PA,AEA,EN,Combined TRACON& Tower with Radar,36,25,12,12,85,0,2,6,13,21,36,27,18,25,106,0,68,68,174
03/17/2021,MDT,PA,AEA,EN,Combined TRACON& Tower with Radar,38,36,20,35,129,0,0,0,4,4,38,36,20,39,133,0,24,24,157
03/18/2021,MDT,PA,AEA,EN,Combined TRACON& Tower with Radar,41,34,19,16,110,0,0,0,0,0,41,34,19,16,110,0,0,0,110
03/19/2021,MDT,PA,AEA,EN,Combined TRACON& Tower with Radar,36,35,4,14,89,0,2,6,8,16,36,37,10,22,105,8,0,8,113
03/20/2021,MDT,PA,AEA,EN,Combined TRACON& Tower with Radar,34,16,11,0,61,0,0,25,6,31,34,16,36,6,92,14,0,14,106
03/21/2021,MDT,PA,AEA,EN,Combined TRACON& Tower with Radar,28,27,11,2,68,0,0,25,0,25,28,27,36,2,93,20,0,20,113
03/22/2021,MDT,PA,AEA,EN,Combined TRACON& Tower with Radar,41,30,16,14,101,0,2,23,10,35,41,32,39,24,136,16,28,44,180
03/23/2021,MDT,PA,AEA,EN,Combined TRACON& Tower with Radar,37,24,11,38,110,0,0,26,8,34,37,24,37,46,144,30,24,54,198
03/24/2021,MDT,PA,AEA,EN,Combined TRACON& Tower with Radar,42,27,22,21,112,0,0,0,0,0,42,27,22,21,112,0,0,0,112
03/25/2021,MDT,PA,AEA,EN,Combined TRACON& Tower with Radar,43,43,22,20,128,0,2,0,0,2,43,45,22,20,130,0,4,4,134
03/26/2021,MDT,PA,AEA,EN,Combined TRACON& Tower with Radar,40,39,12,0,91,0,0,0,0,0,40,39,12,0,91,0,0,0,91
03/27/2021,MDT,PA,AEA,EN,Combined TRACON& Tower with Radar,31,19,12,2,64,0,3,16,0,19,31,22,28,2,83,2,0,2,85
03/28/2021,MDT,PA,AEA,EN,Combined TRACON& Tower with Radar,28,32,6,4,70,0,2,0,0,2,28,34,6,4,72,0,0,0,72
03/29/2021,MDT,PA,AEA,EN,Combined TRACON& Tower with Radar,38,31,5,20,94,0,2,5,8,15,38,33,10,28,109,22,24,46,155
03/30/2021,MDT,PA,AEA,EN,Combined TRACON& Tower with Radar,37,28,7,14,86,0,3,6,14,23,37,31,13,28,109,0,34,34,143
03/31/2021,MDT,PA,AEA,EN,Combined TRACON& Tower with Radar,33,31,12,33,109,0,0,2,11,13,33,31,14,44,122,0,20,20,142
04/01/2021,MDT,PA,AEA,EN,Combined TRACON& Tower with Radar,39,34,15,34,122,0,4,6,13,23,39,38,21,47,145,2,42,44,189
04/02/2021,MDT,PA,AEA,EN,Combined TRACON& Tower with Radar,39,30,6,2,77,0,2,8,8,18,39,32,14,10,95,0,4,4,99
04/03/2021,MDT,PA,AEA,EN,Combined TRACON& Tower with Radar,27,22,5,0,54,0,0,31,1,32,27,22,36,1,86,28,0,28,114
04/04/2021,MDT,PA,AEA,EN,Combined TRACON& Tower with Radar,30,27,2,0,59,0,0,5,1,6,30,27,7,1,65,0,0,0,65
04/05/2021,MDT,PA,AEA,EN,Combined TRACON& Tower with Radar,46,28,13,4,91,0,0,11,1,12,46,28,24,5,103,4,0,4,107
04/06/2021,MDT,PA,AEA,EN,Combined TRACON& Tower with Radar,29,32,16,15,92,0,0,33,10,43,29,32,49,25,135,12,60,72,207
04/07/2021,MDT,PA,AEA,EN,Combined TRACON& Tower with Radar,37,37,20,9,103,0,2,15,2,19,37,39,35,11,122,2,24,26,148
04/08/2021,MDT,PA,AEA,EN,Combined TRACON& Tower with Radar,42,32,16,7,97,0,2,21,8,31,42,34,37,15,128,0,52,52,180
04/09/2021,MDT,PA,AEA,EN,Combined TRACON& Tower with Radar,35,36,26,10,107,0,0,3,0,3,35,36,29,10,110,0,20,20,130
04/10/2021,MDT,PA,AEA,EN,Combined TRACON& Tower with Radar,30,24,21,6,81,0,0,1,0,1,30,24,22,6,82,0,0,0,82
04/11/2021,MDT,PA,AEA,EN,Combined TRACON& Tower with Radar,27,31,10,6,74,0,2,3,0,5,27,33,13,6,79,0,0,0,79
04/12/2021,MDT,PA,AEA,EN,Combined TRACON& Tower with Radar,40,38,16,2,96,0,0,0,0,0,40,38,16,2,96,0,0,0,96
04/13/2021,MDT,PA,AEA,EN,Combined TRACON& Tower with Radar,33,29,9,4,75,0,1,10,10,21,33,30,19,14,96,6,46,52,148
04/14/2021,MDT,PA,AEA,EN,Combined TRACON& Tower with Radar,32,33,18,8,91,0,0,6,2,8,32,33,24,10,99,8,8,16,115
04/15/2021,MDT,PA,AEA,EN,Combined TRACON& Tower with Radar,43,46,9,4,102,0,7,12,5,24,43,53,21,9,126,0,22,22,148
04/16/2021,MDT,PA,AEA,EN,Combined TRACON& Tower with Radar,30,35,5,7,77,0,0,12,4,16,30,35,17,11,93,10,2,12,105
04/17/2021,MDT,PA,AEA,EN,Combined TRACON& Tower with Radar,21,25,9,0,55,0,4,13,4,21,21,29,22,4,76,0,0,0,76
04/18/2021,MDT,PA,AEA,EN,Combined TRACON& Tower with Radar,30,24,25,4,83,0,0,25,1,26,30,24,50,5,109,12,2,14,123
04/19/2021,MDT,PA,AEA,EN,Combined TRACON& Tower with Radar,43,29,11,8,91,0,2,11,4,17,43,31,22,12,108,0,42,42,150
04/20/2021,MDT,PA,AEA,EN,Combined TRACON& Tower with Radar,29,26,23,1,79,0,0,10,3,13,29,26,33,4,92,46,6,52,144
04/21/2021,MDT,PA,AEA,EN,Combined TRACON& Tower with Radar,34,30,5,1,70,0,0,2,1,3,34,30,7,2,73,0,0,0,73
04/22/2021,MDT,PA,AEA,EN,Combined TRACON& Tower with Radar,40,39,5,5,89,0,0,2,5,7,40,39,7,10,96,0,10,10,106
04/23/2021,MDT,PA,AEA,EN,Combined TRACON& Tower with Radar,31,37,12,3,83,0,4,14,1,19,31,41,26,4,102,0,6,6,108
04/24/2021,MDT,PA,AEA,EN,Combined TRACON& Tower with Radar,20,24,12,0,56,0,2,22,0,24,20,26,34,0,80,24,0,24,104
04/25/2021,MDT,PA,AEA,EN,Combined TRACON& Tower with Radar,30,32,6,0,68,0,0,9,2,11,30,32,15,2,79,14,0,14,93
04/26/2021,MDT,PA,AEA,EN,Combined TRACON& Tower with Radar,42,35,16,9,102,0,0,16,4,20,42,35,32,13,122,6,10,16,138
04/27/2021,MDT,PA,AEA,EN,Combined TRACON& Tower with Radar,32,34,5,10,81,0,2,20,8,30,32,36,25,18,111,18,38,56,167
04/28/2021,MDT,PA,AEA,EN,Combined TRACON& Tower with Radar,33,39,7,20,99,0,3,9,9,21,33,42,16,29,120,8,26,34,154
04/29/2021,MDT,PA,AEA,EN,Combined TRACON& Tower with Radar,40,42,10,10,102,0,2,5,3,10,40,44,15,13,112,18,4,22,134
04/30/2021,MDT,PA,AEA,EN,Combined TRACON& Tower with Radar,33,31,5,3,72,0,2,1,1,4,33,33,6,4,76,0,0,0,76
05/01/2021,MDT,PA,AEA,EN,Combined TRACON& Tower with Radar,20,24,17,8,69,0,0,14,1,15,20,24,31,9,84,36,0,36,120
05/02/2021,MDT,PA,AEA,EN,Combined TRACON& Tower with Radar,31,25,11,1,68,0,2,9,0,11,31,27,20,1,79,20,0,20,99
05/03/2021,MDT,PA,AEA,EN,Combined TRACON& Tower with Radar,40,34,4,5,83,0,0,4,0,4,40,34,8,5,87,0,0,0,87
05/04/2021,MDT,PA,AEA,EN,Combined TRACON& Tower with Radar,32,37,12,13,94,0,1,6,10,17,32,38,18,23,111,0,30,30,141
05/05/2021,MDT,PA,AEA,EN,Combined TRACON& Tower with Radar,35,36,18,5,94,0,0,2,1,3,35,36,20,6,97,0,0,0,97
05/06/2021,MDT,PA,AEA,EN,Combined TRACON& Tower with Radar,45,33,19,14,111,0,6,10,6,22,45,39,29,20,133,14,14,28,161
05/07/2021,MDT,PA,AEA,EN,Combined TRACON& Tower with Radar,42,36,5,8,91,0,5,7,6,18,42,41,12,14,109,10,28,38,147
05/08/2021,MDT,PA,AEA,EN,Combined TRACON& Tower with Radar,25,25,9,2,61,0,0,4,0,4,25,25,13,2,65,6,0,6,71
05/09/2021,MDT,PA,AEA,EN,Combined TRACON& Tower with Radar,28,29,6,1,64,0,0,2,0,2,28,29,8,1,66,0,0,0,66
05/10/2021,MDT,PA,AEA,EN,Combined TRACON& Tower with Radar,49,30,24,6,109,0,0,6,6,12,49,30,30,12,121,2,6,8,129
05/11/2021,MDT,PA,AEA,EN,Combined TRACON& Tower with Radar,39,33,17,4,93,0,0,11,4,15,39,33,28,8,108,10,8,18,126
05/12/2021,MDT,PA,AEA,EN,Combined TRACON& Tower with Radar,44,36,11,16,107,0,0,14,8,22,44,36,25,24,129,2,26,28,157
05/13/2021,MDT,PA,AEA,EN,Combined TRACON& Tower with Radar,51,41,15,17,124,0,1,25,16,42,51,42,40,33,166,38,42,80,246
05/14/2021,MDT,PA,AEA,EN,Combined TRACON& Tower with Radar,44,35,11,10,100,0,3,15,8,26,44,38,26,18,126,2,6,8,134
05/15/2021,MDT,PA,AEA,EN,Combined TRACON& Tower with Radar,23,26,5,10,64,0,3,17,4,24,23,29,22,14,88,40,14,54,142
05/16/2021,MDT,PA,AEA,EN,Combined TRACON& Tower with Radar,28,32,17,6,83,0,2,17,2,21,28,34,34,8,104,4,6,10,114
05/17/2021,MDT,PA,AEA,EN,Combined TRACON& Tower with Radar,52,31,7,7,97,0,1,21,1,23,52,32,28,8,120,24,2,26,146
05/18/2021,MDT,PA,AEA,EN,Combined TRACON& Tower with Radar,40,36,26,14,116,0,0,19,6,25,40,36,45,20,141,10,12,22,163
05/19/2021,MDT,PA,AEA,EN,Combined TRACON& Tower with Radar,45,37,23,8,113,0,0,27,6,33,45,37,50,14,146,8,0,8,154
05/20/2021,MDT,PA,AEA,EN,Combined TRACON& Tower with Radar,52,41,16,11,120,0,1,12,0,13,52,42,28,11,133,0,18,18,151
05/21/2021,MDT,PA,AEA,EN,Combined TRACON& Tower with Radar,44,29,16,10,99,0,2,11,1,14,44,31,27,11,113,26,8,34,147
05/22/2021,MDT,PA,AEA,EN,Combined TRACON& Tower with Radar,23,24,8,2,57,0,1,14,3,18,23,25,22,5,75,10,0,10,85
05/23/2021,MDT,PA,AEA,EN,Combined TRACON& Tower with Radar,28,27,15,5,75,0,2,10,3,15,28,29,25,8,90,0,0,0,90
05/24/2021,MDT,PA,AEA,EN,Combined TRACON& Tower with Radar,49,30,17,13,109,0,2,6,3,11,49,32,23,16,120,0,28,28,148
05/25/2021,MDT,PA,AEA,EN,Combined TRACON& Tower with Radar,44,30,26,11,111,0,0,9,7,16,44,30,35,18,127,4,26,30,157
05/26/2021,MDT,PA,AEA,EN,Combined TRACON& Tower with Radar,43,45,27,5,120,0,6,7,1,14,43,51,34,6,134,0,0,0,134
05/27/2021,MDT,PA,AEA,EN,Combined TRACON& Tower with Radar,52,40,10,2,104,0,3,14,3,20,52,43,24,5,124,10,0,10,134
05/28/2021,MDT,PA,AEA,EN,Combined TRACON& Tower with Radar,43,38,8,1,90,0,1,3,0,4,43,39,11,1,94,0,0,0,94
05/29/2021,MDT,PA,AEA,EN,Combined TRACON& Tower with Radar,24,24,4,1,53,0,0,0,0,0,24,24,4,1,53,0,0,0,53
05/30/2021,MDT,PA,AEA,EN,Combined TRACON& Tower with Radar,26,27,6,0,59,0,0,0,0,0,26,27,6,0,59,0,0,0,59
05/31/2021,MDT,PA,AEA,EN,Combined TRACON& Tower with Radar,39,30,9,0,78,0,0,15,0,15,39,30,24,0,93,4,0,4,97
06/01/2021,MDT,PA,AEA,EN,Combined TRACON& Tower with Radar,42,27,12,21,102,0,0,25,5,30,42,27,37,26,132,0,36,36,168
06/02/2021,MDT,PA,AEA,EN,Combined TRACON& Tower with Radar,44,45,19,34,142,0,3,11,2,16,44,48,30,36,158,14,50,64,222
06/03/2021,MDT,PA,AEA,EN,Combined TRACON& Tower with Radar,49,42,18,15,124,0,2,1,4,7,49,44,19,19,131,0,24,24,155
06/04/2021,MDT,PA,AEA,EN,Combined TRACON& Tower with Radar,55,34,18,12,119,0,0,12,1,13,55,34,30,13,132,4,16,20,152
06/05/2021,MDT,PA,AEA,EN,Combined TRACON& Tower with Radar,37,29,11,0,77,0,3,16,2,21,37,32,27,2,98,37,0,37,135
06/06/2021,MDT,PA,AEA,EN,Combined TRACON& Tower with Radar,35,34,11,1,81,0,0,18,0,18,35,34,29,1,99,32,0,32,131
06/07/2021,MDT,PA,AEA,EN,Combined TRACON& Tower with Radar,46,33,22,3,104,0,0,10,0,10,46,33,32,3,114,12,0,12,126
06/08/2021,MDT,PA,AEA,EN,Combined TRACON& Tower with Radar,59,36,11,8,114,0,0,10,3,13,59,36,21,11,127,12,12,24,151
06/09/2021,MDT,PA,AEA,EN,Combined TRACON& Tower with Radar,47,32,33,3,115,0,0,16,9,25,47,32,49,12,140,20,0,20,160
06/10/2021,MDT,PA,AEA,EN,Combined TRACON& Tower with Radar,56,41,13,10,120,0,4,10,18,32,56,45,23,28,152,24,24,48,200
06/11/2021,MDT,PA,AEA,EN,Combined TRACON& Tower with Radar,43,39,16,23,121,0,0,1,0,1,43,39,17,23,122,0,0,0,122
06/12/2021,MDT,PA,AEA,EN,Combined TRACON& Tower with Radar,34,30,18,5,87,0,6,10,12,28,34,36,28,17,115,20,12,32,147
06/13/2021,MDT,PA,AEA,EN,Combined TRACON& Tower with Radar,45,37,15,7,104,2,0,4,4,10,47,37,19,11,114,0,8,8,122
06/14/2021,MDT,PA,AEA,EN,Combined TRACON& Tower with Radar,47,35,19,0,101,0,2,3,1,6,47,37,22,1,107,0,1,1,108
06/15/2021,MDT,PA,AEA,EN,Combined TRACON& Tower with Radar,51,29,11,5,96,0,1,8,6,15,51,30,19,11,111,42,30,72,183
06/16/2021,MDT,PA,AEA,EN,Combined TRACON& Tower with Radar,49,32,9,11,101,0,0,16,7,23,49,32,25,18,124,22,20,42,166
06/17/2021,MDT,PA,AEA,EN,Combined TRACON& Tower with Radar,55,36,18,9,118,0,3,24,4,31,55,39,42,13,149,26,4,30,179
06/18/2021,MDT,PA,AEA,EN,Combined TRACON& Tower with Radar,44,46,19,4,113,0,3,12,0,15,44,49,31,4,128,0,0,0,128
06/19/2021,MDT,PA,AEA,EN,Combined TRACON& Tower with Radar,39,31,11,1,82,0,7,8,1,16,39,38,19,2,98,0,0,0,98
06/20/2021,MDT,PA,AEA,EN,Combined TRACON& Tower with Radar,40,31,30,0,101,1,1,6,0,8,41,32,36,0,109,0,0,0,109
06/21/2021,MDT,PA,AEA,EN,Combined TRACON& Tower with Radar,46,30,20,9,105,0,3,5,2,10,46,33,25,11,115,0,0,0,115
06/22/2021,MDT,PA,AEA,EN,Combined TRACON& Tower with Radar,47,31,20,13,111,0,2,7,6,15,47,33,27,19,126,38,46,84,210
06/23/2021,MDT,PA,AEA,EN,Combined TRACON& Tower with Radar,48,35,32,6,121,0,3,34,4,41,48,38,66,10,162,36,46,82,244
06/24/2021,MDT,PA,AEA,EN,Combined TRACON& Tower with Radar,57,36,13,29,135,0,1,22,5,28,57,37,35,34,163,46,68,114,277
06/25/2021,MDT,PA,AEA,EN,Combined TRACON& Tower with Radar,47,41,20,7,115,0,2,31,9,42,47,43,51,16,157,20,46,66,223
06/26/2021,MDT,PA,AEA,EN,Combined TRACON& Tower with Radar,38,23,18,0,79,0,3,10,4,17,38,26,28,4,96,0,0,0,96
06/27/2021,MDT,PA,AEA,EN,Combined TRACON& Tower with Radar,38,24,18,1,81,0,3,20,5,28,38,27,38,6,109,22,2,24,133
06/28/2021,MDT,PA,AEA,EN,Combined TRACON& Tower with Radar,46,30,24,10,110,0,1,25,5,31,46,31,49,15,141,8,6,14,155
06/29/2021,MDT,PA,AEA,EN,Combined TRACON& Tower with Radar,52,33,13,38,136,0,0,11,4,15,52,33,24,42,151,4,48,52,203
06/30/2021,MDT,PA,AEA,EN,Combined TRACON& Tower with Radar,48,28,28,2,106,0,0,22,5,27,48,28,50,7,133,0,2,2,135
07/01/2021,MDT,PA,AEA,EN,Combined TRACON& Tower with Radar,64,37,9,9,119,0,0,2,15,17,64,37,11,24,136,0,40,40,176
07/02/2021,MDT,PA,AEA,EN,Combined TRACON& Tower with Radar,42,40,18,0,100,1,0,15,0,16,43,40,33,0,116,4,12,16,132
07/03/2021,MDT,PA,AEA,EN,Combined TRACON& Tower with Radar,46,29,3,0,78,0,0,8,0,8,46,29,11,0,86,0,0,0,86
07/04/2021,MDT,PA,AEA,EN,Combined TRACON& Tower with Radar,32,22,14,0,68,0,1,22,0,23,32,23,36,0,91,12,0,12,103
07/05/2021,MDT,PA,AEA,EN,Combined TRACON& Tower with Radar,34,38,12,0,84,0,2,17,1,20,34,40,29,1,104,18,0,18,122
07/06/2021,MDT,PA,AEA,EN,Combined TRACON& Tower with Radar,49,39,11,13,112,0,3,9,1,13,49,42,20,14,125,0,8,8,133
07/07/2021,MDT,PA,AEA,EN,Combined TRACON& Tower with Radar,48,38,16,21,123,0,0,11,3,14,48,38,27,24,137,0,2,2,139
07/08/2021,MDT,PA,AEA,EN,Combined TRACON& Tower with Radar,50,35,28,10,123,0,0,8,5,13,50,35,36,15,136,0,28,28,164
07/09/2021,MDT,PA,AEA,EN,Combined TRACON& Tower with Radar,33,48,27,14,122,0,0,15,6,21,33,48,42,20,143,30,32,62,205
07/10/2021,MDT,PA,AEA,EN,Combined TRACON& Tower with Radar,34,35,18,0,87,0,1,28,4,33,34,36,46,4,120,22,0,22,142
07/11/2021,MDT,PA,AEA,EN,Combined TRACON& Tower with Radar,31,36,16,2,85,0,0,5,0,5,31,36,21,2,90,12,0,12,102
07/12/2021,MDT,PA,AEA,EN,Combined TRACON& Tower with Radar,44,42,11,0,97,0,2,3,2,7,44,44,14,2,104,0,0,0,104
07/13/2021,MDT,PA,AEA,EN,Combined TRACON& Tower with Radar,41,40,19,9,109,0,1,3,4,8,41,41,22,13,117,0,22,22,139
07/14/2021,MDT,PA,AEA,EN,Combined TRACON& Tower with Radar,40,49,21,10,120,0,4,15,2,21,40,53,36,12,141,6,2,8,149
07/15/2021,MDT,PA,AEA,EN,Combined TRACON& Tower with Radar,52,41,29,8,130,0,2,20,4,26,52,43,49,12,156,16,48,64,220
07/16/2021,MDT,PA,AEA,EN,Combined TRACON& Tower with Radar,36,39,23,23,121,0,1,12,0,13,36,40,35,23,134,12,0,12,146
07/17/2021,MDT,PA,AEA,EN,Combined TRACON& Tower with Radar,39,35,3,4,81,0,0,2,1,3,39,35,5,5,84,4,6,10,94
07/18/2021,MDT,PA,AEA,EN,Combined TRACON& Tower with Radar,35,43,15,2,95,0,3,10,0,13,35,46,25,2,108,0,0,0,108
07/19/2021,MDT,PA,AEA,EN,Combined TRACON& Tower with Radar,40,37,25,9,111,0,0,11,3,14,40,37,36,12,125,16,28,44,169
07/20/2021,MDT,PA,AEA,EN,Combined TRACON& Tower with Radar,47,37,23,36,143,0,2,15,9,26,47,39,38,45,169,24,14,38,207
07/21/2021,MDT,PA,AEA,EN,Combined TRACON& Tower with Radar,47,41,23,5,116,0,0,20,4,24,47,41,43,9,140,32,0,32,172
07/22/2021,MDT,PA,AEA,EN,Combined TRACON& Tower with Radar,53,38,25,20,136,0,0,15,16,31,53,38,40,36,167,20,36,56,223
07/23/2021,MDT,PA,AEA,EN,Combined TRACON& Tower with Radar,39,41,45,22,147,0,0,22,6,28,39,41,67,28,175,44,12,56,231
07/24/2021,MDT,PA,AEA,EN,Combined TRACON& Tower with Radar,36,26,15,2,79,0,2,19,1,22,36,28,34,3,101,2,0,2,103
07/25/2021,MDT,PA,AEA,EN,Combined TRACON& Tower with Radar,31,39,18,1,89,0,0,10,0,10,31,39,28,1,99,8,0,8,107
07/26/2021,MDT,PA,AEA,EN,Combined TRACON& Tower with Radar,42,42,30,10,124,0,0,17,7,24,42,42,47,17,148,30,12,42,190
07/27/2021,MDT,PA,AEA,EN,Combined TRACON& Tower with Radar,45,43,20,32,140,0,6,17,7,30,45,49,37,39,170,10,16,26,196
07/28/2021,MDT,PA,AEA,EN,Combined TRACON& Tower with Radar,44,39,22,6,111,0,0,26,4,30,44,39,48,10,141,24,0,24,165
07/29/2021,MDT,PA,AEA,EN,Combined TRACON& Tower with Radar,57,48,21,13,139,0,0,2,4,6,57,48,23,17,145,0,10,10,155
07/30/2021,MDT,PA,AEA,EN,Combined TRACON& Tower with Radar,38,51,5,9,103,0,0,13,4,17,38,51,18,13,120,12,14,26,146
07/31/2021,MDT,PA,AEA,EN,Combined TRACON& Tower with Radar,36,30,6,0,72,0,2,23,0,25,36,32,29,0,97,14,0,14,111
08/01/2021,MDT,PA,AEA,EN,Combined TRACON& Tower with Radar,33,42,6,0,81,0,0,4,0,4,33,42,10,0,85,0,0,0,85
08/02/2021,MDT,PA,AEA,EN,Combined TRACON& Tower with Radar,42,44,12,2,100,0,0,12,1,13,42,44,24,3,113,14,0,14,127
08/03/2021,MDT,PA,AEA,EN,Combined TRACON& Tower with Radar,35,39,16,8,98,0,0,28,5,33,35,39,44,13,131,4,24,28,159
08/04/2021,MDT,PA,AEA,EN,Combined TRACON& Tower with Radar,42,40,13,8,103,0,0,21,5,26,42,40,34,13,129,8,8,16,145
08/05/2021,MDT,PA,AEA,EN,Combined TRACON& Tower with Radar,49,44,15,5,113,0,3,22,12,37,49,47,37,17,150,14,10,24,174
08/06/2021,MDT,PA,AEA,EN,Combined TRACON& Tower with Radar,37,38,12,7,94,0,1,20,4,25,37,39,32,11,119,36,0,36,155
08/07/2021,MDT,PA,AEA,EN,Combined TRACON& Tower with Radar,31,30,7,6,74,0,0,13,7,20,31,30,20,13,94,8,12,20,114
08/08/2021,MDT,PA,AEA,EN,Combined TRACON& Tower with Radar,32,39,18,4,93,0,2,20,5,27,32,41,38,9,120,19,10,29,149
08/09/2021,MDT,PA,AEA,EN,Combined TRACON& Tower with Radar,38,36,9,0,83,0,0,11,1,12,38,36,20,1,95,22,0,22,117
08/10/2021,MDT,PA,AEA,EN,Combined TRACON& Tower with Radar,35,43,26,8,112,0,0,9,12,21,35,43,35,20,133,16,0,16,149
08/11/2021,MDT,PA,AEA,EN,Combined TRACON& Tower with Radar,38,32,13,4,87,0,0,17,6,23,38,32,30,10,110,14,4,18,128
08/12/2021,MDT,PA,AEA,EN,Combined TRACON& Tower with Radar,49,49,13,2,113,0,2,17,3,22,49,51,30,5,135,0,4,4,139
08/13/2021,MDT,PA,AEA,EN,Combined TRACON& Tower with Radar,36,39,11,6,92,0,0,17,6,23,36,39,28,12,115,26,26,52,167
08/14/2021,MDT,PA,AEA,EN,Combined TRACON& Tower with Radar,30,28,10,0,68,0,2,12,2,16,30,30,22,2,84,10,0,10,94
08/15/2021,MDT,PA,AEA,EN,Combined TRACON& Tower with Radar,34,42,11,2,89,0,0,20,0,20,34,42,31,2,109,16,0,16,125
08/16/2021,MDT,PA,AEA,EN,Combined TRACON& Tower with Radar,41,42,15,2,100,0,0,10,2,12,41,42,25,4,112,14,0,14,126
08/17/2021,MDT,PA,AEA,EN,Combined TRACON& Tower with Radar,35,42,21,5,103,0,0,6,4,10,35,42,27,9,113,8,2,10,123
08/18/2021,MDT,PA,AEA,EN,Combined TRACON& Tower with Radar,30,47,12,0,89,0,0,0,0,0,30,47,12,0,89,0,0,0,89
08/19/2021,MDT,PA,AEA,EN,Combined TRACON& Tower with Radar,47,52,23,11,133,0,1,24,4,29,47,53,47,15,162,30,0,30,192
08/20/2021,MDT,PA,AEA,EN,Combined TRACON& Tower with Radar,33,47,20,22,122,0,2,12,4,18,33,49,32,26,140,4,30,34,174
08/21/2021,MDT,PA,AEA,EN,Combined TRACON& Tower with Radar,20,33,11,2,66,0,1,44,2,47,20,34,55,4,113,48,14,62,175
08/22/2021,MDT,PA,AEA,EN,Combined TRACON& Tower with Radar,28,42,7,0,77,0,0,1,0,1,28,42,8,0,78,0,0,0,78
08/23/2021,MDT,PA,AEA,EN,Combined TRACON& Tower with Radar,37,50,26,7,120,0,0,31,0,31,37,50,57,7,151,48,0,48,199
08/24/2021,MDT,PA,AEA,EN,Combined TRACON& Tower with Radar,32,49,17,39,137,0,2,39,10,51,32,51,56,49,188,38,60,98,286
08/25/2021,MDT,PA,AEA,EN,Combined TRACON& Tower with Radar,28,46,14,29,117,0,1,29,14,44,28,47,43,43,161,38,58,96,257
08/26/2021,MDT,PA,AEA,EN,Combined TRACON& Tower with Radar,44,48,13,16,121,0,3,39,15,57,44,51,52,31,178,28,22,50,228
08/27/2021,MDT,PA,AEA,EN,Combined TRACON& Tower with Radar,31,41,18,11,101,0,2,15,0,17,31,43,33,11,118,26,0,26,144
08/28/2021,MDT,PA,AEA,EN,Combined TRACON& Tower with Radar,21,38,9,2,70,0,0,2,0,2,21,38,11,2,72,20,0,20,92
08/29/2021,MDT,PA,AEA,EN,Combined TRACON& Tower with Radar,27,34,19,0,80,0,0,8,1,9,27,34,27,1,89,6,0,6,95
08/30/2021,MDT,PA,AEA,EN,Combined TRACON& Tower with Radar,33,46,10,9,98,0,0,12,3,15,33,46,22,12,113,48,20,68,181
08/31/2021,MDT,PA,AEA,EN,Combined TRACON& Tower with Radar,39,47,19,6,111,0,5,18,3,26,39,52,37,9,137,20,6,26,163
09/01/2021,MDT,PA,AEA,EN,Combined TRACON& Tower with Radar,32,36,3,0,71,0,0,0,0,0,32,36,3,0,71,0,0,0,71
09/02/2021,MDT,PA,AEA,EN,Combined TRACON& Tower with Radar,47,51,11,5,114,0,6,15,4,25,47,57,26,9,139,0,10,10,149
09/03/2021,MDT,PA,AEA,EN,Combined TRACON& Tower with Radar,35,44,10,1,90,0,2,19,0,21,35,46,29,1,111,0,0,0,111
09/04/2021,MDT,PA,AEA,EN,Combined TRACON& Tower with Radar,21,32,8,0,61,0,0,25,0,25,21,32,33,0,86,58,0,58,144
09/05/2021,MDT,PA,AEA,EN,Combined TRACON& Tower with Radar,22,27,17,0,66,0,1,3,1,5,22,28,20,1,71,8,0,8,79
09/06/2021,MDT,PA,AEA,EN,Combined TRACON& Tower with Radar,21,35,9,2,67,0,0,34,0,34,21,35,43,2,101,26,0,26,127
09/07/2021,MDT,PA,AEA,EN,Combined TRACON& Tower with Radar,31,42,32,20,125,0,0,22,23,45,31,42,54,43,170,34,50,84,254
09/08/2021,MDT,PA,AEA,EN,Combined TRACON& Tower with Radar,34,40,22,7,103,0,2,17,6,25,34,42,39,13,128,16,10,26,154
09/09/2021,MDT,PA,AEA,EN,Combined TRACON& Tower with Radar,50,45,15,12,122,0,0,5,9,14,50,45,20,21,136,6,0,6,142
09/10/2021,MDT,PA,AEA,EN,Combined TRACON& Tower with Radar,35,39,13,7,94,0,1,21,6,28,35,40,34,13,122,24,6,30,152
09/11/2021,MDT,PA,AEA,EN,Combined TRACON& Tower with Radar,23,29,12,10,74,0,1,28,3,32,23,30,40,13,106,0,0,0,106
09/12/2021,MDT,PA,AEA,EN,Combined TRACON& Tower with Radar,31,42,13,1,87,0,0,20,1,21,31,42,33,2,108,2,0,2,110
09/13/2021,MDT,PA,AEA,EN,Combined TRACON& Tower with Radar,38,38,23,6,105,0,0,21,5,26,38,38,44,11,131,22,4,26,157
09/14/2021,MDT,PA,AEA,EN,Combined TRACON& Tower with Radar,37,34,30,8,109,0,0,12,4,16,37,34,42,12,125,24,12,36,161
09/15/2021,MDT,PA,AEA,EN,Combined TRACON& Tower with Radar,34,51,35,16,136,0,5,10,0,15,34,56,45,16,151,10,0,10,161
09/16/2021,MDT,PA,AEA,EN,Combined TRACON& Tower with Radar,52,41,26,9,128,0,0,7,1,8,52,41,33,10,136,14,12,26,162
09/17/2021,MDT,PA,AEA,EN,Combined TRACON& Tower with Radar,36,50,24,16,126,0,3,5,2,10,36,53,29,18,136,8,0,8,144
09/18/2021,MDT,PA,AEA,EN,Combined TRACON& Tower with Radar,23,32,20,4,79,0,0,13,6,19,23,32,33,10,98,0,2,2,100
09/19/2021,MDT,PA,AEA,EN,Combined TRACON& Tower with Radar,30,40,21,3,94,0,0,29,9,38,30,40,50,12,132,14,6,20,152
09/20/2021,MDT,PA,AEA,EN,Combined TRACON& Tower with Radar,39,39,20,8,106,0,0,26,0,26,39,39,46,8,132,72,2,74,206
09/21/2021,MDT,PA,AEA,EN,Combined TRACON& Tower with Radar,34,39,14,18,105,0,0,8,9,17,34,39,22,27,122,40,20,60,182
09/22/2021,MDT,PA,AEA,EN,Combined TRACON& Tower with Radar,34,46,14,22,116,0,0,0,0,0,34,46,14,22,116,0,0,0,116
09/23/2021,MDT,PA,AEA,EN,Combined TRACON& Tower with Radar,53,50,21,9,133,0,0,9,5,14,53,50,30,14,147,4,32,36,183
09/24/2021,MDT,PA,AEA,EN,Combined TRACON& Tower with Radar,36,49,13,3,101,0,3,29,1,33,36,52,42,4,134,8,24,32,166
09/25/2021,MDT,PA,AEA,EN,Combined TRACON& Tower with Radar,25,29,21,0,75,0,1,23,0,24,25,30,44,0,99,2,0,2,101
09/26/2021,MDT,PA,AEA,EN,Combined TRACON& Tower with Radar,27,36,20,1,84,0,3,10,0,13,27,39,30,1,97,2,0,2,99
09/27/2021,MDT,PA,AEA,EN,Combined TRACON& Tower with Radar,39,40,13,16,108,0,2,12,4,18,39,42,25,20,126,34,30,64,190
09/28/2021,MDT,PA,AEA,EN,Combined TRACON& Tower with Radar,31,48,9,12,100,0,2,0,9,11,31,50,9,21,111,0,26,26,137
09/29/2021,MDT,PA,AEA,EN,Combined TRACON& Tower with Radar,40,37,31,5,113,0,1,26,1,28,40,38,57,6,141,16,0,16,157
09/30/2021,MDT,PA,AEA,EN,Combined TRACON& Tower with Radar,49,41,26,15,131,0,3,23,12,38,49,44,49,27,169,36,32,68,237
10/01/2021,MDT,PA,AEA,EN,Combined TRACON& Tower with Radar,37,41,15,16,109,0,0,28,7,35,37,41,43,23,144,20,32,52,196
10/02/2021,MDT,PA,AEA,EN,Combined TRACON& Tower with Radar,24,27,14,0,65,0,0,23,4,27,24,27,37,4,92,8,0,8,100
10/03/2021,MDT,PA,AEA,EN,Combined TRACON& Tower with Radar,27,44,8,2,81,0,2,9,5,16,27,46,17,7,97,8,0,8,105
10/04/2021,MDT,PA,AEA,EN,Combined TRACON& Tower with Radar,39,50,16,2,107,0,2,4,1,7,39,52,20,3,114,0,0,0,114
10/05/2021,MDT,PA,AEA,EN,Combined TRACON& Tower with Radar,28,48,12,19,107,0,0,0,0,0,28,48,12,19,107,0,0,0,107
10/06/2021,MDT,PA,AEA,EN,Combined TRACON& Tower with Radar,35,42,20,18,115,0,4,2,0,6,35,46,22,18,121,0,10,10,131
10/07/2021,MDT,PA,AEA,EN,Combined TRACON& Tower with Radar,46,47,39,18,150,0,2,6,11,19,46,49,45,29,169,20,22,42,211
10/08/2021,MDT,PA,AEA,EN,Combined TRACON& Tower with Radar,38,47,18,3,106,0,1,12,1,14,38,48,30,4,120,8,0,8,128
10/09/2021,MDT,PA,AEA,EN,Combined TRACON& Tower with Radar,27,27,14,0,68,0,3,4,0,7,27,30,18,0,75,2,0,2,77
10/10/2021,MDT,PA,AEA,EN,Combined TRACON& Tower with Radar,30,38,16,0,84,0,0,0,0,0,30,38,16,0,84,0,0,0,84
10/11/2021,MDT,PA,AEA,EN,Combined TRACON& Tower with Radar,40,43,16,2,101,0,1,2,0,3,40,44,18,2,104,0,0,0,104
10/12/2021,MDT,PA,AEA,EN,Combined TRACON& Tower with Radar,40,38,23,29,130,0,0,5,7,12,40,38,28,36,142,0,4,4,146
10/13/2021,MDT,PA,AEA,EN,Combined TRACON& Tower with Radar,40,60,44,9,153,0,2,9,5,16,40,62,53,14,169,30,4,34,203
10/14/2021,MDT,PA,AEA,EN,Combined TRACON& Tower with Radar,45,49,12,24,130,0,6,15,6,27,45,55,27,30,157,28,36,64,221
10/15/2021,MDT,PA,AEA,EN,Combined TRACON& Tower with Radar,35,46,19,8,108,0,0,24,4,28,35,46,43,12,136,12,0,12,148
10/16/2021,MDT,PA,AEA,EN,Combined TRACON& Tower with Radar,29,24,16,0,69,0,0,1,0,1,29,24,17,0,70,4,0,4,74
10/17/2021,MDT,PA,AEA,EN,Combined TRACON& Tower with Radar,29,38,24,2,93,0,1,13,0,14,29,39,37,2,107,0,0,0,107
10/18/2021,MDT,PA,AEA,EN,Combined TRACON& Tower with Radar,44,46,10,10,110,0,0,10,2,12,44,46,20,12,122,4,0,4,126
10/19/2021,MDT,PA,AEA,EN,Combined TRACON& Tower with Radar,42,40,16,26,124,0,4,10,9,23,42,44,26,35,147,2,16,18,165
10/20/2021,MDT,PA,AEA,EN,Combined TRACON& Tower with Radar,42,38,19,6,105,0,1,23,2,26,42,39,42,8,131,24,18,42,173
10/21/2021,MDT,PA,AEA,EN,Combined TRACON& Tower with Radar,49,43,30,30,152,0,4,31,10,45,49,47,61,40,197,20,12,32,229
10/22/2021,MDT,PA,AEA,EN,Combined TRACON& Tower with Radar,36,43,26,16,121,0,1,13,4,18,36,44,39,20,139,22,0,22,161
10/23/2021,MDT,PA,AEA,EN,Combined TRACON& Tower with Radar,24,23,12,2,61,0,1,11,2,14,24,24,23,4,75,2,4,6,81
10/24/2021,MDT,PA,AEA,EN,Combined TRACON& Tower with Radar,29,35,13,4,81,0,1,12,1,14,29,36,25,5,95,6,0,6,101
10/25/2021,MDT,PA,AEA,EN,Combined TRACON& Tower with Radar,43,39,19,15,116,0,7,10,4,21,43,46,29,19,137,10,8,18,155
10/26/2021,MDT,PA,AEA,EN,Combined TRACON& Tower with Radar,43,42,13,13,111,0,2,0,4,6,43,44,13,17,117,0,6,6,123
10/27/2021,MDT,PA,AEA,EN,Combined TRACON& Tower with Radar,41,45,22,27,135,0,0,8,8,16,41,45,30,35,151,4,0,4,155
10/28/2021,MDT,PA,AEA,EN,Combined TRACON& Tower with Radar,50,44,7,8,109,0,6,35,2,43,50,50,42,10,152,34,0,34,186
10/29/2021,MDT,PA,AEA,EN,Combined TRACON& Tower with Radar,37,39,11,6,93,0,0,0,0,0,37,39,11,6,93,0,0,0,93
10/30/2021,MDT,PA,AEA,EN,Combined TRACON& Tower with Radar,25,19,12,0,56,0,0,3,0,3,25,19,15,0,59,20,0,20,79
10/31/2021,MDT,PA,AEA,EN,Combined TRACON& Tower with Radar,28,24,19,2,73,0,3,3,0,6,28,27,22,2,79,0,0,0,79
11/01/2021,MDT,PA,AEA,EN,Combined TRACON& Tower with Radar,43,35,16,8,102,0,0,14,4,18,43,35,30,12,120,8,6,14,134
11/02/2021,MDT,PA,AEA,EN,Combined TRACON& Tower with Radar,32,38,15,19,104,0,4,8,1,13,32,42,23,20,117,26,30,56,173
11/03/2021,MDT,PA,AEA,EN,Combined TRACON& Tower with Radar,45,39,15,11,110,0,0,19,5,24,45,39,34,16,134,30,8,38,172
11/04/2021,MDT,PA,AEA,EN,Combined TRACON& Tower with Radar,54,40,18,16,128,0,4,21,4,29,54,44,39,20,157,10,24,34,191
11/05/2021,MDT,PA,AEA,EN,Combined TRACON& Tower with Radar,42,35,15,13,105,0,0,26,13,39,42,35,41,26,144,12,0,12,156
11/06/2021,MDT,PA,AEA,EN,Combined TRACON& Tower with Radar,30,27,4,1,62,0,2,22,8,32,30,29,26,9,94,10,12,22,116
11/07/2021,MDT,PA,AEA,EN,Combined TRACON& Tower with Radar,28,28,27,8,91,0,3,37,0,40,28,31,64,8,131,14,4,18,149
11/08/2021,MDT,PA,AEA,EN,Combined TRACON& Tower with Radar,44,34,24,6,108,0,0,23,4,27,44,34,47,10,135,28,0,28,163
11/09/2021,MDT,PA,AEA,EN,Combined TRACON& Tower with Radar,43,32,15,13,103,0,0,13,8,21,43,32,28,21,124,2,14,16,140
11/10/2021,MDT,PA,AEA,EN,Combined TRACON& Tower with Radar,42,37,27,8,114,0,4,21,11,36,42,41,48,19,150,24,60,84,234
11/11/2021,MDT,PA,AEA,EN,Combined TRACON& Tower with Radar,49,34,25,0,108,0,2,11,1,14,49,36,36,1,122,4,0,4,126
11/12/2021,MDT,PA,AEA,EN,Combined TRACON& Tower with Radar,43,31,8,2,84,0,2,18,0,20,43,33,26,2,104,10,0,10,114
11/13/2021,MDT,PA,AEA,EN,Combined TRACON& Tower with Radar,35,24,4,0,63,0,0,5,1,6,35,24,9,1,69,0,0,0,69
11/14/2021,MDT,PA,AEA,EN,Combined TRACON& Tower with Radar,27,31,14,4,76,0,1,11,0,12,27,32,25,4,88,28,0,28,116
11/15/2021,MDT,PA,AEA,EN,Combined TRACON& Tower with Radar,50,34,12,12,108,0,0,13,6,19,50,34,25,18,127,10,20,30,157
11/16/2021,MDT,PA,AEA,EN,Combined TRACON& Tower with Radar,39,33,20,23,115,0,0,33,7,40,39,33,53,30,155,26,38,64,219
11/17/2021,MDT,PA,AEA,EN,Combined TRACON& Tower with Radar,44,29,11,15,99,0,2,15,14,31,44,31,26,29,130,16,20,36,166
11/18/2021,MDT,PA,AEA,EN,Combined TRACON& Tower with Radar,48,36,20,1,105,0,0,12,1,13,48,36,32,2,118,26,0,26,144
11/19/2021,MDT,PA,AEA,EN,Combined TRACON& Tower with Radar,46,35,11,6,98,0,0,9,6,15,46,35,20,12,113,16,0,16,129
11/20/2021,MDT,PA,AEA,EN,Combined TRACON& Tower with Radar,24,23,16,6,69,0,0,36,0,36,24,23,52,6,105,46,0,46,151
11/21/2021,MDT,PA,AEA,EN,Combined TRACON& Tower with Radar,27,29,5,1,62,0,0,16,1,17,27,29,21,2,79,16,0,16,95
11/22/2021,MDT,PA,AEA,EN,Combined TRACON& Tower with Radar,43,27,16,10,96,0,1,14,0,15,43,28,30,10,111,24,0,24,135
11/23/2021,MDT,PA,AEA,EN,Combined TRACON& Tower with Radar,47,37,17,11,112,0,2,9,4,15,47,39,26,15,127,8,32,40,167
11/24/2021,MDT,PA,AEA,EN,Combined TRACON& Tower with Radar,48,36,17,13,114,0,2,15,1,18,48,38,32,14,132,24,6,30,162
11/25/2021,MDT,PA,AEA,EN,Combined TRACON& Tower with Radar,15,13,5,0,33,0,2,11,0,13,15,15,16,0,46,6,0,6,52
11/26/2021,MDT,PA,AEA,EN,Combined TRACON& Tower with Radar,34,24,2,0,60,0,0,0,0,0,34,24,2,0,60,0,0,0,60
11/27/2021,MDT,PA,AEA,EN,Combined TRACON& Tower with Radar,32,28,18,0,78,0,0,12,0,12,32,28,30,0,90,10,0,10,100
11/28/2021,MDT,PA,AEA,EN,Combined TRACON& Tower with Radar,29,32,12,0,73,0,0,17,0,17,29,32,29,0,90,14,0,14,104
11/29/2021,MDT,PA,AEA,EN,Combined TRACON& Tower with Radar,54,32,11,4,101,0,0,8,8,16,54,32,19,12,117,8,0,8,125
11/30/2021,MDT,PA,AEA,EN,Combined TRACON& Tower with Radar,48,33,19,8,108,0,2,13,5,20,48,35,32,13,128,20,4,24,152
12/01/2021,MDT,PA,AEA,EN,Combined TRACON& Tower with Radar,42,33,32,12,119,0,0,22,6,28,42,33,54,18,147,20,16,36,183
12/02/2021,MDT,PA,AEA,EN,Combined TRACON& Tower with Radar,52,41,23,18,134,0,5,1,0,6,52,46,24,18,140,0,16,16,156
12/03/2021,MDT,PA,AEA,EN,Combined TRACON& Tower with Radar,47,40,10,11,108,0,0,12,5,17,47,40,22,16,125,12,2,14,139
12/04/2021,MDT,PA,AEA,EN,Combined TRACON& Tower with Radar,26,24,15,3,68,0,2,41,0,43,26,26,56,3,111,32,0,32,143
12/05/2021,MDT,PA,AEA,EN,Combined TRACON& Tower with Radar,30,33,8,4,75,0,4,20,0,24,30,37,28,4,99,36,0,36,135
12/06/2021,MDT,PA,AEA,EN,Combined TRACON& Tower with Radar,43,31,9,5,88,0,1,0,4,5,43,32,9,9,93,0,10,10,103
12/07/2021,MDT,PA,AEA,EN,Combined TRACON& Tower with Radar,34,30,25,20,109,0,2,23,7,32,34,32,48,27,141,26,34,60,201
12/08/2021,MDT,PA,AEA,EN,Combined TRACON& Tower with Radar,36,38,11,15,100,0,0,4,7,11,36,38,15,22,111,6,26,32,143
12/09/2021,MDT,PA,AEA,EN,Combined TRACON& Tower with Radar,56,35,18,15,124,0,0,22,1,23,56,35,40,16,147,26,0,26,173
12/10/2021,MDT,PA,AEA,EN,Combined TRACON& Tower with Radar,45,38,21,27,131,0,0,18,6,24,45,38,39,33,155,0,22,22,177
12/11/2021,MDT,PA,AEA,EN,Combined TRACON& Tower with Radar,29,26,2,0,57,0,0,0,0,0,29,26,2,0,57,0,0,0,57
12/12/2021,MDT,PA,AEA,EN,Combined TRACON& Tower with Radar,28,25,12,3,68,0,0,18,3,21,28,25,30,6,89,14,0,14,103
12/13/2021,MDT,PA,AEA,EN,Combined TRACON& Tower with Radar,51,32,30,21,134,0,2,11,4,17,51,34,41,25,151,24,12,36,187
12/14/2021,MDT,PA,AEA,EN,Combined TRACON& Tower with Radar,37,37,24,7,105,0,7,33,6,46,37,44,57,13,151,24,20,44,195
12/15/2021,MDT,PA,AEA,EN,Combined TRACON& Tower with Radar,40,39,17,10,106,1,4,14,3,22,41,43,31,13,128,18,20,38,166
12/16/2021,MDT,PA,AEA,EN,Combined TRACON& Tower with Radar,39,50,18,16,123,0,2,9,4,15,39,52,27,20,138,2,14,16,154
12/17/2021,MDT,PA,AEA,EN,Combined TRACON& Tower with Radar,45,38,23,17,123,0,2,7,9,18,45,40,30,26,141,8,10,18,159
12/18/2021,MDT,PA,AEA,EN,Combined TRACON& Tower with Radar,36,35,3,1,75,0,0,0,0,0,36,35,3,1,75,0,0,0,75
12/19/2021,MDT,PA,AEA,EN,Combined TRACON& Tower with Radar,28,35,6,1,70,0,0,8,0,8,28,35,14,1,78,38,0,38,116
12/20/2021,MDT,PA,AEA,EN,Combined TRACON& Tower with Radar,43,39,13,7,102,0,2,15,3,20,43,41,28,10,122,12,20,32,154
12/21/2021,MDT,PA,AEA,EN,Combined TRACON& Tower with Radar,46,41,20,10,117,0,1,24,12,37,46,42,44,22,154,36,22,58,212
12/22/2021,MDT,PA,AEA,EN,Combined TRACON& Tower with Radar,55,43,6,27,131,0,4,8,3,15,55,47,14,30,146,0,20,20,166
12/23/2021,MDT,PA,AEA,EN,Combined TRACON& Tower with Radar,44,34,14,0,92,0,1,15,0,16,44,35,29,0,108,28,0,28,136
12/24/2021,MDT,PA,AEA,EN,Combined TRACON& Tower with Radar,37,23,6,0,66,0,0,13,0,13,37,23,19,0,79,10,0,10,89
12/25/2021,MDT,PA,AEA,EN,Combined TRACON& Tower with Radar,22,16,2,0,40,0,1,1,1,3,22,17,3,1,43,0,0,0,43
12/26/2021,MDT,PA,AEA,EN,Combined TRACON& Tower with Radar,21,34,6,0,61,0,4,16,0,20,21,38,22,0,81,0,0,0,81
12/27/2021,MDT,PA,AEA,EN,Combined TRACON& Tower with Radar,38,32,5,0,75,0,0,4,0,4,38,32,9,0,79,8,0,8,87
12/28/2021,MDT,PA,AEA,EN,Combined TRACON& Tower with Radar,40,36,11,3,90,0,2,4,2,8,40,38,15,5,98,0,14,14,112
12/29/2021,MDT,PA,AEA,EN,Combined TRACON& Tower with Radar,50,41,11,4,106,0,2,7,11,20,50,43,18,15,126,10,24,34,160
12/30/2021,MDT,PA,AEA,EN,Combined TRACON& Tower with Radar,38,35,8,2,83,0,0,0,0,0,38,35,8,2,83,0,0,0,83
12/31/2021,MDT,PA,AEA,EN,Combined TRACON& Tower with Radar,33,30,11,0,74,0,0,0,0,0,33,30,11,0,74,0,0,0,74
01/01/2022,MDT,PA,AEA,EN,Combined TRACON& Tower with Radar,15,19,2,0,36,0,0,0,0,0,15,19,2,0,36,0,0,0,36
01/02/2022,MDT,PA,AEA,EN,Combined TRACON& Tower with Radar,22,37,7,0,66,0,0,7,0,7,22,37,14,0,73,4,0,4,77
01/03/2022,MDT,PA,AEA,EN,Combined TRACON& Tower with Radar,43,34,9,3,89,0,2,6,0,8,43,36,15,3,97,8,0,8,105
01/04/2022,MDT,PA,AEA,EN,Combined TRACON& Tower with Radar,29,28,14,2,73,0,0,19,12,31,29,28,33,14,104,24,8,32,136
01/05/2022,MDT,PA,AEA,EN,Combined TRACON& Tower with Radar,35,33,11,1,80,0,3,8,1,12,35,36,19,2,92,8,0,8,100
01/06/2022,MDT,PA,AEA,EN,Combined TRACON& Tower with Radar,43,29,14,27,113,0,0,9,1,10,43,29,23,28,123,18,12,30,153
01/07/2022,MDT,PA,AEA,EN,Combined TRACON& Tower with Radar,42,30,8,0,80,0,1,2,0,3,42,31,10,0,83,0,0,0,83
01/08/2022,MDT,PA,AEA,EN,Combined TRACON& Tower with Radar,21,26,7,1,55,0,3,28,3,34,21,29,35,4,89,46,0,46,135
01/09/2022,MDT,PA,AEA,EN,Combined TRACON& Tower with Radar,26,27,0,0,53,0,0,0,0,0,26,27,0,0,53,0,0,0,53
01/10/2022,MDT,PA,AEA,EN,Combined TRACON& Tower with Radar,38,32,5,5,80,0,6,10,1,17,38,38,15,6,97,0,0,0,97
01/11/2022,MDT,PA,AEA,EN,Combined TRACON& Tower with Radar,32,38,9,15,94,0,1,19,12,32,32,39,28,27,126,70,14,84,210
01/12/2022,MDT,PA,AEA,EN,Combined TRACON& Tower with Radar,40,35,26,6,107,0,2,12,5,19,40,37,38,11,126,6,6,12,138
01/13/2022,MDT,PA,AEA,EN,Combined TRACON& Tower with Radar,49,41,15,3,108,0,1,15,3,19,49,42,30,6,127,22,0,22,149
01/14/2022,MDT,PA,AEA,EN,Combined TRACON& Tower with Radar,41,33,14,3,91,0,0,5,8,13,41,33,19,11,104,4,6,10,114
01/15/2022,MDT,PA,AEA,EN,Combined TRACON& Tower with Radar,19,28,13,0,60,0,1,12,0,13,19,29,25,0,73,30,0,30,103
01/16/2022,MDT,PA,AEA,EN,Combined TRACON& Tower with Radar,12,14,3,1,30,0,0,9,1,10,12,14,12,2,40,4,0,4,44
01/17/2022,MDT,PA,AEA,EN,Combined TRACON& Tower with Radar,35,24,9,0,68,0,0,0,0,0,35,24,9,0,68,0,0,0,68
01/18/2022,MDT,PA,AEA,EN,Combined TRACON& Tower with Radar,31,35,20,21,107,0,1,16,10,27,31,36,36,31,134,0,18,18,152
01/19/2022,MDT,PA,AEA,EN,Combined TRACON& Tower with Radar,38,42,21,19,120,0,1,16,5,22,38,43,37,24,142,4,36,40,182
01/20/2022,MDT,PA,AEA,EN,Combined TRACON& Tower with Radar,46,39,15,23,123,0,0,9,9,18,46,39,24,32,141,6,44,50,191
01/21/2022,MDT,PA,AEA,EN,Combined TRACON& Tower with Radar,39,32,14,12,97,0,2,26,1,29,39,34,40,13,126,26,12,38,164
01/22/2022,MDT,PA,AEA,EN,Combined TRACON& Tower with Radar,21,25,5,2,53,0,1,19,0,20,21,26,24,2,73,14,0,14,87
01/23/2022,MDT,PA,AEA,EN,Combined TRACON& Tower with Radar,31,27,7,3,68,0,0,8,1,9,31,27,15,4,77,20,0,20,97
01/24/2022,MDT,PA,AEA,EN,Combined TRACON& Tower with Radar,40,39,21,1,101,0,3,16,2,21,40,42,37,3,122,12,8,20,142
01/25/2022,MDT,PA,AEA,EN,Combined TRACON& Tower with Radar,31,27,17,9,84,0,0,14,11,25,31,27,31,20,109,22,20,42,151
01/26/2022,MDT,PA,AEA,EN,Combined TRACON& Tower with Radar,38,36,31,5,110,0,2,21,5,28,38,38,52,10,138,22,4,26,164
01/27/2022,MDT,PA,AEA,EN,Combined TRACON& Tower with Radar,46,38,16,2,102,0,4,18,3,25,46,42,34,5,127,0,4,4,131
01/28/2022,MDT,PA,AEA,EN,Combined TRACON& Tower with Radar,39,35,4,2,80,0,0,0,0,0,39,35,4,2,80,0,0,0,80
01/29/2022,MDT,PA,AEA,EN,Combined TRACON& Tower with Radar,24,33,3,0,60,0,0,3,0,3,24,33,6,0,63,30,0,30,93
01/30/2022,MDT,PA,AEA,EN,Combined TRACON& Tower with Radar,31,30,9,2,72,0,0,16,0,16,31,30,25,2,88,16,0,16,104
01/31/2022,MDT,PA,AEA,EN,Combined TRACON& Tower with Radar,41,34,9,7,91,0,2,14,3,19,41,36,23,10,110,10,10,20,130
02/01/2022,MDT,PA,AEA,EN,Combined TRACON& Tower with Radar,32,23,35,7,97,0,0,22,17,39,32,23,57,24,136,24,20,44,180
02/02/2022,MDT,PA,AEA,EN,Combined TRACON& Tower with Radar,36,26,19,3,84,0,0,9,0,9,36,26,28,3,93,6,0,6,99
02/03/2022,MDT,PA,AEA,EN,Combined TRACON& Tower with Radar,36,26,10,0,72,0,0,0,0,0,36,26,10,0,72,0,0,0,72
02/04/2022,MDT,PA,AEA,EN,Combined TRACON& Tower with Radar,26,22,7,1,56,0,0,0,0,0,26,22,7,1,56,0,0,0,56
02/05/2022,MDT,PA,AEA,EN,Combined TRACON& Tower with Radar,23,20,10,2,55,0,1,15,3,19,23,21,25,5,74,10,0,10,84
02/06/2022,MDT,PA,AEA,EN,Combined TRACON& Tower with Radar,30,23,20,4,77,0,0,36,2,38,30,23,56,6,115,70,0,70,185
02/07/2022,MDT,PA,AEA,EN,Combined TRACON& Tower with Radar,40,30,12,3,85,0,1,12,5,18,40,31,24,8,103,18,34,52,155
02/08/2022,MDT,PA,AEA,EN,Combined TRACON& Tower with Radar,34,30,14,2,80,0,4,14,3,21,34,34,28,5,101,20,12,32,133
02/09/2022,MDT,PA,AEA,EN,Combined TRACON& Tower with Radar,35,31,23,9,98,0,0,27,7,34,35,31,50,16,132,30,24,54,186
02/10/2022,MDT,PA,AEA,EN,Combined TRACON& Tower with Radar,45,33,19,5,102,0,0,7,6,13,45,33,26,11,115,12,8,20,135
02/11/2022,MDT,PA,AEA,EN,Combined TRACON& Tower with Radar,42,29,11,15,97,0,0,15,3,18,42,29,26,18,115,6,6,12,127
02/12/2022,MDT,PA,AEA,EN,Combined TRACON& Tower with Radar,27,20,1,0,48,0,2,1,0,3,27,22,2,0,51,0,0,0,51
02/13/2022,MDT,PA,AEA,EN,Combined TRACON& Tower with Radar,30,27,4,0,61,0,0,13,0,13,30,27,17,0,74,54,0,54,128
02/14/2022,MDT,PA,AEA,EN,Combined TRACON& Tower with Radar,46,30,18,6,100,0,0,11,7,18,46,30,29,13,118,8,18,26,144
02/15/2022,MDT,PA,AEA,EN,Combined TRACON& Tower with Radar,32,31,22,4,89,0,0,17,3,20,32,31,39,7,109,64,4,68,177
02/16/2022,MDT,PA,AEA,EN,Combined TRACON& Tower with Radar,42,35,12,3,92,0,1,8,9,18,42,36,20,12,110,6,0,6,116
02/17/2022,MDT,PA,AEA,EN,Combined TRACON& Tower with Radar,44,32,17,0,93,0,2,7,0,9,44,34,24,0,102,0,0,0,102
02/18/2022,MDT,PA,AEA,EN,Combined TRACON& Tower with Radar,38,29,4,0,71,0,0,6,2,8,38,29,10,2,79,0,0,0,79
02/19/2022,MDT,PA,AEA,EN,Combined TRACON& Tower with Radar,22,21,1,2,46,0,3,2,0,5,22,24,3,2,51,0,0,0,51
02/20/2022,MDT,PA,AEA,EN,Combined TRACON& Tower with Radar,26,19,14,0,59,0,0,24,0,24,26,19,38,0,83,30,0,30,113
02/21/2022,MDT,PA,AEA,EN,Combined TRACON& Tower with Radar,47,30,18,0,95,0,2,13,0,15,47,32,31,0,110,0,0,0,110
02/22/2022,MDT,PA,AEA,EN,Combined TRACON& Tower with Radar,40,32,15,7,94,0,2,2,0,4,40,34,17,7,98,0,0,0,98
02/23/2022,MDT,PA,AEA,EN,Combined TRACON& Tower with Radar,38,29,20,19,106,0,0,16,1,17,38,29,36,20,123,10,13,23,146
02/24/2022,MDT,PA,AEA,EN,Combined TRACON& Tower with Radar,41,27,25,17,110,0,0,9,6,15,41,27,34,23,125,0,0,0,125
02/25/2022,MDT,PA,AEA,EN,Combined TRACON& Tower with Radar,38,25,14,2,79,0,0,5,2,7,38,25,19,4,86,6,0,6,92
02/26/2022,MDT,PA,AEA,EN,Combined TRACON& Tower with Radar,25,19,14,0,58,0,1,35,0,36,25,20,49,0,94,26,0,26,120
02/27/2022,MDT,PA,AEA,EN,Combined TRACON& Tower with Radar,28,28,7,0,63,0,4,14,1,19,28,32,21,1,82,6,0,6,88
02/28/2022,MDT,PA,AEA,EN,Combined TRACON& Tower with Radar,48,23,12,6,89,0,1,15,4,20,48,24,27,10,109,6,10,16,125
03/01/2022,MDT,PA,AEA,EN,Combined TRACON& Tower with Radar,39,33,13,14,99,0,5,19,1,25,39,38,32,15,124,44,0,44,168
03/02/2022,MDT,PA,AEA,EN,Combined TRACON& Tower with Radar,41,29,24,7,101,0,2,33,0,35,41,31,57,7,136,40,0,40,176
03/03/2022,MDT,PA,AEA,EN,Combined TRACON& Tower with Radar,53,34,18,11,116,0,0,4,5,9,53,34,22,16,125,0,26,26,151
03/04/2022,MDT,PA,AEA,EN,Combined TRACON& Tower with Radar,45,29,19,3,96,0,0,18,1,19,45,29,37,4,115,10,0,10,125
03/05/2022,MDT,PA,AEA,EN,Combined TRACON& Tower with Radar,29,22,15,5,71,0,0,16,0,16,29,22,31,5,87,32,0,32,119
03/06/2022,MDT,PA,AEA,EN,Combined TRACON& Tower with Radar,33,17,11,2,63,0,0,4,2,6,33,17,15,4,69,0,2,2,71
03/07/2022,MDT,PA,AEA,EN,Combined TRACON& Tower with Radar,42,21,15,4,82,0,4,1,0,5,42,25,16,4,87,0,0,0,87
03/08/2022,MDT,PA,AEA,EN,Combined TRACON& Tower with Radar,41,26,16,12,95,0,6,9,5,20,41,32,25,17,115,28,26,54,169
03/09/2022,MDT,PA,AEA,EN,Combined TRACON& Tower with Radar,43,29,13,0,85,0,0,0,0,0,43,29,13,0,85,0,0,0,85
03/10/2022,MDT,PA,AEA,EN,Combined TRACON& Tower with Radar,54,31,31,9,125,0,0,13,1,14,54,31,44,10,139,22,6,28,167
03/11/2022,MDT,PA,AEA,EN,Combined TRACON& Tower with Radar,48,30,11,3,92,0,3,11,4,18,48,33,22,7,110,10,20,30,140
03/12/2022,MDT,PA,AEA,EN,Combined TRACON& Tower with Radar,25,21,3,0,49,0,0,0,0,0,25,21,3,0,49,0,0,0,49
03/13/2022,MDT,PA,AEA,EN,Combined TRACON& Tower with Radar,38,20,13,0,71,0,0,11,0,11,38,20,24,0,82,2,0,2,84
03/14/2022,MDT,PA,AEA,EN,Combined TRACON& Tower with Radar,43,28,24,4,99,0,6,16,2,24,43,34,40,6,123,26,0,26,149
03/15/2022,MDT,PA,AEA,EN,Combined TRACON& Tower with Radar,41,26,33,14,114,0,8,17,4,29,41,34,50,18,143,12,18,30,173
03/16/2022,MDT,PA,AEA,EN,Combined TRACON& Tower with Radar,42,23,23,15,103,0,0,9,3,12,42,23,32,18,115,12,4,16,131
03/17/2022,MDT,PA,AEA,EN,Combined TRACON& Tower with Radar,63,27,16,9,115,0,4,4,0,8,63,31,20,9,123,0,14,14,137
03/18/2022,MDT,PA,AEA,EN,Combined TRACON& Tower with Radar,47,26,13,2,88,0,0,18,2,20,47,26,31,4,108,22,0,22,130
03/19/2022,MDT,PA,AEA,EN,Combined TRACON& Tower with Radar,30,26,9,1,66,0,2,2,0,4,30,28,11,1,70,14,0,14,84
03/20/2022,MDT,PA,AEA,EN,Combined TRACON& Tower with Radar,33,24,9,1,67,0,0,2,0,2,33,24,11,1,69,44,0,44,113
03/21/2022,MDT,PA,AEA,EN,Combined TRACON& Tower with Radar,44,28,16,9,97,0,3,22,10,35,44,31,38,19,132,6,10,16,148
03/22/2022,MDT,PA,AEA,EN,Combined TRACON& Tower with Radar,39,33,20,22,114,0,5,22,9,36,39,38,42,31,150,28,14,42,192
03/23/2022,MDT,PA,AEA,EN,Combined TRACON& Tower with Radar,44,25,18,4,91,0,0,5,0,5,44,25,23,4,96,10,4,14,110
03/24/2022,MDT,PA,AEA,EN,Combined TRACON& Tower with Radar,49,27,23,34,133,0,0,0,0,0,49,27,23,34,133,0,0,0,133
03/25/2022,MDT,PA,AEA,EN,Combined TRACON& Tower with Radar,45,27,19,4,95,0,2,2,3,7,45,29,21,7,102,0,12,12,114
03/26/2022,MDT,PA,AEA,EN,Combined TRACON& Tower with Radar,27,23,7,0,57,0,0,1,0,1,27,23,8,0,58,0,0,0,58
03/27/2022,MDT,PA,AEA,EN,Combined TRACON& Tower with Radar,39,16,8,0,63,0,0,7,0,7,39,16,15,0,70,16,0,16,86
03/28/2022,MDT,PA,AEA,EN,Combined TRACON& Tower with Radar,43,25,11,7,86,0,2,2,1,5,43,27,13,8,91,0,0,0,91
03/29/2022,MDT,PA,AEA,EN,Combined TRACON& Tower with Radar,40,26,19,25,110,0,1,16,12,29,40,27,35,37,139,12,32,44,183
03/30/2022,MDT,PA,AEA,EN,Combined TRACON& Tower with Radar,50,20,16,26,112,0,0,18,3,21,50,20,34,29,133,6,30,36,169
03/31/2022,MDT,PA,AEA,EN,Combined TRACON& Tower with Radar,58,25,18,10,111,0,2,0,0,2,58,27,18,10,113,0,2,2,115
04/01/2022,MDT,PA,AEA,EN,Combined TRACON& Tower with Radar,44,28,11,18,101,0,0,5,6,11,44,28,16,24,112,0,30,30,142
04/02/2022,MDT,PA,AEA,EN,Combined TRACON& Tower with Radar,25,17,17,0,59,0,0,28,0,28,25,17,45,0,87,56,0,56,143
04/03/2022,MDT,PA,AEA,EN,Combined TRACON& Tower with Radar,34,18,9,0,61,0,2,7,0,9,34,20,16,0,70,22,0,22,92
04/04/2022,MDT,PA,AEA,EN,Combined TRACON& Tower with Radar,42,25,25,7,99,0,0,17,3,20,42,25,42,10,119,18,0,18,137
04/05/2022,MDT,PA,AEA,EN,Combined TRACON& Tower with Radar,38,34,23,9,104,0,9,3,2,14,38,43,26,11,118,0,0,0,118
04/06/2022,MDT,PA,AEA,EN,Combined TRACON& Tower with Radar,42,33,21,6,102,0,0,1,0,1,42,33,22,6,103,6,12,18,121
04/07/2022,MDT,PA,AEA,EN,Combined TRACON& Tower with Radar,47,32,19,8,106,0,0,1,0,1,47,32,20,8,107,0,2,2,109
04/08/2022,MDT,PA,AEA,EN,Combined TRACON& Tower with Radar,40,33,15,1,89,0,1,8,12,21,40,34,23,13,110,0,12,12,122
04/09/2022,MDT,PA,AEA,EN,Combined TRACON& Tower with Radar,27,23,16,1,67,0,0,4,1,5,27,23,20,2,72,0,0,0,72
04/10/2022,MDT,PA,AEA,EN,Combined TRACON& Tower with Radar,34,24,8,3,69,0,0,9,1,10,34,24,17,4,79,16,0,16,95
04/11/2022,MDT,PA,AEA,EN,Combined TRACON& Tower with Radar,42,28,25,13,108,0,0,20,3,23,42,28,45,16,131,22,14,36,167
04/12/2022,MDT,PA,AEA,EN,Combined TRACON& Tower with Radar,38,29,28,7,102,0,0,8,4,12,38,29,36,11,114,16,0,16,130
04/13/2022,MDT,PA,AEA,EN,Combined TRACON& Tower with Radar,40,37,25,21,123,0,2,16,3,21,40,39,41,24,144,10,8,18,162
04/14/2022,MDT,PA,AEA,EN,Combined TRACON& Tower with Radar,44,35,16,1,96,0,6,11,7,24,44,41,27,8,120,2,32,34,154
04/15/2022,MDT,PA,AEA,EN,Combined TRACON& Tower with Radar,41,29,9,3,82,0,2,11,2,15,41,31,20,5,97,2,16,18,115
04/16/2022,MDT,PA,AEA,EN,Combined TRACON& Tower with Radar,28,16,6,0,50,0,0,10,0,10,28,16,16,0,60,0,0,0,60
04/17/2022,MDT,PA,AEA,EN,Combined TRACON& Tower with Radar,28,23,9,0,60,0,1,10,0,11,28,24,19,0,71,2,0,2,73
04/18/2022,MDT,PA,AEA,EN,Combined TRACON& Tower with Radar,37,31,9,6,83,0,3,2,1,6,37,34,11,7,89,0,0,0,89
04/19/2022,MDT,PA,AEA,EN,Combined TRACON& Tower with Radar,41,30,9,12,92,0,0,1,4,5,41,30,10,16,97,0,10,10,107
04/20/2022,MDT,PA,AEA,EN,Combined TRACON& Tower with Radar,39,38,21,5,103,0,0,21,7,28,39,38,42,12,131,2,22,24,155
04/21/2022,MDT,PA,AEA,EN,Combined TRACON& Tower with Radar,44,34,15,7,100,0,0,4,0,4,44,34,19,7,104,8,0,8,112
04/22/2022,MDT,PA,AEA,EN,Combined TRACON& Tower with Radar,42,28,15,10,95,0,3,24,6,33,42,31,39,16,128,26,2,28,156
04/23/2022,MDT,PA,AEA,EN,Combined TRACON& Tower with Radar,27,32,7,0,66,0,0,33,0,33,27,32,40,0,99,6,0,6,105
04/24/2022,MDT,PA,AEA,EN,Combined TRACON& Tower with Radar,29,24,14,2,69,0,0,28,0,28,29,24,42,2,97,22,0,22,119
04/25/2022,MDT,PA,AEA,EN,Combined TRACON& Tower with Radar,44,33,28,11,116,0,2,5,0,7,44,35,33,11,123,20,0,20,143
04/26/2022,MDT,PA,AEA,EN,Combined TRACON& Tower with Radar,40,29,20,15,104,0,2,4,2,8,40,31,24,17,112,0,6,6,118
04/27/2022,MDT,PA,AEA,EN,Combined TRACON& Tower with Radar,40,35,20,10,105,0,2,4,2,8,40,37,24,12,113,0,14,14,127
04/28/2022,MDT,PA,AEA,EN,Combined TRACON& Tower with Radar,48,36,13,6,103,0,1,22,1,24,48,37,35,7,127,16,8,24,151
04/29/2022,MDT,PA,AEA,EN,Combined TRACON& Tower with Radar,42,39,25,14,120,0,8,25,2,35,42,47,50,16,155,32,0,32,187
04/30/2022,MDT,PA,AEA,EN,Combined TRACON& Tower with Radar,30,29,15,4,78,0,9,30,1,40,30,38,45,5,118,52,0,52,170
05/01/2022,MDT,PA,AEA,EN,Combined TRACON& Tower with Radar,33,20,18,3,74,0,0,7,0,7,33,20,25,3,81,4,0,4,85
05/02/2022,MDT,PA,AEA,EN,Combined TRACON& Tower with Radar,43,36,17,4,100,0,2,8,0,10,43,38,25,4,110,16,4,20,130
05/03/2022,MDT,PA,AEA,EN,Combined TRACON& Tower with Radar,40,31,27,27,125,0,4,4,0,8,40,35,31,27,133,12,2,14,147
05/04/2022,MDT,PA,AEA,EN,Combined TRACON& Tower with Radar,40,38,15,2,95,0,0,4,2,6,40,38,19,4,101,0,16,16,117
05/05/2022,MDT,PA,AEA,EN,Combined TRACON& Tower with Radar,50,44,23,8,125,0,0,19,2,21,50,44,42,10,146,16,22,38,184
05/06/2022,MDT,PA,AEA,EN,Combined TRACON& Tower with Radar,41,38,7,2,88,0,0,0,0,0,41,38,7,2,88,0,0,0,88
05/07/2022,MDT,PA,AEA,EN,Combined TRACON& Tower with Radar,27,28,3,1,59,0,0,0,0,0,27,28,3,1,59,0,0,0,59
05/08/2022,MDT,PA,AEA,EN,Combined TRACON& Tower with Radar,36,32,6,2,76,0,3,7,0,10,36,35,13,2,86,6,0,6,92
05/09/2022,MDT,PA,AEA,EN,Combined TRACON& Tower with Radar,42,38,16,11,107,0,1,27,6,34,42,39,43,17,141,36,32,68,209
05/10/2022,MDT,PA,AEA,EN,Combined TRACON& Tower with Radar,32,39,18,15,104,0,1,22,3,26,32,40,40,18,130,2,22,24,154
05/11/2022,MDT,PA,AEA,EN,Combined TRACON& Tower with Radar,38,41,13,6,98,0,2,27,3,32,38,43,40,9,130,2,10,12,142
05/12/2022,MDT,PA,AEA,EN,Combined TRACON& Tower with Radar,48,43,19,18,128,0,1,7,7,15,48,44,26,25,143,0,60,60,203
05/13/2022,MDT,PA,AEA,EN,Combined TRACON& Tower with Radar,42,36,24,4,106,0,2,2,2,6,42,38,26,6,112,0,0,0,112
05/14/2022,MDT,PA,AEA,EN,Combined TRACON& Tower with Radar,28,28,6,3,65,0,0,1,1,2,28,28,7,4,67,0,0,0,67
05/15/2022,MDT,PA,AEA,EN,Combined TRACON& Tower with Radar,36,28,5,6,75,0,0,1,2,3,36,28,6,8,78,0,0,0,78
05/16/2022,MDT,PA,AEA,EN,Combined TRACON& Tower with Radar,44,36,14,1,95,0,0,5,6,11,44,36,19,7,106,12,0,12,118
05/17/2022,MDT,PA,AEA,EN,Combined TRACON& Tower with Radar,34,38,17,13,102,0,0,15,21,36,34,38,32,34,138,8,46,54,192
05/18/2022,MDT,PA,AEA,EN,Combined TRACON& Tower with Radar,37,32,30,3,102,0,4,43,8,55,37,36,73,11,157,40,4,44,201
05/19/2022,MDT,PA,AEA,EN,Combined TRACON& Tower with Radar,47,41,16,6,110,0,0,6,2,8,47,41,22,8,118,0,2,2,120
05/20/2022,MDT,PA,AEA,EN,Combined TRACON& Tower with Radar,41,40,16,5,102,0,0,10,3,13,41,40,26,8,115,24,6,30,145
05/21/2022,MDT,PA,AEA,EN,Combined TRACON& Tower with Radar,27,27,14,0,68,0,0,11,0,11,27,27,25,0,79,16,0,16,95
05/22/2022,MDT,PA,AEA,EN,Combined TRACON& Tower with Radar,37,32,6,1,76,0,0,11,0,11,37,32,17,1,87,78,0,78,165
05/23/2022,MDT,PA,AEA,EN,Combined TRACON& Tower with Radar,43,40,16,15,114,0,3,22,1,26,43,43,38,16,140,20,0,20,160
05/24/2022,MDT,PA,AEA,EN,Combined TRACON& Tower with Radar,33,39,19,5,96,0,0,3,10,13,33,39,22,15,109,8,30,38,147
05/25/2022,MDT,PA,AEA,EN,Combined TRACON& Tower with Radar,37,36,13,11,97,0,0,17,8,25,37,36,30,19,122,50,6,56,178
05/26/2022,MDT,PA,AEA,EN,Combined TRACON& Tower with Radar,44,38,22,6,110,0,0,2,0,2,44,38,24,6,112,16,0,16,128
05/27/2022,MDT,PA,AEA,EN,Combined TRACON& Tower with Radar,55,35,12,0,102,0,0,0,0,0,55,35,12,0,102,0,0,0,102
05/28/2022,MDT,PA,AEA,EN,Combined TRACON& Tower with Radar,36,25,14,0,75,0,5,13,0,18,36,30,27,0,93,18,0,18,111
05/29/2022,MDT,PA,AEA,EN,Combined TRACON& Tower with Radar,26,30,5,2,63,0,2,15,1,18,26,32,20,3,81,2,0,2,83
05/30/2022,MDT,PA,AEA,EN,Combined TRACON& Tower with Radar,32,29,9,0,70,0,0,16,0,16,32,29,25,0,86,2,0,2,88
05/31/2022,MDT,PA,AEA,EN,Combined TRACON& Tower with Radar,33,28,19,2,82,0,0,22,2,24,33,28,41,4,106,36,8,44,150
06/01/2022,MDT,PA,AEA,EN,Combined TRACON& Tower with Radar,46,43,14,11,114,0,0,12,2,14,46,43,26,13,128,10,16,26,154
06/02/2022,MDT,PA,AEA,EN,Combined TRACON& Tower with Radar,49,37,10,3,99,0,6,1,9,16,49,43,11,12,115,0,16,16,131
06/03/2022,MDT,PA,AEA,EN,Combined TRACON& Tower with Radar,45,30,29,13,117,0,4,25,4,33,45,34,54,17,150,28,0,28,178
06/04/2022,MDT,PA,AEA,EN,Combined TRACON& Tower with Radar,31,22,11,1,65,0,6,29,2,37,31,28,40,3,102,10,0,10,112
06/05/2022,MDT,PA,AEA,EN,Combined TRACON& Tower with Radar,34,22,16,2,74,0,2,22,0,24,34,24,38,2,98,36,0,36,134
06/06/2022,MDT,PA,AEA,EN,Combined TRACON& Tower with Radar,48,24,19,7,98,0,2,27,3,32,48,26,46,10,130,8,16,24,154
06/07/2022,MDT,PA,AEA,EN,Combined TRACON& Tower with Radar,41,25,26,10,102,0,0,9,0,9,41,25,35,10,111,0,4,4,115
06/08/2022,MDT,PA,AEA,EN,Combined TRACON& Tower with Radar,45,36,35,15,131,0,2,25,4,31,45,38,60,19,162,24,16,40,202
06/09/2022,MDT,PA,AEA,EN,Combined TRACON& Tower with Radar,51,30,25,13,119,0,0,18,11,29,51,30,43,24,148,2,10,12,160
06/10/2022,MDT,PA,AEA,EN,Combined TRACON& Tower with Radar,47,28,27,1,103,0,4,24,5,33,47,32,51,6,136,6,0,6,142
06/11/2022,MDT,PA,AEA,EN,Combined TRACON& Tower with Radar,31,23,11,3,68,0,0,16,4,20,31,23,27,7,88,18,2,20,108
06/12/2022,MDT,PA,AEA,EN,Combined TRACON& Tower with Radar,35,26,13,3,77,0,0,7,1,8,35,26,20,4,85,16,0,16,101
06/13/2022,MDT,PA,AEA,EN,Combined TRACON& Tower with Radar,49,31,39,2,121,0,0,14,5,19,49,31,53,7,140,18,0,18,158
06/14/2022,MDT,PA,AEA,EN,Combined TRACON& Tower with Radar,44,32,22,32,130,0,2,14,17,33,44,34,36,49,163,0,54,54,217
06/15/2022,MDT,PA,AEA,EN,Combined TRACON& Tower with Radar,48,41,27,6,122,0,4,27,7,38,48,45,54,13,160,38,12,50,210
06/16/2022,MDT,PA,AEA,EN,Combined TRACON& Tower with Radar,53,40,12,4,109,0,2,2,3,7,53,42,14,7,116,8,4,12,128
06/17/2022,MDT,PA,AEA,EN,Combined TRACON& Tower with Radar,51,30,11,2,94,0,3,17,0,20,51,33,28,2,114,0,0,0,114
06/18/2022,MDT,PA,AEA,EN,Combined TRACON& Tower with Radar,33,28,14,0,75,0,0,10,0,10,33,28,24,0,85,56,0,56,141
06/19/2022,MDT,PA,AEA,EN,Combined TRACON& Tower with Radar,35,23,17,1,76,0,2,10,0,12,35,25,27,1,88,4,0,4,92
06/20/2022,MDT,PA,AEA,EN,Combined TRACON& Tower with Radar,45,30,29,3,107,0,1,38,1,40,45,31,67,4,147,14,0,14,161
06/21/2022,MDT,PA,AEA,EN,Combined TRACON& Tower with Radar,45,31,27,17,120,0,0,31,3,34,45,31,58,20,154,26,0,26,180
06/22/2022,MDT,PA,AEA,EN,Combined TRACON& Tower with Radar,45,35,27,8,115,0,2,6,5,13,45,37,33,13,128,0,0,0,128
06/23/2022,MDT,PA,AEA,EN,Combined TRACON& Tower with Radar,48,38,25,3,114,0,0,3,1,4,48,38,28,4,118,0,0,0,118
06/24/2022,MDT,PA,AEA,EN,Combined TRACON& Tower with Radar,44,31,38,10,123,0,3,12,2,17,44,34,50,12,140,8,18,26,166
06/25/2022,MDT,PA,AEA,EN,Combined TRACON& Tower with Radar,31,19,14,3,67,0,2,22,0,24,31,21,36,3,91,4,0,4,95
06/26/2022,MDT,PA,AEA,EN,Combined TRACON& Tower with Radar,37,33,14,1,85,0,1,25,0,26,37,34,39,1,111,48,0,48,159
06/27/2022,MDT,PA,AEA,EN,Combined TRACON& Tower with Radar,50,30,19,0,99,0,5,17,0,22,50,35,36,0,121,36,0,36,157
06/28/2022,MDT,PA,AEA,EN,Combined TRACON& Tower with Radar,40,26,25,11,102,0,2,22,16,40,40,28,47,27,142,4,72,76,218
06/29/2022,MDT,PA,AEA,EN,Combined TRACON& Tower with Radar,46,32,28,11,117,0,0,25,3,28,46,32,53,14,145,28,4,32,177
06/30/2022,MDT,PA,AEA,EN,Combined TRACON& Tower with Radar,50,33,29,27,139,0,0,30,5,35,50,33,59,32,174,12,66,78,252
07/01/2022,MDT,PA,AEA,EN,Combined TRACON& Tower with Radar,52,32,13,4,101,0,0,9,0,9,52,32,22,4,110,2,0,2,112
07/02/2022,MDT,PA,AEA,EN,Combined TRACON& Tower with Radar,35,22,8,0,65,0,0,13,2,15,35,22,21,2,80,28,0,28,108
07/03/2022,MDT,PA,AEA,EN,Combined TRACON& Tower with Radar,32,18,4,1,55,0,2,14,0,16,32,20,18,1,71,6,0,6,77
07/04/2022,MDT,PA,AEA,EN,Combined TRACON& Tower with Radar,37,21,8,0,66,0,0,18,1,19,37,21,26,1,85,10,0,10,95
07/05/2022,MDT,PA,AEA,EN,Combined TRACON& Tower with Radar,39,14,6,5,64,0,4,10,1,15,39,18,16,6,79,0,2,2,81
07/06/2022,MDT,PA,AEA,EN,Combined TRACON& Tower with Radar,40,25,28,9,102,0,1,20,1,22,40,26,48,10,124,16,0,16,140
07/07/2022,MDT,PA,AEA,EN,Combined TRACON& Tower with Radar,47,35,28,11,121,0,0,11,6,17,47,35,39,17,138,16,2,18,156
07/08/2022,MDT,PA,AEA,EN,Combined TRACON& Tower with Radar,47,29,10,7,93,0,3,9,1,13,47,32,19,8,106,24,12,36,142
07/09/2022,MDT,PA,AEA,EN,Combined TRACON& Tower with Radar,31,17,7,0,55,0,1,7,0,8,31,18,14,0,63,0,0,0,63
07/10/2022,MDT,PA,AEA,EN,Combined TRACON& Tower with Radar,35,26,16,11,88,0,3,27,5,35,35,29,43,16,123,4,20,24,147
07/11/2022,MDT,PA,AEA,EN,Combined TRACON& Tower with Radar,47,25,19,8,99,0,2,35,1,38,47,27,54,9,137,32,24,56,193
07/12/2022,MDT,PA,AEA,EN,Combined TRACON& Tower with Radar,41,24,17,5,87,0,4,11,2,17,41,28,28,7,104,0,6,6,110
07/13/2022,MDT,PA,AEA,EN,Combined TRACON& Tower with Radar,49,24,20,6,99,0,0,30,2,32,49,24,50,8,131,12,8,20,151
07/14/2022,MDT,PA,AEA,EN,Combined TRACON& Tower with Radar,51,32,23,15,121,0,0,31,3,34,51,32,54,18,155,20,8,28,183
07/15/2022,MDT,PA,AEA,EN,Combined TRACON& Tower with Radar,47,25,17,15,104,0,2,18,0,20,47,27,35,15,124,8,0,8,132
07/16/2022,MDT,PA,AEA,EN,Combined TRACON& Tower with Radar,33,19,7,0,59,0,1,4,0,5,33,20,11,0,64,0,0,0,64
07/17/2022,MDT,PA,AEA,EN,Combined TRACON& Tower with Radar,37,27,8,2,74,0,0,0,4,4,37,27,8,6,78,0,0,0,78
07/18/2022,MDT,PA,AEA,EN,Combined TRACON& Tower with Radar,44,27,16,0,87,0,2,2,0,4,44,29,18,0,91,2,0,2,93
07/19/2022,MDT,PA,AEA,EN,Combined TRACON& Tower with Radar,45,27,25,12,109,0,6,27,4,37,45,33,52,16,146,0,24,24,170
07/20/2022,MDT,PA,AEA,EN,Combined TRACON& Tower with Radar,45,31,25,20,121,0,2,25,3,30,45,33,50,23,151,2,20,22,173
07/21/2022,MDT,PA,AEA,EN,Combined TRACON& Tower with Radar,52,35,19,9,115,1,2,20,13,36,53,37,39,22,151,0,14,14,165
07/22/2022,MDT,PA,AEA,EN,Combined TRACON& Tower with Radar,49,28,17,24,118,0,5,23,0,28,49,33,40,24,146,34,12,46,192
07/23/2022,MDT,PA,AEA,EN,Combined TRACON& Tower with Radar,26,22,10,2,60,0,2,15,0,17,26,24,25,2,77,0,0,0,77
07/24/2022,MDT,PA,AEA,EN,Combined TRACON& Tower with Radar,33,24,11,4,72,0,0,15,0,15,33,24,26,4,87,0,0,0,87
07/25/2022,MDT,PA,AEA,EN,Combined TRACON& Tower with Radar,50,25,12,2,89,0,3,11,6,20,50,28,23,8,109,16,0,16,125
07/26/2022,MDT,PA,AEA,EN,Combined TRACON& Tower with Radar,39,24,20,19,102,0,2,22,13,37,39,26,42,32,139,8,32,40,179
07/27/2022,MDT,PA,AEA,EN,Combined TRACON& Tower with Radar,44,22,23,7,96,0,4,19,7,30,44,26,42,14,126,24,0,24,150
07/28/2022,MDT,PA,AEA,EN,Combined TRACON& Tower with Radar,51,34,27,9,121,0,16,28,5,49,51,50,55,14,170,32,16,48,218
07/29/2022,MDT,PA,AEA,EN,Combined TRACON& Tower with Radar,40,27,18,6,91,0,3,9,2,14,40,30,27,8,105,0,0,0,105
07/30/2022,MDT,PA,AEA,EN,Combined TRACON& Tower with Radar,31,22,9,0,62,0,2,12,0,14,31,24,21,0,76,0,0,0,76
07/31/2022,MDT,PA,AEA,EN,Combined TRACON& Tower with Radar,33,28,9,0,70,0,3,9,1,13,33,31,18,1,83,6,0,6,89
08/01/2022,MDT,PA,AEA,EN,Combined TRACON& Tower with Radar,50,21,19,5,95,0,0,6,0,6,50,21,25,5,101,2,0,2,103
08/02/2022,MDT,PA,AEA,EN,Combined TRACON& Tower with Radar,43,17,26,12,98,0,0,42,4,46,43,17,68,16,144,18,50,68,212
08/03/2022,MDT,PA,AEA,EN,Combined TRACON& Tower with Radar,41,25,16,9,91,0,2,35,11,48,41,27,51,20,139,12,14,26,165
08/04/2022,MDT,PA,AEA,EN,Combined TRACON& Tower with Radar,46,26,20,39,131,0,2,12,7,21,46,28,32,46,152,4,48,52,204
08/05/2022,MDT,PA,AEA,EN,Combined TRACON& Tower with Radar,46,26,24,5,101,0,2,11,3,16,46,28,35,8,117,0,24,24,141
08/06/2022,MDT,PA,AEA,EN,Combined TRACON& Tower with Radar,27,24,5,4,60,0,0,5,0,5,27,24,10,4,65,18,0,18,83
08/07/2022,MDT,PA,AEA,EN,Combined TRACON& Tower with Radar,35,22,11,7,75,0,5,12,1,18,35,27,23,8,93,42,0,42,135
08/08/2022,MDT,PA,AEA,EN,Combined TRACON& Tower with Radar,42,25,24,12,103,0,2,26,0,28,42,27,50,12,131,0,0,0,131
08/09/2022,MDT,PA,AEA,EN,Combined TRACON& Tower with Radar,44,20,10,11,85,0,0,15,3,18,44,20,25,14,103,0,6,6,109
08/10/2022,MDT,PA,AEA,EN,Combined TRACON& Tower with Radar,43,27,15,11,96,0,3,17,6,26,43,30,32,17,122,0,6,6,128
08/11/2022,MDT,PA,AEA,EN,Combined TRACON& Tower with Radar,47,29,37,4,117,0,4,16,5,25,47,33,53,9,142,16,4,20,162
08/12/2022,MDT,PA,AEA,EN,Combined TRACON& Tower with Radar,45,30,15,11,101,0,0,23,3,26,45,30,38,14,127,24,18,42,169
08/13/2022,MDT,PA,AEA,EN,Combined TRACON& Tower with Radar,30,22,10,0,62,0,1,35,1,37,30,23,45,1,99,4,0,4,103
08/14/2022,MDT,PA,AEA,EN,Combined TRACON& Tower with Radar,32,23,14,1,70,0,0,34,1,35,32,23,48,2,105,18,0,18,123
08/15/2022,MDT,PA,AEA,EN,Combined TRACON& Tower with Radar,47,26,13,0,86,0,1,8,2,11,47,27,21,2,97,0,0,0,97
08/16/2022,MDT,PA,AEA,EN,Combined TRACON& Tower with Radar,40,28,25,17,110,0,0,15,4,19,40,28,40,21,129,2,30,32,161
08/17/2022,MDT,PA,AEA,EN,Combined TRACON& Tower with Radar,36,28,21,2,87,0,2,19,0,21,36,30,40,2,108,8,0,8,116
08/18/2022,MDT,PA,AEA,EN,Combined TRACON& Tower with Radar,44,33,20,3,100,0,4,15,2,21,44,37,35,5,121,18,0,18,139
08/19/2022,MDT,PA,AEA,EN,Combined TRACON& Tower with Radar,38,33,18,1,90,0,6,29,1,36,38,39,47,2,126,0,0,0,126
08/20/2022,MDT,PA,AEA,EN,Combined TRACON& Tower with Radar,22,22,17,0,61,0,1,29,0,30,22,23,46,0,91,2,0,2,93
08/21/2022,MDT,PA,AEA,EN,Combined TRACON& Tower with Radar,33,29,11,0,73,0,0,4,0,4,33,29,15,0,77,14,0,14,91
08/22/2022,MDT,PA,AEA,EN,Combined TRACON& Tower with Radar,37,28,21,6,92,0,0,4,1,5,37,28,25,7,97,0,8,8,105
08/23/2022,MDT,PA,AEA,EN,Combined TRACON& Tower with Radar,40,39,24,18,121,0,0,12,12,24,40,39,36,30,145,52,50,102,247
08/24/2022,MDT,PA,AEA,EN,Combined TRACON& Tower with Radar,37,33,28,13,111,0,1,38,4,43,37,34,66,17,154,52,14,66,220
08/25/2022,MDT,PA,AEA,EN,Combined TRACON& Tower with Radar,48,37,29,8,122,0,2,18,5,25,48,39,47,13,147,26,26,52,199
08/26/2022,MDT,PA,AEA,EN,Combined TRACON& Tower with Radar,38,31,10,5,84,0,0,22,0,22,38,31,32,5,106,55,4,59,165
08/27/2022,MDT,PA,AEA,EN,Combined TRACON& Tower with Radar,25,24,12,2,63,0,2,27,0,29,25,26,39,2,92,4,0,4,96
08/28/2022,MDT,PA,AEA,EN,Combined TRACON& Tower with Radar,32,32,7,0,71,0,0,13,0,13,32,32,20,0,84,16,0,16,100
08/29/2022,MDT,PA,AEA,EN,Combined TRACON& Tower with Radar,39,30,16,0,85,0,0,16,1,17,39,30,32,1,102,10,30,40,142
08/30/2022,MDT,PA,AEA,EN,Combined TRACON& Tower with Radar,43,30,18,2,93,0,0,2,3,5,43,30,20,5,98,0,0,0,98
08/31/2022,MDT,PA,AEA,EN,Combined TRACON& Tower with Radar,33,28,15,5,81,0,5,21,3,29,33,33,36,8,110,26,34,60,170
09/01/2022,MDT,PA,AEA,EN,Combined TRACON& Tower with Radar,42,31,14,19,106,0,0,41,9,50,42,31,55,28,156,66,18,84,240
09/02/2022,MDT,PA,AEA,EN,Combined TRACON& Tower with Radar,38,30,18,0,86,0,5,38,0,43,38,35,56,0,129,20,0,20,149
09/03/2022,MDT,PA,AEA,EN,Combined TRACON& Tower with Radar,22,22,7,0,51,0,0,22,2,24,22,22,29,2,75,16,0,16,91
09/04/2022,MDT,PA,AEA,EN,Combined TRACON& Tower with Radar,28,25,9,0,62,0,2,12,0,14,28,27,21,0,76,2,0,2,78
09/05/2022,MDT,PA,AEA,EN,Combined TRACON& Tower with Radar,28,22,6,2,58,0,0,2,0,2,28,22,8,2,60,0,0,0,60
09/06/2022,MDT,PA,AEA,EN,Combined TRACON& Tower with Radar,40,25,17,20,102,0,0,1,1,2,40,25,18,21,104,0,0,0,104
09/07/2022,MDT,PA,AEA,EN,Combined TRACON& Tower with Radar,36,30,25,4,95,0,0,0,0,0,36,30,25,4,95,16,0,16,111
09/08/2022,MDT,PA,AEA,EN,Combined TRACON& Tower with Radar,38,28,21,5,92,0,2,13,7,22,38,30,34,12,114,16,18,34,148
09/09/2022,MDT,PA,AEA,EN,Combined TRACON& Tower with Radar,40,28,17,1,86,0,3,11,0,14,40,31,28,1,100,26,0,26,126
09/10/2022,MDT,PA,AEA,EN,Combined TRACON& Tower with Radar,27,18,7,2,54,0,0,24,0,24,27,18,31,2,78,34,0,34,112
09/11/2022,MDT,PA,AEA,EN,Combined TRACON& Tower with Radar,33,22,13,2,70,0,2,0,0,2,33,24,13,2,72,0,0,0,72
09/12/2022,MDT,PA,AEA,EN,Combined TRACON& Tower with Radar,40,23,18,2,83,0,1,1,0,2,40,24,19,2,85,0,0,0,85
09/13/2022,MDT,PA,AEA,EN,Combined TRACON& Tower with Radar,36,32,11,13,92,0,0,5,7,12,36,32,16,20,104,16,28,44,148
09/14/2022,MDT,PA,AEA,EN,Combined TRACON& Tower with Radar,33,42,17,37,129,0,2,21,7,30,33,44,38,44,159,12,1,13,172
09/15/2022,MDT,PA,AEA,EN,Combined TRACON& Tower with Radar,43,35,16,10,104,0,0,23,2,25,43,35,39,12,129,42,16,58,187
09/16/2022,MDT,PA,AEA,EN,Combined TRACON& Tower with Radar,43,28,28,4,103,0,2,31,3,36,43,30,59,7,139,29,4,33,172
09/17/2022,MDT,PA,AEA,EN,Combined TRACON& Tower with Radar,26,19,7,2,54,0,5,30,9,44,26,24,37,11,98,0,0,0,98
09/18/2022,MDT,PA,AEA,EN,Combined TRACON& Tower with Radar,32,23,9,1,65,0,4,32,0,36,32,27,41,1,101,10,0,10,111
09/19/2022,MDT,PA,AEA,EN,Combined TRACON& Tower with Radar,47,35,15,4,101,0,2,19,0,21,47,37,34,4,122,22,0,22,144
09/20/2022,MDT,PA,AEA,EN,Combined TRACON& Tower with Radar,36,28,18,12,94,0,1,25,10,36,36,29,43,22,130,58,14,72,202
09/21/2022,MDT,PA,AEA,EN,Combined TRACON& Tower with Radar,32,42,29,6,109,0,0,30,2,32,32,42,59,8,141,12,14,26,167
09/22/2022,MDT,PA,AEA,EN,Combined TRACON& Tower with Radar,42,30,21,9,102,0,2,9,5,16,42,32,30,14,118,0,28,28,146
09/23/2022,MDT,PA,AEA,EN,Combined TRACON& Tower with Radar,43,35,16,2,96,0,0,8,4,12,43,35,24,6,108,0,14,14,122
09/24/2022,MDT,PA,AEA,EN,Combined TRACON& Tower with Radar,28,23,18,0,69,0,2,37,3,42,28,25,55,3,111,26,0,26,137
09/25/2022,MDT,PA,AEA,EN,Combined TRACON& Tower with Radar,33,31,14,2,80,0,0,9,0,9,33,31,23,2,89,4,0,4,93
09/26/2022,MDT,PA,AEA,EN,Combined TRACON& Tower with Radar,41,28,19,4,92,0,0,14,1,15,41,28,33,5,107,4,14,18,125
09/27/2022,MDT,PA,AEA,EN,Combined TRACON& Tower with Radar,36,31,11,2,80,0,3,11,2,16,36,34,22,4,96,2,0,2,98
09/28/2022,MDT,PA,AEA,EN,Combined TRACON& Tower with Radar,32,33,29,8,102,0,0,16,2,18,32,33,45,10,120,24,6,30,150
09/29/2022,MDT,PA,AEA,EN,Combined TRACON& Tower with Radar,38,36,21,12,107,0,0,20,1,21,38,36,41,13,128,30,20,50,178
09/30/2022,MDT,PA,AEA,EN,Combined TRACON& Tower with Radar,34,26,13,1,74,0,0,11,0,11,34,26,24,1,85,10,0,10,95
10/01/2022,MDT,PA,AEA,EN,Combined TRACON& Tower with Radar,26,26,11,0,63,0,0,0,0,0,26,26,11,0,63,0,0,0,63
10/02/2022,MDT,PA,AEA,EN,Combined TRACON& Tower with Radar,29,24,5,1,59,0,0,0,0,0,29,24,5,1,59,0,0,0,59
10/03/2022,MDT,PA,AEA,EN,Combined TRACON& Tower with Radar,41,39,22,4,106,0,3,3,0,6,41,42,25,4,112,0,0,0,112
10/04/2022,MDT,PA,AEA,EN,Combined TRACON& Tower with Radar,34,36,17,10,97,1,0,1,0,2,35,36,18,10,99,0,0,0,99
10/05/2022,MDT,PA,AEA,EN,Combined TRACON& Tower with Radar,36,37,31,12,116,0,6,9,5,20,36,43,40,17,136,14,8,22,158
10/06/2022,MDT,PA,AEA,EN,Combined TRACON& Tower with Radar,42,36,34,6,118,0,2,37,2,41,42,38,71,8,159,24,28,52,211
10/07/2022,MDT,PA,AEA,EN,Combined TRACON& Tower with Radar,37,33,24,2,96,0,0,28,0,28,37,33,52,2,124,30,0,30,154
10/08/2022,MDT,PA,AEA,EN,Combined TRACON& Tower with Radar,24,26,7,0,57,0,0,20,0,20,24,26,27,0,77,6,0,6,83
10/09/2022,MDT,PA,AEA,EN,Combined TRACON& Tower with Radar,32,23,20,0,75,0,1,15,0,16,32,24,35,0,91,0,0,0,91
10/10/2022,MDT,PA,AEA,EN,Combined TRACON& Tower with Radar,45,24,16,1,86,0,0,17,3,20,45,24,33,4,106,2,0,2,108
10/11/2022,MDT,PA,AEA,EN,Combined TRACON& Tower with Radar,37,33,19,5,94,0,4,29,2,35,37,37,48,7,129,32,0,32,161
10/12/2022,MDT,PA,AEA,EN,Combined TRACON& Tower with Radar,38,38,24,5,105,0,0,29,2,31,38,38,53,7,136,24,20,44,180
10/13/2022,MDT,PA,AEA,EN,Combined TRACON& Tower with Radar,42,38,21,2,103,0,0,0,0,0,42,38,21,2,103,0,0,0,103
10/14/2022,MDT,PA,AEA,EN,Combined TRACON& Tower with Radar,37,35,39,5,116,0,0,27,3,30,37,35,66,8,146,4,0,4,150
10/15/2022,MDT,PA,AEA,EN,Combined TRACON& Tower with Radar,25,25,19,0,69,0,3,22,1,26,25,28,41,1,95,0,0,0,95
10/16/2022,MDT,PA,AEA,EN,Combined TRACON& Tower with Radar,29,33,21,0,83,0,2,19,0,21,29,35,40,0,104,0,0,0,104
10/17/2022,MDT,PA,AEA,EN,Combined TRACON& Tower with Radar,41,33,28,0,102,0,6,9,0,15,41,39,37,0,117,2,0,2,119
10/18/2022,MDT,PA,AEA,EN,Combined TRACON& Tower with Radar,37,26,26,6,95,0,2,16,6,24,37,28,42,12,119,90,20,110,229
10/19/2022,MDT,PA,AEA,EN,Combined TRACON& Tower with Radar,36,34,16,4,90,0,0,14,2,16,36,34,30,6,106,0,0,0,106
10/20/2022,MDT,PA,AEA,EN,Combined TRACON& Tower with Radar,40,42,25,6,113,0,1,9,5,15,40,43,34,11,128,30,2,32,160
10/21/2022,MDT,PA,AEA,EN,Combined TRACON& Tower with Radar,37,29,18,1,85,0,0,24,1,25,37,29,42,2,110,0,0,0,110
10/22/2022,MDT,PA,AEA,EN,Combined TRACON& Tower with Radar,24,26,9,1,60,0,2,33,5,40,24,28,42,6,100,2,4,6,106
10/23/2022,MDT,PA,AEA,EN,Combined TRACON& Tower with Radar,31,26,27,2,86,0,0,2,0,2,31,26,29,2,88,18,0,18,106
10/24/2022,MDT,PA,AEA,EN,Combined TRACON& Tower with Radar,40,31,18,0,89,0,0,0,2,2,40,31,18,2,91,0,0,0,91
10/25/2022,MDT,PA,AEA,EN,Combined TRACON& Tower with Radar,32,25,32,21,110,0,0,0,0,0,32,25,32,21,110,0,0,0,110
10/26/2022,MDT,PA,AEA,EN,Combined TRACON& Tower with Radar,36,32,20,14,102,0,5,5,2,12,36,37,25,16,114,0,24,24,138
10/27/2022,MDT,PA,AEA,EN,Combined TRACON& Tower with Radar,42,38,26,7,113,0,5,15,5,25,42,43,41,12,138,2,12,14,152
10/28/2022,MDT,PA,AEA,EN,Combined TRACON& Tower with Radar,38,32,15,6,91,0,3,34,0,37,38,35,49,6,128,26,0,26,154
10/29/2022,MDT,PA,AEA,EN,Combined TRACON& Tower with Radar,23,26,10,0,59,0,0,22,0,22,23,26,32,0,81,16,0,16,97
10/30/2022,MDT,PA,AEA,EN,Combined TRACON& Tower with Radar,33,23,16,0,72,0,0,16,0,16,33,23,32,0,88,8,0,8,96
10/31/2022,MDT,PA,AEA,EN,Combined TRACON& Tower with Radar,38,22,18,0,78,0,0,0,2,2,38,22,18,2,80,0,0,0,80
11/01/2022,MDT,PA,AEA,EN,Combined TRACON& Tower with Radar,36,28,22,12,98,0,0,14,6,20,36,28,36,18,118,4,16,20,138
11/02/2022,MDT,PA,AEA,EN,Combined TRACON& Tower with Radar,40,29,14,7,90,0,4,35,6,45,40,33,49,13,135,6,22,28,163
11/03/2022,MDT,PA,AEA,EN,Combined TRACON& Tower with Radar,43,27,19,8,97,0,1,23,8,32,43,28,42,16,129,10,10,20,149
11/04/2022,MDT,PA,AEA,EN,Combined TRACON& Tower with Radar,56,26,15,4,101,0,0,16,2,18,56,26,31,6,119,16,20,36,155
11/05/2022,MDT,PA,AEA,EN,Combined TRACON& Tower with Radar,27,12,11,4,54,0,0,11,2,13,27,12,22,6,67,0,0,0,67
11/06/2022,MDT,PA,AEA,EN,Combined TRACON& Tower with Radar,33,17,10,10,70,0,0,3,0,3,33,17,13,10,73,0,4,4,77
11/07/2022,MDT,PA,AEA,EN,Combined TRACON& Tower with Radar,46,21,24,4,95,0,3,23,2,28,46,24,47,6,123,20,16,36,159
11/08/2022,MDT,PA,AEA,EN,Combined TRACON& Tower with Radar,40,21,17,2,80,0,5,21,2,28,40,26,38,4,108,44,28,72,180
11/09/2022,MDT,PA,AEA,EN,Combined TRACON& Tower with Radar,42,35,14,3,94,0,4,24,7,35,42,39,38,10,129,36,22,58,187
11/10/2022,MDT,PA,AEA,EN,Combined TRACON& Tower with Radar,41,29,15,3,88,0,0,39,2,41,41,29,54,5,129,40,0,40,169
11/11/2022,MDT,PA,AEA,EN,Combined TRACON& Tower with Radar,42,24,10,2,78,0,0,0,0,0,42,24,10,2,78,0,0,0,78
11/12/2022,MDT,PA,AEA,EN,Combined TRACON& Tower with Radar,32,16,12,0,60,0,2,7,0,9,32,18,19,0,69,14,0,14,83
11/13/2022,MDT,PA,AEA,EN,Combined TRACON& Tower with Radar,33,19,9,0,61,0,0,4,1,5,33,19,13,1,66,0,0,0,66
11/14/2022,MDT,PA,AEA,EN,Combined TRACON& Tower with Radar,48,20,14,18,100,0,0,19,3,22,48,20,33,21,122,20,16,36,158
11/15/2022,MDT,PA,AEA,EN,Combined TRACON& Tower with Radar,40,21,13,4,78,0,0,9,0,9,40,21,22,4,87,0,0,0,87
11/16/2022,MDT,PA,AEA,EN,Combined TRACON& Tower with Radar,44,28,18,32,122,0,2,9,6,17,44,30,27,38,139,12,20,32,171
11/17/2022,MDT,PA,AEA,EN,Combined TRACON& Tower with Radar,46,27,21,4,98,0,0,7,0,7,46,27,28,4,105,0,0,0,105
11/18/2022,MDT,PA,AEA,EN,Combined TRACON& Tower with Radar,42,24,23,0,89,0,0,11,1,12,42,24,34,1,101,2,0,2,103
11/19/2022,MDT,PA,AEA,EN,Combined TRACON& Tower with Radar,34,12,11,0,57,0,0,37,3,40,34,12,48,3,97,32,0,32,129
11/20/2022,MDT,PA,AEA,EN,Combined TRACON& Tower with Radar,37,20,4,0,61,0,0,13,7,20,37,20,17,7,81,0,0,0,81
11/21/2022,MDT,PA,AEA,EN,Combined TRACON& Tower with Radar,49,18,22,5,94,0,1,13,2,16,49,19,35,7,110,10,18,28,138
11/22/2022,MDT,PA,AEA,EN,Combined TRACON& Tower with Radar,52,26,24,6,108,0,3,36,4,43,52,29,60,10,151,10,8,18,169
11/23/2022,MDT,PA,AEA,EN,Combined TRACON& Tower with Radar,50,25,20,2,97,0,2,29,0,31,50,27,49,2,128,10,4,14,142
11/24/2022,MDT,PA,AEA,EN,Combined TRACON& Tower with Radar,18,6,4,0,28,0,0,15,2,17,18,6,19,2,45,0,0,0,45
11/25/2022,MDT,PA,AEA,EN,Combined TRACON& Tower with Radar,41,20,6,0,67,0,0,3,0,3,41,20,9,0,70,6,0,6,76
11/26/2022,MDT,PA,AEA,EN,Combined TRACON& Tower with Radar,35,16,8,0,59,0,2,22,0,24,35,18,30,0,83,28,0,28,111
11/27/2022,MDT,PA,AEA,EN,Combined TRACON& Tower with Radar,34,25,15,0,74,0,0,3,0,3,34,25,18,0,77,14,0,14,91
11/28/2022,MDT,PA,AEA,EN,Combined TRACON& Tower with Radar,56,20,16,0,92,0,2,8,0,10,56,22,24,0,102,0,0,0,102
11/29/2022,MDT,PA,AEA,EN,Combined TRACON& Tower with Radar,48,27,21,16,112,0,0,23,2,25,48,27,44,18,137,42,20,62,199
11/30/2022,MDT,PA,AEA,EN,Combined TRACON& Tower with Radar,47,27,19,11,104,0,0,3,1,4,47,27,22,12,108,0,0,0,108
12/01/2022,MDT,PA,AEA,EN,Combined TRACON& Tower with Radar,52,17,24,14,107,0,0,13,15,28,52,17,37,29,135,0,4,4,139
12/02/2022,MDT,PA,AEA,EN,Combined TRACON& Tower with Radar,51,23,15,13,102,0,3,24,6,33,51,26,39,19,135,8,20,28,163
12/03/2022,MDT,PA,AEA,EN,Combined TRACON& Tower with Radar,32,13,4,0,49,0,0,5,0,5,32,13,9,0,54,0,0,0,54
12/04/2022,MDT,PA,AEA,EN,Combined TRACON& Tower with Radar,38,11,11,0,60,0,0,24,0,24,38,11,35,0,84,24,0,24,108
12/05/2022,MDT,PA,AEA,EN,Combined TRACON& Tower with Radar,49,24,29,0,102,0,6,25,0,31,49,30,54,0,133,0,0,0,133
12/06/2022,MDT,PA,AEA,EN,Combined TRACON& Tower with Radar,53,28,15,3,99,0,2,0,0,2,53,30,15,3,101,0,0,0,101
12/07/2022,MDT,PA,AEA,EN,Combined TRACON& Tower with Radar,47,21,22,0,90,1,0,0,0,1,48,21,22,0,91,0,0,0,91
12/08/2022,MDT,PA,AEA,EN,Combined TRACON& Tower with Radar,52,30,13,8,103,0,5,18,4,27,52,35,31,12,130,6,6,12,142
12/09/2022,MDT,PA,AEA,EN,Combined TRACON& Tower with Radar,53,21,23,11,108,0,2,35,2,39,53,23,58,13,147,40,28,68,215
12/10/2022,MDT,PA,AEA,EN,Combined TRACON& Tower with Radar,31,14,6,0,51,0,0,24,0,24,31,14,30,0,75,86,0,86,161
12/11/2022,MDT,PA,AEA,EN,Combined TRACON& Tower with Radar,39,11,9,0,59,0,0,0,0,0,39,11,9,0,59,0,0,0,59
12/12/2022,MDT,PA,AEA,EN,Combined TRACON& Tower with Radar,50,20,14,4,88,0,0,8,1,9,50,20,22,5,97,24,0,24,121
12/13/2022,MDT,PA,AEA,EN,Combined TRACON& Tower with Radar,52,20,36,6,114,0,2,34,3,39,52,22,70,9,153,6,0,6,159
12/14/2022,MDT,PA,AEA,EN,Combined TRACON& Tower with Radar,50,19,28,4,101,0,0,28,2,30,50,19,56,6,131,0,0,0,131
12/15/2022,MDT,PA,AEA,EN,Combined TRACON& Tower with Radar,47,26,5,0,78,0,0,0,0,0,47,26,5,0,78,0,0,0,78
12/16/2022,MDT,PA,AEA,EN,Combined TRACON& Tower with Radar,52,24,21,1,98,0,2,2,0,4,52,26,23,1,102,0,0,0,102
12/17/2022,MDT,PA,AEA,EN,Combined TRACON& Tower with Radar,47,15,8,0,70,0,0,15,0,15,47,15,23,0,85,30,0,30,115
12/18/2022,MDT,PA,AEA,EN,Combined TRACON& Tower with Radar,34,17,5,0,56,0,2,9,0,11,34,19,14,0,67,18,0,18,85
12/19/2022,MDT,PA,AEA,EN,Combined TRACON& Tower with Radar,51,23,14,6,94,0,8,33,0,41,51,31,47,6,135,50,22,72,207
12/20/2022,MDT,PA,AEA,EN,Combined TRACON& Tower with Radar,51,24,14,25,114,0,0,29,4,33,51,24,43,29,147,18,20,38,185
12/21/2022,MDT,PA,AEA,EN,Combined TRACON& Tower with Radar,61,25,17,3,106,0,0,25,4,29,61,25,42,7,135,28,0,28,163
12/22/2022,MDT,PA,AEA,EN,Combined TRACON& Tower with Radar,51,23,13,1,88,0,0,0,0,0,51,23,13,1,88,0,0,0,88
12/23/2022,MDT,PA,AEA,EN,Combined TRACON& Tower with Radar,33,15,5,0,53,0,0,0,0,0,33,15,5,0,53,0,0,0,53
12/24/2022,MDT,PA,AEA,EN,Combined TRACON& Tower with Radar,34,12,2,0,48,0,2,2,0,4,34,14,4,0,52,0,0,0,52
12/25/2022,MDT,PA,AEA,EN,Combined TRACON& Tower with Radar,22,14,1,0,37,0,3,2,0,5,22,17,3,0,42,0,0,0,42
12/26/2022,MDT,PA,AEA,EN,Combined TRACON& Tower with Radar,33,21,11,1,66,0,2,13,1,16,33,23,24,2,82,0,0,0,82
12/27/2022,MDT,PA,AEA,EN,Combined TRACON& Tower with Radar,55,21,25,4,105,0,1,36,0,37,55,22,61,4,142,18,0,18,160
12/28/2022,MDT,PA,AEA,EN,Combined TRACON& Tower with Radar,51,24,11,3,89,0,1,25,0,26,51,25,36,3,115,20,0,20,135
12/29/2022,MDT,PA,AEA,EN,Combined TRACON& Tower with Radar,46,30,19,4,99,0,2,26,8,36,46,32,45,12,135,14,6,20,155
12/30/2022,MDT,PA,AEA,EN,Combined TRACON& Tower with Radar,51,33,11,2,97,0,0,33,0,33,51,33,44,2,130,32,0,32,162
12/31/2022,MDT,PA,AEA,EN,Combined TRACON& Tower with Radar,34,16,8,0,58,0,0,0,0,0,34,16,8,0,58,0,0,0,58
01/01/2023,MDT,PA,AEA,EN,Combined TRACON& Tower with Radar,28,15,11,0,54,0,2,15,0,17,28,17,26,0,71,42,0,42,113
01/02/2023,MDT,PA,AEA,EN,Combined TRACON& Tower with Radar,28,18,9,2,57,0,0,6,0,6,28,18,15,2,63,0,0,0,63
01/03/2023,MDT,PA,AEA,EN,Combined TRACON& Tower with Radar,49,14,23,2,88,0,0,0,0,0,49,14,23,2,88,0,0,0,88
01/04/2023,MDT,PA,AEA,EN,Combined TRACON& Tower with Radar,35,22,18,12,87,0,0,1,0,1,35,22,19,12,88,0,32,32,120
01/05/2023,MDT,PA,AEA,EN,Combined TRACON& Tower with Radar,40,22,11,7,80,0,0,30,13,43,40,22,41,20,123,30,22,52,175
01/06/2023,MDT,PA,AEA,EN,Combined TRACON& Tower with Radar,37,22,10,4,73,0,0,9,4,13,37,22,19,8,86,24,0,24,110
01/07/2023,MDT,PA,AEA,EN,Combined TRACON& Tower with Radar,28,13,8,2,51,0,2,26,4,32,28,15,34,6,83,48,0,48,131
01/08/2023,MDT,PA,AEA,EN,Combined TRACON& Tower with Radar,27,18,8,3,56,0,0,47,1,48,27,18,55,4,104,88,0,88,192
01/09/2023,MDT,PA,AEA,EN,Combined TRACON& Tower with Radar,44,27,9,0,80,0,2,16,2,20,44,29,25,2,100,26,0,26,126
01/10/2023,MDT,PA,AEA,EN,Combined TRACON& Tower with Radar,35,23,21,15,94,0,0,22,1,23,35,23,43,16,117,16,16,32,149
01/11/2023,MDT,PA,AEA,EN,Combined TRACON& Tower with Radar,37,27,19,3,86,0,9,16,2,27,37,36,35,5,113,12,28,40,153
01/12/2023,MDT,PA,AEA,EN,Combined TRACON& Tower with Radar,40,27,16,2,85,0,0,0,0,0,40,27,16,2,85,0,0,0,85
01/13/2023,MDT,PA,AEA,EN,Combined TRACON& Tower with Radar,45,29,12,0,86,0,0,0,1,1,45,29,12,1,87,14,14,28,115
01/14/2023,MDT,PA,AEA,EN,Combined TRACON& Tower with Radar,24,19,8,6,57,0,0,5,0,5,24,19,13,6,62,0,0,0,62
01/15/2023,MDT,PA,AEA,EN,Combined TRACON& Tower with Radar,29,14,10,0,53,0,0,17,0,17,29,14,27,0,70,44,0,44,114
01/16/2023,MDT,PA,AEA,EN,Combined TRACON& Tower with Radar,41,31,24,0,96,0,2,33,0,35,41,33,57,0,131,40,0,40,171
01/17/2023,MDT,PA,AEA,EN,Combined TRACON& Tower with Radar,43,23,24,12,102,0,0,9,7,16,43,23,33,19,118,8,22,30,148
01/18/2023,MDT,PA,AEA,EN,Combined TRACON& Tower with Radar,40,34,14,23,111,0,4,13,4,21,40,38,27,27,132,16,14,30,162
01/19/2023,MDT,PA,AEA,EN,Combined TRACON& Tower with Radar,41,21,13,1,76,0,0,0,0,0,41,21,13,1,76,0,0,0,76
01/20/2023,MDT,PA,AEA,EN,Combined TRACON& Tower with Radar,44,24,17,9,94,0,0,11,0,11,44,24,28,9,105,2,0,2,107
01/21/2023,MDT,PA,AEA,EN,Combined TRACON& Tower with Radar,26,15,6,0,47,0,2,24,0,26,26,17,30,0,73,12,0,12,85
01/22/2023,MDT,PA,AEA,EN,Combined TRACON& Tower with Radar,33,12,10,2,57,0,0,13,0,13,33,12,23,2,70,8,0,8,78
01/23/2023,MDT,PA,AEA,EN,Combined TRACON& Tower with Radar,40,19,16,2,77,0,0,0,0,0,40,19,16,2,77,0,0,0,77
01/24/2023,MDT,PA,AEA,EN,Combined TRACON& Tower with Radar,34,23,17,18,92,0,0,30,6,36,34,23,47,24,128,38,6,44,172
01/25/2023,MDT,PA,AEA,EN,Combined TRACON& Tower with Radar,36,22,9,0,67,0,2,0,0,2,36,24,9,0,69,0,0,0,69
01/26/2023,MDT,PA,AEA,EN,Combined TRACON& Tower with Radar,38,33,11,8,90,0,6,5,5,16,38,39,16,13,106,0,0,0,106
01/27/2023,MDT,PA,AEA,EN,Combined TRACON& Tower with Radar,39,26,21,2,88,0,0,27,2,29,39,26,48,4,117,54,0,54,171
01/28/2023,MDT,PA,AEA,EN,Combined TRACON& Tower with Radar,25,15,20,1,61,0,0,25,0,25,25,15,45,1,86,30,0,30,116
01/29/2023,MDT,PA,AEA,EN,Combined TRACON& Tower with Radar,32,14,12,0,58,0,2,21,0,23,32,16,33,0,81,4,0,4,85
01/30/2023,MDT,PA,AEA,EN,Combined TRACON& Tower with Radar,43,21,14,3,81,0,0,21,2,23,43,21,35,5,104,6,0,6,110
01/31/2023,MDT,PA,AEA,EN,Combined TRACON& Tower with Radar,32,23,16,4,75,0,0,10,0,10,32,23,26,4,85,2,0,2,87
02/01/2023,MDT,PA,AEA,EN,Combined TRACON& Tower with Radar,38,21,30,9,98,0,0,23,6,29,38,21,53,15,127,20,14,34,161
02/02/2023,MDT,PA,AEA,EN,Combined TRACON& Tower with Radar,40,21,23,12,96,0,2,42,8,52,40,23,65,20,148,6,32,38,186
02/03/2023,MDT,PA,AEA,EN,Combined TRACON& Tower with Radar,43,18,15,6,82,0,4,1,0,5,43,22,16,6,87,0,0,0,87
02/04/2023,MDT,PA,AEA,EN,Combined TRACON& Tower with Radar,27,16,7,0,50,0,2,32,4,38,27,18,39,4,88,8,0,8,96
02/05/2023,MDT,PA,AEA,EN,Combined TRACON& Tower with Radar,32,14,4,4,54,0,2,26,2,30,32,16,30,6,84,16,4,20,104
02/06/2023,MDT,PA,AEA,EN,Combined TRACON& Tower with Radar,47,19,8,15,89,0,0,18,0,18,47,19,26,15,107,4,0,4,111
02/07/2023,MDT,PA,AEA,EN,Combined TRACON& Tower with Radar,35,23,24,6,88,0,2,30,1,33,35,25,54,7,121,32,0,32,153
02/08/2023,MDT,PA,AEA,EN,Combined TRACON& Tower with Radar,45,28,17,9,99,0,0,23,11,34,45,28,40,20,133,0,22,22,155
02/09/2023,MDT,PA,AEA,EN,Combined TRACON& Tower with Radar,42,30,12,3,87,0,0,5,3,8,42,30,17,6,95,0,0,0,95
02/10/2023,MDT,PA,AEA,EN,Combined TRACON& Tower with Radar,43,26,10,6,85,0,3,8,0,11,43,29,18,6,96,12,0,12,108
02/11/2023,MDT,PA,AEA,EN,Combined TRACON& Tower with Radar,26,17,19,0,62,0,0,39,2,41,26,17,58,2,103,52,0,52,155
02/12/2023,MDT,PA,AEA,EN,Combined TRACON& Tower with Radar,30,17,8,0,55,0,3,30,0,33,30,20,38,0,88,10,0,10,98
02/13/2023,MDT,PA,AEA,EN,Combined TRACON& Tower with Radar,45,23,13,3,84,0,1,14,0,15,45,24,27,3,99,8,0,8,107
02/14/2023,MDT,PA,AEA,EN,Combined TRACON& Tower with Radar,36,22,12,3,73,0,0,17,1,18,36,22,29,4,91,42,0,42,133
02/15/2023,MDT,PA,AEA,EN,Combined TRACON& Tower with Radar,45,25,20,20,110,0,1,19,10,30,45,26,39,30,140,6,2,8,148
02/16/2023,MDT,PA,AEA,EN,Combined TRACON& Tower with Radar,44,23,14,6,87,0,2,10,4,16,44,25,24,10,103,22,8,30,133
02/17/2023,MDT,PA,AEA,EN,Combined TRACON& Tower with Radar,43,21,8,4,76,0,1,1,0,2,43,22,9,4,78,0,0,0,78
02/18/2023,MDT,PA,AEA,EN,Combined TRACON& Tower with Radar,27,15,14,0,56,0,0,16,0,16,27,15,30,0,72,50,0,50,122
02/19/2023,MDT,PA,AEA,EN,Combined TRACON& Tower with Radar,32,20,9,0,61,0,2,25,0,27,32,22,34,0,88,68,0,68,156
02/20/2023,MDT,PA,AEA,EN,Combined TRACON& Tower with Radar,42,27,27,0,96,0,2,20,0,22,42,29,47,0,118,6,0,6,124
02/21/2023,MDT,PA,AEA,EN,Combined TRACON& Tower with Radar,50,22,19,2,93,0,4,3,2,9,50,26,22,4,102,0,0,0,102
02/22/2023,MDT,PA,AEA,EN,Combined TRACON& Tower with Radar,40,30,31,2,103,0,1,9,1,11,40,31,40,3,114,4,16,20,134
02/23/2023,MDT,PA,AEA,EN,Combined TRACON& Tower with Radar,50,27,25,5,107,0,2,12,2,16,50,29,37,7,123,0,20,20,143
02/24/2023,MDT,PA,AEA,EN,Combined TRACON& Tower with Radar,44,24,19,2,89,0,3,7,1,11,44,27,26,3,100,30,0,30,130
02/25/2023,MDT,PA,AEA,EN,Combined TRACON& Tower with Radar,29,16,3,1,49,0,0,23,1,24,29,16,26,2,73,42,0,42,115
02/26/2023,MDT,PA,AEA,EN,Combined TRACON& Tower with Radar,36,18,7,4,65,0,2,20,0,22,36,20,27,4,87,2,0,2,89
02/27/2023,MDT,PA,AEA,EN,Combined TRACON& Tower with Radar,40,19,14,4,77,0,0,24,0,24,40,19,38,4,101,30,0,30,131
02/28/2023,MDT,PA,AEA,EN,Combined TRACON& Tower with Radar,38,19,17,6,80,0,2,3,1,6,38,21,20,7,86,0,0,0,86
03/01/2023,MDT,PA,AEA,EN,Combined TRACON& Tower with Radar,43,28,17,4,92,0,5,30,3,38,43,33,47,7,130,12,8,20,150
03/02/2023,MDT,PA,AEA,EN,Combined TRACON& Tower with Radar,47,22,29,14,112,0,4,16,6,26,47,26,45,20,138,0,12,12,150
03/03/2023,MDT,PA,AEA,EN,Combined TRACON& Tower with Radar,39,31,6,2,78,0,2,9,0,11,39,33,15,2,89,0,0,0,89
03/04/2023,MDT,PA,AEA,EN,Combined TRACON& Tower with Radar,29,22,4,2,57,0,0,2,1,3,29,22,6,3,60,0,8,8,68
03/05/2023,MDT,PA,AEA,EN,Combined TRACON& Tower with Radar,34,16,19,0,69,0,2,33,0,35,34,18,52,0,104,50,0,50,154
03/06/2023,MDT,PA,AEA,EN,Combined TRACON& Tower with Radar,44,30,21,7,102,0,5,44,1,50,44,35,65,8,152,80,0,80,232
03/07/2023,MDT,PA,AEA,EN,Combined TRACON& Tower with Radar,41,19,9,11,80,0,0,7,3,10,41,19,16,14,90,0,0,0,90
03/08/2023,MDT,PA,AEA,EN,Combined TRACON& Tower with Radar,42,32,13,13,100,0,7,10,13,30,42,39,23,26,130,34,16,50,180
03/09/2023,MDT,PA,AEA,EN,Combined TRACON& Tower with Radar,46,28,33,5,112,0,0,31,5,36,46,28,64,10,148,42,0,42,190
03/10/2023,MDT,PA,AEA,EN,Combined TRACON& Tower with Radar,43,26,8,0,77,0,0,0,0,0,43,26,8,0,77,0,0,0,77
03/11/2023,MDT,PA,AEA,EN,Combined TRACON& Tower with Radar,28,19,6,0,53,0,2,6,0,8,28,21,12,0,61,12,0,12,73
03/12/2023,MDT,PA,AEA,EN,Combined TRACON& Tower with Radar,35,29,15,0,79,0,4,32,0,36,35,33,47,0,115,78,0,78,193
03/13/2023,MDT,PA,AEA,EN,Combined TRACON& Tower with Radar,44,26,10,12,92,0,2,1,0,3,44,28,11,12,95,0,0,0,95
03/14/2023,MDT,PA,AEA,EN,Combined TRACON& Tower with Radar,38,18,17,5,78,0,4,2,3,9,38,22,19,8,87,0,0,0,87
03/15/2023,MDT,PA,AEA,EN,Combined TRACON& Tower with Radar,44,22,17,1,84,0,3,1,6,10,44,25,18,7,94,0,16,16,110
03/16/2023,MDT,PA,AEA,EN,Combined TRACON& Tower with Radar,46,26,29,10,111,0,3,52,8,63,46,29,81,18,174,112,16,128,302
03/17/2023,MDT,PA,AEA,EN,Combined TRACON& Tower with Radar,42,31,18,3,94,0,3,2,0,5,42,34,20,3,99,0,4,4,103
03/18/2023,MDT,PA,AEA,EN,Combined TRACON& Tower with Radar,28,24,11,0,63,0,0,13,0,13,28,24,24,0,76,0,0,0,76
03/19/2023,MDT,PA,AEA,EN,Combined TRACON& Tower with Radar,35,22,7,2,66,0,0,9,0,9,35,22,16,2,75,0,0,0,75
03/20/2023,MDT,PA,AEA,EN,Combined TRACON& Tower with Radar,44,36,27,9,116,0,6,37,0,43,44,42,64,9,159,54,0,54,213
03/21/2023,MDT,PA,AEA,EN,Combined TRACON& Tower with Radar,43,26,21,5,95,0,6,39,1,46,43,32,60,6,141,74,2,76,217
03/22/2023,MDT,PA,AEA,EN,Combined TRACON& Tower with Radar,41,27,17,8,93,0,4,33,6,43,41,31,50,14,136,38,10,48,184
03/23/2023,MDT,PA,AEA,EN,Combined TRACON& Tower with Radar,47,34,13,6,100,0,4,5,4,13,47,38,18,10,113,10,0,10,123
03/24/2023,MDT,PA,AEA,EN,Combined TRACON& Tower with Radar,40,23,20,0,83,0,0,7,0,7,40,23,27,0,90,26,0,26,116
03/25/2023,MDT,PA,AEA,EN,Combined TRACON& Tower with Radar,29,12,13,2,56,0,0,0,0,0,29,12,13,2,56,0,0,0,56
03/26/2023,MDT,PA,AEA,EN,Combined TRACON& Tower with Radar,35,25,6,0,66,0,3,20,0,23,35,28,26,0,89,26,0,26,115
03/27/2023,MDT,PA,AEA,EN,Combined TRACON& Tower with Radar,46,26,17,6,95,0,0,13,2,15,46,26,30,8,110,4,0,4,114
03/28/2023,MDT,PA,AEA,EN,Combined TRACON& Tower with Radar,40,24,24,3,91,0,5,26,0,31,40,29,50,3,122,68,0,68,190
03/29/2023,MDT,PA,AEA,EN,Combined TRACON& Tower with Radar,42,35,18,3,98,0,7,23,7,37,42,42,41,10,135,26,10,36,171
03/30/2023,MDT,PA,AEA,EN,Combined TRACON& Tower with Radar,45,31,16,21,113,0,3,39,6,48,45,34,55,27,161,60,42,102,263
03/31/2023,MDT,PA,AEA,EN,Combined TRACON& Tower with Radar,40,23,23,1,87,0,0,6,3,9,40,23,29,4,96,18,0,18,114
04/01/2023,MDT,PA,AEA,EN,Combined TRACON& Tower with Radar,24,19,8,0,51,0,0,2,0,2,24,19,10,0,53,0,0,0,53
04/02/2023,MDT,PA,AEA,EN,Combined TRACON& Tower with Radar,39,20,9,3,71,0,0,8,0,8,39,20,17,3,79,6,0,6,85
04/03/2023,MDT,PA,AEA,EN,Combined TRACON& Tower with Radar,40,26,11,2,79,0,6,9,0,15,40,32,20,2,94,24,0,24,118
04/04/2023,MDT,PA,AEA,EN,Combined TRACON& Tower with Radar,40,20,17,29,106,0,14,28,1,43,40,34,45,30,149,16,32,48,197
04/05/2023,MDT,PA,AEA,EN,Combined TRACON& Tower with Radar,42,36,22,32,132,0,4,4,0,8,42,40,26,32,140,0,30,30,170
04/06/2023,MDT,PA,AEA,EN,Combined TRACON& Tower with Radar,51,26,23,15,115,0,0,6,0,6,51,26,29,15,121,1,0,1,122
04/07/2023,MDT,PA,AEA,EN,Combined TRACON& Tower with Radar,40,23,27,4,94,0,5,29,4,38,40,28,56,8,132,20,0,20,152
04/08/2023,MDT,PA,AEA,EN,Combined TRACON& Tower with Radar,30,15,13,11,69,2,5,41,1,49,32,20,54,12,118,14,12,26,144
04/09/2023,MDT,PA,AEA,EN,Combined TRACON& Tower with Radar,36,18,9,0,63,0,2,21,0,23,36,20,30,0,86,2,0,2,88
04/10/2023,MDT,PA,AEA,EN,Combined TRACON& Tower with Radar,45,21,9,2,77,0,12,26,2,40,45,33,35,4,117,44,0,44,161
04/11/2023,MDT,PA,AEA,EN,Combined TRACON& Tower with Radar,40,27,20,4,91,0,4,20,6,30,40,31,40,10,121,4,6,10,131
04/12/2023,MDT,PA,AEA,EN,Combined TRACON& Tower with Radar,42,24,12,5,83,0,5,17,7,29,42,29,29,12,112,0,0,0,112
04/13/2023,MDT,PA,AEA,EN,Combined TRACON& Tower with Radar,45,32,22,12,111,0,2,19,3,24,45,34,41,15,135,0,24,24,159
04/14/2023,MDT,PA,AEA,EN,Combined TRACON& Tower with Radar,41,26,20,15,102,0,7,31,6,44,41,33,51,21,146,24,0,24,170
04/15/2023,MDT,PA,AEA,EN,Combined TRACON& Tower with Radar,26,18,11,0,55,0,0,2,0,2,26,18,13,0,57,12,0,12,69
04/16/2023,MDT,PA,AEA,EN,Combined TRACON& Tower with Radar,36,18,14,5,73,0,7,13,3,23,36,25,27,8,96,24,0,24,120
04/17/2023,MDT,PA,AEA,EN,Combined TRACON& Tower with Radar,48,22,10,6,86,0,2,13,1,16,48,24,23,7,102,38,12,50,152
04/18/2023,MDT,PA,AEA,EN,Combined TRACON& Tower with Radar,39,25,22,22,108,0,0,4,21,25,39,25,26,43,133,20,50,70,203
04/19/2023,MDT,PA,AEA,EN,Combined TRACON& Tower with Radar,42,30,28,6,106,0,0,26,3,29,42,30,54,9,135,34,10,44,179
04/20/2023,MDT,PA,AEA,EN,Combined TRACON& Tower with Radar,46,25,33,14,118,0,5,44,1,50,46,30,77,15,168,26,2,28,196
04/21/2023,MDT,PA,AEA,EN,Combined TRACON& Tower with Radar,39,33,23,20,115,0,7,33,0,40,39,40,56,20,155,20,0,20,175
04/22/2023,MDT,PA,AEA,EN,Combined TRACON& Tower with Radar,30,25,7,3,65,0,0,1,0,1,30,25,8,3,66,10,0,10,76
04/23/2023,MDT,PA,AEA,EN,Combined TRACON& Tower with Radar,37,19,9,0,65,0,0,28,0,28,37,19,37,0,93,12,0,12,105
04/24/2023,MDT,PA,AEA,EN,Combined TRACON& Tower with Radar,42,28,25,2,97,0,11,29,0,40,42,39,54,2,137,20,0,20,157
04/25/2023,MDT,PA,AEA,EN,Combined TRACON& Tower with Radar,38,31,29,28,126,0,12,23,0,35,38,43,52,28,161,16,38,54,215
04/26/2023,MDT,PA,AEA,EN,Combined TRACON& Tower with Radar,42,29,19,1,91,0,4,9,5,18,42,33,28,6,109,0,12,12,121
04/27/2023,MDT,PA,AEA,EN,Combined TRACON& Tower with Radar,44,30,35,3,112,0,4,18,0,22,44,34,53,3,134,36,0,36,170
04/28/2023,MDT,PA,AEA,EN,Combined TRACON& Tower with Radar,38,23,8,2,71,0,0,0,0,0,38,23,8,2,71,0,0,0,71
04/29/2023,MDT,PA,AEA,EN,Combined TRACON& Tower with Radar,28,18,12,0,58,0,0,2,0,2,28,18,14,0,60,0,0,0,60
04/30/2023,MDT,PA,AEA,EN,Combined TRACON& Tower with Radar,34,18,6,1,59,0,0,0,0,0,34,18,6,1,59,0,0,0,59
05/01/2023,MDT,PA,AEA,EN,Combined TRACON& Tower with Radar,42,24,16,2,84,0,2,3,0,5,42,26,19,2,89,6,0,6,95
05/02/2023,MDT,PA,AEA,EN,Combined TRACON& Tower with Radar,38,26,14,14,92,0,2,3,1,6,38,28,17,15,98,6,6,12,110
05/03/2023,MDT,PA,AEA,EN,Combined TRACON& Tower with Radar,42,31,19,13,105,0,1,18,0,19,42,32,37,13,124,100,16,116,240
05/04/2023,MDT,PA,AEA,EN,Combined TRACON& Tower with Radar,48,26,37,9,120,0,4,27,10,41,48,30,64,19,161,36,34,70,231
05/05/2023,MDT,PA,AEA,EN,Combined TRACON& Tower with Radar,39,24,13,9,85,0,6,30,5,41,39,30,43,14,126,50,0,50,176
05/06/2023,MDT,PA,AEA,EN,Combined TRACON& Tower with Radar,32,16,19,7,74,0,7,23,1,31,32,23,42,8,105,24,6,30,135
05/07/2023,MDT,PA,AEA,EN,Combined TRACON& Tower with Radar,34,29,21,1,85,0,2,14,0,16,34,31,35,1,101,24,0,24,125
05/08/2023,MDT,PA,AEA,EN,Combined TRACON& Tower with Radar,41,17,26,1,85,0,2,29,0,31,41,19,55,1,116,12,0,12,128
05/09/2023,MDT,PA,AEA,EN,Combined TRACON& Tower with Radar,38,28,15,6,87,0,6,20,4,30,38,34,35,10,117,30,2,32,149
05/10/2023,MDT,PA,AEA,EN,Combined TRACON& Tower with Radar,44,31,23,20,118,0,18,31,4,53,44,49,54,24,171,34,34,68,239
05/11/2023,MDT,PA,AEA,EN,Combined TRACON& Tower with Radar,48,26,23,17,114,0,5,22,9,36,48,31,45,26,150,34,38,72,222
05/12/2023,MDT,PA,AEA,EN,Combined TRACON& Tower with Radar,38,20,18,1,77,0,2,24,0,26,38,22,42,1,103,28,0,28,131
05/13/2023,MDT,PA,AEA,EN,Combined TRACON& Tower with Radar,30,20,11,0,61,0,6,15,0,21,30,26,26,0,82,6,0,6,88
05/14/2023,MDT,PA,AEA,EN,Combined TRACON& Tower with Radar,38,23,9,0,70,0,4,18,0,22,38,27,27,0,92,0,0,0,92
05/15/2023,MDT,PA,AEA,EN,Combined TRACON& Tower with Radar,41,31,29,2,103,0,8,19,0,27,41,39,48,2,130,12,20,32,162
05/16/2023,MDT,PA,AEA,EN,Combined TRACON& Tower with Radar,38,22,22,29,111,0,2,23,8,33,38,24,45,37,144,50,30,80,224
05/17/2023,MDT,PA,AEA,EN,Combined TRACON& Tower with Radar,41,28,34,12,115,0,9,23,5,37,41,37,57,17,152,50,10,60,212
05/18/2023,MDT,PA,AEA,EN,Combined TRACON& Tower with Radar,44,39,27,14,124,0,10,36,2,48,44,49,63,16,172,0,0,0,172
05/19/2023,MDT,PA,AEA,EN,Combined TRACON& Tower with Radar,40,25,20,8,93,0,2,12,1,15,40,27,32,9,108,4,8,12,120
05/20/2023,MDT,PA,AEA,EN,Combined TRACON& Tower with Radar,27,14,13,4,58,0,0,4,0,4,27,14,17,4,62,4,4,8,70
05/21/2023,MDT,PA,AEA,EN,Combined TRACON& Tower with Radar,35,17,17,6,75,0,6,33,1,40,35,23,50,7,115,20,8,28,143
05/22/2023,MDT,PA,AEA,EN,Combined TRACON& Tower with Radar,45,24,26,10,105,0,13,15,1,29,45,37,41,11,134,50,0,50,184
05/23/2023,MDT,PA,AEA,EN,Combined TRACON& Tower with Radar,39,23,19,4,85,0,9,17,2,28,39,32,36,6,113,14,16,30,143
05/24/2023,MDT,PA,AEA,EN,Combined TRACON& Tower with Radar,42,21,22,5,90,0,4,21,15,40,42,25,43,20,130,16,12,28,158
05/25/2023,MDT,PA,AEA,EN,Combined TRACON& Tower with Radar,46,30,23,18,117,0,4,34,5,43,46,34,57,23,160,18,42,60,220
05/26/2023,MDT,PA,AEA,EN,Combined TRACON& Tower with Radar,43,24,19,1,87,0,0,33,1,34,43,24,52,2,121,8,10,18,139
05/27/2023,MDT,PA,AEA,EN,Combined TRACON& Tower with Radar,29,21,10,0,60,0,4,37,0,41,29,25,47,0,101,8,10,18,119
05/28/2023,MDT,PA,AEA,EN,Combined TRACON& Tower with Radar,34,21,14,0,69,0,2,21,0,23,34,23,35,0,92,8,0,8,100
05/29/2023,MDT,PA,AEA,EN,Combined TRACON& Tower with Radar,36,13,12,0,61,0,2,25,0,27,36,15,37,0,88,60,0,60,148
05/30/2023,MDT,PA,AEA,EN,Combined TRACON& Tower with Radar,37,25,20,5,87,0,5,14,12,31,37,30,34,17,118,80,2,82,200
05/31/2023,MDT,PA,AEA,EN,Combined TRACON& Tower with Radar,47,24,32,19,122,0,8,45,1,54,47,32,77,20,176,142,26,168,344
06/01/2023,MDT,PA,AEA,EN,Combined TRACON& Tower with Radar,51,24,31,18,124,0,5,40,12,57,51,29,71,30,181,30,40,70,251
06/02/2023,MDT,PA,AEA,EN,Combined TRACON& Tower with Radar,50,17,8,6,81,0,6,28,5,39,50,23,36,11,120,24,0,24,144
06/03/2023,MDT,PA,AEA,EN,Combined TRACON& Tower with Radar,33,21,13,2,69,0,1,18,2,21,33,22,31,4,90,0,0,0,90
06/04/2023,MDT,PA,AEA,EN,Combined TRACON& Tower with Radar,38,24,7,2,71,0,4,17,0,21,38,28,24,2,92,16,0,16,108
06/05/2023,MDT,PA,AEA,EN,Combined TRACON& Tower with Radar,48,21,19,14,102,0,7,14,5,26,48,28,33,19,128,44,28,72,200
06/06/2023,MDT,PA,AEA,EN,Combined TRACON& Tower with Radar,44,21,20,53,138,0,0,14,13,27,44,21,34,66,165,0,82,82,247
06/07/2023,MDT,PA,AEA,EN,Combined TRACON& Tower with Radar,45,21,33,10,109,0,3,3,0,6,45,24,36,10,115,20,6,26,141
06/08/2023,MDT,PA,AEA,EN,Combined TRACON& Tower with Radar,46,22,15,10,93,0,0,4,0,4,46,22,19,10,97,0,0,0,97
06/09/2023,MDT,PA,AEA,EN,Combined TRACON& Tower with Radar,45,22,15,11,93,0,5,24,4,33,45,27,39,15,126,10,0,10,136
06/10/2023,MDT,PA,AEA,EN,Combined TRACON& Tower with Radar,33,19,9,7,68,0,4,25,37,66,33,23,34,44,134,62,10,72,206
06/11/2023,MDT,PA,AEA,EN,Combined TRACON& Tower with Radar,39,21,5,5,70,0,1,17,6,24,39,22,22,11,94,0,10,10,104
06/12/2023,MDT,PA,AEA,EN,Combined TRACON& Tower with Radar,45,16,19,6,86,0,1,2,0,3,45,17,21,6,89,0,0,0,89
06/13/2023,MDT,PA,AEA,EN,Combined TRACON& Tower with Radar,49,21,19,11,100,0,4,14,7,25,49,25,33,18,125,26,0,26,151
06/14/2023,MDT,PA,AEA,EN,Combined TRACON& Tower with Radar,54,24,13,15,106,0,2,4,10,16,54,26,17,25,122,0,48,48,170
06/15/2023,MDT,PA,AEA,EN,Combined TRACON& Tower with Radar,49,26,16,3,94,0,1,30,0,31,49,27,46,3,125,60,4,64,189
06/16/2023,MDT,PA,AEA,EN,Combined TRACON& Tower with Radar,43,25,5,5,78,0,0,3,1,4,43,25,8,6,82,32,0,32,114
06/17/2023,MDT,PA,AEA,EN,Combined TRACON& Tower with Radar,39,21,6,0,66,0,1,11,0,12,39,22,17,0,78,6,0,6,84
06/18/2023,MDT,PA,AEA,EN,Combined TRACON& Tower with Radar,42,26,11,0,79,0,3,40,0,43,42,29,51,0,122,24,0,24,146
06/19/2023,MDT,PA,AEA,EN,Combined TRACON& Tower with Radar,44,21,28,2,95,0,4,24,0,28,44,25,52,2,123,12,0,12,135
06/20/2023,MDT,PA,AEA,EN,Combined TRACON& Tower with Radar,38,25,35,3,101,0,4,13,6,23,38,29,48,9,124,0,24,24,148
06/21/2023,MDT,PA,AEA,EN,Combined TRACON& Tower with Radar,50,26,26,9,111,0,4,8,3,15,50,30,34,12,126,18,40,58,184
06/22/2023,MDT,PA,AEA,EN,Combined TRACON& Tower with Radar,50,23,28,0,101,0,0,1,0,1,50,23,29,0,102,10,0,10,112
06/23/2023,MDT,PA,AEA,EN,Combined TRACON& Tower with Radar,40,25,27,4,96,0,0,0,0,0,40,25,27,4,96,0,0,0,96
06/24/2023,MDT,PA,AEA,EN,Combined TRACON& Tower with Radar,37,17,8,0,62,0,0,4,0,4,37,17,12,0,66,0,0,0,66
06/25/2023,MDT,PA,AEA,EN,Combined TRACON& Tower with Radar,53,27,17,0,97,0,2,25,2,29,53,29,42,2,126,42,0,42,168
06/26/2023,MDT,PA,AEA,EN,Combined TRACON& Tower with Radar,43,16,23,2,84,0,2,8,1,11,43,18,31,3,95,12,8,20,115
06/27/2023,MDT,PA,AEA,EN,Combined TRACON& Tower with Radar,42,23,19,4,88,0,0,4,5,9,42,23,23,9,97,0,10,10,107
06/28/2023,MDT,PA,AEA,EN,Combined TRACON& Tower with Radar,47,21,26,9,103,0,5,17,6,28,47,26,43,15,131,48,24,72,203
06/29/2023,MDT,PA,AEA,EN,Combined TRACON& Tower with Radar,51,20,32,18,121,0,1,0,6,7,51,21,32,24,128,0,20,20,148
06/30/2023,MDT,PA,AEA,EN,Combined TRACON& Tower with Radar,49,16,27,5,97,0,2,3,0,5,49,18,30,5,102,0,0,0,102
07/01/2023,MDT,PA,AEA,EN,Combined TRACON& Tower with Radar,38,16,11,0,65,0,0,1,0,1,38,16,12,0,66,0,0,0,66
07/02/2023,MDT,PA,AEA,EN,Combined TRACON& Tower with Radar,39,15,3,0,57,0,0,2,0,2,39,15,5,0,59,0,0,0,59
07/03/2023,MDT,PA,AEA,EN,Combined TRACON& Tower with Radar,41,16,11,2,70,0,9,10,0,19,41,25,21,2,89,18,0,18,107
07/04/2023,MDT,PA,AEA,EN,Combined TRACON& Tower with Radar,24,16,8,0,48,0,6,14,0,20,24,22,22,0,68,30,0,30,98
07/05/2023,MDT,PA,AEA,EN,Combined TRACON& Tower with Radar,47,26,13,2,88,0,16,19,9,44,47,42,32,11,132,32,34,66,198
07/06/2023,MDT,PA,AEA,EN,Combined TRACON& Tower with Radar,55,20,13,29,117,1,5,23,13,42,56,25,36,42,159,56,50,106,265
07/07/2023,MDT,PA,AEA,EN,Combined TRACON& Tower with Radar,41,23,13,6,83,0,2,1,0,3,41,25,14,6,86,4,0,4,90
07/08/2023,MDT,PA,AEA,EN,Combined TRACON& Tower with Radar,37,19,10,5,71,0,4,33,3,40,37,23,43,8,111,16,0,16,127
07/09/2023,MDT,PA,AEA,EN,Combined TRACON& Tower with Radar,39,12,20,2,73,0,3,2,0,5,39,15,22,2,78,2,0,2,80
07/10/2023,MDT,PA,AEA,EN,Combined TRACON& Tower with Radar,52,18,22,11,103,0,2,19,9,30,52,20,41,20,133,64,10,74,207
07/11/2023,MDT,PA,AEA,EN,Combined TRACON& Tower with Radar,42,17,14,12,85,0,7,31,14,52,42,24,45,26,137,68,18,86,223
07/12/2023,MDT,PA,AEA,EN,Combined TRACON& Tower with Radar,48,21,34,12,115,0,8,32,2,42,48,29,66,14,157,22,10,32,189
07/13/2023,MDT,PA,AEA,EN,Combined TRACON& Tower with Radar,56,16,10,8,90,0,4,24,3,31,56,20,34,11,121,14,8,22,143
07/14/2023,MDT,PA,AEA,EN,Combined TRACON& Tower with Radar,45,18,11,2,76,0,6,13,0,19,45,24,24,2,95,0,0,0,95
07/15/2023,MDT,PA,AEA,EN,Combined TRACON& Tower with Radar,45,15,11,1,72,0,2,17,0,19,45,17,28,1,91,26,0,26,117
07/16/2023,MDT,PA,AEA,EN,Combined TRACON& Tower with Radar,44,21,8,2,75,0,4,4,0,8,44,25,12,2,83,0,0,0,83
07/17/2023,MDT,PA,AEA,EN,Combined TRACON& Tower with Radar,51,22,18,6,97,0,2,11,2,15,51,24,29,8,112,24,0,24,136
07/18/2023,MDT,PA,AEA,EN,Combined TRACON& Tower with Radar,54,18,19,10,101,0,3,14,12,29,54,21,33,22,130,30,26,56,186
07/19/2023,MDT,PA,AEA,EN,Combined TRACON& Tower with Radar,53,20,23,17,113,0,2,18,4,24,53,22,41,21,137,0,16,16,153
07/20/2023,MDT,PA,AEA,EN,Combined TRACON& Tower with Radar,53,16,18,9,96,0,4,22,16,42,53,20,40,25,138,22,52,74,212
07/21/2023,MDT,PA,AEA,EN,Combined TRACON& Tower with Radar,48,18,11,3,80,0,4,18,3,25,48,22,29,6,105,36,0,36,141
07/22/2023,MDT,PA,AEA,EN,Combined TRACON& Tower with Radar,41,13,9,0,63,0,6,33,1,40,41,19,42,1,103,22,0,22,125
07/23/2023,MDT,PA,AEA,EN,Combined TRACON& Tower with Radar,42,25,14,2,83,0,11,11,0,22,42,36,25,2,105,48,0,48,153
07/24/2023,MDT,PA,AEA,EN,Combined TRACON& Tower with Radar,50,22,15,2,89,0,7,18,2,27,50,29,33,4,116,56,0,56,172
07/25/2023,MDT,PA,AEA,EN,Combined TRACON& Tower with Radar,51,20,25,26,122,0,3,6,6,15,51,23,31,32,137,40,30,70,207
07/26/2023,MDT,PA,AEA,EN,Combined TRACON& Tower with Radar,50,22,22,18,112,0,10,22,6,38,50,32,44,24,150,8,30,38,188
07/27/2023,MDT,PA,AEA,EN,Combined TRACON& Tower with Radar,53,17,12,21,103,0,3,5,6,14,53,20,17,27,117,26,18,44,161
07/28/2023,MDT,PA,AEA,EN,Combined TRACON& Tower with Radar,43,20,13,8,84,0,2,12,7,21,43,22,25,15,105,62,0,62,167
07/29/2023,MDT,PA,AEA,EN,Combined TRACON& Tower with Radar,46,13,12,0,71,0,0,15,0,15,46,13,27,0,86,20,0,20,106
07/30/2023,MDT,PA,AEA,EN,Combined TRACON& Tower with Radar,45,22,9,2,78,0,9,35,0,44,45,31,44,2,122,62,0,62,184
07/31/2023,MDT,PA,AEA,EN,Combined TRACON& Tower with Radar,47,16,24,3,90,0,6,33,1,40,47,22,57,4,130,68,16,84,214
08/01/2023,MDT,PA,AEA,EN,Combined TRACON& Tower with Radar,42,25,25,5,97,0,3,15,1,19,42,28,40,6,116,74,4,78,194
08/02/2023,MDT,PA,AEA,EN,Combined TRACON& Tower with Radar,49,30,15,10,104,0,10,43,1,54,49,40,58,11,158,88,4,92,250
08/03/2023,MDT,PA,AEA,EN,Combined TRACON& Tower with Radar,52,23,20,25,120,0,2,16,17,35,52,25,36,42,155,2,48,50,205
08/04/2023,MDT,PA,AEA,EN,Combined TRACON& Tower with Radar,46,19,30,12,107,0,1,2,5,8,46,20,32,17,115,4,0,4,119
08/05/2023,MDT,PA,AEA,EN,Combined TRACON& Tower with Radar,33,16,12,1,62,0,1,29,4,34,33,17,41,5,96,48,4,52,148
08/06/2023,MDT,PA,AEA,EN,Combined TRACON& Tower with Radar,43,16,21,3,83,0,2,17,3,22,43,18,38,6,105,16,10,26,131
08/07/2023,MDT,PA,AEA,EN,Combined TRACON& Tower with Radar,45,14,21,0,80,0,0,3,0,3,45,14,24,0,83,0,0,0,83
08/08/2023,MDT,PA,AEA,EN,Combined TRACON& Tower with Radar,44,24,30,11,109,0,0,19,4,23,44,24,49,15,132,28,10,38,170
08/09/2023,MDT,PA,AEA,EN,Combined TRACON& Tower with Radar,47,26,38,17,128,0,1,42,5,48,47,27,80,22,176,52,30,82,258
08/10/2023,MDT,PA,AEA,EN,Combined TRACON& Tower with Radar,56,24,23,7,110,0,1,14,1,16,56,25,37,8,126,28,18,46,172
08/11/2023,MDT,PA,AEA,EN,Combined TRACON& Tower with Radar,46,22,32,0,100,0,2,19,0,21,46,24,51,0,121,12,0,12,133
08/12/2023,MDT,PA,AEA,EN,Combined TRACON& Tower with Radar,32,14,14,1,61,0,6,14,1,21,32,20,28,2,82,0,0,0,82
08/13/2023,MDT,PA,AEA,EN,Combined TRACON& Tower with Radar,39,17,14,0,70,0,8,22,0,30,39,25,36,0,100,20,0,20,120
08/14/2023,MDT,PA,AEA,EN,Combined TRACON& Tower with Radar,48,20,23,2,93,0,2,25,4,31,48,22,48,6,124,26,26,52,176
08/15/2023,MDT,PA,AEA,EN,Combined TRACON& Tower with Radar,38,27,33,18,116,0,4,13,4,21,38,31,46,22,137,46,6,52,189
08/16/2023,MDT,PA,AEA,EN,Combined TRACON& Tower with Radar,38,29,23,11,101,0,6,27,4,37,38,35,50,15,138,22,28,50,188
08/17/2023,MDT,PA,AEA,EN,Combined TRACON& Tower with Radar,47,31,7,20,105,0,11,24,9,44,47,42,31,29,149,46,44,90,239
08/18/2023,MDT,PA,AEA,EN,Combined TRACON& Tower with Radar,42,19,13,1,75,0,6,10,1,17,42,25,23,2,92,40,0,40,132
08/19/2023,MDT,PA,AEA,EN,Combined TRACON& Tower with Radar,28,16,17,2,63,0,0,28,0,28,28,16,45,2,91,10,0,10,101
08/20/2023,MDT,PA,AEA,EN,Combined TRACON& Tower with Radar,34,20,16,0,70,0,8,21,0,29,34,28,37,0,99,2,0,2,101
08/21/2023,MDT,PA,AEA,EN,Combined TRACON& Tower with Radar,45,23,11,10,89,0,8,24,2,34,45,31,35,12,123,30,4,34,157
08/22/2023,MDT,PA,AEA,EN,Combined TRACON& Tower with Radar,38,23,20,6,87,0,1,16,9,26,38,24,36,15,113,0,8,8,121
08/23/2023,MDT,PA,AEA,EN,Combined TRACON& Tower with Radar,38,20,19,16,93,0,9,14,22,45,38,29,33,38,138,62,36,98,236
08/24/2023,MDT,PA,AEA,EN,Combined TRACON& Tower with Radar,44,31,21,6,102,0,3,6,8,17,44,34,27,14,119,6,0,6,125
08/25/2023,MDT,PA,AEA,EN,Combined TRACON& Tower with Radar,41,29,14,1,85,0,9,9,1,19,41,38,23,2,104,16,0,16,120
08/26/2023,MDT,PA,AEA,EN,Combined TRACON& Tower with Radar,28,13,9,2,52,0,2,21,1,24,28,15,30,3,76,52,0,52,128
08/27/2023,MDT,PA,AEA,EN,Combined TRACON& Tower with Radar,35,19,13,4,71,0,6,22,0,28,35,25,35,4,99,12,0,12,111
08/28/2023,MDT,PA,AEA,EN,Combined TRACON& Tower with Radar,41,19,23,34,117,0,0,20,1,21,41,19,43,35,138,14,0,14,152
08/29/2023,MDT,PA,AEA,EN,Combined TRACON& Tower with Radar,39,23,20,23,105,0,0,1,1,2,39,23,21,24,107,4,12,16,123
08/30/2023,MDT,PA,AEA,EN,Combined TRACON& Tower with Radar,31,13,17,9,70,0,5,19,8,32,31,18,36,17,102,2,40,42,144
08/31/2023,MDT,PA,AEA,EN,Combined TRACON& Tower with Radar,46,18,15,13,92,0,6,10,6,22,46,24,25,19,114,42,0,42,156
