01/01/2020,MEI,MS,ASO,CE,Federal Contract Tower,0,3,9,0,12,0,4,19,0,23,0,7,28,0,35,0,0,0,35
01/02/2020,MEI,MS,ASO,CE,Federal Contract Tower,0,3,4,0,7,0,0,2,0,2,0,3,6,0,9,12,0,12,21
01/03/2020,MEI,MS,ASO,CE,Federal Contract Tower,0,2,5,65,72,0,0,0,0,0,0,2,5,65,72,0,0,0,72
01/04/2020,MEI,MS,ASO,CE,Federal Contract Tower,0,6,7,0,13,0,2,22,1,25,0,8,29,1,38,12,0,12,50
01/05/2020,MEI,MS,ASO,CE,Federal Contract Tower,0,5,16,2,23,0,0,36,0,36,0,5,52,2,59,28,0,28,87
01/06/2020,MEI,MS,ASO,CE,Federal Contract Tower,0,5,21,67,93,0,2,20,3,25,0,7,41,70,118,44,110,154,272
01/07/2020,MEI,MS,ASO,CE,Federal Contract Tower,0,3,14,61,78,0,5,19,45,69,0,8,33,106,147,0,144,144,291
01/08/2020,MEI,MS,ASO,CE,Federal Contract Tower,0,4,14,38,56,0,5,40,6,51,0,9,54,44,107,126,78,204,311
01/09/2020,MEI,MS,ASO,CE,Federal Contract Tower,0,3,13,103,119,0,7,39,21,67,0,10,52,124,186,88,488,576,762
01/10/2020,MEI,MS,ASO,CE,Federal Contract Tower,0,3,9,61,73,0,1,0,0,1,0,4,9,61,74,0,28,28,102
01/11/2020,MEI,MS,ASO,CE,Federal Contract Tower,0,3,4,1,8,0,6,0,3,9,0,9,4,4,17,4,18,22,39
01/12/2020,MEI,MS,ASO,CE,Federal Contract Tower,0,3,13,19,35,0,5,12,0,17,0,8,25,19,52,4,0,4,56
01/13/2020,MEI,MS,ASO,CE,Federal Contract Tower,0,8,10,12,30,0,0,0,0,0,0,8,10,12,30,0,4,4,34
01/14/2020,MEI,MS,ASO,CE,Federal Contract Tower,0,5,9,2,16,0,0,0,0,0,0,5,9,2,16,0,0,0,16
01/15/2020,MEI,MS,ASO,CE,Federal Contract Tower,0,4,11,58,73,0,0,8,1,9,0,4,19,59,82,22,44,66,148
01/16/2020,MEI,MS,ASO,CE,Federal Contract Tower,0,3,9,35,47,0,14,5,39,58,0,17,14,74,105,16,162,178,283
01/17/2020,MEI,MS,ASO,CE,Federal Contract Tower,0,5,15,58,78,0,4,13,12,29,0,9,28,70,107,38,194,232,339
01/18/2020,MEI,MS,ASO,CE,Federal Contract Tower,0,3,3,14,20,0,4,0,0,4,0,7,3,14,24,0,0,0,24
01/19/2020,MEI,MS,ASO,CE,Federal Contract Tower,0,3,16,24,43,0,2,29,6,37,0,5,45,30,80,42,99,141,221
01/20/2020,MEI,MS,ASO,CE,Federal Contract Tower,0,5,25,13,43,0,4,29,4,37,0,9,54,17,80,46,10,56,136
01/21/2020,MEI,MS,ASO,CE,Federal Contract Tower,0,6,14,59,79,0,2,15,56,73,0,8,29,115,152,20,156,176,328
01/22/2020,MEI,MS,ASO,CE,Federal Contract Tower,0,3,17,83,103,0,3,10,10,23,0,6,27,93,126,20,48,68,194
01/23/2020,MEI,MS,ASO,CE,Federal Contract Tower,0,4,3,80,87,0,0,0,1,1,0,4,3,81,88,0,62,62,150
01/24/2020,MEI,MS,ASO,CE,Federal Contract Tower,0,3,10,89,102,0,4,12,63,79,0,7,22,152,181,22,184,206,387
01/25/2020,MEI,MS,ASO,CE,Federal Contract Tower,0,3,10,12,25,0,2,37,46,85,0,5,47,58,110,118,4,122,232
01/26/2020,MEI,MS,ASO,CE,Federal Contract Tower,0,3,10,9,22,0,0,5,1,6,0,3,15,10,28,0,0,0,28
01/27/2020,MEI,MS,ASO,CE,Federal Contract Tower,0,5,16,92,113,0,3,9,16,28,0,8,25,108,141,6,58,64,205
01/28/2020,MEI,MS,ASO,CE,Federal Contract Tower,0,3,10,85,98,0,0,22,5,27,0,3,32,90,125,28,112,140,265
01/29/2020,MEI,MS,ASO,CE,Federal Contract Tower,0,3,15,44,62,0,0,1,0,1,0,3,16,44,63,0,0,0,63
01/30/2020,MEI,MS,ASO,CE,Federal Contract Tower,0,3,10,56,69,0,5,18,3,26,0,8,28,59,95,58,124,182,277
01/31/2020,MEI,MS,ASO,CE,Federal Contract Tower,0,3,21,90,114,0,5,11,1,17,0,8,32,91,131,22,222,244,375
02/01/2020,MEI,MS,ASO,ES,Federal Contract Tower,0,3,13,44,60,0,4,15,2,21,0,7,28,46,81,42,44,86,167
02/02/2020,MEI,MS,ASO,ES,Federal Contract Tower,0,5,14,7,26,0,2,28,9,39,0,7,42,16,65,0,0,0,65
02/03/2020,MEI,MS,ASO,ES,Federal Contract Tower,0,3,18,78,99,0,4,16,0,20,0,7,34,78,119,14,138,152,271
02/04/2020,MEI,MS,ASO,ES,Federal Contract Tower,0,3,8,106,117,0,0,3,2,5,0,3,11,108,122,0,46,46,168
02/05/2020,MEI,MS,ASO,ES,Federal Contract Tower,0,3,5,10,18,0,0,0,0,0,0,3,5,10,18,0,0,0,18
02/06/2020,MEI,MS,ASO,ES,Federal Contract Tower,0,2,14,26,42,0,0,0,12,12,0,2,14,38,54,0,0,0,54
02/07/2020,MEI,MS,ASO,ES,Federal Contract Tower,0,3,22,95,120,0,3,34,12,49,0,6,56,107,169,36,134,170,339
02/08/2020,MEI,MS,ASO,ES,Federal Contract Tower,0,5,11,14,30,0,3,44,13,60,0,8,55,27,90,106,46,152,242
02/09/2020,MEI,MS,ASO,ES,Federal Contract Tower,0,3,12,32,47,0,0,21,28,49,0,3,33,60,96,20,38,58,154
02/10/2020,MEI,MS,ASO,ES,Federal Contract Tower,0,3,4,0,7,0,0,0,0,0,0,3,4,0,7,0,0,0,7
02/11/2020,MEI,MS,ASO,ES,Federal Contract Tower,0,5,11,45,61,0,0,0,0,0,0,5,11,45,61,0,0,0,61
02/12/2020,MEI,MS,ASO,ES,Federal Contract Tower,0,5,15,15,35,0,0,0,0,0,0,5,15,15,35,0,0,0,35
02/13/2020,MEI,MS,ASO,ES,Federal Contract Tower,0,3,13,70,86,0,7,2,16,25,0,10,15,86,111,0,50,50,161
02/14/2020,MEI,MS,ASO,ES,Federal Contract Tower,0,3,15,64,82,0,0,33,7,40,0,3,48,71,122,56,224,280,402
02/15/2020,MEI,MS,ASO,ES,Federal Contract Tower,0,3,2,33,38,0,6,54,3,63,0,9,56,36,101,14,30,44,145
02/16/2020,MEI,MS,ASO,ES,Federal Contract Tower,0,3,21,15,39,0,6,3,4,13,0,9,24,19,52,18,8,26,78
02/17/2020,MEI,MS,ASO,ES,Federal Contract Tower,0,5,25,8,38,0,2,9,0,11,0,7,34,8,49,18,0,18,67
02/18/2020,MEI,MS,ASO,ES,Federal Contract Tower,0,4,5,31,40,0,0,1,3,4,0,4,6,34,44,0,16,16,60
02/19/2020,MEI,MS,ASO,ES,Federal Contract Tower,0,3,11,45,59,0,0,0,0,0,0,3,11,45,59,0,0,0,59
02/20/2020,MEI,MS,ASO,ES,Federal Contract Tower,0,3,5,20,28,0,0,1,0,1,0,3,6,20,29,0,0,0,29
02/21/2020,MEI,MS,ASO,ES,Federal Contract Tower,0,3,25,64,92,0,6,41,21,68,0,9,66,85,160,56,158,214,374
02/22/2020,MEI,MS,ASO,ES,Federal Contract Tower,0,3,16,20,39,0,3,31,44,78,0,6,47,64,117,34,144,178,295
02/23/2020,MEI,MS,ASO,ES,Federal Contract Tower,0,3,9,49,61,0,11,12,6,29,0,14,21,55,90,0,26,26,116
02/24/2020,MEI,MS,ASO,ES,Federal Contract Tower,0,4,12,24,40,0,1,2,0,3,0,5,14,24,43,10,50,60,103
02/25/2020,MEI,MS,ASO,ES,Federal Contract Tower,0,4,24,109,137,0,1,21,39,61,0,5,45,148,198,40,156,196,394
02/26/2020,MEI,MS,ASO,ES,Federal Contract Tower,0,3,3,77,83,0,0,7,0,7,0,3,10,77,90,0,96,96,186
02/27/2020,MEI,MS,ASO,ES,Federal Contract Tower,0,3,12,118,133,0,6,36,23,65,0,9,48,141,198,46,166,212,410
02/28/2020,MEI,MS,ASO,ES,Federal Contract Tower,0,3,12,75,90,0,7,22,14,43,0,10,34,89,133,22,150,172,305
02/29/2020,MEI,MS,ASO,ES,Federal Contract Tower,0,0,0,0,0,0,9,40,5,54,0,9,40,5,54,46,18,64,118
03/01/2020,MEI,MS,ASO,ES,Federal Contract Tower,0,3,14,65,82,0,8,26,8,42,0,11,40,73,124,14,62,76,200
03/02/2020,MEI,MS,ASO,ES,Federal Contract Tower,0,3,11,130,144,0,0,2,28,30,0,3,13,158,174,0,124,124,298
03/03/2020,MEI,MS,ASO,ES,Federal Contract Tower,0,3,16,38,57,0,4,15,4,23,0,7,31,42,80,22,109,131,211
03/04/2020,MEI,MS,ASO,ES,Federal Contract Tower,0,3,10,4,17,0,0,0,0,0,0,3,10,4,17,0,12,12,29
03/05/2020,MEI,MS,ASO,ES,Federal Contract Tower,0,3,18,53,74,0,3,2,8,13,0,6,20,61,87,0,8,8,95
03/06/2020,MEI,MS,ASO,ES,Federal Contract Tower,0,3,14,43,60,0,4,28,17,49,0,7,42,60,109,26,150,176,285
03/07/2020,MEI,MS,ASO,ES,Federal Contract Tower,0,4,6,10,20,0,1,37,3,41,0,5,43,13,61,34,44,78,139
03/08/2020,MEI,MS,ASO,ES,Federal Contract Tower,0,6,29,33,68,0,7,22,12,41,0,13,51,45,109,22,26,48,157
03/09/2020,MEI,MS,ASO,ES,Federal Contract Tower,0,3,12,50,65,0,0,17,4,21,0,3,29,54,86,0,92,92,178
03/10/2020,MEI,MS,ASO,ES,Federal Contract Tower,0,3,6,75,84,0,2,6,3,11,0,5,12,78,95,75,78,153,248
03/11/2020,MEI,MS,ASO,ES,Federal Contract Tower,0,5,15,37,57,0,2,3,7,12,0,7,18,44,69,4,58,62,131
03/12/2020,MEI,MS,ASO,ES,Federal Contract Tower,0,2,22,71,95,0,1,14,7,22,0,3,36,78,117,0,78,78,195
03/13/2020,MEI,MS,ASO,ES,Federal Contract Tower,0,3,15,108,126,0,2,5,10,17,0,5,20,118,143,2,18,20,163
03/14/2020,MEI,MS,ASO,ES,Federal Contract Tower,0,3,12,29,44,0,1,18,7,26,0,4,30,36,70,14,98,112,182
03/15/2020,MEI,MS,ASO,ES,Federal Contract Tower,0,3,22,41,66,0,5,18,5,28,0,8,40,46,94,34,9,43,137
03/16/2020,MEI,MS,ASO,ES,Federal Contract Tower,0,3,17,157,177,0,5,22,10,37,0,8,39,167,214,22,168,190,404
03/17/2020,MEI,MS,ASO,ES,Federal Contract Tower,0,3,17,104,124,0,2,20,74,96,0,5,37,178,220,38,156,194,414
03/18/2020,MEI,MS,ASO,ES,Federal Contract Tower,0,3,28,158,189,0,4,4,34,42,0,7,32,192,231,74,221,295,526
03/19/2020,MEI,MS,ASO,ES,Federal Contract Tower,0,3,6,138,147,0,3,11,3,17,0,6,17,141,164,14,188,202,366
03/20/2020,MEI,MS,ASO,ES,Federal Contract Tower,0,5,13,47,65,0,0,2,0,2,0,5,15,47,67,0,10,10,77
03/21/2020,MEI,MS,ASO,ES,Federal Contract Tower,0,3,12,1,16,0,0,7,2,9,0,3,19,3,25,0,0,0,25
03/22/2020,MEI,MS,ASO,ES,Federal Contract Tower,0,3,4,0,7,0,1,8,0,9,0,4,12,0,16,24,0,24,40
03/23/2020,MEI,MS,ASO,ES,Federal Contract Tower,0,3,6,72,81,0,0,4,0,4,0,3,10,72,85,12,64,76,161
03/24/2020,MEI,MS,ASO,ES,Federal Contract Tower,0,3,3,66,72,0,2,21,4,27,0,5,24,70,99,42,180,222,321
03/25/2020,MEI,MS,ASO,ES,Federal Contract Tower,0,4,10,26,40,0,1,13,24,38,0,5,23,50,78,38,110,148,226
03/26/2020,MEI,MS,ASO,ES,Federal Contract Tower,0,3,4,35,42,0,0,32,4,36,0,3,36,39,78,20,54,74,152
03/27/2020,MEI,MS,ASO,ES,Federal Contract Tower,0,3,8,55,66,0,2,10,7,19,0,5,18,62,85,16,14,30,115
03/28/2020,MEI,MS,ASO,ES,Federal Contract Tower,0,3,1,16,20,0,0,27,0,27,0,3,28,16,47,64,50,114,161
03/29/2020,MEI,MS,ASO,ES,Federal Contract Tower,0,3,8,0,11,0,4,40,2,46,0,7,48,2,57,44,8,52,109
03/30/2020,MEI,MS,ASO,ES,Federal Contract Tower,0,3,7,41,51,0,5,23,9,37,0,8,30,50,88,26,106,132,220
03/31/2020,MEI,MS,ASO,ES,Federal Contract Tower,0,3,3,66,72,0,4,14,8,26,0,7,17,74,98,20,124,144,242
04/01/2020,MEI,MS,ASO,ES,Federal Contract Tower,0,7,7,58,72,0,4,31,6,41,0,11,38,64,113,34,124,158,271
04/02/2020,MEI,MS,ASO,ES,Federal Contract Tower,0,3,7,39,49,0,0,18,23,41,0,3,25,62,90,0,36,36,126
04/03/2020,MEI,MS,ASO,ES,Federal Contract Tower,0,3,7,45,55,0,1,7,0,8,0,4,14,45,63,18,0,18,81
04/04/2020,MEI,MS,ASO,ES,Federal Contract Tower,0,3,0,20,23,0,4,16,4,24,0,7,16,24,47,12,184,196,243
04/05/2020,MEI,MS,ASO,ES,Federal Contract Tower,0,3,5,0,8,0,2,17,0,19,0,5,22,0,27,28,0,28,55
04/06/2020,MEI,MS,ASO,ES,Federal Contract Tower,0,3,0,40,43,0,5,22,7,34,0,8,22,47,77,14,158,172,249
04/07/2020,MEI,MS,ASO,ES,Federal Contract Tower,0,2,4,8,14,0,0,3,2,5,0,2,7,10,19,0,6,6,25
04/08/2020,MEI,MS,ASO,ES,Federal Contract Tower,0,3,5,36,44,0,0,4,3,7,0,3,9,39,51,36,0,36,87
04/09/2020,MEI,MS,ASO,ES,Federal Contract Tower,0,1,3,39,43,0,4,12,3,19,0,5,15,42,62,0,174,174,236
04/10/2020,MEI,MS,ASO,ES,Federal Contract Tower,0,3,0,21,24,0,0,10,5,15,0,3,10,26,39,8,82,90,129
04/11/2020,MEI,MS,ASO,ES,Federal Contract Tower,0,2,2,32,36,0,0,54,5,59,0,2,56,37,95,18,96,114,209
04/12/2020,MEI,MS,ASO,ES,Federal Contract Tower,3,0,0,0,3,0,0,0,0,0,3,0,0,0,3,0,0,0,3
04/13/2020,MEI,MS,ASO,ES,Federal Contract Tower,0,3,12,84,99,0,4,10,5,19,0,7,22,89,118,30,104,134,252
04/14/2020,MEI,MS,ASO,ES,Federal Contract Tower,0,2,8,127,137,0,4,17,14,35,0,6,25,141,172,24,136,160,332
04/15/2020,MEI,MS,ASO,ES,Federal Contract Tower,0,3,6,42,51,0,5,11,19,35,0,8,17,61,86,0,38,38,124
04/16/2020,MEI,MS,ASO,ES,Federal Contract Tower,0,3,11,58,72,0,1,13,6,20,0,4,24,64,92,8,70,78,170
04/17/2020,MEI,MS,ASO,ES,Federal Contract Tower,0,3,3,55,61,0,4,29,8,41,0,7,32,63,102,12,110,122,224
04/18/2020,MEI,MS,ASO,ES,Federal Contract Tower,0,2,4,17,23,0,3,19,1,23,0,5,23,18,46,18,14,32,78
04/19/2020,MEI,MS,ASO,ES,Federal Contract Tower,0,3,0,0,3,0,0,2,0,2,0,3,2,0,5,0,0,0,5
04/20/2020,MEI,MS,ASO,ES,Federal Contract Tower,0,6,7,58,71,0,4,12,8,24,0,10,19,66,95,16,66,82,177
04/21/2020,MEI,MS,ASO,ES,Federal Contract Tower,0,2,14,47,63,0,0,29,38,67,0,2,43,85,130,28,108,136,266
04/22/2020,MEI,MS,ASO,ES,Federal Contract Tower,0,3,5,62,70,0,0,6,10,16,0,3,11,72,86,8,87,95,181
04/23/2020,MEI,MS,ASO,ES,Federal Contract Tower,0,3,4,52,59,0,4,0,8,12,0,7,4,60,71,0,8,8,79
04/24/2020,MEI,MS,ASO,ES,Federal Contract Tower,0,3,6,78,87,0,1,33,16,50,0,4,39,94,137,62,128,190,327
04/25/2020,MEI,MS,ASO,ES,Federal Contract Tower,0,2,3,53,58,0,4,7,14,25,0,6,10,67,83,20,36,56,139
04/26/2020,MEI,MS,ASO,ES,Federal Contract Tower,0,4,8,12,24,0,9,34,14,57,0,13,42,26,81,8,56,64,145
04/27/2020,MEI,MS,ASO,ES,Federal Contract Tower,0,3,16,102,121,0,2,45,12,59,0,5,61,114,180,70,124,194,374
04/28/2020,MEI,MS,ASO,ES,Federal Contract Tower,0,3,8,118,129,0,10,31,17,58,0,13,39,135,187,50,62,112,299
04/29/2020,MEI,MS,ASO,ES,Federal Contract Tower,0,3,1,85,89,0,1,8,7,16,0,4,9,92,105,0,84,84,189
04/30/2020,MEI,MS,ASO,ES,Federal Contract Tower,0,3,11,82,96,0,1,28,58,87,0,4,39,140,183,30,76,106,289
05/01/2020,MEI,MS,ASO,ES,Federal Contract Tower,0,2,14,81,97,0,10,29,16,55,0,12,43,97,152,34,226,260,412
05/02/2020,MEI,MS,ASO,ES,Federal Contract Tower,0,2,0,34,36,0,44,38,4,86,0,46,38,38,122,148,64,212,334
05/03/2020,MEI,MS,ASO,ES,Federal Contract Tower,0,2,13,23,38,0,7,26,11,44,0,9,39,34,82,16,54,70,152
05/04/2020,MEI,MS,ASO,ES,Federal Contract Tower,0,2,13,82,97,0,4,16,6,26,0,6,29,88,123,12,108,120,243
05/05/2020,MEI,MS,ASO,ES,Federal Contract Tower,0,2,9,106,117,0,2,9,5,16,0,4,18,111,133,0,12,12,145
05/06/2020,MEI,MS,ASO,ES,Federal Contract Tower,0,2,11,126,139,0,4,14,49,67,0,6,25,175,206,8,103,111,317
05/07/2020,MEI,MS,ASO,ES,Federal Contract Tower,0,2,7,93,102,0,4,32,61,97,0,6,39,154,199,50,70,120,319
05/08/2020,MEI,MS,ASO,ES,Federal Contract Tower,0,4,5,27,36,0,0,2,7,9,0,4,7,34,45,20,32,52,97
05/09/2020,MEI,MS,ASO,ES,Federal Contract Tower,0,4,2,57,63,0,5,30,5,40,0,9,32,62,103,66,56,122,225
05/10/2020,MEI,MS,ASO,ES,Federal Contract Tower,0,3,3,24,30,0,5,29,9,43,0,8,32,33,73,26,80,106,179
05/11/2020,MEI,MS,ASO,ES,Federal Contract Tower,0,3,13,104,120,0,12,40,18,70,0,15,53,122,190,28,104,132,322
05/12/2020,MEI,MS,ASO,ES,Federal Contract Tower,0,8,10,121,139,0,4,29,80,113,0,12,39,201,252,24,134,158,410
05/13/2020,MEI,MS,ASO,ES,Federal Contract Tower,0,4,13,80,97,0,0,23,4,27,0,4,36,84,124,66,26,92,216
05/14/2020,MEI,MS,ASO,ES,Federal Contract Tower,0,4,6,49,59,0,0,6,0,6,0,4,12,49,65,0,20,20,85
05/15/2020,MEI,MS,ASO,ES,Federal Contract Tower,0,2,5,57,64,0,2,5,6,13,0,4,10,63,77,0,12,12,89
05/16/2020,MEI,MS,ASO,ES,Federal Contract Tower,0,2,0,38,40,0,5,17,6,28,0,7,17,44,68,8,40,48,116
05/17/2020,MEI,MS,ASO,ES,Federal Contract Tower,0,2,4,18,24,0,1,13,0,14,0,3,17,18,38,12,20,32,70
05/18/2020,MEI,MS,ASO,ES,Federal Contract Tower,0,2,13,40,55,0,1,10,3,14,0,3,23,43,69,16,20,36,105
05/19/2020,MEI,MS,ASO,ES,Federal Contract Tower,0,5,16,97,118,0,2,20,15,37,0,7,36,112,155,12,100,112,267
05/20/2020,MEI,MS,ASO,ES,Federal Contract Tower,0,2,10,95,107,0,1,30,6,37,0,3,40,101,144,12,162,174,318
05/21/2020,MEI,MS,ASO,ES,Federal Contract Tower,0,2,9,58,69,0,3,16,5,24,0,5,25,63,93,8,26,34,127
05/22/2020,MEI,MS,ASO,ES,Federal Contract Tower,0,2,21,16,39,0,4,8,10,22,0,6,29,26,61,4,0,4,65
05/23/2020,MEI,MS,ASO,ES,Federal Contract Tower,0,2,2,29,33,0,4,8,3,15,0,6,10,32,48,0,14,14,62
05/24/2020,MEI,MS,ASO,ES,Federal Contract Tower,0,2,3,34,39,0,8,35,8,51,0,10,38,42,90,68,16,84,174
05/25/2020,MEI,MS,ASO,ES,Federal Contract Tower,0,2,3,8,13,0,3,36,3,42,0,5,39,11,55,66,4,70,125
05/26/2020,MEI,MS,ASO,ES,Federal Contract Tower,0,2,32,47,81,0,0,4,3,7,0,2,36,50,88,10,73,83,171
05/27/2020,MEI,MS,ASO,ES,Federal Contract Tower,0,2,10,27,39,0,0,7,3,10,0,2,17,30,49,0,4,4,53
05/28/2020,MEI,MS,ASO,ES,Federal Contract Tower,0,5,7,77,89,0,4,19,18,41,0,9,26,95,130,4,112,116,246
05/29/2020,MEI,MS,ASO,ES,Federal Contract Tower,0,9,13,115,137,0,10,22,61,93,0,19,35,176,230,34,138,172,402
05/30/2020,MEI,MS,ASO,ES,Federal Contract Tower,0,3,9,28,40,0,4,27,7,38,0,7,36,35,78,28,18,46,124
05/31/2020,MEI,MS,ASO,ES,Federal Contract Tower,0,4,16,62,82,0,5,35,13,53,0,9,51,75,135,46,18,64,199
06/01/2020,MEI,MS,ASO,ES,Federal Contract Tower,0,4,22,108,134,0,4,25,18,47,0,8,47,126,181,28,156,184,365
06/02/2020,MEI,MS,ASO,ES,Federal Contract Tower,0,4,6,101,111,0,4,18,54,76,0,8,24,155,187,60,126,186,373
06/03/2020,MEI,MS,ASO,ES,Federal Contract Tower,0,3,9,23,35,0,5,3,3,11,0,8,12,26,46,26,8,34,80
06/04/2020,MEI,MS,ASO,ES,Federal Contract Tower,0,2,16,111,129,0,12,14,32,58,0,14,30,143,187,8,39,47,234
06/05/2020,MEI,MS,ASO,ES,Federal Contract Tower,0,2,6,85,93,0,5,31,48,84,0,7,37,133,177,42,84,126,303
06/06/2020,MEI,MS,ASO,ES,Federal Contract Tower,0,3,9,12,24,0,2,12,1,15,0,5,21,13,39,52,0,52,91
06/07/2020,MEI,MS,ASO,ES,Federal Contract Tower,0,3,10,7,20,0,0,3,0,3,0,3,13,7,23,25,2,27,50
06/08/2020,MEI,MS,ASO,ES,Federal Contract Tower,0,2,3,0,5,0,1,0,1,2,0,3,3,1,7,0,0,0,7
06/09/2020,MEI,MS,ASO,ES,Federal Contract Tower,0,2,6,199,207,0,8,22,44,74,0,10,28,243,281,28,208,236,517
06/10/2020,MEI,MS,ASO,ES,Federal Contract Tower,0,2,1,118,121,0,1,14,17,32,0,3,15,135,153,12,170,182,335
06/11/2020,MEI,MS,ASO,ES,Federal Contract Tower,0,2,12,154,168,0,8,37,15,60,0,10,49,169,228,88,160,248,476
06/12/2020,MEI,MS,ASO,ES,Federal Contract Tower,0,3,11,93,107,0,2,31,12,45,0,5,42,105,152,72,112,184,336
06/13/2020,MEI,MS,ASO,ES,Federal Contract Tower,0,2,12,29,43,0,2,49,6,57,0,4,61,35,100,122,38,160,260
06/14/2020,MEI,MS,ASO,ES,Federal Contract Tower,0,2,13,23,38,0,20,34,0,54,0,22,47,23,92,56,10,66,158
06/15/2020,MEI,MS,ASO,ES,Federal Contract Tower,0,2,12,103,117,0,9,15,27,51,0,11,27,130,168,26,169,195,363
06/16/2020,MEI,MS,ASO,ES,Federal Contract Tower,0,3,17,102,122,0,3,11,36,50,0,6,28,138,172,22,150,172,344
06/17/2020,MEI,MS,ASO,ES,Federal Contract Tower,0,3,17,102,122,0,3,11,36,50,0,6,28,138,172,22,150,172,344
06/18/2020,MEI,MS,ASO,ES,Federal Contract Tower,0,3,17,117,137,0,2,11,15,28,0,5,28,132,165,26,86,112,277
06/19/2020,MEI,MS,ASO,ES,Federal Contract Tower,0,2,13,104,119,0,1,27,11,39,0,3,40,115,158,34,128,162,320
06/20/2020,MEI,MS,ASO,ES,Federal Contract Tower,0,2,16,13,31,0,7,31,6,44,0,9,47,19,75,52,0,52,127
06/21/2020,MEI,MS,ASO,ES,Federal Contract Tower,0,4,18,58,80,0,2,40,14,56,0,6,58,72,136,56,32,88,224
06/22/2020,MEI,MS,ASO,ES,Federal Contract Tower,0,6,19,129,154,0,2,22,18,42,0,8,41,147,196,56,206,262,458
06/23/2020,MEI,MS,ASO,ES,Federal Contract Tower,0,3,20,186,209,0,8,23,10,41,0,11,43,196,250,32,97,129,379
06/24/2020,MEI,MS,ASO,ES,Federal Contract Tower,0,6,3,46,55,0,4,3,0,7,0,10,6,46,62,8,24,32,94
06/25/2020,MEI,MS,ASO,ES,Federal Contract Tower,0,2,19,136,157,0,8,2,32,42,0,10,21,168,199,42,176,218,417
06/26/2020,MEI,MS,ASO,ES,Federal Contract Tower,0,5,14,126,145,0,0,5,0,5,0,5,19,126,150,0,0,0,150
06/27/2020,MEI,MS,ASO,ES,Federal Contract Tower,0,2,12,20,34,0,5,15,18,38,0,7,27,38,72,26,28,54,126
06/28/2020,MEI,MS,ASO,ES,Federal Contract Tower,0,8,11,35,54,0,0,37,7,44,0,8,48,42,98,66,28,94,192
06/29/2020,MEI,MS,ASO,ES,Federal Contract Tower,0,4,9,112,125,0,4,16,16,36,0,8,25,128,161,82,187,269,430
06/30/2020,MEI,MS,ASO,ES,Federal Contract Tower,0,4,6,137,147,0,3,28,20,51,0,7,34,157,198,64,241,305,503
07/01/2020,MEI,MS,ASO,ES,Federal Contract Tower,0,3,10,50,63,0,0,10,31,41,0,3,20,81,104,86,62,148,252
07/02/2020,MEI,MS,ASO,ES,Federal Contract Tower,0,4,14,60,78,0,1,12,8,21,0,5,26,68,99,2,26,28,127
07/03/2020,MEI,MS,ASO,ES,Federal Contract Tower,0,3,11,13,27,0,7,43,0,50,0,10,54,13,77,110,16,126,203
07/04/2020,MEI,MS,ASO,ES,Federal Contract Tower,0,1,4,4,9,0,7,21,0,28,0,8,25,4,37,30,0,30,67
07/05/2020,MEI,MS,ASO,ES,Federal Contract Tower,2,6,12,5,25,0,1,27,0,28,2,7,39,5,53,20,0,20,73
07/06/2020,MEI,MS,ASO,ES,Federal Contract Tower,0,4,21,6,31,0,9,5,0,14,0,13,26,6,45,14,0,14,59
07/07/2020,MEI,MS,ASO,ES,Federal Contract Tower,0,2,11,69,82,0,0,5,8,13,0,2,16,77,95,0,20,20,115
07/08/2020,MEI,MS,ASO,ES,Federal Contract Tower,0,5,11,44,60,0,0,1,2,3,0,5,12,46,63,0,0,0,63
07/09/2020,MEI,MS,ASO,ES,Federal Contract Tower,0,7,10,46,63,0,21,7,4,32,0,28,17,50,95,20,28,48,143
07/10/2020,MEI,MS,ASO,ES,Federal Contract Tower,0,4,10,86,100,0,9,36,17,62,0,13,46,103,162,42,130,172,334
07/11/2020,MEI,MS,ASO,ES,Federal Contract Tower,0,2,20,23,45,0,5,52,24,81,0,7,72,47,126,80,32,112,238
07/12/2020,MEI,MS,ASO,ES,Federal Contract Tower,0,4,16,31,51,0,1,12,2,15,0,5,28,33,66,0,0,0,66
07/13/2020,MEI,MS,ASO,ES,Federal Contract Tower,0,4,17,105,126,0,0,11,4,15,0,4,28,109,141,20,110,130,271
07/14/2020,MEI,MS,ASO,ES,Federal Contract Tower,0,2,13,75,90,0,4,25,12,41,0,6,38,87,131,60,136,196,327
07/15/2020,MEI,MS,ASO,ES,Federal Contract Tower,0,3,15,35,53,0,5,12,1,18,0,8,27,36,71,4,40,44,115
07/16/2020,MEI,MS,ASO,ES,Federal Contract Tower,0,4,11,107,122,0,4,12,31,47,0,8,23,138,169,22,174,196,365
07/17/2020,MEI,MS,ASO,ES,Federal Contract Tower,0,3,30,120,153,0,13,15,12,40,0,16,45,132,193,48,232,280,473
07/18/2020,MEI,MS,ASO,ES,Federal Contract Tower,0,3,15,3,21,0,13,41,1,55,0,16,56,4,76,132,0,132,208
07/19/2020,MEI,MS,ASO,ES,Federal Contract Tower,2,4,17,16,39,0,3,36,3,42,2,7,53,19,81,88,12,100,181
07/20/2020,MEI,MS,ASO,ES,Federal Contract Tower,0,3,16,86,105,0,12,13,22,47,0,15,29,108,152,0,122,122,274
07/21/2020,MEI,MS,ASO,ES,Federal Contract Tower,0,3,12,126,141,0,18,27,18,63,0,21,39,144,204,54,130,184,388
07/22/2020,MEI,MS,ASO,ES,Federal Contract Tower,0,4,21,183,208,0,13,29,28,70,0,17,50,211,278,156,198,354,632
07/23/2020,MEI,MS,ASO,ES,Federal Contract Tower,0,7,18,105,130,0,9,33,19,61,0,16,51,124,191,98,160,258,449
07/24/2020,MEI,MS,ASO,ES,Federal Contract Tower,0,4,20,100,124,0,5,32,4,41,0,9,52,104,165,84,80,164,329
07/25/2020,MEI,MS,ASO,ES,Federal Contract Tower,0,3,11,7,21,0,12,32,4,48,0,15,43,11,69,120,8,128,197
07/26/2020,MEI,MS,ASO,ES,Federal Contract Tower,0,4,12,10,26,0,0,41,2,43,0,4,53,12,69,82,48,130,199
07/27/2020,MEI,MS,ASO,ES,Federal Contract Tower,0,4,5,61,70,0,1,24,10,35,0,5,29,71,105,62,106,168,273
07/28/2020,MEI,MS,ASO,ES,Federal Contract Tower,0,2,4,80,86,0,8,1,2,11,0,10,5,82,97,0,78,78,175
07/29/2020,MEI,MS,ASO,ES,Federal Contract Tower,0,5,15,74,94,0,2,7,4,13,0,7,22,78,107,0,86,86,193
07/30/2020,MEI,MS,ASO,ES,Federal Contract Tower,0,4,14,91,109,0,7,34,24,65,0,11,48,115,174,100,142,242,416
07/31/2020,MEI,MS,ASO,ES,Federal Contract Tower,0,3,19,108,130,0,6,22,8,36,0,9,41,116,166,110,88,198,364
08/01/2020,MEI,MS,ASO,ES,Federal Contract Tower,0,5,16,5,26,0,8,27,1,36,0,13,43,6,62,24,8,32,94
08/02/2020,MEI,MS,ASO,ES,Federal Contract Tower,0,3,9,14,26,0,2,29,1,32,0,5,38,15,58,30,0,30,88
08/03/2020,MEI,MS,ASO,ES,Federal Contract Tower,0,7,13,79,99,0,2,30,16,48,0,9,43,95,147,20,224,244,391
08/04/2020,MEI,MS,ASO,ES,Federal Contract Tower,0,3,9,66,78,0,5,37,17,59,0,8,46,83,137,36,138,174,311
08/05/2020,MEI,MS,ASO,ES,Federal Contract Tower,0,7,21,136,164,0,4,43,18,65,0,11,64,154,229,100,208,308,537
08/06/2020,MEI,MS,ASO,ES,Federal Contract Tower,0,3,24,78,105,0,9,68,76,153,0,12,92,154,258,66,174,240,498
08/07/2020,MEI,MS,ASO,ES,Federal Contract Tower,0,6,18,130,154,0,18,44,25,87,0,24,62,155,241,104,274,378,619
08/08/2020,MEI,MS,ASO,ES,Federal Contract Tower,0,2,13,9,24,0,12,54,4,70,0,14,67,13,94,92,8,100,194
08/09/2020,MEI,MS,ASO,ES,Federal Contract Tower,0,4,17,16,37,0,2,27,13,42,0,6,44,29,79,40,18,58,137
08/10/2020,MEI,MS,ASO,ES,Federal Contract Tower,0,8,13,98,119,0,8,8,7,23,0,16,21,105,142,6,152,158,300
08/11/2020,MEI,MS,ASO,ES,Federal Contract Tower,0,1,5,80,86,0,3,20,12,35,0,4,25,92,121,0,120,120,241
08/12/2020,MEI,MS,ASO,ES,Federal Contract Tower,0,3,25,118,146,0,2,22,23,47,0,5,47,141,193,76,186,262,455
08/13/2020,MEI,MS,ASO,ES,Federal Contract Tower,0,4,13,95,112,0,4,12,9,25,0,8,25,104,137,22,124,146,283
08/14/2020,MEI,MS,ASO,ES,Federal Contract Tower,0,5,11,74,90,0,8,16,9,33,0,13,27,83,123,34,74,108,231
08/15/2020,MEI,MS,ASO,ES,Federal Contract Tower,0,5,15,21,41,0,5,25,19,49,0,10,40,40,90,82,4,86,176
08/16/2020,MEI,MS,ASO,ES,Federal Contract Tower,0,5,12,38,55,0,6,19,7,32,0,11,31,45,87,2,4,6,93
08/17/2020,MEI,MS,ASO,ES,Federal Contract Tower,0,5,19,163,187,0,4,17,20,41,0,9,36,183,228,12,210,222,450
08/18/2020,MEI,MS,ASO,ES,Federal Contract Tower,0,2,13,89,104,0,4,12,17,33,0,6,25,106,137,34,134,168,305
08/19/2020,MEI,MS,ASO,ES,Federal Contract Tower,0,6,10,134,150,0,7,44,20,71,0,13,54,154,221,88,198,286,507
08/20/2020,MEI,MS,ASO,ES,Federal Contract Tower,0,4,22,56,82,0,0,21,14,35,0,4,43,70,117,36,186,222,339
08/21/2020,MEI,MS,ASO,ES,Federal Contract Tower,0,7,21,144,172,0,10,28,20,58,0,17,49,164,230,38,120,158,388
08/22/2020,MEI,MS,ASO,ES,Federal Contract Tower,0,2,13,32,47,0,8,38,4,50,0,10,51,36,97,80,14,94,191
08/23/2020,MEI,MS,ASO,ES,Federal Contract Tower,0,6,10,18,34,0,11,23,9,43,0,17,33,27,77,44,4,48,125
08/24/2020,MEI,MS,ASO,ES,Federal Contract Tower,0,4,5,29,38,0,17,3,6,26,0,21,8,35,64,2,34,36,100
08/25/2020,MEI,MS,ASO,ES,Federal Contract Tower,0,2,11,22,35,0,0,0,0,0,0,2,11,22,35,0,0,0,35
08/26/2020,MEI,MS,ASO,ES,Federal Contract Tower,0,0,7,89,96,0,5,7,4,16,0,5,14,93,112,0,32,32,144
08/27/2020,MEI,MS,ASO,ES,Federal Contract Tower,0,4,9,63,76,0,1,5,0,6,0,5,14,63,82,0,26,26,108
08/28/2020,MEI,MS,ASO,ES,Federal Contract Tower,0,4,1,4,9,0,2,1,5,8,0,6,2,9,17,0,14,14,31
08/29/2020,MEI,MS,ASO,ES,Federal Contract Tower,0,3,20,5,28,0,17,25,0,42,0,20,45,5,70,100,36,136,206
08/30/2020,MEI,MS,ASO,ES,Federal Contract Tower,0,7,10,51,68,0,3,9,3,15,0,10,19,54,83,6,0,6,89
08/31/2020,MEI,MS,ASO,ES,Federal Contract Tower,0,6,16,95,117,0,9,16,1,26,0,15,32,96,143,47,78,125,268
09/01/2020,MEI,MS,ASO,ES,Federal Contract Tower,0,2,17,104,123,0,0,25,13,38,0,2,42,117,161,28,110,138,299
09/02/2020,MEI,MS,ASO,ES,Federal Contract Tower,0,4,19,118,141,0,13,33,12,58,0,17,52,130,199,52,118,170,369
09/03/2020,MEI,MS,ASO,ES,Federal Contract Tower,0,4,24,61,89,0,12,31,15,58,0,16,55,76,147,144,112,256,403
09/04/2020,MEI,MS,ASO,ES,Federal Contract Tower,0,4,16,17,37,0,16,30,7,53,0,20,46,24,90,72,0,72,162
09/05/2020,MEI,MS,ASO,ES,Federal Contract Tower,0,1,4,17,22,0,3,43,5,51,0,4,47,22,73,56,26,82,155
09/06/2020,MEI,MS,ASO,ES,Federal Contract Tower,0,4,2,18,24,0,3,17,4,24,0,7,19,22,48,12,34,46,94
09/07/2020,MEI,MS,ASO,ES,Federal Contract Tower,0,4,21,20,45,0,6,33,0,39,0,10,54,20,84,64,32,96,180
09/08/2020,MEI,MS,ASO,ES,Federal Contract Tower,0,2,15,37,54,0,9,20,6,35,0,11,35,43,89,30,28,58,147
09/09/2020,MEI,MS,ASO,ES,Federal Contract Tower,0,9,16,45,70,0,0,31,44,75,0,9,47,89,145,86,125,211,356
09/10/2020,MEI,MS,ASO,ES,Federal Contract Tower,0,8,20,83,111,0,9,37,18,64,0,17,57,101,175,108,168,276,451
09/11/2020,MEI,MS,ASO,ES,Federal Contract Tower,0,4,20,35,59,0,6,37,27,70,0,10,57,62,129,74,146,220,349
09/12/2020,MEI,MS,ASO,ES,Federal Contract Tower,0,2,10,13,25,0,0,22,14,36,0,2,32,27,61,70,66,136,197
09/13/2020,MEI,MS,ASO,ES,Federal Contract Tower,0,4,13,12,29,0,9,14,5,28,0,13,27,17,57,32,26,58,115
09/14/2020,MEI,MS,ASO,ES,Federal Contract Tower,0,4,15,80,99,0,0,11,7,18,0,4,26,87,117,10,59,69,186
09/15/2020,MEI,MS,ASO,ES,Federal Contract Tower,0,2,6,63,71,0,6,0,8,14,0,8,6,71,85,0,50,50,135
09/16/2020,MEI,MS,ASO,ES,Federal Contract Tower,0,6,2,37,45,0,8,8,8,24,0,14,10,45,69,14,54,68,137
09/17/2020,MEI,MS,ASO,ES,Federal Contract Tower,0,5,32,95,132,0,6,26,21,53,0,11,58,116,185,42,132,174,359
09/18/2020,MEI,MS,ASO,ES,Federal Contract Tower,0,4,37,76,117,0,13,39,27,79,0,17,76,103,196,76,92,168,364
09/19/2020,MEI,MS,ASO,ES,Federal Contract Tower,0,2,18,27,47,0,6,46,6,58,0,8,64,33,105,88,20,108,213
09/20/2020,MEI,MS,ASO,ES,Federal Contract Tower,0,4,16,36,56,0,6,20,1,27,0,10,36,37,83,36,16,52,135
09/21/2020,MEI,MS,ASO,ES,Federal Contract Tower,0,4,15,55,74,0,8,19,3,30,0,12,34,58,104,52,144,196,300
09/22/2020,MEI,MS,ASO,ES,Federal Contract Tower,0,6,23,98,127,0,3,2,16,21,0,9,25,114,148,34,112,146,294
09/23/2020,MEI,MS,ASO,ES,Federal Contract Tower,0,6,21,132,159,0,3,7,2,12,0,9,28,134,171,18,24,42,213
09/24/2020,MEI,MS,ASO,ES,Federal Contract Tower,0,4,7,102,113,0,0,0,0,0,0,4,7,102,113,18,8,26,139
09/25/2020,MEI,MS,ASO,ES,Federal Contract Tower,0,5,20,156,181,0,3,25,2,30,0,8,45,158,211,42,124,166,377
09/26/2020,MEI,MS,ASO,ES,Federal Contract Tower,0,3,19,55,77,0,15,38,12,65,0,18,57,67,142,124,36,160,302
09/27/2020,MEI,MS,ASO,ES,Federal Contract Tower,0,6,11,21,38,0,4,26,6,36,0,10,37,27,74,16,12,28,102
09/28/2020,MEI,MS,ASO,ES,Federal Contract Tower,0,4,18,58,80,0,1,6,5,12,0,5,24,63,92,0,66,66,158
09/29/2020,MEI,MS,ASO,ES,Federal Contract Tower,0,3,15,92,110,0,5,16,18,39,0,8,31,110,149,18,184,202,351
09/30/2020,MEI,MS,ASO,ES,Federal Contract Tower,0,7,25,106,138,0,10,40,18,68,0,17,65,124,206,88,258,346,552
10/01/2020,MEI,MS,ASO,ES,Federal Contract Tower,0,4,22,136,162,0,8,38,26,72,0,12,60,162,234,86,306,392,626
10/02/2020,MEI,MS,ASO,ES,Federal Contract Tower,0,4,37,88,129,0,4,22,16,42,0,8,59,104,171,90,222,312,483
10/03/2020,MEI,MS,ASO,ES,Federal Contract Tower,0,2,16,41,59,0,16,57,14,87,0,18,73,55,146,76,102,178,324
10/04/2020,MEI,MS,ASO,ES,Federal Contract Tower,0,5,21,40,66,0,3,32,4,39,0,8,53,44,105,56,18,74,179
10/05/2020,MEI,MS,ASO,ES,Federal Contract Tower,0,3,27,80,110,0,7,39,19,65,0,10,66,99,175,62,112,174,349
10/06/2020,MEI,MS,ASO,ES,Federal Contract Tower,0,2,14,48,64,0,9,28,17,54,0,11,42,65,118,18,112,130,248
10/07/2020,MEI,MS,ASO,ES,Federal Contract Tower,0,6,16,71,93,0,5,24,33,62,0,11,40,104,155,66,76,142,297
10/08/2020,MEI,MS,ASO,ES,Federal Contract Tower,0,3,12,67,82,0,7,29,31,67,0,10,41,98,149,46,104,150,299
10/09/2020,MEI,MS,ASO,ES,Federal Contract Tower,0,3,6,124,133,0,7,13,3,23,0,10,19,127,156,10,100,110,266
10/10/2020,MEI,MS,ASO,ES,Federal Contract Tower,0,2,3,0,5,0,0,1,0,1,0,2,4,0,6,0,0,0,6
10/11/2020,MEI,MS,ASO,ES,Federal Contract Tower,0,7,8,4,19,0,2,1,0,3,0,9,9,4,22,0,0,0,22
10/12/2020,MEI,MS,ASO,ES,Federal Contract Tower,0,9,27,2,38,0,20,22,4,46,0,29,49,6,84,20,0,20,104
10/13/2020,MEI,MS,ASO,ES,Federal Contract Tower,0,3,13,138,154,0,1,30,58,89,0,4,43,196,243,46,164,210,453
10/14/2020,MEI,MS,ASO,ES,Federal Contract Tower,0,4,10,132,146,0,13,49,25,87,0,17,59,157,233,32,182,214,447
10/15/2020,MEI,MS,ASO,ES,Federal Contract Tower,0,4,22,175,201,0,14,34,28,76,0,18,56,203,277,38,224,262,539
10/16/2020,MEI,MS,ASO,ES,Federal Contract Tower,0,4,17,157,178,0,8,33,12,53,0,12,50,169,231,32,110,142,373
10/17/2020,MEI,MS,ASO,ES,Federal Contract Tower,0,4,18,4,26,0,6,58,2,66,0,10,76,6,92,90,4,94,186
10/18/2020,MEI,MS,ASO,ES,Federal Contract Tower,0,3,28,10,41,0,13,31,25,69,0,16,59,35,110,32,20,52,162
10/19/2020,MEI,MS,ASO,ES,Federal Contract Tower,0,5,17,143,165,0,9,25,16,50,0,14,42,159,215,22,210,232,447
10/20/2020,MEI,MS,ASO,ES,Federal Contract Tower,0,2,26,105,133,0,0,24,49,73,0,2,50,154,206,22,146,168,374
10/21/2020,MEI,MS,ASO,ES,Federal Contract Tower,0,4,14,108,126,0,7,38,13,58,0,11,52,121,184,42,186,228,412
10/22/2020,MEI,MS,ASO,ES,Federal Contract Tower,0,6,18,148,172,0,10,25,25,60,0,16,43,173,232,62,216,278,510
10/23/2020,MEI,MS,ASO,ES,Federal Contract Tower,0,3,21,177,201,0,9,19,21,49,0,12,40,198,250,34,178,212,462
10/24/2020,MEI,MS,ASO,ES,Federal Contract Tower,0,3,6,3,12,0,1,0,0,1,0,4,6,3,13,0,0,0,13
10/25/2020,MEI,MS,ASO,ES,Federal Contract Tower,0,5,27,18,50,0,6,19,2,27,0,11,46,20,77,36,8,44,121
10/26/2020,MEI,MS,ASO,ES,Federal Contract Tower,0,4,19,77,100,0,0,10,5,15,0,4,29,82,115,12,106,118,233
10/27/2020,MEI,MS,ASO,ES,Federal Contract Tower,0,4,14,65,83,0,0,1,0,1,0,4,15,65,84,0,0,0,84
10/28/2020,MEI,MS,ASO,ES,Federal Contract Tower,0,3,3,1,7,0,0,0,0,0,0,3,3,1,7,0,0,0,7
10/29/2020,MEI,MS,ASO,ES,Federal Contract Tower,2,5,19,149,175,0,6,22,23,51,2,11,41,172,226,38,134,172,398
10/30/2020,MEI,MS,ASO,ES,Federal Contract Tower,0,5,33,172,210,0,8,25,16,49,0,13,58,188,259,30,156,186,445
10/31/2020,MEI,MS,ASO,ES,Federal Contract Tower,0,5,15,31,51,0,6,49,12,67,0,11,64,43,118,76,16,92,210
11/01/2020,MEI,MS,ASO,ES,Federal Contract Tower,0,5,16,18,39,0,9,31,3,43,0,14,47,21,82,24,20,44,126
11/02/2020,MEI,MS,ASO,ES,Federal Contract Tower,0,4,6,125,135,0,11,21,10,42,0,15,27,135,177,26,100,126,303
11/03/2020,MEI,MS,ASO,ES,Federal Contract Tower,0,2,11,133,146,0,8,44,22,74,0,10,55,155,220,40,186,226,446
11/04/2020,MEI,MS,ASO,ES,Federal Contract Tower,0,7,13,78,98,0,9,14,14,37,0,16,27,92,135,18,74,92,227
11/05/2020,MEI,MS,ASO,ES,Federal Contract Tower,0,4,14,76,94,0,4,29,26,59,0,8,43,102,153,12,208,220,373
11/06/2020,MEI,MS,ASO,ES,Federal Contract Tower,0,4,17,97,118,0,7,22,14,43,0,11,39,111,161,0,306,306,467
11/07/2020,MEI,MS,ASO,ES,Federal Contract Tower,0,2,7,15,24,0,7,26,3,36,0,9,33,18,60,62,10,72,132
11/08/2020,MEI,MS,ASO,ES,Federal Contract Tower,0,4,20,85,109,0,10,11,10,31,0,14,31,95,140,12,28,40,180
11/09/2020,MEI,MS,ASO,ES,Federal Contract Tower,0,3,12,82,97,0,11,46,99,156,0,14,58,181,253,68,188,256,509
11/10/2020,MEI,MS,ASO,ES,Federal Contract Tower,0,6,19,142,167,0,2,18,10,30,0,8,37,152,197,14,72,86,283
11/11/2020,MEI,MS,ASO,ES,Federal Contract Tower,5,6,6,10,27,0,10,3,2,15,5,16,9,12,42,0,14,14,56
11/12/2020,MEI,MS,ASO,ES,Federal Contract Tower,0,5,13,123,141,0,12,10,19,41,0,17,23,142,182,24,254,278,460
11/13/2020,MEI,MS,ASO,ES,Federal Contract Tower,0,4,19,81,104,0,4,32,29,65,0,8,51,110,169,60,108,168,337
11/14/2020,MEI,MS,ASO,ES,Federal Contract Tower,0,3,12,8,23,0,0,29,37,66,0,3,41,45,89,40,0,40,129
11/15/2020,MEI,MS,ASO,ES,Federal Contract Tower,0,4,23,25,52,0,2,21,0,23,0,6,44,25,75,54,0,54,129
11/16/2020,MEI,MS,ASO,ES,Federal Contract Tower,0,4,20,160,184,0,12,29,20,61,0,16,49,180,245,48,150,198,443
11/17/2020,MEI,MS,ASO,ES,Federal Contract Tower,0,2,15,112,129,0,9,26,26,61,0,11,41,138,190,20,122,142,332
11/18/2020,MEI,MS,ASO,ES,Federal Contract Tower,0,5,18,102,125,0,6,40,20,66,0,11,58,122,191,78,144,222,413
11/19/2020,MEI,MS,ASO,ES,Federal Contract Tower,0,4,15,65,84,0,7,13,18,38,0,11,28,83,122,18,140,158,280
11/20/2020,MEI,MS,ASO,ES,Federal Contract Tower,0,4,20,46,70,0,5,59,9,73,0,9,79,55,143,38,104,142,285
11/21/2020,MEI,MS,ASO,ES,Federal Contract Tower,0,2,7,10,19,0,7,34,7,48,0,9,41,17,67,72,40,112,179
11/22/2020,MEI,MS,ASO,ES,Federal Contract Tower,0,4,15,15,34,0,8,20,6,34,0,12,35,21,68,24,16,40,108
11/23/2020,MEI,MS,ASO,ES,Federal Contract Tower,0,4,7,92,103,0,6,20,8,34,0,10,27,100,137,28,114,142,279
11/24/2020,MEI,MS,ASO,ES,Federal Contract Tower,0,4,13,91,108,0,4,18,9,31,0,8,31,100,139,10,112,122,261
11/25/2020,MEI,MS,ASO,ES,Federal Contract Tower,0,4,11,1,16,0,3,4,0,7,0,7,15,1,23,32,0,32,55
11/26/2020,MEI,MS,ASO,ES,Federal Contract Tower,0,2,5,0,7,0,2,15,0,17,0,4,20,0,24,12,0,12,36
11/27/2020,MEI,MS,ASO,ES,Federal Contract Tower,0,2,4,0,6,0,0,0,0,0,0,2,4,0,6,0,0,0,6
11/28/2020,MEI,MS,ASO,ES,Federal Contract Tower,0,4,17,3,24,0,0,15,0,15,0,4,32,3,39,8,0,8,47
11/29/2020,MEI,MS,ASO,ES,Federal Contract Tower,0,5,11,0,16,0,0,0,0,0,0,5,11,0,16,0,0,0,16
11/30/2020,MEI,MS,ASO,ES,Federal Contract Tower,0,4,17,133,154,0,1,2,1,4,0,5,19,134,158,0,36,36,194
12/01/2020,MEI,MS,ASO,ES,Federal Contract Tower,0,2,15,110,127,0,7,45,28,80,0,9,60,138,207,60,112,172,379
12/02/2020,MEI,MS,ASO,ES,Federal Contract Tower,0,4,9,138,151,0,4,41,20,65,0,8,50,158,216,72,158,230,446
12/03/2020,MEI,MS,ASO,ES,Federal Contract Tower,0,4,3,81,88,0,1,11,23,35,0,5,14,104,123,56,94,150,273
12/04/2020,MEI,MS,ASO,ES,Federal Contract Tower,0,8,20,76,104,0,1,7,8,16,0,9,27,84,120,8,24,32,152
12/05/2020,MEI,MS,ASO,ES,Federal Contract Tower,0,2,11,20,33,0,6,43,15,64,0,8,54,35,97,122,56,178,275
12/06/2020,MEI,MS,ASO,ES,Federal Contract Tower,0,4,11,57,72,0,16,36,16,68,0,20,47,73,140,78,70,148,288
12/07/2020,MEI,MS,ASO,ES,Federal Contract Tower,0,4,14,104,122,0,4,37,18,59,0,8,51,122,181,52,178,230,411
12/08/2020,MEI,MS,ASO,ES,Federal Contract Tower,0,6,16,136,158,0,7,43,39,89,0,13,59,175,247,86,308,394,641
12/09/2020,MEI,MS,ASO,ES,Federal Contract Tower,0,4,16,100,120,0,4,17,16,37,0,8,33,116,157,44,260,304,461
12/10/2020,MEI,MS,ASO,ES,Federal Contract Tower,0,4,19,91,114,0,4,28,13,45,0,8,47,104,159,50,148,198,357
12/11/2020,MEI,MS,ASO,ES,Federal Contract Tower,0,4,17,42,63,0,6,15,8,29,0,10,32,50,92,56,286,342,434
12/12/2020,MEI,MS,ASO,ES,Federal Contract Tower,0,3,12,9,24,0,1,7,0,8,0,4,19,9,32,20,10,30,62
12/13/2020,MEI,MS,ASO,ES,Federal Contract Tower,0,3,16,36,55,0,2,16,6,24,0,5,32,42,79,36,16,52,131
12/14/2020,MEI,MS,ASO,ES,Federal Contract Tower,0,7,11,52,70,0,11,5,0,16,0,18,16,52,86,0,66,66,152
12/15/2020,MEI,MS,ASO,ES,Federal Contract Tower,0,4,16,128,148,0,0,17,18,35,0,4,33,146,183,8,136,144,327
12/16/2020,MEI,MS,ASO,ES,Federal Contract Tower,0,4,5,51,60,0,0,0,0,0,0,4,5,51,60,0,0,0,60
12/17/2020,MEI,MS,ASO,ES,Federal Contract Tower,0,4,19,115,138,0,5,25,17,47,0,9,44,132,185,32,154,186,371
12/18/2020,MEI,MS,ASO,ES,Federal Contract Tower,0,4,18,56,78,0,6,48,8,62,0,10,66,64,140,86,96,182,322
12/19/2020,MEI,MS,ASO,ES,Federal Contract Tower,0,3,5,20,28,0,3,25,0,28,0,6,30,20,56,50,22,72,128
12/20/2020,MEI,MS,ASO,ES,Federal Contract Tower,0,4,20,14,38,0,0,0,0,0,0,4,20,14,38,0,0,0,38
12/21/2020,MEI,MS,ASO,ES,Federal Contract Tower,0,4,27,50,81,0,9,37,9,55,0,13,64,59,136,40,94,134,270
12/22/2020,MEI,MS,ASO,ES,Federal Contract Tower,0,4,3,22,29,0,13,53,25,91,0,17,56,47,120,136,44,180,300
12/23/2020,MEI,MS,ASO,ES,Federal Contract Tower,0,5,20,0,25,0,8,23,16,47,0,13,43,16,72,44,0,44,116
12/24/2020,MEI,MS,ASO,ES,Federal Contract Tower,0,2,1,0,3,0,10,0,0,10,0,12,1,0,13,0,0,0,13
12/25/2020,MEI,MS,ASO,ES,Federal Contract Tower,0,2,5,2,9,0,12,7,0,19,0,14,12,2,28,0,0,0,28
12/26/2020,MEI,MS,ASO,ES,Federal Contract Tower,0,4,18,1,23,0,11,45,0,56,0,15,63,1,79,16,2,18,97
12/27/2020,MEI,MS,ASO,ES,Federal Contract Tower,0,5,15,1,21,0,2,25,0,27,0,7,40,1,48,34,4,38,86
12/28/2020,MEI,MS,ASO,ES,Federal Contract Tower,0,4,20,1,25,0,4,8,0,12,0,8,28,1,37,66,0,66,103
12/29/2020,MEI,MS,ASO,ES,Federal Contract Tower,0,4,9,18,31,0,0,20,0,20,0,4,29,18,51,46,0,46,97
12/30/2020,MEI,MS,ASO,ES,Federal Contract Tower,0,4,14,1,19,0,14,12,1,27,0,18,26,2,46,71,0,71,117
12/31/2020,MEI,MS,ASO,ES,Federal Contract Tower,0,5,4,7,16,0,0,0,0,0,0,5,4,7,16,0,0,0,16
01/01/2021,MEI,MS,ASO,ES,Federal Contract Tower,0,2,4,0,6,0,0,11,0,11,0,2,15,0,17,20,0,20,37
01/02/2021,MEI,MS,ASO,ES,Federal Contract Tower,0,4,8,0,12,0,11,22,0,33,0,15,30,0,45,20,0,20,65
01/03/2021,MEI,MS,ASO,ES,Federal Contract Tower,0,3,19,0,22,0,16,36,0,52,0,19,55,0,74,56,0,56,130
01/04/2021,MEI,MS,ASO,ES,Federal Contract Tower,0,5,15,32,52,0,10,19,14,43,0,15,34,46,95,18,70,88,183
01/05/2021,MEI,MS,ASO,ES,Federal Contract Tower,0,4,11,69,84,0,9,41,19,69,0,13,52,88,153,46,143,189,342
01/06/2021,MEI,MS,ASO,ES,Federal Contract Tower,0,4,14,78,96,0,9,14,17,40,0,13,28,95,136,34,148,182,318
01/07/2021,MEI,MS,ASO,ES,Federal Contract Tower,0,6,8,62,76,0,0,1,3,4,0,6,9,65,80,0,0,0,80
01/08/2021,MEI,MS,ASO,ES,Federal Contract Tower,0,3,10,22,35,0,2,4,68,74,0,5,14,90,109,1,0,1,110
01/09/2021,MEI,MS,ASO,ES,Federal Contract Tower,0,2,7,34,43,0,6,33,3,42,0,8,40,37,85,46,76,122,207
01/10/2021,MEI,MS,ASO,ES,Federal Contract Tower,0,4,8,55,67,0,4,15,3,22,0,8,23,58,89,14,32,46,135
01/11/2021,MEI,MS,ASO,ES,Federal Contract Tower,0,6,0,2,8,0,0,0,0,0,0,6,0,2,8,0,0,0,8
01/12/2021,MEI,MS,ASO,ES,Federal Contract Tower,0,7,14,130,151,0,5,22,100,127,0,12,36,230,278,20,134,154,432
01/13/2021,MEI,MS,ASO,ES,Federal Contract Tower,0,6,14,108,128,0,10,25,18,53,0,16,39,126,181,44,360,404,585
01/14/2021,MEI,MS,ASO,ES,Federal Contract Tower,0,4,18,139,161,0,3,19,24,46,0,7,37,163,207,24,94,118,325
01/15/2021,MEI,MS,ASO,ES,Federal Contract Tower,0,9,16,71,96,0,11,8,27,46,0,20,24,98,142,26,88,114,256
01/16/2021,MEI,MS,ASO,ES,Federal Contract Tower,0,3,8,29,40,0,6,23,6,35,0,9,31,35,75,48,70,118,193
01/17/2021,MEI,MS,ASO,ES,Federal Contract Tower,0,4,21,21,46,0,14,25,2,41,0,18,46,23,87,38,48,86,173
01/18/2021,MEI,MS,ASO,ES,Federal Contract Tower,0,4,21,42,67,0,9,46,6,61,0,13,67,48,128,142,52,194,322
01/19/2021,MEI,MS,ASO,ES,Federal Contract Tower,0,2,17,177,196,0,12,37,22,71,0,14,54,199,267,12,318,330,597
01/20/2021,MEI,MS,ASO,ES,Federal Contract Tower,0,5,15,69,89,0,12,32,17,61,0,17,47,86,150,50,220,270,420
01/21/2021,MEI,MS,ASO,ES,Federal Contract Tower,0,6,14,41,61,0,0,0,0,0,0,6,14,41,61,0,0,0,61
01/22/2021,MEI,MS,ASO,ES,Federal Contract Tower,0,4,11,14,29,0,0,0,0,0,0,4,11,14,29,0,0,0,29
01/23/2021,MEI,MS,ASO,ES,Federal Contract Tower,0,2,21,20,43,0,7,32,4,43,0,9,53,24,86,104,42,146,232
01/24/2021,MEI,MS,ASO,ES,Federal Contract Tower,0,9,23,45,77,0,7,5,2,14,0,16,28,47,91,18,48,66,157
01/25/2021,MEI,MS,ASO,ES,Federal Contract Tower,0,4,17,70,91,0,7,4,2,13,0,11,21,72,104,6,14,20,124
01/26/2021,MEI,MS,ASO,ES,Federal Contract Tower,0,4,10,53,67,0,8,30,40,78,0,12,40,93,145,43,170,213,358
01/27/2021,MEI,MS,ASO,ES,Federal Contract Tower,0,4,25,132,161,0,6,7,5,18,0,10,32,137,179,18,92,110,289
01/28/2021,MEI,MS,ASO,ES,Federal Contract Tower,0,4,15,128,147,0,10,12,8,30,0,14,27,136,177,0,26,26,203
01/29/2021,MEI,MS,ASO,ES,Federal Contract Tower,0,5,17,76,98,0,8,29,26,63,0,13,46,102,161,46,196,242,403
01/30/2021,MEI,MS,ASO,ES,Federal Contract Tower,0,2,9,19,30,0,5,17,13,35,0,7,26,32,65,36,0,36,101
01/31/2021,MEI,MS,ASO,ES,Federal Contract Tower,0,4,16,35,55,0,6,19,7,32,0,10,35,42,87,18,12,30,117
02/01/2021,MEI,MS,ASO,ES,Federal Contract Tower,0,6,18,94,118,0,4,15,16,35,0,10,33,110,153,0,138,138,291
02/02/2021,MEI,MS,ASO,ES,Federal Contract Tower,0,2,17,137,156,0,13,31,8,52,0,15,48,145,208,56,178,234,442
02/03/2021,MEI,MS,ASO,ES,Federal Contract Tower,0,4,4,101,109,0,7,32,19,58,0,11,36,120,167,30,136,166,333
02/04/2021,MEI,MS,ASO,ES,Federal Contract Tower,0,4,11,88,103,0,4,7,3,14,0,8,18,91,117,6,124,130,247
02/05/2021,MEI,MS,ASO,ES,Federal Contract Tower,0,5,22,94,121,0,3,23,2,28,0,8,45,96,149,46,64,110,259
02/06/2021,MEI,MS,ASO,ES,Federal Contract Tower,0,2,5,4,11,0,2,0,0,2,0,4,5,4,13,0,0,0,13
02/07/2021,MEI,MS,ASO,ES,Federal Contract Tower,0,6,16,17,39,0,8,7,0,15,0,14,23,17,54,28,0,28,82
02/08/2021,MEI,MS,ASO,ES,Federal Contract Tower,0,5,13,110,128,0,9,16,11,36,0,14,29,121,164,64,164,228,392
02/09/2021,MEI,MS,ASO,ES,Federal Contract Tower,0,3,10,173,186,0,10,9,12,31,0,13,19,185,217,58,221,279,496
02/10/2021,MEI,MS,ASO,ES,Federal Contract Tower,0,6,8,84,98,0,2,14,14,30,0,8,22,98,128,36,264,300,428
02/11/2021,MEI,MS,ASO,ES,Federal Contract Tower,0,5,3,1,9,0,0,0,0,0,0,5,3,1,9,0,0,0,9
02/12/2021,MEI,MS,ASO,ES,Federal Contract Tower,0,4,6,69,79,0,0,0,0,0,0,4,6,69,79,0,0,0,79
02/13/2021,MEI,MS,ASO,ES,Federal Contract Tower,0,2,4,38,44,0,0,0,0,0,0,2,4,38,44,0,0,0,44
02/14/2021,MEI,MS,ASO,ES,Federal Contract Tower,0,4,7,2,13,0,0,0,0,0,0,4,7,2,13,0,0,0,13
02/17/2021,MEI,MS,ASO,ES,Federal Contract Tower,0,0,4,5,9,0,4,5,3,12,0,4,9,8,21,0,0,0,21
02/18/2021,MEI,MS,ASO,ES,Federal Contract Tower,0,0,1,27,28,0,0,0,0,0,0,0,1,27,28,0,0,0,28
02/19/2021,MEI,MS,ASO,ES,Federal Contract Tower,0,5,11,106,122,0,0,7,23,30,0,5,18,129,152,26,178,204,356
02/20/2021,MEI,MS,ASO,ES,Federal Contract Tower,0,2,11,12,25,0,17,39,4,60,0,19,50,16,85,48,10,58,143
02/21/2021,MEI,MS,ASO,ES,Federal Contract Tower,0,4,14,44,62,0,12,28,8,48,0,16,42,52,110,34,18,52,162
02/22/2021,MEI,MS,ASO,ES,Federal Contract Tower,0,4,13,42,59,0,6,11,4,21,0,10,24,46,80,16,4,20,100
02/23/2021,MEI,MS,ASO,ES,Federal Contract Tower,0,4,13,115,132,0,5,21,18,44,0,9,34,133,176,61,159,220,396
02/24/2021,MEI,MS,ASO,ES,Federal Contract Tower,0,4,28,115,147,0,12,32,22,66,0,16,60,137,213,52,270,322,535
02/25/2021,MEI,MS,ASO,ES,Federal Contract Tower,0,4,25,64,93,0,0,10,15,25,0,4,35,79,118,0,14,14,132
02/26/2021,MEI,MS,ASO,ES,Federal Contract Tower,0,5,14,119,138,0,2,12,9,23,0,7,26,128,161,48,114,162,323
02/27/2021,MEI,MS,ASO,ES,Federal Contract Tower,0,4,10,12,26,0,8,52,3,63,0,12,62,15,89,104,22,126,215
02/28/2021,MEI,MS,ASO,ES,Federal Contract Tower,0,6,12,34,52,0,0,15,0,15,0,6,27,34,67,12,22,34,101
03/01/2021,MEI,MS,ASO,ES,Federal Contract Tower,0,3,18,116,137,0,4,0,0,4,0,7,18,116,141,0,0,0,141
03/02/2021,MEI,MS,ASO,ES,Federal Contract Tower,0,4,17,71,92,0,0,0,0,0,0,4,17,71,92,0,0,0,92
03/03/2021,MEI,MS,ASO,ES,Federal Contract Tower,0,4,18,132,154,0,4,27,25,56,0,8,45,157,210,28,210,238,448
03/04/2021,MEI,MS,ASO,ES,Federal Contract Tower,0,4,18,111,133,0,14,60,44,118,0,18,78,155,251,38,124,162,413
03/05/2021,MEI,MS,ASO,ES,Federal Contract Tower,0,6,12,104,122,0,4,36,41,81,0,10,48,145,203,42,210,252,455
03/06/2021,MEI,MS,ASO,ES,Federal Contract Tower,0,4,20,53,77,0,4,32,23,59,0,8,52,76,136,80,48,128,264
03/07/2021,MEI,MS,ASO,ES,Federal Contract Tower,0,6,17,41,64,0,10,38,7,55,0,16,55,48,119,22,56,78,197
03/08/2021,MEI,MS,ASO,ES,Federal Contract Tower,0,4,16,79,99,0,9,24,10,43,0,13,40,89,142,30,232,262,404
03/09/2021,MEI,MS,ASO,ES,Federal Contract Tower,0,2,13,94,109,0,2,15,31,48,0,4,28,125,157,26,200,226,383
03/10/2021,MEI,MS,ASO,ES,Federal Contract Tower,0,7,23,58,88,0,6,16,25,47,0,13,39,83,135,87,114,201,336
03/11/2021,MEI,MS,ASO,ES,Federal Contract Tower,0,5,21,150,176,0,11,31,14,56,0,16,52,164,232,58,157,215,447
03/12/2021,MEI,MS,ASO,ES,Federal Contract Tower,0,6,33,168,207,0,7,20,18,45,0,13,53,186,252,32,208,240,492
03/13/2021,MEI,MS,ASO,ES,Federal Contract Tower,0,3,19,15,37,0,11,26,6,43,0,14,45,21,80,108,96,204,284
03/14/2021,MEI,MS,ASO,ES,Federal Contract Tower,0,4,17,33,54,0,9,16,1,26,0,13,33,34,80,18,20,38,118
03/15/2021,MEI,MS,ASO,ES,Federal Contract Tower,0,4,11,59,74,0,4,3,24,31,0,8,14,83,105,0,36,36,141
03/16/2021,MEI,MS,ASO,ES,Federal Contract Tower,0,2,16,0,18,0,0,0,2,2,0,2,16,2,20,0,0,0,20
03/17/2021,MEI,MS,ASO,ES,Federal Contract Tower,0,3,13,14,30,0,0,0,0,0,0,3,13,14,30,0,0,0,30
03/18/2021,MEI,MS,ASO,ES,Federal Contract Tower,0,5,39,97,141,0,12,11,27,50,0,17,50,124,191,0,84,84,275
03/19/2021,MEI,MS,ASO,ES,Federal Contract Tower,0,6,30,224,260,0,6,19,8,33,0,12,49,232,293,12,40,52,345
03/20/2021,MEI,MS,ASO,ES,Federal Contract Tower,0,5,19,25,49,0,4,31,6,41,0,9,50,31,90,48,12,60,150
03/21/2021,MEI,MS,ASO,ES,Federal Contract Tower,0,3,5,8,16,0,2,38,23,63,0,5,43,31,79,24,28,52,131
03/22/2021,MEI,MS,ASO,ES,Federal Contract Tower,0,8,18,87,113,0,0,26,10,36,0,8,44,97,149,68,170,238,387
03/23/2021,MEI,MS,ASO,ES,Federal Contract Tower,0,2,5,7,14,0,4,5,1,10,0,6,10,8,24,0,0,0,24
03/24/2021,MEI,MS,ASO,ES,Federal Contract Tower,0,4,17,88,109,0,6,9,8,23,0,10,26,96,132,0,10,10,142
03/25/2021,MEI,MS,ASO,ES,Federal Contract Tower,0,6,2,0,8,0,0,0,0,0,0,6,2,0,8,0,0,0,8
03/26/2021,MEI,MS,ASO,ES,Federal Contract Tower,0,5,28,128,161,0,11,31,20,62,0,16,59,148,223,36,50,86,309
03/27/2021,MEI,MS,ASO,ES,Federal Contract Tower,0,4,13,34,51,0,9,7,1,17,0,13,20,35,68,30,37,67,135
03/28/2021,MEI,MS,ASO,ES,Federal Contract Tower,0,4,11,56,71,0,10,7,9,26,0,14,18,65,97,22,22,44,141
03/29/2021,MEI,MS,ASO,ES,Federal Contract Tower,0,4,6,105,115,0,4,23,17,44,0,8,29,122,159,14,138,152,311
03/30/2021,MEI,MS,ASO,ES,Federal Contract Tower,0,2,8,92,102,0,5,7,14,26,0,7,15,106,128,14,164,178,306
03/31/2021,MEI,MS,ASO,ES,Federal Contract Tower,0,6,7,44,57,0,0,0,2,2,0,6,7,46,59,0,0,0,59
04/01/2021,MEI,MS,ASO,ES,Federal Contract Tower,0,7,24,176,207,0,6,24,60,90,0,13,48,236,297,22,218,240,537
04/02/2021,MEI,MS,ASO,ES,Federal Contract Tower,0,4,29,51,84,0,11,49,25,85,0,15,78,76,169,60,64,124,293
04/03/2021,MEI,MS,ASO,ES,Federal Contract Tower,0,2,14,8,24,0,15,71,6,92,0,17,85,14,116,96,12,108,224
04/04/2021,MEI,MS,ASO,ES,Federal Contract Tower,0,4,9,20,33,0,3,20,0,23,0,7,29,20,56,52,22,74,130
04/05/2021,MEI,MS,ASO,ES,Federal Contract Tower,0,6,25,82,113,0,12,47,6,65,0,18,72,88,178,52,136,188,366
04/06/2021,MEI,MS,ASO,ES,Federal Contract Tower,0,3,14,92,109,0,0,30,15,45,0,3,44,107,154,46,104,150,304
04/07/2021,MEI,MS,ASO,ES,Federal Contract Tower,0,4,8,83,95,0,3,33,4,40,0,7,41,87,135,50,196,246,381
04/08/2021,MEI,MS,ASO,ES,Federal Contract Tower,0,4,17,133,154,0,4,20,25,49,0,8,37,158,203,10,176,186,389
04/09/2021,MEI,MS,ASO,ES,Federal Contract Tower,0,5,9,37,51,0,16,19,3,38,0,21,28,40,89,4,56,60,149
04/10/2021,MEI,MS,ASO,ES,Federal Contract Tower,0,4,19,27,50,0,8,34,16,58,0,12,53,43,108,52,12,64,172
04/11/2021,MEI,MS,ASO,ES,Federal Contract Tower,0,4,7,28,39,0,11,55,6,72,0,15,62,34,111,36,10,46,157
04/12/2021,MEI,MS,ASO,ES,Federal Contract Tower,0,4,15,155,174,0,9,36,7,52,0,13,51,162,226,44,224,268,494
04/13/2021,MEI,MS,ASO,ES,Federal Contract Tower,0,1,31,176,208,0,6,19,18,43,0,7,50,194,251,22,230,252,503
04/14/2021,MEI,MS,ASO,ES,Federal Contract Tower,0,5,4,60,69,0,1,0,4,5,0,6,4,64,74,2,58,60,134
04/15/2021,MEI,MS,ASO,ES,Federal Contract Tower,0,5,21,142,168,0,12,40,33,85,0,17,61,175,253,28,110,138,391
04/16/2021,MEI,MS,ASO,ES,Federal Contract Tower,0,4,30,92,126,0,5,27,29,61,0,9,57,121,187,62,242,304,491
04/17/2021,MEI,MS,ASO,ES,Federal Contract Tower,0,2,15,10,27,0,8,23,12,43,0,10,38,22,70,42,44,86,156
04/18/2021,MEI,MS,ASO,ES,Federal Contract Tower,0,4,22,44,70,0,13,37,14,64,0,17,59,58,134,28,16,44,178
04/19/2021,MEI,MS,ASO,ES,Federal Contract Tower,0,6,10,67,83,0,0,26,36,62,0,6,36,103,145,32,134,166,311
04/20/2021,MEI,MS,ASO,ES,Federal Contract Tower,0,4,6,120,130,0,7,14,11,32,0,11,20,131,162,2,112,114,276
04/21/2021,MEI,MS,ASO,ES,Federal Contract Tower,0,4,19,81,104,0,4,33,28,65,0,8,52,109,169,52,114,166,335
04/22/2021,MEI,MS,ASO,ES,Federal Contract Tower,0,6,21,139,166,0,6,40,26,72,0,12,61,165,238,46,210,256,494
04/23/2021,MEI,MS,ASO,ES,Federal Contract Tower,0,4,9,187,200,0,8,21,13,42,0,12,30,200,242,32,170,202,444
04/24/2021,MEI,MS,ASO,ES,Federal Contract Tower,0,3,3,14,20,0,2,2,8,12,0,5,5,22,32,0,22,22,54
04/25/2021,MEI,MS,ASO,ES,Federal Contract Tower,0,5,11,52,68,0,0,34,56,90,0,5,45,108,158,20,32,52,210
04/26/2021,MEI,MS,ASO,ES,Federal Contract Tower,0,5,17,163,185,0,2,20,40,62,0,7,37,203,247,0,150,150,397
04/27/2021,MEI,MS,ASO,ES,Federal Contract Tower,0,4,10,150,164,0,2,8,22,32,0,6,18,172,196,26,122,148,344
04/28/2021,MEI,MS,ASO,ES,Federal Contract Tower,0,5,16,139,160,0,10,28,35,73,0,15,44,174,233,32,184,216,449
04/29/2021,MEI,MS,ASO,ES,Federal Contract Tower,0,4,16,177,197,0,3,7,1,11,0,7,23,178,208,0,126,126,334
05/01/2021,MEI,MS,ASO,ES,Federal Contract Tower,0,2,13,8,23,0,12,41,5,58,0,14,54,13,81,86,52,138,219
05/02/2021,MEI,MS,ASO,ES,Federal Contract Tower,0,4,10,24,38,0,6,2,1,9,0,10,12,25,47,0,0,0,47
05/03/2021,MEI,MS,ASO,ES,Federal Contract Tower,0,5,18,57,80,0,5,2,1,8,0,10,20,58,88,0,4,4,92
05/04/2021,MEI,MS,ASO,ES,Federal Contract Tower,0,3,4,8,15,0,0,1,1,2,0,3,5,9,17,0,6,6,23
05/05/2021,MEI,MS,ASO,ES,Federal Contract Tower,0,5,16,89,110,0,4,16,10,30,0,9,32,99,140,12,66,78,218
05/06/2021,MEI,MS,ASO,ES,Federal Contract Tower,0,4,18,114,136,0,21,31,43,95,0,25,49,157,231,28,194,222,453
05/07/2021,MEI,MS,ASO,ES,Federal Contract Tower,0,4,17,90,111,0,10,45,11,66,0,14,62,101,177,66,206,272,449
05/08/2021,MEI,MS,ASO,ES,Federal Contract Tower,0,2,7,14,23,0,1,17,1,19,0,3,24,15,42,20,4,24,66
05/09/2021,MEI,MS,ASO,ES,Federal Contract Tower,0,4,8,47,59,0,0,9,1,10,0,4,17,48,69,0,8,8,77
05/10/2021,MEI,MS,ASO,ES,Federal Contract Tower,0,3,6,108,117,0,3,5,1,9,0,6,11,109,126,0,32,32,158
05/11/2021,MEI,MS,ASO,ES,Federal Contract Tower,0,5,7,45,57,0,2,0,0,2,0,7,7,45,59,0,0,0,59
05/12/2021,MEI,MS,ASO,ES,Federal Contract Tower,0,6,14,55,75,0,4,8,12,24,0,10,22,67,99,10,62,72,171
05/13/2021,MEI,MS,ASO,ES,Federal Contract Tower,0,5,16,85,106,0,7,23,85,115,0,12,39,170,221,24,94,118,339
05/14/2021,MEI,MS,ASO,ES,Federal Contract Tower,0,4,12,104,120,0,13,31,16,60,0,17,43,120,180,58,260,318,498
05/15/2021,MEI,MS,ASO,ES,Federal Contract Tower,0,2,21,25,48,0,14,32,6,52,0,16,53,31,100,56,18,74,174
05/16/2021,MEI,MS,ASO,ES,Federal Contract Tower,0,4,15,31,50,0,15,19,5,39,0,19,34,36,89,30,20,50,139
05/17/2021,MEI,MS,ASO,ES,Federal Contract Tower,0,4,14,103,121,0,5,7,0,12,0,9,21,103,133,32,72,104,237
05/18/2021,MEI,MS,ASO,ES,Federal Contract Tower,0,3,13,101,117,0,2,4,14,20,0,5,17,115,137,6,78,84,221
05/19/2021,MEI,MS,ASO,ES,Federal Contract Tower,0,4,19,113,136,0,6,15,7,28,0,10,34,120,164,12,207,219,383
05/20/2021,MEI,MS,ASO,ES,Federal Contract Tower,0,4,17,111,132,0,12,26,11,49,0,16,43,122,181,20,192,212,393
05/21/2021,MEI,MS,ASO,ES,Federal Contract Tower,0,4,11,69,84,0,14,18,28,60,0,18,29,97,144,50,163,213,357
05/22/2021,MEI,MS,ASO,ES,Federal Contract Tower,0,1,23,17,41,0,16,32,11,59,0,17,55,28,100,92,24,116,216
05/23/2021,MEI,MS,ASO,ES,Federal Contract Tower,0,5,13,33,51,0,2,28,5,35,0,7,41,38,86,94,0,94,180
05/24/2021,MEI,MS,ASO,ES,Federal Contract Tower,0,6,16,61,83,0,10,19,14,43,0,16,35,75,126,74,116,190,316
05/25/2021,MEI,MS,ASO,ES,Federal Contract Tower,0,2,8,126,136,0,9,17,37,63,0,11,25,163,199,10,216,226,425
05/26/2021,MEI,MS,ASO,ES,Federal Contract Tower,0,4,21,111,136,0,8,24,10,42,0,12,45,121,178,8,146,154,332
05/27/2021,MEI,MS,ASO,ES,Federal Contract Tower,0,5,30,102,137,0,17,26,29,72,0,22,56,131,209,32,248,280,489
05/28/2021,MEI,MS,ASO,ES,Federal Contract Tower,0,7,36,32,75,0,20,24,9,53,0,27,60,41,128,26,34,60,188
05/29/2021,MEI,MS,ASO,ES,Federal Contract Tower,0,2,26,7,35,0,16,43,6,65,0,18,69,13,100,98,6,104,204
05/30/2021,MEI,MS,ASO,ES,Federal Contract Tower,0,4,6,18,28,0,26,31,0,57,0,30,37,18,85,66,0,66,151
05/31/2021,MEI,MS,ASO,ES,Federal Contract Tower,0,4,7,9,20,0,5,36,0,41,0,9,43,9,61,62,8,70,131
06/01/2021,MEI,MS,ASO,ES,Federal Contract Tower,0,2,9,125,136,0,5,33,34,72,0,7,42,159,208,6,138,144,352
06/02/2021,MEI,MS,ASO,ES,Federal Contract Tower,0,4,17,54,75,0,4,11,5,20,0,8,28,59,95,8,68,76,171
06/03/2021,MEI,MS,ASO,ES,Federal Contract Tower,0,4,14,97,115,0,4,15,71,90,0,8,29,168,205,74,240,314,519
06/04/2021,MEI,MS,ASO,ES,Federal Contract Tower,0,8,14,97,119,0,8,26,35,69,0,16,40,132,188,44,200,244,432
06/05/2021,MEI,MS,ASO,ES,Federal Contract Tower,0,2,14,34,50,0,15,26,14,55,0,17,40,48,105,96,58,154,259
06/06/2021,MEI,MS,ASO,ES,Federal Contract Tower,0,6,10,2,18,0,1,0,0,1,0,7,10,2,19,0,0,0,19
06/07/2021,MEI,MS,ASO,ES,Federal Contract Tower,0,12,9,74,95,0,2,2,8,12,0,14,11,82,107,0,82,82,189
06/08/2021,MEI,MS,ASO,ES,Federal Contract Tower,0,4,24,124,152,0,6,3,3,12,0,10,27,127,164,2,96,98,262
06/09/2021,MEI,MS,ASO,ES,Federal Contract Tower,0,4,37,68,109,0,12,14,5,31,0,16,51,73,140,12,62,74,214
06/10/2021,MEI,MS,ASO,ES,Federal Contract Tower,0,6,7,77,90,0,5,10,6,21,0,11,17,83,111,20,98,118,229
06/11/2021,MEI,MS,ASO,ES,Federal Contract Tower,0,7,8,82,97,0,13,20,17,50,0,20,28,99,147,32,278,310,457
06/12/2021,MEI,MS,ASO,ES,Federal Contract Tower,0,6,18,55,79,0,16,37,16,69,0,22,55,71,148,74,134,208,356
06/13/2021,MEI,MS,ASO,ES,Federal Contract Tower,0,3,21,29,53,0,3,18,13,34,0,6,39,42,87,22,18,40,127
06/14/2021,MEI,MS,ASO,ES,Federal Contract Tower,0,3,16,63,82,0,5,29,2,36,0,8,45,65,118,20,88,108,226
06/15/2021,MEI,MS,ASO,ES,Federal Contract Tower,0,1,11,142,154,0,11,23,16,50,0,12,34,158,204,0,192,192,396
06/16/2021,MEI,MS,ASO,ES,Federal Contract Tower,0,5,31,78,114,0,5,37,13,55,0,10,68,91,169,58,162,220,389
06/17/2021,MEI,MS,ASO,ES,Federal Contract Tower,0,4,19,100,123,0,5,14,12,31,0,9,33,112,154,0,190,190,344
06/18/2021,MEI,MS,ASO,ES,Federal Contract Tower,0,6,19,41,66,0,4,30,10,44,0,10,49,51,110,70,70,140,250
06/19/2021,MEI,MS,ASO,ES,Federal Contract Tower,0,1,0,6,7,0,0,0,0,0,0,1,0,6,7,0,0,0,7
06/20/2021,MEI,MS,ASO,ES,Federal Contract Tower,0,7,22,8,37,0,9,15,0,24,0,16,37,8,61,14,10,24,85
06/21/2021,MEI,MS,ASO,ES,Federal Contract Tower,0,4,15,69,88,0,7,3,6,16,0,11,18,75,104,0,2,2,106
06/22/2021,MEI,MS,ASO,ES,Federal Contract Tower,0,2,24,86,112,0,0,4,9,13,0,2,28,95,125,18,54,72,197
06/23/2021,MEI,MS,ASO,ES,Federal Contract Tower,0,6,17,94,117,0,2,18,8,28,0,8,35,102,145,40,144,184,329
06/24/2021,MEI,MS,ASO,ES,Federal Contract Tower,0,5,20,111,136,0,6,36,18,60,0,11,56,129,196,56,172,228,424
06/25/2021,MEI,MS,ASO,ES,Federal Contract Tower,0,3,15,92,110,0,7,36,24,67,0,10,51,116,177,98,134,232,409
06/26/2021,MEI,MS,ASO,ES,Federal Contract Tower,0,3,7,12,22,0,12,43,18,73,0,15,50,30,95,76,82,158,253
06/27/2021,MEI,MS,ASO,ES,Federal Contract Tower,0,3,13,57,73,0,11,12,9,32,0,14,25,66,105,2,45,47,152
06/28/2021,MEI,MS,ASO,ES,Federal Contract Tower,0,4,20,80,104,0,12,32,10,54,0,16,52,90,158,90,246,336,494
06/29/2021,MEI,MS,ASO,ES,Federal Contract Tower,0,4,11,95,110,0,4,37,34,75,0,8,48,129,185,34,180,214,399
06/30/2021,MEI,MS,ASO,ES,Federal Contract Tower,0,4,13,111,128,0,7,28,6,41,0,11,41,117,169,28,204,232,401
07/01/2021,MEI,MS,ASO,ES,Federal Contract Tower,0,3,23,129,155,0,9,18,6,33,0,12,41,135,188,20,86,106,294
07/02/2021,MEI,MS,ASO,ES,Federal Contract Tower,0,5,14,25,44,0,6,3,0,9,0,11,17,25,53,0,0,0,53
07/03/2021,MEI,MS,ASO,ES,Federal Contract Tower,0,2,6,0,8,0,9,22,0,31,0,11,28,0,39,46,0,46,85
07/04/2021,MEI,MS,ASO,ES,Federal Contract Tower,0,3,6,0,9,0,10,34,0,44,0,13,40,0,53,108,0,108,161
07/05/2021,MEI,MS,ASO,ES,Federal Contract Tower,0,4,16,15,35,0,14,37,12,63,0,18,53,27,98,68,23,91,189
07/06/2021,MEI,MS,ASO,ES,Federal Contract Tower,0,2,11,125,138,0,6,23,17,46,0,8,34,142,184,16,130,146,330
07/07/2021,MEI,MS,ASO,ES,Federal Contract Tower,0,6,16,34,56,0,8,2,3,13,0,14,18,37,69,36,0,36,105
07/08/2021,MEI,MS,ASO,ES,Federal Contract Tower,0,4,14,139,157,0,6,25,9,40,0,10,39,148,197,0,110,110,307
07/09/2021,MEI,MS,ASO,ES,Federal Contract Tower,0,5,21,153,179,0,8,9,16,33,0,13,30,169,212,48,88,136,348
07/10/2021,MEI,MS,ASO,ES,Federal Contract Tower,0,3,5,17,25,0,7,16,2,25,0,10,21,19,50,20,24,44,94
07/11/2021,MEI,MS,ASO,ES,Federal Contract Tower,0,4,18,27,49,0,0,5,14,19,0,4,23,41,68,0,6,6,74
07/12/2021,MEI,MS,ASO,ES,Federal Contract Tower,0,4,4,131,139,0,5,2,0,7,0,9,6,131,146,0,20,20,166
07/13/2021,MEI,MS,ASO,ES,Federal Contract Tower,0,4,10,74,88,0,8,20,9,37,0,12,30,83,125,0,15,15,140
07/14/2021,MEI,MS,ASO,ES,Federal Contract Tower,0,8,12,79,99,0,7,25,20,52,0,15,37,99,151,54,333,387,538
07/15/2021,MEI,MS,ASO,ES,Federal Contract Tower,0,3,20,175,198,0,14,24,20,58,0,17,44,195,256,22,166,188,444
07/16/2021,MEI,MS,ASO,ES,Federal Contract Tower,0,5,9,54,68,0,1,15,9,25,0,6,24,63,93,38,160,198,291
07/17/2021,MEI,MS,ASO,ES,Federal Contract Tower,0,2,3,1,6,0,0,9,0,9,0,2,12,1,15,16,0,16,31
07/18/2021,MEI,MS,ASO,ES,Federal Contract Tower,0,4,12,19,35,0,2,6,0,8,0,6,18,19,43,24,0,24,67
07/19/2021,MEI,MS,ASO,ES,Federal Contract Tower,0,3,3,40,46,0,6,0,5,11,0,9,3,45,57,0,26,26,83
07/20/2021,MEI,MS,ASO,ES,Federal Contract Tower,0,2,8,81,91,0,8,19,22,49,0,10,27,103,140,24,90,114,254
07/21/2021,MEI,MS,ASO,ES,Federal Contract Tower,0,4,19,82,105,0,6,9,10,25,0,10,28,92,130,18,84,102,232
07/22/2021,MEI,MS,ASO,ES,Federal Contract Tower,0,3,26,97,126,0,9,21,12,42,0,12,47,109,168,18,116,134,302
07/23/2021,MEI,MS,ASO,ES,Federal Contract Tower,0,3,15,74,92,0,2,22,12,36,0,5,37,86,128,16,170,186,314
07/24/2021,MEI,MS,ASO,ES,Federal Contract Tower,0,1,9,22,32,0,5,18,9,32,0,6,27,31,64,34,18,52,116
07/25/2021,MEI,MS,ASO,ES,Federal Contract Tower,0,5,19,111,135,0,7,35,18,60,0,12,54,129,195,67,84,151,346
07/26/2021,MEI,MS,ASO,ES,Federal Contract Tower,0,5,14,201,220,0,18,34,35,87,0,23,48,236,307,40,206,246,553
07/27/2021,MEI,MS,ASO,ES,Federal Contract Tower,0,5,15,151,171,0,12,27,40,79,0,17,42,191,250,54,259,313,563
07/28/2021,MEI,MS,ASO,ES,Federal Contract Tower,0,6,7,105,118,0,10,15,10,35,0,16,22,115,153,20,112,132,285
07/29/2021,MEI,MS,ASO,ES,Federal Contract Tower,0,4,20,148,172,0,4,26,4,34,0,8,46,152,206,72,304,376,582
07/30/2021,MEI,MS,ASO,ES,Federal Contract Tower,0,4,7,168,179,0,3,22,24,49,0,7,29,192,228,64,264,328,556
07/31/2021,MEI,MS,ASO,ES,Federal Contract Tower,0,4,6,21,31,0,8,16,1,25,0,12,22,22,56,4,50,54,110
08/01/2021,MEI,MS,ASO,ES,Federal Contract Tower,0,3,9,37,49,0,8,31,10,49,0,11,40,47,98,0,66,66,164
08/02/2021,MEI,MS,ASO,ES,Federal Contract Tower,0,6,10,26,42,0,5,22,9,36,0,11,32,35,78,10,100,110,188
08/03/2021,MEI,MS,ASO,ES,Federal Contract Tower,0,17,30,189,236,0,12,19,28,59,0,29,49,217,295,30,214,244,539
08/04/2021,MEI,MS,ASO,ES,Federal Contract Tower,0,5,24,127,156,0,17,20,14,51,0,22,44,141,207,50,282,332,539
08/05/2021,MEI,MS,ASO,ES,Federal Contract Tower,0,4,22,156,182,0,16,17,11,44,0,20,39,167,226,28,138,166,392
08/06/2021,MEI,MS,ASO,ES,Federal Contract Tower,0,4,15,114,133,0,7,17,81,105,0,11,32,195,238,38,110,148,386
08/07/2021,MEI,MS,ASO,ES,Federal Contract Tower,0,2,10,20,32,0,2,18,8,28,0,4,28,28,60,28,26,54,114
08/08/2021,MEI,MS,ASO,ES,Federal Contract Tower,0,4,13,38,55,0,11,29,4,44,0,15,42,42,99,8,66,74,173
08/09/2021,MEI,MS,ASO,ES,Federal Contract Tower,0,6,19,120,145,0,22,30,14,66,0,28,49,134,211,36,224,260,471
08/10/2021,MEI,MS,ASO,ES,Federal Contract Tower,0,6,21,110,137,0,16,23,48,87,0,22,44,158,224,28,234,262,486
08/11/2021,MEI,MS,ASO,ES,Federal Contract Tower,0,3,1,30,34,0,6,22,61,89,0,9,23,91,123,12,128,140,263
08/12/2021,MEI,MS,ASO,ES,Federal Contract Tower,0,5,18,100,123,0,5,22,14,41,0,10,40,114,164,18,192,210,374
08/13/2021,MEI,MS,ASO,ES,Federal Contract Tower,0,5,18,111,134,0,4,27,16,47,0,9,45,127,181,60,168,228,409
08/14/2021,MEI,MS,ASO,ES,Federal Contract Tower,0,2,5,14,21,0,5,20,4,29,0,7,25,18,50,29,30,59,109
08/15/2021,MEI,MS,ASO,ES,Federal Contract Tower,0,5,10,85,100,0,7,18,32,57,0,12,28,117,157,30,78,108,265
08/16/2021,MEI,MS,ASO,ES,Federal Contract Tower,0,5,10,71,86,0,8,23,16,47,0,13,33,87,133,30,210,240,373
08/17/2021,MEI,MS,ASO,ES,Federal Contract Tower,0,1,25,26,52,0,12,23,11,46,0,13,48,37,98,22,38,60,158
08/18/2021,MEI,MS,ASO,ES,Federal Contract Tower,0,0,6,27,33,0,3,20,11,34,0,3,26,38,67,18,26,44,111
08/19/2021,MEI,MS,ASO,ES,Federal Contract Tower,0,2,7,8,17,0,4,15,42,61,0,6,22,50,78,0,0,0,78
08/20/2021,MEI,MS,ASO,ES,Federal Contract Tower,0,0,4,4,8,0,10,18,8,36,0,10,22,12,44,30,12,42,86
08/21/2021,MEI,MS,ASO,ES,Federal Contract Tower,0,2,3,0,5,0,6,17,0,23,0,8,20,0,28,4,0,4,32
08/22/2021,MEI,MS,ASO,ES,Federal Contract Tower,0,0,8,0,8,0,5,15,0,20,0,5,23,0,28,0,0,0,28
08/23/2021,MEI,MS,ASO,ES,Federal Contract Tower,0,0,10,2,12,0,19,25,0,44,0,19,35,2,56,18,14,32,88
08/24/2021,MEI,MS,ASO,ES,Federal Contract Tower,0,0,17,117,134,0,11,30,24,65,0,11,47,141,199,30,114,144,343
08/25/2021,MEI,MS,ASO,ES,Federal Contract Tower,0,4,14,83,101,0,2,26,6,34,0,6,40,89,135,24,180,204,339
08/26/2021,MEI,MS,ASO,ES,Federal Contract Tower,0,3,10,131,144,0,4,10,17,31,0,7,20,148,175,44,96,140,315
08/27/2021,MEI,MS,ASO,ES,Federal Contract Tower,0,2,16,52,70,0,6,19,6,31,0,8,35,58,101,36,110,146,247
08/28/2021,MEI,MS,ASO,ES,Federal Contract Tower,0,2,12,13,27,0,12,7,3,22,0,14,19,16,49,8,6,14,63
08/29/2021,MEI,MS,ASO,ES,Federal Contract Tower,0,3,6,13,22,0,2,0,0,2,0,5,6,13,24,0,0,0,24
08/30/2021,MEI,MS,ASO,ES,Federal Contract Tower,0,1,2,0,3,0,0,0,0,0,0,1,2,0,3,0,0,0,3
08/31/2021,MEI,MS,ASO,ES,Federal Contract Tower,0,1,8,58,67,0,5,4,34,43,0,6,12,92,110,10,92,102,212
09/01/2021,MEI,MS,ASO,ES,Federal Contract Tower,0,3,10,97,110,0,14,11,4,29,0,17,21,101,139,10,184,194,333
09/02/2021,MEI,MS,ASO,ES,Federal Contract Tower,0,4,16,87,107,0,6,19,9,34,0,10,35,96,141,10,58,68,209
09/03/2021,MEI,MS,ASO,ES,Federal Contract Tower,0,3,14,41,58,0,5,38,5,48,0,8,52,46,106,34,12,46,152
09/04/2021,MEI,MS,ASO,ES,Federal Contract Tower,0,3,9,12,24,0,10,25,2,37,0,13,34,14,61,38,16,54,115
09/05/2021,MEI,MS,ASO,ES,Federal Contract Tower,0,6,7,8,21,0,6,25,2,33,0,12,32,10,54,4,14,18,72
09/06/2021,MEI,MS,ASO,ES,Federal Contract Tower,0,3,14,8,25,0,3,17,8,28,0,6,31,16,53,22,40,62,115
09/07/2021,MEI,MS,ASO,ES,Federal Contract Tower,0,4,14,122,140,0,16,18,14,48,0,20,32,136,188,22,176,198,386
09/08/2021,MEI,MS,ASO,ES,Federal Contract Tower,0,6,4,59,69,0,5,18,5,28,0,11,22,64,97,6,162,168,265
09/09/2021,MEI,MS,ASO,ES,Federal Contract Tower,0,3,11,83,97,0,4,19,13,36,0,7,30,96,133,0,176,176,309
09/10/2021,MEI,MS,ASO,ES,Federal Contract Tower,0,6,13,90,109,0,9,24,13,46,0,15,37,103,155,61,252,313,468
09/11/2021,MEI,MS,ASO,ES,Federal Contract Tower,0,2,10,17,29,0,3,21,4,28,0,5,31,21,57,44,20,64,121
09/12/2021,MEI,MS,ASO,ES,Federal Contract Tower,0,4,16,30,50,0,14,24,6,44,0,18,40,36,94,18,118,136,230
09/13/2021,MEI,MS,ASO,ES,Federal Contract Tower,0,4,19,132,155,0,10,15,5,30,0,14,34,137,185,20,310,330,515
09/14/2021,MEI,MS,ASO,ES,Federal Contract Tower,0,3,16,114,133,0,10,4,0,14,0,13,20,114,147,8,190,198,345
09/15/2021,MEI,MS,ASO,ES,Federal Contract Tower,0,4,4,24,32,0,0,0,0,0,0,4,4,24,32,0,0,0,32
09/16/2021,MEI,MS,ASO,ES,Federal Contract Tower,0,4,13,46,63,0,0,5,0,5,0,4,18,46,68,6,14,20,88
09/17/2021,MEI,MS,ASO,ES,Federal Contract Tower,0,6,21,61,88,0,6,1,6,13,0,12,22,67,101,4,100,104,205
09/18/2021,MEI,MS,ASO,ES,Federal Contract Tower,0,4,8,14,26,0,0,0,3,3,0,4,8,17,29,0,0,0,29
09/19/2021,MEI,MS,ASO,ES,Federal Contract Tower,0,4,14,15,33,0,3,12,5,20,0,7,26,20,53,0,34,34,87
09/20/2021,MEI,MS,ASO,ES,Federal Contract Tower,0,4,9,57,70,0,0,5,1,6,0,4,14,58,76,0,134,134,210
09/21/2021,MEI,MS,ASO,ES,Federal Contract Tower,0,2,9,92,103,0,3,1,0,4,0,5,10,92,107,0,214,214,321
09/22/2021,MEI,MS,ASO,ES,Federal Contract Tower,0,4,26,133,163,0,11,21,14,46,0,15,47,147,209,0,226,226,435
09/23/2021,MEI,MS,ASO,ES,Federal Contract Tower,0,5,21,84,110,0,1,32,10,43,0,6,53,94,153,74,254,328,481
09/24/2021,MEI,MS,ASO,ES,Federal Contract Tower,0,4,16,96,116,0,3,30,15,48,0,7,46,111,164,36,164,200,364
09/25/2021,MEI,MS,ASO,ES,Federal Contract Tower,0,2,4,8,14,0,1,32,0,33,0,3,36,8,47,20,10,30,77
09/26/2021,MEI,MS,ASO,ES,Federal Contract Tower,0,4,16,8,28,0,4,39,0,43,0,8,55,8,71,10,9,19,90
09/27/2021,MEI,MS,ASO,ES,Federal Contract Tower,0,7,19,84,110,4,29,15,0,48,4,36,34,84,158,52,232,284,442
09/28/2021,MEI,MS,ASO,ES,Federal Contract Tower,0,2,20,40,62,0,2,11,7,20,0,4,31,47,82,4,68,72,154
09/29/2021,MEI,MS,ASO,ES,Federal Contract Tower,0,4,13,35,52,0,0,6,0,6,0,4,19,35,58,20,4,24,82
09/30/2021,MEI,MS,ASO,ES,Federal Contract Tower,0,9,17,79,105,0,4,8,39,51,0,13,25,118,156,0,50,50,206
10/01/2021,MEI,MS,ASO,ES,Federal Contract Tower,0,7,15,57,79,0,7,15,4,26,0,14,30,61,105,0,139,139,244
10/02/2021,MEI,MS,ASO,ES,Federal Contract Tower,0,2,11,11,24,0,6,7,0,13,0,8,18,11,37,0,10,10,47
10/03/2021,MEI,MS,ASO,ES,Federal Contract Tower,0,3,22,16,41,0,4,3,3,10,0,7,25,19,51,20,40,60,111
10/04/2021,MEI,MS,ASO,ES,Federal Contract Tower,0,7,13,101,121,0,7,8,2,17,0,14,21,103,138,24,134,158,296
10/05/2021,MEI,MS,ASO,ES,Federal Contract Tower,0,2,6,94,102,0,9,5,5,19,0,11,11,99,121,0,152,152,273
10/06/2021,MEI,MS,ASO,ES,Federal Contract Tower,0,6,16,101,123,0,4,15,6,25,0,10,31,107,148,80,278,358,506
10/07/2021,MEI,MS,ASO,ES,Federal Contract Tower,0,5,11,101,117,0,0,22,9,31,0,5,33,110,148,34,358,392,540
10/08/2021,MEI,MS,ASO,ES,Federal Contract Tower,0,4,22,79,105,0,4,33,18,55,0,8,55,97,160,54,266,320,480
10/09/2021,MEI,MS,ASO,ES,Federal Contract Tower,0,2,3,5,10,0,0,38,6,44,0,2,41,11,54,28,38,66,120
10/10/2021,MEI,MS,ASO,ES,Federal Contract Tower,0,6,15,6,27,0,5,26,3,34,0,11,41,9,61,88,42,130,191
10/11/2021,MEI,MS,ASO,ES,Federal Contract Tower,0,4,14,18,36,0,10,31,4,45,0,14,45,22,81,78,20,98,179
10/12/2021,MEI,MS,ASO,ES,Federal Contract Tower,0,2,32,147,181,0,11,30,24,65,0,13,62,171,246,80,326,406,652
10/13/2021,MEI,MS,ASO,ES,Federal Contract Tower,0,5,23,115,143,0,12,31,39,82,0,17,54,154,225,42,200,242,467
10/14/2021,MEI,MS,ASO,ES,Federal Contract Tower,0,5,24,68,97,0,5,24,15,44,0,10,48,83,141,0,232,232,373
10/15/2021,MEI,MS,ASO,ES,Federal Contract Tower,0,6,22,115,143,0,7,12,7,26,0,13,34,122,169,40,68,108,277
10/16/2021,MEI,MS,ASO,ES,Federal Contract Tower,0,2,3,24,29,0,10,13,11,34,0,12,16,35,63,6,72,78,141
10/17/2021,MEI,MS,ASO,ES,Federal Contract Tower,0,4,25,44,73,0,6,20,4,30,0,10,45,48,103,40,38,78,181
10/18/2021,MEI,MS,ASO,ES,Federal Contract Tower,0,4,19,142,165,0,7,10,10,27,0,11,29,152,192,0,130,130,322
10/19/2021,MEI,MS,ASO,ES,Federal Contract Tower,0,5,15,213,233,0,8,34,10,52,0,13,49,223,285,21,320,341,626
10/20/2021,MEI,MS,ASO,ES,Federal Contract Tower,0,6,14,110,130,0,4,22,19,45,0,10,36,129,175,36,194,230,405
10/21/2021,MEI,MS,ASO,ES,Federal Contract Tower,0,2,11,101,114,0,3,6,2,11,0,5,17,103,125,6,138,144,269
10/22/2021,MEI,MS,ASO,ES,Federal Contract Tower,0,4,15,71,90,0,10,26,17,53,0,14,41,88,143,52,64,116,259
10/23/2021,MEI,MS,ASO,ES,Federal Contract Tower,0,2,6,14,22,0,7,35,2,44,0,9,41,16,66,60,24,84,150
10/24/2021,MEI,MS,ASO,ES,Federal Contract Tower,0,4,24,28,56,0,4,22,5,31,0,8,46,33,87,40,16,56,143
10/25/2021,MEI,MS,ASO,ES,Federal Contract Tower,0,4,18,53,75,0,9,5,2,16,0,13,23,55,91,10,12,22,113
10/26/2021,MEI,MS,ASO,ES,Federal Contract Tower,0,4,12,50,66,0,7,33,14,54,0,11,45,64,120,18,118,136,256
10/27/2021,MEI,MS,ASO,ES,Federal Contract Tower,0,4,16,86,106,0,0,19,4,23,0,4,35,90,129,16,222,238,367
10/28/2021,MEI,MS,ASO,ES,Federal Contract Tower,0,4,12,127,143,0,6,8,6,20,0,10,20,133,163,12,236,248,411
10/29/2021,MEI,MS,ASO,ES,Federal Contract Tower,0,4,8,70,82,0,0,1,0,1,0,4,9,70,83,0,8,8,91
10/30/2021,MEI,MS,ASO,ES,Federal Contract Tower,0,3,14,6,23,0,8,7,0,15,0,11,21,6,38,0,28,28,66
10/31/2021,MEI,MS,ASO,ES,Federal Contract Tower,0,4,7,9,20,0,2,20,4,26,0,6,27,13,46,0,30,30,76
11/01/2021,MEI,MS,ASO,ES,Federal Contract Tower,0,5,12,96,113,0,5,6,12,23,0,10,18,108,136,8,120,128,264
11/02/2021,MEI,MS,ASO,ES,Federal Contract Tower,0,2,15,108,125,0,0,16,19,35,0,2,31,127,160,12,216,228,388
11/03/2021,MEI,MS,ASO,ES,Federal Contract Tower,0,4,23,202,229,0,0,20,28,48,0,4,43,230,277,6,358,364,641
11/04/2021,MEI,MS,ASO,ES,Federal Contract Tower,0,4,17,67,88,0,5,5,2,12,0,9,22,69,100,7,80,87,187
11/05/2021,MEI,MS,ASO,ES,Federal Contract Tower,0,5,12,101,118,0,9,11,3,23,0,14,23,104,141,0,98,98,239
11/06/2021,MEI,MS,ASO,ES,Federal Contract Tower,0,2,5,17,24,0,20,22,7,49,0,22,27,24,73,34,24,58,131
11/07/2021,MEI,MS,ASO,ES,Federal Contract Tower,0,2,16,42,60,0,0,23,10,33,0,2,39,52,93,6,118,124,217
11/08/2021,MEI,MS,ASO,ES,Federal Contract Tower,0,9,15,157,181,0,5,18,36,59,0,14,33,193,240,4,196,200,440
11/09/2021,MEI,MS,ASO,ES,Federal Contract Tower,0,2,14,166,182,0,8,15,12,35,0,10,29,178,217,18,290,308,525
11/10/2021,MEI,MS,ASO,ES,Federal Contract Tower,0,5,23,178,206,0,3,17,17,37,0,8,40,195,243,12,352,364,607
11/11/2021,MEI,MS,ASO,ES,Federal Contract Tower,0,3,14,22,39,0,6,14,6,26,0,9,28,28,65,20,22,42,107
11/12/2021,MEI,MS,ASO,ES,Federal Contract Tower,0,5,24,62,91,0,7,35,14,56,0,12,59,76,147,46,118,164,311
11/13/2021,MEI,MS,ASO,ES,Federal Contract Tower,0,2,15,10,27,0,12,20,2,34,0,14,35,12,61,6,12,18,79
11/14/2021,MEI,MS,ASO,ES,Federal Contract Tower,0,5,10,29,44,0,3,33,4,40,0,8,43,33,84,10,6,16,100
11/15/2021,MEI,MS,ASO,ES,Federal Contract Tower,0,4,10,141,155,0,2,21,26,49,0,6,31,167,204,32,198,230,434
11/16/2021,MEI,MS,ASO,ES,Federal Contract Tower,0,2,13,127,142,0,2,23,26,51,0,4,36,153,193,20,250,270,463
11/17/2021,MEI,MS,ASO,ES,Federal Contract Tower,0,8,19,181,208,0,7,26,24,57,0,15,45,205,265,102,468,570,835
11/18/2021,MEI,MS,ASO,ES,Federal Contract Tower,0,5,20,61,86,0,1,2,47,50,0,6,22,108,136,0,26,26,162
11/19/2021,MEI,MS,ASO,ES,Federal Contract Tower,0,6,12,35,53,0,6,12,17,35,0,12,24,52,88,20,208,228,316
11/20/2021,MEI,MS,ASO,ES,Federal Contract Tower,0,6,13,12,31,0,19,29,5,53,0,25,42,17,84,22,12,34,118
11/21/2021,MEI,MS,ASO,ES,Federal Contract Tower,0,6,20,37,63,0,2,16,7,25,0,8,36,44,88,0,14,14,102
11/22/2021,MEI,MS,ASO,ES,Federal Contract Tower,0,4,12,100,116,0,3,20,11,34,0,7,32,111,150,4,164,168,318
11/23/2021,MEI,MS,ASO,ES,Federal Contract Tower,0,4,22,125,151,0,2,22,27,51,0,6,44,152,202,24,344,368,570
11/24/2021,MEI,MS,ASO,ES,Federal Contract Tower,0,6,17,43,66,0,8,27,2,37,0,14,44,45,103,0,92,92,195
11/25/2021,MEI,MS,ASO,ES,Federal Contract Tower,0,2,3,0,5,0,4,7,0,11,0,6,10,0,16,22,0,22,38
11/26/2021,MEI,MS,ASO,ES,Federal Contract Tower,0,4,12,2,18,0,13,29,2,44,0,17,41,4,62,56,4,60,122
11/27/2021,MEI,MS,ASO,ES,Federal Contract Tower,0,4,17,9,30,0,4,36,3,43,0,8,53,12,73,58,8,66,139
11/28/2021,MEI,MS,ASO,ES,Federal Contract Tower,0,6,44,4,54,0,11,6,0,17,0,17,50,4,71,0,0,0,71
11/29/2021,MEI,MS,ASO,ES,Federal Contract Tower,0,4,19,102,125,0,4,14,10,28,0,8,33,112,153,0,86,86,239
11/30/2021,MEI,MS,ASO,ES,Federal Contract Tower,0,4,8,54,66,0,8,15,15,38,0,12,23,69,104,32,24,56,160
12/01/2021,MEI,MS,ASO,ES,Federal Contract Tower,1,4,13,132,150,0,9,41,18,68,1,13,54,150,218,61,188,249,467
12/02/2021,MEI,MS,ASO,ES,Federal Contract Tower,0,5,17,135,157,0,13,34,64,111,0,18,51,199,268,18,248,266,534
12/03/2021,MEI,MS,ASO,ES,Federal Contract Tower,0,4,9,93,106,0,12,38,10,60,0,16,47,103,166,66,204,270,436
12/04/2021,MEI,MS,ASO,ES,Federal Contract Tower,0,2,10,41,53,0,7,28,20,55,0,9,38,61,108,34,122,156,264
12/05/2021,MEI,MS,ASO,ES,Federal Contract Tower,0,3,14,80,97,0,3,9,5,17,0,6,23,85,114,0,18,18,132
12/06/2021,MEI,MS,ASO,ES,Federal Contract Tower,0,4,9,13,26,0,0,0,0,0,0,4,9,13,26,0,0,0,26
12/07/2021,MEI,MS,ASO,ES,Federal Contract Tower,0,4,15,173,192,0,2,1,0,3,0,6,16,173,195,0,14,14,209
12/08/2021,MEI,MS,ASO,ES,Federal Contract Tower,0,5,10,104,119,0,2,8,25,35,0,7,18,129,154,18,58,76,230
12/09/2021,MEI,MS,ASO,ES,Federal Contract Tower,0,6,29,99,134,0,9,8,11,28,0,15,37,110,162,8,66,74,236
12/10/2021,MEI,MS,ASO,ES,Federal Contract Tower,0,4,12,100,116,0,10,4,4,18,0,14,16,104,134,0,0,0,134
12/11/2021,MEI,MS,ASO,ES,Federal Contract Tower,0,2,13,1,16,0,10,9,0,19,0,12,22,1,35,22,0,22,57
12/12/2021,MEI,MS,ASO,ES,Federal Contract Tower,0,6,23,64,93,0,8,28,6,42,0,14,51,70,135,16,8,24,159
12/13/2021,MEI,MS,ASO,ES,Federal Contract Tower,0,5,27,128,160,0,7,38,17,62,0,12,65,145,222,32,76,108,330
12/14/2021,MEI,MS,ASO,ES,Federal Contract Tower,0,2,24,125,151,0,6,25,9,40,0,8,49,134,191,22,118,140,331
12/15/2021,MEI,MS,ASO,ES,Federal Contract Tower,0,5,24,84,113,0,5,30,13,48,0,10,54,97,161,14,96,110,271
12/16/2021,MEI,MS,ASO,ES,Federal Contract Tower,0,6,15,57,78,0,0,12,3,15,0,6,27,60,93,29,20,49,142
12/17/2021,MEI,MS,ASO,ES,Federal Contract Tower,0,4,21,34,59,0,4,7,0,11,0,8,28,34,70,40,58,98,168
12/18/2021,MEI,MS,ASO,ES,Federal Contract Tower,0,5,0,18,23,0,0,0,0,0,0,5,0,18,23,0,0,0,23
12/19/2021,MEI,MS,ASO,ES,Federal Contract Tower,0,4,22,23,49,0,0,14,0,14,0,4,36,23,63,0,6,6,69
12/20/2021,MEI,MS,ASO,ES,Federal Contract Tower,4,5,14,52,75,0,11,2,6,19,4,16,16,58,94,0,0,0,94
12/21/2021,MEI,MS,ASO,ES,Federal Contract Tower,0,2,16,26,44,0,3,6,19,28,0,5,22,45,72,0,66,66,138
12/22/2021,MEI,MS,ASO,ES,Federal Contract Tower,0,4,17,84,105,0,5,30,4,39,0,9,47,88,144,18,188,206,350
12/23/2021,MEI,MS,ASO,ES,Federal Contract Tower,0,7,27,2,36,0,12,31,0,43,0,19,58,2,79,50,0,50,129
12/24/2021,MEI,MS,ASO,ES,Federal Contract Tower,0,4,14,0,18,0,6,22,0,28,0,10,36,0,46,18,0,18,64
12/25/2021,MEI,MS,ASO,ES,Federal Contract Tower,0,4,6,0,10,0,14,15,0,29,0,18,21,0,39,0,0,0,39
12/26/2021,MEI,MS,ASO,ES,Federal Contract Tower,0,4,25,0,29,0,10,6,0,16,0,14,31,0,45,36,0,36,81
12/27/2021,MEI,MS,ASO,ES,Federal Contract Tower,0,5,21,18,44,0,9,22,0,31,0,14,43,18,75,78,12,90,165
12/28/2021,MEI,MS,ASO,ES,Federal Contract Tower,0,7,13,0,20,0,14,10,0,24,0,21,23,0,44,8,0,8,52
12/29/2021,MEI,MS,ASO,ES,Federal Contract Tower,0,4,15,16,35,0,5,2,0,7,0,9,17,16,42,0,0,0,42
12/30/2021,MEI,MS,ASO,ES,Federal Contract Tower,0,9,12,4,25,0,1,0,0,1,0,10,12,4,26,0,0,0,26
12/31/2021,MEI,MS,ASO,ES,Federal Contract Tower,0,8,16,0,24,0,6,9,0,15,0,14,25,0,39,0,0,0,39
01/01/2022,MEI,MS,ASO,ES,Federal Contract Tower,0,4,8,0,12,0,0,1,0,1,0,4,9,0,13,0,0,0,13
01/02/2022,MEI,MS,ASO,ES,Federal Contract Tower,0,7,8,0,15,0,0,1,0,1,0,7,9,0,16,12,0,12,28
01/03/2022,MEI,MS,ASO,ES,Federal Contract Tower,0,6,18,8,32,0,2,3,0,5,0,8,21,8,37,12,4,16,53
01/04/2022,MEI,MS,ASO,ES,Federal Contract Tower,0,2,8,128,138,0,9,15,12,36,0,11,23,140,174,0,132,132,306
01/05/2022,MEI,MS,ASO,ES,Federal Contract Tower,0,4,21,103,128,0,13,10,28,51,0,17,31,131,179,30,160,190,369
01/06/2022,MEI,MS,ASO,ES,Federal Contract Tower,0,6,12,121,139,0,4,10,63,77,0,10,22,184,216,0,66,66,282
01/07/2022,MEI,MS,ASO,ES,Federal Contract Tower,0,5,17,137,159,0,9,40,34,83,0,14,57,171,242,14,196,210,452
01/08/2022,MEI,MS,ASO,ES,Federal Contract Tower,0,2,15,37,54,0,11,23,31,65,0,13,38,68,119,50,144,194,313
01/09/2022,MEI,MS,ASO,ES,Federal Contract Tower,0,5,4,3,12,0,0,1,0,1,0,5,5,3,13,0,0,0,13
01/10/2022,MEI,MS,ASO,ES,Federal Contract Tower,0,6,11,96,113,0,10,18,12,40,0,16,29,108,153,0,144,144,297
01/11/2022,MEI,MS,ASO,ES,Federal Contract Tower,0,3,9,157,169,0,8,20,19,47,0,11,29,176,216,0,142,142,358
01/12/2022,MEI,MS,ASO,ES,Federal Contract Tower,0,9,14,96,119,0,9,20,32,61,0,18,34,128,180,14,82,96,276
01/13/2022,MEI,MS,ASO,ES,Federal Contract Tower,0,3,6,103,112,0,2,16,51,69,0,5,22,154,181,26,288,314,495
01/14/2022,MEI,MS,ASO,ES,Federal Contract Tower,0,5,18,127,150,0,9,23,19,51,0,14,41,146,201,30,238,268,469
01/15/2022,MEI,MS,ASO,ES,Federal Contract Tower,0,2,9,5,16,0,2,7,2,11,0,4,16,7,27,12,26,38,65
01/16/2022,MEI,MS,ASO,ES,Federal Contract Tower,0,5,10,0,15,0,0,0,0,0,0,5,10,0,15,0,0,0,15
01/17/2022,MEI,MS,ASO,ES,Federal Contract Tower,0,3,19,23,45,0,6,19,1,26,0,9,38,24,71,10,94,104,175
01/18/2022,MEI,MS,ASO,ES,Federal Contract Tower,0,2,11,134,147,0,9,15,44,68,0,11,26,178,215,130,222,352,567
01/19/2022,MEI,MS,ASO,ES,Federal Contract Tower,0,4,12,120,136,0,10,5,10,25,0,14,17,130,161,24,66,90,251
01/20/2022,MEI,MS,ASO,ES,Federal Contract Tower,0,4,5,54,63,0,3,0,9,12,0,7,5,63,75,0,118,118,193
01/21/2022,MEI,MS,ASO,ES,Federal Contract Tower,0,6,14,184,204,0,8,20,23,51,0,14,34,207,255,14,294,308,563
01/22/2022,MEI,MS,ASO,ES,Federal Contract Tower,0,2,15,16,33,0,8,47,14,69,0,10,62,30,102,82,18,100,202
01/23/2022,MEI,MS,ASO,ES,Federal Contract Tower,0,4,14,28,46,0,5,18,1,24,0,9,32,29,70,6,24,30,100
01/24/2022,MEI,MS,ASO,ES,Federal Contract Tower,0,4,11,101,116,0,3,13,5,21,0,7,24,106,137,22,134,156,293
01/25/2022,MEI,MS,ASO,ES,Federal Contract Tower,0,4,11,67,82,0,3,2,6,11,0,7,13,73,93,0,66,66,159
01/26/2022,MEI,MS,ASO,ES,Federal Contract Tower,0,4,17,106,127,0,3,11,25,39,0,7,28,131,166,0,144,144,310
01/27/2022,MEI,MS,ASO,ES,Federal Contract Tower,0,4,9,103,116,0,11,20,21,52,0,15,29,124,168,8,164,172,340
01/28/2022,MEI,MS,ASO,ES,Federal Contract Tower,0,6,16,78,100,0,4,12,6,22,0,10,28,84,122,20,148,168,290
01/29/2022,MEI,MS,ASO,ES,Federal Contract Tower,0,3,20,26,49,0,17,26,14,57,0,20,46,40,106,62,16,78,184
01/30/2022,MEI,MS,ASO,ES,Federal Contract Tower,0,4,5,19,28,0,4,16,2,22,0,8,21,21,50,22,26,48,98
01/31/2022,MEI,MS,ASO,ES,Federal Contract Tower,0,3,18,92,113,0,9,20,7,36,0,12,38,99,149,8,118,126,275
02/01/2022,MEI,MS,ASO,ES,Federal Contract Tower,0,3,33,89,125,0,10,5,22,37,0,13,38,111,162,0,182,182,344
02/02/2022,MEI,MS,ASO,ES,Federal Contract Tower,0,5,15,26,46,0,0,0,0,0,0,5,15,26,46,0,0,0,46
02/03/2022,MEI,MS,ASO,ES,Federal Contract Tower,0,6,0,0,6,0,0,0,0,0,0,6,0,0,6,0,0,0,6
02/04/2022,MEI,MS,ASO,ES,Federal Contract Tower,0,4,10,9,23,0,2,0,0,2,0,6,10,9,25,0,0,0,25
02/05/2022,MEI,MS,ASO,ES,Federal Contract Tower,0,2,15,9,26,0,6,38,0,44,0,8,53,9,70,64,18,82,152
02/06/2022,MEI,MS,ASO,ES,Federal Contract Tower,0,4,15,14,33,0,3,22,0,25,0,7,37,14,58,26,0,26,84
02/07/2022,MEI,MS,ASO,ES,Federal Contract Tower,0,4,6,124,134,0,3,20,4,27,0,7,26,128,161,8,168,176,337
02/08/2022,MEI,MS,ASO,ES,Federal Contract Tower,0,2,19,124,145,0,3,18,14,35,0,5,37,138,180,0,220,220,400
02/09/2022,MEI,MS,ASO,ES,Federal Contract Tower,0,4,25,119,148,0,4,18,15,37,0,8,43,134,185,18,346,364,549
02/10/2022,MEI,MS,ASO,ES,Federal Contract Tower,0,5,21,87,113,0,4,16,21,41,0,9,37,108,154,34,140,174,328
02/11/2022,MEI,MS,ASO,ES,Federal Contract Tower,0,4,26,77,107,0,15,42,14,71,0,19,68,91,178,42,193,235,413
02/12/2022,MEI,MS,ASO,ES,Federal Contract Tower,0,3,19,51,73,0,11,41,14,66,0,14,60,65,139,78,28,106,245
02/13/2022,MEI,MS,ASO,ES,Federal Contract Tower,0,3,15,25,43,0,2,4,7,13,0,5,19,32,56,0,12,12,68
02/14/2022,MEI,MS,ASO,ES,Federal Contract Tower,0,4,16,103,123,0,4,29,15,48,0,8,45,118,171,28,180,208,379
02/15/2022,MEI,MS,ASO,ES,Federal Contract Tower,0,1,20,202,223,0,8,14,34,56,0,9,34,236,279,2,182,184,463
02/16/2022,MEI,MS,ASO,ES,Federal Contract Tower,0,6,38,170,214,0,12,11,5,28,0,18,49,175,242,28,176,204,446
02/17/2022,MEI,MS,ASO,ES,Federal Contract Tower,0,5,9,16,30,0,2,1,0,3,0,7,10,16,33,0,0,0,33
02/18/2022,MEI,MS,ASO,ES,Federal Contract Tower,0,4,22,73,99,0,4,7,2,13,0,8,29,75,112,20,34,54,166
02/19/2022,MEI,MS,ASO,ES,Federal Contract Tower,0,2,16,22,40,0,4,36,10,50,0,6,52,32,90,148,48,196,286
02/20/2022,MEI,MS,ASO,ES,Federal Contract Tower,0,4,20,14,38,0,3,22,6,31,0,7,42,20,69,72,48,120,189
02/21/2022,MEI,MS,ASO,ES,Federal Contract Tower,0,6,11,8,25,0,3,1,0,4,0,9,12,8,29,0,0,0,29
02/22/2022,MEI,MS,ASO,ES,Federal Contract Tower,0,1,11,150,162,0,13,5,13,31,0,14,16,163,193,0,40,40,233
02/23/2022,MEI,MS,ASO,ES,Federal Contract Tower,0,5,13,140,158,0,0,4,2,6,0,5,17,142,164,4,36,40,204
02/24/2022,MEI,MS,ASO,ES,Federal Contract Tower,0,8,4,158,170,0,0,10,16,26,0,8,14,174,196,36,68,104,300
02/25/2022,MEI,MS,ASO,ES,Federal Contract Tower,0,4,27,122,153,0,12,10,2,24,0,16,37,124,177,26,110,136,313
02/26/2022,MEI,MS,ASO,ES,Federal Contract Tower,0,2,15,17,34,0,6,31,19,56,0,8,46,36,90,46,22,68,158
02/27/2022,MEI,MS,ASO,ES,Federal Contract Tower,0,6,12,33,51,0,0,5,0,5,0,6,17,33,56,0,24,24,80
02/28/2022,MEI,MS,ASO,ES,Federal Contract Tower,0,4,17,130,151,0,4,20,36,60,0,8,37,166,211,24,276,300,511
03/01/2022,MEI,MS,ASO,ES,Federal Contract Tower,0,3,19,107,129,0,8,15,30,53,0,11,34,137,182,0,290,290,472
03/02/2022,MEI,MS,ASO,ES,Federal Contract Tower,0,4,26,118,148,0,13,60,21,94,0,17,86,139,242,138,94,232,474
03/03/2022,MEI,MS,ASO,ES,Federal Contract Tower,0,4,15,117,136,0,6,53,20,79,0,10,68,137,215,89,109,198,413
03/04/2022,MEI,MS,ASO,ES,Federal Contract Tower,0,8,16,97,121,0,6,34,48,88,0,14,50,145,209,86,225,311,520
03/05/2022,MEI,MS,ASO,ES,Federal Contract Tower,0,4,15,7,26,0,15,30,16,61,0,19,45,23,87,24,0,24,111
03/06/2022,MEI,MS,ASO,ES,Federal Contract Tower,0,4,25,26,55,0,8,10,5,23,0,12,35,31,78,30,14,44,122
03/07/2022,MEI,MS,ASO,ES,Federal Contract Tower,0,5,7,114,126,0,1,1,8,10,0,6,8,122,136,0,96,96,232
03/08/2022,MEI,MS,ASO,ES,Federal Contract Tower,0,2,14,12,28,0,0,6,0,6,0,2,20,12,34,0,0,0,34
03/09/2022,MEI,MS,ASO,ES,Federal Contract Tower,0,4,22,19,45,0,4,10,23,37,0,8,32,42,82,0,0,0,82
03/10/2022,MEI,MS,ASO,ES,Federal Contract Tower,0,4,11,27,42,0,6,38,12,56,0,10,49,39,98,56,10,66,164
03/11/2022,MEI,MS,ASO,ES,Federal Contract Tower,0,7,15,41,63,0,2,20,6,28,0,9,35,47,91,48,0,48,139
03/12/2022,MEI,MS,ASO,ES,Federal Contract Tower,0,5,18,4,27,0,2,16,6,24,0,7,34,10,51,18,0,18,69
03/13/2022,MEI,MS,ASO,ES,Federal Contract Tower,0,8,15,27,50,0,5,27,11,43,0,13,42,38,93,40,12,52,145
03/14/2022,MEI,MS,ASO,ES,Federal Contract Tower,0,5,30,74,109,0,4,30,22,56,0,9,60,96,165,64,154,218,383
03/15/2022,MEI,MS,ASO,ES,Federal Contract Tower,0,2,3,44,49,0,2,0,0,2,0,4,3,44,51,0,0,0,51
03/16/2022,MEI,MS,ASO,ES,Federal Contract Tower,0,4,17,100,121,0,3,8,5,16,0,7,25,105,137,20,134,154,291
03/17/2022,MEI,MS,ASO,ES,Federal Contract Tower,0,6,17,61,84,0,8,38,15,61,0,14,55,76,145,142,90,232,377
03/18/2022,MEI,MS,ASO,ES,Federal Contract Tower,0,4,11,61,76,0,13,4,4,21,0,17,15,65,97,2,64,66,163
03/19/2022,MEI,MS,ASO,ES,Federal Contract Tower,0,4,6,3,13,0,1,18,3,22,0,5,24,6,35,10,0,10,45
03/20/2022,MEI,MS,ASO,ES,Federal Contract Tower,0,6,24,11,41,0,6,59,1,66,0,12,83,12,107,126,30,156,263
03/21/2022,MEI,MS,ASO,ES,Federal Contract Tower,0,5,17,78,100,0,3,13,12,28,0,8,30,90,128,20,160,180,308
03/22/2022,MEI,MS,ASO,ES,Federal Contract Tower,0,2,5,30,37,0,0,10,0,10,0,2,15,30,47,10,70,80,127
03/23/2022,MEI,MS,ASO,ES,Federal Contract Tower,0,4,32,71,107,0,10,14,25,49,0,14,46,96,156,38,188,226,382
03/24/2022,MEI,MS,ASO,ES,Federal Contract Tower,0,4,19,84,107,0,3,13,3,19,0,7,32,87,126,46,86,132,258
03/25/2022,MEI,MS,ASO,ES,Federal Contract Tower,0,4,13,46,63,0,6,13,10,29,0,10,26,56,92,26,20,46,138
03/26/2022,MEI,MS,ASO,ES,Federal Contract Tower,0,2,6,14,22,0,3,39,3,45,0,5,45,17,67,10,34,44,111
03/27/2022,MEI,MS,ASO,ES,Federal Contract Tower,0,6,13,13,32,0,0,20,24,44,0,6,33,37,76,12,18,30,106
03/28/2022,MEI,MS,ASO,ES,Federal Contract Tower,0,4,27,107,138,0,6,31,68,105,0,10,58,175,243,32,176,208,451
03/29/2022,MEI,MS,ASO,ES,Federal Contract Tower,0,6,26,88,120,0,7,25,61,93,0,13,51,149,213,72,84,156,369
03/30/2022,MEI,MS,ASO,ES,Federal Contract Tower,0,3,7,28,38,0,6,10,8,24,0,9,17,36,62,14,54,68,130
03/31/2022,MEI,MS,ASO,ES,Federal Contract Tower,0,5,24,87,116,0,1,16,19,36,0,6,40,106,152,22,32,54,206
04/01/2022,MEI,MS,ASO,ES,Federal Contract Tower,0,4,33,79,116,0,2,22,7,31,0,6,55,86,147,34,36,70,217
04/02/2022,MEI,MS,ASO,ES,Federal Contract Tower,0,2,8,4,14,0,2,21,5,28,0,4,29,9,42,18,38,56,98
04/03/2022,MEI,MS,ASO,ES,Federal Contract Tower,0,6,23,33,62,0,4,52,15,71,0,10,75,48,133,30,48,78,211
04/04/2022,MEI,MS,ASO,ES,Federal Contract Tower,0,10,12,73,95,0,4,29,5,38,0,14,41,78,133,70,138,208,341
04/05/2022,MEI,MS,ASO,ES,Federal Contract Tower,0,6,4,35,45,0,0,7,4,11,0,6,11,39,56,16,10,26,82
04/06/2022,MEI,MS,ASO,ES,Federal Contract Tower,0,8,16,51,75,0,1,1,2,4,0,9,17,53,79,8,20,28,107
04/07/2022,MEI,MS,ASO,ES,Federal Contract Tower,0,6,27,89,122,0,6,15,28,49,0,12,42,117,171,0,74,74,245
04/08/2022,MEI,MS,ASO,ES,Federal Contract Tower,0,6,18,80,104,0,10,10,19,39,0,16,28,99,143,28,68,96,239
04/09/2022,MEI,MS,ASO,ES,Federal Contract Tower,0,4,12,15,31,0,1,32,3,36,0,5,44,18,67,34,20,54,121
04/10/2022,MEI,MS,ASO,ES,Federal Contract Tower,0,8,20,36,64,0,5,20,5,30,0,13,40,41,94,26,4,30,124
04/11/2022,MEI,MS,ASO,ES,Federal Contract Tower,0,9,23,38,70,0,0,9,2,11,0,9,32,40,81,14,62,76,157
04/12/2022,MEI,MS,ASO,ES,Federal Contract Tower,0,3,25,87,115,0,4,9,8,21,0,7,34,95,136,36,76,112,248
04/13/2022,MEI,MS,ASO,ES,Federal Contract Tower,0,8,12,98,118,0,1,2,16,19,0,9,14,114,137,0,66,66,203
04/14/2022,MEI,MS,ASO,ES,Federal Contract Tower,0,6,16,108,130,0,2,18,18,38,0,8,34,126,168,54,200,254,422
04/15/2022,MEI,MS,ASO,ES,Federal Contract Tower,0,6,39,91,136,0,1,23,21,45,0,7,62,112,181,54,90,144,325
04/16/2022,MEI,MS,ASO,ES,Federal Contract Tower,0,5,0,1,6,0,0,0,0,0,0,5,0,1,6,0,0,0,6
04/17/2022,MEI,MS,ASO,ES,Federal Contract Tower,0,7,3,4,14,0,0,2,0,2,0,7,5,4,16,4,0,4,20
04/18/2022,MEI,MS,ASO,ES,Federal Contract Tower,0,6,17,86,109,0,3,7,2,12,0,9,24,88,121,10,24,34,155
04/19/2022,MEI,MS,ASO,ES,Federal Contract Tower,0,4,9,90,103,0,8,31,9,48,0,12,40,99,151,76,172,248,399
04/20/2022,MEI,MS,ASO,ES,Federal Contract Tower,0,6,12,133,151,0,13,14,12,39,0,19,26,145,190,0,234,234,424
04/21/2022,MEI,MS,ASO,ES,Federal Contract Tower,0,10,30,157,197,0,4,27,15,46,0,14,57,172,243,52,164,216,459
04/22/2022,MEI,MS,ASO,ES,Federal Contract Tower,0,6,9,89,104,0,7,25,19,51,0,13,34,108,155,66,180,246,401
04/23/2022,MEI,MS,ASO,ES,Federal Contract Tower,0,5,15,25,45,0,5,24,26,55,0,10,39,51,100,57,30,87,187
04/24/2022,MEI,MS,ASO,ES,Federal Contract Tower,0,7,26,28,61,0,0,13,6,19,0,7,39,34,80,6,12,18,98
04/25/2022,MEI,MS,ASO,ES,Federal Contract Tower,0,7,16,60,83,0,4,11,8,23,0,11,27,68,106,36,82,118,224
04/26/2022,MEI,MS,ASO,ES,Federal Contract Tower,0,2,31,74,107,0,7,13,21,41,0,9,44,95,148,10,14,24,172
04/27/2022,MEI,MS,ASO,ES,Federal Contract Tower,0,7,19,95,121,0,2,26,26,54,0,9,45,121,175,126,226,352,527
04/28/2022,MEI,MS,ASO,ES,Federal Contract Tower,0,6,10,91,107,0,2,11,13,26,0,8,21,104,133,68,80,148,281
04/29/2022,MEI,MS,ASO,ES,Federal Contract Tower,0,6,17,52,75,0,3,16,9,28,0,9,33,61,103,50,18,68,171
04/30/2022,MEI,MS,ASO,ES,Federal Contract Tower,0,5,31,12,48,0,3,8,8,19,0,8,39,20,67,0,12,12,79
05/01/2022,MEI,MS,ASO,ES,Federal Contract Tower,0,7,23,19,49,0,8,13,13,34,0,15,36,32,83,26,30,56,139
05/02/2022,MEI,MS,ASO,ES,Federal Contract Tower,0,8,33,70,111,0,10,19,8,37,0,18,52,78,148,64,92,156,304
05/03/2022,MEI,MS,ASO,ES,Federal Contract Tower,0,3,16,122,141,0,12,47,56,115,0,15,63,178,256,132,306,438,694
05/04/2022,MEI,MS,ASO,ES,Federal Contract Tower,0,7,27,64,98,0,5,14,9,28,0,12,41,73,126,12,100,112,238
05/05/2022,MEI,MS,ASO,ES,Federal Contract Tower,0,9,15,77,101,0,5,18,5,28,0,14,33,82,129,36,174,210,339
05/06/2022,MEI,MS,ASO,ES,Federal Contract Tower,0,9,15,77,101,0,5,18,5,28,0,14,33,82,129,36,174,210,339
05/07/2022,MEI,MS,ASO,ES,Federal Contract Tower,0,6,10,8,24,0,5,16,3,24,0,11,26,11,48,42,0,42,90
05/08/2022,MEI,MS,ASO,ES,Federal Contract Tower,0,7,18,30,55,0,8,33,18,59,0,15,51,48,114,34,48,82,196
05/09/2022,MEI,MS,ASO,ES,Federal Contract Tower,0,10,3,20,33,0,7,11,92,110,0,17,14,112,143,16,198,214,357
05/10/2022,MEI,MS,ASO,ES,Federal Contract Tower,0,6,34,185,225,0,7,37,20,64,0,13,71,205,289,82,174,256,545
05/11/2022,MEI,MS,ASO,ES,Federal Contract Tower,0,6,15,148,169,0,14,19,6,39,0,20,34,154,208,102,344,446,654
05/12/2022,MEI,MS,ASO,ES,Federal Contract Tower,0,5,10,116,131,0,3,19,15,37,0,8,29,131,168,36,222,258,426
05/13/2022,MEI,MS,ASO,ES,Federal Contract Tower,0,7,14,82,103,0,5,20,8,33,0,12,34,90,136,82,156,238,374
05/14/2022,MEI,MS,ASO,ES,Federal Contract Tower,0,6,6,13,25,0,18,16,2,36,0,24,22,15,61,22,36,58,119
05/15/2022,MEI,MS,ASO,ES,Federal Contract Tower,0,9,16,33,58,0,9,21,9,39,0,18,37,42,97,56,20,76,173
05/16/2022,MEI,MS,ASO,ES,Federal Contract Tower,0,10,16,157,183,0,9,19,28,56,0,19,35,185,239,36,284,320,559
05/17/2022,MEI,MS,ASO,ES,Federal Contract Tower,0,4,13,212,229,0,9,26,65,100,0,13,39,277,329,96,378,474,803
05/18/2022,MEI,MS,ASO,ES,Federal Contract Tower,0,6,20,193,219,0,6,20,21,47,0,12,40,214,266,141,274,415,681
05/19/2022,MEI,MS,ASO,ES,Federal Contract Tower,0,6,12,126,144,0,9,18,28,55,0,15,30,154,199,84,230,314,513
05/20/2022,MEI,MS,ASO,ES,Federal Contract Tower,0,8,20,65,93,0,4,20,6,30,0,12,40,71,123,54,226,280,403
05/21/2022,MEI,MS,ASO,ES,Federal Contract Tower,0,6,10,19,35,0,13,12,7,32,0,19,22,26,67,14,16,30,97
05/22/2022,MEI,MS,ASO,ES,Federal Contract Tower,0,10,8,23,41,0,6,13,8,27,0,16,21,31,68,28,20,48,116
05/23/2022,MEI,MS,ASO,ES,Federal Contract Tower,0,7,15,133,155,0,5,10,8,23,0,12,25,141,178,32,74,106,284
05/24/2022,MEI,MS,ASO,ES,Federal Contract Tower,0,4,7,55,66,0,2,12,22,36,0,6,19,77,102,20,82,102,204
05/25/2022,MEI,MS,ASO,ES,Federal Contract Tower,0,6,11,70,87,0,2,2,0,4,0,8,13,70,91,0,1,1,92
05/26/2022,MEI,MS,ASO,ES,Federal Contract Tower,0,7,24,110,141,0,2,26,9,37,0,9,50,119,178,102,92,194,372
05/27/2022,MEI,MS,ASO,ES,Federal Contract Tower,0,6,14,16,36,0,2,34,9,45,0,8,48,25,81,48,24,72,153
05/28/2022,MEI,MS,ASO,ES,Federal Contract Tower,0,5,9,5,19,0,6,35,5,46,0,11,44,10,65,132,12,144,209
05/29/2022,MEI,MS,ASO,ES,Federal Contract Tower,0,11,6,2,19,0,4,17,17,38,0,15,23,19,57,68,10,78,135
05/30/2022,MEI,MS,ASO,ES,Federal Contract Tower,0,8,18,29,55,0,11,24,25,60,0,19,42,54,115,40,40,80,195
05/31/2022,MEI,MS,ASO,ES,Federal Contract Tower,0,5,12,133,150,0,5,22,18,45,0,10,34,151,195,64,200,264,459
06/01/2022,MEI,MS,ASO,ES,Federal Contract Tower,0,5,15,114,134,0,3,32,14,49,0,8,47,128,183,96,244,340,523
06/02/2022,MEI,MS,ASO,ES,Federal Contract Tower,0,6,11,54,71,0,2,17,17,36,0,8,28,71,107,8,142,150,257
06/03/2022,MEI,MS,ASO,ES,Federal Contract Tower,0,6,9,32,47,0,0,5,2,7,0,6,14,34,54,18,16,34,88
06/04/2022,MEI,MS,ASO,ES,Federal Contract Tower,0,3,7,11,21,0,0,29,5,34,0,3,36,16,55,48,36,84,139
06/05/2022,MEI,MS,ASO,ES,Federal Contract Tower,0,6,28,48,82,0,4,24,15,43,0,10,52,63,125,32,60,92,217
06/06/2022,MEI,MS,ASO,ES,Federal Contract Tower,0,7,24,112,143,0,9,36,30,75,0,16,60,142,218,42,202,244,462
06/07/2022,MEI,MS,ASO,ES,Federal Contract Tower,0,7,29,144,180,0,7,15,28,50,0,14,44,172,230,34,272,306,536
06/08/2022,MEI,MS,ASO,ES,Federal Contract Tower,0,9,7,89,105,0,1,15,6,22,0,10,22,95,127,32,212,244,371
06/09/2022,MEI,MS,ASO,ES,Federal Contract Tower,0,8,16,137,161,0,6,20,13,39,0,14,36,150,200,40,334,374,574
06/10/2022,MEI,MS,ASO,ES,Federal Contract Tower,0,6,10,25,41,0,5,7,12,24,0,11,17,37,65,36,94,130,195
06/11/2022,MEI,MS,ASO,ES,Federal Contract Tower,0,4,9,12,25,0,1,15,9,25,0,5,24,21,50,58,6,64,114
06/12/2022,MEI,MS,ASO,ES,Federal Contract Tower,0,9,19,28,56,0,0,14,14,28,0,9,33,42,84,58,26,84,168
06/13/2022,MEI,MS,ASO,ES,Federal Contract Tower,0,8,21,75,104,0,5,30,4,39,0,13,51,79,143,115,140,255,398
06/14/2022,MEI,MS,ASO,ES,Federal Contract Tower,0,7,21,92,120,0,1,17,11,29,0,8,38,103,149,85,133,218,367
06/15/2022,MEI,MS,ASO,ES,Federal Contract Tower,0,9,11,99,119,0,8,9,9,26,0,17,20,108,145,22,221,243,388
06/16/2022,MEI,MS,ASO,ES,Federal Contract Tower,0,5,10,139,154,0,4,36,4,44,0,9,46,143,198,54,224,278,476
06/17/2022,MEI,MS,ASO,ES,Federal Contract Tower,0,7,15,103,125,0,0,21,10,31,0,7,36,113,156,4,114,118,274
06/18/2022,MEI,MS,ASO,ES,Federal Contract Tower,0,5,5,9,19,0,11,24,13,48,0,16,29,22,67,12,52,64,131
06/19/2022,MEI,MS,ASO,ES,Federal Contract Tower,0,8,9,8,25,0,2,7,7,16,0,10,16,15,41,12,64,76,117
06/20/2022,MEI,MS,ASO,ES,Federal Contract Tower,0,3,16,68,87,0,6,50,35,91,0,9,66,103,178,90,22,112,290
06/21/2022,MEI,MS,ASO,ES,Federal Contract Tower,0,7,13,160,180,0,8,102,12,122,0,15,115,172,302,92,140,232,534
06/22/2022,MEI,MS,ASO,ES,Federal Contract Tower,0,8,15,201,224,0,11,50,22,83,0,19,65,223,307,62,262,324,631
06/23/2022,MEI,MS,ASO,ES,Federal Contract Tower,0,6,23,164,193,0,7,34,56,97,0,13,57,220,290,138,96,234,524
06/24/2022,MEI,MS,ASO,ES,Federal Contract Tower,0,5,25,138,168,0,6,7,20,33,0,11,32,158,201,35,342,377,578
06/25/2022,MEI,MS,ASO,ES,Federal Contract Tower,0,3,6,10,19,0,7,14,3,24,0,10,20,13,43,43,7,50,93
06/26/2022,MEI,MS,ASO,ES,Federal Contract Tower,0,7,15,26,48,0,13,22,13,48,0,20,37,39,96,56,48,104,200
06/27/2022,MEI,MS,ASO,ES,Federal Contract Tower,0,5,9,55,69,0,10,15,0,25,0,15,24,55,94,21,65,86,180
06/28/2022,MEI,MS,ASO,ES,Federal Contract Tower,0,4,11,94,109,0,7,23,10,40,0,11,34,104,149,18,62,80,229
06/29/2022,MEI,MS,ASO,ES,Federal Contract Tower,0,6,28,90,124,0,9,25,18,52,0,15,53,108,176,36,182,218,394
06/30/2022,MEI,MS,ASO,ES,Federal Contract Tower,0,6,9,51,66,0,2,9,7,18,0,8,18,58,84,20,89,109,193
07/01/2022,MEI,MS,ASO,ES,Federal Contract Tower,0,7,12,42,61,0,3,6,2,11,0,10,18,44,72,8,0,8,80
07/02/2022,MEI,MS,ASO,ES,Federal Contract Tower,0,6,6,2,14,0,2,16,0,18,0,8,22,2,32,32,28,60,92
07/03/2022,MEI,MS,ASO,ES,Federal Contract Tower,0,7,4,8,19,0,7,18,0,25,0,14,22,8,44,60,60,120,164
07/04/2022,MEI,MS,ASO,ES,Federal Contract Tower,0,6,14,0,20,0,2,16,1,19,0,8,30,1,39,32,12,44,83
07/05/2022,MEI,MS,ASO,ES,Federal Contract Tower,0,8,29,40,77,0,10,10,10,30,0,18,39,50,107,20,22,42,149
07/06/2022,MEI,MS,ASO,ES,Federal Contract Tower,0,6,23,210,239,0,11,27,22,60,0,17,50,232,299,42,126,168,467
07/07/2022,MEI,MS,ASO,ES,Federal Contract Tower,0,5,28,142,175,0,7,32,23,62,0,12,60,165,237,46,190,236,473
07/08/2022,MEI,MS,ASO,ES,Federal Contract Tower,0,6,12,129,147,0,2,47,25,74,0,8,59,154,221,92,220,312,533
07/09/2022,MEI,MS,ASO,ES,Federal Contract Tower,0,5,11,25,41,0,9,32,4,45,0,14,43,29,86,130,84,214,300
07/10/2022,MEI,MS,ASO,ES,Federal Contract Tower,0,5,21,27,53,0,4,13,10,27,0,9,34,37,80,94,54,148,228
07/11/2022,MEI,MS,ASO,ES,Federal Contract Tower,0,5,8,140,153,0,7,32,20,59,0,12,40,160,212,148,158,306,518
07/12/2022,MEI,MS,ASO,ES,Federal Contract Tower,0,8,13,83,104,0,11,19,8,38,0,19,32,91,142,52,168,220,362
07/13/2022,MEI,MS,ASO,ES,Federal Contract Tower,0,4,14,62,80,0,11,23,3,37,0,15,37,65,117,44,82,126,243
07/14/2022,MEI,MS,ASO,ES,Federal Contract Tower,0,6,23,82,111,0,11,15,14,40,0,17,38,96,151,32,68,100,251
07/15/2022,MEI,MS,ASO,ES,Federal Contract Tower,0,5,22,119,146,0,10,21,17,48,0,15,43,136,194,32,158,190,384
07/16/2022,MEI,MS,ASO,ES,Federal Contract Tower,0,4,7,36,47,0,9,32,21,62,0,13,39,57,109,50,34,84,193
07/17/2022,MEI,MS,ASO,ES,Federal Contract Tower,0,5,8,19,32,0,3,14,6,23,0,8,22,25,55,34,51,85,140
07/18/2022,MEI,MS,ASO,ES,Federal Contract Tower,0,5,18,94,117,0,4,16,3,23,0,9,34,97,140,21,158,179,319
07/19/2022,MEI,MS,ASO,ES,Federal Contract Tower,0,6,27,124,157,0,6,17,10,33,0,12,44,134,190,58,116,174,364
07/20/2022,MEI,MS,ASO,ES,Federal Contract Tower,0,4,19,138,161,0,9,20,3,32,0,13,39,141,193,0,188,188,381
07/21/2022,MEI,MS,ASO,ES,Federal Contract Tower,0,4,14,65,83,0,4,14,33,51,0,8,28,98,134,38,171,209,343
07/22/2022,MEI,MS,ASO,ES,Federal Contract Tower,0,5,15,109,129,0,8,21,11,40,0,13,36,120,169,58,138,196,365
07/23/2022,MEI,MS,ASO,ES,Federal Contract Tower,0,4,10,0,14,0,4,28,0,32,0,8,38,0,46,64,0,64,110
07/24/2022,MEI,MS,ASO,ES,Federal Contract Tower,0,4,13,10,27,0,3,19,3,25,0,7,32,13,52,20,1,21,73
07/25/2022,MEI,MS,ASO,ES,Federal Contract Tower,0,4,15,52,71,0,5,9,4,18,0,9,24,56,89,12,20,32,121
07/26/2022,MEI,MS,ASO,ES,Federal Contract Tower,0,4,11,122,137,0,8,16,4,28,0,12,27,126,165,30,196,226,391
07/27/2022,MEI,MS,ASO,ES,Federal Contract Tower,0,4,15,98,117,0,18,49,30,97,0,22,64,128,214,94,240,334,548
07/28/2022,MEI,MS,ASO,ES,Federal Contract Tower,0,4,22,44,70,0,22,36,15,73,0,26,58,59,143,100,22,122,265
07/29/2022,MEI,MS,ASO,ES,Federal Contract Tower,0,4,20,96,120,0,4,18,25,47,0,8,38,121,167,60,98,158,325
07/30/2022,MEI,MS,ASO,ES,Federal Contract Tower,0,4,17,14,35,0,8,19,8,35,0,12,36,22,70,54,56,110,180
07/31/2022,MEI,MS,ASO,ES,Federal Contract Tower,0,5,9,1,15,0,13,24,1,38,0,18,33,2,53,58,0,58,111
08/01/2022,MEI,MS,ASO,ES,Federal Contract Tower,0,4,16,35,55,0,5,13,22,40,0,9,29,57,95,34,76,110,205
08/02/2022,MEI,MS,ASO,ES,Federal Contract Tower,0,0,0,0,0,0,0,0,0,0,0,0,0,0,0,79,44,123,123
08/03/2022,MEI,MS,ASO,ES,Federal Contract Tower,0,4,13,54,71,0,6,6,4,16,0,10,19,58,87,6,62,68,155
08/04/2022,MEI,MS,ASO,ES,Federal Contract Tower,0,6,14,83,103,0,6,25,36,67,0,12,39,119,170,174,38,212,382
08/05/2022,MEI,MS,ASO,ES,Federal Contract Tower,0,4,10,109,123,0,5,45,7,57,0,9,55,116,180,88,144,232,412
08/06/2022,MEI,MS,ASO,ES,Federal Contract Tower,0,4,11,16,31,0,8,30,16,54,0,12,41,32,85,48,60,108,193
08/07/2022,MEI,MS,ASO,ES,Federal Contract Tower,0,4,15,36,55,0,5,20,7,32,0,9,35,43,87,48,28,76,163
08/08/2022,MEI,MS,ASO,ES,Federal Contract Tower,0,4,4,87,95,0,2,9,13,24,0,6,13,100,119,38,10,48,167
08/09/2022,MEI,MS,ASO,ES,Federal Contract Tower,0,5,8,161,174,0,5,15,13,33,0,10,23,174,207,68,212,280,487
08/10/2022,MEI,MS,ASO,ES,Federal Contract Tower,0,4,10,80,94,0,4,15,11,30,0,8,25,91,124,20,236,256,380
08/11/2022,MEI,MS,ASO,ES,Federal Contract Tower,0,4,16,63,83,0,7,14,20,41,0,11,30,83,124,14,40,54,178
08/12/2022,MEI,MS,ASO,ES,Federal Contract Tower,0,8,26,126,160,0,12,22,24,58,0,20,48,150,218,36,128,164,382
08/13/2022,MEI,MS,ASO,ES,Federal Contract Tower,0,6,20,10,36,0,9,42,7,58,0,15,62,17,94,82,24,106,200
08/14/2022,MEI,MS,ASO,ES,Federal Contract Tower,0,4,10,32,46,0,0,18,5,23,0,4,28,37,69,32,2,34,103
08/15/2022,MEI,MS,ASO,ES,Federal Contract Tower,0,4,12,119,135,0,12,22,10,44,0,16,34,129,179,38,228,266,445
08/16/2022,MEI,MS,ASO,ES,Federal Contract Tower,0,4,12,75,91,0,5,10,15,30,0,9,22,90,121,64,82,146,267
08/17/2022,MEI,MS,ASO,ES,Federal Contract Tower,0,4,11,104,119,0,1,9,10,20,0,5,20,114,139,28,146,174,313
08/18/2022,MEI,MS,ASO,ES,Federal Contract Tower,0,4,17,63,84,0,6,19,7,32,0,10,36,70,116,102,36,138,254
08/19/2022,MEI,MS,ASO,ES,Federal Contract Tower,0,4,11,43,58,0,10,14,27,51,0,14,25,70,109,40,104,144,253
08/20/2022,MEI,MS,ASO,ES,Federal Contract Tower,0,4,15,1,20,0,0,23,0,23,0,4,38,1,43,32,0,32,75
08/21/2022,MEI,MS,ASO,ES,Federal Contract Tower,0,7,9,12,28,0,0,2,0,2,0,7,11,12,30,0,0,0,30
08/22/2022,MEI,MS,ASO,ES,Federal Contract Tower,0,5,2,7,14,0,0,2,0,2,0,5,4,7,16,0,0,0,16
08/23/2022,MEI,MS,ASO,ES,Federal Contract Tower,0,4,9,0,13,0,0,0,0,0,0,4,9,0,13,0,0,0,13
08/24/2022,MEI,MS,ASO,ES,Federal Contract Tower,0,4,8,14,26,0,0,2,0,2,0,4,10,14,28,6,0,6,34
08/25/2022,MEI,MS,ASO,ES,Federal Contract Tower,0,8,21,35,64,0,4,10,11,25,0,12,31,46,89,22,124,146,235
08/26/2022,MEI,MS,ASO,ES,Federal Contract Tower,0,5,17,77,99,0,4,14,5,23,0,9,31,82,122,32,26,58,180
08/27/2022,MEI,MS,ASO,ES,Federal Contract Tower,0,5,22,28,55,0,2,17,10,29,0,7,39,38,84,50,36,86,170
08/28/2022,MEI,MS,ASO,ES,Federal Contract Tower,0,5,15,23,43,0,13,22,6,41,0,18,37,29,84,42,4,46,130
08/29/2022,MEI,MS,ASO,ES,Federal Contract Tower,0,6,14,84,104,0,2,11,7,20,0,8,25,91,124,2,108,110,234
08/30/2022,MEI,MS,ASO,ES,Federal Contract Tower,0,4,9,77,90,0,8,8,10,26,0,12,17,87,116,8,94,102,218
08/31/2022,MEI,MS,ASO,ES,Federal Contract Tower,0,4,10,77,91,0,13,40,12,65,0,17,50,89,156,70,130,200,356
09/01/2022,MEI,MS,ASO,ES,Federal Contract Tower,0,4,17,104,125,0,3,54,13,70,0,7,71,117,195,107,206,313,508
09/02/2022,MEI,MS,ASO,ES,Federal Contract Tower,2,5,30,68,105,0,6,30,13,49,2,11,60,81,154,108,116,224,378
09/03/2022,MEI,MS,ASO,ES,Federal Contract Tower,0,5,12,38,55,0,12,33,7,52,0,17,45,45,107,100,28,128,235
09/04/2022,MEI,MS,ASO,ES,Federal Contract Tower,0,6,8,4,18,0,2,9,0,11,0,8,17,4,29,0,0,0,29
09/05/2022,MEI,MS,ASO,ES,Federal Contract Tower,0,8,12,13,33,0,7,15,0,22,0,15,27,13,55,0,0,0,55
09/06/2022,MEI,MS,ASO,ES,Federal Contract Tower,0,4,21,113,138,0,4,28,6,38,0,8,49,119,176,60,136,196,372
09/07/2022,MEI,MS,ASO,ES,Federal Contract Tower,0,8,15,66,89,0,6,35,37,78,0,14,50,103,167,66,26,92,259
09/08/2022,MEI,MS,ASO,ES,Federal Contract Tower,0,4,8,184,196,0,5,23,33,61,0,9,31,217,257,96,206,302,559
09/09/2022,MEI,MS,ASO,ES,Federal Contract Tower,0,4,15,76,95,0,2,19,6,27,0,6,34,82,122,20,144,164,286
09/10/2022,MEI,MS,ASO,ES,Federal Contract Tower,0,6,19,61,86,0,7,18,21,46,0,13,37,82,132,70,84,154,286
09/11/2022,MEI,MS,ASO,ES,Federal Contract Tower,0,4,22,71,97,0,0,20,11,31,0,4,42,82,128,26,70,96,224
09/12/2022,MEI,MS,ASO,ES,Federal Contract Tower,0,8,14,134,156,0,8,6,5,19,0,16,20,139,175,0,110,110,285
09/13/2022,MEI,MS,ASO,ES,Federal Contract Tower,0,4,16,135,155,0,6,26,18,50,0,10,42,153,205,12,40,52,257
09/14/2022,MEI,MS,ASO,ES,Federal Contract Tower,0,4,18,149,171,0,10,27,8,45,0,14,45,157,216,98,244,342,558
09/15/2022,MEI,MS,ASO,ES,Federal Contract Tower,0,4,14,124,142,0,8,27,5,40,0,12,41,129,182,52,57,109,291
09/16/2022,MEI,MS,ASO,ES,Federal Contract Tower,0,5,38,108,151,0,8,43,34,85,0,13,81,142,236,58,220,278,514
09/17/2022,MEI,MS,ASO,ES,Federal Contract Tower,0,4,14,11,29,0,7,58,10,75,0,11,72,21,104,146,16,162,266
09/18/2022,MEI,MS,ASO,ES,Federal Contract Tower,0,4,17,18,39,0,4,42,5,51,0,8,59,23,90,64,6,70,160
09/19/2022,MEI,MS,ASO,ES,Federal Contract Tower,0,4,19,56,79,0,6,27,6,39,0,10,46,62,118,22,34,56,174
09/20/2022,MEI,MS,ASO,ES,Federal Contract Tower,0,6,18,85,109,0,15,40,34,89,0,21,58,119,198,0,156,156,354
09/21/2022,MEI,MS,ASO,ES,Federal Contract Tower,1,6,19,90,116,0,3,12,9,24,1,9,31,99,140,22,140,162,302
09/22/2022,MEI,MS,ASO,ES,Federal Contract Tower,0,4,18,125,147,0,10,26,13,49,0,14,44,138,196,54,204,258,454
09/23/2022,MEI,MS,ASO,ES,Federal Contract Tower,0,12,15,137,164,0,4,31,18,53,0,16,46,155,217,28,276,304,521
09/24/2022,MEI,MS,ASO,ES,Federal Contract Tower,0,4,12,15,31,0,8,33,12,53,0,12,45,27,84,34,36,70,154
09/25/2022,MEI,MS,ASO,ES,Federal Contract Tower,0,4,16,12,32,0,6,19,0,25,0,10,35,12,57,2,14,16,73
09/26/2022,MEI,MS,ASO,ES,Federal Contract Tower,0,4,15,31,50,0,2,11,5,18,0,6,26,36,68,0,0,0,68
09/27/2022,MEI,MS,ASO,ES,Federal Contract Tower,0,4,26,30,60,0,3,14,9,26,0,7,40,39,86,0,0,0,86
09/28/2022,MEI,MS,ASO,ES,Federal Contract Tower,0,4,2,17,23,0,4,12,5,21,0,8,14,22,44,30,12,42,86
09/29/2022,MEI,MS,ASO,ES,Federal Contract Tower,0,5,14,28,47,0,6,26,19,51,0,11,40,47,98,10,60,70,168
09/30/2022,MEI,MS,ASO,ES,Federal Contract Tower,0,4,25,20,49,0,6,31,4,41,0,10,56,24,90,6,94,100,190
10/01/2022,MEI,MS,ASO,ES,Federal Contract Tower,0,4,3,24,31,0,13,30,5,48,0,17,33,29,79,122,34,156,235
10/02/2022,MEI,MS,ASO,ES,Federal Contract Tower,0,5,13,25,43,0,6,29,7,42,0,11,42,32,85,32,36,68,153
10/03/2022,MEI,MS,ASO,ES,Federal Contract Tower,0,5,13,72,90,0,6,21,19,46,0,11,34,91,136,28,90,118,254
10/04/2022,MEI,MS,ASO,ES,Federal Contract Tower,0,4,13,75,92,0,7,31,14,52,0,11,44,89,144,10,62,72,216
10/05/2022,MEI,MS,ASO,ES,Federal Contract Tower,0,4,27,75,106,0,15,51,27,93,0,19,78,102,199,46,188,234,433
10/06/2022,MEI,MS,ASO,ES,Federal Contract Tower,0,5,15,72,92,0,5,48,14,67,0,10,63,86,159,72,108,180,339
10/07/2022,MEI,MS,ASO,ES,Federal Contract Tower,0,9,18,60,87,0,19,49,16,84,0,28,67,76,171,52,118,170,341
10/08/2022,MEI,MS,ASO,ES,Federal Contract Tower,0,7,11,9,27,0,7,27,11,45,0,14,38,20,72,38,8,46,118
10/09/2022,MEI,MS,ASO,ES,Federal Contract Tower,0,4,20,4,28,0,3,48,7,58,0,7,68,11,86,28,12,40,126
10/10/2022,MEI,MS,ASO,ES,Federal Contract Tower,0,4,13,23,40,0,4,19,4,27,0,8,32,27,67,0,16,16,83
10/11/2022,MEI,MS,ASO,ES,Federal Contract Tower,0,8,17,102,127,0,1,22,22,45,0,9,39,124,172,14,180,194,366
10/12/2022,MEI,MS,ASO,ES,Federal Contract Tower,0,6,14,17,37,0,3,1,0,4,0,9,15,17,41,20,0,20,61
10/13/2022,MEI,MS,ASO,ES,Federal Contract Tower,0,9,16,120,145,0,18,35,117,170,0,27,51,237,315,104,154,258,573
10/14/2022,MEI,MS,ASO,ES,Federal Contract Tower,0,4,14,121,139,0,11,41,13,65,0,15,55,134,204,112,164,276,480
10/15/2022,MEI,MS,ASO,ES,Federal Contract Tower,0,4,15,1,20,0,0,57,0,57,0,4,72,1,77,260,0,260,337
10/16/2022,MEI,MS,ASO,ES,Federal Contract Tower,0,4,17,2,23,0,12,29,0,41,0,16,46,2,64,22,12,34,98
10/17/2022,MEI,MS,ASO,ES,Federal Contract Tower,0,4,19,54,77,0,6,38,6,50,0,10,57,60,127,90,72,162,289
10/18/2022,MEI,MS,ASO,ES,Federal Contract Tower,0,6,21,67,94,0,10,17,63,90,0,16,38,130,184,94,180,274,458
10/19/2022,MEI,MS,ASO,ES,Federal Contract Tower,0,8,16,54,78,0,4,43,7,54,0,12,59,61,132,68,98,166,298
10/20/2022,MEI,MS,ASO,ES,Federal Contract Tower,0,4,42,64,110,0,3,30,11,44,0,7,72,75,154,62,128,190,344
10/21/2022,MEI,MS,ASO,ES,Federal Contract Tower,0,11,22,39,72,0,3,31,13,47,0,14,53,52,119,22,104,126,245
10/22/2022,MEI,MS,ASO,ES,Federal Contract Tower,0,5,12,1,18,0,15,16,1,32,0,20,28,2,50,50,0,50,100
10/23/2022,MEI,MS,ASO,ES,Federal Contract Tower,0,6,31,25,62,0,20,55,19,94,0,26,86,44,156,56,74,130,286
10/24/2022,MEI,MS,ASO,ES,Federal Contract Tower,0,5,20,24,49,0,6,35,9,50,0,11,55,33,99,66,116,182,281
10/25/2022,MEI,MS,ASO,ES,Federal Contract Tower,0,4,22,46,72,0,8,14,12,34,0,12,36,58,106,50,88,138,244
10/26/2022,MEI,MS,ASO,ES,Federal Contract Tower,0,5,24,86,115,0,8,42,46,96,0,13,66,132,211,102,88,190,401
10/27/2022,MEI,MS,ASO,ES,Federal Contract Tower,0,8,18,44,70,0,5,25,33,63,0,13,43,77,133,84,92,176,309
10/28/2022,MEI,MS,ASO,ES,Federal Contract Tower,0,4,20,54,78,0,14,27,3,44,0,18,47,57,122,56,82,138,260
10/29/2022,MEI,MS,ASO,ES,Federal Contract Tower,0,4,5,3,12,0,3,0,1,4,0,7,5,4,16,0,0,0,16
10/30/2022,MEI,MS,ASO,ES,Federal Contract Tower,0,5,18,2,25,0,2,10,0,12,0,7,28,2,37,76,0,76,113
10/31/2022,MEI,MS,ASO,ES,Federal Contract Tower,0,5,19,70,94,0,8,25,1,34,0,13,44,71,128,100,120,220,348
11/01/2022,MEI,MS,ASO,ES,Federal Contract Tower,0,4,17,115,136,0,16,25,6,47,0,20,42,121,183,108,164,272,455
11/02/2022,MEI,MS,ASO,ES,Federal Contract Tower,0,4,23,65,92,0,2,30,3,35,0,6,53,68,127,20,72,92,219
11/03/2022,MEI,MS,ASO,ES,Federal Contract Tower,0,4,18,128,150,0,15,27,7,49,0,19,45,135,199,0,176,176,375
11/04/2022,MEI,MS,ASO,ES,Federal Contract Tower,0,4,28,85,117,0,5,32,17,54,0,9,60,102,171,42,184,226,397
11/05/2022,MEI,MS,ASO,ES,Federal Contract Tower,0,2,11,4,17,0,1,1,0,2,0,3,12,4,19,0,0,0,19
11/06/2022,MEI,MS,ASO,ES,Federal Contract Tower,0,8,10,42,60,0,3,21,1,25,0,11,31,43,85,80,98,178,263
11/07/2022,MEI,MS,ASO,ES,Federal Contract Tower,0,4,14,58,76,0,4,26,8,38,0,8,40,66,114,24,118,142,256
11/08/2022,MEI,MS,ASO,ES,Federal Contract Tower,0,5,20,96,121,0,6,31,27,64,0,11,51,123,185,54,160,214,399
11/09/2022,MEI,MS,ASO,ES,Federal Contract Tower,0,4,14,111,129,0,6,28,17,51,0,10,42,128,180,42,214,256,436
11/10/2022,MEI,MS,ASO,ES,Federal Contract Tower,0,5,16,68,89,0,4,15,16,35,0,9,31,84,124,24,98,122,246
11/11/2022,MEI,MS,ASO,ES,Federal Contract Tower,0,5,17,12,34,0,10,33,5,48,0,15,50,17,82,44,30,74,156
11/12/2022,MEI,MS,ASO,ES,Federal Contract Tower,0,2,8,31,41,0,4,3,13,20,0,6,11,44,61,0,0,0,61
11/13/2022,MEI,MS,ASO,ES,Federal Contract Tower,0,8,26,8,42,0,23,38,11,72,0,31,64,19,114,66,84,150,264
11/14/2022,MEI,MS,ASO,ES,Federal Contract Tower,0,6,15,55,76,0,9,19,5,33,0,15,34,60,109,0,78,78,187
11/15/2022,MEI,MS,ASO,ES,Federal Contract Tower,0,5,9,63,77,0,0,3,0,3,0,5,12,63,80,0,8,8,88
11/16/2022,MEI,MS,ASO,ES,Federal Contract Tower,0,7,17,33,57,0,10,27,46,83,0,17,44,79,140,46,86,132,272
11/17/2022,MEI,MS,ASO,ES,Federal Contract Tower,0,4,12,83,99,0,7,21,26,54,0,11,33,109,153,50,148,198,351
11/18/2022,MEI,MS,ASO,ES,Federal Contract Tower,0,7,33,61,101,0,2,32,15,49,0,9,65,76,150,64,66,130,280
11/19/2022,MEI,MS,ASO,ES,Federal Contract Tower,0,9,12,28,49,0,40,14,8,62,0,49,26,36,111,42,18,60,171
11/20/2022,MEI,MS,ASO,ES,Federal Contract Tower,0,8,12,33,53,0,68,38,13,119,0,76,50,46,172,70,0,70,242
11/21/2022,MEI,MS,ASO,ES,Federal Contract Tower,0,4,22,73,99,0,8,43,3,54,0,12,65,76,153,20,154,174,327
11/22/2022,MEI,MS,ASO,ES,Federal Contract Tower,0,3,19,113,135,0,8,22,21,51,0,11,41,134,186,24,178,202,388
11/23/2022,MEI,MS,ASO,ES,Federal Contract Tower,0,5,36,58,99,0,12,45,17,74,0,17,81,75,173,72,182,254,427
11/24/2022,MEI,MS,ASO,ES,Federal Contract Tower,0,2,6,0,8,0,11,2,0,13,0,13,8,0,21,0,0,0,21
11/25/2022,MEI,MS,ASO,ES,Federal Contract Tower,0,8,11,0,19,0,0,0,0,0,0,8,11,0,19,0,0,0,19
11/26/2022,MEI,MS,ASO,ES,Federal Contract Tower,0,2,14,0,16,0,0,8,0,8,0,2,22,0,24,0,0,0,24
11/27/2022,MEI,MS,ASO,ES,Federal Contract Tower,0,8,35,0,43,0,9,35,0,44,0,17,70,0,87,78,0,78,165
11/28/2022,MEI,MS,ASO,ES,Federal Contract Tower,0,2,12,11,25,0,16,49,37,102,0,18,61,48,127,28,104,132,259
11/29/2022,MEI,MS,ASO,ES,Federal Contract Tower,0,4,20,13,37,0,3,1,0,4,0,7,21,13,41,0,0,0,41
11/30/2022,MEI,MS,ASO,ES,Federal Contract Tower,0,7,11,48,66,0,6,1,15,22,0,13,12,63,88,0,44,44,132
12/01/2022,MEI,MS,ASO,ES,Federal Contract Tower,0,6,22,122,150,0,6,37,16,59,0,12,59,138,209,38,226,264,473
12/02/2022,MEI,MS,ASO,ES,Federal Contract Tower,0,7,18,82,107,0,6,7,39,52,0,13,25,121,159,2,12,14,173
12/03/2022,MEI,MS,ASO,ES,Federal Contract Tower,0,6,17,30,53,0,3,4,1,8,0,9,21,31,61,20,0,20,81
12/04/2022,MEI,MS,ASO,ES,Federal Contract Tower,0,13,19,60,92,0,6,29,14,49,0,19,48,74,141,150,50,200,341
12/05/2022,MEI,MS,ASO,ES,Federal Contract Tower,0,9,18,78,105,0,8,2,5,15,0,17,20,83,120,42,172,214,334
12/06/2022,MEI,MS,ASO,ES,Federal Contract Tower,0,9,27,142,178,0,8,23,20,51,0,17,50,162,229,48,168,216,445
12/07/2022,MEI,MS,ASO,ES,Federal Contract Tower,0,7,19,96,122,0,8,19,6,33,0,15,38,102,155,98,202,300,455
12/08/2022,MEI,MS,ASO,ES,Federal Contract Tower,0,6,23,101,130,0,7,26,5,38,0,13,49,106,168,94,166,260,428
12/09/2022,MEI,MS,ASO,ES,Federal Contract Tower,0,6,13,43,62,0,4,2,0,6,0,10,15,43,68,42,0,42,110
12/10/2022,MEI,MS,ASO,ES,Federal Contract Tower,0,4,12,14,30,0,3,9,0,12,0,7,21,14,42,14,4,18,60
12/11/2022,MEI,MS,ASO,ES,Federal Contract Tower,0,6,9,12,27,0,0,0,0,0,0,6,9,12,27,0,0,0,27
12/12/2022,MEI,MS,ASO,ES,Federal Contract Tower,0,8,30,66,104,0,0,0,0,0,0,8,30,66,104,0,8,8,112
12/13/2022,MEI,MS,ASO,ES,Federal Contract Tower,0,4,6,54,64,0,0,0,10,10,0,4,6,64,74,0,2,2,76
12/14/2022,MEI,MS,ASO,ES,Federal Contract Tower,0,6,2,1,9,0,0,0,0,0,0,6,2,1,9,0,0,0,9
12/15/2022,MEI,MS,ASO,ES,Federal Contract Tower,0,8,17,96,121,0,12,43,13,68,0,20,60,109,189,108,174,282,471
12/16/2022,MEI,MS,ASO,ES,Federal Contract Tower,0,6,23,62,91,0,6,36,7,49,0,12,59,69,140,0,102,102,242
12/17/2022,MEI,MS,ASO,ES,Federal Contract Tower,0,8,11,46,65,0,7,29,6,42,0,15,40,52,107,0,12,12,119
12/18/2022,MEI,MS,ASO,ES,Federal Contract Tower,0,7,15,45,67,0,10,35,14,59,0,17,50,59,126,54,28,82,208
12/19/2022,MEI,MS,ASO,ES,Federal Contract Tower,0,4,8,54,66,0,4,10,6,20,0,8,18,60,86,0,142,142,228
12/20/2022,MEI,MS,ASO,ES,Federal Contract Tower,0,5,17,2,24,0,2,0,0,2,0,7,17,2,26,0,0,0,26
12/21/2022,MEI,MS,ASO,ES,Federal Contract Tower,0,6,15,40,61,0,0,0,0,0,0,6,15,40,61,0,0,0,61
12/22/2022,MEI,MS,ASO,ES,Federal Contract Tower,0,6,10,50,66,0,3,2,1,6,0,9,12,51,72,0,0,0,72
12/23/2022,MEI,MS,ASO,ES,Federal Contract Tower,0,4,6,0,10,0,2,1,0,3,0,6,7,0,13,0,0,0,13
12/24/2022,MEI,MS,ASO,ES,Federal Contract Tower,0,4,8,0,12,0,1,11,0,12,0,5,19,0,24,6,0,6,30
12/25/2022,MEI,MS,ASO,ES,Federal Contract Tower,0,4,2,0,6,0,11,8,0,19,0,15,10,0,25,0,0,0,25
12/26/2022,MEI,MS,ASO,ES,Federal Contract Tower,0,8,21,0,29,0,12,34,0,46,0,20,55,0,75,56,0,56,131
12/27/2022,MEI,MS,ASO,ES,Federal Contract Tower,0,4,13,0,17,0,3,43,32,78,0,7,56,32,95,82,0,82,177
12/28/2022,MEI,MS,ASO,ES,Federal Contract Tower,0,6,13,9,28,0,3,40,6,49,0,9,53,15,77,68,24,92,169
12/29/2022,MEI,MS,ASO,ES,Federal Contract Tower,0,9,14,3,26,0,6,14,0,20,0,15,28,3,46,32,12,44,90
12/30/2022,MEI,MS,ASO,ES,Federal Contract Tower,0,7,6,0,13,0,0,0,0,0,0,7,6,0,13,0,0,0,13
12/31/2022,MEI,MS,ASO,ES,Federal Contract Tower,0,5,13,0,18,0,1,4,0,5,0,6,17,0,23,32,0,32,55
01/01/2023,MEI,MS,ASO,ES,Federal Contract Tower,0,5,26,0,31,0,5,62,0,67,0,10,88,0,98,42,0,42,140
01/02/2023,MEI,MS,ASO,ES,Federal Contract Tower,0,8,7,0,15,0,0,0,0,0,0,8,7,0,15,0,0,0,15
01/03/2023,MEI,MS,ASO,ES,Federal Contract Tower,0,5,8,2,15,0,4,4,0,8,0,9,12,2,23,0,0,0,23
01/04/2023,MEI,MS,ASO,ES,Federal Contract Tower,0,6,20,110,136,0,4,35,4,43,0,10,55,114,179,124,88,212,391
01/05/2023,MEI,MS,ASO,ES,Federal Contract Tower,0,6,29,90,125,0,9,23,19,51,0,15,52,109,176,148,220,368,544
01/06/2023,MEI,MS,ASO,ES,Federal Contract Tower,0,6,33,72,111,0,5,25,9,39,0,11,58,81,150,72,138,210,360
01/07/2023,MEI,MS,ASO,ES,Federal Contract Tower,0,4,22,40,66,0,9,50,4,63,0,13,72,44,129,98,76,174,303
01/08/2023,MEI,MS,ASO,ES,Federal Contract Tower,0,6,5,10,21,0,0,0,0,0,0,6,5,10,21,0,0,0,21
01/09/2023,MEI,MS,ASO,ES,Federal Contract Tower,0,10,19,91,120,0,26,35,4,65,0,36,54,95,185,126,142,268,453
01/10/2023,MEI,MS,ASO,ES,Federal Contract Tower,0,4,21,148,173,0,4,41,34,79,0,8,62,182,252,50,278,328,580
01/11/2023,MEI,MS,ASO,ES,Federal Contract Tower,0,7,21,92,120,0,4,7,1,12,0,11,28,93,132,27,44,71,203
01/12/2023,MEI,MS,ASO,ES,Federal Contract Tower,0,6,8,60,74,0,4,2,10,16,0,10,10,70,90,0,80,80,170
01/13/2023,MEI,MS,ASO,ES,Federal Contract Tower,0,14,28,104,146,0,9,10,10,29,0,23,38,114,175,0,96,96,271
01/14/2023,MEI,MS,ASO,ES,Federal Contract Tower,0,4,11,15,30,0,0,37,21,58,0,4,48,36,88,26,30,56,144
01/15/2023,MEI,MS,ASO,ES,Federal Contract Tower,0,7,20,80,107,0,7,51,17,75,0,14,71,97,182,76,48,124,306
01/16/2023,MEI,MS,ASO,ES,Federal Contract Tower,0,6,29,44,79,0,8,62,14,84,0,14,91,58,163,78,22,100,263
01/17/2023,MEI,MS,ASO,ES,Federal Contract Tower,0,6,17,81,104,0,2,2,7,11,0,8,19,88,115,118,34,152,267
01/18/2023,MEI,MS,ASO,ES,Federal Contract Tower,0,6,7,82,95,0,1,0,13,14,0,7,7,95,109,0,86,86,195
01/19/2023,MEI,MS,ASO,ES,Federal Contract Tower,0,8,28,73,109,0,4,21,16,41,0,12,49,89,150,74,160,234,384
01/20/2023,MEI,MS,ASO,ES,Federal Contract Tower,0,6,38,62,106,0,6,29,25,60,0,12,67,87,166,10,156,166,332
01/21/2023,MEI,MS,ASO,ES,Federal Contract Tower,0,4,12,51,67,0,0,9,0,9,0,4,21,51,76,6,6,12,88
01/22/2023,MEI,MS,ASO,ES,Federal Contract Tower,0,6,13,58,77,0,3,0,1,4,0,9,13,59,81,0,48,48,129
01/23/2023,MEI,MS,ASO,ES,Federal Contract Tower,0,7,13,125,145,0,6,33,27,66,0,13,46,152,211,78,124,202,413
01/24/2023,MEI,MS,ASO,ES,Federal Contract Tower,0,2,4,60,66,0,0,24,18,42,0,2,28,78,108,15,142,157,265
01/25/2023,MEI,MS,ASO,ES,Federal Contract Tower,0,6,6,76,88,0,1,4,5,10,0,7,10,81,98,0,130,130,228
01/26/2023,MEI,MS,ASO,ES,Federal Contract Tower,0,10,27,82,119,0,6,10,31,47,0,16,37,113,166,26,102,128,294
01/27/2023,MEI,MS,ASO,ES,Federal Contract Tower,0,8,28,66,102,0,4,32,10,46,0,12,60,76,148,60,144,204,352
01/28/2023,MEI,MS,ASO,ES,Federal Contract Tower,0,4,16,14,34,0,4,23,13,40,0,8,39,27,74,68,56,124,198
01/29/2023,MEI,MS,ASO,ES,Federal Contract Tower,0,10,14,8,32,0,1,1,1,3,0,11,15,9,35,0,0,0,35
01/30/2023,MEI,MS,ASO,ES,Federal Contract Tower,0,7,7,19,33,0,0,1,23,24,0,7,8,42,57,0,0,0,57
01/31/2023,MEI,MS,ASO,ES,Federal Contract Tower,0,11,5,44,60,0,0,0,0,0,0,11,5,44,60,0,0,0,60
02/01/2023,MEI,MS,ASO,ES,Federal Contract Tower,0,6,9,6,21,0,0,0,0,0,0,6,9,6,21,0,0,0,21
02/02/2023,MEI,MS,ASO,ES,Federal Contract Tower,0,9,6,5,20,0,0,0,0,0,0,9,6,5,20,0,0,0,20
02/03/2023,MEI,MS,ASO,ES,Federal Contract Tower,0,7,24,77,108,0,7,55,15,77,0,14,79,92,185,18,126,144,329
02/04/2023,MEI,MS,ASO,ES,Federal Contract Tower,0,5,21,37,63,0,7,41,4,52,0,12,62,41,115,38,48,86,201
02/05/2023,MEI,MS,ASO,ES,Federal Contract Tower,0,7,19,39,65,0,4,23,11,38,0,11,42,50,103,116,54,170,273
02/06/2023,MEI,MS,ASO,ES,Federal Contract Tower,0,6,15,88,109,0,4,46,5,55,0,10,61,93,164,76,90,166,330
02/07/2023,MEI,MS,ASO,ES,Federal Contract Tower,0,3,20,117,140,0,3,39,43,85,0,6,59,160,225,38,100,138,363
02/08/2023,MEI,MS,ASO,ES,Federal Contract Tower,0,7,10,35,52,0,0,4,1,5,0,7,14,36,57,0,12,12,69
02/09/2023,MEI,MS,ASO,ES,Federal Contract Tower,0,6,13,118,137,0,4,28,28,60,0,10,41,146,197,46,144,190,387
02/10/2023,MEI,MS,ASO,ES,Federal Contract Tower,0,6,21,99,126,0,3,27,11,41,0,9,48,110,167,38,161,199,366
02/11/2023,MEI,MS,ASO,ES,Federal Contract Tower,0,6,5,5,16,0,1,3,0,4,0,7,8,5,20,0,0,0,20
02/12/2023,MEI,MS,ASO,ES,Federal Contract Tower,0,6,21,35,62,0,13,43,8,64,0,19,64,43,126,70,30,100,226
02/13/2023,MEI,MS,ASO,ES,Federal Contract Tower,0,6,18,90,114,0,4,45,9,58,0,10,63,99,172,40,164,204,376
02/14/2023,MEI,MS,ASO,ES,Federal Contract Tower,0,6,18,98,122,0,8,31,30,69,0,14,49,128,191,22,194,216,407
02/15/2023,MEI,MS,ASO,ES,Federal Contract Tower,0,7,20,80,107,0,12,16,9,37,0,19,36,89,144,38,90,128,272
02/16/2023,MEI,MS,ASO,ES,Federal Contract Tower,0,6,8,40,54,0,0,2,0,2,0,6,10,40,56,0,2,2,58
02/17/2023,MEI,MS,ASO,ES,Federal Contract Tower,0,6,23,74,103,0,11,27,16,54,0,17,50,90,157,54,60,114,271
02/18/2023,MEI,MS,ASO,ES,Federal Contract Tower,0,6,18,12,36,0,8,91,0,99,0,14,109,12,135,74,2,76,211
02/19/2023,MEI,MS,ASO,ES,Federal Contract Tower,0,6,17,9,32,0,2,16,7,25,0,8,33,16,57,12,8,20,77
02/20/2023,MEI,MS,ASO,ES,Federal Contract Tower,0,6,18,13,37,0,3,11,0,14,0,9,29,13,51,10,16,26,77
02/21/2023,MEI,MS,ASO,ES,Federal Contract Tower,0,4,23,93,120,0,4,9,33,46,0,8,32,126,166,48,96,144,310
02/22/2023,MEI,MS,ASO,ES,Federal Contract Tower,0,8,7,66,81,0,2,16,10,28,0,10,23,76,109,0,136,136,245
02/23/2023,MEI,MS,ASO,ES,Federal Contract Tower,0,5,23,129,157,0,10,65,5,80,0,15,88,134,237,132,248,380,617
02/24/2023,MEI,MS,ASO,ES,Federal Contract Tower,0,10,22,90,122,0,7,13,8,28,0,17,35,98,150,22,64,86,236
02/25/2023,MEI,MS,ASO,ES,Federal Contract Tower,0,6,10,39,55,0,4,16,0,20,0,10,26,39,75,110,4,114,189
02/26/2023,MEI,MS,ASO,ES,Federal Contract Tower,0,7,12,24,43,0,3,15,1,19,0,10,27,25,62,12,2,14,76
02/27/2023,MEI,MS,ASO,ES,Federal Contract Tower,0,11,27,60,98,0,10,11,3,24,0,21,38,63,122,48,130,178,300
02/28/2023,MEI,MS,ASO,ES,Federal Contract Tower,0,6,33,114,153,0,5,24,10,39,0,11,57,124,192,26,106,132,324
03/01/2023,MEI,MS,ASO,ES,Federal Contract Tower,0,6,21,118,145,0,1,8,3,12,0,7,29,121,157,26,96,122,279
03/02/2023,MEI,MS,ASO,ES,Federal Contract Tower,0,7,19,77,103,0,4,24,18,46,0,11,43,95,149,26,88,114,263
03/03/2023,MEI,MS,ASO,ES,Federal Contract Tower,0,6,17,18,41,0,10,17,27,54,0,16,34,45,95,24,134,158,253
03/04/2023,MEI,MS,ASO,ES,Federal Contract Tower,0,2,24,14,40,0,8,39,11,58,0,10,63,25,98,54,80,134,232
03/05/2023,MEI,MS,ASO,ES,Federal Contract Tower,0,5,12,26,43,0,6,41,10,57,0,11,53,36,100,88,16,104,204
03/06/2023,MEI,MS,ASO,ES,Federal Contract Tower,0,9,28,59,96,0,4,16,3,23,0,13,44,62,119,8,12,20,139
03/07/2023,MEI,MS,ASO,ES,Federal Contract Tower,0,7,18,84,109,0,7,12,7,26,0,14,30,91,135,10,48,58,193
03/08/2023,MEI,MS,ASO,ES,Federal Contract Tower,0,5,14,65,84,0,4,41,16,61,0,9,55,81,145,14,98,112,257
03/09/2023,MEI,MS,ASO,ES,Federal Contract Tower,0,18,15,76,109,0,0,0,0,0,0,18,15,76,109,0,0,0,109
03/10/2023,MEI,MS,ASO,ES,Federal Contract Tower,0,4,16,58,78,0,7,28,8,43,0,11,44,66,121,26,86,112,233
03/11/2023,MEI,MS,ASO,ES,Federal Contract Tower,0,5,30,18,53,0,5,56,13,74,0,10,86,31,127,145,66,211,338
03/12/2023,MEI,MS,ASO,ES,Federal Contract Tower,0,4,3,3,10,0,0,0,0,0,0,4,3,3,10,0,0,0,10
03/13/2023,MEI,MS,ASO,ES,Federal Contract Tower,0,6,12,88,106,0,8,27,7,42,0,14,39,95,148,2,64,66,214
03/14/2023,MEI,MS,ASO,ES,Federal Contract Tower,0,8,11,82,101,0,7,45,8,60,0,15,56,90,161,98,132,230,391
03/15/2023,MEI,MS,ASO,ES,Federal Contract Tower,0,6,24,77,107,0,3,31,20,54,0,9,55,97,161,76,132,208,369
03/16/2023,MEI,MS,ASO,ES,Federal Contract Tower,0,4,14,115,133,0,6,59,37,102,0,10,73,152,235,24,168,192,427
03/17/2023,MEI,MS,ASO,ES,Federal Contract Tower,0,4,19,27,50,0,6,12,23,41,0,10,31,50,91,20,58,78,169
03/18/2023,MEI,MS,ASO,ES,Federal Contract Tower,0,3,23,9,35,0,6,50,16,72,0,9,73,25,107,188,34,222,329
03/19/2023,MEI,MS,ASO,ES,Federal Contract Tower,0,6,30,21,57,0,5,18,4,27,0,11,48,25,84,56,20,76,160
03/20/2023,MEI,MS,ASO,ES,Federal Contract Tower,0,4,23,103,130,0,7,25,10,42,0,11,48,113,172,24,80,104,276
03/21/2023,MEI,MS,ASO,ES,Federal Contract Tower,0,3,12,98,113,0,6,22,16,44,0,9,34,114,157,73,94,167,324
03/22/2023,MEI,MS,ASO,ES,Federal Contract Tower,0,7,34,160,201,0,8,45,25,78,0,15,79,185,279,146,174,320,599
03/23/2023,MEI,MS,ASO,ES,Federal Contract Tower,0,9,22,88,119,0,3,27,17,47,0,12,49,105,166,46,172,218,384
03/24/2023,MEI,MS,ASO,ES,Federal Contract Tower,0,15,15,88,118,0,9,18,11,38,0,24,33,99,156,56,176,232,388
03/25/2023,MEI,MS,ASO,ES,Federal Contract Tower,0,5,23,8,36,0,15,58,2,75,0,20,81,10,111,78,0,78,189
03/26/2023,MEI,MS,ASO,ES,Federal Contract Tower,0,4,15,1,20,0,7,11,13,31,0,11,26,14,51,18,18,36,87
03/27/2023,MEI,MS,ASO,ES,Federal Contract Tower,0,4,23,97,124,0,6,26,11,43,0,10,49,108,167,34,85,119,286
03/28/2023,MEI,MS,ASO,ES,Federal Contract Tower,0,6,15,80,101,0,4,16,9,29,0,10,31,89,130,72,44,116,246
03/29/2023,MEI,MS,ASO,ES,Federal Contract Tower,0,7,26,123,156,0,5,38,30,73,0,12,64,153,229,114,118,232,461
03/30/2023,MEI,MS,ASO,ES,Federal Contract Tower,0,3,17,121,141,0,5,38,26,69,0,8,55,147,210,74,186,260,470
03/31/2023,MEI,MS,ASO,ES,Federal Contract Tower,0,4,22,71,97,0,2,7,8,17,0,6,29,79,114,28,124,152,266
04/01/2023,MEI,MS,ASO,ES,Federal Contract Tower,0,2,19,11,32,0,3,28,11,42,0,5,47,22,74,40,16,56,130
04/02/2023,MEI,MS,ASO,ES,Federal Contract Tower,0,6,35,16,57,0,8,18,2,28,0,14,53,18,85,30,134,164,249
04/03/2023,MEI,MS,ASO,ES,Federal Contract Tower,0,5,9,128,142,0,8,18,4,30,0,13,27,132,172,56,196,252,424
04/04/2023,MEI,MS,ASO,ES,Federal Contract Tower,0,4,26,125,155,0,3,6,11,20,0,7,32,136,175,18,160,178,353
04/05/2023,MEI,MS,ASO,ES,Federal Contract Tower,0,7,12,126,145,0,2,9,3,14,0,9,21,129,159,25,79,104,263
04/06/2023,MEI,MS,ASO,ES,Federal Contract Tower,0,6,15,15,36,0,3,5,0,8,0,9,20,15,44,10,70,80,124
04/07/2023,MEI,MS,ASO,ES,Federal Contract Tower,0,5,7,44,56,0,0,1,4,5,0,5,8,48,61,0,18,18,79
04/08/2023,MEI,MS,ASO,ES,Federal Contract Tower,0,4,3,0,7,0,0,0,0,0,0,4,3,0,7,0,0,0,7
04/09/2023,MEI,MS,ASO,ES,Federal Contract Tower,0,9,19,4,32,0,11,14,1,26,0,20,33,5,58,0,0,0,58
04/10/2023,MEI,MS,ASO,ES,Federal Contract Tower,0,6,23,95,124,0,9,41,9,59,0,15,64,104,183,90,186,276,459
04/11/2023,MEI,MS,ASO,ES,Federal Contract Tower,0,4,12,113,129,0,9,37,16,62,0,13,49,129,191,66,140,206,397
04/12/2023,MEI,MS,ASO,ES,Federal Contract Tower,0,6,21,100,127,0,9,33,17,59,0,15,54,117,186,80,278,358,544
04/13/2023,MEI,MS,ASO,ES,Federal Contract Tower,0,5,10,2,17,0,1,11,0,12,0,6,21,2,29,40,0,40,69
04/14/2023,MEI,MS,ASO,ES,Federal Contract Tower,0,4,24,134,162,0,19,43,23,85,0,23,67,157,247,42,334,376,623
04/15/2023,MEI,MS,ASO,ES,Federal Contract Tower,0,4,12,10,26,0,6,11,18,35,0,10,23,28,61,40,0,40,101
04/16/2023,MEI,MS,ASO,ES,Federal Contract Tower,0,4,17,29,50,0,10,12,33,55,0,14,29,62,105,20,42,62,167
04/17/2023,MEI,MS,ASO,ES,Federal Contract Tower,0,4,16,112,132,0,3,28,10,41,0,7,44,122,173,92,84,176,349
04/18/2023,MEI,MS,ASO,ES,Federal Contract Tower,0,5,14,183,202,0,12,28,10,50,0,17,42,193,252,32,100,132,384
04/19/2023,MEI,MS,ASO,ES,Federal Contract Tower,0,7,23,163,193,0,8,42,27,77,0,15,65,190,270,40,166,206,476
04/20/2023,MEI,MS,ASO,ES,Federal Contract Tower,0,6,22,137,165,0,15,28,13,56,0,21,50,150,221,76,210,286,507
04/21/2023,MEI,MS,ASO,ES,Federal Contract Tower,0,9,19,75,103,0,3,24,7,34,0,12,43,82,137,40,182,222,359
04/22/2023,MEI,MS,ASO,ES,Federal Contract Tower,0,5,16,16,37,0,14,41,10,65,0,19,57,26,102,103,57,160,262
04/23/2023,MEI,MS,ASO,ES,Federal Contract Tower,0,7,18,18,43,0,5,11,0,16,0,12,29,18,59,85,11,96,155
04/24/2023,MEI,MS,ASO,ES,Federal Contract Tower,0,5,22,101,128,0,0,20,8,28,0,5,42,109,156,0,200,200,356
04/25/2023,MEI,MS,ASO,ES,Federal Contract Tower,0,2,17,115,134,0,8,21,2,31,0,10,38,117,165,56,108,164,329
04/26/2023,MEI,MS,ASO,ES,Federal Contract Tower,0,12,24,163,199,0,0,16,33,49,0,12,40,196,248,48,346,394,642
04/27/2023,MEI,MS,ASO,ES,Federal Contract Tower,0,8,7,57,72,0,5,22,1,28,0,13,29,58,100,34,128,162,262
04/28/2023,MEI,MS,ASO,ES,Federal Contract Tower,0,6,18,124,148,0,12,44,30,86,0,18,62,154,234,44,310,354,588
04/29/2023,MEI,MS,ASO,ES,Federal Contract Tower,0,6,25,22,53,0,10,32,3,45,0,16,57,25,98,64,4,68,166
04/30/2023,MEI,MS,ASO,ES,Federal Contract Tower,0,4,17,17,38,0,9,21,8,38,0,13,38,25,76,12,8,20,96
05/01/2023,MEI,MS,ASO,ES,Federal Contract Tower,0,4,14,121,139,0,11,20,17,48,0,15,34,138,187,2,62,64,251
05/02/2023,MEI,MS,ASO,ES,Federal Contract Tower,0,2,16,147,165,0,3,40,24,67,0,5,56,171,232,58,78,136,368
05/03/2023,MEI,MS,ASO,ES,Federal Contract Tower,0,4,26,85,115,0,2,38,7,47,0,6,64,92,162,36,76,112,274
05/04/2023,MEI,MS,ASO,ES,Federal Contract Tower,0,6,37,100,143,0,1,22,23,46,0,7,59,123,189,130,110,240,429
05/05/2023,MEI,MS,ASO,ES,Federal Contract Tower,0,7,15,102,124,0,2,16,2,20,0,9,31,104,144,2,82,84,228
05/06/2023,MEI,MS,ASO,ES,Federal Contract Tower,0,2,21,40,63,0,6,16,5,27,0,8,37,45,90,22,66,88,178
05/07/2023,MEI,MS,ASO,ES,Federal Contract Tower,0,6,19,30,55,0,25,20,2,47,0,31,39,32,102,44,22,66,168
05/08/2023,MEI,MS,ASO,ES,Federal Contract Tower,0,5,24,64,93,0,3,11,8,22,0,8,35,72,115,0,5,5,120
05/09/2023,MEI,MS,ASO,ES,Federal Contract Tower,0,5,39,106,150,0,8,20,9,37,0,13,59,115,187,44,116,160,347
05/10/2023,MEI,MS,ASO,ES,Federal Contract Tower,0,6,14,80,100,0,2,11,2,15,0,8,25,82,115,30,46,76,191
05/11/2023,MEI,MS,ASO,ES,Federal Contract Tower,0,4,26,75,105,0,5,14,5,24,0,9,40,80,129,23,124,147,276
05/12/2023,MEI,MS,ASO,ES,Federal Contract Tower,0,8,23,75,106,0,0,24,12,36,0,8,47,87,142,26,94,120,262
05/13/2023,MEI,MS,ASO,ES,Federal Contract Tower,0,6,14,12,32,0,9,69,7,85,0,15,83,19,117,186,22,208,325
05/14/2023,MEI,MS,ASO,ES,Federal Contract Tower,0,2,17,20,39,0,6,14,4,24,0,8,31,24,63,0,0,0,63
05/15/2023,MEI,MS,ASO,ES,Federal Contract Tower,0,5,10,110,125,0,9,18,8,35,0,14,28,118,160,154,174,328,488
05/16/2023,MEI,MS,ASO,ES,Federal Contract Tower,0,3,5,38,46,0,2,6,13,21,0,5,11,51,67,45,22,67,134
05/17/2023,MEI,MS,ASO,ES,Federal Contract Tower,0,8,9,64,81,0,0,12,8,20,0,8,21,72,101,43,74,117,218
05/18/2023,MEI,MS,ASO,ES,Federal Contract Tower,0,6,17,73,96,0,5,24,9,38,0,11,41,82,134,0,2,2,136
05/19/2023,MEI,MS,ASO,ES,Federal Contract Tower,0,4,25,87,116,0,6,15,4,25,0,10,40,91,141,12,0,12,153
05/20/2023,MEI,MS,ASO,ES,Federal Contract Tower,0,3,7,6,16,0,7,15,0,22,0,10,22,6,38,40,0,40,78
05/21/2023,MEI,MS,ASO,ES,Federal Contract Tower,0,6,25,17,48,0,3,32,9,44,0,9,57,26,92,14,12,26,118
05/22/2023,MEI,MS,ASO,ES,Federal Contract Tower,0,4,28,92,124,0,0,31,13,44,0,4,59,105,168,42,66,108,276
05/23/2023,MEI,MS,ASO,ES,Federal Contract Tower,0,5,18,80,103,0,7,17,8,32,0,12,35,88,135,10,17,27,162
05/24/2023,MEI,MS,ASO,ES,Federal Contract Tower,0,7,6,85,98,0,3,8,2,13,0,10,14,87,111,14,0,14,125
05/25/2023,MEI,MS,ASO,ES,Federal Contract Tower,0,11,39,121,171,0,14,48,35,97,0,25,87,156,268,102,160,262,530
05/26/2023,MEI,MS,ASO,ES,Federal Contract Tower,0,8,27,63,98,0,8,53,1,62,0,16,80,64,160,62,28,90,250
05/27/2023,MEI,MS,ASO,ES,Federal Contract Tower,0,2,7,0,9,0,6,42,0,48,0,8,49,0,57,80,0,80,137
05/28/2023,MEI,MS,ASO,ES,Federal Contract Tower,0,5,15,8,28,0,3,16,2,21,0,8,31,10,49,8,0,8,57
05/29/2023,MEI,MS,ASO,ES,Federal Contract Tower,0,6,17,2,25,0,5,32,4,41,0,11,49,6,66,26,0,26,92
05/30/2023,MEI,MS,ASO,ES,Federal Contract Tower,0,2,19,117,138,0,6,23,9,38,0,8,42,126,176,4,98,102,278
05/31/2023,MEI,MS,ASO,ES,Federal Contract Tower,0,6,21,45,72,0,4,13,18,35,0,10,34,63,107,22,60,82,189
06/01/2023,MEI,MS,ASO,ES,Federal Contract Tower,0,8,29,65,102,0,5,27,12,44,0,13,56,77,146,108,20,128,274
06/02/2023,MEI,MS,ASO,ES,Federal Contract Tower,0,4,18,89,111,0,4,29,28,61,0,8,47,117,172,80,148,228,400
06/03/2023,MEI,MS,ASO,ES,Federal Contract Tower,0,4,16,20,40,0,4,27,6,37,0,8,43,26,77,16,70,86,163
06/04/2023,MEI,MS,ASO,ES,Federal Contract Tower,0,4,16,20,40,0,4,27,6,37,0,8,43,26,77,16,70,86,163
06/05/2023,MEI,MS,ASO,ES,Federal Contract Tower,0,6,19,37,62,0,3,14,1,18,0,9,33,38,80,18,2,20,100
06/06/2023,MEI,MS,ASO,ES,Federal Contract Tower,0,4,21,144,169,0,4,18,5,27,0,8,39,149,196,34,88,122,318
06/07/2023,MEI,MS,ASO,ES,Federal Contract Tower,0,10,19,146,175,0,8,29,6,43,0,18,48,152,218,97,289,386,604
06/08/2023,MEI,MS,ASO,ES,Federal Contract Tower,0,5,20,70,95,0,5,23,18,46,0,10,43,88,141,2,168,170,311
06/09/2023,MEI,MS,ASO,ES,Federal Contract Tower,0,6,12,72,90,0,3,31,6,40,0,9,43,78,130,72,46,118,248
06/10/2023,MEI,MS,ASO,ES,Federal Contract Tower,0,1,10,4,15,0,2,23,2,27,0,3,33,6,42,28,0,28,70
06/11/2023,MEI,MS,ASO,ES,Federal Contract Tower,0,5,29,35,69,0,5,12,13,30,0,10,41,48,99,2,80,82,181
06/12/2023,MEI,MS,ASO,ES,Federal Contract Tower,0,8,22,48,78,0,7,16,9,32,0,15,38,57,110,10,40,50,160
06/13/2023,MEI,MS,ASO,ES,Federal Contract Tower,0,2,28,26,56,0,4,7,9,20,0,6,35,35,76,32,6,38,114
06/14/2023,MEI,MS,ASO,ES,Federal Contract Tower,0,5,12,73,90,0,2,23,7,32,0,7,35,80,122,16,98,114,236
06/15/2023,MEI,MS,ASO,ES,Federal Contract Tower,0,4,15,17,36,0,6,10,13,29,0,10,25,30,65,63,26,89,154
06/16/2023,MEI,MS,ASO,ES,Federal Contract Tower,0,4,9,57,70,0,4,28,23,55,0,8,37,80,125,90,136,226,351
06/17/2023,MEI,MS,ASO,ES,Federal Contract Tower,0,2,4,9,15,0,3,37,4,44,0,5,41,13,59,80,4,84,143
06/18/2023,MEI,MS,ASO,ES,Federal Contract Tower,0,4,6,8,18,0,4,5,3,12,0,8,11,11,30,0,2,2,32
06/19/2023,MEI,MS,ASO,ES,Federal Contract Tower,0,4,15,22,41,0,1,18,4,23,0,5,33,26,64,48,16,64,128
06/20/2023,MEI,MS,ASO,ES,Federal Contract Tower,0,4,13,175,192,0,4,20,12,36,0,8,33,187,228,74,250,324,552
06/21/2023,MEI,MS,ASO,ES,Federal Contract Tower,0,5,14,116,135,0,4,12,22,38,0,9,26,138,173,32,268,300,473
06/22/2023,MEI,MS,ASO,ES,Federal Contract Tower,0,6,26,105,137,0,11,20,14,45,0,17,46,119,182,56,112,168,350
06/23/2023,MEI,MS,ASO,ES,Federal Contract Tower,0,5,19,80,104,0,6,29,14,49,0,11,48,94,153,94,139,233,386
06/24/2023,MEI,MS,ASO,ES,Federal Contract Tower,0,3,19,13,35,0,12,40,23,75,0,15,59,36,110,98,16,114,224
06/25/2023,MEI,MS,ASO,ES,Federal Contract Tower,0,10,17,52,79,0,14,36,8,58,0,24,53,60,137,84,26,110,247
06/26/2023,MEI,MS,ASO,ES,Federal Contract Tower,0,7,23,81,111,0,10,43,27,80,0,17,66,108,191,110,160,270,461
06/27/2023,MEI,MS,ASO,ES,Federal Contract Tower,0,6,24,125,155,0,6,24,20,50,0,12,48,145,205,34,201,235,440
06/28/2023,MEI,MS,ASO,ES,Federal Contract Tower,0,4,19,77,100,0,13,18,12,43,0,17,37,89,143,4,116,120,263
06/29/2023,MEI,MS,ASO,ES,Federal Contract Tower,0,4,12,75,91,0,8,28,14,50,0,12,40,89,141,72,30,102,243
06/30/2023,MEI,MS,ASO,ES,Federal Contract Tower,0,7,25,71,103,0,4,33,13,50,0,11,58,84,153,60,48,108,261
07/01/2023,MEI,MS,ASO,ES,Federal Contract Tower,0,5,19,6,30,0,8,38,0,46,0,13,57,6,76,2,0,2,78
07/02/2023,MEI,MS,ASO,ES,Federal Contract Tower,0,13,12,0,25,0,5,23,0,28,0,18,35,0,53,0,0,0,53
07/03/2023,MEI,MS,ASO,ES,Federal Contract Tower,0,4,15,3,22,0,3,9,0,12,0,7,24,3,34,26,0,26,60
07/04/2023,MEI,MS,ASO,ES,Federal Contract Tower,0,2,11,0,13,0,7,18,0,25,0,9,29,0,38,29,0,29,67
07/05/2023,MEI,MS,ASO,ES,Federal Contract Tower,0,4,25,22,51,0,3,12,1,16,0,7,37,23,67,18,82,100,167
07/06/2023,MEI,MS,ASO,ES,Federal Contract Tower,0,8,26,122,156,0,8,22,8,38,0,16,48,130,194,16,61,77,271
07/07/2023,MEI,MS,ASO,ES,Federal Contract Tower,0,3,31,45,79,0,4,15,8,27,0,7,46,53,106,0,36,36,142
07/08/2023,MEI,MS,ASO,ES,Federal Contract Tower,0,2,21,18,41,0,1,28,12,41,0,3,49,30,82,2,54,56,138
07/09/2023,MEI,MS,ASO,ES,Federal Contract Tower,0,6,12,15,33,0,5,12,4,21,0,11,24,19,54,4,0,4,58
07/10/2023,MEI,MS,ASO,ES,Federal Contract Tower,0,4,16,78,98,0,5,26,10,41,0,9,42,88,139,62,112,174,313
07/11/2023,MEI,MS,ASO,ES,Federal Contract Tower,0,5,21,117,143,0,2,38,8,48,0,7,59,125,191,62,122,184,375
07/12/2023,MEI,MS,ASO,ES,Federal Contract Tower,0,11,12,34,57,0,10,19,1,30,0,21,31,35,87,14,32,46,133
07/13/2023,MEI,MS,ASO,ES,Federal Contract Tower,0,4,15,34,53,0,0,10,0,10,0,4,25,34,63,0,24,24,87
07/14/2023,MEI,MS,ASO,ES,Federal Contract Tower,0,4,16,42,62,0,0,4,7,11,0,4,20,49,73,0,64,64,137
07/15/2023,MEI,MS,ASO,ES,Federal Contract Tower,0,2,18,18,38,0,5,11,7,23,0,7,29,25,61,20,38,58,119
07/16/2023,MEI,MS,ASO,ES,Federal Contract Tower,0,9,25,43,77,0,13,37,10,60,0,22,62,53,137,10,68,78,215
07/17/2023,MEI,MS,ASO,ES,Federal Contract Tower,0,4,20,92,116,0,4,43,6,53,0,8,63,98,169,34,136,170,339
07/18/2023,MEI,MS,ASO,ES,Federal Contract Tower,0,3,23,110,136,0,5,42,22,69,0,8,65,132,205,62,136,198,403
07/19/2023,MEI,MS,ASO,ES,Federal Contract Tower,0,10,27,150,187,0,4,30,26,60,0,14,57,176,247,40,240,280,527
07/20/2023,MEI,MS,ASO,ES,Federal Contract Tower,0,7,19,116,142,0,1,21,6,28,0,8,40,122,170,28,102,130,300
07/21/2023,MEI,MS,ASO,ES,Federal Contract Tower,0,4,29,126,159,0,5,21,14,40,0,9,50,140,199,150,240,390,589
07/22/2023,MEI,MS,ASO,ES,Federal Contract Tower,0,1,9,18,28,0,5,23,2,30,0,6,32,20,58,42,8,50,108
07/23/2023,MEI,MS,ASO,ES,Federal Contract Tower,0,4,16,16,36,0,17,61,10,88,0,21,77,26,124,52,20,72,196
07/24/2023,MEI,MS,ASO,ES,Federal Contract Tower,0,5,21,145,171,0,5,30,27,62,0,10,51,172,233,26,110,136,369
07/25/2023,MEI,MS,ASO,ES,Federal Contract Tower,0,4,23,91,118,0,6,25,157,188,0,10,48,248,306,10,52,62,368
07/26/2023,MEI,MS,ASO,ES,Federal Contract Tower,0,4,25,147,176,0,10,16,20,46,0,14,41,167,222,20,218,238,460
07/27/2023,MEI,MS,ASO,ES,Federal Contract Tower,0,5,34,77,116,0,5,25,13,43,0,10,59,90,159,26,26,52,211
07/28/2023,MEI,MS,ASO,ES,Federal Contract Tower,0,7,11,94,112,0,4,24,10,38,0,11,35,104,150,0,52,52,202
07/29/2023,MEI,MS,ASO,ES,Federal Contract Tower,0,2,26,8,36,0,7,20,0,27,0,9,46,8,63,40,0,40,103
07/30/2023,MEI,MS,ASO,ES,Federal Contract Tower,0,4,12,11,27,0,4,23,7,34,0,8,35,18,61,26,0,26,87
07/31/2023,MEI,MS,ASO,ES,Federal Contract Tower,0,11,15,80,106,0,8,29,7,44,0,19,44,87,150,28,16,44,194
08/01/2023,MEI,MS,ASO,ES,Federal Contract Tower,0,3,18,151,172,0,6,35,12,53,0,9,53,163,225,34,182,216,441
08/02/2023,MEI,MS,ASO,ES,Federal Contract Tower,0,5,19,178,202,0,7,37,26,70,0,12,56,204,272,14,124,138,410
08/03/2023,MEI,MS,ASO,ES,Federal Contract Tower,0,4,9,121,134,0,10,30,9,49,0,14,39,130,183,74,134,208,391
08/04/2023,MEI,MS,ASO,ES,Federal Contract Tower,0,8,4,65,77,0,4,21,17,42,0,12,25,82,119,24,106,130,249
08/05/2023,MEI,MS,ASO,ES,Federal Contract Tower,0,4,13,19,36,0,0,32,5,37,0,4,45,24,73,34,14,48,121
08/06/2023,MEI,MS,ASO,ES,Federal Contract Tower,0,6,11,30,47,0,10,34,14,58,0,16,45,44,105,72,68,140,245
08/07/2023,MEI,MS,ASO,ES,Federal Contract Tower,0,3,7,97,107,0,5,23,32,60,0,8,30,129,167,22,100,122,289
08/08/2023,MEI,MS,ASO,ES,Federal Contract Tower,0,2,16,65,83,0,10,8,1,19,0,12,24,66,102,22,30,52,154
08/09/2023,MEI,MS,ASO,ES,Federal Contract Tower,0,5,26,195,226,0,11,42,14,67,0,16,68,209,293,18,303,321,614
08/10/2023,MEI,MS,ASO,ES,Federal Contract Tower,0,6,12,88,106,0,9,16,13,38,0,15,28,101,144,52,88,140,284
08/11/2023,MEI,MS,ASO,ES,Federal Contract Tower,0,7,16,127,150,0,5,15,13,33,0,12,31,140,183,20,198,218,401
08/12/2023,MEI,MS,ASO,ES,Federal Contract Tower,0,3,15,33,51,0,4,30,9,43,0,7,45,42,94,0,32,32,126
08/13/2023,MEI,MS,ASO,ES,Federal Contract Tower,0,4,11,39,54,0,4,25,7,36,0,8,36,46,90,12,0,12,102
08/14/2023,MEI,MS,ASO,ES,Federal Contract Tower,0,6,18,131,155,0,5,12,8,25,0,11,30,139,180,16,130,146,326
08/15/2023,MEI,MS,ASO,ES,Federal Contract Tower,0,2,9,148,159,0,10,41,27,78,0,12,50,175,237,14,124,138,375
08/16/2023,MEI,MS,ASO,ES,Federal Contract Tower,0,2,25,97,124,0,2,17,11,30,0,4,42,108,154,0,188,188,342
08/17/2023,MEI,MS,ASO,ES,Federal Contract Tower,0,10,18,102,130,0,2,34,6,42,0,12,52,108,172,8,146,154,326
08/18/2023,MEI,MS,ASO,ES,Federal Contract Tower,2,5,18,135,160,0,4,25,22,51,2,9,43,157,211,0,216,216,427
08/19/2023,MEI,MS,ASO,ES,Federal Contract Tower,0,5,8,14,27,0,4,18,2,24,0,9,26,16,51,40,48,88,139
08/20/2023,MEI,MS,ASO,ES,Federal Contract Tower,0,8,15,20,43,0,5,17,6,28,0,13,32,26,71,36,24,60,131
08/21/2023,MEI,MS,ASO,ES,Federal Contract Tower,2,4,12,131,149,0,8,26,21,55,2,12,38,152,204,2,154,156,360
08/22/2023,MEI,MS,ASO,ES,Federal Contract Tower,1,3,14,147,165,0,4,45,6,55,1,7,59,153,220,36,222,258,478
08/23/2023,MEI,MS,ASO,ES,Federal Contract Tower,0,9,10,60,79,0,6,22,7,35,0,15,32,67,114,72,60,132,246
08/24/2023,MEI,MS,ASO,ES,Federal Contract Tower,0,5,15,106,126,0,11,19,29,59,0,16,34,135,185,18,108,126,311
08/25/2023,MEI,MS,ASO,ES,Federal Contract Tower,0,4,15,85,104,0,5,28,19,52,0,9,43,104,156,54,94,148,304
08/26/2023,MEI,MS,ASO,ES,Federal Contract Tower,0,3,4,7,14,0,14,28,5,47,0,17,32,12,61,34,64,98,159
08/27/2023,MEI,MS,ASO,ES,Federal Contract Tower,0,4,8,4,16,0,5,22,3,30,0,9,30,7,46,10,0,10,56
08/28/2023,MEI,MS,ASO,ES,Federal Contract Tower,0,6,10,110,126,0,9,19,1,29,0,15,29,111,155,31,193,224,379
08/29/2023,MEI,MS,ASO,ES,Federal Contract Tower,0,3,12,50,65,0,4,16,17,37,0,7,28,67,102,0,125,125,227
08/30/2023,MEI,MS,ASO,ES,Federal Contract Tower,0,5,9,119,133,0,10,18,14,42,0,15,27,133,175,0,160,160,335
08/31/2023,MEI,MS,ASO,ES,Federal Contract Tower,1,13,15,105,134,0,3,34,12,49,1,16,49,117,183,10,102,112,295
01/01/2020,MEI,MS,ASO,CE,Federal Contract Tower,0,3,9,0,12,0,4,19,0,23,0,7,28,0,35,0,0,0,35
01/02/2020,MEI,MS,ASO,CE,Federal Contract Tower,0,3,4,0,7,0,0,2,0,2,0,3,6,0,9,12,0,12,21
01/03/2020,MEI,MS,ASO,CE,Federal Contract Tower,0,2,5,65,72,0,0,0,0,0,0,2,5,65,72,0,0,0,72
01/04/2020,MEI,MS,ASO,CE,Federal Contract Tower,0,6,7,0,13,0,2,22,1,25,0,8,29,1,38,12,0,12,50
01/05/2020,MEI,MS,ASO,CE,Federal Contract Tower,0,5,16,2,23,0,0,36,0,36,0,5,52,2,59,28,0,28,87
01/06/2020,MEI,MS,ASO,CE,Federal Contract Tower,0,5,21,67,93,0,2,20,3,25,0,7,41,70,118,44,110,154,272
01/07/2020,MEI,MS,ASO,CE,Federal Contract Tower,0,3,14,61,78,0,5,19,45,69,0,8,33,106,147,0,144,144,291
01/08/2020,MEI,MS,ASO,CE,Federal Contract Tower,0,4,14,38,56,0,5,40,6,51,0,9,54,44,107,126,78,204,311
01/09/2020,MEI,MS,ASO,CE,Federal Contract Tower,0,3,13,103,119,0,7,39,21,67,0,10,52,124,186,88,488,576,762
01/10/2020,MEI,MS,ASO,CE,Federal Contract Tower,0,3,9,61,73,0,1,0,0,1,0,4,9,61,74,0,28,28,102
01/11/2020,MEI,MS,ASO,CE,Federal Contract Tower,0,3,4,1,8,0,6,0,3,9,0,9,4,4,17,4,18,22,39
01/12/2020,MEI,MS,ASO,CE,Federal Contract Tower,0,3,13,19,35,0,5,12,0,17,0,8,25,19,52,4,0,4,56
01/13/2020,MEI,MS,ASO,CE,Federal Contract Tower,0,8,10,12,30,0,0,0,0,0,0,8,10,12,30,0,4,4,34
01/14/2020,MEI,MS,ASO,CE,Federal Contract Tower,0,5,9,2,16,0,0,0,0,0,0,5,9,2,16,0,0,0,16
01/15/2020,MEI,MS,ASO,CE,Federal Contract Tower,0,4,11,58,73,0,0,8,1,9,0,4,19,59,82,22,44,66,148
01/16/2020,MEI,MS,ASO,CE,Federal Contract Tower,0,3,9,35,47,0,14,5,39,58,0,17,14,74,105,16,162,178,283
01/17/2020,MEI,MS,ASO,CE,Federal Contract Tower,0,5,15,58,78,0,4,13,12,29,0,9,28,70,107,38,194,232,339
01/18/2020,MEI,MS,ASO,CE,Federal Contract Tower,0,3,3,14,20,0,4,0,0,4,0,7,3,14,24,0,0,0,24
01/19/2020,MEI,MS,ASO,CE,Federal Contract Tower,0,3,16,24,43,0,2,29,6,37,0,5,45,30,80,42,99,141,221
01/20/2020,MEI,MS,ASO,CE,Federal Contract Tower,0,5,25,13,43,0,4,29,4,37,0,9,54,17,80,46,10,56,136
01/21/2020,MEI,MS,ASO,CE,Federal Contract Tower,0,6,14,59,79,0,2,15,56,73,0,8,29,115,152,20,156,176,328
01/22/2020,MEI,MS,ASO,CE,Federal Contract Tower,0,3,17,83,103,0,3,10,10,23,0,6,27,93,126,20,48,68,194
01/23/2020,MEI,MS,ASO,CE,Federal Contract Tower,0,4,3,80,87,0,0,0,1,1,0,4,3,81,88,0,62,62,150
01/24/2020,MEI,MS,ASO,CE,Federal Contract Tower,0,3,10,89,102,0,4,12,63,79,0,7,22,152,181,22,184,206,387
01/25/2020,MEI,MS,ASO,CE,Federal Contract Tower,0,3,10,12,25,0,2,37,46,85,0,5,47,58,110,118,4,122,232
01/26/2020,MEI,MS,ASO,CE,Federal Contract Tower,0,3,10,9,22,0,0,5,1,6,0,3,15,10,28,0,0,0,28
01/27/2020,MEI,MS,ASO,CE,Federal Contract Tower,0,5,16,92,113,0,3,9,16,28,0,8,25,108,141,6,58,64,205
01/28/2020,MEI,MS,ASO,CE,Federal Contract Tower,0,3,10,85,98,0,0,22,5,27,0,3,32,90,125,28,112,140,265
01/29/2020,MEI,MS,ASO,CE,Federal Contract Tower,0,3,15,44,62,0,0,1,0,1,0,3,16,44,63,0,0,0,63
01/30/2020,MEI,MS,ASO,CE,Federal Contract Tower,0,3,10,56,69,0,5,18,3,26,0,8,28,59,95,58,124,182,277
01/31/2020,MEI,MS,ASO,CE,Federal Contract Tower,0,3,21,90,114,0,5,11,1,17,0,8,32,91,131,22,222,244,375
02/01/2020,MEI,MS,ASO,ES,Federal Contract Tower,0,3,13,44,60,0,4,15,2,21,0,7,28,46,81,42,44,86,167
02/02/2020,MEI,MS,ASO,ES,Federal Contract Tower,0,5,14,7,26,0,2,28,9,39,0,7,42,16,65,0,0,0,65
02/03/2020,MEI,MS,ASO,ES,Federal Contract Tower,0,3,18,78,99,0,4,16,0,20,0,7,34,78,119,14,138,152,271
02/04/2020,MEI,MS,ASO,ES,Federal Contract Tower,0,3,8,106,117,0,0,3,2,5,0,3,11,108,122,0,46,46,168
02/05/2020,MEI,MS,ASO,ES,Federal Contract Tower,0,3,5,10,18,0,0,0,0,0,0,3,5,10,18,0,0,0,18
02/06/2020,MEI,MS,ASO,ES,Federal Contract Tower,0,2,14,26,42,0,0,0,12,12,0,2,14,38,54,0,0,0,54
02/07/2020,MEI,MS,ASO,ES,Federal Contract Tower,0,3,22,95,120,0,3,34,12,49,0,6,56,107,169,36,134,170,339
02/08/2020,MEI,MS,ASO,ES,Federal Contract Tower,0,5,11,14,30,0,3,44,13,60,0,8,55,27,90,106,46,152,242
02/09/2020,MEI,MS,ASO,ES,Federal Contract Tower,0,3,12,32,47,0,0,21,28,49,0,3,33,60,96,20,38,58,154
02/10/2020,MEI,MS,ASO,ES,Federal Contract Tower,0,3,4,0,7,0,0,0,0,0,0,3,4,0,7,0,0,0,7
02/11/2020,MEI,MS,ASO,ES,Federal Contract Tower,0,5,11,45,61,0,0,0,0,0,0,5,11,45,61,0,0,0,61
02/12/2020,MEI,MS,ASO,ES,Federal Contract Tower,0,5,15,15,35,0,0,0,0,0,0,5,15,15,35,0,0,0,35
02/13/2020,MEI,MS,ASO,ES,Federal Contract Tower,0,3,13,70,86,0,7,2,16,25,0,10,15,86,111,0,50,50,161
02/14/2020,MEI,MS,ASO,ES,Federal Contract Tower,0,3,15,64,82,0,0,33,7,40,0,3,48,71,122,56,224,280,402
02/15/2020,MEI,MS,ASO,ES,Federal Contract Tower,0,3,2,33,38,0,6,54,3,63,0,9,56,36,101,14,30,44,145
02/16/2020,MEI,MS,ASO,ES,Federal Contract Tower,0,3,21,15,39,0,6,3,4,13,0,9,24,19,52,18,8,26,78
02/17/2020,MEI,MS,ASO,ES,Federal Contract Tower,0,5,25,8,38,0,2,9,0,11,0,7,34,8,49,18,0,18,67
02/18/2020,MEI,MS,ASO,ES,Federal Contract Tower,0,4,5,31,40,0,0,1,3,4,0,4,6,34,44,0,16,16,60
02/19/2020,MEI,MS,ASO,ES,Federal Contract Tower,0,3,11,45,59,0,0,0,0,0,0,3,11,45,59,0,0,0,59
02/20/2020,MEI,MS,ASO,ES,Federal Contract Tower,0,3,5,20,28,0,0,1,0,1,0,3,6,20,29,0,0,0,29
02/21/2020,MEI,MS,ASO,ES,Federal Contract Tower,0,3,25,64,92,0,6,41,21,68,0,9,66,85,160,56,158,214,374
02/22/2020,MEI,MS,ASO,ES,Federal Contract Tower,0,3,16,20,39,0,3,31,44,78,0,6,47,64,117,34,144,178,295
02/23/2020,MEI,MS,ASO,ES,Federal Contract Tower,0,3,9,49,61,0,11,12,6,29,0,14,21,55,90,0,26,26,116
02/24/2020,MEI,MS,ASO,ES,Federal Contract Tower,0,4,12,24,40,0,1,2,0,3,0,5,14,24,43,10,50,60,103
02/25/2020,MEI,MS,ASO,ES,Federal Contract Tower,0,4,24,109,137,0,1,21,39,61,0,5,45,148,198,40,156,196,394
02/26/2020,MEI,MS,ASO,ES,Federal Contract Tower,0,3,3,77,83,0,0,7,0,7,0,3,10,77,90,0,96,96,186
02/27/2020,MEI,MS,ASO,ES,Federal Contract Tower,0,3,12,118,133,0,6,36,23,65,0,9,48,141,198,46,166,212,410
02/28/2020,MEI,MS,ASO,ES,Federal Contract Tower,0,3,12,75,90,0,7,22,14,43,0,10,34,89,133,22,150,172,305
02/29/2020,MEI,MS,ASO,ES,Federal Contract Tower,0,0,0,0,0,0,9,40,5,54,0,9,40,5,54,46,18,64,118
03/01/2020,MEI,MS,ASO,ES,Federal Contract Tower,0,3,14,65,82,0,8,26,8,42,0,11,40,73,124,14,62,76,200
03/02/2020,MEI,MS,ASO,ES,Federal Contract Tower,0,3,11,130,144,0,0,2,28,30,0,3,13,158,174,0,124,124,298
03/03/2020,MEI,MS,ASO,ES,Federal Contract Tower,0,3,16,38,57,0,4,15,4,23,0,7,31,42,80,22,109,131,211
03/04/2020,MEI,MS,ASO,ES,Federal Contract Tower,0,3,10,4,17,0,0,0,0,0,0,3,10,4,17,0,12,12,29
03/05/2020,MEI,MS,ASO,ES,Federal Contract Tower,0,3,18,53,74,0,3,2,8,13,0,6,20,61,87,0,8,8,95
03/06/2020,MEI,MS,ASO,ES,Federal Contract Tower,0,3,14,43,60,0,4,28,17,49,0,7,42,60,109,26,150,176,285
03/07/2020,MEI,MS,ASO,ES,Federal Contract Tower,0,4,6,10,20,0,1,37,3,41,0,5,43,13,61,34,44,78,139
03/08/2020,MEI,MS,ASO,ES,Federal Contract Tower,0,6,29,33,68,0,7,22,12,41,0,13,51,45,109,22,26,48,157
03/09/2020,MEI,MS,ASO,ES,Federal Contract Tower,0,3,12,50,65,0,0,17,4,21,0,3,29,54,86,0,92,92,178
03/10/2020,MEI,MS,ASO,ES,Federal Contract Tower,0,3,6,75,84,0,2,6,3,11,0,5,12,78,95,75,78,153,248
03/11/2020,MEI,MS,ASO,ES,Federal Contract Tower,0,5,15,37,57,0,2,3,7,12,0,7,18,44,69,4,58,62,131
03/12/2020,MEI,MS,ASO,ES,Federal Contract Tower,0,2,22,71,95,0,1,14,7,22,0,3,36,78,117,0,78,78,195
03/13/2020,MEI,MS,ASO,ES,Federal Contract Tower,0,3,15,108,126,0,2,5,10,17,0,5,20,118,143,2,18,20,163
03/14/2020,MEI,MS,ASO,ES,Federal Contract Tower,0,3,12,29,44,0,1,18,7,26,0,4,30,36,70,14,98,112,182
03/15/2020,MEI,MS,ASO,ES,Federal Contract Tower,0,3,22,41,66,0,5,18,5,28,0,8,40,46,94,34,9,43,137
03/16/2020,MEI,MS,ASO,ES,Federal Contract Tower,0,3,17,157,177,0,5,22,10,37,0,8,39,167,214,22,168,190,404
03/17/2020,MEI,MS,ASO,ES,Federal Contract Tower,0,3,17,104,124,0,2,20,74,96,0,5,37,178,220,38,156,194,414
03/18/2020,MEI,MS,ASO,ES,Federal Contract Tower,0,3,28,158,189,0,4,4,34,42,0,7,32,192,231,74,221,295,526
03/19/2020,MEI,MS,ASO,ES,Federal Contract Tower,0,3,6,138,147,0,3,11,3,17,0,6,17,141,164,14,188,202,366
03/20/2020,MEI,MS,ASO,ES,Federal Contract Tower,0,5,13,47,65,0,0,2,0,2,0,5,15,47,67,0,10,10,77
03/21/2020,MEI,MS,ASO,ES,Federal Contract Tower,0,3,12,1,16,0,0,7,2,9,0,3,19,3,25,0,0,0,25
03/22/2020,MEI,MS,ASO,ES,Federal Contract Tower,0,3,4,0,7,0,1,8,0,9,0,4,12,0,16,24,0,24,40
03/23/2020,MEI,MS,ASO,ES,Federal Contract Tower,0,3,6,72,81,0,0,4,0,4,0,3,10,72,85,12,64,76,161
03/24/2020,MEI,MS,ASO,ES,Federal Contract Tower,0,3,3,66,72,0,2,21,4,27,0,5,24,70,99,42,180,222,321
03/25/2020,MEI,MS,ASO,ES,Federal Contract Tower,0,4,10,26,40,0,1,13,24,38,0,5,23,50,78,38,110,148,226
03/26/2020,MEI,MS,ASO,ES,Federal Contract Tower,0,3,4,35,42,0,0,32,4,36,0,3,36,39,78,20,54,74,152
03/27/2020,MEI,MS,ASO,ES,Federal Contract Tower,0,3,8,55,66,0,2,10,7,19,0,5,18,62,85,16,14,30,115
03/28/2020,MEI,MS,ASO,ES,Federal Contract Tower,0,3,1,16,20,0,0,27,0,27,0,3,28,16,47,64,50,114,161
03/29/2020,MEI,MS,ASO,ES,Federal Contract Tower,0,3,8,0,11,0,4,40,2,46,0,7,48,2,57,44,8,52,109
03/30/2020,MEI,MS,ASO,ES,Federal Contract Tower,0,3,7,41,51,0,5,23,9,37,0,8,30,50,88,26,106,132,220
03/31/2020,MEI,MS,ASO,ES,Federal Contract Tower,0,3,3,66,72,0,4,14,8,26,0,7,17,74,98,20,124,144,242
04/01/2020,MEI,MS,ASO,ES,Federal Contract Tower,0,7,7,58,72,0,4,31,6,41,0,11,38,64,113,34,124,158,271
04/02/2020,MEI,MS,ASO,ES,Federal Contract Tower,0,3,7,39,49,0,0,18,23,41,0,3,25,62,90,0,36,36,126
04/03/2020,MEI,MS,ASO,ES,Federal Contract Tower,0,3,7,45,55,0,1,7,0,8,0,4,14,45,63,18,0,18,81
04/04/2020,MEI,MS,ASO,ES,Federal Contract Tower,0,3,0,20,23,0,4,16,4,24,0,7,16,24,47,12,184,196,243
04/05/2020,MEI,MS,ASO,ES,Federal Contract Tower,0,3,5,0,8,0,2,17,0,19,0,5,22,0,27,28,0,28,55
04/06/2020,MEI,MS,ASO,ES,Federal Contract Tower,0,3,0,40,43,0,5,22,7,34,0,8,22,47,77,14,158,172,249
04/07/2020,MEI,MS,ASO,ES,Federal Contract Tower,0,2,4,8,14,0,0,3,2,5,0,2,7,10,19,0,6,6,25
04/08/2020,MEI,MS,ASO,ES,Federal Contract Tower,0,3,5,36,44,0,0,4,3,7,0,3,9,39,51,36,0,36,87
04/09/2020,MEI,MS,ASO,ES,Federal Contract Tower,0,1,3,39,43,0,4,12,3,19,0,5,15,42,62,0,174,174,236
04/10/2020,MEI,MS,ASO,ES,Federal Contract Tower,0,3,0,21,24,0,0,10,5,15,0,3,10,26,39,8,82,90,129
04/11/2020,MEI,MS,ASO,ES,Federal Contract Tower,0,2,2,32,36,0,0,54,5,59,0,2,56,37,95,18,96,114,209
04/12/2020,MEI,MS,ASO,ES,Federal Contract Tower,3,0,0,0,3,0,0,0,0,0,3,0,0,0,3,0,0,0,3
04/13/2020,MEI,MS,ASO,ES,Federal Contract Tower,0,3,12,84,99,0,4,10,5,19,0,7,22,89,118,30,104,134,252
04/14/2020,MEI,MS,ASO,ES,Federal Contract Tower,0,2,8,127,137,0,4,17,14,35,0,6,25,141,172,24,136,160,332
04/15/2020,MEI,MS,ASO,ES,Federal Contract Tower,0,3,6,42,51,0,5,11,19,35,0,8,17,61,86,0,38,38,124
04/16/2020,MEI,MS,ASO,ES,Federal Contract Tower,0,3,11,58,72,0,1,13,6,20,0,4,24,64,92,8,70,78,170
04/17/2020,MEI,MS,ASO,ES,Federal Contract Tower,0,3,3,55,61,0,4,29,8,41,0,7,32,63,102,12,110,122,224
04/18/2020,MEI,MS,ASO,ES,Federal Contract Tower,0,2,4,17,23,0,3,19,1,23,0,5,23,18,46,18,14,32,78
04/19/2020,MEI,MS,ASO,ES,Federal Contract Tower,0,3,0,0,3,0,0,2,0,2,0,3,2,0,5,0,0,0,5
04/20/2020,MEI,MS,ASO,ES,Federal Contract Tower,0,6,7,58,71,0,4,12,8,24,0,10,19,66,95,16,66,82,177
04/21/2020,MEI,MS,ASO,ES,Federal Contract Tower,0,2,14,47,63,0,0,29,38,67,0,2,43,85,130,28,108,136,266
04/22/2020,MEI,MS,ASO,ES,Federal Contract Tower,0,3,5,62,70,0,0,6,10,16,0,3,11,72,86,8,87,95,181
04/23/2020,MEI,MS,ASO,ES,Federal Contract Tower,0,3,4,52,59,0,4,0,8,12,0,7,4,60,71,0,8,8,79
04/24/2020,MEI,MS,ASO,ES,Federal Contract Tower,0,3,6,78,87,0,1,33,16,50,0,4,39,94,137,62,128,190,327
04/25/2020,MEI,MS,ASO,ES,Federal Contract Tower,0,2,3,53,58,0,4,7,14,25,0,6,10,67,83,20,36,56,139
04/26/2020,MEI,MS,ASO,ES,Federal Contract Tower,0,4,8,12,24,0,9,34,14,57,0,13,42,26,81,8,56,64,145
04/27/2020,MEI,MS,ASO,ES,Federal Contract Tower,0,3,16,102,121,0,2,45,12,59,0,5,61,114,180,70,124,194,374
04/28/2020,MEI,MS,ASO,ES,Federal Contract Tower,0,3,8,118,129,0,10,31,17,58,0,13,39,135,187,50,62,112,299
04/29/2020,MEI,MS,ASO,ES,Federal Contract Tower,0,3,1,85,89,0,1,8,7,16,0,4,9,92,105,0,84,84,189
04/30/2020,MEI,MS,ASO,ES,Federal Contract Tower,0,3,11,82,96,0,1,28,58,87,0,4,39,140,183,30,76,106,289
05/01/2020,MEI,MS,ASO,ES,Federal Contract Tower,0,2,14,81,97,0,10,29,16,55,0,12,43,97,152,34,226,260,412
05/02/2020,MEI,MS,ASO,ES,Federal Contract Tower,0,2,0,34,36,0,44,38,4,86,0,46,38,38,122,148,64,212,334
05/03/2020,MEI,MS,ASO,ES,Federal Contract Tower,0,2,13,23,38,0,7,26,11,44,0,9,39,34,82,16,54,70,152
05/04/2020,MEI,MS,ASO,ES,Federal Contract Tower,0,2,13,82,97,0,4,16,6,26,0,6,29,88,123,12,108,120,243
05/05/2020,MEI,MS,ASO,ES,Federal Contract Tower,0,2,9,106,117,0,2,9,5,16,0,4,18,111,133,0,12,12,145
05/06/2020,MEI,MS,ASO,ES,Federal Contract Tower,0,2,11,126,139,0,4,14,49,67,0,6,25,175,206,8,103,111,317
05/07/2020,MEI,MS,ASO,ES,Federal Contract Tower,0,2,7,93,102,0,4,32,61,97,0,6,39,154,199,50,70,120,319
05/08/2020,MEI,MS,ASO,ES,Federal Contract Tower,0,4,5,27,36,0,0,2,7,9,0,4,7,34,45,20,32,52,97
05/09/2020,MEI,MS,ASO,ES,Federal Contract Tower,0,4,2,57,63,0,5,30,5,40,0,9,32,62,103,66,56,122,225
05/10/2020,MEI,MS,ASO,ES,Federal Contract Tower,0,3,3,24,30,0,5,29,9,43,0,8,32,33,73,26,80,106,179
05/11/2020,MEI,MS,ASO,ES,Federal Contract Tower,0,3,13,104,120,0,12,40,18,70,0,15,53,122,190,28,104,132,322
05/12/2020,MEI,MS,ASO,ES,Federal Contract Tower,0,8,10,121,139,0,4,29,80,113,0,12,39,201,252,24,134,158,410
05/13/2020,MEI,MS,ASO,ES,Federal Contract Tower,0,4,13,80,97,0,0,23,4,27,0,4,36,84,124,66,26,92,216
05/14/2020,MEI,MS,ASO,ES,Federal Contract Tower,0,4,6,49,59,0,0,6,0,6,0,4,12,49,65,0,20,20,85
05/15/2020,MEI,MS,ASO,ES,Federal Contract Tower,0,2,5,57,64,0,2,5,6,13,0,4,10,63,77,0,12,12,89
05/16/2020,MEI,MS,ASO,ES,Federal Contract Tower,0,2,0,38,40,0,5,17,6,28,0,7,17,44,68,8,40,48,116
05/17/2020,MEI,MS,ASO,ES,Federal Contract Tower,0,2,4,18,24,0,1,13,0,14,0,3,17,18,38,12,20,32,70
05/18/2020,MEI,MS,ASO,ES,Federal Contract Tower,0,2,13,40,55,0,1,10,3,14,0,3,23,43,69,16,20,36,105
05/19/2020,MEI,MS,ASO,ES,Federal Contract Tower,0,5,16,97,118,0,2,20,15,37,0,7,36,112,155,12,100,112,267
05/20/2020,MEI,MS,ASO,ES,Federal Contract Tower,0,2,10,95,107,0,1,30,6,37,0,3,40,101,144,12,162,174,318
05/21/2020,MEI,MS,ASO,ES,Federal Contract Tower,0,2,9,58,69,0,3,16,5,24,0,5,25,63,93,8,26,34,127
05/22/2020,MEI,MS,ASO,ES,Federal Contract Tower,0,2,21,16,39,0,4,8,10,22,0,6,29,26,61,4,0,4,65
05/23/2020,MEI,MS,ASO,ES,Federal Contract Tower,0,2,2,29,33,0,4,8,3,15,0,6,10,32,48,0,14,14,62
05/24/2020,MEI,MS,ASO,ES,Federal Contract Tower,0,2,3,34,39,0,8,35,8,51,0,10,38,42,90,68,16,84,174
05/25/2020,MEI,MS,ASO,ES,Federal Contract Tower,0,2,3,8,13,0,3,36,3,42,0,5,39,11,55,66,4,70,125
05/26/2020,MEI,MS,ASO,ES,Federal Contract Tower,0,2,32,47,81,0,0,4,3,7,0,2,36,50,88,10,73,83,171
05/27/2020,MEI,MS,ASO,ES,Federal Contract Tower,0,2,10,27,39,0,0,7,3,10,0,2,17,30,49,0,4,4,53
05/28/2020,MEI,MS,ASO,ES,Federal Contract Tower,0,5,7,77,89,0,4,19,18,41,0,9,26,95,130,4,112,116,246
05/29/2020,MEI,MS,ASO,ES,Federal Contract Tower,0,9,13,115,137,0,10,22,61,93,0,19,35,176,230,34,138,172,402
05/30/2020,MEI,MS,ASO,ES,Federal Contract Tower,0,3,9,28,40,0,4,27,7,38,0,7,36,35,78,28,18,46,124
05/31/2020,MEI,MS,ASO,ES,Federal Contract Tower,0,4,16,62,82,0,5,35,13,53,0,9,51,75,135,46,18,64,199
06/01/2020,MEI,MS,ASO,ES,Federal Contract Tower,0,4,22,108,134,0,4,25,18,47,0,8,47,126,181,28,156,184,365
06/02/2020,MEI,MS,ASO,ES,Federal Contract Tower,0,4,6,101,111,0,4,18,54,76,0,8,24,155,187,60,126,186,373
06/03/2020,MEI,MS,ASO,ES,Federal Contract Tower,0,3,9,23,35,0,5,3,3,11,0,8,12,26,46,26,8,34,80
06/04/2020,MEI,MS,ASO,ES,Federal Contract Tower,0,2,16,111,129,0,12,14,32,58,0,14,30,143,187,8,39,47,234
06/05/2020,MEI,MS,ASO,ES,Federal Contract Tower,0,2,6,85,93,0,5,31,48,84,0,7,37,133,177,42,84,126,303
06/06/2020,MEI,MS,ASO,ES,Federal Contract Tower,0,3,9,12,24,0,2,12,1,15,0,5,21,13,39,52,0,52,91
06/07/2020,MEI,MS,ASO,ES,Federal Contract Tower,0,3,10,7,20,0,0,3,0,3,0,3,13,7,23,25,2,27,50
06/08/2020,MEI,MS,ASO,ES,Federal Contract Tower,0,2,3,0,5,0,1,0,1,2,0,3,3,1,7,0,0,0,7
06/09/2020,MEI,MS,ASO,ES,Federal Contract Tower,0,2,6,199,207,0,8,22,44,74,0,10,28,243,281,28,208,236,517
06/10/2020,MEI,MS,ASO,ES,Federal Contract Tower,0,2,1,118,121,0,1,14,17,32,0,3,15,135,153,12,170,182,335
06/11/2020,MEI,MS,ASO,ES,Federal Contract Tower,0,2,12,154,168,0,8,37,15,60,0,10,49,169,228,88,160,248,476
06/12/2020,MEI,MS,ASO,ES,Federal Contract Tower,0,3,11,93,107,0,2,31,12,45,0,5,42,105,152,72,112,184,336
06/13/2020,MEI,MS,ASO,ES,Federal Contract Tower,0,2,12,29,43,0,2,49,6,57,0,4,61,35,100,122,38,160,260
06/14/2020,MEI,MS,ASO,ES,Federal Contract Tower,0,2,13,23,38,0,20,34,0,54,0,22,47,23,92,56,10,66,158
06/15/2020,MEI,MS,ASO,ES,Federal Contract Tower,0,2,12,103,117,0,9,15,27,51,0,11,27,130,168,26,169,195,363
06/16/2020,MEI,MS,ASO,ES,Federal Contract Tower,0,3,17,102,122,0,3,11,36,50,0,6,28,138,172,22,150,172,344
06/17/2020,MEI,MS,ASO,ES,Federal Contract Tower,0,3,17,102,122,0,3,11,36,50,0,6,28,138,172,22,150,172,344
06/18/2020,MEI,MS,ASO,ES,Federal Contract Tower,0,3,17,117,137,0,2,11,15,28,0,5,28,132,165,26,86,112,277
06/19/2020,MEI,MS,ASO,ES,Federal Contract Tower,0,2,13,104,119,0,1,27,11,39,0,3,40,115,158,34,128,162,320
06/20/2020,MEI,MS,ASO,ES,Federal Contract Tower,0,2,16,13,31,0,7,31,6,44,0,9,47,19,75,52,0,52,127
06/21/2020,MEI,MS,ASO,ES,Federal Contract Tower,0,4,18,58,80,0,2,40,14,56,0,6,58,72,136,56,32,88,224
06/22/2020,MEI,MS,ASO,ES,Federal Contract Tower,0,6,19,129,154,0,2,22,18,42,0,8,41,147,196,56,206,262,458
06/23/2020,MEI,MS,ASO,ES,Federal Contract Tower,0,3,20,186,209,0,8,23,10,41,0,11,43,196,250,32,97,129,379
06/24/2020,MEI,MS,ASO,ES,Federal Contract Tower,0,6,3,46,55,0,4,3,0,7,0,10,6,46,62,8,24,32,94
06/25/2020,MEI,MS,ASO,ES,Federal Contract Tower,0,2,19,136,157,0,8,2,32,42,0,10,21,168,199,42,176,218,417
06/26/2020,MEI,MS,ASO,ES,Federal Contract Tower,0,5,14,126,145,0,0,5,0,5,0,5,19,126,150,0,0,0,150
06/27/2020,MEI,MS,ASO,ES,Federal Contract Tower,0,2,12,20,34,0,5,15,18,38,0,7,27,38,72,26,28,54,126
06/28/2020,MEI,MS,ASO,ES,Federal Contract Tower,0,8,11,35,54,0,0,37,7,44,0,8,48,42,98,66,28,94,192
06/29/2020,MEI,MS,ASO,ES,Federal Contract Tower,0,4,9,112,125,0,4,16,16,36,0,8,25,128,161,82,187,269,430
06/30/2020,MEI,MS,ASO,ES,Federal Contract Tower,0,4,6,137,147,0,3,28,20,51,0,7,34,157,198,64,241,305,503
07/01/2020,MEI,MS,ASO,ES,Federal Contract Tower,0,3,10,50,63,0,0,10,31,41,0,3,20,81,104,86,62,148,252
07/02/2020,MEI,MS,ASO,ES,Federal Contract Tower,0,4,14,60,78,0,1,12,8,21,0,5,26,68,99,2,26,28,127
07/03/2020,MEI,MS,ASO,ES,Federal Contract Tower,0,3,11,13,27,0,7,43,0,50,0,10,54,13,77,110,16,126,203
07/04/2020,MEI,MS,ASO,ES,Federal Contract Tower,0,1,4,4,9,0,7,21,0,28,0,8,25,4,37,30,0,30,67
07/05/2020,MEI,MS,ASO,ES,Federal Contract Tower,2,6,12,5,25,0,1,27,0,28,2,7,39,5,53,20,0,20,73
07/06/2020,MEI,MS,ASO,ES,Federal Contract Tower,0,4,21,6,31,0,9,5,0,14,0,13,26,6,45,14,0,14,59
07/07/2020,MEI,MS,ASO,ES,Federal Contract Tower,0,2,11,69,82,0,0,5,8,13,0,2,16,77,95,0,20,20,115
07/08/2020,MEI,MS,ASO,ES,Federal Contract Tower,0,5,11,44,60,0,0,1,2,3,0,5,12,46,63,0,0,0,63
07/09/2020,MEI,MS,ASO,ES,Federal Contract Tower,0,7,10,46,63,0,21,7,4,32,0,28,17,50,95,20,28,48,143
07/10/2020,MEI,MS,ASO,ES,Federal Contract Tower,0,4,10,86,100,0,9,36,17,62,0,13,46,103,162,42,130,172,334
07/11/2020,MEI,MS,ASO,ES,Federal Contract Tower,0,2,20,23,45,0,5,52,24,81,0,7,72,47,126,80,32,112,238
07/12/2020,MEI,MS,ASO,ES,Federal Contract Tower,0,4,16,31,51,0,1,12,2,15,0,5,28,33,66,0,0,0,66
07/13/2020,MEI,MS,ASO,ES,Federal Contract Tower,0,4,17,105,126,0,0,11,4,15,0,4,28,109,141,20,110,130,271
07/14/2020,MEI,MS,ASO,ES,Federal Contract Tower,0,2,13,75,90,0,4,25,12,41,0,6,38,87,131,60,136,196,327
07/15/2020,MEI,MS,ASO,ES,Federal Contract Tower,0,3,15,35,53,0,5,12,1,18,0,8,27,36,71,4,40,44,115
07/16/2020,MEI,MS,ASO,ES,Federal Contract Tower,0,4,11,107,122,0,4,12,31,47,0,8,23,138,169,22,174,196,365
07/17/2020,MEI,MS,ASO,ES,Federal Contract Tower,0,3,30,120,153,0,13,15,12,40,0,16,45,132,193,48,232,280,473
07/18/2020,MEI,MS,ASO,ES,Federal Contract Tower,0,3,15,3,21,0,13,41,1,55,0,16,56,4,76,132,0,132,208
07/19/2020,MEI,MS,ASO,ES,Federal Contract Tower,2,4,17,16,39,0,3,36,3,42,2,7,53,19,81,88,12,100,181
07/20/2020,MEI,MS,ASO,ES,Federal Contract Tower,0,3,16,86,105,0,12,13,22,47,0,15,29,108,152,0,122,122,274
07/21/2020,MEI,MS,ASO,ES,Federal Contract Tower,0,3,12,126,141,0,18,27,18,63,0,21,39,144,204,54,130,184,388
07/22/2020,MEI,MS,ASO,ES,Federal Contract Tower,0,4,21,183,208,0,13,29,28,70,0,17,50,211,278,156,198,354,632
07/23/2020,MEI,MS,ASO,ES,Federal Contract Tower,0,7,18,105,130,0,9,33,19,61,0,16,51,124,191,98,160,258,449
07/24/2020,MEI,MS,ASO,ES,Federal Contract Tower,0,4,20,100,124,0,5,32,4,41,0,9,52,104,165,84,80,164,329
07/25/2020,MEI,MS,ASO,ES,Federal Contract Tower,0,3,11,7,21,0,12,32,4,48,0,15,43,11,69,120,8,128,197
07/26/2020,MEI,MS,ASO,ES,Federal Contract Tower,0,4,12,10,26,0,0,41,2,43,0,4,53,12,69,82,48,130,199
07/27/2020,MEI,MS,ASO,ES,Federal Contract Tower,0,4,5,61,70,0,1,24,10,35,0,5,29,71,105,62,106,168,273
07/28/2020,MEI,MS,ASO,ES,Federal Contract Tower,0,2,4,80,86,0,8,1,2,11,0,10,5,82,97,0,78,78,175
07/29/2020,MEI,MS,ASO,ES,Federal Contract Tower,0,5,15,74,94,0,2,7,4,13,0,7,22,78,107,0,86,86,193
07/30/2020,MEI,MS,ASO,ES,Federal Contract Tower,0,4,14,91,109,0,7,34,24,65,0,11,48,115,174,100,142,242,416
07/31/2020,MEI,MS,ASO,ES,Federal Contract Tower,0,3,19,108,130,0,6,22,8,36,0,9,41,116,166,110,88,198,364
08/01/2020,MEI,MS,ASO,ES,Federal Contract Tower,0,5,16,5,26,0,8,27,1,36,0,13,43,6,62,24,8,32,94
08/02/2020,MEI,MS,ASO,ES,Federal Contract Tower,0,3,9,14,26,0,2,29,1,32,0,5,38,15,58,30,0,30,88
08/03/2020,MEI,MS,ASO,ES,Federal Contract Tower,0,7,13,79,99,0,2,30,16,48,0,9,43,95,147,20,224,244,391
08/04/2020,MEI,MS,ASO,ES,Federal Contract Tower,0,3,9,66,78,0,5,37,17,59,0,8,46,83,137,36,138,174,311
08/05/2020,MEI,MS,ASO,ES,Federal Contract Tower,0,7,21,136,164,0,4,43,18,65,0,11,64,154,229,100,208,308,537
08/06/2020,MEI,MS,ASO,ES,Federal Contract Tower,0,3,24,78,105,0,9,68,76,153,0,12,92,154,258,66,174,240,498
08/07/2020,MEI,MS,ASO,ES,Federal Contract Tower,0,6,18,130,154,0,18,44,25,87,0,24,62,155,241,104,274,378,619
08/08/2020,MEI,MS,ASO,ES,Federal Contract Tower,0,2,13,9,24,0,12,54,4,70,0,14,67,13,94,92,8,100,194
08/09/2020,MEI,MS,ASO,ES,Federal Contract Tower,0,4,17,16,37,0,2,27,13,42,0,6,44,29,79,40,18,58,137
08/10/2020,MEI,MS,ASO,ES,Federal Contract Tower,0,8,13,98,119,0,8,8,7,23,0,16,21,105,142,6,152,158,300
08/11/2020,MEI,MS,ASO,ES,Federal Contract Tower,0,1,5,80,86,0,3,20,12,35,0,4,25,92,121,0,120,120,241
08/12/2020,MEI,MS,ASO,ES,Federal Contract Tower,0,3,25,118,146,0,2,22,23,47,0,5,47,141,193,76,186,262,455
08/13/2020,MEI,MS,ASO,ES,Federal Contract Tower,0,4,13,95,112,0,4,12,9,25,0,8,25,104,137,22,124,146,283
08/14/2020,MEI,MS,ASO,ES,Federal Contract Tower,0,5,11,74,90,0,8,16,9,33,0,13,27,83,123,34,74,108,231
08/15/2020,MEI,MS,ASO,ES,Federal Contract Tower,0,5,15,21,41,0,5,25,19,49,0,10,40,40,90,82,4,86,176
08/16/2020,MEI,MS,ASO,ES,Federal Contract Tower,0,5,12,38,55,0,6,19,7,32,0,11,31,45,87,2,4,6,93
08/17/2020,MEI,MS,ASO,ES,Federal Contract Tower,0,5,19,163,187,0,4,17,20,41,0,9,36,183,228,12,210,222,450
08/18/2020,MEI,MS,ASO,ES,Federal Contract Tower,0,2,13,89,104,0,4,12,17,33,0,6,25,106,137,34,134,168,305
08/19/2020,MEI,MS,ASO,ES,Federal Contract Tower,0,6,10,134,150,0,7,44,20,71,0,13,54,154,221,88,198,286,507
08/20/2020,MEI,MS,ASO,ES,Federal Contract Tower,0,4,22,56,82,0,0,21,14,35,0,4,43,70,117,36,186,222,339
08/21/2020,MEI,MS,ASO,ES,Federal Contract Tower,0,7,21,144,172,0,10,28,20,58,0,17,49,164,230,38,120,158,388
08/22/2020,MEI,MS,ASO,ES,Federal Contract Tower,0,2,13,32,47,0,8,38,4,50,0,10,51,36,97,80,14,94,191
08/23/2020,MEI,MS,ASO,ES,Federal Contract Tower,0,6,10,18,34,0,11,23,9,43,0,17,33,27,77,44,4,48,125
08/24/2020,MEI,MS,ASO,ES,Federal Contract Tower,0,4,5,29,38,0,17,3,6,26,0,21,8,35,64,2,34,36,100
08/25/2020,MEI,MS,ASO,ES,Federal Contract Tower,0,2,11,22,35,0,0,0,0,0,0,2,11,22,35,0,0,0,35
08/26/2020,MEI,MS,ASO,ES,Federal Contract Tower,0,0,7,89,96,0,5,7,4,16,0,5,14,93,112,0,32,32,144
08/27/2020,MEI,MS,ASO,ES,Federal Contract Tower,0,4,9,63,76,0,1,5,0,6,0,5,14,63,82,0,26,26,108
08/28/2020,MEI,MS,ASO,ES,Federal Contract Tower,0,4,1,4,9,0,2,1,5,8,0,6,2,9,17,0,14,14,31
08/29/2020,MEI,MS,ASO,ES,Federal Contract Tower,0,3,20,5,28,0,17,25,0,42,0,20,45,5,70,100,36,136,206
08/30/2020,MEI,MS,ASO,ES,Federal Contract Tower,0,7,10,51,68,0,3,9,3,15,0,10,19,54,83,6,0,6,89
08/31/2020,MEI,MS,ASO,ES,Federal Contract Tower,0,6,16,95,117,0,9,16,1,26,0,15,32,96,143,47,78,125,268
09/01/2020,MEI,MS,ASO,ES,Federal Contract Tower,0,2,17,104,123,0,0,25,13,38,0,2,42,117,161,28,110,138,299
09/02/2020,MEI,MS,ASO,ES,Federal Contract Tower,0,4,19,118,141,0,13,33,12,58,0,17,52,130,199,52,118,170,369
09/03/2020,MEI,MS,ASO,ES,Federal Contract Tower,0,4,24,61,89,0,12,31,15,58,0,16,55,76,147,144,112,256,403
09/04/2020,MEI,MS,ASO,ES,Federal Contract Tower,0,4,16,17,37,0,16,30,7,53,0,20,46,24,90,72,0,72,162
09/05/2020,MEI,MS,ASO,ES,Federal Contract Tower,0,1,4,17,22,0,3,43,5,51,0,4,47,22,73,56,26,82,155
09/06/2020,MEI,MS,ASO,ES,Federal Contract Tower,0,4,2,18,24,0,3,17,4,24,0,7,19,22,48,12,34,46,94
09/07/2020,MEI,MS,ASO,ES,Federal Contract Tower,0,4,21,20,45,0,6,33,0,39,0,10,54,20,84,64,32,96,180
09/08/2020,MEI,MS,ASO,ES,Federal Contract Tower,0,2,15,37,54,0,9,20,6,35,0,11,35,43,89,30,28,58,147
09/09/2020,MEI,MS,ASO,ES,Federal Contract Tower,0,9,16,45,70,0,0,31,44,75,0,9,47,89,145,86,125,211,356
09/10/2020,MEI,MS,ASO,ES,Federal Contract Tower,0,8,20,83,111,0,9,37,18,64,0,17,57,101,175,108,168,276,451
09/11/2020,MEI,MS,ASO,ES,Federal Contract Tower,0,4,20,35,59,0,6,37,27,70,0,10,57,62,129,74,146,220,349
09/12/2020,MEI,MS,ASO,ES,Federal Contract Tower,0,2,10,13,25,0,0,22,14,36,0,2,32,27,61,70,66,136,197
09/13/2020,MEI,MS,ASO,ES,Federal Contract Tower,0,4,13,12,29,0,9,14,5,28,0,13,27,17,57,32,26,58,115
09/14/2020,MEI,MS,ASO,ES,Federal Contract Tower,0,4,15,80,99,0,0,11,7,18,0,4,26,87,117,10,59,69,186
09/15/2020,MEI,MS,ASO,ES,Federal Contract Tower,0,2,6,63,71,0,6,0,8,14,0,8,6,71,85,0,50,50,135
09/16/2020,MEI,MS,ASO,ES,Federal Contract Tower,0,6,2,37,45,0,8,8,8,24,0,14,10,45,69,14,54,68,137
09/17/2020,MEI,MS,ASO,ES,Federal Contract Tower,0,5,32,95,132,0,6,26,21,53,0,11,58,116,185,42,132,174,359
09/18/2020,MEI,MS,ASO,ES,Federal Contract Tower,0,4,37,76,117,0,13,39,27,79,0,17,76,103,196,76,92,168,364
09/19/2020,MEI,MS,ASO,ES,Federal Contract Tower,0,2,18,27,47,0,6,46,6,58,0,8,64,33,105,88,20,108,213
09/20/2020,MEI,MS,ASO,ES,Federal Contract Tower,0,4,16,36,56,0,6,20,1,27,0,10,36,37,83,36,16,52,135
09/21/2020,MEI,MS,ASO,ES,Federal Contract Tower,0,4,15,55,74,0,8,19,3,30,0,12,34,58,104,52,144,196,300
09/22/2020,MEI,MS,ASO,ES,Federal Contract Tower,0,6,23,98,127,0,3,2,16,21,0,9,25,114,148,34,112,146,294
09/23/2020,MEI,MS,ASO,ES,Federal Contract Tower,0,6,21,132,159,0,3,7,2,12,0,9,28,134,171,18,24,42,213
09/24/2020,MEI,MS,ASO,ES,Federal Contract Tower,0,4,7,102,113,0,0,0,0,0,0,4,7,102,113,18,8,26,139
09/25/2020,MEI,MS,ASO,ES,Federal Contract Tower,0,5,20,156,181,0,3,25,2,30,0,8,45,158,211,42,124,166,377
09/26/2020,MEI,MS,ASO,ES,Federal Contract Tower,0,3,19,55,77,0,15,38,12,65,0,18,57,67,142,124,36,160,302
09/27/2020,MEI,MS,ASO,ES,Federal Contract Tower,0,6,11,21,38,0,4,26,6,36,0,10,37,27,74,16,12,28,102
09/28/2020,MEI,MS,ASO,ES,Federal Contract Tower,0,4,18,58,80,0,1,6,5,12,0,5,24,63,92,0,66,66,158
09/29/2020,MEI,MS,ASO,ES,Federal Contract Tower,0,3,15,92,110,0,5,16,18,39,0,8,31,110,149,18,184,202,351
09/30/2020,MEI,MS,ASO,ES,Federal Contract Tower,0,7,25,106,138,0,10,40,18,68,0,17,65,124,206,88,258,346,552
10/01/2020,MEI,MS,ASO,ES,Federal Contract Tower,0,4,22,136,162,0,8,38,26,72,0,12,60,162,234,86,306,392,626
10/02/2020,MEI,MS,ASO,ES,Federal Contract Tower,0,4,37,88,129,0,4,22,16,42,0,8,59,104,171,90,222,312,483
10/03/2020,MEI,MS,ASO,ES,Federal Contract Tower,0,2,16,41,59,0,16,57,14,87,0,18,73,55,146,76,102,178,324
10/04/2020,MEI,MS,ASO,ES,Federal Contract Tower,0,5,21,40,66,0,3,32,4,39,0,8,53,44,105,56,18,74,179
10/05/2020,MEI,MS,ASO,ES,Federal Contract Tower,0,3,27,80,110,0,7,39,19,65,0,10,66,99,175,62,112,174,349
10/06/2020,MEI,MS,ASO,ES,Federal Contract Tower,0,2,14,48,64,0,9,28,17,54,0,11,42,65,118,18,112,130,248
10/07/2020,MEI,MS,ASO,ES,Federal Contract Tower,0,6,16,71,93,0,5,24,33,62,0,11,40,104,155,66,76,142,297
10/08/2020,MEI,MS,ASO,ES,Federal Contract Tower,0,3,12,67,82,0,7,29,31,67,0,10,41,98,149,46,104,150,299
10/09/2020,MEI,MS,ASO,ES,Federal Contract Tower,0,3,6,124,133,0,7,13,3,23,0,10,19,127,156,10,100,110,266
10/10/2020,MEI,MS,ASO,ES,Federal Contract Tower,0,2,3,0,5,0,0,1,0,1,0,2,4,0,6,0,0,0,6
10/11/2020,MEI,MS,ASO,ES,Federal Contract Tower,0,7,8,4,19,0,2,1,0,3,0,9,9,4,22,0,0,0,22
10/12/2020,MEI,MS,ASO,ES,Federal Contract Tower,0,9,27,2,38,0,20,22,4,46,0,29,49,6,84,20,0,20,104
10/13/2020,MEI,MS,ASO,ES,Federal Contract Tower,0,3,13,138,154,0,1,30,58,89,0,4,43,196,243,46,164,210,453
10/14/2020,MEI,MS,ASO,ES,Federal Contract Tower,0,4,10,132,146,0,13,49,25,87,0,17,59,157,233,32,182,214,447
10/15/2020,MEI,MS,ASO,ES,Federal Contract Tower,0,4,22,175,201,0,14,34,28,76,0,18,56,203,277,38,224,262,539
10/16/2020,MEI,MS,ASO,ES,Federal Contract Tower,0,4,17,157,178,0,8,33,12,53,0,12,50,169,231,32,110,142,373
10/17/2020,MEI,MS,ASO,ES,Federal Contract Tower,0,4,18,4,26,0,6,58,2,66,0,10,76,6,92,90,4,94,186
10/18/2020,MEI,MS,ASO,ES,Federal Contract Tower,0,3,28,10,41,0,13,31,25,69,0,16,59,35,110,32,20,52,162
10/19/2020,MEI,MS,ASO,ES,Federal Contract Tower,0,5,17,143,165,0,9,25,16,50,0,14,42,159,215,22,210,232,447
10/20/2020,MEI,MS,ASO,ES,Federal Contract Tower,0,2,26,105,133,0,0,24,49,73,0,2,50,154,206,22,146,168,374
10/21/2020,MEI,MS,ASO,ES,Federal Contract Tower,0,4,14,108,126,0,7,38,13,58,0,11,52,121,184,42,186,228,412
10/22/2020,MEI,MS,ASO,ES,Federal Contract Tower,0,6,18,148,172,0,10,25,25,60,0,16,43,173,232,62,216,278,510
10/23/2020,MEI,MS,ASO,ES,Federal Contract Tower,0,3,21,177,201,0,9,19,21,49,0,12,40,198,250,34,178,212,462
10/24/2020,MEI,MS,ASO,ES,Federal Contract Tower,0,3,6,3,12,0,1,0,0,1,0,4,6,3,13,0,0,0,13
10/25/2020,MEI,MS,ASO,ES,Federal Contract Tower,0,5,27,18,50,0,6,19,2,27,0,11,46,20,77,36,8,44,121
10/26/2020,MEI,MS,ASO,ES,Federal Contract Tower,0,4,19,77,100,0,0,10,5,15,0,4,29,82,115,12,106,118,233
10/27/2020,MEI,MS,ASO,ES,Federal Contract Tower,0,4,14,65,83,0,0,1,0,1,0,4,15,65,84,0,0,0,84
10/28/2020,MEI,MS,ASO,ES,Federal Contract Tower,0,3,3,1,7,0,0,0,0,0,0,3,3,1,7,0,0,0,7
10/29/2020,MEI,MS,ASO,ES,Federal Contract Tower,2,5,19,149,175,0,6,22,23,51,2,11,41,172,226,38,134,172,398
10/30/2020,MEI,MS,ASO,ES,Federal Contract Tower,0,5,33,172,210,0,8,25,16,49,0,13,58,188,259,30,156,186,445
10/31/2020,MEI,MS,ASO,ES,Federal Contract Tower,0,5,15,31,51,0,6,49,12,67,0,11,64,43,118,76,16,92,210
11/01/2020,MEI,MS,ASO,ES,Federal Contract Tower,0,5,16,18,39,0,9,31,3,43,0,14,47,21,82,24,20,44,126
11/02/2020,MEI,MS,ASO,ES,Federal Contract Tower,0,4,6,125,135,0,11,21,10,42,0,15,27,135,177,26,100,126,303
11/03/2020,MEI,MS,ASO,ES,Federal Contract Tower,0,2,11,133,146,0,8,44,22,74,0,10,55,155,220,40,186,226,446
11/04/2020,MEI,MS,ASO,ES,Federal Contract Tower,0,7,13,78,98,0,9,14,14,37,0,16,27,92,135,18,74,92,227
11/05/2020,MEI,MS,ASO,ES,Federal Contract Tower,0,4,14,76,94,0,4,29,26,59,0,8,43,102,153,12,208,220,373
11/06/2020,MEI,MS,ASO,ES,Federal Contract Tower,0,4,17,97,118,0,7,22,14,43,0,11,39,111,161,0,306,306,467
11/07/2020,MEI,MS,ASO,ES,Federal Contract Tower,0,2,7,15,24,0,7,26,3,36,0,9,33,18,60,62,10,72,132
11/08/2020,MEI,MS,ASO,ES,Federal Contract Tower,0,4,20,85,109,0,10,11,10,31,0,14,31,95,140,12,28,40,180
11/09/2020,MEI,MS,ASO,ES,Federal Contract Tower,0,3,12,82,97,0,11,46,99,156,0,14,58,181,253,68,188,256,509
11/10/2020,MEI,MS,ASO,ES,Federal Contract Tower,0,6,19,142,167,0,2,18,10,30,0,8,37,152,197,14,72,86,283
11/11/2020,MEI,MS,ASO,ES,Federal Contract Tower,5,6,6,10,27,0,10,3,2,15,5,16,9,12,42,0,14,14,56
11/12/2020,MEI,MS,ASO,ES,Federal Contract Tower,0,5,13,123,141,0,12,10,19,41,0,17,23,142,182,24,254,278,460
11/13/2020,MEI,MS,ASO,ES,Federal Contract Tower,0,4,19,81,104,0,4,32,29,65,0,8,51,110,169,60,108,168,337
11/14/2020,MEI,MS,ASO,ES,Federal Contract Tower,0,3,12,8,23,0,0,29,37,66,0,3,41,45,89,40,0,40,129
11/15/2020,MEI,MS,ASO,ES,Federal Contract Tower,0,4,23,25,52,0,2,21,0,23,0,6,44,25,75,54,0,54,129
11/16/2020,MEI,MS,ASO,ES,Federal Contract Tower,0,4,20,160,184,0,12,29,20,61,0,16,49,180,245,48,150,198,443
11/17/2020,MEI,MS,ASO,ES,Federal Contract Tower,0,2,15,112,129,0,9,26,26,61,0,11,41,138,190,20,122,142,332
11/18/2020,MEI,MS,ASO,ES,Federal Contract Tower,0,5,18,102,125,0,6,40,20,66,0,11,58,122,191,78,144,222,413
11/19/2020,MEI,MS,ASO,ES,Federal Contract Tower,0,4,15,65,84,0,7,13,18,38,0,11,28,83,122,18,140,158,280
11/20/2020,MEI,MS,ASO,ES,Federal Contract Tower,0,4,20,46,70,0,5,59,9,73,0,9,79,55,143,38,104,142,285
11/21/2020,MEI,MS,ASO,ES,Federal Contract Tower,0,2,7,10,19,0,7,34,7,48,0,9,41,17,67,72,40,112,179
11/22/2020,MEI,MS,ASO,ES,Federal Contract Tower,0,4,15,15,34,0,8,20,6,34,0,12,35,21,68,24,16,40,108
11/23/2020,MEI,MS,ASO,ES,Federal Contract Tower,0,4,7,92,103,0,6,20,8,34,0,10,27,100,137,28,114,142,279
11/24/2020,MEI,MS,ASO,ES,Federal Contract Tower,0,4,13,91,108,0,4,18,9,31,0,8,31,100,139,10,112,122,261
11/25/2020,MEI,MS,ASO,ES,Federal Contract Tower,0,4,11,1,16,0,3,4,0,7,0,7,15,1,23,32,0,32,55
11/26/2020,MEI,MS,ASO,ES,Federal Contract Tower,0,2,5,0,7,0,2,15,0,17,0,4,20,0,24,12,0,12,36
11/27/2020,MEI,MS,ASO,ES,Federal Contract Tower,0,2,4,0,6,0,0,0,0,0,0,2,4,0,6,0,0,0,6
11/28/2020,MEI,MS,ASO,ES,Federal Contract Tower,0,4,17,3,24,0,0,15,0,15,0,4,32,3,39,8,0,8,47
11/29/2020,MEI,MS,ASO,ES,Federal Contract Tower,0,5,11,0,16,0,0,0,0,0,0,5,11,0,16,0,0,0,16
11/30/2020,MEI,MS,ASO,ES,Federal Contract Tower,0,4,17,133,154,0,1,2,1,4,0,5,19,134,158,0,36,36,194
12/01/2020,MEI,MS,ASO,ES,Federal Contract Tower,0,2,15,110,127,0,7,45,28,80,0,9,60,138,207,60,112,172,379
12/02/2020,MEI,MS,ASO,ES,Federal Contract Tower,0,4,9,138,151,0,4,41,20,65,0,8,50,158,216,72,158,230,446
12/03/2020,MEI,MS,ASO,ES,Federal Contract Tower,0,4,3,81,88,0,1,11,23,35,0,5,14,104,123,56,94,150,273
12/04/2020,MEI,MS,ASO,ES,Federal Contract Tower,0,8,20,76,104,0,1,7,8,16,0,9,27,84,120,8,24,32,152
12/05/2020,MEI,MS,ASO,ES,Federal Contract Tower,0,2,11,20,33,0,6,43,15,64,0,8,54,35,97,122,56,178,275
12/06/2020,MEI,MS,ASO,ES,Federal Contract Tower,0,4,11,57,72,0,16,36,16,68,0,20,47,73,140,78,70,148,288
12/07/2020,MEI,MS,ASO,ES,Federal Contract Tower,0,4,14,104,122,0,4,37,18,59,0,8,51,122,181,52,178,230,411
12/08/2020,MEI,MS,ASO,ES,Federal Contract Tower,0,6,16,136,158,0,7,43,39,89,0,13,59,175,247,86,308,394,641
12/09/2020,MEI,MS,ASO,ES,Federal Contract Tower,0,4,16,100,120,0,4,17,16,37,0,8,33,116,157,44,260,304,461
12/10/2020,MEI,MS,ASO,ES,Federal Contract Tower,0,4,19,91,114,0,4,28,13,45,0,8,47,104,159,50,148,198,357
12/11/2020,MEI,MS,ASO,ES,Federal Contract Tower,0,4,17,42,63,0,6,15,8,29,0,10,32,50,92,56,286,342,434
12/12/2020,MEI,MS,ASO,ES,Federal Contract Tower,0,3,12,9,24,0,1,7,0,8,0,4,19,9,32,20,10,30,62
12/13/2020,MEI,MS,ASO,ES,Federal Contract Tower,0,3,16,36,55,0,2,16,6,24,0,5,32,42,79,36,16,52,131
12/14/2020,MEI,MS,ASO,ES,Federal Contract Tower,0,7,11,52,70,0,11,5,0,16,0,18,16,52,86,0,66,66,152
12/15/2020,MEI,MS,ASO,ES,Federal Contract Tower,0,4,16,128,148,0,0,17,18,35,0,4,33,146,183,8,136,144,327
12/16/2020,MEI,MS,ASO,ES,Federal Contract Tower,0,4,5,51,60,0,0,0,0,0,0,4,5,51,60,0,0,0,60
12/17/2020,MEI,MS,ASO,ES,Federal Contract Tower,0,4,19,115,138,0,5,25,17,47,0,9,44,132,185,32,154,186,371
12/18/2020,MEI,MS,ASO,ES,Federal Contract Tower,0,4,18,56,78,0,6,48,8,62,0,10,66,64,140,86,96,182,322
12/19/2020,MEI,MS,ASO,ES,Federal Contract Tower,0,3,5,20,28,0,3,25,0,28,0,6,30,20,56,50,22,72,128
12/20/2020,MEI,MS,ASO,ES,Federal Contract Tower,0,4,20,14,38,0,0,0,0,0,0,4,20,14,38,0,0,0,38
12/21/2020,MEI,MS,ASO,ES,Federal Contract Tower,0,4,27,50,81,0,9,37,9,55,0,13,64,59,136,40,94,134,270
12/22/2020,MEI,MS,ASO,ES,Federal Contract Tower,0,4,3,22,29,0,13,53,25,91,0,17,56,47,120,136,44,180,300
12/23/2020,MEI,MS,ASO,ES,Federal Contract Tower,0,5,20,0,25,0,8,23,16,47,0,13,43,16,72,44,0,44,116
12/24/2020,MEI,MS,ASO,ES,Federal Contract Tower,0,2,1,0,3,0,10,0,0,10,0,12,1,0,13,0,0,0,13
12/25/2020,MEI,MS,ASO,ES,Federal Contract Tower,0,2,5,2,9,0,12,7,0,19,0,14,12,2,28,0,0,0,28
12/26/2020,MEI,MS,ASO,ES,Federal Contract Tower,0,4,18,1,23,0,11,45,0,56,0,15,63,1,79,16,2,18,97
12/27/2020,MEI,MS,ASO,ES,Federal Contract Tower,0,5,15,1,21,0,2,25,0,27,0,7,40,1,48,34,4,38,86
12/28/2020,MEI,MS,ASO,ES,Federal Contract Tower,0,4,20,1,25,0,4,8,0,12,0,8,28,1,37,66,0,66,103
12/29/2020,MEI,MS,ASO,ES,Federal Contract Tower,0,4,9,18,31,0,0,20,0,20,0,4,29,18,51,46,0,46,97
12/30/2020,MEI,MS,ASO,ES,Federal Contract Tower,0,4,14,1,19,0,14,12,1,27,0,18,26,2,46,71,0,71,117
12/31/2020,MEI,MS,ASO,ES,Federal Contract Tower,0,5,4,7,16,0,0,0,0,0,0,5,4,7,16,0,0,0,16
01/01/2021,MEI,MS,ASO,ES,Federal Contract Tower,0,2,4,0,6,0,0,11,0,11,0,2,15,0,17,20,0,20,37
01/02/2021,MEI,MS,ASO,ES,Federal Contract Tower,0,4,8,0,12,0,11,22,0,33,0,15,30,0,45,20,0,20,65
01/03/2021,MEI,MS,ASO,ES,Federal Contract Tower,0,3,19,0,22,0,16,36,0,52,0,19,55,0,74,56,0,56,130
01/04/2021,MEI,MS,ASO,ES,Federal Contract Tower,0,5,15,32,52,0,10,19,14,43,0,15,34,46,95,18,70,88,183
01/05/2021,MEI,MS,ASO,ES,Federal Contract Tower,0,4,11,69,84,0,9,41,19,69,0,13,52,88,153,46,143,189,342
01/06/2021,MEI,MS,ASO,ES,Federal Contract Tower,0,4,14,78,96,0,9,14,17,40,0,13,28,95,136,34,148,182,318
01/07/2021,MEI,MS,ASO,ES,Federal Contract Tower,0,6,8,62,76,0,0,1,3,4,0,6,9,65,80,0,0,0,80
01/08/2021,MEI,MS,ASO,ES,Federal Contract Tower,0,3,10,22,35,0,2,4,68,74,0,5,14,90,109,1,0,1,110
01/09/2021,MEI,MS,ASO,ES,Federal Contract Tower,0,2,7,34,43,0,6,33,3,42,0,8,40,37,85,46,76,122,207
01/10/2021,MEI,MS,ASO,ES,Federal Contract Tower,0,4,8,55,67,0,4,15,3,22,0,8,23,58,89,14,32,46,135
01/11/2021,MEI,MS,ASO,ES,Federal Contract Tower,0,6,0,2,8,0,0,0,0,0,0,6,0,2,8,0,0,0,8
01/12/2021,MEI,MS,ASO,ES,Federal Contract Tower,0,7,14,130,151,0,5,22,100,127,0,12,36,230,278,20,134,154,432
01/13/2021,MEI,MS,ASO,ES,Federal Contract Tower,0,6,14,108,128,0,10,25,18,53,0,16,39,126,181,44,360,404,585
01/14/2021,MEI,MS,ASO,ES,Federal Contract Tower,0,4,18,139,161,0,3,19,24,46,0,7,37,163,207,24,94,118,325
01/15/2021,MEI,MS,ASO,ES,Federal Contract Tower,0,9,16,71,96,0,11,8,27,46,0,20,24,98,142,26,88,114,256
01/16/2021,MEI,MS,ASO,ES,Federal Contract Tower,0,3,8,29,40,0,6,23,6,35,0,9,31,35,75,48,70,118,193
01/17/2021,MEI,MS,ASO,ES,Federal Contract Tower,0,4,21,21,46,0,14,25,2,41,0,18,46,23,87,38,48,86,173
01/18/2021,MEI,MS,ASO,ES,Federal Contract Tower,0,4,21,42,67,0,9,46,6,61,0,13,67,48,128,142,52,194,322
01/19/2021,MEI,MS,ASO,ES,Federal Contract Tower,0,2,17,177,196,0,12,37,22,71,0,14,54,199,267,12,318,330,597
01/20/2021,MEI,MS,ASO,ES,Federal Contract Tower,0,5,15,69,89,0,12,32,17,61,0,17,47,86,150,50,220,270,420
01/21/2021,MEI,MS,ASO,ES,Federal Contract Tower,0,6,14,41,61,0,0,0,0,0,0,6,14,41,61,0,0,0,61
01/22/2021,MEI,MS,ASO,ES,Federal Contract Tower,0,4,11,14,29,0,0,0,0,0,0,4,11,14,29,0,0,0,29
01/23/2021,MEI,MS,ASO,ES,Federal Contract Tower,0,2,21,20,43,0,7,32,4,43,0,9,53,24,86,104,42,146,232
01/24/2021,MEI,MS,ASO,ES,Federal Contract Tower,0,9,23,45,77,0,7,5,2,14,0,16,28,47,91,18,48,66,157
01/25/2021,MEI,MS,ASO,ES,Federal Contract Tower,0,4,17,70,91,0,7,4,2,13,0,11,21,72,104,6,14,20,124
01/26/2021,MEI,MS,ASO,ES,Federal Contract Tower,0,4,10,53,67,0,8,30,40,78,0,12,40,93,145,43,170,213,358
01/27/2021,MEI,MS,ASO,ES,Federal Contract Tower,0,4,25,132,161,0,6,7,5,18,0,10,32,137,179,18,92,110,289
01/28/2021,MEI,MS,ASO,ES,Federal Contract Tower,0,4,15,128,147,0,10,12,8,30,0,14,27,136,177,0,26,26,203
01/29/2021,MEI,MS,ASO,ES,Federal Contract Tower,0,5,17,76,98,0,8,29,26,63,0,13,46,102,161,46,196,242,403
01/30/2021,MEI,MS,ASO,ES,Federal Contract Tower,0,2,9,19,30,0,5,17,13,35,0,7,26,32,65,36,0,36,101
01/31/2021,MEI,MS,ASO,ES,Federal Contract Tower,0,4,16,35,55,0,6,19,7,32,0,10,35,42,87,18,12,30,117
02/01/2021,MEI,MS,ASO,ES,Federal Contract Tower,0,6,18,94,118,0,4,15,16,35,0,10,33,110,153,0,138,138,291
02/02/2021,MEI,MS,ASO,ES,Federal Contract Tower,0,2,17,137,156,0,13,31,8,52,0,15,48,145,208,56,178,234,442
02/03/2021,MEI,MS,ASO,ES,Federal Contract Tower,0,4,4,101,109,0,7,32,19,58,0,11,36,120,167,30,136,166,333
02/04/2021,MEI,MS,ASO,ES,Federal Contract Tower,0,4,11,88,103,0,4,7,3,14,0,8,18,91,117,6,124,130,247
02/05/2021,MEI,MS,ASO,ES,Federal Contract Tower,0,5,22,94,121,0,3,23,2,28,0,8,45,96,149,46,64,110,259
02/06/2021,MEI,MS,ASO,ES,Federal Contract Tower,0,2,5,4,11,0,2,0,0,2,0,4,5,4,13,0,0,0,13
02/07/2021,MEI,MS,ASO,ES,Federal Contract Tower,0,6,16,17,39,0,8,7,0,15,0,14,23,17,54,28,0,28,82
02/08/2021,MEI,MS,ASO,ES,Federal Contract Tower,0,5,13,110,128,0,9,16,11,36,0,14,29,121,164,64,164,228,392
02/09/2021,MEI,MS,ASO,ES,Federal Contract Tower,0,3,10,173,186,0,10,9,12,31,0,13,19,185,217,58,221,279,496
02/10/2021,MEI,MS,ASO,ES,Federal Contract Tower,0,6,8,84,98,0,2,14,14,30,0,8,22,98,128,36,264,300,428
02/11/2021,MEI,MS,ASO,ES,Federal Contract Tower,0,5,3,1,9,0,0,0,0,0,0,5,3,1,9,0,0,0,9
02/12/2021,MEI,MS,ASO,ES,Federal Contract Tower,0,4,6,69,79,0,0,0,0,0,0,4,6,69,79,0,0,0,79
02/13/2021,MEI,MS,ASO,ES,Federal Contract Tower,0,2,4,38,44,0,0,0,0,0,0,2,4,38,44,0,0,0,44
02/14/2021,MEI,MS,ASO,ES,Federal Contract Tower,0,4,7,2,13,0,0,0,0,0,0,4,7,2,13,0,0,0,13
02/17/2021,MEI,MS,ASO,ES,Federal Contract Tower,0,0,4,5,9,0,4,5,3,12,0,4,9,8,21,0,0,0,21
02/18/2021,MEI,MS,ASO,ES,Federal Contract Tower,0,0,1,27,28,0,0,0,0,0,0,0,1,27,28,0,0,0,28
02/19/2021,MEI,MS,ASO,ES,Federal Contract Tower,0,5,11,106,122,0,0,7,23,30,0,5,18,129,152,26,178,204,356
02/20/2021,MEI,MS,ASO,ES,Federal Contract Tower,0,2,11,12,25,0,17,39,4,60,0,19,50,16,85,48,10,58,143
02/21/2021,MEI,MS,ASO,ES,Federal Contract Tower,0,4,14,44,62,0,12,28,8,48,0,16,42,52,110,34,18,52,162
02/22/2021,MEI,MS,ASO,ES,Federal Contract Tower,0,4,13,42,59,0,6,11,4,21,0,10,24,46,80,16,4,20,100
02/23/2021,MEI,MS,ASO,ES,Federal Contract Tower,0,4,13,115,132,0,5,21,18,44,0,9,34,133,176,61,159,220,396
02/24/2021,MEI,MS,ASO,ES,Federal Contract Tower,0,4,28,115,147,0,12,32,22,66,0,16,60,137,213,52,270,322,535
02/25/2021,MEI,MS,ASO,ES,Federal Contract Tower,0,4,25,64,93,0,0,10,15,25,0,4,35,79,118,0,14,14,132
02/26/2021,MEI,MS,ASO,ES,Federal Contract Tower,0,5,14,119,138,0,2,12,9,23,0,7,26,128,161,48,114,162,323
02/27/2021,MEI,MS,ASO,ES,Federal Contract Tower,0,4,10,12,26,0,8,52,3,63,0,12,62,15,89,104,22,126,215
02/28/2021,MEI,MS,ASO,ES,Federal Contract Tower,0,6,12,34,52,0,0,15,0,15,0,6,27,34,67,12,22,34,101
03/01/2021,MEI,MS,ASO,ES,Federal Contract Tower,0,3,18,116,137,0,4,0,0,4,0,7,18,116,141,0,0,0,141
03/02/2021,MEI,MS,ASO,ES,Federal Contract Tower,0,4,17,71,92,0,0,0,0,0,0,4,17,71,92,0,0,0,92
03/03/2021,MEI,MS,ASO,ES,Federal Contract Tower,0,4,18,132,154,0,4,27,25,56,0,8,45,157,210,28,210,238,448
03/04/2021,MEI,MS,ASO,ES,Federal Contract Tower,0,4,18,111,133,0,14,60,44,118,0,18,78,155,251,38,124,162,413
03/05/2021,MEI,MS,ASO,ES,Federal Contract Tower,0,6,12,104,122,0,4,36,41,81,0,10,48,145,203,42,210,252,455
03/06/2021,MEI,MS,ASO,ES,Federal Contract Tower,0,4,20,53,77,0,4,32,23,59,0,8,52,76,136,80,48,128,264
03/07/2021,MEI,MS,ASO,ES,Federal Contract Tower,0,6,17,41,64,0,10,38,7,55,0,16,55,48,119,22,56,78,197
03/08/2021,MEI,MS,ASO,ES,Federal Contract Tower,0,4,16,79,99,0,9,24,10,43,0,13,40,89,142,30,232,262,404
03/09/2021,MEI,MS,ASO,ES,Federal Contract Tower,0,2,13,94,109,0,2,15,31,48,0,4,28,125,157,26,200,226,383
03/10/2021,MEI,MS,ASO,ES,Federal Contract Tower,0,7,23,58,88,0,6,16,25,47,0,13,39,83,135,87,114,201,336
03/11/2021,MEI,MS,ASO,ES,Federal Contract Tower,0,5,21,150,176,0,11,31,14,56,0,16,52,164,232,58,157,215,447
03/12/2021,MEI,MS,ASO,ES,Federal Contract Tower,0,6,33,168,207,0,7,20,18,45,0,13,53,186,252,32,208,240,492
03/13/2021,MEI,MS,ASO,ES,Federal Contract Tower,0,3,19,15,37,0,11,26,6,43,0,14,45,21,80,108,96,204,284
03/14/2021,MEI,MS,ASO,ES,Federal Contract Tower,0,4,17,33,54,0,9,16,1,26,0,13,33,34,80,18,20,38,118
03/15/2021,MEI,MS,ASO,ES,Federal Contract Tower,0,4,11,59,74,0,4,3,24,31,0,8,14,83,105,0,36,36,141
03/16/2021,MEI,MS,ASO,ES,Federal Contract Tower,0,2,16,0,18,0,0,0,2,2,0,2,16,2,20,0,0,0,20
03/17/2021,MEI,MS,ASO,ES,Federal Contract Tower,0,3,13,14,30,0,0,0,0,0,0,3,13,14,30,0,0,0,30
03/18/2021,MEI,MS,ASO,ES,Federal Contract Tower,0,5,39,97,141,0,12,11,27,50,0,17,50,124,191,0,84,84,275
03/19/2021,MEI,MS,ASO,ES,Federal Contract Tower,0,6,30,224,260,0,6,19,8,33,0,12,49,232,293,12,40,52,345
03/20/2021,MEI,MS,ASO,ES,Federal Contract Tower,0,5,19,25,49,0,4,31,6,41,0,9,50,31,90,48,12,60,150
03/21/2021,MEI,MS,ASO,ES,Federal Contract Tower,0,3,5,8,16,0,2,38,23,63,0,5,43,31,79,24,28,52,131
03/22/2021,MEI,MS,ASO,ES,Federal Contract Tower,0,8,18,87,113,0,0,26,10,36,0,8,44,97,149,68,170,238,387
03/23/2021,MEI,MS,ASO,ES,Federal Contract Tower,0,2,5,7,14,0,4,5,1,10,0,6,10,8,24,0,0,0,24
03/24/2021,MEI,MS,ASO,ES,Federal Contract Tower,0,4,17,88,109,0,6,9,8,23,0,10,26,96,132,0,10,10,142
03/25/2021,MEI,MS,ASO,ES,Federal Contract Tower,0,6,2,0,8,0,0,0,0,0,0,6,2,0,8,0,0,0,8
03/26/2021,MEI,MS,ASO,ES,Federal Contract Tower,0,5,28,128,161,0,11,31,20,62,0,16,59,148,223,36,50,86,309
03/27/2021,MEI,MS,ASO,ES,Federal Contract Tower,0,4,13,34,51,0,9,7,1,17,0,13,20,35,68,30,37,67,135
03/28/2021,MEI,MS,ASO,ES,Federal Contract Tower,0,4,11,56,71,0,10,7,9,26,0,14,18,65,97,22,22,44,141
03/29/2021,MEI,MS,ASO,ES,Federal Contract Tower,0,4,6,105,115,0,4,23,17,44,0,8,29,122,159,14,138,152,311
03/30/2021,MEI,MS,ASO,ES,Federal Contract Tower,0,2,8,92,102,0,5,7,14,26,0,7,15,106,128,14,164,178,306
03/31/2021,MEI,MS,ASO,ES,Federal Contract Tower,0,6,7,44,57,0,0,0,2,2,0,6,7,46,59,0,0,0,59
04/01/2021,MEI,MS,ASO,ES,Federal Contract Tower,0,7,24,176,207,0,6,24,60,90,0,13,48,236,297,22,218,240,537
04/02/2021,MEI,MS,ASO,ES,Federal Contract Tower,0,4,29,51,84,0,11,49,25,85,0,15,78,76,169,60,64,124,293
04/03/2021,MEI,MS,ASO,ES,Federal Contract Tower,0,2,14,8,24,0,15,71,6,92,0,17,85,14,116,96,12,108,224
04/04/2021,MEI,MS,ASO,ES,Federal Contract Tower,0,4,9,20,33,0,3,20,0,23,0,7,29,20,56,52,22,74,130
04/05/2021,MEI,MS,ASO,ES,Federal Contract Tower,0,6,25,82,113,0,12,47,6,65,0,18,72,88,178,52,136,188,366
04/06/2021,MEI,MS,ASO,ES,Federal Contract Tower,0,3,14,92,109,0,0,30,15,45,0,3,44,107,154,46,104,150,304
04/07/2021,MEI,MS,ASO,ES,Federal Contract Tower,0,4,8,83,95,0,3,33,4,40,0,7,41,87,135,50,196,246,381
04/08/2021,MEI,MS,ASO,ES,Federal Contract Tower,0,4,17,133,154,0,4,20,25,49,0,8,37,158,203,10,176,186,389
04/09/2021,MEI,MS,ASO,ES,Federal Contract Tower,0,5,9,37,51,0,16,19,3,38,0,21,28,40,89,4,56,60,149
04/10/2021,MEI,MS,ASO,ES,Federal Contract Tower,0,4,19,27,50,0,8,34,16,58,0,12,53,43,108,52,12,64,172
04/11/2021,MEI,MS,ASO,ES,Federal Contract Tower,0,4,7,28,39,0,11,55,6,72,0,15,62,34,111,36,10,46,157
04/12/2021,MEI,MS,ASO,ES,Federal Contract Tower,0,4,15,155,174,0,9,36,7,52,0,13,51,162,226,44,224,268,494
04/13/2021,MEI,MS,ASO,ES,Federal Contract Tower,0,1,31,176,208,0,6,19,18,43,0,7,50,194,251,22,230,252,503
04/14/2021,MEI,MS,ASO,ES,Federal Contract Tower,0,5,4,60,69,0,1,0,4,5,0,6,4,64,74,2,58,60,134
04/15/2021,MEI,MS,ASO,ES,Federal Contract Tower,0,5,21,142,168,0,12,40,33,85,0,17,61,175,253,28,110,138,391
04/16/2021,MEI,MS,ASO,ES,Federal Contract Tower,0,4,30,92,126,0,5,27,29,61,0,9,57,121,187,62,242,304,491
04/17/2021,MEI,MS,ASO,ES,Federal Contract Tower,0,2,15,10,27,0,8,23,12,43,0,10,38,22,70,42,44,86,156
04/18/2021,MEI,MS,ASO,ES,Federal Contract Tower,0,4,22,44,70,0,13,37,14,64,0,17,59,58,134,28,16,44,178
04/19/2021,MEI,MS,ASO,ES,Federal Contract Tower,0,6,10,67,83,0,0,26,36,62,0,6,36,103,145,32,134,166,311
04/20/2021,MEI,MS,ASO,ES,Federal Contract Tower,0,4,6,120,130,0,7,14,11,32,0,11,20,131,162,2,112,114,276
04/21/2021,MEI,MS,ASO,ES,Federal Contract Tower,0,4,19,81,104,0,4,33,28,65,0,8,52,109,169,52,114,166,335
04/22/2021,MEI,MS,ASO,ES,Federal Contract Tower,0,6,21,139,166,0,6,40,26,72,0,12,61,165,238,46,210,256,494
04/23/2021,MEI,MS,ASO,ES,Federal Contract Tower,0,4,9,187,200,0,8,21,13,42,0,12,30,200,242,32,170,202,444
04/24/2021,MEI,MS,ASO,ES,Federal Contract Tower,0,3,3,14,20,0,2,2,8,12,0,5,5,22,32,0,22,22,54
04/25/2021,MEI,MS,ASO,ES,Federal Contract Tower,0,5,11,52,68,0,0,34,56,90,0,5,45,108,158,20,32,52,210
04/26/2021,MEI,MS,ASO,ES,Federal Contract Tower,0,5,17,163,185,0,2,20,40,62,0,7,37,203,247,0,150,150,397
04/27/2021,MEI,MS,ASO,ES,Federal Contract Tower,0,4,10,150,164,0,2,8,22,32,0,6,18,172,196,26,122,148,344
04/28/2021,MEI,MS,ASO,ES,Federal Contract Tower,0,5,16,139,160,0,10,28,35,73,0,15,44,174,233,32,184,216,449
04/29/2021,MEI,MS,ASO,ES,Federal Contract Tower,0,4,16,177,197,0,3,7,1,11,0,7,23,178,208,0,126,126,334
05/01/2021,MEI,MS,ASO,ES,Federal Contract Tower,0,2,13,8,23,0,12,41,5,58,0,14,54,13,81,86,52,138,219
05/02/2021,MEI,MS,ASO,ES,Federal Contract Tower,0,4,10,24,38,0,6,2,1,9,0,10,12,25,47,0,0,0,47
05/03/2021,MEI,MS,ASO,ES,Federal Contract Tower,0,5,18,57,80,0,5,2,1,8,0,10,20,58,88,0,4,4,92
05/04/2021,MEI,MS,ASO,ES,Federal Contract Tower,0,3,4,8,15,0,0,1,1,2,0,3,5,9,17,0,6,6,23
05/05/2021,MEI,MS,ASO,ES,Federal Contract Tower,0,5,16,89,110,0,4,16,10,30,0,9,32,99,140,12,66,78,218
05/06/2021,MEI,MS,ASO,ES,Federal Contract Tower,0,4,18,114,136,0,21,31,43,95,0,25,49,157,231,28,194,222,453
05/07/2021,MEI,MS,ASO,ES,Federal Contract Tower,0,4,17,90,111,0,10,45,11,66,0,14,62,101,177,66,206,272,449
05/08/2021,MEI,MS,ASO,ES,Federal Contract Tower,0,2,7,14,23,0,1,17,1,19,0,3,24,15,42,20,4,24,66
05/09/2021,MEI,MS,ASO,ES,Federal Contract Tower,0,4,8,47,59,0,0,9,1,10,0,4,17,48,69,0,8,8,77
05/10/2021,MEI,MS,ASO,ES,Federal Contract Tower,0,3,6,108,117,0,3,5,1,9,0,6,11,109,126,0,32,32,158
05/11/2021,MEI,MS,ASO,ES,Federal Contract Tower,0,5,7,45,57,0,2,0,0,2,0,7,7,45,59,0,0,0,59
05/12/2021,MEI,MS,ASO,ES,Federal Contract Tower,0,6,14,55,75,0,4,8,12,24,0,10,22,67,99,10,62,72,171
05/13/2021,MEI,MS,ASO,ES,Federal Contract Tower,0,5,16,85,106,0,7,23,85,115,0,12,39,170,221,24,94,118,339
05/14/2021,MEI,MS,ASO,ES,Federal Contract Tower,0,4,12,104,120,0,13,31,16,60,0,17,43,120,180,58,260,318,498
05/15/2021,MEI,MS,ASO,ES,Federal Contract Tower,0,2,21,25,48,0,14,32,6,52,0,16,53,31,100,56,18,74,174
05/16/2021,MEI,MS,ASO,ES,Federal Contract Tower,0,4,15,31,50,0,15,19,5,39,0,19,34,36,89,30,20,50,139
05/17/2021,MEI,MS,ASO,ES,Federal Contract Tower,0,4,14,103,121,0,5,7,0,12,0,9,21,103,133,32,72,104,237
05/18/2021,MEI,MS,ASO,ES,Federal Contract Tower,0,3,13,101,117,0,2,4,14,20,0,5,17,115,137,6,78,84,221
05/19/2021,MEI,MS,ASO,ES,Federal Contract Tower,0,4,19,113,136,0,6,15,7,28,0,10,34,120,164,12,207,219,383
05/20/2021,MEI,MS,ASO,ES,Federal Contract Tower,0,4,17,111,132,0,12,26,11,49,0,16,43,122,181,20,192,212,393
05/21/2021,MEI,MS,ASO,ES,Federal Contract Tower,0,4,11,69,84,0,14,18,28,60,0,18,29,97,144,50,163,213,357
05/22/2021,MEI,MS,ASO,ES,Federal Contract Tower,0,1,23,17,41,0,16,32,11,59,0,17,55,28,100,92,24,116,216
05/23/2021,MEI,MS,ASO,ES,Federal Contract Tower,0,5,13,33,51,0,2,28,5,35,0,7,41,38,86,94,0,94,180
05/24/2021,MEI,MS,ASO,ES,Federal Contract Tower,0,6,16,61,83,0,10,19,14,43,0,16,35,75,126,74,116,190,316
05/25/2021,MEI,MS,ASO,ES,Federal Contract Tower,0,2,8,126,136,0,9,17,37,63,0,11,25,163,199,10,216,226,425
05/26/2021,MEI,MS,ASO,ES,Federal Contract Tower,0,4,21,111,136,0,8,24,10,42,0,12,45,121,178,8,146,154,332
05/27/2021,MEI,MS,ASO,ES,Federal Contract Tower,0,5,30,102,137,0,17,26,29,72,0,22,56,131,209,32,248,280,489
05/28/2021,MEI,MS,ASO,ES,Federal Contract Tower,0,7,36,32,75,0,20,24,9,53,0,27,60,41,128,26,34,60,188
05/29/2021,MEI,MS,ASO,ES,Federal Contract Tower,0,2,26,7,35,0,16,43,6,65,0,18,69,13,100,98,6,104,204
05/30/2021,MEI,MS,ASO,ES,Federal Contract Tower,0,4,6,18,28,0,26,31,0,57,0,30,37,18,85,66,0,66,151
05/31/2021,MEI,MS,ASO,ES,Federal Contract Tower,0,4,7,9,20,0,5,36,0,41,0,9,43,9,61,62,8,70,131
06/01/2021,MEI,MS,ASO,ES,Federal Contract Tower,0,2,9,125,136,0,5,33,34,72,0,7,42,159,208,6,138,144,352
06/02/2021,MEI,MS,ASO,ES,Federal Contract Tower,0,4,17,54,75,0,4,11,5,20,0,8,28,59,95,8,68,76,171
06/03/2021,MEI,MS,ASO,ES,Federal Contract Tower,0,4,14,97,115,0,4,15,71,90,0,8,29,168,205,74,240,314,519
06/04/2021,MEI,MS,ASO,ES,Federal Contract Tower,0,8,14,97,119,0,8,26,35,69,0,16,40,132,188,44,200,244,432
06/05/2021,MEI,MS,ASO,ES,Federal Contract Tower,0,2,14,34,50,0,15,26,14,55,0,17,40,48,105,96,58,154,259
06/06/2021,MEI,MS,ASO,ES,Federal Contract Tower,0,6,10,2,18,0,1,0,0,1,0,7,10,2,19,0,0,0,19
06/07/2021,MEI,MS,ASO,ES,Federal Contract Tower,0,12,9,74,95,0,2,2,8,12,0,14,11,82,107,0,82,82,189
06/08/2021,MEI,MS,ASO,ES,Federal Contract Tower,0,4,24,124,152,0,6,3,3,12,0,10,27,127,164,2,96,98,262
06/09/2021,MEI,MS,ASO,ES,Federal Contract Tower,0,4,37,68,109,0,12,14,5,31,0,16,51,73,140,12,62,74,214
06/10/2021,MEI,MS,ASO,ES,Federal Contract Tower,0,6,7,77,90,0,5,10,6,21,0,11,17,83,111,20,98,118,229
06/11/2021,MEI,MS,ASO,ES,Federal Contract Tower,0,7,8,82,97,0,13,20,17,50,0,20,28,99,147,32,278,310,457
06/12/2021,MEI,MS,ASO,ES,Federal Contract Tower,0,6,18,55,79,0,16,37,16,69,0,22,55,71,148,74,134,208,356
06/13/2021,MEI,MS,ASO,ES,Federal Contract Tower,0,3,21,29,53,0,3,18,13,34,0,6,39,42,87,22,18,40,127
06/14/2021,MEI,MS,ASO,ES,Federal Contract Tower,0,3,16,63,82,0,5,29,2,36,0,8,45,65,118,20,88,108,226
06/15/2021,MEI,MS,ASO,ES,Federal Contract Tower,0,1,11,142,154,0,11,23,16,50,0,12,34,158,204,0,192,192,396
06/16/2021,MEI,MS,ASO,ES,Federal Contract Tower,0,5,31,78,114,0,5,37,13,55,0,10,68,91,169,58,162,220,389
06/17/2021,MEI,MS,ASO,ES,Federal Contract Tower,0,4,19,100,123,0,5,14,12,31,0,9,33,112,154,0,190,190,344
06/18/2021,MEI,MS,ASO,ES,Federal Contract Tower,0,6,19,41,66,0,4,30,10,44,0,10,49,51,110,70,70,140,250
06/19/2021,MEI,MS,ASO,ES,Federal Contract Tower,0,1,0,6,7,0,0,0,0,0,0,1,0,6,7,0,0,0,7
06/20/2021,MEI,MS,ASO,ES,Federal Contract Tower,0,7,22,8,37,0,9,15,0,24,0,16,37,8,61,14,10,24,85
06/21/2021,MEI,MS,ASO,ES,Federal Contract Tower,0,4,15,69,88,0,7,3,6,16,0,11,18,75,104,0,2,2,106
06/22/2021,MEI,MS,ASO,ES,Federal Contract Tower,0,2,24,86,112,0,0,4,9,13,0,2,28,95,125,18,54,72,197
06/23/2021,MEI,MS,ASO,ES,Federal Contract Tower,0,6,17,94,117,0,2,18,8,28,0,8,35,102,145,40,144,184,329
06/24/2021,MEI,MS,ASO,ES,Federal Contract Tower,0,5,20,111,136,0,6,36,18,60,0,11,56,129,196,56,172,228,424
06/25/2021,MEI,MS,ASO,ES,Federal Contract Tower,0,3,15,92,110,0,7,36,24,67,0,10,51,116,177,98,134,232,409
06/26/2021,MEI,MS,ASO,ES,Federal Contract Tower,0,3,7,12,22,0,12,43,18,73,0,15,50,30,95,76,82,158,253
06/27/2021,MEI,MS,ASO,ES,Federal Contract Tower,0,3,13,57,73,0,11,12,9,32,0,14,25,66,105,2,45,47,152
06/28/2021,MEI,MS,ASO,ES,Federal Contract Tower,0,4,20,80,104,0,12,32,10,54,0,16,52,90,158,90,246,336,494
06/29/2021,MEI,MS,ASO,ES,Federal Contract Tower,0,4,11,95,110,0,4,37,34,75,0,8,48,129,185,34,180,214,399
06/30/2021,MEI,MS,ASO,ES,Federal Contract Tower,0,4,13,111,128,0,7,28,6,41,0,11,41,117,169,28,204,232,401
07/01/2021,MEI,MS,ASO,ES,Federal Contract Tower,0,3,23,129,155,0,9,18,6,33,0,12,41,135,188,20,86,106,294
07/02/2021,MEI,MS,ASO,ES,Federal Contract Tower,0,5,14,25,44,0,6,3,0,9,0,11,17,25,53,0,0,0,53
07/03/2021,MEI,MS,ASO,ES,Federal Contract Tower,0,2,6,0,8,0,9,22,0,31,0,11,28,0,39,46,0,46,85
07/04/2021,MEI,MS,ASO,ES,Federal Contract Tower,0,3,6,0,9,0,10,34,0,44,0,13,40,0,53,108,0,108,161
07/05/2021,MEI,MS,ASO,ES,Federal Contract Tower,0,4,16,15,35,0,14,37,12,63,0,18,53,27,98,68,23,91,189
07/06/2021,MEI,MS,ASO,ES,Federal Contract Tower,0,2,11,125,138,0,6,23,17,46,0,8,34,142,184,16,130,146,330
07/07/2021,MEI,MS,ASO,ES,Federal Contract Tower,0,6,16,34,56,0,8,2,3,13,0,14,18,37,69,36,0,36,105
07/08/2021,MEI,MS,ASO,ES,Federal Contract Tower,0,4,14,139,157,0,6,25,9,40,0,10,39,148,197,0,110,110,307
07/09/2021,MEI,MS,ASO,ES,Federal Contract Tower,0,5,21,153,179,0,8,9,16,33,0,13,30,169,212,48,88,136,348
07/10/2021,MEI,MS,ASO,ES,Federal Contract Tower,0,3,5,17,25,0,7,16,2,25,0,10,21,19,50,20,24,44,94
07/11/2021,MEI,MS,ASO,ES,Federal Contract Tower,0,4,18,27,49,0,0,5,14,19,0,4,23,41,68,0,6,6,74
07/12/2021,MEI,MS,ASO,ES,Federal Contract Tower,0,4,4,131,139,0,5,2,0,7,0,9,6,131,146,0,20,20,166
07/13/2021,MEI,MS,ASO,ES,Federal Contract Tower,0,4,10,74,88,0,8,20,9,37,0,12,30,83,125,0,15,15,140
07/14/2021,MEI,MS,ASO,ES,Federal Contract Tower,0,8,12,79,99,0,7,25,20,52,0,15,37,99,151,54,333,387,538
07/15/2021,MEI,MS,ASO,ES,Federal Contract Tower,0,3,20,175,198,0,14,24,20,58,0,17,44,195,256,22,166,188,444
07/16/2021,MEI,MS,ASO,ES,Federal Contract Tower,0,5,9,54,68,0,1,15,9,25,0,6,24,63,93,38,160,198,291
07/17/2021,MEI,MS,ASO,ES,Federal Contract Tower,0,2,3,1,6,0,0,9,0,9,0,2,12,1,15,16,0,16,31
07/18/2021,MEI,MS,ASO,ES,Federal Contract Tower,0,4,12,19,35,0,2,6,0,8,0,6,18,19,43,24,0,24,67
07/19/2021,MEI,MS,ASO,ES,Federal Contract Tower,0,3,3,40,46,0,6,0,5,11,0,9,3,45,57,0,26,26,83
07/20/2021,MEI,MS,ASO,ES,Federal Contract Tower,0,2,8,81,91,0,8,19,22,49,0,10,27,103,140,24,90,114,254
07/21/2021,MEI,MS,ASO,ES,Federal Contract Tower,0,4,19,82,105,0,6,9,10,25,0,10,28,92,130,18,84,102,232
07/22/2021,MEI,MS,ASO,ES,Federal Contract Tower,0,3,26,97,126,0,9,21,12,42,0,12,47,109,168,18,116,134,302
07/23/2021,MEI,MS,ASO,ES,Federal Contract Tower,0,3,15,74,92,0,2,22,12,36,0,5,37,86,128,16,170,186,314
07/24/2021,MEI,MS,ASO,ES,Federal Contract Tower,0,1,9,22,32,0,5,18,9,32,0,6,27,31,64,34,18,52,116
07/25/2021,MEI,MS,ASO,ES,Federal Contract Tower,0,5,19,111,135,0,7,35,18,60,0,12,54,129,195,67,84,151,346
07/26/2021,MEI,MS,ASO,ES,Federal Contract Tower,0,5,14,201,220,0,18,34,35,87,0,23,48,236,307,40,206,246,553
07/27/2021,MEI,MS,ASO,ES,Federal Contract Tower,0,5,15,151,171,0,12,27,40,79,0,17,42,191,250,54,259,313,563
07/28/2021,MEI,MS,ASO,ES,Federal Contract Tower,0,6,7,105,118,0,10,15,10,35,0,16,22,115,153,20,112,132,285
07/29/2021,MEI,MS,ASO,ES,Federal Contract Tower,0,4,20,148,172,0,4,26,4,34,0,8,46,152,206,72,304,376,582
07/30/2021,MEI,MS,ASO,ES,Federal Contract Tower,0,4,7,168,179,0,3,22,24,49,0,7,29,192,228,64,264,328,556
07/31/2021,MEI,MS,ASO,ES,Federal Contract Tower,0,4,6,21,31,0,8,16,1,25,0,12,22,22,56,4,50,54,110
08/01/2021,MEI,MS,ASO,ES,Federal Contract Tower,0,3,9,37,49,0,8,31,10,49,0,11,40,47,98,0,66,66,164
08/02/2021,MEI,MS,ASO,ES,Federal Contract Tower,0,6,10,26,42,0,5,22,9,36,0,11,32,35,78,10,100,110,188
08/03/2021,MEI,MS,ASO,ES,Federal Contract Tower,0,17,30,189,236,0,12,19,28,59,0,29,49,217,295,30,214,244,539
08/04/2021,MEI,MS,ASO,ES,Federal Contract Tower,0,5,24,127,156,0,17,20,14,51,0,22,44,141,207,50,282,332,539
08/05/2021,MEI,MS,ASO,ES,Federal Contract Tower,0,4,22,156,182,0,16,17,11,44,0,20,39,167,226,28,138,166,392
08/06/2021,MEI,MS,ASO,ES,Federal Contract Tower,0,4,15,114,133,0,7,17,81,105,0,11,32,195,238,38,110,148,386
08/07/2021,MEI,MS,ASO,ES,Federal Contract Tower,0,2,10,20,32,0,2,18,8,28,0,4,28,28,60,28,26,54,114
08/08/2021,MEI,MS,ASO,ES,Federal Contract Tower,0,4,13,38,55,0,11,29,4,44,0,15,42,42,99,8,66,74,173
08/09/2021,MEI,MS,ASO,ES,Federal Contract Tower,0,6,19,120,145,0,22,30,14,66,0,28,49,134,211,36,224,260,471
08/10/2021,MEI,MS,ASO,ES,Federal Contract Tower,0,6,21,110,137,0,16,23,48,87,0,22,44,158,224,28,234,262,486
08/11/2021,MEI,MS,ASO,ES,Federal Contract Tower,0,3,1,30,34,0,6,22,61,89,0,9,23,91,123,12,128,140,263
08/12/2021,MEI,MS,ASO,ES,Federal Contract Tower,0,5,18,100,123,0,5,22,14,41,0,10,40,114,164,18,192,210,374
08/13/2021,MEI,MS,ASO,ES,Federal Contract Tower,0,5,18,111,134,0,4,27,16,47,0,9,45,127,181,60,168,228,409
08/14/2021,MEI,MS,ASO,ES,Federal Contract Tower,0,2,5,14,21,0,5,20,4,29,0,7,25,18,50,29,30,59,109
08/15/2021,MEI,MS,ASO,ES,Federal Contract Tower,0,5,10,85,100,0,7,18,32,57,0,12,28,117,157,30,78,108,265
08/16/2021,MEI,MS,ASO,ES,Federal Contract Tower,0,5,10,71,86,0,8,23,16,47,0,13,33,87,133,30,210,240,373
08/17/2021,MEI,MS,ASO,ES,Federal Contract Tower,0,1,25,26,52,0,12,23,11,46,0,13,48,37,98,22,38,60,158
08/18/2021,MEI,MS,ASO,ES,Federal Contract Tower,0,0,6,27,33,0,3,20,11,34,0,3,26,38,67,18,26,44,111
08/19/2021,MEI,MS,ASO,ES,Federal Contract Tower,0,2,7,8,17,0,4,15,42,61,0,6,22,50,78,0,0,0,78
08/20/2021,MEI,MS,ASO,ES,Federal Contract Tower,0,0,4,4,8,0,10,18,8,36,0,10,22,12,44,30,12,42,86
08/21/2021,MEI,MS,ASO,ES,Federal Contract Tower,0,2,3,0,5,0,6,17,0,23,0,8,20,0,28,4,0,4,32
08/22/2021,MEI,MS,ASO,ES,Federal Contract Tower,0,0,8,0,8,0,5,15,0,20,0,5,23,0,28,0,0,0,28
08/23/2021,MEI,MS,ASO,ES,Federal Contract Tower,0,0,10,2,12,0,19,25,0,44,0,19,35,2,56,18,14,32,88
08/24/2021,MEI,MS,ASO,ES,Federal Contract Tower,0,0,17,117,134,0,11,30,24,65,0,11,47,141,199,30,114,144,343
08/25/2021,MEI,MS,ASO,ES,Federal Contract Tower,0,4,14,83,101,0,2,26,6,34,0,6,40,89,135,24,180,204,339
08/26/2021,MEI,MS,ASO,ES,Federal Contract Tower,0,3,10,131,144,0,4,10,17,31,0,7,20,148,175,44,96,140,315
08/27/2021,MEI,MS,ASO,ES,Federal Contract Tower,0,2,16,52,70,0,6,19,6,31,0,8,35,58,101,36,110,146,247
08/28/2021,MEI,MS,ASO,ES,Federal Contract Tower,0,2,12,13,27,0,12,7,3,22,0,14,19,16,49,8,6,14,63
08/29/2021,MEI,MS,ASO,ES,Federal Contract Tower,0,3,6,13,22,0,2,0,0,2,0,5,6,13,24,0,0,0,24
08/30/2021,MEI,MS,ASO,ES,Federal Contract Tower,0,1,2,0,3,0,0,0,0,0,0,1,2,0,3,0,0,0,3
08/31/2021,MEI,MS,ASO,ES,Federal Contract Tower,0,1,8,58,67,0,5,4,34,43,0,6,12,92,110,10,92,102,212
09/01/2021,MEI,MS,ASO,ES,Federal Contract Tower,0,3,10,97,110,0,14,11,4,29,0,17,21,101,139,10,184,194,333
09/02/2021,MEI,MS,ASO,ES,Federal Contract Tower,0,4,16,87,107,0,6,19,9,34,0,10,35,96,141,10,58,68,209
09/03/2021,MEI,MS,ASO,ES,Federal Contract Tower,0,3,14,41,58,0,5,38,5,48,0,8,52,46,106,34,12,46,152
09/04/2021,MEI,MS,ASO,ES,Federal Contract Tower,0,3,9,12,24,0,10,25,2,37,0,13,34,14,61,38,16,54,115
09/05/2021,MEI,MS,ASO,ES,Federal Contract Tower,0,6,7,8,21,0,6,25,2,33,0,12,32,10,54,4,14,18,72
09/06/2021,MEI,MS,ASO,ES,Federal Contract Tower,0,3,14,8,25,0,3,17,8,28,0,6,31,16,53,22,40,62,115
09/07/2021,MEI,MS,ASO,ES,Federal Contract Tower,0,4,14,122,140,0,16,18,14,48,0,20,32,136,188,22,176,198,386
09/08/2021,MEI,MS,ASO,ES,Federal Contract Tower,0,6,4,59,69,0,5,18,5,28,0,11,22,64,97,6,162,168,265
09/09/2021,MEI,MS,ASO,ES,Federal Contract Tower,0,3,11,83,97,0,4,19,13,36,0,7,30,96,133,0,176,176,309
09/10/2021,MEI,MS,ASO,ES,Federal Contract Tower,0,6,13,90,109,0,9,24,13,46,0,15,37,103,155,61,252,313,468
09/11/2021,MEI,MS,ASO,ES,Federal Contract Tower,0,2,10,17,29,0,3,21,4,28,0,5,31,21,57,44,20,64,121
09/12/2021,MEI,MS,ASO,ES,Federal Contract Tower,0,4,16,30,50,0,14,24,6,44,0,18,40,36,94,18,118,136,230
09/13/2021,MEI,MS,ASO,ES,Federal Contract Tower,0,4,19,132,155,0,10,15,5,30,0,14,34,137,185,20,310,330,515
09/14/2021,MEI,MS,ASO,ES,Federal Contract Tower,0,3,16,114,133,0,10,4,0,14,0,13,20,114,147,8,190,198,345
09/15/2021,MEI,MS,ASO,ES,Federal Contract Tower,0,4,4,24,32,0,0,0,0,0,0,4,4,24,32,0,0,0,32
09/16/2021,MEI,MS,ASO,ES,Federal Contract Tower,0,4,13,46,63,0,0,5,0,5,0,4,18,46,68,6,14,20,88
09/17/2021,MEI,MS,ASO,ES,Federal Contract Tower,0,6,21,61,88,0,6,1,6,13,0,12,22,67,101,4,100,104,205
09/18/2021,MEI,MS,ASO,ES,Federal Contract Tower,0,4,8,14,26,0,0,0,3,3,0,4,8,17,29,0,0,0,29
09/19/2021,MEI,MS,ASO,ES,Federal Contract Tower,0,4,14,15,33,0,3,12,5,20,0,7,26,20,53,0,34,34,87
09/20/2021,MEI,MS,ASO,ES,Federal Contract Tower,0,4,9,57,70,0,0,5,1,6,0,4,14,58,76,0,134,134,210
09/21/2021,MEI,MS,ASO,ES,Federal Contract Tower,0,2,9,92,103,0,3,1,0,4,0,5,10,92,107,0,214,214,321
09/22/2021,MEI,MS,ASO,ES,Federal Contract Tower,0,4,26,133,163,0,11,21,14,46,0,15,47,147,209,0,226,226,435
09/23/2021,MEI,MS,ASO,ES,Federal Contract Tower,0,5,21,84,110,0,1,32,10,43,0,6,53,94,153,74,254,328,481
09/24/2021,MEI,MS,ASO,ES,Federal Contract Tower,0,4,16,96,116,0,3,30,15,48,0,7,46,111,164,36,164,200,364
09/25/2021,MEI,MS,ASO,ES,Federal Contract Tower,0,2,4,8,14,0,1,32,0,33,0,3,36,8,47,20,10,30,77
09/26/2021,MEI,MS,ASO,ES,Federal Contract Tower,0,4,16,8,28,0,4,39,0,43,0,8,55,8,71,10,9,19,90
09/27/2021,MEI,MS,ASO,ES,Federal Contract Tower,0,7,19,84,110,4,29,15,0,48,4,36,34,84,158,52,232,284,442
09/28/2021,MEI,MS,ASO,ES,Federal Contract Tower,0,2,20,40,62,0,2,11,7,20,0,4,31,47,82,4,68,72,154
09/29/2021,MEI,MS,ASO,ES,Federal Contract Tower,0,4,13,35,52,0,0,6,0,6,0,4,19,35,58,20,4,24,82
09/30/2021,MEI,MS,ASO,ES,Federal Contract Tower,0,9,17,79,105,0,4,8,39,51,0,13,25,118,156,0,50,50,206
10/01/2021,MEI,MS,ASO,ES,Federal Contract Tower,0,7,15,57,79,0,7,15,4,26,0,14,30,61,105,0,139,139,244
10/02/2021,MEI,MS,ASO,ES,Federal Contract Tower,0,2,11,11,24,0,6,7,0,13,0,8,18,11,37,0,10,10,47
10/03/2021,MEI,MS,ASO,ES,Federal Contract Tower,0,3,22,16,41,0,4,3,3,10,0,7,25,19,51,20,40,60,111
10/04/2021,MEI,MS,ASO,ES,Federal Contract Tower,0,7,13,101,121,0,7,8,2,17,0,14,21,103,138,24,134,158,296
10/05/2021,MEI,MS,ASO,ES,Federal Contract Tower,0,2,6,94,102,0,9,5,5,19,0,11,11,99,121,0,152,152,273
10/06/2021,MEI,MS,ASO,ES,Federal Contract Tower,0,6,16,101,123,0,4,15,6,25,0,10,31,107,148,80,278,358,506
10/07/2021,MEI,MS,ASO,ES,Federal Contract Tower,0,5,11,101,117,0,0,22,9,31,0,5,33,110,148,34,358,392,540
10/08/2021,MEI,MS,ASO,ES,Federal Contract Tower,0,4,22,79,105,0,4,33,18,55,0,8,55,97,160,54,266,320,480
10/09/2021,MEI,MS,ASO,ES,Federal Contract Tower,0,2,3,5,10,0,0,38,6,44,0,2,41,11,54,28,38,66,120
10/10/2021,MEI,MS,ASO,ES,Federal Contract Tower,0,6,15,6,27,0,5,26,3,34,0,11,41,9,61,88,42,130,191
10/11/2021,MEI,MS,ASO,ES,Federal Contract Tower,0,4,14,18,36,0,10,31,4,45,0,14,45,22,81,78,20,98,179
10/12/2021,MEI,MS,ASO,ES,Federal Contract Tower,0,2,32,147,181,0,11,30,24,65,0,13,62,171,246,80,326,406,652
10/13/2021,MEI,MS,ASO,ES,Federal Contract Tower,0,5,23,115,143,0,12,31,39,82,0,17,54,154,225,42,200,242,467
10/14/2021,MEI,MS,ASO,ES,Federal Contract Tower,0,5,24,68,97,0,5,24,15,44,0,10,48,83,141,0,232,232,373
10/15/2021,MEI,MS,ASO,ES,Federal Contract Tower,0,6,22,115,143,0,7,12,7,26,0,13,34,122,169,40,68,108,277
10/16/2021,MEI,MS,ASO,ES,Federal Contract Tower,0,2,3,24,29,0,10,13,11,34,0,12,16,35,63,6,72,78,141
10/17/2021,MEI,MS,ASO,ES,Federal Contract Tower,0,4,25,44,73,0,6,20,4,30,0,10,45,48,103,40,38,78,181
10/18/2021,MEI,MS,ASO,ES,Federal Contract Tower,0,4,19,142,165,0,7,10,10,27,0,11,29,152,192,0,130,130,322
10/19/2021,MEI,MS,ASO,ES,Federal Contract Tower,0,5,15,213,233,0,8,34,10,52,0,13,49,223,285,21,320,341,626
10/20/2021,MEI,MS,ASO,ES,Federal Contract Tower,0,6,14,110,130,0,4,22,19,45,0,10,36,129,175,36,194,230,405
10/21/2021,MEI,MS,ASO,ES,Federal Contract Tower,0,2,11,101,114,0,3,6,2,11,0,5,17,103,125,6,138,144,269
10/22/2021,MEI,MS,ASO,ES,Federal Contract Tower,0,4,15,71,90,0,10,26,17,53,0,14,41,88,143,52,64,116,259
10/23/2021,MEI,MS,ASO,ES,Federal Contract Tower,0,2,6,14,22,0,7,35,2,44,0,9,41,16,66,60,24,84,150
10/24/2021,MEI,MS,ASO,ES,Federal Contract Tower,0,4,24,28,56,0,4,22,5,31,0,8,46,33,87,40,16,56,143
10/25/2021,MEI,MS,ASO,ES,Federal Contract Tower,0,4,18,53,75,0,9,5,2,16,0,13,23,55,91,10,12,22,113
10/26/2021,MEI,MS,ASO,ES,Federal Contract Tower,0,4,12,50,66,0,7,33,14,54,0,11,45,64,120,18,118,136,256
10/27/2021,MEI,MS,ASO,ES,Federal Contract Tower,0,4,16,86,106,0,0,19,4,23,0,4,35,90,129,16,222,238,367
10/28/2021,MEI,MS,ASO,ES,Federal Contract Tower,0,4,12,127,143,0,6,8,6,20,0,10,20,133,163,12,236,248,411
10/29/2021,MEI,MS,ASO,ES,Federal Contract Tower,0,4,8,70,82,0,0,1,0,1,0,4,9,70,83,0,8,8,91
10/30/2021,MEI,MS,ASO,ES,Federal Contract Tower,0,3,14,6,23,0,8,7,0,15,0,11,21,6,38,0,28,28,66
10/31/2021,MEI,MS,ASO,ES,Federal Contract Tower,0,4,7,9,20,0,2,20,4,26,0,6,27,13,46,0,30,30,76
11/01/2021,MEI,MS,ASO,ES,Federal Contract Tower,0,5,12,96,113,0,5,6,12,23,0,10,18,108,136,8,120,128,264
11/02/2021,MEI,MS,ASO,ES,Federal Contract Tower,0,2,15,108,125,0,0,16,19,35,0,2,31,127,160,12,216,228,388
11/03/2021,MEI,MS,ASO,ES,Federal Contract Tower,0,4,23,202,229,0,0,20,28,48,0,4,43,230,277,6,358,364,641
11/04/2021,MEI,MS,ASO,ES,Federal Contract Tower,0,4,17,67,88,0,5,5,2,12,0,9,22,69,100,7,80,87,187
11/05/2021,MEI,MS,ASO,ES,Federal Contract Tower,0,5,12,101,118,0,9,11,3,23,0,14,23,104,141,0,98,98,239
11/06/2021,MEI,MS,ASO,ES,Federal Contract Tower,0,2,5,17,24,0,20,22,7,49,0,22,27,24,73,34,24,58,131
11/07/2021,MEI,MS,ASO,ES,Federal Contract Tower,0,2,16,42,60,0,0,23,10,33,0,2,39,52,93,6,118,124,217
11/08/2021,MEI,MS,ASO,ES,Federal Contract Tower,0,9,15,157,181,0,5,18,36,59,0,14,33,193,240,4,196,200,440
11/09/2021,MEI,MS,ASO,ES,Federal Contract Tower,0,2,14,166,182,0,8,15,12,35,0,10,29,178,217,18,290,308,525
11/10/2021,MEI,MS,ASO,ES,Federal Contract Tower,0,5,23,178,206,0,3,17,17,37,0,8,40,195,243,12,352,364,607
11/11/2021,MEI,MS,ASO,ES,Federal Contract Tower,0,3,14,22,39,0,6,14,6,26,0,9,28,28,65,20,22,42,107
11/12/2021,MEI,MS,ASO,ES,Federal Contract Tower,0,5,24,62,91,0,7,35,14,56,0,12,59,76,147,46,118,164,311
11/13/2021,MEI,MS,ASO,ES,Federal Contract Tower,0,2,15,10,27,0,12,20,2,34,0,14,35,12,61,6,12,18,79
11/14/2021,MEI,MS,ASO,ES,Federal Contract Tower,0,5,10,29,44,0,3,33,4,40,0,8,43,33,84,10,6,16,100
11/15/2021,MEI,MS,ASO,ES,Federal Contract Tower,0,4,10,141,155,0,2,21,26,49,0,6,31,167,204,32,198,230,434
11/16/2021,MEI,MS,ASO,ES,Federal Contract Tower,0,2,13,127,142,0,2,23,26,51,0,4,36,153,193,20,250,270,463
11/17/2021,MEI,MS,ASO,ES,Federal Contract Tower,0,8,19,181,208,0,7,26,24,57,0,15,45,205,265,102,468,570,835
11/18/2021,MEI,MS,ASO,ES,Federal Contract Tower,0,5,20,61,86,0,1,2,47,50,0,6,22,108,136,0,26,26,162
11/19/2021,MEI,MS,ASO,ES,Federal Contract Tower,0,6,12,35,53,0,6,12,17,35,0,12,24,52,88,20,208,228,316
11/20/2021,MEI,MS,ASO,ES,Federal Contract Tower,0,6,13,12,31,0,19,29,5,53,0,25,42,17,84,22,12,34,118
11/21/2021,MEI,MS,ASO,ES,Federal Contract Tower,0,6,20,37,63,0,2,16,7,25,0,8,36,44,88,0,14,14,102
11/22/2021,MEI,MS,ASO,ES,Federal Contract Tower,0,4,12,100,116,0,3,20,11,34,0,7,32,111,150,4,164,168,318
11/23/2021,MEI,MS,ASO,ES,Federal Contract Tower,0,4,22,125,151,0,2,22,27,51,0,6,44,152,202,24,344,368,570
11/24/2021,MEI,MS,ASO,ES,Federal Contract Tower,0,6,17,43,66,0,8,27,2,37,0,14,44,45,103,0,92,92,195
11/25/2021,MEI,MS,ASO,ES,Federal Contract Tower,0,2,3,0,5,0,4,7,0,11,0,6,10,0,16,22,0,22,38
11/26/2021,MEI,MS,ASO,ES,Federal Contract Tower,0,4,12,2,18,0,13,29,2,44,0,17,41,4,62,56,4,60,122
11/27/2021,MEI,MS,ASO,ES,Federal Contract Tower,0,4,17,9,30,0,4,36,3,43,0,8,53,12,73,58,8,66,139
11/28/2021,MEI,MS,ASO,ES,Federal Contract Tower,0,6,44,4,54,0,11,6,0,17,0,17,50,4,71,0,0,0,71
11/29/2021,MEI,MS,ASO,ES,Federal Contract Tower,0,4,19,102,125,0,4,14,10,28,0,8,33,112,153,0,86,86,239
11/30/2021,MEI,MS,ASO,ES,Federal Contract Tower,0,4,8,54,66,0,8,15,15,38,0,12,23,69,104,32,24,56,160
12/01/2021,MEI,MS,ASO,ES,Federal Contract Tower,1,4,13,132,150,0,9,41,18,68,1,13,54,150,218,61,188,249,467
12/02/2021,MEI,MS,ASO,ES,Federal Contract Tower,0,5,17,135,157,0,13,34,64,111,0,18,51,199,268,18,248,266,534
12/03/2021,MEI,MS,ASO,ES,Federal Contract Tower,0,4,9,93,106,0,12,38,10,60,0,16,47,103,166,66,204,270,436
12/04/2021,MEI,MS,ASO,ES,Federal Contract Tower,0,2,10,41,53,0,7,28,20,55,0,9,38,61,108,34,122,156,264
12/05/2021,MEI,MS,ASO,ES,Federal Contract Tower,0,3,14,80,97,0,3,9,5,17,0,6,23,85,114,0,18,18,132
12/06/2021,MEI,MS,ASO,ES,Federal Contract Tower,0,4,9,13,26,0,0,0,0,0,0,4,9,13,26,0,0,0,26
12/07/2021,MEI,MS,ASO,ES,Federal Contract Tower,0,4,15,173,192,0,2,1,0,3,0,6,16,173,195,0,14,14,209
12/08/2021,MEI,MS,ASO,ES,Federal Contract Tower,0,5,10,104,119,0,2,8,25,35,0,7,18,129,154,18,58,76,230
12/09/2021,MEI,MS,ASO,ES,Federal Contract Tower,0,6,29,99,134,0,9,8,11,28,0,15,37,110,162,8,66,74,236
12/10/2021,MEI,MS,ASO,ES,Federal Contract Tower,0,4,12,100,116,0,10,4,4,18,0,14,16,104,134,0,0,0,134
12/11/2021,MEI,MS,ASO,ES,Federal Contract Tower,0,2,13,1,16,0,10,9,0,19,0,12,22,1,35,22,0,22,57
12/12/2021,MEI,MS,ASO,ES,Federal Contract Tower,0,6,23,64,93,0,8,28,6,42,0,14,51,70,135,16,8,24,159
12/13/2021,MEI,MS,ASO,ES,Federal Contract Tower,0,5,27,128,160,0,7,38,17,62,0,12,65,145,222,32,76,108,330
12/14/2021,MEI,MS,ASO,ES,Federal Contract Tower,0,2,24,125,151,0,6,25,9,40,0,8,49,134,191,22,118,140,331
12/15/2021,MEI,MS,ASO,ES,Federal Contract Tower,0,5,24,84,113,0,5,30,13,48,0,10,54,97,161,14,96,110,271
12/16/2021,MEI,MS,ASO,ES,Federal Contract Tower,0,6,15,57,78,0,0,12,3,15,0,6,27,60,93,29,20,49,142
12/17/2021,MEI,MS,ASO,ES,Federal Contract Tower,0,4,21,34,59,0,4,7,0,11,0,8,28,34,70,40,58,98,168
12/18/2021,MEI,MS,ASO,ES,Federal Contract Tower,0,5,0,18,23,0,0,0,0,0,0,5,0,18,23,0,0,0,23
12/19/2021,MEI,MS,ASO,ES,Federal Contract Tower,0,4,22,23,49,0,0,14,0,14,0,4,36,23,63,0,6,6,69
12/20/2021,MEI,MS,ASO,ES,Federal Contract Tower,4,5,14,52,75,0,11,2,6,19,4,16,16,58,94,0,0,0,94
12/21/2021,MEI,MS,ASO,ES,Federal Contract Tower,0,2,16,26,44,0,3,6,19,28,0,5,22,45,72,0,66,66,138
12/22/2021,MEI,MS,ASO,ES,Federal Contract Tower,0,4,17,84,105,0,5,30,4,39,0,9,47,88,144,18,188,206,350
12/23/2021,MEI,MS,ASO,ES,Federal Contract Tower,0,7,27,2,36,0,12,31,0,43,0,19,58,2,79,50,0,50,129
12/24/2021,MEI,MS,ASO,ES,Federal Contract Tower,0,4,14,0,18,0,6,22,0,28,0,10,36,0,46,18,0,18,64
12/25/2021,MEI,MS,ASO,ES,Federal Contract Tower,0,4,6,0,10,0,14,15,0,29,0,18,21,0,39,0,0,0,39
12/26/2021,MEI,MS,ASO,ES,Federal Contract Tower,0,4,25,0,29,0,10,6,0,16,0,14,31,0,45,36,0,36,81
12/27/2021,MEI,MS,ASO,ES,Federal Contract Tower,0,5,21,18,44,0,9,22,0,31,0,14,43,18,75,78,12,90,165
12/28/2021,MEI,MS,ASO,ES,Federal Contract Tower,0,7,13,0,20,0,14,10,0,24,0,21,23,0,44,8,0,8,52
12/29/2021,MEI,MS,ASO,ES,Federal Contract Tower,0,4,15,16,35,0,5,2,0,7,0,9,17,16,42,0,0,0,42
12/30/2021,MEI,MS,ASO,ES,Federal Contract Tower,0,9,12,4,25,0,1,0,0,1,0,10,12,4,26,0,0,0,26
12/31/2021,MEI,MS,ASO,ES,Federal Contract Tower,0,8,16,0,24,0,6,9,0,15,0,14,25,0,39,0,0,0,39
01/01/2022,MEI,MS,ASO,ES,Federal Contract Tower,0,4,8,0,12,0,0,1,0,1,0,4,9,0,13,0,0,0,13
01/02/2022,MEI,MS,ASO,ES,Federal Contract Tower,0,7,8,0,15,0,0,1,0,1,0,7,9,0,16,12,0,12,28
01/03/2022,MEI,MS,ASO,ES,Federal Contract Tower,0,6,18,8,32,0,2,3,0,5,0,8,21,8,37,12,4,16,53
01/04/2022,MEI,MS,ASO,ES,Federal Contract Tower,0,2,8,128,138,0,9,15,12,36,0,11,23,140,174,0,132,132,306
01/05/2022,MEI,MS,ASO,ES,Federal Contract Tower,0,4,21,103,128,0,13,10,28,51,0,17,31,131,179,30,160,190,369
01/06/2022,MEI,MS,ASO,ES,Federal Contract Tower,0,6,12,121,139,0,4,10,63,77,0,10,22,184,216,0,66,66,282
01/07/2022,MEI,MS,ASO,ES,Federal Contract Tower,0,5,17,137,159,0,9,40,34,83,0,14,57,171,242,14,196,210,452
01/08/2022,MEI,MS,ASO,ES,Federal Contract Tower,0,2,15,37,54,0,11,23,31,65,0,13,38,68,119,50,144,194,313
01/09/2022,MEI,MS,ASO,ES,Federal Contract Tower,0,5,4,3,12,0,0,1,0,1,0,5,5,3,13,0,0,0,13
01/10/2022,MEI,MS,ASO,ES,Federal Contract Tower,0,6,11,96,113,0,10,18,12,40,0,16,29,108,153,0,144,144,297
01/11/2022,MEI,MS,ASO,ES,Federal Contract Tower,0,3,9,157,169,0,8,20,19,47,0,11,29,176,216,0,142,142,358
01/12/2022,MEI,MS,ASO,ES,Federal Contract Tower,0,9,14,96,119,0,9,20,32,61,0,18,34,128,180,14,82,96,276
01/13/2022,MEI,MS,ASO,ES,Federal Contract Tower,0,3,6,103,112,0,2,16,51,69,0,5,22,154,181,26,288,314,495
01/14/2022,MEI,MS,ASO,ES,Federal Contract Tower,0,5,18,127,150,0,9,23,19,51,0,14,41,146,201,30,238,268,469
01/15/2022,MEI,MS,ASO,ES,Federal Contract Tower,0,2,9,5,16,0,2,7,2,11,0,4,16,7,27,12,26,38,65
01/16/2022,MEI,MS,ASO,ES,Federal Contract Tower,0,5,10,0,15,0,0,0,0,0,0,5,10,0,15,0,0,0,15
01/17/2022,MEI,MS,ASO,ES,Federal Contract Tower,0,3,19,23,45,0,6,19,1,26,0,9,38,24,71,10,94,104,175
01/18/2022,MEI,MS,ASO,ES,Federal Contract Tower,0,2,11,134,147,0,9,15,44,68,0,11,26,178,215,130,222,352,567
01/19/2022,MEI,MS,ASO,ES,Federal Contract Tower,0,4,12,120,136,0,10,5,10,25,0,14,17,130,161,24,66,90,251
01/20/2022,MEI,MS,ASO,ES,Federal Contract Tower,0,4,5,54,63,0,3,0,9,12,0,7,5,63,75,0,118,118,193
01/21/2022,MEI,MS,ASO,ES,Federal Contract Tower,0,6,14,184,204,0,8,20,23,51,0,14,34,207,255,14,294,308,563
01/22/2022,MEI,MS,ASO,ES,Federal Contract Tower,0,2,15,16,33,0,8,47,14,69,0,10,62,30,102,82,18,100,202
01/23/2022,MEI,MS,ASO,ES,Federal Contract Tower,0,4,14,28,46,0,5,18,1,24,0,9,32,29,70,6,24,30,100
01/24/2022,MEI,MS,ASO,ES,Federal Contract Tower,0,4,11,101,116,0,3,13,5,21,0,7,24,106,137,22,134,156,293
01/25/2022,MEI,MS,ASO,ES,Federal Contract Tower,0,4,11,67,82,0,3,2,6,11,0,7,13,73,93,0,66,66,159
01/26/2022,MEI,MS,ASO,ES,Federal Contract Tower,0,4,17,106,127,0,3,11,25,39,0,7,28,131,166,0,144,144,310
01/27/2022,MEI,MS,ASO,ES,Federal Contract Tower,0,4,9,103,116,0,11,20,21,52,0,15,29,124,168,8,164,172,340
01/28/2022,MEI,MS,ASO,ES,Federal Contract Tower,0,6,16,78,100,0,4,12,6,22,0,10,28,84,122,20,148,168,290
01/29/2022,MEI,MS,ASO,ES,Federal Contract Tower,0,3,20,26,49,0,17,26,14,57,0,20,46,40,106,62,16,78,184
01/30/2022,MEI,MS,ASO,ES,Federal Contract Tower,0,4,5,19,28,0,4,16,2,22,0,8,21,21,50,22,26,48,98
01/31/2022,MEI,MS,ASO,ES,Federal Contract Tower,0,3,18,92,113,0,9,20,7,36,0,12,38,99,149,8,118,126,275
02/01/2022,MEI,MS,ASO,ES,Federal Contract Tower,0,3,33,89,125,0,10,5,22,37,0,13,38,111,162,0,182,182,344
02/02/2022,MEI,MS,ASO,ES,Federal Contract Tower,0,5,15,26,46,0,0,0,0,0,0,5,15,26,46,0,0,0,46
02/03/2022,MEI,MS,ASO,ES,Federal Contract Tower,0,6,0,0,6,0,0,0,0,0,0,6,0,0,6,0,0,0,6
02/04/2022,MEI,MS,ASO,ES,Federal Contract Tower,0,4,10,9,23,0,2,0,0,2,0,6,10,9,25,0,0,0,25
02/05/2022,MEI,MS,ASO,ES,Federal Contract Tower,0,2,15,9,26,0,6,38,0,44,0,8,53,9,70,64,18,82,152
02/06/2022,MEI,MS,ASO,ES,Federal Contract Tower,0,4,15,14,33,0,3,22,0,25,0,7,37,14,58,26,0,26,84
02/07/2022,MEI,MS,ASO,ES,Federal Contract Tower,0,4,6,124,134,0,3,20,4,27,0,7,26,128,161,8,168,176,337
02/08/2022,MEI,MS,ASO,ES,Federal Contract Tower,0,2,19,124,145,0,3,18,14,35,0,5,37,138,180,0,220,220,400
02/09/2022,MEI,MS,ASO,ES,Federal Contract Tower,0,4,25,119,148,0,4,18,15,37,0,8,43,134,185,18,346,364,549
02/10/2022,MEI,MS,ASO,ES,Federal Contract Tower,0,5,21,87,113,0,4,16,21,41,0,9,37,108,154,34,140,174,328
02/11/2022,MEI,MS,ASO,ES,Federal Contract Tower,0,4,26,77,107,0,15,42,14,71,0,19,68,91,178,42,193,235,413
02/12/2022,MEI,MS,ASO,ES,Federal Contract Tower,0,3,19,51,73,0,11,41,14,66,0,14,60,65,139,78,28,106,245
02/13/2022,MEI,MS,ASO,ES,Federal Contract Tower,0,3,15,25,43,0,2,4,7,13,0,5,19,32,56,0,12,12,68
02/14/2022,MEI,MS,ASO,ES,Federal Contract Tower,0,4,16,103,123,0,4,29,15,48,0,8,45,118,171,28,180,208,379
02/15/2022,MEI,MS,ASO,ES,Federal Contract Tower,0,1,20,202,223,0,8,14,34,56,0,9,34,236,279,2,182,184,463
02/16/2022,MEI,MS,ASO,ES,Federal Contract Tower,0,6,38,170,214,0,12,11,5,28,0,18,49,175,242,28,176,204,446
02/17/2022,MEI,MS,ASO,ES,Federal Contract Tower,0,5,9,16,30,0,2,1,0,3,0,7,10,16,33,0,0,0,33
02/18/2022,MEI,MS,ASO,ES,Federal Contract Tower,0,4,22,73,99,0,4,7,2,13,0,8,29,75,112,20,34,54,166
02/19/2022,MEI,MS,ASO,ES,Federal Contract Tower,0,2,16,22,40,0,4,36,10,50,0,6,52,32,90,148,48,196,286
02/20/2022,MEI,MS,ASO,ES,Federal Contract Tower,0,4,20,14,38,0,3,22,6,31,0,7,42,20,69,72,48,120,189
02/21/2022,MEI,MS,ASO,ES,Federal Contract Tower,0,6,11,8,25,0,3,1,0,4,0,9,12,8,29,0,0,0,29
02/22/2022,MEI,MS,ASO,ES,Federal Contract Tower,0,1,11,150,162,0,13,5,13,31,0,14,16,163,193,0,40,40,233
02/23/2022,MEI,MS,ASO,ES,Federal Contract Tower,0,5,13,140,158,0,0,4,2,6,0,5,17,142,164,4,36,40,204
02/24/2022,MEI,MS,ASO,ES,Federal Contract Tower,0,8,4,158,170,0,0,10,16,26,0,8,14,174,196,36,68,104,300
02/25/2022,MEI,MS,ASO,ES,Federal Contract Tower,0,4,27,122,153,0,12,10,2,24,0,16,37,124,177,26,110,136,313
02/26/2022,MEI,MS,ASO,ES,Federal Contract Tower,0,2,15,17,34,0,6,31,19,56,0,8,46,36,90,46,22,68,158
02/27/2022,MEI,MS,ASO,ES,Federal Contract Tower,0,6,12,33,51,0,0,5,0,5,0,6,17,33,56,0,24,24,80
02/28/2022,MEI,MS,ASO,ES,Federal Contract Tower,0,4,17,130,151,0,4,20,36,60,0,8,37,166,211,24,276,300,511
03/01/2022,MEI,MS,ASO,ES,Federal Contract Tower,0,3,19,107,129,0,8,15,30,53,0,11,34,137,182,0,290,290,472
03/02/2022,MEI,MS,ASO,ES,Federal Contract Tower,0,4,26,118,148,0,13,60,21,94,0,17,86,139,242,138,94,232,474
03/03/2022,MEI,MS,ASO,ES,Federal Contract Tower,0,4,15,117,136,0,6,53,20,79,0,10,68,137,215,89,109,198,413
03/04/2022,MEI,MS,ASO,ES,Federal Contract Tower,0,8,16,97,121,0,6,34,48,88,0,14,50,145,209,86,225,311,520
03/05/2022,MEI,MS,ASO,ES,Federal Contract Tower,0,4,15,7,26,0,15,30,16,61,0,19,45,23,87,24,0,24,111
03/06/2022,MEI,MS,ASO,ES,Federal Contract Tower,0,4,25,26,55,0,8,10,5,23,0,12,35,31,78,30,14,44,122
03/07/2022,MEI,MS,ASO,ES,Federal Contract Tower,0,5,7,114,126,0,1,1,8,10,0,6,8,122,136,0,96,96,232
03/08/2022,MEI,MS,ASO,ES,Federal Contract Tower,0,2,14,12,28,0,0,6,0,6,0,2,20,12,34,0,0,0,34
03/09/2022,MEI,MS,ASO,ES,Federal Contract Tower,0,4,22,19,45,0,4,10,23,37,0,8,32,42,82,0,0,0,82
03/10/2022,MEI,MS,ASO,ES,Federal Contract Tower,0,4,11,27,42,0,6,38,12,56,0,10,49,39,98,56,10,66,164
03/11/2022,MEI,MS,ASO,ES,Federal Contract Tower,0,7,15,41,63,0,2,20,6,28,0,9,35,47,91,48,0,48,139
03/12/2022,MEI,MS,ASO,ES,Federal Contract Tower,0,5,18,4,27,0,2,16,6,24,0,7,34,10,51,18,0,18,69
03/13/2022,MEI,MS,ASO,ES,Federal Contract Tower,0,8,15,27,50,0,5,27,11,43,0,13,42,38,93,40,12,52,145
03/14/2022,MEI,MS,ASO,ES,Federal Contract Tower,0,5,30,74,109,0,4,30,22,56,0,9,60,96,165,64,154,218,383
03/15/2022,MEI,MS,ASO,ES,Federal Contract Tower,0,2,3,44,49,0,2,0,0,2,0,4,3,44,51,0,0,0,51
03/16/2022,MEI,MS,ASO,ES,Federal Contract Tower,0,4,17,100,121,0,3,8,5,16,0,7,25,105,137,20,134,154,291
03/17/2022,MEI,MS,ASO,ES,Federal Contract Tower,0,6,17,61,84,0,8,38,15,61,0,14,55,76,145,142,90,232,377
03/18/2022,MEI,MS,ASO,ES,Federal Contract Tower,0,4,11,61,76,0,13,4,4,21,0,17,15,65,97,2,64,66,163
03/19/2022,MEI,MS,ASO,ES,Federal Contract Tower,0,4,6,3,13,0,1,18,3,22,0,5,24,6,35,10,0,10,45
03/20/2022,MEI,MS,ASO,ES,Federal Contract Tower,0,6,24,11,41,0,6,59,1,66,0,12,83,12,107,126,30,156,263
03/21/2022,MEI,MS,ASO,ES,Federal Contract Tower,0,5,17,78,100,0,3,13,12,28,0,8,30,90,128,20,160,180,308
03/22/2022,MEI,MS,ASO,ES,Federal Contract Tower,0,2,5,30,37,0,0,10,0,10,0,2,15,30,47,10,70,80,127
03/23/2022,MEI,MS,ASO,ES,Federal Contract Tower,0,4,32,71,107,0,10,14,25,49,0,14,46,96,156,38,188,226,382
03/24/2022,MEI,MS,ASO,ES,Federal Contract Tower,0,4,19,84,107,0,3,13,3,19,0,7,32,87,126,46,86,132,258
03/25/2022,MEI,MS,ASO,ES,Federal Contract Tower,0,4,13,46,63,0,6,13,10,29,0,10,26,56,92,26,20,46,138
03/26/2022,MEI,MS,ASO,ES,Federal Contract Tower,0,2,6,14,22,0,3,39,3,45,0,5,45,17,67,10,34,44,111
03/27/2022,MEI,MS,ASO,ES,Federal Contract Tower,0,6,13,13,32,0,0,20,24,44,0,6,33,37,76,12,18,30,106
03/28/2022,MEI,MS,ASO,ES,Federal Contract Tower,0,4,27,107,138,0,6,31,68,105,0,10,58,175,243,32,176,208,451
03/29/2022,MEI,MS,ASO,ES,Federal Contract Tower,0,6,26,88,120,0,7,25,61,93,0,13,51,149,213,72,84,156,369
03/30/2022,MEI,MS,ASO,ES,Federal Contract Tower,0,3,7,28,38,0,6,10,8,24,0,9,17,36,62,14,54,68,130
03/31/2022,MEI,MS,ASO,ES,Federal Contract Tower,0,5,24,87,116,0,1,16,19,36,0,6,40,106,152,22,32,54,206
04/01/2022,MEI,MS,ASO,ES,Federal Contract Tower,0,4,33,79,116,0,2,22,7,31,0,6,55,86,147,34,36,70,217
04/02/2022,MEI,MS,ASO,ES,Federal Contract Tower,0,2,8,4,14,0,2,21,5,28,0,4,29,9,42,18,38,56,98
04/03/2022,MEI,MS,ASO,ES,Federal Contract Tower,0,6,23,33,62,0,4,52,15,71,0,10,75,48,133,30,48,78,211
04/04/2022,MEI,MS,ASO,ES,Federal Contract Tower,0,10,12,73,95,0,4,29,5,38,0,14,41,78,133,70,138,208,341
04/05/2022,MEI,MS,ASO,ES,Federal Contract Tower,0,6,4,35,45,0,0,7,4,11,0,6,11,39,56,16,10,26,82
04/06/2022,MEI,MS,ASO,ES,Federal Contract Tower,0,8,16,51,75,0,1,1,2,4,0,9,17,53,79,8,20,28,107
04/07/2022,MEI,MS,ASO,ES,Federal Contract Tower,0,6,27,89,122,0,6,15,28,49,0,12,42,117,171,0,74,74,245
04/08/2022,MEI,MS,ASO,ES,Federal Contract Tower,0,6,18,80,104,0,10,10,19,39,0,16,28,99,143,28,68,96,239
04/09/2022,MEI,MS,ASO,ES,Federal Contract Tower,0,4,12,15,31,0,1,32,3,36,0,5,44,18,67,34,20,54,121
04/10/2022,MEI,MS,ASO,ES,Federal Contract Tower,0,8,20,36,64,0,5,20,5,30,0,13,40,41,94,26,4,30,124
04/11/2022,MEI,MS,ASO,ES,Federal Contract Tower,0,9,23,38,70,0,0,9,2,11,0,9,32,40,81,14,62,76,157
04/12/2022,MEI,MS,ASO,ES,Federal Contract Tower,0,3,25,87,115,0,4,9,8,21,0,7,34,95,136,36,76,112,248
04/13/2022,MEI,MS,ASO,ES,Federal Contract Tower,0,8,12,98,118,0,1,2,16,19,0,9,14,114,137,0,66,66,203
04/14/2022,MEI,MS,ASO,ES,Federal Contract Tower,0,6,16,108,130,0,2,18,18,38,0,8,34,126,168,54,200,254,422
04/15/2022,MEI,MS,ASO,ES,Federal Contract Tower,0,6,39,91,136,0,1,23,21,45,0,7,62,112,181,54,90,144,325
04/16/2022,MEI,MS,ASO,ES,Federal Contract Tower,0,5,0,1,6,0,0,0,0,0,0,5,0,1,6,0,0,0,6
04/17/2022,MEI,MS,ASO,ES,Federal Contract Tower,0,7,3,4,14,0,0,2,0,2,0,7,5,4,16,4,0,4,20
04/18/2022,MEI,MS,ASO,ES,Federal Contract Tower,0,6,17,86,109,0,3,7,2,12,0,9,24,88,121,10,24,34,155
04/19/2022,MEI,MS,ASO,ES,Federal Contract Tower,0,4,9,90,103,0,8,31,9,48,0,12,40,99,151,76,172,248,399
04/20/2022,MEI,MS,ASO,ES,Federal Contract Tower,0,6,12,133,151,0,13,14,12,39,0,19,26,145,190,0,234,234,424
04/21/2022,MEI,MS,ASO,ES,Federal Contract Tower,0,10,30,157,197,0,4,27,15,46,0,14,57,172,243,52,164,216,459
04/22/2022,MEI,MS,ASO,ES,Federal Contract Tower,0,6,9,89,104,0,7,25,19,51,0,13,34,108,155,66,180,246,401
04/23/2022,MEI,MS,ASO,ES,Federal Contract Tower,0,5,15,25,45,0,5,24,26,55,0,10,39,51,100,57,30,87,187
04/24/2022,MEI,MS,ASO,ES,Federal Contract Tower,0,7,26,28,61,0,0,13,6,19,0,7,39,34,80,6,12,18,98
04/25/2022,MEI,MS,ASO,ES,Federal Contract Tower,0,7,16,60,83,0,4,11,8,23,0,11,27,68,106,36,82,118,224
04/26/2022,MEI,MS,ASO,ES,Federal Contract Tower,0,2,31,74,107,0,7,13,21,41,0,9,44,95,148,10,14,24,172
04/27/2022,MEI,MS,ASO,ES,Federal Contract Tower,0,7,19,95,121,0,2,26,26,54,0,9,45,121,175,126,226,352,527
04/28/2022,MEI,MS,ASO,ES,Federal Contract Tower,0,6,10,91,107,0,2,11,13,26,0,8,21,104,133,68,80,148,281
04/29/2022,MEI,MS,ASO,ES,Federal Contract Tower,0,6,17,52,75,0,3,16,9,28,0,9,33,61,103,50,18,68,171
04/30/2022,MEI,MS,ASO,ES,Federal Contract Tower,0,5,31,12,48,0,3,8,8,19,0,8,39,20,67,0,12,12,79
05/01/2022,MEI,MS,ASO,ES,Federal Contract Tower,0,7,23,19,49,0,8,13,13,34,0,15,36,32,83,26,30,56,139
05/02/2022,MEI,MS,ASO,ES,Federal Contract Tower,0,8,33,70,111,0,10,19,8,37,0,18,52,78,148,64,92,156,304
05/03/2022,MEI,MS,ASO,ES,Federal Contract Tower,0,3,16,122,141,0,12,47,56,115,0,15,63,178,256,132,306,438,694
05/04/2022,MEI,MS,ASO,ES,Federal Contract Tower,0,7,27,64,98,0,5,14,9,28,0,12,41,73,126,12,100,112,238
05/05/2022,MEI,MS,ASO,ES,Federal Contract Tower,0,9,15,77,101,0,5,18,5,28,0,14,33,82,129,36,174,210,339
05/06/2022,MEI,MS,ASO,ES,Federal Contract Tower,0,9,15,77,101,0,5,18,5,28,0,14,33,82,129,36,174,210,339
05/07/2022,MEI,MS,ASO,ES,Federal Contract Tower,0,6,10,8,24,0,5,16,3,24,0,11,26,11,48,42,0,42,90
05/08/2022,MEI,MS,ASO,ES,Federal Contract Tower,0,7,18,30,55,0,8,33,18,59,0,15,51,48,114,34,48,82,196
05/09/2022,MEI,MS,ASO,ES,Federal Contract Tower,0,10,3,20,33,0,7,11,92,110,0,17,14,112,143,16,198,214,357
05/10/2022,MEI,MS,ASO,ES,Federal Contract Tower,0,6,34,185,225,0,7,37,20,64,0,13,71,205,289,82,174,256,545
05/11/2022,MEI,MS,ASO,ES,Federal Contract Tower,0,6,15,148,169,0,14,19,6,39,0,20,34,154,208,102,344,446,654
05/12/2022,MEI,MS,ASO,ES,Federal Contract Tower,0,5,10,116,131,0,3,19,15,37,0,8,29,131,168,36,222,258,426
05/13/2022,MEI,MS,ASO,ES,Federal Contract Tower,0,7,14,82,103,0,5,20,8,33,0,12,34,90,136,82,156,238,374
05/14/2022,MEI,MS,ASO,ES,Federal Contract Tower,0,6,6,13,25,0,18,16,2,36,0,24,22,15,61,22,36,58,119
05/15/2022,MEI,MS,ASO,ES,Federal Contract Tower,0,9,16,33,58,0,9,21,9,39,0,18,37,42,97,56,20,76,173
05/16/2022,MEI,MS,ASO,ES,Federal Contract Tower,0,10,16,157,183,0,9,19,28,56,0,19,35,185,239,36,284,320,559
05/17/2022,MEI,MS,ASO,ES,Federal Contract Tower,0,4,13,212,229,0,9,26,65,100,0,13,39,277,329,96,378,474,803
05/18/2022,MEI,MS,ASO,ES,Federal Contract Tower,0,6,20,193,219,0,6,20,21,47,0,12,40,214,266,141,274,415,681
05/19/2022,MEI,MS,ASO,ES,Federal Contract Tower,0,6,12,126,144,0,9,18,28,55,0,15,30,154,199,84,230,314,513
05/20/2022,MEI,MS,ASO,ES,Federal Contract Tower,0,8,20,65,93,0,4,20,6,30,0,12,40,71,123,54,226,280,403
05/21/2022,MEI,MS,ASO,ES,Federal Contract Tower,0,6,10,19,35,0,13,12,7,32,0,19,22,26,67,14,16,30,97
05/22/2022,MEI,MS,ASO,ES,Federal Contract Tower,0,10,8,23,41,0,6,13,8,27,0,16,21,31,68,28,20,48,116
05/23/2022,MEI,MS,ASO,ES,Federal Contract Tower,0,7,15,133,155,0,5,10,8,23,0,12,25,141,178,32,74,106,284
05/24/2022,MEI,MS,ASO,ES,Federal Contract Tower,0,4,7,55,66,0,2,12,22,36,0,6,19,77,102,20,82,102,204
05/25/2022,MEI,MS,ASO,ES,Federal Contract Tower,0,6,11,70,87,0,2,2,0,4,0,8,13,70,91,0,1,1,92
05/26/2022,MEI,MS,ASO,ES,Federal Contract Tower,0,7,24,110,141,0,2,26,9,37,0,9,50,119,178,102,92,194,372
05/27/2022,MEI,MS,ASO,ES,Federal Contract Tower,0,6,14,16,36,0,2,34,9,45,0,8,48,25,81,48,24,72,153
05/28/2022,MEI,MS,ASO,ES,Federal Contract Tower,0,5,9,5,19,0,6,35,5,46,0,11,44,10,65,132,12,144,209
05/29/2022,MEI,MS,ASO,ES,Federal Contract Tower,0,11,6,2,19,0,4,17,17,38,0,15,23,19,57,68,10,78,135
05/30/2022,MEI,MS,ASO,ES,Federal Contract Tower,0,8,18,29,55,0,11,24,25,60,0,19,42,54,115,40,40,80,195
05/31/2022,MEI,MS,ASO,ES,Federal Contract Tower,0,5,12,133,150,0,5,22,18,45,0,10,34,151,195,64,200,264,459
06/01/2022,MEI,MS,ASO,ES,Federal Contract Tower,0,5,15,114,134,0,3,32,14,49,0,8,47,128,183,96,244,340,523
06/02/2022,MEI,MS,ASO,ES,Federal Contract Tower,0,6,11,54,71,0,2,17,17,36,0,8,28,71,107,8,142,150,257
06/03/2022,MEI,MS,ASO,ES,Federal Contract Tower,0,6,9,32,47,0,0,5,2,7,0,6,14,34,54,18,16,34,88
06/04/2022,MEI,MS,ASO,ES,Federal Contract Tower,0,3,7,11,21,0,0,29,5,34,0,3,36,16,55,48,36,84,139
06/05/2022,MEI,MS,ASO,ES,Federal Contract Tower,0,6,28,48,82,0,4,24,15,43,0,10,52,63,125,32,60,92,217
06/06/2022,MEI,MS,ASO,ES,Federal Contract Tower,0,7,24,112,143,0,9,36,30,75,0,16,60,142,218,42,202,244,462
06/07/2022,MEI,MS,ASO,ES,Federal Contract Tower,0,7,29,144,180,0,7,15,28,50,0,14,44,172,230,34,272,306,536
06/08/2022,MEI,MS,ASO,ES,Federal Contract Tower,0,9,7,89,105,0,1,15,6,22,0,10,22,95,127,32,212,244,371
06/09/2022,MEI,MS,ASO,ES,Federal Contract Tower,0,8,16,137,161,0,6,20,13,39,0,14,36,150,200,40,334,374,574
06/10/2022,MEI,MS,ASO,ES,Federal Contract Tower,0,6,10,25,41,0,5,7,12,24,0,11,17,37,65,36,94,130,195
06/11/2022,MEI,MS,ASO,ES,Federal Contract Tower,0,4,9,12,25,0,1,15,9,25,0,5,24,21,50,58,6,64,114
06/12/2022,MEI,MS,ASO,ES,Federal Contract Tower,0,9,19,28,56,0,0,14,14,28,0,9,33,42,84,58,26,84,168
06/13/2022,MEI,MS,ASO,ES,Federal Contract Tower,0,8,21,75,104,0,5,30,4,39,0,13,51,79,143,115,140,255,398
06/14/2022,MEI,MS,ASO,ES,Federal Contract Tower,0,7,21,92,120,0,1,17,11,29,0,8,38,103,149,85,133,218,367
06/15/2022,MEI,MS,ASO,ES,Federal Contract Tower,0,9,11,99,119,0,8,9,9,26,0,17,20,108,145,22,221,243,388
06/16/2022,MEI,MS,ASO,ES,Federal Contract Tower,0,5,10,139,154,0,4,36,4,44,0,9,46,143,198,54,224,278,476
06/17/2022,MEI,MS,ASO,ES,Federal Contract Tower,0,7,15,103,125,0,0,21,10,31,0,7,36,113,156,4,114,118,274
06/18/2022,MEI,MS,ASO,ES,Federal Contract Tower,0,5,5,9,19,0,11,24,13,48,0,16,29,22,67,12,52,64,131
06/19/2022,MEI,MS,ASO,ES,Federal Contract Tower,0,8,9,8,25,0,2,7,7,16,0,10,16,15,41,12,64,76,117
06/20/2022,MEI,MS,ASO,ES,Federal Contract Tower,0,3,16,68,87,0,6,50,35,91,0,9,66,103,178,90,22,112,290
06/21/2022,MEI,MS,ASO,ES,Federal Contract Tower,0,7,13,160,180,0,8,102,12,122,0,15,115,172,302,92,140,232,534
06/22/2022,MEI,MS,ASO,ES,Federal Contract Tower,0,8,15,201,224,0,11,50,22,83,0,19,65,223,307,62,262,324,631
06/23/2022,MEI,MS,ASO,ES,Federal Contract Tower,0,6,23,164,193,0,7,34,56,97,0,13,57,220,290,138,96,234,524
06/24/2022,MEI,MS,ASO,ES,Federal Contract Tower,0,5,25,138,168,0,6,7,20,33,0,11,32,158,201,35,342,377,578
06/25/2022,MEI,MS,ASO,ES,Federal Contract Tower,0,3,6,10,19,0,7,14,3,24,0,10,20,13,43,43,7,50,93
06/26/2022,MEI,MS,ASO,ES,Federal Contract Tower,0,7,15,26,48,0,13,22,13,48,0,20,37,39,96,56,48,104,200
06/27/2022,MEI,MS,ASO,ES,Federal Contract Tower,0,5,9,55,69,0,10,15,0,25,0,15,24,55,94,21,65,86,180
06/28/2022,MEI,MS,ASO,ES,Federal Contract Tower,0,4,11,94,109,0,7,23,10,40,0,11,34,104,149,18,62,80,229
06/29/2022,MEI,MS,ASO,ES,Federal Contract Tower,0,6,28,90,124,0,9,25,18,52,0,15,53,108,176,36,182,218,394
06/30/2022,MEI,MS,ASO,ES,Federal Contract Tower,0,6,9,51,66,0,2,9,7,18,0,8,18,58,84,20,89,109,193
07/01/2022,MEI,MS,ASO,ES,Federal Contract Tower,0,7,12,42,61,0,3,6,2,11,0,10,18,44,72,8,0,8,80
07/02/2022,MEI,MS,ASO,ES,Federal Contract Tower,0,6,6,2,14,0,2,16,0,18,0,8,22,2,32,32,28,60,92
07/03/2022,MEI,MS,ASO,ES,Federal Contract Tower,0,7,4,8,19,0,7,18,0,25,0,14,22,8,44,60,60,120,164
07/04/2022,MEI,MS,ASO,ES,Federal Contract Tower,0,6,14,0,20,0,2,16,1,19,0,8,30,1,39,32,12,44,83
07/05/2022,MEI,MS,ASO,ES,Federal Contract Tower,0,8,29,40,77,0,10,10,10,30,0,18,39,50,107,20,22,42,149
07/06/2022,MEI,MS,ASO,ES,Federal Contract Tower,0,6,23,210,239,0,11,27,22,60,0,17,50,232,299,42,126,168,467
07/07/2022,MEI,MS,ASO,ES,Federal Contract Tower,0,5,28,142,175,0,7,32,23,62,0,12,60,165,237,46,190,236,473
07/08/2022,MEI,MS,ASO,ES,Federal Contract Tower,0,6,12,129,147,0,2,47,25,74,0,8,59,154,221,92,220,312,533
07/09/2022,MEI,MS,ASO,ES,Federal Contract Tower,0,5,11,25,41,0,9,32,4,45,0,14,43,29,86,130,84,214,300
07/10/2022,MEI,MS,ASO,ES,Federal Contract Tower,0,5,21,27,53,0,4,13,10,27,0,9,34,37,80,94,54,148,228
07/11/2022,MEI,MS,ASO,ES,Federal Contract Tower,0,5,8,140,153,0,7,32,20,59,0,12,40,160,212,148,158,306,518
07/12/2022,MEI,MS,ASO,ES,Federal Contract Tower,0,8,13,83,104,0,11,19,8,38,0,19,32,91,142,52,168,220,362
07/13/2022,MEI,MS,ASO,ES,Federal Contract Tower,0,4,14,62,80,0,11,23,3,37,0,15,37,65,117,44,82,126,243
07/14/2022,MEI,MS,ASO,ES,Federal Contract Tower,0,6,23,82,111,0,11,15,14,40,0,17,38,96,151,32,68,100,251
07/15/2022,MEI,MS,ASO,ES,Federal Contract Tower,0,5,22,119,146,0,10,21,17,48,0,15,43,136,194,32,158,190,384
07/16/2022,MEI,MS,ASO,ES,Federal Contract Tower,0,4,7,36,47,0,9,32,21,62,0,13,39,57,109,50,34,84,193
07/17/2022,MEI,MS,ASO,ES,Federal Contract Tower,0,5,8,19,32,0,3,14,6,23,0,8,22,25,55,34,51,85,140
07/18/2022,MEI,MS,ASO,ES,Federal Contract Tower,0,5,18,94,117,0,4,16,3,23,0,9,34,97,140,21,158,179,319
07/19/2022,MEI,MS,ASO,ES,Federal Contract Tower,0,6,27,124,157,0,6,17,10,33,0,12,44,134,190,58,116,174,364
07/20/2022,MEI,MS,ASO,ES,Federal Contract Tower,0,4,19,138,161,0,9,20,3,32,0,13,39,141,193,0,188,188,381
07/21/2022,MEI,MS,ASO,ES,Federal Contract Tower,0,4,14,65,83,0,4,14,33,51,0,8,28,98,134,38,171,209,343
07/22/2022,MEI,MS,ASO,ES,Federal Contract Tower,0,5,15,109,129,0,8,21,11,40,0,13,36,120,169,58,138,196,365
07/23/2022,MEI,MS,ASO,ES,Federal Contract Tower,0,4,10,0,14,0,4,28,0,32,0,8,38,0,46,64,0,64,110
07/24/2022,MEI,MS,ASO,ES,Federal Contract Tower,0,4,13,10,27,0,3,19,3,25,0,7,32,13,52,20,1,21,73
07/25/2022,MEI,MS,ASO,ES,Federal Contract Tower,0,4,15,52,71,0,5,9,4,18,0,9,24,56,89,12,20,32,121
07/26/2022,MEI,MS,ASO,ES,Federal Contract Tower,0,4,11,122,137,0,8,16,4,28,0,12,27,126,165,30,196,226,391
07/27/2022,MEI,MS,ASO,ES,Federal Contract Tower,0,4,15,98,117,0,18,49,30,97,0,22,64,128,214,94,240,334,548
07/28/2022,MEI,MS,ASO,ES,Federal Contract Tower,0,4,22,44,70,0,22,36,15,73,0,26,58,59,143,100,22,122,265
07/29/2022,MEI,MS,ASO,ES,Federal Contract Tower,0,4,20,96,120,0,4,18,25,47,0,8,38,121,167,60,98,158,325
07/30/2022,MEI,MS,ASO,ES,Federal Contract Tower,0,4,17,14,35,0,8,19,8,35,0,12,36,22,70,54,56,110,180
07/31/2022,MEI,MS,ASO,ES,Federal Contract Tower,0,5,9,1,15,0,13,24,1,38,0,18,33,2,53,58,0,58,111
08/01/2022,MEI,MS,ASO,ES,Federal Contract Tower,0,4,16,35,55,0,5,13,22,40,0,9,29,57,95,34,76,110,205
08/02/2022,MEI,MS,ASO,ES,Federal Contract Tower,0,0,0,0,0,0,0,0,0,0,0,0,0,0,0,79,44,123,123
08/03/2022,MEI,MS,ASO,ES,Federal Contract Tower,0,4,13,54,71,0,6,6,4,16,0,10,19,58,87,6,62,68,155
08/04/2022,MEI,MS,ASO,ES,Federal Contract Tower,0,6,14,83,103,0,6,25,36,67,0,12,39,119,170,174,38,212,382
08/05/2022,MEI,MS,ASO,ES,Federal Contract Tower,0,4,10,109,123,0,5,45,7,57,0,9,55,116,180,88,144,232,412
08/06/2022,MEI,MS,ASO,ES,Federal Contract Tower,0,4,11,16,31,0,8,30,16,54,0,12,41,32,85,48,60,108,193
08/07/2022,MEI,MS,ASO,ES,Federal Contract Tower,0,4,15,36,55,0,5,20,7,32,0,9,35,43,87,48,28,76,163
08/08/2022,MEI,MS,ASO,ES,Federal Contract Tower,0,4,4,87,95,0,2,9,13,24,0,6,13,100,119,38,10,48,167
08/09/2022,MEI,MS,ASO,ES,Federal Contract Tower,0,5,8,161,174,0,5,15,13,33,0,10,23,174,207,68,212,280,487
08/10/2022,MEI,MS,ASO,ES,Federal Contract Tower,0,4,10,80,94,0,4,15,11,30,0,8,25,91,124,20,236,256,380
08/11/2022,MEI,MS,ASO,ES,Federal Contract Tower,0,4,16,63,83,0,7,14,20,41,0,11,30,83,124,14,40,54,178
08/12/2022,MEI,MS,ASO,ES,Federal Contract Tower,0,8,26,126,160,0,12,22,24,58,0,20,48,150,218,36,128,164,382
08/13/2022,MEI,MS,ASO,ES,Federal Contract Tower,0,6,20,10,36,0,9,42,7,58,0,15,62,17,94,82,24,106,200
08/14/2022,MEI,MS,ASO,ES,Federal Contract Tower,0,4,10,32,46,0,0,18,5,23,0,4,28,37,69,32,2,34,103
08/15/2022,MEI,MS,ASO,ES,Federal Contract Tower,0,4,12,119,135,0,12,22,10,44,0,16,34,129,179,38,228,266,445
08/16/2022,MEI,MS,ASO,ES,Federal Contract Tower,0,4,12,75,91,0,5,10,15,30,0,9,22,90,121,64,82,146,267
08/17/2022,MEI,MS,ASO,ES,Federal Contract Tower,0,4,11,104,119,0,1,9,10,20,0,5,20,114,139,28,146,174,313
08/18/2022,MEI,MS,ASO,ES,Federal Contract Tower,0,4,17,63,84,0,6,19,7,32,0,10,36,70,116,102,36,138,254
08/19/2022,MEI,MS,ASO,ES,Federal Contract Tower,0,4,11,43,58,0,10,14,27,51,0,14,25,70,109,40,104,144,253
08/20/2022,MEI,MS,ASO,ES,Federal Contract Tower,0,4,15,1,20,0,0,23,0,23,0,4,38,1,43,32,0,32,75
08/21/2022,MEI,MS,ASO,ES,Federal Contract Tower,0,7,9,12,28,0,0,2,0,2,0,7,11,12,30,0,0,0,30
08/22/2022,MEI,MS,ASO,ES,Federal Contract Tower,0,5,2,7,14,0,0,2,0,2,0,5,4,7,16,0,0,0,16
08/23/2022,MEI,MS,ASO,ES,Federal Contract Tower,0,4,9,0,13,0,0,0,0,0,0,4,9,0,13,0,0,0,13
08/24/2022,MEI,MS,ASO,ES,Federal Contract Tower,0,4,8,14,26,0,0,2,0,2,0,4,10,14,28,6,0,6,34
08/25/2022,MEI,MS,ASO,ES,Federal Contract Tower,0,8,21,35,64,0,4,10,11,25,0,12,31,46,89,22,124,146,235
08/26/2022,MEI,MS,ASO,ES,Federal Contract Tower,0,5,17,77,99,0,4,14,5,23,0,9,31,82,122,32,26,58,180
08/27/2022,MEI,MS,ASO,ES,Federal Contract Tower,0,5,22,28,55,0,2,17,10,29,0,7,39,38,84,50,36,86,170
08/28/2022,MEI,MS,ASO,ES,Federal Contract Tower,0,5,15,23,43,0,13,22,6,41,0,18,37,29,84,42,4,46,130
08/29/2022,MEI,MS,ASO,ES,Federal Contract Tower,0,6,14,84,104,0,2,11,7,20,0,8,25,91,124,2,108,110,234
08/30/2022,MEI,MS,ASO,ES,Federal Contract Tower,0,4,9,77,90,0,8,8,10,26,0,12,17,87,116,8,94,102,218
08/31/2022,MEI,MS,ASO,ES,Federal Contract Tower,0,4,10,77,91,0,13,40,12,65,0,17,50,89,156,70,130,200,356
09/01/2022,MEI,MS,ASO,ES,Federal Contract Tower,0,4,17,104,125,0,3,54,13,70,0,7,71,117,195,107,206,313,508
09/02/2022,MEI,MS,ASO,ES,Federal Contract Tower,2,5,30,68,105,0,6,30,13,49,2,11,60,81,154,108,116,224,378
09/03/2022,MEI,MS,ASO,ES,Federal Contract Tower,0,5,12,38,55,0,12,33,7,52,0,17,45,45,107,100,28,128,235
09/04/2022,MEI,MS,ASO,ES,Federal Contract Tower,0,6,8,4,18,0,2,9,0,11,0,8,17,4,29,0,0,0,29
09/05/2022,MEI,MS,ASO,ES,Federal Contract Tower,0,8,12,13,33,0,7,15,0,22,0,15,27,13,55,0,0,0,55
09/06/2022,MEI,MS,ASO,ES,Federal Contract Tower,0,4,21,113,138,0,4,28,6,38,0,8,49,119,176,60,136,196,372
09/07/2022,MEI,MS,ASO,ES,Federal Contract Tower,0,8,15,66,89,0,6,35,37,78,0,14,50,103,167,66,26,92,259
09/08/2022,MEI,MS,ASO,ES,Federal Contract Tower,0,4,8,184,196,0,5,23,33,61,0,9,31,217,257,96,206,302,559
09/09/2022,MEI,MS,ASO,ES,Federal Contract Tower,0,4,15,76,95,0,2,19,6,27,0,6,34,82,122,20,144,164,286
09/10/2022,MEI,MS,ASO,ES,Federal Contract Tower,0,6,19,61,86,0,7,18,21,46,0,13,37,82,132,70,84,154,286
09/11/2022,MEI,MS,ASO,ES,Federal Contract Tower,0,4,22,71,97,0,0,20,11,31,0,4,42,82,128,26,70,96,224
09/12/2022,MEI,MS,ASO,ES,Federal Contract Tower,0,8,14,134,156,0,8,6,5,19,0,16,20,139,175,0,110,110,285
09/13/2022,MEI,MS,ASO,ES,Federal Contract Tower,0,4,16,135,155,0,6,26,18,50,0,10,42,153,205,12,40,52,257
09/14/2022,MEI,MS,ASO,ES,Federal Contract Tower,0,4,18,149,171,0,10,27,8,45,0,14,45,157,216,98,244,342,558
09/15/2022,MEI,MS,ASO,ES,Federal Contract Tower,0,4,14,124,142,0,8,27,5,40,0,12,41,129,182,52,57,109,291
09/16/2022,MEI,MS,ASO,ES,Federal Contract Tower,0,5,38,108,151,0,8,43,34,85,0,13,81,142,236,58,220,278,514
09/17/2022,MEI,MS,ASO,ES,Federal Contract Tower,0,4,14,11,29,0,7,58,10,75,0,11,72,21,104,146,16,162,266
09/18/2022,MEI,MS,ASO,ES,Federal Contract Tower,0,4,17,18,39,0,4,42,5,51,0,8,59,23,90,64,6,70,160
09/19/2022,MEI,MS,ASO,ES,Federal Contract Tower,0,4,19,56,79,0,6,27,6,39,0,10,46,62,118,22,34,56,174
09/20/2022,MEI,MS,ASO,ES,Federal Contract Tower,0,6,18,85,109,0,15,40,34,89,0,21,58,119,198,0,156,156,354
09/21/2022,MEI,MS,ASO,ES,Federal Contract Tower,1,6,19,90,116,0,3,12,9,24,1,9,31,99,140,22,140,162,302
09/22/2022,MEI,MS,ASO,ES,Federal Contract Tower,0,4,18,125,147,0,10,26,13,49,0,14,44,138,196,54,204,258,454
09/23/2022,MEI,MS,ASO,ES,Federal Contract Tower,0,12,15,137,164,0,4,31,18,53,0,16,46,155,217,28,276,304,521
09/24/2022,MEI,MS,ASO,ES,Federal Contract Tower,0,4,12,15,31,0,8,33,12,53,0,12,45,27,84,34,36,70,154
09/25/2022,MEI,MS,ASO,ES,Federal Contract Tower,0,4,16,12,32,0,6,19,0,25,0,10,35,12,57,2,14,16,73
09/26/2022,MEI,MS,ASO,ES,Federal Contract Tower,0,4,15,31,50,0,2,11,5,18,0,6,26,36,68,0,0,0,68
09/27/2022,MEI,MS,ASO,ES,Federal Contract Tower,0,4,26,30,60,0,3,14,9,26,0,7,40,39,86,0,0,0,86
09/28/2022,MEI,MS,ASO,ES,Federal Contract Tower,0,4,2,17,23,0,4,12,5,21,0,8,14,22,44,30,12,42,86
09/29/2022,MEI,MS,ASO,ES,Federal Contract Tower,0,5,14,28,47,0,6,26,19,51,0,11,40,47,98,10,60,70,168
09/30/2022,MEI,MS,ASO,ES,Federal Contract Tower,0,4,25,20,49,0,6,31,4,41,0,10,56,24,90,6,94,100,190
10/01/2022,MEI,MS,ASO,ES,Federal Contract Tower,0,4,3,24,31,0,13,30,5,48,0,17,33,29,79,122,34,156,235
10/02/2022,MEI,MS,ASO,ES,Federal Contract Tower,0,5,13,25,43,0,6,29,7,42,0,11,42,32,85,32,36,68,153
10/03/2022,MEI,MS,ASO,ES,Federal Contract Tower,0,5,13,72,90,0,6,21,19,46,0,11,34,91,136,28,90,118,254
10/04/2022,MEI,MS,ASO,ES,Federal Contract Tower,0,4,13,75,92,0,7,31,14,52,0,11,44,89,144,10,62,72,216
10/05/2022,MEI,MS,ASO,ES,Federal Contract Tower,0,4,27,75,106,0,15,51,27,93,0,19,78,102,199,46,188,234,433
10/06/2022,MEI,MS,ASO,ES,Federal Contract Tower,0,5,15,72,92,0,5,48,14,67,0,10,63,86,159,72,108,180,339
10/07/2022,MEI,MS,ASO,ES,Federal Contract Tower,0,9,18,60,87,0,19,49,16,84,0,28,67,76,171,52,118,170,341
10/08/2022,MEI,MS,ASO,ES,Federal Contract Tower,0,7,11,9,27,0,7,27,11,45,0,14,38,20,72,38,8,46,118
10/09/2022,MEI,MS,ASO,ES,Federal Contract Tower,0,4,20,4,28,0,3,48,7,58,0,7,68,11,86,28,12,40,126
10/10/2022,MEI,MS,ASO,ES,Federal Contract Tower,0,4,13,23,40,0,4,19,4,27,0,8,32,27,67,0,16,16,83
10/11/2022,MEI,MS,ASO,ES,Federal Contract Tower,0,8,17,102,127,0,1,22,22,45,0,9,39,124,172,14,180,194,366
10/12/2022,MEI,MS,ASO,ES,Federal Contract Tower,0,6,14,17,37,0,3,1,0,4,0,9,15,17,41,20,0,20,61
10/13/2022,MEI,MS,ASO,ES,Federal Contract Tower,0,9,16,120,145,0,18,35,117,170,0,27,51,237,315,104,154,258,573
10/14/2022,MEI,MS,ASO,ES,Federal Contract Tower,0,4,14,121,139,0,11,41,13,65,0,15,55,134,204,112,164,276,480
10/15/2022,MEI,MS,ASO,ES,Federal Contract Tower,0,4,15,1,20,0,0,57,0,57,0,4,72,1,77,260,0,260,337
10/16/2022,MEI,MS,ASO,ES,Federal Contract Tower,0,4,17,2,23,0,12,29,0,41,0,16,46,2,64,22,12,34,98
10/17/2022,MEI,MS,ASO,ES,Federal Contract Tower,0,4,19,54,77,0,6,38,6,50,0,10,57,60,127,90,72,162,289
10/18/2022,MEI,MS,ASO,ES,Federal Contract Tower,0,6,21,67,94,0,10,17,63,90,0,16,38,130,184,94,180,274,458
10/19/2022,MEI,MS,ASO,ES,Federal Contract Tower,0,8,16,54,78,0,4,43,7,54,0,12,59,61,132,68,98,166,298
10/20/2022,MEI,MS,ASO,ES,Federal Contract Tower,0,4,42,64,110,0,3,30,11,44,0,7,72,75,154,62,128,190,344
10/21/2022,MEI,MS,ASO,ES,Federal Contract Tower,0,11,22,39,72,0,3,31,13,47,0,14,53,52,119,22,104,126,245
10/22/2022,MEI,MS,ASO,ES,Federal Contract Tower,0,5,12,1,18,0,15,16,1,32,0,20,28,2,50,50,0,50,100
10/23/2022,MEI,MS,ASO,ES,Federal Contract Tower,0,6,31,25,62,0,20,55,19,94,0,26,86,44,156,56,74,130,286
10/24/2022,MEI,MS,ASO,ES,Federal Contract Tower,0,5,20,24,49,0,6,35,9,50,0,11,55,33,99,66,116,182,281
10/25/2022,MEI,MS,ASO,ES,Federal Contract Tower,0,4,22,46,72,0,8,14,12,34,0,12,36,58,106,50,88,138,244
10/26/2022,MEI,MS,ASO,ES,Federal Contract Tower,0,5,24,86,115,0,8,42,46,96,0,13,66,132,211,102,88,190,401
10/27/2022,MEI,MS,ASO,ES,Federal Contract Tower,0,8,18,44,70,0,5,25,33,63,0,13,43,77,133,84,92,176,309
10/28/2022,MEI,MS,ASO,ES,Federal Contract Tower,0,4,20,54,78,0,14,27,3,44,0,18,47,57,122,56,82,138,260
10/29/2022,MEI,MS,ASO,ES,Federal Contract Tower,0,4,5,3,12,0,3,0,1,4,0,7,5,4,16,0,0,0,16
10/30/2022,MEI,MS,ASO,ES,Federal Contract Tower,0,5,18,2,25,0,2,10,0,12,0,7,28,2,37,76,0,76,113
10/31/2022,MEI,MS,ASO,ES,Federal Contract Tower,0,5,19,70,94,0,8,25,1,34,0,13,44,71,128,100,120,220,348
11/01/2022,MEI,MS,ASO,ES,Federal Contract Tower,0,4,17,115,136,0,16,25,6,47,0,20,42,121,183,108,164,272,455
11/02/2022,MEI,MS,ASO,ES,Federal Contract Tower,0,4,23,65,92,0,2,30,3,35,0,6,53,68,127,20,72,92,219
11/03/2022,MEI,MS,ASO,ES,Federal Contract Tower,0,4,18,128,150,0,15,27,7,49,0,19,45,135,199,0,176,176,375
11/04/2022,MEI,MS,ASO,ES,Federal Contract Tower,0,4,28,85,117,0,5,32,17,54,0,9,60,102,171,42,184,226,397
11/05/2022,MEI,MS,ASO,ES,Federal Contract Tower,0,2,11,4,17,0,1,1,0,2,0,3,12,4,19,0,0,0,19
11/06/2022,MEI,MS,ASO,ES,Federal Contract Tower,0,8,10,42,60,0,3,21,1,25,0,11,31,43,85,80,98,178,263
11/07/2022,MEI,MS,ASO,ES,Federal Contract Tower,0,4,14,58,76,0,4,26,8,38,0,8,40,66,114,24,118,142,256
11/08/2022,MEI,MS,ASO,ES,Federal Contract Tower,0,5,20,96,121,0,6,31,27,64,0,11,51,123,185,54,160,214,399
11/09/2022,MEI,MS,ASO,ES,Federal Contract Tower,0,4,14,111,129,0,6,28,17,51,0,10,42,128,180,42,214,256,436
11/10/2022,MEI,MS,ASO,ES,Federal Contract Tower,0,5,16,68,89,0,4,15,16,35,0,9,31,84,124,24,98,122,246
11/11/2022,MEI,MS,ASO,ES,Federal Contract Tower,0,5,17,12,34,0,10,33,5,48,0,15,50,17,82,44,30,74,156
11/12/2022,MEI,MS,ASO,ES,Federal Contract Tower,0,2,8,31,41,0,4,3,13,20,0,6,11,44,61,0,0,0,61
11/13/2022,MEI,MS,ASO,ES,Federal Contract Tower,0,8,26,8,42,0,23,38,11,72,0,31,64,19,114,66,84,150,264
11/14/2022,MEI,MS,ASO,ES,Federal Contract Tower,0,6,15,55,76,0,9,19,5,33,0,15,34,60,109,0,78,78,187
11/15/2022,MEI,MS,ASO,ES,Federal Contract Tower,0,5,9,63,77,0,0,3,0,3,0,5,12,63,80,0,8,8,88
11/16/2022,MEI,MS,ASO,ES,Federal Contract Tower,0,7,17,33,57,0,10,27,46,83,0,17,44,79,140,46,86,132,272
11/17/2022,MEI,MS,ASO,ES,Federal Contract Tower,0,4,12,83,99,0,7,21,26,54,0,11,33,109,153,50,148,198,351
11/18/2022,MEI,MS,ASO,ES,Federal Contract Tower,0,7,33,61,101,0,2,32,15,49,0,9,65,76,150,64,66,130,280
11/19/2022,MEI,MS,ASO,ES,Federal Contract Tower,0,9,12,28,49,0,40,14,8,62,0,49,26,36,111,42,18,60,171
11/20/2022,MEI,MS,ASO,ES,Federal Contract Tower,0,8,12,33,53,0,68,38,13,119,0,76,50,46,172,70,0,70,242
11/21/2022,MEI,MS,ASO,ES,Federal Contract Tower,0,4,22,73,99,0,8,43,3,54,0,12,65,76,153,20,154,174,327
11/22/2022,MEI,MS,ASO,ES,Federal Contract Tower,0,3,19,113,135,0,8,22,21,51,0,11,41,134,186,24,178,202,388
11/23/2022,MEI,MS,ASO,ES,Federal Contract Tower,0,5,36,58,99,0,12,45,17,74,0,17,81,75,173,72,182,254,427
11/24/2022,MEI,MS,ASO,ES,Federal Contract Tower,0,2,6,0,8,0,11,2,0,13,0,13,8,0,21,0,0,0,21
11/25/2022,MEI,MS,ASO,ES,Federal Contract Tower,0,8,11,0,19,0,0,0,0,0,0,8,11,0,19,0,0,0,19
11/26/2022,MEI,MS,ASO,ES,Federal Contract Tower,0,2,14,0,16,0,0,8,0,8,0,2,22,0,24,0,0,0,24
11/27/2022,MEI,MS,ASO,ES,Federal Contract Tower,0,8,35,0,43,0,9,35,0,44,0,17,70,0,87,78,0,78,165
11/28/2022,MEI,MS,ASO,ES,Federal Contract Tower,0,2,12,11,25,0,16,49,37,102,0,18,61,48,127,28,104,132,259
11/29/2022,MEI,MS,ASO,ES,Federal Contract Tower,0,4,20,13,37,0,3,1,0,4,0,7,21,13,41,0,0,0,41
11/30/2022,MEI,MS,ASO,ES,Federal Contract Tower,0,7,11,48,66,0,6,1,15,22,0,13,12,63,88,0,44,44,132
12/01/2022,MEI,MS,ASO,ES,Federal Contract Tower,0,6,22,122,150,0,6,37,16,59,0,12,59,138,209,38,226,264,473
12/02/2022,MEI,MS,ASO,ES,Federal Contract Tower,0,7,18,82,107,0,6,7,39,52,0,13,25,121,159,2,12,14,173
12/03/2022,MEI,MS,ASO,ES,Federal Contract Tower,0,6,17,30,53,0,3,4,1,8,0,9,21,31,61,20,0,20,81
12/04/2022,MEI,MS,ASO,ES,Federal Contract Tower,0,13,19,60,92,0,6,29,14,49,0,19,48,74,141,150,50,200,341
12/05/2022,MEI,MS,ASO,ES,Federal Contract Tower,0,9,18,78,105,0,8,2,5,15,0,17,20,83,120,42,172,214,334
12/06/2022,MEI,MS,ASO,ES,Federal Contract Tower,0,9,27,142,178,0,8,23,20,51,0,17,50,162,229,48,168,216,445
12/07/2022,MEI,MS,ASO,ES,Federal Contract Tower,0,7,19,96,122,0,8,19,6,33,0,15,38,102,155,98,202,300,455
12/08/2022,MEI,MS,ASO,ES,Federal Contract Tower,0,6,23,101,130,0,7,26,5,38,0,13,49,106,168,94,166,260,428
12/09/2022,MEI,MS,ASO,ES,Federal Contract Tower,0,6,13,43,62,0,4,2,0,6,0,10,15,43,68,42,0,42,110
12/10/2022,MEI,MS,ASO,ES,Federal Contract Tower,0,4,12,14,30,0,3,9,0,12,0,7,21,14,42,14,4,18,60
12/11/2022,MEI,MS,ASO,ES,Federal Contract Tower,0,6,9,12,27,0,0,0,0,0,0,6,9,12,27,0,0,0,27
12/12/2022,MEI,MS,ASO,ES,Federal Contract Tower,0,8,30,66,104,0,0,0,0,0,0,8,30,66,104,0,8,8,112
12/13/2022,MEI,MS,ASO,ES,Federal Contract Tower,0,4,6,54,64,0,0,0,10,10,0,4,6,64,74,0,2,2,76
12/14/2022,MEI,MS,ASO,ES,Federal Contract Tower,0,6,2,1,9,0,0,0,0,0,0,6,2,1,9,0,0,0,9
12/15/2022,MEI,MS,ASO,ES,Federal Contract Tower,0,8,17,96,121,0,12,43,13,68,0,20,60,109,189,108,174,282,471
12/16/2022,MEI,MS,ASO,ES,Federal Contract Tower,0,6,23,62,91,0,6,36,7,49,0,12,59,69,140,0,102,102,242
12/17/2022,MEI,MS,ASO,ES,Federal Contract Tower,0,8,11,46,65,0,7,29,6,42,0,15,40,52,107,0,12,12,119
12/18/2022,MEI,MS,ASO,ES,Federal Contract Tower,0,7,15,45,67,0,10,35,14,59,0,17,50,59,126,54,28,82,208
12/19/2022,MEI,MS,ASO,ES,Federal Contract Tower,0,4,8,54,66,0,4,10,6,20,0,8,18,60,86,0,142,142,228
12/20/2022,MEI,MS,ASO,ES,Federal Contract Tower,0,5,17,2,24,0,2,0,0,2,0,7,17,2,26,0,0,0,26
12/21/2022,MEI,MS,ASO,ES,Federal Contract Tower,0,6,15,40,61,0,0,0,0,0,0,6,15,40,61,0,0,0,61
12/22/2022,MEI,MS,ASO,ES,Federal Contract Tower,0,6,10,50,66,0,3,2,1,6,0,9,12,51,72,0,0,0,72
12/23/2022,MEI,MS,ASO,ES,Federal Contract Tower,0,4,6,0,10,0,2,1,0,3,0,6,7,0,13,0,0,0,13
12/24/2022,MEI,MS,ASO,ES,Federal Contract Tower,0,4,8,0,12,0,1,11,0,12,0,5,19,0,24,6,0,6,30
12/25/2022,MEI,MS,ASO,ES,Federal Contract Tower,0,4,2,0,6,0,11,8,0,19,0,15,10,0,25,0,0,0,25
12/26/2022,MEI,MS,ASO,ES,Federal Contract Tower,0,8,21,0,29,0,12,34,0,46,0,20,55,0,75,56,0,56,131
12/27/2022,MEI,MS,ASO,ES,Federal Contract Tower,0,4,13,0,17,0,3,43,32,78,0,7,56,32,95,82,0,82,177
12/28/2022,MEI,MS,ASO,ES,Federal Contract Tower,0,6,13,9,28,0,3,40,6,49,0,9,53,15,77,68,24,92,169
12/29/2022,MEI,MS,ASO,ES,Federal Contract Tower,0,9,14,3,26,0,6,14,0,20,0,15,28,3,46,32,12,44,90
12/30/2022,MEI,MS,ASO,ES,Federal Contract Tower,0,7,6,0,13,0,0,0,0,0,0,7,6,0,13,0,0,0,13
12/31/2022,MEI,MS,ASO,ES,Federal Contract Tower,0,5,13,0,18,0,1,4,0,5,0,6,17,0,23,32,0,32,55
01/01/2023,MEI,MS,ASO,ES,Federal Contract Tower,0,5,26,0,31,0,5,62,0,67,0,10,88,0,98,42,0,42,140
01/02/2023,MEI,MS,ASO,ES,Federal Contract Tower,0,8,7,0,15,0,0,0,0,0,0,8,7,0,15,0,0,0,15
01/03/2023,MEI,MS,ASO,ES,Federal Contract Tower,0,5,8,2,15,0,4,4,0,8,0,9,12,2,23,0,0,0,23
01/04/2023,MEI,MS,ASO,ES,Federal Contract Tower,0,6,20,110,136,0,4,35,4,43,0,10,55,114,179,124,88,212,391
01/05/2023,MEI,MS,ASO,ES,Federal Contract Tower,0,6,29,90,125,0,9,23,19,51,0,15,52,109,176,148,220,368,544
01/06/2023,MEI,MS,ASO,ES,Federal Contract Tower,0,6,33,72,111,0,5,25,9,39,0,11,58,81,150,72,138,210,360
01/07/2023,MEI,MS,ASO,ES,Federal Contract Tower,0,4,22,40,66,0,9,50,4,63,0,13,72,44,129,98,76,174,303
01/08/2023,MEI,MS,ASO,ES,Federal Contract Tower,0,6,5,10,21,0,0,0,0,0,0,6,5,10,21,0,0,0,21
01/09/2023,MEI,MS,ASO,ES,Federal Contract Tower,0,10,19,91,120,0,26,35,4,65,0,36,54,95,185,126,142,268,453
01/10/2023,MEI,MS,ASO,ES,Federal Contract Tower,0,4,21,148,173,0,4,41,34,79,0,8,62,182,252,50,278,328,580
01/11/2023,MEI,MS,ASO,ES,Federal Contract Tower,0,7,21,92,120,0,4,7,1,12,0,11,28,93,132,27,44,71,203
01/12/2023,MEI,MS,ASO,ES,Federal Contract Tower,0,6,8,60,74,0,4,2,10,16,0,10,10,70,90,0,80,80,170
01/13/2023,MEI,MS,ASO,ES,Federal Contract Tower,0,14,28,104,146,0,9,10,10,29,0,23,38,114,175,0,96,96,271
01/14/2023,MEI,MS,ASO,ES,Federal Contract Tower,0,4,11,15,30,0,0,37,21,58,0,4,48,36,88,26,30,56,144
01/15/2023,MEI,MS,ASO,ES,Federal Contract Tower,0,7,20,80,107,0,7,51,17,75,0,14,71,97,182,76,48,124,306
01/16/2023,MEI,MS,ASO,ES,Federal Contract Tower,0,6,29,44,79,0,8,62,14,84,0,14,91,58,163,78,22,100,263
01/17/2023,MEI,MS,ASO,ES,Federal Contract Tower,0,6,17,81,104,0,2,2,7,11,0,8,19,88,115,118,34,152,267
01/18/2023,MEI,MS,ASO,ES,Federal Contract Tower,0,6,7,82,95,0,1,0,13,14,0,7,7,95,109,0,86,86,195
01/19/2023,MEI,MS,ASO,ES,Federal Contract Tower,0,8,28,73,109,0,4,21,16,41,0,12,49,89,150,74,160,234,384
01/20/2023,MEI,MS,ASO,ES,Federal Contract Tower,0,6,38,62,106,0,6,29,25,60,0,12,67,87,166,10,156,166,332
01/21/2023,MEI,MS,ASO,ES,Federal Contract Tower,0,4,12,51,67,0,0,9,0,9,0,4,21,51,76,6,6,12,88
01/22/2023,MEI,MS,ASO,ES,Federal Contract Tower,0,6,13,58,77,0,3,0,1,4,0,9,13,59,81,0,48,48,129
01/23/2023,MEI,MS,ASO,ES,Federal Contract Tower,0,7,13,125,145,0,6,33,27,66,0,13,46,152,211,78,124,202,413
01/24/2023,MEI,MS,ASO,ES,Federal Contract Tower,0,2,4,60,66,0,0,24,18,42,0,2,28,78,108,15,142,157,265
01/25/2023,MEI,MS,ASO,ES,Federal Contract Tower,0,6,6,76,88,0,1,4,5,10,0,7,10,81,98,0,130,130,228
01/26/2023,MEI,MS,ASO,ES,Federal Contract Tower,0,10,27,82,119,0,6,10,31,47,0,16,37,113,166,26,102,128,294
01/27/2023,MEI,MS,ASO,ES,Federal Contract Tower,0,8,28,66,102,0,4,32,10,46,0,12,60,76,148,60,144,204,352
01/28/2023,MEI,MS,ASO,ES,Federal Contract Tower,0,4,16,14,34,0,4,23,13,40,0,8,39,27,74,68,56,124,198
01/29/2023,MEI,MS,ASO,ES,Federal Contract Tower,0,10,14,8,32,0,1,1,1,3,0,11,15,9,35,0,0,0,35
01/30/2023,MEI,MS,ASO,ES,Federal Contract Tower,0,7,7,19,33,0,0,1,23,24,0,7,8,42,57,0,0,0,57
01/31/2023,MEI,MS,ASO,ES,Federal Contract Tower,0,11,5,44,60,0,0,0,0,0,0,11,5,44,60,0,0,0,60
02/01/2023,MEI,MS,ASO,ES,Federal Contract Tower,0,6,9,6,21,0,0,0,0,0,0,6,9,6,21,0,0,0,21
02/02/2023,MEI,MS,ASO,ES,Federal Contract Tower,0,9,6,5,20,0,0,0,0,0,0,9,6,5,20,0,0,0,20
02/03/2023,MEI,MS,ASO,ES,Federal Contract Tower,0,7,24,77,108,0,7,55,15,77,0,14,79,92,185,18,126,144,329
02/04/2023,MEI,MS,ASO,ES,Federal Contract Tower,0,5,21,37,63,0,7,41,4,52,0,12,62,41,115,38,48,86,201
02/05/2023,MEI,MS,ASO,ES,Federal Contract Tower,0,7,19,39,65,0,4,23,11,38,0,11,42,50,103,116,54,170,273
02/06/2023,MEI,MS,ASO,ES,Federal Contract Tower,0,6,15,88,109,0,4,46,5,55,0,10,61,93,164,76,90,166,330
02/07/2023,MEI,MS,ASO,ES,Federal Contract Tower,0,3,20,117,140,0,3,39,43,85,0,6,59,160,225,38,100,138,363
02/08/2023,MEI,MS,ASO,ES,Federal Contract Tower,0,7,10,35,52,0,0,4,1,5,0,7,14,36,57,0,12,12,69
02/09/2023,MEI,MS,ASO,ES,Federal Contract Tower,0,6,13,118,137,0,4,28,28,60,0,10,41,146,197,46,144,190,387
02/10/2023,MEI,MS,ASO,ES,Federal Contract Tower,0,6,21,99,126,0,3,27,11,41,0,9,48,110,167,38,161,199,366
02/11/2023,MEI,MS,ASO,ES,Federal Contract Tower,0,6,5,5,16,0,1,3,0,4,0,7,8,5,20,0,0,0,20
02/12/2023,MEI,MS,ASO,ES,Federal Contract Tower,0,6,21,35,62,0,13,43,8,64,0,19,64,43,126,70,30,100,226
02/13/2023,MEI,MS,ASO,ES,Federal Contract Tower,0,6,18,90,114,0,4,45,9,58,0,10,63,99,172,40,164,204,376
02/14/2023,MEI,MS,ASO,ES,Federal Contract Tower,0,6,18,98,122,0,8,31,30,69,0,14,49,128,191,22,194,216,407
02/15/2023,MEI,MS,ASO,ES,Federal Contract Tower,0,7,20,80,107,0,12,16,9,37,0,19,36,89,144,38,90,128,272
02/16/2023,MEI,MS,ASO,ES,Federal Contract Tower,0,6,8,40,54,0,0,2,0,2,0,6,10,40,56,0,2,2,58
02/17/2023,MEI,MS,ASO,ES,Federal Contract Tower,0,6,23,74,103,0,11,27,16,54,0,17,50,90,157,54,60,114,271
02/18/2023,MEI,MS,ASO,ES,Federal Contract Tower,0,6,18,12,36,0,8,91,0,99,0,14,109,12,135,74,2,76,211
02/19/2023,MEI,MS,ASO,ES,Federal Contract Tower,0,6,17,9,32,0,2,16,7,25,0,8,33,16,57,12,8,20,77
02/20/2023,MEI,MS,ASO,ES,Federal Contract Tower,0,6,18,13,37,0,3,11,0,14,0,9,29,13,51,10,16,26,77
02/21/2023,MEI,MS,ASO,ES,Federal Contract Tower,0,4,23,93,120,0,4,9,33,46,0,8,32,126,166,48,96,144,310
02/22/2023,MEI,MS,ASO,ES,Federal Contract Tower,0,8,7,66,81,0,2,16,10,28,0,10,23,76,109,0,136,136,245
02/23/2023,MEI,MS,ASO,ES,Federal Contract Tower,0,5,23,129,157,0,10,65,5,80,0,15,88,134,237,132,248,380,617
02/24/2023,MEI,MS,ASO,ES,Federal Contract Tower,0,10,22,90,122,0,7,13,8,28,0,17,35,98,150,22,64,86,236
02/25/2023,MEI,MS,ASO,ES,Federal Contract Tower,0,6,10,39,55,0,4,16,0,20,0,10,26,39,75,110,4,114,189
02/26/2023,MEI,MS,ASO,ES,Federal Contract Tower,0,7,12,24,43,0,3,15,1,19,0,10,27,25,62,12,2,14,76
02/27/2023,MEI,MS,ASO,ES,Federal Contract Tower,0,11,27,60,98,0,10,11,3,24,0,21,38,63,122,48,130,178,300
02/28/2023,MEI,MS,ASO,ES,Federal Contract Tower,0,6,33,114,153,0,5,24,10,39,0,11,57,124,192,26,106,132,324
03/01/2023,MEI,MS,ASO,ES,Federal Contract Tower,0,6,21,118,145,0,1,8,3,12,0,7,29,121,157,26,96,122,279
03/02/2023,MEI,MS,ASO,ES,Federal Contract Tower,0,7,19,77,103,0,4,24,18,46,0,11,43,95,149,26,88,114,263
03/03/2023,MEI,MS,ASO,ES,Federal Contract Tower,0,6,17,18,41,0,10,17,27,54,0,16,34,45,95,24,134,158,253
03/04/2023,MEI,MS,ASO,ES,Federal Contract Tower,0,2,24,14,40,0,8,39,11,58,0,10,63,25,98,54,80,134,232
03/05/2023,MEI,MS,ASO,ES,Federal Contract Tower,0,5,12,26,43,0,6,41,10,57,0,11,53,36,100,88,16,104,204
03/06/2023,MEI,MS,ASO,ES,Federal Contract Tower,0,9,28,59,96,0,4,16,3,23,0,13,44,62,119,8,12,20,139
03/07/2023,MEI,MS,ASO,ES,Federal Contract Tower,0,7,18,84,109,0,7,12,7,26,0,14,30,91,135,10,48,58,193
03/08/2023,MEI,MS,ASO,ES,Federal Contract Tower,0,5,14,65,84,0,4,41,16,61,0,9,55,81,145,14,98,112,257
03/09/2023,MEI,MS,ASO,ES,Federal Contract Tower,0,18,15,76,109,0,0,0,0,0,0,18,15,76,109,0,0,0,109
03/10/2023,MEI,MS,ASO,ES,Federal Contract Tower,0,4,16,58,78,0,7,28,8,43,0,11,44,66,121,26,86,112,233
03/11/2023,MEI,MS,ASO,ES,Federal Contract Tower,0,5,30,18,53,0,5,56,13,74,0,10,86,31,127,145,66,211,338
03/12/2023,MEI,MS,ASO,ES,Federal Contract Tower,0,4,3,3,10,0,0,0,0,0,0,4,3,3,10,0,0,0,10
03/13/2023,MEI,MS,ASO,ES,Federal Contract Tower,0,6,12,88,106,0,8,27,7,42,0,14,39,95,148,2,64,66,214
03/14/2023,MEI,MS,ASO,ES,Federal Contract Tower,0,8,11,82,101,0,7,45,8,60,0,15,56,90,161,98,132,230,391
03/15/2023,MEI,MS,ASO,ES,Federal Contract Tower,0,6,24,77,107,0,3,31,20,54,0,9,55,97,161,76,132,208,369
03/16/2023,MEI,MS,ASO,ES,Federal Contract Tower,0,4,14,115,133,0,6,59,37,102,0,10,73,152,235,24,168,192,427
03/17/2023,MEI,MS,ASO,ES,Federal Contract Tower,0,4,19,27,50,0,6,12,23,41,0,10,31,50,91,20,58,78,169
03/18/2023,MEI,MS,ASO,ES,Federal Contract Tower,0,3,23,9,35,0,6,50,16,72,0,9,73,25,107,188,34,222,329
03/19/2023,MEI,MS,ASO,ES,Federal Contract Tower,0,6,30,21,57,0,5,18,4,27,0,11,48,25,84,56,20,76,160
03/20/2023,MEI,MS,ASO,ES,Federal Contract Tower,0,4,23,103,130,0,7,25,10,42,0,11,48,113,172,24,80,104,276
03/21/2023,MEI,MS,ASO,ES,Federal Contract Tower,0,3,12,98,113,0,6,22,16,44,0,9,34,114,157,73,94,167,324
03/22/2023,MEI,MS,ASO,ES,Federal Contract Tower,0,7,34,160,201,0,8,45,25,78,0,15,79,185,279,146,174,320,599
03/23/2023,MEI,MS,ASO,ES,Federal Contract Tower,0,9,22,88,119,0,3,27,17,47,0,12,49,105,166,46,172,218,384
03/24/2023,MEI,MS,ASO,ES,Federal Contract Tower,0,15,15,88,118,0,9,18,11,38,0,24,33,99,156,56,176,232,388
03/25/2023,MEI,MS,ASO,ES,Federal Contract Tower,0,5,23,8,36,0,15,58,2,75,0,20,81,10,111,78,0,78,189
03/26/2023,MEI,MS,ASO,ES,Federal Contract Tower,0,4,15,1,20,0,7,11,13,31,0,11,26,14,51,18,18,36,87
03/27/2023,MEI,MS,ASO,ES,Federal Contract Tower,0,4,23,97,124,0,6,26,11,43,0,10,49,108,167,34,85,119,286
03/28/2023,MEI,MS,ASO,ES,Federal Contract Tower,0,6,15,80,101,0,4,16,9,29,0,10,31,89,130,72,44,116,246
03/29/2023,MEI,MS,ASO,ES,Federal Contract Tower,0,7,26,123,156,0,5,38,30,73,0,12,64,153,229,114,118,232,461
03/30/2023,MEI,MS,ASO,ES,Federal Contract Tower,0,3,17,121,141,0,5,38,26,69,0,8,55,147,210,74,186,260,470
03/31/2023,MEI,MS,ASO,ES,Federal Contract Tower,0,4,22,71,97,0,2,7,8,17,0,6,29,79,114,28,124,152,266
04/01/2023,MEI,MS,ASO,ES,Federal Contract Tower,0,2,19,11,32,0,3,28,11,42,0,5,47,22,74,40,16,56,130
04/02/2023,MEI,MS,ASO,ES,Federal Contract Tower,0,6,35,16,57,0,8,18,2,28,0,14,53,18,85,30,134,164,249
04/03/2023,MEI,MS,ASO,ES,Federal Contract Tower,0,5,9,128,142,0,8,18,4,30,0,13,27,132,172,56,196,252,424
04/04/2023,MEI,MS,ASO,ES,Federal Contract Tower,0,4,26,125,155,0,3,6,11,20,0,7,32,136,175,18,160,178,353
04/05/2023,MEI,MS,ASO,ES,Federal Contract Tower,0,7,12,126,145,0,2,9,3,14,0,9,21,129,159,25,79,104,263
04/06/2023,MEI,MS,ASO,ES,Federal Contract Tower,0,6,15,15,36,0,3,5,0,8,0,9,20,15,44,10,70,80,124
04/07/2023,MEI,MS,ASO,ES,Federal Contract Tower,0,5,7,44,56,0,0,1,4,5,0,5,8,48,61,0,18,18,79
04/08/2023,MEI,MS,ASO,ES,Federal Contract Tower,0,4,3,0,7,0,0,0,0,0,0,4,3,0,7,0,0,0,7
04/09/2023,MEI,MS,ASO,ES,Federal Contract Tower,0,9,19,4,32,0,11,14,1,26,0,20,33,5,58,0,0,0,58
04/10/2023,MEI,MS,ASO,ES,Federal Contract Tower,0,6,23,95,124,0,9,41,9,59,0,15,64,104,183,90,186,276,459
04/11/2023,MEI,MS,ASO,ES,Federal Contract Tower,0,4,12,113,129,0,9,37,16,62,0,13,49,129,191,66,140,206,397
04/12/2023,MEI,MS,ASO,ES,Federal Contract Tower,0,6,21,100,127,0,9,33,17,59,0,15,54,117,186,80,278,358,544
04/13/2023,MEI,MS,ASO,ES,Federal Contract Tower,0,5,10,2,17,0,1,11,0,12,0,6,21,2,29,40,0,40,69
04/14/2023,MEI,MS,ASO,ES,Federal Contract Tower,0,4,24,134,162,0,19,43,23,85,0,23,67,157,247,42,334,376,623
04/15/2023,MEI,MS,ASO,ES,Federal Contract Tower,0,4,12,10,26,0,6,11,18,35,0,10,23,28,61,40,0,40,101
04/16/2023,MEI,MS,ASO,ES,Federal Contract Tower,0,4,17,29,50,0,10,12,33,55,0,14,29,62,105,20,42,62,167
04/17/2023,MEI,MS,ASO,ES,Federal Contract Tower,0,4,16,112,132,0,3,28,10,41,0,7,44,122,173,92,84,176,349
04/18/2023,MEI,MS,ASO,ES,Federal Contract Tower,0,5,14,183,202,0,12,28,10,50,0,17,42,193,252,32,100,132,384
04/19/2023,MEI,MS,ASO,ES,Federal Contract Tower,0,7,23,163,193,0,8,42,27,77,0,15,65,190,270,40,166,206,476
04/20/2023,MEI,MS,ASO,ES,Federal Contract Tower,0,6,22,137,165,0,15,28,13,56,0,21,50,150,221,76,210,286,507
04/21/2023,MEI,MS,ASO,ES,Federal Contract Tower,0,9,19,75,103,0,3,24,7,34,0,12,43,82,137,40,182,222,359
04/22/2023,MEI,MS,ASO,ES,Federal Contract Tower,0,5,16,16,37,0,14,41,10,65,0,19,57,26,102,103,57,160,262
04/23/2023,MEI,MS,ASO,ES,Federal Contract Tower,0,7,18,18,43,0,5,11,0,16,0,12,29,18,59,85,11,96,155
04/24/2023,MEI,MS,ASO,ES,Federal Contract Tower,0,5,22,101,128,0,0,20,8,28,0,5,42,109,156,0,200,200,356
04/25/2023,MEI,MS,ASO,ES,Federal Contract Tower,0,2,17,115,134,0,8,21,2,31,0,10,38,117,165,56,108,164,329
04/26/2023,MEI,MS,ASO,ES,Federal Contract Tower,0,12,24,163,199,0,0,16,33,49,0,12,40,196,248,48,346,394,642
04/27/2023,MEI,MS,ASO,ES,Federal Contract Tower,0,8,7,57,72,0,5,22,1,28,0,13,29,58,100,34,128,162,262
04/28/2023,MEI,MS,ASO,ES,Federal Contract Tower,0,6,18,124,148,0,12,44,30,86,0,18,62,154,234,44,310,354,588
04/29/2023,MEI,MS,ASO,ES,Federal Contract Tower,0,6,25,22,53,0,10,32,3,45,0,16,57,25,98,64,4,68,166
04/30/2023,MEI,MS,ASO,ES,Federal Contract Tower,0,4,17,17,38,0,9,21,8,38,0,13,38,25,76,12,8,20,96
05/01/2023,MEI,MS,ASO,ES,Federal Contract Tower,0,4,14,121,139,0,11,20,17,48,0,15,34,138,187,2,62,64,251
05/02/2023,MEI,MS,ASO,ES,Federal Contract Tower,0,2,16,147,165,0,3,40,24,67,0,5,56,171,232,58,78,136,368
05/03/2023,MEI,MS,ASO,ES,Federal Contract Tower,0,4,26,85,115,0,2,38,7,47,0,6,64,92,162,36,76,112,274
05/04/2023,MEI,MS,ASO,ES,Federal Contract Tower,0,6,37,100,143,0,1,22,23,46,0,7,59,123,189,130,110,240,429
05/05/2023,MEI,MS,ASO,ES,Federal Contract Tower,0,7,15,102,124,0,2,16,2,20,0,9,31,104,144,2,82,84,228
05/06/2023,MEI,MS,ASO,ES,Federal Contract Tower,0,2,21,40,63,0,6,16,5,27,0,8,37,45,90,22,66,88,178
05/07/2023,MEI,MS,ASO,ES,Federal Contract Tower,0,6,19,30,55,0,25,20,2,47,0,31,39,32,102,44,22,66,168
05/08/2023,MEI,MS,ASO,ES,Federal Contract Tower,0,5,24,64,93,0,3,11,8,22,0,8,35,72,115,0,5,5,120
05/09/2023,MEI,MS,ASO,ES,Federal Contract Tower,0,5,39,106,150,0,8,20,9,37,0,13,59,115,187,44,116,160,347
05/10/2023,MEI,MS,ASO,ES,Federal Contract Tower,0,6,14,80,100,0,2,11,2,15,0,8,25,82,115,30,46,76,191
05/11/2023,MEI,MS,ASO,ES,Federal Contract Tower,0,4,26,75,105,0,5,14,5,24,0,9,40,80,129,23,124,147,276
05/12/2023,MEI,MS,ASO,ES,Federal Contract Tower,0,8,23,75,106,0,0,24,12,36,0,8,47,87,142,26,94,120,262
05/13/2023,MEI,MS,ASO,ES,Federal Contract Tower,0,6,14,12,32,0,9,69,7,85,0,15,83,19,117,186,22,208,325
05/14/2023,MEI,MS,ASO,ES,Federal Contract Tower,0,2,17,20,39,0,6,14,4,24,0,8,31,24,63,0,0,0,63
05/15/2023,MEI,MS,ASO,ES,Federal Contract Tower,0,5,10,110,125,0,9,18,8,35,0,14,28,118,160,154,174,328,488
05/16/2023,MEI,MS,ASO,ES,Federal Contract Tower,0,3,5,38,46,0,2,6,13,21,0,5,11,51,67,45,22,67,134
05/17/2023,MEI,MS,ASO,ES,Federal Contract Tower,0,8,9,64,81,0,0,12,8,20,0,8,21,72,101,43,74,117,218
05/18/2023,MEI,MS,ASO,ES,Federal Contract Tower,0,6,17,73,96,0,5,24,9,38,0,11,41,82,134,0,2,2,136
05/19/2023,MEI,MS,ASO,ES,Federal Contract Tower,0,4,25,87,116,0,6,15,4,25,0,10,40,91,141,12,0,12,153
05/20/2023,MEI,MS,ASO,ES,Federal Contract Tower,0,3,7,6,16,0,7,15,0,22,0,10,22,6,38,40,0,40,78
05/21/2023,MEI,MS,ASO,ES,Federal Contract Tower,0,6,25,17,48,0,3,32,9,44,0,9,57,26,92,14,12,26,118
05/22/2023,MEI,MS,ASO,ES,Federal Contract Tower,0,4,28,92,124,0,0,31,13,44,0,4,59,105,168,42,66,108,276
05/23/2023,MEI,MS,ASO,ES,Federal Contract Tower,0,5,18,80,103,0,7,17,8,32,0,12,35,88,135,10,17,27,162
05/24/2023,MEI,MS,ASO,ES,Federal Contract Tower,0,7,6,85,98,0,3,8,2,13,0,10,14,87,111,14,0,14,125
05/25/2023,MEI,MS,ASO,ES,Federal Contract Tower,0,11,39,121,171,0,14,48,35,97,0,25,87,156,268,102,160,262,530
05/26/2023,MEI,MS,ASO,ES,Federal Contract Tower,0,8,27,63,98,0,8,53,1,62,0,16,80,64,160,62,28,90,250
05/27/2023,MEI,MS,ASO,ES,Federal Contract Tower,0,2,7,0,9,0,6,42,0,48,0,8,49,0,57,80,0,80,137
05/28/2023,MEI,MS,ASO,ES,Federal Contract Tower,0,5,15,8,28,0,3,16,2,21,0,8,31,10,49,8,0,8,57
05/29/2023,MEI,MS,ASO,ES,Federal Contract Tower,0,6,17,2,25,0,5,32,4,41,0,11,49,6,66,26,0,26,92
05/30/2023,MEI,MS,ASO,ES,Federal Contract Tower,0,2,19,117,138,0,6,23,9,38,0,8,42,126,176,4,98,102,278
05/31/2023,MEI,MS,ASO,ES,Federal Contract Tower,0,6,21,45,72,0,4,13,18,35,0,10,34,63,107,22,60,82,189
06/01/2023,MEI,MS,ASO,ES,Federal Contract Tower,0,8,29,65,102,0,5,27,12,44,0,13,56,77,146,108,20,128,274
06/02/2023,MEI,MS,ASO,ES,Federal Contract Tower,0,4,18,89,111,0,4,29,28,61,0,8,47,117,172,80,148,228,400
06/03/2023,MEI,MS,ASO,ES,Federal Contract Tower,0,4,16,20,40,0,4,27,6,37,0,8,43,26,77,16,70,86,163
06/04/2023,MEI,MS,ASO,ES,Federal Contract Tower,0,4,16,20,40,0,4,27,6,37,0,8,43,26,77,16,70,86,163
06/05/2023,MEI,MS,ASO,ES,Federal Contract Tower,0,6,19,37,62,0,3,14,1,18,0,9,33,38,80,18,2,20,100
06/06/2023,MEI,MS,ASO,ES,Federal Contract Tower,0,4,21,144,169,0,4,18,5,27,0,8,39,149,196,34,88,122,318
06/07/2023,MEI,MS,ASO,ES,Federal Contract Tower,0,10,19,146,175,0,8,29,6,43,0,18,48,152,218,97,289,386,604
06/08/2023,MEI,MS,ASO,ES,Federal Contract Tower,0,5,20,70,95,0,5,23,18,46,0,10,43,88,141,2,168,170,311
06/09/2023,MEI,MS,ASO,ES,Federal Contract Tower,0,6,12,72,90,0,3,31,6,40,0,9,43,78,130,72,46,118,248
06/10/2023,MEI,MS,ASO,ES,Federal Contract Tower,0,1,10,4,15,0,2,23,2,27,0,3,33,6,42,28,0,28,70
06/11/2023,MEI,MS,ASO,ES,Federal Contract Tower,0,5,29,35,69,0,5,12,13,30,0,10,41,48,99,2,80,82,181
06/12/2023,MEI,MS,ASO,ES,Federal Contract Tower,0,8,22,48,78,0,7,16,9,32,0,15,38,57,110,10,40,50,160
06/13/2023,MEI,MS,ASO,ES,Federal Contract Tower,0,2,28,26,56,0,4,7,9,20,0,6,35,35,76,32,6,38,114
06/14/2023,MEI,MS,ASO,ES,Federal Contract Tower,0,5,12,73,90,0,2,23,7,32,0,7,35,80,122,16,98,114,236
06/15/2023,MEI,MS,ASO,ES,Federal Contract Tower,0,4,15,17,36,0,6,10,13,29,0,10,25,30,65,63,26,89,154
06/16/2023,MEI,MS,ASO,ES,Federal Contract Tower,0,4,9,57,70,0,4,28,23,55,0,8,37,80,125,90,136,226,351
06/17/2023,MEI,MS,ASO,ES,Federal Contract Tower,0,2,4,9,15,0,3,37,4,44,0,5,41,13,59,80,4,84,143
06/18/2023,MEI,MS,ASO,ES,Federal Contract Tower,0,4,6,8,18,0,4,5,3,12,0,8,11,11,30,0,2,2,32
06/19/2023,MEI,MS,ASO,ES,Federal Contract Tower,0,4,15,22,41,0,1,18,4,23,0,5,33,26,64,48,16,64,128
06/20/2023,MEI,MS,ASO,ES,Federal Contract Tower,0,4,13,175,192,0,4,20,12,36,0,8,33,187,228,74,250,324,552
06/21/2023,MEI,MS,ASO,ES,Federal Contract Tower,0,5,14,116,135,0,4,12,22,38,0,9,26,138,173,32,268,300,473
06/22/2023,MEI,MS,ASO,ES,Federal Contract Tower,0,6,26,105,137,0,11,20,14,45,0,17,46,119,182,56,112,168,350
06/23/2023,MEI,MS,ASO,ES,Federal Contract Tower,0,5,19,80,104,0,6,29,14,49,0,11,48,94,153,94,139,233,386
06/24/2023,MEI,MS,ASO,ES,Federal Contract Tower,0,3,19,13,35,0,12,40,23,75,0,15,59,36,110,98,16,114,224
06/25/2023,MEI,MS,ASO,ES,Federal Contract Tower,0,10,17,52,79,0,14,36,8,58,0,24,53,60,137,84,26,110,247
06/26/2023,MEI,MS,ASO,ES,Federal Contract Tower,0,7,23,81,111,0,10,43,27,80,0,17,66,108,191,110,160,270,461
06/27/2023,MEI,MS,ASO,ES,Federal Contract Tower,0,6,24,125,155,0,6,24,20,50,0,12,48,145,205,34,201,235,440
06/28/2023,MEI,MS,ASO,ES,Federal Contract Tower,0,4,19,77,100,0,13,18,12,43,0,17,37,89,143,4,116,120,263
06/29/2023,MEI,MS,ASO,ES,Federal Contract Tower,0,4,12,75,91,0,8,28,14,50,0,12,40,89,141,72,30,102,243
06/30/2023,MEI,MS,ASO,ES,Federal Contract Tower,0,7,25,71,103,0,4,33,13,50,0,11,58,84,153,60,48,108,261
07/01/2023,MEI,MS,ASO,ES,Federal Contract Tower,0,5,19,6,30,0,8,38,0,46,0,13,57,6,76,2,0,2,78
07/02/2023,MEI,MS,ASO,ES,Federal Contract Tower,0,13,12,0,25,0,5,23,0,28,0,18,35,0,53,0,0,0,53
07/03/2023,MEI,MS,ASO,ES,Federal Contract Tower,0,4,15,3,22,0,3,9,0,12,0,7,24,3,34,26,0,26,60
07/04/2023,MEI,MS,ASO,ES,Federal Contract Tower,0,2,11,0,13,0,7,18,0,25,0,9,29,0,38,29,0,29,67
07/05/2023,MEI,MS,ASO,ES,Federal Contract Tower,0,4,25,22,51,0,3,12,1,16,0,7,37,23,67,18,82,100,167
07/06/2023,MEI,MS,ASO,ES,Federal Contract Tower,0,8,26,122,156,0,8,22,8,38,0,16,48,130,194,16,61,77,271
07/07/2023,MEI,MS,ASO,ES,Federal Contract Tower,0,3,31,45,79,0,4,15,8,27,0,7,46,53,106,0,36,36,142
07/08/2023,MEI,MS,ASO,ES,Federal Contract Tower,0,2,21,18,41,0,1,28,12,41,0,3,49,30,82,2,54,56,138
07/09/2023,MEI,MS,ASO,ES,Federal Contract Tower,0,6,12,15,33,0,5,12,4,21,0,11,24,19,54,4,0,4,58
07/10/2023,MEI,MS,ASO,ES,Federal Contract Tower,0,4,16,78,98,0,5,26,10,41,0,9,42,88,139,62,112,174,313
07/11/2023,MEI,MS,ASO,ES,Federal Contract Tower,0,5,21,117,143,0,2,38,8,48,0,7,59,125,191,62,122,184,375
07/12/2023,MEI,MS,ASO,ES,Federal Contract Tower,0,11,12,34,57,0,10,19,1,30,0,21,31,35,87,14,32,46,133
07/13/2023,MEI,MS,ASO,ES,Federal Contract Tower,0,4,15,34,53,0,0,10,0,10,0,4,25,34,63,0,24,24,87
07/14/2023,MEI,MS,ASO,ES,Federal Contract Tower,0,4,16,42,62,0,0,4,7,11,0,4,20,49,73,0,64,64,137
07/15/2023,MEI,MS,ASO,ES,Federal Contract Tower,0,2,18,18,38,0,5,11,7,23,0,7,29,25,61,20,38,58,119
07/16/2023,MEI,MS,ASO,ES,Federal Contract Tower,0,9,25,43,77,0,13,37,10,60,0,22,62,53,137,10,68,78,215
07/17/2023,MEI,MS,ASO,ES,Federal Contract Tower,0,4,20,92,116,0,4,43,6,53,0,8,63,98,169,34,136,170,339
07/18/2023,MEI,MS,ASO,ES,Federal Contract Tower,0,3,23,110,136,0,5,42,22,69,0,8,65,132,205,62,136,198,403
07/19/2023,MEI,MS,ASO,ES,Federal Contract Tower,0,10,27,150,187,0,4,30,26,60,0,14,57,176,247,40,240,280,527
07/20/2023,MEI,MS,ASO,ES,Federal Contract Tower,0,7,19,116,142,0,1,21,6,28,0,8,40,122,170,28,102,130,300
07/21/2023,MEI,MS,ASO,ES,Federal Contract Tower,0,4,29,126,159,0,5,21,14,40,0,9,50,140,199,150,240,390,589
07/22/2023,MEI,MS,ASO,ES,Federal Contract Tower,0,1,9,18,28,0,5,23,2,30,0,6,32,20,58,42,8,50,108
07/23/2023,MEI,MS,ASO,ES,Federal Contract Tower,0,4,16,16,36,0,17,61,10,88,0,21,77,26,124,52,20,72,196
07/24/2023,MEI,MS,ASO,ES,Federal Contract Tower,0,5,21,145,171,0,5,30,27,62,0,10,51,172,233,26,110,136,369
07/25/2023,MEI,MS,ASO,ES,Federal Contract Tower,0,4,23,91,118,0,6,25,157,188,0,10,48,248,306,10,52,62,368
07/26/2023,MEI,MS,ASO,ES,Federal Contract Tower,0,4,25,147,176,0,10,16,20,46,0,14,41,167,222,20,218,238,460
07/27/2023,MEI,MS,ASO,ES,Federal Contract Tower,0,5,34,77,116,0,5,25,13,43,0,10,59,90,159,26,26,52,211
07/28/2023,MEI,MS,ASO,ES,Federal Contract Tower,0,7,11,94,112,0,4,24,10,38,0,11,35,104,150,0,52,52,202
07/29/2023,MEI,MS,ASO,ES,Federal Contract Tower,0,2,26,8,36,0,7,20,0,27,0,9,46,8,63,40,0,40,103
07/30/2023,MEI,MS,ASO,ES,Federal Contract Tower,0,4,12,11,27,0,4,23,7,34,0,8,35,18,61,26,0,26,87
07/31/2023,MEI,MS,ASO,ES,Federal Contract Tower,0,11,15,80,106,0,8,29,7,44,0,19,44,87,150,28,16,44,194
08/01/2023,MEI,MS,ASO,ES,Federal Contract Tower,0,3,18,151,172,0,6,35,12,53,0,9,53,163,225,34,182,216,441
08/02/2023,MEI,MS,ASO,ES,Federal Contract Tower,0,5,19,178,202,0,7,37,26,70,0,12,56,204,272,14,124,138,410
08/03/2023,MEI,MS,ASO,ES,Federal Contract Tower,0,4,9,121,134,0,10,30,9,49,0,14,39,130,183,74,134,208,391
08/04/2023,MEI,MS,ASO,ES,Federal Contract Tower,0,8,4,65,77,0,4,21,17,42,0,12,25,82,119,24,106,130,249
08/05/2023,MEI,MS,ASO,ES,Federal Contract Tower,0,4,13,19,36,0,0,32,5,37,0,4,45,24,73,34,14,48,121
08/06/2023,MEI,MS,ASO,ES,Federal Contract Tower,0,6,11,30,47,0,10,34,14,58,0,16,45,44,105,72,68,140,245
08/07/2023,MEI,MS,ASO,ES,Federal Contract Tower,0,3,7,97,107,0,5,23,32,60,0,8,30,129,167,22,100,122,289
08/08/2023,MEI,MS,ASO,ES,Federal Contract Tower,0,2,16,65,83,0,10,8,1,19,0,12,24,66,102,22,30,52,154
08/09/2023,MEI,MS,ASO,ES,Federal Contract Tower,0,5,26,195,226,0,11,42,14,67,0,16,68,209,293,18,303,321,614
08/10/2023,MEI,MS,ASO,ES,Federal Contract Tower,0,6,12,88,106,0,9,16,13,38,0,15,28,101,144,52,88,140,284
08/11/2023,MEI,MS,ASO,ES,Federal Contract Tower,0,7,16,127,150,0,5,15,13,33,0,12,31,140,183,20,198,218,401
08/12/2023,MEI,MS,ASO,ES,Federal Contract Tower,0,3,15,33,51,0,4,30,9,43,0,7,45,42,94,0,32,32,126
08/13/2023,MEI,MS,ASO,ES,Federal Contract Tower,0,4,11,39,54,0,4,25,7,36,0,8,36,46,90,12,0,12,102
08/14/2023,MEI,MS,ASO,ES,Federal Contract Tower,0,6,18,131,155,0,5,12,8,25,0,11,30,139,180,16,130,146,326
08/15/2023,MEI,MS,ASO,ES,Federal Contract Tower,0,2,9,148,159,0,10,41,27,78,0,12,50,175,237,14,124,138,375
08/16/2023,MEI,MS,ASO,ES,Federal Contract Tower,0,2,25,97,124,0,2,17,11,30,0,4,42,108,154,0,188,188,342
08/17/2023,MEI,MS,ASO,ES,Federal Contract Tower,0,10,18,102,130,0,2,34,6,42,0,12,52,108,172,8,146,154,326
08/18/2023,MEI,MS,ASO,ES,Federal Contract Tower,2,5,18,135,160,0,4,25,22,51,2,9,43,157,211,0,216,216,427
08/19/2023,MEI,MS,ASO,ES,Federal Contract Tower,0,5,8,14,27,0,4,18,2,24,0,9,26,16,51,40,48,88,139
08/20/2023,MEI,MS,ASO,ES,Federal Contract Tower,0,8,15,20,43,0,5,17,6,28,0,13,32,26,71,36,24,60,131
08/21/2023,MEI,MS,ASO,ES,Federal Contract Tower,2,4,12,131,149,0,8,26,21,55,2,12,38,152,204,2,154,156,360
08/22/2023,MEI,MS,ASO,ES,Federal Contract Tower,1,3,14,147,165,0,4,45,6,55,1,7,59,153,220,36,222,258,478
08/23/2023,MEI,MS,ASO,ES,Federal Contract Tower,0,9,10,60,79,0,6,22,7,35,0,15,32,67,114,72,60,132,246
08/24/2023,MEI,MS,ASO,ES,Federal Contract Tower,0,5,15,106,126,0,11,19,29,59,0,16,34,135,185,18,108,126,311
08/25/2023,MEI,MS,ASO,ES,Federal Contract Tower,0,4,15,85,104,0,5,28,19,52,0,9,43,104,156,54,94,148,304
08/26/2023,MEI,MS,ASO,ES,Federal Contract Tower,0,3,4,7,14,0,14,28,5,47,0,17,32,12,61,34,64,98,159
08/27/2023,MEI,MS,ASO,ES,Federal Contract Tower,0,4,8,4,16,0,5,22,3,30,0,9,30,7,46,10,0,10,56
08/28/2023,MEI,MS,ASO,ES,Federal Contract Tower,0,6,10,110,126,0,9,19,1,29,0,15,29,111,155,31,193,224,379
08/29/2023,MEI,MS,ASO,ES,Federal Contract Tower,0,3,12,50,65,0,4,16,17,37,0,7,28,67,102,0,125,125,227
08/30/2023,MEI,MS,ASO,ES,Federal Contract Tower,0,5,9,119,133,0,10,18,14,42,0,15,27,133,175,0,160,160,335
08/31/2023,MEI,MS,ASO,ES,Federal Contract Tower,1,13,15,105,134,0,3,34,12,49,1,16,49,117,183,10,102,112,295
