01/01/2020,MFE,TX,ASW,CE,Federal Contract Tower,24,7,9,0,40,0,0,0,0,0,24,7,9,0,40,0,0,0,40
01/02/2020,MFE,TX,ASW,CE,Federal Contract Tower,31,9,19,16,75,0,0,50,0,50,31,9,69,16,125,26,0,26,151
01/03/2020,MFE,TX,ASW,CE,Federal Contract Tower,28,12,21,4,65,0,0,41,1,42,28,12,62,5,107,6,8,14,121
01/04/2020,MFE,TX,ASW,CE,Federal Contract Tower,17,13,26,8,64,0,0,56,0,56,17,13,82,8,120,44,0,44,164
01/05/2020,MFE,TX,ASW,CE,Federal Contract Tower,31,15,24,4,74,0,0,34,0,34,31,15,58,4,108,22,0,22,130
01/06/2020,MFE,TX,ASW,CE,Federal Contract Tower,23,17,20,23,83,0,0,59,0,59,23,17,79,23,142,36,0,36,178
01/07/2020,MFE,TX,ASW,CE,Federal Contract Tower,18,19,19,40,96,0,0,60,1,61,18,19,79,41,157,60,0,60,217
01/08/2020,MFE,TX,ASW,CE,Federal Contract Tower,23,13,29,4,69,0,0,57,4,61,23,13,86,8,130,40,8,48,178
01/09/2020,MFE,TX,ASW,CE,Federal Contract Tower,28,13,26,9,76,0,0,46,3,49,28,13,72,12,125,14,30,44,169
01/10/2020,MFE,TX,ASW,CE,Federal Contract Tower,22,12,13,10,57,0,0,17,0,17,22,12,30,10,74,0,0,0,74
01/11/2020,MFE,TX,ASW,CE,Federal Contract Tower,12,15,9,10,46,0,0,32,0,32,12,15,41,10,78,14,0,14,92
01/12/2020,MFE,TX,ASW,CE,Federal Contract Tower,24,10,20,18,72,0,0,38,2,40,24,10,58,20,112,28,10,38,150
01/13/2020,MFE,TX,ASW,CE,Federal Contract Tower,20,14,37,4,75,0,0,27,0,27,20,14,64,4,102,4,0,4,106
01/14/2020,MFE,TX,ASW,CE,Federal Contract Tower,22,10,33,36,101,0,0,64,2,66,22,10,97,38,167,44,12,56,223
01/15/2020,MFE,TX,ASW,CE,Federal Contract Tower,23,14,32,18,87,0,0,52,8,60,23,14,84,26,147,26,14,40,187
01/16/2020,MFE,TX,ASW,CE,Federal Contract Tower,30,14,44,58,146,0,0,38,6,44,30,14,82,64,190,26,8,34,224
01/17/2020,MFE,TX,ASW,CE,Federal Contract Tower,25,20,29,12,86,0,0,59,5,64,25,20,88,17,150,34,0,34,184
01/18/2020,MFE,TX,ASW,CE,Federal Contract Tower,18,5,5,7,35,0,0,27,1,28,18,5,32,8,63,112,0,112,175
01/19/2020,MFE,TX,ASW,CE,Federal Contract Tower,30,6,13,1,50,0,0,26,0,26,30,6,39,1,76,40,16,56,132
01/20/2020,MFE,TX,ASW,CE,Federal Contract Tower,23,10,17,2,52,0,0,61,0,61,23,10,78,2,113,54,0,54,167
01/21/2020,MFE,TX,ASW,CE,Federal Contract Tower,19,18,21,20,78,0,0,46,3,49,19,18,67,23,127,30,0,30,157
01/22/2020,MFE,TX,ASW,CE,Federal Contract Tower,24,10,38,55,127,0,0,46,11,57,24,10,84,66,184,28,96,124,308
01/23/2020,MFE,TX,ASW,CE,Federal Contract Tower,31,15,22,34,102,0,0,57,4,61,31,15,79,38,163,26,0,26,189
01/24/2020,MFE,TX,ASW,CE,Federal Contract Tower,27,11,37,9,84,0,0,92,2,94,27,11,129,11,178,66,0,66,244
01/25/2020,MFE,TX,ASW,CE,Federal Contract Tower,21,6,15,7,49,0,0,54,0,54,21,6,69,7,103,68,0,68,171
01/26/2020,MFE,TX,ASW,CE,Federal Contract Tower,27,7,19,20,73,0,0,44,4,48,27,7,63,24,121,12,0,12,133
01/27/2020,MFE,TX,ASW,CE,Federal Contract Tower,18,16,35,17,86,0,0,64,5,69,18,16,99,22,155,26,2,28,183
01/28/2020,MFE,TX,ASW,CE,Federal Contract Tower,23,8,16,34,81,0,0,57,2,59,23,8,73,36,140,42,70,112,252
01/29/2020,MFE,TX,ASW,CE,Federal Contract Tower,22,16,26,46,110,0,0,82,4,86,22,16,108,50,196,66,0,66,262
01/30/2020,MFE,TX,ASW,CE,Federal Contract Tower,30,9,23,30,92,0,0,55,1,56,30,9,78,31,148,40,20,60,208
01/31/2020,MFE,TX,ASW,CE,Federal Contract Tower,29,8,35,12,84,0,0,54,0,54,29,8,89,12,138,34,0,34,172
02/01/2020,MFE,TX,ASW,CE,Federal Contract Tower,15,11,15,0,41,0,0,58,0,58,15,11,73,0,99,30,0,30,129
02/02/2020,MFE,TX,ASW,CE,Federal Contract Tower,30,6,3,8,47,0,0,41,0,41,30,6,44,8,88,8,0,8,96
02/03/2020,MFE,TX,ASW,CE,Federal Contract Tower,25,8,21,30,84,0,0,53,4,57,25,8,74,34,141,12,0,12,153
02/04/2020,MFE,TX,ASW,CE,Federal Contract Tower,20,14,32,55,121,0,0,70,10,80,20,14,102,65,201,26,6,32,233
02/05/2020,MFE,TX,ASW,CE,Federal Contract Tower,21,19,21,50,111,0,0,28,6,34,21,19,49,56,145,50,20,70,215
02/06/2020,MFE,TX,ASW,CE,Federal Contract Tower,29,16,39,50,134,0,0,67,6,73,29,16,106,56,207,62,0,62,269
02/07/2020,MFE,TX,ASW,CE,Federal Contract Tower,25,10,12,20,67,0,0,57,4,61,25,10,69,24,128,8,6,14,142
02/08/2020,MFE,TX,ASW,CE,Federal Contract Tower,17,7,11,9,44,0,0,39,5,44,17,7,50,14,88,42,0,42,130
02/09/2020,MFE,TX,ASW,CE,Federal Contract Tower,27,6,9,10,52,0,0,12,0,12,27,6,21,10,64,6,0,6,70
02/10/2020,MFE,TX,ASW,CE,Federal Contract Tower,28,6,26,27,87,0,0,38,1,39,28,6,64,28,126,18,16,34,160
02/11/2020,MFE,TX,ASW,CE,Federal Contract Tower,16,21,26,10,73,0,0,2,0,2,16,21,28,10,75,0,0,0,75
02/12/2020,MFE,TX,ASW,CE,Federal Contract Tower,20,20,35,66,141,0,0,40,9,49,20,20,75,75,190,95,0,95,285
02/13/2020,MFE,TX,ASW,CE,Federal Contract Tower,30,16,49,31,126,0,0,82,9,91,30,16,131,40,217,50,22,72,289
02/14/2020,MFE,TX,ASW,CE,Federal Contract Tower,28,9,17,35,89,0,0,70,8,78,28,9,87,43,167,60,2,62,229
02/15/2020,MFE,TX,ASW,CE,Federal Contract Tower,16,16,6,1,39,0,0,49,4,53,16,16,55,5,92,66,16,82,174
02/16/2020,MFE,TX,ASW,CE,Federal Contract Tower,25,12,26,1,64,0,0,33,0,33,25,12,59,1,97,34,0,34,131
02/17/2020,MFE,TX,ASW,CE,Federal Contract Tower,23,17,26,10,76,0,0,35,0,35,23,17,61,10,111,14,0,14,125
02/18/2020,MFE,TX,ASW,CE,Federal Contract Tower,23,12,20,37,92,0,0,44,16,60,23,12,64,53,152,32,26,58,210
02/19/2020,MFE,TX,ASW,CE,Federal Contract Tower,22,18,44,9,93,0,0,7,0,7,22,18,51,9,100,10,0,10,110
02/20/2020,MFE,TX,ASW,CE,Federal Contract Tower,31,9,34,38,112,0,0,0,0,0,31,9,34,38,112,0,0,0,112
02/21/2020,MFE,TX,ASW,CE,Federal Contract Tower,25,9,34,24,92,0,0,65,4,69,25,9,99,28,161,26,0,26,187
02/22/2020,MFE,TX,ASW,CE,Federal Contract Tower,16,11,15,2,44,0,0,60,3,63,16,11,75,5,107,46,0,46,153
02/23/2020,MFE,TX,ASW,CE,Federal Contract Tower,26,11,32,14,83,0,0,38,0,38,26,11,70,14,121,12,0,12,133
02/24/2020,MFE,TX,ASW,CE,Federal Contract Tower,23,16,20,63,122,0,0,51,0,51,23,16,71,63,173,32,0,32,205
02/25/2020,MFE,TX,ASW,CE,Federal Contract Tower,22,15,40,29,106,0,0,48,2,50,22,15,88,31,156,22,0,22,178
02/26/2020,MFE,TX,ASW,CE,Federal Contract Tower,26,14,28,20,88,0,0,41,0,41,26,14,69,20,129,24,0,24,153
02/27/2020,MFE,TX,ASW,CE,Federal Contract Tower,31,13,26,28,98,0,0,72,2,74,31,13,98,30,172,114,0,114,286
02/28/2020,MFE,TX,ASW,CE,Federal Contract Tower,24,11,29,8,72,0,0,87,3,90,24,11,116,11,162,62,10,72,234
02/29/2020,MFE,TX,ASW,CE,Federal Contract Tower,15,11,19,0,45,0,1,47,5,53,15,12,66,5,98,30,0,30,128
03/01/2020,MFE,TX,ASW,CE,Federal Contract Tower,28,7,17,10,62,0,0,44,0,44,28,7,61,10,106,0,0,0,106
03/02/2020,MFE,TX,ASW,CE,Federal Contract Tower,22,13,33,70,138,0,0,48,7,55,22,13,81,77,193,46,0,46,239
03/03/2020,MFE,TX,ASW,CE,Federal Contract Tower,22,16,28,35,101,0,0,29,14,43,22,16,57,49,144,20,106,126,270
03/04/2020,MFE,TX,ASW,CE,Federal Contract Tower,26,13,25,49,113,0,0,46,5,51,26,13,71,54,164,34,0,34,198
03/05/2020,MFE,TX,ASW,CE,Federal Contract Tower,29,17,16,36,98,0,0,71,8,79,29,17,87,44,177,30,4,34,211
03/06/2020,MFE,TX,ASW,CE,Federal Contract Tower,28,10,25,31,94,0,0,61,4,65,28,10,86,35,159,38,0,38,197
03/07/2020,MFE,TX,ASW,CE,Federal Contract Tower,15,9,23,0,47,0,0,45,8,53,15,9,68,8,100,34,0,34,134
03/08/2020,MFE,TX,ASW,CE,Federal Contract Tower,30,7,20,12,69,0,0,42,13,55,30,7,62,25,124,34,0,34,158
03/09/2020,MFE,TX,ASW,CE,Federal Contract Tower,30,13,31,33,107,0,0,44,5,49,30,13,75,38,156,28,14,42,198
03/10/2020,MFE,TX,ASW,CE,Federal Contract Tower,23,18,27,25,93,0,0,18,1,19,23,18,45,26,112,24,0,24,136
03/11/2020,MFE,TX,ASW,CE,Federal Contract Tower,24,12,19,16,71,0,0,58,8,66,24,12,77,24,137,50,0,50,187
03/12/2020,MFE,TX,ASW,CE,Federal Contract Tower,34,10,28,25,97,0,0,64,6,70,34,10,92,31,167,52,30,82,249
03/13/2020,MFE,TX,ASW,CE,Federal Contract Tower,26,12,14,18,70,0,0,45,1,46,26,12,59,19,116,50,0,50,166
03/14/2020,MFE,TX,ASW,CE,Federal Contract Tower,17,9,18,6,50,0,0,51,0,51,17,9,69,6,101,120,0,120,221
03/15/2020,MFE,TX,ASW,CE,Federal Contract Tower,32,7,8,11,58,0,0,38,0,38,32,7,46,11,96,120,0,120,216
03/16/2020,MFE,TX,ASW,CE,Federal Contract Tower,24,12,17,50,103,0,0,47,8,55,24,12,64,58,158,68,40,108,266
03/17/2020,MFE,TX,ASW,CE,Federal Contract Tower,21,11,16,36,84,0,0,45,3,48,21,11,61,39,132,34,24,58,190
03/18/2020,MFE,TX,ASW,CE,Federal Contract Tower,23,11,16,23,73,0,0,68,2,70,23,11,84,25,143,0,0,0,143
03/19/2020,MFE,TX,ASW,CE,Federal Contract Tower,22,13,26,8,69,0,0,59,3,62,22,13,85,11,131,20,0,20,151
03/20/2020,MFE,TX,ASW,CE,Federal Contract Tower,25,10,18,38,91,0,0,54,4,58,25,10,72,42,149,54,38,92,241
03/21/2020,MFE,TX,ASW,CE,Federal Contract Tower,15,7,6,0,28,0,0,0,0,0,15,7,6,0,28,0,0,0,28
03/22/2020,MFE,TX,ASW,CE,Federal Contract Tower,16,5,7,29,57,0,0,16,1,17,16,5,23,30,74,2,0,2,76
03/23/2020,MFE,TX,ASW,CE,Federal Contract Tower,13,8,8,40,69,0,0,39,5,44,13,8,47,45,113,30,8,38,151
03/24/2020,MFE,TX,ASW,CE,Federal Contract Tower,15,5,10,29,59,0,0,58,1,59,15,5,68,30,118,24,0,24,142
03/25/2020,MFE,TX,ASW,CE,Federal Contract Tower,10,3,16,26,55,0,0,54,0,54,10,3,70,26,109,18,0,18,127
03/26/2020,MFE,TX,ASW,CE,Federal Contract Tower,15,5,16,26,62,0,0,48,4,52,15,5,64,30,114,12,24,36,150
03/27/2020,MFE,TX,ASW,CE,Federal Contract Tower,8,2,11,25,46,0,0,35,5,40,8,2,46,30,86,0,40,40,126
03/28/2020,MFE,TX,ASW,CE,Federal Contract Tower,6,6,3,13,28,0,0,25,5,30,6,6,28,18,58,0,80,80,138
03/29/2020,MFE,TX,ASW,CE,Federal Contract Tower,10,2,2,2,16,0,0,9,7,16,10,2,11,9,32,0,0,0,32
03/30/2020,MFE,TX,ASW,CE,Federal Contract Tower,5,5,3,33,46,0,0,26,4,30,5,5,29,37,76,2,12,14,90
03/31/2020,MFE,TX,ASW,CE,Federal Contract Tower,10,3,9,38,60,0,0,25,1,26,10,3,34,39,86,0,10,10,96
04/01/2020,MFE,TX,ASW,CE,Federal Contract Tower,13,10,5,57,85,0,0,42,5,47,13,10,47,62,132,0,6,6,138
04/02/2020,MFE,TX,ASW,CE,Federal Contract Tower,10,4,19,71,104,0,0,45,1,46,10,4,64,72,150,0,0,0,150
04/03/2020,MFE,TX,ASW,CE,Federal Contract Tower,9,7,13,26,55,0,0,36,2,38,9,7,49,28,93,0,0,0,93
04/04/2020,MFE,TX,ASW,CE,Federal Contract Tower,4,2,6,10,22,0,0,7,0,7,4,2,13,10,29,0,0,0,29
04/05/2020,MFE,TX,ASW,CE,Federal Contract Tower,6,2,4,4,16,0,0,7,0,7,6,2,11,4,23,0,0,0,23
04/06/2020,MFE,TX,ASW,CE,Federal Contract Tower,9,2,3,31,45,0,0,21,2,23,9,2,24,33,68,0,0,0,68
04/07/2020,MFE,TX,ASW,CE,Federal Contract Tower,10,2,16,53,81,0,0,34,1,35,10,2,50,54,116,18,0,18,134
04/08/2020,MFE,TX,ASW,CE,Federal Contract Tower,13,3,14,34,64,0,0,40,0,40,13,3,54,34,104,0,0,0,104
04/09/2020,MFE,TX,ASW,CE,Federal Contract Tower,9,2,6,18,35,0,0,37,2,39,9,2,43,20,74,6,0,6,80
04/10/2020,MFE,TX,ASW,CE,Federal Contract Tower,12,2,5,39,58,0,0,22,0,22,12,2,27,39,80,0,0,0,80
04/11/2020,MFE,TX,ASW,CE,Federal Contract Tower,7,2,2,41,52,0,0,31,0,31,7,2,33,41,83,8,0,8,91
04/12/2020,MFE,TX,ASW,CE,Federal Contract Tower,9,2,3,26,40,0,0,27,0,27,9,2,30,26,67,0,0,0,67
04/13/2020,MFE,TX,ASW,CE,Federal Contract Tower,11,5,2,73,91,0,0,43,1,44,11,5,45,74,135,32,0,32,167
04/14/2020,MFE,TX,ASW,CE,Federal Contract Tower,8,2,5,72,87,0,0,26,4,30,8,2,31,76,117,24,12,36,153
04/15/2020,MFE,TX,ASW,CE,Federal Contract Tower,11,4,7,41,63,0,0,54,1,55,11,4,61,42,118,2,10,12,130
04/16/2020,MFE,TX,ASW,CE,Federal Contract Tower,9,2,9,82,102,0,0,49,3,52,9,2,58,85,154,38,14,52,206
04/17/2020,MFE,TX,ASW,CE,Federal Contract Tower,5,6,11,50,72,0,0,23,2,25,5,6,34,52,97,6,10,16,113
04/18/2020,MFE,TX,ASW,CE,Federal Contract Tower,7,1,10,20,38,0,0,22,1,23,7,1,32,21,61,34,14,48,109
04/19/2020,MFE,TX,ASW,CE,Federal Contract Tower,6,1,2,44,53,0,4,19,1,24,6,5,21,45,77,0,22,22,99
04/20/2020,MFE,TX,ASW,CE,Federal Contract Tower,8,5,6,45,64,0,0,37,0,37,8,5,43,45,101,8,0,8,109
04/21/2020,MFE,TX,ASW,CE,Federal Contract Tower,6,4,12,18,40,0,0,28,3,31,6,4,40,21,71,46,20,66,137
04/22/2020,MFE,TX,ASW,CE,Federal Contract Tower,11,3,8,59,81,0,0,37,0,37,11,3,45,59,118,20,0,20,138
04/23/2020,MFE,TX,ASW,CE,Federal Contract Tower,9,4,9,51,73,0,0,69,0,69,9,4,78,51,142,44,0,44,186
04/24/2020,MFE,TX,ASW,CE,Federal Contract Tower,6,8,10,37,61,0,0,40,2,42,6,8,50,39,103,44,0,44,147
04/25/2020,MFE,TX,ASW,CE,Federal Contract Tower,7,0,8,21,36,0,0,34,2,36,7,0,42,23,72,12,0,12,84
04/26/2020,MFE,TX,ASW,CE,Federal Contract Tower,6,2,6,26,40,0,0,35,0,35,6,2,41,26,75,0,0,0,75
04/27/2020,MFE,TX,ASW,CE,Federal Contract Tower,11,3,10,20,44,0,0,48,0,48,11,3,58,20,92,50,0,50,142
04/28/2020,MFE,TX,ASW,CE,Federal Contract Tower,10,6,11,60,87,0,0,50,3,53,10,6,61,63,140,58,0,58,198
04/29/2020,MFE,TX,ASW,CE,Federal Contract Tower,13,2,11,30,56,0,0,41,1,42,13,2,52,31,98,18,6,24,122
04/30/2020,MFE,TX,ASW,CE,Federal Contract Tower,7,5,16,27,55,0,0,56,1,57,7,5,72,28,112,14,0,14,126
05/01/2020,MFE,TX,ASW,CE,Federal Contract Tower,9,3,12,14,38,0,0,60,1,61,9,3,72,15,99,84,0,84,183
05/02/2020,MFE,TX,ASW,CE,Federal Contract Tower,10,1,12,12,35,0,0,33,0,33,10,1,45,12,68,24,0,24,92
05/03/2020,MFE,TX,ASW,CE,Federal Contract Tower,7,3,3,18,31,0,0,27,0,27,7,3,30,18,58,0,0,0,58
05/04/2020,MFE,TX,ASW,CE,Federal Contract Tower,7,2,9,14,32,0,0,38,5,43,7,2,47,19,75,40,14,54,129
05/05/2020,MFE,TX,ASW,CE,Federal Contract Tower,13,3,8,59,83,0,0,51,2,53,13,3,59,61,136,70,8,78,214
05/06/2020,MFE,TX,ASW,CE,Federal Contract Tower,16,6,18,22,62,0,0,49,1,50,16,6,67,23,112,40,8,48,160
05/07/2020,MFE,TX,ASW,CE,Federal Contract Tower,12,3,29,20,64,0,0,51,1,52,12,3,80,21,116,30,0,30,146
05/08/2020,MFE,TX,ASW,CE,Federal Contract Tower,11,3,18,42,74,0,0,43,1,44,11,3,61,43,118,28,8,36,154
05/09/2020,MFE,TX,ASW,CE,Federal Contract Tower,12,0,2,2,16,0,0,21,0,21,12,0,23,2,37,16,0,16,53
05/10/2020,MFE,TX,ASW,CE,Federal Contract Tower,9,0,3,20,32,0,0,23,0,23,9,0,26,20,55,0,0,0,55
05/11/2020,MFE,TX,ASW,CE,Federal Contract Tower,10,3,14,36,63,0,0,64,1,65,10,3,78,37,128,24,0,24,152
05/12/2020,MFE,TX,ASW,CE,Federal Contract Tower,10,3,10,52,75,0,0,61,2,63,10,3,71,54,138,52,0,52,190
05/13/2020,MFE,TX,ASW,CE,Federal Contract Tower,14,8,20,18,60,0,0,65,1,66,14,8,85,19,126,90,0,90,216
05/14/2020,MFE,TX,ASW,CE,Federal Contract Tower,14,6,22,37,79,0,0,59,1,60,14,6,81,38,139,38,12,50,189
05/15/2020,MFE,TX,ASW,CE,Federal Contract Tower,10,4,28,36,78,0,0,46,1,47,10,4,74,37,125,66,0,66,191
05/16/2020,MFE,TX,ASW,CE,Federal Contract Tower,9,1,0,14,24,0,0,31,1,32,9,1,31,15,56,30,0,30,86
05/17/2020,MFE,TX,ASW,CE,Federal Contract Tower,13,1,3,23,40,0,0,36,0,36,13,1,39,23,76,20,0,20,96
05/18/2020,MFE,TX,ASW,CE,Federal Contract Tower,11,2,13,42,68,0,0,56,2,58,11,2,69,44,126,48,0,48,174
05/19/2020,MFE,TX,ASW,CE,Federal Contract Tower,12,4,16,59,91,0,0,74,2,76,12,4,90,61,167,52,0,52,219
05/20/2020,MFE,TX,ASW,CE,Federal Contract Tower,14,0,19,45,78,0,0,71,4,75,14,0,90,49,153,19,28,47,200
05/21/2020,MFE,TX,ASW,CE,Federal Contract Tower,12,3,24,15,54,0,0,48,1,49,12,3,72,16,103,46,0,46,149
05/22/2020,MFE,TX,ASW,CE,Federal Contract Tower,12,2,20,4,38,0,0,74,0,74,12,2,94,4,112,42,0,42,154
05/23/2020,MFE,TX,ASW,CE,Federal Contract Tower,14,0,6,26,46,0,0,59,0,59,14,0,65,26,105,50,0,50,155
05/24/2020,MFE,TX,ASW,CE,Federal Contract Tower,14,2,9,18,43,0,0,35,1,36,14,2,44,19,79,48,0,48,127
05/25/2020,MFE,TX,ASW,CE,Federal Contract Tower,10,1,10,5,26,0,0,42,1,43,10,1,52,6,69,54,0,54,123
05/26/2020,MFE,TX,ASW,CE,Federal Contract Tower,12,2,5,14,33,0,0,60,1,61,12,2,65,15,94,76,0,76,170
05/27/2020,MFE,TX,ASW,CE,Federal Contract Tower,14,4,19,30,67,0,0,92,2,94,14,4,111,32,161,48,0,48,209
05/28/2020,MFE,TX,ASW,CE,Federal Contract Tower,14,6,21,46,87,0,0,75,1,76,14,6,96,47,163,90,0,90,253
05/29/2020,MFE,TX,ASW,CE,Federal Contract Tower,12,3,21,2,38,0,0,45,1,46,12,3,66,3,84,76,0,76,160
05/30/2020,MFE,TX,ASW,CE,Federal Contract Tower,11,1,10,0,22,0,0,50,0,50,11,1,60,0,72,42,0,42,114
05/31/2020,MFE,TX,ASW,CE,Federal Contract Tower,14,1,6,4,25,0,0,13,0,13,14,1,19,4,38,0,0,0,38
06/01/2020,MFE,TX,ASW,CE,Federal Contract Tower,9,6,9,0,24,0,0,23,0,23,9,6,32,0,47,14,0,14,61
06/02/2020,MFE,TX,ASW,CE,Federal Contract Tower,9,5,19,30,63,0,0,46,1,47,9,5,65,31,110,30,0,30,140
06/03/2020,MFE,TX,ASW,CE,Federal Contract Tower,13,8,20,52,93,0,0,104,1,105,13,8,124,53,198,52,0,52,250
06/04/2020,MFE,TX,ASW,CE,Federal Contract Tower,15,4,24,55,98,0,0,104,3,107,15,4,128,58,205,48,0,48,253
06/05/2020,MFE,TX,ASW,CE,Federal Contract Tower,14,7,23,18,62,0,0,71,3,74,14,7,94,21,136,78,0,78,214
06/06/2020,MFE,TX,ASW,CE,Federal Contract Tower,9,3,17,10,39,0,0,56,0,56,9,3,73,10,95,20,0,20,115
06/07/2020,MFE,TX,ASW,CE,Federal Contract Tower,8,4,15,16,43,0,0,51,0,51,8,4,66,16,94,66,0,66,160
06/08/2020,MFE,TX,ASW,CE,Federal Contract Tower,9,9,27,43,88,0,0,80,1,81,9,9,107,44,169,47,0,47,216
06/09/2020,MFE,TX,ASW,CE,Federal Contract Tower,9,5,28,39,81,0,0,95,1,96,9,5,123,40,177,119,0,119,296
06/10/2020,MFE,TX,ASW,CE,Federal Contract Tower,11,5,22,30,68,0,0,63,2,65,11,5,85,32,133,116,0,116,249
06/11/2020,MFE,TX,ASW,CE,Federal Contract Tower,14,2,22,49,87,0,0,104,1,105,14,2,126,50,192,148,0,148,340
06/12/2020,MFE,TX,ASW,CE,Federal Contract Tower,12,3,28,14,57,0,0,93,1,94,12,3,121,15,151,178,0,178,329
06/13/2020,MFE,TX,ASW,CE,Federal Contract Tower,9,6,17,8,40,0,0,74,0,74,9,6,91,8,114,98,0,98,212
06/14/2020,MFE,TX,ASW,CE,Federal Contract Tower,9,3,10,32,54,0,0,52,0,52,9,3,62,32,106,36,0,36,142
06/15/2020,MFE,TX,ASW,CE,Federal Contract Tower,11,7,22,6,46,0,0,63,1,64,11,7,85,7,110,112,0,112,222
06/16/2020,MFE,TX,ASW,CE,Federal Contract Tower,8,3,19,18,48,0,0,63,1,64,8,3,82,19,112,82,0,82,194
06/17/2020,MFE,TX,ASW,CE,Federal Contract Tower,10,11,30,18,69,0,0,88,1,89,10,11,118,19,158,146,0,146,304
06/18/2020,MFE,TX,ASW,CE,Federal Contract Tower,16,8,26,8,58,0,0,68,0,68,16,8,94,8,126,114,0,114,240
06/19/2020,MFE,TX,ASW,CE,Federal Contract Tower,12,8,22,0,42,0,0,55,4,59,12,8,77,4,101,46,0,46,147
06/20/2020,MFE,TX,ASW,CE,Federal Contract Tower,15,1,13,2,31,0,0,59,0,59,15,1,72,2,90,46,0,46,136
06/21/2020,MFE,TX,ASW,CE,Federal Contract Tower,16,1,10,6,33,0,0,42,0,42,16,1,52,6,75,62,0,62,137
06/22/2020,MFE,TX,ASW,CE,Federal Contract Tower,9,9,31,40,89,0,0,94,3,97,9,9,125,43,186,96,0,96,282
06/23/2020,MFE,TX,ASW,CE,Federal Contract Tower,8,7,16,31,62,0,0,72,0,72,8,7,88,31,134,144,0,144,278
06/24/2020,MFE,TX,ASW,CE,Federal Contract Tower,9,7,19,20,55,0,0,67,0,67,9,7,86,20,122,75,0,75,197
06/25/2020,MFE,TX,ASW,CE,Federal Contract Tower,17,9,19,2,47,0,0,46,5,51,17,9,65,7,98,60,10,70,168
06/26/2020,MFE,TX,ASW,CE,Federal Contract Tower,11,2,25,0,38,0,0,23,4,27,11,2,48,4,65,22,0,22,87
06/27/2020,MFE,TX,ASW,CE,Federal Contract Tower,12,7,14,35,68,0,0,43,0,43,12,7,57,35,111,16,4,20,131
06/28/2020,MFE,TX,ASW,CE,Federal Contract Tower,10,4,12,69,95,0,0,18,1,19,10,4,30,70,114,0,0,0,114
06/29/2020,MFE,TX,ASW,CE,Federal Contract Tower,9,5,11,35,60,0,0,33,1,34,9,5,44,36,94,28,0,28,122
06/30/2020,MFE,TX,ASW,CE,Federal Contract Tower,7,4,20,39,70,0,0,54,9,63,7,4,74,48,133,87,0,87,220
07/01/2020,MFE,TX,ASW,CE,Federal Contract Tower,10,2,23,37,72,0,0,87,1,88,10,2,110,38,160,42,0,42,202
07/02/2020,MFE,TX,ASW,CE,Federal Contract Tower,17,3,21,10,51,0,0,77,0,77,17,3,98,10,128,68,0,68,196
07/03/2020,MFE,TX,ASW,CE,Federal Contract Tower,11,5,16,4,36,0,0,81,0,81,11,5,97,4,117,94,0,94,211
07/04/2020,MFE,TX,ASW,CE,Federal Contract Tower,8,2,6,0,16,0,0,39,0,39,8,2,45,0,55,10,0,10,65
07/05/2020,MFE,TX,ASW,CE,Federal Contract Tower,13,0,5,2,20,0,0,32,0,32,13,0,37,2,52,18,0,18,70
07/06/2020,MFE,TX,ASW,CE,Federal Contract Tower,8,6,22,0,36,0,0,69,3,72,8,6,91,3,108,100,0,100,208
07/07/2020,MFE,TX,ASW,CE,Federal Contract Tower,15,8,20,4,47,0,0,76,1,77,15,8,96,5,124,56,0,56,180
07/08/2020,MFE,TX,ASW,CE,Federal Contract Tower,17,7,16,20,60,0,0,69,2,71,17,7,85,22,131,82,0,82,213
07/09/2020,MFE,TX,ASW,CE,Federal Contract Tower,19,10,21,31,81,0,0,66,10,76,19,10,87,41,157,50,0,50,207
07/10/2020,MFE,TX,ASW,CE,Federal Contract Tower,11,17,26,24,78,0,0,64,0,64,11,17,90,24,142,64,0,64,206
07/11/2020,MFE,TX,ASW,CE,Federal Contract Tower,13,15,6,5,39,0,0,62,2,64,13,15,68,7,103,48,0,48,151
07/12/2020,MFE,TX,ASW,CE,Federal Contract Tower,18,11,13,13,55,0,0,34,0,34,18,11,47,13,89,18,0,18,107
07/13/2020,MFE,TX,ASW,CE,Federal Contract Tower,16,11,13,6,46,0,0,76,0,76,16,11,89,6,122,108,0,108,230
07/14/2020,MFE,TX,ASW,CE,Federal Contract Tower,7,17,26,18,68,0,0,59,0,59,7,17,85,18,127,52,0,52,179
07/15/2020,MFE,TX,ASW,CE,Federal Contract Tower,13,8,17,13,51,0,0,77,3,80,13,8,94,16,131,104,16,120,251
07/16/2020,MFE,TX,ASW,CE,Federal Contract Tower,24,12,26,30,92,0,0,77,5,82,24,12,103,35,174,58,0,58,232
07/17/2020,MFE,TX,ASW,CE,Federal Contract Tower,16,17,20,4,57,0,0,65,0,65,16,17,85,4,122,64,0,64,186
07/18/2020,MFE,TX,ASW,CE,Federal Contract Tower,10,12,16,16,54,0,0,47,2,49,10,12,63,18,103,30,22,52,155
07/19/2020,MFE,TX,ASW,CE,Federal Contract Tower,15,17,17,24,73,0,0,42,0,42,15,17,59,24,115,8,0,8,123
07/20/2020,MFE,TX,ASW,CE,Federal Contract Tower,15,10,14,50,89,0,0,61,1,62,15,10,75,51,151,78,0,78,229
07/21/2020,MFE,TX,ASW,CE,Federal Contract Tower,10,11,13,83,117,0,0,61,4,65,10,11,74,87,182,18,14,32,214
07/22/2020,MFE,TX,ASW,CE,Federal Contract Tower,14,9,16,24,63,0,0,95,1,96,14,9,111,25,159,108,0,108,267
07/23/2020,MFE,TX,ASW,CE,Federal Contract Tower,27,10,30,32,99,0,0,73,1,74,27,10,103,33,173,44,0,44,217
07/24/2020,MFE,TX,ASW,CE,Federal Contract Tower,14,19,22,2,57,0,0,82,2,84,14,19,104,4,141,80,0,80,221
07/25/2020,MFE,TX,ASW,CE,Federal Contract Tower,8,6,6,0,20,0,0,7,0,7,8,6,13,0,27,0,0,0,27
07/26/2020,MFE,TX,ASW,CE,Federal Contract Tower,10,7,0,0,17,0,0,0,0,0,10,7,0,0,17,0,0,0,17
07/27/2020,MFE,TX,ASW,CE,Federal Contract Tower,12,13,12,2,39,0,0,24,1,25,12,13,36,3,64,38,0,38,102
07/28/2020,MFE,TX,ASW,CE,Federal Contract Tower,13,7,22,18,60,0,0,54,5,59,13,7,76,23,119,34,0,34,153
07/29/2020,MFE,TX,ASW,CE,Federal Contract Tower,14,5,19,16,54,0,0,53,7,60,14,5,72,23,114,78,0,78,192
07/30/2020,MFE,TX,ASW,CE,Federal Contract Tower,22,17,29,52,120,0,0,69,2,71,22,17,98,54,191,44,0,44,235
07/31/2020,MFE,TX,ASW,CE,Federal Contract Tower,9,22,28,44,103,0,0,64,3,67,9,22,92,47,170,128,0,128,298
08/01/2020,MFE,TX,ASW,CE,Federal Contract Tower,12,5,5,7,29,0,0,54,0,54,12,5,59,7,83,28,0,28,111
08/02/2020,MFE,TX,ASW,CE,Federal Contract Tower,15,9,8,16,48,0,0,45,2,47,15,9,53,18,95,18,0,18,113
08/03/2020,MFE,TX,ASW,CE,Federal Contract Tower,14,12,21,30,77,0,0,74,2,76,14,12,95,32,153,74,0,74,227
08/04/2020,MFE,TX,ASW,CE,Federal Contract Tower,10,19,21,62,112,0,0,93,1,94,10,19,114,63,206,42,0,42,248
08/05/2020,MFE,TX,ASW,CE,Federal Contract Tower,15,10,19,36,80,0,0,92,4,96,15,10,111,40,176,60,4,64,240
08/06/2020,MFE,TX,ASW,CE,Federal Contract Tower,14,13,23,35,85,0,0,61,5,66,14,13,84,40,151,56,0,56,207
08/07/2020,MFE,TX,ASW,CE,Federal Contract Tower,17,10,18,19,64,0,0,78,2,80,17,10,96,21,144,26,0,26,170
08/08/2020,MFE,TX,ASW,CE,Federal Contract Tower,12,12,15,10,49,0,0,37,3,40,12,12,52,13,89,18,14,32,121
08/09/2020,MFE,TX,ASW,CE,Federal Contract Tower,14,4,23,24,65,0,0,33,1,34,14,4,56,25,99,20,0,20,119
08/10/2020,MFE,TX,ASW,CE,Federal Contract Tower,19,14,20,18,71,0,0,72,1,73,19,14,92,19,144,94,0,94,238
08/11/2020,MFE,TX,ASW,CE,Federal Contract Tower,9,12,18,44,83,0,0,84,1,85,9,12,102,45,168,22,0,22,190
08/12/2020,MFE,TX,ASW,CE,Federal Contract Tower,11,17,22,24,74,0,0,94,3,97,11,17,116,27,171,88,0,88,259
08/13/2020,MFE,TX,ASW,CE,Federal Contract Tower,19,10,26,32,87,0,0,68,4,72,19,10,94,36,159,12,0,12,171
08/14/2020,MFE,TX,ASW,CE,Federal Contract Tower,16,13,19,22,70,0,0,68,2,70,16,13,87,24,140,84,0,84,224
08/15/2020,MFE,TX,ASW,CE,Federal Contract Tower,13,4,12,5,34,0,0,38,4,42,13,4,50,9,76,18,0,18,94
08/16/2020,MFE,TX,ASW,CE,Federal Contract Tower,15,9,19,21,64,0,0,36,3,39,15,9,55,24,103,16,12,28,131
08/17/2020,MFE,TX,ASW,CE,Federal Contract Tower,13,8,20,55,96,0,0,68,6,74,13,8,88,61,170,52,2,54,224
08/18/2020,MFE,TX,ASW,CE,Federal Contract Tower,12,9,14,20,55,0,0,78,2,80,12,9,92,22,135,28,0,28,163
08/19/2020,MFE,TX,ASW,CE,Federal Contract Tower,12,11,18,11,52,0,0,74,1,75,12,11,92,12,127,74,0,74,201
08/20/2020,MFE,TX,ASW,CE,Federal Contract Tower,16,11,20,61,108,0,0,72,7,79,16,11,92,68,187,80,0,80,267
08/21/2020,MFE,TX,ASW,CE,Federal Contract Tower,15,10,38,30,93,0,0,77,0,77,15,10,115,30,170,66,0,66,236
08/22/2020,MFE,TX,ASW,CE,Federal Contract Tower,11,12,6,22,51,0,0,49,2,51,11,12,55,24,102,38,0,38,140
08/23/2020,MFE,TX,ASW,CE,Federal Contract Tower,10,15,9,0,34,0,0,37,0,37,10,15,46,0,71,10,0,10,81
08/24/2020,MFE,TX,ASW,CE,Federal Contract Tower,18,9,13,45,85,0,0,52,1,53,18,9,65,46,138,6,1,7,145
08/25/2020,MFE,TX,ASW,CE,Federal Contract Tower,10,9,29,25,73,0,0,45,0,45,10,9,74,25,118,18,0,18,136
08/26/2020,MFE,TX,ASW,CE,Federal Contract Tower,12,7,10,90,119,0,0,73,2,75,12,7,83,92,194,64,0,64,258
08/27/2020,MFE,TX,ASW,CE,Federal Contract Tower,13,9,22,60,104,0,0,62,2,64,13,9,84,62,168,26,0,26,194
08/28/2020,MFE,TX,ASW,CE,Federal Contract Tower,16,13,20,15,64,0,0,56,3,59,16,13,76,18,123,50,0,50,173
08/29/2020,MFE,TX,ASW,CE,Federal Contract Tower,15,10,5,13,43,0,0,52,3,55,15,10,57,16,98,26,0,26,124
08/30/2020,MFE,TX,ASW,CE,Federal Contract Tower,10,7,17,20,54,0,0,28,5,33,10,7,45,25,87,0,0,0,87
08/31/2020,MFE,TX,ASW,CE,Federal Contract Tower,16,12,22,68,118,0,0,49,3,52,16,12,71,71,170,66,0,66,236
09/01/2020,MFE,TX,ASW,CE,Federal Contract Tower,10,5,21,50,86,0,0,59,1,60,10,5,80,51,146,10,0,10,156
09/02/2020,MFE,TX,ASW,CE,Federal Contract Tower,11,13,27,74,125,0,0,51,0,51,11,13,78,74,176,80,0,80,256
09/03/2020,MFE,TX,ASW,CE,Federal Contract Tower,16,9,23,36,84,0,0,60,1,61,16,9,83,37,145,50,0,50,195
09/04/2020,MFE,TX,ASW,CE,Federal Contract Tower,16,7,29,0,52,0,0,40,1,41,16,7,69,1,93,42,0,42,135
09/05/2020,MFE,TX,ASW,CE,Federal Contract Tower,9,7,11,5,32,0,0,10,1,11,9,7,21,6,43,0,0,0,43
09/06/2020,MFE,TX,ASW,CE,Federal Contract Tower,10,6,9,0,25,0,0,20,1,21,10,6,29,1,46,2,0,2,48
09/07/2020,MFE,TX,ASW,CE,Federal Contract Tower,9,15,10,4,38,0,0,53,0,53,9,15,63,4,91,8,0,8,99
09/08/2020,MFE,TX,ASW,CE,Federal Contract Tower,11,11,35,34,91,0,0,37,0,37,11,11,72,34,128,0,0,0,128
09/09/2020,MFE,TX,ASW,CE,Federal Contract Tower,16,7,33,54,110,0,0,54,3,57,16,7,87,57,167,14,0,14,181
09/10/2020,MFE,TX,ASW,CE,Federal Contract Tower,14,13,33,39,99,0,0,32,2,34,14,13,65,41,133,34,0,34,167
09/11/2020,MFE,TX,ASW,CE,Federal Contract Tower,11,13,29,16,69,0,0,26,2,28,11,13,55,18,97,26,0,26,123
09/12/2020,MFE,TX,ASW,CE,Federal Contract Tower,9,10,7,15,41,0,0,57,0,57,9,10,64,15,98,34,0,34,132
09/13/2020,MFE,TX,ASW,CE,Federal Contract Tower,8,17,8,21,54,0,0,28,0,28,8,17,36,21,82,24,0,24,106
09/14/2020,MFE,TX,ASW,CE,Federal Contract Tower,13,11,21,2,47,0,0,40,4,44,13,11,61,6,91,98,0,98,189
09/15/2020,MFE,TX,ASW,CE,Federal Contract Tower,8,11,21,6,46,0,0,38,0,38,8,11,59,6,84,24,0,24,108
09/16/2020,MFE,TX,ASW,CE,Federal Contract Tower,13,8,36,12,69,0,0,81,5,86,13,8,117,17,155,118,0,118,273
09/17/2020,MFE,TX,ASW,CE,Federal Contract Tower,15,9,20,24,68,0,0,30,2,32,15,9,50,26,100,42,0,42,142
09/18/2020,MFE,TX,ASW,CE,Federal Contract Tower,9,15,21,19,64,0,0,51,2,53,9,15,72,21,117,54,0,54,171
09/19/2020,MFE,TX,ASW,CE,Federal Contract Tower,10,7,9,2,28,0,0,44,5,49,10,7,53,7,77,26,0,26,103
09/20/2020,MFE,TX,ASW,CE,Federal Contract Tower,11,12,15,3,41,0,0,22,1,23,11,12,37,4,64,0,0,0,64
09/21/2020,MFE,TX,ASW,CE,Federal Contract Tower,13,10,27,18,68,0,0,42,0,42,13,10,69,18,110,62,0,62,172
09/22/2020,MFE,TX,ASW,CE,Federal Contract Tower,8,13,27,101,149,0,0,63,3,66,8,13,90,104,215,94,0,94,309
09/23/2020,MFE,TX,ASW,CE,Federal Contract Tower,13,10,24,51,98,0,0,75,4,79,13,10,99,55,177,78,0,78,255
09/24/2020,MFE,TX,ASW,CE,Federal Contract Tower,17,6,33,74,130,0,0,81,5,86,17,6,114,79,216,60,2,62,278
09/25/2020,MFE,TX,ASW,CE,Federal Contract Tower,11,17,24,16,68,0,0,73,2,75,11,17,97,18,143,90,0,90,233
09/26/2020,MFE,TX,ASW,CE,Federal Contract Tower,12,8,30,22,72,0,0,63,4,67,12,8,93,26,139,4,0,4,143
09/27/2020,MFE,TX,ASW,CE,Federal Contract Tower,12,6,14,32,64,0,0,48,1,49,12,6,62,33,113,0,10,10,123
09/28/2020,MFE,TX,ASW,CE,Federal Contract Tower,12,9,26,56,103,0,0,43,2,45,12,9,69,58,148,40,0,40,188
09/29/2020,MFE,TX,ASW,CE,Federal Contract Tower,10,9,17,56,92,0,0,72,5,77,10,9,89,61,169,76,16,92,261
09/30/2020,MFE,TX,ASW,CE,Federal Contract Tower,16,6,33,30,85,0,0,88,4,92,16,6,121,34,177,32,0,32,209
10/01/2020,MFE,TX,ASW,CE,Federal Contract Tower,14,8,28,14,64,0,0,93,7,100,14,8,121,21,164,24,14,38,202
10/02/2020,MFE,TX,ASW,CE,Federal Contract Tower,15,14,21,10,60,0,0,77,4,81,15,14,98,14,141,46,0,46,187
10/03/2020,MFE,TX,ASW,CE,Federal Contract Tower,12,8,19,2,41,0,0,65,2,67,12,8,84,4,108,30,0,30,138
10/04/2020,MFE,TX,ASW,CE,Federal Contract Tower,19,2,14,5,40,0,0,47,0,47,19,2,61,5,87,4,0,4,91
10/05/2020,MFE,TX,ASW,CE,Federal Contract Tower,20,5,26,31,82,0,0,69,0,69,20,5,95,31,151,58,0,58,209
10/06/2020,MFE,TX,ASW,CE,Federal Contract Tower,9,5,16,33,63,0,0,102,9,111,9,5,118,42,174,54,4,58,232
10/07/2020,MFE,TX,ASW,CE,Federal Contract Tower,17,14,23,34,88,0,0,78,5,83,17,14,101,39,171,74,0,74,245
10/08/2020,MFE,TX,ASW,CE,Federal Contract Tower,16,9,47,38,110,0,0,62,13,75,16,9,109,51,185,30,18,48,233
10/09/2020,MFE,TX,ASW,CE,Federal Contract Tower,18,9,22,47,96,0,0,87,4,91,18,9,109,51,187,106,0,106,293
10/10/2020,MFE,TX,ASW,CE,Federal Contract Tower,19,5,12,19,55,0,0,49,2,51,19,5,61,21,106,0,0,0,106
10/11/2020,MFE,TX,ASW,CE,Federal Contract Tower,18,6,21,8,53,0,0,35,0,35,18,6,56,8,88,30,0,30,118
10/12/2020,MFE,TX,ASW,CE,Federal Contract Tower,15,14,25,16,70,0,0,38,0,38,15,14,63,16,108,6,0,6,114
10/13/2020,MFE,TX,ASW,CE,Federal Contract Tower,15,10,21,30,76,0,0,41,2,43,15,10,62,32,119,42,0,42,161
10/14/2020,MFE,TX,ASW,CE,Federal Contract Tower,15,16,35,27,93,0,0,60,9,69,15,16,95,36,162,66,0,66,228
10/15/2020,MFE,TX,ASW,CE,Federal Contract Tower,19,15,36,46,116,0,0,102,6,108,19,15,138,52,224,62,14,76,300
10/16/2020,MFE,TX,ASW,CE,Federal Contract Tower,15,17,48,19,99,0,0,0,0,0,15,17,48,19,99,0,0,0,99
10/17/2020,MFE,TX,ASW,CE,Federal Contract Tower,13,10,19,14,56,0,0,19,0,19,13,10,38,14,75,0,0,0,75
10/18/2020,MFE,TX,ASW,CE,Federal Contract Tower,16,9,11,2,38,0,0,45,0,45,16,9,56,2,83,0,0,0,83
10/19/2020,MFE,TX,ASW,CE,Federal Contract Tower,12,17,33,30,92,0,0,44,1,45,12,17,77,31,137,14,14,28,165
10/20/2020,MFE,TX,ASW,CE,Federal Contract Tower,11,7,40,36,94,0,0,60,6,66,11,7,100,42,160,36,6,42,202
10/21/2020,MFE,TX,ASW,CE,Federal Contract Tower,14,18,32,41,105,0,0,82,1,83,14,18,114,42,188,38,10,48,236
10/22/2020,MFE,TX,ASW,CE,Federal Contract Tower,18,6,35,37,96,0,0,78,5,83,18,6,113,42,179,80,0,80,259
10/23/2020,MFE,TX,ASW,CE,Federal Contract Tower,14,16,23,32,85,0,0,72,0,72,14,16,95,32,157,50,0,50,207
10/24/2020,MFE,TX,ASW,CE,Federal Contract Tower,14,5,31,14,64,0,0,46,0,46,14,5,77,14,110,58,0,58,168
10/25/2020,MFE,TX,ASW,CE,Federal Contract Tower,14,8,16,15,53,0,0,34,15,49,14,8,50,30,102,34,0,34,136
10/26/2020,MFE,TX,ASW,CE,Federal Contract Tower,12,9,30,2,53,0,0,67,3,70,12,9,97,5,123,48,0,48,171
10/27/2020,MFE,TX,ASW,CE,Federal Contract Tower,20,6,30,66,122,0,0,37,2,39,20,6,67,68,161,54,8,62,223
10/28/2020,MFE,TX,ASW,CE,Federal Contract Tower,17,12,34,51,114,0,0,62,0,62,17,12,96,51,176,60,0,60,236
10/29/2020,MFE,TX,ASW,CE,Federal Contract Tower,18,11,29,19,77,0,0,82,0,82,18,11,111,19,159,46,0,46,205
10/30/2020,MFE,TX,ASW,CE,Federal Contract Tower,19,20,39,23,101,0,0,93,4,97,19,20,132,27,198,78,0,78,276
10/31/2020,MFE,TX,ASW,CE,Federal Contract Tower,11,1,15,4,31,0,0,63,5,68,11,1,78,9,99,26,0,26,125
11/01/2020,MFE,TX,ASW,CE,Federal Contract Tower,16,5,15,6,42,0,0,43,9,52,16,5,58,15,94,16,0,16,110
11/02/2020,MFE,TX,ASW,CE,Federal Contract Tower,18,8,15,46,87,0,0,78,2,80,18,8,93,48,167,58,0,58,225
11/03/2020,MFE,TX,ASW,CE,Federal Contract Tower,15,15,17,24,71,0,0,62,0,62,15,15,79,24,133,82,0,82,215
11/04/2020,MFE,TX,ASW,CE,Federal Contract Tower,15,14,33,40,102,0,0,89,0,89,15,14,122,40,191,88,0,88,279
11/05/2020,MFE,TX,ASW,CE,Federal Contract Tower,20,15,28,18,81,0,0,65,0,65,20,15,93,18,146,50,0,50,196
11/06/2020,MFE,TX,ASW,CE,Federal Contract Tower,19,6,34,24,83,0,0,81,6,87,19,6,115,30,170,82,0,82,252
11/07/2020,MFE,TX,ASW,CE,Federal Contract Tower,11,9,17,10,47,0,0,58,6,64,11,9,75,16,111,106,0,106,217
11/08/2020,MFE,TX,ASW,CE,Federal Contract Tower,16,11,21,18,66,0,0,32,6,38,16,11,53,24,104,52,0,52,156
11/09/2020,MFE,TX,ASW,CE,Federal Contract Tower,20,9,24,29,82,0,0,75,10,85,20,9,99,39,167,100,0,100,267
11/10/2020,MFE,TX,ASW,CE,Federal Contract Tower,17,8,21,43,89,0,0,77,0,77,17,8,98,43,166,116,0,116,282
11/11/2020,MFE,TX,ASW,CE,Federal Contract Tower,18,12,26,6,62,0,0,67,0,67,18,12,93,6,129,40,0,40,169
11/12/2020,MFE,TX,ASW,CE,Federal Contract Tower,18,10,34,10,72,0,0,53,0,53,18,10,87,10,125,64,10,74,199
11/13/2020,MFE,TX,ASW,CE,Federal Contract Tower,20,10,39,18,87,0,0,72,6,78,20,10,111,24,165,50,0,50,215
11/14/2020,MFE,TX,ASW,CE,Federal Contract Tower,14,7,14,6,41,0,0,61,6,67,14,7,75,12,108,50,0,50,158
11/15/2020,MFE,TX,ASW,CE,Federal Contract Tower,19,13,22,7,61,0,0,37,5,42,19,13,59,12,103,28,0,28,131
11/16/2020,MFE,TX,ASW,CE,Federal Contract Tower,24,9,33,22,88,0,0,82,6,88,24,9,115,28,176,66,0,66,242
11/17/2020,MFE,TX,ASW,CE,Federal Contract Tower,13,13,31,30,87,0,0,79,0,79,13,13,110,30,166,68,12,80,246
11/18/2020,MFE,TX,ASW,CE,Federal Contract Tower,15,12,36,20,83,0,0,87,2,89,15,12,123,22,172,66,6,72,244
11/19/2020,MFE,TX,ASW,CE,Federal Contract Tower,21,17,41,17,96,0,0,95,0,95,21,17,136,17,191,28,0,28,219
11/20/2020,MFE,TX,ASW,CE,Federal Contract Tower,19,11,22,25,77,0,0,85,7,92,19,11,107,32,169,122,0,122,291
11/21/2020,MFE,TX,ASW,CE,Federal Contract Tower,16,6,21,22,65,0,0,60,6,66,16,6,81,28,131,74,0,74,205
11/22/2020,MFE,TX,ASW,CE,Federal Contract Tower,23,7,27,11,68,0,1,66,6,73,23,8,93,17,141,48,0,48,189
11/23/2020,MFE,TX,ASW,CE,Federal Contract Tower,19,16,46,34,115,0,0,67,8,75,19,16,113,42,190,54,0,54,244
11/24/2020,MFE,TX,ASW,CE,Federal Contract Tower,19,7,32,46,104,0,0,63,2,65,19,7,95,48,169,24,0,24,193
11/25/2020,MFE,TX,ASW,CE,Federal Contract Tower,20,7,35,27,89,0,0,102,0,102,20,7,137,27,191,48,0,48,239
11/26/2020,MFE,TX,ASW,CE,Federal Contract Tower,8,2,11,0,21,0,0,40,0,40,8,2,51,0,61,0,0,0,61
11/27/2020,MFE,TX,ASW,CE,Federal Contract Tower,14,4,16,20,54,0,0,57,3,60,14,4,73,23,114,26,0,26,140
11/28/2020,MFE,TX,ASW,CE,Federal Contract Tower,14,11,11,0,36,0,0,33,4,37,14,11,44,4,73,50,0,50,123
11/29/2020,MFE,TX,ASW,CE,Federal Contract Tower,22,9,30,10,71,0,0,41,2,43,22,9,71,12,114,44,0,44,158
11/30/2020,MFE,TX,ASW,CE,Federal Contract Tower,21,9,31,46,107,0,0,87,10,97,21,9,118,56,204,46,0,46,250
12/01/2020,MFE,TX,ASW,CE,Federal Contract Tower,15,4,26,45,90,0,0,74,0,74,15,4,100,45,164,26,0,26,190
12/02/2020,MFE,TX,ASW,CE,Federal Contract Tower,14,11,28,42,95,0,0,80,4,84,14,11,108,46,179,74,0,74,253
12/03/2020,MFE,TX,ASW,CE,Federal Contract Tower,21,7,33,39,100,0,0,92,4,96,21,7,125,43,196,56,0,56,252
12/04/2020,MFE,TX,ASW,CE,Federal Contract Tower,16,12,30,14,72,0,0,70,4,74,16,12,100,18,146,116,0,116,262
12/05/2020,MFE,TX,ASW,CE,Federal Contract Tower,15,3,10,6,34,0,0,20,0,20,15,3,30,6,54,10,0,10,64
12/06/2020,MFE,TX,ASW,CE,Federal Contract Tower,24,8,18,8,58,0,0,53,4,57,24,8,71,12,115,38,0,38,153
12/07/2020,MFE,TX,ASW,CE,Federal Contract Tower,23,15,23,30,91,0,0,62,8,70,23,15,85,38,161,44,0,44,205
12/08/2020,MFE,TX,ASW,CE,Federal Contract Tower,12,12,18,24,66,0,0,80,4,84,12,12,98,28,150,88,0,88,238
12/09/2020,MFE,TX,ASW,CE,Federal Contract Tower,18,6,28,22,74,0,1,102,6,109,18,7,130,28,183,34,0,34,217
12/10/2020,MFE,TX,ASW,CE,Federal Contract Tower,22,8,18,20,68,0,0,103,7,110,22,8,121,27,178,76,0,76,254
12/11/2020,MFE,TX,ASW,CE,Federal Contract Tower,21,6,31,14,72,0,0,65,4,69,21,6,96,18,141,92,0,92,233
12/12/2020,MFE,TX,ASW,CE,Federal Contract Tower,15,7,12,16,50,0,0,37,2,39,15,7,49,18,89,28,0,28,117
12/13/2020,MFE,TX,ASW,CE,Federal Contract Tower,23,7,10,30,70,0,0,47,6,53,23,7,57,36,123,38,0,38,161
12/14/2020,MFE,TX,ASW,CE,Federal Contract Tower,22,8,32,42,104,0,0,86,4,90,22,8,118,46,194,44,0,44,238
12/15/2020,MFE,TX,ASW,CE,Federal Contract Tower,15,13,27,50,105,0,0,75,1,76,15,13,102,51,181,72,0,72,253
12/16/2020,MFE,TX,ASW,CE,Federal Contract Tower,16,15,43,21,95,0,0,74,3,77,16,15,117,24,172,92,4,96,268
12/17/2020,MFE,TX,ASW,CE,Federal Contract Tower,20,14,35,28,97,0,0,82,5,87,20,14,117,33,184,152,0,152,336
12/18/2020,MFE,TX,ASW,CE,Federal Contract Tower,21,10,35,6,72,0,0,67,8,75,21,10,102,14,147,94,0,94,241
12/19/2020,MFE,TX,ASW,CE,Federal Contract Tower,21,4,20,6,51,0,0,79,5,84,21,4,99,11,135,40,0,40,175
12/20/2020,MFE,TX,ASW,CE,Federal Contract Tower,22,8,24,1,55,0,0,70,4,74,22,8,94,5,129,26,0,26,155
12/21/2020,MFE,TX,ASW,CE,Federal Contract Tower,23,9,25,12,69,0,0,77,6,83,23,9,102,18,152,36,0,36,188
12/22/2020,MFE,TX,ASW,CE,Federal Contract Tower,26,6,42,14,88,0,0,75,0,75,26,6,117,14,163,64,0,64,227
12/23/2020,MFE,TX,ASW,CE,Federal Contract Tower,25,5,34,0,64,0,0,51,0,51,25,5,85,0,115,10,0,10,125
12/24/2020,MFE,TX,ASW,CE,Federal Contract Tower,23,2,10,0,35,0,0,31,6,37,23,2,41,6,72,0,4,4,76
12/25/2020,MFE,TX,ASW,CE,Federal Contract Tower,13,5,15,0,33,0,0,24,7,31,13,5,39,7,64,6,0,6,70
12/26/2020,MFE,TX,ASW,CE,Federal Contract Tower,18,7,19,4,48,0,0,73,4,77,18,7,92,8,125,50,0,50,175
12/27/2020,MFE,TX,ASW,CE,Federal Contract Tower,18,7,19,0,44,0,0,59,8,67,18,7,78,8,111,40,0,40,151
12/28/2020,MFE,TX,ASW,CE,Federal Contract Tower,21,11,33,4,69,0,0,60,12,72,21,11,93,16,141,26,0,26,167
12/29/2020,MFE,TX,ASW,CE,Federal Contract Tower,19,8,37,4,68,0,0,64,1,65,19,8,101,5,133,16,0,16,149
12/30/2020,MFE,TX,ASW,CE,Federal Contract Tower,22,8,23,11,64,0,0,40,0,40,22,8,63,11,104,6,0,6,110
12/31/2020,MFE,TX,ASW,CE,Federal Contract Tower,13,11,14,0,38,0,0,25,7,32,13,11,39,7,70,16,0,16,86
01/01/2021,MFE,TX,ASW,CE,Federal Contract Tower,12,9,9,0,30,0,0,45,4,49,12,9,54,4,79,26,0,26,105
01/02/2021,MFE,TX,ASW,CE,Federal Contract Tower,18,10,18,0,46,0,0,60,4,64,18,10,78,4,110,46,0,46,156
01/03/2021,MFE,TX,ASW,CE,Federal Contract Tower,20,7,14,0,41,0,0,41,4,45,20,7,55,4,86,0,0,0,86
01/04/2021,MFE,TX,ASW,CE,Federal Contract Tower,21,13,28,0,62,0,0,68,4,72,21,13,96,4,134,44,0,44,178
01/05/2021,MFE,TX,ASW,CE,Federal Contract Tower,14,16,41,4,75,0,1,57,0,58,14,17,98,4,133,38,0,38,171
01/06/2021,MFE,TX,ASW,CE,Federal Contract Tower,18,13,17,53,101,0,0,75,0,75,18,13,92,53,176,44,0,44,220
01/07/2021,MFE,TX,ASW,CE,Federal Contract Tower,14,12,26,26,78,0,0,83,6,89,14,12,109,32,167,92,0,92,259
01/08/2021,MFE,TX,ASW,CE,Federal Contract Tower,18,10,17,38,83,0,0,85,6,91,18,10,102,44,174,68,0,68,242
01/09/2021,MFE,TX,ASW,CE,Federal Contract Tower,11,6,19,0,36,0,3,26,2,31,11,9,45,2,67,0,0,0,67
01/10/2021,MFE,TX,ASW,CE,Federal Contract Tower,17,5,15,3,40,0,0,8,0,8,17,5,23,3,48,0,0,0,48
01/11/2021,MFE,TX,ASW,CE,Federal Contract Tower,40,17,25,24,106,0,0,56,18,74,40,17,81,42,180,40,0,40,220
01/12/2021,MFE,TX,ASW,CE,Federal Contract Tower,18,10,16,6,50,0,0,26,8,34,18,10,42,14,84,0,0,0,84
01/13/2021,MFE,TX,ASW,CE,Federal Contract Tower,19,5,27,13,64,0,0,76,0,76,19,5,103,13,140,62,0,62,202
01/14/2021,MFE,TX,ASW,CE,Federal Contract Tower,17,17,29,38,101,0,0,95,6,101,17,17,124,44,202,74,0,74,276
01/15/2021,MFE,TX,ASW,CE,Federal Contract Tower,19,11,34,10,74,0,0,74,6,80,19,11,108,16,154,68,0,68,222
01/16/2021,MFE,TX,ASW,CE,Federal Contract Tower,9,13,15,16,53,0,0,71,6,77,9,13,86,22,130,30,0,30,160
01/17/2021,MFE,TX,ASW,CE,Federal Contract Tower,16,8,14,0,38,0,0,45,5,50,16,8,59,5,88,38,0,38,126
01/18/2021,MFE,TX,ASW,CE,Federal Contract Tower,20,9,24,6,59,0,0,67,4,71,20,9,91,10,130,80,0,80,210
01/19/2021,MFE,TX,ASW,CE,Federal Contract Tower,13,12,28,26,79,0,0,51,0,51,13,12,79,26,130,46,0,46,176
01/20/2021,MFE,TX,ASW,CE,Federal Contract Tower,15,14,31,22,82,0,0,0,0,0,15,14,31,22,82,0,0,0,82
01/21/2021,MFE,TX,ASW,CE,Federal Contract Tower,24,3,47,20,94,0,0,1,0,1,24,3,48,20,95,0,0,0,95
01/22/2021,MFE,TX,ASW,CE,Federal Contract Tower,21,9,57,23,110,0,0,77,4,81,21,9,134,27,191,48,0,48,239
01/23/2021,MFE,TX,ASW,CE,Federal Contract Tower,11,7,52,4,74,0,0,22,0,22,11,7,74,4,96,26,0,26,122
01/24/2021,MFE,TX,ASW,CE,Federal Contract Tower,18,13,40,26,97,0,0,63,4,67,18,13,103,30,164,6,0,6,170
01/25/2021,MFE,TX,ASW,CE,Federal Contract Tower,17,14,83,29,143,0,0,132,10,142,17,14,215,39,285,52,0,52,337
01/26/2021,MFE,TX,ASW,CE,Federal Contract Tower,17,13,49,64,143,0,0,96,1,97,17,13,145,65,240,122,26,148,388
01/27/2021,MFE,TX,ASW,CE,Federal Contract Tower,15,10,39,48,112,0,0,84,1,85,15,10,123,49,197,38,0,38,235
01/28/2021,MFE,TX,ASW,CE,Federal Contract Tower,20,10,39,72,141,0,0,88,9,97,20,10,127,81,238,66,0,66,304
01/29/2021,MFE,TX,ASW,CE,Federal Contract Tower,17,8,46,40,111,0,0,82,8,90,17,8,128,48,201,32,0,32,233
01/30/2021,MFE,TX,ASW,CE,Federal Contract Tower,12,10,33,28,83,0,0,55,2,57,12,10,88,30,140,34,0,34,174
01/31/2021,MFE,TX,ASW,CE,Federal Contract Tower,15,9,38,7,69,0,0,59,9,68,15,9,97,16,137,22,0,22,159
02/01/2021,MFE,TX,ASW,CE,Federal Contract Tower,15,16,32,52,115,0,0,67,6,73,15,16,99,58,188,34,0,34,222
02/02/2021,MFE,TX,ASW,CE,Federal Contract Tower,17,9,36,34,96,0,0,83,4,87,17,9,119,38,183,70,0,70,253
02/03/2021,MFE,TX,ASW,CE,Federal Contract Tower,15,12,42,29,98,0,0,83,0,83,15,12,125,29,181,34,0,34,215
02/04/2021,MFE,TX,ASW,CE,Federal Contract Tower,19,12,42,28,101,0,0,90,6,96,19,12,132,34,197,46,0,46,243
02/05/2021,MFE,TX,ASW,CE,Federal Contract Tower,22,7,42,42,113,0,0,33,3,36,22,7,75,45,149,42,0,42,191
02/06/2021,MFE,TX,ASW,CE,Federal Contract Tower,9,9,15,8,41,0,0,32,2,34,9,9,47,10,75,14,0,14,89
02/07/2021,MFE,TX,ASW,CE,Federal Contract Tower,17,7,15,12,51,0,0,64,4,68,17,7,79,16,119,14,0,14,133
02/08/2021,MFE,TX,ASW,CE,Federal Contract Tower,14,16,29,6,65,0,0,65,8,73,14,16,94,14,138,60,0,60,198
02/09/2021,MFE,TX,ASW,CE,Federal Contract Tower,11,12,52,47,122,0,0,62,1,63,11,12,114,48,185,70,0,70,255
02/10/2021,MFE,TX,ASW,CE,Federal Contract Tower,19,14,41,39,113,0,0,68,7,75,19,14,109,46,188,42,10,52,240
02/11/2021,MFE,TX,ASW,CE,Federal Contract Tower,15,13,38,2,68,0,0,0,0,0,15,13,38,2,68,0,0,0,68
02/12/2021,MFE,TX,ASW,CE,Federal Contract Tower,21,18,39,14,92,0,0,0,0,0,21,18,39,14,92,0,0,0,92
02/13/2021,MFE,TX,ASW,CE,Federal Contract Tower,15,8,18,6,47,0,0,1,0,1,15,8,19,6,48,0,0,0,48
02/14/2021,MFE,TX,ASW,CE,Federal Contract Tower,5,5,34,0,44,0,0,0,0,0,5,5,34,0,44,0,0,0,44
02/15/2021,MFE,TX,ASW,CE,Federal Contract Tower,2,9,34,0,45,0,0,17,2,19,2,9,51,2,64,6,0,6,70
02/16/2021,MFE,TX,ASW,CE,Federal Contract Tower,0,4,39,0,43,0,0,20,0,20,0,4,59,0,63,4,0,4,67
02/17/2021,MFE,TX,ASW,CE,Federal Contract Tower,6,0,27,0,33,0,0,54,0,54,6,0,81,0,87,20,0,20,107
02/18/2021,MFE,TX,ASW,CE,Federal Contract Tower,11,6,43,2,62,0,0,13,0,13,11,6,56,2,75,0,0,0,75
02/19/2021,MFE,TX,ASW,CE,Federal Contract Tower,15,22,56,6,99,0,0,85,6,91,15,22,141,12,190,60,6,66,256
02/20/2021,MFE,TX,ASW,CE,Federal Contract Tower,12,15,30,21,78,0,0,73,5,78,12,15,103,26,156,24,0,24,180
02/21/2021,MFE,TX,ASW,CE,Federal Contract Tower,12,18,32,25,87,0,0,54,13,67,12,18,86,38,154,26,0,26,180
02/22/2021,MFE,TX,ASW,CE,Federal Contract Tower,17,21,43,31,112,0,0,80,3,83,17,21,123,34,195,64,0,64,259
02/23/2021,MFE,TX,ASW,CE,Federal Contract Tower,18,15,42,20,95,0,0,83,0,83,18,15,125,20,178,36,0,36,214
02/24/2021,MFE,TX,ASW,CE,Federal Contract Tower,18,15,56,22,111,0,0,98,0,98,18,15,154,22,209,46,0,46,255
02/25/2021,MFE,TX,ASW,CE,Federal Contract Tower,15,16,59,44,134,0,0,89,8,97,15,16,148,52,231,26,0,26,257
02/26/2021,MFE,TX,ASW,CE,Federal Contract Tower,21,14,48,48,131,0,0,69,4,73,21,14,117,52,204,62,0,62,266
02/27/2021,MFE,TX,ASW,CE,Federal Contract Tower,17,7,27,34,85,0,0,53,4,57,17,7,80,38,142,40,12,52,194
02/28/2021,MFE,TX,ASW,CE,Federal Contract Tower,15,20,22,0,57,0,0,37,5,42,15,20,59,5,99,20,0,20,119
03/01/2021,MFE,TX,ASW,CE,Federal Contract Tower,21,13,44,58,136,0,0,24,4,28,21,13,68,62,164,8,0,8,172
03/02/2021,MFE,TX,ASW,CE,Federal Contract Tower,14,15,50,23,102,0,0,115,3,118,14,15,165,26,220,86,2,88,308
03/03/2021,MFE,TX,ASW,CE,Federal Contract Tower,24,17,36,11,88,0,1,125,5,131,24,18,161,16,219,50,0,50,269
03/04/2021,MFE,TX,ASW,CE,Federal Contract Tower,25,27,62,4,118,0,0,99,14,113,25,27,161,18,231,34,0,34,265
03/05/2021,MFE,TX,ASW,CE,Federal Contract Tower,22,19,51,1,93,0,0,83,7,90,22,19,134,8,183,94,0,94,277
03/06/2021,MFE,TX,ASW,CE,Federal Contract Tower,16,11,18,4,49,0,0,70,6,76,16,11,88,10,125,24,0,24,149
03/07/2021,MFE,TX,ASW,CE,Federal Contract Tower,22,8,16,4,50,0,0,44,4,48,22,8,60,8,98,10,0,10,108
03/08/2021,MFE,TX,ASW,CE,Federal Contract Tower,27,15,34,27,103,0,0,74,8,82,27,15,108,35,185,60,10,70,255
03/09/2021,MFE,TX,ASW,CE,Federal Contract Tower,24,14,49,33,120,0,0,55,4,59,24,14,104,37,179,34,0,34,213
03/10/2021,MFE,TX,ASW,CE,Federal Contract Tower,23,13,42,10,88,0,0,71,0,71,23,13,113,10,159,0,0,0,159
03/11/2021,MFE,TX,ASW,CE,Federal Contract Tower,25,16,57,28,126,0,0,72,2,74,25,16,129,30,200,0,0,0,200
03/12/2021,MFE,TX,ASW,CE,Federal Contract Tower,23,15,58,6,102,0,1,56,4,61,23,16,114,10,163,30,0,30,193
03/13/2021,MFE,TX,ASW,CE,Federal Contract Tower,15,13,32,4,64,0,0,63,4,67,15,13,95,8,131,26,0,26,157
03/14/2021,MFE,TX,ASW,CE,Federal Contract Tower,18,12,36,18,84,0,0,65,6,71,18,12,101,24,155,46,0,46,201
03/15/2021,MFE,TX,ASW,CE,Federal Contract Tower,22,21,38,18,99,0,0,63,4,67,22,21,101,22,166,8,0,8,174
03/16/2021,MFE,TX,ASW,CE,Federal Contract Tower,14,11,49,21,95,0,0,50,0,50,14,11,99,21,145,30,0,30,175
03/17/2021,MFE,TX,ASW,CE,Federal Contract Tower,29,11,51,31,122,0,0,67,1,68,29,11,118,32,190,52,8,60,250
03/18/2021,MFE,TX,ASW,CE,Federal Contract Tower,25,9,39,12,85,0,0,103,6,109,25,9,142,18,194,54,0,54,248
03/19/2021,MFE,TX,ASW,CE,Federal Contract Tower,25,16,43,0,84,0,0,115,6,121,25,16,158,6,205,48,0,48,253
03/20/2021,MFE,TX,ASW,CE,Federal Contract Tower,14,12,28,18,72,0,0,89,6,95,14,12,117,24,167,82,0,82,249
03/21/2021,MFE,TX,ASW,CE,Federal Contract Tower,21,12,31,9,73,0,0,82,8,90,21,12,113,17,163,14,0,14,177
03/22/2021,MFE,TX,ASW,CE,Federal Contract Tower,18,10,21,44,93,0,0,62,7,69,18,10,83,51,162,12,0,12,174
03/23/2021,MFE,TX,ASW,CE,Federal Contract Tower,18,12,78,30,138,0,0,78,1,79,18,12,156,31,217,42,0,42,259
03/24/2021,MFE,TX,ASW,CE,Federal Contract Tower,23,16,47,23,109,0,0,89,3,92,23,16,136,26,201,92,0,92,293
03/25/2021,MFE,TX,ASW,CE,Federal Contract Tower,23,16,59,30,128,0,0,120,12,132,23,16,179,42,260,68,14,82,342
03/26/2021,MFE,TX,ASW,CE,Federal Contract Tower,25,17,48,18,108,0,0,118,8,126,25,17,166,26,234,118,0,118,352
03/27/2021,MFE,TX,ASW,CE,Federal Contract Tower,19,14,42,18,93,0,0,72,6,78,19,14,114,24,171,14,0,14,185
03/28/2021,MFE,TX,ASW,CE,Federal Contract Tower,20,14,27,10,71,0,0,25,4,29,20,14,52,14,100,0,0,0,100
03/29/2021,MFE,TX,ASW,CE,Federal Contract Tower,27,17,51,19,114,0,0,132,9,141,27,17,183,28,255,106,0,106,361
03/30/2021,MFE,TX,ASW,CE,Federal Contract Tower,23,12,70,38,143,0,0,102,2,104,23,12,172,40,247,40,0,40,287
03/31/2021,MFE,TX,ASW,CE,Federal Contract Tower,24,13,58,18,113,0,0,92,1,93,24,13,150,19,206,94,0,94,300
04/01/2021,MFE,TX,ASW,CE,Federal Contract Tower,21,15,48,34,118,0,0,90,6,96,21,15,138,40,214,88,0,88,302
04/02/2021,MFE,TX,ASW,CE,Federal Contract Tower,25,17,22,14,78,0,0,127,6,133,25,17,149,20,211,144,0,144,355
04/03/2021,MFE,TX,ASW,CE,Federal Contract Tower,20,8,21,8,57,0,0,55,6,61,20,8,76,14,118,76,0,76,194
04/04/2021,MFE,TX,ASW,CE,Federal Contract Tower,26,12,32,1,71,0,0,56,5,61,26,12,88,6,132,2,0,2,134
04/05/2021,MFE,TX,ASW,CE,Federal Contract Tower,26,12,50,37,125,0,0,91,6,97,26,12,141,43,222,56,0,56,278
04/06/2021,MFE,TX,ASW,CE,Federal Contract Tower,20,11,44,29,104,0,0,83,4,87,20,11,127,33,191,0,58,58,249
04/07/2021,MFE,TX,ASW,CE,Federal Contract Tower,25,10,70,38,143,0,0,105,0,105,25,10,175,38,248,60,0,60,308
04/08/2021,MFE,TX,ASW,CE,Federal Contract Tower,37,10,46,27,120,0,2,115,8,125,37,12,161,35,245,106,0,106,351
04/09/2021,MFE,TX,ASW,CE,Federal Contract Tower,23,14,41,30,108,0,0,107,4,111,23,14,148,34,219,14,0,14,233
04/10/2021,MFE,TX,ASW,CE,Federal Contract Tower,16,10,18,10,54,0,0,59,4,63,16,10,77,14,117,30,0,30,147
04/11/2021,MFE,TX,ASW,CE,Federal Contract Tower,23,13,30,0,66,0,0,85,8,93,23,13,115,8,159,16,0,16,175
04/12/2021,MFE,TX,ASW,CE,Federal Contract Tower,27,15,63,23,128,0,0,82,7,89,27,15,145,30,217,76,0,76,293
04/13/2021,MFE,TX,ASW,CE,Federal Contract Tower,28,6,75,16,125,0,1,67,0,68,28,7,142,16,193,82,0,82,275
04/14/2021,MFE,TX,ASW,CE,Federal Contract Tower,26,14,87,17,144,0,0,72,0,72,26,14,159,17,216,58,0,58,274
04/15/2021,MFE,TX,ASW,CE,Federal Contract Tower,27,11,65,34,137,0,0,83,4,87,27,11,148,38,224,14,34,48,272
04/16/2021,MFE,TX,ASW,CE,Federal Contract Tower,19,15,49,44,127,0,0,63,8,71,19,15,112,52,198,36,0,36,234
04/17/2021,MFE,TX,ASW,CE,Federal Contract Tower,22,10,22,0,54,0,0,18,2,20,22,10,40,2,74,4,0,4,78
04/18/2021,MFE,TX,ASW,CE,Federal Contract Tower,25,17,24,4,70,0,0,92,6,98,25,17,116,10,168,58,0,58,226
04/19/2021,MFE,TX,ASW,CE,Federal Contract Tower,26,10,40,18,94,0,0,131,3,134,26,10,171,21,228,78,10,88,316
04/20/2021,MFE,TX,ASW,CE,Federal Contract Tower,19,7,41,47,114,0,0,141,1,142,19,7,182,48,256,86,0,86,342
04/21/2021,MFE,TX,ASW,CE,Federal Contract Tower,29,13,33,40,115,0,0,112,0,112,29,13,145,40,227,56,0,56,283
04/22/2021,MFE,TX,ASW,CE,Federal Contract Tower,33,17,65,18,133,0,0,90,2,92,33,17,155,20,225,84,0,84,309
04/23/2021,MFE,TX,ASW,CE,Federal Contract Tower,20,12,54,18,104,0,0,93,4,97,20,12,147,22,201,42,0,42,243
04/24/2021,MFE,TX,ASW,CE,Federal Contract Tower,21,11,25,24,81,0,0,93,6,99,21,11,118,30,180,122,12,134,314
04/25/2021,MFE,TX,ASW,CE,Federal Contract Tower,26,10,26,8,70,0,0,85,8,93,26,10,111,16,163,44,0,44,207
04/26/2021,MFE,TX,ASW,CE,Federal Contract Tower,28,20,29,48,125,0,1,78,5,84,28,21,107,53,209,74,0,74,283
04/27/2021,MFE,TX,ASW,CE,Federal Contract Tower,20,4,39,70,133,0,0,99,0,99,20,4,138,70,232,50,0,50,282
04/28/2021,MFE,TX,ASW,CE,Federal Contract Tower,25,14,40,26,105,0,0,66,0,66,25,14,106,26,171,0,0,0,171
04/29/2021,MFE,TX,ASW,CE,Federal Contract Tower,29,15,49,78,171,0,0,87,11,98,29,15,136,89,269,52,10,62,331
04/30/2021,MFE,TX,ASW,CE,Federal Contract Tower,24,14,26,14,78,0,0,64,3,67,24,14,90,17,145,92,0,92,237
05/01/2021,MFE,TX,ASW,CE,Federal Contract Tower,27,10,38,6,81,0,0,24,0,24,27,10,62,6,105,0,0,0,105
05/02/2021,MFE,TX,ASW,CE,Federal Contract Tower,20,17,8,5,50,0,0,62,4,66,20,17,70,9,116,6,0,6,122
05/03/2021,MFE,TX,ASW,CE,Federal Contract Tower,27,16,28,60,131,0,0,99,2,101,27,16,127,62,232,44,0,44,276
05/04/2021,MFE,TX,ASW,CE,Federal Contract Tower,20,10,45,45,120,0,0,88,3,91,20,10,133,48,211,82,0,82,293
05/05/2021,MFE,TX,ASW,CE,Federal Contract Tower,31,7,43,38,119,0,0,115,1,116,31,7,158,39,235,48,0,48,283
05/06/2021,MFE,TX,ASW,CE,Federal Contract Tower,29,11,50,48,138,0,0,84,4,88,29,11,134,52,226,94,0,94,320
05/07/2021,MFE,TX,ASW,CE,Federal Contract Tower,24,10,31,14,79,0,0,85,8,93,24,10,116,22,172,66,0,66,238
05/08/2021,MFE,TX,ASW,CE,Federal Contract Tower,25,11,21,0,57,0,0,46,7,53,25,11,67,7,110,48,0,48,158
05/09/2021,MFE,TX,ASW,CE,Federal Contract Tower,22,21,23,10,76,0,0,51,9,60,22,21,74,19,136,4,0,4,140
05/10/2021,MFE,TX,ASW,CE,Federal Contract Tower,18,12,36,28,94,0,0,89,4,93,18,12,125,32,187,50,0,50,237
05/11/2021,MFE,TX,ASW,CE,Federal Contract Tower,15,14,53,37,119,0,0,88,0,88,15,14,141,37,207,60,0,60,267
05/12/2021,MFE,TX,ASW,CE,Federal Contract Tower,24,14,33,30,101,0,0,23,0,23,24,14,56,30,124,8,0,8,132
05/13/2021,MFE,TX,ASW,CE,Federal Contract Tower,26,12,47,60,145,0,1,79,8,88,26,13,126,68,233,72,8,80,313
05/14/2021,MFE,TX,ASW,CE,Federal Contract Tower,32,11,58,4,105,0,0,90,6,96,32,11,148,10,201,80,8,88,289
05/15/2021,MFE,TX,ASW,CE,Federal Contract Tower,25,12,16,0,53,0,0,31,0,31,25,12,47,0,84,16,0,16,100
05/16/2021,MFE,TX,ASW,CE,Federal Contract Tower,28,13,29,14,84,0,0,36,7,43,28,13,65,21,127,2,0,2,129
05/17/2021,MFE,TX,ASW,CE,Federal Contract Tower,36,18,43,67,164,0,0,81,4,85,36,18,124,71,249,36,0,36,285
05/18/2021,MFE,TX,ASW,CE,Federal Contract Tower,25,10,44,30,109,0,0,74,1,75,25,10,118,31,184,44,0,44,228
05/19/2021,MFE,TX,ASW,CE,Federal Contract Tower,32,17,13,0,62,0,0,30,0,30,32,17,43,0,92,4,0,4,96
05/20/2021,MFE,TX,ASW,CE,Federal Contract Tower,30,13,50,36,129,0,0,84,7,91,30,13,134,43,220,114,0,114,334
05/21/2021,MFE,TX,ASW,CE,Federal Contract Tower,31,14,50,40,135,0,0,103,4,107,31,14,153,44,242,78,0,78,320
05/22/2021,MFE,TX,ASW,CE,Federal Contract Tower,21,18,33,16,88,0,0,51,3,54,21,18,84,19,142,28,0,28,170
05/23/2021,MFE,TX,ASW,CE,Federal Contract Tower,25,12,25,10,72,0,0,49,5,54,25,12,74,15,126,12,0,12,138
05/24/2021,MFE,TX,ASW,CE,Federal Contract Tower,26,11,33,9,79,0,0,75,4,79,26,11,108,13,158,28,0,28,186
05/25/2021,MFE,TX,ASW,CE,Federal Contract Tower,33,11,46,59,149,0,0,78,0,78,33,11,124,59,227,40,0,40,267
05/26/2021,MFE,TX,ASW,CE,Federal Contract Tower,25,16,43,33,117,0,0,89,2,91,25,16,132,35,208,38,0,38,246
05/27/2021,MFE,TX,ASW,CE,Federal Contract Tower,32,16,38,16,102,0,0,83,10,93,32,16,121,26,195,50,0,50,245
05/28/2021,MFE,TX,ASW,CE,Federal Contract Tower,25,20,27,6,78,0,0,73,8,81,25,20,100,14,159,56,0,56,215
05/29/2021,MFE,TX,ASW,CE,Federal Contract Tower,26,12,24,0,62,0,0,52,0,52,26,12,76,0,114,60,0,60,174
05/30/2021,MFE,TX,ASW,CE,Federal Contract Tower,31,13,22,0,66,0,0,50,6,56,31,13,72,6,122,16,0,16,138
05/31/2021,MFE,TX,ASW,CE,Federal Contract Tower,20,10,21,0,51,0,0,67,10,77,20,10,88,10,128,42,0,42,170
06/01/2021,MFE,TX,ASW,CE,Federal Contract Tower,32,15,26,4,77,0,0,32,0,32,32,15,58,4,109,30,0,30,139
06/02/2021,MFE,TX,ASW,CE,Federal Contract Tower,26,15,23,14,78,0,0,79,4,83,26,15,102,18,161,50,0,50,211
06/03/2021,MFE,TX,ASW,CE,Federal Contract Tower,37,11,44,0,92,0,0,57,2,59,37,11,101,2,151,8,0,8,159
06/04/2021,MFE,TX,ASW,CE,Federal Contract Tower,28,15,46,25,114,0,0,72,8,80,28,15,118,33,194,32,0,32,226
06/05/2021,MFE,TX,ASW,CE,Federal Contract Tower,28,12,17,8,65,0,0,71,7,78,28,12,88,15,143,72,0,72,215
06/06/2021,MFE,TX,ASW,CE,Federal Contract Tower,28,18,19,8,73,0,0,59,6,65,28,18,78,14,138,34,0,34,172
06/07/2021,MFE,TX,ASW,CE,Federal Contract Tower,22,18,37,44,121,0,0,74,9,83,22,18,111,53,204,8,0,8,212
06/08/2021,MFE,TX,ASW,CE,Federal Contract Tower,25,16,33,28,102,0,0,73,0,73,25,16,106,28,175,54,0,54,229
06/09/2021,MFE,TX,ASW,CE,Federal Contract Tower,30,11,22,11,74,0,0,77,1,78,30,11,99,12,152,42,0,42,194
06/10/2021,MFE,TX,ASW,CE,Federal Contract Tower,37,10,42,28,117,0,0,86,6,92,37,10,128,34,209,118,0,118,327
06/11/2021,MFE,TX,ASW,CE,Federal Contract Tower,26,15,38,18,97,0,0,94,6,100,26,15,132,24,197,64,0,64,261
06/12/2021,MFE,TX,ASW,CE,Federal Contract Tower,27,14,24,6,71,0,0,70,6,76,27,14,94,12,147,56,0,56,203
06/13/2021,MFE,TX,ASW,CE,Federal Contract Tower,32,12,14,0,58,0,0,54,6,60,32,12,68,6,118,22,0,22,140
06/14/2021,MFE,TX,ASW,CE,Federal Contract Tower,30,20,31,32,113,0,0,86,6,92,30,20,117,38,205,52,6,58,263
06/15/2021,MFE,TX,ASW,CE,Federal Contract Tower,28,12,32,52,124,0,0,96,5,101,28,12,128,57,225,52,8,60,285
06/16/2021,MFE,TX,ASW,CE,Federal Contract Tower,36,12,36,5,89,0,0,74,0,74,36,12,110,5,163,60,0,60,223
06/17/2021,MFE,TX,ASW,CE,Federal Contract Tower,38,13,51,12,114,0,0,89,7,96,38,13,140,19,210,44,0,44,254
06/18/2021,MFE,TX,ASW,CE,Federal Contract Tower,31,19,35,9,94,0,0,79,10,89,31,19,114,19,183,98,0,98,281
06/19/2021,MFE,TX,ASW,CE,Federal Contract Tower,28,11,16,2,57,0,0,65,12,77,28,11,81,14,134,40,0,40,174
06/20/2021,MFE,TX,ASW,CE,Federal Contract Tower,32,16,24,6,78,0,0,35,6,41,32,16,59,12,119,0,0,0,119
06/21/2021,MFE,TX,ASW,CE,Federal Contract Tower,19,23,36,38,116,0,0,73,6,79,19,23,109,44,195,42,0,42,237
06/22/2021,MFE,TX,ASW,CE,Federal Contract Tower,32,9,23,2,66,0,0,48,0,48,32,9,71,2,114,20,0,20,134
06/23/2021,MFE,TX,ASW,CE,Federal Contract Tower,33,11,34,2,80,0,0,97,0,97,33,11,131,2,177,50,0,50,227
06/24/2021,MFE,TX,ASW,CE,Federal Contract Tower,33,17,34,54,138,0,0,97,7,104,33,17,131,61,242,38,0,38,280
06/25/2021,MFE,TX,ASW,CE,Federal Contract Tower,23,28,49,16,116,0,2,101,7,110,23,30,150,23,226,100,2,102,328
06/26/2021,MFE,TX,ASW,CE,Federal Contract Tower,31,15,14,20,80,0,0,66,6,72,31,15,80,26,152,60,0,60,212
06/27/2021,MFE,TX,ASW,CE,Federal Contract Tower,33,17,19,20,89,0,0,53,8,61,33,17,72,28,150,52,0,52,202
06/28/2021,MFE,TX,ASW,CE,Federal Contract Tower,30,18,24,19,91,0,0,64,5,69,30,18,88,24,160,68,16,84,244
06/29/2021,MFE,TX,ASW,CE,Federal Contract Tower,28,19,22,16,85,0,0,85,0,85,28,19,107,16,170,48,0,48,218
06/30/2021,MFE,TX,ASW,CE,Federal Contract Tower,31,18,35,37,121,0,0,55,2,57,31,18,90,39,178,32,0,32,210
07/01/2021,MFE,TX,ASW,CE,Federal Contract Tower,39,10,21,11,81,0,0,72,8,80,39,10,93,19,161,36,0,36,197
07/02/2021,MFE,TX,ASW,CE,Federal Contract Tower,30,15,19,6,70,0,0,74,8,82,30,15,93,14,152,74,0,74,226
07/03/2021,MFE,TX,ASW,CE,Federal Contract Tower,30,15,17,4,66,0,0,44,6,50,30,15,61,10,116,50,0,50,166
07/04/2021,MFE,TX,ASW,CE,Federal Contract Tower,34,11,9,0,54,0,0,40,6,46,34,11,49,6,100,0,0,0,100
07/05/2021,MFE,TX,ASW,CE,Federal Contract Tower,36,11,25,0,72,0,0,51,4,55,36,11,76,4,127,6,0,6,133
07/06/2021,MFE,TX,ASW,CE,Federal Contract Tower,32,9,25,0,66,0,0,2,0,2,32,9,27,0,68,0,0,0,68
07/07/2021,MFE,TX,ASW,CE,Federal Contract Tower,29,12,20,10,71,0,0,21,0,21,29,12,41,10,92,0,0,0,92
07/08/2021,MFE,TX,ASW,CE,Federal Contract Tower,32,15,35,64,146,0,0,64,10,74,32,15,99,74,220,156,62,218,438
07/09/2021,MFE,TX,ASW,CE,Federal Contract Tower,24,16,27,13,80,0,0,45,2,47,24,16,72,15,127,78,0,78,205
07/10/2021,MFE,TX,ASW,CE,Federal Contract Tower,28,19,23,8,78,0,0,56,2,58,28,19,79,10,136,60,0,60,196
07/11/2021,MFE,TX,ASW,CE,Federal Contract Tower,28,13,19,2,62,0,0,32,8,40,28,13,51,10,102,4,0,4,106
07/12/2021,MFE,TX,ASW,CE,Federal Contract Tower,31,15,33,38,117,0,0,85,9,94,31,15,118,47,211,52,10,62,273
07/13/2021,MFE,TX,ASW,CE,Federal Contract Tower,37,10,32,6,85,0,0,64,0,64,37,10,96,6,149,32,26,58,207
07/14/2021,MFE,TX,ASW,CE,Federal Contract Tower,34,17,36,33,120,0,0,70,5,75,34,17,106,38,195,36,4,40,235
07/15/2021,MFE,TX,ASW,CE,Federal Contract Tower,32,10,25,36,103,0,0,87,4,91,32,10,112,40,194,56,0,56,250
07/16/2021,MFE,TX,ASW,CE,Federal Contract Tower,33,15,32,23,103,0,0,80,8,88,33,15,112,31,191,66,0,66,257
07/17/2021,MFE,TX,ASW,CE,Federal Contract Tower,30,19,18,4,71,0,0,71,6,77,30,19,89,10,148,102,0,102,250
07/18/2021,MFE,TX,ASW,CE,Federal Contract Tower,33,9,21,8,71,0,0,52,4,56,33,9,73,12,127,58,0,58,185
07/19/2021,MFE,TX,ASW,CE,Federal Contract Tower,29,13,26,53,121,0,1,91,8,100,29,14,117,61,221,116,4,120,341
07/20/2021,MFE,TX,ASW,CE,Federal Contract Tower,37,8,24,24,93,0,0,90,2,92,37,8,114,26,185,130,0,130,315
07/21/2021,MFE,TX,ASW,CE,Federal Contract Tower,35,13,21,5,74,0,0,62,1,63,35,13,83,6,137,52,0,52,189
07/22/2021,MFE,TX,ASW,CE,Federal Contract Tower,36,16,39,43,134,0,0,79,2,81,36,16,118,45,215,66,0,66,281
07/23/2021,MFE,TX,ASW,CE,Federal Contract Tower,27,16,34,6,83,0,0,93,6,99,27,16,127,12,182,94,0,94,276
07/24/2021,MFE,TX,ASW,CE,Federal Contract Tower,27,16,22,12,77,0,0,69,6,75,27,16,91,18,152,16,0,16,168
07/25/2021,MFE,TX,ASW,CE,Federal Contract Tower,28,12,17,3,60,0,0,73,5,78,28,12,90,8,138,46,0,46,184
07/26/2021,MFE,TX,ASW,CE,Federal Contract Tower,29,16,35,19,99,0,0,88,4,92,29,16,123,23,191,42,0,42,233
07/27/2021,MFE,TX,ASW,CE,Federal Contract Tower,35,13,50,36,134,0,0,105,2,107,35,13,155,38,241,96,0,96,337
07/28/2021,MFE,TX,ASW,CE,Federal Contract Tower,34,20,44,7,105,0,0,75,2,77,34,20,119,9,182,48,0,48,230
07/29/2021,MFE,TX,ASW,CE,Federal Contract Tower,45,18,44,46,153,0,0,104,4,108,45,18,148,50,261,72,2,74,335
07/30/2021,MFE,TX,ASW,CE,Federal Contract Tower,26,20,23,7,76,0,2,92,10,104,26,22,115,17,180,92,0,92,272
07/31/2021,MFE,TX,ASW,CE,Federal Contract Tower,26,17,20,0,63,0,0,81,6,87,26,17,101,6,150,74,0,74,224
08/01/2021,MFE,TX,ASW,CE,Federal Contract Tower,32,10,17,4,63,0,0,53,6,59,32,10,70,10,122,0,0,0,122
08/02/2021,MFE,TX,ASW,CE,Federal Contract Tower,21,18,21,69,129,0,0,71,7,78,21,18,92,76,207,74,0,74,281
08/03/2021,MFE,TX,ASW,CE,Federal Contract Tower,38,16,26,10,90,0,0,55,2,57,38,16,81,12,147,30,0,30,177
08/04/2021,MFE,TX,ASW,CE,Federal Contract Tower,35,15,24,55,129,0,0,90,5,95,35,15,114,60,224,60,0,60,284
08/05/2021,MFE,TX,ASW,CE,Federal Contract Tower,42,14,33,12,101,0,0,88,8,96,42,14,121,20,197,36,0,36,233
08/06/2021,MFE,TX,ASW,CE,Federal Contract Tower,31,14,28,18,91,0,0,77,6,83,31,14,105,24,174,94,0,94,268
08/07/2021,MFE,TX,ASW,CE,Federal Contract Tower,29,16,21,2,68,0,0,72,4,76,29,16,93,6,144,50,0,50,194
08/08/2021,MFE,TX,ASW,CE,Federal Contract Tower,36,19,36,27,118,0,0,51,8,59,36,19,87,35,177,0,0,0,177
08/09/2021,MFE,TX,ASW,CE,Federal Contract Tower,28,15,44,37,124,0,0,78,6,84,28,15,122,43,208,32,10,42,250
08/10/2021,MFE,TX,ASW,CE,Federal Contract Tower,37,11,37,43,128,0,0,116,0,116,37,11,153,43,244,48,0,48,292
08/11/2021,MFE,TX,ASW,CE,Federal Contract Tower,38,15,27,22,102,0,0,120,0,120,38,15,147,22,222,84,0,84,306
08/12/2021,MFE,TX,ASW,CE,Federal Contract Tower,43,14,31,33,121,0,0,86,12,98,43,14,117,45,219,100,28,128,347
08/13/2021,MFE,TX,ASW,CE,Federal Contract Tower,35,16,18,22,91,0,0,77,2,79,35,16,95,24,170,98,0,98,268
08/14/2021,MFE,TX,ASW,CE,Federal Contract Tower,27,15,17,4,63,0,1,49,6,56,27,16,66,10,119,36,0,36,155
08/15/2021,MFE,TX,ASW,CE,Federal Contract Tower,35,11,17,14,77,0,0,58,6,64,35,11,75,20,141,14,0,14,155
08/16/2021,MFE,TX,ASW,CE,Federal Contract Tower,34,12,20,48,114,0,0,84,7,91,34,12,104,55,205,34,4,38,243
08/17/2021,MFE,TX,ASW,CE,Federal Contract Tower,25,8,37,90,160,0,0,73,9,82,25,8,110,99,242,40,14,54,296
08/18/2021,MFE,TX,ASW,CE,Federal Contract Tower,27,15,39,58,139,0,1,62,0,63,27,16,101,58,202,44,0,44,246
08/19/2021,MFE,TX,ASW,CE,Federal Contract Tower,38,13,41,29,121,0,0,77,9,86,38,13,118,38,207,56,0,56,263
08/20/2021,MFE,TX,ASW,CE,Federal Contract Tower,29,17,21,48,115,0,0,68,11,79,29,17,89,59,194,48,0,48,242
08/21/2021,MFE,TX,ASW,CE,Federal Contract Tower,28,16,15,2,61,0,0,46,2,48,28,16,61,4,109,48,0,48,157
08/22/2021,MFE,TX,ASW,CE,Federal Contract Tower,29,14,12,0,55,0,0,43,8,51,29,14,55,8,106,30,0,30,136
08/23/2021,MFE,TX,ASW,CE,Federal Contract Tower,41,10,25,28,104,0,0,78,10,88,41,10,103,38,192,22,0,22,214
08/24/2021,MFE,TX,ASW,CE,Federal Contract Tower,30,17,30,33,110,0,0,94,1,95,30,17,124,34,205,102,0,102,307
08/25/2021,MFE,TX,ASW,CE,Federal Contract Tower,34,17,25,25,101,0,0,74,3,77,34,17,99,28,178,38,8,46,224
08/26/2021,MFE,TX,ASW,CE,Federal Contract Tower,41,19,53,46,159,0,0,78,9,87,41,19,131,55,246,30,0,30,276
08/27/2021,MFE,TX,ASW,CE,Federal Contract Tower,39,14,35,37,125,0,0,76,6,82,39,14,111,43,207,60,0,60,267
08/28/2021,MFE,TX,ASW,CE,Federal Contract Tower,26,15,27,43,111,0,0,78,7,85,26,15,105,50,196,72,0,72,268
08/29/2021,MFE,TX,ASW,CE,Federal Contract Tower,32,12,23,20,87,0,0,67,6,73,32,12,90,26,160,46,0,46,206
08/30/2021,MFE,TX,ASW,CE,Federal Contract Tower,35,15,34,46,130,0,0,62,4,66,35,15,96,50,196,54,0,54,250
08/31/2021,MFE,TX,ASW,CE,Federal Contract Tower,37,13,25,43,118,0,0,80,0,80,37,13,105,43,198,32,0,32,230
09/01/2021,MFE,TX,ASW,CE,Federal Contract Tower,33,19,33,44,129,0,0,83,1,84,33,19,116,45,213,146,0,146,359
09/02/2021,MFE,TX,ASW,CE,Federal Contract Tower,43,14,22,41,120,2,0,78,5,85,45,14,100,46,205,92,18,110,315
09/03/2021,MFE,TX,ASW,CE,Federal Contract Tower,40,15,38,6,99,0,0,80,5,85,40,15,118,11,184,132,0,132,316
09/04/2021,MFE,TX,ASW,CE,Federal Contract Tower,23,11,21,12,67,0,0,77,8,85,23,11,98,20,152,52,0,52,204
09/05/2021,MFE,TX,ASW,CE,Federal Contract Tower,24,8,14,0,46,0,0,47,4,51,24,8,61,4,97,10,0,10,107
09/06/2021,MFE,TX,ASW,CE,Federal Contract Tower,33,9,24,18,84,0,0,64,8,72,33,9,88,26,156,38,0,38,194
09/07/2021,MFE,TX,ASW,CE,Federal Contract Tower,32,15,50,10,107,0,0,82,0,82,32,15,132,10,189,28,0,28,217
09/08/2021,MFE,TX,ASW,CE,Federal Contract Tower,35,11,35,43,124,0,0,95,1,96,35,11,130,44,220,72,0,72,292
09/09/2021,MFE,TX,ASW,CE,Federal Contract Tower,39,17,47,18,121,0,0,105,11,116,39,17,152,29,237,38,0,38,275
09/10/2021,MFE,TX,ASW,CE,Federal Contract Tower,35,15,41,10,101,0,1,85,13,99,35,16,126,23,200,74,0,74,274
09/11/2021,MFE,TX,ASW,CE,Federal Contract Tower,29,7,9,0,45,0,0,74,4,78,29,7,83,4,123,48,0,48,171
09/12/2021,MFE,TX,ASW,CE,Federal Contract Tower,28,13,19,6,66,0,0,26,0,26,28,13,45,6,92,14,0,14,106
09/13/2021,MFE,TX,ASW,CE,Federal Contract Tower,36,14,21,0,71,0,0,19,2,21,36,14,40,2,92,26,0,26,118
09/14/2021,MFE,TX,ASW,CE,Federal Contract Tower,29,12,25,52,118,0,0,79,4,83,29,12,104,56,201,78,0,78,279
09/15/2021,MFE,TX,ASW,CE,Federal Contract Tower,37,17,30,51,135,0,0,76,10,86,37,17,106,61,221,84,0,84,305
09/16/2021,MFE,TX,ASW,CE,Federal Contract Tower,41,16,30,48,135,0,0,97,6,103,41,16,127,54,238,80,0,80,318
09/17/2021,MFE,TX,ASW,CE,Federal Contract Tower,46,12,29,14,101,0,0,81,6,87,46,12,110,20,188,74,0,74,262
09/18/2021,MFE,TX,ASW,CE,Federal Contract Tower,35,10,20,11,76,0,0,75,3,78,35,10,95,14,154,60,0,60,214
09/19/2021,MFE,TX,ASW,CE,Federal Contract Tower,31,12,11,0,54,0,0,57,4,61,31,12,68,4,115,32,0,32,147
09/20/2021,MFE,TX,ASW,CE,Federal Contract Tower,36,20,22,5,83,0,0,76,3,79,36,20,98,8,162,42,0,42,204
09/21/2021,MFE,TX,ASW,CE,Federal Contract Tower,34,11,30,0,75,0,0,82,0,82,34,11,112,0,157,54,0,54,211
09/22/2021,MFE,TX,ASW,CE,Federal Contract Tower,39,9,28,1,77,0,0,54,8,62,39,9,82,9,139,6,0,6,145
09/23/2021,MFE,TX,ASW,CE,Federal Contract Tower,41,17,51,8,117,0,0,105,4,109,41,17,156,12,226,64,0,64,290
09/24/2021,MFE,TX,ASW,CE,Federal Contract Tower,34,18,31,1,84,0,0,84,5,89,34,18,115,6,173,106,0,106,279
09/25/2021,MFE,TX,ASW,CE,Federal Contract Tower,27,11,20,0,58,0,0,86,4,90,27,11,106,4,148,62,0,62,210
09/26/2021,MFE,TX,ASW,CE,Federal Contract Tower,25,12,19,0,56,0,0,52,2,54,25,12,71,2,110,12,0,12,122
09/27/2021,MFE,TX,ASW,CE,Federal Contract Tower,34,15,23,28,100,0,0,74,5,79,34,15,97,33,179,108,0,108,287
09/28/2021,MFE,TX,ASW,CE,Federal Contract Tower,31,8,31,52,122,0,0,81,0,81,31,8,112,52,203,34,0,34,237
09/29/2021,MFE,TX,ASW,CE,Federal Contract Tower,39,18,36,0,93,0,0,64,0,64,39,18,100,0,157,30,0,30,187
09/30/2021,MFE,TX,ASW,CE,Federal Contract Tower,34,15,24,16,89,0,0,76,5,81,34,15,100,21,170,48,0,48,218
10/01/2021,MFE,TX,ASW,CE,Federal Contract Tower,33,15,34,8,90,0,0,47,0,47,33,15,81,8,137,26,0,26,163
10/02/2021,MFE,TX,ASW,CE,Federal Contract Tower,26,8,17,4,55,0,0,44,2,46,26,8,61,6,101,58,0,58,159
10/03/2021,MFE,TX,ASW,CE,Federal Contract Tower,32,7,16,2,57,0,0,29,4,33,32,7,45,6,90,0,0,0,90
10/04/2021,MFE,TX,ASW,CE,Federal Contract Tower,31,21,25,15,92,0,1,57,5,63,31,22,82,20,155,34,0,34,189
10/05/2021,MFE,TX,ASW,CE,Federal Contract Tower,32,9,46,26,113,0,0,94,2,96,32,9,140,28,209,48,0,48,257
10/06/2021,MFE,TX,ASW,CE,Federal Contract Tower,34,20,37,29,120,0,0,104,3,107,34,20,141,32,227,56,0,56,283
10/07/2021,MFE,TX,ASW,CE,Federal Contract Tower,36,16,40,32,124,0,0,90,2,92,36,16,130,34,216,54,0,54,270
10/08/2021,MFE,TX,ASW,CE,Federal Contract Tower,30,15,43,36,124,0,0,78,8,86,30,15,121,44,210,26,0,26,236
10/09/2021,MFE,TX,ASW,CE,Federal Contract Tower,26,13,29,8,76,0,0,68,8,76,26,13,97,16,152,80,0,80,232
10/10/2021,MFE,TX,ASW,CE,Federal Contract Tower,27,11,21,8,67,0,0,37,4,41,27,11,58,12,108,0,0,0,108
10/11/2021,MFE,TX,ASW,CE,Federal Contract Tower,33,13,28,0,74,0,0,63,4,67,33,13,91,4,141,54,0,54,195
10/12/2021,MFE,TX,ASW,CE,Federal Contract Tower,29,17,43,15,104,0,0,62,7,69,29,17,105,22,173,32,0,32,205
10/13/2021,MFE,TX,ASW,CE,Federal Contract Tower,34,14,59,7,114,0,0,45,4,49,34,14,104,11,163,0,0,0,163
10/14/2021,MFE,TX,ASW,CE,Federal Contract Tower,31,21,41,14,107,0,0,53,3,56,31,21,94,17,163,52,0,52,215
10/15/2021,MFE,TX,ASW,CE,Federal Contract Tower,31,17,28,10,86,0,0,46,4,50,31,17,74,14,136,84,0,84,220
10/16/2021,MFE,TX,ASW,CE,Federal Contract Tower,25,9,14,10,58,0,0,39,6,45,25,9,53,16,103,52,8,60,163
10/17/2021,MFE,TX,ASW,CE,Federal Contract Tower,27,16,26,4,73,0,1,42,6,49,27,17,68,10,122,60,0,60,182
10/18/2021,MFE,TX,ASW,CE,Federal Contract Tower,32,13,32,38,115,0,0,77,8,85,32,13,109,46,200,40,0,40,240
10/19/2021,MFE,TX,ASW,CE,Federal Contract Tower,27,15,36,31,109,0,0,76,0,76,27,15,112,31,185,0,0,0,185
10/20/2021,MFE,TX,ASW,CE,Federal Contract Tower,42,20,29,10,101,0,0,79,2,81,42,20,108,12,182,88,0,88,270
10/21/2021,MFE,TX,ASW,CE,Federal Contract Tower,40,14,51,26,131,0,0,65,14,79,40,14,116,40,210,16,0,16,226
10/22/2021,MFE,TX,ASW,CE,Federal Contract Tower,33,13,18,20,84,0,0,37,8,45,33,13,55,28,129,14,0,14,143
10/23/2021,MFE,TX,ASW,CE,Federal Contract Tower,27,12,25,22,86,0,0,73,6,79,27,12,98,28,165,92,0,92,257
10/24/2021,MFE,TX,ASW,CE,Federal Contract Tower,30,18,17,4,69,0,0,59,6,65,30,18,76,10,134,28,0,28,162
10/25/2021,MFE,TX,ASW,CE,Federal Contract Tower,32,16,25,3,76,0,0,72,8,80,32,16,97,11,156,26,0,26,182
10/26/2021,MFE,TX,ASW,CE,Federal Contract Tower,38,16,21,25,100,0,0,82,6,88,38,16,103,31,188,78,4,82,270
10/27/2021,MFE,TX,ASW,CE,Federal Contract Tower,25,16,52,13,106,0,0,63,13,76,25,16,115,26,182,8,42,50,232
10/28/2021,MFE,TX,ASW,CE,Federal Contract Tower,24,24,48,48,144,0,0,99,8,107,24,24,147,56,251,38,2,40,291
10/29/2021,MFE,TX,ASW,CE,Federal Contract Tower,28,21,30,11,90,0,0,85,7,92,28,21,115,18,182,34,4,38,220
10/30/2021,MFE,TX,ASW,CE,Federal Contract Tower,26,12,18,0,56,0,0,90,6,96,26,12,108,6,152,48,0,48,200
10/31/2021,MFE,TX,ASW,CE,Federal Contract Tower,23,13,14,6,56,0,0,61,6,67,23,13,75,12,123,30,0,30,153
11/01/2021,MFE,TX,ASW,CE,Federal Contract Tower,18,9,38,27,92,0,0,86,10,96,18,9,124,37,188,0,10,10,198
11/02/2021,MFE,TX,ASW,CE,Federal Contract Tower,17,8,49,20,94,0,0,81,5,86,17,8,130,25,180,34,0,34,214
11/03/2021,MFE,TX,ASW,CE,Federal Contract Tower,24,23,45,36,128,0,0,113,0,113,24,23,158,36,241,86,0,86,327
11/04/2021,MFE,TX,ASW,CE,Federal Contract Tower,29,14,68,56,167,0,0,23,5,28,29,14,91,61,195,0,0,0,195
11/05/2021,MFE,TX,ASW,CE,Federal Contract Tower,33,20,37,29,119,0,0,100,6,106,33,20,137,35,225,138,4,142,367
11/06/2021,MFE,TX,ASW,CE,Federal Contract Tower,23,5,13,4,45,0,1,74,4,79,23,6,87,8,124,84,0,84,208
11/07/2021,MFE,TX,ASW,CE,Federal Contract Tower,24,15,21,6,66,0,0,72,6,78,24,15,93,12,144,68,0,68,212
11/08/2021,MFE,TX,ASW,CE,Federal Contract Tower,34,15,49,42,140,0,0,82,7,89,34,15,131,49,229,28,0,28,257
11/09/2021,MFE,TX,ASW,CE,Federal Contract Tower,23,14,41,31,109,0,0,64,2,66,23,14,105,33,175,72,0,72,247
11/10/2021,MFE,TX,ASW,CE,Federal Contract Tower,27,11,34,31,103,0,0,71,2,73,27,11,105,33,176,20,0,20,196
11/11/2021,MFE,TX,ASW,CE,Federal Contract Tower,28,13,29,11,81,0,2,66,6,74,28,15,95,17,155,10,0,10,165
11/12/2021,MFE,TX,ASW,CE,Federal Contract Tower,36,13,45,8,102,0,0,62,9,71,36,13,107,17,173,32,0,32,205
11/13/2021,MFE,TX,ASW,CE,Federal Contract Tower,29,9,23,10,71,0,0,50,6,56,29,9,73,16,127,20,0,20,147
11/14/2021,MFE,TX,ASW,CE,Federal Contract Tower,26,9,15,17,67,0,0,70,7,77,26,9,85,24,144,140,8,148,292
11/15/2021,MFE,TX,ASW,CE,Federal Contract Tower,26,5,46,14,91,0,2,106,6,114,26,7,152,20,205,76,0,76,281
11/16/2021,MFE,TX,ASW,CE,Federal Contract Tower,29,18,31,23,101,0,0,38,2,40,29,18,69,25,141,26,0,26,167
11/17/2021,MFE,TX,ASW,CE,Federal Contract Tower,25,7,36,34,102,0,0,62,3,65,25,7,98,37,167,54,12,66,233
11/18/2021,MFE,TX,ASW,CE,Federal Contract Tower,27,14,32,10,83,0,0,19,6,25,27,14,51,16,108,8,0,8,116
11/19/2021,MFE,TX,ASW,CE,Federal Contract Tower,19,11,47,40,117,0,0,81,4,85,19,11,128,44,202,24,0,24,226
11/20/2021,MFE,TX,ASW,CE,Federal Contract Tower,19,12,25,23,79,0,0,55,6,61,19,12,80,29,140,28,0,28,168
11/21/2021,MFE,TX,ASW,CE,Federal Contract Tower,28,8,14,7,57,0,0,45,8,53,28,8,59,15,110,10,0,10,120
11/22/2021,MFE,TX,ASW,CE,Federal Contract Tower,21,15,34,6,76,0,0,58,6,64,21,15,92,12,140,80,0,80,220
11/23/2021,MFE,TX,ASW,CE,Federal Contract Tower,23,16,35,25,99,0,0,94,0,94,23,16,129,25,193,80,0,80,273
11/24/2021,MFE,TX,ASW,CE,Federal Contract Tower,30,18,36,1,85,0,0,54,0,54,30,18,90,1,139,32,0,32,171
11/25/2021,MFE,TX,ASW,CE,Federal Contract Tower,17,16,9,0,42,0,0,24,2,26,17,16,33,2,68,0,0,0,68
11/26/2021,MFE,TX,ASW,CE,Federal Contract Tower,18,13,22,6,59,0,0,48,4,52,18,13,70,10,111,38,0,38,149
11/27/2021,MFE,TX,ASW,CE,Federal Contract Tower,23,11,19,0,53,0,0,19,4,23,23,11,38,4,76,64,0,64,140
11/28/2021,MFE,TX,ASW,CE,Federal Contract Tower,36,11,22,4,73,0,0,41,7,48,36,11,63,11,121,26,0,26,147
11/29/2021,MFE,TX,ASW,CE,Federal Contract Tower,20,20,44,39,123,0,0,65,6,71,20,20,109,45,194,16,0,16,210
11/30/2021,MFE,TX,ASW,CE,Federal Contract Tower,12,19,48,20,99,0,0,85,2,87,12,19,133,22,186,38,0,38,224
12/01/2021,MFE,TX,ASW,CE,Federal Contract Tower,27,23,42,39,131,0,0,95,0,95,27,23,137,39,226,100,0,100,326
12/02/2021,MFE,TX,ASW,CE,Federal Contract Tower,27,21,49,13,110,0,0,51,10,61,27,21,100,23,171,56,14,70,241
12/03/2021,MFE,TX,ASW,CE,Federal Contract Tower,24,18,38,28,108,0,0,58,7,65,24,18,96,35,173,38,0,38,211
12/04/2021,MFE,TX,ASW,CE,Federal Contract Tower,17,10,23,18,68,0,0,59,8,67,17,10,82,26,135,12,0,12,147
12/05/2021,MFE,TX,ASW,CE,Federal Contract Tower,24,11,17,4,56,0,0,38,6,44,24,11,55,10,100,0,0,0,100
12/06/2021,MFE,TX,ASW,CE,Federal Contract Tower,24,15,44,39,122,0,0,54,4,58,24,15,98,43,180,56,0,56,236
12/07/2021,MFE,TX,ASW,CE,Federal Contract Tower,15,11,63,22,111,0,0,63,3,66,15,11,126,25,177,74,0,74,251
12/08/2021,MFE,TX,ASW,CE,Federal Contract Tower,23,24,72,10,129,0,0,42,2,44,23,24,114,12,173,22,0,22,195
12/09/2021,MFE,TX,ASW,CE,Federal Contract Tower,23,22,55,31,131,0,0,102,10,112,23,22,157,41,243,34,0,34,277
12/10/2021,MFE,TX,ASW,CE,Federal Contract Tower,14,21,35,31,101,0,0,62,6,68,14,21,97,37,169,0,8,8,177
12/11/2021,MFE,TX,ASW,CE,Federal Contract Tower,15,11,17,10,53,0,0,25,0,25,15,11,42,10,78,6,0,6,84
12/12/2021,MFE,TX,ASW,CE,Federal Contract Tower,27,12,20,4,63,0,0,62,6,68,27,12,82,10,131,58,0,58,189
12/13/2021,MFE,TX,ASW,CE,Federal Contract Tower,22,20,48,17,107,0,0,59,9,68,22,20,107,26,175,96,0,96,271
12/14/2021,MFE,TX,ASW,CE,Federal Contract Tower,15,20,54,30,119,0,0,51,2,53,15,20,105,32,172,34,0,34,206
12/15/2021,MFE,TX,ASW,CE,Federal Contract Tower,13,15,51,5,84,0,2,72,2,76,13,17,123,7,160,46,16,62,222
12/16/2021,MFE,TX,ASW,CE,Federal Contract Tower,31,24,48,2,105,0,1,70,9,80,31,25,118,11,185,38,16,54,239
12/17/2021,MFE,TX,ASW,CE,Federal Contract Tower,21,25,41,30,117,0,0,64,8,72,21,25,105,38,189,74,0,74,263
12/18/2021,MFE,TX,ASW,CE,Federal Contract Tower,16,18,28,17,79,0,0,32,10,42,16,18,60,27,121,56,0,56,177
12/19/2021,MFE,TX,ASW,CE,Federal Contract Tower,26,14,24,0,64,0,0,11,8,19,26,14,35,8,83,0,0,0,83
12/20/2021,MFE,TX,ASW,CE,Federal Contract Tower,23,23,38,33,117,0,0,73,6,79,23,23,111,39,196,86,8,94,290
12/21/2021,MFE,TX,ASW,CE,Federal Contract Tower,12,22,41,10,85,0,0,84,0,84,12,22,125,10,169,76,0,76,245
12/22/2021,MFE,TX,ASW,CE,Federal Contract Tower,20,21,37,15,93,0,0,81,0,81,20,21,118,15,174,128,0,128,302
12/23/2021,MFE,TX,ASW,CE,Federal Contract Tower,31,16,28,4,79,0,0,78,6,84,31,16,106,10,163,44,0,44,207
12/24/2021,MFE,TX,ASW,CE,Federal Contract Tower,13,17,17,0,47,0,0,25,8,33,13,17,42,8,80,6,0,6,86
12/25/2021,MFE,TX,ASW,CE,Federal Contract Tower,17,9,2,0,28,0,0,26,8,34,17,9,28,8,62,0,0,0,62
12/26/2021,MFE,TX,ASW,CE,Federal Contract Tower,23,16,22,1,62,0,0,42,7,49,23,16,64,8,111,8,0,8,119
12/27/2021,MFE,TX,ASW,CE,Federal Contract Tower,24,11,27,12,74,0,0,52,7,59,24,11,79,19,133,10,0,10,143
12/28/2021,MFE,TX,ASW,CE,Federal Contract Tower,18,15,32,20,85,0,0,63,1,64,18,15,95,21,149,62,0,62,211
12/29/2021,MFE,TX,ASW,CE,Federal Contract Tower,22,21,27,27,97,0,0,62,1,63,22,21,89,28,160,74,0,74,234
12/30/2021,MFE,TX,ASW,CE,Federal Contract Tower,25,10,30,0,65,0,0,60,6,66,25,10,90,6,131,18,0,18,149
12/31/2021,MFE,TX,ASW,CE,Federal Contract Tower,13,9,23,0,45,0,0,37,6,43,13,9,60,6,88,18,0,18,106
01/01/2022,MFE,TX,ASW,CE,Federal Contract Tower,13,8,14,0,35,0,0,29,8,37,13,8,43,8,72,6,0,6,78
01/02/2022,MFE,TX,ASW,CE,Federal Contract Tower,23,7,22,0,52,0,0,21,2,23,23,7,43,2,75,0,0,0,75
01/03/2022,MFE,TX,ASW,CE,Federal Contract Tower,27,8,23,2,60,0,0,93,4,97,27,8,116,6,157,138,0,138,295
01/04/2022,MFE,TX,ASW,CE,Federal Contract Tower,24,13,31,8,76,0,0,68,0,68,24,13,99,8,144,136,0,136,280
01/05/2022,MFE,TX,ASW,CE,Federal Contract Tower,27,18,20,11,76,0,0,97,1,98,27,18,117,12,174,68,0,68,242
01/06/2022,MFE,TX,ASW,CE,Federal Contract Tower,35,13,36,20,104,0,0,64,6,70,35,13,100,26,174,78,0,78,252
01/07/2022,MFE,TX,ASW,CE,Federal Contract Tower,22,17,20,15,74,0,0,43,9,52,22,17,63,24,126,92,20,112,238
01/08/2022,MFE,TX,ASW,CE,Federal Contract Tower,19,10,34,14,77,0,0,9,2,11,19,10,43,16,88,0,0,0,88
01/09/2022,MFE,TX,ASW,CE,Federal Contract Tower,28,3,18,0,49,0,0,39,5,44,28,3,57,5,93,44,0,44,137
01/10/2022,MFE,TX,ASW,CE,Federal Contract Tower,24,13,31,27,95,0,0,54,6,60,24,13,85,33,155,38,0,38,193
01/11/2022,MFE,TX,ASW,CE,Federal Contract Tower,17,12,26,47,102,0,0,72,4,76,17,12,98,51,178,90,0,90,268
01/12/2022,MFE,TX,ASW,CE,Federal Contract Tower,22,17,54,12,105,0,0,11,0,11,22,17,65,12,116,0,0,0,116
01/13/2022,MFE,TX,ASW,CE,Federal Contract Tower,24,13,45,12,94,0,0,64,10,74,24,13,109,22,168,42,0,42,210
01/14/2022,MFE,TX,ASW,CE,Federal Contract Tower,20,12,26,4,62,0,0,72,12,84,20,12,98,16,146,74,0,74,220
01/15/2022,MFE,TX,ASW,CE,Federal Contract Tower,19,7,9,0,35,0,0,15,4,19,19,7,24,4,54,0,0,0,54
01/16/2022,MFE,TX,ASW,CE,Federal Contract Tower,18,10,13,0,41,0,0,41,9,50,18,10,54,9,91,30,0,30,121
01/17/2022,MFE,TX,ASW,CE,Federal Contract Tower,17,16,24,0,57,0,0,70,7,77,17,16,94,7,134,68,0,68,202
01/18/2022,MFE,TX,ASW,CE,Federal Contract Tower,17,13,26,16,72,0,0,57,8,65,17,13,83,24,137,56,0,56,193
01/19/2022,MFE,TX,ASW,CE,Federal Contract Tower,24,18,17,25,84,0,0,76,3,79,24,18,93,28,163,70,0,70,233
01/20/2022,MFE,TX,ASW,CE,Federal Contract Tower,27,15,33,0,75,0,0,25,4,29,27,15,58,4,104,12,0,12,116
01/21/2022,MFE,TX,ASW,CE,Federal Contract Tower,25,9,17,2,53,0,0,11,4,15,25,9,28,6,68,0,0,0,68
01/22/2022,MFE,TX,ASW,CE,Federal Contract Tower,15,6,10,17,48,0,0,4,0,4,15,6,14,17,52,8,0,8,60
01/23/2022,MFE,TX,ASW,CE,Federal Contract Tower,24,11,13,8,56,0,0,4,0,4,24,11,17,8,60,0,0,0,60
01/24/2022,MFE,TX,ASW,CE,Federal Contract Tower,20,21,18,20,79,0,0,5,0,5,20,21,23,20,84,0,0,0,84
01/25/2022,MFE,TX,ASW,CE,Federal Contract Tower,23,14,31,53,121,0,0,86,4,90,23,14,117,57,211,102,0,102,313
01/26/2022,MFE,TX,ASW,CE,Federal Contract Tower,25,9,31,66,131,0,0,47,2,49,25,9,78,68,180,70,0,70,250
01/27/2022,MFE,TX,ASW,CE,Federal Contract Tower,27,9,42,33,111,0,0,16,4,20,27,9,58,37,131,26,0,26,157
01/28/2022,MFE,TX,ASW,CE,Federal Contract Tower,25,10,15,10,60,0,0,14,3,17,25,10,29,13,77,0,0,0,77
01/29/2022,MFE,TX,ASW,CE,Federal Contract Tower,13,12,14,2,41,0,0,65,5,70,13,12,79,7,111,76,0,76,187
01/30/2022,MFE,TX,ASW,CE,Federal Contract Tower,22,7,19,10,58,0,0,43,8,51,22,7,62,18,109,64,0,64,173
01/31/2022,MFE,TX,ASW,CE,Federal Contract Tower,19,20,35,47,121,0,0,45,10,55,19,20,80,57,176,44,0,44,220
02/01/2022,MFE,TX,ASW,CE,Federal Contract Tower,22,14,43,39,118,0,0,66,0,66,22,14,109,39,184,150,0,150,334
02/02/2022,MFE,TX,ASW,CE,Federal Contract Tower,24,17,22,43,106,0,0,43,1,44,24,17,65,44,150,16,0,16,166
02/03/2022,MFE,TX,ASW,CE,Federal Contract Tower,21,13,11,10,55,0,0,11,4,15,21,13,22,14,70,2,0,2,72
02/04/2022,MFE,TX,ASW,CE,Federal Contract Tower,18,15,28,34,95,0,0,40,6,46,18,15,68,40,141,56,0,56,197
02/05/2022,MFE,TX,ASW,CE,Federal Contract Tower,14,6,13,13,46,0,0,67,4,71,14,6,80,17,117,76,0,76,193
02/06/2022,MFE,TX,ASW,CE,Federal Contract Tower,22,6,17,29,74,0,0,37,8,45,22,6,54,37,119,40,0,40,159
02/07/2022,MFE,TX,ASW,CE,Federal Contract Tower,22,19,30,39,110,0,0,37,8,45,22,19,67,47,155,16,0,16,171
02/08/2022,MFE,TX,ASW,CE,Federal Contract Tower,24,12,21,32,89,0,0,89,3,92,24,12,110,35,181,128,0,128,309
02/09/2022,MFE,TX,ASW,CE,Federal Contract Tower,25,15,29,49,118,0,0,97,0,97,25,15,126,49,215,122,0,122,337
02/10/2022,MFE,TX,ASW,CE,Federal Contract Tower,29,15,42,57,143,0,0,79,6,85,29,15,121,63,228,98,0,98,326
02/11/2022,MFE,TX,ASW,CE,Federal Contract Tower,23,15,28,44,110,0,0,70,12,82,23,15,98,56,192,72,2,74,266
02/12/2022,MFE,TX,ASW,CE,Federal Contract Tower,19,8,15,24,66,0,0,29,8,37,19,8,44,32,103,0,0,0,103
02/13/2022,MFE,TX,ASW,CE,Federal Contract Tower,25,11,15,22,73,0,0,46,8,54,25,11,61,30,127,58,0,58,185
02/14/2022,MFE,TX,ASW,CE,Federal Contract Tower,19,22,27,21,89,0,0,67,8,75,19,22,94,29,164,22,0,22,186
02/15/2022,MFE,TX,ASW,CE,Federal Contract Tower,26,14,34,19,93,0,0,78,0,78,26,14,112,19,171,24,0,24,195
02/16/2022,MFE,TX,ASW,CE,Federal Contract Tower,31,15,36,18,100,0,0,34,0,34,31,15,70,18,134,8,0,8,142
02/17/2022,MFE,TX,ASW,CE,Federal Contract Tower,27,14,44,50,135,0,0,82,10,92,27,14,126,60,227,32,0,32,259
02/18/2022,MFE,TX,ASW,CE,Federal Contract Tower,25,21,21,26,93,0,0,80,8,88,25,21,101,34,181,24,0,24,205
02/19/2022,MFE,TX,ASW,CE,Federal Contract Tower,17,9,17,14,57,0,0,62,6,68,17,9,79,20,125,70,0,70,195
02/20/2022,MFE,TX,ASW,CE,Federal Contract Tower,25,6,25,1,57,0,0,34,8,42,25,6,59,9,99,12,0,12,111
02/21/2022,MFE,TX,ASW,CE,Federal Contract Tower,24,16,19,6,65,0,0,29,4,33,24,16,48,10,98,0,0,0,98
02/22/2022,MFE,TX,ASW,CE,Federal Contract Tower,20,18,18,43,99,0,1,59,4,64,20,19,77,47,163,62,56,118,281
02/23/2022,MFE,TX,ASW,CE,Federal Contract Tower,17,15,35,30,97,0,0,32,2,34,17,15,67,32,131,26,0,26,157
02/24/2022,MFE,TX,ASW,CE,Federal Contract Tower,20,20,39,48,127,0,0,5,4,9,20,20,44,52,136,8,0,8,144
02/25/2022,MFE,TX,ASW,CE,Federal Contract Tower,23,20,33,0,76,0,0,0,0,0,23,20,33,0,76,0,0,0,76
02/26/2022,MFE,TX,ASW,CE,Federal Contract Tower,18,11,10,4,43,0,0,0,0,0,18,11,10,4,43,0,0,0,43
02/27/2022,MFE,TX,ASW,CE,Federal Contract Tower,26,11,15,4,56,0,0,23,8,31,26,11,38,12,87,0,0,0,87
02/28/2022,MFE,TX,ASW,CE,Federal Contract Tower,23,18,24,69,134,0,0,67,10,77,23,18,91,79,211,46,2,48,259
03/01/2022,MFE,TX,ASW,CE,Federal Contract Tower,26,12,18,32,88,0,0,71,0,71,26,12,89,32,159,138,0,138,297
03/02/2022,MFE,TX,ASW,CE,Federal Contract Tower,24,16,50,27,117,0,0,97,6,103,24,16,147,33,220,134,0,134,354
03/03/2022,MFE,TX,ASW,CE,Federal Contract Tower,31,17,30,32,110,0,0,56,10,66,31,17,86,42,176,38,0,38,214
03/04/2022,MFE,TX,ASW,CE,Federal Contract Tower,23,16,34,45,118,0,0,66,6,72,23,16,100,51,190,54,0,54,244
03/05/2022,MFE,TX,ASW,CE,Federal Contract Tower,19,6,21,14,60,0,0,43,7,50,19,6,64,21,110,12,0,12,122
03/06/2022,MFE,TX,ASW,CE,Federal Contract Tower,21,4,28,1,54,0,0,39,7,46,21,4,67,8,100,8,0,8,108
03/07/2022,MFE,TX,ASW,CE,Federal Contract Tower,22,18,27,14,81,0,0,17,0,17,22,18,44,14,98,0,0,0,98
03/08/2022,MFE,TX,ASW,CE,Federal Contract Tower,20,13,32,42,107,0,0,12,0,12,20,13,44,42,119,0,0,0,119
03/09/2022,MFE,TX,ASW,CE,Federal Contract Tower,21,12,36,40,109,0,0,76,1,77,21,12,112,41,186,92,10,102,288
03/10/2022,MFE,TX,ASW,CE,Federal Contract Tower,28,23,51,21,123,0,0,1,0,1,28,23,52,21,124,0,0,0,124
03/11/2022,MFE,TX,ASW,CE,Federal Contract Tower,23,11,38,9,81,0,0,29,7,36,23,11,67,16,117,22,0,22,139
03/12/2022,MFE,TX,ASW,CE,Federal Contract Tower,21,8,25,18,72,0,0,68,6,74,21,8,93,24,146,18,0,18,164
03/13/2022,MFE,TX,ASW,CE,Federal Contract Tower,21,9,21,7,58,0,0,46,6,52,21,9,67,13,110,10,0,10,120
03/14/2022,MFE,TX,ASW,CE,Federal Contract Tower,24,3,28,46,101,0,0,84,10,94,24,3,112,56,195,74,12,86,281
03/15/2022,MFE,TX,ASW,CE,Federal Contract Tower,21,8,13,41,83,0,0,63,1,64,21,8,76,42,147,86,0,86,233
03/16/2022,MFE,TX,ASW,CE,Federal Contract Tower,23,12,26,22,83,0,0,69,2,71,23,12,95,24,154,112,0,112,266
03/17/2022,MFE,TX,ASW,CE,Federal Contract Tower,26,9,36,26,97,0,0,59,11,70,26,9,95,37,167,42,0,42,209
03/18/2022,MFE,TX,ASW,CE,Federal Contract Tower,26,13,25,24,88,0,0,49,6,55,26,13,74,30,143,54,0,54,197
03/19/2022,MFE,TX,ASW,CE,Federal Contract Tower,20,6,20,0,46,0,0,73,5,78,20,6,93,5,124,46,0,46,170
03/20/2022,MFE,TX,ASW,CE,Federal Contract Tower,24,7,30,4,65,0,0,44,4,48,24,7,74,8,113,6,0,6,119
03/21/2022,MFE,TX,ASW,CE,Federal Contract Tower,29,9,24,22,84,0,0,18,0,18,29,9,42,22,102,0,0,0,102
03/22/2022,MFE,TX,ASW,CE,Federal Contract Tower,22,10,18,20,70,0,0,70,2,72,22,10,88,22,142,40,0,40,182
03/23/2022,MFE,TX,ASW,CE,Federal Contract Tower,23,11,33,27,94,0,0,101,3,104,23,11,134,30,198,96,0,96,294
03/24/2022,MFE,TX,ASW,CE,Federal Contract Tower,28,14,44,37,123,0,0,74,9,83,28,14,118,46,206,104,0,104,310
03/25/2022,MFE,TX,ASW,CE,Federal Contract Tower,30,11,15,19,75,0,1,83,6,90,30,12,98,25,165,126,0,126,291
03/26/2022,MFE,TX,ASW,CE,Federal Contract Tower,20,10,18,10,58,0,0,55,6,61,20,10,73,16,119,48,0,48,167
03/27/2022,MFE,TX,ASW,CE,Federal Contract Tower,22,4,23,0,49,0,0,39,9,48,22,4,62,9,97,16,0,16,113
03/28/2022,MFE,TX,ASW,CE,Federal Contract Tower,23,10,32,26,91,0,0,47,1,48,23,10,79,27,139,32,0,32,171
03/29/2022,MFE,TX,ASW,CE,Federal Contract Tower,19,8,23,13,63,0,0,28,0,28,19,8,51,13,91,2,2,4,95
03/30/2022,MFE,TX,ASW,CE,Federal Contract Tower,23,6,25,12,66,0,0,36,10,46,23,6,61,22,112,6,0,6,118
03/31/2022,MFE,TX,ASW,CE,Federal Contract Tower,28,12,32,18,90,0,0,65,7,72,28,12,97,25,162,84,0,84,246
04/01/2022,MFE,TX,ASW,CE,Federal Contract Tower,32,10,29,26,97,0,0,73,6,79,32,10,102,32,176,64,0,64,240
04/02/2022,MFE,TX,ASW,CE,Federal Contract Tower,17,9,15,14,55,0,0,44,6,50,17,9,59,20,105,34,0,34,139
04/03/2022,MFE,TX,ASW,CE,Federal Contract Tower,20,11,32,10,73,0,0,39,6,45,20,11,71,16,118,18,0,18,136
04/04/2022,MFE,TX,ASW,CE,Federal Contract Tower,21,13,36,43,113,0,0,60,5,65,21,13,96,48,178,80,0,80,258
04/05/2022,MFE,TX,ASW,CE,Federal Contract Tower,25,11,17,26,79,0,0,76,0,76,25,11,93,26,155,152,0,152,307
04/06/2022,MFE,TX,ASW,CE,Federal Contract Tower,24,17,19,21,81,0,0,83,1,84,24,17,102,22,165,34,0,34,199
04/07/2022,MFE,TX,ASW,CE,Federal Contract Tower,26,16,36,31,109,0,0,75,11,86,26,16,111,42,195,82,2,84,279
04/08/2022,MFE,TX,ASW,CE,Federal Contract Tower,24,14,33,18,89,0,0,78,8,86,24,14,111,26,175,70,0,70,245
04/09/2022,MFE,TX,ASW,CE,Federal Contract Tower,22,15,16,8,61,0,0,48,6,54,22,15,64,14,115,30,0,30,145
04/10/2022,MFE,TX,ASW,CE,Federal Contract Tower,21,13,36,3,73,0,0,21,5,26,21,13,57,8,99,0,0,0,99
04/11/2022,MFE,TX,ASW,CE,Federal Contract Tower,31,10,26,39,106,0,0,62,6,68,31,10,88,45,174,20,0,20,194
04/12/2022,MFE,TX,ASW,CE,Federal Contract Tower,18,12,31,26,87,0,0,59,4,63,18,12,90,30,150,94,0,94,244
04/13/2022,MFE,TX,ASW,CE,Federal Contract Tower,23,15,34,39,111,0,0,87,0,87,23,15,121,39,198,128,0,128,326
04/14/2022,MFE,TX,ASW,CE,Federal Contract Tower,22,12,42,14,90,0,0,45,2,47,22,12,87,16,137,26,0,26,163
04/15/2022,MFE,TX,ASW,CE,Federal Contract Tower,23,12,18,10,63,0,0,46,3,49,23,12,64,13,112,80,0,80,192
04/16/2022,MFE,TX,ASW,CE,Federal Contract Tower,19,8,14,0,41,0,0,66,8,74,19,8,80,8,115,60,0,60,175
04/17/2022,MFE,TX,ASW,CE,Federal Contract Tower,24,10,24,4,62,0,0,33,6,39,24,10,57,10,101,30,0,30,131
04/18/2022,MFE,TX,ASW,CE,Federal Contract Tower,23,11,37,52,123,0,0,63,8,71,23,11,100,60,194,90,0,90,284
04/19/2022,MFE,TX,ASW,CE,Federal Contract Tower,23,11,27,15,76,0,0,51,0,51,23,11,78,15,127,54,0,54,181
04/20/2022,MFE,TX,ASW,CE,Federal Contract Tower,23,10,30,18,81,0,0,47,0,47,23,10,77,18,128,58,0,58,186
04/21/2022,MFE,TX,ASW,CE,Federal Contract Tower,26,17,41,24,108,0,0,59,8,67,26,17,100,32,175,124,0,124,299
04/22/2022,MFE,TX,ASW,CE,Federal Contract Tower,28,8,23,22,81,0,0,73,5,78,28,8,96,27,159,86,0,86,245
04/23/2022,MFE,TX,ASW,CE,Federal Contract Tower,19,8,19,4,50,0,0,30,5,35,19,8,49,9,85,30,0,30,115
04/24/2022,MFE,TX,ASW,CE,Federal Contract Tower,20,12,30,2,64,0,0,34,6,40,20,12,64,8,104,0,0,0,104
04/25/2022,MFE,TX,ASW,CE,Federal Contract Tower,25,13,20,23,81,0,0,49,4,53,25,13,69,27,134,34,0,34,168
04/26/2022,MFE,TX,ASW,CE,Federal Contract Tower,26,7,30,14,77,0,0,12,0,12,26,7,42,14,89,0,0,0,89
04/27/2022,MFE,TX,ASW,CE,Federal Contract Tower,25,13,22,4,64,0,0,47,1,48,25,13,69,5,112,38,0,38,150
04/28/2022,MFE,TX,ASW,CE,Federal Contract Tower,27,12,51,17,107,0,0,75,10,85,27,12,126,27,192,116,36,152,344
04/29/2022,MFE,TX,ASW,CE,Federal Contract Tower,27,11,23,18,79,0,0,82,12,94,27,11,105,30,173,48,2,50,223
04/30/2022,MFE,TX,ASW,CE,Federal Contract Tower,19,10,13,0,42,0,0,52,8,60,19,10,65,8,102,56,0,56,158
05/01/2022,MFE,TX,ASW,CE,Federal Contract Tower,17,10,14,0,41,0,0,39,6,45,17,10,53,6,86,80,0,80,166
05/02/2022,MFE,TX,ASW,CE,Federal Contract Tower,28,12,48,11,99,0,0,69,6,75,28,12,117,17,174,68,8,76,250
05/03/2022,MFE,TX,ASW,CE,Federal Contract Tower,25,12,26,40,103,0,0,45,4,49,25,12,71,44,152,84,0,84,236
05/04/2022,MFE,TX,ASW,CE,Federal Contract Tower,19,16,45,40,120,0,0,59,0,59,19,16,104,40,179,68,0,68,247
05/05/2022,MFE,TX,ASW,CE,Federal Contract Tower,22,11,32,30,95,0,0,62,0,62,22,11,94,30,157,48,0,48,205
05/06/2022,MFE,TX,ASW,CE,Federal Contract Tower,27,12,41,17,97,0,0,76,8,84,27,12,117,25,181,86,0,86,267
05/07/2022,MFE,TX,ASW,CE,Federal Contract Tower,21,7,15,0,43,0,0,62,8,70,21,7,77,8,113,102,0,102,215
05/08/2022,MFE,TX,ASW,CE,Federal Contract Tower,21,12,15,10,58,0,0,41,0,41,21,12,56,10,99,38,0,38,137
05/09/2022,MFE,TX,ASW,CE,Federal Contract Tower,20,18,41,32,111,0,0,49,1,50,20,18,90,33,161,72,40,112,273
05/10/2022,MFE,TX,ASW,CE,Federal Contract Tower,20,8,29,14,71,0,0,61,0,61,20,8,90,14,132,134,0,134,266
05/11/2022,MFE,TX,ASW,CE,Federal Contract Tower,22,12,36,68,138,0,0,88,1,89,22,12,124,69,227,58,14,72,299
05/12/2022,MFE,TX,ASW,CE,Federal Contract Tower,29,11,51,56,147,0,0,64,0,64,29,11,115,56,211,76,10,86,297
05/13/2022,MFE,TX,ASW,CE,Federal Contract Tower,29,9,29,8,75,0,0,83,0,83,29,9,112,8,158,92,0,92,250
05/14/2022,MFE,TX,ASW,CE,Federal Contract Tower,22,10,6,0,38,0,0,64,0,64,22,10,70,0,102,32,0,32,134
05/15/2022,MFE,TX,ASW,CE,Federal Contract Tower,22,11,16,24,73,0,0,56,2,58,22,11,72,26,131,26,2,28,159
05/16/2022,MFE,TX,ASW,CE,Federal Contract Tower,22,18,34,35,109,0,0,54,0,54,22,18,88,35,163,66,0,66,229
05/17/2022,MFE,TX,ASW,CE,Federal Contract Tower,19,12,17,36,84,0,0,59,1,60,19,12,76,37,144,42,0,42,186
05/18/2022,MFE,TX,ASW,CE,Federal Contract Tower,26,18,32,12,88,0,0,66,0,66,26,18,98,12,154,76,0,76,230
05/19/2022,MFE,TX,ASW,CE,Federal Contract Tower,25,9,39,16,89,0,0,54,12,66,25,9,93,28,155,80,0,80,235
05/20/2022,MFE,TX,ASW,CE,Federal Contract Tower,24,13,29,4,70,0,0,35,6,41,24,13,64,10,111,58,0,58,169
05/21/2022,MFE,TX,ASW,CE,Federal Contract Tower,22,8,26,18,74,0,0,41,5,46,22,8,67,23,120,74,0,74,194
05/22/2022,MFE,TX,ASW,CE,Federal Contract Tower,25,6,12,0,43,0,0,15,2,17,25,6,27,2,60,0,0,0,60
05/23/2022,MFE,TX,ASW,CE,Federal Contract Tower,25,10,22,36,93,0,0,49,2,51,25,10,71,38,144,54,0,54,198
05/24/2022,MFE,TX,ASW,CE,Federal Contract Tower,24,18,41,25,108,0,0,45,1,46,24,18,86,26,154,52,16,68,222
05/25/2022,MFE,TX,ASW,CE,Federal Contract Tower,28,10,39,38,115,0,0,52,0,52,28,10,91,38,167,54,0,54,221
05/26/2022,MFE,TX,ASW,CE,Federal Contract Tower,25,13,38,14,90,0,0,75,6,81,25,13,113,20,171,110,0,110,281
05/27/2022,MFE,TX,ASW,CE,Federal Contract Tower,28,12,22,1,63,0,0,52,7,59,28,12,74,8,122,46,0,46,168
05/28/2022,MFE,TX,ASW,CE,Federal Contract Tower,25,6,10,0,41,0,0,52,6,58,25,6,62,6,99,102,0,102,201
05/29/2022,MFE,TX,ASW,CE,Federal Contract Tower,22,6,10,0,38,0,0,29,8,37,22,6,39,8,75,0,0,0,75
05/30/2022,MFE,TX,ASW,CE,Federal Contract Tower,28,14,19,0,61,0,0,42,6,48,28,14,61,6,109,0,0,0,109
05/31/2022,MFE,TX,ASW,CE,Federal Contract Tower,29,14,24,46,113,0,0,58,0,58,29,14,82,46,171,34,0,34,205
06/01/2022,MFE,TX,ASW,CE,Federal Contract Tower,27,11,26,40,104,0,0,63,2,65,27,11,89,42,169,32,0,32,201
06/02/2022,MFE,TX,ASW,CE,Federal Contract Tower,29,16,21,36,102,0,0,64,6,70,29,16,85,42,172,108,0,108,280
06/03/2022,MFE,TX,ASW,CE,Federal Contract Tower,26,11,16,19,72,0,0,56,9,65,26,11,72,28,137,52,0,52,189
06/04/2022,MFE,TX,ASW,CE,Federal Contract Tower,24,14,12,14,64,0,0,71,6,77,24,14,83,20,141,90,0,90,231
06/05/2022,MFE,TX,ASW,CE,Federal Contract Tower,21,10,14,12,57,0,0,42,6,48,21,10,56,18,105,0,0,0,105
06/06/2022,MFE,TX,ASW,CE,Federal Contract Tower,27,14,12,26,79,0,0,38,8,46,27,14,50,34,125,10,0,10,135
06/07/2022,MFE,TX,ASW,CE,Federal Contract Tower,29,10,28,54,121,0,0,51,0,51,29,10,79,54,172,14,0,14,186
06/08/2022,MFE,TX,ASW,CE,Federal Contract Tower,27,12,32,30,101,0,0,52,0,52,27,12,84,30,153,28,0,28,181
06/09/2022,MFE,TX,ASW,CE,Federal Contract Tower,24,21,29,36,110,0,0,71,10,81,24,21,100,46,191,120,0,120,311
06/10/2022,MFE,TX,ASW,CE,Federal Contract Tower,25,10,30,45,110,0,0,77,8,85,25,10,107,53,195,40,0,40,235
06/11/2022,MFE,TX,ASW,CE,Federal Contract Tower,23,9,32,0,64,0,0,48,7,55,23,9,80,7,119,26,0,26,145
06/12/2022,MFE,TX,ASW,CE,Federal Contract Tower,21,7,17,2,47,0,0,39,6,45,21,7,56,8,92,14,0,14,106
06/13/2022,MFE,TX,ASW,CE,Federal Contract Tower,27,10,34,0,71,0,0,43,6,49,27,10,77,6,120,10,0,10,130
06/14/2022,MFE,TX,ASW,CE,Federal Contract Tower,24,18,22,51,115,0,0,58,6,64,24,18,80,57,179,60,0,60,239
06/15/2022,MFE,TX,ASW,CE,Federal Contract Tower,21,11,33,48,113,0,0,65,0,65,21,11,98,48,178,68,0,68,246
06/16/2022,MFE,TX,ASW,CE,Federal Contract Tower,27,20,33,24,104,0,0,69,6,75,27,20,102,30,179,86,0,86,265
06/17/2022,MFE,TX,ASW,CE,Federal Contract Tower,31,10,42,29,112,0,0,74,4,78,31,10,116,33,190,42,0,42,232
06/18/2022,MFE,TX,ASW,CE,Federal Contract Tower,28,7,14,4,53,0,0,48,6,54,28,7,62,10,107,56,0,56,163
06/19/2022,MFE,TX,ASW,CE,Federal Contract Tower,26,11,18,4,59,0,0,40,6,46,26,11,58,10,105,2,0,2,107
06/20/2022,MFE,TX,ASW,CE,Federal Contract Tower,29,13,27,4,73,0,0,50,6,56,29,13,77,10,129,44,0,44,173
06/21/2022,MFE,TX,ASW,CE,Federal Contract Tower,27,18,26,21,92,0,0,55,2,57,27,18,81,23,149,72,8,80,229
06/22/2022,MFE,TX,ASW,CE,Federal Contract Tower,26,10,27,37,100,0,0,56,0,56,26,10,83,37,156,80,0,80,236
06/23/2022,MFE,TX,ASW,CE,Federal Contract Tower,27,12,24,41,104,0,0,90,3,93,27,12,114,44,197,128,0,128,325
06/24/2022,MFE,TX,ASW,CE,Federal Contract Tower,28,10,18,14,70,0,0,60,8,68,28,10,78,22,138,57,0,57,195
06/25/2022,MFE,TX,ASW,CE,Federal Contract Tower,23,6,13,24,66,0,0,69,6,75,23,6,82,30,141,48,0,48,189
06/26/2022,MFE,TX,ASW,CE,Federal Contract Tower,25,9,10,4,48,0,0,43,5,48,25,9,53,9,96,0,0,0,96
06/27/2022,MFE,TX,ASW,CE,Federal Contract Tower,28,9,24,44,105,0,0,45,7,52,28,9,69,51,157,50,4,54,211
06/28/2022,MFE,TX,ASW,CE,Federal Contract Tower,28,9,20,27,84,0,0,59,0,59,28,9,79,27,143,130,0,130,273
06/29/2022,MFE,TX,ASW,CE,Federal Contract Tower,26,13,19,40,98,0,0,55,0,55,26,13,74,40,153,50,0,50,203
06/30/2022,MFE,TX,ASW,CE,Federal Contract Tower,29,15,38,12,94,0,0,70,5,75,29,15,108,17,169,114,0,114,283
07/01/2022,MFE,TX,ASW,CE,Federal Contract Tower,32,11,15,9,67,0,0,63,7,70,32,11,78,16,137,86,0,86,223
07/02/2022,MFE,TX,ASW,CE,Federal Contract Tower,29,3,18,5,55,0,0,42,8,50,29,3,60,13,105,14,0,14,119
07/03/2022,MFE,TX,ASW,CE,Federal Contract Tower,24,3,14,0,41,0,0,28,7,35,24,3,42,7,76,0,0,0,76
07/04/2022,MFE,TX,ASW,CE,Federal Contract Tower,29,4,10,0,43,0,0,26,0,26,29,4,36,0,69,20,0,20,89
07/05/2022,MFE,TX,ASW,CE,Federal Contract Tower,29,7,20,13,69,0,2,64,0,66,29,9,84,13,135,0,54,54,189
07/06/2022,MFE,TX,ASW,CE,Federal Contract Tower,23,6,26,24,79,0,3,54,6,63,23,9,80,30,142,72,2,74,216
07/07/2022,MFE,TX,ASW,CE,Federal Contract Tower,30,10,33,12,85,0,0,64,8,72,30,10,97,20,157,80,0,80,237
07/08/2022,MFE,TX,ASW,CE,Federal Contract Tower,33,6,30,26,95,0,0,63,6,69,33,6,93,32,164,60,0,60,224
07/09/2022,MFE,TX,ASW,CE,Federal Contract Tower,26,3,8,4,41,0,0,42,6,48,26,3,50,10,89,68,0,68,157
07/10/2022,MFE,TX,ASW,CE,Federal Contract Tower,27,7,17,0,51,0,0,24,6,30,27,7,41,6,81,38,0,38,119
07/11/2022,MFE,TX,ASW,CE,Federal Contract Tower,34,20,21,26,101,0,0,50,8,58,34,20,71,34,159,34,4,38,197
07/12/2022,MFE,TX,ASW,CE,Federal Contract Tower,27,26,12,25,90,0,0,60,2,62,27,26,72,27,152,60,0,60,212
07/13/2022,MFE,TX,ASW,CE,Federal Contract Tower,33,15,34,4,86,0,1,71,5,77,33,16,105,9,163,0,0,0,163
07/14/2022,MFE,TX,ASW,CE,Federal Contract Tower,38,19,27,37,121,0,0,68,11,79,38,19,95,48,200,54,6,60,260
07/15/2022,MFE,TX,ASW,CE,Federal Contract Tower,33,12,12,17,74,0,0,59,6,65,33,12,71,23,139,32,0,32,171
07/16/2022,MFE,TX,ASW,CE,Federal Contract Tower,28,7,13,2,50,0,0,57,7,64,28,7,70,9,114,68,0,68,182
07/17/2022,MFE,TX,ASW,CE,Federal Contract Tower,24,7,20,10,61,0,0,38,8,46,24,7,58,18,107,0,0,0,107
07/18/2022,MFE,TX,ASW,CE,Federal Contract Tower,30,20,25,38,113,0,0,57,7,64,30,20,82,45,177,50,0,50,227
07/19/2022,MFE,TX,ASW,CE,Federal Contract Tower,25,10,31,45,111,0,0,62,0,62,25,10,93,45,173,48,0,48,221
07/20/2022,MFE,TX,ASW,CE,Federal Contract Tower,28,9,27,36,100,0,0,69,1,70,28,9,96,37,170,50,0,50,220
07/21/2022,MFE,TX,ASW,CE,Federal Contract Tower,32,9,30,34,105,0,2,59,10,71,32,11,89,44,176,36,0,36,212
07/22/2022,MFE,TX,ASW,CE,Federal Contract Tower,32,14,12,18,76,0,0,89,7,96,32,14,101,25,172,76,0,76,248
07/23/2022,MFE,TX,ASW,CE,Federal Contract Tower,26,4,17,12,59,0,0,37,6,43,26,4,54,18,102,24,0,24,126
07/24/2022,MFE,TX,ASW,CE,Federal Contract Tower,26,6,15,2,49,0,0,31,8,39,26,6,46,10,88,0,0,0,88
07/25/2022,MFE,TX,ASW,CE,Federal Contract Tower,30,14,16,37,97,0,0,66,6,72,30,14,82,43,169,46,0,46,215
07/26/2022,MFE,TX,ASW,CE,Federal Contract Tower,25,10,19,11,65,0,0,76,1,77,25,10,95,12,142,126,0,126,268
07/27/2022,MFE,TX,ASW,CE,Federal Contract Tower,23,9,21,3,56,0,0,53,1,54,23,9,74,4,110,92,0,92,202
07/28/2022,MFE,TX,ASW,CE,Federal Contract Tower,26,12,21,27,86,0,0,52,6,58,26,12,73,33,144,50,0,50,194
07/29/2022,MFE,TX,ASW,CE,Federal Contract Tower,28,8,14,0,50,0,0,64,6,70,28,8,78,6,120,54,0,54,174
07/30/2022,MFE,TX,ASW,CE,Federal Contract Tower,26,10,12,2,50,0,0,35,6,41,26,10,47,8,91,58,0,58,149
07/31/2022,MFE,TX,ASW,CE,Federal Contract Tower,24,9,20,0,53,0,0,23,6,29,24,9,43,6,82,0,0,0,82
08/01/2022,MFE,TX,ASW,CE,Federal Contract Tower,27,13,30,29,99,0,0,47,9,56,27,13,77,38,155,38,0,38,193
08/02/2022,MFE,TX,ASW,CE,Federal Contract Tower,21,18,24,43,106,0,0,61,4,65,21,18,85,47,171,68,0,68,239
08/03/2022,MFE,TX,ASW,CE,Federal Contract Tower,20,16,23,46,105,0,0,46,8,54,20,16,69,54,159,0,0,0,159
08/04/2022,MFE,TX,ASW,CE,Federal Contract Tower,28,15,25,28,96,0,2,37,9,48,28,17,62,37,144,0,0,0,144
08/05/2022,MFE,TX,ASW,CE,Federal Contract Tower,27,12,13,28,80,0,1,58,7,66,27,13,71,35,146,100,0,100,246
08/06/2022,MFE,TX,ASW,CE,Federal Contract Tower,22,13,13,14,62,0,0,53,6,59,22,13,66,20,121,58,0,58,179
08/07/2022,MFE,TX,ASW,CE,Federal Contract Tower,19,11,13,2,45,0,0,32,5,37,19,11,45,7,82,64,0,64,146
08/08/2022,MFE,TX,ASW,CE,Federal Contract Tower,25,16,26,14,81,0,0,48,4,52,25,16,74,18,133,70,0,70,203
08/09/2022,MFE,TX,ASW,CE,Federal Contract Tower,21,8,18,10,57,0,0,73,0,73,21,8,91,10,130,96,0,96,226
08/10/2022,MFE,TX,ASW,CE,Federal Contract Tower,20,18,25,25,88,0,0,79,4,83,20,18,104,29,171,122,0,122,293
08/11/2022,MFE,TX,ASW,CE,Federal Contract Tower,23,19,45,32,119,0,0,57,6,63,23,19,102,38,182,98,0,98,280
08/12/2022,MFE,TX,ASW,CE,Federal Contract Tower,34,11,29,2,76,0,0,66,4,70,34,11,95,6,146,108,0,108,254
08/13/2022,MFE,TX,ASW,CE,Federal Contract Tower,20,8,14,0,42,0,0,29,2,31,20,8,43,2,73,16,0,16,89
08/14/2022,MFE,TX,ASW,CE,Federal Contract Tower,21,5,15,0,41,0,0,3,0,3,21,5,18,0,44,0,0,0,44
08/15/2022,MFE,TX,ASW,CE,Federal Contract Tower,27,14,20,4,65,0,0,50,7,57,27,14,70,11,122,32,0,32,154
08/16/2022,MFE,TX,ASW,CE,Federal Contract Tower,21,13,31,6,71,0,0,73,2,75,21,13,104,8,146,66,0,66,212
08/17/2022,MFE,TX,ASW,CE,Federal Contract Tower,25,12,34,17,88,0,1,71,0,72,25,13,105,17,160,92,0,92,252
08/18/2022,MFE,TX,ASW,CE,Federal Contract Tower,35,17,53,45,150,0,0,71,6,77,35,17,124,51,227,84,0,84,311
08/19/2022,MFE,TX,ASW,CE,Federal Contract Tower,28,14,17,20,79,0,0,85,6,91,28,14,102,26,170,72,0,72,242
08/20/2022,MFE,TX,ASW,CE,Federal Contract Tower,17,9,8,10,44,0,0,39,4,43,17,9,47,14,87,24,0,24,111
08/21/2022,MFE,TX,ASW,CE,Federal Contract Tower,20,7,12,19,58,0,0,26,7,33,20,7,38,26,91,0,0,0,91
08/22/2022,MFE,TX,ASW,CE,Federal Contract Tower,20,11,22,31,84,0,0,71,9,80,20,11,93,40,164,32,50,82,246
08/23/2022,MFE,TX,ASW,CE,Federal Contract Tower,22,6,14,44,86,0,0,82,2,84,22,6,96,46,170,130,0,130,300
08/24/2022,MFE,TX,ASW,CE,Federal Contract Tower,24,17,27,35,103,0,0,63,11,74,24,17,90,46,177,98,0,98,275
08/25/2022,MFE,TX,ASW,CE,Federal Contract Tower,27,14,32,34,107,0,0,93,6,99,27,14,125,40,206,148,0,148,354
08/26/2022,MFE,TX,ASW,CE,Federal Contract Tower,30,16,33,8,87,0,0,51,2,53,30,16,84,10,140,84,0,84,224
08/27/2022,MFE,TX,ASW,CE,Federal Contract Tower,19,12,10,14,55,0,0,40,8,48,19,12,50,22,103,44,0,44,147
08/28/2022,MFE,TX,ASW,CE,Federal Contract Tower,21,11,26,15,73,0,0,32,7,39,21,11,58,22,112,0,0,0,112
08/29/2022,MFE,TX,ASW,CE,Federal Contract Tower,23,24,20,35,102,0,0,68,8,76,23,24,88,43,178,56,0,56,234
08/30/2022,MFE,TX,ASW,CE,Federal Contract Tower,15,19,33,38,105,0,0,68,5,73,15,19,101,43,178,84,10,94,272
08/31/2022,MFE,TX,ASW,CE,Federal Contract Tower,24,24,32,26,106,0,0,60,0,60,24,24,92,26,166,66,0,66,232
09/01/2022,MFE,TX,ASW,CE,Federal Contract Tower,22,10,43,35,110,0,0,77,6,83,22,10,120,41,193,66,0,66,259
09/02/2022,MFE,TX,ASW,CE,Federal Contract Tower,24,14,28,0,66,0,0,55,4,59,24,14,83,4,125,27,0,27,152
09/03/2022,MFE,TX,ASW,CE,Federal Contract Tower,15,11,10,0,36,0,0,18,0,18,15,11,28,0,54,16,0,16,70
09/04/2022,MFE,TX,ASW,CE,Federal Contract Tower,17,12,11,0,40,0,0,17,2,19,17,12,28,2,59,10,0,10,69
09/05/2022,MFE,TX,ASW,CE,Federal Contract Tower,26,15,15,0,56,0,0,4,0,4,26,15,19,0,60,0,0,0,60
09/06/2022,MFE,TX,ASW,CE,Federal Contract Tower,26,16,20,8,70,0,0,28,2,30,26,16,48,10,100,68,0,68,168
09/07/2022,MFE,TX,ASW,CE,Federal Contract Tower,27,19,43,25,114,0,0,27,0,27,27,19,70,25,141,24,0,24,165
09/08/2022,MFE,TX,ASW,CE,Federal Contract Tower,30,24,31,61,146,0,0,70,8,78,30,24,101,69,224,68,0,68,292
09/09/2022,MFE,TX,ASW,CE,Federal Contract Tower,29,20,37,24,110,0,0,83,6,89,29,20,120,30,199,106,0,106,305
09/10/2022,MFE,TX,ASW,CE,Federal Contract Tower,19,10,18,7,54,0,0,70,7,77,19,10,88,14,131,40,0,40,171
09/11/2022,MFE,TX,ASW,CE,Federal Contract Tower,28,6,37,0,71,0,0,29,6,35,28,6,66,6,106,34,0,34,140
09/12/2022,MFE,TX,ASW,CE,Federal Contract Tower,25,13,34,18,90,0,0,93,8,101,25,13,127,26,191,74,0,74,265
09/13/2022,MFE,TX,ASW,CE,Federal Contract Tower,21,9,32,101,163,0,0,80,4,84,21,9,112,105,247,104,0,104,351
09/14/2022,MFE,TX,ASW,CE,Federal Contract Tower,29,16,33,5,83,0,1,85,4,90,29,17,118,9,173,50,0,50,223
09/15/2022,MFE,TX,ASW,CE,Federal Contract Tower,31,15,32,2,80,0,0,55,6,61,31,15,87,8,141,14,12,26,167
09/16/2022,MFE,TX,ASW,CE,Federal Contract Tower,35,10,21,23,89,0,0,66,9,75,35,10,87,32,164,38,0,38,202
09/17/2022,MFE,TX,ASW,CE,Federal Contract Tower,25,4,6,12,47,0,0,35,5,40,25,4,41,17,87,24,0,24,111
09/18/2022,MFE,TX,ASW,CE,Federal Contract Tower,29,11,5,0,45,0,0,27,4,31,29,11,32,4,76,4,0,4,80
09/19/2022,MFE,TX,ASW,CE,Federal Contract Tower,29,17,24,2,72,0,0,53,6,59,29,17,77,8,131,52,0,52,183
09/20/2022,MFE,TX,ASW,CE,Federal Contract Tower,25,23,29,17,94,0,0,54,2,56,25,23,83,19,150,80,0,80,230
09/21/2022,MFE,TX,ASW,CE,Federal Contract Tower,27,20,30,30,107,0,0,64,0,64,27,20,94,30,171,50,0,50,221
09/22/2022,MFE,TX,ASW,CE,Federal Contract Tower,32,28,28,35,123,0,0,77,7,84,32,28,105,42,207,44,20,64,271
09/23/2022,MFE,TX,ASW,CE,Federal Contract Tower,27,23,36,20,106,0,0,50,6,56,27,23,86,26,162,56,0,56,218
09/24/2022,MFE,TX,ASW,CE,Federal Contract Tower,22,15,8,0,45,0,0,56,6,62,22,15,64,6,107,66,0,66,173
09/25/2022,MFE,TX,ASW,CE,Federal Contract Tower,28,6,22,0,56,0,0,35,2,37,28,6,57,2,93,28,0,28,121
09/26/2022,MFE,TX,ASW,CE,Federal Contract Tower,28,22,18,12,80,0,0,59,6,65,28,22,77,18,145,26,0,26,171
09/27/2022,MFE,TX,ASW,CE,Federal Contract Tower,21,27,25,27,100,0,0,60,1,61,21,27,85,28,161,30,0,30,191
09/28/2022,MFE,TX,ASW,CE,Federal Contract Tower,27,11,19,48,105,0,0,98,1,99,27,11,117,49,204,64,0,64,268
09/29/2022,MFE,TX,ASW,CE,Federal Contract Tower,35,15,28,9,87,0,0,97,7,104,35,15,125,16,191,56,0,56,247
09/30/2022,MFE,TX,ASW,CE,Federal Contract Tower,41,14,35,16,106,0,0,76,7,83,41,14,111,23,189,34,0,34,223
10/01/2022,MFE,TX,ASW,CE,Federal Contract Tower,24,7,17,6,54,0,0,67,6,73,24,7,84,12,127,52,0,52,179
10/02/2022,MFE,TX,ASW,CE,Federal Contract Tower,26,14,25,6,71,0,0,43,6,49,26,14,68,12,120,12,0,12,132
10/03/2022,MFE,TX,ASW,CE,Federal Contract Tower,28,12,41,19,100,0,0,56,5,61,28,12,97,24,161,0,0,0,161
10/04/2022,MFE,TX,ASW,CE,Federal Contract Tower,28,14,30,44,116,0,0,65,0,65,28,14,95,44,181,40,0,40,221
10/05/2022,MFE,TX,ASW,CE,Federal Contract Tower,23,13,32,24,92,0,0,95,3,98,23,13,127,27,190,30,0,30,220
10/06/2022,MFE,TX,ASW,CE,Federal Contract Tower,34,12,23,26,95,0,0,89,7,96,34,12,112,33,191,60,0,60,251
10/07/2022,MFE,TX,ASW,CE,Federal Contract Tower,31,7,23,21,82,0,0,79,8,87,31,7,102,29,169,54,0,54,223
10/08/2022,MFE,TX,ASW,CE,Federal Contract Tower,24,12,15,2,53,0,0,51,7,58,24,12,66,9,111,28,0,28,139
10/09/2022,MFE,TX,ASW,CE,Federal Contract Tower,28,0,25,0,53,0,0,47,0,47,28,0,72,0,100,6,0,6,106
10/10/2022,MFE,TX,ASW,CE,Federal Contract Tower,27,9,8,0,44,0,0,50,0,50,27,9,58,0,94,46,0,46,140
10/11/2022,MFE,TX,ASW,CE,Federal Contract Tower,25,4,28,24,81,0,0,73,0,73,25,4,101,24,154,62,0,62,216
10/12/2022,MFE,TX,ASW,CE,Federal Contract Tower,25,8,30,28,91,0,0,85,6,91,25,8,115,34,182,78,44,122,304
10/13/2022,MFE,TX,ASW,CE,Federal Contract Tower,29,8,44,32,113,0,0,69,4,73,29,8,113,36,186,24,0,24,210
10/14/2022,MFE,TX,ASW,CE,Federal Contract Tower,32,9,40,11,92,0,0,78,12,90,32,9,118,23,182,62,0,62,244
10/15/2022,MFE,TX,ASW,CE,Federal Contract Tower,29,0,9,0,38,0,0,52,0,52,29,0,61,0,90,34,0,34,124
10/16/2022,MFE,TX,ASW,CE,Federal Contract Tower,26,3,14,4,47,0,0,56,9,65,26,3,70,13,112,0,0,0,112
10/17/2022,MFE,TX,ASW,CE,Federal Contract Tower,29,7,24,14,74,0,0,30,0,30,29,7,54,14,104,0,0,0,104
10/18/2022,MFE,TX,ASW,CE,Federal Contract Tower,25,11,30,20,86,0,0,37,8,45,25,11,67,28,131,0,0,0,131
10/19/2022,MFE,TX,ASW,CE,Federal Contract Tower,30,15,28,13,86,0,2,97,1,100,30,17,125,14,186,64,0,64,250
10/20/2022,MFE,TX,ASW,CE,Federal Contract Tower,28,10,29,5,72,0,0,118,4,122,28,10,147,9,194,40,0,40,234
10/21/2022,MFE,TX,ASW,CE,Federal Contract Tower,29,10,33,2,74,0,0,92,7,99,29,10,125,9,173,88,0,88,261
10/22/2022,MFE,TX,ASW,CE,Federal Contract Tower,22,8,17,9,56,0,0,51,7,58,22,8,68,16,114,56,0,56,170
10/23/2022,MFE,TX,ASW,CE,Federal Contract Tower,28,7,27,2,64,0,0,47,6,53,28,7,74,8,117,0,0,0,117
10/25/2022,MFE,TX,ASW,CE,Federal Contract Tower,20,9,25,15,69,0,0,97,0,97,20,9,122,15,166,42,0,42,208
10/26/2022,MFE,TX,ASW,CE,Federal Contract Tower,25,6,42,30,103,0,0,93,2,95,25,6,135,32,198,54,0,54,252
10/27/2022,MFE,TX,ASW,CE,Federal Contract Tower,34,10,48,10,102,0,0,63,6,69,34,10,111,16,171,62,0,62,233
10/28/2022,MFE,TX,ASW,CE,Federal Contract Tower,33,12,18,18,81,0,0,49,8,57,33,12,67,26,138,50,26,76,214
10/29/2022,MFE,TX,ASW,CE,Federal Contract Tower,22,2,24,2,50,0,0,60,7,67,22,2,84,9,117,102,0,102,219
10/30/2022,MFE,TX,ASW,CE,Federal Contract Tower,27,1,21,6,55,0,0,66,7,73,27,1,87,13,128,30,6,36,164
10/31/2022,MFE,TX,ASW,CE,Federal Contract Tower,24,9,30,22,85,0,0,37,0,37,24,9,67,22,122,60,0,60,182
11/01/2022,MFE,TX,ASW,CE,Federal Contract Tower,22,8,19,6,55,0,0,12,0,12,22,8,31,6,67,0,0,0,67
11/02/2022,MFE,TX,ASW,CE,Federal Contract Tower,28,8,36,18,90,1,0,35,0,36,29,8,71,18,126,104,0,104,230
11/03/2022,MFE,TX,ASW,CE,Federal Contract Tower,24,12,24,18,78,0,0,67,4,71,24,12,91,22,149,88,0,88,237
11/04/2022,MFE,TX,ASW,CE,Federal Contract Tower,23,8,27,14,72,0,0,39,4,43,23,8,66,18,115,28,6,34,149
11/05/2022,MFE,TX,ASW,CE,Federal Contract Tower,18,1,13,0,32,0,0,83,8,91,18,1,96,8,123,48,0,48,171
11/06/2022,MFE,TX,ASW,CE,Federal Contract Tower,21,6,17,18,62,0,0,67,8,75,21,6,84,26,137,32,0,32,169
11/07/2022,MFE,TX,ASW,CE,Federal Contract Tower,25,6,33,8,72,0,0,50,0,50,25,6,83,8,122,56,0,56,178
11/08/2022,MFE,TX,ASW,CE,Federal Contract Tower,21,10,28,0,59,0,0,71,0,71,21,10,99,0,130,108,0,108,238
11/09/2022,MFE,TX,ASW,CE,Federal Contract Tower,20,9,31,0,60,0,1,72,6,79,20,10,103,6,139,116,0,116,255
11/10/2022,MFE,TX,ASW,CE,Federal Contract Tower,24,10,33,8,75,0,0,67,6,73,24,10,100,14,148,86,0,86,234
11/11/2022,MFE,TX,ASW,CE,Federal Contract Tower,24,8,38,0,70,0,0,54,9,63,24,8,92,9,133,42,0,42,175
11/12/2022,MFE,TX,ASW,CE,Federal Contract Tower,21,2,16,12,51,0,0,39,4,43,21,2,55,16,94,30,0,30,124
11/13/2022,MFE,TX,ASW,CE,Federal Contract Tower,22,3,23,7,55,0,0,56,5,61,22,3,79,12,116,32,6,38,154
11/14/2022,MFE,TX,ASW,CE,Federal Contract Tower,23,4,31,12,70,0,0,52,0,52,23,4,83,12,122,94,0,94,216
11/15/2022,MFE,TX,ASW,CE,Federal Contract Tower,18,4,37,59,118,0,0,75,4,79,18,4,112,63,197,48,6,54,251
11/16/2022,MFE,TX,ASW,CE,Federal Contract Tower,21,9,24,38,92,0,0,59,0,59,21,9,83,38,151,82,0,82,233
11/17/2022,MFE,TX,ASW,CE,Federal Contract Tower,23,5,40,24,92,0,0,40,4,44,23,5,80,28,136,62,0,62,198
11/18/2022,MFE,TX,ASW,CE,Federal Contract Tower,23,10,33,6,72,0,0,0,0,0,23,10,33,6,72,0,0,0,72
11/19/2022,MFE,TX,ASW,CE,Federal Contract Tower,22,4,13,2,41,0,0,0,0,0,22,4,13,2,41,0,0,0,41
11/20/2022,MFE,TX,ASW,CE,Federal Contract Tower,23,7,26,6,62,0,0,11,3,14,23,7,37,9,76,32,0,32,108
11/21/2022,MFE,TX,ASW,CE,Federal Contract Tower,25,15,16,24,80,0,0,0,0,0,25,15,16,24,80,0,0,0,80
11/22/2022,MFE,TX,ASW,CE,Federal Contract Tower,24,10,23,26,83,0,0,0,0,0,24,10,23,26,83,0,0,0,83
11/23/2022,MFE,TX,ASW,CE,Federal Contract Tower,27,12,39,0,78,0,0,0,0,0,27,12,39,0,78,0,0,0,78
11/24/2022,MFE,TX,ASW,CE,Federal Contract Tower,21,3,17,0,41,0,0,9,0,9,21,3,26,0,50,0,0,0,50
11/25/2022,MFE,TX,ASW,CE,Federal Contract Tower,32,4,9,0,45,0,0,0,0,0,32,4,9,0,45,0,0,0,45
11/26/2022,MFE,TX,ASW,CE,Federal Contract Tower,21,2,19,0,42,0,0,69,10,79,21,2,88,10,121,48,0,48,169
11/27/2022,MFE,TX,ASW,CE,Federal Contract Tower,22,5,28,0,55,0,0,74,8,82,22,5,102,8,137,74,0,74,211
11/28/2022,MFE,TX,ASW,CE,Federal Contract Tower,26,12,38,9,85,0,0,26,0,26,26,12,64,9,111,86,0,86,197
11/29/2022,MFE,TX,ASW,CE,Federal Contract Tower,18,13,32,28,91,0,0,79,2,81,18,13,111,30,172,136,20,156,328
11/30/2022,MFE,TX,ASW,CE,Federal Contract Tower,21,12,29,22,84,0,0,20,6,26,21,12,49,28,110,0,0,0,110
12/01/2022,MFE,TX,ASW,CE,Federal Contract Tower,29,22,58,29,138,0,0,36,4,40,29,22,94,33,178,62,0,62,240
12/02/2022,MFE,TX,ASW,CE,Federal Contract Tower,27,15,32,16,90,0,0,5,4,9,27,15,37,20,99,0,0,0,99
12/03/2022,MFE,TX,ASW,CE,Federal Contract Tower,19,7,29,0,55,0,0,3,4,7,19,7,32,4,62,0,0,0,62
12/04/2022,MFE,TX,ASW,CE,Federal Contract Tower,29,8,30,4,71,0,0,14,0,14,29,8,44,4,85,14,0,14,99
12/05/2022,MFE,TX,ASW,CE,Federal Contract Tower,31,20,42,63,156,0,0,62,5,67,31,20,104,68,223,58,36,94,317
12/06/2022,MFE,TX,ASW,CE,Federal Contract Tower,21,15,32,41,109,0,0,76,1,77,21,15,108,42,186,36,0,36,222
12/07/2022,MFE,TX,ASW,CE,Federal Contract Tower,23,14,38,23,98,0,0,54,0,54,23,14,92,23,152,98,0,98,250
12/08/2022,MFE,TX,ASW,CE,Federal Contract Tower,26,23,44,0,93,0,0,75,8,83,26,23,119,8,176,84,0,84,260
12/09/2022,MFE,TX,ASW,CE,Federal Contract Tower,26,6,40,24,96,0,0,58,6,64,26,6,98,30,160,72,0,72,232
12/10/2022,MFE,TX,ASW,CE,Federal Contract Tower,18,5,18,18,59,0,0,45,6,51,18,5,63,24,110,36,0,36,146
12/11/2022,MFE,TX,ASW,CE,Federal Contract Tower,27,5,33,6,71,0,0,49,8,57,27,5,82,14,128,0,0,0,128
12/12/2022,MFE,TX,ASW,CE,Federal Contract Tower,24,13,33,22,92,0,0,49,2,51,24,13,82,24,143,54,0,54,197
12/13/2022,MFE,TX,ASW,CE,Federal Contract Tower,18,11,21,26,76,0,0,72,4,76,18,11,93,30,152,68,0,68,220
12/14/2022,MFE,TX,ASW,CE,Federal Contract Tower,18,12,21,26,77,0,0,72,0,72,18,12,93,26,149,52,0,52,201
12/15/2022,MFE,TX,ASW,CE,Federal Contract Tower,22,11,36,47,116,0,0,93,6,99,22,11,129,53,215,38,0,38,253
12/16/2022,MFE,TX,ASW,CE,Federal Contract Tower,30,16,33,22,101,0,0,76,8,84,30,16,109,30,185,62,0,62,247
12/17/2022,MFE,TX,ASW,CE,Federal Contract Tower,21,4,18,0,43,0,0,65,5,70,21,4,83,5,113,36,0,36,149
12/18/2022,MFE,TX,ASW,CE,Federal Contract Tower,22,5,19,17,63,0,0,33,3,36,22,5,52,20,99,34,0,34,133
12/19/2022,MFE,TX,ASW,CE,Federal Contract Tower,25,9,25,55,114,0,0,16,0,16,25,9,41,55,130,32,8,40,170
12/20/2022,MFE,TX,ASW,CE,Federal Contract Tower,17,19,40,30,106,0,0,57,3,60,17,19,97,33,166,118,30,148,314
12/21/2022,MFE,TX,ASW,CE,Federal Contract Tower,25,23,40,34,122,0,0,64,0,64,25,23,104,34,186,62,0,62,248
12/22/2022,MFE,TX,ASW,CE,Federal Contract Tower,26,15,34,11,86,0,0,52,8,60,26,15,86,19,146,0,0,0,146
12/23/2022,MFE,TX,ASW,CE,Federal Contract Tower,16,7,16,0,39,0,0,49,9,58,16,7,65,9,97,16,2,18,115
12/24/2022,MFE,TX,ASW,CE,Federal Contract Tower,15,6,10,0,31,0,0,27,8,35,15,6,37,8,66,20,0,20,86
12/25/2022,MFE,TX,ASW,CE,Federal Contract Tower,17,4,3,0,24,0,0,26,6,32,17,4,29,6,56,6,0,6,62
12/26/2022,MFE,TX,ASW,CE,Federal Contract Tower,28,8,33,0,69,0,0,52,0,52,28,8,85,0,121,22,0,22,143
12/27/2022,MFE,TX,ASW,CE,Federal Contract Tower,22,11,26,0,59,0,0,77,0,77,22,11,103,0,136,52,0,52,188
12/28/2022,MFE,TX,ASW,CE,Federal Contract Tower,26,7,30,0,63,0,0,76,0,76,26,7,106,0,139,20,0,20,159
12/29/2022,MFE,TX,ASW,CE,Federal Contract Tower,19,8,33,10,70,0,0,71,8,79,19,8,104,18,149,80,6,86,235
12/30/2022,MFE,TX,ASW,CE,Federal Contract Tower,24,6,23,2,55,0,0,84,0,84,24,6,107,2,139,124,0,124,263
12/31/2022,MFE,TX,ASW,CE,Federal Contract Tower,14,3,13,0,30,0,0,68,0,68,14,3,81,0,98,54,0,54,152
01/01/2023,MFE,TX,ASW,CE,Federal Contract Tower,20,2,21,0,43,0,0,27,0,27,20,2,48,0,70,60,0,60,130
01/02/2023,MFE,TX,ASW,CE,Federal Contract Tower,21,4,18,0,43,0,0,33,0,33,21,4,51,0,76,24,0,24,100
01/03/2023,MFE,TX,ASW,CE,Federal Contract Tower,20,5,32,14,71,0,1,60,0,61,20,6,92,14,132,72,0,72,204
01/04/2023,MFE,TX,ASW,CE,Federal Contract Tower,30,7,23,12,72,0,0,76,0,76,30,7,99,12,148,96,0,96,244
01/05/2023,MFE,TX,ASW,CE,Federal Contract Tower,21,6,23,18,68,0,0,86,5,91,21,6,109,23,159,142,0,142,301
01/06/2023,MFE,TX,ASW,CE,Federal Contract Tower,28,4,27,17,76,0,0,64,8,72,28,4,91,25,148,72,0,72,220
01/07/2023,MFE,TX,ASW,CE,Federal Contract Tower,17,3,15,10,45,0,0,55,6,61,17,3,70,16,106,32,0,32,138
01/08/2023,MFE,TX,ASW,CE,Federal Contract Tower,25,4,25,1,55,0,0,29,6,35,25,4,54,7,90,22,0,22,112
01/09/2023,MFE,TX,ASW,CE,Federal Contract Tower,21,5,24,16,66,0,0,59,0,59,21,5,83,16,125,62,0,62,187
01/10/2023,MFE,TX,ASW,CE,Federal Contract Tower,17,6,19,29,71,0,0,70,0,70,17,6,89,29,141,26,0,26,167
01/11/2023,MFE,TX,ASW,CE,Federal Contract Tower,26,12,36,16,90,0,0,56,0,56,26,12,92,16,146,26,0,26,172
01/12/2023,MFE,TX,ASW,CE,Federal Contract Tower,26,8,33,23,90,0,0,76,6,82,26,8,109,29,172,44,0,44,216
01/13/2023,MFE,TX,ASW,CE,Federal Contract Tower,24,4,29,6,63,0,0,83,7,90,24,4,112,13,153,102,0,102,255
01/14/2023,MFE,TX,ASW,CE,Federal Contract Tower,14,10,20,6,50,0,0,99,6,105,14,10,119,12,155,132,0,132,287
01/15/2023,MFE,TX,ASW,CE,Federal Contract Tower,20,3,14,0,37,0,0,30,8,38,20,3,44,8,75,30,0,30,105
01/16/2023,MFE,TX,ASW,CE,Federal Contract Tower,21,4,13,0,38,0,2,43,0,45,21,6,56,0,83,100,0,100,183
01/17/2023,MFE,TX,ASW,CE,Federal Contract Tower,19,6,26,14,65,0,0,52,0,52,19,6,78,14,117,88,0,88,205
01/18/2023,MFE,TX,ASW,CE,Federal Contract Tower,25,9,35,49,118,0,0,57,7,64,25,9,92,56,182,126,26,152,334
01/19/2023,MFE,TX,ASW,CE,Federal Contract Tower,28,18,38,37,121,0,0,75,4,79,28,18,113,41,200,32,0,32,232
01/20/2023,MFE,TX,ASW,CE,Federal Contract Tower,33,6,31,31,101,0,0,51,3,54,33,6,82,34,155,96,0,96,251
01/21/2023,MFE,TX,ASW,CE,Federal Contract Tower,15,5,21,20,61,0,0,21,6,27,15,5,42,26,88,48,0,48,136
01/22/2023,MFE,TX,ASW,CE,Federal Contract Tower,23,4,15,8,50,0,0,73,6,79,23,4,88,14,129,56,0,56,185
01/23/2023,MFE,TX,ASW,CE,Federal Contract Tower,24,6,46,56,132,0,0,44,0,44,24,6,90,56,176,18,0,18,194
01/24/2023,MFE,TX,ASW,CE,Federal Contract Tower,20,8,27,71,126,0,0,31,1,32,20,8,58,72,158,34,0,34,192
01/25/2023,MFE,TX,ASW,CE,Federal Contract Tower,20,4,28,61,113,0,0,95,2,97,20,4,123,63,210,118,10,128,338
01/26/2023,MFE,TX,ASW,CE,Federal Contract Tower,26,4,54,8,92,0,0,85,6,91,26,4,139,14,183,112,0,112,295
01/27/2023,MFE,TX,ASW,CE,Federal Contract Tower,26,3,35,10,74,0,0,13,0,13,26,3,48,10,87,12,0,12,99
01/28/2023,MFE,TX,ASW,CE,Federal Contract Tower,17,4,22,16,59,0,0,51,8,59,17,4,73,24,118,82,0,82,200
01/29/2023,MFE,TX,ASW,CE,Federal Contract Tower,29,1,22,31,83,0,0,58,9,67,29,1,80,40,150,74,0,74,224
01/30/2023,MFE,TX,ASW,CE,Federal Contract Tower,16,4,33,6,59,0,0,25,0,25,16,4,58,6,84,0,18,18,102
01/31/2023,MFE,TX,ASW,CE,Federal Contract Tower,18,10,15,9,52,0,0,0,0,0,18,10,15,9,52,0,0,0,52
02/01/2023,MFE,TX,ASW,CE,Federal Contract Tower,18,0,36,51,105,0,0,0,0,0,18,0,36,51,105,0,0,0,105
02/02/2023,MFE,TX,ASW,CE,Federal Contract Tower,25,4,52,77,158,0,0,48,6,54,25,4,100,83,212,84,48,132,344
02/03/2023,MFE,TX,ASW,CE,Federal Contract Tower,24,6,38,40,108,0,0,102,6,108,24,6,140,46,216,98,0,98,314
02/04/2023,MFE,TX,ASW,CE,Federal Contract Tower,14,4,8,4,30,0,0,83,6,89,14,4,91,10,119,110,0,110,229
02/05/2023,MFE,TX,ASW,CE,Federal Contract Tower,20,2,19,7,48,0,0,51,7,58,20,2,70,14,106,42,0,42,148
02/06/2023,MFE,TX,ASW,CE,Federal Contract Tower,25,2,40,15,82,0,0,28,0,28,25,2,68,15,110,0,0,0,110
02/07/2023,MFE,TX,ASW,CE,Federal Contract Tower,17,9,30,46,102,0,0,28,2,30,17,9,58,48,132,0,12,12,144
02/08/2023,MFE,TX,ASW,CE,Federal Contract Tower,23,2,35,64,124,0,0,46,1,47,23,2,81,65,171,32,0,32,203
02/09/2023,MFE,TX,ASW,CE,Federal Contract Tower,23,3,48,11,85,0,0,76,6,82,23,3,124,17,167,36,28,64,231
02/10/2023,MFE,TX,ASW,CE,Federal Contract Tower,22,0,30,12,64,0,0,40,3,43,22,0,70,15,107,14,0,14,121
02/11/2023,MFE,TX,ASW,CE,Federal Contract Tower,16,0,15,4,35,0,0,64,7,71,16,0,79,11,106,118,0,118,224
02/12/2023,MFE,TX,ASW,CE,Federal Contract Tower,25,2,16,0,43,0,0,57,4,61,25,2,73,4,104,46,0,46,150
02/13/2023,MFE,TX,ASW,CE,Federal Contract Tower,20,10,21,22,73,0,0,35,2,37,20,10,56,24,110,22,6,28,138
02/14/2023,MFE,TX,ASW,CE,Federal Contract Tower,17,8,14,25,64,0,0,72,0,72,17,8,86,25,136,88,0,88,224
02/15/2023,MFE,TX,ASW,CE,Federal Contract Tower,23,5,43,32,103,0,0,44,2,46,23,5,87,34,149,20,0,20,169
02/16/2023,MFE,TX,ASW,CE,Federal Contract Tower,26,6,44,28,104,0,0,36,5,41,26,6,80,33,145,0,0,0,145
02/17/2023,MFE,TX,ASW,CE,Federal Contract Tower,24,9,30,17,80,0,0,69,6,75,24,9,99,23,155,92,0,92,247
02/18/2023,MFE,TX,ASW,CE,Federal Contract Tower,16,0,18,12,46,0,0,65,8,73,16,0,83,20,119,54,0,54,173
02/19/2023,MFE,TX,ASW,CE,Federal Contract Tower,21,0,9,0,30,0,0,43,8,51,21,0,52,8,81,58,0,58,139
02/20/2023,MFE,TX,ASW,CE,Federal Contract Tower,24,4,24,6,58,0,0,38,0,38,24,4,62,6,96,12,0,12,108
02/21/2023,MFE,TX,ASW,CE,Federal Contract Tower,21,6,25,18,70,0,0,37,0,37,21,6,62,18,107,26,0,26,133
02/22/2023,MFE,TX,ASW,CE,Federal Contract Tower,22,12,28,14,76,0,0,81,0,81,22,12,109,14,157,144,0,144,301
02/23/2023,MFE,TX,ASW,CE,Federal Contract Tower,25,0,54,24,103,0,0,74,6,80,25,0,128,30,183,54,0,54,237
02/24/2023,MFE,TX,ASW,CE,Federal Contract Tower,23,0,40,16,79,0,0,69,6,75,23,0,109,22,154,114,0,114,268
02/25/2023,MFE,TX,ASW,CE,Federal Contract Tower,24,0,16,22,62,0,0,57,10,67,24,0,73,32,129,82,0,82,211
02/26/2023,MFE,TX,ASW,CE,Federal Contract Tower,20,0,43,20,83,0,0,48,5,53,20,0,91,25,136,14,0,14,150
02/27/2023,MFE,TX,ASW,CE,Federal Contract Tower,22,11,28,26,87,0,0,62,0,62,22,11,90,26,149,28,0,28,177
02/28/2023,MFE,TX,ASW,CE,Federal Contract Tower,20,2,29,12,63,0,0,71,0,71,20,2,100,12,134,70,0,70,204
03/01/2023,MFE,TX,ASW,CE,Federal Contract Tower,18,0,29,38,85,0,0,73,0,73,18,0,102,38,158,78,0,78,236
03/02/2023,MFE,TX,ASW,CE,Federal Contract Tower,27,2,41,33,103,0,0,97,1,98,27,2,138,34,201,130,10,140,341
03/03/2023,MFE,TX,ASW,CE,Federal Contract Tower,20,1,32,29,82,0,0,73,8,81,20,1,105,37,163,74,0,74,237
03/04/2023,MFE,TX,ASW,CE,Federal Contract Tower,19,1,14,8,42,0,0,69,8,77,19,1,83,16,119,58,0,58,177
03/05/2023,MFE,TX,ASW,CE,Federal Contract Tower,24,1,17,4,46,0,0,63,8,71,24,1,80,12,117,48,0,48,165
03/06/2023,MFE,TX,ASW,CE,Federal Contract Tower,19,6,24,30,79,0,0,49,1,50,19,6,73,31,129,24,18,42,171
03/07/2023,MFE,TX,ASW,CE,Federal Contract Tower,18,7,37,33,95,0,0,48,0,48,18,7,85,33,143,14,0,14,157
03/08/2023,MFE,TX,ASW,CE,Federal Contract Tower,19,3,37,12,71,0,0,71,0,71,19,3,108,12,142,76,0,76,218
03/09/2023,MFE,TX,ASW,CE,Federal Contract Tower,30,1,37,16,84,0,0,68,0,68,30,1,105,16,152,68,0,68,220
03/10/2023,MFE,TX,ASW,CE,Federal Contract Tower,26,7,50,20,103,0,0,48,10,58,26,7,98,30,161,68,0,68,229
03/11/2023,MFE,TX,ASW,CE,Federal Contract Tower,23,3,20,2,48,0,0,53,10,63,23,3,73,12,111,114,0,114,225
03/12/2023,MFE,TX,ASW,CE,Federal Contract Tower,26,2,12,11,51,0,0,44,3,47,26,2,56,14,98,22,18,40,138
03/13/2023,MFE,TX,ASW,CE,Federal Contract Tower,24,6,30,24,84,0,0,47,0,47,24,6,77,24,131,72,0,72,203
03/14/2023,MFE,TX,ASW,CE,Federal Contract Tower,19,7,19,18,63,0,0,25,0,25,19,7,44,18,88,10,0,10,98
03/15/2023,MFE,TX,ASW,CE,Federal Contract Tower,20,14,37,37,108,0,0,42,0,42,20,14,79,37,150,58,0,58,208
03/16/2023,MFE,TX,ASW,CE,Federal Contract Tower,25,7,33,14,79,0,0,37,0,37,25,7,70,14,116,14,2,16,132
03/17/2023,MFE,TX,ASW,CE,Federal Contract Tower,28,1,28,33,90,0,0,34,4,38,28,1,62,37,128,8,0,8,136
03/18/2023,MFE,TX,ASW,CE,Federal Contract Tower,18,1,25,2,46,0,0,55,4,59,18,1,80,6,105,34,0,34,139
03/19/2023,MFE,TX,ASW,CE,Federal Contract Tower,24,4,13,4,45,0,0,25,4,29,24,4,38,8,74,56,0,56,130
03/20/2023,MFE,TX,ASW,CE,Federal Contract Tower,25,7,30,72,134,0,0,50,0,50,25,7,80,72,184,78,0,78,262
03/21/2023,MFE,TX,ASW,CE,Federal Contract Tower,17,8,36,44,105,0,0,69,1,70,17,8,105,45,175,18,12,30,205
03/22/2023,MFE,TX,ASW,CE,Federal Contract Tower,17,6,35,36,94,0,0,63,1,64,17,6,98,37,158,86,0,86,244
03/23/2023,MFE,TX,ASW,CE,Federal Contract Tower,26,7,36,14,83,0,0,41,0,41,26,7,77,14,124,24,0,24,148
03/24/2023,MFE,TX,ASW,CE,Federal Contract Tower,26,2,27,8,63,0,0,72,15,87,26,2,99,23,150,74,0,74,224
03/25/2023,MFE,TX,ASW,CE,Federal Contract Tower,17,3,21,12,53,0,0,63,6,69,17,3,84,18,122,146,0,146,268
03/26/2023,MFE,TX,ASW,CE,Federal Contract Tower,23,3,16,12,54,0,0,26,8,34,23,3,42,20,88,18,0,18,106
03/27/2023,MFE,TX,ASW,CE,Federal Contract Tower,26,8,32,18,84,0,0,46,0,46,26,8,78,18,130,14,0,14,144
03/28/2023,MFE,TX,ASW,CE,Federal Contract Tower,18,7,16,8,49,0,0,0,0,0,18,7,16,8,49,0,0,0,49
03/29/2023,MFE,TX,ASW,CE,Federal Contract Tower,18,6,30,44,98,0,0,72,0,72,18,6,102,44,170,134,0,134,304
03/30/2023,MFE,TX,ASW,CE,Federal Contract Tower,21,13,35,17,86,0,0,58,0,58,21,13,93,17,144,60,0,60,204
03/31/2023,MFE,TX,ASW,CE,Federal Contract Tower,22,2,18,20,62,0,0,62,6,68,22,2,80,26,130,74,0,74,204
04/01/2023,MFE,TX,ASW,CE,Federal Contract Tower,19,1,21,0,41,0,0,53,8,61,19,1,74,8,102,44,0,44,146
04/02/2023,MFE,TX,ASW,CE,Federal Contract Tower,18,4,27,8,57,0,0,50,8,58,18,4,77,16,115,22,0,22,137
04/03/2023,MFE,TX,ASW,CE,Federal Contract Tower,17,8,28,0,53,0,0,76,0,76,17,8,104,0,129,96,0,96,225
04/04/2023,MFE,TX,ASW,CE,Federal Contract Tower,17,3,28,73,121,0,0,44,1,45,17,3,72,74,166,70,6,76,242
04/05/2023,MFE,TX,ASW,CE,Federal Contract Tower,12,5,41,18,76,0,0,62,0,62,12,5,103,18,138,126,0,126,264
04/06/2023,MFE,TX,ASW,CE,Federal Contract Tower,21,4,29,0,54,0,0,11,0,11,21,4,40,0,65,10,0,10,75
04/07/2023,MFE,TX,ASW,CE,Federal Contract Tower,28,2,17,0,47,0,0,1,0,1,28,2,18,0,48,0,0,0,48
04/08/2023,MFE,TX,ASW,CE,Federal Contract Tower,20,0,17,0,37,0,0,28,0,28,20,0,45,0,65,84,0,84,149
04/09/2023,MFE,TX,ASW,CE,Federal Contract Tower,21,1,23,9,54,0,0,35,7,42,21,1,58,16,96,56,12,68,164
04/10/2023,MFE,TX,ASW,CE,Federal Contract Tower,23,3,34,17,77,0,0,45,0,45,23,3,79,17,122,44,0,44,166
04/11/2023,MFE,TX,ASW,CE,Federal Contract Tower,22,6,32,40,100,0,0,78,0,78,22,6,110,40,178,52,0,52,230
04/12/2023,MFE,TX,ASW,CE,Federal Contract Tower,24,7,36,17,84,0,1,96,0,97,24,8,132,17,181,176,0,176,357
04/13/2023,MFE,TX,ASW,CE,Federal Contract Tower,26,3,46,44,119,0,0,90,4,94,26,3,136,48,213,108,0,108,321
04/14/2023,MFE,TX,ASW,CE,Federal Contract Tower,25,0,30,20,75,0,0,63,6,69,25,0,93,26,144,168,0,168,312
04/15/2023,MFE,TX,ASW,CE,Federal Contract Tower,21,2,16,0,39,0,0,69,4,73,21,2,85,4,112,116,0,116,228
04/16/2023,MFE,TX,ASW,CE,Federal Contract Tower,26,3,25,9,63,0,0,55,6,61,26,3,80,15,124,16,0,16,140
04/17/2023,MFE,TX,ASW,CE,Federal Contract Tower,27,3,42,38,110,0,0,66,4,70,27,3,108,42,180,74,0,74,254
04/18/2023,MFE,TX,ASW,CE,Federal Contract Tower,22,3,22,10,57,0,0,49,0,49,22,3,71,10,106,58,0,58,164
04/19/2023,MFE,TX,ASW,CE,Federal Contract Tower,23,3,33,16,75,0,0,44,7,51,23,3,77,23,126,76,0,76,202
04/20/2023,MFE,TX,ASW,CE,Federal Contract Tower,21,1,58,40,120,0,0,63,5,68,21,1,121,45,188,88,40,128,316
04/21/2023,MFE,TX,ASW,CE,Federal Contract Tower,23,2,32,8,65,0,0,70,6,76,23,2,102,14,141,148,4,152,293
04/22/2023,MFE,TX,ASW,CE,Federal Contract Tower,20,0,13,12,45,0,0,68,6,74,20,0,81,18,119,180,0,180,299
04/23/2023,MFE,TX,ASW,CE,Federal Contract Tower,25,0,7,0,32,0,0,14,4,18,25,0,21,4,50,30,0,30,80
04/24/2023,MFE,TX,ASW,CE,Federal Contract Tower,26,4,34,36,100,0,0,40,0,40,26,4,74,36,140,40,0,40,180
04/25/2023,MFE,TX,ASW,CE,Federal Contract Tower,24,6,41,34,105,0,0,50,0,50,24,6,91,34,155,106,0,106,261
04/26/2023,MFE,TX,ASW,CE,Federal Contract Tower,20,5,33,23,81,0,0,80,0,80,20,5,113,23,161,162,0,162,323
04/27/2023,MFE,TX,ASW,CE,Federal Contract Tower,33,7,40,8,88,0,0,39,5,44,33,7,79,13,132,24,0,24,156
04/28/2023,MFE,TX,ASW,CE,Federal Contract Tower,28,6,35,13,82,0,0,74,7,81,28,6,109,20,163,96,0,96,259
04/29/2023,MFE,TX,ASW,CE,Federal Contract Tower,21,0,16,0,37,0,0,33,6,39,21,0,49,6,76,8,0,8,84
04/30/2023,MFE,TX,ASW,CE,Federal Contract Tower,27,0,14,4,45,0,0,85,6,91,27,0,99,10,136,18,0,18,154
05/01/2023,MFE,TX,ASW,CE,Federal Contract Tower,30,1,32,0,63,0,0,67,0,67,30,1,99,0,130,4,0,4,134
05/02/2023,MFE,TX,ASW,CE,Federal Contract Tower,20,4,30,10,64,0,0,73,0,73,20,4,103,10,137,2,0,2,139
05/03/2023,MFE,TX,ASW,CE,Federal Contract Tower,22,13,45,11,91,0,0,67,4,71,22,13,112,15,162,104,0,104,266
05/04/2023,MFE,TX,ASW,CE,Federal Contract Tower,22,7,32,1,62,0,0,61,2,63,22,7,93,3,125,182,0,182,307
05/05/2023,MFE,TX,ASW,CE,Federal Contract Tower,26,5,37,1,69,0,0,45,4,49,26,5,82,5,118,88,0,88,206
05/06/2023,MFE,TX,ASW,CE,Federal Contract Tower,21,0,12,0,33,0,0,53,6,59,21,0,65,6,92,68,0,68,160
05/07/2023,MFE,TX,ASW,CE,Federal Contract Tower,20,1,22,2,45,0,0,44,2,46,20,1,66,4,91,58,0,58,149
05/08/2023,MFE,TX,ASW,CE,Federal Contract Tower,18,3,21,22,64,0,0,58,0,58,18,3,79,22,122,106,0,106,228
05/09/2023,MFE,TX,ASW,CE,Federal Contract Tower,17,4,32,42,95,0,0,67,4,71,17,4,99,46,166,112,0,112,278
05/10/2023,MFE,TX,ASW,CE,Federal Contract Tower,25,5,35,24,89,0,0,78,0,78,25,5,113,24,167,112,0,112,279
05/11/2023,MFE,TX,ASW,CE,Federal Contract Tower,21,9,48,14,92,0,0,64,5,69,21,9,112,19,161,80,0,80,241
05/12/2023,MFE,TX,ASW,CE,Federal Contract Tower,23,1,34,8,66,0,0,79,4,83,23,1,113,12,149,78,0,78,227
05/13/2023,MFE,TX,ASW,CE,Federal Contract Tower,17,0,8,0,25,0,0,13,6,19,17,0,21,6,44,0,0,0,44
05/14/2023,MFE,TX,ASW,CE,Federal Contract Tower,23,0,18,8,49,0,0,33,6,39,23,0,51,14,88,2,0,2,90
05/15/2023,MFE,TX,ASW,CE,Federal Contract Tower,25,7,36,22,90,0,0,70,2,72,25,7,106,24,162,44,0,44,206
05/16/2023,MFE,TX,ASW,CE,Federal Contract Tower,23,14,28,16,81,0,0,58,0,58,23,14,86,16,139,98,0,98,237
05/17/2023,MFE,TX,ASW,CE,Federal Contract Tower,22,14,23,0,59,0,0,89,2,91,22,14,112,2,150,78,0,78,228
05/18/2023,MFE,TX,ASW,CE,Federal Contract Tower,30,17,34,33,114,0,0,104,4,108,30,17,138,37,222,118,0,118,340
05/19/2023,MFE,TX,ASW,CE,Federal Contract Tower,17,7,33,24,81,0,0,93,6,99,17,7,126,30,180,178,0,178,358
05/20/2023,MFE,TX,ASW,CE,Federal Contract Tower,20,2,16,0,38,0,0,57,4,61,20,2,73,4,99,68,0,68,167
05/21/2023,MFE,TX,ASW,CE,Federal Contract Tower,27,1,13,8,49,0,0,68,6,74,27,1,81,14,123,84,0,84,207
05/22/2023,MFE,TX,ASW,CE,Federal Contract Tower,26,6,23,23,78,0,0,61,1,62,26,6,84,24,140,80,0,80,220
05/23/2023,MFE,TX,ASW,CE,Federal Contract Tower,21,8,25,27,81,0,0,72,4,76,21,8,97,31,157,160,0,160,317
05/24/2023,MFE,TX,ASW,CE,Federal Contract Tower,26,9,36,14,85,0,0,75,8,83,26,9,111,22,168,132,12,144,312
05/25/2023,MFE,TX,ASW,CE,Federal Contract Tower,19,5,34,20,78,0,0,100,5,105,19,5,134,25,183,120,0,120,303
05/26/2023,MFE,TX,ASW,CE,Federal Contract Tower,23,4,30,4,61,0,0,85,4,89,23,4,115,8,150,110,0,110,260
05/27/2023,MFE,TX,ASW,CE,Federal Contract Tower,20,1,18,0,39,0,0,69,6,75,20,1,87,6,114,110,0,110,224
05/28/2023,MFE,TX,ASW,CE,Federal Contract Tower,20,2,31,0,53,0,0,30,8,38,20,2,61,8,91,18,0,18,109
05/29/2023,MFE,TX,ASW,CE,Federal Contract Tower,21,4,21,0,46,0,0,37,0,37,21,4,58,0,83,62,0,62,145
05/30/2023,MFE,TX,ASW,CE,Federal Contract Tower,22,11,43,18,94,0,0,98,2,100,22,11,141,20,194,184,0,184,378
05/31/2023,MFE,TX,ASW,CE,Federal Contract Tower,22,5,22,30,79,0,0,122,6,128,22,5,144,36,207,178,0,178,385
06/01/2023,MFE,TX,ASW,CE,Federal Contract Tower,25,6,26,4,61,0,0,93,6,99,25,6,119,10,160,160,0,160,320
06/02/2023,MFE,TX,ASW,CE,Federal Contract Tower,24,5,21,20,70,0,0,72,6,78,24,5,93,26,148,60,0,60,208
06/03/2023,MFE,TX,ASW,CE,Federal Contract Tower,20,1,7,20,48,0,0,59,4,63,20,1,66,24,111,68,0,68,179
06/04/2023,MFE,TX,ASW,CE,Federal Contract Tower,23,4,18,9,54,0,0,38,5,43,23,4,56,14,97,98,0,98,195
06/05/2023,MFE,TX,ASW,CE,Federal Contract Tower,20,9,35,8,72,0,0,42,0,42,20,9,77,8,114,40,0,40,154
06/06/2023,MFE,TX,ASW,CE,Federal Contract Tower,19,11,26,25,81,0,0,86,0,86,19,11,112,25,167,86,0,86,253
06/07/2023,MFE,TX,ASW,CE,Federal Contract Tower,20,5,14,51,90,0,0,101,9,110,20,5,115,60,200,64,16,80,280
06/08/2023,MFE,TX,ASW,CE,Federal Contract Tower,24,13,31,27,95,0,0,86,6,92,24,13,117,33,187,130,28,158,345
06/09/2023,MFE,TX,ASW,CE,Federal Contract Tower,25,4,27,22,78,0,0,81,6,87,25,4,108,28,165,110,4,114,279
06/10/2023,MFE,TX,ASW,CE,Federal Contract Tower,25,0,15,4,44,0,0,43,8,51,25,0,58,12,95,38,0,38,133
06/11/2023,MFE,TX,ASW,CE,Federal Contract Tower,20,6,20,0,46,0,0,40,8,48,20,6,60,8,94,78,0,78,172
06/12/2023,MFE,TX,ASW,CE,Federal Contract Tower,27,6,32,29,94,0,0,51,0,51,27,6,83,29,145,48,0,48,193
06/13/2023,MFE,TX,ASW,CE,Federal Contract Tower,22,6,35,56,119,0,0,49,0,49,22,6,84,56,168,10,0,10,178
06/14/2023,MFE,TX,ASW,CE,Federal Contract Tower,22,8,34,30,94,0,0,79,1,80,22,8,113,31,174,52,0,52,226
06/15/2023,MFE,TX,ASW,CE,Federal Contract Tower,24,7,36,24,91,0,0,75,0,75,24,7,111,24,166,0,0,0,166
06/16/2023,MFE,TX,ASW,CE,Federal Contract Tower,27,7,33,16,83,0,0,66,0,66,27,7,99,16,149,124,0,124,273
06/17/2023,MFE,TX,ASW,CE,Federal Contract Tower,24,6,11,6,47,0,0,50,9,59,24,6,61,15,106,88,6,94,200
06/18/2023,MFE,TX,ASW,CE,Federal Contract Tower,33,4,15,0,52,0,0,33,7,40,33,4,48,7,92,16,0,16,108
06/19/2023,MFE,TX,ASW,CE,Federal Contract Tower,23,10,46,0,79,0,0,52,0,52,23,10,98,0,131,90,0,90,221
06/20/2023,MFE,TX,ASW,CE,Federal Contract Tower,24,7,20,36,87,0,0,61,2,63,24,7,81,38,150,104,0,104,254
06/21/2023,MFE,TX,ASW,CE,Federal Contract Tower,19,7,34,17,77,0,0,78,0,78,19,7,112,17,155,144,0,144,299
06/22/2023,MFE,TX,ASW,CE,Federal Contract Tower,25,8,36,16,85,0,0,101,2,103,25,8,137,18,188,106,0,106,294
06/23/2023,MFE,TX,ASW,CE,Federal Contract Tower,24,8,26,4,62,0,0,66,6,72,24,8,92,10,134,104,0,104,238
06/24/2023,MFE,TX,ASW,CE,Federal Contract Tower,20,3,16,9,48,0,0,62,7,69,20,3,78,16,117,74,0,74,191
06/25/2023,MFE,TX,ASW,CE,Federal Contract Tower,24,0,17,2,43,0,0,43,8,51,24,0,60,10,94,86,0,86,180
06/26/2023,MFE,TX,ASW,CE,Federal Contract Tower,27,8,26,2,63,0,0,62,0,62,27,8,88,2,125,64,0,64,189
06/27/2023,MFE,TX,ASW,CE,Federal Contract Tower,24,5,25,4,58,0,0,82,0,82,24,5,107,4,140,116,0,116,256
06/28/2023,MFE,TX,ASW,CE,Federal Contract Tower,20,8,17,0,45,0,0,75,0,75,20,8,92,0,120,40,0,40,160
06/29/2023,MFE,TX,ASW,CE,Federal Contract Tower,23,10,31,14,78,0,0,72,4,76,23,10,103,18,154,62,0,62,216
06/30/2023,MFE,TX,ASW,CE,Federal Contract Tower,22,7,28,6,63,0,0,69,6,75,22,7,97,12,138,84,0,84,222
07/01/2023,MFE,TX,ASW,CE,Federal Contract Tower,20,5,11,1,37,0,0,65,6,71,20,5,76,7,108,38,0,38,146
07/02/2023,MFE,TX,ASW,CE,Federal Contract Tower,22,5,14,0,41,0,0,38,0,38,22,5,52,0,79,69,0,69,148
07/03/2023,MFE,TX,ASW,CE,Federal Contract Tower,22,4,11,0,37,0,0,50,0,50,22,4,61,0,87,42,0,42,129
07/04/2023,MFE,TX,ASW,CE,Federal Contract Tower,20,2,17,0,39,0,0,49,0,49,20,2,66,0,88,66,0,66,154
07/05/2023,MFE,TX,ASW,CE,Federal Contract Tower,22,7,24,10,63,0,0,68,8,76,22,7,92,18,139,102,0,102,241
07/06/2023,MFE,TX,ASW,CE,Federal Contract Tower,21,12,33,2,68,0,0,28,0,28,21,12,61,2,96,20,0,20,116
07/07/2023,MFE,TX,ASW,CE,Federal Contract Tower,27,7,24,4,62,0,0,60,2,62,27,7,84,6,124,110,0,110,234
07/08/2023,MFE,TX,ASW,CE,Federal Contract Tower,20,6,22,4,52,0,45,2,0,47,20,51,24,4,99,102,0,102,201
07/09/2023,MFE,TX,ASW,CE,Federal Contract Tower,26,1,24,0,51,0,0,52,11,63,26,1,76,11,114,36,0,36,150
07/10/2023,MFE,TX,ASW,CE,Federal Contract Tower,26,10,18,20,74,0,0,66,1,67,26,10,84,21,141,144,12,156,297
07/11/2023,MFE,TX,ASW,CE,Federal Contract Tower,22,14,26,39,101,0,0,76,0,76,22,14,102,39,177,134,0,134,311
07/12/2023,MFE,TX,ASW,CE,Federal Contract Tower,23,8,20,33,84,0,0,66,3,69,23,8,86,36,153,60,0,60,213
07/13/2023,MFE,TX,ASW,CE,Federal Contract Tower,25,9,42,20,96,0,0,88,2,90,25,9,130,22,186,126,0,126,312
07/14/2023,MFE,TX,ASW,CE,Federal Contract Tower,21,7,16,6,50,0,0,68,2,70,21,7,84,8,120,118,0,118,238
07/15/2023,MFE,TX,ASW,CE,Federal Contract Tower,22,4,10,4,40,0,0,55,2,57,22,4,65,6,97,28,0,28,125
07/16/2023,MFE,TX,ASW,CE,Federal Contract Tower,25,6,19,2,52,0,0,48,2,50,25,6,67,4,102,28,0,28,130
07/17/2023,MFE,TX,ASW,CE,Federal Contract Tower,24,5,27,24,80,0,0,68,0,68,24,5,95,24,148,42,0,42,190
07/18/2023,MFE,TX,ASW,CE,Federal Contract Tower,26,13,24,34,97,0,0,43,6,49,26,13,67,40,146,78,0,78,224
07/19/2023,MFE,TX,ASW,CE,Federal Contract Tower,24,9,38,12,83,0,0,61,3,64,24,9,99,15,147,56,0,56,203
07/20/2023,MFE,TX,ASW,CE,Federal Contract Tower,21,13,44,8,86,0,0,83,2,85,21,13,127,10,171,48,0,48,219
07/21/2023,MFE,TX,ASW,CE,Federal Contract Tower,20,12,32,10,74,0,0,94,2,96,20,12,126,12,170,96,0,96,266
07/22/2023,MFE,TX,ASW,CE,Federal Contract Tower,20,7,15,2,44,0,0,50,0,50,20,7,65,2,94,22,0,22,116
07/23/2023,MFE,TX,ASW,CE,Federal Contract Tower,18,3,29,14,64,0,0,32,1,33,18,3,61,15,97,6,8,14,111
07/24/2023,MFE,TX,ASW,CE,Federal Contract Tower,29,2,25,8,64,0,0,40,2,42,29,2,65,10,106,86,0,86,192
07/25/2023,MFE,TX,ASW,CE,Federal Contract Tower,23,5,19,38,85,0,0,63,0,63,23,5,82,38,148,52,8,60,208
07/26/2023,MFE,TX,ASW,CE,Federal Contract Tower,31,8,26,32,97,0,0,68,2,70,31,8,94,34,167,58,0,58,225
07/27/2023,MFE,TX,ASW,CE,Federal Contract Tower,21,11,35,15,82,0,0,70,2,72,21,11,105,17,154,80,0,80,234
07/28/2023,MFE,TX,ASW,CE,Federal Contract Tower,19,9,15,6,49,0,0,57,2,59,19,9,72,8,108,98,0,98,206
07/29/2023,MFE,TX,ASW,CE,Federal Contract Tower,17,8,14,10,49,0,0,67,2,69,17,8,81,12,118,84,0,84,202
07/30/2023,MFE,TX,ASW,CE,Federal Contract Tower,25,3,20,10,58,0,0,51,0,51,25,3,71,10,109,30,0,30,139
07/31/2023,MFE,TX,ASW,CE,Federal Contract Tower,29,11,22,20,82,0,0,64,0,64,29,11,86,20,146,40,0,40,186
08/01/2023,MFE,TX,ASW,CE,Federal Contract Tower,28,12,20,33,93,0,0,53,3,56,28,12,73,36,149,66,0,66,215
08/02/2023,MFE,TX,ASW,CE,Federal Contract Tower,25,7,24,24,80,0,0,71,2,73,25,7,95,26,153,84,14,98,251
08/03/2023,MFE,TX,ASW,CE,Federal Contract Tower,28,4,28,20,80,0,0,76,2,78,28,4,104,22,158,62,0,62,220
08/04/2023,MFE,TX,ASW,CE,Federal Contract Tower,25,5,23,17,70,0,0,58,4,62,25,5,81,21,132,62,22,84,216
08/05/2023,MFE,TX,ASW,CE,Federal Contract Tower,18,4,16,5,43,0,0,47,1,48,18,4,63,6,91,32,24,56,147
08/06/2023,MFE,TX,ASW,CE,Federal Contract Tower,22,5,19,5,51,0,0,34,3,37,22,5,53,8,88,36,22,58,146
08/07/2023,MFE,TX,ASW,CE,Federal Contract Tower,24,4,30,26,84,0,0,47,0,47,24,4,77,26,131,66,0,66,197
08/08/2023,MFE,TX,ASW,CE,Federal Contract Tower,27,5,22,28,82,0,0,53,1,54,27,5,75,29,136,18,2,20,156
08/09/2023,MFE,TX,ASW,CE,Federal Contract Tower,17,11,40,16,84,0,0,72,0,72,17,11,112,16,156,62,0,62,218
08/10/2023,MFE,TX,ASW,CE,Federal Contract Tower,23,5,31,30,89,0,1,56,3,60,23,6,87,33,149,30,0,30,179
08/11/2023,MFE,TX,ASW,CE,Federal Contract Tower,25,9,26,25,85,0,0,64,2,66,25,9,90,27,151,110,0,110,261
08/12/2023,MFE,TX,ASW,CE,Federal Contract Tower,21,3,9,12,45,0,0,48,3,51,21,3,57,15,96,74,0,74,170
08/13/2023,MFE,TX,ASW,CE,Federal Contract Tower,23,2,15,12,52,0,0,33,2,35,23,2,48,14,87,90,0,90,177
08/14/2023,MFE,TX,ASW,CE,Federal Contract Tower,26,6,27,20,79,0,0,44,2,46,26,6,71,22,125,26,0,26,151
08/15/2023,MFE,TX,ASW,CE,Federal Contract Tower,24,8,19,8,59,0,0,53,0,53,24,8,72,8,112,54,0,54,166
08/16/2023,MFE,TX,ASW,CE,Federal Contract Tower,21,3,24,18,66,0,0,85,2,87,21,3,109,20,153,58,0,58,211
08/17/2023,MFE,TX,ASW,CE,Federal Contract Tower,22,4,35,18,79,0,0,83,4,87,22,4,118,22,166,128,0,128,294
08/18/2023,MFE,TX,ASW,CE,Federal Contract Tower,26,4,28,10,68,0,0,60,0,60,26,4,88,10,128,32,0,32,160
08/19/2023,MFE,TX,ASW,CE,Federal Contract Tower,22,4,19,0,45,0,0,59,1,60,22,4,78,1,105,50,0,50,155
08/20/2023,MFE,TX,ASW,CE,Federal Contract Tower,19,3,18,8,48,0,0,44,0,44,19,3,62,8,92,18,0,18,110
08/21/2023,MFE,TX,ASW,CE,Federal Contract Tower,24,8,29,1,62,0,0,33,0,33,24,8,62,1,95,64,0,64,159
08/22/2023,MFE,TX,ASW,CE,Federal Contract Tower,20,5,6,2,33,0,0,9,0,9,20,5,15,2,42,12,0,12,54
08/23/2023,MFE,TX,ASW,CE,Federal Contract Tower,22,6,26,14,68,0,0,43,0,43,22,6,69,14,111,52,0,52,163
08/24/2023,MFE,TX,ASW,CE,Federal Contract Tower,21,4,54,12,91,0,0,78,2,80,21,4,132,14,171,84,0,84,255
08/25/2023,MFE,TX,ASW,CE,Federal Contract Tower,26,7,26,23,82,0,0,71,1,72,26,7,97,24,154,108,0,108,262
08/26/2023,MFE,TX,ASW,CE,Federal Contract Tower,18,4,20,4,46,0,0,50,2,52,18,4,70,6,98,66,0,66,164
08/27/2023,MFE,TX,ASW,CE,Federal Contract Tower,17,2,18,4,41,0,0,54,0,54,17,2,72,4,95,46,0,46,141
08/28/2023,MFE,TX,ASW,CE,Federal Contract Tower,24,9,21,25,79,0,0,75,0,75,24,9,96,25,154,40,0,40,194
08/29/2023,MFE,TX,ASW,CE,Federal Contract Tower,25,5,22,2,54,0,0,52,0,52,25,5,74,2,106,34,0,34,140
08/30/2023,MFE,TX,ASW,CE,Federal Contract Tower,19,7,35,50,111,0,0,104,4,108,19,7,139,54,219,78,8,86,305
08/31/2023,MFE,TX,ASW,CE,Federal Contract Tower,22,7,33,20,82,0,0,82,3,85,22,7,115,23,167,86,0,86,253
01/01/2020,MFE,TX,ASW,CE,Federal Contract Tower,24,7,9,0,40,0,0,0,0,0,24,7,9,0,40,0,0,0,40
01/02/2020,MFE,TX,ASW,CE,Federal Contract Tower,31,9,19,16,75,0,0,50,0,50,31,9,69,16,125,26,0,26,151
01/03/2020,MFE,TX,ASW,CE,Federal Contract Tower,28,12,21,4,65,0,0,41,1,42,28,12,62,5,107,6,8,14,121
01/04/2020,MFE,TX,ASW,CE,Federal Contract Tower,17,13,26,8,64,0,0,56,0,56,17,13,82,8,120,44,0,44,164
01/05/2020,MFE,TX,ASW,CE,Federal Contract Tower,31,15,24,4,74,0,0,34,0,34,31,15,58,4,108,22,0,22,130
01/06/2020,MFE,TX,ASW,CE,Federal Contract Tower,23,17,20,23,83,0,0,59,0,59,23,17,79,23,142,36,0,36,178
01/07/2020,MFE,TX,ASW,CE,Federal Contract Tower,18,19,19,40,96,0,0,60,1,61,18,19,79,41,157,60,0,60,217
01/08/2020,MFE,TX,ASW,CE,Federal Contract Tower,23,13,29,4,69,0,0,57,4,61,23,13,86,8,130,40,8,48,178
01/09/2020,MFE,TX,ASW,CE,Federal Contract Tower,28,13,26,9,76,0,0,46,3,49,28,13,72,12,125,14,30,44,169
01/10/2020,MFE,TX,ASW,CE,Federal Contract Tower,22,12,13,10,57,0,0,17,0,17,22,12,30,10,74,0,0,0,74
01/11/2020,MFE,TX,ASW,CE,Federal Contract Tower,12,15,9,10,46,0,0,32,0,32,12,15,41,10,78,14,0,14,92
01/12/2020,MFE,TX,ASW,CE,Federal Contract Tower,24,10,20,18,72,0,0,38,2,40,24,10,58,20,112,28,10,38,150
01/13/2020,MFE,TX,ASW,CE,Federal Contract Tower,20,14,37,4,75,0,0,27,0,27,20,14,64,4,102,4,0,4,106
01/14/2020,MFE,TX,ASW,CE,Federal Contract Tower,22,10,33,36,101,0,0,64,2,66,22,10,97,38,167,44,12,56,223
01/15/2020,MFE,TX,ASW,CE,Federal Contract Tower,23,14,32,18,87,0,0,52,8,60,23,14,84,26,147,26,14,40,187
01/16/2020,MFE,TX,ASW,CE,Federal Contract Tower,30,14,44,58,146,0,0,38,6,44,30,14,82,64,190,26,8,34,224
01/17/2020,MFE,TX,ASW,CE,Federal Contract Tower,25,20,29,12,86,0,0,59,5,64,25,20,88,17,150,34,0,34,184
01/18/2020,MFE,TX,ASW,CE,Federal Contract Tower,18,5,5,7,35,0,0,27,1,28,18,5,32,8,63,112,0,112,175
01/19/2020,MFE,TX,ASW,CE,Federal Contract Tower,30,6,13,1,50,0,0,26,0,26,30,6,39,1,76,40,16,56,132
01/20/2020,MFE,TX,ASW,CE,Federal Contract Tower,23,10,17,2,52,0,0,61,0,61,23,10,78,2,113,54,0,54,167
01/21/2020,MFE,TX,ASW,CE,Federal Contract Tower,19,18,21,20,78,0,0,46,3,49,19,18,67,23,127,30,0,30,157
01/22/2020,MFE,TX,ASW,CE,Federal Contract Tower,24,10,38,55,127,0,0,46,11,57,24,10,84,66,184,28,96,124,308
01/23/2020,MFE,TX,ASW,CE,Federal Contract Tower,31,15,22,34,102,0,0,57,4,61,31,15,79,38,163,26,0,26,189
01/24/2020,MFE,TX,ASW,CE,Federal Contract Tower,27,11,37,9,84,0,0,92,2,94,27,11,129,11,178,66,0,66,244
01/25/2020,MFE,TX,ASW,CE,Federal Contract Tower,21,6,15,7,49,0,0,54,0,54,21,6,69,7,103,68,0,68,171
01/26/2020,MFE,TX,ASW,CE,Federal Contract Tower,27,7,19,20,73,0,0,44,4,48,27,7,63,24,121,12,0,12,133
01/27/2020,MFE,TX,ASW,CE,Federal Contract Tower,18,16,35,17,86,0,0,64,5,69,18,16,99,22,155,26,2,28,183
01/28/2020,MFE,TX,ASW,CE,Federal Contract Tower,23,8,16,34,81,0,0,57,2,59,23,8,73,36,140,42,70,112,252
01/29/2020,MFE,TX,ASW,CE,Federal Contract Tower,22,16,26,46,110,0,0,82,4,86,22,16,108,50,196,66,0,66,262
01/30/2020,MFE,TX,ASW,CE,Federal Contract Tower,30,9,23,30,92,0,0,55,1,56,30,9,78,31,148,40,20,60,208
01/31/2020,MFE,TX,ASW,CE,Federal Contract Tower,29,8,35,12,84,0,0,54,0,54,29,8,89,12,138,34,0,34,172
02/01/2020,MFE,TX,ASW,CE,Federal Contract Tower,15,11,15,0,41,0,0,58,0,58,15,11,73,0,99,30,0,30,129
02/02/2020,MFE,TX,ASW,CE,Federal Contract Tower,30,6,3,8,47,0,0,41,0,41,30,6,44,8,88,8,0,8,96
02/03/2020,MFE,TX,ASW,CE,Federal Contract Tower,25,8,21,30,84,0,0,53,4,57,25,8,74,34,141,12,0,12,153
02/04/2020,MFE,TX,ASW,CE,Federal Contract Tower,20,14,32,55,121,0,0,70,10,80,20,14,102,65,201,26,6,32,233
02/05/2020,MFE,TX,ASW,CE,Federal Contract Tower,21,19,21,50,111,0,0,28,6,34,21,19,49,56,145,50,20,70,215
02/06/2020,MFE,TX,ASW,CE,Federal Contract Tower,29,16,39,50,134,0,0,67,6,73,29,16,106,56,207,62,0,62,269
02/07/2020,MFE,TX,ASW,CE,Federal Contract Tower,25,10,12,20,67,0,0,57,4,61,25,10,69,24,128,8,6,14,142
02/08/2020,MFE,TX,ASW,CE,Federal Contract Tower,17,7,11,9,44,0,0,39,5,44,17,7,50,14,88,42,0,42,130
02/09/2020,MFE,TX,ASW,CE,Federal Contract Tower,27,6,9,10,52,0,0,12,0,12,27,6,21,10,64,6,0,6,70
02/10/2020,MFE,TX,ASW,CE,Federal Contract Tower,28,6,26,27,87,0,0,38,1,39,28,6,64,28,126,18,16,34,160
02/11/2020,MFE,TX,ASW,CE,Federal Contract Tower,16,21,26,10,73,0,0,2,0,2,16,21,28,10,75,0,0,0,75
02/12/2020,MFE,TX,ASW,CE,Federal Contract Tower,20,20,35,66,141,0,0,40,9,49,20,20,75,75,190,95,0,95,285
02/13/2020,MFE,TX,ASW,CE,Federal Contract Tower,30,16,49,31,126,0,0,82,9,91,30,16,131,40,217,50,22,72,289
02/14/2020,MFE,TX,ASW,CE,Federal Contract Tower,28,9,17,35,89,0,0,70,8,78,28,9,87,43,167,60,2,62,229
02/15/2020,MFE,TX,ASW,CE,Federal Contract Tower,16,16,6,1,39,0,0,49,4,53,16,16,55,5,92,66,16,82,174
02/16/2020,MFE,TX,ASW,CE,Federal Contract Tower,25,12,26,1,64,0,0,33,0,33,25,12,59,1,97,34,0,34,131
02/17/2020,MFE,TX,ASW,CE,Federal Contract Tower,23,17,26,10,76,0,0,35,0,35,23,17,61,10,111,14,0,14,125
02/18/2020,MFE,TX,ASW,CE,Federal Contract Tower,23,12,20,37,92,0,0,44,16,60,23,12,64,53,152,32,26,58,210
02/19/2020,MFE,TX,ASW,CE,Federal Contract Tower,22,18,44,9,93,0,0,7,0,7,22,18,51,9,100,10,0,10,110
02/20/2020,MFE,TX,ASW,CE,Federal Contract Tower,31,9,34,38,112,0,0,0,0,0,31,9,34,38,112,0,0,0,112
02/21/2020,MFE,TX,ASW,CE,Federal Contract Tower,25,9,34,24,92,0,0,65,4,69,25,9,99,28,161,26,0,26,187
02/22/2020,MFE,TX,ASW,CE,Federal Contract Tower,16,11,15,2,44,0,0,60,3,63,16,11,75,5,107,46,0,46,153
02/23/2020,MFE,TX,ASW,CE,Federal Contract Tower,26,11,32,14,83,0,0,38,0,38,26,11,70,14,121,12,0,12,133
02/24/2020,MFE,TX,ASW,CE,Federal Contract Tower,23,16,20,63,122,0,0,51,0,51,23,16,71,63,173,32,0,32,205
02/25/2020,MFE,TX,ASW,CE,Federal Contract Tower,22,15,40,29,106,0,0,48,2,50,22,15,88,31,156,22,0,22,178
02/26/2020,MFE,TX,ASW,CE,Federal Contract Tower,26,14,28,20,88,0,0,41,0,41,26,14,69,20,129,24,0,24,153
02/27/2020,MFE,TX,ASW,CE,Federal Contract Tower,31,13,26,28,98,0,0,72,2,74,31,13,98,30,172,114,0,114,286
02/28/2020,MFE,TX,ASW,CE,Federal Contract Tower,24,11,29,8,72,0,0,87,3,90,24,11,116,11,162,62,10,72,234
02/29/2020,MFE,TX,ASW,CE,Federal Contract Tower,15,11,19,0,45,0,1,47,5,53,15,12,66,5,98,30,0,30,128
03/01/2020,MFE,TX,ASW,CE,Federal Contract Tower,28,7,17,10,62,0,0,44,0,44,28,7,61,10,106,0,0,0,106
03/02/2020,MFE,TX,ASW,CE,Federal Contract Tower,22,13,33,70,138,0,0,48,7,55,22,13,81,77,193,46,0,46,239
03/03/2020,MFE,TX,ASW,CE,Federal Contract Tower,22,16,28,35,101,0,0,29,14,43,22,16,57,49,144,20,106,126,270
03/04/2020,MFE,TX,ASW,CE,Federal Contract Tower,26,13,25,49,113,0,0,46,5,51,26,13,71,54,164,34,0,34,198
03/05/2020,MFE,TX,ASW,CE,Federal Contract Tower,29,17,16,36,98,0,0,71,8,79,29,17,87,44,177,30,4,34,211
03/06/2020,MFE,TX,ASW,CE,Federal Contract Tower,28,10,25,31,94,0,0,61,4,65,28,10,86,35,159,38,0,38,197
03/07/2020,MFE,TX,ASW,CE,Federal Contract Tower,15,9,23,0,47,0,0,45,8,53,15,9,68,8,100,34,0,34,134
03/08/2020,MFE,TX,ASW,CE,Federal Contract Tower,30,7,20,12,69,0,0,42,13,55,30,7,62,25,124,34,0,34,158
03/09/2020,MFE,TX,ASW,CE,Federal Contract Tower,30,13,31,33,107,0,0,44,5,49,30,13,75,38,156,28,14,42,198
03/10/2020,MFE,TX,ASW,CE,Federal Contract Tower,23,18,27,25,93,0,0,18,1,19,23,18,45,26,112,24,0,24,136
03/11/2020,MFE,TX,ASW,CE,Federal Contract Tower,24,12,19,16,71,0,0,58,8,66,24,12,77,24,137,50,0,50,187
03/12/2020,MFE,TX,ASW,CE,Federal Contract Tower,34,10,28,25,97,0,0,64,6,70,34,10,92,31,167,52,30,82,249
03/13/2020,MFE,TX,ASW,CE,Federal Contract Tower,26,12,14,18,70,0,0,45,1,46,26,12,59,19,116,50,0,50,166
03/14/2020,MFE,TX,ASW,CE,Federal Contract Tower,17,9,18,6,50,0,0,51,0,51,17,9,69,6,101,120,0,120,221
03/15/2020,MFE,TX,ASW,CE,Federal Contract Tower,32,7,8,11,58,0,0,38,0,38,32,7,46,11,96,120,0,120,216
03/16/2020,MFE,TX,ASW,CE,Federal Contract Tower,24,12,17,50,103,0,0,47,8,55,24,12,64,58,158,68,40,108,266
03/17/2020,MFE,TX,ASW,CE,Federal Contract Tower,21,11,16,36,84,0,0,45,3,48,21,11,61,39,132,34,24,58,190
03/18/2020,MFE,TX,ASW,CE,Federal Contract Tower,23,11,16,23,73,0,0,68,2,70,23,11,84,25,143,0,0,0,143
03/19/2020,MFE,TX,ASW,CE,Federal Contract Tower,22,13,26,8,69,0,0,59,3,62,22,13,85,11,131,20,0,20,151
03/20/2020,MFE,TX,ASW,CE,Federal Contract Tower,25,10,18,38,91,0,0,54,4,58,25,10,72,42,149,54,38,92,241
03/21/2020,MFE,TX,ASW,CE,Federal Contract Tower,15,7,6,0,28,0,0,0,0,0,15,7,6,0,28,0,0,0,28
03/22/2020,MFE,TX,ASW,CE,Federal Contract Tower,16,5,7,29,57,0,0,16,1,17,16,5,23,30,74,2,0,2,76
03/23/2020,MFE,TX,ASW,CE,Federal Contract Tower,13,8,8,40,69,0,0,39,5,44,13,8,47,45,113,30,8,38,151
03/24/2020,MFE,TX,ASW,CE,Federal Contract Tower,15,5,10,29,59,0,0,58,1,59,15,5,68,30,118,24,0,24,142
03/25/2020,MFE,TX,ASW,CE,Federal Contract Tower,10,3,16,26,55,0,0,54,0,54,10,3,70,26,109,18,0,18,127
03/26/2020,MFE,TX,ASW,CE,Federal Contract Tower,15,5,16,26,62,0,0,48,4,52,15,5,64,30,114,12,24,36,150
03/27/2020,MFE,TX,ASW,CE,Federal Contract Tower,8,2,11,25,46,0,0,35,5,40,8,2,46,30,86,0,40,40,126
03/28/2020,MFE,TX,ASW,CE,Federal Contract Tower,6,6,3,13,28,0,0,25,5,30,6,6,28,18,58,0,80,80,138
03/29/2020,MFE,TX,ASW,CE,Federal Contract Tower,10,2,2,2,16,0,0,9,7,16,10,2,11,9,32,0,0,0,32
03/30/2020,MFE,TX,ASW,CE,Federal Contract Tower,5,5,3,33,46,0,0,26,4,30,5,5,29,37,76,2,12,14,90
03/31/2020,MFE,TX,ASW,CE,Federal Contract Tower,10,3,9,38,60,0,0,25,1,26,10,3,34,39,86,0,10,10,96
04/01/2020,MFE,TX,ASW,CE,Federal Contract Tower,13,10,5,57,85,0,0,42,5,47,13,10,47,62,132,0,6,6,138
04/02/2020,MFE,TX,ASW,CE,Federal Contract Tower,10,4,19,71,104,0,0,45,1,46,10,4,64,72,150,0,0,0,150
04/03/2020,MFE,TX,ASW,CE,Federal Contract Tower,9,7,13,26,55,0,0,36,2,38,9,7,49,28,93,0,0,0,93
04/04/2020,MFE,TX,ASW,CE,Federal Contract Tower,4,2,6,10,22,0,0,7,0,7,4,2,13,10,29,0,0,0,29
04/05/2020,MFE,TX,ASW,CE,Federal Contract Tower,6,2,4,4,16,0,0,7,0,7,6,2,11,4,23,0,0,0,23
04/06/2020,MFE,TX,ASW,CE,Federal Contract Tower,9,2,3,31,45,0,0,21,2,23,9,2,24,33,68,0,0,0,68
04/07/2020,MFE,TX,ASW,CE,Federal Contract Tower,10,2,16,53,81,0,0,34,1,35,10,2,50,54,116,18,0,18,134
04/08/2020,MFE,TX,ASW,CE,Federal Contract Tower,13,3,14,34,64,0,0,40,0,40,13,3,54,34,104,0,0,0,104
04/09/2020,MFE,TX,ASW,CE,Federal Contract Tower,9,2,6,18,35,0,0,37,2,39,9,2,43,20,74,6,0,6,80
04/10/2020,MFE,TX,ASW,CE,Federal Contract Tower,12,2,5,39,58,0,0,22,0,22,12,2,27,39,80,0,0,0,80
04/11/2020,MFE,TX,ASW,CE,Federal Contract Tower,7,2,2,41,52,0,0,31,0,31,7,2,33,41,83,8,0,8,91
04/12/2020,MFE,TX,ASW,CE,Federal Contract Tower,9,2,3,26,40,0,0,27,0,27,9,2,30,26,67,0,0,0,67
04/13/2020,MFE,TX,ASW,CE,Federal Contract Tower,11,5,2,73,91,0,0,43,1,44,11,5,45,74,135,32,0,32,167
04/14/2020,MFE,TX,ASW,CE,Federal Contract Tower,8,2,5,72,87,0,0,26,4,30,8,2,31,76,117,24,12,36,153
04/15/2020,MFE,TX,ASW,CE,Federal Contract Tower,11,4,7,41,63,0,0,54,1,55,11,4,61,42,118,2,10,12,130
04/16/2020,MFE,TX,ASW,CE,Federal Contract Tower,9,2,9,82,102,0,0,49,3,52,9,2,58,85,154,38,14,52,206
04/17/2020,MFE,TX,ASW,CE,Federal Contract Tower,5,6,11,50,72,0,0,23,2,25,5,6,34,52,97,6,10,16,113
04/18/2020,MFE,TX,ASW,CE,Federal Contract Tower,7,1,10,20,38,0,0,22,1,23,7,1,32,21,61,34,14,48,109
04/19/2020,MFE,TX,ASW,CE,Federal Contract Tower,6,1,2,44,53,0,4,19,1,24,6,5,21,45,77,0,22,22,99
04/20/2020,MFE,TX,ASW,CE,Federal Contract Tower,8,5,6,45,64,0,0,37,0,37,8,5,43,45,101,8,0,8,109
04/21/2020,MFE,TX,ASW,CE,Federal Contract Tower,6,4,12,18,40,0,0,28,3,31,6,4,40,21,71,46,20,66,137
04/22/2020,MFE,TX,ASW,CE,Federal Contract Tower,11,3,8,59,81,0,0,37,0,37,11,3,45,59,118,20,0,20,138
04/23/2020,MFE,TX,ASW,CE,Federal Contract Tower,9,4,9,51,73,0,0,69,0,69,9,4,78,51,142,44,0,44,186
04/24/2020,MFE,TX,ASW,CE,Federal Contract Tower,6,8,10,37,61,0,0,40,2,42,6,8,50,39,103,44,0,44,147
04/25/2020,MFE,TX,ASW,CE,Federal Contract Tower,7,0,8,21,36,0,0,34,2,36,7,0,42,23,72,12,0,12,84
04/26/2020,MFE,TX,ASW,CE,Federal Contract Tower,6,2,6,26,40,0,0,35,0,35,6,2,41,26,75,0,0,0,75
04/27/2020,MFE,TX,ASW,CE,Federal Contract Tower,11,3,10,20,44,0,0,48,0,48,11,3,58,20,92,50,0,50,142
04/28/2020,MFE,TX,ASW,CE,Federal Contract Tower,10,6,11,60,87,0,0,50,3,53,10,6,61,63,140,58,0,58,198
04/29/2020,MFE,TX,ASW,CE,Federal Contract Tower,13,2,11,30,56,0,0,41,1,42,13,2,52,31,98,18,6,24,122
04/30/2020,MFE,TX,ASW,CE,Federal Contract Tower,7,5,16,27,55,0,0,56,1,57,7,5,72,28,112,14,0,14,126
05/01/2020,MFE,TX,ASW,CE,Federal Contract Tower,9,3,12,14,38,0,0,60,1,61,9,3,72,15,99,84,0,84,183
05/02/2020,MFE,TX,ASW,CE,Federal Contract Tower,10,1,12,12,35,0,0,33,0,33,10,1,45,12,68,24,0,24,92
05/03/2020,MFE,TX,ASW,CE,Federal Contract Tower,7,3,3,18,31,0,0,27,0,27,7,3,30,18,58,0,0,0,58
05/04/2020,MFE,TX,ASW,CE,Federal Contract Tower,7,2,9,14,32,0,0,38,5,43,7,2,47,19,75,40,14,54,129
05/05/2020,MFE,TX,ASW,CE,Federal Contract Tower,13,3,8,59,83,0,0,51,2,53,13,3,59,61,136,70,8,78,214
05/06/2020,MFE,TX,ASW,CE,Federal Contract Tower,16,6,18,22,62,0,0,49,1,50,16,6,67,23,112,40,8,48,160
05/07/2020,MFE,TX,ASW,CE,Federal Contract Tower,12,3,29,20,64,0,0,51,1,52,12,3,80,21,116,30,0,30,146
05/08/2020,MFE,TX,ASW,CE,Federal Contract Tower,11,3,18,42,74,0,0,43,1,44,11,3,61,43,118,28,8,36,154
05/09/2020,MFE,TX,ASW,CE,Federal Contract Tower,12,0,2,2,16,0,0,21,0,21,12,0,23,2,37,16,0,16,53
05/10/2020,MFE,TX,ASW,CE,Federal Contract Tower,9,0,3,20,32,0,0,23,0,23,9,0,26,20,55,0,0,0,55
05/11/2020,MFE,TX,ASW,CE,Federal Contract Tower,10,3,14,36,63,0,0,64,1,65,10,3,78,37,128,24,0,24,152
05/12/2020,MFE,TX,ASW,CE,Federal Contract Tower,10,3,10,52,75,0,0,61,2,63,10,3,71,54,138,52,0,52,190
05/13/2020,MFE,TX,ASW,CE,Federal Contract Tower,14,8,20,18,60,0,0,65,1,66,14,8,85,19,126,90,0,90,216
05/14/2020,MFE,TX,ASW,CE,Federal Contract Tower,14,6,22,37,79,0,0,59,1,60,14,6,81,38,139,38,12,50,189
05/15/2020,MFE,TX,ASW,CE,Federal Contract Tower,10,4,28,36,78,0,0,46,1,47,10,4,74,37,125,66,0,66,191
05/16/2020,MFE,TX,ASW,CE,Federal Contract Tower,9,1,0,14,24,0,0,31,1,32,9,1,31,15,56,30,0,30,86
05/17/2020,MFE,TX,ASW,CE,Federal Contract Tower,13,1,3,23,40,0,0,36,0,36,13,1,39,23,76,20,0,20,96
05/18/2020,MFE,TX,ASW,CE,Federal Contract Tower,11,2,13,42,68,0,0,56,2,58,11,2,69,44,126,48,0,48,174
05/19/2020,MFE,TX,ASW,CE,Federal Contract Tower,12,4,16,59,91,0,0,74,2,76,12,4,90,61,167,52,0,52,219
05/20/2020,MFE,TX,ASW,CE,Federal Contract Tower,14,0,19,45,78,0,0,71,4,75,14,0,90,49,153,19,28,47,200
05/21/2020,MFE,TX,ASW,CE,Federal Contract Tower,12,3,24,15,54,0,0,48,1,49,12,3,72,16,103,46,0,46,149
05/22/2020,MFE,TX,ASW,CE,Federal Contract Tower,12,2,20,4,38,0,0,74,0,74,12,2,94,4,112,42,0,42,154
05/23/2020,MFE,TX,ASW,CE,Federal Contract Tower,14,0,6,26,46,0,0,59,0,59,14,0,65,26,105,50,0,50,155
05/24/2020,MFE,TX,ASW,CE,Federal Contract Tower,14,2,9,18,43,0,0,35,1,36,14,2,44,19,79,48,0,48,127
05/25/2020,MFE,TX,ASW,CE,Federal Contract Tower,10,1,10,5,26,0,0,42,1,43,10,1,52,6,69,54,0,54,123
05/26/2020,MFE,TX,ASW,CE,Federal Contract Tower,12,2,5,14,33,0,0,60,1,61,12,2,65,15,94,76,0,76,170
05/27/2020,MFE,TX,ASW,CE,Federal Contract Tower,14,4,19,30,67,0,0,92,2,94,14,4,111,32,161,48,0,48,209
05/28/2020,MFE,TX,ASW,CE,Federal Contract Tower,14,6,21,46,87,0,0,75,1,76,14,6,96,47,163,90,0,90,253
05/29/2020,MFE,TX,ASW,CE,Federal Contract Tower,12,3,21,2,38,0,0,45,1,46,12,3,66,3,84,76,0,76,160
05/30/2020,MFE,TX,ASW,CE,Federal Contract Tower,11,1,10,0,22,0,0,50,0,50,11,1,60,0,72,42,0,42,114
05/31/2020,MFE,TX,ASW,CE,Federal Contract Tower,14,1,6,4,25,0,0,13,0,13,14,1,19,4,38,0,0,0,38
06/01/2020,MFE,TX,ASW,CE,Federal Contract Tower,9,6,9,0,24,0,0,23,0,23,9,6,32,0,47,14,0,14,61
06/02/2020,MFE,TX,ASW,CE,Federal Contract Tower,9,5,19,30,63,0,0,46,1,47,9,5,65,31,110,30,0,30,140
06/03/2020,MFE,TX,ASW,CE,Federal Contract Tower,13,8,20,52,93,0,0,104,1,105,13,8,124,53,198,52,0,52,250
06/04/2020,MFE,TX,ASW,CE,Federal Contract Tower,15,4,24,55,98,0,0,104,3,107,15,4,128,58,205,48,0,48,253
06/05/2020,MFE,TX,ASW,CE,Federal Contract Tower,14,7,23,18,62,0,0,71,3,74,14,7,94,21,136,78,0,78,214
06/06/2020,MFE,TX,ASW,CE,Federal Contract Tower,9,3,17,10,39,0,0,56,0,56,9,3,73,10,95,20,0,20,115
06/07/2020,MFE,TX,ASW,CE,Federal Contract Tower,8,4,15,16,43,0,0,51,0,51,8,4,66,16,94,66,0,66,160
06/08/2020,MFE,TX,ASW,CE,Federal Contract Tower,9,9,27,43,88,0,0,80,1,81,9,9,107,44,169,47,0,47,216
06/09/2020,MFE,TX,ASW,CE,Federal Contract Tower,9,5,28,39,81,0,0,95,1,96,9,5,123,40,177,119,0,119,296
06/10/2020,MFE,TX,ASW,CE,Federal Contract Tower,11,5,22,30,68,0,0,63,2,65,11,5,85,32,133,116,0,116,249
06/11/2020,MFE,TX,ASW,CE,Federal Contract Tower,14,2,22,49,87,0,0,104,1,105,14,2,126,50,192,148,0,148,340
06/12/2020,MFE,TX,ASW,CE,Federal Contract Tower,12,3,28,14,57,0,0,93,1,94,12,3,121,15,151,178,0,178,329
06/13/2020,MFE,TX,ASW,CE,Federal Contract Tower,9,6,17,8,40,0,0,74,0,74,9,6,91,8,114,98,0,98,212
06/14/2020,MFE,TX,ASW,CE,Federal Contract Tower,9,3,10,32,54,0,0,52,0,52,9,3,62,32,106,36,0,36,142
06/15/2020,MFE,TX,ASW,CE,Federal Contract Tower,11,7,22,6,46,0,0,63,1,64,11,7,85,7,110,112,0,112,222
06/16/2020,MFE,TX,ASW,CE,Federal Contract Tower,8,3,19,18,48,0,0,63,1,64,8,3,82,19,112,82,0,82,194
06/17/2020,MFE,TX,ASW,CE,Federal Contract Tower,10,11,30,18,69,0,0,88,1,89,10,11,118,19,158,146,0,146,304
06/18/2020,MFE,TX,ASW,CE,Federal Contract Tower,16,8,26,8,58,0,0,68,0,68,16,8,94,8,126,114,0,114,240
06/19/2020,MFE,TX,ASW,CE,Federal Contract Tower,12,8,22,0,42,0,0,55,4,59,12,8,77,4,101,46,0,46,147
06/20/2020,MFE,TX,ASW,CE,Federal Contract Tower,15,1,13,2,31,0,0,59,0,59,15,1,72,2,90,46,0,46,136
06/21/2020,MFE,TX,ASW,CE,Federal Contract Tower,16,1,10,6,33,0,0,42,0,42,16,1,52,6,75,62,0,62,137
06/22/2020,MFE,TX,ASW,CE,Federal Contract Tower,9,9,31,40,89,0,0,94,3,97,9,9,125,43,186,96,0,96,282
06/23/2020,MFE,TX,ASW,CE,Federal Contract Tower,8,7,16,31,62,0,0,72,0,72,8,7,88,31,134,144,0,144,278
06/24/2020,MFE,TX,ASW,CE,Federal Contract Tower,9,7,19,20,55,0,0,67,0,67,9,7,86,20,122,75,0,75,197
06/25/2020,MFE,TX,ASW,CE,Federal Contract Tower,17,9,19,2,47,0,0,46,5,51,17,9,65,7,98,60,10,70,168
06/26/2020,MFE,TX,ASW,CE,Federal Contract Tower,11,2,25,0,38,0,0,23,4,27,11,2,48,4,65,22,0,22,87
06/27/2020,MFE,TX,ASW,CE,Federal Contract Tower,12,7,14,35,68,0,0,43,0,43,12,7,57,35,111,16,4,20,131
06/28/2020,MFE,TX,ASW,CE,Federal Contract Tower,10,4,12,69,95,0,0,18,1,19,10,4,30,70,114,0,0,0,114
06/29/2020,MFE,TX,ASW,CE,Federal Contract Tower,9,5,11,35,60,0,0,33,1,34,9,5,44,36,94,28,0,28,122
06/30/2020,MFE,TX,ASW,CE,Federal Contract Tower,7,4,20,39,70,0,0,54,9,63,7,4,74,48,133,87,0,87,220
07/01/2020,MFE,TX,ASW,CE,Federal Contract Tower,10,2,23,37,72,0,0,87,1,88,10,2,110,38,160,42,0,42,202
07/02/2020,MFE,TX,ASW,CE,Federal Contract Tower,17,3,21,10,51,0,0,77,0,77,17,3,98,10,128,68,0,68,196
07/03/2020,MFE,TX,ASW,CE,Federal Contract Tower,11,5,16,4,36,0,0,81,0,81,11,5,97,4,117,94,0,94,211
07/04/2020,MFE,TX,ASW,CE,Federal Contract Tower,8,2,6,0,16,0,0,39,0,39,8,2,45,0,55,10,0,10,65
07/05/2020,MFE,TX,ASW,CE,Federal Contract Tower,13,0,5,2,20,0,0,32,0,32,13,0,37,2,52,18,0,18,70
07/06/2020,MFE,TX,ASW,CE,Federal Contract Tower,8,6,22,0,36,0,0,69,3,72,8,6,91,3,108,100,0,100,208
07/07/2020,MFE,TX,ASW,CE,Federal Contract Tower,15,8,20,4,47,0,0,76,1,77,15,8,96,5,124,56,0,56,180
07/08/2020,MFE,TX,ASW,CE,Federal Contract Tower,17,7,16,20,60,0,0,69,2,71,17,7,85,22,131,82,0,82,213
07/09/2020,MFE,TX,ASW,CE,Federal Contract Tower,19,10,21,31,81,0,0,66,10,76,19,10,87,41,157,50,0,50,207
07/10/2020,MFE,TX,ASW,CE,Federal Contract Tower,11,17,26,24,78,0,0,64,0,64,11,17,90,24,142,64,0,64,206
07/11/2020,MFE,TX,ASW,CE,Federal Contract Tower,13,15,6,5,39,0,0,62,2,64,13,15,68,7,103,48,0,48,151
07/12/2020,MFE,TX,ASW,CE,Federal Contract Tower,18,11,13,13,55,0,0,34,0,34,18,11,47,13,89,18,0,18,107
07/13/2020,MFE,TX,ASW,CE,Federal Contract Tower,16,11,13,6,46,0,0,76,0,76,16,11,89,6,122,108,0,108,230
07/14/2020,MFE,TX,ASW,CE,Federal Contract Tower,7,17,26,18,68,0,0,59,0,59,7,17,85,18,127,52,0,52,179
07/15/2020,MFE,TX,ASW,CE,Federal Contract Tower,13,8,17,13,51,0,0,77,3,80,13,8,94,16,131,104,16,120,251
07/16/2020,MFE,TX,ASW,CE,Federal Contract Tower,24,12,26,30,92,0,0,77,5,82,24,12,103,35,174,58,0,58,232
07/17/2020,MFE,TX,ASW,CE,Federal Contract Tower,16,17,20,4,57,0,0,65,0,65,16,17,85,4,122,64,0,64,186
07/18/2020,MFE,TX,ASW,CE,Federal Contract Tower,10,12,16,16,54,0,0,47,2,49,10,12,63,18,103,30,22,52,155
07/19/2020,MFE,TX,ASW,CE,Federal Contract Tower,15,17,17,24,73,0,0,42,0,42,15,17,59,24,115,8,0,8,123
07/20/2020,MFE,TX,ASW,CE,Federal Contract Tower,15,10,14,50,89,0,0,61,1,62,15,10,75,51,151,78,0,78,229
07/21/2020,MFE,TX,ASW,CE,Federal Contract Tower,10,11,13,83,117,0,0,61,4,65,10,11,74,87,182,18,14,32,214
07/22/2020,MFE,TX,ASW,CE,Federal Contract Tower,14,9,16,24,63,0,0,95,1,96,14,9,111,25,159,108,0,108,267
07/23/2020,MFE,TX,ASW,CE,Federal Contract Tower,27,10,30,32,99,0,0,73,1,74,27,10,103,33,173,44,0,44,217
07/24/2020,MFE,TX,ASW,CE,Federal Contract Tower,14,19,22,2,57,0,0,82,2,84,14,19,104,4,141,80,0,80,221
07/25/2020,MFE,TX,ASW,CE,Federal Contract Tower,8,6,6,0,20,0,0,7,0,7,8,6,13,0,27,0,0,0,27
07/26/2020,MFE,TX,ASW,CE,Federal Contract Tower,10,7,0,0,17,0,0,0,0,0,10,7,0,0,17,0,0,0,17
07/27/2020,MFE,TX,ASW,CE,Federal Contract Tower,12,13,12,2,39,0,0,24,1,25,12,13,36,3,64,38,0,38,102
07/28/2020,MFE,TX,ASW,CE,Federal Contract Tower,13,7,22,18,60,0,0,54,5,59,13,7,76,23,119,34,0,34,153
07/29/2020,MFE,TX,ASW,CE,Federal Contract Tower,14,5,19,16,54,0,0,53,7,60,14,5,72,23,114,78,0,78,192
07/30/2020,MFE,TX,ASW,CE,Federal Contract Tower,22,17,29,52,120,0,0,69,2,71,22,17,98,54,191,44,0,44,235
07/31/2020,MFE,TX,ASW,CE,Federal Contract Tower,9,22,28,44,103,0,0,64,3,67,9,22,92,47,170,128,0,128,298
08/01/2020,MFE,TX,ASW,CE,Federal Contract Tower,12,5,5,7,29,0,0,54,0,54,12,5,59,7,83,28,0,28,111
08/02/2020,MFE,TX,ASW,CE,Federal Contract Tower,15,9,8,16,48,0,0,45,2,47,15,9,53,18,95,18,0,18,113
08/03/2020,MFE,TX,ASW,CE,Federal Contract Tower,14,12,21,30,77,0,0,74,2,76,14,12,95,32,153,74,0,74,227
08/04/2020,MFE,TX,ASW,CE,Federal Contract Tower,10,19,21,62,112,0,0,93,1,94,10,19,114,63,206,42,0,42,248
08/05/2020,MFE,TX,ASW,CE,Federal Contract Tower,15,10,19,36,80,0,0,92,4,96,15,10,111,40,176,60,4,64,240
08/06/2020,MFE,TX,ASW,CE,Federal Contract Tower,14,13,23,35,85,0,0,61,5,66,14,13,84,40,151,56,0,56,207
08/07/2020,MFE,TX,ASW,CE,Federal Contract Tower,17,10,18,19,64,0,0,78,2,80,17,10,96,21,144,26,0,26,170
08/08/2020,MFE,TX,ASW,CE,Federal Contract Tower,12,12,15,10,49,0,0,37,3,40,12,12,52,13,89,18,14,32,121
08/09/2020,MFE,TX,ASW,CE,Federal Contract Tower,14,4,23,24,65,0,0,33,1,34,14,4,56,25,99,20,0,20,119
08/10/2020,MFE,TX,ASW,CE,Federal Contract Tower,19,14,20,18,71,0,0,72,1,73,19,14,92,19,144,94,0,94,238
08/11/2020,MFE,TX,ASW,CE,Federal Contract Tower,9,12,18,44,83,0,0,84,1,85,9,12,102,45,168,22,0,22,190
08/12/2020,MFE,TX,ASW,CE,Federal Contract Tower,11,17,22,24,74,0,0,94,3,97,11,17,116,27,171,88,0,88,259
08/13/2020,MFE,TX,ASW,CE,Federal Contract Tower,19,10,26,32,87,0,0,68,4,72,19,10,94,36,159,12,0,12,171
08/14/2020,MFE,TX,ASW,CE,Federal Contract Tower,16,13,19,22,70,0,0,68,2,70,16,13,87,24,140,84,0,84,224
08/15/2020,MFE,TX,ASW,CE,Federal Contract Tower,13,4,12,5,34,0,0,38,4,42,13,4,50,9,76,18,0,18,94
08/16/2020,MFE,TX,ASW,CE,Federal Contract Tower,15,9,19,21,64,0,0,36,3,39,15,9,55,24,103,16,12,28,131
08/17/2020,MFE,TX,ASW,CE,Federal Contract Tower,13,8,20,55,96,0,0,68,6,74,13,8,88,61,170,52,2,54,224
08/18/2020,MFE,TX,ASW,CE,Federal Contract Tower,12,9,14,20,55,0,0,78,2,80,12,9,92,22,135,28,0,28,163
08/19/2020,MFE,TX,ASW,CE,Federal Contract Tower,12,11,18,11,52,0,0,74,1,75,12,11,92,12,127,74,0,74,201
08/20/2020,MFE,TX,ASW,CE,Federal Contract Tower,16,11,20,61,108,0,0,72,7,79,16,11,92,68,187,80,0,80,267
08/21/2020,MFE,TX,ASW,CE,Federal Contract Tower,15,10,38,30,93,0,0,77,0,77,15,10,115,30,170,66,0,66,236
08/22/2020,MFE,TX,ASW,CE,Federal Contract Tower,11,12,6,22,51,0,0,49,2,51,11,12,55,24,102,38,0,38,140
08/23/2020,MFE,TX,ASW,CE,Federal Contract Tower,10,15,9,0,34,0,0,37,0,37,10,15,46,0,71,10,0,10,81
08/24/2020,MFE,TX,ASW,CE,Federal Contract Tower,18,9,13,45,85,0,0,52,1,53,18,9,65,46,138,6,1,7,145
08/25/2020,MFE,TX,ASW,CE,Federal Contract Tower,10,9,29,25,73,0,0,45,0,45,10,9,74,25,118,18,0,18,136
08/26/2020,MFE,TX,ASW,CE,Federal Contract Tower,12,7,10,90,119,0,0,73,2,75,12,7,83,92,194,64,0,64,258
08/27/2020,MFE,TX,ASW,CE,Federal Contract Tower,13,9,22,60,104,0,0,62,2,64,13,9,84,62,168,26,0,26,194
08/28/2020,MFE,TX,ASW,CE,Federal Contract Tower,16,13,20,15,64,0,0,56,3,59,16,13,76,18,123,50,0,50,173
08/29/2020,MFE,TX,ASW,CE,Federal Contract Tower,15,10,5,13,43,0,0,52,3,55,15,10,57,16,98,26,0,26,124
08/30/2020,MFE,TX,ASW,CE,Federal Contract Tower,10,7,17,20,54,0,0,28,5,33,10,7,45,25,87,0,0,0,87
08/31/2020,MFE,TX,ASW,CE,Federal Contract Tower,16,12,22,68,118,0,0,49,3,52,16,12,71,71,170,66,0,66,236
09/01/2020,MFE,TX,ASW,CE,Federal Contract Tower,10,5,21,50,86,0,0,59,1,60,10,5,80,51,146,10,0,10,156
09/02/2020,MFE,TX,ASW,CE,Federal Contract Tower,11,13,27,74,125,0,0,51,0,51,11,13,78,74,176,80,0,80,256
09/03/2020,MFE,TX,ASW,CE,Federal Contract Tower,16,9,23,36,84,0,0,60,1,61,16,9,83,37,145,50,0,50,195
09/04/2020,MFE,TX,ASW,CE,Federal Contract Tower,16,7,29,0,52,0,0,40,1,41,16,7,69,1,93,42,0,42,135
09/05/2020,MFE,TX,ASW,CE,Federal Contract Tower,9,7,11,5,32,0,0,10,1,11,9,7,21,6,43,0,0,0,43
09/06/2020,MFE,TX,ASW,CE,Federal Contract Tower,10,6,9,0,25,0,0,20,1,21,10,6,29,1,46,2,0,2,48
09/07/2020,MFE,TX,ASW,CE,Federal Contract Tower,9,15,10,4,38,0,0,53,0,53,9,15,63,4,91,8,0,8,99
09/08/2020,MFE,TX,ASW,CE,Federal Contract Tower,11,11,35,34,91,0,0,37,0,37,11,11,72,34,128,0,0,0,128
09/09/2020,MFE,TX,ASW,CE,Federal Contract Tower,16,7,33,54,110,0,0,54,3,57,16,7,87,57,167,14,0,14,181
09/10/2020,MFE,TX,ASW,CE,Federal Contract Tower,14,13,33,39,99,0,0,32,2,34,14,13,65,41,133,34,0,34,167
09/11/2020,MFE,TX,ASW,CE,Federal Contract Tower,11,13,29,16,69,0,0,26,2,28,11,13,55,18,97,26,0,26,123
09/12/2020,MFE,TX,ASW,CE,Federal Contract Tower,9,10,7,15,41,0,0,57,0,57,9,10,64,15,98,34,0,34,132
09/13/2020,MFE,TX,ASW,CE,Federal Contract Tower,8,17,8,21,54,0,0,28,0,28,8,17,36,21,82,24,0,24,106
09/14/2020,MFE,TX,ASW,CE,Federal Contract Tower,13,11,21,2,47,0,0,40,4,44,13,11,61,6,91,98,0,98,189
09/15/2020,MFE,TX,ASW,CE,Federal Contract Tower,8,11,21,6,46,0,0,38,0,38,8,11,59,6,84,24,0,24,108
09/16/2020,MFE,TX,ASW,CE,Federal Contract Tower,13,8,36,12,69,0,0,81,5,86,13,8,117,17,155,118,0,118,273
09/17/2020,MFE,TX,ASW,CE,Federal Contract Tower,15,9,20,24,68,0,0,30,2,32,15,9,50,26,100,42,0,42,142
09/18/2020,MFE,TX,ASW,CE,Federal Contract Tower,9,15,21,19,64,0,0,51,2,53,9,15,72,21,117,54,0,54,171
09/19/2020,MFE,TX,ASW,CE,Federal Contract Tower,10,7,9,2,28,0,0,44,5,49,10,7,53,7,77,26,0,26,103
09/20/2020,MFE,TX,ASW,CE,Federal Contract Tower,11,12,15,3,41,0,0,22,1,23,11,12,37,4,64,0,0,0,64
09/21/2020,MFE,TX,ASW,CE,Federal Contract Tower,13,10,27,18,68,0,0,42,0,42,13,10,69,18,110,62,0,62,172
09/22/2020,MFE,TX,ASW,CE,Federal Contract Tower,8,13,27,101,149,0,0,63,3,66,8,13,90,104,215,94,0,94,309
09/23/2020,MFE,TX,ASW,CE,Federal Contract Tower,13,10,24,51,98,0,0,75,4,79,13,10,99,55,177,78,0,78,255
09/24/2020,MFE,TX,ASW,CE,Federal Contract Tower,17,6,33,74,130,0,0,81,5,86,17,6,114,79,216,60,2,62,278
09/25/2020,MFE,TX,ASW,CE,Federal Contract Tower,11,17,24,16,68,0,0,73,2,75,11,17,97,18,143,90,0,90,233
09/26/2020,MFE,TX,ASW,CE,Federal Contract Tower,12,8,30,22,72,0,0,63,4,67,12,8,93,26,139,4,0,4,143
09/27/2020,MFE,TX,ASW,CE,Federal Contract Tower,12,6,14,32,64,0,0,48,1,49,12,6,62,33,113,0,10,10,123
09/28/2020,MFE,TX,ASW,CE,Federal Contract Tower,12,9,26,56,103,0,0,43,2,45,12,9,69,58,148,40,0,40,188
09/29/2020,MFE,TX,ASW,CE,Federal Contract Tower,10,9,17,56,92,0,0,72,5,77,10,9,89,61,169,76,16,92,261
09/30/2020,MFE,TX,ASW,CE,Federal Contract Tower,16,6,33,30,85,0,0,88,4,92,16,6,121,34,177,32,0,32,209
10/01/2020,MFE,TX,ASW,CE,Federal Contract Tower,14,8,28,14,64,0,0,93,7,100,14,8,121,21,164,24,14,38,202
10/02/2020,MFE,TX,ASW,CE,Federal Contract Tower,15,14,21,10,60,0,0,77,4,81,15,14,98,14,141,46,0,46,187
10/03/2020,MFE,TX,ASW,CE,Federal Contract Tower,12,8,19,2,41,0,0,65,2,67,12,8,84,4,108,30,0,30,138
10/04/2020,MFE,TX,ASW,CE,Federal Contract Tower,19,2,14,5,40,0,0,47,0,47,19,2,61,5,87,4,0,4,91
10/05/2020,MFE,TX,ASW,CE,Federal Contract Tower,20,5,26,31,82,0,0,69,0,69,20,5,95,31,151,58,0,58,209
10/06/2020,MFE,TX,ASW,CE,Federal Contract Tower,9,5,16,33,63,0,0,102,9,111,9,5,118,42,174,54,4,58,232
10/07/2020,MFE,TX,ASW,CE,Federal Contract Tower,17,14,23,34,88,0,0,78,5,83,17,14,101,39,171,74,0,74,245
10/08/2020,MFE,TX,ASW,CE,Federal Contract Tower,16,9,47,38,110,0,0,62,13,75,16,9,109,51,185,30,18,48,233
10/09/2020,MFE,TX,ASW,CE,Federal Contract Tower,18,9,22,47,96,0,0,87,4,91,18,9,109,51,187,106,0,106,293
10/10/2020,MFE,TX,ASW,CE,Federal Contract Tower,19,5,12,19,55,0,0,49,2,51,19,5,61,21,106,0,0,0,106
10/11/2020,MFE,TX,ASW,CE,Federal Contract Tower,18,6,21,8,53,0,0,35,0,35,18,6,56,8,88,30,0,30,118
10/12/2020,MFE,TX,ASW,CE,Federal Contract Tower,15,14,25,16,70,0,0,38,0,38,15,14,63,16,108,6,0,6,114
10/13/2020,MFE,TX,ASW,CE,Federal Contract Tower,15,10,21,30,76,0,0,41,2,43,15,10,62,32,119,42,0,42,161
10/14/2020,MFE,TX,ASW,CE,Federal Contract Tower,15,16,35,27,93,0,0,60,9,69,15,16,95,36,162,66,0,66,228
10/15/2020,MFE,TX,ASW,CE,Federal Contract Tower,19,15,36,46,116,0,0,102,6,108,19,15,138,52,224,62,14,76,300
10/16/2020,MFE,TX,ASW,CE,Federal Contract Tower,15,17,48,19,99,0,0,0,0,0,15,17,48,19,99,0,0,0,99
10/17/2020,MFE,TX,ASW,CE,Federal Contract Tower,13,10,19,14,56,0,0,19,0,19,13,10,38,14,75,0,0,0,75
10/18/2020,MFE,TX,ASW,CE,Federal Contract Tower,16,9,11,2,38,0,0,45,0,45,16,9,56,2,83,0,0,0,83
10/19/2020,MFE,TX,ASW,CE,Federal Contract Tower,12,17,33,30,92,0,0,44,1,45,12,17,77,31,137,14,14,28,165
10/20/2020,MFE,TX,ASW,CE,Federal Contract Tower,11,7,40,36,94,0,0,60,6,66,11,7,100,42,160,36,6,42,202
10/21/2020,MFE,TX,ASW,CE,Federal Contract Tower,14,18,32,41,105,0,0,82,1,83,14,18,114,42,188,38,10,48,236
10/22/2020,MFE,TX,ASW,CE,Federal Contract Tower,18,6,35,37,96,0,0,78,5,83,18,6,113,42,179,80,0,80,259
10/23/2020,MFE,TX,ASW,CE,Federal Contract Tower,14,16,23,32,85,0,0,72,0,72,14,16,95,32,157,50,0,50,207
10/24/2020,MFE,TX,ASW,CE,Federal Contract Tower,14,5,31,14,64,0,0,46,0,46,14,5,77,14,110,58,0,58,168
10/25/2020,MFE,TX,ASW,CE,Federal Contract Tower,14,8,16,15,53,0,0,34,15,49,14,8,50,30,102,34,0,34,136
10/26/2020,MFE,TX,ASW,CE,Federal Contract Tower,12,9,30,2,53,0,0,67,3,70,12,9,97,5,123,48,0,48,171
10/27/2020,MFE,TX,ASW,CE,Federal Contract Tower,20,6,30,66,122,0,0,37,2,39,20,6,67,68,161,54,8,62,223
10/28/2020,MFE,TX,ASW,CE,Federal Contract Tower,17,12,34,51,114,0,0,62,0,62,17,12,96,51,176,60,0,60,236
10/29/2020,MFE,TX,ASW,CE,Federal Contract Tower,18,11,29,19,77,0,0,82,0,82,18,11,111,19,159,46,0,46,205
10/30/2020,MFE,TX,ASW,CE,Federal Contract Tower,19,20,39,23,101,0,0,93,4,97,19,20,132,27,198,78,0,78,276
10/31/2020,MFE,TX,ASW,CE,Federal Contract Tower,11,1,15,4,31,0,0,63,5,68,11,1,78,9,99,26,0,26,125
11/01/2020,MFE,TX,ASW,CE,Federal Contract Tower,16,5,15,6,42,0,0,43,9,52,16,5,58,15,94,16,0,16,110
11/02/2020,MFE,TX,ASW,CE,Federal Contract Tower,18,8,15,46,87,0,0,78,2,80,18,8,93,48,167,58,0,58,225
11/03/2020,MFE,TX,ASW,CE,Federal Contract Tower,15,15,17,24,71,0,0,62,0,62,15,15,79,24,133,82,0,82,215
11/04/2020,MFE,TX,ASW,CE,Federal Contract Tower,15,14,33,40,102,0,0,89,0,89,15,14,122,40,191,88,0,88,279
11/05/2020,MFE,TX,ASW,CE,Federal Contract Tower,20,15,28,18,81,0,0,65,0,65,20,15,93,18,146,50,0,50,196
11/06/2020,MFE,TX,ASW,CE,Federal Contract Tower,19,6,34,24,83,0,0,81,6,87,19,6,115,30,170,82,0,82,252
11/07/2020,MFE,TX,ASW,CE,Federal Contract Tower,11,9,17,10,47,0,0,58,6,64,11,9,75,16,111,106,0,106,217
11/08/2020,MFE,TX,ASW,CE,Federal Contract Tower,16,11,21,18,66,0,0,32,6,38,16,11,53,24,104,52,0,52,156
11/09/2020,MFE,TX,ASW,CE,Federal Contract Tower,20,9,24,29,82,0,0,75,10,85,20,9,99,39,167,100,0,100,267
11/10/2020,MFE,TX,ASW,CE,Federal Contract Tower,17,8,21,43,89,0,0,77,0,77,17,8,98,43,166,116,0,116,282
11/11/2020,MFE,TX,ASW,CE,Federal Contract Tower,18,12,26,6,62,0,0,67,0,67,18,12,93,6,129,40,0,40,169
11/12/2020,MFE,TX,ASW,CE,Federal Contract Tower,18,10,34,10,72,0,0,53,0,53,18,10,87,10,125,64,10,74,199
11/13/2020,MFE,TX,ASW,CE,Federal Contract Tower,20,10,39,18,87,0,0,72,6,78,20,10,111,24,165,50,0,50,215
11/14/2020,MFE,TX,ASW,CE,Federal Contract Tower,14,7,14,6,41,0,0,61,6,67,14,7,75,12,108,50,0,50,158
11/15/2020,MFE,TX,ASW,CE,Federal Contract Tower,19,13,22,7,61,0,0,37,5,42,19,13,59,12,103,28,0,28,131
11/16/2020,MFE,TX,ASW,CE,Federal Contract Tower,24,9,33,22,88,0,0,82,6,88,24,9,115,28,176,66,0,66,242
11/17/2020,MFE,TX,ASW,CE,Federal Contract Tower,13,13,31,30,87,0,0,79,0,79,13,13,110,30,166,68,12,80,246
11/18/2020,MFE,TX,ASW,CE,Federal Contract Tower,15,12,36,20,83,0,0,87,2,89,15,12,123,22,172,66,6,72,244
11/19/2020,MFE,TX,ASW,CE,Federal Contract Tower,21,17,41,17,96,0,0,95,0,95,21,17,136,17,191,28,0,28,219
11/20/2020,MFE,TX,ASW,CE,Federal Contract Tower,19,11,22,25,77,0,0,85,7,92,19,11,107,32,169,122,0,122,291
11/21/2020,MFE,TX,ASW,CE,Federal Contract Tower,16,6,21,22,65,0,0,60,6,66,16,6,81,28,131,74,0,74,205
11/22/2020,MFE,TX,ASW,CE,Federal Contract Tower,23,7,27,11,68,0,1,66,6,73,23,8,93,17,141,48,0,48,189
11/23/2020,MFE,TX,ASW,CE,Federal Contract Tower,19,16,46,34,115,0,0,67,8,75,19,16,113,42,190,54,0,54,244
11/24/2020,MFE,TX,ASW,CE,Federal Contract Tower,19,7,32,46,104,0,0,63,2,65,19,7,95,48,169,24,0,24,193
11/25/2020,MFE,TX,ASW,CE,Federal Contract Tower,20,7,35,27,89,0,0,102,0,102,20,7,137,27,191,48,0,48,239
11/26/2020,MFE,TX,ASW,CE,Federal Contract Tower,8,2,11,0,21,0,0,40,0,40,8,2,51,0,61,0,0,0,61
11/27/2020,MFE,TX,ASW,CE,Federal Contract Tower,14,4,16,20,54,0,0,57,3,60,14,4,73,23,114,26,0,26,140
11/28/2020,MFE,TX,ASW,CE,Federal Contract Tower,14,11,11,0,36,0,0,33,4,37,14,11,44,4,73,50,0,50,123
11/29/2020,MFE,TX,ASW,CE,Federal Contract Tower,22,9,30,10,71,0,0,41,2,43,22,9,71,12,114,44,0,44,158
11/30/2020,MFE,TX,ASW,CE,Federal Contract Tower,21,9,31,46,107,0,0,87,10,97,21,9,118,56,204,46,0,46,250
12/01/2020,MFE,TX,ASW,CE,Federal Contract Tower,15,4,26,45,90,0,0,74,0,74,15,4,100,45,164,26,0,26,190
12/02/2020,MFE,TX,ASW,CE,Federal Contract Tower,14,11,28,42,95,0,0,80,4,84,14,11,108,46,179,74,0,74,253
12/03/2020,MFE,TX,ASW,CE,Federal Contract Tower,21,7,33,39,100,0,0,92,4,96,21,7,125,43,196,56,0,56,252
12/04/2020,MFE,TX,ASW,CE,Federal Contract Tower,16,12,30,14,72,0,0,70,4,74,16,12,100,18,146,116,0,116,262
12/05/2020,MFE,TX,ASW,CE,Federal Contract Tower,15,3,10,6,34,0,0,20,0,20,15,3,30,6,54,10,0,10,64
12/06/2020,MFE,TX,ASW,CE,Federal Contract Tower,24,8,18,8,58,0,0,53,4,57,24,8,71,12,115,38,0,38,153
12/07/2020,MFE,TX,ASW,CE,Federal Contract Tower,23,15,23,30,91,0,0,62,8,70,23,15,85,38,161,44,0,44,205
12/08/2020,MFE,TX,ASW,CE,Federal Contract Tower,12,12,18,24,66,0,0,80,4,84,12,12,98,28,150,88,0,88,238
12/09/2020,MFE,TX,ASW,CE,Federal Contract Tower,18,6,28,22,74,0,1,102,6,109,18,7,130,28,183,34,0,34,217
12/10/2020,MFE,TX,ASW,CE,Federal Contract Tower,22,8,18,20,68,0,0,103,7,110,22,8,121,27,178,76,0,76,254
12/11/2020,MFE,TX,ASW,CE,Federal Contract Tower,21,6,31,14,72,0,0,65,4,69,21,6,96,18,141,92,0,92,233
12/12/2020,MFE,TX,ASW,CE,Federal Contract Tower,15,7,12,16,50,0,0,37,2,39,15,7,49,18,89,28,0,28,117
12/13/2020,MFE,TX,ASW,CE,Federal Contract Tower,23,7,10,30,70,0,0,47,6,53,23,7,57,36,123,38,0,38,161
12/14/2020,MFE,TX,ASW,CE,Federal Contract Tower,22,8,32,42,104,0,0,86,4,90,22,8,118,46,194,44,0,44,238
12/15/2020,MFE,TX,ASW,CE,Federal Contract Tower,15,13,27,50,105,0,0,75,1,76,15,13,102,51,181,72,0,72,253
12/16/2020,MFE,TX,ASW,CE,Federal Contract Tower,16,15,43,21,95,0,0,74,3,77,16,15,117,24,172,92,4,96,268
12/17/2020,MFE,TX,ASW,CE,Federal Contract Tower,20,14,35,28,97,0,0,82,5,87,20,14,117,33,184,152,0,152,336
12/18/2020,MFE,TX,ASW,CE,Federal Contract Tower,21,10,35,6,72,0,0,67,8,75,21,10,102,14,147,94,0,94,241
12/19/2020,MFE,TX,ASW,CE,Federal Contract Tower,21,4,20,6,51,0,0,79,5,84,21,4,99,11,135,40,0,40,175
12/20/2020,MFE,TX,ASW,CE,Federal Contract Tower,22,8,24,1,55,0,0,70,4,74,22,8,94,5,129,26,0,26,155
12/21/2020,MFE,TX,ASW,CE,Federal Contract Tower,23,9,25,12,69,0,0,77,6,83,23,9,102,18,152,36,0,36,188
12/22/2020,MFE,TX,ASW,CE,Federal Contract Tower,26,6,42,14,88,0,0,75,0,75,26,6,117,14,163,64,0,64,227
12/23/2020,MFE,TX,ASW,CE,Federal Contract Tower,25,5,34,0,64,0,0,51,0,51,25,5,85,0,115,10,0,10,125
12/24/2020,MFE,TX,ASW,CE,Federal Contract Tower,23,2,10,0,35,0,0,31,6,37,23,2,41,6,72,0,4,4,76
12/25/2020,MFE,TX,ASW,CE,Federal Contract Tower,13,5,15,0,33,0,0,24,7,31,13,5,39,7,64,6,0,6,70
12/26/2020,MFE,TX,ASW,CE,Federal Contract Tower,18,7,19,4,48,0,0,73,4,77,18,7,92,8,125,50,0,50,175
12/27/2020,MFE,TX,ASW,CE,Federal Contract Tower,18,7,19,0,44,0,0,59,8,67,18,7,78,8,111,40,0,40,151
12/28/2020,MFE,TX,ASW,CE,Federal Contract Tower,21,11,33,4,69,0,0,60,12,72,21,11,93,16,141,26,0,26,167
12/29/2020,MFE,TX,ASW,CE,Federal Contract Tower,19,8,37,4,68,0,0,64,1,65,19,8,101,5,133,16,0,16,149
12/30/2020,MFE,TX,ASW,CE,Federal Contract Tower,22,8,23,11,64,0,0,40,0,40,22,8,63,11,104,6,0,6,110
12/31/2020,MFE,TX,ASW,CE,Federal Contract Tower,13,11,14,0,38,0,0,25,7,32,13,11,39,7,70,16,0,16,86
01/01/2021,MFE,TX,ASW,CE,Federal Contract Tower,12,9,9,0,30,0,0,45,4,49,12,9,54,4,79,26,0,26,105
01/02/2021,MFE,TX,ASW,CE,Federal Contract Tower,18,10,18,0,46,0,0,60,4,64,18,10,78,4,110,46,0,46,156
01/03/2021,MFE,TX,ASW,CE,Federal Contract Tower,20,7,14,0,41,0,0,41,4,45,20,7,55,4,86,0,0,0,86
01/04/2021,MFE,TX,ASW,CE,Federal Contract Tower,21,13,28,0,62,0,0,68,4,72,21,13,96,4,134,44,0,44,178
01/05/2021,MFE,TX,ASW,CE,Federal Contract Tower,14,16,41,4,75,0,1,57,0,58,14,17,98,4,133,38,0,38,171
01/06/2021,MFE,TX,ASW,CE,Federal Contract Tower,18,13,17,53,101,0,0,75,0,75,18,13,92,53,176,44,0,44,220
01/07/2021,MFE,TX,ASW,CE,Federal Contract Tower,14,12,26,26,78,0,0,83,6,89,14,12,109,32,167,92,0,92,259
01/08/2021,MFE,TX,ASW,CE,Federal Contract Tower,18,10,17,38,83,0,0,85,6,91,18,10,102,44,174,68,0,68,242
01/09/2021,MFE,TX,ASW,CE,Federal Contract Tower,11,6,19,0,36,0,3,26,2,31,11,9,45,2,67,0,0,0,67
01/10/2021,MFE,TX,ASW,CE,Federal Contract Tower,17,5,15,3,40,0,0,8,0,8,17,5,23,3,48,0,0,0,48
01/11/2021,MFE,TX,ASW,CE,Federal Contract Tower,40,17,25,24,106,0,0,56,18,74,40,17,81,42,180,40,0,40,220
01/12/2021,MFE,TX,ASW,CE,Federal Contract Tower,18,10,16,6,50,0,0,26,8,34,18,10,42,14,84,0,0,0,84
01/13/2021,MFE,TX,ASW,CE,Federal Contract Tower,19,5,27,13,64,0,0,76,0,76,19,5,103,13,140,62,0,62,202
01/14/2021,MFE,TX,ASW,CE,Federal Contract Tower,17,17,29,38,101,0,0,95,6,101,17,17,124,44,202,74,0,74,276
01/15/2021,MFE,TX,ASW,CE,Federal Contract Tower,19,11,34,10,74,0,0,74,6,80,19,11,108,16,154,68,0,68,222
01/16/2021,MFE,TX,ASW,CE,Federal Contract Tower,9,13,15,16,53,0,0,71,6,77,9,13,86,22,130,30,0,30,160
01/17/2021,MFE,TX,ASW,CE,Federal Contract Tower,16,8,14,0,38,0,0,45,5,50,16,8,59,5,88,38,0,38,126
01/18/2021,MFE,TX,ASW,CE,Federal Contract Tower,20,9,24,6,59,0,0,67,4,71,20,9,91,10,130,80,0,80,210
01/19/2021,MFE,TX,ASW,CE,Federal Contract Tower,13,12,28,26,79,0,0,51,0,51,13,12,79,26,130,46,0,46,176
01/20/2021,MFE,TX,ASW,CE,Federal Contract Tower,15,14,31,22,82,0,0,0,0,0,15,14,31,22,82,0,0,0,82
01/21/2021,MFE,TX,ASW,CE,Federal Contract Tower,24,3,47,20,94,0,0,1,0,1,24,3,48,20,95,0,0,0,95
01/22/2021,MFE,TX,ASW,CE,Federal Contract Tower,21,9,57,23,110,0,0,77,4,81,21,9,134,27,191,48,0,48,239
01/23/2021,MFE,TX,ASW,CE,Federal Contract Tower,11,7,52,4,74,0,0,22,0,22,11,7,74,4,96,26,0,26,122
01/24/2021,MFE,TX,ASW,CE,Federal Contract Tower,18,13,40,26,97,0,0,63,4,67,18,13,103,30,164,6,0,6,170
01/25/2021,MFE,TX,ASW,CE,Federal Contract Tower,17,14,83,29,143,0,0,132,10,142,17,14,215,39,285,52,0,52,337
01/26/2021,MFE,TX,ASW,CE,Federal Contract Tower,17,13,49,64,143,0,0,96,1,97,17,13,145,65,240,122,26,148,388
01/27/2021,MFE,TX,ASW,CE,Federal Contract Tower,15,10,39,48,112,0,0,84,1,85,15,10,123,49,197,38,0,38,235
01/28/2021,MFE,TX,ASW,CE,Federal Contract Tower,20,10,39,72,141,0,0,88,9,97,20,10,127,81,238,66,0,66,304
01/29/2021,MFE,TX,ASW,CE,Federal Contract Tower,17,8,46,40,111,0,0,82,8,90,17,8,128,48,201,32,0,32,233
01/30/2021,MFE,TX,ASW,CE,Federal Contract Tower,12,10,33,28,83,0,0,55,2,57,12,10,88,30,140,34,0,34,174
01/31/2021,MFE,TX,ASW,CE,Federal Contract Tower,15,9,38,7,69,0,0,59,9,68,15,9,97,16,137,22,0,22,159
02/01/2021,MFE,TX,ASW,CE,Federal Contract Tower,15,16,32,52,115,0,0,67,6,73,15,16,99,58,188,34,0,34,222
02/02/2021,MFE,TX,ASW,CE,Federal Contract Tower,17,9,36,34,96,0,0,83,4,87,17,9,119,38,183,70,0,70,253
02/03/2021,MFE,TX,ASW,CE,Federal Contract Tower,15,12,42,29,98,0,0,83,0,83,15,12,125,29,181,34,0,34,215
02/04/2021,MFE,TX,ASW,CE,Federal Contract Tower,19,12,42,28,101,0,0,90,6,96,19,12,132,34,197,46,0,46,243
02/05/2021,MFE,TX,ASW,CE,Federal Contract Tower,22,7,42,42,113,0,0,33,3,36,22,7,75,45,149,42,0,42,191
02/06/2021,MFE,TX,ASW,CE,Federal Contract Tower,9,9,15,8,41,0,0,32,2,34,9,9,47,10,75,14,0,14,89
02/07/2021,MFE,TX,ASW,CE,Federal Contract Tower,17,7,15,12,51,0,0,64,4,68,17,7,79,16,119,14,0,14,133
02/08/2021,MFE,TX,ASW,CE,Federal Contract Tower,14,16,29,6,65,0,0,65,8,73,14,16,94,14,138,60,0,60,198
02/09/2021,MFE,TX,ASW,CE,Federal Contract Tower,11,12,52,47,122,0,0,62,1,63,11,12,114,48,185,70,0,70,255
02/10/2021,MFE,TX,ASW,CE,Federal Contract Tower,19,14,41,39,113,0,0,68,7,75,19,14,109,46,188,42,10,52,240
02/11/2021,MFE,TX,ASW,CE,Federal Contract Tower,15,13,38,2,68,0,0,0,0,0,15,13,38,2,68,0,0,0,68
02/12/2021,MFE,TX,ASW,CE,Federal Contract Tower,21,18,39,14,92,0,0,0,0,0,21,18,39,14,92,0,0,0,92
02/13/2021,MFE,TX,ASW,CE,Federal Contract Tower,15,8,18,6,47,0,0,1,0,1,15,8,19,6,48,0,0,0,48
02/14/2021,MFE,TX,ASW,CE,Federal Contract Tower,5,5,34,0,44,0,0,0,0,0,5,5,34,0,44,0,0,0,44
02/15/2021,MFE,TX,ASW,CE,Federal Contract Tower,2,9,34,0,45,0,0,17,2,19,2,9,51,2,64,6,0,6,70
02/16/2021,MFE,TX,ASW,CE,Federal Contract Tower,0,4,39,0,43,0,0,20,0,20,0,4,59,0,63,4,0,4,67
02/17/2021,MFE,TX,ASW,CE,Federal Contract Tower,6,0,27,0,33,0,0,54,0,54,6,0,81,0,87,20,0,20,107
02/18/2021,MFE,TX,ASW,CE,Federal Contract Tower,11,6,43,2,62,0,0,13,0,13,11,6,56,2,75,0,0,0,75
02/19/2021,MFE,TX,ASW,CE,Federal Contract Tower,15,22,56,6,99,0,0,85,6,91,15,22,141,12,190,60,6,66,256
02/20/2021,MFE,TX,ASW,CE,Federal Contract Tower,12,15,30,21,78,0,0,73,5,78,12,15,103,26,156,24,0,24,180
02/21/2021,MFE,TX,ASW,CE,Federal Contract Tower,12,18,32,25,87,0,0,54,13,67,12,18,86,38,154,26,0,26,180
02/22/2021,MFE,TX,ASW,CE,Federal Contract Tower,17,21,43,31,112,0,0,80,3,83,17,21,123,34,195,64,0,64,259
02/23/2021,MFE,TX,ASW,CE,Federal Contract Tower,18,15,42,20,95,0,0,83,0,83,18,15,125,20,178,36,0,36,214
02/24/2021,MFE,TX,ASW,CE,Federal Contract Tower,18,15,56,22,111,0,0,98,0,98,18,15,154,22,209,46,0,46,255
02/25/2021,MFE,TX,ASW,CE,Federal Contract Tower,15,16,59,44,134,0,0,89,8,97,15,16,148,52,231,26,0,26,257
02/26/2021,MFE,TX,ASW,CE,Federal Contract Tower,21,14,48,48,131,0,0,69,4,73,21,14,117,52,204,62,0,62,266
02/27/2021,MFE,TX,ASW,CE,Federal Contract Tower,17,7,27,34,85,0,0,53,4,57,17,7,80,38,142,40,12,52,194
02/28/2021,MFE,TX,ASW,CE,Federal Contract Tower,15,20,22,0,57,0,0,37,5,42,15,20,59,5,99,20,0,20,119
03/01/2021,MFE,TX,ASW,CE,Federal Contract Tower,21,13,44,58,136,0,0,24,4,28,21,13,68,62,164,8,0,8,172
03/02/2021,MFE,TX,ASW,CE,Federal Contract Tower,14,15,50,23,102,0,0,115,3,118,14,15,165,26,220,86,2,88,308
03/03/2021,MFE,TX,ASW,CE,Federal Contract Tower,24,17,36,11,88,0,1,125,5,131,24,18,161,16,219,50,0,50,269
03/04/2021,MFE,TX,ASW,CE,Federal Contract Tower,25,27,62,4,118,0,0,99,14,113,25,27,161,18,231,34,0,34,265
03/05/2021,MFE,TX,ASW,CE,Federal Contract Tower,22,19,51,1,93,0,0,83,7,90,22,19,134,8,183,94,0,94,277
03/06/2021,MFE,TX,ASW,CE,Federal Contract Tower,16,11,18,4,49,0,0,70,6,76,16,11,88,10,125,24,0,24,149
03/07/2021,MFE,TX,ASW,CE,Federal Contract Tower,22,8,16,4,50,0,0,44,4,48,22,8,60,8,98,10,0,10,108
03/08/2021,MFE,TX,ASW,CE,Federal Contract Tower,27,15,34,27,103,0,0,74,8,82,27,15,108,35,185,60,10,70,255
03/09/2021,MFE,TX,ASW,CE,Federal Contract Tower,24,14,49,33,120,0,0,55,4,59,24,14,104,37,179,34,0,34,213
03/10/2021,MFE,TX,ASW,CE,Federal Contract Tower,23,13,42,10,88,0,0,71,0,71,23,13,113,10,159,0,0,0,159
03/11/2021,MFE,TX,ASW,CE,Federal Contract Tower,25,16,57,28,126,0,0,72,2,74,25,16,129,30,200,0,0,0,200
03/12/2021,MFE,TX,ASW,CE,Federal Contract Tower,23,15,58,6,102,0,1,56,4,61,23,16,114,10,163,30,0,30,193
03/13/2021,MFE,TX,ASW,CE,Federal Contract Tower,15,13,32,4,64,0,0,63,4,67,15,13,95,8,131,26,0,26,157
03/14/2021,MFE,TX,ASW,CE,Federal Contract Tower,18,12,36,18,84,0,0,65,6,71,18,12,101,24,155,46,0,46,201
03/15/2021,MFE,TX,ASW,CE,Federal Contract Tower,22,21,38,18,99,0,0,63,4,67,22,21,101,22,166,8,0,8,174
03/16/2021,MFE,TX,ASW,CE,Federal Contract Tower,14,11,49,21,95,0,0,50,0,50,14,11,99,21,145,30,0,30,175
03/17/2021,MFE,TX,ASW,CE,Federal Contract Tower,29,11,51,31,122,0,0,67,1,68,29,11,118,32,190,52,8,60,250
03/18/2021,MFE,TX,ASW,CE,Federal Contract Tower,25,9,39,12,85,0,0,103,6,109,25,9,142,18,194,54,0,54,248
03/19/2021,MFE,TX,ASW,CE,Federal Contract Tower,25,16,43,0,84,0,0,115,6,121,25,16,158,6,205,48,0,48,253
03/20/2021,MFE,TX,ASW,CE,Federal Contract Tower,14,12,28,18,72,0,0,89,6,95,14,12,117,24,167,82,0,82,249
03/21/2021,MFE,TX,ASW,CE,Federal Contract Tower,21,12,31,9,73,0,0,82,8,90,21,12,113,17,163,14,0,14,177
03/22/2021,MFE,TX,ASW,CE,Federal Contract Tower,18,10,21,44,93,0,0,62,7,69,18,10,83,51,162,12,0,12,174
03/23/2021,MFE,TX,ASW,CE,Federal Contract Tower,18,12,78,30,138,0,0,78,1,79,18,12,156,31,217,42,0,42,259
03/24/2021,MFE,TX,ASW,CE,Federal Contract Tower,23,16,47,23,109,0,0,89,3,92,23,16,136,26,201,92,0,92,293
03/25/2021,MFE,TX,ASW,CE,Federal Contract Tower,23,16,59,30,128,0,0,120,12,132,23,16,179,42,260,68,14,82,342
03/26/2021,MFE,TX,ASW,CE,Federal Contract Tower,25,17,48,18,108,0,0,118,8,126,25,17,166,26,234,118,0,118,352
03/27/2021,MFE,TX,ASW,CE,Federal Contract Tower,19,14,42,18,93,0,0,72,6,78,19,14,114,24,171,14,0,14,185
03/28/2021,MFE,TX,ASW,CE,Federal Contract Tower,20,14,27,10,71,0,0,25,4,29,20,14,52,14,100,0,0,0,100
03/29/2021,MFE,TX,ASW,CE,Federal Contract Tower,27,17,51,19,114,0,0,132,9,141,27,17,183,28,255,106,0,106,361
03/30/2021,MFE,TX,ASW,CE,Federal Contract Tower,23,12,70,38,143,0,0,102,2,104,23,12,172,40,247,40,0,40,287
03/31/2021,MFE,TX,ASW,CE,Federal Contract Tower,24,13,58,18,113,0,0,92,1,93,24,13,150,19,206,94,0,94,300
04/01/2021,MFE,TX,ASW,CE,Federal Contract Tower,21,15,48,34,118,0,0,90,6,96,21,15,138,40,214,88,0,88,302
04/02/2021,MFE,TX,ASW,CE,Federal Contract Tower,25,17,22,14,78,0,0,127,6,133,25,17,149,20,211,144,0,144,355
04/03/2021,MFE,TX,ASW,CE,Federal Contract Tower,20,8,21,8,57,0,0,55,6,61,20,8,76,14,118,76,0,76,194
04/04/2021,MFE,TX,ASW,CE,Federal Contract Tower,26,12,32,1,71,0,0,56,5,61,26,12,88,6,132,2,0,2,134
04/05/2021,MFE,TX,ASW,CE,Federal Contract Tower,26,12,50,37,125,0,0,91,6,97,26,12,141,43,222,56,0,56,278
04/06/2021,MFE,TX,ASW,CE,Federal Contract Tower,20,11,44,29,104,0,0,83,4,87,20,11,127,33,191,0,58,58,249
04/07/2021,MFE,TX,ASW,CE,Federal Contract Tower,25,10,70,38,143,0,0,105,0,105,25,10,175,38,248,60,0,60,308
04/08/2021,MFE,TX,ASW,CE,Federal Contract Tower,37,10,46,27,120,0,2,115,8,125,37,12,161,35,245,106,0,106,351
04/09/2021,MFE,TX,ASW,CE,Federal Contract Tower,23,14,41,30,108,0,0,107,4,111,23,14,148,34,219,14,0,14,233
04/10/2021,MFE,TX,ASW,CE,Federal Contract Tower,16,10,18,10,54,0,0,59,4,63,16,10,77,14,117,30,0,30,147
04/11/2021,MFE,TX,ASW,CE,Federal Contract Tower,23,13,30,0,66,0,0,85,8,93,23,13,115,8,159,16,0,16,175
04/12/2021,MFE,TX,ASW,CE,Federal Contract Tower,27,15,63,23,128,0,0,82,7,89,27,15,145,30,217,76,0,76,293
04/13/2021,MFE,TX,ASW,CE,Federal Contract Tower,28,6,75,16,125,0,1,67,0,68,28,7,142,16,193,82,0,82,275
04/14/2021,MFE,TX,ASW,CE,Federal Contract Tower,26,14,87,17,144,0,0,72,0,72,26,14,159,17,216,58,0,58,274
04/15/2021,MFE,TX,ASW,CE,Federal Contract Tower,27,11,65,34,137,0,0,83,4,87,27,11,148,38,224,14,34,48,272
04/16/2021,MFE,TX,ASW,CE,Federal Contract Tower,19,15,49,44,127,0,0,63,8,71,19,15,112,52,198,36,0,36,234
04/17/2021,MFE,TX,ASW,CE,Federal Contract Tower,22,10,22,0,54,0,0,18,2,20,22,10,40,2,74,4,0,4,78
04/18/2021,MFE,TX,ASW,CE,Federal Contract Tower,25,17,24,4,70,0,0,92,6,98,25,17,116,10,168,58,0,58,226
04/19/2021,MFE,TX,ASW,CE,Federal Contract Tower,26,10,40,18,94,0,0,131,3,134,26,10,171,21,228,78,10,88,316
04/20/2021,MFE,TX,ASW,CE,Federal Contract Tower,19,7,41,47,114,0,0,141,1,142,19,7,182,48,256,86,0,86,342
04/21/2021,MFE,TX,ASW,CE,Federal Contract Tower,29,13,33,40,115,0,0,112,0,112,29,13,145,40,227,56,0,56,283
04/22/2021,MFE,TX,ASW,CE,Federal Contract Tower,33,17,65,18,133,0,0,90,2,92,33,17,155,20,225,84,0,84,309
04/23/2021,MFE,TX,ASW,CE,Federal Contract Tower,20,12,54,18,104,0,0,93,4,97,20,12,147,22,201,42,0,42,243
04/24/2021,MFE,TX,ASW,CE,Federal Contract Tower,21,11,25,24,81,0,0,93,6,99,21,11,118,30,180,122,12,134,314
04/25/2021,MFE,TX,ASW,CE,Federal Contract Tower,26,10,26,8,70,0,0,85,8,93,26,10,111,16,163,44,0,44,207
04/26/2021,MFE,TX,ASW,CE,Federal Contract Tower,28,20,29,48,125,0,1,78,5,84,28,21,107,53,209,74,0,74,283
04/27/2021,MFE,TX,ASW,CE,Federal Contract Tower,20,4,39,70,133,0,0,99,0,99,20,4,138,70,232,50,0,50,282
04/28/2021,MFE,TX,ASW,CE,Federal Contract Tower,25,14,40,26,105,0,0,66,0,66,25,14,106,26,171,0,0,0,171
04/29/2021,MFE,TX,ASW,CE,Federal Contract Tower,29,15,49,78,171,0,0,87,11,98,29,15,136,89,269,52,10,62,331
04/30/2021,MFE,TX,ASW,CE,Federal Contract Tower,24,14,26,14,78,0,0,64,3,67,24,14,90,17,145,92,0,92,237
05/01/2021,MFE,TX,ASW,CE,Federal Contract Tower,27,10,38,6,81,0,0,24,0,24,27,10,62,6,105,0,0,0,105
05/02/2021,MFE,TX,ASW,CE,Federal Contract Tower,20,17,8,5,50,0,0,62,4,66,20,17,70,9,116,6,0,6,122
05/03/2021,MFE,TX,ASW,CE,Federal Contract Tower,27,16,28,60,131,0,0,99,2,101,27,16,127,62,232,44,0,44,276
05/04/2021,MFE,TX,ASW,CE,Federal Contract Tower,20,10,45,45,120,0,0,88,3,91,20,10,133,48,211,82,0,82,293
05/05/2021,MFE,TX,ASW,CE,Federal Contract Tower,31,7,43,38,119,0,0,115,1,116,31,7,158,39,235,48,0,48,283
05/06/2021,MFE,TX,ASW,CE,Federal Contract Tower,29,11,50,48,138,0,0,84,4,88,29,11,134,52,226,94,0,94,320
05/07/2021,MFE,TX,ASW,CE,Federal Contract Tower,24,10,31,14,79,0,0,85,8,93,24,10,116,22,172,66,0,66,238
05/08/2021,MFE,TX,ASW,CE,Federal Contract Tower,25,11,21,0,57,0,0,46,7,53,25,11,67,7,110,48,0,48,158
05/09/2021,MFE,TX,ASW,CE,Federal Contract Tower,22,21,23,10,76,0,0,51,9,60,22,21,74,19,136,4,0,4,140
05/10/2021,MFE,TX,ASW,CE,Federal Contract Tower,18,12,36,28,94,0,0,89,4,93,18,12,125,32,187,50,0,50,237
05/11/2021,MFE,TX,ASW,CE,Federal Contract Tower,15,14,53,37,119,0,0,88,0,88,15,14,141,37,207,60,0,60,267
05/12/2021,MFE,TX,ASW,CE,Federal Contract Tower,24,14,33,30,101,0,0,23,0,23,24,14,56,30,124,8,0,8,132
05/13/2021,MFE,TX,ASW,CE,Federal Contract Tower,26,12,47,60,145,0,1,79,8,88,26,13,126,68,233,72,8,80,313
05/14/2021,MFE,TX,ASW,CE,Federal Contract Tower,32,11,58,4,105,0,0,90,6,96,32,11,148,10,201,80,8,88,289
05/15/2021,MFE,TX,ASW,CE,Federal Contract Tower,25,12,16,0,53,0,0,31,0,31,25,12,47,0,84,16,0,16,100
05/16/2021,MFE,TX,ASW,CE,Federal Contract Tower,28,13,29,14,84,0,0,36,7,43,28,13,65,21,127,2,0,2,129
05/17/2021,MFE,TX,ASW,CE,Federal Contract Tower,36,18,43,67,164,0,0,81,4,85,36,18,124,71,249,36,0,36,285
05/18/2021,MFE,TX,ASW,CE,Federal Contract Tower,25,10,44,30,109,0,0,74,1,75,25,10,118,31,184,44,0,44,228
05/19/2021,MFE,TX,ASW,CE,Federal Contract Tower,32,17,13,0,62,0,0,30,0,30,32,17,43,0,92,4,0,4,96
05/20/2021,MFE,TX,ASW,CE,Federal Contract Tower,30,13,50,36,129,0,0,84,7,91,30,13,134,43,220,114,0,114,334
05/21/2021,MFE,TX,ASW,CE,Federal Contract Tower,31,14,50,40,135,0,0,103,4,107,31,14,153,44,242,78,0,78,320
05/22/2021,MFE,TX,ASW,CE,Federal Contract Tower,21,18,33,16,88,0,0,51,3,54,21,18,84,19,142,28,0,28,170
05/23/2021,MFE,TX,ASW,CE,Federal Contract Tower,25,12,25,10,72,0,0,49,5,54,25,12,74,15,126,12,0,12,138
05/24/2021,MFE,TX,ASW,CE,Federal Contract Tower,26,11,33,9,79,0,0,75,4,79,26,11,108,13,158,28,0,28,186
05/25/2021,MFE,TX,ASW,CE,Federal Contract Tower,33,11,46,59,149,0,0,78,0,78,33,11,124,59,227,40,0,40,267
05/26/2021,MFE,TX,ASW,CE,Federal Contract Tower,25,16,43,33,117,0,0,89,2,91,25,16,132,35,208,38,0,38,246
05/27/2021,MFE,TX,ASW,CE,Federal Contract Tower,32,16,38,16,102,0,0,83,10,93,32,16,121,26,195,50,0,50,245
05/28/2021,MFE,TX,ASW,CE,Federal Contract Tower,25,20,27,6,78,0,0,73,8,81,25,20,100,14,159,56,0,56,215
05/29/2021,MFE,TX,ASW,CE,Federal Contract Tower,26,12,24,0,62,0,0,52,0,52,26,12,76,0,114,60,0,60,174
05/30/2021,MFE,TX,ASW,CE,Federal Contract Tower,31,13,22,0,66,0,0,50,6,56,31,13,72,6,122,16,0,16,138
05/31/2021,MFE,TX,ASW,CE,Federal Contract Tower,20,10,21,0,51,0,0,67,10,77,20,10,88,10,128,42,0,42,170
06/01/2021,MFE,TX,ASW,CE,Federal Contract Tower,32,15,26,4,77,0,0,32,0,32,32,15,58,4,109,30,0,30,139
06/02/2021,MFE,TX,ASW,CE,Federal Contract Tower,26,15,23,14,78,0,0,79,4,83,26,15,102,18,161,50,0,50,211
06/03/2021,MFE,TX,ASW,CE,Federal Contract Tower,37,11,44,0,92,0,0,57,2,59,37,11,101,2,151,8,0,8,159
06/04/2021,MFE,TX,ASW,CE,Federal Contract Tower,28,15,46,25,114,0,0,72,8,80,28,15,118,33,194,32,0,32,226
06/05/2021,MFE,TX,ASW,CE,Federal Contract Tower,28,12,17,8,65,0,0,71,7,78,28,12,88,15,143,72,0,72,215
06/06/2021,MFE,TX,ASW,CE,Federal Contract Tower,28,18,19,8,73,0,0,59,6,65,28,18,78,14,138,34,0,34,172
06/07/2021,MFE,TX,ASW,CE,Federal Contract Tower,22,18,37,44,121,0,0,74,9,83,22,18,111,53,204,8,0,8,212
06/08/2021,MFE,TX,ASW,CE,Federal Contract Tower,25,16,33,28,102,0,0,73,0,73,25,16,106,28,175,54,0,54,229
06/09/2021,MFE,TX,ASW,CE,Federal Contract Tower,30,11,22,11,74,0,0,77,1,78,30,11,99,12,152,42,0,42,194
06/10/2021,MFE,TX,ASW,CE,Federal Contract Tower,37,10,42,28,117,0,0,86,6,92,37,10,128,34,209,118,0,118,327
06/11/2021,MFE,TX,ASW,CE,Federal Contract Tower,26,15,38,18,97,0,0,94,6,100,26,15,132,24,197,64,0,64,261
06/12/2021,MFE,TX,ASW,CE,Federal Contract Tower,27,14,24,6,71,0,0,70,6,76,27,14,94,12,147,56,0,56,203
06/13/2021,MFE,TX,ASW,CE,Federal Contract Tower,32,12,14,0,58,0,0,54,6,60,32,12,68,6,118,22,0,22,140
06/14/2021,MFE,TX,ASW,CE,Federal Contract Tower,30,20,31,32,113,0,0,86,6,92,30,20,117,38,205,52,6,58,263
06/15/2021,MFE,TX,ASW,CE,Federal Contract Tower,28,12,32,52,124,0,0,96,5,101,28,12,128,57,225,52,8,60,285
06/16/2021,MFE,TX,ASW,CE,Federal Contract Tower,36,12,36,5,89,0,0,74,0,74,36,12,110,5,163,60,0,60,223
06/17/2021,MFE,TX,ASW,CE,Federal Contract Tower,38,13,51,12,114,0,0,89,7,96,38,13,140,19,210,44,0,44,254
06/18/2021,MFE,TX,ASW,CE,Federal Contract Tower,31,19,35,9,94,0,0,79,10,89,31,19,114,19,183,98,0,98,281
06/19/2021,MFE,TX,ASW,CE,Federal Contract Tower,28,11,16,2,57,0,0,65,12,77,28,11,81,14,134,40,0,40,174
06/20/2021,MFE,TX,ASW,CE,Federal Contract Tower,32,16,24,6,78,0,0,35,6,41,32,16,59,12,119,0,0,0,119
06/21/2021,MFE,TX,ASW,CE,Federal Contract Tower,19,23,36,38,116,0,0,73,6,79,19,23,109,44,195,42,0,42,237
06/22/2021,MFE,TX,ASW,CE,Federal Contract Tower,32,9,23,2,66,0,0,48,0,48,32,9,71,2,114,20,0,20,134
06/23/2021,MFE,TX,ASW,CE,Federal Contract Tower,33,11,34,2,80,0,0,97,0,97,33,11,131,2,177,50,0,50,227
06/24/2021,MFE,TX,ASW,CE,Federal Contract Tower,33,17,34,54,138,0,0,97,7,104,33,17,131,61,242,38,0,38,280
06/25/2021,MFE,TX,ASW,CE,Federal Contract Tower,23,28,49,16,116,0,2,101,7,110,23,30,150,23,226,100,2,102,328
06/26/2021,MFE,TX,ASW,CE,Federal Contract Tower,31,15,14,20,80,0,0,66,6,72,31,15,80,26,152,60,0,60,212
06/27/2021,MFE,TX,ASW,CE,Federal Contract Tower,33,17,19,20,89,0,0,53,8,61,33,17,72,28,150,52,0,52,202
06/28/2021,MFE,TX,ASW,CE,Federal Contract Tower,30,18,24,19,91,0,0,64,5,69,30,18,88,24,160,68,16,84,244
06/29/2021,MFE,TX,ASW,CE,Federal Contract Tower,28,19,22,16,85,0,0,85,0,85,28,19,107,16,170,48,0,48,218
06/30/2021,MFE,TX,ASW,CE,Federal Contract Tower,31,18,35,37,121,0,0,55,2,57,31,18,90,39,178,32,0,32,210
07/01/2021,MFE,TX,ASW,CE,Federal Contract Tower,39,10,21,11,81,0,0,72,8,80,39,10,93,19,161,36,0,36,197
07/02/2021,MFE,TX,ASW,CE,Federal Contract Tower,30,15,19,6,70,0,0,74,8,82,30,15,93,14,152,74,0,74,226
07/03/2021,MFE,TX,ASW,CE,Federal Contract Tower,30,15,17,4,66,0,0,44,6,50,30,15,61,10,116,50,0,50,166
07/04/2021,MFE,TX,ASW,CE,Federal Contract Tower,34,11,9,0,54,0,0,40,6,46,34,11,49,6,100,0,0,0,100
07/05/2021,MFE,TX,ASW,CE,Federal Contract Tower,36,11,25,0,72,0,0,51,4,55,36,11,76,4,127,6,0,6,133
07/06/2021,MFE,TX,ASW,CE,Federal Contract Tower,32,9,25,0,66,0,0,2,0,2,32,9,27,0,68,0,0,0,68
07/07/2021,MFE,TX,ASW,CE,Federal Contract Tower,29,12,20,10,71,0,0,21,0,21,29,12,41,10,92,0,0,0,92
07/08/2021,MFE,TX,ASW,CE,Federal Contract Tower,32,15,35,64,146,0,0,64,10,74,32,15,99,74,220,156,62,218,438
07/09/2021,MFE,TX,ASW,CE,Federal Contract Tower,24,16,27,13,80,0,0,45,2,47,24,16,72,15,127,78,0,78,205
07/10/2021,MFE,TX,ASW,CE,Federal Contract Tower,28,19,23,8,78,0,0,56,2,58,28,19,79,10,136,60,0,60,196
07/11/2021,MFE,TX,ASW,CE,Federal Contract Tower,28,13,19,2,62,0,0,32,8,40,28,13,51,10,102,4,0,4,106
07/12/2021,MFE,TX,ASW,CE,Federal Contract Tower,31,15,33,38,117,0,0,85,9,94,31,15,118,47,211,52,10,62,273
07/13/2021,MFE,TX,ASW,CE,Federal Contract Tower,37,10,32,6,85,0,0,64,0,64,37,10,96,6,149,32,26,58,207
07/14/2021,MFE,TX,ASW,CE,Federal Contract Tower,34,17,36,33,120,0,0,70,5,75,34,17,106,38,195,36,4,40,235
07/15/2021,MFE,TX,ASW,CE,Federal Contract Tower,32,10,25,36,103,0,0,87,4,91,32,10,112,40,194,56,0,56,250
07/16/2021,MFE,TX,ASW,CE,Federal Contract Tower,33,15,32,23,103,0,0,80,8,88,33,15,112,31,191,66,0,66,257
07/17/2021,MFE,TX,ASW,CE,Federal Contract Tower,30,19,18,4,71,0,0,71,6,77,30,19,89,10,148,102,0,102,250
07/18/2021,MFE,TX,ASW,CE,Federal Contract Tower,33,9,21,8,71,0,0,52,4,56,33,9,73,12,127,58,0,58,185
07/19/2021,MFE,TX,ASW,CE,Federal Contract Tower,29,13,26,53,121,0,1,91,8,100,29,14,117,61,221,116,4,120,341
07/20/2021,MFE,TX,ASW,CE,Federal Contract Tower,37,8,24,24,93,0,0,90,2,92,37,8,114,26,185,130,0,130,315
07/21/2021,MFE,TX,ASW,CE,Federal Contract Tower,35,13,21,5,74,0,0,62,1,63,35,13,83,6,137,52,0,52,189
07/22/2021,MFE,TX,ASW,CE,Federal Contract Tower,36,16,39,43,134,0,0,79,2,81,36,16,118,45,215,66,0,66,281
07/23/2021,MFE,TX,ASW,CE,Federal Contract Tower,27,16,34,6,83,0,0,93,6,99,27,16,127,12,182,94,0,94,276
07/24/2021,MFE,TX,ASW,CE,Federal Contract Tower,27,16,22,12,77,0,0,69,6,75,27,16,91,18,152,16,0,16,168
07/25/2021,MFE,TX,ASW,CE,Federal Contract Tower,28,12,17,3,60,0,0,73,5,78,28,12,90,8,138,46,0,46,184
07/26/2021,MFE,TX,ASW,CE,Federal Contract Tower,29,16,35,19,99,0,0,88,4,92,29,16,123,23,191,42,0,42,233
07/27/2021,MFE,TX,ASW,CE,Federal Contract Tower,35,13,50,36,134,0,0,105,2,107,35,13,155,38,241,96,0,96,337
07/28/2021,MFE,TX,ASW,CE,Federal Contract Tower,34,20,44,7,105,0,0,75,2,77,34,20,119,9,182,48,0,48,230
07/29/2021,MFE,TX,ASW,CE,Federal Contract Tower,45,18,44,46,153,0,0,104,4,108,45,18,148,50,261,72,2,74,335
07/30/2021,MFE,TX,ASW,CE,Federal Contract Tower,26,20,23,7,76,0,2,92,10,104,26,22,115,17,180,92,0,92,272
07/31/2021,MFE,TX,ASW,CE,Federal Contract Tower,26,17,20,0,63,0,0,81,6,87,26,17,101,6,150,74,0,74,224
08/01/2021,MFE,TX,ASW,CE,Federal Contract Tower,32,10,17,4,63,0,0,53,6,59,32,10,70,10,122,0,0,0,122
08/02/2021,MFE,TX,ASW,CE,Federal Contract Tower,21,18,21,69,129,0,0,71,7,78,21,18,92,76,207,74,0,74,281
08/03/2021,MFE,TX,ASW,CE,Federal Contract Tower,38,16,26,10,90,0,0,55,2,57,38,16,81,12,147,30,0,30,177
08/04/2021,MFE,TX,ASW,CE,Federal Contract Tower,35,15,24,55,129,0,0,90,5,95,35,15,114,60,224,60,0,60,284
08/05/2021,MFE,TX,ASW,CE,Federal Contract Tower,42,14,33,12,101,0,0,88,8,96,42,14,121,20,197,36,0,36,233
08/06/2021,MFE,TX,ASW,CE,Federal Contract Tower,31,14,28,18,91,0,0,77,6,83,31,14,105,24,174,94,0,94,268
08/07/2021,MFE,TX,ASW,CE,Federal Contract Tower,29,16,21,2,68,0,0,72,4,76,29,16,93,6,144,50,0,50,194
08/08/2021,MFE,TX,ASW,CE,Federal Contract Tower,36,19,36,27,118,0,0,51,8,59,36,19,87,35,177,0,0,0,177
08/09/2021,MFE,TX,ASW,CE,Federal Contract Tower,28,15,44,37,124,0,0,78,6,84,28,15,122,43,208,32,10,42,250
08/10/2021,MFE,TX,ASW,CE,Federal Contract Tower,37,11,37,43,128,0,0,116,0,116,37,11,153,43,244,48,0,48,292
08/11/2021,MFE,TX,ASW,CE,Federal Contract Tower,38,15,27,22,102,0,0,120,0,120,38,15,147,22,222,84,0,84,306
08/12/2021,MFE,TX,ASW,CE,Federal Contract Tower,43,14,31,33,121,0,0,86,12,98,43,14,117,45,219,100,28,128,347
08/13/2021,MFE,TX,ASW,CE,Federal Contract Tower,35,16,18,22,91,0,0,77,2,79,35,16,95,24,170,98,0,98,268
08/14/2021,MFE,TX,ASW,CE,Federal Contract Tower,27,15,17,4,63,0,1,49,6,56,27,16,66,10,119,36,0,36,155
08/15/2021,MFE,TX,ASW,CE,Federal Contract Tower,35,11,17,14,77,0,0,58,6,64,35,11,75,20,141,14,0,14,155
08/16/2021,MFE,TX,ASW,CE,Federal Contract Tower,34,12,20,48,114,0,0,84,7,91,34,12,104,55,205,34,4,38,243
08/17/2021,MFE,TX,ASW,CE,Federal Contract Tower,25,8,37,90,160,0,0,73,9,82,25,8,110,99,242,40,14,54,296
08/18/2021,MFE,TX,ASW,CE,Federal Contract Tower,27,15,39,58,139,0,1,62,0,63,27,16,101,58,202,44,0,44,246
08/19/2021,MFE,TX,ASW,CE,Federal Contract Tower,38,13,41,29,121,0,0,77,9,86,38,13,118,38,207,56,0,56,263
08/20/2021,MFE,TX,ASW,CE,Federal Contract Tower,29,17,21,48,115,0,0,68,11,79,29,17,89,59,194,48,0,48,242
08/21/2021,MFE,TX,ASW,CE,Federal Contract Tower,28,16,15,2,61,0,0,46,2,48,28,16,61,4,109,48,0,48,157
08/22/2021,MFE,TX,ASW,CE,Federal Contract Tower,29,14,12,0,55,0,0,43,8,51,29,14,55,8,106,30,0,30,136
08/23/2021,MFE,TX,ASW,CE,Federal Contract Tower,41,10,25,28,104,0,0,78,10,88,41,10,103,38,192,22,0,22,214
08/24/2021,MFE,TX,ASW,CE,Federal Contract Tower,30,17,30,33,110,0,0,94,1,95,30,17,124,34,205,102,0,102,307
08/25/2021,MFE,TX,ASW,CE,Federal Contract Tower,34,17,25,25,101,0,0,74,3,77,34,17,99,28,178,38,8,46,224
08/26/2021,MFE,TX,ASW,CE,Federal Contract Tower,41,19,53,46,159,0,0,78,9,87,41,19,131,55,246,30,0,30,276
08/27/2021,MFE,TX,ASW,CE,Federal Contract Tower,39,14,35,37,125,0,0,76,6,82,39,14,111,43,207,60,0,60,267
08/28/2021,MFE,TX,ASW,CE,Federal Contract Tower,26,15,27,43,111,0,0,78,7,85,26,15,105,50,196,72,0,72,268
08/29/2021,MFE,TX,ASW,CE,Federal Contract Tower,32,12,23,20,87,0,0,67,6,73,32,12,90,26,160,46,0,46,206
08/30/2021,MFE,TX,ASW,CE,Federal Contract Tower,35,15,34,46,130,0,0,62,4,66,35,15,96,50,196,54,0,54,250
08/31/2021,MFE,TX,ASW,CE,Federal Contract Tower,37,13,25,43,118,0,0,80,0,80,37,13,105,43,198,32,0,32,230
09/01/2021,MFE,TX,ASW,CE,Federal Contract Tower,33,19,33,44,129,0,0,83,1,84,33,19,116,45,213,146,0,146,359
09/02/2021,MFE,TX,ASW,CE,Federal Contract Tower,43,14,22,41,120,2,0,78,5,85,45,14,100,46,205,92,18,110,315
09/03/2021,MFE,TX,ASW,CE,Federal Contract Tower,40,15,38,6,99,0,0,80,5,85,40,15,118,11,184,132,0,132,316
09/04/2021,MFE,TX,ASW,CE,Federal Contract Tower,23,11,21,12,67,0,0,77,8,85,23,11,98,20,152,52,0,52,204
09/05/2021,MFE,TX,ASW,CE,Federal Contract Tower,24,8,14,0,46,0,0,47,4,51,24,8,61,4,97,10,0,10,107
09/06/2021,MFE,TX,ASW,CE,Federal Contract Tower,33,9,24,18,84,0,0,64,8,72,33,9,88,26,156,38,0,38,194
09/07/2021,MFE,TX,ASW,CE,Federal Contract Tower,32,15,50,10,107,0,0,82,0,82,32,15,132,10,189,28,0,28,217
09/08/2021,MFE,TX,ASW,CE,Federal Contract Tower,35,11,35,43,124,0,0,95,1,96,35,11,130,44,220,72,0,72,292
09/09/2021,MFE,TX,ASW,CE,Federal Contract Tower,39,17,47,18,121,0,0,105,11,116,39,17,152,29,237,38,0,38,275
09/10/2021,MFE,TX,ASW,CE,Federal Contract Tower,35,15,41,10,101,0,1,85,13,99,35,16,126,23,200,74,0,74,274
09/11/2021,MFE,TX,ASW,CE,Federal Contract Tower,29,7,9,0,45,0,0,74,4,78,29,7,83,4,123,48,0,48,171
09/12/2021,MFE,TX,ASW,CE,Federal Contract Tower,28,13,19,6,66,0,0,26,0,26,28,13,45,6,92,14,0,14,106
09/13/2021,MFE,TX,ASW,CE,Federal Contract Tower,36,14,21,0,71,0,0,19,2,21,36,14,40,2,92,26,0,26,118
09/14/2021,MFE,TX,ASW,CE,Federal Contract Tower,29,12,25,52,118,0,0,79,4,83,29,12,104,56,201,78,0,78,279
09/15/2021,MFE,TX,ASW,CE,Federal Contract Tower,37,17,30,51,135,0,0,76,10,86,37,17,106,61,221,84,0,84,305
09/16/2021,MFE,TX,ASW,CE,Federal Contract Tower,41,16,30,48,135,0,0,97,6,103,41,16,127,54,238,80,0,80,318
09/17/2021,MFE,TX,ASW,CE,Federal Contract Tower,46,12,29,14,101,0,0,81,6,87,46,12,110,20,188,74,0,74,262
09/18/2021,MFE,TX,ASW,CE,Federal Contract Tower,35,10,20,11,76,0,0,75,3,78,35,10,95,14,154,60,0,60,214
09/19/2021,MFE,TX,ASW,CE,Federal Contract Tower,31,12,11,0,54,0,0,57,4,61,31,12,68,4,115,32,0,32,147
09/20/2021,MFE,TX,ASW,CE,Federal Contract Tower,36,20,22,5,83,0,0,76,3,79,36,20,98,8,162,42,0,42,204
09/21/2021,MFE,TX,ASW,CE,Federal Contract Tower,34,11,30,0,75,0,0,82,0,82,34,11,112,0,157,54,0,54,211
09/22/2021,MFE,TX,ASW,CE,Federal Contract Tower,39,9,28,1,77,0,0,54,8,62,39,9,82,9,139,6,0,6,145
09/23/2021,MFE,TX,ASW,CE,Federal Contract Tower,41,17,51,8,117,0,0,105,4,109,41,17,156,12,226,64,0,64,290
09/24/2021,MFE,TX,ASW,CE,Federal Contract Tower,34,18,31,1,84,0,0,84,5,89,34,18,115,6,173,106,0,106,279
09/25/2021,MFE,TX,ASW,CE,Federal Contract Tower,27,11,20,0,58,0,0,86,4,90,27,11,106,4,148,62,0,62,210
09/26/2021,MFE,TX,ASW,CE,Federal Contract Tower,25,12,19,0,56,0,0,52,2,54,25,12,71,2,110,12,0,12,122
09/27/2021,MFE,TX,ASW,CE,Federal Contract Tower,34,15,23,28,100,0,0,74,5,79,34,15,97,33,179,108,0,108,287
09/28/2021,MFE,TX,ASW,CE,Federal Contract Tower,31,8,31,52,122,0,0,81,0,81,31,8,112,52,203,34,0,34,237
09/29/2021,MFE,TX,ASW,CE,Federal Contract Tower,39,18,36,0,93,0,0,64,0,64,39,18,100,0,157,30,0,30,187
09/30/2021,MFE,TX,ASW,CE,Federal Contract Tower,34,15,24,16,89,0,0,76,5,81,34,15,100,21,170,48,0,48,218
10/01/2021,MFE,TX,ASW,CE,Federal Contract Tower,33,15,34,8,90,0,0,47,0,47,33,15,81,8,137,26,0,26,163
10/02/2021,MFE,TX,ASW,CE,Federal Contract Tower,26,8,17,4,55,0,0,44,2,46,26,8,61,6,101,58,0,58,159
10/03/2021,MFE,TX,ASW,CE,Federal Contract Tower,32,7,16,2,57,0,0,29,4,33,32,7,45,6,90,0,0,0,90
10/04/2021,MFE,TX,ASW,CE,Federal Contract Tower,31,21,25,15,92,0,1,57,5,63,31,22,82,20,155,34,0,34,189
10/05/2021,MFE,TX,ASW,CE,Federal Contract Tower,32,9,46,26,113,0,0,94,2,96,32,9,140,28,209,48,0,48,257
10/06/2021,MFE,TX,ASW,CE,Federal Contract Tower,34,20,37,29,120,0,0,104,3,107,34,20,141,32,227,56,0,56,283
10/07/2021,MFE,TX,ASW,CE,Federal Contract Tower,36,16,40,32,124,0,0,90,2,92,36,16,130,34,216,54,0,54,270
10/08/2021,MFE,TX,ASW,CE,Federal Contract Tower,30,15,43,36,124,0,0,78,8,86,30,15,121,44,210,26,0,26,236
10/09/2021,MFE,TX,ASW,CE,Federal Contract Tower,26,13,29,8,76,0,0,68,8,76,26,13,97,16,152,80,0,80,232
10/10/2021,MFE,TX,ASW,CE,Federal Contract Tower,27,11,21,8,67,0,0,37,4,41,27,11,58,12,108,0,0,0,108
10/11/2021,MFE,TX,ASW,CE,Federal Contract Tower,33,13,28,0,74,0,0,63,4,67,33,13,91,4,141,54,0,54,195
10/12/2021,MFE,TX,ASW,CE,Federal Contract Tower,29,17,43,15,104,0,0,62,7,69,29,17,105,22,173,32,0,32,205
10/13/2021,MFE,TX,ASW,CE,Federal Contract Tower,34,14,59,7,114,0,0,45,4,49,34,14,104,11,163,0,0,0,163
10/14/2021,MFE,TX,ASW,CE,Federal Contract Tower,31,21,41,14,107,0,0,53,3,56,31,21,94,17,163,52,0,52,215
10/15/2021,MFE,TX,ASW,CE,Federal Contract Tower,31,17,28,10,86,0,0,46,4,50,31,17,74,14,136,84,0,84,220
10/16/2021,MFE,TX,ASW,CE,Federal Contract Tower,25,9,14,10,58,0,0,39,6,45,25,9,53,16,103,52,8,60,163
10/17/2021,MFE,TX,ASW,CE,Federal Contract Tower,27,16,26,4,73,0,1,42,6,49,27,17,68,10,122,60,0,60,182
10/18/2021,MFE,TX,ASW,CE,Federal Contract Tower,32,13,32,38,115,0,0,77,8,85,32,13,109,46,200,40,0,40,240
10/19/2021,MFE,TX,ASW,CE,Federal Contract Tower,27,15,36,31,109,0,0,76,0,76,27,15,112,31,185,0,0,0,185
10/20/2021,MFE,TX,ASW,CE,Federal Contract Tower,42,20,29,10,101,0,0,79,2,81,42,20,108,12,182,88,0,88,270
10/21/2021,MFE,TX,ASW,CE,Federal Contract Tower,40,14,51,26,131,0,0,65,14,79,40,14,116,40,210,16,0,16,226
10/22/2021,MFE,TX,ASW,CE,Federal Contract Tower,33,13,18,20,84,0,0,37,8,45,33,13,55,28,129,14,0,14,143
10/23/2021,MFE,TX,ASW,CE,Federal Contract Tower,27,12,25,22,86,0,0,73,6,79,27,12,98,28,165,92,0,92,257
10/24/2021,MFE,TX,ASW,CE,Federal Contract Tower,30,18,17,4,69,0,0,59,6,65,30,18,76,10,134,28,0,28,162
10/25/2021,MFE,TX,ASW,CE,Federal Contract Tower,32,16,25,3,76,0,0,72,8,80,32,16,97,11,156,26,0,26,182
10/26/2021,MFE,TX,ASW,CE,Federal Contract Tower,38,16,21,25,100,0,0,82,6,88,38,16,103,31,188,78,4,82,270
10/27/2021,MFE,TX,ASW,CE,Federal Contract Tower,25,16,52,13,106,0,0,63,13,76,25,16,115,26,182,8,42,50,232
10/28/2021,MFE,TX,ASW,CE,Federal Contract Tower,24,24,48,48,144,0,0,99,8,107,24,24,147,56,251,38,2,40,291
10/29/2021,MFE,TX,ASW,CE,Federal Contract Tower,28,21,30,11,90,0,0,85,7,92,28,21,115,18,182,34,4,38,220
10/30/2021,MFE,TX,ASW,CE,Federal Contract Tower,26,12,18,0,56,0,0,90,6,96,26,12,108,6,152,48,0,48,200
10/31/2021,MFE,TX,ASW,CE,Federal Contract Tower,23,13,14,6,56,0,0,61,6,67,23,13,75,12,123,30,0,30,153
11/01/2021,MFE,TX,ASW,CE,Federal Contract Tower,18,9,38,27,92,0,0,86,10,96,18,9,124,37,188,0,10,10,198
11/02/2021,MFE,TX,ASW,CE,Federal Contract Tower,17,8,49,20,94,0,0,81,5,86,17,8,130,25,180,34,0,34,214
11/03/2021,MFE,TX,ASW,CE,Federal Contract Tower,24,23,45,36,128,0,0,113,0,113,24,23,158,36,241,86,0,86,327
11/04/2021,MFE,TX,ASW,CE,Federal Contract Tower,29,14,68,56,167,0,0,23,5,28,29,14,91,61,195,0,0,0,195
11/05/2021,MFE,TX,ASW,CE,Federal Contract Tower,33,20,37,29,119,0,0,100,6,106,33,20,137,35,225,138,4,142,367
11/06/2021,MFE,TX,ASW,CE,Federal Contract Tower,23,5,13,4,45,0,1,74,4,79,23,6,87,8,124,84,0,84,208
11/07/2021,MFE,TX,ASW,CE,Federal Contract Tower,24,15,21,6,66,0,0,72,6,78,24,15,93,12,144,68,0,68,212
11/08/2021,MFE,TX,ASW,CE,Federal Contract Tower,34,15,49,42,140,0,0,82,7,89,34,15,131,49,229,28,0,28,257
11/09/2021,MFE,TX,ASW,CE,Federal Contract Tower,23,14,41,31,109,0,0,64,2,66,23,14,105,33,175,72,0,72,247
11/10/2021,MFE,TX,ASW,CE,Federal Contract Tower,27,11,34,31,103,0,0,71,2,73,27,11,105,33,176,20,0,20,196
11/11/2021,MFE,TX,ASW,CE,Federal Contract Tower,28,13,29,11,81,0,2,66,6,74,28,15,95,17,155,10,0,10,165
11/12/2021,MFE,TX,ASW,CE,Federal Contract Tower,36,13,45,8,102,0,0,62,9,71,36,13,107,17,173,32,0,32,205
11/13/2021,MFE,TX,ASW,CE,Federal Contract Tower,29,9,23,10,71,0,0,50,6,56,29,9,73,16,127,20,0,20,147
11/14/2021,MFE,TX,ASW,CE,Federal Contract Tower,26,9,15,17,67,0,0,70,7,77,26,9,85,24,144,140,8,148,292
11/15/2021,MFE,TX,ASW,CE,Federal Contract Tower,26,5,46,14,91,0,2,106,6,114,26,7,152,20,205,76,0,76,281
11/16/2021,MFE,TX,ASW,CE,Federal Contract Tower,29,18,31,23,101,0,0,38,2,40,29,18,69,25,141,26,0,26,167
11/17/2021,MFE,TX,ASW,CE,Federal Contract Tower,25,7,36,34,102,0,0,62,3,65,25,7,98,37,167,54,12,66,233
11/18/2021,MFE,TX,ASW,CE,Federal Contract Tower,27,14,32,10,83,0,0,19,6,25,27,14,51,16,108,8,0,8,116
11/19/2021,MFE,TX,ASW,CE,Federal Contract Tower,19,11,47,40,117,0,0,81,4,85,19,11,128,44,202,24,0,24,226
11/20/2021,MFE,TX,ASW,CE,Federal Contract Tower,19,12,25,23,79,0,0,55,6,61,19,12,80,29,140,28,0,28,168
11/21/2021,MFE,TX,ASW,CE,Federal Contract Tower,28,8,14,7,57,0,0,45,8,53,28,8,59,15,110,10,0,10,120
11/22/2021,MFE,TX,ASW,CE,Federal Contract Tower,21,15,34,6,76,0,0,58,6,64,21,15,92,12,140,80,0,80,220
11/23/2021,MFE,TX,ASW,CE,Federal Contract Tower,23,16,35,25,99,0,0,94,0,94,23,16,129,25,193,80,0,80,273
11/24/2021,MFE,TX,ASW,CE,Federal Contract Tower,30,18,36,1,85,0,0,54,0,54,30,18,90,1,139,32,0,32,171
11/25/2021,MFE,TX,ASW,CE,Federal Contract Tower,17,16,9,0,42,0,0,24,2,26,17,16,33,2,68,0,0,0,68
11/26/2021,MFE,TX,ASW,CE,Federal Contract Tower,18,13,22,6,59,0,0,48,4,52,18,13,70,10,111,38,0,38,149
11/27/2021,MFE,TX,ASW,CE,Federal Contract Tower,23,11,19,0,53,0,0,19,4,23,23,11,38,4,76,64,0,64,140
11/28/2021,MFE,TX,ASW,CE,Federal Contract Tower,36,11,22,4,73,0,0,41,7,48,36,11,63,11,121,26,0,26,147
11/29/2021,MFE,TX,ASW,CE,Federal Contract Tower,20,20,44,39,123,0,0,65,6,71,20,20,109,45,194,16,0,16,210
11/30/2021,MFE,TX,ASW,CE,Federal Contract Tower,12,19,48,20,99,0,0,85,2,87,12,19,133,22,186,38,0,38,224
12/01/2021,MFE,TX,ASW,CE,Federal Contract Tower,27,23,42,39,131,0,0,95,0,95,27,23,137,39,226,100,0,100,326
12/02/2021,MFE,TX,ASW,CE,Federal Contract Tower,27,21,49,13,110,0,0,51,10,61,27,21,100,23,171,56,14,70,241
12/03/2021,MFE,TX,ASW,CE,Federal Contract Tower,24,18,38,28,108,0,0,58,7,65,24,18,96,35,173,38,0,38,211
12/04/2021,MFE,TX,ASW,CE,Federal Contract Tower,17,10,23,18,68,0,0,59,8,67,17,10,82,26,135,12,0,12,147
12/05/2021,MFE,TX,ASW,CE,Federal Contract Tower,24,11,17,4,56,0,0,38,6,44,24,11,55,10,100,0,0,0,100
12/06/2021,MFE,TX,ASW,CE,Federal Contract Tower,24,15,44,39,122,0,0,54,4,58,24,15,98,43,180,56,0,56,236
12/07/2021,MFE,TX,ASW,CE,Federal Contract Tower,15,11,63,22,111,0,0,63,3,66,15,11,126,25,177,74,0,74,251
12/08/2021,MFE,TX,ASW,CE,Federal Contract Tower,23,24,72,10,129,0,0,42,2,44,23,24,114,12,173,22,0,22,195
12/09/2021,MFE,TX,ASW,CE,Federal Contract Tower,23,22,55,31,131,0,0,102,10,112,23,22,157,41,243,34,0,34,277
12/10/2021,MFE,TX,ASW,CE,Federal Contract Tower,14,21,35,31,101,0,0,62,6,68,14,21,97,37,169,0,8,8,177
12/11/2021,MFE,TX,ASW,CE,Federal Contract Tower,15,11,17,10,53,0,0,25,0,25,15,11,42,10,78,6,0,6,84
12/12/2021,MFE,TX,ASW,CE,Federal Contract Tower,27,12,20,4,63,0,0,62,6,68,27,12,82,10,131,58,0,58,189
12/13/2021,MFE,TX,ASW,CE,Federal Contract Tower,22,20,48,17,107,0,0,59,9,68,22,20,107,26,175,96,0,96,271
12/14/2021,MFE,TX,ASW,CE,Federal Contract Tower,15,20,54,30,119,0,0,51,2,53,15,20,105,32,172,34,0,34,206
12/15/2021,MFE,TX,ASW,CE,Federal Contract Tower,13,15,51,5,84,0,2,72,2,76,13,17,123,7,160,46,16,62,222
12/16/2021,MFE,TX,ASW,CE,Federal Contract Tower,31,24,48,2,105,0,1,70,9,80,31,25,118,11,185,38,16,54,239
12/17/2021,MFE,TX,ASW,CE,Federal Contract Tower,21,25,41,30,117,0,0,64,8,72,21,25,105,38,189,74,0,74,263
12/18/2021,MFE,TX,ASW,CE,Federal Contract Tower,16,18,28,17,79,0,0,32,10,42,16,18,60,27,121,56,0,56,177
12/19/2021,MFE,TX,ASW,CE,Federal Contract Tower,26,14,24,0,64,0,0,11,8,19,26,14,35,8,83,0,0,0,83
12/20/2021,MFE,TX,ASW,CE,Federal Contract Tower,23,23,38,33,117,0,0,73,6,79,23,23,111,39,196,86,8,94,290
12/21/2021,MFE,TX,ASW,CE,Federal Contract Tower,12,22,41,10,85,0,0,84,0,84,12,22,125,10,169,76,0,76,245
12/22/2021,MFE,TX,ASW,CE,Federal Contract Tower,20,21,37,15,93,0,0,81,0,81,20,21,118,15,174,128,0,128,302
12/23/2021,MFE,TX,ASW,CE,Federal Contract Tower,31,16,28,4,79,0,0,78,6,84,31,16,106,10,163,44,0,44,207
12/24/2021,MFE,TX,ASW,CE,Federal Contract Tower,13,17,17,0,47,0,0,25,8,33,13,17,42,8,80,6,0,6,86
12/25/2021,MFE,TX,ASW,CE,Federal Contract Tower,17,9,2,0,28,0,0,26,8,34,17,9,28,8,62,0,0,0,62
12/26/2021,MFE,TX,ASW,CE,Federal Contract Tower,23,16,22,1,62,0,0,42,7,49,23,16,64,8,111,8,0,8,119
12/27/2021,MFE,TX,ASW,CE,Federal Contract Tower,24,11,27,12,74,0,0,52,7,59,24,11,79,19,133,10,0,10,143
12/28/2021,MFE,TX,ASW,CE,Federal Contract Tower,18,15,32,20,85,0,0,63,1,64,18,15,95,21,149,62,0,62,211
12/29/2021,MFE,TX,ASW,CE,Federal Contract Tower,22,21,27,27,97,0,0,62,1,63,22,21,89,28,160,74,0,74,234
12/30/2021,MFE,TX,ASW,CE,Federal Contract Tower,25,10,30,0,65,0,0,60,6,66,25,10,90,6,131,18,0,18,149
12/31/2021,MFE,TX,ASW,CE,Federal Contract Tower,13,9,23,0,45,0,0,37,6,43,13,9,60,6,88,18,0,18,106
01/01/2022,MFE,TX,ASW,CE,Federal Contract Tower,13,8,14,0,35,0,0,29,8,37,13,8,43,8,72,6,0,6,78
01/02/2022,MFE,TX,ASW,CE,Federal Contract Tower,23,7,22,0,52,0,0,21,2,23,23,7,43,2,75,0,0,0,75
01/03/2022,MFE,TX,ASW,CE,Federal Contract Tower,27,8,23,2,60,0,0,93,4,97,27,8,116,6,157,138,0,138,295
01/04/2022,MFE,TX,ASW,CE,Federal Contract Tower,24,13,31,8,76,0,0,68,0,68,24,13,99,8,144,136,0,136,280
01/05/2022,MFE,TX,ASW,CE,Federal Contract Tower,27,18,20,11,76,0,0,97,1,98,27,18,117,12,174,68,0,68,242
01/06/2022,MFE,TX,ASW,CE,Federal Contract Tower,35,13,36,20,104,0,0,64,6,70,35,13,100,26,174,78,0,78,252
01/07/2022,MFE,TX,ASW,CE,Federal Contract Tower,22,17,20,15,74,0,0,43,9,52,22,17,63,24,126,92,20,112,238
01/08/2022,MFE,TX,ASW,CE,Federal Contract Tower,19,10,34,14,77,0,0,9,2,11,19,10,43,16,88,0,0,0,88
01/09/2022,MFE,TX,ASW,CE,Federal Contract Tower,28,3,18,0,49,0,0,39,5,44,28,3,57,5,93,44,0,44,137
01/10/2022,MFE,TX,ASW,CE,Federal Contract Tower,24,13,31,27,95,0,0,54,6,60,24,13,85,33,155,38,0,38,193
01/11/2022,MFE,TX,ASW,CE,Federal Contract Tower,17,12,26,47,102,0,0,72,4,76,17,12,98,51,178,90,0,90,268
01/12/2022,MFE,TX,ASW,CE,Federal Contract Tower,22,17,54,12,105,0,0,11,0,11,22,17,65,12,116,0,0,0,116
01/13/2022,MFE,TX,ASW,CE,Federal Contract Tower,24,13,45,12,94,0,0,64,10,74,24,13,109,22,168,42,0,42,210
01/14/2022,MFE,TX,ASW,CE,Federal Contract Tower,20,12,26,4,62,0,0,72,12,84,20,12,98,16,146,74,0,74,220
01/15/2022,MFE,TX,ASW,CE,Federal Contract Tower,19,7,9,0,35,0,0,15,4,19,19,7,24,4,54,0,0,0,54
01/16/2022,MFE,TX,ASW,CE,Federal Contract Tower,18,10,13,0,41,0,0,41,9,50,18,10,54,9,91,30,0,30,121
01/17/2022,MFE,TX,ASW,CE,Federal Contract Tower,17,16,24,0,57,0,0,70,7,77,17,16,94,7,134,68,0,68,202
01/18/2022,MFE,TX,ASW,CE,Federal Contract Tower,17,13,26,16,72,0,0,57,8,65,17,13,83,24,137,56,0,56,193
01/19/2022,MFE,TX,ASW,CE,Federal Contract Tower,24,18,17,25,84,0,0,76,3,79,24,18,93,28,163,70,0,70,233
01/20/2022,MFE,TX,ASW,CE,Federal Contract Tower,27,15,33,0,75,0,0,25,4,29,27,15,58,4,104,12,0,12,116
01/21/2022,MFE,TX,ASW,CE,Federal Contract Tower,25,9,17,2,53,0,0,11,4,15,25,9,28,6,68,0,0,0,68
01/22/2022,MFE,TX,ASW,CE,Federal Contract Tower,15,6,10,17,48,0,0,4,0,4,15,6,14,17,52,8,0,8,60
01/23/2022,MFE,TX,ASW,CE,Federal Contract Tower,24,11,13,8,56,0,0,4,0,4,24,11,17,8,60,0,0,0,60
01/24/2022,MFE,TX,ASW,CE,Federal Contract Tower,20,21,18,20,79,0,0,5,0,5,20,21,23,20,84,0,0,0,84
01/25/2022,MFE,TX,ASW,CE,Federal Contract Tower,23,14,31,53,121,0,0,86,4,90,23,14,117,57,211,102,0,102,313
01/26/2022,MFE,TX,ASW,CE,Federal Contract Tower,25,9,31,66,131,0,0,47,2,49,25,9,78,68,180,70,0,70,250
01/27/2022,MFE,TX,ASW,CE,Federal Contract Tower,27,9,42,33,111,0,0,16,4,20,27,9,58,37,131,26,0,26,157
01/28/2022,MFE,TX,ASW,CE,Federal Contract Tower,25,10,15,10,60,0,0,14,3,17,25,10,29,13,77,0,0,0,77
01/29/2022,MFE,TX,ASW,CE,Federal Contract Tower,13,12,14,2,41,0,0,65,5,70,13,12,79,7,111,76,0,76,187
01/30/2022,MFE,TX,ASW,CE,Federal Contract Tower,22,7,19,10,58,0,0,43,8,51,22,7,62,18,109,64,0,64,173
01/31/2022,MFE,TX,ASW,CE,Federal Contract Tower,19,20,35,47,121,0,0,45,10,55,19,20,80,57,176,44,0,44,220
02/01/2022,MFE,TX,ASW,CE,Federal Contract Tower,22,14,43,39,118,0,0,66,0,66,22,14,109,39,184,150,0,150,334
02/02/2022,MFE,TX,ASW,CE,Federal Contract Tower,24,17,22,43,106,0,0,43,1,44,24,17,65,44,150,16,0,16,166
02/03/2022,MFE,TX,ASW,CE,Federal Contract Tower,21,13,11,10,55,0,0,11,4,15,21,13,22,14,70,2,0,2,72
02/04/2022,MFE,TX,ASW,CE,Federal Contract Tower,18,15,28,34,95,0,0,40,6,46,18,15,68,40,141,56,0,56,197
02/05/2022,MFE,TX,ASW,CE,Federal Contract Tower,14,6,13,13,46,0,0,67,4,71,14,6,80,17,117,76,0,76,193
02/06/2022,MFE,TX,ASW,CE,Federal Contract Tower,22,6,17,29,74,0,0,37,8,45,22,6,54,37,119,40,0,40,159
02/07/2022,MFE,TX,ASW,CE,Federal Contract Tower,22,19,30,39,110,0,0,37,8,45,22,19,67,47,155,16,0,16,171
02/08/2022,MFE,TX,ASW,CE,Federal Contract Tower,24,12,21,32,89,0,0,89,3,92,24,12,110,35,181,128,0,128,309
02/09/2022,MFE,TX,ASW,CE,Federal Contract Tower,25,15,29,49,118,0,0,97,0,97,25,15,126,49,215,122,0,122,337
02/10/2022,MFE,TX,ASW,CE,Federal Contract Tower,29,15,42,57,143,0,0,79,6,85,29,15,121,63,228,98,0,98,326
02/11/2022,MFE,TX,ASW,CE,Federal Contract Tower,23,15,28,44,110,0,0,70,12,82,23,15,98,56,192,72,2,74,266
02/12/2022,MFE,TX,ASW,CE,Federal Contract Tower,19,8,15,24,66,0,0,29,8,37,19,8,44,32,103,0,0,0,103
02/13/2022,MFE,TX,ASW,CE,Federal Contract Tower,25,11,15,22,73,0,0,46,8,54,25,11,61,30,127,58,0,58,185
02/14/2022,MFE,TX,ASW,CE,Federal Contract Tower,19,22,27,21,89,0,0,67,8,75,19,22,94,29,164,22,0,22,186
02/15/2022,MFE,TX,ASW,CE,Federal Contract Tower,26,14,34,19,93,0,0,78,0,78,26,14,112,19,171,24,0,24,195
02/16/2022,MFE,TX,ASW,CE,Federal Contract Tower,31,15,36,18,100,0,0,34,0,34,31,15,70,18,134,8,0,8,142
02/17/2022,MFE,TX,ASW,CE,Federal Contract Tower,27,14,44,50,135,0,0,82,10,92,27,14,126,60,227,32,0,32,259
02/18/2022,MFE,TX,ASW,CE,Federal Contract Tower,25,21,21,26,93,0,0,80,8,88,25,21,101,34,181,24,0,24,205
02/19/2022,MFE,TX,ASW,CE,Federal Contract Tower,17,9,17,14,57,0,0,62,6,68,17,9,79,20,125,70,0,70,195
02/20/2022,MFE,TX,ASW,CE,Federal Contract Tower,25,6,25,1,57,0,0,34,8,42,25,6,59,9,99,12,0,12,111
02/21/2022,MFE,TX,ASW,CE,Federal Contract Tower,24,16,19,6,65,0,0,29,4,33,24,16,48,10,98,0,0,0,98
02/22/2022,MFE,TX,ASW,CE,Federal Contract Tower,20,18,18,43,99,0,1,59,4,64,20,19,77,47,163,62,56,118,281
02/23/2022,MFE,TX,ASW,CE,Federal Contract Tower,17,15,35,30,97,0,0,32,2,34,17,15,67,32,131,26,0,26,157
02/24/2022,MFE,TX,ASW,CE,Federal Contract Tower,20,20,39,48,127,0,0,5,4,9,20,20,44,52,136,8,0,8,144
02/25/2022,MFE,TX,ASW,CE,Federal Contract Tower,23,20,33,0,76,0,0,0,0,0,23,20,33,0,76,0,0,0,76
02/26/2022,MFE,TX,ASW,CE,Federal Contract Tower,18,11,10,4,43,0,0,0,0,0,18,11,10,4,43,0,0,0,43
02/27/2022,MFE,TX,ASW,CE,Federal Contract Tower,26,11,15,4,56,0,0,23,8,31,26,11,38,12,87,0,0,0,87
02/28/2022,MFE,TX,ASW,CE,Federal Contract Tower,23,18,24,69,134,0,0,67,10,77,23,18,91,79,211,46,2,48,259
03/01/2022,MFE,TX,ASW,CE,Federal Contract Tower,26,12,18,32,88,0,0,71,0,71,26,12,89,32,159,138,0,138,297
03/02/2022,MFE,TX,ASW,CE,Federal Contract Tower,24,16,50,27,117,0,0,97,6,103,24,16,147,33,220,134,0,134,354
03/03/2022,MFE,TX,ASW,CE,Federal Contract Tower,31,17,30,32,110,0,0,56,10,66,31,17,86,42,176,38,0,38,214
03/04/2022,MFE,TX,ASW,CE,Federal Contract Tower,23,16,34,45,118,0,0,66,6,72,23,16,100,51,190,54,0,54,244
03/05/2022,MFE,TX,ASW,CE,Federal Contract Tower,19,6,21,14,60,0,0,43,7,50,19,6,64,21,110,12,0,12,122
03/06/2022,MFE,TX,ASW,CE,Federal Contract Tower,21,4,28,1,54,0,0,39,7,46,21,4,67,8,100,8,0,8,108
03/07/2022,MFE,TX,ASW,CE,Federal Contract Tower,22,18,27,14,81,0,0,17,0,17,22,18,44,14,98,0,0,0,98
03/08/2022,MFE,TX,ASW,CE,Federal Contract Tower,20,13,32,42,107,0,0,12,0,12,20,13,44,42,119,0,0,0,119
03/09/2022,MFE,TX,ASW,CE,Federal Contract Tower,21,12,36,40,109,0,0,76,1,77,21,12,112,41,186,92,10,102,288
03/10/2022,MFE,TX,ASW,CE,Federal Contract Tower,28,23,51,21,123,0,0,1,0,1,28,23,52,21,124,0,0,0,124
03/11/2022,MFE,TX,ASW,CE,Federal Contract Tower,23,11,38,9,81,0,0,29,7,36,23,11,67,16,117,22,0,22,139
03/12/2022,MFE,TX,ASW,CE,Federal Contract Tower,21,8,25,18,72,0,0,68,6,74,21,8,93,24,146,18,0,18,164
03/13/2022,MFE,TX,ASW,CE,Federal Contract Tower,21,9,21,7,58,0,0,46,6,52,21,9,67,13,110,10,0,10,120
03/14/2022,MFE,TX,ASW,CE,Federal Contract Tower,24,3,28,46,101,0,0,84,10,94,24,3,112,56,195,74,12,86,281
03/15/2022,MFE,TX,ASW,CE,Federal Contract Tower,21,8,13,41,83,0,0,63,1,64,21,8,76,42,147,86,0,86,233
03/16/2022,MFE,TX,ASW,CE,Federal Contract Tower,23,12,26,22,83,0,0,69,2,71,23,12,95,24,154,112,0,112,266
03/17/2022,MFE,TX,ASW,CE,Federal Contract Tower,26,9,36,26,97,0,0,59,11,70,26,9,95,37,167,42,0,42,209
03/18/2022,MFE,TX,ASW,CE,Federal Contract Tower,26,13,25,24,88,0,0,49,6,55,26,13,74,30,143,54,0,54,197
03/19/2022,MFE,TX,ASW,CE,Federal Contract Tower,20,6,20,0,46,0,0,73,5,78,20,6,93,5,124,46,0,46,170
03/20/2022,MFE,TX,ASW,CE,Federal Contract Tower,24,7,30,4,65,0,0,44,4,48,24,7,74,8,113,6,0,6,119
03/21/2022,MFE,TX,ASW,CE,Federal Contract Tower,29,9,24,22,84,0,0,18,0,18,29,9,42,22,102,0,0,0,102
03/22/2022,MFE,TX,ASW,CE,Federal Contract Tower,22,10,18,20,70,0,0,70,2,72,22,10,88,22,142,40,0,40,182
03/23/2022,MFE,TX,ASW,CE,Federal Contract Tower,23,11,33,27,94,0,0,101,3,104,23,11,134,30,198,96,0,96,294
03/24/2022,MFE,TX,ASW,CE,Federal Contract Tower,28,14,44,37,123,0,0,74,9,83,28,14,118,46,206,104,0,104,310
03/25/2022,MFE,TX,ASW,CE,Federal Contract Tower,30,11,15,19,75,0,1,83,6,90,30,12,98,25,165,126,0,126,291
03/26/2022,MFE,TX,ASW,CE,Federal Contract Tower,20,10,18,10,58,0,0,55,6,61,20,10,73,16,119,48,0,48,167
03/27/2022,MFE,TX,ASW,CE,Federal Contract Tower,22,4,23,0,49,0,0,39,9,48,22,4,62,9,97,16,0,16,113
03/28/2022,MFE,TX,ASW,CE,Federal Contract Tower,23,10,32,26,91,0,0,47,1,48,23,10,79,27,139,32,0,32,171
03/29/2022,MFE,TX,ASW,CE,Federal Contract Tower,19,8,23,13,63,0,0,28,0,28,19,8,51,13,91,2,2,4,95
03/30/2022,MFE,TX,ASW,CE,Federal Contract Tower,23,6,25,12,66,0,0,36,10,46,23,6,61,22,112,6,0,6,118
03/31/2022,MFE,TX,ASW,CE,Federal Contract Tower,28,12,32,18,90,0,0,65,7,72,28,12,97,25,162,84,0,84,246
04/01/2022,MFE,TX,ASW,CE,Federal Contract Tower,32,10,29,26,97,0,0,73,6,79,32,10,102,32,176,64,0,64,240
04/02/2022,MFE,TX,ASW,CE,Federal Contract Tower,17,9,15,14,55,0,0,44,6,50,17,9,59,20,105,34,0,34,139
04/03/2022,MFE,TX,ASW,CE,Federal Contract Tower,20,11,32,10,73,0,0,39,6,45,20,11,71,16,118,18,0,18,136
04/04/2022,MFE,TX,ASW,CE,Federal Contract Tower,21,13,36,43,113,0,0,60,5,65,21,13,96,48,178,80,0,80,258
04/05/2022,MFE,TX,ASW,CE,Federal Contract Tower,25,11,17,26,79,0,0,76,0,76,25,11,93,26,155,152,0,152,307
04/06/2022,MFE,TX,ASW,CE,Federal Contract Tower,24,17,19,21,81,0,0,83,1,84,24,17,102,22,165,34,0,34,199
04/07/2022,MFE,TX,ASW,CE,Federal Contract Tower,26,16,36,31,109,0,0,75,11,86,26,16,111,42,195,82,2,84,279
04/08/2022,MFE,TX,ASW,CE,Federal Contract Tower,24,14,33,18,89,0,0,78,8,86,24,14,111,26,175,70,0,70,245
04/09/2022,MFE,TX,ASW,CE,Federal Contract Tower,22,15,16,8,61,0,0,48,6,54,22,15,64,14,115,30,0,30,145
04/10/2022,MFE,TX,ASW,CE,Federal Contract Tower,21,13,36,3,73,0,0,21,5,26,21,13,57,8,99,0,0,0,99
04/11/2022,MFE,TX,ASW,CE,Federal Contract Tower,31,10,26,39,106,0,0,62,6,68,31,10,88,45,174,20,0,20,194
04/12/2022,MFE,TX,ASW,CE,Federal Contract Tower,18,12,31,26,87,0,0,59,4,63,18,12,90,30,150,94,0,94,244
04/13/2022,MFE,TX,ASW,CE,Federal Contract Tower,23,15,34,39,111,0,0,87,0,87,23,15,121,39,198,128,0,128,326
04/14/2022,MFE,TX,ASW,CE,Federal Contract Tower,22,12,42,14,90,0,0,45,2,47,22,12,87,16,137,26,0,26,163
04/15/2022,MFE,TX,ASW,CE,Federal Contract Tower,23,12,18,10,63,0,0,46,3,49,23,12,64,13,112,80,0,80,192
04/16/2022,MFE,TX,ASW,CE,Federal Contract Tower,19,8,14,0,41,0,0,66,8,74,19,8,80,8,115,60,0,60,175
04/17/2022,MFE,TX,ASW,CE,Federal Contract Tower,24,10,24,4,62,0,0,33,6,39,24,10,57,10,101,30,0,30,131
04/18/2022,MFE,TX,ASW,CE,Federal Contract Tower,23,11,37,52,123,0,0,63,8,71,23,11,100,60,194,90,0,90,284
04/19/2022,MFE,TX,ASW,CE,Federal Contract Tower,23,11,27,15,76,0,0,51,0,51,23,11,78,15,127,54,0,54,181
04/20/2022,MFE,TX,ASW,CE,Federal Contract Tower,23,10,30,18,81,0,0,47,0,47,23,10,77,18,128,58,0,58,186
04/21/2022,MFE,TX,ASW,CE,Federal Contract Tower,26,17,41,24,108,0,0,59,8,67,26,17,100,32,175,124,0,124,299
04/22/2022,MFE,TX,ASW,CE,Federal Contract Tower,28,8,23,22,81,0,0,73,5,78,28,8,96,27,159,86,0,86,245
04/23/2022,MFE,TX,ASW,CE,Federal Contract Tower,19,8,19,4,50,0,0,30,5,35,19,8,49,9,85,30,0,30,115
04/24/2022,MFE,TX,ASW,CE,Federal Contract Tower,20,12,30,2,64,0,0,34,6,40,20,12,64,8,104,0,0,0,104
04/25/2022,MFE,TX,ASW,CE,Federal Contract Tower,25,13,20,23,81,0,0,49,4,53,25,13,69,27,134,34,0,34,168
04/26/2022,MFE,TX,ASW,CE,Federal Contract Tower,26,7,30,14,77,0,0,12,0,12,26,7,42,14,89,0,0,0,89
04/27/2022,MFE,TX,ASW,CE,Federal Contract Tower,25,13,22,4,64,0,0,47,1,48,25,13,69,5,112,38,0,38,150
04/28/2022,MFE,TX,ASW,CE,Federal Contract Tower,27,12,51,17,107,0,0,75,10,85,27,12,126,27,192,116,36,152,344
04/29/2022,MFE,TX,ASW,CE,Federal Contract Tower,27,11,23,18,79,0,0,82,12,94,27,11,105,30,173,48,2,50,223
04/30/2022,MFE,TX,ASW,CE,Federal Contract Tower,19,10,13,0,42,0,0,52,8,60,19,10,65,8,102,56,0,56,158
05/01/2022,MFE,TX,ASW,CE,Federal Contract Tower,17,10,14,0,41,0,0,39,6,45,17,10,53,6,86,80,0,80,166
05/02/2022,MFE,TX,ASW,CE,Federal Contract Tower,28,12,48,11,99,0,0,69,6,75,28,12,117,17,174,68,8,76,250
05/03/2022,MFE,TX,ASW,CE,Federal Contract Tower,25,12,26,40,103,0,0,45,4,49,25,12,71,44,152,84,0,84,236
05/04/2022,MFE,TX,ASW,CE,Federal Contract Tower,19,16,45,40,120,0,0,59,0,59,19,16,104,40,179,68,0,68,247
05/05/2022,MFE,TX,ASW,CE,Federal Contract Tower,22,11,32,30,95,0,0,62,0,62,22,11,94,30,157,48,0,48,205
05/06/2022,MFE,TX,ASW,CE,Federal Contract Tower,27,12,41,17,97,0,0,76,8,84,27,12,117,25,181,86,0,86,267
05/07/2022,MFE,TX,ASW,CE,Federal Contract Tower,21,7,15,0,43,0,0,62,8,70,21,7,77,8,113,102,0,102,215
05/08/2022,MFE,TX,ASW,CE,Federal Contract Tower,21,12,15,10,58,0,0,41,0,41,21,12,56,10,99,38,0,38,137
05/09/2022,MFE,TX,ASW,CE,Federal Contract Tower,20,18,41,32,111,0,0,49,1,50,20,18,90,33,161,72,40,112,273
05/10/2022,MFE,TX,ASW,CE,Federal Contract Tower,20,8,29,14,71,0,0,61,0,61,20,8,90,14,132,134,0,134,266
05/11/2022,MFE,TX,ASW,CE,Federal Contract Tower,22,12,36,68,138,0,0,88,1,89,22,12,124,69,227,58,14,72,299
05/12/2022,MFE,TX,ASW,CE,Federal Contract Tower,29,11,51,56,147,0,0,64,0,64,29,11,115,56,211,76,10,86,297
05/13/2022,MFE,TX,ASW,CE,Federal Contract Tower,29,9,29,8,75,0,0,83,0,83,29,9,112,8,158,92,0,92,250
05/14/2022,MFE,TX,ASW,CE,Federal Contract Tower,22,10,6,0,38,0,0,64,0,64,22,10,70,0,102,32,0,32,134
05/15/2022,MFE,TX,ASW,CE,Federal Contract Tower,22,11,16,24,73,0,0,56,2,58,22,11,72,26,131,26,2,28,159
05/16/2022,MFE,TX,ASW,CE,Federal Contract Tower,22,18,34,35,109,0,0,54,0,54,22,18,88,35,163,66,0,66,229
05/17/2022,MFE,TX,ASW,CE,Federal Contract Tower,19,12,17,36,84,0,0,59,1,60,19,12,76,37,144,42,0,42,186
05/18/2022,MFE,TX,ASW,CE,Federal Contract Tower,26,18,32,12,88,0,0,66,0,66,26,18,98,12,154,76,0,76,230
05/19/2022,MFE,TX,ASW,CE,Federal Contract Tower,25,9,39,16,89,0,0,54,12,66,25,9,93,28,155,80,0,80,235
05/20/2022,MFE,TX,ASW,CE,Federal Contract Tower,24,13,29,4,70,0,0,35,6,41,24,13,64,10,111,58,0,58,169
05/21/2022,MFE,TX,ASW,CE,Federal Contract Tower,22,8,26,18,74,0,0,41,5,46,22,8,67,23,120,74,0,74,194
05/22/2022,MFE,TX,ASW,CE,Federal Contract Tower,25,6,12,0,43,0,0,15,2,17,25,6,27,2,60,0,0,0,60
05/23/2022,MFE,TX,ASW,CE,Federal Contract Tower,25,10,22,36,93,0,0,49,2,51,25,10,71,38,144,54,0,54,198
05/24/2022,MFE,TX,ASW,CE,Federal Contract Tower,24,18,41,25,108,0,0,45,1,46,24,18,86,26,154,52,16,68,222
05/25/2022,MFE,TX,ASW,CE,Federal Contract Tower,28,10,39,38,115,0,0,52,0,52,28,10,91,38,167,54,0,54,221
05/26/2022,MFE,TX,ASW,CE,Federal Contract Tower,25,13,38,14,90,0,0,75,6,81,25,13,113,20,171,110,0,110,281
05/27/2022,MFE,TX,ASW,CE,Federal Contract Tower,28,12,22,1,63,0,0,52,7,59,28,12,74,8,122,46,0,46,168
05/28/2022,MFE,TX,ASW,CE,Federal Contract Tower,25,6,10,0,41,0,0,52,6,58,25,6,62,6,99,102,0,102,201
05/29/2022,MFE,TX,ASW,CE,Federal Contract Tower,22,6,10,0,38,0,0,29,8,37,22,6,39,8,75,0,0,0,75
05/30/2022,MFE,TX,ASW,CE,Federal Contract Tower,28,14,19,0,61,0,0,42,6,48,28,14,61,6,109,0,0,0,109
05/31/2022,MFE,TX,ASW,CE,Federal Contract Tower,29,14,24,46,113,0,0,58,0,58,29,14,82,46,171,34,0,34,205
06/01/2022,MFE,TX,ASW,CE,Federal Contract Tower,27,11,26,40,104,0,0,63,2,65,27,11,89,42,169,32,0,32,201
06/02/2022,MFE,TX,ASW,CE,Federal Contract Tower,29,16,21,36,102,0,0,64,6,70,29,16,85,42,172,108,0,108,280
06/03/2022,MFE,TX,ASW,CE,Federal Contract Tower,26,11,16,19,72,0,0,56,9,65,26,11,72,28,137,52,0,52,189
06/04/2022,MFE,TX,ASW,CE,Federal Contract Tower,24,14,12,14,64,0,0,71,6,77,24,14,83,20,141,90,0,90,231
06/05/2022,MFE,TX,ASW,CE,Federal Contract Tower,21,10,14,12,57,0,0,42,6,48,21,10,56,18,105,0,0,0,105
06/06/2022,MFE,TX,ASW,CE,Federal Contract Tower,27,14,12,26,79,0,0,38,8,46,27,14,50,34,125,10,0,10,135
06/07/2022,MFE,TX,ASW,CE,Federal Contract Tower,29,10,28,54,121,0,0,51,0,51,29,10,79,54,172,14,0,14,186
06/08/2022,MFE,TX,ASW,CE,Federal Contract Tower,27,12,32,30,101,0,0,52,0,52,27,12,84,30,153,28,0,28,181
06/09/2022,MFE,TX,ASW,CE,Federal Contract Tower,24,21,29,36,110,0,0,71,10,81,24,21,100,46,191,120,0,120,311
06/10/2022,MFE,TX,ASW,CE,Federal Contract Tower,25,10,30,45,110,0,0,77,8,85,25,10,107,53,195,40,0,40,235
06/11/2022,MFE,TX,ASW,CE,Federal Contract Tower,23,9,32,0,64,0,0,48,7,55,23,9,80,7,119,26,0,26,145
06/12/2022,MFE,TX,ASW,CE,Federal Contract Tower,21,7,17,2,47,0,0,39,6,45,21,7,56,8,92,14,0,14,106
06/13/2022,MFE,TX,ASW,CE,Federal Contract Tower,27,10,34,0,71,0,0,43,6,49,27,10,77,6,120,10,0,10,130
06/14/2022,MFE,TX,ASW,CE,Federal Contract Tower,24,18,22,51,115,0,0,58,6,64,24,18,80,57,179,60,0,60,239
06/15/2022,MFE,TX,ASW,CE,Federal Contract Tower,21,11,33,48,113,0,0,65,0,65,21,11,98,48,178,68,0,68,246
06/16/2022,MFE,TX,ASW,CE,Federal Contract Tower,27,20,33,24,104,0,0,69,6,75,27,20,102,30,179,86,0,86,265
06/17/2022,MFE,TX,ASW,CE,Federal Contract Tower,31,10,42,29,112,0,0,74,4,78,31,10,116,33,190,42,0,42,232
06/18/2022,MFE,TX,ASW,CE,Federal Contract Tower,28,7,14,4,53,0,0,48,6,54,28,7,62,10,107,56,0,56,163
06/19/2022,MFE,TX,ASW,CE,Federal Contract Tower,26,11,18,4,59,0,0,40,6,46,26,11,58,10,105,2,0,2,107
06/20/2022,MFE,TX,ASW,CE,Federal Contract Tower,29,13,27,4,73,0,0,50,6,56,29,13,77,10,129,44,0,44,173
06/21/2022,MFE,TX,ASW,CE,Federal Contract Tower,27,18,26,21,92,0,0,55,2,57,27,18,81,23,149,72,8,80,229
06/22/2022,MFE,TX,ASW,CE,Federal Contract Tower,26,10,27,37,100,0,0,56,0,56,26,10,83,37,156,80,0,80,236
06/23/2022,MFE,TX,ASW,CE,Federal Contract Tower,27,12,24,41,104,0,0,90,3,93,27,12,114,44,197,128,0,128,325
06/24/2022,MFE,TX,ASW,CE,Federal Contract Tower,28,10,18,14,70,0,0,60,8,68,28,10,78,22,138,57,0,57,195
06/25/2022,MFE,TX,ASW,CE,Federal Contract Tower,23,6,13,24,66,0,0,69,6,75,23,6,82,30,141,48,0,48,189
06/26/2022,MFE,TX,ASW,CE,Federal Contract Tower,25,9,10,4,48,0,0,43,5,48,25,9,53,9,96,0,0,0,96
06/27/2022,MFE,TX,ASW,CE,Federal Contract Tower,28,9,24,44,105,0,0,45,7,52,28,9,69,51,157,50,4,54,211
06/28/2022,MFE,TX,ASW,CE,Federal Contract Tower,28,9,20,27,84,0,0,59,0,59,28,9,79,27,143,130,0,130,273
06/29/2022,MFE,TX,ASW,CE,Federal Contract Tower,26,13,19,40,98,0,0,55,0,55,26,13,74,40,153,50,0,50,203
06/30/2022,MFE,TX,ASW,CE,Federal Contract Tower,29,15,38,12,94,0,0,70,5,75,29,15,108,17,169,114,0,114,283
07/01/2022,MFE,TX,ASW,CE,Federal Contract Tower,32,11,15,9,67,0,0,63,7,70,32,11,78,16,137,86,0,86,223
07/02/2022,MFE,TX,ASW,CE,Federal Contract Tower,29,3,18,5,55,0,0,42,8,50,29,3,60,13,105,14,0,14,119
07/03/2022,MFE,TX,ASW,CE,Federal Contract Tower,24,3,14,0,41,0,0,28,7,35,24,3,42,7,76,0,0,0,76
07/04/2022,MFE,TX,ASW,CE,Federal Contract Tower,29,4,10,0,43,0,0,26,0,26,29,4,36,0,69,20,0,20,89
07/05/2022,MFE,TX,ASW,CE,Federal Contract Tower,29,7,20,13,69,0,2,64,0,66,29,9,84,13,135,0,54,54,189
07/06/2022,MFE,TX,ASW,CE,Federal Contract Tower,23,6,26,24,79,0,3,54,6,63,23,9,80,30,142,72,2,74,216
07/07/2022,MFE,TX,ASW,CE,Federal Contract Tower,30,10,33,12,85,0,0,64,8,72,30,10,97,20,157,80,0,80,237
07/08/2022,MFE,TX,ASW,CE,Federal Contract Tower,33,6,30,26,95,0,0,63,6,69,33,6,93,32,164,60,0,60,224
07/09/2022,MFE,TX,ASW,CE,Federal Contract Tower,26,3,8,4,41,0,0,42,6,48,26,3,50,10,89,68,0,68,157
07/10/2022,MFE,TX,ASW,CE,Federal Contract Tower,27,7,17,0,51,0,0,24,6,30,27,7,41,6,81,38,0,38,119
07/11/2022,MFE,TX,ASW,CE,Federal Contract Tower,34,20,21,26,101,0,0,50,8,58,34,20,71,34,159,34,4,38,197
07/12/2022,MFE,TX,ASW,CE,Federal Contract Tower,27,26,12,25,90,0,0,60,2,62,27,26,72,27,152,60,0,60,212
07/13/2022,MFE,TX,ASW,CE,Federal Contract Tower,33,15,34,4,86,0,1,71,5,77,33,16,105,9,163,0,0,0,163
07/14/2022,MFE,TX,ASW,CE,Federal Contract Tower,38,19,27,37,121,0,0,68,11,79,38,19,95,48,200,54,6,60,260
07/15/2022,MFE,TX,ASW,CE,Federal Contract Tower,33,12,12,17,74,0,0,59,6,65,33,12,71,23,139,32,0,32,171
07/16/2022,MFE,TX,ASW,CE,Federal Contract Tower,28,7,13,2,50,0,0,57,7,64,28,7,70,9,114,68,0,68,182
07/17/2022,MFE,TX,ASW,CE,Federal Contract Tower,24,7,20,10,61,0,0,38,8,46,24,7,58,18,107,0,0,0,107
07/18/2022,MFE,TX,ASW,CE,Federal Contract Tower,30,20,25,38,113,0,0,57,7,64,30,20,82,45,177,50,0,50,227
07/19/2022,MFE,TX,ASW,CE,Federal Contract Tower,25,10,31,45,111,0,0,62,0,62,25,10,93,45,173,48,0,48,221
07/20/2022,MFE,TX,ASW,CE,Federal Contract Tower,28,9,27,36,100,0,0,69,1,70,28,9,96,37,170,50,0,50,220
07/21/2022,MFE,TX,ASW,CE,Federal Contract Tower,32,9,30,34,105,0,2,59,10,71,32,11,89,44,176,36,0,36,212
07/22/2022,MFE,TX,ASW,CE,Federal Contract Tower,32,14,12,18,76,0,0,89,7,96,32,14,101,25,172,76,0,76,248
07/23/2022,MFE,TX,ASW,CE,Federal Contract Tower,26,4,17,12,59,0,0,37,6,43,26,4,54,18,102,24,0,24,126
07/24/2022,MFE,TX,ASW,CE,Federal Contract Tower,26,6,15,2,49,0,0,31,8,39,26,6,46,10,88,0,0,0,88
07/25/2022,MFE,TX,ASW,CE,Federal Contract Tower,30,14,16,37,97,0,0,66,6,72,30,14,82,43,169,46,0,46,215
07/26/2022,MFE,TX,ASW,CE,Federal Contract Tower,25,10,19,11,65,0,0,76,1,77,25,10,95,12,142,126,0,126,268
07/27/2022,MFE,TX,ASW,CE,Federal Contract Tower,23,9,21,3,56,0,0,53,1,54,23,9,74,4,110,92,0,92,202
07/28/2022,MFE,TX,ASW,CE,Federal Contract Tower,26,12,21,27,86,0,0,52,6,58,26,12,73,33,144,50,0,50,194
07/29/2022,MFE,TX,ASW,CE,Federal Contract Tower,28,8,14,0,50,0,0,64,6,70,28,8,78,6,120,54,0,54,174
07/30/2022,MFE,TX,ASW,CE,Federal Contract Tower,26,10,12,2,50,0,0,35,6,41,26,10,47,8,91,58,0,58,149
07/31/2022,MFE,TX,ASW,CE,Federal Contract Tower,24,9,20,0,53,0,0,23,6,29,24,9,43,6,82,0,0,0,82
08/01/2022,MFE,TX,ASW,CE,Federal Contract Tower,27,13,30,29,99,0,0,47,9,56,27,13,77,38,155,38,0,38,193
08/02/2022,MFE,TX,ASW,CE,Federal Contract Tower,21,18,24,43,106,0,0,61,4,65,21,18,85,47,171,68,0,68,239
08/03/2022,MFE,TX,ASW,CE,Federal Contract Tower,20,16,23,46,105,0,0,46,8,54,20,16,69,54,159,0,0,0,159
08/04/2022,MFE,TX,ASW,CE,Federal Contract Tower,28,15,25,28,96,0,2,37,9,48,28,17,62,37,144,0,0,0,144
08/05/2022,MFE,TX,ASW,CE,Federal Contract Tower,27,12,13,28,80,0,1,58,7,66,27,13,71,35,146,100,0,100,246
08/06/2022,MFE,TX,ASW,CE,Federal Contract Tower,22,13,13,14,62,0,0,53,6,59,22,13,66,20,121,58,0,58,179
08/07/2022,MFE,TX,ASW,CE,Federal Contract Tower,19,11,13,2,45,0,0,32,5,37,19,11,45,7,82,64,0,64,146
08/08/2022,MFE,TX,ASW,CE,Federal Contract Tower,25,16,26,14,81,0,0,48,4,52,25,16,74,18,133,70,0,70,203
08/09/2022,MFE,TX,ASW,CE,Federal Contract Tower,21,8,18,10,57,0,0,73,0,73,21,8,91,10,130,96,0,96,226
08/10/2022,MFE,TX,ASW,CE,Federal Contract Tower,20,18,25,25,88,0,0,79,4,83,20,18,104,29,171,122,0,122,293
08/11/2022,MFE,TX,ASW,CE,Federal Contract Tower,23,19,45,32,119,0,0,57,6,63,23,19,102,38,182,98,0,98,280
08/12/2022,MFE,TX,ASW,CE,Federal Contract Tower,34,11,29,2,76,0,0,66,4,70,34,11,95,6,146,108,0,108,254
08/13/2022,MFE,TX,ASW,CE,Federal Contract Tower,20,8,14,0,42,0,0,29,2,31,20,8,43,2,73,16,0,16,89
08/14/2022,MFE,TX,ASW,CE,Federal Contract Tower,21,5,15,0,41,0,0,3,0,3,21,5,18,0,44,0,0,0,44
08/15/2022,MFE,TX,ASW,CE,Federal Contract Tower,27,14,20,4,65,0,0,50,7,57,27,14,70,11,122,32,0,32,154
08/16/2022,MFE,TX,ASW,CE,Federal Contract Tower,21,13,31,6,71,0,0,73,2,75,21,13,104,8,146,66,0,66,212
08/17/2022,MFE,TX,ASW,CE,Federal Contract Tower,25,12,34,17,88,0,1,71,0,72,25,13,105,17,160,92,0,92,252
08/18/2022,MFE,TX,ASW,CE,Federal Contract Tower,35,17,53,45,150,0,0,71,6,77,35,17,124,51,227,84,0,84,311
08/19/2022,MFE,TX,ASW,CE,Federal Contract Tower,28,14,17,20,79,0,0,85,6,91,28,14,102,26,170,72,0,72,242
08/20/2022,MFE,TX,ASW,CE,Federal Contract Tower,17,9,8,10,44,0,0,39,4,43,17,9,47,14,87,24,0,24,111
08/21/2022,MFE,TX,ASW,CE,Federal Contract Tower,20,7,12,19,58,0,0,26,7,33,20,7,38,26,91,0,0,0,91
08/22/2022,MFE,TX,ASW,CE,Federal Contract Tower,20,11,22,31,84,0,0,71,9,80,20,11,93,40,164,32,50,82,246
08/23/2022,MFE,TX,ASW,CE,Federal Contract Tower,22,6,14,44,86,0,0,82,2,84,22,6,96,46,170,130,0,130,300
08/24/2022,MFE,TX,ASW,CE,Federal Contract Tower,24,17,27,35,103,0,0,63,11,74,24,17,90,46,177,98,0,98,275
08/25/2022,MFE,TX,ASW,CE,Federal Contract Tower,27,14,32,34,107,0,0,93,6,99,27,14,125,40,206,148,0,148,354
08/26/2022,MFE,TX,ASW,CE,Federal Contract Tower,30,16,33,8,87,0,0,51,2,53,30,16,84,10,140,84,0,84,224
08/27/2022,MFE,TX,ASW,CE,Federal Contract Tower,19,12,10,14,55,0,0,40,8,48,19,12,50,22,103,44,0,44,147
08/28/2022,MFE,TX,ASW,CE,Federal Contract Tower,21,11,26,15,73,0,0,32,7,39,21,11,58,22,112,0,0,0,112
08/29/2022,MFE,TX,ASW,CE,Federal Contract Tower,23,24,20,35,102,0,0,68,8,76,23,24,88,43,178,56,0,56,234
08/30/2022,MFE,TX,ASW,CE,Federal Contract Tower,15,19,33,38,105,0,0,68,5,73,15,19,101,43,178,84,10,94,272
08/31/2022,MFE,TX,ASW,CE,Federal Contract Tower,24,24,32,26,106,0,0,60,0,60,24,24,92,26,166,66,0,66,232
09/01/2022,MFE,TX,ASW,CE,Federal Contract Tower,22,10,43,35,110,0,0,77,6,83,22,10,120,41,193,66,0,66,259
09/02/2022,MFE,TX,ASW,CE,Federal Contract Tower,24,14,28,0,66,0,0,55,4,59,24,14,83,4,125,27,0,27,152
09/03/2022,MFE,TX,ASW,CE,Federal Contract Tower,15,11,10,0,36,0,0,18,0,18,15,11,28,0,54,16,0,16,70
09/04/2022,MFE,TX,ASW,CE,Federal Contract Tower,17,12,11,0,40,0,0,17,2,19,17,12,28,2,59,10,0,10,69
09/05/2022,MFE,TX,ASW,CE,Federal Contract Tower,26,15,15,0,56,0,0,4,0,4,26,15,19,0,60,0,0,0,60
09/06/2022,MFE,TX,ASW,CE,Federal Contract Tower,26,16,20,8,70,0,0,28,2,30,26,16,48,10,100,68,0,68,168
09/07/2022,MFE,TX,ASW,CE,Federal Contract Tower,27,19,43,25,114,0,0,27,0,27,27,19,70,25,141,24,0,24,165
09/08/2022,MFE,TX,ASW,CE,Federal Contract Tower,30,24,31,61,146,0,0,70,8,78,30,24,101,69,224,68,0,68,292
09/09/2022,MFE,TX,ASW,CE,Federal Contract Tower,29,20,37,24,110,0,0,83,6,89,29,20,120,30,199,106,0,106,305
09/10/2022,MFE,TX,ASW,CE,Federal Contract Tower,19,10,18,7,54,0,0,70,7,77,19,10,88,14,131,40,0,40,171
09/11/2022,MFE,TX,ASW,CE,Federal Contract Tower,28,6,37,0,71,0,0,29,6,35,28,6,66,6,106,34,0,34,140
09/12/2022,MFE,TX,ASW,CE,Federal Contract Tower,25,13,34,18,90,0,0,93,8,101,25,13,127,26,191,74,0,74,265
09/13/2022,MFE,TX,ASW,CE,Federal Contract Tower,21,9,32,101,163,0,0,80,4,84,21,9,112,105,247,104,0,104,351
09/14/2022,MFE,TX,ASW,CE,Federal Contract Tower,29,16,33,5,83,0,1,85,4,90,29,17,118,9,173,50,0,50,223
09/15/2022,MFE,TX,ASW,CE,Federal Contract Tower,31,15,32,2,80,0,0,55,6,61,31,15,87,8,141,14,12,26,167
09/16/2022,MFE,TX,ASW,CE,Federal Contract Tower,35,10,21,23,89,0,0,66,9,75,35,10,87,32,164,38,0,38,202
09/17/2022,MFE,TX,ASW,CE,Federal Contract Tower,25,4,6,12,47,0,0,35,5,40,25,4,41,17,87,24,0,24,111
09/18/2022,MFE,TX,ASW,CE,Federal Contract Tower,29,11,5,0,45,0,0,27,4,31,29,11,32,4,76,4,0,4,80
09/19/2022,MFE,TX,ASW,CE,Federal Contract Tower,29,17,24,2,72,0,0,53,6,59,29,17,77,8,131,52,0,52,183
09/20/2022,MFE,TX,ASW,CE,Federal Contract Tower,25,23,29,17,94,0,0,54,2,56,25,23,83,19,150,80,0,80,230
09/21/2022,MFE,TX,ASW,CE,Federal Contract Tower,27,20,30,30,107,0,0,64,0,64,27,20,94,30,171,50,0,50,221
09/22/2022,MFE,TX,ASW,CE,Federal Contract Tower,32,28,28,35,123,0,0,77,7,84,32,28,105,42,207,44,20,64,271
09/23/2022,MFE,TX,ASW,CE,Federal Contract Tower,27,23,36,20,106,0,0,50,6,56,27,23,86,26,162,56,0,56,218
09/24/2022,MFE,TX,ASW,CE,Federal Contract Tower,22,15,8,0,45,0,0,56,6,62,22,15,64,6,107,66,0,66,173
09/25/2022,MFE,TX,ASW,CE,Federal Contract Tower,28,6,22,0,56,0,0,35,2,37,28,6,57,2,93,28,0,28,121
09/26/2022,MFE,TX,ASW,CE,Federal Contract Tower,28,22,18,12,80,0,0,59,6,65,28,22,77,18,145,26,0,26,171
09/27/2022,MFE,TX,ASW,CE,Federal Contract Tower,21,27,25,27,100,0,0,60,1,61,21,27,85,28,161,30,0,30,191
09/28/2022,MFE,TX,ASW,CE,Federal Contract Tower,27,11,19,48,105,0,0,98,1,99,27,11,117,49,204,64,0,64,268
09/29/2022,MFE,TX,ASW,CE,Federal Contract Tower,35,15,28,9,87,0,0,97,7,104,35,15,125,16,191,56,0,56,247
09/30/2022,MFE,TX,ASW,CE,Federal Contract Tower,41,14,35,16,106,0,0,76,7,83,41,14,111,23,189,34,0,34,223
10/01/2022,MFE,TX,ASW,CE,Federal Contract Tower,24,7,17,6,54,0,0,67,6,73,24,7,84,12,127,52,0,52,179
10/02/2022,MFE,TX,ASW,CE,Federal Contract Tower,26,14,25,6,71,0,0,43,6,49,26,14,68,12,120,12,0,12,132
10/03/2022,MFE,TX,ASW,CE,Federal Contract Tower,28,12,41,19,100,0,0,56,5,61,28,12,97,24,161,0,0,0,161
10/04/2022,MFE,TX,ASW,CE,Federal Contract Tower,28,14,30,44,116,0,0,65,0,65,28,14,95,44,181,40,0,40,221
10/05/2022,MFE,TX,ASW,CE,Federal Contract Tower,23,13,32,24,92,0,0,95,3,98,23,13,127,27,190,30,0,30,220
10/06/2022,MFE,TX,ASW,CE,Federal Contract Tower,34,12,23,26,95,0,0,89,7,96,34,12,112,33,191,60,0,60,251
10/07/2022,MFE,TX,ASW,CE,Federal Contract Tower,31,7,23,21,82,0,0,79,8,87,31,7,102,29,169,54,0,54,223
10/08/2022,MFE,TX,ASW,CE,Federal Contract Tower,24,12,15,2,53,0,0,51,7,58,24,12,66,9,111,28,0,28,139
10/09/2022,MFE,TX,ASW,CE,Federal Contract Tower,28,0,25,0,53,0,0,47,0,47,28,0,72,0,100,6,0,6,106
10/10/2022,MFE,TX,ASW,CE,Federal Contract Tower,27,9,8,0,44,0,0,50,0,50,27,9,58,0,94,46,0,46,140
10/11/2022,MFE,TX,ASW,CE,Federal Contract Tower,25,4,28,24,81,0,0,73,0,73,25,4,101,24,154,62,0,62,216
10/12/2022,MFE,TX,ASW,CE,Federal Contract Tower,25,8,30,28,91,0,0,85,6,91,25,8,115,34,182,78,44,122,304
10/13/2022,MFE,TX,ASW,CE,Federal Contract Tower,29,8,44,32,113,0,0,69,4,73,29,8,113,36,186,24,0,24,210
10/14/2022,MFE,TX,ASW,CE,Federal Contract Tower,32,9,40,11,92,0,0,78,12,90,32,9,118,23,182,62,0,62,244
10/15/2022,MFE,TX,ASW,CE,Federal Contract Tower,29,0,9,0,38,0,0,52,0,52,29,0,61,0,90,34,0,34,124
10/16/2022,MFE,TX,ASW,CE,Federal Contract Tower,26,3,14,4,47,0,0,56,9,65,26,3,70,13,112,0,0,0,112
10/17/2022,MFE,TX,ASW,CE,Federal Contract Tower,29,7,24,14,74,0,0,30,0,30,29,7,54,14,104,0,0,0,104
10/18/2022,MFE,TX,ASW,CE,Federal Contract Tower,25,11,30,20,86,0,0,37,8,45,25,11,67,28,131,0,0,0,131
10/19/2022,MFE,TX,ASW,CE,Federal Contract Tower,30,15,28,13,86,0,2,97,1,100,30,17,125,14,186,64,0,64,250
10/20/2022,MFE,TX,ASW,CE,Federal Contract Tower,28,10,29,5,72,0,0,118,4,122,28,10,147,9,194,40,0,40,234
10/21/2022,MFE,TX,ASW,CE,Federal Contract Tower,29,10,33,2,74,0,0,92,7,99,29,10,125,9,173,88,0,88,261
10/22/2022,MFE,TX,ASW,CE,Federal Contract Tower,22,8,17,9,56,0,0,51,7,58,22,8,68,16,114,56,0,56,170
10/23/2022,MFE,TX,ASW,CE,Federal Contract Tower,28,7,27,2,64,0,0,47,6,53,28,7,74,8,117,0,0,0,117
10/25/2022,MFE,TX,ASW,CE,Federal Contract Tower,20,9,25,15,69,0,0,97,0,97,20,9,122,15,166,42,0,42,208
10/26/2022,MFE,TX,ASW,CE,Federal Contract Tower,25,6,42,30,103,0,0,93,2,95,25,6,135,32,198,54,0,54,252
10/27/2022,MFE,TX,ASW,CE,Federal Contract Tower,34,10,48,10,102,0,0,63,6,69,34,10,111,16,171,62,0,62,233
10/28/2022,MFE,TX,ASW,CE,Federal Contract Tower,33,12,18,18,81,0,0,49,8,57,33,12,67,26,138,50,26,76,214
10/29/2022,MFE,TX,ASW,CE,Federal Contract Tower,22,2,24,2,50,0,0,60,7,67,22,2,84,9,117,102,0,102,219
10/30/2022,MFE,TX,ASW,CE,Federal Contract Tower,27,1,21,6,55,0,0,66,7,73,27,1,87,13,128,30,6,36,164
10/31/2022,MFE,TX,ASW,CE,Federal Contract Tower,24,9,30,22,85,0,0,37,0,37,24,9,67,22,122,60,0,60,182
11/01/2022,MFE,TX,ASW,CE,Federal Contract Tower,22,8,19,6,55,0,0,12,0,12,22,8,31,6,67,0,0,0,67
11/02/2022,MFE,TX,ASW,CE,Federal Contract Tower,28,8,36,18,90,1,0,35,0,36,29,8,71,18,126,104,0,104,230
11/03/2022,MFE,TX,ASW,CE,Federal Contract Tower,24,12,24,18,78,0,0,67,4,71,24,12,91,22,149,88,0,88,237
11/04/2022,MFE,TX,ASW,CE,Federal Contract Tower,23,8,27,14,72,0,0,39,4,43,23,8,66,18,115,28,6,34,149
11/05/2022,MFE,TX,ASW,CE,Federal Contract Tower,18,1,13,0,32,0,0,83,8,91,18,1,96,8,123,48,0,48,171
11/06/2022,MFE,TX,ASW,CE,Federal Contract Tower,21,6,17,18,62,0,0,67,8,75,21,6,84,26,137,32,0,32,169
11/07/2022,MFE,TX,ASW,CE,Federal Contract Tower,25,6,33,8,72,0,0,50,0,50,25,6,83,8,122,56,0,56,178
11/08/2022,MFE,TX,ASW,CE,Federal Contract Tower,21,10,28,0,59,0,0,71,0,71,21,10,99,0,130,108,0,108,238
11/09/2022,MFE,TX,ASW,CE,Federal Contract Tower,20,9,31,0,60,0,1,72,6,79,20,10,103,6,139,116,0,116,255
11/10/2022,MFE,TX,ASW,CE,Federal Contract Tower,24,10,33,8,75,0,0,67,6,73,24,10,100,14,148,86,0,86,234
11/11/2022,MFE,TX,ASW,CE,Federal Contract Tower,24,8,38,0,70,0,0,54,9,63,24,8,92,9,133,42,0,42,175
11/12/2022,MFE,TX,ASW,CE,Federal Contract Tower,21,2,16,12,51,0,0,39,4,43,21,2,55,16,94,30,0,30,124
11/13/2022,MFE,TX,ASW,CE,Federal Contract Tower,22,3,23,7,55,0,0,56,5,61,22,3,79,12,116,32,6,38,154
11/14/2022,MFE,TX,ASW,CE,Federal Contract Tower,23,4,31,12,70,0,0,52,0,52,23,4,83,12,122,94,0,94,216
11/15/2022,MFE,TX,ASW,CE,Federal Contract Tower,18,4,37,59,118,0,0,75,4,79,18,4,112,63,197,48,6,54,251
11/16/2022,MFE,TX,ASW,CE,Federal Contract Tower,21,9,24,38,92,0,0,59,0,59,21,9,83,38,151,82,0,82,233
11/17/2022,MFE,TX,ASW,CE,Federal Contract Tower,23,5,40,24,92,0,0,40,4,44,23,5,80,28,136,62,0,62,198
11/18/2022,MFE,TX,ASW,CE,Federal Contract Tower,23,10,33,6,72,0,0,0,0,0,23,10,33,6,72,0,0,0,72
11/19/2022,MFE,TX,ASW,CE,Federal Contract Tower,22,4,13,2,41,0,0,0,0,0,22,4,13,2,41,0,0,0,41
11/20/2022,MFE,TX,ASW,CE,Federal Contract Tower,23,7,26,6,62,0,0,11,3,14,23,7,37,9,76,32,0,32,108
11/21/2022,MFE,TX,ASW,CE,Federal Contract Tower,25,15,16,24,80,0,0,0,0,0,25,15,16,24,80,0,0,0,80
11/22/2022,MFE,TX,ASW,CE,Federal Contract Tower,24,10,23,26,83,0,0,0,0,0,24,10,23,26,83,0,0,0,83
11/23/2022,MFE,TX,ASW,CE,Federal Contract Tower,27,12,39,0,78,0,0,0,0,0,27,12,39,0,78,0,0,0,78
11/24/2022,MFE,TX,ASW,CE,Federal Contract Tower,21,3,17,0,41,0,0,9,0,9,21,3,26,0,50,0,0,0,50
11/25/2022,MFE,TX,ASW,CE,Federal Contract Tower,32,4,9,0,45,0,0,0,0,0,32,4,9,0,45,0,0,0,45
11/26/2022,MFE,TX,ASW,CE,Federal Contract Tower,21,2,19,0,42,0,0,69,10,79,21,2,88,10,121,48,0,48,169
11/27/2022,MFE,TX,ASW,CE,Federal Contract Tower,22,5,28,0,55,0,0,74,8,82,22,5,102,8,137,74,0,74,211
11/28/2022,MFE,TX,ASW,CE,Federal Contract Tower,26,12,38,9,85,0,0,26,0,26,26,12,64,9,111,86,0,86,197
11/29/2022,MFE,TX,ASW,CE,Federal Contract Tower,18,13,32,28,91,0,0,79,2,81,18,13,111,30,172,136,20,156,328
11/30/2022,MFE,TX,ASW,CE,Federal Contract Tower,21,12,29,22,84,0,0,20,6,26,21,12,49,28,110,0,0,0,110
12/01/2022,MFE,TX,ASW,CE,Federal Contract Tower,29,22,58,29,138,0,0,36,4,40,29,22,94,33,178,62,0,62,240
12/02/2022,MFE,TX,ASW,CE,Federal Contract Tower,27,15,32,16,90,0,0,5,4,9,27,15,37,20,99,0,0,0,99
12/03/2022,MFE,TX,ASW,CE,Federal Contract Tower,19,7,29,0,55,0,0,3,4,7,19,7,32,4,62,0,0,0,62
12/04/2022,MFE,TX,ASW,CE,Federal Contract Tower,29,8,30,4,71,0,0,14,0,14,29,8,44,4,85,14,0,14,99
12/05/2022,MFE,TX,ASW,CE,Federal Contract Tower,31,20,42,63,156,0,0,62,5,67,31,20,104,68,223,58,36,94,317
12/06/2022,MFE,TX,ASW,CE,Federal Contract Tower,21,15,32,41,109,0,0,76,1,77,21,15,108,42,186,36,0,36,222
12/07/2022,MFE,TX,ASW,CE,Federal Contract Tower,23,14,38,23,98,0,0,54,0,54,23,14,92,23,152,98,0,98,250
12/08/2022,MFE,TX,ASW,CE,Federal Contract Tower,26,23,44,0,93,0,0,75,8,83,26,23,119,8,176,84,0,84,260
12/09/2022,MFE,TX,ASW,CE,Federal Contract Tower,26,6,40,24,96,0,0,58,6,64,26,6,98,30,160,72,0,72,232
12/10/2022,MFE,TX,ASW,CE,Federal Contract Tower,18,5,18,18,59,0,0,45,6,51,18,5,63,24,110,36,0,36,146
12/11/2022,MFE,TX,ASW,CE,Federal Contract Tower,27,5,33,6,71,0,0,49,8,57,27,5,82,14,128,0,0,0,128
12/12/2022,MFE,TX,ASW,CE,Federal Contract Tower,24,13,33,22,92,0,0,49,2,51,24,13,82,24,143,54,0,54,197
12/13/2022,MFE,TX,ASW,CE,Federal Contract Tower,18,11,21,26,76,0,0,72,4,76,18,11,93,30,152,68,0,68,220
12/14/2022,MFE,TX,ASW,CE,Federal Contract Tower,18,12,21,26,77,0,0,72,0,72,18,12,93,26,149,52,0,52,201
12/15/2022,MFE,TX,ASW,CE,Federal Contract Tower,22,11,36,47,116,0,0,93,6,99,22,11,129,53,215,38,0,38,253
12/16/2022,MFE,TX,ASW,CE,Federal Contract Tower,30,16,33,22,101,0,0,76,8,84,30,16,109,30,185,62,0,62,247
12/17/2022,MFE,TX,ASW,CE,Federal Contract Tower,21,4,18,0,43,0,0,65,5,70,21,4,83,5,113,36,0,36,149
12/18/2022,MFE,TX,ASW,CE,Federal Contract Tower,22,5,19,17,63,0,0,33,3,36,22,5,52,20,99,34,0,34,133
12/19/2022,MFE,TX,ASW,CE,Federal Contract Tower,25,9,25,55,114,0,0,16,0,16,25,9,41,55,130,32,8,40,170
12/20/2022,MFE,TX,ASW,CE,Federal Contract Tower,17,19,40,30,106,0,0,57,3,60,17,19,97,33,166,118,30,148,314
12/21/2022,MFE,TX,ASW,CE,Federal Contract Tower,25,23,40,34,122,0,0,64,0,64,25,23,104,34,186,62,0,62,248
12/22/2022,MFE,TX,ASW,CE,Federal Contract Tower,26,15,34,11,86,0,0,52,8,60,26,15,86,19,146,0,0,0,146
12/23/2022,MFE,TX,ASW,CE,Federal Contract Tower,16,7,16,0,39,0,0,49,9,58,16,7,65,9,97,16,2,18,115
12/24/2022,MFE,TX,ASW,CE,Federal Contract Tower,15,6,10,0,31,0,0,27,8,35,15,6,37,8,66,20,0,20,86
12/25/2022,MFE,TX,ASW,CE,Federal Contract Tower,17,4,3,0,24,0,0,26,6,32,17,4,29,6,56,6,0,6,62
12/26/2022,MFE,TX,ASW,CE,Federal Contract Tower,28,8,33,0,69,0,0,52,0,52,28,8,85,0,121,22,0,22,143
12/27/2022,MFE,TX,ASW,CE,Federal Contract Tower,22,11,26,0,59,0,0,77,0,77,22,11,103,0,136,52,0,52,188
12/28/2022,MFE,TX,ASW,CE,Federal Contract Tower,26,7,30,0,63,0,0,76,0,76,26,7,106,0,139,20,0,20,159
12/29/2022,MFE,TX,ASW,CE,Federal Contract Tower,19,8,33,10,70,0,0,71,8,79,19,8,104,18,149,80,6,86,235
12/30/2022,MFE,TX,ASW,CE,Federal Contract Tower,24,6,23,2,55,0,0,84,0,84,24,6,107,2,139,124,0,124,263
12/31/2022,MFE,TX,ASW,CE,Federal Contract Tower,14,3,13,0,30,0,0,68,0,68,14,3,81,0,98,54,0,54,152
01/01/2023,MFE,TX,ASW,CE,Federal Contract Tower,20,2,21,0,43,0,0,27,0,27,20,2,48,0,70,60,0,60,130
01/02/2023,MFE,TX,ASW,CE,Federal Contract Tower,21,4,18,0,43,0,0,33,0,33,21,4,51,0,76,24,0,24,100
01/03/2023,MFE,TX,ASW,CE,Federal Contract Tower,20,5,32,14,71,0,1,60,0,61,20,6,92,14,132,72,0,72,204
01/04/2023,MFE,TX,ASW,CE,Federal Contract Tower,30,7,23,12,72,0,0,76,0,76,30,7,99,12,148,96,0,96,244
01/05/2023,MFE,TX,ASW,CE,Federal Contract Tower,21,6,23,18,68,0,0,86,5,91,21,6,109,23,159,142,0,142,301
01/06/2023,MFE,TX,ASW,CE,Federal Contract Tower,28,4,27,17,76,0,0,64,8,72,28,4,91,25,148,72,0,72,220
01/07/2023,MFE,TX,ASW,CE,Federal Contract Tower,17,3,15,10,45,0,0,55,6,61,17,3,70,16,106,32,0,32,138
01/08/2023,MFE,TX,ASW,CE,Federal Contract Tower,25,4,25,1,55,0,0,29,6,35,25,4,54,7,90,22,0,22,112
01/09/2023,MFE,TX,ASW,CE,Federal Contract Tower,21,5,24,16,66,0,0,59,0,59,21,5,83,16,125,62,0,62,187
01/10/2023,MFE,TX,ASW,CE,Federal Contract Tower,17,6,19,29,71,0,0,70,0,70,17,6,89,29,141,26,0,26,167
01/11/2023,MFE,TX,ASW,CE,Federal Contract Tower,26,12,36,16,90,0,0,56,0,56,26,12,92,16,146,26,0,26,172
01/12/2023,MFE,TX,ASW,CE,Federal Contract Tower,26,8,33,23,90,0,0,76,6,82,26,8,109,29,172,44,0,44,216
01/13/2023,MFE,TX,ASW,CE,Federal Contract Tower,24,4,29,6,63,0,0,83,7,90,24,4,112,13,153,102,0,102,255
01/14/2023,MFE,TX,ASW,CE,Federal Contract Tower,14,10,20,6,50,0,0,99,6,105,14,10,119,12,155,132,0,132,287
01/15/2023,MFE,TX,ASW,CE,Federal Contract Tower,20,3,14,0,37,0,0,30,8,38,20,3,44,8,75,30,0,30,105
01/16/2023,MFE,TX,ASW,CE,Federal Contract Tower,21,4,13,0,38,0,2,43,0,45,21,6,56,0,83,100,0,100,183
01/17/2023,MFE,TX,ASW,CE,Federal Contract Tower,19,6,26,14,65,0,0,52,0,52,19,6,78,14,117,88,0,88,205
01/18/2023,MFE,TX,ASW,CE,Federal Contract Tower,25,9,35,49,118,0,0,57,7,64,25,9,92,56,182,126,26,152,334
01/19/2023,MFE,TX,ASW,CE,Federal Contract Tower,28,18,38,37,121,0,0,75,4,79,28,18,113,41,200,32,0,32,232
01/20/2023,MFE,TX,ASW,CE,Federal Contract Tower,33,6,31,31,101,0,0,51,3,54,33,6,82,34,155,96,0,96,251
01/21/2023,MFE,TX,ASW,CE,Federal Contract Tower,15,5,21,20,61,0,0,21,6,27,15,5,42,26,88,48,0,48,136
01/22/2023,MFE,TX,ASW,CE,Federal Contract Tower,23,4,15,8,50,0,0,73,6,79,23,4,88,14,129,56,0,56,185
01/23/2023,MFE,TX,ASW,CE,Federal Contract Tower,24,6,46,56,132,0,0,44,0,44,24,6,90,56,176,18,0,18,194
01/24/2023,MFE,TX,ASW,CE,Federal Contract Tower,20,8,27,71,126,0,0,31,1,32,20,8,58,72,158,34,0,34,192
01/25/2023,MFE,TX,ASW,CE,Federal Contract Tower,20,4,28,61,113,0,0,95,2,97,20,4,123,63,210,118,10,128,338
01/26/2023,MFE,TX,ASW,CE,Federal Contract Tower,26,4,54,8,92,0,0,85,6,91,26,4,139,14,183,112,0,112,295
01/27/2023,MFE,TX,ASW,CE,Federal Contract Tower,26,3,35,10,74,0,0,13,0,13,26,3,48,10,87,12,0,12,99
01/28/2023,MFE,TX,ASW,CE,Federal Contract Tower,17,4,22,16,59,0,0,51,8,59,17,4,73,24,118,82,0,82,200
01/29/2023,MFE,TX,ASW,CE,Federal Contract Tower,29,1,22,31,83,0,0,58,9,67,29,1,80,40,150,74,0,74,224
01/30/2023,MFE,TX,ASW,CE,Federal Contract Tower,16,4,33,6,59,0,0,25,0,25,16,4,58,6,84,0,18,18,102
01/31/2023,MFE,TX,ASW,CE,Federal Contract Tower,18,10,15,9,52,0,0,0,0,0,18,10,15,9,52,0,0,0,52
02/01/2023,MFE,TX,ASW,CE,Federal Contract Tower,18,0,36,51,105,0,0,0,0,0,18,0,36,51,105,0,0,0,105
02/02/2023,MFE,TX,ASW,CE,Federal Contract Tower,25,4,52,77,158,0,0,48,6,54,25,4,100,83,212,84,48,132,344
02/03/2023,MFE,TX,ASW,CE,Federal Contract Tower,24,6,38,40,108,0,0,102,6,108,24,6,140,46,216,98,0,98,314
02/04/2023,MFE,TX,ASW,CE,Federal Contract Tower,14,4,8,4,30,0,0,83,6,89,14,4,91,10,119,110,0,110,229
02/05/2023,MFE,TX,ASW,CE,Federal Contract Tower,20,2,19,7,48,0,0,51,7,58,20,2,70,14,106,42,0,42,148
02/06/2023,MFE,TX,ASW,CE,Federal Contract Tower,25,2,40,15,82,0,0,28,0,28,25,2,68,15,110,0,0,0,110
02/07/2023,MFE,TX,ASW,CE,Federal Contract Tower,17,9,30,46,102,0,0,28,2,30,17,9,58,48,132,0,12,12,144
02/08/2023,MFE,TX,ASW,CE,Federal Contract Tower,23,2,35,64,124,0,0,46,1,47,23,2,81,65,171,32,0,32,203
02/09/2023,MFE,TX,ASW,CE,Federal Contract Tower,23,3,48,11,85,0,0,76,6,82,23,3,124,17,167,36,28,64,231
02/10/2023,MFE,TX,ASW,CE,Federal Contract Tower,22,0,30,12,64,0,0,40,3,43,22,0,70,15,107,14,0,14,121
02/11/2023,MFE,TX,ASW,CE,Federal Contract Tower,16,0,15,4,35,0,0,64,7,71,16,0,79,11,106,118,0,118,224
02/12/2023,MFE,TX,ASW,CE,Federal Contract Tower,25,2,16,0,43,0,0,57,4,61,25,2,73,4,104,46,0,46,150
02/13/2023,MFE,TX,ASW,CE,Federal Contract Tower,20,10,21,22,73,0,0,35,2,37,20,10,56,24,110,22,6,28,138
02/14/2023,MFE,TX,ASW,CE,Federal Contract Tower,17,8,14,25,64,0,0,72,0,72,17,8,86,25,136,88,0,88,224
02/15/2023,MFE,TX,ASW,CE,Federal Contract Tower,23,5,43,32,103,0,0,44,2,46,23,5,87,34,149,20,0,20,169
02/16/2023,MFE,TX,ASW,CE,Federal Contract Tower,26,6,44,28,104,0,0,36,5,41,26,6,80,33,145,0,0,0,145
02/17/2023,MFE,TX,ASW,CE,Federal Contract Tower,24,9,30,17,80,0,0,69,6,75,24,9,99,23,155,92,0,92,247
02/18/2023,MFE,TX,ASW,CE,Federal Contract Tower,16,0,18,12,46,0,0,65,8,73,16,0,83,20,119,54,0,54,173
02/19/2023,MFE,TX,ASW,CE,Federal Contract Tower,21,0,9,0,30,0,0,43,8,51,21,0,52,8,81,58,0,58,139
02/20/2023,MFE,TX,ASW,CE,Federal Contract Tower,24,4,24,6,58,0,0,38,0,38,24,4,62,6,96,12,0,12,108
02/21/2023,MFE,TX,ASW,CE,Federal Contract Tower,21,6,25,18,70,0,0,37,0,37,21,6,62,18,107,26,0,26,133
02/22/2023,MFE,TX,ASW,CE,Federal Contract Tower,22,12,28,14,76,0,0,81,0,81,22,12,109,14,157,144,0,144,301
02/23/2023,MFE,TX,ASW,CE,Federal Contract Tower,25,0,54,24,103,0,0,74,6,80,25,0,128,30,183,54,0,54,237
02/24/2023,MFE,TX,ASW,CE,Federal Contract Tower,23,0,40,16,79,0,0,69,6,75,23,0,109,22,154,114,0,114,268
02/25/2023,MFE,TX,ASW,CE,Federal Contract Tower,24,0,16,22,62,0,0,57,10,67,24,0,73,32,129,82,0,82,211
02/26/2023,MFE,TX,ASW,CE,Federal Contract Tower,20,0,43,20,83,0,0,48,5,53,20,0,91,25,136,14,0,14,150
02/27/2023,MFE,TX,ASW,CE,Federal Contract Tower,22,11,28,26,87,0,0,62,0,62,22,11,90,26,149,28,0,28,177
02/28/2023,MFE,TX,ASW,CE,Federal Contract Tower,20,2,29,12,63,0,0,71,0,71,20,2,100,12,134,70,0,70,204
03/01/2023,MFE,TX,ASW,CE,Federal Contract Tower,18,0,29,38,85,0,0,73,0,73,18,0,102,38,158,78,0,78,236
03/02/2023,MFE,TX,ASW,CE,Federal Contract Tower,27,2,41,33,103,0,0,97,1,98,27,2,138,34,201,130,10,140,341
03/03/2023,MFE,TX,ASW,CE,Federal Contract Tower,20,1,32,29,82,0,0,73,8,81,20,1,105,37,163,74,0,74,237
03/04/2023,MFE,TX,ASW,CE,Federal Contract Tower,19,1,14,8,42,0,0,69,8,77,19,1,83,16,119,58,0,58,177
03/05/2023,MFE,TX,ASW,CE,Federal Contract Tower,24,1,17,4,46,0,0,63,8,71,24,1,80,12,117,48,0,48,165
03/06/2023,MFE,TX,ASW,CE,Federal Contract Tower,19,6,24,30,79,0,0,49,1,50,19,6,73,31,129,24,18,42,171
03/07/2023,MFE,TX,ASW,CE,Federal Contract Tower,18,7,37,33,95,0,0,48,0,48,18,7,85,33,143,14,0,14,157
03/08/2023,MFE,TX,ASW,CE,Federal Contract Tower,19,3,37,12,71,0,0,71,0,71,19,3,108,12,142,76,0,76,218
03/09/2023,MFE,TX,ASW,CE,Federal Contract Tower,30,1,37,16,84,0,0,68,0,68,30,1,105,16,152,68,0,68,220
03/10/2023,MFE,TX,ASW,CE,Federal Contract Tower,26,7,50,20,103,0,0,48,10,58,26,7,98,30,161,68,0,68,229
03/11/2023,MFE,TX,ASW,CE,Federal Contract Tower,23,3,20,2,48,0,0,53,10,63,23,3,73,12,111,114,0,114,225
03/12/2023,MFE,TX,ASW,CE,Federal Contract Tower,26,2,12,11,51,0,0,44,3,47,26,2,56,14,98,22,18,40,138
03/13/2023,MFE,TX,ASW,CE,Federal Contract Tower,24,6,30,24,84,0,0,47,0,47,24,6,77,24,131,72,0,72,203
03/14/2023,MFE,TX,ASW,CE,Federal Contract Tower,19,7,19,18,63,0,0,25,0,25,19,7,44,18,88,10,0,10,98
03/15/2023,MFE,TX,ASW,CE,Federal Contract Tower,20,14,37,37,108,0,0,42,0,42,20,14,79,37,150,58,0,58,208
03/16/2023,MFE,TX,ASW,CE,Federal Contract Tower,25,7,33,14,79,0,0,37,0,37,25,7,70,14,116,14,2,16,132
03/17/2023,MFE,TX,ASW,CE,Federal Contract Tower,28,1,28,33,90,0,0,34,4,38,28,1,62,37,128,8,0,8,136
03/18/2023,MFE,TX,ASW,CE,Federal Contract Tower,18,1,25,2,46,0,0,55,4,59,18,1,80,6,105,34,0,34,139
03/19/2023,MFE,TX,ASW,CE,Federal Contract Tower,24,4,13,4,45,0,0,25,4,29,24,4,38,8,74,56,0,56,130
03/20/2023,MFE,TX,ASW,CE,Federal Contract Tower,25,7,30,72,134,0,0,50,0,50,25,7,80,72,184,78,0,78,262
03/21/2023,MFE,TX,ASW,CE,Federal Contract Tower,17,8,36,44,105,0,0,69,1,70,17,8,105,45,175,18,12,30,205
03/22/2023,MFE,TX,ASW,CE,Federal Contract Tower,17,6,35,36,94,0,0,63,1,64,17,6,98,37,158,86,0,86,244
03/23/2023,MFE,TX,ASW,CE,Federal Contract Tower,26,7,36,14,83,0,0,41,0,41,26,7,77,14,124,24,0,24,148
03/24/2023,MFE,TX,ASW,CE,Federal Contract Tower,26,2,27,8,63,0,0,72,15,87,26,2,99,23,150,74,0,74,224
03/25/2023,MFE,TX,ASW,CE,Federal Contract Tower,17,3,21,12,53,0,0,63,6,69,17,3,84,18,122,146,0,146,268
03/26/2023,MFE,TX,ASW,CE,Federal Contract Tower,23,3,16,12,54,0,0,26,8,34,23,3,42,20,88,18,0,18,106
03/27/2023,MFE,TX,ASW,CE,Federal Contract Tower,26,8,32,18,84,0,0,46,0,46,26,8,78,18,130,14,0,14,144
03/28/2023,MFE,TX,ASW,CE,Federal Contract Tower,18,7,16,8,49,0,0,0,0,0,18,7,16,8,49,0,0,0,49
03/29/2023,MFE,TX,ASW,CE,Federal Contract Tower,18,6,30,44,98,0,0,72,0,72,18,6,102,44,170,134,0,134,304
03/30/2023,MFE,TX,ASW,CE,Federal Contract Tower,21,13,35,17,86,0,0,58,0,58,21,13,93,17,144,60,0,60,204
03/31/2023,MFE,TX,ASW,CE,Federal Contract Tower,22,2,18,20,62,0,0,62,6,68,22,2,80,26,130,74,0,74,204
04/01/2023,MFE,TX,ASW,CE,Federal Contract Tower,19,1,21,0,41,0,0,53,8,61,19,1,74,8,102,44,0,44,146
04/02/2023,MFE,TX,ASW,CE,Federal Contract Tower,18,4,27,8,57,0,0,50,8,58,18,4,77,16,115,22,0,22,137
04/03/2023,MFE,TX,ASW,CE,Federal Contract Tower,17,8,28,0,53,0,0,76,0,76,17,8,104,0,129,96,0,96,225
04/04/2023,MFE,TX,ASW,CE,Federal Contract Tower,17,3,28,73,121,0,0,44,1,45,17,3,72,74,166,70,6,76,242
04/05/2023,MFE,TX,ASW,CE,Federal Contract Tower,12,5,41,18,76,0,0,62,0,62,12,5,103,18,138,126,0,126,264
04/06/2023,MFE,TX,ASW,CE,Federal Contract Tower,21,4,29,0,54,0,0,11,0,11,21,4,40,0,65,10,0,10,75
04/07/2023,MFE,TX,ASW,CE,Federal Contract Tower,28,2,17,0,47,0,0,1,0,1,28,2,18,0,48,0,0,0,48
04/08/2023,MFE,TX,ASW,CE,Federal Contract Tower,20,0,17,0,37,0,0,28,0,28,20,0,45,0,65,84,0,84,149
04/09/2023,MFE,TX,ASW,CE,Federal Contract Tower,21,1,23,9,54,0,0,35,7,42,21,1,58,16,96,56,12,68,164
04/10/2023,MFE,TX,ASW,CE,Federal Contract Tower,23,3,34,17,77,0,0,45,0,45,23,3,79,17,122,44,0,44,166
04/11/2023,MFE,TX,ASW,CE,Federal Contract Tower,22,6,32,40,100,0,0,78,0,78,22,6,110,40,178,52,0,52,230
04/12/2023,MFE,TX,ASW,CE,Federal Contract Tower,24,7,36,17,84,0,1,96,0,97,24,8,132,17,181,176,0,176,357
04/13/2023,MFE,TX,ASW,CE,Federal Contract Tower,26,3,46,44,119,0,0,90,4,94,26,3,136,48,213,108,0,108,321
04/14/2023,MFE,TX,ASW,CE,Federal Contract Tower,25,0,30,20,75,0,0,63,6,69,25,0,93,26,144,168,0,168,312
04/15/2023,MFE,TX,ASW,CE,Federal Contract Tower,21,2,16,0,39,0,0,69,4,73,21,2,85,4,112,116,0,116,228
04/16/2023,MFE,TX,ASW,CE,Federal Contract Tower,26,3,25,9,63,0,0,55,6,61,26,3,80,15,124,16,0,16,140
04/17/2023,MFE,TX,ASW,CE,Federal Contract Tower,27,3,42,38,110,0,0,66,4,70,27,3,108,42,180,74,0,74,254
04/18/2023,MFE,TX,ASW,CE,Federal Contract Tower,22,3,22,10,57,0,0,49,0,49,22,3,71,10,106,58,0,58,164
04/19/2023,MFE,TX,ASW,CE,Federal Contract Tower,23,3,33,16,75,0,0,44,7,51,23,3,77,23,126,76,0,76,202
04/20/2023,MFE,TX,ASW,CE,Federal Contract Tower,21,1,58,40,120,0,0,63,5,68,21,1,121,45,188,88,40,128,316
04/21/2023,MFE,TX,ASW,CE,Federal Contract Tower,23,2,32,8,65,0,0,70,6,76,23,2,102,14,141,148,4,152,293
04/22/2023,MFE,TX,ASW,CE,Federal Contract Tower,20,0,13,12,45,0,0,68,6,74,20,0,81,18,119,180,0,180,299
04/23/2023,MFE,TX,ASW,CE,Federal Contract Tower,25,0,7,0,32,0,0,14,4,18,25,0,21,4,50,30,0,30,80
04/24/2023,MFE,TX,ASW,CE,Federal Contract Tower,26,4,34,36,100,0,0,40,0,40,26,4,74,36,140,40,0,40,180
04/25/2023,MFE,TX,ASW,CE,Federal Contract Tower,24,6,41,34,105,0,0,50,0,50,24,6,91,34,155,106,0,106,261
04/26/2023,MFE,TX,ASW,CE,Federal Contract Tower,20,5,33,23,81,0,0,80,0,80,20,5,113,23,161,162,0,162,323
04/27/2023,MFE,TX,ASW,CE,Federal Contract Tower,33,7,40,8,88,0,0,39,5,44,33,7,79,13,132,24,0,24,156
04/28/2023,MFE,TX,ASW,CE,Federal Contract Tower,28,6,35,13,82,0,0,74,7,81,28,6,109,20,163,96,0,96,259
04/29/2023,MFE,TX,ASW,CE,Federal Contract Tower,21,0,16,0,37,0,0,33,6,39,21,0,49,6,76,8,0,8,84
04/30/2023,MFE,TX,ASW,CE,Federal Contract Tower,27,0,14,4,45,0,0,85,6,91,27,0,99,10,136,18,0,18,154
05/01/2023,MFE,TX,ASW,CE,Federal Contract Tower,30,1,32,0,63,0,0,67,0,67,30,1,99,0,130,4,0,4,134
05/02/2023,MFE,TX,ASW,CE,Federal Contract Tower,20,4,30,10,64,0,0,73,0,73,20,4,103,10,137,2,0,2,139
05/03/2023,MFE,TX,ASW,CE,Federal Contract Tower,22,13,45,11,91,0,0,67,4,71,22,13,112,15,162,104,0,104,266
05/04/2023,MFE,TX,ASW,CE,Federal Contract Tower,22,7,32,1,62,0,0,61,2,63,22,7,93,3,125,182,0,182,307
05/05/2023,MFE,TX,ASW,CE,Federal Contract Tower,26,5,37,1,69,0,0,45,4,49,26,5,82,5,118,88,0,88,206
05/06/2023,MFE,TX,ASW,CE,Federal Contract Tower,21,0,12,0,33,0,0,53,6,59,21,0,65,6,92,68,0,68,160
05/07/2023,MFE,TX,ASW,CE,Federal Contract Tower,20,1,22,2,45,0,0,44,2,46,20,1,66,4,91,58,0,58,149
05/08/2023,MFE,TX,ASW,CE,Federal Contract Tower,18,3,21,22,64,0,0,58,0,58,18,3,79,22,122,106,0,106,228
05/09/2023,MFE,TX,ASW,CE,Federal Contract Tower,17,4,32,42,95,0,0,67,4,71,17,4,99,46,166,112,0,112,278
05/10/2023,MFE,TX,ASW,CE,Federal Contract Tower,25,5,35,24,89,0,0,78,0,78,25,5,113,24,167,112,0,112,279
05/11/2023,MFE,TX,ASW,CE,Federal Contract Tower,21,9,48,14,92,0,0,64,5,69,21,9,112,19,161,80,0,80,241
05/12/2023,MFE,TX,ASW,CE,Federal Contract Tower,23,1,34,8,66,0,0,79,4,83,23,1,113,12,149,78,0,78,227
05/13/2023,MFE,TX,ASW,CE,Federal Contract Tower,17,0,8,0,25,0,0,13,6,19,17,0,21,6,44,0,0,0,44
05/14/2023,MFE,TX,ASW,CE,Federal Contract Tower,23,0,18,8,49,0,0,33,6,39,23,0,51,14,88,2,0,2,90
05/15/2023,MFE,TX,ASW,CE,Federal Contract Tower,25,7,36,22,90,0,0,70,2,72,25,7,106,24,162,44,0,44,206
05/16/2023,MFE,TX,ASW,CE,Federal Contract Tower,23,14,28,16,81,0,0,58,0,58,23,14,86,16,139,98,0,98,237
05/17/2023,MFE,TX,ASW,CE,Federal Contract Tower,22,14,23,0,59,0,0,89,2,91,22,14,112,2,150,78,0,78,228
05/18/2023,MFE,TX,ASW,CE,Federal Contract Tower,30,17,34,33,114,0,0,104,4,108,30,17,138,37,222,118,0,118,340
05/19/2023,MFE,TX,ASW,CE,Federal Contract Tower,17,7,33,24,81,0,0,93,6,99,17,7,126,30,180,178,0,178,358
05/20/2023,MFE,TX,ASW,CE,Federal Contract Tower,20,2,16,0,38,0,0,57,4,61,20,2,73,4,99,68,0,68,167
05/21/2023,MFE,TX,ASW,CE,Federal Contract Tower,27,1,13,8,49,0,0,68,6,74,27,1,81,14,123,84,0,84,207
05/22/2023,MFE,TX,ASW,CE,Federal Contract Tower,26,6,23,23,78,0,0,61,1,62,26,6,84,24,140,80,0,80,220
05/23/2023,MFE,TX,ASW,CE,Federal Contract Tower,21,8,25,27,81,0,0,72,4,76,21,8,97,31,157,160,0,160,317
05/24/2023,MFE,TX,ASW,CE,Federal Contract Tower,26,9,36,14,85,0,0,75,8,83,26,9,111,22,168,132,12,144,312
05/25/2023,MFE,TX,ASW,CE,Federal Contract Tower,19,5,34,20,78,0,0,100,5,105,19,5,134,25,183,120,0,120,303
05/26/2023,MFE,TX,ASW,CE,Federal Contract Tower,23,4,30,4,61,0,0,85,4,89,23,4,115,8,150,110,0,110,260
05/27/2023,MFE,TX,ASW,CE,Federal Contract Tower,20,1,18,0,39,0,0,69,6,75,20,1,87,6,114,110,0,110,224
05/28/2023,MFE,TX,ASW,CE,Federal Contract Tower,20,2,31,0,53,0,0,30,8,38,20,2,61,8,91,18,0,18,109
05/29/2023,MFE,TX,ASW,CE,Federal Contract Tower,21,4,21,0,46,0,0,37,0,37,21,4,58,0,83,62,0,62,145
05/30/2023,MFE,TX,ASW,CE,Federal Contract Tower,22,11,43,18,94,0,0,98,2,100,22,11,141,20,194,184,0,184,378
05/31/2023,MFE,TX,ASW,CE,Federal Contract Tower,22,5,22,30,79,0,0,122,6,128,22,5,144,36,207,178,0,178,385
06/01/2023,MFE,TX,ASW,CE,Federal Contract Tower,25,6,26,4,61,0,0,93,6,99,25,6,119,10,160,160,0,160,320
06/02/2023,MFE,TX,ASW,CE,Federal Contract Tower,24,5,21,20,70,0,0,72,6,78,24,5,93,26,148,60,0,60,208
06/03/2023,MFE,TX,ASW,CE,Federal Contract Tower,20,1,7,20,48,0,0,59,4,63,20,1,66,24,111,68,0,68,179
06/04/2023,MFE,TX,ASW,CE,Federal Contract Tower,23,4,18,9,54,0,0,38,5,43,23,4,56,14,97,98,0,98,195
06/05/2023,MFE,TX,ASW,CE,Federal Contract Tower,20,9,35,8,72,0,0,42,0,42,20,9,77,8,114,40,0,40,154
06/06/2023,MFE,TX,ASW,CE,Federal Contract Tower,19,11,26,25,81,0,0,86,0,86,19,11,112,25,167,86,0,86,253
06/07/2023,MFE,TX,ASW,CE,Federal Contract Tower,20,5,14,51,90,0,0,101,9,110,20,5,115,60,200,64,16,80,280
06/08/2023,MFE,TX,ASW,CE,Federal Contract Tower,24,13,31,27,95,0,0,86,6,92,24,13,117,33,187,130,28,158,345
06/09/2023,MFE,TX,ASW,CE,Federal Contract Tower,25,4,27,22,78,0,0,81,6,87,25,4,108,28,165,110,4,114,279
06/10/2023,MFE,TX,ASW,CE,Federal Contract Tower,25,0,15,4,44,0,0,43,8,51,25,0,58,12,95,38,0,38,133
06/11/2023,MFE,TX,ASW,CE,Federal Contract Tower,20,6,20,0,46,0,0,40,8,48,20,6,60,8,94,78,0,78,172
06/12/2023,MFE,TX,ASW,CE,Federal Contract Tower,27,6,32,29,94,0,0,51,0,51,27,6,83,29,145,48,0,48,193
06/13/2023,MFE,TX,ASW,CE,Federal Contract Tower,22,6,35,56,119,0,0,49,0,49,22,6,84,56,168,10,0,10,178
06/14/2023,MFE,TX,ASW,CE,Federal Contract Tower,22,8,34,30,94,0,0,79,1,80,22,8,113,31,174,52,0,52,226
06/15/2023,MFE,TX,ASW,CE,Federal Contract Tower,24,7,36,24,91,0,0,75,0,75,24,7,111,24,166,0,0,0,166
06/16/2023,MFE,TX,ASW,CE,Federal Contract Tower,27,7,33,16,83,0,0,66,0,66,27,7,99,16,149,124,0,124,273
06/17/2023,MFE,TX,ASW,CE,Federal Contract Tower,24,6,11,6,47,0,0,50,9,59,24,6,61,15,106,88,6,94,200
06/18/2023,MFE,TX,ASW,CE,Federal Contract Tower,33,4,15,0,52,0,0,33,7,40,33,4,48,7,92,16,0,16,108
06/19/2023,MFE,TX,ASW,CE,Federal Contract Tower,23,10,46,0,79,0,0,52,0,52,23,10,98,0,131,90,0,90,221
06/20/2023,MFE,TX,ASW,CE,Federal Contract Tower,24,7,20,36,87,0,0,61,2,63,24,7,81,38,150,104,0,104,254
06/21/2023,MFE,TX,ASW,CE,Federal Contract Tower,19,7,34,17,77,0,0,78,0,78,19,7,112,17,155,144,0,144,299
06/22/2023,MFE,TX,ASW,CE,Federal Contract Tower,25,8,36,16,85,0,0,101,2,103,25,8,137,18,188,106,0,106,294
06/23/2023,MFE,TX,ASW,CE,Federal Contract Tower,24,8,26,4,62,0,0,66,6,72,24,8,92,10,134,104,0,104,238
06/24/2023,MFE,TX,ASW,CE,Federal Contract Tower,20,3,16,9,48,0,0,62,7,69,20,3,78,16,117,74,0,74,191
06/25/2023,MFE,TX,ASW,CE,Federal Contract Tower,24,0,17,2,43,0,0,43,8,51,24,0,60,10,94,86,0,86,180
06/26/2023,MFE,TX,ASW,CE,Federal Contract Tower,27,8,26,2,63,0,0,62,0,62,27,8,88,2,125,64,0,64,189
06/27/2023,MFE,TX,ASW,CE,Federal Contract Tower,24,5,25,4,58,0,0,82,0,82,24,5,107,4,140,116,0,116,256
06/28/2023,MFE,TX,ASW,CE,Federal Contract Tower,20,8,17,0,45,0,0,75,0,75,20,8,92,0,120,40,0,40,160
06/29/2023,MFE,TX,ASW,CE,Federal Contract Tower,23,10,31,14,78,0,0,72,4,76,23,10,103,18,154,62,0,62,216
06/30/2023,MFE,TX,ASW,CE,Federal Contract Tower,22,7,28,6,63,0,0,69,6,75,22,7,97,12,138,84,0,84,222
07/01/2023,MFE,TX,ASW,CE,Federal Contract Tower,20,5,11,1,37,0,0,65,6,71,20,5,76,7,108,38,0,38,146
07/02/2023,MFE,TX,ASW,CE,Federal Contract Tower,22,5,14,0,41,0,0,38,0,38,22,5,52,0,79,69,0,69,148
07/03/2023,MFE,TX,ASW,CE,Federal Contract Tower,22,4,11,0,37,0,0,50,0,50,22,4,61,0,87,42,0,42,129
07/04/2023,MFE,TX,ASW,CE,Federal Contract Tower,20,2,17,0,39,0,0,49,0,49,20,2,66,0,88,66,0,66,154
07/05/2023,MFE,TX,ASW,CE,Federal Contract Tower,22,7,24,10,63,0,0,68,8,76,22,7,92,18,139,102,0,102,241
07/06/2023,MFE,TX,ASW,CE,Federal Contract Tower,21,12,33,2,68,0,0,28,0,28,21,12,61,2,96,20,0,20,116
07/07/2023,MFE,TX,ASW,CE,Federal Contract Tower,27,7,24,4,62,0,0,60,2,62,27,7,84,6,124,110,0,110,234
07/08/2023,MFE,TX,ASW,CE,Federal Contract Tower,20,6,22,4,52,0,45,2,0,47,20,51,24,4,99,102,0,102,201
07/09/2023,MFE,TX,ASW,CE,Federal Contract Tower,26,1,24,0,51,0,0,52,11,63,26,1,76,11,114,36,0,36,150
07/10/2023,MFE,TX,ASW,CE,Federal Contract Tower,26,10,18,20,74,0,0,66,1,67,26,10,84,21,141,144,12,156,297
07/11/2023,MFE,TX,ASW,CE,Federal Contract Tower,22,14,26,39,101,0,0,76,0,76,22,14,102,39,177,134,0,134,311
07/12/2023,MFE,TX,ASW,CE,Federal Contract Tower,23,8,20,33,84,0,0,66,3,69,23,8,86,36,153,60,0,60,213
07/13/2023,MFE,TX,ASW,CE,Federal Contract Tower,25,9,42,20,96,0,0,88,2,90,25,9,130,22,186,126,0,126,312
07/14/2023,MFE,TX,ASW,CE,Federal Contract Tower,21,7,16,6,50,0,0,68,2,70,21,7,84,8,120,118,0,118,238
07/15/2023,MFE,TX,ASW,CE,Federal Contract Tower,22,4,10,4,40,0,0,55,2,57,22,4,65,6,97,28,0,28,125
07/16/2023,MFE,TX,ASW,CE,Federal Contract Tower,25,6,19,2,52,0,0,48,2,50,25,6,67,4,102,28,0,28,130
07/17/2023,MFE,TX,ASW,CE,Federal Contract Tower,24,5,27,24,80,0,0,68,0,68,24,5,95,24,148,42,0,42,190
07/18/2023,MFE,TX,ASW,CE,Federal Contract Tower,26,13,24,34,97,0,0,43,6,49,26,13,67,40,146,78,0,78,224
07/19/2023,MFE,TX,ASW,CE,Federal Contract Tower,24,9,38,12,83,0,0,61,3,64,24,9,99,15,147,56,0,56,203
07/20/2023,MFE,TX,ASW,CE,Federal Contract Tower,21,13,44,8,86,0,0,83,2,85,21,13,127,10,171,48,0,48,219
07/21/2023,MFE,TX,ASW,CE,Federal Contract Tower,20,12,32,10,74,0,0,94,2,96,20,12,126,12,170,96,0,96,266
07/22/2023,MFE,TX,ASW,CE,Federal Contract Tower,20,7,15,2,44,0,0,50,0,50,20,7,65,2,94,22,0,22,116
07/23/2023,MFE,TX,ASW,CE,Federal Contract Tower,18,3,29,14,64,0,0,32,1,33,18,3,61,15,97,6,8,14,111
07/24/2023,MFE,TX,ASW,CE,Federal Contract Tower,29,2,25,8,64,0,0,40,2,42,29,2,65,10,106,86,0,86,192
07/25/2023,MFE,TX,ASW,CE,Federal Contract Tower,23,5,19,38,85,0,0,63,0,63,23,5,82,38,148,52,8,60,208
07/26/2023,MFE,TX,ASW,CE,Federal Contract Tower,31,8,26,32,97,0,0,68,2,70,31,8,94,34,167,58,0,58,225
07/27/2023,MFE,TX,ASW,CE,Federal Contract Tower,21,11,35,15,82,0,0,70,2,72,21,11,105,17,154,80,0,80,234
07/28/2023,MFE,TX,ASW,CE,Federal Contract Tower,19,9,15,6,49,0,0,57,2,59,19,9,72,8,108,98,0,98,206
07/29/2023,MFE,TX,ASW,CE,Federal Contract Tower,17,8,14,10,49,0,0,67,2,69,17,8,81,12,118,84,0,84,202
07/30/2023,MFE,TX,ASW,CE,Federal Contract Tower,25,3,20,10,58,0,0,51,0,51,25,3,71,10,109,30,0,30,139
07/31/2023,MFE,TX,ASW,CE,Federal Contract Tower,29,11,22,20,82,0,0,64,0,64,29,11,86,20,146,40,0,40,186
08/01/2023,MFE,TX,ASW,CE,Federal Contract Tower,28,12,20,33,93,0,0,53,3,56,28,12,73,36,149,66,0,66,215
08/02/2023,MFE,TX,ASW,CE,Federal Contract Tower,25,7,24,24,80,0,0,71,2,73,25,7,95,26,153,84,14,98,251
08/03/2023,MFE,TX,ASW,CE,Federal Contract Tower,28,4,28,20,80,0,0,76,2,78,28,4,104,22,158,62,0,62,220
08/04/2023,MFE,TX,ASW,CE,Federal Contract Tower,25,5,23,17,70,0,0,58,4,62,25,5,81,21,132,62,22,84,216
08/05/2023,MFE,TX,ASW,CE,Federal Contract Tower,18,4,16,5,43,0,0,47,1,48,18,4,63,6,91,32,24,56,147
08/06/2023,MFE,TX,ASW,CE,Federal Contract Tower,22,5,19,5,51,0,0,34,3,37,22,5,53,8,88,36,22,58,146
08/07/2023,MFE,TX,ASW,CE,Federal Contract Tower,24,4,30,26,84,0,0,47,0,47,24,4,77,26,131,66,0,66,197
08/08/2023,MFE,TX,ASW,CE,Federal Contract Tower,27,5,22,28,82,0,0,53,1,54,27,5,75,29,136,18,2,20,156
08/09/2023,MFE,TX,ASW,CE,Federal Contract Tower,17,11,40,16,84,0,0,72,0,72,17,11,112,16,156,62,0,62,218
08/10/2023,MFE,TX,ASW,CE,Federal Contract Tower,23,5,31,30,89,0,1,56,3,60,23,6,87,33,149,30,0,30,179
08/11/2023,MFE,TX,ASW,CE,Federal Contract Tower,25,9,26,25,85,0,0,64,2,66,25,9,90,27,151,110,0,110,261
08/12/2023,MFE,TX,ASW,CE,Federal Contract Tower,21,3,9,12,45,0,0,48,3,51,21,3,57,15,96,74,0,74,170
08/13/2023,MFE,TX,ASW,CE,Federal Contract Tower,23,2,15,12,52,0,0,33,2,35,23,2,48,14,87,90,0,90,177
08/14/2023,MFE,TX,ASW,CE,Federal Contract Tower,26,6,27,20,79,0,0,44,2,46,26,6,71,22,125,26,0,26,151
08/15/2023,MFE,TX,ASW,CE,Federal Contract Tower,24,8,19,8,59,0,0,53,0,53,24,8,72,8,112,54,0,54,166
08/16/2023,MFE,TX,ASW,CE,Federal Contract Tower,21,3,24,18,66,0,0,85,2,87,21,3,109,20,153,58,0,58,211
08/17/2023,MFE,TX,ASW,CE,Federal Contract Tower,22,4,35,18,79,0,0,83,4,87,22,4,118,22,166,128,0,128,294
08/18/2023,MFE,TX,ASW,CE,Federal Contract Tower,26,4,28,10,68,0,0,60,0,60,26,4,88,10,128,32,0,32,160
08/19/2023,MFE,TX,ASW,CE,Federal Contract Tower,22,4,19,0,45,0,0,59,1,60,22,4,78,1,105,50,0,50,155
08/20/2023,MFE,TX,ASW,CE,Federal Contract Tower,19,3,18,8,48,0,0,44,0,44,19,3,62,8,92,18,0,18,110
08/21/2023,MFE,TX,ASW,CE,Federal Contract Tower,24,8,29,1,62,0,0,33,0,33,24,8,62,1,95,64,0,64,159
08/22/2023,MFE,TX,ASW,CE,Federal Contract Tower,20,5,6,2,33,0,0,9,0,9,20,5,15,2,42,12,0,12,54
08/23/2023,MFE,TX,ASW,CE,Federal Contract Tower,22,6,26,14,68,0,0,43,0,43,22,6,69,14,111,52,0,52,163
08/24/2023,MFE,TX,ASW,CE,Federal Contract Tower,21,4,54,12,91,0,0,78,2,80,21,4,132,14,171,84,0,84,255
08/25/2023,MFE,TX,ASW,CE,Federal Contract Tower,26,7,26,23,82,0,0,71,1,72,26,7,97,24,154,108,0,108,262
08/26/2023,MFE,TX,ASW,CE,Federal Contract Tower,18,4,20,4,46,0,0,50,2,52,18,4,70,6,98,66,0,66,164
08/27/2023,MFE,TX,ASW,CE,Federal Contract Tower,17,2,18,4,41,0,0,54,0,54,17,2,72,4,95,46,0,46,141
08/28/2023,MFE,TX,ASW,CE,Federal Contract Tower,24,9,21,25,79,0,0,75,0,75,24,9,96,25,154,40,0,40,194
08/29/2023,MFE,TX,ASW,CE,Federal Contract Tower,25,5,22,2,54,0,0,52,0,52,25,5,74,2,106,34,0,34,140
08/30/2023,MFE,TX,ASW,CE,Federal Contract Tower,19,7,35,50,111,0,0,104,4,108,19,7,139,54,219,78,8,86,305
08/31/2023,MFE,TX,ASW,CE,Federal Contract Tower,22,7,33,20,82,0,0,82,3,85,22,7,115,23,167,86,0,86,253
