01/01/2020,MFR,OR,ANM,WE,Federal Contract Tower,25,10,4,0,39,0,0,10,0,10,25,10,14,0,49,0,0,0,49
01/02/2020,MFR,OR,ANM,WE,Federal Contract Tower,33,30,14,0,77,0,1,32,0,33,33,31,46,0,110,36,0,36,146
01/03/2020,MFR,OR,ANM,WE,Federal Contract Tower,29,27,13,2,71,0,3,14,0,17,29,30,27,2,88,2,0,2,90
01/04/2020,MFR,OR,ANM,WE,Federal Contract Tower,30,14,8,3,55,0,1,17,2,20,30,15,25,5,75,50,12,62,137
01/05/2020,MFR,OR,ANM,WE,Federal Contract Tower,33,10,6,0,49,0,2,0,4,6,33,12,6,4,55,0,0,0,55
01/06/2020,MFR,OR,ANM,WE,Federal Contract Tower,31,21,12,10,74,0,1,36,0,37,31,22,48,10,111,36,0,36,147
01/07/2020,MFR,OR,ANM,WE,Federal Contract Tower,20,36,44,0,100,0,0,1,1,2,20,36,45,1,102,0,0,0,102
01/08/2020,MFR,OR,ANM,WE,Federal Contract Tower,27,29,11,0,67,0,0,8,0,8,27,29,19,0,75,34,0,34,109
01/09/2020,MFR,OR,ANM,WE,Federal Contract Tower,26,34,6,0,66,0,0,11,0,11,26,34,17,0,77,24,0,24,101
01/10/2020,MFR,OR,ANM,WE,Federal Contract Tower,22,25,12,6,65,0,0,22,0,22,22,25,34,6,87,44,10,54,141
01/11/2020,MFR,OR,ANM,WE,Federal Contract Tower,18,21,11,0,50,0,1,5,0,6,18,22,16,0,56,20,0,20,76
01/12/2020,MFR,OR,ANM,WE,Federal Contract Tower,31,8,9,0,48,0,0,0,0,0,31,8,9,0,48,0,0,0,48
01/13/2020,MFR,OR,ANM,WE,Federal Contract Tower,20,24,7,0,51,0,1,0,0,1,20,25,7,0,52,0,0,0,52
01/14/2020,MFR,OR,ANM,WE,Federal Contract Tower,23,37,10,2,72,0,0,0,0,0,23,37,10,2,72,0,0,0,72
01/15/2020,MFR,OR,ANM,WE,Federal Contract Tower,22,27,8,0,57,0,0,6,0,6,22,27,14,0,63,6,0,6,69
01/16/2020,MFR,OR,ANM,WE,Federal Contract Tower,26,30,11,0,67,0,0,0,0,0,26,30,11,0,67,0,0,0,67
01/17/2020,MFR,OR,ANM,WE,Federal Contract Tower,22,28,14,0,64,0,1,8,0,9,22,29,22,0,73,0,0,0,73
01/18/2020,MFR,OR,ANM,WE,Federal Contract Tower,22,16,5,0,43,0,0,19,0,19,22,16,24,0,62,40,0,40,102
01/19/2020,MFR,OR,ANM,WE,Federal Contract Tower,27,10,13,0,50,0,0,19,0,19,27,10,32,0,69,14,0,14,83
01/20/2020,MFR,OR,ANM,WE,Federal Contract Tower,26,26,11,0,63,0,4,31,0,35,26,30,42,0,98,62,0,62,160
01/21/2020,MFR,OR,ANM,WE,Federal Contract Tower,23,22,18,0,63,0,1,7,0,8,23,23,25,0,71,16,0,16,87
01/22/2020,MFR,OR,ANM,WE,Federal Contract Tower,24,25,21,0,70,0,0,4,0,4,24,25,25,0,74,28,0,28,102
01/23/2020,MFR,OR,ANM,WE,Federal Contract Tower,28,31,12,0,71,0,0,4,0,4,28,31,16,0,75,24,0,24,99
01/24/2020,MFR,OR,ANM,WE,Federal Contract Tower,24,28,10,5,67,0,1,19,0,20,24,29,29,5,87,52,0,52,139
01/25/2020,MFR,OR,ANM,WE,Federal Contract Tower,22,21,12,0,55,0,0,0,0,0,22,21,12,0,55,0,0,0,55
01/26/2020,MFR,OR,ANM,WE,Federal Contract Tower,31,9,7,0,47,0,0,24,0,24,31,9,31,0,71,30,0,30,101
01/27/2020,MFR,OR,ANM,WE,Federal Contract Tower,25,24,25,2,76,0,2,8,0,10,25,26,33,2,86,32,0,32,118
01/28/2020,MFR,OR,ANM,WE,Federal Contract Tower,24,24,7,0,55,0,0,20,0,20,24,24,27,0,75,34,0,34,109
01/29/2020,MFR,OR,ANM,WE,Federal Contract Tower,23,25,20,7,75,0,1,21,0,22,23,26,41,7,97,10,0,10,107
01/30/2020,MFR,OR,ANM,WE,Federal Contract Tower,27,29,23,8,87,0,0,1,0,1,27,29,24,8,88,0,0,0,88
01/31/2020,MFR,OR,ANM,WE,Federal Contract Tower,22,31,14,0,67,0,0,10,0,10,22,31,24,0,77,4,0,4,81
02/01/2020,MFR,OR,ANM,WE,Federal Contract Tower,21,16,6,0,43,0,0,6,0,6,21,16,12,0,49,18,0,18,67
02/02/2020,MFR,OR,ANM,WE,Federal Contract Tower,27,16,3,0,46,0,0,4,0,4,27,16,7,0,50,22,0,22,72
02/03/2020,MFR,OR,ANM,WE,Federal Contract Tower,23,28,8,3,62,0,0,6,0,6,23,28,14,3,68,0,0,0,68
02/04/2020,MFR,OR,ANM,WE,Federal Contract Tower,23,28,18,1,70,0,5,27,2,34,23,33,45,3,104,10,0,10,114
02/05/2020,MFR,OR,ANM,WE,Federal Contract Tower,26,28,7,0,61,0,0,15,0,15,26,28,22,0,76,14,0,14,90
02/06/2020,MFR,OR,ANM,WE,Federal Contract Tower,28,24,22,0,74,0,0,1,0,1,28,24,23,0,75,0,0,0,75
02/07/2020,MFR,OR,ANM,WE,Federal Contract Tower,23,25,13,0,61,0,1,21,0,22,23,26,34,0,83,16,0,16,99
02/08/2020,MFR,OR,ANM,WE,Federal Contract Tower,24,15,3,2,44,0,1,4,0,5,24,16,7,2,49,2,0,2,51
02/09/2020,MFR,OR,ANM,WE,Federal Contract Tower,29,18,21,0,68,0,4,60,0,64,29,22,81,0,132,2,0,2,134
02/10/2020,MFR,OR,ANM,WE,Federal Contract Tower,22,25,13,0,60,0,1,41,0,42,22,26,54,0,102,38,0,38,140
02/11/2020,MFR,OR,ANM,WE,Federal Contract Tower,24,30,6,18,78,0,0,47,6,53,24,30,53,24,131,34,0,34,165
02/12/2020,MFR,OR,ANM,WE,Federal Contract Tower,24,24,8,4,60,0,1,47,0,48,24,25,55,4,108,40,0,40,148
02/13/2020,MFR,OR,ANM,WE,Federal Contract Tower,26,27,12,2,67,0,1,36,0,37,26,28,48,2,104,26,0,26,130
02/14/2020,MFR,OR,ANM,WE,Federal Contract Tower,33,20,11,0,64,0,3,32,0,35,33,23,43,0,99,42,0,42,141
02/15/2020,MFR,OR,ANM,WE,Federal Contract Tower,19,17,7,0,43,0,1,14,0,15,19,18,21,0,58,2,0,2,60
02/16/2020,MFR,OR,ANM,WE,Federal Contract Tower,25,13,7,0,45,0,0,7,0,7,25,13,14,0,52,10,0,10,62
02/17/2020,MFR,OR,ANM,WE,Federal Contract Tower,27,20,22,0,69,0,1,43,0,44,27,21,65,0,113,16,0,16,129
02/18/2020,MFR,OR,ANM,WE,Federal Contract Tower,23,25,12,0,60,0,4,48,0,52,23,29,60,0,112,26,0,26,138
02/19/2020,MFR,OR,ANM,WE,Federal Contract Tower,26,21,11,7,65,0,5,44,3,52,26,26,55,10,117,36,28,64,181
02/20/2020,MFR,OR,ANM,WE,Federal Contract Tower,24,26,14,0,64,0,6,50,0,56,24,32,64,0,120,18,0,18,138
02/21/2020,MFR,OR,ANM,WE,Federal Contract Tower,27,20,19,0,66,0,5,43,0,48,27,25,62,0,114,26,0,26,140
02/22/2020,MFR,OR,ANM,WE,Federal Contract Tower,20,21,11,4,56,0,3,34,0,37,20,24,45,4,93,20,0,20,113
02/23/2020,MFR,OR,ANM,WE,Federal Contract Tower,24,14,19,0,57,0,0,19,0,19,24,14,38,0,76,18,0,18,94
02/24/2020,MFR,OR,ANM,WE,Federal Contract Tower,25,18,17,0,60,0,0,44,0,44,25,18,61,0,104,46,0,46,150
02/25/2020,MFR,OR,ANM,WE,Federal Contract Tower,24,27,16,1,68,0,2,43,0,45,24,29,59,1,113,68,0,68,181
02/26/2020,MFR,OR,ANM,WE,Federal Contract Tower,31,24,8,1,64,0,5,53,4,62,31,29,61,5,126,18,0,18,144
02/27/2020,MFR,OR,ANM,WE,Federal Contract Tower,24,25,7,0,56,0,3,50,2,55,24,28,57,2,111,42,0,42,153
02/28/2020,MFR,OR,ANM,WE,Federal Contract Tower,32,26,22,0,80,0,2,51,2,55,32,28,73,2,135,16,0,16,151
02/29/2020,MFR,OR,ANM,WE,Federal Contract Tower,22,24,13,0,59,0,2,11,1,14,22,26,24,1,73,4,0,4,77
03/01/2020,MFR,OR,ANM,WE,Federal Contract Tower,30,16,9,0,55,0,2,33,3,38,30,18,42,3,93,0,0,0,93
03/02/2020,MFR,OR,ANM,WE,Federal Contract Tower,27,20,9,10,66,0,0,17,0,17,27,20,26,10,83,14,10,24,107
03/03/2020,MFR,OR,ANM,WE,Federal Contract Tower,23,29,10,0,62,0,3,42,2,47,23,32,52,2,109,48,4,52,161
03/04/2020,MFR,OR,ANM,WE,Federal Contract Tower,27,25,5,0,57,0,5,35,1,41,27,30,40,1,98,18,0,18,116
03/05/2020,MFR,OR,ANM,WE,Federal Contract Tower,23,27,9,0,59,0,4,50,0,54,23,31,59,0,113,28,0,28,141
03/06/2020,MFR,OR,ANM,WE,Federal Contract Tower,29,23,12,2,66,0,1,15,0,16,29,24,27,2,82,6,0,6,88
03/07/2020,MFR,OR,ANM,WE,Federal Contract Tower,18,21,14,0,53,0,0,4,0,4,18,21,18,0,57,0,0,0,57
03/08/2020,MFR,OR,ANM,WE,Federal Contract Tower,24,12,8,4,48,0,0,6,0,6,24,12,14,4,54,0,0,0,54
03/09/2020,MFR,OR,ANM,WE,Federal Contract Tower,23,25,10,0,58,0,2,23,2,27,23,27,33,2,85,16,0,16,101
03/10/2020,MFR,OR,ANM,WE,Federal Contract Tower,23,27,16,1,67,0,3,69,5,77,23,30,85,6,144,34,0,34,178
03/11/2020,MFR,OR,ANM,WE,Federal Contract Tower,22,22,23,1,68,0,5,41,0,46,22,27,64,1,114,28,0,28,142
03/12/2020,MFR,OR,ANM,WE,Federal Contract Tower,23,24,16,4,67,0,4,69,4,77,23,28,85,8,144,8,0,8,152
03/13/2020,MFR,OR,ANM,WE,Federal Contract Tower,27,23,6,0,56,0,5,25,1,31,27,28,31,1,87,4,0,4,91
03/14/2020,MFR,OR,ANM,WE,Federal Contract Tower,19,18,12,0,49,0,1,1,0,2,19,19,13,0,51,0,0,0,51
03/15/2020,MFR,OR,ANM,WE,Federal Contract Tower,31,12,11,0,54,0,0,11,0,11,31,12,22,0,65,8,0,8,73
03/16/2020,MFR,OR,ANM,WE,Federal Contract Tower,28,24,11,0,63,0,1,15,0,16,28,25,26,0,79,26,0,26,105
03/17/2020,MFR,OR,ANM,WE,Federal Contract Tower,23,31,8,0,62,0,0,4,0,4,23,31,12,0,66,6,0,6,72
03/18/2020,MFR,OR,ANM,WE,Federal Contract Tower,26,28,5,0,59,0,2,25,0,27,26,30,30,0,86,38,0,38,124
03/19/2020,MFR,OR,ANM,WE,Federal Contract Tower,20,25,8,0,53,0,12,43,0,55,20,37,51,0,108,38,0,38,146
03/20/2020,MFR,OR,ANM,WE,Federal Contract Tower,22,22,7,0,51,0,4,37,0,41,22,26,44,0,92,32,0,32,124
03/21/2020,MFR,OR,ANM,WE,Federal Contract Tower,21,13,2,0,36,0,1,41,0,42,21,14,43,0,78,64,0,64,142
03/22/2020,MFR,OR,ANM,WE,Federal Contract Tower,24,7,7,1,39,0,1,59,0,60,24,8,66,1,99,24,6,30,129
03/23/2020,MFR,OR,ANM,WE,Federal Contract Tower,25,20,2,0,47,0,0,7,1,8,25,20,9,1,55,12,0,12,67
03/24/2020,MFR,OR,ANM,WE,Federal Contract Tower,21,22,15,0,58,0,0,5,1,6,21,22,20,1,64,0,0,0,64
03/25/2020,MFR,OR,ANM,WE,Federal Contract Tower,16,18,0,2,36,0,2,7,2,11,16,20,7,4,47,6,28,34,81
03/26/2020,MFR,OR,ANM,WE,Federal Contract Tower,16,18,6,0,40,0,0,18,0,18,16,18,24,0,58,22,0,22,80
03/27/2020,MFR,OR,ANM,WE,Federal Contract Tower,21,17,5,0,43,0,2,4,0,6,21,19,9,0,49,0,0,0,49
03/28/2020,MFR,OR,ANM,WE,Federal Contract Tower,18,13,5,0,36,0,1,6,0,7,18,14,11,0,43,16,0,16,59
03/29/2020,MFR,OR,ANM,WE,Federal Contract Tower,17,6,3,0,26,0,0,4,0,4,17,6,7,0,30,0,0,0,30
03/30/2020,MFR,OR,ANM,WE,Federal Contract Tower,18,17,8,0,43,0,0,1,0,1,18,17,9,0,44,0,0,0,44
03/31/2020,MFR,OR,ANM,WE,Federal Contract Tower,17,18,5,0,40,0,0,2,0,2,17,18,7,0,42,0,0,0,42
04/01/2020,MFR,OR,ANM,WE,Federal Contract Tower,18,14,4,0,36,0,1,10,0,11,18,15,14,0,47,18,0,18,65
04/02/2020,MFR,OR,ANM,WE,Federal Contract Tower,19,14,3,0,36,0,2,24,0,26,19,16,27,0,62,32,0,32,94
04/03/2020,MFR,OR,ANM,WE,Federal Contract Tower,19,14,4,0,37,0,2,25,2,29,19,16,29,2,66,6,4,10,76
04/04/2020,MFR,OR,ANM,WE,Federal Contract Tower,14,14,4,0,32,0,2,0,0,2,14,16,4,0,34,0,0,0,34
04/05/2020,MFR,OR,ANM,WE,Federal Contract Tower,20,4,2,0,26,0,2,0,0,2,20,6,2,0,28,0,0,0,28
04/06/2020,MFR,OR,ANM,WE,Federal Contract Tower,16,13,5,0,34,0,7,9,0,16,16,20,14,0,50,14,0,14,64
04/07/2020,MFR,OR,ANM,WE,Federal Contract Tower,13,14,2,0,29,0,7,30,0,37,13,21,32,0,66,14,0,14,80
04/08/2020,MFR,OR,ANM,WE,Federal Contract Tower,15,16,5,1,37,0,4,50,1,55,15,20,55,2,92,10,0,10,102
04/09/2020,MFR,OR,ANM,WE,Federal Contract Tower,12,18,3,4,37,0,1,47,0,48,12,19,50,4,85,14,0,14,99
04/10/2020,MFR,OR,ANM,WE,Federal Contract Tower,11,14,8,0,33,0,3,49,0,52,11,17,57,0,85,6,0,6,91
04/11/2020,MFR,OR,ANM,WE,Federal Contract Tower,14,7,4,0,25,0,1,30,0,31,14,8,34,0,56,20,0,20,76
04/12/2020,MFR,OR,ANM,WE,Federal Contract Tower,12,1,2,0,15,0,0,25,0,25,12,1,27,0,40,36,0,36,76
04/13/2020,MFR,OR,ANM,WE,Federal Contract Tower,14,11,4,0,29,0,3,48,0,51,14,14,52,0,80,8,0,8,88
04/14/2020,MFR,OR,ANM,WE,Federal Contract Tower,14,13,7,6,40,0,1,33,0,34,14,14,40,6,74,14,14,28,102
04/15/2020,MFR,OR,ANM,WE,Federal Contract Tower,13,9,7,0,29,0,2,31,0,33,13,11,38,0,62,38,0,38,100
04/16/2020,MFR,OR,ANM,WE,Federal Contract Tower,15,9,5,2,31,0,2,25,0,27,15,11,30,2,58,22,16,38,96
04/17/2020,MFR,OR,ANM,WE,Federal Contract Tower,13,8,13,0,34,0,2,58,0,60,13,10,71,0,94,74,0,74,168
04/18/2020,MFR,OR,ANM,WE,Federal Contract Tower,9,9,6,0,24,0,16,10,0,26,9,25,16,0,50,0,0,0,50
04/19/2020,MFR,OR,ANM,WE,Federal Contract Tower,12,3,12,0,27,0,5,40,0,45,12,8,52,0,72,10,0,10,82
04/20/2020,MFR,OR,ANM,WE,Federal Contract Tower,13,13,12,0,38,0,2,26,0,28,13,15,38,0,66,8,0,8,74
04/21/2020,MFR,OR,ANM,WE,Federal Contract Tower,10,14,16,1,41,0,1,14,1,16,10,15,30,2,57,0,20,20,77
04/22/2020,MFR,OR,ANM,WE,Federal Contract Tower,12,17,10,0,39,0,0,2,0,2,12,17,12,0,41,10,0,10,51
04/23/2020,MFR,OR,ANM,WE,Federal Contract Tower,12,14,13,0,39,0,3,25,0,28,12,17,38,0,67,2,0,2,69
04/24/2020,MFR,OR,ANM,WE,Federal Contract Tower,13,10,9,0,32,0,3,12,0,15,13,13,21,0,47,14,0,14,61
04/25/2020,MFR,OR,ANM,WE,Federal Contract Tower,11,5,5,0,21,0,1,21,0,22,11,6,26,0,43,0,0,0,43
04/26/2020,MFR,OR,ANM,WE,Federal Contract Tower,10,1,11,0,22,0,0,42,0,42,10,1,53,0,64,56,0,56,120
04/27/2020,MFR,OR,ANM,WE,Federal Contract Tower,10,7,7,0,24,0,0,12,0,12,10,7,19,0,36,0,0,0,36
04/28/2020,MFR,OR,ANM,WE,Federal Contract Tower,13,5,6,0,24,0,2,64,0,66,13,7,70,0,90,48,0,48,138
04/29/2020,MFR,OR,ANM,WE,Federal Contract Tower,13,14,9,2,38,0,2,25,0,27,13,16,34,2,65,57,0,57,122
04/30/2020,MFR,OR,ANM,WE,Federal Contract Tower,10,10,14,0,34,0,2,9,0,11,10,12,23,0,45,8,0,8,53
05/01/2020,MFR,OR,ANM,WE,Federal Contract Tower,16,10,13,0,39,0,3,52,0,55,16,13,65,0,94,64,0,64,158
05/02/2020,MFR,OR,ANM,WE,Federal Contract Tower,6,8,2,0,16,0,0,1,0,1,6,8,3,0,17,0,0,0,17
05/03/2020,MFR,OR,ANM,WE,Federal Contract Tower,13,1,14,0,28,0,9,17,0,26,13,10,31,0,54,6,0,6,60
05/04/2020,MFR,OR,ANM,WE,Federal Contract Tower,12,12,8,0,32,0,3,34,0,37,12,15,42,0,69,14,0,14,83
05/05/2020,MFR,OR,ANM,WE,Federal Contract Tower,12,13,7,0,32,0,3,38,0,41,12,16,45,0,73,8,0,8,81
05/06/2020,MFR,OR,ANM,WE,Federal Contract Tower,9,16,9,7,41,0,3,30,2,35,9,19,39,9,76,20,14,34,110
05/07/2020,MFR,OR,ANM,WE,Federal Contract Tower,15,17,13,1,46,0,0,53,1,54,15,17,66,2,100,44,0,44,144
05/08/2020,MFR,OR,ANM,WE,Federal Contract Tower,17,15,8,1,41,0,0,50,0,50,17,15,58,1,91,12,6,18,109
05/09/2020,MFR,OR,ANM,WE,Federal Contract Tower,8,15,11,0,34,0,1,74,0,75,8,16,85,0,109,24,0,24,133
05/10/2020,MFR,OR,ANM,WE,Federal Contract Tower,16,1,8,0,25,0,1,35,0,36,16,2,43,0,61,0,0,0,61
05/11/2020,MFR,OR,ANM,WE,Federal Contract Tower,20,10,16,0,46,1,0,11,0,12,21,10,27,0,58,6,0,6,64
05/12/2020,MFR,OR,ANM,WE,Federal Contract Tower,11,16,5,0,32,1,3,12,0,16,12,19,17,0,48,2,0,2,50
05/13/2020,MFR,OR,ANM,WE,Federal Contract Tower,15,15,6,0,36,0,3,14,0,17,15,18,20,0,53,0,0,0,53
05/14/2020,MFR,OR,ANM,WE,Federal Contract Tower,16,15,14,0,45,0,0,3,0,3,16,15,17,0,48,0,0,0,48
05/15/2020,MFR,OR,ANM,WE,Federal Contract Tower,16,12,19,0,47,0,2,52,0,54,16,14,71,0,101,16,0,16,117
05/16/2020,MFR,OR,ANM,WE,Federal Contract Tower,12,8,16,0,36,0,1,29,0,30,12,9,45,0,66,34,0,34,100
05/17/2020,MFR,OR,ANM,WE,Federal Contract Tower,19,3,6,0,28,0,0,0,0,0,19,3,6,0,28,0,0,0,28
05/18/2020,MFR,OR,ANM,WE,Federal Contract Tower,15,9,20,0,44,0,0,2,0,2,15,9,22,0,46,0,0,0,46
05/19/2020,MFR,OR,ANM,WE,Federal Contract Tower,12,14,11,0,37,0,0,10,0,10,12,14,21,0,47,0,0,0,47
05/20/2020,MFR,OR,ANM,WE,Federal Contract Tower,15,13,23,0,51,0,1,23,0,24,15,14,46,0,75,24,0,24,99
05/21/2020,MFR,OR,ANM,WE,Federal Contract Tower,18,14,17,0,49,0,1,16,0,17,18,15,33,0,66,14,0,14,80
05/22/2020,MFR,OR,ANM,WE,Federal Contract Tower,15,9,22,0,46,0,10,17,0,27,15,19,39,0,73,20,0,20,93
05/23/2020,MFR,OR,ANM,WE,Federal Contract Tower,12,6,17,0,35,0,4,54,0,58,12,10,71,0,93,22,0,22,115
05/24/2020,MFR,OR,ANM,WE,Federal Contract Tower,19,5,14,0,38,0,1,51,0,52,19,6,65,0,90,30,0,30,120
05/25/2020,MFR,OR,ANM,WE,Federal Contract Tower,15,5,14,0,34,0,2,43,0,45,15,7,57,0,79,6,0,6,85
05/26/2020,MFR,OR,ANM,WE,Federal Contract Tower,12,11,8,0,31,0,3,29,0,32,12,14,37,0,63,8,0,8,71
05/27/2020,MFR,OR,ANM,WE,Federal Contract Tower,15,16,14,6,51,2,4,35,0,41,17,20,49,6,92,38,0,38,130
05/28/2020,MFR,OR,ANM,WE,Federal Contract Tower,18,15,15,0,48,0,3,45,0,48,18,18,60,0,96,22,0,22,118
05/29/2020,MFR,OR,ANM,WE,Federal Contract Tower,15,12,17,0,44,0,5,54,0,59,15,17,71,0,103,42,0,42,145
05/30/2020,MFR,OR,ANM,WE,Federal Contract Tower,12,5,11,0,28,0,0,1,0,1,12,5,12,0,29,10,0,10,39
05/31/2020,MFR,OR,ANM,WE,Federal Contract Tower,19,6,15,0,40,1,2,12,0,15,20,8,27,0,55,20,0,20,75
06/01/2020,MFR,OR,ANM,WE,Federal Contract Tower,17,13,7,12,49,0,3,37,1,41,17,16,44,13,90,8,26,34,124
06/02/2020,MFR,OR,ANM,WE,Federal Contract Tower,13,10,7,5,35,0,3,23,5,31,13,13,30,10,66,22,0,22,88
06/03/2020,MFR,OR,ANM,WE,Federal Contract Tower,17,11,12,0,40,0,4,49,0,53,17,15,61,0,93,26,0,26,119
06/04/2020,MFR,OR,ANM,WE,Federal Contract Tower,25,12,21,16,74,0,4,40,0,44,25,16,61,16,118,22,6,28,146
06/05/2020,MFR,OR,ANM,WE,Federal Contract Tower,17,12,7,2,38,0,3,43,1,47,17,15,50,3,85,0,0,0,85
06/06/2020,MFR,OR,ANM,WE,Federal Contract Tower,22,4,8,0,34,0,1,2,3,6,22,5,10,3,40,4,0,4,44
06/07/2020,MFR,OR,ANM,WE,Federal Contract Tower,23,5,7,2,37,0,1,10,0,11,23,6,17,2,48,38,0,38,86
06/08/2020,MFR,OR,ANM,WE,Federal Contract Tower,20,10,16,3,49,0,2,55,1,58,20,12,71,4,107,46,0,46,153
06/09/2020,MFR,OR,ANM,WE,Federal Contract Tower,18,14,16,0,48,0,8,50,0,58,18,22,66,0,106,58,0,58,164
06/10/2020,MFR,OR,ANM,WE,Federal Contract Tower,19,13,16,0,48,0,3,35,2,40,19,16,51,2,88,40,0,40,128
06/11/2020,MFR,OR,ANM,WE,Federal Contract Tower,25,15,9,0,49,0,4,37,0,41,25,19,46,0,90,8,0,8,98
06/12/2020,MFR,OR,ANM,WE,Federal Contract Tower,19,12,12,0,43,0,0,6,0,6,19,12,18,0,49,16,0,16,65
06/13/2020,MFR,OR,ANM,WE,Federal Contract Tower,22,5,12,2,41,0,1,20,0,21,22,6,32,2,62,12,0,12,74
06/14/2020,MFR,OR,ANM,WE,Federal Contract Tower,26,4,18,0,48,0,1,32,0,33,26,5,50,0,81,36,0,36,117
06/15/2020,MFR,OR,ANM,WE,Federal Contract Tower,20,10,12,0,42,0,2,7,0,9,20,12,19,0,51,36,0,36,87
06/16/2020,MFR,OR,ANM,WE,Federal Contract Tower,20,15,17,0,52,0,2,13,0,15,20,17,30,0,67,18,0,18,85
06/17/2020,MFR,OR,ANM,WE,Federal Contract Tower,19,16,14,2,51,0,5,65,0,70,19,21,79,2,121,24,2,26,147
06/18/2020,MFR,OR,ANM,WE,Federal Contract Tower,27,15,21,0,63,0,3,63,0,66,27,18,84,0,129,44,0,44,173
06/19/2020,MFR,OR,ANM,WE,Federal Contract Tower,23,11,21,0,55,0,3,70,0,73,23,14,91,0,128,10,0,10,138
06/20/2020,MFR,OR,ANM,WE,Federal Contract Tower,24,4,9,1,38,0,4,45,1,50,24,8,54,2,88,24,0,24,112
06/21/2020,MFR,OR,ANM,WE,Federal Contract Tower,30,2,15,2,49,0,4,40,0,44,30,6,55,2,93,38,0,38,131
06/22/2020,MFR,OR,ANM,WE,Federal Contract Tower,20,17,12,0,49,0,9,54,0,63,20,26,66,0,112,90,0,90,202
06/23/2020,MFR,OR,ANM,WE,Federal Contract Tower,23,14,16,0,53,0,5,47,1,53,23,19,63,1,106,24,0,24,130
06/24/2020,MFR,OR,ANM,WE,Federal Contract Tower,24,13,12,3,52,0,13,42,0,55,24,26,54,3,107,14,0,14,121
06/26/2020,MFR,OR,ANM,WE,Federal Contract Tower,20,11,19,0,50,0,2,54,0,56,20,13,73,0,106,48,0,48,154
06/27/2020,MFR,OR,ANM,WE,Federal Contract Tower,26,3,10,0,39,0,5,46,0,51,26,8,56,0,90,28,0,28,118
06/28/2020,MFR,OR,ANM,WE,Federal Contract Tower,30,1,37,0,68,0,3,32,0,35,30,4,69,0,103,0,0,0,103
06/29/2020,MFR,OR,ANM,WE,Federal Contract Tower,22,10,18,1,51,0,8,40,2,50,22,18,58,3,101,46,0,46,147
06/30/2020,MFR,OR,ANM,WE,Federal Contract Tower,21,16,18,2,57,0,5,48,3,56,21,21,66,5,113,60,4,64,177
07/01/2020,MFR,OR,ANM,WE,Federal Contract Tower,20,19,15,0,54,0,3,48,0,51,20,22,63,0,105,32,0,32,137
07/02/2020,MFR,OR,ANM,WE,Federal Contract Tower,29,18,12,0,59,0,8,60,0,68,29,26,72,0,127,74,0,74,201
07/03/2020,MFR,OR,ANM,WE,Federal Contract Tower,22,17,17,0,56,0,3,59,0,62,22,20,76,0,118,62,0,62,180
07/04/2020,MFR,OR,ANM,WE,Federal Contract Tower,21,3,4,0,28,0,3,37,0,40,21,6,41,0,68,44,0,44,112
07/05/2020,MFR,OR,ANM,WE,Federal Contract Tower,30,5,10,0,45,0,6,34,0,40,30,11,44,0,85,10,0,10,95
07/06/2020,MFR,OR,ANM,WE,Federal Contract Tower,23,12,12,0,47,0,0,52,0,52,23,12,64,0,99,30,0,30,129
07/07/2020,MFR,OR,ANM,WE,Federal Contract Tower,22,20,13,0,55,0,3,43,0,46,22,23,56,0,101,58,6,64,165
07/08/2020,MFR,OR,ANM,WE,Federal Contract Tower,23,14,14,7,58,0,4,50,2,56,23,18,64,9,114,36,16,52,166
07/09/2020,MFR,OR,ANM,WE,Federal Contract Tower,29,15,19,0,63,0,1,63,1,65,29,16,82,1,128,60,0,60,188
07/10/2020,MFR,OR,ANM,WE,Federal Contract Tower,21,13,10,0,44,0,4,46,2,52,21,17,56,2,96,4,0,4,100
07/11/2020,MFR,OR,ANM,WE,Federal Contract Tower,22,7,12,0,41,0,4,44,0,48,22,11,56,0,89,4,0,4,93
07/12/2020,MFR,OR,ANM,WE,Federal Contract Tower,28,6,14,0,48,0,7,56,3,66,28,13,70,3,114,4,0,4,118
07/13/2020,MFR,OR,ANM,WE,Federal Contract Tower,21,12,15,0,48,0,2,38,2,42,21,14,53,2,90,48,0,48,138
07/14/2020,MFR,OR,ANM,WE,Federal Contract Tower,22,15,11,1,49,0,1,46,4,51,22,16,57,5,100,88,0,88,188
07/15/2020,MFR,OR,ANM,WE,Federal Contract Tower,21,15,9,1,46,0,5,31,2,38,21,20,40,3,84,54,2,56,140
07/16/2020,MFR,OR,ANM,WE,Federal Contract Tower,28,14,16,2,60,0,7,56,2,65,28,21,72,4,125,36,0,36,161
07/17/2020,MFR,OR,ANM,WE,Federal Contract Tower,21,12,16,0,49,0,1,43,5,49,21,13,59,5,98,32,0,32,130
07/18/2020,MFR,OR,ANM,WE,Federal Contract Tower,22,8,7,0,37,11,42,44,0,97,33,50,51,0,134,32,0,32,166
07/19/2020,MFR,OR,ANM,WE,Federal Contract Tower,29,3,9,0,41,10,23,47,0,80,39,26,56,0,121,44,0,44,165
07/20/2020,MFR,OR,ANM,WE,Federal Contract Tower,24,19,1,3,47,12,15,35,0,62,36,34,36,3,109,20,0,20,129
07/21/2020,MFR,OR,ANM,WE,Federal Contract Tower,22,21,4,4,51,6,8,28,0,42,28,29,32,4,93,8,0,8,101
07/22/2020,MFR,OR,ANM,WE,Federal Contract Tower,23,17,6,0,46,0,7,46,0,53,23,24,52,0,99,66,0,66,165
07/23/2020,MFR,OR,ANM,WE,Federal Contract Tower,28,15,15,0,58,13,7,52,2,74,41,22,67,2,132,78,0,78,210
07/24/2020,MFR,OR,ANM,WE,Federal Contract Tower,23,14,16,0,53,4,5,44,0,53,27,19,60,0,106,58,0,58,164
07/25/2020,MFR,OR,ANM,WE,Federal Contract Tower,24,14,11,0,49,1,3,52,0,56,25,17,63,0,105,76,0,76,181
07/26/2020,MFR,OR,ANM,WE,Federal Contract Tower,31,6,6,0,43,2,5,41,0,48,33,11,47,0,91,26,2,28,119
07/27/2020,MFR,OR,ANM,WE,Federal Contract Tower,22,13,9,4,48,1,9,35,0,45,23,22,44,4,93,104,0,104,197
07/28/2020,MFR,OR,ANM,WE,Federal Contract Tower,25,17,6,3,51,35,15,48,1,99,60,32,54,4,150,72,0,72,222
07/29/2020,MFR,OR,ANM,WE,Federal Contract Tower,23,14,13,0,50,15,17,58,0,90,38,31,71,0,140,18,0,18,158
07/30/2020,MFR,OR,ANM,WE,Federal Contract Tower,33,19,15,0,67,57,3,65,0,125,90,22,80,0,192,60,0,60,252
07/31/2020,MFR,OR,ANM,WE,Federal Contract Tower,24,16,17,0,57,24,7,66,0,97,48,23,83,0,154,80,0,80,234
08/01/2020,MFR,OR,ANM,WE,Federal Contract Tower,23,8,7,0,38,0,6,62,0,68,23,14,69,0,106,48,0,48,154
08/02/2020,MFR,OR,ANM,WE,Federal Contract Tower,31,3,14,0,48,1,12,41,0,54,32,15,55,0,102,44,0,44,146
08/03/2020,MFR,OR,ANM,WE,Federal Contract Tower,27,13,15,2,57,4,13,62,0,79,31,26,77,2,136,44,18,62,198
08/04/2020,MFR,OR,ANM,WE,Federal Contract Tower,25,18,11,0,54,0,3,47,0,50,25,21,58,0,104,42,0,42,146
08/05/2020,MFR,OR,ANM,WE,Federal Contract Tower,26,15,15,0,56,0,9,39,0,48,26,24,54,0,104,54,0,54,158
08/06/2020,MFR,OR,ANM,WE,Federal Contract Tower,29,14,17,1,61,0,4,46,2,52,29,18,63,3,113,46,0,46,159
08/07/2020,MFR,OR,ANM,WE,Federal Contract Tower,27,14,17,0,58,0,7,47,0,54,27,21,64,0,112,28,2,30,142
08/08/2020,MFR,OR,ANM,WE,Federal Contract Tower,30,5,12,0,47,0,5,50,0,55,30,10,62,0,102,14,0,14,116
08/09/2020,MFR,OR,ANM,WE,Federal Contract Tower,30,3,9,1,43,0,2,44,0,46,30,5,53,1,89,20,0,20,109
08/10/2020,MFR,OR,ANM,WE,Federal Contract Tower,24,9,6,4,43,0,6,46,2,54,24,15,52,6,97,70,6,76,173
08/11/2020,MFR,OR,ANM,WE,Federal Contract Tower,27,16,16,0,59,4,13,57,1,75,31,29,73,1,134,28,0,28,162
08/12/2020,MFR,OR,ANM,WE,Federal Contract Tower,24,18,24,0,66,0,7,51,8,66,24,25,75,8,132,28,0,28,160
08/13/2020,MFR,OR,ANM,WE,Federal Contract Tower,31,7,16,2,56,0,6,44,0,50,31,13,60,2,106,32,0,32,138
08/14/2020,MFR,OR,ANM,WE,Federal Contract Tower,25,12,8,1,46,4,8,53,0,65,29,20,61,1,111,60,0,60,171
08/15/2020,MFR,OR,ANM,WE,Federal Contract Tower,26,10,6,1,43,0,5,39,0,44,26,15,45,1,87,28,0,28,115
08/16/2020,MFR,OR,ANM,WE,Federal Contract Tower,29,5,28,1,63,2,12,46,1,61,31,17,74,2,124,46,0,46,170
08/17/2020,MFR,OR,ANM,WE,Federal Contract Tower,27,8,14,0,49,0,7,40,0,47,27,15,54,0,96,12,0,12,108
08/18/2020,MFR,OR,ANM,WE,Federal Contract Tower,27,21,15,2,65,1,13,52,0,66,28,34,67,2,131,28,0,28,159
08/19/2020,MFR,OR,ANM,WE,Federal Contract Tower,23,12,14,4,53,2,10,38,1,51,25,22,52,5,104,12,0,12,116
08/20/2020,MFR,OR,ANM,WE,Federal Contract Tower,28,13,15,0,56,2,6,56,1,65,30,19,71,1,121,16,0,16,137
08/21/2020,MFR,OR,ANM,WE,Federal Contract Tower,26,8,16,0,50,2,5,41,0,48,28,13,57,0,98,34,0,34,132
08/22/2020,MFR,OR,ANM,WE,Federal Contract Tower,22,15,15,6,58,0,10,39,0,49,22,25,54,6,107,46,0,46,153
08/23/2020,MFR,OR,ANM,WE,Federal Contract Tower,25,3,20,3,51,0,1,40,0,41,25,4,60,3,92,14,0,14,106
08/24/2020,MFR,OR,ANM,WE,Federal Contract Tower,26,13,2,1,42,0,2,30,2,34,26,15,32,3,76,22,0,22,98
08/25/2020,MFR,OR,ANM,WE,Federal Contract Tower,22,26,15,1,64,2,5,39,1,47,24,31,54,2,111,34,0,34,145
08/26/2020,MFR,OR,ANM,WE,Federal Contract Tower,24,22,11,2,59,0,5,48,1,54,24,27,59,3,113,52,0,52,165
08/27/2020,MFR,OR,ANM,WE,Federal Contract Tower,28,16,21,0,65,3,8,47,0,58,31,24,68,0,123,42,0,42,165
08/28/2020,MFR,OR,ANM,WE,Federal Contract Tower,24,15,20,2,61,0,3,45,1,49,24,18,65,3,110,66,0,66,176
08/29/2020,MFR,OR,ANM,WE,Federal Contract Tower,22,9,7,0,38,0,3,55,0,58,22,12,62,0,96,24,0,24,120
08/30/2020,MFR,OR,ANM,WE,Federal Contract Tower,28,7,10,0,45,2,3,64,1,70,30,10,74,1,115,50,0,50,165
08/31/2020,MFR,OR,ANM,WE,Federal Contract Tower,24,13,17,0,54,2,8,54,0,64,26,21,71,0,118,74,0,74,192
09/01/2020,MFR,OR,ANM,WE,Federal Contract Tower,22,15,4,5,46,2,8,53,3,66,24,23,57,8,112,46,4,50,162
09/02/2020,MFR,OR,ANM,WE,Federal Contract Tower,24,13,11,1,49,0,11,56,1,68,24,24,67,2,117,82,0,82,199
09/03/2020,MFR,OR,ANM,WE,Federal Contract Tower,25,18,14,0,57,0,8,47,0,55,25,26,61,0,112,22,0,22,134
09/04/2020,MFR,OR,ANM,WE,Federal Contract Tower,22,12,11,5,50,8,11,54,0,73,30,23,65,5,123,16,0,16,139
09/05/2020,MFR,OR,ANM,WE,Federal Contract Tower,23,6,11,0,40,0,9,54,0,63,23,15,65,0,103,46,0,46,149
09/06/2020,MFR,OR,ANM,WE,Federal Contract Tower,24,3,7,0,34,0,9,42,0,51,24,12,49,0,85,22,0,22,107
09/07/2020,MFR,OR,ANM,WE,Federal Contract Tower,23,2,10,0,35,2,9,56,0,67,25,11,66,0,102,0,0,0,102
09/08/2020,MFR,OR,ANM,WE,Federal Contract Tower,20,12,12,2,46,55,25,5,0,85,75,37,17,2,131,32,0,32,163
09/09/2020,MFR,OR,ANM,WE,Federal Contract Tower,21,14,7,0,42,115,41,2,0,158,136,55,9,0,200,0,0,0,200
09/10/2020,MFR,OR,ANM,WE,Federal Contract Tower,29,16,15,0,60,0,2,1,0,3,29,18,16,0,63,0,0,0,63
09/11/2020,MFR,OR,ANM,WE,Federal Contract Tower,23,14,11,0,48,0,0,0,0,0,23,14,11,0,48,0,0,0,48
09/12/2020,MFR,OR,ANM,WE,Federal Contract Tower,2,3,12,0,17,0,0,0,0,0,2,3,12,0,17,0,0,0,17
09/13/2020,MFR,OR,ANM,WE,Federal Contract Tower,13,2,5,0,20,0,0,0,0,0,13,2,5,0,20,0,0,0,20
09/14/2020,MFR,OR,ANM,WE,Federal Contract Tower,14,0,4,0,18,0,0,0,0,0,14,0,4,0,18,0,0,0,18
09/15/2020,MFR,OR,ANM,WE,Federal Contract Tower,22,11,16,0,49,0,0,0,0,0,22,11,16,0,49,0,0,0,49
09/16/2020,MFR,OR,ANM,WE,Federal Contract Tower,24,18,18,0,60,0,0,0,0,0,24,18,18,0,60,0,0,0,60
09/17/2020,MFR,OR,ANM,WE,Federal Contract Tower,27,17,26,0,70,0,0,0,0,0,27,17,26,0,70,0,0,0,70
09/18/2020,MFR,OR,ANM,WE,Federal Contract Tower,25,16,11,1,53,0,1,20,2,23,25,17,31,3,76,2,0,2,78
09/19/2020,MFR,OR,ANM,WE,Federal Contract Tower,25,11,13,0,49,0,6,25,2,33,25,17,38,2,82,50,0,50,132
09/20/2020,MFR,OR,ANM,WE,Federal Contract Tower,29,1,10,0,40,2,6,27,2,37,31,7,37,2,77,14,0,14,91
09/21/2020,MFR,OR,ANM,WE,Federal Contract Tower,28,9,20,1,58,1,8,31,1,41,29,17,51,2,99,42,0,42,141
09/22/2020,MFR,OR,ANM,WE,Federal Contract Tower,24,12,18,1,55,0,4,37,2,43,24,16,55,3,98,32,0,32,130
09/23/2020,MFR,OR,ANM,WE,Federal Contract Tower,25,14,14,0,53,0,5,28,1,34,25,19,42,1,87,38,2,40,127
09/24/2020,MFR,OR,ANM,WE,Federal Contract Tower,32,14,19,0,65,0,7,23,0,30,32,21,42,0,95,58,0,58,153
09/25/2020,MFR,OR,ANM,WE,Federal Contract Tower,24,15,15,0,54,0,9,43,0,52,24,24,58,0,106,32,0,32,138
09/26/2020,MFR,OR,ANM,WE,Federal Contract Tower,26,8,21,0,55,0,1,14,0,15,26,9,35,0,70,34,0,34,104
09/27/2020,MFR,OR,ANM,WE,Federal Contract Tower,30,4,19,0,53,0,2,55,0,57,30,6,74,0,110,6,0,6,116
09/28/2020,MFR,OR,ANM,WE,Federal Contract Tower,28,10,12,0,50,0,11,45,2,58,28,21,57,2,108,0,6,6,114
09/29/2020,MFR,OR,ANM,WE,Federal Contract Tower,25,19,10,3,57,0,4,41,1,46,25,23,51,4,103,44,0,44,147
09/30/2020,MFR,OR,ANM,WE,Federal Contract Tower,24,15,12,0,51,0,1,18,0,19,24,16,30,0,70,2,0,2,72
10/01/2020,MFR,OR,ANM,WE,Federal Contract Tower,33,18,10,6,67,0,6,37,2,45,33,24,47,8,112,24,4,28,140
10/02/2020,MFR,OR,ANM,WE,Federal Contract Tower,26,17,16,0,59,2,1,31,0,34,28,18,47,0,93,20,0,20,113
10/03/2020,MFR,OR,ANM,WE,Federal Contract Tower,29,14,10,1,54,0,2,41,0,43,29,16,51,1,97,60,0,60,157
10/04/2020,MFR,OR,ANM,WE,Federal Contract Tower,38,6,11,0,55,0,3,41,0,44,38,9,52,0,99,44,0,44,143
10/05/2020,MFR,OR,ANM,WE,Federal Contract Tower,34,15,9,1,59,2,6,48,2,58,36,21,57,3,117,48,2,50,167
10/06/2020,MFR,OR,ANM,WE,Federal Contract Tower,28,26,11,0,65,0,4,32,0,36,28,30,43,0,101,16,0,16,117
10/07/2020,MFR,OR,ANM,WE,Federal Contract Tower,31,33,16,0,80,0,0,12,0,12,31,33,28,0,92,16,0,16,108
10/08/2020,MFR,OR,ANM,WE,Federal Contract Tower,36,28,15,2,81,0,0,0,0,0,36,28,15,2,81,0,0,0,81
10/09/2020,MFR,OR,ANM,WE,Federal Contract Tower,29,22,16,0,67,0,2,8,0,10,29,24,24,0,77,0,0,0,77
10/10/2020,MFR,OR,ANM,WE,Federal Contract Tower,31,13,10,0,54,0,0,3,0,3,31,13,13,0,57,0,0,0,57
10/11/2020,MFR,OR,ANM,WE,Federal Contract Tower,34,7,8,0,49,0,1,26,0,27,34,8,34,0,76,34,0,34,110
10/12/2020,MFR,OR,ANM,WE,Federal Contract Tower,30,15,18,0,63,0,3,15,0,18,30,18,33,0,81,20,0,20,101
10/13/2020,MFR,OR,ANM,WE,Federal Contract Tower,25,18,16,1,60,0,2,26,3,31,25,20,42,4,91,20,6,26,117
10/14/2020,MFR,OR,ANM,WE,Federal Contract Tower,29,18,10,3,60,1,4,51,1,57,30,22,61,4,117,40,18,58,175
10/15/2020,MFR,OR,ANM,WE,Federal Contract Tower,35,22,13,0,70,0,6,63,3,72,35,28,76,3,142,58,4,62,204
10/16/2020,MFR,OR,ANM,WE,Federal Contract Tower,26,20,14,0,60,0,4,66,0,70,26,24,80,0,130,38,0,38,168
10/17/2020,MFR,OR,ANM,WE,Federal Contract Tower,29,7,10,1,47,0,4,43,0,47,29,11,53,1,94,44,0,44,138
10/18/2020,MFR,OR,ANM,WE,Federal Contract Tower,28,7,16,0,51,0,1,50,1,52,28,8,66,1,103,28,0,28,131
10/19/2020,MFR,OR,ANM,WE,Federal Contract Tower,29,15,3,1,48,0,4,37,1,42,29,19,40,2,90,22,0,22,112
10/20/2020,MFR,OR,ANM,WE,Federal Contract Tower,25,18,23,0,66,0,1,40,2,43,25,19,63,2,109,24,0,24,133
10/21/2020,MFR,OR,ANM,WE,Federal Contract Tower,29,18,12,0,59,0,2,36,4,42,29,20,48,4,101,60,2,62,163
10/22/2020,MFR,OR,ANM,WE,Federal Contract Tower,35,21,12,0,68,0,5,50,3,58,35,26,62,3,126,40,10,50,176
10/23/2020,MFR,OR,ANM,WE,Federal Contract Tower,26,19,7,2,54,0,4,62,0,66,26,23,69,2,120,70,0,70,190
10/24/2020,MFR,OR,ANM,WE,Federal Contract Tower,29,9,18,6,62,0,5,0,0,5,29,14,18,6,67,24,0,24,91
10/25/2020,MFR,OR,ANM,WE,Federal Contract Tower,31,7,14,0,52,0,1,51,3,55,31,8,65,3,107,4,0,4,111
10/26/2020,MFR,OR,ANM,WE,Federal Contract Tower,29,13,10,3,55,1,1,47,1,50,30,14,57,4,105,26,4,30,135
10/27/2020,MFR,OR,ANM,WE,Federal Contract Tower,26,19,12,2,59,0,8,52,2,62,26,27,64,4,121,56,2,58,179
10/28/2020,MFR,OR,ANM,WE,Federal Contract Tower,29,20,19,1,69,0,7,43,4,54,29,27,62,5,123,54,0,54,177
10/29/2020,MFR,OR,ANM,WE,Federal Contract Tower,33,20,12,2,67,0,3,52,1,56,33,23,64,3,123,34,4,38,161
10/30/2020,MFR,OR,ANM,WE,Federal Contract Tower,31,10,17,0,58,0,3,75,0,78,31,13,92,0,136,44,0,44,180
10/31/2020,MFR,OR,ANM,WE,Federal Contract Tower,29,13,19,0,61,0,2,51,2,55,29,15,70,2,116,22,0,22,138
11/01/2020,MFR,OR,ANM,WE,Federal Contract Tower,34,5,18,1,58,3,42,4,0,49,37,47,22,1,107,60,0,60,167
11/02/2020,MFR,OR,ANM,WE,Federal Contract Tower,29,20,13,1,63,0,0,56,4,60,29,20,69,5,123,6,10,16,139
11/03/2020,MFR,OR,ANM,WE,Federal Contract Tower,25,20,20,0,65,0,6,35,2,43,25,26,55,2,108,24,0,24,132
11/04/2020,MFR,OR,ANM,WE,Federal Contract Tower,31,14,7,1,53,0,6,41,3,50,31,20,48,4,103,24,0,24,127
11/05/2020,MFR,OR,ANM,WE,Federal Contract Tower,34,18,25,0,77,0,0,43,4,47,34,18,68,4,124,54,0,54,178
11/06/2020,MFR,OR,ANM,WE,Federal Contract Tower,29,25,19,0,73,0,0,12,0,12,29,25,31,0,85,16,0,16,101
11/07/2020,MFR,OR,ANM,WE,Federal Contract Tower,32,12,14,6,64,0,3,6,3,12,32,15,20,9,76,8,6,14,90
11/08/2020,MFR,OR,ANM,WE,Federal Contract Tower,36,7,11,2,56,1,1,33,2,37,37,8,44,4,93,42,2,44,137
11/09/2020,MFR,OR,ANM,WE,Federal Contract Tower,34,14,11,0,59,0,2,35,0,37,34,16,46,0,96,56,0,56,152
11/10/2020,MFR,OR,ANM,WE,Federal Contract Tower,28,21,20,2,71,0,0,11,0,11,28,21,31,2,82,18,0,18,100
11/11/2020,MFR,OR,ANM,WE,Federal Contract Tower,32,20,6,0,58,0,1,36,0,37,32,21,42,0,95,16,0,16,111
11/12/2020,MFR,OR,ANM,WE,Federal Contract Tower,36,23,11,4,74,0,0,32,0,32,36,23,43,4,106,10,0,10,116
11/13/2020,MFR,OR,ANM,WE,Federal Contract Tower,29,24,8,0,61,0,1,3,0,4,29,25,11,0,65,0,0,0,65
11/14/2020,MFR,OR,ANM,WE,Federal Contract Tower,32,12,8,0,52,0,3,20,1,24,32,15,28,1,76,6,0,6,82
11/15/2020,MFR,OR,ANM,WE,Federal Contract Tower,36,8,2,0,46,0,0,0,0,0,36,8,2,0,46,0,0,0,46
11/16/2020,MFR,OR,ANM,WE,Federal Contract Tower,31,15,8,0,54,0,1,12,0,13,31,16,20,0,67,8,0,8,75
11/17/2020,MFR,OR,ANM,WE,Federal Contract Tower,28,20,9,0,57,0,0,0,0,0,28,20,9,0,57,0,0,0,57
11/18/2020,MFR,OR,ANM,WE,Federal Contract Tower,32,19,7,2,60,0,1,10,0,11,32,20,17,2,71,18,0,18,89
11/19/2020,MFR,OR,ANM,WE,Federal Contract Tower,36,23,10,0,69,0,0,19,0,19,36,23,29,0,88,4,0,4,92
11/20/2020,MFR,OR,ANM,WE,Federal Contract Tower,32,19,16,0,67,0,0,24,0,24,32,19,40,0,91,12,0,12,103
11/21/2020,MFR,OR,ANM,WE,Federal Contract Tower,32,15,8,0,55,0,0,20,0,20,32,15,28,0,75,16,0,16,91
11/22/2020,MFR,OR,ANM,WE,Federal Contract Tower,39,11,12,0,62,0,1,7,0,8,39,12,19,0,70,6,0,6,76
11/23/2020,MFR,OR,ANM,WE,Federal Contract Tower,31,24,22,2,79,0,0,1,0,1,31,24,23,2,80,0,0,0,80
11/24/2020,MFR,OR,ANM,WE,Federal Contract Tower,35,23,19,1,78,0,0,20,0,20,35,23,39,1,98,28,0,28,126
11/25/2020,MFR,OR,ANM,WE,Federal Contract Tower,35,15,13,0,63,0,0,14,0,14,35,15,27,0,77,54,0,54,131
11/26/2020,MFR,OR,ANM,WE,Federal Contract Tower,21,3,8,0,32,0,0,6,0,6,21,3,14,0,38,28,0,28,66
11/27/2020,MFR,OR,ANM,WE,Federal Contract Tower,26,25,5,0,56,0,1,28,0,29,26,26,33,0,85,32,0,32,117
11/28/2020,MFR,OR,ANM,WE,Federal Contract Tower,41,12,16,0,69,0,0,0,0,0,41,12,16,0,69,0,0,0,69
11/29/2020,MFR,OR,ANM,WE,Federal Contract Tower,34,6,9,0,49,0,0,0,0,0,34,6,9,0,49,0,0,0,49
11/30/2020,MFR,OR,ANM,WE,Federal Contract Tower,32,17,19,0,68,0,0,0,0,0,32,17,19,0,68,0,0,0,68
12/01/2020,MFR,OR,ANM,WE,Federal Contract Tower,31,19,18,0,68,0,3,33,0,36,31,22,51,0,104,16,0,16,120
12/02/2020,MFR,OR,ANM,WE,Federal Contract Tower,29,20,12,2,63,0,2,33,3,38,29,22,45,5,101,38,20,58,159
12/03/2020,MFR,OR,ANM,WE,Federal Contract Tower,34,21,8,0,63,0,1,47,0,48,34,22,55,0,111,42,0,42,153
12/04/2020,MFR,OR,ANM,WE,Federal Contract Tower,29,17,19,1,66,0,4,56,1,61,29,21,75,2,127,34,0,34,161
12/05/2020,MFR,OR,ANM,WE,Federal Contract Tower,32,11,8,0,51,0,1,40,0,41,32,12,48,0,92,42,0,42,134
12/06/2020,MFR,OR,ANM,WE,Federal Contract Tower,31,5,7,1,44,0,0,7,1,8,31,5,14,2,52,0,0,0,52
12/07/2020,MFR,OR,ANM,WE,Federal Contract Tower,41,14,11,0,66,0,4,20,0,24,41,18,31,0,90,20,0,20,110
12/08/2020,MFR,OR,ANM,WE,Federal Contract Tower,26,20,11,0,57,0,0,28,1,29,26,20,39,1,86,34,0,34,120
12/09/2020,MFR,OR,ANM,WE,Federal Contract Tower,30,21,41,0,92,0,2,33,0,35,30,23,74,0,127,32,0,32,159
12/10/2020,MFR,OR,ANM,WE,Federal Contract Tower,33,17,14,0,64,0,1,18,0,19,33,18,32,0,83,28,0,28,111
12/11/2020,MFR,OR,ANM,WE,Federal Contract Tower,26,19,22,0,67,0,0,0,0,0,26,19,22,0,67,0,0,0,67
12/12/2020,MFR,OR,ANM,WE,Federal Contract Tower,29,13,15,0,57,0,1,21,0,22,29,14,36,0,79,6,0,6,85
12/13/2020,MFR,OR,ANM,WE,Federal Contract Tower,31,6,3,0,40,0,0,0,0,0,31,6,3,0,40,0,0,0,40
12/14/2020,MFR,OR,ANM,WE,Federal Contract Tower,34,16,14,0,64,0,3,30,0,33,34,19,44,0,97,28,0,28,125
12/15/2020,MFR,OR,ANM,WE,Federal Contract Tower,26,26,8,1,61,0,2,4,1,7,26,28,12,2,68,6,0,6,74
12/16/2020,MFR,OR,ANM,WE,Federal Contract Tower,29,27,14,2,72,0,0,0,0,0,29,27,14,2,72,0,0,0,72
12/17/2020,MFR,OR,ANM,WE,Federal Contract Tower,34,27,16,8,85,0,1,12,0,13,34,28,28,8,98,32,0,32,130
12/18/2020,MFR,OR,ANM,WE,Federal Contract Tower,30,25,29,0,84,0,0,18,0,18,30,25,47,0,102,1,0,1,103
12/19/2020,MFR,OR,ANM,WE,Federal Contract Tower,28,14,12,0,54,0,0,15,0,15,28,14,27,0,69,16,0,16,85
12/20/2020,MFR,OR,ANM,WE,Federal Contract Tower,33,5,15,0,53,0,0,13,0,13,33,5,28,0,66,16,0,16,82
12/21/2020,MFR,OR,ANM,WE,Federal Contract Tower,29,19,16,0,64,0,0,0,0,0,29,19,16,0,64,0,0,0,64
12/22/2020,MFR,OR,ANM,WE,Federal Contract Tower,35,24,13,0,72,0,3,28,2,33,35,27,41,2,105,86,0,86,191
12/23/2020,MFR,OR,ANM,WE,Federal Contract Tower,34,21,10,0,65,0,3,46,0,49,34,24,56,0,114,46,0,46,160
12/24/2020,MFR,OR,ANM,WE,Federal Contract Tower,27,18,14,0,59,0,1,27,0,28,27,19,41,0,87,36,0,36,123
12/25/2020,MFR,OR,ANM,WE,Federal Contract Tower,24,8,10,0,42,0,0,0,0,0,24,8,10,0,42,0,0,0,42
12/26/2020,MFR,OR,ANM,WE,Federal Contract Tower,29,13,7,0,49,0,2,11,0,13,29,15,18,0,62,58,0,58,120
12/27/2020,MFR,OR,ANM,WE,Federal Contract Tower,29,4,18,0,51,0,1,15,0,16,29,5,33,0,67,52,0,52,119
12/28/2020,MFR,OR,ANM,WE,Federal Contract Tower,34,18,5,0,57,0,2,49,0,51,34,20,54,0,108,42,0,42,150
12/29/2020,MFR,OR,ANM,WE,Federal Contract Tower,36,18,12,2,68,0,2,57,0,59,36,20,69,2,127,54,0,54,181
12/30/2020,MFR,OR,ANM,WE,Federal Contract Tower,35,12,11,0,58,0,1,10,0,11,35,13,21,0,69,24,0,24,93
12/31/2020,MFR,OR,ANM,WE,Federal Contract Tower,28,20,14,0,62,0,0,10,0,10,28,20,24,0,72,12,0,12,84
01/01/2021,MFR,OR,ANM,WE,Federal Contract Tower,31,9,12,0,52,0,0,13,0,13,31,9,25,0,65,38,0,38,103
01/02/2021,MFR,OR,ANM,WE,Federal Contract Tower,28,11,15,0,54,0,3,2,0,5,28,14,17,0,59,0,0,0,59
01/03/2021,MFR,OR,ANM,WE,Federal Contract Tower,32,7,6,0,45,0,2,8,0,10,32,9,14,0,55,30,0,30,85
01/04/2021,MFR,OR,ANM,WE,Federal Contract Tower,31,16,15,0,62,0,0,3,0,3,31,16,18,0,65,0,0,0,65
01/05/2021,MFR,OR,ANM,WE,Federal Contract Tower,24,15,11,3,53,0,0,23,0,23,24,15,34,3,76,42,0,42,118
01/06/2021,MFR,OR,ANM,WE,Federal Contract Tower,26,18,8,2,54,0,1,3,0,4,26,19,11,2,58,12,0,12,70
01/07/2021,MFR,OR,ANM,WE,Federal Contract Tower,25,17,12,1,55,0,2,19,0,21,25,19,31,1,76,18,0,18,94
01/08/2021,MFR,OR,ANM,WE,Federal Contract Tower,38,17,14,0,69,0,0,16,0,16,38,17,30,0,85,16,0,16,101
01/09/2021,MFR,OR,ANM,WE,Federal Contract Tower,24,9,5,0,38,0,0,29,2,31,24,9,34,2,69,20,0,20,89
01/10/2021,MFR,OR,ANM,WE,Federal Contract Tower,30,1,4,6,41,0,8,3,0,11,30,9,7,6,52,2,4,6,58
01/11/2021,MFR,OR,ANM,WE,Federal Contract Tower,29,11,9,0,49,0,0,10,4,14,29,11,19,4,63,2,2,4,67
01/12/2021,MFR,OR,ANM,WE,Federal Contract Tower,24,16,4,0,44,0,0,2,0,2,24,16,6,0,46,8,0,8,54
01/13/2021,MFR,OR,ANM,WE,Federal Contract Tower,26,14,8,0,48,0,4,29,2,35,26,18,37,2,83,24,0,24,107
01/14/2021,MFR,OR,ANM,WE,Federal Contract Tower,28,18,12,3,61,0,0,38,2,40,28,18,50,5,101,46,6,52,153
01/15/2021,MFR,OR,ANM,WE,Federal Contract Tower,27,21,18,0,66,0,0,19,2,21,27,21,37,2,87,56,0,56,143
01/16/2021,MFR,OR,ANM,WE,Federal Contract Tower,25,10,9,0,44,0,0,18,0,18,25,10,27,0,62,50,0,50,112
01/17/2021,MFR,OR,ANM,WE,Federal Contract Tower,28,4,13,0,45,0,0,4,0,4,28,4,17,0,49,12,0,12,61
01/18/2021,MFR,OR,ANM,WE,Federal Contract Tower,28,10,11,0,49,0,0,0,0,0,28,10,11,0,49,0,0,0,49
01/19/2021,MFR,OR,ANM,WE,Federal Contract Tower,26,15,14,0,55,0,1,48,2,51,26,16,62,2,106,42,0,42,148
01/20/2021,MFR,OR,ANM,WE,Federal Contract Tower,27,11,10,1,49,0,0,48,1,49,27,11,58,2,98,36,10,46,144
01/21/2021,MFR,OR,ANM,WE,Federal Contract Tower,29,12,11,0,52,0,3,45,3,51,29,15,56,3,103,38,6,44,147
01/22/2021,MFR,OR,ANM,WE,Federal Contract Tower,29,13,19,0,61,0,1,14,0,15,29,14,33,0,76,38,0,38,114
01/23/2021,MFR,OR,ANM,WE,Federal Contract Tower,24,5,25,0,54,0,0,40,4,44,24,5,65,4,98,66,0,66,164
01/24/2021,MFR,OR,ANM,WE,Federal Contract Tower,32,3,6,0,41,0,0,0,0,0,32,3,6,0,41,0,0,0,41
01/25/2021,MFR,OR,ANM,WE,Federal Contract Tower,29,12,9,0,50,0,1,16,2,19,29,13,25,2,69,24,0,24,93
01/26/2021,MFR,OR,ANM,WE,Federal Contract Tower,24,11,14,0,49,0,0,2,1,3,24,11,16,1,52,0,0,0,52
01/27/2021,MFR,OR,ANM,WE,Federal Contract Tower,26,17,11,0,54,0,0,20,2,22,26,17,31,2,76,0,0,0,76
01/28/2021,MFR,OR,ANM,WE,Federal Contract Tower,30,16,8,0,54,0,0,2,0,2,30,16,10,0,56,0,0,0,56
01/29/2021,MFR,OR,ANM,WE,Federal Contract Tower,27,16,13,0,56,0,0,8,2,10,27,16,21,2,66,12,0,12,78
01/30/2021,MFR,OR,ANM,WE,Federal Contract Tower,23,6,14,0,43,0,0,9,0,9,23,6,23,0,52,14,0,14,66
01/31/2021,MFR,OR,ANM,WE,Federal Contract Tower,30,0,8,0,38,0,0,2,0,2,30,0,10,0,40,0,0,0,40
02/01/2021,MFR,OR,ANM,WE,Federal Contract Tower,27,13,11,0,51,0,0,3,1,4,27,13,14,1,55,4,0,4,59
02/02/2021,MFR,OR,ANM,WE,Federal Contract Tower,26,14,9,0,49,0,2,19,0,21,26,16,28,0,70,56,0,56,126
02/03/2021,MFR,OR,ANM,WE,Federal Contract Tower,27,13,10,0,50,0,0,24,0,24,27,13,34,0,74,24,0,24,98
02/04/2021,MFR,OR,ANM,WE,Federal Contract Tower,31,14,9,8,62,0,1,43,0,44,31,15,52,8,106,60,0,60,166
02/05/2021,MFR,OR,ANM,WE,Federal Contract Tower,29,13,15,0,57,0,3,23,0,26,29,16,38,0,83,42,6,48,131
02/06/2021,MFR,OR,ANM,WE,Federal Contract Tower,24,9,16,0,49,0,0,23,1,24,24,9,39,1,73,74,4,78,151
02/07/2021,MFR,OR,ANM,WE,Federal Contract Tower,30,1,6,0,37,0,0,8,1,9,30,1,14,1,46,12,2,14,60
02/08/2021,MFR,OR,ANM,WE,Federal Contract Tower,29,13,17,0,59,0,0,10,0,10,29,13,27,0,69,22,0,22,91
02/09/2021,MFR,OR,ANM,WE,Federal Contract Tower,26,12,15,1,54,0,3,52,1,56,26,15,67,2,110,94,2,96,206
02/10/2021,MFR,OR,ANM,WE,Federal Contract Tower,27,13,19,2,61,0,1,37,4,42,27,14,56,6,103,56,18,74,177
02/11/2021,MFR,OR,ANM,WE,Federal Contract Tower,27,17,10,0,54,0,0,11,0,11,27,17,21,0,65,58,0,58,123
02/12/2021,MFR,OR,ANM,WE,Federal Contract Tower,29,20,8,0,57,0,1,9,0,10,29,21,17,0,67,26,0,26,93
02/13/2021,MFR,OR,ANM,WE,Federal Contract Tower,16,8,14,0,38,0,0,7,0,7,16,8,21,0,45,0,0,0,45
02/14/2021,MFR,OR,ANM,WE,Federal Contract Tower,20,10,7,0,37,0,0,4,0,4,20,10,11,0,41,4,0,4,45
02/15/2021,MFR,OR,ANM,WE,Federal Contract Tower,32,15,7,0,54,0,0,12,0,12,32,15,19,0,66,0,0,0,66
02/16/2021,MFR,OR,ANM,WE,Federal Contract Tower,27,16,23,0,66,0,5,27,0,32,27,21,50,0,98,24,0,24,122
02/17/2021,MFR,OR,ANM,WE,Federal Contract Tower,30,18,15,2,65,0,1,53,0,54,30,19,68,2,119,40,0,40,159
02/18/2021,MFR,OR,ANM,WE,Federal Contract Tower,27,16,10,1,54,0,0,6,0,6,27,16,16,1,60,32,0,32,92
02/19/2021,MFR,OR,ANM,WE,Federal Contract Tower,33,26,14,0,73,0,0,12,0,12,33,26,26,0,85,38,0,38,123
02/20/2021,MFR,OR,ANM,WE,Federal Contract Tower,28,16,9,0,53,0,1,12,0,13,28,17,21,0,66,0,0,0,66
02/21/2021,MFR,OR,ANM,WE,Federal Contract Tower,31,8,13,0,52,0,7,27,0,34,31,15,40,0,86,20,0,20,106
02/22/2021,MFR,OR,ANM,WE,Federal Contract Tower,33,16,18,0,67,0,0,10,0,10,33,16,28,0,77,8,0,8,85
02/23/2021,MFR,OR,ANM,WE,Federal Contract Tower,27,13,18,1,59,0,1,58,3,62,27,14,76,4,121,58,6,64,185
02/24/2021,MFR,OR,ANM,WE,Federal Contract Tower,30,14,16,3,63,0,4,77,3,84,30,18,93,6,147,32,26,58,205
02/25/2021,MFR,OR,ANM,WE,Federal Contract Tower,22,19,13,0,54,0,1,27,0,28,22,20,40,0,82,42,0,42,124
02/26/2021,MFR,OR,ANM,WE,Federal Contract Tower,32,20,7,1,60,0,1,4,0,5,32,21,11,1,65,0,0,0,65
02/27/2021,MFR,OR,ANM,WE,Federal Contract Tower,27,12,4,0,43,0,0,17,0,17,27,12,21,0,60,30,0,30,90
02/28/2021,MFR,OR,ANM,WE,Federal Contract Tower,28,6,12,0,46,0,0,83,4,87,28,6,95,4,133,44,0,44,177
03/01/2021,MFR,OR,ANM,WE,Federal Contract Tower,33,16,6,0,55,0,4,47,1,52,33,20,53,1,107,38,0,38,145
03/02/2021,MFR,OR,ANM,WE,Federal Contract Tower,27,13,16,2,58,0,1,53,1,55,27,14,69,3,113,40,0,40,153
03/03/2021,MFR,OR,ANM,WE,Federal Contract Tower,31,18,6,1,56,0,3,63,2,68,31,21,69,3,124,46,24,70,194
03/04/2021,MFR,OR,ANM,WE,Federal Contract Tower,30,17,18,0,65,0,2,19,0,21,30,19,37,0,86,26,0,26,112
03/05/2021,MFR,OR,ANM,WE,Federal Contract Tower,34,19,15,0,68,0,2,2,0,4,34,21,17,0,72,0,0,0,72
03/06/2021,MFR,OR,ANM,WE,Federal Contract Tower,28,13,19,0,60,0,4,37,0,41,28,17,56,0,101,30,0,30,131
03/07/2021,MFR,OR,ANM,WE,Federal Contract Tower,28,8,15,0,51,0,0,15,0,15,28,8,30,0,66,14,0,14,80
03/08/2021,MFR,OR,ANM,WE,Federal Contract Tower,35,18,14,0,67,0,0,28,0,28,35,18,42,0,95,36,0,36,131
03/09/2021,MFR,OR,ANM,WE,Federal Contract Tower,27,20,13,0,60,0,0,0,0,0,27,20,13,0,60,40,0,40,100
03/10/2021,MFR,OR,ANM,WE,Federal Contract Tower,34,15,19,0,68,0,0,8,0,8,34,15,27,0,76,32,0,32,108
03/11/2021,MFR,OR,ANM,WE,Federal Contract Tower,29,23,18,3,73,0,4,63,1,68,29,27,81,4,141,44,0,44,185
03/12/2021,MFR,OR,ANM,WE,Federal Contract Tower,33,21,11,0,65,0,4,86,0,90,33,25,97,0,155,64,0,64,219
03/13/2021,MFR,OR,ANM,WE,Federal Contract Tower,28,9,9,0,46,0,2,76,0,78,28,11,85,0,124,34,0,34,158
03/14/2021,MFR,OR,ANM,WE,Federal Contract Tower,32,5,11,0,48,0,0,10,0,10,32,5,21,0,58,30,0,30,88
03/15/2021,MFR,OR,ANM,WE,Federal Contract Tower,33,20,10,0,63,0,1,20,0,21,33,21,30,0,84,8,0,8,92
03/16/2021,MFR,OR,ANM,WE,Federal Contract Tower,29,17,9,0,55,0,3,72,0,75,29,20,81,0,130,44,0,44,174
03/17/2021,MFR,OR,ANM,WE,Federal Contract Tower,29,17,11,1,58,0,6,56,1,63,29,23,67,2,121,20,8,28,149
03/18/2021,MFR,OR,ANM,WE,Federal Contract Tower,29,19,8,0,56,0,0,7,0,7,29,19,15,0,63,14,0,14,77
03/19/2021,MFR,OR,ANM,WE,Federal Contract Tower,35,17,12,2,66,0,3,28,0,31,35,20,40,2,97,58,0,58,155
03/20/2021,MFR,OR,ANM,WE,Federal Contract Tower,30,12,15,3,60,0,2,17,0,19,30,14,32,3,79,44,8,52,131
03/21/2021,MFR,OR,ANM,WE,Federal Contract Tower,30,7,9,1,47,0,4,44,0,48,30,11,53,1,95,56,0,56,151
03/22/2021,MFR,OR,ANM,WE,Federal Contract Tower,34,22,14,12,82,0,0,13,0,13,34,22,27,12,95,30,6,36,131
03/23/2021,MFR,OR,ANM,WE,Federal Contract Tower,29,23,15,0,67,0,13,70,2,85,29,36,85,2,152,38,0,38,190
03/24/2021,MFR,OR,ANM,WE,Federal Contract Tower,34,16,11,5,66,0,4,34,1,39,34,20,45,6,105,34,0,34,139
03/25/2021,MFR,OR,ANM,WE,Federal Contract Tower,28,18,10,2,58,0,0,19,1,20,28,18,29,3,78,4,0,4,82
03/26/2021,MFR,OR,ANM,WE,Federal Contract Tower,35,22,17,0,74,0,4,38,1,43,35,26,55,1,117,14,0,14,131
03/27/2021,MFR,OR,ANM,WE,Federal Contract Tower,32,16,9,1,58,0,2,79,4,85,32,18,88,5,143,2,0,2,145
03/28/2021,MFR,OR,ANM,WE,Federal Contract Tower,33,4,17,0,54,0,7,62,0,69,33,11,79,0,123,42,2,44,167
03/29/2021,MFR,OR,ANM,WE,Federal Contract Tower,38,15,6,0,59,0,0,58,2,60,38,15,64,2,119,18,0,18,137
03/30/2021,MFR,OR,ANM,WE,Federal Contract Tower,33,16,7,4,60,0,5,67,7,79,33,21,74,11,139,40,2,42,181
03/31/2021,MFR,OR,ANM,WE,Federal Contract Tower,35,13,10,2,60,0,3,56,1,60,35,16,66,3,120,46,0,46,166
04/01/2021,MFR,OR,ANM,WE,Federal Contract Tower,36,17,15,0,68,0,1,65,0,66,36,18,80,0,134,32,0,32,166
04/02/2021,MFR,OR,ANM,WE,Federal Contract Tower,39,17,13,0,69,0,10,55,0,65,39,27,68,0,134,4,0,4,138
04/03/2021,MFR,OR,ANM,WE,Federal Contract Tower,31,8,9,10,58,0,4,50,0,54,31,12,59,10,112,66,0,66,178
04/04/2021,MFR,OR,ANM,WE,Federal Contract Tower,35,6,10,0,51,0,2,38,2,42,35,8,48,2,93,46,0,46,139
04/05/2021,MFR,OR,ANM,WE,Federal Contract Tower,37,10,8,1,56,0,2,38,4,44,37,12,46,5,100,2,0,2,102
04/06/2021,MFR,OR,ANM,WE,Federal Contract Tower,32,13,4,3,52,0,2,49,0,51,32,15,53,3,103,60,12,72,175
04/07/2021,MFR,OR,ANM,WE,Federal Contract Tower,37,8,11,1,57,0,7,35,3,45,37,15,46,4,102,12,0,12,114
04/08/2021,MFR,OR,ANM,WE,Federal Contract Tower,34,11,14,1,60,0,3,41,2,46,34,14,55,3,106,32,12,44,150
04/09/2021,MFR,OR,ANM,WE,Federal Contract Tower,41,10,13,0,64,0,3,51,2,56,41,13,64,2,120,48,0,48,168
04/10/2021,MFR,OR,ANM,WE,Federal Contract Tower,37,7,10,0,54,0,2,49,0,51,37,9,59,0,105,48,0,48,153
04/11/2021,MFR,OR,ANM,WE,Federal Contract Tower,31,5,8,3,47,0,2,47,5,54,31,7,55,8,101,22,4,26,127
04/12/2021,MFR,OR,ANM,WE,Federal Contract Tower,41,12,18,0,71,0,3,42,0,45,41,15,60,0,116,30,0,30,146
04/13/2021,MFR,OR,ANM,WE,Federal Contract Tower,34,13,16,8,71,0,0,49,4,53,34,13,65,12,124,4,34,38,162
04/14/2021,MFR,OR,ANM,WE,Federal Contract Tower,36,18,16,0,70,0,3,58,1,62,36,21,74,1,132,20,0,20,152
04/15/2021,MFR,OR,ANM,WE,Federal Contract Tower,34,18,6,4,62,0,0,55,0,55,34,18,61,4,117,56,0,56,173
04/16/2021,MFR,OR,ANM,WE,Federal Contract Tower,38,14,13,2,67,0,2,67,0,69,38,16,80,2,136,78,0,78,214
04/17/2021,MFR,OR,ANM,WE,Federal Contract Tower,32,7,8,0,47,0,4,67,0,71,32,11,75,0,118,92,0,92,210
04/18/2021,MFR,OR,ANM,WE,Federal Contract Tower,38,2,10,2,52,0,3,56,2,61,38,5,66,4,113,44,0,44,157
04/19/2021,MFR,OR,ANM,WE,Federal Contract Tower,38,14,14,0,66,0,2,44,0,46,38,16,58,0,112,78,0,78,190
04/20/2021,MFR,OR,ANM,WE,Federal Contract Tower,33,13,16,0,62,0,1,44,0,45,33,14,60,0,107,14,0,14,121
04/21/2021,MFR,OR,ANM,WE,Federal Contract Tower,37,15,26,0,78,0,2,59,0,61,37,17,85,0,139,4,0,4,143
04/22/2021,MFR,OR,ANM,WE,Federal Contract Tower,37,19,13,0,69,0,3,47,0,50,37,22,60,0,119,28,0,28,147
04/23/2021,MFR,OR,ANM,WE,Federal Contract Tower,39,12,15,1,67,0,4,70,0,74,39,16,85,1,141,14,0,14,155
04/24/2021,MFR,OR,ANM,WE,Federal Contract Tower,33,15,8,0,56,0,0,29,0,29,33,15,37,0,85,14,0,14,99
04/25/2021,MFR,OR,ANM,WE,Federal Contract Tower,35,6,15,6,62,0,0,10,0,10,35,6,25,6,72,0,0,0,72
04/26/2021,MFR,OR,ANM,WE,Federal Contract Tower,36,13,17,0,66,0,2,20,0,22,36,15,37,0,88,40,0,40,128
04/27/2021,MFR,OR,ANM,WE,Federal Contract Tower,32,16,3,2,53,0,1,54,0,55,32,17,57,2,108,2,0,2,110
04/28/2021,MFR,OR,ANM,WE,Federal Contract Tower,37,9,15,2,63,0,4,43,0,47,37,13,58,2,110,52,0,52,162
04/29/2021,MFR,OR,ANM,WE,Federal Contract Tower,36,15,19,2,72,0,3,54,0,57,36,18,73,2,129,24,0,24,153
04/30/2021,MFR,OR,ANM,WE,Federal Contract Tower,37,14,18,0,69,0,7,57,2,66,37,21,75,2,135,66,0,66,201
05/01/2021,MFR,OR,ANM,WE,Federal Contract Tower,32,13,9,0,54,0,0,54,0,54,32,13,63,0,108,156,0,156,264
05/02/2021,MFR,OR,ANM,WE,Federal Contract Tower,35,2,14,0,51,0,2,30,0,32,35,4,44,0,83,34,0,34,117
05/03/2021,MFR,OR,ANM,WE,Federal Contract Tower,37,15,9,0,61,0,3,64,3,70,37,18,73,3,131,74,0,74,205
05/04/2021,MFR,OR,ANM,WE,Federal Contract Tower,31,17,11,4,63,0,5,53,1,59,31,22,64,5,122,68,0,68,190
05/05/2021,MFR,OR,ANM,WE,Federal Contract Tower,33,14,9,3,59,0,6,59,3,68,33,20,68,6,127,36,2,38,165
05/07/2021,MFR,OR,ANM,WE,Federal Contract Tower,31,29,11,0,71,0,1,56,2,59,31,30,67,2,130,112,0,112,242
05/08/2021,MFR,OR,ANM,WE,Federal Contract Tower,26,15,6,1,48,0,2,65,0,67,26,17,71,1,115,120,0,120,235
05/09/2021,MFR,OR,ANM,WE,Federal Contract Tower,32,6,7,4,49,0,1,34,0,35,32,7,41,4,84,6,0,6,90
05/10/2021,MFR,OR,ANM,WE,Federal Contract Tower,32,23,17,7,79,0,2,54,1,57,32,25,71,8,136,56,0,56,192
05/11/2021,MFR,OR,ANM,WE,Federal Contract Tower,30,15,11,0,56,0,1,49,2,52,30,16,60,2,108,44,0,44,152
05/12/2021,MFR,OR,ANM,WE,Federal Contract Tower,37,22,9,2,70,0,1,55,0,56,37,23,64,2,126,26,0,26,152
05/13/2021,MFR,OR,ANM,WE,Federal Contract Tower,31,24,17,2,74,0,5,53,4,62,31,29,70,6,136,30,2,32,168
05/14/2021,MFR,OR,ANM,WE,Federal Contract Tower,32,29,23,1,85,0,0,61,3,64,32,29,84,4,149,34,0,34,183
05/15/2021,MFR,OR,ANM,WE,Federal Contract Tower,29,12,8,0,49,0,2,63,0,65,29,14,71,0,114,76,0,76,190
05/16/2021,MFR,OR,ANM,WE,Federal Contract Tower,31,10,17,4,62,0,3,53,1,57,31,13,70,5,119,50,0,50,169
05/17/2021,MFR,OR,ANM,WE,Federal Contract Tower,32,14,15,0,61,0,4,59,3,66,32,18,74,3,127,10,6,16,143
05/18/2021,MFR,OR,ANM,WE,Federal Contract Tower,30,18,13,3,64,0,1,40,4,45,30,19,53,7,109,44,12,56,165
05/19/2021,MFR,OR,ANM,WE,Federal Contract Tower,32,19,6,0,57,0,3,18,0,21,32,22,24,0,78,16,0,16,94
05/20/2021,MFR,OR,ANM,WE,Federal Contract Tower,36,19,16,0,71,0,5,8,0,13,36,24,24,0,84,12,0,12,96
05/21/2021,MFR,OR,ANM,WE,Federal Contract Tower,35,20,15,0,70,0,4,14,0,18,35,24,29,0,88,20,0,20,108
05/22/2021,MFR,OR,ANM,WE,Federal Contract Tower,33,16,10,0,59,0,4,42,0,46,33,20,52,0,105,128,0,128,233
05/23/2021,MFR,OR,ANM,WE,Federal Contract Tower,33,9,12,0,54,0,3,40,0,43,33,12,52,0,97,66,0,66,163
05/24/2021,MFR,OR,ANM,WE,Federal Contract Tower,31,17,15,0,63,0,2,21,2,25,31,19,36,2,88,8,0,8,96
05/25/2021,MFR,OR,ANM,WE,Federal Contract Tower,31,15,15,6,67,0,3,38,0,41,31,18,53,6,108,56,0,56,164
05/26/2021,MFR,OR,ANM,WE,Federal Contract Tower,35,15,14,0,64,0,2,77,0,79,35,17,91,0,143,56,0,56,199
05/27/2021,MFR,OR,ANM,WE,Federal Contract Tower,36,20,17,0,73,0,2,21,0,23,36,22,38,0,96,12,0,12,108
05/28/2021,MFR,OR,ANM,WE,Federal Contract Tower,33,14,16,0,63,0,1,45,0,46,33,15,61,0,109,46,0,46,155
05/29/2021,MFR,OR,ANM,WE,Federal Contract Tower,35,15,9,0,59,0,3,73,0,76,35,18,82,0,135,48,0,48,183
05/30/2021,MFR,OR,ANM,WE,Federal Contract Tower,38,8,10,0,56,0,3,53,2,58,38,11,63,2,114,22,0,22,136
05/31/2021,MFR,OR,ANM,WE,Federal Contract Tower,32,7,11,0,50,0,0,48,2,50,32,7,59,2,100,16,0,16,116
06/01/2021,MFR,OR,ANM,WE,Federal Contract Tower,30,14,15,0,59,0,7,35,0,42,30,21,50,0,101,16,0,16,117
06/02/2021,MFR,OR,ANM,WE,Federal Contract Tower,37,16,7,1,61,0,6,48,6,60,37,22,55,7,121,28,10,38,159
06/03/2021,MFR,OR,ANM,WE,Federal Contract Tower,39,23,15,4,81,0,8,60,2,70,39,31,75,6,151,18,0,18,169
06/04/2021,MFR,OR,ANM,WE,Federal Contract Tower,33,23,25,0,81,0,4,59,0,63,33,27,84,0,144,30,0,30,174
06/05/2021,MFR,OR,ANM,WE,Federal Contract Tower,32,16,11,2,61,0,5,60,5,70,32,21,71,7,131,96,0,96,227
06/06/2021,MFR,OR,ANM,WE,Federal Contract Tower,35,11,11,0,57,0,4,36,2,42,35,15,47,2,99,16,0,16,115
06/07/2021,MFR,OR,ANM,WE,Federal Contract Tower,28,19,18,0,65,0,4,22,0,26,28,23,40,0,91,42,0,42,133
06/08/2021,MFR,OR,ANM,WE,Federal Contract Tower,28,22,3,0,53,0,0,25,0,25,28,22,28,0,78,16,0,16,94
06/09/2021,MFR,OR,ANM,WE,Federal Contract Tower,31,26,16,3,76,0,3,27,0,30,31,29,43,3,106,34,0,34,140
06/10/2021,MFR,OR,ANM,WE,Federal Contract Tower,42,16,14,0,72,0,2,41,0,43,42,18,55,0,115,10,0,10,125
06/11/2021,MFR,OR,ANM,WE,Federal Contract Tower,29,29,14,0,72,0,4,7,0,11,29,33,21,0,83,0,0,0,83
06/12/2021,MFR,OR,ANM,WE,Federal Contract Tower,35,21,7,0,63,0,2,56,10,68,35,23,63,10,131,56,0,56,187
06/13/2021,MFR,OR,ANM,WE,Federal Contract Tower,32,16,12,1,61,0,0,33,0,33,32,16,45,1,94,32,0,32,126
06/14/2021,MFR,OR,ANM,WE,Federal Contract Tower,34,21,18,0,73,0,1,24,0,25,34,22,42,0,98,24,0,24,122
06/15/2021,MFR,OR,ANM,WE,Federal Contract Tower,28,32,8,0,68,0,10,25,2,37,28,42,33,2,105,20,12,32,137
06/16/2021,MFR,OR,ANM,WE,Federal Contract Tower,28,29,22,1,80,0,3,65,3,71,28,32,87,4,151,8,0,8,159
06/17/2021,MFR,OR,ANM,WE,Federal Contract Tower,31,30,17,5,83,0,4,48,0,52,31,34,65,5,135,8,0,8,143
06/18/2021,MFR,OR,ANM,WE,Federal Contract Tower,27,26,18,0,71,0,5,60,0,65,27,31,78,0,136,24,0,24,160
06/19/2021,MFR,OR,ANM,WE,Federal Contract Tower,29,18,5,0,52,14,10,48,0,72,43,28,53,0,124,40,0,40,164
06/20/2021,MFR,OR,ANM,WE,Federal Contract Tower,34,13,7,0,54,12,5,51,0,68,46,18,58,0,122,8,0,8,130
06/21/2021,MFR,OR,ANM,WE,Federal Contract Tower,28,24,21,0,73,0,3,53,1,57,28,27,74,1,130,14,0,14,144
06/22/2021,MFR,OR,ANM,WE,Federal Contract Tower,30,27,20,3,80,0,3,34,0,37,30,30,54,3,117,12,0,12,129
06/23/2021,MFR,OR,ANM,WE,Federal Contract Tower,32,27,17,0,76,0,3,44,0,47,32,30,61,0,123,16,0,16,139
06/24/2021,MFR,OR,ANM,WE,Federal Contract Tower,38,23,18,0,79,0,10,46,0,56,38,33,64,0,135,18,0,18,153
06/25/2021,MFR,OR,ANM,WE,Federal Contract Tower,28,20,20,0,68,0,5,68,0,73,28,25,88,0,141,20,0,20,161
06/26/2021,MFR,OR,ANM,WE,Federal Contract Tower,30,15,8,1,54,0,13,78,1,92,30,28,86,2,146,22,0,22,168
06/27/2021,MFR,OR,ANM,WE,Federal Contract Tower,34,13,7,0,54,0,4,34,0,38,34,17,41,0,92,26,0,26,118
06/28/2021,MFR,OR,ANM,WE,Federal Contract Tower,26,26,11,0,63,4,7,35,0,46,30,33,46,0,109,26,0,26,135
06/29/2021,MFR,OR,ANM,WE,Federal Contract Tower,26,24,23,0,73,21,2,52,0,75,47,26,75,0,148,48,0,48,196
06/30/2021,MFR,OR,ANM,WE,Federal Contract Tower,29,20,15,2,66,16,8,49,2,75,45,28,64,4,141,16,0,16,157
07/01/2021,MFR,OR,ANM,WE,Federal Contract Tower,38,21,14,0,73,2,1,54,0,57,40,22,68,0,130,34,0,34,164
07/02/2021,MFR,OR,ANM,WE,Federal Contract Tower,28,25,18,0,71,4,2,61,0,67,32,27,79,0,138,26,0,26,164
07/03/2021,MFR,OR,ANM,WE,Federal Contract Tower,28,19,8,0,55,0,3,54,0,57,28,22,62,0,112,42,0,42,154
07/04/2021,MFR,OR,ANM,WE,Federal Contract Tower,28,12,5,0,45,0,4,41,2,47,28,16,46,2,92,14,0,14,106
07/05/2021,MFR,OR,ANM,WE,Federal Contract Tower,29,16,16,0,61,7,2,39,0,48,36,18,55,0,109,2,0,2,111
07/06/2021,MFR,OR,ANM,WE,Federal Contract Tower,26,24,12,0,62,4,1,43,0,48,30,25,55,0,110,8,0,8,118
07/07/2021,MFR,OR,ANM,WE,Federal Contract Tower,27,21,10,3,61,25,3,43,0,71,52,24,53,3,132,2,0,2,134
07/08/2021,MFR,OR,ANM,WE,Federal Contract Tower,33,28,18,0,79,7,6,83,2,98,40,34,101,2,177,76,0,76,253
07/09/2021,MFR,OR,ANM,WE,Federal Contract Tower,30,24,12,0,66,9,2,81,0,92,39,26,93,0,158,64,0,64,222
07/10/2021,MFR,OR,ANM,WE,Federal Contract Tower,28,22,11,1,62,32,4,47,6,89,60,26,58,7,151,6,0,6,157
07/11/2021,MFR,OR,ANM,WE,Federal Contract Tower,33,16,14,0,63,4,3,28,0,35,37,19,42,0,98,28,0,28,126
07/12/2021,MFR,OR,ANM,WE,Federal Contract Tower,26,24,23,0,73,8,1,36,0,45,34,25,59,0,118,0,0,0,118
07/13/2021,MFR,OR,ANM,WE,Federal Contract Tower,27,23,18,6,74,5,1,59,0,65,32,24,77,6,139,14,0,14,153
07/14/2021,MFR,OR,ANM,WE,Federal Contract Tower,29,23,11,3,66,8,3,40,1,52,37,26,51,4,118,0,0,0,118
07/15/2021,MFR,OR,ANM,WE,Federal Contract Tower,30,26,8,1,65,13,1,52,1,67,43,27,60,2,132,48,0,48,180
07/16/2021,MFR,OR,ANM,WE,Federal Contract Tower,30,23,17,0,70,3,4,62,0,69,33,27,79,0,139,58,0,58,197
07/17/2021,MFR,OR,ANM,WE,Federal Contract Tower,31,19,12,0,62,10,6,39,2,57,41,25,51,2,119,14,0,14,133
07/19/2021,MFR,OR,ANM,WE,Federal Contract Tower,27,28,11,0,66,3,3,47,0,53,30,31,58,0,119,2,0,2,121
07/20/2021,MFR,OR,ANM,WE,Federal Contract Tower,26,25,13,0,64,3,4,53,3,63,29,29,66,3,127,14,0,14,141
07/21/2021,MFR,OR,ANM,WE,Federal Contract Tower,28,29,10,2,69,2,1,60,0,63,30,30,70,2,132,18,0,18,150
07/22/2021,MFR,OR,ANM,WE,Federal Contract Tower,33,26,11,1,71,4,9,45,4,62,37,35,56,5,133,12,0,12,145
07/23/2021,MFR,OR,ANM,WE,Federal Contract Tower,27,20,10,0,57,7,14,49,0,70,34,34,59,0,127,46,0,46,173
07/24/2021,MFR,OR,ANM,WE,Federal Contract Tower,31,25,10,0,66,4,4,32,0,40,35,29,42,0,106,22,0,22,128
07/25/2021,MFR,OR,ANM,WE,Federal Contract Tower,31,14,13,0,58,6,5,46,0,57,37,19,59,0,115,24,0,24,139
07/26/2021,MFR,OR,ANM,WE,Federal Contract Tower,29,26,21,1,77,2,3,39,2,46,31,29,60,3,123,6,6,12,135
07/27/2021,MFR,OR,ANM,WE,Federal Contract Tower,26,25,14,0,65,1,2,13,0,16,27,27,27,0,81,4,0,4,85
07/28/2021,MFR,OR,ANM,WE,Federal Contract Tower,29,24,13,2,68,5,2,45,4,56,34,26,58,6,124,48,0,48,172
07/29/2021,MFR,OR,ANM,WE,Federal Contract Tower,32,31,11,0,74,0,8,43,2,53,32,39,54,2,127,54,6,60,187
07/30/2021,MFR,OR,ANM,WE,Federal Contract Tower,27,29,5,0,61,12,15,57,0,84,39,44,62,0,145,42,0,42,187
07/31/2021,MFR,OR,ANM,WE,Federal Contract Tower,27,22,13,0,62,5,20,43,0,68,32,42,56,0,130,14,0,14,144
08/01/2021,MFR,OR,ANM,WE,Federal Contract Tower,34,19,11,3,67,2,9,39,3,53,36,28,50,6,120,34,0,34,154
08/02/2021,MFR,OR,ANM,WE,Federal Contract Tower,27,26,9,7,69,41,20,47,2,110,68,46,56,9,179,0,42,42,221
08/03/2021,MFR,OR,ANM,WE,Federal Contract Tower,23,25,17,4,69,26,13,37,10,86,49,38,54,14,155,22,0,22,177
08/04/2021,MFR,OR,ANM,WE,Federal Contract Tower,30,27,30,1,88,0,0,6,0,6,30,27,36,1,94,0,0,0,94
08/05/2021,MFR,OR,ANM,WE,Federal Contract Tower,32,24,26,0,82,1,4,27,0,32,33,28,53,0,114,12,0,12,126
08/06/2021,MFR,OR,ANM,WE,Federal Contract Tower,30,24,14,2,70,12,5,55,0,72,42,29,69,2,142,34,0,34,176
08/07/2021,MFR,OR,ANM,WE,Federal Contract Tower,28,21,14,0,63,32,4,17,0,53,60,25,31,0,116,26,0,26,142
08/08/2021,MFR,OR,ANM,WE,Federal Contract Tower,31,17,12,0,60,0,5,33,2,40,31,22,45,2,100,30,0,30,130
08/09/2021,MFR,OR,ANM,WE,Federal Contract Tower,29,26,25,2,82,5,3,15,2,25,34,29,40,4,107,2,2,4,111
08/10/2021,MFR,OR,ANM,WE,Federal Contract Tower,27,24,32,0,83,1,2,4,0,7,28,26,36,0,90,0,0,0,90
08/11/2021,MFR,OR,ANM,WE,Federal Contract Tower,27,30,21,0,78,0,0,0,0,0,27,30,21,0,78,0,0,0,78
08/12/2021,MFR,OR,ANM,WE,Federal Contract Tower,32,27,15,0,74,0,0,0,0,0,32,27,15,0,74,0,0,0,74
08/13/2021,MFR,OR,ANM,WE,Federal Contract Tower,27,22,17,0,66,0,0,0,0,0,27,22,17,0,66,0,0,0,66
08/14/2021,MFR,OR,ANM,WE,Federal Contract Tower,26,24,22,0,72,0,0,0,0,0,26,24,22,0,72,0,0,0,72
08/15/2021,MFR,OR,ANM,WE,Federal Contract Tower,32,14,23,0,69,0,0,1,0,1,32,14,24,0,70,0,0,0,70
08/16/2021,MFR,OR,ANM,WE,Federal Contract Tower,26,25,9,0,60,0,9,28,0,37,26,34,37,0,97,38,0,38,135
08/17/2021,MFR,OR,ANM,WE,Federal Contract Tower,23,22,22,0,67,1,10,28,0,39,24,32,50,0,106,30,0,30,136
08/18/2021,MFR,OR,ANM,WE,Federal Contract Tower,20,22,24,0,66,0,3,6,0,9,20,25,30,0,75,0,0,0,75
08/19/2021,MFR,OR,ANM,WE,Federal Contract Tower,25,30,18,2,75,0,5,26,3,34,25,35,44,5,109,56,8,64,173
08/20/2021,MFR,OR,ANM,WE,Federal Contract Tower,27,23,22,0,72,0,1,12,0,13,27,24,34,0,85,6,0,6,91
08/21/2021,MFR,OR,ANM,WE,Federal Contract Tower,23,21,12,0,56,0,0,29,0,29,23,21,41,0,85,54,0,54,139
08/22/2021,MFR,OR,ANM,WE,Federal Contract Tower,22,14,13,0,49,0,2,20,0,22,22,16,33,0,71,56,0,56,127
08/23/2021,MFR,OR,ANM,WE,Federal Contract Tower,25,29,18,0,72,0,1,10,0,11,25,30,28,0,83,6,0,6,89
08/24/2021,MFR,OR,ANM,WE,Federal Contract Tower,20,25,18,0,63,0,0,3,0,3,20,25,21,0,66,0,0,0,66
08/25/2021,MFR,OR,ANM,WE,Federal Contract Tower,21,27,21,0,69,0,0,22,2,24,21,27,43,2,93,2,0,2,95
08/26/2021,MFR,OR,ANM,WE,Federal Contract Tower,23,24,9,3,59,0,2,31,5,38,23,26,40,8,97,16,0,16,113
08/27/2021,MFR,OR,ANM,WE,Federal Contract Tower,26,20,19,0,65,0,1,18,0,19,26,21,37,0,84,12,0,12,96
08/28/2021,MFR,OR,ANM,WE,Federal Contract Tower,27,20,31,0,78,2,0,9,0,11,29,20,40,0,89,4,0,4,93
08/29/2021,MFR,OR,ANM,WE,Federal Contract Tower,23,14,22,0,59,0,0,1,0,1,23,14,23,0,60,0,0,0,60
08/30/2021,MFR,OR,ANM,WE,Federal Contract Tower,28,25,15,3,71,44,5,31,4,84,72,30,46,7,155,56,0,56,211
08/31/2021,MFR,OR,ANM,WE,Federal Contract Tower,26,26,22,0,74,2,0,8,0,10,28,26,30,0,84,0,0,0,84
09/01/2021,MFR,OR,ANM,WE,Federal Contract Tower,25,24,24,0,73,0,1,5,0,6,25,25,29,0,79,0,0,0,79
09/02/2021,MFR,OR,ANM,WE,Federal Contract Tower,28,24,17,0,69,1,2,14,0,17,29,26,31,0,86,6,0,6,92
09/03/2021,MFR,OR,ANM,WE,Federal Contract Tower,22,26,23,0,71,0,0,9,0,9,22,26,32,0,80,20,0,20,100
09/04/2021,MFR,OR,ANM,WE,Federal Contract Tower,23,20,27,0,70,0,0,0,0,0,23,20,27,0,70,0,0,0,70
09/05/2021,MFR,OR,ANM,WE,Federal Contract Tower,25,12,6,0,43,0,0,0,0,0,25,12,6,0,43,0,0,0,43
09/06/2021,MFR,OR,ANM,WE,Federal Contract Tower,30,13,30,0,73,0,0,1,0,1,30,13,31,0,74,0,0,0,74
09/07/2021,MFR,OR,ANM,WE,Federal Contract Tower,24,37,26,0,87,3,6,3,0,12,27,43,29,0,99,0,0,0,99
09/08/2021,MFR,OR,ANM,WE,Federal Contract Tower,27,43,13,1,84,4,2,18,0,24,31,45,31,1,108,20,0,20,128
09/09/2021,MFR,OR,ANM,WE,Federal Contract Tower,29,22,18,0,69,0,3,17,0,20,29,25,35,0,89,10,0,10,99
09/10/2021,MFR,OR,ANM,WE,Federal Contract Tower,30,24,9,0,63,5,2,21,0,28,35,26,30,0,91,20,0,20,111
09/11/2021,MFR,OR,ANM,WE,Federal Contract Tower,25,16,12,0,53,2,4,47,1,54,27,20,59,1,107,78,10,88,195
09/12/2021,MFR,OR,ANM,WE,Federal Contract Tower,29,11,11,0,51,0,6,41,0,47,29,17,52,0,98,30,0,30,128
09/13/2021,MFR,OR,ANM,WE,Federal Contract Tower,29,19,15,0,63,4,3,44,0,51,33,22,59,0,114,38,0,38,152
09/14/2021,MFR,OR,ANM,WE,Federal Contract Tower,25,22,17,0,64,0,8,33,0,41,25,30,50,0,105,50,0,50,155
09/15/2021,MFR,OR,ANM,WE,Federal Contract Tower,28,24,17,0,69,0,2,29,0,31,28,26,46,0,100,16,0,16,116
09/16/2021,MFR,OR,ANM,WE,Federal Contract Tower,27,20,17,0,64,14,7,51,0,72,41,27,68,0,136,40,0,40,176
09/17/2021,MFR,OR,ANM,WE,Federal Contract Tower,31,22,12,1,66,0,3,26,0,29,31,25,38,1,95,16,0,16,111
09/18/2021,MFR,OR,ANM,WE,Federal Contract Tower,25,20,17,0,62,0,0,7,0,7,25,20,24,0,69,8,0,8,77
09/19/2021,MFR,OR,ANM,WE,Federal Contract Tower,27,16,13,0,56,0,0,14,0,14,27,16,27,0,70,4,0,4,74
09/20/2021,MFR,OR,ANM,WE,Federal Contract Tower,33,21,9,0,63,2,4,63,0,69,35,25,72,0,132,28,1,29,161
09/21/2021,MFR,OR,ANM,WE,Federal Contract Tower,24,22,13,0,59,0,1,58,0,59,24,23,71,0,118,24,0,24,142
09/22/2021,MFR,OR,ANM,WE,Federal Contract Tower,28,25,17,0,70,0,6,53,0,59,28,31,70,0,129,56,0,56,185
09/23/2021,MFR,OR,ANM,WE,Federal Contract Tower,30,18,11,3,62,7,4,60,1,72,37,22,71,4,134,26,4,30,164
09/24/2021,MFR,OR,ANM,WE,Federal Contract Tower,31,21,16,0,68,0,3,46,0,49,31,24,62,0,117,18,0,18,135
09/25/2021,MFR,OR,ANM,WE,Federal Contract Tower,25,18,12,0,55,0,1,58,0,59,25,19,70,0,114,18,0,18,132
09/27/2021,MFR,OR,ANM,WE,Federal Contract Tower,32,23,15,0,70,0,0,1,0,1,32,23,16,0,71,0,0,0,71
09/28/2021,MFR,OR,ANM,WE,Federal Contract Tower,25,21,16,4,66,0,3,26,1,30,25,24,42,5,96,4,8,12,108
09/29/2021,MFR,OR,ANM,WE,Federal Contract Tower,26,22,5,1,54,0,2,50,1,53,26,24,55,2,107,40,0,40,147
09/30/2021,MFR,OR,ANM,WE,Federal Contract Tower,29,25,10,2,66,0,1,46,1,48,29,26,56,3,114,10,16,26,140
10/01/2021,MFR,OR,ANM,WE,Federal Contract Tower,31,21,9,0,61,0,0,62,2,64,31,21,71,2,125,20,0,20,145
10/02/2021,MFR,OR,ANM,WE,Federal Contract Tower,25,15,13,0,53,0,1,54,1,56,25,16,67,1,109,18,0,18,127
10/03/2021,MFR,OR,ANM,WE,Federal Contract Tower,29,12,17,3,61,0,0,59,0,59,29,12,76,3,120,18,0,18,138
10/04/2021,MFR,OR,ANM,WE,Federal Contract Tower,31,18,11,0,60,0,4,33,0,37,31,22,44,0,97,14,0,14,111
10/05/2021,MFR,OR,ANM,WE,Federal Contract Tower,28,20,14,0,62,0,3,27,2,32,28,23,41,2,94,40,2,42,136
10/06/2021,MFR,OR,ANM,WE,Federal Contract Tower,29,30,17,0,76,0,7,19,0,26,29,37,36,0,102,12,0,12,114
10/07/2021,MFR,OR,ANM,WE,Federal Contract Tower,38,14,16,0,68,0,3,42,0,45,38,17,58,0,113,22,0,22,135
10/08/2021,MFR,OR,ANM,WE,Federal Contract Tower,31,21,21,0,73,0,0,28,0,28,31,21,49,0,101,18,0,18,119
10/09/2021,MFR,OR,ANM,WE,Federal Contract Tower,23,14,9,0,46,1,4,60,0,65,24,18,69,0,111,26,0,26,137
10/10/2021,MFR,OR,ANM,WE,Federal Contract Tower,31,12,12,0,55,0,3,7,0,10,31,15,19,0,65,6,0,6,71
10/11/2021,MFR,OR,ANM,WE,Federal Contract Tower,36,21,18,0,75,0,0,11,0,11,36,21,29,0,86,0,0,0,86
10/12/2021,MFR,OR,ANM,WE,Federal Contract Tower,29,19,14,2,64,0,14,20,0,34,29,33,34,2,98,12,0,12,110
10/13/2021,MFR,OR,ANM,WE,Federal Contract Tower,25,17,15,0,57,0,0,14,0,14,25,17,29,0,71,4,0,4,75
10/14/2021,MFR,OR,ANM,WE,Federal Contract Tower,32,17,13,1,63,0,3,42,1,46,32,20,55,2,109,26,0,26,135
10/15/2021,MFR,OR,ANM,WE,Federal Contract Tower,31,16,7,0,54,0,1,55,2,58,31,17,62,2,112,20,0,20,132
10/16/2021,MFR,OR,ANM,WE,Federal Contract Tower,25,16,5,0,46,0,3,66,0,69,25,19,71,0,115,44,0,44,159
10/17/2021,MFR,OR,ANM,WE,Federal Contract Tower,33,13,7,1,54,0,0,33,1,34,33,13,40,2,88,20,4,24,112
10/18/2021,MFR,OR,ANM,WE,Federal Contract Tower,33,18,12,0,63,0,1,26,3,30,33,19,38,3,93,18,8,26,119
10/19/2021,MFR,OR,ANM,WE,Federal Contract Tower,33,19,15,2,69,0,2,30,4,36,33,21,45,6,105,28,4,32,137
10/20/2021,MFR,OR,ANM,WE,Federal Contract Tower,25,19,17,0,61,0,1,17,0,18,25,20,34,0,79,22,0,22,101
10/21/2021,MFR,OR,ANM,WE,Federal Contract Tower,27,15,6,0,48,0,0,8,0,8,27,15,14,0,56,8,0,8,64
10/22/2021,MFR,OR,ANM,WE,Federal Contract Tower,27,22,8,0,57,0,0,14,0,14,27,22,22,0,71,32,0,32,103
10/23/2021,MFR,OR,ANM,WE,Federal Contract Tower,27,22,10,0,59,0,0,2,0,2,27,22,12,0,61,0,0,0,61
10/24/2021,MFR,OR,ANM,WE,Federal Contract Tower,31,11,11,2,55,0,0,0,0,0,31,11,11,2,55,0,0,0,55
10/25/2021,MFR,OR,ANM,WE,Federal Contract Tower,32,13,9,0,54,0,0,7,0,7,32,13,16,0,61,28,0,28,89
10/26/2021,MFR,OR,ANM,WE,Federal Contract Tower,28,32,13,0,73,0,1,12,0,13,28,33,25,0,86,30,0,30,116
10/27/2021,MFR,OR,ANM,WE,Federal Contract Tower,25,18,19,2,64,0,0,10,0,10,25,18,29,2,74,36,0,36,110
10/28/2021,MFR,OR,ANM,WE,Federal Contract Tower,32,17,10,1,60,0,1,63,2,66,32,18,73,3,126,70,12,82,208
10/29/2021,MFR,OR,ANM,WE,Federal Contract Tower,31,22,21,0,74,0,0,12,0,12,31,22,33,0,86,14,0,14,100
10/30/2021,MFR,OR,ANM,WE,Federal Contract Tower,25,15,4,0,44,0,0,4,0,4,25,15,8,0,48,0,0,0,48
10/31/2021,MFR,OR,ANM,WE,Federal Contract Tower,28,11,13,0,52,0,0,33,0,33,28,11,46,0,85,48,0,48,133
11/01/2021,MFR,OR,ANM,WE,Federal Contract Tower,28,19,5,0,52,0,1,5,0,6,28,20,10,0,58,16,0,16,74
11/02/2021,MFR,OR,ANM,WE,Federal Contract Tower,22,26,20,0,68,0,2,45,0,47,22,28,65,0,115,26,0,26,141
11/03/2021,MFR,OR,ANM,WE,Federal Contract Tower,19,24,16,2,61,0,5,27,1,33,19,29,43,3,94,35,2,37,131
11/04/2021,MFR,OR,ANM,WE,Federal Contract Tower,25,27,11,0,63,0,0,16,0,16,25,27,27,0,79,18,0,18,97
11/05/2021,MFR,OR,ANM,WE,Federal Contract Tower,28,24,16,0,68,0,0,3,0,3,28,24,19,0,71,0,0,0,71
11/06/2021,MFR,OR,ANM,WE,Federal Contract Tower,20,17,7,2,46,0,0,17,0,17,20,17,24,2,63,2,0,2,65
11/07/2021,MFR,OR,ANM,WE,Federal Contract Tower,26,13,19,0,58,0,0,39,0,39,26,13,58,0,97,26,0,26,123
11/08/2021,MFR,OR,ANM,WE,Federal Contract Tower,28,22,17,3,70,0,0,19,1,20,28,22,36,4,90,10,16,26,116
11/09/2021,MFR,OR,ANM,WE,Federal Contract Tower,20,32,24,1,77,0,0,20,0,20,20,32,44,1,97,32,0,32,129
11/10/2021,MFR,OR,ANM,WE,Federal Contract Tower,19,28,10,0,57,0,0,5,0,5,19,28,15,0,62,8,0,8,70
11/11/2021,MFR,OR,ANM,WE,Federal Contract Tower,23,25,10,1,59,0,0,55,1,56,23,25,65,2,115,68,0,68,183
11/12/2021,MFR,OR,ANM,WE,Federal Contract Tower,26,28,19,0,73,0,0,0,0,0,26,28,19,0,73,0,0,0,73
11/13/2021,MFR,OR,ANM,WE,Federal Contract Tower,20,20,15,0,55,0,0,0,0,0,20,20,15,0,55,0,0,0,55
11/14/2021,MFR,OR,ANM,WE,Federal Contract Tower,27,13,23,0,63,0,0,0,0,0,27,13,23,0,63,0,0,0,63
11/15/2021,MFR,OR,ANM,WE,Federal Contract Tower,26,22,26,0,74,0,0,2,0,2,26,22,28,0,76,4,0,4,80
11/16/2021,MFR,OR,ANM,WE,Federal Contract Tower,20,27,13,0,60,0,0,58,0,58,20,27,71,0,118,18,0,18,136
11/17/2021,MFR,OR,ANM,WE,Federal Contract Tower,19,30,15,0,64,0,0,29,0,29,19,30,44,0,93,16,0,16,109
11/18/2021,MFR,OR,ANM,WE,Federal Contract Tower,25,23,9,0,57,0,0,23,0,23,25,23,32,0,80,42,0,42,122
11/19/2021,MFR,OR,ANM,WE,Federal Contract Tower,27,28,12,4,71,0,1,21,0,22,27,29,33,4,93,32,0,32,125
11/20/2021,MFR,OR,ANM,WE,Federal Contract Tower,14,22,19,0,55,0,0,15,0,15,14,22,34,0,70,14,0,14,84
11/21/2021,MFR,OR,ANM,WE,Federal Contract Tower,26,16,19,0,61,0,0,25,0,25,26,16,44,0,86,32,0,32,118
11/22/2021,MFR,OR,ANM,WE,Federal Contract Tower,30,27,15,0,72,0,1,16,0,17,30,28,31,0,89,22,0,22,111
11/23/2021,MFR,OR,ANM,WE,Federal Contract Tower,24,43,13,7,87,0,22,2,0,24,24,65,15,7,111,6,16,22,133
11/24/2021,MFR,OR,ANM,WE,Federal Contract Tower,28,28,7,0,63,0,1,39,0,40,28,29,46,0,103,40,0,40,143
11/25/2021,MFR,OR,ANM,WE,Federal Contract Tower,15,7,5,0,27,0,0,10,0,10,15,7,15,0,37,14,0,14,51
11/26/2021,MFR,OR,ANM,WE,Federal Contract Tower,19,28,6,0,53,0,0,15,0,15,19,28,21,0,68,30,0,30,98
11/27/2021,MFR,OR,ANM,WE,Federal Contract Tower,22,22,15,0,59,0,0,21,0,21,22,22,36,0,80,40,0,40,120
11/28/2021,MFR,OR,ANM,WE,Federal Contract Tower,23,14,21,0,58,0,0,0,0,0,23,14,21,0,58,0,0,0,58
11/29/2021,MFR,OR,ANM,WE,Federal Contract Tower,22,28,15,0,65,0,0,0,0,0,22,28,15,0,65,0,0,0,65
11/30/2021,MFR,OR,ANM,WE,Federal Contract Tower,21,41,16,0,78,0,0,3,0,3,21,41,19,0,81,0,0,0,81
12/01/2021,MFR,OR,ANM,WE,Federal Contract Tower,20,29,18,0,67,0,0,0,0,0,20,29,18,0,67,0,0,0,67
12/02/2021,MFR,OR,ANM,WE,Federal Contract Tower,26,35,26,0,87,0,0,0,0,0,26,35,26,0,87,0,0,0,87
12/03/2021,MFR,OR,ANM,WE,Federal Contract Tower,27,28,24,0,79,0,0,0,0,0,27,28,24,0,79,0,0,0,79
12/04/2021,MFR,OR,ANM,WE,Federal Contract Tower,18,18,19,2,57,0,0,0,0,0,18,18,19,2,57,0,0,0,57
12/05/2021,MFR,OR,ANM,WE,Federal Contract Tower,22,10,19,0,51,0,0,0,0,0,22,10,19,0,51,0,0,0,51
12/06/2021,MFR,OR,ANM,WE,Federal Contract Tower,26,20,23,0,69,0,0,3,0,3,26,20,26,0,72,0,0,0,72
12/07/2021,MFR,OR,ANM,WE,Federal Contract Tower,18,33,30,0,81,0,0,0,0,0,18,33,30,0,81,0,0,0,81
12/08/2021,MFR,OR,ANM,WE,Federal Contract Tower,17,31,13,0,61,0,0,5,0,5,17,31,18,0,66,12,0,12,78
12/09/2021,MFR,OR,ANM,WE,Federal Contract Tower,23,31,22,3,79,0,0,36,0,36,23,31,58,3,115,86,0,86,201
12/10/2021,MFR,OR,ANM,WE,Federal Contract Tower,26,34,24,2,86,0,1,71,0,72,26,35,95,2,158,4,0,4,162
12/11/2021,MFR,OR,ANM,WE,Federal Contract Tower,16,12,8,0,36,0,0,31,0,31,16,12,39,0,67,16,0,16,83
12/12/2021,MFR,OR,ANM,WE,Federal Contract Tower,23,14,7,0,44,0,0,2,0,2,23,14,9,0,46,0,0,0,46
12/13/2021,MFR,OR,ANM,WE,Federal Contract Tower,25,24,11,0,60,0,0,0,0,0,25,24,11,0,60,0,0,0,60
12/14/2021,MFR,OR,ANM,WE,Federal Contract Tower,18,34,13,0,65,0,1,10,0,11,18,35,23,0,76,8,0,8,84
12/15/2021,MFR,OR,ANM,WE,Federal Contract Tower,20,31,10,0,61,0,0,0,0,0,20,31,10,0,61,0,0,0,61
12/16/2021,MFR,OR,ANM,WE,Federal Contract Tower,26,28,23,0,77,0,0,0,0,0,26,28,23,0,77,0,0,0,77
12/17/2021,MFR,OR,ANM,WE,Federal Contract Tower,25,32,18,0,75,0,0,30,0,30,25,32,48,0,105,0,0,0,105
12/18/2021,MFR,OR,ANM,WE,Federal Contract Tower,19,17,7,0,43,0,0,31,0,31,19,17,38,0,74,12,0,12,86
12/19/2021,MFR,OR,ANM,WE,Federal Contract Tower,18,15,16,0,49,0,0,10,0,10,18,15,26,0,59,30,0,30,89
12/20/2021,MFR,OR,ANM,WE,Federal Contract Tower,24,21,21,0,66,0,3,18,0,21,24,24,39,0,87,30,0,30,117
12/21/2021,MFR,OR,ANM,WE,Federal Contract Tower,19,31,20,0,70,0,0,16,0,16,19,31,36,0,86,8,0,8,94
12/22/2021,MFR,OR,ANM,WE,Federal Contract Tower,21,31,8,0,60,0,0,0,0,0,21,31,8,0,60,0,0,0,60
12/23/2021,MFR,OR,ANM,WE,Federal Contract Tower,19,35,8,0,62,0,0,0,0,0,19,35,8,0,62,0,0,0,62
12/24/2021,MFR,OR,ANM,WE,Federal Contract Tower,23,25,7,0,55,0,0,0,0,0,23,25,7,0,55,0,0,0,55
12/25/2021,MFR,OR,ANM,WE,Federal Contract Tower,22,11,9,0,42,0,0,0,0,0,22,11,9,0,42,0,0,0,42
12/26/2021,MFR,OR,ANM,WE,Federal Contract Tower,12,11,9,0,32,0,0,0,0,0,12,11,9,0,32,0,0,0,32
12/27/2021,MFR,OR,ANM,WE,Federal Contract Tower,18,20,4,0,42,0,0,3,0,3,18,20,7,0,45,18,0,18,63
12/28/2021,MFR,OR,ANM,WE,Federal Contract Tower,13,24,6,0,43,0,0,0,0,0,13,24,6,0,43,0,0,0,43
12/29/2021,MFR,OR,ANM,WE,Federal Contract Tower,15,27,13,0,55,0,0,12,0,12,15,27,25,0,67,40,0,40,107
12/30/2021,MFR,OR,ANM,WE,Federal Contract Tower,16,29,7,0,52,0,0,17,0,17,16,29,24,0,69,34,0,34,103
12/31/2021,MFR,OR,ANM,WE,Federal Contract Tower,18,20,10,0,48,0,0,6,0,6,18,20,16,0,54,0,0,0,54
01/01/2022,MFR,OR,ANM,WE,Federal Contract Tower,24,16,15,0,55,0,4,54,0,58,24,20,69,0,113,44,0,44,157
01/02/2022,MFR,OR,ANM,WE,Federal Contract Tower,15,15,14,0,44,0,0,17,0,17,15,15,31,0,61,16,0,16,77
01/03/2022,MFR,OR,ANM,WE,Federal Contract Tower,21,23,9,0,53,0,0,0,0,0,21,23,9,0,53,0,0,0,53
01/04/2022,MFR,OR,ANM,WE,Federal Contract Tower,18,23,19,0,60,0,1,6,0,7,18,24,25,0,67,10,0,10,77
01/05/2022,MFR,OR,ANM,WE,Federal Contract Tower,20,26,3,4,53,0,0,10,0,10,20,26,13,4,63,30,0,30,93
01/06/2022,MFR,OR,ANM,WE,Federal Contract Tower,26,26,9,0,61,0,0,14,0,14,26,26,23,0,75,26,0,26,101
01/07/2022,MFR,OR,ANM,WE,Federal Contract Tower,26,23,14,0,63,0,0,27,0,27,26,23,41,0,90,54,0,54,144
01/08/2022,MFR,OR,ANM,WE,Federal Contract Tower,16,17,10,0,43,0,1,48,0,49,16,18,58,0,92,36,0,36,128
01/09/2022,MFR,OR,ANM,WE,Federal Contract Tower,24,14,9,0,47,1,0,63,0,64,25,14,72,0,111,78,0,78,189
01/10/2022,MFR,OR,ANM,WE,Federal Contract Tower,28,24,16,0,68,0,2,37,0,39,28,26,53,0,107,44,0,44,151
01/11/2022,MFR,OR,ANM,WE,Federal Contract Tower,23,21,10,0,54,0,3,43,1,47,23,24,53,1,101,46,0,46,147
01/12/2022,MFR,OR,ANM,WE,Federal Contract Tower,21,23,3,5,52,0,0,48,1,49,21,23,51,6,101,62,12,74,175
01/13/2022,MFR,OR,ANM,WE,Federal Contract Tower,28,22,11,0,61,0,3,23,0,26,28,25,34,0,87,30,0,30,117
01/14/2022,MFR,OR,ANM,WE,Federal Contract Tower,27,24,10,0,61,0,0,42,0,42,27,24,52,0,103,32,0,32,135
01/15/2022,MFR,OR,ANM,WE,Federal Contract Tower,18,15,5,0,38,0,0,58,0,58,18,15,63,0,96,54,0,54,150
01/16/2022,MFR,OR,ANM,WE,Federal Contract Tower,21,10,7,0,38,0,1,56,0,57,21,11,63,0,95,20,0,20,115
01/17/2022,MFR,OR,ANM,WE,Federal Contract Tower,25,17,20,0,62,0,1,35,0,36,25,18,55,0,98,14,0,14,112
01/18/2022,MFR,OR,ANM,WE,Federal Contract Tower,23,25,10,0,58,0,0,25,0,25,23,25,35,0,83,28,0,28,111
01/19/2022,MFR,OR,ANM,WE,Federal Contract Tower,18,22,7,0,47,0,0,30,0,30,18,22,37,0,77,46,0,46,123
01/20/2022,MFR,OR,ANM,WE,Federal Contract Tower,24,26,17,0,67,0,0,45,0,45,24,26,62,0,112,32,0,32,144
01/21/2022,MFR,OR,ANM,WE,Federal Contract Tower,26,19,8,14,67,0,0,32,0,32,26,19,40,14,99,16,0,16,115
01/22/2022,MFR,OR,ANM,WE,Federal Contract Tower,13,9,16,0,38,0,5,51,0,56,13,14,67,0,94,12,0,12,106
01/23/2022,MFR,OR,ANM,WE,Federal Contract Tower,27,10,17,0,54,0,0,37,0,37,27,10,54,0,91,102,0,102,193
01/24/2022,MFR,OR,ANM,WE,Federal Contract Tower,30,23,10,8,71,0,0,19,0,19,30,23,29,8,90,0,8,8,98
01/25/2022,MFR,OR,ANM,WE,Federal Contract Tower,21,20,13,4,58,0,2,30,0,32,21,22,43,4,90,18,0,18,108
01/26/2022,MFR,OR,ANM,WE,Federal Contract Tower,25,21,12,1,59,0,1,37,1,39,25,22,49,2,98,8,0,8,106
01/27/2022,MFR,OR,ANM,WE,Federal Contract Tower,25,21,9,0,55,0,1,2,0,3,25,22,11,0,58,20,0,20,78
01/28/2022,MFR,OR,ANM,WE,Federal Contract Tower,27,19,24,1,71,0,1,39,6,46,27,20,63,7,117,24,10,34,151
01/29/2022,MFR,OR,ANM,WE,Federal Contract Tower,20,10,8,0,38,0,2,43,0,45,20,12,51,0,83,24,0,24,107
01/30/2022,MFR,OR,ANM,WE,Federal Contract Tower,25,12,8,0,45,0,2,32,0,34,25,14,40,0,79,44,0,44,123
01/31/2022,MFR,OR,ANM,WE,Federal Contract Tower,31,18,9,6,64,0,0,13,4,17,31,18,22,10,81,6,0,6,87
02/01/2022,MFR,OR,ANM,WE,Federal Contract Tower,27,27,9,6,69,0,3,22,5,30,27,30,31,11,99,68,12,80,179
02/02/2022,MFR,OR,ANM,WE,Federal Contract Tower,20,22,6,0,48,0,1,24,0,25,20,23,30,0,73,22,0,22,95
02/03/2022,MFR,OR,ANM,WE,Federal Contract Tower,28,17,4,1,50,0,2,45,1,48,28,19,49,2,98,46,6,52,150
02/04/2022,MFR,OR,ANM,WE,Federal Contract Tower,31,24,9,5,69,0,2,26,0,28,31,26,35,5,97,78,16,94,191
02/05/2022,MFR,OR,ANM,WE,Federal Contract Tower,20,21,15,0,56,0,1,54,0,55,20,22,69,0,111,42,0,42,153
02/06/2022,MFR,OR,ANM,WE,Federal Contract Tower,28,11,11,0,50,0,0,43,0,43,28,11,54,0,93,8,0,8,101
02/07/2022,MFR,OR,ANM,WE,Federal Contract Tower,28,17,14,0,59,0,1,42,1,44,28,18,56,1,103,20,30,50,153
02/08/2022,MFR,OR,ANM,WE,Federal Contract Tower,22,25,16,0,63,0,2,35,0,37,22,27,51,0,100,24,0,24,124
02/09/2022,MFR,OR,ANM,WE,Federal Contract Tower,22,23,9,0,54,0,3,52,0,55,22,26,61,0,109,66,0,66,175
02/10/2022,MFR,OR,ANM,WE,Federal Contract Tower,28,24,9,0,61,0,2,55,0,57,28,26,64,0,118,48,2,50,168
02/11/2022,MFR,OR,ANM,WE,Federal Contract Tower,29,21,9,0,59,0,0,62,0,62,29,21,71,0,121,42,0,42,163
02/12/2022,MFR,OR,ANM,WE,Federal Contract Tower,18,12,8,0,38,0,1,66,0,67,18,13,74,0,105,14,0,14,119
02/13/2022,MFR,OR,ANM,WE,Federal Contract Tower,22,13,7,0,42,0,0,68,0,68,22,13,75,0,110,70,0,70,180
02/14/2022,MFR,OR,ANM,WE,Federal Contract Tower,28,21,8,0,57,0,1,12,0,13,28,22,20,0,70,32,0,32,102
02/15/2022,MFR,OR,ANM,WE,Federal Contract Tower,23,26,16,2,67,0,0,34,0,34,23,26,50,2,101,34,0,34,135
02/16/2022,MFR,OR,ANM,WE,Federal Contract Tower,19,23,17,0,59,0,2,63,0,65,19,25,80,0,124,60,0,60,184
02/17/2022,MFR,OR,ANM,WE,Federal Contract Tower,25,22,24,0,71,0,2,37,0,39,25,24,61,0,110,16,0,16,126
02/18/2022,MFR,OR,ANM,WE,Federal Contract Tower,26,22,11,0,59,0,1,71,0,72,26,23,82,0,131,52,0,52,183
02/19/2022,MFR,OR,ANM,WE,Federal Contract Tower,18,14,17,0,49,0,1,46,0,47,18,15,63,0,96,64,0,64,160
02/20/2022,MFR,OR,ANM,WE,Federal Contract Tower,22,11,21,0,54,0,0,24,0,24,22,11,45,0,78,32,0,32,110
02/21/2022,MFR,OR,ANM,WE,Federal Contract Tower,31,16,5,0,52,0,0,0,0,0,31,16,5,0,52,0,0,0,52
02/22/2022,MFR,OR,ANM,WE,Federal Contract Tower,22,21,8,0,51,0,0,8,0,8,22,21,16,0,59,8,0,8,67
02/23/2022,MFR,OR,ANM,WE,Federal Contract Tower,22,20,9,0,51,0,4,54,1,59,22,24,63,1,110,28,0,28,138
02/24/2022,MFR,OR,ANM,WE,Federal Contract Tower,29,22,10,0,61,0,2,35,0,37,29,24,45,0,98,38,0,38,136
02/25/2022,MFR,OR,ANM,WE,Federal Contract Tower,28,24,9,1,62,0,1,61,4,66,28,25,70,5,128,42,2,44,172
02/26/2022,MFR,OR,ANM,WE,Federal Contract Tower,19,14,7,0,40,0,1,32,0,33,19,15,39,0,73,12,0,12,85
02/27/2022,MFR,OR,ANM,WE,Federal Contract Tower,27,16,16,0,59,0,0,25,0,25,27,16,41,0,84,10,0,10,94
02/28/2022,MFR,OR,ANM,WE,Federal Contract Tower,23,21,7,1,52,0,0,16,1,17,23,21,23,2,69,52,0,52,121
03/01/2022,MFR,OR,ANM,WE,Federal Contract Tower,23,24,23,0,70,0,1,33,0,34,23,25,56,0,104,58,0,58,162
03/02/2022,MFR,OR,ANM,WE,Federal Contract Tower,23,21,16,7,67,0,25,1,0,26,23,46,17,7,93,12,8,20,113
03/03/2022,MFR,OR,ANM,WE,Federal Contract Tower,27,27,11,0,65,0,0,18,0,18,27,27,29,0,83,28,0,28,111
03/04/2022,MFR,OR,ANM,WE,Federal Contract Tower,26,21,16,0,63,0,1,18,0,19,26,22,34,0,82,6,0,6,88
03/05/2022,MFR,OR,ANM,WE,Federal Contract Tower,17,12,7,0,36,0,1,31,0,32,17,13,38,0,68,48,0,48,116
03/06/2022,MFR,OR,ANM,WE,Federal Contract Tower,26,15,15,0,56,0,1,50,1,52,26,16,65,1,108,12,0,12,120
03/07/2022,MFR,OR,ANM,WE,Federal Contract Tower,22,23,7,8,60,0,0,38,2,40,22,23,45,10,100,12,0,12,112
03/08/2022,MFR,OR,ANM,WE,Federal Contract Tower,24,23,14,3,64,0,1,25,0,26,24,24,39,3,90,10,0,10,100
03/09/2022,MFR,OR,ANM,WE,Federal Contract Tower,22,21,29,0,72,0,1,30,1,32,22,22,59,1,104,14,0,14,118
03/10/2022,MFR,OR,ANM,WE,Federal Contract Tower,23,19,17,2,61,0,0,39,1,40,23,19,56,3,101,6,0,6,107
03/11/2022,MFR,OR,ANM,WE,Federal Contract Tower,24,21,6,7,58,0,1,56,0,57,24,22,62,7,115,46,0,46,161
03/12/2022,MFR,OR,ANM,WE,Federal Contract Tower,17,13,6,1,37,0,1,27,0,28,17,14,33,1,65,2,0,2,67
03/13/2022,MFR,OR,ANM,WE,Federal Contract Tower,24,10,5,0,39,0,0,22,0,22,24,10,27,0,61,8,0,8,69
03/14/2022,MFR,OR,ANM,WE,Federal Contract Tower,23,24,13,0,60,0,0,17,0,17,23,24,30,0,77,18,0,18,95
03/15/2022,MFR,OR,ANM,WE,Federal Contract Tower,24,20,13,0,57,0,0,13,0,13,24,20,26,0,70,0,0,0,70
03/16/2022,MFR,OR,ANM,WE,Federal Contract Tower,22,21,20,10,73,0,0,48,4,52,22,21,68,14,125,28,18,46,171
03/17/2022,MFR,OR,ANM,WE,Federal Contract Tower,31,21,11,2,65,0,5,26,1,32,31,26,37,3,97,30,0,30,127
03/18/2022,MFR,OR,ANM,WE,Federal Contract Tower,30,21,20,2,73,0,4,37,0,41,30,25,57,2,114,6,0,6,120
03/19/2022,MFR,OR,ANM,WE,Federal Contract Tower,26,13,15,0,54,0,1,4,0,5,26,14,19,0,59,14,0,14,73
03/20/2022,MFR,OR,ANM,WE,Federal Contract Tower,34,11,9,2,56,0,0,52,0,52,34,11,61,2,108,66,0,66,174
03/21/2022,MFR,OR,ANM,WE,Federal Contract Tower,31,21,17,1,70,0,0,11,0,11,31,21,28,1,81,6,0,6,87
03/22/2022,MFR,OR,ANM,WE,Federal Contract Tower,26,29,12,0,67,0,1,35,0,36,26,30,47,0,103,16,0,16,119
03/23/2022,MFR,OR,ANM,WE,Federal Contract Tower,26,20,10,0,56,0,0,50,0,50,26,20,60,0,106,54,0,54,160
03/24/2022,MFR,OR,ANM,WE,Federal Contract Tower,32,24,12,1,69,0,5,60,0,65,32,29,72,1,134,32,22,54,188
03/25/2022,MFR,OR,ANM,WE,Federal Contract Tower,30,20,13,0,63,1,4,58,0,63,31,24,71,0,126,72,0,72,198
03/26/2022,MFR,OR,ANM,WE,Federal Contract Tower,24,9,9,0,42,0,3,40,0,43,24,12,49,0,85,28,0,28,113
03/27/2022,MFR,OR,ANM,WE,Federal Contract Tower,36,9,6,0,51,0,1,34,0,35,36,10,40,0,86,64,0,64,150
03/28/2022,MFR,OR,ANM,WE,Federal Contract Tower,32,21,14,0,67,0,0,30,0,30,32,21,44,0,97,12,0,12,109
03/29/2022,MFR,OR,ANM,WE,Federal Contract Tower,28,23,15,0,66,0,1,42,0,43,28,24,57,0,109,20,0,20,129
03/30/2022,MFR,OR,ANM,WE,Federal Contract Tower,28,27,13,1,69,0,1,21,1,23,28,28,34,2,92,58,4,62,154
03/31/2022,MFR,OR,ANM,WE,Federal Contract Tower,34,17,12,0,63,0,4,55,0,59,34,21,67,0,122,46,0,46,168
04/01/2022,MFR,OR,ANM,WE,Federal Contract Tower,31,17,10,15,73,0,2,51,1,54,31,19,61,16,127,68,6,74,201
04/02/2022,MFR,OR,ANM,WE,Federal Contract Tower,21,13,8,0,42,0,1,58,0,59,21,14,66,0,101,24,0,24,125
04/03/2022,MFR,OR,ANM,WE,Federal Contract Tower,34,7,10,2,53,0,0,33,0,33,34,7,43,2,86,26,0,26,112
04/04/2022,MFR,OR,ANM,WE,Federal Contract Tower,32,17,14,0,63,0,0,0,0,0,32,17,14,0,63,0,0,0,63
04/05/2022,MFR,OR,ANM,WE,Federal Contract Tower,25,18,16,0,59,0,0,41,0,41,25,18,57,0,100,28,0,28,128
04/06/2022,MFR,OR,ANM,WE,Federal Contract Tower,27,16,14,2,59,0,1,57,2,60,27,17,71,4,119,54,16,70,189
04/07/2022,MFR,OR,ANM,WE,Federal Contract Tower,34,18,20,0,72,0,5,63,1,69,34,23,83,1,141,26,4,30,171
04/08/2022,MFR,OR,ANM,WE,Federal Contract Tower,30,22,17,3,72,0,1,37,3,41,30,23,54,6,113,64,4,68,181
04/09/2022,MFR,OR,ANM,WE,Federal Contract Tower,23,13,16,0,52,0,3,35,0,38,23,16,51,0,90,18,0,18,108
04/10/2022,MFR,OR,ANM,WE,Federal Contract Tower,34,12,15,0,61,0,0,12,0,12,34,12,27,0,73,28,0,28,101
04/11/2022,MFR,OR,ANM,WE,Federal Contract Tower,34,20,7,0,61,0,0,0,0,0,34,20,7,0,61,0,0,0,61
04/12/2022,MFR,OR,ANM,WE,Federal Contract Tower,27,21,4,2,54,0,0,6,0,6,27,21,10,2,60,16,0,16,76
04/13/2022,MFR,OR,ANM,WE,Federal Contract Tower,26,21,19,8,74,0,0,0,0,0,26,21,19,8,74,0,0,0,74
04/14/2022,MFR,OR,ANM,WE,Federal Contract Tower,35,20,22,0,77,0,0,14,0,14,35,20,36,0,91,22,0,22,113
04/15/2022,MFR,OR,ANM,WE,Federal Contract Tower,31,20,11,1,63,0,1,42,1,44,31,21,53,2,107,24,0,24,131
04/16/2022,MFR,OR,ANM,WE,Federal Contract Tower,24,14,17,2,57,0,0,15,0,15,24,14,32,2,72,14,0,14,86
04/17/2022,MFR,OR,ANM,WE,Federal Contract Tower,36,9,20,0,65,0,0,40,0,40,36,9,60,0,105,34,0,34,139
04/18/2022,MFR,OR,ANM,WE,Federal Contract Tower,30,19,12,0,61,0,0,17,0,17,30,19,29,0,78,14,0,14,92
04/19/2022,MFR,OR,ANM,WE,Federal Contract Tower,26,18,16,0,60,0,0,6,0,6,26,18,22,0,66,14,0,14,80
04/20/2022,MFR,OR,ANM,WE,Federal Contract Tower,29,22,15,0,66,0,0,4,0,4,29,22,19,0,70,8,0,8,78
04/21/2022,MFR,OR,ANM,WE,Federal Contract Tower,37,20,7,0,64,0,0,24,0,24,37,20,31,0,88,30,0,30,118
04/22/2022,MFR,OR,ANM,WE,Federal Contract Tower,27,16,19,2,64,0,0,56,0,56,27,16,75,2,120,52,0,52,172
04/23/2022,MFR,OR,ANM,WE,Federal Contract Tower,25,14,10,0,49,0,1,75,0,76,25,15,85,0,125,82,0,82,207
04/24/2022,MFR,OR,ANM,WE,Federal Contract Tower,38,11,17,0,66,0,0,59,0,59,38,11,76,0,125,36,0,36,161
04/25/2022,MFR,OR,ANM,WE,Federal Contract Tower,30,18,11,0,59,0,1,40,0,41,30,19,51,0,100,16,0,16,116
04/26/2022,MFR,OR,ANM,WE,Federal Contract Tower,27,18,8,4,57,0,2,47,2,51,27,20,55,6,108,38,0,38,146
04/27/2022,MFR,OR,ANM,WE,Federal Contract Tower,28,24,17,2,71,0,2,36,2,40,28,26,53,4,111,14,6,20,131
04/28/2022,MFR,OR,ANM,WE,Federal Contract Tower,37,19,10,0,66,0,0,13,0,13,37,19,23,0,79,18,0,18,97
04/29/2022,MFR,OR,ANM,WE,Federal Contract Tower,27,16,18,0,61,0,1,50,2,53,27,17,68,2,114,48,0,48,162
04/30/2022,MFR,OR,ANM,WE,Federal Contract Tower,25,19,20,0,64,0,1,7,0,8,25,20,27,0,72,0,0,0,72
05/01/2022,MFR,OR,ANM,WE,Federal Contract Tower,32,10,12,0,54,0,0,69,0,69,32,10,81,0,123,52,0,52,175
05/02/2022,MFR,OR,ANM,WE,Federal Contract Tower,33,18,6,0,57,0,0,11,0,11,33,18,17,0,68,4,0,4,72
05/03/2022,MFR,OR,ANM,WE,Federal Contract Tower,27,18,16,0,61,0,3,36,0,39,27,21,52,0,100,10,0,10,110
05/04/2022,MFR,OR,ANM,WE,Federal Contract Tower,27,19,12,7,65,0,1,69,1,71,27,20,81,8,136,52,18,70,206
05/05/2022,MFR,OR,ANM,WE,Federal Contract Tower,34,20,22,0,76,0,0,5,0,5,34,20,27,0,81,18,0,18,99
05/06/2022,MFR,OR,ANM,WE,Federal Contract Tower,31,21,16,0,68,0,2,14,0,16,31,23,30,0,84,12,0,12,96
05/07/2022,MFR,OR,ANM,WE,Federal Contract Tower,21,18,7,2,48,0,0,9,0,9,21,18,16,2,57,8,0,8,65
05/08/2022,MFR,OR,ANM,WE,Federal Contract Tower,32,10,11,0,53,0,0,0,0,0,32,10,11,0,53,0,0,0,53
05/09/2022,MFR,OR,ANM,WE,Federal Contract Tower,30,23,18,0,71,0,0,18,0,18,30,23,36,0,89,0,0,0,89
05/10/2022,MFR,OR,ANM,WE,Federal Contract Tower,25,19,23,0,67,0,0,7,1,8,25,19,30,1,75,0,0,0,75
05/11/2022,MFR,OR,ANM,WE,Federal Contract Tower,25,19,17,2,63,0,0,65,0,65,25,19,82,2,128,38,0,38,166
05/12/2022,MFR,OR,ANM,WE,Federal Contract Tower,31,28,25,0,84,0,1,23,0,24,31,29,48,0,108,26,0,26,134
05/13/2022,MFR,OR,ANM,WE,Federal Contract Tower,29,23,26,0,78,0,0,37,0,37,29,23,63,0,115,26,0,26,141
05/14/2022,MFR,OR,ANM,WE,Federal Contract Tower,23,14,9,0,46,0,1,20,0,21,23,15,29,0,67,0,0,0,67
05/15/2022,MFR,OR,ANM,WE,Federal Contract Tower,35,14,14,0,63,0,2,46,0,48,35,16,60,0,111,36,0,36,147
05/16/2022,MFR,OR,ANM,WE,Federal Contract Tower,31,18,22,2,73,0,5,50,0,55,31,23,72,2,128,20,0,20,148
05/17/2022,MFR,OR,ANM,WE,Federal Contract Tower,26,19,13,0,58,0,1,55,0,56,26,20,68,0,114,24,0,24,138
05/18/2022,MFR,OR,ANM,WE,Federal Contract Tower,26,18,14,0,58,0,6,26,0,32,26,24,40,0,90,8,0,8,98
05/19/2022,MFR,OR,ANM,WE,Federal Contract Tower,27,17,10,0,54,0,3,22,0,25,27,20,32,0,79,8,0,8,87
05/20/2022,MFR,OR,ANM,WE,Federal Contract Tower,32,19,21,1,73,0,4,79,0,83,32,23,100,1,156,36,6,42,198
05/21/2022,MFR,OR,ANM,WE,Federal Contract Tower,23,11,12,0,46,0,4,66,0,70,23,15,78,0,116,10,0,10,126
05/22/2022,MFR,OR,ANM,WE,Federal Contract Tower,29,10,6,3,48,0,0,61,0,61,29,10,67,3,109,32,6,38,147
05/23/2022,MFR,OR,ANM,WE,Federal Contract Tower,30,21,9,0,60,0,0,48,4,52,30,21,57,4,112,6,0,6,118
05/24/2022,MFR,OR,ANM,WE,Federal Contract Tower,25,18,6,0,49,0,2,46,0,48,25,20,52,0,97,10,0,10,107
05/25/2022,MFR,OR,ANM,WE,Federal Contract Tower,26,20,10,1,57,0,1,34,1,36,26,21,44,2,93,0,0,0,93
05/26/2022,MFR,OR,ANM,WE,Federal Contract Tower,32,21,3,2,58,0,2,29,0,31,32,23,32,2,89,18,0,18,107
05/27/2022,MFR,OR,ANM,WE,Federal Contract Tower,28,20,21,0,69,0,1,35,0,36,28,21,56,0,105,4,0,4,109
05/28/2022,MFR,OR,ANM,WE,Federal Contract Tower,24,20,8,0,52,0,3,1,0,4,24,23,9,0,56,0,0,0,56
05/29/2022,MFR,OR,ANM,WE,Federal Contract Tower,28,13,9,0,50,0,0,8,0,8,28,13,17,0,58,0,0,0,58
05/30/2022,MFR,OR,ANM,WE,Federal Contract Tower,31,9,9,0,49,0,0,46,0,46,31,9,55,0,95,0,0,0,95
05/31/2022,MFR,OR,ANM,WE,Federal Contract Tower,26,20,9,0,55,0,1,50,0,51,26,21,59,0,106,30,0,30,136
06/01/2022,MFR,OR,ANM,WE,Federal Contract Tower,26,23,13,0,62,0,2,53,0,55,26,25,66,0,117,0,0,0,117
06/02/2022,MFR,OR,ANM,WE,Federal Contract Tower,33,24,12,0,69,0,2,63,0,65,33,26,75,0,134,10,0,10,144
06/03/2022,MFR,OR,ANM,WE,Federal Contract Tower,32,19,27,1,79,0,1,41,0,42,32,20,68,1,121,42,6,48,169
06/04/2022,MFR,OR,ANM,WE,Federal Contract Tower,28,13,7,2,50,0,0,11,0,11,28,13,18,2,61,16,0,16,77
06/05/2022,MFR,OR,ANM,WE,Federal Contract Tower,38,12,15,0,65,0,0,13,0,13,38,12,28,0,78,0,0,0,78
06/06/2022,MFR,OR,ANM,WE,Federal Contract Tower,35,17,14,0,66,0,0,47,7,54,35,17,61,7,120,12,0,12,132
06/07/2022,MFR,OR,ANM,WE,Federal Contract Tower,31,16,15,1,63,0,1,67,1,69,31,17,82,2,132,4,0,4,136
06/08/2022,MFR,OR,ANM,WE,Federal Contract Tower,32,19,27,2,80,0,1,56,0,57,32,20,83,2,137,20,0,20,157
06/09/2022,MFR,OR,ANM,WE,Federal Contract Tower,36,20,10,2,68,0,1,46,1,48,36,21,56,3,116,36,0,36,152
06/10/2022,MFR,OR,ANM,WE,Federal Contract Tower,34,17,19,0,70,0,1,33,0,34,34,18,52,0,104,24,0,24,128
06/11/2022,MFR,OR,ANM,WE,Federal Contract Tower,30,13,12,0,55,0,1,19,0,20,30,14,31,0,75,18,0,18,93
06/12/2022,MFR,OR,ANM,WE,Federal Contract Tower,35,7,14,0,56,0,0,1,0,1,35,7,15,0,57,0,0,0,57
06/13/2022,MFR,OR,ANM,WE,Federal Contract Tower,36,18,18,0,72,0,1,31,0,32,36,19,49,0,104,18,0,18,122
06/14/2022,MFR,OR,ANM,WE,Federal Contract Tower,33,16,3,2,54,0,0,63,0,63,33,16,66,2,117,38,0,38,155
06/15/2022,MFR,OR,ANM,WE,Federal Contract Tower,29,14,15,0,58,0,2,56,0,58,29,16,71,0,116,42,0,42,158
06/16/2022,MFR,OR,ANM,WE,Federal Contract Tower,33,26,15,4,78,0,0,37,0,37,33,26,52,4,115,0,0,0,115
06/17/2022,MFR,OR,ANM,WE,Federal Contract Tower,32,21,23,0,76,0,0,11,0,11,32,21,34,0,87,22,0,22,109
06/18/2022,MFR,OR,ANM,WE,Federal Contract Tower,27,14,6,0,47,0,0,18,0,18,27,14,24,0,65,18,0,18,83
06/19/2022,MFR,OR,ANM,WE,Federal Contract Tower,40,9,12,0,61,0,0,39,0,39,40,9,51,0,100,8,0,8,108
06/20/2022,MFR,OR,ANM,WE,Federal Contract Tower,38,16,13,0,67,0,5,37,0,42,38,21,50,0,109,16,0,16,125
06/21/2022,MFR,OR,ANM,WE,Federal Contract Tower,33,12,13,3,61,0,4,52,2,58,33,16,65,5,119,40,0,40,159
06/22/2022,MFR,OR,ANM,WE,Federal Contract Tower,32,13,9,4,58,0,3,57,4,64,32,16,66,8,122,14,2,16,138
06/23/2022,MFR,OR,ANM,WE,Federal Contract Tower,35,16,9,0,60,0,4,56,0,60,35,20,65,0,120,32,0,32,152
06/24/2022,MFR,OR,ANM,WE,Federal Contract Tower,36,11,10,5,62,0,7,59,4,70,36,18,69,9,132,30,0,30,162
06/25/2022,MFR,OR,ANM,WE,Federal Contract Tower,29,10,3,0,42,0,5,64,0,69,29,15,67,0,111,0,0,0,111
06/26/2022,MFR,OR,ANM,WE,Federal Contract Tower,37,12,11,2,62,0,1,81,2,84,37,13,92,4,146,4,0,4,150
06/27/2022,MFR,OR,ANM,WE,Federal Contract Tower,39,19,7,3,68,0,0,63,1,64,39,19,70,4,132,0,4,4,136
06/28/2022,MFR,OR,ANM,WE,Federal Contract Tower,33,18,6,0,57,0,5,67,0,72,33,23,73,0,129,62,0,62,191
06/29/2022,MFR,OR,ANM,WE,Federal Contract Tower,34,17,6,2,59,0,5,56,0,61,34,22,62,2,120,48,0,48,168
06/30/2022,MFR,OR,ANM,WE,Federal Contract Tower,36,21,12,0,69,0,4,65,2,71,36,25,77,2,140,12,0,12,152
07/01/2022,MFR,OR,ANM,WE,Federal Contract Tower,38,18,17,1,74,0,7,61,0,68,38,25,78,1,142,6,0,6,148
07/02/2022,MFR,OR,ANM,WE,Federal Contract Tower,25,13,10,0,48,0,3,36,0,39,25,16,46,0,87,0,0,0,87
07/03/2022,MFR,OR,ANM,WE,Federal Contract Tower,39,7,5,0,51,0,4,36,0,40,39,11,41,0,91,12,0,12,103
07/04/2022,MFR,OR,ANM,WE,Federal Contract Tower,35,6,11,0,52,0,0,17,2,19,35,6,28,2,71,0,0,0,71
07/05/2022,MFR,OR,ANM,WE,Federal Contract Tower,33,16,18,0,67,0,0,19,2,21,33,16,37,2,88,0,0,0,88
07/06/2022,MFR,OR,ANM,WE,Federal Contract Tower,33,15,13,0,61,0,3,31,0,34,33,18,44,0,95,18,0,18,113
07/07/2022,MFR,OR,ANM,WE,Federal Contract Tower,36,25,14,2,77,0,0,53,0,53,36,25,67,2,130,22,0,22,152
07/08/2022,MFR,OR,ANM,WE,Federal Contract Tower,36,13,10,0,59,0,0,69,2,71,36,13,79,2,130,28,0,28,158
07/09/2022,MFR,OR,ANM,WE,Federal Contract Tower,29,7,7,0,43,0,8,47,0,55,29,15,54,0,98,38,0,38,136
07/10/2022,MFR,OR,ANM,WE,Federal Contract Tower,39,10,18,2,69,0,4,59,0,63,39,14,77,2,132,8,0,8,140
07/11/2022,MFR,OR,ANM,WE,Federal Contract Tower,40,21,8,0,69,0,2,58,0,60,40,23,66,0,129,22,0,22,151
07/12/2022,MFR,OR,ANM,WE,Federal Contract Tower,31,12,10,2,55,0,2,47,0,49,31,14,57,2,104,12,0,12,116
07/13/2022,MFR,OR,ANM,WE,Federal Contract Tower,33,17,6,2,58,1,6,49,1,57,34,23,55,3,115,8,0,8,123
07/14/2022,MFR,OR,ANM,WE,Federal Contract Tower,41,18,11,1,71,0,2,48,0,50,41,20,59,1,121,0,0,0,121
07/15/2022,MFR,OR,ANM,WE,Federal Contract Tower,38,17,17,2,74,0,6,72,0,78,38,23,89,2,152,34,0,34,186
07/16/2022,MFR,OR,ANM,WE,Federal Contract Tower,28,13,15,0,56,0,2,65,0,67,28,15,80,0,123,8,0,8,131
07/17/2022,MFR,OR,ANM,WE,Federal Contract Tower,40,7,14,0,61,0,3,57,0,60,40,10,71,0,121,44,0,44,165
07/18/2022,MFR,OR,ANM,WE,Federal Contract Tower,37,15,16,11,79,1,0,68,8,77,38,15,84,19,156,6,14,20,176
07/19/2022,MFR,OR,ANM,WE,Federal Contract Tower,30,22,13,2,67,0,8,50,0,58,30,30,63,2,125,14,0,14,139
07/20/2022,MFR,OR,ANM,WE,Federal Contract Tower,32,17,9,5,63,10,6,49,1,66,42,23,58,6,129,0,14,14,143
07/21/2022,MFR,OR,ANM,WE,Federal Contract Tower,38,22,15,2,77,0,9,55,0,64,38,31,70,2,141,8,0,8,149
07/22/2022,MFR,OR,ANM,WE,Federal Contract Tower,39,17,12,0,68,2,5,48,0,55,41,22,60,0,123,28,0,28,151
07/23/2022,MFR,OR,ANM,WE,Federal Contract Tower,26,8,9,0,43,0,3,52,0,55,26,11,61,0,98,0,0,0,98
07/24/2022,MFR,OR,ANM,WE,Federal Contract Tower,41,5,14,0,60,0,3,56,1,60,41,8,70,1,120,40,0,40,160
07/25/2022,MFR,OR,ANM,WE,Federal Contract Tower,39,16,9,6,70,0,5,64,0,69,39,21,73,6,139,8,0,8,147
07/26/2022,MFR,OR,ANM,WE,Federal Contract Tower,34,15,9,0,58,0,5,38,0,43,34,20,47,0,101,6,0,6,107
07/27/2022,MFR,OR,ANM,WE,Federal Contract Tower,32,16,19,0,67,6,5,34,0,45,38,21,53,0,112,8,0,8,120
07/28/2022,MFR,OR,ANM,WE,Federal Contract Tower,36,18,13,3,70,2,15,49,0,66,38,33,62,3,136,8,0,8,144
07/29/2022,MFR,OR,ANM,WE,Federal Contract Tower,45,14,15,2,76,26,12,59,0,97,71,26,74,2,173,14,0,14,187
07/30/2022,MFR,OR,ANM,WE,Federal Contract Tower,28,16,6,0,50,39,6,65,0,110,67,22,71,0,160,0,0,0,160
07/31/2022,MFR,OR,ANM,WE,Federal Contract Tower,41,9,21,0,71,10,9,35,0,54,51,18,56,0,125,0,0,0,125
08/01/2022,MFR,OR,ANM,WE,Federal Contract Tower,39,13,9,0,61,10,13,27,0,50,49,26,36,0,111,0,0,0,111
08/02/2022,MFR,OR,ANM,WE,Federal Contract Tower,30,15,11,0,56,1,6,44,0,51,31,21,55,0,107,12,0,12,119
08/03/2022,MFR,OR,ANM,WE,Federal Contract Tower,32,15,18,0,65,20,17,40,0,77,52,32,58,0,142,16,0,16,158
08/04/2022,MFR,OR,ANM,WE,Federal Contract Tower,37,16,18,0,71,21,11,46,0,78,58,27,64,0,149,10,0,10,159
08/05/2022,MFR,OR,ANM,WE,Federal Contract Tower,41,16,13,0,70,5,8,40,0,53,46,24,53,0,123,4,0,4,127
08/06/2022,MFR,OR,ANM,WE,Federal Contract Tower,33,6,10,0,49,5,8,51,0,64,38,14,61,0,113,0,0,0,113
08/07/2022,MFR,OR,ANM,WE,Federal Contract Tower,37,5,6,0,48,0,6,25,5,36,37,11,31,5,84,4,0,4,88
08/08/2022,MFR,OR,ANM,WE,Federal Contract Tower,39,12,14,2,67,8,12,47,1,68,47,24,61,3,135,2,0,2,137
08/09/2022,MFR,OR,ANM,WE,Federal Contract Tower,30,15,6,4,55,4,6,40,2,52,34,21,46,6,107,0,10,10,117
08/10/2022,MFR,OR,ANM,WE,Federal Contract Tower,32,15,11,0,58,2,6,29,0,37,34,21,40,0,95,2,0,2,97
08/11/2022,MFR,OR,ANM,WE,Federal Contract Tower,37,18,18,2,75,4,8,56,0,68,41,26,74,2,143,0,0,0,143
08/12/2022,MFR,OR,ANM,WE,Federal Contract Tower,38,19,15,0,72,0,1,39,0,40,38,20,54,0,112,4,0,4,116
08/13/2022,MFR,OR,ANM,WE,Federal Contract Tower,28,9,16,2,55,4,11,72,0,87,32,20,88,2,142,0,0,0,142
08/14/2022,MFR,OR,ANM,WE,Federal Contract Tower,40,6,13,2,61,2,3,52,6,63,42,9,65,8,124,0,0,0,124
08/15/2022,MFR,OR,ANM,WE,Federal Contract Tower,38,12,9,0,59,1,0,53,2,56,39,12,62,2,115,0,0,0,115
08/16/2022,MFR,OR,ANM,WE,Federal Contract Tower,33,11,13,2,59,2,6,34,0,42,35,17,47,2,101,0,0,0,101
08/17/2022,MFR,OR,ANM,WE,Federal Contract Tower,36,10,17,0,63,1,1,60,0,62,37,11,77,0,125,2,0,2,127
08/18/2022,MFR,OR,ANM,WE,Federal Contract Tower,39,15,20,2,76,52,69,35,0,156,91,84,55,2,232,12,0,12,244
08/19/2022,MFR,OR,ANM,WE,Federal Contract Tower,37,17,26,1,81,46,37,51,4,138,83,54,77,5,219,2,0,2,221
08/20/2022,MFR,OR,ANM,WE,Federal Contract Tower,19,1,8,1,29,36,29,19,1,85,55,30,27,2,114,0,0,0,114
08/21/2022,MFR,OR,ANM,WE,Federal Contract Tower,26,7,7,0,40,8,8,34,2,52,34,15,41,2,92,18,0,18,110
08/22/2022,MFR,OR,ANM,WE,Federal Contract Tower,38,13,15,0,66,21,12,38,0,71,59,25,53,0,137,2,0,2,139
08/23/2022,MFR,OR,ANM,WE,Federal Contract Tower,32,14,13,2,61,25,10,33,1,69,57,24,46,3,130,12,0,12,142
08/24/2022,MFR,OR,ANM,WE,Federal Contract Tower,32,15,8,4,59,14,6,61,2,83,46,21,69,6,142,2,0,2,144
08/25/2022,MFR,OR,ANM,WE,Federal Contract Tower,36,15,16,0,67,0,9,47,0,56,36,24,63,0,123,8,0,8,131
08/26/2022,MFR,OR,ANM,WE,Federal Contract Tower,40,15,12,3,70,14,7,58,0,79,54,22,70,3,149,6,0,6,155
08/27/2022,MFR,OR,ANM,WE,Federal Contract Tower,21,3,7,0,31,28,7,25,0,60,49,10,32,0,91,0,0,0,91
08/28/2022,MFR,OR,ANM,WE,Federal Contract Tower,24,3,8,2,37,50,3,31,0,84,74,6,39,2,121,50,0,50,171
08/29/2022,MFR,OR,ANM,WE,Federal Contract Tower,38,17,18,2,75,0,2,36,0,38,38,19,54,2,113,16,0,16,129
08/30/2022,MFR,OR,ANM,WE,Federal Contract Tower,31,17,18,2,68,3,2,17,0,22,34,19,35,2,90,0,0,0,90
08/31/2022,MFR,OR,ANM,WE,Federal Contract Tower,32,16,10,0,58,16,7,34,0,57,48,23,44,0,115,0,0,0,115
09/01/2022,MFR,OR,ANM,WE,Federal Contract Tower,26,11,14,0,51,0,2,14,0,16,26,13,28,0,67,0,0,0,67
09/02/2022,MFR,OR,ANM,WE,Federal Contract Tower,23,8,10,0,41,3,6,18,0,27,26,14,28,0,68,0,0,0,68
09/03/2022,MFR,OR,ANM,WE,Federal Contract Tower,17,2,4,0,23,0,4,18,1,23,17,6,22,1,46,0,0,0,46
09/04/2022,MFR,OR,ANM,WE,Federal Contract Tower,22,2,4,1,29,9,3,14,2,28,31,5,18,3,57,2,0,2,59
09/05/2022,MFR,OR,ANM,WE,Federal Contract Tower,37,3,10,0,50,0,6,61,0,67,37,9,71,0,117,10,0,10,127
09/06/2022,MFR,OR,ANM,WE,Federal Contract Tower,31,14,4,2,51,3,4,43,4,54,34,18,47,6,105,12,0,12,117
09/07/2022,MFR,OR,ANM,WE,Federal Contract Tower,33,16,11,0,60,10,19,26,0,55,43,35,37,0,115,8,0,8,123
09/08/2022,MFR,OR,ANM,WE,Federal Contract Tower,38,12,5,0,55,25,24,45,0,94,63,36,50,0,149,0,0,0,149
09/09/2022,MFR,OR,ANM,WE,Federal Contract Tower,34,14,13,0,61,0,8,36,2,46,34,22,49,2,107,0,0,0,107
09/10/2022,MFR,OR,ANM,WE,Federal Contract Tower,20,8,5,0,33,1,4,15,1,21,21,12,20,1,54,2,0,2,56
09/11/2022,MFR,OR,ANM,WE,Federal Contract Tower,26,3,16,1,46,35,8,27,1,71,61,11,43,2,117,0,0,0,117
09/12/2022,MFR,OR,ANM,WE,Federal Contract Tower,39,15,10,1,65,10,6,21,1,38,49,21,31,2,103,0,0,0,103
09/13/2022,MFR,OR,ANM,WE,Federal Contract Tower,0,0,0,0,0,0,2,2,0,4,0,2,2,0,4,0,0,0,4
09/14/2022,MFR,OR,ANM,WE,Federal Contract Tower,23,14,7,0,44,0,8,22,0,30,23,22,29,0,74,0,0,0,74
09/15/2022,MFR,OR,ANM,WE,Federal Contract Tower,37,15,15,0,67,1,15,47,0,63,38,30,62,0,130,4,0,4,134
09/16/2022,MFR,OR,ANM,WE,Federal Contract Tower,37,14,9,1,61,0,3,38,8,49,37,17,47,9,110,0,0,0,110
09/17/2022,MFR,OR,ANM,WE,Federal Contract Tower,18,5,8,0,31,0,0,17,3,20,18,5,25,3,51,0,0,0,51
09/18/2022,MFR,OR,ANM,WE,Federal Contract Tower,23,5,7,0,35,0,2,5,0,7,23,7,12,0,42,0,0,0,42
09/19/2022,MFR,OR,ANM,WE,Federal Contract Tower,21,14,2,0,37,0,3,9,0,12,21,17,11,0,49,10,0,10,59
09/20/2022,MFR,OR,ANM,WE,Federal Contract Tower,31,15,8,1,55,0,2,12,2,16,31,17,20,3,71,24,0,24,95
09/21/2022,MFR,OR,ANM,WE,Federal Contract Tower,32,13,8,0,53,0,1,9,0,10,32,14,17,0,63,10,0,10,73
09/22/2022,MFR,OR,ANM,WE,Federal Contract Tower,40,16,18,11,85,0,1,41,5,47,40,17,59,16,132,12,12,24,156
09/23/2022,MFR,OR,ANM,WE,Federal Contract Tower,36,11,10,0,57,0,4,60,0,64,36,15,70,0,121,12,0,12,133
09/24/2022,MFR,OR,ANM,WE,Federal Contract Tower,18,4,6,0,28,1,2,37,0,40,19,6,43,0,68,10,0,10,78
09/25/2022,MFR,OR,ANM,WE,Federal Contract Tower,25,2,11,0,38,0,3,37,0,40,25,5,48,0,78,0,0,0,78
09/26/2022,MFR,OR,ANM,WE,Federal Contract Tower,39,14,7,2,62,0,3,45,2,50,39,17,52,4,112,0,0,0,112
09/27/2022,MFR,OR,ANM,WE,Federal Contract Tower,33,12,17,0,62,0,2,54,2,58,33,14,71,2,120,42,0,42,162
09/28/2022,MFR,OR,ANM,WE,Federal Contract Tower,34,10,11,2,57,0,2,23,3,28,34,12,34,5,85,2,0,2,87
09/29/2022,MFR,OR,ANM,WE,Federal Contract Tower,39,13,22,4,78,0,1,36,4,41,39,14,58,8,119,52,6,58,177
09/30/2022,MFR,OR,ANM,WE,Federal Contract Tower,22,11,11,0,44,0,2,53,0,55,22,13,64,0,99,4,0,4,103
10/01/2022,MFR,OR,ANM,WE,Federal Contract Tower,16,8,6,0,30,0,3,26,0,29,16,11,32,0,59,0,0,0,59
10/02/2022,MFR,OR,ANM,WE,Federal Contract Tower,21,7,7,0,35,0,6,35,0,41,21,13,42,0,76,8,0,8,84
10/03/2022,MFR,OR,ANM,WE,Federal Contract Tower,17,15,10,0,42,0,0,19,0,19,17,15,29,0,61,38,0,38,99
10/04/2022,MFR,OR,ANM,WE,Federal Contract Tower,27,14,12,4,57,0,1,46,2,49,27,15,58,6,106,28,4,32,138
10/05/2022,MFR,OR,ANM,WE,Federal Contract Tower,29,17,10,0,56,0,4,40,2,46,29,21,50,2,102,24,0,24,126
10/06/2022,MFR,OR,ANM,WE,Federal Contract Tower,31,23,19,0,73,0,6,36,4,46,31,29,55,4,119,10,0,10,129
10/07/2022,MFR,OR,ANM,WE,Federal Contract Tower,34,15,8,1,58,0,5,33,2,40,34,20,41,3,98,48,8,56,154
10/08/2022,MFR,OR,ANM,WE,Federal Contract Tower,18,8,5,2,33,0,2,33,3,38,18,10,38,5,71,14,0,14,85
10/09/2022,MFR,OR,ANM,WE,Federal Contract Tower,22,8,2,0,32,0,1,42,6,49,22,9,44,6,81,0,0,0,81
10/10/2022,MFR,OR,ANM,WE,Federal Contract Tower,32,16,12,0,60,0,4,32,0,36,32,20,44,0,96,8,0,8,104
10/11/2022,MFR,OR,ANM,WE,Federal Contract Tower,22,16,9,0,47,0,3,32,0,35,22,19,41,0,82,36,0,36,118
10/12/2022,MFR,OR,ANM,WE,Federal Contract Tower,26,14,10,0,50,0,6,46,0,52,26,20,56,0,102,24,0,24,126
10/13/2022,MFR,OR,ANM,WE,Federal Contract Tower,33,14,12,2,61,0,2,44,2,48,33,16,56,4,109,26,0,26,135
10/14/2022,MFR,OR,ANM,WE,Federal Contract Tower,22,10,5,0,37,0,2,47,0,49,22,12,52,0,86,16,0,16,102
10/15/2022,MFR,OR,ANM,WE,Federal Contract Tower,17,6,2,2,27,0,1,40,0,41,17,7,42,2,68,40,0,40,108
10/16/2022,MFR,OR,ANM,WE,Federal Contract Tower,23,4,5,0,32,0,2,30,0,32,23,6,35,0,64,40,0,40,104
10/17/2022,MFR,OR,ANM,WE,Federal Contract Tower,19,14,2,0,35,0,2,26,0,28,19,16,28,0,63,24,0,24,87
10/18/2022,MFR,OR,ANM,WE,Federal Contract Tower,23,16,7,3,49,0,4,35,3,42,23,20,42,6,91,4,12,16,107
10/19/2022,MFR,OR,ANM,WE,Federal Contract Tower,26,18,6,0,50,0,3,32,0,35,26,21,38,0,85,12,0,12,97
10/20/2022,MFR,OR,ANM,WE,Federal Contract Tower,33,24,17,0,74,0,3,41,0,44,33,27,58,0,118,12,0,12,130
10/21/2022,MFR,OR,ANM,WE,Federal Contract Tower,34,18,17,2,71,0,0,42,1,43,34,18,59,3,114,16,0,16,130
10/22/2022,MFR,OR,ANM,WE,Federal Contract Tower,18,4,5,0,27,0,2,0,0,2,18,6,5,0,29,0,0,0,29
10/23/2022,MFR,OR,ANM,WE,Federal Contract Tower,20,4,11,0,35,0,2,20,0,22,20,6,31,0,57,6,0,6,63
10/24/2022,MFR,OR,ANM,WE,Federal Contract Tower,36,16,11,4,67,0,0,1,0,1,36,16,12,4,68,0,0,0,68
10/25/2022,MFR,OR,ANM,WE,Federal Contract Tower,23,21,16,0,60,0,2,10,0,12,23,23,26,0,72,0,0,0,72
10/26/2022,MFR,OR,ANM,WE,Federal Contract Tower,26,17,8,4,55,0,0,11,0,11,26,17,19,4,66,30,0,30,96
10/27/2022,MFR,OR,ANM,WE,Federal Contract Tower,32,18,18,6,74,0,5,44,0,49,32,23,62,6,123,32,18,50,173
10/28/2022,MFR,OR,ANM,WE,Federal Contract Tower,34,13,21,0,68,0,5,51,0,56,34,18,72,0,124,54,0,54,178
10/29/2022,MFR,OR,ANM,WE,Federal Contract Tower,16,8,8,0,32,0,3,28,4,35,16,11,36,4,67,0,0,0,67
10/30/2022,MFR,OR,ANM,WE,Federal Contract Tower,25,2,13,1,41,0,1,27,0,28,25,3,40,1,69,10,0,10,79
10/31/2022,MFR,OR,ANM,WE,Federal Contract Tower,17,13,3,0,33,0,2,12,0,14,17,15,15,0,47,12,0,12,59
11/01/2022,MFR,OR,ANM,WE,Federal Contract Tower,25,13,9,0,47,0,1,6,0,7,25,14,15,0,54,0,0,0,54
11/02/2022,MFR,OR,ANM,WE,Federal Contract Tower,29,19,7,1,56,0,0,3,4,7,29,19,10,5,63,0,0,0,63
11/03/2022,MFR,OR,ANM,WE,Federal Contract Tower,38,20,24,1,83,0,0,17,2,19,38,20,41,3,102,16,0,16,118
11/04/2022,MFR,OR,ANM,WE,Federal Contract Tower,39,19,9,0,67,0,2,6,4,12,39,21,15,4,79,0,0,0,79
11/06/2022,MFR,OR,ANM,WE,Federal Contract Tower,24,0,5,0,29,0,2,6,0,8,24,2,11,0,37,4,0,4,41
11/07/2022,MFR,OR,ANM,WE,Federal Contract Tower,18,11,6,0,35,0,0,7,3,10,18,11,13,3,45,12,6,18,63
11/08/2022,MFR,OR,ANM,WE,Federal Contract Tower,28,19,15,0,62,0,0,1,0,1,28,19,16,0,63,0,0,0,63
11/09/2022,MFR,OR,ANM,WE,Federal Contract Tower,30,14,21,14,79,0,0,13,5,18,30,14,34,19,97,0,10,10,107
11/10/2022,MFR,OR,ANM,WE,Federal Contract Tower,37,13,10,6,66,0,2,32,10,44,37,15,42,16,110,14,0,14,124
11/11/2022,MFR,OR,ANM,WE,Federal Contract Tower,39,14,16,0,69,0,5,24,0,29,39,19,40,0,98,30,0,30,128
11/13/2022,MFR,OR,ANM,WE,Federal Contract Tower,25,1,4,0,30,0,0,20,3,23,25,1,24,3,53,40,8,48,101
11/14/2022,MFR,OR,ANM,WE,Federal Contract Tower,40,29,11,3,83,0,1,25,1,27,40,30,36,4,110,20,22,42,152
11/15/2022,MFR,OR,ANM,WE,Federal Contract Tower,27,12,13,4,56,0,2,41,1,44,27,14,54,5,100,22,28,50,150
11/16/2022,MFR,OR,ANM,WE,Federal Contract Tower,29,9,8,2,48,0,5,31,0,36,29,14,39,2,84,0,0,0,84
11/17/2022,MFR,OR,ANM,WE,Federal Contract Tower,33,18,16,0,67,0,1,27,2,30,33,19,43,2,97,24,0,24,121
11/18/2022,MFR,OR,ANM,WE,Federal Contract Tower,20,10,6,0,36,0,1,41,0,42,20,11,47,0,78,2,0,2,80
11/19/2022,MFR,OR,ANM,WE,Federal Contract Tower,17,6,8,0,31,0,1,35,0,36,17,7,43,0,67,26,0,26,93
11/20/2022,MFR,OR,ANM,WE,Federal Contract Tower,21,2,7,0,30,0,0,21,2,23,21,2,28,2,53,46,0,46,99
11/21/2022,MFR,OR,ANM,WE,Federal Contract Tower,17,9,7,0,33,0,2,36,0,38,17,11,43,0,71,50,0,50,121
11/22/2022,MFR,OR,ANM,WE,Federal Contract Tower,32,20,18,0,70,0,3,27,2,32,32,23,45,2,102,6,0,6,108
11/23/2022,MFR,OR,ANM,WE,Federal Contract Tower,38,16,12,0,66,0,4,2,0,6,38,20,14,0,72,0,0,0,72
11/24/2022,MFR,OR,ANM,WE,Federal Contract Tower,19,0,5,0,24,0,4,15,0,19,19,4,20,0,43,2,0,2,45
11/25/2022,MFR,OR,ANM,WE,Federal Contract Tower,36,11,10,0,57,0,2,41,0,43,36,13,51,0,100,40,0,40,140
11/26/2022,MFR,OR,ANM,WE,Federal Contract Tower,18,5,11,0,34,0,1,18,0,19,18,6,29,0,53,12,0,12,65
11/27/2022,MFR,OR,ANM,WE,Federal Contract Tower,23,0,12,0,35,0,0,9,0,9,23,0,21,0,44,0,0,0,44
11/28/2022,MFR,OR,ANM,WE,Federal Contract Tower,32,12,7,0,51,0,2,7,0,9,32,14,14,0,60,10,0,10,70
11/29/2022,MFR,OR,ANM,WE,Federal Contract Tower,26,18,12,0,56,0,4,35,1,40,26,22,47,1,96,8,0,8,104
11/30/2022,MFR,OR,ANM,WE,Federal Contract Tower,30,12,5,0,47,0,0,4,0,4,30,12,9,0,51,0,0,0,51
12/01/2022,MFR,OR,ANM,WE,Federal Contract Tower,29,17,6,2,54,0,0,7,0,7,29,17,13,2,61,0,0,0,61
12/02/2022,MFR,OR,ANM,WE,Federal Contract Tower,20,9,10,0,39,0,3,29,2,34,20,12,39,2,73,2,0,2,75
12/03/2022,MFR,OR,ANM,WE,Federal Contract Tower,15,6,4,0,25,0,2,14,0,16,15,8,18,0,41,14,0,14,55
12/05/2022,MFR,OR,ANM,WE,Federal Contract Tower,21,13,2,1,37,0,0,8,2,10,21,13,10,3,47,10,0,10,57
12/06/2022,MFR,OR,ANM,WE,Federal Contract Tower,26,18,3,0,47,0,1,17,0,18,26,19,20,0,65,18,0,18,83
12/07/2022,MFR,OR,ANM,WE,Federal Contract Tower,29,18,29,0,76,0,0,0,0,0,29,18,29,0,76,0,0,0,76
12/08/2022,MFR,OR,ANM,WE,Federal Contract Tower,30,16,18,7,71,0,1,1,1,3,30,17,19,8,74,0,6,6,80
12/09/2022,MFR,OR,ANM,WE,Federal Contract Tower,30,15,14,0,59,0,0,4,0,4,30,15,18,0,63,0,0,0,63
12/10/2022,MFR,OR,ANM,WE,Federal Contract Tower,15,2,6,0,23,0,1,3,0,4,15,3,9,0,27,2,0,2,29
12/11/2022,MFR,OR,ANM,WE,Federal Contract Tower,17,5,4,0,26,0,0,0,0,0,17,5,4,0,26,0,0,0,26
12/12/2022,MFR,OR,ANM,WE,Federal Contract Tower,28,15,11,0,54,0,1,11,1,13,28,16,22,1,67,16,8,24,91
12/13/2022,MFR,OR,ANM,WE,Federal Contract Tower,25,28,13,8,74,0,0,13,1,14,25,28,26,9,88,2,36,38,126
12/14/2022,MFR,OR,ANM,WE,Federal Contract Tower,29,19,14,0,62,0,0,0,0,0,29,19,14,0,62,0,0,0,62
12/15/2022,MFR,OR,ANM,WE,Federal Contract Tower,26,22,15,0,63,0,0,31,0,31,26,22,46,0,94,16,0,16,110
12/16/2022,MFR,OR,ANM,WE,Federal Contract Tower,28,19,16,0,63,0,2,35,0,37,28,21,51,0,100,44,0,44,144
12/17/2022,MFR,OR,ANM,WE,Federal Contract Tower,17,2,5,0,24,0,6,61,0,67,17,8,66,0,91,50,0,50,141
12/18/2022,MFR,OR,ANM,WE,Federal Contract Tower,15,6,5,0,26,0,0,19,0,19,15,6,24,0,45,16,0,16,61
12/19/2022,MFR,OR,ANM,WE,Federal Contract Tower,28,16,12,2,58,0,0,25,0,25,28,16,37,2,83,58,0,58,141
12/20/2022,MFR,OR,ANM,WE,Federal Contract Tower,19,22,3,0,44,0,0,2,0,2,19,22,5,0,46,2,0,2,48
12/21/2022,MFR,OR,ANM,WE,Federal Contract Tower,16,26,7,0,49,0,0,0,0,0,16,26,7,0,49,0,0,0,49
12/22/2022,MFR,OR,ANM,WE,Federal Contract Tower,25,26,12,2,65,0,0,0,0,0,25,26,12,2,65,0,0,0,65
12/23/2022,MFR,OR,ANM,WE,Federal Contract Tower,20,5,20,0,45,0,0,13,0,13,20,5,33,0,58,30,0,30,88
12/24/2022,MFR,OR,ANM,WE,Federal Contract Tower,16,4,2,0,22,0,0,0,0,0,16,4,2,0,22,0,0,0,22
12/25/2022,MFR,OR,ANM,WE,Federal Contract Tower,11,9,2,0,22,0,0,0,0,0,11,9,2,0,22,0,0,0,22
12/26/2022,MFR,OR,ANM,WE,Federal Contract Tower,13,6,9,0,28,0,2,1,0,3,13,8,10,0,31,0,0,0,31
12/27/2022,MFR,OR,ANM,WE,Federal Contract Tower,24,15,14,0,53,0,0,2,0,2,24,15,16,0,55,12,0,12,67
12/28/2022,MFR,OR,ANM,WE,Federal Contract Tower,24,20,9,6,59,0,2,44,0,46,24,22,53,6,105,24,12,36,141
12/29/2022,MFR,OR,ANM,WE,Federal Contract Tower,27,22,5,0,54,0,0,0,0,0,27,22,5,0,54,0,0,0,54
12/30/2022,MFR,OR,ANM,WE,Federal Contract Tower,29,15,14,0,58,0,0,2,0,2,29,15,16,0,60,0,0,0,60
12/31/2022,MFR,OR,ANM,WE,Federal Contract Tower,8,5,2,0,15,0,0,2,0,2,8,5,4,0,17,2,0,2,19
01/01/2023,MFR,OR,ANM,WE,Federal Contract Tower,9,4,8,0,21,0,0,40,0,40,9,4,48,0,61,42,0,42,103
01/02/2023,MFR,OR,ANM,WE,Federal Contract Tower,24,3,10,0,37,0,0,13,0,13,24,3,23,0,50,30,0,30,80
01/03/2023,MFR,OR,ANM,WE,Federal Contract Tower,24,24,11,8,67,0,0,9,0,9,24,24,20,8,76,24,12,36,112
01/04/2023,MFR,OR,ANM,WE,Federal Contract Tower,25,17,5,0,47,0,0,0,0,0,25,17,5,0,47,0,0,0,47
01/05/2023,MFR,OR,ANM,WE,Federal Contract Tower,28,13,10,0,51,0,0,0,0,0,28,13,10,0,51,0,0,0,51
01/06/2023,MFR,OR,ANM,WE,Federal Contract Tower,16,7,4,2,29,0,0,10,0,10,16,7,14,2,39,8,0,8,47
01/07/2023,MFR,OR,ANM,WE,Federal Contract Tower,9,4,6,0,19,0,0,1,0,1,9,4,7,0,20,0,0,0,20
01/08/2023,MFR,OR,ANM,WE,Federal Contract Tower,14,1,1,0,16,0,0,13,0,13,14,1,14,0,29,24,0,24,53
01/09/2023,MFR,OR,ANM,WE,Federal Contract Tower,16,10,6,0,32,0,1,7,0,8,16,11,13,0,40,8,0,8,48
01/10/2023,MFR,OR,ANM,WE,Federal Contract Tower,26,12,5,0,43,0,0,2,0,2,26,12,7,0,45,0,0,0,45
01/11/2023,MFR,OR,ANM,WE,Federal Contract Tower,26,15,12,2,55,0,0,3,0,3,26,15,15,2,58,0,0,0,58
01/12/2023,MFR,OR,ANM,WE,Federal Contract Tower,23,16,12,0,51,0,0,10,0,10,23,16,22,0,61,0,0,0,61
01/13/2023,MFR,OR,ANM,WE,Federal Contract Tower,23,21,10,0,54,0,0,14,0,14,23,21,24,0,68,30,0,30,98
01/14/2023,MFR,OR,ANM,WE,Federal Contract Tower,12,3,6,0,21,0,0,3,0,3,12,3,9,0,24,0,0,0,24
01/15/2023,MFR,OR,ANM,WE,Federal Contract Tower,13,1,2,0,16,0,0,19,0,19,13,1,21,0,35,24,0,24,59
01/16/2023,MFR,OR,ANM,WE,Federal Contract Tower,29,12,7,0,48,0,4,13,0,17,29,16,20,0,65,38,0,38,103
01/17/2023,MFR,OR,ANM,WE,Federal Contract Tower,24,10,10,0,44,0,1,16,0,17,24,11,26,0,61,18,0,18,79
01/18/2023,MFR,OR,ANM,WE,Federal Contract Tower,24,12,14,0,50,0,0,3,0,3,24,12,17,0,53,0,0,0,53
01/19/2023,MFR,OR,ANM,WE,Federal Contract Tower,24,10,12,2,48,0,1,24,2,27,24,11,36,4,75,62,24,86,161
01/20/2023,MFR,OR,ANM,WE,Federal Contract Tower,15,7,9,4,35,0,1,50,0,51,15,8,59,4,86,38,0,38,124
01/21/2023,MFR,OR,ANM,WE,Federal Contract Tower,12,6,7,0,25,0,0,36,0,36,12,6,43,0,61,26,0,26,87
01/22/2023,MFR,OR,ANM,WE,Federal Contract Tower,14,3,3,0,20,0,0,16,0,16,14,3,19,0,36,20,0,20,56
01/23/2023,MFR,OR,ANM,WE,Federal Contract Tower,16,10,9,0,35,0,0,13,0,13,16,10,22,0,48,24,0,24,72
01/24/2023,MFR,OR,ANM,WE,Federal Contract Tower,23,12,2,1,38,0,0,43,1,44,23,12,45,2,82,46,24,70,152
01/25/2023,MFR,OR,ANM,WE,Federal Contract Tower,29,9,8,1,47,0,4,65,0,69,29,13,73,1,116,34,0,34,150
01/26/2023,MFR,OR,ANM,WE,Federal Contract Tower,25,15,11,0,51,0,1,42,0,43,25,16,53,0,94,32,0,32,126
01/27/2023,MFR,OR,ANM,WE,Federal Contract Tower,26,16,10,4,56,0,0,34,1,35,26,16,44,5,91,38,20,58,149
01/28/2023,MFR,OR,ANM,WE,Federal Contract Tower,12,7,10,0,29,0,0,21,2,23,12,7,31,2,52,14,0,14,66
01/29/2023,MFR,OR,ANM,WE,Federal Contract Tower,15,0,14,0,29,0,1,22,0,23,15,1,36,0,52,14,0,14,66
01/30/2023,MFR,OR,ANM,WE,Federal Contract Tower,26,5,12,2,45,0,0,34,2,36,26,5,46,4,81,34,0,34,115
01/31/2023,MFR,OR,ANM,WE,Federal Contract Tower,25,10,3,0,38,0,3,25,0,28,25,13,28,0,66,8,0,8,74
02/01/2023,MFR,OR,ANM,WE,Federal Contract Tower,31,19,7,3,60,0,6,27,0,33,31,25,34,3,93,18,44,62,155
02/02/2023,MFR,OR,ANM,WE,Federal Contract Tower,25,10,1,2,38,0,2,6,3,11,25,12,7,5,49,6,18,24,73
02/03/2023,MFR,OR,ANM,WE,Federal Contract Tower,26,23,8,3,60,0,1,7,0,8,26,24,15,3,68,2,0,2,70
02/04/2023,MFR,OR,ANM,WE,Federal Contract Tower,24,8,3,0,35,0,2,18,0,20,24,10,21,0,55,10,0,10,65
02/05/2023,MFR,OR,ANM,WE,Federal Contract Tower,24,4,9,4,41,0,0,4,0,4,24,4,13,4,45,8,0,8,53
02/06/2023,MFR,OR,ANM,WE,Federal Contract Tower,26,10,5,0,41,1,29,4,0,34,27,39,9,0,75,58,4,62,137
02/07/2023,MFR,OR,ANM,WE,Federal Contract Tower,25,9,11,2,47,0,1,28,0,29,25,10,39,2,76,68,0,68,144
02/08/2023,MFR,OR,ANM,WE,Federal Contract Tower,27,11,10,1,49,0,2,35,0,37,27,13,45,1,86,50,0,50,136
02/09/2023,MFR,OR,ANM,WE,Federal Contract Tower,23,14,9,0,46,0,5,24,0,29,23,19,33,0,75,36,0,36,111
02/10/2023,MFR,OR,ANM,WE,Federal Contract Tower,27,19,10,2,58,0,5,34,0,39,27,24,44,2,97,28,0,28,125
02/11/2023,MFR,OR,ANM,WE,Federal Contract Tower,23,11,8,0,42,0,0,19,1,20,23,11,27,1,62,2,2,4,66
02/12/2023,MFR,OR,ANM,WE,Federal Contract Tower,24,2,9,0,35,0,0,20,0,20,24,2,29,0,55,0,0,0,55
02/13/2023,MFR,OR,ANM,WE,Federal Contract Tower,27,10,9,5,51,0,0,8,2,10,27,10,17,7,61,2,0,2,63
02/14/2023,MFR,OR,ANM,WE,Federal Contract Tower,27,15,2,0,44,0,0,2,0,2,27,15,4,0,46,0,0,0,46
02/15/2023,MFR,OR,ANM,WE,Federal Contract Tower,26,19,9,0,54,0,2,37,0,39,26,21,46,0,93,20,0,20,113
02/16/2023,MFR,OR,ANM,WE,Federal Contract Tower,28,13,13,0,54,0,0,32,0,32,28,13,45,0,86,52,0,52,138
02/17/2023,MFR,OR,ANM,WE,Federal Contract Tower,29,11,13,0,53,0,9,69,6,84,29,20,82,6,137,14,2,16,153
02/18/2023,MFR,OR,ANM,WE,Federal Contract Tower,28,7,7,0,42,0,2,21,0,23,28,9,28,0,65,8,0,8,73
02/19/2023,MFR,OR,ANM,WE,Federal Contract Tower,24,1,10,0,35,0,4,31,0,35,24,5,41,0,70,32,0,32,102
02/20/2023,MFR,OR,ANM,WE,Federal Contract Tower,26,12,10,0,48,0,3,27,0,30,26,15,37,0,78,16,0,16,94
02/21/2023,MFR,OR,ANM,WE,Federal Contract Tower,29,17,9,0,55,0,0,7,0,7,29,17,16,0,62,4,0,4,66
02/22/2023,MFR,OR,ANM,WE,Federal Contract Tower,31,10,6,2,49,0,0,2,0,2,31,10,8,2,51,0,0,0,51
02/23/2023,MFR,OR,ANM,WE,Federal Contract Tower,24,7,8,0,39,0,0,0,0,0,24,7,8,0,39,0,0,0,39
02/24/2023,MFR,OR,ANM,WE,Federal Contract Tower,29,3,11,0,43,0,0,35,0,35,29,3,46,0,78,14,0,14,92
02/25/2023,MFR,OR,ANM,WE,Federal Contract Tower,30,6,16,2,54,0,4,58,0,62,30,10,74,2,116,30,0,30,146
02/26/2023,MFR,OR,ANM,WE,Federal Contract Tower,27,4,6,0,37,0,0,0,0,0,27,4,6,0,37,0,0,0,37
02/27/2023,MFR,OR,ANM,WE,Federal Contract Tower,29,15,6,2,52,0,0,3,0,3,29,15,9,2,55,4,0,4,59
02/28/2023,MFR,OR,ANM,WE,Federal Contract Tower,30,18,10,0,58,0,0,5,0,5,30,18,15,0,63,18,0,18,81
03/01/2023,MFR,OR,ANM,WE,Federal Contract Tower,27,15,6,0,48,0,2,22,0,24,27,17,28,0,72,14,0,14,86
03/02/2023,MFR,OR,ANM,WE,Federal Contract Tower,23,10,2,1,36,0,0,3,1,4,23,10,5,2,40,0,12,12,52
03/03/2023,MFR,OR,ANM,WE,Federal Contract Tower,27,10,16,0,53,0,1,18,0,19,27,11,34,0,72,32,0,32,104
03/04/2023,MFR,OR,ANM,WE,Federal Contract Tower,24,7,3,0,34,0,0,1,0,1,24,7,4,0,35,20,0,20,55
03/05/2023,MFR,OR,ANM,WE,Federal Contract Tower,25,3,8,0,36,0,0,0,0,0,25,3,8,0,36,14,0,14,50
03/06/2023,MFR,OR,ANM,WE,Federal Contract Tower,27,15,4,2,48,1,0,8,1,10,28,15,12,3,58,2,30,32,90
03/07/2023,MFR,OR,ANM,WE,Federal Contract Tower,30,13,12,0,55,0,0,8,0,8,30,13,20,0,63,14,24,38,101
03/08/2023,MFR,OR,ANM,WE,Federal Contract Tower,33,10,10,0,53,0,0,12,0,12,33,10,22,0,65,18,0,18,83
03/09/2023,MFR,OR,ANM,WE,Federal Contract Tower,24,9,10,0,43,0,0,3,2,5,24,9,13,2,48,4,0,4,52
03/10/2023,MFR,OR,ANM,WE,Federal Contract Tower,26,11,8,0,45,0,0,14,0,14,26,11,22,0,59,12,0,12,71
03/11/2023,MFR,OR,ANM,WE,Federal Contract Tower,27,3,4,0,34,0,1,41,0,42,27,4,45,0,76,26,0,26,102
03/12/2023,MFR,OR,ANM,WE,Federal Contract Tower,24,0,5,0,29,0,0,4,0,4,24,0,9,0,33,0,0,0,33
03/13/2023,MFR,OR,ANM,WE,Federal Contract Tower,26,11,11,4,52,0,2,2,0,4,26,13,13,4,56,6,0,6,62
03/14/2023,MFR,OR,ANM,WE,Federal Contract Tower,26,12,11,0,49,0,0,0,0,0,26,12,11,0,49,0,0,0,49
03/15/2023,MFR,OR,ANM,WE,Federal Contract Tower,27,21,12,0,60,0,4,20,0,24,27,25,32,0,84,26,0,26,110
03/16/2023,MFR,OR,ANM,WE,Federal Contract Tower,27,15,17,0,59,0,5,48,0,53,27,20,65,0,112,10,0,10,122
03/17/2023,MFR,OR,ANM,WE,Federal Contract Tower,27,22,11,3,63,0,4,34,3,41,27,26,45,6,104,4,0,4,108
03/18/2023,MFR,OR,ANM,WE,Federal Contract Tower,23,10,7,0,40,0,0,38,0,38,23,10,45,0,78,10,0,10,88
03/19/2023,MFR,OR,ANM,WE,Federal Contract Tower,24,5,12,0,41,0,4,2,0,6,24,9,14,0,47,0,0,0,47
03/20/2023,MFR,OR,ANM,WE,Federal Contract Tower,27,16,12,2,57,0,1,21,0,22,27,17,33,2,79,16,0,16,95
03/21/2023,MFR,OR,ANM,WE,Federal Contract Tower,21,9,15,6,51,0,7,32,3,42,21,16,47,9,93,50,4,54,147
03/22/2023,MFR,OR,ANM,WE,Federal Contract Tower,24,10,9,4,47,0,0,13,0,13,24,10,22,4,60,4,0,4,64
03/23/2023,MFR,OR,ANM,WE,Federal Contract Tower,26,16,18,0,60,0,0,21,1,22,26,16,39,1,82,20,0,20,102
03/24/2023,MFR,OR,ANM,WE,Federal Contract Tower,27,14,16,0,57,0,0,6,0,6,27,14,22,0,63,18,0,18,81
03/25/2023,MFR,OR,ANM,WE,Federal Contract Tower,24,9,3,0,36,0,0,1,0,1,24,9,4,0,37,0,0,0,37
03/26/2023,MFR,OR,ANM,WE,Federal Contract Tower,25,1,8,0,34,0,0,33,0,33,25,1,41,0,67,50,0,50,117
03/27/2023,MFR,OR,ANM,WE,Federal Contract Tower,27,9,11,0,47,0,0,6,0,6,27,9,17,0,53,0,0,0,53
03/28/2023,MFR,OR,ANM,WE,Federal Contract Tower,22,18,7,0,47,0,1,6,0,7,22,19,13,0,54,6,0,6,60
03/29/2023,MFR,OR,ANM,WE,Federal Contract Tower,24,13,9,2,48,0,2,21,0,23,24,15,30,2,71,6,0,6,77
03/30/2023,MFR,OR,ANM,WE,Federal Contract Tower,25,14,11,0,50,14,2,26,0,42,39,16,37,0,92,24,0,24,116
03/31/2023,MFR,OR,ANM,WE,Federal Contract Tower,26,16,8,0,50,0,0,23,0,23,26,16,31,0,73,18,0,18,91
04/01/2023,MFR,OR,ANM,WE,Federal Contract Tower,21,7,3,0,31,0,0,0,0,0,21,7,3,0,31,0,0,0,31
04/02/2023,MFR,OR,ANM,WE,Federal Contract Tower,24,5,15,0,44,0,0,0,0,0,24,5,15,0,44,0,0,0,44
04/03/2023,MFR,OR,ANM,WE,Federal Contract Tower,25,12,9,0,46,0,0,6,1,7,25,12,15,1,53,2,0,2,55
04/04/2023,MFR,OR,ANM,WE,Federal Contract Tower,23,16,16,0,55,0,1,6,0,7,23,17,22,0,62,46,0,46,108
04/05/2023,MFR,OR,ANM,WE,Federal Contract Tower,27,11,9,0,47,0,0,23,1,24,27,11,32,1,71,70,0,70,141
04/06/2023,MFR,OR,ANM,WE,Federal Contract Tower,27,12,11,4,54,0,1,14,0,15,27,13,25,4,69,10,0,10,79
04/07/2023,MFR,OR,ANM,WE,Federal Contract Tower,28,14,17,0,59,0,0,14,3,17,28,14,31,3,76,20,0,20,96
04/08/2023,MFR,OR,ANM,WE,Federal Contract Tower,25,6,4,0,35,0,2,46,0,48,25,8,50,0,83,38,0,38,121
04/09/2023,MFR,OR,ANM,WE,Federal Contract Tower,25,4,10,0,39,0,3,15,0,18,25,7,25,0,57,36,0,36,93
04/10/2023,MFR,OR,ANM,WE,Federal Contract Tower,31,17,9,0,57,0,0,17,0,17,31,17,26,0,74,26,0,26,100
04/11/2023,MFR,OR,ANM,WE,Federal Contract Tower,25,14,10,3,52,0,3,16,0,19,25,17,26,3,71,62,12,74,145
04/13/2023,MFR,OR,ANM,WE,Federal Contract Tower,28,16,10,1,55,0,2,45,1,48,28,18,55,2,103,30,12,42,145
04/14/2023,MFR,OR,ANM,WE,Federal Contract Tower,30,10,11,0,51,0,2,63,0,65,30,12,74,0,116,30,0,30,146
04/15/2023,MFR,OR,ANM,WE,Federal Contract Tower,24,5,8,0,37,0,4,75,0,79,24,9,83,0,116,38,0,38,154
04/16/2023,MFR,OR,ANM,WE,Federal Contract Tower,24,2,6,0,32,0,3,14,0,17,24,5,20,0,49,24,0,24,73
04/17/2023,MFR,OR,ANM,WE,Federal Contract Tower,33,10,12,1,56,0,0,2,1,3,33,10,14,2,59,22,10,32,91
04/18/2023,MFR,OR,ANM,WE,Federal Contract Tower,26,13,9,1,49,0,0,13,1,14,26,13,22,2,63,8,2,10,73
04/19/2023,MFR,OR,ANM,WE,Federal Contract Tower,29,15,10,0,54,0,2,9,0,11,29,17,19,0,65,12,0,12,77
04/20/2023,MFR,OR,ANM,WE,Federal Contract Tower,26,14,5,0,45,0,0,22,0,22,26,14,27,0,67,16,0,16,83
04/21/2023,MFR,OR,ANM,WE,Federal Contract Tower,28,17,15,0,60,0,0,26,0,26,28,17,41,0,86,22,0,22,108
04/22/2023,MFR,OR,ANM,WE,Federal Contract Tower,24,12,8,0,44,0,0,25,0,25,24,12,33,0,69,8,0,8,77
04/23/2023,MFR,OR,ANM,WE,Federal Contract Tower,26,2,9,0,37,0,0,7,0,7,26,2,16,0,44,0,0,0,44
04/24/2023,MFR,OR,ANM,WE,Federal Contract Tower,29,22,5,0,56,0,0,29,0,29,29,22,34,0,85,68,0,68,153
04/25/2023,MFR,OR,ANM,WE,Federal Contract Tower,26,12,13,2,53,0,0,57,1,58,26,12,70,3,111,80,0,80,191
04/26/2023,MFR,OR,ANM,WE,Federal Contract Tower,30,10,9,0,49,0,1,32,0,33,30,11,41,0,82,6,0,6,88
04/27/2023,MFR,OR,ANM,WE,Federal Contract Tower,26,13,10,0,49,0,1,42,0,43,26,14,52,0,92,0,0,0,92
04/28/2023,MFR,OR,ANM,WE,Federal Contract Tower,32,13,9,0,54,0,1,50,0,51,32,14,59,0,105,6,0,6,111
04/29/2023,MFR,OR,ANM,WE,Federal Contract Tower,24,10,9,0,43,0,3,42,0,45,24,13,51,0,88,2,0,2,90
04/30/2023,MFR,OR,ANM,WE,Federal Contract Tower,20,2,8,0,30,0,0,30,0,30,20,2,38,0,60,8,0,8,68
05/01/2023,MFR,OR,ANM,WE,Federal Contract Tower,28,14,14,0,56,0,0,5,0,5,28,14,19,0,61,26,0,26,87
05/02/2023,MFR,OR,ANM,WE,Federal Contract Tower,27,11,11,0,49,0,4,12,0,16,27,15,23,0,65,2,0,2,67
05/03/2023,MFR,OR,ANM,WE,Federal Contract Tower,19,6,4,16,45,0,9,25,0,34,19,15,29,16,79,4,0,4,83
05/04/2023,MFR,OR,ANM,WE,Federal Contract Tower,28,13,7,0,48,0,2,24,0,26,28,15,31,0,74,44,0,44,118
05/05/2023,MFR,OR,ANM,WE,Federal Contract Tower,32,14,9,4,59,0,0,23,0,23,32,14,32,4,82,8,0,8,90
05/06/2023,MFR,OR,ANM,WE,Federal Contract Tower,26,6,8,0,40,0,0,3,0,3,26,6,11,0,43,0,0,0,43
05/07/2023,MFR,OR,ANM,WE,Federal Contract Tower,22,1,4,0,27,0,0,8,0,8,22,1,12,0,35,2,0,2,37
05/08/2023,MFR,OR,ANM,WE,Federal Contract Tower,29,10,10,0,49,0,1,8,0,9,29,11,18,0,58,4,0,4,62
05/09/2023,MFR,OR,ANM,WE,Federal Contract Tower,23,12,13,7,55,0,0,25,5,30,23,12,38,12,85,16,56,72,157
05/10/2023,MFR,OR,ANM,WE,Federal Contract Tower,27,11,6,1,45,0,1,23,1,25,27,12,29,2,70,28,6,34,104
05/11/2023,MFR,OR,ANM,WE,Federal Contract Tower,30,14,14,2,60,0,3,66,0,69,30,17,80,2,129,60,0,60,189
05/12/2023,MFR,OR,ANM,WE,Federal Contract Tower,31,17,9,2,59,0,5,60,0,65,31,22,69,2,124,18,0,18,142
05/13/2023,MFR,OR,ANM,WE,Federal Contract Tower,25,7,3,0,35,0,2,56,2,60,25,9,59,2,95,6,0,6,101
05/14/2023,MFR,OR,ANM,WE,Federal Contract Tower,27,1,2,0,30,0,0,45,0,45,27,1,47,0,75,16,0,16,91
05/15/2023,MFR,OR,ANM,WE,Federal Contract Tower,30,13,7,2,52,0,1,33,4,38,30,14,40,6,90,20,0,20,110
05/16/2023,MFR,OR,ANM,WE,Federal Contract Tower,25,10,7,3,45,0,0,46,0,46,25,10,53,3,91,2,22,24,115
05/17/2023,MFR,OR,ANM,WE,Federal Contract Tower,28,13,5,4,50,0,3,44,0,47,28,16,49,4,97,30,6,36,133
05/18/2023,MFR,OR,ANM,WE,Federal Contract Tower,25,10,7,0,42,0,4,41,6,51,25,14,48,6,93,8,0,8,101
05/19/2023,MFR,OR,ANM,WE,Federal Contract Tower,31,12,5,0,48,0,1,53,7,61,31,13,58,7,109,44,0,44,153
05/20/2023,MFR,OR,ANM,WE,Federal Contract Tower,29,6,8,0,43,0,4,60,0,64,29,10,68,0,107,20,0,20,127
05/21/2023,MFR,OR,ANM,WE,Federal Contract Tower,29,0,9,0,38,0,0,25,0,25,29,0,34,0,63,20,0,20,83
05/22/2023,MFR,OR,ANM,WE,Federal Contract Tower,30,14,16,4,64,0,5,26,0,31,30,19,42,4,95,46,32,78,173
05/23/2023,MFR,OR,ANM,WE,Federal Contract Tower,30,10,14,0,54,0,2,37,0,39,30,12,51,0,93,16,0,16,109
05/24/2023,MFR,OR,ANM,WE,Federal Contract Tower,30,11,10,2,53,0,0,47,0,47,30,11,57,2,100,70,0,70,170
05/25/2023,MFR,OR,ANM,WE,Federal Contract Tower,29,13,8,3,53,0,1,43,0,44,29,14,51,3,97,0,0,0,97
05/26/2023,MFR,OR,ANM,WE,Federal Contract Tower,35,9,16,0,60,0,3,69,2,74,35,12,85,2,134,10,0,10,144
05/27/2023,MFR,OR,ANM,WE,Federal Contract Tower,29,4,13,0,46,0,3,48,0,51,29,7,61,0,97,18,0,18,115
05/28/2023,MFR,OR,ANM,WE,Federal Contract Tower,29,0,7,1,37,0,2,19,1,22,29,2,26,2,59,2,0,2,61
05/29/2023,MFR,OR,ANM,WE,Federal Contract Tower,32,4,8,0,44,0,1,71,5,77,32,5,79,5,121,46,0,46,167
05/30/2023,MFR,OR,ANM,WE,Federal Contract Tower,23,11,15,0,49,0,3,50,2,55,23,14,65,2,104,30,0,30,134
05/31/2023,MFR,OR,ANM,WE,Federal Contract Tower,32,14,20,0,66,0,4,26,0,30,32,18,46,0,96,0,0,0,96
06/01/2023,MFR,OR,ANM,WE,Federal Contract Tower,31,10,12,0,53,0,1,25,0,26,31,11,37,0,79,12,0,12,91
06/02/2023,MFR,OR,ANM,WE,Federal Contract Tower,35,15,6,2,58,0,2,39,0,41,35,17,45,2,99,12,2,14,113
06/03/2023,MFR,OR,ANM,WE,Federal Contract Tower,30,5,6,0,41,0,5,28,0,33,30,10,34,0,74,22,0,22,96
06/04/2023,MFR,OR,ANM,WE,Federal Contract Tower,29,2,12,0,43,0,5,38,0,43,29,7,50,0,86,16,0,16,102
06/05/2023,MFR,OR,ANM,WE,Federal Contract Tower,32,12,4,0,48,0,2,19,1,22,32,14,23,1,70,0,0,0,70
06/06/2023,MFR,OR,ANM,WE,Federal Contract Tower,26,9,13,0,48,0,5,31,1,37,26,14,44,1,85,2,0,2,87
06/07/2023,MFR,OR,ANM,WE,Federal Contract Tower,30,11,6,0,47,0,1,18,0,19,30,12,24,0,66,14,0,14,80
06/08/2023,MFR,OR,ANM,WE,Federal Contract Tower,30,14,10,0,54,0,5,20,2,27,30,19,30,2,81,16,0,16,97
06/09/2023,MFR,OR,ANM,WE,Federal Contract Tower,32,16,8,0,56,0,5,47,0,52,32,21,55,0,108,66,16,82,190
06/10/2023,MFR,OR,ANM,WE,Federal Contract Tower,28,8,9,2,47,0,9,45,0,54,28,17,54,2,101,32,0,32,133
06/11/2023,MFR,OR,ANM,WE,Federal Contract Tower,29,7,6,0,42,0,7,32,0,39,29,14,38,0,81,12,0,12,93
06/12/2023,MFR,OR,ANM,WE,Federal Contract Tower,33,11,8,3,55,0,11,42,0,53,33,22,50,3,108,62,0,62,170
06/13/2023,MFR,OR,ANM,WE,Federal Contract Tower,27,14,8,2,51,0,12,39,0,51,27,26,47,2,102,48,0,48,150
06/14/2023,MFR,OR,ANM,WE,Federal Contract Tower,30,10,15,0,55,0,9,57,0,66,30,19,72,0,121,4,0,4,125
06/15/2023,MFR,OR,ANM,WE,Federal Contract Tower,32,14,9,0,55,0,9,48,0,57,32,23,57,0,112,8,0,8,120
06/16/2023,MFR,OR,ANM,WE,Federal Contract Tower,35,12,6,0,53,0,6,66,0,72,35,18,72,0,125,6,0,6,131
06/17/2023,MFR,OR,ANM,WE,Federal Contract Tower,29,11,14,0,54,0,6,41,0,47,29,17,55,0,101,22,0,22,123
06/18/2023,MFR,OR,ANM,WE,Federal Contract Tower,30,1,9,0,40,0,0,22,0,22,30,1,31,0,62,22,0,22,84
06/19/2023,MFR,OR,ANM,WE,Federal Contract Tower,34,11,14,0,59,0,0,2,0,2,34,11,16,0,61,0,0,0,61
06/20/2023,MFR,OR,ANM,WE,Federal Contract Tower,27,12,20,0,59,0,4,36,2,42,27,16,56,2,101,102,6,108,209
06/21/2023,MFR,OR,ANM,WE,Federal Contract Tower,29,7,6,0,42,0,4,31,2,37,29,11,37,2,79,2,0,2,81
06/22/2023,MFR,OR,ANM,WE,Federal Contract Tower,31,14,6,2,53,0,4,43,0,47,31,18,49,2,100,8,0,8,108
06/23/2023,MFR,OR,ANM,WE,Federal Contract Tower,37,17,13,0,67,0,7,51,0,58,37,24,64,0,125,14,0,14,139
06/24/2023,MFR,OR,ANM,WE,Federal Contract Tower,26,9,5,1,41,0,5,22,2,29,26,14,27,3,70,30,0,30,100
06/25/2023,MFR,OR,ANM,WE,Federal Contract Tower,28,0,9,0,37,0,5,46,0,51,28,5,55,0,88,10,0,10,98
06/26/2023,MFR,OR,ANM,WE,Federal Contract Tower,32,20,8,2,62,0,6,51,0,57,32,26,59,2,119,28,0,28,147
06/27/2023,MFR,OR,ANM,WE,Federal Contract Tower,26,17,8,1,52,0,3,48,2,53,26,20,56,3,105,58,0,58,163
06/28/2023,MFR,OR,ANM,WE,Federal Contract Tower,27,15,7,1,50,0,4,42,4,50,27,19,49,5,100,30,14,44,144
06/29/2023,MFR,OR,ANM,WE,Federal Contract Tower,33,14,12,0,59,0,4,66,0,70,33,18,78,0,129,60,0,60,189
06/30/2023,MFR,OR,ANM,WE,Federal Contract Tower,35,12,4,0,51,0,10,60,0,70,35,22,64,0,121,18,0,18,139
07/01/2023,MFR,OR,ANM,WE,Federal Contract Tower,26,12,9,0,47,0,10,61,0,71,26,22,70,0,118,10,0,10,128
07/02/2023,MFR,OR,ANM,WE,Federal Contract Tower,27,2,3,0,32,0,2,56,0,58,27,4,59,0,90,42,0,42,132
07/03/2023,MFR,OR,ANM,WE,Federal Contract Tower,33,13,5,0,51,0,13,41,0,54,33,26,46,0,105,10,0,10,115
07/04/2023,MFR,OR,ANM,WE,Federal Contract Tower,23,2,4,0,29,0,3,25,0,28,23,5,29,0,57,8,0,8,65
07/05/2023,MFR,OR,ANM,WE,Federal Contract Tower,28,16,7,4,55,0,2,42,1,45,28,18,49,5,100,20,18,38,138
07/06/2023,MFR,OR,ANM,WE,Federal Contract Tower,30,17,10,1,58,0,4,27,0,31,30,21,37,1,89,8,12,20,109
07/07/2023,MFR,OR,ANM,WE,Federal Contract Tower,38,12,9,3,62,0,5,25,1,31,38,17,34,4,93,20,8,28,121
07/08/2023,MFR,OR,ANM,WE,Federal Contract Tower,26,6,6,0,38,0,10,45,0,55,26,16,51,0,93,20,0,20,113
07/09/2023,MFR,OR,ANM,WE,Federal Contract Tower,30,6,11,0,47,0,8,35,0,43,30,14,46,0,90,8,0,8,98
07/10/2023,MFR,OR,ANM,WE,Federal Contract Tower,39,14,8,2,63,0,7,43,1,51,39,21,51,3,114,44,0,44,158
07/11/2023,MFR,OR,ANM,WE,Federal Contract Tower,26,13,7,2,48,0,6,43,0,49,26,19,50,2,97,8,18,26,123
07/12/2023,MFR,OR,ANM,WE,Federal Contract Tower,27,17,14,2,60,0,4,49,2,55,27,21,63,4,115,22,0,22,137
07/13/2023,MFR,OR,ANM,WE,Federal Contract Tower,34,15,7,2,58,0,4,36,0,40,34,19,43,2,98,42,0,42,140
07/14/2023,MFR,OR,ANM,WE,Federal Contract Tower,36,15,10,1,62,0,9,43,1,53,36,24,53,2,115,24,6,30,145
07/15/2023,MFR,OR,ANM,WE,Federal Contract Tower,23,6,12,0,41,9,10,46,0,65,32,16,58,0,106,44,0,44,150
07/16/2023,MFR,OR,ANM,WE,Federal Contract Tower,31,4,8,0,43,4,8,46,1,59,35,12,54,1,102,4,0,4,106
07/17/2023,MFR,OR,ANM,WE,Federal Contract Tower,35,14,13,5,67,45,16,42,1,104,80,30,55,6,171,2,8,10,181
07/18/2023,MFR,OR,ANM,WE,Federal Contract Tower,27,20,6,3,56,47,21,35,7,110,74,41,41,10,166,24,0,24,190
07/19/2023,MFR,OR,ANM,WE,Federal Contract Tower,26,9,9,0,44,26,5,43,2,76,52,14,52,2,120,36,0,36,156
07/20/2023,MFR,OR,ANM,WE,Federal Contract Tower,36,12,8,0,56,1,4,28,2,35,37,16,36,2,91,16,0,16,107
07/21/2023,MFR,OR,ANM,WE,Federal Contract Tower,35,20,14,0,69,2,7,46,0,55,37,27,60,0,124,10,0,10,134
07/22/2023,MFR,OR,ANM,WE,Federal Contract Tower,25,18,10,0,53,15,8,39,5,67,40,26,49,5,120,6,0,6,126
07/23/2023,MFR,OR,ANM,WE,Federal Contract Tower,28,5,14,0,47,8,11,23,1,43,36,16,37,1,90,12,0,12,102
07/24/2023,MFR,OR,ANM,WE,Federal Contract Tower,34,15,11,3,63,2,3,44,2,51,36,18,55,5,114,18,14,32,146
07/25/2023,MFR,OR,ANM,WE,Federal Contract Tower,26,12,12,4,54,0,5,43,0,48,26,17,55,4,102,88,0,88,190
07/26/2023,MFR,OR,ANM,WE,Federal Contract Tower,27,13,10,2,52,0,6,71,0,77,27,19,81,2,129,16,0,16,145
07/27/2023,MFR,OR,ANM,WE,Federal Contract Tower,31,15,15,0,61,23,10,37,0,70,54,25,52,0,131,4,0,4,135
07/28/2023,MFR,OR,ANM,WE,Federal Contract Tower,36,8,7,2,53,0,10,53,0,63,36,18,60,2,116,24,0,24,140
07/29/2023,MFR,OR,ANM,WE,Federal Contract Tower,22,9,7,0,38,5,9,32,26,72,27,18,39,26,110,36,0,36,146
07/30/2023,MFR,OR,ANM,WE,Federal Contract Tower,29,9,10,0,48,1,10,50,3,64,30,19,60,3,112,30,0,30,142
07/31/2023,MFR,OR,ANM,WE,Federal Contract Tower,34,8,13,0,55,2,7,38,1,48,36,15,51,1,103,14,0,14,117
08/01/2023,MFR,OR,ANM,WE,Federal Contract Tower,25,18,11,0,54,0,6,37,0,43,25,24,48,0,97,18,0,18,115
08/02/2023,MFR,OR,ANM,WE,Federal Contract Tower,29,9,7,0,45,3,8,45,0,56,32,17,52,0,101,20,2,22,123
08/03/2023,MFR,OR,ANM,WE,Federal Contract Tower,31,15,18,1,65,1,2,43,0,46,32,17,61,1,111,34,0,34,145
08/04/2023,MFR,OR,ANM,WE,Federal Contract Tower,38,15,8,0,61,5,6,46,3,60,43,21,54,3,121,30,0,30,151
08/05/2023,MFR,OR,ANM,WE,Federal Contract Tower,25,5,6,1,37,0,7,40,0,47,25,12,46,1,84,30,0,30,114
08/06/2023,MFR,OR,ANM,WE,Federal Contract Tower,29,5,10,0,44,0,7,45,2,54,29,12,55,2,98,34,0,34,132
08/07/2023,MFR,OR,ANM,WE,Federal Contract Tower,39,8,11,5,63,0,6,41,1,48,39,14,52,6,111,28,14,42,153
08/08/2023,MFR,OR,ANM,WE,Federal Contract Tower,28,10,14,0,52,2,2,44,0,48,30,12,58,0,100,56,0,56,156
08/09/2023,MFR,OR,ANM,WE,Federal Contract Tower,28,11,11,2,52,4,5,28,0,37,32,16,39,2,89,28,0,28,117
08/10/2023,MFR,OR,ANM,WE,Federal Contract Tower,32,14,8,0,54,0,1,37,0,38,32,15,45,0,92,16,6,22,114
08/11/2023,MFR,OR,ANM,WE,Federal Contract Tower,36,11,9,0,56,4,6,52,1,63,40,17,61,1,119,36,0,36,155
08/12/2023,MFR,OR,ANM,WE,Federal Contract Tower,25,9,8,0,42,2,10,47,0,59,27,19,55,0,101,30,0,30,131
08/13/2023,MFR,OR,ANM,WE,Federal Contract Tower,32,10,4,0,46,0,3,45,0,48,32,13,49,0,94,60,0,60,154
08/14/2023,MFR,OR,ANM,WE,Federal Contract Tower,35,18,4,0,57,2,14,41,0,57,37,32,45,0,114,12,0,12,126
08/15/2023,MFR,OR,ANM,WE,Federal Contract Tower,29,15,17,3,64,57,7,32,0,96,86,22,49,3,160,6,0,6,166
08/16/2023,MFR,OR,ANM,WE,Federal Contract Tower,26,12,6,1,45,29,8,35,0,72,55,20,41,1,117,10,0,10,127
08/17/2023,MFR,OR,ANM,WE,Federal Contract Tower,35,11,14,6,66,4,4,30,0,38,39,15,44,6,104,28,0,28,132
08/18/2023,MFR,OR,ANM,WE,Federal Contract Tower,31,14,29,0,74,62,5,25,0,92,93,19,54,0,166,10,0,10,176
08/19/2023,MFR,OR,ANM,WE,Federal Contract Tower,22,17,6,3,48,10,9,49,2,70,32,26,55,5,118,38,0,38,156
08/20/2023,MFR,OR,ANM,WE,Federal Contract Tower,27,4,6,1,38,55,16,33,2,106,82,20,39,3,144,24,0,24,168
08/21/2023,MFR,OR,ANM,WE,Federal Contract Tower,34,14,15,2,65,1,8,8,0,17,35,22,23,2,82,38,0,38,120
08/22/2023,MFR,OR,ANM,WE,Federal Contract Tower,55,16,25,4,100,0,0,0,0,0,55,16,25,4,100,0,0,0,100
08/23/2023,MFR,OR,ANM,WE,Federal Contract Tower,26,10,22,6,64,0,2,26,0,28,26,12,48,6,92,18,0,18,110
08/24/2023,MFR,OR,ANM,WE,Federal Contract Tower,28,21,8,0,57,30,11,16,0,57,58,32,24,0,114,0,0,0,114
08/25/2023,MFR,OR,ANM,WE,Federal Contract Tower,31,15,13,0,59,9,2,2,0,13,40,17,15,0,72,0,0,0,72
08/26/2023,MFR,OR,ANM,WE,Federal Contract Tower,27,9,21,0,57,39,13,16,0,68,66,22,37,0,125,0,0,0,125
08/27/2023,MFR,OR,ANM,WE,Federal Contract Tower,27,2,22,0,51,0,5,3,0,8,27,7,25,0,59,0,0,0,59
08/28/2023,MFR,OR,ANM,WE,Federal Contract Tower,42,8,19,0,69,0,0,0,0,0,42,8,19,0,69,0,0,0,69
08/29/2023,MFR,OR,ANM,WE,Federal Contract Tower,27,19,16,1,63,60,5,17,0,82,87,24,33,1,145,4,0,4,149
08/30/2023,MFR,OR,ANM,WE,Federal Contract Tower,29,17,10,0,56,40,11,33,0,84,69,28,43,0,140,12,0,12,152
08/31/2023,MFR,OR,ANM,WE,Federal Contract Tower,28,13,25,0,66,2,1,26,0,29,30,14,51,0,95,14,0,14,109
01/01/2020,MFR,OR,ANM,WE,Federal Contract Tower,25,10,4,0,39,0,0,10,0,10,25,10,14,0,49,0,0,0,49
01/02/2020,MFR,OR,ANM,WE,Federal Contract Tower,33,30,14,0,77,0,1,32,0,33,33,31,46,0,110,36,0,36,146
01/03/2020,MFR,OR,ANM,WE,Federal Contract Tower,29,27,13,2,71,0,3,14,0,17,29,30,27,2,88,2,0,2,90
01/04/2020,MFR,OR,ANM,WE,Federal Contract Tower,30,14,8,3,55,0,1,17,2,20,30,15,25,5,75,50,12,62,137
01/05/2020,MFR,OR,ANM,WE,Federal Contract Tower,33,10,6,0,49,0,2,0,4,6,33,12,6,4,55,0,0,0,55
01/06/2020,MFR,OR,ANM,WE,Federal Contract Tower,31,21,12,10,74,0,1,36,0,37,31,22,48,10,111,36,0,36,147
01/07/2020,MFR,OR,ANM,WE,Federal Contract Tower,20,36,44,0,100,0,0,1,1,2,20,36,45,1,102,0,0,0,102
01/08/2020,MFR,OR,ANM,WE,Federal Contract Tower,27,29,11,0,67,0,0,8,0,8,27,29,19,0,75,34,0,34,109
01/09/2020,MFR,OR,ANM,WE,Federal Contract Tower,26,34,6,0,66,0,0,11,0,11,26,34,17,0,77,24,0,24,101
01/10/2020,MFR,OR,ANM,WE,Federal Contract Tower,22,25,12,6,65,0,0,22,0,22,22,25,34,6,87,44,10,54,141
01/11/2020,MFR,OR,ANM,WE,Federal Contract Tower,18,21,11,0,50,0,1,5,0,6,18,22,16,0,56,20,0,20,76
01/12/2020,MFR,OR,ANM,WE,Federal Contract Tower,31,8,9,0,48,0,0,0,0,0,31,8,9,0,48,0,0,0,48
01/13/2020,MFR,OR,ANM,WE,Federal Contract Tower,20,24,7,0,51,0,1,0,0,1,20,25,7,0,52,0,0,0,52
01/14/2020,MFR,OR,ANM,WE,Federal Contract Tower,23,37,10,2,72,0,0,0,0,0,23,37,10,2,72,0,0,0,72
01/15/2020,MFR,OR,ANM,WE,Federal Contract Tower,22,27,8,0,57,0,0,6,0,6,22,27,14,0,63,6,0,6,69
01/16/2020,MFR,OR,ANM,WE,Federal Contract Tower,26,30,11,0,67,0,0,0,0,0,26,30,11,0,67,0,0,0,67
01/17/2020,MFR,OR,ANM,WE,Federal Contract Tower,22,28,14,0,64,0,1,8,0,9,22,29,22,0,73,0,0,0,73
01/18/2020,MFR,OR,ANM,WE,Federal Contract Tower,22,16,5,0,43,0,0,19,0,19,22,16,24,0,62,40,0,40,102
01/19/2020,MFR,OR,ANM,WE,Federal Contract Tower,27,10,13,0,50,0,0,19,0,19,27,10,32,0,69,14,0,14,83
01/20/2020,MFR,OR,ANM,WE,Federal Contract Tower,26,26,11,0,63,0,4,31,0,35,26,30,42,0,98,62,0,62,160
01/21/2020,MFR,OR,ANM,WE,Federal Contract Tower,23,22,18,0,63,0,1,7,0,8,23,23,25,0,71,16,0,16,87
01/22/2020,MFR,OR,ANM,WE,Federal Contract Tower,24,25,21,0,70,0,0,4,0,4,24,25,25,0,74,28,0,28,102
01/23/2020,MFR,OR,ANM,WE,Federal Contract Tower,28,31,12,0,71,0,0,4,0,4,28,31,16,0,75,24,0,24,99
01/24/2020,MFR,OR,ANM,WE,Federal Contract Tower,24,28,10,5,67,0,1,19,0,20,24,29,29,5,87,52,0,52,139
01/25/2020,MFR,OR,ANM,WE,Federal Contract Tower,22,21,12,0,55,0,0,0,0,0,22,21,12,0,55,0,0,0,55
01/26/2020,MFR,OR,ANM,WE,Federal Contract Tower,31,9,7,0,47,0,0,24,0,24,31,9,31,0,71,30,0,30,101
01/27/2020,MFR,OR,ANM,WE,Federal Contract Tower,25,24,25,2,76,0,2,8,0,10,25,26,33,2,86,32,0,32,118
01/28/2020,MFR,OR,ANM,WE,Federal Contract Tower,24,24,7,0,55,0,0,20,0,20,24,24,27,0,75,34,0,34,109
01/29/2020,MFR,OR,ANM,WE,Federal Contract Tower,23,25,20,7,75,0,1,21,0,22,23,26,41,7,97,10,0,10,107
01/30/2020,MFR,OR,ANM,WE,Federal Contract Tower,27,29,23,8,87,0,0,1,0,1,27,29,24,8,88,0,0,0,88
01/31/2020,MFR,OR,ANM,WE,Federal Contract Tower,22,31,14,0,67,0,0,10,0,10,22,31,24,0,77,4,0,4,81
02/01/2020,MFR,OR,ANM,WE,Federal Contract Tower,21,16,6,0,43,0,0,6,0,6,21,16,12,0,49,18,0,18,67
02/02/2020,MFR,OR,ANM,WE,Federal Contract Tower,27,16,3,0,46,0,0,4,0,4,27,16,7,0,50,22,0,22,72
02/03/2020,MFR,OR,ANM,WE,Federal Contract Tower,23,28,8,3,62,0,0,6,0,6,23,28,14,3,68,0,0,0,68
02/04/2020,MFR,OR,ANM,WE,Federal Contract Tower,23,28,18,1,70,0,5,27,2,34,23,33,45,3,104,10,0,10,114
02/05/2020,MFR,OR,ANM,WE,Federal Contract Tower,26,28,7,0,61,0,0,15,0,15,26,28,22,0,76,14,0,14,90
02/06/2020,MFR,OR,ANM,WE,Federal Contract Tower,28,24,22,0,74,0,0,1,0,1,28,24,23,0,75,0,0,0,75
02/07/2020,MFR,OR,ANM,WE,Federal Contract Tower,23,25,13,0,61,0,1,21,0,22,23,26,34,0,83,16,0,16,99
02/08/2020,MFR,OR,ANM,WE,Federal Contract Tower,24,15,3,2,44,0,1,4,0,5,24,16,7,2,49,2,0,2,51
02/09/2020,MFR,OR,ANM,WE,Federal Contract Tower,29,18,21,0,68,0,4,60,0,64,29,22,81,0,132,2,0,2,134
02/10/2020,MFR,OR,ANM,WE,Federal Contract Tower,22,25,13,0,60,0,1,41,0,42,22,26,54,0,102,38,0,38,140
02/11/2020,MFR,OR,ANM,WE,Federal Contract Tower,24,30,6,18,78,0,0,47,6,53,24,30,53,24,131,34,0,34,165
02/12/2020,MFR,OR,ANM,WE,Federal Contract Tower,24,24,8,4,60,0,1,47,0,48,24,25,55,4,108,40,0,40,148
02/13/2020,MFR,OR,ANM,WE,Federal Contract Tower,26,27,12,2,67,0,1,36,0,37,26,28,48,2,104,26,0,26,130
02/14/2020,MFR,OR,ANM,WE,Federal Contract Tower,33,20,11,0,64,0,3,32,0,35,33,23,43,0,99,42,0,42,141
02/15/2020,MFR,OR,ANM,WE,Federal Contract Tower,19,17,7,0,43,0,1,14,0,15,19,18,21,0,58,2,0,2,60
02/16/2020,MFR,OR,ANM,WE,Federal Contract Tower,25,13,7,0,45,0,0,7,0,7,25,13,14,0,52,10,0,10,62
02/17/2020,MFR,OR,ANM,WE,Federal Contract Tower,27,20,22,0,69,0,1,43,0,44,27,21,65,0,113,16,0,16,129
02/18/2020,MFR,OR,ANM,WE,Federal Contract Tower,23,25,12,0,60,0,4,48,0,52,23,29,60,0,112,26,0,26,138
02/19/2020,MFR,OR,ANM,WE,Federal Contract Tower,26,21,11,7,65,0,5,44,3,52,26,26,55,10,117,36,28,64,181
02/20/2020,MFR,OR,ANM,WE,Federal Contract Tower,24,26,14,0,64,0,6,50,0,56,24,32,64,0,120,18,0,18,138
02/21/2020,MFR,OR,ANM,WE,Federal Contract Tower,27,20,19,0,66,0,5,43,0,48,27,25,62,0,114,26,0,26,140
02/22/2020,MFR,OR,ANM,WE,Federal Contract Tower,20,21,11,4,56,0,3,34,0,37,20,24,45,4,93,20,0,20,113
02/23/2020,MFR,OR,ANM,WE,Federal Contract Tower,24,14,19,0,57,0,0,19,0,19,24,14,38,0,76,18,0,18,94
02/24/2020,MFR,OR,ANM,WE,Federal Contract Tower,25,18,17,0,60,0,0,44,0,44,25,18,61,0,104,46,0,46,150
02/25/2020,MFR,OR,ANM,WE,Federal Contract Tower,24,27,16,1,68,0,2,43,0,45,24,29,59,1,113,68,0,68,181
02/26/2020,MFR,OR,ANM,WE,Federal Contract Tower,31,24,8,1,64,0,5,53,4,62,31,29,61,5,126,18,0,18,144
02/27/2020,MFR,OR,ANM,WE,Federal Contract Tower,24,25,7,0,56,0,3,50,2,55,24,28,57,2,111,42,0,42,153
02/28/2020,MFR,OR,ANM,WE,Federal Contract Tower,32,26,22,0,80,0,2,51,2,55,32,28,73,2,135,16,0,16,151
02/29/2020,MFR,OR,ANM,WE,Federal Contract Tower,22,24,13,0,59,0,2,11,1,14,22,26,24,1,73,4,0,4,77
03/01/2020,MFR,OR,ANM,WE,Federal Contract Tower,30,16,9,0,55,0,2,33,3,38,30,18,42,3,93,0,0,0,93
03/02/2020,MFR,OR,ANM,WE,Federal Contract Tower,27,20,9,10,66,0,0,17,0,17,27,20,26,10,83,14,10,24,107
03/03/2020,MFR,OR,ANM,WE,Federal Contract Tower,23,29,10,0,62,0,3,42,2,47,23,32,52,2,109,48,4,52,161
03/04/2020,MFR,OR,ANM,WE,Federal Contract Tower,27,25,5,0,57,0,5,35,1,41,27,30,40,1,98,18,0,18,116
03/05/2020,MFR,OR,ANM,WE,Federal Contract Tower,23,27,9,0,59,0,4,50,0,54,23,31,59,0,113,28,0,28,141
03/06/2020,MFR,OR,ANM,WE,Federal Contract Tower,29,23,12,2,66,0,1,15,0,16,29,24,27,2,82,6,0,6,88
03/07/2020,MFR,OR,ANM,WE,Federal Contract Tower,18,21,14,0,53,0,0,4,0,4,18,21,18,0,57,0,0,0,57
03/08/2020,MFR,OR,ANM,WE,Federal Contract Tower,24,12,8,4,48,0,0,6,0,6,24,12,14,4,54,0,0,0,54
03/09/2020,MFR,OR,ANM,WE,Federal Contract Tower,23,25,10,0,58,0,2,23,2,27,23,27,33,2,85,16,0,16,101
03/10/2020,MFR,OR,ANM,WE,Federal Contract Tower,23,27,16,1,67,0,3,69,5,77,23,30,85,6,144,34,0,34,178
03/11/2020,MFR,OR,ANM,WE,Federal Contract Tower,22,22,23,1,68,0,5,41,0,46,22,27,64,1,114,28,0,28,142
03/12/2020,MFR,OR,ANM,WE,Federal Contract Tower,23,24,16,4,67,0,4,69,4,77,23,28,85,8,144,8,0,8,152
03/13/2020,MFR,OR,ANM,WE,Federal Contract Tower,27,23,6,0,56,0,5,25,1,31,27,28,31,1,87,4,0,4,91
03/14/2020,MFR,OR,ANM,WE,Federal Contract Tower,19,18,12,0,49,0,1,1,0,2,19,19,13,0,51,0,0,0,51
03/15/2020,MFR,OR,ANM,WE,Federal Contract Tower,31,12,11,0,54,0,0,11,0,11,31,12,22,0,65,8,0,8,73
03/16/2020,MFR,OR,ANM,WE,Federal Contract Tower,28,24,11,0,63,0,1,15,0,16,28,25,26,0,79,26,0,26,105
03/17/2020,MFR,OR,ANM,WE,Federal Contract Tower,23,31,8,0,62,0,0,4,0,4,23,31,12,0,66,6,0,6,72
03/18/2020,MFR,OR,ANM,WE,Federal Contract Tower,26,28,5,0,59,0,2,25,0,27,26,30,30,0,86,38,0,38,124
03/19/2020,MFR,OR,ANM,WE,Federal Contract Tower,20,25,8,0,53,0,12,43,0,55,20,37,51,0,108,38,0,38,146
03/20/2020,MFR,OR,ANM,WE,Federal Contract Tower,22,22,7,0,51,0,4,37,0,41,22,26,44,0,92,32,0,32,124
03/21/2020,MFR,OR,ANM,WE,Federal Contract Tower,21,13,2,0,36,0,1,41,0,42,21,14,43,0,78,64,0,64,142
03/22/2020,MFR,OR,ANM,WE,Federal Contract Tower,24,7,7,1,39,0,1,59,0,60,24,8,66,1,99,24,6,30,129
03/23/2020,MFR,OR,ANM,WE,Federal Contract Tower,25,20,2,0,47,0,0,7,1,8,25,20,9,1,55,12,0,12,67
03/24/2020,MFR,OR,ANM,WE,Federal Contract Tower,21,22,15,0,58,0,0,5,1,6,21,22,20,1,64,0,0,0,64
03/25/2020,MFR,OR,ANM,WE,Federal Contract Tower,16,18,0,2,36,0,2,7,2,11,16,20,7,4,47,6,28,34,81
03/26/2020,MFR,OR,ANM,WE,Federal Contract Tower,16,18,6,0,40,0,0,18,0,18,16,18,24,0,58,22,0,22,80
03/27/2020,MFR,OR,ANM,WE,Federal Contract Tower,21,17,5,0,43,0,2,4,0,6,21,19,9,0,49,0,0,0,49
03/28/2020,MFR,OR,ANM,WE,Federal Contract Tower,18,13,5,0,36,0,1,6,0,7,18,14,11,0,43,16,0,16,59
03/29/2020,MFR,OR,ANM,WE,Federal Contract Tower,17,6,3,0,26,0,0,4,0,4,17,6,7,0,30,0,0,0,30
03/30/2020,MFR,OR,ANM,WE,Federal Contract Tower,18,17,8,0,43,0,0,1,0,1,18,17,9,0,44,0,0,0,44
03/31/2020,MFR,OR,ANM,WE,Federal Contract Tower,17,18,5,0,40,0,0,2,0,2,17,18,7,0,42,0,0,0,42
04/01/2020,MFR,OR,ANM,WE,Federal Contract Tower,18,14,4,0,36,0,1,10,0,11,18,15,14,0,47,18,0,18,65
04/02/2020,MFR,OR,ANM,WE,Federal Contract Tower,19,14,3,0,36,0,2,24,0,26,19,16,27,0,62,32,0,32,94
04/03/2020,MFR,OR,ANM,WE,Federal Contract Tower,19,14,4,0,37,0,2,25,2,29,19,16,29,2,66,6,4,10,76
04/04/2020,MFR,OR,ANM,WE,Federal Contract Tower,14,14,4,0,32,0,2,0,0,2,14,16,4,0,34,0,0,0,34
04/05/2020,MFR,OR,ANM,WE,Federal Contract Tower,20,4,2,0,26,0,2,0,0,2,20,6,2,0,28,0,0,0,28
04/06/2020,MFR,OR,ANM,WE,Federal Contract Tower,16,13,5,0,34,0,7,9,0,16,16,20,14,0,50,14,0,14,64
04/07/2020,MFR,OR,ANM,WE,Federal Contract Tower,13,14,2,0,29,0,7,30,0,37,13,21,32,0,66,14,0,14,80
04/08/2020,MFR,OR,ANM,WE,Federal Contract Tower,15,16,5,1,37,0,4,50,1,55,15,20,55,2,92,10,0,10,102
04/09/2020,MFR,OR,ANM,WE,Federal Contract Tower,12,18,3,4,37,0,1,47,0,48,12,19,50,4,85,14,0,14,99
04/10/2020,MFR,OR,ANM,WE,Federal Contract Tower,11,14,8,0,33,0,3,49,0,52,11,17,57,0,85,6,0,6,91
04/11/2020,MFR,OR,ANM,WE,Federal Contract Tower,14,7,4,0,25,0,1,30,0,31,14,8,34,0,56,20,0,20,76
04/12/2020,MFR,OR,ANM,WE,Federal Contract Tower,12,1,2,0,15,0,0,25,0,25,12,1,27,0,40,36,0,36,76
04/13/2020,MFR,OR,ANM,WE,Federal Contract Tower,14,11,4,0,29,0,3,48,0,51,14,14,52,0,80,8,0,8,88
04/14/2020,MFR,OR,ANM,WE,Federal Contract Tower,14,13,7,6,40,0,1,33,0,34,14,14,40,6,74,14,14,28,102
04/15/2020,MFR,OR,ANM,WE,Federal Contract Tower,13,9,7,0,29,0,2,31,0,33,13,11,38,0,62,38,0,38,100
04/16/2020,MFR,OR,ANM,WE,Federal Contract Tower,15,9,5,2,31,0,2,25,0,27,15,11,30,2,58,22,16,38,96
04/17/2020,MFR,OR,ANM,WE,Federal Contract Tower,13,8,13,0,34,0,2,58,0,60,13,10,71,0,94,74,0,74,168
04/18/2020,MFR,OR,ANM,WE,Federal Contract Tower,9,9,6,0,24,0,16,10,0,26,9,25,16,0,50,0,0,0,50
04/19/2020,MFR,OR,ANM,WE,Federal Contract Tower,12,3,12,0,27,0,5,40,0,45,12,8,52,0,72,10,0,10,82
04/20/2020,MFR,OR,ANM,WE,Federal Contract Tower,13,13,12,0,38,0,2,26,0,28,13,15,38,0,66,8,0,8,74
04/21/2020,MFR,OR,ANM,WE,Federal Contract Tower,10,14,16,1,41,0,1,14,1,16,10,15,30,2,57,0,20,20,77
04/22/2020,MFR,OR,ANM,WE,Federal Contract Tower,12,17,10,0,39,0,0,2,0,2,12,17,12,0,41,10,0,10,51
04/23/2020,MFR,OR,ANM,WE,Federal Contract Tower,12,14,13,0,39,0,3,25,0,28,12,17,38,0,67,2,0,2,69
04/24/2020,MFR,OR,ANM,WE,Federal Contract Tower,13,10,9,0,32,0,3,12,0,15,13,13,21,0,47,14,0,14,61
04/25/2020,MFR,OR,ANM,WE,Federal Contract Tower,11,5,5,0,21,0,1,21,0,22,11,6,26,0,43,0,0,0,43
04/26/2020,MFR,OR,ANM,WE,Federal Contract Tower,10,1,11,0,22,0,0,42,0,42,10,1,53,0,64,56,0,56,120
04/27/2020,MFR,OR,ANM,WE,Federal Contract Tower,10,7,7,0,24,0,0,12,0,12,10,7,19,0,36,0,0,0,36
04/28/2020,MFR,OR,ANM,WE,Federal Contract Tower,13,5,6,0,24,0,2,64,0,66,13,7,70,0,90,48,0,48,138
04/29/2020,MFR,OR,ANM,WE,Federal Contract Tower,13,14,9,2,38,0,2,25,0,27,13,16,34,2,65,57,0,57,122
04/30/2020,MFR,OR,ANM,WE,Federal Contract Tower,10,10,14,0,34,0,2,9,0,11,10,12,23,0,45,8,0,8,53
05/01/2020,MFR,OR,ANM,WE,Federal Contract Tower,16,10,13,0,39,0,3,52,0,55,16,13,65,0,94,64,0,64,158
05/02/2020,MFR,OR,ANM,WE,Federal Contract Tower,6,8,2,0,16,0,0,1,0,1,6,8,3,0,17,0,0,0,17
05/03/2020,MFR,OR,ANM,WE,Federal Contract Tower,13,1,14,0,28,0,9,17,0,26,13,10,31,0,54,6,0,6,60
05/04/2020,MFR,OR,ANM,WE,Federal Contract Tower,12,12,8,0,32,0,3,34,0,37,12,15,42,0,69,14,0,14,83
05/05/2020,MFR,OR,ANM,WE,Federal Contract Tower,12,13,7,0,32,0,3,38,0,41,12,16,45,0,73,8,0,8,81
05/06/2020,MFR,OR,ANM,WE,Federal Contract Tower,9,16,9,7,41,0,3,30,2,35,9,19,39,9,76,20,14,34,110
05/07/2020,MFR,OR,ANM,WE,Federal Contract Tower,15,17,13,1,46,0,0,53,1,54,15,17,66,2,100,44,0,44,144
05/08/2020,MFR,OR,ANM,WE,Federal Contract Tower,17,15,8,1,41,0,0,50,0,50,17,15,58,1,91,12,6,18,109
05/09/2020,MFR,OR,ANM,WE,Federal Contract Tower,8,15,11,0,34,0,1,74,0,75,8,16,85,0,109,24,0,24,133
05/10/2020,MFR,OR,ANM,WE,Federal Contract Tower,16,1,8,0,25,0,1,35,0,36,16,2,43,0,61,0,0,0,61
05/11/2020,MFR,OR,ANM,WE,Federal Contract Tower,20,10,16,0,46,1,0,11,0,12,21,10,27,0,58,6,0,6,64
05/12/2020,MFR,OR,ANM,WE,Federal Contract Tower,11,16,5,0,32,1,3,12,0,16,12,19,17,0,48,2,0,2,50
05/13/2020,MFR,OR,ANM,WE,Federal Contract Tower,15,15,6,0,36,0,3,14,0,17,15,18,20,0,53,0,0,0,53
05/14/2020,MFR,OR,ANM,WE,Federal Contract Tower,16,15,14,0,45,0,0,3,0,3,16,15,17,0,48,0,0,0,48
05/15/2020,MFR,OR,ANM,WE,Federal Contract Tower,16,12,19,0,47,0,2,52,0,54,16,14,71,0,101,16,0,16,117
05/16/2020,MFR,OR,ANM,WE,Federal Contract Tower,12,8,16,0,36,0,1,29,0,30,12,9,45,0,66,34,0,34,100
05/17/2020,MFR,OR,ANM,WE,Federal Contract Tower,19,3,6,0,28,0,0,0,0,0,19,3,6,0,28,0,0,0,28
05/18/2020,MFR,OR,ANM,WE,Federal Contract Tower,15,9,20,0,44,0,0,2,0,2,15,9,22,0,46,0,0,0,46
05/19/2020,MFR,OR,ANM,WE,Federal Contract Tower,12,14,11,0,37,0,0,10,0,10,12,14,21,0,47,0,0,0,47
05/20/2020,MFR,OR,ANM,WE,Federal Contract Tower,15,13,23,0,51,0,1,23,0,24,15,14,46,0,75,24,0,24,99
05/21/2020,MFR,OR,ANM,WE,Federal Contract Tower,18,14,17,0,49,0,1,16,0,17,18,15,33,0,66,14,0,14,80
05/22/2020,MFR,OR,ANM,WE,Federal Contract Tower,15,9,22,0,46,0,10,17,0,27,15,19,39,0,73,20,0,20,93
05/23/2020,MFR,OR,ANM,WE,Federal Contract Tower,12,6,17,0,35,0,4,54,0,58,12,10,71,0,93,22,0,22,115
05/24/2020,MFR,OR,ANM,WE,Federal Contract Tower,19,5,14,0,38,0,1,51,0,52,19,6,65,0,90,30,0,30,120
05/25/2020,MFR,OR,ANM,WE,Federal Contract Tower,15,5,14,0,34,0,2,43,0,45,15,7,57,0,79,6,0,6,85
05/26/2020,MFR,OR,ANM,WE,Federal Contract Tower,12,11,8,0,31,0,3,29,0,32,12,14,37,0,63,8,0,8,71
05/27/2020,MFR,OR,ANM,WE,Federal Contract Tower,15,16,14,6,51,2,4,35,0,41,17,20,49,6,92,38,0,38,130
05/28/2020,MFR,OR,ANM,WE,Federal Contract Tower,18,15,15,0,48,0,3,45,0,48,18,18,60,0,96,22,0,22,118
05/29/2020,MFR,OR,ANM,WE,Federal Contract Tower,15,12,17,0,44,0,5,54,0,59,15,17,71,0,103,42,0,42,145
05/30/2020,MFR,OR,ANM,WE,Federal Contract Tower,12,5,11,0,28,0,0,1,0,1,12,5,12,0,29,10,0,10,39
05/31/2020,MFR,OR,ANM,WE,Federal Contract Tower,19,6,15,0,40,1,2,12,0,15,20,8,27,0,55,20,0,20,75
06/01/2020,MFR,OR,ANM,WE,Federal Contract Tower,17,13,7,12,49,0,3,37,1,41,17,16,44,13,90,8,26,34,124
06/02/2020,MFR,OR,ANM,WE,Federal Contract Tower,13,10,7,5,35,0,3,23,5,31,13,13,30,10,66,22,0,22,88
06/03/2020,MFR,OR,ANM,WE,Federal Contract Tower,17,11,12,0,40,0,4,49,0,53,17,15,61,0,93,26,0,26,119
06/04/2020,MFR,OR,ANM,WE,Federal Contract Tower,25,12,21,16,74,0,4,40,0,44,25,16,61,16,118,22,6,28,146
06/05/2020,MFR,OR,ANM,WE,Federal Contract Tower,17,12,7,2,38,0,3,43,1,47,17,15,50,3,85,0,0,0,85
06/06/2020,MFR,OR,ANM,WE,Federal Contract Tower,22,4,8,0,34,0,1,2,3,6,22,5,10,3,40,4,0,4,44
06/07/2020,MFR,OR,ANM,WE,Federal Contract Tower,23,5,7,2,37,0,1,10,0,11,23,6,17,2,48,38,0,38,86
06/08/2020,MFR,OR,ANM,WE,Federal Contract Tower,20,10,16,3,49,0,2,55,1,58,20,12,71,4,107,46,0,46,153
06/09/2020,MFR,OR,ANM,WE,Federal Contract Tower,18,14,16,0,48,0,8,50,0,58,18,22,66,0,106,58,0,58,164
06/10/2020,MFR,OR,ANM,WE,Federal Contract Tower,19,13,16,0,48,0,3,35,2,40,19,16,51,2,88,40,0,40,128
06/11/2020,MFR,OR,ANM,WE,Federal Contract Tower,25,15,9,0,49,0,4,37,0,41,25,19,46,0,90,8,0,8,98
06/12/2020,MFR,OR,ANM,WE,Federal Contract Tower,19,12,12,0,43,0,0,6,0,6,19,12,18,0,49,16,0,16,65
06/13/2020,MFR,OR,ANM,WE,Federal Contract Tower,22,5,12,2,41,0,1,20,0,21,22,6,32,2,62,12,0,12,74
06/14/2020,MFR,OR,ANM,WE,Federal Contract Tower,26,4,18,0,48,0,1,32,0,33,26,5,50,0,81,36,0,36,117
06/15/2020,MFR,OR,ANM,WE,Federal Contract Tower,20,10,12,0,42,0,2,7,0,9,20,12,19,0,51,36,0,36,87
06/16/2020,MFR,OR,ANM,WE,Federal Contract Tower,20,15,17,0,52,0,2,13,0,15,20,17,30,0,67,18,0,18,85
06/17/2020,MFR,OR,ANM,WE,Federal Contract Tower,19,16,14,2,51,0,5,65,0,70,19,21,79,2,121,24,2,26,147
06/18/2020,MFR,OR,ANM,WE,Federal Contract Tower,27,15,21,0,63,0,3,63,0,66,27,18,84,0,129,44,0,44,173
06/19/2020,MFR,OR,ANM,WE,Federal Contract Tower,23,11,21,0,55,0,3,70,0,73,23,14,91,0,128,10,0,10,138
06/20/2020,MFR,OR,ANM,WE,Federal Contract Tower,24,4,9,1,38,0,4,45,1,50,24,8,54,2,88,24,0,24,112
06/21/2020,MFR,OR,ANM,WE,Federal Contract Tower,30,2,15,2,49,0,4,40,0,44,30,6,55,2,93,38,0,38,131
06/22/2020,MFR,OR,ANM,WE,Federal Contract Tower,20,17,12,0,49,0,9,54,0,63,20,26,66,0,112,90,0,90,202
06/23/2020,MFR,OR,ANM,WE,Federal Contract Tower,23,14,16,0,53,0,5,47,1,53,23,19,63,1,106,24,0,24,130
06/24/2020,MFR,OR,ANM,WE,Federal Contract Tower,24,13,12,3,52,0,13,42,0,55,24,26,54,3,107,14,0,14,121
06/26/2020,MFR,OR,ANM,WE,Federal Contract Tower,20,11,19,0,50,0,2,54,0,56,20,13,73,0,106,48,0,48,154
06/27/2020,MFR,OR,ANM,WE,Federal Contract Tower,26,3,10,0,39,0,5,46,0,51,26,8,56,0,90,28,0,28,118
06/28/2020,MFR,OR,ANM,WE,Federal Contract Tower,30,1,37,0,68,0,3,32,0,35,30,4,69,0,103,0,0,0,103
06/29/2020,MFR,OR,ANM,WE,Federal Contract Tower,22,10,18,1,51,0,8,40,2,50,22,18,58,3,101,46,0,46,147
06/30/2020,MFR,OR,ANM,WE,Federal Contract Tower,21,16,18,2,57,0,5,48,3,56,21,21,66,5,113,60,4,64,177
07/01/2020,MFR,OR,ANM,WE,Federal Contract Tower,20,19,15,0,54,0,3,48,0,51,20,22,63,0,105,32,0,32,137
07/02/2020,MFR,OR,ANM,WE,Federal Contract Tower,29,18,12,0,59,0,8,60,0,68,29,26,72,0,127,74,0,74,201
07/03/2020,MFR,OR,ANM,WE,Federal Contract Tower,22,17,17,0,56,0,3,59,0,62,22,20,76,0,118,62,0,62,180
07/04/2020,MFR,OR,ANM,WE,Federal Contract Tower,21,3,4,0,28,0,3,37,0,40,21,6,41,0,68,44,0,44,112
07/05/2020,MFR,OR,ANM,WE,Federal Contract Tower,30,5,10,0,45,0,6,34,0,40,30,11,44,0,85,10,0,10,95
07/06/2020,MFR,OR,ANM,WE,Federal Contract Tower,23,12,12,0,47,0,0,52,0,52,23,12,64,0,99,30,0,30,129
07/07/2020,MFR,OR,ANM,WE,Federal Contract Tower,22,20,13,0,55,0,3,43,0,46,22,23,56,0,101,58,6,64,165
07/08/2020,MFR,OR,ANM,WE,Federal Contract Tower,23,14,14,7,58,0,4,50,2,56,23,18,64,9,114,36,16,52,166
07/09/2020,MFR,OR,ANM,WE,Federal Contract Tower,29,15,19,0,63,0,1,63,1,65,29,16,82,1,128,60,0,60,188
07/10/2020,MFR,OR,ANM,WE,Federal Contract Tower,21,13,10,0,44,0,4,46,2,52,21,17,56,2,96,4,0,4,100
07/11/2020,MFR,OR,ANM,WE,Federal Contract Tower,22,7,12,0,41,0,4,44,0,48,22,11,56,0,89,4,0,4,93
07/12/2020,MFR,OR,ANM,WE,Federal Contract Tower,28,6,14,0,48,0,7,56,3,66,28,13,70,3,114,4,0,4,118
07/13/2020,MFR,OR,ANM,WE,Federal Contract Tower,21,12,15,0,48,0,2,38,2,42,21,14,53,2,90,48,0,48,138
07/14/2020,MFR,OR,ANM,WE,Federal Contract Tower,22,15,11,1,49,0,1,46,4,51,22,16,57,5,100,88,0,88,188
07/15/2020,MFR,OR,ANM,WE,Federal Contract Tower,21,15,9,1,46,0,5,31,2,38,21,20,40,3,84,54,2,56,140
07/16/2020,MFR,OR,ANM,WE,Federal Contract Tower,28,14,16,2,60,0,7,56,2,65,28,21,72,4,125,36,0,36,161
07/17/2020,MFR,OR,ANM,WE,Federal Contract Tower,21,12,16,0,49,0,1,43,5,49,21,13,59,5,98,32,0,32,130
07/18/2020,MFR,OR,ANM,WE,Federal Contract Tower,22,8,7,0,37,11,42,44,0,97,33,50,51,0,134,32,0,32,166
07/19/2020,MFR,OR,ANM,WE,Federal Contract Tower,29,3,9,0,41,10,23,47,0,80,39,26,56,0,121,44,0,44,165
07/20/2020,MFR,OR,ANM,WE,Federal Contract Tower,24,19,1,3,47,12,15,35,0,62,36,34,36,3,109,20,0,20,129
07/21/2020,MFR,OR,ANM,WE,Federal Contract Tower,22,21,4,4,51,6,8,28,0,42,28,29,32,4,93,8,0,8,101
07/22/2020,MFR,OR,ANM,WE,Federal Contract Tower,23,17,6,0,46,0,7,46,0,53,23,24,52,0,99,66,0,66,165
07/23/2020,MFR,OR,ANM,WE,Federal Contract Tower,28,15,15,0,58,13,7,52,2,74,41,22,67,2,132,78,0,78,210
07/24/2020,MFR,OR,ANM,WE,Federal Contract Tower,23,14,16,0,53,4,5,44,0,53,27,19,60,0,106,58,0,58,164
07/25/2020,MFR,OR,ANM,WE,Federal Contract Tower,24,14,11,0,49,1,3,52,0,56,25,17,63,0,105,76,0,76,181
07/26/2020,MFR,OR,ANM,WE,Federal Contract Tower,31,6,6,0,43,2,5,41,0,48,33,11,47,0,91,26,2,28,119
07/27/2020,MFR,OR,ANM,WE,Federal Contract Tower,22,13,9,4,48,1,9,35,0,45,23,22,44,4,93,104,0,104,197
07/28/2020,MFR,OR,ANM,WE,Federal Contract Tower,25,17,6,3,51,35,15,48,1,99,60,32,54,4,150,72,0,72,222
07/29/2020,MFR,OR,ANM,WE,Federal Contract Tower,23,14,13,0,50,15,17,58,0,90,38,31,71,0,140,18,0,18,158
07/30/2020,MFR,OR,ANM,WE,Federal Contract Tower,33,19,15,0,67,57,3,65,0,125,90,22,80,0,192,60,0,60,252
07/31/2020,MFR,OR,ANM,WE,Federal Contract Tower,24,16,17,0,57,24,7,66,0,97,48,23,83,0,154,80,0,80,234
08/01/2020,MFR,OR,ANM,WE,Federal Contract Tower,23,8,7,0,38,0,6,62,0,68,23,14,69,0,106,48,0,48,154
08/02/2020,MFR,OR,ANM,WE,Federal Contract Tower,31,3,14,0,48,1,12,41,0,54,32,15,55,0,102,44,0,44,146
08/03/2020,MFR,OR,ANM,WE,Federal Contract Tower,27,13,15,2,57,4,13,62,0,79,31,26,77,2,136,44,18,62,198
08/04/2020,MFR,OR,ANM,WE,Federal Contract Tower,25,18,11,0,54,0,3,47,0,50,25,21,58,0,104,42,0,42,146
08/05/2020,MFR,OR,ANM,WE,Federal Contract Tower,26,15,15,0,56,0,9,39,0,48,26,24,54,0,104,54,0,54,158
08/06/2020,MFR,OR,ANM,WE,Federal Contract Tower,29,14,17,1,61,0,4,46,2,52,29,18,63,3,113,46,0,46,159
08/07/2020,MFR,OR,ANM,WE,Federal Contract Tower,27,14,17,0,58,0,7,47,0,54,27,21,64,0,112,28,2,30,142
08/08/2020,MFR,OR,ANM,WE,Federal Contract Tower,30,5,12,0,47,0,5,50,0,55,30,10,62,0,102,14,0,14,116
08/09/2020,MFR,OR,ANM,WE,Federal Contract Tower,30,3,9,1,43,0,2,44,0,46,30,5,53,1,89,20,0,20,109
08/10/2020,MFR,OR,ANM,WE,Federal Contract Tower,24,9,6,4,43,0,6,46,2,54,24,15,52,6,97,70,6,76,173
08/11/2020,MFR,OR,ANM,WE,Federal Contract Tower,27,16,16,0,59,4,13,57,1,75,31,29,73,1,134,28,0,28,162
08/12/2020,MFR,OR,ANM,WE,Federal Contract Tower,24,18,24,0,66,0,7,51,8,66,24,25,75,8,132,28,0,28,160
08/13/2020,MFR,OR,ANM,WE,Federal Contract Tower,31,7,16,2,56,0,6,44,0,50,31,13,60,2,106,32,0,32,138
08/14/2020,MFR,OR,ANM,WE,Federal Contract Tower,25,12,8,1,46,4,8,53,0,65,29,20,61,1,111,60,0,60,171
08/15/2020,MFR,OR,ANM,WE,Federal Contract Tower,26,10,6,1,43,0,5,39,0,44,26,15,45,1,87,28,0,28,115
08/16/2020,MFR,OR,ANM,WE,Federal Contract Tower,29,5,28,1,63,2,12,46,1,61,31,17,74,2,124,46,0,46,170
08/17/2020,MFR,OR,ANM,WE,Federal Contract Tower,27,8,14,0,49,0,7,40,0,47,27,15,54,0,96,12,0,12,108
08/18/2020,MFR,OR,ANM,WE,Federal Contract Tower,27,21,15,2,65,1,13,52,0,66,28,34,67,2,131,28,0,28,159
08/19/2020,MFR,OR,ANM,WE,Federal Contract Tower,23,12,14,4,53,2,10,38,1,51,25,22,52,5,104,12,0,12,116
08/20/2020,MFR,OR,ANM,WE,Federal Contract Tower,28,13,15,0,56,2,6,56,1,65,30,19,71,1,121,16,0,16,137
08/21/2020,MFR,OR,ANM,WE,Federal Contract Tower,26,8,16,0,50,2,5,41,0,48,28,13,57,0,98,34,0,34,132
08/22/2020,MFR,OR,ANM,WE,Federal Contract Tower,22,15,15,6,58,0,10,39,0,49,22,25,54,6,107,46,0,46,153
08/23/2020,MFR,OR,ANM,WE,Federal Contract Tower,25,3,20,3,51,0,1,40,0,41,25,4,60,3,92,14,0,14,106
08/24/2020,MFR,OR,ANM,WE,Federal Contract Tower,26,13,2,1,42,0,2,30,2,34,26,15,32,3,76,22,0,22,98
08/25/2020,MFR,OR,ANM,WE,Federal Contract Tower,22,26,15,1,64,2,5,39,1,47,24,31,54,2,111,34,0,34,145
08/26/2020,MFR,OR,ANM,WE,Federal Contract Tower,24,22,11,2,59,0,5,48,1,54,24,27,59,3,113,52,0,52,165
08/27/2020,MFR,OR,ANM,WE,Federal Contract Tower,28,16,21,0,65,3,8,47,0,58,31,24,68,0,123,42,0,42,165
08/28/2020,MFR,OR,ANM,WE,Federal Contract Tower,24,15,20,2,61,0,3,45,1,49,24,18,65,3,110,66,0,66,176
08/29/2020,MFR,OR,ANM,WE,Federal Contract Tower,22,9,7,0,38,0,3,55,0,58,22,12,62,0,96,24,0,24,120
08/30/2020,MFR,OR,ANM,WE,Federal Contract Tower,28,7,10,0,45,2,3,64,1,70,30,10,74,1,115,50,0,50,165
08/31/2020,MFR,OR,ANM,WE,Federal Contract Tower,24,13,17,0,54,2,8,54,0,64,26,21,71,0,118,74,0,74,192
09/01/2020,MFR,OR,ANM,WE,Federal Contract Tower,22,15,4,5,46,2,8,53,3,66,24,23,57,8,112,46,4,50,162
09/02/2020,MFR,OR,ANM,WE,Federal Contract Tower,24,13,11,1,49,0,11,56,1,68,24,24,67,2,117,82,0,82,199
09/03/2020,MFR,OR,ANM,WE,Federal Contract Tower,25,18,14,0,57,0,8,47,0,55,25,26,61,0,112,22,0,22,134
09/04/2020,MFR,OR,ANM,WE,Federal Contract Tower,22,12,11,5,50,8,11,54,0,73,30,23,65,5,123,16,0,16,139
09/05/2020,MFR,OR,ANM,WE,Federal Contract Tower,23,6,11,0,40,0,9,54,0,63,23,15,65,0,103,46,0,46,149
09/06/2020,MFR,OR,ANM,WE,Federal Contract Tower,24,3,7,0,34,0,9,42,0,51,24,12,49,0,85,22,0,22,107
09/07/2020,MFR,OR,ANM,WE,Federal Contract Tower,23,2,10,0,35,2,9,56,0,67,25,11,66,0,102,0,0,0,102
09/08/2020,MFR,OR,ANM,WE,Federal Contract Tower,20,12,12,2,46,55,25,5,0,85,75,37,17,2,131,32,0,32,163
09/09/2020,MFR,OR,ANM,WE,Federal Contract Tower,21,14,7,0,42,115,41,2,0,158,136,55,9,0,200,0,0,0,200
09/10/2020,MFR,OR,ANM,WE,Federal Contract Tower,29,16,15,0,60,0,2,1,0,3,29,18,16,0,63,0,0,0,63
09/11/2020,MFR,OR,ANM,WE,Federal Contract Tower,23,14,11,0,48,0,0,0,0,0,23,14,11,0,48,0,0,0,48
09/12/2020,MFR,OR,ANM,WE,Federal Contract Tower,2,3,12,0,17,0,0,0,0,0,2,3,12,0,17,0,0,0,17
09/13/2020,MFR,OR,ANM,WE,Federal Contract Tower,13,2,5,0,20,0,0,0,0,0,13,2,5,0,20,0,0,0,20
09/14/2020,MFR,OR,ANM,WE,Federal Contract Tower,14,0,4,0,18,0,0,0,0,0,14,0,4,0,18,0,0,0,18
09/15/2020,MFR,OR,ANM,WE,Federal Contract Tower,22,11,16,0,49,0,0,0,0,0,22,11,16,0,49,0,0,0,49
09/16/2020,MFR,OR,ANM,WE,Federal Contract Tower,24,18,18,0,60,0,0,0,0,0,24,18,18,0,60,0,0,0,60
09/17/2020,MFR,OR,ANM,WE,Federal Contract Tower,27,17,26,0,70,0,0,0,0,0,27,17,26,0,70,0,0,0,70
09/18/2020,MFR,OR,ANM,WE,Federal Contract Tower,25,16,11,1,53,0,1,20,2,23,25,17,31,3,76,2,0,2,78
09/19/2020,MFR,OR,ANM,WE,Federal Contract Tower,25,11,13,0,49,0,6,25,2,33,25,17,38,2,82,50,0,50,132
09/20/2020,MFR,OR,ANM,WE,Federal Contract Tower,29,1,10,0,40,2,6,27,2,37,31,7,37,2,77,14,0,14,91
09/21/2020,MFR,OR,ANM,WE,Federal Contract Tower,28,9,20,1,58,1,8,31,1,41,29,17,51,2,99,42,0,42,141
09/22/2020,MFR,OR,ANM,WE,Federal Contract Tower,24,12,18,1,55,0,4,37,2,43,24,16,55,3,98,32,0,32,130
09/23/2020,MFR,OR,ANM,WE,Federal Contract Tower,25,14,14,0,53,0,5,28,1,34,25,19,42,1,87,38,2,40,127
09/24/2020,MFR,OR,ANM,WE,Federal Contract Tower,32,14,19,0,65,0,7,23,0,30,32,21,42,0,95,58,0,58,153
09/25/2020,MFR,OR,ANM,WE,Federal Contract Tower,24,15,15,0,54,0,9,43,0,52,24,24,58,0,106,32,0,32,138
09/26/2020,MFR,OR,ANM,WE,Federal Contract Tower,26,8,21,0,55,0,1,14,0,15,26,9,35,0,70,34,0,34,104
09/27/2020,MFR,OR,ANM,WE,Federal Contract Tower,30,4,19,0,53,0,2,55,0,57,30,6,74,0,110,6,0,6,116
09/28/2020,MFR,OR,ANM,WE,Federal Contract Tower,28,10,12,0,50,0,11,45,2,58,28,21,57,2,108,0,6,6,114
09/29/2020,MFR,OR,ANM,WE,Federal Contract Tower,25,19,10,3,57,0,4,41,1,46,25,23,51,4,103,44,0,44,147
09/30/2020,MFR,OR,ANM,WE,Federal Contract Tower,24,15,12,0,51,0,1,18,0,19,24,16,30,0,70,2,0,2,72
10/01/2020,MFR,OR,ANM,WE,Federal Contract Tower,33,18,10,6,67,0,6,37,2,45,33,24,47,8,112,24,4,28,140
10/02/2020,MFR,OR,ANM,WE,Federal Contract Tower,26,17,16,0,59,2,1,31,0,34,28,18,47,0,93,20,0,20,113
10/03/2020,MFR,OR,ANM,WE,Federal Contract Tower,29,14,10,1,54,0,2,41,0,43,29,16,51,1,97,60,0,60,157
10/04/2020,MFR,OR,ANM,WE,Federal Contract Tower,38,6,11,0,55,0,3,41,0,44,38,9,52,0,99,44,0,44,143
10/05/2020,MFR,OR,ANM,WE,Federal Contract Tower,34,15,9,1,59,2,6,48,2,58,36,21,57,3,117,48,2,50,167
10/06/2020,MFR,OR,ANM,WE,Federal Contract Tower,28,26,11,0,65,0,4,32,0,36,28,30,43,0,101,16,0,16,117
10/07/2020,MFR,OR,ANM,WE,Federal Contract Tower,31,33,16,0,80,0,0,12,0,12,31,33,28,0,92,16,0,16,108
10/08/2020,MFR,OR,ANM,WE,Federal Contract Tower,36,28,15,2,81,0,0,0,0,0,36,28,15,2,81,0,0,0,81
10/09/2020,MFR,OR,ANM,WE,Federal Contract Tower,29,22,16,0,67,0,2,8,0,10,29,24,24,0,77,0,0,0,77
10/10/2020,MFR,OR,ANM,WE,Federal Contract Tower,31,13,10,0,54,0,0,3,0,3,31,13,13,0,57,0,0,0,57
10/11/2020,MFR,OR,ANM,WE,Federal Contract Tower,34,7,8,0,49,0,1,26,0,27,34,8,34,0,76,34,0,34,110
10/12/2020,MFR,OR,ANM,WE,Federal Contract Tower,30,15,18,0,63,0,3,15,0,18,30,18,33,0,81,20,0,20,101
10/13/2020,MFR,OR,ANM,WE,Federal Contract Tower,25,18,16,1,60,0,2,26,3,31,25,20,42,4,91,20,6,26,117
10/14/2020,MFR,OR,ANM,WE,Federal Contract Tower,29,18,10,3,60,1,4,51,1,57,30,22,61,4,117,40,18,58,175
10/15/2020,MFR,OR,ANM,WE,Federal Contract Tower,35,22,13,0,70,0,6,63,3,72,35,28,76,3,142,58,4,62,204
10/16/2020,MFR,OR,ANM,WE,Federal Contract Tower,26,20,14,0,60,0,4,66,0,70,26,24,80,0,130,38,0,38,168
10/17/2020,MFR,OR,ANM,WE,Federal Contract Tower,29,7,10,1,47,0,4,43,0,47,29,11,53,1,94,44,0,44,138
10/18/2020,MFR,OR,ANM,WE,Federal Contract Tower,28,7,16,0,51,0,1,50,1,52,28,8,66,1,103,28,0,28,131
10/19/2020,MFR,OR,ANM,WE,Federal Contract Tower,29,15,3,1,48,0,4,37,1,42,29,19,40,2,90,22,0,22,112
10/20/2020,MFR,OR,ANM,WE,Federal Contract Tower,25,18,23,0,66,0,1,40,2,43,25,19,63,2,109,24,0,24,133
10/21/2020,MFR,OR,ANM,WE,Federal Contract Tower,29,18,12,0,59,0,2,36,4,42,29,20,48,4,101,60,2,62,163
10/22/2020,MFR,OR,ANM,WE,Federal Contract Tower,35,21,12,0,68,0,5,50,3,58,35,26,62,3,126,40,10,50,176
10/23/2020,MFR,OR,ANM,WE,Federal Contract Tower,26,19,7,2,54,0,4,62,0,66,26,23,69,2,120,70,0,70,190
10/24/2020,MFR,OR,ANM,WE,Federal Contract Tower,29,9,18,6,62,0,5,0,0,5,29,14,18,6,67,24,0,24,91
10/25/2020,MFR,OR,ANM,WE,Federal Contract Tower,31,7,14,0,52,0,1,51,3,55,31,8,65,3,107,4,0,4,111
10/26/2020,MFR,OR,ANM,WE,Federal Contract Tower,29,13,10,3,55,1,1,47,1,50,30,14,57,4,105,26,4,30,135
10/27/2020,MFR,OR,ANM,WE,Federal Contract Tower,26,19,12,2,59,0,8,52,2,62,26,27,64,4,121,56,2,58,179
10/28/2020,MFR,OR,ANM,WE,Federal Contract Tower,29,20,19,1,69,0,7,43,4,54,29,27,62,5,123,54,0,54,177
10/29/2020,MFR,OR,ANM,WE,Federal Contract Tower,33,20,12,2,67,0,3,52,1,56,33,23,64,3,123,34,4,38,161
10/30/2020,MFR,OR,ANM,WE,Federal Contract Tower,31,10,17,0,58,0,3,75,0,78,31,13,92,0,136,44,0,44,180
10/31/2020,MFR,OR,ANM,WE,Federal Contract Tower,29,13,19,0,61,0,2,51,2,55,29,15,70,2,116,22,0,22,138
11/01/2020,MFR,OR,ANM,WE,Federal Contract Tower,34,5,18,1,58,3,42,4,0,49,37,47,22,1,107,60,0,60,167
11/02/2020,MFR,OR,ANM,WE,Federal Contract Tower,29,20,13,1,63,0,0,56,4,60,29,20,69,5,123,6,10,16,139
11/03/2020,MFR,OR,ANM,WE,Federal Contract Tower,25,20,20,0,65,0,6,35,2,43,25,26,55,2,108,24,0,24,132
11/04/2020,MFR,OR,ANM,WE,Federal Contract Tower,31,14,7,1,53,0,6,41,3,50,31,20,48,4,103,24,0,24,127
11/05/2020,MFR,OR,ANM,WE,Federal Contract Tower,34,18,25,0,77,0,0,43,4,47,34,18,68,4,124,54,0,54,178
11/06/2020,MFR,OR,ANM,WE,Federal Contract Tower,29,25,19,0,73,0,0,12,0,12,29,25,31,0,85,16,0,16,101
11/07/2020,MFR,OR,ANM,WE,Federal Contract Tower,32,12,14,6,64,0,3,6,3,12,32,15,20,9,76,8,6,14,90
11/08/2020,MFR,OR,ANM,WE,Federal Contract Tower,36,7,11,2,56,1,1,33,2,37,37,8,44,4,93,42,2,44,137
11/09/2020,MFR,OR,ANM,WE,Federal Contract Tower,34,14,11,0,59,0,2,35,0,37,34,16,46,0,96,56,0,56,152
11/10/2020,MFR,OR,ANM,WE,Federal Contract Tower,28,21,20,2,71,0,0,11,0,11,28,21,31,2,82,18,0,18,100
11/11/2020,MFR,OR,ANM,WE,Federal Contract Tower,32,20,6,0,58,0,1,36,0,37,32,21,42,0,95,16,0,16,111
11/12/2020,MFR,OR,ANM,WE,Federal Contract Tower,36,23,11,4,74,0,0,32,0,32,36,23,43,4,106,10,0,10,116
11/13/2020,MFR,OR,ANM,WE,Federal Contract Tower,29,24,8,0,61,0,1,3,0,4,29,25,11,0,65,0,0,0,65
11/14/2020,MFR,OR,ANM,WE,Federal Contract Tower,32,12,8,0,52,0,3,20,1,24,32,15,28,1,76,6,0,6,82
11/15/2020,MFR,OR,ANM,WE,Federal Contract Tower,36,8,2,0,46,0,0,0,0,0,36,8,2,0,46,0,0,0,46
11/16/2020,MFR,OR,ANM,WE,Federal Contract Tower,31,15,8,0,54,0,1,12,0,13,31,16,20,0,67,8,0,8,75
11/17/2020,MFR,OR,ANM,WE,Federal Contract Tower,28,20,9,0,57,0,0,0,0,0,28,20,9,0,57,0,0,0,57
11/18/2020,MFR,OR,ANM,WE,Federal Contract Tower,32,19,7,2,60,0,1,10,0,11,32,20,17,2,71,18,0,18,89
11/19/2020,MFR,OR,ANM,WE,Federal Contract Tower,36,23,10,0,69,0,0,19,0,19,36,23,29,0,88,4,0,4,92
11/20/2020,MFR,OR,ANM,WE,Federal Contract Tower,32,19,16,0,67,0,0,24,0,24,32,19,40,0,91,12,0,12,103
11/21/2020,MFR,OR,ANM,WE,Federal Contract Tower,32,15,8,0,55,0,0,20,0,20,32,15,28,0,75,16,0,16,91
11/22/2020,MFR,OR,ANM,WE,Federal Contract Tower,39,11,12,0,62,0,1,7,0,8,39,12,19,0,70,6,0,6,76
11/23/2020,MFR,OR,ANM,WE,Federal Contract Tower,31,24,22,2,79,0,0,1,0,1,31,24,23,2,80,0,0,0,80
11/24/2020,MFR,OR,ANM,WE,Federal Contract Tower,35,23,19,1,78,0,0,20,0,20,35,23,39,1,98,28,0,28,126
11/25/2020,MFR,OR,ANM,WE,Federal Contract Tower,35,15,13,0,63,0,0,14,0,14,35,15,27,0,77,54,0,54,131
11/26/2020,MFR,OR,ANM,WE,Federal Contract Tower,21,3,8,0,32,0,0,6,0,6,21,3,14,0,38,28,0,28,66
11/27/2020,MFR,OR,ANM,WE,Federal Contract Tower,26,25,5,0,56,0,1,28,0,29,26,26,33,0,85,32,0,32,117
11/28/2020,MFR,OR,ANM,WE,Federal Contract Tower,41,12,16,0,69,0,0,0,0,0,41,12,16,0,69,0,0,0,69
11/29/2020,MFR,OR,ANM,WE,Federal Contract Tower,34,6,9,0,49,0,0,0,0,0,34,6,9,0,49,0,0,0,49
11/30/2020,MFR,OR,ANM,WE,Federal Contract Tower,32,17,19,0,68,0,0,0,0,0,32,17,19,0,68,0,0,0,68
12/01/2020,MFR,OR,ANM,WE,Federal Contract Tower,31,19,18,0,68,0,3,33,0,36,31,22,51,0,104,16,0,16,120
12/02/2020,MFR,OR,ANM,WE,Federal Contract Tower,29,20,12,2,63,0,2,33,3,38,29,22,45,5,101,38,20,58,159
12/03/2020,MFR,OR,ANM,WE,Federal Contract Tower,34,21,8,0,63,0,1,47,0,48,34,22,55,0,111,42,0,42,153
12/04/2020,MFR,OR,ANM,WE,Federal Contract Tower,29,17,19,1,66,0,4,56,1,61,29,21,75,2,127,34,0,34,161
12/05/2020,MFR,OR,ANM,WE,Federal Contract Tower,32,11,8,0,51,0,1,40,0,41,32,12,48,0,92,42,0,42,134
12/06/2020,MFR,OR,ANM,WE,Federal Contract Tower,31,5,7,1,44,0,0,7,1,8,31,5,14,2,52,0,0,0,52
12/07/2020,MFR,OR,ANM,WE,Federal Contract Tower,41,14,11,0,66,0,4,20,0,24,41,18,31,0,90,20,0,20,110
12/08/2020,MFR,OR,ANM,WE,Federal Contract Tower,26,20,11,0,57,0,0,28,1,29,26,20,39,1,86,34,0,34,120
12/09/2020,MFR,OR,ANM,WE,Federal Contract Tower,30,21,41,0,92,0,2,33,0,35,30,23,74,0,127,32,0,32,159
12/10/2020,MFR,OR,ANM,WE,Federal Contract Tower,33,17,14,0,64,0,1,18,0,19,33,18,32,0,83,28,0,28,111
12/11/2020,MFR,OR,ANM,WE,Federal Contract Tower,26,19,22,0,67,0,0,0,0,0,26,19,22,0,67,0,0,0,67
12/12/2020,MFR,OR,ANM,WE,Federal Contract Tower,29,13,15,0,57,0,1,21,0,22,29,14,36,0,79,6,0,6,85
12/13/2020,MFR,OR,ANM,WE,Federal Contract Tower,31,6,3,0,40,0,0,0,0,0,31,6,3,0,40,0,0,0,40
12/14/2020,MFR,OR,ANM,WE,Federal Contract Tower,34,16,14,0,64,0,3,30,0,33,34,19,44,0,97,28,0,28,125
12/15/2020,MFR,OR,ANM,WE,Federal Contract Tower,26,26,8,1,61,0,2,4,1,7,26,28,12,2,68,6,0,6,74
12/16/2020,MFR,OR,ANM,WE,Federal Contract Tower,29,27,14,2,72,0,0,0,0,0,29,27,14,2,72,0,0,0,72
12/17/2020,MFR,OR,ANM,WE,Federal Contract Tower,34,27,16,8,85,0,1,12,0,13,34,28,28,8,98,32,0,32,130
12/18/2020,MFR,OR,ANM,WE,Federal Contract Tower,30,25,29,0,84,0,0,18,0,18,30,25,47,0,102,1,0,1,103
12/19/2020,MFR,OR,ANM,WE,Federal Contract Tower,28,14,12,0,54,0,0,15,0,15,28,14,27,0,69,16,0,16,85
12/20/2020,MFR,OR,ANM,WE,Federal Contract Tower,33,5,15,0,53,0,0,13,0,13,33,5,28,0,66,16,0,16,82
12/21/2020,MFR,OR,ANM,WE,Federal Contract Tower,29,19,16,0,64,0,0,0,0,0,29,19,16,0,64,0,0,0,64
12/22/2020,MFR,OR,ANM,WE,Federal Contract Tower,35,24,13,0,72,0,3,28,2,33,35,27,41,2,105,86,0,86,191
12/23/2020,MFR,OR,ANM,WE,Federal Contract Tower,34,21,10,0,65,0,3,46,0,49,34,24,56,0,114,46,0,46,160
12/24/2020,MFR,OR,ANM,WE,Federal Contract Tower,27,18,14,0,59,0,1,27,0,28,27,19,41,0,87,36,0,36,123
12/25/2020,MFR,OR,ANM,WE,Federal Contract Tower,24,8,10,0,42,0,0,0,0,0,24,8,10,0,42,0,0,0,42
12/26/2020,MFR,OR,ANM,WE,Federal Contract Tower,29,13,7,0,49,0,2,11,0,13,29,15,18,0,62,58,0,58,120
12/27/2020,MFR,OR,ANM,WE,Federal Contract Tower,29,4,18,0,51,0,1,15,0,16,29,5,33,0,67,52,0,52,119
12/28/2020,MFR,OR,ANM,WE,Federal Contract Tower,34,18,5,0,57,0,2,49,0,51,34,20,54,0,108,42,0,42,150
12/29/2020,MFR,OR,ANM,WE,Federal Contract Tower,36,18,12,2,68,0,2,57,0,59,36,20,69,2,127,54,0,54,181
12/30/2020,MFR,OR,ANM,WE,Federal Contract Tower,35,12,11,0,58,0,1,10,0,11,35,13,21,0,69,24,0,24,93
12/31/2020,MFR,OR,ANM,WE,Federal Contract Tower,28,20,14,0,62,0,0,10,0,10,28,20,24,0,72,12,0,12,84
01/01/2021,MFR,OR,ANM,WE,Federal Contract Tower,31,9,12,0,52,0,0,13,0,13,31,9,25,0,65,38,0,38,103
01/02/2021,MFR,OR,ANM,WE,Federal Contract Tower,28,11,15,0,54,0,3,2,0,5,28,14,17,0,59,0,0,0,59
01/03/2021,MFR,OR,ANM,WE,Federal Contract Tower,32,7,6,0,45,0,2,8,0,10,32,9,14,0,55,30,0,30,85
01/04/2021,MFR,OR,ANM,WE,Federal Contract Tower,31,16,15,0,62,0,0,3,0,3,31,16,18,0,65,0,0,0,65
01/05/2021,MFR,OR,ANM,WE,Federal Contract Tower,24,15,11,3,53,0,0,23,0,23,24,15,34,3,76,42,0,42,118
01/06/2021,MFR,OR,ANM,WE,Federal Contract Tower,26,18,8,2,54,0,1,3,0,4,26,19,11,2,58,12,0,12,70
01/07/2021,MFR,OR,ANM,WE,Federal Contract Tower,25,17,12,1,55,0,2,19,0,21,25,19,31,1,76,18,0,18,94
01/08/2021,MFR,OR,ANM,WE,Federal Contract Tower,38,17,14,0,69,0,0,16,0,16,38,17,30,0,85,16,0,16,101
01/09/2021,MFR,OR,ANM,WE,Federal Contract Tower,24,9,5,0,38,0,0,29,2,31,24,9,34,2,69,20,0,20,89
01/10/2021,MFR,OR,ANM,WE,Federal Contract Tower,30,1,4,6,41,0,8,3,0,11,30,9,7,6,52,2,4,6,58
01/11/2021,MFR,OR,ANM,WE,Federal Contract Tower,29,11,9,0,49,0,0,10,4,14,29,11,19,4,63,2,2,4,67
01/12/2021,MFR,OR,ANM,WE,Federal Contract Tower,24,16,4,0,44,0,0,2,0,2,24,16,6,0,46,8,0,8,54
01/13/2021,MFR,OR,ANM,WE,Federal Contract Tower,26,14,8,0,48,0,4,29,2,35,26,18,37,2,83,24,0,24,107
01/14/2021,MFR,OR,ANM,WE,Federal Contract Tower,28,18,12,3,61,0,0,38,2,40,28,18,50,5,101,46,6,52,153
01/15/2021,MFR,OR,ANM,WE,Federal Contract Tower,27,21,18,0,66,0,0,19,2,21,27,21,37,2,87,56,0,56,143
01/16/2021,MFR,OR,ANM,WE,Federal Contract Tower,25,10,9,0,44,0,0,18,0,18,25,10,27,0,62,50,0,50,112
01/17/2021,MFR,OR,ANM,WE,Federal Contract Tower,28,4,13,0,45,0,0,4,0,4,28,4,17,0,49,12,0,12,61
01/18/2021,MFR,OR,ANM,WE,Federal Contract Tower,28,10,11,0,49,0,0,0,0,0,28,10,11,0,49,0,0,0,49
01/19/2021,MFR,OR,ANM,WE,Federal Contract Tower,26,15,14,0,55,0,1,48,2,51,26,16,62,2,106,42,0,42,148
01/20/2021,MFR,OR,ANM,WE,Federal Contract Tower,27,11,10,1,49,0,0,48,1,49,27,11,58,2,98,36,10,46,144
01/21/2021,MFR,OR,ANM,WE,Federal Contract Tower,29,12,11,0,52,0,3,45,3,51,29,15,56,3,103,38,6,44,147
01/22/2021,MFR,OR,ANM,WE,Federal Contract Tower,29,13,19,0,61,0,1,14,0,15,29,14,33,0,76,38,0,38,114
01/23/2021,MFR,OR,ANM,WE,Federal Contract Tower,24,5,25,0,54,0,0,40,4,44,24,5,65,4,98,66,0,66,164
01/24/2021,MFR,OR,ANM,WE,Federal Contract Tower,32,3,6,0,41,0,0,0,0,0,32,3,6,0,41,0,0,0,41
01/25/2021,MFR,OR,ANM,WE,Federal Contract Tower,29,12,9,0,50,0,1,16,2,19,29,13,25,2,69,24,0,24,93
01/26/2021,MFR,OR,ANM,WE,Federal Contract Tower,24,11,14,0,49,0,0,2,1,3,24,11,16,1,52,0,0,0,52
01/27/2021,MFR,OR,ANM,WE,Federal Contract Tower,26,17,11,0,54,0,0,20,2,22,26,17,31,2,76,0,0,0,76
01/28/2021,MFR,OR,ANM,WE,Federal Contract Tower,30,16,8,0,54,0,0,2,0,2,30,16,10,0,56,0,0,0,56
01/29/2021,MFR,OR,ANM,WE,Federal Contract Tower,27,16,13,0,56,0,0,8,2,10,27,16,21,2,66,12,0,12,78
01/30/2021,MFR,OR,ANM,WE,Federal Contract Tower,23,6,14,0,43,0,0,9,0,9,23,6,23,0,52,14,0,14,66
01/31/2021,MFR,OR,ANM,WE,Federal Contract Tower,30,0,8,0,38,0,0,2,0,2,30,0,10,0,40,0,0,0,40
02/01/2021,MFR,OR,ANM,WE,Federal Contract Tower,27,13,11,0,51,0,0,3,1,4,27,13,14,1,55,4,0,4,59
02/02/2021,MFR,OR,ANM,WE,Federal Contract Tower,26,14,9,0,49,0,2,19,0,21,26,16,28,0,70,56,0,56,126
02/03/2021,MFR,OR,ANM,WE,Federal Contract Tower,27,13,10,0,50,0,0,24,0,24,27,13,34,0,74,24,0,24,98
02/04/2021,MFR,OR,ANM,WE,Federal Contract Tower,31,14,9,8,62,0,1,43,0,44,31,15,52,8,106,60,0,60,166
02/05/2021,MFR,OR,ANM,WE,Federal Contract Tower,29,13,15,0,57,0,3,23,0,26,29,16,38,0,83,42,6,48,131
02/06/2021,MFR,OR,ANM,WE,Federal Contract Tower,24,9,16,0,49,0,0,23,1,24,24,9,39,1,73,74,4,78,151
02/07/2021,MFR,OR,ANM,WE,Federal Contract Tower,30,1,6,0,37,0,0,8,1,9,30,1,14,1,46,12,2,14,60
02/08/2021,MFR,OR,ANM,WE,Federal Contract Tower,29,13,17,0,59,0,0,10,0,10,29,13,27,0,69,22,0,22,91
02/09/2021,MFR,OR,ANM,WE,Federal Contract Tower,26,12,15,1,54,0,3,52,1,56,26,15,67,2,110,94,2,96,206
02/10/2021,MFR,OR,ANM,WE,Federal Contract Tower,27,13,19,2,61,0,1,37,4,42,27,14,56,6,103,56,18,74,177
02/11/2021,MFR,OR,ANM,WE,Federal Contract Tower,27,17,10,0,54,0,0,11,0,11,27,17,21,0,65,58,0,58,123
02/12/2021,MFR,OR,ANM,WE,Federal Contract Tower,29,20,8,0,57,0,1,9,0,10,29,21,17,0,67,26,0,26,93
02/13/2021,MFR,OR,ANM,WE,Federal Contract Tower,16,8,14,0,38,0,0,7,0,7,16,8,21,0,45,0,0,0,45
02/14/2021,MFR,OR,ANM,WE,Federal Contract Tower,20,10,7,0,37,0,0,4,0,4,20,10,11,0,41,4,0,4,45
02/15/2021,MFR,OR,ANM,WE,Federal Contract Tower,32,15,7,0,54,0,0,12,0,12,32,15,19,0,66,0,0,0,66
02/16/2021,MFR,OR,ANM,WE,Federal Contract Tower,27,16,23,0,66,0,5,27,0,32,27,21,50,0,98,24,0,24,122
02/17/2021,MFR,OR,ANM,WE,Federal Contract Tower,30,18,15,2,65,0,1,53,0,54,30,19,68,2,119,40,0,40,159
02/18/2021,MFR,OR,ANM,WE,Federal Contract Tower,27,16,10,1,54,0,0,6,0,6,27,16,16,1,60,32,0,32,92
02/19/2021,MFR,OR,ANM,WE,Federal Contract Tower,33,26,14,0,73,0,0,12,0,12,33,26,26,0,85,38,0,38,123
02/20/2021,MFR,OR,ANM,WE,Federal Contract Tower,28,16,9,0,53,0,1,12,0,13,28,17,21,0,66,0,0,0,66
02/21/2021,MFR,OR,ANM,WE,Federal Contract Tower,31,8,13,0,52,0,7,27,0,34,31,15,40,0,86,20,0,20,106
02/22/2021,MFR,OR,ANM,WE,Federal Contract Tower,33,16,18,0,67,0,0,10,0,10,33,16,28,0,77,8,0,8,85
02/23/2021,MFR,OR,ANM,WE,Federal Contract Tower,27,13,18,1,59,0,1,58,3,62,27,14,76,4,121,58,6,64,185
02/24/2021,MFR,OR,ANM,WE,Federal Contract Tower,30,14,16,3,63,0,4,77,3,84,30,18,93,6,147,32,26,58,205
02/25/2021,MFR,OR,ANM,WE,Federal Contract Tower,22,19,13,0,54,0,1,27,0,28,22,20,40,0,82,42,0,42,124
02/26/2021,MFR,OR,ANM,WE,Federal Contract Tower,32,20,7,1,60,0,1,4,0,5,32,21,11,1,65,0,0,0,65
02/27/2021,MFR,OR,ANM,WE,Federal Contract Tower,27,12,4,0,43,0,0,17,0,17,27,12,21,0,60,30,0,30,90
02/28/2021,MFR,OR,ANM,WE,Federal Contract Tower,28,6,12,0,46,0,0,83,4,87,28,6,95,4,133,44,0,44,177
03/01/2021,MFR,OR,ANM,WE,Federal Contract Tower,33,16,6,0,55,0,4,47,1,52,33,20,53,1,107,38,0,38,145
03/02/2021,MFR,OR,ANM,WE,Federal Contract Tower,27,13,16,2,58,0,1,53,1,55,27,14,69,3,113,40,0,40,153
03/03/2021,MFR,OR,ANM,WE,Federal Contract Tower,31,18,6,1,56,0,3,63,2,68,31,21,69,3,124,46,24,70,194
03/04/2021,MFR,OR,ANM,WE,Federal Contract Tower,30,17,18,0,65,0,2,19,0,21,30,19,37,0,86,26,0,26,112
03/05/2021,MFR,OR,ANM,WE,Federal Contract Tower,34,19,15,0,68,0,2,2,0,4,34,21,17,0,72,0,0,0,72
03/06/2021,MFR,OR,ANM,WE,Federal Contract Tower,28,13,19,0,60,0,4,37,0,41,28,17,56,0,101,30,0,30,131
03/07/2021,MFR,OR,ANM,WE,Federal Contract Tower,28,8,15,0,51,0,0,15,0,15,28,8,30,0,66,14,0,14,80
03/08/2021,MFR,OR,ANM,WE,Federal Contract Tower,35,18,14,0,67,0,0,28,0,28,35,18,42,0,95,36,0,36,131
03/09/2021,MFR,OR,ANM,WE,Federal Contract Tower,27,20,13,0,60,0,0,0,0,0,27,20,13,0,60,40,0,40,100
03/10/2021,MFR,OR,ANM,WE,Federal Contract Tower,34,15,19,0,68,0,0,8,0,8,34,15,27,0,76,32,0,32,108
03/11/2021,MFR,OR,ANM,WE,Federal Contract Tower,29,23,18,3,73,0,4,63,1,68,29,27,81,4,141,44,0,44,185
03/12/2021,MFR,OR,ANM,WE,Federal Contract Tower,33,21,11,0,65,0,4,86,0,90,33,25,97,0,155,64,0,64,219
03/13/2021,MFR,OR,ANM,WE,Federal Contract Tower,28,9,9,0,46,0,2,76,0,78,28,11,85,0,124,34,0,34,158
03/14/2021,MFR,OR,ANM,WE,Federal Contract Tower,32,5,11,0,48,0,0,10,0,10,32,5,21,0,58,30,0,30,88
03/15/2021,MFR,OR,ANM,WE,Federal Contract Tower,33,20,10,0,63,0,1,20,0,21,33,21,30,0,84,8,0,8,92
03/16/2021,MFR,OR,ANM,WE,Federal Contract Tower,29,17,9,0,55,0,3,72,0,75,29,20,81,0,130,44,0,44,174
03/17/2021,MFR,OR,ANM,WE,Federal Contract Tower,29,17,11,1,58,0,6,56,1,63,29,23,67,2,121,20,8,28,149
03/18/2021,MFR,OR,ANM,WE,Federal Contract Tower,29,19,8,0,56,0,0,7,0,7,29,19,15,0,63,14,0,14,77
03/19/2021,MFR,OR,ANM,WE,Federal Contract Tower,35,17,12,2,66,0,3,28,0,31,35,20,40,2,97,58,0,58,155
03/20/2021,MFR,OR,ANM,WE,Federal Contract Tower,30,12,15,3,60,0,2,17,0,19,30,14,32,3,79,44,8,52,131
03/21/2021,MFR,OR,ANM,WE,Federal Contract Tower,30,7,9,1,47,0,4,44,0,48,30,11,53,1,95,56,0,56,151
03/22/2021,MFR,OR,ANM,WE,Federal Contract Tower,34,22,14,12,82,0,0,13,0,13,34,22,27,12,95,30,6,36,131
03/23/2021,MFR,OR,ANM,WE,Federal Contract Tower,29,23,15,0,67,0,13,70,2,85,29,36,85,2,152,38,0,38,190
03/24/2021,MFR,OR,ANM,WE,Federal Contract Tower,34,16,11,5,66,0,4,34,1,39,34,20,45,6,105,34,0,34,139
03/25/2021,MFR,OR,ANM,WE,Federal Contract Tower,28,18,10,2,58,0,0,19,1,20,28,18,29,3,78,4,0,4,82
03/26/2021,MFR,OR,ANM,WE,Federal Contract Tower,35,22,17,0,74,0,4,38,1,43,35,26,55,1,117,14,0,14,131
03/27/2021,MFR,OR,ANM,WE,Federal Contract Tower,32,16,9,1,58,0,2,79,4,85,32,18,88,5,143,2,0,2,145
03/28/2021,MFR,OR,ANM,WE,Federal Contract Tower,33,4,17,0,54,0,7,62,0,69,33,11,79,0,123,42,2,44,167
03/29/2021,MFR,OR,ANM,WE,Federal Contract Tower,38,15,6,0,59,0,0,58,2,60,38,15,64,2,119,18,0,18,137
03/30/2021,MFR,OR,ANM,WE,Federal Contract Tower,33,16,7,4,60,0,5,67,7,79,33,21,74,11,139,40,2,42,181
03/31/2021,MFR,OR,ANM,WE,Federal Contract Tower,35,13,10,2,60,0,3,56,1,60,35,16,66,3,120,46,0,46,166
04/01/2021,MFR,OR,ANM,WE,Federal Contract Tower,36,17,15,0,68,0,1,65,0,66,36,18,80,0,134,32,0,32,166
04/02/2021,MFR,OR,ANM,WE,Federal Contract Tower,39,17,13,0,69,0,10,55,0,65,39,27,68,0,134,4,0,4,138
04/03/2021,MFR,OR,ANM,WE,Federal Contract Tower,31,8,9,10,58,0,4,50,0,54,31,12,59,10,112,66,0,66,178
04/04/2021,MFR,OR,ANM,WE,Federal Contract Tower,35,6,10,0,51,0,2,38,2,42,35,8,48,2,93,46,0,46,139
04/05/2021,MFR,OR,ANM,WE,Federal Contract Tower,37,10,8,1,56,0,2,38,4,44,37,12,46,5,100,2,0,2,102
04/06/2021,MFR,OR,ANM,WE,Federal Contract Tower,32,13,4,3,52,0,2,49,0,51,32,15,53,3,103,60,12,72,175
04/07/2021,MFR,OR,ANM,WE,Federal Contract Tower,37,8,11,1,57,0,7,35,3,45,37,15,46,4,102,12,0,12,114
04/08/2021,MFR,OR,ANM,WE,Federal Contract Tower,34,11,14,1,60,0,3,41,2,46,34,14,55,3,106,32,12,44,150
04/09/2021,MFR,OR,ANM,WE,Federal Contract Tower,41,10,13,0,64,0,3,51,2,56,41,13,64,2,120,48,0,48,168
04/10/2021,MFR,OR,ANM,WE,Federal Contract Tower,37,7,10,0,54,0,2,49,0,51,37,9,59,0,105,48,0,48,153
04/11/2021,MFR,OR,ANM,WE,Federal Contract Tower,31,5,8,3,47,0,2,47,5,54,31,7,55,8,101,22,4,26,127
04/12/2021,MFR,OR,ANM,WE,Federal Contract Tower,41,12,18,0,71,0,3,42,0,45,41,15,60,0,116,30,0,30,146
04/13/2021,MFR,OR,ANM,WE,Federal Contract Tower,34,13,16,8,71,0,0,49,4,53,34,13,65,12,124,4,34,38,162
04/14/2021,MFR,OR,ANM,WE,Federal Contract Tower,36,18,16,0,70,0,3,58,1,62,36,21,74,1,132,20,0,20,152
04/15/2021,MFR,OR,ANM,WE,Federal Contract Tower,34,18,6,4,62,0,0,55,0,55,34,18,61,4,117,56,0,56,173
04/16/2021,MFR,OR,ANM,WE,Federal Contract Tower,38,14,13,2,67,0,2,67,0,69,38,16,80,2,136,78,0,78,214
04/17/2021,MFR,OR,ANM,WE,Federal Contract Tower,32,7,8,0,47,0,4,67,0,71,32,11,75,0,118,92,0,92,210
04/18/2021,MFR,OR,ANM,WE,Federal Contract Tower,38,2,10,2,52,0,3,56,2,61,38,5,66,4,113,44,0,44,157
04/19/2021,MFR,OR,ANM,WE,Federal Contract Tower,38,14,14,0,66,0,2,44,0,46,38,16,58,0,112,78,0,78,190
04/20/2021,MFR,OR,ANM,WE,Federal Contract Tower,33,13,16,0,62,0,1,44,0,45,33,14,60,0,107,14,0,14,121
04/21/2021,MFR,OR,ANM,WE,Federal Contract Tower,37,15,26,0,78,0,2,59,0,61,37,17,85,0,139,4,0,4,143
04/22/2021,MFR,OR,ANM,WE,Federal Contract Tower,37,19,13,0,69,0,3,47,0,50,37,22,60,0,119,28,0,28,147
04/23/2021,MFR,OR,ANM,WE,Federal Contract Tower,39,12,15,1,67,0,4,70,0,74,39,16,85,1,141,14,0,14,155
04/24/2021,MFR,OR,ANM,WE,Federal Contract Tower,33,15,8,0,56,0,0,29,0,29,33,15,37,0,85,14,0,14,99
04/25/2021,MFR,OR,ANM,WE,Federal Contract Tower,35,6,15,6,62,0,0,10,0,10,35,6,25,6,72,0,0,0,72
04/26/2021,MFR,OR,ANM,WE,Federal Contract Tower,36,13,17,0,66,0,2,20,0,22,36,15,37,0,88,40,0,40,128
04/27/2021,MFR,OR,ANM,WE,Federal Contract Tower,32,16,3,2,53,0,1,54,0,55,32,17,57,2,108,2,0,2,110
04/28/2021,MFR,OR,ANM,WE,Federal Contract Tower,37,9,15,2,63,0,4,43,0,47,37,13,58,2,110,52,0,52,162
04/29/2021,MFR,OR,ANM,WE,Federal Contract Tower,36,15,19,2,72,0,3,54,0,57,36,18,73,2,129,24,0,24,153
04/30/2021,MFR,OR,ANM,WE,Federal Contract Tower,37,14,18,0,69,0,7,57,2,66,37,21,75,2,135,66,0,66,201
05/01/2021,MFR,OR,ANM,WE,Federal Contract Tower,32,13,9,0,54,0,0,54,0,54,32,13,63,0,108,156,0,156,264
05/02/2021,MFR,OR,ANM,WE,Federal Contract Tower,35,2,14,0,51,0,2,30,0,32,35,4,44,0,83,34,0,34,117
05/03/2021,MFR,OR,ANM,WE,Federal Contract Tower,37,15,9,0,61,0,3,64,3,70,37,18,73,3,131,74,0,74,205
05/04/2021,MFR,OR,ANM,WE,Federal Contract Tower,31,17,11,4,63,0,5,53,1,59,31,22,64,5,122,68,0,68,190
05/05/2021,MFR,OR,ANM,WE,Federal Contract Tower,33,14,9,3,59,0,6,59,3,68,33,20,68,6,127,36,2,38,165
05/07/2021,MFR,OR,ANM,WE,Federal Contract Tower,31,29,11,0,71,0,1,56,2,59,31,30,67,2,130,112,0,112,242
05/08/2021,MFR,OR,ANM,WE,Federal Contract Tower,26,15,6,1,48,0,2,65,0,67,26,17,71,1,115,120,0,120,235
05/09/2021,MFR,OR,ANM,WE,Federal Contract Tower,32,6,7,4,49,0,1,34,0,35,32,7,41,4,84,6,0,6,90
05/10/2021,MFR,OR,ANM,WE,Federal Contract Tower,32,23,17,7,79,0,2,54,1,57,32,25,71,8,136,56,0,56,192
05/11/2021,MFR,OR,ANM,WE,Federal Contract Tower,30,15,11,0,56,0,1,49,2,52,30,16,60,2,108,44,0,44,152
05/12/2021,MFR,OR,ANM,WE,Federal Contract Tower,37,22,9,2,70,0,1,55,0,56,37,23,64,2,126,26,0,26,152
05/13/2021,MFR,OR,ANM,WE,Federal Contract Tower,31,24,17,2,74,0,5,53,4,62,31,29,70,6,136,30,2,32,168
05/14/2021,MFR,OR,ANM,WE,Federal Contract Tower,32,29,23,1,85,0,0,61,3,64,32,29,84,4,149,34,0,34,183
05/15/2021,MFR,OR,ANM,WE,Federal Contract Tower,29,12,8,0,49,0,2,63,0,65,29,14,71,0,114,76,0,76,190
05/16/2021,MFR,OR,ANM,WE,Federal Contract Tower,31,10,17,4,62,0,3,53,1,57,31,13,70,5,119,50,0,50,169
05/17/2021,MFR,OR,ANM,WE,Federal Contract Tower,32,14,15,0,61,0,4,59,3,66,32,18,74,3,127,10,6,16,143
05/18/2021,MFR,OR,ANM,WE,Federal Contract Tower,30,18,13,3,64,0,1,40,4,45,30,19,53,7,109,44,12,56,165
05/19/2021,MFR,OR,ANM,WE,Federal Contract Tower,32,19,6,0,57,0,3,18,0,21,32,22,24,0,78,16,0,16,94
05/20/2021,MFR,OR,ANM,WE,Federal Contract Tower,36,19,16,0,71,0,5,8,0,13,36,24,24,0,84,12,0,12,96
05/21/2021,MFR,OR,ANM,WE,Federal Contract Tower,35,20,15,0,70,0,4,14,0,18,35,24,29,0,88,20,0,20,108
05/22/2021,MFR,OR,ANM,WE,Federal Contract Tower,33,16,10,0,59,0,4,42,0,46,33,20,52,0,105,128,0,128,233
05/23/2021,MFR,OR,ANM,WE,Federal Contract Tower,33,9,12,0,54,0,3,40,0,43,33,12,52,0,97,66,0,66,163
05/24/2021,MFR,OR,ANM,WE,Federal Contract Tower,31,17,15,0,63,0,2,21,2,25,31,19,36,2,88,8,0,8,96
05/25/2021,MFR,OR,ANM,WE,Federal Contract Tower,31,15,15,6,67,0,3,38,0,41,31,18,53,6,108,56,0,56,164
05/26/2021,MFR,OR,ANM,WE,Federal Contract Tower,35,15,14,0,64,0,2,77,0,79,35,17,91,0,143,56,0,56,199
05/27/2021,MFR,OR,ANM,WE,Federal Contract Tower,36,20,17,0,73,0,2,21,0,23,36,22,38,0,96,12,0,12,108
05/28/2021,MFR,OR,ANM,WE,Federal Contract Tower,33,14,16,0,63,0,1,45,0,46,33,15,61,0,109,46,0,46,155
05/29/2021,MFR,OR,ANM,WE,Federal Contract Tower,35,15,9,0,59,0,3,73,0,76,35,18,82,0,135,48,0,48,183
05/30/2021,MFR,OR,ANM,WE,Federal Contract Tower,38,8,10,0,56,0,3,53,2,58,38,11,63,2,114,22,0,22,136
05/31/2021,MFR,OR,ANM,WE,Federal Contract Tower,32,7,11,0,50,0,0,48,2,50,32,7,59,2,100,16,0,16,116
06/01/2021,MFR,OR,ANM,WE,Federal Contract Tower,30,14,15,0,59,0,7,35,0,42,30,21,50,0,101,16,0,16,117
06/02/2021,MFR,OR,ANM,WE,Federal Contract Tower,37,16,7,1,61,0,6,48,6,60,37,22,55,7,121,28,10,38,159
06/03/2021,MFR,OR,ANM,WE,Federal Contract Tower,39,23,15,4,81,0,8,60,2,70,39,31,75,6,151,18,0,18,169
06/04/2021,MFR,OR,ANM,WE,Federal Contract Tower,33,23,25,0,81,0,4,59,0,63,33,27,84,0,144,30,0,30,174
06/05/2021,MFR,OR,ANM,WE,Federal Contract Tower,32,16,11,2,61,0,5,60,5,70,32,21,71,7,131,96,0,96,227
06/06/2021,MFR,OR,ANM,WE,Federal Contract Tower,35,11,11,0,57,0,4,36,2,42,35,15,47,2,99,16,0,16,115
06/07/2021,MFR,OR,ANM,WE,Federal Contract Tower,28,19,18,0,65,0,4,22,0,26,28,23,40,0,91,42,0,42,133
06/08/2021,MFR,OR,ANM,WE,Federal Contract Tower,28,22,3,0,53,0,0,25,0,25,28,22,28,0,78,16,0,16,94
06/09/2021,MFR,OR,ANM,WE,Federal Contract Tower,31,26,16,3,76,0,3,27,0,30,31,29,43,3,106,34,0,34,140
06/10/2021,MFR,OR,ANM,WE,Federal Contract Tower,42,16,14,0,72,0,2,41,0,43,42,18,55,0,115,10,0,10,125
06/11/2021,MFR,OR,ANM,WE,Federal Contract Tower,29,29,14,0,72,0,4,7,0,11,29,33,21,0,83,0,0,0,83
06/12/2021,MFR,OR,ANM,WE,Federal Contract Tower,35,21,7,0,63,0,2,56,10,68,35,23,63,10,131,56,0,56,187
06/13/2021,MFR,OR,ANM,WE,Federal Contract Tower,32,16,12,1,61,0,0,33,0,33,32,16,45,1,94,32,0,32,126
06/14/2021,MFR,OR,ANM,WE,Federal Contract Tower,34,21,18,0,73,0,1,24,0,25,34,22,42,0,98,24,0,24,122
06/15/2021,MFR,OR,ANM,WE,Federal Contract Tower,28,32,8,0,68,0,10,25,2,37,28,42,33,2,105,20,12,32,137
06/16/2021,MFR,OR,ANM,WE,Federal Contract Tower,28,29,22,1,80,0,3,65,3,71,28,32,87,4,151,8,0,8,159
06/17/2021,MFR,OR,ANM,WE,Federal Contract Tower,31,30,17,5,83,0,4,48,0,52,31,34,65,5,135,8,0,8,143
06/18/2021,MFR,OR,ANM,WE,Federal Contract Tower,27,26,18,0,71,0,5,60,0,65,27,31,78,0,136,24,0,24,160
06/19/2021,MFR,OR,ANM,WE,Federal Contract Tower,29,18,5,0,52,14,10,48,0,72,43,28,53,0,124,40,0,40,164
06/20/2021,MFR,OR,ANM,WE,Federal Contract Tower,34,13,7,0,54,12,5,51,0,68,46,18,58,0,122,8,0,8,130
06/21/2021,MFR,OR,ANM,WE,Federal Contract Tower,28,24,21,0,73,0,3,53,1,57,28,27,74,1,130,14,0,14,144
06/22/2021,MFR,OR,ANM,WE,Federal Contract Tower,30,27,20,3,80,0,3,34,0,37,30,30,54,3,117,12,0,12,129
06/23/2021,MFR,OR,ANM,WE,Federal Contract Tower,32,27,17,0,76,0,3,44,0,47,32,30,61,0,123,16,0,16,139
06/24/2021,MFR,OR,ANM,WE,Federal Contract Tower,38,23,18,0,79,0,10,46,0,56,38,33,64,0,135,18,0,18,153
06/25/2021,MFR,OR,ANM,WE,Federal Contract Tower,28,20,20,0,68,0,5,68,0,73,28,25,88,0,141,20,0,20,161
06/26/2021,MFR,OR,ANM,WE,Federal Contract Tower,30,15,8,1,54,0,13,78,1,92,30,28,86,2,146,22,0,22,168
06/27/2021,MFR,OR,ANM,WE,Federal Contract Tower,34,13,7,0,54,0,4,34,0,38,34,17,41,0,92,26,0,26,118
06/28/2021,MFR,OR,ANM,WE,Federal Contract Tower,26,26,11,0,63,4,7,35,0,46,30,33,46,0,109,26,0,26,135
06/29/2021,MFR,OR,ANM,WE,Federal Contract Tower,26,24,23,0,73,21,2,52,0,75,47,26,75,0,148,48,0,48,196
06/30/2021,MFR,OR,ANM,WE,Federal Contract Tower,29,20,15,2,66,16,8,49,2,75,45,28,64,4,141,16,0,16,157
07/01/2021,MFR,OR,ANM,WE,Federal Contract Tower,38,21,14,0,73,2,1,54,0,57,40,22,68,0,130,34,0,34,164
07/02/2021,MFR,OR,ANM,WE,Federal Contract Tower,28,25,18,0,71,4,2,61,0,67,32,27,79,0,138,26,0,26,164
07/03/2021,MFR,OR,ANM,WE,Federal Contract Tower,28,19,8,0,55,0,3,54,0,57,28,22,62,0,112,42,0,42,154
07/04/2021,MFR,OR,ANM,WE,Federal Contract Tower,28,12,5,0,45,0,4,41,2,47,28,16,46,2,92,14,0,14,106
07/05/2021,MFR,OR,ANM,WE,Federal Contract Tower,29,16,16,0,61,7,2,39,0,48,36,18,55,0,109,2,0,2,111
07/06/2021,MFR,OR,ANM,WE,Federal Contract Tower,26,24,12,0,62,4,1,43,0,48,30,25,55,0,110,8,0,8,118
07/07/2021,MFR,OR,ANM,WE,Federal Contract Tower,27,21,10,3,61,25,3,43,0,71,52,24,53,3,132,2,0,2,134
07/08/2021,MFR,OR,ANM,WE,Federal Contract Tower,33,28,18,0,79,7,6,83,2,98,40,34,101,2,177,76,0,76,253
07/09/2021,MFR,OR,ANM,WE,Federal Contract Tower,30,24,12,0,66,9,2,81,0,92,39,26,93,0,158,64,0,64,222
07/10/2021,MFR,OR,ANM,WE,Federal Contract Tower,28,22,11,1,62,32,4,47,6,89,60,26,58,7,151,6,0,6,157
07/11/2021,MFR,OR,ANM,WE,Federal Contract Tower,33,16,14,0,63,4,3,28,0,35,37,19,42,0,98,28,0,28,126
07/12/2021,MFR,OR,ANM,WE,Federal Contract Tower,26,24,23,0,73,8,1,36,0,45,34,25,59,0,118,0,0,0,118
07/13/2021,MFR,OR,ANM,WE,Federal Contract Tower,27,23,18,6,74,5,1,59,0,65,32,24,77,6,139,14,0,14,153
07/14/2021,MFR,OR,ANM,WE,Federal Contract Tower,29,23,11,3,66,8,3,40,1,52,37,26,51,4,118,0,0,0,118
07/15/2021,MFR,OR,ANM,WE,Federal Contract Tower,30,26,8,1,65,13,1,52,1,67,43,27,60,2,132,48,0,48,180
07/16/2021,MFR,OR,ANM,WE,Federal Contract Tower,30,23,17,0,70,3,4,62,0,69,33,27,79,0,139,58,0,58,197
07/17/2021,MFR,OR,ANM,WE,Federal Contract Tower,31,19,12,0,62,10,6,39,2,57,41,25,51,2,119,14,0,14,133
07/19/2021,MFR,OR,ANM,WE,Federal Contract Tower,27,28,11,0,66,3,3,47,0,53,30,31,58,0,119,2,0,2,121
07/20/2021,MFR,OR,ANM,WE,Federal Contract Tower,26,25,13,0,64,3,4,53,3,63,29,29,66,3,127,14,0,14,141
07/21/2021,MFR,OR,ANM,WE,Federal Contract Tower,28,29,10,2,69,2,1,60,0,63,30,30,70,2,132,18,0,18,150
07/22/2021,MFR,OR,ANM,WE,Federal Contract Tower,33,26,11,1,71,4,9,45,4,62,37,35,56,5,133,12,0,12,145
07/23/2021,MFR,OR,ANM,WE,Federal Contract Tower,27,20,10,0,57,7,14,49,0,70,34,34,59,0,127,46,0,46,173
07/24/2021,MFR,OR,ANM,WE,Federal Contract Tower,31,25,10,0,66,4,4,32,0,40,35,29,42,0,106,22,0,22,128
07/25/2021,MFR,OR,ANM,WE,Federal Contract Tower,31,14,13,0,58,6,5,46,0,57,37,19,59,0,115,24,0,24,139
07/26/2021,MFR,OR,ANM,WE,Federal Contract Tower,29,26,21,1,77,2,3,39,2,46,31,29,60,3,123,6,6,12,135
07/27/2021,MFR,OR,ANM,WE,Federal Contract Tower,26,25,14,0,65,1,2,13,0,16,27,27,27,0,81,4,0,4,85
07/28/2021,MFR,OR,ANM,WE,Federal Contract Tower,29,24,13,2,68,5,2,45,4,56,34,26,58,6,124,48,0,48,172
07/29/2021,MFR,OR,ANM,WE,Federal Contract Tower,32,31,11,0,74,0,8,43,2,53,32,39,54,2,127,54,6,60,187
07/30/2021,MFR,OR,ANM,WE,Federal Contract Tower,27,29,5,0,61,12,15,57,0,84,39,44,62,0,145,42,0,42,187
07/31/2021,MFR,OR,ANM,WE,Federal Contract Tower,27,22,13,0,62,5,20,43,0,68,32,42,56,0,130,14,0,14,144
08/01/2021,MFR,OR,ANM,WE,Federal Contract Tower,34,19,11,3,67,2,9,39,3,53,36,28,50,6,120,34,0,34,154
08/02/2021,MFR,OR,ANM,WE,Federal Contract Tower,27,26,9,7,69,41,20,47,2,110,68,46,56,9,179,0,42,42,221
08/03/2021,MFR,OR,ANM,WE,Federal Contract Tower,23,25,17,4,69,26,13,37,10,86,49,38,54,14,155,22,0,22,177
08/04/2021,MFR,OR,ANM,WE,Federal Contract Tower,30,27,30,1,88,0,0,6,0,6,30,27,36,1,94,0,0,0,94
08/05/2021,MFR,OR,ANM,WE,Federal Contract Tower,32,24,26,0,82,1,4,27,0,32,33,28,53,0,114,12,0,12,126
08/06/2021,MFR,OR,ANM,WE,Federal Contract Tower,30,24,14,2,70,12,5,55,0,72,42,29,69,2,142,34,0,34,176
08/07/2021,MFR,OR,ANM,WE,Federal Contract Tower,28,21,14,0,63,32,4,17,0,53,60,25,31,0,116,26,0,26,142
08/08/2021,MFR,OR,ANM,WE,Federal Contract Tower,31,17,12,0,60,0,5,33,2,40,31,22,45,2,100,30,0,30,130
08/09/2021,MFR,OR,ANM,WE,Federal Contract Tower,29,26,25,2,82,5,3,15,2,25,34,29,40,4,107,2,2,4,111
08/10/2021,MFR,OR,ANM,WE,Federal Contract Tower,27,24,32,0,83,1,2,4,0,7,28,26,36,0,90,0,0,0,90
08/11/2021,MFR,OR,ANM,WE,Federal Contract Tower,27,30,21,0,78,0,0,0,0,0,27,30,21,0,78,0,0,0,78
08/12/2021,MFR,OR,ANM,WE,Federal Contract Tower,32,27,15,0,74,0,0,0,0,0,32,27,15,0,74,0,0,0,74
08/13/2021,MFR,OR,ANM,WE,Federal Contract Tower,27,22,17,0,66,0,0,0,0,0,27,22,17,0,66,0,0,0,66
08/14/2021,MFR,OR,ANM,WE,Federal Contract Tower,26,24,22,0,72,0,0,0,0,0,26,24,22,0,72,0,0,0,72
08/15/2021,MFR,OR,ANM,WE,Federal Contract Tower,32,14,23,0,69,0,0,1,0,1,32,14,24,0,70,0,0,0,70
08/16/2021,MFR,OR,ANM,WE,Federal Contract Tower,26,25,9,0,60,0,9,28,0,37,26,34,37,0,97,38,0,38,135
08/17/2021,MFR,OR,ANM,WE,Federal Contract Tower,23,22,22,0,67,1,10,28,0,39,24,32,50,0,106,30,0,30,136
08/18/2021,MFR,OR,ANM,WE,Federal Contract Tower,20,22,24,0,66,0,3,6,0,9,20,25,30,0,75,0,0,0,75
08/19/2021,MFR,OR,ANM,WE,Federal Contract Tower,25,30,18,2,75,0,5,26,3,34,25,35,44,5,109,56,8,64,173
08/20/2021,MFR,OR,ANM,WE,Federal Contract Tower,27,23,22,0,72,0,1,12,0,13,27,24,34,0,85,6,0,6,91
08/21/2021,MFR,OR,ANM,WE,Federal Contract Tower,23,21,12,0,56,0,0,29,0,29,23,21,41,0,85,54,0,54,139
08/22/2021,MFR,OR,ANM,WE,Federal Contract Tower,22,14,13,0,49,0,2,20,0,22,22,16,33,0,71,56,0,56,127
08/23/2021,MFR,OR,ANM,WE,Federal Contract Tower,25,29,18,0,72,0,1,10,0,11,25,30,28,0,83,6,0,6,89
08/24/2021,MFR,OR,ANM,WE,Federal Contract Tower,20,25,18,0,63,0,0,3,0,3,20,25,21,0,66,0,0,0,66
08/25/2021,MFR,OR,ANM,WE,Federal Contract Tower,21,27,21,0,69,0,0,22,2,24,21,27,43,2,93,2,0,2,95
08/26/2021,MFR,OR,ANM,WE,Federal Contract Tower,23,24,9,3,59,0,2,31,5,38,23,26,40,8,97,16,0,16,113
08/27/2021,MFR,OR,ANM,WE,Federal Contract Tower,26,20,19,0,65,0,1,18,0,19,26,21,37,0,84,12,0,12,96
08/28/2021,MFR,OR,ANM,WE,Federal Contract Tower,27,20,31,0,78,2,0,9,0,11,29,20,40,0,89,4,0,4,93
08/29/2021,MFR,OR,ANM,WE,Federal Contract Tower,23,14,22,0,59,0,0,1,0,1,23,14,23,0,60,0,0,0,60
08/30/2021,MFR,OR,ANM,WE,Federal Contract Tower,28,25,15,3,71,44,5,31,4,84,72,30,46,7,155,56,0,56,211
08/31/2021,MFR,OR,ANM,WE,Federal Contract Tower,26,26,22,0,74,2,0,8,0,10,28,26,30,0,84,0,0,0,84
09/01/2021,MFR,OR,ANM,WE,Federal Contract Tower,25,24,24,0,73,0,1,5,0,6,25,25,29,0,79,0,0,0,79
09/02/2021,MFR,OR,ANM,WE,Federal Contract Tower,28,24,17,0,69,1,2,14,0,17,29,26,31,0,86,6,0,6,92
09/03/2021,MFR,OR,ANM,WE,Federal Contract Tower,22,26,23,0,71,0,0,9,0,9,22,26,32,0,80,20,0,20,100
09/04/2021,MFR,OR,ANM,WE,Federal Contract Tower,23,20,27,0,70,0,0,0,0,0,23,20,27,0,70,0,0,0,70
09/05/2021,MFR,OR,ANM,WE,Federal Contract Tower,25,12,6,0,43,0,0,0,0,0,25,12,6,0,43,0,0,0,43
09/06/2021,MFR,OR,ANM,WE,Federal Contract Tower,30,13,30,0,73,0,0,1,0,1,30,13,31,0,74,0,0,0,74
09/07/2021,MFR,OR,ANM,WE,Federal Contract Tower,24,37,26,0,87,3,6,3,0,12,27,43,29,0,99,0,0,0,99
09/08/2021,MFR,OR,ANM,WE,Federal Contract Tower,27,43,13,1,84,4,2,18,0,24,31,45,31,1,108,20,0,20,128
09/09/2021,MFR,OR,ANM,WE,Federal Contract Tower,29,22,18,0,69,0,3,17,0,20,29,25,35,0,89,10,0,10,99
09/10/2021,MFR,OR,ANM,WE,Federal Contract Tower,30,24,9,0,63,5,2,21,0,28,35,26,30,0,91,20,0,20,111
09/11/2021,MFR,OR,ANM,WE,Federal Contract Tower,25,16,12,0,53,2,4,47,1,54,27,20,59,1,107,78,10,88,195
09/12/2021,MFR,OR,ANM,WE,Federal Contract Tower,29,11,11,0,51,0,6,41,0,47,29,17,52,0,98,30,0,30,128
09/13/2021,MFR,OR,ANM,WE,Federal Contract Tower,29,19,15,0,63,4,3,44,0,51,33,22,59,0,114,38,0,38,152
09/14/2021,MFR,OR,ANM,WE,Federal Contract Tower,25,22,17,0,64,0,8,33,0,41,25,30,50,0,105,50,0,50,155
09/15/2021,MFR,OR,ANM,WE,Federal Contract Tower,28,24,17,0,69,0,2,29,0,31,28,26,46,0,100,16,0,16,116
09/16/2021,MFR,OR,ANM,WE,Federal Contract Tower,27,20,17,0,64,14,7,51,0,72,41,27,68,0,136,40,0,40,176
09/17/2021,MFR,OR,ANM,WE,Federal Contract Tower,31,22,12,1,66,0,3,26,0,29,31,25,38,1,95,16,0,16,111
09/18/2021,MFR,OR,ANM,WE,Federal Contract Tower,25,20,17,0,62,0,0,7,0,7,25,20,24,0,69,8,0,8,77
09/19/2021,MFR,OR,ANM,WE,Federal Contract Tower,27,16,13,0,56,0,0,14,0,14,27,16,27,0,70,4,0,4,74
09/20/2021,MFR,OR,ANM,WE,Federal Contract Tower,33,21,9,0,63,2,4,63,0,69,35,25,72,0,132,28,1,29,161
09/21/2021,MFR,OR,ANM,WE,Federal Contract Tower,24,22,13,0,59,0,1,58,0,59,24,23,71,0,118,24,0,24,142
09/22/2021,MFR,OR,ANM,WE,Federal Contract Tower,28,25,17,0,70,0,6,53,0,59,28,31,70,0,129,56,0,56,185
09/23/2021,MFR,OR,ANM,WE,Federal Contract Tower,30,18,11,3,62,7,4,60,1,72,37,22,71,4,134,26,4,30,164
09/24/2021,MFR,OR,ANM,WE,Federal Contract Tower,31,21,16,0,68,0,3,46,0,49,31,24,62,0,117,18,0,18,135
09/25/2021,MFR,OR,ANM,WE,Federal Contract Tower,25,18,12,0,55,0,1,58,0,59,25,19,70,0,114,18,0,18,132
09/27/2021,MFR,OR,ANM,WE,Federal Contract Tower,32,23,15,0,70,0,0,1,0,1,32,23,16,0,71,0,0,0,71
09/28/2021,MFR,OR,ANM,WE,Federal Contract Tower,25,21,16,4,66,0,3,26,1,30,25,24,42,5,96,4,8,12,108
09/29/2021,MFR,OR,ANM,WE,Federal Contract Tower,26,22,5,1,54,0,2,50,1,53,26,24,55,2,107,40,0,40,147
09/30/2021,MFR,OR,ANM,WE,Federal Contract Tower,29,25,10,2,66,0,1,46,1,48,29,26,56,3,114,10,16,26,140
10/01/2021,MFR,OR,ANM,WE,Federal Contract Tower,31,21,9,0,61,0,0,62,2,64,31,21,71,2,125,20,0,20,145
10/02/2021,MFR,OR,ANM,WE,Federal Contract Tower,25,15,13,0,53,0,1,54,1,56,25,16,67,1,109,18,0,18,127
10/03/2021,MFR,OR,ANM,WE,Federal Contract Tower,29,12,17,3,61,0,0,59,0,59,29,12,76,3,120,18,0,18,138
10/04/2021,MFR,OR,ANM,WE,Federal Contract Tower,31,18,11,0,60,0,4,33,0,37,31,22,44,0,97,14,0,14,111
10/05/2021,MFR,OR,ANM,WE,Federal Contract Tower,28,20,14,0,62,0,3,27,2,32,28,23,41,2,94,40,2,42,136
10/06/2021,MFR,OR,ANM,WE,Federal Contract Tower,29,30,17,0,76,0,7,19,0,26,29,37,36,0,102,12,0,12,114
10/07/2021,MFR,OR,ANM,WE,Federal Contract Tower,38,14,16,0,68,0,3,42,0,45,38,17,58,0,113,22,0,22,135
10/08/2021,MFR,OR,ANM,WE,Federal Contract Tower,31,21,21,0,73,0,0,28,0,28,31,21,49,0,101,18,0,18,119
10/09/2021,MFR,OR,ANM,WE,Federal Contract Tower,23,14,9,0,46,1,4,60,0,65,24,18,69,0,111,26,0,26,137
10/10/2021,MFR,OR,ANM,WE,Federal Contract Tower,31,12,12,0,55,0,3,7,0,10,31,15,19,0,65,6,0,6,71
10/11/2021,MFR,OR,ANM,WE,Federal Contract Tower,36,21,18,0,75,0,0,11,0,11,36,21,29,0,86,0,0,0,86
10/12/2021,MFR,OR,ANM,WE,Federal Contract Tower,29,19,14,2,64,0,14,20,0,34,29,33,34,2,98,12,0,12,110
10/13/2021,MFR,OR,ANM,WE,Federal Contract Tower,25,17,15,0,57,0,0,14,0,14,25,17,29,0,71,4,0,4,75
10/14/2021,MFR,OR,ANM,WE,Federal Contract Tower,32,17,13,1,63,0,3,42,1,46,32,20,55,2,109,26,0,26,135
10/15/2021,MFR,OR,ANM,WE,Federal Contract Tower,31,16,7,0,54,0,1,55,2,58,31,17,62,2,112,20,0,20,132
10/16/2021,MFR,OR,ANM,WE,Federal Contract Tower,25,16,5,0,46,0,3,66,0,69,25,19,71,0,115,44,0,44,159
10/17/2021,MFR,OR,ANM,WE,Federal Contract Tower,33,13,7,1,54,0,0,33,1,34,33,13,40,2,88,20,4,24,112
10/18/2021,MFR,OR,ANM,WE,Federal Contract Tower,33,18,12,0,63,0,1,26,3,30,33,19,38,3,93,18,8,26,119
10/19/2021,MFR,OR,ANM,WE,Federal Contract Tower,33,19,15,2,69,0,2,30,4,36,33,21,45,6,105,28,4,32,137
10/20/2021,MFR,OR,ANM,WE,Federal Contract Tower,25,19,17,0,61,0,1,17,0,18,25,20,34,0,79,22,0,22,101
10/21/2021,MFR,OR,ANM,WE,Federal Contract Tower,27,15,6,0,48,0,0,8,0,8,27,15,14,0,56,8,0,8,64
10/22/2021,MFR,OR,ANM,WE,Federal Contract Tower,27,22,8,0,57,0,0,14,0,14,27,22,22,0,71,32,0,32,103
10/23/2021,MFR,OR,ANM,WE,Federal Contract Tower,27,22,10,0,59,0,0,2,0,2,27,22,12,0,61,0,0,0,61
10/24/2021,MFR,OR,ANM,WE,Federal Contract Tower,31,11,11,2,55,0,0,0,0,0,31,11,11,2,55,0,0,0,55
10/25/2021,MFR,OR,ANM,WE,Federal Contract Tower,32,13,9,0,54,0,0,7,0,7,32,13,16,0,61,28,0,28,89
10/26/2021,MFR,OR,ANM,WE,Federal Contract Tower,28,32,13,0,73,0,1,12,0,13,28,33,25,0,86,30,0,30,116
10/27/2021,MFR,OR,ANM,WE,Federal Contract Tower,25,18,19,2,64,0,0,10,0,10,25,18,29,2,74,36,0,36,110
10/28/2021,MFR,OR,ANM,WE,Federal Contract Tower,32,17,10,1,60,0,1,63,2,66,32,18,73,3,126,70,12,82,208
10/29/2021,MFR,OR,ANM,WE,Federal Contract Tower,31,22,21,0,74,0,0,12,0,12,31,22,33,0,86,14,0,14,100
10/30/2021,MFR,OR,ANM,WE,Federal Contract Tower,25,15,4,0,44,0,0,4,0,4,25,15,8,0,48,0,0,0,48
10/31/2021,MFR,OR,ANM,WE,Federal Contract Tower,28,11,13,0,52,0,0,33,0,33,28,11,46,0,85,48,0,48,133
11/01/2021,MFR,OR,ANM,WE,Federal Contract Tower,28,19,5,0,52,0,1,5,0,6,28,20,10,0,58,16,0,16,74
11/02/2021,MFR,OR,ANM,WE,Federal Contract Tower,22,26,20,0,68,0,2,45,0,47,22,28,65,0,115,26,0,26,141
11/03/2021,MFR,OR,ANM,WE,Federal Contract Tower,19,24,16,2,61,0,5,27,1,33,19,29,43,3,94,35,2,37,131
11/04/2021,MFR,OR,ANM,WE,Federal Contract Tower,25,27,11,0,63,0,0,16,0,16,25,27,27,0,79,18,0,18,97
11/05/2021,MFR,OR,ANM,WE,Federal Contract Tower,28,24,16,0,68,0,0,3,0,3,28,24,19,0,71,0,0,0,71
11/06/2021,MFR,OR,ANM,WE,Federal Contract Tower,20,17,7,2,46,0,0,17,0,17,20,17,24,2,63,2,0,2,65
11/07/2021,MFR,OR,ANM,WE,Federal Contract Tower,26,13,19,0,58,0,0,39,0,39,26,13,58,0,97,26,0,26,123
11/08/2021,MFR,OR,ANM,WE,Federal Contract Tower,28,22,17,3,70,0,0,19,1,20,28,22,36,4,90,10,16,26,116
11/09/2021,MFR,OR,ANM,WE,Federal Contract Tower,20,32,24,1,77,0,0,20,0,20,20,32,44,1,97,32,0,32,129
11/10/2021,MFR,OR,ANM,WE,Federal Contract Tower,19,28,10,0,57,0,0,5,0,5,19,28,15,0,62,8,0,8,70
11/11/2021,MFR,OR,ANM,WE,Federal Contract Tower,23,25,10,1,59,0,0,55,1,56,23,25,65,2,115,68,0,68,183
11/12/2021,MFR,OR,ANM,WE,Federal Contract Tower,26,28,19,0,73,0,0,0,0,0,26,28,19,0,73,0,0,0,73
11/13/2021,MFR,OR,ANM,WE,Federal Contract Tower,20,20,15,0,55,0,0,0,0,0,20,20,15,0,55,0,0,0,55
11/14/2021,MFR,OR,ANM,WE,Federal Contract Tower,27,13,23,0,63,0,0,0,0,0,27,13,23,0,63,0,0,0,63
11/15/2021,MFR,OR,ANM,WE,Federal Contract Tower,26,22,26,0,74,0,0,2,0,2,26,22,28,0,76,4,0,4,80
11/16/2021,MFR,OR,ANM,WE,Federal Contract Tower,20,27,13,0,60,0,0,58,0,58,20,27,71,0,118,18,0,18,136
11/17/2021,MFR,OR,ANM,WE,Federal Contract Tower,19,30,15,0,64,0,0,29,0,29,19,30,44,0,93,16,0,16,109
11/18/2021,MFR,OR,ANM,WE,Federal Contract Tower,25,23,9,0,57,0,0,23,0,23,25,23,32,0,80,42,0,42,122
11/19/2021,MFR,OR,ANM,WE,Federal Contract Tower,27,28,12,4,71,0,1,21,0,22,27,29,33,4,93,32,0,32,125
11/20/2021,MFR,OR,ANM,WE,Federal Contract Tower,14,22,19,0,55,0,0,15,0,15,14,22,34,0,70,14,0,14,84
11/21/2021,MFR,OR,ANM,WE,Federal Contract Tower,26,16,19,0,61,0,0,25,0,25,26,16,44,0,86,32,0,32,118
11/22/2021,MFR,OR,ANM,WE,Federal Contract Tower,30,27,15,0,72,0,1,16,0,17,30,28,31,0,89,22,0,22,111
11/23/2021,MFR,OR,ANM,WE,Federal Contract Tower,24,43,13,7,87,0,22,2,0,24,24,65,15,7,111,6,16,22,133
11/24/2021,MFR,OR,ANM,WE,Federal Contract Tower,28,28,7,0,63,0,1,39,0,40,28,29,46,0,103,40,0,40,143
11/25/2021,MFR,OR,ANM,WE,Federal Contract Tower,15,7,5,0,27,0,0,10,0,10,15,7,15,0,37,14,0,14,51
11/26/2021,MFR,OR,ANM,WE,Federal Contract Tower,19,28,6,0,53,0,0,15,0,15,19,28,21,0,68,30,0,30,98
11/27/2021,MFR,OR,ANM,WE,Federal Contract Tower,22,22,15,0,59,0,0,21,0,21,22,22,36,0,80,40,0,40,120
11/28/2021,MFR,OR,ANM,WE,Federal Contract Tower,23,14,21,0,58,0,0,0,0,0,23,14,21,0,58,0,0,0,58
11/29/2021,MFR,OR,ANM,WE,Federal Contract Tower,22,28,15,0,65,0,0,0,0,0,22,28,15,0,65,0,0,0,65
11/30/2021,MFR,OR,ANM,WE,Federal Contract Tower,21,41,16,0,78,0,0,3,0,3,21,41,19,0,81,0,0,0,81
12/01/2021,MFR,OR,ANM,WE,Federal Contract Tower,20,29,18,0,67,0,0,0,0,0,20,29,18,0,67,0,0,0,67
12/02/2021,MFR,OR,ANM,WE,Federal Contract Tower,26,35,26,0,87,0,0,0,0,0,26,35,26,0,87,0,0,0,87
12/03/2021,MFR,OR,ANM,WE,Federal Contract Tower,27,28,24,0,79,0,0,0,0,0,27,28,24,0,79,0,0,0,79
12/04/2021,MFR,OR,ANM,WE,Federal Contract Tower,18,18,19,2,57,0,0,0,0,0,18,18,19,2,57,0,0,0,57
12/05/2021,MFR,OR,ANM,WE,Federal Contract Tower,22,10,19,0,51,0,0,0,0,0,22,10,19,0,51,0,0,0,51
12/06/2021,MFR,OR,ANM,WE,Federal Contract Tower,26,20,23,0,69,0,0,3,0,3,26,20,26,0,72,0,0,0,72
12/07/2021,MFR,OR,ANM,WE,Federal Contract Tower,18,33,30,0,81,0,0,0,0,0,18,33,30,0,81,0,0,0,81
12/08/2021,MFR,OR,ANM,WE,Federal Contract Tower,17,31,13,0,61,0,0,5,0,5,17,31,18,0,66,12,0,12,78
12/09/2021,MFR,OR,ANM,WE,Federal Contract Tower,23,31,22,3,79,0,0,36,0,36,23,31,58,3,115,86,0,86,201
12/10/2021,MFR,OR,ANM,WE,Federal Contract Tower,26,34,24,2,86,0,1,71,0,72,26,35,95,2,158,4,0,4,162
12/11/2021,MFR,OR,ANM,WE,Federal Contract Tower,16,12,8,0,36,0,0,31,0,31,16,12,39,0,67,16,0,16,83
12/12/2021,MFR,OR,ANM,WE,Federal Contract Tower,23,14,7,0,44,0,0,2,0,2,23,14,9,0,46,0,0,0,46
12/13/2021,MFR,OR,ANM,WE,Federal Contract Tower,25,24,11,0,60,0,0,0,0,0,25,24,11,0,60,0,0,0,60
12/14/2021,MFR,OR,ANM,WE,Federal Contract Tower,18,34,13,0,65,0,1,10,0,11,18,35,23,0,76,8,0,8,84
12/15/2021,MFR,OR,ANM,WE,Federal Contract Tower,20,31,10,0,61,0,0,0,0,0,20,31,10,0,61,0,0,0,61
12/16/2021,MFR,OR,ANM,WE,Federal Contract Tower,26,28,23,0,77,0,0,0,0,0,26,28,23,0,77,0,0,0,77
12/17/2021,MFR,OR,ANM,WE,Federal Contract Tower,25,32,18,0,75,0,0,30,0,30,25,32,48,0,105,0,0,0,105
12/18/2021,MFR,OR,ANM,WE,Federal Contract Tower,19,17,7,0,43,0,0,31,0,31,19,17,38,0,74,12,0,12,86
12/19/2021,MFR,OR,ANM,WE,Federal Contract Tower,18,15,16,0,49,0,0,10,0,10,18,15,26,0,59,30,0,30,89
12/20/2021,MFR,OR,ANM,WE,Federal Contract Tower,24,21,21,0,66,0,3,18,0,21,24,24,39,0,87,30,0,30,117
12/21/2021,MFR,OR,ANM,WE,Federal Contract Tower,19,31,20,0,70,0,0,16,0,16,19,31,36,0,86,8,0,8,94
12/22/2021,MFR,OR,ANM,WE,Federal Contract Tower,21,31,8,0,60,0,0,0,0,0,21,31,8,0,60,0,0,0,60
12/23/2021,MFR,OR,ANM,WE,Federal Contract Tower,19,35,8,0,62,0,0,0,0,0,19,35,8,0,62,0,0,0,62
12/24/2021,MFR,OR,ANM,WE,Federal Contract Tower,23,25,7,0,55,0,0,0,0,0,23,25,7,0,55,0,0,0,55
12/25/2021,MFR,OR,ANM,WE,Federal Contract Tower,22,11,9,0,42,0,0,0,0,0,22,11,9,0,42,0,0,0,42
12/26/2021,MFR,OR,ANM,WE,Federal Contract Tower,12,11,9,0,32,0,0,0,0,0,12,11,9,0,32,0,0,0,32
12/27/2021,MFR,OR,ANM,WE,Federal Contract Tower,18,20,4,0,42,0,0,3,0,3,18,20,7,0,45,18,0,18,63
12/28/2021,MFR,OR,ANM,WE,Federal Contract Tower,13,24,6,0,43,0,0,0,0,0,13,24,6,0,43,0,0,0,43
12/29/2021,MFR,OR,ANM,WE,Federal Contract Tower,15,27,13,0,55,0,0,12,0,12,15,27,25,0,67,40,0,40,107
12/30/2021,MFR,OR,ANM,WE,Federal Contract Tower,16,29,7,0,52,0,0,17,0,17,16,29,24,0,69,34,0,34,103
12/31/2021,MFR,OR,ANM,WE,Federal Contract Tower,18,20,10,0,48,0,0,6,0,6,18,20,16,0,54,0,0,0,54
01/01/2022,MFR,OR,ANM,WE,Federal Contract Tower,24,16,15,0,55,0,4,54,0,58,24,20,69,0,113,44,0,44,157
01/02/2022,MFR,OR,ANM,WE,Federal Contract Tower,15,15,14,0,44,0,0,17,0,17,15,15,31,0,61,16,0,16,77
01/03/2022,MFR,OR,ANM,WE,Federal Contract Tower,21,23,9,0,53,0,0,0,0,0,21,23,9,0,53,0,0,0,53
01/04/2022,MFR,OR,ANM,WE,Federal Contract Tower,18,23,19,0,60,0,1,6,0,7,18,24,25,0,67,10,0,10,77
01/05/2022,MFR,OR,ANM,WE,Federal Contract Tower,20,26,3,4,53,0,0,10,0,10,20,26,13,4,63,30,0,30,93
01/06/2022,MFR,OR,ANM,WE,Federal Contract Tower,26,26,9,0,61,0,0,14,0,14,26,26,23,0,75,26,0,26,101
01/07/2022,MFR,OR,ANM,WE,Federal Contract Tower,26,23,14,0,63,0,0,27,0,27,26,23,41,0,90,54,0,54,144
01/08/2022,MFR,OR,ANM,WE,Federal Contract Tower,16,17,10,0,43,0,1,48,0,49,16,18,58,0,92,36,0,36,128
01/09/2022,MFR,OR,ANM,WE,Federal Contract Tower,24,14,9,0,47,1,0,63,0,64,25,14,72,0,111,78,0,78,189
01/10/2022,MFR,OR,ANM,WE,Federal Contract Tower,28,24,16,0,68,0,2,37,0,39,28,26,53,0,107,44,0,44,151
01/11/2022,MFR,OR,ANM,WE,Federal Contract Tower,23,21,10,0,54,0,3,43,1,47,23,24,53,1,101,46,0,46,147
01/12/2022,MFR,OR,ANM,WE,Federal Contract Tower,21,23,3,5,52,0,0,48,1,49,21,23,51,6,101,62,12,74,175
01/13/2022,MFR,OR,ANM,WE,Federal Contract Tower,28,22,11,0,61,0,3,23,0,26,28,25,34,0,87,30,0,30,117
01/14/2022,MFR,OR,ANM,WE,Federal Contract Tower,27,24,10,0,61,0,0,42,0,42,27,24,52,0,103,32,0,32,135
01/15/2022,MFR,OR,ANM,WE,Federal Contract Tower,18,15,5,0,38,0,0,58,0,58,18,15,63,0,96,54,0,54,150
01/16/2022,MFR,OR,ANM,WE,Federal Contract Tower,21,10,7,0,38,0,1,56,0,57,21,11,63,0,95,20,0,20,115
01/17/2022,MFR,OR,ANM,WE,Federal Contract Tower,25,17,20,0,62,0,1,35,0,36,25,18,55,0,98,14,0,14,112
01/18/2022,MFR,OR,ANM,WE,Federal Contract Tower,23,25,10,0,58,0,0,25,0,25,23,25,35,0,83,28,0,28,111
01/19/2022,MFR,OR,ANM,WE,Federal Contract Tower,18,22,7,0,47,0,0,30,0,30,18,22,37,0,77,46,0,46,123
01/20/2022,MFR,OR,ANM,WE,Federal Contract Tower,24,26,17,0,67,0,0,45,0,45,24,26,62,0,112,32,0,32,144
01/21/2022,MFR,OR,ANM,WE,Federal Contract Tower,26,19,8,14,67,0,0,32,0,32,26,19,40,14,99,16,0,16,115
01/22/2022,MFR,OR,ANM,WE,Federal Contract Tower,13,9,16,0,38,0,5,51,0,56,13,14,67,0,94,12,0,12,106
01/23/2022,MFR,OR,ANM,WE,Federal Contract Tower,27,10,17,0,54,0,0,37,0,37,27,10,54,0,91,102,0,102,193
01/24/2022,MFR,OR,ANM,WE,Federal Contract Tower,30,23,10,8,71,0,0,19,0,19,30,23,29,8,90,0,8,8,98
01/25/2022,MFR,OR,ANM,WE,Federal Contract Tower,21,20,13,4,58,0,2,30,0,32,21,22,43,4,90,18,0,18,108
01/26/2022,MFR,OR,ANM,WE,Federal Contract Tower,25,21,12,1,59,0,1,37,1,39,25,22,49,2,98,8,0,8,106
01/27/2022,MFR,OR,ANM,WE,Federal Contract Tower,25,21,9,0,55,0,1,2,0,3,25,22,11,0,58,20,0,20,78
01/28/2022,MFR,OR,ANM,WE,Federal Contract Tower,27,19,24,1,71,0,1,39,6,46,27,20,63,7,117,24,10,34,151
01/29/2022,MFR,OR,ANM,WE,Federal Contract Tower,20,10,8,0,38,0,2,43,0,45,20,12,51,0,83,24,0,24,107
01/30/2022,MFR,OR,ANM,WE,Federal Contract Tower,25,12,8,0,45,0,2,32,0,34,25,14,40,0,79,44,0,44,123
01/31/2022,MFR,OR,ANM,WE,Federal Contract Tower,31,18,9,6,64,0,0,13,4,17,31,18,22,10,81,6,0,6,87
02/01/2022,MFR,OR,ANM,WE,Federal Contract Tower,27,27,9,6,69,0,3,22,5,30,27,30,31,11,99,68,12,80,179
02/02/2022,MFR,OR,ANM,WE,Federal Contract Tower,20,22,6,0,48,0,1,24,0,25,20,23,30,0,73,22,0,22,95
02/03/2022,MFR,OR,ANM,WE,Federal Contract Tower,28,17,4,1,50,0,2,45,1,48,28,19,49,2,98,46,6,52,150
02/04/2022,MFR,OR,ANM,WE,Federal Contract Tower,31,24,9,5,69,0,2,26,0,28,31,26,35,5,97,78,16,94,191
02/05/2022,MFR,OR,ANM,WE,Federal Contract Tower,20,21,15,0,56,0,1,54,0,55,20,22,69,0,111,42,0,42,153
02/06/2022,MFR,OR,ANM,WE,Federal Contract Tower,28,11,11,0,50,0,0,43,0,43,28,11,54,0,93,8,0,8,101
02/07/2022,MFR,OR,ANM,WE,Federal Contract Tower,28,17,14,0,59,0,1,42,1,44,28,18,56,1,103,20,30,50,153
02/08/2022,MFR,OR,ANM,WE,Federal Contract Tower,22,25,16,0,63,0,2,35,0,37,22,27,51,0,100,24,0,24,124
02/09/2022,MFR,OR,ANM,WE,Federal Contract Tower,22,23,9,0,54,0,3,52,0,55,22,26,61,0,109,66,0,66,175
02/10/2022,MFR,OR,ANM,WE,Federal Contract Tower,28,24,9,0,61,0,2,55,0,57,28,26,64,0,118,48,2,50,168
02/11/2022,MFR,OR,ANM,WE,Federal Contract Tower,29,21,9,0,59,0,0,62,0,62,29,21,71,0,121,42,0,42,163
02/12/2022,MFR,OR,ANM,WE,Federal Contract Tower,18,12,8,0,38,0,1,66,0,67,18,13,74,0,105,14,0,14,119
02/13/2022,MFR,OR,ANM,WE,Federal Contract Tower,22,13,7,0,42,0,0,68,0,68,22,13,75,0,110,70,0,70,180
02/14/2022,MFR,OR,ANM,WE,Federal Contract Tower,28,21,8,0,57,0,1,12,0,13,28,22,20,0,70,32,0,32,102
02/15/2022,MFR,OR,ANM,WE,Federal Contract Tower,23,26,16,2,67,0,0,34,0,34,23,26,50,2,101,34,0,34,135
02/16/2022,MFR,OR,ANM,WE,Federal Contract Tower,19,23,17,0,59,0,2,63,0,65,19,25,80,0,124,60,0,60,184
02/17/2022,MFR,OR,ANM,WE,Federal Contract Tower,25,22,24,0,71,0,2,37,0,39,25,24,61,0,110,16,0,16,126
02/18/2022,MFR,OR,ANM,WE,Federal Contract Tower,26,22,11,0,59,0,1,71,0,72,26,23,82,0,131,52,0,52,183
02/19/2022,MFR,OR,ANM,WE,Federal Contract Tower,18,14,17,0,49,0,1,46,0,47,18,15,63,0,96,64,0,64,160
02/20/2022,MFR,OR,ANM,WE,Federal Contract Tower,22,11,21,0,54,0,0,24,0,24,22,11,45,0,78,32,0,32,110
02/21/2022,MFR,OR,ANM,WE,Federal Contract Tower,31,16,5,0,52,0,0,0,0,0,31,16,5,0,52,0,0,0,52
02/22/2022,MFR,OR,ANM,WE,Federal Contract Tower,22,21,8,0,51,0,0,8,0,8,22,21,16,0,59,8,0,8,67
02/23/2022,MFR,OR,ANM,WE,Federal Contract Tower,22,20,9,0,51,0,4,54,1,59,22,24,63,1,110,28,0,28,138
02/24/2022,MFR,OR,ANM,WE,Federal Contract Tower,29,22,10,0,61,0,2,35,0,37,29,24,45,0,98,38,0,38,136
02/25/2022,MFR,OR,ANM,WE,Federal Contract Tower,28,24,9,1,62,0,1,61,4,66,28,25,70,5,128,42,2,44,172
02/26/2022,MFR,OR,ANM,WE,Federal Contract Tower,19,14,7,0,40,0,1,32,0,33,19,15,39,0,73,12,0,12,85
02/27/2022,MFR,OR,ANM,WE,Federal Contract Tower,27,16,16,0,59,0,0,25,0,25,27,16,41,0,84,10,0,10,94
02/28/2022,MFR,OR,ANM,WE,Federal Contract Tower,23,21,7,1,52,0,0,16,1,17,23,21,23,2,69,52,0,52,121
03/01/2022,MFR,OR,ANM,WE,Federal Contract Tower,23,24,23,0,70,0,1,33,0,34,23,25,56,0,104,58,0,58,162
03/02/2022,MFR,OR,ANM,WE,Federal Contract Tower,23,21,16,7,67,0,25,1,0,26,23,46,17,7,93,12,8,20,113
03/03/2022,MFR,OR,ANM,WE,Federal Contract Tower,27,27,11,0,65,0,0,18,0,18,27,27,29,0,83,28,0,28,111
03/04/2022,MFR,OR,ANM,WE,Federal Contract Tower,26,21,16,0,63,0,1,18,0,19,26,22,34,0,82,6,0,6,88
03/05/2022,MFR,OR,ANM,WE,Federal Contract Tower,17,12,7,0,36,0,1,31,0,32,17,13,38,0,68,48,0,48,116
03/06/2022,MFR,OR,ANM,WE,Federal Contract Tower,26,15,15,0,56,0,1,50,1,52,26,16,65,1,108,12,0,12,120
03/07/2022,MFR,OR,ANM,WE,Federal Contract Tower,22,23,7,8,60,0,0,38,2,40,22,23,45,10,100,12,0,12,112
03/08/2022,MFR,OR,ANM,WE,Federal Contract Tower,24,23,14,3,64,0,1,25,0,26,24,24,39,3,90,10,0,10,100
03/09/2022,MFR,OR,ANM,WE,Federal Contract Tower,22,21,29,0,72,0,1,30,1,32,22,22,59,1,104,14,0,14,118
03/10/2022,MFR,OR,ANM,WE,Federal Contract Tower,23,19,17,2,61,0,0,39,1,40,23,19,56,3,101,6,0,6,107
03/11/2022,MFR,OR,ANM,WE,Federal Contract Tower,24,21,6,7,58,0,1,56,0,57,24,22,62,7,115,46,0,46,161
03/12/2022,MFR,OR,ANM,WE,Federal Contract Tower,17,13,6,1,37,0,1,27,0,28,17,14,33,1,65,2,0,2,67
03/13/2022,MFR,OR,ANM,WE,Federal Contract Tower,24,10,5,0,39,0,0,22,0,22,24,10,27,0,61,8,0,8,69
03/14/2022,MFR,OR,ANM,WE,Federal Contract Tower,23,24,13,0,60,0,0,17,0,17,23,24,30,0,77,18,0,18,95
03/15/2022,MFR,OR,ANM,WE,Federal Contract Tower,24,20,13,0,57,0,0,13,0,13,24,20,26,0,70,0,0,0,70
03/16/2022,MFR,OR,ANM,WE,Federal Contract Tower,22,21,20,10,73,0,0,48,4,52,22,21,68,14,125,28,18,46,171
03/17/2022,MFR,OR,ANM,WE,Federal Contract Tower,31,21,11,2,65,0,5,26,1,32,31,26,37,3,97,30,0,30,127
03/18/2022,MFR,OR,ANM,WE,Federal Contract Tower,30,21,20,2,73,0,4,37,0,41,30,25,57,2,114,6,0,6,120
03/19/2022,MFR,OR,ANM,WE,Federal Contract Tower,26,13,15,0,54,0,1,4,0,5,26,14,19,0,59,14,0,14,73
03/20/2022,MFR,OR,ANM,WE,Federal Contract Tower,34,11,9,2,56,0,0,52,0,52,34,11,61,2,108,66,0,66,174
03/21/2022,MFR,OR,ANM,WE,Federal Contract Tower,31,21,17,1,70,0,0,11,0,11,31,21,28,1,81,6,0,6,87
03/22/2022,MFR,OR,ANM,WE,Federal Contract Tower,26,29,12,0,67,0,1,35,0,36,26,30,47,0,103,16,0,16,119
03/23/2022,MFR,OR,ANM,WE,Federal Contract Tower,26,20,10,0,56,0,0,50,0,50,26,20,60,0,106,54,0,54,160
03/24/2022,MFR,OR,ANM,WE,Federal Contract Tower,32,24,12,1,69,0,5,60,0,65,32,29,72,1,134,32,22,54,188
03/25/2022,MFR,OR,ANM,WE,Federal Contract Tower,30,20,13,0,63,1,4,58,0,63,31,24,71,0,126,72,0,72,198
03/26/2022,MFR,OR,ANM,WE,Federal Contract Tower,24,9,9,0,42,0,3,40,0,43,24,12,49,0,85,28,0,28,113
03/27/2022,MFR,OR,ANM,WE,Federal Contract Tower,36,9,6,0,51,0,1,34,0,35,36,10,40,0,86,64,0,64,150
03/28/2022,MFR,OR,ANM,WE,Federal Contract Tower,32,21,14,0,67,0,0,30,0,30,32,21,44,0,97,12,0,12,109
03/29/2022,MFR,OR,ANM,WE,Federal Contract Tower,28,23,15,0,66,0,1,42,0,43,28,24,57,0,109,20,0,20,129
03/30/2022,MFR,OR,ANM,WE,Federal Contract Tower,28,27,13,1,69,0,1,21,1,23,28,28,34,2,92,58,4,62,154
03/31/2022,MFR,OR,ANM,WE,Federal Contract Tower,34,17,12,0,63,0,4,55,0,59,34,21,67,0,122,46,0,46,168
04/01/2022,MFR,OR,ANM,WE,Federal Contract Tower,31,17,10,15,73,0,2,51,1,54,31,19,61,16,127,68,6,74,201
04/02/2022,MFR,OR,ANM,WE,Federal Contract Tower,21,13,8,0,42,0,1,58,0,59,21,14,66,0,101,24,0,24,125
04/03/2022,MFR,OR,ANM,WE,Federal Contract Tower,34,7,10,2,53,0,0,33,0,33,34,7,43,2,86,26,0,26,112
04/04/2022,MFR,OR,ANM,WE,Federal Contract Tower,32,17,14,0,63,0,0,0,0,0,32,17,14,0,63,0,0,0,63
04/05/2022,MFR,OR,ANM,WE,Federal Contract Tower,25,18,16,0,59,0,0,41,0,41,25,18,57,0,100,28,0,28,128
04/06/2022,MFR,OR,ANM,WE,Federal Contract Tower,27,16,14,2,59,0,1,57,2,60,27,17,71,4,119,54,16,70,189
04/07/2022,MFR,OR,ANM,WE,Federal Contract Tower,34,18,20,0,72,0,5,63,1,69,34,23,83,1,141,26,4,30,171
04/08/2022,MFR,OR,ANM,WE,Federal Contract Tower,30,22,17,3,72,0,1,37,3,41,30,23,54,6,113,64,4,68,181
04/09/2022,MFR,OR,ANM,WE,Federal Contract Tower,23,13,16,0,52,0,3,35,0,38,23,16,51,0,90,18,0,18,108
04/10/2022,MFR,OR,ANM,WE,Federal Contract Tower,34,12,15,0,61,0,0,12,0,12,34,12,27,0,73,28,0,28,101
04/11/2022,MFR,OR,ANM,WE,Federal Contract Tower,34,20,7,0,61,0,0,0,0,0,34,20,7,0,61,0,0,0,61
04/12/2022,MFR,OR,ANM,WE,Federal Contract Tower,27,21,4,2,54,0,0,6,0,6,27,21,10,2,60,16,0,16,76
04/13/2022,MFR,OR,ANM,WE,Federal Contract Tower,26,21,19,8,74,0,0,0,0,0,26,21,19,8,74,0,0,0,74
04/14/2022,MFR,OR,ANM,WE,Federal Contract Tower,35,20,22,0,77,0,0,14,0,14,35,20,36,0,91,22,0,22,113
04/15/2022,MFR,OR,ANM,WE,Federal Contract Tower,31,20,11,1,63,0,1,42,1,44,31,21,53,2,107,24,0,24,131
04/16/2022,MFR,OR,ANM,WE,Federal Contract Tower,24,14,17,2,57,0,0,15,0,15,24,14,32,2,72,14,0,14,86
04/17/2022,MFR,OR,ANM,WE,Federal Contract Tower,36,9,20,0,65,0,0,40,0,40,36,9,60,0,105,34,0,34,139
04/18/2022,MFR,OR,ANM,WE,Federal Contract Tower,30,19,12,0,61,0,0,17,0,17,30,19,29,0,78,14,0,14,92
04/19/2022,MFR,OR,ANM,WE,Federal Contract Tower,26,18,16,0,60,0,0,6,0,6,26,18,22,0,66,14,0,14,80
04/20/2022,MFR,OR,ANM,WE,Federal Contract Tower,29,22,15,0,66,0,0,4,0,4,29,22,19,0,70,8,0,8,78
04/21/2022,MFR,OR,ANM,WE,Federal Contract Tower,37,20,7,0,64,0,0,24,0,24,37,20,31,0,88,30,0,30,118
04/22/2022,MFR,OR,ANM,WE,Federal Contract Tower,27,16,19,2,64,0,0,56,0,56,27,16,75,2,120,52,0,52,172
04/23/2022,MFR,OR,ANM,WE,Federal Contract Tower,25,14,10,0,49,0,1,75,0,76,25,15,85,0,125,82,0,82,207
04/24/2022,MFR,OR,ANM,WE,Federal Contract Tower,38,11,17,0,66,0,0,59,0,59,38,11,76,0,125,36,0,36,161
04/25/2022,MFR,OR,ANM,WE,Federal Contract Tower,30,18,11,0,59,0,1,40,0,41,30,19,51,0,100,16,0,16,116
04/26/2022,MFR,OR,ANM,WE,Federal Contract Tower,27,18,8,4,57,0,2,47,2,51,27,20,55,6,108,38,0,38,146
04/27/2022,MFR,OR,ANM,WE,Federal Contract Tower,28,24,17,2,71,0,2,36,2,40,28,26,53,4,111,14,6,20,131
04/28/2022,MFR,OR,ANM,WE,Federal Contract Tower,37,19,10,0,66,0,0,13,0,13,37,19,23,0,79,18,0,18,97
04/29/2022,MFR,OR,ANM,WE,Federal Contract Tower,27,16,18,0,61,0,1,50,2,53,27,17,68,2,114,48,0,48,162
04/30/2022,MFR,OR,ANM,WE,Federal Contract Tower,25,19,20,0,64,0,1,7,0,8,25,20,27,0,72,0,0,0,72
05/01/2022,MFR,OR,ANM,WE,Federal Contract Tower,32,10,12,0,54,0,0,69,0,69,32,10,81,0,123,52,0,52,175
05/02/2022,MFR,OR,ANM,WE,Federal Contract Tower,33,18,6,0,57,0,0,11,0,11,33,18,17,0,68,4,0,4,72
05/03/2022,MFR,OR,ANM,WE,Federal Contract Tower,27,18,16,0,61,0,3,36,0,39,27,21,52,0,100,10,0,10,110
05/04/2022,MFR,OR,ANM,WE,Federal Contract Tower,27,19,12,7,65,0,1,69,1,71,27,20,81,8,136,52,18,70,206
05/05/2022,MFR,OR,ANM,WE,Federal Contract Tower,34,20,22,0,76,0,0,5,0,5,34,20,27,0,81,18,0,18,99
05/06/2022,MFR,OR,ANM,WE,Federal Contract Tower,31,21,16,0,68,0,2,14,0,16,31,23,30,0,84,12,0,12,96
05/07/2022,MFR,OR,ANM,WE,Federal Contract Tower,21,18,7,2,48,0,0,9,0,9,21,18,16,2,57,8,0,8,65
05/08/2022,MFR,OR,ANM,WE,Federal Contract Tower,32,10,11,0,53,0,0,0,0,0,32,10,11,0,53,0,0,0,53
05/09/2022,MFR,OR,ANM,WE,Federal Contract Tower,30,23,18,0,71,0,0,18,0,18,30,23,36,0,89,0,0,0,89
05/10/2022,MFR,OR,ANM,WE,Federal Contract Tower,25,19,23,0,67,0,0,7,1,8,25,19,30,1,75,0,0,0,75
05/11/2022,MFR,OR,ANM,WE,Federal Contract Tower,25,19,17,2,63,0,0,65,0,65,25,19,82,2,128,38,0,38,166
05/12/2022,MFR,OR,ANM,WE,Federal Contract Tower,31,28,25,0,84,0,1,23,0,24,31,29,48,0,108,26,0,26,134
05/13/2022,MFR,OR,ANM,WE,Federal Contract Tower,29,23,26,0,78,0,0,37,0,37,29,23,63,0,115,26,0,26,141
05/14/2022,MFR,OR,ANM,WE,Federal Contract Tower,23,14,9,0,46,0,1,20,0,21,23,15,29,0,67,0,0,0,67
05/15/2022,MFR,OR,ANM,WE,Federal Contract Tower,35,14,14,0,63,0,2,46,0,48,35,16,60,0,111,36,0,36,147
05/16/2022,MFR,OR,ANM,WE,Federal Contract Tower,31,18,22,2,73,0,5,50,0,55,31,23,72,2,128,20,0,20,148
05/17/2022,MFR,OR,ANM,WE,Federal Contract Tower,26,19,13,0,58,0,1,55,0,56,26,20,68,0,114,24,0,24,138
05/18/2022,MFR,OR,ANM,WE,Federal Contract Tower,26,18,14,0,58,0,6,26,0,32,26,24,40,0,90,8,0,8,98
05/19/2022,MFR,OR,ANM,WE,Federal Contract Tower,27,17,10,0,54,0,3,22,0,25,27,20,32,0,79,8,0,8,87
05/20/2022,MFR,OR,ANM,WE,Federal Contract Tower,32,19,21,1,73,0,4,79,0,83,32,23,100,1,156,36,6,42,198
05/21/2022,MFR,OR,ANM,WE,Federal Contract Tower,23,11,12,0,46,0,4,66,0,70,23,15,78,0,116,10,0,10,126
05/22/2022,MFR,OR,ANM,WE,Federal Contract Tower,29,10,6,3,48,0,0,61,0,61,29,10,67,3,109,32,6,38,147
05/23/2022,MFR,OR,ANM,WE,Federal Contract Tower,30,21,9,0,60,0,0,48,4,52,30,21,57,4,112,6,0,6,118
05/24/2022,MFR,OR,ANM,WE,Federal Contract Tower,25,18,6,0,49,0,2,46,0,48,25,20,52,0,97,10,0,10,107
05/25/2022,MFR,OR,ANM,WE,Federal Contract Tower,26,20,10,1,57,0,1,34,1,36,26,21,44,2,93,0,0,0,93
05/26/2022,MFR,OR,ANM,WE,Federal Contract Tower,32,21,3,2,58,0,2,29,0,31,32,23,32,2,89,18,0,18,107
05/27/2022,MFR,OR,ANM,WE,Federal Contract Tower,28,20,21,0,69,0,1,35,0,36,28,21,56,0,105,4,0,4,109
05/28/2022,MFR,OR,ANM,WE,Federal Contract Tower,24,20,8,0,52,0,3,1,0,4,24,23,9,0,56,0,0,0,56
05/29/2022,MFR,OR,ANM,WE,Federal Contract Tower,28,13,9,0,50,0,0,8,0,8,28,13,17,0,58,0,0,0,58
05/30/2022,MFR,OR,ANM,WE,Federal Contract Tower,31,9,9,0,49,0,0,46,0,46,31,9,55,0,95,0,0,0,95
05/31/2022,MFR,OR,ANM,WE,Federal Contract Tower,26,20,9,0,55,0,1,50,0,51,26,21,59,0,106,30,0,30,136
06/01/2022,MFR,OR,ANM,WE,Federal Contract Tower,26,23,13,0,62,0,2,53,0,55,26,25,66,0,117,0,0,0,117
06/02/2022,MFR,OR,ANM,WE,Federal Contract Tower,33,24,12,0,69,0,2,63,0,65,33,26,75,0,134,10,0,10,144
06/03/2022,MFR,OR,ANM,WE,Federal Contract Tower,32,19,27,1,79,0,1,41,0,42,32,20,68,1,121,42,6,48,169
06/04/2022,MFR,OR,ANM,WE,Federal Contract Tower,28,13,7,2,50,0,0,11,0,11,28,13,18,2,61,16,0,16,77
06/05/2022,MFR,OR,ANM,WE,Federal Contract Tower,38,12,15,0,65,0,0,13,0,13,38,12,28,0,78,0,0,0,78
06/06/2022,MFR,OR,ANM,WE,Federal Contract Tower,35,17,14,0,66,0,0,47,7,54,35,17,61,7,120,12,0,12,132
06/07/2022,MFR,OR,ANM,WE,Federal Contract Tower,31,16,15,1,63,0,1,67,1,69,31,17,82,2,132,4,0,4,136
06/08/2022,MFR,OR,ANM,WE,Federal Contract Tower,32,19,27,2,80,0,1,56,0,57,32,20,83,2,137,20,0,20,157
06/09/2022,MFR,OR,ANM,WE,Federal Contract Tower,36,20,10,2,68,0,1,46,1,48,36,21,56,3,116,36,0,36,152
06/10/2022,MFR,OR,ANM,WE,Federal Contract Tower,34,17,19,0,70,0,1,33,0,34,34,18,52,0,104,24,0,24,128
06/11/2022,MFR,OR,ANM,WE,Federal Contract Tower,30,13,12,0,55,0,1,19,0,20,30,14,31,0,75,18,0,18,93
06/12/2022,MFR,OR,ANM,WE,Federal Contract Tower,35,7,14,0,56,0,0,1,0,1,35,7,15,0,57,0,0,0,57
06/13/2022,MFR,OR,ANM,WE,Federal Contract Tower,36,18,18,0,72,0,1,31,0,32,36,19,49,0,104,18,0,18,122
06/14/2022,MFR,OR,ANM,WE,Federal Contract Tower,33,16,3,2,54,0,0,63,0,63,33,16,66,2,117,38,0,38,155
06/15/2022,MFR,OR,ANM,WE,Federal Contract Tower,29,14,15,0,58,0,2,56,0,58,29,16,71,0,116,42,0,42,158
06/16/2022,MFR,OR,ANM,WE,Federal Contract Tower,33,26,15,4,78,0,0,37,0,37,33,26,52,4,115,0,0,0,115
06/17/2022,MFR,OR,ANM,WE,Federal Contract Tower,32,21,23,0,76,0,0,11,0,11,32,21,34,0,87,22,0,22,109
06/18/2022,MFR,OR,ANM,WE,Federal Contract Tower,27,14,6,0,47,0,0,18,0,18,27,14,24,0,65,18,0,18,83
06/19/2022,MFR,OR,ANM,WE,Federal Contract Tower,40,9,12,0,61,0,0,39,0,39,40,9,51,0,100,8,0,8,108
06/20/2022,MFR,OR,ANM,WE,Federal Contract Tower,38,16,13,0,67,0,5,37,0,42,38,21,50,0,109,16,0,16,125
06/21/2022,MFR,OR,ANM,WE,Federal Contract Tower,33,12,13,3,61,0,4,52,2,58,33,16,65,5,119,40,0,40,159
06/22/2022,MFR,OR,ANM,WE,Federal Contract Tower,32,13,9,4,58,0,3,57,4,64,32,16,66,8,122,14,2,16,138
06/23/2022,MFR,OR,ANM,WE,Federal Contract Tower,35,16,9,0,60,0,4,56,0,60,35,20,65,0,120,32,0,32,152
06/24/2022,MFR,OR,ANM,WE,Federal Contract Tower,36,11,10,5,62,0,7,59,4,70,36,18,69,9,132,30,0,30,162
06/25/2022,MFR,OR,ANM,WE,Federal Contract Tower,29,10,3,0,42,0,5,64,0,69,29,15,67,0,111,0,0,0,111
06/26/2022,MFR,OR,ANM,WE,Federal Contract Tower,37,12,11,2,62,0,1,81,2,84,37,13,92,4,146,4,0,4,150
06/27/2022,MFR,OR,ANM,WE,Federal Contract Tower,39,19,7,3,68,0,0,63,1,64,39,19,70,4,132,0,4,4,136
06/28/2022,MFR,OR,ANM,WE,Federal Contract Tower,33,18,6,0,57,0,5,67,0,72,33,23,73,0,129,62,0,62,191
06/29/2022,MFR,OR,ANM,WE,Federal Contract Tower,34,17,6,2,59,0,5,56,0,61,34,22,62,2,120,48,0,48,168
06/30/2022,MFR,OR,ANM,WE,Federal Contract Tower,36,21,12,0,69,0,4,65,2,71,36,25,77,2,140,12,0,12,152
07/01/2022,MFR,OR,ANM,WE,Federal Contract Tower,38,18,17,1,74,0,7,61,0,68,38,25,78,1,142,6,0,6,148
07/02/2022,MFR,OR,ANM,WE,Federal Contract Tower,25,13,10,0,48,0,3,36,0,39,25,16,46,0,87,0,0,0,87
07/03/2022,MFR,OR,ANM,WE,Federal Contract Tower,39,7,5,0,51,0,4,36,0,40,39,11,41,0,91,12,0,12,103
07/04/2022,MFR,OR,ANM,WE,Federal Contract Tower,35,6,11,0,52,0,0,17,2,19,35,6,28,2,71,0,0,0,71
07/05/2022,MFR,OR,ANM,WE,Federal Contract Tower,33,16,18,0,67,0,0,19,2,21,33,16,37,2,88,0,0,0,88
07/06/2022,MFR,OR,ANM,WE,Federal Contract Tower,33,15,13,0,61,0,3,31,0,34,33,18,44,0,95,18,0,18,113
07/07/2022,MFR,OR,ANM,WE,Federal Contract Tower,36,25,14,2,77,0,0,53,0,53,36,25,67,2,130,22,0,22,152
07/08/2022,MFR,OR,ANM,WE,Federal Contract Tower,36,13,10,0,59,0,0,69,2,71,36,13,79,2,130,28,0,28,158
07/09/2022,MFR,OR,ANM,WE,Federal Contract Tower,29,7,7,0,43,0,8,47,0,55,29,15,54,0,98,38,0,38,136
07/10/2022,MFR,OR,ANM,WE,Federal Contract Tower,39,10,18,2,69,0,4,59,0,63,39,14,77,2,132,8,0,8,140
07/11/2022,MFR,OR,ANM,WE,Federal Contract Tower,40,21,8,0,69,0,2,58,0,60,40,23,66,0,129,22,0,22,151
07/12/2022,MFR,OR,ANM,WE,Federal Contract Tower,31,12,10,2,55,0,2,47,0,49,31,14,57,2,104,12,0,12,116
07/13/2022,MFR,OR,ANM,WE,Federal Contract Tower,33,17,6,2,58,1,6,49,1,57,34,23,55,3,115,8,0,8,123
07/14/2022,MFR,OR,ANM,WE,Federal Contract Tower,41,18,11,1,71,0,2,48,0,50,41,20,59,1,121,0,0,0,121
07/15/2022,MFR,OR,ANM,WE,Federal Contract Tower,38,17,17,2,74,0,6,72,0,78,38,23,89,2,152,34,0,34,186
07/16/2022,MFR,OR,ANM,WE,Federal Contract Tower,28,13,15,0,56,0,2,65,0,67,28,15,80,0,123,8,0,8,131
07/17/2022,MFR,OR,ANM,WE,Federal Contract Tower,40,7,14,0,61,0,3,57,0,60,40,10,71,0,121,44,0,44,165
07/18/2022,MFR,OR,ANM,WE,Federal Contract Tower,37,15,16,11,79,1,0,68,8,77,38,15,84,19,156,6,14,20,176
07/19/2022,MFR,OR,ANM,WE,Federal Contract Tower,30,22,13,2,67,0,8,50,0,58,30,30,63,2,125,14,0,14,139
07/20/2022,MFR,OR,ANM,WE,Federal Contract Tower,32,17,9,5,63,10,6,49,1,66,42,23,58,6,129,0,14,14,143
07/21/2022,MFR,OR,ANM,WE,Federal Contract Tower,38,22,15,2,77,0,9,55,0,64,38,31,70,2,141,8,0,8,149
07/22/2022,MFR,OR,ANM,WE,Federal Contract Tower,39,17,12,0,68,2,5,48,0,55,41,22,60,0,123,28,0,28,151
07/23/2022,MFR,OR,ANM,WE,Federal Contract Tower,26,8,9,0,43,0,3,52,0,55,26,11,61,0,98,0,0,0,98
07/24/2022,MFR,OR,ANM,WE,Federal Contract Tower,41,5,14,0,60,0,3,56,1,60,41,8,70,1,120,40,0,40,160
07/25/2022,MFR,OR,ANM,WE,Federal Contract Tower,39,16,9,6,70,0,5,64,0,69,39,21,73,6,139,8,0,8,147
07/26/2022,MFR,OR,ANM,WE,Federal Contract Tower,34,15,9,0,58,0,5,38,0,43,34,20,47,0,101,6,0,6,107
07/27/2022,MFR,OR,ANM,WE,Federal Contract Tower,32,16,19,0,67,6,5,34,0,45,38,21,53,0,112,8,0,8,120
07/28/2022,MFR,OR,ANM,WE,Federal Contract Tower,36,18,13,3,70,2,15,49,0,66,38,33,62,3,136,8,0,8,144
07/29/2022,MFR,OR,ANM,WE,Federal Contract Tower,45,14,15,2,76,26,12,59,0,97,71,26,74,2,173,14,0,14,187
07/30/2022,MFR,OR,ANM,WE,Federal Contract Tower,28,16,6,0,50,39,6,65,0,110,67,22,71,0,160,0,0,0,160
07/31/2022,MFR,OR,ANM,WE,Federal Contract Tower,41,9,21,0,71,10,9,35,0,54,51,18,56,0,125,0,0,0,125
08/01/2022,MFR,OR,ANM,WE,Federal Contract Tower,39,13,9,0,61,10,13,27,0,50,49,26,36,0,111,0,0,0,111
08/02/2022,MFR,OR,ANM,WE,Federal Contract Tower,30,15,11,0,56,1,6,44,0,51,31,21,55,0,107,12,0,12,119
08/03/2022,MFR,OR,ANM,WE,Federal Contract Tower,32,15,18,0,65,20,17,40,0,77,52,32,58,0,142,16,0,16,158
08/04/2022,MFR,OR,ANM,WE,Federal Contract Tower,37,16,18,0,71,21,11,46,0,78,58,27,64,0,149,10,0,10,159
08/05/2022,MFR,OR,ANM,WE,Federal Contract Tower,41,16,13,0,70,5,8,40,0,53,46,24,53,0,123,4,0,4,127
08/06/2022,MFR,OR,ANM,WE,Federal Contract Tower,33,6,10,0,49,5,8,51,0,64,38,14,61,0,113,0,0,0,113
08/07/2022,MFR,OR,ANM,WE,Federal Contract Tower,37,5,6,0,48,0,6,25,5,36,37,11,31,5,84,4,0,4,88
08/08/2022,MFR,OR,ANM,WE,Federal Contract Tower,39,12,14,2,67,8,12,47,1,68,47,24,61,3,135,2,0,2,137
08/09/2022,MFR,OR,ANM,WE,Federal Contract Tower,30,15,6,4,55,4,6,40,2,52,34,21,46,6,107,0,10,10,117
08/10/2022,MFR,OR,ANM,WE,Federal Contract Tower,32,15,11,0,58,2,6,29,0,37,34,21,40,0,95,2,0,2,97
08/11/2022,MFR,OR,ANM,WE,Federal Contract Tower,37,18,18,2,75,4,8,56,0,68,41,26,74,2,143,0,0,0,143
08/12/2022,MFR,OR,ANM,WE,Federal Contract Tower,38,19,15,0,72,0,1,39,0,40,38,20,54,0,112,4,0,4,116
08/13/2022,MFR,OR,ANM,WE,Federal Contract Tower,28,9,16,2,55,4,11,72,0,87,32,20,88,2,142,0,0,0,142
08/14/2022,MFR,OR,ANM,WE,Federal Contract Tower,40,6,13,2,61,2,3,52,6,63,42,9,65,8,124,0,0,0,124
08/15/2022,MFR,OR,ANM,WE,Federal Contract Tower,38,12,9,0,59,1,0,53,2,56,39,12,62,2,115,0,0,0,115
08/16/2022,MFR,OR,ANM,WE,Federal Contract Tower,33,11,13,2,59,2,6,34,0,42,35,17,47,2,101,0,0,0,101
08/17/2022,MFR,OR,ANM,WE,Federal Contract Tower,36,10,17,0,63,1,1,60,0,62,37,11,77,0,125,2,0,2,127
08/18/2022,MFR,OR,ANM,WE,Federal Contract Tower,39,15,20,2,76,52,69,35,0,156,91,84,55,2,232,12,0,12,244
08/19/2022,MFR,OR,ANM,WE,Federal Contract Tower,37,17,26,1,81,46,37,51,4,138,83,54,77,5,219,2,0,2,221
08/20/2022,MFR,OR,ANM,WE,Federal Contract Tower,19,1,8,1,29,36,29,19,1,85,55,30,27,2,114,0,0,0,114
08/21/2022,MFR,OR,ANM,WE,Federal Contract Tower,26,7,7,0,40,8,8,34,2,52,34,15,41,2,92,18,0,18,110
08/22/2022,MFR,OR,ANM,WE,Federal Contract Tower,38,13,15,0,66,21,12,38,0,71,59,25,53,0,137,2,0,2,139
08/23/2022,MFR,OR,ANM,WE,Federal Contract Tower,32,14,13,2,61,25,10,33,1,69,57,24,46,3,130,12,0,12,142
08/24/2022,MFR,OR,ANM,WE,Federal Contract Tower,32,15,8,4,59,14,6,61,2,83,46,21,69,6,142,2,0,2,144
08/25/2022,MFR,OR,ANM,WE,Federal Contract Tower,36,15,16,0,67,0,9,47,0,56,36,24,63,0,123,8,0,8,131
08/26/2022,MFR,OR,ANM,WE,Federal Contract Tower,40,15,12,3,70,14,7,58,0,79,54,22,70,3,149,6,0,6,155
08/27/2022,MFR,OR,ANM,WE,Federal Contract Tower,21,3,7,0,31,28,7,25,0,60,49,10,32,0,91,0,0,0,91
08/28/2022,MFR,OR,ANM,WE,Federal Contract Tower,24,3,8,2,37,50,3,31,0,84,74,6,39,2,121,50,0,50,171
08/29/2022,MFR,OR,ANM,WE,Federal Contract Tower,38,17,18,2,75,0,2,36,0,38,38,19,54,2,113,16,0,16,129
08/30/2022,MFR,OR,ANM,WE,Federal Contract Tower,31,17,18,2,68,3,2,17,0,22,34,19,35,2,90,0,0,0,90
08/31/2022,MFR,OR,ANM,WE,Federal Contract Tower,32,16,10,0,58,16,7,34,0,57,48,23,44,0,115,0,0,0,115
09/01/2022,MFR,OR,ANM,WE,Federal Contract Tower,26,11,14,0,51,0,2,14,0,16,26,13,28,0,67,0,0,0,67
09/02/2022,MFR,OR,ANM,WE,Federal Contract Tower,23,8,10,0,41,3,6,18,0,27,26,14,28,0,68,0,0,0,68
09/03/2022,MFR,OR,ANM,WE,Federal Contract Tower,17,2,4,0,23,0,4,18,1,23,17,6,22,1,46,0,0,0,46
09/04/2022,MFR,OR,ANM,WE,Federal Contract Tower,22,2,4,1,29,9,3,14,2,28,31,5,18,3,57,2,0,2,59
09/05/2022,MFR,OR,ANM,WE,Federal Contract Tower,37,3,10,0,50,0,6,61,0,67,37,9,71,0,117,10,0,10,127
09/06/2022,MFR,OR,ANM,WE,Federal Contract Tower,31,14,4,2,51,3,4,43,4,54,34,18,47,6,105,12,0,12,117
09/07/2022,MFR,OR,ANM,WE,Federal Contract Tower,33,16,11,0,60,10,19,26,0,55,43,35,37,0,115,8,0,8,123
09/08/2022,MFR,OR,ANM,WE,Federal Contract Tower,38,12,5,0,55,25,24,45,0,94,63,36,50,0,149,0,0,0,149
09/09/2022,MFR,OR,ANM,WE,Federal Contract Tower,34,14,13,0,61,0,8,36,2,46,34,22,49,2,107,0,0,0,107
09/10/2022,MFR,OR,ANM,WE,Federal Contract Tower,20,8,5,0,33,1,4,15,1,21,21,12,20,1,54,2,0,2,56
09/11/2022,MFR,OR,ANM,WE,Federal Contract Tower,26,3,16,1,46,35,8,27,1,71,61,11,43,2,117,0,0,0,117
09/12/2022,MFR,OR,ANM,WE,Federal Contract Tower,39,15,10,1,65,10,6,21,1,38,49,21,31,2,103,0,0,0,103
09/13/2022,MFR,OR,ANM,WE,Federal Contract Tower,0,0,0,0,0,0,2,2,0,4,0,2,2,0,4,0,0,0,4
09/14/2022,MFR,OR,ANM,WE,Federal Contract Tower,23,14,7,0,44,0,8,22,0,30,23,22,29,0,74,0,0,0,74
09/15/2022,MFR,OR,ANM,WE,Federal Contract Tower,37,15,15,0,67,1,15,47,0,63,38,30,62,0,130,4,0,4,134
09/16/2022,MFR,OR,ANM,WE,Federal Contract Tower,37,14,9,1,61,0,3,38,8,49,37,17,47,9,110,0,0,0,110
09/17/2022,MFR,OR,ANM,WE,Federal Contract Tower,18,5,8,0,31,0,0,17,3,20,18,5,25,3,51,0,0,0,51
09/18/2022,MFR,OR,ANM,WE,Federal Contract Tower,23,5,7,0,35,0,2,5,0,7,23,7,12,0,42,0,0,0,42
09/19/2022,MFR,OR,ANM,WE,Federal Contract Tower,21,14,2,0,37,0,3,9,0,12,21,17,11,0,49,10,0,10,59
09/20/2022,MFR,OR,ANM,WE,Federal Contract Tower,31,15,8,1,55,0,2,12,2,16,31,17,20,3,71,24,0,24,95
09/21/2022,MFR,OR,ANM,WE,Federal Contract Tower,32,13,8,0,53,0,1,9,0,10,32,14,17,0,63,10,0,10,73
09/22/2022,MFR,OR,ANM,WE,Federal Contract Tower,40,16,18,11,85,0,1,41,5,47,40,17,59,16,132,12,12,24,156
09/23/2022,MFR,OR,ANM,WE,Federal Contract Tower,36,11,10,0,57,0,4,60,0,64,36,15,70,0,121,12,0,12,133
09/24/2022,MFR,OR,ANM,WE,Federal Contract Tower,18,4,6,0,28,1,2,37,0,40,19,6,43,0,68,10,0,10,78
09/25/2022,MFR,OR,ANM,WE,Federal Contract Tower,25,2,11,0,38,0,3,37,0,40,25,5,48,0,78,0,0,0,78
09/26/2022,MFR,OR,ANM,WE,Federal Contract Tower,39,14,7,2,62,0,3,45,2,50,39,17,52,4,112,0,0,0,112
09/27/2022,MFR,OR,ANM,WE,Federal Contract Tower,33,12,17,0,62,0,2,54,2,58,33,14,71,2,120,42,0,42,162
09/28/2022,MFR,OR,ANM,WE,Federal Contract Tower,34,10,11,2,57,0,2,23,3,28,34,12,34,5,85,2,0,2,87
09/29/2022,MFR,OR,ANM,WE,Federal Contract Tower,39,13,22,4,78,0,1,36,4,41,39,14,58,8,119,52,6,58,177
09/30/2022,MFR,OR,ANM,WE,Federal Contract Tower,22,11,11,0,44,0,2,53,0,55,22,13,64,0,99,4,0,4,103
10/01/2022,MFR,OR,ANM,WE,Federal Contract Tower,16,8,6,0,30,0,3,26,0,29,16,11,32,0,59,0,0,0,59
10/02/2022,MFR,OR,ANM,WE,Federal Contract Tower,21,7,7,0,35,0,6,35,0,41,21,13,42,0,76,8,0,8,84
10/03/2022,MFR,OR,ANM,WE,Federal Contract Tower,17,15,10,0,42,0,0,19,0,19,17,15,29,0,61,38,0,38,99
10/04/2022,MFR,OR,ANM,WE,Federal Contract Tower,27,14,12,4,57,0,1,46,2,49,27,15,58,6,106,28,4,32,138
10/05/2022,MFR,OR,ANM,WE,Federal Contract Tower,29,17,10,0,56,0,4,40,2,46,29,21,50,2,102,24,0,24,126
10/06/2022,MFR,OR,ANM,WE,Federal Contract Tower,31,23,19,0,73,0,6,36,4,46,31,29,55,4,119,10,0,10,129
10/07/2022,MFR,OR,ANM,WE,Federal Contract Tower,34,15,8,1,58,0,5,33,2,40,34,20,41,3,98,48,8,56,154
10/08/2022,MFR,OR,ANM,WE,Federal Contract Tower,18,8,5,2,33,0,2,33,3,38,18,10,38,5,71,14,0,14,85
10/09/2022,MFR,OR,ANM,WE,Federal Contract Tower,22,8,2,0,32,0,1,42,6,49,22,9,44,6,81,0,0,0,81
10/10/2022,MFR,OR,ANM,WE,Federal Contract Tower,32,16,12,0,60,0,4,32,0,36,32,20,44,0,96,8,0,8,104
10/11/2022,MFR,OR,ANM,WE,Federal Contract Tower,22,16,9,0,47,0,3,32,0,35,22,19,41,0,82,36,0,36,118
10/12/2022,MFR,OR,ANM,WE,Federal Contract Tower,26,14,10,0,50,0,6,46,0,52,26,20,56,0,102,24,0,24,126
10/13/2022,MFR,OR,ANM,WE,Federal Contract Tower,33,14,12,2,61,0,2,44,2,48,33,16,56,4,109,26,0,26,135
10/14/2022,MFR,OR,ANM,WE,Federal Contract Tower,22,10,5,0,37,0,2,47,0,49,22,12,52,0,86,16,0,16,102
10/15/2022,MFR,OR,ANM,WE,Federal Contract Tower,17,6,2,2,27,0,1,40,0,41,17,7,42,2,68,40,0,40,108
10/16/2022,MFR,OR,ANM,WE,Federal Contract Tower,23,4,5,0,32,0,2,30,0,32,23,6,35,0,64,40,0,40,104
10/17/2022,MFR,OR,ANM,WE,Federal Contract Tower,19,14,2,0,35,0,2,26,0,28,19,16,28,0,63,24,0,24,87
10/18/2022,MFR,OR,ANM,WE,Federal Contract Tower,23,16,7,3,49,0,4,35,3,42,23,20,42,6,91,4,12,16,107
10/19/2022,MFR,OR,ANM,WE,Federal Contract Tower,26,18,6,0,50,0,3,32,0,35,26,21,38,0,85,12,0,12,97
10/20/2022,MFR,OR,ANM,WE,Federal Contract Tower,33,24,17,0,74,0,3,41,0,44,33,27,58,0,118,12,0,12,130
10/21/2022,MFR,OR,ANM,WE,Federal Contract Tower,34,18,17,2,71,0,0,42,1,43,34,18,59,3,114,16,0,16,130
10/22/2022,MFR,OR,ANM,WE,Federal Contract Tower,18,4,5,0,27,0,2,0,0,2,18,6,5,0,29,0,0,0,29
10/23/2022,MFR,OR,ANM,WE,Federal Contract Tower,20,4,11,0,35,0,2,20,0,22,20,6,31,0,57,6,0,6,63
10/24/2022,MFR,OR,ANM,WE,Federal Contract Tower,36,16,11,4,67,0,0,1,0,1,36,16,12,4,68,0,0,0,68
10/25/2022,MFR,OR,ANM,WE,Federal Contract Tower,23,21,16,0,60,0,2,10,0,12,23,23,26,0,72,0,0,0,72
10/26/2022,MFR,OR,ANM,WE,Federal Contract Tower,26,17,8,4,55,0,0,11,0,11,26,17,19,4,66,30,0,30,96
10/27/2022,MFR,OR,ANM,WE,Federal Contract Tower,32,18,18,6,74,0,5,44,0,49,32,23,62,6,123,32,18,50,173
10/28/2022,MFR,OR,ANM,WE,Federal Contract Tower,34,13,21,0,68,0,5,51,0,56,34,18,72,0,124,54,0,54,178
10/29/2022,MFR,OR,ANM,WE,Federal Contract Tower,16,8,8,0,32,0,3,28,4,35,16,11,36,4,67,0,0,0,67
10/30/2022,MFR,OR,ANM,WE,Federal Contract Tower,25,2,13,1,41,0,1,27,0,28,25,3,40,1,69,10,0,10,79
10/31/2022,MFR,OR,ANM,WE,Federal Contract Tower,17,13,3,0,33,0,2,12,0,14,17,15,15,0,47,12,0,12,59
11/01/2022,MFR,OR,ANM,WE,Federal Contract Tower,25,13,9,0,47,0,1,6,0,7,25,14,15,0,54,0,0,0,54
11/02/2022,MFR,OR,ANM,WE,Federal Contract Tower,29,19,7,1,56,0,0,3,4,7,29,19,10,5,63,0,0,0,63
11/03/2022,MFR,OR,ANM,WE,Federal Contract Tower,38,20,24,1,83,0,0,17,2,19,38,20,41,3,102,16,0,16,118
11/04/2022,MFR,OR,ANM,WE,Federal Contract Tower,39,19,9,0,67,0,2,6,4,12,39,21,15,4,79,0,0,0,79
11/06/2022,MFR,OR,ANM,WE,Federal Contract Tower,24,0,5,0,29,0,2,6,0,8,24,2,11,0,37,4,0,4,41
11/07/2022,MFR,OR,ANM,WE,Federal Contract Tower,18,11,6,0,35,0,0,7,3,10,18,11,13,3,45,12,6,18,63
11/08/2022,MFR,OR,ANM,WE,Federal Contract Tower,28,19,15,0,62,0,0,1,0,1,28,19,16,0,63,0,0,0,63
11/09/2022,MFR,OR,ANM,WE,Federal Contract Tower,30,14,21,14,79,0,0,13,5,18,30,14,34,19,97,0,10,10,107
11/10/2022,MFR,OR,ANM,WE,Federal Contract Tower,37,13,10,6,66,0,2,32,10,44,37,15,42,16,110,14,0,14,124
11/11/2022,MFR,OR,ANM,WE,Federal Contract Tower,39,14,16,0,69,0,5,24,0,29,39,19,40,0,98,30,0,30,128
11/13/2022,MFR,OR,ANM,WE,Federal Contract Tower,25,1,4,0,30,0,0,20,3,23,25,1,24,3,53,40,8,48,101
11/14/2022,MFR,OR,ANM,WE,Federal Contract Tower,40,29,11,3,83,0,1,25,1,27,40,30,36,4,110,20,22,42,152
11/15/2022,MFR,OR,ANM,WE,Federal Contract Tower,27,12,13,4,56,0,2,41,1,44,27,14,54,5,100,22,28,50,150
11/16/2022,MFR,OR,ANM,WE,Federal Contract Tower,29,9,8,2,48,0,5,31,0,36,29,14,39,2,84,0,0,0,84
11/17/2022,MFR,OR,ANM,WE,Federal Contract Tower,33,18,16,0,67,0,1,27,2,30,33,19,43,2,97,24,0,24,121
11/18/2022,MFR,OR,ANM,WE,Federal Contract Tower,20,10,6,0,36,0,1,41,0,42,20,11,47,0,78,2,0,2,80
11/19/2022,MFR,OR,ANM,WE,Federal Contract Tower,17,6,8,0,31,0,1,35,0,36,17,7,43,0,67,26,0,26,93
11/20/2022,MFR,OR,ANM,WE,Federal Contract Tower,21,2,7,0,30,0,0,21,2,23,21,2,28,2,53,46,0,46,99
11/21/2022,MFR,OR,ANM,WE,Federal Contract Tower,17,9,7,0,33,0,2,36,0,38,17,11,43,0,71,50,0,50,121
11/22/2022,MFR,OR,ANM,WE,Federal Contract Tower,32,20,18,0,70,0,3,27,2,32,32,23,45,2,102,6,0,6,108
11/23/2022,MFR,OR,ANM,WE,Federal Contract Tower,38,16,12,0,66,0,4,2,0,6,38,20,14,0,72,0,0,0,72
11/24/2022,MFR,OR,ANM,WE,Federal Contract Tower,19,0,5,0,24,0,4,15,0,19,19,4,20,0,43,2,0,2,45
11/25/2022,MFR,OR,ANM,WE,Federal Contract Tower,36,11,10,0,57,0,2,41,0,43,36,13,51,0,100,40,0,40,140
11/26/2022,MFR,OR,ANM,WE,Federal Contract Tower,18,5,11,0,34,0,1,18,0,19,18,6,29,0,53,12,0,12,65
11/27/2022,MFR,OR,ANM,WE,Federal Contract Tower,23,0,12,0,35,0,0,9,0,9,23,0,21,0,44,0,0,0,44
11/28/2022,MFR,OR,ANM,WE,Federal Contract Tower,32,12,7,0,51,0,2,7,0,9,32,14,14,0,60,10,0,10,70
11/29/2022,MFR,OR,ANM,WE,Federal Contract Tower,26,18,12,0,56,0,4,35,1,40,26,22,47,1,96,8,0,8,104
11/30/2022,MFR,OR,ANM,WE,Federal Contract Tower,30,12,5,0,47,0,0,4,0,4,30,12,9,0,51,0,0,0,51
12/01/2022,MFR,OR,ANM,WE,Federal Contract Tower,29,17,6,2,54,0,0,7,0,7,29,17,13,2,61,0,0,0,61
12/02/2022,MFR,OR,ANM,WE,Federal Contract Tower,20,9,10,0,39,0,3,29,2,34,20,12,39,2,73,2,0,2,75
12/03/2022,MFR,OR,ANM,WE,Federal Contract Tower,15,6,4,0,25,0,2,14,0,16,15,8,18,0,41,14,0,14,55
12/05/2022,MFR,OR,ANM,WE,Federal Contract Tower,21,13,2,1,37,0,0,8,2,10,21,13,10,3,47,10,0,10,57
12/06/2022,MFR,OR,ANM,WE,Federal Contract Tower,26,18,3,0,47,0,1,17,0,18,26,19,20,0,65,18,0,18,83
12/07/2022,MFR,OR,ANM,WE,Federal Contract Tower,29,18,29,0,76,0,0,0,0,0,29,18,29,0,76,0,0,0,76
12/08/2022,MFR,OR,ANM,WE,Federal Contract Tower,30,16,18,7,71,0,1,1,1,3,30,17,19,8,74,0,6,6,80
12/09/2022,MFR,OR,ANM,WE,Federal Contract Tower,30,15,14,0,59,0,0,4,0,4,30,15,18,0,63,0,0,0,63
12/10/2022,MFR,OR,ANM,WE,Federal Contract Tower,15,2,6,0,23,0,1,3,0,4,15,3,9,0,27,2,0,2,29
12/11/2022,MFR,OR,ANM,WE,Federal Contract Tower,17,5,4,0,26,0,0,0,0,0,17,5,4,0,26,0,0,0,26
12/12/2022,MFR,OR,ANM,WE,Federal Contract Tower,28,15,11,0,54,0,1,11,1,13,28,16,22,1,67,16,8,24,91
12/13/2022,MFR,OR,ANM,WE,Federal Contract Tower,25,28,13,8,74,0,0,13,1,14,25,28,26,9,88,2,36,38,126
12/14/2022,MFR,OR,ANM,WE,Federal Contract Tower,29,19,14,0,62,0,0,0,0,0,29,19,14,0,62,0,0,0,62
12/15/2022,MFR,OR,ANM,WE,Federal Contract Tower,26,22,15,0,63,0,0,31,0,31,26,22,46,0,94,16,0,16,110
12/16/2022,MFR,OR,ANM,WE,Federal Contract Tower,28,19,16,0,63,0,2,35,0,37,28,21,51,0,100,44,0,44,144
12/17/2022,MFR,OR,ANM,WE,Federal Contract Tower,17,2,5,0,24,0,6,61,0,67,17,8,66,0,91,50,0,50,141
12/18/2022,MFR,OR,ANM,WE,Federal Contract Tower,15,6,5,0,26,0,0,19,0,19,15,6,24,0,45,16,0,16,61
12/19/2022,MFR,OR,ANM,WE,Federal Contract Tower,28,16,12,2,58,0,0,25,0,25,28,16,37,2,83,58,0,58,141
12/20/2022,MFR,OR,ANM,WE,Federal Contract Tower,19,22,3,0,44,0,0,2,0,2,19,22,5,0,46,2,0,2,48
12/21/2022,MFR,OR,ANM,WE,Federal Contract Tower,16,26,7,0,49,0,0,0,0,0,16,26,7,0,49,0,0,0,49
12/22/2022,MFR,OR,ANM,WE,Federal Contract Tower,25,26,12,2,65,0,0,0,0,0,25,26,12,2,65,0,0,0,65
12/23/2022,MFR,OR,ANM,WE,Federal Contract Tower,20,5,20,0,45,0,0,13,0,13,20,5,33,0,58,30,0,30,88
12/24/2022,MFR,OR,ANM,WE,Federal Contract Tower,16,4,2,0,22,0,0,0,0,0,16,4,2,0,22,0,0,0,22
12/25/2022,MFR,OR,ANM,WE,Federal Contract Tower,11,9,2,0,22,0,0,0,0,0,11,9,2,0,22,0,0,0,22
12/26/2022,MFR,OR,ANM,WE,Federal Contract Tower,13,6,9,0,28,0,2,1,0,3,13,8,10,0,31,0,0,0,31
12/27/2022,MFR,OR,ANM,WE,Federal Contract Tower,24,15,14,0,53,0,0,2,0,2,24,15,16,0,55,12,0,12,67
12/28/2022,MFR,OR,ANM,WE,Federal Contract Tower,24,20,9,6,59,0,2,44,0,46,24,22,53,6,105,24,12,36,141
12/29/2022,MFR,OR,ANM,WE,Federal Contract Tower,27,22,5,0,54,0,0,0,0,0,27,22,5,0,54,0,0,0,54
12/30/2022,MFR,OR,ANM,WE,Federal Contract Tower,29,15,14,0,58,0,0,2,0,2,29,15,16,0,60,0,0,0,60
12/31/2022,MFR,OR,ANM,WE,Federal Contract Tower,8,5,2,0,15,0,0,2,0,2,8,5,4,0,17,2,0,2,19
01/01/2023,MFR,OR,ANM,WE,Federal Contract Tower,9,4,8,0,21,0,0,40,0,40,9,4,48,0,61,42,0,42,103
01/02/2023,MFR,OR,ANM,WE,Federal Contract Tower,24,3,10,0,37,0,0,13,0,13,24,3,23,0,50,30,0,30,80
01/03/2023,MFR,OR,ANM,WE,Federal Contract Tower,24,24,11,8,67,0,0,9,0,9,24,24,20,8,76,24,12,36,112
01/04/2023,MFR,OR,ANM,WE,Federal Contract Tower,25,17,5,0,47,0,0,0,0,0,25,17,5,0,47,0,0,0,47
01/05/2023,MFR,OR,ANM,WE,Federal Contract Tower,28,13,10,0,51,0,0,0,0,0,28,13,10,0,51,0,0,0,51
01/06/2023,MFR,OR,ANM,WE,Federal Contract Tower,16,7,4,2,29,0,0,10,0,10,16,7,14,2,39,8,0,8,47
01/07/2023,MFR,OR,ANM,WE,Federal Contract Tower,9,4,6,0,19,0,0,1,0,1,9,4,7,0,20,0,0,0,20
01/08/2023,MFR,OR,ANM,WE,Federal Contract Tower,14,1,1,0,16,0,0,13,0,13,14,1,14,0,29,24,0,24,53
01/09/2023,MFR,OR,ANM,WE,Federal Contract Tower,16,10,6,0,32,0,1,7,0,8,16,11,13,0,40,8,0,8,48
01/10/2023,MFR,OR,ANM,WE,Federal Contract Tower,26,12,5,0,43,0,0,2,0,2,26,12,7,0,45,0,0,0,45
01/11/2023,MFR,OR,ANM,WE,Federal Contract Tower,26,15,12,2,55,0,0,3,0,3,26,15,15,2,58,0,0,0,58
01/12/2023,MFR,OR,ANM,WE,Federal Contract Tower,23,16,12,0,51,0,0,10,0,10,23,16,22,0,61,0,0,0,61
01/13/2023,MFR,OR,ANM,WE,Federal Contract Tower,23,21,10,0,54,0,0,14,0,14,23,21,24,0,68,30,0,30,98
01/14/2023,MFR,OR,ANM,WE,Federal Contract Tower,12,3,6,0,21,0,0,3,0,3,12,3,9,0,24,0,0,0,24
01/15/2023,MFR,OR,ANM,WE,Federal Contract Tower,13,1,2,0,16,0,0,19,0,19,13,1,21,0,35,24,0,24,59
01/16/2023,MFR,OR,ANM,WE,Federal Contract Tower,29,12,7,0,48,0,4,13,0,17,29,16,20,0,65,38,0,38,103
01/17/2023,MFR,OR,ANM,WE,Federal Contract Tower,24,10,10,0,44,0,1,16,0,17,24,11,26,0,61,18,0,18,79
01/18/2023,MFR,OR,ANM,WE,Federal Contract Tower,24,12,14,0,50,0,0,3,0,3,24,12,17,0,53,0,0,0,53
01/19/2023,MFR,OR,ANM,WE,Federal Contract Tower,24,10,12,2,48,0,1,24,2,27,24,11,36,4,75,62,24,86,161
01/20/2023,MFR,OR,ANM,WE,Federal Contract Tower,15,7,9,4,35,0,1,50,0,51,15,8,59,4,86,38,0,38,124
01/21/2023,MFR,OR,ANM,WE,Federal Contract Tower,12,6,7,0,25,0,0,36,0,36,12,6,43,0,61,26,0,26,87
01/22/2023,MFR,OR,ANM,WE,Federal Contract Tower,14,3,3,0,20,0,0,16,0,16,14,3,19,0,36,20,0,20,56
01/23/2023,MFR,OR,ANM,WE,Federal Contract Tower,16,10,9,0,35,0,0,13,0,13,16,10,22,0,48,24,0,24,72
01/24/2023,MFR,OR,ANM,WE,Federal Contract Tower,23,12,2,1,38,0,0,43,1,44,23,12,45,2,82,46,24,70,152
01/25/2023,MFR,OR,ANM,WE,Federal Contract Tower,29,9,8,1,47,0,4,65,0,69,29,13,73,1,116,34,0,34,150
01/26/2023,MFR,OR,ANM,WE,Federal Contract Tower,25,15,11,0,51,0,1,42,0,43,25,16,53,0,94,32,0,32,126
01/27/2023,MFR,OR,ANM,WE,Federal Contract Tower,26,16,10,4,56,0,0,34,1,35,26,16,44,5,91,38,20,58,149
01/28/2023,MFR,OR,ANM,WE,Federal Contract Tower,12,7,10,0,29,0,0,21,2,23,12,7,31,2,52,14,0,14,66
01/29/2023,MFR,OR,ANM,WE,Federal Contract Tower,15,0,14,0,29,0,1,22,0,23,15,1,36,0,52,14,0,14,66
01/30/2023,MFR,OR,ANM,WE,Federal Contract Tower,26,5,12,2,45,0,0,34,2,36,26,5,46,4,81,34,0,34,115
01/31/2023,MFR,OR,ANM,WE,Federal Contract Tower,25,10,3,0,38,0,3,25,0,28,25,13,28,0,66,8,0,8,74
02/01/2023,MFR,OR,ANM,WE,Federal Contract Tower,31,19,7,3,60,0,6,27,0,33,31,25,34,3,93,18,44,62,155
02/02/2023,MFR,OR,ANM,WE,Federal Contract Tower,25,10,1,2,38,0,2,6,3,11,25,12,7,5,49,6,18,24,73
02/03/2023,MFR,OR,ANM,WE,Federal Contract Tower,26,23,8,3,60,0,1,7,0,8,26,24,15,3,68,2,0,2,70
02/04/2023,MFR,OR,ANM,WE,Federal Contract Tower,24,8,3,0,35,0,2,18,0,20,24,10,21,0,55,10,0,10,65
02/05/2023,MFR,OR,ANM,WE,Federal Contract Tower,24,4,9,4,41,0,0,4,0,4,24,4,13,4,45,8,0,8,53
02/06/2023,MFR,OR,ANM,WE,Federal Contract Tower,26,10,5,0,41,1,29,4,0,34,27,39,9,0,75,58,4,62,137
02/07/2023,MFR,OR,ANM,WE,Federal Contract Tower,25,9,11,2,47,0,1,28,0,29,25,10,39,2,76,68,0,68,144
02/08/2023,MFR,OR,ANM,WE,Federal Contract Tower,27,11,10,1,49,0,2,35,0,37,27,13,45,1,86,50,0,50,136
02/09/2023,MFR,OR,ANM,WE,Federal Contract Tower,23,14,9,0,46,0,5,24,0,29,23,19,33,0,75,36,0,36,111
02/10/2023,MFR,OR,ANM,WE,Federal Contract Tower,27,19,10,2,58,0,5,34,0,39,27,24,44,2,97,28,0,28,125
02/11/2023,MFR,OR,ANM,WE,Federal Contract Tower,23,11,8,0,42,0,0,19,1,20,23,11,27,1,62,2,2,4,66
02/12/2023,MFR,OR,ANM,WE,Federal Contract Tower,24,2,9,0,35,0,0,20,0,20,24,2,29,0,55,0,0,0,55
02/13/2023,MFR,OR,ANM,WE,Federal Contract Tower,27,10,9,5,51,0,0,8,2,10,27,10,17,7,61,2,0,2,63
02/14/2023,MFR,OR,ANM,WE,Federal Contract Tower,27,15,2,0,44,0,0,2,0,2,27,15,4,0,46,0,0,0,46
02/15/2023,MFR,OR,ANM,WE,Federal Contract Tower,26,19,9,0,54,0,2,37,0,39,26,21,46,0,93,20,0,20,113
02/16/2023,MFR,OR,ANM,WE,Federal Contract Tower,28,13,13,0,54,0,0,32,0,32,28,13,45,0,86,52,0,52,138
02/17/2023,MFR,OR,ANM,WE,Federal Contract Tower,29,11,13,0,53,0,9,69,6,84,29,20,82,6,137,14,2,16,153
02/18/2023,MFR,OR,ANM,WE,Federal Contract Tower,28,7,7,0,42,0,2,21,0,23,28,9,28,0,65,8,0,8,73
02/19/2023,MFR,OR,ANM,WE,Federal Contract Tower,24,1,10,0,35,0,4,31,0,35,24,5,41,0,70,32,0,32,102
02/20/2023,MFR,OR,ANM,WE,Federal Contract Tower,26,12,10,0,48,0,3,27,0,30,26,15,37,0,78,16,0,16,94
02/21/2023,MFR,OR,ANM,WE,Federal Contract Tower,29,17,9,0,55,0,0,7,0,7,29,17,16,0,62,4,0,4,66
02/22/2023,MFR,OR,ANM,WE,Federal Contract Tower,31,10,6,2,49,0,0,2,0,2,31,10,8,2,51,0,0,0,51
02/23/2023,MFR,OR,ANM,WE,Federal Contract Tower,24,7,8,0,39,0,0,0,0,0,24,7,8,0,39,0,0,0,39
02/24/2023,MFR,OR,ANM,WE,Federal Contract Tower,29,3,11,0,43,0,0,35,0,35,29,3,46,0,78,14,0,14,92
02/25/2023,MFR,OR,ANM,WE,Federal Contract Tower,30,6,16,2,54,0,4,58,0,62,30,10,74,2,116,30,0,30,146
02/26/2023,MFR,OR,ANM,WE,Federal Contract Tower,27,4,6,0,37,0,0,0,0,0,27,4,6,0,37,0,0,0,37
02/27/2023,MFR,OR,ANM,WE,Federal Contract Tower,29,15,6,2,52,0,0,3,0,3,29,15,9,2,55,4,0,4,59
02/28/2023,MFR,OR,ANM,WE,Federal Contract Tower,30,18,10,0,58,0,0,5,0,5,30,18,15,0,63,18,0,18,81
03/01/2023,MFR,OR,ANM,WE,Federal Contract Tower,27,15,6,0,48,0,2,22,0,24,27,17,28,0,72,14,0,14,86
03/02/2023,MFR,OR,ANM,WE,Federal Contract Tower,23,10,2,1,36,0,0,3,1,4,23,10,5,2,40,0,12,12,52
03/03/2023,MFR,OR,ANM,WE,Federal Contract Tower,27,10,16,0,53,0,1,18,0,19,27,11,34,0,72,32,0,32,104
03/04/2023,MFR,OR,ANM,WE,Federal Contract Tower,24,7,3,0,34,0,0,1,0,1,24,7,4,0,35,20,0,20,55
03/05/2023,MFR,OR,ANM,WE,Federal Contract Tower,25,3,8,0,36,0,0,0,0,0,25,3,8,0,36,14,0,14,50
03/06/2023,MFR,OR,ANM,WE,Federal Contract Tower,27,15,4,2,48,1,0,8,1,10,28,15,12,3,58,2,30,32,90
03/07/2023,MFR,OR,ANM,WE,Federal Contract Tower,30,13,12,0,55,0,0,8,0,8,30,13,20,0,63,14,24,38,101
03/08/2023,MFR,OR,ANM,WE,Federal Contract Tower,33,10,10,0,53,0,0,12,0,12,33,10,22,0,65,18,0,18,83
03/09/2023,MFR,OR,ANM,WE,Federal Contract Tower,24,9,10,0,43,0,0,3,2,5,24,9,13,2,48,4,0,4,52
03/10/2023,MFR,OR,ANM,WE,Federal Contract Tower,26,11,8,0,45,0,0,14,0,14,26,11,22,0,59,12,0,12,71
03/11/2023,MFR,OR,ANM,WE,Federal Contract Tower,27,3,4,0,34,0,1,41,0,42,27,4,45,0,76,26,0,26,102
03/12/2023,MFR,OR,ANM,WE,Federal Contract Tower,24,0,5,0,29,0,0,4,0,4,24,0,9,0,33,0,0,0,33
03/13/2023,MFR,OR,ANM,WE,Federal Contract Tower,26,11,11,4,52,0,2,2,0,4,26,13,13,4,56,6,0,6,62
03/14/2023,MFR,OR,ANM,WE,Federal Contract Tower,26,12,11,0,49,0,0,0,0,0,26,12,11,0,49,0,0,0,49
03/15/2023,MFR,OR,ANM,WE,Federal Contract Tower,27,21,12,0,60,0,4,20,0,24,27,25,32,0,84,26,0,26,110
03/16/2023,MFR,OR,ANM,WE,Federal Contract Tower,27,15,17,0,59,0,5,48,0,53,27,20,65,0,112,10,0,10,122
03/17/2023,MFR,OR,ANM,WE,Federal Contract Tower,27,22,11,3,63,0,4,34,3,41,27,26,45,6,104,4,0,4,108
03/18/2023,MFR,OR,ANM,WE,Federal Contract Tower,23,10,7,0,40,0,0,38,0,38,23,10,45,0,78,10,0,10,88
03/19/2023,MFR,OR,ANM,WE,Federal Contract Tower,24,5,12,0,41,0,4,2,0,6,24,9,14,0,47,0,0,0,47
03/20/2023,MFR,OR,ANM,WE,Federal Contract Tower,27,16,12,2,57,0,1,21,0,22,27,17,33,2,79,16,0,16,95
03/21/2023,MFR,OR,ANM,WE,Federal Contract Tower,21,9,15,6,51,0,7,32,3,42,21,16,47,9,93,50,4,54,147
03/22/2023,MFR,OR,ANM,WE,Federal Contract Tower,24,10,9,4,47,0,0,13,0,13,24,10,22,4,60,4,0,4,64
03/23/2023,MFR,OR,ANM,WE,Federal Contract Tower,26,16,18,0,60,0,0,21,1,22,26,16,39,1,82,20,0,20,102
03/24/2023,MFR,OR,ANM,WE,Federal Contract Tower,27,14,16,0,57,0,0,6,0,6,27,14,22,0,63,18,0,18,81
03/25/2023,MFR,OR,ANM,WE,Federal Contract Tower,24,9,3,0,36,0,0,1,0,1,24,9,4,0,37,0,0,0,37
03/26/2023,MFR,OR,ANM,WE,Federal Contract Tower,25,1,8,0,34,0,0,33,0,33,25,1,41,0,67,50,0,50,117
03/27/2023,MFR,OR,ANM,WE,Federal Contract Tower,27,9,11,0,47,0,0,6,0,6,27,9,17,0,53,0,0,0,53
03/28/2023,MFR,OR,ANM,WE,Federal Contract Tower,22,18,7,0,47,0,1,6,0,7,22,19,13,0,54,6,0,6,60
03/29/2023,MFR,OR,ANM,WE,Federal Contract Tower,24,13,9,2,48,0,2,21,0,23,24,15,30,2,71,6,0,6,77
03/30/2023,MFR,OR,ANM,WE,Federal Contract Tower,25,14,11,0,50,14,2,26,0,42,39,16,37,0,92,24,0,24,116
03/31/2023,MFR,OR,ANM,WE,Federal Contract Tower,26,16,8,0,50,0,0,23,0,23,26,16,31,0,73,18,0,18,91
04/01/2023,MFR,OR,ANM,WE,Federal Contract Tower,21,7,3,0,31,0,0,0,0,0,21,7,3,0,31,0,0,0,31
04/02/2023,MFR,OR,ANM,WE,Federal Contract Tower,24,5,15,0,44,0,0,0,0,0,24,5,15,0,44,0,0,0,44
04/03/2023,MFR,OR,ANM,WE,Federal Contract Tower,25,12,9,0,46,0,0,6,1,7,25,12,15,1,53,2,0,2,55
04/04/2023,MFR,OR,ANM,WE,Federal Contract Tower,23,16,16,0,55,0,1,6,0,7,23,17,22,0,62,46,0,46,108
04/05/2023,MFR,OR,ANM,WE,Federal Contract Tower,27,11,9,0,47,0,0,23,1,24,27,11,32,1,71,70,0,70,141
04/06/2023,MFR,OR,ANM,WE,Federal Contract Tower,27,12,11,4,54,0,1,14,0,15,27,13,25,4,69,10,0,10,79
04/07/2023,MFR,OR,ANM,WE,Federal Contract Tower,28,14,17,0,59,0,0,14,3,17,28,14,31,3,76,20,0,20,96
04/08/2023,MFR,OR,ANM,WE,Federal Contract Tower,25,6,4,0,35,0,2,46,0,48,25,8,50,0,83,38,0,38,121
04/09/2023,MFR,OR,ANM,WE,Federal Contract Tower,25,4,10,0,39,0,3,15,0,18,25,7,25,0,57,36,0,36,93
04/10/2023,MFR,OR,ANM,WE,Federal Contract Tower,31,17,9,0,57,0,0,17,0,17,31,17,26,0,74,26,0,26,100
04/11/2023,MFR,OR,ANM,WE,Federal Contract Tower,25,14,10,3,52,0,3,16,0,19,25,17,26,3,71,62,12,74,145
04/13/2023,MFR,OR,ANM,WE,Federal Contract Tower,28,16,10,1,55,0,2,45,1,48,28,18,55,2,103,30,12,42,145
04/14/2023,MFR,OR,ANM,WE,Federal Contract Tower,30,10,11,0,51,0,2,63,0,65,30,12,74,0,116,30,0,30,146
04/15/2023,MFR,OR,ANM,WE,Federal Contract Tower,24,5,8,0,37,0,4,75,0,79,24,9,83,0,116,38,0,38,154
04/16/2023,MFR,OR,ANM,WE,Federal Contract Tower,24,2,6,0,32,0,3,14,0,17,24,5,20,0,49,24,0,24,73
04/17/2023,MFR,OR,ANM,WE,Federal Contract Tower,33,10,12,1,56,0,0,2,1,3,33,10,14,2,59,22,10,32,91
04/18/2023,MFR,OR,ANM,WE,Federal Contract Tower,26,13,9,1,49,0,0,13,1,14,26,13,22,2,63,8,2,10,73
04/19/2023,MFR,OR,ANM,WE,Federal Contract Tower,29,15,10,0,54,0,2,9,0,11,29,17,19,0,65,12,0,12,77
04/20/2023,MFR,OR,ANM,WE,Federal Contract Tower,26,14,5,0,45,0,0,22,0,22,26,14,27,0,67,16,0,16,83
04/21/2023,MFR,OR,ANM,WE,Federal Contract Tower,28,17,15,0,60,0,0,26,0,26,28,17,41,0,86,22,0,22,108
04/22/2023,MFR,OR,ANM,WE,Federal Contract Tower,24,12,8,0,44,0,0,25,0,25,24,12,33,0,69,8,0,8,77
04/23/2023,MFR,OR,ANM,WE,Federal Contract Tower,26,2,9,0,37,0,0,7,0,7,26,2,16,0,44,0,0,0,44
04/24/2023,MFR,OR,ANM,WE,Federal Contract Tower,29,22,5,0,56,0,0,29,0,29,29,22,34,0,85,68,0,68,153
04/25/2023,MFR,OR,ANM,WE,Federal Contract Tower,26,12,13,2,53,0,0,57,1,58,26,12,70,3,111,80,0,80,191
04/26/2023,MFR,OR,ANM,WE,Federal Contract Tower,30,10,9,0,49,0,1,32,0,33,30,11,41,0,82,6,0,6,88
04/27/2023,MFR,OR,ANM,WE,Federal Contract Tower,26,13,10,0,49,0,1,42,0,43,26,14,52,0,92,0,0,0,92
04/28/2023,MFR,OR,ANM,WE,Federal Contract Tower,32,13,9,0,54,0,1,50,0,51,32,14,59,0,105,6,0,6,111
04/29/2023,MFR,OR,ANM,WE,Federal Contract Tower,24,10,9,0,43,0,3,42,0,45,24,13,51,0,88,2,0,2,90
04/30/2023,MFR,OR,ANM,WE,Federal Contract Tower,20,2,8,0,30,0,0,30,0,30,20,2,38,0,60,8,0,8,68
05/01/2023,MFR,OR,ANM,WE,Federal Contract Tower,28,14,14,0,56,0,0,5,0,5,28,14,19,0,61,26,0,26,87
05/02/2023,MFR,OR,ANM,WE,Federal Contract Tower,27,11,11,0,49,0,4,12,0,16,27,15,23,0,65,2,0,2,67
05/03/2023,MFR,OR,ANM,WE,Federal Contract Tower,19,6,4,16,45,0,9,25,0,34,19,15,29,16,79,4,0,4,83
05/04/2023,MFR,OR,ANM,WE,Federal Contract Tower,28,13,7,0,48,0,2,24,0,26,28,15,31,0,74,44,0,44,118
05/05/2023,MFR,OR,ANM,WE,Federal Contract Tower,32,14,9,4,59,0,0,23,0,23,32,14,32,4,82,8,0,8,90
05/06/2023,MFR,OR,ANM,WE,Federal Contract Tower,26,6,8,0,40,0,0,3,0,3,26,6,11,0,43,0,0,0,43
05/07/2023,MFR,OR,ANM,WE,Federal Contract Tower,22,1,4,0,27,0,0,8,0,8,22,1,12,0,35,2,0,2,37
05/08/2023,MFR,OR,ANM,WE,Federal Contract Tower,29,10,10,0,49,0,1,8,0,9,29,11,18,0,58,4,0,4,62
05/09/2023,MFR,OR,ANM,WE,Federal Contract Tower,23,12,13,7,55,0,0,25,5,30,23,12,38,12,85,16,56,72,157
05/10/2023,MFR,OR,ANM,WE,Federal Contract Tower,27,11,6,1,45,0,1,23,1,25,27,12,29,2,70,28,6,34,104
05/11/2023,MFR,OR,ANM,WE,Federal Contract Tower,30,14,14,2,60,0,3,66,0,69,30,17,80,2,129,60,0,60,189
05/12/2023,MFR,OR,ANM,WE,Federal Contract Tower,31,17,9,2,59,0,5,60,0,65,31,22,69,2,124,18,0,18,142
05/13/2023,MFR,OR,ANM,WE,Federal Contract Tower,25,7,3,0,35,0,2,56,2,60,25,9,59,2,95,6,0,6,101
05/14/2023,MFR,OR,ANM,WE,Federal Contract Tower,27,1,2,0,30,0,0,45,0,45,27,1,47,0,75,16,0,16,91
05/15/2023,MFR,OR,ANM,WE,Federal Contract Tower,30,13,7,2,52,0,1,33,4,38,30,14,40,6,90,20,0,20,110
05/16/2023,MFR,OR,ANM,WE,Federal Contract Tower,25,10,7,3,45,0,0,46,0,46,25,10,53,3,91,2,22,24,115
05/17/2023,MFR,OR,ANM,WE,Federal Contract Tower,28,13,5,4,50,0,3,44,0,47,28,16,49,4,97,30,6,36,133
05/18/2023,MFR,OR,ANM,WE,Federal Contract Tower,25,10,7,0,42,0,4,41,6,51,25,14,48,6,93,8,0,8,101
05/19/2023,MFR,OR,ANM,WE,Federal Contract Tower,31,12,5,0,48,0,1,53,7,61,31,13,58,7,109,44,0,44,153
05/20/2023,MFR,OR,ANM,WE,Federal Contract Tower,29,6,8,0,43,0,4,60,0,64,29,10,68,0,107,20,0,20,127
05/21/2023,MFR,OR,ANM,WE,Federal Contract Tower,29,0,9,0,38,0,0,25,0,25,29,0,34,0,63,20,0,20,83
05/22/2023,MFR,OR,ANM,WE,Federal Contract Tower,30,14,16,4,64,0,5,26,0,31,30,19,42,4,95,46,32,78,173
05/23/2023,MFR,OR,ANM,WE,Federal Contract Tower,30,10,14,0,54,0,2,37,0,39,30,12,51,0,93,16,0,16,109
05/24/2023,MFR,OR,ANM,WE,Federal Contract Tower,30,11,10,2,53,0,0,47,0,47,30,11,57,2,100,70,0,70,170
05/25/2023,MFR,OR,ANM,WE,Federal Contract Tower,29,13,8,3,53,0,1,43,0,44,29,14,51,3,97,0,0,0,97
05/26/2023,MFR,OR,ANM,WE,Federal Contract Tower,35,9,16,0,60,0,3,69,2,74,35,12,85,2,134,10,0,10,144
05/27/2023,MFR,OR,ANM,WE,Federal Contract Tower,29,4,13,0,46,0,3,48,0,51,29,7,61,0,97,18,0,18,115
05/28/2023,MFR,OR,ANM,WE,Federal Contract Tower,29,0,7,1,37,0,2,19,1,22,29,2,26,2,59,2,0,2,61
05/29/2023,MFR,OR,ANM,WE,Federal Contract Tower,32,4,8,0,44,0,1,71,5,77,32,5,79,5,121,46,0,46,167
05/30/2023,MFR,OR,ANM,WE,Federal Contract Tower,23,11,15,0,49,0,3,50,2,55,23,14,65,2,104,30,0,30,134
05/31/2023,MFR,OR,ANM,WE,Federal Contract Tower,32,14,20,0,66,0,4,26,0,30,32,18,46,0,96,0,0,0,96
06/01/2023,MFR,OR,ANM,WE,Federal Contract Tower,31,10,12,0,53,0,1,25,0,26,31,11,37,0,79,12,0,12,91
06/02/2023,MFR,OR,ANM,WE,Federal Contract Tower,35,15,6,2,58,0,2,39,0,41,35,17,45,2,99,12,2,14,113
06/03/2023,MFR,OR,ANM,WE,Federal Contract Tower,30,5,6,0,41,0,5,28,0,33,30,10,34,0,74,22,0,22,96
06/04/2023,MFR,OR,ANM,WE,Federal Contract Tower,29,2,12,0,43,0,5,38,0,43,29,7,50,0,86,16,0,16,102
06/05/2023,MFR,OR,ANM,WE,Federal Contract Tower,32,12,4,0,48,0,2,19,1,22,32,14,23,1,70,0,0,0,70
06/06/2023,MFR,OR,ANM,WE,Federal Contract Tower,26,9,13,0,48,0,5,31,1,37,26,14,44,1,85,2,0,2,87
06/07/2023,MFR,OR,ANM,WE,Federal Contract Tower,30,11,6,0,47,0,1,18,0,19,30,12,24,0,66,14,0,14,80
06/08/2023,MFR,OR,ANM,WE,Federal Contract Tower,30,14,10,0,54,0,5,20,2,27,30,19,30,2,81,16,0,16,97
06/09/2023,MFR,OR,ANM,WE,Federal Contract Tower,32,16,8,0,56,0,5,47,0,52,32,21,55,0,108,66,16,82,190
06/10/2023,MFR,OR,ANM,WE,Federal Contract Tower,28,8,9,2,47,0,9,45,0,54,28,17,54,2,101,32,0,32,133
06/11/2023,MFR,OR,ANM,WE,Federal Contract Tower,29,7,6,0,42,0,7,32,0,39,29,14,38,0,81,12,0,12,93
06/12/2023,MFR,OR,ANM,WE,Federal Contract Tower,33,11,8,3,55,0,11,42,0,53,33,22,50,3,108,62,0,62,170
06/13/2023,MFR,OR,ANM,WE,Federal Contract Tower,27,14,8,2,51,0,12,39,0,51,27,26,47,2,102,48,0,48,150
06/14/2023,MFR,OR,ANM,WE,Federal Contract Tower,30,10,15,0,55,0,9,57,0,66,30,19,72,0,121,4,0,4,125
06/15/2023,MFR,OR,ANM,WE,Federal Contract Tower,32,14,9,0,55,0,9,48,0,57,32,23,57,0,112,8,0,8,120
06/16/2023,MFR,OR,ANM,WE,Federal Contract Tower,35,12,6,0,53,0,6,66,0,72,35,18,72,0,125,6,0,6,131
06/17/2023,MFR,OR,ANM,WE,Federal Contract Tower,29,11,14,0,54,0,6,41,0,47,29,17,55,0,101,22,0,22,123
06/18/2023,MFR,OR,ANM,WE,Federal Contract Tower,30,1,9,0,40,0,0,22,0,22,30,1,31,0,62,22,0,22,84
06/19/2023,MFR,OR,ANM,WE,Federal Contract Tower,34,11,14,0,59,0,0,2,0,2,34,11,16,0,61,0,0,0,61
06/20/2023,MFR,OR,ANM,WE,Federal Contract Tower,27,12,20,0,59,0,4,36,2,42,27,16,56,2,101,102,6,108,209
06/21/2023,MFR,OR,ANM,WE,Federal Contract Tower,29,7,6,0,42,0,4,31,2,37,29,11,37,2,79,2,0,2,81
06/22/2023,MFR,OR,ANM,WE,Federal Contract Tower,31,14,6,2,53,0,4,43,0,47,31,18,49,2,100,8,0,8,108
06/23/2023,MFR,OR,ANM,WE,Federal Contract Tower,37,17,13,0,67,0,7,51,0,58,37,24,64,0,125,14,0,14,139
06/24/2023,MFR,OR,ANM,WE,Federal Contract Tower,26,9,5,1,41,0,5,22,2,29,26,14,27,3,70,30,0,30,100
06/25/2023,MFR,OR,ANM,WE,Federal Contract Tower,28,0,9,0,37,0,5,46,0,51,28,5,55,0,88,10,0,10,98
06/26/2023,MFR,OR,ANM,WE,Federal Contract Tower,32,20,8,2,62,0,6,51,0,57,32,26,59,2,119,28,0,28,147
06/27/2023,MFR,OR,ANM,WE,Federal Contract Tower,26,17,8,1,52,0,3,48,2,53,26,20,56,3,105,58,0,58,163
06/28/2023,MFR,OR,ANM,WE,Federal Contract Tower,27,15,7,1,50,0,4,42,4,50,27,19,49,5,100,30,14,44,144
06/29/2023,MFR,OR,ANM,WE,Federal Contract Tower,33,14,12,0,59,0,4,66,0,70,33,18,78,0,129,60,0,60,189
06/30/2023,MFR,OR,ANM,WE,Federal Contract Tower,35,12,4,0,51,0,10,60,0,70,35,22,64,0,121,18,0,18,139
07/01/2023,MFR,OR,ANM,WE,Federal Contract Tower,26,12,9,0,47,0,10,61,0,71,26,22,70,0,118,10,0,10,128
07/02/2023,MFR,OR,ANM,WE,Federal Contract Tower,27,2,3,0,32,0,2,56,0,58,27,4,59,0,90,42,0,42,132
07/03/2023,MFR,OR,ANM,WE,Federal Contract Tower,33,13,5,0,51,0,13,41,0,54,33,26,46,0,105,10,0,10,115
07/04/2023,MFR,OR,ANM,WE,Federal Contract Tower,23,2,4,0,29,0,3,25,0,28,23,5,29,0,57,8,0,8,65
07/05/2023,MFR,OR,ANM,WE,Federal Contract Tower,28,16,7,4,55,0,2,42,1,45,28,18,49,5,100,20,18,38,138
07/06/2023,MFR,OR,ANM,WE,Federal Contract Tower,30,17,10,1,58,0,4,27,0,31,30,21,37,1,89,8,12,20,109
07/07/2023,MFR,OR,ANM,WE,Federal Contract Tower,38,12,9,3,62,0,5,25,1,31,38,17,34,4,93,20,8,28,121
07/08/2023,MFR,OR,ANM,WE,Federal Contract Tower,26,6,6,0,38,0,10,45,0,55,26,16,51,0,93,20,0,20,113
07/09/2023,MFR,OR,ANM,WE,Federal Contract Tower,30,6,11,0,47,0,8,35,0,43,30,14,46,0,90,8,0,8,98
07/10/2023,MFR,OR,ANM,WE,Federal Contract Tower,39,14,8,2,63,0,7,43,1,51,39,21,51,3,114,44,0,44,158
07/11/2023,MFR,OR,ANM,WE,Federal Contract Tower,26,13,7,2,48,0,6,43,0,49,26,19,50,2,97,8,18,26,123
07/12/2023,MFR,OR,ANM,WE,Federal Contract Tower,27,17,14,2,60,0,4,49,2,55,27,21,63,4,115,22,0,22,137
07/13/2023,MFR,OR,ANM,WE,Federal Contract Tower,34,15,7,2,58,0,4,36,0,40,34,19,43,2,98,42,0,42,140
07/14/2023,MFR,OR,ANM,WE,Federal Contract Tower,36,15,10,1,62,0,9,43,1,53,36,24,53,2,115,24,6,30,145
07/15/2023,MFR,OR,ANM,WE,Federal Contract Tower,23,6,12,0,41,9,10,46,0,65,32,16,58,0,106,44,0,44,150
07/16/2023,MFR,OR,ANM,WE,Federal Contract Tower,31,4,8,0,43,4,8,46,1,59,35,12,54,1,102,4,0,4,106
07/17/2023,MFR,OR,ANM,WE,Federal Contract Tower,35,14,13,5,67,45,16,42,1,104,80,30,55,6,171,2,8,10,181
07/18/2023,MFR,OR,ANM,WE,Federal Contract Tower,27,20,6,3,56,47,21,35,7,110,74,41,41,10,166,24,0,24,190
07/19/2023,MFR,OR,ANM,WE,Federal Contract Tower,26,9,9,0,44,26,5,43,2,76,52,14,52,2,120,36,0,36,156
07/20/2023,MFR,OR,ANM,WE,Federal Contract Tower,36,12,8,0,56,1,4,28,2,35,37,16,36,2,91,16,0,16,107
07/21/2023,MFR,OR,ANM,WE,Federal Contract Tower,35,20,14,0,69,2,7,46,0,55,37,27,60,0,124,10,0,10,134
07/22/2023,MFR,OR,ANM,WE,Federal Contract Tower,25,18,10,0,53,15,8,39,5,67,40,26,49,5,120,6,0,6,126
07/23/2023,MFR,OR,ANM,WE,Federal Contract Tower,28,5,14,0,47,8,11,23,1,43,36,16,37,1,90,12,0,12,102
07/24/2023,MFR,OR,ANM,WE,Federal Contract Tower,34,15,11,3,63,2,3,44,2,51,36,18,55,5,114,18,14,32,146
07/25/2023,MFR,OR,ANM,WE,Federal Contract Tower,26,12,12,4,54,0,5,43,0,48,26,17,55,4,102,88,0,88,190
07/26/2023,MFR,OR,ANM,WE,Federal Contract Tower,27,13,10,2,52,0,6,71,0,77,27,19,81,2,129,16,0,16,145
07/27/2023,MFR,OR,ANM,WE,Federal Contract Tower,31,15,15,0,61,23,10,37,0,70,54,25,52,0,131,4,0,4,135
07/28/2023,MFR,OR,ANM,WE,Federal Contract Tower,36,8,7,2,53,0,10,53,0,63,36,18,60,2,116,24,0,24,140
07/29/2023,MFR,OR,ANM,WE,Federal Contract Tower,22,9,7,0,38,5,9,32,26,72,27,18,39,26,110,36,0,36,146
07/30/2023,MFR,OR,ANM,WE,Federal Contract Tower,29,9,10,0,48,1,10,50,3,64,30,19,60,3,112,30,0,30,142
07/31/2023,MFR,OR,ANM,WE,Federal Contract Tower,34,8,13,0,55,2,7,38,1,48,36,15,51,1,103,14,0,14,117
08/01/2023,MFR,OR,ANM,WE,Federal Contract Tower,25,18,11,0,54,0,6,37,0,43,25,24,48,0,97,18,0,18,115
08/02/2023,MFR,OR,ANM,WE,Federal Contract Tower,29,9,7,0,45,3,8,45,0,56,32,17,52,0,101,20,2,22,123
08/03/2023,MFR,OR,ANM,WE,Federal Contract Tower,31,15,18,1,65,1,2,43,0,46,32,17,61,1,111,34,0,34,145
08/04/2023,MFR,OR,ANM,WE,Federal Contract Tower,38,15,8,0,61,5,6,46,3,60,43,21,54,3,121,30,0,30,151
08/05/2023,MFR,OR,ANM,WE,Federal Contract Tower,25,5,6,1,37,0,7,40,0,47,25,12,46,1,84,30,0,30,114
08/06/2023,MFR,OR,ANM,WE,Federal Contract Tower,29,5,10,0,44,0,7,45,2,54,29,12,55,2,98,34,0,34,132
08/07/2023,MFR,OR,ANM,WE,Federal Contract Tower,39,8,11,5,63,0,6,41,1,48,39,14,52,6,111,28,14,42,153
08/08/2023,MFR,OR,ANM,WE,Federal Contract Tower,28,10,14,0,52,2,2,44,0,48,30,12,58,0,100,56,0,56,156
08/09/2023,MFR,OR,ANM,WE,Federal Contract Tower,28,11,11,2,52,4,5,28,0,37,32,16,39,2,89,28,0,28,117
08/10/2023,MFR,OR,ANM,WE,Federal Contract Tower,32,14,8,0,54,0,1,37,0,38,32,15,45,0,92,16,6,22,114
08/11/2023,MFR,OR,ANM,WE,Federal Contract Tower,36,11,9,0,56,4,6,52,1,63,40,17,61,1,119,36,0,36,155
08/12/2023,MFR,OR,ANM,WE,Federal Contract Tower,25,9,8,0,42,2,10,47,0,59,27,19,55,0,101,30,0,30,131
08/13/2023,MFR,OR,ANM,WE,Federal Contract Tower,32,10,4,0,46,0,3,45,0,48,32,13,49,0,94,60,0,60,154
08/14/2023,MFR,OR,ANM,WE,Federal Contract Tower,35,18,4,0,57,2,14,41,0,57,37,32,45,0,114,12,0,12,126
08/15/2023,MFR,OR,ANM,WE,Federal Contract Tower,29,15,17,3,64,57,7,32,0,96,86,22,49,3,160,6,0,6,166
08/16/2023,MFR,OR,ANM,WE,Federal Contract Tower,26,12,6,1,45,29,8,35,0,72,55,20,41,1,117,10,0,10,127
08/17/2023,MFR,OR,ANM,WE,Federal Contract Tower,35,11,14,6,66,4,4,30,0,38,39,15,44,6,104,28,0,28,132
08/18/2023,MFR,OR,ANM,WE,Federal Contract Tower,31,14,29,0,74,62,5,25,0,92,93,19,54,0,166,10,0,10,176
08/19/2023,MFR,OR,ANM,WE,Federal Contract Tower,22,17,6,3,48,10,9,49,2,70,32,26,55,5,118,38,0,38,156
08/20/2023,MFR,OR,ANM,WE,Federal Contract Tower,27,4,6,1,38,55,16,33,2,106,82,20,39,3,144,24,0,24,168
08/21/2023,MFR,OR,ANM,WE,Federal Contract Tower,34,14,15,2,65,1,8,8,0,17,35,22,23,2,82,38,0,38,120
08/22/2023,MFR,OR,ANM,WE,Federal Contract Tower,55,16,25,4,100,0,0,0,0,0,55,16,25,4,100,0,0,0,100
08/23/2023,MFR,OR,ANM,WE,Federal Contract Tower,26,10,22,6,64,0,2,26,0,28,26,12,48,6,92,18,0,18,110
08/24/2023,MFR,OR,ANM,WE,Federal Contract Tower,28,21,8,0,57,30,11,16,0,57,58,32,24,0,114,0,0,0,114
08/25/2023,MFR,OR,ANM,WE,Federal Contract Tower,31,15,13,0,59,9,2,2,0,13,40,17,15,0,72,0,0,0,72
08/26/2023,MFR,OR,ANM,WE,Federal Contract Tower,27,9,21,0,57,39,13,16,0,68,66,22,37,0,125,0,0,0,125
08/27/2023,MFR,OR,ANM,WE,Federal Contract Tower,27,2,22,0,51,0,5,3,0,8,27,7,25,0,59,0,0,0,59
08/28/2023,MFR,OR,ANM,WE,Federal Contract Tower,42,8,19,0,69,0,0,0,0,0,42,8,19,0,69,0,0,0,69
08/29/2023,MFR,OR,ANM,WE,Federal Contract Tower,27,19,16,1,63,60,5,17,0,82,87,24,33,1,145,4,0,4,149
08/30/2023,MFR,OR,ANM,WE,Federal Contract Tower,29,17,10,0,56,40,11,33,0,84,69,28,43,0,140,12,0,12,152
08/31/2023,MFR,OR,ANM,WE,Federal Contract Tower,28,13,25,0,66,2,1,26,0,29,30,14,51,0,95,14,0,14,109
