01/01/2020,MGM,AL,ASO,ES,Combined TRACON& Tower with Radar,2,19,3,3,27,0,0,17,0,17,2,19,20,3,44,28,0,28,72
01/02/2020,MGM,AL,ASO,ES,Combined TRACON& Tower with Radar,2,22,4,8,36,0,2,2,0,4,2,24,6,8,40,0,10,10,50
01/03/2020,MGM,AL,ASO,ES,Combined TRACON& Tower with Radar,2,22,6,10,40,0,0,5,0,5,2,22,11,10,45,6,0,6,51
01/04/2020,MGM,AL,ASO,ES,Combined TRACON& Tower with Radar,2,17,20,8,47,0,0,19,2,21,2,17,39,10,68,28,10,38,106
01/05/2020,MGM,AL,ASO,ES,Combined TRACON& Tower with Radar,2,18,24,3,47,0,2,41,0,43,2,20,65,3,90,26,4,30,120
01/06/2020,MGM,AL,ASO,ES,Combined TRACON& Tower with Radar,2,20,8,22,52,0,3,29,6,38,2,23,37,28,90,60,6,66,156
01/07/2020,MGM,AL,ASO,ES,Combined TRACON& Tower with Radar,3,24,27,75,129,0,5,31,8,44,3,29,58,83,173,16,76,92,265
01/08/2020,MGM,AL,ASO,ES,Combined TRACON& Tower with Radar,4,25,25,82,136,0,9,40,10,59,4,34,65,92,195,96,92,188,383
01/09/2020,MGM,AL,ASO,ES,Combined TRACON& Tower with Radar,6,21,31,54,112,0,7,33,20,60,6,28,64,74,172,50,32,82,254
01/10/2020,MGM,AL,ASO,ES,Combined TRACON& Tower with Radar,4,23,23,70,120,0,5,14,10,29,4,28,37,80,149,30,64,94,243
01/11/2020,MGM,AL,ASO,ES,Combined TRACON& Tower with Radar,1,14,6,0,21,0,0,0,0,0,1,14,6,0,21,0,0,0,21
01/12/2020,MGM,AL,ASO,ES,Combined TRACON& Tower with Radar,7,18,13,28,66,0,2,28,24,54,7,20,41,52,120,14,72,86,206
01/13/2020,MGM,AL,ASO,ES,Combined TRACON& Tower with Radar,12,18,7,3,40,0,0,0,0,0,12,18,7,3,40,0,0,0,40
01/14/2020,MGM,AL,ASO,ES,Combined TRACON& Tower with Radar,6,20,20,0,46,0,0,0,0,0,6,20,20,0,46,0,0,0,46
01/15/2020,MGM,AL,ASO,ES,Combined TRACON& Tower with Radar,4,21,28,103,156,0,3,0,2,5,4,24,28,105,161,0,18,18,179
01/16/2020,MGM,AL,ASO,ES,Combined TRACON& Tower with Radar,5,24,17,112,158,0,3,16,17,36,5,27,33,129,194,30,36,66,260
01/17/2020,MGM,AL,ASO,ES,Combined TRACON& Tower with Radar,6,25,23,102,156,0,2,44,3,49,6,27,67,105,205,20,14,34,239
01/18/2020,MGM,AL,ASO,ES,Combined TRACON& Tower with Radar,4,18,3,12,37,0,0,3,1,4,4,18,6,13,41,12,0,12,53
01/19/2020,MGM,AL,ASO,ES,Combined TRACON& Tower with Radar,6,19,9,28,62,0,1,27,16,44,6,20,36,44,106,48,28,76,182
01/20/2020,MGM,AL,ASO,ES,Combined TRACON& Tower with Radar,6,21,16,11,54,0,0,46,0,46,6,21,62,11,100,8,0,8,108
01/21/2020,MGM,AL,ASO,ES,Combined TRACON& Tower with Radar,4,23,21,44,92,0,2,30,15,47,4,25,51,59,139,36,24,60,199
01/22/2020,MGM,AL,ASO,ES,Combined TRACON& Tower with Radar,4,26,35,47,112,0,0,36,27,63,4,26,71,74,175,10,25,35,210
01/23/2020,MGM,AL,ASO,ES,Combined TRACON& Tower with Radar,6,26,18,43,93,0,0,4,0,4,6,26,22,43,97,12,0,12,109
01/24/2020,MGM,AL,ASO,ES,Combined TRACON& Tower with Radar,6,20,13,63,102,0,2,23,15,40,6,22,36,78,142,36,76,112,254
01/25/2020,MGM,AL,ASO,ES,Combined TRACON& Tower with Radar,4,14,19,41,78,0,0,61,8,69,4,14,80,49,147,88,20,108,255
01/26/2020,MGM,AL,ASO,ES,Combined TRACON& Tower with Radar,7,19,10,15,51,0,1,19,8,28,7,20,29,23,79,50,22,72,151
01/27/2020,MGM,AL,ASO,ES,Combined TRACON& Tower with Radar,6,22,27,6,61,0,2,9,0,11,6,24,36,6,72,12,10,22,94
01/28/2020,MGM,AL,ASO,ES,Combined TRACON& Tower with Radar,3,23,22,63,111,0,3,32,19,54,3,26,54,82,165,74,72,146,311
01/29/2020,MGM,AL,ASO,ES,Combined TRACON& Tower with Radar,4,22,15,104,145,0,3,18,3,24,4,25,33,107,169,90,100,190,359
01/30/2020,MGM,AL,ASO,ES,Combined TRACON& Tower with Radar,6,25,31,133,195,0,7,36,22,65,6,32,67,155,260,16,120,136,396
01/31/2020,MGM,AL,ASO,ES,Combined TRACON& Tower with Radar,6,23,30,91,150,0,2,5,2,9,6,25,35,93,159,48,26,74,233
02/01/2020,MGM,AL,ASO,ES,Combined TRACON& Tower with Radar,6,12,11,0,29,0,3,10,1,14,6,15,21,1,43,20,0,20,63
02/02/2020,MGM,AL,ASO,ES,Combined TRACON& Tower with Radar,8,16,14,22,60,0,1,40,3,44,8,17,54,25,104,26,2,28,132
02/03/2020,MGM,AL,ASO,ES,Combined TRACON& Tower with Radar,6,21,39,63,129,0,9,65,6,80,6,30,104,69,209,44,18,62,271
02/04/2020,MGM,AL,ASO,ES,Combined TRACON& Tower with Radar,4,22,27,61,114,0,7,9,8,24,4,29,36,69,138,68,74,142,280
02/05/2020,MGM,AL,ASO,ES,Combined TRACON& Tower with Radar,4,22,17,21,64,0,0,0,0,0,4,22,17,21,64,6,16,22,86
02/06/2020,MGM,AL,ASO,ES,Combined TRACON& Tower with Radar,7,15,11,2,35,0,0,0,1,1,7,15,11,3,36,0,0,0,36
02/07/2020,MGM,AL,ASO,ES,Combined TRACON& Tower with Radar,8,21,39,54,122,0,1,44,36,81,8,22,83,90,203,62,50,112,315
02/08/2020,MGM,AL,ASO,ES,Combined TRACON& Tower with Radar,5,17,17,7,46,0,4,32,35,71,5,21,49,42,117,34,16,50,167
02/09/2020,MGM,AL,ASO,ES,Combined TRACON& Tower with Radar,6,20,19,35,80,0,2,47,7,56,6,22,66,42,136,40,10,50,186
02/10/2020,MGM,AL,ASO,ES,Combined TRACON& Tower with Radar,5,20,19,25,69,0,0,0,2,2,5,20,19,27,71,24,28,52,123
02/11/2020,MGM,AL,ASO,ES,Combined TRACON& Tower with Radar,4,20,30,88,142,0,0,5,0,5,4,20,35,88,147,0,32,32,179
02/12/2020,MGM,AL,ASO,ES,Combined TRACON& Tower with Radar,5,25,18,68,116,0,3,11,17,31,5,28,29,85,147,4,56,60,207
02/13/2020,MGM,AL,ASO,ES,Combined TRACON& Tower with Radar,6,27,20,41,94,0,2,2,10,14,6,29,22,51,108,6,12,18,126
02/14/2020,MGM,AL,ASO,ES,Combined TRACON& Tower with Radar,6,21,35,51,113,0,0,53,6,59,6,21,88,57,172,20,2,22,194
02/15/2020,MGM,AL,ASO,ES,Combined TRACON& Tower with Radar,4,16,17,8,45,0,5,79,2,86,4,21,96,10,131,82,0,82,213
02/16/2020,MGM,AL,ASO,ES,Combined TRACON& Tower with Radar,5,18,17,8,48,0,0,3,0,3,5,18,20,8,51,2,0,2,53
02/17/2020,MGM,AL,ASO,ES,Combined TRACON& Tower with Radar,10,23,36,0,69,0,0,0,1,1,10,23,36,1,70,0,0,0,70
02/18/2020,MGM,AL,ASO,ES,Combined TRACON& Tower with Radar,4,25,12,21,62,0,0,2,0,2,4,25,14,21,64,26,4,30,94
02/19/2020,MGM,AL,ASO,ES,Combined TRACON& Tower with Radar,4,26,31,47,108,0,0,2,0,2,4,26,33,47,110,0,0,0,110
02/20/2020,MGM,AL,ASO,ES,Combined TRACON& Tower with Radar,6,25,10,6,47,0,0,0,0,0,6,25,10,6,47,0,12,12,59
02/21/2020,MGM,AL,ASO,ES,Combined TRACON& Tower with Radar,6,23,30,69,128,0,4,51,21,76,6,27,81,90,204,66,24,90,294
02/22/2020,MGM,AL,ASO,ES,Combined TRACON& Tower with Radar,4,21,27,26,78,0,0,43,9,52,4,21,70,35,130,30,24,54,184
02/23/2020,MGM,AL,ASO,ES,Combined TRACON& Tower with Radar,6,19,20,55,100,0,0,29,20,49,6,19,49,75,149,96,52,148,297
02/24/2020,MGM,AL,ASO,ES,Combined TRACON& Tower with Radar,6,23,16,27,72,0,0,4,1,5,6,23,20,28,77,22,2,24,101
02/25/2020,MGM,AL,ASO,ES,Combined TRACON& Tower with Radar,7,26,26,90,149,0,4,19,11,34,7,30,45,101,183,38,64,102,285
02/26/2020,MGM,AL,ASO,ES,Combined TRACON& Tower with Radar,4,25,16,52,97,0,3,14,12,29,4,28,30,64,126,24,33,57,183
02/27/2020,MGM,AL,ASO,ES,Combined TRACON& Tower with Radar,6,24,44,84,158,2,3,34,42,81,8,27,78,126,239,40,103,143,382
02/28/2020,MGM,AL,ASO,ES,Combined TRACON& Tower with Radar,6,27,34,70,137,0,1,27,15,43,6,28,61,85,180,70,68,138,318
02/29/2020,MGM,AL,ASO,ES,Combined TRACON& Tower with Radar,4,20,16,10,50,0,8,35,9,52,4,28,51,19,102,46,3,49,151
03/01/2020,MGM,AL,ASO,ES,Combined TRACON& Tower with Radar,6,23,14,25,68,0,0,25,4,29,6,23,39,29,97,40,0,40,137
03/02/2020,MGM,AL,ASO,ES,Combined TRACON& Tower with Radar,6,23,14,49,92,0,0,8,5,13,6,23,22,54,105,54,42,96,201
03/03/2020,MGM,AL,ASO,ES,Combined TRACON& Tower with Radar,4,24,13,8,49,0,0,4,3,7,4,24,17,11,56,0,22,22,78
03/04/2020,MGM,AL,ASO,ES,Combined TRACON& Tower with Radar,4,24,10,20,58,0,0,0,0,0,4,24,10,20,58,0,0,0,58
03/05/2020,MGM,AL,ASO,ES,Combined TRACON& Tower with Radar,6,23,16,23,68,0,0,0,6,6,6,23,16,29,74,0,12,12,86
03/06/2020,MGM,AL,ASO,ES,Combined TRACON& Tower with Radar,8,25,34,63,130,0,6,49,20,75,8,31,83,83,205,34,66,100,305
03/07/2020,MGM,AL,ASO,ES,Combined TRACON& Tower with Radar,3,20,19,24,66,0,4,55,17,76,3,24,74,41,142,46,10,56,198
03/08/2020,MGM,AL,ASO,ES,Combined TRACON& Tower with Radar,7,20,21,35,83,0,3,29,2,34,7,23,50,37,117,44,6,50,167
03/09/2020,MGM,AL,ASO,ES,Combined TRACON& Tower with Radar,7,23,33,47,110,0,2,37,6,45,7,25,70,53,155,96,46,142,297
03/10/2020,MGM,AL,ASO,ES,Combined TRACON& Tower with Radar,5,22,32,99,158,0,0,4,3,7,5,22,36,102,165,26,66,92,257
03/11/2020,MGM,AL,ASO,ES,Combined TRACON& Tower with Radar,5,20,33,27,85,0,0,5,0,5,5,20,38,27,90,6,0,6,96
03/12/2020,MGM,AL,ASO,ES,Combined TRACON& Tower with Radar,10,17,31,118,176,0,3,31,17,51,10,20,62,135,227,20,74,94,321
03/13/2020,MGM,AL,ASO,ES,Combined TRACON& Tower with Radar,9,20,46,88,163,0,5,17,16,38,9,25,63,104,201,42,88,130,331
03/14/2020,MGM,AL,ASO,ES,Combined TRACON& Tower with Radar,3,16,8,30,57,0,1,23,4,28,3,17,31,34,85,86,0,86,171
03/15/2020,MGM,AL,ASO,ES,Combined TRACON& Tower with Radar,5,23,27,15,70,0,1,24,7,32,5,24,51,22,102,96,20,116,218
03/16/2020,MGM,AL,ASO,ES,Combined TRACON& Tower with Radar,7,17,17,61,102,0,2,29,1,32,7,19,46,62,134,32,18,50,184
03/17/2020,MGM,AL,ASO,ES,Combined TRACON& Tower with Radar,5,20,23,79,127,0,0,29,11,40,5,20,52,90,167,88,142,230,397
03/18/2020,MGM,AL,ASO,ES,Combined TRACON& Tower with Radar,4,20,11,82,117,0,1,17,6,24,4,21,28,88,141,54,28,82,223
03/19/2020,MGM,AL,ASO,ES,Combined TRACON& Tower with Radar,5,22,22,59,108,0,0,20,1,21,5,22,42,60,129,45,22,67,196
03/20/2020,MGM,AL,ASO,ES,Combined TRACON& Tower with Radar,4,16,22,88,130,0,11,6,0,17,4,27,28,88,147,28,32,60,207
03/21/2020,MGM,AL,ASO,ES,Combined TRACON& Tower with Radar,4,14,21,8,47,0,3,15,0,18,4,17,36,8,65,30,0,30,95
03/22/2020,MGM,AL,ASO,ES,Combined TRACON& Tower with Radar,6,13,8,0,27,0,0,2,0,2,6,13,10,0,29,0,0,0,29
03/23/2020,MGM,AL,ASO,ES,Combined TRACON& Tower with Radar,4,15,13,38,70,0,3,5,0,8,4,18,18,38,78,4,38,42,120
03/24/2020,MGM,AL,ASO,ES,Combined TRACON& Tower with Radar,3,21,16,61,101,0,1,8,13,22,3,22,24,74,123,10,96,106,229
03/25/2020,MGM,AL,ASO,ES,Combined TRACON& Tower with Radar,3,16,12,72,103,0,2,24,10,36,3,18,36,82,139,34,82,116,255
03/26/2020,MGM,AL,ASO,ES,Combined TRACON& Tower with Radar,4,14,17,55,90,0,2,29,13,44,4,16,46,68,134,20,111,131,265
03/27/2020,MGM,AL,ASO,ES,Combined TRACON& Tower with Radar,4,10,23,81,118,0,4,13,6,23,4,14,36,87,141,2,58,60,201
03/28/2020,MGM,AL,ASO,ES,Combined TRACON& Tower with Radar,3,10,2,41,56,0,0,20,5,25,3,10,22,46,81,30,70,100,181
03/29/2020,MGM,AL,ASO,ES,Combined TRACON& Tower with Radar,3,7,3,6,19,0,0,6,0,6,3,7,9,6,25,0,0,0,25
03/30/2020,MGM,AL,ASO,ES,Combined TRACON& Tower with Radar,4,7,17,48,76,0,0,12,8,20,4,7,29,56,96,60,58,118,214
03/31/2020,MGM,AL,ASO,ES,Combined TRACON& Tower with Radar,5,8,10,27,50,0,0,2,6,8,5,8,12,33,58,6,10,16,74
04/01/2020,MGM,AL,ASO,ES,Combined TRACON& Tower with Radar,0,5,15,68,88,0,0,22,19,41,0,5,37,87,129,34,70,104,233
04/02/2020,MGM,AL,ASO,ES,Combined TRACON& Tower with Radar,3,4,27,35,69,0,6,38,12,56,3,10,65,47,125,66,46,112,237
04/03/2020,MGM,AL,ASO,ES,Combined TRACON& Tower with Radar,3,7,18,27,55,0,3,19,8,30,3,10,37,35,85,32,52,84,169
04/04/2020,MGM,AL,ASO,ES,Combined TRACON& Tower with Radar,3,8,10,26,47,0,0,24,4,28,3,8,34,30,75,50,68,118,193
04/05/2020,MGM,AL,ASO,ES,Combined TRACON& Tower with Radar,3,6,6,4,19,0,0,10,4,14,3,6,16,8,33,4,0,4,37
04/06/2020,MGM,AL,ASO,ES,Combined TRACON& Tower with Radar,2,4,11,39,56,0,1,10,6,17,2,5,21,45,73,0,80,80,153
04/07/2020,MGM,AL,ASO,ES,Combined TRACON& Tower with Radar,4,4,9,15,32,0,0,9,6,15,4,4,18,21,47,0,26,26,73
04/08/2020,MGM,AL,ASO,ES,Combined TRACON& Tower with Radar,6,6,15,25,52,0,0,3,6,9,6,6,18,31,61,2,8,10,71
04/09/2020,MGM,AL,ASO,ES,Combined TRACON& Tower with Radar,5,3,8,30,46,0,4,18,21,43,5,7,26,51,89,20,64,84,173
04/10/2020,MGM,AL,ASO,ES,Combined TRACON& Tower with Radar,3,7,10,21,41,0,0,14,17,31,3,7,24,38,72,40,22,62,134
04/11/2020,MGM,AL,ASO,ES,Combined TRACON& Tower with Radar,4,6,6,15,31,0,3,31,5,39,4,9,37,20,70,52,47,99,169
04/12/2020,MGM,AL,ASO,ES,Combined TRACON& Tower with Radar,3,8,1,0,12,0,0,0,0,0,3,8,1,0,12,0,0,0,12
04/13/2020,MGM,AL,ASO,ES,Combined TRACON& Tower with Radar,2,8,4,33,47,0,2,9,4,15,2,10,13,37,62,14,46,60,122
04/14/2020,MGM,AL,ASO,ES,Combined TRACON& Tower with Radar,2,4,6,57,69,0,1,10,9,20,2,5,16,66,89,22,6,28,117
04/15/2020,MGM,AL,ASO,ES,Combined TRACON& Tower with Radar,2,6,12,43,63,0,1,10,21,32,2,7,22,64,95,20,62,82,177
04/16/2020,MGM,AL,ASO,ES,Combined TRACON& Tower with Radar,0,1,12,67,80,0,1,25,17,43,0,2,37,84,123,36,82,118,241
04/17/2020,MGM,AL,ASO,ES,Combined TRACON& Tower with Radar,1,3,8,36,48,0,2,15,16,33,1,5,23,52,81,30,68,98,179
04/18/2020,MGM,AL,ASO,ES,Combined TRACON& Tower with Radar,1,6,15,21,43,0,1,21,1,23,1,7,36,22,66,0,18,18,84
04/19/2020,MGM,AL,ASO,ES,Combined TRACON& Tower with Radar,0,2,0,0,2,0,0,0,0,0,0,2,0,0,2,0,0,0,2
04/20/2020,MGM,AL,ASO,ES,Combined TRACON& Tower with Radar,1,7,11,45,64,0,4,13,0,17,1,11,24,45,81,22,126,148,229
04/21/2020,MGM,AL,ASO,ES,Combined TRACON& Tower with Radar,1,11,10,48,70,0,3,32,11,46,1,14,42,59,116,30,70,100,216
04/22/2020,MGM,AL,ASO,ES,Combined TRACON& Tower with Radar,2,6,14,52,74,0,0,17,9,26,2,6,31,61,100,18,68,86,186
04/23/2020,MGM,AL,ASO,ES,Combined TRACON& Tower with Radar,4,4,1,10,19,0,0,0,0,0,4,4,1,10,19,0,0,0,19
04/24/2020,MGM,AL,ASO,ES,Combined TRACON& Tower with Radar,1,6,26,78,111,0,0,24,9,33,1,6,50,87,144,52,34,86,230
04/25/2020,MGM,AL,ASO,ES,Combined TRACON& Tower with Radar,2,5,6,16,29,0,1,20,2,23,2,6,26,18,52,28,16,44,96
04/26/2020,MGM,AL,ASO,ES,Combined TRACON& Tower with Radar,4,5,0,12,21,0,3,12,14,29,4,8,12,26,50,8,0,8,58
04/27/2020,MGM,AL,ASO,ES,Combined TRACON& Tower with Radar,2,7,5,52,66,0,0,18,8,26,2,7,23,60,92,8,30,38,130
04/28/2020,MGM,AL,ASO,ES,Combined TRACON& Tower with Radar,1,7,15,72,95,0,0,14,7,21,1,7,29,79,116,30,24,54,170
04/29/2020,MGM,AL,ASO,ES,Combined TRACON& Tower with Radar,2,7,9,49,67,0,0,0,10,10,2,7,9,59,77,2,18,20,97
04/30/2020,MGM,AL,ASO,ES,Combined TRACON& Tower with Radar,2,9,13,60,84,0,2,32,19,53,2,11,45,79,137,10,66,76,213
05/01/2020,MGM,AL,ASO,ES,Combined TRACON& Tower with Radar,2,7,12,31,52,0,4,28,9,41,2,11,40,40,93,32,36,68,161
05/02/2020,MGM,AL,ASO,ES,Combined TRACON& Tower with Radar,3,6,12,34,55,0,0,33,5,38,3,6,45,39,93,16,24,40,133
05/03/2020,MGM,AL,ASO,ES,Combined TRACON& Tower with Radar,1,5,15,35,56,0,2,35,7,44,1,7,50,42,100,20,34,54,154
05/04/2020,MGM,AL,ASO,ES,Combined TRACON& Tower with Radar,3,4,15,120,142,0,1,22,9,32,3,5,37,129,174,14,64,78,252
05/05/2020,MGM,AL,ASO,ES,Combined TRACON& Tower with Radar,1,6,15,76,98,0,2,20,11,33,1,8,35,87,131,18,40,58,189
05/06/2020,MGM,AL,ASO,ES,Combined TRACON& Tower with Radar,5,6,25,45,81,0,4,10,9,23,5,10,35,54,104,10,26,36,140
05/07/2020,MGM,AL,ASO,ES,Combined TRACON& Tower with Radar,1,8,18,116,143,0,2,26,16,44,1,10,44,132,187,16,79,95,282
05/08/2020,MGM,AL,ASO,ES,Combined TRACON& Tower with Radar,0,10,11,19,40,0,2,9,8,19,0,12,20,27,59,16,46,62,121
05/09/2020,MGM,AL,ASO,ES,Combined TRACON& Tower with Radar,0,8,8,51,67,0,0,52,8,60,0,8,60,59,127,50,12,62,189
05/10/2020,MGM,AL,ASO,ES,Combined TRACON& Tower with Radar,0,8,7,6,21,0,0,13,4,17,0,8,20,10,38,2,0,2,40
05/11/2020,MGM,AL,ASO,ES,Combined TRACON& Tower with Radar,0,12,9,54,75,0,3,37,0,40,0,15,46,54,115,0,56,56,171
05/12/2020,MGM,AL,ASO,ES,Combined TRACON& Tower with Radar,0,12,11,61,84,0,1,50,8,59,0,13,61,69,143,30,68,98,241
05/13/2020,MGM,AL,ASO,ES,Combined TRACON& Tower with Radar,0,8,20,107,135,0,2,45,19,66,0,10,65,126,201,66,76,142,343
05/14/2020,MGM,AL,ASO,ES,Combined TRACON& Tower with Radar,4,8,20,146,178,0,0,44,33,77,4,8,64,179,255,20,46,66,321
05/15/2020,MGM,AL,ASO,ES,Combined TRACON& Tower with Radar,0,6,22,82,110,0,2,40,17,59,0,8,62,99,169,92,104,196,365
05/16/2020,MGM,AL,ASO,ES,Combined TRACON& Tower with Radar,0,8,18,32,58,0,0,48,1,49,0,8,66,33,107,88,19,107,214
05/17/2020,MGM,AL,ASO,ES,Combined TRACON& Tower with Radar,4,11,12,14,41,0,0,14,0,14,4,11,26,14,55,4,0,4,59
05/18/2020,MGM,AL,ASO,ES,Combined TRACON& Tower with Radar,0,12,25,31,68,0,1,3,0,4,0,13,28,31,72,18,0,18,90
05/19/2020,MGM,AL,ASO,ES,Combined TRACON& Tower with Radar,0,14,30,78,122,0,3,35,5,43,0,17,65,83,165,54,84,138,303
05/20/2020,MGM,AL,ASO,ES,Combined TRACON& Tower with Radar,0,12,30,79,121,0,0,40,23,63,0,12,70,102,184,26,62,88,272
05/21/2020,MGM,AL,ASO,ES,Combined TRACON& Tower with Radar,0,8,13,59,80,0,0,7,2,9,0,8,20,61,89,0,0,0,89
05/22/2020,MGM,AL,ASO,ES,Combined TRACON& Tower with Radar,0,8,12,11,31,0,0,8,0,8,0,8,20,11,39,0,0,0,39
05/23/2020,MGM,AL,ASO,ES,Combined TRACON& Tower with Radar,0,8,14,6,28,0,0,26,0,26,0,8,40,6,54,0,0,0,54
05/24/2020,MGM,AL,ASO,ES,Combined TRACON& Tower with Radar,0,6,5,0,11,0,0,12,0,12,0,6,17,0,23,0,0,0,23
05/25/2020,MGM,AL,ASO,ES,Combined TRACON& Tower with Radar,0,10,13,0,23,0,0,19,0,19,0,10,32,0,42,0,0,0,42
05/26/2020,MGM,AL,ASO,ES,Combined TRACON& Tower with Radar,0,9,19,38,66,0,0,0,0,0,0,9,19,38,66,0,0,0,66
05/27/2020,MGM,AL,ASO,ES,Combined TRACON& Tower with Radar,0,9,19,48,76,0,0,0,1,1,0,9,19,49,77,0,0,0,77
05/28/2020,MGM,AL,ASO,ES,Combined TRACON& Tower with Radar,0,12,27,42,81,0,0,8,6,14,0,12,35,48,95,0,0,0,95
05/29/2020,MGM,AL,ASO,ES,Combined TRACON& Tower with Radar,0,10,29,56,95,0,0,24,3,27,0,10,53,59,122,0,0,0,122
05/30/2020,MGM,AL,ASO,ES,Combined TRACON& Tower with Radar,0,8,12,40,60,0,1,24,0,25,0,9,36,40,85,0,0,0,85
05/31/2020,MGM,AL,ASO,ES,Combined TRACON& Tower with Radar,0,8,6,19,33,0,0,41,5,46,0,8,47,24,79,0,0,0,79
06/01/2020,MGM,AL,ASO,ES,Combined TRACON& Tower with Radar,0,10,25,68,103,0,1,31,8,40,0,11,56,76,143,0,0,0,143
06/02/2020,MGM,AL,ASO,ES,Combined TRACON& Tower with Radar,0,10,17,63,90,0,0,30,14,44,0,10,47,77,134,0,0,0,134
06/03/2020,MGM,AL,ASO,ES,Combined TRACON& Tower with Radar,0,9,19,62,90,0,0,4,7,11,0,9,23,69,101,0,0,0,101
06/04/2020,MGM,AL,ASO,ES,Combined TRACON& Tower with Radar,0,8,26,130,164,0,0,29,13,42,0,8,55,143,206,0,0,0,206
06/05/2020,MGM,AL,ASO,ES,Combined TRACON& Tower with Radar,0,8,14,48,70,0,0,13,10,23,0,8,27,58,93,0,0,0,93
06/06/2020,MGM,AL,ASO,ES,Combined TRACON& Tower with Radar,0,8,19,20,47,0,0,2,1,3,0,8,21,21,50,0,0,0,50
06/07/2020,MGM,AL,ASO,ES,Combined TRACON& Tower with Radar,2,12,11,13,38,0,0,1,0,1,2,12,12,13,39,0,0,0,39
06/08/2020,MGM,AL,ASO,ES,Combined TRACON& Tower with Radar,0,8,4,27,39,0,0,0,0,0,0,8,4,27,39,0,0,0,39
06/09/2020,MGM,AL,ASO,ES,Combined TRACON& Tower with Radar,1,8,14,25,48,0,0,1,1,2,1,8,15,26,50,0,0,0,50
06/10/2020,MGM,AL,ASO,ES,Combined TRACON& Tower with Radar,4,11,11,55,81,0,0,4,5,9,4,11,15,60,90,0,0,0,90
06/11/2020,MGM,AL,ASO,ES,Combined TRACON& Tower with Radar,0,14,32,91,137,0,0,36,9,45,0,14,68,100,182,0,0,0,182
06/12/2020,MGM,AL,ASO,ES,Combined TRACON& Tower with Radar,0,9,25,80,114,0,0,36,15,51,0,9,61,95,165,0,0,0,165
06/13/2020,MGM,AL,ASO,ES,Combined TRACON& Tower with Radar,0,10,32,14,56,0,0,45,4,49,0,10,77,18,105,0,0,0,105
06/14/2020,MGM,AL,ASO,ES,Combined TRACON& Tower with Radar,0,11,22,45,78,0,0,34,6,40,0,11,56,51,118,0,0,0,118
06/15/2020,MGM,AL,ASO,ES,Combined TRACON& Tower with Radar,0,9,19,86,114,0,0,25,4,29,0,9,44,90,143,0,0,0,143
06/16/2020,MGM,AL,ASO,ES,Combined TRACON& Tower with Radar,0,9,20,107,136,0,0,46,8,54,0,9,66,115,190,0,0,0,190
06/17/2020,MGM,AL,ASO,ES,Combined TRACON& Tower with Radar,0,12,45,103,160,0,0,27,8,35,0,12,72,111,195,0,0,0,195
06/18/2020,MGM,AL,ASO,ES,Combined TRACON& Tower with Radar,0,15,27,70,112,0,0,36,10,46,0,15,63,80,158,0,0,0,158
06/19/2020,MGM,AL,ASO,ES,Combined TRACON& Tower with Radar,0,14,25,78,117,0,0,49,8,57,0,14,74,86,174,0,0,0,174
06/20/2020,MGM,AL,ASO,ES,Combined TRACON& Tower with Radar,0,8,17,20,45,0,0,33,1,34,0,8,50,21,79,0,0,0,79
06/21/2020,MGM,AL,ASO,ES,Combined TRACON& Tower with Radar,0,10,9,9,28,0,0,33,0,33,0,10,42,9,61,0,0,0,61
06/22/2020,MGM,AL,ASO,ES,Combined TRACON& Tower with Radar,0,8,12,39,59,0,0,19,8,27,0,8,31,47,86,0,0,0,86
06/23/2020,MGM,AL,ASO,ES,Combined TRACON& Tower with Radar,0,8,46,49,103,0,0,12,5,17,0,8,58,54,120,0,0,0,120
06/24/2020,MGM,AL,ASO,ES,Combined TRACON& Tower with Radar,0,10,18,41,69,0,0,3,5,8,0,10,21,46,77,0,0,0,77
06/25/2020,MGM,AL,ASO,ES,Combined TRACON& Tower with Radar,0,10,25,31,66,0,0,14,11,25,0,10,39,42,91,0,0,0,91
06/26/2020,MGM,AL,ASO,ES,Combined TRACON& Tower with Radar,0,8,20,64,92,0,0,19,1,20,0,8,39,65,112,0,0,0,112
06/27/2020,MGM,AL,ASO,ES,Combined TRACON& Tower with Radar,0,9,26,11,46,0,0,23,1,24,0,9,49,12,70,0,0,0,70
06/28/2020,MGM,AL,ASO,ES,Combined TRACON& Tower with Radar,0,8,4,22,34,0,1,18,2,21,0,9,22,24,55,0,0,0,55
06/29/2020,MGM,AL,ASO,ES,Combined TRACON& Tower with Radar,0,11,31,41,83,0,0,14,3,17,0,11,45,44,100,0,0,0,100
06/30/2020,MGM,AL,ASO,ES,Combined TRACON& Tower with Radar,0,12,25,19,56,0,2,5,4,11,0,14,30,23,67,0,0,0,67
07/01/2020,MGM,AL,ASO,ES,Combined TRACON& Tower with Radar,0,9,21,10,40,0,1,13,0,14,0,10,34,10,54,14,0,14,68
07/02/2020,MGM,AL,ASO,ES,Combined TRACON& Tower with Radar,0,10,50,77,137,0,0,16,4,20,0,10,66,81,157,28,26,54,211
07/03/2020,MGM,AL,ASO,ES,Combined TRACON& Tower with Radar,0,11,11,2,24,0,6,26,0,32,0,17,37,2,56,14,0,14,70
07/04/2020,MGM,AL,ASO,ES,Combined TRACON& Tower with Radar,0,10,8,4,22,0,4,21,1,26,0,14,29,5,48,6,0,6,54
07/05/2020,MGM,AL,ASO,ES,Combined TRACON& Tower with Radar,2,13,11,2,28,0,3,23,0,26,2,16,34,2,54,36,16,52,106
07/06/2020,MGM,AL,ASO,ES,Combined TRACON& Tower with Radar,0,11,12,13,36,0,1,16,1,18,0,12,28,14,54,24,0,24,78
07/07/2020,MGM,AL,ASO,ES,Combined TRACON& Tower with Radar,1,11,23,35,70,0,0,5,0,5,1,11,28,35,75,22,6,28,103
07/08/2020,MGM,AL,ASO,ES,Combined TRACON& Tower with Radar,2,9,10,62,83,0,0,8,2,10,2,9,18,64,93,14,14,28,121
07/09/2020,MGM,AL,ASO,ES,Combined TRACON& Tower with Radar,4,9,27,15,55,0,1,21,5,27,4,10,48,20,82,44,28,72,154
07/10/2020,MGM,AL,ASO,ES,Combined TRACON& Tower with Radar,4,8,47,69,128,0,4,35,2,41,4,12,82,71,169,2,14,16,185
07/11/2020,MGM,AL,ASO,ES,Combined TRACON& Tower with Radar,4,9,14,23,50,0,3,38,5,46,4,12,52,28,96,64,22,86,182
07/12/2020,MGM,AL,ASO,ES,Combined TRACON& Tower with Radar,4,11,20,0,35,0,0,17,4,21,4,11,37,4,56,6,42,48,104
07/13/2020,MGM,AL,ASO,ES,Combined TRACON& Tower with Radar,4,10,27,89,130,0,1,34,26,61,4,11,61,115,191,106,40,146,337
07/14/2020,MGM,AL,ASO,ES,Combined TRACON& Tower with Radar,2,11,23,109,145,0,3,35,22,60,2,14,58,131,205,34,98,132,337
07/15/2020,MGM,AL,ASO,ES,Combined TRACON& Tower with Radar,2,12,13,40,67,0,2,15,2,19,2,14,28,42,86,22,24,46,132
07/16/2020,MGM,AL,ASO,ES,Combined TRACON& Tower with Radar,4,9,14,161,188,0,6,14,21,41,4,15,28,182,229,38,44,82,311
07/17/2020,MGM,AL,ASO,ES,Combined TRACON& Tower with Radar,4,9,13,80,106,0,10,40,27,77,4,19,53,107,183,28,22,50,233
07/18/2020,MGM,AL,ASO,ES,Combined TRACON& Tower with Radar,4,8,12,28,52,0,1,37,14,52,4,9,49,42,104,34,0,34,138
07/19/2020,MGM,AL,ASO,ES,Combined TRACON& Tower with Radar,4,8,11,46,69,0,3,28,14,45,4,11,39,60,114,0,0,0,114
07/20/2020,MGM,AL,ASO,ES,Combined TRACON& Tower with Radar,4,14,17,38,73,0,0,28,14,42,4,14,45,52,115,28,46,74,189
07/21/2020,MGM,AL,ASO,ES,Combined TRACON& Tower with Radar,2,9,8,127,146,0,5,23,22,50,2,14,31,149,196,34,58,92,288
07/22/2020,MGM,AL,ASO,ES,Combined TRACON& Tower with Radar,2,11,32,62,107,0,6,31,14,51,2,17,63,76,158,38,14,52,210
07/23/2020,MGM,AL,ASO,ES,Combined TRACON& Tower with Radar,4,10,24,86,124,0,6,23,23,52,4,16,47,109,176,88,94,182,358
07/24/2020,MGM,AL,ASO,ES,Combined TRACON& Tower with Radar,4,8,13,42,67,0,0,16,11,27,4,8,29,53,94,42,10,52,146
07/25/2020,MGM,AL,ASO,ES,Combined TRACON& Tower with Radar,6,8,6,12,32,0,0,31,11,42,6,8,37,23,74,46,8,54,128
07/26/2020,MGM,AL,ASO,ES,Combined TRACON& Tower with Radar,4,8,8,6,26,0,4,18,2,24,4,12,26,8,50,36,0,36,86
07/27/2020,MGM,AL,ASO,ES,Combined TRACON& Tower with Radar,6,12,15,132,165,0,2,33,7,42,6,14,48,139,207,24,74,98,305
07/28/2020,MGM,AL,ASO,ES,Combined TRACON& Tower with Radar,2,14,12,77,105,0,4,16,8,28,2,18,28,85,133,32,22,54,187
07/29/2020,MGM,AL,ASO,ES,Combined TRACON& Tower with Radar,2,8,15,32,57,0,0,9,2,11,2,8,24,34,68,4,0,4,72
07/30/2020,MGM,AL,ASO,ES,Combined TRACON& Tower with Radar,4,8,21,48,81,0,2,24,9,35,4,10,45,57,116,32,6,38,154
07/31/2020,MGM,AL,ASO,ES,Combined TRACON& Tower with Radar,4,11,18,87,120,0,4,21,16,41,4,15,39,103,161,34,32,66,227
08/01/2020,MGM,AL,ASO,ES,Combined TRACON& Tower with Radar,4,15,16,18,53,0,1,21,11,33,4,16,37,29,86,16,10,26,112
08/02/2020,MGM,AL,ASO,ES,Combined TRACON& Tower with Radar,4,14,10,42,70,0,2,27,14,43,4,16,37,56,113,40,44,84,197
08/03/2020,MGM,AL,ASO,ES,Combined TRACON& Tower with Radar,4,14,8,58,84,0,0,26,5,31,4,14,34,63,115,14,4,18,133
08/04/2020,MGM,AL,ASO,ES,Combined TRACON& Tower with Radar,2,14,13,65,94,0,3,50,4,57,2,17,63,69,151,88,20,108,259
08/05/2020,MGM,AL,ASO,ES,Combined TRACON& Tower with Radar,2,19,13,71,105,0,6,38,9,53,2,25,51,80,158,58,48,106,264
08/06/2020,MGM,AL,ASO,ES,Combined TRACON& Tower with Radar,4,13,20,79,116,0,3,35,22,60,4,16,55,101,176,22,38,60,236
08/07/2020,MGM,AL,ASO,ES,Combined TRACON& Tower with Radar,4,15,11,74,104,0,1,27,9,37,4,16,38,83,141,46,12,58,199
08/08/2020,MGM,AL,ASO,ES,Combined TRACON& Tower with Radar,4,13,15,12,44,0,1,23,1,25,4,14,38,13,69,10,14,24,93
08/09/2020,MGM,AL,ASO,ES,Combined TRACON& Tower with Radar,4,12,9,14,39,0,0,15,2,17,4,12,24,16,56,0,0,0,56
08/10/2020,MGM,AL,ASO,ES,Combined TRACON& Tower with Radar,4,13,30,27,74,0,4,21,3,28,4,17,51,30,102,16,10,26,128
08/11/2020,MGM,AL,ASO,ES,Combined TRACON& Tower with Radar,2,12,10,46,70,0,3,14,4,21,2,15,24,50,91,64,42,106,197
08/12/2020,MGM,AL,ASO,ES,Combined TRACON& Tower with Radar,3,12,27,84,126,0,5,28,17,50,3,17,55,101,176,32,28,60,236
08/13/2020,MGM,AL,ASO,ES,Combined TRACON& Tower with Radar,4,16,12,33,65,0,9,20,3,32,4,25,32,36,97,46,25,71,168
08/14/2020,MGM,AL,ASO,ES,Combined TRACON& Tower with Radar,4,13,2,63,82,0,4,14,5,23,4,17,16,68,105,12,14,26,131
08/15/2020,MGM,AL,ASO,ES,Combined TRACON& Tower with Radar,4,15,14,22,55,0,0,11,1,12,4,15,25,23,67,50,0,50,117
08/16/2020,MGM,AL,ASO,ES,Combined TRACON& Tower with Radar,4,11,20,45,80,0,0,54,3,57,4,11,74,48,137,16,0,16,153
08/17/2020,MGM,AL,ASO,ES,Combined TRACON& Tower with Radar,4,12,14,49,79,0,18,37,10,65,4,30,51,59,144,6,22,28,172
08/18/2020,MGM,AL,ASO,ES,Combined TRACON& Tower with Radar,2,14,28,95,139,0,6,32,7,45,2,20,60,102,184,18,66,84,268
08/19/2020,MGM,AL,ASO,ES,Combined TRACON& Tower with Radar,2,19,27,66,114,0,0,19,7,26,2,19,46,73,140,8,26,34,174
08/20/2020,MGM,AL,ASO,ES,Combined TRACON& Tower with Radar,2,16,20,31,69,0,5,11,2,18,2,21,31,33,87,0,14,14,101
08/21/2020,MGM,AL,ASO,ES,Combined TRACON& Tower with Radar,2,16,14,59,91,0,5,15,17,37,2,21,29,76,128,48,46,94,222
08/22/2020,MGM,AL,ASO,ES,Combined TRACON& Tower with Radar,2,17,11,5,35,0,3,21,11,35,2,20,32,16,70,16,20,36,106
08/23/2020,MGM,AL,ASO,ES,Combined TRACON& Tower with Radar,2,16,12,6,36,0,1,18,6,25,2,17,30,12,61,2,0,2,63
08/24/2020,MGM,AL,ASO,ES,Combined TRACON& Tower with Radar,4,15,12,40,71,0,0,2,2,4,4,15,14,42,75,4,20,24,99
08/25/2020,MGM,AL,ASO,ES,Combined TRACON& Tower with Radar,2,16,9,37,64,0,2,1,0,3,2,18,10,37,67,16,20,36,103
08/26/2020,MGM,AL,ASO,ES,Combined TRACON& Tower with Radar,2,19,20,118,159,0,4,11,2,17,2,23,31,120,176,30,24,54,230
08/27/2020,MGM,AL,ASO,ES,Combined TRACON& Tower with Radar,6,16,21,92,135,0,0,16,7,23,6,16,37,99,158,20,72,92,250
08/28/2020,MGM,AL,ASO,ES,Combined TRACON& Tower with Radar,2,17,9,16,44,0,2,0,1,3,2,19,9,17,47,6,0,6,53
08/29/2020,MGM,AL,ASO,ES,Combined TRACON& Tower with Radar,2,16,19,6,43,0,1,11,2,14,2,17,30,8,57,10,0,10,67
08/30/2020,MGM,AL,ASO,ES,Combined TRACON& Tower with Radar,2,13,29,3,47,0,0,11,2,13,2,13,40,5,60,8,0,8,68
08/31/2020,MGM,AL,ASO,ES,Combined TRACON& Tower with Radar,2,17,24,74,117,0,1,9,3,13,2,18,33,77,130,12,30,42,172
09/01/2020,MGM,AL,ASO,ES,Combined TRACON& Tower with Radar,2,16,21,49,88,0,6,6,2,14,2,22,27,51,102,52,32,84,186
09/02/2020,MGM,AL,ASO,ES,Combined TRACON& Tower with Radar,2,16,33,108,159,0,3,39,34,76,2,19,72,142,235,26,56,82,317
09/03/2020,MGM,AL,ASO,ES,Combined TRACON& Tower with Radar,2,16,41,115,174,0,4,20,10,34,2,20,61,125,208,62,34,96,304
09/04/2020,MGM,AL,ASO,ES,Combined TRACON& Tower with Radar,3,17,20,8,48,0,4,31,0,35,3,21,51,8,83,64,0,64,147
09/05/2020,MGM,AL,ASO,ES,Combined TRACON& Tower with Radar,2,16,14,4,36,0,8,26,0,34,2,24,40,4,70,20,0,20,90
09/06/2020,MGM,AL,ASO,ES,Combined TRACON& Tower with Radar,2,16,6,0,24,0,1,10,0,11,2,17,16,0,35,16,0,16,51
09/07/2020,MGM,AL,ASO,ES,Combined TRACON& Tower with Radar,2,18,14,5,39,0,0,26,3,29,2,18,40,8,68,32,0,32,100
09/08/2020,MGM,AL,ASO,ES,Combined TRACON& Tower with Radar,2,16,15,95,128,0,4,24,22,50,2,20,39,117,178,28,22,50,228
09/09/2020,MGM,AL,ASO,ES,Combined TRACON& Tower with Radar,3,14,17,143,177,0,0,34,16,50,3,14,51,159,227,10,14,24,251
09/10/2020,MGM,AL,ASO,ES,Combined TRACON& Tower with Radar,2,18,18,57,95,0,2,8,3,13,2,20,26,60,108,40,36,76,184
09/11/2020,MGM,AL,ASO,ES,Combined TRACON& Tower with Radar,2,16,27,51,96,0,2,23,17,42,2,18,50,68,138,42,17,59,197
09/12/2020,MGM,AL,ASO,ES,Combined TRACON& Tower with Radar,2,18,15,32,67,0,0,18,19,37,2,18,33,51,104,40,0,40,144
09/13/2020,MGM,AL,ASO,ES,Combined TRACON& Tower with Radar,2,14,18,9,43,0,0,7,2,9,2,14,25,11,52,26,18,44,96
09/14/2020,MGM,AL,ASO,ES,Combined TRACON& Tower with Radar,2,17,14,51,84,0,3,13,3,19,2,20,27,54,103,6,14,20,123
09/15/2020,MGM,AL,ASO,ES,Combined TRACON& Tower with Radar,2,13,22,24,61,0,2,8,3,13,2,15,30,27,74,4,38,42,116
09/16/2020,MGM,AL,ASO,ES,Combined TRACON& Tower with Radar,4,6,2,0,12,0,0,0,0,0,4,6,2,0,12,0,0,0,12
09/17/2020,MGM,AL,ASO,ES,Combined TRACON& Tower with Radar,2,16,12,29,59,0,2,4,9,15,2,18,16,38,74,4,26,30,104
09/18/2020,MGM,AL,ASO,ES,Combined TRACON& Tower with Radar,2,19,28,32,81,0,1,25,5,31,2,20,53,37,112,22,1,23,135
09/19/2020,MGM,AL,ASO,ES,Combined TRACON& Tower with Radar,2,16,22,1,41,0,2,19,3,24,2,18,41,4,65,18,2,20,85
09/20/2020,MGM,AL,ASO,ES,Combined TRACON& Tower with Radar,2,17,17,15,51,0,2,19,2,23,2,19,36,17,74,14,0,14,88
09/21/2020,MGM,AL,ASO,ES,Combined TRACON& Tower with Radar,6,17,29,50,102,0,2,39,4,45,6,19,68,54,147,32,72,104,251
09/22/2020,MGM,AL,ASO,ES,Combined TRACON& Tower with Radar,2,18,35,78,133,0,1,36,7,44,2,19,71,85,177,34,60,94,271
09/23/2020,MGM,AL,ASO,ES,Combined TRACON& Tower with Radar,2,15,20,129,166,0,2,30,7,39,2,17,50,136,205,64,84,148,353
09/24/2020,MGM,AL,ASO,ES,Combined TRACON& Tower with Radar,2,15,15,47,79,0,0,2,3,5,2,15,17,50,84,4,18,22,106
09/25/2020,MGM,AL,ASO,ES,Combined TRACON& Tower with Radar,5,19,26,111,161,0,1,14,11,26,5,20,40,122,187,16,80,96,283
09/26/2020,MGM,AL,ASO,ES,Combined TRACON& Tower with Radar,3,16,16,21,56,0,0,31,4,35,3,16,47,25,91,52,2,54,145
09/27/2020,MGM,AL,ASO,ES,Combined TRACON& Tower with Radar,4,16,19,21,60,0,0,15,7,22,4,16,34,28,82,28,0,28,110
09/28/2020,MGM,AL,ASO,ES,Combined TRACON& Tower with Radar,2,20,12,78,112,0,1,4,0,5,2,21,16,78,117,14,10,24,141
09/29/2020,MGM,AL,ASO,ES,Combined TRACON& Tower with Radar,2,14,30,75,121,0,0,25,6,31,2,14,55,81,152,46,48,94,246
09/30/2020,MGM,AL,ASO,ES,Combined TRACON& Tower with Radar,2,15,21,107,145,0,5,60,16,81,2,20,81,123,226,82,100,182,408
10/01/2020,MGM,AL,ASO,ES,Combined TRACON& Tower with Radar,2,14,28,95,139,0,0,46,13,59,2,14,74,108,198,68,108,176,374
10/02/2020,MGM,AL,ASO,ES,Combined TRACON& Tower with Radar,2,18,31,100,151,0,1,56,10,67,2,19,87,110,218,44,19,63,281
10/03/2020,MGM,AL,ASO,ES,Combined TRACON& Tower with Radar,2,14,12,24,52,0,0,28,0,28,2,14,40,24,80,32,40,72,152
10/04/2020,MGM,AL,ASO,ES,Combined TRACON& Tower with Radar,2,18,13,32,65,0,2,69,5,76,2,20,82,37,141,30,16,46,187
10/05/2020,MGM,AL,ASO,ES,Combined TRACON& Tower with Radar,2,18,32,46,98,0,0,44,1,45,2,18,76,47,143,4,0,4,147
10/06/2020,MGM,AL,ASO,ES,Combined TRACON& Tower with Radar,4,21,22,42,89,0,7,19,1,27,4,28,41,43,116,22,34,56,172
10/07/2020,MGM,AL,ASO,ES,Combined TRACON& Tower with Radar,2,17,18,80,117,0,0,44,11,55,2,17,62,91,172,54,98,152,324
10/08/2020,MGM,AL,ASO,ES,Combined TRACON& Tower with Radar,3,13,31,65,112,0,12,38,16,66,3,25,69,81,178,38,58,96,274
10/09/2020,MGM,AL,ASO,ES,Combined TRACON& Tower with Radar,7,15,12,19,53,0,0,3,0,3,7,15,15,19,56,4,0,4,60
10/10/2020,MGM,AL,ASO,ES,Combined TRACON& Tower with Radar,8,17,2,0,27,0,0,0,0,0,8,17,2,0,27,0,0,0,27
10/11/2020,MGM,AL,ASO,ES,Combined TRACON& Tower with Radar,5,13,9,0,27,0,0,0,0,0,5,13,9,0,27,6,0,6,33
10/12/2020,MGM,AL,ASO,ES,Combined TRACON& Tower with Radar,3,17,19,0,39,0,0,52,0,52,3,17,71,0,91,37,1,38,129
10/13/2020,MGM,AL,ASO,ES,Combined TRACON& Tower with Radar,2,18,15,64,99,0,5,47,6,58,2,23,62,70,157,34,35,69,226
10/14/2020,MGM,AL,ASO,ES,Combined TRACON& Tower with Radar,2,16,32,116,166,0,1,68,33,102,2,17,100,149,268,50,112,162,430
10/15/2020,MGM,AL,ASO,ES,Combined TRACON& Tower with Radar,6,16,45,75,142,0,7,53,18,78,6,23,98,93,220,58,70,128,348
10/16/2020,MGM,AL,ASO,ES,Combined TRACON& Tower with Radar,4,17,33,81,135,0,7,38,20,65,4,24,71,101,200,64,70,134,334
10/17/2020,MGM,AL,ASO,ES,Combined TRACON& Tower with Radar,4,12,25,10,51,0,1,45,16,62,4,13,70,26,113,40,8,48,161
10/18/2020,MGM,AL,ASO,ES,Combined TRACON& Tower with Radar,5,12,17,34,68,0,1,42,23,66,5,13,59,57,134,18,19,37,171
10/19/2020,MGM,AL,ASO,ES,Combined TRACON& Tower with Radar,4,13,21,78,116,0,9,51,8,68,4,22,72,86,184,28,76,104,288
10/20/2020,MGM,AL,ASO,ES,Combined TRACON& Tower with Radar,2,16,27,95,140,0,4,35,6,45,2,20,62,101,185,56,52,108,293
10/21/2020,MGM,AL,ASO,ES,Combined TRACON& Tower with Radar,2,20,41,91,154,0,3,47,15,65,2,23,88,106,219,26,64,90,309
10/22/2020,MGM,AL,ASO,ES,Combined TRACON& Tower with Radar,6,20,34,96,156,0,3,29,25,57,6,23,63,121,213,26,126,152,365
10/23/2020,MGM,AL,ASO,ES,Combined TRACON& Tower with Radar,6,19,22,91,138,0,1,19,7,27,6,20,41,98,165,16,80,96,261
10/24/2020,MGM,AL,ASO,ES,Combined TRACON& Tower with Radar,4,10,12,6,32,0,0,1,1,2,4,10,13,7,34,0,14,14,48
10/25/2020,MGM,AL,ASO,ES,Combined TRACON& Tower with Radar,5,13,24,8,50,0,0,10,0,10,5,13,34,8,60,6,0,6,66
10/26/2020,MGM,AL,ASO,ES,Combined TRACON& Tower with Radar,4,10,26,78,118,0,0,41,12,53,4,10,67,90,171,21,72,93,264
10/27/2020,MGM,AL,ASO,ES,Combined TRACON& Tower with Radar,2,13,31,72,118,0,0,1,3,4,2,13,32,75,122,6,3,9,131
10/28/2020,MGM,AL,ASO,ES,Combined TRACON& Tower with Radar,2,11,14,56,83,0,0,1,5,6,2,11,15,61,89,0,0,0,89
10/29/2020,MGM,AL,ASO,ES,Combined TRACON& Tower with Radar,6,12,13,61,92,0,0,3,17,20,6,12,16,78,112,12,66,78,190
10/30/2020,MGM,AL,ASO,ES,Combined TRACON& Tower with Radar,5,12,19,42,78,0,4,33,7,44,5,16,52,49,122,32,38,70,192
10/31/2020,MGM,AL,ASO,ES,Combined TRACON& Tower with Radar,3,7,21,0,31,0,7,50,0,57,3,14,71,0,88,64,0,64,152
11/01/2020,MGM,AL,ASO,ES,Combined TRACON& Tower with Radar,2,12,15,6,35,0,0,29,2,31,2,12,44,8,66,6,0,6,72
11/02/2020,MGM,AL,ASO,ES,Combined TRACON& Tower with Radar,4,10,20,60,94,0,3,29,9,41,4,13,49,69,135,28,27,55,190
11/03/2020,MGM,AL,ASO,ES,Combined TRACON& Tower with Radar,2,11,19,78,110,0,5,38,8,51,2,16,57,86,161,122,80,202,363
11/04/2020,MGM,AL,ASO,ES,Combined TRACON& Tower with Radar,1,23,21,89,134,0,8,37,19,64,1,31,58,108,198,42,96,138,336
11/05/2020,MGM,AL,ASO,ES,Combined TRACON& Tower with Radar,2,15,22,88,127,0,7,36,21,64,2,22,58,109,191,50,58,108,299
11/06/2020,MGM,AL,ASO,ES,Combined TRACON& Tower with Radar,0,14,23,52,89,0,6,64,17,87,0,20,87,69,176,68,50,118,294
11/07/2020,MGM,AL,ASO,ES,Combined TRACON& Tower with Radar,0,14,28,37,79,0,2,7,14,23,0,16,35,51,102,38,0,38,140
11/08/2020,MGM,AL,ASO,ES,Combined TRACON& Tower with Radar,0,16,21,32,69,0,2,13,10,25,0,18,34,42,94,16,15,31,125
11/09/2020,MGM,AL,ASO,ES,Combined TRACON& Tower with Radar,0,26,30,97,153,0,3,22,3,28,0,29,52,100,181,36,62,98,279
11/10/2020,MGM,AL,ASO,ES,Combined TRACON& Tower with Radar,2,17,30,49,98,0,1,5,4,10,2,18,35,53,108,20,26,46,154
11/11/2020,MGM,AL,ASO,ES,Combined TRACON& Tower with Radar,0,20,9,3,32,0,1,7,3,11,0,21,16,6,43,8,0,8,51
11/12/2020,MGM,AL,ASO,ES,Combined TRACON& Tower with Radar,0,17,19,70,106,0,0,3,3,6,0,17,22,73,112,0,3,3,115
11/13/2020,MGM,AL,ASO,ES,Combined TRACON& Tower with Radar,0,19,30,64,113,0,0,50,9,59,0,19,80,73,172,46,42,88,260
11/14/2020,MGM,AL,ASO,ES,Combined TRACON& Tower with Radar,0,18,15,16,49,0,0,65,11,76,0,18,80,27,125,102,6,108,233
11/15/2020,MGM,AL,ASO,ES,Combined TRACON& Tower with Radar,1,17,25,8,51,0,0,15,5,20,1,17,40,13,71,0,0,0,71
11/16/2020,MGM,AL,ASO,ES,Combined TRACON& Tower with Radar,0,17,19,90,126,0,5,42,10,57,0,22,61,100,183,32,80,112,295
11/17/2020,MGM,AL,ASO,ES,Combined TRACON& Tower with Radar,1,23,16,108,148,0,10,36,20,66,1,33,52,128,214,24,40,64,278
11/18/2020,MGM,AL,ASO,ES,Combined TRACON& Tower with Radar,0,18,19,98,135,0,12,81,17,110,0,30,100,115,245,59,51,110,355
11/19/2020,MGM,AL,ASO,ES,Combined TRACON& Tower with Radar,0,20,14,57,91,0,1,68,22,91,0,21,82,79,182,56,62,118,300
11/20/2020,MGM,AL,ASO,ES,Combined TRACON& Tower with Radar,3,18,33,66,120,0,2,55,20,77,3,20,88,86,197,8,44,52,249
11/21/2020,MGM,AL,ASO,ES,Combined TRACON& Tower with Radar,1,19,21,5,46,0,2,61,2,65,1,21,82,7,111,88,0,88,199
11/22/2020,MGM,AL,ASO,ES,Combined TRACON& Tower with Radar,0,22,19,49,90,0,0,35,4,39,0,22,54,53,129,6,6,12,141
11/23/2020,MGM,AL,ASO,ES,Combined TRACON& Tower with Radar,0,16,25,41,82,0,0,33,4,37,0,16,58,45,119,42,24,66,185
11/24/2020,MGM,AL,ASO,ES,Combined TRACON& Tower with Radar,2,19,20,83,124,0,3,45,10,58,2,22,65,93,182,32,26,58,240
11/25/2020,MGM,AL,ASO,ES,Combined TRACON& Tower with Radar,0,23,18,26,67,0,0,12,3,15,0,23,30,29,82,26,22,48,130
11/26/2020,MGM,AL,ASO,ES,Combined TRACON& Tower with Radar,0,13,7,0,20,0,0,1,0,1,0,13,8,0,21,0,0,0,21
11/27/2020,MGM,AL,ASO,ES,Combined TRACON& Tower with Radar,0,19,32,0,51,0,0,8,0,8,0,19,40,0,59,34,0,34,93
11/28/2020,MGM,AL,ASO,ES,Combined TRACON& Tower with Radar,0,19,20,0,39,0,1,9,0,10,0,20,29,0,49,2,0,2,51
11/29/2020,MGM,AL,ASO,ES,Combined TRACON& Tower with Radar,0,24,12,0,36,0,0,1,0,1,0,24,13,0,37,0,0,0,37
11/30/2020,MGM,AL,ASO,ES,Combined TRACON& Tower with Radar,0,18,9,60,87,0,2,4,2,8,0,20,13,62,95,0,14,14,109
12/01/2020,MGM,AL,ASO,ES,Combined TRACON& Tower with Radar,2,19,41,101,163,0,0,49,19,68,2,19,90,120,231,32,44,76,307
12/02/2020,MGM,AL,ASO,ES,Combined TRACON& Tower with Radar,1,20,12,105,138,0,5,32,18,55,1,25,44,123,193,34,68,102,295
12/03/2020,MGM,AL,ASO,ES,Combined TRACON& Tower with Radar,1,18,12,116,147,0,7,33,17,57,1,25,45,133,204,14,72,86,290
12/04/2020,MGM,AL,ASO,ES,Combined TRACON& Tower with Radar,4,15,23,65,107,0,0,0,5,5,4,15,23,70,112,0,0,0,112
12/05/2020,MGM,AL,ASO,ES,Combined TRACON& Tower with Radar,5,15,21,18,59,0,0,57,10,67,5,15,78,28,126,6,62,68,194
12/06/2020,MGM,AL,ASO,ES,Combined TRACON& Tower with Radar,2,16,16,15,49,0,2,32,12,46,2,18,48,27,95,10,54,64,159
12/07/2020,MGM,AL,ASO,ES,Combined TRACON& Tower with Radar,2,25,16,68,111,0,0,8,7,15,2,25,24,75,126,20,34,54,180
12/08/2020,MGM,AL,ASO,ES,Combined TRACON& Tower with Radar,2,19,20,72,113,0,2,42,14,58,2,21,62,86,171,46,60,106,277
12/09/2020,MGM,AL,ASO,ES,Combined TRACON& Tower with Radar,2,21,33,71,127,0,2,42,20,64,2,23,75,91,191,32,30,62,253
12/10/2020,MGM,AL,ASO,ES,Combined TRACON& Tower with Radar,2,15,24,121,162,0,0,48,31,79,2,15,72,152,241,70,79,149,390
12/11/2020,MGM,AL,ASO,ES,Combined TRACON& Tower with Radar,4,15,14,60,93,0,1,25,14,40,4,16,39,74,133,40,48,88,221
12/12/2020,MGM,AL,ASO,ES,Combined TRACON& Tower with Radar,4,19,11,10,44,0,2,15,0,17,4,21,26,10,61,0,0,0,61
12/13/2020,MGM,AL,ASO,ES,Combined TRACON& Tower with Radar,2,16,18,12,48,0,0,2,0,2,2,16,20,12,50,0,0,0,50
12/14/2020,MGM,AL,ASO,ES,Combined TRACON& Tower with Radar,2,18,21,74,115,0,4,8,3,15,2,22,29,77,130,20,80,100,230
12/15/2020,MGM,AL,ASO,ES,Combined TRACON& Tower with Radar,2,20,20,84,126,0,6,33,24,63,2,26,53,108,189,30,136,166,355
12/16/2020,MGM,AL,ASO,ES,Combined TRACON& Tower with Radar,2,22,17,16,57,0,1,0,1,2,2,23,17,17,59,0,0,0,59
12/17/2020,MGM,AL,ASO,ES,Combined TRACON& Tower with Radar,1,21,17,30,69,0,1,18,9,28,1,22,35,39,97,46,38,84,181
12/18/2020,MGM,AL,ASO,ES,Combined TRACON& Tower with Radar,1,21,21,70,113,0,6,31,13,50,1,27,52,83,163,32,40,72,235
12/19/2020,MGM,AL,ASO,ES,Combined TRACON& Tower with Radar,0,16,20,16,52,0,3,29,3,35,0,19,49,19,87,14,0,14,101
12/20/2020,MGM,AL,ASO,ES,Combined TRACON& Tower with Radar,0,18,10,17,45,0,0,6,0,6,0,18,16,17,51,10,0,10,61
12/21/2020,MGM,AL,ASO,ES,Combined TRACON& Tower with Radar,2,17,14,14,47,0,0,18,2,20,2,17,32,16,67,0,0,0,67
12/22/2020,MGM,AL,ASO,ES,Combined TRACON& Tower with Radar,1,22,16,49,88,0,0,34,3,37,1,22,50,52,125,34,58,92,217
12/23/2020,MGM,AL,ASO,ES,Combined TRACON& Tower with Radar,5,21,7,18,51,0,0,22,0,22,5,21,29,18,73,20,24,44,117
12/24/2020,MGM,AL,ASO,ES,Combined TRACON& Tower with Radar,0,12,2,0,14,0,0,0,0,0,0,12,2,0,14,0,0,0,14
12/25/2020,MGM,AL,ASO,ES,Combined TRACON& Tower with Radar,4,15,4,0,23,0,0,3,0,3,4,15,7,0,26,0,0,0,26
12/26/2020,MGM,AL,ASO,ES,Combined TRACON& Tower with Radar,0,16,22,0,38,0,1,25,0,26,0,17,47,0,64,10,0,10,74
12/27/2020,MGM,AL,ASO,ES,Combined TRACON& Tower with Radar,0,16,10,0,26,0,1,28,0,29,0,17,38,0,55,28,0,28,83
12/28/2020,MGM,AL,ASO,ES,Combined TRACON& Tower with Radar,0,16,3,12,31,0,7,14,3,24,0,23,17,15,55,16,9,25,80
12/29/2020,MGM,AL,ASO,ES,Combined TRACON& Tower with Radar,0,18,13,40,71,0,2,25,10,37,0,20,38,50,108,36,20,56,164
12/30/2020,MGM,AL,ASO,ES,Combined TRACON& Tower with Radar,0,18,11,36,65,0,0,16,6,22,0,18,27,42,87,12,30,42,129
12/31/2020,MGM,AL,ASO,ES,Combined TRACON& Tower with Radar,2,16,12,0,30,0,0,1,0,1,2,16,13,0,31,0,0,0,31
01/01/2021,MGM,AL,ASO,ES,Combined TRACON& Tower with Radar,0,14,3,0,17,0,0,4,0,4,0,14,7,0,21,0,0,0,21
01/02/2021,MGM,AL,ASO,ES,Combined TRACON& Tower with Radar,0,18,20,0,38,0,0,27,0,27,0,18,47,0,65,90,0,90,155
01/03/2021,MGM,AL,ASO,ES,Combined TRACON& Tower with Radar,0,20,9,0,29,0,2,28,0,30,0,22,37,0,59,48,0,48,107
01/04/2021,MGM,AL,ASO,ES,Combined TRACON& Tower with Radar,0,16,11,19,46,0,1,40,1,42,0,17,51,20,88,18,4,22,110
01/05/2021,MGM,AL,ASO,ES,Combined TRACON& Tower with Radar,0,15,21,46,82,0,1,23,6,30,0,16,44,52,112,40,34,74,186
01/06/2021,MGM,AL,ASO,ES,Combined TRACON& Tower with Radar,0,15,13,82,110,0,4,41,21,66,0,19,54,103,176,40,68,108,284
01/07/2021,MGM,AL,ASO,ES,Combined TRACON& Tower with Radar,0,16,12,26,54,0,2,1,2,5,0,18,13,28,59,0,0,0,59
01/08/2021,MGM,AL,ASO,ES,Combined TRACON& Tower with Radar,0,16,25,16,57,0,0,3,3,6,0,16,28,19,63,16,36,52,115
01/09/2021,MGM,AL,ASO,ES,Combined TRACON& Tower with Radar,0,18,7,28,53,0,0,19,7,26,0,18,26,35,79,16,5,21,100
01/10/2021,MGM,AL,ASO,ES,Combined TRACON& Tower with Radar,0,19,14,37,70,0,0,36,6,42,0,19,50,43,112,10,18,28,140
01/11/2021,MGM,AL,ASO,ES,Combined TRACON& Tower with Radar,2,20,9,10,41,0,0,0,0,0,2,20,9,10,41,0,0,0,41
01/12/2021,MGM,AL,ASO,ES,Combined TRACON& Tower with Radar,0,19,17,52,88,0,2,1,0,3,0,21,18,52,91,8,18,26,117
01/13/2021,MGM,AL,ASO,ES,Combined TRACON& Tower with Radar,0,16,8,66,90,0,5,39,10,54,0,21,47,76,144,10,24,34,178
01/14/2021,MGM,AL,ASO,ES,Combined TRACON& Tower with Radar,0,20,18,73,111,0,3,45,15,63,0,23,63,88,174,20,46,66,240
01/15/2021,MGM,AL,ASO,ES,Combined TRACON& Tower with Radar,0,23,18,47,88,0,1,34,7,42,0,24,52,54,130,0,0,0,130
01/16/2021,MGM,AL,ASO,ES,Combined TRACON& Tower with Radar,0,14,28,9,51,0,1,40,0,41,0,15,68,9,92,18,0,18,110
01/17/2021,MGM,AL,ASO,ES,Combined TRACON& Tower with Radar,0,16,19,1,36,0,0,43,0,43,0,16,62,1,79,56,0,56,135
01/18/2021,MGM,AL,ASO,ES,Combined TRACON& Tower with Radar,2,16,33,5,56,0,0,61,1,62,2,16,94,6,118,36,0,36,154
01/19/2021,MGM,AL,ASO,ES,Combined TRACON& Tower with Radar,0,18,33,112,163,0,1,36,17,54,0,19,69,129,217,20,75,95,312
01/20/2021,MGM,AL,ASO,ES,Combined TRACON& Tower with Radar,0,14,34,68,116,0,0,32,19,51,0,14,66,87,167,2,34,36,203
01/21/2021,MGM,AL,ASO,ES,Combined TRACON& Tower with Radar,0,23,27,64,114,0,0,2,1,3,0,23,29,65,117,0,32,32,149
01/22/2021,MGM,AL,ASO,ES,Combined TRACON& Tower with Radar,0,18,18,30,66,0,0,0,1,1,0,18,18,31,67,0,6,6,73
01/23/2021,MGM,AL,ASO,ES,Combined TRACON& Tower with Radar,0,13,27,34,74,0,2,47,16,65,0,15,74,50,139,70,38,108,247
01/24/2021,MGM,AL,ASO,ES,Combined TRACON& Tower with Radar,0,21,27,51,99,0,1,14,2,17,0,22,41,53,116,6,2,8,124
01/25/2021,MGM,AL,ASO,ES,Combined TRACON& Tower with Radar,0,20,8,30,58,0,6,1,1,8,0,26,9,31,66,0,0,0,66
01/26/2021,MGM,AL,ASO,ES,Combined TRACON& Tower with Radar,0,20,31,76,127,0,0,9,9,18,0,20,40,85,145,12,146,158,303
01/27/2021,MGM,AL,ASO,ES,Combined TRACON& Tower with Radar,0,14,10,81,105,0,4,4,10,18,0,18,14,91,123,6,16,22,145
01/28/2021,MGM,AL,ASO,ES,Combined TRACON& Tower with Radar,0,18,32,54,104,0,0,37,24,61,0,18,69,78,165,38,117,155,320
01/29/2021,MGM,AL,ASO,ES,Combined TRACON& Tower with Radar,0,18,28,68,114,0,4,75,17,96,0,22,103,85,210,62,26,88,298
01/30/2021,MGM,AL,ASO,ES,Combined TRACON& Tower with Radar,0,11,16,6,33,0,3,40,8,51,0,14,56,14,84,64,0,64,148
01/31/2021,MGM,AL,ASO,ES,Combined TRACON& Tower with Radar,0,18,5,2,25,0,0,4,0,4,0,18,9,2,29,20,0,20,49
02/01/2021,MGM,AL,ASO,ES,Combined TRACON& Tower with Radar,0,17,9,51,77,0,0,3,0,3,0,17,12,51,80,4,52,56,136
02/02/2021,MGM,AL,ASO,ES,Combined TRACON& Tower with Radar,0,16,16,89,121,0,0,29,8,37,0,16,45,97,158,2,46,48,206
02/03/2021,MGM,AL,ASO,ES,Combined TRACON& Tower with Radar,0,14,43,69,126,0,1,43,4,48,0,15,86,73,174,92,38,130,304
02/04/2021,MGM,AL,ASO,ES,Combined TRACON& Tower with Radar,2,20,17,61,100,0,0,16,19,35,2,20,33,80,135,70,22,92,227
02/05/2021,MGM,AL,ASO,ES,Combined TRACON& Tower with Radar,0,17,24,65,106,0,3,26,15,44,0,20,50,80,150,6,40,46,196
02/06/2021,MGM,AL,ASO,ES,Combined TRACON& Tower with Radar,0,12,21,17,50,0,0,16,0,16,0,12,37,17,66,18,0,18,84
02/07/2021,MGM,AL,ASO,ES,Combined TRACON& Tower with Radar,0,15,11,46,72,0,2,28,11,41,0,17,39,57,113,18,8,26,139
02/08/2021,MGM,AL,ASO,ES,Combined TRACON& Tower with Radar,0,16,34,85,135,0,0,51,10,61,0,16,85,95,196,16,146,162,358
02/09/2021,MGM,AL,ASO,ES,Combined TRACON& Tower with Radar,0,17,27,101,145,0,0,6,0,6,0,17,33,101,151,46,76,122,273
02/10/2021,MGM,AL,ASO,ES,Combined TRACON& Tower with Radar,0,15,20,57,92,0,2,7,4,13,0,17,27,61,105,0,46,46,151
02/11/2021,MGM,AL,ASO,ES,Combined TRACON& Tower with Radar,1,22,4,8,35,0,0,0,0,0,1,22,4,8,35,0,12,12,47
02/12/2021,MGM,AL,ASO,ES,Combined TRACON& Tower with Radar,0,17,13,3,33,0,0,0,0,0,0,17,13,3,33,0,0,0,33
02/13/2021,MGM,AL,ASO,ES,Combined TRACON& Tower with Radar,0,14,8,1,23,0,0,0,0,0,0,14,8,1,23,0,0,0,23
02/14/2021,MGM,AL,ASO,ES,Combined TRACON& Tower with Radar,0,11,12,9,32,0,0,0,0,0,0,11,12,9,32,0,0,0,32
02/15/2021,MGM,AL,ASO,ES,Combined TRACON& Tower with Radar,0,15,4,0,19,0,0,0,0,0,0,15,4,0,19,0,0,0,19
02/16/2021,MGM,AL,ASO,ES,Combined TRACON& Tower with Radar,0,20,30,35,85,0,0,25,3,28,0,20,55,38,113,34,0,34,147
02/17/2021,MGM,AL,ASO,ES,Combined TRACON& Tower with Radar,0,16,31,93,140,0,5,26,13,44,0,21,57,106,184,52,128,180,364
02/18/2021,MGM,AL,ASO,ES,Combined TRACON& Tower with Radar,2,19,16,30,67,0,2,1,2,5,2,21,17,32,72,28,54,82,154
02/19/2021,MGM,AL,ASO,ES,Combined TRACON& Tower with Radar,0,20,17,81,118,0,2,23,4,29,0,22,40,85,147,6,17,23,170
02/20/2021,MGM,AL,ASO,ES,Combined TRACON& Tower with Radar,0,12,6,14,32,0,1,50,1,52,0,13,56,15,84,4,0,4,88
02/21/2021,MGM,AL,ASO,ES,Combined TRACON& Tower with Radar,0,19,18,12,49,0,2,43,0,45,0,21,61,12,94,0,0,0,94
02/22/2021,MGM,AL,ASO,ES,Combined TRACON& Tower with Radar,0,20,17,33,70,0,0,16,3,19,0,20,33,36,89,24,64,88,177
02/23/2021,MGM,AL,ASO,ES,Combined TRACON& Tower with Radar,0,26,23,60,109,0,6,34,11,51,0,32,57,71,160,30,72,102,262
02/24/2021,MGM,AL,ASO,ES,Combined TRACON& Tower with Radar,0,19,16,57,92,0,13,46,15,74,0,32,62,72,166,60,34,94,260
02/25/2021,MGM,AL,ASO,ES,Combined TRACON& Tower with Radar,0,23,30,50,103,0,13,38,21,72,0,36,68,71,175,64,56,120,295
02/26/2021,MGM,AL,ASO,ES,Combined TRACON& Tower with Radar,0,22,21,83,126,0,6,16,12,34,0,28,37,95,160,12,52,64,224
02/27/2021,MGM,AL,ASO,ES,Combined TRACON& Tower with Radar,0,17,11,8,36,0,0,13,3,16,0,17,24,11,52,16,0,16,68
02/28/2021,MGM,AL,ASO,ES,Combined TRACON& Tower with Radar,0,23,11,7,41,0,3,6,1,10,0,26,17,8,51,0,0,0,51
03/01/2021,MGM,AL,ASO,ES,Combined TRACON& Tower with Radar,0,19,17,35,71,0,2,6,1,9,0,21,23,36,80,0,20,20,100
03/02/2021,MGM,AL,ASO,ES,Combined TRACON& Tower with Radar,0,14,21,9,44,0,0,0,0,0,0,14,21,9,44,0,0,0,44
03/03/2021,MGM,AL,ASO,ES,Combined TRACON& Tower with Radar,0,21,33,86,140,0,5,34,31,70,0,26,67,117,210,18,118,136,346
03/04/2021,MGM,AL,ASO,ES,Combined TRACON& Tower with Radar,2,25,15,85,127,0,1,32,24,57,2,26,47,109,184,42,104,146,330
03/05/2021,MGM,AL,ASO,ES,Combined TRACON& Tower with Radar,0,24,25,69,118,0,9,43,22,74,0,33,68,91,192,22,34,56,248
03/06/2021,MGM,AL,ASO,ES,Combined TRACON& Tower with Radar,0,16,6,35,57,0,5,52,20,77,0,21,58,55,134,16,6,22,156
03/07/2021,MGM,AL,ASO,ES,Combined TRACON& Tower with Radar,2,24,17,16,59,0,1,32,3,36,2,25,49,19,95,58,34,92,187
03/08/2021,MGM,AL,ASO,ES,Combined TRACON& Tower with Radar,0,20,29,40,89,0,3,55,11,69,0,23,84,51,158,116,4,120,278
03/09/2021,MGM,AL,ASO,ES,Combined TRACON& Tower with Radar,0,20,19,72,111,0,2,25,17,44,0,22,44,89,155,50,52,102,257
03/10/2021,MGM,AL,ASO,ES,Combined TRACON& Tower with Radar,0,17,33,49,99,0,2,39,5,46,0,19,72,54,145,14,60,74,219
03/11/2021,MGM,AL,ASO,ES,Combined TRACON& Tower with Radar,0,20,25,33,78,0,3,40,25,68,0,23,65,58,146,54,64,118,264
03/12/2021,MGM,AL,ASO,ES,Combined TRACON& Tower with Radar,0,24,28,43,95,0,2,45,14,61,0,26,73,57,156,48,16,64,220
03/13/2021,MGM,AL,ASO,ES,Combined TRACON& Tower with Radar,0,14,15,10,39,0,1,46,2,49,0,15,61,12,88,34,0,34,122
03/14/2021,MGM,AL,ASO,ES,Combined TRACON& Tower with Radar,0,24,16,18,58,0,8,38,9,55,0,32,54,27,113,40,0,40,153
03/15/2021,MGM,AL,ASO,ES,Combined TRACON& Tower with Radar,0,20,27,46,93,0,5,5,3,13,0,25,32,49,106,0,12,12,118
03/16/2021,MGM,AL,ASO,ES,Combined TRACON& Tower with Radar,2,16,21,10,49,0,1,0,1,2,2,17,21,11,51,0,10,10,61
03/17/2021,MGM,AL,ASO,ES,Combined TRACON& Tower with Radar,0,14,7,12,33,0,0,1,0,1,0,14,8,12,34,6,0,6,40
03/18/2021,MGM,AL,ASO,ES,Combined TRACON& Tower with Radar,0,27,10,64,101,0,9,12,14,35,0,36,22,78,136,34,69,103,239
03/19/2021,MGM,AL,ASO,ES,Combined TRACON& Tower with Radar,0,22,28,28,78,0,8,17,12,37,0,30,45,40,115,22,8,30,145
03/20/2021,MGM,AL,ASO,ES,Combined TRACON& Tower with Radar,0,16,23,10,49,0,0,29,6,35,0,16,52,16,84,44,16,60,144
03/21/2021,MGM,AL,ASO,ES,Combined TRACON& Tower with Radar,0,24,18,25,67,0,0,10,6,16,0,24,28,31,83,56,10,66,149
03/22/2021,MGM,AL,ASO,ES,Combined TRACON& Tower with Radar,2,26,37,27,92,0,8,53,8,69,2,34,90,35,161,28,102,130,291
03/23/2021,MGM,AL,ASO,ES,Combined TRACON& Tower with Radar,2,22,21,58,103,0,4,15,3,22,2,26,36,61,125,40,80,120,245
03/24/2021,MGM,AL,ASO,ES,Combined TRACON& Tower with Radar,0,19,21,69,109,0,4,12,11,27,0,23,33,80,136,32,66,98,234
03/25/2021,MGM,AL,ASO,ES,Combined TRACON& Tower with Radar,2,24,6,9,41,0,1,0,2,3,2,25,6,11,44,0,0,0,44
03/26/2021,MGM,AL,ASO,ES,Combined TRACON& Tower with Radar,2,28,30,18,78,0,5,10,2,17,2,33,40,20,95,12,16,28,123
03/27/2021,MGM,AL,ASO,ES,Combined TRACON& Tower with Radar,0,18,22,5,45,0,2,15,1,18,0,20,37,6,63,0,0,0,63
03/28/2021,MGM,AL,ASO,ES,Combined TRACON& Tower with Radar,0,25,10,10,45,0,0,1,0,1,0,25,11,10,46,0,0,0,46
03/29/2021,MGM,AL,ASO,ES,Combined TRACON& Tower with Radar,0,24,44,34,102,0,5,42,3,50,0,29,86,37,152,64,36,100,252
03/30/2021,MGM,AL,ASO,ES,Combined TRACON& Tower with Radar,0,26,22,74,122,0,1,25,8,34,0,27,47,82,156,20,63,83,239
03/31/2021,MGM,AL,ASO,ES,Combined TRACON& Tower with Radar,0,19,14,9,42,0,0,4,3,7,0,19,18,12,49,0,18,18,67
04/01/2021,MGM,AL,ASO,ES,Combined TRACON& Tower with Radar,0,18,30,28,76,0,6,17,14,37,0,24,47,42,113,42,8,50,163
04/02/2021,MGM,AL,ASO,ES,Combined TRACON& Tower with Radar,1,21,25,7,54,0,6,42,3,51,1,27,67,10,105,26,0,26,131
04/03/2021,MGM,AL,ASO,ES,Combined TRACON& Tower with Radar,0,16,15,0,31,0,2,62,0,64,0,18,77,0,95,54,0,54,149
04/04/2021,MGM,AL,ASO,ES,Combined TRACON& Tower with Radar,2,16,14,0,32,0,2,25,0,27,2,18,39,0,59,4,0,4,63
04/05/2021,MGM,AL,ASO,ES,Combined TRACON& Tower with Radar,4,19,17,71,111,0,6,67,8,81,4,25,84,79,192,90,86,176,368
04/06/2021,MGM,AL,ASO,ES,Combined TRACON& Tower with Radar,2,25,27,37,91,0,8,62,7,77,2,33,89,44,168,58,18,76,244
04/07/2021,MGM,AL,ASO,ES,Combined TRACON& Tower with Radar,2,20,16,38,76,0,10,41,14,65,2,30,57,52,141,28,51,79,220
04/08/2021,MGM,AL,ASO,ES,Combined TRACON& Tower with Radar,2,22,9,40,73,0,5,8,8,21,2,27,17,48,94,16,65,81,175
04/09/2021,MGM,AL,ASO,ES,Combined TRACON& Tower with Radar,2,23,9,6,40,0,0,0,0,0,2,23,9,6,40,16,0,16,56
04/10/2021,MGM,AL,ASO,ES,Combined TRACON& Tower with Radar,0,22,6,3,31,0,0,6,4,10,0,22,12,7,41,4,0,4,45
04/11/2021,MGM,AL,ASO,ES,Combined TRACON& Tower with Radar,3,21,24,22,70,0,3,47,24,74,3,24,71,46,144,72,6,78,222
04/12/2021,MGM,AL,ASO,ES,Combined TRACON& Tower with Radar,5,17,31,21,74,0,3,48,10,61,5,20,79,31,135,70,0,70,205
04/13/2021,MGM,AL,ASO,ES,Combined TRACON& Tower with Radar,6,16,18,75,115,0,9,52,22,83,6,25,70,97,198,26,82,108,306
04/14/2021,MGM,AL,ASO,ES,Combined TRACON& Tower with Radar,8,17,21,50,96,0,0,18,3,21,8,17,39,53,117,22,36,58,175
04/15/2021,MGM,AL,ASO,ES,Combined TRACON& Tower with Radar,4,21,42,50,117,0,2,27,16,45,4,23,69,66,162,26,108,134,296
04/16/2021,MGM,AL,ASO,ES,Combined TRACON& Tower with Radar,4,20,32,144,200,0,7,35,16,58,4,27,67,160,258,16,18,34,292
04/17/2021,MGM,AL,ASO,ES,Combined TRACON& Tower with Radar,2,15,21,17,55,0,0,5,4,9,2,15,26,21,64,18,0,18,82
04/18/2021,MGM,AL,ASO,ES,Combined TRACON& Tower with Radar,4,20,26,35,85,0,0,35,12,47,4,20,61,47,132,10,0,10,142
04/19/2021,MGM,AL,ASO,ES,Combined TRACON& Tower with Radar,4,20,14,47,85,0,4,27,13,44,4,24,41,60,129,38,58,96,225
04/20/2021,MGM,AL,ASO,ES,Combined TRACON& Tower with Radar,6,14,13,70,103,0,4,47,17,68,6,18,60,87,171,18,104,122,293
04/21/2021,MGM,AL,ASO,ES,Combined TRACON& Tower with Radar,6,14,14,73,107,0,5,36,13,54,6,19,50,86,161,32,78,110,271
04/22/2021,MGM,AL,ASO,ES,Combined TRACON& Tower with Radar,6,21,30,70,127,0,3,69,19,91,6,24,99,89,218,16,36,52,270
04/23/2021,MGM,AL,ASO,ES,Combined TRACON& Tower with Radar,4,17,34,40,95,0,6,41,12,59,4,23,75,52,154,20,8,28,182
04/24/2021,MGM,AL,ASO,ES,Combined TRACON& Tower with Radar,4,18,1,0,23,0,0,0,0,0,4,18,1,0,23,0,0,0,23
04/25/2021,MGM,AL,ASO,ES,Combined TRACON& Tower with Radar,4,21,19,19,63,0,1,45,1,47,4,22,64,20,110,48,16,64,174
04/26/2021,MGM,AL,ASO,ES,Combined TRACON& Tower with Radar,4,19,20,47,90,0,2,40,12,54,4,21,60,59,144,18,16,34,178
04/27/2021,MGM,AL,ASO,ES,Combined TRACON& Tower with Radar,4,19,24,61,108,0,6,39,13,58,4,25,63,74,166,28,28,56,222
04/28/2021,MGM,AL,ASO,ES,Combined TRACON& Tower with Radar,4,19,32,87,142,0,7,46,11,64,4,26,78,98,206,16,92,108,314
04/29/2021,MGM,AL,ASO,ES,Combined TRACON& Tower with Radar,4,33,29,67,133,0,3,21,13,37,4,36,50,80,170,18,50,68,238
04/30/2021,MGM,AL,ASO,ES,Combined TRACON& Tower with Radar,8,21,24,112,165,0,1,16,16,33,8,22,40,128,198,12,109,121,319
05/01/2021,MGM,AL,ASO,ES,Combined TRACON& Tower with Radar,2,16,10,0,28,0,4,52,2,58,2,20,62,2,86,76,20,96,182
05/02/2021,MGM,AL,ASO,ES,Combined TRACON& Tower with Radar,4,20,11,10,45,0,2,8,4,14,4,22,19,14,59,0,0,0,59
05/03/2021,MGM,AL,ASO,ES,Combined TRACON& Tower with Radar,3,16,10,14,43,0,5,1,2,8,3,21,11,16,51,0,0,0,51
05/04/2021,MGM,AL,ASO,ES,Combined TRACON& Tower with Radar,13,19,15,20,67,0,0,3,1,4,13,19,18,21,71,2,18,20,91
05/05/2021,MGM,AL,ASO,ES,Combined TRACON& Tower with Radar,4,21,26,36,87,0,4,5,0,9,4,25,31,36,96,6,2,8,104
05/06/2021,MGM,AL,ASO,ES,Combined TRACON& Tower with Radar,2,23,25,95,145,0,5,36,16,57,2,28,61,111,202,40,172,212,414
05/07/2021,MGM,AL,ASO,ES,Combined TRACON& Tower with Radar,2,21,25,60,108,0,7,41,17,65,2,28,66,77,173,44,34,78,251
05/08/2021,MGM,AL,ASO,ES,Combined TRACON& Tower with Radar,0,22,19,23,64,0,8,42,1,51,0,30,61,24,115,6,0,6,121
05/09/2021,MGM,AL,ASO,ES,Combined TRACON& Tower with Radar,2,27,11,33,73,0,0,17,6,23,2,27,28,39,96,6,4,10,106
05/10/2021,MGM,AL,ASO,ES,Combined TRACON& Tower with Radar,2,28,8,20,58,0,2,5,0,7,2,30,13,20,65,14,0,14,79
05/11/2021,MGM,AL,ASO,ES,Combined TRACON& Tower with Radar,1,23,19,24,67,0,0,5,1,6,1,23,24,25,73,28,46,74,147
05/12/2021,MGM,AL,ASO,ES,Combined TRACON& Tower with Radar,2,19,27,62,110,0,0,2,2,4,2,19,29,64,114,0,3,3,117
05/13/2021,MGM,AL,ASO,ES,Combined TRACON& Tower with Radar,2,28,32,73,135,0,9,41,10,60,2,37,73,83,195,52,32,84,279
05/14/2021,MGM,AL,ASO,ES,Combined TRACON& Tower with Radar,2,19,26,42,89,0,0,37,16,53,2,19,63,58,142,10,36,46,188
05/15/2021,MGM,AL,ASO,ES,Combined TRACON& Tower with Radar,0,17,11,13,41,0,0,56,4,60,0,17,67,17,101,46,22,68,169
05/16/2021,MGM,AL,ASO,ES,Combined TRACON& Tower with Radar,2,23,28,20,73,0,2,40,12,54,2,25,68,32,127,28,6,34,161
05/17/2021,MGM,AL,ASO,ES,Combined TRACON& Tower with Radar,8,18,34,107,167,0,9,32,12,53,8,27,66,119,220,36,100,136,356
05/18/2021,MGM,AL,ASO,ES,Combined TRACON& Tower with Radar,2,18,39,116,175,0,4,34,12,50,2,22,73,128,225,8,78,86,311
05/19/2021,MGM,AL,ASO,ES,Combined TRACON& Tower with Radar,2,24,37,91,154,0,1,32,7,40,2,25,69,98,194,18,104,122,316
05/20/2021,MGM,AL,ASO,ES,Combined TRACON& Tower with Radar,4,22,29,80,135,0,12,15,19,46,4,34,44,99,181,68,68,136,317
05/21/2021,MGM,AL,ASO,ES,Combined TRACON& Tower with Radar,2,22,23,88,135,0,2,40,13,55,2,24,63,101,190,60,50,110,300
05/22/2021,MGM,AL,ASO,ES,Combined TRACON& Tower with Radar,0,17,9,0,26,0,4,25,2,31,0,21,34,2,57,46,1,47,104
05/23/2021,MGM,AL,ASO,ES,Combined TRACON& Tower with Radar,2,19,15,47,83,0,0,23,16,39,2,19,38,63,122,16,0,16,138
05/24/2021,MGM,AL,ASO,ES,Combined TRACON& Tower with Radar,4,20,22,71,117,0,0,43,11,54,4,20,65,82,171,52,18,70,241
05/25/2021,MGM,AL,ASO,ES,Combined TRACON& Tower with Radar,2,23,28,36,89,0,5,56,3,64,2,28,84,39,153,20,28,48,201
05/26/2021,MGM,AL,ASO,ES,Combined TRACON& Tower with Radar,2,29,32,103,166,0,2,25,18,45,2,31,57,121,211,10,38,48,259
05/27/2021,MGM,AL,ASO,ES,Combined TRACON& Tower with Radar,2,23,30,28,83,0,8,16,2,26,2,31,46,30,109,22,16,38,147
05/28/2021,MGM,AL,ASO,ES,Combined TRACON& Tower with Radar,3,18,19,10,50,0,1,19,0,20,3,19,38,10,70,26,0,26,96
05/29/2021,MGM,AL,ASO,ES,Combined TRACON& Tower with Radar,1,19,10,0,30,0,6,26,1,33,1,25,36,1,63,20,0,20,83
05/30/2021,MGM,AL,ASO,ES,Combined TRACON& Tower with Radar,1,19,7,0,27,0,2,20,0,22,1,21,27,0,49,2,0,2,51
05/31/2021,MGM,AL,ASO,ES,Combined TRACON& Tower with Radar,4,16,9,3,32,0,2,38,3,43,4,18,47,6,75,74,0,74,149
06/01/2021,MGM,AL,ASO,ES,Combined TRACON& Tower with Radar,4,21,36,35,96,0,4,31,5,40,4,25,67,40,136,0,20,20,156
06/02/2021,MGM,AL,ASO,ES,Combined TRACON& Tower with Radar,2,26,29,86,143,0,6,27,13,46,2,32,56,99,189,16,60,76,265
06/03/2021,MGM,AL,ASO,ES,Combined TRACON& Tower with Radar,7,10,40,38,95,0,5,9,0,14,7,15,49,38,109,14,22,36,145
06/04/2021,MGM,AL,ASO,ES,Combined TRACON& Tower with Radar,9,13,25,76,123,0,3,8,5,16,9,16,33,81,139,6,8,14,153
06/05/2021,MGM,AL,ASO,ES,Combined TRACON& Tower with Radar,10,15,16,26,67,0,2,15,11,28,10,17,31,37,95,8,10,18,113
06/06/2021,MGM,AL,ASO,ES,Combined TRACON& Tower with Radar,8,17,22,10,57,0,1,4,1,6,8,18,26,11,63,38,0,38,101
06/07/2021,MGM,AL,ASO,ES,Combined TRACON& Tower with Radar,9,15,8,37,69,0,2,8,3,13,9,17,16,40,82,0,110,110,192
06/08/2021,MGM,AL,ASO,ES,Combined TRACON& Tower with Radar,8,25,28,28,89,0,1,5,5,11,8,26,33,33,100,24,14,38,138
06/09/2021,MGM,AL,ASO,ES,Combined TRACON& Tower with Radar,7,12,28,30,77,0,3,19,6,28,7,15,47,36,105,12,22,34,139
06/10/2021,MGM,AL,ASO,ES,Combined TRACON& Tower with Radar,8,18,19,17,62,0,4,12,11,27,8,22,31,28,89,34,16,50,139
06/11/2021,MGM,AL,ASO,ES,Combined TRACON& Tower with Radar,11,20,29,20,80,0,9,20,23,52,11,29,49,43,132,6,8,14,146
06/12/2021,MGM,AL,ASO,ES,Combined TRACON& Tower with Radar,12,11,22,6,51,0,4,9,7,20,12,15,31,13,71,46,12,58,129
06/13/2021,MGM,AL,ASO,ES,Combined TRACON& Tower with Radar,10,19,24,27,80,0,0,37,34,71,10,19,61,61,151,40,46,86,237
06/14/2021,MGM,AL,ASO,ES,Combined TRACON& Tower with Radar,9,13,18,14,54,0,7,32,2,41,9,20,50,16,95,26,12,38,133
06/15/2021,MGM,AL,ASO,ES,Combined TRACON& Tower with Radar,9,14,30,71,124,0,7,62,12,81,9,21,92,83,205,74,3,77,282
06/16/2021,MGM,AL,ASO,ES,Combined TRACON& Tower with Radar,8,16,23,46,93,0,11,68,11,90,8,27,91,57,183,16,27,43,226
06/17/2021,MGM,AL,ASO,ES,Combined TRACON& Tower with Radar,7,20,46,62,135,0,4,80,24,108,7,24,126,86,243,48,54,102,345
06/18/2021,MGM,AL,ASO,ES,Combined TRACON& Tower with Radar,9,20,21,3,53,0,0,16,0,16,9,20,37,3,69,18,0,18,87
06/19/2021,MGM,AL,ASO,ES,Combined TRACON& Tower with Radar,13,12,8,0,33,0,0,0,0,0,13,12,8,0,33,0,0,0,33
06/20/2021,MGM,AL,ASO,ES,Combined TRACON& Tower with Radar,9,17,9,0,35,0,1,3,1,5,9,18,12,1,40,0,0,0,40
06/21/2021,MGM,AL,ASO,ES,Combined TRACON& Tower with Radar,10,15,19,24,68,0,0,8,5,13,10,15,27,29,81,54,58,112,193
06/22/2021,MGM,AL,ASO,ES,Combined TRACON& Tower with Radar,9,20,29,48,106,0,1,10,3,14,9,21,39,51,120,24,4,28,148
06/23/2021,MGM,AL,ASO,ES,Combined TRACON& Tower with Radar,8,12,20,124,164,0,0,61,34,95,8,12,81,158,259,42,110,152,411
06/24/2021,MGM,AL,ASO,ES,Combined TRACON& Tower with Radar,8,23,27,78,136,0,8,29,15,52,8,31,56,93,188,46,72,118,306
06/25/2021,MGM,AL,ASO,ES,Combined TRACON& Tower with Radar,9,15,27,91,142,0,11,32,21,64,9,26,59,112,206,4,44,48,254
06/26/2021,MGM,AL,ASO,ES,Combined TRACON& Tower with Radar,11,14,24,1,50,0,3,31,0,34,11,17,55,1,84,24,2,26,110
06/27/2021,MGM,AL,ASO,ES,Combined TRACON& Tower with Radar,9,16,12,18,55,0,0,7,7,14,9,16,19,25,69,0,0,0,69
06/28/2021,MGM,AL,ASO,ES,Combined TRACON& Tower with Radar,9,23,28,101,161,0,13,42,10,65,9,36,70,111,226,60,54,114,340
06/29/2021,MGM,AL,ASO,ES,Combined TRACON& Tower with Radar,8,19,26,17,70,0,6,37,2,45,8,25,63,19,115,48,4,52,167
06/30/2021,MGM,AL,ASO,ES,Combined TRACON& Tower with Radar,10,13,24,49,96,0,2,22,12,36,10,15,46,61,132,40,44,84,216
07/01/2021,MGM,AL,ASO,ES,Combined TRACON& Tower with Radar,12,18,43,44,117,0,3,15,5,23,12,21,58,49,140,46,14,60,200
07/02/2021,MGM,AL,ASO,ES,Combined TRACON& Tower with Radar,6,20,11,5,42,0,0,0,0,0,6,20,11,5,42,0,0,0,42
07/03/2021,MGM,AL,ASO,ES,Combined TRACON& Tower with Radar,10,13,3,2,28,0,3,27,2,32,10,16,30,4,60,46,0,46,106
07/04/2021,MGM,AL,ASO,ES,Combined TRACON& Tower with Radar,6,6,9,3,24,0,1,15,2,18,6,7,24,5,42,0,0,0,42
07/05/2021,MGM,AL,ASO,ES,Combined TRACON& Tower with Radar,10,18,21,6,55,0,1,9,0,10,10,19,30,6,65,0,2,2,67
07/06/2021,MGM,AL,ASO,ES,Combined TRACON& Tower with Radar,9,14,15,17,55,0,0,5,2,7,9,14,20,19,62,56,32,88,150
07/07/2021,MGM,AL,ASO,ES,Combined TRACON& Tower with Radar,9,20,28,61,118,0,2,5,1,8,9,22,33,62,126,10,14,24,150
07/08/2021,MGM,AL,ASO,ES,Combined TRACON& Tower with Radar,6,17,29,33,85,0,2,21,4,27,6,19,50,37,112,32,73,105,217
07/09/2021,MGM,AL,ASO,ES,Combined TRACON& Tower with Radar,16,14,11,55,96,0,3,38,8,49,16,17,49,63,145,32,60,92,237
07/10/2021,MGM,AL,ASO,ES,Combined TRACON& Tower with Radar,6,17,13,19,55,0,1,18,7,26,6,18,31,26,81,18,44,62,143
07/11/2021,MGM,AL,ASO,ES,Combined TRACON& Tower with Radar,7,14,14,19,54,0,2,13,3,18,7,16,27,22,72,0,26,26,98
07/12/2021,MGM,AL,ASO,ES,Combined TRACON& Tower with Radar,7,13,14,16,50,0,4,6,5,15,7,17,20,21,65,2,2,4,69
07/13/2021,MGM,AL,ASO,ES,Combined TRACON& Tower with Radar,6,21,23,33,83,0,12,27,8,47,6,33,50,41,130,38,50,88,218
07/14/2021,MGM,AL,ASO,ES,Combined TRACON& Tower with Radar,7,15,26,57,105,0,4,61,20,85,7,19,87,77,190,56,76,132,322
07/15/2021,MGM,AL,ASO,ES,Combined TRACON& Tower with Radar,9,25,22,59,115,0,3,32,11,46,9,28,54,70,161,14,96,110,271
07/16/2021,MGM,AL,ASO,ES,Combined TRACON& Tower with Radar,9,17,33,17,76,0,6,44,7,57,9,23,77,24,133,46,42,88,221
07/17/2021,MGM,AL,ASO,ES,Combined TRACON& Tower with Radar,9,14,16,26,65,0,0,32,4,36,9,14,48,30,101,40,40,80,181
07/18/2021,MGM,AL,ASO,ES,Combined TRACON& Tower with Radar,9,17,18,33,77,0,3,17,7,27,9,20,35,40,104,10,14,24,128
07/19/2021,MGM,AL,ASO,ES,Combined TRACON& Tower with Radar,6,16,20,0,42,0,1,6,0,7,6,17,26,0,49,4,0,4,53
07/20/2021,MGM,AL,ASO,ES,Combined TRACON& Tower with Radar,8,17,16,17,58,0,10,5,3,18,8,27,21,20,76,26,0,26,102
07/21/2021,MGM,AL,ASO,ES,Combined TRACON& Tower with Radar,10,14,27,40,91,0,3,7,16,26,10,17,34,56,117,22,0,22,139
07/22/2021,MGM,AL,ASO,ES,Combined TRACON& Tower with Radar,7,13,44,35,99,0,8,27,8,43,7,21,71,43,142,44,48,92,234
07/23/2021,MGM,AL,ASO,ES,Combined TRACON& Tower with Radar,8,15,15,11,49,0,3,28,10,41,8,18,43,21,90,22,14,36,126
07/24/2021,MGM,AL,ASO,ES,Combined TRACON& Tower with Radar,8,10,15,17,50,0,1,22,2,25,8,11,37,19,75,0,0,0,75
07/25/2021,MGM,AL,ASO,ES,Combined TRACON& Tower with Radar,13,13,18,34,78,0,0,39,7,46,13,13,57,41,124,2,1,3,127
07/26/2021,MGM,AL,ASO,ES,Combined TRACON& Tower with Radar,5,16,34,34,89,0,7,71,4,82,5,23,105,38,171,154,0,154,325
07/27/2021,MGM,AL,ASO,ES,Combined TRACON& Tower with Radar,7,20,16,10,53,0,1,21,2,24,7,21,37,12,77,44,16,60,137
07/28/2021,MGM,AL,ASO,ES,Combined TRACON& Tower with Radar,8,15,28,32,83,0,1,17,4,22,8,16,45,36,105,12,18,30,135
07/29/2021,MGM,AL,ASO,ES,Combined TRACON& Tower with Radar,10,16,24,59,109,0,3,45,14,62,10,19,69,73,171,8,28,36,207
07/30/2021,MGM,AL,ASO,ES,Combined TRACON& Tower with Radar,10,14,20,41,85,0,6,31,17,54,10,20,51,58,139,4,10,14,153
07/31/2021,MGM,AL,ASO,ES,Combined TRACON& Tower with Radar,9,11,13,2,35,0,6,21,4,31,9,17,34,6,66,0,0,0,66
08/01/2021,MGM,AL,ASO,ES,Combined TRACON& Tower with Radar,6,16,17,21,60,0,1,14,2,17,6,17,31,23,77,0,0,0,77
08/02/2021,MGM,AL,ASO,ES,Combined TRACON& Tower with Radar,6,14,6,17,43,0,1,13,2,16,6,15,19,19,59,18,0,18,77
08/03/2021,MGM,AL,ASO,ES,Combined TRACON& Tower with Radar,12,19,20,65,116,0,5,34,7,46,12,24,54,72,162,44,86,130,292
08/04/2021,MGM,AL,ASO,ES,Combined TRACON& Tower with Radar,7,16,34,49,106,0,5,25,18,48,7,21,59,67,154,36,18,54,208
08/05/2021,MGM,AL,ASO,ES,Combined TRACON& Tower with Radar,9,15,14,32,70,0,8,28,15,51,9,23,42,47,121,0,70,70,191
08/06/2021,MGM,AL,ASO,ES,Combined TRACON& Tower with Radar,7,19,19,47,92,0,3,35,11,49,7,22,54,58,141,40,32,72,213
08/07/2021,MGM,AL,ASO,ES,Combined TRACON& Tower with Radar,7,14,13,10,44,0,1,23,20,44,7,15,36,30,88,32,36,68,156
08/08/2021,MGM,AL,ASO,ES,Combined TRACON& Tower with Radar,6,18,15,12,51,0,0,17,4,21,6,18,32,16,72,0,10,10,82
08/09/2021,MGM,AL,ASO,ES,Combined TRACON& Tower with Radar,8,13,19,23,63,0,1,13,6,20,8,14,32,29,83,0,34,34,117
08/10/2021,MGM,AL,ASO,ES,Combined TRACON& Tower with Radar,10,22,23,35,90,0,7,17,4,28,10,29,40,39,118,10,85,95,213
08/11/2021,MGM,AL,ASO,ES,Combined TRACON& Tower with Radar,9,15,15,23,62,0,4,29,5,38,9,19,44,28,100,34,7,41,141
08/12/2021,MGM,AL,ASO,ES,Combined TRACON& Tower with Radar,10,15,22,15,62,0,1,30,8,39,10,16,52,23,101,40,0,40,141
08/13/2021,MGM,AL,ASO,ES,Combined TRACON& Tower with Radar,8,16,18,43,85,0,17,44,18,79,8,33,62,61,164,20,36,56,220
08/14/2021,MGM,AL,ASO,ES,Combined TRACON& Tower with Radar,8,13,15,8,44,0,0,16,2,18,8,13,31,10,62,10,4,14,76
08/15/2021,MGM,AL,ASO,ES,Combined TRACON& Tower with Radar,8,22,17,2,49,0,1,29,2,32,8,23,46,4,81,32,0,32,113
08/16/2021,MGM,AL,ASO,ES,Combined TRACON& Tower with Radar,11,12,17,5,45,0,2,9,3,14,11,14,26,8,59,10,36,46,105
08/17/2021,MGM,AL,ASO,ES,Combined TRACON& Tower with Radar,11,9,11,33,64,0,3,7,5,15,11,12,18,38,79,32,8,40,119
08/18/2021,MGM,AL,ASO,ES,Combined TRACON& Tower with Radar,13,14,52,63,142,0,9,33,6,48,13,23,85,69,190,24,65,89,279
08/19/2021,MGM,AL,ASO,ES,Combined TRACON& Tower with Radar,10,11,22,15,58,0,3,13,4,20,10,14,35,19,78,12,60,72,150
08/20/2021,MGM,AL,ASO,ES,Combined TRACON& Tower with Radar,13,16,10,17,56,0,3,12,2,17,13,19,22,19,73,6,12,18,91
08/21/2021,MGM,AL,ASO,ES,Combined TRACON& Tower with Radar,10,10,8,0,28,0,0,2,1,3,10,10,10,1,31,0,1,1,32
08/22/2021,MGM,AL,ASO,ES,Combined TRACON& Tower with Radar,13,17,12,5,47,0,0,14,3,17,13,17,26,8,64,10,6,16,80
08/23/2021,MGM,AL,ASO,ES,Combined TRACON& Tower with Radar,12,14,36,32,94,0,4,59,9,72,12,18,95,41,166,56,58,114,280
08/24/2021,MGM,AL,ASO,ES,Combined TRACON& Tower with Radar,12,11,22,59,104,0,2,37,11,50,12,13,59,70,154,58,52,110,264
08/25/2021,MGM,AL,ASO,ES,Combined TRACON& Tower with Radar,12,12,27,40,91,0,2,14,7,23,12,14,41,47,114,0,48,48,162
08/26/2021,MGM,AL,ASO,ES,Combined TRACON& Tower with Radar,13,11,35,51,110,0,0,20,11,31,13,11,55,62,141,62,37,99,240
08/27/2021,MGM,AL,ASO,ES,Combined TRACON& Tower with Radar,11,12,41,31,95,0,3,31,6,40,11,15,72,37,135,64,9,73,208
08/28/2021,MGM,AL,ASO,ES,Combined TRACON& Tower with Radar,10,8,18,4,40,0,1,15,0,16,10,9,33,4,56,52,0,52,108
08/29/2021,MGM,AL,ASO,ES,Combined TRACON& Tower with Radar,17,14,10,0,41,0,0,0,0,0,17,14,10,0,41,0,0,0,41
08/30/2021,MGM,AL,ASO,ES,Combined TRACON& Tower with Radar,11,11,3,0,25,0,0,0,0,0,11,11,3,0,25,0,0,0,25
08/31/2021,MGM,AL,ASO,ES,Combined TRACON& Tower with Radar,16,8,13,6,43,0,2,6,10,18,16,10,19,16,61,0,44,44,105
09/01/2021,MGM,AL,ASO,ES,Combined TRACON& Tower with Radar,12,13,25,13,63,0,3,19,13,35,12,16,44,26,98,14,0,14,112
09/02/2021,MGM,AL,ASO,ES,Combined TRACON& Tower with Radar,12,13,24,36,85,0,9,56,4,69,12,22,80,40,154,74,16,90,244
09/03/2021,MGM,AL,ASO,ES,Combined TRACON& Tower with Radar,14,16,25,0,55,0,10,55,0,65,14,26,80,0,120,36,0,36,156
09/04/2021,MGM,AL,ASO,ES,Combined TRACON& Tower with Radar,8,8,23,0,39,0,0,38,2,40,8,8,61,2,79,40,0,40,119
09/05/2021,MGM,AL,ASO,ES,Combined TRACON& Tower with Radar,7,11,21,2,41,0,3,34,5,42,7,14,55,7,83,34,0,34,117
09/06/2021,MGM,AL,ASO,ES,Combined TRACON& Tower with Radar,12,12,10,0,34,0,1,22,1,24,12,13,32,1,58,10,0,10,68
09/07/2021,MGM,AL,ASO,ES,Combined TRACON& Tower with Radar,12,12,30,42,96,0,4,32,4,40,12,16,62,46,136,74,42,116,252
09/08/2021,MGM,AL,ASO,ES,Combined TRACON& Tower with Radar,12,11,26,43,92,0,3,22,4,29,12,14,48,47,121,60,4,64,185
09/09/2021,MGM,AL,ASO,ES,Combined TRACON& Tower with Radar,13,9,26,53,101,0,5,45,16,66,13,14,71,69,167,74,30,104,271
09/10/2021,MGM,AL,ASO,ES,Combined TRACON& Tower with Radar,14,8,26,46,94,0,7,71,11,89,14,15,97,57,183,56,42,98,281
09/11/2021,MGM,AL,ASO,ES,Combined TRACON& Tower with Radar,10,9,10,16,45,0,0,34,6,40,10,9,44,22,85,48,34,82,167
09/12/2021,MGM,AL,ASO,ES,Combined TRACON& Tower with Radar,13,10,14,30,67,0,3,16,13,32,13,13,30,43,99,0,6,6,105
09/13/2021,MGM,AL,ASO,ES,Combined TRACON& Tower with Radar,12,10,28,29,79,0,4,39,3,46,12,14,67,32,125,40,52,92,217
09/14/2021,MGM,AL,ASO,ES,Combined TRACON& Tower with Radar,12,12,29,39,92,0,9,10,4,23,12,21,39,43,115,72,16,88,203
09/15/2021,MGM,AL,ASO,ES,Combined TRACON& Tower with Radar,12,8,18,23,61,0,2,1,2,5,12,10,19,25,66,12,0,12,78
09/16/2021,MGM,AL,ASO,ES,Combined TRACON& Tower with Radar,12,11,22,12,57,0,0,0,5,5,12,11,22,17,62,0,18,18,80
09/17/2021,MGM,AL,ASO,ES,Combined TRACON& Tower with Radar,13,13,19,15,60,0,1,8,18,27,13,14,27,33,87,6,32,38,125
09/18/2021,MGM,AL,ASO,ES,Combined TRACON& Tower with Radar,10,10,7,4,31,0,0,4,2,6,10,10,11,6,37,14,0,14,51
09/19/2021,MGM,AL,ASO,ES,Combined TRACON& Tower with Radar,13,14,23,9,59,0,0,0,1,1,13,14,23,10,60,0,0,0,60
09/20/2021,MGM,AL,ASO,ES,Combined TRACON& Tower with Radar,12,10,24,30,76,0,3,12,3,18,12,13,36,33,94,58,18,76,170
09/21/2021,MGM,AL,ASO,ES,Combined TRACON& Tower with Radar,12,13,43,31,99,0,1,15,2,18,12,14,58,33,117,54,22,76,193
09/22/2021,MGM,AL,ASO,ES,Combined TRACON& Tower with Radar,12,8,32,23,75,0,6,23,7,36,12,14,55,30,111,20,4,24,135
09/23/2021,MGM,AL,ASO,ES,Combined TRACON& Tower with Radar,14,13,37,20,84,0,4,43,11,58,14,17,80,31,142,64,28,92,234
09/24/2021,MGM,AL,ASO,ES,Combined TRACON& Tower with Radar,14,11,24,27,76,0,4,37,4,45,14,15,61,31,121,12,20,32,153
09/25/2021,MGM,AL,ASO,ES,Combined TRACON& Tower with Radar,10,9,16,9,44,0,2,33,0,35,10,11,49,9,79,32,0,32,111
09/26/2021,MGM,AL,ASO,ES,Combined TRACON& Tower with Radar,13,14,14,8,49,0,1,23,0,24,13,15,37,8,73,24,0,24,97
09/27/2021,MGM,AL,ASO,ES,Combined TRACON& Tower with Radar,12,12,29,41,94,0,0,37,15,52,12,12,66,56,146,112,36,148,294
09/28/2021,MGM,AL,ASO,ES,Combined TRACON& Tower with Radar,14,18,30,61,123,0,4,41,16,61,14,22,71,77,184,66,42,108,292
09/29/2021,MGM,AL,ASO,ES,Combined TRACON& Tower with Radar,16,10,19,71,116,0,3,25,5,33,16,13,44,76,149,68,126,194,343
09/30/2021,MGM,AL,ASO,ES,Combined TRACON& Tower with Radar,13,16,43,17,89,0,0,27,9,36,13,16,70,26,125,90,18,108,233
10/01/2021,MGM,AL,ASO,ES,Combined TRACON& Tower with Radar,13,12,29,29,83,0,3,47,8,58,13,15,76,37,141,31,8,39,180
10/02/2021,MGM,AL,ASO,ES,Combined TRACON& Tower with Radar,10,10,15,28,63,0,0,30,6,36,10,10,45,34,99,0,38,38,137
10/03/2021,MGM,AL,ASO,ES,Combined TRACON& Tower with Radar,13,18,27,28,86,0,1,9,4,14,13,19,36,32,100,0,18,18,118
10/04/2021,MGM,AL,ASO,ES,Combined TRACON& Tower with Radar,14,10,23,6,53,0,0,1,0,1,14,10,24,6,54,0,0,0,54
10/05/2021,MGM,AL,ASO,ES,Combined TRACON& Tower with Radar,12,6,14,13,45,0,0,2,1,3,12,6,16,14,48,2,0,2,50
10/06/2021,MGM,AL,ASO,ES,Combined TRACON& Tower with Radar,15,7,35,18,75,0,1,7,7,15,15,8,42,25,90,58,20,78,168
10/07/2021,MGM,AL,ASO,ES,Combined TRACON& Tower with Radar,11,11,41,59,122,0,8,16,5,29,11,19,57,64,151,46,32,78,229
10/08/2021,MGM,AL,ASO,ES,Combined TRACON& Tower with Radar,16,17,36,14,83,0,10,39,3,52,16,27,75,17,135,66,8,74,209
10/09/2021,MGM,AL,ASO,ES,Combined TRACON& Tower with Radar,9,8,23,4,44,0,6,23,0,29,9,14,46,4,73,22,0,22,95
10/10/2021,MGM,AL,ASO,ES,Combined TRACON& Tower with Radar,10,14,37,2,63,0,0,23,0,23,10,14,60,2,86,0,0,0,86
10/11/2021,MGM,AL,ASO,ES,Combined TRACON& Tower with Radar,9,12,33,0,54,0,0,63,0,63,9,12,96,0,117,80,0,80,197
10/12/2021,MGM,AL,ASO,ES,Combined TRACON& Tower with Radar,9,13,39,81,142,0,0,39,7,46,9,13,78,88,188,74,57,131,319
10/13/2021,MGM,AL,ASO,ES,Combined TRACON& Tower with Radar,10,15,32,46,103,0,7,44,8,59,10,22,76,54,162,122,88,210,372
10/14/2021,MGM,AL,ASO,ES,Combined TRACON& Tower with Radar,10,13,46,43,112,0,1,38,9,48,10,14,84,52,160,114,59,173,333
10/15/2021,MGM,AL,ASO,ES,Combined TRACON& Tower with Radar,11,11,29,33,84,0,1,35,9,45,11,12,64,42,129,91,12,103,232
10/16/2021,MGM,AL,ASO,ES,Combined TRACON& Tower with Radar,10,8,22,6,46,0,0,17,13,30,10,8,39,19,76,8,1,9,85
10/17/2021,MGM,AL,ASO,ES,Combined TRACON& Tower with Radar,12,12,16,12,52,0,0,23,8,31,12,12,39,20,83,17,4,21,104
10/18/2021,MGM,AL,ASO,ES,Combined TRACON& Tower with Radar,10,16,44,29,99,0,4,43,5,52,10,20,87,34,151,38,16,54,205
10/19/2021,MGM,AL,ASO,ES,Combined TRACON& Tower with Radar,10,15,39,20,84,0,9,58,9,76,10,24,97,29,160,48,15,63,223
10/20/2021,MGM,AL,ASO,ES,Combined TRACON& Tower with Radar,10,17,25,53,105,0,2,56,11,69,10,19,81,64,174,52,62,114,288
10/21/2021,MGM,AL,ASO,ES,Combined TRACON& Tower with Radar,9,13,37,30,89,0,5,17,15,37,9,18,54,45,126,66,0,66,192
10/22/2021,MGM,AL,ASO,ES,Combined TRACON& Tower with Radar,8,17,31,35,91,0,3,55,6,64,8,20,86,41,155,26,9,35,190
10/23/2021,MGM,AL,ASO,ES,Combined TRACON& Tower with Radar,9,8,29,14,60,0,0,25,0,25,9,8,54,14,85,12,0,12,97
10/24/2021,MGM,AL,ASO,ES,Combined TRACON& Tower with Radar,8,14,28,26,76,0,0,16,10,26,8,14,44,36,102,12,0,12,114
10/25/2021,MGM,AL,ASO,ES,Combined TRACON& Tower with Radar,10,12,38,52,112,0,1,28,8,37,10,13,66,60,149,14,50,64,213
10/26/2021,MGM,AL,ASO,ES,Combined TRACON& Tower with Radar,10,16,48,63,137,0,3,55,16,74,10,19,103,79,211,118,56,174,385
10/27/2021,MGM,AL,ASO,ES,Combined TRACON& Tower with Radar,11,16,51,60,138,0,6,57,8,71,11,22,108,68,209,40,144,184,393
10/28/2021,MGM,AL,ASO,ES,Combined TRACON& Tower with Radar,10,16,28,71,125,0,3,14,8,25,10,19,42,79,150,0,79,79,229
10/29/2021,MGM,AL,ASO,ES,Combined TRACON& Tower with Radar,10,16,22,41,89,0,1,4,9,14,10,17,26,50,103,46,68,114,217
10/30/2021,MGM,AL,ASO,ES,Combined TRACON& Tower with Radar,10,12,20,0,42,0,2,1,0,3,10,14,21,0,45,0,0,0,45
10/31/2021,MGM,AL,ASO,ES,Combined TRACON& Tower with Radar,11,14,24,19,68,0,3,30,3,36,11,17,54,22,104,44,0,44,148
11/01/2021,MGM,AL,ASO,ES,Combined TRACON& Tower with Radar,11,12,22,29,74,0,16,33,9,58,11,28,55,38,132,26,68,94,226
11/02/2021,MGM,AL,ASO,ES,Combined TRACON& Tower with Radar,5,19,32,23,79,0,6,57,1,64,5,25,89,24,143,72,18,90,233
11/03/2021,MGM,AL,ASO,ES,Combined TRACON& Tower with Radar,3,21,37,63,124,0,5,33,24,62,3,26,70,87,186,34,118,152,338
11/04/2021,MGM,AL,ASO,ES,Combined TRACON& Tower with Radar,5,19,36,68,128,0,1,4,6,11,5,20,40,74,139,14,55,69,208
11/05/2021,MGM,AL,ASO,ES,Combined TRACON& Tower with Radar,4,16,53,80,153,0,7,21,14,42,4,23,74,94,195,62,58,120,315
11/06/2021,MGM,AL,ASO,ES,Combined TRACON& Tower with Radar,4,14,37,20,75,0,3,52,9,64,4,17,89,29,139,22,16,38,177
11/07/2021,MGM,AL,ASO,ES,Combined TRACON& Tower with Radar,4,18,19,11,52,0,0,33,11,44,4,18,52,22,96,36,1,37,133
11/08/2021,MGM,AL,ASO,ES,Combined TRACON& Tower with Radar,4,15,31,30,80,0,1,40,19,60,4,16,71,49,140,128,18,146,286
11/09/2021,MGM,AL,ASO,ES,Combined TRACON& Tower with Radar,4,15,48,54,121,0,16,39,2,57,4,31,87,56,178,126,34,160,338
11/10/2021,MGM,AL,ASO,ES,Combined TRACON& Tower with Radar,3,17,29,52,101,0,5,40,6,51,3,22,69,58,152,122,28,150,302
11/11/2021,MGM,AL,ASO,ES,Combined TRACON& Tower with Radar,4,17,15,0,36,0,0,5,6,11,4,17,20,6,47,4,0,4,51
11/12/2021,MGM,AL,ASO,ES,Combined TRACON& Tower with Radar,5,19,14,26,64,0,0,31,1,32,5,19,45,27,96,26,20,46,142
11/13/2021,MGM,AL,ASO,ES,Combined TRACON& Tower with Radar,9,19,14,0,42,0,1,35,0,36,9,20,49,0,78,42,0,42,120
11/14/2021,MGM,AL,ASO,ES,Combined TRACON& Tower with Radar,4,21,13,0,38,0,0,35,0,35,4,21,48,0,73,8,0,8,81
11/15/2021,MGM,AL,ASO,ES,Combined TRACON& Tower with Radar,4,15,36,50,105,0,2,24,1,27,4,17,60,51,132,32,38,70,202
11/16/2021,MGM,AL,ASO,ES,Combined TRACON& Tower with Radar,4,15,44,48,111,0,5,42,9,56,4,20,86,57,167,45,50,95,262
11/17/2021,MGM,AL,ASO,ES,Combined TRACON& Tower with Radar,4,17,48,47,116,0,0,66,6,72,4,17,114,53,188,14,120,134,322
11/18/2021,MGM,AL,ASO,ES,Combined TRACON& Tower with Radar,3,20,38,68,129,0,2,28,13,43,3,22,66,81,172,16,67,83,255
11/19/2021,MGM,AL,ASO,ES,Combined TRACON& Tower with Radar,4,23,47,64,138,0,0,35,15,50,4,23,82,79,188,36,50,86,274
11/20/2021,MGM,AL,ASO,ES,Combined TRACON& Tower with Radar,3,13,17,3,36,0,0,47,7,54,3,13,64,10,90,22,42,64,154
11/21/2021,MGM,AL,ASO,ES,Combined TRACON& Tower with Radar,4,14,9,23,50,0,0,18,6,24,4,14,27,29,74,0,0,0,74
11/22/2021,MGM,AL,ASO,ES,Combined TRACON& Tower with Radar,4,14,18,28,64,0,0,13,0,13,4,14,31,28,77,6,24,30,107
11/23/2021,MGM,AL,ASO,ES,Combined TRACON& Tower with Radar,3,18,42,52,115,0,2,39,12,53,3,20,81,64,168,152,40,192,360
11/24/2021,MGM,AL,ASO,ES,Combined TRACON& Tower with Radar,6,22,31,17,76,0,2,18,4,24,6,24,49,21,100,16,38,54,154
11/25/2021,MGM,AL,ASO,ES,Combined TRACON& Tower with Radar,1,11,19,1,32,0,0,2,0,2,1,11,21,1,34,0,0,0,34
11/26/2021,MGM,AL,ASO,ES,Combined TRACON& Tower with Radar,3,11,12,0,26,0,2,13,1,16,3,13,25,1,42,0,0,0,42
11/27/2021,MGM,AL,ASO,ES,Combined TRACON& Tower with Radar,4,13,29,0,46,0,0,19,1,20,4,13,48,1,66,12,10,22,88
11/28/2021,MGM,AL,ASO,ES,Combined TRACON& Tower with Radar,4,23,27,0,54,0,3,16,0,19,4,26,43,0,73,16,0,16,89
11/29/2021,MGM,AL,ASO,ES,Combined TRACON& Tower with Radar,4,17,41,45,107,0,6,36,5,47,4,23,77,50,154,58,34,92,246
11/30/2021,MGM,AL,ASO,ES,Combined TRACON& Tower with Radar,4,17,42,74,137,0,6,37,3,46,4,23,79,77,183,104,66,170,353
12/01/2021,MGM,AL,ASO,ES,Combined TRACON& Tower with Radar,4,28,45,64,141,0,6,45,17,68,4,34,90,81,209,88,60,148,357
12/02/2021,MGM,AL,ASO,ES,Combined TRACON& Tower with Radar,5,19,35,63,122,0,17,31,11,59,5,36,66,74,181,62,92,154,335
12/03/2021,MGM,AL,ASO,ES,Combined TRACON& Tower with Radar,4,18,36,43,101,0,4,23,6,33,4,22,59,49,134,54,16,70,204
12/04/2021,MGM,AL,ASO,ES,Combined TRACON& Tower with Radar,4,14,34,17,69,0,3,23,2,28,4,17,57,19,97,11,4,15,112
12/05/2021,MGM,AL,ASO,ES,Combined TRACON& Tower with Radar,3,16,43,56,118,0,3,25,5,33,3,19,68,61,151,54,6,60,211
12/06/2021,MGM,AL,ASO,ES,Combined TRACON& Tower with Radar,4,24,19,11,58,0,0,1,1,2,4,24,20,12,60,2,4,6,66
12/07/2021,MGM,AL,ASO,ES,Combined TRACON& Tower with Radar,7,31,51,62,151,0,2,8,0,10,7,33,59,62,161,8,30,38,199
12/08/2021,MGM,AL,ASO,ES,Combined TRACON& Tower with Radar,4,19,28,40,91,0,3,21,2,26,4,22,49,42,117,0,32,32,149
12/09/2021,MGM,AL,ASO,ES,Combined TRACON& Tower with Radar,4,25,42,52,123,0,2,22,15,39,4,27,64,67,162,46,96,142,304
12/10/2021,MGM,AL,ASO,ES,Combined TRACON& Tower with Radar,3,20,10,26,59,0,1,8,5,14,3,21,18,31,73,26,20,46,119
12/11/2021,MGM,AL,ASO,ES,Combined TRACON& Tower with Radar,3,17,16,3,39,0,0,1,6,7,3,17,17,9,46,4,4,8,54
12/12/2021,MGM,AL,ASO,ES,Combined TRACON& Tower with Radar,6,19,32,10,67,0,4,36,4,44,6,23,68,14,111,16,9,25,136
12/13/2021,MGM,AL,ASO,ES,Combined TRACON& Tower with Radar,7,19,42,87,155,0,12,58,15,85,7,31,100,102,240,102,114,216,456
12/14/2021,MGM,AL,ASO,ES,Combined TRACON& Tower with Radar,6,21,54,53,134,0,4,45,9,58,6,25,99,62,192,70,34,104,296
12/15/2021,MGM,AL,ASO,ES,Combined TRACON& Tower with Radar,5,16,54,70,145,0,4,21,4,29,5,20,75,74,174,58,40,98,272
12/16/2021,MGM,AL,ASO,ES,Combined TRACON& Tower with Radar,11,16,24,47,98,0,3,5,13,21,11,19,29,60,119,2,36,38,157
12/17/2021,MGM,AL,ASO,ES,Combined TRACON& Tower with Radar,6,24,27,40,97,0,0,2,2,4,6,24,29,42,101,0,4,4,105
12/18/2021,MGM,AL,ASO,ES,Combined TRACON& Tower with Radar,4,16,9,0,29,0,0,0,0,0,4,16,9,0,29,0,0,0,29
12/19/2021,MGM,AL,ASO,ES,Combined TRACON& Tower with Radar,4,18,15,0,37,0,0,8,0,8,4,18,23,0,45,1,0,1,46
12/20/2021,MGM,AL,ASO,ES,Combined TRACON& Tower with Radar,3,16,45,34,98,0,4,2,0,6,3,20,47,34,104,30,22,52,156
12/21/2021,MGM,AL,ASO,ES,Combined TRACON& Tower with Radar,8,20,26,44,98,0,0,1,0,1,8,20,27,44,99,8,18,26,125
12/22/2021,MGM,AL,ASO,ES,Combined TRACON& Tower with Radar,4,20,18,52,94,0,12,41,5,58,4,32,59,57,152,52,62,114,266
12/23/2021,MGM,AL,ASO,ES,Combined TRACON& Tower with Radar,4,19,18,5,46,0,3,57,0,60,4,22,75,5,106,48,0,48,154
12/24/2021,MGM,AL,ASO,ES,Combined TRACON& Tower with Radar,1,12,16,0,29,0,0,17,0,17,1,12,33,0,46,8,0,8,54
12/25/2021,MGM,AL,ASO,ES,Combined TRACON& Tower with Radar,5,17,9,0,31,0,0,5,0,5,5,17,14,0,36,0,0,0,36
12/26/2021,MGM,AL,ASO,ES,Combined TRACON& Tower with Radar,5,18,12,0,35,0,2,8,0,10,5,20,20,0,45,16,0,16,61
12/27/2021,MGM,AL,ASO,ES,Combined TRACON& Tower with Radar,2,23,20,10,55,0,1,9,0,10,2,24,29,10,65,12,0,12,77
12/28/2021,MGM,AL,ASO,ES,Combined TRACON& Tower with Radar,2,15,24,18,59,0,4,10,4,18,2,19,34,22,77,36,16,52,129
12/29/2021,MGM,AL,ASO,ES,Combined TRACON& Tower with Radar,1,19,7,24,51,0,2,4,1,7,1,21,11,25,58,52,30,82,140
12/30/2021,MGM,AL,ASO,ES,Combined TRACON& Tower with Radar,1,17,7,5,30,0,1,1,0,2,1,18,8,5,32,22,6,28,60
12/31/2021,MGM,AL,ASO,ES,Combined TRACON& Tower with Radar,0,17,7,0,24,0,1,7,0,8,0,18,14,0,32,10,0,10,42
01/01/2022,MGM,AL,ASO,ES,Combined TRACON& Tower with Radar,2,11,8,0,21,0,4,0,0,4,2,15,8,0,25,0,0,0,25
01/02/2022,MGM,AL,ASO,ES,Combined TRACON& Tower with Radar,4,19,11,0,34,0,0,0,0,0,4,19,11,0,34,0,0,0,34
01/03/2022,MGM,AL,ASO,ES,Combined TRACON& Tower with Radar,0,12,36,0,48,0,4,13,0,17,0,16,49,0,65,6,0,6,71
01/04/2022,MGM,AL,ASO,ES,Combined TRACON& Tower with Radar,3,13,31,31,78,0,4,41,4,49,3,17,72,35,127,50,36,86,213
01/05/2022,MGM,AL,ASO,ES,Combined TRACON& Tower with Radar,5,12,50,43,110,0,3,26,3,32,5,15,76,46,142,48,84,132,274
01/06/2022,MGM,AL,ASO,ES,Combined TRACON& Tower with Radar,5,16,10,32,63,0,2,10,17,29,5,18,20,49,92,26,62,88,180
01/07/2022,MGM,AL,ASO,ES,Combined TRACON& Tower with Radar,6,17,14,37,74,0,0,37,10,47,6,17,51,47,121,24,44,68,189
01/08/2022,MGM,AL,ASO,ES,Combined TRACON& Tower with Radar,3,10,24,21,58,0,1,50,26,77,3,11,74,47,135,58,43,101,236
01/09/2022,MGM,AL,ASO,ES,Combined TRACON& Tower with Radar,3,19,7,33,62,0,0,2,1,3,3,19,9,34,65,0,28,28,93
01/10/2022,MGM,AL,ASO,ES,Combined TRACON& Tower with Radar,7,16,27,36,86,0,1,22,3,26,7,17,49,39,112,2,14,16,128
01/11/2022,MGM,AL,ASO,ES,Combined TRACON& Tower with Radar,5,19,41,30,95,0,3,44,0,47,5,22,85,30,142,56,6,62,204
01/12/2022,MGM,AL,ASO,ES,Combined TRACON& Tower with Radar,4,13,37,49,103,0,4,37,4,45,4,17,74,53,148,38,18,56,204
01/13/2022,MGM,AL,ASO,ES,Combined TRACON& Tower with Radar,6,15,23,41,85,0,7,42,8,57,6,22,65,49,142,80,4,84,226
01/14/2022,MGM,AL,ASO,ES,Combined TRACON& Tower with Radar,5,20,40,15,80,0,5,37,5,47,5,25,77,20,127,147,2,149,276
01/15/2022,MGM,AL,ASO,ES,Combined TRACON& Tower with Radar,3,12,29,0,44,0,0,13,0,13,3,12,42,0,57,2,0,2,59
01/16/2022,MGM,AL,ASO,ES,Combined TRACON& Tower with Radar,3,11,9,0,23,0,0,0,0,0,3,11,9,0,23,0,0,0,23
01/17/2022,MGM,AL,ASO,ES,Combined TRACON& Tower with Radar,3,25,21,0,49,0,1,3,0,4,3,26,24,0,53,0,0,0,53
01/18/2022,MGM,AL,ASO,ES,Combined TRACON& Tower with Radar,6,21,37,29,93,0,2,51,11,64,6,23,88,40,157,88,22,110,267
01/19/2022,MGM,AL,ASO,ES,Combined TRACON& Tower with Radar,5,12,28,63,108,0,2,33,14,49,5,14,61,77,157,56,76,132,289
01/20/2022,MGM,AL,ASO,ES,Combined TRACON& Tower with Radar,2,17,16,25,60,0,0,0,0,0,2,17,16,25,60,0,0,0,60
01/21/2022,MGM,AL,ASO,ES,Combined TRACON& Tower with Radar,4,28,18,34,84,0,3,1,0,4,4,31,19,34,88,79,15,94,182
01/22/2022,MGM,AL,ASO,ES,Combined TRACON& Tower with Radar,3,11,9,12,35,0,0,39,10,49,3,11,48,22,84,88,24,112,196
01/23/2022,MGM,AL,ASO,ES,Combined TRACON& Tower with Radar,3,15,34,2,54,0,3,56,16,75,3,18,90,18,129,60,4,64,193
01/24/2022,MGM,AL,ASO,ES,Combined TRACON& Tower with Radar,5,17,31,51,104,0,9,56,5,70,5,26,87,56,174,106,64,170,344
01/25/2022,MGM,AL,ASO,ES,Combined TRACON& Tower with Radar,5,20,30,46,101,0,0,39,5,44,5,20,69,51,145,14,64,78,223
01/26/2022,MGM,AL,ASO,ES,Combined TRACON& Tower with Radar,4,19,26,40,89,0,2,37,21,60,4,21,63,61,149,74,38,112,261
01/27/2022,MGM,AL,ASO,ES,Combined TRACON& Tower with Radar,7,29,51,51,138,0,2,42,18,62,7,31,93,69,200,90,50,140,340
01/28/2022,MGM,AL,ASO,ES,Combined TRACON& Tower with Radar,8,19,25,59,111,0,5,33,13,51,8,24,58,72,162,46,30,76,238
01/29/2022,MGM,AL,ASO,ES,Combined TRACON& Tower with Radar,3,12,23,2,40,0,2,49,0,51,3,14,72,2,91,10,0,10,101
01/30/2022,MGM,AL,ASO,ES,Combined TRACON& Tower with Radar,3,21,17,8,49,0,1,40,4,45,3,22,57,12,94,28,0,28,122
01/31/2022,MGM,AL,ASO,ES,Combined TRACON& Tower with Radar,2,15,40,8,65,0,6,27,1,34,2,21,67,9,99,80,42,122,221
02/01/2022,MGM,AL,ASO,ES,Combined TRACON& Tower with Radar,4,15,33,43,95,0,2,32,7,41,4,17,65,50,136,36,38,74,210
02/02/2022,MGM,AL,ASO,ES,Combined TRACON& Tower with Radar,4,13,31,61,109,0,2,19,6,27,4,15,50,67,136,20,12,32,168
02/03/2022,MGM,AL,ASO,ES,Combined TRACON& Tower with Radar,2,11,5,3,21,0,0,0,0,0,2,11,5,3,21,0,0,0,21
02/04/2022,MGM,AL,ASO,ES,Combined TRACON& Tower with Radar,2,16,13,0,31,0,0,0,0,0,2,16,13,0,31,0,0,0,31
02/05/2022,MGM,AL,ASO,ES,Combined TRACON& Tower with Radar,3,13,31,13,60,0,5,25,29,59,3,18,56,42,119,6,51,57,176
02/06/2022,MGM,AL,ASO,ES,Combined TRACON& Tower with Radar,1,17,24,13,55,0,2,39,3,44,1,19,63,16,99,28,32,60,159
02/07/2022,MGM,AL,ASO,ES,Combined TRACON& Tower with Radar,5,17,24,19,65,0,9,27,3,39,5,26,51,22,104,26,4,30,134
02/08/2022,MGM,AL,ASO,ES,Combined TRACON& Tower with Radar,6,14,32,75,127,0,7,47,6,60,6,21,79,81,187,46,30,76,263
02/09/2022,MGM,AL,ASO,ES,Combined TRACON& Tower with Radar,3,18,33,45,99,0,6,46,6,58,3,24,79,51,157,44,61,105,262
02/10/2022,MGM,AL,ASO,ES,Combined TRACON& Tower with Radar,2,19,37,60,118,0,8,58,14,80,2,27,95,74,198,118,42,160,358
02/11/2022,MGM,AL,ASO,ES,Combined TRACON& Tower with Radar,6,18,46,77,147,0,11,53,12,76,6,29,99,89,223,56,119,175,398
02/12/2022,MGM,AL,ASO,ES,Combined TRACON& Tower with Radar,5,12,14,8,39,0,1,56,5,62,5,13,70,13,101,62,18,80,181
02/13/2022,MGM,AL,ASO,ES,Combined TRACON& Tower with Radar,5,11,15,32,63,0,3,22,8,33,5,14,37,40,96,0,6,6,102
02/14/2022,MGM,AL,ASO,ES,Combined TRACON& Tower with Radar,5,23,29,38,95,0,1,37,2,40,5,24,66,40,135,86,36,122,257
02/15/2022,MGM,AL,ASO,ES,Combined TRACON& Tower with Radar,6,11,43,45,105,0,7,21,11,39,6,18,64,56,144,70,84,154,298
02/16/2022,MGM,AL,ASO,ES,Combined TRACON& Tower with Radar,3,20,29,100,152,0,3,20,12,35,3,23,49,112,187,10,88,98,285
02/17/2022,MGM,AL,ASO,ES,Combined TRACON& Tower with Radar,2,20,9,8,39,0,0,1,1,2,2,20,10,9,41,0,10,10,51
02/18/2022,MGM,AL,ASO,ES,Combined TRACON& Tower with Radar,2,19,43,25,89,0,4,11,1,16,2,23,54,26,105,10,0,10,115
02/19/2022,MGM,AL,ASO,ES,Combined TRACON& Tower with Radar,3,14,32,2,51,0,2,74,4,80,3,16,106,6,131,80,0,80,211
02/20/2022,MGM,AL,ASO,ES,Combined TRACON& Tower with Radar,3,14,35,0,52,0,2,46,2,50,3,16,81,2,102,36,0,36,138
02/21/2022,MGM,AL,ASO,ES,Combined TRACON& Tower with Radar,2,18,15,0,35,0,0,4,0,4,2,18,19,0,39,12,0,12,51
02/22/2022,MGM,AL,ASO,ES,Combined TRACON& Tower with Radar,5,16,26,64,111,0,2,15,12,29,5,18,41,76,140,38,47,85,225
02/23/2022,MGM,AL,ASO,ES,Combined TRACON& Tower with Radar,3,20,39,123,185,0,1,19,4,24,3,21,58,127,209,48,56,104,313
02/24/2022,MGM,AL,ASO,ES,Combined TRACON& Tower with Radar,3,20,35,125,183,0,4,13,18,35,3,24,48,143,218,62,95,157,375
02/25/2022,MGM,AL,ASO,ES,Combined TRACON& Tower with Radar,1,19,25,68,113,0,4,5,6,15,1,23,30,74,128,58,26,84,212
02/26/2022,MGM,AL,ASO,ES,Combined TRACON& Tower with Radar,2,14,30,8,54,0,0,29,8,37,2,14,59,16,91,76,12,88,179
02/27/2022,MGM,AL,ASO,ES,Combined TRACON& Tower with Radar,1,23,13,9,46,0,0,3,1,4,1,23,16,10,50,0,0,0,50
02/28/2022,MGM,AL,ASO,ES,Combined TRACON& Tower with Radar,8,16,21,35,80,0,2,28,4,34,8,18,49,39,114,98,42,140,254
03/01/2022,MGM,AL,ASO,ES,Combined TRACON& Tower with Radar,6,17,29,28,80,0,0,59,4,63,6,17,88,32,143,92,20,112,255
03/02/2022,MGM,AL,ASO,ES,Combined TRACON& Tower with Radar,3,17,39,57,116,0,6,68,4,78,3,23,107,61,194,80,38,118,312
03/03/2022,MGM,AL,ASO,ES,Combined TRACON& Tower with Radar,3,19,24,54,100,0,15,43,8,66,3,34,67,62,166,68,18,86,252
03/04/2022,MGM,AL,ASO,ES,Combined TRACON& Tower with Radar,6,18,29,71,124,0,10,65,12,87,6,28,94,83,211,86,86,172,383
03/05/2022,MGM,AL,ASO,ES,Combined TRACON& Tower with Radar,2,14,18,16,50,0,6,36,16,58,2,20,54,32,108,10,10,20,128
03/06/2022,MGM,AL,ASO,ES,Combined TRACON& Tower with Radar,7,19,34,18,78,0,2,21,23,46,7,21,55,41,124,38,54,92,216
03/07/2022,MGM,AL,ASO,ES,Combined TRACON& Tower with Radar,4,17,19,22,62,0,3,2,2,7,4,20,21,24,69,0,0,0,69
03/08/2022,MGM,AL,ASO,ES,Combined TRACON& Tower with Radar,5,20,23,40,88,0,1,6,0,7,5,21,29,40,95,24,0,24,119
03/09/2022,MGM,AL,ASO,ES,Combined TRACON& Tower with Radar,3,17,31,62,113,0,2,8,5,15,3,19,39,67,128,0,50,50,178
03/10/2022,MGM,AL,ASO,ES,Combined TRACON& Tower with Radar,2,18,51,91,162,0,5,24,8,37,2,23,75,99,199,55,51,106,305
03/11/2022,MGM,AL,ASO,ES,Combined TRACON& Tower with Radar,4,19,21,24,68,0,0,0,0,0,4,19,21,24,68,0,0,0,68
03/12/2022,MGM,AL,ASO,ES,Combined TRACON& Tower with Radar,4,14,13,7,38,0,2,4,1,7,4,16,17,8,45,0,0,0,45
03/13/2022,MGM,AL,ASO,ES,Combined TRACON& Tower with Radar,5,22,59,5,91,0,1,43,3,47,5,23,102,8,138,52,0,52,190
03/14/2022,MGM,AL,ASO,ES,Combined TRACON& Tower with Radar,2,16,47,55,120,0,7,39,6,52,2,23,86,61,172,118,43,161,333
03/15/2022,MGM,AL,ASO,ES,Combined TRACON& Tower with Radar,4,20,25,20,69,0,0,5,0,5,4,20,30,20,74,6,0,6,80
03/16/2022,MGM,AL,ASO,ES,Combined TRACON& Tower with Radar,5,18,36,32,91,0,9,9,9,27,5,27,45,41,118,0,4,4,122
03/17/2022,MGM,AL,ASO,ES,Combined TRACON& Tower with Radar,2,17,61,50,130,0,4,52,13,69,2,21,113,63,199,74,23,97,296
03/18/2022,MGM,AL,ASO,ES,Combined TRACON& Tower with Radar,2,12,12,6,32,0,0,0,1,1,2,12,12,7,33,0,28,28,61
03/19/2022,MGM,AL,ASO,ES,Combined TRACON& Tower with Radar,1,12,38,12,63,0,2,51,10,63,1,14,89,22,126,26,4,30,156
03/20/2022,MGM,AL,ASO,ES,Combined TRACON& Tower with Radar,4,16,50,13,83,0,2,30,7,39,4,18,80,20,122,12,0,12,134
03/21/2022,MGM,AL,ASO,ES,Combined TRACON& Tower with Radar,3,14,48,67,132,0,1,41,12,54,3,15,89,79,186,86,60,146,332
03/22/2022,MGM,AL,ASO,ES,Combined TRACON& Tower with Radar,4,16,15,42,77,0,6,14,1,21,4,22,29,43,98,2,28,30,128
03/23/2022,MGM,AL,ASO,ES,Combined TRACON& Tower with Radar,4,17,27,89,137,0,1,15,11,27,4,18,42,100,164,72,74,146,310
03/24/2022,MGM,AL,ASO,ES,Combined TRACON& Tower with Radar,3,22,29,35,89,0,10,111,11,132,3,32,140,46,221,218,42,260,481
03/25/2022,MGM,AL,ASO,ES,Combined TRACON& Tower with Radar,4,15,29,91,139,0,2,45,23,70,4,17,74,114,209,96,50,146,355
03/26/2022,MGM,AL,ASO,ES,Combined TRACON& Tower with Radar,4,13,9,1,27,0,1,24,2,27,4,14,33,3,54,32,0,32,86
03/27/2022,MGM,AL,ASO,ES,Combined TRACON& Tower with Radar,5,19,4,5,33,0,3,26,4,33,5,22,30,9,66,30,0,30,96
03/28/2022,MGM,AL,ASO,ES,Combined TRACON& Tower with Radar,3,14,26,18,61,0,10,29,3,42,3,24,55,21,103,128,6,134,237
03/29/2022,MGM,AL,ASO,ES,Combined TRACON& Tower with Radar,4,16,44,82,146,0,4,24,10,38,4,20,68,92,184,18,80,98,282
03/30/2022,MGM,AL,ASO,ES,Combined TRACON& Tower with Radar,3,17,21,5,46,0,0,4,1,5,3,17,25,6,51,0,2,2,53
03/31/2022,MGM,AL,ASO,ES,Combined TRACON& Tower with Radar,2,19,32,46,99,0,0,15,1,16,2,19,47,47,115,76,22,98,213
04/01/2022,MGM,AL,ASO,ES,Combined TRACON& Tower with Radar,2,16,33,40,91,0,1,40,15,56,2,17,73,55,147,136,20,156,303
04/02/2022,MGM,AL,ASO,ES,Combined TRACON& Tower with Radar,3,19,21,27,70,0,1,48,3,52,3,20,69,30,122,88,0,88,210
04/03/2022,MGM,AL,ASO,ES,Combined TRACON& Tower with Radar,3,16,24,46,89,0,2,25,15,42,3,18,49,61,131,16,10,26,157
04/04/2022,MGM,AL,ASO,ES,Combined TRACON& Tower with Radar,2,23,44,64,133,0,9,51,3,63,2,32,95,67,196,160,56,216,412
04/05/2022,MGM,AL,ASO,ES,Combined TRACON& Tower with Radar,7,16,8,7,38,0,1,2,0,3,7,17,10,7,41,0,0,0,41
04/06/2022,MGM,AL,ASO,ES,Combined TRACON& Tower with Radar,8,17,23,25,73,0,1,2,0,3,8,18,25,25,76,0,0,0,76
04/07/2022,MGM,AL,ASO,ES,Combined TRACON& Tower with Radar,7,28,52,97,184,0,1,39,29,69,7,29,91,126,253,100,63,163,416
04/08/2022,MGM,AL,ASO,ES,Combined TRACON& Tower with Radar,6,17,36,77,136,0,0,23,11,34,6,17,59,88,170,26,60,86,256
04/09/2022,MGM,AL,ASO,ES,Combined TRACON& Tower with Radar,5,12,9,5,31,0,0,20,2,22,5,12,29,7,53,6,0,6,59
04/10/2022,MGM,AL,ASO,ES,Combined TRACON& Tower with Radar,7,18,19,19,63,0,3,38,13,54,7,21,57,32,117,18,0,18,135
04/11/2022,MGM,AL,ASO,ES,Combined TRACON& Tower with Radar,7,18,27,35,87,0,0,20,7,27,7,18,47,42,114,68,40,108,222
04/12/2022,MGM,AL,ASO,ES,Combined TRACON& Tower with Radar,5,30,27,88,150,0,8,43,6,57,5,38,70,94,207,66,56,122,329
04/13/2022,MGM,AL,ASO,ES,Combined TRACON& Tower with Radar,6,20,27,53,106,0,1,25,10,36,6,21,52,63,142,32,46,78,220
04/14/2022,MGM,AL,ASO,ES,Combined TRACON& Tower with Radar,9,16,36,75,136,0,0,42,18,60,9,16,78,93,196,70,100,170,366
04/15/2022,MGM,AL,ASO,ES,Combined TRACON& Tower with Radar,7,16,35,61,119,0,2,72,9,83,7,18,107,70,202,22,8,30,232
04/16/2022,MGM,AL,ASO,ES,Combined TRACON& Tower with Radar,6,13,8,2,29,0,0,1,0,1,6,13,9,2,30,0,0,0,30
04/17/2022,MGM,AL,ASO,ES,Combined TRACON& Tower with Radar,7,17,6,0,30,0,0,0,0,0,7,17,6,0,30,0,0,0,30
04/18/2022,MGM,AL,ASO,ES,Combined TRACON& Tower with Radar,8,14,32,31,85,0,0,11,4,15,8,14,43,35,100,0,12,12,112
04/19/2022,MGM,AL,ASO,ES,Combined TRACON& Tower with Radar,5,20,42,41,108,0,3,51,5,59,5,23,93,46,167,100,64,164,331
04/20/2022,MGM,AL,ASO,ES,Combined TRACON& Tower with Radar,8,19,40,66,133,0,1,47,18,66,8,20,87,84,199,44,90,134,333
04/21/2022,MGM,AL,ASO,ES,Combined TRACON& Tower with Radar,8,27,30,31,96,0,5,49,18,72,8,32,79,49,168,110,11,121,289
04/22/2022,MGM,AL,ASO,ES,Combined TRACON& Tower with Radar,7,25,36,69,137,0,0,17,14,31,7,25,53,83,168,48,46,94,262
04/23/2022,MGM,AL,ASO,ES,Combined TRACON& Tower with Radar,7,16,25,6,54,0,1,47,3,51,7,17,72,9,105,60,2,62,167
04/24/2022,MGM,AL,ASO,ES,Combined TRACON& Tower with Radar,5,20,20,30,75,0,2,40,0,42,5,22,60,30,117,28,0,28,145
04/25/2022,MGM,AL,ASO,ES,Combined TRACON& Tower with Radar,7,19,29,77,132,0,0,24,5,29,7,19,53,82,161,16,138,154,315
04/26/2022,MGM,AL,ASO,ES,Combined TRACON& Tower with Radar,5,16,25,53,99,0,0,9,6,15,5,16,34,59,114,8,22,30,144
04/27/2022,MGM,AL,ASO,ES,Combined TRACON& Tower with Radar,10,17,29,40,96,0,5,58,8,71,10,22,87,48,167,60,52,112,279
04/28/2022,MGM,AL,ASO,ES,Combined TRACON& Tower with Radar,9,16,29,44,98,0,5,47,19,71,9,21,76,63,169,80,26,106,275
04/29/2022,MGM,AL,ASO,ES,Combined TRACON& Tower with Radar,7,18,23,71,119,0,2,40,14,56,7,20,63,85,175,44,64,108,283
04/30/2022,MGM,AL,ASO,ES,Combined TRACON& Tower with Radar,5,13,20,2,40,0,0,14,5,19,5,13,34,7,59,58,0,58,117
05/01/2022,MGM,AL,ASO,ES,Combined TRACON& Tower with Radar,7,21,14,1,43,0,0,3,12,15,7,21,17,13,58,0,4,4,62
05/02/2022,MGM,AL,ASO,ES,Combined TRACON& Tower with Radar,8,14,23,27,72,0,2,28,6,36,8,16,51,33,108,28,12,40,148
05/03/2022,MGM,AL,ASO,ES,Combined TRACON& Tower with Radar,4,14,26,25,69,0,6,14,16,36,4,20,40,41,105,60,22,82,187
05/04/2022,MGM,AL,ASO,ES,Combined TRACON& Tower with Radar,6,15,43,46,110,0,3,38,19,60,6,18,81,65,170,62,34,96,266
05/05/2022,MGM,AL,ASO,ES,Combined TRACON& Tower with Radar,10,16,39,94,159,0,8,54,30,92,10,24,93,124,251,50,60,110,361
05/06/2022,MGM,AL,ASO,ES,Combined TRACON& Tower with Radar,5,15,20,12,52,0,0,9,18,27,5,15,29,30,79,8,0,8,87
05/07/2022,MGM,AL,ASO,ES,Combined TRACON& Tower with Radar,7,16,24,9,56,0,4,12,1,17,7,20,36,10,73,22,0,22,95
05/08/2022,MGM,AL,ASO,ES,Combined TRACON& Tower with Radar,7,17,7,8,39,0,4,21,4,29,7,21,28,12,68,14,0,14,82
05/09/2022,MGM,AL,ASO,ES,Combined TRACON& Tower with Radar,9,21,32,39,101,0,3,50,2,55,9,24,82,41,156,80,28,108,264
05/10/2022,MGM,AL,ASO,ES,Combined TRACON& Tower with Radar,6,16,28,34,84,0,2,36,7,45,6,18,64,41,129,101,54,155,284
05/11/2022,MGM,AL,ASO,ES,Combined TRACON& Tower with Radar,7,16,43,29,95,0,0,43,3,46,7,16,86,32,141,40,20,60,201
05/12/2022,MGM,AL,ASO,ES,Combined TRACON& Tower with Radar,10,25,33,41,109,0,3,47,9,59,10,28,80,50,168,138,58,196,364
05/13/2022,MGM,AL,ASO,ES,Combined TRACON& Tower with Radar,9,15,29,72,125,0,4,29,22,55,9,19,58,94,180,18,62,80,260
05/14/2022,MGM,AL,ASO,ES,Combined TRACON& Tower with Radar,6,17,16,20,59,0,5,25,11,41,6,22,41,31,100,10,29,39,139
05/15/2022,MGM,AL,ASO,ES,Combined TRACON& Tower with Radar,6,17,17,4,44,0,2,13,11,26,6,19,30,15,70,36,10,46,116
05/16/2022,MGM,AL,ASO,ES,Combined TRACON& Tower with Radar,6,21,30,55,112,0,7,23,2,32,6,28,53,57,144,14,36,50,194
05/17/2022,MGM,AL,ASO,ES,Combined TRACON& Tower with Radar,7,14,25,79,125,0,5,50,8,63,7,19,75,87,188,138,66,204,392
05/18/2022,MGM,AL,ASO,ES,Combined TRACON& Tower with Radar,7,14,22,55,98,0,3,41,6,50,7,17,63,61,148,114,31,145,293
05/19/2022,MGM,AL,ASO,ES,Combined TRACON& Tower with Radar,7,18,61,73,159,0,3,36,22,61,7,21,97,95,220,105,77,182,402
05/20/2022,MGM,AL,ASO,ES,Combined TRACON& Tower with Radar,7,17,25,39,88,0,6,13,19,38,7,23,38,58,126,20,4,24,150
05/21/2022,MGM,AL,ASO,ES,Combined TRACON& Tower with Radar,6,16,13,7,42,0,6,14,0,20,6,22,27,7,62,18,0,18,80
05/22/2022,MGM,AL,ASO,ES,Combined TRACON& Tower with Radar,9,17,16,8,50,0,1,4,8,13,9,18,20,16,63,6,0,6,69
05/23/2022,MGM,AL,ASO,ES,Combined TRACON& Tower with Radar,7,17,22,14,60,0,0,9,0,9,7,17,31,14,69,0,0,0,69
05/24/2022,MGM,AL,ASO,ES,Combined TRACON& Tower with Radar,7,17,37,25,86,0,4,12,5,21,7,21,49,30,107,0,38,38,145
05/25/2022,MGM,AL,ASO,ES,Combined TRACON& Tower with Radar,8,16,7,21,52,0,0,1,10,11,8,16,8,31,63,0,26,26,89
05/26/2022,MGM,AL,ASO,ES,Combined TRACON& Tower with Radar,7,17,22,3,49,0,0,0,0,0,7,17,22,3,49,0,0,0,49
05/27/2022,MGM,AL,ASO,ES,Combined TRACON& Tower with Radar,7,16,26,4,53,0,3,42,1,46,7,19,68,5,99,152,0,152,251
05/28/2022,MGM,AL,ASO,ES,Combined TRACON& Tower with Radar,7,13,20,8,48,0,0,36,0,36,7,13,56,8,84,32,0,32,116
05/29/2022,MGM,AL,ASO,ES,Combined TRACON& Tower with Radar,6,14,12,4,36,0,0,25,0,25,6,14,37,4,61,10,0,10,71
05/30/2022,MGM,AL,ASO,ES,Combined TRACON& Tower with Radar,7,14,11,0,32,0,0,27,0,27,7,14,38,0,59,28,0,28,87
05/31/2022,MGM,AL,ASO,ES,Combined TRACON& Tower with Radar,7,11,17,42,77,0,9,42,3,54,7,20,59,45,131,60,2,62,193
06/01/2022,MGM,AL,ASO,ES,Combined TRACON& Tower with Radar,6,10,28,65,109,0,13,50,18,81,6,23,78,83,190,128,106,234,424
06/02/2022,MGM,AL,ASO,ES,Combined TRACON& Tower with Radar,7,18,29,40,94,0,1,30,14,45,7,19,59,54,139,44,8,52,191
06/03/2022,MGM,AL,ASO,ES,Combined TRACON& Tower with Radar,5,15,34,31,85,0,2,25,14,41,5,17,59,45,126,74,81,155,281
06/04/2022,MGM,AL,ASO,ES,Combined TRACON& Tower with Radar,6,9,13,14,42,0,1,21,19,41,6,10,34,33,83,6,50,56,139
06/05/2022,MGM,AL,ASO,ES,Combined TRACON& Tower with Radar,6,15,15,1,37,0,0,23,1,24,6,15,38,2,61,40,21,61,122
06/06/2022,MGM,AL,ASO,ES,Combined TRACON& Tower with Radar,8,16,33,60,117,0,0,35,4,39,8,16,68,64,156,82,30,112,268
06/07/2022,MGM,AL,ASO,ES,Combined TRACON& Tower with Radar,6,12,25,41,84,0,4,30,4,38,6,16,55,45,122,46,40,86,208
06/08/2022,MGM,AL,ASO,ES,Combined TRACON& Tower with Radar,5,16,38,20,79,0,3,9,6,18,5,19,47,26,97,34,32,66,163
06/09/2022,MGM,AL,ASO,ES,Combined TRACON& Tower with Radar,10,21,32,68,131,0,1,43,12,56,10,22,75,80,187,66,24,90,277
06/10/2022,MGM,AL,ASO,ES,Combined TRACON& Tower with Radar,8,15,23,49,95,0,9,33,10,52,8,24,56,59,147,78,32,110,257
06/11/2022,MGM,AL,ASO,ES,Combined TRACON& Tower with Radar,6,16,8,8,38,0,2,23,4,29,6,18,31,12,67,62,0,62,129
06/12/2022,MGM,AL,ASO,ES,Combined TRACON& Tower with Radar,7,15,23,9,54,0,2,20,3,25,7,17,43,12,79,14,0,14,93
06/13/2022,MGM,AL,ASO,ES,Combined TRACON& Tower with Radar,5,16,36,34,91,0,0,48,2,50,5,16,84,36,141,52,0,52,193
06/14/2022,MGM,AL,ASO,ES,Combined TRACON& Tower with Radar,7,19,34,35,95,0,4,17,3,24,7,23,51,38,119,2,28,30,149
06/15/2022,MGM,AL,ASO,ES,Combined TRACON& Tower with Radar,11,21,46,44,122,0,7,53,6,66,11,28,99,50,188,12,48,60,248
06/16/2022,MGM,AL,ASO,ES,Combined TRACON& Tower with Radar,6,23,28,51,108,0,5,28,6,39,6,28,56,57,147,28,13,41,188
06/17/2022,MGM,AL,ASO,ES,Combined TRACON& Tower with Radar,7,23,18,31,79,0,0,26,4,30,7,23,44,35,109,36,18,54,163
06/18/2022,MGM,AL,ASO,ES,Combined TRACON& Tower with Radar,5,15,13,0,33,0,2,16,0,18,5,17,29,0,51,32,0,32,83
06/19/2022,MGM,AL,ASO,ES,Combined TRACON& Tower with Radar,7,14,8,8,37,0,3,12,0,15,7,17,20,8,52,6,0,6,58
06/20/2022,MGM,AL,ASO,ES,Combined TRACON& Tower with Radar,7,15,18,4,44,0,2,40,1,43,7,17,58,5,87,42,0,42,129
06/21/2022,MGM,AL,ASO,ES,Combined TRACON& Tower with Radar,10,15,21,78,124,0,4,27,10,41,10,19,48,88,165,28,38,66,231
06/22/2022,MGM,AL,ASO,ES,Combined TRACON& Tower with Radar,8,15,25,52,100,0,0,21,12,33,8,15,46,64,133,30,6,36,169
06/23/2022,MGM,AL,ASO,ES,Combined TRACON& Tower with Radar,7,19,11,25,62,0,6,20,10,36,7,25,31,35,98,24,9,33,131
06/24/2022,MGM,AL,ASO,ES,Combined TRACON& Tower with Radar,10,20,22,76,128,0,3,23,14,40,10,23,45,90,168,30,4,34,202
06/25/2022,MGM,AL,ASO,ES,Combined TRACON& Tower with Radar,6,15,4,4,29,0,1,15,3,19,6,16,19,7,48,0,0,0,48
06/26/2022,MGM,AL,ASO,ES,Combined TRACON& Tower with Radar,4,24,22,55,105,0,0,18,4,22,4,24,40,59,127,16,2,18,145
06/27/2022,MGM,AL,ASO,ES,Combined TRACON& Tower with Radar,9,16,11,34,70,0,5,7,1,13,9,21,18,35,83,1,10,11,94
06/28/2022,MGM,AL,ASO,ES,Combined TRACON& Tower with Radar,9,14,24,45,92,0,10,33,0,43,9,24,57,45,135,82,42,124,259
06/29/2022,MGM,AL,ASO,ES,Combined TRACON& Tower with Radar,8,16,9,51,84,0,5,13,3,21,8,21,22,54,105,8,6,14,119
06/30/2022,MGM,AL,ASO,ES,Combined TRACON& Tower with Radar,11,17,26,32,86,0,4,4,2,10,11,21,30,34,96,18,15,33,129
07/01/2022,MGM,AL,ASO,ES,Combined TRACON& Tower with Radar,8,17,20,4,49,0,2,11,0,13,8,19,31,4,62,20,0,20,82
07/02/2022,MGM,AL,ASO,ES,Combined TRACON& Tower with Radar,4,14,13,0,31,0,1,1,0,2,4,15,14,0,33,20,0,20,53
07/03/2022,MGM,AL,ASO,ES,Combined TRACON& Tower with Radar,2,10,13,0,25,0,0,4,0,4,2,10,17,0,29,20,0,20,49
07/04/2022,MGM,AL,ASO,ES,Combined TRACON& Tower with Radar,6,9,13,0,28,0,1,5,0,6,6,10,18,0,34,18,0,18,52
07/05/2022,MGM,AL,ASO,ES,Combined TRACON& Tower with Radar,5,13,14,38,70,0,3,20,2,25,5,16,34,40,95,26,4,30,125
07/06/2022,MGM,AL,ASO,ES,Combined TRACON& Tower with Radar,8,15,22,115,160,0,0,34,11,45,8,15,56,126,205,26,62,88,293
07/07/2022,MGM,AL,ASO,ES,Combined TRACON& Tower with Radar,8,11,18,39,76,0,0,41,4,45,8,11,59,43,121,22,6,28,149
07/08/2022,MGM,AL,ASO,ES,Combined TRACON& Tower with Radar,6,12,19,33,70,0,4,22,8,34,6,16,41,41,104,6,50,56,160
07/09/2022,MGM,AL,ASO,ES,Combined TRACON& Tower with Radar,3,15,11,0,29,0,0,7,1,8,3,15,18,1,37,48,0,48,85
07/10/2022,MGM,AL,ASO,ES,Combined TRACON& Tower with Radar,5,21,11,30,67,0,1,14,20,35,5,22,25,50,102,24,0,24,126
07/11/2022,MGM,AL,ASO,ES,Combined TRACON& Tower with Radar,7,15,16,31,69,0,3,11,1,15,7,18,27,32,84,2,16,18,102
07/12/2022,MGM,AL,ASO,ES,Combined TRACON& Tower with Radar,5,17,33,68,123,0,4,18,2,24,5,21,51,70,147,16,22,38,185
07/13/2022,MGM,AL,ASO,ES,Combined TRACON& Tower with Radar,5,15,30,74,124,0,1,17,2,20,5,16,47,76,144,12,46,58,202
07/14/2022,MGM,AL,ASO,ES,Combined TRACON& Tower with Radar,5,14,18,10,47,0,8,11,6,25,5,22,29,16,72,6,8,14,86
07/15/2022,MGM,AL,ASO,ES,Combined TRACON& Tower with Radar,6,15,25,54,100,0,3,23,4,30,6,18,48,58,130,8,60,68,198
07/16/2022,MGM,AL,ASO,ES,Combined TRACON& Tower with Radar,3,19,20,13,55,0,4,17,2,23,3,23,37,15,78,24,14,38,116
07/17/2022,MGM,AL,ASO,ES,Combined TRACON& Tower with Radar,8,15,26,37,86,0,6,35,11,52,8,21,61,48,138,46,1,47,185
07/18/2022,MGM,AL,ASO,ES,Combined TRACON& Tower with Radar,9,20,21,53,103,0,3,46,7,56,9,23,67,60,159,36,8,44,203
07/19/2022,MGM,AL,ASO,ES,Combined TRACON& Tower with Radar,6,15,30,52,103,0,4,9,6,19,6,19,39,58,122,0,42,42,164
07/20/2022,MGM,AL,ASO,ES,Combined TRACON& Tower with Radar,9,16,32,97,154,0,3,50,24,77,9,19,82,121,231,30,48,78,309
07/21/2022,MGM,AL,ASO,ES,Combined TRACON& Tower with Radar,8,17,18,35,78,0,9,11,8,28,8,26,29,43,106,58,24,82,188
07/22/2022,MGM,AL,ASO,ES,Combined TRACON& Tower with Radar,6,17,33,26,82,0,8,10,6,24,6,25,43,32,106,44,2,46,152
07/23/2022,MGM,AL,ASO,ES,Combined TRACON& Tower with Radar,6,15,18,3,42,0,3,16,0,19,6,18,34,3,61,8,0,8,69
07/24/2022,MGM,AL,ASO,ES,Combined TRACON& Tower with Radar,6,14,17,16,53,0,0,19,3,22,6,14,36,19,75,0,1,1,76
07/25/2022,MGM,AL,ASO,ES,Combined TRACON& Tower with Radar,5,13,20,13,51,0,6,28,1,35,5,19,48,14,86,24,0,24,110
07/26/2022,MGM,AL,ASO,ES,Combined TRACON& Tower with Radar,6,24,27,59,116,0,7,28,15,50,6,31,55,74,166,10,30,40,206
07/27/2022,MGM,AL,ASO,ES,Combined TRACON& Tower with Radar,5,15,20,46,86,0,2,33,7,42,5,17,53,53,128,28,18,46,174
07/28/2022,MGM,AL,ASO,ES,Combined TRACON& Tower with Radar,5,18,20,41,84,0,0,26,11,37,5,18,46,52,121,28,34,62,183
07/29/2022,MGM,AL,ASO,ES,Combined TRACON& Tower with Radar,5,20,10,52,87,0,1,20,14,35,5,21,30,66,122,24,24,48,170
07/30/2022,MGM,AL,ASO,ES,Combined TRACON& Tower with Radar,5,11,21,12,49,0,2,16,0,18,5,13,37,12,67,8,2,10,77
07/31/2022,MGM,AL,ASO,ES,Combined TRACON& Tower with Radar,6,15,11,8,40,0,0,35,4,39,6,15,46,12,79,22,0,22,101
08/01/2022,MGM,AL,ASO,ES,Combined TRACON& Tower with Radar,5,13,16,12,46,0,2,22,8,32,5,15,38,20,78,20,3,23,101
08/02/2022,MGM,AL,ASO,ES,Combined TRACON& Tower with Radar,5,19,20,16,60,0,3,16,5,24,5,22,36,21,84,30,10,40,124
08/03/2022,MGM,AL,ASO,ES,Combined TRACON& Tower with Radar,6,14,25,80,125,0,4,11,11,26,6,18,36,91,151,18,30,48,199
08/04/2022,MGM,AL,ASO,ES,Combined TRACON& Tower with Radar,4,22,16,17,59,0,1,38,2,41,4,23,54,19,100,68,12,80,180
08/05/2022,MGM,AL,ASO,ES,Combined TRACON& Tower with Radar,7,17,32,35,91,0,7,33,11,51,7,24,65,46,142,84,14,98,240
08/06/2022,MGM,AL,ASO,ES,Combined TRACON& Tower with Radar,6,17,8,3,34,0,0,27,1,28,6,17,35,4,62,36,0,36,98
08/07/2022,MGM,AL,ASO,ES,Combined TRACON& Tower with Radar,5,20,16,30,71,0,2,24,12,38,5,22,40,42,109,34,0,34,143
08/08/2022,MGM,AL,ASO,ES,Combined TRACON& Tower with Radar,5,18,31,34,88,0,3,22,4,29,5,21,53,38,117,14,0,14,131
08/09/2022,MGM,AL,ASO,ES,Combined TRACON& Tower with Radar,5,15,28,29,77,0,8,14,3,25,5,23,42,32,102,0,0,0,102
08/10/2022,MGM,AL,ASO,ES,Combined TRACON& Tower with Radar,6,12,30,21,69,0,0,22,12,34,6,12,52,33,103,26,6,32,135
08/11/2022,MGM,AL,ASO,ES,Combined TRACON& Tower with Radar,7,16,12,57,92,0,1,9,16,26,7,17,21,73,118,20,50,70,188
08/12/2022,MGM,AL,ASO,ES,Combined TRACON& Tower with Radar,8,13,24,42,87,0,4,14,13,31,8,17,38,55,118,6,10,16,134
08/13/2022,MGM,AL,ASO,ES,Combined TRACON& Tower with Radar,7,14,24,4,49,0,1,19,4,24,7,15,43,8,73,48,0,48,121
08/14/2022,MGM,AL,ASO,ES,Combined TRACON& Tower with Radar,6,12,9,10,37,0,1,26,11,38,6,13,35,21,75,28,4,32,107
08/15/2022,MGM,AL,ASO,ES,Combined TRACON& Tower with Radar,8,15,20,17,60,0,2,32,1,35,8,17,52,18,95,52,18,70,165
08/16/2022,MGM,AL,ASO,ES,Combined TRACON& Tower with Radar,9,10,17,55,91,0,3,31,7,41,9,13,48,62,132,56,56,112,244
08/17/2022,MGM,AL,ASO,ES,Combined TRACON& Tower with Radar,5,17,26,26,74,0,9,11,4,24,5,26,37,30,98,0,22,22,120
08/18/2022,MGM,AL,ASO,ES,Combined TRACON& Tower with Radar,5,13,28,33,79,0,6,23,7,36,5,19,51,40,115,78,24,102,217
08/19/2022,MGM,AL,ASO,ES,Combined TRACON& Tower with Radar,4,22,24,28,78,0,5,10,13,28,4,27,34,41,106,8,20,28,134
08/20/2022,MGM,AL,ASO,ES,Combined TRACON& Tower with Radar,3,11,7,0,21,0,1,21,2,24,3,12,28,2,45,38,0,38,83
08/21/2022,MGM,AL,ASO,ES,Combined TRACON& Tower with Radar,5,16,16,2,39,0,0,0,1,1,5,16,16,3,40,0,0,0,40
08/22/2022,MGM,AL,ASO,ES,Combined TRACON& Tower with Radar,4,20,25,2,51,0,0,2,0,2,4,20,27,2,53,0,0,0,53
08/23/2022,MGM,AL,ASO,ES,Combined TRACON& Tower with Radar,4,12,17,12,45,0,0,17,0,17,4,12,34,12,62,4,0,4,66
08/24/2022,MGM,AL,ASO,ES,Combined TRACON& Tower with Radar,4,19,6,0,29,0,0,1,0,1,4,19,7,0,30,0,0,0,30
08/25/2022,MGM,AL,ASO,ES,Combined TRACON& Tower with Radar,4,16,24,21,65,0,0,1,8,9,4,16,25,29,74,0,8,8,82
08/26/2022,MGM,AL,ASO,ES,Combined TRACON& Tower with Radar,6,20,10,27,63,0,1,4,8,13,6,21,14,35,76,0,0,0,76
08/27/2022,MGM,AL,ASO,ES,Combined TRACON& Tower with Radar,4,13,9,5,31,0,1,19,1,21,4,14,28,6,52,6,0,6,58
08/28/2022,MGM,AL,ASO,ES,Combined TRACON& Tower with Radar,8,16,23,24,71,0,5,33,17,55,8,21,56,41,126,0,0,0,126
08/29/2022,MGM,AL,ASO,ES,Combined TRACON& Tower with Radar,4,14,20,27,65,0,2,24,9,35,4,16,44,36,100,46,20,66,166
08/30/2022,MGM,AL,ASO,ES,Combined TRACON& Tower with Radar,2,22,20,20,64,0,5,26,3,34,2,27,46,23,98,18,4,22,120
08/31/2022,MGM,AL,ASO,ES,Combined TRACON& Tower with Radar,4,13,24,20,61,0,5,33,17,55,4,18,57,37,116,44,20,64,180
09/01/2022,MGM,AL,ASO,ES,Combined TRACON& Tower with Radar,9,14,23,11,57,0,7,53,5,65,9,21,76,16,122,50,0,50,172
09/02/2022,MGM,AL,ASO,ES,Combined TRACON& Tower with Radar,7,20,26,8,61,0,6,5,1,12,7,26,31,9,73,34,0,34,107
09/03/2022,MGM,AL,ASO,ES,Combined TRACON& Tower with Radar,4,11,19,8,42,0,0,3,0,3,4,11,22,8,45,8,0,8,53
09/04/2022,MGM,AL,ASO,ES,Combined TRACON& Tower with Radar,5,19,4,17,45,0,0,3,3,6,5,19,7,20,51,0,0,0,51
09/05/2022,MGM,AL,ASO,ES,Combined TRACON& Tower with Radar,6,15,16,0,37,0,0,11,0,11,6,15,27,0,48,10,0,10,58
09/06/2022,MGM,AL,ASO,ES,Combined TRACON& Tower with Radar,5,14,20,16,55,0,3,24,7,34,5,17,44,23,89,26,0,26,115
09/07/2022,MGM,AL,ASO,ES,Combined TRACON& Tower with Radar,11,13,31,39,94,0,3,26,5,34,11,16,57,44,128,12,4,16,144
09/08/2022,MGM,AL,ASO,ES,Combined TRACON& Tower with Radar,9,19,24,43,95,0,1,33,9,43,9,20,57,52,138,28,31,59,197
09/09/2022,MGM,AL,ASO,ES,Combined TRACON& Tower with Radar,7,17,14,33,71,0,0,2,2,4,7,17,16,35,75,0,0,0,75
09/10/2022,MGM,AL,ASO,ES,Combined TRACON& Tower with Radar,5,15,26,16,62,0,0,2,3,5,5,15,28,19,67,0,0,0,67
09/11/2022,MGM,AL,ASO,ES,Combined TRACON& Tower with Radar,11,14,10,19,54,0,1,6,7,14,11,15,16,26,68,6,2,8,76
09/12/2022,MGM,AL,ASO,ES,Combined TRACON& Tower with Radar,9,13,21,44,87,0,2,18,2,22,9,15,39,46,109,0,0,0,109
09/13/2022,MGM,AL,ASO,ES,Combined TRACON& Tower with Radar,5,16,20,6,47,0,6,44,1,51,5,22,64,7,98,54,0,54,152
09/14/2022,MGM,AL,ASO,ES,Combined TRACON& Tower with Radar,7,19,26,18,70,0,1,57,2,60,7,20,83,20,130,64,6,70,200
09/15/2022,MGM,AL,ASO,ES,Combined TRACON& Tower with Radar,7,16,37,25,85,0,2,65,4,71,7,18,102,29,156,56,0,56,212
09/16/2022,MGM,AL,ASO,ES,Combined TRACON& Tower with Radar,8,13,27,38,86,0,2,27,8,37,8,15,54,46,123,32,0,32,155
09/17/2022,MGM,AL,ASO,ES,Combined TRACON& Tower with Radar,9,10,13,2,34,0,0,24,6,30,9,10,37,8,64,12,6,18,82
09/18/2022,MGM,AL,ASO,ES,Combined TRACON& Tower with Radar,9,14,16,11,50,0,3,22,11,36,9,17,38,22,86,2,4,6,92
09/19/2022,MGM,AL,ASO,ES,Combined TRACON& Tower with Radar,7,12,24,16,59,0,3,44,1,48,7,15,68,17,107,50,0,50,157
09/20/2022,MGM,AL,ASO,ES,Combined TRACON& Tower with Radar,6,15,20,24,65,0,11,31,4,46,6,26,51,28,111,28,2,30,141
09/21/2022,MGM,AL,ASO,ES,Combined TRACON& Tower with Radar,8,20,35,13,76,0,1,39,6,46,8,21,74,19,122,50,12,62,184
09/22/2022,MGM,AL,ASO,ES,Combined TRACON& Tower with Radar,9,22,27,26,84,0,4,41,9,54,9,26,68,35,138,50,6,56,194
09/23/2022,MGM,AL,ASO,ES,Combined TRACON& Tower with Radar,8,17,31,38,94,0,4,24,10,38,8,21,55,48,132,48,0,48,180
09/24/2022,MGM,AL,ASO,ES,Combined TRACON& Tower with Radar,5,16,17,4,42,0,6,45,3,54,5,22,62,7,96,46,0,46,142
09/25/2022,MGM,AL,ASO,ES,Combined TRACON& Tower with Radar,7,12,12,5,36,0,1,18,2,21,7,13,30,7,57,16,0,16,73
09/26/2022,MGM,AL,ASO,ES,Combined TRACON& Tower with Radar,7,11,30,6,54,0,4,30,3,37,7,15,60,9,91,8,1,9,100
09/27/2022,MGM,AL,ASO,ES,Combined TRACON& Tower with Radar,6,17,24,5,52,0,3,33,1,37,6,20,57,6,89,8,0,8,97
09/28/2022,MGM,AL,ASO,ES,Combined TRACON& Tower with Radar,11,12,23,6,52,0,4,8,5,17,11,16,31,11,69,12,0,12,81
09/29/2022,MGM,AL,ASO,ES,Combined TRACON& Tower with Radar,11,15,8,3,37,0,1,8,6,15,11,16,16,9,52,2,0,2,54
09/30/2022,MGM,AL,ASO,ES,Combined TRACON& Tower with Radar,10,15,22,10,57,0,1,30,3,34,10,16,52,13,91,46,2,48,139
10/01/2022,MGM,AL,ASO,ES,Combined TRACON& Tower with Radar,8,12,10,15,45,0,2,36,5,43,8,14,46,20,88,56,4,60,148
10/02/2022,MGM,AL,ASO,ES,Combined TRACON& Tower with Radar,7,15,21,8,51,0,0,11,0,11,7,15,32,8,62,0,12,12,74
10/03/2022,MGM,AL,ASO,ES,Combined TRACON& Tower with Radar,7,11,18,6,42,0,1,31,1,33,7,12,49,7,75,18,0,18,93
10/04/2022,MGM,AL,ASO,ES,Combined TRACON& Tower with Radar,6,15,25,17,63,0,23,43,3,69,6,38,68,20,132,58,4,62,194
10/05/2022,MGM,AL,ASO,ES,Combined TRACON& Tower with Radar,9,18,23,20,70,0,4,35,8,47,9,22,58,28,117,12,0,12,129
10/06/2022,MGM,AL,ASO,ES,Combined TRACON& Tower with Radar,6,27,22,27,82,0,2,63,17,82,6,29,85,44,164,38,20,58,222
10/07/2022,MGM,AL,ASO,ES,Combined TRACON& Tower with Radar,7,13,21,11,52,0,8,40,1,49,7,21,61,12,101,68,0,68,169
10/08/2022,MGM,AL,ASO,ES,Combined TRACON& Tower with Radar,9,11,11,6,37,0,0,43,0,43,9,11,54,6,80,2,4,6,86
10/09/2022,MGM,AL,ASO,ES,Combined TRACON& Tower with Radar,8,13,13,3,37,0,0,18,1,19,8,13,31,4,56,0,0,0,56
10/10/2022,MGM,AL,ASO,ES,Combined TRACON& Tower with Radar,6,16,23,11,56,0,0,27,1,28,6,16,50,12,84,0,0,0,84
10/11/2022,MGM,AL,ASO,ES,Combined TRACON& Tower with Radar,6,16,22,22,66,0,7,39,2,48,6,23,61,24,114,38,0,38,152
10/12/2022,MGM,AL,ASO,ES,Combined TRACON& Tower with Radar,5,20,21,19,65,0,0,4,1,5,5,20,25,20,70,22,0,22,92
10/13/2022,MGM,AL,ASO,ES,Combined TRACON& Tower with Radar,5,18,24,16,63,0,4,24,2,30,5,22,48,18,93,12,7,19,112
10/14/2022,MGM,AL,ASO,ES,Combined TRACON& Tower with Radar,9,17,21,23,70,0,6,53,8,67,9,23,74,31,137,70,4,74,211
10/15/2022,MGM,AL,ASO,ES,Combined TRACON& Tower with Radar,5,18,7,5,35,0,1,31,2,34,5,19,38,7,69,16,0,16,85
10/16/2022,MGM,AL,ASO,ES,Combined TRACON& Tower with Radar,7,17,14,8,46,0,1,25,1,27,7,18,39,9,73,8,0,8,81
10/17/2022,MGM,AL,ASO,ES,Combined TRACON& Tower with Radar,6,14,18,17,55,0,0,38,1,39,6,14,56,18,94,24,6,30,124
10/18/2022,MGM,AL,ASO,ES,Combined TRACON& Tower with Radar,11,10,23,16,60,0,4,22,5,31,11,14,45,21,91,92,0,92,183
10/19/2022,MGM,AL,ASO,ES,Combined TRACON& Tower with Radar,6,20,19,25,70,0,12,48,3,63,6,32,67,28,133,48,22,70,203
10/20/2022,MGM,AL,ASO,ES,Combined TRACON& Tower with Radar,7,22,23,22,74,0,1,49,7,57,7,23,72,29,131,82,12,94,225
10/21/2022,MGM,AL,ASO,ES,Combined TRACON& Tower with Radar,9,20,19,22,70,0,3,36,12,51,9,23,55,34,121,40,18,58,179
10/22/2022,MGM,AL,ASO,ES,Combined TRACON& Tower with Radar,4,25,22,1,52,0,3,28,2,33,4,28,50,3,85,20,4,24,109
10/23/2022,MGM,AL,ASO,ES,Combined TRACON& Tower with Radar,8,10,16,10,44,0,0,29,2,31,8,10,45,12,75,14,10,24,99
10/24/2022,MGM,AL,ASO,ES,Combined TRACON& Tower with Radar,6,17,27,26,76,0,2,33,0,35,6,19,60,26,111,30,0,30,141
10/25/2022,MGM,AL,ASO,ES,Combined TRACON& Tower with Radar,6,19,13,2,40,0,0,10,0,10,6,19,23,2,50,12,0,12,62
10/26/2022,MGM,AL,ASO,ES,Combined TRACON& Tower with Radar,6,26,20,22,74,0,4,23,13,40,6,30,43,35,114,36,15,51,165
10/27/2022,MGM,AL,ASO,ES,Combined TRACON& Tower with Radar,6,18,23,19,66,0,7,34,11,52,6,25,57,30,118,28,8,36,154
10/28/2022,MGM,AL,ASO,ES,Combined TRACON& Tower with Radar,7,15,23,31,76,0,1,23,5,29,7,16,46,36,105,44,22,66,171
10/29/2022,MGM,AL,ASO,ES,Combined TRACON& Tower with Radar,2,14,21,11,48,0,0,14,4,18,2,14,35,15,66,0,0,0,66
10/30/2022,MGM,AL,ASO,ES,Combined TRACON& Tower with Radar,6,15,20,2,43,0,0,0,0,0,6,15,20,2,43,0,0,0,43
10/31/2022,MGM,AL,ASO,ES,Combined TRACON& Tower with Radar,6,12,38,12,68,0,1,22,1,24,6,13,60,13,92,10,6,16,108
11/01/2022,MGM,AL,ASO,ES,Combined TRACON& Tower with Radar,6,15,18,18,57,0,5,36,1,42,6,20,54,19,99,26,0,26,125
11/02/2022,MGM,AL,ASO,ES,Combined TRACON& Tower with Radar,5,13,19,25,62,0,1,38,6,45,5,14,57,31,107,42,4,46,153
11/03/2022,MGM,AL,ASO,ES,Combined TRACON& Tower with Radar,7,18,37,17,79,0,0,57,7,64,7,18,94,24,143,80,33,113,256
11/04/2022,MGM,AL,ASO,ES,Combined TRACON& Tower with Radar,6,20,26,39,91,0,4,16,12,32,6,24,42,51,123,46,42,88,211
11/05/2022,MGM,AL,ASO,ES,Combined TRACON& Tower with Radar,3,19,18,21,61,0,2,8,1,11,3,21,26,22,72,14,20,34,106
11/06/2022,MGM,AL,ASO,ES,Combined TRACON& Tower with Radar,5,15,13,25,58,0,2,22,10,34,5,17,35,35,92,14,13,27,119
11/07/2022,MGM,AL,ASO,ES,Combined TRACON& Tower with Radar,5,12,24,7,48,0,4,11,3,18,5,16,35,10,66,30,1,31,97
11/08/2022,MGM,AL,ASO,ES,Combined TRACON& Tower with Radar,5,14,22,42,83,0,4,28,2,34,5,18,50,44,117,10,6,16,133
11/09/2022,MGM,AL,ASO,ES,Combined TRACON& Tower with Radar,5,22,30,19,76,0,5,26,8,39,5,27,56,27,115,46,6,52,167
11/10/2022,MGM,AL,ASO,ES,Combined TRACON& Tower with Radar,5,17,26,9,57,0,0,9,1,10,5,17,35,10,67,10,0,10,77
11/11/2022,MGM,AL,ASO,ES,Combined TRACON& Tower with Radar,5,26,15,0,46,0,0,2,0,2,5,26,17,0,48,2,0,2,50
11/12/2022,MGM,AL,ASO,ES,Combined TRACON& Tower with Radar,6,15,10,2,33,0,0,1,0,1,6,15,11,2,34,0,0,0,34
11/13/2022,MGM,AL,ASO,ES,Combined TRACON& Tower with Radar,14,9,8,0,31,0,1,16,2,19,14,10,24,2,50,0,0,0,50
11/14/2022,MGM,AL,ASO,ES,Combined TRACON& Tower with Radar,9,10,22,19,60,0,5,50,1,56,9,15,72,20,116,34,0,34,150
11/15/2022,MGM,AL,ASO,ES,Combined TRACON& Tower with Radar,12,16,13,11,52,0,1,0,0,1,12,17,13,11,53,0,0,0,53
11/16/2022,MGM,AL,ASO,ES,Combined TRACON& Tower with Radar,7,11,33,15,66,0,2,34,7,43,7,13,67,22,109,40,0,40,149
11/17/2022,MGM,AL,ASO,ES,Combined TRACON& Tower with Radar,8,15,33,26,82,0,9,34,14,57,8,24,67,40,139,62,8,70,209
11/18/2022,MGM,AL,ASO,ES,Combined TRACON& Tower with Radar,12,14,22,16,64,0,2,54,7,63,12,16,76,23,127,90,0,90,217
11/19/2022,MGM,AL,ASO,ES,Combined TRACON& Tower with Radar,10,15,16,2,43,0,0,36,2,38,10,15,52,4,81,10,0,10,91
11/20/2022,MGM,AL,ASO,ES,Combined TRACON& Tower with Radar,7,11,10,3,31,0,2,22,1,25,7,13,32,4,56,46,5,51,107
11/21/2022,MGM,AL,ASO,ES,Combined TRACON& Tower with Radar,8,18,17,9,52,0,8,34,1,43,8,26,51,10,95,96,0,96,191
11/22/2022,MGM,AL,ASO,ES,Combined TRACON& Tower with Radar,6,17,15,16,54,0,0,20,0,20,6,17,35,16,74,66,2,68,142
11/23/2022,MGM,AL,ASO,ES,Combined TRACON& Tower with Radar,9,16,5,3,33,0,3,22,1,26,9,19,27,4,59,26,0,26,85
11/24/2022,MGM,AL,ASO,ES,Combined TRACON& Tower with Radar,4,6,6,0,16,0,1,2,0,3,4,7,8,0,19,0,0,0,19
11/25/2022,MGM,AL,ASO,ES,Combined TRACON& Tower with Radar,5,7,9,0,21,0,0,0,0,0,5,7,9,0,21,0,0,0,21
11/26/2022,MGM,AL,ASO,ES,Combined TRACON& Tower with Radar,3,21,12,0,36,0,0,0,0,0,3,21,12,0,36,0,0,0,36
11/27/2022,MGM,AL,ASO,ES,Combined TRACON& Tower with Radar,7,16,15,0,38,0,1,14,0,15,7,17,29,0,53,0,0,0,53
11/28/2022,MGM,AL,ASO,ES,Combined TRACON& Tower with Radar,8,12,16,23,59,0,6,18,0,24,8,18,34,23,83,40,0,40,123
11/29/2022,MGM,AL,ASO,ES,Combined TRACON& Tower with Radar,5,16,20,15,56,0,1,15,2,18,5,17,35,17,74,28,0,28,102
11/30/2022,MGM,AL,ASO,ES,Combined TRACON& Tower with Radar,5,22,17,4,48,0,4,7,1,12,5,26,24,5,60,17,0,17,77
12/01/2022,MGM,AL,ASO,ES,Combined TRACON& Tower with Radar,8,16,26,23,73,0,7,35,17,59,8,23,61,40,132,84,30,114,246
12/02/2022,MGM,AL,ASO,ES,Combined TRACON& Tower with Radar,7,18,17,9,51,0,4,22,6,32,7,22,39,15,83,10,3,13,96
12/03/2022,MGM,AL,ASO,ES,Combined TRACON& Tower with Radar,6,10,14,5,35,0,0,3,1,4,6,10,17,6,39,12,0,12,51
12/04/2022,MGM,AL,ASO,ES,Combined TRACON& Tower with Radar,11,17,14,0,42,0,0,4,3,7,11,17,18,3,49,16,16,32,81
12/05/2022,MGM,AL,ASO,ES,Combined TRACON& Tower with Radar,8,15,29,9,61,0,1,12,2,15,8,16,41,11,76,56,4,60,136
12/06/2022,MGM,AL,ASO,ES,Combined TRACON& Tower with Radar,7,16,34,16,73,0,4,16,6,26,7,20,50,22,99,10,2,12,111
12/07/2022,MGM,AL,ASO,ES,Combined TRACON& Tower with Radar,7,18,45,28,98,0,1,23,20,44,7,19,68,48,142,52,1,53,195
12/08/2022,MGM,AL,ASO,ES,Combined TRACON& Tower with Radar,6,17,26,17,66,0,1,23,5,29,6,18,49,22,95,16,3,19,114
12/09/2022,MGM,AL,ASO,ES,Combined TRACON& Tower with Radar,6,17,25,17,65,0,3,19,5,27,6,20,44,22,92,14,0,14,106
12/10/2022,MGM,AL,ASO,ES,Combined TRACON& Tower with Radar,5,11,13,10,39,0,3,8,0,11,5,14,21,10,50,52,0,52,102
12/11/2022,MGM,AL,ASO,ES,Combined TRACON& Tower with Radar,5,13,17,4,39,0,0,0,0,0,5,13,17,4,39,0,0,0,39
12/12/2022,MGM,AL,ASO,ES,Combined TRACON& Tower with Radar,5,19,50,20,94,0,0,1,0,1,5,19,51,20,95,0,0,0,95
12/13/2022,MGM,AL,ASO,ES,Combined TRACON& Tower with Radar,7,14,25,25,71,0,0,0,3,3,7,14,25,28,74,30,14,44,118
12/14/2022,MGM,AL,ASO,ES,Combined TRACON& Tower with Radar,6,11,11,4,32,0,0,0,0,0,6,11,11,4,32,0,0,0,32
12/15/2022,MGM,AL,ASO,ES,Combined TRACON& Tower with Radar,6,19,50,12,87,0,4,42,5,51,6,23,92,17,138,78,0,78,216
12/16/2022,MGM,AL,ASO,ES,Combined TRACON& Tower with Radar,6,14,18,8,46,0,1,30,10,41,6,15,48,18,87,32,18,50,137
12/17/2022,MGM,AL,ASO,ES,Combined TRACON& Tower with Radar,6,8,12,0,26,0,0,22,0,22,6,8,34,0,48,10,0,10,58
12/18/2022,MGM,AL,ASO,ES,Combined TRACON& Tower with Radar,10,11,10,1,32,0,1,24,3,28,10,12,34,4,60,20,0,20,80
12/19/2022,MGM,AL,ASO,ES,Combined TRACON& Tower with Radar,5,12,20,11,48,0,0,28,6,34,5,12,48,17,82,26,8,34,116
12/20/2022,MGM,AL,ASO,ES,Combined TRACON& Tower with Radar,7,9,25,3,44,0,0,0,0,0,7,9,25,3,44,0,0,0,44
12/21/2022,MGM,AL,ASO,ES,Combined TRACON& Tower with Radar,5,12,17,9,43,0,0,0,1,1,5,12,17,10,44,0,0,0,44
12/22/2022,MGM,AL,ASO,ES,Combined TRACON& Tower with Radar,5,12,16,0,33,0,1,0,0,1,5,13,16,0,34,0,0,0,34
12/23/2022,MGM,AL,ASO,ES,Combined TRACON& Tower with Radar,6,12,4,0,22,0,5,2,2,9,6,17,6,2,31,0,0,0,31
12/24/2022,MGM,AL,ASO,ES,Combined TRACON& Tower with Radar,4,8,5,0,17,0,0,3,0,3,4,8,8,0,20,0,0,0,20
12/25/2022,MGM,AL,ASO,ES,Combined TRACON& Tower with Radar,4,10,1,0,15,0,0,1,0,1,4,10,2,0,16,0,0,0,16
12/26/2022,MGM,AL,ASO,ES,Combined TRACON& Tower with Radar,5,12,11,0,28,0,0,10,0,10,5,12,21,0,38,0,0,0,38
12/27/2022,MGM,AL,ASO,ES,Combined TRACON& Tower with Radar,9,10,31,0,50,0,10,44,0,54,9,20,75,0,104,86,0,86,190
12/28/2022,MGM,AL,ASO,ES,Combined TRACON& Tower with Radar,3,17,12,2,34,0,3,32,3,38,3,20,44,5,72,24,14,38,110
12/29/2022,MGM,AL,ASO,ES,Combined TRACON& Tower with Radar,5,11,16,9,41,0,8,17,4,29,5,19,33,13,70,32,8,40,110
12/30/2022,MGM,AL,ASO,ES,Combined TRACON& Tower with Radar,3,8,11,0,22,0,0,9,0,9,3,8,20,0,31,0,0,0,31
12/31/2022,MGM,AL,ASO,ES,Combined TRACON& Tower with Radar,2,9,12,0,23,0,0,0,0,0,2,9,12,0,23,0,0,0,23
01/01/2023,MGM,AL,ASO,ES,Combined TRACON& Tower with Radar,4,11,11,0,26,0,0,11,0,11,4,11,22,0,37,24,0,24,61
01/02/2023,MGM,AL,ASO,ES,Combined TRACON& Tower with Radar,7,15,22,0,44,0,0,0,0,0,7,15,22,0,44,26,0,26,70
01/03/2023,MGM,AL,ASO,ES,Combined TRACON& Tower with Radar,5,13,5,0,23,0,4,0,0,4,5,17,5,0,27,0,0,0,27
01/04/2023,MGM,AL,ASO,ES,Combined TRACON& Tower with Radar,7,13,16,14,50,0,2,26,2,30,7,15,42,16,80,6,0,6,86
01/05/2023,MGM,AL,ASO,ES,Combined TRACON& Tower with Radar,6,13,23,29,71,0,3,38,13,54,6,16,61,42,125,4,26,30,155
01/06/2023,MGM,AL,ASO,ES,Combined TRACON& Tower with Radar,6,13,26,27,72,0,2,53,11,66,6,15,79,38,138,40,10,50,188
01/07/2023,MGM,AL,ASO,ES,Combined TRACON& Tower with Radar,4,15,9,2,30,0,2,44,11,57,4,17,53,13,87,44,4,48,135
01/08/2023,MGM,AL,ASO,ES,Combined TRACON& Tower with Radar,6,18,4,0,28,0,1,4,2,7,6,19,8,2,35,0,24,24,59
01/09/2023,MGM,AL,ASO,ES,Combined TRACON& Tower with Radar,6,13,23,9,51,0,1,23,1,25,6,14,46,10,76,54,0,54,130
01/10/2023,MGM,AL,ASO,ES,Combined TRACON& Tower with Radar,9,8,37,12,66,0,1,39,1,41,9,9,76,13,107,62,0,62,169
01/11/2023,MGM,AL,ASO,ES,Combined TRACON& Tower with Radar,3,13,28,29,73,0,3,9,1,13,3,16,37,30,86,24,0,24,110
01/12/2023,MGM,AL,ASO,ES,Combined TRACON& Tower with Radar,5,14,12,26,57,0,2,1,0,3,5,16,13,26,60,0,4,4,64
01/13/2023,MGM,AL,ASO,ES,Combined TRACON& Tower with Radar,2,13,12,2,29,0,6,3,0,9,2,19,15,2,38,6,0,6,44
01/14/2023,MGM,AL,ASO,ES,Combined TRACON& Tower with Radar,4,10,13,6,33,0,0,31,2,33,4,10,44,8,66,14,0,14,80
01/15/2023,MGM,AL,ASO,ES,Combined TRACON& Tower with Radar,5,14,24,1,44,0,4,51,5,60,5,18,75,6,104,50,0,50,154
01/16/2023,MGM,AL,ASO,ES,Combined TRACON& Tower with Radar,5,17,23,5,50,0,4,34,18,56,5,21,57,23,106,70,25,95,201
01/17/2023,MGM,AL,ASO,ES,Combined TRACON& Tower with Radar,6,12,18,8,44,0,0,1,0,1,6,12,19,8,45,18,0,18,63
01/18/2023,MGM,AL,ASO,ES,Combined TRACON& Tower with Radar,5,16,33,7,61,0,2,7,0,9,5,18,40,7,70,6,0,6,76
01/19/2023,MGM,AL,ASO,ES,Combined TRACON& Tower with Radar,6,17,33,16,72,0,3,24,6,33,6,20,57,22,105,48,8,56,161
01/20/2023,MGM,AL,ASO,ES,Combined TRACON& Tower with Radar,6,13,32,40,91,0,3,36,8,47,6,16,68,48,138,52,2,54,192
01/21/2023,MGM,AL,ASO,ES,Combined TRACON& Tower with Radar,5,11,6,5,27,0,0,18,5,23,5,11,24,10,50,15,11,26,76
01/22/2023,MGM,AL,ASO,ES,Combined TRACON& Tower with Radar,6,8,5,22,41,0,0,0,0,0,6,8,5,22,41,0,0,0,41
01/23/2023,MGM,AL,ASO,ES,Combined TRACON& Tower with Radar,9,11,18,9,47,0,4,31,5,40,9,15,49,14,87,76,0,76,163
01/24/2023,MGM,AL,ASO,ES,Combined TRACON& Tower with Radar,5,15,23,18,61,0,1,39,1,41,5,16,62,19,102,24,0,24,126
01/25/2023,MGM,AL,ASO,ES,Combined TRACON& Tower with Radar,8,12,18,41,79,0,4,10,3,17,8,16,28,44,96,26,6,32,128
01/26/2023,MGM,AL,ASO,ES,Combined TRACON& Tower with Radar,6,22,38,22,88,0,3,26,3,32,6,25,64,25,120,0,13,13,133
01/27/2023,MGM,AL,ASO,ES,Combined TRACON& Tower with Radar,6,14,38,24,82,0,4,51,10,65,6,18,89,34,147,26,7,33,180
01/28/2023,MGM,AL,ASO,ES,Combined TRACON& Tower with Radar,4,12,20,11,47,0,1,34,0,35,4,13,54,11,82,20,12,32,114
01/29/2023,MGM,AL,ASO,ES,Combined TRACON& Tower with Radar,5,16,10,2,33,0,0,3,0,3,5,16,13,2,36,0,0,0,36
01/30/2023,MGM,AL,ASO,ES,Combined TRACON& Tower with Radar,4,8,24,5,41,0,0,0,0,0,4,8,24,5,41,0,0,0,41
01/31/2023,MGM,AL,ASO,ES,Combined TRACON& Tower with Radar,2,12,6,4,24,0,0,0,2,2,2,12,6,6,26,0,0,0,26
02/01/2023,MGM,AL,ASO,ES,Combined TRACON& Tower with Radar,4,8,13,9,34,0,9,0,0,9,4,17,13,9,43,0,0,0,43
02/02/2023,MGM,AL,ASO,ES,Combined TRACON& Tower with Radar,8,5,9,2,24,0,0,0,0,0,8,5,9,2,24,0,0,0,24
02/03/2023,MGM,AL,ASO,ES,Combined TRACON& Tower with Radar,12,10,24,20,66,0,3,30,11,44,12,13,54,31,110,42,22,64,174
02/04/2023,MGM,AL,ASO,ES,Combined TRACON& Tower with Radar,6,14,20,3,43,0,1,51,9,61,6,15,71,12,104,66,26,92,196
02/05/2023,MGM,AL,ASO,ES,Combined TRACON& Tower with Radar,8,13,8,5,34,0,1,33,2,36,8,14,41,7,70,58,7,65,135
02/06/2023,MGM,AL,ASO,ES,Combined TRACON& Tower with Radar,13,5,21,4,43,0,10,25,0,35,13,15,46,4,78,40,0,40,118
02/07/2023,MGM,AL,ASO,ES,Combined TRACON& Tower with Radar,15,7,24,21,67,0,0,31,2,33,15,7,55,23,100,16,0,16,116
02/08/2023,MGM,AL,ASO,ES,Combined TRACON& Tower with Radar,13,10,30,24,77,0,3,25,2,30,13,13,55,26,107,0,1,1,108
02/09/2023,MGM,AL,ASO,ES,Combined TRACON& Tower with Radar,13,10,20,11,54,0,0,7,0,7,13,10,27,11,61,0,0,0,61
02/10/2023,MGM,AL,ASO,ES,Combined TRACON& Tower with Radar,13,15,26,7,61,0,4,20,6,30,13,19,46,13,91,6,4,10,101
02/11/2023,MGM,AL,ASO,ES,Combined TRACON& Tower with Radar,10,7,4,0,21,0,0,1,1,2,10,7,5,1,23,0,0,0,23
02/12/2023,MGM,AL,ASO,ES,Combined TRACON& Tower with Radar,16,6,8,2,32,0,0,12,0,12,16,6,20,2,44,4,0,4,48
02/13/2023,MGM,AL,ASO,ES,Combined TRACON& Tower with Radar,15,6,15,6,42,0,1,42,0,43,15,7,57,6,85,32,0,32,117
02/14/2023,MGM,AL,ASO,ES,Combined TRACON& Tower with Radar,13,9,23,5,50,0,5,33,2,40,13,14,56,7,90,74,0,74,164
02/15/2023,MGM,AL,ASO,ES,Combined TRACON& Tower with Radar,13,6,18,33,70,0,7,24,7,38,13,13,42,40,108,30,18,48,156
02/16/2023,MGM,AL,ASO,ES,Combined TRACON& Tower with Radar,11,10,16,16,53,0,0,1,2,3,11,10,17,18,56,10,0,10,66
02/17/2023,MGM,AL,ASO,ES,Combined TRACON& Tower with Radar,14,7,20,15,56,0,2,10,2,14,14,9,30,17,70,16,0,16,86
02/18/2023,MGM,AL,ASO,ES,Combined TRACON& Tower with Radar,12,6,21,0,39,0,3,40,4,47,12,9,61,4,86,54,0,54,140
02/19/2023,MGM,AL,ASO,ES,Combined TRACON& Tower with Radar,14,5,12,7,38,0,0,24,6,30,14,5,36,13,68,24,0,24,92
02/20/2023,MGM,AL,ASO,ES,Combined TRACON& Tower with Radar,19,5,35,0,59,0,0,16,0,16,19,5,51,0,75,40,0,40,115
02/21/2023,MGM,AL,ASO,ES,Combined TRACON& Tower with Radar,16,12,25,10,63,0,2,8,0,10,16,14,33,10,73,14,0,14,87
02/22/2023,MGM,AL,ASO,ES,Combined TRACON& Tower with Radar,15,7,20,14,56,0,0,6,2,8,15,7,26,16,64,6,0,6,70
02/23/2023,MGM,AL,ASO,ES,Combined TRACON& Tower with Radar,15,11,26,36,88,0,3,20,6,29,15,14,46,42,117,44,18,62,179
02/24/2023,MGM,AL,ASO,ES,Combined TRACON& Tower with Radar,14,12,25,49,100,0,15,8,9,32,14,27,33,58,132,28,0,28,160
02/25/2023,MGM,AL,ASO,ES,Combined TRACON& Tower with Radar,13,9,26,9,57,0,5,5,1,11,13,14,31,10,68,4,6,10,78
02/26/2023,MGM,AL,ASO,ES,Combined TRACON& Tower with Radar,17,9,16,2,44,0,2,18,0,20,17,11,34,2,64,6,0,6,70
02/27/2023,MGM,AL,ASO,ES,Combined TRACON& Tower with Radar,16,13,15,11,55,0,2,13,0,15,16,15,28,11,70,12,0,12,82
02/28/2023,MGM,AL,ASO,ES,Combined TRACON& Tower with Radar,15,11,50,16,92,0,3,32,2,37,15,14,82,18,129,66,6,72,201
03/01/2023,MGM,AL,ASO,ES,Combined TRACON& Tower with Radar,16,18,32,4,70,0,4,9,1,14,16,22,41,5,84,54,0,54,138
03/02/2023,MGM,AL,ASO,ES,Combined TRACON& Tower with Radar,16,6,23,11,56,0,4,13,4,21,16,10,36,15,77,48,2,50,127
03/03/2023,MGM,AL,ASO,ES,Combined TRACON& Tower with Radar,17,8,13,2,40,0,5,11,4,20,17,13,24,6,60,0,3,3,63
03/04/2023,MGM,AL,ASO,ES,Combined TRACON& Tower with Radar,10,10,17,7,44,0,6,52,6,64,10,16,69,13,108,72,2,74,182
03/05/2023,MGM,AL,ASO,ES,Combined TRACON& Tower with Radar,16,10,8,6,40,0,1,26,3,30,16,11,34,9,70,38,0,38,108
03/06/2023,MGM,AL,ASO,ES,Combined TRACON& Tower with Radar,13,7,20,22,62,0,10,40,8,58,13,17,60,30,120,82,2,84,204
03/07/2023,MGM,AL,ASO,ES,Combined TRACON& Tower with Radar,14,11,42,22,89,0,3,17,1,21,14,14,59,23,110,56,0,56,166
03/08/2023,MGM,AL,ASO,ES,Combined TRACON& Tower with Radar,14,13,36,18,81,0,3,25,3,31,14,16,61,21,112,48,0,48,160
03/09/2023,MGM,AL,ASO,ES,Combined TRACON& Tower with Radar,14,6,23,19,62,0,6,13,5,24,14,12,36,24,86,52,11,63,149
03/10/2023,MGM,AL,ASO,ES,Combined TRACON& Tower with Radar,14,6,23,16,59,0,2,8,4,14,14,8,31,20,73,8,10,18,91
03/11/2023,MGM,AL,ASO,ES,Combined TRACON& Tower with Radar,10,8,19,5,42,0,4,33,1,38,10,12,52,6,80,52,6,58,138
03/12/2023,MGM,AL,ASO,ES,Combined TRACON& Tower with Radar,14,5,10,3,32,0,0,1,0,1,14,5,11,3,33,0,0,0,33
03/13/2023,MGM,AL,ASO,ES,Combined TRACON& Tower with Radar,14,9,22,13,58,0,6,54,0,60,14,15,76,13,118,22,0,22,140
03/14/2023,MGM,AL,ASO,ES,Combined TRACON& Tower with Radar,14,9,26,11,60,0,2,30,3,35,14,11,56,14,95,42,0,42,137
03/15/2023,MGM,AL,ASO,ES,Combined TRACON& Tower with Radar,14,16,64,20,114,0,9,53,8,70,14,25,117,28,184,71,0,71,255
03/16/2023,MGM,AL,ASO,ES,Combined TRACON& Tower with Radar,16,14,25,10,65,0,6,42,5,53,16,20,67,15,118,86,10,96,214
03/17/2023,MGM,AL,ASO,ES,Combined TRACON& Tower with Radar,14,11,18,4,47,0,0,0,0,0,14,11,18,4,47,0,16,16,63
03/18/2023,MGM,AL,ASO,ES,Combined TRACON& Tower with Radar,10,7,13,7,37,0,2,14,0,16,10,9,27,7,53,0,0,0,53
03/19/2023,MGM,AL,ASO,ES,Combined TRACON& Tower with Radar,15,9,14,0,38,0,0,25,0,25,15,9,39,0,63,4,0,4,67
03/20/2023,MGM,AL,ASO,ES,Combined TRACON& Tower with Radar,15,6,30,9,60,0,5,57,0,62,15,11,87,9,122,94,0,94,216
03/21/2023,MGM,AL,ASO,ES,Combined TRACON& Tower with Radar,14,4,46,10,74,0,5,30,4,39,14,9,76,14,113,124,0,124,237
03/22/2023,MGM,AL,ASO,ES,Combined TRACON& Tower with Radar,14,8,30,7,59,0,2,24,4,30,14,10,54,11,89,24,0,24,113
03/23/2023,MGM,AL,ASO,ES,Combined TRACON& Tower with Radar,14,11,36,11,72,0,5,49,4,58,14,16,85,15,130,52,12,64,194
03/24/2023,MGM,AL,ASO,ES,Combined TRACON& Tower with Radar,13,9,26,13,61,0,2,40,2,44,13,11,66,15,105,48,0,48,153
03/25/2023,MGM,AL,ASO,ES,Combined TRACON& Tower with Radar,10,8,25,0,43,0,2,20,2,24,10,10,45,2,67,12,0,12,79
03/26/2023,MGM,AL,ASO,ES,Combined TRACON& Tower with Radar,11,10,3,0,24,0,0,7,0,7,11,10,10,0,31,0,0,0,31
03/27/2023,MGM,AL,ASO,ES,Combined TRACON& Tower with Radar,15,16,30,0,61,0,5,16,2,23,15,21,46,2,84,0,0,0,84
03/28/2023,MGM,AL,ASO,ES,Combined TRACON& Tower with Radar,14,13,41,7,75,0,2,15,9,26,14,15,56,16,101,22,12,34,135
03/29/2023,MGM,AL,ASO,ES,Combined TRACON& Tower with Radar,17,11,40,15,83,0,2,51,2,55,17,13,91,17,138,46,0,46,184
03/30/2023,MGM,AL,ASO,ES,Combined TRACON& Tower with Radar,18,12,18,7,55,0,3,34,2,39,18,15,52,9,94,16,0,16,110
03/31/2023,MGM,AL,ASO,ES,Combined TRACON& Tower with Radar,14,6,16,13,49,0,3,30,7,40,14,9,46,20,89,48,0,48,137
04/01/2023,MGM,AL,ASO,ES,Combined TRACON& Tower with Radar,10,4,13,2,29,0,0,8,9,17,10,4,21,11,46,0,0,0,46
04/02/2023,MGM,AL,ASO,ES,Combined TRACON& Tower with Radar,10,11,21,2,44,0,4,34,8,46,10,15,55,10,90,68,16,84,174
04/03/2023,MGM,AL,ASO,ES,Combined TRACON& Tower with Radar,15,6,16,4,41,0,0,4,0,4,15,6,20,4,45,0,14,14,59
04/04/2023,MGM,AL,ASO,ES,Combined TRACON& Tower with Radar,14,6,35,39,94,0,2,18,6,26,14,8,53,45,120,62,40,102,222
04/05/2023,MGM,AL,ASO,ES,Combined TRACON& Tower with Radar,14,9,43,20,86,0,1,63,0,64,14,10,106,20,150,44,0,44,194
04/06/2023,MGM,AL,ASO,ES,Combined TRACON& Tower with Radar,12,6,40,28,86,0,2,19,2,23,12,8,59,30,109,54,4,58,167
04/07/2023,MGM,AL,ASO,ES,Combined TRACON& Tower with Radar,14,7,16,14,51,0,2,17,0,19,14,9,33,14,70,24,0,24,94
04/08/2023,MGM,AL,ASO,ES,Combined TRACON& Tower with Radar,11,4,6,0,21,0,0,0,0,0,11,4,6,0,21,0,0,0,21
04/09/2023,MGM,AL,ASO,ES,Combined TRACON& Tower with Radar,13,4,14,2,33,0,1,10,1,12,13,5,24,3,45,22,0,22,67
04/10/2023,MGM,AL,ASO,ES,Combined TRACON& Tower with Radar,13,10,34,31,88,0,2,37,4,43,13,12,71,35,131,12,16,28,159
04/11/2023,MGM,AL,ASO,ES,Combined TRACON& Tower with Radar,14,7,30,24,75,0,10,65,0,75,14,17,95,24,150,28,0,28,178
04/12/2023,MGM,AL,ASO,ES,Combined TRACON& Tower with Radar,13,13,60,66,152,0,4,54,5,63,13,17,114,71,215,90,52,142,357
04/13/2023,MGM,AL,ASO,ES,Combined TRACON& Tower with Radar,13,9,25,16,63,0,0,0,1,1,13,9,25,17,64,0,0,0,64
04/14/2023,MGM,AL,ASO,ES,Combined TRACON& Tower with Radar,14,8,31,28,81,0,1,45,7,53,14,9,76,35,134,94,20,114,248
04/15/2023,MGM,AL,ASO,ES,Combined TRACON& Tower with Radar,11,7,18,5,41,0,0,31,3,34,11,7,49,8,75,32,14,46,121
04/16/2023,MGM,AL,ASO,ES,Combined TRACON& Tower with Radar,13,11,19,18,61,0,3,10,10,23,13,14,29,28,84,6,16,22,106
04/17/2023,MGM,AL,ASO,ES,Combined TRACON& Tower with Radar,14,8,25,26,73,0,3,41,1,45,14,11,66,27,118,72,0,72,190
04/18/2023,MGM,AL,ASO,ES,Combined TRACON& Tower with Radar,15,6,34,15,70,0,1,51,1,53,15,7,85,16,123,72,4,76,199
04/19/2023,MGM,AL,ASO,ES,Combined TRACON& Tower with Radar,14,8,38,29,89,0,2,49,0,51,14,10,87,29,140,48,0,48,188
04/20/2023,MGM,AL,ASO,ES,Combined TRACON& Tower with Radar,14,9,41,17,81,0,4,51,8,63,14,13,92,25,144,22,4,26,170
04/21/2023,MGM,AL,ASO,ES,Combined TRACON& Tower with Radar,13,9,32,30,84,0,2,49,4,55,13,11,81,34,139,84,14,98,237
04/22/2023,MGM,AL,ASO,ES,Combined TRACON& Tower with Radar,10,9,7,2,28,0,0,19,0,19,10,9,26,2,47,0,0,0,47
04/23/2023,MGM,AL,ASO,ES,Combined TRACON& Tower with Radar,16,10,13,4,43,0,4,33,0,37,16,14,46,4,80,20,0,20,100
04/24/2023,MGM,AL,ASO,ES,Combined TRACON& Tower with Radar,14,6,21,8,49,0,9,23,2,34,14,15,44,10,83,12,4,16,99
04/25/2023,MGM,AL,ASO,ES,Combined TRACON& Tower with Radar,14,9,30,13,66,0,11,56,5,72,14,20,86,18,138,96,8,104,242
04/26/2023,MGM,AL,ASO,ES,Combined TRACON& Tower with Radar,14,10,21,8,53,0,2,9,3,14,14,12,30,11,67,52,2,54,121
04/27/2023,MGM,AL,ASO,ES,Combined TRACON& Tower with Radar,16,8,23,6,53,0,0,1,0,1,16,8,24,6,54,2,0,2,56
04/28/2023,MGM,AL,ASO,ES,Combined TRACON& Tower with Radar,14,4,42,28,88,0,3,22,1,26,14,7,64,29,114,20,1,21,135
04/29/2023,MGM,AL,ASO,ES,Combined TRACON& Tower with Radar,9,6,11,0,26,0,9,25,1,35,9,15,36,1,61,20,1,21,82
04/30/2023,MGM,AL,ASO,ES,Combined TRACON& Tower with Radar,14,12,5,4,35,0,4,14,4,22,14,16,19,8,57,8,2,10,67
05/01/2023,MGM,AL,ASO,ES,Combined TRACON& Tower with Radar,14,10,18,33,75,0,2,32,1,35,14,12,50,34,110,88,6,94,204
05/02/2023,MGM,AL,ASO,ES,Combined TRACON& Tower with Radar,13,6,27,28,74,0,2,42,2,46,13,8,69,30,120,38,22,60,180
05/03/2023,MGM,AL,ASO,ES,Combined TRACON& Tower with Radar,16,7,37,15,75,0,3,48,7,58,16,10,85,22,133,82,28,110,243
05/04/2023,MGM,AL,ASO,ES,Combined TRACON& Tower with Radar,14,9,41,13,77,0,4,57,1,62,14,13,98,14,139,122,8,130,269
05/05/2023,MGM,AL,ASO,ES,Combined TRACON& Tower with Radar,13,14,28,10,65,0,4,22,0,26,13,18,50,10,91,122,28,150,241
05/06/2023,MGM,AL,ASO,ES,Combined TRACON& Tower with Radar,9,8,11,12,40,0,4,23,2,29,9,12,34,14,69,63,14,77,146
05/07/2023,MGM,AL,ASO,ES,Combined TRACON& Tower with Radar,14,11,12,15,52,0,0,13,3,16,14,11,25,18,68,4,16,20,88
05/08/2023,MGM,AL,ASO,ES,Combined TRACON& Tower with Radar,13,8,32,9,62,0,4,6,1,11,13,12,38,10,73,18,0,18,91
05/09/2023,MGM,AL,ASO,ES,Combined TRACON& Tower with Radar,14,9,40,12,75,0,2,9,5,16,14,11,49,17,91,14,14,28,119
05/10/2023,MGM,AL,ASO,ES,Combined TRACON& Tower with Radar,13,12,33,22,80,0,6,28,3,37,13,18,61,25,117,54,0,54,171
05/11/2023,MGM,AL,ASO,ES,Combined TRACON& Tower with Radar,13,11,29,15,68,0,0,14,2,16,13,11,43,17,84,32,10,42,126
05/12/2023,MGM,AL,ASO,ES,Combined TRACON& Tower with Radar,14,9,18,10,51,0,3,16,3,22,14,12,34,13,73,36,4,40,113
05/13/2023,MGM,AL,ASO,ES,Combined TRACON& Tower with Radar,13,6,17,0,36,0,1,28,2,31,13,7,45,2,67,29,0,29,96
05/14/2023,MGM,AL,ASO,ES,Combined TRACON& Tower with Radar,14,9,11,0,34,0,4,14,3,21,14,13,25,3,55,24,6,30,85
05/15/2023,MGM,AL,ASO,ES,Combined TRACON& Tower with Radar,13,12,29,13,67,0,4,25,0,29,13,16,54,13,96,112,2,114,210
05/16/2023,MGM,AL,ASO,ES,Combined TRACON& Tower with Radar,13,6,24,10,53,0,1,8,0,9,13,7,32,10,62,6,8,14,76
05/17/2023,MGM,AL,ASO,ES,Combined TRACON& Tower with Radar,15,7,35,16,73,0,0,4,1,5,15,7,39,17,78,36,4,40,118
05/18/2023,MGM,AL,ASO,ES,Combined TRACON& Tower with Radar,15,10,35,11,71,0,2,20,0,22,15,12,55,11,93,12,8,20,113
05/19/2023,MGM,AL,ASO,ES,Combined TRACON& Tower with Radar,16,6,38,27,87,0,1,4,11,16,16,7,42,38,103,34,42,76,179
05/20/2023,MGM,AL,ASO,ES,Combined TRACON& Tower with Radar,9,6,6,14,35,0,0,13,9,22,9,6,19,23,57,48,0,48,105
05/21/2023,MGM,AL,ASO,ES,Combined TRACON& Tower with Radar,13,8,16,16,53,0,1,8,4,13,13,9,24,20,66,40,4,44,110
05/22/2023,MGM,AL,ASO,ES,Combined TRACON& Tower with Radar,14,7,24,10,55,0,2,3,0,5,14,9,27,10,60,60,0,60,120
05/23/2023,MGM,AL,ASO,ES,Combined TRACON& Tower with Radar,16,6,23,16,61,0,0,0,0,0,16,6,23,16,61,26,0,26,87
05/24/2023,MGM,AL,ASO,ES,Combined TRACON& Tower with Radar,16,11,42,13,82,0,2,22,10,34,16,13,64,23,116,24,4,28,144
05/25/2023,MGM,AL,ASO,ES,Combined TRACON& Tower with Radar,17,7,35,30,89,0,10,45,7,62,17,17,80,37,151,74,8,82,233
05/26/2023,MGM,AL,ASO,ES,Combined TRACON& Tower with Radar,14,9,26,22,71,0,4,38,1,43,14,13,64,23,114,36,0,36,150
05/27/2023,MGM,AL,ASO,ES,Combined TRACON& Tower with Radar,10,11,10,2,33,0,15,27,4,46,10,26,37,6,79,8,0,8,87
05/28/2023,MGM,AL,ASO,ES,Combined TRACON& Tower with Radar,12,9,9,2,32,0,8,4,0,12,12,17,13,2,44,0,0,0,44
05/29/2023,MGM,AL,ASO,ES,Combined TRACON& Tower with Radar,13,4,11,0,28,0,8,37,0,45,13,12,48,0,73,62,0,62,135
05/30/2023,MGM,AL,ASO,ES,Combined TRACON& Tower with Radar,13,8,33,29,83,0,7,65,15,87,13,15,98,44,170,40,32,72,242
05/31/2023,MGM,AL,ASO,ES,Combined TRACON& Tower with Radar,14,4,18,30,66,0,13,38,6,57,14,17,56,36,123,64,28,92,215
06/01/2023,MGM,AL,ASO,ES,Combined TRACON& Tower with Radar,14,9,38,46,107,0,7,44,10,61,14,16,82,56,168,64,62,126,294
06/02/2023,MGM,AL,ASO,ES,Combined TRACON& Tower with Radar,14,7,19,21,61,0,7,43,3,53,14,14,62,24,114,68,0,68,182
06/03/2023,MGM,AL,ASO,ES,Combined TRACON& Tower with Radar,9,6,12,2,29,0,11,37,12,60,9,17,49,14,89,64,18,82,171
06/04/2023,MGM,AL,ASO,ES,Combined TRACON& Tower with Radar,14,11,19,14,58,0,0,23,6,29,14,11,42,20,87,26,1,27,114
06/05/2023,MGM,AL,ASO,ES,Combined TRACON& Tower with Radar,14,15,26,36,91,0,7,38,1,46,14,22,64,37,137,58,0,58,195
06/06/2023,MGM,AL,ASO,ES,Combined TRACON& Tower with Radar,13,7,16,38,74,0,4,41,9,54,13,11,57,47,128,90,10,100,228
06/07/2023,MGM,AL,ASO,ES,Combined TRACON& Tower with Radar,13,11,25,54,103,0,6,36,3,45,13,17,61,57,148,48,16,64,212
06/08/2023,MGM,AL,ASO,ES,Combined TRACON& Tower with Radar,13,8,34,26,81,0,5,54,2,61,13,13,88,28,142,28,16,44,186
06/09/2023,MGM,AL,ASO,ES,Combined TRACON& Tower with Radar,14,10,35,32,91,0,6,57,18,81,14,16,92,50,172,78,0,78,250
06/10/2023,MGM,AL,ASO,ES,Combined TRACON& Tower with Radar,8,7,16,0,31,0,2,21,0,23,8,9,37,0,54,18,0,18,72
06/11/2023,MGM,AL,ASO,ES,Combined TRACON& Tower with Radar,11,6,16,17,50,0,0,6,0,6,11,6,22,17,56,26,0,26,82
06/12/2023,MGM,AL,ASO,ES,Combined TRACON& Tower with Radar,13,4,43,23,83,0,7,24,0,31,13,11,67,23,114,70,0,70,184
06/13/2023,MGM,AL,ASO,ES,Combined TRACON& Tower with Radar,13,5,41,13,72,0,6,31,2,39,13,11,72,15,111,60,0,60,171
06/14/2023,MGM,AL,ASO,ES,Combined TRACON& Tower with Radar,13,5,13,4,35,0,0,0,1,1,13,5,13,5,36,0,4,4,40
06/15/2023,MGM,AL,ASO,ES,Combined TRACON& Tower with Radar,13,7,11,2,33,0,0,2,0,2,13,7,13,2,35,0,0,0,35
06/16/2023,MGM,AL,ASO,ES,Combined TRACON& Tower with Radar,13,6,30,25,74,0,1,21,4,26,13,7,51,29,100,16,2,18,118
06/17/2023,MGM,AL,ASO,ES,Combined TRACON& Tower with Radar,10,8,14,0,32,0,8,27,2,37,10,16,41,2,69,52,0,52,121
06/18/2023,MGM,AL,ASO,ES,Combined TRACON& Tower with Radar,16,4,16,0,36,0,2,4,3,9,16,6,20,3,45,32,4,36,81
06/19/2023,MGM,AL,ASO,ES,Combined TRACON& Tower with Radar,12,9,27,5,53,0,2,8,6,16,12,11,35,11,69,26,3,29,98
06/20/2023,MGM,AL,ASO,ES,Combined TRACON& Tower with Radar,14,10,33,58,115,0,4,28,12,44,14,14,61,70,159,28,12,40,199
06/21/2023,MGM,AL,ASO,ES,Combined TRACON& Tower with Radar,14,5,20,14,53,0,0,2,6,8,14,5,22,20,61,24,48,72,133
06/22/2023,MGM,AL,ASO,ES,Combined TRACON& Tower with Radar,14,11,31,47,103,0,5,13,25,43,14,16,44,72,146,26,46,72,218
06/23/2023,MGM,AL,ASO,ES,Combined TRACON& Tower with Radar,14,7,37,24,82,0,7,46,22,75,14,14,83,46,157,82,14,96,253
06/24/2023,MGM,AL,ASO,ES,Combined TRACON& Tower with Radar,10,5,19,6,40,0,7,37,11,55,10,12,56,17,95,52,7,59,154
06/25/2023,MGM,AL,ASO,ES,Combined TRACON& Tower with Radar,12,6,27,9,54,0,1,14,7,22,12,7,41,16,76,6,0,6,82
06/26/2023,MGM,AL,ASO,ES,Combined TRACON& Tower with Radar,15,5,29,39,88,0,5,20,9,34,15,10,49,48,122,48,37,85,207
06/27/2023,MGM,AL,ASO,ES,Combined TRACON& Tower with Radar,15,6,39,21,81,0,6,58,20,84,15,12,97,41,165,66,13,79,244
06/28/2023,MGM,AL,ASO,ES,Combined TRACON& Tower with Radar,16,5,42,53,116,0,2,60,24,86,16,7,102,77,202,116,44,160,362
06/29/2023,MGM,AL,ASO,ES,Combined TRACON& Tower with Radar,14,17,31,40,102,0,14,48,26,88,14,31,79,66,190,84,49,133,323
06/30/2023,MGM,AL,ASO,ES,Combined TRACON& Tower with Radar,14,7,26,29,76,0,3,34,34,71,14,10,60,63,147,85,16,101,248
07/01/2023,MGM,AL,ASO,ES,Combined TRACON& Tower with Radar,11,8,12,0,31,0,5,34,15,54,11,13,46,15,85,8,18,26,111
07/02/2023,MGM,AL,ASO,ES,Combined TRACON& Tower with Radar,12,5,11,9,37,0,4,13,11,28,12,9,24,20,65,88,6,94,159
07/03/2023,MGM,AL,ASO,ES,Combined TRACON& Tower with Radar,9,8,12,0,29,0,0,24,1,25,9,8,36,1,54,34,0,34,88
07/04/2023,MGM,AL,ASO,ES,Combined TRACON& Tower with Radar,9,4,7,1,21,0,0,2,1,3,9,4,9,2,24,18,0,18,42
07/05/2023,MGM,AL,ASO,ES,Combined TRACON& Tower with Radar,14,8,14,7,43,0,1,17,8,26,14,9,31,15,69,62,14,76,145
07/06/2023,MGM,AL,ASO,ES,Combined TRACON& Tower with Radar,11,10,19,64,104,0,5,24,2,31,11,15,43,66,135,52,46,98,233
07/07/2023,MGM,AL,ASO,ES,Combined TRACON& Tower with Radar,12,12,20,35,79,0,4,12,1,17,12,16,32,36,96,84,30,114,210
07/08/2023,MGM,AL,ASO,ES,Combined TRACON& Tower with Radar,12,8,9,0,29,0,0,11,0,11,12,8,20,0,40,62,0,62,102
07/09/2023,MGM,AL,ASO,ES,Combined TRACON& Tower with Radar,13,8,12,8,41,0,1,8,4,13,13,9,20,12,54,8,0,8,62
07/10/2023,MGM,AL,ASO,ES,Combined TRACON& Tower with Radar,15,9,27,54,105,0,8,36,11,55,15,17,63,65,160,36,24,60,220
07/11/2023,MGM,AL,ASO,ES,Combined TRACON& Tower with Radar,15,5,35,39,94,0,4,63,6,73,15,9,98,45,167,74,26,100,267
07/12/2023,MGM,AL,ASO,ES,Combined TRACON& Tower with Radar,14,5,27,47,93,0,9,24,1,34,14,14,51,48,127,56,26,82,209
07/13/2023,MGM,AL,ASO,ES,Combined TRACON& Tower with Radar,14,9,19,20,62,0,0,6,0,6,14,9,25,20,68,30,10,40,108
07/14/2023,MGM,AL,ASO,ES,Combined TRACON& Tower with Radar,12,5,20,24,61,0,0,1,4,5,12,5,21,28,66,42,22,64,130
07/15/2023,MGM,AL,ASO,ES,Combined TRACON& Tower with Radar,12,4,14,4,34,0,3,23,4,30,12,7,37,8,64,62,19,81,145
07/16/2023,MGM,AL,ASO,ES,Combined TRACON& Tower with Radar,12,4,27,17,60,0,2,25,6,33,12,6,52,23,93,17,26,43,136
07/17/2023,MGM,AL,ASO,ES,Combined TRACON& Tower with Radar,15,7,26,50,98,0,5,56,4,65,15,12,82,54,163,46,28,74,237
07/18/2023,MGM,AL,ASO,ES,Combined TRACON& Tower with Radar,14,7,42,21,84,0,11,50,2,63,14,18,92,23,147,78,28,106,253
07/19/2023,MGM,AL,ASO,ES,Combined TRACON& Tower with Radar,14,9,29,33,85,0,12,48,10,70,14,21,77,43,155,60,18,78,233
07/20/2023,MGM,AL,ASO,ES,Combined TRACON& Tower with Radar,21,7,24,19,71,0,4,62,8,74,21,11,86,27,145,82,30,112,257
07/21/2023,MGM,AL,ASO,ES,Combined TRACON& Tower with Radar,18,5,30,10,63,0,3,53,10,66,18,8,83,20,129,40,8,48,177
07/22/2023,MGM,AL,ASO,ES,Combined TRACON& Tower with Radar,14,8,15,0,37,0,2,4,8,14,14,10,19,8,51,4,24,28,79
07/23/2023,MGM,AL,ASO,ES,Combined TRACON& Tower with Radar,14,4,25,9,52,0,0,22,2,24,14,4,47,11,76,0,2,2,78
07/24/2023,MGM,AL,ASO,ES,Combined TRACON& Tower with Radar,15,13,22,33,83,0,3,72,13,88,15,16,94,46,171,74,12,86,257
07/25/2023,MGM,AL,ASO,ES,Combined TRACON& Tower with Radar,14,6,27,26,73,0,3,59,0,62,14,9,86,26,135,54,2,56,191
07/26/2023,MGM,AL,ASO,ES,Combined TRACON& Tower with Radar,14,8,18,43,83,0,2,45,4,51,14,10,63,47,134,70,46,116,250
07/27/2023,MGM,AL,ASO,ES,Combined TRACON& Tower with Radar,14,6,25,17,62,0,4,31,14,49,14,10,56,31,111,40,15,55,166
07/28/2023,MGM,AL,ASO,ES,Combined TRACON& Tower with Radar,13,8,23,21,65,0,4,32,6,42,13,12,55,27,107,16,6,22,129
07/29/2023,MGM,AL,ASO,ES,Combined TRACON& Tower with Radar,12,5,14,4,35,0,2,43,8,53,12,7,57,12,88,42,0,42,130
07/30/2023,MGM,AL,ASO,ES,Combined TRACON& Tower with Radar,14,7,19,11,51,0,0,28,1,29,14,7,47,12,80,20,1,21,101
07/31/2023,MGM,AL,ASO,ES,Combined TRACON& Tower with Radar,13,4,27,19,63,0,2,47,7,56,13,6,74,26,119,76,12,88,207
08/01/2023,MGM,AL,ASO,ES,Combined TRACON& Tower with Radar,13,6,38,42,99,0,3,54,14,71,13,9,92,56,170,44,34,78,248
08/02/2023,MGM,AL,ASO,ES,Combined TRACON& Tower with Radar,14,6,34,28,82,0,5,44,9,58,14,11,78,37,140,82,6,88,228
08/03/2023,MGM,AL,ASO,ES,Combined TRACON& Tower with Radar,18,4,43,16,81,0,2,29,5,36,18,6,72,21,117,14,36,50,167
08/04/2023,MGM,AL,ASO,ES,Combined TRACON& Tower with Radar,15,10,25,6,56,0,2,14,10,26,15,12,39,16,82,12,22,34,116
08/05/2023,MGM,AL,ASO,ES,Combined TRACON& Tower with Radar,9,7,15,6,37,0,2,39,16,57,9,9,54,22,94,34,13,47,141
08/06/2023,MGM,AL,ASO,ES,Combined TRACON& Tower with Radar,17,5,20,7,49,0,6,19,17,42,17,11,39,24,91,12,14,26,117
08/07/2023,MGM,AL,ASO,ES,Combined TRACON& Tower with Radar,13,5,21,20,59,0,3,18,5,26,13,8,39,25,85,52,12,64,149
08/08/2023,MGM,AL,ASO,ES,Combined TRACON& Tower with Radar,14,4,26,11,55,0,2,23,0,25,14,6,49,11,80,46,0,46,126
08/09/2023,MGM,AL,ASO,ES,Combined TRACON& Tower with Radar,13,5,27,15,60,0,3,28,1,32,13,8,55,16,92,78,5,83,175
08/10/2023,MGM,AL,ASO,ES,Combined TRACON& Tower with Radar,14,5,17,15,51,0,2,21,15,38,14,7,38,30,89,58,24,82,171
08/11/2023,MGM,AL,ASO,ES,Combined TRACON& Tower with Radar,13,11,18,18,60,0,0,25,7,32,13,11,43,25,92,14,3,17,109
08/12/2023,MGM,AL,ASO,ES,Combined TRACON& Tower with Radar,13,5,11,0,29,0,1,40,0,41,13,6,51,0,70,4,0,4,74
08/13/2023,MGM,AL,ASO,ES,Combined TRACON& Tower with Radar,16,9,13,13,51,0,4,30,8,42,16,13,43,21,93,6,2,8,101
08/14/2023,MGM,AL,ASO,ES,Combined TRACON& Tower with Radar,14,7,20,18,59,0,7,25,1,33,14,14,45,19,92,50,8,58,150
08/15/2023,MGM,AL,ASO,ES,Combined TRACON& Tower with Radar,14,7,29,42,92,0,1,26,10,37,14,8,55,52,129,26,14,40,169
08/16/2023,MGM,AL,ASO,ES,Combined TRACON& Tower with Radar,14,8,39,15,76,0,5,34,1,40,14,13,73,16,116,38,10,48,164
08/17/2023,MGM,AL,ASO,ES,Combined TRACON& Tower with Radar,13,5,26,34,78,0,6,39,7,52,13,11,65,41,130,54,18,72,202
08/18/2023,MGM,AL,ASO,ES,Combined TRACON& Tower with Radar,14,3,27,40,84,0,1,34,6,41,14,4,61,46,125,64,18,82,207
08/19/2023,MGM,AL,ASO,ES,Combined TRACON& Tower with Radar,10,7,9,4,30,0,4,41,5,50,10,11,50,9,80,24,44,68,148
08/20/2023,MGM,AL,ASO,ES,Combined TRACON& Tower with Radar,14,6,19,18,57,1,3,25,4,33,15,9,44,22,90,2,0,2,92
08/21/2023,MGM,AL,ASO,ES,Combined TRACON& Tower with Radar,14,4,17,50,85,0,4,48,8,60,14,8,65,58,145,52,58,110,255
08/22/2023,MGM,AL,ASO,ES,Combined TRACON& Tower with Radar,15,4,25,27,71,0,7,47,4,58,15,11,72,31,129,92,0,92,221
08/23/2023,MGM,AL,ASO,ES,Combined TRACON& Tower with Radar,13,6,18,32,69,0,8,33,9,50,13,14,51,41,119,54,10,64,183
08/24/2023,MGM,AL,ASO,ES,Combined TRACON& Tower with Radar,16,5,36,30,87,0,3,22,8,33,16,8,58,38,120,46,30,76,196
08/25/2023,MGM,AL,ASO,ES,Combined TRACON& Tower with Radar,14,7,22,19,62,1,1,33,9,44,15,8,55,28,106,86,6,92,198
08/26/2023,MGM,AL,ASO,ES,Combined TRACON& Tower with Radar,11,11,15,0,37,0,6,24,0,30,11,17,39,0,67,62,0,62,129
08/27/2023,MGM,AL,ASO,ES,Combined TRACON& Tower with Radar,13,3,13,11,40,0,2,16,5,23,13,5,29,16,63,2,0,2,65
08/28/2023,MGM,AL,ASO,ES,Combined TRACON& Tower with Radar,15,7,22,17,61,0,1,8,1,10,15,8,30,18,71,66,14,80,151
08/29/2023,MGM,AL,ASO,ES,Combined TRACON& Tower with Radar,14,21,26,18,79,0,5,21,6,32,14,26,47,24,111,66,9,75,186
08/30/2023,MGM,AL,ASO,ES,Combined TRACON& Tower with Radar,13,10,29,27,79,0,6,12,5,23,13,16,41,32,102,18,14,32,134
08/31/2023,MGM,AL,ASO,ES,Combined TRACON& Tower with Radar,14,16,31,22,83,0,7,31,4,42,14,23,62,26,125,104,48,152,277
01/01/2020,MGM,AL,ASO,ES,Combined TRACON& Tower with Radar,2,19,3,3,27,0,0,17,0,17,2,19,20,3,44,28,0,28,72
01/02/2020,MGM,AL,ASO,ES,Combined TRACON& Tower with Radar,2,22,4,8,36,0,2,2,0,4,2,24,6,8,40,0,10,10,50
01/03/2020,MGM,AL,ASO,ES,Combined TRACON& Tower with Radar,2,22,6,10,40,0,0,5,0,5,2,22,11,10,45,6,0,6,51
01/04/2020,MGM,AL,ASO,ES,Combined TRACON& Tower with Radar,2,17,20,8,47,0,0,19,2,21,2,17,39,10,68,28,10,38,106
01/05/2020,MGM,AL,ASO,ES,Combined TRACON& Tower with Radar,2,18,24,3,47,0,2,41,0,43,2,20,65,3,90,26,4,30,120
01/06/2020,MGM,AL,ASO,ES,Combined TRACON& Tower with Radar,2,20,8,22,52,0,3,29,6,38,2,23,37,28,90,60,6,66,156
01/07/2020,MGM,AL,ASO,ES,Combined TRACON& Tower with Radar,3,24,27,75,129,0,5,31,8,44,3,29,58,83,173,16,76,92,265
01/08/2020,MGM,AL,ASO,ES,Combined TRACON& Tower with Radar,4,25,25,82,136,0,9,40,10,59,4,34,65,92,195,96,92,188,383
01/09/2020,MGM,AL,ASO,ES,Combined TRACON& Tower with Radar,6,21,31,54,112,0,7,33,20,60,6,28,64,74,172,50,32,82,254
01/10/2020,MGM,AL,ASO,ES,Combined TRACON& Tower with Radar,4,23,23,70,120,0,5,14,10,29,4,28,37,80,149,30,64,94,243
01/11/2020,MGM,AL,ASO,ES,Combined TRACON& Tower with Radar,1,14,6,0,21,0,0,0,0,0,1,14,6,0,21,0,0,0,21
01/12/2020,MGM,AL,ASO,ES,Combined TRACON& Tower with Radar,7,18,13,28,66,0,2,28,24,54,7,20,41,52,120,14,72,86,206
01/13/2020,MGM,AL,ASO,ES,Combined TRACON& Tower with Radar,12,18,7,3,40,0,0,0,0,0,12,18,7,3,40,0,0,0,40
01/14/2020,MGM,AL,ASO,ES,Combined TRACON& Tower with Radar,6,20,20,0,46,0,0,0,0,0,6,20,20,0,46,0,0,0,46
01/15/2020,MGM,AL,ASO,ES,Combined TRACON& Tower with Radar,4,21,28,103,156,0,3,0,2,5,4,24,28,105,161,0,18,18,179
01/16/2020,MGM,AL,ASO,ES,Combined TRACON& Tower with Radar,5,24,17,112,158,0,3,16,17,36,5,27,33,129,194,30,36,66,260
01/17/2020,MGM,AL,ASO,ES,Combined TRACON& Tower with Radar,6,25,23,102,156,0,2,44,3,49,6,27,67,105,205,20,14,34,239
01/18/2020,MGM,AL,ASO,ES,Combined TRACON& Tower with Radar,4,18,3,12,37,0,0,3,1,4,4,18,6,13,41,12,0,12,53
01/19/2020,MGM,AL,ASO,ES,Combined TRACON& Tower with Radar,6,19,9,28,62,0,1,27,16,44,6,20,36,44,106,48,28,76,182
01/20/2020,MGM,AL,ASO,ES,Combined TRACON& Tower with Radar,6,21,16,11,54,0,0,46,0,46,6,21,62,11,100,8,0,8,108
01/21/2020,MGM,AL,ASO,ES,Combined TRACON& Tower with Radar,4,23,21,44,92,0,2,30,15,47,4,25,51,59,139,36,24,60,199
01/22/2020,MGM,AL,ASO,ES,Combined TRACON& Tower with Radar,4,26,35,47,112,0,0,36,27,63,4,26,71,74,175,10,25,35,210
01/23/2020,MGM,AL,ASO,ES,Combined TRACON& Tower with Radar,6,26,18,43,93,0,0,4,0,4,6,26,22,43,97,12,0,12,109
01/24/2020,MGM,AL,ASO,ES,Combined TRACON& Tower with Radar,6,20,13,63,102,0,2,23,15,40,6,22,36,78,142,36,76,112,254
01/25/2020,MGM,AL,ASO,ES,Combined TRACON& Tower with Radar,4,14,19,41,78,0,0,61,8,69,4,14,80,49,147,88,20,108,255
01/26/2020,MGM,AL,ASO,ES,Combined TRACON& Tower with Radar,7,19,10,15,51,0,1,19,8,28,7,20,29,23,79,50,22,72,151
01/27/2020,MGM,AL,ASO,ES,Combined TRACON& Tower with Radar,6,22,27,6,61,0,2,9,0,11,6,24,36,6,72,12,10,22,94
01/28/2020,MGM,AL,ASO,ES,Combined TRACON& Tower with Radar,3,23,22,63,111,0,3,32,19,54,3,26,54,82,165,74,72,146,311
01/29/2020,MGM,AL,ASO,ES,Combined TRACON& Tower with Radar,4,22,15,104,145,0,3,18,3,24,4,25,33,107,169,90,100,190,359
01/30/2020,MGM,AL,ASO,ES,Combined TRACON& Tower with Radar,6,25,31,133,195,0,7,36,22,65,6,32,67,155,260,16,120,136,396
01/31/2020,MGM,AL,ASO,ES,Combined TRACON& Tower with Radar,6,23,30,91,150,0,2,5,2,9,6,25,35,93,159,48,26,74,233
02/01/2020,MGM,AL,ASO,ES,Combined TRACON& Tower with Radar,6,12,11,0,29,0,3,10,1,14,6,15,21,1,43,20,0,20,63
02/02/2020,MGM,AL,ASO,ES,Combined TRACON& Tower with Radar,8,16,14,22,60,0,1,40,3,44,8,17,54,25,104,26,2,28,132
02/03/2020,MGM,AL,ASO,ES,Combined TRACON& Tower with Radar,6,21,39,63,129,0,9,65,6,80,6,30,104,69,209,44,18,62,271
02/04/2020,MGM,AL,ASO,ES,Combined TRACON& Tower with Radar,4,22,27,61,114,0,7,9,8,24,4,29,36,69,138,68,74,142,280
02/05/2020,MGM,AL,ASO,ES,Combined TRACON& Tower with Radar,4,22,17,21,64,0,0,0,0,0,4,22,17,21,64,6,16,22,86
02/06/2020,MGM,AL,ASO,ES,Combined TRACON& Tower with Radar,7,15,11,2,35,0,0,0,1,1,7,15,11,3,36,0,0,0,36
02/07/2020,MGM,AL,ASO,ES,Combined TRACON& Tower with Radar,8,21,39,54,122,0,1,44,36,81,8,22,83,90,203,62,50,112,315
02/08/2020,MGM,AL,ASO,ES,Combined TRACON& Tower with Radar,5,17,17,7,46,0,4,32,35,71,5,21,49,42,117,34,16,50,167
02/09/2020,MGM,AL,ASO,ES,Combined TRACON& Tower with Radar,6,20,19,35,80,0,2,47,7,56,6,22,66,42,136,40,10,50,186
02/10/2020,MGM,AL,ASO,ES,Combined TRACON& Tower with Radar,5,20,19,25,69,0,0,0,2,2,5,20,19,27,71,24,28,52,123
02/11/2020,MGM,AL,ASO,ES,Combined TRACON& Tower with Radar,4,20,30,88,142,0,0,5,0,5,4,20,35,88,147,0,32,32,179
02/12/2020,MGM,AL,ASO,ES,Combined TRACON& Tower with Radar,5,25,18,68,116,0,3,11,17,31,5,28,29,85,147,4,56,60,207
02/13/2020,MGM,AL,ASO,ES,Combined TRACON& Tower with Radar,6,27,20,41,94,0,2,2,10,14,6,29,22,51,108,6,12,18,126
02/14/2020,MGM,AL,ASO,ES,Combined TRACON& Tower with Radar,6,21,35,51,113,0,0,53,6,59,6,21,88,57,172,20,2,22,194
02/15/2020,MGM,AL,ASO,ES,Combined TRACON& Tower with Radar,4,16,17,8,45,0,5,79,2,86,4,21,96,10,131,82,0,82,213
02/16/2020,MGM,AL,ASO,ES,Combined TRACON& Tower with Radar,5,18,17,8,48,0,0,3,0,3,5,18,20,8,51,2,0,2,53
02/17/2020,MGM,AL,ASO,ES,Combined TRACON& Tower with Radar,10,23,36,0,69,0,0,0,1,1,10,23,36,1,70,0,0,0,70
02/18/2020,MGM,AL,ASO,ES,Combined TRACON& Tower with Radar,4,25,12,21,62,0,0,2,0,2,4,25,14,21,64,26,4,30,94
02/19/2020,MGM,AL,ASO,ES,Combined TRACON& Tower with Radar,4,26,31,47,108,0,0,2,0,2,4,26,33,47,110,0,0,0,110
02/20/2020,MGM,AL,ASO,ES,Combined TRACON& Tower with Radar,6,25,10,6,47,0,0,0,0,0,6,25,10,6,47,0,12,12,59
02/21/2020,MGM,AL,ASO,ES,Combined TRACON& Tower with Radar,6,23,30,69,128,0,4,51,21,76,6,27,81,90,204,66,24,90,294
02/22/2020,MGM,AL,ASO,ES,Combined TRACON& Tower with Radar,4,21,27,26,78,0,0,43,9,52,4,21,70,35,130,30,24,54,184
02/23/2020,MGM,AL,ASO,ES,Combined TRACON& Tower with Radar,6,19,20,55,100,0,0,29,20,49,6,19,49,75,149,96,52,148,297
02/24/2020,MGM,AL,ASO,ES,Combined TRACON& Tower with Radar,6,23,16,27,72,0,0,4,1,5,6,23,20,28,77,22,2,24,101
02/25/2020,MGM,AL,ASO,ES,Combined TRACON& Tower with Radar,7,26,26,90,149,0,4,19,11,34,7,30,45,101,183,38,64,102,285
02/26/2020,MGM,AL,ASO,ES,Combined TRACON& Tower with Radar,4,25,16,52,97,0,3,14,12,29,4,28,30,64,126,24,33,57,183
02/27/2020,MGM,AL,ASO,ES,Combined TRACON& Tower with Radar,6,24,44,84,158,2,3,34,42,81,8,27,78,126,239,40,103,143,382
02/28/2020,MGM,AL,ASO,ES,Combined TRACON& Tower with Radar,6,27,34,70,137,0,1,27,15,43,6,28,61,85,180,70,68,138,318
02/29/2020,MGM,AL,ASO,ES,Combined TRACON& Tower with Radar,4,20,16,10,50,0,8,35,9,52,4,28,51,19,102,46,3,49,151
03/01/2020,MGM,AL,ASO,ES,Combined TRACON& Tower with Radar,6,23,14,25,68,0,0,25,4,29,6,23,39,29,97,40,0,40,137
03/02/2020,MGM,AL,ASO,ES,Combined TRACON& Tower with Radar,6,23,14,49,92,0,0,8,5,13,6,23,22,54,105,54,42,96,201
03/03/2020,MGM,AL,ASO,ES,Combined TRACON& Tower with Radar,4,24,13,8,49,0,0,4,3,7,4,24,17,11,56,0,22,22,78
03/04/2020,MGM,AL,ASO,ES,Combined TRACON& Tower with Radar,4,24,10,20,58,0,0,0,0,0,4,24,10,20,58,0,0,0,58
03/05/2020,MGM,AL,ASO,ES,Combined TRACON& Tower with Radar,6,23,16,23,68,0,0,0,6,6,6,23,16,29,74,0,12,12,86
03/06/2020,MGM,AL,ASO,ES,Combined TRACON& Tower with Radar,8,25,34,63,130,0,6,49,20,75,8,31,83,83,205,34,66,100,305
03/07/2020,MGM,AL,ASO,ES,Combined TRACON& Tower with Radar,3,20,19,24,66,0,4,55,17,76,3,24,74,41,142,46,10,56,198
03/08/2020,MGM,AL,ASO,ES,Combined TRACON& Tower with Radar,7,20,21,35,83,0,3,29,2,34,7,23,50,37,117,44,6,50,167
03/09/2020,MGM,AL,ASO,ES,Combined TRACON& Tower with Radar,7,23,33,47,110,0,2,37,6,45,7,25,70,53,155,96,46,142,297
03/10/2020,MGM,AL,ASO,ES,Combined TRACON& Tower with Radar,5,22,32,99,158,0,0,4,3,7,5,22,36,102,165,26,66,92,257
03/11/2020,MGM,AL,ASO,ES,Combined TRACON& Tower with Radar,5,20,33,27,85,0,0,5,0,5,5,20,38,27,90,6,0,6,96
03/12/2020,MGM,AL,ASO,ES,Combined TRACON& Tower with Radar,10,17,31,118,176,0,3,31,17,51,10,20,62,135,227,20,74,94,321
03/13/2020,MGM,AL,ASO,ES,Combined TRACON& Tower with Radar,9,20,46,88,163,0,5,17,16,38,9,25,63,104,201,42,88,130,331
03/14/2020,MGM,AL,ASO,ES,Combined TRACON& Tower with Radar,3,16,8,30,57,0,1,23,4,28,3,17,31,34,85,86,0,86,171
03/15/2020,MGM,AL,ASO,ES,Combined TRACON& Tower with Radar,5,23,27,15,70,0,1,24,7,32,5,24,51,22,102,96,20,116,218
03/16/2020,MGM,AL,ASO,ES,Combined TRACON& Tower with Radar,7,17,17,61,102,0,2,29,1,32,7,19,46,62,134,32,18,50,184
03/17/2020,MGM,AL,ASO,ES,Combined TRACON& Tower with Radar,5,20,23,79,127,0,0,29,11,40,5,20,52,90,167,88,142,230,397
03/18/2020,MGM,AL,ASO,ES,Combined TRACON& Tower with Radar,4,20,11,82,117,0,1,17,6,24,4,21,28,88,141,54,28,82,223
03/19/2020,MGM,AL,ASO,ES,Combined TRACON& Tower with Radar,5,22,22,59,108,0,0,20,1,21,5,22,42,60,129,45,22,67,196
03/20/2020,MGM,AL,ASO,ES,Combined TRACON& Tower with Radar,4,16,22,88,130,0,11,6,0,17,4,27,28,88,147,28,32,60,207
03/21/2020,MGM,AL,ASO,ES,Combined TRACON& Tower with Radar,4,14,21,8,47,0,3,15,0,18,4,17,36,8,65,30,0,30,95
03/22/2020,MGM,AL,ASO,ES,Combined TRACON& Tower with Radar,6,13,8,0,27,0,0,2,0,2,6,13,10,0,29,0,0,0,29
03/23/2020,MGM,AL,ASO,ES,Combined TRACON& Tower with Radar,4,15,13,38,70,0,3,5,0,8,4,18,18,38,78,4,38,42,120
03/24/2020,MGM,AL,ASO,ES,Combined TRACON& Tower with Radar,3,21,16,61,101,0,1,8,13,22,3,22,24,74,123,10,96,106,229
03/25/2020,MGM,AL,ASO,ES,Combined TRACON& Tower with Radar,3,16,12,72,103,0,2,24,10,36,3,18,36,82,139,34,82,116,255
03/26/2020,MGM,AL,ASO,ES,Combined TRACON& Tower with Radar,4,14,17,55,90,0,2,29,13,44,4,16,46,68,134,20,111,131,265
03/27/2020,MGM,AL,ASO,ES,Combined TRACON& Tower with Radar,4,10,23,81,118,0,4,13,6,23,4,14,36,87,141,2,58,60,201
03/28/2020,MGM,AL,ASO,ES,Combined TRACON& Tower with Radar,3,10,2,41,56,0,0,20,5,25,3,10,22,46,81,30,70,100,181
03/29/2020,MGM,AL,ASO,ES,Combined TRACON& Tower with Radar,3,7,3,6,19,0,0,6,0,6,3,7,9,6,25,0,0,0,25
03/30/2020,MGM,AL,ASO,ES,Combined TRACON& Tower with Radar,4,7,17,48,76,0,0,12,8,20,4,7,29,56,96,60,58,118,214
03/31/2020,MGM,AL,ASO,ES,Combined TRACON& Tower with Radar,5,8,10,27,50,0,0,2,6,8,5,8,12,33,58,6,10,16,74
04/01/2020,MGM,AL,ASO,ES,Combined TRACON& Tower with Radar,0,5,15,68,88,0,0,22,19,41,0,5,37,87,129,34,70,104,233
04/02/2020,MGM,AL,ASO,ES,Combined TRACON& Tower with Radar,3,4,27,35,69,0,6,38,12,56,3,10,65,47,125,66,46,112,237
04/03/2020,MGM,AL,ASO,ES,Combined TRACON& Tower with Radar,3,7,18,27,55,0,3,19,8,30,3,10,37,35,85,32,52,84,169
04/04/2020,MGM,AL,ASO,ES,Combined TRACON& Tower with Radar,3,8,10,26,47,0,0,24,4,28,3,8,34,30,75,50,68,118,193
04/05/2020,MGM,AL,ASO,ES,Combined TRACON& Tower with Radar,3,6,6,4,19,0,0,10,4,14,3,6,16,8,33,4,0,4,37
04/06/2020,MGM,AL,ASO,ES,Combined TRACON& Tower with Radar,2,4,11,39,56,0,1,10,6,17,2,5,21,45,73,0,80,80,153
04/07/2020,MGM,AL,ASO,ES,Combined TRACON& Tower with Radar,4,4,9,15,32,0,0,9,6,15,4,4,18,21,47,0,26,26,73
04/08/2020,MGM,AL,ASO,ES,Combined TRACON& Tower with Radar,6,6,15,25,52,0,0,3,6,9,6,6,18,31,61,2,8,10,71
04/09/2020,MGM,AL,ASO,ES,Combined TRACON& Tower with Radar,5,3,8,30,46,0,4,18,21,43,5,7,26,51,89,20,64,84,173
04/10/2020,MGM,AL,ASO,ES,Combined TRACON& Tower with Radar,3,7,10,21,41,0,0,14,17,31,3,7,24,38,72,40,22,62,134
04/11/2020,MGM,AL,ASO,ES,Combined TRACON& Tower with Radar,4,6,6,15,31,0,3,31,5,39,4,9,37,20,70,52,47,99,169
04/12/2020,MGM,AL,ASO,ES,Combined TRACON& Tower with Radar,3,8,1,0,12,0,0,0,0,0,3,8,1,0,12,0,0,0,12
04/13/2020,MGM,AL,ASO,ES,Combined TRACON& Tower with Radar,2,8,4,33,47,0,2,9,4,15,2,10,13,37,62,14,46,60,122
04/14/2020,MGM,AL,ASO,ES,Combined TRACON& Tower with Radar,2,4,6,57,69,0,1,10,9,20,2,5,16,66,89,22,6,28,117
04/15/2020,MGM,AL,ASO,ES,Combined TRACON& Tower with Radar,2,6,12,43,63,0,1,10,21,32,2,7,22,64,95,20,62,82,177
04/16/2020,MGM,AL,ASO,ES,Combined TRACON& Tower with Radar,0,1,12,67,80,0,1,25,17,43,0,2,37,84,123,36,82,118,241
04/17/2020,MGM,AL,ASO,ES,Combined TRACON& Tower with Radar,1,3,8,36,48,0,2,15,16,33,1,5,23,52,81,30,68,98,179
04/18/2020,MGM,AL,ASO,ES,Combined TRACON& Tower with Radar,1,6,15,21,43,0,1,21,1,23,1,7,36,22,66,0,18,18,84
04/19/2020,MGM,AL,ASO,ES,Combined TRACON& Tower with Radar,0,2,0,0,2,0,0,0,0,0,0,2,0,0,2,0,0,0,2
04/20/2020,MGM,AL,ASO,ES,Combined TRACON& Tower with Radar,1,7,11,45,64,0,4,13,0,17,1,11,24,45,81,22,126,148,229
04/21/2020,MGM,AL,ASO,ES,Combined TRACON& Tower with Radar,1,11,10,48,70,0,3,32,11,46,1,14,42,59,116,30,70,100,216
04/22/2020,MGM,AL,ASO,ES,Combined TRACON& Tower with Radar,2,6,14,52,74,0,0,17,9,26,2,6,31,61,100,18,68,86,186
04/23/2020,MGM,AL,ASO,ES,Combined TRACON& Tower with Radar,4,4,1,10,19,0,0,0,0,0,4,4,1,10,19,0,0,0,19
04/24/2020,MGM,AL,ASO,ES,Combined TRACON& Tower with Radar,1,6,26,78,111,0,0,24,9,33,1,6,50,87,144,52,34,86,230
04/25/2020,MGM,AL,ASO,ES,Combined TRACON& Tower with Radar,2,5,6,16,29,0,1,20,2,23,2,6,26,18,52,28,16,44,96
04/26/2020,MGM,AL,ASO,ES,Combined TRACON& Tower with Radar,4,5,0,12,21,0,3,12,14,29,4,8,12,26,50,8,0,8,58
04/27/2020,MGM,AL,ASO,ES,Combined TRACON& Tower with Radar,2,7,5,52,66,0,0,18,8,26,2,7,23,60,92,8,30,38,130
04/28/2020,MGM,AL,ASO,ES,Combined TRACON& Tower with Radar,1,7,15,72,95,0,0,14,7,21,1,7,29,79,116,30,24,54,170
04/29/2020,MGM,AL,ASO,ES,Combined TRACON& Tower with Radar,2,7,9,49,67,0,0,0,10,10,2,7,9,59,77,2,18,20,97
04/30/2020,MGM,AL,ASO,ES,Combined TRACON& Tower with Radar,2,9,13,60,84,0,2,32,19,53,2,11,45,79,137,10,66,76,213
05/01/2020,MGM,AL,ASO,ES,Combined TRACON& Tower with Radar,2,7,12,31,52,0,4,28,9,41,2,11,40,40,93,32,36,68,161
05/02/2020,MGM,AL,ASO,ES,Combined TRACON& Tower with Radar,3,6,12,34,55,0,0,33,5,38,3,6,45,39,93,16,24,40,133
05/03/2020,MGM,AL,ASO,ES,Combined TRACON& Tower with Radar,1,5,15,35,56,0,2,35,7,44,1,7,50,42,100,20,34,54,154
05/04/2020,MGM,AL,ASO,ES,Combined TRACON& Tower with Radar,3,4,15,120,142,0,1,22,9,32,3,5,37,129,174,14,64,78,252
05/05/2020,MGM,AL,ASO,ES,Combined TRACON& Tower with Radar,1,6,15,76,98,0,2,20,11,33,1,8,35,87,131,18,40,58,189
05/06/2020,MGM,AL,ASO,ES,Combined TRACON& Tower with Radar,5,6,25,45,81,0,4,10,9,23,5,10,35,54,104,10,26,36,140
05/07/2020,MGM,AL,ASO,ES,Combined TRACON& Tower with Radar,1,8,18,116,143,0,2,26,16,44,1,10,44,132,187,16,79,95,282
05/08/2020,MGM,AL,ASO,ES,Combined TRACON& Tower with Radar,0,10,11,19,40,0,2,9,8,19,0,12,20,27,59,16,46,62,121
05/09/2020,MGM,AL,ASO,ES,Combined TRACON& Tower with Radar,0,8,8,51,67,0,0,52,8,60,0,8,60,59,127,50,12,62,189
05/10/2020,MGM,AL,ASO,ES,Combined TRACON& Tower with Radar,0,8,7,6,21,0,0,13,4,17,0,8,20,10,38,2,0,2,40
05/11/2020,MGM,AL,ASO,ES,Combined TRACON& Tower with Radar,0,12,9,54,75,0,3,37,0,40,0,15,46,54,115,0,56,56,171
05/12/2020,MGM,AL,ASO,ES,Combined TRACON& Tower with Radar,0,12,11,61,84,0,1,50,8,59,0,13,61,69,143,30,68,98,241
05/13/2020,MGM,AL,ASO,ES,Combined TRACON& Tower with Radar,0,8,20,107,135,0,2,45,19,66,0,10,65,126,201,66,76,142,343
05/14/2020,MGM,AL,ASO,ES,Combined TRACON& Tower with Radar,4,8,20,146,178,0,0,44,33,77,4,8,64,179,255,20,46,66,321
05/15/2020,MGM,AL,ASO,ES,Combined TRACON& Tower with Radar,0,6,22,82,110,0,2,40,17,59,0,8,62,99,169,92,104,196,365
05/16/2020,MGM,AL,ASO,ES,Combined TRACON& Tower with Radar,0,8,18,32,58,0,0,48,1,49,0,8,66,33,107,88,19,107,214
05/17/2020,MGM,AL,ASO,ES,Combined TRACON& Tower with Radar,4,11,12,14,41,0,0,14,0,14,4,11,26,14,55,4,0,4,59
05/18/2020,MGM,AL,ASO,ES,Combined TRACON& Tower with Radar,0,12,25,31,68,0,1,3,0,4,0,13,28,31,72,18,0,18,90
05/19/2020,MGM,AL,ASO,ES,Combined TRACON& Tower with Radar,0,14,30,78,122,0,3,35,5,43,0,17,65,83,165,54,84,138,303
05/20/2020,MGM,AL,ASO,ES,Combined TRACON& Tower with Radar,0,12,30,79,121,0,0,40,23,63,0,12,70,102,184,26,62,88,272
05/21/2020,MGM,AL,ASO,ES,Combined TRACON& Tower with Radar,0,8,13,59,80,0,0,7,2,9,0,8,20,61,89,0,0,0,89
05/22/2020,MGM,AL,ASO,ES,Combined TRACON& Tower with Radar,0,8,12,11,31,0,0,8,0,8,0,8,20,11,39,0,0,0,39
05/23/2020,MGM,AL,ASO,ES,Combined TRACON& Tower with Radar,0,8,14,6,28,0,0,26,0,26,0,8,40,6,54,0,0,0,54
05/24/2020,MGM,AL,ASO,ES,Combined TRACON& Tower with Radar,0,6,5,0,11,0,0,12,0,12,0,6,17,0,23,0,0,0,23
05/25/2020,MGM,AL,ASO,ES,Combined TRACON& Tower with Radar,0,10,13,0,23,0,0,19,0,19,0,10,32,0,42,0,0,0,42
05/26/2020,MGM,AL,ASO,ES,Combined TRACON& Tower with Radar,0,9,19,38,66,0,0,0,0,0,0,9,19,38,66,0,0,0,66
05/27/2020,MGM,AL,ASO,ES,Combined TRACON& Tower with Radar,0,9,19,48,76,0,0,0,1,1,0,9,19,49,77,0,0,0,77
05/28/2020,MGM,AL,ASO,ES,Combined TRACON& Tower with Radar,0,12,27,42,81,0,0,8,6,14,0,12,35,48,95,0,0,0,95
05/29/2020,MGM,AL,ASO,ES,Combined TRACON& Tower with Radar,0,10,29,56,95,0,0,24,3,27,0,10,53,59,122,0,0,0,122
05/30/2020,MGM,AL,ASO,ES,Combined TRACON& Tower with Radar,0,8,12,40,60,0,1,24,0,25,0,9,36,40,85,0,0,0,85
05/31/2020,MGM,AL,ASO,ES,Combined TRACON& Tower with Radar,0,8,6,19,33,0,0,41,5,46,0,8,47,24,79,0,0,0,79
06/01/2020,MGM,AL,ASO,ES,Combined TRACON& Tower with Radar,0,10,25,68,103,0,1,31,8,40,0,11,56,76,143,0,0,0,143
06/02/2020,MGM,AL,ASO,ES,Combined TRACON& Tower with Radar,0,10,17,63,90,0,0,30,14,44,0,10,47,77,134,0,0,0,134
06/03/2020,MGM,AL,ASO,ES,Combined TRACON& Tower with Radar,0,9,19,62,90,0,0,4,7,11,0,9,23,69,101,0,0,0,101
06/04/2020,MGM,AL,ASO,ES,Combined TRACON& Tower with Radar,0,8,26,130,164,0,0,29,13,42,0,8,55,143,206,0,0,0,206
06/05/2020,MGM,AL,ASO,ES,Combined TRACON& Tower with Radar,0,8,14,48,70,0,0,13,10,23,0,8,27,58,93,0,0,0,93
06/06/2020,MGM,AL,ASO,ES,Combined TRACON& Tower with Radar,0,8,19,20,47,0,0,2,1,3,0,8,21,21,50,0,0,0,50
06/07/2020,MGM,AL,ASO,ES,Combined TRACON& Tower with Radar,2,12,11,13,38,0,0,1,0,1,2,12,12,13,39,0,0,0,39
06/08/2020,MGM,AL,ASO,ES,Combined TRACON& Tower with Radar,0,8,4,27,39,0,0,0,0,0,0,8,4,27,39,0,0,0,39
06/09/2020,MGM,AL,ASO,ES,Combined TRACON& Tower with Radar,1,8,14,25,48,0,0,1,1,2,1,8,15,26,50,0,0,0,50
06/10/2020,MGM,AL,ASO,ES,Combined TRACON& Tower with Radar,4,11,11,55,81,0,0,4,5,9,4,11,15,60,90,0,0,0,90
06/11/2020,MGM,AL,ASO,ES,Combined TRACON& Tower with Radar,0,14,32,91,137,0,0,36,9,45,0,14,68,100,182,0,0,0,182
06/12/2020,MGM,AL,ASO,ES,Combined TRACON& Tower with Radar,0,9,25,80,114,0,0,36,15,51,0,9,61,95,165,0,0,0,165
06/13/2020,MGM,AL,ASO,ES,Combined TRACON& Tower with Radar,0,10,32,14,56,0,0,45,4,49,0,10,77,18,105,0,0,0,105
06/14/2020,MGM,AL,ASO,ES,Combined TRACON& Tower with Radar,0,11,22,45,78,0,0,34,6,40,0,11,56,51,118,0,0,0,118
06/15/2020,MGM,AL,ASO,ES,Combined TRACON& Tower with Radar,0,9,19,86,114,0,0,25,4,29,0,9,44,90,143,0,0,0,143
06/16/2020,MGM,AL,ASO,ES,Combined TRACON& Tower with Radar,0,9,20,107,136,0,0,46,8,54,0,9,66,115,190,0,0,0,190
06/17/2020,MGM,AL,ASO,ES,Combined TRACON& Tower with Radar,0,12,45,103,160,0,0,27,8,35,0,12,72,111,195,0,0,0,195
06/18/2020,MGM,AL,ASO,ES,Combined TRACON& Tower with Radar,0,15,27,70,112,0,0,36,10,46,0,15,63,80,158,0,0,0,158
06/19/2020,MGM,AL,ASO,ES,Combined TRACON& Tower with Radar,0,14,25,78,117,0,0,49,8,57,0,14,74,86,174,0,0,0,174
06/20/2020,MGM,AL,ASO,ES,Combined TRACON& Tower with Radar,0,8,17,20,45,0,0,33,1,34,0,8,50,21,79,0,0,0,79
06/21/2020,MGM,AL,ASO,ES,Combined TRACON& Tower with Radar,0,10,9,9,28,0,0,33,0,33,0,10,42,9,61,0,0,0,61
06/22/2020,MGM,AL,ASO,ES,Combined TRACON& Tower with Radar,0,8,12,39,59,0,0,19,8,27,0,8,31,47,86,0,0,0,86
06/23/2020,MGM,AL,ASO,ES,Combined TRACON& Tower with Radar,0,8,46,49,103,0,0,12,5,17,0,8,58,54,120,0,0,0,120
06/24/2020,MGM,AL,ASO,ES,Combined TRACON& Tower with Radar,0,10,18,41,69,0,0,3,5,8,0,10,21,46,77,0,0,0,77
06/25/2020,MGM,AL,ASO,ES,Combined TRACON& Tower with Radar,0,10,25,31,66,0,0,14,11,25,0,10,39,42,91,0,0,0,91
06/26/2020,MGM,AL,ASO,ES,Combined TRACON& Tower with Radar,0,8,20,64,92,0,0,19,1,20,0,8,39,65,112,0,0,0,112
06/27/2020,MGM,AL,ASO,ES,Combined TRACON& Tower with Radar,0,9,26,11,46,0,0,23,1,24,0,9,49,12,70,0,0,0,70
06/28/2020,MGM,AL,ASO,ES,Combined TRACON& Tower with Radar,0,8,4,22,34,0,1,18,2,21,0,9,22,24,55,0,0,0,55
06/29/2020,MGM,AL,ASO,ES,Combined TRACON& Tower with Radar,0,11,31,41,83,0,0,14,3,17,0,11,45,44,100,0,0,0,100
06/30/2020,MGM,AL,ASO,ES,Combined TRACON& Tower with Radar,0,12,25,19,56,0,2,5,4,11,0,14,30,23,67,0,0,0,67
07/01/2020,MGM,AL,ASO,ES,Combined TRACON& Tower with Radar,0,9,21,10,40,0,1,13,0,14,0,10,34,10,54,14,0,14,68
07/02/2020,MGM,AL,ASO,ES,Combined TRACON& Tower with Radar,0,10,50,77,137,0,0,16,4,20,0,10,66,81,157,28,26,54,211
07/03/2020,MGM,AL,ASO,ES,Combined TRACON& Tower with Radar,0,11,11,2,24,0,6,26,0,32,0,17,37,2,56,14,0,14,70
07/04/2020,MGM,AL,ASO,ES,Combined TRACON& Tower with Radar,0,10,8,4,22,0,4,21,1,26,0,14,29,5,48,6,0,6,54
07/05/2020,MGM,AL,ASO,ES,Combined TRACON& Tower with Radar,2,13,11,2,28,0,3,23,0,26,2,16,34,2,54,36,16,52,106
07/06/2020,MGM,AL,ASO,ES,Combined TRACON& Tower with Radar,0,11,12,13,36,0,1,16,1,18,0,12,28,14,54,24,0,24,78
07/07/2020,MGM,AL,ASO,ES,Combined TRACON& Tower with Radar,1,11,23,35,70,0,0,5,0,5,1,11,28,35,75,22,6,28,103
07/08/2020,MGM,AL,ASO,ES,Combined TRACON& Tower with Radar,2,9,10,62,83,0,0,8,2,10,2,9,18,64,93,14,14,28,121
07/09/2020,MGM,AL,ASO,ES,Combined TRACON& Tower with Radar,4,9,27,15,55,0,1,21,5,27,4,10,48,20,82,44,28,72,154
07/10/2020,MGM,AL,ASO,ES,Combined TRACON& Tower with Radar,4,8,47,69,128,0,4,35,2,41,4,12,82,71,169,2,14,16,185
07/11/2020,MGM,AL,ASO,ES,Combined TRACON& Tower with Radar,4,9,14,23,50,0,3,38,5,46,4,12,52,28,96,64,22,86,182
07/12/2020,MGM,AL,ASO,ES,Combined TRACON& Tower with Radar,4,11,20,0,35,0,0,17,4,21,4,11,37,4,56,6,42,48,104
07/13/2020,MGM,AL,ASO,ES,Combined TRACON& Tower with Radar,4,10,27,89,130,0,1,34,26,61,4,11,61,115,191,106,40,146,337
07/14/2020,MGM,AL,ASO,ES,Combined TRACON& Tower with Radar,2,11,23,109,145,0,3,35,22,60,2,14,58,131,205,34,98,132,337
07/15/2020,MGM,AL,ASO,ES,Combined TRACON& Tower with Radar,2,12,13,40,67,0,2,15,2,19,2,14,28,42,86,22,24,46,132
07/16/2020,MGM,AL,ASO,ES,Combined TRACON& Tower with Radar,4,9,14,161,188,0,6,14,21,41,4,15,28,182,229,38,44,82,311
07/17/2020,MGM,AL,ASO,ES,Combined TRACON& Tower with Radar,4,9,13,80,106,0,10,40,27,77,4,19,53,107,183,28,22,50,233
07/18/2020,MGM,AL,ASO,ES,Combined TRACON& Tower with Radar,4,8,12,28,52,0,1,37,14,52,4,9,49,42,104,34,0,34,138
07/19/2020,MGM,AL,ASO,ES,Combined TRACON& Tower with Radar,4,8,11,46,69,0,3,28,14,45,4,11,39,60,114,0,0,0,114
07/20/2020,MGM,AL,ASO,ES,Combined TRACON& Tower with Radar,4,14,17,38,73,0,0,28,14,42,4,14,45,52,115,28,46,74,189
07/21/2020,MGM,AL,ASO,ES,Combined TRACON& Tower with Radar,2,9,8,127,146,0,5,23,22,50,2,14,31,149,196,34,58,92,288
07/22/2020,MGM,AL,ASO,ES,Combined TRACON& Tower with Radar,2,11,32,62,107,0,6,31,14,51,2,17,63,76,158,38,14,52,210
07/23/2020,MGM,AL,ASO,ES,Combined TRACON& Tower with Radar,4,10,24,86,124,0,6,23,23,52,4,16,47,109,176,88,94,182,358
07/24/2020,MGM,AL,ASO,ES,Combined TRACON& Tower with Radar,4,8,13,42,67,0,0,16,11,27,4,8,29,53,94,42,10,52,146
07/25/2020,MGM,AL,ASO,ES,Combined TRACON& Tower with Radar,6,8,6,12,32,0,0,31,11,42,6,8,37,23,74,46,8,54,128
07/26/2020,MGM,AL,ASO,ES,Combined TRACON& Tower with Radar,4,8,8,6,26,0,4,18,2,24,4,12,26,8,50,36,0,36,86
07/27/2020,MGM,AL,ASO,ES,Combined TRACON& Tower with Radar,6,12,15,132,165,0,2,33,7,42,6,14,48,139,207,24,74,98,305
07/28/2020,MGM,AL,ASO,ES,Combined TRACON& Tower with Radar,2,14,12,77,105,0,4,16,8,28,2,18,28,85,133,32,22,54,187
07/29/2020,MGM,AL,ASO,ES,Combined TRACON& Tower with Radar,2,8,15,32,57,0,0,9,2,11,2,8,24,34,68,4,0,4,72
07/30/2020,MGM,AL,ASO,ES,Combined TRACON& Tower with Radar,4,8,21,48,81,0,2,24,9,35,4,10,45,57,116,32,6,38,154
07/31/2020,MGM,AL,ASO,ES,Combined TRACON& Tower with Radar,4,11,18,87,120,0,4,21,16,41,4,15,39,103,161,34,32,66,227
08/01/2020,MGM,AL,ASO,ES,Combined TRACON& Tower with Radar,4,15,16,18,53,0,1,21,11,33,4,16,37,29,86,16,10,26,112
08/02/2020,MGM,AL,ASO,ES,Combined TRACON& Tower with Radar,4,14,10,42,70,0,2,27,14,43,4,16,37,56,113,40,44,84,197
08/03/2020,MGM,AL,ASO,ES,Combined TRACON& Tower with Radar,4,14,8,58,84,0,0,26,5,31,4,14,34,63,115,14,4,18,133
08/04/2020,MGM,AL,ASO,ES,Combined TRACON& Tower with Radar,2,14,13,65,94,0,3,50,4,57,2,17,63,69,151,88,20,108,259
08/05/2020,MGM,AL,ASO,ES,Combined TRACON& Tower with Radar,2,19,13,71,105,0,6,38,9,53,2,25,51,80,158,58,48,106,264
08/06/2020,MGM,AL,ASO,ES,Combined TRACON& Tower with Radar,4,13,20,79,116,0,3,35,22,60,4,16,55,101,176,22,38,60,236
08/07/2020,MGM,AL,ASO,ES,Combined TRACON& Tower with Radar,4,15,11,74,104,0,1,27,9,37,4,16,38,83,141,46,12,58,199
08/08/2020,MGM,AL,ASO,ES,Combined TRACON& Tower with Radar,4,13,15,12,44,0,1,23,1,25,4,14,38,13,69,10,14,24,93
08/09/2020,MGM,AL,ASO,ES,Combined TRACON& Tower with Radar,4,12,9,14,39,0,0,15,2,17,4,12,24,16,56,0,0,0,56
08/10/2020,MGM,AL,ASO,ES,Combined TRACON& Tower with Radar,4,13,30,27,74,0,4,21,3,28,4,17,51,30,102,16,10,26,128
08/11/2020,MGM,AL,ASO,ES,Combined TRACON& Tower with Radar,2,12,10,46,70,0,3,14,4,21,2,15,24,50,91,64,42,106,197
08/12/2020,MGM,AL,ASO,ES,Combined TRACON& Tower with Radar,3,12,27,84,126,0,5,28,17,50,3,17,55,101,176,32,28,60,236
08/13/2020,MGM,AL,ASO,ES,Combined TRACON& Tower with Radar,4,16,12,33,65,0,9,20,3,32,4,25,32,36,97,46,25,71,168
08/14/2020,MGM,AL,ASO,ES,Combined TRACON& Tower with Radar,4,13,2,63,82,0,4,14,5,23,4,17,16,68,105,12,14,26,131
08/15/2020,MGM,AL,ASO,ES,Combined TRACON& Tower with Radar,4,15,14,22,55,0,0,11,1,12,4,15,25,23,67,50,0,50,117
08/16/2020,MGM,AL,ASO,ES,Combined TRACON& Tower with Radar,4,11,20,45,80,0,0,54,3,57,4,11,74,48,137,16,0,16,153
08/17/2020,MGM,AL,ASO,ES,Combined TRACON& Tower with Radar,4,12,14,49,79,0,18,37,10,65,4,30,51,59,144,6,22,28,172
08/18/2020,MGM,AL,ASO,ES,Combined TRACON& Tower with Radar,2,14,28,95,139,0,6,32,7,45,2,20,60,102,184,18,66,84,268
08/19/2020,MGM,AL,ASO,ES,Combined TRACON& Tower with Radar,2,19,27,66,114,0,0,19,7,26,2,19,46,73,140,8,26,34,174
08/20/2020,MGM,AL,ASO,ES,Combined TRACON& Tower with Radar,2,16,20,31,69,0,5,11,2,18,2,21,31,33,87,0,14,14,101
08/21/2020,MGM,AL,ASO,ES,Combined TRACON& Tower with Radar,2,16,14,59,91,0,5,15,17,37,2,21,29,76,128,48,46,94,222
08/22/2020,MGM,AL,ASO,ES,Combined TRACON& Tower with Radar,2,17,11,5,35,0,3,21,11,35,2,20,32,16,70,16,20,36,106
08/23/2020,MGM,AL,ASO,ES,Combined TRACON& Tower with Radar,2,16,12,6,36,0,1,18,6,25,2,17,30,12,61,2,0,2,63
08/24/2020,MGM,AL,ASO,ES,Combined TRACON& Tower with Radar,4,15,12,40,71,0,0,2,2,4,4,15,14,42,75,4,20,24,99
08/25/2020,MGM,AL,ASO,ES,Combined TRACON& Tower with Radar,2,16,9,37,64,0,2,1,0,3,2,18,10,37,67,16,20,36,103
08/26/2020,MGM,AL,ASO,ES,Combined TRACON& Tower with Radar,2,19,20,118,159,0,4,11,2,17,2,23,31,120,176,30,24,54,230
08/27/2020,MGM,AL,ASO,ES,Combined TRACON& Tower with Radar,6,16,21,92,135,0,0,16,7,23,6,16,37,99,158,20,72,92,250
08/28/2020,MGM,AL,ASO,ES,Combined TRACON& Tower with Radar,2,17,9,16,44,0,2,0,1,3,2,19,9,17,47,6,0,6,53
08/29/2020,MGM,AL,ASO,ES,Combined TRACON& Tower with Radar,2,16,19,6,43,0,1,11,2,14,2,17,30,8,57,10,0,10,67
08/30/2020,MGM,AL,ASO,ES,Combined TRACON& Tower with Radar,2,13,29,3,47,0,0,11,2,13,2,13,40,5,60,8,0,8,68
08/31/2020,MGM,AL,ASO,ES,Combined TRACON& Tower with Radar,2,17,24,74,117,0,1,9,3,13,2,18,33,77,130,12,30,42,172
09/01/2020,MGM,AL,ASO,ES,Combined TRACON& Tower with Radar,2,16,21,49,88,0,6,6,2,14,2,22,27,51,102,52,32,84,186
09/02/2020,MGM,AL,ASO,ES,Combined TRACON& Tower with Radar,2,16,33,108,159,0,3,39,34,76,2,19,72,142,235,26,56,82,317
09/03/2020,MGM,AL,ASO,ES,Combined TRACON& Tower with Radar,2,16,41,115,174,0,4,20,10,34,2,20,61,125,208,62,34,96,304
09/04/2020,MGM,AL,ASO,ES,Combined TRACON& Tower with Radar,3,17,20,8,48,0,4,31,0,35,3,21,51,8,83,64,0,64,147
09/05/2020,MGM,AL,ASO,ES,Combined TRACON& Tower with Radar,2,16,14,4,36,0,8,26,0,34,2,24,40,4,70,20,0,20,90
09/06/2020,MGM,AL,ASO,ES,Combined TRACON& Tower with Radar,2,16,6,0,24,0,1,10,0,11,2,17,16,0,35,16,0,16,51
09/07/2020,MGM,AL,ASO,ES,Combined TRACON& Tower with Radar,2,18,14,5,39,0,0,26,3,29,2,18,40,8,68,32,0,32,100
09/08/2020,MGM,AL,ASO,ES,Combined TRACON& Tower with Radar,2,16,15,95,128,0,4,24,22,50,2,20,39,117,178,28,22,50,228
09/09/2020,MGM,AL,ASO,ES,Combined TRACON& Tower with Radar,3,14,17,143,177,0,0,34,16,50,3,14,51,159,227,10,14,24,251
09/10/2020,MGM,AL,ASO,ES,Combined TRACON& Tower with Radar,2,18,18,57,95,0,2,8,3,13,2,20,26,60,108,40,36,76,184
09/11/2020,MGM,AL,ASO,ES,Combined TRACON& Tower with Radar,2,16,27,51,96,0,2,23,17,42,2,18,50,68,138,42,17,59,197
09/12/2020,MGM,AL,ASO,ES,Combined TRACON& Tower with Radar,2,18,15,32,67,0,0,18,19,37,2,18,33,51,104,40,0,40,144
09/13/2020,MGM,AL,ASO,ES,Combined TRACON& Tower with Radar,2,14,18,9,43,0,0,7,2,9,2,14,25,11,52,26,18,44,96
09/14/2020,MGM,AL,ASO,ES,Combined TRACON& Tower with Radar,2,17,14,51,84,0,3,13,3,19,2,20,27,54,103,6,14,20,123
09/15/2020,MGM,AL,ASO,ES,Combined TRACON& Tower with Radar,2,13,22,24,61,0,2,8,3,13,2,15,30,27,74,4,38,42,116
09/16/2020,MGM,AL,ASO,ES,Combined TRACON& Tower with Radar,4,6,2,0,12,0,0,0,0,0,4,6,2,0,12,0,0,0,12
09/17/2020,MGM,AL,ASO,ES,Combined TRACON& Tower with Radar,2,16,12,29,59,0,2,4,9,15,2,18,16,38,74,4,26,30,104
09/18/2020,MGM,AL,ASO,ES,Combined TRACON& Tower with Radar,2,19,28,32,81,0,1,25,5,31,2,20,53,37,112,22,1,23,135
09/19/2020,MGM,AL,ASO,ES,Combined TRACON& Tower with Radar,2,16,22,1,41,0,2,19,3,24,2,18,41,4,65,18,2,20,85
09/20/2020,MGM,AL,ASO,ES,Combined TRACON& Tower with Radar,2,17,17,15,51,0,2,19,2,23,2,19,36,17,74,14,0,14,88
09/21/2020,MGM,AL,ASO,ES,Combined TRACON& Tower with Radar,6,17,29,50,102,0,2,39,4,45,6,19,68,54,147,32,72,104,251
09/22/2020,MGM,AL,ASO,ES,Combined TRACON& Tower with Radar,2,18,35,78,133,0,1,36,7,44,2,19,71,85,177,34,60,94,271
09/23/2020,MGM,AL,ASO,ES,Combined TRACON& Tower with Radar,2,15,20,129,166,0,2,30,7,39,2,17,50,136,205,64,84,148,353
09/24/2020,MGM,AL,ASO,ES,Combined TRACON& Tower with Radar,2,15,15,47,79,0,0,2,3,5,2,15,17,50,84,4,18,22,106
09/25/2020,MGM,AL,ASO,ES,Combined TRACON& Tower with Radar,5,19,26,111,161,0,1,14,11,26,5,20,40,122,187,16,80,96,283
09/26/2020,MGM,AL,ASO,ES,Combined TRACON& Tower with Radar,3,16,16,21,56,0,0,31,4,35,3,16,47,25,91,52,2,54,145
09/27/2020,MGM,AL,ASO,ES,Combined TRACON& Tower with Radar,4,16,19,21,60,0,0,15,7,22,4,16,34,28,82,28,0,28,110
09/28/2020,MGM,AL,ASO,ES,Combined TRACON& Tower with Radar,2,20,12,78,112,0,1,4,0,5,2,21,16,78,117,14,10,24,141
09/29/2020,MGM,AL,ASO,ES,Combined TRACON& Tower with Radar,2,14,30,75,121,0,0,25,6,31,2,14,55,81,152,46,48,94,246
09/30/2020,MGM,AL,ASO,ES,Combined TRACON& Tower with Radar,2,15,21,107,145,0,5,60,16,81,2,20,81,123,226,82,100,182,408
10/01/2020,MGM,AL,ASO,ES,Combined TRACON& Tower with Radar,2,14,28,95,139,0,0,46,13,59,2,14,74,108,198,68,108,176,374
10/02/2020,MGM,AL,ASO,ES,Combined TRACON& Tower with Radar,2,18,31,100,151,0,1,56,10,67,2,19,87,110,218,44,19,63,281
10/03/2020,MGM,AL,ASO,ES,Combined TRACON& Tower with Radar,2,14,12,24,52,0,0,28,0,28,2,14,40,24,80,32,40,72,152
10/04/2020,MGM,AL,ASO,ES,Combined TRACON& Tower with Radar,2,18,13,32,65,0,2,69,5,76,2,20,82,37,141,30,16,46,187
10/05/2020,MGM,AL,ASO,ES,Combined TRACON& Tower with Radar,2,18,32,46,98,0,0,44,1,45,2,18,76,47,143,4,0,4,147
10/06/2020,MGM,AL,ASO,ES,Combined TRACON& Tower with Radar,4,21,22,42,89,0,7,19,1,27,4,28,41,43,116,22,34,56,172
10/07/2020,MGM,AL,ASO,ES,Combined TRACON& Tower with Radar,2,17,18,80,117,0,0,44,11,55,2,17,62,91,172,54,98,152,324
10/08/2020,MGM,AL,ASO,ES,Combined TRACON& Tower with Radar,3,13,31,65,112,0,12,38,16,66,3,25,69,81,178,38,58,96,274
10/09/2020,MGM,AL,ASO,ES,Combined TRACON& Tower with Radar,7,15,12,19,53,0,0,3,0,3,7,15,15,19,56,4,0,4,60
10/10/2020,MGM,AL,ASO,ES,Combined TRACON& Tower with Radar,8,17,2,0,27,0,0,0,0,0,8,17,2,0,27,0,0,0,27
10/11/2020,MGM,AL,ASO,ES,Combined TRACON& Tower with Radar,5,13,9,0,27,0,0,0,0,0,5,13,9,0,27,6,0,6,33
10/12/2020,MGM,AL,ASO,ES,Combined TRACON& Tower with Radar,3,17,19,0,39,0,0,52,0,52,3,17,71,0,91,37,1,38,129
10/13/2020,MGM,AL,ASO,ES,Combined TRACON& Tower with Radar,2,18,15,64,99,0,5,47,6,58,2,23,62,70,157,34,35,69,226
10/14/2020,MGM,AL,ASO,ES,Combined TRACON& Tower with Radar,2,16,32,116,166,0,1,68,33,102,2,17,100,149,268,50,112,162,430
10/15/2020,MGM,AL,ASO,ES,Combined TRACON& Tower with Radar,6,16,45,75,142,0,7,53,18,78,6,23,98,93,220,58,70,128,348
10/16/2020,MGM,AL,ASO,ES,Combined TRACON& Tower with Radar,4,17,33,81,135,0,7,38,20,65,4,24,71,101,200,64,70,134,334
10/17/2020,MGM,AL,ASO,ES,Combined TRACON& Tower with Radar,4,12,25,10,51,0,1,45,16,62,4,13,70,26,113,40,8,48,161
10/18/2020,MGM,AL,ASO,ES,Combined TRACON& Tower with Radar,5,12,17,34,68,0,1,42,23,66,5,13,59,57,134,18,19,37,171
10/19/2020,MGM,AL,ASO,ES,Combined TRACON& Tower with Radar,4,13,21,78,116,0,9,51,8,68,4,22,72,86,184,28,76,104,288
10/20/2020,MGM,AL,ASO,ES,Combined TRACON& Tower with Radar,2,16,27,95,140,0,4,35,6,45,2,20,62,101,185,56,52,108,293
10/21/2020,MGM,AL,ASO,ES,Combined TRACON& Tower with Radar,2,20,41,91,154,0,3,47,15,65,2,23,88,106,219,26,64,90,309
10/22/2020,MGM,AL,ASO,ES,Combined TRACON& Tower with Radar,6,20,34,96,156,0,3,29,25,57,6,23,63,121,213,26,126,152,365
10/23/2020,MGM,AL,ASO,ES,Combined TRACON& Tower with Radar,6,19,22,91,138,0,1,19,7,27,6,20,41,98,165,16,80,96,261
10/24/2020,MGM,AL,ASO,ES,Combined TRACON& Tower with Radar,4,10,12,6,32,0,0,1,1,2,4,10,13,7,34,0,14,14,48
10/25/2020,MGM,AL,ASO,ES,Combined TRACON& Tower with Radar,5,13,24,8,50,0,0,10,0,10,5,13,34,8,60,6,0,6,66
10/26/2020,MGM,AL,ASO,ES,Combined TRACON& Tower with Radar,4,10,26,78,118,0,0,41,12,53,4,10,67,90,171,21,72,93,264
10/27/2020,MGM,AL,ASO,ES,Combined TRACON& Tower with Radar,2,13,31,72,118,0,0,1,3,4,2,13,32,75,122,6,3,9,131
10/28/2020,MGM,AL,ASO,ES,Combined TRACON& Tower with Radar,2,11,14,56,83,0,0,1,5,6,2,11,15,61,89,0,0,0,89
10/29/2020,MGM,AL,ASO,ES,Combined TRACON& Tower with Radar,6,12,13,61,92,0,0,3,17,20,6,12,16,78,112,12,66,78,190
10/30/2020,MGM,AL,ASO,ES,Combined TRACON& Tower with Radar,5,12,19,42,78,0,4,33,7,44,5,16,52,49,122,32,38,70,192
10/31/2020,MGM,AL,ASO,ES,Combined TRACON& Tower with Radar,3,7,21,0,31,0,7,50,0,57,3,14,71,0,88,64,0,64,152
11/01/2020,MGM,AL,ASO,ES,Combined TRACON& Tower with Radar,2,12,15,6,35,0,0,29,2,31,2,12,44,8,66,6,0,6,72
11/02/2020,MGM,AL,ASO,ES,Combined TRACON& Tower with Radar,4,10,20,60,94,0,3,29,9,41,4,13,49,69,135,28,27,55,190
11/03/2020,MGM,AL,ASO,ES,Combined TRACON& Tower with Radar,2,11,19,78,110,0,5,38,8,51,2,16,57,86,161,122,80,202,363
11/04/2020,MGM,AL,ASO,ES,Combined TRACON& Tower with Radar,1,23,21,89,134,0,8,37,19,64,1,31,58,108,198,42,96,138,336
11/05/2020,MGM,AL,ASO,ES,Combined TRACON& Tower with Radar,2,15,22,88,127,0,7,36,21,64,2,22,58,109,191,50,58,108,299
11/06/2020,MGM,AL,ASO,ES,Combined TRACON& Tower with Radar,0,14,23,52,89,0,6,64,17,87,0,20,87,69,176,68,50,118,294
11/07/2020,MGM,AL,ASO,ES,Combined TRACON& Tower with Radar,0,14,28,37,79,0,2,7,14,23,0,16,35,51,102,38,0,38,140
11/08/2020,MGM,AL,ASO,ES,Combined TRACON& Tower with Radar,0,16,21,32,69,0,2,13,10,25,0,18,34,42,94,16,15,31,125
11/09/2020,MGM,AL,ASO,ES,Combined TRACON& Tower with Radar,0,26,30,97,153,0,3,22,3,28,0,29,52,100,181,36,62,98,279
11/10/2020,MGM,AL,ASO,ES,Combined TRACON& Tower with Radar,2,17,30,49,98,0,1,5,4,10,2,18,35,53,108,20,26,46,154
11/11/2020,MGM,AL,ASO,ES,Combined TRACON& Tower with Radar,0,20,9,3,32,0,1,7,3,11,0,21,16,6,43,8,0,8,51
11/12/2020,MGM,AL,ASO,ES,Combined TRACON& Tower with Radar,0,17,19,70,106,0,0,3,3,6,0,17,22,73,112,0,3,3,115
11/13/2020,MGM,AL,ASO,ES,Combined TRACON& Tower with Radar,0,19,30,64,113,0,0,50,9,59,0,19,80,73,172,46,42,88,260
11/14/2020,MGM,AL,ASO,ES,Combined TRACON& Tower with Radar,0,18,15,16,49,0,0,65,11,76,0,18,80,27,125,102,6,108,233
11/15/2020,MGM,AL,ASO,ES,Combined TRACON& Tower with Radar,1,17,25,8,51,0,0,15,5,20,1,17,40,13,71,0,0,0,71
11/16/2020,MGM,AL,ASO,ES,Combined TRACON& Tower with Radar,0,17,19,90,126,0,5,42,10,57,0,22,61,100,183,32,80,112,295
11/17/2020,MGM,AL,ASO,ES,Combined TRACON& Tower with Radar,1,23,16,108,148,0,10,36,20,66,1,33,52,128,214,24,40,64,278
11/18/2020,MGM,AL,ASO,ES,Combined TRACON& Tower with Radar,0,18,19,98,135,0,12,81,17,110,0,30,100,115,245,59,51,110,355
11/19/2020,MGM,AL,ASO,ES,Combined TRACON& Tower with Radar,0,20,14,57,91,0,1,68,22,91,0,21,82,79,182,56,62,118,300
11/20/2020,MGM,AL,ASO,ES,Combined TRACON& Tower with Radar,3,18,33,66,120,0,2,55,20,77,3,20,88,86,197,8,44,52,249
11/21/2020,MGM,AL,ASO,ES,Combined TRACON& Tower with Radar,1,19,21,5,46,0,2,61,2,65,1,21,82,7,111,88,0,88,199
11/22/2020,MGM,AL,ASO,ES,Combined TRACON& Tower with Radar,0,22,19,49,90,0,0,35,4,39,0,22,54,53,129,6,6,12,141
11/23/2020,MGM,AL,ASO,ES,Combined TRACON& Tower with Radar,0,16,25,41,82,0,0,33,4,37,0,16,58,45,119,42,24,66,185
11/24/2020,MGM,AL,ASO,ES,Combined TRACON& Tower with Radar,2,19,20,83,124,0,3,45,10,58,2,22,65,93,182,32,26,58,240
11/25/2020,MGM,AL,ASO,ES,Combined TRACON& Tower with Radar,0,23,18,26,67,0,0,12,3,15,0,23,30,29,82,26,22,48,130
11/26/2020,MGM,AL,ASO,ES,Combined TRACON& Tower with Radar,0,13,7,0,20,0,0,1,0,1,0,13,8,0,21,0,0,0,21
11/27/2020,MGM,AL,ASO,ES,Combined TRACON& Tower with Radar,0,19,32,0,51,0,0,8,0,8,0,19,40,0,59,34,0,34,93
11/28/2020,MGM,AL,ASO,ES,Combined TRACON& Tower with Radar,0,19,20,0,39,0,1,9,0,10,0,20,29,0,49,2,0,2,51
11/29/2020,MGM,AL,ASO,ES,Combined TRACON& Tower with Radar,0,24,12,0,36,0,0,1,0,1,0,24,13,0,37,0,0,0,37
11/30/2020,MGM,AL,ASO,ES,Combined TRACON& Tower with Radar,0,18,9,60,87,0,2,4,2,8,0,20,13,62,95,0,14,14,109
12/01/2020,MGM,AL,ASO,ES,Combined TRACON& Tower with Radar,2,19,41,101,163,0,0,49,19,68,2,19,90,120,231,32,44,76,307
12/02/2020,MGM,AL,ASO,ES,Combined TRACON& Tower with Radar,1,20,12,105,138,0,5,32,18,55,1,25,44,123,193,34,68,102,295
12/03/2020,MGM,AL,ASO,ES,Combined TRACON& Tower with Radar,1,18,12,116,147,0,7,33,17,57,1,25,45,133,204,14,72,86,290
12/04/2020,MGM,AL,ASO,ES,Combined TRACON& Tower with Radar,4,15,23,65,107,0,0,0,5,5,4,15,23,70,112,0,0,0,112
12/05/2020,MGM,AL,ASO,ES,Combined TRACON& Tower with Radar,5,15,21,18,59,0,0,57,10,67,5,15,78,28,126,6,62,68,194
12/06/2020,MGM,AL,ASO,ES,Combined TRACON& Tower with Radar,2,16,16,15,49,0,2,32,12,46,2,18,48,27,95,10,54,64,159
12/07/2020,MGM,AL,ASO,ES,Combined TRACON& Tower with Radar,2,25,16,68,111,0,0,8,7,15,2,25,24,75,126,20,34,54,180
12/08/2020,MGM,AL,ASO,ES,Combined TRACON& Tower with Radar,2,19,20,72,113,0,2,42,14,58,2,21,62,86,171,46,60,106,277
12/09/2020,MGM,AL,ASO,ES,Combined TRACON& Tower with Radar,2,21,33,71,127,0,2,42,20,64,2,23,75,91,191,32,30,62,253
12/10/2020,MGM,AL,ASO,ES,Combined TRACON& Tower with Radar,2,15,24,121,162,0,0,48,31,79,2,15,72,152,241,70,79,149,390
12/11/2020,MGM,AL,ASO,ES,Combined TRACON& Tower with Radar,4,15,14,60,93,0,1,25,14,40,4,16,39,74,133,40,48,88,221
12/12/2020,MGM,AL,ASO,ES,Combined TRACON& Tower with Radar,4,19,11,10,44,0,2,15,0,17,4,21,26,10,61,0,0,0,61
12/13/2020,MGM,AL,ASO,ES,Combined TRACON& Tower with Radar,2,16,18,12,48,0,0,2,0,2,2,16,20,12,50,0,0,0,50
12/14/2020,MGM,AL,ASO,ES,Combined TRACON& Tower with Radar,2,18,21,74,115,0,4,8,3,15,2,22,29,77,130,20,80,100,230
12/15/2020,MGM,AL,ASO,ES,Combined TRACON& Tower with Radar,2,20,20,84,126,0,6,33,24,63,2,26,53,108,189,30,136,166,355
12/16/2020,MGM,AL,ASO,ES,Combined TRACON& Tower with Radar,2,22,17,16,57,0,1,0,1,2,2,23,17,17,59,0,0,0,59
12/17/2020,MGM,AL,ASO,ES,Combined TRACON& Tower with Radar,1,21,17,30,69,0,1,18,9,28,1,22,35,39,97,46,38,84,181
12/18/2020,MGM,AL,ASO,ES,Combined TRACON& Tower with Radar,1,21,21,70,113,0,6,31,13,50,1,27,52,83,163,32,40,72,235
12/19/2020,MGM,AL,ASO,ES,Combined TRACON& Tower with Radar,0,16,20,16,52,0,3,29,3,35,0,19,49,19,87,14,0,14,101
12/20/2020,MGM,AL,ASO,ES,Combined TRACON& Tower with Radar,0,18,10,17,45,0,0,6,0,6,0,18,16,17,51,10,0,10,61
12/21/2020,MGM,AL,ASO,ES,Combined TRACON& Tower with Radar,2,17,14,14,47,0,0,18,2,20,2,17,32,16,67,0,0,0,67
12/22/2020,MGM,AL,ASO,ES,Combined TRACON& Tower with Radar,1,22,16,49,88,0,0,34,3,37,1,22,50,52,125,34,58,92,217
12/23/2020,MGM,AL,ASO,ES,Combined TRACON& Tower with Radar,5,21,7,18,51,0,0,22,0,22,5,21,29,18,73,20,24,44,117
12/24/2020,MGM,AL,ASO,ES,Combined TRACON& Tower with Radar,0,12,2,0,14,0,0,0,0,0,0,12,2,0,14,0,0,0,14
12/25/2020,MGM,AL,ASO,ES,Combined TRACON& Tower with Radar,4,15,4,0,23,0,0,3,0,3,4,15,7,0,26,0,0,0,26
12/26/2020,MGM,AL,ASO,ES,Combined TRACON& Tower with Radar,0,16,22,0,38,0,1,25,0,26,0,17,47,0,64,10,0,10,74
12/27/2020,MGM,AL,ASO,ES,Combined TRACON& Tower with Radar,0,16,10,0,26,0,1,28,0,29,0,17,38,0,55,28,0,28,83
12/28/2020,MGM,AL,ASO,ES,Combined TRACON& Tower with Radar,0,16,3,12,31,0,7,14,3,24,0,23,17,15,55,16,9,25,80
12/29/2020,MGM,AL,ASO,ES,Combined TRACON& Tower with Radar,0,18,13,40,71,0,2,25,10,37,0,20,38,50,108,36,20,56,164
12/30/2020,MGM,AL,ASO,ES,Combined TRACON& Tower with Radar,0,18,11,36,65,0,0,16,6,22,0,18,27,42,87,12,30,42,129
12/31/2020,MGM,AL,ASO,ES,Combined TRACON& Tower with Radar,2,16,12,0,30,0,0,1,0,1,2,16,13,0,31,0,0,0,31
01/01/2021,MGM,AL,ASO,ES,Combined TRACON& Tower with Radar,0,14,3,0,17,0,0,4,0,4,0,14,7,0,21,0,0,0,21
01/02/2021,MGM,AL,ASO,ES,Combined TRACON& Tower with Radar,0,18,20,0,38,0,0,27,0,27,0,18,47,0,65,90,0,90,155
01/03/2021,MGM,AL,ASO,ES,Combined TRACON& Tower with Radar,0,20,9,0,29,0,2,28,0,30,0,22,37,0,59,48,0,48,107
01/04/2021,MGM,AL,ASO,ES,Combined TRACON& Tower with Radar,0,16,11,19,46,0,1,40,1,42,0,17,51,20,88,18,4,22,110
01/05/2021,MGM,AL,ASO,ES,Combined TRACON& Tower with Radar,0,15,21,46,82,0,1,23,6,30,0,16,44,52,112,40,34,74,186
01/06/2021,MGM,AL,ASO,ES,Combined TRACON& Tower with Radar,0,15,13,82,110,0,4,41,21,66,0,19,54,103,176,40,68,108,284
01/07/2021,MGM,AL,ASO,ES,Combined TRACON& Tower with Radar,0,16,12,26,54,0,2,1,2,5,0,18,13,28,59,0,0,0,59
01/08/2021,MGM,AL,ASO,ES,Combined TRACON& Tower with Radar,0,16,25,16,57,0,0,3,3,6,0,16,28,19,63,16,36,52,115
01/09/2021,MGM,AL,ASO,ES,Combined TRACON& Tower with Radar,0,18,7,28,53,0,0,19,7,26,0,18,26,35,79,16,5,21,100
01/10/2021,MGM,AL,ASO,ES,Combined TRACON& Tower with Radar,0,19,14,37,70,0,0,36,6,42,0,19,50,43,112,10,18,28,140
01/11/2021,MGM,AL,ASO,ES,Combined TRACON& Tower with Radar,2,20,9,10,41,0,0,0,0,0,2,20,9,10,41,0,0,0,41
01/12/2021,MGM,AL,ASO,ES,Combined TRACON& Tower with Radar,0,19,17,52,88,0,2,1,0,3,0,21,18,52,91,8,18,26,117
01/13/2021,MGM,AL,ASO,ES,Combined TRACON& Tower with Radar,0,16,8,66,90,0,5,39,10,54,0,21,47,76,144,10,24,34,178
01/14/2021,MGM,AL,ASO,ES,Combined TRACON& Tower with Radar,0,20,18,73,111,0,3,45,15,63,0,23,63,88,174,20,46,66,240
01/15/2021,MGM,AL,ASO,ES,Combined TRACON& Tower with Radar,0,23,18,47,88,0,1,34,7,42,0,24,52,54,130,0,0,0,130
01/16/2021,MGM,AL,ASO,ES,Combined TRACON& Tower with Radar,0,14,28,9,51,0,1,40,0,41,0,15,68,9,92,18,0,18,110
01/17/2021,MGM,AL,ASO,ES,Combined TRACON& Tower with Radar,0,16,19,1,36,0,0,43,0,43,0,16,62,1,79,56,0,56,135
01/18/2021,MGM,AL,ASO,ES,Combined TRACON& Tower with Radar,2,16,33,5,56,0,0,61,1,62,2,16,94,6,118,36,0,36,154
01/19/2021,MGM,AL,ASO,ES,Combined TRACON& Tower with Radar,0,18,33,112,163,0,1,36,17,54,0,19,69,129,217,20,75,95,312
01/20/2021,MGM,AL,ASO,ES,Combined TRACON& Tower with Radar,0,14,34,68,116,0,0,32,19,51,0,14,66,87,167,2,34,36,203
01/21/2021,MGM,AL,ASO,ES,Combined TRACON& Tower with Radar,0,23,27,64,114,0,0,2,1,3,0,23,29,65,117,0,32,32,149
01/22/2021,MGM,AL,ASO,ES,Combined TRACON& Tower with Radar,0,18,18,30,66,0,0,0,1,1,0,18,18,31,67,0,6,6,73
01/23/2021,MGM,AL,ASO,ES,Combined TRACON& Tower with Radar,0,13,27,34,74,0,2,47,16,65,0,15,74,50,139,70,38,108,247
01/24/2021,MGM,AL,ASO,ES,Combined TRACON& Tower with Radar,0,21,27,51,99,0,1,14,2,17,0,22,41,53,116,6,2,8,124
01/25/2021,MGM,AL,ASO,ES,Combined TRACON& Tower with Radar,0,20,8,30,58,0,6,1,1,8,0,26,9,31,66,0,0,0,66
01/26/2021,MGM,AL,ASO,ES,Combined TRACON& Tower with Radar,0,20,31,76,127,0,0,9,9,18,0,20,40,85,145,12,146,158,303
01/27/2021,MGM,AL,ASO,ES,Combined TRACON& Tower with Radar,0,14,10,81,105,0,4,4,10,18,0,18,14,91,123,6,16,22,145
01/28/2021,MGM,AL,ASO,ES,Combined TRACON& Tower with Radar,0,18,32,54,104,0,0,37,24,61,0,18,69,78,165,38,117,155,320
01/29/2021,MGM,AL,ASO,ES,Combined TRACON& Tower with Radar,0,18,28,68,114,0,4,75,17,96,0,22,103,85,210,62,26,88,298
01/30/2021,MGM,AL,ASO,ES,Combined TRACON& Tower with Radar,0,11,16,6,33,0,3,40,8,51,0,14,56,14,84,64,0,64,148
01/31/2021,MGM,AL,ASO,ES,Combined TRACON& Tower with Radar,0,18,5,2,25,0,0,4,0,4,0,18,9,2,29,20,0,20,49
02/01/2021,MGM,AL,ASO,ES,Combined TRACON& Tower with Radar,0,17,9,51,77,0,0,3,0,3,0,17,12,51,80,4,52,56,136
02/02/2021,MGM,AL,ASO,ES,Combined TRACON& Tower with Radar,0,16,16,89,121,0,0,29,8,37,0,16,45,97,158,2,46,48,206
02/03/2021,MGM,AL,ASO,ES,Combined TRACON& Tower with Radar,0,14,43,69,126,0,1,43,4,48,0,15,86,73,174,92,38,130,304
02/04/2021,MGM,AL,ASO,ES,Combined TRACON& Tower with Radar,2,20,17,61,100,0,0,16,19,35,2,20,33,80,135,70,22,92,227
02/05/2021,MGM,AL,ASO,ES,Combined TRACON& Tower with Radar,0,17,24,65,106,0,3,26,15,44,0,20,50,80,150,6,40,46,196
02/06/2021,MGM,AL,ASO,ES,Combined TRACON& Tower with Radar,0,12,21,17,50,0,0,16,0,16,0,12,37,17,66,18,0,18,84
02/07/2021,MGM,AL,ASO,ES,Combined TRACON& Tower with Radar,0,15,11,46,72,0,2,28,11,41,0,17,39,57,113,18,8,26,139
02/08/2021,MGM,AL,ASO,ES,Combined TRACON& Tower with Radar,0,16,34,85,135,0,0,51,10,61,0,16,85,95,196,16,146,162,358
02/09/2021,MGM,AL,ASO,ES,Combined TRACON& Tower with Radar,0,17,27,101,145,0,0,6,0,6,0,17,33,101,151,46,76,122,273
02/10/2021,MGM,AL,ASO,ES,Combined TRACON& Tower with Radar,0,15,20,57,92,0,2,7,4,13,0,17,27,61,105,0,46,46,151
02/11/2021,MGM,AL,ASO,ES,Combined TRACON& Tower with Radar,1,22,4,8,35,0,0,0,0,0,1,22,4,8,35,0,12,12,47
02/12/2021,MGM,AL,ASO,ES,Combined TRACON& Tower with Radar,0,17,13,3,33,0,0,0,0,0,0,17,13,3,33,0,0,0,33
02/13/2021,MGM,AL,ASO,ES,Combined TRACON& Tower with Radar,0,14,8,1,23,0,0,0,0,0,0,14,8,1,23,0,0,0,23
02/14/2021,MGM,AL,ASO,ES,Combined TRACON& Tower with Radar,0,11,12,9,32,0,0,0,0,0,0,11,12,9,32,0,0,0,32
02/15/2021,MGM,AL,ASO,ES,Combined TRACON& Tower with Radar,0,15,4,0,19,0,0,0,0,0,0,15,4,0,19,0,0,0,19
02/16/2021,MGM,AL,ASO,ES,Combined TRACON& Tower with Radar,0,20,30,35,85,0,0,25,3,28,0,20,55,38,113,34,0,34,147
02/17/2021,MGM,AL,ASO,ES,Combined TRACON& Tower with Radar,0,16,31,93,140,0,5,26,13,44,0,21,57,106,184,52,128,180,364
02/18/2021,MGM,AL,ASO,ES,Combined TRACON& Tower with Radar,2,19,16,30,67,0,2,1,2,5,2,21,17,32,72,28,54,82,154
02/19/2021,MGM,AL,ASO,ES,Combined TRACON& Tower with Radar,0,20,17,81,118,0,2,23,4,29,0,22,40,85,147,6,17,23,170
02/20/2021,MGM,AL,ASO,ES,Combined TRACON& Tower with Radar,0,12,6,14,32,0,1,50,1,52,0,13,56,15,84,4,0,4,88
02/21/2021,MGM,AL,ASO,ES,Combined TRACON& Tower with Radar,0,19,18,12,49,0,2,43,0,45,0,21,61,12,94,0,0,0,94
02/22/2021,MGM,AL,ASO,ES,Combined TRACON& Tower with Radar,0,20,17,33,70,0,0,16,3,19,0,20,33,36,89,24,64,88,177
02/23/2021,MGM,AL,ASO,ES,Combined TRACON& Tower with Radar,0,26,23,60,109,0,6,34,11,51,0,32,57,71,160,30,72,102,262
02/24/2021,MGM,AL,ASO,ES,Combined TRACON& Tower with Radar,0,19,16,57,92,0,13,46,15,74,0,32,62,72,166,60,34,94,260
02/25/2021,MGM,AL,ASO,ES,Combined TRACON& Tower with Radar,0,23,30,50,103,0,13,38,21,72,0,36,68,71,175,64,56,120,295
02/26/2021,MGM,AL,ASO,ES,Combined TRACON& Tower with Radar,0,22,21,83,126,0,6,16,12,34,0,28,37,95,160,12,52,64,224
02/27/2021,MGM,AL,ASO,ES,Combined TRACON& Tower with Radar,0,17,11,8,36,0,0,13,3,16,0,17,24,11,52,16,0,16,68
02/28/2021,MGM,AL,ASO,ES,Combined TRACON& Tower with Radar,0,23,11,7,41,0,3,6,1,10,0,26,17,8,51,0,0,0,51
03/01/2021,MGM,AL,ASO,ES,Combined TRACON& Tower with Radar,0,19,17,35,71,0,2,6,1,9,0,21,23,36,80,0,20,20,100
03/02/2021,MGM,AL,ASO,ES,Combined TRACON& Tower with Radar,0,14,21,9,44,0,0,0,0,0,0,14,21,9,44,0,0,0,44
03/03/2021,MGM,AL,ASO,ES,Combined TRACON& Tower with Radar,0,21,33,86,140,0,5,34,31,70,0,26,67,117,210,18,118,136,346
03/04/2021,MGM,AL,ASO,ES,Combined TRACON& Tower with Radar,2,25,15,85,127,0,1,32,24,57,2,26,47,109,184,42,104,146,330
03/05/2021,MGM,AL,ASO,ES,Combined TRACON& Tower with Radar,0,24,25,69,118,0,9,43,22,74,0,33,68,91,192,22,34,56,248
03/06/2021,MGM,AL,ASO,ES,Combined TRACON& Tower with Radar,0,16,6,35,57,0,5,52,20,77,0,21,58,55,134,16,6,22,156
03/07/2021,MGM,AL,ASO,ES,Combined TRACON& Tower with Radar,2,24,17,16,59,0,1,32,3,36,2,25,49,19,95,58,34,92,187
03/08/2021,MGM,AL,ASO,ES,Combined TRACON& Tower with Radar,0,20,29,40,89,0,3,55,11,69,0,23,84,51,158,116,4,120,278
03/09/2021,MGM,AL,ASO,ES,Combined TRACON& Tower with Radar,0,20,19,72,111,0,2,25,17,44,0,22,44,89,155,50,52,102,257
03/10/2021,MGM,AL,ASO,ES,Combined TRACON& Tower with Radar,0,17,33,49,99,0,2,39,5,46,0,19,72,54,145,14,60,74,219
03/11/2021,MGM,AL,ASO,ES,Combined TRACON& Tower with Radar,0,20,25,33,78,0,3,40,25,68,0,23,65,58,146,54,64,118,264
03/12/2021,MGM,AL,ASO,ES,Combined TRACON& Tower with Radar,0,24,28,43,95,0,2,45,14,61,0,26,73,57,156,48,16,64,220
03/13/2021,MGM,AL,ASO,ES,Combined TRACON& Tower with Radar,0,14,15,10,39,0,1,46,2,49,0,15,61,12,88,34,0,34,122
03/14/2021,MGM,AL,ASO,ES,Combined TRACON& Tower with Radar,0,24,16,18,58,0,8,38,9,55,0,32,54,27,113,40,0,40,153
03/15/2021,MGM,AL,ASO,ES,Combined TRACON& Tower with Radar,0,20,27,46,93,0,5,5,3,13,0,25,32,49,106,0,12,12,118
03/16/2021,MGM,AL,ASO,ES,Combined TRACON& Tower with Radar,2,16,21,10,49,0,1,0,1,2,2,17,21,11,51,0,10,10,61
03/17/2021,MGM,AL,ASO,ES,Combined TRACON& Tower with Radar,0,14,7,12,33,0,0,1,0,1,0,14,8,12,34,6,0,6,40
03/18/2021,MGM,AL,ASO,ES,Combined TRACON& Tower with Radar,0,27,10,64,101,0,9,12,14,35,0,36,22,78,136,34,69,103,239
03/19/2021,MGM,AL,ASO,ES,Combined TRACON& Tower with Radar,0,22,28,28,78,0,8,17,12,37,0,30,45,40,115,22,8,30,145
03/20/2021,MGM,AL,ASO,ES,Combined TRACON& Tower with Radar,0,16,23,10,49,0,0,29,6,35,0,16,52,16,84,44,16,60,144
03/21/2021,MGM,AL,ASO,ES,Combined TRACON& Tower with Radar,0,24,18,25,67,0,0,10,6,16,0,24,28,31,83,56,10,66,149
03/22/2021,MGM,AL,ASO,ES,Combined TRACON& Tower with Radar,2,26,37,27,92,0,8,53,8,69,2,34,90,35,161,28,102,130,291
03/23/2021,MGM,AL,ASO,ES,Combined TRACON& Tower with Radar,2,22,21,58,103,0,4,15,3,22,2,26,36,61,125,40,80,120,245
03/24/2021,MGM,AL,ASO,ES,Combined TRACON& Tower with Radar,0,19,21,69,109,0,4,12,11,27,0,23,33,80,136,32,66,98,234
03/25/2021,MGM,AL,ASO,ES,Combined TRACON& Tower with Radar,2,24,6,9,41,0,1,0,2,3,2,25,6,11,44,0,0,0,44
03/26/2021,MGM,AL,ASO,ES,Combined TRACON& Tower with Radar,2,28,30,18,78,0,5,10,2,17,2,33,40,20,95,12,16,28,123
03/27/2021,MGM,AL,ASO,ES,Combined TRACON& Tower with Radar,0,18,22,5,45,0,2,15,1,18,0,20,37,6,63,0,0,0,63
03/28/2021,MGM,AL,ASO,ES,Combined TRACON& Tower with Radar,0,25,10,10,45,0,0,1,0,1,0,25,11,10,46,0,0,0,46
03/29/2021,MGM,AL,ASO,ES,Combined TRACON& Tower with Radar,0,24,44,34,102,0,5,42,3,50,0,29,86,37,152,64,36,100,252
03/30/2021,MGM,AL,ASO,ES,Combined TRACON& Tower with Radar,0,26,22,74,122,0,1,25,8,34,0,27,47,82,156,20,63,83,239
03/31/2021,MGM,AL,ASO,ES,Combined TRACON& Tower with Radar,0,19,14,9,42,0,0,4,3,7,0,19,18,12,49,0,18,18,67
04/01/2021,MGM,AL,ASO,ES,Combined TRACON& Tower with Radar,0,18,30,28,76,0,6,17,14,37,0,24,47,42,113,42,8,50,163
04/02/2021,MGM,AL,ASO,ES,Combined TRACON& Tower with Radar,1,21,25,7,54,0,6,42,3,51,1,27,67,10,105,26,0,26,131
04/03/2021,MGM,AL,ASO,ES,Combined TRACON& Tower with Radar,0,16,15,0,31,0,2,62,0,64,0,18,77,0,95,54,0,54,149
04/04/2021,MGM,AL,ASO,ES,Combined TRACON& Tower with Radar,2,16,14,0,32,0,2,25,0,27,2,18,39,0,59,4,0,4,63
04/05/2021,MGM,AL,ASO,ES,Combined TRACON& Tower with Radar,4,19,17,71,111,0,6,67,8,81,4,25,84,79,192,90,86,176,368
04/06/2021,MGM,AL,ASO,ES,Combined TRACON& Tower with Radar,2,25,27,37,91,0,8,62,7,77,2,33,89,44,168,58,18,76,244
04/07/2021,MGM,AL,ASO,ES,Combined TRACON& Tower with Radar,2,20,16,38,76,0,10,41,14,65,2,30,57,52,141,28,51,79,220
04/08/2021,MGM,AL,ASO,ES,Combined TRACON& Tower with Radar,2,22,9,40,73,0,5,8,8,21,2,27,17,48,94,16,65,81,175
04/09/2021,MGM,AL,ASO,ES,Combined TRACON& Tower with Radar,2,23,9,6,40,0,0,0,0,0,2,23,9,6,40,16,0,16,56
04/10/2021,MGM,AL,ASO,ES,Combined TRACON& Tower with Radar,0,22,6,3,31,0,0,6,4,10,0,22,12,7,41,4,0,4,45
04/11/2021,MGM,AL,ASO,ES,Combined TRACON& Tower with Radar,3,21,24,22,70,0,3,47,24,74,3,24,71,46,144,72,6,78,222
04/12/2021,MGM,AL,ASO,ES,Combined TRACON& Tower with Radar,5,17,31,21,74,0,3,48,10,61,5,20,79,31,135,70,0,70,205
04/13/2021,MGM,AL,ASO,ES,Combined TRACON& Tower with Radar,6,16,18,75,115,0,9,52,22,83,6,25,70,97,198,26,82,108,306
04/14/2021,MGM,AL,ASO,ES,Combined TRACON& Tower with Radar,8,17,21,50,96,0,0,18,3,21,8,17,39,53,117,22,36,58,175
04/15/2021,MGM,AL,ASO,ES,Combined TRACON& Tower with Radar,4,21,42,50,117,0,2,27,16,45,4,23,69,66,162,26,108,134,296
04/16/2021,MGM,AL,ASO,ES,Combined TRACON& Tower with Radar,4,20,32,144,200,0,7,35,16,58,4,27,67,160,258,16,18,34,292
04/17/2021,MGM,AL,ASO,ES,Combined TRACON& Tower with Radar,2,15,21,17,55,0,0,5,4,9,2,15,26,21,64,18,0,18,82
04/18/2021,MGM,AL,ASO,ES,Combined TRACON& Tower with Radar,4,20,26,35,85,0,0,35,12,47,4,20,61,47,132,10,0,10,142
04/19/2021,MGM,AL,ASO,ES,Combined TRACON& Tower with Radar,4,20,14,47,85,0,4,27,13,44,4,24,41,60,129,38,58,96,225
04/20/2021,MGM,AL,ASO,ES,Combined TRACON& Tower with Radar,6,14,13,70,103,0,4,47,17,68,6,18,60,87,171,18,104,122,293
04/21/2021,MGM,AL,ASO,ES,Combined TRACON& Tower with Radar,6,14,14,73,107,0,5,36,13,54,6,19,50,86,161,32,78,110,271
04/22/2021,MGM,AL,ASO,ES,Combined TRACON& Tower with Radar,6,21,30,70,127,0,3,69,19,91,6,24,99,89,218,16,36,52,270
04/23/2021,MGM,AL,ASO,ES,Combined TRACON& Tower with Radar,4,17,34,40,95,0,6,41,12,59,4,23,75,52,154,20,8,28,182
04/24/2021,MGM,AL,ASO,ES,Combined TRACON& Tower with Radar,4,18,1,0,23,0,0,0,0,0,4,18,1,0,23,0,0,0,23
04/25/2021,MGM,AL,ASO,ES,Combined TRACON& Tower with Radar,4,21,19,19,63,0,1,45,1,47,4,22,64,20,110,48,16,64,174
04/26/2021,MGM,AL,ASO,ES,Combined TRACON& Tower with Radar,4,19,20,47,90,0,2,40,12,54,4,21,60,59,144,18,16,34,178
04/27/2021,MGM,AL,ASO,ES,Combined TRACON& Tower with Radar,4,19,24,61,108,0,6,39,13,58,4,25,63,74,166,28,28,56,222
04/28/2021,MGM,AL,ASO,ES,Combined TRACON& Tower with Radar,4,19,32,87,142,0,7,46,11,64,4,26,78,98,206,16,92,108,314
04/29/2021,MGM,AL,ASO,ES,Combined TRACON& Tower with Radar,4,33,29,67,133,0,3,21,13,37,4,36,50,80,170,18,50,68,238
04/30/2021,MGM,AL,ASO,ES,Combined TRACON& Tower with Radar,8,21,24,112,165,0,1,16,16,33,8,22,40,128,198,12,109,121,319
05/01/2021,MGM,AL,ASO,ES,Combined TRACON& Tower with Radar,2,16,10,0,28,0,4,52,2,58,2,20,62,2,86,76,20,96,182
05/02/2021,MGM,AL,ASO,ES,Combined TRACON& Tower with Radar,4,20,11,10,45,0,2,8,4,14,4,22,19,14,59,0,0,0,59
05/03/2021,MGM,AL,ASO,ES,Combined TRACON& Tower with Radar,3,16,10,14,43,0,5,1,2,8,3,21,11,16,51,0,0,0,51
05/04/2021,MGM,AL,ASO,ES,Combined TRACON& Tower with Radar,13,19,15,20,67,0,0,3,1,4,13,19,18,21,71,2,18,20,91
05/05/2021,MGM,AL,ASO,ES,Combined TRACON& Tower with Radar,4,21,26,36,87,0,4,5,0,9,4,25,31,36,96,6,2,8,104
05/06/2021,MGM,AL,ASO,ES,Combined TRACON& Tower with Radar,2,23,25,95,145,0,5,36,16,57,2,28,61,111,202,40,172,212,414
05/07/2021,MGM,AL,ASO,ES,Combined TRACON& Tower with Radar,2,21,25,60,108,0,7,41,17,65,2,28,66,77,173,44,34,78,251
05/08/2021,MGM,AL,ASO,ES,Combined TRACON& Tower with Radar,0,22,19,23,64,0,8,42,1,51,0,30,61,24,115,6,0,6,121
05/09/2021,MGM,AL,ASO,ES,Combined TRACON& Tower with Radar,2,27,11,33,73,0,0,17,6,23,2,27,28,39,96,6,4,10,106
05/10/2021,MGM,AL,ASO,ES,Combined TRACON& Tower with Radar,2,28,8,20,58,0,2,5,0,7,2,30,13,20,65,14,0,14,79
05/11/2021,MGM,AL,ASO,ES,Combined TRACON& Tower with Radar,1,23,19,24,67,0,0,5,1,6,1,23,24,25,73,28,46,74,147
05/12/2021,MGM,AL,ASO,ES,Combined TRACON& Tower with Radar,2,19,27,62,110,0,0,2,2,4,2,19,29,64,114,0,3,3,117
05/13/2021,MGM,AL,ASO,ES,Combined TRACON& Tower with Radar,2,28,32,73,135,0,9,41,10,60,2,37,73,83,195,52,32,84,279
05/14/2021,MGM,AL,ASO,ES,Combined TRACON& Tower with Radar,2,19,26,42,89,0,0,37,16,53,2,19,63,58,142,10,36,46,188
05/15/2021,MGM,AL,ASO,ES,Combined TRACON& Tower with Radar,0,17,11,13,41,0,0,56,4,60,0,17,67,17,101,46,22,68,169
05/16/2021,MGM,AL,ASO,ES,Combined TRACON& Tower with Radar,2,23,28,20,73,0,2,40,12,54,2,25,68,32,127,28,6,34,161
05/17/2021,MGM,AL,ASO,ES,Combined TRACON& Tower with Radar,8,18,34,107,167,0,9,32,12,53,8,27,66,119,220,36,100,136,356
05/18/2021,MGM,AL,ASO,ES,Combined TRACON& Tower with Radar,2,18,39,116,175,0,4,34,12,50,2,22,73,128,225,8,78,86,311
05/19/2021,MGM,AL,ASO,ES,Combined TRACON& Tower with Radar,2,24,37,91,154,0,1,32,7,40,2,25,69,98,194,18,104,122,316
05/20/2021,MGM,AL,ASO,ES,Combined TRACON& Tower with Radar,4,22,29,80,135,0,12,15,19,46,4,34,44,99,181,68,68,136,317
05/21/2021,MGM,AL,ASO,ES,Combined TRACON& Tower with Radar,2,22,23,88,135,0,2,40,13,55,2,24,63,101,190,60,50,110,300
05/22/2021,MGM,AL,ASO,ES,Combined TRACON& Tower with Radar,0,17,9,0,26,0,4,25,2,31,0,21,34,2,57,46,1,47,104
05/23/2021,MGM,AL,ASO,ES,Combined TRACON& Tower with Radar,2,19,15,47,83,0,0,23,16,39,2,19,38,63,122,16,0,16,138
05/24/2021,MGM,AL,ASO,ES,Combined TRACON& Tower with Radar,4,20,22,71,117,0,0,43,11,54,4,20,65,82,171,52,18,70,241
05/25/2021,MGM,AL,ASO,ES,Combined TRACON& Tower with Radar,2,23,28,36,89,0,5,56,3,64,2,28,84,39,153,20,28,48,201
05/26/2021,MGM,AL,ASO,ES,Combined TRACON& Tower with Radar,2,29,32,103,166,0,2,25,18,45,2,31,57,121,211,10,38,48,259
05/27/2021,MGM,AL,ASO,ES,Combined TRACON& Tower with Radar,2,23,30,28,83,0,8,16,2,26,2,31,46,30,109,22,16,38,147
05/28/2021,MGM,AL,ASO,ES,Combined TRACON& Tower with Radar,3,18,19,10,50,0,1,19,0,20,3,19,38,10,70,26,0,26,96
05/29/2021,MGM,AL,ASO,ES,Combined TRACON& Tower with Radar,1,19,10,0,30,0,6,26,1,33,1,25,36,1,63,20,0,20,83
05/30/2021,MGM,AL,ASO,ES,Combined TRACON& Tower with Radar,1,19,7,0,27,0,2,20,0,22,1,21,27,0,49,2,0,2,51
05/31/2021,MGM,AL,ASO,ES,Combined TRACON& Tower with Radar,4,16,9,3,32,0,2,38,3,43,4,18,47,6,75,74,0,74,149
06/01/2021,MGM,AL,ASO,ES,Combined TRACON& Tower with Radar,4,21,36,35,96,0,4,31,5,40,4,25,67,40,136,0,20,20,156
06/02/2021,MGM,AL,ASO,ES,Combined TRACON& Tower with Radar,2,26,29,86,143,0,6,27,13,46,2,32,56,99,189,16,60,76,265
06/03/2021,MGM,AL,ASO,ES,Combined TRACON& Tower with Radar,7,10,40,38,95,0,5,9,0,14,7,15,49,38,109,14,22,36,145
06/04/2021,MGM,AL,ASO,ES,Combined TRACON& Tower with Radar,9,13,25,76,123,0,3,8,5,16,9,16,33,81,139,6,8,14,153
06/05/2021,MGM,AL,ASO,ES,Combined TRACON& Tower with Radar,10,15,16,26,67,0,2,15,11,28,10,17,31,37,95,8,10,18,113
06/06/2021,MGM,AL,ASO,ES,Combined TRACON& Tower with Radar,8,17,22,10,57,0,1,4,1,6,8,18,26,11,63,38,0,38,101
06/07/2021,MGM,AL,ASO,ES,Combined TRACON& Tower with Radar,9,15,8,37,69,0,2,8,3,13,9,17,16,40,82,0,110,110,192
06/08/2021,MGM,AL,ASO,ES,Combined TRACON& Tower with Radar,8,25,28,28,89,0,1,5,5,11,8,26,33,33,100,24,14,38,138
06/09/2021,MGM,AL,ASO,ES,Combined TRACON& Tower with Radar,7,12,28,30,77,0,3,19,6,28,7,15,47,36,105,12,22,34,139
06/10/2021,MGM,AL,ASO,ES,Combined TRACON& Tower with Radar,8,18,19,17,62,0,4,12,11,27,8,22,31,28,89,34,16,50,139
06/11/2021,MGM,AL,ASO,ES,Combined TRACON& Tower with Radar,11,20,29,20,80,0,9,20,23,52,11,29,49,43,132,6,8,14,146
06/12/2021,MGM,AL,ASO,ES,Combined TRACON& Tower with Radar,12,11,22,6,51,0,4,9,7,20,12,15,31,13,71,46,12,58,129
06/13/2021,MGM,AL,ASO,ES,Combined TRACON& Tower with Radar,10,19,24,27,80,0,0,37,34,71,10,19,61,61,151,40,46,86,237
06/14/2021,MGM,AL,ASO,ES,Combined TRACON& Tower with Radar,9,13,18,14,54,0,7,32,2,41,9,20,50,16,95,26,12,38,133
06/15/2021,MGM,AL,ASO,ES,Combined TRACON& Tower with Radar,9,14,30,71,124,0,7,62,12,81,9,21,92,83,205,74,3,77,282
06/16/2021,MGM,AL,ASO,ES,Combined TRACON& Tower with Radar,8,16,23,46,93,0,11,68,11,90,8,27,91,57,183,16,27,43,226
06/17/2021,MGM,AL,ASO,ES,Combined TRACON& Tower with Radar,7,20,46,62,135,0,4,80,24,108,7,24,126,86,243,48,54,102,345
06/18/2021,MGM,AL,ASO,ES,Combined TRACON& Tower with Radar,9,20,21,3,53,0,0,16,0,16,9,20,37,3,69,18,0,18,87
06/19/2021,MGM,AL,ASO,ES,Combined TRACON& Tower with Radar,13,12,8,0,33,0,0,0,0,0,13,12,8,0,33,0,0,0,33
06/20/2021,MGM,AL,ASO,ES,Combined TRACON& Tower with Radar,9,17,9,0,35,0,1,3,1,5,9,18,12,1,40,0,0,0,40
06/21/2021,MGM,AL,ASO,ES,Combined TRACON& Tower with Radar,10,15,19,24,68,0,0,8,5,13,10,15,27,29,81,54,58,112,193
06/22/2021,MGM,AL,ASO,ES,Combined TRACON& Tower with Radar,9,20,29,48,106,0,1,10,3,14,9,21,39,51,120,24,4,28,148
06/23/2021,MGM,AL,ASO,ES,Combined TRACON& Tower with Radar,8,12,20,124,164,0,0,61,34,95,8,12,81,158,259,42,110,152,411
06/24/2021,MGM,AL,ASO,ES,Combined TRACON& Tower with Radar,8,23,27,78,136,0,8,29,15,52,8,31,56,93,188,46,72,118,306
06/25/2021,MGM,AL,ASO,ES,Combined TRACON& Tower with Radar,9,15,27,91,142,0,11,32,21,64,9,26,59,112,206,4,44,48,254
06/26/2021,MGM,AL,ASO,ES,Combined TRACON& Tower with Radar,11,14,24,1,50,0,3,31,0,34,11,17,55,1,84,24,2,26,110
06/27/2021,MGM,AL,ASO,ES,Combined TRACON& Tower with Radar,9,16,12,18,55,0,0,7,7,14,9,16,19,25,69,0,0,0,69
06/28/2021,MGM,AL,ASO,ES,Combined TRACON& Tower with Radar,9,23,28,101,161,0,13,42,10,65,9,36,70,111,226,60,54,114,340
06/29/2021,MGM,AL,ASO,ES,Combined TRACON& Tower with Radar,8,19,26,17,70,0,6,37,2,45,8,25,63,19,115,48,4,52,167
06/30/2021,MGM,AL,ASO,ES,Combined TRACON& Tower with Radar,10,13,24,49,96,0,2,22,12,36,10,15,46,61,132,40,44,84,216
07/01/2021,MGM,AL,ASO,ES,Combined TRACON& Tower with Radar,12,18,43,44,117,0,3,15,5,23,12,21,58,49,140,46,14,60,200
07/02/2021,MGM,AL,ASO,ES,Combined TRACON& Tower with Radar,6,20,11,5,42,0,0,0,0,0,6,20,11,5,42,0,0,0,42
07/03/2021,MGM,AL,ASO,ES,Combined TRACON& Tower with Radar,10,13,3,2,28,0,3,27,2,32,10,16,30,4,60,46,0,46,106
07/04/2021,MGM,AL,ASO,ES,Combined TRACON& Tower with Radar,6,6,9,3,24,0,1,15,2,18,6,7,24,5,42,0,0,0,42
07/05/2021,MGM,AL,ASO,ES,Combined TRACON& Tower with Radar,10,18,21,6,55,0,1,9,0,10,10,19,30,6,65,0,2,2,67
07/06/2021,MGM,AL,ASO,ES,Combined TRACON& Tower with Radar,9,14,15,17,55,0,0,5,2,7,9,14,20,19,62,56,32,88,150
07/07/2021,MGM,AL,ASO,ES,Combined TRACON& Tower with Radar,9,20,28,61,118,0,2,5,1,8,9,22,33,62,126,10,14,24,150
07/08/2021,MGM,AL,ASO,ES,Combined TRACON& Tower with Radar,6,17,29,33,85,0,2,21,4,27,6,19,50,37,112,32,73,105,217
07/09/2021,MGM,AL,ASO,ES,Combined TRACON& Tower with Radar,16,14,11,55,96,0,3,38,8,49,16,17,49,63,145,32,60,92,237
07/10/2021,MGM,AL,ASO,ES,Combined TRACON& Tower with Radar,6,17,13,19,55,0,1,18,7,26,6,18,31,26,81,18,44,62,143
07/11/2021,MGM,AL,ASO,ES,Combined TRACON& Tower with Radar,7,14,14,19,54,0,2,13,3,18,7,16,27,22,72,0,26,26,98
07/12/2021,MGM,AL,ASO,ES,Combined TRACON& Tower with Radar,7,13,14,16,50,0,4,6,5,15,7,17,20,21,65,2,2,4,69
07/13/2021,MGM,AL,ASO,ES,Combined TRACON& Tower with Radar,6,21,23,33,83,0,12,27,8,47,6,33,50,41,130,38,50,88,218
07/14/2021,MGM,AL,ASO,ES,Combined TRACON& Tower with Radar,7,15,26,57,105,0,4,61,20,85,7,19,87,77,190,56,76,132,322
07/15/2021,MGM,AL,ASO,ES,Combined TRACON& Tower with Radar,9,25,22,59,115,0,3,32,11,46,9,28,54,70,161,14,96,110,271
07/16/2021,MGM,AL,ASO,ES,Combined TRACON& Tower with Radar,9,17,33,17,76,0,6,44,7,57,9,23,77,24,133,46,42,88,221
07/17/2021,MGM,AL,ASO,ES,Combined TRACON& Tower with Radar,9,14,16,26,65,0,0,32,4,36,9,14,48,30,101,40,40,80,181
07/18/2021,MGM,AL,ASO,ES,Combined TRACON& Tower with Radar,9,17,18,33,77,0,3,17,7,27,9,20,35,40,104,10,14,24,128
07/19/2021,MGM,AL,ASO,ES,Combined TRACON& Tower with Radar,6,16,20,0,42,0,1,6,0,7,6,17,26,0,49,4,0,4,53
07/20/2021,MGM,AL,ASO,ES,Combined TRACON& Tower with Radar,8,17,16,17,58,0,10,5,3,18,8,27,21,20,76,26,0,26,102
07/21/2021,MGM,AL,ASO,ES,Combined TRACON& Tower with Radar,10,14,27,40,91,0,3,7,16,26,10,17,34,56,117,22,0,22,139
07/22/2021,MGM,AL,ASO,ES,Combined TRACON& Tower with Radar,7,13,44,35,99,0,8,27,8,43,7,21,71,43,142,44,48,92,234
07/23/2021,MGM,AL,ASO,ES,Combined TRACON& Tower with Radar,8,15,15,11,49,0,3,28,10,41,8,18,43,21,90,22,14,36,126
07/24/2021,MGM,AL,ASO,ES,Combined TRACON& Tower with Radar,8,10,15,17,50,0,1,22,2,25,8,11,37,19,75,0,0,0,75
07/25/2021,MGM,AL,ASO,ES,Combined TRACON& Tower with Radar,13,13,18,34,78,0,0,39,7,46,13,13,57,41,124,2,1,3,127
07/26/2021,MGM,AL,ASO,ES,Combined TRACON& Tower with Radar,5,16,34,34,89,0,7,71,4,82,5,23,105,38,171,154,0,154,325
07/27/2021,MGM,AL,ASO,ES,Combined TRACON& Tower with Radar,7,20,16,10,53,0,1,21,2,24,7,21,37,12,77,44,16,60,137
07/28/2021,MGM,AL,ASO,ES,Combined TRACON& Tower with Radar,8,15,28,32,83,0,1,17,4,22,8,16,45,36,105,12,18,30,135
07/29/2021,MGM,AL,ASO,ES,Combined TRACON& Tower with Radar,10,16,24,59,109,0,3,45,14,62,10,19,69,73,171,8,28,36,207
07/30/2021,MGM,AL,ASO,ES,Combined TRACON& Tower with Radar,10,14,20,41,85,0,6,31,17,54,10,20,51,58,139,4,10,14,153
07/31/2021,MGM,AL,ASO,ES,Combined TRACON& Tower with Radar,9,11,13,2,35,0,6,21,4,31,9,17,34,6,66,0,0,0,66
08/01/2021,MGM,AL,ASO,ES,Combined TRACON& Tower with Radar,6,16,17,21,60,0,1,14,2,17,6,17,31,23,77,0,0,0,77
08/02/2021,MGM,AL,ASO,ES,Combined TRACON& Tower with Radar,6,14,6,17,43,0,1,13,2,16,6,15,19,19,59,18,0,18,77
08/03/2021,MGM,AL,ASO,ES,Combined TRACON& Tower with Radar,12,19,20,65,116,0,5,34,7,46,12,24,54,72,162,44,86,130,292
08/04/2021,MGM,AL,ASO,ES,Combined TRACON& Tower with Radar,7,16,34,49,106,0,5,25,18,48,7,21,59,67,154,36,18,54,208
08/05/2021,MGM,AL,ASO,ES,Combined TRACON& Tower with Radar,9,15,14,32,70,0,8,28,15,51,9,23,42,47,121,0,70,70,191
08/06/2021,MGM,AL,ASO,ES,Combined TRACON& Tower with Radar,7,19,19,47,92,0,3,35,11,49,7,22,54,58,141,40,32,72,213
08/07/2021,MGM,AL,ASO,ES,Combined TRACON& Tower with Radar,7,14,13,10,44,0,1,23,20,44,7,15,36,30,88,32,36,68,156
08/08/2021,MGM,AL,ASO,ES,Combined TRACON& Tower with Radar,6,18,15,12,51,0,0,17,4,21,6,18,32,16,72,0,10,10,82
08/09/2021,MGM,AL,ASO,ES,Combined TRACON& Tower with Radar,8,13,19,23,63,0,1,13,6,20,8,14,32,29,83,0,34,34,117
08/10/2021,MGM,AL,ASO,ES,Combined TRACON& Tower with Radar,10,22,23,35,90,0,7,17,4,28,10,29,40,39,118,10,85,95,213
08/11/2021,MGM,AL,ASO,ES,Combined TRACON& Tower with Radar,9,15,15,23,62,0,4,29,5,38,9,19,44,28,100,34,7,41,141
08/12/2021,MGM,AL,ASO,ES,Combined TRACON& Tower with Radar,10,15,22,15,62,0,1,30,8,39,10,16,52,23,101,40,0,40,141
08/13/2021,MGM,AL,ASO,ES,Combined TRACON& Tower with Radar,8,16,18,43,85,0,17,44,18,79,8,33,62,61,164,20,36,56,220
08/14/2021,MGM,AL,ASO,ES,Combined TRACON& Tower with Radar,8,13,15,8,44,0,0,16,2,18,8,13,31,10,62,10,4,14,76
08/15/2021,MGM,AL,ASO,ES,Combined TRACON& Tower with Radar,8,22,17,2,49,0,1,29,2,32,8,23,46,4,81,32,0,32,113
08/16/2021,MGM,AL,ASO,ES,Combined TRACON& Tower with Radar,11,12,17,5,45,0,2,9,3,14,11,14,26,8,59,10,36,46,105
08/17/2021,MGM,AL,ASO,ES,Combined TRACON& Tower with Radar,11,9,11,33,64,0,3,7,5,15,11,12,18,38,79,32,8,40,119
08/18/2021,MGM,AL,ASO,ES,Combined TRACON& Tower with Radar,13,14,52,63,142,0,9,33,6,48,13,23,85,69,190,24,65,89,279
08/19/2021,MGM,AL,ASO,ES,Combined TRACON& Tower with Radar,10,11,22,15,58,0,3,13,4,20,10,14,35,19,78,12,60,72,150
08/20/2021,MGM,AL,ASO,ES,Combined TRACON& Tower with Radar,13,16,10,17,56,0,3,12,2,17,13,19,22,19,73,6,12,18,91
08/21/2021,MGM,AL,ASO,ES,Combined TRACON& Tower with Radar,10,10,8,0,28,0,0,2,1,3,10,10,10,1,31,0,1,1,32
08/22/2021,MGM,AL,ASO,ES,Combined TRACON& Tower with Radar,13,17,12,5,47,0,0,14,3,17,13,17,26,8,64,10,6,16,80
08/23/2021,MGM,AL,ASO,ES,Combined TRACON& Tower with Radar,12,14,36,32,94,0,4,59,9,72,12,18,95,41,166,56,58,114,280
08/24/2021,MGM,AL,ASO,ES,Combined TRACON& Tower with Radar,12,11,22,59,104,0,2,37,11,50,12,13,59,70,154,58,52,110,264
08/25/2021,MGM,AL,ASO,ES,Combined TRACON& Tower with Radar,12,12,27,40,91,0,2,14,7,23,12,14,41,47,114,0,48,48,162
08/26/2021,MGM,AL,ASO,ES,Combined TRACON& Tower with Radar,13,11,35,51,110,0,0,20,11,31,13,11,55,62,141,62,37,99,240
08/27/2021,MGM,AL,ASO,ES,Combined TRACON& Tower with Radar,11,12,41,31,95,0,3,31,6,40,11,15,72,37,135,64,9,73,208
08/28/2021,MGM,AL,ASO,ES,Combined TRACON& Tower with Radar,10,8,18,4,40,0,1,15,0,16,10,9,33,4,56,52,0,52,108
08/29/2021,MGM,AL,ASO,ES,Combined TRACON& Tower with Radar,17,14,10,0,41,0,0,0,0,0,17,14,10,0,41,0,0,0,41
08/30/2021,MGM,AL,ASO,ES,Combined TRACON& Tower with Radar,11,11,3,0,25,0,0,0,0,0,11,11,3,0,25,0,0,0,25
08/31/2021,MGM,AL,ASO,ES,Combined TRACON& Tower with Radar,16,8,13,6,43,0,2,6,10,18,16,10,19,16,61,0,44,44,105
09/01/2021,MGM,AL,ASO,ES,Combined TRACON& Tower with Radar,12,13,25,13,63,0,3,19,13,35,12,16,44,26,98,14,0,14,112
09/02/2021,MGM,AL,ASO,ES,Combined TRACON& Tower with Radar,12,13,24,36,85,0,9,56,4,69,12,22,80,40,154,74,16,90,244
09/03/2021,MGM,AL,ASO,ES,Combined TRACON& Tower with Radar,14,16,25,0,55,0,10,55,0,65,14,26,80,0,120,36,0,36,156
09/04/2021,MGM,AL,ASO,ES,Combined TRACON& Tower with Radar,8,8,23,0,39,0,0,38,2,40,8,8,61,2,79,40,0,40,119
09/05/2021,MGM,AL,ASO,ES,Combined TRACON& Tower with Radar,7,11,21,2,41,0,3,34,5,42,7,14,55,7,83,34,0,34,117
09/06/2021,MGM,AL,ASO,ES,Combined TRACON& Tower with Radar,12,12,10,0,34,0,1,22,1,24,12,13,32,1,58,10,0,10,68
09/07/2021,MGM,AL,ASO,ES,Combined TRACON& Tower with Radar,12,12,30,42,96,0,4,32,4,40,12,16,62,46,136,74,42,116,252
09/08/2021,MGM,AL,ASO,ES,Combined TRACON& Tower with Radar,12,11,26,43,92,0,3,22,4,29,12,14,48,47,121,60,4,64,185
09/09/2021,MGM,AL,ASO,ES,Combined TRACON& Tower with Radar,13,9,26,53,101,0,5,45,16,66,13,14,71,69,167,74,30,104,271
09/10/2021,MGM,AL,ASO,ES,Combined TRACON& Tower with Radar,14,8,26,46,94,0,7,71,11,89,14,15,97,57,183,56,42,98,281
09/11/2021,MGM,AL,ASO,ES,Combined TRACON& Tower with Radar,10,9,10,16,45,0,0,34,6,40,10,9,44,22,85,48,34,82,167
09/12/2021,MGM,AL,ASO,ES,Combined TRACON& Tower with Radar,13,10,14,30,67,0,3,16,13,32,13,13,30,43,99,0,6,6,105
09/13/2021,MGM,AL,ASO,ES,Combined TRACON& Tower with Radar,12,10,28,29,79,0,4,39,3,46,12,14,67,32,125,40,52,92,217
09/14/2021,MGM,AL,ASO,ES,Combined TRACON& Tower with Radar,12,12,29,39,92,0,9,10,4,23,12,21,39,43,115,72,16,88,203
09/15/2021,MGM,AL,ASO,ES,Combined TRACON& Tower with Radar,12,8,18,23,61,0,2,1,2,5,12,10,19,25,66,12,0,12,78
09/16/2021,MGM,AL,ASO,ES,Combined TRACON& Tower with Radar,12,11,22,12,57,0,0,0,5,5,12,11,22,17,62,0,18,18,80
09/17/2021,MGM,AL,ASO,ES,Combined TRACON& Tower with Radar,13,13,19,15,60,0,1,8,18,27,13,14,27,33,87,6,32,38,125
09/18/2021,MGM,AL,ASO,ES,Combined TRACON& Tower with Radar,10,10,7,4,31,0,0,4,2,6,10,10,11,6,37,14,0,14,51
09/19/2021,MGM,AL,ASO,ES,Combined TRACON& Tower with Radar,13,14,23,9,59,0,0,0,1,1,13,14,23,10,60,0,0,0,60
09/20/2021,MGM,AL,ASO,ES,Combined TRACON& Tower with Radar,12,10,24,30,76,0,3,12,3,18,12,13,36,33,94,58,18,76,170
09/21/2021,MGM,AL,ASO,ES,Combined TRACON& Tower with Radar,12,13,43,31,99,0,1,15,2,18,12,14,58,33,117,54,22,76,193
09/22/2021,MGM,AL,ASO,ES,Combined TRACON& Tower with Radar,12,8,32,23,75,0,6,23,7,36,12,14,55,30,111,20,4,24,135
09/23/2021,MGM,AL,ASO,ES,Combined TRACON& Tower with Radar,14,13,37,20,84,0,4,43,11,58,14,17,80,31,142,64,28,92,234
09/24/2021,MGM,AL,ASO,ES,Combined TRACON& Tower with Radar,14,11,24,27,76,0,4,37,4,45,14,15,61,31,121,12,20,32,153
09/25/2021,MGM,AL,ASO,ES,Combined TRACON& Tower with Radar,10,9,16,9,44,0,2,33,0,35,10,11,49,9,79,32,0,32,111
09/26/2021,MGM,AL,ASO,ES,Combined TRACON& Tower with Radar,13,14,14,8,49,0,1,23,0,24,13,15,37,8,73,24,0,24,97
09/27/2021,MGM,AL,ASO,ES,Combined TRACON& Tower with Radar,12,12,29,41,94,0,0,37,15,52,12,12,66,56,146,112,36,148,294
09/28/2021,MGM,AL,ASO,ES,Combined TRACON& Tower with Radar,14,18,30,61,123,0,4,41,16,61,14,22,71,77,184,66,42,108,292
09/29/2021,MGM,AL,ASO,ES,Combined TRACON& Tower with Radar,16,10,19,71,116,0,3,25,5,33,16,13,44,76,149,68,126,194,343
09/30/2021,MGM,AL,ASO,ES,Combined TRACON& Tower with Radar,13,16,43,17,89,0,0,27,9,36,13,16,70,26,125,90,18,108,233
10/01/2021,MGM,AL,ASO,ES,Combined TRACON& Tower with Radar,13,12,29,29,83,0,3,47,8,58,13,15,76,37,141,31,8,39,180
10/02/2021,MGM,AL,ASO,ES,Combined TRACON& Tower with Radar,10,10,15,28,63,0,0,30,6,36,10,10,45,34,99,0,38,38,137
10/03/2021,MGM,AL,ASO,ES,Combined TRACON& Tower with Radar,13,18,27,28,86,0,1,9,4,14,13,19,36,32,100,0,18,18,118
10/04/2021,MGM,AL,ASO,ES,Combined TRACON& Tower with Radar,14,10,23,6,53,0,0,1,0,1,14,10,24,6,54,0,0,0,54
10/05/2021,MGM,AL,ASO,ES,Combined TRACON& Tower with Radar,12,6,14,13,45,0,0,2,1,3,12,6,16,14,48,2,0,2,50
10/06/2021,MGM,AL,ASO,ES,Combined TRACON& Tower with Radar,15,7,35,18,75,0,1,7,7,15,15,8,42,25,90,58,20,78,168
10/07/2021,MGM,AL,ASO,ES,Combined TRACON& Tower with Radar,11,11,41,59,122,0,8,16,5,29,11,19,57,64,151,46,32,78,229
10/08/2021,MGM,AL,ASO,ES,Combined TRACON& Tower with Radar,16,17,36,14,83,0,10,39,3,52,16,27,75,17,135,66,8,74,209
10/09/2021,MGM,AL,ASO,ES,Combined TRACON& Tower with Radar,9,8,23,4,44,0,6,23,0,29,9,14,46,4,73,22,0,22,95
10/10/2021,MGM,AL,ASO,ES,Combined TRACON& Tower with Radar,10,14,37,2,63,0,0,23,0,23,10,14,60,2,86,0,0,0,86
10/11/2021,MGM,AL,ASO,ES,Combined TRACON& Tower with Radar,9,12,33,0,54,0,0,63,0,63,9,12,96,0,117,80,0,80,197
10/12/2021,MGM,AL,ASO,ES,Combined TRACON& Tower with Radar,9,13,39,81,142,0,0,39,7,46,9,13,78,88,188,74,57,131,319
10/13/2021,MGM,AL,ASO,ES,Combined TRACON& Tower with Radar,10,15,32,46,103,0,7,44,8,59,10,22,76,54,162,122,88,210,372
10/14/2021,MGM,AL,ASO,ES,Combined TRACON& Tower with Radar,10,13,46,43,112,0,1,38,9,48,10,14,84,52,160,114,59,173,333
10/15/2021,MGM,AL,ASO,ES,Combined TRACON& Tower with Radar,11,11,29,33,84,0,1,35,9,45,11,12,64,42,129,91,12,103,232
10/16/2021,MGM,AL,ASO,ES,Combined TRACON& Tower with Radar,10,8,22,6,46,0,0,17,13,30,10,8,39,19,76,8,1,9,85
10/17/2021,MGM,AL,ASO,ES,Combined TRACON& Tower with Radar,12,12,16,12,52,0,0,23,8,31,12,12,39,20,83,17,4,21,104
10/18/2021,MGM,AL,ASO,ES,Combined TRACON& Tower with Radar,10,16,44,29,99,0,4,43,5,52,10,20,87,34,151,38,16,54,205
10/19/2021,MGM,AL,ASO,ES,Combined TRACON& Tower with Radar,10,15,39,20,84,0,9,58,9,76,10,24,97,29,160,48,15,63,223
10/20/2021,MGM,AL,ASO,ES,Combined TRACON& Tower with Radar,10,17,25,53,105,0,2,56,11,69,10,19,81,64,174,52,62,114,288
10/21/2021,MGM,AL,ASO,ES,Combined TRACON& Tower with Radar,9,13,37,30,89,0,5,17,15,37,9,18,54,45,126,66,0,66,192
10/22/2021,MGM,AL,ASO,ES,Combined TRACON& Tower with Radar,8,17,31,35,91,0,3,55,6,64,8,20,86,41,155,26,9,35,190
10/23/2021,MGM,AL,ASO,ES,Combined TRACON& Tower with Radar,9,8,29,14,60,0,0,25,0,25,9,8,54,14,85,12,0,12,97
10/24/2021,MGM,AL,ASO,ES,Combined TRACON& Tower with Radar,8,14,28,26,76,0,0,16,10,26,8,14,44,36,102,12,0,12,114
10/25/2021,MGM,AL,ASO,ES,Combined TRACON& Tower with Radar,10,12,38,52,112,0,1,28,8,37,10,13,66,60,149,14,50,64,213
10/26/2021,MGM,AL,ASO,ES,Combined TRACON& Tower with Radar,10,16,48,63,137,0,3,55,16,74,10,19,103,79,211,118,56,174,385
10/27/2021,MGM,AL,ASO,ES,Combined TRACON& Tower with Radar,11,16,51,60,138,0,6,57,8,71,11,22,108,68,209,40,144,184,393
10/28/2021,MGM,AL,ASO,ES,Combined TRACON& Tower with Radar,10,16,28,71,125,0,3,14,8,25,10,19,42,79,150,0,79,79,229
10/29/2021,MGM,AL,ASO,ES,Combined TRACON& Tower with Radar,10,16,22,41,89,0,1,4,9,14,10,17,26,50,103,46,68,114,217
10/30/2021,MGM,AL,ASO,ES,Combined TRACON& Tower with Radar,10,12,20,0,42,0,2,1,0,3,10,14,21,0,45,0,0,0,45
10/31/2021,MGM,AL,ASO,ES,Combined TRACON& Tower with Radar,11,14,24,19,68,0,3,30,3,36,11,17,54,22,104,44,0,44,148
11/01/2021,MGM,AL,ASO,ES,Combined TRACON& Tower with Radar,11,12,22,29,74,0,16,33,9,58,11,28,55,38,132,26,68,94,226
11/02/2021,MGM,AL,ASO,ES,Combined TRACON& Tower with Radar,5,19,32,23,79,0,6,57,1,64,5,25,89,24,143,72,18,90,233
11/03/2021,MGM,AL,ASO,ES,Combined TRACON& Tower with Radar,3,21,37,63,124,0,5,33,24,62,3,26,70,87,186,34,118,152,338
11/04/2021,MGM,AL,ASO,ES,Combined TRACON& Tower with Radar,5,19,36,68,128,0,1,4,6,11,5,20,40,74,139,14,55,69,208
11/05/2021,MGM,AL,ASO,ES,Combined TRACON& Tower with Radar,4,16,53,80,153,0,7,21,14,42,4,23,74,94,195,62,58,120,315
11/06/2021,MGM,AL,ASO,ES,Combined TRACON& Tower with Radar,4,14,37,20,75,0,3,52,9,64,4,17,89,29,139,22,16,38,177
11/07/2021,MGM,AL,ASO,ES,Combined TRACON& Tower with Radar,4,18,19,11,52,0,0,33,11,44,4,18,52,22,96,36,1,37,133
11/08/2021,MGM,AL,ASO,ES,Combined TRACON& Tower with Radar,4,15,31,30,80,0,1,40,19,60,4,16,71,49,140,128,18,146,286
11/09/2021,MGM,AL,ASO,ES,Combined TRACON& Tower with Radar,4,15,48,54,121,0,16,39,2,57,4,31,87,56,178,126,34,160,338
11/10/2021,MGM,AL,ASO,ES,Combined TRACON& Tower with Radar,3,17,29,52,101,0,5,40,6,51,3,22,69,58,152,122,28,150,302
11/11/2021,MGM,AL,ASO,ES,Combined TRACON& Tower with Radar,4,17,15,0,36,0,0,5,6,11,4,17,20,6,47,4,0,4,51
11/12/2021,MGM,AL,ASO,ES,Combined TRACON& Tower with Radar,5,19,14,26,64,0,0,31,1,32,5,19,45,27,96,26,20,46,142
11/13/2021,MGM,AL,ASO,ES,Combined TRACON& Tower with Radar,9,19,14,0,42,0,1,35,0,36,9,20,49,0,78,42,0,42,120
11/14/2021,MGM,AL,ASO,ES,Combined TRACON& Tower with Radar,4,21,13,0,38,0,0,35,0,35,4,21,48,0,73,8,0,8,81
11/15/2021,MGM,AL,ASO,ES,Combined TRACON& Tower with Radar,4,15,36,50,105,0,2,24,1,27,4,17,60,51,132,32,38,70,202
11/16/2021,MGM,AL,ASO,ES,Combined TRACON& Tower with Radar,4,15,44,48,111,0,5,42,9,56,4,20,86,57,167,45,50,95,262
11/17/2021,MGM,AL,ASO,ES,Combined TRACON& Tower with Radar,4,17,48,47,116,0,0,66,6,72,4,17,114,53,188,14,120,134,322
11/18/2021,MGM,AL,ASO,ES,Combined TRACON& Tower with Radar,3,20,38,68,129,0,2,28,13,43,3,22,66,81,172,16,67,83,255
11/19/2021,MGM,AL,ASO,ES,Combined TRACON& Tower with Radar,4,23,47,64,138,0,0,35,15,50,4,23,82,79,188,36,50,86,274
11/20/2021,MGM,AL,ASO,ES,Combined TRACON& Tower with Radar,3,13,17,3,36,0,0,47,7,54,3,13,64,10,90,22,42,64,154
11/21/2021,MGM,AL,ASO,ES,Combined TRACON& Tower with Radar,4,14,9,23,50,0,0,18,6,24,4,14,27,29,74,0,0,0,74
11/22/2021,MGM,AL,ASO,ES,Combined TRACON& Tower with Radar,4,14,18,28,64,0,0,13,0,13,4,14,31,28,77,6,24,30,107
11/23/2021,MGM,AL,ASO,ES,Combined TRACON& Tower with Radar,3,18,42,52,115,0,2,39,12,53,3,20,81,64,168,152,40,192,360
11/24/2021,MGM,AL,ASO,ES,Combined TRACON& Tower with Radar,6,22,31,17,76,0,2,18,4,24,6,24,49,21,100,16,38,54,154
11/25/2021,MGM,AL,ASO,ES,Combined TRACON& Tower with Radar,1,11,19,1,32,0,0,2,0,2,1,11,21,1,34,0,0,0,34
11/26/2021,MGM,AL,ASO,ES,Combined TRACON& Tower with Radar,3,11,12,0,26,0,2,13,1,16,3,13,25,1,42,0,0,0,42
11/27/2021,MGM,AL,ASO,ES,Combined TRACON& Tower with Radar,4,13,29,0,46,0,0,19,1,20,4,13,48,1,66,12,10,22,88
11/28/2021,MGM,AL,ASO,ES,Combined TRACON& Tower with Radar,4,23,27,0,54,0,3,16,0,19,4,26,43,0,73,16,0,16,89
11/29/2021,MGM,AL,ASO,ES,Combined TRACON& Tower with Radar,4,17,41,45,107,0,6,36,5,47,4,23,77,50,154,58,34,92,246
11/30/2021,MGM,AL,ASO,ES,Combined TRACON& Tower with Radar,4,17,42,74,137,0,6,37,3,46,4,23,79,77,183,104,66,170,353
12/01/2021,MGM,AL,ASO,ES,Combined TRACON& Tower with Radar,4,28,45,64,141,0,6,45,17,68,4,34,90,81,209,88,60,148,357
12/02/2021,MGM,AL,ASO,ES,Combined TRACON& Tower with Radar,5,19,35,63,122,0,17,31,11,59,5,36,66,74,181,62,92,154,335
12/03/2021,MGM,AL,ASO,ES,Combined TRACON& Tower with Radar,4,18,36,43,101,0,4,23,6,33,4,22,59,49,134,54,16,70,204
12/04/2021,MGM,AL,ASO,ES,Combined TRACON& Tower with Radar,4,14,34,17,69,0,3,23,2,28,4,17,57,19,97,11,4,15,112
12/05/2021,MGM,AL,ASO,ES,Combined TRACON& Tower with Radar,3,16,43,56,118,0,3,25,5,33,3,19,68,61,151,54,6,60,211
12/06/2021,MGM,AL,ASO,ES,Combined TRACON& Tower with Radar,4,24,19,11,58,0,0,1,1,2,4,24,20,12,60,2,4,6,66
12/07/2021,MGM,AL,ASO,ES,Combined TRACON& Tower with Radar,7,31,51,62,151,0,2,8,0,10,7,33,59,62,161,8,30,38,199
12/08/2021,MGM,AL,ASO,ES,Combined TRACON& Tower with Radar,4,19,28,40,91,0,3,21,2,26,4,22,49,42,117,0,32,32,149
12/09/2021,MGM,AL,ASO,ES,Combined TRACON& Tower with Radar,4,25,42,52,123,0,2,22,15,39,4,27,64,67,162,46,96,142,304
12/10/2021,MGM,AL,ASO,ES,Combined TRACON& Tower with Radar,3,20,10,26,59,0,1,8,5,14,3,21,18,31,73,26,20,46,119
12/11/2021,MGM,AL,ASO,ES,Combined TRACON& Tower with Radar,3,17,16,3,39,0,0,1,6,7,3,17,17,9,46,4,4,8,54
12/12/2021,MGM,AL,ASO,ES,Combined TRACON& Tower with Radar,6,19,32,10,67,0,4,36,4,44,6,23,68,14,111,16,9,25,136
12/13/2021,MGM,AL,ASO,ES,Combined TRACON& Tower with Radar,7,19,42,87,155,0,12,58,15,85,7,31,100,102,240,102,114,216,456
12/14/2021,MGM,AL,ASO,ES,Combined TRACON& Tower with Radar,6,21,54,53,134,0,4,45,9,58,6,25,99,62,192,70,34,104,296
12/15/2021,MGM,AL,ASO,ES,Combined TRACON& Tower with Radar,5,16,54,70,145,0,4,21,4,29,5,20,75,74,174,58,40,98,272
12/16/2021,MGM,AL,ASO,ES,Combined TRACON& Tower with Radar,11,16,24,47,98,0,3,5,13,21,11,19,29,60,119,2,36,38,157
12/17/2021,MGM,AL,ASO,ES,Combined TRACON& Tower with Radar,6,24,27,40,97,0,0,2,2,4,6,24,29,42,101,0,4,4,105
12/18/2021,MGM,AL,ASO,ES,Combined TRACON& Tower with Radar,4,16,9,0,29,0,0,0,0,0,4,16,9,0,29,0,0,0,29
12/19/2021,MGM,AL,ASO,ES,Combined TRACON& Tower with Radar,4,18,15,0,37,0,0,8,0,8,4,18,23,0,45,1,0,1,46
12/20/2021,MGM,AL,ASO,ES,Combined TRACON& Tower with Radar,3,16,45,34,98,0,4,2,0,6,3,20,47,34,104,30,22,52,156
12/21/2021,MGM,AL,ASO,ES,Combined TRACON& Tower with Radar,8,20,26,44,98,0,0,1,0,1,8,20,27,44,99,8,18,26,125
12/22/2021,MGM,AL,ASO,ES,Combined TRACON& Tower with Radar,4,20,18,52,94,0,12,41,5,58,4,32,59,57,152,52,62,114,266
12/23/2021,MGM,AL,ASO,ES,Combined TRACON& Tower with Radar,4,19,18,5,46,0,3,57,0,60,4,22,75,5,106,48,0,48,154
12/24/2021,MGM,AL,ASO,ES,Combined TRACON& Tower with Radar,1,12,16,0,29,0,0,17,0,17,1,12,33,0,46,8,0,8,54
12/25/2021,MGM,AL,ASO,ES,Combined TRACON& Tower with Radar,5,17,9,0,31,0,0,5,0,5,5,17,14,0,36,0,0,0,36
12/26/2021,MGM,AL,ASO,ES,Combined TRACON& Tower with Radar,5,18,12,0,35,0,2,8,0,10,5,20,20,0,45,16,0,16,61
12/27/2021,MGM,AL,ASO,ES,Combined TRACON& Tower with Radar,2,23,20,10,55,0,1,9,0,10,2,24,29,10,65,12,0,12,77
12/28/2021,MGM,AL,ASO,ES,Combined TRACON& Tower with Radar,2,15,24,18,59,0,4,10,4,18,2,19,34,22,77,36,16,52,129
12/29/2021,MGM,AL,ASO,ES,Combined TRACON& Tower with Radar,1,19,7,24,51,0,2,4,1,7,1,21,11,25,58,52,30,82,140
12/30/2021,MGM,AL,ASO,ES,Combined TRACON& Tower with Radar,1,17,7,5,30,0,1,1,0,2,1,18,8,5,32,22,6,28,60
12/31/2021,MGM,AL,ASO,ES,Combined TRACON& Tower with Radar,0,17,7,0,24,0,1,7,0,8,0,18,14,0,32,10,0,10,42
01/01/2022,MGM,AL,ASO,ES,Combined TRACON& Tower with Radar,2,11,8,0,21,0,4,0,0,4,2,15,8,0,25,0,0,0,25
01/02/2022,MGM,AL,ASO,ES,Combined TRACON& Tower with Radar,4,19,11,0,34,0,0,0,0,0,4,19,11,0,34,0,0,0,34
01/03/2022,MGM,AL,ASO,ES,Combined TRACON& Tower with Radar,0,12,36,0,48,0,4,13,0,17,0,16,49,0,65,6,0,6,71
01/04/2022,MGM,AL,ASO,ES,Combined TRACON& Tower with Radar,3,13,31,31,78,0,4,41,4,49,3,17,72,35,127,50,36,86,213
01/05/2022,MGM,AL,ASO,ES,Combined TRACON& Tower with Radar,5,12,50,43,110,0,3,26,3,32,5,15,76,46,142,48,84,132,274
01/06/2022,MGM,AL,ASO,ES,Combined TRACON& Tower with Radar,5,16,10,32,63,0,2,10,17,29,5,18,20,49,92,26,62,88,180
01/07/2022,MGM,AL,ASO,ES,Combined TRACON& Tower with Radar,6,17,14,37,74,0,0,37,10,47,6,17,51,47,121,24,44,68,189
01/08/2022,MGM,AL,ASO,ES,Combined TRACON& Tower with Radar,3,10,24,21,58,0,1,50,26,77,3,11,74,47,135,58,43,101,236
01/09/2022,MGM,AL,ASO,ES,Combined TRACON& Tower with Radar,3,19,7,33,62,0,0,2,1,3,3,19,9,34,65,0,28,28,93
01/10/2022,MGM,AL,ASO,ES,Combined TRACON& Tower with Radar,7,16,27,36,86,0,1,22,3,26,7,17,49,39,112,2,14,16,128
01/11/2022,MGM,AL,ASO,ES,Combined TRACON& Tower with Radar,5,19,41,30,95,0,3,44,0,47,5,22,85,30,142,56,6,62,204
01/12/2022,MGM,AL,ASO,ES,Combined TRACON& Tower with Radar,4,13,37,49,103,0,4,37,4,45,4,17,74,53,148,38,18,56,204
01/13/2022,MGM,AL,ASO,ES,Combined TRACON& Tower with Radar,6,15,23,41,85,0,7,42,8,57,6,22,65,49,142,80,4,84,226
01/14/2022,MGM,AL,ASO,ES,Combined TRACON& Tower with Radar,5,20,40,15,80,0,5,37,5,47,5,25,77,20,127,147,2,149,276
01/15/2022,MGM,AL,ASO,ES,Combined TRACON& Tower with Radar,3,12,29,0,44,0,0,13,0,13,3,12,42,0,57,2,0,2,59
01/16/2022,MGM,AL,ASO,ES,Combined TRACON& Tower with Radar,3,11,9,0,23,0,0,0,0,0,3,11,9,0,23,0,0,0,23
01/17/2022,MGM,AL,ASO,ES,Combined TRACON& Tower with Radar,3,25,21,0,49,0,1,3,0,4,3,26,24,0,53,0,0,0,53
01/18/2022,MGM,AL,ASO,ES,Combined TRACON& Tower with Radar,6,21,37,29,93,0,2,51,11,64,6,23,88,40,157,88,22,110,267
01/19/2022,MGM,AL,ASO,ES,Combined TRACON& Tower with Radar,5,12,28,63,108,0,2,33,14,49,5,14,61,77,157,56,76,132,289
01/20/2022,MGM,AL,ASO,ES,Combined TRACON& Tower with Radar,2,17,16,25,60,0,0,0,0,0,2,17,16,25,60,0,0,0,60
01/21/2022,MGM,AL,ASO,ES,Combined TRACON& Tower with Radar,4,28,18,34,84,0,3,1,0,4,4,31,19,34,88,79,15,94,182
01/22/2022,MGM,AL,ASO,ES,Combined TRACON& Tower with Radar,3,11,9,12,35,0,0,39,10,49,3,11,48,22,84,88,24,112,196
01/23/2022,MGM,AL,ASO,ES,Combined TRACON& Tower with Radar,3,15,34,2,54,0,3,56,16,75,3,18,90,18,129,60,4,64,193
01/24/2022,MGM,AL,ASO,ES,Combined TRACON& Tower with Radar,5,17,31,51,104,0,9,56,5,70,5,26,87,56,174,106,64,170,344
01/25/2022,MGM,AL,ASO,ES,Combined TRACON& Tower with Radar,5,20,30,46,101,0,0,39,5,44,5,20,69,51,145,14,64,78,223
01/26/2022,MGM,AL,ASO,ES,Combined TRACON& Tower with Radar,4,19,26,40,89,0,2,37,21,60,4,21,63,61,149,74,38,112,261
01/27/2022,MGM,AL,ASO,ES,Combined TRACON& Tower with Radar,7,29,51,51,138,0,2,42,18,62,7,31,93,69,200,90,50,140,340
01/28/2022,MGM,AL,ASO,ES,Combined TRACON& Tower with Radar,8,19,25,59,111,0,5,33,13,51,8,24,58,72,162,46,30,76,238
01/29/2022,MGM,AL,ASO,ES,Combined TRACON& Tower with Radar,3,12,23,2,40,0,2,49,0,51,3,14,72,2,91,10,0,10,101
01/30/2022,MGM,AL,ASO,ES,Combined TRACON& Tower with Radar,3,21,17,8,49,0,1,40,4,45,3,22,57,12,94,28,0,28,122
01/31/2022,MGM,AL,ASO,ES,Combined TRACON& Tower with Radar,2,15,40,8,65,0,6,27,1,34,2,21,67,9,99,80,42,122,221
02/01/2022,MGM,AL,ASO,ES,Combined TRACON& Tower with Radar,4,15,33,43,95,0,2,32,7,41,4,17,65,50,136,36,38,74,210
02/02/2022,MGM,AL,ASO,ES,Combined TRACON& Tower with Radar,4,13,31,61,109,0,2,19,6,27,4,15,50,67,136,20,12,32,168
02/03/2022,MGM,AL,ASO,ES,Combined TRACON& Tower with Radar,2,11,5,3,21,0,0,0,0,0,2,11,5,3,21,0,0,0,21
02/04/2022,MGM,AL,ASO,ES,Combined TRACON& Tower with Radar,2,16,13,0,31,0,0,0,0,0,2,16,13,0,31,0,0,0,31
02/05/2022,MGM,AL,ASO,ES,Combined TRACON& Tower with Radar,3,13,31,13,60,0,5,25,29,59,3,18,56,42,119,6,51,57,176
02/06/2022,MGM,AL,ASO,ES,Combined TRACON& Tower with Radar,1,17,24,13,55,0,2,39,3,44,1,19,63,16,99,28,32,60,159
02/07/2022,MGM,AL,ASO,ES,Combined TRACON& Tower with Radar,5,17,24,19,65,0,9,27,3,39,5,26,51,22,104,26,4,30,134
02/08/2022,MGM,AL,ASO,ES,Combined TRACON& Tower with Radar,6,14,32,75,127,0,7,47,6,60,6,21,79,81,187,46,30,76,263
02/09/2022,MGM,AL,ASO,ES,Combined TRACON& Tower with Radar,3,18,33,45,99,0,6,46,6,58,3,24,79,51,157,44,61,105,262
02/10/2022,MGM,AL,ASO,ES,Combined TRACON& Tower with Radar,2,19,37,60,118,0,8,58,14,80,2,27,95,74,198,118,42,160,358
02/11/2022,MGM,AL,ASO,ES,Combined TRACON& Tower with Radar,6,18,46,77,147,0,11,53,12,76,6,29,99,89,223,56,119,175,398
02/12/2022,MGM,AL,ASO,ES,Combined TRACON& Tower with Radar,5,12,14,8,39,0,1,56,5,62,5,13,70,13,101,62,18,80,181
02/13/2022,MGM,AL,ASO,ES,Combined TRACON& Tower with Radar,5,11,15,32,63,0,3,22,8,33,5,14,37,40,96,0,6,6,102
02/14/2022,MGM,AL,ASO,ES,Combined TRACON& Tower with Radar,5,23,29,38,95,0,1,37,2,40,5,24,66,40,135,86,36,122,257
02/15/2022,MGM,AL,ASO,ES,Combined TRACON& Tower with Radar,6,11,43,45,105,0,7,21,11,39,6,18,64,56,144,70,84,154,298
02/16/2022,MGM,AL,ASO,ES,Combined TRACON& Tower with Radar,3,20,29,100,152,0,3,20,12,35,3,23,49,112,187,10,88,98,285
02/17/2022,MGM,AL,ASO,ES,Combined TRACON& Tower with Radar,2,20,9,8,39,0,0,1,1,2,2,20,10,9,41,0,10,10,51
02/18/2022,MGM,AL,ASO,ES,Combined TRACON& Tower with Radar,2,19,43,25,89,0,4,11,1,16,2,23,54,26,105,10,0,10,115
02/19/2022,MGM,AL,ASO,ES,Combined TRACON& Tower with Radar,3,14,32,2,51,0,2,74,4,80,3,16,106,6,131,80,0,80,211
02/20/2022,MGM,AL,ASO,ES,Combined TRACON& Tower with Radar,3,14,35,0,52,0,2,46,2,50,3,16,81,2,102,36,0,36,138
02/21/2022,MGM,AL,ASO,ES,Combined TRACON& Tower with Radar,2,18,15,0,35,0,0,4,0,4,2,18,19,0,39,12,0,12,51
02/22/2022,MGM,AL,ASO,ES,Combined TRACON& Tower with Radar,5,16,26,64,111,0,2,15,12,29,5,18,41,76,140,38,47,85,225
02/23/2022,MGM,AL,ASO,ES,Combined TRACON& Tower with Radar,3,20,39,123,185,0,1,19,4,24,3,21,58,127,209,48,56,104,313
02/24/2022,MGM,AL,ASO,ES,Combined TRACON& Tower with Radar,3,20,35,125,183,0,4,13,18,35,3,24,48,143,218,62,95,157,375
02/25/2022,MGM,AL,ASO,ES,Combined TRACON& Tower with Radar,1,19,25,68,113,0,4,5,6,15,1,23,30,74,128,58,26,84,212
02/26/2022,MGM,AL,ASO,ES,Combined TRACON& Tower with Radar,2,14,30,8,54,0,0,29,8,37,2,14,59,16,91,76,12,88,179
02/27/2022,MGM,AL,ASO,ES,Combined TRACON& Tower with Radar,1,23,13,9,46,0,0,3,1,4,1,23,16,10,50,0,0,0,50
02/28/2022,MGM,AL,ASO,ES,Combined TRACON& Tower with Radar,8,16,21,35,80,0,2,28,4,34,8,18,49,39,114,98,42,140,254
03/01/2022,MGM,AL,ASO,ES,Combined TRACON& Tower with Radar,6,17,29,28,80,0,0,59,4,63,6,17,88,32,143,92,20,112,255
03/02/2022,MGM,AL,ASO,ES,Combined TRACON& Tower with Radar,3,17,39,57,116,0,6,68,4,78,3,23,107,61,194,80,38,118,312
03/03/2022,MGM,AL,ASO,ES,Combined TRACON& Tower with Radar,3,19,24,54,100,0,15,43,8,66,3,34,67,62,166,68,18,86,252
03/04/2022,MGM,AL,ASO,ES,Combined TRACON& Tower with Radar,6,18,29,71,124,0,10,65,12,87,6,28,94,83,211,86,86,172,383
03/05/2022,MGM,AL,ASO,ES,Combined TRACON& Tower with Radar,2,14,18,16,50,0,6,36,16,58,2,20,54,32,108,10,10,20,128
03/06/2022,MGM,AL,ASO,ES,Combined TRACON& Tower with Radar,7,19,34,18,78,0,2,21,23,46,7,21,55,41,124,38,54,92,216
03/07/2022,MGM,AL,ASO,ES,Combined TRACON& Tower with Radar,4,17,19,22,62,0,3,2,2,7,4,20,21,24,69,0,0,0,69
03/08/2022,MGM,AL,ASO,ES,Combined TRACON& Tower with Radar,5,20,23,40,88,0,1,6,0,7,5,21,29,40,95,24,0,24,119
03/09/2022,MGM,AL,ASO,ES,Combined TRACON& Tower with Radar,3,17,31,62,113,0,2,8,5,15,3,19,39,67,128,0,50,50,178
03/10/2022,MGM,AL,ASO,ES,Combined TRACON& Tower with Radar,2,18,51,91,162,0,5,24,8,37,2,23,75,99,199,55,51,106,305
03/11/2022,MGM,AL,ASO,ES,Combined TRACON& Tower with Radar,4,19,21,24,68,0,0,0,0,0,4,19,21,24,68,0,0,0,68
03/12/2022,MGM,AL,ASO,ES,Combined TRACON& Tower with Radar,4,14,13,7,38,0,2,4,1,7,4,16,17,8,45,0,0,0,45
03/13/2022,MGM,AL,ASO,ES,Combined TRACON& Tower with Radar,5,22,59,5,91,0,1,43,3,47,5,23,102,8,138,52,0,52,190
03/14/2022,MGM,AL,ASO,ES,Combined TRACON& Tower with Radar,2,16,47,55,120,0,7,39,6,52,2,23,86,61,172,118,43,161,333
03/15/2022,MGM,AL,ASO,ES,Combined TRACON& Tower with Radar,4,20,25,20,69,0,0,5,0,5,4,20,30,20,74,6,0,6,80
03/16/2022,MGM,AL,ASO,ES,Combined TRACON& Tower with Radar,5,18,36,32,91,0,9,9,9,27,5,27,45,41,118,0,4,4,122
03/17/2022,MGM,AL,ASO,ES,Combined TRACON& Tower with Radar,2,17,61,50,130,0,4,52,13,69,2,21,113,63,199,74,23,97,296
03/18/2022,MGM,AL,ASO,ES,Combined TRACON& Tower with Radar,2,12,12,6,32,0,0,0,1,1,2,12,12,7,33,0,28,28,61
03/19/2022,MGM,AL,ASO,ES,Combined TRACON& Tower with Radar,1,12,38,12,63,0,2,51,10,63,1,14,89,22,126,26,4,30,156
03/20/2022,MGM,AL,ASO,ES,Combined TRACON& Tower with Radar,4,16,50,13,83,0,2,30,7,39,4,18,80,20,122,12,0,12,134
03/21/2022,MGM,AL,ASO,ES,Combined TRACON& Tower with Radar,3,14,48,67,132,0,1,41,12,54,3,15,89,79,186,86,60,146,332
03/22/2022,MGM,AL,ASO,ES,Combined TRACON& Tower with Radar,4,16,15,42,77,0,6,14,1,21,4,22,29,43,98,2,28,30,128
03/23/2022,MGM,AL,ASO,ES,Combined TRACON& Tower with Radar,4,17,27,89,137,0,1,15,11,27,4,18,42,100,164,72,74,146,310
03/24/2022,MGM,AL,ASO,ES,Combined TRACON& Tower with Radar,3,22,29,35,89,0,10,111,11,132,3,32,140,46,221,218,42,260,481
03/25/2022,MGM,AL,ASO,ES,Combined TRACON& Tower with Radar,4,15,29,91,139,0,2,45,23,70,4,17,74,114,209,96,50,146,355
03/26/2022,MGM,AL,ASO,ES,Combined TRACON& Tower with Radar,4,13,9,1,27,0,1,24,2,27,4,14,33,3,54,32,0,32,86
03/27/2022,MGM,AL,ASO,ES,Combined TRACON& Tower with Radar,5,19,4,5,33,0,3,26,4,33,5,22,30,9,66,30,0,30,96
03/28/2022,MGM,AL,ASO,ES,Combined TRACON& Tower with Radar,3,14,26,18,61,0,10,29,3,42,3,24,55,21,103,128,6,134,237
03/29/2022,MGM,AL,ASO,ES,Combined TRACON& Tower with Radar,4,16,44,82,146,0,4,24,10,38,4,20,68,92,184,18,80,98,282
03/30/2022,MGM,AL,ASO,ES,Combined TRACON& Tower with Radar,3,17,21,5,46,0,0,4,1,5,3,17,25,6,51,0,2,2,53
03/31/2022,MGM,AL,ASO,ES,Combined TRACON& Tower with Radar,2,19,32,46,99,0,0,15,1,16,2,19,47,47,115,76,22,98,213
04/01/2022,MGM,AL,ASO,ES,Combined TRACON& Tower with Radar,2,16,33,40,91,0,1,40,15,56,2,17,73,55,147,136,20,156,303
04/02/2022,MGM,AL,ASO,ES,Combined TRACON& Tower with Radar,3,19,21,27,70,0,1,48,3,52,3,20,69,30,122,88,0,88,210
04/03/2022,MGM,AL,ASO,ES,Combined TRACON& Tower with Radar,3,16,24,46,89,0,2,25,15,42,3,18,49,61,131,16,10,26,157
04/04/2022,MGM,AL,ASO,ES,Combined TRACON& Tower with Radar,2,23,44,64,133,0,9,51,3,63,2,32,95,67,196,160,56,216,412
04/05/2022,MGM,AL,ASO,ES,Combined TRACON& Tower with Radar,7,16,8,7,38,0,1,2,0,3,7,17,10,7,41,0,0,0,41
04/06/2022,MGM,AL,ASO,ES,Combined TRACON& Tower with Radar,8,17,23,25,73,0,1,2,0,3,8,18,25,25,76,0,0,0,76
04/07/2022,MGM,AL,ASO,ES,Combined TRACON& Tower with Radar,7,28,52,97,184,0,1,39,29,69,7,29,91,126,253,100,63,163,416
04/08/2022,MGM,AL,ASO,ES,Combined TRACON& Tower with Radar,6,17,36,77,136,0,0,23,11,34,6,17,59,88,170,26,60,86,256
04/09/2022,MGM,AL,ASO,ES,Combined TRACON& Tower with Radar,5,12,9,5,31,0,0,20,2,22,5,12,29,7,53,6,0,6,59
04/10/2022,MGM,AL,ASO,ES,Combined TRACON& Tower with Radar,7,18,19,19,63,0,3,38,13,54,7,21,57,32,117,18,0,18,135
04/11/2022,MGM,AL,ASO,ES,Combined TRACON& Tower with Radar,7,18,27,35,87,0,0,20,7,27,7,18,47,42,114,68,40,108,222
04/12/2022,MGM,AL,ASO,ES,Combined TRACON& Tower with Radar,5,30,27,88,150,0,8,43,6,57,5,38,70,94,207,66,56,122,329
04/13/2022,MGM,AL,ASO,ES,Combined TRACON& Tower with Radar,6,20,27,53,106,0,1,25,10,36,6,21,52,63,142,32,46,78,220
04/14/2022,MGM,AL,ASO,ES,Combined TRACON& Tower with Radar,9,16,36,75,136,0,0,42,18,60,9,16,78,93,196,70,100,170,366
04/15/2022,MGM,AL,ASO,ES,Combined TRACON& Tower with Radar,7,16,35,61,119,0,2,72,9,83,7,18,107,70,202,22,8,30,232
04/16/2022,MGM,AL,ASO,ES,Combined TRACON& Tower with Radar,6,13,8,2,29,0,0,1,0,1,6,13,9,2,30,0,0,0,30
04/17/2022,MGM,AL,ASO,ES,Combined TRACON& Tower with Radar,7,17,6,0,30,0,0,0,0,0,7,17,6,0,30,0,0,0,30
04/18/2022,MGM,AL,ASO,ES,Combined TRACON& Tower with Radar,8,14,32,31,85,0,0,11,4,15,8,14,43,35,100,0,12,12,112
04/19/2022,MGM,AL,ASO,ES,Combined TRACON& Tower with Radar,5,20,42,41,108,0,3,51,5,59,5,23,93,46,167,100,64,164,331
04/20/2022,MGM,AL,ASO,ES,Combined TRACON& Tower with Radar,8,19,40,66,133,0,1,47,18,66,8,20,87,84,199,44,90,134,333
04/21/2022,MGM,AL,ASO,ES,Combined TRACON& Tower with Radar,8,27,30,31,96,0,5,49,18,72,8,32,79,49,168,110,11,121,289
04/22/2022,MGM,AL,ASO,ES,Combined TRACON& Tower with Radar,7,25,36,69,137,0,0,17,14,31,7,25,53,83,168,48,46,94,262
04/23/2022,MGM,AL,ASO,ES,Combined TRACON& Tower with Radar,7,16,25,6,54,0,1,47,3,51,7,17,72,9,105,60,2,62,167
04/24/2022,MGM,AL,ASO,ES,Combined TRACON& Tower with Radar,5,20,20,30,75,0,2,40,0,42,5,22,60,30,117,28,0,28,145
04/25/2022,MGM,AL,ASO,ES,Combined TRACON& Tower with Radar,7,19,29,77,132,0,0,24,5,29,7,19,53,82,161,16,138,154,315
04/26/2022,MGM,AL,ASO,ES,Combined TRACON& Tower with Radar,5,16,25,53,99,0,0,9,6,15,5,16,34,59,114,8,22,30,144
04/27/2022,MGM,AL,ASO,ES,Combined TRACON& Tower with Radar,10,17,29,40,96,0,5,58,8,71,10,22,87,48,167,60,52,112,279
04/28/2022,MGM,AL,ASO,ES,Combined TRACON& Tower with Radar,9,16,29,44,98,0,5,47,19,71,9,21,76,63,169,80,26,106,275
04/29/2022,MGM,AL,ASO,ES,Combined TRACON& Tower with Radar,7,18,23,71,119,0,2,40,14,56,7,20,63,85,175,44,64,108,283
04/30/2022,MGM,AL,ASO,ES,Combined TRACON& Tower with Radar,5,13,20,2,40,0,0,14,5,19,5,13,34,7,59,58,0,58,117
05/01/2022,MGM,AL,ASO,ES,Combined TRACON& Tower with Radar,7,21,14,1,43,0,0,3,12,15,7,21,17,13,58,0,4,4,62
05/02/2022,MGM,AL,ASO,ES,Combined TRACON& Tower with Radar,8,14,23,27,72,0,2,28,6,36,8,16,51,33,108,28,12,40,148
05/03/2022,MGM,AL,ASO,ES,Combined TRACON& Tower with Radar,4,14,26,25,69,0,6,14,16,36,4,20,40,41,105,60,22,82,187
05/04/2022,MGM,AL,ASO,ES,Combined TRACON& Tower with Radar,6,15,43,46,110,0,3,38,19,60,6,18,81,65,170,62,34,96,266
05/05/2022,MGM,AL,ASO,ES,Combined TRACON& Tower with Radar,10,16,39,94,159,0,8,54,30,92,10,24,93,124,251,50,60,110,361
05/06/2022,MGM,AL,ASO,ES,Combined TRACON& Tower with Radar,5,15,20,12,52,0,0,9,18,27,5,15,29,30,79,8,0,8,87
05/07/2022,MGM,AL,ASO,ES,Combined TRACON& Tower with Radar,7,16,24,9,56,0,4,12,1,17,7,20,36,10,73,22,0,22,95
05/08/2022,MGM,AL,ASO,ES,Combined TRACON& Tower with Radar,7,17,7,8,39,0,4,21,4,29,7,21,28,12,68,14,0,14,82
05/09/2022,MGM,AL,ASO,ES,Combined TRACON& Tower with Radar,9,21,32,39,101,0,3,50,2,55,9,24,82,41,156,80,28,108,264
05/10/2022,MGM,AL,ASO,ES,Combined TRACON& Tower with Radar,6,16,28,34,84,0,2,36,7,45,6,18,64,41,129,101,54,155,284
05/11/2022,MGM,AL,ASO,ES,Combined TRACON& Tower with Radar,7,16,43,29,95,0,0,43,3,46,7,16,86,32,141,40,20,60,201
05/12/2022,MGM,AL,ASO,ES,Combined TRACON& Tower with Radar,10,25,33,41,109,0,3,47,9,59,10,28,80,50,168,138,58,196,364
05/13/2022,MGM,AL,ASO,ES,Combined TRACON& Tower with Radar,9,15,29,72,125,0,4,29,22,55,9,19,58,94,180,18,62,80,260
05/14/2022,MGM,AL,ASO,ES,Combined TRACON& Tower with Radar,6,17,16,20,59,0,5,25,11,41,6,22,41,31,100,10,29,39,139
05/15/2022,MGM,AL,ASO,ES,Combined TRACON& Tower with Radar,6,17,17,4,44,0,2,13,11,26,6,19,30,15,70,36,10,46,116
05/16/2022,MGM,AL,ASO,ES,Combined TRACON& Tower with Radar,6,21,30,55,112,0,7,23,2,32,6,28,53,57,144,14,36,50,194
05/17/2022,MGM,AL,ASO,ES,Combined TRACON& Tower with Radar,7,14,25,79,125,0,5,50,8,63,7,19,75,87,188,138,66,204,392
05/18/2022,MGM,AL,ASO,ES,Combined TRACON& Tower with Radar,7,14,22,55,98,0,3,41,6,50,7,17,63,61,148,114,31,145,293
05/19/2022,MGM,AL,ASO,ES,Combined TRACON& Tower with Radar,7,18,61,73,159,0,3,36,22,61,7,21,97,95,220,105,77,182,402
05/20/2022,MGM,AL,ASO,ES,Combined TRACON& Tower with Radar,7,17,25,39,88,0,6,13,19,38,7,23,38,58,126,20,4,24,150
05/21/2022,MGM,AL,ASO,ES,Combined TRACON& Tower with Radar,6,16,13,7,42,0,6,14,0,20,6,22,27,7,62,18,0,18,80
05/22/2022,MGM,AL,ASO,ES,Combined TRACON& Tower with Radar,9,17,16,8,50,0,1,4,8,13,9,18,20,16,63,6,0,6,69
05/23/2022,MGM,AL,ASO,ES,Combined TRACON& Tower with Radar,7,17,22,14,60,0,0,9,0,9,7,17,31,14,69,0,0,0,69
05/24/2022,MGM,AL,ASO,ES,Combined TRACON& Tower with Radar,7,17,37,25,86,0,4,12,5,21,7,21,49,30,107,0,38,38,145
05/25/2022,MGM,AL,ASO,ES,Combined TRACON& Tower with Radar,8,16,7,21,52,0,0,1,10,11,8,16,8,31,63,0,26,26,89
05/26/2022,MGM,AL,ASO,ES,Combined TRACON& Tower with Radar,7,17,22,3,49,0,0,0,0,0,7,17,22,3,49,0,0,0,49
05/27/2022,MGM,AL,ASO,ES,Combined TRACON& Tower with Radar,7,16,26,4,53,0,3,42,1,46,7,19,68,5,99,152,0,152,251
05/28/2022,MGM,AL,ASO,ES,Combined TRACON& Tower with Radar,7,13,20,8,48,0,0,36,0,36,7,13,56,8,84,32,0,32,116
05/29/2022,MGM,AL,ASO,ES,Combined TRACON& Tower with Radar,6,14,12,4,36,0,0,25,0,25,6,14,37,4,61,10,0,10,71
05/30/2022,MGM,AL,ASO,ES,Combined TRACON& Tower with Radar,7,14,11,0,32,0,0,27,0,27,7,14,38,0,59,28,0,28,87
05/31/2022,MGM,AL,ASO,ES,Combined TRACON& Tower with Radar,7,11,17,42,77,0,9,42,3,54,7,20,59,45,131,60,2,62,193
06/01/2022,MGM,AL,ASO,ES,Combined TRACON& Tower with Radar,6,10,28,65,109,0,13,50,18,81,6,23,78,83,190,128,106,234,424
06/02/2022,MGM,AL,ASO,ES,Combined TRACON& Tower with Radar,7,18,29,40,94,0,1,30,14,45,7,19,59,54,139,44,8,52,191
06/03/2022,MGM,AL,ASO,ES,Combined TRACON& Tower with Radar,5,15,34,31,85,0,2,25,14,41,5,17,59,45,126,74,81,155,281
06/04/2022,MGM,AL,ASO,ES,Combined TRACON& Tower with Radar,6,9,13,14,42,0,1,21,19,41,6,10,34,33,83,6,50,56,139
06/05/2022,MGM,AL,ASO,ES,Combined TRACON& Tower with Radar,6,15,15,1,37,0,0,23,1,24,6,15,38,2,61,40,21,61,122
06/06/2022,MGM,AL,ASO,ES,Combined TRACON& Tower with Radar,8,16,33,60,117,0,0,35,4,39,8,16,68,64,156,82,30,112,268
06/07/2022,MGM,AL,ASO,ES,Combined TRACON& Tower with Radar,6,12,25,41,84,0,4,30,4,38,6,16,55,45,122,46,40,86,208
06/08/2022,MGM,AL,ASO,ES,Combined TRACON& Tower with Radar,5,16,38,20,79,0,3,9,6,18,5,19,47,26,97,34,32,66,163
06/09/2022,MGM,AL,ASO,ES,Combined TRACON& Tower with Radar,10,21,32,68,131,0,1,43,12,56,10,22,75,80,187,66,24,90,277
06/10/2022,MGM,AL,ASO,ES,Combined TRACON& Tower with Radar,8,15,23,49,95,0,9,33,10,52,8,24,56,59,147,78,32,110,257
06/11/2022,MGM,AL,ASO,ES,Combined TRACON& Tower with Radar,6,16,8,8,38,0,2,23,4,29,6,18,31,12,67,62,0,62,129
06/12/2022,MGM,AL,ASO,ES,Combined TRACON& Tower with Radar,7,15,23,9,54,0,2,20,3,25,7,17,43,12,79,14,0,14,93
06/13/2022,MGM,AL,ASO,ES,Combined TRACON& Tower with Radar,5,16,36,34,91,0,0,48,2,50,5,16,84,36,141,52,0,52,193
06/14/2022,MGM,AL,ASO,ES,Combined TRACON& Tower with Radar,7,19,34,35,95,0,4,17,3,24,7,23,51,38,119,2,28,30,149
06/15/2022,MGM,AL,ASO,ES,Combined TRACON& Tower with Radar,11,21,46,44,122,0,7,53,6,66,11,28,99,50,188,12,48,60,248
06/16/2022,MGM,AL,ASO,ES,Combined TRACON& Tower with Radar,6,23,28,51,108,0,5,28,6,39,6,28,56,57,147,28,13,41,188
06/17/2022,MGM,AL,ASO,ES,Combined TRACON& Tower with Radar,7,23,18,31,79,0,0,26,4,30,7,23,44,35,109,36,18,54,163
06/18/2022,MGM,AL,ASO,ES,Combined TRACON& Tower with Radar,5,15,13,0,33,0,2,16,0,18,5,17,29,0,51,32,0,32,83
06/19/2022,MGM,AL,ASO,ES,Combined TRACON& Tower with Radar,7,14,8,8,37,0,3,12,0,15,7,17,20,8,52,6,0,6,58
06/20/2022,MGM,AL,ASO,ES,Combined TRACON& Tower with Radar,7,15,18,4,44,0,2,40,1,43,7,17,58,5,87,42,0,42,129
06/21/2022,MGM,AL,ASO,ES,Combined TRACON& Tower with Radar,10,15,21,78,124,0,4,27,10,41,10,19,48,88,165,28,38,66,231
06/22/2022,MGM,AL,ASO,ES,Combined TRACON& Tower with Radar,8,15,25,52,100,0,0,21,12,33,8,15,46,64,133,30,6,36,169
06/23/2022,MGM,AL,ASO,ES,Combined TRACON& Tower with Radar,7,19,11,25,62,0,6,20,10,36,7,25,31,35,98,24,9,33,131
06/24/2022,MGM,AL,ASO,ES,Combined TRACON& Tower with Radar,10,20,22,76,128,0,3,23,14,40,10,23,45,90,168,30,4,34,202
06/25/2022,MGM,AL,ASO,ES,Combined TRACON& Tower with Radar,6,15,4,4,29,0,1,15,3,19,6,16,19,7,48,0,0,0,48
06/26/2022,MGM,AL,ASO,ES,Combined TRACON& Tower with Radar,4,24,22,55,105,0,0,18,4,22,4,24,40,59,127,16,2,18,145
06/27/2022,MGM,AL,ASO,ES,Combined TRACON& Tower with Radar,9,16,11,34,70,0,5,7,1,13,9,21,18,35,83,1,10,11,94
06/28/2022,MGM,AL,ASO,ES,Combined TRACON& Tower with Radar,9,14,24,45,92,0,10,33,0,43,9,24,57,45,135,82,42,124,259
06/29/2022,MGM,AL,ASO,ES,Combined TRACON& Tower with Radar,8,16,9,51,84,0,5,13,3,21,8,21,22,54,105,8,6,14,119
06/30/2022,MGM,AL,ASO,ES,Combined TRACON& Tower with Radar,11,17,26,32,86,0,4,4,2,10,11,21,30,34,96,18,15,33,129
07/01/2022,MGM,AL,ASO,ES,Combined TRACON& Tower with Radar,8,17,20,4,49,0,2,11,0,13,8,19,31,4,62,20,0,20,82
07/02/2022,MGM,AL,ASO,ES,Combined TRACON& Tower with Radar,4,14,13,0,31,0,1,1,0,2,4,15,14,0,33,20,0,20,53
07/03/2022,MGM,AL,ASO,ES,Combined TRACON& Tower with Radar,2,10,13,0,25,0,0,4,0,4,2,10,17,0,29,20,0,20,49
07/04/2022,MGM,AL,ASO,ES,Combined TRACON& Tower with Radar,6,9,13,0,28,0,1,5,0,6,6,10,18,0,34,18,0,18,52
07/05/2022,MGM,AL,ASO,ES,Combined TRACON& Tower with Radar,5,13,14,38,70,0,3,20,2,25,5,16,34,40,95,26,4,30,125
07/06/2022,MGM,AL,ASO,ES,Combined TRACON& Tower with Radar,8,15,22,115,160,0,0,34,11,45,8,15,56,126,205,26,62,88,293
07/07/2022,MGM,AL,ASO,ES,Combined TRACON& Tower with Radar,8,11,18,39,76,0,0,41,4,45,8,11,59,43,121,22,6,28,149
07/08/2022,MGM,AL,ASO,ES,Combined TRACON& Tower with Radar,6,12,19,33,70,0,4,22,8,34,6,16,41,41,104,6,50,56,160
07/09/2022,MGM,AL,ASO,ES,Combined TRACON& Tower with Radar,3,15,11,0,29,0,0,7,1,8,3,15,18,1,37,48,0,48,85
07/10/2022,MGM,AL,ASO,ES,Combined TRACON& Tower with Radar,5,21,11,30,67,0,1,14,20,35,5,22,25,50,102,24,0,24,126
07/11/2022,MGM,AL,ASO,ES,Combined TRACON& Tower with Radar,7,15,16,31,69,0,3,11,1,15,7,18,27,32,84,2,16,18,102
07/12/2022,MGM,AL,ASO,ES,Combined TRACON& Tower with Radar,5,17,33,68,123,0,4,18,2,24,5,21,51,70,147,16,22,38,185
07/13/2022,MGM,AL,ASO,ES,Combined TRACON& Tower with Radar,5,15,30,74,124,0,1,17,2,20,5,16,47,76,144,12,46,58,202
07/14/2022,MGM,AL,ASO,ES,Combined TRACON& Tower with Radar,5,14,18,10,47,0,8,11,6,25,5,22,29,16,72,6,8,14,86
07/15/2022,MGM,AL,ASO,ES,Combined TRACON& Tower with Radar,6,15,25,54,100,0,3,23,4,30,6,18,48,58,130,8,60,68,198
07/16/2022,MGM,AL,ASO,ES,Combined TRACON& Tower with Radar,3,19,20,13,55,0,4,17,2,23,3,23,37,15,78,24,14,38,116
07/17/2022,MGM,AL,ASO,ES,Combined TRACON& Tower with Radar,8,15,26,37,86,0,6,35,11,52,8,21,61,48,138,46,1,47,185
07/18/2022,MGM,AL,ASO,ES,Combined TRACON& Tower with Radar,9,20,21,53,103,0,3,46,7,56,9,23,67,60,159,36,8,44,203
07/19/2022,MGM,AL,ASO,ES,Combined TRACON& Tower with Radar,6,15,30,52,103,0,4,9,6,19,6,19,39,58,122,0,42,42,164
07/20/2022,MGM,AL,ASO,ES,Combined TRACON& Tower with Radar,9,16,32,97,154,0,3,50,24,77,9,19,82,121,231,30,48,78,309
07/21/2022,MGM,AL,ASO,ES,Combined TRACON& Tower with Radar,8,17,18,35,78,0,9,11,8,28,8,26,29,43,106,58,24,82,188
07/22/2022,MGM,AL,ASO,ES,Combined TRACON& Tower with Radar,6,17,33,26,82,0,8,10,6,24,6,25,43,32,106,44,2,46,152
07/23/2022,MGM,AL,ASO,ES,Combined TRACON& Tower with Radar,6,15,18,3,42,0,3,16,0,19,6,18,34,3,61,8,0,8,69
07/24/2022,MGM,AL,ASO,ES,Combined TRACON& Tower with Radar,6,14,17,16,53,0,0,19,3,22,6,14,36,19,75,0,1,1,76
07/25/2022,MGM,AL,ASO,ES,Combined TRACON& Tower with Radar,5,13,20,13,51,0,6,28,1,35,5,19,48,14,86,24,0,24,110
07/26/2022,MGM,AL,ASO,ES,Combined TRACON& Tower with Radar,6,24,27,59,116,0,7,28,15,50,6,31,55,74,166,10,30,40,206
07/27/2022,MGM,AL,ASO,ES,Combined TRACON& Tower with Radar,5,15,20,46,86,0,2,33,7,42,5,17,53,53,128,28,18,46,174
07/28/2022,MGM,AL,ASO,ES,Combined TRACON& Tower with Radar,5,18,20,41,84,0,0,26,11,37,5,18,46,52,121,28,34,62,183
07/29/2022,MGM,AL,ASO,ES,Combined TRACON& Tower with Radar,5,20,10,52,87,0,1,20,14,35,5,21,30,66,122,24,24,48,170
07/30/2022,MGM,AL,ASO,ES,Combined TRACON& Tower with Radar,5,11,21,12,49,0,2,16,0,18,5,13,37,12,67,8,2,10,77
07/31/2022,MGM,AL,ASO,ES,Combined TRACON& Tower with Radar,6,15,11,8,40,0,0,35,4,39,6,15,46,12,79,22,0,22,101
08/01/2022,MGM,AL,ASO,ES,Combined TRACON& Tower with Radar,5,13,16,12,46,0,2,22,8,32,5,15,38,20,78,20,3,23,101
08/02/2022,MGM,AL,ASO,ES,Combined TRACON& Tower with Radar,5,19,20,16,60,0,3,16,5,24,5,22,36,21,84,30,10,40,124
08/03/2022,MGM,AL,ASO,ES,Combined TRACON& Tower with Radar,6,14,25,80,125,0,4,11,11,26,6,18,36,91,151,18,30,48,199
08/04/2022,MGM,AL,ASO,ES,Combined TRACON& Tower with Radar,4,22,16,17,59,0,1,38,2,41,4,23,54,19,100,68,12,80,180
08/05/2022,MGM,AL,ASO,ES,Combined TRACON& Tower with Radar,7,17,32,35,91,0,7,33,11,51,7,24,65,46,142,84,14,98,240
08/06/2022,MGM,AL,ASO,ES,Combined TRACON& Tower with Radar,6,17,8,3,34,0,0,27,1,28,6,17,35,4,62,36,0,36,98
08/07/2022,MGM,AL,ASO,ES,Combined TRACON& Tower with Radar,5,20,16,30,71,0,2,24,12,38,5,22,40,42,109,34,0,34,143
08/08/2022,MGM,AL,ASO,ES,Combined TRACON& Tower with Radar,5,18,31,34,88,0,3,22,4,29,5,21,53,38,117,14,0,14,131
08/09/2022,MGM,AL,ASO,ES,Combined TRACON& Tower with Radar,5,15,28,29,77,0,8,14,3,25,5,23,42,32,102,0,0,0,102
08/10/2022,MGM,AL,ASO,ES,Combined TRACON& Tower with Radar,6,12,30,21,69,0,0,22,12,34,6,12,52,33,103,26,6,32,135
08/11/2022,MGM,AL,ASO,ES,Combined TRACON& Tower with Radar,7,16,12,57,92,0,1,9,16,26,7,17,21,73,118,20,50,70,188
08/12/2022,MGM,AL,ASO,ES,Combined TRACON& Tower with Radar,8,13,24,42,87,0,4,14,13,31,8,17,38,55,118,6,10,16,134
08/13/2022,MGM,AL,ASO,ES,Combined TRACON& Tower with Radar,7,14,24,4,49,0,1,19,4,24,7,15,43,8,73,48,0,48,121
08/14/2022,MGM,AL,ASO,ES,Combined TRACON& Tower with Radar,6,12,9,10,37,0,1,26,11,38,6,13,35,21,75,28,4,32,107
08/15/2022,MGM,AL,ASO,ES,Combined TRACON& Tower with Radar,8,15,20,17,60,0,2,32,1,35,8,17,52,18,95,52,18,70,165
08/16/2022,MGM,AL,ASO,ES,Combined TRACON& Tower with Radar,9,10,17,55,91,0,3,31,7,41,9,13,48,62,132,56,56,112,244
08/17/2022,MGM,AL,ASO,ES,Combined TRACON& Tower with Radar,5,17,26,26,74,0,9,11,4,24,5,26,37,30,98,0,22,22,120
08/18/2022,MGM,AL,ASO,ES,Combined TRACON& Tower with Radar,5,13,28,33,79,0,6,23,7,36,5,19,51,40,115,78,24,102,217
08/19/2022,MGM,AL,ASO,ES,Combined TRACON& Tower with Radar,4,22,24,28,78,0,5,10,13,28,4,27,34,41,106,8,20,28,134
08/20/2022,MGM,AL,ASO,ES,Combined TRACON& Tower with Radar,3,11,7,0,21,0,1,21,2,24,3,12,28,2,45,38,0,38,83
08/21/2022,MGM,AL,ASO,ES,Combined TRACON& Tower with Radar,5,16,16,2,39,0,0,0,1,1,5,16,16,3,40,0,0,0,40
08/22/2022,MGM,AL,ASO,ES,Combined TRACON& Tower with Radar,4,20,25,2,51,0,0,2,0,2,4,20,27,2,53,0,0,0,53
08/23/2022,MGM,AL,ASO,ES,Combined TRACON& Tower with Radar,4,12,17,12,45,0,0,17,0,17,4,12,34,12,62,4,0,4,66
08/24/2022,MGM,AL,ASO,ES,Combined TRACON& Tower with Radar,4,19,6,0,29,0,0,1,0,1,4,19,7,0,30,0,0,0,30
08/25/2022,MGM,AL,ASO,ES,Combined TRACON& Tower with Radar,4,16,24,21,65,0,0,1,8,9,4,16,25,29,74,0,8,8,82
08/26/2022,MGM,AL,ASO,ES,Combined TRACON& Tower with Radar,6,20,10,27,63,0,1,4,8,13,6,21,14,35,76,0,0,0,76
08/27/2022,MGM,AL,ASO,ES,Combined TRACON& Tower with Radar,4,13,9,5,31,0,1,19,1,21,4,14,28,6,52,6,0,6,58
08/28/2022,MGM,AL,ASO,ES,Combined TRACON& Tower with Radar,8,16,23,24,71,0,5,33,17,55,8,21,56,41,126,0,0,0,126
08/29/2022,MGM,AL,ASO,ES,Combined TRACON& Tower with Radar,4,14,20,27,65,0,2,24,9,35,4,16,44,36,100,46,20,66,166
08/30/2022,MGM,AL,ASO,ES,Combined TRACON& Tower with Radar,2,22,20,20,64,0,5,26,3,34,2,27,46,23,98,18,4,22,120
08/31/2022,MGM,AL,ASO,ES,Combined TRACON& Tower with Radar,4,13,24,20,61,0,5,33,17,55,4,18,57,37,116,44,20,64,180
09/01/2022,MGM,AL,ASO,ES,Combined TRACON& Tower with Radar,9,14,23,11,57,0,7,53,5,65,9,21,76,16,122,50,0,50,172
09/02/2022,MGM,AL,ASO,ES,Combined TRACON& Tower with Radar,7,20,26,8,61,0,6,5,1,12,7,26,31,9,73,34,0,34,107
09/03/2022,MGM,AL,ASO,ES,Combined TRACON& Tower with Radar,4,11,19,8,42,0,0,3,0,3,4,11,22,8,45,8,0,8,53
09/04/2022,MGM,AL,ASO,ES,Combined TRACON& Tower with Radar,5,19,4,17,45,0,0,3,3,6,5,19,7,20,51,0,0,0,51
09/05/2022,MGM,AL,ASO,ES,Combined TRACON& Tower with Radar,6,15,16,0,37,0,0,11,0,11,6,15,27,0,48,10,0,10,58
09/06/2022,MGM,AL,ASO,ES,Combined TRACON& Tower with Radar,5,14,20,16,55,0,3,24,7,34,5,17,44,23,89,26,0,26,115
09/07/2022,MGM,AL,ASO,ES,Combined TRACON& Tower with Radar,11,13,31,39,94,0,3,26,5,34,11,16,57,44,128,12,4,16,144
09/08/2022,MGM,AL,ASO,ES,Combined TRACON& Tower with Radar,9,19,24,43,95,0,1,33,9,43,9,20,57,52,138,28,31,59,197
09/09/2022,MGM,AL,ASO,ES,Combined TRACON& Tower with Radar,7,17,14,33,71,0,0,2,2,4,7,17,16,35,75,0,0,0,75
09/10/2022,MGM,AL,ASO,ES,Combined TRACON& Tower with Radar,5,15,26,16,62,0,0,2,3,5,5,15,28,19,67,0,0,0,67
09/11/2022,MGM,AL,ASO,ES,Combined TRACON& Tower with Radar,11,14,10,19,54,0,1,6,7,14,11,15,16,26,68,6,2,8,76
09/12/2022,MGM,AL,ASO,ES,Combined TRACON& Tower with Radar,9,13,21,44,87,0,2,18,2,22,9,15,39,46,109,0,0,0,109
09/13/2022,MGM,AL,ASO,ES,Combined TRACON& Tower with Radar,5,16,20,6,47,0,6,44,1,51,5,22,64,7,98,54,0,54,152
09/14/2022,MGM,AL,ASO,ES,Combined TRACON& Tower with Radar,7,19,26,18,70,0,1,57,2,60,7,20,83,20,130,64,6,70,200
09/15/2022,MGM,AL,ASO,ES,Combined TRACON& Tower with Radar,7,16,37,25,85,0,2,65,4,71,7,18,102,29,156,56,0,56,212
09/16/2022,MGM,AL,ASO,ES,Combined TRACON& Tower with Radar,8,13,27,38,86,0,2,27,8,37,8,15,54,46,123,32,0,32,155
09/17/2022,MGM,AL,ASO,ES,Combined TRACON& Tower with Radar,9,10,13,2,34,0,0,24,6,30,9,10,37,8,64,12,6,18,82
09/18/2022,MGM,AL,ASO,ES,Combined TRACON& Tower with Radar,9,14,16,11,50,0,3,22,11,36,9,17,38,22,86,2,4,6,92
09/19/2022,MGM,AL,ASO,ES,Combined TRACON& Tower with Radar,7,12,24,16,59,0,3,44,1,48,7,15,68,17,107,50,0,50,157
09/20/2022,MGM,AL,ASO,ES,Combined TRACON& Tower with Radar,6,15,20,24,65,0,11,31,4,46,6,26,51,28,111,28,2,30,141
09/21/2022,MGM,AL,ASO,ES,Combined TRACON& Tower with Radar,8,20,35,13,76,0,1,39,6,46,8,21,74,19,122,50,12,62,184
09/22/2022,MGM,AL,ASO,ES,Combined TRACON& Tower with Radar,9,22,27,26,84,0,4,41,9,54,9,26,68,35,138,50,6,56,194
09/23/2022,MGM,AL,ASO,ES,Combined TRACON& Tower with Radar,8,17,31,38,94,0,4,24,10,38,8,21,55,48,132,48,0,48,180
09/24/2022,MGM,AL,ASO,ES,Combined TRACON& Tower with Radar,5,16,17,4,42,0,6,45,3,54,5,22,62,7,96,46,0,46,142
09/25/2022,MGM,AL,ASO,ES,Combined TRACON& Tower with Radar,7,12,12,5,36,0,1,18,2,21,7,13,30,7,57,16,0,16,73
09/26/2022,MGM,AL,ASO,ES,Combined TRACON& Tower with Radar,7,11,30,6,54,0,4,30,3,37,7,15,60,9,91,8,1,9,100
09/27/2022,MGM,AL,ASO,ES,Combined TRACON& Tower with Radar,6,17,24,5,52,0,3,33,1,37,6,20,57,6,89,8,0,8,97
09/28/2022,MGM,AL,ASO,ES,Combined TRACON& Tower with Radar,11,12,23,6,52,0,4,8,5,17,11,16,31,11,69,12,0,12,81
09/29/2022,MGM,AL,ASO,ES,Combined TRACON& Tower with Radar,11,15,8,3,37,0,1,8,6,15,11,16,16,9,52,2,0,2,54
09/30/2022,MGM,AL,ASO,ES,Combined TRACON& Tower with Radar,10,15,22,10,57,0,1,30,3,34,10,16,52,13,91,46,2,48,139
10/01/2022,MGM,AL,ASO,ES,Combined TRACON& Tower with Radar,8,12,10,15,45,0,2,36,5,43,8,14,46,20,88,56,4,60,148
10/02/2022,MGM,AL,ASO,ES,Combined TRACON& Tower with Radar,7,15,21,8,51,0,0,11,0,11,7,15,32,8,62,0,12,12,74
10/03/2022,MGM,AL,ASO,ES,Combined TRACON& Tower with Radar,7,11,18,6,42,0,1,31,1,33,7,12,49,7,75,18,0,18,93
10/04/2022,MGM,AL,ASO,ES,Combined TRACON& Tower with Radar,6,15,25,17,63,0,23,43,3,69,6,38,68,20,132,58,4,62,194
10/05/2022,MGM,AL,ASO,ES,Combined TRACON& Tower with Radar,9,18,23,20,70,0,4,35,8,47,9,22,58,28,117,12,0,12,129
10/06/2022,MGM,AL,ASO,ES,Combined TRACON& Tower with Radar,6,27,22,27,82,0,2,63,17,82,6,29,85,44,164,38,20,58,222
10/07/2022,MGM,AL,ASO,ES,Combined TRACON& Tower with Radar,7,13,21,11,52,0,8,40,1,49,7,21,61,12,101,68,0,68,169
10/08/2022,MGM,AL,ASO,ES,Combined TRACON& Tower with Radar,9,11,11,6,37,0,0,43,0,43,9,11,54,6,80,2,4,6,86
10/09/2022,MGM,AL,ASO,ES,Combined TRACON& Tower with Radar,8,13,13,3,37,0,0,18,1,19,8,13,31,4,56,0,0,0,56
10/10/2022,MGM,AL,ASO,ES,Combined TRACON& Tower with Radar,6,16,23,11,56,0,0,27,1,28,6,16,50,12,84,0,0,0,84
10/11/2022,MGM,AL,ASO,ES,Combined TRACON& Tower with Radar,6,16,22,22,66,0,7,39,2,48,6,23,61,24,114,38,0,38,152
10/12/2022,MGM,AL,ASO,ES,Combined TRACON& Tower with Radar,5,20,21,19,65,0,0,4,1,5,5,20,25,20,70,22,0,22,92
10/13/2022,MGM,AL,ASO,ES,Combined TRACON& Tower with Radar,5,18,24,16,63,0,4,24,2,30,5,22,48,18,93,12,7,19,112
10/14/2022,MGM,AL,ASO,ES,Combined TRACON& Tower with Radar,9,17,21,23,70,0,6,53,8,67,9,23,74,31,137,70,4,74,211
10/15/2022,MGM,AL,ASO,ES,Combined TRACON& Tower with Radar,5,18,7,5,35,0,1,31,2,34,5,19,38,7,69,16,0,16,85
10/16/2022,MGM,AL,ASO,ES,Combined TRACON& Tower with Radar,7,17,14,8,46,0,1,25,1,27,7,18,39,9,73,8,0,8,81
10/17/2022,MGM,AL,ASO,ES,Combined TRACON& Tower with Radar,6,14,18,17,55,0,0,38,1,39,6,14,56,18,94,24,6,30,124
10/18/2022,MGM,AL,ASO,ES,Combined TRACON& Tower with Radar,11,10,23,16,60,0,4,22,5,31,11,14,45,21,91,92,0,92,183
10/19/2022,MGM,AL,ASO,ES,Combined TRACON& Tower with Radar,6,20,19,25,70,0,12,48,3,63,6,32,67,28,133,48,22,70,203
10/20/2022,MGM,AL,ASO,ES,Combined TRACON& Tower with Radar,7,22,23,22,74,0,1,49,7,57,7,23,72,29,131,82,12,94,225
10/21/2022,MGM,AL,ASO,ES,Combined TRACON& Tower with Radar,9,20,19,22,70,0,3,36,12,51,9,23,55,34,121,40,18,58,179
10/22/2022,MGM,AL,ASO,ES,Combined TRACON& Tower with Radar,4,25,22,1,52,0,3,28,2,33,4,28,50,3,85,20,4,24,109
10/23/2022,MGM,AL,ASO,ES,Combined TRACON& Tower with Radar,8,10,16,10,44,0,0,29,2,31,8,10,45,12,75,14,10,24,99
10/24/2022,MGM,AL,ASO,ES,Combined TRACON& Tower with Radar,6,17,27,26,76,0,2,33,0,35,6,19,60,26,111,30,0,30,141
10/25/2022,MGM,AL,ASO,ES,Combined TRACON& Tower with Radar,6,19,13,2,40,0,0,10,0,10,6,19,23,2,50,12,0,12,62
10/26/2022,MGM,AL,ASO,ES,Combined TRACON& Tower with Radar,6,26,20,22,74,0,4,23,13,40,6,30,43,35,114,36,15,51,165
10/27/2022,MGM,AL,ASO,ES,Combined TRACON& Tower with Radar,6,18,23,19,66,0,7,34,11,52,6,25,57,30,118,28,8,36,154
10/28/2022,MGM,AL,ASO,ES,Combined TRACON& Tower with Radar,7,15,23,31,76,0,1,23,5,29,7,16,46,36,105,44,22,66,171
10/29/2022,MGM,AL,ASO,ES,Combined TRACON& Tower with Radar,2,14,21,11,48,0,0,14,4,18,2,14,35,15,66,0,0,0,66
10/30/2022,MGM,AL,ASO,ES,Combined TRACON& Tower with Radar,6,15,20,2,43,0,0,0,0,0,6,15,20,2,43,0,0,0,43
10/31/2022,MGM,AL,ASO,ES,Combined TRACON& Tower with Radar,6,12,38,12,68,0,1,22,1,24,6,13,60,13,92,10,6,16,108
11/01/2022,MGM,AL,ASO,ES,Combined TRACON& Tower with Radar,6,15,18,18,57,0,5,36,1,42,6,20,54,19,99,26,0,26,125
11/02/2022,MGM,AL,ASO,ES,Combined TRACON& Tower with Radar,5,13,19,25,62,0,1,38,6,45,5,14,57,31,107,42,4,46,153
11/03/2022,MGM,AL,ASO,ES,Combined TRACON& Tower with Radar,7,18,37,17,79,0,0,57,7,64,7,18,94,24,143,80,33,113,256
11/04/2022,MGM,AL,ASO,ES,Combined TRACON& Tower with Radar,6,20,26,39,91,0,4,16,12,32,6,24,42,51,123,46,42,88,211
11/05/2022,MGM,AL,ASO,ES,Combined TRACON& Tower with Radar,3,19,18,21,61,0,2,8,1,11,3,21,26,22,72,14,20,34,106
11/06/2022,MGM,AL,ASO,ES,Combined TRACON& Tower with Radar,5,15,13,25,58,0,2,22,10,34,5,17,35,35,92,14,13,27,119
11/07/2022,MGM,AL,ASO,ES,Combined TRACON& Tower with Radar,5,12,24,7,48,0,4,11,3,18,5,16,35,10,66,30,1,31,97
11/08/2022,MGM,AL,ASO,ES,Combined TRACON& Tower with Radar,5,14,22,42,83,0,4,28,2,34,5,18,50,44,117,10,6,16,133
11/09/2022,MGM,AL,ASO,ES,Combined TRACON& Tower with Radar,5,22,30,19,76,0,5,26,8,39,5,27,56,27,115,46,6,52,167
11/10/2022,MGM,AL,ASO,ES,Combined TRACON& Tower with Radar,5,17,26,9,57,0,0,9,1,10,5,17,35,10,67,10,0,10,77
11/11/2022,MGM,AL,ASO,ES,Combined TRACON& Tower with Radar,5,26,15,0,46,0,0,2,0,2,5,26,17,0,48,2,0,2,50
11/12/2022,MGM,AL,ASO,ES,Combined TRACON& Tower with Radar,6,15,10,2,33,0,0,1,0,1,6,15,11,2,34,0,0,0,34
11/13/2022,MGM,AL,ASO,ES,Combined TRACON& Tower with Radar,14,9,8,0,31,0,1,16,2,19,14,10,24,2,50,0,0,0,50
11/14/2022,MGM,AL,ASO,ES,Combined TRACON& Tower with Radar,9,10,22,19,60,0,5,50,1,56,9,15,72,20,116,34,0,34,150
11/15/2022,MGM,AL,ASO,ES,Combined TRACON& Tower with Radar,12,16,13,11,52,0,1,0,0,1,12,17,13,11,53,0,0,0,53
11/16/2022,MGM,AL,ASO,ES,Combined TRACON& Tower with Radar,7,11,33,15,66,0,2,34,7,43,7,13,67,22,109,40,0,40,149
11/17/2022,MGM,AL,ASO,ES,Combined TRACON& Tower with Radar,8,15,33,26,82,0,9,34,14,57,8,24,67,40,139,62,8,70,209
11/18/2022,MGM,AL,ASO,ES,Combined TRACON& Tower with Radar,12,14,22,16,64,0,2,54,7,63,12,16,76,23,127,90,0,90,217
11/19/2022,MGM,AL,ASO,ES,Combined TRACON& Tower with Radar,10,15,16,2,43,0,0,36,2,38,10,15,52,4,81,10,0,10,91
11/20/2022,MGM,AL,ASO,ES,Combined TRACON& Tower with Radar,7,11,10,3,31,0,2,22,1,25,7,13,32,4,56,46,5,51,107
11/21/2022,MGM,AL,ASO,ES,Combined TRACON& Tower with Radar,8,18,17,9,52,0,8,34,1,43,8,26,51,10,95,96,0,96,191
11/22/2022,MGM,AL,ASO,ES,Combined TRACON& Tower with Radar,6,17,15,16,54,0,0,20,0,20,6,17,35,16,74,66,2,68,142
11/23/2022,MGM,AL,ASO,ES,Combined TRACON& Tower with Radar,9,16,5,3,33,0,3,22,1,26,9,19,27,4,59,26,0,26,85
11/24/2022,MGM,AL,ASO,ES,Combined TRACON& Tower with Radar,4,6,6,0,16,0,1,2,0,3,4,7,8,0,19,0,0,0,19
11/25/2022,MGM,AL,ASO,ES,Combined TRACON& Tower with Radar,5,7,9,0,21,0,0,0,0,0,5,7,9,0,21,0,0,0,21
11/26/2022,MGM,AL,ASO,ES,Combined TRACON& Tower with Radar,3,21,12,0,36,0,0,0,0,0,3,21,12,0,36,0,0,0,36
11/27/2022,MGM,AL,ASO,ES,Combined TRACON& Tower with Radar,7,16,15,0,38,0,1,14,0,15,7,17,29,0,53,0,0,0,53
11/28/2022,MGM,AL,ASO,ES,Combined TRACON& Tower with Radar,8,12,16,23,59,0,6,18,0,24,8,18,34,23,83,40,0,40,123
11/29/2022,MGM,AL,ASO,ES,Combined TRACON& Tower with Radar,5,16,20,15,56,0,1,15,2,18,5,17,35,17,74,28,0,28,102
11/30/2022,MGM,AL,ASO,ES,Combined TRACON& Tower with Radar,5,22,17,4,48,0,4,7,1,12,5,26,24,5,60,17,0,17,77
12/01/2022,MGM,AL,ASO,ES,Combined TRACON& Tower with Radar,8,16,26,23,73,0,7,35,17,59,8,23,61,40,132,84,30,114,246
12/02/2022,MGM,AL,ASO,ES,Combined TRACON& Tower with Radar,7,18,17,9,51,0,4,22,6,32,7,22,39,15,83,10,3,13,96
12/03/2022,MGM,AL,ASO,ES,Combined TRACON& Tower with Radar,6,10,14,5,35,0,0,3,1,4,6,10,17,6,39,12,0,12,51
12/04/2022,MGM,AL,ASO,ES,Combined TRACON& Tower with Radar,11,17,14,0,42,0,0,4,3,7,11,17,18,3,49,16,16,32,81
12/05/2022,MGM,AL,ASO,ES,Combined TRACON& Tower with Radar,8,15,29,9,61,0,1,12,2,15,8,16,41,11,76,56,4,60,136
12/06/2022,MGM,AL,ASO,ES,Combined TRACON& Tower with Radar,7,16,34,16,73,0,4,16,6,26,7,20,50,22,99,10,2,12,111
12/07/2022,MGM,AL,ASO,ES,Combined TRACON& Tower with Radar,7,18,45,28,98,0,1,23,20,44,7,19,68,48,142,52,1,53,195
12/08/2022,MGM,AL,ASO,ES,Combined TRACON& Tower with Radar,6,17,26,17,66,0,1,23,5,29,6,18,49,22,95,16,3,19,114
12/09/2022,MGM,AL,ASO,ES,Combined TRACON& Tower with Radar,6,17,25,17,65,0,3,19,5,27,6,20,44,22,92,14,0,14,106
12/10/2022,MGM,AL,ASO,ES,Combined TRACON& Tower with Radar,5,11,13,10,39,0,3,8,0,11,5,14,21,10,50,52,0,52,102
12/11/2022,MGM,AL,ASO,ES,Combined TRACON& Tower with Radar,5,13,17,4,39,0,0,0,0,0,5,13,17,4,39,0,0,0,39
12/12/2022,MGM,AL,ASO,ES,Combined TRACON& Tower with Radar,5,19,50,20,94,0,0,1,0,1,5,19,51,20,95,0,0,0,95
12/13/2022,MGM,AL,ASO,ES,Combined TRACON& Tower with Radar,7,14,25,25,71,0,0,0,3,3,7,14,25,28,74,30,14,44,118
12/14/2022,MGM,AL,ASO,ES,Combined TRACON& Tower with Radar,6,11,11,4,32,0,0,0,0,0,6,11,11,4,32,0,0,0,32
12/15/2022,MGM,AL,ASO,ES,Combined TRACON& Tower with Radar,6,19,50,12,87,0,4,42,5,51,6,23,92,17,138,78,0,78,216
12/16/2022,MGM,AL,ASO,ES,Combined TRACON& Tower with Radar,6,14,18,8,46,0,1,30,10,41,6,15,48,18,87,32,18,50,137
12/17/2022,MGM,AL,ASO,ES,Combined TRACON& Tower with Radar,6,8,12,0,26,0,0,22,0,22,6,8,34,0,48,10,0,10,58
12/18/2022,MGM,AL,ASO,ES,Combined TRACON& Tower with Radar,10,11,10,1,32,0,1,24,3,28,10,12,34,4,60,20,0,20,80
12/19/2022,MGM,AL,ASO,ES,Combined TRACON& Tower with Radar,5,12,20,11,48,0,0,28,6,34,5,12,48,17,82,26,8,34,116
12/20/2022,MGM,AL,ASO,ES,Combined TRACON& Tower with Radar,7,9,25,3,44,0,0,0,0,0,7,9,25,3,44,0,0,0,44
12/21/2022,MGM,AL,ASO,ES,Combined TRACON& Tower with Radar,5,12,17,9,43,0,0,0,1,1,5,12,17,10,44,0,0,0,44
12/22/2022,MGM,AL,ASO,ES,Combined TRACON& Tower with Radar,5,12,16,0,33,0,1,0,0,1,5,13,16,0,34,0,0,0,34
12/23/2022,MGM,AL,ASO,ES,Combined TRACON& Tower with Radar,6,12,4,0,22,0,5,2,2,9,6,17,6,2,31,0,0,0,31
12/24/2022,MGM,AL,ASO,ES,Combined TRACON& Tower with Radar,4,8,5,0,17,0,0,3,0,3,4,8,8,0,20,0,0,0,20
12/25/2022,MGM,AL,ASO,ES,Combined TRACON& Tower with Radar,4,10,1,0,15,0,0,1,0,1,4,10,2,0,16,0,0,0,16
12/26/2022,MGM,AL,ASO,ES,Combined TRACON& Tower with Radar,5,12,11,0,28,0,0,10,0,10,5,12,21,0,38,0,0,0,38
12/27/2022,MGM,AL,ASO,ES,Combined TRACON& Tower with Radar,9,10,31,0,50,0,10,44,0,54,9,20,75,0,104,86,0,86,190
12/28/2022,MGM,AL,ASO,ES,Combined TRACON& Tower with Radar,3,17,12,2,34,0,3,32,3,38,3,20,44,5,72,24,14,38,110
12/29/2022,MGM,AL,ASO,ES,Combined TRACON& Tower with Radar,5,11,16,9,41,0,8,17,4,29,5,19,33,13,70,32,8,40,110
12/30/2022,MGM,AL,ASO,ES,Combined TRACON& Tower with Radar,3,8,11,0,22,0,0,9,0,9,3,8,20,0,31,0,0,0,31
12/31/2022,MGM,AL,ASO,ES,Combined TRACON& Tower with Radar,2,9,12,0,23,0,0,0,0,0,2,9,12,0,23,0,0,0,23
01/01/2023,MGM,AL,ASO,ES,Combined TRACON& Tower with Radar,4,11,11,0,26,0,0,11,0,11,4,11,22,0,37,24,0,24,61
01/02/2023,MGM,AL,ASO,ES,Combined TRACON& Tower with Radar,7,15,22,0,44,0,0,0,0,0,7,15,22,0,44,26,0,26,70
01/03/2023,MGM,AL,ASO,ES,Combined TRACON& Tower with Radar,5,13,5,0,23,0,4,0,0,4,5,17,5,0,27,0,0,0,27
01/04/2023,MGM,AL,ASO,ES,Combined TRACON& Tower with Radar,7,13,16,14,50,0,2,26,2,30,7,15,42,16,80,6,0,6,86
01/05/2023,MGM,AL,ASO,ES,Combined TRACON& Tower with Radar,6,13,23,29,71,0,3,38,13,54,6,16,61,42,125,4,26,30,155
01/06/2023,MGM,AL,ASO,ES,Combined TRACON& Tower with Radar,6,13,26,27,72,0,2,53,11,66,6,15,79,38,138,40,10,50,188
01/07/2023,MGM,AL,ASO,ES,Combined TRACON& Tower with Radar,4,15,9,2,30,0,2,44,11,57,4,17,53,13,87,44,4,48,135
01/08/2023,MGM,AL,ASO,ES,Combined TRACON& Tower with Radar,6,18,4,0,28,0,1,4,2,7,6,19,8,2,35,0,24,24,59
01/09/2023,MGM,AL,ASO,ES,Combined TRACON& Tower with Radar,6,13,23,9,51,0,1,23,1,25,6,14,46,10,76,54,0,54,130
01/10/2023,MGM,AL,ASO,ES,Combined TRACON& Tower with Radar,9,8,37,12,66,0,1,39,1,41,9,9,76,13,107,62,0,62,169
01/11/2023,MGM,AL,ASO,ES,Combined TRACON& Tower with Radar,3,13,28,29,73,0,3,9,1,13,3,16,37,30,86,24,0,24,110
01/12/2023,MGM,AL,ASO,ES,Combined TRACON& Tower with Radar,5,14,12,26,57,0,2,1,0,3,5,16,13,26,60,0,4,4,64
01/13/2023,MGM,AL,ASO,ES,Combined TRACON& Tower with Radar,2,13,12,2,29,0,6,3,0,9,2,19,15,2,38,6,0,6,44
01/14/2023,MGM,AL,ASO,ES,Combined TRACON& Tower with Radar,4,10,13,6,33,0,0,31,2,33,4,10,44,8,66,14,0,14,80
01/15/2023,MGM,AL,ASO,ES,Combined TRACON& Tower with Radar,5,14,24,1,44,0,4,51,5,60,5,18,75,6,104,50,0,50,154
01/16/2023,MGM,AL,ASO,ES,Combined TRACON& Tower with Radar,5,17,23,5,50,0,4,34,18,56,5,21,57,23,106,70,25,95,201
01/17/2023,MGM,AL,ASO,ES,Combined TRACON& Tower with Radar,6,12,18,8,44,0,0,1,0,1,6,12,19,8,45,18,0,18,63
01/18/2023,MGM,AL,ASO,ES,Combined TRACON& Tower with Radar,5,16,33,7,61,0,2,7,0,9,5,18,40,7,70,6,0,6,76
01/19/2023,MGM,AL,ASO,ES,Combined TRACON& Tower with Radar,6,17,33,16,72,0,3,24,6,33,6,20,57,22,105,48,8,56,161
01/20/2023,MGM,AL,ASO,ES,Combined TRACON& Tower with Radar,6,13,32,40,91,0,3,36,8,47,6,16,68,48,138,52,2,54,192
01/21/2023,MGM,AL,ASO,ES,Combined TRACON& Tower with Radar,5,11,6,5,27,0,0,18,5,23,5,11,24,10,50,15,11,26,76
01/22/2023,MGM,AL,ASO,ES,Combined TRACON& Tower with Radar,6,8,5,22,41,0,0,0,0,0,6,8,5,22,41,0,0,0,41
01/23/2023,MGM,AL,ASO,ES,Combined TRACON& Tower with Radar,9,11,18,9,47,0,4,31,5,40,9,15,49,14,87,76,0,76,163
01/24/2023,MGM,AL,ASO,ES,Combined TRACON& Tower with Radar,5,15,23,18,61,0,1,39,1,41,5,16,62,19,102,24,0,24,126
01/25/2023,MGM,AL,ASO,ES,Combined TRACON& Tower with Radar,8,12,18,41,79,0,4,10,3,17,8,16,28,44,96,26,6,32,128
01/26/2023,MGM,AL,ASO,ES,Combined TRACON& Tower with Radar,6,22,38,22,88,0,3,26,3,32,6,25,64,25,120,0,13,13,133
01/27/2023,MGM,AL,ASO,ES,Combined TRACON& Tower with Radar,6,14,38,24,82,0,4,51,10,65,6,18,89,34,147,26,7,33,180
01/28/2023,MGM,AL,ASO,ES,Combined TRACON& Tower with Radar,4,12,20,11,47,0,1,34,0,35,4,13,54,11,82,20,12,32,114
01/29/2023,MGM,AL,ASO,ES,Combined TRACON& Tower with Radar,5,16,10,2,33,0,0,3,0,3,5,16,13,2,36,0,0,0,36
01/30/2023,MGM,AL,ASO,ES,Combined TRACON& Tower with Radar,4,8,24,5,41,0,0,0,0,0,4,8,24,5,41,0,0,0,41
01/31/2023,MGM,AL,ASO,ES,Combined TRACON& Tower with Radar,2,12,6,4,24,0,0,0,2,2,2,12,6,6,26,0,0,0,26
02/01/2023,MGM,AL,ASO,ES,Combined TRACON& Tower with Radar,4,8,13,9,34,0,9,0,0,9,4,17,13,9,43,0,0,0,43
02/02/2023,MGM,AL,ASO,ES,Combined TRACON& Tower with Radar,8,5,9,2,24,0,0,0,0,0,8,5,9,2,24,0,0,0,24
02/03/2023,MGM,AL,ASO,ES,Combined TRACON& Tower with Radar,12,10,24,20,66,0,3,30,11,44,12,13,54,31,110,42,22,64,174
02/04/2023,MGM,AL,ASO,ES,Combined TRACON& Tower with Radar,6,14,20,3,43,0,1,51,9,61,6,15,71,12,104,66,26,92,196
02/05/2023,MGM,AL,ASO,ES,Combined TRACON& Tower with Radar,8,13,8,5,34,0,1,33,2,36,8,14,41,7,70,58,7,65,135
02/06/2023,MGM,AL,ASO,ES,Combined TRACON& Tower with Radar,13,5,21,4,43,0,10,25,0,35,13,15,46,4,78,40,0,40,118
02/07/2023,MGM,AL,ASO,ES,Combined TRACON& Tower with Radar,15,7,24,21,67,0,0,31,2,33,15,7,55,23,100,16,0,16,116
02/08/2023,MGM,AL,ASO,ES,Combined TRACON& Tower with Radar,13,10,30,24,77,0,3,25,2,30,13,13,55,26,107,0,1,1,108
02/09/2023,MGM,AL,ASO,ES,Combined TRACON& Tower with Radar,13,10,20,11,54,0,0,7,0,7,13,10,27,11,61,0,0,0,61
02/10/2023,MGM,AL,ASO,ES,Combined TRACON& Tower with Radar,13,15,26,7,61,0,4,20,6,30,13,19,46,13,91,6,4,10,101
02/11/2023,MGM,AL,ASO,ES,Combined TRACON& Tower with Radar,10,7,4,0,21,0,0,1,1,2,10,7,5,1,23,0,0,0,23
02/12/2023,MGM,AL,ASO,ES,Combined TRACON& Tower with Radar,16,6,8,2,32,0,0,12,0,12,16,6,20,2,44,4,0,4,48
02/13/2023,MGM,AL,ASO,ES,Combined TRACON& Tower with Radar,15,6,15,6,42,0,1,42,0,43,15,7,57,6,85,32,0,32,117
02/14/2023,MGM,AL,ASO,ES,Combined TRACON& Tower with Radar,13,9,23,5,50,0,5,33,2,40,13,14,56,7,90,74,0,74,164
02/15/2023,MGM,AL,ASO,ES,Combined TRACON& Tower with Radar,13,6,18,33,70,0,7,24,7,38,13,13,42,40,108,30,18,48,156
02/16/2023,MGM,AL,ASO,ES,Combined TRACON& Tower with Radar,11,10,16,16,53,0,0,1,2,3,11,10,17,18,56,10,0,10,66
02/17/2023,MGM,AL,ASO,ES,Combined TRACON& Tower with Radar,14,7,20,15,56,0,2,10,2,14,14,9,30,17,70,16,0,16,86
02/18/2023,MGM,AL,ASO,ES,Combined TRACON& Tower with Radar,12,6,21,0,39,0,3,40,4,47,12,9,61,4,86,54,0,54,140
02/19/2023,MGM,AL,ASO,ES,Combined TRACON& Tower with Radar,14,5,12,7,38,0,0,24,6,30,14,5,36,13,68,24,0,24,92
02/20/2023,MGM,AL,ASO,ES,Combined TRACON& Tower with Radar,19,5,35,0,59,0,0,16,0,16,19,5,51,0,75,40,0,40,115
02/21/2023,MGM,AL,ASO,ES,Combined TRACON& Tower with Radar,16,12,25,10,63,0,2,8,0,10,16,14,33,10,73,14,0,14,87
02/22/2023,MGM,AL,ASO,ES,Combined TRACON& Tower with Radar,15,7,20,14,56,0,0,6,2,8,15,7,26,16,64,6,0,6,70
02/23/2023,MGM,AL,ASO,ES,Combined TRACON& Tower with Radar,15,11,26,36,88,0,3,20,6,29,15,14,46,42,117,44,18,62,179
02/24/2023,MGM,AL,ASO,ES,Combined TRACON& Tower with Radar,14,12,25,49,100,0,15,8,9,32,14,27,33,58,132,28,0,28,160
02/25/2023,MGM,AL,ASO,ES,Combined TRACON& Tower with Radar,13,9,26,9,57,0,5,5,1,11,13,14,31,10,68,4,6,10,78
02/26/2023,MGM,AL,ASO,ES,Combined TRACON& Tower with Radar,17,9,16,2,44,0,2,18,0,20,17,11,34,2,64,6,0,6,70
02/27/2023,MGM,AL,ASO,ES,Combined TRACON& Tower with Radar,16,13,15,11,55,0,2,13,0,15,16,15,28,11,70,12,0,12,82
02/28/2023,MGM,AL,ASO,ES,Combined TRACON& Tower with Radar,15,11,50,16,92,0,3,32,2,37,15,14,82,18,129,66,6,72,201
03/01/2023,MGM,AL,ASO,ES,Combined TRACON& Tower with Radar,16,18,32,4,70,0,4,9,1,14,16,22,41,5,84,54,0,54,138
03/02/2023,MGM,AL,ASO,ES,Combined TRACON& Tower with Radar,16,6,23,11,56,0,4,13,4,21,16,10,36,15,77,48,2,50,127
03/03/2023,MGM,AL,ASO,ES,Combined TRACON& Tower with Radar,17,8,13,2,40,0,5,11,4,20,17,13,24,6,60,0,3,3,63
03/04/2023,MGM,AL,ASO,ES,Combined TRACON& Tower with Radar,10,10,17,7,44,0,6,52,6,64,10,16,69,13,108,72,2,74,182
03/05/2023,MGM,AL,ASO,ES,Combined TRACON& Tower with Radar,16,10,8,6,40,0,1,26,3,30,16,11,34,9,70,38,0,38,108
03/06/2023,MGM,AL,ASO,ES,Combined TRACON& Tower with Radar,13,7,20,22,62,0,10,40,8,58,13,17,60,30,120,82,2,84,204
03/07/2023,MGM,AL,ASO,ES,Combined TRACON& Tower with Radar,14,11,42,22,89,0,3,17,1,21,14,14,59,23,110,56,0,56,166
03/08/2023,MGM,AL,ASO,ES,Combined TRACON& Tower with Radar,14,13,36,18,81,0,3,25,3,31,14,16,61,21,112,48,0,48,160
03/09/2023,MGM,AL,ASO,ES,Combined TRACON& Tower with Radar,14,6,23,19,62,0,6,13,5,24,14,12,36,24,86,52,11,63,149
03/10/2023,MGM,AL,ASO,ES,Combined TRACON& Tower with Radar,14,6,23,16,59,0,2,8,4,14,14,8,31,20,73,8,10,18,91
03/11/2023,MGM,AL,ASO,ES,Combined TRACON& Tower with Radar,10,8,19,5,42,0,4,33,1,38,10,12,52,6,80,52,6,58,138
03/12/2023,MGM,AL,ASO,ES,Combined TRACON& Tower with Radar,14,5,10,3,32,0,0,1,0,1,14,5,11,3,33,0,0,0,33
03/13/2023,MGM,AL,ASO,ES,Combined TRACON& Tower with Radar,14,9,22,13,58,0,6,54,0,60,14,15,76,13,118,22,0,22,140
03/14/2023,MGM,AL,ASO,ES,Combined TRACON& Tower with Radar,14,9,26,11,60,0,2,30,3,35,14,11,56,14,95,42,0,42,137
03/15/2023,MGM,AL,ASO,ES,Combined TRACON& Tower with Radar,14,16,64,20,114,0,9,53,8,70,14,25,117,28,184,71,0,71,255
03/16/2023,MGM,AL,ASO,ES,Combined TRACON& Tower with Radar,16,14,25,10,65,0,6,42,5,53,16,20,67,15,118,86,10,96,214
03/17/2023,MGM,AL,ASO,ES,Combined TRACON& Tower with Radar,14,11,18,4,47,0,0,0,0,0,14,11,18,4,47,0,16,16,63
03/18/2023,MGM,AL,ASO,ES,Combined TRACON& Tower with Radar,10,7,13,7,37,0,2,14,0,16,10,9,27,7,53,0,0,0,53
03/19/2023,MGM,AL,ASO,ES,Combined TRACON& Tower with Radar,15,9,14,0,38,0,0,25,0,25,15,9,39,0,63,4,0,4,67
03/20/2023,MGM,AL,ASO,ES,Combined TRACON& Tower with Radar,15,6,30,9,60,0,5,57,0,62,15,11,87,9,122,94,0,94,216
03/21/2023,MGM,AL,ASO,ES,Combined TRACON& Tower with Radar,14,4,46,10,74,0,5,30,4,39,14,9,76,14,113,124,0,124,237
03/22/2023,MGM,AL,ASO,ES,Combined TRACON& Tower with Radar,14,8,30,7,59,0,2,24,4,30,14,10,54,11,89,24,0,24,113
03/23/2023,MGM,AL,ASO,ES,Combined TRACON& Tower with Radar,14,11,36,11,72,0,5,49,4,58,14,16,85,15,130,52,12,64,194
03/24/2023,MGM,AL,ASO,ES,Combined TRACON& Tower with Radar,13,9,26,13,61,0,2,40,2,44,13,11,66,15,105,48,0,48,153
03/25/2023,MGM,AL,ASO,ES,Combined TRACON& Tower with Radar,10,8,25,0,43,0,2,20,2,24,10,10,45,2,67,12,0,12,79
03/26/2023,MGM,AL,ASO,ES,Combined TRACON& Tower with Radar,11,10,3,0,24,0,0,7,0,7,11,10,10,0,31,0,0,0,31
03/27/2023,MGM,AL,ASO,ES,Combined TRACON& Tower with Radar,15,16,30,0,61,0,5,16,2,23,15,21,46,2,84,0,0,0,84
03/28/2023,MGM,AL,ASO,ES,Combined TRACON& Tower with Radar,14,13,41,7,75,0,2,15,9,26,14,15,56,16,101,22,12,34,135
03/29/2023,MGM,AL,ASO,ES,Combined TRACON& Tower with Radar,17,11,40,15,83,0,2,51,2,55,17,13,91,17,138,46,0,46,184
03/30/2023,MGM,AL,ASO,ES,Combined TRACON& Tower with Radar,18,12,18,7,55,0,3,34,2,39,18,15,52,9,94,16,0,16,110
03/31/2023,MGM,AL,ASO,ES,Combined TRACON& Tower with Radar,14,6,16,13,49,0,3,30,7,40,14,9,46,20,89,48,0,48,137
04/01/2023,MGM,AL,ASO,ES,Combined TRACON& Tower with Radar,10,4,13,2,29,0,0,8,9,17,10,4,21,11,46,0,0,0,46
04/02/2023,MGM,AL,ASO,ES,Combined TRACON& Tower with Radar,10,11,21,2,44,0,4,34,8,46,10,15,55,10,90,68,16,84,174
04/03/2023,MGM,AL,ASO,ES,Combined TRACON& Tower with Radar,15,6,16,4,41,0,0,4,0,4,15,6,20,4,45,0,14,14,59
04/04/2023,MGM,AL,ASO,ES,Combined TRACON& Tower with Radar,14,6,35,39,94,0,2,18,6,26,14,8,53,45,120,62,40,102,222
04/05/2023,MGM,AL,ASO,ES,Combined TRACON& Tower with Radar,14,9,43,20,86,0,1,63,0,64,14,10,106,20,150,44,0,44,194
04/06/2023,MGM,AL,ASO,ES,Combined TRACON& Tower with Radar,12,6,40,28,86,0,2,19,2,23,12,8,59,30,109,54,4,58,167
04/07/2023,MGM,AL,ASO,ES,Combined TRACON& Tower with Radar,14,7,16,14,51,0,2,17,0,19,14,9,33,14,70,24,0,24,94
04/08/2023,MGM,AL,ASO,ES,Combined TRACON& Tower with Radar,11,4,6,0,21,0,0,0,0,0,11,4,6,0,21,0,0,0,21
04/09/2023,MGM,AL,ASO,ES,Combined TRACON& Tower with Radar,13,4,14,2,33,0,1,10,1,12,13,5,24,3,45,22,0,22,67
04/10/2023,MGM,AL,ASO,ES,Combined TRACON& Tower with Radar,13,10,34,31,88,0,2,37,4,43,13,12,71,35,131,12,16,28,159
04/11/2023,MGM,AL,ASO,ES,Combined TRACON& Tower with Radar,14,7,30,24,75,0,10,65,0,75,14,17,95,24,150,28,0,28,178
04/12/2023,MGM,AL,ASO,ES,Combined TRACON& Tower with Radar,13,13,60,66,152,0,4,54,5,63,13,17,114,71,215,90,52,142,357
04/13/2023,MGM,AL,ASO,ES,Combined TRACON& Tower with Radar,13,9,25,16,63,0,0,0,1,1,13,9,25,17,64,0,0,0,64
04/14/2023,MGM,AL,ASO,ES,Combined TRACON& Tower with Radar,14,8,31,28,81,0,1,45,7,53,14,9,76,35,134,94,20,114,248
04/15/2023,MGM,AL,ASO,ES,Combined TRACON& Tower with Radar,11,7,18,5,41,0,0,31,3,34,11,7,49,8,75,32,14,46,121
04/16/2023,MGM,AL,ASO,ES,Combined TRACON& Tower with Radar,13,11,19,18,61,0,3,10,10,23,13,14,29,28,84,6,16,22,106
04/17/2023,MGM,AL,ASO,ES,Combined TRACON& Tower with Radar,14,8,25,26,73,0,3,41,1,45,14,11,66,27,118,72,0,72,190
04/18/2023,MGM,AL,ASO,ES,Combined TRACON& Tower with Radar,15,6,34,15,70,0,1,51,1,53,15,7,85,16,123,72,4,76,199
04/19/2023,MGM,AL,ASO,ES,Combined TRACON& Tower with Radar,14,8,38,29,89,0,2,49,0,51,14,10,87,29,140,48,0,48,188
04/20/2023,MGM,AL,ASO,ES,Combined TRACON& Tower with Radar,14,9,41,17,81,0,4,51,8,63,14,13,92,25,144,22,4,26,170
04/21/2023,MGM,AL,ASO,ES,Combined TRACON& Tower with Radar,13,9,32,30,84,0,2,49,4,55,13,11,81,34,139,84,14,98,237
04/22/2023,MGM,AL,ASO,ES,Combined TRACON& Tower with Radar,10,9,7,2,28,0,0,19,0,19,10,9,26,2,47,0,0,0,47
04/23/2023,MGM,AL,ASO,ES,Combined TRACON& Tower with Radar,16,10,13,4,43,0,4,33,0,37,16,14,46,4,80,20,0,20,100
04/24/2023,MGM,AL,ASO,ES,Combined TRACON& Tower with Radar,14,6,21,8,49,0,9,23,2,34,14,15,44,10,83,12,4,16,99
04/25/2023,MGM,AL,ASO,ES,Combined TRACON& Tower with Radar,14,9,30,13,66,0,11,56,5,72,14,20,86,18,138,96,8,104,242
04/26/2023,MGM,AL,ASO,ES,Combined TRACON& Tower with Radar,14,10,21,8,53,0,2,9,3,14,14,12,30,11,67,52,2,54,121
04/27/2023,MGM,AL,ASO,ES,Combined TRACON& Tower with Radar,16,8,23,6,53,0,0,1,0,1,16,8,24,6,54,2,0,2,56
04/28/2023,MGM,AL,ASO,ES,Combined TRACON& Tower with Radar,14,4,42,28,88,0,3,22,1,26,14,7,64,29,114,20,1,21,135
04/29/2023,MGM,AL,ASO,ES,Combined TRACON& Tower with Radar,9,6,11,0,26,0,9,25,1,35,9,15,36,1,61,20,1,21,82
04/30/2023,MGM,AL,ASO,ES,Combined TRACON& Tower with Radar,14,12,5,4,35,0,4,14,4,22,14,16,19,8,57,8,2,10,67
05/01/2023,MGM,AL,ASO,ES,Combined TRACON& Tower with Radar,14,10,18,33,75,0,2,32,1,35,14,12,50,34,110,88,6,94,204
05/02/2023,MGM,AL,ASO,ES,Combined TRACON& Tower with Radar,13,6,27,28,74,0,2,42,2,46,13,8,69,30,120,38,22,60,180
05/03/2023,MGM,AL,ASO,ES,Combined TRACON& Tower with Radar,16,7,37,15,75,0,3,48,7,58,16,10,85,22,133,82,28,110,243
05/04/2023,MGM,AL,ASO,ES,Combined TRACON& Tower with Radar,14,9,41,13,77,0,4,57,1,62,14,13,98,14,139,122,8,130,269
05/05/2023,MGM,AL,ASO,ES,Combined TRACON& Tower with Radar,13,14,28,10,65,0,4,22,0,26,13,18,50,10,91,122,28,150,241
05/06/2023,MGM,AL,ASO,ES,Combined TRACON& Tower with Radar,9,8,11,12,40,0,4,23,2,29,9,12,34,14,69,63,14,77,146
05/07/2023,MGM,AL,ASO,ES,Combined TRACON& Tower with Radar,14,11,12,15,52,0,0,13,3,16,14,11,25,18,68,4,16,20,88
05/08/2023,MGM,AL,ASO,ES,Combined TRACON& Tower with Radar,13,8,32,9,62,0,4,6,1,11,13,12,38,10,73,18,0,18,91
05/09/2023,MGM,AL,ASO,ES,Combined TRACON& Tower with Radar,14,9,40,12,75,0,2,9,5,16,14,11,49,17,91,14,14,28,119
05/10/2023,MGM,AL,ASO,ES,Combined TRACON& Tower with Radar,13,12,33,22,80,0,6,28,3,37,13,18,61,25,117,54,0,54,171
05/11/2023,MGM,AL,ASO,ES,Combined TRACON& Tower with Radar,13,11,29,15,68,0,0,14,2,16,13,11,43,17,84,32,10,42,126
05/12/2023,MGM,AL,ASO,ES,Combined TRACON& Tower with Radar,14,9,18,10,51,0,3,16,3,22,14,12,34,13,73,36,4,40,113
05/13/2023,MGM,AL,ASO,ES,Combined TRACON& Tower with Radar,13,6,17,0,36,0,1,28,2,31,13,7,45,2,67,29,0,29,96
05/14/2023,MGM,AL,ASO,ES,Combined TRACON& Tower with Radar,14,9,11,0,34,0,4,14,3,21,14,13,25,3,55,24,6,30,85
05/15/2023,MGM,AL,ASO,ES,Combined TRACON& Tower with Radar,13,12,29,13,67,0,4,25,0,29,13,16,54,13,96,112,2,114,210
05/16/2023,MGM,AL,ASO,ES,Combined TRACON& Tower with Radar,13,6,24,10,53,0,1,8,0,9,13,7,32,10,62,6,8,14,76
05/17/2023,MGM,AL,ASO,ES,Combined TRACON& Tower with Radar,15,7,35,16,73,0,0,4,1,5,15,7,39,17,78,36,4,40,118
05/18/2023,MGM,AL,ASO,ES,Combined TRACON& Tower with Radar,15,10,35,11,71,0,2,20,0,22,15,12,55,11,93,12,8,20,113
05/19/2023,MGM,AL,ASO,ES,Combined TRACON& Tower with Radar,16,6,38,27,87,0,1,4,11,16,16,7,42,38,103,34,42,76,179
05/20/2023,MGM,AL,ASO,ES,Combined TRACON& Tower with Radar,9,6,6,14,35,0,0,13,9,22,9,6,19,23,57,48,0,48,105
05/21/2023,MGM,AL,ASO,ES,Combined TRACON& Tower with Radar,13,8,16,16,53,0,1,8,4,13,13,9,24,20,66,40,4,44,110
05/22/2023,MGM,AL,ASO,ES,Combined TRACON& Tower with Radar,14,7,24,10,55,0,2,3,0,5,14,9,27,10,60,60,0,60,120
05/23/2023,MGM,AL,ASO,ES,Combined TRACON& Tower with Radar,16,6,23,16,61,0,0,0,0,0,16,6,23,16,61,26,0,26,87
05/24/2023,MGM,AL,ASO,ES,Combined TRACON& Tower with Radar,16,11,42,13,82,0,2,22,10,34,16,13,64,23,116,24,4,28,144
05/25/2023,MGM,AL,ASO,ES,Combined TRACON& Tower with Radar,17,7,35,30,89,0,10,45,7,62,17,17,80,37,151,74,8,82,233
05/26/2023,MGM,AL,ASO,ES,Combined TRACON& Tower with Radar,14,9,26,22,71,0,4,38,1,43,14,13,64,23,114,36,0,36,150
05/27/2023,MGM,AL,ASO,ES,Combined TRACON& Tower with Radar,10,11,10,2,33,0,15,27,4,46,10,26,37,6,79,8,0,8,87
05/28/2023,MGM,AL,ASO,ES,Combined TRACON& Tower with Radar,12,9,9,2,32,0,8,4,0,12,12,17,13,2,44,0,0,0,44
05/29/2023,MGM,AL,ASO,ES,Combined TRACON& Tower with Radar,13,4,11,0,28,0,8,37,0,45,13,12,48,0,73,62,0,62,135
05/30/2023,MGM,AL,ASO,ES,Combined TRACON& Tower with Radar,13,8,33,29,83,0,7,65,15,87,13,15,98,44,170,40,32,72,242
05/31/2023,MGM,AL,ASO,ES,Combined TRACON& Tower with Radar,14,4,18,30,66,0,13,38,6,57,14,17,56,36,123,64,28,92,215
06/01/2023,MGM,AL,ASO,ES,Combined TRACON& Tower with Radar,14,9,38,46,107,0,7,44,10,61,14,16,82,56,168,64,62,126,294
06/02/2023,MGM,AL,ASO,ES,Combined TRACON& Tower with Radar,14,7,19,21,61,0,7,43,3,53,14,14,62,24,114,68,0,68,182
06/03/2023,MGM,AL,ASO,ES,Combined TRACON& Tower with Radar,9,6,12,2,29,0,11,37,12,60,9,17,49,14,89,64,18,82,171
06/04/2023,MGM,AL,ASO,ES,Combined TRACON& Tower with Radar,14,11,19,14,58,0,0,23,6,29,14,11,42,20,87,26,1,27,114
06/05/2023,MGM,AL,ASO,ES,Combined TRACON& Tower with Radar,14,15,26,36,91,0,7,38,1,46,14,22,64,37,137,58,0,58,195
06/06/2023,MGM,AL,ASO,ES,Combined TRACON& Tower with Radar,13,7,16,38,74,0,4,41,9,54,13,11,57,47,128,90,10,100,228
06/07/2023,MGM,AL,ASO,ES,Combined TRACON& Tower with Radar,13,11,25,54,103,0,6,36,3,45,13,17,61,57,148,48,16,64,212
06/08/2023,MGM,AL,ASO,ES,Combined TRACON& Tower with Radar,13,8,34,26,81,0,5,54,2,61,13,13,88,28,142,28,16,44,186
06/09/2023,MGM,AL,ASO,ES,Combined TRACON& Tower with Radar,14,10,35,32,91,0,6,57,18,81,14,16,92,50,172,78,0,78,250
06/10/2023,MGM,AL,ASO,ES,Combined TRACON& Tower with Radar,8,7,16,0,31,0,2,21,0,23,8,9,37,0,54,18,0,18,72
06/11/2023,MGM,AL,ASO,ES,Combined TRACON& Tower with Radar,11,6,16,17,50,0,0,6,0,6,11,6,22,17,56,26,0,26,82
06/12/2023,MGM,AL,ASO,ES,Combined TRACON& Tower with Radar,13,4,43,23,83,0,7,24,0,31,13,11,67,23,114,70,0,70,184
06/13/2023,MGM,AL,ASO,ES,Combined TRACON& Tower with Radar,13,5,41,13,72,0,6,31,2,39,13,11,72,15,111,60,0,60,171
06/14/2023,MGM,AL,ASO,ES,Combined TRACON& Tower with Radar,13,5,13,4,35,0,0,0,1,1,13,5,13,5,36,0,4,4,40
06/15/2023,MGM,AL,ASO,ES,Combined TRACON& Tower with Radar,13,7,11,2,33,0,0,2,0,2,13,7,13,2,35,0,0,0,35
06/16/2023,MGM,AL,ASO,ES,Combined TRACON& Tower with Radar,13,6,30,25,74,0,1,21,4,26,13,7,51,29,100,16,2,18,118
06/17/2023,MGM,AL,ASO,ES,Combined TRACON& Tower with Radar,10,8,14,0,32,0,8,27,2,37,10,16,41,2,69,52,0,52,121
06/18/2023,MGM,AL,ASO,ES,Combined TRACON& Tower with Radar,16,4,16,0,36,0,2,4,3,9,16,6,20,3,45,32,4,36,81
06/19/2023,MGM,AL,ASO,ES,Combined TRACON& Tower with Radar,12,9,27,5,53,0,2,8,6,16,12,11,35,11,69,26,3,29,98
06/20/2023,MGM,AL,ASO,ES,Combined TRACON& Tower with Radar,14,10,33,58,115,0,4,28,12,44,14,14,61,70,159,28,12,40,199
06/21/2023,MGM,AL,ASO,ES,Combined TRACON& Tower with Radar,14,5,20,14,53,0,0,2,6,8,14,5,22,20,61,24,48,72,133
06/22/2023,MGM,AL,ASO,ES,Combined TRACON& Tower with Radar,14,11,31,47,103,0,5,13,25,43,14,16,44,72,146,26,46,72,218
06/23/2023,MGM,AL,ASO,ES,Combined TRACON& Tower with Radar,14,7,37,24,82,0,7,46,22,75,14,14,83,46,157,82,14,96,253
06/24/2023,MGM,AL,ASO,ES,Combined TRACON& Tower with Radar,10,5,19,6,40,0,7,37,11,55,10,12,56,17,95,52,7,59,154
06/25/2023,MGM,AL,ASO,ES,Combined TRACON& Tower with Radar,12,6,27,9,54,0,1,14,7,22,12,7,41,16,76,6,0,6,82
06/26/2023,MGM,AL,ASO,ES,Combined TRACON& Tower with Radar,15,5,29,39,88,0,5,20,9,34,15,10,49,48,122,48,37,85,207
06/27/2023,MGM,AL,ASO,ES,Combined TRACON& Tower with Radar,15,6,39,21,81,0,6,58,20,84,15,12,97,41,165,66,13,79,244
06/28/2023,MGM,AL,ASO,ES,Combined TRACON& Tower with Radar,16,5,42,53,116,0,2,60,24,86,16,7,102,77,202,116,44,160,362
06/29/2023,MGM,AL,ASO,ES,Combined TRACON& Tower with Radar,14,17,31,40,102,0,14,48,26,88,14,31,79,66,190,84,49,133,323
06/30/2023,MGM,AL,ASO,ES,Combined TRACON& Tower with Radar,14,7,26,29,76,0,3,34,34,71,14,10,60,63,147,85,16,101,248
07/01/2023,MGM,AL,ASO,ES,Combined TRACON& Tower with Radar,11,8,12,0,31,0,5,34,15,54,11,13,46,15,85,8,18,26,111
07/02/2023,MGM,AL,ASO,ES,Combined TRACON& Tower with Radar,12,5,11,9,37,0,4,13,11,28,12,9,24,20,65,88,6,94,159
07/03/2023,MGM,AL,ASO,ES,Combined TRACON& Tower with Radar,9,8,12,0,29,0,0,24,1,25,9,8,36,1,54,34,0,34,88
07/04/2023,MGM,AL,ASO,ES,Combined TRACON& Tower with Radar,9,4,7,1,21,0,0,2,1,3,9,4,9,2,24,18,0,18,42
07/05/2023,MGM,AL,ASO,ES,Combined TRACON& Tower with Radar,14,8,14,7,43,0,1,17,8,26,14,9,31,15,69,62,14,76,145
07/06/2023,MGM,AL,ASO,ES,Combined TRACON& Tower with Radar,11,10,19,64,104,0,5,24,2,31,11,15,43,66,135,52,46,98,233
07/07/2023,MGM,AL,ASO,ES,Combined TRACON& Tower with Radar,12,12,20,35,79,0,4,12,1,17,12,16,32,36,96,84,30,114,210
07/08/2023,MGM,AL,ASO,ES,Combined TRACON& Tower with Radar,12,8,9,0,29,0,0,11,0,11,12,8,20,0,40,62,0,62,102
07/09/2023,MGM,AL,ASO,ES,Combined TRACON& Tower with Radar,13,8,12,8,41,0,1,8,4,13,13,9,20,12,54,8,0,8,62
07/10/2023,MGM,AL,ASO,ES,Combined TRACON& Tower with Radar,15,9,27,54,105,0,8,36,11,55,15,17,63,65,160,36,24,60,220
07/11/2023,MGM,AL,ASO,ES,Combined TRACON& Tower with Radar,15,5,35,39,94,0,4,63,6,73,15,9,98,45,167,74,26,100,267
07/12/2023,MGM,AL,ASO,ES,Combined TRACON& Tower with Radar,14,5,27,47,93,0,9,24,1,34,14,14,51,48,127,56,26,82,209
07/13/2023,MGM,AL,ASO,ES,Combined TRACON& Tower with Radar,14,9,19,20,62,0,0,6,0,6,14,9,25,20,68,30,10,40,108
07/14/2023,MGM,AL,ASO,ES,Combined TRACON& Tower with Radar,12,5,20,24,61,0,0,1,4,5,12,5,21,28,66,42,22,64,130
07/15/2023,MGM,AL,ASO,ES,Combined TRACON& Tower with Radar,12,4,14,4,34,0,3,23,4,30,12,7,37,8,64,62,19,81,145
07/16/2023,MGM,AL,ASO,ES,Combined TRACON& Tower with Radar,12,4,27,17,60,0,2,25,6,33,12,6,52,23,93,17,26,43,136
07/17/2023,MGM,AL,ASO,ES,Combined TRACON& Tower with Radar,15,7,26,50,98,0,5,56,4,65,15,12,82,54,163,46,28,74,237
07/18/2023,MGM,AL,ASO,ES,Combined TRACON& Tower with Radar,14,7,42,21,84,0,11,50,2,63,14,18,92,23,147,78,28,106,253
07/19/2023,MGM,AL,ASO,ES,Combined TRACON& Tower with Radar,14,9,29,33,85,0,12,48,10,70,14,21,77,43,155,60,18,78,233
07/20/2023,MGM,AL,ASO,ES,Combined TRACON& Tower with Radar,21,7,24,19,71,0,4,62,8,74,21,11,86,27,145,82,30,112,257
07/21/2023,MGM,AL,ASO,ES,Combined TRACON& Tower with Radar,18,5,30,10,63,0,3,53,10,66,18,8,83,20,129,40,8,48,177
07/22/2023,MGM,AL,ASO,ES,Combined TRACON& Tower with Radar,14,8,15,0,37,0,2,4,8,14,14,10,19,8,51,4,24,28,79
07/23/2023,MGM,AL,ASO,ES,Combined TRACON& Tower with Radar,14,4,25,9,52,0,0,22,2,24,14,4,47,11,76,0,2,2,78
07/24/2023,MGM,AL,ASO,ES,Combined TRACON& Tower with Radar,15,13,22,33,83,0,3,72,13,88,15,16,94,46,171,74,12,86,257
07/25/2023,MGM,AL,ASO,ES,Combined TRACON& Tower with Radar,14,6,27,26,73,0,3,59,0,62,14,9,86,26,135,54,2,56,191
07/26/2023,MGM,AL,ASO,ES,Combined TRACON& Tower with Radar,14,8,18,43,83,0,2,45,4,51,14,10,63,47,134,70,46,116,250
07/27/2023,MGM,AL,ASO,ES,Combined TRACON& Tower with Radar,14,6,25,17,62,0,4,31,14,49,14,10,56,31,111,40,15,55,166
07/28/2023,MGM,AL,ASO,ES,Combined TRACON& Tower with Radar,13,8,23,21,65,0,4,32,6,42,13,12,55,27,107,16,6,22,129
07/29/2023,MGM,AL,ASO,ES,Combined TRACON& Tower with Radar,12,5,14,4,35,0,2,43,8,53,12,7,57,12,88,42,0,42,130
07/30/2023,MGM,AL,ASO,ES,Combined TRACON& Tower with Radar,14,7,19,11,51,0,0,28,1,29,14,7,47,12,80,20,1,21,101
07/31/2023,MGM,AL,ASO,ES,Combined TRACON& Tower with Radar,13,4,27,19,63,0,2,47,7,56,13,6,74,26,119,76,12,88,207
08/01/2023,MGM,AL,ASO,ES,Combined TRACON& Tower with Radar,13,6,38,42,99,0,3,54,14,71,13,9,92,56,170,44,34,78,248
08/02/2023,MGM,AL,ASO,ES,Combined TRACON& Tower with Radar,14,6,34,28,82,0,5,44,9,58,14,11,78,37,140,82,6,88,228
08/03/2023,MGM,AL,ASO,ES,Combined TRACON& Tower with Radar,18,4,43,16,81,0,2,29,5,36,18,6,72,21,117,14,36,50,167
08/04/2023,MGM,AL,ASO,ES,Combined TRACON& Tower with Radar,15,10,25,6,56,0,2,14,10,26,15,12,39,16,82,12,22,34,116
08/05/2023,MGM,AL,ASO,ES,Combined TRACON& Tower with Radar,9,7,15,6,37,0,2,39,16,57,9,9,54,22,94,34,13,47,141
08/06/2023,MGM,AL,ASO,ES,Combined TRACON& Tower with Radar,17,5,20,7,49,0,6,19,17,42,17,11,39,24,91,12,14,26,117
08/07/2023,MGM,AL,ASO,ES,Combined TRACON& Tower with Radar,13,5,21,20,59,0,3,18,5,26,13,8,39,25,85,52,12,64,149
08/08/2023,MGM,AL,ASO,ES,Combined TRACON& Tower with Radar,14,4,26,11,55,0,2,23,0,25,14,6,49,11,80,46,0,46,126
08/09/2023,MGM,AL,ASO,ES,Combined TRACON& Tower with Radar,13,5,27,15,60,0,3,28,1,32,13,8,55,16,92,78,5,83,175
08/10/2023,MGM,AL,ASO,ES,Combined TRACON& Tower with Radar,14,5,17,15,51,0,2,21,15,38,14,7,38,30,89,58,24,82,171
08/11/2023,MGM,AL,ASO,ES,Combined TRACON& Tower with Radar,13,11,18,18,60,0,0,25,7,32,13,11,43,25,92,14,3,17,109
08/12/2023,MGM,AL,ASO,ES,Combined TRACON& Tower with Radar,13,5,11,0,29,0,1,40,0,41,13,6,51,0,70,4,0,4,74
08/13/2023,MGM,AL,ASO,ES,Combined TRACON& Tower with Radar,16,9,13,13,51,0,4,30,8,42,16,13,43,21,93,6,2,8,101
08/14/2023,MGM,AL,ASO,ES,Combined TRACON& Tower with Radar,14,7,20,18,59,0,7,25,1,33,14,14,45,19,92,50,8,58,150
08/15/2023,MGM,AL,ASO,ES,Combined TRACON& Tower with Radar,14,7,29,42,92,0,1,26,10,37,14,8,55,52,129,26,14,40,169
08/16/2023,MGM,AL,ASO,ES,Combined TRACON& Tower with Radar,14,8,39,15,76,0,5,34,1,40,14,13,73,16,116,38,10,48,164
08/17/2023,MGM,AL,ASO,ES,Combined TRACON& Tower with Radar,13,5,26,34,78,0,6,39,7,52,13,11,65,41,130,54,18,72,202
08/18/2023,MGM,AL,ASO,ES,Combined TRACON& Tower with Radar,14,3,27,40,84,0,1,34,6,41,14,4,61,46,125,64,18,82,207
08/19/2023,MGM,AL,ASO,ES,Combined TRACON& Tower with Radar,10,7,9,4,30,0,4,41,5,50,10,11,50,9,80,24,44,68,148
08/20/2023,MGM,AL,ASO,ES,Combined TRACON& Tower with Radar,14,6,19,18,57,1,3,25,4,33,15,9,44,22,90,2,0,2,92
08/21/2023,MGM,AL,ASO,ES,Combined TRACON& Tower with Radar,14,4,17,50,85,0,4,48,8,60,14,8,65,58,145,52,58,110,255
08/22/2023,MGM,AL,ASO,ES,Combined TRACON& Tower with Radar,15,4,25,27,71,0,7,47,4,58,15,11,72,31,129,92,0,92,221
08/23/2023,MGM,AL,ASO,ES,Combined TRACON& Tower with Radar,13,6,18,32,69,0,8,33,9,50,13,14,51,41,119,54,10,64,183
08/24/2023,MGM,AL,ASO,ES,Combined TRACON& Tower with Radar,16,5,36,30,87,0,3,22,8,33,16,8,58,38,120,46,30,76,196
08/25/2023,MGM,AL,ASO,ES,Combined TRACON& Tower with Radar,14,7,22,19,62,1,1,33,9,44,15,8,55,28,106,86,6,92,198
08/26/2023,MGM,AL,ASO,ES,Combined TRACON& Tower with Radar,11,11,15,0,37,0,6,24,0,30,11,17,39,0,67,62,0,62,129
08/27/2023,MGM,AL,ASO,ES,Combined TRACON& Tower with Radar,13,3,13,11,40,0,2,16,5,23,13,5,29,16,63,2,0,2,65
08/28/2023,MGM,AL,ASO,ES,Combined TRACON& Tower with Radar,15,7,22,17,61,0,1,8,1,10,15,8,30,18,71,66,14,80,151
08/29/2023,MGM,AL,ASO,ES,Combined TRACON& Tower with Radar,14,21,26,18,79,0,5,21,6,32,14,26,47,24,111,66,9,75,186
08/30/2023,MGM,AL,ASO,ES,Combined TRACON& Tower with Radar,13,10,29,27,79,0,6,12,5,23,13,16,41,32,102,18,14,32,134
08/31/2023,MGM,AL,ASO,ES,Combined TRACON& Tower with Radar,14,16,31,22,83,0,7,31,4,42,14,23,62,26,125,104,48,152,277
