01/01/2020,MGW,WV,AEA,CE,Federal Contract Tower,0,18,0,0,18,0,52,0,0,52,0,70,0,0,70,0,0,0,70
01/02/2020,MGW,WV,AEA,CE,Federal Contract Tower,0,14,2,5,21,0,51,19,4,74,0,65,21,9,95,28,0,28,123
01/03/2020,MGW,WV,AEA,CE,Federal Contract Tower,0,11,3,0,14,0,0,0,0,0,0,11,3,0,14,0,0,0,14
01/04/2020,MGW,WV,AEA,CE,Federal Contract Tower,0,10,6,0,16,0,0,0,0,0,0,10,6,0,16,0,0,0,16
01/05/2020,MGW,WV,AEA,CE,Federal Contract Tower,0,7,5,0,12,0,0,0,0,0,0,7,5,0,12,0,0,0,12
01/06/2020,MGW,WV,AEA,CE,Federal Contract Tower,0,11,1,0,12,0,81,12,4,97,0,92,13,4,109,62,8,70,179
01/07/2020,MGW,WV,AEA,CE,Federal Contract Tower,0,12,0,0,12,0,21,0,0,21,0,33,0,0,33,0,0,0,33
01/08/2020,MGW,WV,AEA,CE,Federal Contract Tower,0,13,3,0,16,0,35,9,0,44,0,48,12,0,60,28,0,28,88
01/09/2020,MGW,WV,AEA,CE,Federal Contract Tower,0,12,16,0,28,0,76,33,2,111,0,88,49,2,139,96,0,96,235
01/10/2020,MGW,WV,AEA,CE,Federal Contract Tower,0,15,7,0,22,0,46,6,0,52,0,61,13,0,74,8,0,8,82
01/11/2020,MGW,WV,AEA,CE,Federal Contract Tower,0,8,1,2,11,0,22,7,0,29,0,30,8,2,40,0,0,0,40
01/12/2020,MGW,WV,AEA,CE,Federal Contract Tower,0,11,13,2,26,0,60,23,0,83,0,71,36,2,109,62,0,62,171
01/13/2020,MGW,WV,AEA,CE,Federal Contract Tower,0,11,9,0,20,0,47,28,1,76,0,58,37,1,96,62,0,62,158
01/14/2020,MGW,WV,AEA,CE,Federal Contract Tower,0,21,2,0,23,0,30,9,0,39,0,51,11,0,62,18,0,18,80
01/15/2020,MGW,WV,AEA,CE,Federal Contract Tower,0,11,5,0,16,0,58,5,5,68,0,69,10,5,84,18,2,20,104
01/16/2020,MGW,WV,AEA,CE,Federal Contract Tower,0,16,11,0,27,0,33,10,2,45,0,49,21,2,72,0,0,0,72
01/17/2020,MGW,WV,AEA,CE,Federal Contract Tower,0,22,11,0,33,0,57,21,7,85,0,79,32,7,118,42,0,42,160
01/18/2020,MGW,WV,AEA,CE,Federal Contract Tower,0,6,0,0,6,0,4,0,0,4,0,10,0,0,10,0,0,0,10
01/19/2020,MGW,WV,AEA,CE,Federal Contract Tower,0,8,8,2,18,0,8,7,0,15,0,16,15,2,33,18,0,18,51
01/20/2020,MGW,WV,AEA,CE,Federal Contract Tower,0,11,4,0,15,0,6,8,0,14,0,17,12,0,29,42,0,42,71
01/21/2020,MGW,WV,AEA,CE,Federal Contract Tower,0,23,2,0,25,0,44,12,0,56,0,67,14,0,81,44,0,44,125
01/22/2020,MGW,WV,AEA,CE,Federal Contract Tower,0,17,15,1,33,0,56,32,1,89,0,73,47,2,122,68,12,80,202
01/23/2020,MGW,WV,AEA,CE,Federal Contract Tower,0,25,2,2,29,0,42,20,0,62,0,67,22,2,91,18,0,18,109
01/24/2020,MGW,WV,AEA,CE,Federal Contract Tower,0,14,13,0,27,0,23,11,5,39,0,37,24,5,66,0,0,0,66
01/25/2020,MGW,WV,AEA,CE,Federal Contract Tower,0,2,3,0,5,0,7,1,0,8,0,9,4,0,13,0,0,0,13
01/26/2020,MGW,WV,AEA,CE,Federal Contract Tower,0,10,6,0,16,0,1,3,0,4,0,11,9,0,20,12,0,12,32
01/27/2020,MGW,WV,AEA,CE,Federal Contract Tower,0,16,5,0,21,0,14,4,0,18,0,30,9,0,39,0,0,0,39
01/28/2020,MGW,WV,AEA,CE,Federal Contract Tower,0,13,4,2,19,0,0,0,2,2,0,13,4,4,21,0,0,0,21
01/29/2020,MGW,WV,AEA,CE,Federal Contract Tower,0,15,3,0,18,0,57,7,2,66,0,72,10,2,84,28,0,28,112
01/30/2020,MGW,WV,AEA,CE,Federal Contract Tower,0,15,9,0,24,0,31,19,2,52,0,46,28,2,76,50,0,50,126
01/31/2020,MGW,WV,AEA,CE,Federal Contract Tower,0,13,12,2,27,0,13,19,6,38,0,26,31,8,65,84,0,84,149
02/01/2020,MGW,WV,AEA,CE,Federal Contract Tower,0,11,5,0,16,0,0,0,0,0,0,11,5,0,16,0,0,0,16
02/02/2020,MGW,WV,AEA,CE,Federal Contract Tower,0,8,5,0,13,0,40,3,0,43,0,48,8,0,56,0,0,0,56
02/03/2020,MGW,WV,AEA,CE,Federal Contract Tower,0,15,21,0,36,0,99,42,0,141,0,114,63,0,177,66,0,66,243
02/04/2020,MGW,WV,AEA,CE,Federal Contract Tower,0,14,6,2,22,0,4,0,0,4,0,18,6,2,26,0,0,0,26
02/05/2020,MGW,WV,AEA,CE,Federal Contract Tower,0,13,7,0,20,0,32,6,2,40,0,45,13,2,60,16,0,16,76
02/06/2020,MGW,WV,AEA,CE,Federal Contract Tower,0,17,7,0,24,0,10,0,0,10,0,27,7,0,34,0,0,0,34
02/07/2020,MGW,WV,AEA,CE,Federal Contract Tower,0,12,3,0,15,0,0,0,0,0,0,12,3,0,15,0,0,0,15
02/08/2020,MGW,WV,AEA,CE,Federal Contract Tower,0,12,4,0,16,0,14,3,0,17,0,26,7,0,33,0,0,0,33
02/09/2020,MGW,WV,AEA,CE,Federal Contract Tower,0,9,7,0,16,0,28,39,0,67,0,37,46,0,83,94,0,94,177
02/10/2020,MGW,WV,AEA,CE,Federal Contract Tower,0,12,9,0,21,0,0,0,0,0,0,12,9,0,21,0,0,0,21
02/11/2020,MGW,WV,AEA,CE,Federal Contract Tower,0,15,10,0,25,0,10,0,0,10,0,25,10,0,35,0,0,0,35
02/12/2020,MGW,WV,AEA,CE,Federal Contract Tower,0,15,26,2,43,0,41,13,0,54,0,56,39,2,97,16,0,16,113
02/13/2020,MGW,WV,AEA,CE,Federal Contract Tower,0,16,14,0,30,0,14,0,0,14,0,30,14,0,44,0,0,0,44
02/14/2020,MGW,WV,AEA,CE,Federal Contract Tower,0,14,7,3,24,0,18,9,0,27,0,32,16,3,51,0,0,0,51
02/15/2020,MGW,WV,AEA,CE,Federal Contract Tower,0,8,9,2,19,0,35,47,0,82,0,43,56,2,101,46,0,46,147
02/16/2020,MGW,WV,AEA,CE,Federal Contract Tower,0,8,4,0,12,0,48,19,0,67,0,56,23,0,79,16,0,16,95
02/17/2020,MGW,WV,AEA,CE,Federal Contract Tower,0,13,16,0,29,0,81,36,3,120,0,94,52,3,149,88,0,88,237
02/18/2020,MGW,WV,AEA,CE,Federal Contract Tower,0,18,13,0,31,0,4,1,0,5,0,22,14,0,36,0,0,0,36
02/19/2020,MGW,WV,AEA,CE,Federal Contract Tower,0,16,11,0,27,0,78,31,2,111,0,94,42,2,138,52,0,52,190
02/20/2020,MGW,WV,AEA,CE,Federal Contract Tower,0,21,0,4,25,0,52,39,8,99,0,73,39,12,124,64,0,64,188
02/21/2020,MGW,WV,AEA,CE,Federal Contract Tower,0,14,19,0,33,0,38,36,2,76,0,52,55,2,109,34,0,34,143
02/22/2020,MGW,WV,AEA,CE,Federal Contract Tower,0,11,11,0,22,0,57,41,3,101,0,68,52,3,123,18,0,18,141
02/23/2020,MGW,WV,AEA,CE,Federal Contract Tower,0,12,11,0,23,0,66,28,2,96,0,78,39,2,119,68,0,68,187
02/24/2020,MGW,WV,AEA,CE,Federal Contract Tower,0,19,17,2,38,0,24,27,2,53,0,43,44,4,91,58,4,62,153
02/25/2020,MGW,WV,AEA,CE,Federal Contract Tower,0,18,9,0,27,0,4,0,0,4,0,22,9,0,31,0,0,0,31
02/26/2020,MGW,WV,AEA,CE,Federal Contract Tower,0,21,2,3,26,0,38,8,1,47,0,59,10,4,73,22,0,22,95
02/27/2020,MGW,WV,AEA,CE,Federal Contract Tower,0,18,4,0,22,0,8,0,0,8,0,26,4,0,30,0,0,0,30
02/28/2020,MGW,WV,AEA,CE,Federal Contract Tower,0,14,9,0,23,0,40,27,2,69,0,54,36,2,92,0,12,12,104
02/29/2020,MGW,WV,AEA,CE,Federal Contract Tower,0,10,7,0,17,0,39,17,0,56,0,49,24,0,73,28,0,28,101
03/01/2020,MGW,WV,AEA,CE,Federal Contract Tower,0,13,20,0,33,0,65,40,0,105,0,78,60,0,138,110,0,110,248
03/02/2020,MGW,WV,AEA,CE,Federal Contract Tower,0,11,4,4,19,0,9,11,0,20,0,20,15,4,39,12,0,12,51
03/03/2020,MGW,WV,AEA,CE,Federal Contract Tower,0,16,10,2,28,0,14,1,2,17,0,30,11,4,45,0,0,0,45
03/04/2020,MGW,WV,AEA,CE,Federal Contract Tower,0,24,4,2,30,0,64,25,2,91,0,88,29,4,121,26,4,30,151
03/05/2020,MGW,WV,AEA,CE,Federal Contract Tower,0,15,23,4,42,0,71,39,4,114,0,86,62,8,156,82,10,92,248
03/06/2020,MGW,WV,AEA,CE,Federal Contract Tower,0,8,6,4,18,0,7,2,0,9,0,15,8,4,27,0,0,0,27
03/07/2020,MGW,WV,AEA,CE,Federal Contract Tower,0,10,17,2,29,0,27,34,12,73,0,37,51,14,102,58,0,58,160
03/08/2020,MGW,WV,AEA,CE,Federal Contract Tower,0,9,18,2,29,0,68,41,1,110,0,77,59,3,139,34,0,34,173
03/09/2020,MGW,WV,AEA,CE,Federal Contract Tower,0,13,10,2,25,0,60,17,10,87,0,73,27,12,112,18,0,18,130
03/10/2020,MGW,WV,AEA,CE,Federal Contract Tower,0,25,10,2,37,0,6,2,0,8,0,31,12,2,45,0,0,0,45
03/11/2020,MGW,WV,AEA,CE,Federal Contract Tower,0,23,11,1,35,0,42,14,3,59,0,65,25,4,94,70,0,70,164
03/12/2020,MGW,WV,AEA,CE,Federal Contract Tower,0,16,8,2,26,0,80,34,12,126,0,96,42,14,152,96,0,96,248
03/13/2020,MGW,WV,AEA,CE,Federal Contract Tower,0,11,8,0,19,0,60,11,1,72,0,71,19,1,91,8,0,8,99
03/14/2020,MGW,WV,AEA,CE,Federal Contract Tower,0,6,5,0,11,0,41,34,0,75,0,47,39,0,86,64,0,64,150
03/15/2020,MGW,WV,AEA,CE,Federal Contract Tower,0,8,1,0,9,0,16,13,0,29,0,24,14,0,38,20,0,20,58
03/16/2020,MGW,WV,AEA,CE,Federal Contract Tower,0,11,4,2,17,0,48,15,0,63,0,59,19,2,80,18,0,18,98
03/17/2020,MGW,WV,AEA,CE,Federal Contract Tower,0,16,8,0,24,0,4,0,0,4,0,20,8,0,28,0,0,0,28
03/18/2020,MGW,WV,AEA,CE,Federal Contract Tower,0,14,3,6,23,0,20,9,2,31,0,34,12,8,54,22,6,28,82
03/19/2020,MGW,WV,AEA,CE,Federal Contract Tower,0,16,12,3,31,0,45,11,4,60,0,61,23,7,91,26,0,26,117
03/20/2020,MGW,WV,AEA,CE,Federal Contract Tower,0,11,6,2,19,0,33,3,0,36,0,44,9,2,55,0,0,0,55
03/21/2020,MGW,WV,AEA,CE,Federal Contract Tower,0,8,2,0,10,0,25,12,2,39,0,33,14,2,49,22,2,24,73
03/22/2020,MGW,WV,AEA,CE,Federal Contract Tower,0,14,3,0,17,0,65,39,4,108,0,79,42,4,125,32,0,32,157
03/23/2020,MGW,WV,AEA,CE,Federal Contract Tower,0,13,0,0,13,0,1,0,0,1,0,14,0,0,14,0,0,0,14
03/24/2020,MGW,WV,AEA,CE,Federal Contract Tower,0,15,1,4,20,0,54,8,0,62,0,69,9,4,82,42,0,42,124
03/25/2020,MGW,WV,AEA,CE,Federal Contract Tower,0,12,0,2,14,0,28,4,2,34,0,40,4,4,48,12,0,12,60
03/26/2020,MGW,WV,AEA,CE,Federal Contract Tower,0,15,13,0,28,0,50,34,2,86,0,65,47,2,114,60,4,64,178
03/27/2020,MGW,WV,AEA,CE,Federal Contract Tower,0,12,6,0,18,0,27,4,0,31,0,39,10,0,49,16,0,16,65
03/28/2020,MGW,WV,AEA,CE,Federal Contract Tower,0,10,2,0,12,0,15,10,0,25,0,25,12,0,37,0,0,0,37
03/29/2020,MGW,WV,AEA,CE,Federal Contract Tower,0,8,0,0,8,0,7,0,0,7,0,15,0,0,15,0,0,0,15
03/30/2020,MGW,WV,AEA,CE,Federal Contract Tower,0,15,1,0,16,0,63,11,2,76,0,78,12,2,92,18,0,18,110
03/31/2020,MGW,WV,AEA,CE,Federal Contract Tower,0,13,3,0,16,0,38,3,0,41,0,51,6,0,57,0,0,0,57
04/01/2020,MGW,WV,AEA,CE,Federal Contract Tower,0,13,0,0,13,0,34,2,0,36,0,47,2,0,49,0,0,0,49
04/02/2020,MGW,WV,AEA,CE,Federal Contract Tower,0,14,6,2,22,0,52,14,5,71,0,66,20,7,93,12,0,12,105
04/03/2020,MGW,WV,AEA,CE,Federal Contract Tower,0,13,0,0,13,0,24,21,5,50,0,37,21,5,63,42,0,42,105
04/04/2020,MGW,WV,AEA,CE,Federal Contract Tower,0,8,7,0,15,0,60,55,3,118,0,68,62,3,133,82,0,82,215
04/05/2020,MGW,WV,AEA,CE,Federal Contract Tower,0,12,5,0,17,0,33,6,0,39,0,45,11,0,56,12,0,12,68
04/06/2020,MGW,WV,AEA,CE,Federal Contract Tower,0,12,0,0,12,0,24,29,2,55,0,36,29,2,67,30,0,30,97
04/07/2020,MGW,WV,AEA,CE,Federal Contract Tower,0,11,0,0,11,0,16,4,0,20,0,27,4,0,31,32,0,32,63
04/08/2020,MGW,WV,AEA,CE,Federal Contract Tower,0,13,3,0,16,0,62,17,0,79,0,75,20,0,95,0,0,0,95
04/09/2020,MGW,WV,AEA,CE,Federal Contract Tower,0,11,0,0,11,0,13,2,0,15,0,24,2,0,26,0,0,0,26
04/10/2020,MGW,WV,AEA,CE,Federal Contract Tower,0,10,0,0,10,0,25,8,0,33,0,35,8,0,43,6,0,6,49
04/11/2020,MGW,WV,AEA,CE,Federal Contract Tower,0,8,4,0,12,0,55,44,2,101,0,63,48,2,113,28,0,28,141
04/12/2020,MGW,WV,AEA,CE,Federal Contract Tower,0,10,4,0,14,0,52,27,0,79,0,62,31,0,93,22,0,22,115
04/13/2020,MGW,WV,AEA,CE,Federal Contract Tower,0,11,0,0,11,0,12,1,0,13,0,23,1,0,24,0,0,0,24
04/14/2020,MGW,WV,AEA,CE,Federal Contract Tower,0,12,8,0,20,0,18,24,0,42,0,30,32,0,62,36,0,36,98
04/15/2020,MGW,WV,AEA,CE,Federal Contract Tower,0,16,6,0,22,0,41,18,0,59,0,57,24,0,81,22,0,22,103
04/16/2020,MGW,WV,AEA,CE,Federal Contract Tower,0,12,3,0,15,0,30,14,2,46,0,42,17,2,61,14,6,20,81
04/17/2020,MGW,WV,AEA,CE,Federal Contract Tower,0,8,2,0,10,0,5,4,0,9,0,13,6,0,19,0,0,0,19
04/18/2020,MGW,WV,AEA,CE,Federal Contract Tower,0,8,4,0,12,0,6,10,0,16,0,14,14,0,28,32,0,32,60
04/19/2020,MGW,WV,AEA,CE,Federal Contract Tower,0,8,4,0,12,0,54,23,2,79,0,62,27,2,91,20,0,20,111
04/20/2020,MGW,WV,AEA,CE,Federal Contract Tower,0,14,2,2,18,0,33,23,0,56,0,47,25,2,74,36,0,36,110
04/21/2020,MGW,WV,AEA,CE,Federal Contract Tower,0,12,0,0,12,0,55,5,0,60,0,67,5,0,72,0,0,0,72
04/22/2020,MGW,WV,AEA,CE,Federal Contract Tower,0,13,11,2,26,0,44,45,0,89,0,57,56,2,115,76,0,76,191
04/23/2020,MGW,WV,AEA,CE,Federal Contract Tower,0,12,0,0,12,0,12,12,0,24,0,24,12,0,36,0,0,0,36
04/24/2020,MGW,WV,AEA,CE,Federal Contract Tower,0,19,7,0,26,0,28,0,0,28,0,47,7,0,54,0,0,0,54
04/25/2020,MGW,WV,AEA,CE,Federal Contract Tower,0,9,9,0,18,0,43,32,6,81,0,52,41,6,99,20,0,20,119
04/26/2020,MGW,WV,AEA,CE,Federal Contract Tower,0,8,2,0,10,0,2,0,0,2,0,10,2,0,12,0,0,0,12
04/27/2020,MGW,WV,AEA,CE,Federal Contract Tower,0,15,2,4,21,0,49,29,0,78,0,64,31,4,99,52,2,54,153
04/28/2020,MGW,WV,AEA,CE,Federal Contract Tower,0,12,7,0,19,0,24,9,0,33,0,36,16,0,52,0,0,0,52
04/29/2020,MGW,WV,AEA,CE,Federal Contract Tower,0,12,2,0,14,0,26,11,0,37,0,38,13,0,51,0,0,0,51
04/30/2020,MGW,WV,AEA,CE,Federal Contract Tower,0,12,6,0,18,0,31,8,2,41,0,43,14,2,59,24,0,24,83
05/01/2020,MGW,WV,AEA,CE,Federal Contract Tower,0,12,4,0,16,0,18,0,0,18,0,30,4,0,34,0,0,0,34
05/02/2020,MGW,WV,AEA,CE,Federal Contract Tower,0,8,4,0,12,0,54,38,4,96,0,62,42,4,108,126,4,130,238
05/03/2020,MGW,WV,AEA,CE,Federal Contract Tower,0,9,4,0,13,0,21,2,0,23,0,30,6,0,36,0,0,0,36
05/04/2020,MGW,WV,AEA,CE,Federal Contract Tower,0,11,7,0,18,0,55,24,0,79,0,66,31,0,97,80,0,80,177
05/05/2020,MGW,WV,AEA,CE,Federal Contract Tower,0,12,4,0,16,0,38,30,0,68,0,50,34,0,84,26,0,26,110
05/06/2020,MGW,WV,AEA,CE,Federal Contract Tower,0,14,2,0,16,0,18,0,0,18,0,32,2,0,34,0,0,0,34
05/07/2020,MGW,WV,AEA,CE,Federal Contract Tower,0,14,1,0,15,0,77,32,0,109,0,91,33,0,124,58,0,58,182
05/08/2020,MGW,WV,AEA,CE,Federal Contract Tower,0,14,5,1,20,0,12,2,1,15,0,26,7,2,35,8,0,8,43
05/09/2020,MGW,WV,AEA,CE,Federal Contract Tower,0,9,1,0,10,0,52,9,0,61,0,61,10,0,71,34,0,34,105
05/10/2020,MGW,WV,AEA,CE,Federal Contract Tower,0,8,17,0,25,0,49,23,0,72,0,57,40,0,97,50,0,50,147
05/11/2020,MGW,WV,AEA,CE,Federal Contract Tower,0,11,1,2,14,0,8,0,0,8,0,19,1,2,22,0,0,0,22
05/12/2020,MGW,WV,AEA,CE,Federal Contract Tower,0,17,10,2,29,0,30,37,2,69,0,47,47,4,98,62,0,62,160
05/13/2020,MGW,WV,AEA,CE,Federal Contract Tower,0,12,11,2,25,0,49,74,10,133,0,61,85,12,158,108,0,108,266
05/14/2020,MGW,WV,AEA,CE,Federal Contract Tower,0,13,6,0,19,0,48,20,0,68,0,61,26,0,87,64,0,64,151
05/15/2020,MGW,WV,AEA,CE,Federal Contract Tower,0,11,1,0,12,0,30,11,0,41,0,41,12,0,53,16,0,16,69
05/16/2020,MGW,WV,AEA,CE,Federal Contract Tower,0,10,9,0,19,0,66,42,0,108,0,76,51,0,127,70,0,70,197
05/17/2020,MGW,WV,AEA,CE,Federal Contract Tower,0,10,17,0,27,0,42,27,2,71,0,52,44,2,98,66,0,66,164
05/18/2020,MGW,WV,AEA,CE,Federal Contract Tower,0,12,12,0,24,0,59,26,2,87,0,71,38,2,111,74,0,74,185
05/19/2020,MGW,WV,AEA,CE,Federal Contract Tower,0,17,3,6,26,0,32,5,0,37,0,49,8,6,63,0,0,0,63
05/20/2020,MGW,WV,AEA,CE,Federal Contract Tower,0,12,4,0,16,0,44,6,1,51,0,56,10,1,67,6,0,6,73
05/21/2020,MGW,WV,AEA,CE,Federal Contract Tower,0,18,4,0,22,0,26,6,0,32,0,44,10,0,54,14,0,14,68
05/22/2020,MGW,WV,AEA,CE,Federal Contract Tower,0,15,14,0,29,0,43,15,0,58,0,58,29,0,87,28,0,28,115
05/23/2020,MGW,WV,AEA,CE,Federal Contract Tower,0,8,10,0,18,0,43,21,4,68,0,51,31,4,86,12,0,12,98
05/24/2020,MGW,WV,AEA,CE,Federal Contract Tower,0,9,9,0,18,0,28,35,0,63,0,37,44,0,81,18,0,18,99
05/25/2020,MGW,WV,AEA,CE,Federal Contract Tower,0,11,12,0,23,0,71,28,0,99,0,82,40,0,122,8,0,8,130
05/26/2020,MGW,WV,AEA,CE,Federal Contract Tower,0,14,11,0,25,0,90,41,10,141,0,104,52,10,166,84,10,94,260
05/27/2020,MGW,WV,AEA,CE,Federal Contract Tower,0,13,15,0,28,0,27,35,0,62,0,40,50,0,90,118,0,118,208
05/28/2020,MGW,WV,AEA,CE,Federal Contract Tower,0,14,13,0,27,0,45,35,0,80,0,59,48,0,107,94,0,94,201
05/29/2020,MGW,WV,AEA,CE,Federal Contract Tower,0,13,2,0,15,0,24,22,4,50,0,37,24,4,65,42,0,42,107
05/30/2020,MGW,WV,AEA,CE,Federal Contract Tower,0,8,6,0,14,0,89,28,4,121,0,97,34,4,135,32,4,36,171
05/31/2020,MGW,WV,AEA,CE,Federal Contract Tower,0,11,12,0,23,0,64,47,0,111,0,75,59,0,134,88,0,88,222
06/01/2020,MGW,WV,AEA,CE,Federal Contract Tower,0,11,11,0,22,0,70,42,4,116,0,81,53,4,138,106,0,106,244
06/02/2020,MGW,WV,AEA,CE,Federal Contract Tower,0,12,2,4,18,0,74,31,4,109,0,86,33,8,127,86,0,86,213
06/03/2020,MGW,WV,AEA,CE,Federal Contract Tower,0,14,6,3,23,0,57,31,4,92,0,71,37,7,115,62,6,68,183
06/04/2020,MGW,WV,AEA,CE,Federal Contract Tower,0,13,0,0,13,0,32,15,0,47,0,45,15,0,60,42,0,42,102
06/05/2020,MGW,WV,AEA,CE,Federal Contract Tower,0,13,4,0,17,0,28,4,0,32,0,41,8,0,49,68,0,68,117
06/06/2020,MGW,WV,AEA,CE,Federal Contract Tower,0,8,16,0,24,0,60,31,1,92,0,68,47,1,116,30,0,30,146
06/07/2020,MGW,WV,AEA,CE,Federal Contract Tower,0,8,17,0,25,0,87,64,8,159,0,95,81,8,184,46,32,78,262
06/08/2020,MGW,WV,AEA,CE,Federal Contract Tower,0,11,14,0,25,0,64,50,6,120,0,75,64,6,145,112,0,112,257
06/09/2020,MGW,WV,AEA,CE,Federal Contract Tower,0,12,4,0,16,0,53,31,7,91,0,65,35,7,107,54,4,58,165
06/10/2020,MGW,WV,AEA,CE,Federal Contract Tower,0,14,4,0,18,0,56,13,0,69,0,70,17,0,87,28,0,28,115
06/11/2020,MGW,WV,AEA,CE,Federal Contract Tower,0,12,14,2,28,0,48,34,0,82,0,60,48,2,110,46,0,46,156
06/12/2020,MGW,WV,AEA,CE,Federal Contract Tower,0,16,5,1,22,0,52,42,4,98,0,68,47,5,120,60,0,60,180
06/13/2020,MGW,WV,AEA,CE,Federal Contract Tower,0,8,13,0,21,0,68,52,0,120,0,76,65,0,141,64,0,64,205
06/14/2020,MGW,WV,AEA,CE,Federal Contract Tower,0,10,4,0,14,0,25,18,0,43,0,35,22,0,57,22,0,22,79
06/15/2020,MGW,WV,AEA,CE,Federal Contract Tower,0,11,11,0,22,0,53,33,4,90,0,64,44,4,112,80,0,80,192
06/16/2020,MGW,WV,AEA,CE,Federal Contract Tower,0,13,14,0,27,0,58,34,8,100,0,71,48,8,127,74,12,86,213
06/17/2020,MGW,WV,AEA,CE,Federal Contract Tower,0,20,23,0,43,0,94,47,4,145,0,114,70,4,188,102,8,110,298
06/18/2020,MGW,WV,AEA,CE,Federal Contract Tower,0,21,11,0,32,0,39,20,0,59,0,60,31,0,91,32,0,32,123
06/19/2020,MGW,WV,AEA,CE,Federal Contract Tower,0,9,7,1,17,0,33,28,3,64,0,42,35,4,81,28,0,28,109
06/20/2020,MGW,WV,AEA,CE,Federal Contract Tower,0,9,8,0,17,0,64,58,6,128,0,73,66,6,145,42,0,42,187
06/21/2020,MGW,WV,AEA,CE,Federal Contract Tower,0,10,10,0,20,0,79,31,1,111,0,89,41,1,131,54,0,54,185
06/22/2020,MGW,WV,AEA,CE,Federal Contract Tower,0,14,5,2,21,0,63,15,0,78,0,77,20,2,99,36,0,36,135
06/23/2020,MGW,WV,AEA,CE,Federal Contract Tower,0,14,7,0,21,0,35,29,0,64,0,49,36,0,85,72,0,72,157
06/24/2020,MGW,WV,AEA,CE,Federal Contract Tower,0,14,8,0,22,0,64,23,3,90,0,78,31,3,112,46,2,48,160
06/25/2020,MGW,WV,AEA,CE,Federal Contract Tower,0,14,11,0,25,0,48,39,0,87,0,62,50,0,112,54,0,54,166
06/26/2020,MGW,WV,AEA,CE,Federal Contract Tower,0,17,8,4,29,0,59,34,2,95,0,76,42,6,124,36,0,36,160
06/27/2020,MGW,WV,AEA,CE,Federal Contract Tower,0,9,3,0,12,0,19,5,4,28,0,28,8,4,40,0,4,4,44
06/28/2020,MGW,WV,AEA,CE,Federal Contract Tower,0,10,11,0,21,0,51,16,0,67,0,61,27,0,88,60,0,60,148
06/29/2020,MGW,WV,AEA,CE,Federal Contract Tower,0,11,21,6,38,0,86,36,6,128,0,97,57,12,166,88,8,96,262
06/30/2020,MGW,WV,AEA,CE,Federal Contract Tower,0,12,12,0,24,0,89,51,2,142,0,101,63,2,166,84,0,84,250
07/01/2020,MGW,WV,AEA,CE,Federal Contract Tower,0,16,16,0,32,0,42,36,0,78,0,58,52,0,110,72,0,72,182
07/02/2020,MGW,WV,AEA,CE,Federal Contract Tower,0,12,25,2,39,0,71,56,0,127,0,83,81,2,166,148,0,148,314
07/03/2020,MGW,WV,AEA,CE,Federal Contract Tower,0,15,5,0,20,0,67,48,18,133,0,82,53,18,153,108,0,108,261
07/04/2020,MGW,WV,AEA,CE,Federal Contract Tower,0,8,8,0,16,0,65,28,0,93,0,73,36,0,109,22,0,22,131
07/05/2020,MGW,WV,AEA,CE,Federal Contract Tower,0,10,4,0,14,0,61,21,0,82,0,71,25,0,96,48,0,48,144
07/06/2020,MGW,WV,AEA,CE,Federal Contract Tower,0,17,5,0,22,0,73,31,0,104,0,90,36,0,126,88,0,88,214
07/07/2020,MGW,WV,AEA,CE,Federal Contract Tower,0,10,3,0,13,0,30,15,4,49,0,40,18,4,62,22,0,22,84
07/08/2020,MGW,WV,AEA,CE,Federal Contract Tower,0,14,10,8,32,0,69,30,4,103,0,83,40,12,135,76,16,92,227
07/09/2020,MGW,WV,AEA,CE,Federal Contract Tower,0,13,14,0,27,0,76,43,0,119,0,89,57,0,146,74,0,74,220
07/10/2020,MGW,WV,AEA,CE,Federal Contract Tower,0,14,12,2,28,0,50,33,6,89,0,64,45,8,117,96,0,96,213
07/11/2020,MGW,WV,AEA,CE,Federal Contract Tower,0,9,9,2,20,0,64,33,2,99,0,73,42,4,119,20,0,20,139
07/12/2020,MGW,WV,AEA,CE,Federal Contract Tower,0,8,21,0,29,0,74,59,0,133,0,82,80,0,162,120,0,120,282
07/13/2020,MGW,WV,AEA,CE,Federal Contract Tower,0,15,14,2,31,0,85,29,4,118,0,100,43,6,149,52,0,52,201
07/14/2020,MGW,WV,AEA,CE,Federal Contract Tower,0,24,9,2,35,0,65,42,27,134,0,89,51,29,169,92,10,102,271
07/15/2020,MGW,WV,AEA,CE,Federal Contract Tower,0,17,5,0,22,0,42,42,0,84,0,59,47,0,106,58,0,58,164
07/16/2020,MGW,WV,AEA,CE,Federal Contract Tower,0,14,7,0,21,0,64,17,0,81,0,78,24,0,102,60,0,60,162
07/17/2020,MGW,WV,AEA,CE,Federal Contract Tower,0,19,6,2,27,0,88,29,0,117,0,107,35,2,144,76,0,76,220
07/18/2020,MGW,WV,AEA,CE,Federal Contract Tower,0,9,4,1,14,0,72,59,5,136,0,81,63,6,150,60,0,60,210
07/19/2020,MGW,WV,AEA,CE,Federal Contract Tower,0,12,15,2,29,0,35,30,0,65,0,47,45,2,94,38,0,38,132
07/20/2020,MGW,WV,AEA,CE,Federal Contract Tower,0,12,15,1,28,0,68,23,0,91,0,80,38,1,119,64,0,64,183
07/21/2020,MGW,WV,AEA,CE,Federal Contract Tower,0,7,6,0,13,0,44,19,0,63,0,51,25,0,76,24,0,24,100
07/22/2020,MGW,WV,AEA,CE,Federal Contract Tower,0,26,1,1,28,0,64,19,2,85,0,90,20,3,113,70,18,88,201
07/23/2020,MGW,WV,AEA,CE,Federal Contract Tower,0,15,8,4,27,0,51,30,5,86,0,66,38,9,113,92,0,92,205
07/24/2020,MGW,WV,AEA,CE,Federal Contract Tower,0,18,23,4,45,0,28,23,2,53,0,46,46,6,98,20,0,20,118
07/25/2020,MGW,WV,AEA,CE,Federal Contract Tower,0,9,9,0,18,0,90,54,2,146,0,99,63,2,164,60,0,60,224
07/26/2020,MGW,WV,AEA,CE,Federal Contract Tower,0,13,5,0,18,0,77,40,0,117,0,90,45,0,135,26,0,26,161
07/27/2020,MGW,WV,AEA,CE,Federal Contract Tower,0,12,11,0,23,0,77,28,2,107,0,89,39,2,130,46,0,46,176
07/28/2020,MGW,WV,AEA,CE,Federal Contract Tower,0,16,8,0,24,0,77,17,2,96,0,93,25,2,120,44,0,44,164
07/29/2020,MGW,WV,AEA,CE,Federal Contract Tower,0,13,7,0,20,0,51,36,2,89,0,64,43,2,109,108,6,114,223
07/30/2020,MGW,WV,AEA,CE,Federal Contract Tower,0,16,17,2,35,0,36,25,0,61,0,52,42,2,96,78,0,78,174
07/31/2020,MGW,WV,AEA,CE,Federal Contract Tower,0,15,6,3,24,0,27,11,0,38,0,42,17,3,62,16,0,16,78
08/01/2020,MGW,WV,AEA,CE,Federal Contract Tower,0,12,12,0,24,0,27,16,0,43,0,39,28,0,67,18,0,18,85
08/02/2020,MGW,WV,AEA,CE,Federal Contract Tower,0,14,9,0,23,0,59,14,0,73,0,73,23,0,96,24,0,24,120
08/03/2020,MGW,WV,AEA,CE,Federal Contract Tower,0,17,10,0,27,0,53,37,1,91,0,70,47,1,118,80,0,80,198
08/04/2020,MGW,WV,AEA,CE,Federal Contract Tower,0,12,1,1,14,0,57,18,3,78,0,69,19,4,92,48,6,54,146
08/05/2020,MGW,WV,AEA,CE,Federal Contract Tower,0,14,14,0,28,0,29,60,7,96,0,43,74,7,124,118,8,126,250
08/06/2020,MGW,WV,AEA,CE,Federal Contract Tower,0,18,6,2,26,0,72,35,6,113,0,90,41,8,139,82,0,82,221
08/07/2020,MGW,WV,AEA,CE,Federal Contract Tower,0,12,9,7,28,0,74,39,26,139,0,86,48,33,167,70,12,82,249
08/08/2020,MGW,WV,AEA,CE,Federal Contract Tower,0,13,1,0,14,0,74,57,2,133,0,87,58,2,147,24,0,24,171
08/09/2020,MGW,WV,AEA,CE,Federal Contract Tower,0,10,11,0,21,0,103,63,3,169,0,113,74,3,190,66,0,66,256
08/10/2020,MGW,WV,AEA,CE,Federal Contract Tower,0,20,19,0,39,0,75,58,1,134,0,95,77,1,173,132,0,132,305
08/11/2020,MGW,WV,AEA,CE,Federal Contract Tower,0,13,17,5,35,0,74,51,2,127,0,87,68,7,162,84,24,108,270
08/12/2020,MGW,WV,AEA,CE,Federal Contract Tower,0,13,6,0,19,0,68,33,2,103,0,81,39,2,122,73,10,83,205
08/13/2020,MGW,WV,AEA,CE,Federal Contract Tower,0,11,10,0,21,0,63,57,8,128,0,74,67,8,149,98,10,108,257
08/14/2020,MGW,WV,AEA,CE,Federal Contract Tower,0,22,11,0,33,0,40,35,0,75,0,62,46,0,108,24,0,24,132
08/15/2020,MGW,WV,AEA,CE,Federal Contract Tower,0,17,15,0,32,0,14,3,0,17,0,31,18,0,49,4,0,4,53
08/16/2020,MGW,WV,AEA,CE,Federal Contract Tower,0,12,15,0,27,0,83,40,2,125,0,95,55,2,152,104,0,104,256
08/17/2020,MGW,WV,AEA,CE,Federal Contract Tower,0,16,8,0,24,0,72,35,0,107,0,88,43,0,131,84,0,84,215
08/18/2020,MGW,WV,AEA,CE,Federal Contract Tower,0,14,9,0,23,0,52,43,0,95,0,66,52,0,118,120,0,120,238
08/19/2020,MGW,WV,AEA,CE,Federal Contract Tower,0,20,22,0,42,0,56,41,0,97,0,76,63,0,139,80,0,80,219
08/20/2020,MGW,WV,AEA,CE,Federal Contract Tower,0,19,7,5,31,0,63,60,2,125,0,82,67,7,156,100,0,100,256
08/21/2020,MGW,WV,AEA,CE,Federal Contract Tower,0,19,9,0,28,0,60,49,2,111,0,79,58,2,139,142,0,142,281
08/22/2020,MGW,WV,AEA,CE,Federal Contract Tower,0,8,8,0,16,0,40,34,0,74,0,48,42,0,90,44,0,44,134
08/23/2020,MGW,WV,AEA,CE,Federal Contract Tower,0,14,18,0,32,0,81,53,2,136,0,95,71,2,168,96,6,102,270
08/24/2020,MGW,WV,AEA,CE,Federal Contract Tower,0,14,7,0,21,0,47,14,2,63,0,61,21,2,84,0,0,0,84
08/25/2020,MGW,WV,AEA,CE,Federal Contract Tower,0,13,7,1,21,0,37,24,3,64,0,50,31,4,85,14,0,14,99
08/26/2020,MGW,WV,AEA,CE,Federal Contract Tower,0,23,15,0,38,0,62,29,2,93,0,85,44,2,131,92,0,92,223
08/27/2020,MGW,WV,AEA,CE,Federal Contract Tower,0,14,3,1,18,0,54,59,2,115,0,68,62,3,133,40,0,40,173
08/28/2020,MGW,WV,AEA,CE,Federal Contract Tower,0,13,2,0,15,0,22,10,4,36,0,35,12,4,51,28,0,28,79
08/29/2020,MGW,WV,AEA,CE,Federal Contract Tower,0,11,9,0,20,0,82,22,0,104,0,93,31,0,124,16,0,16,140
08/30/2020,MGW,WV,AEA,CE,Federal Contract Tower,0,10,12,0,22,0,60,39,0,99,0,70,51,0,121,82,0,82,203
08/31/2020,MGW,WV,AEA,CE,Federal Contract Tower,0,18,4,0,22,0,56,29,1,86,0,74,33,1,108,130,0,130,238
09/01/2020,MGW,WV,AEA,CE,Federal Contract Tower,0,14,11,0,25,0,55,35,0,90,0,69,46,0,115,62,0,62,177
09/02/2020,MGW,WV,AEA,CE,Federal Contract Tower,0,13,5,1,19,0,37,17,0,54,0,50,22,1,73,54,0,54,127
09/03/2020,MGW,WV,AEA,CE,Federal Contract Tower,0,16,3,0,19,0,29,1,2,32,0,45,4,2,51,12,0,12,63
09/04/2020,MGW,WV,AEA,CE,Federal Contract Tower,0,19,18,1,38,0,46,28,2,76,0,65,46,3,114,36,0,36,150
09/05/2020,MGW,WV,AEA,CE,Federal Contract Tower,0,12,8,0,20,0,134,67,0,201,0,146,75,0,221,66,0,66,287
09/06/2020,MGW,WV,AEA,CE,Federal Contract Tower,0,12,15,0,27,0,58,70,0,128,0,70,85,0,155,138,0,138,293
09/07/2020,MGW,WV,AEA,CE,Federal Contract Tower,0,13,14,2,29,0,71,43,0,114,0,84,57,2,143,94,8,102,245
09/08/2020,MGW,WV,AEA,CE,Federal Contract Tower,0,16,16,0,32,0,68,44,0,112,0,84,60,0,144,148,0,148,292
09/09/2020,MGW,WV,AEA,CE,Federal Contract Tower,0,14,10,0,24,0,52,38,2,92,0,66,48,2,116,78,0,78,194
09/10/2020,MGW,WV,AEA,CE,Federal Contract Tower,0,17,10,2,29,0,88,33,2,123,0,105,43,4,152,66,4,70,222
09/11/2020,MGW,WV,AEA,CE,Federal Contract Tower,0,28,11,9,48,0,39,9,0,48,0,67,20,9,96,8,6,14,110
09/12/2020,MGW,WV,AEA,CE,Federal Contract Tower,0,13,7,0,20,0,60,24,0,84,0,73,31,0,104,20,0,20,124
09/13/2020,MGW,WV,AEA,CE,Federal Contract Tower,0,12,3,7,22,0,34,1,0,35,0,46,4,7,57,0,0,0,57
09/14/2020,MGW,WV,AEA,CE,Federal Contract Tower,0,17,8,0,25,0,57,19,2,78,0,74,27,2,103,44,0,44,147
09/15/2020,MGW,WV,AEA,CE,Federal Contract Tower,0,16,3,0,19,0,55,37,2,94,0,71,40,2,113,78,0,78,191
09/16/2020,MGW,WV,AEA,CE,Federal Contract Tower,0,17,7,0,24,0,70,41,2,113,0,87,48,2,137,54,0,54,191
09/17/2020,MGW,WV,AEA,CE,Federal Contract Tower,0,19,10,0,29,0,44,40,0,84,0,63,50,0,113,92,0,92,205
09/18/2020,MGW,WV,AEA,CE,Federal Contract Tower,0,23,13,8,44,0,55,29,4,88,0,78,42,12,132,22,14,36,168
09/19/2020,MGW,WV,AEA,CE,Federal Contract Tower,0,12,14,0,26,0,70,48,13,131,0,82,62,13,157,40,0,40,197
09/20/2020,MGW,WV,AEA,CE,Federal Contract Tower,0,15,15,0,30,0,86,58,2,146,0,101,73,2,176,102,0,102,278
09/21/2020,MGW,WV,AEA,CE,Federal Contract Tower,0,12,12,0,24,0,87,31,6,124,0,99,43,6,148,62,0,62,210
09/22/2020,MGW,WV,AEA,CE,Federal Contract Tower,0,16,7,4,27,0,38,41,4,83,0,54,48,8,110,66,8,74,184
09/23/2020,MGW,WV,AEA,CE,Federal Contract Tower,0,24,16,4,44,0,72,29,2,103,0,96,45,6,147,44,2,46,193
09/24/2020,MGW,WV,AEA,CE,Federal Contract Tower,0,18,12,0,30,0,68,41,1,110,0,86,53,1,140,68,0,68,208
09/25/2020,MGW,WV,AEA,CE,Federal Contract Tower,0,15,11,4,30,0,58,34,4,96,0,73,45,8,126,54,0,54,180
09/26/2020,MGW,WV,AEA,CE,Federal Contract Tower,0,12,9,2,23,0,67,47,10,124,0,79,56,12,147,28,6,34,181
09/27/2020,MGW,WV,AEA,CE,Federal Contract Tower,0,9,8,0,17,0,61,44,1,106,0,70,52,1,123,84,0,84,207
09/28/2020,MGW,WV,AEA,CE,Federal Contract Tower,0,13,13,0,26,0,81,34,2,117,0,94,47,2,143,68,0,68,211
09/29/2020,MGW,WV,AEA,CE,Federal Contract Tower,0,12,4,0,16,0,4,4,0,8,0,16,8,0,24,0,0,0,24
09/30/2020,MGW,WV,AEA,CE,Federal Contract Tower,0,17,11,2,30,0,45,27,4,76,0,62,38,6,106,30,2,32,138
10/01/2020,MGW,WV,AEA,CE,Federal Contract Tower,0,12,17,4,33,0,44,54,6,104,0,56,71,10,137,90,10,100,237
10/02/2020,MGW,WV,AEA,CE,Federal Contract Tower,0,13,20,4,37,0,58,11,4,73,0,71,31,8,110,36,0,36,146
10/03/2020,MGW,WV,AEA,CE,Federal Contract Tower,0,10,11,0,21,0,103,32,0,135,0,113,43,0,156,30,0,30,186
10/04/2020,MGW,WV,AEA,CE,Federal Contract Tower,0,8,8,2,18,0,53,35,0,88,0,61,43,2,106,48,0,48,154
10/05/2020,MGW,WV,AEA,CE,Federal Contract Tower,0,11,5,0,16,0,51,10,2,63,0,62,15,2,79,20,0,20,99
10/06/2020,MGW,WV,AEA,CE,Federal Contract Tower,0,13,6,2,21,0,53,13,2,68,0,66,19,4,89,44,0,44,133
10/07/2020,MGW,WV,AEA,CE,Federal Contract Tower,0,26,0,0,26,0,51,8,0,59,0,77,8,0,85,32,0,32,117
10/08/2020,MGW,WV,AEA,CE,Federal Contract Tower,0,13,12,0,25,0,67,32,0,99,0,80,44,0,124,64,0,64,188
10/09/2020,MGW,WV,AEA,CE,Federal Contract Tower,0,9,14,2,25,0,57,44,4,105,0,66,58,6,130,52,0,52,182
10/10/2020,MGW,WV,AEA,CE,Federal Contract Tower,0,10,11,1,22,0,92,23,0,115,0,102,34,1,137,54,0,54,191
10/11/2020,MGW,WV,AEA,CE,Federal Contract Tower,0,9,13,0,22,0,24,4,0,28,0,33,17,0,50,8,0,8,58
10/12/2020,MGW,WV,AEA,CE,Federal Contract Tower,0,13,11,0,24,0,70,14,0,84,0,83,25,0,108,54,0,54,162
10/13/2020,MGW,WV,AEA,CE,Federal Contract Tower,0,13,12,0,25,0,46,37,4,87,0,59,49,4,112,76,0,76,188
10/14/2020,MGW,WV,AEA,CE,Federal Contract Tower,0,13,16,0,29,0,64,44,0,108,0,77,60,0,137,86,0,86,223
10/15/2020,MGW,WV,AEA,CE,Federal Contract Tower,0,20,10,0,30,0,76,26,5,107,0,96,36,5,137,82,0,82,219
10/16/2020,MGW,WV,AEA,CE,Federal Contract Tower,0,14,11,0,25,0,42,10,3,55,0,56,21,3,80,12,0,12,92
10/17/2020,MGW,WV,AEA,CE,Federal Contract Tower,0,10,13,0,23,0,74,50,4,128,0,84,63,4,151,38,0,38,189
10/18/2020,MGW,WV,AEA,CE,Federal Contract Tower,0,8,17,0,25,0,75,46,2,123,0,83,63,2,148,90,0,90,238
10/19/2020,MGW,WV,AEA,CE,Federal Contract Tower,0,12,11,0,23,0,68,17,1,86,0,80,28,1,109,48,0,48,157
10/20/2020,MGW,WV,AEA,CE,Federal Contract Tower,0,16,13,0,29,0,60,29,0,89,0,76,42,0,118,100,0,100,218
10/21/2020,MGW,WV,AEA,CE,Federal Contract Tower,0,11,9,3,23,0,52,30,7,89,0,63,39,10,112,58,12,70,182
10/22/2020,MGW,WV,AEA,CE,Federal Contract Tower,0,17,20,0,37,0,31,27,0,58,0,48,47,0,95,52,0,52,147
10/23/2020,MGW,WV,AEA,CE,Federal Contract Tower,0,14,7,4,25,0,110,23,2,135,0,124,30,6,160,0,2,2,162
10/24/2020,MGW,WV,AEA,CE,Federal Contract Tower,0,12,9,4,25,0,8,0,0,8,0,20,9,4,33,0,0,0,33
10/25/2020,MGW,WV,AEA,CE,Federal Contract Tower,0,8,8,0,16,0,24,6,0,30,0,32,14,0,46,48,0,48,94
10/26/2020,MGW,WV,AEA,CE,Federal Contract Tower,0,14,7,0,21,0,13,12,0,25,0,27,19,0,46,60,0,60,106
10/27/2020,MGW,WV,AEA,CE,Federal Contract Tower,0,16,3,0,19,0,44,11,0,55,0,60,14,0,74,42,0,42,116
10/28/2020,MGW,WV,AEA,CE,Federal Contract Tower,0,12,5,1,18,0,0,0,0,0,0,12,5,1,18,0,0,0,18
10/29/2020,MGW,WV,AEA,CE,Federal Contract Tower,0,8,4,0,12,0,0,0,0,0,0,8,4,0,12,0,0,0,12
10/30/2020,MGW,WV,AEA,CE,Federal Contract Tower,0,12,8,0,20,0,42,0,0,42,0,54,8,0,62,0,0,0,62
10/31/2020,MGW,WV,AEA,CE,Federal Contract Tower,0,8,5,0,13,0,62,24,2,88,0,70,29,2,101,48,0,48,149
11/01/2020,MGW,WV,AEA,CE,Federal Contract Tower,0,8,0,0,8,0,17,3,0,20,0,25,3,0,28,0,0,0,28
11/02/2020,MGW,WV,AEA,CE,Federal Contract Tower,0,11,11,0,22,0,64,33,1,98,0,75,44,1,120,82,0,82,202
11/03/2020,MGW,WV,AEA,CE,Federal Contract Tower,0,12,5,0,17,0,60,23,2,85,0,72,28,2,102,42,0,42,144
11/04/2020,MGW,WV,AEA,CE,Federal Contract Tower,0,22,11,4,37,0,64,27,5,96,0,86,38,9,133,78,4,82,215
11/05/2020,MGW,WV,AEA,CE,Federal Contract Tower,0,15,6,2,23,0,76,31,0,107,0,91,37,2,130,72,0,72,202
11/06/2020,MGW,WV,AEA,CE,Federal Contract Tower,0,14,18,0,32,0,59,44,4,107,0,73,62,4,139,36,0,36,175
11/07/2020,MGW,WV,AEA,CE,Federal Contract Tower,0,11,9,0,20,0,84,53,7,144,0,95,62,7,164,26,0,26,190
11/08/2020,MGW,WV,AEA,CE,Federal Contract Tower,0,10,8,2,20,0,66,53,1,120,0,76,61,3,140,68,0,68,208
11/09/2020,MGW,WV,AEA,CE,Federal Contract Tower,0,10,9,2,21,0,37,34,1,72,0,47,43,3,93,40,0,40,133
11/10/2020,MGW,WV,AEA,CE,Federal Contract Tower,0,14,6,0,20,0,25,46,2,73,0,39,52,2,93,76,22,98,191
11/11/2020,MGW,WV,AEA,CE,Federal Contract Tower,0,23,3,0,26,0,14,0,0,14,0,37,3,0,40,0,0,0,40
11/12/2020,MGW,WV,AEA,CE,Federal Contract Tower,0,15,10,2,27,0,61,21,0,82,0,76,31,2,109,58,0,58,167
11/13/2020,MGW,WV,AEA,CE,Federal Contract Tower,0,15,9,1,25,0,50,32,7,89,0,65,41,8,114,26,0,26,140
11/14/2020,MGW,WV,AEA,CE,Federal Contract Tower,0,10,11,0,21,0,69,35,14,118,0,79,46,14,139,54,6,60,199
11/15/2020,MGW,WV,AEA,CE,Federal Contract Tower,0,11,2,0,13,0,13,1,0,14,0,24,3,0,27,0,0,0,27
11/16/2020,MGW,WV,AEA,CE,Federal Contract Tower,0,20,9,0,29,0,66,14,0,80,0,86,23,0,109,0,0,0,109
11/17/2020,MGW,WV,AEA,CE,Federal Contract Tower,0,14,4,2,20,0,15,3,0,18,0,29,7,2,38,0,0,0,38
11/18/2020,MGW,WV,AEA,CE,Federal Contract Tower,0,13,4,0,17,0,40,27,0,67,0,53,31,0,84,48,0,48,132
11/19/2020,MGW,WV,AEA,CE,Federal Contract Tower,0,12,3,0,15,0,29,22,2,53,0,41,25,2,68,52,0,52,120
11/20/2020,MGW,WV,AEA,CE,Federal Contract Tower,0,11,6,0,17,0,42,26,4,72,0,53,32,4,89,24,8,32,121
11/21/2020,MGW,WV,AEA,CE,Federal Contract Tower,0,9,10,1,20,0,3,4,1,8,0,12,14,2,28,8,0,8,36
11/22/2020,MGW,WV,AEA,CE,Federal Contract Tower,0,11,5,0,16,0,40,7,0,47,0,51,12,0,63,0,0,0,63
11/23/2020,MGW,WV,AEA,CE,Federal Contract Tower,0,17,0,0,17,0,61,1,0,62,0,78,1,0,79,0,0,0,79
11/24/2020,MGW,WV,AEA,CE,Federal Contract Tower,0,12,4,1,17,0,73,26,4,103,0,85,30,5,120,34,0,34,154
11/25/2020,MGW,WV,AEA,CE,Federal Contract Tower,0,16,15,0,31,0,50,18,0,68,0,66,33,0,99,40,0,40,139
11/26/2020,MGW,WV,AEA,CE,Federal Contract Tower,0,11,1,0,12,0,49,7,0,56,0,60,8,0,68,8,0,8,76
11/27/2020,MGW,WV,AEA,CE,Federal Contract Tower,0,14,2,0,16,0,37,17,0,54,0,51,19,0,70,44,0,44,114
11/28/2020,MGW,WV,AEA,CE,Federal Contract Tower,0,9,6,0,15,0,68,24,2,94,0,77,30,2,109,30,0,30,139
11/29/2020,MGW,WV,AEA,CE,Federal Contract Tower,0,10,13,0,23,0,59,49,5,113,0,69,62,5,136,62,0,62,198
11/30/2020,MGW,WV,AEA,CE,Federal Contract Tower,0,12,5,0,17,0,4,0,0,4,0,16,5,0,21,0,0,0,21
12/01/2020,MGW,WV,AEA,CE,Federal Contract Tower,0,13,5,0,18,0,0,0,0,0,0,13,5,0,18,0,0,0,18
12/02/2020,MGW,WV,AEA,CE,Federal Contract Tower,0,10,2,0,12,0,74,0,4,78,0,84,2,4,90,0,0,0,90
12/03/2020,MGW,WV,AEA,CE,Federal Contract Tower,0,19,22,0,41,0,63,33,0,96,0,82,55,0,137,78,0,78,215
12/04/2020,MGW,WV,AEA,CE,Federal Contract Tower,0,13,2,0,15,0,4,1,0,5,0,17,3,0,20,0,0,0,20
12/05/2020,MGW,WV,AEA,CE,Federal Contract Tower,0,8,2,0,10,0,28,5,0,33,0,36,7,0,43,16,0,16,59
12/06/2020,MGW,WV,AEA,CE,Federal Contract Tower,0,8,0,2,10,0,47,3,0,50,0,55,3,2,60,0,0,0,60
12/07/2020,MGW,WV,AEA,CE,Federal Contract Tower,0,11,2,0,13,0,40,19,0,59,0,51,21,0,72,46,0,46,118
12/08/2020,MGW,WV,AEA,CE,Federal Contract Tower,0,12,7,0,19,0,70,17,0,87,0,82,24,0,106,70,0,70,176
12/09/2020,MGW,WV,AEA,CE,Federal Contract Tower,0,14,3,2,19,0,41,6,2,49,0,55,9,4,68,32,6,38,106
12/10/2020,MGW,WV,AEA,CE,Federal Contract Tower,0,13,15,2,30,0,34,38,2,74,0,47,53,4,104,80,8,88,192
12/11/2020,MGW,WV,AEA,CE,Federal Contract Tower,0,12,17,0,29,0,65,30,5,100,0,77,47,5,129,60,0,60,189
12/12/2020,MGW,WV,AEA,CE,Federal Contract Tower,0,9,9,0,18,0,42,17,4,63,0,51,26,4,81,16,12,28,109
12/13/2020,MGW,WV,AEA,CE,Federal Contract Tower,0,11,2,0,13,0,60,15,4,79,0,71,17,4,92,24,6,30,122
12/14/2020,MGW,WV,AEA,CE,Federal Contract Tower,0,11,1,0,12,0,21,0,0,21,0,32,1,0,33,0,0,0,33
12/15/2020,MGW,WV,AEA,CE,Federal Contract Tower,0,13,8,0,21,0,45,36,0,81,0,58,44,0,102,38,0,38,140
12/16/2020,MGW,WV,AEA,CE,Federal Contract Tower,0,6,0,0,6,0,0,0,0,0,0,6,0,0,6,0,0,0,6
12/17/2020,MGW,WV,AEA,CE,Federal Contract Tower,0,13,5,0,18,0,0,0,0,0,0,13,5,0,18,0,0,0,18
12/18/2020,MGW,WV,AEA,CE,Federal Contract Tower,0,8,5,0,13,0,0,0,0,0,0,8,5,0,13,0,0,0,13
12/19/2020,MGW,WV,AEA,CE,Federal Contract Tower,0,8,14,0,22,0,21,46,0,67,0,29,60,0,89,6,0,6,95
12/20/2020,MGW,WV,AEA,CE,Federal Contract Tower,0,10,5,0,15,0,0,0,0,0,0,10,5,0,15,0,0,0,15
12/21/2020,MGW,WV,AEA,CE,Federal Contract Tower,0,12,6,0,18,0,25,6,0,31,0,37,12,0,49,28,0,28,77
12/22/2020,MGW,WV,AEA,CE,Federal Contract Tower,0,17,0,0,17,0,62,4,2,68,0,79,4,2,85,6,10,16,101
12/23/2020,MGW,WV,AEA,CE,Federal Contract Tower,0,17,18,0,35,0,62,29,4,95,0,79,47,4,130,76,10,86,216
12/24/2020,MGW,WV,AEA,CE,Federal Contract Tower,0,12,0,0,12,0,4,0,0,4,0,16,0,0,16,0,0,0,16
12/25/2020,MGW,WV,AEA,CE,Federal Contract Tower,0,0,0,0,0,0,0,0,0,0,0,0,0,0,0,0,0,0,0
12/26/2020,MGW,WV,AEA,CE,Federal Contract Tower,0,6,2,0,8,0,42,7,0,49,0,48,9,0,57,12,0,12,69
12/27/2020,MGW,WV,AEA,CE,Federal Contract Tower,0,10,9,0,19,0,79,42,4,125,0,89,51,4,144,122,14,136,280
12/28/2020,MGW,WV,AEA,CE,Federal Contract Tower,0,11,4,0,15,0,28,12,0,40,0,39,16,0,55,14,0,14,69
12/29/2020,MGW,WV,AEA,CE,Federal Contract Tower,0,21,9,0,30,0,106,46,4,156,0,127,55,4,186,72,0,72,258
12/30/2020,MGW,WV,AEA,CE,Federal Contract Tower,0,13,2,0,15,0,29,5,2,36,0,42,7,2,51,0,0,0,51
12/31/2020,MGW,WV,AEA,CE,Federal Contract Tower,0,14,3,0,17,0,4,0,0,4,0,18,3,0,21,0,0,0,21
01/01/2021,MGW,WV,AEA,CE,Federal Contract Tower,0,10,4,0,14,0,11,0,0,11,0,21,4,0,25,0,0,0,25
01/02/2021,MGW,WV,AEA,CE,Federal Contract Tower,0,8,9,0,17,0,15,3,0,18,0,23,12,0,35,0,0,0,35
01/03/2021,MGW,WV,AEA,CE,Federal Contract Tower,0,8,1,0,9,0,0,0,0,0,0,8,1,0,9,0,0,0,9
01/04/2021,MGW,WV,AEA,CE,Federal Contract Tower,0,11,1,0,12,0,2,0,0,2,0,13,1,0,14,0,0,0,14
01/05/2021,MGW,WV,AEA,CE,Federal Contract Tower,0,12,2,0,14,0,26,9,4,39,0,38,11,4,53,30,0,30,83
01/06/2021,MGW,WV,AEA,CE,Federal Contract Tower,0,11,2,2,15,0,16,0,0,16,0,27,2,2,31,0,0,0,31
01/07/2021,MGW,WV,AEA,CE,Federal Contract Tower,0,14,2,0,16,0,63,22,0,85,0,77,24,0,101,76,0,76,177
01/08/2021,MGW,WV,AEA,CE,Federal Contract Tower,0,12,9,0,21,0,37,12,2,51,0,49,21,2,72,30,0,30,102
01/09/2021,MGW,WV,AEA,CE,Federal Contract Tower,0,10,13,0,23,0,54,46,0,100,0,64,59,0,123,70,0,70,193
01/10/2021,MGW,WV,AEA,CE,Federal Contract Tower,0,8,4,2,14,0,57,61,4,122,0,65,65,6,136,112,0,112,248
01/11/2021,MGW,WV,AEA,CE,Federal Contract Tower,0,11,15,0,26,0,49,27,8,84,0,60,42,8,110,54,0,54,164
01/12/2021,MGW,WV,AEA,CE,Federal Contract Tower,0,12,4,0,16,0,50,14,1,65,0,62,18,1,81,38,0,38,119
01/13/2021,MGW,WV,AEA,CE,Federal Contract Tower,0,14,7,0,21,0,40,28,0,68,0,54,35,0,89,42,0,42,131
01/14/2021,MGW,WV,AEA,CE,Federal Contract Tower,0,12,18,0,30,0,43,38,4,85,0,55,56,4,115,102,0,102,217
01/15/2021,MGW,WV,AEA,CE,Federal Contract Tower,0,16,11,2,29,0,33,10,0,43,0,49,21,2,72,14,0,14,86
01/16/2021,MGW,WV,AEA,CE,Federal Contract Tower,0,9,2,0,11,0,4,0,0,4,0,13,2,0,15,0,0,0,15
01/17/2021,MGW,WV,AEA,CE,Federal Contract Tower,0,10,2,0,12,0,0,2,0,2,0,10,4,0,14,0,0,0,14
01/18/2021,MGW,WV,AEA,CE,Federal Contract Tower,0,11,1,0,12,0,0,0,0,0,0,11,1,0,12,0,0,0,12
01/19/2021,MGW,WV,AEA,CE,Federal Contract Tower,0,16,9,0,25,0,76,29,0,105,0,92,38,0,130,80,0,80,210
01/20/2021,MGW,WV,AEA,CE,Federal Contract Tower,0,11,3,0,14,0,34,16,3,53,0,45,19,3,67,36,0,36,103
01/21/2021,MGW,WV,AEA,CE,Federal Contract Tower,0,12,6,0,18,0,74,27,8,109,0,86,33,8,127,62,0,62,189
01/22/2021,MGW,WV,AEA,CE,Federal Contract Tower,0,22,3,0,25,0,108,27,5,140,0,130,30,5,165,28,0,28,193
01/23/2021,MGW,WV,AEA,CE,Federal Contract Tower,0,9,4,0,13,0,49,36,8,93,0,58,40,8,106,96,10,106,212
01/24/2021,MGW,WV,AEA,CE,Federal Contract Tower,0,7,6,0,13,0,17,26,6,49,0,24,32,6,62,78,0,78,140
01/25/2021,MGW,WV,AEA,CE,Federal Contract Tower,0,9,3,0,12,0,0,0,0,0,0,9,3,0,12,0,0,0,12
01/26/2021,MGW,WV,AEA,CE,Federal Contract Tower,0,11,5,10,26,0,47,15,1,63,0,58,20,11,89,38,8,46,135
01/27/2021,MGW,WV,AEA,CE,Federal Contract Tower,0,15,2,0,17,0,14,10,0,24,0,29,12,0,41,86,0,86,127
01/28/2021,MGW,WV,AEA,CE,Federal Contract Tower,0,15,4,2,21,0,44,20,0,64,0,59,24,2,85,68,0,68,153
01/29/2021,MGW,WV,AEA,CE,Federal Contract Tower,0,12,10,0,22,0,61,47,3,111,0,73,57,3,133,60,0,60,193
01/30/2021,MGW,WV,AEA,CE,Federal Contract Tower,0,11,14,0,25,0,55,77,4,136,0,66,91,4,161,94,0,94,255
01/31/2021,MGW,WV,AEA,CE,Federal Contract Tower,0,2,0,0,2,0,0,0,0,0,0,2,0,0,2,0,0,0,2
02/01/2021,MGW,WV,AEA,CE,Federal Contract Tower,0,7,2,0,9,0,0,0,0,0,0,7,2,0,9,0,0,0,9
02/02/2021,MGW,WV,AEA,CE,Federal Contract Tower,0,6,0,0,6,0,14,3,0,17,0,20,3,0,23,0,0,0,23
02/03/2021,MGW,WV,AEA,CE,Federal Contract Tower,0,7,7,0,14,0,34,18,6,58,0,41,25,6,72,46,0,46,118
02/04/2021,MGW,WV,AEA,CE,Federal Contract Tower,0,28,6,4,38,0,44,35,4,83,0,72,41,8,121,60,0,60,181
02/05/2021,MGW,WV,AEA,CE,Federal Contract Tower,0,16,9,8,33,0,57,7,2,66,0,73,16,10,99,14,0,14,113
02/06/2021,MGW,WV,AEA,CE,Federal Contract Tower,0,8,15,0,23,0,54,32,2,88,0,62,47,2,111,34,0,34,145
02/07/2021,MGW,WV,AEA,CE,Federal Contract Tower,0,8,1,2,11,0,45,14,0,59,0,53,15,2,70,48,0,48,118
02/08/2021,MGW,WV,AEA,CE,Federal Contract Tower,0,10,7,3,20,0,76,39,2,117,0,86,46,5,137,126,4,130,267
02/09/2021,MGW,WV,AEA,CE,Federal Contract Tower,0,16,0,0,16,0,4,1,0,5,0,20,1,0,21,0,0,0,21
02/10/2021,MGW,WV,AEA,CE,Federal Contract Tower,0,11,2,0,13,0,8,3,0,11,0,19,5,0,24,14,0,14,38
02/11/2021,MGW,WV,AEA,CE,Federal Contract Tower,0,11,4,0,15,0,11,2,0,13,0,22,6,0,28,0,0,0,28
02/12/2021,MGW,WV,AEA,CE,Federal Contract Tower,0,13,6,0,19,0,16,6,4,26,0,29,12,4,45,8,0,8,53
02/13/2021,MGW,WV,AEA,CE,Federal Contract Tower,0,6,0,0,6,0,0,0,0,0,0,6,0,0,6,0,0,0,6
02/14/2021,MGW,WV,AEA,CE,Federal Contract Tower,0,8,6,0,14,0,0,0,0,0,0,8,6,0,14,0,0,0,14
02/15/2021,MGW,WV,AEA,CE,Federal Contract Tower,0,4,0,0,4,0,0,0,0,0,0,4,0,0,4,0,0,0,4
02/16/2021,MGW,WV,AEA,CE,Federal Contract Tower,0,8,1,0,9,0,0,0,0,0,0,8,1,0,9,0,0,0,9
02/17/2021,MGW,WV,AEA,CE,Federal Contract Tower,0,14,6,0,20,0,60,45,4,109,0,74,51,4,129,76,0,76,205
02/18/2021,MGW,WV,AEA,CE,Federal Contract Tower,0,12,0,0,12,0,0,0,0,0,0,12,0,0,12,0,0,0,12
02/19/2021,MGW,WV,AEA,CE,Federal Contract Tower,0,10,2,0,12,0,0,0,0,0,0,10,2,0,12,0,0,0,12
02/20/2021,MGW,WV,AEA,CE,Federal Contract Tower,0,12,3,0,15,0,15,7,0,22,0,27,10,0,37,24,0,24,61
02/21/2021,MGW,WV,AEA,CE,Federal Contract Tower,0,10,16,0,26,0,50,66,14,130,0,60,82,14,156,94,10,104,260
02/22/2021,MGW,WV,AEA,CE,Federal Contract Tower,0,13,0,0,13,0,6,0,0,6,0,19,0,0,19,0,0,0,19
02/23/2021,MGW,WV,AEA,CE,Federal Contract Tower,0,16,2,0,18,0,85,17,4,106,0,101,19,4,124,6,0,6,130
02/24/2021,MGW,WV,AEA,CE,Federal Contract Tower,0,20,7,1,28,0,52,10,0,62,0,72,17,1,90,0,0,0,90
02/25/2021,MGW,WV,AEA,CE,Federal Contract Tower,0,15,11,0,26,0,74,52,14,140,0,89,63,14,166,74,22,96,262
02/26/2021,MGW,WV,AEA,CE,Federal Contract Tower,0,13,10,0,23,0,37,21,2,60,0,50,31,2,83,8,0,8,91
02/27/2021,MGW,WV,AEA,CE,Federal Contract Tower,0,12,4,0,16,0,29,4,0,33,0,41,8,0,49,0,0,0,49
02/28/2021,MGW,WV,AEA,CE,Federal Contract Tower,0,11,6,0,17,0,0,0,0,0,0,11,6,0,17,0,0,0,17
03/01/2021,MGW,WV,AEA,CE,Federal Contract Tower,0,11,4,0,15,0,28,7,0,35,0,39,11,0,50,6,0,6,56
03/02/2021,MGW,WV,AEA,CE,Federal Contract Tower,0,12,18,0,30,0,93,31,0,124,0,105,49,0,154,66,0,66,220
03/03/2021,MGW,WV,AEA,CE,Federal Contract Tower,0,15,8,8,31,0,50,37,3,90,0,65,45,11,121,62,22,84,205
03/04/2021,MGW,WV,AEA,CE,Federal Contract Tower,0,17,16,0,33,0,70,13,0,83,0,87,29,0,116,26,0,26,142
03/05/2021,MGW,WV,AEA,CE,Federal Contract Tower,0,16,9,2,27,0,70,49,12,131,0,86,58,14,158,32,14,46,204
03/06/2021,MGW,WV,AEA,CE,Federal Contract Tower,0,12,12,0,24,0,37,63,1,101,0,49,75,1,125,22,0,22,147
03/07/2021,MGW,WV,AEA,CE,Federal Contract Tower,0,16,15,2,33,0,40,61,0,101,0,56,76,2,134,92,0,92,226
03/08/2021,MGW,WV,AEA,CE,Federal Contract Tower,0,17,4,6,27,0,99,32,0,131,0,116,36,6,158,56,6,62,220
03/09/2021,MGW,WV,AEA,CE,Federal Contract Tower,0,14,14,0,28,0,81,39,0,120,0,95,53,0,148,132,0,132,280
03/10/2021,MGW,WV,AEA,CE,Federal Contract Tower,0,16,14,0,30,0,60,36,0,96,0,76,50,0,126,106,0,106,232
03/11/2021,MGW,WV,AEA,CE,Federal Contract Tower,0,22,8,0,30,0,35,4,2,41,0,57,12,2,71,0,0,0,71
03/12/2021,MGW,WV,AEA,CE,Federal Contract Tower,0,23,12,0,35,0,64,32,16,112,0,87,44,16,147,34,0,34,181
03/13/2021,MGW,WV,AEA,CE,Federal Contract Tower,0,9,9,0,18,0,63,58,6,127,0,72,67,6,145,60,0,60,205
03/14/2021,MGW,WV,AEA,CE,Federal Contract Tower,0,8,14,0,22,0,66,33,0,99,0,74,47,0,121,28,0,28,149
03/15/2021,MGW,WV,AEA,CE,Federal Contract Tower,0,12,9,0,21,0,35,38,0,73,0,47,47,0,94,54,0,54,148
03/16/2021,MGW,WV,AEA,CE,Federal Contract Tower,0,12,6,0,18,0,43,17,0,60,0,55,23,0,78,46,0,46,124
03/17/2021,MGW,WV,AEA,CE,Federal Contract Tower,0,21,11,7,39,0,40,29,0,69,0,61,40,7,108,68,8,76,184
03/18/2021,MGW,WV,AEA,CE,Federal Contract Tower,0,16,2,0,18,0,0,0,0,0,0,16,2,0,18,0,0,0,18
03/19/2021,MGW,WV,AEA,CE,Federal Contract Tower,0,12,15,2,29,0,68,20,2,90,0,80,35,4,119,4,0,4,123
03/20/2021,MGW,WV,AEA,CE,Federal Contract Tower,0,8,10,0,18,0,62,57,6,125,0,70,67,6,143,76,0,76,219
03/21/2021,MGW,WV,AEA,CE,Federal Contract Tower,0,15,12,0,27,0,79,54,8,141,0,94,66,8,168,94,0,94,262
03/22/2021,MGW,WV,AEA,CE,Federal Contract Tower,0,15,12,1,28,0,61,54,0,115,0,76,66,1,143,78,0,78,221
03/23/2021,MGW,WV,AEA,CE,Federal Contract Tower,0,12,11,0,23,0,62,36,0,98,0,74,47,0,121,100,0,100,221
03/24/2021,MGW,WV,AEA,CE,Federal Contract Tower,0,20,11,0,31,0,59,26,0,85,0,79,37,0,116,98,0,98,214
03/25/2021,MGW,WV,AEA,CE,Federal Contract Tower,0,13,8,2,23,0,56,20,0,76,0,69,28,2,99,62,0,62,161
03/26/2021,MGW,WV,AEA,CE,Federal Contract Tower,0,12,7,0,19,0,55,6,0,61,0,67,13,0,80,8,0,8,88
03/27/2021,MGW,WV,AEA,CE,Federal Contract Tower,0,10,9,0,19,0,48,58,2,108,0,58,67,2,127,94,0,94,221
03/28/2021,MGW,WV,AEA,CE,Federal Contract Tower,0,10,6,0,16,0,13,0,0,13,0,23,6,0,29,0,0,0,29
03/29/2021,MGW,WV,AEA,CE,Federal Contract Tower,0,18,9,0,27,0,89,54,2,145,0,107,63,2,172,74,0,74,246
03/30/2021,MGW,WV,AEA,CE,Federal Contract Tower,0,15,12,2,29,0,56,36,3,95,0,71,48,5,124,42,8,50,174
03/31/2021,MGW,WV,AEA,CE,Federal Contract Tower,0,15,2,0,17,0,8,2,0,10,0,23,4,0,27,0,0,0,27
04/02/2021,MGW,WV,AEA,CE,Federal Contract Tower,0,17,7,0,24,0,38,12,0,50,0,55,19,0,74,14,0,14,88
04/03/2021,MGW,WV,AEA,CE,Federal Contract Tower,0,13,9,0,22,0,52,41,2,95,0,65,50,2,117,20,0,20,137
04/04/2021,MGW,WV,AEA,CE,Federal Contract Tower,0,10,11,0,21,0,90,12,2,104,0,100,23,2,125,24,0,24,149
04/05/2021,MGW,WV,AEA,CE,Federal Contract Tower,0,13,8,0,21,0,83,49,0,132,0,96,57,0,153,70,0,70,223
04/06/2021,MGW,WV,AEA,CE,Federal Contract Tower,0,22,15,1,38,0,111,44,2,157,0,133,59,3,195,144,0,144,339
04/07/2021,MGW,WV,AEA,CE,Federal Contract Tower,0,13,22,2,37,0,43,36,0,79,0,56,58,2,116,86,0,86,202
04/08/2021,MGW,WV,AEA,CE,Federal Contract Tower,0,14,10,4,28,0,69,24,2,95,0,83,34,6,123,34,0,34,157
04/09/2021,MGW,WV,AEA,CE,Federal Contract Tower,0,12,18,2,32,0,51,29,1,81,0,63,47,3,113,56,0,56,169
04/10/2021,MGW,WV,AEA,CE,Federal Contract Tower,0,8,4,0,12,0,82,36,2,120,0,90,40,2,132,26,0,26,158
04/11/2021,MGW,WV,AEA,CE,Federal Contract Tower,0,8,5,2,15,0,31,20,0,51,0,39,25,2,66,30,0,30,96
04/12/2021,MGW,WV,AEA,CE,Federal Contract Tower,0,17,11,1,29,0,41,16,0,57,0,58,27,1,86,34,0,34,120
04/13/2021,MGW,WV,AEA,CE,Federal Contract Tower,0,14,16,2,32,0,94,30,0,124,0,108,46,2,156,54,0,54,210
04/14/2021,MGW,WV,AEA,CE,Federal Contract Tower,0,20,15,2,37,0,28,16,0,44,0,48,31,2,81,34,2,36,117
04/15/2021,MGW,WV,AEA,CE,Federal Contract Tower,0,17,11,0,28,0,62,33,6,101,0,79,44,6,129,80,0,80,209
04/16/2021,MGW,WV,AEA,CE,Federal Contract Tower,0,12,13,7,32,0,51,26,26,103,0,63,39,33,135,90,0,90,225
04/17/2021,MGW,WV,AEA,CE,Federal Contract Tower,0,10,3,0,13,0,64,45,0,109,0,74,48,0,122,56,0,56,178
04/18/2021,MGW,WV,AEA,CE,Federal Contract Tower,0,10,13,0,23,0,64,33,0,97,0,74,46,0,120,70,0,70,190
04/19/2021,MGW,WV,AEA,CE,Federal Contract Tower,0,15,10,0,25,0,74,55,10,139,0,89,65,10,164,48,0,48,212
04/20/2021,MGW,WV,AEA,CE,Federal Contract Tower,0,13,9,0,22,0,53,39,3,95,0,66,48,3,117,16,0,16,133
04/21/2021,MGW,WV,AEA,CE,Federal Contract Tower,0,13,4,0,17,0,4,0,0,4,0,17,4,0,21,0,0,0,21
04/22/2021,MGW,WV,AEA,CE,Federal Contract Tower,0,14,6,13,33,0,45,37,4,86,0,59,43,17,119,38,0,38,157
04/23/2021,MGW,WV,AEA,CE,Federal Contract Tower,0,30,10,0,40,0,73,38,10,121,0,103,48,10,161,32,0,32,193
04/24/2021,MGW,WV,AEA,CE,Federal Contract Tower,0,15,3,0,18,0,54,40,4,98,0,69,43,4,116,50,0,50,166
04/25/2021,MGW,WV,AEA,CE,Federal Contract Tower,0,14,5,3,22,0,37,7,0,44,0,51,12,3,66,12,0,12,78
04/26/2021,MGW,WV,AEA,CE,Federal Contract Tower,0,13,11,0,24,0,100,68,6,174,0,113,79,6,198,102,0,102,300
04/27/2021,MGW,WV,AEA,CE,Federal Contract Tower,0,12,13,2,27,0,141,32,5,178,0,153,45,7,205,74,10,84,289
04/28/2021,MGW,WV,AEA,CE,Federal Contract Tower,0,21,12,1,34,0,108,32,1,141,0,129,44,2,175,100,0,100,275
04/29/2021,MGW,WV,AEA,CE,Federal Contract Tower,0,19,8,0,27,0,18,8,0,26,0,37,16,0,53,24,0,24,77
04/30/2021,MGW,WV,AEA,CE,Federal Contract Tower,0,15,7,2,24,0,39,8,2,49,0,54,15,4,73,0,0,0,73
05/01/2021,MGW,WV,AEA,CE,Federal Contract Tower,0,9,3,0,12,0,46,60,1,107,0,55,63,1,119,122,0,122,241
05/02/2021,MGW,WV,AEA,CE,Federal Contract Tower,0,9,9,2,20,0,83,38,4,125,0,92,47,6,145,68,0,68,213
05/03/2021,MGW,WV,AEA,CE,Federal Contract Tower,0,12,10,1,23,0,13,15,2,30,0,25,25,3,53,28,0,28,81
05/04/2021,MGW,WV,AEA,CE,Federal Contract Tower,0,14,4,0,18,0,26,2,0,28,0,40,6,0,46,20,0,20,66
05/05/2021,MGW,WV,AEA,CE,Federal Contract Tower,0,16,17,0,33,0,19,0,0,19,0,35,17,0,52,0,0,0,52
05/06/2021,MGW,WV,AEA,CE,Federal Contract Tower,0,15,16,2,33,0,80,56,2,138,0,95,72,4,171,116,2,118,289
05/07/2021,MGW,WV,AEA,CE,Federal Contract Tower,0,12,8,2,22,0,23,6,0,29,0,35,14,2,51,24,0,24,75
05/08/2021,MGW,WV,AEA,CE,Federal Contract Tower,0,12,6,0,18,0,33,21,0,54,0,45,27,0,72,54,0,54,126
05/09/2021,MGW,WV,AEA,CE,Federal Contract Tower,0,8,4,0,12,0,0,0,0,0,0,8,4,0,12,0,0,0,12
05/10/2021,MGW,WV,AEA,CE,Federal Contract Tower,0,13,27,0,40,0,66,33,4,103,0,79,60,4,143,54,0,54,197
05/11/2021,MGW,WV,AEA,CE,Federal Contract Tower,0,15,8,0,23,0,58,56,2,116,0,73,64,2,139,136,0,136,275
05/12/2021,MGW,WV,AEA,CE,Federal Contract Tower,0,14,19,1,34,0,52,37,1,90,0,66,56,2,124,65,0,65,189
05/13/2021,MGW,WV,AEA,CE,Federal Contract Tower,0,15,17,1,33,0,58,50,2,110,0,73,67,3,143,84,2,86,229
05/14/2021,MGW,WV,AEA,CE,Federal Contract Tower,0,16,18,0,34,0,79,52,2,133,0,95,70,2,167,58,0,58,225
05/15/2021,MGW,WV,AEA,CE,Federal Contract Tower,0,12,8,0,20,0,77,77,8,162,0,89,85,8,182,82,0,82,264
05/16/2021,MGW,WV,AEA,CE,Federal Contract Tower,0,9,11,0,20,0,71,49,0,120,0,80,60,0,140,60,0,60,200
05/17/2021,MGW,WV,AEA,CE,Federal Contract Tower,0,15,14,1,30,0,65,37,4,106,0,80,51,5,136,54,8,62,198
05/18/2021,MGW,WV,AEA,CE,Federal Contract Tower,0,19,18,0,37,0,90,57,0,147,0,109,75,0,184,132,0,132,316
05/19/2021,MGW,WV,AEA,CE,Federal Contract Tower,0,18,24,0,42,0,60,48,2,110,0,78,72,2,152,132,0,132,284
05/20/2021,MGW,WV,AEA,CE,Federal Contract Tower,0,22,6,0,28,0,65,65,6,136,0,87,71,6,164,128,0,128,292
05/21/2021,MGW,WV,AEA,CE,Federal Contract Tower,0,19,13,0,32,0,88,32,10,130,0,107,45,10,162,44,0,44,206
05/22/2021,MGW,WV,AEA,CE,Federal Contract Tower,0,10,3,0,13,0,86,65,6,157,0,96,68,6,170,62,12,74,244
05/23/2021,MGW,WV,AEA,CE,Federal Contract Tower,0,9,11,0,20,0,81,46,4,131,0,90,57,4,151,116,0,116,267
05/24/2021,MGW,WV,AEA,CE,Federal Contract Tower,0,14,4,2,20,0,41,37,0,78,0,55,41,2,98,94,0,94,192
05/25/2021,MGW,WV,AEA,CE,Federal Contract Tower,0,12,10,4,26,0,79,39,2,120,0,91,49,6,146,70,8,78,224
05/26/2021,MGW,WV,AEA,CE,Federal Contract Tower,0,16,13,0,29,0,64,28,0,92,0,80,41,0,121,54,0,54,175
05/27/2021,MGW,WV,AEA,CE,Federal Contract Tower,0,19,17,0,36,0,59,58,4,121,0,78,75,4,157,126,6,132,289
05/28/2021,MGW,WV,AEA,CE,Federal Contract Tower,0,12,10,0,22,0,7,10,0,17,0,19,20,0,39,10,0,10,49
05/29/2021,MGW,WV,AEA,CE,Federal Contract Tower,0,13,8,0,21,0,0,0,0,0,0,13,8,0,21,0,0,0,21
05/30/2021,MGW,WV,AEA,CE,Federal Contract Tower,0,23,10,0,33,0,49,22,0,71,0,72,32,0,104,84,0,84,188
05/31/2021,MGW,WV,AEA,CE,Federal Contract Tower,0,16,15,0,31,0,91,50,0,141,0,107,65,0,172,64,0,64,236
06/01/2021,MGW,WV,AEA,CE,Federal Contract Tower,0,20,12,2,34,0,67,38,9,114,0,87,50,11,148,82,0,82,230
06/02/2021,MGW,WV,AEA,CE,Federal Contract Tower,0,15,18,0,33,0,64,18,0,82,0,79,36,0,115,42,0,42,157
06/03/2021,MGW,WV,AEA,CE,Federal Contract Tower,0,18,8,0,26,0,46,8,0,54,0,64,16,0,80,28,0,28,108
06/04/2021,MGW,WV,AEA,CE,Federal Contract Tower,0,16,29,3,48,0,63,36,2,101,0,79,65,5,149,56,0,56,205
06/05/2021,MGW,WV,AEA,CE,Federal Contract Tower,0,10,19,0,29,0,117,70,3,190,0,127,89,3,219,30,0,30,249
06/06/2021,MGW,WV,AEA,CE,Federal Contract Tower,0,19,12,2,33,0,108,61,4,173,0,127,73,6,206,98,0,98,304
06/07/2021,MGW,WV,AEA,CE,Federal Contract Tower,0,12,19,6,37,0,57,30,0,87,0,69,49,6,124,122,0,122,246
06/08/2021,MGW,WV,AEA,CE,Federal Contract Tower,0,19,8,2,29,0,40,18,6,64,0,59,26,8,93,38,0,38,131
06/09/2021,MGW,WV,AEA,CE,Federal Contract Tower,0,17,15,0,32,0,36,22,0,58,0,53,37,0,90,78,0,78,168
06/10/2021,MGW,WV,AEA,CE,Federal Contract Tower,0,21,17,0,38,0,62,17,0,79,0,83,34,0,117,18,0,18,135
06/11/2021,MGW,WV,AEA,CE,Federal Contract Tower,0,24,5,0,29,0,16,33,4,53,0,40,38,4,82,64,0,64,146
06/12/2021,MGW,WV,AEA,CE,Federal Contract Tower,0,12,13,0,25,0,81,59,7,147,0,93,72,7,172,62,0,62,234
06/13/2021,MGW,WV,AEA,CE,Federal Contract Tower,0,13,3,0,16,0,16,21,0,37,0,29,24,0,53,14,0,14,67
06/14/2021,MGW,WV,AEA,CE,Federal Contract Tower,0,15,7,0,22,0,47,25,30,102,0,62,32,30,124,72,0,72,196
06/15/2021,MGW,WV,AEA,CE,Federal Contract Tower,0,21,16,1,38,0,87,29,19,135,0,108,45,20,173,44,32,76,249
06/16/2021,MGW,WV,AEA,CE,Federal Contract Tower,0,17,13,2,32,0,57,38,2,97,0,74,51,4,129,88,6,94,223
06/17/2021,MGW,WV,AEA,CE,Federal Contract Tower,0,12,16,4,32,0,47,47,2,96,0,59,63,6,128,68,0,68,196
06/18/2021,MGW,WV,AEA,CE,Federal Contract Tower,0,19,18,0,37,0,77,38,12,127,0,96,56,12,164,94,0,94,258
06/19/2021,MGW,WV,AEA,CE,Federal Contract Tower,0,7,8,0,15,0,65,24,0,89,0,72,32,0,104,10,0,10,114
06/20/2021,MGW,WV,AEA,CE,Federal Contract Tower,0,13,4,0,17,0,93,25,0,118,0,106,29,0,135,46,0,46,181
06/21/2021,MGW,WV,AEA,CE,Federal Contract Tower,0,12,7,0,19,0,23,25,0,48,0,35,32,0,67,54,0,54,121
06/22/2021,MGW,WV,AEA,CE,Federal Contract Tower,0,20,6,1,27,0,56,18,1,75,0,76,24,2,102,26,0,26,128
06/23/2021,MGW,WV,AEA,CE,Federal Contract Tower,0,14,20,0,34,0,74,49,2,125,0,88,69,2,159,114,0,114,273
06/24/2021,MGW,WV,AEA,CE,Federal Contract Tower,0,12,32,0,44,0,61,70,2,133,0,73,102,2,177,164,0,164,341
06/25/2021,MGW,WV,AEA,CE,Federal Contract Tower,0,17,11,0,28,0,65,46,0,111,0,82,57,0,139,54,0,54,193
06/26/2021,MGW,WV,AEA,CE,Federal Contract Tower,0,10,5,0,15,0,66,55,2,123,0,76,60,2,138,36,0,36,174
06/27/2021,MGW,WV,AEA,CE,Federal Contract Tower,0,9,2,0,11,0,66,52,0,118,0,75,54,0,129,32,0,32,161
06/28/2021,MGW,WV,AEA,CE,Federal Contract Tower,0,14,7,0,21,0,44,49,0,93,0,58,56,0,114,98,0,98,212
06/29/2021,MGW,WV,AEA,CE,Federal Contract Tower,0,21,7,2,30,0,89,69,8,166,0,110,76,10,196,132,16,148,344
06/30/2021,MGW,WV,AEA,CE,Federal Contract Tower,0,16,10,2,28,0,48,20,0,68,0,64,30,2,96,34,0,34,130
07/01/2021,MGW,WV,AEA,CE,Federal Contract Tower,0,18,4,0,22,0,4,4,0,8,0,22,8,0,30,0,0,0,30
07/02/2021,MGW,WV,AEA,CE,Federal Contract Tower,0,22,14,0,36,0,99,39,1,139,0,121,53,1,175,60,0,60,235
07/03/2021,MGW,WV,AEA,CE,Federal Contract Tower,0,13,7,0,20,0,67,38,2,107,0,80,45,2,127,36,0,36,163
07/04/2021,MGW,WV,AEA,CE,Federal Contract Tower,0,8,7,0,15,0,112,37,0,149,0,120,44,0,164,82,0,82,246
07/05/2021,MGW,WV,AEA,CE,Federal Contract Tower,0,14,13,0,27,0,45,47,0,92,0,59,60,0,119,94,0,94,213
07/06/2021,MGW,WV,AEA,CE,Federal Contract Tower,0,12,10,0,22,0,88,38,4,130,0,100,48,4,152,42,0,42,194
07/07/2021,MGW,WV,AEA,CE,Federal Contract Tower,0,16,10,0,26,0,58,14,0,72,0,74,24,0,98,34,0,34,132
07/08/2021,MGW,WV,AEA,CE,Federal Contract Tower,0,15,12,0,27,0,50,32,0,82,0,65,44,0,109,58,0,58,167
07/09/2021,MGW,WV,AEA,CE,Federal Contract Tower,0,17,7,4,28,0,63,21,0,84,0,80,28,4,112,12,0,12,124
07/10/2021,MGW,WV,AEA,CE,Federal Contract Tower,0,9,7,0,16,0,75,92,0,167,0,84,99,0,183,36,0,36,219
07/11/2021,MGW,WV,AEA,CE,Federal Contract Tower,0,9,14,0,23,0,33,25,14,72,0,42,39,14,95,70,0,70,165
07/12/2021,MGW,WV,AEA,CE,Federal Contract Tower,0,14,14,2,30,0,72,50,14,136,0,86,64,16,166,80,0,80,246
07/13/2021,MGW,WV,AEA,CE,Federal Contract Tower,0,20,18,1,39,0,87,32,0,119,0,107,50,1,158,98,0,98,256
07/14/2021,MGW,WV,AEA,CE,Federal Contract Tower,0,27,16,2,45,0,59,30,0,89,0,86,46,2,134,122,0,122,256
07/15/2021,MGW,WV,AEA,CE,Federal Contract Tower,0,17,10,0,27,0,49,41,2,92,0,66,51,2,119,114,0,114,233
07/16/2021,MGW,WV,AEA,CE,Federal Contract Tower,0,17,15,0,32,0,20,36,6,62,0,37,51,6,94,0,0,0,94
07/17/2021,MGW,WV,AEA,CE,Federal Contract Tower,0,7,5,0,12,0,37,21,6,64,0,44,26,6,76,0,0,0,76
07/18/2021,MGW,WV,AEA,CE,Federal Contract Tower,0,12,14,0,26,0,30,43,2,75,0,42,57,2,101,72,0,72,173
07/19/2021,MGW,WV,AEA,CE,Federal Contract Tower,0,13,7,4,24,0,47,43,4,94,0,60,50,8,118,112,24,136,254
07/20/2021,MGW,WV,AEA,CE,Federal Contract Tower,0,14,6,0,20,0,79,26,1,106,0,93,32,1,126,54,0,54,180
07/21/2021,MGW,WV,AEA,CE,Federal Contract Tower,0,16,17,0,33,0,40,18,3,61,0,56,35,3,94,54,0,54,148
07/22/2021,MGW,WV,AEA,CE,Federal Contract Tower,0,12,5,0,17,0,67,50,14,131,0,79,55,14,148,66,26,92,240
07/23/2021,MGW,WV,AEA,CE,Federal Contract Tower,0,15,6,3,24,0,67,39,4,110,0,82,45,7,134,22,0,22,156
07/24/2021,MGW,WV,AEA,CE,Federal Contract Tower,0,10,12,2,24,0,115,54,5,174,0,125,66,7,198,32,0,32,230
07/25/2021,MGW,WV,AEA,CE,Federal Contract Tower,0,14,7,1,22,0,82,33,0,115,0,96,40,1,137,70,0,70,207
07/26/2021,MGW,WV,AEA,CE,Federal Contract Tower,0,13,12,0,25,0,63,56,0,119,0,76,68,0,144,36,0,36,180
07/27/2021,MGW,WV,AEA,CE,Federal Contract Tower,0,15,19,4,38,0,38,38,0,76,0,53,57,4,114,62,0,62,176
07/28/2021,MGW,WV,AEA,CE,Federal Contract Tower,0,21,23,0,44,0,92,33,2,127,0,113,56,2,171,48,2,50,221
07/29/2021,MGW,WV,AEA,CE,Federal Contract Tower,0,18,4,0,22,0,20,26,2,48,0,38,30,2,70,24,0,24,94
07/30/2021,MGW,WV,AEA,CE,Federal Contract Tower,0,13,12,1,26,0,67,33,3,103,0,80,45,4,129,54,30,84,213
07/31/2021,MGW,WV,AEA,CE,Federal Contract Tower,0,10,10,0,20,0,28,61,0,89,0,38,71,0,109,66,0,66,175
08/01/2021,MGW,WV,AEA,CE,Federal Contract Tower,0,7,11,0,18,0,48,29,3,80,0,55,40,3,98,24,0,24,122
08/02/2021,MGW,WV,AEA,CE,Federal Contract Tower,0,11,21,0,32,0,54,18,0,72,0,65,39,0,104,40,0,40,144
08/03/2021,MGW,WV,AEA,CE,Federal Contract Tower,0,21,17,4,42,0,48,25,3,76,0,69,42,7,118,80,6,86,204
08/04/2021,MGW,WV,AEA,CE,Federal Contract Tower,0,22,16,0,38,0,62,31,0,93,0,84,47,0,131,128,0,128,259
08/05/2021,MGW,WV,AEA,CE,Federal Contract Tower,0,17,11,2,30,0,89,36,0,125,0,106,47,2,155,68,0,68,223
08/06/2021,MGW,WV,AEA,CE,Federal Contract Tower,0,15,10,0,25,0,87,37,2,126,0,102,47,2,151,48,0,48,199
08/07/2021,MGW,WV,AEA,CE,Federal Contract Tower,0,13,7,0,20,0,74,37,2,113,0,87,44,2,133,48,0,48,181
08/08/2021,MGW,WV,AEA,CE,Federal Contract Tower,0,7,7,0,14,0,69,48,0,117,0,76,55,0,131,34,0,34,165
08/09/2021,MGW,WV,AEA,CE,Federal Contract Tower,0,14,17,1,32,0,41,40,2,83,0,55,57,3,115,60,0,60,175
08/10/2021,MGW,WV,AEA,CE,Federal Contract Tower,0,15,1,0,16,0,22,6,0,28,0,37,7,0,44,0,0,0,44
08/11/2021,MGW,WV,AEA,CE,Federal Contract Tower,0,13,10,2,25,0,38,16,2,56,0,51,26,4,81,30,0,30,111
08/12/2021,MGW,WV,AEA,CE,Federal Contract Tower,0,14,7,0,21,0,32,23,4,59,0,46,30,4,80,0,0,0,80
08/13/2021,MGW,WV,AEA,CE,Federal Contract Tower,0,20,9,0,29,0,62,14,2,78,0,82,23,2,107,30,0,30,137
08/14/2021,MGW,WV,AEA,CE,Federal Contract Tower,0,17,10,0,27,0,54,12,8,74,0,71,22,8,101,0,0,0,101
08/15/2021,MGW,WV,AEA,CE,Federal Contract Tower,0,11,21,0,32,0,68,35,2,105,0,79,56,2,137,68,0,68,205
08/16/2021,MGW,WV,AEA,CE,Federal Contract Tower,0,11,2,0,13,0,12,8,0,20,0,23,10,0,33,8,0,8,41
08/17/2021,MGW,WV,AEA,CE,Federal Contract Tower,0,19,6,0,25,0,46,14,0,60,0,65,20,0,85,56,0,56,141
08/18/2021,MGW,WV,AEA,CE,Federal Contract Tower,0,15,4,0,19,0,10,2,0,12,0,25,6,0,31,4,0,4,35
08/19/2021,MGW,WV,AEA,CE,Federal Contract Tower,0,20,16,0,36,0,39,13,0,52,0,59,29,0,88,12,0,12,100
08/20/2021,MGW,WV,AEA,CE,Federal Contract Tower,0,16,12,0,28,0,42,29,3,74,0,58,41,3,102,66,8,74,176
08/21/2021,MGW,WV,AEA,CE,Federal Contract Tower,0,19,14,0,33,0,68,35,2,105,0,87,49,2,138,30,0,30,168
08/22/2021,MGW,WV,AEA,CE,Federal Contract Tower,0,10,10,0,20,0,51,35,0,86,0,61,45,0,106,42,0,42,148
08/23/2021,MGW,WV,AEA,CE,Federal Contract Tower,0,19,4,5,28,0,31,28,2,61,0,50,32,7,89,50,0,50,139
08/24/2021,MGW,WV,AEA,CE,Federal Contract Tower,0,15,12,2,29,0,66,31,2,99,0,81,43,4,128,98,6,104,232
08/25/2021,MGW,WV,AEA,CE,Federal Contract Tower,0,19,12,0,31,0,52,42,0,94,0,71,54,0,125,92,0,92,217
08/27/2021,MGW,WV,AEA,CE,Federal Contract Tower,0,20,12,1,33,0,64,92,2,158,0,84,104,3,191,74,0,74,265
08/28/2021,MGW,WV,AEA,CE,Federal Contract Tower,0,18,12,0,30,0,70,40,15,125,0,88,52,15,155,52,0,52,207
08/29/2021,MGW,WV,AEA,CE,Federal Contract Tower,0,9,6,0,15,0,40,31,0,71,0,49,37,0,86,34,0,34,120
08/30/2021,MGW,WV,AEA,CE,Federal Contract Tower,0,12,8,0,20,0,54,25,4,83,0,66,33,4,103,86,0,86,189
08/31/2021,MGW,WV,AEA,CE,Federal Contract Tower,0,16,16,0,32,0,35,7,0,42,0,51,23,0,74,0,0,0,74
09/01/2021,MGW,WV,AEA,CE,Federal Contract Tower,0,15,3,0,18,0,9,3,0,12,0,24,6,0,30,0,0,0,30
09/02/2021,MGW,WV,AEA,CE,Federal Contract Tower,0,21,8,0,29,0,73,46,0,119,0,94,54,0,148,68,0,68,216
09/03/2021,MGW,WV,AEA,CE,Federal Contract Tower,0,29,12,1,42,0,48,50,2,100,0,77,62,3,142,58,0,58,200
09/04/2021,MGW,WV,AEA,CE,Federal Contract Tower,0,8,11,0,19,0,63,52,4,119,0,71,63,4,138,64,0,64,202
09/05/2021,MGW,WV,AEA,CE,Federal Contract Tower,0,7,10,0,17,0,0,0,0,0,0,7,10,0,17,0,0,0,17
09/06/2021,MGW,WV,AEA,CE,Federal Contract Tower,0,15,6,0,21,0,66,27,0,93,0,81,33,0,114,56,0,56,170
09/07/2021,MGW,WV,AEA,CE,Federal Contract Tower,0,15,14,11,40,0,78,29,0,107,0,93,43,11,147,54,0,54,201
09/08/2021,MGW,WV,AEA,CE,Federal Contract Tower,0,17,10,2,29,0,30,13,0,43,0,47,23,2,72,0,0,0,72
09/09/2021,MGW,WV,AEA,CE,Federal Contract Tower,0,19,11,0,30,0,53,26,0,79,0,72,37,0,109,44,0,44,153
09/10/2021,MGW,WV,AEA,CE,Federal Contract Tower,0,22,22,0,44,0,58,40,10,108,0,80,62,10,152,72,12,84,236
09/11/2021,MGW,WV,AEA,CE,Federal Contract Tower,0,9,14,2,25,0,98,36,6,140,0,107,50,8,165,100,0,100,265
09/12/2021,MGW,WV,AEA,CE,Federal Contract Tower,0,10,14,0,24,0,58,46,8,112,0,68,60,8,136,20,18,38,174
09/13/2021,MGW,WV,AEA,CE,Federal Contract Tower,0,11,11,0,22,0,70,31,0,101,0,81,42,0,123,64,0,64,187
09/14/2021,MGW,WV,AEA,CE,Federal Contract Tower,0,15,19,0,34,0,56,16,0,72,0,71,35,0,106,34,0,34,140
09/15/2021,MGW,WV,AEA,CE,Federal Contract Tower,0,11,10,0,21,0,48,9,2,59,0,59,19,2,80,30,10,40,120
09/16/2021,MGW,WV,AEA,CE,Federal Contract Tower,0,24,14,1,39,0,56,25,6,87,0,80,39,7,126,40,0,40,166
09/17/2021,MGW,WV,AEA,CE,Federal Contract Tower,0,15,17,0,32,0,75,28,2,105,0,90,45,2,137,34,0,34,171
09/18/2021,MGW,WV,AEA,CE,Federal Contract Tower,0,14,30,0,44,0,66,49,4,119,0,80,79,4,163,156,0,156,319
09/19/2021,MGW,WV,AEA,CE,Federal Contract Tower,0,11,4,1,16,0,62,52,0,114,0,73,56,1,130,72,0,72,202
09/20/2021,MGW,WV,AEA,CE,Federal Contract Tower,0,22,12,1,35,0,98,40,0,138,0,120,52,1,173,92,0,92,265
09/21/2021,MGW,WV,AEA,CE,Federal Contract Tower,0,14,8,6,28,0,36,24,0,60,0,50,32,6,88,44,0,44,132
09/22/2021,MGW,WV,AEA,CE,Federal Contract Tower,0,15,8,2,25,0,32,12,2,46,0,47,20,4,71,8,0,8,79
09/23/2021,MGW,WV,AEA,CE,Federal Contract Tower,0,15,9,10,34,0,40,13,3,56,0,55,22,13,90,54,0,54,144
09/24/2021,MGW,WV,AEA,CE,Federal Contract Tower,0,17,8,0,25,0,45,43,2,90,0,62,51,2,115,14,0,14,129
09/25/2021,MGW,WV,AEA,CE,Federal Contract Tower,0,9,14,2,25,0,65,38,4,107,0,74,52,6,132,66,0,66,198
09/26/2021,MGW,WV,AEA,CE,Federal Contract Tower,0,20,9,0,29,0,129,43,0,172,0,149,52,0,201,46,0,46,247
09/27/2021,MGW,WV,AEA,CE,Federal Contract Tower,0,11,6,0,17,0,87,33,2,122,0,98,39,2,139,64,0,64,203
09/28/2021,MGW,WV,AEA,CE,Federal Contract Tower,0,20,12,0,32,0,77,14,22,113,0,97,26,22,145,52,0,52,197
09/29/2021,MGW,WV,AEA,CE,Federal Contract Tower,0,16,21,2,39,0,68,42,5,115,0,84,63,7,154,68,0,68,222
09/30/2021,MGW,WV,AEA,CE,Federal Contract Tower,0,20,19,2,41,0,40,35,10,85,0,60,54,12,126,68,0,68,194
10/01/2021,MGW,WV,AEA,CE,Federal Contract Tower,0,21,28,0,49,0,39,22,0,61,0,60,50,0,110,26,0,26,136
10/02/2021,MGW,WV,AEA,CE,Federal Contract Tower,0,11,26,0,37,0,98,39,0,137,0,109,65,0,174,106,0,106,280
10/03/2021,MGW,WV,AEA,CE,Federal Contract Tower,0,26,25,0,51,0,64,34,0,98,0,90,59,0,149,68,0,68,217
10/04/2021,MGW,WV,AEA,CE,Federal Contract Tower,0,15,11,0,26,0,26,9,0,35,0,41,20,0,61,8,0,8,69
10/05/2021,MGW,WV,AEA,CE,Federal Contract Tower,0,18,12,0,30,0,61,25,2,88,0,79,37,2,118,60,0,60,178
10/06/2021,MGW,WV,AEA,CE,Federal Contract Tower,0,19,7,0,26,0,81,29,0,110,0,100,36,0,136,84,0,84,220
10/07/2021,MGW,WV,AEA,CE,Federal Contract Tower,0,20,11,0,31,0,55,21,0,76,0,75,32,0,107,48,0,48,155
10/08/2021,MGW,WV,AEA,CE,Federal Contract Tower,0,22,12,0,34,0,42,45,4,91,0,64,57,4,125,60,0,60,185
10/09/2021,MGW,WV,AEA,CE,Federal Contract Tower,0,13,16,0,29,0,52,18,0,70,0,65,34,0,99,16,0,16,115
10/10/2021,MGW,WV,AEA,CE,Federal Contract Tower,0,15,7,0,22,0,71,41,4,116,0,86,48,4,138,108,0,108,246
10/11/2021,MGW,WV,AEA,CE,Federal Contract Tower,0,11,13,0,24,0,59,34,2,95,0,70,47,2,119,68,0,68,187
10/12/2021,MGW,WV,AEA,CE,Federal Contract Tower,0,32,18,1,51,0,93,37,5,135,0,125,55,6,186,98,0,98,284
10/13/2021,MGW,WV,AEA,CE,Federal Contract Tower,0,19,32,0,51,0,97,35,0,132,0,116,67,0,183,44,0,44,227
10/14/2021,MGW,WV,AEA,CE,Federal Contract Tower,0,22,20,0,42,0,77,37,0,114,0,99,57,0,156,92,0,92,248
10/15/2021,MGW,WV,AEA,CE,Federal Contract Tower,0,15,16,0,31,0,69,31,4,104,0,84,47,4,135,66,0,66,201
10/16/2021,MGW,WV,AEA,CE,Federal Contract Tower,0,8,9,0,17,0,37,5,0,42,0,45,14,0,59,12,0,12,71
10/17/2021,MGW,WV,AEA,CE,Federal Contract Tower,0,8,14,0,22,0,51,30,2,83,0,59,44,2,105,46,0,46,151
10/18/2021,MGW,WV,AEA,CE,Federal Contract Tower,0,15,8,0,23,0,91,18,6,115,0,106,26,6,138,0,12,12,150
10/19/2021,MGW,WV,AEA,CE,Federal Contract Tower,0,24,17,5,46,0,88,46,9,143,0,112,63,14,189,60,0,60,249
10/20/2021,MGW,WV,AEA,CE,Federal Contract Tower,0,17,16,0,33,0,50,52,9,111,0,67,68,9,144,114,0,114,258
10/21/2021,MGW,WV,AEA,CE,Federal Contract Tower,0,12,14,0,26,0,36,27,4,67,0,48,41,4,93,52,0,52,145
10/22/2021,MGW,WV,AEA,CE,Federal Contract Tower,0,15,9,0,24,0,4,10,0,14,0,19,19,0,38,48,0,48,86
10/23/2021,MGW,WV,AEA,CE,Federal Contract Tower,0,10,15,0,25,0,49,4,0,53,0,59,19,0,78,0,0,0,78
10/24/2021,MGW,WV,AEA,CE,Federal Contract Tower,0,11,7,0,18,0,51,35,2,88,0,62,42,2,106,66,0,66,172
10/25/2021,MGW,WV,AEA,CE,Federal Contract Tower,0,16,6,0,22,0,25,15,4,44,0,41,21,4,66,6,0,6,72
10/26/2021,MGW,WV,AEA,CE,Federal Contract Tower,0,15,0,0,15,0,13,1,6,20,0,28,1,6,35,0,0,0,35
10/27/2021,MGW,WV,AEA,CE,Federal Contract Tower,0,16,9,2,27,0,0,0,0,0,0,16,9,2,27,0,0,0,27
10/28/2021,MGW,WV,AEA,CE,Federal Contract Tower,0,21,17,2,40,0,62,34,0,96,0,83,51,2,136,12,0,12,148
10/29/2021,MGW,WV,AEA,CE,Federal Contract Tower,0,19,15,8,42,0,43,3,0,46,0,62,18,8,88,28,0,28,116
10/30/2021,MGW,WV,AEA,CE,Federal Contract Tower,0,19,9,0,28,0,14,0,0,14,0,33,9,0,42,0,0,0,42
10/31/2021,MGW,WV,AEA,CE,Federal Contract Tower,0,20,13,0,33,0,56,4,0,60,0,76,17,0,93,0,0,0,93
11/01/2021,MGW,WV,AEA,CE,Federal Contract Tower,0,13,10,0,23,0,76,38,8,122,0,89,48,8,145,100,4,104,249
11/02/2021,MGW,WV,AEA,CE,Federal Contract Tower,0,13,9,0,22,0,48,23,3,74,0,61,32,3,96,124,8,132,228
11/03/2021,MGW,WV,AEA,CE,Federal Contract Tower,0,14,19,0,33,0,64,22,15,101,0,78,41,15,134,26,0,26,160
11/04/2021,MGW,WV,AEA,CE,Federal Contract Tower,0,20,9,0,29,0,55,46,20,121,0,75,55,20,150,82,26,108,258
11/05/2021,MGW,WV,AEA,CE,Federal Contract Tower,0,16,13,0,29,0,91,46,5,142,0,107,59,5,171,88,0,88,259
11/06/2021,MGW,WV,AEA,CE,Federal Contract Tower,0,18,16,3,37,0,94,37,11,142,0,112,53,14,179,128,6,134,313
11/07/2021,MGW,WV,AEA,CE,Federal Contract Tower,0,22,15,2,39,0,86,47,8,141,0,108,62,10,180,170,0,170,350
11/08/2021,MGW,WV,AEA,CE,Federal Contract Tower,0,12,8,0,20,0,31,29,4,64,0,43,37,4,84,26,0,26,110
11/09/2021,MGW,WV,AEA,CE,Federal Contract Tower,0,13,5,0,18,0,63,32,3,98,0,76,37,3,116,82,4,86,202
11/10/2021,MGW,WV,AEA,CE,Federal Contract Tower,0,10,11,0,21,0,66,30,2,98,0,76,41,2,119,46,0,46,165
11/11/2021,MGW,WV,AEA,CE,Federal Contract Tower,0,16,12,0,28,0,84,23,0,107,0,100,35,0,135,36,0,36,171
11/12/2021,MGW,WV,AEA,CE,Federal Contract Tower,0,14,11,0,25,0,100,33,4,137,0,114,44,4,162,46,0,46,208
11/13/2021,MGW,WV,AEA,CE,Federal Contract Tower,0,11,4,0,15,0,27,16,1,44,0,38,20,1,59,24,0,24,83
11/14/2021,MGW,WV,AEA,CE,Federal Contract Tower,0,19,3,0,22,0,34,19,2,55,0,53,22,2,77,14,0,14,91
11/15/2021,MGW,WV,AEA,CE,Federal Contract Tower,0,15,7,0,22,0,66,19,0,85,0,81,26,0,107,0,0,0,107
11/16/2021,MGW,WV,AEA,CE,Federal Contract Tower,0,17,14,0,31,0,76,41,4,121,0,93,55,4,152,74,0,74,226
11/17/2021,MGW,WV,AEA,CE,Federal Contract Tower,0,24,10,0,34,0,38,21,2,61,0,62,31,2,95,58,0,58,153
11/18/2021,MGW,WV,AEA,CE,Federal Contract Tower,0,20,14,0,34,0,18,11,0,29,0,38,25,0,63,12,0,12,75
11/19/2021,MGW,WV,AEA,CE,Federal Contract Tower,0,17,12,2,31,0,46,29,4,79,0,63,41,6,110,60,4,64,174
11/20/2021,MGW,WV,AEA,CE,Federal Contract Tower,0,21,24,0,45,0,74,33,8,115,0,95,57,8,160,214,0,214,374
11/21/2021,MGW,WV,AEA,CE,Federal Contract Tower,0,19,11,1,31,0,38,24,4,66,0,57,35,5,97,78,0,78,175
11/22/2021,MGW,WV,AEA,CE,Federal Contract Tower,0,17,9,2,28,0,51,21,1,73,0,68,30,3,101,40,0,40,141
11/23/2021,MGW,WV,AEA,CE,Federal Contract Tower,0,15,4,0,19,0,72,24,0,96,0,87,28,0,115,76,0,76,191
11/24/2021,MGW,WV,AEA,CE,Federal Contract Tower,0,12,7,0,19,0,76,34,0,110,0,88,41,0,129,64,0,64,193
11/25/2021,MGW,WV,AEA,CE,Federal Contract Tower,0,10,0,0,10,0,18,9,0,27,0,28,9,0,37,4,0,4,41
11/26/2021,MGW,WV,AEA,CE,Federal Contract Tower,0,14,2,0,16,0,30,8,0,38,0,44,10,0,54,0,0,0,54
11/27/2021,MGW,WV,AEA,CE,Federal Contract Tower,0,7,8,0,15,0,83,35,1,119,0,90,43,1,134,96,0,96,230
11/28/2021,MGW,WV,AEA,CE,Federal Contract Tower,0,11,6,0,17,0,35,6,0,41,0,46,12,0,58,0,0,0,58
11/29/2021,MGW,WV,AEA,CE,Federal Contract Tower,0,12,6,0,18,0,82,27,4,113,0,94,33,4,131,44,0,44,175
11/30/2021,MGW,WV,AEA,CE,Federal Contract Tower,0,20,5,0,25,0,51,24,2,77,0,71,29,2,102,68,0,68,170
12/01/2021,MGW,WV,AEA,CE,Federal Contract Tower,0,19,11,3,33,0,32,16,4,52,0,51,27,7,85,28,6,34,119
12/02/2021,MGW,WV,AEA,CE,Federal Contract Tower,0,16,3,0,19,0,50,11,2,63,0,66,14,2,82,16,0,16,98
12/03/2021,MGW,WV,AEA,CE,Federal Contract Tower,0,13,4,4,21,0,81,39,8,128,0,94,43,12,149,94,0,94,243
12/04/2021,MGW,WV,AEA,CE,Federal Contract Tower,0,10,7,0,17,0,88,37,3,128,0,98,44,3,145,74,0,74,219
12/05/2021,MGW,WV,AEA,CE,Federal Contract Tower,0,6,9,2,17,0,63,27,1,91,0,69,36,3,108,58,0,58,166
12/06/2021,MGW,WV,AEA,CE,Federal Contract Tower,0,15,6,0,21,0,11,0,0,11,0,26,6,0,32,0,0,0,32
12/07/2021,MGW,WV,AEA,CE,Federal Contract Tower,0,17,10,2,29,0,84,29,0,113,0,101,39,2,142,64,0,64,206
12/08/2021,MGW,WV,AEA,CE,Federal Contract Tower,0,13,5,0,18,0,24,10,2,36,0,37,15,2,54,24,0,24,78
12/09/2021,MGW,WV,AEA,CE,Federal Contract Tower,0,17,7,2,26,0,39,52,0,91,0,56,59,2,117,70,0,70,187
12/10/2021,MGW,WV,AEA,CE,Federal Contract Tower,0,17,8,0,25,0,73,32,4,109,0,90,40,4,134,54,0,54,188
12/11/2021,MGW,WV,AEA,CE,Federal Contract Tower,0,9,5,0,14,0,6,0,0,6,0,15,5,0,20,0,0,0,20
12/12/2021,MGW,WV,AEA,CE,Federal Contract Tower,0,12,15,0,27,0,54,41,2,97,0,66,56,2,124,74,0,74,198
12/13/2021,MGW,WV,AEA,CE,Federal Contract Tower,0,23,13,0,36,0,78,58,0,136,0,101,71,0,172,60,0,60,232
12/14/2021,MGW,WV,AEA,CE,Federal Contract Tower,0,12,17,0,29,0,50,33,5,88,0,62,50,5,117,114,0,114,231
12/15/2021,MGW,WV,AEA,CE,Federal Contract Tower,0,28,16,0,44,0,46,39,2,87,0,74,55,2,131,78,0,78,209
12/16/2021,MGW,WV,AEA,CE,Federal Contract Tower,0,15,7,1,23,0,72,28,2,102,0,87,35,3,125,34,20,54,179
12/17/2021,MGW,WV,AEA,CE,Federal Contract Tower,0,22,7,0,29,0,21,15,2,38,0,43,22,2,67,30,10,40,107
12/18/2021,MGW,WV,AEA,CE,Federal Contract Tower,0,15,11,0,26,0,9,5,0,14,0,24,16,0,40,0,0,0,40
12/19/2021,MGW,WV,AEA,CE,Federal Contract Tower,0,8,7,0,15,0,35,9,0,44,0,43,16,0,59,0,0,0,59
12/20/2021,MGW,WV,AEA,CE,Federal Contract Tower,0,11,8,0,19,0,84,39,2,125,0,95,47,2,144,88,0,88,232
12/21/2021,MGW,WV,AEA,CE,Federal Contract Tower,0,15,17,1,33,0,75,27,2,104,0,90,44,3,137,64,0,64,201
12/22/2021,MGW,WV,AEA,CE,Federal Contract Tower,0,19,8,2,29,0,54,17,0,71,0,73,25,2,100,28,0,28,128
12/23/2021,MGW,WV,AEA,CE,Federal Contract Tower,0,12,15,0,27,0,57,35,0,92,0,69,50,0,119,76,0,76,195
12/24/2021,MGW,WV,AEA,CE,Federal Contract Tower,0,13,0,0,13,0,92,14,0,106,0,105,14,0,119,26,0,26,145
12/25/2021,MGW,WV,AEA,CE,Federal Contract Tower,0,2,0,0,2,0,14,0,0,14,0,16,0,0,16,0,0,0,16
12/26/2021,MGW,WV,AEA,CE,Federal Contract Tower,0,11,5,0,16,0,62,25,0,87,0,73,30,0,103,62,0,62,165
12/27/2021,MGW,WV,AEA,CE,Federal Contract Tower,0,17,11,0,28,0,48,12,2,62,0,65,23,2,90,24,2,26,116
12/28/2021,MGW,WV,AEA,CE,Federal Contract Tower,0,13,2,0,15,0,34,8,0,42,0,47,10,0,57,2,0,2,59
12/29/2021,MGW,WV,AEA,CE,Federal Contract Tower,0,18,10,4,32,0,42,1,2,45,0,60,11,6,77,0,12,12,89
12/30/2021,MGW,WV,AEA,CE,Federal Contract Tower,0,12,12,0,24,0,25,13,0,38,0,37,25,0,62,48,0,48,110
12/31/2021,MGW,WV,AEA,CE,Federal Contract Tower,0,14,6,0,20,0,98,32,2,132,0,112,38,2,152,94,0,94,246
01/01/2022,MGW,WV,AEA,CE,Federal Contract Tower,0,3,1,0,4,0,0,0,0,0,0,3,1,0,4,0,0,0,4
01/02/2022,MGW,WV,AEA,CE,Federal Contract Tower,0,15,5,0,20,0,0,0,0,0,0,15,5,0,20,0,0,0,20
01/03/2022,MGW,WV,AEA,CE,Federal Contract Tower,0,12,9,0,21,0,37,2,2,41,0,49,11,2,62,22,0,22,84
01/04/2022,MGW,WV,AEA,CE,Federal Contract Tower,0,15,8,0,23,0,64,46,8,118,0,79,54,8,141,72,0,72,213
01/05/2022,MGW,WV,AEA,CE,Federal Contract Tower,0,14,5,0,19,0,30,5,2,37,0,44,10,2,56,16,0,16,72
01/06/2022,MGW,WV,AEA,CE,Federal Contract Tower,0,13,10,0,23,0,38,18,0,56,0,51,28,0,79,28,0,28,107
01/07/2022,MGW,WV,AEA,CE,Federal Contract Tower,0,0,0,0,0,0,4,3,0,7,0,4,3,0,7,0,0,0,7
01/08/2022,MGW,WV,AEA,CE,Federal Contract Tower,0,9,5,0,14,0,92,43,2,137,0,101,48,2,151,94,0,94,245
01/09/2022,MGW,WV,AEA,CE,Federal Contract Tower,0,11,4,0,15,0,0,0,0,0,0,11,4,0,15,0,0,0,15
01/10/2022,MGW,WV,AEA,CE,Federal Contract Tower,0,15,3,0,18,0,76,21,2,99,0,91,24,2,117,24,0,24,141
01/11/2022,MGW,WV,AEA,CE,Federal Contract Tower,0,19,4,0,23,0,48,14,2,64,0,67,18,2,87,42,0,42,129
01/12/2022,MGW,WV,AEA,CE,Federal Contract Tower,0,13,8,2,23,0,80,10,6,96,0,93,18,8,119,28,2,30,149
01/13/2022,MGW,WV,AEA,CE,Federal Contract Tower,0,12,7,0,19,0,30,17,0,47,0,42,24,0,66,12,0,12,78
01/14/2022,MGW,WV,AEA,CE,Federal Contract Tower,0,16,6,0,22,0,8,4,0,12,0,24,10,0,34,6,0,6,40
01/15/2022,MGW,WV,AEA,CE,Federal Contract Tower,0,11,8,0,19,0,87,38,1,126,0,98,46,1,145,42,0,42,187
01/16/2022,MGW,WV,AEA,CE,Federal Contract Tower,0,7,0,0,7,0,10,14,0,24,0,17,14,0,31,0,0,0,31
01/17/2022,MGW,WV,AEA,CE,Federal Contract Tower,0,0,0,0,0,0,4,0,0,4,0,4,0,0,4,0,0,0,4
01/18/2022,MGW,WV,AEA,CE,Federal Contract Tower,0,0,0,0,0,0,30,0,0,30,0,30,0,0,30,0,0,0,30
01/19/2022,MGW,WV,AEA,CE,Federal Contract Tower,0,11,4,2,17,0,32,10,0,42,0,43,14,2,59,2,0,2,61
01/20/2022,MGW,WV,AEA,CE,Federal Contract Tower,0,12,0,0,12,0,25,2,0,27,0,37,2,0,39,0,0,0,39
01/21/2022,MGW,WV,AEA,CE,Federal Contract Tower,0,15,6,4,25,0,56,33,8,97,0,71,39,12,122,24,10,34,156
01/22/2022,MGW,WV,AEA,CE,Federal Contract Tower,0,8,2,0,10,0,73,49,6,128,0,81,51,6,138,64,0,64,202
01/23/2022,MGW,WV,AEA,CE,Federal Contract Tower,0,6,2,0,8,0,14,7,0,21,0,20,9,0,29,0,0,0,29
01/24/2022,MGW,WV,AEA,CE,Federal Contract Tower,0,9,11,2,22,0,34,5,0,39,0,43,16,2,61,0,0,0,61
01/25/2022,MGW,WV,AEA,CE,Federal Contract Tower,0,13,6,0,19,0,61,10,2,73,0,74,16,2,92,0,0,0,92
01/26/2022,MGW,WV,AEA,CE,Federal Contract Tower,0,15,2,0,17,0,26,6,0,32,0,41,8,0,49,0,0,0,49
01/27/2022,MGW,WV,AEA,CE,Federal Contract Tower,0,14,3,0,17,0,74,34,6,114,0,88,37,6,131,66,0,66,197
01/28/2022,MGW,WV,AEA,CE,Federal Contract Tower,0,7,10,0,17,0,4,0,0,4,0,11,10,0,21,0,0,0,21
01/29/2022,MGW,WV,AEA,CE,Federal Contract Tower,0,9,8,0,17,0,67,34,0,101,0,76,42,0,118,44,0,44,162
01/30/2022,MGW,WV,AEA,CE,Federal Contract Tower,0,12,6,0,18,0,76,29,0,105,0,88,35,0,123,72,0,72,195
01/31/2022,MGW,WV,AEA,CE,Federal Contract Tower,0,11,8,4,23,0,74,46,11,131,0,85,54,15,154,68,2,70,224
02/01/2022,MGW,WV,AEA,CE,Federal Contract Tower,0,23,6,0,29,0,95,42,11,148,0,118,48,11,177,58,0,58,235
02/02/2022,MGW,WV,AEA,CE,Federal Contract Tower,0,12,4,0,16,0,20,11,0,31,0,32,15,0,47,18,0,18,65
02/03/2022,MGW,WV,AEA,CE,Federal Contract Tower,0,9,2,0,11,0,4,0,0,4,0,13,2,0,15,0,0,0,15
02/04/2022,MGW,WV,AEA,CE,Federal Contract Tower,0,8,1,0,9,0,0,0,0,0,0,8,1,0,9,0,0,0,9
02/05/2022,MGW,WV,AEA,CE,Federal Contract Tower,0,10,9,0,19,0,23,7,0,30,0,33,16,0,49,12,0,12,61
02/06/2022,MGW,WV,AEA,CE,Federal Contract Tower,0,9,4,0,13,0,86,34,2,122,0,95,38,2,135,84,0,84,219
02/07/2022,MGW,WV,AEA,CE,Federal Contract Tower,0,21,11,0,32,0,76,37,7,120,0,97,48,7,152,90,0,90,242
02/08/2022,MGW,WV,AEA,CE,Federal Contract Tower,0,18,18,0,36,0,77,25,0,102,0,95,43,0,138,74,0,74,212
02/09/2022,MGW,WV,AEA,CE,Federal Contract Tower,0,18,10,0,28,0,44,16,0,60,0,62,26,0,88,26,0,26,114
02/10/2022,MGW,WV,AEA,CE,Federal Contract Tower,0,17,12,0,29,0,125,28,0,153,0,142,40,0,182,54,0,54,236
02/11/2022,MGW,WV,AEA,CE,Federal Contract Tower,0,11,6,0,17,0,84,18,2,104,0,95,24,2,121,8,0,8,129
02/12/2022,MGW,WV,AEA,CE,Federal Contract Tower,0,9,4,0,13,0,93,15,0,108,0,102,19,0,121,32,0,32,153
02/13/2022,MGW,WV,AEA,CE,Federal Contract Tower,0,7,8,0,15,0,38,12,0,50,0,45,20,0,65,60,0,60,125
02/14/2022,MGW,WV,AEA,CE,Federal Contract Tower,0,12,8,0,20,0,76,15,2,93,0,88,23,2,113,0,0,0,113
02/15/2022,MGW,WV,AEA,CE,Federal Contract Tower,0,16,22,0,38,0,54,25,2,81,0,70,47,2,119,60,0,60,179
02/16/2022,MGW,WV,AEA,CE,Federal Contract Tower,0,16,7,0,23,0,60,23,0,83,0,76,30,0,106,60,0,60,166
02/17/2022,MGW,WV,AEA,CE,Federal Contract Tower,0,12,6,2,20,0,34,2,2,38,0,46,8,4,58,0,0,0,58
02/18/2022,MGW,WV,AEA,CE,Federal Contract Tower,0,13,8,0,21,0,16,12,0,28,0,29,20,0,49,30,0,30,79
02/19/2022,MGW,WV,AEA,CE,Federal Contract Tower,0,9,4,0,13,0,37,0,0,37,0,46,4,0,50,0,0,0,50
02/20/2022,MGW,WV,AEA,CE,Federal Contract Tower,0,8,15,0,23,0,68,73,0,141,0,76,88,0,164,84,0,84,248
02/21/2022,MGW,WV,AEA,CE,Federal Contract Tower,0,17,22,0,39,0,94,49,2,145,0,111,71,2,184,112,0,112,296
02/22/2022,MGW,WV,AEA,CE,Federal Contract Tower,0,17,6,2,25,0,42,6,0,48,0,59,12,2,73,0,0,0,73
02/23/2022,MGW,WV,AEA,CE,Federal Contract Tower,0,15,6,2,23,0,37,15,0,52,0,52,21,2,75,24,0,24,99
02/24/2022,MGW,WV,AEA,CE,Federal Contract Tower,0,21,4,0,25,0,13,2,0,15,0,34,6,0,40,18,0,18,58
02/25/2022,MGW,WV,AEA,CE,Federal Contract Tower,0,14,7,0,21,0,6,5,0,11,0,20,12,0,32,0,0,0,32
02/26/2022,MGW,WV,AEA,CE,Federal Contract Tower,0,11,35,0,46,0,68,51,5,124,0,79,86,5,170,66,0,66,236
02/27/2022,MGW,WV,AEA,CE,Federal Contract Tower,0,7,7,0,14,0,53,32,0,85,0,60,39,0,99,32,0,32,131
02/28/2022,MGW,WV,AEA,CE,Federal Contract Tower,0,12,23,2,37,0,79,63,2,144,0,91,86,4,181,132,0,132,313
03/01/2022,MGW,WV,AEA,CE,Federal Contract Tower,0,13,8,0,21,0,70,25,5,100,0,83,33,5,121,44,0,44,165
03/02/2022,MGW,WV,AEA,CE,Federal Contract Tower,0,11,6,0,17,0,30,20,1,51,0,41,26,1,68,46,12,58,126
03/03/2022,MGW,WV,AEA,CE,Federal Contract Tower,0,11,25,0,36,0,96,20,0,116,0,107,45,0,152,80,0,80,232
03/04/2022,MGW,WV,AEA,CE,Federal Contract Tower,0,17,11,2,30,0,89,67,16,172,0,106,78,18,202,88,0,88,290
03/05/2022,MGW,WV,AEA,CE,Federal Contract Tower,0,10,10,0,20,0,53,40,13,106,0,63,50,13,126,64,0,64,190
03/06/2022,MGW,WV,AEA,CE,Federal Contract Tower,0,11,12,2,25,0,45,15,0,60,0,56,27,2,85,18,0,18,103
03/07/2022,MGW,WV,AEA,CE,Federal Contract Tower,0,9,4,0,13,0,11,0,0,11,0,20,4,0,24,0,0,0,24
03/08/2022,MGW,WV,AEA,CE,Federal Contract Tower,0,12,3,2,17,0,46,14,1,61,0,58,17,3,78,32,0,32,110
03/09/2022,MGW,WV,AEA,CE,Federal Contract Tower,0,14,6,0,20,0,30,9,0,39,0,44,15,0,59,42,0,42,101
03/10/2022,MGW,WV,AEA,CE,Federal Contract Tower,0,17,13,0,30,0,34,41,0,75,0,51,54,0,105,48,0,48,153
03/11/2022,MGW,WV,AEA,CE,Federal Contract Tower,0,16,14,0,30,0,63,51,4,118,0,79,65,4,148,88,10,98,246
03/12/2022,MGW,WV,AEA,CE,Federal Contract Tower,0,5,0,0,5,0,2,0,0,2,0,7,0,0,7,0,0,0,7
03/13/2022,MGW,WV,AEA,CE,Federal Contract Tower,0,8,2,0,10,0,62,32,2,96,0,70,34,2,106,26,0,26,132
03/14/2022,MGW,WV,AEA,CE,Federal Contract Tower,0,11,13,1,25,0,70,33,4,107,0,81,46,5,132,58,0,58,190
03/15/2022,MGW,WV,AEA,CE,Federal Contract Tower,0,19,14,0,33,0,82,40,4,126,0,101,54,4,159,60,0,60,219
03/16/2022,MGW,WV,AEA,CE,Federal Contract Tower,0,15,12,0,27,0,78,44,5,127,0,93,56,5,154,96,0,96,250
03/17/2022,MGW,WV,AEA,CE,Federal Contract Tower,0,24,18,2,44,0,71,38,9,118,0,95,56,11,162,86,8,94,256
03/18/2022,MGW,WV,AEA,CE,Federal Contract Tower,0,17,19,2,38,0,55,49,9,113,0,72,68,11,151,70,2,72,223
03/19/2022,MGW,WV,AEA,CE,Federal Contract Tower,0,8,2,0,10,0,40,11,7,58,0,48,13,7,68,8,4,12,80
03/20/2022,MGW,WV,AEA,CE,Federal Contract Tower,0,6,3,0,9,0,43,7,0,50,0,49,10,0,59,34,0,34,93
03/21/2022,MGW,WV,AEA,CE,Federal Contract Tower,0,12,9,0,21,0,39,45,9,93,0,51,54,9,114,64,0,64,178
03/22/2022,MGW,WV,AEA,CE,Federal Contract Tower,0,19,11,0,30,0,66,45,3,114,0,85,56,3,144,38,0,38,182
03/23/2022,MGW,WV,AEA,CE,Federal Contract Tower,0,13,8,0,21,0,42,7,0,49,0,55,15,0,70,26,0,26,96
03/24/2022,MGW,WV,AEA,CE,Federal Contract Tower,0,13,10,0,23,0,53,42,3,98,0,66,52,3,121,96,0,96,217
03/25/2022,MGW,WV,AEA,CE,Federal Contract Tower,0,14,10,2,26,0,50,20,1,71,0,64,30,3,97,38,0,38,135
03/26/2022,MGW,WV,AEA,CE,Federal Contract Tower,0,14,2,2,18,0,12,3,2,17,0,26,5,4,35,0,0,0,35
03/27/2022,MGW,WV,AEA,CE,Federal Contract Tower,0,9,3,0,12,0,10,1,0,11,0,19,4,0,23,0,0,0,23
03/28/2022,MGW,WV,AEA,CE,Federal Contract Tower,0,20,15,0,35,0,42,19,2,63,0,62,34,2,98,0,0,0,98
03/29/2022,MGW,WV,AEA,CE,Federal Contract Tower,0,18,10,0,28,0,65,50,4,119,0,83,60,4,147,140,0,140,287
03/30/2022,MGW,WV,AEA,CE,Federal Contract Tower,0,12,19,2,33,0,46,19,0,65,0,58,38,2,98,40,0,40,138
03/31/2022,MGW,WV,AEA,CE,Federal Contract Tower,0,18,5,0,23,0,62,19,1,82,0,80,24,1,105,50,0,50,155
04/01/2022,MGW,WV,AEA,CE,Federal Contract Tower,0,15,8,0,23,0,26,1,0,27,0,41,9,0,50,0,0,0,50
04/02/2022,MGW,WV,AEA,CE,Federal Contract Tower,0,10,17,0,27,0,67,96,17,180,0,77,113,17,207,192,12,204,411
04/03/2022,MGW,WV,AEA,CE,Federal Contract Tower,0,14,8,2,24,0,45,20,0,65,0,59,28,2,89,58,0,58,147
04/04/2022,MGW,WV,AEA,CE,Federal Contract Tower,0,11,13,0,24,0,42,40,0,82,0,53,53,0,106,44,0,44,150
04/05/2022,MGW,WV,AEA,CE,Federal Contract Tower,0,16,4,0,20,0,46,13,4,63,0,62,17,4,83,40,0,40,123
04/06/2022,MGW,WV,AEA,CE,Federal Contract Tower,0,12,9,0,21,0,24,11,0,35,0,36,20,0,56,70,0,70,126
04/07/2022,MGW,WV,AEA,CE,Federal Contract Tower,0,12,9,0,21,0,47,29,0,76,0,59,38,0,97,100,0,100,197
04/08/2022,MGW,WV,AEA,CE,Federal Contract Tower,0,20,9,0,29,0,26,34,4,64,0,46,43,4,93,74,0,74,167
04/09/2022,MGW,WV,AEA,CE,Federal Contract Tower,0,9,6,0,15,0,8,7,0,15,0,17,13,0,30,16,0,16,46
04/10/2022,MGW,WV,AEA,CE,Federal Contract Tower,0,7,14,0,21,0,78,38,0,116,0,85,52,0,137,40,0,40,177
04/11/2022,MGW,WV,AEA,CE,Federal Contract Tower,0,15,16,0,31,0,76,48,9,133,0,91,64,9,164,38,0,38,202
04/12/2022,MGW,WV,AEA,CE,Federal Contract Tower,0,15,20,0,35,0,61,25,2,88,0,76,45,2,123,60,0,60,183
04/13/2022,MGW,WV,AEA,CE,Federal Contract Tower,0,11,9,0,20,0,53,32,0,85,0,64,41,0,105,58,0,58,163
04/14/2022,MGW,WV,AEA,CE,Federal Contract Tower,0,21,14,1,36,0,59,35,1,95,0,80,49,2,131,52,0,52,183
04/15/2022,MGW,WV,AEA,CE,Federal Contract Tower,0,16,12,0,28,0,94,46,5,145,0,110,58,5,173,48,0,48,221
04/16/2022,MGW,WV,AEA,CE,Federal Contract Tower,0,12,14,0,26,0,76,30,0,106,0,88,44,0,132,34,0,34,166
04/17/2022,MGW,WV,AEA,CE,Federal Contract Tower,0,8,6,0,14,0,45,45,0,90,0,53,51,0,104,56,0,56,160
04/18/2022,MGW,WV,AEA,CE,Federal Contract Tower,0,4,5,0,9,0,0,0,0,0,0,4,5,0,9,0,0,0,9
04/19/2022,MGW,WV,AEA,CE,Federal Contract Tower,0,14,10,0,24,0,8,2,0,10,0,22,12,0,34,0,0,0,34
04/20/2022,MGW,WV,AEA,CE,Federal Contract Tower,0,16,18,2,36,0,94,66,2,162,0,110,84,4,198,134,2,136,334
04/21/2022,MGW,WV,AEA,CE,Federal Contract Tower,0,20,12,4,36,0,40,27,13,80,0,60,39,17,116,26,0,26,142
04/22/2022,MGW,WV,AEA,CE,Federal Contract Tower,0,17,4,0,21,0,65,68,7,140,0,82,72,7,161,40,16,56,217
04/23/2022,MGW,WV,AEA,CE,Federal Contract Tower,0,12,9,0,21,0,68,72,2,142,0,80,81,2,163,120,0,120,283
04/24/2022,MGW,WV,AEA,CE,Federal Contract Tower,0,7,12,0,19,0,105,78,4,187,0,112,90,4,206,98,0,98,304
04/25/2022,MGW,WV,AEA,CE,Federal Contract Tower,0,14,5,0,19,0,88,56,2,146,0,102,61,2,165,128,0,128,293
04/26/2022,MGW,WV,AEA,CE,Federal Contract Tower,0,13,9,1,23,0,24,8,1,33,0,37,17,2,56,0,0,0,56
04/27/2022,MGW,WV,AEA,CE,Federal Contract Tower,0,15,8,0,23,0,64,17,6,87,0,79,25,6,110,70,0,70,180
04/28/2022,MGW,WV,AEA,CE,Federal Contract Tower,0,18,7,4,29,0,74,60,3,137,0,92,67,7,166,116,0,116,282
04/29/2022,MGW,WV,AEA,CE,Federal Contract Tower,0,15,11,6,32,0,61,66,4,131,0,76,77,10,163,88,0,88,251
04/30/2022,MGW,WV,AEA,CE,Federal Contract Tower,0,15,26,0,41,0,124,70,0,194,0,139,96,0,235,38,0,38,273
05/01/2022,MGW,WV,AEA,CE,Federal Contract Tower,0,11,7,0,18,0,21,8,0,29,0,32,15,0,47,0,0,0,47
05/02/2022,MGW,WV,AEA,CE,Federal Contract Tower,0,12,11,0,23,0,59,44,2,105,0,71,55,2,128,40,0,40,168
05/03/2022,MGW,WV,AEA,CE,Federal Contract Tower,0,14,10,8,32,0,60,24,0,84,0,74,34,8,116,52,0,52,168
05/04/2022,MGW,WV,AEA,CE,Federal Contract Tower,0,15,10,5,30,0,28,11,2,41,0,43,21,7,71,10,6,16,87
05/05/2022,MGW,WV,AEA,CE,Federal Contract Tower,0,10,13,4,27,0,50,34,2,86,0,60,47,6,113,52,4,56,169
05/06/2022,MGW,WV,AEA,CE,Federal Contract Tower,0,11,7,0,18,0,6,2,0,8,0,17,9,0,26,0,0,0,26
05/07/2022,MGW,WV,AEA,CE,Federal Contract Tower,0,13,10,0,23,0,10,0,0,10,0,23,10,0,33,0,0,0,33
05/08/2022,MGW,WV,AEA,CE,Federal Contract Tower,0,7,8,0,15,0,53,38,0,91,0,60,46,0,106,58,0,58,164
05/09/2022,MGW,WV,AEA,CE,Federal Contract Tower,0,14,11,0,25,0,90,50,4,144,0,104,61,4,169,64,0,64,233
05/10/2022,MGW,WV,AEA,CE,Federal Contract Tower,0,13,19,0,32,0,60,68,0,128,0,73,87,0,160,122,0,122,282
05/11/2022,MGW,WV,AEA,CE,Federal Contract Tower,0,16,18,0,34,0,74,49,16,139,0,90,67,16,173,122,0,122,295
05/12/2022,MGW,WV,AEA,CE,Federal Contract Tower,0,14,21,1,36,0,60,50,25,135,0,74,71,26,171,76,16,92,263
05/13/2022,MGW,WV,AEA,CE,Federal Contract Tower,0,18,9,0,27,0,97,36,17,150,0,115,45,17,177,50,0,50,227
05/14/2022,MGW,WV,AEA,CE,Federal Contract Tower,0,15,6,0,21,0,32,29,3,64,0,47,35,3,85,34,0,34,119
05/15/2022,MGW,WV,AEA,CE,Federal Contract Tower,0,10,22,1,33,0,55,20,1,76,0,65,42,2,109,68,0,68,177
05/16/2022,MGW,WV,AEA,CE,Federal Contract Tower,0,14,5,0,19,0,23,13,0,36,0,37,18,0,55,24,0,24,79
05/17/2022,MGW,WV,AEA,CE,Federal Contract Tower,0,18,11,0,29,0,89,43,0,132,0,107,54,0,161,84,0,84,245
05/18/2022,MGW,WV,AEA,CE,Federal Contract Tower,0,24,12,0,36,0,68,24,1,93,0,92,36,1,129,32,8,40,169
05/19/2022,MGW,WV,AEA,CE,Federal Contract Tower,0,25,19,1,45,0,62,37,10,109,0,87,56,11,154,68,0,68,222
05/20/2022,MGW,WV,AEA,CE,Federal Contract Tower,0,19,12,2,33,0,48,27,6,81,0,67,39,8,114,44,10,54,168
05/21/2022,MGW,WV,AEA,CE,Federal Contract Tower,0,10,10,1,21,0,86,38,5,129,0,96,48,6,150,64,0,64,214
05/22/2022,MGW,WV,AEA,CE,Federal Contract Tower,0,9,8,0,17,0,38,19,5,62,0,47,27,5,79,50,4,54,133
05/23/2022,MGW,WV,AEA,CE,Federal Contract Tower,0,11,13,0,24,0,44,31,1,76,0,55,44,1,100,18,0,18,118
05/24/2022,MGW,WV,AEA,CE,Federal Contract Tower,0,15,8,0,23,0,57,15,2,74,0,72,23,2,97,28,10,38,135
05/25/2022,MGW,WV,AEA,CE,Federal Contract Tower,0,20,9,0,29,0,72,42,4,118,0,92,51,4,147,90,0,90,237
05/26/2022,MGW,WV,AEA,CE,Federal Contract Tower,0,19,9,5,33,0,71,27,3,101,0,90,36,8,134,60,6,66,200
05/27/2022,MGW,WV,AEA,CE,Federal Contract Tower,0,14,6,0,20,0,41,5,0,46,0,55,11,0,66,8,0,8,74
05/28/2022,MGW,WV,AEA,CE,Federal Contract Tower,0,12,10,1,23,0,25,5,0,30,0,37,15,1,53,22,0,22,75
05/29/2022,MGW,WV,AEA,CE,Federal Contract Tower,0,9,18,0,27,0,58,54,0,112,0,67,72,0,139,76,0,76,215
05/30/2022,MGW,WV,AEA,CE,Federal Contract Tower,0,16,11,0,27,0,75,43,2,120,0,91,54,2,147,52,0,52,199
05/31/2022,MGW,WV,AEA,CE,Federal Contract Tower,0,17,8,0,25,0,55,26,2,83,0,72,34,2,108,28,2,30,138
06/01/2022,MGW,WV,AEA,CE,Federal Contract Tower,0,17,12,2,31,0,72,25,2,99,0,89,37,4,130,30,0,30,160
06/02/2022,MGW,WV,AEA,CE,Federal Contract Tower,0,18,11,0,29,0,32,14,0,46,0,50,25,0,75,34,0,34,109
06/03/2022,MGW,WV,AEA,CE,Federal Contract Tower,0,18,9,0,27,0,42,47,8,97,0,60,56,8,124,104,0,104,228
06/04/2022,MGW,WV,AEA,CE,Federal Contract Tower,0,14,10,0,24,0,74,65,2,141,0,88,75,2,165,60,0,60,225
06/05/2022,MGW,WV,AEA,CE,Federal Contract Tower,0,14,9,0,23,0,48,56,0,104,0,62,65,0,127,108,0,108,235
06/06/2022,MGW,WV,AEA,CE,Federal Contract Tower,0,15,15,0,30,0,60,55,3,118,0,75,70,3,148,122,0,122,270
06/07/2022,MGW,WV,AEA,CE,Federal Contract Tower,0,18,8,3,29,0,23,0,0,23,0,41,8,3,52,0,0,0,52
06/08/2022,MGW,WV,AEA,CE,Federal Contract Tower,0,16,15,2,33,0,42,21,4,67,0,58,36,6,100,74,0,74,174
06/09/2022,MGW,WV,AEA,CE,Federal Contract Tower,0,12,20,0,32,0,48,46,4,98,0,60,66,4,130,106,0,106,236
06/10/2022,MGW,WV,AEA,CE,Federal Contract Tower,0,23,15,0,38,0,55,52,2,109,0,78,67,2,147,108,0,108,255
06/11/2022,MGW,WV,AEA,CE,Federal Contract Tower,0,11,13,0,24,0,67,54,2,123,0,78,67,2,147,86,0,86,233
06/12/2022,MGW,WV,AEA,CE,Federal Contract Tower,0,10,4,0,14,0,59,26,0,85,0,69,30,0,99,18,0,18,117
06/13/2022,MGW,WV,AEA,CE,Federal Contract Tower,0,17,17,0,34,0,79,42,8,129,0,96,59,8,163,62,0,62,225
06/14/2022,MGW,WV,AEA,CE,Federal Contract Tower,0,13,3,0,16,0,11,7,4,22,0,24,10,4,38,18,0,18,56
06/15/2022,MGW,WV,AEA,CE,Federal Contract Tower,0,15,20,0,35,0,46,34,0,80,0,61,54,0,115,38,0,38,153
06/16/2022,MGW,WV,AEA,CE,Federal Contract Tower,0,25,10,0,35,0,52,30,6,88,0,77,40,6,123,28,0,28,151
06/17/2022,MGW,WV,AEA,CE,Federal Contract Tower,0,33,12,2,47,0,99,36,3,138,0,132,48,5,185,52,0,52,237
06/18/2022,MGW,WV,AEA,CE,Federal Contract Tower,0,13,14,0,27,0,76,29,0,105,0,89,43,0,132,36,0,36,168
06/19/2022,MGW,WV,AEA,CE,Federal Contract Tower,0,12,5,0,17,0,74,47,1,122,0,86,52,1,139,64,0,64,203
06/20/2022,MGW,WV,AEA,CE,Federal Contract Tower,0,17,18,0,35,0,75,45,3,123,0,92,63,3,158,76,0,76,234
06/21/2022,MGW,WV,AEA,CE,Federal Contract Tower,0,26,7,2,35,0,104,43,9,156,0,130,50,11,191,72,20,92,283
06/22/2022,MGW,WV,AEA,CE,Federal Contract Tower,0,25,6,4,35,0,34,33,10,77,0,59,39,14,112,56,4,60,172
06/23/2022,MGW,WV,AEA,CE,Federal Contract Tower,0,16,20,2,38,0,54,72,3,129,0,70,92,5,167,158,8,166,333
06/24/2022,MGW,WV,AEA,CE,Federal Contract Tower,0,21,22,2,45,0,66,74,3,143,0,87,96,5,188,122,0,122,310
06/25/2022,MGW,WV,AEA,CE,Federal Contract Tower,0,9,10,0,19,0,79,70,4,153,0,88,80,4,172,68,0,68,240
06/26/2022,MGW,WV,AEA,CE,Federal Contract Tower,0,13,8,0,21,0,28,26,2,56,0,41,34,2,77,62,10,72,149
06/27/2022,MGW,WV,AEA,CE,Federal Contract Tower,0,13,9,0,22,0,68,53,0,121,0,81,62,0,143,88,0,88,231
06/28/2022,MGW,WV,AEA,CE,Federal Contract Tower,0,18,24,0,42,0,71,57,4,132,0,89,81,4,174,114,24,138,312
06/29/2022,MGW,WV,AEA,CE,Federal Contract Tower,0,15,19,0,34,0,66,54,8,128,0,81,73,8,162,92,8,100,262
06/30/2022,MGW,WV,AEA,CE,Federal Contract Tower,0,12,10,0,22,0,55,47,4,106,0,67,57,4,128,78,0,78,206
07/01/2022,MGW,WV,AEA,CE,Federal Contract Tower,0,14,9,0,23,0,46,32,3,81,0,60,41,3,104,74,0,74,178
07/02/2022,MGW,WV,AEA,CE,Federal Contract Tower,0,18,4,0,22,0,71,28,0,99,0,89,32,0,121,96,0,96,217
07/03/2022,MGW,WV,AEA,CE,Federal Contract Tower,0,10,5,0,15,0,58,53,0,111,0,68,58,0,126,108,0,108,234
07/04/2022,MGW,WV,AEA,CE,Federal Contract Tower,0,14,10,0,24,0,75,36,4,115,0,89,46,4,139,72,6,78,217
07/05/2022,MGW,WV,AEA,CE,Federal Contract Tower,0,14,4,0,18,0,51,16,0,67,0,65,20,0,85,20,0,20,105
07/06/2022,MGW,WV,AEA,CE,Federal Contract Tower,0,15,4,0,19,0,18,9,0,27,0,33,13,0,46,32,0,32,78
07/07/2022,MGW,WV,AEA,CE,Federal Contract Tower,0,20,6,0,26,0,44,21,0,65,0,64,27,0,91,52,0,52,143
07/08/2022,MGW,WV,AEA,CE,Federal Contract Tower,0,14,6,0,20,0,35,31,5,71,0,49,37,5,91,90,0,90,181
07/09/2022,MGW,WV,AEA,CE,Federal Contract Tower,0,9,5,0,14,0,33,17,12,62,0,42,22,12,76,34,0,34,110
07/10/2022,MGW,WV,AEA,CE,Federal Contract Tower,0,11,6,0,17,0,92,48,8,148,0,103,54,8,165,88,0,88,253
07/11/2022,MGW,WV,AEA,CE,Federal Contract Tower,0,21,5,0,26,0,61,42,2,105,0,82,47,2,131,104,0,104,235
07/12/2022,MGW,WV,AEA,CE,Federal Contract Tower,0,15,6,0,21,0,29,11,0,40,0,44,17,0,61,0,0,0,61
07/13/2022,MGW,WV,AEA,CE,Federal Contract Tower,0,18,18,0,36,0,105,51,0,156,0,123,69,0,192,108,0,108,300
07/14/2022,MGW,WV,AEA,CE,Federal Contract Tower,0,15,11,2,28,0,51,59,4,114,0,66,70,6,142,68,0,68,210
07/15/2022,MGW,WV,AEA,CE,Federal Contract Tower,0,15,16,0,31,0,41,63,4,108,0,56,79,4,139,86,16,102,241
07/16/2022,MGW,WV,AEA,CE,Federal Contract Tower,0,9,5,0,14,0,63,47,0,110,0,72,52,0,124,102,0,102,226
07/17/2022,MGW,WV,AEA,CE,Federal Contract Tower,0,14,11,0,25,0,16,24,0,40,0,30,35,0,65,50,0,50,115
07/18/2022,MGW,WV,AEA,CE,Federal Contract Tower,0,12,7,4,23,0,36,0,2,38,0,48,7,6,61,0,2,2,63
07/19/2022,MGW,WV,AEA,CE,Federal Contract Tower,0,13,12,0,25,0,90,25,9,124,0,103,37,9,149,78,14,92,241
07/20/2022,MGW,WV,AEA,CE,Federal Contract Tower,0,10,10,0,20,0,66,46,0,112,0,76,56,0,132,114,0,114,246
07/21/2022,MGW,WV,AEA,CE,Federal Contract Tower,0,20,14,4,38,0,44,31,0,75,0,64,45,4,113,58,2,60,173
07/22/2022,MGW,WV,AEA,CE,Federal Contract Tower,0,19,9,0,28,0,95,65,13,173,0,114,74,13,201,148,4,152,353
07/23/2022,MGW,WV,AEA,CE,Federal Contract Tower,0,12,7,0,19,0,84,41,2,127,0,96,48,2,146,54,0,54,200
07/24/2022,MGW,WV,AEA,CE,Federal Contract Tower,0,8,8,0,16,0,92,45,0,137,0,100,53,0,153,120,0,120,273
07/25/2022,MGW,WV,AEA,CE,Federal Contract Tower,0,14,10,4,28,0,36,47,2,85,0,50,57,6,113,46,0,46,159
07/26/2022,MGW,WV,AEA,CE,Federal Contract Tower,0,15,18,0,33,0,60,25,2,87,0,75,43,2,120,76,0,76,196
07/27/2022,MGW,WV,AEA,CE,Federal Contract Tower,0,16,21,4,41,0,50,12,0,62,0,66,33,4,103,28,0,28,131
07/28/2022,MGW,WV,AEA,CE,Federal Contract Tower,0,8,6,0,14,0,70,26,3,99,0,78,32,3,113,42,0,42,155
07/29/2022,MGW,WV,AEA,CE,Federal Contract Tower,0,9,0,0,9,0,27,5,3,35,0,36,5,3,44,0,0,0,44
07/30/2022,MGW,WV,AEA,CE,Federal Contract Tower,0,10,16,0,26,0,89,64,0,153,0,99,80,0,179,146,0,146,325
07/31/2022,MGW,WV,AEA,CE,Federal Contract Tower,0,7,7,0,14,0,15,19,0,34,0,22,26,0,48,26,0,26,74
08/01/2022,MGW,WV,AEA,CE,Federal Contract Tower,0,15,13,4,32,0,48,30,0,78,0,63,43,4,110,4,0,4,114
08/02/2022,MGW,WV,AEA,CE,Federal Contract Tower,0,14,7,6,27,0,67,18,12,97,0,81,25,18,124,22,0,22,146
08/03/2022,MGW,WV,AEA,CE,Federal Contract Tower,0,10,13,1,24,0,80,46,2,128,0,90,59,3,152,124,0,124,276
08/04/2022,MGW,WV,AEA,CE,Federal Contract Tower,0,3,14,0,17,0,25,22,0,47,0,28,36,0,64,40,0,40,104
08/05/2022,MGW,WV,AEA,CE,Federal Contract Tower,0,11,2,0,13,0,13,11,0,24,0,24,13,0,37,52,0,52,89
08/06/2022,MGW,WV,AEA,CE,Federal Contract Tower,0,12,0,2,14,0,16,8,10,34,0,28,8,12,48,8,6,14,62
08/07/2022,MGW,WV,AEA,CE,Federal Contract Tower,0,9,12,1,22,0,46,33,0,79,0,55,45,1,101,80,0,80,181
08/08/2022,MGW,WV,AEA,CE,Federal Contract Tower,0,10,4,0,14,0,43,22,0,65,0,53,26,0,79,50,0,50,129
08/09/2022,MGW,WV,AEA,CE,Federal Contract Tower,0,15,6,2,23,0,33,9,0,42,0,48,15,2,65,0,0,0,65
08/10/2022,MGW,WV,AEA,CE,Federal Contract Tower,0,10,12,4,26,0,10,5,0,15,0,20,17,4,41,0,0,0,41
08/11/2022,MGW,WV,AEA,CE,Federal Contract Tower,0,12,8,7,27,0,81,29,8,118,0,93,37,15,145,40,10,50,195
08/12/2022,MGW,WV,AEA,CE,Federal Contract Tower,0,9,13,2,24,0,92,47,4,143,0,101,60,6,167,52,0,52,219
08/13/2022,MGW,WV,AEA,CE,Federal Contract Tower,0,18,6,0,24,0,71,36,2,109,0,89,42,2,133,128,0,128,261
08/14/2022,MGW,WV,AEA,CE,Federal Contract Tower,0,14,10,0,24,0,43,35,0,78,0,57,45,0,102,106,0,106,208
08/15/2022,MGW,WV,AEA,CE,Federal Contract Tower,0,10,13,2,25,0,38,21,0,59,0,48,34,2,84,124,0,124,208
08/16/2022,MGW,WV,AEA,CE,Federal Contract Tower,0,17,6,0,23,0,45,19,0,64,0,62,25,0,87,38,0,38,125
08/17/2022,MGW,WV,AEA,CE,Federal Contract Tower,0,16,12,2,30,0,66,37,2,105,0,82,49,4,135,58,0,58,193
08/18/2022,MGW,WV,AEA,CE,Federal Contract Tower,0,17,27,3,47,0,52,41,13,106,0,69,68,16,153,108,0,108,261
08/19/2022,MGW,WV,AEA,CE,Federal Contract Tower,0,15,14,0,29,0,102,44,1,147,0,117,58,1,176,118,0,118,294
08/20/2022,MGW,WV,AEA,CE,Federal Contract Tower,0,7,7,0,14,0,64,80,4,148,0,71,87,4,162,80,0,80,242
08/21/2022,MGW,WV,AEA,CE,Federal Contract Tower,0,15,1,0,16,0,10,13,0,23,0,25,14,0,39,38,0,38,77
08/22/2022,MGW,WV,AEA,CE,Federal Contract Tower,0,12,3,0,15,0,10,3,0,13,0,22,6,0,28,0,0,0,28
08/23/2022,MGW,WV,AEA,CE,Federal Contract Tower,0,13,19,3,35,0,44,41,5,90,0,57,60,8,125,64,12,76,201
08/24/2022,MGW,WV,AEA,CE,Federal Contract Tower,0,18,14,0,32,0,70,47,0,117,0,88,61,0,149,76,0,76,225
08/25/2022,MGW,WV,AEA,CE,Federal Contract Tower,0,18,18,0,36,0,68,111,4,183,0,86,129,4,219,74,0,74,293
08/26/2022,MGW,WV,AEA,CE,Federal Contract Tower,0,16,13,1,30,0,50,58,18,126,0,66,71,19,156,48,0,48,204
08/27/2022,MGW,WV,AEA,CE,Federal Contract Tower,0,12,15,1,28,0,39,48,5,92,0,51,63,6,120,48,0,48,168
08/28/2022,MGW,WV,AEA,CE,Federal Contract Tower,0,9,9,0,18,0,85,66,4,155,0,94,75,4,173,56,0,56,229
08/29/2022,MGW,WV,AEA,CE,Federal Contract Tower,0,10,6,0,16,0,44,41,2,87,0,54,47,2,103,59,0,59,162
08/30/2022,MGW,WV,AEA,CE,Federal Contract Tower,0,17,5,0,22,0,24,2,2,28,0,41,7,2,50,0,14,14,64
08/31/2022,MGW,WV,AEA,CE,Federal Contract Tower,0,8,20,0,28,0,74,50,8,132,0,82,70,8,160,92,24,116,276
09/01/2022,MGW,WV,AEA,CE,Federal Contract Tower,0,13,4,0,17,0,39,35,5,79,0,52,39,5,96,24,0,24,120
09/02/2022,MGW,WV,AEA,CE,Federal Contract Tower,0,20,7,0,27,0,60,55,5,120,0,80,62,5,147,116,0,116,263
09/03/2022,MGW,WV,AEA,CE,Federal Contract Tower,0,5,11,0,16,0,93,45,2,140,0,98,56,2,156,76,0,76,232
09/04/2022,MGW,WV,AEA,CE,Federal Contract Tower,0,7,7,4,18,0,34,32,0,66,0,41,39,4,84,14,0,14,98
09/05/2022,MGW,WV,AEA,CE,Federal Contract Tower,0,10,8,0,18,0,0,0,0,0,0,10,8,0,18,0,0,0,18
09/06/2022,MGW,WV,AEA,CE,Federal Contract Tower,0,15,4,2,21,0,56,6,0,62,0,71,10,2,83,0,0,0,83
09/07/2022,MGW,WV,AEA,CE,Federal Contract Tower,0,15,11,1,27,0,36,25,0,61,0,51,36,1,88,58,0,58,146
09/08/2022,MGW,WV,AEA,CE,Federal Contract Tower,0,17,14,0,31,0,57,34,0,91,0,74,48,0,122,82,0,82,204
09/09/2022,MGW,WV,AEA,CE,Federal Contract Tower,0,13,16,2,31,0,86,91,11,188,0,99,107,13,219,108,0,108,327
09/10/2022,MGW,WV,AEA,CE,Federal Contract Tower,0,16,21,0,37,0,31,92,2,125,0,47,113,2,162,48,0,48,210
09/11/2022,MGW,WV,AEA,CE,Federal Contract Tower,0,7,14,2,23,0,66,26,0,92,0,73,40,2,115,44,0,44,159
09/12/2022,MGW,WV,AEA,CE,Federal Contract Tower,0,14,3,4,21,0,34,10,0,44,0,48,13,4,65,32,0,32,97
09/13/2022,MGW,WV,AEA,CE,Federal Contract Tower,0,16,16,4,36,0,91,39,0,130,0,107,55,4,166,64,0,64,230
09/14/2022,MGW,WV,AEA,CE,Federal Contract Tower,0,17,21,2,40,0,106,49,2,157,0,123,70,4,197,116,8,124,321
09/15/2022,MGW,WV,AEA,CE,Federal Contract Tower,0,23,7,0,30,0,84,48,2,134,0,107,55,2,164,120,0,120,284
09/16/2022,MGW,WV,AEA,CE,Federal Contract Tower,0,12,19,0,31,0,41,58,4,103,0,53,77,4,134,70,0,70,204
09/17/2022,MGW,WV,AEA,CE,Federal Contract Tower,0,15,13,0,28,0,88,71,0,159,0,103,84,0,187,112,0,112,299
09/18/2022,MGW,WV,AEA,CE,Federal Contract Tower,0,13,11,0,24,0,82,47,0,129,0,95,58,0,153,62,0,62,215
09/19/2022,MGW,WV,AEA,CE,Federal Contract Tower,0,17,13,0,30,0,7,4,0,11,0,24,17,0,41,8,0,8,49
09/20/2022,MGW,WV,AEA,CE,Federal Contract Tower,0,18,15,0,33,0,92,41,0,133,0,110,56,0,166,28,0,28,194
09/21/2022,MGW,WV,AEA,CE,Federal Contract Tower,0,15,13,8,36,0,60,49,3,112,0,75,62,11,148,80,10,90,238
09/22/2022,MGW,WV,AEA,CE,Federal Contract Tower,0,16,12,2,30,0,65,20,6,91,0,81,32,8,121,14,0,14,135
09/23/2022,MGW,WV,AEA,CE,Federal Contract Tower,0,16,16,0,32,0,85,75,4,164,0,101,91,4,196,136,12,148,344
09/24/2022,MGW,WV,AEA,CE,Federal Contract Tower,0,13,16,3,32,0,84,42,4,130,0,97,58,7,162,90,4,94,256
09/25/2022,MGW,WV,AEA,CE,Federal Contract Tower,0,13,11,0,24,0,50,18,0,68,0,63,29,0,92,24,0,24,116
09/26/2022,MGW,WV,AEA,CE,Federal Contract Tower,0,15,4,0,19,0,86,21,4,111,0,101,25,4,130,36,0,36,166
09/27/2022,MGW,WV,AEA,CE,Federal Contract Tower,0,18,7,0,25,0,55,26,2,83,0,73,33,2,108,22,0,22,130
09/28/2022,MGW,WV,AEA,CE,Federal Contract Tower,0,20,5,2,27,0,34,13,0,47,0,54,18,2,74,48,0,48,122
09/29/2022,MGW,WV,AEA,CE,Federal Contract Tower,0,15,14,6,35,0,75,44,2,121,0,90,58,8,156,98,6,104,260
09/30/2022,MGW,WV,AEA,CE,Federal Contract Tower,0,24,7,2,33,0,57,63,2,122,0,81,70,4,155,108,0,108,263
10/01/2022,MGW,WV,AEA,CE,Federal Contract Tower,0,14,3,0,17,0,4,0,0,4,0,18,3,0,21,0,0,0,21
10/02/2022,MGW,WV,AEA,CE,Federal Contract Tower,0,11,4,2,17,0,7,1,0,8,0,18,5,2,25,0,0,0,25
10/03/2022,MGW,WV,AEA,CE,Federal Contract Tower,0,10,5,0,15,0,52,21,4,77,0,62,26,4,92,64,4,68,160
10/04/2022,MGW,WV,AEA,CE,Federal Contract Tower,0,13,12,0,25,0,55,38,0,93,0,68,50,0,118,78,0,78,196
10/05/2022,MGW,WV,AEA,CE,Federal Contract Tower,0,16,23,1,40,0,76,55,2,133,0,92,78,3,173,140,12,152,325
10/06/2022,MGW,WV,AEA,CE,Federal Contract Tower,0,11,6,0,17,0,79,56,2,137,0,90,62,2,154,122,0,122,276
10/07/2022,MGW,WV,AEA,CE,Federal Contract Tower,0,28,18,4,50,0,32,24,2,58,0,60,42,6,108,110,0,110,218
10/08/2022,MGW,WV,AEA,CE,Federal Contract Tower,0,8,20,0,28,0,78,49,0,127,0,86,69,0,155,56,0,56,211
10/09/2022,MGW,WV,AEA,CE,Federal Contract Tower,0,10,17,0,27,0,75,68,2,145,0,85,85,2,172,88,0,88,260
10/10/2022,MGW,WV,AEA,CE,Federal Contract Tower,0,15,5,1,21,0,101,50,3,154,0,116,55,4,175,154,6,160,335
10/11/2022,MGW,WV,AEA,CE,Federal Contract Tower,0,20,22,2,44,0,73,52,7,132,0,93,74,9,176,68,0,68,244
10/12/2022,MGW,WV,AEA,CE,Federal Contract Tower,0,20,19,2,41,0,103,46,0,149,0,123,65,2,190,148,0,148,338
10/13/2022,MGW,WV,AEA,CE,Federal Contract Tower,0,22,23,0,45,0,64,75,0,139,0,86,98,0,184,82,0,82,266
10/14/2022,MGW,WV,AEA,CE,Federal Contract Tower,0,24,13,7,44,0,72,61,6,139,0,96,74,13,183,32,2,34,217
10/15/2022,MGW,WV,AEA,CE,Federal Contract Tower,0,8,9,2,19,0,87,31,2,120,0,95,40,4,139,36,0,36,175
10/16/2022,MGW,WV,AEA,CE,Federal Contract Tower,0,15,16,4,35,0,70,58,10,138,0,85,74,14,173,104,0,104,277
10/17/2022,MGW,WV,AEA,CE,Federal Contract Tower,0,15,8,0,23,0,53,30,2,85,0,68,38,2,108,6,0,6,114
10/18/2022,MGW,WV,AEA,CE,Federal Contract Tower,0,21,15,2,38,0,14,7,0,21,0,35,22,2,59,0,0,0,59
10/19/2022,MGW,WV,AEA,CE,Federal Contract Tower,0,13,4,0,17,0,7,0,0,7,0,20,4,0,24,0,0,0,24
10/20/2022,MGW,WV,AEA,CE,Federal Contract Tower,0,18,13,0,31,0,78,43,6,127,0,96,56,6,158,30,0,30,188
10/21/2022,MGW,WV,AEA,CE,Federal Contract Tower,0,17,19,0,36,0,77,65,5,147,0,94,84,5,183,128,0,128,311
10/22/2022,MGW,WV,AEA,CE,Federal Contract Tower,0,13,7,0,20,0,76,62,0,138,0,89,69,0,158,36,0,36,194
10/23/2022,MGW,WV,AEA,CE,Federal Contract Tower,0,17,16,0,33,0,83,79,0,162,0,100,95,0,195,16,0,16,211
10/24/2022,MGW,WV,AEA,CE,Federal Contract Tower,0,11,10,0,21,0,54,37,0,91,0,65,47,0,112,40,0,40,152
10/25/2022,MGW,WV,AEA,CE,Federal Contract Tower,0,12,9,0,21,0,84,43,2,129,0,96,52,2,150,34,0,34,184
10/26/2022,MGW,WV,AEA,CE,Federal Contract Tower,0,12,12,0,24,0,24,1,0,25,0,36,13,0,49,0,0,0,49
10/27/2022,MGW,WV,AEA,CE,Federal Contract Tower,0,20,12,2,34,0,67,32,0,99,0,87,44,2,133,106,14,120,253
10/28/2022,MGW,WV,AEA,CE,Federal Contract Tower,0,16,10,0,26,0,86,63,5,154,0,102,73,5,180,72,0,72,252
10/29/2022,MGW,WV,AEA,CE,Federal Contract Tower,0,8,25,0,33,0,108,63,7,178,0,116,88,7,211,146,0,146,357
10/30/2022,MGW,WV,AEA,CE,Federal Contract Tower,0,11,19,0,30,0,81,53,0,134,0,92,72,0,164,108,0,108,272
10/31/2022,MGW,WV,AEA,CE,Federal Contract Tower,0,5,4,0,9,0,4,1,0,5,0,9,5,0,14,0,0,0,14
11/01/2022,MGW,WV,AEA,CE,Federal Contract Tower,0,5,9,1,15,0,36,7,1,44,0,41,16,2,59,0,0,0,59
11/02/2022,MGW,WV,AEA,CE,Federal Contract Tower,0,15,9,0,24,0,30,18,0,48,0,45,27,0,72,38,0,38,110
11/03/2022,MGW,WV,AEA,CE,Federal Contract Tower,0,18,11,0,29,0,62,45,6,113,0,80,56,6,142,138,0,138,280
11/04/2022,MGW,WV,AEA,CE,Federal Contract Tower,0,13,11,2,26,0,92,49,26,167,0,105,60,28,193,56,0,56,249
11/05/2022,MGW,WV,AEA,CE,Federal Contract Tower,0,9,4,1,14,0,62,14,2,78,0,71,18,3,92,18,0,18,110
11/06/2022,MGW,WV,AEA,CE,Federal Contract Tower,0,8,16,3,27,0,86,27,1,114,0,94,43,4,141,54,0,54,195
11/07/2022,MGW,WV,AEA,CE,Federal Contract Tower,0,13,8,0,21,0,58,46,2,106,0,71,54,2,127,48,0,48,175
11/08/2022,MGW,WV,AEA,CE,Federal Contract Tower,0,17,12,0,29,0,72,54,0,126,0,89,66,0,155,100,0,100,255
11/09/2022,MGW,WV,AEA,CE,Federal Contract Tower,0,23,15,0,38,0,52,42,4,98,0,75,57,4,136,100,0,100,236
11/10/2022,MGW,WV,AEA,CE,Federal Contract Tower,0,18,23,12,53,0,57,48,5,110,0,75,71,17,163,76,0,76,239
11/11/2022,MGW,WV,AEA,CE,Federal Contract Tower,0,15,7,0,22,0,17,3,0,20,0,32,10,0,42,0,0,0,42
11/12/2022,MGW,WV,AEA,CE,Federal Contract Tower,0,12,13,4,29,0,0,0,0,0,0,12,13,4,29,0,0,0,29
11/13/2022,MGW,WV,AEA,CE,Federal Contract Tower,0,9,8,0,17,0,30,5,0,35,0,39,13,0,52,0,0,0,52
11/14/2022,MGW,WV,AEA,CE,Federal Contract Tower,0,15,9,2,26,0,83,26,6,115,0,98,35,8,141,56,6,62,203
11/15/2022,MGW,WV,AEA,CE,Federal Contract Tower,0,21,11,0,32,0,8,7,0,15,0,29,18,0,47,0,0,0,47
11/16/2022,MGW,WV,AEA,CE,Federal Contract Tower,0,14,10,0,24,0,22,2,0,24,0,36,12,0,48,0,0,0,48
11/17/2022,MGW,WV,AEA,CE,Federal Contract Tower,0,9,8,0,17,0,15,4,6,25,0,24,12,6,42,0,0,0,42
11/18/2022,MGW,WV,AEA,CE,Federal Contract Tower,0,15,8,0,23,0,16,1,0,17,0,31,9,0,40,0,0,0,40
11/19/2022,MGW,WV,AEA,CE,Federal Contract Tower,0,14,6,0,20,0,100,63,0,163,0,114,69,0,183,102,0,102,285
11/20/2022,MGW,WV,AEA,CE,Federal Contract Tower,0,8,4,0,12,0,92,38,0,130,0,100,42,0,142,40,0,40,182
11/21/2022,MGW,WV,AEA,CE,Federal Contract Tower,0,10,2,0,12,0,91,25,5,121,0,101,27,5,133,10,0,10,143
11/22/2022,MGW,WV,AEA,CE,Federal Contract Tower,0,16,11,0,27,0,106,51,0,157,0,122,62,0,184,92,0,92,276
11/23/2022,MGW,WV,AEA,CE,Federal Contract Tower,0,11,17,0,28,0,66,33,0,99,0,77,50,0,127,40,0,40,167
11/24/2022,MGW,WV,AEA,CE,Federal Contract Tower,0,3,5,0,8,0,57,18,0,75,0,60,23,0,83,10,0,10,93
11/25/2022,MGW,WV,AEA,CE,Federal Contract Tower,0,10,0,0,10,0,58,8,0,66,0,68,8,0,76,0,0,0,76
11/26/2022,MGW,WV,AEA,CE,Federal Contract Tower,0,12,4,0,16,0,80,55,2,137,0,92,59,2,153,128,0,128,281
11/27/2022,MGW,WV,AEA,CE,Federal Contract Tower,0,11,9,0,20,0,3,4,0,7,0,14,13,0,27,0,0,0,27
11/28/2022,MGW,WV,AEA,CE,Federal Contract Tower,0,3,6,0,9,0,50,11,0,61,0,53,17,0,70,0,0,0,70
11/29/2022,MGW,WV,AEA,CE,Federal Contract Tower,0,12,7,0,19,0,114,39,0,153,0,126,46,0,172,90,0,90,262
11/30/2022,MGW,WV,AEA,CE,Federal Contract Tower,0,21,3,0,24,0,44,8,0,52,0,65,11,0,76,0,0,0,76
12/01/2022,MGW,WV,AEA,CE,Federal Contract Tower,0,12,7,0,19,0,70,22,0,92,0,82,29,0,111,38,0,38,149
12/02/2022,MGW,WV,AEA,CE,Federal Contract Tower,0,16,9,2,27,0,78,36,0,114,0,94,45,2,141,48,0,48,189
12/03/2022,MGW,WV,AEA,CE,Federal Contract Tower,0,12,4,0,16,0,14,6,0,20,0,26,10,0,36,0,0,0,36
12/04/2022,MGW,WV,AEA,CE,Federal Contract Tower,0,12,20,2,34,0,98,34,3,135,0,110,54,5,169,94,6,100,269
12/05/2022,MGW,WV,AEA,CE,Federal Contract Tower,0,12,13,6,31,0,48,41,6,95,0,60,54,12,126,40,0,40,166
12/06/2022,MGW,WV,AEA,CE,Federal Contract Tower,0,7,1,2,10,0,22,5,0,27,0,29,6,2,37,14,0,14,51
12/07/2022,MGW,WV,AEA,CE,Federal Contract Tower,0,10,8,0,18,0,44,6,0,50,0,54,14,0,68,6,0,6,74
12/08/2022,MGW,WV,AEA,CE,Federal Contract Tower,0,18,8,2,28,0,35,16,4,55,0,53,24,6,83,46,0,46,129
12/09/2022,MGW,WV,AEA,CE,Federal Contract Tower,0,23,18,1,42,0,74,37,4,115,0,97,55,5,157,62,0,62,219
12/10/2022,MGW,WV,AEA,CE,Federal Contract Tower,0,12,5,1,18,0,34,0,0,34,0,46,5,1,52,0,0,0,52
12/11/2022,MGW,WV,AEA,CE,Federal Contract Tower,0,5,7,0,12,0,32,2,0,34,0,37,9,0,46,0,0,0,46
12/12/2022,MGW,WV,AEA,CE,Federal Contract Tower,0,18,4,1,23,0,68,12,2,82,0,86,16,3,105,22,0,22,127
12/13/2022,MGW,WV,AEA,CE,Federal Contract Tower,0,20,12,2,34,0,90,32,2,124,0,110,44,4,158,58,0,58,216
12/14/2022,MGW,WV,AEA,CE,Federal Contract Tower,0,14,21,0,35,0,28,32,0,60,0,42,53,0,95,18,0,18,113
12/15/2022,MGW,WV,AEA,CE,Federal Contract Tower,0,8,12,0,20,0,23,2,0,25,0,31,14,0,45,0,0,0,45
12/16/2022,MGW,WV,AEA,CE,Federal Contract Tower,0,16,9,0,25,0,63,33,2,98,0,79,42,2,123,98,0,98,221
12/17/2022,MGW,WV,AEA,CE,Federal Contract Tower,0,11,18,0,29,0,36,12,0,48,0,47,30,0,77,50,0,50,127
12/18/2022,MGW,WV,AEA,CE,Federal Contract Tower,0,6,10,0,16,0,16,3,0,19,0,22,13,0,35,0,0,0,35
12/19/2022,MGW,WV,AEA,CE,Federal Contract Tower,0,15,11,2,28,0,81,42,0,123,0,96,53,2,151,68,0,68,219
12/20/2022,MGW,WV,AEA,CE,Federal Contract Tower,0,11,10,0,21,0,72,36,0,108,0,83,46,0,129,66,0,66,195
12/21/2022,MGW,WV,AEA,CE,Federal Contract Tower,0,21,5,1,27,0,64,48,0,112,0,85,53,1,139,48,4,52,191
12/22/2022,MGW,WV,AEA,CE,Federal Contract Tower,0,4,2,0,6,0,4,0,0,4,0,8,2,0,10,0,0,0,10
12/23/2022,MGW,WV,AEA,CE,Federal Contract Tower,0,0,0,0,0,0,0,0,0,0,0,0,0,0,0,0,0,0,0
12/24/2022,MGW,WV,AEA,CE,Federal Contract Tower,0,0,0,0,0,0,0,0,0,0,0,0,0,0,0,0,0,0,0
12/25/2022,MGW,WV,AEA,CE,Federal Contract Tower,0,2,0,0,2,0,82,0,0,82,0,84,0,0,84,0,0,0,84
12/26/2022,MGW,WV,AEA,CE,Federal Contract Tower,0,12,4,0,16,0,36,3,0,39,0,48,7,0,55,0,0,0,55
12/27/2022,MGW,WV,AEA,CE,Federal Contract Tower,0,17,4,0,21,0,30,4,0,34,0,47,8,0,55,8,0,8,63
12/28/2022,MGW,WV,AEA,CE,Federal Contract Tower,0,11,8,0,19,0,66,36,2,104,0,77,44,2,123,38,10,48,171
12/29/2022,MGW,WV,AEA,CE,Federal Contract Tower,0,8,5,0,13,0,82,37,2,121,0,90,42,2,134,46,0,46,180
12/30/2022,MGW,WV,AEA,CE,Federal Contract Tower,0,10,7,0,17,0,83,64,2,149,0,93,71,2,166,90,0,90,256
12/31/2022,MGW,WV,AEA,CE,Federal Contract Tower,0,8,2,0,10,0,4,0,0,4,0,12,2,0,14,0,0,0,14
01/01/2023,MGW,WV,AEA,CE,Federal Contract Tower,0,8,2,0,10,0,44,4,0,48,0,52,6,0,58,0,0,0,58
01/02/2023,MGW,WV,AEA,CE,Federal Contract Tower,0,13,6,0,19,0,75,17,0,92,0,88,23,0,111,56,0,56,167
01/03/2023,MGW,WV,AEA,CE,Federal Contract Tower,0,15,1,0,16,0,4,0,0,4,0,19,1,0,20,0,0,0,20
01/04/2023,MGW,WV,AEA,CE,Federal Contract Tower,0,10,2,4,16,0,54,3,0,57,0,64,5,4,73,10,4,14,87
01/05/2023,MGW,WV,AEA,CE,Federal Contract Tower,0,13,5,4,22,0,77,24,6,107,0,90,29,10,129,62,24,86,215
01/06/2023,MGW,WV,AEA,CE,Federal Contract Tower,0,14,2,2,18,0,17,2,0,19,0,31,4,2,37,0,0,0,37
01/07/2023,MGW,WV,AEA,CE,Federal Contract Tower,0,14,11,0,25,0,95,29,0,124,0,109,40,0,149,78,0,78,227
01/08/2023,MGW,WV,AEA,CE,Federal Contract Tower,0,7,9,2,18,0,41,34,2,77,0,48,43,4,95,134,0,134,229
01/09/2023,MGW,WV,AEA,CE,Federal Contract Tower,0,16,2,3,21,0,80,5,6,91,0,96,7,9,112,0,0,0,112
01/10/2023,MGW,WV,AEA,CE,Federal Contract Tower,0,12,11,0,23,0,72,29,0,101,0,84,40,0,124,52,0,52,176
01/11/2023,MGW,WV,AEA,CE,Federal Contract Tower,0,14,11,0,25,0,42,37,0,79,0,56,48,0,104,84,0,84,188
01/12/2023,MGW,WV,AEA,CE,Federal Contract Tower,0,6,1,2,9,0,20,8,0,28,0,26,9,2,37,12,0,12,49
01/13/2023,MGW,WV,AEA,CE,Federal Contract Tower,0,13,6,0,19,0,4,0,0,4,0,17,6,0,23,0,0,0,23
01/14/2023,MGW,WV,AEA,CE,Federal Contract Tower,0,6,3,0,9,0,59,3,0,62,0,65,6,0,71,6,0,6,77
01/15/2023,MGW,WV,AEA,CE,Federal Contract Tower,0,9,12,0,21,0,81,37,0,118,0,90,49,0,139,100,0,100,239
01/16/2023,MGW,WV,AEA,CE,Federal Contract Tower,0,9,5,0,14,0,71,36,4,111,0,80,41,4,125,148,0,148,273
01/17/2023,MGW,WV,AEA,CE,Federal Contract Tower,0,16,3,0,19,0,18,9,0,27,0,34,12,0,46,34,0,34,80
01/18/2023,MGW,WV,AEA,CE,Federal Contract Tower,0,11,4,0,15,0,28,4,0,32,0,39,8,0,47,0,0,0,47
01/19/2023,MGW,WV,AEA,CE,Federal Contract Tower,0,17,11,0,28,0,35,17,0,52,0,52,28,0,80,36,0,36,116
01/20/2023,MGW,WV,AEA,CE,Federal Contract Tower,0,13,5,0,18,0,8,3,0,11,0,21,8,0,29,6,0,6,35
01/21/2023,MGW,WV,AEA,CE,Federal Contract Tower,0,9,0,0,9,0,50,14,4,68,0,59,14,4,77,6,0,6,83
01/22/2023,MGW,WV,AEA,CE,Federal Contract Tower,0,9,5,0,14,0,40,24,0,64,0,49,29,0,78,76,0,76,154
01/23/2023,MGW,WV,AEA,CE,Federal Contract Tower,0,4,7,0,11,0,0,0,0,0,0,4,7,0,11,0,0,0,11
01/24/2023,MGW,WV,AEA,CE,Federal Contract Tower,0,26,16,1,43,0,46,25,7,78,0,72,41,8,121,92,0,92,213
01/25/2023,MGW,WV,AEA,CE,Federal Contract Tower,0,7,3,0,10,0,12,7,0,19,0,19,10,0,29,12,0,12,41
01/27/2023,MGW,WV,AEA,CE,Federal Contract Tower,0,16,4,0,20,0,75,24,0,99,0,91,28,0,119,36,0,36,155
01/28/2023,MGW,WV,AEA,CE,Federal Contract Tower,0,13,6,0,19,0,81,86,2,169,0,94,92,2,188,54,0,54,242
01/29/2023,MGW,WV,AEA,CE,Federal Contract Tower,0,4,0,0,4,0,0,4,0,4,0,4,4,0,8,0,0,0,8
01/30/2023,MGW,WV,AEA,CE,Federal Contract Tower,0,19,4,0,23,0,30,14,0,44,0,49,18,0,67,48,0,48,115
01/31/2023,MGW,WV,AEA,CE,Federal Contract Tower,0,8,4,0,12,0,4,0,0,4,0,12,4,0,16,0,0,0,16
02/01/2023,MGW,WV,AEA,CE,Federal Contract Tower,0,12,11,0,23,0,40,39,0,79,0,52,50,0,102,94,0,94,196
02/02/2023,MGW,WV,AEA,CE,Federal Contract Tower,0,12,5,0,17,0,56,36,3,95,0,68,41,3,112,74,0,74,186
02/03/2023,MGW,WV,AEA,CE,Federal Contract Tower,0,13,12,2,27,0,54,10,8,72,0,67,22,10,99,6,0,6,105
02/04/2023,MGW,WV,AEA,CE,Federal Contract Tower,0,9,9,0,18,0,107,55,5,167,0,116,64,5,185,106,0,106,291
02/05/2023,MGW,WV,AEA,CE,Federal Contract Tower,0,9,2,2,13,0,53,16,0,69,0,62,18,2,82,16,0,16,98
02/06/2023,MGW,WV,AEA,CE,Federal Contract Tower,0,11,3,0,14,0,38,11,0,49,0,49,14,0,63,52,0,52,115
02/07/2023,MGW,WV,AEA,CE,Federal Contract Tower,0,10,8,0,18,0,62,16,6,84,0,72,24,6,102,40,0,40,142
02/08/2023,MGW,WV,AEA,CE,Federal Contract Tower,0,13,19,2,34,0,36,40,1,77,0,49,59,3,111,102,0,102,213
02/09/2023,MGW,WV,AEA,CE,Federal Contract Tower,0,9,1,0,10,0,43,11,1,55,0,52,12,1,65,38,0,38,103
02/10/2023,MGW,WV,AEA,CE,Federal Contract Tower,0,6,5,0,11,0,31,8,0,39,0,37,13,0,50,6,0,6,56
02/11/2023,MGW,WV,AEA,CE,Federal Contract Tower,0,10,10,0,20,0,97,90,6,193,0,107,100,6,213,68,0,68,281
02/12/2023,MGW,WV,AEA,CE,Federal Contract Tower,0,7,2,0,9,0,45,45,2,92,0,52,47,2,101,108,0,108,209
02/13/2023,MGW,WV,AEA,CE,Federal Contract Tower,0,8,4,4,16,0,56,29,6,91,0,64,33,10,107,36,6,42,149
02/14/2023,MGW,WV,AEA,CE,Federal Contract Tower,0,9,6,0,15,0,34,29,0,63,0,43,35,0,78,94,0,94,172
02/15/2023,MGW,WV,AEA,CE,Federal Contract Tower,0,6,5,0,11,0,50,10,0,60,0,56,15,0,71,6,0,6,77
02/16/2023,MGW,WV,AEA,CE,Federal Contract Tower,0,10,8,2,20,0,24,6,0,30,0,34,14,2,50,34,0,34,84
02/17/2023,MGW,WV,AEA,CE,Federal Contract Tower,0,7,3,0,10,0,4,1,0,5,0,11,4,0,15,0,0,0,15
02/18/2023,MGW,WV,AEA,CE,Federal Contract Tower,0,11,4,0,15,0,128,80,4,212,0,139,84,4,227,62,0,62,289
02/19/2023,MGW,WV,AEA,CE,Federal Contract Tower,0,8,5,0,13,0,96,41,0,137,0,104,46,0,150,38,0,38,188
02/20/2023,MGW,WV,AEA,CE,Federal Contract Tower,0,12,6,0,18,0,58,22,0,80,0,70,28,0,98,32,0,32,130
02/21/2023,MGW,WV,AEA,CE,Federal Contract Tower,0,9,3,2,14,0,60,2,0,62,0,69,5,2,76,4,0,4,80
02/22/2023,MGW,WV,AEA,CE,Federal Contract Tower,0,12,7,0,19,0,54,11,4,69,0,66,18,4,88,10,0,10,98
02/23/2023,MGW,WV,AEA,CE,Federal Contract Tower,0,13,2,2,17,0,62,23,0,85,0,75,25,2,102,42,0,42,144
02/24/2023,MGW,WV,AEA,CE,Federal Contract Tower,0,12,11,0,23,0,77,45,0,122,0,89,56,0,145,128,0,128,273
02/25/2023,MGW,WV,AEA,CE,Federal Contract Tower,0,9,7,2,18,0,64,51,6,121,0,73,58,8,139,98,0,98,237
02/26/2023,MGW,WV,AEA,CE,Federal Contract Tower,0,12,10,0,22,0,42,21,0,63,0,54,31,0,85,44,0,44,129
02/27/2023,MGW,WV,AEA,CE,Federal Contract Tower,0,11,2,0,13,0,31,2,0,33,0,42,4,0,46,14,0,14,60
02/28/2023,MGW,WV,AEA,CE,Federal Contract Tower,0,10,11,0,21,0,90,13,0,103,0,100,24,0,124,40,0,40,164
03/01/2023,MGW,WV,AEA,CE,Federal Contract Tower,0,11,16,0,27,0,68,27,9,104,0,79,43,9,131,38,0,38,169
03/02/2023,MGW,WV,AEA,CE,Federal Contract Tower,0,12,10,1,23,0,69,40,0,109,0,81,50,1,132,76,0,76,208
03/03/2023,MGW,WV,AEA,CE,Federal Contract Tower,0,7,3,0,10,0,13,2,0,15,0,20,5,0,25,16,0,16,41
03/04/2023,MGW,WV,AEA,CE,Federal Contract Tower,0,9,2,0,11,0,64,2,4,70,0,73,4,4,81,0,0,0,81
03/05/2023,MGW,WV,AEA,CE,Federal Contract Tower,0,9,4,0,13,0,66,49,0,115,0,75,53,0,128,50,0,50,178
03/06/2023,MGW,WV,AEA,CE,Federal Contract Tower,0,7,6,0,13,0,111,54,0,165,0,118,60,0,178,106,0,106,284
03/07/2023,MGW,WV,AEA,CE,Federal Contract Tower,0,10,7,0,17,0,42,19,4,65,0,52,26,4,82,36,6,42,124
03/08/2023,MGW,WV,AEA,CE,Federal Contract Tower,0,14,6,0,20,0,70,34,10,114,0,84,40,10,134,72,8,80,214
03/09/2023,MGW,WV,AEA,CE,Federal Contract Tower,0,15,9,0,24,0,53,46,4,103,0,68,55,4,127,130,6,136,263
03/10/2023,MGW,WV,AEA,CE,Federal Contract Tower,0,5,5,0,10,0,4,2,0,6,0,9,7,0,16,8,0,8,24
03/11/2023,MGW,WV,AEA,CE,Federal Contract Tower,0,20,1,0,21,0,84,17,2,103,0,104,18,2,124,38,0,38,162
03/12/2023,MGW,WV,AEA,CE,Federal Contract Tower,0,7,4,0,11,0,20,7,0,27,0,27,11,0,38,0,0,0,38
03/13/2023,MGW,WV,AEA,CE,Federal Contract Tower,0,4,2,0,6,0,0,0,0,0,0,4,2,0,6,0,0,0,6
03/14/2023,MGW,WV,AEA,CE,Federal Contract Tower,0,7,6,0,13,0,6,1,2,9,0,13,7,2,22,0,4,4,26
03/15/2023,MGW,WV,AEA,CE,Federal Contract Tower,0,14,19,0,33,0,59,43,2,104,0,73,62,2,137,128,0,128,265
03/16/2023,MGW,WV,AEA,CE,Federal Contract Tower,0,13,21,0,34,0,80,67,2,149,0,93,88,2,183,138,0,138,321
03/17/2023,MGW,WV,AEA,CE,Federal Contract Tower,0,4,10,0,14,0,22,0,0,22,0,26,10,0,36,0,0,0,36
03/18/2023,MGW,WV,AEA,CE,Federal Contract Tower,0,6,7,0,13,0,35,13,4,52,0,41,20,4,65,8,8,16,81
03/19/2023,MGW,WV,AEA,CE,Federal Contract Tower,0,18,6,0,24,0,81,17,0,98,0,99,23,0,122,42,0,42,164
03/20/2023,MGW,WV,AEA,CE,Federal Contract Tower,0,30,25,2,57,0,97,51,2,150,0,127,76,4,207,154,0,154,361
03/21/2023,MGW,WV,AEA,CE,Federal Contract Tower,0,6,5,0,11,0,82,41,0,123,0,88,46,0,134,110,0,110,244
03/22/2023,MGW,WV,AEA,CE,Federal Contract Tower,0,16,2,4,22,0,48,32,0,80,0,64,34,4,102,52,0,52,154
03/23/2023,MGW,WV,AEA,CE,Federal Contract Tower,0,14,2,0,16,0,55,6,0,61,0,69,8,0,77,20,0,20,97
03/24/2023,MGW,WV,AEA,CE,Federal Contract Tower,0,15,4,0,19,0,0,0,0,0,0,15,4,0,19,0,0,0,19
03/25/2023,MGW,WV,AEA,CE,Federal Contract Tower,0,5,2,0,7,0,0,0,0,0,0,5,2,0,7,0,0,0,7
03/26/2023,MGW,WV,AEA,CE,Federal Contract Tower,0,10,8,0,18,0,78,54,4,136,0,88,62,4,154,92,0,92,246
03/27/2023,MGW,WV,AEA,CE,Federal Contract Tower,0,11,11,4,26,0,86,30,4,120,0,97,41,8,146,136,2,138,284
03/28/2023,MGW,WV,AEA,CE,Federal Contract Tower,0,6,3,0,9,0,56,37,2,95,0,62,40,2,104,62,4,66,170
03/29/2023,MGW,WV,AEA,CE,Federal Contract Tower,0,16,11,0,27,0,56,30,2,88,0,72,41,2,115,70,0,70,185
03/30/2023,MGW,WV,AEA,CE,Federal Contract Tower,0,10,13,0,23,0,78,72,7,157,0,88,85,7,180,138,0,138,318
03/31/2023,MGW,WV,AEA,CE,Federal Contract Tower,0,12,6,0,18,0,43,13,0,56,0,55,19,0,74,8,0,8,82
04/01/2023,MGW,WV,AEA,CE,Federal Contract Tower,0,5,1,0,6,0,0,0,0,0,0,5,1,0,6,0,0,0,6
04/02/2023,MGW,WV,AEA,CE,Federal Contract Tower,0,11,6,0,17,0,56,42,2,100,0,67,48,2,117,120,0,120,237
04/03/2023,MGW,WV,AEA,CE,Federal Contract Tower,0,9,13,4,26,0,90,56,6,152,0,99,69,10,178,110,4,114,292
04/04/2023,MGW,WV,AEA,CE,Federal Contract Tower,0,16,17,0,33,0,48,48,0,96,0,64,65,0,129,140,0,140,269
04/05/2023,MGW,WV,AEA,CE,Federal Contract Tower,0,9,3,0,12,0,44,23,0,67,0,53,26,0,79,54,0,54,133
04/06/2023,MGW,WV,AEA,CE,Federal Contract Tower,0,14,7,0,21,0,16,5,0,21,0,30,12,0,42,0,0,0,42
04/07/2023,MGW,WV,AEA,CE,Federal Contract Tower,0,12,4,2,18,0,76,48,1,125,0,88,52,3,143,98,0,98,241
04/08/2023,MGW,WV,AEA,CE,Federal Contract Tower,0,10,11,0,21,0,89,60,0,149,0,99,71,0,170,78,0,78,248
04/09/2023,MGW,WV,AEA,CE,Federal Contract Tower,0,5,6,0,11,0,64,25,0,89,0,69,31,0,100,48,0,48,148
04/10/2023,MGW,WV,AEA,CE,Federal Contract Tower,0,10,11,0,21,0,100,77,2,179,0,110,88,2,200,180,0,180,380
04/11/2023,MGW,WV,AEA,CE,Federal Contract Tower,0,17,19,10,46,0,86,53,0,139,0,103,72,10,185,86,0,86,271
04/12/2023,MGW,WV,AEA,CE,Federal Contract Tower,0,20,0,0,20,0,62,30,0,92,0,82,30,0,112,98,0,98,210
04/13/2023,MGW,WV,AEA,CE,Federal Contract Tower,0,16,10,0,26,0,85,60,12,157,0,101,70,12,183,162,0,162,345
04/14/2023,MGW,WV,AEA,CE,Federal Contract Tower,0,14,7,2,23,0,85,60,7,152,0,99,67,9,175,122,0,122,297
04/15/2023,MGW,WV,AEA,CE,Federal Contract Tower,0,12,4,0,16,0,68,35,0,103,0,80,39,0,119,28,0,28,147
04/16/2023,MGW,WV,AEA,CE,Federal Contract Tower,0,9,4,0,13,0,40,33,0,73,0,49,37,0,86,80,0,80,166
04/17/2023,MGW,WV,AEA,CE,Federal Contract Tower,0,6,7,2,15,0,30,7,0,37,0,36,14,2,52,0,0,0,52
04/18/2023,MGW,WV,AEA,CE,Federal Contract Tower,0,8,6,0,14,0,127,8,5,140,0,135,14,5,154,8,0,8,162
04/19/2023,MGW,WV,AEA,CE,Federal Contract Tower,0,16,9,0,25,0,48,41,0,89,0,64,50,0,114,142,0,142,256
04/20/2023,MGW,WV,AEA,CE,Federal Contract Tower,0,21,5,5,31,0,85,59,4,148,0,106,64,9,179,122,0,122,301
04/21/2023,MGW,WV,AEA,CE,Federal Contract Tower,0,14,11,0,25,0,69,47,3,119,0,83,58,3,144,22,0,22,166
04/22/2023,MGW,WV,AEA,CE,Federal Contract Tower,0,15,4,0,19,0,45,12,0,57,0,60,16,0,76,60,0,60,136
04/23/2023,MGW,WV,AEA,CE,Federal Contract Tower,0,9,6,0,15,0,57,25,0,82,0,66,31,0,97,76,0,76,173
04/24/2023,MGW,WV,AEA,CE,Federal Contract Tower,0,11,4,0,15,0,64,34,0,98,0,75,38,0,113,96,0,96,209
04/25/2023,MGW,WV,AEA,CE,Federal Contract Tower,0,10,16,0,26,0,88,44,8,140,0,98,60,8,166,112,22,134,300
04/26/2023,MGW,WV,AEA,CE,Federal Contract Tower,0,17,24,0,41,0,100,49,8,157,0,117,73,8,198,94,0,94,292
04/27/2023,MGW,WV,AEA,CE,Federal Contract Tower,0,17,2,6,25,0,83,64,7,154,0,100,66,13,179,150,0,150,329
04/28/2023,MGW,WV,AEA,CE,Federal Contract Tower,0,10,6,0,16,0,14,0,0,14,0,24,6,0,30,0,0,0,30
04/29/2023,MGW,WV,AEA,CE,Federal Contract Tower,0,10,12,0,22,0,82,20,0,102,0,92,32,0,124,32,0,32,156
04/30/2023,MGW,WV,AEA,CE,Federal Contract Tower,0,15,3,0,18,0,54,6,0,60,0,69,9,0,78,0,0,0,78
05/01/2023,MGW,WV,AEA,CE,Federal Contract Tower,0,2,2,0,4,0,2,2,0,4,0,4,4,0,8,6,0,6,14
05/02/2023,MGW,WV,AEA,CE,Federal Contract Tower,0,14,0,0,14,0,4,0,0,4,0,18,0,0,18,0,0,0,18
05/03/2023,MGW,WV,AEA,CE,Federal Contract Tower,0,8,4,0,12,0,6,0,0,6,0,14,4,0,18,0,0,0,18
05/04/2023,MGW,WV,AEA,CE,Federal Contract Tower,0,10,12,0,22,0,64,42,0,106,0,74,54,0,128,78,0,78,206
05/05/2023,MGW,WV,AEA,CE,Federal Contract Tower,0,23,12,2,37,0,74,88,2,164,0,97,100,4,201,178,0,178,379
05/06/2023,MGW,WV,AEA,CE,Federal Contract Tower,0,12,12,0,24,0,143,60,4,207,0,155,72,4,231,60,0,60,291
05/07/2023,MGW,WV,AEA,CE,Federal Contract Tower,0,9,8,0,17,0,17,7,0,24,0,26,15,0,41,4,0,4,45
05/08/2023,MGW,WV,AEA,CE,Federal Contract Tower,0,11,17,0,28,0,84,23,0,107,0,95,40,0,135,60,0,60,195
05/09/2023,MGW,WV,AEA,CE,Federal Contract Tower,0,16,11,2,29,0,58,18,0,76,0,74,29,2,105,62,0,62,167
05/10/2023,MGW,WV,AEA,CE,Federal Contract Tower,0,9,6,2,17,0,48,39,2,89,0,57,45,4,106,56,0,56,162
05/11/2023,MGW,WV,AEA,CE,Federal Contract Tower,0,11,26,2,39,0,49,97,5,151,0,60,123,7,190,136,0,136,326
05/12/2023,MGW,WV,AEA,CE,Federal Contract Tower,0,12,8,0,20,0,104,58,0,162,0,116,66,0,182,90,0,90,272
05/13/2023,MGW,WV,AEA,CE,Federal Contract Tower,0,12,4,0,16,0,12,0,0,12,0,24,4,0,28,0,0,0,28
05/14/2023,MGW,WV,AEA,CE,Federal Contract Tower,0,10,6,0,16,0,32,31,0,63,0,42,37,0,79,0,0,0,79
05/15/2023,MGW,WV,AEA,CE,Federal Contract Tower,0,16,13,0,29,0,102,52,4,158,0,118,65,4,187,46,0,46,233
05/16/2023,MGW,WV,AEA,CE,Federal Contract Tower,0,18,8,0,26,0,58,16,0,74,0,76,24,0,100,8,0,8,108
05/17/2023,MGW,WV,AEA,CE,Federal Contract Tower,0,15,18,0,33,0,84,43,2,129,0,99,61,2,162,62,0,62,224
05/18/2023,MGW,WV,AEA,CE,Federal Contract Tower,0,17,10,1,28,0,54,55,6,115,0,71,65,7,143,52,0,52,195
05/19/2023,MGW,WV,AEA,CE,Federal Contract Tower,0,17,8,0,25,0,76,60,6,142,0,93,68,6,167,92,8,100,267
05/20/2023,MGW,WV,AEA,CE,Federal Contract Tower,0,12,17,0,29,0,8,2,0,10,0,20,19,0,39,0,0,0,39
05/21/2023,MGW,WV,AEA,CE,Federal Contract Tower,0,13,12,0,25,0,89,30,2,121,0,102,42,2,146,50,0,50,196
05/22/2023,MGW,WV,AEA,CE,Federal Contract Tower,0,16,10,0,26,0,68,38,0,106,0,84,48,0,132,68,0,68,200
05/23/2023,MGW,WV,AEA,CE,Federal Contract Tower,0,25,23,0,48,0,94,46,12,152,0,119,69,12,200,84,0,84,284
05/24/2023,MGW,WV,AEA,CE,Federal Contract Tower,0,13,9,4,26,0,68,43,0,111,0,81,52,4,137,110,0,110,247
05/25/2023,MGW,WV,AEA,CE,Federal Contract Tower,0,12,7,0,19,0,126,65,0,191,0,138,72,0,210,134,0,134,344
05/26/2023,MGW,WV,AEA,CE,Federal Contract Tower,0,15,13,0,28,0,120,72,6,198,0,135,85,6,226,178,0,178,404
05/27/2023,MGW,WV,AEA,CE,Federal Contract Tower,0,14,10,0,24,0,140,54,0,194,0,154,64,0,218,74,0,74,292
05/28/2023,MGW,WV,AEA,CE,Federal Contract Tower,0,10,1,0,11,0,136,39,2,177,0,146,40,2,188,72,0,72,260
05/29/2023,MGW,WV,AEA,CE,Federal Contract Tower,0,12,5,0,17,0,102,35,0,137,0,114,40,0,154,52,0,52,206
05/30/2023,MGW,WV,AEA,CE,Federal Contract Tower,0,14,11,0,25,0,77,39,10,126,0,91,50,10,151,90,0,90,241
05/31/2023,MGW,WV,AEA,CE,Federal Contract Tower,0,10,4,0,14,0,52,45,0,97,0,62,49,0,111,112,0,112,223
06/01/2023,MGW,WV,AEA,CE,Federal Contract Tower,0,20,10,1,31,0,88,41,6,135,0,108,51,7,166,84,0,84,250
06/06/2023,MGW,WV,AEA,CE,Federal Contract Tower,0,14,8,0,22,0,104,30,4,138,0,118,38,4,160,90,0,90,250
06/07/2023,MGW,WV,AEA,CE,Federal Contract Tower,0,18,4,4,26,0,52,27,0,79,0,70,31,4,105,104,0,104,209
06/08/2023,MGW,WV,AEA,CE,Federal Contract Tower,0,16,16,0,32,0,133,57,0,190,0,149,73,0,222,100,0,100,322
06/09/2023,MGW,WV,AEA,CE,Federal Contract Tower,0,13,9,0,22,0,74,41,10,125,0,87,50,10,147,24,0,24,171
06/10/2023,MGW,WV,AEA,CE,Federal Contract Tower,0,13,11,0,24,0,93,72,0,165,0,106,83,0,189,36,0,36,225
06/11/2023,MGW,WV,AEA,CE,Federal Contract Tower,0,13,7,0,20,0,62,39,0,101,0,75,46,0,121,72,0,72,193
06/12/2023,MGW,WV,AEA,CE,Federal Contract Tower,0,12,10,3,25,0,28,3,0,31,0,40,13,3,56,30,0,30,86
06/13/2023,MGW,WV,AEA,CE,Federal Contract Tower,0,17,14,0,31,0,50,34,0,84,0,67,48,0,115,62,0,62,177
06/14/2023,MGW,WV,AEA,CE,Federal Contract Tower,0,13,14,0,27,0,46,13,0,59,0,59,27,0,86,46,0,46,132
06/15/2023,MGW,WV,AEA,CE,Federal Contract Tower,0,34,22,0,56,0,66,68,12,146,0,100,90,12,202,156,22,178,380
06/16/2023,MGW,WV,AEA,CE,Federal Contract Tower,0,14,9,0,23,0,19,16,1,36,0,33,25,1,59,32,0,32,91
06/17/2023,MGW,WV,AEA,CE,Federal Contract Tower,0,11,15,0,26,0,91,13,0,104,0,102,28,0,130,14,0,14,144
06/18/2023,MGW,WV,AEA,CE,Federal Contract Tower,0,16,11,0,27,0,75,45,0,120,0,91,56,0,147,110,0,110,257
06/19/2023,MGW,WV,AEA,CE,Federal Contract Tower,0,10,3,0,13,0,60,25,0,85,0,70,28,0,98,94,0,94,192
06/20/2023,MGW,WV,AEA,CE,Federal Contract Tower,0,16,9,0,25,0,78,15,6,99,0,94,24,6,124,56,6,62,186
06/21/2023,MGW,WV,AEA,CE,Federal Contract Tower,0,16,8,3,27,0,34,21,8,63,0,50,29,11,90,30,0,30,120
06/22/2023,MGW,WV,AEA,CE,Federal Contract Tower,0,8,10,7,25,0,25,21,8,54,0,33,31,15,79,56,0,56,135
06/23/2023,MGW,WV,AEA,CE,Federal Contract Tower,0,15,6,3,24,0,37,21,1,59,0,52,27,4,83,58,0,58,141
06/24/2023,MGW,WV,AEA,CE,Federal Contract Tower,0,12,3,0,15,0,100,24,2,126,0,112,27,2,141,24,0,24,165
06/25/2023,MGW,WV,AEA,CE,Federal Contract Tower,0,11,12,0,23,0,86,41,2,129,0,97,53,2,152,116,4,120,272
06/26/2023,MGW,WV,AEA,CE,Federal Contract Tower,0,15,6,1,22,0,79,33,3,115,0,94,39,4,137,34,10,44,181
06/27/2023,MGW,WV,AEA,CE,Federal Contract Tower,0,18,14,2,34,0,22,1,0,23,0,40,15,2,57,0,0,0,57
06/29/2023,MGW,WV,AEA,CE,Federal Contract Tower,0,19,10,0,29,0,16,4,0,20,0,35,14,0,49,16,0,16,65
06/30/2023,MGW,WV,AEA,CE,Federal Contract Tower,0,13,11,3,27,0,77,59,1,137,0,90,70,4,164,118,0,118,282
07/01/2023,MGW,WV,AEA,CE,Federal Contract Tower,0,16,4,2,22,0,102,31,0,133,0,118,35,2,155,84,0,84,239
07/02/2023,MGW,WV,AEA,CE,Federal Contract Tower,0,8,0,0,8,0,46,11,0,57,0,54,11,0,65,40,0,40,105
07/03/2023,MGW,WV,AEA,CE,Federal Contract Tower,0,11,6,0,17,0,24,10,0,34,0,35,16,0,51,26,0,26,77
07/04/2023,MGW,WV,AEA,CE,Federal Contract Tower,0,16,7,0,23,0,56,21,0,77,0,72,28,0,100,38,0,38,138
07/05/2023,MGW,WV,AEA,CE,Federal Contract Tower,0,18,13,2,33,0,46,59,5,110,0,64,72,7,143,92,6,98,241
07/06/2023,MGW,WV,AEA,CE,Federal Contract Tower,0,16,7,0,23,0,46,34,5,85,0,62,41,5,108,62,0,62,170
07/07/2023,MGW,WV,AEA,CE,Federal Contract Tower,0,16,13,3,32,0,106,16,8,130,0,122,29,11,162,46,6,52,214
07/08/2023,MGW,WV,AEA,CE,Federal Contract Tower,0,8,20,0,28,0,98,38,3,139,0,106,58,3,167,42,0,42,209
07/09/2023,MGW,WV,AEA,CE,Federal Contract Tower,0,12,0,2,14,0,22,10,1,33,0,34,10,3,47,50,0,50,97
07/11/2023,MGW,WV,AEA,CE,Federal Contract Tower,0,15,6,0,21,0,84,36,6,126,0,99,42,6,147,80,0,80,227
07/12/2023,MGW,WV,AEA,CE,Federal Contract Tower,0,16,11,1,28,0,78,31,2,111,0,94,42,3,139,68,0,68,207
07/13/2023,MGW,WV,AEA,CE,Federal Contract Tower,0,23,16,4,43,0,64,29,3,96,0,87,45,7,139,74,0,74,213
07/14/2023,MGW,WV,AEA,CE,Federal Contract Tower,0,16,16,0,32,0,66,33,0,99,0,82,49,0,131,28,0,28,159
07/15/2023,MGW,WV,AEA,CE,Federal Contract Tower,0,8,7,3,18,0,86,25,4,115,0,94,32,7,133,20,0,20,153
07/16/2023,MGW,WV,AEA,CE,Federal Contract Tower,0,7,14,0,21,0,56,21,0,77,0,63,35,0,98,46,0,46,144
07/17/2023,MGW,WV,AEA,CE,Federal Contract Tower,0,14,8,0,22,0,30,7,0,37,0,44,15,0,59,30,0,30,89
07/18/2023,MGW,WV,AEA,CE,Federal Contract Tower,0,15,10,0,25,0,86,19,2,107,0,101,29,2,132,34,0,34,166
07/19/2023,MGW,WV,AEA,CE,Federal Contract Tower,0,24,7,0,31,0,52,22,0,74,0,76,29,0,105,62,0,62,167
07/20/2023,MGW,WV,AEA,CE,Federal Contract Tower,0,31,9,0,40,0,56,25,8,89,0,87,34,8,129,82,0,82,211
07/21/2023,MGW,WV,AEA,CE,Federal Contract Tower,0,15,19,2,36,0,71,47,0,118,0,86,66,2,154,52,0,52,206
07/22/2023,MGW,WV,AEA,CE,Federal Contract Tower,0,10,1,2,13,0,88,62,0,150,0,98,63,2,163,32,0,32,195
07/23/2023,MGW,WV,AEA,CE,Federal Contract Tower,0,17,8,0,25,0,78,45,0,123,0,95,53,0,148,124,0,124,272
07/24/2023,MGW,WV,AEA,CE,Federal Contract Tower,0,11,14,0,25,0,60,24,2,86,0,71,38,2,111,4,0,4,115
07/25/2023,MGW,WV,AEA,CE,Federal Contract Tower,0,11,13,1,25,0,110,36,1,147,0,121,49,2,172,36,0,36,208
07/26/2023,MGW,WV,AEA,CE,Federal Contract Tower,0,13,18,4,35,0,54,50,10,114,0,67,68,14,149,96,4,100,249
07/27/2023,MGW,WV,AEA,CE,Federal Contract Tower,0,15,14,0,29,0,46,25,0,71,0,61,39,0,100,66,0,66,166
07/28/2023,MGW,WV,AEA,CE,Federal Contract Tower,0,7,8,2,17,0,50,43,0,93,0,57,51,2,110,66,0,66,176
07/29/2023,MGW,WV,AEA,CE,Federal Contract Tower,0,7,4,0,11,0,72,14,0,86,0,79,18,0,97,2,0,2,99
07/30/2023,MGW,WV,AEA,CE,Federal Contract Tower,0,8,4,0,12,0,95,35,2,132,0,103,39,2,144,20,0,20,164
07/31/2023,MGW,WV,AEA,CE,Federal Contract Tower,0,26,9,2,37,0,68,30,4,102,0,94,39,6,139,8,6,14,153
08/01/2023,MGW,WV,AEA,CE,Federal Contract Tower,0,12,12,0,24,0,120,32,2,154,0,132,44,2,178,10,0,10,188
08/02/2023,MGW,WV,AEA,CE,Federal Contract Tower,0,24,17,3,44,0,52,44,6,102,0,76,61,9,146,52,0,52,198
08/03/2023,MGW,WV,AEA,CE,Federal Contract Tower,0,15,9,2,26,0,50,36,4,90,0,65,45,6,116,30,0,30,146
08/04/2023,MGW,WV,AEA,CE,Federal Contract Tower,0,13,5,2,20,0,70,58,2,130,0,83,63,4,150,14,0,14,164
08/05/2023,MGW,WV,AEA,CE,Federal Contract Tower,0,9,13,0,22,0,89,50,0,139,0,98,63,0,161,80,0,80,241
08/06/2023,MGW,WV,AEA,CE,Federal Contract Tower,0,9,7,3,19,0,38,25,0,63,0,47,32,3,82,44,0,44,126
08/07/2023,MGW,WV,AEA,CE,Federal Contract Tower,0,7,2,0,9,0,4,3,0,7,0,11,5,0,16,6,0,6,22
08/08/2023,MGW,WV,AEA,CE,Federal Contract Tower,0,15,6,0,21,0,82,30,4,116,0,97,36,4,137,58,0,58,195
08/09/2023,MGW,WV,AEA,CE,Federal Contract Tower,0,11,12,2,25,0,66,47,2,115,0,77,59,4,140,76,0,76,216
08/10/2023,MGW,WV,AEA,CE,Federal Contract Tower,0,17,20,0,37,0,28,17,4,49,0,45,37,4,86,32,0,32,118
08/11/2023,MGW,WV,AEA,CE,Federal Contract Tower,0,17,7,2,26,0,97,55,2,154,0,114,62,4,180,66,0,66,246
08/12/2023,MGW,WV,AEA,CE,Federal Contract Tower,0,11,9,2,22,0,73,41,4,118,0,84,50,6,140,54,10,64,204
08/13/2023,MGW,WV,AEA,CE,Federal Contract Tower,0,15,9,0,24,0,76,41,0,117,0,91,50,0,141,40,0,40,181
08/14/2023,MGW,WV,AEA,CE,Federal Contract Tower,0,13,6,0,19,0,24,5,0,29,0,37,11,0,48,40,0,40,88
08/15/2023,MGW,WV,AEA,CE,Federal Contract Tower,0,20,9,0,29,0,116,26,4,146,0,136,35,4,175,28,0,28,203
08/16/2023,MGW,WV,AEA,CE,Federal Contract Tower,0,19,12,0,31,0,52,24,6,82,0,71,36,6,113,68,6,74,187
08/17/2023,MGW,WV,AEA,CE,Federal Contract Tower,0,12,12,1,25,0,71,37,7,115,0,83,49,8,140,44,0,44,184
08/18/2023,MGW,WV,AEA,CE,Federal Contract Tower,0,21,14,0,35,0,57,29,0,86,0,78,43,0,121,18,0,18,139
08/19/2023,MGW,WV,AEA,CE,Federal Contract Tower,0,12,26,0,38,0,87,59,1,147,0,99,85,1,185,40,0,40,225
08/20/2023,MGW,WV,AEA,CE,Federal Contract Tower,0,9,14,0,23,0,105,53,0,158,0,114,67,0,181,50,0,50,231
08/21/2023,MGW,WV,AEA,CE,Federal Contract Tower,0,11,3,0,14,0,81,30,0,111,0,92,33,0,125,12,0,12,137
08/22/2023,MGW,WV,AEA,CE,Federal Contract Tower,0,15,17,0,32,0,86,24,0,110,0,101,41,0,142,0,0,0,142
08/23/2023,MGW,WV,AEA,CE,Federal Contract Tower,0,20,24,0,44,0,46,45,7,98,0,66,69,7,142,12,8,20,162
08/24/2023,MGW,WV,AEA,CE,Federal Contract Tower,0,19,8,2,29,0,70,31,2,103,0,89,39,4,132,20,4,24,156
08/25/2023,MGW,WV,AEA,CE,Federal Contract Tower,0,14,10,0,24,0,33,25,0,58,0,47,35,0,82,20,0,20,102
08/26/2023,MGW,WV,AEA,CE,Federal Contract Tower,0,13,11,0,24,0,71,36,1,108,0,84,47,1,132,36,0,36,168
08/27/2023,MGW,WV,AEA,CE,Federal Contract Tower,0,13,16,0,29,0,65,30,0,95,0,78,46,0,124,28,0,28,152
08/28/2023,MGW,WV,AEA,CE,Federal Contract Tower,0,14,8,0,22,0,59,31,2,92,0,73,39,2,114,22,0,22,136
08/29/2023,MGW,WV,AEA,CE,Federal Contract Tower,0,17,11,0,28,0,40,20,0,60,0,57,31,0,88,16,0,16,104
08/30/2023,MGW,WV,AEA,CE,Federal Contract Tower,0,12,11,4,27,0,52,32,0,84,0,64,43,4,111,52,0,52,163
08/31/2023,MGW,WV,AEA,CE,Federal Contract Tower,0,15,6,4,25,0,90,65,5,160,0,105,71,9,185,96,0,96,281
01/01/2020,MGW,WV,AEA,CE,Federal Contract Tower,0,18,0,0,18,0,52,0,0,52,0,70,0,0,70,0,0,0,70
01/02/2020,MGW,WV,AEA,CE,Federal Contract Tower,0,14,2,5,21,0,51,19,4,74,0,65,21,9,95,28,0,28,123
01/03/2020,MGW,WV,AEA,CE,Federal Contract Tower,0,11,3,0,14,0,0,0,0,0,0,11,3,0,14,0,0,0,14
01/04/2020,MGW,WV,AEA,CE,Federal Contract Tower,0,10,6,0,16,0,0,0,0,0,0,10,6,0,16,0,0,0,16
01/05/2020,MGW,WV,AEA,CE,Federal Contract Tower,0,7,5,0,12,0,0,0,0,0,0,7,5,0,12,0,0,0,12
01/06/2020,MGW,WV,AEA,CE,Federal Contract Tower,0,11,1,0,12,0,81,12,4,97,0,92,13,4,109,62,8,70,179
01/07/2020,MGW,WV,AEA,CE,Federal Contract Tower,0,12,0,0,12,0,21,0,0,21,0,33,0,0,33,0,0,0,33
01/08/2020,MGW,WV,AEA,CE,Federal Contract Tower,0,13,3,0,16,0,35,9,0,44,0,48,12,0,60,28,0,28,88
01/09/2020,MGW,WV,AEA,CE,Federal Contract Tower,0,12,16,0,28,0,76,33,2,111,0,88,49,2,139,96,0,96,235
01/10/2020,MGW,WV,AEA,CE,Federal Contract Tower,0,15,7,0,22,0,46,6,0,52,0,61,13,0,74,8,0,8,82
01/11/2020,MGW,WV,AEA,CE,Federal Contract Tower,0,8,1,2,11,0,22,7,0,29,0,30,8,2,40,0,0,0,40
01/12/2020,MGW,WV,AEA,CE,Federal Contract Tower,0,11,13,2,26,0,60,23,0,83,0,71,36,2,109,62,0,62,171
01/13/2020,MGW,WV,AEA,CE,Federal Contract Tower,0,11,9,0,20,0,47,28,1,76,0,58,37,1,96,62,0,62,158
01/14/2020,MGW,WV,AEA,CE,Federal Contract Tower,0,21,2,0,23,0,30,9,0,39,0,51,11,0,62,18,0,18,80
01/15/2020,MGW,WV,AEA,CE,Federal Contract Tower,0,11,5,0,16,0,58,5,5,68,0,69,10,5,84,18,2,20,104
01/16/2020,MGW,WV,AEA,CE,Federal Contract Tower,0,16,11,0,27,0,33,10,2,45,0,49,21,2,72,0,0,0,72
01/17/2020,MGW,WV,AEA,CE,Federal Contract Tower,0,22,11,0,33,0,57,21,7,85,0,79,32,7,118,42,0,42,160
01/18/2020,MGW,WV,AEA,CE,Federal Contract Tower,0,6,0,0,6,0,4,0,0,4,0,10,0,0,10,0,0,0,10
01/19/2020,MGW,WV,AEA,CE,Federal Contract Tower,0,8,8,2,18,0,8,7,0,15,0,16,15,2,33,18,0,18,51
01/20/2020,MGW,WV,AEA,CE,Federal Contract Tower,0,11,4,0,15,0,6,8,0,14,0,17,12,0,29,42,0,42,71
01/21/2020,MGW,WV,AEA,CE,Federal Contract Tower,0,23,2,0,25,0,44,12,0,56,0,67,14,0,81,44,0,44,125
01/22/2020,MGW,WV,AEA,CE,Federal Contract Tower,0,17,15,1,33,0,56,32,1,89,0,73,47,2,122,68,12,80,202
01/23/2020,MGW,WV,AEA,CE,Federal Contract Tower,0,25,2,2,29,0,42,20,0,62,0,67,22,2,91,18,0,18,109
01/24/2020,MGW,WV,AEA,CE,Federal Contract Tower,0,14,13,0,27,0,23,11,5,39,0,37,24,5,66,0,0,0,66
01/25/2020,MGW,WV,AEA,CE,Federal Contract Tower,0,2,3,0,5,0,7,1,0,8,0,9,4,0,13,0,0,0,13
01/26/2020,MGW,WV,AEA,CE,Federal Contract Tower,0,10,6,0,16,0,1,3,0,4,0,11,9,0,20,12,0,12,32
01/27/2020,MGW,WV,AEA,CE,Federal Contract Tower,0,16,5,0,21,0,14,4,0,18,0,30,9,0,39,0,0,0,39
01/28/2020,MGW,WV,AEA,CE,Federal Contract Tower,0,13,4,2,19,0,0,0,2,2,0,13,4,4,21,0,0,0,21
01/29/2020,MGW,WV,AEA,CE,Federal Contract Tower,0,15,3,0,18,0,57,7,2,66,0,72,10,2,84,28,0,28,112
01/30/2020,MGW,WV,AEA,CE,Federal Contract Tower,0,15,9,0,24,0,31,19,2,52,0,46,28,2,76,50,0,50,126
01/31/2020,MGW,WV,AEA,CE,Federal Contract Tower,0,13,12,2,27,0,13,19,6,38,0,26,31,8,65,84,0,84,149
02/01/2020,MGW,WV,AEA,CE,Federal Contract Tower,0,11,5,0,16,0,0,0,0,0,0,11,5,0,16,0,0,0,16
02/02/2020,MGW,WV,AEA,CE,Federal Contract Tower,0,8,5,0,13,0,40,3,0,43,0,48,8,0,56,0,0,0,56
02/03/2020,MGW,WV,AEA,CE,Federal Contract Tower,0,15,21,0,36,0,99,42,0,141,0,114,63,0,177,66,0,66,243
02/04/2020,MGW,WV,AEA,CE,Federal Contract Tower,0,14,6,2,22,0,4,0,0,4,0,18,6,2,26,0,0,0,26
02/05/2020,MGW,WV,AEA,CE,Federal Contract Tower,0,13,7,0,20,0,32,6,2,40,0,45,13,2,60,16,0,16,76
02/06/2020,MGW,WV,AEA,CE,Federal Contract Tower,0,17,7,0,24,0,10,0,0,10,0,27,7,0,34,0,0,0,34
02/07/2020,MGW,WV,AEA,CE,Federal Contract Tower,0,12,3,0,15,0,0,0,0,0,0,12,3,0,15,0,0,0,15
02/08/2020,MGW,WV,AEA,CE,Federal Contract Tower,0,12,4,0,16,0,14,3,0,17,0,26,7,0,33,0,0,0,33
02/09/2020,MGW,WV,AEA,CE,Federal Contract Tower,0,9,7,0,16,0,28,39,0,67,0,37,46,0,83,94,0,94,177
02/10/2020,MGW,WV,AEA,CE,Federal Contract Tower,0,12,9,0,21,0,0,0,0,0,0,12,9,0,21,0,0,0,21
02/11/2020,MGW,WV,AEA,CE,Federal Contract Tower,0,15,10,0,25,0,10,0,0,10,0,25,10,0,35,0,0,0,35
02/12/2020,MGW,WV,AEA,CE,Federal Contract Tower,0,15,26,2,43,0,41,13,0,54,0,56,39,2,97,16,0,16,113
02/13/2020,MGW,WV,AEA,CE,Federal Contract Tower,0,16,14,0,30,0,14,0,0,14,0,30,14,0,44,0,0,0,44
02/14/2020,MGW,WV,AEA,CE,Federal Contract Tower,0,14,7,3,24,0,18,9,0,27,0,32,16,3,51,0,0,0,51
02/15/2020,MGW,WV,AEA,CE,Federal Contract Tower,0,8,9,2,19,0,35,47,0,82,0,43,56,2,101,46,0,46,147
02/16/2020,MGW,WV,AEA,CE,Federal Contract Tower,0,8,4,0,12,0,48,19,0,67,0,56,23,0,79,16,0,16,95
02/17/2020,MGW,WV,AEA,CE,Federal Contract Tower,0,13,16,0,29,0,81,36,3,120,0,94,52,3,149,88,0,88,237
02/18/2020,MGW,WV,AEA,CE,Federal Contract Tower,0,18,13,0,31,0,4,1,0,5,0,22,14,0,36,0,0,0,36
02/19/2020,MGW,WV,AEA,CE,Federal Contract Tower,0,16,11,0,27,0,78,31,2,111,0,94,42,2,138,52,0,52,190
02/20/2020,MGW,WV,AEA,CE,Federal Contract Tower,0,21,0,4,25,0,52,39,8,99,0,73,39,12,124,64,0,64,188
02/21/2020,MGW,WV,AEA,CE,Federal Contract Tower,0,14,19,0,33,0,38,36,2,76,0,52,55,2,109,34,0,34,143
02/22/2020,MGW,WV,AEA,CE,Federal Contract Tower,0,11,11,0,22,0,57,41,3,101,0,68,52,3,123,18,0,18,141
02/23/2020,MGW,WV,AEA,CE,Federal Contract Tower,0,12,11,0,23,0,66,28,2,96,0,78,39,2,119,68,0,68,187
02/24/2020,MGW,WV,AEA,CE,Federal Contract Tower,0,19,17,2,38,0,24,27,2,53,0,43,44,4,91,58,4,62,153
02/25/2020,MGW,WV,AEA,CE,Federal Contract Tower,0,18,9,0,27,0,4,0,0,4,0,22,9,0,31,0,0,0,31
02/26/2020,MGW,WV,AEA,CE,Federal Contract Tower,0,21,2,3,26,0,38,8,1,47,0,59,10,4,73,22,0,22,95
02/27/2020,MGW,WV,AEA,CE,Federal Contract Tower,0,18,4,0,22,0,8,0,0,8,0,26,4,0,30,0,0,0,30
02/28/2020,MGW,WV,AEA,CE,Federal Contract Tower,0,14,9,0,23,0,40,27,2,69,0,54,36,2,92,0,12,12,104
02/29/2020,MGW,WV,AEA,CE,Federal Contract Tower,0,10,7,0,17,0,39,17,0,56,0,49,24,0,73,28,0,28,101
03/01/2020,MGW,WV,AEA,CE,Federal Contract Tower,0,13,20,0,33,0,65,40,0,105,0,78,60,0,138,110,0,110,248
03/02/2020,MGW,WV,AEA,CE,Federal Contract Tower,0,11,4,4,19,0,9,11,0,20,0,20,15,4,39,12,0,12,51
03/03/2020,MGW,WV,AEA,CE,Federal Contract Tower,0,16,10,2,28,0,14,1,2,17,0,30,11,4,45,0,0,0,45
03/04/2020,MGW,WV,AEA,CE,Federal Contract Tower,0,24,4,2,30,0,64,25,2,91,0,88,29,4,121,26,4,30,151
03/05/2020,MGW,WV,AEA,CE,Federal Contract Tower,0,15,23,4,42,0,71,39,4,114,0,86,62,8,156,82,10,92,248
03/06/2020,MGW,WV,AEA,CE,Federal Contract Tower,0,8,6,4,18,0,7,2,0,9,0,15,8,4,27,0,0,0,27
03/07/2020,MGW,WV,AEA,CE,Federal Contract Tower,0,10,17,2,29,0,27,34,12,73,0,37,51,14,102,58,0,58,160
03/08/2020,MGW,WV,AEA,CE,Federal Contract Tower,0,9,18,2,29,0,68,41,1,110,0,77,59,3,139,34,0,34,173
03/09/2020,MGW,WV,AEA,CE,Federal Contract Tower,0,13,10,2,25,0,60,17,10,87,0,73,27,12,112,18,0,18,130
03/10/2020,MGW,WV,AEA,CE,Federal Contract Tower,0,25,10,2,37,0,6,2,0,8,0,31,12,2,45,0,0,0,45
03/11/2020,MGW,WV,AEA,CE,Federal Contract Tower,0,23,11,1,35,0,42,14,3,59,0,65,25,4,94,70,0,70,164
03/12/2020,MGW,WV,AEA,CE,Federal Contract Tower,0,16,8,2,26,0,80,34,12,126,0,96,42,14,152,96,0,96,248
03/13/2020,MGW,WV,AEA,CE,Federal Contract Tower,0,11,8,0,19,0,60,11,1,72,0,71,19,1,91,8,0,8,99
03/14/2020,MGW,WV,AEA,CE,Federal Contract Tower,0,6,5,0,11,0,41,34,0,75,0,47,39,0,86,64,0,64,150
03/15/2020,MGW,WV,AEA,CE,Federal Contract Tower,0,8,1,0,9,0,16,13,0,29,0,24,14,0,38,20,0,20,58
03/16/2020,MGW,WV,AEA,CE,Federal Contract Tower,0,11,4,2,17,0,48,15,0,63,0,59,19,2,80,18,0,18,98
03/17/2020,MGW,WV,AEA,CE,Federal Contract Tower,0,16,8,0,24,0,4,0,0,4,0,20,8,0,28,0,0,0,28
03/18/2020,MGW,WV,AEA,CE,Federal Contract Tower,0,14,3,6,23,0,20,9,2,31,0,34,12,8,54,22,6,28,82
03/19/2020,MGW,WV,AEA,CE,Federal Contract Tower,0,16,12,3,31,0,45,11,4,60,0,61,23,7,91,26,0,26,117
03/20/2020,MGW,WV,AEA,CE,Federal Contract Tower,0,11,6,2,19,0,33,3,0,36,0,44,9,2,55,0,0,0,55
03/21/2020,MGW,WV,AEA,CE,Federal Contract Tower,0,8,2,0,10,0,25,12,2,39,0,33,14,2,49,22,2,24,73
03/22/2020,MGW,WV,AEA,CE,Federal Contract Tower,0,14,3,0,17,0,65,39,4,108,0,79,42,4,125,32,0,32,157
03/23/2020,MGW,WV,AEA,CE,Federal Contract Tower,0,13,0,0,13,0,1,0,0,1,0,14,0,0,14,0,0,0,14
03/24/2020,MGW,WV,AEA,CE,Federal Contract Tower,0,15,1,4,20,0,54,8,0,62,0,69,9,4,82,42,0,42,124
03/25/2020,MGW,WV,AEA,CE,Federal Contract Tower,0,12,0,2,14,0,28,4,2,34,0,40,4,4,48,12,0,12,60
03/26/2020,MGW,WV,AEA,CE,Federal Contract Tower,0,15,13,0,28,0,50,34,2,86,0,65,47,2,114,60,4,64,178
03/27/2020,MGW,WV,AEA,CE,Federal Contract Tower,0,12,6,0,18,0,27,4,0,31,0,39,10,0,49,16,0,16,65
03/28/2020,MGW,WV,AEA,CE,Federal Contract Tower,0,10,2,0,12,0,15,10,0,25,0,25,12,0,37,0,0,0,37
03/29/2020,MGW,WV,AEA,CE,Federal Contract Tower,0,8,0,0,8,0,7,0,0,7,0,15,0,0,15,0,0,0,15
03/30/2020,MGW,WV,AEA,CE,Federal Contract Tower,0,15,1,0,16,0,63,11,2,76,0,78,12,2,92,18,0,18,110
03/31/2020,MGW,WV,AEA,CE,Federal Contract Tower,0,13,3,0,16,0,38,3,0,41,0,51,6,0,57,0,0,0,57
04/01/2020,MGW,WV,AEA,CE,Federal Contract Tower,0,13,0,0,13,0,34,2,0,36,0,47,2,0,49,0,0,0,49
04/02/2020,MGW,WV,AEA,CE,Federal Contract Tower,0,14,6,2,22,0,52,14,5,71,0,66,20,7,93,12,0,12,105
04/03/2020,MGW,WV,AEA,CE,Federal Contract Tower,0,13,0,0,13,0,24,21,5,50,0,37,21,5,63,42,0,42,105
04/04/2020,MGW,WV,AEA,CE,Federal Contract Tower,0,8,7,0,15,0,60,55,3,118,0,68,62,3,133,82,0,82,215
04/05/2020,MGW,WV,AEA,CE,Federal Contract Tower,0,12,5,0,17,0,33,6,0,39,0,45,11,0,56,12,0,12,68
04/06/2020,MGW,WV,AEA,CE,Federal Contract Tower,0,12,0,0,12,0,24,29,2,55,0,36,29,2,67,30,0,30,97
04/07/2020,MGW,WV,AEA,CE,Federal Contract Tower,0,11,0,0,11,0,16,4,0,20,0,27,4,0,31,32,0,32,63
04/08/2020,MGW,WV,AEA,CE,Federal Contract Tower,0,13,3,0,16,0,62,17,0,79,0,75,20,0,95,0,0,0,95
04/09/2020,MGW,WV,AEA,CE,Federal Contract Tower,0,11,0,0,11,0,13,2,0,15,0,24,2,0,26,0,0,0,26
04/10/2020,MGW,WV,AEA,CE,Federal Contract Tower,0,10,0,0,10,0,25,8,0,33,0,35,8,0,43,6,0,6,49
04/11/2020,MGW,WV,AEA,CE,Federal Contract Tower,0,8,4,0,12,0,55,44,2,101,0,63,48,2,113,28,0,28,141
04/12/2020,MGW,WV,AEA,CE,Federal Contract Tower,0,10,4,0,14,0,52,27,0,79,0,62,31,0,93,22,0,22,115
04/13/2020,MGW,WV,AEA,CE,Federal Contract Tower,0,11,0,0,11,0,12,1,0,13,0,23,1,0,24,0,0,0,24
04/14/2020,MGW,WV,AEA,CE,Federal Contract Tower,0,12,8,0,20,0,18,24,0,42,0,30,32,0,62,36,0,36,98
04/15/2020,MGW,WV,AEA,CE,Federal Contract Tower,0,16,6,0,22,0,41,18,0,59,0,57,24,0,81,22,0,22,103
04/16/2020,MGW,WV,AEA,CE,Federal Contract Tower,0,12,3,0,15,0,30,14,2,46,0,42,17,2,61,14,6,20,81
04/17/2020,MGW,WV,AEA,CE,Federal Contract Tower,0,8,2,0,10,0,5,4,0,9,0,13,6,0,19,0,0,0,19
04/18/2020,MGW,WV,AEA,CE,Federal Contract Tower,0,8,4,0,12,0,6,10,0,16,0,14,14,0,28,32,0,32,60
04/19/2020,MGW,WV,AEA,CE,Federal Contract Tower,0,8,4,0,12,0,54,23,2,79,0,62,27,2,91,20,0,20,111
04/20/2020,MGW,WV,AEA,CE,Federal Contract Tower,0,14,2,2,18,0,33,23,0,56,0,47,25,2,74,36,0,36,110
04/21/2020,MGW,WV,AEA,CE,Federal Contract Tower,0,12,0,0,12,0,55,5,0,60,0,67,5,0,72,0,0,0,72
04/22/2020,MGW,WV,AEA,CE,Federal Contract Tower,0,13,11,2,26,0,44,45,0,89,0,57,56,2,115,76,0,76,191
04/23/2020,MGW,WV,AEA,CE,Federal Contract Tower,0,12,0,0,12,0,12,12,0,24,0,24,12,0,36,0,0,0,36
04/24/2020,MGW,WV,AEA,CE,Federal Contract Tower,0,19,7,0,26,0,28,0,0,28,0,47,7,0,54,0,0,0,54
04/25/2020,MGW,WV,AEA,CE,Federal Contract Tower,0,9,9,0,18,0,43,32,6,81,0,52,41,6,99,20,0,20,119
04/26/2020,MGW,WV,AEA,CE,Federal Contract Tower,0,8,2,0,10,0,2,0,0,2,0,10,2,0,12,0,0,0,12
04/27/2020,MGW,WV,AEA,CE,Federal Contract Tower,0,15,2,4,21,0,49,29,0,78,0,64,31,4,99,52,2,54,153
04/28/2020,MGW,WV,AEA,CE,Federal Contract Tower,0,12,7,0,19,0,24,9,0,33,0,36,16,0,52,0,0,0,52
04/29/2020,MGW,WV,AEA,CE,Federal Contract Tower,0,12,2,0,14,0,26,11,0,37,0,38,13,0,51,0,0,0,51
04/30/2020,MGW,WV,AEA,CE,Federal Contract Tower,0,12,6,0,18,0,31,8,2,41,0,43,14,2,59,24,0,24,83
05/01/2020,MGW,WV,AEA,CE,Federal Contract Tower,0,12,4,0,16,0,18,0,0,18,0,30,4,0,34,0,0,0,34
05/02/2020,MGW,WV,AEA,CE,Federal Contract Tower,0,8,4,0,12,0,54,38,4,96,0,62,42,4,108,126,4,130,238
05/03/2020,MGW,WV,AEA,CE,Federal Contract Tower,0,9,4,0,13,0,21,2,0,23,0,30,6,0,36,0,0,0,36
05/04/2020,MGW,WV,AEA,CE,Federal Contract Tower,0,11,7,0,18,0,55,24,0,79,0,66,31,0,97,80,0,80,177
05/05/2020,MGW,WV,AEA,CE,Federal Contract Tower,0,12,4,0,16,0,38,30,0,68,0,50,34,0,84,26,0,26,110
05/06/2020,MGW,WV,AEA,CE,Federal Contract Tower,0,14,2,0,16,0,18,0,0,18,0,32,2,0,34,0,0,0,34
05/07/2020,MGW,WV,AEA,CE,Federal Contract Tower,0,14,1,0,15,0,77,32,0,109,0,91,33,0,124,58,0,58,182
05/08/2020,MGW,WV,AEA,CE,Federal Contract Tower,0,14,5,1,20,0,12,2,1,15,0,26,7,2,35,8,0,8,43
05/09/2020,MGW,WV,AEA,CE,Federal Contract Tower,0,9,1,0,10,0,52,9,0,61,0,61,10,0,71,34,0,34,105
05/10/2020,MGW,WV,AEA,CE,Federal Contract Tower,0,8,17,0,25,0,49,23,0,72,0,57,40,0,97,50,0,50,147
05/11/2020,MGW,WV,AEA,CE,Federal Contract Tower,0,11,1,2,14,0,8,0,0,8,0,19,1,2,22,0,0,0,22
05/12/2020,MGW,WV,AEA,CE,Federal Contract Tower,0,17,10,2,29,0,30,37,2,69,0,47,47,4,98,62,0,62,160
05/13/2020,MGW,WV,AEA,CE,Federal Contract Tower,0,12,11,2,25,0,49,74,10,133,0,61,85,12,158,108,0,108,266
05/14/2020,MGW,WV,AEA,CE,Federal Contract Tower,0,13,6,0,19,0,48,20,0,68,0,61,26,0,87,64,0,64,151
05/15/2020,MGW,WV,AEA,CE,Federal Contract Tower,0,11,1,0,12,0,30,11,0,41,0,41,12,0,53,16,0,16,69
05/16/2020,MGW,WV,AEA,CE,Federal Contract Tower,0,10,9,0,19,0,66,42,0,108,0,76,51,0,127,70,0,70,197
05/17/2020,MGW,WV,AEA,CE,Federal Contract Tower,0,10,17,0,27,0,42,27,2,71,0,52,44,2,98,66,0,66,164
05/18/2020,MGW,WV,AEA,CE,Federal Contract Tower,0,12,12,0,24,0,59,26,2,87,0,71,38,2,111,74,0,74,185
05/19/2020,MGW,WV,AEA,CE,Federal Contract Tower,0,17,3,6,26,0,32,5,0,37,0,49,8,6,63,0,0,0,63
05/20/2020,MGW,WV,AEA,CE,Federal Contract Tower,0,12,4,0,16,0,44,6,1,51,0,56,10,1,67,6,0,6,73
05/21/2020,MGW,WV,AEA,CE,Federal Contract Tower,0,18,4,0,22,0,26,6,0,32,0,44,10,0,54,14,0,14,68
05/22/2020,MGW,WV,AEA,CE,Federal Contract Tower,0,15,14,0,29,0,43,15,0,58,0,58,29,0,87,28,0,28,115
05/23/2020,MGW,WV,AEA,CE,Federal Contract Tower,0,8,10,0,18,0,43,21,4,68,0,51,31,4,86,12,0,12,98
05/24/2020,MGW,WV,AEA,CE,Federal Contract Tower,0,9,9,0,18,0,28,35,0,63,0,37,44,0,81,18,0,18,99
05/25/2020,MGW,WV,AEA,CE,Federal Contract Tower,0,11,12,0,23,0,71,28,0,99,0,82,40,0,122,8,0,8,130
05/26/2020,MGW,WV,AEA,CE,Federal Contract Tower,0,14,11,0,25,0,90,41,10,141,0,104,52,10,166,84,10,94,260
05/27/2020,MGW,WV,AEA,CE,Federal Contract Tower,0,13,15,0,28,0,27,35,0,62,0,40,50,0,90,118,0,118,208
05/28/2020,MGW,WV,AEA,CE,Federal Contract Tower,0,14,13,0,27,0,45,35,0,80,0,59,48,0,107,94,0,94,201
05/29/2020,MGW,WV,AEA,CE,Federal Contract Tower,0,13,2,0,15,0,24,22,4,50,0,37,24,4,65,42,0,42,107
05/30/2020,MGW,WV,AEA,CE,Federal Contract Tower,0,8,6,0,14,0,89,28,4,121,0,97,34,4,135,32,4,36,171
05/31/2020,MGW,WV,AEA,CE,Federal Contract Tower,0,11,12,0,23,0,64,47,0,111,0,75,59,0,134,88,0,88,222
06/01/2020,MGW,WV,AEA,CE,Federal Contract Tower,0,11,11,0,22,0,70,42,4,116,0,81,53,4,138,106,0,106,244
06/02/2020,MGW,WV,AEA,CE,Federal Contract Tower,0,12,2,4,18,0,74,31,4,109,0,86,33,8,127,86,0,86,213
06/03/2020,MGW,WV,AEA,CE,Federal Contract Tower,0,14,6,3,23,0,57,31,4,92,0,71,37,7,115,62,6,68,183
06/04/2020,MGW,WV,AEA,CE,Federal Contract Tower,0,13,0,0,13,0,32,15,0,47,0,45,15,0,60,42,0,42,102
06/05/2020,MGW,WV,AEA,CE,Federal Contract Tower,0,13,4,0,17,0,28,4,0,32,0,41,8,0,49,68,0,68,117
06/06/2020,MGW,WV,AEA,CE,Federal Contract Tower,0,8,16,0,24,0,60,31,1,92,0,68,47,1,116,30,0,30,146
06/07/2020,MGW,WV,AEA,CE,Federal Contract Tower,0,8,17,0,25,0,87,64,8,159,0,95,81,8,184,46,32,78,262
06/08/2020,MGW,WV,AEA,CE,Federal Contract Tower,0,11,14,0,25,0,64,50,6,120,0,75,64,6,145,112,0,112,257
06/09/2020,MGW,WV,AEA,CE,Federal Contract Tower,0,12,4,0,16,0,53,31,7,91,0,65,35,7,107,54,4,58,165
06/10/2020,MGW,WV,AEA,CE,Federal Contract Tower,0,14,4,0,18,0,56,13,0,69,0,70,17,0,87,28,0,28,115
06/11/2020,MGW,WV,AEA,CE,Federal Contract Tower,0,12,14,2,28,0,48,34,0,82,0,60,48,2,110,46,0,46,156
06/12/2020,MGW,WV,AEA,CE,Federal Contract Tower,0,16,5,1,22,0,52,42,4,98,0,68,47,5,120,60,0,60,180
06/13/2020,MGW,WV,AEA,CE,Federal Contract Tower,0,8,13,0,21,0,68,52,0,120,0,76,65,0,141,64,0,64,205
06/14/2020,MGW,WV,AEA,CE,Federal Contract Tower,0,10,4,0,14,0,25,18,0,43,0,35,22,0,57,22,0,22,79
06/15/2020,MGW,WV,AEA,CE,Federal Contract Tower,0,11,11,0,22,0,53,33,4,90,0,64,44,4,112,80,0,80,192
06/16/2020,MGW,WV,AEA,CE,Federal Contract Tower,0,13,14,0,27,0,58,34,8,100,0,71,48,8,127,74,12,86,213
06/17/2020,MGW,WV,AEA,CE,Federal Contract Tower,0,20,23,0,43,0,94,47,4,145,0,114,70,4,188,102,8,110,298
06/18/2020,MGW,WV,AEA,CE,Federal Contract Tower,0,21,11,0,32,0,39,20,0,59,0,60,31,0,91,32,0,32,123
06/19/2020,MGW,WV,AEA,CE,Federal Contract Tower,0,9,7,1,17,0,33,28,3,64,0,42,35,4,81,28,0,28,109
06/20/2020,MGW,WV,AEA,CE,Federal Contract Tower,0,9,8,0,17,0,64,58,6,128,0,73,66,6,145,42,0,42,187
06/21/2020,MGW,WV,AEA,CE,Federal Contract Tower,0,10,10,0,20,0,79,31,1,111,0,89,41,1,131,54,0,54,185
06/22/2020,MGW,WV,AEA,CE,Federal Contract Tower,0,14,5,2,21,0,63,15,0,78,0,77,20,2,99,36,0,36,135
06/23/2020,MGW,WV,AEA,CE,Federal Contract Tower,0,14,7,0,21,0,35,29,0,64,0,49,36,0,85,72,0,72,157
06/24/2020,MGW,WV,AEA,CE,Federal Contract Tower,0,14,8,0,22,0,64,23,3,90,0,78,31,3,112,46,2,48,160
06/25/2020,MGW,WV,AEA,CE,Federal Contract Tower,0,14,11,0,25,0,48,39,0,87,0,62,50,0,112,54,0,54,166
06/26/2020,MGW,WV,AEA,CE,Federal Contract Tower,0,17,8,4,29,0,59,34,2,95,0,76,42,6,124,36,0,36,160
06/27/2020,MGW,WV,AEA,CE,Federal Contract Tower,0,9,3,0,12,0,19,5,4,28,0,28,8,4,40,0,4,4,44
06/28/2020,MGW,WV,AEA,CE,Federal Contract Tower,0,10,11,0,21,0,51,16,0,67,0,61,27,0,88,60,0,60,148
06/29/2020,MGW,WV,AEA,CE,Federal Contract Tower,0,11,21,6,38,0,86,36,6,128,0,97,57,12,166,88,8,96,262
06/30/2020,MGW,WV,AEA,CE,Federal Contract Tower,0,12,12,0,24,0,89,51,2,142,0,101,63,2,166,84,0,84,250
07/01/2020,MGW,WV,AEA,CE,Federal Contract Tower,0,16,16,0,32,0,42,36,0,78,0,58,52,0,110,72,0,72,182
07/02/2020,MGW,WV,AEA,CE,Federal Contract Tower,0,12,25,2,39,0,71,56,0,127,0,83,81,2,166,148,0,148,314
07/03/2020,MGW,WV,AEA,CE,Federal Contract Tower,0,15,5,0,20,0,67,48,18,133,0,82,53,18,153,108,0,108,261
07/04/2020,MGW,WV,AEA,CE,Federal Contract Tower,0,8,8,0,16,0,65,28,0,93,0,73,36,0,109,22,0,22,131
07/05/2020,MGW,WV,AEA,CE,Federal Contract Tower,0,10,4,0,14,0,61,21,0,82,0,71,25,0,96,48,0,48,144
07/06/2020,MGW,WV,AEA,CE,Federal Contract Tower,0,17,5,0,22,0,73,31,0,104,0,90,36,0,126,88,0,88,214
07/07/2020,MGW,WV,AEA,CE,Federal Contract Tower,0,10,3,0,13,0,30,15,4,49,0,40,18,4,62,22,0,22,84
07/08/2020,MGW,WV,AEA,CE,Federal Contract Tower,0,14,10,8,32,0,69,30,4,103,0,83,40,12,135,76,16,92,227
07/09/2020,MGW,WV,AEA,CE,Federal Contract Tower,0,13,14,0,27,0,76,43,0,119,0,89,57,0,146,74,0,74,220
07/10/2020,MGW,WV,AEA,CE,Federal Contract Tower,0,14,12,2,28,0,50,33,6,89,0,64,45,8,117,96,0,96,213
07/11/2020,MGW,WV,AEA,CE,Federal Contract Tower,0,9,9,2,20,0,64,33,2,99,0,73,42,4,119,20,0,20,139
07/12/2020,MGW,WV,AEA,CE,Federal Contract Tower,0,8,21,0,29,0,74,59,0,133,0,82,80,0,162,120,0,120,282
07/13/2020,MGW,WV,AEA,CE,Federal Contract Tower,0,15,14,2,31,0,85,29,4,118,0,100,43,6,149,52,0,52,201
07/14/2020,MGW,WV,AEA,CE,Federal Contract Tower,0,24,9,2,35,0,65,42,27,134,0,89,51,29,169,92,10,102,271
07/15/2020,MGW,WV,AEA,CE,Federal Contract Tower,0,17,5,0,22,0,42,42,0,84,0,59,47,0,106,58,0,58,164
07/16/2020,MGW,WV,AEA,CE,Federal Contract Tower,0,14,7,0,21,0,64,17,0,81,0,78,24,0,102,60,0,60,162
07/17/2020,MGW,WV,AEA,CE,Federal Contract Tower,0,19,6,2,27,0,88,29,0,117,0,107,35,2,144,76,0,76,220
07/18/2020,MGW,WV,AEA,CE,Federal Contract Tower,0,9,4,1,14,0,72,59,5,136,0,81,63,6,150,60,0,60,210
07/19/2020,MGW,WV,AEA,CE,Federal Contract Tower,0,12,15,2,29,0,35,30,0,65,0,47,45,2,94,38,0,38,132
07/20/2020,MGW,WV,AEA,CE,Federal Contract Tower,0,12,15,1,28,0,68,23,0,91,0,80,38,1,119,64,0,64,183
07/21/2020,MGW,WV,AEA,CE,Federal Contract Tower,0,7,6,0,13,0,44,19,0,63,0,51,25,0,76,24,0,24,100
07/22/2020,MGW,WV,AEA,CE,Federal Contract Tower,0,26,1,1,28,0,64,19,2,85,0,90,20,3,113,70,18,88,201
07/23/2020,MGW,WV,AEA,CE,Federal Contract Tower,0,15,8,4,27,0,51,30,5,86,0,66,38,9,113,92,0,92,205
07/24/2020,MGW,WV,AEA,CE,Federal Contract Tower,0,18,23,4,45,0,28,23,2,53,0,46,46,6,98,20,0,20,118
07/25/2020,MGW,WV,AEA,CE,Federal Contract Tower,0,9,9,0,18,0,90,54,2,146,0,99,63,2,164,60,0,60,224
07/26/2020,MGW,WV,AEA,CE,Federal Contract Tower,0,13,5,0,18,0,77,40,0,117,0,90,45,0,135,26,0,26,161
07/27/2020,MGW,WV,AEA,CE,Federal Contract Tower,0,12,11,0,23,0,77,28,2,107,0,89,39,2,130,46,0,46,176
07/28/2020,MGW,WV,AEA,CE,Federal Contract Tower,0,16,8,0,24,0,77,17,2,96,0,93,25,2,120,44,0,44,164
07/29/2020,MGW,WV,AEA,CE,Federal Contract Tower,0,13,7,0,20,0,51,36,2,89,0,64,43,2,109,108,6,114,223
07/30/2020,MGW,WV,AEA,CE,Federal Contract Tower,0,16,17,2,35,0,36,25,0,61,0,52,42,2,96,78,0,78,174
07/31/2020,MGW,WV,AEA,CE,Federal Contract Tower,0,15,6,3,24,0,27,11,0,38,0,42,17,3,62,16,0,16,78
08/01/2020,MGW,WV,AEA,CE,Federal Contract Tower,0,12,12,0,24,0,27,16,0,43,0,39,28,0,67,18,0,18,85
08/02/2020,MGW,WV,AEA,CE,Federal Contract Tower,0,14,9,0,23,0,59,14,0,73,0,73,23,0,96,24,0,24,120
08/03/2020,MGW,WV,AEA,CE,Federal Contract Tower,0,17,10,0,27,0,53,37,1,91,0,70,47,1,118,80,0,80,198
08/04/2020,MGW,WV,AEA,CE,Federal Contract Tower,0,12,1,1,14,0,57,18,3,78,0,69,19,4,92,48,6,54,146
08/05/2020,MGW,WV,AEA,CE,Federal Contract Tower,0,14,14,0,28,0,29,60,7,96,0,43,74,7,124,118,8,126,250
08/06/2020,MGW,WV,AEA,CE,Federal Contract Tower,0,18,6,2,26,0,72,35,6,113,0,90,41,8,139,82,0,82,221
08/07/2020,MGW,WV,AEA,CE,Federal Contract Tower,0,12,9,7,28,0,74,39,26,139,0,86,48,33,167,70,12,82,249
08/08/2020,MGW,WV,AEA,CE,Federal Contract Tower,0,13,1,0,14,0,74,57,2,133,0,87,58,2,147,24,0,24,171
08/09/2020,MGW,WV,AEA,CE,Federal Contract Tower,0,10,11,0,21,0,103,63,3,169,0,113,74,3,190,66,0,66,256
08/10/2020,MGW,WV,AEA,CE,Federal Contract Tower,0,20,19,0,39,0,75,58,1,134,0,95,77,1,173,132,0,132,305
08/11/2020,MGW,WV,AEA,CE,Federal Contract Tower,0,13,17,5,35,0,74,51,2,127,0,87,68,7,162,84,24,108,270
08/12/2020,MGW,WV,AEA,CE,Federal Contract Tower,0,13,6,0,19,0,68,33,2,103,0,81,39,2,122,73,10,83,205
08/13/2020,MGW,WV,AEA,CE,Federal Contract Tower,0,11,10,0,21,0,63,57,8,128,0,74,67,8,149,98,10,108,257
08/14/2020,MGW,WV,AEA,CE,Federal Contract Tower,0,22,11,0,33,0,40,35,0,75,0,62,46,0,108,24,0,24,132
08/15/2020,MGW,WV,AEA,CE,Federal Contract Tower,0,17,15,0,32,0,14,3,0,17,0,31,18,0,49,4,0,4,53
08/16/2020,MGW,WV,AEA,CE,Federal Contract Tower,0,12,15,0,27,0,83,40,2,125,0,95,55,2,152,104,0,104,256
08/17/2020,MGW,WV,AEA,CE,Federal Contract Tower,0,16,8,0,24,0,72,35,0,107,0,88,43,0,131,84,0,84,215
08/18/2020,MGW,WV,AEA,CE,Federal Contract Tower,0,14,9,0,23,0,52,43,0,95,0,66,52,0,118,120,0,120,238
08/19/2020,MGW,WV,AEA,CE,Federal Contract Tower,0,20,22,0,42,0,56,41,0,97,0,76,63,0,139,80,0,80,219
08/20/2020,MGW,WV,AEA,CE,Federal Contract Tower,0,19,7,5,31,0,63,60,2,125,0,82,67,7,156,100,0,100,256
08/21/2020,MGW,WV,AEA,CE,Federal Contract Tower,0,19,9,0,28,0,60,49,2,111,0,79,58,2,139,142,0,142,281
08/22/2020,MGW,WV,AEA,CE,Federal Contract Tower,0,8,8,0,16,0,40,34,0,74,0,48,42,0,90,44,0,44,134
08/23/2020,MGW,WV,AEA,CE,Federal Contract Tower,0,14,18,0,32,0,81,53,2,136,0,95,71,2,168,96,6,102,270
08/24/2020,MGW,WV,AEA,CE,Federal Contract Tower,0,14,7,0,21,0,47,14,2,63,0,61,21,2,84,0,0,0,84
08/25/2020,MGW,WV,AEA,CE,Federal Contract Tower,0,13,7,1,21,0,37,24,3,64,0,50,31,4,85,14,0,14,99
08/26/2020,MGW,WV,AEA,CE,Federal Contract Tower,0,23,15,0,38,0,62,29,2,93,0,85,44,2,131,92,0,92,223
08/27/2020,MGW,WV,AEA,CE,Federal Contract Tower,0,14,3,1,18,0,54,59,2,115,0,68,62,3,133,40,0,40,173
08/28/2020,MGW,WV,AEA,CE,Federal Contract Tower,0,13,2,0,15,0,22,10,4,36,0,35,12,4,51,28,0,28,79
08/29/2020,MGW,WV,AEA,CE,Federal Contract Tower,0,11,9,0,20,0,82,22,0,104,0,93,31,0,124,16,0,16,140
08/30/2020,MGW,WV,AEA,CE,Federal Contract Tower,0,10,12,0,22,0,60,39,0,99,0,70,51,0,121,82,0,82,203
08/31/2020,MGW,WV,AEA,CE,Federal Contract Tower,0,18,4,0,22,0,56,29,1,86,0,74,33,1,108,130,0,130,238
09/01/2020,MGW,WV,AEA,CE,Federal Contract Tower,0,14,11,0,25,0,55,35,0,90,0,69,46,0,115,62,0,62,177
09/02/2020,MGW,WV,AEA,CE,Federal Contract Tower,0,13,5,1,19,0,37,17,0,54,0,50,22,1,73,54,0,54,127
09/03/2020,MGW,WV,AEA,CE,Federal Contract Tower,0,16,3,0,19,0,29,1,2,32,0,45,4,2,51,12,0,12,63
09/04/2020,MGW,WV,AEA,CE,Federal Contract Tower,0,19,18,1,38,0,46,28,2,76,0,65,46,3,114,36,0,36,150
09/05/2020,MGW,WV,AEA,CE,Federal Contract Tower,0,12,8,0,20,0,134,67,0,201,0,146,75,0,221,66,0,66,287
09/06/2020,MGW,WV,AEA,CE,Federal Contract Tower,0,12,15,0,27,0,58,70,0,128,0,70,85,0,155,138,0,138,293
09/07/2020,MGW,WV,AEA,CE,Federal Contract Tower,0,13,14,2,29,0,71,43,0,114,0,84,57,2,143,94,8,102,245
09/08/2020,MGW,WV,AEA,CE,Federal Contract Tower,0,16,16,0,32,0,68,44,0,112,0,84,60,0,144,148,0,148,292
09/09/2020,MGW,WV,AEA,CE,Federal Contract Tower,0,14,10,0,24,0,52,38,2,92,0,66,48,2,116,78,0,78,194
09/10/2020,MGW,WV,AEA,CE,Federal Contract Tower,0,17,10,2,29,0,88,33,2,123,0,105,43,4,152,66,4,70,222
09/11/2020,MGW,WV,AEA,CE,Federal Contract Tower,0,28,11,9,48,0,39,9,0,48,0,67,20,9,96,8,6,14,110
09/12/2020,MGW,WV,AEA,CE,Federal Contract Tower,0,13,7,0,20,0,60,24,0,84,0,73,31,0,104,20,0,20,124
09/13/2020,MGW,WV,AEA,CE,Federal Contract Tower,0,12,3,7,22,0,34,1,0,35,0,46,4,7,57,0,0,0,57
09/14/2020,MGW,WV,AEA,CE,Federal Contract Tower,0,17,8,0,25,0,57,19,2,78,0,74,27,2,103,44,0,44,147
09/15/2020,MGW,WV,AEA,CE,Federal Contract Tower,0,16,3,0,19,0,55,37,2,94,0,71,40,2,113,78,0,78,191
09/16/2020,MGW,WV,AEA,CE,Federal Contract Tower,0,17,7,0,24,0,70,41,2,113,0,87,48,2,137,54,0,54,191
09/17/2020,MGW,WV,AEA,CE,Federal Contract Tower,0,19,10,0,29,0,44,40,0,84,0,63,50,0,113,92,0,92,205
09/18/2020,MGW,WV,AEA,CE,Federal Contract Tower,0,23,13,8,44,0,55,29,4,88,0,78,42,12,132,22,14,36,168
09/19/2020,MGW,WV,AEA,CE,Federal Contract Tower,0,12,14,0,26,0,70,48,13,131,0,82,62,13,157,40,0,40,197
09/20/2020,MGW,WV,AEA,CE,Federal Contract Tower,0,15,15,0,30,0,86,58,2,146,0,101,73,2,176,102,0,102,278
09/21/2020,MGW,WV,AEA,CE,Federal Contract Tower,0,12,12,0,24,0,87,31,6,124,0,99,43,6,148,62,0,62,210
09/22/2020,MGW,WV,AEA,CE,Federal Contract Tower,0,16,7,4,27,0,38,41,4,83,0,54,48,8,110,66,8,74,184
09/23/2020,MGW,WV,AEA,CE,Federal Contract Tower,0,24,16,4,44,0,72,29,2,103,0,96,45,6,147,44,2,46,193
09/24/2020,MGW,WV,AEA,CE,Federal Contract Tower,0,18,12,0,30,0,68,41,1,110,0,86,53,1,140,68,0,68,208
09/25/2020,MGW,WV,AEA,CE,Federal Contract Tower,0,15,11,4,30,0,58,34,4,96,0,73,45,8,126,54,0,54,180
09/26/2020,MGW,WV,AEA,CE,Federal Contract Tower,0,12,9,2,23,0,67,47,10,124,0,79,56,12,147,28,6,34,181
09/27/2020,MGW,WV,AEA,CE,Federal Contract Tower,0,9,8,0,17,0,61,44,1,106,0,70,52,1,123,84,0,84,207
09/28/2020,MGW,WV,AEA,CE,Federal Contract Tower,0,13,13,0,26,0,81,34,2,117,0,94,47,2,143,68,0,68,211
09/29/2020,MGW,WV,AEA,CE,Federal Contract Tower,0,12,4,0,16,0,4,4,0,8,0,16,8,0,24,0,0,0,24
09/30/2020,MGW,WV,AEA,CE,Federal Contract Tower,0,17,11,2,30,0,45,27,4,76,0,62,38,6,106,30,2,32,138
10/01/2020,MGW,WV,AEA,CE,Federal Contract Tower,0,12,17,4,33,0,44,54,6,104,0,56,71,10,137,90,10,100,237
10/02/2020,MGW,WV,AEA,CE,Federal Contract Tower,0,13,20,4,37,0,58,11,4,73,0,71,31,8,110,36,0,36,146
10/03/2020,MGW,WV,AEA,CE,Federal Contract Tower,0,10,11,0,21,0,103,32,0,135,0,113,43,0,156,30,0,30,186
10/04/2020,MGW,WV,AEA,CE,Federal Contract Tower,0,8,8,2,18,0,53,35,0,88,0,61,43,2,106,48,0,48,154
10/05/2020,MGW,WV,AEA,CE,Federal Contract Tower,0,11,5,0,16,0,51,10,2,63,0,62,15,2,79,20,0,20,99
10/06/2020,MGW,WV,AEA,CE,Federal Contract Tower,0,13,6,2,21,0,53,13,2,68,0,66,19,4,89,44,0,44,133
10/07/2020,MGW,WV,AEA,CE,Federal Contract Tower,0,26,0,0,26,0,51,8,0,59,0,77,8,0,85,32,0,32,117
10/08/2020,MGW,WV,AEA,CE,Federal Contract Tower,0,13,12,0,25,0,67,32,0,99,0,80,44,0,124,64,0,64,188
10/09/2020,MGW,WV,AEA,CE,Federal Contract Tower,0,9,14,2,25,0,57,44,4,105,0,66,58,6,130,52,0,52,182
10/10/2020,MGW,WV,AEA,CE,Federal Contract Tower,0,10,11,1,22,0,92,23,0,115,0,102,34,1,137,54,0,54,191
10/11/2020,MGW,WV,AEA,CE,Federal Contract Tower,0,9,13,0,22,0,24,4,0,28,0,33,17,0,50,8,0,8,58
10/12/2020,MGW,WV,AEA,CE,Federal Contract Tower,0,13,11,0,24,0,70,14,0,84,0,83,25,0,108,54,0,54,162
10/13/2020,MGW,WV,AEA,CE,Federal Contract Tower,0,13,12,0,25,0,46,37,4,87,0,59,49,4,112,76,0,76,188
10/14/2020,MGW,WV,AEA,CE,Federal Contract Tower,0,13,16,0,29,0,64,44,0,108,0,77,60,0,137,86,0,86,223
10/15/2020,MGW,WV,AEA,CE,Federal Contract Tower,0,20,10,0,30,0,76,26,5,107,0,96,36,5,137,82,0,82,219
10/16/2020,MGW,WV,AEA,CE,Federal Contract Tower,0,14,11,0,25,0,42,10,3,55,0,56,21,3,80,12,0,12,92
10/17/2020,MGW,WV,AEA,CE,Federal Contract Tower,0,10,13,0,23,0,74,50,4,128,0,84,63,4,151,38,0,38,189
10/18/2020,MGW,WV,AEA,CE,Federal Contract Tower,0,8,17,0,25,0,75,46,2,123,0,83,63,2,148,90,0,90,238
10/19/2020,MGW,WV,AEA,CE,Federal Contract Tower,0,12,11,0,23,0,68,17,1,86,0,80,28,1,109,48,0,48,157
10/20/2020,MGW,WV,AEA,CE,Federal Contract Tower,0,16,13,0,29,0,60,29,0,89,0,76,42,0,118,100,0,100,218
10/21/2020,MGW,WV,AEA,CE,Federal Contract Tower,0,11,9,3,23,0,52,30,7,89,0,63,39,10,112,58,12,70,182
10/22/2020,MGW,WV,AEA,CE,Federal Contract Tower,0,17,20,0,37,0,31,27,0,58,0,48,47,0,95,52,0,52,147
10/23/2020,MGW,WV,AEA,CE,Federal Contract Tower,0,14,7,4,25,0,110,23,2,135,0,124,30,6,160,0,2,2,162
10/24/2020,MGW,WV,AEA,CE,Federal Contract Tower,0,12,9,4,25,0,8,0,0,8,0,20,9,4,33,0,0,0,33
10/25/2020,MGW,WV,AEA,CE,Federal Contract Tower,0,8,8,0,16,0,24,6,0,30,0,32,14,0,46,48,0,48,94
10/26/2020,MGW,WV,AEA,CE,Federal Contract Tower,0,14,7,0,21,0,13,12,0,25,0,27,19,0,46,60,0,60,106
10/27/2020,MGW,WV,AEA,CE,Federal Contract Tower,0,16,3,0,19,0,44,11,0,55,0,60,14,0,74,42,0,42,116
10/28/2020,MGW,WV,AEA,CE,Federal Contract Tower,0,12,5,1,18,0,0,0,0,0,0,12,5,1,18,0,0,0,18
10/29/2020,MGW,WV,AEA,CE,Federal Contract Tower,0,8,4,0,12,0,0,0,0,0,0,8,4,0,12,0,0,0,12
10/30/2020,MGW,WV,AEA,CE,Federal Contract Tower,0,12,8,0,20,0,42,0,0,42,0,54,8,0,62,0,0,0,62
10/31/2020,MGW,WV,AEA,CE,Federal Contract Tower,0,8,5,0,13,0,62,24,2,88,0,70,29,2,101,48,0,48,149
11/01/2020,MGW,WV,AEA,CE,Federal Contract Tower,0,8,0,0,8,0,17,3,0,20,0,25,3,0,28,0,0,0,28
11/02/2020,MGW,WV,AEA,CE,Federal Contract Tower,0,11,11,0,22,0,64,33,1,98,0,75,44,1,120,82,0,82,202
11/03/2020,MGW,WV,AEA,CE,Federal Contract Tower,0,12,5,0,17,0,60,23,2,85,0,72,28,2,102,42,0,42,144
11/04/2020,MGW,WV,AEA,CE,Federal Contract Tower,0,22,11,4,37,0,64,27,5,96,0,86,38,9,133,78,4,82,215
11/05/2020,MGW,WV,AEA,CE,Federal Contract Tower,0,15,6,2,23,0,76,31,0,107,0,91,37,2,130,72,0,72,202
11/06/2020,MGW,WV,AEA,CE,Federal Contract Tower,0,14,18,0,32,0,59,44,4,107,0,73,62,4,139,36,0,36,175
11/07/2020,MGW,WV,AEA,CE,Federal Contract Tower,0,11,9,0,20,0,84,53,7,144,0,95,62,7,164,26,0,26,190
11/08/2020,MGW,WV,AEA,CE,Federal Contract Tower,0,10,8,2,20,0,66,53,1,120,0,76,61,3,140,68,0,68,208
11/09/2020,MGW,WV,AEA,CE,Federal Contract Tower,0,10,9,2,21,0,37,34,1,72,0,47,43,3,93,40,0,40,133
11/10/2020,MGW,WV,AEA,CE,Federal Contract Tower,0,14,6,0,20,0,25,46,2,73,0,39,52,2,93,76,22,98,191
11/11/2020,MGW,WV,AEA,CE,Federal Contract Tower,0,23,3,0,26,0,14,0,0,14,0,37,3,0,40,0,0,0,40
11/12/2020,MGW,WV,AEA,CE,Federal Contract Tower,0,15,10,2,27,0,61,21,0,82,0,76,31,2,109,58,0,58,167
11/13/2020,MGW,WV,AEA,CE,Federal Contract Tower,0,15,9,1,25,0,50,32,7,89,0,65,41,8,114,26,0,26,140
11/14/2020,MGW,WV,AEA,CE,Federal Contract Tower,0,10,11,0,21,0,69,35,14,118,0,79,46,14,139,54,6,60,199
11/15/2020,MGW,WV,AEA,CE,Federal Contract Tower,0,11,2,0,13,0,13,1,0,14,0,24,3,0,27,0,0,0,27
11/16/2020,MGW,WV,AEA,CE,Federal Contract Tower,0,20,9,0,29,0,66,14,0,80,0,86,23,0,109,0,0,0,109
11/17/2020,MGW,WV,AEA,CE,Federal Contract Tower,0,14,4,2,20,0,15,3,0,18,0,29,7,2,38,0,0,0,38
11/18/2020,MGW,WV,AEA,CE,Federal Contract Tower,0,13,4,0,17,0,40,27,0,67,0,53,31,0,84,48,0,48,132
11/19/2020,MGW,WV,AEA,CE,Federal Contract Tower,0,12,3,0,15,0,29,22,2,53,0,41,25,2,68,52,0,52,120
11/20/2020,MGW,WV,AEA,CE,Federal Contract Tower,0,11,6,0,17,0,42,26,4,72,0,53,32,4,89,24,8,32,121
11/21/2020,MGW,WV,AEA,CE,Federal Contract Tower,0,9,10,1,20,0,3,4,1,8,0,12,14,2,28,8,0,8,36
11/22/2020,MGW,WV,AEA,CE,Federal Contract Tower,0,11,5,0,16,0,40,7,0,47,0,51,12,0,63,0,0,0,63
11/23/2020,MGW,WV,AEA,CE,Federal Contract Tower,0,17,0,0,17,0,61,1,0,62,0,78,1,0,79,0,0,0,79
11/24/2020,MGW,WV,AEA,CE,Federal Contract Tower,0,12,4,1,17,0,73,26,4,103,0,85,30,5,120,34,0,34,154
11/25/2020,MGW,WV,AEA,CE,Federal Contract Tower,0,16,15,0,31,0,50,18,0,68,0,66,33,0,99,40,0,40,139
11/26/2020,MGW,WV,AEA,CE,Federal Contract Tower,0,11,1,0,12,0,49,7,0,56,0,60,8,0,68,8,0,8,76
11/27/2020,MGW,WV,AEA,CE,Federal Contract Tower,0,14,2,0,16,0,37,17,0,54,0,51,19,0,70,44,0,44,114
11/28/2020,MGW,WV,AEA,CE,Federal Contract Tower,0,9,6,0,15,0,68,24,2,94,0,77,30,2,109,30,0,30,139
11/29/2020,MGW,WV,AEA,CE,Federal Contract Tower,0,10,13,0,23,0,59,49,5,113,0,69,62,5,136,62,0,62,198
11/30/2020,MGW,WV,AEA,CE,Federal Contract Tower,0,12,5,0,17,0,4,0,0,4,0,16,5,0,21,0,0,0,21
12/01/2020,MGW,WV,AEA,CE,Federal Contract Tower,0,13,5,0,18,0,0,0,0,0,0,13,5,0,18,0,0,0,18
12/02/2020,MGW,WV,AEA,CE,Federal Contract Tower,0,10,2,0,12,0,74,0,4,78,0,84,2,4,90,0,0,0,90
12/03/2020,MGW,WV,AEA,CE,Federal Contract Tower,0,19,22,0,41,0,63,33,0,96,0,82,55,0,137,78,0,78,215
12/04/2020,MGW,WV,AEA,CE,Federal Contract Tower,0,13,2,0,15,0,4,1,0,5,0,17,3,0,20,0,0,0,20
12/05/2020,MGW,WV,AEA,CE,Federal Contract Tower,0,8,2,0,10,0,28,5,0,33,0,36,7,0,43,16,0,16,59
12/06/2020,MGW,WV,AEA,CE,Federal Contract Tower,0,8,0,2,10,0,47,3,0,50,0,55,3,2,60,0,0,0,60
12/07/2020,MGW,WV,AEA,CE,Federal Contract Tower,0,11,2,0,13,0,40,19,0,59,0,51,21,0,72,46,0,46,118
12/08/2020,MGW,WV,AEA,CE,Federal Contract Tower,0,12,7,0,19,0,70,17,0,87,0,82,24,0,106,70,0,70,176
12/09/2020,MGW,WV,AEA,CE,Federal Contract Tower,0,14,3,2,19,0,41,6,2,49,0,55,9,4,68,32,6,38,106
12/10/2020,MGW,WV,AEA,CE,Federal Contract Tower,0,13,15,2,30,0,34,38,2,74,0,47,53,4,104,80,8,88,192
12/11/2020,MGW,WV,AEA,CE,Federal Contract Tower,0,12,17,0,29,0,65,30,5,100,0,77,47,5,129,60,0,60,189
12/12/2020,MGW,WV,AEA,CE,Federal Contract Tower,0,9,9,0,18,0,42,17,4,63,0,51,26,4,81,16,12,28,109
12/13/2020,MGW,WV,AEA,CE,Federal Contract Tower,0,11,2,0,13,0,60,15,4,79,0,71,17,4,92,24,6,30,122
12/14/2020,MGW,WV,AEA,CE,Federal Contract Tower,0,11,1,0,12,0,21,0,0,21,0,32,1,0,33,0,0,0,33
12/15/2020,MGW,WV,AEA,CE,Federal Contract Tower,0,13,8,0,21,0,45,36,0,81,0,58,44,0,102,38,0,38,140
12/16/2020,MGW,WV,AEA,CE,Federal Contract Tower,0,6,0,0,6,0,0,0,0,0,0,6,0,0,6,0,0,0,6
12/17/2020,MGW,WV,AEA,CE,Federal Contract Tower,0,13,5,0,18,0,0,0,0,0,0,13,5,0,18,0,0,0,18
12/18/2020,MGW,WV,AEA,CE,Federal Contract Tower,0,8,5,0,13,0,0,0,0,0,0,8,5,0,13,0,0,0,13
12/19/2020,MGW,WV,AEA,CE,Federal Contract Tower,0,8,14,0,22,0,21,46,0,67,0,29,60,0,89,6,0,6,95
12/20/2020,MGW,WV,AEA,CE,Federal Contract Tower,0,10,5,0,15,0,0,0,0,0,0,10,5,0,15,0,0,0,15
12/21/2020,MGW,WV,AEA,CE,Federal Contract Tower,0,12,6,0,18,0,25,6,0,31,0,37,12,0,49,28,0,28,77
12/22/2020,MGW,WV,AEA,CE,Federal Contract Tower,0,17,0,0,17,0,62,4,2,68,0,79,4,2,85,6,10,16,101
12/23/2020,MGW,WV,AEA,CE,Federal Contract Tower,0,17,18,0,35,0,62,29,4,95,0,79,47,4,130,76,10,86,216
12/24/2020,MGW,WV,AEA,CE,Federal Contract Tower,0,12,0,0,12,0,4,0,0,4,0,16,0,0,16,0,0,0,16
12/25/2020,MGW,WV,AEA,CE,Federal Contract Tower,0,0,0,0,0,0,0,0,0,0,0,0,0,0,0,0,0,0,0
12/26/2020,MGW,WV,AEA,CE,Federal Contract Tower,0,6,2,0,8,0,42,7,0,49,0,48,9,0,57,12,0,12,69
12/27/2020,MGW,WV,AEA,CE,Federal Contract Tower,0,10,9,0,19,0,79,42,4,125,0,89,51,4,144,122,14,136,280
12/28/2020,MGW,WV,AEA,CE,Federal Contract Tower,0,11,4,0,15,0,28,12,0,40,0,39,16,0,55,14,0,14,69
12/29/2020,MGW,WV,AEA,CE,Federal Contract Tower,0,21,9,0,30,0,106,46,4,156,0,127,55,4,186,72,0,72,258
12/30/2020,MGW,WV,AEA,CE,Federal Contract Tower,0,13,2,0,15,0,29,5,2,36,0,42,7,2,51,0,0,0,51
12/31/2020,MGW,WV,AEA,CE,Federal Contract Tower,0,14,3,0,17,0,4,0,0,4,0,18,3,0,21,0,0,0,21
01/01/2021,MGW,WV,AEA,CE,Federal Contract Tower,0,10,4,0,14,0,11,0,0,11,0,21,4,0,25,0,0,0,25
01/02/2021,MGW,WV,AEA,CE,Federal Contract Tower,0,8,9,0,17,0,15,3,0,18,0,23,12,0,35,0,0,0,35
01/03/2021,MGW,WV,AEA,CE,Federal Contract Tower,0,8,1,0,9,0,0,0,0,0,0,8,1,0,9,0,0,0,9
01/04/2021,MGW,WV,AEA,CE,Federal Contract Tower,0,11,1,0,12,0,2,0,0,2,0,13,1,0,14,0,0,0,14
01/05/2021,MGW,WV,AEA,CE,Federal Contract Tower,0,12,2,0,14,0,26,9,4,39,0,38,11,4,53,30,0,30,83
01/06/2021,MGW,WV,AEA,CE,Federal Contract Tower,0,11,2,2,15,0,16,0,0,16,0,27,2,2,31,0,0,0,31
01/07/2021,MGW,WV,AEA,CE,Federal Contract Tower,0,14,2,0,16,0,63,22,0,85,0,77,24,0,101,76,0,76,177
01/08/2021,MGW,WV,AEA,CE,Federal Contract Tower,0,12,9,0,21,0,37,12,2,51,0,49,21,2,72,30,0,30,102
01/09/2021,MGW,WV,AEA,CE,Federal Contract Tower,0,10,13,0,23,0,54,46,0,100,0,64,59,0,123,70,0,70,193
01/10/2021,MGW,WV,AEA,CE,Federal Contract Tower,0,8,4,2,14,0,57,61,4,122,0,65,65,6,136,112,0,112,248
01/11/2021,MGW,WV,AEA,CE,Federal Contract Tower,0,11,15,0,26,0,49,27,8,84,0,60,42,8,110,54,0,54,164
01/12/2021,MGW,WV,AEA,CE,Federal Contract Tower,0,12,4,0,16,0,50,14,1,65,0,62,18,1,81,38,0,38,119
01/13/2021,MGW,WV,AEA,CE,Federal Contract Tower,0,14,7,0,21,0,40,28,0,68,0,54,35,0,89,42,0,42,131
01/14/2021,MGW,WV,AEA,CE,Federal Contract Tower,0,12,18,0,30,0,43,38,4,85,0,55,56,4,115,102,0,102,217
01/15/2021,MGW,WV,AEA,CE,Federal Contract Tower,0,16,11,2,29,0,33,10,0,43,0,49,21,2,72,14,0,14,86
01/16/2021,MGW,WV,AEA,CE,Federal Contract Tower,0,9,2,0,11,0,4,0,0,4,0,13,2,0,15,0,0,0,15
01/17/2021,MGW,WV,AEA,CE,Federal Contract Tower,0,10,2,0,12,0,0,2,0,2,0,10,4,0,14,0,0,0,14
01/18/2021,MGW,WV,AEA,CE,Federal Contract Tower,0,11,1,0,12,0,0,0,0,0,0,11,1,0,12,0,0,0,12
01/19/2021,MGW,WV,AEA,CE,Federal Contract Tower,0,16,9,0,25,0,76,29,0,105,0,92,38,0,130,80,0,80,210
01/20/2021,MGW,WV,AEA,CE,Federal Contract Tower,0,11,3,0,14,0,34,16,3,53,0,45,19,3,67,36,0,36,103
01/21/2021,MGW,WV,AEA,CE,Federal Contract Tower,0,12,6,0,18,0,74,27,8,109,0,86,33,8,127,62,0,62,189
01/22/2021,MGW,WV,AEA,CE,Federal Contract Tower,0,22,3,0,25,0,108,27,5,140,0,130,30,5,165,28,0,28,193
01/23/2021,MGW,WV,AEA,CE,Federal Contract Tower,0,9,4,0,13,0,49,36,8,93,0,58,40,8,106,96,10,106,212
01/24/2021,MGW,WV,AEA,CE,Federal Contract Tower,0,7,6,0,13,0,17,26,6,49,0,24,32,6,62,78,0,78,140
01/25/2021,MGW,WV,AEA,CE,Federal Contract Tower,0,9,3,0,12,0,0,0,0,0,0,9,3,0,12,0,0,0,12
01/26/2021,MGW,WV,AEA,CE,Federal Contract Tower,0,11,5,10,26,0,47,15,1,63,0,58,20,11,89,38,8,46,135
01/27/2021,MGW,WV,AEA,CE,Federal Contract Tower,0,15,2,0,17,0,14,10,0,24,0,29,12,0,41,86,0,86,127
01/28/2021,MGW,WV,AEA,CE,Federal Contract Tower,0,15,4,2,21,0,44,20,0,64,0,59,24,2,85,68,0,68,153
01/29/2021,MGW,WV,AEA,CE,Federal Contract Tower,0,12,10,0,22,0,61,47,3,111,0,73,57,3,133,60,0,60,193
01/30/2021,MGW,WV,AEA,CE,Federal Contract Tower,0,11,14,0,25,0,55,77,4,136,0,66,91,4,161,94,0,94,255
01/31/2021,MGW,WV,AEA,CE,Federal Contract Tower,0,2,0,0,2,0,0,0,0,0,0,2,0,0,2,0,0,0,2
02/01/2021,MGW,WV,AEA,CE,Federal Contract Tower,0,7,2,0,9,0,0,0,0,0,0,7,2,0,9,0,0,0,9
02/02/2021,MGW,WV,AEA,CE,Federal Contract Tower,0,6,0,0,6,0,14,3,0,17,0,20,3,0,23,0,0,0,23
02/03/2021,MGW,WV,AEA,CE,Federal Contract Tower,0,7,7,0,14,0,34,18,6,58,0,41,25,6,72,46,0,46,118
02/04/2021,MGW,WV,AEA,CE,Federal Contract Tower,0,28,6,4,38,0,44,35,4,83,0,72,41,8,121,60,0,60,181
02/05/2021,MGW,WV,AEA,CE,Federal Contract Tower,0,16,9,8,33,0,57,7,2,66,0,73,16,10,99,14,0,14,113
02/06/2021,MGW,WV,AEA,CE,Federal Contract Tower,0,8,15,0,23,0,54,32,2,88,0,62,47,2,111,34,0,34,145
02/07/2021,MGW,WV,AEA,CE,Federal Contract Tower,0,8,1,2,11,0,45,14,0,59,0,53,15,2,70,48,0,48,118
02/08/2021,MGW,WV,AEA,CE,Federal Contract Tower,0,10,7,3,20,0,76,39,2,117,0,86,46,5,137,126,4,130,267
02/09/2021,MGW,WV,AEA,CE,Federal Contract Tower,0,16,0,0,16,0,4,1,0,5,0,20,1,0,21,0,0,0,21
02/10/2021,MGW,WV,AEA,CE,Federal Contract Tower,0,11,2,0,13,0,8,3,0,11,0,19,5,0,24,14,0,14,38
02/11/2021,MGW,WV,AEA,CE,Federal Contract Tower,0,11,4,0,15,0,11,2,0,13,0,22,6,0,28,0,0,0,28
02/12/2021,MGW,WV,AEA,CE,Federal Contract Tower,0,13,6,0,19,0,16,6,4,26,0,29,12,4,45,8,0,8,53
02/13/2021,MGW,WV,AEA,CE,Federal Contract Tower,0,6,0,0,6,0,0,0,0,0,0,6,0,0,6,0,0,0,6
02/14/2021,MGW,WV,AEA,CE,Federal Contract Tower,0,8,6,0,14,0,0,0,0,0,0,8,6,0,14,0,0,0,14
02/15/2021,MGW,WV,AEA,CE,Federal Contract Tower,0,4,0,0,4,0,0,0,0,0,0,4,0,0,4,0,0,0,4
02/16/2021,MGW,WV,AEA,CE,Federal Contract Tower,0,8,1,0,9,0,0,0,0,0,0,8,1,0,9,0,0,0,9
02/17/2021,MGW,WV,AEA,CE,Federal Contract Tower,0,14,6,0,20,0,60,45,4,109,0,74,51,4,129,76,0,76,205
02/18/2021,MGW,WV,AEA,CE,Federal Contract Tower,0,12,0,0,12,0,0,0,0,0,0,12,0,0,12,0,0,0,12
02/19/2021,MGW,WV,AEA,CE,Federal Contract Tower,0,10,2,0,12,0,0,0,0,0,0,10,2,0,12,0,0,0,12
02/20/2021,MGW,WV,AEA,CE,Federal Contract Tower,0,12,3,0,15,0,15,7,0,22,0,27,10,0,37,24,0,24,61
02/21/2021,MGW,WV,AEA,CE,Federal Contract Tower,0,10,16,0,26,0,50,66,14,130,0,60,82,14,156,94,10,104,260
02/22/2021,MGW,WV,AEA,CE,Federal Contract Tower,0,13,0,0,13,0,6,0,0,6,0,19,0,0,19,0,0,0,19
02/23/2021,MGW,WV,AEA,CE,Federal Contract Tower,0,16,2,0,18,0,85,17,4,106,0,101,19,4,124,6,0,6,130
02/24/2021,MGW,WV,AEA,CE,Federal Contract Tower,0,20,7,1,28,0,52,10,0,62,0,72,17,1,90,0,0,0,90
02/25/2021,MGW,WV,AEA,CE,Federal Contract Tower,0,15,11,0,26,0,74,52,14,140,0,89,63,14,166,74,22,96,262
02/26/2021,MGW,WV,AEA,CE,Federal Contract Tower,0,13,10,0,23,0,37,21,2,60,0,50,31,2,83,8,0,8,91
02/27/2021,MGW,WV,AEA,CE,Federal Contract Tower,0,12,4,0,16,0,29,4,0,33,0,41,8,0,49,0,0,0,49
02/28/2021,MGW,WV,AEA,CE,Federal Contract Tower,0,11,6,0,17,0,0,0,0,0,0,11,6,0,17,0,0,0,17
03/01/2021,MGW,WV,AEA,CE,Federal Contract Tower,0,11,4,0,15,0,28,7,0,35,0,39,11,0,50,6,0,6,56
03/02/2021,MGW,WV,AEA,CE,Federal Contract Tower,0,12,18,0,30,0,93,31,0,124,0,105,49,0,154,66,0,66,220
03/03/2021,MGW,WV,AEA,CE,Federal Contract Tower,0,15,8,8,31,0,50,37,3,90,0,65,45,11,121,62,22,84,205
03/04/2021,MGW,WV,AEA,CE,Federal Contract Tower,0,17,16,0,33,0,70,13,0,83,0,87,29,0,116,26,0,26,142
03/05/2021,MGW,WV,AEA,CE,Federal Contract Tower,0,16,9,2,27,0,70,49,12,131,0,86,58,14,158,32,14,46,204
03/06/2021,MGW,WV,AEA,CE,Federal Contract Tower,0,12,12,0,24,0,37,63,1,101,0,49,75,1,125,22,0,22,147
03/07/2021,MGW,WV,AEA,CE,Federal Contract Tower,0,16,15,2,33,0,40,61,0,101,0,56,76,2,134,92,0,92,226
03/08/2021,MGW,WV,AEA,CE,Federal Contract Tower,0,17,4,6,27,0,99,32,0,131,0,116,36,6,158,56,6,62,220
03/09/2021,MGW,WV,AEA,CE,Federal Contract Tower,0,14,14,0,28,0,81,39,0,120,0,95,53,0,148,132,0,132,280
03/10/2021,MGW,WV,AEA,CE,Federal Contract Tower,0,16,14,0,30,0,60,36,0,96,0,76,50,0,126,106,0,106,232
03/11/2021,MGW,WV,AEA,CE,Federal Contract Tower,0,22,8,0,30,0,35,4,2,41,0,57,12,2,71,0,0,0,71
03/12/2021,MGW,WV,AEA,CE,Federal Contract Tower,0,23,12,0,35,0,64,32,16,112,0,87,44,16,147,34,0,34,181
03/13/2021,MGW,WV,AEA,CE,Federal Contract Tower,0,9,9,0,18,0,63,58,6,127,0,72,67,6,145,60,0,60,205
03/14/2021,MGW,WV,AEA,CE,Federal Contract Tower,0,8,14,0,22,0,66,33,0,99,0,74,47,0,121,28,0,28,149
03/15/2021,MGW,WV,AEA,CE,Federal Contract Tower,0,12,9,0,21,0,35,38,0,73,0,47,47,0,94,54,0,54,148
03/16/2021,MGW,WV,AEA,CE,Federal Contract Tower,0,12,6,0,18,0,43,17,0,60,0,55,23,0,78,46,0,46,124
03/17/2021,MGW,WV,AEA,CE,Federal Contract Tower,0,21,11,7,39,0,40,29,0,69,0,61,40,7,108,68,8,76,184
03/18/2021,MGW,WV,AEA,CE,Federal Contract Tower,0,16,2,0,18,0,0,0,0,0,0,16,2,0,18,0,0,0,18
03/19/2021,MGW,WV,AEA,CE,Federal Contract Tower,0,12,15,2,29,0,68,20,2,90,0,80,35,4,119,4,0,4,123
03/20/2021,MGW,WV,AEA,CE,Federal Contract Tower,0,8,10,0,18,0,62,57,6,125,0,70,67,6,143,76,0,76,219
03/21/2021,MGW,WV,AEA,CE,Federal Contract Tower,0,15,12,0,27,0,79,54,8,141,0,94,66,8,168,94,0,94,262
03/22/2021,MGW,WV,AEA,CE,Federal Contract Tower,0,15,12,1,28,0,61,54,0,115,0,76,66,1,143,78,0,78,221
03/23/2021,MGW,WV,AEA,CE,Federal Contract Tower,0,12,11,0,23,0,62,36,0,98,0,74,47,0,121,100,0,100,221
03/24/2021,MGW,WV,AEA,CE,Federal Contract Tower,0,20,11,0,31,0,59,26,0,85,0,79,37,0,116,98,0,98,214
03/25/2021,MGW,WV,AEA,CE,Federal Contract Tower,0,13,8,2,23,0,56,20,0,76,0,69,28,2,99,62,0,62,161
03/26/2021,MGW,WV,AEA,CE,Federal Contract Tower,0,12,7,0,19,0,55,6,0,61,0,67,13,0,80,8,0,8,88
03/27/2021,MGW,WV,AEA,CE,Federal Contract Tower,0,10,9,0,19,0,48,58,2,108,0,58,67,2,127,94,0,94,221
03/28/2021,MGW,WV,AEA,CE,Federal Contract Tower,0,10,6,0,16,0,13,0,0,13,0,23,6,0,29,0,0,0,29
03/29/2021,MGW,WV,AEA,CE,Federal Contract Tower,0,18,9,0,27,0,89,54,2,145,0,107,63,2,172,74,0,74,246
03/30/2021,MGW,WV,AEA,CE,Federal Contract Tower,0,15,12,2,29,0,56,36,3,95,0,71,48,5,124,42,8,50,174
03/31/2021,MGW,WV,AEA,CE,Federal Contract Tower,0,15,2,0,17,0,8,2,0,10,0,23,4,0,27,0,0,0,27
04/02/2021,MGW,WV,AEA,CE,Federal Contract Tower,0,17,7,0,24,0,38,12,0,50,0,55,19,0,74,14,0,14,88
04/03/2021,MGW,WV,AEA,CE,Federal Contract Tower,0,13,9,0,22,0,52,41,2,95,0,65,50,2,117,20,0,20,137
04/04/2021,MGW,WV,AEA,CE,Federal Contract Tower,0,10,11,0,21,0,90,12,2,104,0,100,23,2,125,24,0,24,149
04/05/2021,MGW,WV,AEA,CE,Federal Contract Tower,0,13,8,0,21,0,83,49,0,132,0,96,57,0,153,70,0,70,223
04/06/2021,MGW,WV,AEA,CE,Federal Contract Tower,0,22,15,1,38,0,111,44,2,157,0,133,59,3,195,144,0,144,339
04/07/2021,MGW,WV,AEA,CE,Federal Contract Tower,0,13,22,2,37,0,43,36,0,79,0,56,58,2,116,86,0,86,202
04/08/2021,MGW,WV,AEA,CE,Federal Contract Tower,0,14,10,4,28,0,69,24,2,95,0,83,34,6,123,34,0,34,157
04/09/2021,MGW,WV,AEA,CE,Federal Contract Tower,0,12,18,2,32,0,51,29,1,81,0,63,47,3,113,56,0,56,169
04/10/2021,MGW,WV,AEA,CE,Federal Contract Tower,0,8,4,0,12,0,82,36,2,120,0,90,40,2,132,26,0,26,158
04/11/2021,MGW,WV,AEA,CE,Federal Contract Tower,0,8,5,2,15,0,31,20,0,51,0,39,25,2,66,30,0,30,96
04/12/2021,MGW,WV,AEA,CE,Federal Contract Tower,0,17,11,1,29,0,41,16,0,57,0,58,27,1,86,34,0,34,120
04/13/2021,MGW,WV,AEA,CE,Federal Contract Tower,0,14,16,2,32,0,94,30,0,124,0,108,46,2,156,54,0,54,210
04/14/2021,MGW,WV,AEA,CE,Federal Contract Tower,0,20,15,2,37,0,28,16,0,44,0,48,31,2,81,34,2,36,117
04/15/2021,MGW,WV,AEA,CE,Federal Contract Tower,0,17,11,0,28,0,62,33,6,101,0,79,44,6,129,80,0,80,209
04/16/2021,MGW,WV,AEA,CE,Federal Contract Tower,0,12,13,7,32,0,51,26,26,103,0,63,39,33,135,90,0,90,225
04/17/2021,MGW,WV,AEA,CE,Federal Contract Tower,0,10,3,0,13,0,64,45,0,109,0,74,48,0,122,56,0,56,178
04/18/2021,MGW,WV,AEA,CE,Federal Contract Tower,0,10,13,0,23,0,64,33,0,97,0,74,46,0,120,70,0,70,190
04/19/2021,MGW,WV,AEA,CE,Federal Contract Tower,0,15,10,0,25,0,74,55,10,139,0,89,65,10,164,48,0,48,212
04/20/2021,MGW,WV,AEA,CE,Federal Contract Tower,0,13,9,0,22,0,53,39,3,95,0,66,48,3,117,16,0,16,133
04/21/2021,MGW,WV,AEA,CE,Federal Contract Tower,0,13,4,0,17,0,4,0,0,4,0,17,4,0,21,0,0,0,21
04/22/2021,MGW,WV,AEA,CE,Federal Contract Tower,0,14,6,13,33,0,45,37,4,86,0,59,43,17,119,38,0,38,157
04/23/2021,MGW,WV,AEA,CE,Federal Contract Tower,0,30,10,0,40,0,73,38,10,121,0,103,48,10,161,32,0,32,193
04/24/2021,MGW,WV,AEA,CE,Federal Contract Tower,0,15,3,0,18,0,54,40,4,98,0,69,43,4,116,50,0,50,166
04/25/2021,MGW,WV,AEA,CE,Federal Contract Tower,0,14,5,3,22,0,37,7,0,44,0,51,12,3,66,12,0,12,78
04/26/2021,MGW,WV,AEA,CE,Federal Contract Tower,0,13,11,0,24,0,100,68,6,174,0,113,79,6,198,102,0,102,300
04/27/2021,MGW,WV,AEA,CE,Federal Contract Tower,0,12,13,2,27,0,141,32,5,178,0,153,45,7,205,74,10,84,289
04/28/2021,MGW,WV,AEA,CE,Federal Contract Tower,0,21,12,1,34,0,108,32,1,141,0,129,44,2,175,100,0,100,275
04/29/2021,MGW,WV,AEA,CE,Federal Contract Tower,0,19,8,0,27,0,18,8,0,26,0,37,16,0,53,24,0,24,77
04/30/2021,MGW,WV,AEA,CE,Federal Contract Tower,0,15,7,2,24,0,39,8,2,49,0,54,15,4,73,0,0,0,73
05/01/2021,MGW,WV,AEA,CE,Federal Contract Tower,0,9,3,0,12,0,46,60,1,107,0,55,63,1,119,122,0,122,241
05/02/2021,MGW,WV,AEA,CE,Federal Contract Tower,0,9,9,2,20,0,83,38,4,125,0,92,47,6,145,68,0,68,213
05/03/2021,MGW,WV,AEA,CE,Federal Contract Tower,0,12,10,1,23,0,13,15,2,30,0,25,25,3,53,28,0,28,81
05/04/2021,MGW,WV,AEA,CE,Federal Contract Tower,0,14,4,0,18,0,26,2,0,28,0,40,6,0,46,20,0,20,66
05/05/2021,MGW,WV,AEA,CE,Federal Contract Tower,0,16,17,0,33,0,19,0,0,19,0,35,17,0,52,0,0,0,52
05/06/2021,MGW,WV,AEA,CE,Federal Contract Tower,0,15,16,2,33,0,80,56,2,138,0,95,72,4,171,116,2,118,289
05/07/2021,MGW,WV,AEA,CE,Federal Contract Tower,0,12,8,2,22,0,23,6,0,29,0,35,14,2,51,24,0,24,75
05/08/2021,MGW,WV,AEA,CE,Federal Contract Tower,0,12,6,0,18,0,33,21,0,54,0,45,27,0,72,54,0,54,126
05/09/2021,MGW,WV,AEA,CE,Federal Contract Tower,0,8,4,0,12,0,0,0,0,0,0,8,4,0,12,0,0,0,12
05/10/2021,MGW,WV,AEA,CE,Federal Contract Tower,0,13,27,0,40,0,66,33,4,103,0,79,60,4,143,54,0,54,197
05/11/2021,MGW,WV,AEA,CE,Federal Contract Tower,0,15,8,0,23,0,58,56,2,116,0,73,64,2,139,136,0,136,275
05/12/2021,MGW,WV,AEA,CE,Federal Contract Tower,0,14,19,1,34,0,52,37,1,90,0,66,56,2,124,65,0,65,189
05/13/2021,MGW,WV,AEA,CE,Federal Contract Tower,0,15,17,1,33,0,58,50,2,110,0,73,67,3,143,84,2,86,229
05/14/2021,MGW,WV,AEA,CE,Federal Contract Tower,0,16,18,0,34,0,79,52,2,133,0,95,70,2,167,58,0,58,225
05/15/2021,MGW,WV,AEA,CE,Federal Contract Tower,0,12,8,0,20,0,77,77,8,162,0,89,85,8,182,82,0,82,264
05/16/2021,MGW,WV,AEA,CE,Federal Contract Tower,0,9,11,0,20,0,71,49,0,120,0,80,60,0,140,60,0,60,200
05/17/2021,MGW,WV,AEA,CE,Federal Contract Tower,0,15,14,1,30,0,65,37,4,106,0,80,51,5,136,54,8,62,198
05/18/2021,MGW,WV,AEA,CE,Federal Contract Tower,0,19,18,0,37,0,90,57,0,147,0,109,75,0,184,132,0,132,316
05/19/2021,MGW,WV,AEA,CE,Federal Contract Tower,0,18,24,0,42,0,60,48,2,110,0,78,72,2,152,132,0,132,284
05/20/2021,MGW,WV,AEA,CE,Federal Contract Tower,0,22,6,0,28,0,65,65,6,136,0,87,71,6,164,128,0,128,292
05/21/2021,MGW,WV,AEA,CE,Federal Contract Tower,0,19,13,0,32,0,88,32,10,130,0,107,45,10,162,44,0,44,206
05/22/2021,MGW,WV,AEA,CE,Federal Contract Tower,0,10,3,0,13,0,86,65,6,157,0,96,68,6,170,62,12,74,244
05/23/2021,MGW,WV,AEA,CE,Federal Contract Tower,0,9,11,0,20,0,81,46,4,131,0,90,57,4,151,116,0,116,267
05/24/2021,MGW,WV,AEA,CE,Federal Contract Tower,0,14,4,2,20,0,41,37,0,78,0,55,41,2,98,94,0,94,192
05/25/2021,MGW,WV,AEA,CE,Federal Contract Tower,0,12,10,4,26,0,79,39,2,120,0,91,49,6,146,70,8,78,224
05/26/2021,MGW,WV,AEA,CE,Federal Contract Tower,0,16,13,0,29,0,64,28,0,92,0,80,41,0,121,54,0,54,175
05/27/2021,MGW,WV,AEA,CE,Federal Contract Tower,0,19,17,0,36,0,59,58,4,121,0,78,75,4,157,126,6,132,289
05/28/2021,MGW,WV,AEA,CE,Federal Contract Tower,0,12,10,0,22,0,7,10,0,17,0,19,20,0,39,10,0,10,49
05/29/2021,MGW,WV,AEA,CE,Federal Contract Tower,0,13,8,0,21,0,0,0,0,0,0,13,8,0,21,0,0,0,21
05/30/2021,MGW,WV,AEA,CE,Federal Contract Tower,0,23,10,0,33,0,49,22,0,71,0,72,32,0,104,84,0,84,188
05/31/2021,MGW,WV,AEA,CE,Federal Contract Tower,0,16,15,0,31,0,91,50,0,141,0,107,65,0,172,64,0,64,236
06/01/2021,MGW,WV,AEA,CE,Federal Contract Tower,0,20,12,2,34,0,67,38,9,114,0,87,50,11,148,82,0,82,230
06/02/2021,MGW,WV,AEA,CE,Federal Contract Tower,0,15,18,0,33,0,64,18,0,82,0,79,36,0,115,42,0,42,157
06/03/2021,MGW,WV,AEA,CE,Federal Contract Tower,0,18,8,0,26,0,46,8,0,54,0,64,16,0,80,28,0,28,108
06/04/2021,MGW,WV,AEA,CE,Federal Contract Tower,0,16,29,3,48,0,63,36,2,101,0,79,65,5,149,56,0,56,205
06/05/2021,MGW,WV,AEA,CE,Federal Contract Tower,0,10,19,0,29,0,117,70,3,190,0,127,89,3,219,30,0,30,249
06/06/2021,MGW,WV,AEA,CE,Federal Contract Tower,0,19,12,2,33,0,108,61,4,173,0,127,73,6,206,98,0,98,304
06/07/2021,MGW,WV,AEA,CE,Federal Contract Tower,0,12,19,6,37,0,57,30,0,87,0,69,49,6,124,122,0,122,246
06/08/2021,MGW,WV,AEA,CE,Federal Contract Tower,0,19,8,2,29,0,40,18,6,64,0,59,26,8,93,38,0,38,131
06/09/2021,MGW,WV,AEA,CE,Federal Contract Tower,0,17,15,0,32,0,36,22,0,58,0,53,37,0,90,78,0,78,168
06/10/2021,MGW,WV,AEA,CE,Federal Contract Tower,0,21,17,0,38,0,62,17,0,79,0,83,34,0,117,18,0,18,135
06/11/2021,MGW,WV,AEA,CE,Federal Contract Tower,0,24,5,0,29,0,16,33,4,53,0,40,38,4,82,64,0,64,146
06/12/2021,MGW,WV,AEA,CE,Federal Contract Tower,0,12,13,0,25,0,81,59,7,147,0,93,72,7,172,62,0,62,234
06/13/2021,MGW,WV,AEA,CE,Federal Contract Tower,0,13,3,0,16,0,16,21,0,37,0,29,24,0,53,14,0,14,67
06/14/2021,MGW,WV,AEA,CE,Federal Contract Tower,0,15,7,0,22,0,47,25,30,102,0,62,32,30,124,72,0,72,196
06/15/2021,MGW,WV,AEA,CE,Federal Contract Tower,0,21,16,1,38,0,87,29,19,135,0,108,45,20,173,44,32,76,249
06/16/2021,MGW,WV,AEA,CE,Federal Contract Tower,0,17,13,2,32,0,57,38,2,97,0,74,51,4,129,88,6,94,223
06/17/2021,MGW,WV,AEA,CE,Federal Contract Tower,0,12,16,4,32,0,47,47,2,96,0,59,63,6,128,68,0,68,196
06/18/2021,MGW,WV,AEA,CE,Federal Contract Tower,0,19,18,0,37,0,77,38,12,127,0,96,56,12,164,94,0,94,258
06/19/2021,MGW,WV,AEA,CE,Federal Contract Tower,0,7,8,0,15,0,65,24,0,89,0,72,32,0,104,10,0,10,114
06/20/2021,MGW,WV,AEA,CE,Federal Contract Tower,0,13,4,0,17,0,93,25,0,118,0,106,29,0,135,46,0,46,181
06/21/2021,MGW,WV,AEA,CE,Federal Contract Tower,0,12,7,0,19,0,23,25,0,48,0,35,32,0,67,54,0,54,121
06/22/2021,MGW,WV,AEA,CE,Federal Contract Tower,0,20,6,1,27,0,56,18,1,75,0,76,24,2,102,26,0,26,128
06/23/2021,MGW,WV,AEA,CE,Federal Contract Tower,0,14,20,0,34,0,74,49,2,125,0,88,69,2,159,114,0,114,273
06/24/2021,MGW,WV,AEA,CE,Federal Contract Tower,0,12,32,0,44,0,61,70,2,133,0,73,102,2,177,164,0,164,341
06/25/2021,MGW,WV,AEA,CE,Federal Contract Tower,0,17,11,0,28,0,65,46,0,111,0,82,57,0,139,54,0,54,193
06/26/2021,MGW,WV,AEA,CE,Federal Contract Tower,0,10,5,0,15,0,66,55,2,123,0,76,60,2,138,36,0,36,174
06/27/2021,MGW,WV,AEA,CE,Federal Contract Tower,0,9,2,0,11,0,66,52,0,118,0,75,54,0,129,32,0,32,161
06/28/2021,MGW,WV,AEA,CE,Federal Contract Tower,0,14,7,0,21,0,44,49,0,93,0,58,56,0,114,98,0,98,212
06/29/2021,MGW,WV,AEA,CE,Federal Contract Tower,0,21,7,2,30,0,89,69,8,166,0,110,76,10,196,132,16,148,344
06/30/2021,MGW,WV,AEA,CE,Federal Contract Tower,0,16,10,2,28,0,48,20,0,68,0,64,30,2,96,34,0,34,130
07/01/2021,MGW,WV,AEA,CE,Federal Contract Tower,0,18,4,0,22,0,4,4,0,8,0,22,8,0,30,0,0,0,30
07/02/2021,MGW,WV,AEA,CE,Federal Contract Tower,0,22,14,0,36,0,99,39,1,139,0,121,53,1,175,60,0,60,235
07/03/2021,MGW,WV,AEA,CE,Federal Contract Tower,0,13,7,0,20,0,67,38,2,107,0,80,45,2,127,36,0,36,163
07/04/2021,MGW,WV,AEA,CE,Federal Contract Tower,0,8,7,0,15,0,112,37,0,149,0,120,44,0,164,82,0,82,246
07/05/2021,MGW,WV,AEA,CE,Federal Contract Tower,0,14,13,0,27,0,45,47,0,92,0,59,60,0,119,94,0,94,213
07/06/2021,MGW,WV,AEA,CE,Federal Contract Tower,0,12,10,0,22,0,88,38,4,130,0,100,48,4,152,42,0,42,194
07/07/2021,MGW,WV,AEA,CE,Federal Contract Tower,0,16,10,0,26,0,58,14,0,72,0,74,24,0,98,34,0,34,132
07/08/2021,MGW,WV,AEA,CE,Federal Contract Tower,0,15,12,0,27,0,50,32,0,82,0,65,44,0,109,58,0,58,167
07/09/2021,MGW,WV,AEA,CE,Federal Contract Tower,0,17,7,4,28,0,63,21,0,84,0,80,28,4,112,12,0,12,124
07/10/2021,MGW,WV,AEA,CE,Federal Contract Tower,0,9,7,0,16,0,75,92,0,167,0,84,99,0,183,36,0,36,219
07/11/2021,MGW,WV,AEA,CE,Federal Contract Tower,0,9,14,0,23,0,33,25,14,72,0,42,39,14,95,70,0,70,165
07/12/2021,MGW,WV,AEA,CE,Federal Contract Tower,0,14,14,2,30,0,72,50,14,136,0,86,64,16,166,80,0,80,246
07/13/2021,MGW,WV,AEA,CE,Federal Contract Tower,0,20,18,1,39,0,87,32,0,119,0,107,50,1,158,98,0,98,256
07/14/2021,MGW,WV,AEA,CE,Federal Contract Tower,0,27,16,2,45,0,59,30,0,89,0,86,46,2,134,122,0,122,256
07/15/2021,MGW,WV,AEA,CE,Federal Contract Tower,0,17,10,0,27,0,49,41,2,92,0,66,51,2,119,114,0,114,233
07/16/2021,MGW,WV,AEA,CE,Federal Contract Tower,0,17,15,0,32,0,20,36,6,62,0,37,51,6,94,0,0,0,94
07/17/2021,MGW,WV,AEA,CE,Federal Contract Tower,0,7,5,0,12,0,37,21,6,64,0,44,26,6,76,0,0,0,76
07/18/2021,MGW,WV,AEA,CE,Federal Contract Tower,0,12,14,0,26,0,30,43,2,75,0,42,57,2,101,72,0,72,173
07/19/2021,MGW,WV,AEA,CE,Federal Contract Tower,0,13,7,4,24,0,47,43,4,94,0,60,50,8,118,112,24,136,254
07/20/2021,MGW,WV,AEA,CE,Federal Contract Tower,0,14,6,0,20,0,79,26,1,106,0,93,32,1,126,54,0,54,180
07/21/2021,MGW,WV,AEA,CE,Federal Contract Tower,0,16,17,0,33,0,40,18,3,61,0,56,35,3,94,54,0,54,148
07/22/2021,MGW,WV,AEA,CE,Federal Contract Tower,0,12,5,0,17,0,67,50,14,131,0,79,55,14,148,66,26,92,240
07/23/2021,MGW,WV,AEA,CE,Federal Contract Tower,0,15,6,3,24,0,67,39,4,110,0,82,45,7,134,22,0,22,156
07/24/2021,MGW,WV,AEA,CE,Federal Contract Tower,0,10,12,2,24,0,115,54,5,174,0,125,66,7,198,32,0,32,230
07/25/2021,MGW,WV,AEA,CE,Federal Contract Tower,0,14,7,1,22,0,82,33,0,115,0,96,40,1,137,70,0,70,207
07/26/2021,MGW,WV,AEA,CE,Federal Contract Tower,0,13,12,0,25,0,63,56,0,119,0,76,68,0,144,36,0,36,180
07/27/2021,MGW,WV,AEA,CE,Federal Contract Tower,0,15,19,4,38,0,38,38,0,76,0,53,57,4,114,62,0,62,176
07/28/2021,MGW,WV,AEA,CE,Federal Contract Tower,0,21,23,0,44,0,92,33,2,127,0,113,56,2,171,48,2,50,221
07/29/2021,MGW,WV,AEA,CE,Federal Contract Tower,0,18,4,0,22,0,20,26,2,48,0,38,30,2,70,24,0,24,94
07/30/2021,MGW,WV,AEA,CE,Federal Contract Tower,0,13,12,1,26,0,67,33,3,103,0,80,45,4,129,54,30,84,213
07/31/2021,MGW,WV,AEA,CE,Federal Contract Tower,0,10,10,0,20,0,28,61,0,89,0,38,71,0,109,66,0,66,175
08/01/2021,MGW,WV,AEA,CE,Federal Contract Tower,0,7,11,0,18,0,48,29,3,80,0,55,40,3,98,24,0,24,122
08/02/2021,MGW,WV,AEA,CE,Federal Contract Tower,0,11,21,0,32,0,54,18,0,72,0,65,39,0,104,40,0,40,144
08/03/2021,MGW,WV,AEA,CE,Federal Contract Tower,0,21,17,4,42,0,48,25,3,76,0,69,42,7,118,80,6,86,204
08/04/2021,MGW,WV,AEA,CE,Federal Contract Tower,0,22,16,0,38,0,62,31,0,93,0,84,47,0,131,128,0,128,259
08/05/2021,MGW,WV,AEA,CE,Federal Contract Tower,0,17,11,2,30,0,89,36,0,125,0,106,47,2,155,68,0,68,223
08/06/2021,MGW,WV,AEA,CE,Federal Contract Tower,0,15,10,0,25,0,87,37,2,126,0,102,47,2,151,48,0,48,199
08/07/2021,MGW,WV,AEA,CE,Federal Contract Tower,0,13,7,0,20,0,74,37,2,113,0,87,44,2,133,48,0,48,181
08/08/2021,MGW,WV,AEA,CE,Federal Contract Tower,0,7,7,0,14,0,69,48,0,117,0,76,55,0,131,34,0,34,165
08/09/2021,MGW,WV,AEA,CE,Federal Contract Tower,0,14,17,1,32,0,41,40,2,83,0,55,57,3,115,60,0,60,175
08/10/2021,MGW,WV,AEA,CE,Federal Contract Tower,0,15,1,0,16,0,22,6,0,28,0,37,7,0,44,0,0,0,44
08/11/2021,MGW,WV,AEA,CE,Federal Contract Tower,0,13,10,2,25,0,38,16,2,56,0,51,26,4,81,30,0,30,111
08/12/2021,MGW,WV,AEA,CE,Federal Contract Tower,0,14,7,0,21,0,32,23,4,59,0,46,30,4,80,0,0,0,80
08/13/2021,MGW,WV,AEA,CE,Federal Contract Tower,0,20,9,0,29,0,62,14,2,78,0,82,23,2,107,30,0,30,137
08/14/2021,MGW,WV,AEA,CE,Federal Contract Tower,0,17,10,0,27,0,54,12,8,74,0,71,22,8,101,0,0,0,101
08/15/2021,MGW,WV,AEA,CE,Federal Contract Tower,0,11,21,0,32,0,68,35,2,105,0,79,56,2,137,68,0,68,205
08/16/2021,MGW,WV,AEA,CE,Federal Contract Tower,0,11,2,0,13,0,12,8,0,20,0,23,10,0,33,8,0,8,41
08/17/2021,MGW,WV,AEA,CE,Federal Contract Tower,0,19,6,0,25,0,46,14,0,60,0,65,20,0,85,56,0,56,141
08/18/2021,MGW,WV,AEA,CE,Federal Contract Tower,0,15,4,0,19,0,10,2,0,12,0,25,6,0,31,4,0,4,35
08/19/2021,MGW,WV,AEA,CE,Federal Contract Tower,0,20,16,0,36,0,39,13,0,52,0,59,29,0,88,12,0,12,100
08/20/2021,MGW,WV,AEA,CE,Federal Contract Tower,0,16,12,0,28,0,42,29,3,74,0,58,41,3,102,66,8,74,176
08/21/2021,MGW,WV,AEA,CE,Federal Contract Tower,0,19,14,0,33,0,68,35,2,105,0,87,49,2,138,30,0,30,168
08/22/2021,MGW,WV,AEA,CE,Federal Contract Tower,0,10,10,0,20,0,51,35,0,86,0,61,45,0,106,42,0,42,148
08/23/2021,MGW,WV,AEA,CE,Federal Contract Tower,0,19,4,5,28,0,31,28,2,61,0,50,32,7,89,50,0,50,139
08/24/2021,MGW,WV,AEA,CE,Federal Contract Tower,0,15,12,2,29,0,66,31,2,99,0,81,43,4,128,98,6,104,232
08/25/2021,MGW,WV,AEA,CE,Federal Contract Tower,0,19,12,0,31,0,52,42,0,94,0,71,54,0,125,92,0,92,217
08/27/2021,MGW,WV,AEA,CE,Federal Contract Tower,0,20,12,1,33,0,64,92,2,158,0,84,104,3,191,74,0,74,265
08/28/2021,MGW,WV,AEA,CE,Federal Contract Tower,0,18,12,0,30,0,70,40,15,125,0,88,52,15,155,52,0,52,207
08/29/2021,MGW,WV,AEA,CE,Federal Contract Tower,0,9,6,0,15,0,40,31,0,71,0,49,37,0,86,34,0,34,120
08/30/2021,MGW,WV,AEA,CE,Federal Contract Tower,0,12,8,0,20,0,54,25,4,83,0,66,33,4,103,86,0,86,189
08/31/2021,MGW,WV,AEA,CE,Federal Contract Tower,0,16,16,0,32,0,35,7,0,42,0,51,23,0,74,0,0,0,74
09/01/2021,MGW,WV,AEA,CE,Federal Contract Tower,0,15,3,0,18,0,9,3,0,12,0,24,6,0,30,0,0,0,30
09/02/2021,MGW,WV,AEA,CE,Federal Contract Tower,0,21,8,0,29,0,73,46,0,119,0,94,54,0,148,68,0,68,216
09/03/2021,MGW,WV,AEA,CE,Federal Contract Tower,0,29,12,1,42,0,48,50,2,100,0,77,62,3,142,58,0,58,200
09/04/2021,MGW,WV,AEA,CE,Federal Contract Tower,0,8,11,0,19,0,63,52,4,119,0,71,63,4,138,64,0,64,202
09/05/2021,MGW,WV,AEA,CE,Federal Contract Tower,0,7,10,0,17,0,0,0,0,0,0,7,10,0,17,0,0,0,17
09/06/2021,MGW,WV,AEA,CE,Federal Contract Tower,0,15,6,0,21,0,66,27,0,93,0,81,33,0,114,56,0,56,170
09/07/2021,MGW,WV,AEA,CE,Federal Contract Tower,0,15,14,11,40,0,78,29,0,107,0,93,43,11,147,54,0,54,201
09/08/2021,MGW,WV,AEA,CE,Federal Contract Tower,0,17,10,2,29,0,30,13,0,43,0,47,23,2,72,0,0,0,72
09/09/2021,MGW,WV,AEA,CE,Federal Contract Tower,0,19,11,0,30,0,53,26,0,79,0,72,37,0,109,44,0,44,153
09/10/2021,MGW,WV,AEA,CE,Federal Contract Tower,0,22,22,0,44,0,58,40,10,108,0,80,62,10,152,72,12,84,236
09/11/2021,MGW,WV,AEA,CE,Federal Contract Tower,0,9,14,2,25,0,98,36,6,140,0,107,50,8,165,100,0,100,265
09/12/2021,MGW,WV,AEA,CE,Federal Contract Tower,0,10,14,0,24,0,58,46,8,112,0,68,60,8,136,20,18,38,174
09/13/2021,MGW,WV,AEA,CE,Federal Contract Tower,0,11,11,0,22,0,70,31,0,101,0,81,42,0,123,64,0,64,187
09/14/2021,MGW,WV,AEA,CE,Federal Contract Tower,0,15,19,0,34,0,56,16,0,72,0,71,35,0,106,34,0,34,140
09/15/2021,MGW,WV,AEA,CE,Federal Contract Tower,0,11,10,0,21,0,48,9,2,59,0,59,19,2,80,30,10,40,120
09/16/2021,MGW,WV,AEA,CE,Federal Contract Tower,0,24,14,1,39,0,56,25,6,87,0,80,39,7,126,40,0,40,166
09/17/2021,MGW,WV,AEA,CE,Federal Contract Tower,0,15,17,0,32,0,75,28,2,105,0,90,45,2,137,34,0,34,171
09/18/2021,MGW,WV,AEA,CE,Federal Contract Tower,0,14,30,0,44,0,66,49,4,119,0,80,79,4,163,156,0,156,319
09/19/2021,MGW,WV,AEA,CE,Federal Contract Tower,0,11,4,1,16,0,62,52,0,114,0,73,56,1,130,72,0,72,202
09/20/2021,MGW,WV,AEA,CE,Federal Contract Tower,0,22,12,1,35,0,98,40,0,138,0,120,52,1,173,92,0,92,265
09/21/2021,MGW,WV,AEA,CE,Federal Contract Tower,0,14,8,6,28,0,36,24,0,60,0,50,32,6,88,44,0,44,132
09/22/2021,MGW,WV,AEA,CE,Federal Contract Tower,0,15,8,2,25,0,32,12,2,46,0,47,20,4,71,8,0,8,79
09/23/2021,MGW,WV,AEA,CE,Federal Contract Tower,0,15,9,10,34,0,40,13,3,56,0,55,22,13,90,54,0,54,144
09/24/2021,MGW,WV,AEA,CE,Federal Contract Tower,0,17,8,0,25,0,45,43,2,90,0,62,51,2,115,14,0,14,129
09/25/2021,MGW,WV,AEA,CE,Federal Contract Tower,0,9,14,2,25,0,65,38,4,107,0,74,52,6,132,66,0,66,198
09/26/2021,MGW,WV,AEA,CE,Federal Contract Tower,0,20,9,0,29,0,129,43,0,172,0,149,52,0,201,46,0,46,247
09/27/2021,MGW,WV,AEA,CE,Federal Contract Tower,0,11,6,0,17,0,87,33,2,122,0,98,39,2,139,64,0,64,203
09/28/2021,MGW,WV,AEA,CE,Federal Contract Tower,0,20,12,0,32,0,77,14,22,113,0,97,26,22,145,52,0,52,197
09/29/2021,MGW,WV,AEA,CE,Federal Contract Tower,0,16,21,2,39,0,68,42,5,115,0,84,63,7,154,68,0,68,222
09/30/2021,MGW,WV,AEA,CE,Federal Contract Tower,0,20,19,2,41,0,40,35,10,85,0,60,54,12,126,68,0,68,194
10/01/2021,MGW,WV,AEA,CE,Federal Contract Tower,0,21,28,0,49,0,39,22,0,61,0,60,50,0,110,26,0,26,136
10/02/2021,MGW,WV,AEA,CE,Federal Contract Tower,0,11,26,0,37,0,98,39,0,137,0,109,65,0,174,106,0,106,280
10/03/2021,MGW,WV,AEA,CE,Federal Contract Tower,0,26,25,0,51,0,64,34,0,98,0,90,59,0,149,68,0,68,217
10/04/2021,MGW,WV,AEA,CE,Federal Contract Tower,0,15,11,0,26,0,26,9,0,35,0,41,20,0,61,8,0,8,69
10/05/2021,MGW,WV,AEA,CE,Federal Contract Tower,0,18,12,0,30,0,61,25,2,88,0,79,37,2,118,60,0,60,178
10/06/2021,MGW,WV,AEA,CE,Federal Contract Tower,0,19,7,0,26,0,81,29,0,110,0,100,36,0,136,84,0,84,220
10/07/2021,MGW,WV,AEA,CE,Federal Contract Tower,0,20,11,0,31,0,55,21,0,76,0,75,32,0,107,48,0,48,155
10/08/2021,MGW,WV,AEA,CE,Federal Contract Tower,0,22,12,0,34,0,42,45,4,91,0,64,57,4,125,60,0,60,185
10/09/2021,MGW,WV,AEA,CE,Federal Contract Tower,0,13,16,0,29,0,52,18,0,70,0,65,34,0,99,16,0,16,115
10/10/2021,MGW,WV,AEA,CE,Federal Contract Tower,0,15,7,0,22,0,71,41,4,116,0,86,48,4,138,108,0,108,246
10/11/2021,MGW,WV,AEA,CE,Federal Contract Tower,0,11,13,0,24,0,59,34,2,95,0,70,47,2,119,68,0,68,187
10/12/2021,MGW,WV,AEA,CE,Federal Contract Tower,0,32,18,1,51,0,93,37,5,135,0,125,55,6,186,98,0,98,284
10/13/2021,MGW,WV,AEA,CE,Federal Contract Tower,0,19,32,0,51,0,97,35,0,132,0,116,67,0,183,44,0,44,227
10/14/2021,MGW,WV,AEA,CE,Federal Contract Tower,0,22,20,0,42,0,77,37,0,114,0,99,57,0,156,92,0,92,248
10/15/2021,MGW,WV,AEA,CE,Federal Contract Tower,0,15,16,0,31,0,69,31,4,104,0,84,47,4,135,66,0,66,201
10/16/2021,MGW,WV,AEA,CE,Federal Contract Tower,0,8,9,0,17,0,37,5,0,42,0,45,14,0,59,12,0,12,71
10/17/2021,MGW,WV,AEA,CE,Federal Contract Tower,0,8,14,0,22,0,51,30,2,83,0,59,44,2,105,46,0,46,151
10/18/2021,MGW,WV,AEA,CE,Federal Contract Tower,0,15,8,0,23,0,91,18,6,115,0,106,26,6,138,0,12,12,150
10/19/2021,MGW,WV,AEA,CE,Federal Contract Tower,0,24,17,5,46,0,88,46,9,143,0,112,63,14,189,60,0,60,249
10/20/2021,MGW,WV,AEA,CE,Federal Contract Tower,0,17,16,0,33,0,50,52,9,111,0,67,68,9,144,114,0,114,258
10/21/2021,MGW,WV,AEA,CE,Federal Contract Tower,0,12,14,0,26,0,36,27,4,67,0,48,41,4,93,52,0,52,145
10/22/2021,MGW,WV,AEA,CE,Federal Contract Tower,0,15,9,0,24,0,4,10,0,14,0,19,19,0,38,48,0,48,86
10/23/2021,MGW,WV,AEA,CE,Federal Contract Tower,0,10,15,0,25,0,49,4,0,53,0,59,19,0,78,0,0,0,78
10/24/2021,MGW,WV,AEA,CE,Federal Contract Tower,0,11,7,0,18,0,51,35,2,88,0,62,42,2,106,66,0,66,172
10/25/2021,MGW,WV,AEA,CE,Federal Contract Tower,0,16,6,0,22,0,25,15,4,44,0,41,21,4,66,6,0,6,72
10/26/2021,MGW,WV,AEA,CE,Federal Contract Tower,0,15,0,0,15,0,13,1,6,20,0,28,1,6,35,0,0,0,35
10/27/2021,MGW,WV,AEA,CE,Federal Contract Tower,0,16,9,2,27,0,0,0,0,0,0,16,9,2,27,0,0,0,27
10/28/2021,MGW,WV,AEA,CE,Federal Contract Tower,0,21,17,2,40,0,62,34,0,96,0,83,51,2,136,12,0,12,148
10/29/2021,MGW,WV,AEA,CE,Federal Contract Tower,0,19,15,8,42,0,43,3,0,46,0,62,18,8,88,28,0,28,116
10/30/2021,MGW,WV,AEA,CE,Federal Contract Tower,0,19,9,0,28,0,14,0,0,14,0,33,9,0,42,0,0,0,42
10/31/2021,MGW,WV,AEA,CE,Federal Contract Tower,0,20,13,0,33,0,56,4,0,60,0,76,17,0,93,0,0,0,93
11/01/2021,MGW,WV,AEA,CE,Federal Contract Tower,0,13,10,0,23,0,76,38,8,122,0,89,48,8,145,100,4,104,249
11/02/2021,MGW,WV,AEA,CE,Federal Contract Tower,0,13,9,0,22,0,48,23,3,74,0,61,32,3,96,124,8,132,228
11/03/2021,MGW,WV,AEA,CE,Federal Contract Tower,0,14,19,0,33,0,64,22,15,101,0,78,41,15,134,26,0,26,160
11/04/2021,MGW,WV,AEA,CE,Federal Contract Tower,0,20,9,0,29,0,55,46,20,121,0,75,55,20,150,82,26,108,258
11/05/2021,MGW,WV,AEA,CE,Federal Contract Tower,0,16,13,0,29,0,91,46,5,142,0,107,59,5,171,88,0,88,259
11/06/2021,MGW,WV,AEA,CE,Federal Contract Tower,0,18,16,3,37,0,94,37,11,142,0,112,53,14,179,128,6,134,313
11/07/2021,MGW,WV,AEA,CE,Federal Contract Tower,0,22,15,2,39,0,86,47,8,141,0,108,62,10,180,170,0,170,350
11/08/2021,MGW,WV,AEA,CE,Federal Contract Tower,0,12,8,0,20,0,31,29,4,64,0,43,37,4,84,26,0,26,110
11/09/2021,MGW,WV,AEA,CE,Federal Contract Tower,0,13,5,0,18,0,63,32,3,98,0,76,37,3,116,82,4,86,202
11/10/2021,MGW,WV,AEA,CE,Federal Contract Tower,0,10,11,0,21,0,66,30,2,98,0,76,41,2,119,46,0,46,165
11/11/2021,MGW,WV,AEA,CE,Federal Contract Tower,0,16,12,0,28,0,84,23,0,107,0,100,35,0,135,36,0,36,171
11/12/2021,MGW,WV,AEA,CE,Federal Contract Tower,0,14,11,0,25,0,100,33,4,137,0,114,44,4,162,46,0,46,208
11/13/2021,MGW,WV,AEA,CE,Federal Contract Tower,0,11,4,0,15,0,27,16,1,44,0,38,20,1,59,24,0,24,83
11/14/2021,MGW,WV,AEA,CE,Federal Contract Tower,0,19,3,0,22,0,34,19,2,55,0,53,22,2,77,14,0,14,91
11/15/2021,MGW,WV,AEA,CE,Federal Contract Tower,0,15,7,0,22,0,66,19,0,85,0,81,26,0,107,0,0,0,107
11/16/2021,MGW,WV,AEA,CE,Federal Contract Tower,0,17,14,0,31,0,76,41,4,121,0,93,55,4,152,74,0,74,226
11/17/2021,MGW,WV,AEA,CE,Federal Contract Tower,0,24,10,0,34,0,38,21,2,61,0,62,31,2,95,58,0,58,153
11/18/2021,MGW,WV,AEA,CE,Federal Contract Tower,0,20,14,0,34,0,18,11,0,29,0,38,25,0,63,12,0,12,75
11/19/2021,MGW,WV,AEA,CE,Federal Contract Tower,0,17,12,2,31,0,46,29,4,79,0,63,41,6,110,60,4,64,174
11/20/2021,MGW,WV,AEA,CE,Federal Contract Tower,0,21,24,0,45,0,74,33,8,115,0,95,57,8,160,214,0,214,374
11/21/2021,MGW,WV,AEA,CE,Federal Contract Tower,0,19,11,1,31,0,38,24,4,66,0,57,35,5,97,78,0,78,175
11/22/2021,MGW,WV,AEA,CE,Federal Contract Tower,0,17,9,2,28,0,51,21,1,73,0,68,30,3,101,40,0,40,141
11/23/2021,MGW,WV,AEA,CE,Federal Contract Tower,0,15,4,0,19,0,72,24,0,96,0,87,28,0,115,76,0,76,191
11/24/2021,MGW,WV,AEA,CE,Federal Contract Tower,0,12,7,0,19,0,76,34,0,110,0,88,41,0,129,64,0,64,193
11/25/2021,MGW,WV,AEA,CE,Federal Contract Tower,0,10,0,0,10,0,18,9,0,27,0,28,9,0,37,4,0,4,41
11/26/2021,MGW,WV,AEA,CE,Federal Contract Tower,0,14,2,0,16,0,30,8,0,38,0,44,10,0,54,0,0,0,54
11/27/2021,MGW,WV,AEA,CE,Federal Contract Tower,0,7,8,0,15,0,83,35,1,119,0,90,43,1,134,96,0,96,230
11/28/2021,MGW,WV,AEA,CE,Federal Contract Tower,0,11,6,0,17,0,35,6,0,41,0,46,12,0,58,0,0,0,58
11/29/2021,MGW,WV,AEA,CE,Federal Contract Tower,0,12,6,0,18,0,82,27,4,113,0,94,33,4,131,44,0,44,175
11/30/2021,MGW,WV,AEA,CE,Federal Contract Tower,0,20,5,0,25,0,51,24,2,77,0,71,29,2,102,68,0,68,170
12/01/2021,MGW,WV,AEA,CE,Federal Contract Tower,0,19,11,3,33,0,32,16,4,52,0,51,27,7,85,28,6,34,119
12/02/2021,MGW,WV,AEA,CE,Federal Contract Tower,0,16,3,0,19,0,50,11,2,63,0,66,14,2,82,16,0,16,98
12/03/2021,MGW,WV,AEA,CE,Federal Contract Tower,0,13,4,4,21,0,81,39,8,128,0,94,43,12,149,94,0,94,243
12/04/2021,MGW,WV,AEA,CE,Federal Contract Tower,0,10,7,0,17,0,88,37,3,128,0,98,44,3,145,74,0,74,219
12/05/2021,MGW,WV,AEA,CE,Federal Contract Tower,0,6,9,2,17,0,63,27,1,91,0,69,36,3,108,58,0,58,166
12/06/2021,MGW,WV,AEA,CE,Federal Contract Tower,0,15,6,0,21,0,11,0,0,11,0,26,6,0,32,0,0,0,32
12/07/2021,MGW,WV,AEA,CE,Federal Contract Tower,0,17,10,2,29,0,84,29,0,113,0,101,39,2,142,64,0,64,206
12/08/2021,MGW,WV,AEA,CE,Federal Contract Tower,0,13,5,0,18,0,24,10,2,36,0,37,15,2,54,24,0,24,78
12/09/2021,MGW,WV,AEA,CE,Federal Contract Tower,0,17,7,2,26,0,39,52,0,91,0,56,59,2,117,70,0,70,187
12/10/2021,MGW,WV,AEA,CE,Federal Contract Tower,0,17,8,0,25,0,73,32,4,109,0,90,40,4,134,54,0,54,188
12/11/2021,MGW,WV,AEA,CE,Federal Contract Tower,0,9,5,0,14,0,6,0,0,6,0,15,5,0,20,0,0,0,20
12/12/2021,MGW,WV,AEA,CE,Federal Contract Tower,0,12,15,0,27,0,54,41,2,97,0,66,56,2,124,74,0,74,198
12/13/2021,MGW,WV,AEA,CE,Federal Contract Tower,0,23,13,0,36,0,78,58,0,136,0,101,71,0,172,60,0,60,232
12/14/2021,MGW,WV,AEA,CE,Federal Contract Tower,0,12,17,0,29,0,50,33,5,88,0,62,50,5,117,114,0,114,231
12/15/2021,MGW,WV,AEA,CE,Federal Contract Tower,0,28,16,0,44,0,46,39,2,87,0,74,55,2,131,78,0,78,209
12/16/2021,MGW,WV,AEA,CE,Federal Contract Tower,0,15,7,1,23,0,72,28,2,102,0,87,35,3,125,34,20,54,179
12/17/2021,MGW,WV,AEA,CE,Federal Contract Tower,0,22,7,0,29,0,21,15,2,38,0,43,22,2,67,30,10,40,107
12/18/2021,MGW,WV,AEA,CE,Federal Contract Tower,0,15,11,0,26,0,9,5,0,14,0,24,16,0,40,0,0,0,40
12/19/2021,MGW,WV,AEA,CE,Federal Contract Tower,0,8,7,0,15,0,35,9,0,44,0,43,16,0,59,0,0,0,59
12/20/2021,MGW,WV,AEA,CE,Federal Contract Tower,0,11,8,0,19,0,84,39,2,125,0,95,47,2,144,88,0,88,232
12/21/2021,MGW,WV,AEA,CE,Federal Contract Tower,0,15,17,1,33,0,75,27,2,104,0,90,44,3,137,64,0,64,201
12/22/2021,MGW,WV,AEA,CE,Federal Contract Tower,0,19,8,2,29,0,54,17,0,71,0,73,25,2,100,28,0,28,128
12/23/2021,MGW,WV,AEA,CE,Federal Contract Tower,0,12,15,0,27,0,57,35,0,92,0,69,50,0,119,76,0,76,195
12/24/2021,MGW,WV,AEA,CE,Federal Contract Tower,0,13,0,0,13,0,92,14,0,106,0,105,14,0,119,26,0,26,145
12/25/2021,MGW,WV,AEA,CE,Federal Contract Tower,0,2,0,0,2,0,14,0,0,14,0,16,0,0,16,0,0,0,16
12/26/2021,MGW,WV,AEA,CE,Federal Contract Tower,0,11,5,0,16,0,62,25,0,87,0,73,30,0,103,62,0,62,165
12/27/2021,MGW,WV,AEA,CE,Federal Contract Tower,0,17,11,0,28,0,48,12,2,62,0,65,23,2,90,24,2,26,116
12/28/2021,MGW,WV,AEA,CE,Federal Contract Tower,0,13,2,0,15,0,34,8,0,42,0,47,10,0,57,2,0,2,59
12/29/2021,MGW,WV,AEA,CE,Federal Contract Tower,0,18,10,4,32,0,42,1,2,45,0,60,11,6,77,0,12,12,89
12/30/2021,MGW,WV,AEA,CE,Federal Contract Tower,0,12,12,0,24,0,25,13,0,38,0,37,25,0,62,48,0,48,110
12/31/2021,MGW,WV,AEA,CE,Federal Contract Tower,0,14,6,0,20,0,98,32,2,132,0,112,38,2,152,94,0,94,246
01/01/2022,MGW,WV,AEA,CE,Federal Contract Tower,0,3,1,0,4,0,0,0,0,0,0,3,1,0,4,0,0,0,4
01/02/2022,MGW,WV,AEA,CE,Federal Contract Tower,0,15,5,0,20,0,0,0,0,0,0,15,5,0,20,0,0,0,20
01/03/2022,MGW,WV,AEA,CE,Federal Contract Tower,0,12,9,0,21,0,37,2,2,41,0,49,11,2,62,22,0,22,84
01/04/2022,MGW,WV,AEA,CE,Federal Contract Tower,0,15,8,0,23,0,64,46,8,118,0,79,54,8,141,72,0,72,213
01/05/2022,MGW,WV,AEA,CE,Federal Contract Tower,0,14,5,0,19,0,30,5,2,37,0,44,10,2,56,16,0,16,72
01/06/2022,MGW,WV,AEA,CE,Federal Contract Tower,0,13,10,0,23,0,38,18,0,56,0,51,28,0,79,28,0,28,107
01/07/2022,MGW,WV,AEA,CE,Federal Contract Tower,0,0,0,0,0,0,4,3,0,7,0,4,3,0,7,0,0,0,7
01/08/2022,MGW,WV,AEA,CE,Federal Contract Tower,0,9,5,0,14,0,92,43,2,137,0,101,48,2,151,94,0,94,245
01/09/2022,MGW,WV,AEA,CE,Federal Contract Tower,0,11,4,0,15,0,0,0,0,0,0,11,4,0,15,0,0,0,15
01/10/2022,MGW,WV,AEA,CE,Federal Contract Tower,0,15,3,0,18,0,76,21,2,99,0,91,24,2,117,24,0,24,141
01/11/2022,MGW,WV,AEA,CE,Federal Contract Tower,0,19,4,0,23,0,48,14,2,64,0,67,18,2,87,42,0,42,129
01/12/2022,MGW,WV,AEA,CE,Federal Contract Tower,0,13,8,2,23,0,80,10,6,96,0,93,18,8,119,28,2,30,149
01/13/2022,MGW,WV,AEA,CE,Federal Contract Tower,0,12,7,0,19,0,30,17,0,47,0,42,24,0,66,12,0,12,78
01/14/2022,MGW,WV,AEA,CE,Federal Contract Tower,0,16,6,0,22,0,8,4,0,12,0,24,10,0,34,6,0,6,40
01/15/2022,MGW,WV,AEA,CE,Federal Contract Tower,0,11,8,0,19,0,87,38,1,126,0,98,46,1,145,42,0,42,187
01/16/2022,MGW,WV,AEA,CE,Federal Contract Tower,0,7,0,0,7,0,10,14,0,24,0,17,14,0,31,0,0,0,31
01/17/2022,MGW,WV,AEA,CE,Federal Contract Tower,0,0,0,0,0,0,4,0,0,4,0,4,0,0,4,0,0,0,4
01/18/2022,MGW,WV,AEA,CE,Federal Contract Tower,0,0,0,0,0,0,30,0,0,30,0,30,0,0,30,0,0,0,30
01/19/2022,MGW,WV,AEA,CE,Federal Contract Tower,0,11,4,2,17,0,32,10,0,42,0,43,14,2,59,2,0,2,61
01/20/2022,MGW,WV,AEA,CE,Federal Contract Tower,0,12,0,0,12,0,25,2,0,27,0,37,2,0,39,0,0,0,39
01/21/2022,MGW,WV,AEA,CE,Federal Contract Tower,0,15,6,4,25,0,56,33,8,97,0,71,39,12,122,24,10,34,156
01/22/2022,MGW,WV,AEA,CE,Federal Contract Tower,0,8,2,0,10,0,73,49,6,128,0,81,51,6,138,64,0,64,202
01/23/2022,MGW,WV,AEA,CE,Federal Contract Tower,0,6,2,0,8,0,14,7,0,21,0,20,9,0,29,0,0,0,29
01/24/2022,MGW,WV,AEA,CE,Federal Contract Tower,0,9,11,2,22,0,34,5,0,39,0,43,16,2,61,0,0,0,61
01/25/2022,MGW,WV,AEA,CE,Federal Contract Tower,0,13,6,0,19,0,61,10,2,73,0,74,16,2,92,0,0,0,92
01/26/2022,MGW,WV,AEA,CE,Federal Contract Tower,0,15,2,0,17,0,26,6,0,32,0,41,8,0,49,0,0,0,49
01/27/2022,MGW,WV,AEA,CE,Federal Contract Tower,0,14,3,0,17,0,74,34,6,114,0,88,37,6,131,66,0,66,197
01/28/2022,MGW,WV,AEA,CE,Federal Contract Tower,0,7,10,0,17,0,4,0,0,4,0,11,10,0,21,0,0,0,21
01/29/2022,MGW,WV,AEA,CE,Federal Contract Tower,0,9,8,0,17,0,67,34,0,101,0,76,42,0,118,44,0,44,162
01/30/2022,MGW,WV,AEA,CE,Federal Contract Tower,0,12,6,0,18,0,76,29,0,105,0,88,35,0,123,72,0,72,195
01/31/2022,MGW,WV,AEA,CE,Federal Contract Tower,0,11,8,4,23,0,74,46,11,131,0,85,54,15,154,68,2,70,224
02/01/2022,MGW,WV,AEA,CE,Federal Contract Tower,0,23,6,0,29,0,95,42,11,148,0,118,48,11,177,58,0,58,235
02/02/2022,MGW,WV,AEA,CE,Federal Contract Tower,0,12,4,0,16,0,20,11,0,31,0,32,15,0,47,18,0,18,65
02/03/2022,MGW,WV,AEA,CE,Federal Contract Tower,0,9,2,0,11,0,4,0,0,4,0,13,2,0,15,0,0,0,15
02/04/2022,MGW,WV,AEA,CE,Federal Contract Tower,0,8,1,0,9,0,0,0,0,0,0,8,1,0,9,0,0,0,9
02/05/2022,MGW,WV,AEA,CE,Federal Contract Tower,0,10,9,0,19,0,23,7,0,30,0,33,16,0,49,12,0,12,61
02/06/2022,MGW,WV,AEA,CE,Federal Contract Tower,0,9,4,0,13,0,86,34,2,122,0,95,38,2,135,84,0,84,219
02/07/2022,MGW,WV,AEA,CE,Federal Contract Tower,0,21,11,0,32,0,76,37,7,120,0,97,48,7,152,90,0,90,242
02/08/2022,MGW,WV,AEA,CE,Federal Contract Tower,0,18,18,0,36,0,77,25,0,102,0,95,43,0,138,74,0,74,212
02/09/2022,MGW,WV,AEA,CE,Federal Contract Tower,0,18,10,0,28,0,44,16,0,60,0,62,26,0,88,26,0,26,114
02/10/2022,MGW,WV,AEA,CE,Federal Contract Tower,0,17,12,0,29,0,125,28,0,153,0,142,40,0,182,54,0,54,236
02/11/2022,MGW,WV,AEA,CE,Federal Contract Tower,0,11,6,0,17,0,84,18,2,104,0,95,24,2,121,8,0,8,129
02/12/2022,MGW,WV,AEA,CE,Federal Contract Tower,0,9,4,0,13,0,93,15,0,108,0,102,19,0,121,32,0,32,153
02/13/2022,MGW,WV,AEA,CE,Federal Contract Tower,0,7,8,0,15,0,38,12,0,50,0,45,20,0,65,60,0,60,125
02/14/2022,MGW,WV,AEA,CE,Federal Contract Tower,0,12,8,0,20,0,76,15,2,93,0,88,23,2,113,0,0,0,113
02/15/2022,MGW,WV,AEA,CE,Federal Contract Tower,0,16,22,0,38,0,54,25,2,81,0,70,47,2,119,60,0,60,179
02/16/2022,MGW,WV,AEA,CE,Federal Contract Tower,0,16,7,0,23,0,60,23,0,83,0,76,30,0,106,60,0,60,166
02/17/2022,MGW,WV,AEA,CE,Federal Contract Tower,0,12,6,2,20,0,34,2,2,38,0,46,8,4,58,0,0,0,58
02/18/2022,MGW,WV,AEA,CE,Federal Contract Tower,0,13,8,0,21,0,16,12,0,28,0,29,20,0,49,30,0,30,79
02/19/2022,MGW,WV,AEA,CE,Federal Contract Tower,0,9,4,0,13,0,37,0,0,37,0,46,4,0,50,0,0,0,50
02/20/2022,MGW,WV,AEA,CE,Federal Contract Tower,0,8,15,0,23,0,68,73,0,141,0,76,88,0,164,84,0,84,248
02/21/2022,MGW,WV,AEA,CE,Federal Contract Tower,0,17,22,0,39,0,94,49,2,145,0,111,71,2,184,112,0,112,296
02/22/2022,MGW,WV,AEA,CE,Federal Contract Tower,0,17,6,2,25,0,42,6,0,48,0,59,12,2,73,0,0,0,73
02/23/2022,MGW,WV,AEA,CE,Federal Contract Tower,0,15,6,2,23,0,37,15,0,52,0,52,21,2,75,24,0,24,99
02/24/2022,MGW,WV,AEA,CE,Federal Contract Tower,0,21,4,0,25,0,13,2,0,15,0,34,6,0,40,18,0,18,58
02/25/2022,MGW,WV,AEA,CE,Federal Contract Tower,0,14,7,0,21,0,6,5,0,11,0,20,12,0,32,0,0,0,32
02/26/2022,MGW,WV,AEA,CE,Federal Contract Tower,0,11,35,0,46,0,68,51,5,124,0,79,86,5,170,66,0,66,236
02/27/2022,MGW,WV,AEA,CE,Federal Contract Tower,0,7,7,0,14,0,53,32,0,85,0,60,39,0,99,32,0,32,131
02/28/2022,MGW,WV,AEA,CE,Federal Contract Tower,0,12,23,2,37,0,79,63,2,144,0,91,86,4,181,132,0,132,313
03/01/2022,MGW,WV,AEA,CE,Federal Contract Tower,0,13,8,0,21,0,70,25,5,100,0,83,33,5,121,44,0,44,165
03/02/2022,MGW,WV,AEA,CE,Federal Contract Tower,0,11,6,0,17,0,30,20,1,51,0,41,26,1,68,46,12,58,126
03/03/2022,MGW,WV,AEA,CE,Federal Contract Tower,0,11,25,0,36,0,96,20,0,116,0,107,45,0,152,80,0,80,232
03/04/2022,MGW,WV,AEA,CE,Federal Contract Tower,0,17,11,2,30,0,89,67,16,172,0,106,78,18,202,88,0,88,290
03/05/2022,MGW,WV,AEA,CE,Federal Contract Tower,0,10,10,0,20,0,53,40,13,106,0,63,50,13,126,64,0,64,190
03/06/2022,MGW,WV,AEA,CE,Federal Contract Tower,0,11,12,2,25,0,45,15,0,60,0,56,27,2,85,18,0,18,103
03/07/2022,MGW,WV,AEA,CE,Federal Contract Tower,0,9,4,0,13,0,11,0,0,11,0,20,4,0,24,0,0,0,24
03/08/2022,MGW,WV,AEA,CE,Federal Contract Tower,0,12,3,2,17,0,46,14,1,61,0,58,17,3,78,32,0,32,110
03/09/2022,MGW,WV,AEA,CE,Federal Contract Tower,0,14,6,0,20,0,30,9,0,39,0,44,15,0,59,42,0,42,101
03/10/2022,MGW,WV,AEA,CE,Federal Contract Tower,0,17,13,0,30,0,34,41,0,75,0,51,54,0,105,48,0,48,153
03/11/2022,MGW,WV,AEA,CE,Federal Contract Tower,0,16,14,0,30,0,63,51,4,118,0,79,65,4,148,88,10,98,246
03/12/2022,MGW,WV,AEA,CE,Federal Contract Tower,0,5,0,0,5,0,2,0,0,2,0,7,0,0,7,0,0,0,7
03/13/2022,MGW,WV,AEA,CE,Federal Contract Tower,0,8,2,0,10,0,62,32,2,96,0,70,34,2,106,26,0,26,132
03/14/2022,MGW,WV,AEA,CE,Federal Contract Tower,0,11,13,1,25,0,70,33,4,107,0,81,46,5,132,58,0,58,190
03/15/2022,MGW,WV,AEA,CE,Federal Contract Tower,0,19,14,0,33,0,82,40,4,126,0,101,54,4,159,60,0,60,219
03/16/2022,MGW,WV,AEA,CE,Federal Contract Tower,0,15,12,0,27,0,78,44,5,127,0,93,56,5,154,96,0,96,250
03/17/2022,MGW,WV,AEA,CE,Federal Contract Tower,0,24,18,2,44,0,71,38,9,118,0,95,56,11,162,86,8,94,256
03/18/2022,MGW,WV,AEA,CE,Federal Contract Tower,0,17,19,2,38,0,55,49,9,113,0,72,68,11,151,70,2,72,223
03/19/2022,MGW,WV,AEA,CE,Federal Contract Tower,0,8,2,0,10,0,40,11,7,58,0,48,13,7,68,8,4,12,80
03/20/2022,MGW,WV,AEA,CE,Federal Contract Tower,0,6,3,0,9,0,43,7,0,50,0,49,10,0,59,34,0,34,93
03/21/2022,MGW,WV,AEA,CE,Federal Contract Tower,0,12,9,0,21,0,39,45,9,93,0,51,54,9,114,64,0,64,178
03/22/2022,MGW,WV,AEA,CE,Federal Contract Tower,0,19,11,0,30,0,66,45,3,114,0,85,56,3,144,38,0,38,182
03/23/2022,MGW,WV,AEA,CE,Federal Contract Tower,0,13,8,0,21,0,42,7,0,49,0,55,15,0,70,26,0,26,96
03/24/2022,MGW,WV,AEA,CE,Federal Contract Tower,0,13,10,0,23,0,53,42,3,98,0,66,52,3,121,96,0,96,217
03/25/2022,MGW,WV,AEA,CE,Federal Contract Tower,0,14,10,2,26,0,50,20,1,71,0,64,30,3,97,38,0,38,135
03/26/2022,MGW,WV,AEA,CE,Federal Contract Tower,0,14,2,2,18,0,12,3,2,17,0,26,5,4,35,0,0,0,35
03/27/2022,MGW,WV,AEA,CE,Federal Contract Tower,0,9,3,0,12,0,10,1,0,11,0,19,4,0,23,0,0,0,23
03/28/2022,MGW,WV,AEA,CE,Federal Contract Tower,0,20,15,0,35,0,42,19,2,63,0,62,34,2,98,0,0,0,98
03/29/2022,MGW,WV,AEA,CE,Federal Contract Tower,0,18,10,0,28,0,65,50,4,119,0,83,60,4,147,140,0,140,287
03/30/2022,MGW,WV,AEA,CE,Federal Contract Tower,0,12,19,2,33,0,46,19,0,65,0,58,38,2,98,40,0,40,138
03/31/2022,MGW,WV,AEA,CE,Federal Contract Tower,0,18,5,0,23,0,62,19,1,82,0,80,24,1,105,50,0,50,155
04/01/2022,MGW,WV,AEA,CE,Federal Contract Tower,0,15,8,0,23,0,26,1,0,27,0,41,9,0,50,0,0,0,50
04/02/2022,MGW,WV,AEA,CE,Federal Contract Tower,0,10,17,0,27,0,67,96,17,180,0,77,113,17,207,192,12,204,411
04/03/2022,MGW,WV,AEA,CE,Federal Contract Tower,0,14,8,2,24,0,45,20,0,65,0,59,28,2,89,58,0,58,147
04/04/2022,MGW,WV,AEA,CE,Federal Contract Tower,0,11,13,0,24,0,42,40,0,82,0,53,53,0,106,44,0,44,150
04/05/2022,MGW,WV,AEA,CE,Federal Contract Tower,0,16,4,0,20,0,46,13,4,63,0,62,17,4,83,40,0,40,123
04/06/2022,MGW,WV,AEA,CE,Federal Contract Tower,0,12,9,0,21,0,24,11,0,35,0,36,20,0,56,70,0,70,126
04/07/2022,MGW,WV,AEA,CE,Federal Contract Tower,0,12,9,0,21,0,47,29,0,76,0,59,38,0,97,100,0,100,197
04/08/2022,MGW,WV,AEA,CE,Federal Contract Tower,0,20,9,0,29,0,26,34,4,64,0,46,43,4,93,74,0,74,167
04/09/2022,MGW,WV,AEA,CE,Federal Contract Tower,0,9,6,0,15,0,8,7,0,15,0,17,13,0,30,16,0,16,46
04/10/2022,MGW,WV,AEA,CE,Federal Contract Tower,0,7,14,0,21,0,78,38,0,116,0,85,52,0,137,40,0,40,177
04/11/2022,MGW,WV,AEA,CE,Federal Contract Tower,0,15,16,0,31,0,76,48,9,133,0,91,64,9,164,38,0,38,202
04/12/2022,MGW,WV,AEA,CE,Federal Contract Tower,0,15,20,0,35,0,61,25,2,88,0,76,45,2,123,60,0,60,183
04/13/2022,MGW,WV,AEA,CE,Federal Contract Tower,0,11,9,0,20,0,53,32,0,85,0,64,41,0,105,58,0,58,163
04/14/2022,MGW,WV,AEA,CE,Federal Contract Tower,0,21,14,1,36,0,59,35,1,95,0,80,49,2,131,52,0,52,183
04/15/2022,MGW,WV,AEA,CE,Federal Contract Tower,0,16,12,0,28,0,94,46,5,145,0,110,58,5,173,48,0,48,221
04/16/2022,MGW,WV,AEA,CE,Federal Contract Tower,0,12,14,0,26,0,76,30,0,106,0,88,44,0,132,34,0,34,166
04/17/2022,MGW,WV,AEA,CE,Federal Contract Tower,0,8,6,0,14,0,45,45,0,90,0,53,51,0,104,56,0,56,160
04/18/2022,MGW,WV,AEA,CE,Federal Contract Tower,0,4,5,0,9,0,0,0,0,0,0,4,5,0,9,0,0,0,9
04/19/2022,MGW,WV,AEA,CE,Federal Contract Tower,0,14,10,0,24,0,8,2,0,10,0,22,12,0,34,0,0,0,34
04/20/2022,MGW,WV,AEA,CE,Federal Contract Tower,0,16,18,2,36,0,94,66,2,162,0,110,84,4,198,134,2,136,334
04/21/2022,MGW,WV,AEA,CE,Federal Contract Tower,0,20,12,4,36,0,40,27,13,80,0,60,39,17,116,26,0,26,142
04/22/2022,MGW,WV,AEA,CE,Federal Contract Tower,0,17,4,0,21,0,65,68,7,140,0,82,72,7,161,40,16,56,217
04/23/2022,MGW,WV,AEA,CE,Federal Contract Tower,0,12,9,0,21,0,68,72,2,142,0,80,81,2,163,120,0,120,283
04/24/2022,MGW,WV,AEA,CE,Federal Contract Tower,0,7,12,0,19,0,105,78,4,187,0,112,90,4,206,98,0,98,304
04/25/2022,MGW,WV,AEA,CE,Federal Contract Tower,0,14,5,0,19,0,88,56,2,146,0,102,61,2,165,128,0,128,293
04/26/2022,MGW,WV,AEA,CE,Federal Contract Tower,0,13,9,1,23,0,24,8,1,33,0,37,17,2,56,0,0,0,56
04/27/2022,MGW,WV,AEA,CE,Federal Contract Tower,0,15,8,0,23,0,64,17,6,87,0,79,25,6,110,70,0,70,180
04/28/2022,MGW,WV,AEA,CE,Federal Contract Tower,0,18,7,4,29,0,74,60,3,137,0,92,67,7,166,116,0,116,282
04/29/2022,MGW,WV,AEA,CE,Federal Contract Tower,0,15,11,6,32,0,61,66,4,131,0,76,77,10,163,88,0,88,251
04/30/2022,MGW,WV,AEA,CE,Federal Contract Tower,0,15,26,0,41,0,124,70,0,194,0,139,96,0,235,38,0,38,273
05/01/2022,MGW,WV,AEA,CE,Federal Contract Tower,0,11,7,0,18,0,21,8,0,29,0,32,15,0,47,0,0,0,47
05/02/2022,MGW,WV,AEA,CE,Federal Contract Tower,0,12,11,0,23,0,59,44,2,105,0,71,55,2,128,40,0,40,168
05/03/2022,MGW,WV,AEA,CE,Federal Contract Tower,0,14,10,8,32,0,60,24,0,84,0,74,34,8,116,52,0,52,168
05/04/2022,MGW,WV,AEA,CE,Federal Contract Tower,0,15,10,5,30,0,28,11,2,41,0,43,21,7,71,10,6,16,87
05/05/2022,MGW,WV,AEA,CE,Federal Contract Tower,0,10,13,4,27,0,50,34,2,86,0,60,47,6,113,52,4,56,169
05/06/2022,MGW,WV,AEA,CE,Federal Contract Tower,0,11,7,0,18,0,6,2,0,8,0,17,9,0,26,0,0,0,26
05/07/2022,MGW,WV,AEA,CE,Federal Contract Tower,0,13,10,0,23,0,10,0,0,10,0,23,10,0,33,0,0,0,33
05/08/2022,MGW,WV,AEA,CE,Federal Contract Tower,0,7,8,0,15,0,53,38,0,91,0,60,46,0,106,58,0,58,164
05/09/2022,MGW,WV,AEA,CE,Federal Contract Tower,0,14,11,0,25,0,90,50,4,144,0,104,61,4,169,64,0,64,233
05/10/2022,MGW,WV,AEA,CE,Federal Contract Tower,0,13,19,0,32,0,60,68,0,128,0,73,87,0,160,122,0,122,282
05/11/2022,MGW,WV,AEA,CE,Federal Contract Tower,0,16,18,0,34,0,74,49,16,139,0,90,67,16,173,122,0,122,295
05/12/2022,MGW,WV,AEA,CE,Federal Contract Tower,0,14,21,1,36,0,60,50,25,135,0,74,71,26,171,76,16,92,263
05/13/2022,MGW,WV,AEA,CE,Federal Contract Tower,0,18,9,0,27,0,97,36,17,150,0,115,45,17,177,50,0,50,227
05/14/2022,MGW,WV,AEA,CE,Federal Contract Tower,0,15,6,0,21,0,32,29,3,64,0,47,35,3,85,34,0,34,119
05/15/2022,MGW,WV,AEA,CE,Federal Contract Tower,0,10,22,1,33,0,55,20,1,76,0,65,42,2,109,68,0,68,177
05/16/2022,MGW,WV,AEA,CE,Federal Contract Tower,0,14,5,0,19,0,23,13,0,36,0,37,18,0,55,24,0,24,79
05/17/2022,MGW,WV,AEA,CE,Federal Contract Tower,0,18,11,0,29,0,89,43,0,132,0,107,54,0,161,84,0,84,245
05/18/2022,MGW,WV,AEA,CE,Federal Contract Tower,0,24,12,0,36,0,68,24,1,93,0,92,36,1,129,32,8,40,169
05/19/2022,MGW,WV,AEA,CE,Federal Contract Tower,0,25,19,1,45,0,62,37,10,109,0,87,56,11,154,68,0,68,222
05/20/2022,MGW,WV,AEA,CE,Federal Contract Tower,0,19,12,2,33,0,48,27,6,81,0,67,39,8,114,44,10,54,168
05/21/2022,MGW,WV,AEA,CE,Federal Contract Tower,0,10,10,1,21,0,86,38,5,129,0,96,48,6,150,64,0,64,214
05/22/2022,MGW,WV,AEA,CE,Federal Contract Tower,0,9,8,0,17,0,38,19,5,62,0,47,27,5,79,50,4,54,133
05/23/2022,MGW,WV,AEA,CE,Federal Contract Tower,0,11,13,0,24,0,44,31,1,76,0,55,44,1,100,18,0,18,118
05/24/2022,MGW,WV,AEA,CE,Federal Contract Tower,0,15,8,0,23,0,57,15,2,74,0,72,23,2,97,28,10,38,135
05/25/2022,MGW,WV,AEA,CE,Federal Contract Tower,0,20,9,0,29,0,72,42,4,118,0,92,51,4,147,90,0,90,237
05/26/2022,MGW,WV,AEA,CE,Federal Contract Tower,0,19,9,5,33,0,71,27,3,101,0,90,36,8,134,60,6,66,200
05/27/2022,MGW,WV,AEA,CE,Federal Contract Tower,0,14,6,0,20,0,41,5,0,46,0,55,11,0,66,8,0,8,74
05/28/2022,MGW,WV,AEA,CE,Federal Contract Tower,0,12,10,1,23,0,25,5,0,30,0,37,15,1,53,22,0,22,75
05/29/2022,MGW,WV,AEA,CE,Federal Contract Tower,0,9,18,0,27,0,58,54,0,112,0,67,72,0,139,76,0,76,215
05/30/2022,MGW,WV,AEA,CE,Federal Contract Tower,0,16,11,0,27,0,75,43,2,120,0,91,54,2,147,52,0,52,199
05/31/2022,MGW,WV,AEA,CE,Federal Contract Tower,0,17,8,0,25,0,55,26,2,83,0,72,34,2,108,28,2,30,138
06/01/2022,MGW,WV,AEA,CE,Federal Contract Tower,0,17,12,2,31,0,72,25,2,99,0,89,37,4,130,30,0,30,160
06/02/2022,MGW,WV,AEA,CE,Federal Contract Tower,0,18,11,0,29,0,32,14,0,46,0,50,25,0,75,34,0,34,109
06/03/2022,MGW,WV,AEA,CE,Federal Contract Tower,0,18,9,0,27,0,42,47,8,97,0,60,56,8,124,104,0,104,228
06/04/2022,MGW,WV,AEA,CE,Federal Contract Tower,0,14,10,0,24,0,74,65,2,141,0,88,75,2,165,60,0,60,225
06/05/2022,MGW,WV,AEA,CE,Federal Contract Tower,0,14,9,0,23,0,48,56,0,104,0,62,65,0,127,108,0,108,235
06/06/2022,MGW,WV,AEA,CE,Federal Contract Tower,0,15,15,0,30,0,60,55,3,118,0,75,70,3,148,122,0,122,270
06/07/2022,MGW,WV,AEA,CE,Federal Contract Tower,0,18,8,3,29,0,23,0,0,23,0,41,8,3,52,0,0,0,52
06/08/2022,MGW,WV,AEA,CE,Federal Contract Tower,0,16,15,2,33,0,42,21,4,67,0,58,36,6,100,74,0,74,174
06/09/2022,MGW,WV,AEA,CE,Federal Contract Tower,0,12,20,0,32,0,48,46,4,98,0,60,66,4,130,106,0,106,236
06/10/2022,MGW,WV,AEA,CE,Federal Contract Tower,0,23,15,0,38,0,55,52,2,109,0,78,67,2,147,108,0,108,255
06/11/2022,MGW,WV,AEA,CE,Federal Contract Tower,0,11,13,0,24,0,67,54,2,123,0,78,67,2,147,86,0,86,233
06/12/2022,MGW,WV,AEA,CE,Federal Contract Tower,0,10,4,0,14,0,59,26,0,85,0,69,30,0,99,18,0,18,117
06/13/2022,MGW,WV,AEA,CE,Federal Contract Tower,0,17,17,0,34,0,79,42,8,129,0,96,59,8,163,62,0,62,225
06/14/2022,MGW,WV,AEA,CE,Federal Contract Tower,0,13,3,0,16,0,11,7,4,22,0,24,10,4,38,18,0,18,56
06/15/2022,MGW,WV,AEA,CE,Federal Contract Tower,0,15,20,0,35,0,46,34,0,80,0,61,54,0,115,38,0,38,153
06/16/2022,MGW,WV,AEA,CE,Federal Contract Tower,0,25,10,0,35,0,52,30,6,88,0,77,40,6,123,28,0,28,151
06/17/2022,MGW,WV,AEA,CE,Federal Contract Tower,0,33,12,2,47,0,99,36,3,138,0,132,48,5,185,52,0,52,237
06/18/2022,MGW,WV,AEA,CE,Federal Contract Tower,0,13,14,0,27,0,76,29,0,105,0,89,43,0,132,36,0,36,168
06/19/2022,MGW,WV,AEA,CE,Federal Contract Tower,0,12,5,0,17,0,74,47,1,122,0,86,52,1,139,64,0,64,203
06/20/2022,MGW,WV,AEA,CE,Federal Contract Tower,0,17,18,0,35,0,75,45,3,123,0,92,63,3,158,76,0,76,234
06/21/2022,MGW,WV,AEA,CE,Federal Contract Tower,0,26,7,2,35,0,104,43,9,156,0,130,50,11,191,72,20,92,283
06/22/2022,MGW,WV,AEA,CE,Federal Contract Tower,0,25,6,4,35,0,34,33,10,77,0,59,39,14,112,56,4,60,172
06/23/2022,MGW,WV,AEA,CE,Federal Contract Tower,0,16,20,2,38,0,54,72,3,129,0,70,92,5,167,158,8,166,333
06/24/2022,MGW,WV,AEA,CE,Federal Contract Tower,0,21,22,2,45,0,66,74,3,143,0,87,96,5,188,122,0,122,310
06/25/2022,MGW,WV,AEA,CE,Federal Contract Tower,0,9,10,0,19,0,79,70,4,153,0,88,80,4,172,68,0,68,240
06/26/2022,MGW,WV,AEA,CE,Federal Contract Tower,0,13,8,0,21,0,28,26,2,56,0,41,34,2,77,62,10,72,149
06/27/2022,MGW,WV,AEA,CE,Federal Contract Tower,0,13,9,0,22,0,68,53,0,121,0,81,62,0,143,88,0,88,231
06/28/2022,MGW,WV,AEA,CE,Federal Contract Tower,0,18,24,0,42,0,71,57,4,132,0,89,81,4,174,114,24,138,312
06/29/2022,MGW,WV,AEA,CE,Federal Contract Tower,0,15,19,0,34,0,66,54,8,128,0,81,73,8,162,92,8,100,262
06/30/2022,MGW,WV,AEA,CE,Federal Contract Tower,0,12,10,0,22,0,55,47,4,106,0,67,57,4,128,78,0,78,206
07/01/2022,MGW,WV,AEA,CE,Federal Contract Tower,0,14,9,0,23,0,46,32,3,81,0,60,41,3,104,74,0,74,178
07/02/2022,MGW,WV,AEA,CE,Federal Contract Tower,0,18,4,0,22,0,71,28,0,99,0,89,32,0,121,96,0,96,217
07/03/2022,MGW,WV,AEA,CE,Federal Contract Tower,0,10,5,0,15,0,58,53,0,111,0,68,58,0,126,108,0,108,234
07/04/2022,MGW,WV,AEA,CE,Federal Contract Tower,0,14,10,0,24,0,75,36,4,115,0,89,46,4,139,72,6,78,217
07/05/2022,MGW,WV,AEA,CE,Federal Contract Tower,0,14,4,0,18,0,51,16,0,67,0,65,20,0,85,20,0,20,105
07/06/2022,MGW,WV,AEA,CE,Federal Contract Tower,0,15,4,0,19,0,18,9,0,27,0,33,13,0,46,32,0,32,78
07/07/2022,MGW,WV,AEA,CE,Federal Contract Tower,0,20,6,0,26,0,44,21,0,65,0,64,27,0,91,52,0,52,143
07/08/2022,MGW,WV,AEA,CE,Federal Contract Tower,0,14,6,0,20,0,35,31,5,71,0,49,37,5,91,90,0,90,181
07/09/2022,MGW,WV,AEA,CE,Federal Contract Tower,0,9,5,0,14,0,33,17,12,62,0,42,22,12,76,34,0,34,110
07/10/2022,MGW,WV,AEA,CE,Federal Contract Tower,0,11,6,0,17,0,92,48,8,148,0,103,54,8,165,88,0,88,253
07/11/2022,MGW,WV,AEA,CE,Federal Contract Tower,0,21,5,0,26,0,61,42,2,105,0,82,47,2,131,104,0,104,235
07/12/2022,MGW,WV,AEA,CE,Federal Contract Tower,0,15,6,0,21,0,29,11,0,40,0,44,17,0,61,0,0,0,61
07/13/2022,MGW,WV,AEA,CE,Federal Contract Tower,0,18,18,0,36,0,105,51,0,156,0,123,69,0,192,108,0,108,300
07/14/2022,MGW,WV,AEA,CE,Federal Contract Tower,0,15,11,2,28,0,51,59,4,114,0,66,70,6,142,68,0,68,210
07/15/2022,MGW,WV,AEA,CE,Federal Contract Tower,0,15,16,0,31,0,41,63,4,108,0,56,79,4,139,86,16,102,241
07/16/2022,MGW,WV,AEA,CE,Federal Contract Tower,0,9,5,0,14,0,63,47,0,110,0,72,52,0,124,102,0,102,226
07/17/2022,MGW,WV,AEA,CE,Federal Contract Tower,0,14,11,0,25,0,16,24,0,40,0,30,35,0,65,50,0,50,115
07/18/2022,MGW,WV,AEA,CE,Federal Contract Tower,0,12,7,4,23,0,36,0,2,38,0,48,7,6,61,0,2,2,63
07/19/2022,MGW,WV,AEA,CE,Federal Contract Tower,0,13,12,0,25,0,90,25,9,124,0,103,37,9,149,78,14,92,241
07/20/2022,MGW,WV,AEA,CE,Federal Contract Tower,0,10,10,0,20,0,66,46,0,112,0,76,56,0,132,114,0,114,246
07/21/2022,MGW,WV,AEA,CE,Federal Contract Tower,0,20,14,4,38,0,44,31,0,75,0,64,45,4,113,58,2,60,173
07/22/2022,MGW,WV,AEA,CE,Federal Contract Tower,0,19,9,0,28,0,95,65,13,173,0,114,74,13,201,148,4,152,353
07/23/2022,MGW,WV,AEA,CE,Federal Contract Tower,0,12,7,0,19,0,84,41,2,127,0,96,48,2,146,54,0,54,200
07/24/2022,MGW,WV,AEA,CE,Federal Contract Tower,0,8,8,0,16,0,92,45,0,137,0,100,53,0,153,120,0,120,273
07/25/2022,MGW,WV,AEA,CE,Federal Contract Tower,0,14,10,4,28,0,36,47,2,85,0,50,57,6,113,46,0,46,159
07/26/2022,MGW,WV,AEA,CE,Federal Contract Tower,0,15,18,0,33,0,60,25,2,87,0,75,43,2,120,76,0,76,196
07/27/2022,MGW,WV,AEA,CE,Federal Contract Tower,0,16,21,4,41,0,50,12,0,62,0,66,33,4,103,28,0,28,131
07/28/2022,MGW,WV,AEA,CE,Federal Contract Tower,0,8,6,0,14,0,70,26,3,99,0,78,32,3,113,42,0,42,155
07/29/2022,MGW,WV,AEA,CE,Federal Contract Tower,0,9,0,0,9,0,27,5,3,35,0,36,5,3,44,0,0,0,44
07/30/2022,MGW,WV,AEA,CE,Federal Contract Tower,0,10,16,0,26,0,89,64,0,153,0,99,80,0,179,146,0,146,325
07/31/2022,MGW,WV,AEA,CE,Federal Contract Tower,0,7,7,0,14,0,15,19,0,34,0,22,26,0,48,26,0,26,74
08/01/2022,MGW,WV,AEA,CE,Federal Contract Tower,0,15,13,4,32,0,48,30,0,78,0,63,43,4,110,4,0,4,114
08/02/2022,MGW,WV,AEA,CE,Federal Contract Tower,0,14,7,6,27,0,67,18,12,97,0,81,25,18,124,22,0,22,146
08/03/2022,MGW,WV,AEA,CE,Federal Contract Tower,0,10,13,1,24,0,80,46,2,128,0,90,59,3,152,124,0,124,276
08/04/2022,MGW,WV,AEA,CE,Federal Contract Tower,0,3,14,0,17,0,25,22,0,47,0,28,36,0,64,40,0,40,104
08/05/2022,MGW,WV,AEA,CE,Federal Contract Tower,0,11,2,0,13,0,13,11,0,24,0,24,13,0,37,52,0,52,89
08/06/2022,MGW,WV,AEA,CE,Federal Contract Tower,0,12,0,2,14,0,16,8,10,34,0,28,8,12,48,8,6,14,62
08/07/2022,MGW,WV,AEA,CE,Federal Contract Tower,0,9,12,1,22,0,46,33,0,79,0,55,45,1,101,80,0,80,181
08/08/2022,MGW,WV,AEA,CE,Federal Contract Tower,0,10,4,0,14,0,43,22,0,65,0,53,26,0,79,50,0,50,129
08/09/2022,MGW,WV,AEA,CE,Federal Contract Tower,0,15,6,2,23,0,33,9,0,42,0,48,15,2,65,0,0,0,65
08/10/2022,MGW,WV,AEA,CE,Federal Contract Tower,0,10,12,4,26,0,10,5,0,15,0,20,17,4,41,0,0,0,41
08/11/2022,MGW,WV,AEA,CE,Federal Contract Tower,0,12,8,7,27,0,81,29,8,118,0,93,37,15,145,40,10,50,195
08/12/2022,MGW,WV,AEA,CE,Federal Contract Tower,0,9,13,2,24,0,92,47,4,143,0,101,60,6,167,52,0,52,219
08/13/2022,MGW,WV,AEA,CE,Federal Contract Tower,0,18,6,0,24,0,71,36,2,109,0,89,42,2,133,128,0,128,261
08/14/2022,MGW,WV,AEA,CE,Federal Contract Tower,0,14,10,0,24,0,43,35,0,78,0,57,45,0,102,106,0,106,208
08/15/2022,MGW,WV,AEA,CE,Federal Contract Tower,0,10,13,2,25,0,38,21,0,59,0,48,34,2,84,124,0,124,208
08/16/2022,MGW,WV,AEA,CE,Federal Contract Tower,0,17,6,0,23,0,45,19,0,64,0,62,25,0,87,38,0,38,125
08/17/2022,MGW,WV,AEA,CE,Federal Contract Tower,0,16,12,2,30,0,66,37,2,105,0,82,49,4,135,58,0,58,193
08/18/2022,MGW,WV,AEA,CE,Federal Contract Tower,0,17,27,3,47,0,52,41,13,106,0,69,68,16,153,108,0,108,261
08/19/2022,MGW,WV,AEA,CE,Federal Contract Tower,0,15,14,0,29,0,102,44,1,147,0,117,58,1,176,118,0,118,294
08/20/2022,MGW,WV,AEA,CE,Federal Contract Tower,0,7,7,0,14,0,64,80,4,148,0,71,87,4,162,80,0,80,242
08/21/2022,MGW,WV,AEA,CE,Federal Contract Tower,0,15,1,0,16,0,10,13,0,23,0,25,14,0,39,38,0,38,77
08/22/2022,MGW,WV,AEA,CE,Federal Contract Tower,0,12,3,0,15,0,10,3,0,13,0,22,6,0,28,0,0,0,28
08/23/2022,MGW,WV,AEA,CE,Federal Contract Tower,0,13,19,3,35,0,44,41,5,90,0,57,60,8,125,64,12,76,201
08/24/2022,MGW,WV,AEA,CE,Federal Contract Tower,0,18,14,0,32,0,70,47,0,117,0,88,61,0,149,76,0,76,225
08/25/2022,MGW,WV,AEA,CE,Federal Contract Tower,0,18,18,0,36,0,68,111,4,183,0,86,129,4,219,74,0,74,293
08/26/2022,MGW,WV,AEA,CE,Federal Contract Tower,0,16,13,1,30,0,50,58,18,126,0,66,71,19,156,48,0,48,204
08/27/2022,MGW,WV,AEA,CE,Federal Contract Tower,0,12,15,1,28,0,39,48,5,92,0,51,63,6,120,48,0,48,168
08/28/2022,MGW,WV,AEA,CE,Federal Contract Tower,0,9,9,0,18,0,85,66,4,155,0,94,75,4,173,56,0,56,229
08/29/2022,MGW,WV,AEA,CE,Federal Contract Tower,0,10,6,0,16,0,44,41,2,87,0,54,47,2,103,59,0,59,162
08/30/2022,MGW,WV,AEA,CE,Federal Contract Tower,0,17,5,0,22,0,24,2,2,28,0,41,7,2,50,0,14,14,64
08/31/2022,MGW,WV,AEA,CE,Federal Contract Tower,0,8,20,0,28,0,74,50,8,132,0,82,70,8,160,92,24,116,276
09/01/2022,MGW,WV,AEA,CE,Federal Contract Tower,0,13,4,0,17,0,39,35,5,79,0,52,39,5,96,24,0,24,120
09/02/2022,MGW,WV,AEA,CE,Federal Contract Tower,0,20,7,0,27,0,60,55,5,120,0,80,62,5,147,116,0,116,263
09/03/2022,MGW,WV,AEA,CE,Federal Contract Tower,0,5,11,0,16,0,93,45,2,140,0,98,56,2,156,76,0,76,232
09/04/2022,MGW,WV,AEA,CE,Federal Contract Tower,0,7,7,4,18,0,34,32,0,66,0,41,39,4,84,14,0,14,98
09/05/2022,MGW,WV,AEA,CE,Federal Contract Tower,0,10,8,0,18,0,0,0,0,0,0,10,8,0,18,0,0,0,18
09/06/2022,MGW,WV,AEA,CE,Federal Contract Tower,0,15,4,2,21,0,56,6,0,62,0,71,10,2,83,0,0,0,83
09/07/2022,MGW,WV,AEA,CE,Federal Contract Tower,0,15,11,1,27,0,36,25,0,61,0,51,36,1,88,58,0,58,146
09/08/2022,MGW,WV,AEA,CE,Federal Contract Tower,0,17,14,0,31,0,57,34,0,91,0,74,48,0,122,82,0,82,204
09/09/2022,MGW,WV,AEA,CE,Federal Contract Tower,0,13,16,2,31,0,86,91,11,188,0,99,107,13,219,108,0,108,327
09/10/2022,MGW,WV,AEA,CE,Federal Contract Tower,0,16,21,0,37,0,31,92,2,125,0,47,113,2,162,48,0,48,210
09/11/2022,MGW,WV,AEA,CE,Federal Contract Tower,0,7,14,2,23,0,66,26,0,92,0,73,40,2,115,44,0,44,159
09/12/2022,MGW,WV,AEA,CE,Federal Contract Tower,0,14,3,4,21,0,34,10,0,44,0,48,13,4,65,32,0,32,97
09/13/2022,MGW,WV,AEA,CE,Federal Contract Tower,0,16,16,4,36,0,91,39,0,130,0,107,55,4,166,64,0,64,230
09/14/2022,MGW,WV,AEA,CE,Federal Contract Tower,0,17,21,2,40,0,106,49,2,157,0,123,70,4,197,116,8,124,321
09/15/2022,MGW,WV,AEA,CE,Federal Contract Tower,0,23,7,0,30,0,84,48,2,134,0,107,55,2,164,120,0,120,284
09/16/2022,MGW,WV,AEA,CE,Federal Contract Tower,0,12,19,0,31,0,41,58,4,103,0,53,77,4,134,70,0,70,204
09/17/2022,MGW,WV,AEA,CE,Federal Contract Tower,0,15,13,0,28,0,88,71,0,159,0,103,84,0,187,112,0,112,299
09/18/2022,MGW,WV,AEA,CE,Federal Contract Tower,0,13,11,0,24,0,82,47,0,129,0,95,58,0,153,62,0,62,215
09/19/2022,MGW,WV,AEA,CE,Federal Contract Tower,0,17,13,0,30,0,7,4,0,11,0,24,17,0,41,8,0,8,49
09/20/2022,MGW,WV,AEA,CE,Federal Contract Tower,0,18,15,0,33,0,92,41,0,133,0,110,56,0,166,28,0,28,194
09/21/2022,MGW,WV,AEA,CE,Federal Contract Tower,0,15,13,8,36,0,60,49,3,112,0,75,62,11,148,80,10,90,238
09/22/2022,MGW,WV,AEA,CE,Federal Contract Tower,0,16,12,2,30,0,65,20,6,91,0,81,32,8,121,14,0,14,135
09/23/2022,MGW,WV,AEA,CE,Federal Contract Tower,0,16,16,0,32,0,85,75,4,164,0,101,91,4,196,136,12,148,344
09/24/2022,MGW,WV,AEA,CE,Federal Contract Tower,0,13,16,3,32,0,84,42,4,130,0,97,58,7,162,90,4,94,256
09/25/2022,MGW,WV,AEA,CE,Federal Contract Tower,0,13,11,0,24,0,50,18,0,68,0,63,29,0,92,24,0,24,116
09/26/2022,MGW,WV,AEA,CE,Federal Contract Tower,0,15,4,0,19,0,86,21,4,111,0,101,25,4,130,36,0,36,166
09/27/2022,MGW,WV,AEA,CE,Federal Contract Tower,0,18,7,0,25,0,55,26,2,83,0,73,33,2,108,22,0,22,130
09/28/2022,MGW,WV,AEA,CE,Federal Contract Tower,0,20,5,2,27,0,34,13,0,47,0,54,18,2,74,48,0,48,122
09/29/2022,MGW,WV,AEA,CE,Federal Contract Tower,0,15,14,6,35,0,75,44,2,121,0,90,58,8,156,98,6,104,260
09/30/2022,MGW,WV,AEA,CE,Federal Contract Tower,0,24,7,2,33,0,57,63,2,122,0,81,70,4,155,108,0,108,263
10/01/2022,MGW,WV,AEA,CE,Federal Contract Tower,0,14,3,0,17,0,4,0,0,4,0,18,3,0,21,0,0,0,21
10/02/2022,MGW,WV,AEA,CE,Federal Contract Tower,0,11,4,2,17,0,7,1,0,8,0,18,5,2,25,0,0,0,25
10/03/2022,MGW,WV,AEA,CE,Federal Contract Tower,0,10,5,0,15,0,52,21,4,77,0,62,26,4,92,64,4,68,160
10/04/2022,MGW,WV,AEA,CE,Federal Contract Tower,0,13,12,0,25,0,55,38,0,93,0,68,50,0,118,78,0,78,196
10/05/2022,MGW,WV,AEA,CE,Federal Contract Tower,0,16,23,1,40,0,76,55,2,133,0,92,78,3,173,140,12,152,325
10/06/2022,MGW,WV,AEA,CE,Federal Contract Tower,0,11,6,0,17,0,79,56,2,137,0,90,62,2,154,122,0,122,276
10/07/2022,MGW,WV,AEA,CE,Federal Contract Tower,0,28,18,4,50,0,32,24,2,58,0,60,42,6,108,110,0,110,218
10/08/2022,MGW,WV,AEA,CE,Federal Contract Tower,0,8,20,0,28,0,78,49,0,127,0,86,69,0,155,56,0,56,211
10/09/2022,MGW,WV,AEA,CE,Federal Contract Tower,0,10,17,0,27,0,75,68,2,145,0,85,85,2,172,88,0,88,260
10/10/2022,MGW,WV,AEA,CE,Federal Contract Tower,0,15,5,1,21,0,101,50,3,154,0,116,55,4,175,154,6,160,335
10/11/2022,MGW,WV,AEA,CE,Federal Contract Tower,0,20,22,2,44,0,73,52,7,132,0,93,74,9,176,68,0,68,244
10/12/2022,MGW,WV,AEA,CE,Federal Contract Tower,0,20,19,2,41,0,103,46,0,149,0,123,65,2,190,148,0,148,338
10/13/2022,MGW,WV,AEA,CE,Federal Contract Tower,0,22,23,0,45,0,64,75,0,139,0,86,98,0,184,82,0,82,266
10/14/2022,MGW,WV,AEA,CE,Federal Contract Tower,0,24,13,7,44,0,72,61,6,139,0,96,74,13,183,32,2,34,217
10/15/2022,MGW,WV,AEA,CE,Federal Contract Tower,0,8,9,2,19,0,87,31,2,120,0,95,40,4,139,36,0,36,175
10/16/2022,MGW,WV,AEA,CE,Federal Contract Tower,0,15,16,4,35,0,70,58,10,138,0,85,74,14,173,104,0,104,277
10/17/2022,MGW,WV,AEA,CE,Federal Contract Tower,0,15,8,0,23,0,53,30,2,85,0,68,38,2,108,6,0,6,114
10/18/2022,MGW,WV,AEA,CE,Federal Contract Tower,0,21,15,2,38,0,14,7,0,21,0,35,22,2,59,0,0,0,59
10/19/2022,MGW,WV,AEA,CE,Federal Contract Tower,0,13,4,0,17,0,7,0,0,7,0,20,4,0,24,0,0,0,24
10/20/2022,MGW,WV,AEA,CE,Federal Contract Tower,0,18,13,0,31,0,78,43,6,127,0,96,56,6,158,30,0,30,188
10/21/2022,MGW,WV,AEA,CE,Federal Contract Tower,0,17,19,0,36,0,77,65,5,147,0,94,84,5,183,128,0,128,311
10/22/2022,MGW,WV,AEA,CE,Federal Contract Tower,0,13,7,0,20,0,76,62,0,138,0,89,69,0,158,36,0,36,194
10/23/2022,MGW,WV,AEA,CE,Federal Contract Tower,0,17,16,0,33,0,83,79,0,162,0,100,95,0,195,16,0,16,211
10/24/2022,MGW,WV,AEA,CE,Federal Contract Tower,0,11,10,0,21,0,54,37,0,91,0,65,47,0,112,40,0,40,152
10/25/2022,MGW,WV,AEA,CE,Federal Contract Tower,0,12,9,0,21,0,84,43,2,129,0,96,52,2,150,34,0,34,184
10/26/2022,MGW,WV,AEA,CE,Federal Contract Tower,0,12,12,0,24,0,24,1,0,25,0,36,13,0,49,0,0,0,49
10/27/2022,MGW,WV,AEA,CE,Federal Contract Tower,0,20,12,2,34,0,67,32,0,99,0,87,44,2,133,106,14,120,253
10/28/2022,MGW,WV,AEA,CE,Federal Contract Tower,0,16,10,0,26,0,86,63,5,154,0,102,73,5,180,72,0,72,252
10/29/2022,MGW,WV,AEA,CE,Federal Contract Tower,0,8,25,0,33,0,108,63,7,178,0,116,88,7,211,146,0,146,357
10/30/2022,MGW,WV,AEA,CE,Federal Contract Tower,0,11,19,0,30,0,81,53,0,134,0,92,72,0,164,108,0,108,272
10/31/2022,MGW,WV,AEA,CE,Federal Contract Tower,0,5,4,0,9,0,4,1,0,5,0,9,5,0,14,0,0,0,14
11/01/2022,MGW,WV,AEA,CE,Federal Contract Tower,0,5,9,1,15,0,36,7,1,44,0,41,16,2,59,0,0,0,59
11/02/2022,MGW,WV,AEA,CE,Federal Contract Tower,0,15,9,0,24,0,30,18,0,48,0,45,27,0,72,38,0,38,110
11/03/2022,MGW,WV,AEA,CE,Federal Contract Tower,0,18,11,0,29,0,62,45,6,113,0,80,56,6,142,138,0,138,280
11/04/2022,MGW,WV,AEA,CE,Federal Contract Tower,0,13,11,2,26,0,92,49,26,167,0,105,60,28,193,56,0,56,249
11/05/2022,MGW,WV,AEA,CE,Federal Contract Tower,0,9,4,1,14,0,62,14,2,78,0,71,18,3,92,18,0,18,110
11/06/2022,MGW,WV,AEA,CE,Federal Contract Tower,0,8,16,3,27,0,86,27,1,114,0,94,43,4,141,54,0,54,195
11/07/2022,MGW,WV,AEA,CE,Federal Contract Tower,0,13,8,0,21,0,58,46,2,106,0,71,54,2,127,48,0,48,175
11/08/2022,MGW,WV,AEA,CE,Federal Contract Tower,0,17,12,0,29,0,72,54,0,126,0,89,66,0,155,100,0,100,255
11/09/2022,MGW,WV,AEA,CE,Federal Contract Tower,0,23,15,0,38,0,52,42,4,98,0,75,57,4,136,100,0,100,236
11/10/2022,MGW,WV,AEA,CE,Federal Contract Tower,0,18,23,12,53,0,57,48,5,110,0,75,71,17,163,76,0,76,239
11/11/2022,MGW,WV,AEA,CE,Federal Contract Tower,0,15,7,0,22,0,17,3,0,20,0,32,10,0,42,0,0,0,42
11/12/2022,MGW,WV,AEA,CE,Federal Contract Tower,0,12,13,4,29,0,0,0,0,0,0,12,13,4,29,0,0,0,29
11/13/2022,MGW,WV,AEA,CE,Federal Contract Tower,0,9,8,0,17,0,30,5,0,35,0,39,13,0,52,0,0,0,52
11/14/2022,MGW,WV,AEA,CE,Federal Contract Tower,0,15,9,2,26,0,83,26,6,115,0,98,35,8,141,56,6,62,203
11/15/2022,MGW,WV,AEA,CE,Federal Contract Tower,0,21,11,0,32,0,8,7,0,15,0,29,18,0,47,0,0,0,47
11/16/2022,MGW,WV,AEA,CE,Federal Contract Tower,0,14,10,0,24,0,22,2,0,24,0,36,12,0,48,0,0,0,48
11/17/2022,MGW,WV,AEA,CE,Federal Contract Tower,0,9,8,0,17,0,15,4,6,25,0,24,12,6,42,0,0,0,42
11/18/2022,MGW,WV,AEA,CE,Federal Contract Tower,0,15,8,0,23,0,16,1,0,17,0,31,9,0,40,0,0,0,40
11/19/2022,MGW,WV,AEA,CE,Federal Contract Tower,0,14,6,0,20,0,100,63,0,163,0,114,69,0,183,102,0,102,285
11/20/2022,MGW,WV,AEA,CE,Federal Contract Tower,0,8,4,0,12,0,92,38,0,130,0,100,42,0,142,40,0,40,182
11/21/2022,MGW,WV,AEA,CE,Federal Contract Tower,0,10,2,0,12,0,91,25,5,121,0,101,27,5,133,10,0,10,143
11/22/2022,MGW,WV,AEA,CE,Federal Contract Tower,0,16,11,0,27,0,106,51,0,157,0,122,62,0,184,92,0,92,276
11/23/2022,MGW,WV,AEA,CE,Federal Contract Tower,0,11,17,0,28,0,66,33,0,99,0,77,50,0,127,40,0,40,167
11/24/2022,MGW,WV,AEA,CE,Federal Contract Tower,0,3,5,0,8,0,57,18,0,75,0,60,23,0,83,10,0,10,93
11/25/2022,MGW,WV,AEA,CE,Federal Contract Tower,0,10,0,0,10,0,58,8,0,66,0,68,8,0,76,0,0,0,76
11/26/2022,MGW,WV,AEA,CE,Federal Contract Tower,0,12,4,0,16,0,80,55,2,137,0,92,59,2,153,128,0,128,281
11/27/2022,MGW,WV,AEA,CE,Federal Contract Tower,0,11,9,0,20,0,3,4,0,7,0,14,13,0,27,0,0,0,27
11/28/2022,MGW,WV,AEA,CE,Federal Contract Tower,0,3,6,0,9,0,50,11,0,61,0,53,17,0,70,0,0,0,70
11/29/2022,MGW,WV,AEA,CE,Federal Contract Tower,0,12,7,0,19,0,114,39,0,153,0,126,46,0,172,90,0,90,262
11/30/2022,MGW,WV,AEA,CE,Federal Contract Tower,0,21,3,0,24,0,44,8,0,52,0,65,11,0,76,0,0,0,76
12/01/2022,MGW,WV,AEA,CE,Federal Contract Tower,0,12,7,0,19,0,70,22,0,92,0,82,29,0,111,38,0,38,149
12/02/2022,MGW,WV,AEA,CE,Federal Contract Tower,0,16,9,2,27,0,78,36,0,114,0,94,45,2,141,48,0,48,189
12/03/2022,MGW,WV,AEA,CE,Federal Contract Tower,0,12,4,0,16,0,14,6,0,20,0,26,10,0,36,0,0,0,36
12/04/2022,MGW,WV,AEA,CE,Federal Contract Tower,0,12,20,2,34,0,98,34,3,135,0,110,54,5,169,94,6,100,269
12/05/2022,MGW,WV,AEA,CE,Federal Contract Tower,0,12,13,6,31,0,48,41,6,95,0,60,54,12,126,40,0,40,166
12/06/2022,MGW,WV,AEA,CE,Federal Contract Tower,0,7,1,2,10,0,22,5,0,27,0,29,6,2,37,14,0,14,51
12/07/2022,MGW,WV,AEA,CE,Federal Contract Tower,0,10,8,0,18,0,44,6,0,50,0,54,14,0,68,6,0,6,74
12/08/2022,MGW,WV,AEA,CE,Federal Contract Tower,0,18,8,2,28,0,35,16,4,55,0,53,24,6,83,46,0,46,129
12/09/2022,MGW,WV,AEA,CE,Federal Contract Tower,0,23,18,1,42,0,74,37,4,115,0,97,55,5,157,62,0,62,219
12/10/2022,MGW,WV,AEA,CE,Federal Contract Tower,0,12,5,1,18,0,34,0,0,34,0,46,5,1,52,0,0,0,52
12/11/2022,MGW,WV,AEA,CE,Federal Contract Tower,0,5,7,0,12,0,32,2,0,34,0,37,9,0,46,0,0,0,46
12/12/2022,MGW,WV,AEA,CE,Federal Contract Tower,0,18,4,1,23,0,68,12,2,82,0,86,16,3,105,22,0,22,127
12/13/2022,MGW,WV,AEA,CE,Federal Contract Tower,0,20,12,2,34,0,90,32,2,124,0,110,44,4,158,58,0,58,216
12/14/2022,MGW,WV,AEA,CE,Federal Contract Tower,0,14,21,0,35,0,28,32,0,60,0,42,53,0,95,18,0,18,113
12/15/2022,MGW,WV,AEA,CE,Federal Contract Tower,0,8,12,0,20,0,23,2,0,25,0,31,14,0,45,0,0,0,45
12/16/2022,MGW,WV,AEA,CE,Federal Contract Tower,0,16,9,0,25,0,63,33,2,98,0,79,42,2,123,98,0,98,221
12/17/2022,MGW,WV,AEA,CE,Federal Contract Tower,0,11,18,0,29,0,36,12,0,48,0,47,30,0,77,50,0,50,127
12/18/2022,MGW,WV,AEA,CE,Federal Contract Tower,0,6,10,0,16,0,16,3,0,19,0,22,13,0,35,0,0,0,35
12/19/2022,MGW,WV,AEA,CE,Federal Contract Tower,0,15,11,2,28,0,81,42,0,123,0,96,53,2,151,68,0,68,219
12/20/2022,MGW,WV,AEA,CE,Federal Contract Tower,0,11,10,0,21,0,72,36,0,108,0,83,46,0,129,66,0,66,195
12/21/2022,MGW,WV,AEA,CE,Federal Contract Tower,0,21,5,1,27,0,64,48,0,112,0,85,53,1,139,48,4,52,191
12/22/2022,MGW,WV,AEA,CE,Federal Contract Tower,0,4,2,0,6,0,4,0,0,4,0,8,2,0,10,0,0,0,10
12/23/2022,MGW,WV,AEA,CE,Federal Contract Tower,0,0,0,0,0,0,0,0,0,0,0,0,0,0,0,0,0,0,0
12/24/2022,MGW,WV,AEA,CE,Federal Contract Tower,0,0,0,0,0,0,0,0,0,0,0,0,0,0,0,0,0,0,0
12/25/2022,MGW,WV,AEA,CE,Federal Contract Tower,0,2,0,0,2,0,82,0,0,82,0,84,0,0,84,0,0,0,84
12/26/2022,MGW,WV,AEA,CE,Federal Contract Tower,0,12,4,0,16,0,36,3,0,39,0,48,7,0,55,0,0,0,55
12/27/2022,MGW,WV,AEA,CE,Federal Contract Tower,0,17,4,0,21,0,30,4,0,34,0,47,8,0,55,8,0,8,63
12/28/2022,MGW,WV,AEA,CE,Federal Contract Tower,0,11,8,0,19,0,66,36,2,104,0,77,44,2,123,38,10,48,171
12/29/2022,MGW,WV,AEA,CE,Federal Contract Tower,0,8,5,0,13,0,82,37,2,121,0,90,42,2,134,46,0,46,180
12/30/2022,MGW,WV,AEA,CE,Federal Contract Tower,0,10,7,0,17,0,83,64,2,149,0,93,71,2,166,90,0,90,256
12/31/2022,MGW,WV,AEA,CE,Federal Contract Tower,0,8,2,0,10,0,4,0,0,4,0,12,2,0,14,0,0,0,14
01/01/2023,MGW,WV,AEA,CE,Federal Contract Tower,0,8,2,0,10,0,44,4,0,48,0,52,6,0,58,0,0,0,58
01/02/2023,MGW,WV,AEA,CE,Federal Contract Tower,0,13,6,0,19,0,75,17,0,92,0,88,23,0,111,56,0,56,167
01/03/2023,MGW,WV,AEA,CE,Federal Contract Tower,0,15,1,0,16,0,4,0,0,4,0,19,1,0,20,0,0,0,20
01/04/2023,MGW,WV,AEA,CE,Federal Contract Tower,0,10,2,4,16,0,54,3,0,57,0,64,5,4,73,10,4,14,87
01/05/2023,MGW,WV,AEA,CE,Federal Contract Tower,0,13,5,4,22,0,77,24,6,107,0,90,29,10,129,62,24,86,215
01/06/2023,MGW,WV,AEA,CE,Federal Contract Tower,0,14,2,2,18,0,17,2,0,19,0,31,4,2,37,0,0,0,37
01/07/2023,MGW,WV,AEA,CE,Federal Contract Tower,0,14,11,0,25,0,95,29,0,124,0,109,40,0,149,78,0,78,227
01/08/2023,MGW,WV,AEA,CE,Federal Contract Tower,0,7,9,2,18,0,41,34,2,77,0,48,43,4,95,134,0,134,229
01/09/2023,MGW,WV,AEA,CE,Federal Contract Tower,0,16,2,3,21,0,80,5,6,91,0,96,7,9,112,0,0,0,112
01/10/2023,MGW,WV,AEA,CE,Federal Contract Tower,0,12,11,0,23,0,72,29,0,101,0,84,40,0,124,52,0,52,176
01/11/2023,MGW,WV,AEA,CE,Federal Contract Tower,0,14,11,0,25,0,42,37,0,79,0,56,48,0,104,84,0,84,188
01/12/2023,MGW,WV,AEA,CE,Federal Contract Tower,0,6,1,2,9,0,20,8,0,28,0,26,9,2,37,12,0,12,49
01/13/2023,MGW,WV,AEA,CE,Federal Contract Tower,0,13,6,0,19,0,4,0,0,4,0,17,6,0,23,0,0,0,23
01/14/2023,MGW,WV,AEA,CE,Federal Contract Tower,0,6,3,0,9,0,59,3,0,62,0,65,6,0,71,6,0,6,77
01/15/2023,MGW,WV,AEA,CE,Federal Contract Tower,0,9,12,0,21,0,81,37,0,118,0,90,49,0,139,100,0,100,239
01/16/2023,MGW,WV,AEA,CE,Federal Contract Tower,0,9,5,0,14,0,71,36,4,111,0,80,41,4,125,148,0,148,273
01/17/2023,MGW,WV,AEA,CE,Federal Contract Tower,0,16,3,0,19,0,18,9,0,27,0,34,12,0,46,34,0,34,80
01/18/2023,MGW,WV,AEA,CE,Federal Contract Tower,0,11,4,0,15,0,28,4,0,32,0,39,8,0,47,0,0,0,47
01/19/2023,MGW,WV,AEA,CE,Federal Contract Tower,0,17,11,0,28,0,35,17,0,52,0,52,28,0,80,36,0,36,116
01/20/2023,MGW,WV,AEA,CE,Federal Contract Tower,0,13,5,0,18,0,8,3,0,11,0,21,8,0,29,6,0,6,35
01/21/2023,MGW,WV,AEA,CE,Federal Contract Tower,0,9,0,0,9,0,50,14,4,68,0,59,14,4,77,6,0,6,83
01/22/2023,MGW,WV,AEA,CE,Federal Contract Tower,0,9,5,0,14,0,40,24,0,64,0,49,29,0,78,76,0,76,154
01/23/2023,MGW,WV,AEA,CE,Federal Contract Tower,0,4,7,0,11,0,0,0,0,0,0,4,7,0,11,0,0,0,11
01/24/2023,MGW,WV,AEA,CE,Federal Contract Tower,0,26,16,1,43,0,46,25,7,78,0,72,41,8,121,92,0,92,213
01/25/2023,MGW,WV,AEA,CE,Federal Contract Tower,0,7,3,0,10,0,12,7,0,19,0,19,10,0,29,12,0,12,41
01/27/2023,MGW,WV,AEA,CE,Federal Contract Tower,0,16,4,0,20,0,75,24,0,99,0,91,28,0,119,36,0,36,155
01/28/2023,MGW,WV,AEA,CE,Federal Contract Tower,0,13,6,0,19,0,81,86,2,169,0,94,92,2,188,54,0,54,242
01/29/2023,MGW,WV,AEA,CE,Federal Contract Tower,0,4,0,0,4,0,0,4,0,4,0,4,4,0,8,0,0,0,8
01/30/2023,MGW,WV,AEA,CE,Federal Contract Tower,0,19,4,0,23,0,30,14,0,44,0,49,18,0,67,48,0,48,115
01/31/2023,MGW,WV,AEA,CE,Federal Contract Tower,0,8,4,0,12,0,4,0,0,4,0,12,4,0,16,0,0,0,16
02/01/2023,MGW,WV,AEA,CE,Federal Contract Tower,0,12,11,0,23,0,40,39,0,79,0,52,50,0,102,94,0,94,196
02/02/2023,MGW,WV,AEA,CE,Federal Contract Tower,0,12,5,0,17,0,56,36,3,95,0,68,41,3,112,74,0,74,186
02/03/2023,MGW,WV,AEA,CE,Federal Contract Tower,0,13,12,2,27,0,54,10,8,72,0,67,22,10,99,6,0,6,105
02/04/2023,MGW,WV,AEA,CE,Federal Contract Tower,0,9,9,0,18,0,107,55,5,167,0,116,64,5,185,106,0,106,291
02/05/2023,MGW,WV,AEA,CE,Federal Contract Tower,0,9,2,2,13,0,53,16,0,69,0,62,18,2,82,16,0,16,98
02/06/2023,MGW,WV,AEA,CE,Federal Contract Tower,0,11,3,0,14,0,38,11,0,49,0,49,14,0,63,52,0,52,115
02/07/2023,MGW,WV,AEA,CE,Federal Contract Tower,0,10,8,0,18,0,62,16,6,84,0,72,24,6,102,40,0,40,142
02/08/2023,MGW,WV,AEA,CE,Federal Contract Tower,0,13,19,2,34,0,36,40,1,77,0,49,59,3,111,102,0,102,213
02/09/2023,MGW,WV,AEA,CE,Federal Contract Tower,0,9,1,0,10,0,43,11,1,55,0,52,12,1,65,38,0,38,103
02/10/2023,MGW,WV,AEA,CE,Federal Contract Tower,0,6,5,0,11,0,31,8,0,39,0,37,13,0,50,6,0,6,56
02/11/2023,MGW,WV,AEA,CE,Federal Contract Tower,0,10,10,0,20,0,97,90,6,193,0,107,100,6,213,68,0,68,281
02/12/2023,MGW,WV,AEA,CE,Federal Contract Tower,0,7,2,0,9,0,45,45,2,92,0,52,47,2,101,108,0,108,209
02/13/2023,MGW,WV,AEA,CE,Federal Contract Tower,0,8,4,4,16,0,56,29,6,91,0,64,33,10,107,36,6,42,149
02/14/2023,MGW,WV,AEA,CE,Federal Contract Tower,0,9,6,0,15,0,34,29,0,63,0,43,35,0,78,94,0,94,172
02/15/2023,MGW,WV,AEA,CE,Federal Contract Tower,0,6,5,0,11,0,50,10,0,60,0,56,15,0,71,6,0,6,77
02/16/2023,MGW,WV,AEA,CE,Federal Contract Tower,0,10,8,2,20,0,24,6,0,30,0,34,14,2,50,34,0,34,84
02/17/2023,MGW,WV,AEA,CE,Federal Contract Tower,0,7,3,0,10,0,4,1,0,5,0,11,4,0,15,0,0,0,15
02/18/2023,MGW,WV,AEA,CE,Federal Contract Tower,0,11,4,0,15,0,128,80,4,212,0,139,84,4,227,62,0,62,289
02/19/2023,MGW,WV,AEA,CE,Federal Contract Tower,0,8,5,0,13,0,96,41,0,137,0,104,46,0,150,38,0,38,188
02/20/2023,MGW,WV,AEA,CE,Federal Contract Tower,0,12,6,0,18,0,58,22,0,80,0,70,28,0,98,32,0,32,130
02/21/2023,MGW,WV,AEA,CE,Federal Contract Tower,0,9,3,2,14,0,60,2,0,62,0,69,5,2,76,4,0,4,80
02/22/2023,MGW,WV,AEA,CE,Federal Contract Tower,0,12,7,0,19,0,54,11,4,69,0,66,18,4,88,10,0,10,98
02/23/2023,MGW,WV,AEA,CE,Federal Contract Tower,0,13,2,2,17,0,62,23,0,85,0,75,25,2,102,42,0,42,144
02/24/2023,MGW,WV,AEA,CE,Federal Contract Tower,0,12,11,0,23,0,77,45,0,122,0,89,56,0,145,128,0,128,273
02/25/2023,MGW,WV,AEA,CE,Federal Contract Tower,0,9,7,2,18,0,64,51,6,121,0,73,58,8,139,98,0,98,237
02/26/2023,MGW,WV,AEA,CE,Federal Contract Tower,0,12,10,0,22,0,42,21,0,63,0,54,31,0,85,44,0,44,129
02/27/2023,MGW,WV,AEA,CE,Federal Contract Tower,0,11,2,0,13,0,31,2,0,33,0,42,4,0,46,14,0,14,60
02/28/2023,MGW,WV,AEA,CE,Federal Contract Tower,0,10,11,0,21,0,90,13,0,103,0,100,24,0,124,40,0,40,164
03/01/2023,MGW,WV,AEA,CE,Federal Contract Tower,0,11,16,0,27,0,68,27,9,104,0,79,43,9,131,38,0,38,169
03/02/2023,MGW,WV,AEA,CE,Federal Contract Tower,0,12,10,1,23,0,69,40,0,109,0,81,50,1,132,76,0,76,208
03/03/2023,MGW,WV,AEA,CE,Federal Contract Tower,0,7,3,0,10,0,13,2,0,15,0,20,5,0,25,16,0,16,41
03/04/2023,MGW,WV,AEA,CE,Federal Contract Tower,0,9,2,0,11,0,64,2,4,70,0,73,4,4,81,0,0,0,81
03/05/2023,MGW,WV,AEA,CE,Federal Contract Tower,0,9,4,0,13,0,66,49,0,115,0,75,53,0,128,50,0,50,178
03/06/2023,MGW,WV,AEA,CE,Federal Contract Tower,0,7,6,0,13,0,111,54,0,165,0,118,60,0,178,106,0,106,284
03/07/2023,MGW,WV,AEA,CE,Federal Contract Tower,0,10,7,0,17,0,42,19,4,65,0,52,26,4,82,36,6,42,124
03/08/2023,MGW,WV,AEA,CE,Federal Contract Tower,0,14,6,0,20,0,70,34,10,114,0,84,40,10,134,72,8,80,214
03/09/2023,MGW,WV,AEA,CE,Federal Contract Tower,0,15,9,0,24,0,53,46,4,103,0,68,55,4,127,130,6,136,263
03/10/2023,MGW,WV,AEA,CE,Federal Contract Tower,0,5,5,0,10,0,4,2,0,6,0,9,7,0,16,8,0,8,24
03/11/2023,MGW,WV,AEA,CE,Federal Contract Tower,0,20,1,0,21,0,84,17,2,103,0,104,18,2,124,38,0,38,162
03/12/2023,MGW,WV,AEA,CE,Federal Contract Tower,0,7,4,0,11,0,20,7,0,27,0,27,11,0,38,0,0,0,38
03/13/2023,MGW,WV,AEA,CE,Federal Contract Tower,0,4,2,0,6,0,0,0,0,0,0,4,2,0,6,0,0,0,6
03/14/2023,MGW,WV,AEA,CE,Federal Contract Tower,0,7,6,0,13,0,6,1,2,9,0,13,7,2,22,0,4,4,26
03/15/2023,MGW,WV,AEA,CE,Federal Contract Tower,0,14,19,0,33,0,59,43,2,104,0,73,62,2,137,128,0,128,265
03/16/2023,MGW,WV,AEA,CE,Federal Contract Tower,0,13,21,0,34,0,80,67,2,149,0,93,88,2,183,138,0,138,321
03/17/2023,MGW,WV,AEA,CE,Federal Contract Tower,0,4,10,0,14,0,22,0,0,22,0,26,10,0,36,0,0,0,36
03/18/2023,MGW,WV,AEA,CE,Federal Contract Tower,0,6,7,0,13,0,35,13,4,52,0,41,20,4,65,8,8,16,81
03/19/2023,MGW,WV,AEA,CE,Federal Contract Tower,0,18,6,0,24,0,81,17,0,98,0,99,23,0,122,42,0,42,164
03/20/2023,MGW,WV,AEA,CE,Federal Contract Tower,0,30,25,2,57,0,97,51,2,150,0,127,76,4,207,154,0,154,361
03/21/2023,MGW,WV,AEA,CE,Federal Contract Tower,0,6,5,0,11,0,82,41,0,123,0,88,46,0,134,110,0,110,244
03/22/2023,MGW,WV,AEA,CE,Federal Contract Tower,0,16,2,4,22,0,48,32,0,80,0,64,34,4,102,52,0,52,154
03/23/2023,MGW,WV,AEA,CE,Federal Contract Tower,0,14,2,0,16,0,55,6,0,61,0,69,8,0,77,20,0,20,97
03/24/2023,MGW,WV,AEA,CE,Federal Contract Tower,0,15,4,0,19,0,0,0,0,0,0,15,4,0,19,0,0,0,19
03/25/2023,MGW,WV,AEA,CE,Federal Contract Tower,0,5,2,0,7,0,0,0,0,0,0,5,2,0,7,0,0,0,7
03/26/2023,MGW,WV,AEA,CE,Federal Contract Tower,0,10,8,0,18,0,78,54,4,136,0,88,62,4,154,92,0,92,246
03/27/2023,MGW,WV,AEA,CE,Federal Contract Tower,0,11,11,4,26,0,86,30,4,120,0,97,41,8,146,136,2,138,284
03/28/2023,MGW,WV,AEA,CE,Federal Contract Tower,0,6,3,0,9,0,56,37,2,95,0,62,40,2,104,62,4,66,170
03/29/2023,MGW,WV,AEA,CE,Federal Contract Tower,0,16,11,0,27,0,56,30,2,88,0,72,41,2,115,70,0,70,185
03/30/2023,MGW,WV,AEA,CE,Federal Contract Tower,0,10,13,0,23,0,78,72,7,157,0,88,85,7,180,138,0,138,318
03/31/2023,MGW,WV,AEA,CE,Federal Contract Tower,0,12,6,0,18,0,43,13,0,56,0,55,19,0,74,8,0,8,82
04/01/2023,MGW,WV,AEA,CE,Federal Contract Tower,0,5,1,0,6,0,0,0,0,0,0,5,1,0,6,0,0,0,6
04/02/2023,MGW,WV,AEA,CE,Federal Contract Tower,0,11,6,0,17,0,56,42,2,100,0,67,48,2,117,120,0,120,237
04/03/2023,MGW,WV,AEA,CE,Federal Contract Tower,0,9,13,4,26,0,90,56,6,152,0,99,69,10,178,110,4,114,292
04/04/2023,MGW,WV,AEA,CE,Federal Contract Tower,0,16,17,0,33,0,48,48,0,96,0,64,65,0,129,140,0,140,269
04/05/2023,MGW,WV,AEA,CE,Federal Contract Tower,0,9,3,0,12,0,44,23,0,67,0,53,26,0,79,54,0,54,133
04/06/2023,MGW,WV,AEA,CE,Federal Contract Tower,0,14,7,0,21,0,16,5,0,21,0,30,12,0,42,0,0,0,42
04/07/2023,MGW,WV,AEA,CE,Federal Contract Tower,0,12,4,2,18,0,76,48,1,125,0,88,52,3,143,98,0,98,241
04/08/2023,MGW,WV,AEA,CE,Federal Contract Tower,0,10,11,0,21,0,89,60,0,149,0,99,71,0,170,78,0,78,248
04/09/2023,MGW,WV,AEA,CE,Federal Contract Tower,0,5,6,0,11,0,64,25,0,89,0,69,31,0,100,48,0,48,148
04/10/2023,MGW,WV,AEA,CE,Federal Contract Tower,0,10,11,0,21,0,100,77,2,179,0,110,88,2,200,180,0,180,380
04/11/2023,MGW,WV,AEA,CE,Federal Contract Tower,0,17,19,10,46,0,86,53,0,139,0,103,72,10,185,86,0,86,271
04/12/2023,MGW,WV,AEA,CE,Federal Contract Tower,0,20,0,0,20,0,62,30,0,92,0,82,30,0,112,98,0,98,210
04/13/2023,MGW,WV,AEA,CE,Federal Contract Tower,0,16,10,0,26,0,85,60,12,157,0,101,70,12,183,162,0,162,345
04/14/2023,MGW,WV,AEA,CE,Federal Contract Tower,0,14,7,2,23,0,85,60,7,152,0,99,67,9,175,122,0,122,297
04/15/2023,MGW,WV,AEA,CE,Federal Contract Tower,0,12,4,0,16,0,68,35,0,103,0,80,39,0,119,28,0,28,147
04/16/2023,MGW,WV,AEA,CE,Federal Contract Tower,0,9,4,0,13,0,40,33,0,73,0,49,37,0,86,80,0,80,166
04/17/2023,MGW,WV,AEA,CE,Federal Contract Tower,0,6,7,2,15,0,30,7,0,37,0,36,14,2,52,0,0,0,52
04/18/2023,MGW,WV,AEA,CE,Federal Contract Tower,0,8,6,0,14,0,127,8,5,140,0,135,14,5,154,8,0,8,162
04/19/2023,MGW,WV,AEA,CE,Federal Contract Tower,0,16,9,0,25,0,48,41,0,89,0,64,50,0,114,142,0,142,256
04/20/2023,MGW,WV,AEA,CE,Federal Contract Tower,0,21,5,5,31,0,85,59,4,148,0,106,64,9,179,122,0,122,301
04/21/2023,MGW,WV,AEA,CE,Federal Contract Tower,0,14,11,0,25,0,69,47,3,119,0,83,58,3,144,22,0,22,166
04/22/2023,MGW,WV,AEA,CE,Federal Contract Tower,0,15,4,0,19,0,45,12,0,57,0,60,16,0,76,60,0,60,136
04/23/2023,MGW,WV,AEA,CE,Federal Contract Tower,0,9,6,0,15,0,57,25,0,82,0,66,31,0,97,76,0,76,173
04/24/2023,MGW,WV,AEA,CE,Federal Contract Tower,0,11,4,0,15,0,64,34,0,98,0,75,38,0,113,96,0,96,209
04/25/2023,MGW,WV,AEA,CE,Federal Contract Tower,0,10,16,0,26,0,88,44,8,140,0,98,60,8,166,112,22,134,300
04/26/2023,MGW,WV,AEA,CE,Federal Contract Tower,0,17,24,0,41,0,100,49,8,157,0,117,73,8,198,94,0,94,292
04/27/2023,MGW,WV,AEA,CE,Federal Contract Tower,0,17,2,6,25,0,83,64,7,154,0,100,66,13,179,150,0,150,329
04/28/2023,MGW,WV,AEA,CE,Federal Contract Tower,0,10,6,0,16,0,14,0,0,14,0,24,6,0,30,0,0,0,30
04/29/2023,MGW,WV,AEA,CE,Federal Contract Tower,0,10,12,0,22,0,82,20,0,102,0,92,32,0,124,32,0,32,156
04/30/2023,MGW,WV,AEA,CE,Federal Contract Tower,0,15,3,0,18,0,54,6,0,60,0,69,9,0,78,0,0,0,78
05/01/2023,MGW,WV,AEA,CE,Federal Contract Tower,0,2,2,0,4,0,2,2,0,4,0,4,4,0,8,6,0,6,14
05/02/2023,MGW,WV,AEA,CE,Federal Contract Tower,0,14,0,0,14,0,4,0,0,4,0,18,0,0,18,0,0,0,18
05/03/2023,MGW,WV,AEA,CE,Federal Contract Tower,0,8,4,0,12,0,6,0,0,6,0,14,4,0,18,0,0,0,18
05/04/2023,MGW,WV,AEA,CE,Federal Contract Tower,0,10,12,0,22,0,64,42,0,106,0,74,54,0,128,78,0,78,206
05/05/2023,MGW,WV,AEA,CE,Federal Contract Tower,0,23,12,2,37,0,74,88,2,164,0,97,100,4,201,178,0,178,379
05/06/2023,MGW,WV,AEA,CE,Federal Contract Tower,0,12,12,0,24,0,143,60,4,207,0,155,72,4,231,60,0,60,291
05/07/2023,MGW,WV,AEA,CE,Federal Contract Tower,0,9,8,0,17,0,17,7,0,24,0,26,15,0,41,4,0,4,45
05/08/2023,MGW,WV,AEA,CE,Federal Contract Tower,0,11,17,0,28,0,84,23,0,107,0,95,40,0,135,60,0,60,195
05/09/2023,MGW,WV,AEA,CE,Federal Contract Tower,0,16,11,2,29,0,58,18,0,76,0,74,29,2,105,62,0,62,167
05/10/2023,MGW,WV,AEA,CE,Federal Contract Tower,0,9,6,2,17,0,48,39,2,89,0,57,45,4,106,56,0,56,162
05/11/2023,MGW,WV,AEA,CE,Federal Contract Tower,0,11,26,2,39,0,49,97,5,151,0,60,123,7,190,136,0,136,326
05/12/2023,MGW,WV,AEA,CE,Federal Contract Tower,0,12,8,0,20,0,104,58,0,162,0,116,66,0,182,90,0,90,272
05/13/2023,MGW,WV,AEA,CE,Federal Contract Tower,0,12,4,0,16,0,12,0,0,12,0,24,4,0,28,0,0,0,28
05/14/2023,MGW,WV,AEA,CE,Federal Contract Tower,0,10,6,0,16,0,32,31,0,63,0,42,37,0,79,0,0,0,79
05/15/2023,MGW,WV,AEA,CE,Federal Contract Tower,0,16,13,0,29,0,102,52,4,158,0,118,65,4,187,46,0,46,233
05/16/2023,MGW,WV,AEA,CE,Federal Contract Tower,0,18,8,0,26,0,58,16,0,74,0,76,24,0,100,8,0,8,108
05/17/2023,MGW,WV,AEA,CE,Federal Contract Tower,0,15,18,0,33,0,84,43,2,129,0,99,61,2,162,62,0,62,224
05/18/2023,MGW,WV,AEA,CE,Federal Contract Tower,0,17,10,1,28,0,54,55,6,115,0,71,65,7,143,52,0,52,195
05/19/2023,MGW,WV,AEA,CE,Federal Contract Tower,0,17,8,0,25,0,76,60,6,142,0,93,68,6,167,92,8,100,267
05/20/2023,MGW,WV,AEA,CE,Federal Contract Tower,0,12,17,0,29,0,8,2,0,10,0,20,19,0,39,0,0,0,39
05/21/2023,MGW,WV,AEA,CE,Federal Contract Tower,0,13,12,0,25,0,89,30,2,121,0,102,42,2,146,50,0,50,196
05/22/2023,MGW,WV,AEA,CE,Federal Contract Tower,0,16,10,0,26,0,68,38,0,106,0,84,48,0,132,68,0,68,200
05/23/2023,MGW,WV,AEA,CE,Federal Contract Tower,0,25,23,0,48,0,94,46,12,152,0,119,69,12,200,84,0,84,284
05/24/2023,MGW,WV,AEA,CE,Federal Contract Tower,0,13,9,4,26,0,68,43,0,111,0,81,52,4,137,110,0,110,247
05/25/2023,MGW,WV,AEA,CE,Federal Contract Tower,0,12,7,0,19,0,126,65,0,191,0,138,72,0,210,134,0,134,344
05/26/2023,MGW,WV,AEA,CE,Federal Contract Tower,0,15,13,0,28,0,120,72,6,198,0,135,85,6,226,178,0,178,404
05/27/2023,MGW,WV,AEA,CE,Federal Contract Tower,0,14,10,0,24,0,140,54,0,194,0,154,64,0,218,74,0,74,292
05/28/2023,MGW,WV,AEA,CE,Federal Contract Tower,0,10,1,0,11,0,136,39,2,177,0,146,40,2,188,72,0,72,260
05/29/2023,MGW,WV,AEA,CE,Federal Contract Tower,0,12,5,0,17,0,102,35,0,137,0,114,40,0,154,52,0,52,206
05/30/2023,MGW,WV,AEA,CE,Federal Contract Tower,0,14,11,0,25,0,77,39,10,126,0,91,50,10,151,90,0,90,241
05/31/2023,MGW,WV,AEA,CE,Federal Contract Tower,0,10,4,0,14,0,52,45,0,97,0,62,49,0,111,112,0,112,223
06/01/2023,MGW,WV,AEA,CE,Federal Contract Tower,0,20,10,1,31,0,88,41,6,135,0,108,51,7,166,84,0,84,250
06/06/2023,MGW,WV,AEA,CE,Federal Contract Tower,0,14,8,0,22,0,104,30,4,138,0,118,38,4,160,90,0,90,250
06/07/2023,MGW,WV,AEA,CE,Federal Contract Tower,0,18,4,4,26,0,52,27,0,79,0,70,31,4,105,104,0,104,209
06/08/2023,MGW,WV,AEA,CE,Federal Contract Tower,0,16,16,0,32,0,133,57,0,190,0,149,73,0,222,100,0,100,322
06/09/2023,MGW,WV,AEA,CE,Federal Contract Tower,0,13,9,0,22,0,74,41,10,125,0,87,50,10,147,24,0,24,171
06/10/2023,MGW,WV,AEA,CE,Federal Contract Tower,0,13,11,0,24,0,93,72,0,165,0,106,83,0,189,36,0,36,225
06/11/2023,MGW,WV,AEA,CE,Federal Contract Tower,0,13,7,0,20,0,62,39,0,101,0,75,46,0,121,72,0,72,193
06/12/2023,MGW,WV,AEA,CE,Federal Contract Tower,0,12,10,3,25,0,28,3,0,31,0,40,13,3,56,30,0,30,86
06/13/2023,MGW,WV,AEA,CE,Federal Contract Tower,0,17,14,0,31,0,50,34,0,84,0,67,48,0,115,62,0,62,177
06/14/2023,MGW,WV,AEA,CE,Federal Contract Tower,0,13,14,0,27,0,46,13,0,59,0,59,27,0,86,46,0,46,132
06/15/2023,MGW,WV,AEA,CE,Federal Contract Tower,0,34,22,0,56,0,66,68,12,146,0,100,90,12,202,156,22,178,380
06/16/2023,MGW,WV,AEA,CE,Federal Contract Tower,0,14,9,0,23,0,19,16,1,36,0,33,25,1,59,32,0,32,91
06/17/2023,MGW,WV,AEA,CE,Federal Contract Tower,0,11,15,0,26,0,91,13,0,104,0,102,28,0,130,14,0,14,144
06/18/2023,MGW,WV,AEA,CE,Federal Contract Tower,0,16,11,0,27,0,75,45,0,120,0,91,56,0,147,110,0,110,257
06/19/2023,MGW,WV,AEA,CE,Federal Contract Tower,0,10,3,0,13,0,60,25,0,85,0,70,28,0,98,94,0,94,192
06/20/2023,MGW,WV,AEA,CE,Federal Contract Tower,0,16,9,0,25,0,78,15,6,99,0,94,24,6,124,56,6,62,186
06/21/2023,MGW,WV,AEA,CE,Federal Contract Tower,0,16,8,3,27,0,34,21,8,63,0,50,29,11,90,30,0,30,120
06/22/2023,MGW,WV,AEA,CE,Federal Contract Tower,0,8,10,7,25,0,25,21,8,54,0,33,31,15,79,56,0,56,135
06/23/2023,MGW,WV,AEA,CE,Federal Contract Tower,0,15,6,3,24,0,37,21,1,59,0,52,27,4,83,58,0,58,141
06/24/2023,MGW,WV,AEA,CE,Federal Contract Tower,0,12,3,0,15,0,100,24,2,126,0,112,27,2,141,24,0,24,165
06/25/2023,MGW,WV,AEA,CE,Federal Contract Tower,0,11,12,0,23,0,86,41,2,129,0,97,53,2,152,116,4,120,272
06/26/2023,MGW,WV,AEA,CE,Federal Contract Tower,0,15,6,1,22,0,79,33,3,115,0,94,39,4,137,34,10,44,181
06/27/2023,MGW,WV,AEA,CE,Federal Contract Tower,0,18,14,2,34,0,22,1,0,23,0,40,15,2,57,0,0,0,57
06/29/2023,MGW,WV,AEA,CE,Federal Contract Tower,0,19,10,0,29,0,16,4,0,20,0,35,14,0,49,16,0,16,65
06/30/2023,MGW,WV,AEA,CE,Federal Contract Tower,0,13,11,3,27,0,77,59,1,137,0,90,70,4,164,118,0,118,282
07/01/2023,MGW,WV,AEA,CE,Federal Contract Tower,0,16,4,2,22,0,102,31,0,133,0,118,35,2,155,84,0,84,239
07/02/2023,MGW,WV,AEA,CE,Federal Contract Tower,0,8,0,0,8,0,46,11,0,57,0,54,11,0,65,40,0,40,105
07/03/2023,MGW,WV,AEA,CE,Federal Contract Tower,0,11,6,0,17,0,24,10,0,34,0,35,16,0,51,26,0,26,77
07/04/2023,MGW,WV,AEA,CE,Federal Contract Tower,0,16,7,0,23,0,56,21,0,77,0,72,28,0,100,38,0,38,138
07/05/2023,MGW,WV,AEA,CE,Federal Contract Tower,0,18,13,2,33,0,46,59,5,110,0,64,72,7,143,92,6,98,241
07/06/2023,MGW,WV,AEA,CE,Federal Contract Tower,0,16,7,0,23,0,46,34,5,85,0,62,41,5,108,62,0,62,170
07/07/2023,MGW,WV,AEA,CE,Federal Contract Tower,0,16,13,3,32,0,106,16,8,130,0,122,29,11,162,46,6,52,214
07/08/2023,MGW,WV,AEA,CE,Federal Contract Tower,0,8,20,0,28,0,98,38,3,139,0,106,58,3,167,42,0,42,209
07/09/2023,MGW,WV,AEA,CE,Federal Contract Tower,0,12,0,2,14,0,22,10,1,33,0,34,10,3,47,50,0,50,97
07/11/2023,MGW,WV,AEA,CE,Federal Contract Tower,0,15,6,0,21,0,84,36,6,126,0,99,42,6,147,80,0,80,227
07/12/2023,MGW,WV,AEA,CE,Federal Contract Tower,0,16,11,1,28,0,78,31,2,111,0,94,42,3,139,68,0,68,207
07/13/2023,MGW,WV,AEA,CE,Federal Contract Tower,0,23,16,4,43,0,64,29,3,96,0,87,45,7,139,74,0,74,213
07/14/2023,MGW,WV,AEA,CE,Federal Contract Tower,0,16,16,0,32,0,66,33,0,99,0,82,49,0,131,28,0,28,159
07/15/2023,MGW,WV,AEA,CE,Federal Contract Tower,0,8,7,3,18,0,86,25,4,115,0,94,32,7,133,20,0,20,153
07/16/2023,MGW,WV,AEA,CE,Federal Contract Tower,0,7,14,0,21,0,56,21,0,77,0,63,35,0,98,46,0,46,144
07/17/2023,MGW,WV,AEA,CE,Federal Contract Tower,0,14,8,0,22,0,30,7,0,37,0,44,15,0,59,30,0,30,89
07/18/2023,MGW,WV,AEA,CE,Federal Contract Tower,0,15,10,0,25,0,86,19,2,107,0,101,29,2,132,34,0,34,166
07/19/2023,MGW,WV,AEA,CE,Federal Contract Tower,0,24,7,0,31,0,52,22,0,74,0,76,29,0,105,62,0,62,167
07/20/2023,MGW,WV,AEA,CE,Federal Contract Tower,0,31,9,0,40,0,56,25,8,89,0,87,34,8,129,82,0,82,211
07/21/2023,MGW,WV,AEA,CE,Federal Contract Tower,0,15,19,2,36,0,71,47,0,118,0,86,66,2,154,52,0,52,206
07/22/2023,MGW,WV,AEA,CE,Federal Contract Tower,0,10,1,2,13,0,88,62,0,150,0,98,63,2,163,32,0,32,195
07/23/2023,MGW,WV,AEA,CE,Federal Contract Tower,0,17,8,0,25,0,78,45,0,123,0,95,53,0,148,124,0,124,272
07/24/2023,MGW,WV,AEA,CE,Federal Contract Tower,0,11,14,0,25,0,60,24,2,86,0,71,38,2,111,4,0,4,115
07/25/2023,MGW,WV,AEA,CE,Federal Contract Tower,0,11,13,1,25,0,110,36,1,147,0,121,49,2,172,36,0,36,208
07/26/2023,MGW,WV,AEA,CE,Federal Contract Tower,0,13,18,4,35,0,54,50,10,114,0,67,68,14,149,96,4,100,249
07/27/2023,MGW,WV,AEA,CE,Federal Contract Tower,0,15,14,0,29,0,46,25,0,71,0,61,39,0,100,66,0,66,166
07/28/2023,MGW,WV,AEA,CE,Federal Contract Tower,0,7,8,2,17,0,50,43,0,93,0,57,51,2,110,66,0,66,176
07/29/2023,MGW,WV,AEA,CE,Federal Contract Tower,0,7,4,0,11,0,72,14,0,86,0,79,18,0,97,2,0,2,99
07/30/2023,MGW,WV,AEA,CE,Federal Contract Tower,0,8,4,0,12,0,95,35,2,132,0,103,39,2,144,20,0,20,164
07/31/2023,MGW,WV,AEA,CE,Federal Contract Tower,0,26,9,2,37,0,68,30,4,102,0,94,39,6,139,8,6,14,153
08/01/2023,MGW,WV,AEA,CE,Federal Contract Tower,0,12,12,0,24,0,120,32,2,154,0,132,44,2,178,10,0,10,188
08/02/2023,MGW,WV,AEA,CE,Federal Contract Tower,0,24,17,3,44,0,52,44,6,102,0,76,61,9,146,52,0,52,198
08/03/2023,MGW,WV,AEA,CE,Federal Contract Tower,0,15,9,2,26,0,50,36,4,90,0,65,45,6,116,30,0,30,146
08/04/2023,MGW,WV,AEA,CE,Federal Contract Tower,0,13,5,2,20,0,70,58,2,130,0,83,63,4,150,14,0,14,164
08/05/2023,MGW,WV,AEA,CE,Federal Contract Tower,0,9,13,0,22,0,89,50,0,139,0,98,63,0,161,80,0,80,241
08/06/2023,MGW,WV,AEA,CE,Federal Contract Tower,0,9,7,3,19,0,38,25,0,63,0,47,32,3,82,44,0,44,126
08/07/2023,MGW,WV,AEA,CE,Federal Contract Tower,0,7,2,0,9,0,4,3,0,7,0,11,5,0,16,6,0,6,22
08/08/2023,MGW,WV,AEA,CE,Federal Contract Tower,0,15,6,0,21,0,82,30,4,116,0,97,36,4,137,58,0,58,195
08/09/2023,MGW,WV,AEA,CE,Federal Contract Tower,0,11,12,2,25,0,66,47,2,115,0,77,59,4,140,76,0,76,216
08/10/2023,MGW,WV,AEA,CE,Federal Contract Tower,0,17,20,0,37,0,28,17,4,49,0,45,37,4,86,32,0,32,118
08/11/2023,MGW,WV,AEA,CE,Federal Contract Tower,0,17,7,2,26,0,97,55,2,154,0,114,62,4,180,66,0,66,246
08/12/2023,MGW,WV,AEA,CE,Federal Contract Tower,0,11,9,2,22,0,73,41,4,118,0,84,50,6,140,54,10,64,204
08/13/2023,MGW,WV,AEA,CE,Federal Contract Tower,0,15,9,0,24,0,76,41,0,117,0,91,50,0,141,40,0,40,181
08/14/2023,MGW,WV,AEA,CE,Federal Contract Tower,0,13,6,0,19,0,24,5,0,29,0,37,11,0,48,40,0,40,88
08/15/2023,MGW,WV,AEA,CE,Federal Contract Tower,0,20,9,0,29,0,116,26,4,146,0,136,35,4,175,28,0,28,203
08/16/2023,MGW,WV,AEA,CE,Federal Contract Tower,0,19,12,0,31,0,52,24,6,82,0,71,36,6,113,68,6,74,187
08/17/2023,MGW,WV,AEA,CE,Federal Contract Tower,0,12,12,1,25,0,71,37,7,115,0,83,49,8,140,44,0,44,184
08/18/2023,MGW,WV,AEA,CE,Federal Contract Tower,0,21,14,0,35,0,57,29,0,86,0,78,43,0,121,18,0,18,139
08/19/2023,MGW,WV,AEA,CE,Federal Contract Tower,0,12,26,0,38,0,87,59,1,147,0,99,85,1,185,40,0,40,225
08/20/2023,MGW,WV,AEA,CE,Federal Contract Tower,0,9,14,0,23,0,105,53,0,158,0,114,67,0,181,50,0,50,231
08/21/2023,MGW,WV,AEA,CE,Federal Contract Tower,0,11,3,0,14,0,81,30,0,111,0,92,33,0,125,12,0,12,137
08/22/2023,MGW,WV,AEA,CE,Federal Contract Tower,0,15,17,0,32,0,86,24,0,110,0,101,41,0,142,0,0,0,142
08/23/2023,MGW,WV,AEA,CE,Federal Contract Tower,0,20,24,0,44,0,46,45,7,98,0,66,69,7,142,12,8,20,162
08/24/2023,MGW,WV,AEA,CE,Federal Contract Tower,0,19,8,2,29,0,70,31,2,103,0,89,39,4,132,20,4,24,156
08/25/2023,MGW,WV,AEA,CE,Federal Contract Tower,0,14,10,0,24,0,33,25,0,58,0,47,35,0,82,20,0,20,102
08/26/2023,MGW,WV,AEA,CE,Federal Contract Tower,0,13,11,0,24,0,71,36,1,108,0,84,47,1,132,36,0,36,168
08/27/2023,MGW,WV,AEA,CE,Federal Contract Tower,0,13,16,0,29,0,65,30,0,95,0,78,46,0,124,28,0,28,152
08/28/2023,MGW,WV,AEA,CE,Federal Contract Tower,0,14,8,0,22,0,59,31,2,92,0,73,39,2,114,22,0,22,136
08/29/2023,MGW,WV,AEA,CE,Federal Contract Tower,0,17,11,0,28,0,40,20,0,60,0,57,31,0,88,16,0,16,104
08/30/2023,MGW,WV,AEA,CE,Federal Contract Tower,0,12,11,4,27,0,52,32,0,84,0,64,43,4,111,52,0,52,163
08/31/2023,MGW,WV,AEA,CE,Federal Contract Tower,0,15,6,4,25,0,90,65,5,160,0,105,71,9,185,96,0,96,281
