01/01/2020,MHK,KS,ACE,CE,Federal Contract Tower,4,4,4,0,12,0,0,12,0,12,4,4,16,0,24,0,0,0,24
01/02/2020,MHK,KS,ACE,CE,Federal Contract Tower,2,4,17,0,23,0,0,37,2,39,2,4,54,2,62,34,0,34,96
01/03/2020,MHK,KS,ACE,CE,Federal Contract Tower,2,6,6,1,15,0,0,27,1,28,2,6,33,2,43,52,0,52,95
01/04/2020,MHK,KS,ACE,CE,Federal Contract Tower,2,8,4,0,14,0,0,42,4,46,2,8,46,4,60,42,0,42,102
01/05/2020,MHK,KS,ACE,CE,Federal Contract Tower,2,4,2,0,8,0,0,17,0,17,2,4,19,0,25,0,0,0,25
01/06/2020,MHK,KS,ACE,CE,Federal Contract Tower,4,4,2,0,10,0,0,28,8,36,4,4,30,8,46,14,0,14,60
01/07/2020,MHK,KS,ACE,CE,Federal Contract Tower,5,4,7,2,18,0,2,33,5,40,5,6,40,7,58,26,2,28,86
01/08/2020,MHK,KS,ACE,CE,Federal Contract Tower,4,4,5,4,17,0,0,19,18,37,4,4,24,22,54,4,8,12,66
01/09/2020,MHK,KS,ACE,CE,Federal Contract Tower,4,8,6,4,22,0,0,26,21,47,4,8,32,25,69,34,12,46,115
01/10/2020,MHK,KS,ACE,CE,Federal Contract Tower,2,0,0,0,2,0,0,0,0,0,2,0,0,0,2,0,0,0,2
01/11/2020,MHK,KS,ACE,CE,Federal Contract Tower,3,6,0,0,9,0,0,7,0,7,3,6,7,0,16,0,0,0,16
01/12/2020,MHK,KS,ACE,CE,Federal Contract Tower,3,5,3,0,11,0,0,0,0,0,3,5,3,0,11,0,0,0,11
01/13/2020,MHK,KS,ACE,CE,Federal Contract Tower,6,2,2,0,10,0,0,0,0,0,6,2,2,0,10,0,0,0,10
01/14/2020,MHK,KS,ACE,CE,Federal Contract Tower,4,3,8,25,40,0,0,14,12,26,4,3,22,37,66,22,0,22,88
01/15/2020,MHK,KS,ACE,CE,Federal Contract Tower,4,2,9,11,26,0,0,8,26,34,4,2,17,37,60,28,24,52,112
01/16/2020,MHK,KS,ACE,CE,Federal Contract Tower,4,6,3,6,19,0,0,33,10,43,4,6,36,16,62,50,0,50,112
01/17/2020,MHK,KS,ACE,CE,Federal Contract Tower,4,5,2,0,11,0,0,0,0,0,4,5,2,0,11,0,0,0,11
01/18/2020,MHK,KS,ACE,CE,Federal Contract Tower,4,2,7,0,13,0,0,17,0,17,4,2,24,0,30,18,0,18,48
01/19/2020,MHK,KS,ACE,CE,Federal Contract Tower,4,2,5,0,11,0,0,20,1,21,4,2,25,1,32,28,0,28,60
01/20/2020,MHK,KS,ACE,CE,Federal Contract Tower,5,2,7,0,14,0,0,36,1,37,5,2,43,1,51,38,0,38,89
01/21/2020,MHK,KS,ACE,CE,Federal Contract Tower,4,4,12,5,25,0,0,18,34,52,4,4,30,39,77,34,62,96,173
01/22/2020,MHK,KS,ACE,CE,Federal Contract Tower,2,5,4,0,11,0,0,0,0,0,2,5,4,0,11,0,0,0,11
01/23/2020,MHK,KS,ACE,CE,Federal Contract Tower,4,2,1,0,7,0,0,0,0,0,4,2,1,0,7,0,0,0,7
01/24/2020,MHK,KS,ACE,CE,Federal Contract Tower,4,10,5,0,19,0,0,1,16,17,4,10,6,16,36,12,0,12,48
01/25/2020,MHK,KS,ACE,CE,Federal Contract Tower,3,1,14,0,18,0,0,17,0,17,3,1,31,0,35,12,0,12,47
01/26/2020,MHK,KS,ACE,CE,Federal Contract Tower,2,4,11,0,17,0,0,42,0,42,2,4,53,0,59,10,0,10,69
01/27/2020,MHK,KS,ACE,CE,Federal Contract Tower,5,2,9,6,22,0,0,14,19,33,5,2,23,25,55,40,32,72,127
01/28/2020,MHK,KS,ACE,CE,Federal Contract Tower,4,2,3,0,9,0,0,0,0,0,4,2,3,0,9,0,0,0,9
01/29/2020,MHK,KS,ACE,CE,Federal Contract Tower,4,7,12,0,23,0,0,11,24,35,4,7,23,24,58,40,32,72,130
01/30/2020,MHK,KS,ACE,CE,Federal Contract Tower,4,3,4,1,12,0,0,16,17,33,4,3,20,18,45,66,6,72,117
01/31/2020,MHK,KS,ACE,CE,Federal Contract Tower,4,10,6,2,22,0,0,25,6,31,4,10,31,8,53,68,2,70,123
02/01/2020,MHK,KS,ACE,CE,Federal Contract Tower,3,5,5,0,13,0,0,50,0,50,3,5,55,0,63,52,0,52,115
02/02/2020,MHK,KS,ACE,CE,Federal Contract Tower,4,7,5,2,18,0,0,35,6,41,4,7,40,8,59,26,20,46,105
02/03/2020,MHK,KS,ACE,CE,Federal Contract Tower,5,5,10,0,20,0,0,0,1,1,5,5,10,1,21,0,0,0,21
02/04/2020,MHK,KS,ACE,CE,Federal Contract Tower,4,5,2,4,15,0,0,0,17,17,4,5,2,21,32,0,36,36,68
02/05/2020,MHK,KS,ACE,CE,Federal Contract Tower,5,4,3,2,14,0,0,10,20,30,5,4,13,22,44,0,30,30,74
02/06/2020,MHK,KS,ACE,CE,Federal Contract Tower,4,2,6,3,15,0,0,46,17,63,4,2,52,20,78,36,18,54,132
02/07/2020,MHK,KS,ACE,CE,Federal Contract Tower,5,7,13,0,25,0,0,16,0,16,5,7,29,0,41,20,0,20,61
02/08/2020,MHK,KS,ACE,CE,Federal Contract Tower,4,6,0,0,10,0,0,42,0,42,4,6,42,0,52,18,0,18,70
02/09/2020,MHK,KS,ACE,CE,Federal Contract Tower,5,2,4,2,13,0,0,21,0,21,5,2,25,2,34,10,0,10,44
02/10/2020,MHK,KS,ACE,CE,Federal Contract Tower,5,7,27,12,51,0,0,17,8,25,5,7,44,20,76,24,6,30,106
02/11/2020,MHK,KS,ACE,CE,Federal Contract Tower,5,15,6,2,28,0,3,17,4,24,5,18,23,6,52,14,12,26,78
02/12/2020,MHK,KS,ACE,CE,Federal Contract Tower,5,2,4,0,11,0,0,0,0,0,5,2,4,0,11,0,0,0,11
02/13/2020,MHK,KS,ACE,CE,Federal Contract Tower,4,2,7,5,18,0,0,19,5,24,4,2,26,10,42,10,0,10,52
02/14/2020,MHK,KS,ACE,CE,Federal Contract Tower,5,4,13,0,22,0,0,28,0,28,5,4,41,0,50,8,0,8,58
02/15/2020,MHK,KS,ACE,CE,Federal Contract Tower,2,12,7,0,21,0,2,40,0,42,2,14,47,0,63,58,0,58,121
02/16/2020,MHK,KS,ACE,CE,Federal Contract Tower,4,4,9,0,17,0,0,26,0,26,4,4,35,0,43,0,0,0,43
02/17/2020,MHK,KS,ACE,CE,Federal Contract Tower,4,2,6,0,12,0,0,33,8,41,4,2,39,8,53,20,0,20,73
02/18/2020,MHK,KS,ACE,CE,Federal Contract Tower,4,7,8,6,25,0,2,22,6,30,4,9,30,12,55,30,0,30,85
02/19/2020,MHK,KS,ACE,CE,Federal Contract Tower,4,6,0,7,17,0,0,28,4,32,4,6,28,11,49,46,0,46,95
02/20/2020,MHK,KS,ACE,CE,Federal Contract Tower,5,7,10,6,28,0,0,20,20,40,5,7,30,26,68,58,2,60,128
02/21/2020,MHK,KS,ACE,CE,Federal Contract Tower,7,9,5,2,23,0,2,19,3,24,7,11,24,5,47,20,0,20,67
02/22/2020,MHK,KS,ACE,CE,Federal Contract Tower,2,9,4,0,15,0,0,46,6,52,2,9,50,6,67,84,0,84,151
02/23/2020,MHK,KS,ACE,CE,Federal Contract Tower,6,4,1,0,11,0,0,16,4,20,6,4,17,4,31,30,0,30,61
02/24/2020,MHK,KS,ACE,CE,Federal Contract Tower,4,9,6,4,23,0,0,13,12,25,4,9,19,16,48,64,32,96,144
02/25/2020,MHK,KS,ACE,CE,Federal Contract Tower,4,3,3,4,14,0,0,2,9,11,4,3,5,13,25,26,24,50,75
02/26/2020,MHK,KS,ACE,CE,Federal Contract Tower,4,4,1,1,10,0,6,26,11,43,4,10,27,12,53,28,48,76,129
02/27/2020,MHK,KS,ACE,CE,Federal Contract Tower,4,2,5,5,16,0,0,19,5,24,4,2,24,10,40,20,0,20,60
02/28/2020,MHK,KS,ACE,CE,Federal Contract Tower,5,4,8,0,17,0,2,37,2,41,5,6,45,2,58,48,0,48,106
02/29/2020,MHK,KS,ACE,CE,Federal Contract Tower,3,12,14,0,29,0,0,43,0,43,3,12,57,0,72,34,0,34,106
03/01/2020,MHK,KS,ACE,CE,Federal Contract Tower,4,4,3,0,11,0,2,74,0,76,4,6,77,0,87,80,0,80,167
03/02/2020,MHK,KS,ACE,CE,Federal Contract Tower,4,6,13,0,23,0,0,53,3,56,4,6,66,3,79,124,24,148,227
03/03/2020,MHK,KS,ACE,CE,Federal Contract Tower,4,6,6,8,24,0,0,9,6,15,4,6,15,14,39,46,22,68,107
03/04/2020,MHK,KS,ACE,CE,Federal Contract Tower,5,7,9,2,23,0,2,50,2,54,5,9,59,4,77,78,32,110,187
03/05/2020,MHK,KS,ACE,CE,Federal Contract Tower,4,6,8,8,26,0,0,17,0,17,4,6,25,8,43,18,0,18,61
03/06/2020,MHK,KS,ACE,CE,Federal Contract Tower,5,6,9,1,21,0,0,49,1,50,5,6,58,2,71,64,0,64,135
03/07/2020,MHK,KS,ACE,CE,Federal Contract Tower,3,7,16,0,26,0,0,18,0,18,3,7,34,0,44,16,0,16,60
03/08/2020,MHK,KS,ACE,CE,Federal Contract Tower,4,3,2,2,11,0,0,7,0,7,4,3,9,2,18,8,0,8,26
03/09/2020,MHK,KS,ACE,CE,Federal Contract Tower,4,4,3,6,17,0,0,0,4,4,4,4,3,10,21,0,14,14,35
03/10/2020,MHK,KS,ACE,CE,Federal Contract Tower,4,3,7,4,18,0,0,15,4,19,4,3,22,8,37,40,20,60,97
03/11/2020,MHK,KS,ACE,CE,Federal Contract Tower,4,3,15,4,26,0,0,84,2,86,4,3,99,6,112,66,0,66,178
03/12/2020,MHK,KS,ACE,CE,Federal Contract Tower,3,2,8,2,15,0,0,41,2,43,3,2,49,4,58,66,6,72,130
03/13/2020,MHK,KS,ACE,CE,Federal Contract Tower,6,2,9,6,23,0,0,52,0,52,6,2,61,6,75,78,0,78,153
03/14/2020,MHK,KS,ACE,CE,Federal Contract Tower,3,4,3,0,10,0,0,0,0,0,3,4,3,0,10,0,0,0,10
03/15/2020,MHK,KS,ACE,CE,Federal Contract Tower,4,2,2,0,8,0,0,0,0,0,4,2,2,0,8,0,0,0,8
03/16/2020,MHK,KS,ACE,CE,Federal Contract Tower,4,2,9,0,15,0,0,3,0,3,4,2,12,0,18,0,0,0,18
03/17/2020,MHK,KS,ACE,CE,Federal Contract Tower,4,2,3,0,9,0,0,28,0,28,4,2,31,0,37,90,0,90,127
03/18/2020,MHK,KS,ACE,CE,Federal Contract Tower,4,4,17,3,28,0,0,13,2,15,4,4,30,5,43,32,36,68,111
03/19/2020,MHK,KS,ACE,CE,Federal Contract Tower,4,5,11,9,29,0,2,23,9,34,4,7,34,18,63,12,38,50,113
03/20/2020,MHK,KS,ACE,CE,Federal Contract Tower,4,3,9,0,16,0,2,28,0,30,4,5,37,0,46,14,0,14,60
03/21/2020,MHK,KS,ACE,CE,Federal Contract Tower,2,5,4,0,11,0,9,90,0,99,2,14,94,0,110,76,0,76,186
03/22/2020,MHK,KS,ACE,CE,Federal Contract Tower,4,2,4,0,10,0,0,0,0,0,4,2,4,0,10,0,0,0,10
03/23/2020,MHK,KS,ACE,CE,Federal Contract Tower,2,4,11,9,26,0,0,15,1,16,2,4,26,10,42,28,0,28,70
03/24/2020,MHK,KS,ACE,CE,Federal Contract Tower,3,1,15,2,21,0,0,11,4,15,3,1,26,6,36,38,16,54,90
03/25/2020,MHK,KS,ACE,CE,Federal Contract Tower,2,3,14,3,22,0,0,18,12,30,2,3,32,15,52,2,58,60,112
03/26/2020,MHK,KS,ACE,CE,Federal Contract Tower,2,4,13,2,21,0,0,18,1,19,2,4,31,3,40,78,0,78,118
03/27/2020,MHK,KS,ACE,CE,Federal Contract Tower,2,2,2,2,8,0,0,0,2,2,2,2,2,4,10,0,0,0,10
03/28/2020,MHK,KS,ACE,CE,Federal Contract Tower,2,2,2,0,6,0,0,6,0,6,2,2,8,0,12,2,0,2,14
03/29/2020,MHK,KS,ACE,CE,Federal Contract Tower,2,1,2,0,5,0,0,48,0,48,2,1,50,0,53,36,0,36,89
03/30/2020,MHK,KS,ACE,CE,Federal Contract Tower,2,2,6,2,12,2,0,23,6,31,4,2,29,8,43,30,20,50,93
03/31/2020,MHK,KS,ACE,CE,Federal Contract Tower,2,3,8,0,13,2,0,34,0,36,4,3,42,0,49,60,0,60,109
04/01/2020,MHK,KS,ACE,CE,Federal Contract Tower,2,3,6,4,15,0,1,13,0,14,2,4,19,4,29,22,0,22,51
04/02/2020,MHK,KS,ACE,CE,Federal Contract Tower,0,4,8,0,12,0,2,22,0,24,0,6,30,0,36,46,0,46,82
04/03/2020,MHK,KS,ACE,CE,Federal Contract Tower,1,0,0,0,1,0,0,22,0,22,1,0,22,0,23,20,0,20,43
04/04/2020,MHK,KS,ACE,CE,Federal Contract Tower,0,2,1,2,5,0,2,51,0,53,0,4,52,2,58,76,0,76,134
04/05/2020,MHK,KS,ACE,CE,Federal Contract Tower,0,0,7,0,7,0,0,9,0,9,0,0,16,0,16,8,0,8,24
04/06/2020,MHK,KS,ACE,CE,Federal Contract Tower,1,0,9,0,10,0,0,22,0,22,1,0,31,0,32,34,0,34,66
04/07/2020,MHK,KS,ACE,CE,Federal Contract Tower,0,2,25,0,27,0,4,73,4,81,0,6,98,4,108,84,0,84,192
04/08/2020,MHK,KS,ACE,CE,Federal Contract Tower,0,2,15,2,19,0,2,32,2,36,0,4,47,4,55,42,0,42,97
04/09/2020,MHK,KS,ACE,CE,Federal Contract Tower,0,2,2,0,4,0,4,20,0,24,0,6,22,0,28,34,0,34,62
04/10/2020,MHK,KS,ACE,CE,Federal Contract Tower,1,2,6,0,9,0,0,23,2,25,1,2,29,2,34,48,2,50,84
04/11/2020,MHK,KS,ACE,CE,Federal Contract Tower,0,0,3,0,3,0,2,20,0,22,0,2,23,0,25,50,0,50,75
04/12/2020,MHK,KS,ACE,CE,Federal Contract Tower,0,2,0,0,2,0,0,0,0,0,0,2,0,0,2,0,0,0,2
04/13/2020,MHK,KS,ACE,CE,Federal Contract Tower,0,2,22,0,24,0,0,36,2,38,0,2,58,2,62,24,10,34,96
04/14/2020,MHK,KS,ACE,CE,Federal Contract Tower,0,2,2,3,7,0,1,24,2,27,0,3,26,5,34,36,0,36,70
04/15/2020,MHK,KS,ACE,CE,Federal Contract Tower,0,4,6,4,14,0,0,45,5,50,0,4,51,9,64,46,12,58,122
04/16/2020,MHK,KS,ACE,CE,Federal Contract Tower,0,2,0,0,2,0,0,0,0,0,0,2,0,0,2,0,0,0,2
04/17/2020,MHK,KS,ACE,CE,Federal Contract Tower,5,2,2,0,9,0,0,29,0,29,5,2,31,0,38,50,0,50,88
04/18/2020,MHK,KS,ACE,CE,Federal Contract Tower,0,0,0,2,2,0,0,22,0,22,0,0,22,2,24,26,0,26,50
04/19/2020,MHK,KS,ACE,CE,Federal Contract Tower,0,2,0,0,2,0,0,35,0,35,0,2,35,0,37,80,0,80,117
04/20/2020,MHK,KS,ACE,CE,Federal Contract Tower,0,3,4,1,8,0,0,21,13,34,0,3,25,14,42,68,60,128,170
04/21/2020,MHK,KS,ACE,CE,Federal Contract Tower,0,0,18,2,20,0,0,58,6,64,0,0,76,8,84,66,40,106,190
04/22/2020,MHK,KS,ACE,CE,Federal Contract Tower,0,2,6,2,10,0,0,12,0,12,0,2,18,2,22,22,0,22,44
04/23/2020,MHK,KS,ACE,CE,Federal Contract Tower,0,4,4,1,9,0,0,26,3,29,0,4,30,4,38,32,0,32,70
04/24/2020,MHK,KS,ACE,CE,Federal Contract Tower,0,2,6,2,10,0,0,2,0,2,0,2,8,2,12,0,0,0,12
04/25/2020,MHK,KS,ACE,CE,Federal Contract Tower,0,0,3,0,3,0,0,41,0,41,0,0,44,0,44,30,0,30,74
04/26/2020,MHK,KS,ACE,CE,Federal Contract Tower,0,2,1,2,5,0,0,32,0,32,0,2,33,2,37,16,0,16,53
04/27/2020,MHK,KS,ACE,CE,Federal Contract Tower,0,0,7,10,17,0,0,31,22,53,0,0,38,32,70,26,80,106,176
04/28/2020,MHK,KS,ACE,CE,Federal Contract Tower,0,2,4,2,8,0,0,15,0,15,0,2,19,2,23,38,0,38,61
04/29/2020,MHK,KS,ACE,CE,Federal Contract Tower,0,2,3,12,17,0,0,18,8,26,0,2,21,20,43,0,22,22,65
04/30/2020,MHK,KS,ACE,CE,Federal Contract Tower,0,3,6,1,10,0,0,31,7,38,0,3,37,8,48,48,10,58,106
05/01/2020,MHK,KS,ACE,CE,Federal Contract Tower,0,3,5,0,8,0,0,39,2,41,0,3,44,2,49,46,0,46,95
05/02/2020,MHK,KS,ACE,CE,Federal Contract Tower,1,2,3,0,6,0,0,31,0,31,1,2,34,0,37,26,0,26,63
05/03/2020,MHK,KS,ACE,CE,Federal Contract Tower,0,2,3,0,5,0,0,36,0,36,0,2,39,0,41,32,0,32,73
05/04/2020,MHK,KS,ACE,CE,Federal Contract Tower,2,4,4,7,17,0,0,5,11,16,2,4,9,18,33,16,40,56,89
05/05/2020,MHK,KS,ACE,CE,Federal Contract Tower,0,0,25,6,31,0,0,30,12,42,0,0,55,18,73,32,44,76,149
05/06/2020,MHK,KS,ACE,CE,Federal Contract Tower,7,2,33,6,48,0,0,37,13,50,7,2,70,19,98,34,32,66,164
05/07/2020,MHK,KS,ACE,CE,Federal Contract Tower,0,5,5,4,14,0,0,10,0,10,0,5,15,4,24,42,0,42,66
05/08/2020,MHK,KS,ACE,CE,Federal Contract Tower,1,1,6,4,12,0,0,33,5,38,1,1,39,9,50,24,0,24,74
05/09/2020,MHK,KS,ACE,CE,Federal Contract Tower,0,2,4,0,6,0,1,37,1,39,0,3,41,1,45,18,0,18,63
05/10/2020,MHK,KS,ACE,CE,Federal Contract Tower,0,2,6,0,8,0,0,21,0,21,0,2,27,0,29,0,0,0,29
05/11/2020,MHK,KS,ACE,CE,Federal Contract Tower,0,4,3,2,9,0,0,8,0,8,0,4,11,2,17,12,0,12,29
05/12/2020,MHK,KS,ACE,CE,Federal Contract Tower,0,2,13,11,26,0,0,15,5,20,0,2,28,16,46,66,6,72,118
05/13/2020,MHK,KS,ACE,CE,Federal Contract Tower,4,2,5,2,13,0,0,0,0,0,4,2,5,2,13,0,0,0,13
05/14/2020,MHK,KS,ACE,CE,Federal Contract Tower,0,2,8,4,14,0,0,32,0,32,0,2,40,4,46,46,0,46,92
05/15/2020,MHK,KS,ACE,CE,Federal Contract Tower,0,4,2,5,11,0,0,15,1,16,0,4,17,6,27,58,0,58,85
05/16/2020,MHK,KS,ACE,CE,Federal Contract Tower,0,3,0,0,3,0,0,15,0,15,0,3,15,0,18,48,0,48,66
05/17/2020,MHK,KS,ACE,CE,Federal Contract Tower,0,4,3,0,7,0,0,9,0,9,0,4,12,0,16,0,0,0,16
05/18/2020,MHK,KS,ACE,CE,Federal Contract Tower,0,3,7,8,18,0,0,23,23,46,0,3,30,31,64,48,8,56,120
05/19/2020,MHK,KS,ACE,CE,Federal Contract Tower,0,4,1,5,10,0,0,31,20,51,0,4,32,25,61,36,32,68,129
05/20/2020,MHK,KS,ACE,CE,Federal Contract Tower,0,2,8,10,20,0,0,40,24,64,0,2,48,34,84,86,50,136,220
05/21/2020,MHK,KS,ACE,CE,Federal Contract Tower,4,2,11,2,19,0,0,5,2,7,4,2,16,4,26,4,0,4,30
05/22/2020,MHK,KS,ACE,CE,Federal Contract Tower,0,2,2,0,4,0,0,24,20,44,0,2,26,20,48,44,0,44,92
05/23/2020,MHK,KS,ACE,CE,Federal Contract Tower,0,2,9,0,11,0,0,78,0,78,0,2,87,0,89,114,0,114,203
05/24/2020,MHK,KS,ACE,CE,Federal Contract Tower,0,2,0,0,2,0,0,14,0,14,0,2,14,0,16,22,0,22,38
05/25/2020,MHK,KS,ACE,CE,Federal Contract Tower,0,2,2,2,6,0,0,17,0,17,0,2,19,2,23,16,0,16,39
05/26/2020,MHK,KS,ACE,CE,Federal Contract Tower,0,2,7,10,19,0,0,5,6,11,0,2,12,16,30,22,32,54,84
05/27/2020,MHK,KS,ACE,CE,Federal Contract Tower,0,6,17,6,29,0,0,23,11,34,0,6,40,17,63,60,32,92,155
05/28/2020,MHK,KS,ACE,CE,Federal Contract Tower,2,3,10,2,17,0,0,12,6,18,2,3,22,8,35,22,6,28,63
05/29/2020,MHK,KS,ACE,CE,Federal Contract Tower,0,2,9,2,13,0,2,73,0,75,0,4,82,2,88,110,0,110,198
05/30/2020,MHK,KS,ACE,CE,Federal Contract Tower,0,2,0,2,4,0,0,78,0,78,0,2,78,2,82,74,0,74,156
05/31/2020,MHK,KS,ACE,CE,Federal Contract Tower,0,2,2,0,4,0,0,36,0,36,0,2,38,0,40,38,0,38,78
06/01/2020,MHK,KS,ACE,CE,Federal Contract Tower,0,2,14,10,26,0,0,11,3,14,0,2,25,13,40,0,6,6,46
06/02/2020,MHK,KS,ACE,CE,Federal Contract Tower,0,3,14,3,20,0,3,30,20,53,0,6,44,23,73,44,0,44,117
06/03/2020,MHK,KS,ACE,CE,Federal Contract Tower,2,3,17,6,28,0,0,39,4,43,2,3,56,10,71,70,34,104,175
06/04/2020,MHK,KS,ACE,CE,Federal Contract Tower,1,3,3,8,15,0,0,27,7,34,1,3,30,15,49,22,38,60,109
06/05/2020,MHK,KS,ACE,CE,Federal Contract Tower,1,1,6,0,8,0,0,52,0,52,1,1,58,0,60,84,0,84,144
06/06/2020,MHK,KS,ACE,CE,Federal Contract Tower,3,1,9,2,15,0,0,58,0,58,3,1,67,2,73,60,0,60,133
06/07/2020,MHK,KS,ACE,CE,Federal Contract Tower,1,1,3,0,5,0,0,24,0,24,1,1,27,0,29,6,0,6,35
06/08/2020,MHK,KS,ACE,CE,Federal Contract Tower,2,0,26,3,31,0,0,27,6,33,2,0,53,9,64,30,28,58,122
06/09/2020,MHK,KS,ACE,CE,Federal Contract Tower,2,4,14,3,23,0,2,19,2,23,2,6,33,5,46,30,2,32,78
06/10/2020,MHK,KS,ACE,CE,Federal Contract Tower,2,0,6,10,18,0,0,1,10,11,2,0,7,20,29,0,4,4,33
06/11/2020,MHK,KS,ACE,CE,Federal Contract Tower,1,3,20,2,26,0,0,51,5,56,1,3,71,7,82,88,12,100,182
06/12/2020,MHK,KS,ACE,CE,Federal Contract Tower,2,0,5,0,7,0,0,52,0,52,2,0,57,0,59,70,0,70,129
06/13/2020,MHK,KS,ACE,CE,Federal Contract Tower,2,0,6,0,8,0,0,34,0,34,2,0,40,0,42,56,0,56,98
06/14/2020,MHK,KS,ACE,CE,Federal Contract Tower,2,2,5,0,9,0,0,17,0,17,2,2,22,0,26,4,0,4,30
06/15/2020,MHK,KS,ACE,CE,Federal Contract Tower,2,0,5,2,9,0,0,15,5,20,2,0,20,7,29,20,6,26,55
06/16/2020,MHK,KS,ACE,CE,Federal Contract Tower,2,3,10,0,15,0,0,32,9,41,2,3,42,9,56,78,30,108,164
06/17/2020,MHK,KS,ACE,CE,Federal Contract Tower,2,0,5,7,14,0,2,14,4,20,2,2,19,11,34,18,28,46,80
06/18/2020,MHK,KS,ACE,CE,Federal Contract Tower,2,0,2,0,4,0,0,12,7,19,2,0,14,7,23,18,6,24,47
06/19/2020,MHK,KS,ACE,CE,Federal Contract Tower,4,0,5,0,9,0,0,13,0,13,4,0,18,0,22,20,0,20,42
06/20/2020,MHK,KS,ACE,CE,Federal Contract Tower,2,0,9,0,11,0,0,43,0,43,2,0,52,0,54,78,0,78,132
06/21/2020,MHK,KS,ACE,CE,Federal Contract Tower,4,0,7,0,11,0,0,20,0,20,4,0,27,0,31,18,0,18,49
06/22/2020,MHK,KS,ACE,CE,Federal Contract Tower,2,0,15,1,18,0,0,24,0,24,2,0,39,1,42,16,0,16,58
06/23/2020,MHK,KS,ACE,CE,Federal Contract Tower,2,3,15,5,25,0,0,50,6,56,2,3,65,11,81,26,16,42,123
06/24/2020,MHK,KS,ACE,CE,Federal Contract Tower,2,5,13,8,28,0,0,40,6,46,2,5,53,14,74,18,0,18,92
06/25/2020,MHK,KS,ACE,CE,Federal Contract Tower,2,0,14,3,19,0,0,30,3,33,2,0,44,6,52,0,12,12,64
06/26/2020,MHK,KS,ACE,CE,Federal Contract Tower,2,0,6,2,10,0,0,31,4,35,2,0,37,6,45,90,0,90,135
06/27/2020,MHK,KS,ACE,CE,Federal Contract Tower,2,2,5,0,9,0,0,37,0,37,2,2,42,0,46,104,0,104,150
06/28/2020,MHK,KS,ACE,CE,Federal Contract Tower,2,2,3,0,7,0,0,24,0,24,2,2,27,0,31,8,0,8,39
06/29/2020,MHK,KS,ACE,CE,Federal Contract Tower,4,0,9,0,13,0,0,12,1,13,4,0,21,1,26,4,4,8,34
06/30/2020,MHK,KS,ACE,CE,Federal Contract Tower,2,2,27,0,31,0,2,24,1,27,2,4,51,1,58,12,0,12,70
07/01/2020,MHK,KS,ACE,CE,Federal Contract Tower,2,6,13,2,23,0,0,44,2,46,2,6,57,4,69,40,0,40,109
07/02/2020,MHK,KS,ACE,CE,Federal Contract Tower,2,0,8,0,10,0,4,43,2,49,2,4,51,2,59,72,0,72,131
07/03/2020,MHK,KS,ACE,CE,Federal Contract Tower,2,3,5,0,10,0,0,42,0,42,2,3,47,0,52,96,0,96,148
07/04/2020,MHK,KS,ACE,CE,Federal Contract Tower,2,0,2,0,4,0,0,16,0,16,2,0,18,0,20,28,0,28,48
07/05/2020,MHK,KS,ACE,CE,Federal Contract Tower,2,5,10,0,17,0,0,13,0,13,2,5,23,0,30,22,0,22,52
07/06/2020,MHK,KS,ACE,CE,Federal Contract Tower,2,0,7,0,9,0,0,42,0,42,2,0,49,0,51,42,0,42,93
07/07/2020,MHK,KS,ACE,CE,Federal Contract Tower,3,1,5,5,14,0,0,36,3,39,3,1,41,8,53,36,0,36,89
07/08/2020,MHK,KS,ACE,CE,Federal Contract Tower,4,2,4,6,16,0,0,46,0,46,4,2,50,6,62,30,0,30,92
07/09/2020,MHK,KS,ACE,CE,Federal Contract Tower,4,4,6,4,18,0,0,34,6,40,4,4,40,10,58,52,22,74,132
07/10/2020,MHK,KS,ACE,CE,Federal Contract Tower,3,3,6,1,13,0,0,36,2,38,3,3,42,3,51,52,0,52,103
07/11/2020,MHK,KS,ACE,CE,Federal Contract Tower,3,1,0,2,6,0,0,60,0,60,3,1,60,2,66,108,0,108,174
07/12/2020,MHK,KS,ACE,CE,Federal Contract Tower,6,0,3,0,9,26,0,0,0,26,32,0,3,0,35,6,0,6,41
07/13/2020,MHK,KS,ACE,CE,Federal Contract Tower,6,0,7,0,13,0,0,28,0,28,6,0,35,0,41,18,0,18,59
07/14/2020,MHK,KS,ACE,CE,Federal Contract Tower,3,0,4,0,7,0,4,27,12,43,3,4,31,12,50,32,14,46,96
07/15/2020,MHK,KS,ACE,CE,Federal Contract Tower,2,1,2,6,11,0,0,0,3,3,2,1,2,9,14,0,0,0,14
07/16/2020,MHK,KS,ACE,CE,Federal Contract Tower,8,0,1,1,10,0,0,16,0,16,8,0,17,1,26,2,0,2,28
07/17/2020,MHK,KS,ACE,CE,Federal Contract Tower,6,0,6,2,14,0,0,34,0,34,6,0,40,2,48,68,0,68,116
07/18/2020,MHK,KS,ACE,CE,Federal Contract Tower,4,0,2,0,6,0,0,28,0,28,4,0,30,0,34,10,0,10,44
07/19/2020,MHK,KS,ACE,CE,Federal Contract Tower,6,0,4,0,10,0,0,26,0,26,6,0,30,0,36,10,0,10,46
07/20/2020,MHK,KS,ACE,CE,Federal Contract Tower,3,2,8,0,13,0,0,9,2,11,3,2,17,2,24,8,0,8,32
07/21/2020,MHK,KS,ACE,CE,Federal Contract Tower,2,5,8,4,19,0,0,19,1,20,2,5,27,5,39,24,8,32,71
07/22/2020,MHK,KS,ACE,CE,Federal Contract Tower,2,2,8,5,17,0,0,50,0,50,2,2,58,5,67,94,0,94,161
07/23/2020,MHK,KS,ACE,CE,Federal Contract Tower,3,3,15,4,25,0,0,42,9,51,3,3,57,13,76,70,4,74,150
07/24/2020,MHK,KS,ACE,CE,Federal Contract Tower,3,4,12,2,21,0,0,47,0,47,3,4,59,2,68,118,20,138,206
07/25/2020,MHK,KS,ACE,CE,Federal Contract Tower,3,1,5,0,9,0,0,38,0,38,3,1,43,0,47,36,0,36,83
07/26/2020,MHK,KS,ACE,CE,Federal Contract Tower,5,1,6,0,12,0,0,36,0,36,5,1,42,0,48,36,0,36,84
07/27/2020,MHK,KS,ACE,CE,Federal Contract Tower,6,0,9,2,17,0,0,5,3,8,6,0,14,5,25,6,12,18,43
07/28/2020,MHK,KS,ACE,CE,Federal Contract Tower,3,4,10,5,22,0,0,21,2,23,3,4,31,7,45,34,0,34,79
07/29/2020,MHK,KS,ACE,CE,Federal Contract Tower,3,0,10,2,15,0,0,2,0,2,3,0,12,2,17,0,0,0,17
07/30/2020,MHK,KS,ACE,CE,Federal Contract Tower,3,0,0,0,3,0,0,0,6,6,3,0,0,6,9,0,0,0,9
07/31/2020,MHK,KS,ACE,CE,Federal Contract Tower,3,2,16,1,22,0,0,23,2,25,3,2,39,3,47,2,0,2,49
08/01/2020,MHK,KS,ACE,CE,Federal Contract Tower,3,0,4,0,7,0,0,58,12,70,3,0,62,12,77,58,0,58,135
08/02/2020,MHK,KS,ACE,CE,Federal Contract Tower,3,0,2,2,7,0,0,39,0,39,3,0,41,2,46,38,0,38,84
08/03/2020,MHK,KS,ACE,CE,Federal Contract Tower,3,0,4,5,12,0,0,32,10,42,3,0,36,15,54,62,0,62,116
08/04/2020,MHK,KS,ACE,CE,Federal Contract Tower,2,0,21,5,28,0,0,41,2,43,2,0,62,7,71,50,0,50,121
08/05/2020,MHK,KS,ACE,CE,Federal Contract Tower,4,0,14,2,20,0,0,43,9,52,4,0,57,11,72,54,0,54,126
08/06/2020,MHK,KS,ACE,CE,Federal Contract Tower,5,2,15,4,26,0,0,35,2,37,5,2,50,6,63,38,0,38,101
08/07/2020,MHK,KS,ACE,CE,Federal Contract Tower,3,0,5,0,8,0,0,14,0,14,3,0,19,0,22,16,0,16,38
08/08/2020,MHK,KS,ACE,CE,Federal Contract Tower,3,2,7,0,12,0,0,49,0,49,3,2,56,0,61,60,0,60,121
08/09/2020,MHK,KS,ACE,CE,Federal Contract Tower,3,0,6,0,9,0,0,21,0,21,3,0,27,0,30,4,0,4,34
08/10/2020,MHK,KS,ACE,CE,Federal Contract Tower,3,0,14,2,19,0,0,18,1,19,3,0,32,3,38,46,2,48,86
08/11/2020,MHK,KS,ACE,CE,Federal Contract Tower,2,0,34,5,41,0,2,45,15,62,2,2,79,20,103,24,2,26,129
08/12/2020,MHK,KS,ACE,CE,Federal Contract Tower,2,2,23,6,33,0,0,30,2,32,2,2,53,8,65,42,0,42,107
08/13/2020,MHK,KS,ACE,CE,Federal Contract Tower,5,3,21,7,36,0,1,44,1,46,5,4,65,8,82,26,0,26,108
08/14/2020,MHK,KS,ACE,CE,Federal Contract Tower,3,2,28,1,34,0,0,43,0,43,3,2,71,1,77,68,0,68,145
08/15/2020,MHK,KS,ACE,CE,Federal Contract Tower,3,1,4,0,8,0,0,60,0,60,3,1,64,0,68,16,0,16,84
08/16/2020,MHK,KS,ACE,CE,Federal Contract Tower,2,0,10,0,12,0,0,48,0,48,2,0,58,0,60,24,0,24,84
08/17/2020,MHK,KS,ACE,CE,Federal Contract Tower,3,0,19,0,22,0,0,40,0,40,3,0,59,0,62,4,0,4,66
08/18/2020,MHK,KS,ACE,CE,Federal Contract Tower,2,0,27,4,33,0,0,38,3,41,2,0,65,7,74,28,10,38,112
08/19/2020,MHK,KS,ACE,CE,Federal Contract Tower,2,0,12,6,20,0,2,34,14,50,2,2,46,20,70,30,0,30,100
08/20/2020,MHK,KS,ACE,CE,Federal Contract Tower,3,0,13,3,19,0,0,45,10,55,3,0,58,13,74,68,4,72,146
08/21/2020,MHK,KS,ACE,CE,Federal Contract Tower,3,0,3,2,8,0,0,46,12,58,3,0,49,14,66,54,0,54,120
08/22/2020,MHK,KS,ACE,CE,Federal Contract Tower,3,2,1,0,6,0,0,42,4,46,3,2,43,4,52,70,0,70,122
08/23/2020,MHK,KS,ACE,CE,Federal Contract Tower,3,0,7,0,10,0,0,40,2,42,3,0,47,2,52,42,0,42,94
08/24/2020,MHK,KS,ACE,CE,Federal Contract Tower,3,0,14,1,18,0,2,47,22,71,3,2,61,23,89,46,20,66,155
08/25/2020,MHK,KS,ACE,CE,Federal Contract Tower,2,3,2,0,7,0,2,44,15,61,2,5,46,15,68,26,6,32,100
08/26/2020,MHK,KS,ACE,CE,Federal Contract Tower,2,3,8,0,13,0,0,26,29,55,2,3,34,29,68,38,10,48,116
08/27/2020,MHK,KS,ACE,CE,Federal Contract Tower,3,2,13,4,22,0,2,39,0,41,3,4,52,4,63,58,0,58,121
08/28/2020,MHK,KS,ACE,CE,Federal Contract Tower,3,4,6,0,13,0,2,31,2,35,3,6,37,2,48,34,10,44,92
08/29/2020,MHK,KS,ACE,CE,Federal Contract Tower,3,0,12,0,15,0,0,27,0,27,3,0,39,0,42,40,0,40,82
08/30/2020,MHK,KS,ACE,CE,Federal Contract Tower,3,2,9,0,14,0,0,34,0,34,3,2,43,0,48,26,0,26,74
08/31/2020,MHK,KS,ACE,CE,Federal Contract Tower,5,3,5,2,15,0,4,22,0,26,5,7,27,2,41,36,0,36,77
09/01/2020,MHK,KS,ACE,CE,Federal Contract Tower,2,0,12,4,18,0,0,28,0,28,2,0,40,4,46,46,0,46,92
09/02/2020,MHK,KS,ACE,CE,Federal Contract Tower,13,3,5,0,21,0,0,41,0,41,13,3,46,0,62,94,0,94,156
09/03/2020,MHK,KS,ACE,CE,Federal Contract Tower,10,0,15,0,25,0,2,35,0,37,10,2,50,0,62,72,0,72,134
09/04/2020,MHK,KS,ACE,CE,Federal Contract Tower,15,6,8,0,29,0,2,33,0,35,15,8,41,0,64,68,0,68,132
09/05/2020,MHK,KS,ACE,CE,Federal Contract Tower,14,0,7,2,23,0,0,48,0,48,14,0,55,2,71,44,0,44,115
09/06/2020,MHK,KS,ACE,CE,Federal Contract Tower,4,0,1,0,5,0,0,3,0,3,4,0,4,0,8,0,0,0,8
09/07/2020,MHK,KS,ACE,CE,Federal Contract Tower,3,2,3,0,8,0,0,44,0,44,3,2,47,0,52,60,0,60,112
09/08/2020,MHK,KS,ACE,CE,Federal Contract Tower,2,4,2,0,8,0,0,0,0,0,2,4,2,0,8,0,0,0,8
09/09/2020,MHK,KS,ACE,CE,Federal Contract Tower,3,5,2,2,12,0,0,0,0,0,3,5,2,2,12,0,0,0,12
09/10/2020,MHK,KS,ACE,CE,Federal Contract Tower,3,5,2,2,12,0,0,0,0,0,3,5,2,2,12,0,0,0,12
09/11/2020,MHK,KS,ACE,CE,Federal Contract Tower,4,11,17,8,40,0,0,6,0,6,4,11,23,8,46,24,0,24,70
09/12/2020,MHK,KS,ACE,CE,Federal Contract Tower,4,2,14,0,20,0,0,36,0,36,4,2,50,0,56,64,0,64,120
09/13/2020,MHK,KS,ACE,CE,Federal Contract Tower,3,1,2,0,6,0,0,52,0,52,3,1,54,0,58,56,0,56,114
09/14/2020,MHK,KS,ACE,CE,Federal Contract Tower,3,2,13,0,18,0,0,47,2,49,3,2,60,2,67,84,0,84,151
09/15/2020,MHK,KS,ACE,CE,Federal Contract Tower,4,2,10,3,19,0,0,58,7,65,4,2,68,10,84,140,0,140,224
09/16/2020,MHK,KS,ACE,CE,Federal Contract Tower,3,0,14,0,17,0,4,47,0,51,3,4,61,0,68,96,0,96,164
09/17/2020,MHK,KS,ACE,CE,Federal Contract Tower,3,2,18,5,28,0,2,43,7,52,3,4,61,12,80,70,0,70,150
09/18/2020,MHK,KS,ACE,CE,Federal Contract Tower,3,6,8,2,19,0,0,41,0,41,3,6,49,2,60,68,0,68,128
09/19/2020,MHK,KS,ACE,CE,Federal Contract Tower,3,0,2,0,5,0,0,41,0,41,3,0,43,0,46,30,0,30,76
09/20/2020,MHK,KS,ACE,CE,Federal Contract Tower,3,3,4,2,12,0,0,21,0,21,3,3,25,2,33,6,0,6,39
09/21/2020,MHK,KS,ACE,CE,Federal Contract Tower,3,1,7,0,11,0,0,20,12,32,3,1,27,12,43,36,6,42,85
09/22/2020,MHK,KS,ACE,CE,Federal Contract Tower,4,0,11,8,23,0,0,36,5,41,4,0,47,13,64,64,18,82,146
09/23/2020,MHK,KS,ACE,CE,Federal Contract Tower,3,4,11,12,30,0,0,18,4,22,3,4,29,16,52,36,0,36,88
09/24/2020,MHK,KS,ACE,CE,Federal Contract Tower,3,2,14,4,23,0,2,42,5,49,3,4,56,9,72,26,8,34,106
09/25/2020,MHK,KS,ACE,CE,Federal Contract Tower,3,0,27,2,32,0,2,35,0,37,3,2,62,2,69,38,0,38,107
09/26/2020,MHK,KS,ACE,CE,Federal Contract Tower,5,0,7,1,13,0,2,15,1,18,5,2,22,2,31,6,10,16,47
09/27/2020,MHK,KS,ACE,CE,Federal Contract Tower,5,0,5,0,10,0,0,16,0,16,5,0,21,0,26,4,0,4,30
09/28/2020,MHK,KS,ACE,CE,Federal Contract Tower,3,4,10,3,20,0,0,36,8,44,3,4,46,11,64,8,10,18,82
09/29/2020,MHK,KS,ACE,CE,Federal Contract Tower,6,0,6,12,24,0,0,37,2,39,6,0,43,14,63,20,14,34,97
09/30/2020,MHK,KS,ACE,CE,Federal Contract Tower,3,2,8,0,13,0,0,21,6,27,3,2,29,6,40,0,0,0,40
10/01/2020,MHK,KS,ACE,CE,Federal Contract Tower,3,1,17,3,24,0,2,31,7,40,3,3,48,10,64,22,20,42,106
10/02/2020,MHK,KS,ACE,CE,Federal Contract Tower,4,2,11,1,18,0,0,52,21,73,4,2,63,22,91,38,0,38,129
10/03/2020,MHK,KS,ACE,CE,Federal Contract Tower,6,3,11,0,20,0,0,32,2,34,6,3,43,2,54,8,0,8,62
10/04/2020,MHK,KS,ACE,CE,Federal Contract Tower,3,2,4,0,9,0,0,39,0,39,3,2,43,0,48,48,0,48,96
10/05/2020,MHK,KS,ACE,CE,Federal Contract Tower,9,0,6,2,17,0,0,12,3,15,9,0,18,5,32,10,16,26,58
10/06/2020,MHK,KS,ACE,CE,Federal Contract Tower,11,0,10,0,21,0,0,50,0,50,11,0,60,0,71,110,0,110,181
10/07/2020,MHK,KS,ACE,CE,Federal Contract Tower,20,0,9,4,33,0,0,44,2,46,20,0,53,6,79,92,0,92,171
10/08/2020,MHK,KS,ACE,CE,Federal Contract Tower,20,4,17,0,41,0,0,34,0,34,20,4,51,0,75,26,0,26,101
10/09/2020,MHK,KS,ACE,CE,Federal Contract Tower,5,0,15,0,20,0,0,41,0,41,5,0,56,0,61,24,0,24,85
10/10/2020,MHK,KS,ACE,CE,Federal Contract Tower,3,0,13,1,17,0,0,23,0,23,3,0,36,1,40,52,0,52,92
10/11/2020,MHK,KS,ACE,CE,Federal Contract Tower,3,2,2,3,10,0,0,13,0,13,3,2,15,3,23,0,0,0,23
10/12/2020,MHK,KS,ACE,CE,Federal Contract Tower,3,2,1,0,6,0,0,54,0,54,3,2,55,0,60,18,0,18,78
10/13/2020,MHK,KS,ACE,CE,Federal Contract Tower,4,2,19,1,26,0,0,54,1,55,4,2,73,2,81,16,0,16,97
10/14/2020,MHK,KS,ACE,CE,Federal Contract Tower,4,0,9,7,20,0,0,32,3,35,4,0,41,10,55,38,0,38,93
10/15/2020,MHK,KS,ACE,CE,Federal Contract Tower,4,4,22,1,31,0,2,34,7,43,4,6,56,8,74,42,2,44,118
10/16/2020,MHK,KS,ACE,CE,Federal Contract Tower,3,1,13,0,17,0,0,42,2,44,3,1,55,2,61,38,0,38,99
10/17/2020,MHK,KS,ACE,CE,Federal Contract Tower,3,1,6,0,10,0,0,5,0,5,3,1,11,0,15,4,0,4,19
10/18/2020,MHK,KS,ACE,CE,Federal Contract Tower,3,1,4,2,10,0,0,25,0,25,3,1,29,2,35,30,0,30,65
10/19/2020,MHK,KS,ACE,CE,Federal Contract Tower,5,2,20,12,39,0,0,15,9,24,5,2,35,21,63,72,0,72,135
10/20/2020,MHK,KS,ACE,CE,Federal Contract Tower,4,0,7,7,18,0,0,15,6,21,4,0,22,13,39,20,10,30,69
10/21/2020,MHK,KS,ACE,CE,Federal Contract Tower,4,0,9,0,13,0,0,8,0,8,4,0,17,0,21,10,0,10,31
10/22/2020,MHK,KS,ACE,CE,Federal Contract Tower,6,2,8,0,16,0,0,7,0,7,6,2,15,0,23,10,0,10,33
10/23/2020,MHK,KS,ACE,CE,Federal Contract Tower,5,3,5,1,14,0,0,7,2,9,5,3,12,3,23,2,0,2,25
10/24/2020,MHK,KS,ACE,CE,Federal Contract Tower,3,8,14,2,27,0,2,20,3,25,3,10,34,5,52,18,0,18,70
10/25/2020,MHK,KS,ACE,CE,Federal Contract Tower,3,2,2,0,7,0,0,0,0,0,3,2,2,0,7,0,0,0,7
10/26/2020,MHK,KS,ACE,CE,Federal Contract Tower,3,0,5,0,8,0,0,5,6,11,3,0,10,6,19,18,30,48,67
10/27/2020,MHK,KS,ACE,CE,Federal Contract Tower,5,1,2,7,15,0,0,26,13,39,5,1,28,20,54,34,28,62,116
10/28/2020,MHK,KS,ACE,CE,Federal Contract Tower,5,2,8,16,31,0,4,46,7,57,5,6,54,23,88,56,4,60,148
10/29/2020,MHK,KS,ACE,CE,Federal Contract Tower,4,12,22,6,44,0,2,37,7,46,4,14,59,13,90,42,10,52,142
10/30/2020,MHK,KS,ACE,CE,Federal Contract Tower,5,0,14,4,23,0,2,50,0,52,5,2,64,4,75,40,0,40,115
10/31/2020,MHK,KS,ACE,CE,Federal Contract Tower,6,1,8,4,19,0,0,24,1,25,6,1,32,5,44,12,0,12,56
11/02/2020,MHK,KS,ACE,CE,Federal Contract Tower,3,0,4,5,12,0,0,34,11,45,3,0,38,16,57,28,4,32,89
11/03/2020,MHK,KS,ACE,CE,Federal Contract Tower,4,0,4,8,16,0,0,37,10,47,4,0,41,18,63,66,32,98,161
11/04/2020,MHK,KS,ACE,CE,Federal Contract Tower,4,2,6,1,13,0,0,20,3,23,4,2,26,4,36,28,26,54,90
11/05/2020,MHK,KS,ACE,CE,Federal Contract Tower,4,0,10,3,17,0,0,50,9,59,4,0,60,12,76,102,32,134,210
11/06/2020,MHK,KS,ACE,CE,Federal Contract Tower,3,5,14,0,22,0,0,26,0,26,3,5,40,0,48,54,0,54,102
11/07/2020,MHK,KS,ACE,CE,Federal Contract Tower,3,5,14,2,24,0,0,23,0,23,3,5,37,2,47,0,0,0,47
11/08/2020,MHK,KS,ACE,CE,Federal Contract Tower,3,5,2,0,10,0,0,1,0,1,3,5,3,0,11,0,0,0,11
11/09/2020,MHK,KS,ACE,CE,Federal Contract Tower,3,0,1,2,6,0,0,3,10,13,3,0,4,12,19,12,74,86,105
11/10/2020,MHK,KS,ACE,CE,Federal Contract Tower,4,0,5,11,20,0,0,5,24,29,4,0,10,35,49,12,40,52,101
11/11/2020,MHK,KS,ACE,CE,Federal Contract Tower,4,0,4,0,8,0,0,95,0,95,4,0,99,0,103,60,0,60,163
11/12/2020,MHK,KS,ACE,CE,Federal Contract Tower,6,2,9,4,21,0,0,41,3,44,6,2,50,7,65,54,0,54,119
11/13/2020,MHK,KS,ACE,CE,Federal Contract Tower,3,4,7,0,14,0,0,54,0,54,3,4,61,0,68,156,0,156,224
11/14/2020,MHK,KS,ACE,CE,Federal Contract Tower,3,2,2,0,7,0,0,8,0,8,3,2,10,0,15,12,0,12,27
11/15/2020,MHK,KS,ACE,CE,Federal Contract Tower,3,0,5,0,8,0,0,16,0,16,3,0,21,0,24,40,0,40,64
11/16/2020,MHK,KS,ACE,CE,Federal Contract Tower,4,0,2,0,6,0,0,49,0,49,4,0,51,0,55,78,0,78,133
11/17/2020,MHK,KS,ACE,CE,Federal Contract Tower,5,2,8,6,21,0,0,21,7,28,5,2,29,13,49,34,10,44,93
11/18/2020,MHK,KS,ACE,CE,Federal Contract Tower,4,2,11,1,18,0,0,8,3,11,4,2,19,4,29,0,10,10,39
11/19/2020,MHK,KS,ACE,CE,Federal Contract Tower,6,2,3,1,12,0,0,37,8,45,6,2,40,9,57,50,0,50,107
11/20/2020,MHK,KS,ACE,CE,Federal Contract Tower,3,2,10,0,15,0,4,60,4,68,3,6,70,4,83,44,0,44,127
11/21/2020,MHK,KS,ACE,CE,Federal Contract Tower,5,0,4,0,9,0,0,21,0,21,5,0,25,0,30,52,0,52,82
11/22/2020,MHK,KS,ACE,CE,Federal Contract Tower,3,2,5,0,10,0,0,42,0,42,3,2,47,0,52,58,0,58,110
11/23/2020,MHK,KS,ACE,CE,Federal Contract Tower,4,2,1,0,7,0,0,6,2,8,4,2,7,2,15,22,0,22,37
11/24/2020,MHK,KS,ACE,CE,Federal Contract Tower,3,2,0,0,5,0,0,0,2,2,3,2,0,2,7,0,0,0,7
11/25/2020,MHK,KS,ACE,CE,Federal Contract Tower,4,4,11,0,19,0,0,13,0,13,4,4,24,0,32,18,0,18,50
11/26/2020,MHK,KS,ACE,CE,Federal Contract Tower,2,0,4,0,6,0,0,17,0,17,2,0,21,0,23,32,0,32,55
11/28/2020,MHK,KS,ACE,CE,Federal Contract Tower,3,0,10,0,13,0,38,0,0,38,3,38,10,0,51,50,0,50,101
11/29/2020,MHK,KS,ACE,CE,Federal Contract Tower,2,3,3,0,8,0,0,6,0,6,2,3,9,0,14,2,0,2,16
11/30/2020,MHK,KS,ACE,CE,Federal Contract Tower,5,1,2,7,15,0,0,82,13,95,5,1,84,20,110,90,20,110,220
12/01/2020,MHK,KS,ACE,CE,Federal Contract Tower,4,4,5,3,16,0,6,46,17,69,4,10,51,20,85,48,2,50,135
12/02/2020,MHK,KS,ACE,CE,Federal Contract Tower,4,0,11,7,22,0,0,44,15,59,4,0,55,22,81,78,20,98,179
12/03/2020,MHK,KS,ACE,CE,Federal Contract Tower,5,0,5,2,12,0,0,39,4,43,5,0,44,6,55,86,6,92,147
12/04/2020,MHK,KS,ACE,CE,Federal Contract Tower,4,3,8,0,15,0,0,60,0,60,4,3,68,0,75,84,0,84,159
12/05/2020,MHK,KS,ACE,CE,Federal Contract Tower,5,8,25,0,38,0,0,42,0,42,5,8,67,0,80,22,0,22,102
12/06/2020,MHK,KS,ACE,CE,Federal Contract Tower,3,1,1,0,5,0,0,35,0,35,3,1,36,0,40,42,0,42,82
12/07/2020,MHK,KS,ACE,CE,Federal Contract Tower,3,3,2,0,8,0,0,59,6,65,3,3,61,6,73,55,24,79,152
12/08/2020,MHK,KS,ACE,CE,Federal Contract Tower,6,0,2,0,8,0,0,64,16,80,6,0,66,16,88,40,10,50,138
12/09/2020,MHK,KS,ACE,CE,Federal Contract Tower,4,1,10,7,22,0,0,49,24,73,4,1,59,31,95,72,18,90,185
12/10/2020,MHK,KS,ACE,CE,Federal Contract Tower,4,1,4,2,11,0,0,49,9,58,4,1,53,11,69,80,12,92,161
12/11/2020,MHK,KS,ACE,CE,Federal Contract Tower,3,3,0,0,6,0,0,2,0,2,3,3,2,0,8,0,0,0,8
12/12/2020,MHK,KS,ACE,CE,Federal Contract Tower,3,0,3,0,6,0,0,13,0,13,3,0,16,0,19,100,0,100,119
12/13/2020,MHK,KS,ACE,CE,Federal Contract Tower,5,0,6,2,13,0,0,54,0,54,5,0,60,2,67,86,0,86,153
12/14/2020,MHK,KS,ACE,CE,Federal Contract Tower,5,2,2,8,17,0,0,42,0,42,5,2,44,8,59,126,0,126,185
12/15/2020,MHK,KS,ACE,CE,Federal Contract Tower,4,0,4,0,8,0,0,16,2,18,4,0,20,2,26,60,0,60,86
12/16/2020,MHK,KS,ACE,CE,Federal Contract Tower,4,0,9,2,15,0,0,10,2,12,4,0,19,4,27,14,4,18,45
12/17/2020,MHK,KS,ACE,CE,Federal Contract Tower,5,0,8,0,13,0,0,52,12,64,5,0,60,12,77,130,0,130,207
12/18/2020,MHK,KS,ACE,CE,Federal Contract Tower,0,4,8,0,12,0,0,14,0,14,0,4,22,0,26,10,0,10,36
12/19/2020,MHK,KS,ACE,CE,Federal Contract Tower,5,0,3,0,8,0,0,43,0,43,5,0,46,0,51,96,0,96,147
12/20/2020,MHK,KS,ACE,CE,Federal Contract Tower,0,3,3,0,6,0,0,39,0,39,0,3,42,0,45,52,0,52,97
12/21/2020,MHK,KS,ACE,CE,Federal Contract Tower,0,3,3,0,6,0,0,40,0,40,0,3,43,0,46,46,0,46,92
12/22/2020,MHK,KS,ACE,CE,Federal Contract Tower,0,3,5,0,8,0,2,11,2,15,0,5,16,2,23,16,4,20,43
12/23/2020,MHK,KS,ACE,CE,Federal Contract Tower,0,4,0,0,4,0,1,0,0,1,0,5,0,0,5,0,0,0,5
12/24/2020,MHK,KS,ACE,CE,Federal Contract Tower,0,2,0,0,2,0,0,1,0,1,0,2,1,0,3,0,0,0,3
12/25/2020,MHK,KS,ACE,CE,Federal Contract Tower,0,0,2,2,4,0,0,4,0,4,0,0,6,2,8,0,0,0,8
12/26/2020,MHK,KS,ACE,CE,Federal Contract Tower,0,4,2,0,6,0,0,35,0,35,0,4,37,0,41,18,0,18,59
12/27/2020,MHK,KS,ACE,CE,Federal Contract Tower,0,3,3,0,6,0,0,10,0,10,0,3,13,0,16,0,0,0,16
12/28/2020,MHK,KS,ACE,CE,Federal Contract Tower,0,5,4,0,9,0,0,13,0,13,0,5,17,0,22,14,0,14,36
12/29/2020,MHK,KS,ACE,CE,Federal Contract Tower,0,3,0,0,3,0,0,0,0,0,0,3,0,0,3,0,0,0,3
12/30/2020,MHK,KS,ACE,CE,Federal Contract Tower,0,5,2,2,9,0,0,33,0,33,0,5,35,2,42,64,0,64,106
12/31/2020,MHK,KS,ACE,CE,Federal Contract Tower,0,3,2,0,5,0,2,26,0,28,0,5,28,0,33,52,0,52,85
01/01/2021,MHK,KS,ACE,CE,Federal Contract Tower,1,3,1,0,5,0,0,0,0,0,1,3,1,0,5,0,0,0,5
01/02/2021,MHK,KS,ACE,CE,Federal Contract Tower,1,5,7,0,13,0,0,26,0,26,1,5,33,0,39,62,0,62,101
01/03/2021,MHK,KS,ACE,CE,Federal Contract Tower,0,7,7,0,14,0,0,35,0,35,0,7,42,0,49,80,0,80,129
01/04/2021,MHK,KS,ACE,CE,Federal Contract Tower,0,7,2,0,9,0,0,40,2,42,0,7,42,2,51,16,0,16,67
01/05/2021,MHK,KS,ACE,CE,Federal Contract Tower,0,3,7,2,12,0,0,38,11,49,0,3,45,13,61,20,0,20,81
01/06/2021,MHK,KS,ACE,CE,Federal Contract Tower,0,3,16,0,19,0,0,44,4,48,0,3,60,4,67,136,0,136,203
01/07/2021,MHK,KS,ACE,CE,Federal Contract Tower,0,3,0,5,8,0,0,2,15,17,0,3,2,20,25,24,24,48,73
01/08/2021,MHK,KS,ACE,CE,Federal Contract Tower,3,0,5,4,12,0,0,46,2,48,3,0,51,6,60,84,0,84,144
01/09/2021,MHK,KS,ACE,CE,Federal Contract Tower,0,3,6,2,11,0,0,6,0,6,0,3,12,2,17,0,0,0,17
01/10/2021,MHK,KS,ACE,CE,Federal Contract Tower,0,5,2,0,7,0,0,28,0,28,0,5,30,0,35,24,0,24,59
01/11/2021,MHK,KS,ACE,CE,Federal Contract Tower,0,2,20,6,28,0,0,36,19,55,0,2,56,25,83,32,26,58,141
01/12/2021,MHK,KS,ACE,CE,Federal Contract Tower,1,3,26,2,32,0,0,49,30,79,1,3,75,32,111,90,16,106,217
01/13/2021,MHK,KS,ACE,CE,Federal Contract Tower,0,5,2,0,7,0,0,64,34,98,0,5,66,34,105,32,102,134,239
01/14/2021,MHK,KS,ACE,CE,Federal Contract Tower,0,2,2,2,6,0,0,4,12,16,0,2,6,14,22,0,0,0,22
01/15/2021,MHK,KS,ACE,CE,Federal Contract Tower,0,5,0,0,5,0,0,0,3,3,0,5,0,3,8,0,0,0,8
01/16/2021,MHK,KS,ACE,CE,Federal Contract Tower,0,3,2,2,7,0,0,62,1,63,0,3,64,3,70,80,0,80,150
01/17/2021,MHK,KS,ACE,CE,Federal Contract Tower,0,3,2,3,8,0,0,52,0,52,0,3,54,3,60,48,0,48,108
01/18/2021,MHK,KS,ACE,CE,Federal Contract Tower,0,5,4,1,10,0,0,67,0,67,0,5,71,1,77,72,0,72,149
01/19/2021,MHK,KS,ACE,CE,Federal Contract Tower,0,7,5,3,15,0,2,33,13,48,0,9,38,16,63,58,8,66,129
01/20/2021,MHK,KS,ACE,CE,Federal Contract Tower,0,3,11,1,15,0,0,21,7,28,0,3,32,8,43,66,32,98,141
01/21/2021,MHK,KS,ACE,CE,Federal Contract Tower,0,10,6,0,16,0,0,64,0,64,0,10,70,0,80,78,0,78,158
01/22/2021,MHK,KS,ACE,CE,Federal Contract Tower,1,3,2,3,9,0,0,57,1,58,1,3,59,4,67,180,2,182,249
01/23/2021,MHK,KS,ACE,CE,Federal Contract Tower,2,4,7,0,13,0,0,28,0,28,2,4,35,0,41,152,0,152,193
01/24/2021,MHK,KS,ACE,CE,Federal Contract Tower,1,5,4,0,10,0,0,3,0,3,1,5,7,0,13,48,0,48,61
01/25/2021,MHK,KS,ACE,CE,Federal Contract Tower,1,3,0,0,4,0,0,0,0,0,1,3,0,0,4,0,0,0,4
01/26/2021,MHK,KS,ACE,CE,Federal Contract Tower,0,5,0,0,5,0,0,0,0,0,0,5,0,0,5,0,0,0,5
01/27/2021,MHK,KS,ACE,CE,Federal Contract Tower,0,3,4,0,7,0,0,10,0,10,0,3,14,0,17,76,0,76,93
01/28/2021,MHK,KS,ACE,CE,Federal Contract Tower,0,3,4,0,7,0,0,24,0,24,0,3,28,0,31,114,0,114,145
01/29/2021,MHK,KS,ACE,CE,Federal Contract Tower,0,5,5,2,12,0,2,46,6,54,0,7,51,8,66,56,0,56,122
01/30/2021,MHK,KS,ACE,CE,Federal Contract Tower,1,3,6,0,10,0,0,0,0,0,1,3,6,0,10,0,0,0,10
01/31/2021,MHK,KS,ACE,CE,Federal Contract Tower,0,3,2,0,5,0,0,2,0,2,0,3,4,0,7,0,0,0,7
02/01/2021,MHK,KS,ACE,CE,Federal Contract Tower,0,3,1,2,6,0,0,28,0,28,0,3,29,2,34,62,0,62,96
02/02/2021,MHK,KS,ACE,CE,Federal Contract Tower,0,8,6,0,14,0,3,49,0,52,0,11,55,0,66,82,0,82,148
02/03/2021,MHK,KS,ACE,CE,Federal Contract Tower,0,4,4,0,8,0,0,52,6,58,0,4,56,6,66,26,0,26,92
02/04/2021,MHK,KS,ACE,CE,Federal Contract Tower,0,8,6,0,14,0,0,11,0,11,0,8,17,0,25,18,0,18,43
02/05/2021,MHK,KS,ACE,CE,Federal Contract Tower,2,3,9,2,16,0,0,59,1,60,2,3,68,3,76,50,0,50,126
02/06/2021,MHK,KS,ACE,CE,Federal Contract Tower,2,5,2,0,9,0,0,3,14,17,2,5,5,14,26,6,0,6,32
02/07/2021,MHK,KS,ACE,CE,Federal Contract Tower,0,4,1,0,5,0,0,0,0,0,0,4,1,0,5,0,0,0,5
02/08/2021,MHK,KS,ACE,CE,Federal Contract Tower,0,4,6,0,10,0,0,0,0,0,0,4,6,0,10,0,0,0,10
02/09/2021,MHK,KS,ACE,CE,Federal Contract Tower,0,5,4,0,9,0,0,15,0,15,0,5,19,0,24,67,0,67,91
02/10/2021,MHK,KS,ACE,CE,Federal Contract Tower,0,3,3,0,6,0,0,11,0,11,0,3,14,0,17,62,0,62,79
02/11/2021,MHK,KS,ACE,CE,Federal Contract Tower,2,4,2,0,8,0,3,25,0,28,2,7,27,0,36,24,0,24,60
02/12/2021,MHK,KS,ACE,CE,Federal Contract Tower,2,3,4,0,9,0,0,28,0,28,2,3,32,0,37,28,0,28,65
02/13/2021,MHK,KS,ACE,CE,Federal Contract Tower,0,3,2,0,5,0,0,28,0,28,0,3,30,0,33,58,0,58,91
02/14/2021,MHK,KS,ACE,CE,Federal Contract Tower,0,2,0,0,2,0,0,0,0,0,0,2,0,0,2,0,0,0,2
02/15/2021,MHK,KS,ACE,CE,Federal Contract Tower,0,0,2,0,2,0,0,2,0,2,0,0,4,0,4,0,0,0,4
02/16/2021,MHK,KS,ACE,CE,Federal Contract Tower,1,2,4,0,7,0,0,2,0,2,1,2,6,0,9,0,0,0,9
02/17/2021,MHK,KS,ACE,CE,Federal Contract Tower,1,0,0,1,2,0,0,29,1,30,1,0,29,2,32,44,0,44,76
02/18/2021,MHK,KS,ACE,CE,Federal Contract Tower,0,3,5,0,8,0,12,28,0,40,0,15,33,0,48,48,0,48,96
02/19/2021,MHK,KS,ACE,CE,Federal Contract Tower,1,3,8,2,14,0,0,47,8,55,1,3,55,10,69,62,0,62,131
02/20/2021,MHK,KS,ACE,CE,Federal Contract Tower,0,8,8,2,18,0,0,70,0,70,0,8,78,2,88,76,0,76,164
02/21/2021,MHK,KS,ACE,CE,Federal Contract Tower,0,5,0,0,5,0,0,13,0,13,0,5,13,0,18,28,0,28,46
02/22/2021,MHK,KS,ACE,CE,Federal Contract Tower,0,3,5,0,8,0,2,57,3,62,0,5,62,3,70,76,0,76,146
02/23/2021,MHK,KS,ACE,CE,Federal Contract Tower,0,6,7,2,15,0,0,43,4,47,0,6,50,6,62,50,0,50,112
02/24/2021,MHK,KS,ACE,CE,Federal Contract Tower,0,3,11,0,14,0,0,48,2,50,0,3,59,2,64,74,0,74,138
02/25/2021,MHK,KS,ACE,CE,Federal Contract Tower,0,4,9,0,13,0,0,45,0,45,0,4,54,0,58,42,0,42,100
02/26/2021,MHK,KS,ACE,CE,Federal Contract Tower,2,7,3,0,12,0,0,43,0,43,2,7,46,0,55,72,0,72,127
02/27/2021,MHK,KS,ACE,CE,Federal Contract Tower,0,6,2,0,8,0,0,13,0,13,0,6,15,0,21,6,0,6,27
02/28/2021,MHK,KS,ACE,CE,Federal Contract Tower,0,3,8,0,11,0,0,39,0,39,0,3,47,0,50,20,0,20,70
03/01/2021,MHK,KS,ACE,CE,Federal Contract Tower,0,5,4,0,9,0,1,38,2,41,0,6,42,2,50,40,0,40,90
03/02/2021,MHK,KS,ACE,CE,Federal Contract Tower,0,5,8,2,15,0,0,35,0,35,0,5,43,2,50,68,0,68,118
03/03/2021,MHK,KS,ACE,CE,Federal Contract Tower,0,3,7,2,12,0,0,61,0,61,0,3,68,2,73,122,0,122,195
03/04/2021,MHK,KS,ACE,CE,Federal Contract Tower,0,7,7,0,14,0,0,45,6,51,0,7,52,6,65,64,0,64,129
03/05/2021,MHK,KS,ACE,CE,Federal Contract Tower,0,5,13,0,18,0,0,52,0,52,0,5,65,0,70,74,0,74,144
03/06/2021,MHK,KS,ACE,CE,Federal Contract Tower,0,7,7,0,14,0,0,47,2,49,0,7,54,2,63,112,0,112,175
03/07/2021,MHK,KS,ACE,CE,Federal Contract Tower,0,5,2,0,7,0,0,14,0,14,0,5,16,0,21,0,0,0,21
03/08/2021,MHK,KS,ACE,CE,Federal Contract Tower,0,7,4,0,11,0,0,25,7,32,0,7,29,7,43,28,0,28,71
03/09/2021,MHK,KS,ACE,CE,Federal Contract Tower,0,9,5,0,14,0,0,13,3,16,0,9,18,3,30,0,0,0,30
03/10/2021,MHK,KS,ACE,CE,Federal Contract Tower,0,7,4,0,11,0,0,6,0,6,0,7,10,0,17,6,0,6,23
03/11/2021,MHK,KS,ACE,CE,Federal Contract Tower,0,7,8,0,15,0,0,50,2,52,0,7,58,2,67,104,0,104,171
03/12/2021,MHK,KS,ACE,CE,Federal Contract Tower,0,6,9,0,15,0,0,2,0,2,0,6,11,0,17,10,0,10,27
03/13/2021,MHK,KS,ACE,CE,Federal Contract Tower,0,5,10,0,15,0,0,1,0,1,0,5,11,0,16,8,0,8,24
03/14/2021,MHK,KS,ACE,CE,Federal Contract Tower,0,7,2,0,9,0,0,0,0,0,0,7,2,0,9,0,0,0,9
03/15/2021,MHK,KS,ACE,CE,Federal Contract Tower,0,7,4,0,11,0,0,24,0,24,0,7,28,0,35,64,0,64,99
03/16/2021,MHK,KS,ACE,CE,Federal Contract Tower,0,9,17,3,29,0,0,7,1,8,0,9,24,4,37,26,0,26,63
03/17/2021,MHK,KS,ACE,CE,Federal Contract Tower,0,3,3,2,8,0,0,0,0,0,0,3,3,2,8,0,0,0,8
03/18/2021,MHK,KS,ACE,CE,Federal Contract Tower,0,7,13,0,20,0,0,0,0,0,0,7,13,0,20,8,0,8,28
03/19/2021,MHK,KS,ACE,CE,Federal Contract Tower,0,7,4,0,11,0,0,51,0,51,0,7,55,0,62,64,0,64,126
03/20/2021,MHK,KS,ACE,CE,Federal Contract Tower,0,9,2,0,11,0,4,22,2,28,0,13,24,2,39,30,0,30,69
03/21/2021,MHK,KS,ACE,CE,Federal Contract Tower,0,7,6,0,13,0,0,7,0,7,0,7,13,0,20,12,0,12,32
03/22/2021,MHK,KS,ACE,CE,Federal Contract Tower,0,5,7,0,12,0,0,8,0,8,0,5,15,0,20,18,0,18,38
03/23/2021,MHK,KS,ACE,CE,Federal Contract Tower,0,9,0,0,9,0,0,0,0,0,0,9,0,0,9,0,0,0,9
03/24/2021,MHK,KS,ACE,CE,Federal Contract Tower,0,10,15,2,27,0,0,20,0,20,0,10,35,2,47,112,0,112,159
03/25/2021,MHK,KS,ACE,CE,Federal Contract Tower,0,5,3,4,12,0,0,17,0,17,0,5,20,4,29,58,0,58,87
03/26/2021,MHK,KS,ACE,CE,Federal Contract Tower,0,5,8,0,13,0,2,33,0,35,0,7,41,0,48,32,0,32,80
03/27/2021,MHK,KS,ACE,CE,Federal Contract Tower,0,6,17,0,23,0,0,11,0,11,0,6,28,0,34,46,0,46,80
03/28/2021,MHK,KS,ACE,CE,Federal Contract Tower,0,7,7,0,14,0,0,80,0,80,0,7,87,0,94,48,0,48,142
03/29/2021,MHK,KS,ACE,CE,Federal Contract Tower,0,12,1,0,13,0,0,3,0,3,0,12,4,0,16,0,0,0,16
03/30/2021,MHK,KS,ACE,CE,Federal Contract Tower,0,4,1,0,5,0,0,25,0,25,0,4,26,0,30,14,6,20,50
03/31/2021,MHK,KS,ACE,CE,Federal Contract Tower,1,12,12,4,29,0,0,45,0,45,1,12,57,4,74,50,0,50,124
04/01/2021,MHK,KS,ACE,CE,Federal Contract Tower,0,9,12,0,21,0,0,42,0,42,0,9,54,0,63,74,0,74,137
04/02/2021,MHK,KS,ACE,CE,Federal Contract Tower,0,7,5,0,12,0,0,9,0,9,0,7,14,0,21,0,0,0,21
04/03/2021,MHK,KS,ACE,CE,Federal Contract Tower,0,5,0,2,7,0,0,31,0,31,0,5,31,2,38,34,0,34,72
04/04/2021,MHK,KS,ACE,CE,Federal Contract Tower,0,6,2,0,8,0,0,10,0,10,0,6,12,0,18,2,0,2,20
04/05/2021,MHK,KS,ACE,CE,Federal Contract Tower,0,10,2,0,12,0,0,10,0,10,0,10,12,0,22,6,0,6,28
04/06/2021,MHK,KS,ACE,CE,Federal Contract Tower,0,8,2,0,10,0,0,4,0,4,0,8,6,0,14,10,0,10,24
04/07/2021,MHK,KS,ACE,CE,Federal Contract Tower,0,5,2,0,7,0,0,0,0,0,0,5,2,0,7,0,0,0,7
04/08/2021,MHK,KS,ACE,CE,Federal Contract Tower,0,6,8,1,15,0,0,7,2,9,0,6,15,3,24,18,0,18,42
04/09/2021,MHK,KS,ACE,CE,Federal Contract Tower,0,5,5,0,10,0,0,32,1,33,0,5,37,1,43,20,0,20,63
04/10/2021,MHK,KS,ACE,CE,Federal Contract Tower,0,8,5,0,13,0,0,25,0,25,0,8,30,0,38,40,0,40,78
04/11/2021,MHK,KS,ACE,CE,Federal Contract Tower,0,8,12,0,20,0,0,52,4,56,0,8,64,4,76,48,0,48,124
04/12/2021,MHK,KS,ACE,CE,Federal Contract Tower,0,8,12,0,20,0,1,36,0,37,0,9,48,0,57,60,0,60,117
04/13/2021,MHK,KS,ACE,CE,Federal Contract Tower,0,4,9,0,13,0,2,30,0,32,0,6,39,0,45,52,0,52,97
04/14/2021,MHK,KS,ACE,CE,Federal Contract Tower,0,10,5,2,17,0,0,35,0,35,0,10,40,2,52,64,0,64,116
04/15/2021,MHK,KS,ACE,CE,Federal Contract Tower,0,6,9,0,15,0,2,27,4,33,0,8,36,4,48,58,0,58,106
04/16/2021,MHK,KS,ACE,CE,Federal Contract Tower,0,5,1,0,6,0,0,0,0,0,0,5,1,0,6,0,0,0,6
04/17/2021,MHK,KS,ACE,CE,Federal Contract Tower,0,6,9,0,15,0,0,8,2,10,0,6,17,2,25,22,0,22,47
04/18/2021,MHK,KS,ACE,CE,Federal Contract Tower,0,6,10,0,16,0,0,36,0,36,0,6,46,0,52,22,0,22,74
04/19/2021,MHK,KS,ACE,CE,Federal Contract Tower,0,8,9,0,17,0,0,3,0,3,0,8,12,0,20,0,0,0,20
04/20/2021,MHK,KS,ACE,CE,Federal Contract Tower,0,4,2,0,6,0,0,15,0,15,0,4,17,0,21,50,0,50,71
04/21/2021,MHK,KS,ACE,CE,Federal Contract Tower,0,4,3,0,7,0,0,26,2,28,0,4,29,2,35,42,0,42,77
04/22/2021,MHK,KS,ACE,CE,Federal Contract Tower,0,6,8,0,14,0,0,10,0,10,0,6,18,0,24,20,0,20,44
04/23/2021,MHK,KS,ACE,CE,Federal Contract Tower,0,7,15,0,22,0,0,0,0,0,0,7,15,0,22,0,0,0,22
04/24/2021,MHK,KS,ACE,CE,Federal Contract Tower,0,8,7,0,15,0,0,39,0,39,0,8,46,0,54,84,0,84,138
04/25/2021,MHK,KS,ACE,CE,Federal Contract Tower,0,6,10,0,16,0,0,14,0,14,0,6,24,0,30,8,0,8,38
04/26/2021,MHK,KS,ACE,CE,Federal Contract Tower,0,7,3,0,10,0,0,5,0,5,0,7,8,0,15,0,0,0,15
04/27/2021,MHK,KS,ACE,CE,Federal Contract Tower,2,7,3,0,12,0,6,9,0,15,2,13,12,0,27,8,0,8,35
04/28/2021,MHK,KS,ACE,CE,Federal Contract Tower,0,6,14,0,20,0,0,5,1,6,0,6,19,1,26,14,0,14,40
04/29/2021,MHK,KS,ACE,CE,Federal Contract Tower,1,5,8,0,14,0,0,70,0,70,1,5,78,0,84,58,0,58,142
04/30/2021,MHK,KS,ACE,CE,Federal Contract Tower,2,5,8,4,19,0,0,53,0,53,2,5,61,4,72,60,0,60,132
05/01/2021,MHK,KS,ACE,CE,Federal Contract Tower,2,9,2,0,13,0,0,23,0,23,2,9,25,0,36,42,0,42,78
05/02/2021,MHK,KS,ACE,CE,Federal Contract Tower,0,6,7,0,13,0,0,11,0,11,0,6,18,0,24,24,0,24,48
05/03/2021,MHK,KS,ACE,CE,Federal Contract Tower,1,4,7,0,12,0,0,12,0,12,1,4,19,0,24,12,0,12,36
05/04/2021,MHK,KS,ACE,CE,Federal Contract Tower,2,10,4,0,16,0,0,17,0,17,2,10,21,0,33,24,0,24,57
05/05/2021,MHK,KS,ACE,CE,Federal Contract Tower,1,6,3,0,10,0,0,42,3,45,1,6,45,3,55,82,0,82,137
05/06/2021,MHK,KS,ACE,CE,Federal Contract Tower,5,1,7,0,13,0,2,46,1,49,5,3,53,1,62,56,0,56,118
05/07/2021,MHK,KS,ACE,CE,Federal Contract Tower,5,2,2,0,9,0,2,21,2,25,5,4,23,2,34,20,0,20,54
05/08/2021,MHK,KS,ACE,CE,Federal Contract Tower,5,4,10,2,21,0,1,18,2,21,5,5,28,4,42,12,0,12,54
05/09/2021,MHK,KS,ACE,CE,Federal Contract Tower,5,2,8,0,15,0,0,5,0,5,5,2,13,0,20,22,0,22,42
05/10/2021,MHK,KS,ACE,CE,Federal Contract Tower,7,6,8,0,21,0,0,45,0,45,7,6,53,0,66,68,0,68,134
05/11/2021,MHK,KS,ACE,CE,Federal Contract Tower,2,4,6,8,20,0,0,26,2,28,2,4,32,10,48,24,0,24,72
05/12/2021,MHK,KS,ACE,CE,Federal Contract Tower,6,2,21,0,29,0,0,47,0,47,6,2,68,0,76,70,1,71,147
05/13/2021,MHK,KS,ACE,CE,Federal Contract Tower,7,7,10,0,24,0,5,71,2,78,7,12,81,2,102,58,0,58,160
05/14/2021,MHK,KS,ACE,CE,Federal Contract Tower,5,4,8,0,17,0,0,26,0,26,5,4,34,0,43,10,0,10,53
05/15/2021,MHK,KS,ACE,CE,Federal Contract Tower,5,2,15,0,22,0,0,8,0,8,5,2,23,0,30,62,0,62,92
05/16/2021,MHK,KS,ACE,CE,Federal Contract Tower,7,9,2,2,20,0,0,1,0,1,7,9,3,2,21,0,0,0,21
05/17/2021,MHK,KS,ACE,CE,Federal Contract Tower,5,5,5,0,15,0,0,11,0,11,5,5,16,0,26,58,0,58,84
05/18/2021,MHK,KS,ACE,CE,Federal Contract Tower,6,5,12,0,23,0,0,14,0,14,6,5,26,0,37,34,0,34,71
05/19/2021,MHK,KS,ACE,CE,Federal Contract Tower,8,6,9,0,23,0,0,4,0,4,8,6,13,0,27,0,0,0,27
05/20/2021,MHK,KS,ACE,CE,Federal Contract Tower,6,2,8,0,16,0,0,1,0,1,6,2,9,0,17,0,0,0,17
05/21/2021,MHK,KS,ACE,CE,Federal Contract Tower,6,9,8,0,23,0,2,14,0,16,6,11,22,0,39,0,0,0,39
05/22/2021,MHK,KS,ACE,CE,Federal Contract Tower,6,3,2,0,11,0,0,3,0,3,6,3,5,0,14,0,0,0,14
05/23/2021,MHK,KS,ACE,CE,Federal Contract Tower,5,3,10,0,18,0,0,5,0,5,5,3,15,0,23,0,0,0,23
05/24/2021,MHK,KS,ACE,CE,Federal Contract Tower,5,4,9,0,18,0,0,17,0,17,5,4,26,0,35,32,0,32,67
05/25/2021,MHK,KS,ACE,CE,Federal Contract Tower,5,6,7,0,18,0,0,36,2,38,5,6,43,2,56,64,0,64,120
05/26/2021,MHK,KS,ACE,CE,Federal Contract Tower,6,1,6,0,13,0,0,42,0,42,6,1,48,0,55,70,0,70,125
05/27/2021,MHK,KS,ACE,CE,Federal Contract Tower,5,2,5,0,12,0,2,15,0,17,5,4,20,0,29,42,0,42,71
05/28/2021,MHK,KS,ACE,CE,Federal Contract Tower,5,4,6,0,15,0,0,46,0,46,5,4,52,0,61,40,0,40,101
05/29/2021,MHK,KS,ACE,CE,Federal Contract Tower,5,2,5,0,12,0,0,32,0,32,5,2,37,0,44,52,0,52,96
05/30/2021,MHK,KS,ACE,CE,Federal Contract Tower,5,7,2,0,14,0,0,7,0,7,5,7,9,0,21,14,0,14,35
05/31/2021,MHK,KS,ACE,CE,Federal Contract Tower,5,2,1,0,8,0,0,0,0,0,5,2,1,0,8,0,0,0,8
06/01/2021,MHK,KS,ACE,CE,Federal Contract Tower,5,5,4,0,14,0,0,7,0,7,5,5,11,0,21,0,0,0,21
06/02/2021,MHK,KS,ACE,CE,Federal Contract Tower,5,3,4,2,14,0,0,48,2,50,5,3,52,4,64,38,0,38,102
06/03/2021,MHK,KS,ACE,CE,Federal Contract Tower,5,6,3,0,14,0,0,48,0,48,5,6,51,0,62,60,0,60,122
06/04/2021,MHK,KS,ACE,CE,Federal Contract Tower,5,7,11,0,23,0,0,46,0,46,5,7,57,0,69,70,0,70,139
06/05/2021,MHK,KS,ACE,CE,Federal Contract Tower,5,3,7,1,16,0,0,59,0,59,5,3,66,1,75,52,0,52,127
06/06/2021,MHK,KS,ACE,CE,Federal Contract Tower,4,7,12,0,23,0,0,16,0,16,4,7,28,0,39,12,0,12,51
06/07/2021,MHK,KS,ACE,CE,Federal Contract Tower,4,6,4,0,14,0,0,27,0,27,4,6,31,0,41,40,0,40,81
06/08/2021,MHK,KS,ACE,CE,Federal Contract Tower,6,6,7,0,19,0,0,29,0,29,6,6,36,0,48,64,0,64,112
06/09/2021,MHK,KS,ACE,CE,Federal Contract Tower,5,6,4,0,15,0,0,48,2,50,5,6,52,2,65,124,0,124,189
06/10/2021,MHK,KS,ACE,CE,Federal Contract Tower,5,6,5,2,18,0,0,48,1,49,5,6,53,3,67,96,0,96,163
06/11/2021,MHK,KS,ACE,CE,Federal Contract Tower,5,5,11,3,24,0,0,35,0,35,5,5,46,3,59,28,0,28,87
06/12/2021,MHK,KS,ACE,CE,Federal Contract Tower,5,4,13,0,22,0,0,47,0,47,5,4,60,0,69,62,0,62,131
06/13/2021,MHK,KS,ACE,CE,Federal Contract Tower,5,4,3,2,14,0,0,36,0,36,5,4,39,2,50,22,0,22,72
06/14/2021,MHK,KS,ACE,CE,Federal Contract Tower,5,4,4,0,13,0,2,34,2,38,5,6,38,2,51,88,0,88,139
06/15/2021,MHK,KS,ACE,CE,Federal Contract Tower,5,6,5,0,16,0,0,42,0,42,5,6,47,0,58,8,0,8,66
06/16/2021,MHK,KS,ACE,CE,Federal Contract Tower,5,4,4,0,13,0,0,18,2,20,5,4,22,2,33,22,0,22,55
06/17/2021,MHK,KS,ACE,CE,Federal Contract Tower,5,5,1,0,11,0,2,15,3,20,5,7,16,3,31,16,0,16,47
06/18/2021,MHK,KS,ACE,CE,Federal Contract Tower,4,7,1,0,12,0,0,19,1,20,4,7,20,1,32,36,0,36,68
06/19/2021,MHK,KS,ACE,CE,Federal Contract Tower,5,3,0,0,8,0,0,20,0,20,5,3,20,0,28,30,0,30,58
06/20/2021,MHK,KS,ACE,CE,Federal Contract Tower,5,2,3,0,10,0,0,9,0,9,5,2,12,0,19,20,0,20,39
06/21/2021,MHK,KS,ACE,CE,Federal Contract Tower,3,5,1,6,15,0,0,13,0,13,3,5,14,6,28,22,0,22,50
06/22/2021,MHK,KS,ACE,CE,Federal Contract Tower,5,5,2,0,12,0,1,40,0,41,5,6,42,0,53,46,0,46,99
06/23/2021,MHK,KS,ACE,CE,Federal Contract Tower,5,8,2,0,15,0,0,17,0,17,5,8,19,0,32,16,0,16,48
06/24/2021,MHK,KS,ACE,CE,Federal Contract Tower,5,4,7,0,16,0,0,12,0,12,5,4,19,0,28,30,0,30,58
06/25/2021,MHK,KS,ACE,CE,Federal Contract Tower,6,5,4,0,15,0,0,17,10,27,6,5,21,10,42,52,0,52,94
06/26/2021,MHK,KS,ACE,CE,Federal Contract Tower,6,4,5,2,17,0,0,3,0,3,6,4,8,2,20,40,0,40,60
06/27/2021,MHK,KS,ACE,CE,Federal Contract Tower,5,4,0,0,9,0,0,20,0,20,5,4,20,0,29,28,0,28,57
06/28/2021,MHK,KS,ACE,CE,Federal Contract Tower,4,5,10,0,19,0,0,34,0,34,4,5,44,0,53,34,0,34,87
06/29/2021,MHK,KS,ACE,CE,Federal Contract Tower,5,5,8,0,18,0,0,22,0,22,5,5,30,0,40,68,0,68,108
06/30/2021,MHK,KS,ACE,CE,Federal Contract Tower,5,6,16,0,27,0,0,4,0,4,5,6,20,0,31,30,0,30,61
07/01/2021,MHK,KS,ACE,CE,Federal Contract Tower,5,8,4,0,17,0,0,29,2,31,5,8,33,2,48,42,0,42,90
07/02/2021,MHK,KS,ACE,CE,Federal Contract Tower,2,6,6,2,16,0,0,18,0,18,2,6,24,2,34,32,0,32,66
07/03/2021,MHK,KS,ACE,CE,Federal Contract Tower,5,4,5,0,14,0,0,10,0,10,5,4,15,0,24,8,0,8,32
07/04/2021,MHK,KS,ACE,CE,Federal Contract Tower,3,4,0,0,7,0,0,13,0,13,3,4,13,0,20,18,0,18,38
07/05/2021,MHK,KS,ACE,CE,Federal Contract Tower,5,5,1,0,11,0,0,33,0,33,5,5,34,0,44,38,0,38,82
07/06/2021,MHK,KS,ACE,CE,Federal Contract Tower,5,4,7,0,16,0,0,26,4,30,5,4,33,4,46,56,0,56,102
07/07/2021,MHK,KS,ACE,CE,Federal Contract Tower,5,10,8,1,24,0,0,18,0,18,5,10,26,1,42,92,0,92,134
07/08/2021,MHK,KS,ACE,CE,Federal Contract Tower,5,5,14,5,29,0,0,33,0,33,5,5,47,5,62,42,8,50,112
07/09/2021,MHK,KS,ACE,CE,Federal Contract Tower,5,4,1,0,10,0,0,15,0,15,5,4,16,0,25,28,0,28,53
07/10/2021,MHK,KS,ACE,CE,Federal Contract Tower,5,11,9,2,27,0,0,7,0,7,5,11,16,2,34,6,0,6,40
07/11/2021,MHK,KS,ACE,CE,Federal Contract Tower,5,6,9,0,20,0,0,13,0,13,5,6,22,0,33,42,0,42,75
07/12/2021,MHK,KS,ACE,CE,Federal Contract Tower,5,7,7,0,19,0,0,36,0,36,5,7,43,0,55,80,0,80,135
07/13/2021,MHK,KS,ACE,CE,Federal Contract Tower,5,5,8,2,20,0,0,30,0,30,5,5,38,2,50,52,0,52,102
07/14/2021,MHK,KS,ACE,CE,Federal Contract Tower,5,5,8,0,18,0,0,19,0,19,5,5,27,0,37,24,0,24,61
07/15/2021,MHK,KS,ACE,CE,Federal Contract Tower,5,4,12,0,21,0,0,9,1,10,5,4,21,1,31,46,0,46,77
07/16/2021,MHK,KS,ACE,CE,Federal Contract Tower,5,2,13,3,23,0,0,35,0,35,5,2,48,3,58,16,0,16,74
07/17/2021,MHK,KS,ACE,CE,Federal Contract Tower,6,3,3,0,12,0,0,12,0,12,6,3,15,0,24,0,0,0,24
07/18/2021,MHK,KS,ACE,CE,Federal Contract Tower,5,4,9,0,18,0,0,32,0,32,5,4,41,0,50,10,0,10,60
07/19/2021,MHK,KS,ACE,CE,Federal Contract Tower,3,5,3,0,11,0,0,17,0,17,3,5,20,0,28,58,0,58,86
07/20/2021,MHK,KS,ACE,CE,Federal Contract Tower,5,8,9,0,22,0,4,30,6,40,5,12,39,6,62,38,0,38,100
07/21/2021,MHK,KS,ACE,CE,Federal Contract Tower,5,8,6,0,19,0,0,27,0,27,5,8,33,0,46,50,0,50,96
07/22/2021,MHK,KS,ACE,CE,Federal Contract Tower,5,8,9,0,22,0,0,42,0,42,5,8,51,0,64,62,0,62,126
07/23/2021,MHK,KS,ACE,CE,Federal Contract Tower,4,9,5,4,22,0,2,22,8,32,4,11,27,12,54,18,0,18,72
07/24/2021,MHK,KS,ACE,CE,Federal Contract Tower,3,3,2,2,10,0,0,37,0,37,3,3,39,2,47,48,0,48,95
07/25/2021,MHK,KS,ACE,CE,Federal Contract Tower,5,4,4,0,13,0,0,29,0,29,5,4,33,0,42,36,0,36,78
07/26/2021,MHK,KS,ACE,CE,Federal Contract Tower,5,8,7,0,20,0,0,24,0,24,5,8,31,0,44,38,0,38,82
07/27/2021,MHK,KS,ACE,CE,Federal Contract Tower,5,6,11,0,22,0,0,29,0,29,5,6,40,0,51,40,0,40,91
07/28/2021,MHK,KS,ACE,CE,Federal Contract Tower,6,6,9,0,21,0,0,43,0,43,6,6,52,0,64,68,0,68,132
07/29/2021,MHK,KS,ACE,CE,Federal Contract Tower,5,5,3,0,13,0,0,31,2,33,5,5,34,2,46,42,0,42,88
07/30/2021,MHK,KS,ACE,CE,Federal Contract Tower,4,8,12,2,26,0,0,26,0,26,4,8,38,2,52,40,0,40,92
08/01/2021,MHK,KS,ACE,CE,Federal Contract Tower,3,3,1,0,7,0,0,14,0,14,3,3,15,0,21,0,0,0,21
08/02/2021,MHK,KS,ACE,CE,Federal Contract Tower,4,6,1,0,11,0,0,19,0,19,4,6,20,0,30,36,0,36,66
08/03/2021,MHK,KS,ACE,CE,Federal Contract Tower,5,4,5,4,18,0,0,33,0,33,5,4,38,4,51,46,0,46,97
08/04/2021,MHK,KS,ACE,CE,Federal Contract Tower,5,6,4,0,15,0,0,37,2,39,5,6,41,2,54,46,0,46,100
08/05/2021,MHK,KS,ACE,CE,Federal Contract Tower,5,4,6,0,15,0,0,18,2,20,5,4,24,2,35,66,0,66,101
08/06/2021,MHK,KS,ACE,CE,Federal Contract Tower,5,7,9,2,23,0,4,36,0,40,5,11,45,2,63,34,0,34,97
08/07/2021,MHK,KS,ACE,CE,Federal Contract Tower,5,4,0,2,11,0,0,7,0,7,5,4,7,2,18,0,0,0,18
08/08/2021,MHK,KS,ACE,CE,Federal Contract Tower,4,3,10,0,17,0,0,15,0,15,4,3,25,0,32,60,0,60,92
08/09/2021,MHK,KS,ACE,CE,Federal Contract Tower,4,2,3,0,9,0,0,22,0,22,4,2,25,0,31,12,0,12,43
08/10/2021,MHK,KS,ACE,CE,Federal Contract Tower,5,3,6,0,14,0,0,8,2,10,5,3,14,2,24,2,0,2,26
08/11/2021,MHK,KS,ACE,CE,Federal Contract Tower,6,4,3,0,13,0,2,34,2,38,6,6,37,2,51,36,0,36,87
08/12/2021,MHK,KS,ACE,CE,Federal Contract Tower,5,3,1,0,9,0,0,10,1,11,5,3,11,1,20,54,0,54,74
08/13/2021,MHK,KS,ACE,CE,Federal Contract Tower,6,5,3,2,16,0,0,16,0,16,6,5,19,2,32,38,0,38,70
08/14/2021,MHK,KS,ACE,CE,Federal Contract Tower,3,4,3,7,17,0,0,19,0,19,3,4,22,7,36,4,6,10,46
08/15/2021,MHK,KS,ACE,CE,Federal Contract Tower,4,3,1,0,8,0,0,37,0,37,4,3,38,0,45,26,0,26,71
08/16/2021,MHK,KS,ACE,CE,Federal Contract Tower,6,6,6,0,18,0,0,43,2,45,6,6,49,2,63,64,0,64,127
08/17/2021,MHK,KS,ACE,CE,Federal Contract Tower,7,4,13,0,24,0,0,36,0,36,7,4,49,0,60,22,0,22,82
08/18/2021,MHK,KS,ACE,CE,Federal Contract Tower,4,6,15,2,27,0,2,22,0,24,4,8,37,2,51,72,0,72,123
08/19/2021,MHK,KS,ACE,CE,Federal Contract Tower,5,5,6,0,16,0,0,5,0,5,5,5,11,0,21,46,0,46,67
08/20/2021,MHK,KS,ACE,CE,Federal Contract Tower,7,10,21,0,38,0,0,2,1,3,7,10,23,1,41,10,0,10,51
08/21/2021,MHK,KS,ACE,CE,Federal Contract Tower,6,3,4,0,13,0,0,20,0,20,6,3,24,0,33,54,0,54,87
08/22/2021,MHK,KS,ACE,CE,Federal Contract Tower,3,5,11,1,20,0,0,25,0,25,3,5,36,1,45,34,0,34,79
08/23/2021,MHK,KS,ACE,CE,Federal Contract Tower,4,7,4,2,17,0,2,33,1,36,4,9,37,3,53,2,0,2,55
08/24/2021,MHK,KS,ACE,CE,Federal Contract Tower,5,5,7,4,21,0,0,41,0,41,5,5,48,4,62,10,0,10,72
08/25/2021,MHK,KS,ACE,CE,Federal Contract Tower,4,5,8,0,17,0,1,31,0,32,4,6,39,0,49,40,0,40,89
08/26/2021,MHK,KS,ACE,CE,Federal Contract Tower,9,3,3,0,15,0,0,28,4,32,9,3,31,4,47,46,0,46,93
08/27/2021,MHK,KS,ACE,CE,Federal Contract Tower,5,4,2,2,13,0,0,13,2,15,5,4,15,4,28,24,0,24,52
08/28/2021,MHK,KS,ACE,CE,Federal Contract Tower,5,6,7,0,18,0,0,33,0,33,5,6,40,0,51,0,0,0,51
08/29/2021,MHK,KS,ACE,CE,Federal Contract Tower,5,5,5,0,15,0,0,18,0,18,5,5,23,0,33,6,0,6,39
08/30/2021,MHK,KS,ACE,CE,Federal Contract Tower,4,9,5,0,18,0,2,24,0,26,4,11,29,0,44,8,0,8,52
08/31/2021,MHK,KS,ACE,CE,Federal Contract Tower,5,4,4,0,13,0,2,22,2,26,5,6,26,2,39,18,0,18,57
09/01/2021,MHK,KS,ACE,CE,Federal Contract Tower,5,10,5,0,20,0,2,21,5,28,5,12,26,5,48,48,0,48,96
09/02/2021,MHK,KS,ACE,CE,Federal Contract Tower,5,5,8,0,18,0,0,19,0,19,5,5,27,0,37,26,0,26,63
09/03/2021,MHK,KS,ACE,CE,Federal Contract Tower,7,7,10,0,24,0,0,17,0,17,7,7,27,0,41,40,0,40,81
09/04/2021,MHK,KS,ACE,CE,Federal Contract Tower,6,3,6,0,15,0,0,10,0,10,6,3,16,0,25,22,0,22,47
09/05/2021,MHK,KS,ACE,CE,Federal Contract Tower,3,4,3,0,10,0,0,27,0,27,3,4,30,0,37,10,0,10,47
09/06/2021,MHK,KS,ACE,CE,Federal Contract Tower,5,5,4,0,14,0,7,43,0,50,5,12,47,0,64,26,0,26,90
09/07/2021,MHK,KS,ACE,CE,Federal Contract Tower,5,3,4,0,12,0,2,12,2,16,5,5,16,2,28,0,0,0,28
09/08/2021,MHK,KS,ACE,CE,Federal Contract Tower,6,11,10,0,27,0,2,26,0,28,6,13,36,0,55,22,0,22,77
09/09/2021,MHK,KS,ACE,CE,Federal Contract Tower,4,4,6,0,14,0,0,36,6,42,4,4,42,6,56,40,0,40,96
09/10/2021,MHK,KS,ACE,CE,Federal Contract Tower,5,8,3,2,18,0,0,39,0,39,5,8,42,2,57,24,0,24,81
09/11/2021,MHK,KS,ACE,CE,Federal Contract Tower,4,7,8,3,22,0,0,26,1,27,4,7,34,4,49,0,0,0,49
09/12/2021,MHK,KS,ACE,CE,Federal Contract Tower,6,10,7,0,23,0,0,33,2,35,6,10,40,2,58,24,0,24,82
09/13/2021,MHK,KS,ACE,CE,Federal Contract Tower,6,8,5,0,19,0,0,21,0,21,6,8,26,0,40,10,0,10,50
09/14/2021,MHK,KS,ACE,CE,Federal Contract Tower,5,6,0,0,11,0,0,17,0,17,5,6,17,0,28,22,0,22,50
09/15/2021,MHK,KS,ACE,CE,Federal Contract Tower,5,6,17,0,28,0,0,8,4,12,5,6,25,4,40,0,0,0,40
09/16/2021,MHK,KS,ACE,CE,Federal Contract Tower,6,10,9,0,25,0,0,29,0,29,6,10,38,0,54,28,0,28,82
09/17/2021,MHK,KS,ACE,CE,Federal Contract Tower,4,7,9,2,22,0,0,26,4,30,4,7,35,6,52,42,0,42,94
09/18/2021,MHK,KS,ACE,CE,Federal Contract Tower,5,5,24,0,34,0,0,35,0,35,5,5,59,0,69,6,0,6,75
09/19/2021,MHK,KS,ACE,CE,Federal Contract Tower,5,6,11,0,22,0,0,37,0,37,5,6,48,0,59,16,0,16,75
09/20/2021,MHK,KS,ACE,CE,Federal Contract Tower,19,5,2,5,31,0,2,11,0,13,19,7,13,5,44,0,0,0,44
09/21/2021,MHK,KS,ACE,CE,Federal Contract Tower,7,8,12,2,29,0,0,18,2,20,7,8,30,4,49,32,4,36,85
09/22/2021,MHK,KS,ACE,CE,Federal Contract Tower,5,4,8,0,17,0,0,33,0,33,5,4,41,0,50,67,0,67,117
09/23/2021,MHK,KS,ACE,CE,Federal Contract Tower,5,5,9,0,19,0,0,37,0,37,5,5,46,0,56,44,0,44,100
09/24/2021,MHK,KS,ACE,CE,Federal Contract Tower,8,3,9,0,20,0,0,21,0,21,8,3,30,0,41,18,0,18,59
09/25/2021,MHK,KS,ACE,CE,Federal Contract Tower,4,4,6,0,14,0,0,24,0,24,4,4,30,0,38,32,0,32,70
09/26/2021,MHK,KS,ACE,CE,Federal Contract Tower,4,4,7,2,17,0,0,12,0,12,4,4,19,2,29,4,0,4,33
09/27/2021,MHK,KS,ACE,CE,Federal Contract Tower,5,6,5,0,16,0,0,31,0,31,5,6,36,0,47,12,0,12,59
09/28/2021,MHK,KS,ACE,CE,Federal Contract Tower,5,6,0,0,11,0,0,26,0,26,5,6,26,0,37,20,0,20,57
09/29/2021,MHK,KS,ACE,CE,Federal Contract Tower,5,4,6,0,15,0,0,31,0,31,5,4,37,0,46,38,0,38,84
09/30/2021,MHK,KS,ACE,CE,Federal Contract Tower,7,8,1,0,16,0,0,8,0,8,7,8,9,0,24,14,0,14,38
10/01/2021,MHK,KS,ACE,CE,Federal Contract Tower,5,5,11,0,21,0,0,14,0,14,5,5,25,0,35,14,0,14,49
10/02/2021,MHK,KS,ACE,CE,Federal Contract Tower,5,10,33,0,48,0,0,11,0,11,5,10,44,0,59,10,0,10,69
10/03/2021,MHK,KS,ACE,CE,Federal Contract Tower,5,8,12,6,31,0,0,34,0,34,5,8,46,6,65,50,2,52,117
10/04/2021,MHK,KS,ACE,CE,Federal Contract Tower,5,10,9,3,27,0,2,42,0,44,5,12,51,3,71,54,0,54,125
10/05/2021,MHK,KS,ACE,CE,Federal Contract Tower,5,5,8,3,21,0,0,38,0,38,5,5,46,3,59,14,0,14,73
10/06/2021,MHK,KS,ACE,CE,Federal Contract Tower,7,5,6,0,18,0,0,29,0,29,7,5,35,0,47,38,0,38,85
10/07/2021,MHK,KS,ACE,CE,Federal Contract Tower,11,8,6,2,27,0,0,17,0,17,11,8,23,2,44,14,0,14,58
10/08/2021,MHK,KS,ACE,CE,Federal Contract Tower,5,10,12,2,29,0,0,43,0,43,5,10,55,2,72,86,0,86,158
10/09/2021,MHK,KS,ACE,CE,Federal Contract Tower,6,3,4,0,13,0,0,44,0,44,6,3,48,0,57,28,0,28,85
10/10/2021,MHK,KS,ACE,CE,Federal Contract Tower,5,4,11,0,20,0,0,6,0,6,5,4,17,0,26,0,0,0,26
10/11/2021,MHK,KS,ACE,CE,Federal Contract Tower,4,4,13,0,21,0,0,35,0,35,4,4,48,0,56,51,0,51,107
10/12/2021,MHK,KS,ACE,CE,Federal Contract Tower,6,3,9,0,18,0,0,11,0,11,6,3,20,0,29,0,0,0,29
10/13/2021,MHK,KS,ACE,CE,Federal Contract Tower,4,8,7,0,19,0,0,12,0,12,4,8,19,0,31,28,0,28,59
10/14/2021,MHK,KS,ACE,CE,Federal Contract Tower,4,5,15,0,24,0,0,51,0,51,4,5,66,0,75,48,0,48,123
10/15/2021,MHK,KS,ACE,CE,Federal Contract Tower,6,7,10,0,23,0,2,32,3,37,6,9,42,3,60,32,0,32,92
10/16/2021,MHK,KS,ACE,CE,Federal Contract Tower,5,27,20,2,54,0,0,44,0,44,5,27,64,2,98,28,0,28,126
10/17/2021,MHK,KS,ACE,CE,Federal Contract Tower,5,11,10,0,26,0,0,39,0,39,5,11,49,0,65,26,0,26,91
10/18/2021,MHK,KS,ACE,CE,Federal Contract Tower,5,5,7,0,17,0,2,13,0,15,5,7,20,0,32,6,0,6,38
10/19/2021,MHK,KS,ACE,CE,Federal Contract Tower,4,8,5,0,17,0,0,22,2,24,4,8,27,2,41,14,0,14,55
10/20/2021,MHK,KS,ACE,CE,Federal Contract Tower,4,5,7,0,16,0,0,18,1,19,4,5,25,1,35,8,0,8,43
10/21/2021,MHK,KS,ACE,CE,Federal Contract Tower,3,4,6,0,13,0,0,27,0,27,3,4,33,0,40,76,0,76,116
10/22/2021,MHK,KS,ACE,CE,Federal Contract Tower,4,8,5,0,17,0,0,15,0,15,4,8,20,0,32,24,0,24,56
10/23/2021,MHK,KS,ACE,CE,Federal Contract Tower,7,5,9,2,23,0,0,5,1,6,7,5,14,3,29,0,0,0,29
10/24/2021,MHK,KS,ACE,CE,Federal Contract Tower,5,4,3,0,12,0,0,4,0,4,5,4,7,0,16,0,0,0,16
10/25/2021,MHK,KS,ACE,CE,Federal Contract Tower,5,4,10,0,19,0,0,8,0,8,5,4,18,0,27,10,0,10,37
10/26/2021,MHK,KS,ACE,CE,Federal Contract Tower,5,8,6,1,20,0,0,4,3,7,5,8,10,4,27,0,2,2,29
10/27/2021,MHK,KS,ACE,CE,Federal Contract Tower,6,6,8,2,22,0,0,0,0,0,6,6,8,2,22,0,0,0,22
10/28/2021,MHK,KS,ACE,CE,Federal Contract Tower,3,3,16,1,23,0,0,0,1,1,3,3,16,2,24,0,0,0,24
10/29/2021,MHK,KS,ACE,CE,Federal Contract Tower,7,9,7,2,25,0,0,32,2,34,7,9,39,4,59,2,4,6,65
10/30/2021,MHK,KS,ACE,CE,Federal Contract Tower,7,11,30,0,48,0,7,63,0,70,7,18,93,0,118,6,0,6,124
10/31/2021,MHK,KS,ACE,CE,Federal Contract Tower,3,5,15,3,26,0,0,0,0,0,3,5,15,3,26,14,0,14,40
11/01/2021,MHK,KS,ACE,CE,Federal Contract Tower,5,8,10,0,23,0,0,6,0,6,5,8,16,0,29,44,0,44,73
11/02/2021,MHK,KS,ACE,CE,Federal Contract Tower,3,10,5,4,22,0,2,34,9,45,3,12,39,13,67,94,12,106,173
11/03/2021,MHK,KS,ACE,CE,Federal Contract Tower,3,8,8,0,19,0,0,21,2,23,3,8,29,2,42,60,10,70,112
11/04/2021,MHK,KS,ACE,CE,Federal Contract Tower,3,9,3,2,17,0,0,24,0,24,3,9,27,2,41,76,0,76,117
11/05/2021,MHK,KS,ACE,CE,Federal Contract Tower,2,13,9,0,24,0,0,30,0,30,2,13,39,0,54,38,0,38,92
11/06/2021,MHK,KS,ACE,CE,Federal Contract Tower,2,7,5,1,15,0,0,35,4,39,2,7,40,5,54,36,0,36,90
11/07/2021,MHK,KS,ACE,CE,Federal Contract Tower,3,11,8,14,36,0,1,7,3,11,3,12,15,17,47,0,0,0,47
11/08/2021,MHK,KS,ACE,CE,Federal Contract Tower,3,6,4,4,17,0,0,36,4,40,3,6,40,8,57,34,0,34,91
11/09/2021,MHK,KS,ACE,CE,Federal Contract Tower,3,8,10,0,21,0,0,32,0,32,3,8,42,0,53,46,0,46,99
11/10/2021,MHK,KS,ACE,CE,Federal Contract Tower,3,14,5,0,22,0,0,0,0,0,3,14,5,0,22,0,0,0,22
11/11/2021,MHK,KS,ACE,CE,Federal Contract Tower,3,12,7,0,22,0,0,16,0,16,3,12,23,0,38,10,0,10,48
11/12/2021,MHK,KS,ACE,CE,Federal Contract Tower,4,9,19,0,32,0,0,14,0,14,4,9,33,0,46,28,0,28,74
11/13/2021,MHK,KS,ACE,CE,Federal Contract Tower,5,19,34,0,58,0,2,34,0,36,5,21,68,0,94,70,0,70,164
11/14/2021,MHK,KS,ACE,CE,Federal Contract Tower,2,10,7,0,19,0,0,17,0,17,2,10,24,0,36,20,0,20,56
11/15/2021,MHK,KS,ACE,CE,Federal Contract Tower,3,7,19,0,29,0,2,22,4,28,3,9,41,4,57,40,0,40,97
11/16/2021,MHK,KS,ACE,CE,Federal Contract Tower,3,5,16,2,26,0,2,19,4,25,3,7,35,6,51,68,0,68,119
11/17/2021,MHK,KS,ACE,CE,Federal Contract Tower,3,11,11,0,25,0,2,11,4,17,3,13,22,4,42,10,0,10,52
11/18/2021,MHK,KS,ACE,CE,Federal Contract Tower,3,12,15,4,34,0,0,30,7,37,3,12,45,11,71,50,6,56,127
11/19/2021,MHK,KS,ACE,CE,Federal Contract Tower,5,8,17,1,31,0,0,16,4,20,5,8,33,5,51,0,0,0,51
11/20/2021,MHK,KS,ACE,CE,Federal Contract Tower,5,10,24,0,39,0,0,42,2,44,5,10,66,2,83,34,0,34,117
11/21/2021,MHK,KS,ACE,CE,Federal Contract Tower,3,7,10,0,20,0,0,18,0,18,3,7,28,0,38,0,0,0,38
11/22/2021,MHK,KS,ACE,CE,Federal Contract Tower,3,6,6,0,15,0,0,28,2,30,3,6,34,2,45,32,0,32,77
11/23/2021,MHK,KS,ACE,CE,Federal Contract Tower,1,6,7,2,16,0,0,11,0,11,1,6,18,2,27,36,0,36,63
11/24/2021,MHK,KS,ACE,CE,Federal Contract Tower,5,7,7,2,21,0,0,16,0,16,5,7,23,2,37,0,0,0,37
11/25/2021,MHK,KS,ACE,CE,Federal Contract Tower,5,6,2,0,13,0,0,12,0,12,5,6,14,0,25,8,0,8,33
11/26/2021,MHK,KS,ACE,CE,Federal Contract Tower,5,4,8,2,19,0,0,10,0,10,5,4,18,2,29,4,0,4,33
11/27/2021,MHK,KS,ACE,CE,Federal Contract Tower,5,5,5,0,15,0,0,12,0,12,5,5,17,0,27,18,0,18,45
11/28/2021,MHK,KS,ACE,CE,Federal Contract Tower,3,7,6,0,16,0,0,24,0,24,3,7,30,0,40,14,0,14,54
11/29/2021,MHK,KS,ACE,CE,Federal Contract Tower,3,13,11,2,29,0,0,20,6,26,3,13,31,8,55,24,12,36,91
11/30/2021,MHK,KS,ACE,CE,Federal Contract Tower,3,8,14,4,29,0,0,21,2,23,3,8,35,6,52,34,0,34,86
12/01/2021,MHK,KS,ACE,CE,Federal Contract Tower,3,7,9,2,21,0,2,67,0,69,3,9,76,2,90,48,6,54,144
12/02/2021,MHK,KS,ACE,CE,Federal Contract Tower,3,9,3,0,15,0,4,62,8,74,3,13,65,8,89,110,0,110,199
12/03/2021,MHK,KS,ACE,CE,Federal Contract Tower,3,8,4,0,15,0,0,44,1,45,3,8,48,1,60,54,0,54,114
12/04/2021,MHK,KS,ACE,CE,Federal Contract Tower,3,6,4,0,13,0,0,39,1,40,3,6,43,1,53,88,4,92,145
12/05/2021,MHK,KS,ACE,CE,Federal Contract Tower,3,5,1,0,9,0,0,14,0,14,3,5,15,0,23,8,0,8,31
12/06/2021,MHK,KS,ACE,CE,Federal Contract Tower,4,12,7,3,26,0,0,26,4,30,4,12,33,7,56,96,0,96,152
12/07/2021,MHK,KS,ACE,CE,Federal Contract Tower,4,9,5,0,18,0,0,25,0,25,4,9,30,0,43,34,0,34,77
12/08/2021,MHK,KS,ACE,CE,Federal Contract Tower,3,13,17,0,33,0,4,23,2,29,3,17,40,2,62,74,8,82,144
12/09/2021,MHK,KS,ACE,CE,Federal Contract Tower,3,10,4,0,17,0,4,43,2,49,3,14,47,2,66,42,2,44,110
12/10/2021,MHK,KS,ACE,CE,Federal Contract Tower,3,6,10,7,26,0,0,31,0,31,3,6,41,7,57,6,0,6,63
12/11/2021,MHK,KS,ACE,CE,Federal Contract Tower,3,8,8,0,19,0,0,24,6,30,3,8,32,6,49,16,0,16,65
12/12/2021,MHK,KS,ACE,CE,Federal Contract Tower,3,9,10,0,22,0,0,6,0,6,3,9,16,0,28,0,0,0,28
12/13/2021,MHK,KS,ACE,CE,Federal Contract Tower,3,6,3,0,12,0,0,60,0,60,3,6,63,0,72,90,0,90,162
12/14/2021,MHK,KS,ACE,CE,Federal Contract Tower,3,8,8,0,19,0,0,18,1,19,3,8,26,1,38,0,72,72,110
12/15/2021,MHK,KS,ACE,CE,Federal Contract Tower,3,3,0,0,6,0,0,0,0,0,3,3,0,0,6,0,0,0,6
12/16/2021,MHK,KS,ACE,CE,Federal Contract Tower,2,6,5,0,13,0,0,39,0,39,2,6,44,0,52,70,0,70,122
12/17/2021,MHK,KS,ACE,CE,Federal Contract Tower,3,6,3,3,15,0,0,36,0,36,3,6,39,3,51,100,0,100,151
12/18/2021,MHK,KS,ACE,CE,Federal Contract Tower,3,6,9,2,20,0,0,12,0,12,3,6,21,2,32,4,0,4,36
12/19/2021,MHK,KS,ACE,CE,Federal Contract Tower,3,7,2,0,12,0,0,24,0,24,3,7,26,0,36,10,0,10,46
12/20/2021,MHK,KS,ACE,CE,Federal Contract Tower,2,10,3,0,15,0,0,28,0,28,2,10,31,0,43,32,0,32,75
12/21/2021,MHK,KS,ACE,CE,Federal Contract Tower,3,7,13,0,23,0,0,29,0,29,3,7,42,0,52,72,0,72,124
12/22/2021,MHK,KS,ACE,CE,Federal Contract Tower,3,6,6,0,15,0,0,25,0,25,3,6,31,0,40,70,0,70,110
12/23/2021,MHK,KS,ACE,CE,Federal Contract Tower,2,7,1,0,10,0,0,32,2,34,2,7,33,2,44,18,0,18,62
12/24/2021,MHK,KS,ACE,CE,Federal Contract Tower,2,3,1,0,6,0,0,13,0,13,2,3,14,0,19,22,0,22,41
12/25/2021,MHK,KS,ACE,CE,Federal Contract Tower,0,7,4,2,13,0,0,17,0,17,0,7,21,2,30,24,0,24,54
12/26/2021,MHK,KS,ACE,CE,Federal Contract Tower,2,7,8,0,17,0,0,7,0,7,2,7,15,0,24,0,0,0,24
12/27/2021,MHK,KS,ACE,CE,Federal Contract Tower,2,6,6,0,14,0,0,16,0,16,2,6,22,0,30,12,0,12,42
12/28/2021,MHK,KS,ACE,CE,Federal Contract Tower,2,5,6,0,13,0,0,11,0,11,2,5,17,0,24,0,0,0,24
12/29/2021,MHK,KS,ACE,CE,Federal Contract Tower,2,5,3,0,10,0,0,4,0,4,2,5,7,0,14,6,0,6,20
12/30/2021,MHK,KS,ACE,CE,Federal Contract Tower,7,5,5,0,17,0,0,31,1,32,7,5,36,1,49,30,0,30,79
12/31/2021,MHK,KS,ACE,CE,Federal Contract Tower,3,3,2,0,8,0,0,36,0,36,3,3,38,0,44,24,0,24,68
01/01/2022,MHK,KS,ACE,CE,Federal Contract Tower,2,5,0,0,7,0,0,0,0,0,2,5,0,0,7,0,0,0,7
01/02/2022,MHK,KS,ACE,CE,Federal Contract Tower,4,6,4,0,14,0,0,0,0,0,4,6,4,0,14,0,0,0,14
01/03/2022,MHK,KS,ACE,CE,Federal Contract Tower,2,7,10,0,19,0,0,26,0,26,2,7,36,0,45,14,0,14,59
01/04/2022,MHK,KS,ACE,CE,Federal Contract Tower,3,9,3,0,15,0,2,15,6,23,3,11,18,6,38,16,0,16,54
01/05/2022,MHK,KS,ACE,CE,Federal Contract Tower,6,6,5,15,32,0,0,30,0,30,6,6,35,15,62,16,0,16,78
01/06/2022,MHK,KS,ACE,CE,Federal Contract Tower,3,6,0,0,9,0,0,3,4,7,3,6,3,4,16,18,0,18,34
01/07/2022,MHK,KS,ACE,CE,Federal Contract Tower,5,6,2,0,13,0,0,22,0,22,5,6,24,0,35,14,0,14,49
01/08/2022,MHK,KS,ACE,CE,Federal Contract Tower,3,6,2,0,11,0,0,2,0,2,3,6,4,0,13,0,0,0,13
01/09/2022,MHK,KS,ACE,CE,Federal Contract Tower,3,5,5,0,13,0,0,32,0,32,3,5,37,0,45,70,0,70,115
01/10/2022,MHK,KS,ACE,CE,Federal Contract Tower,2,6,8,0,16,0,0,23,6,29,2,6,31,6,45,28,0,28,73
01/11/2022,MHK,KS,ACE,CE,Federal Contract Tower,5,6,5,3,19,0,0,19,2,21,5,6,24,5,40,34,8,42,82
01/12/2022,MHK,KS,ACE,CE,Federal Contract Tower,4,8,5,0,17,0,0,39,2,41,4,8,44,2,58,88,0,88,146
01/13/2022,MHK,KS,ACE,CE,Federal Contract Tower,2,8,4,2,16,0,0,36,1,37,2,8,40,3,53,86,2,88,141
01/14/2022,MHK,KS,ACE,CE,Federal Contract Tower,6,8,3,0,17,0,0,22,5,27,6,8,25,5,44,72,6,78,122
01/15/2022,MHK,KS,ACE,CE,Federal Contract Tower,7,5,0,2,14,0,0,0,2,2,7,5,0,4,16,0,0,0,16
01/16/2022,MHK,KS,ACE,CE,Federal Contract Tower,3,8,4,0,15,0,0,28,0,28,3,8,32,0,43,124,0,124,167
01/17/2022,MHK,KS,ACE,CE,Federal Contract Tower,5,10,3,0,18,0,0,25,0,25,5,10,28,0,43,0,0,0,43
01/18/2022,MHK,KS,ACE,CE,Federal Contract Tower,3,8,1,0,12,0,0,29,2,31,3,8,30,2,43,32,0,32,75
01/19/2022,MHK,KS,ACE,CE,Federal Contract Tower,3,6,9,0,18,0,0,1,10,11,3,6,10,10,29,0,0,0,29
01/20/2022,MHK,KS,ACE,CE,Federal Contract Tower,3,8,4,4,19,0,0,29,17,46,3,8,33,21,65,48,26,74,139
01/21/2022,MHK,KS,ACE,CE,Federal Contract Tower,3,11,11,2,27,0,0,40,0,40,3,11,51,2,67,42,0,42,109
01/22/2022,MHK,KS,ACE,CE,Federal Contract Tower,2,9,11,0,22,0,0,65,0,65,2,9,76,0,87,58,0,58,145
01/23/2022,MHK,KS,ACE,CE,Federal Contract Tower,2,7,5,0,14,0,0,0,0,0,2,7,5,0,14,54,0,54,68
01/24/2022,MHK,KS,ACE,CE,Federal Contract Tower,9,8,4,7,28,0,2,28,13,43,9,10,32,20,71,6,0,6,77
01/25/2022,MHK,KS,ACE,CE,Federal Contract Tower,4,6,13,2,25,0,0,33,10,43,4,6,46,12,68,64,10,74,142
01/26/2022,MHK,KS,ACE,CE,Federal Contract Tower,3,8,4,2,17,0,2,36,5,43,3,10,40,7,60,74,0,74,134
01/27/2022,MHK,KS,ACE,CE,Federal Contract Tower,3,11,6,0,20,0,0,44,4,48,3,11,50,4,68,64,0,64,132
01/28/2022,MHK,KS,ACE,CE,Federal Contract Tower,3,5,12,1,21,0,2,38,0,40,3,7,50,1,61,130,0,130,191
01/29/2022,MHK,KS,ACE,CE,Federal Contract Tower,5,6,4,0,15,0,0,48,0,48,5,6,52,0,63,26,0,26,89
01/30/2022,MHK,KS,ACE,CE,Federal Contract Tower,3,8,5,0,16,0,0,29,0,29,3,8,34,0,45,0,0,0,45
01/31/2022,MHK,KS,ACE,CE,Federal Contract Tower,5,5,1,0,11,0,0,32,21,53,5,5,33,21,64,50,12,62,126
02/01/2022,MHK,KS,ACE,CE,Federal Contract Tower,4,4,2,0,10,0,0,19,9,28,4,4,21,9,38,40,0,40,78
02/02/2022,MHK,KS,ACE,CE,Federal Contract Tower,14,5,1,0,20,0,0,3,0,3,14,5,4,0,23,0,0,0,23
02/03/2022,MHK,KS,ACE,CE,Federal Contract Tower,1,4,4,2,11,0,0,8,20,28,1,4,12,22,39,16,42,58,97
02/04/2022,MHK,KS,ACE,CE,Federal Contract Tower,11,6,7,2,26,0,2,30,3,35,11,8,37,5,61,54,0,54,115
02/05/2022,MHK,KS,ACE,CE,Federal Contract Tower,4,6,0,0,10,0,0,19,0,19,4,6,19,0,29,4,0,4,33
02/06/2022,MHK,KS,ACE,CE,Federal Contract Tower,6,7,1,0,14,0,0,24,0,24,6,7,25,0,38,28,0,28,66
02/07/2022,MHK,KS,ACE,CE,Federal Contract Tower,3,6,3,1,13,0,2,23,0,25,3,8,26,1,38,28,0,28,66
02/08/2022,MHK,KS,ACE,CE,Federal Contract Tower,4,4,5,0,13,0,2,23,0,25,4,6,28,0,38,40,0,40,78
02/09/2022,MHK,KS,ACE,CE,Federal Contract Tower,3,8,5,0,16,0,0,18,0,18,3,8,23,0,34,26,0,26,60
02/10/2022,MHK,KS,ACE,CE,Federal Contract Tower,2,8,0,0,10,0,0,46,0,46,2,8,46,0,56,82,0,82,138
02/11/2022,MHK,KS,ACE,CE,Federal Contract Tower,4,7,6,2,19,0,0,20,0,20,4,7,26,2,39,6,0,6,45
02/12/2022,MHK,KS,ACE,CE,Federal Contract Tower,6,4,6,6,22,0,0,69,0,69,6,4,75,6,91,144,0,144,235
02/13/2022,MHK,KS,ACE,CE,Federal Contract Tower,2,5,6,0,13,0,0,42,0,42,2,5,48,0,55,50,0,50,105
02/14/2022,MHK,KS,ACE,CE,Federal Contract Tower,5,8,6,0,19,0,1,43,20,64,5,9,49,20,83,98,0,98,181
02/15/2022,MHK,KS,ACE,CE,Federal Contract Tower,2,3,9,0,14,0,0,0,6,6,2,3,9,6,20,0,0,0,20
02/16/2022,MHK,KS,ACE,CE,Federal Contract Tower,4,3,4,0,11,0,2,24,36,62,4,5,28,36,73,178,30,208,281
02/17/2022,MHK,KS,ACE,CE,Federal Contract Tower,2,3,2,0,7,0,0,6,4,10,2,3,8,4,17,0,0,0,17
02/18/2022,MHK,KS,ACE,CE,Federal Contract Tower,1,6,11,0,18,0,0,32,0,32,1,6,43,0,50,56,0,56,106
02/19/2022,MHK,KS,ACE,CE,Federal Contract Tower,0,6,6,2,14,0,0,43,0,43,0,6,49,2,57,28,0,28,85
02/20/2022,MHK,KS,ACE,CE,Federal Contract Tower,0,8,5,0,13,0,0,0,0,0,0,8,5,0,13,106,0,106,119
02/21/2022,MHK,KS,ACE,CE,Federal Contract Tower,2,8,3,0,13,0,0,74,0,74,2,8,77,0,87,124,0,124,211
02/22/2022,MHK,KS,ACE,CE,Federal Contract Tower,1,8,3,2,14,0,0,3,18,21,1,8,6,20,35,0,0,0,35
02/23/2022,MHK,KS,ACE,CE,Federal Contract Tower,1,5,13,3,22,0,0,18,35,53,1,5,31,38,75,24,32,56,131
02/24/2022,MHK,KS,ACE,CE,Federal Contract Tower,0,3,3,0,6,0,0,0,17,17,0,3,3,17,23,0,38,38,61
02/25/2022,MHK,KS,ACE,CE,Federal Contract Tower,3,5,10,0,18,0,0,71,8,79,3,5,81,8,97,52,0,52,149
02/26/2022,MHK,KS,ACE,CE,Federal Contract Tower,2,3,6,2,13,0,0,59,0,59,2,3,65,2,72,52,0,52,124
02/27/2022,MHK,KS,ACE,CE,Federal Contract Tower,2,6,11,0,19,0,0,56,0,56,2,6,67,0,75,54,0,54,129
02/28/2022,MHK,KS,ACE,CE,Federal Contract Tower,2,8,9,4,23,0,0,36,27,63,2,8,45,31,86,82,38,120,206
03/01/2022,MHK,KS,ACE,CE,Federal Contract Tower,2,7,8,2,19,0,4,61,22,87,2,11,69,24,106,132,14,146,252
03/02/2022,MHK,KS,ACE,CE,Federal Contract Tower,10,7,7,2,26,0,0,58,17,75,10,7,65,19,101,52,6,58,159
03/03/2022,MHK,KS,ACE,CE,Federal Contract Tower,9,6,12,2,29,0,6,36,14,56,9,12,48,16,85,106,0,106,191
03/04/2022,MHK,KS,ACE,CE,Federal Contract Tower,7,10,5,2,24,0,0,15,0,15,7,10,20,2,39,52,0,52,91
03/05/2022,MHK,KS,ACE,CE,Federal Contract Tower,4,9,10,0,23,0,0,1,0,1,4,9,11,0,24,0,0,0,24
03/06/2022,MHK,KS,ACE,CE,Federal Contract Tower,3,5,0,0,8,0,0,26,0,26,3,5,26,0,34,6,0,6,40
03/07/2022,MHK,KS,ACE,CE,Federal Contract Tower,3,5,2,5,15,0,0,39,23,62,3,5,41,28,77,64,8,72,149
03/08/2022,MHK,KS,ACE,CE,Federal Contract Tower,2,5,5,6,18,0,0,41,10,51,2,5,46,16,69,84,60,144,213
03/09/2022,MHK,KS,ACE,CE,Federal Contract Tower,3,8,7,1,19,0,6,42,2,50,3,14,49,3,69,74,0,74,143
03/10/2022,MHK,KS,ACE,CE,Federal Contract Tower,3,7,0,0,10,0,0,0,0,0,3,7,0,0,10,0,0,0,10
03/11/2022,MHK,KS,ACE,CE,Federal Contract Tower,3,9,10,2,24,0,0,24,4,28,3,9,34,6,52,86,0,86,138
03/12/2022,MHK,KS,ACE,CE,Federal Contract Tower,3,7,7,0,17,0,0,55,0,55,3,7,62,0,72,40,0,40,112
03/13/2022,MHK,KS,ACE,CE,Federal Contract Tower,3,8,5,0,16,0,0,40,0,40,3,8,45,0,56,30,0,30,86
03/14/2022,MHK,KS,ACE,CE,Federal Contract Tower,5,8,8,9,30,0,0,99,14,113,5,8,107,23,143,100,0,100,243
03/15/2022,MHK,KS,ACE,CE,Federal Contract Tower,3,4,2,0,9,0,0,59,5,64,3,4,61,5,73,200,6,206,279
03/16/2022,MHK,KS,ACE,CE,Federal Contract Tower,3,6,6,1,16,0,0,70,2,72,3,6,76,3,88,126,0,126,214
03/17/2022,MHK,KS,ACE,CE,Federal Contract Tower,5,5,5,1,16,0,0,36,1,37,5,5,41,2,53,54,4,58,111
03/18/2022,MHK,KS,ACE,CE,Federal Contract Tower,3,5,1,3,12,0,0,9,0,9,3,5,10,3,21,20,0,20,41
03/19/2022,MHK,KS,ACE,CE,Federal Contract Tower,3,5,2,2,12,0,0,66,4,70,3,5,68,6,82,148,0,148,230
03/20/2022,MHK,KS,ACE,CE,Federal Contract Tower,3,9,7,0,19,0,0,22,0,22,3,9,29,0,41,80,0,80,121
03/21/2022,MHK,KS,ACE,CE,Federal Contract Tower,4,5,3,0,12,0,0,10,4,14,4,5,13,4,26,0,12,12,38
03/22/2022,MHK,KS,ACE,CE,Federal Contract Tower,2,4,2,1,9,0,0,0,0,0,2,4,2,1,9,0,0,0,9
03/23/2022,MHK,KS,ACE,CE,Federal Contract Tower,3,4,6,7,20,0,0,2,12,14,3,4,8,19,34,2,0,2,36
03/24/2022,MHK,KS,ACE,CE,Federal Contract Tower,3,10,5,1,19,0,0,29,23,52,3,10,34,24,71,104,4,108,179
03/25/2022,MHK,KS,ACE,CE,Federal Contract Tower,3,8,8,0,19,0,2,46,2,50,3,10,54,2,69,121,0,121,190
03/26/2022,MHK,KS,ACE,CE,Federal Contract Tower,3,6,2,3,14,0,0,61,0,61,3,6,63,3,75,236,0,236,311
03/27/2022,MHK,KS,ACE,CE,Federal Contract Tower,3,5,6,0,14,0,0,0,0,0,3,5,6,0,14,140,0,140,154
03/28/2022,MHK,KS,ACE,CE,Federal Contract Tower,3,8,8,1,20,0,0,0,0,0,3,8,8,1,20,76,0,76,96
03/29/2022,MHK,KS,ACE,CE,Federal Contract Tower,3,4,4,2,13,0,0,6,7,13,3,4,10,9,26,22,4,26,52
03/30/2022,MHK,KS,ACE,CE,Federal Contract Tower,3,4,4,0,11,0,0,13,10,23,3,4,17,10,34,158,0,158,192
03/31/2022,MHK,KS,ACE,CE,Federal Contract Tower,5,5,6,0,16,0,2,26,5,33,5,7,32,5,49,126,6,132,181
04/01/2022,MHK,KS,ACE,CE,Federal Contract Tower,3,9,10,1,23,0,0,39,2,41,3,9,49,3,64,88,0,88,152
04/02/2022,MHK,KS,ACE,CE,Federal Contract Tower,3,6,1,0,10,0,1,70,0,71,3,7,71,0,81,156,0,156,237
04/03/2022,MHK,KS,ACE,CE,Federal Contract Tower,2,9,5,0,16,0,37,0,0,37,2,46,5,0,53,80,0,80,133
04/04/2022,MHK,KS,ACE,CE,Federal Contract Tower,4,6,4,6,20,0,4,58,59,121,4,10,62,65,141,264,30,294,435
04/05/2022,MHK,KS,ACE,CE,Federal Contract Tower,3,13,4,8,28,0,1,3,27,31,3,14,7,35,59,62,80,142,201
04/06/2022,MHK,KS,ACE,CE,Federal Contract Tower,5,12,10,2,29,0,0,22,25,47,5,12,32,27,76,36,0,36,112
04/07/2022,MHK,KS,ACE,CE,Federal Contract Tower,5,6,4,0,15,0,0,5,11,16,5,6,9,11,31,0,0,0,31
04/08/2022,MHK,KS,ACE,CE,Federal Contract Tower,7,6,7,13,33,0,2,24,9,35,7,8,31,22,68,24,0,24,92
04/09/2022,MHK,KS,ACE,CE,Federal Contract Tower,4,5,4,0,13,0,0,60,1,61,4,5,64,1,74,48,0,48,122
04/10/2022,MHK,KS,ACE,CE,Federal Contract Tower,6,3,1,0,10,0,0,0,0,0,6,3,1,0,10,64,0,64,74
04/11/2022,MHK,KS,ACE,CE,Federal Contract Tower,5,4,3,5,17,0,0,68,28,96,5,4,71,33,113,154,42,196,309
04/12/2022,MHK,KS,ACE,CE,Federal Contract Tower,5,4,4,3,16,0,0,0,0,0,5,4,4,3,16,0,0,0,16
04/13/2022,MHK,KS,ACE,CE,Federal Contract Tower,7,4,1,0,12,0,2,48,44,94,7,6,49,44,106,166,12,178,284
04/14/2022,MHK,KS,ACE,CE,Federal Contract Tower,5,6,4,1,16,0,4,62,13,79,5,10,66,14,95,118,0,118,213
04/15/2022,MHK,KS,ACE,CE,Federal Contract Tower,4,6,5,2,17,0,0,42,0,42,4,6,47,2,59,92,0,92,151
04/16/2022,MHK,KS,ACE,CE,Federal Contract Tower,5,5,4,0,14,0,0,35,2,37,5,5,39,2,51,48,0,48,99
04/17/2022,MHK,KS,ACE,CE,Federal Contract Tower,5,5,5,0,15,0,0,18,0,18,5,5,23,0,33,36,0,36,69
04/18/2022,MHK,KS,ACE,CE,Federal Contract Tower,5,6,8,0,19,0,3,45,0,48,5,9,53,0,67,110,0,110,177
04/19/2022,MHK,KS,ACE,CE,Federal Contract Tower,4,5,11,0,20,0,0,21,23,44,4,5,32,23,64,82,28,110,174
04/20/2022,MHK,KS,ACE,CE,Federal Contract Tower,5,11,9,0,25,0,1,18,3,22,5,12,27,3,47,38,30,68,115
04/21/2022,MHK,KS,ACE,CE,Federal Contract Tower,5,9,18,3,35,0,0,26,7,33,5,9,44,10,68,40,0,40,108
04/22/2022,MHK,KS,ACE,CE,Federal Contract Tower,6,5,7,0,18,0,2,3,0,5,6,7,10,0,23,0,0,0,23
04/23/2022,MHK,KS,ACE,CE,Federal Contract Tower,6,3,2,0,11,0,0,0,0,0,6,3,2,0,11,0,0,0,11
04/24/2022,MHK,KS,ACE,CE,Federal Contract Tower,5,4,6,0,15,0,0,45,1,46,5,4,51,1,61,34,0,34,95
04/25/2022,MHK,KS,ACE,CE,Federal Contract Tower,5,13,10,1,29,0,8,48,9,65,5,21,58,10,94,38,8,46,140
04/26/2022,MHK,KS,ACE,CE,Federal Contract Tower,7,4,13,0,24,0,6,89,16,111,7,10,102,16,135,116,0,116,251
04/27/2022,MHK,KS,ACE,CE,Federal Contract Tower,4,4,13,1,22,0,1,7,6,14,4,5,20,7,36,4,12,16,52
04/28/2022,MHK,KS,ACE,CE,Federal Contract Tower,4,6,4,0,14,0,0,50,15,65,4,6,54,15,79,66,18,84,163
04/29/2022,MHK,KS,ACE,CE,Federal Contract Tower,5,6,7,2,20,0,0,5,0,5,5,6,12,2,25,0,0,0,25
04/30/2022,MHK,KS,ACE,CE,Federal Contract Tower,6,3,6,0,15,0,2,3,0,5,6,5,9,0,20,2,0,2,22
05/01/2022,MHK,KS,ACE,CE,Federal Contract Tower,5,4,8,0,17,0,2,57,0,59,5,6,65,0,76,66,0,66,142
05/02/2022,MHK,KS,ACE,CE,Federal Contract Tower,5,7,1,3,16,0,0,0,0,0,5,7,1,3,16,0,0,0,16
05/03/2022,MHK,KS,ACE,CE,Federal Contract Tower,5,12,13,3,33,0,0,11,3,14,5,12,24,6,47,76,18,94,141
05/04/2022,MHK,KS,ACE,CE,Federal Contract Tower,5,5,3,0,13,0,0,3,0,3,5,5,6,0,16,50,0,50,66
05/05/2022,MHK,KS,ACE,CE,Federal Contract Tower,2,4,8,0,14,0,0,0,0,0,2,4,8,0,14,0,0,0,14
05/06/2022,MHK,KS,ACE,CE,Federal Contract Tower,4,6,13,4,27,0,0,13,3,16,4,6,26,7,43,108,0,108,151
05/07/2022,MHK,KS,ACE,CE,Federal Contract Tower,4,4,2,0,10,0,0,37,4,41,4,4,39,4,51,28,0,28,79
05/08/2022,MHK,KS,ACE,CE,Federal Contract Tower,5,4,4,0,13,0,0,20,0,20,5,4,24,0,33,34,0,34,67
05/09/2022,MHK,KS,ACE,CE,Federal Contract Tower,4,4,6,0,14,0,0,21,0,21,4,4,27,0,35,12,0,12,47
05/10/2022,MHK,KS,ACE,CE,Federal Contract Tower,4,4,8,2,18,0,0,61,9,70,4,4,69,11,88,62,0,62,150
05/11/2022,MHK,KS,ACE,CE,Federal Contract Tower,4,8,5,2,19,0,2,42,4,48,4,10,47,6,67,34,0,34,101
05/12/2022,MHK,KS,ACE,CE,Federal Contract Tower,5,5,7,0,17,0,0,18,2,20,5,5,25,2,37,10,0,10,47
05/13/2022,MHK,KS,ACE,CE,Federal Contract Tower,4,7,12,5,28,0,0,31,3,34,4,7,43,8,62,54,0,54,116
05/14/2022,MHK,KS,ACE,CE,Federal Contract Tower,5,5,6,0,16,0,0,58,2,60,5,5,64,2,76,68,0,68,144
05/15/2022,MHK,KS,ACE,CE,Federal Contract Tower,4,11,5,2,22,0,0,0,0,0,4,11,5,2,22,108,0,108,130
05/16/2022,MHK,KS,ACE,CE,Federal Contract Tower,4,4,3,3,14,0,0,62,1,63,4,4,65,4,77,76,0,76,153
05/17/2022,MHK,KS,ACE,CE,Federal Contract Tower,3,6,5,2,16,0,0,51,3,54,3,6,56,5,70,52,0,52,122
05/18/2022,MHK,KS,ACE,CE,Federal Contract Tower,5,4,16,0,25,0,0,84,6,90,5,4,100,6,115,136,8,144,259
05/19/2022,MHK,KS,ACE,CE,Federal Contract Tower,4,6,13,0,23,0,0,68,1,69,4,6,81,1,92,156,0,156,248
05/20/2022,MHK,KS,ACE,CE,Federal Contract Tower,4,3,4,2,13,0,1,51,0,52,4,4,55,2,65,36,2,38,103
05/21/2022,MHK,KS,ACE,CE,Federal Contract Tower,5,6,7,0,18,0,0,47,0,47,5,6,54,0,65,40,0,40,105
05/22/2022,MHK,KS,ACE,CE,Federal Contract Tower,4,6,5,2,17,0,0,58,0,58,4,6,63,2,75,60,0,60,135
05/23/2022,MHK,KS,ACE,CE,Federal Contract Tower,4,6,21,0,31,0,0,14,4,18,4,6,35,4,49,28,0,28,77
05/24/2022,MHK,KS,ACE,CE,Federal Contract Tower,6,7,1,0,14,0,0,0,0,0,6,7,1,0,14,0,0,0,14
05/25/2022,MHK,KS,ACE,CE,Federal Contract Tower,5,5,6,0,16,0,0,0,0,0,5,5,6,0,16,0,0,0,16
05/26/2022,MHK,KS,ACE,CE,Federal Contract Tower,5,8,13,0,26,0,0,8,0,8,5,8,21,0,34,86,12,98,132
05/27/2022,MHK,KS,ACE,CE,Federal Contract Tower,5,6,9,0,20,0,0,43,0,43,5,6,52,0,63,186,0,186,249
05/28/2022,MHK,KS,ACE,CE,Federal Contract Tower,5,4,3,2,14,0,48,14,0,62,5,52,17,2,76,10,0,10,86
05/29/2022,MHK,KS,ACE,CE,Federal Contract Tower,5,4,3,0,12,0,0,4,0,4,5,4,7,0,16,0,0,0,16
05/30/2022,MHK,KS,ACE,CE,Federal Contract Tower,5,5,4,1,15,0,0,0,0,0,5,5,4,1,15,0,0,0,15
05/31/2022,MHK,KS,ACE,CE,Federal Contract Tower,5,6,7,0,18,0,0,43,4,47,5,6,50,4,65,90,10,100,165
06/01/2022,MHK,KS,ACE,CE,Federal Contract Tower,3,3,11,1,18,0,0,39,24,63,3,3,50,25,81,32,2,34,115
06/02/2022,MHK,KS,ACE,CE,Federal Contract Tower,5,4,4,2,15,0,0,70,3,73,5,4,74,5,88,94,10,104,192
06/03/2022,MHK,KS,ACE,CE,Federal Contract Tower,3,6,8,0,17,0,1,89,2,92,3,7,97,2,109,64,0,64,173
06/04/2022,MHK,KS,ACE,CE,Federal Contract Tower,2,5,7,0,14,0,0,25,0,25,2,5,32,0,39,68,0,68,107
06/05/2022,MHK,KS,ACE,CE,Federal Contract Tower,3,8,26,0,37,0,0,42,0,42,3,8,68,0,79,112,0,112,191
06/06/2022,MHK,KS,ACE,CE,Federal Contract Tower,3,12,16,1,32,0,0,51,3,54,3,12,67,4,86,66,0,66,152
06/07/2022,MHK,KS,ACE,CE,Federal Contract Tower,2,8,27,0,37,0,0,62,14,76,2,8,89,14,113,116,22,138,251
06/08/2022,MHK,KS,ACE,CE,Federal Contract Tower,2,7,12,0,21,0,0,44,4,48,2,7,56,4,69,94,13,107,176
06/09/2022,MHK,KS,ACE,CE,Federal Contract Tower,2,8,11,2,23,0,2,72,10,84,2,10,83,12,107,136,18,154,261
06/10/2022,MHK,KS,ACE,CE,Federal Contract Tower,3,12,2,0,17,0,11,45,0,56,3,23,47,0,73,80,0,80,153
06/11/2022,MHK,KS,ACE,CE,Federal Contract Tower,1,6,5,2,14,0,0,44,0,44,1,6,49,2,58,54,0,54,112
06/12/2022,MHK,KS,ACE,CE,Federal Contract Tower,0,6,0,0,6,0,0,14,0,14,0,6,14,0,20,12,0,12,32
06/13/2022,MHK,KS,ACE,CE,Federal Contract Tower,3,11,2,2,18,0,0,12,0,12,3,11,14,2,30,0,0,0,30
06/14/2022,MHK,KS,ACE,CE,Federal Contract Tower,3,9,2,6,20,0,0,11,0,11,3,9,13,6,31,22,0,22,53
06/15/2022,MHK,KS,ACE,CE,Federal Contract Tower,3,13,3,0,19,0,0,36,7,43,3,13,39,7,62,42,12,54,116
06/16/2022,MHK,KS,ACE,CE,Federal Contract Tower,3,11,3,0,17,0,0,47,0,47,3,11,50,0,64,62,0,62,126
06/17/2022,MHK,KS,ACE,CE,Federal Contract Tower,2,13,11,3,29,0,1,50,0,51,2,14,61,3,80,30,0,30,110
06/18/2022,MHK,KS,ACE,CE,Federal Contract Tower,1,6,1,0,8,0,0,24,0,24,1,6,25,0,32,32,0,32,64
06/19/2022,MHK,KS,ACE,CE,Federal Contract Tower,3,10,2,0,15,0,0,15,0,15,3,10,17,0,30,8,0,8,38
06/20/2022,MHK,KS,ACE,CE,Federal Contract Tower,3,8,7,0,18,0,0,30,0,30,3,8,37,0,48,24,0,24,72
06/21/2022,MHK,KS,ACE,CE,Federal Contract Tower,3,6,5,2,16,0,2,39,6,47,3,8,44,8,63,84,0,84,147
06/22/2022,MHK,KS,ACE,CE,Federal Contract Tower,3,7,14,4,28,0,0,13,8,21,3,7,27,12,49,22,0,22,71
06/23/2022,MHK,KS,ACE,CE,Federal Contract Tower,3,6,12,0,21,0,0,2,0,2,3,6,14,0,23,0,0,0,23
06/24/2022,MHK,KS,ACE,CE,Federal Contract Tower,3,8,12,0,23,0,0,25,0,25,3,8,37,0,48,40,0,40,88
06/25/2022,MHK,KS,ACE,CE,Federal Contract Tower,1,6,2,0,9,0,0,25,0,25,1,6,27,0,34,60,0,60,94
06/26/2022,MHK,KS,ACE,CE,Federal Contract Tower,3,9,9,0,21,0,0,32,0,32,3,9,41,0,53,42,0,42,95
06/27/2022,MHK,KS,ACE,CE,Federal Contract Tower,3,7,9,4,23,0,0,41,2,43,3,7,50,6,66,74,2,76,142
06/28/2022,MHK,KS,ACE,CE,Federal Contract Tower,3,10,9,2,24,0,0,39,7,46,3,10,48,9,70,102,0,102,172
06/29/2022,MHK,KS,ACE,CE,Federal Contract Tower,3,9,7,0,19,0,4,44,7,55,3,13,51,7,74,82,8,90,164
06/30/2022,MHK,KS,ACE,CE,Federal Contract Tower,3,8,4,0,15,0,0,51,5,56,3,8,55,5,71,40,0,40,111
07/01/2022,MHK,KS,ACE,CE,Federal Contract Tower,3,8,2,0,13,0,2,35,0,37,3,10,37,0,50,104,0,104,154
07/02/2022,MHK,KS,ACE,CE,Federal Contract Tower,1,8,4,2,15,0,0,4,0,4,1,8,8,2,19,8,0,8,27
07/03/2022,MHK,KS,ACE,CE,Federal Contract Tower,3,6,2,0,11,0,0,6,0,6,3,6,8,0,17,26,0,26,43
07/04/2022,MHK,KS,ACE,CE,Federal Contract Tower,3,10,1,0,14,0,0,13,0,13,3,10,14,0,27,2,0,2,29
07/05/2022,MHK,KS,ACE,CE,Federal Contract Tower,3,5,2,0,10,0,0,31,3,34,3,5,33,3,44,82,6,88,132
07/06/2022,MHK,KS,ACE,CE,Federal Contract Tower,3,9,4,0,16,0,0,26,2,28,3,9,30,2,44,24,0,24,68
07/07/2022,MHK,KS,ACE,CE,Federal Contract Tower,3,5,3,0,11,0,0,25,1,26,3,5,28,1,37,52,6,58,95
07/08/2022,MHK,KS,ACE,CE,Federal Contract Tower,3,6,6,0,15,0,0,30,0,30,3,6,36,0,45,88,0,88,133
07/09/2022,MHK,KS,ACE,CE,Federal Contract Tower,1,6,6,10,23,0,4,48,0,52,1,10,54,10,75,28,0,28,103
07/10/2022,MHK,KS,ACE,CE,Federal Contract Tower,3,6,4,0,13,0,0,68,0,68,3,6,72,0,81,40,0,40,121
07/11/2022,MHK,KS,ACE,CE,Federal Contract Tower,3,10,2,1,16,0,2,78,9,89,3,12,80,10,105,86,8,94,199
07/12/2022,MHK,KS,ACE,CE,Federal Contract Tower,3,8,3,2,16,0,0,57,4,61,3,8,60,6,77,24,0,24,101
07/13/2022,MHK,KS,ACE,CE,Federal Contract Tower,3,8,8,0,19,0,0,80,2,82,3,8,88,2,101,160,0,160,261
07/14/2022,MHK,KS,ACE,CE,Federal Contract Tower,3,5,8,0,16,0,0,53,4,57,3,5,61,4,73,72,8,80,153
07/15/2022,MHK,KS,ACE,CE,Federal Contract Tower,3,6,4,4,17,0,0,58,2,60,3,6,62,6,77,144,0,144,221
07/16/2022,MHK,KS,ACE,CE,Federal Contract Tower,1,6,6,0,13,0,0,42,0,42,1,6,48,0,55,84,0,84,139
07/17/2022,MHK,KS,ACE,CE,Federal Contract Tower,3,7,6,0,16,0,0,14,0,14,3,7,20,0,30,22,0,22,52
07/18/2022,MHK,KS,ACE,CE,Federal Contract Tower,3,12,5,4,24,0,2,32,10,44,3,14,37,14,68,20,0,20,88
07/19/2022,MHK,KS,ACE,CE,Federal Contract Tower,3,6,4,0,13,0,0,39,2,41,3,6,43,2,54,28,0,28,82
07/20/2022,MHK,KS,ACE,CE,Federal Contract Tower,4,8,5,2,19,0,0,51,2,53,4,8,56,4,72,44,0,44,116
07/21/2022,MHK,KS,ACE,CE,Federal Contract Tower,3,6,7,0,16,0,2,56,4,62,3,8,63,4,78,106,12,118,196
07/22/2022,MHK,KS,ACE,CE,Federal Contract Tower,3,6,4,2,15,0,0,28,0,28,3,6,32,2,43,22,0,22,65
07/23/2022,MHK,KS,ACE,CE,Federal Contract Tower,1,4,3,0,8,0,0,30,0,30,1,4,33,0,38,14,0,14,52
07/24/2022,MHK,KS,ACE,CE,Federal Contract Tower,3,7,4,0,14,0,0,50,0,50,3,7,54,0,64,34,0,34,98
07/25/2022,MHK,KS,ACE,CE,Federal Contract Tower,3,6,15,0,24,0,0,9,6,15,3,6,24,6,39,26,0,26,65
07/26/2022,MHK,KS,ACE,CE,Federal Contract Tower,3,8,6,0,17,0,0,7,7,14,3,8,13,7,31,4,0,4,35
07/27/2022,MHK,KS,ACE,CE,Federal Contract Tower,3,8,9,0,20,0,0,46,13,59,3,8,55,13,79,114,0,114,193
07/28/2022,MHK,KS,ACE,CE,Federal Contract Tower,3,6,8,2,19,0,0,23,0,23,3,6,31,2,42,94,0,94,136
07/29/2022,MHK,KS,ACE,CE,Federal Contract Tower,4,7,14,0,25,0,0,32,4,36,4,7,46,4,61,90,0,90,151
07/30/2022,MHK,KS,ACE,CE,Federal Contract Tower,1,6,9,0,16,0,0,28,0,28,1,6,37,0,44,34,0,34,78
07/31/2022,MHK,KS,ACE,CE,Federal Contract Tower,3,6,2,0,11,0,2,35,0,37,3,8,37,0,48,56,0,56,104
08/01/2022,MHK,KS,ACE,CE,Federal Contract Tower,3,10,9,6,28,0,4,72,2,78,3,14,81,8,106,100,0,100,206
08/02/2022,MHK,KS,ACE,CE,Federal Contract Tower,3,8,5,4,20,0,0,51,0,51,3,8,56,4,71,54,0,54,125
08/03/2022,MHK,KS,ACE,CE,Federal Contract Tower,3,6,6,0,15,0,2,35,6,43,3,8,41,6,58,20,0,20,78
08/04/2022,MHK,KS,ACE,CE,Federal Contract Tower,3,10,13,0,26,0,0,39,4,43,3,10,52,4,69,56,0,56,125
08/05/2022,MHK,KS,ACE,CE,Federal Contract Tower,3,5,2,2,12,0,2,42,6,50,3,7,44,8,62,50,0,50,112
08/06/2022,MHK,KS,ACE,CE,Federal Contract Tower,1,6,3,0,10,0,0,27,0,27,1,6,30,0,37,16,0,16,53
08/07/2022,MHK,KS,ACE,CE,Federal Contract Tower,3,6,5,0,14,0,0,28,0,28,3,6,33,0,42,16,0,16,58
08/08/2022,MHK,KS,ACE,CE,Federal Contract Tower,3,8,12,4,27,0,0,4,0,4,3,8,16,4,31,24,0,24,55
08/09/2022,MHK,KS,ACE,CE,Federal Contract Tower,3,9,3,0,15,0,4,56,4,64,3,13,59,4,79,88,2,90,169
08/10/2022,MHK,KS,ACE,CE,Federal Contract Tower,3,5,7,0,15,0,0,55,2,57,3,5,62,2,72,50,0,50,122
08/11/2022,MHK,KS,ACE,CE,Federal Contract Tower,3,8,3,2,16,0,0,38,4,42,3,8,41,6,58,84,2,86,144
08/12/2022,MHK,KS,ACE,CE,Federal Contract Tower,3,8,1,0,12,0,0,60,0,60,3,8,61,0,72,96,0,96,168
08/13/2022,MHK,KS,ACE,CE,Federal Contract Tower,1,8,2,0,11,0,1,34,0,35,1,9,36,0,46,28,0,28,74
08/14/2022,MHK,KS,ACE,CE,Federal Contract Tower,3,10,5,0,18,0,0,63,6,69,3,10,68,6,87,80,0,80,167
08/15/2022,MHK,KS,ACE,CE,Federal Contract Tower,3,8,0,2,13,0,0,28,10,38,3,8,28,12,51,80,14,94,145
08/16/2022,MHK,KS,ACE,CE,Federal Contract Tower,3,5,11,5,24,0,0,0,2,2,3,5,11,7,26,0,0,0,26
08/17/2022,MHK,KS,ACE,CE,Federal Contract Tower,2,6,13,0,21,0,2,55,8,65,2,8,68,8,86,98,6,104,190
08/18/2022,MHK,KS,ACE,CE,Federal Contract Tower,3,6,7,0,16,0,0,57,11,68,3,6,64,11,84,118,4,122,206
08/19/2022,MHK,KS,ACE,CE,Federal Contract Tower,3,6,6,2,17,0,0,3,0,3,3,6,9,2,20,18,0,18,38
08/20/2022,MHK,KS,ACE,CE,Federal Contract Tower,3,6,6,0,15,0,0,70,0,70,3,6,76,0,85,34,0,34,119
08/21/2022,MHK,KS,ACE,CE,Federal Contract Tower,2,6,7,4,19,0,0,90,0,90,2,6,97,4,109,86,0,86,195
08/22/2022,MHK,KS,ACE,CE,Federal Contract Tower,3,8,15,2,28,0,0,95,8,103,3,8,110,10,131,44,0,44,175
08/23/2022,MHK,KS,ACE,CE,Federal Contract Tower,5,7,17,0,29,0,4,86,2,92,5,11,103,2,121,106,0,106,227
08/24/2022,MHK,KS,ACE,CE,Federal Contract Tower,3,7,19,0,29,0,2,84,2,88,3,9,103,2,117,50,0,50,167
08/25/2022,MHK,KS,ACE,CE,Federal Contract Tower,2,7,2,2,13,0,6,52,6,64,2,13,54,8,77,14,0,14,91
08/26/2022,MHK,KS,ACE,CE,Federal Contract Tower,2,7,17,0,26,0,0,30,0,30,2,7,47,0,56,66,0,66,122
08/27/2022,MHK,KS,ACE,CE,Federal Contract Tower,5,6,5,1,17,0,0,25,0,25,5,6,30,1,42,20,0,20,62
08/28/2022,MHK,KS,ACE,CE,Federal Contract Tower,2,8,8,0,18,0,2,18,0,20,2,10,26,0,38,16,0,16,54
08/29/2022,MHK,KS,ACE,CE,Federal Contract Tower,3,6,0,0,9,0,0,50,8,58,3,6,50,8,67,80,0,80,147
08/30/2022,MHK,KS,ACE,CE,Federal Contract Tower,3,9,2,0,14,0,2,44,8,54,3,11,46,8,68,50,0,50,118
08/31/2022,MHK,KS,ACE,CE,Federal Contract Tower,3,7,4,0,14,0,2,41,11,54,3,9,45,11,68,102,16,118,186
09/01/2022,MHK,KS,ACE,CE,Federal Contract Tower,3,8,12,0,23,0,2,76,4,82,3,10,88,4,105,184,0,184,289
09/02/2022,MHK,KS,ACE,CE,Federal Contract Tower,2,8,14,0,24,0,4,59,0,63,2,12,73,0,87,86,0,86,173
09/03/2022,MHK,KS,ACE,CE,Federal Contract Tower,4,8,7,0,19,0,2,30,0,32,4,10,37,0,51,12,0,12,63
09/04/2022,MHK,KS,ACE,CE,Federal Contract Tower,1,9,8,0,18,0,0,63,0,63,1,9,71,0,81,72,0,72,153
09/05/2022,MHK,KS,ACE,CE,Federal Contract Tower,3,6,14,0,23,0,0,52,0,52,3,6,66,0,75,40,0,40,115
09/06/2022,MHK,KS,ACE,CE,Federal Contract Tower,2,10,6,0,18,0,0,61,2,63,2,10,67,2,81,84,0,84,165
09/07/2022,MHK,KS,ACE,CE,Federal Contract Tower,3,6,16,0,25,0,2,52,6,60,3,8,68,6,85,86,0,86,171
09/08/2022,MHK,KS,ACE,CE,Federal Contract Tower,3,6,7,0,16,0,4,58,13,75,3,10,65,13,91,92,20,112,203
09/09/2022,MHK,KS,ACE,CE,Federal Contract Tower,5,13,17,0,35,0,0,54,0,54,5,13,71,0,89,78,0,78,167
09/10/2022,MHK,KS,ACE,CE,Federal Contract Tower,4,14,36,2,56,0,0,2,0,2,4,14,38,2,58,0,0,0,58
09/11/2022,MHK,KS,ACE,CE,Federal Contract Tower,3,8,14,2,27,0,0,37,0,37,3,8,51,2,64,150,0,150,214
09/12/2022,MHK,KS,ACE,CE,Federal Contract Tower,3,6,7,2,18,0,1,40,6,47,3,7,47,8,65,126,0,126,191
09/13/2022,MHK,KS,ACE,CE,Federal Contract Tower,3,4,9,0,16,0,4,69,8,81,3,8,78,8,97,138,0,138,235
09/14/2022,MHK,KS,ACE,CE,Federal Contract Tower,3,5,8,0,16,0,0,51,1,52,3,5,59,1,68,48,0,48,116
09/15/2022,MHK,KS,ACE,CE,Federal Contract Tower,3,9,6,0,18,0,2,30,2,34,3,11,36,2,52,46,10,56,108
09/16/2022,MHK,KS,ACE,CE,Federal Contract Tower,4,7,9,0,20,0,0,32,0,32,4,7,41,0,52,38,0,38,90
09/17/2022,MHK,KS,ACE,CE,Federal Contract Tower,4,9,17,0,30,0,0,32,0,32,4,9,49,0,62,28,0,28,90
09/18/2022,MHK,KS,ACE,CE,Federal Contract Tower,2,8,6,0,16,0,0,32,0,32,2,8,38,0,48,2,0,2,50
09/19/2022,MHK,KS,ACE,CE,Federal Contract Tower,2,8,3,0,13,0,2,34,2,38,2,10,37,2,51,76,26,102,153
09/20/2022,MHK,KS,ACE,CE,Federal Contract Tower,2,6,2,2,12,0,0,32,4,36,2,6,34,6,48,36,4,40,88
09/21/2022,MHK,KS,ACE,CE,Federal Contract Tower,2,7,5,0,14,0,0,40,2,42,2,7,45,2,56,22,0,22,78
09/22/2022,MHK,KS,ACE,CE,Federal Contract Tower,3,5,8,2,18,0,0,51,2,53,3,5,59,4,71,90,0,90,161
09/23/2022,MHK,KS,ACE,CE,Federal Contract Tower,5,8,16,0,29,0,0,37,0,37,5,8,53,0,66,32,0,32,98
09/24/2022,MHK,KS,ACE,CE,Federal Contract Tower,3,5,5,2,15,0,4,42,0,46,3,9,47,2,61,102,0,102,163
09/25/2022,MHK,KS,ACE,CE,Federal Contract Tower,3,8,6,0,17,0,0,35,4,39,3,8,41,4,56,22,0,22,78
09/26/2022,MHK,KS,ACE,CE,Federal Contract Tower,4,8,13,0,25,0,2,55,0,57,4,10,68,0,82,90,0,90,172
09/27/2022,MHK,KS,ACE,CE,Federal Contract Tower,4,6,7,0,17,0,0,63,8,71,4,6,70,8,88,122,8,130,218
09/28/2022,MHK,KS,ACE,CE,Federal Contract Tower,2,12,9,2,25,0,2,37,1,40,2,14,46,3,65,94,0,94,159
09/30/2022,MHK,KS,ACE,CE,Federal Contract Tower,7,13,21,0,41,0,0,45,0,45,7,13,66,0,86,136,0,136,222
10/01/2022,MHK,KS,ACE,CE,Federal Contract Tower,5,12,31,2,50,0,0,49,0,49,5,12,80,2,99,50,0,50,149
10/02/2022,MHK,KS,ACE,CE,Federal Contract Tower,3,10,12,0,25,0,0,51,0,51,3,10,63,0,76,10,0,10,86
10/03/2022,MHK,KS,ACE,CE,Federal Contract Tower,3,6,3,3,15,0,0,35,5,40,3,6,38,8,55,32,0,32,87
10/04/2022,MHK,KS,ACE,CE,Federal Contract Tower,2,6,8,0,16,0,0,59,2,61,2,6,67,2,77,104,8,112,189
10/05/2022,MHK,KS,ACE,CE,Federal Contract Tower,3,6,7,0,16,0,5,72,6,83,3,11,79,6,99,94,0,94,193
10/06/2022,MHK,KS,ACE,CE,Federal Contract Tower,2,5,10,0,17,0,2,87,4,93,2,7,97,4,110,72,0,72,182
10/07/2022,MHK,KS,ACE,CE,Federal Contract Tower,5,6,6,2,19,0,0,51,0,51,5,6,57,2,70,38,0,38,108
10/08/2022,MHK,KS,ACE,CE,Federal Contract Tower,3,4,8,0,15,0,4,59,0,63,3,8,67,0,78,92,0,92,170
10/09/2022,MHK,KS,ACE,CE,Federal Contract Tower,3,11,2,0,16,0,0,55,0,55,3,11,57,0,71,60,0,60,131
10/10/2022,MHK,KS,ACE,CE,Federal Contract Tower,2,5,10,0,17,0,2,58,0,60,2,7,68,0,77,92,0,92,169
10/11/2022,MHK,KS,ACE,CE,Federal Contract Tower,2,8,12,0,22,0,0,17,11,28,2,8,29,11,50,8,0,8,58
10/12/2022,MHK,KS,ACE,CE,Federal Contract Tower,3,8,1,0,12,0,2,60,2,64,3,10,61,2,76,34,2,36,112
10/13/2022,MHK,KS,ACE,CE,Federal Contract Tower,2,8,3,0,13,0,0,40,8,48,2,8,43,8,61,58,38,96,157
10/14/2022,MHK,KS,ACE,CE,Federal Contract Tower,3,7,4,0,14,0,2,61,5,68,3,9,65,5,82,108,0,108,190
10/15/2022,MHK,KS,ACE,CE,Federal Contract Tower,2,4,2,2,10,0,0,92,2,94,2,4,94,4,104,78,0,78,182
10/16/2022,MHK,KS,ACE,CE,Federal Contract Tower,3,4,4,0,11,0,2,40,0,42,3,6,44,0,53,6,0,6,59
10/17/2022,MHK,KS,ACE,CE,Federal Contract Tower,4,4,5,0,13,0,0,54,4,58,4,4,59,4,71,60,0,60,131
10/18/2022,MHK,KS,ACE,CE,Federal Contract Tower,3,7,12,0,22,0,0,40,4,44,3,7,52,4,66,42,6,48,114
10/19/2022,MHK,KS,ACE,CE,Federal Contract Tower,3,5,13,4,25,0,0,70,2,72,3,5,83,6,97,46,0,46,143
10/20/2022,MHK,KS,ACE,CE,Federal Contract Tower,3,7,11,0,21,0,2,49,2,53,3,9,60,2,74,90,0,90,164
10/21/2022,MHK,KS,ACE,CE,Federal Contract Tower,5,6,15,0,26,0,0,53,0,53,5,6,68,0,79,52,0,52,131
10/22/2022,MHK,KS,ACE,CE,Federal Contract Tower,4,6,4,0,14,0,0,28,0,28,4,6,32,0,42,8,0,8,50
10/23/2022,MHK,KS,ACE,CE,Federal Contract Tower,2,4,9,0,15,0,0,6,0,6,2,4,15,0,21,0,0,0,21
10/24/2022,MHK,KS,ACE,CE,Federal Contract Tower,2,5,8,4,19,0,0,6,2,8,2,5,14,6,27,16,0,16,43
10/25/2022,MHK,KS,ACE,CE,Federal Contract Tower,3,5,7,1,16,0,2,49,2,53,3,7,56,3,69,28,0,28,97
10/26/2022,MHK,KS,ACE,CE,Federal Contract Tower,3,8,7,1,19,0,0,52,6,58,3,8,59,7,77,164,0,164,241
10/27/2022,MHK,KS,ACE,CE,Federal Contract Tower,3,4,15,0,22,0,2,29,0,31,3,6,44,0,53,18,0,18,71
10/28/2022,MHK,KS,ACE,CE,Federal Contract Tower,3,15,11,4,33,0,2,46,2,50,3,17,57,6,83,78,4,82,165
10/29/2022,MHK,KS,ACE,CE,Federal Contract Tower,6,11,41,0,58,0,0,66,0,66,6,11,107,0,124,6,0,6,130
10/30/2022,MHK,KS,ACE,CE,Federal Contract Tower,2,6,11,0,19,0,0,28,0,28,2,6,39,0,47,0,0,0,47
10/31/2022,MHK,KS,ACE,CE,Federal Contract Tower,3,6,1,2,12,0,4,48,17,69,3,10,49,19,81,16,0,16,97
11/01/2022,MHK,KS,ACE,CE,Federal Contract Tower,3,5,10,0,18,0,4,47,8,59,3,9,57,8,77,62,6,68,145
11/02/2022,MHK,KS,ACE,CE,Federal Contract Tower,3,5,9,0,17,0,0,24,0,24,3,5,33,0,41,30,0,30,71
11/03/2022,MHK,KS,ACE,CE,Federal Contract Tower,5,7,13,0,25,0,0,5,4,9,5,7,18,4,34,0,0,0,34
11/04/2022,MHK,KS,ACE,CE,Federal Contract Tower,7,7,0,0,14,0,0,0,0,0,7,7,0,0,14,0,0,0,14
11/05/2022,MHK,KS,ACE,CE,Federal Contract Tower,5,9,14,0,28,0,0,66,1,67,5,9,80,1,95,20,0,20,115
11/06/2022,MHK,KS,ACE,CE,Federal Contract Tower,5,4,5,0,14,0,0,54,1,55,5,4,59,1,69,26,0,26,95
11/07/2022,MHK,KS,ACE,CE,Federal Contract Tower,5,9,7,0,21,0,2,67,12,81,5,11,74,12,102,18,0,18,120
11/08/2022,MHK,KS,ACE,CE,Federal Contract Tower,6,4,20,0,30,0,0,2,0,2,6,4,22,0,32,12,0,12,44
11/09/2022,MHK,KS,ACE,CE,Federal Contract Tower,5,7,9,0,21,0,0,4,2,6,5,7,13,2,27,0,0,0,27
11/10/2022,MHK,KS,ACE,CE,Federal Contract Tower,6,8,4,0,18,0,0,29,0,29,6,8,33,0,47,32,0,32,79
11/11/2022,MHK,KS,ACE,CE,Federal Contract Tower,8,2,12,0,22,0,0,0,0,0,8,2,12,0,22,54,0,54,76
11/12/2022,MHK,KS,ACE,CE,Federal Contract Tower,6,7,8,0,21,0,2,17,6,25,6,9,25,6,46,14,10,24,70
11/13/2022,MHK,KS,ACE,CE,Federal Contract Tower,6,4,7,0,17,0,0,49,0,49,6,4,56,0,66,0,0,0,66
11/14/2022,MHK,KS,ACE,CE,Federal Contract Tower,5,6,7,0,18,0,0,14,2,16,5,6,21,2,34,72,0,72,106
11/15/2022,MHK,KS,ACE,CE,Federal Contract Tower,6,6,3,0,15,0,2,39,8,49,6,8,42,8,64,42,0,42,106
11/16/2022,MHK,KS,ACE,CE,Federal Contract Tower,5,5,18,0,28,0,4,53,14,71,5,9,71,14,99,18,0,18,117
11/17/2022,MHK,KS,ACE,CE,Federal Contract Tower,6,3,5,0,14,0,0,57,3,60,6,3,62,3,74,18,0,18,92
11/18/2022,MHK,KS,ACE,CE,Federal Contract Tower,7,5,11,6,29,0,0,29,10,39,7,5,40,16,68,4,0,4,72
11/19/2022,MHK,KS,ACE,CE,Federal Contract Tower,6,3,7,0,16,0,2,28,0,30,6,5,35,0,46,60,0,60,106
11/20/2022,MHK,KS,ACE,CE,Federal Contract Tower,5,2,4,0,11,0,0,18,0,18,5,2,22,0,29,20,0,20,49
11/21/2022,MHK,KS,ACE,CE,Federal Contract Tower,5,5,7,0,17,0,0,53,2,55,5,5,60,2,72,73,8,81,153
11/22/2022,MHK,KS,ACE,CE,Federal Contract Tower,7,4,14,1,26,0,2,39,3,44,7,6,53,4,70,18,4,22,92
11/23/2022,MHK,KS,ACE,CE,Federal Contract Tower,7,4,4,0,15,0,0,19,2,21,7,4,23,2,36,2,0,2,38
11/25/2022,MHK,KS,ACE,CE,Federal Contract Tower,7,3,3,0,13,0,0,22,0,22,7,3,25,0,35,28,0,28,63
11/26/2022,MHK,KS,ACE,CE,Federal Contract Tower,5,8,14,0,27,0,0,13,0,13,5,8,27,0,40,18,0,18,58
11/27/2022,MHK,KS,ACE,CE,Federal Contract Tower,7,4,16,0,27,0,0,19,0,19,7,4,35,0,46,10,0,10,56
11/28/2022,MHK,KS,ACE,CE,Federal Contract Tower,5,2,0,0,7,0,0,39,6,45,5,2,39,6,52,0,30,30,82
11/29/2022,MHK,KS,ACE,CE,Federal Contract Tower,9,5,1,0,15,0,0,4,10,14,9,5,5,10,29,4,8,12,41
11/30/2022,MHK,KS,ACE,CE,Federal Contract Tower,9,0,4,0,13,0,2,67,4,73,9,2,71,4,86,12,2,14,100
12/01/2022,MHK,KS,ACE,CE,Federal Contract Tower,8,3,4,0,15,0,2,15,0,17,8,5,19,0,32,0,0,0,32
12/02/2022,MHK,KS,ACE,CE,Federal Contract Tower,8,2,5,2,17,0,0,10,0,10,8,2,15,2,27,6,0,6,33
12/03/2022,MHK,KS,ACE,CE,Federal Contract Tower,8,4,11,4,27,0,1,48,0,49,8,5,59,4,76,80,0,80,156
12/04/2022,MHK,KS,ACE,CE,Federal Contract Tower,6,7,12,0,25,0,0,36,0,36,6,7,48,0,61,50,0,50,111
12/05/2022,MHK,KS,ACE,CE,Federal Contract Tower,6,5,8,1,20,0,4,47,10,61,6,9,55,11,81,94,24,118,199
12/06/2022,MHK,KS,ACE,CE,Federal Contract Tower,6,6,4,1,17,0,0,27,15,42,6,6,31,16,59,75,6,81,140
12/07/2022,MHK,KS,ACE,CE,Federal Contract Tower,8,2,3,0,13,0,0,18,7,25,8,2,21,7,38,28,20,48,86
12/08/2022,MHK,KS,ACE,CE,Federal Contract Tower,4,0,4,0,8,0,0,0,0,0,4,0,4,0,8,0,0,0,8
12/09/2022,MHK,KS,ACE,CE,Federal Contract Tower,8,3,11,1,23,0,0,0,1,1,8,3,11,2,24,0,0,0,24
12/10/2022,MHK,KS,ACE,CE,Federal Contract Tower,7,8,5,2,22,0,3,23,0,26,7,11,28,2,48,54,0,54,102
12/11/2022,MHK,KS,ACE,CE,Federal Contract Tower,7,1,10,0,18,0,0,27,0,27,7,1,37,0,45,12,0,12,57
12/12/2022,MHK,KS,ACE,CE,Federal Contract Tower,8,0,6,0,14,0,0,0,0,0,8,0,6,0,14,0,0,0,14
12/13/2022,MHK,KS,ACE,CE,Federal Contract Tower,8,1,13,0,22,0,0,4,9,13,8,1,17,9,35,0,12,12,47
12/14/2022,MHK,KS,ACE,CE,Federal Contract Tower,7,3,2,0,12,0,2,74,4,80,7,5,76,4,92,32,6,38,130
12/15/2022,MHK,KS,ACE,CE,Federal Contract Tower,6,8,2,0,16,0,0,26,4,30,6,8,28,4,46,0,6,6,52
12/16/2022,MHK,KS,ACE,CE,Federal Contract Tower,5,5,2,0,12,0,2,9,2,13,5,7,11,2,25,20,0,20,45
12/17/2022,MHK,KS,ACE,CE,Federal Contract Tower,5,4,3,2,14,0,0,32,0,32,5,4,35,2,46,8,0,8,54
12/18/2022,MHK,KS,ACE,CE,Federal Contract Tower,4,4,8,0,16,0,0,48,0,48,4,4,56,0,64,68,0,68,132
12/19/2022,MHK,KS,ACE,CE,Federal Contract Tower,4,7,7,0,18,0,0,12,0,12,4,7,19,0,30,20,0,20,50
12/20/2022,MHK,KS,ACE,CE,Federal Contract Tower,4,4,4,0,12,0,0,3,0,3,4,4,7,0,15,20,0,20,35
12/23/2022,MHK,KS,ACE,CE,Federal Contract Tower,5,4,0,0,9,0,0,2,0,2,5,4,2,0,11,0,0,0,11
12/24/2022,MHK,KS,ACE,CE,Federal Contract Tower,4,3,0,0,7,0,2,6,0,8,4,5,6,0,15,4,0,4,19
12/25/2022,MHK,KS,ACE,CE,Federal Contract Tower,2,3,0,0,5,0,0,2,0,2,2,3,2,0,7,0,0,0,7
12/26/2022,MHK,KS,ACE,CE,Federal Contract Tower,9,4,4,0,17,0,0,4,0,4,9,4,8,0,21,6,0,6,27
12/27/2022,MHK,KS,ACE,CE,Federal Contract Tower,4,4,3,0,11,0,0,17,0,17,4,4,20,0,28,20,0,20,48
12/28/2022,MHK,KS,ACE,CE,Federal Contract Tower,5,4,1,0,10,0,0,26,0,26,5,4,27,0,36,30,0,30,66
12/29/2022,MHK,KS,ACE,CE,Federal Contract Tower,9,8,7,0,24,0,0,16,5,21,9,8,23,5,45,30,0,30,75
12/30/2022,MHK,KS,ACE,CE,Federal Contract Tower,9,5,5,4,23,0,0,22,0,22,9,5,27,4,45,60,0,60,105
12/31/2022,MHK,KS,ACE,CE,Federal Contract Tower,6,6,2,0,14,0,0,22,0,22,6,6,24,0,36,46,0,46,82
01/01/2023,MHK,KS,ACE,CE,Federal Contract Tower,11,6,1,0,18,0,0,12,0,12,11,6,13,0,30,36,0,36,66
01/02/2023,MHK,KS,ACE,CE,Federal Contract Tower,8,5,2,0,15,0,0,0,0,0,8,5,2,0,15,0,0,0,15
01/03/2023,MHK,KS,ACE,CE,Federal Contract Tower,5,4,4,0,13,0,0,3,0,3,5,4,7,0,16,28,0,28,44
01/04/2023,MHK,KS,ACE,CE,Federal Contract Tower,6,4,8,0,18,0,0,63,7,70,6,4,71,7,88,106,0,106,194
01/05/2023,MHK,KS,ACE,CE,Federal Contract Tower,4,4,3,0,11,0,0,42,10,52,4,4,45,10,63,82,0,82,145
01/06/2023,MHK,KS,ACE,CE,Federal Contract Tower,7,7,6,5,25,0,0,46,4,50,7,7,52,9,75,96,0,96,171
01/07/2023,MHK,KS,ACE,CE,Federal Contract Tower,6,8,5,0,19,0,0,47,8,55,6,8,52,8,74,42,0,42,116
01/08/2023,MHK,KS,ACE,CE,Federal Contract Tower,5,6,0,0,11,0,0,37,0,37,5,6,37,0,48,104,0,104,152
01/09/2023,MHK,KS,ACE,CE,Federal Contract Tower,5,5,11,0,21,0,0,59,2,61,5,5,70,2,82,94,0,94,176
01/10/2023,MHK,KS,ACE,CE,Federal Contract Tower,2,5,11,0,18,0,0,38,2,40,2,5,49,2,58,110,12,122,180
01/11/2023,MHK,KS,ACE,CE,Federal Contract Tower,3,2,9,0,14,0,2,55,4,61,3,4,64,4,75,70,0,70,145
01/12/2023,MHK,KS,ACE,CE,Federal Contract Tower,5,6,8,0,19,0,0,17,4,21,5,6,25,4,40,36,4,40,80
01/13/2023,MHK,KS,ACE,CE,Federal Contract Tower,6,4,9,2,21,0,0,38,0,38,6,4,47,2,59,98,0,98,157
01/14/2023,MHK,KS,ACE,CE,Federal Contract Tower,6,5,3,0,14,0,1,31,0,32,6,6,34,0,46,42,0,42,88
01/15/2023,MHK,KS,ACE,CE,Federal Contract Tower,1,2,4,0,7,0,0,23,0,23,1,2,27,0,30,24,0,24,54
01/16/2023,MHK,KS,ACE,CE,Federal Contract Tower,3,5,9,0,17,0,4,37,4,45,3,9,46,4,62,42,0,42,104
01/17/2023,MHK,KS,ACE,CE,Federal Contract Tower,4,6,19,2,31,0,0,30,10,40,4,6,49,12,71,82,20,102,173
01/18/2023,MHK,KS,ACE,CE,Federal Contract Tower,3,5,11,0,19,0,0,0,0,0,3,5,11,0,19,0,0,0,19
01/19/2023,MHK,KS,ACE,CE,Federal Contract Tower,3,5,12,0,20,0,0,23,6,29,3,5,35,6,49,134,18,152,201
01/20/2023,MHK,KS,ACE,CE,Federal Contract Tower,4,5,10,0,19,0,2,69,10,81,4,7,79,10,100,84,6,90,190
01/21/2023,MHK,KS,ACE,CE,Federal Contract Tower,4,4,1,0,9,0,0,0,0,0,4,4,1,0,9,0,0,0,9
01/22/2023,MHK,KS,ACE,CE,Federal Contract Tower,3,4,1,0,8,0,0,3,0,3,3,4,4,0,11,6,0,6,17
01/23/2023,MHK,KS,ACE,CE,Federal Contract Tower,5,4,12,0,21,0,6,90,0,96,5,10,102,0,117,80,0,80,197
01/24/2023,MHK,KS,ACE,CE,Federal Contract Tower,3,4,0,0,7,0,0,59,2,61,3,4,59,2,68,54,0,54,122
01/25/2023,MHK,KS,ACE,CE,Federal Contract Tower,4,3,2,0,9,0,0,26,0,26,4,3,28,0,35,14,0,14,49
01/26/2023,MHK,KS,ACE,CE,Federal Contract Tower,4,6,10,0,20,0,0,54,0,54,4,6,64,0,74,50,0,50,124
01/27/2023,MHK,KS,ACE,CE,Federal Contract Tower,4,5,7,0,16,0,0,80,13,93,4,5,87,13,109,64,0,64,173
01/28/2023,MHK,KS,ACE,CE,Federal Contract Tower,5,6,1,0,12,0,0,34,0,34,5,6,35,0,46,42,0,42,88
01/29/2023,MHK,KS,ACE,CE,Federal Contract Tower,3,7,1,2,13,0,0,29,0,29,3,7,30,2,42,8,0,8,50
01/30/2023,MHK,KS,ACE,CE,Federal Contract Tower,1,3,3,0,7,0,4,19,12,35,1,7,22,12,42,20,0,20,62
01/31/2023,MHK,KS,ACE,CE,Federal Contract Tower,0,6,7,0,13,0,6,36,7,49,0,12,43,7,62,38,0,38,100
02/01/2023,MHK,KS,ACE,CE,Federal Contract Tower,1,6,3,0,10,0,6,58,4,68,1,12,61,4,78,44,32,76,154
02/02/2023,MHK,KS,ACE,CE,Federal Contract Tower,3,5,3,0,11,0,4,44,4,52,3,9,47,4,63,50,6,56,119
02/03/2023,MHK,KS,ACE,CE,Federal Contract Tower,6,5,6,0,17,0,2,44,2,48,6,7,50,2,65,34,0,34,99
02/04/2023,MHK,KS,ACE,CE,Federal Contract Tower,7,6,6,0,19,0,2,29,0,31,7,8,35,0,50,16,0,16,66
02/05/2023,MHK,KS,ACE,CE,Federal Contract Tower,6,2,2,0,10,0,2,68,0,70,6,4,70,0,80,132,0,132,212
02/06/2023,MHK,KS,ACE,CE,Federal Contract Tower,8,3,1,0,12,0,0,22,0,22,8,3,23,0,34,8,0,8,42
02/07/2023,MHK,KS,ACE,CE,Federal Contract Tower,5,5,8,0,18,0,8,62,0,70,5,13,70,0,88,82,0,82,170
02/08/2023,MHK,KS,ACE,CE,Federal Contract Tower,5,6,6,0,17,0,0,46,0,46,5,6,52,0,63,156,0,156,219
02/09/2023,MHK,KS,ACE,CE,Federal Contract Tower,6,6,5,0,17,0,0,17,7,24,6,6,22,7,41,6,0,6,47
02/10/2023,MHK,KS,ACE,CE,Federal Contract Tower,6,8,3,2,19,0,3,54,0,57,6,11,57,2,76,68,0,68,144
02/11/2023,MHK,KS,ACE,CE,Federal Contract Tower,5,4,5,0,14,0,0,49,0,49,5,4,54,0,63,118,0,118,181
02/12/2023,MHK,KS,ACE,CE,Federal Contract Tower,6,3,4,0,13,0,6,41,0,47,6,9,45,0,60,94,0,94,154
02/13/2023,MHK,KS,ACE,CE,Federal Contract Tower,6,3,5,1,15,0,0,66,11,77,6,3,71,12,92,86,0,86,178
02/14/2023,MHK,KS,ACE,CE,Federal Contract Tower,7,5,2,0,14,0,0,4,11,15,7,5,6,11,29,0,10,10,39
02/15/2023,MHK,KS,ACE,CE,Federal Contract Tower,5,3,1,0,9,0,0,4,5,9,5,3,5,5,18,56,0,56,74
02/16/2023,MHK,KS,ACE,CE,Federal Contract Tower,5,3,8,0,16,0,0,0,0,0,5,3,8,0,16,0,0,0,16
02/17/2023,MHK,KS,ACE,CE,Federal Contract Tower,7,4,7,2,20,0,0,53,3,56,7,4,60,5,76,78,0,78,154
02/18/2023,MHK,KS,ACE,CE,Federal Contract Tower,4,1,12,0,17,0,0,16,0,16,4,1,28,0,33,18,0,18,51
02/19/2023,MHK,KS,ACE,CE,Federal Contract Tower,5,5,8,0,18,0,2,84,0,86,5,7,92,0,104,150,0,150,254
02/20/2023,MHK,KS,ACE,CE,Federal Contract Tower,6,5,10,0,21,0,0,70,0,70,6,5,80,0,91,124,0,124,215
02/21/2023,MHK,KS,ACE,CE,Federal Contract Tower,7,5,10,1,23,0,0,50,19,69,7,5,60,20,92,28,24,52,144
02/22/2023,MHK,KS,ACE,CE,Federal Contract Tower,5,8,6,0,19,0,0,18,11,29,5,8,24,11,48,198,24,222,270
02/23/2023,MHK,KS,ACE,CE,Federal Contract Tower,5,5,7,0,17,0,8,31,3,42,5,13,38,3,59,24,16,40,99
02/24/2023,MHK,KS,ACE,CE,Federal Contract Tower,8,4,9,0,21,0,0,36,0,36,8,4,45,0,57,26,0,26,83
02/25/2023,MHK,KS,ACE,CE,Federal Contract Tower,7,3,3,0,13,0,0,60,0,60,7,3,63,0,73,84,0,84,157
02/26/2023,MHK,KS,ACE,CE,Federal Contract Tower,6,4,4,2,16,0,0,9,0,9,6,4,13,2,25,8,0,8,33
02/27/2023,MHK,KS,ACE,CE,Federal Contract Tower,6,5,4,1,16,0,0,25,7,32,6,5,29,8,48,56,6,62,110
02/28/2023,MHK,KS,ACE,CE,Federal Contract Tower,5,4,2,0,11,0,4,78,6,88,5,8,80,6,99,134,14,148,247
03/01/2023,MHK,KS,ACE,CE,Federal Contract Tower,4,7,7,1,19,0,0,70,10,80,4,7,77,11,99,179,0,179,278
03/02/2023,MHK,KS,ACE,CE,Federal Contract Tower,5,3,4,2,14,0,0,29,2,31,5,3,33,4,45,38,2,40,85
03/03/2023,MHK,KS,ACE,CE,Federal Contract Tower,9,5,2,0,16,0,4,32,3,39,9,9,34,3,55,114,0,114,169
03/04/2023,MHK,KS,ACE,CE,Federal Contract Tower,6,3,1,0,10,0,0,40,2,42,6,3,41,2,52,64,0,64,116
03/05/2023,MHK,KS,ACE,CE,Federal Contract Tower,6,2,7,0,15,0,2,27,0,29,6,4,34,0,44,32,0,32,76
03/06/2023,MHK,KS,ACE,CE,Federal Contract Tower,5,3,18,0,26,0,2,41,0,43,5,5,59,0,69,68,0,68,137
03/07/2023,MHK,KS,ACE,CE,Federal Contract Tower,4,8,6,0,18,0,0,43,8,51,4,8,49,8,69,26,24,50,119
03/08/2023,MHK,KS,ACE,CE,Federal Contract Tower,3,5,2,3,13,0,0,1,0,1,3,5,3,3,14,0,0,0,14
03/09/2023,MHK,KS,ACE,CE,Federal Contract Tower,4,5,12,0,21,0,0,3,1,4,4,5,15,1,25,20,24,44,69
03/10/2023,MHK,KS,ACE,CE,Federal Contract Tower,5,4,9,4,22,0,0,42,4,46,5,4,51,8,68,210,0,210,278
03/11/2023,MHK,KS,ACE,CE,Federal Contract Tower,3,4,0,0,7,0,0,0,1,1,3,4,0,1,8,0,0,0,8
03/12/2023,MHK,KS,ACE,CE,Federal Contract Tower,7,5,2,0,14,0,0,81,1,82,7,5,83,1,96,78,0,78,174
03/13/2023,MHK,KS,ACE,CE,Federal Contract Tower,3,5,1,0,9,0,6,66,6,78,3,11,67,6,87,66,0,66,153
03/14/2023,MHK,KS,ACE,CE,Federal Contract Tower,3,5,5,0,13,0,6,83,0,89,3,11,88,0,102,28,0,28,130
03/15/2023,MHK,KS,ACE,CE,Federal Contract Tower,4,8,7,4,23,0,0,8,2,10,4,8,15,6,33,0,0,0,33
03/16/2023,MHK,KS,ACE,CE,Federal Contract Tower,3,0,0,2,5,0,0,0,2,2,3,0,0,4,7,0,0,0,7
03/17/2023,MHK,KS,ACE,CE,Federal Contract Tower,5,5,2,2,14,0,0,41,3,44,5,5,43,5,58,8,0,8,66
03/18/2023,MHK,KS,ACE,CE,Federal Contract Tower,3,4,3,0,10,0,1,23,0,24,3,5,26,0,34,16,0,16,50
03/19/2023,MHK,KS,ACE,CE,Federal Contract Tower,6,7,10,0,23,0,0,59,0,59,6,7,69,0,82,34,0,34,116
03/20/2023,MHK,KS,ACE,CE,Federal Contract Tower,5,9,6,0,20,0,2,27,2,31,5,11,33,2,51,8,0,8,59
03/21/2023,MHK,KS,ACE,CE,Federal Contract Tower,5,5,29,8,47,0,0,1,0,1,5,5,30,8,48,0,0,0,48
03/22/2023,MHK,KS,ACE,CE,Federal Contract Tower,3,6,16,8,33,0,0,0,0,0,3,6,16,8,33,0,0,0,33
03/23/2023,MHK,KS,ACE,CE,Federal Contract Tower,7,9,14,1,31,0,0,25,6,31,7,9,39,7,62,160,26,186,248
03/24/2023,MHK,KS,ACE,CE,Federal Contract Tower,4,3,6,2,15,0,0,38,1,39,4,3,44,3,54,224,0,224,278
03/25/2023,MHK,KS,ACE,CE,Federal Contract Tower,3,6,2,0,11,0,0,32,2,34,3,6,34,2,45,76,0,76,121
03/26/2023,MHK,KS,ACE,CE,Federal Contract Tower,9,3,3,2,17,0,0,13,0,13,9,3,16,2,30,10,0,10,40
03/27/2023,MHK,KS,ACE,CE,Federal Contract Tower,5,3,4,4,16,0,2,33,8,43,5,5,37,12,59,52,0,52,111
03/28/2023,MHK,KS,ACE,CE,Federal Contract Tower,3,4,0,0,7,0,2,21,0,23,3,6,21,0,30,46,0,46,76
03/29/2023,MHK,KS,ACE,CE,Federal Contract Tower,0,0,0,0,0,0,0,12,2,14,0,0,12,2,14,0,0,0,14
03/30/2023,MHK,KS,ACE,CE,Federal Contract Tower,0,0,0,0,0,0,0,0,2,2,0,0,0,2,2,0,0,0,2
03/31/2023,MHK,KS,ACE,CE,Federal Contract Tower,4,1,12,0,17,0,0,7,0,7,4,1,19,0,24,6,0,6,30
04/01/2023,MHK,KS,ACE,CE,Federal Contract Tower,3,4,8,0,15,0,0,47,5,52,3,4,55,5,67,102,0,102,169
04/02/2023,MHK,KS,ACE,CE,Federal Contract Tower,5,3,0,0,8,0,0,54,8,62,5,3,54,8,70,150,0,150,220
04/03/2023,MHK,KS,ACE,CE,Federal Contract Tower,5,4,19,0,28,0,2,15,12,29,5,6,34,12,57,48,0,48,105
04/04/2023,MHK,KS,ACE,CE,Federal Contract Tower,3,4,2,0,9,0,2,22,4,28,3,6,24,4,37,8,0,8,45
04/05/2023,MHK,KS,ACE,CE,Federal Contract Tower,5,4,3,0,12,0,0,0,0,0,5,4,3,0,12,58,0,58,70
04/06/2023,MHK,KS,ACE,CE,Federal Contract Tower,5,6,4,0,15,0,0,41,0,41,5,6,45,0,56,206,0,206,262
04/07/2023,MHK,KS,ACE,CE,Federal Contract Tower,5,6,9,2,22,0,0,33,0,33,5,6,42,2,55,42,0,42,97
04/08/2023,MHK,KS,ACE,CE,Federal Contract Tower,4,2,9,0,15,0,0,37,0,37,4,2,46,0,52,234,0,234,286
04/09/2023,MHK,KS,ACE,CE,Federal Contract Tower,3,4,4,0,11,0,0,22,0,22,3,4,26,0,33,18,0,18,51
04/10/2023,MHK,KS,ACE,CE,Federal Contract Tower,5,6,6,0,17,0,0,57,0,57,5,6,63,0,74,134,0,134,208
04/11/2023,MHK,KS,ACE,CE,Federal Contract Tower,3,4,5,0,12,0,0,99,0,99,3,4,104,0,111,170,0,170,281
04/12/2023,MHK,KS,ACE,CE,Federal Contract Tower,5,4,8,2,19,0,0,42,4,46,5,4,50,6,65,60,2,62,127
04/13/2023,MHK,KS,ACE,CE,Federal Contract Tower,4,4,2,0,10,0,0,19,2,21,4,4,21,2,31,38,18,56,87
04/14/2023,MHK,KS,ACE,CE,Federal Contract Tower,5,4,5,2,16,0,0,10,0,10,5,4,15,2,26,10,0,10,36
04/15/2023,MHK,KS,ACE,CE,Federal Contract Tower,5,6,8,0,19,0,0,3,0,3,5,6,11,0,22,4,0,4,26
04/16/2023,MHK,KS,ACE,CE,Federal Contract Tower,5,4,9,0,18,0,0,8,0,8,5,4,17,0,26,0,0,0,26
04/17/2023,MHK,KS,ACE,CE,Federal Contract Tower,5,5,9,0,19,0,0,62,4,66,5,5,71,4,85,130,0,130,215
04/18/2023,MHK,KS,ACE,CE,Federal Contract Tower,3,5,2,0,10,0,4,51,0,55,3,9,53,0,65,98,0,98,163
04/19/2023,MHK,KS,ACE,CE,Federal Contract Tower,6,5,7,0,18,0,2,32,2,36,6,7,39,2,54,108,0,108,162
04/20/2023,MHK,KS,ACE,CE,Federal Contract Tower,5,3,7,0,15,0,2,35,2,39,5,5,42,2,54,96,0,96,150
04/21/2023,MHK,KS,ACE,CE,Federal Contract Tower,4,6,7,1,18,0,0,32,0,32,4,6,39,1,50,90,20,110,160
04/22/2023,MHK,KS,ACE,CE,Federal Contract Tower,5,4,8,4,21,0,0,20,0,20,5,4,28,4,41,40,0,40,81
04/23/2023,MHK,KS,ACE,CE,Federal Contract Tower,5,5,7,0,17,0,0,110,0,110,5,5,117,0,127,116,0,116,243
04/24/2023,MHK,KS,ACE,CE,Federal Contract Tower,5,4,4,0,13,0,0,68,0,68,5,4,72,0,81,140,0,140,221
04/25/2023,MHK,KS,ACE,CE,Federal Contract Tower,3,4,14,0,21,0,0,54,2,56,3,4,68,2,77,150,2,152,229
04/26/2023,MHK,KS,ACE,CE,Federal Contract Tower,5,7,4,0,16,0,2,59,4,65,5,9,63,4,81,88,0,88,169
04/27/2023,MHK,KS,ACE,CE,Federal Contract Tower,5,4,4,0,13,0,0,40,3,43,5,4,44,3,56,118,46,164,220
04/28/2023,MHK,KS,ACE,CE,Federal Contract Tower,5,4,6,0,15,0,0,3,0,3,5,4,9,0,18,4,0,4,22
04/29/2023,MHK,KS,ACE,CE,Federal Contract Tower,5,4,4,2,15,0,4,32,0,36,5,8,36,2,51,8,0,8,59
04/30/2023,MHK,KS,ACE,CE,Federal Contract Tower,5,4,5,0,14,0,2,11,0,13,5,6,16,0,27,0,0,0,27
05/01/2023,MHK,KS,ACE,CE,Federal Contract Tower,6,4,7,0,17,0,2,63,0,65,6,6,70,0,82,24,0,24,106
05/02/2023,MHK,KS,ACE,CE,Federal Contract Tower,4,4,9,0,17,0,0,44,0,44,4,4,53,0,61,34,0,34,95
05/03/2023,MHK,KS,ACE,CE,Federal Contract Tower,5,4,8,0,17,0,0,45,2,47,5,4,53,2,64,56,0,56,120
05/04/2023,MHK,KS,ACE,CE,Federal Contract Tower,3,2,7,0,12,0,0,17,4,21,3,2,24,4,33,22,20,42,75
05/05/2023,MHK,KS,ACE,CE,Federal Contract Tower,1,1,5,0,7,0,2,12,0,14,1,3,17,0,21,10,0,10,31
05/07/2023,MHK,KS,ACE,CE,Federal Contract Tower,0,0,4,0,4,0,0,24,0,24,0,0,28,0,28,0,0,0,28
05/08/2023,MHK,KS,ACE,CE,Federal Contract Tower,0,0,4,0,4,0,0,56,3,59,0,0,60,3,63,34,8,42,105
05/09/2023,MHK,KS,ACE,CE,Federal Contract Tower,0,0,5,0,5,0,2,20,0,22,0,2,25,0,27,10,0,10,37
05/10/2023,MHK,KS,ACE,CE,Federal Contract Tower,0,0,5,0,5,0,0,37,0,37,0,0,42,0,42,46,0,46,88
05/11/2023,MHK,KS,ACE,CE,Federal Contract Tower,0,0,4,0,4,0,0,3,2,5,0,0,7,2,9,0,0,0,9
05/12/2023,MHK,KS,ACE,CE,Federal Contract Tower,0,0,0,0,0,0,0,0,0,0,0,0,0,0,0,0,0,0,0
05/13/2023,MHK,KS,ACE,CE,Federal Contract Tower,0,0,0,0,0,0,0,4,0,4,0,0,4,0,4,0,0,0,4
05/14/2023,MHK,KS,ACE,CE,Federal Contract Tower,0,0,0,0,0,0,0,0,0,0,0,0,0,0,0,0,0,0,0
05/15/2023,MHK,KS,ACE,CE,Federal Contract Tower,0,0,2,0,2,0,0,0,0,0,0,0,2,0,2,0,0,0,2
05/16/2023,MHK,KS,ACE,CE,Federal Contract Tower,0,0,2,0,2,0,0,2,2,4,0,0,4,2,6,0,0,0,6
05/17/2023,MHK,KS,ACE,CE,Federal Contract Tower,0,0,0,0,0,0,0,0,0,0,0,0,0,0,0,0,0,0,0
05/18/2023,MHK,KS,ACE,CE,Federal Contract Tower,0,0,0,0,0,0,0,1,3,4,0,0,1,3,4,0,0,0,4
05/19/2023,MHK,KS,ACE,CE,Federal Contract Tower,0,0,0,0,0,0,0,1,0,1,0,0,1,0,1,10,0,10,11
05/20/2023,MHK,KS,ACE,CE,Federal Contract Tower,0,0,0,0,0,0,0,0,0,0,0,0,0,0,0,0,8,8,8
05/21/2023,MHK,KS,ACE,CE,Federal Contract Tower,0,0,0,0,0,0,0,2,0,2,0,0,2,0,2,4,4,8,10
05/22/2023,MHK,KS,ACE,CE,Federal Contract Tower,0,0,0,0,0,0,0,3,0,3,0,0,3,0,3,0,0,0,3
05/23/2023,MHK,KS,ACE,CE,Federal Contract Tower,0,0,0,0,0,0,0,4,3,7,0,0,4,3,7,0,0,0,7
05/24/2023,MHK,KS,ACE,CE,Federal Contract Tower,0,0,0,0,0,0,0,1,0,1,0,0,1,0,1,0,0,0,1
05/25/2023,MHK,KS,ACE,CE,Federal Contract Tower,0,0,0,0,0,0,0,0,2,2,0,0,0,2,2,0,0,0,2
05/26/2023,MHK,KS,ACE,CE,Federal Contract Tower,0,0,0,2,2,0,0,0,2,2,0,0,0,4,4,0,0,0,4
05/27/2023,MHK,KS,ACE,CE,Federal Contract Tower,0,0,0,0,0,0,0,0,0,0,0,0,0,0,0,0,0,0,0
05/28/2023,MHK,KS,ACE,CE,Federal Contract Tower,0,0,0,0,0,0,0,0,0,0,0,0,0,0,0,0,0,0,0
05/29/2023,MHK,KS,ACE,CE,Federal Contract Tower,0,0,0,0,0,0,0,0,0,0,0,0,0,0,0,0,0,0,0
05/30/2023,MHK,KS,ACE,CE,Federal Contract Tower,0,0,0,0,0,0,0,0,0,0,0,0,0,0,0,0,0,0,0
05/31/2023,MHK,KS,ACE,CE,Federal Contract Tower,0,0,0,0,0,0,0,0,0,0,0,0,0,0,0,0,0,0,0
06/01/2023,MHK,KS,ACE,CE,Federal Contract Tower,0,0,0,0,0,0,0,0,0,0,0,0,0,0,0,0,0,0,0
06/02/2023,MHK,KS,ACE,CE,Federal Contract Tower,0,0,0,0,0,0,0,0,0,0,0,0,0,0,0,0,0,0,0
06/03/2023,MHK,KS,ACE,CE,Federal Contract Tower,0,0,0,0,0,0,0,0,0,0,0,0,0,0,0,0,0,0,0
06/04/2023,MHK,KS,ACE,CE,Federal Contract Tower,0,0,0,0,0,0,0,2,0,2,0,0,2,0,2,0,0,0,2
06/05/2023,MHK,KS,ACE,CE,Federal Contract Tower,0,0,0,0,0,0,0,0,7,7,0,0,0,7,7,0,0,0,7
06/06/2023,MHK,KS,ACE,CE,Federal Contract Tower,0,0,0,0,0,0,0,2,4,6,0,0,2,4,6,0,0,0,6
06/07/2023,MHK,KS,ACE,CE,Federal Contract Tower,0,0,0,0,0,0,0,0,4,4,0,0,0,4,4,0,0,0,4
06/08/2023,MHK,KS,ACE,CE,Federal Contract Tower,0,0,0,0,0,0,0,0,0,0,0,0,0,0,0,0,0,0,0
06/09/2023,MHK,KS,ACE,CE,Federal Contract Tower,0,0,0,0,0,0,0,4,4,8,0,0,4,4,8,0,0,0,8
06/10/2023,MHK,KS,ACE,CE,Federal Contract Tower,0,0,0,0,0,0,0,0,0,0,0,0,0,0,0,0,0,0,0
06/11/2023,MHK,KS,ACE,CE,Federal Contract Tower,0,0,0,0,0,0,0,0,0,0,0,0,0,0,0,0,0,0,0
06/12/2023,MHK,KS,ACE,CE,Federal Contract Tower,0,0,0,0,0,0,0,4,0,4,0,0,4,0,4,0,0,0,4
06/13/2023,MHK,KS,ACE,CE,Federal Contract Tower,0,0,0,0,0,0,0,11,2,13,0,0,11,2,13,0,0,0,13
06/14/2023,MHK,KS,ACE,CE,Federal Contract Tower,0,0,0,0,0,0,0,7,0,7,0,0,7,0,7,0,0,0,7
06/15/2023,MHK,KS,ACE,CE,Federal Contract Tower,0,0,0,0,0,0,0,3,0,3,0,0,3,0,3,0,0,0,3
06/16/2023,MHK,KS,ACE,CE,Federal Contract Tower,0,0,0,0,0,0,0,2,0,2,0,0,2,0,2,0,0,0,2
06/17/2023,MHK,KS,ACE,CE,Federal Contract Tower,0,0,0,0,0,0,0,3,0,3,0,0,3,0,3,0,0,0,3
06/18/2023,MHK,KS,ACE,CE,Federal Contract Tower,0,0,0,0,0,0,0,0,0,0,0,0,0,0,0,0,0,0,0
06/19/2023,MHK,KS,ACE,CE,Federal Contract Tower,0,0,0,0,0,0,0,0,0,0,0,0,0,0,0,0,0,0,0
06/20/2023,MHK,KS,ACE,CE,Federal Contract Tower,0,0,0,0,0,0,0,6,4,10,0,0,6,4,10,0,0,0,10
06/21/2023,MHK,KS,ACE,CE,Federal Contract Tower,0,0,0,0,0,0,0,2,0,2,0,0,2,0,2,0,0,0,2
06/22/2023,MHK,KS,ACE,CE,Federal Contract Tower,0,0,0,0,0,0,0,14,1,15,0,0,14,1,15,0,0,0,15
06/23/2023,MHK,KS,ACE,CE,Federal Contract Tower,0,0,0,0,0,0,0,2,0,2,0,0,2,0,2,0,0,0,2
06/24/2023,MHK,KS,ACE,CE,Federal Contract Tower,0,0,0,0,0,0,0,0,0,0,0,0,0,0,0,0,0,0,0
06/25/2023,MHK,KS,ACE,CE,Federal Contract Tower,0,0,0,0,0,0,0,2,0,2,0,0,2,0,2,0,0,0,2
06/26/2023,MHK,KS,ACE,CE,Federal Contract Tower,0,0,0,0,0,0,0,0,0,0,0,0,0,0,0,0,0,0,0
06/27/2023,MHK,KS,ACE,CE,Federal Contract Tower,0,0,0,0,0,0,0,10,0,10,0,0,10,0,10,0,0,0,10
06/28/2023,MHK,KS,ACE,CE,Federal Contract Tower,0,0,0,0,0,0,0,2,0,2,0,0,2,0,2,0,0,0,2
06/29/2023,MHK,KS,ACE,CE,Federal Contract Tower,0,0,0,0,0,0,0,0,2,2,0,0,0,2,2,0,0,0,2
06/30/2023,MHK,KS,ACE,CE,Federal Contract Tower,0,0,0,0,0,0,0,0,0,0,0,0,0,0,0,0,0,0,0
07/01/2023,MHK,KS,ACE,CE,Federal Contract Tower,0,0,0,0,0,0,0,0,0,0,0,0,0,0,0,0,0,0,0
07/02/2023,MHK,KS,ACE,CE,Federal Contract Tower,0,0,0,0,0,0,0,2,0,2,0,0,2,0,2,0,0,0,2
07/03/2023,MHK,KS,ACE,CE,Federal Contract Tower,0,0,0,0,0,0,0,0,0,0,0,0,0,0,0,0,0,0,0
07/04/2023,MHK,KS,ACE,CE,Federal Contract Tower,0,0,0,0,0,0,0,0,0,0,0,0,0,0,0,0,0,0,0
07/05/2023,MHK,KS,ACE,CE,Federal Contract Tower,0,0,0,0,0,0,0,0,2,2,0,0,0,2,2,0,0,0,2
07/06/2023,MHK,KS,ACE,CE,Federal Contract Tower,0,0,0,0,0,0,0,2,0,2,0,0,2,0,2,0,0,0,2
07/07/2023,MHK,KS,ACE,CE,Federal Contract Tower,0,0,0,0,0,0,0,4,0,4,0,0,4,0,4,0,0,0,4
07/08/2023,MHK,KS,ACE,CE,Federal Contract Tower,0,0,0,0,0,0,0,0,0,0,0,0,0,0,0,0,0,0,0
07/09/2023,MHK,KS,ACE,CE,Federal Contract Tower,0,0,0,0,0,0,0,0,0,0,0,0,0,0,0,0,0,0,0
07/10/2023,MHK,KS,ACE,CE,Federal Contract Tower,0,0,0,0,0,0,0,8,0,8,0,0,8,0,8,0,0,0,8
07/11/2023,MHK,KS,ACE,CE,Federal Contract Tower,0,0,0,0,0,0,0,0,2,2,0,0,0,2,2,0,0,0,2
07/12/2023,MHK,KS,ACE,CE,Federal Contract Tower,0,0,0,0,0,0,0,2,0,2,0,0,2,0,2,0,0,0,2
07/13/2023,MHK,KS,ACE,CE,Federal Contract Tower,0,0,0,0,0,0,0,8,0,8,0,0,8,0,8,0,0,0,8
07/14/2023,MHK,KS,ACE,CE,Federal Contract Tower,0,0,0,0,0,0,0,0,0,0,0,0,0,0,0,0,0,0,0
07/15/2023,MHK,KS,ACE,CE,Federal Contract Tower,0,0,0,0,0,0,0,0,0,0,0,0,0,0,0,0,0,0,0
07/16/2023,MHK,KS,ACE,CE,Federal Contract Tower,0,0,0,0,0,0,0,0,0,0,0,0,0,0,0,0,0,0,0
07/17/2023,MHK,KS,ACE,CE,Federal Contract Tower,0,0,0,0,0,0,0,0,0,0,0,0,0,0,0,0,0,0,0
07/18/2023,MHK,KS,ACE,CE,Federal Contract Tower,0,0,0,0,0,0,0,0,0,0,0,0,0,0,0,0,0,0,0
07/19/2023,MHK,KS,ACE,CE,Federal Contract Tower,0,0,0,0,0,0,0,0,0,0,0,0,0,0,0,0,0,0,0
07/20/2023,MHK,KS,ACE,CE,Federal Contract Tower,0,0,0,0,0,0,0,2,2,4,0,0,2,2,4,0,0,0,4
07/21/2023,MHK,KS,ACE,CE,Federal Contract Tower,0,0,0,0,0,0,0,2,0,2,0,0,2,0,2,0,0,0,2
07/22/2023,MHK,KS,ACE,CE,Federal Contract Tower,0,0,0,0,0,0,0,0,0,0,0,0,0,0,0,0,0,0,0
07/23/2023,MHK,KS,ACE,CE,Federal Contract Tower,0,0,0,0,0,0,0,0,0,0,0,0,0,0,0,0,0,0,0
07/24/2023,MHK,KS,ACE,CE,Federal Contract Tower,0,0,0,0,0,0,0,0,4,4,0,0,0,4,4,0,0,0,4
07/25/2023,MHK,KS,ACE,CE,Federal Contract Tower,0,0,0,0,0,0,0,6,0,6,0,0,6,0,6,0,0,0,6
07/26/2023,MHK,KS,ACE,CE,Federal Contract Tower,0,0,0,0,0,0,0,2,2,4,0,0,2,2,4,0,0,0,4
07/27/2023,MHK,KS,ACE,CE,Federal Contract Tower,0,0,0,0,0,0,0,10,0,10,0,0,10,0,10,0,0,0,10
07/28/2023,MHK,KS,ACE,CE,Federal Contract Tower,0,0,0,0,0,0,0,0,0,0,0,0,0,0,0,0,0,0,0
07/29/2023,MHK,KS,ACE,CE,Federal Contract Tower,0,0,0,0,0,0,0,0,0,0,0,0,0,0,0,0,0,0,0
07/30/2023,MHK,KS,ACE,CE,Federal Contract Tower,0,0,0,0,0,0,0,4,0,4,0,0,4,0,4,0,0,0,4
07/31/2023,MHK,KS,ACE,CE,Federal Contract Tower,0,0,0,0,0,0,0,1,0,1,0,0,1,0,1,0,0,0,1
08/01/2023,MHK,KS,ACE,CE,Federal Contract Tower,0,0,0,0,0,0,0,0,0,0,0,0,0,0,0,0,0,0,0
08/02/2023,MHK,KS,ACE,CE,Federal Contract Tower,0,0,0,0,0,0,0,0,0,0,0,0,0,0,0,0,0,0,0
08/03/2023,MHK,KS,ACE,CE,Federal Contract Tower,0,0,0,0,0,0,0,0,4,4,0,0,0,4,4,0,0,0,4
08/04/2023,MHK,KS,ACE,CE,Federal Contract Tower,0,0,0,0,0,0,0,0,2,2,0,0,0,2,2,0,0,0,2
08/05/2023,MHK,KS,ACE,CE,Federal Contract Tower,0,0,0,0,0,0,0,0,2,2,0,0,0,2,2,0,0,0,2
08/06/2023,MHK,KS,ACE,CE,Federal Contract Tower,0,0,0,0,0,0,0,0,0,0,0,0,0,0,0,0,0,0,0
08/07/2023,MHK,KS,ACE,CE,Federal Contract Tower,0,0,0,0,0,0,0,0,0,0,0,0,0,0,0,0,0,0,0
08/08/2023,MHK,KS,ACE,CE,Federal Contract Tower,0,0,0,0,0,0,0,2,0,2,0,0,2,0,2,0,0,0,2
08/09/2023,MHK,KS,ACE,CE,Federal Contract Tower,0,0,0,0,0,0,0,0,0,0,0,0,0,0,0,0,0,0,0
08/10/2023,MHK,KS,ACE,CE,Federal Contract Tower,0,0,0,0,0,0,0,2,2,4,0,0,2,2,4,0,0,0,4
08/11/2023,MHK,KS,ACE,CE,Federal Contract Tower,0,0,0,0,0,0,0,0,0,0,0,0,0,0,0,0,0,0,0
08/12/2023,MHK,KS,ACE,CE,Federal Contract Tower,0,0,0,0,0,0,0,0,0,0,0,0,0,0,0,0,0,0,0
08/13/2023,MHK,KS,ACE,CE,Federal Contract Tower,0,0,0,0,0,0,0,0,0,0,0,0,0,0,0,0,0,0,0
08/14/2023,MHK,KS,ACE,CE,Federal Contract Tower,0,0,0,0,0,0,0,10,0,10,0,0,10,0,10,0,0,0,10
08/15/2023,MHK,KS,ACE,CE,Federal Contract Tower,0,0,0,0,0,0,0,0,2,2,0,0,0,2,2,0,0,0,2
08/16/2023,MHK,KS,ACE,CE,Federal Contract Tower,0,0,0,0,0,0,0,13,0,13,0,0,13,0,13,0,0,0,13
08/17/2023,MHK,KS,ACE,CE,Federal Contract Tower,0,0,6,0,6,0,0,15,2,17,0,0,21,2,23,8,30,38,61
08/18/2023,MHK,KS,ACE,CE,Federal Contract Tower,0,0,1,0,1,0,0,34,0,34,0,0,35,0,35,6,0,6,41
08/19/2023,MHK,KS,ACE,CE,Federal Contract Tower,0,0,2,0,2,0,0,22,0,22,0,0,24,0,24,8,4,12,36
08/20/2023,MHK,KS,ACE,CE,Federal Contract Tower,0,0,1,0,1,0,0,16,0,16,0,0,17,0,17,14,0,14,31
08/21/2023,MHK,KS,ACE,CE,Federal Contract Tower,0,1,3,0,4,0,0,6,4,10,0,1,9,4,14,10,0,10,24
08/22/2023,MHK,KS,ACE,CE,Federal Contract Tower,0,0,3,0,3,0,2,16,0,18,0,2,19,0,21,40,0,40,61
08/23/2023,MHK,KS,ACE,CE,Federal Contract Tower,0,0,2,0,2,0,2,22,4,28,0,2,24,4,30,14,0,14,44
08/24/2023,MHK,KS,ACE,CE,Federal Contract Tower,0,0,2,0,2,0,1,11,1,13,0,1,13,1,15,0,16,16,31
08/25/2023,MHK,KS,ACE,CE,Federal Contract Tower,0,1,1,0,2,0,0,25,0,25,0,1,26,0,27,20,12,32,59
08/26/2023,MHK,KS,ACE,CE,Federal Contract Tower,0,0,4,0,4,0,0,6,2,8,0,0,10,2,12,12,0,12,24
08/27/2023,MHK,KS,ACE,CE,Federal Contract Tower,0,0,3,0,3,0,1,21,0,22,0,1,24,0,25,30,0,30,55
08/28/2023,MHK,KS,ACE,CE,Federal Contract Tower,0,0,3,0,3,0,0,37,0,37,0,0,40,0,40,64,0,64,104
08/29/2023,MHK,KS,ACE,CE,Federal Contract Tower,0,2,1,0,3,0,2,53,0,55,0,4,54,0,58,60,0,60,118
08/30/2023,MHK,KS,ACE,CE,Federal Contract Tower,0,1,0,2,3,0,2,28,2,32,0,3,28,4,35,78,2,80,115
08/31/2023,MHK,KS,ACE,CE,Federal Contract Tower,0,0,2,2,4,0,0,42,0,42,0,0,44,2,46,104,0,104,150
01/01/2020,MHK,KS,ACE,CE,Federal Contract Tower,4,4,4,0,12,0,0,12,0,12,4,4,16,0,24,0,0,0,24
01/02/2020,MHK,KS,ACE,CE,Federal Contract Tower,2,4,17,0,23,0,0,37,2,39,2,4,54,2,62,34,0,34,96
01/03/2020,MHK,KS,ACE,CE,Federal Contract Tower,2,6,6,1,15,0,0,27,1,28,2,6,33,2,43,52,0,52,95
01/04/2020,MHK,KS,ACE,CE,Federal Contract Tower,2,8,4,0,14,0,0,42,4,46,2,8,46,4,60,42,0,42,102
01/05/2020,MHK,KS,ACE,CE,Federal Contract Tower,2,4,2,0,8,0,0,17,0,17,2,4,19,0,25,0,0,0,25
01/06/2020,MHK,KS,ACE,CE,Federal Contract Tower,4,4,2,0,10,0,0,28,8,36,4,4,30,8,46,14,0,14,60
01/07/2020,MHK,KS,ACE,CE,Federal Contract Tower,5,4,7,2,18,0,2,33,5,40,5,6,40,7,58,26,2,28,86
01/08/2020,MHK,KS,ACE,CE,Federal Contract Tower,4,4,5,4,17,0,0,19,18,37,4,4,24,22,54,4,8,12,66
01/09/2020,MHK,KS,ACE,CE,Federal Contract Tower,4,8,6,4,22,0,0,26,21,47,4,8,32,25,69,34,12,46,115
01/10/2020,MHK,KS,ACE,CE,Federal Contract Tower,2,0,0,0,2,0,0,0,0,0,2,0,0,0,2,0,0,0,2
01/11/2020,MHK,KS,ACE,CE,Federal Contract Tower,3,6,0,0,9,0,0,7,0,7,3,6,7,0,16,0,0,0,16
01/12/2020,MHK,KS,ACE,CE,Federal Contract Tower,3,5,3,0,11,0,0,0,0,0,3,5,3,0,11,0,0,0,11
01/13/2020,MHK,KS,ACE,CE,Federal Contract Tower,6,2,2,0,10,0,0,0,0,0,6,2,2,0,10,0,0,0,10
01/14/2020,MHK,KS,ACE,CE,Federal Contract Tower,4,3,8,25,40,0,0,14,12,26,4,3,22,37,66,22,0,22,88
01/15/2020,MHK,KS,ACE,CE,Federal Contract Tower,4,2,9,11,26,0,0,8,26,34,4,2,17,37,60,28,24,52,112
01/16/2020,MHK,KS,ACE,CE,Federal Contract Tower,4,6,3,6,19,0,0,33,10,43,4,6,36,16,62,50,0,50,112
01/17/2020,MHK,KS,ACE,CE,Federal Contract Tower,4,5,2,0,11,0,0,0,0,0,4,5,2,0,11,0,0,0,11
01/18/2020,MHK,KS,ACE,CE,Federal Contract Tower,4,2,7,0,13,0,0,17,0,17,4,2,24,0,30,18,0,18,48
01/19/2020,MHK,KS,ACE,CE,Federal Contract Tower,4,2,5,0,11,0,0,20,1,21,4,2,25,1,32,28,0,28,60
01/20/2020,MHK,KS,ACE,CE,Federal Contract Tower,5,2,7,0,14,0,0,36,1,37,5,2,43,1,51,38,0,38,89
01/21/2020,MHK,KS,ACE,CE,Federal Contract Tower,4,4,12,5,25,0,0,18,34,52,4,4,30,39,77,34,62,96,173
01/22/2020,MHK,KS,ACE,CE,Federal Contract Tower,2,5,4,0,11,0,0,0,0,0,2,5,4,0,11,0,0,0,11
01/23/2020,MHK,KS,ACE,CE,Federal Contract Tower,4,2,1,0,7,0,0,0,0,0,4,2,1,0,7,0,0,0,7
01/24/2020,MHK,KS,ACE,CE,Federal Contract Tower,4,10,5,0,19,0,0,1,16,17,4,10,6,16,36,12,0,12,48
01/25/2020,MHK,KS,ACE,CE,Federal Contract Tower,3,1,14,0,18,0,0,17,0,17,3,1,31,0,35,12,0,12,47
01/26/2020,MHK,KS,ACE,CE,Federal Contract Tower,2,4,11,0,17,0,0,42,0,42,2,4,53,0,59,10,0,10,69
01/27/2020,MHK,KS,ACE,CE,Federal Contract Tower,5,2,9,6,22,0,0,14,19,33,5,2,23,25,55,40,32,72,127
01/28/2020,MHK,KS,ACE,CE,Federal Contract Tower,4,2,3,0,9,0,0,0,0,0,4,2,3,0,9,0,0,0,9
01/29/2020,MHK,KS,ACE,CE,Federal Contract Tower,4,7,12,0,23,0,0,11,24,35,4,7,23,24,58,40,32,72,130
01/30/2020,MHK,KS,ACE,CE,Federal Contract Tower,4,3,4,1,12,0,0,16,17,33,4,3,20,18,45,66,6,72,117
01/31/2020,MHK,KS,ACE,CE,Federal Contract Tower,4,10,6,2,22,0,0,25,6,31,4,10,31,8,53,68,2,70,123
02/01/2020,MHK,KS,ACE,CE,Federal Contract Tower,3,5,5,0,13,0,0,50,0,50,3,5,55,0,63,52,0,52,115
02/02/2020,MHK,KS,ACE,CE,Federal Contract Tower,4,7,5,2,18,0,0,35,6,41,4,7,40,8,59,26,20,46,105
02/03/2020,MHK,KS,ACE,CE,Federal Contract Tower,5,5,10,0,20,0,0,0,1,1,5,5,10,1,21,0,0,0,21
02/04/2020,MHK,KS,ACE,CE,Federal Contract Tower,4,5,2,4,15,0,0,0,17,17,4,5,2,21,32,0,36,36,68
02/05/2020,MHK,KS,ACE,CE,Federal Contract Tower,5,4,3,2,14,0,0,10,20,30,5,4,13,22,44,0,30,30,74
02/06/2020,MHK,KS,ACE,CE,Federal Contract Tower,4,2,6,3,15,0,0,46,17,63,4,2,52,20,78,36,18,54,132
02/07/2020,MHK,KS,ACE,CE,Federal Contract Tower,5,7,13,0,25,0,0,16,0,16,5,7,29,0,41,20,0,20,61
02/08/2020,MHK,KS,ACE,CE,Federal Contract Tower,4,6,0,0,10,0,0,42,0,42,4,6,42,0,52,18,0,18,70
02/09/2020,MHK,KS,ACE,CE,Federal Contract Tower,5,2,4,2,13,0,0,21,0,21,5,2,25,2,34,10,0,10,44
02/10/2020,MHK,KS,ACE,CE,Federal Contract Tower,5,7,27,12,51,0,0,17,8,25,5,7,44,20,76,24,6,30,106
02/11/2020,MHK,KS,ACE,CE,Federal Contract Tower,5,15,6,2,28,0,3,17,4,24,5,18,23,6,52,14,12,26,78
02/12/2020,MHK,KS,ACE,CE,Federal Contract Tower,5,2,4,0,11,0,0,0,0,0,5,2,4,0,11,0,0,0,11
02/13/2020,MHK,KS,ACE,CE,Federal Contract Tower,4,2,7,5,18,0,0,19,5,24,4,2,26,10,42,10,0,10,52
02/14/2020,MHK,KS,ACE,CE,Federal Contract Tower,5,4,13,0,22,0,0,28,0,28,5,4,41,0,50,8,0,8,58
02/15/2020,MHK,KS,ACE,CE,Federal Contract Tower,2,12,7,0,21,0,2,40,0,42,2,14,47,0,63,58,0,58,121
02/16/2020,MHK,KS,ACE,CE,Federal Contract Tower,4,4,9,0,17,0,0,26,0,26,4,4,35,0,43,0,0,0,43
02/17/2020,MHK,KS,ACE,CE,Federal Contract Tower,4,2,6,0,12,0,0,33,8,41,4,2,39,8,53,20,0,20,73
02/18/2020,MHK,KS,ACE,CE,Federal Contract Tower,4,7,8,6,25,0,2,22,6,30,4,9,30,12,55,30,0,30,85
02/19/2020,MHK,KS,ACE,CE,Federal Contract Tower,4,6,0,7,17,0,0,28,4,32,4,6,28,11,49,46,0,46,95
02/20/2020,MHK,KS,ACE,CE,Federal Contract Tower,5,7,10,6,28,0,0,20,20,40,5,7,30,26,68,58,2,60,128
02/21/2020,MHK,KS,ACE,CE,Federal Contract Tower,7,9,5,2,23,0,2,19,3,24,7,11,24,5,47,20,0,20,67
02/22/2020,MHK,KS,ACE,CE,Federal Contract Tower,2,9,4,0,15,0,0,46,6,52,2,9,50,6,67,84,0,84,151
02/23/2020,MHK,KS,ACE,CE,Federal Contract Tower,6,4,1,0,11,0,0,16,4,20,6,4,17,4,31,30,0,30,61
02/24/2020,MHK,KS,ACE,CE,Federal Contract Tower,4,9,6,4,23,0,0,13,12,25,4,9,19,16,48,64,32,96,144
02/25/2020,MHK,KS,ACE,CE,Federal Contract Tower,4,3,3,4,14,0,0,2,9,11,4,3,5,13,25,26,24,50,75
02/26/2020,MHK,KS,ACE,CE,Federal Contract Tower,4,4,1,1,10,0,6,26,11,43,4,10,27,12,53,28,48,76,129
02/27/2020,MHK,KS,ACE,CE,Federal Contract Tower,4,2,5,5,16,0,0,19,5,24,4,2,24,10,40,20,0,20,60
02/28/2020,MHK,KS,ACE,CE,Federal Contract Tower,5,4,8,0,17,0,2,37,2,41,5,6,45,2,58,48,0,48,106
02/29/2020,MHK,KS,ACE,CE,Federal Contract Tower,3,12,14,0,29,0,0,43,0,43,3,12,57,0,72,34,0,34,106
03/01/2020,MHK,KS,ACE,CE,Federal Contract Tower,4,4,3,0,11,0,2,74,0,76,4,6,77,0,87,80,0,80,167
03/02/2020,MHK,KS,ACE,CE,Federal Contract Tower,4,6,13,0,23,0,0,53,3,56,4,6,66,3,79,124,24,148,227
03/03/2020,MHK,KS,ACE,CE,Federal Contract Tower,4,6,6,8,24,0,0,9,6,15,4,6,15,14,39,46,22,68,107
03/04/2020,MHK,KS,ACE,CE,Federal Contract Tower,5,7,9,2,23,0,2,50,2,54,5,9,59,4,77,78,32,110,187
03/05/2020,MHK,KS,ACE,CE,Federal Contract Tower,4,6,8,8,26,0,0,17,0,17,4,6,25,8,43,18,0,18,61
03/06/2020,MHK,KS,ACE,CE,Federal Contract Tower,5,6,9,1,21,0,0,49,1,50,5,6,58,2,71,64,0,64,135
03/07/2020,MHK,KS,ACE,CE,Federal Contract Tower,3,7,16,0,26,0,0,18,0,18,3,7,34,0,44,16,0,16,60
03/08/2020,MHK,KS,ACE,CE,Federal Contract Tower,4,3,2,2,11,0,0,7,0,7,4,3,9,2,18,8,0,8,26
03/09/2020,MHK,KS,ACE,CE,Federal Contract Tower,4,4,3,6,17,0,0,0,4,4,4,4,3,10,21,0,14,14,35
03/10/2020,MHK,KS,ACE,CE,Federal Contract Tower,4,3,7,4,18,0,0,15,4,19,4,3,22,8,37,40,20,60,97
03/11/2020,MHK,KS,ACE,CE,Federal Contract Tower,4,3,15,4,26,0,0,84,2,86,4,3,99,6,112,66,0,66,178
03/12/2020,MHK,KS,ACE,CE,Federal Contract Tower,3,2,8,2,15,0,0,41,2,43,3,2,49,4,58,66,6,72,130
03/13/2020,MHK,KS,ACE,CE,Federal Contract Tower,6,2,9,6,23,0,0,52,0,52,6,2,61,6,75,78,0,78,153
03/14/2020,MHK,KS,ACE,CE,Federal Contract Tower,3,4,3,0,10,0,0,0,0,0,3,4,3,0,10,0,0,0,10
03/15/2020,MHK,KS,ACE,CE,Federal Contract Tower,4,2,2,0,8,0,0,0,0,0,4,2,2,0,8,0,0,0,8
03/16/2020,MHK,KS,ACE,CE,Federal Contract Tower,4,2,9,0,15,0,0,3,0,3,4,2,12,0,18,0,0,0,18
03/17/2020,MHK,KS,ACE,CE,Federal Contract Tower,4,2,3,0,9,0,0,28,0,28,4,2,31,0,37,90,0,90,127
03/18/2020,MHK,KS,ACE,CE,Federal Contract Tower,4,4,17,3,28,0,0,13,2,15,4,4,30,5,43,32,36,68,111
03/19/2020,MHK,KS,ACE,CE,Federal Contract Tower,4,5,11,9,29,0,2,23,9,34,4,7,34,18,63,12,38,50,113
03/20/2020,MHK,KS,ACE,CE,Federal Contract Tower,4,3,9,0,16,0,2,28,0,30,4,5,37,0,46,14,0,14,60
03/21/2020,MHK,KS,ACE,CE,Federal Contract Tower,2,5,4,0,11,0,9,90,0,99,2,14,94,0,110,76,0,76,186
03/22/2020,MHK,KS,ACE,CE,Federal Contract Tower,4,2,4,0,10,0,0,0,0,0,4,2,4,0,10,0,0,0,10
03/23/2020,MHK,KS,ACE,CE,Federal Contract Tower,2,4,11,9,26,0,0,15,1,16,2,4,26,10,42,28,0,28,70
03/24/2020,MHK,KS,ACE,CE,Federal Contract Tower,3,1,15,2,21,0,0,11,4,15,3,1,26,6,36,38,16,54,90
03/25/2020,MHK,KS,ACE,CE,Federal Contract Tower,2,3,14,3,22,0,0,18,12,30,2,3,32,15,52,2,58,60,112
03/26/2020,MHK,KS,ACE,CE,Federal Contract Tower,2,4,13,2,21,0,0,18,1,19,2,4,31,3,40,78,0,78,118
03/27/2020,MHK,KS,ACE,CE,Federal Contract Tower,2,2,2,2,8,0,0,0,2,2,2,2,2,4,10,0,0,0,10
03/28/2020,MHK,KS,ACE,CE,Federal Contract Tower,2,2,2,0,6,0,0,6,0,6,2,2,8,0,12,2,0,2,14
03/29/2020,MHK,KS,ACE,CE,Federal Contract Tower,2,1,2,0,5,0,0,48,0,48,2,1,50,0,53,36,0,36,89
03/30/2020,MHK,KS,ACE,CE,Federal Contract Tower,2,2,6,2,12,2,0,23,6,31,4,2,29,8,43,30,20,50,93
03/31/2020,MHK,KS,ACE,CE,Federal Contract Tower,2,3,8,0,13,2,0,34,0,36,4,3,42,0,49,60,0,60,109
04/01/2020,MHK,KS,ACE,CE,Federal Contract Tower,2,3,6,4,15,0,1,13,0,14,2,4,19,4,29,22,0,22,51
04/02/2020,MHK,KS,ACE,CE,Federal Contract Tower,0,4,8,0,12,0,2,22,0,24,0,6,30,0,36,46,0,46,82
04/03/2020,MHK,KS,ACE,CE,Federal Contract Tower,1,0,0,0,1,0,0,22,0,22,1,0,22,0,23,20,0,20,43
04/04/2020,MHK,KS,ACE,CE,Federal Contract Tower,0,2,1,2,5,0,2,51,0,53,0,4,52,2,58,76,0,76,134
04/05/2020,MHK,KS,ACE,CE,Federal Contract Tower,0,0,7,0,7,0,0,9,0,9,0,0,16,0,16,8,0,8,24
04/06/2020,MHK,KS,ACE,CE,Federal Contract Tower,1,0,9,0,10,0,0,22,0,22,1,0,31,0,32,34,0,34,66
04/07/2020,MHK,KS,ACE,CE,Federal Contract Tower,0,2,25,0,27,0,4,73,4,81,0,6,98,4,108,84,0,84,192
04/08/2020,MHK,KS,ACE,CE,Federal Contract Tower,0,2,15,2,19,0,2,32,2,36,0,4,47,4,55,42,0,42,97
04/09/2020,MHK,KS,ACE,CE,Federal Contract Tower,0,2,2,0,4,0,4,20,0,24,0,6,22,0,28,34,0,34,62
04/10/2020,MHK,KS,ACE,CE,Federal Contract Tower,1,2,6,0,9,0,0,23,2,25,1,2,29,2,34,48,2,50,84
04/11/2020,MHK,KS,ACE,CE,Federal Contract Tower,0,0,3,0,3,0,2,20,0,22,0,2,23,0,25,50,0,50,75
04/12/2020,MHK,KS,ACE,CE,Federal Contract Tower,0,2,0,0,2,0,0,0,0,0,0,2,0,0,2,0,0,0,2
04/13/2020,MHK,KS,ACE,CE,Federal Contract Tower,0,2,22,0,24,0,0,36,2,38,0,2,58,2,62,24,10,34,96
04/14/2020,MHK,KS,ACE,CE,Federal Contract Tower,0,2,2,3,7,0,1,24,2,27,0,3,26,5,34,36,0,36,70
04/15/2020,MHK,KS,ACE,CE,Federal Contract Tower,0,4,6,4,14,0,0,45,5,50,0,4,51,9,64,46,12,58,122
04/16/2020,MHK,KS,ACE,CE,Federal Contract Tower,0,2,0,0,2,0,0,0,0,0,0,2,0,0,2,0,0,0,2
04/17/2020,MHK,KS,ACE,CE,Federal Contract Tower,5,2,2,0,9,0,0,29,0,29,5,2,31,0,38,50,0,50,88
04/18/2020,MHK,KS,ACE,CE,Federal Contract Tower,0,0,0,2,2,0,0,22,0,22,0,0,22,2,24,26,0,26,50
04/19/2020,MHK,KS,ACE,CE,Federal Contract Tower,0,2,0,0,2,0,0,35,0,35,0,2,35,0,37,80,0,80,117
04/20/2020,MHK,KS,ACE,CE,Federal Contract Tower,0,3,4,1,8,0,0,21,13,34,0,3,25,14,42,68,60,128,170
04/21/2020,MHK,KS,ACE,CE,Federal Contract Tower,0,0,18,2,20,0,0,58,6,64,0,0,76,8,84,66,40,106,190
04/22/2020,MHK,KS,ACE,CE,Federal Contract Tower,0,2,6,2,10,0,0,12,0,12,0,2,18,2,22,22,0,22,44
04/23/2020,MHK,KS,ACE,CE,Federal Contract Tower,0,4,4,1,9,0,0,26,3,29,0,4,30,4,38,32,0,32,70
04/24/2020,MHK,KS,ACE,CE,Federal Contract Tower,0,2,6,2,10,0,0,2,0,2,0,2,8,2,12,0,0,0,12
04/25/2020,MHK,KS,ACE,CE,Federal Contract Tower,0,0,3,0,3,0,0,41,0,41,0,0,44,0,44,30,0,30,74
04/26/2020,MHK,KS,ACE,CE,Federal Contract Tower,0,2,1,2,5,0,0,32,0,32,0,2,33,2,37,16,0,16,53
04/27/2020,MHK,KS,ACE,CE,Federal Contract Tower,0,0,7,10,17,0,0,31,22,53,0,0,38,32,70,26,80,106,176
04/28/2020,MHK,KS,ACE,CE,Federal Contract Tower,0,2,4,2,8,0,0,15,0,15,0,2,19,2,23,38,0,38,61
04/29/2020,MHK,KS,ACE,CE,Federal Contract Tower,0,2,3,12,17,0,0,18,8,26,0,2,21,20,43,0,22,22,65
04/30/2020,MHK,KS,ACE,CE,Federal Contract Tower,0,3,6,1,10,0,0,31,7,38,0,3,37,8,48,48,10,58,106
05/01/2020,MHK,KS,ACE,CE,Federal Contract Tower,0,3,5,0,8,0,0,39,2,41,0,3,44,2,49,46,0,46,95
05/02/2020,MHK,KS,ACE,CE,Federal Contract Tower,1,2,3,0,6,0,0,31,0,31,1,2,34,0,37,26,0,26,63
05/03/2020,MHK,KS,ACE,CE,Federal Contract Tower,0,2,3,0,5,0,0,36,0,36,0,2,39,0,41,32,0,32,73
05/04/2020,MHK,KS,ACE,CE,Federal Contract Tower,2,4,4,7,17,0,0,5,11,16,2,4,9,18,33,16,40,56,89
05/05/2020,MHK,KS,ACE,CE,Federal Contract Tower,0,0,25,6,31,0,0,30,12,42,0,0,55,18,73,32,44,76,149
05/06/2020,MHK,KS,ACE,CE,Federal Contract Tower,7,2,33,6,48,0,0,37,13,50,7,2,70,19,98,34,32,66,164
05/07/2020,MHK,KS,ACE,CE,Federal Contract Tower,0,5,5,4,14,0,0,10,0,10,0,5,15,4,24,42,0,42,66
05/08/2020,MHK,KS,ACE,CE,Federal Contract Tower,1,1,6,4,12,0,0,33,5,38,1,1,39,9,50,24,0,24,74
05/09/2020,MHK,KS,ACE,CE,Federal Contract Tower,0,2,4,0,6,0,1,37,1,39,0,3,41,1,45,18,0,18,63
05/10/2020,MHK,KS,ACE,CE,Federal Contract Tower,0,2,6,0,8,0,0,21,0,21,0,2,27,0,29,0,0,0,29
05/11/2020,MHK,KS,ACE,CE,Federal Contract Tower,0,4,3,2,9,0,0,8,0,8,0,4,11,2,17,12,0,12,29
05/12/2020,MHK,KS,ACE,CE,Federal Contract Tower,0,2,13,11,26,0,0,15,5,20,0,2,28,16,46,66,6,72,118
05/13/2020,MHK,KS,ACE,CE,Federal Contract Tower,4,2,5,2,13,0,0,0,0,0,4,2,5,2,13,0,0,0,13
05/14/2020,MHK,KS,ACE,CE,Federal Contract Tower,0,2,8,4,14,0,0,32,0,32,0,2,40,4,46,46,0,46,92
05/15/2020,MHK,KS,ACE,CE,Federal Contract Tower,0,4,2,5,11,0,0,15,1,16,0,4,17,6,27,58,0,58,85
05/16/2020,MHK,KS,ACE,CE,Federal Contract Tower,0,3,0,0,3,0,0,15,0,15,0,3,15,0,18,48,0,48,66
05/17/2020,MHK,KS,ACE,CE,Federal Contract Tower,0,4,3,0,7,0,0,9,0,9,0,4,12,0,16,0,0,0,16
05/18/2020,MHK,KS,ACE,CE,Federal Contract Tower,0,3,7,8,18,0,0,23,23,46,0,3,30,31,64,48,8,56,120
05/19/2020,MHK,KS,ACE,CE,Federal Contract Tower,0,4,1,5,10,0,0,31,20,51,0,4,32,25,61,36,32,68,129
05/20/2020,MHK,KS,ACE,CE,Federal Contract Tower,0,2,8,10,20,0,0,40,24,64,0,2,48,34,84,86,50,136,220
05/21/2020,MHK,KS,ACE,CE,Federal Contract Tower,4,2,11,2,19,0,0,5,2,7,4,2,16,4,26,4,0,4,30
05/22/2020,MHK,KS,ACE,CE,Federal Contract Tower,0,2,2,0,4,0,0,24,20,44,0,2,26,20,48,44,0,44,92
05/23/2020,MHK,KS,ACE,CE,Federal Contract Tower,0,2,9,0,11,0,0,78,0,78,0,2,87,0,89,114,0,114,203
05/24/2020,MHK,KS,ACE,CE,Federal Contract Tower,0,2,0,0,2,0,0,14,0,14,0,2,14,0,16,22,0,22,38
05/25/2020,MHK,KS,ACE,CE,Federal Contract Tower,0,2,2,2,6,0,0,17,0,17,0,2,19,2,23,16,0,16,39
05/26/2020,MHK,KS,ACE,CE,Federal Contract Tower,0,2,7,10,19,0,0,5,6,11,0,2,12,16,30,22,32,54,84
05/27/2020,MHK,KS,ACE,CE,Federal Contract Tower,0,6,17,6,29,0,0,23,11,34,0,6,40,17,63,60,32,92,155
05/28/2020,MHK,KS,ACE,CE,Federal Contract Tower,2,3,10,2,17,0,0,12,6,18,2,3,22,8,35,22,6,28,63
05/29/2020,MHK,KS,ACE,CE,Federal Contract Tower,0,2,9,2,13,0,2,73,0,75,0,4,82,2,88,110,0,110,198
05/30/2020,MHK,KS,ACE,CE,Federal Contract Tower,0,2,0,2,4,0,0,78,0,78,0,2,78,2,82,74,0,74,156
05/31/2020,MHK,KS,ACE,CE,Federal Contract Tower,0,2,2,0,4,0,0,36,0,36,0,2,38,0,40,38,0,38,78
06/01/2020,MHK,KS,ACE,CE,Federal Contract Tower,0,2,14,10,26,0,0,11,3,14,0,2,25,13,40,0,6,6,46
06/02/2020,MHK,KS,ACE,CE,Federal Contract Tower,0,3,14,3,20,0,3,30,20,53,0,6,44,23,73,44,0,44,117
06/03/2020,MHK,KS,ACE,CE,Federal Contract Tower,2,3,17,6,28,0,0,39,4,43,2,3,56,10,71,70,34,104,175
06/04/2020,MHK,KS,ACE,CE,Federal Contract Tower,1,3,3,8,15,0,0,27,7,34,1,3,30,15,49,22,38,60,109
06/05/2020,MHK,KS,ACE,CE,Federal Contract Tower,1,1,6,0,8,0,0,52,0,52,1,1,58,0,60,84,0,84,144
06/06/2020,MHK,KS,ACE,CE,Federal Contract Tower,3,1,9,2,15,0,0,58,0,58,3,1,67,2,73,60,0,60,133
06/07/2020,MHK,KS,ACE,CE,Federal Contract Tower,1,1,3,0,5,0,0,24,0,24,1,1,27,0,29,6,0,6,35
06/08/2020,MHK,KS,ACE,CE,Federal Contract Tower,2,0,26,3,31,0,0,27,6,33,2,0,53,9,64,30,28,58,122
06/09/2020,MHK,KS,ACE,CE,Federal Contract Tower,2,4,14,3,23,0,2,19,2,23,2,6,33,5,46,30,2,32,78
06/10/2020,MHK,KS,ACE,CE,Federal Contract Tower,2,0,6,10,18,0,0,1,10,11,2,0,7,20,29,0,4,4,33
06/11/2020,MHK,KS,ACE,CE,Federal Contract Tower,1,3,20,2,26,0,0,51,5,56,1,3,71,7,82,88,12,100,182
06/12/2020,MHK,KS,ACE,CE,Federal Contract Tower,2,0,5,0,7,0,0,52,0,52,2,0,57,0,59,70,0,70,129
06/13/2020,MHK,KS,ACE,CE,Federal Contract Tower,2,0,6,0,8,0,0,34,0,34,2,0,40,0,42,56,0,56,98
06/14/2020,MHK,KS,ACE,CE,Federal Contract Tower,2,2,5,0,9,0,0,17,0,17,2,2,22,0,26,4,0,4,30
06/15/2020,MHK,KS,ACE,CE,Federal Contract Tower,2,0,5,2,9,0,0,15,5,20,2,0,20,7,29,20,6,26,55
06/16/2020,MHK,KS,ACE,CE,Federal Contract Tower,2,3,10,0,15,0,0,32,9,41,2,3,42,9,56,78,30,108,164
06/17/2020,MHK,KS,ACE,CE,Federal Contract Tower,2,0,5,7,14,0,2,14,4,20,2,2,19,11,34,18,28,46,80
06/18/2020,MHK,KS,ACE,CE,Federal Contract Tower,2,0,2,0,4,0,0,12,7,19,2,0,14,7,23,18,6,24,47
06/19/2020,MHK,KS,ACE,CE,Federal Contract Tower,4,0,5,0,9,0,0,13,0,13,4,0,18,0,22,20,0,20,42
06/20/2020,MHK,KS,ACE,CE,Federal Contract Tower,2,0,9,0,11,0,0,43,0,43,2,0,52,0,54,78,0,78,132
06/21/2020,MHK,KS,ACE,CE,Federal Contract Tower,4,0,7,0,11,0,0,20,0,20,4,0,27,0,31,18,0,18,49
06/22/2020,MHK,KS,ACE,CE,Federal Contract Tower,2,0,15,1,18,0,0,24,0,24,2,0,39,1,42,16,0,16,58
06/23/2020,MHK,KS,ACE,CE,Federal Contract Tower,2,3,15,5,25,0,0,50,6,56,2,3,65,11,81,26,16,42,123
06/24/2020,MHK,KS,ACE,CE,Federal Contract Tower,2,5,13,8,28,0,0,40,6,46,2,5,53,14,74,18,0,18,92
06/25/2020,MHK,KS,ACE,CE,Federal Contract Tower,2,0,14,3,19,0,0,30,3,33,2,0,44,6,52,0,12,12,64
06/26/2020,MHK,KS,ACE,CE,Federal Contract Tower,2,0,6,2,10,0,0,31,4,35,2,0,37,6,45,90,0,90,135
06/27/2020,MHK,KS,ACE,CE,Federal Contract Tower,2,2,5,0,9,0,0,37,0,37,2,2,42,0,46,104,0,104,150
06/28/2020,MHK,KS,ACE,CE,Federal Contract Tower,2,2,3,0,7,0,0,24,0,24,2,2,27,0,31,8,0,8,39
06/29/2020,MHK,KS,ACE,CE,Federal Contract Tower,4,0,9,0,13,0,0,12,1,13,4,0,21,1,26,4,4,8,34
06/30/2020,MHK,KS,ACE,CE,Federal Contract Tower,2,2,27,0,31,0,2,24,1,27,2,4,51,1,58,12,0,12,70
07/01/2020,MHK,KS,ACE,CE,Federal Contract Tower,2,6,13,2,23,0,0,44,2,46,2,6,57,4,69,40,0,40,109
07/02/2020,MHK,KS,ACE,CE,Federal Contract Tower,2,0,8,0,10,0,4,43,2,49,2,4,51,2,59,72,0,72,131
07/03/2020,MHK,KS,ACE,CE,Federal Contract Tower,2,3,5,0,10,0,0,42,0,42,2,3,47,0,52,96,0,96,148
07/04/2020,MHK,KS,ACE,CE,Federal Contract Tower,2,0,2,0,4,0,0,16,0,16,2,0,18,0,20,28,0,28,48
07/05/2020,MHK,KS,ACE,CE,Federal Contract Tower,2,5,10,0,17,0,0,13,0,13,2,5,23,0,30,22,0,22,52
07/06/2020,MHK,KS,ACE,CE,Federal Contract Tower,2,0,7,0,9,0,0,42,0,42,2,0,49,0,51,42,0,42,93
07/07/2020,MHK,KS,ACE,CE,Federal Contract Tower,3,1,5,5,14,0,0,36,3,39,3,1,41,8,53,36,0,36,89
07/08/2020,MHK,KS,ACE,CE,Federal Contract Tower,4,2,4,6,16,0,0,46,0,46,4,2,50,6,62,30,0,30,92
07/09/2020,MHK,KS,ACE,CE,Federal Contract Tower,4,4,6,4,18,0,0,34,6,40,4,4,40,10,58,52,22,74,132
07/10/2020,MHK,KS,ACE,CE,Federal Contract Tower,3,3,6,1,13,0,0,36,2,38,3,3,42,3,51,52,0,52,103
07/11/2020,MHK,KS,ACE,CE,Federal Contract Tower,3,1,0,2,6,0,0,60,0,60,3,1,60,2,66,108,0,108,174
07/12/2020,MHK,KS,ACE,CE,Federal Contract Tower,6,0,3,0,9,26,0,0,0,26,32,0,3,0,35,6,0,6,41
07/13/2020,MHK,KS,ACE,CE,Federal Contract Tower,6,0,7,0,13,0,0,28,0,28,6,0,35,0,41,18,0,18,59
07/14/2020,MHK,KS,ACE,CE,Federal Contract Tower,3,0,4,0,7,0,4,27,12,43,3,4,31,12,50,32,14,46,96
07/15/2020,MHK,KS,ACE,CE,Federal Contract Tower,2,1,2,6,11,0,0,0,3,3,2,1,2,9,14,0,0,0,14
07/16/2020,MHK,KS,ACE,CE,Federal Contract Tower,8,0,1,1,10,0,0,16,0,16,8,0,17,1,26,2,0,2,28
07/17/2020,MHK,KS,ACE,CE,Federal Contract Tower,6,0,6,2,14,0,0,34,0,34,6,0,40,2,48,68,0,68,116
07/18/2020,MHK,KS,ACE,CE,Federal Contract Tower,4,0,2,0,6,0,0,28,0,28,4,0,30,0,34,10,0,10,44
07/19/2020,MHK,KS,ACE,CE,Federal Contract Tower,6,0,4,0,10,0,0,26,0,26,6,0,30,0,36,10,0,10,46
07/20/2020,MHK,KS,ACE,CE,Federal Contract Tower,3,2,8,0,13,0,0,9,2,11,3,2,17,2,24,8,0,8,32
07/21/2020,MHK,KS,ACE,CE,Federal Contract Tower,2,5,8,4,19,0,0,19,1,20,2,5,27,5,39,24,8,32,71
07/22/2020,MHK,KS,ACE,CE,Federal Contract Tower,2,2,8,5,17,0,0,50,0,50,2,2,58,5,67,94,0,94,161
07/23/2020,MHK,KS,ACE,CE,Federal Contract Tower,3,3,15,4,25,0,0,42,9,51,3,3,57,13,76,70,4,74,150
07/24/2020,MHK,KS,ACE,CE,Federal Contract Tower,3,4,12,2,21,0,0,47,0,47,3,4,59,2,68,118,20,138,206
07/25/2020,MHK,KS,ACE,CE,Federal Contract Tower,3,1,5,0,9,0,0,38,0,38,3,1,43,0,47,36,0,36,83
07/26/2020,MHK,KS,ACE,CE,Federal Contract Tower,5,1,6,0,12,0,0,36,0,36,5,1,42,0,48,36,0,36,84
07/27/2020,MHK,KS,ACE,CE,Federal Contract Tower,6,0,9,2,17,0,0,5,3,8,6,0,14,5,25,6,12,18,43
07/28/2020,MHK,KS,ACE,CE,Federal Contract Tower,3,4,10,5,22,0,0,21,2,23,3,4,31,7,45,34,0,34,79
07/29/2020,MHK,KS,ACE,CE,Federal Contract Tower,3,0,10,2,15,0,0,2,0,2,3,0,12,2,17,0,0,0,17
07/30/2020,MHK,KS,ACE,CE,Federal Contract Tower,3,0,0,0,3,0,0,0,6,6,3,0,0,6,9,0,0,0,9
07/31/2020,MHK,KS,ACE,CE,Federal Contract Tower,3,2,16,1,22,0,0,23,2,25,3,2,39,3,47,2,0,2,49
08/01/2020,MHK,KS,ACE,CE,Federal Contract Tower,3,0,4,0,7,0,0,58,12,70,3,0,62,12,77,58,0,58,135
08/02/2020,MHK,KS,ACE,CE,Federal Contract Tower,3,0,2,2,7,0,0,39,0,39,3,0,41,2,46,38,0,38,84
08/03/2020,MHK,KS,ACE,CE,Federal Contract Tower,3,0,4,5,12,0,0,32,10,42,3,0,36,15,54,62,0,62,116
08/04/2020,MHK,KS,ACE,CE,Federal Contract Tower,2,0,21,5,28,0,0,41,2,43,2,0,62,7,71,50,0,50,121
08/05/2020,MHK,KS,ACE,CE,Federal Contract Tower,4,0,14,2,20,0,0,43,9,52,4,0,57,11,72,54,0,54,126
08/06/2020,MHK,KS,ACE,CE,Federal Contract Tower,5,2,15,4,26,0,0,35,2,37,5,2,50,6,63,38,0,38,101
08/07/2020,MHK,KS,ACE,CE,Federal Contract Tower,3,0,5,0,8,0,0,14,0,14,3,0,19,0,22,16,0,16,38
08/08/2020,MHK,KS,ACE,CE,Federal Contract Tower,3,2,7,0,12,0,0,49,0,49,3,2,56,0,61,60,0,60,121
08/09/2020,MHK,KS,ACE,CE,Federal Contract Tower,3,0,6,0,9,0,0,21,0,21,3,0,27,0,30,4,0,4,34
08/10/2020,MHK,KS,ACE,CE,Federal Contract Tower,3,0,14,2,19,0,0,18,1,19,3,0,32,3,38,46,2,48,86
08/11/2020,MHK,KS,ACE,CE,Federal Contract Tower,2,0,34,5,41,0,2,45,15,62,2,2,79,20,103,24,2,26,129
08/12/2020,MHK,KS,ACE,CE,Federal Contract Tower,2,2,23,6,33,0,0,30,2,32,2,2,53,8,65,42,0,42,107
08/13/2020,MHK,KS,ACE,CE,Federal Contract Tower,5,3,21,7,36,0,1,44,1,46,5,4,65,8,82,26,0,26,108
08/14/2020,MHK,KS,ACE,CE,Federal Contract Tower,3,2,28,1,34,0,0,43,0,43,3,2,71,1,77,68,0,68,145
08/15/2020,MHK,KS,ACE,CE,Federal Contract Tower,3,1,4,0,8,0,0,60,0,60,3,1,64,0,68,16,0,16,84
08/16/2020,MHK,KS,ACE,CE,Federal Contract Tower,2,0,10,0,12,0,0,48,0,48,2,0,58,0,60,24,0,24,84
08/17/2020,MHK,KS,ACE,CE,Federal Contract Tower,3,0,19,0,22,0,0,40,0,40,3,0,59,0,62,4,0,4,66
08/18/2020,MHK,KS,ACE,CE,Federal Contract Tower,2,0,27,4,33,0,0,38,3,41,2,0,65,7,74,28,10,38,112
08/19/2020,MHK,KS,ACE,CE,Federal Contract Tower,2,0,12,6,20,0,2,34,14,50,2,2,46,20,70,30,0,30,100
08/20/2020,MHK,KS,ACE,CE,Federal Contract Tower,3,0,13,3,19,0,0,45,10,55,3,0,58,13,74,68,4,72,146
08/21/2020,MHK,KS,ACE,CE,Federal Contract Tower,3,0,3,2,8,0,0,46,12,58,3,0,49,14,66,54,0,54,120
08/22/2020,MHK,KS,ACE,CE,Federal Contract Tower,3,2,1,0,6,0,0,42,4,46,3,2,43,4,52,70,0,70,122
08/23/2020,MHK,KS,ACE,CE,Federal Contract Tower,3,0,7,0,10,0,0,40,2,42,3,0,47,2,52,42,0,42,94
08/24/2020,MHK,KS,ACE,CE,Federal Contract Tower,3,0,14,1,18,0,2,47,22,71,3,2,61,23,89,46,20,66,155
08/25/2020,MHK,KS,ACE,CE,Federal Contract Tower,2,3,2,0,7,0,2,44,15,61,2,5,46,15,68,26,6,32,100
08/26/2020,MHK,KS,ACE,CE,Federal Contract Tower,2,3,8,0,13,0,0,26,29,55,2,3,34,29,68,38,10,48,116
08/27/2020,MHK,KS,ACE,CE,Federal Contract Tower,3,2,13,4,22,0,2,39,0,41,3,4,52,4,63,58,0,58,121
08/28/2020,MHK,KS,ACE,CE,Federal Contract Tower,3,4,6,0,13,0,2,31,2,35,3,6,37,2,48,34,10,44,92
08/29/2020,MHK,KS,ACE,CE,Federal Contract Tower,3,0,12,0,15,0,0,27,0,27,3,0,39,0,42,40,0,40,82
08/30/2020,MHK,KS,ACE,CE,Federal Contract Tower,3,2,9,0,14,0,0,34,0,34,3,2,43,0,48,26,0,26,74
08/31/2020,MHK,KS,ACE,CE,Federal Contract Tower,5,3,5,2,15,0,4,22,0,26,5,7,27,2,41,36,0,36,77
09/01/2020,MHK,KS,ACE,CE,Federal Contract Tower,2,0,12,4,18,0,0,28,0,28,2,0,40,4,46,46,0,46,92
09/02/2020,MHK,KS,ACE,CE,Federal Contract Tower,13,3,5,0,21,0,0,41,0,41,13,3,46,0,62,94,0,94,156
09/03/2020,MHK,KS,ACE,CE,Federal Contract Tower,10,0,15,0,25,0,2,35,0,37,10,2,50,0,62,72,0,72,134
09/04/2020,MHK,KS,ACE,CE,Federal Contract Tower,15,6,8,0,29,0,2,33,0,35,15,8,41,0,64,68,0,68,132
09/05/2020,MHK,KS,ACE,CE,Federal Contract Tower,14,0,7,2,23,0,0,48,0,48,14,0,55,2,71,44,0,44,115
09/06/2020,MHK,KS,ACE,CE,Federal Contract Tower,4,0,1,0,5,0,0,3,0,3,4,0,4,0,8,0,0,0,8
09/07/2020,MHK,KS,ACE,CE,Federal Contract Tower,3,2,3,0,8,0,0,44,0,44,3,2,47,0,52,60,0,60,112
09/08/2020,MHK,KS,ACE,CE,Federal Contract Tower,2,4,2,0,8,0,0,0,0,0,2,4,2,0,8,0,0,0,8
09/09/2020,MHK,KS,ACE,CE,Federal Contract Tower,3,5,2,2,12,0,0,0,0,0,3,5,2,2,12,0,0,0,12
09/10/2020,MHK,KS,ACE,CE,Federal Contract Tower,3,5,2,2,12,0,0,0,0,0,3,5,2,2,12,0,0,0,12
09/11/2020,MHK,KS,ACE,CE,Federal Contract Tower,4,11,17,8,40,0,0,6,0,6,4,11,23,8,46,24,0,24,70
09/12/2020,MHK,KS,ACE,CE,Federal Contract Tower,4,2,14,0,20,0,0,36,0,36,4,2,50,0,56,64,0,64,120
09/13/2020,MHK,KS,ACE,CE,Federal Contract Tower,3,1,2,0,6,0,0,52,0,52,3,1,54,0,58,56,0,56,114
09/14/2020,MHK,KS,ACE,CE,Federal Contract Tower,3,2,13,0,18,0,0,47,2,49,3,2,60,2,67,84,0,84,151
09/15/2020,MHK,KS,ACE,CE,Federal Contract Tower,4,2,10,3,19,0,0,58,7,65,4,2,68,10,84,140,0,140,224
09/16/2020,MHK,KS,ACE,CE,Federal Contract Tower,3,0,14,0,17,0,4,47,0,51,3,4,61,0,68,96,0,96,164
09/17/2020,MHK,KS,ACE,CE,Federal Contract Tower,3,2,18,5,28,0,2,43,7,52,3,4,61,12,80,70,0,70,150
09/18/2020,MHK,KS,ACE,CE,Federal Contract Tower,3,6,8,2,19,0,0,41,0,41,3,6,49,2,60,68,0,68,128
09/19/2020,MHK,KS,ACE,CE,Federal Contract Tower,3,0,2,0,5,0,0,41,0,41,3,0,43,0,46,30,0,30,76
09/20/2020,MHK,KS,ACE,CE,Federal Contract Tower,3,3,4,2,12,0,0,21,0,21,3,3,25,2,33,6,0,6,39
09/21/2020,MHK,KS,ACE,CE,Federal Contract Tower,3,1,7,0,11,0,0,20,12,32,3,1,27,12,43,36,6,42,85
09/22/2020,MHK,KS,ACE,CE,Federal Contract Tower,4,0,11,8,23,0,0,36,5,41,4,0,47,13,64,64,18,82,146
09/23/2020,MHK,KS,ACE,CE,Federal Contract Tower,3,4,11,12,30,0,0,18,4,22,3,4,29,16,52,36,0,36,88
09/24/2020,MHK,KS,ACE,CE,Federal Contract Tower,3,2,14,4,23,0,2,42,5,49,3,4,56,9,72,26,8,34,106
09/25/2020,MHK,KS,ACE,CE,Federal Contract Tower,3,0,27,2,32,0,2,35,0,37,3,2,62,2,69,38,0,38,107
09/26/2020,MHK,KS,ACE,CE,Federal Contract Tower,5,0,7,1,13,0,2,15,1,18,5,2,22,2,31,6,10,16,47
09/27/2020,MHK,KS,ACE,CE,Federal Contract Tower,5,0,5,0,10,0,0,16,0,16,5,0,21,0,26,4,0,4,30
09/28/2020,MHK,KS,ACE,CE,Federal Contract Tower,3,4,10,3,20,0,0,36,8,44,3,4,46,11,64,8,10,18,82
09/29/2020,MHK,KS,ACE,CE,Federal Contract Tower,6,0,6,12,24,0,0,37,2,39,6,0,43,14,63,20,14,34,97
09/30/2020,MHK,KS,ACE,CE,Federal Contract Tower,3,2,8,0,13,0,0,21,6,27,3,2,29,6,40,0,0,0,40
10/01/2020,MHK,KS,ACE,CE,Federal Contract Tower,3,1,17,3,24,0,2,31,7,40,3,3,48,10,64,22,20,42,106
10/02/2020,MHK,KS,ACE,CE,Federal Contract Tower,4,2,11,1,18,0,0,52,21,73,4,2,63,22,91,38,0,38,129
10/03/2020,MHK,KS,ACE,CE,Federal Contract Tower,6,3,11,0,20,0,0,32,2,34,6,3,43,2,54,8,0,8,62
10/04/2020,MHK,KS,ACE,CE,Federal Contract Tower,3,2,4,0,9,0,0,39,0,39,3,2,43,0,48,48,0,48,96
10/05/2020,MHK,KS,ACE,CE,Federal Contract Tower,9,0,6,2,17,0,0,12,3,15,9,0,18,5,32,10,16,26,58
10/06/2020,MHK,KS,ACE,CE,Federal Contract Tower,11,0,10,0,21,0,0,50,0,50,11,0,60,0,71,110,0,110,181
10/07/2020,MHK,KS,ACE,CE,Federal Contract Tower,20,0,9,4,33,0,0,44,2,46,20,0,53,6,79,92,0,92,171
10/08/2020,MHK,KS,ACE,CE,Federal Contract Tower,20,4,17,0,41,0,0,34,0,34,20,4,51,0,75,26,0,26,101
10/09/2020,MHK,KS,ACE,CE,Federal Contract Tower,5,0,15,0,20,0,0,41,0,41,5,0,56,0,61,24,0,24,85
10/10/2020,MHK,KS,ACE,CE,Federal Contract Tower,3,0,13,1,17,0,0,23,0,23,3,0,36,1,40,52,0,52,92
10/11/2020,MHK,KS,ACE,CE,Federal Contract Tower,3,2,2,3,10,0,0,13,0,13,3,2,15,3,23,0,0,0,23
10/12/2020,MHK,KS,ACE,CE,Federal Contract Tower,3,2,1,0,6,0,0,54,0,54,3,2,55,0,60,18,0,18,78
10/13/2020,MHK,KS,ACE,CE,Federal Contract Tower,4,2,19,1,26,0,0,54,1,55,4,2,73,2,81,16,0,16,97
10/14/2020,MHK,KS,ACE,CE,Federal Contract Tower,4,0,9,7,20,0,0,32,3,35,4,0,41,10,55,38,0,38,93
10/15/2020,MHK,KS,ACE,CE,Federal Contract Tower,4,4,22,1,31,0,2,34,7,43,4,6,56,8,74,42,2,44,118
10/16/2020,MHK,KS,ACE,CE,Federal Contract Tower,3,1,13,0,17,0,0,42,2,44,3,1,55,2,61,38,0,38,99
10/17/2020,MHK,KS,ACE,CE,Federal Contract Tower,3,1,6,0,10,0,0,5,0,5,3,1,11,0,15,4,0,4,19
10/18/2020,MHK,KS,ACE,CE,Federal Contract Tower,3,1,4,2,10,0,0,25,0,25,3,1,29,2,35,30,0,30,65
10/19/2020,MHK,KS,ACE,CE,Federal Contract Tower,5,2,20,12,39,0,0,15,9,24,5,2,35,21,63,72,0,72,135
10/20/2020,MHK,KS,ACE,CE,Federal Contract Tower,4,0,7,7,18,0,0,15,6,21,4,0,22,13,39,20,10,30,69
10/21/2020,MHK,KS,ACE,CE,Federal Contract Tower,4,0,9,0,13,0,0,8,0,8,4,0,17,0,21,10,0,10,31
10/22/2020,MHK,KS,ACE,CE,Federal Contract Tower,6,2,8,0,16,0,0,7,0,7,6,2,15,0,23,10,0,10,33
10/23/2020,MHK,KS,ACE,CE,Federal Contract Tower,5,3,5,1,14,0,0,7,2,9,5,3,12,3,23,2,0,2,25
10/24/2020,MHK,KS,ACE,CE,Federal Contract Tower,3,8,14,2,27,0,2,20,3,25,3,10,34,5,52,18,0,18,70
10/25/2020,MHK,KS,ACE,CE,Federal Contract Tower,3,2,2,0,7,0,0,0,0,0,3,2,2,0,7,0,0,0,7
10/26/2020,MHK,KS,ACE,CE,Federal Contract Tower,3,0,5,0,8,0,0,5,6,11,3,0,10,6,19,18,30,48,67
10/27/2020,MHK,KS,ACE,CE,Federal Contract Tower,5,1,2,7,15,0,0,26,13,39,5,1,28,20,54,34,28,62,116
10/28/2020,MHK,KS,ACE,CE,Federal Contract Tower,5,2,8,16,31,0,4,46,7,57,5,6,54,23,88,56,4,60,148
10/29/2020,MHK,KS,ACE,CE,Federal Contract Tower,4,12,22,6,44,0,2,37,7,46,4,14,59,13,90,42,10,52,142
10/30/2020,MHK,KS,ACE,CE,Federal Contract Tower,5,0,14,4,23,0,2,50,0,52,5,2,64,4,75,40,0,40,115
10/31/2020,MHK,KS,ACE,CE,Federal Contract Tower,6,1,8,4,19,0,0,24,1,25,6,1,32,5,44,12,0,12,56
11/02/2020,MHK,KS,ACE,CE,Federal Contract Tower,3,0,4,5,12,0,0,34,11,45,3,0,38,16,57,28,4,32,89
11/03/2020,MHK,KS,ACE,CE,Federal Contract Tower,4,0,4,8,16,0,0,37,10,47,4,0,41,18,63,66,32,98,161
11/04/2020,MHK,KS,ACE,CE,Federal Contract Tower,4,2,6,1,13,0,0,20,3,23,4,2,26,4,36,28,26,54,90
11/05/2020,MHK,KS,ACE,CE,Federal Contract Tower,4,0,10,3,17,0,0,50,9,59,4,0,60,12,76,102,32,134,210
11/06/2020,MHK,KS,ACE,CE,Federal Contract Tower,3,5,14,0,22,0,0,26,0,26,3,5,40,0,48,54,0,54,102
11/07/2020,MHK,KS,ACE,CE,Federal Contract Tower,3,5,14,2,24,0,0,23,0,23,3,5,37,2,47,0,0,0,47
11/08/2020,MHK,KS,ACE,CE,Federal Contract Tower,3,5,2,0,10,0,0,1,0,1,3,5,3,0,11,0,0,0,11
11/09/2020,MHK,KS,ACE,CE,Federal Contract Tower,3,0,1,2,6,0,0,3,10,13,3,0,4,12,19,12,74,86,105
11/10/2020,MHK,KS,ACE,CE,Federal Contract Tower,4,0,5,11,20,0,0,5,24,29,4,0,10,35,49,12,40,52,101
11/11/2020,MHK,KS,ACE,CE,Federal Contract Tower,4,0,4,0,8,0,0,95,0,95,4,0,99,0,103,60,0,60,163
11/12/2020,MHK,KS,ACE,CE,Federal Contract Tower,6,2,9,4,21,0,0,41,3,44,6,2,50,7,65,54,0,54,119
11/13/2020,MHK,KS,ACE,CE,Federal Contract Tower,3,4,7,0,14,0,0,54,0,54,3,4,61,0,68,156,0,156,224
11/14/2020,MHK,KS,ACE,CE,Federal Contract Tower,3,2,2,0,7,0,0,8,0,8,3,2,10,0,15,12,0,12,27
11/15/2020,MHK,KS,ACE,CE,Federal Contract Tower,3,0,5,0,8,0,0,16,0,16,3,0,21,0,24,40,0,40,64
11/16/2020,MHK,KS,ACE,CE,Federal Contract Tower,4,0,2,0,6,0,0,49,0,49,4,0,51,0,55,78,0,78,133
11/17/2020,MHK,KS,ACE,CE,Federal Contract Tower,5,2,8,6,21,0,0,21,7,28,5,2,29,13,49,34,10,44,93
11/18/2020,MHK,KS,ACE,CE,Federal Contract Tower,4,2,11,1,18,0,0,8,3,11,4,2,19,4,29,0,10,10,39
11/19/2020,MHK,KS,ACE,CE,Federal Contract Tower,6,2,3,1,12,0,0,37,8,45,6,2,40,9,57,50,0,50,107
11/20/2020,MHK,KS,ACE,CE,Federal Contract Tower,3,2,10,0,15,0,4,60,4,68,3,6,70,4,83,44,0,44,127
11/21/2020,MHK,KS,ACE,CE,Federal Contract Tower,5,0,4,0,9,0,0,21,0,21,5,0,25,0,30,52,0,52,82
11/22/2020,MHK,KS,ACE,CE,Federal Contract Tower,3,2,5,0,10,0,0,42,0,42,3,2,47,0,52,58,0,58,110
11/23/2020,MHK,KS,ACE,CE,Federal Contract Tower,4,2,1,0,7,0,0,6,2,8,4,2,7,2,15,22,0,22,37
11/24/2020,MHK,KS,ACE,CE,Federal Contract Tower,3,2,0,0,5,0,0,0,2,2,3,2,0,2,7,0,0,0,7
11/25/2020,MHK,KS,ACE,CE,Federal Contract Tower,4,4,11,0,19,0,0,13,0,13,4,4,24,0,32,18,0,18,50
11/26/2020,MHK,KS,ACE,CE,Federal Contract Tower,2,0,4,0,6,0,0,17,0,17,2,0,21,0,23,32,0,32,55
11/28/2020,MHK,KS,ACE,CE,Federal Contract Tower,3,0,10,0,13,0,38,0,0,38,3,38,10,0,51,50,0,50,101
11/29/2020,MHK,KS,ACE,CE,Federal Contract Tower,2,3,3,0,8,0,0,6,0,6,2,3,9,0,14,2,0,2,16
11/30/2020,MHK,KS,ACE,CE,Federal Contract Tower,5,1,2,7,15,0,0,82,13,95,5,1,84,20,110,90,20,110,220
12/01/2020,MHK,KS,ACE,CE,Federal Contract Tower,4,4,5,3,16,0,6,46,17,69,4,10,51,20,85,48,2,50,135
12/02/2020,MHK,KS,ACE,CE,Federal Contract Tower,4,0,11,7,22,0,0,44,15,59,4,0,55,22,81,78,20,98,179
12/03/2020,MHK,KS,ACE,CE,Federal Contract Tower,5,0,5,2,12,0,0,39,4,43,5,0,44,6,55,86,6,92,147
12/04/2020,MHK,KS,ACE,CE,Federal Contract Tower,4,3,8,0,15,0,0,60,0,60,4,3,68,0,75,84,0,84,159
12/05/2020,MHK,KS,ACE,CE,Federal Contract Tower,5,8,25,0,38,0,0,42,0,42,5,8,67,0,80,22,0,22,102
12/06/2020,MHK,KS,ACE,CE,Federal Contract Tower,3,1,1,0,5,0,0,35,0,35,3,1,36,0,40,42,0,42,82
12/07/2020,MHK,KS,ACE,CE,Federal Contract Tower,3,3,2,0,8,0,0,59,6,65,3,3,61,6,73,55,24,79,152
12/08/2020,MHK,KS,ACE,CE,Federal Contract Tower,6,0,2,0,8,0,0,64,16,80,6,0,66,16,88,40,10,50,138
12/09/2020,MHK,KS,ACE,CE,Federal Contract Tower,4,1,10,7,22,0,0,49,24,73,4,1,59,31,95,72,18,90,185
12/10/2020,MHK,KS,ACE,CE,Federal Contract Tower,4,1,4,2,11,0,0,49,9,58,4,1,53,11,69,80,12,92,161
12/11/2020,MHK,KS,ACE,CE,Federal Contract Tower,3,3,0,0,6,0,0,2,0,2,3,3,2,0,8,0,0,0,8
12/12/2020,MHK,KS,ACE,CE,Federal Contract Tower,3,0,3,0,6,0,0,13,0,13,3,0,16,0,19,100,0,100,119
12/13/2020,MHK,KS,ACE,CE,Federal Contract Tower,5,0,6,2,13,0,0,54,0,54,5,0,60,2,67,86,0,86,153
12/14/2020,MHK,KS,ACE,CE,Federal Contract Tower,5,2,2,8,17,0,0,42,0,42,5,2,44,8,59,126,0,126,185
12/15/2020,MHK,KS,ACE,CE,Federal Contract Tower,4,0,4,0,8,0,0,16,2,18,4,0,20,2,26,60,0,60,86
12/16/2020,MHK,KS,ACE,CE,Federal Contract Tower,4,0,9,2,15,0,0,10,2,12,4,0,19,4,27,14,4,18,45
12/17/2020,MHK,KS,ACE,CE,Federal Contract Tower,5,0,8,0,13,0,0,52,12,64,5,0,60,12,77,130,0,130,207
12/18/2020,MHK,KS,ACE,CE,Federal Contract Tower,0,4,8,0,12,0,0,14,0,14,0,4,22,0,26,10,0,10,36
12/19/2020,MHK,KS,ACE,CE,Federal Contract Tower,5,0,3,0,8,0,0,43,0,43,5,0,46,0,51,96,0,96,147
12/20/2020,MHK,KS,ACE,CE,Federal Contract Tower,0,3,3,0,6,0,0,39,0,39,0,3,42,0,45,52,0,52,97
12/21/2020,MHK,KS,ACE,CE,Federal Contract Tower,0,3,3,0,6,0,0,40,0,40,0,3,43,0,46,46,0,46,92
12/22/2020,MHK,KS,ACE,CE,Federal Contract Tower,0,3,5,0,8,0,2,11,2,15,0,5,16,2,23,16,4,20,43
12/23/2020,MHK,KS,ACE,CE,Federal Contract Tower,0,4,0,0,4,0,1,0,0,1,0,5,0,0,5,0,0,0,5
12/24/2020,MHK,KS,ACE,CE,Federal Contract Tower,0,2,0,0,2,0,0,1,0,1,0,2,1,0,3,0,0,0,3
12/25/2020,MHK,KS,ACE,CE,Federal Contract Tower,0,0,2,2,4,0,0,4,0,4,0,0,6,2,8,0,0,0,8
12/26/2020,MHK,KS,ACE,CE,Federal Contract Tower,0,4,2,0,6,0,0,35,0,35,0,4,37,0,41,18,0,18,59
12/27/2020,MHK,KS,ACE,CE,Federal Contract Tower,0,3,3,0,6,0,0,10,0,10,0,3,13,0,16,0,0,0,16
12/28/2020,MHK,KS,ACE,CE,Federal Contract Tower,0,5,4,0,9,0,0,13,0,13,0,5,17,0,22,14,0,14,36
12/29/2020,MHK,KS,ACE,CE,Federal Contract Tower,0,3,0,0,3,0,0,0,0,0,0,3,0,0,3,0,0,0,3
12/30/2020,MHK,KS,ACE,CE,Federal Contract Tower,0,5,2,2,9,0,0,33,0,33,0,5,35,2,42,64,0,64,106
12/31/2020,MHK,KS,ACE,CE,Federal Contract Tower,0,3,2,0,5,0,2,26,0,28,0,5,28,0,33,52,0,52,85
01/01/2021,MHK,KS,ACE,CE,Federal Contract Tower,1,3,1,0,5,0,0,0,0,0,1,3,1,0,5,0,0,0,5
01/02/2021,MHK,KS,ACE,CE,Federal Contract Tower,1,5,7,0,13,0,0,26,0,26,1,5,33,0,39,62,0,62,101
01/03/2021,MHK,KS,ACE,CE,Federal Contract Tower,0,7,7,0,14,0,0,35,0,35,0,7,42,0,49,80,0,80,129
01/04/2021,MHK,KS,ACE,CE,Federal Contract Tower,0,7,2,0,9,0,0,40,2,42,0,7,42,2,51,16,0,16,67
01/05/2021,MHK,KS,ACE,CE,Federal Contract Tower,0,3,7,2,12,0,0,38,11,49,0,3,45,13,61,20,0,20,81
01/06/2021,MHK,KS,ACE,CE,Federal Contract Tower,0,3,16,0,19,0,0,44,4,48,0,3,60,4,67,136,0,136,203
01/07/2021,MHK,KS,ACE,CE,Federal Contract Tower,0,3,0,5,8,0,0,2,15,17,0,3,2,20,25,24,24,48,73
01/08/2021,MHK,KS,ACE,CE,Federal Contract Tower,3,0,5,4,12,0,0,46,2,48,3,0,51,6,60,84,0,84,144
01/09/2021,MHK,KS,ACE,CE,Federal Contract Tower,0,3,6,2,11,0,0,6,0,6,0,3,12,2,17,0,0,0,17
01/10/2021,MHK,KS,ACE,CE,Federal Contract Tower,0,5,2,0,7,0,0,28,0,28,0,5,30,0,35,24,0,24,59
01/11/2021,MHK,KS,ACE,CE,Federal Contract Tower,0,2,20,6,28,0,0,36,19,55,0,2,56,25,83,32,26,58,141
01/12/2021,MHK,KS,ACE,CE,Federal Contract Tower,1,3,26,2,32,0,0,49,30,79,1,3,75,32,111,90,16,106,217
01/13/2021,MHK,KS,ACE,CE,Federal Contract Tower,0,5,2,0,7,0,0,64,34,98,0,5,66,34,105,32,102,134,239
01/14/2021,MHK,KS,ACE,CE,Federal Contract Tower,0,2,2,2,6,0,0,4,12,16,0,2,6,14,22,0,0,0,22
01/15/2021,MHK,KS,ACE,CE,Federal Contract Tower,0,5,0,0,5,0,0,0,3,3,0,5,0,3,8,0,0,0,8
01/16/2021,MHK,KS,ACE,CE,Federal Contract Tower,0,3,2,2,7,0,0,62,1,63,0,3,64,3,70,80,0,80,150
01/17/2021,MHK,KS,ACE,CE,Federal Contract Tower,0,3,2,3,8,0,0,52,0,52,0,3,54,3,60,48,0,48,108
01/18/2021,MHK,KS,ACE,CE,Federal Contract Tower,0,5,4,1,10,0,0,67,0,67,0,5,71,1,77,72,0,72,149
01/19/2021,MHK,KS,ACE,CE,Federal Contract Tower,0,7,5,3,15,0,2,33,13,48,0,9,38,16,63,58,8,66,129
01/20/2021,MHK,KS,ACE,CE,Federal Contract Tower,0,3,11,1,15,0,0,21,7,28,0,3,32,8,43,66,32,98,141
01/21/2021,MHK,KS,ACE,CE,Federal Contract Tower,0,10,6,0,16,0,0,64,0,64,0,10,70,0,80,78,0,78,158
01/22/2021,MHK,KS,ACE,CE,Federal Contract Tower,1,3,2,3,9,0,0,57,1,58,1,3,59,4,67,180,2,182,249
01/23/2021,MHK,KS,ACE,CE,Federal Contract Tower,2,4,7,0,13,0,0,28,0,28,2,4,35,0,41,152,0,152,193
01/24/2021,MHK,KS,ACE,CE,Federal Contract Tower,1,5,4,0,10,0,0,3,0,3,1,5,7,0,13,48,0,48,61
01/25/2021,MHK,KS,ACE,CE,Federal Contract Tower,1,3,0,0,4,0,0,0,0,0,1,3,0,0,4,0,0,0,4
01/26/2021,MHK,KS,ACE,CE,Federal Contract Tower,0,5,0,0,5,0,0,0,0,0,0,5,0,0,5,0,0,0,5
01/27/2021,MHK,KS,ACE,CE,Federal Contract Tower,0,3,4,0,7,0,0,10,0,10,0,3,14,0,17,76,0,76,93
01/28/2021,MHK,KS,ACE,CE,Federal Contract Tower,0,3,4,0,7,0,0,24,0,24,0,3,28,0,31,114,0,114,145
01/29/2021,MHK,KS,ACE,CE,Federal Contract Tower,0,5,5,2,12,0,2,46,6,54,0,7,51,8,66,56,0,56,122
01/30/2021,MHK,KS,ACE,CE,Federal Contract Tower,1,3,6,0,10,0,0,0,0,0,1,3,6,0,10,0,0,0,10
01/31/2021,MHK,KS,ACE,CE,Federal Contract Tower,0,3,2,0,5,0,0,2,0,2,0,3,4,0,7,0,0,0,7
02/01/2021,MHK,KS,ACE,CE,Federal Contract Tower,0,3,1,2,6,0,0,28,0,28,0,3,29,2,34,62,0,62,96
02/02/2021,MHK,KS,ACE,CE,Federal Contract Tower,0,8,6,0,14,0,3,49,0,52,0,11,55,0,66,82,0,82,148
02/03/2021,MHK,KS,ACE,CE,Federal Contract Tower,0,4,4,0,8,0,0,52,6,58,0,4,56,6,66,26,0,26,92
02/04/2021,MHK,KS,ACE,CE,Federal Contract Tower,0,8,6,0,14,0,0,11,0,11,0,8,17,0,25,18,0,18,43
02/05/2021,MHK,KS,ACE,CE,Federal Contract Tower,2,3,9,2,16,0,0,59,1,60,2,3,68,3,76,50,0,50,126
02/06/2021,MHK,KS,ACE,CE,Federal Contract Tower,2,5,2,0,9,0,0,3,14,17,2,5,5,14,26,6,0,6,32
02/07/2021,MHK,KS,ACE,CE,Federal Contract Tower,0,4,1,0,5,0,0,0,0,0,0,4,1,0,5,0,0,0,5
02/08/2021,MHK,KS,ACE,CE,Federal Contract Tower,0,4,6,0,10,0,0,0,0,0,0,4,6,0,10,0,0,0,10
02/09/2021,MHK,KS,ACE,CE,Federal Contract Tower,0,5,4,0,9,0,0,15,0,15,0,5,19,0,24,67,0,67,91
02/10/2021,MHK,KS,ACE,CE,Federal Contract Tower,0,3,3,0,6,0,0,11,0,11,0,3,14,0,17,62,0,62,79
02/11/2021,MHK,KS,ACE,CE,Federal Contract Tower,2,4,2,0,8,0,3,25,0,28,2,7,27,0,36,24,0,24,60
02/12/2021,MHK,KS,ACE,CE,Federal Contract Tower,2,3,4,0,9,0,0,28,0,28,2,3,32,0,37,28,0,28,65
02/13/2021,MHK,KS,ACE,CE,Federal Contract Tower,0,3,2,0,5,0,0,28,0,28,0,3,30,0,33,58,0,58,91
02/14/2021,MHK,KS,ACE,CE,Federal Contract Tower,0,2,0,0,2,0,0,0,0,0,0,2,0,0,2,0,0,0,2
02/15/2021,MHK,KS,ACE,CE,Federal Contract Tower,0,0,2,0,2,0,0,2,0,2,0,0,4,0,4,0,0,0,4
02/16/2021,MHK,KS,ACE,CE,Federal Contract Tower,1,2,4,0,7,0,0,2,0,2,1,2,6,0,9,0,0,0,9
02/17/2021,MHK,KS,ACE,CE,Federal Contract Tower,1,0,0,1,2,0,0,29,1,30,1,0,29,2,32,44,0,44,76
02/18/2021,MHK,KS,ACE,CE,Federal Contract Tower,0,3,5,0,8,0,12,28,0,40,0,15,33,0,48,48,0,48,96
02/19/2021,MHK,KS,ACE,CE,Federal Contract Tower,1,3,8,2,14,0,0,47,8,55,1,3,55,10,69,62,0,62,131
02/20/2021,MHK,KS,ACE,CE,Federal Contract Tower,0,8,8,2,18,0,0,70,0,70,0,8,78,2,88,76,0,76,164
02/21/2021,MHK,KS,ACE,CE,Federal Contract Tower,0,5,0,0,5,0,0,13,0,13,0,5,13,0,18,28,0,28,46
02/22/2021,MHK,KS,ACE,CE,Federal Contract Tower,0,3,5,0,8,0,2,57,3,62,0,5,62,3,70,76,0,76,146
02/23/2021,MHK,KS,ACE,CE,Federal Contract Tower,0,6,7,2,15,0,0,43,4,47,0,6,50,6,62,50,0,50,112
02/24/2021,MHK,KS,ACE,CE,Federal Contract Tower,0,3,11,0,14,0,0,48,2,50,0,3,59,2,64,74,0,74,138
02/25/2021,MHK,KS,ACE,CE,Federal Contract Tower,0,4,9,0,13,0,0,45,0,45,0,4,54,0,58,42,0,42,100
02/26/2021,MHK,KS,ACE,CE,Federal Contract Tower,2,7,3,0,12,0,0,43,0,43,2,7,46,0,55,72,0,72,127
02/27/2021,MHK,KS,ACE,CE,Federal Contract Tower,0,6,2,0,8,0,0,13,0,13,0,6,15,0,21,6,0,6,27
02/28/2021,MHK,KS,ACE,CE,Federal Contract Tower,0,3,8,0,11,0,0,39,0,39,0,3,47,0,50,20,0,20,70
03/01/2021,MHK,KS,ACE,CE,Federal Contract Tower,0,5,4,0,9,0,1,38,2,41,0,6,42,2,50,40,0,40,90
03/02/2021,MHK,KS,ACE,CE,Federal Contract Tower,0,5,8,2,15,0,0,35,0,35,0,5,43,2,50,68,0,68,118
03/03/2021,MHK,KS,ACE,CE,Federal Contract Tower,0,3,7,2,12,0,0,61,0,61,0,3,68,2,73,122,0,122,195
03/04/2021,MHK,KS,ACE,CE,Federal Contract Tower,0,7,7,0,14,0,0,45,6,51,0,7,52,6,65,64,0,64,129
03/05/2021,MHK,KS,ACE,CE,Federal Contract Tower,0,5,13,0,18,0,0,52,0,52,0,5,65,0,70,74,0,74,144
03/06/2021,MHK,KS,ACE,CE,Federal Contract Tower,0,7,7,0,14,0,0,47,2,49,0,7,54,2,63,112,0,112,175
03/07/2021,MHK,KS,ACE,CE,Federal Contract Tower,0,5,2,0,7,0,0,14,0,14,0,5,16,0,21,0,0,0,21
03/08/2021,MHK,KS,ACE,CE,Federal Contract Tower,0,7,4,0,11,0,0,25,7,32,0,7,29,7,43,28,0,28,71
03/09/2021,MHK,KS,ACE,CE,Federal Contract Tower,0,9,5,0,14,0,0,13,3,16,0,9,18,3,30,0,0,0,30
03/10/2021,MHK,KS,ACE,CE,Federal Contract Tower,0,7,4,0,11,0,0,6,0,6,0,7,10,0,17,6,0,6,23
03/11/2021,MHK,KS,ACE,CE,Federal Contract Tower,0,7,8,0,15,0,0,50,2,52,0,7,58,2,67,104,0,104,171
03/12/2021,MHK,KS,ACE,CE,Federal Contract Tower,0,6,9,0,15,0,0,2,0,2,0,6,11,0,17,10,0,10,27
03/13/2021,MHK,KS,ACE,CE,Federal Contract Tower,0,5,10,0,15,0,0,1,0,1,0,5,11,0,16,8,0,8,24
03/14/2021,MHK,KS,ACE,CE,Federal Contract Tower,0,7,2,0,9,0,0,0,0,0,0,7,2,0,9,0,0,0,9
03/15/2021,MHK,KS,ACE,CE,Federal Contract Tower,0,7,4,0,11,0,0,24,0,24,0,7,28,0,35,64,0,64,99
03/16/2021,MHK,KS,ACE,CE,Federal Contract Tower,0,9,17,3,29,0,0,7,1,8,0,9,24,4,37,26,0,26,63
03/17/2021,MHK,KS,ACE,CE,Federal Contract Tower,0,3,3,2,8,0,0,0,0,0,0,3,3,2,8,0,0,0,8
03/18/2021,MHK,KS,ACE,CE,Federal Contract Tower,0,7,13,0,20,0,0,0,0,0,0,7,13,0,20,8,0,8,28
03/19/2021,MHK,KS,ACE,CE,Federal Contract Tower,0,7,4,0,11,0,0,51,0,51,0,7,55,0,62,64,0,64,126
03/20/2021,MHK,KS,ACE,CE,Federal Contract Tower,0,9,2,0,11,0,4,22,2,28,0,13,24,2,39,30,0,30,69
03/21/2021,MHK,KS,ACE,CE,Federal Contract Tower,0,7,6,0,13,0,0,7,0,7,0,7,13,0,20,12,0,12,32
03/22/2021,MHK,KS,ACE,CE,Federal Contract Tower,0,5,7,0,12,0,0,8,0,8,0,5,15,0,20,18,0,18,38
03/23/2021,MHK,KS,ACE,CE,Federal Contract Tower,0,9,0,0,9,0,0,0,0,0,0,9,0,0,9,0,0,0,9
03/24/2021,MHK,KS,ACE,CE,Federal Contract Tower,0,10,15,2,27,0,0,20,0,20,0,10,35,2,47,112,0,112,159
03/25/2021,MHK,KS,ACE,CE,Federal Contract Tower,0,5,3,4,12,0,0,17,0,17,0,5,20,4,29,58,0,58,87
03/26/2021,MHK,KS,ACE,CE,Federal Contract Tower,0,5,8,0,13,0,2,33,0,35,0,7,41,0,48,32,0,32,80
03/27/2021,MHK,KS,ACE,CE,Federal Contract Tower,0,6,17,0,23,0,0,11,0,11,0,6,28,0,34,46,0,46,80
03/28/2021,MHK,KS,ACE,CE,Federal Contract Tower,0,7,7,0,14,0,0,80,0,80,0,7,87,0,94,48,0,48,142
03/29/2021,MHK,KS,ACE,CE,Federal Contract Tower,0,12,1,0,13,0,0,3,0,3,0,12,4,0,16,0,0,0,16
03/30/2021,MHK,KS,ACE,CE,Federal Contract Tower,0,4,1,0,5,0,0,25,0,25,0,4,26,0,30,14,6,20,50
03/31/2021,MHK,KS,ACE,CE,Federal Contract Tower,1,12,12,4,29,0,0,45,0,45,1,12,57,4,74,50,0,50,124
04/01/2021,MHK,KS,ACE,CE,Federal Contract Tower,0,9,12,0,21,0,0,42,0,42,0,9,54,0,63,74,0,74,137
04/02/2021,MHK,KS,ACE,CE,Federal Contract Tower,0,7,5,0,12,0,0,9,0,9,0,7,14,0,21,0,0,0,21
04/03/2021,MHK,KS,ACE,CE,Federal Contract Tower,0,5,0,2,7,0,0,31,0,31,0,5,31,2,38,34,0,34,72
04/04/2021,MHK,KS,ACE,CE,Federal Contract Tower,0,6,2,0,8,0,0,10,0,10,0,6,12,0,18,2,0,2,20
04/05/2021,MHK,KS,ACE,CE,Federal Contract Tower,0,10,2,0,12,0,0,10,0,10,0,10,12,0,22,6,0,6,28
04/06/2021,MHK,KS,ACE,CE,Federal Contract Tower,0,8,2,0,10,0,0,4,0,4,0,8,6,0,14,10,0,10,24
04/07/2021,MHK,KS,ACE,CE,Federal Contract Tower,0,5,2,0,7,0,0,0,0,0,0,5,2,0,7,0,0,0,7
04/08/2021,MHK,KS,ACE,CE,Federal Contract Tower,0,6,8,1,15,0,0,7,2,9,0,6,15,3,24,18,0,18,42
04/09/2021,MHK,KS,ACE,CE,Federal Contract Tower,0,5,5,0,10,0,0,32,1,33,0,5,37,1,43,20,0,20,63
04/10/2021,MHK,KS,ACE,CE,Federal Contract Tower,0,8,5,0,13,0,0,25,0,25,0,8,30,0,38,40,0,40,78
04/11/2021,MHK,KS,ACE,CE,Federal Contract Tower,0,8,12,0,20,0,0,52,4,56,0,8,64,4,76,48,0,48,124
04/12/2021,MHK,KS,ACE,CE,Federal Contract Tower,0,8,12,0,20,0,1,36,0,37,0,9,48,0,57,60,0,60,117
04/13/2021,MHK,KS,ACE,CE,Federal Contract Tower,0,4,9,0,13,0,2,30,0,32,0,6,39,0,45,52,0,52,97
04/14/2021,MHK,KS,ACE,CE,Federal Contract Tower,0,10,5,2,17,0,0,35,0,35,0,10,40,2,52,64,0,64,116
04/15/2021,MHK,KS,ACE,CE,Federal Contract Tower,0,6,9,0,15,0,2,27,4,33,0,8,36,4,48,58,0,58,106
04/16/2021,MHK,KS,ACE,CE,Federal Contract Tower,0,5,1,0,6,0,0,0,0,0,0,5,1,0,6,0,0,0,6
04/17/2021,MHK,KS,ACE,CE,Federal Contract Tower,0,6,9,0,15,0,0,8,2,10,0,6,17,2,25,22,0,22,47
04/18/2021,MHK,KS,ACE,CE,Federal Contract Tower,0,6,10,0,16,0,0,36,0,36,0,6,46,0,52,22,0,22,74
04/19/2021,MHK,KS,ACE,CE,Federal Contract Tower,0,8,9,0,17,0,0,3,0,3,0,8,12,0,20,0,0,0,20
04/20/2021,MHK,KS,ACE,CE,Federal Contract Tower,0,4,2,0,6,0,0,15,0,15,0,4,17,0,21,50,0,50,71
04/21/2021,MHK,KS,ACE,CE,Federal Contract Tower,0,4,3,0,7,0,0,26,2,28,0,4,29,2,35,42,0,42,77
04/22/2021,MHK,KS,ACE,CE,Federal Contract Tower,0,6,8,0,14,0,0,10,0,10,0,6,18,0,24,20,0,20,44
04/23/2021,MHK,KS,ACE,CE,Federal Contract Tower,0,7,15,0,22,0,0,0,0,0,0,7,15,0,22,0,0,0,22
04/24/2021,MHK,KS,ACE,CE,Federal Contract Tower,0,8,7,0,15,0,0,39,0,39,0,8,46,0,54,84,0,84,138
04/25/2021,MHK,KS,ACE,CE,Federal Contract Tower,0,6,10,0,16,0,0,14,0,14,0,6,24,0,30,8,0,8,38
04/26/2021,MHK,KS,ACE,CE,Federal Contract Tower,0,7,3,0,10,0,0,5,0,5,0,7,8,0,15,0,0,0,15
04/27/2021,MHK,KS,ACE,CE,Federal Contract Tower,2,7,3,0,12,0,6,9,0,15,2,13,12,0,27,8,0,8,35
04/28/2021,MHK,KS,ACE,CE,Federal Contract Tower,0,6,14,0,20,0,0,5,1,6,0,6,19,1,26,14,0,14,40
04/29/2021,MHK,KS,ACE,CE,Federal Contract Tower,1,5,8,0,14,0,0,70,0,70,1,5,78,0,84,58,0,58,142
04/30/2021,MHK,KS,ACE,CE,Federal Contract Tower,2,5,8,4,19,0,0,53,0,53,2,5,61,4,72,60,0,60,132
05/01/2021,MHK,KS,ACE,CE,Federal Contract Tower,2,9,2,0,13,0,0,23,0,23,2,9,25,0,36,42,0,42,78
05/02/2021,MHK,KS,ACE,CE,Federal Contract Tower,0,6,7,0,13,0,0,11,0,11,0,6,18,0,24,24,0,24,48
05/03/2021,MHK,KS,ACE,CE,Federal Contract Tower,1,4,7,0,12,0,0,12,0,12,1,4,19,0,24,12,0,12,36
05/04/2021,MHK,KS,ACE,CE,Federal Contract Tower,2,10,4,0,16,0,0,17,0,17,2,10,21,0,33,24,0,24,57
05/05/2021,MHK,KS,ACE,CE,Federal Contract Tower,1,6,3,0,10,0,0,42,3,45,1,6,45,3,55,82,0,82,137
05/06/2021,MHK,KS,ACE,CE,Federal Contract Tower,5,1,7,0,13,0,2,46,1,49,5,3,53,1,62,56,0,56,118
05/07/2021,MHK,KS,ACE,CE,Federal Contract Tower,5,2,2,0,9,0,2,21,2,25,5,4,23,2,34,20,0,20,54
05/08/2021,MHK,KS,ACE,CE,Federal Contract Tower,5,4,10,2,21,0,1,18,2,21,5,5,28,4,42,12,0,12,54
05/09/2021,MHK,KS,ACE,CE,Federal Contract Tower,5,2,8,0,15,0,0,5,0,5,5,2,13,0,20,22,0,22,42
05/10/2021,MHK,KS,ACE,CE,Federal Contract Tower,7,6,8,0,21,0,0,45,0,45,7,6,53,0,66,68,0,68,134
05/11/2021,MHK,KS,ACE,CE,Federal Contract Tower,2,4,6,8,20,0,0,26,2,28,2,4,32,10,48,24,0,24,72
05/12/2021,MHK,KS,ACE,CE,Federal Contract Tower,6,2,21,0,29,0,0,47,0,47,6,2,68,0,76,70,1,71,147
05/13/2021,MHK,KS,ACE,CE,Federal Contract Tower,7,7,10,0,24,0,5,71,2,78,7,12,81,2,102,58,0,58,160
05/14/2021,MHK,KS,ACE,CE,Federal Contract Tower,5,4,8,0,17,0,0,26,0,26,5,4,34,0,43,10,0,10,53
05/15/2021,MHK,KS,ACE,CE,Federal Contract Tower,5,2,15,0,22,0,0,8,0,8,5,2,23,0,30,62,0,62,92
05/16/2021,MHK,KS,ACE,CE,Federal Contract Tower,7,9,2,2,20,0,0,1,0,1,7,9,3,2,21,0,0,0,21
05/17/2021,MHK,KS,ACE,CE,Federal Contract Tower,5,5,5,0,15,0,0,11,0,11,5,5,16,0,26,58,0,58,84
05/18/2021,MHK,KS,ACE,CE,Federal Contract Tower,6,5,12,0,23,0,0,14,0,14,6,5,26,0,37,34,0,34,71
05/19/2021,MHK,KS,ACE,CE,Federal Contract Tower,8,6,9,0,23,0,0,4,0,4,8,6,13,0,27,0,0,0,27
05/20/2021,MHK,KS,ACE,CE,Federal Contract Tower,6,2,8,0,16,0,0,1,0,1,6,2,9,0,17,0,0,0,17
05/21/2021,MHK,KS,ACE,CE,Federal Contract Tower,6,9,8,0,23,0,2,14,0,16,6,11,22,0,39,0,0,0,39
05/22/2021,MHK,KS,ACE,CE,Federal Contract Tower,6,3,2,0,11,0,0,3,0,3,6,3,5,0,14,0,0,0,14
05/23/2021,MHK,KS,ACE,CE,Federal Contract Tower,5,3,10,0,18,0,0,5,0,5,5,3,15,0,23,0,0,0,23
05/24/2021,MHK,KS,ACE,CE,Federal Contract Tower,5,4,9,0,18,0,0,17,0,17,5,4,26,0,35,32,0,32,67
05/25/2021,MHK,KS,ACE,CE,Federal Contract Tower,5,6,7,0,18,0,0,36,2,38,5,6,43,2,56,64,0,64,120
05/26/2021,MHK,KS,ACE,CE,Federal Contract Tower,6,1,6,0,13,0,0,42,0,42,6,1,48,0,55,70,0,70,125
05/27/2021,MHK,KS,ACE,CE,Federal Contract Tower,5,2,5,0,12,0,2,15,0,17,5,4,20,0,29,42,0,42,71
05/28/2021,MHK,KS,ACE,CE,Federal Contract Tower,5,4,6,0,15,0,0,46,0,46,5,4,52,0,61,40,0,40,101
05/29/2021,MHK,KS,ACE,CE,Federal Contract Tower,5,2,5,0,12,0,0,32,0,32,5,2,37,0,44,52,0,52,96
05/30/2021,MHK,KS,ACE,CE,Federal Contract Tower,5,7,2,0,14,0,0,7,0,7,5,7,9,0,21,14,0,14,35
05/31/2021,MHK,KS,ACE,CE,Federal Contract Tower,5,2,1,0,8,0,0,0,0,0,5,2,1,0,8,0,0,0,8
06/01/2021,MHK,KS,ACE,CE,Federal Contract Tower,5,5,4,0,14,0,0,7,0,7,5,5,11,0,21,0,0,0,21
06/02/2021,MHK,KS,ACE,CE,Federal Contract Tower,5,3,4,2,14,0,0,48,2,50,5,3,52,4,64,38,0,38,102
06/03/2021,MHK,KS,ACE,CE,Federal Contract Tower,5,6,3,0,14,0,0,48,0,48,5,6,51,0,62,60,0,60,122
06/04/2021,MHK,KS,ACE,CE,Federal Contract Tower,5,7,11,0,23,0,0,46,0,46,5,7,57,0,69,70,0,70,139
06/05/2021,MHK,KS,ACE,CE,Federal Contract Tower,5,3,7,1,16,0,0,59,0,59,5,3,66,1,75,52,0,52,127
06/06/2021,MHK,KS,ACE,CE,Federal Contract Tower,4,7,12,0,23,0,0,16,0,16,4,7,28,0,39,12,0,12,51
06/07/2021,MHK,KS,ACE,CE,Federal Contract Tower,4,6,4,0,14,0,0,27,0,27,4,6,31,0,41,40,0,40,81
06/08/2021,MHK,KS,ACE,CE,Federal Contract Tower,6,6,7,0,19,0,0,29,0,29,6,6,36,0,48,64,0,64,112
06/09/2021,MHK,KS,ACE,CE,Federal Contract Tower,5,6,4,0,15,0,0,48,2,50,5,6,52,2,65,124,0,124,189
06/10/2021,MHK,KS,ACE,CE,Federal Contract Tower,5,6,5,2,18,0,0,48,1,49,5,6,53,3,67,96,0,96,163
06/11/2021,MHK,KS,ACE,CE,Federal Contract Tower,5,5,11,3,24,0,0,35,0,35,5,5,46,3,59,28,0,28,87
06/12/2021,MHK,KS,ACE,CE,Federal Contract Tower,5,4,13,0,22,0,0,47,0,47,5,4,60,0,69,62,0,62,131
06/13/2021,MHK,KS,ACE,CE,Federal Contract Tower,5,4,3,2,14,0,0,36,0,36,5,4,39,2,50,22,0,22,72
06/14/2021,MHK,KS,ACE,CE,Federal Contract Tower,5,4,4,0,13,0,2,34,2,38,5,6,38,2,51,88,0,88,139
06/15/2021,MHK,KS,ACE,CE,Federal Contract Tower,5,6,5,0,16,0,0,42,0,42,5,6,47,0,58,8,0,8,66
06/16/2021,MHK,KS,ACE,CE,Federal Contract Tower,5,4,4,0,13,0,0,18,2,20,5,4,22,2,33,22,0,22,55
06/17/2021,MHK,KS,ACE,CE,Federal Contract Tower,5,5,1,0,11,0,2,15,3,20,5,7,16,3,31,16,0,16,47
06/18/2021,MHK,KS,ACE,CE,Federal Contract Tower,4,7,1,0,12,0,0,19,1,20,4,7,20,1,32,36,0,36,68
06/19/2021,MHK,KS,ACE,CE,Federal Contract Tower,5,3,0,0,8,0,0,20,0,20,5,3,20,0,28,30,0,30,58
06/20/2021,MHK,KS,ACE,CE,Federal Contract Tower,5,2,3,0,10,0,0,9,0,9,5,2,12,0,19,20,0,20,39
06/21/2021,MHK,KS,ACE,CE,Federal Contract Tower,3,5,1,6,15,0,0,13,0,13,3,5,14,6,28,22,0,22,50
06/22/2021,MHK,KS,ACE,CE,Federal Contract Tower,5,5,2,0,12,0,1,40,0,41,5,6,42,0,53,46,0,46,99
06/23/2021,MHK,KS,ACE,CE,Federal Contract Tower,5,8,2,0,15,0,0,17,0,17,5,8,19,0,32,16,0,16,48
06/24/2021,MHK,KS,ACE,CE,Federal Contract Tower,5,4,7,0,16,0,0,12,0,12,5,4,19,0,28,30,0,30,58
06/25/2021,MHK,KS,ACE,CE,Federal Contract Tower,6,5,4,0,15,0,0,17,10,27,6,5,21,10,42,52,0,52,94
06/26/2021,MHK,KS,ACE,CE,Federal Contract Tower,6,4,5,2,17,0,0,3,0,3,6,4,8,2,20,40,0,40,60
06/27/2021,MHK,KS,ACE,CE,Federal Contract Tower,5,4,0,0,9,0,0,20,0,20,5,4,20,0,29,28,0,28,57
06/28/2021,MHK,KS,ACE,CE,Federal Contract Tower,4,5,10,0,19,0,0,34,0,34,4,5,44,0,53,34,0,34,87
06/29/2021,MHK,KS,ACE,CE,Federal Contract Tower,5,5,8,0,18,0,0,22,0,22,5,5,30,0,40,68,0,68,108
06/30/2021,MHK,KS,ACE,CE,Federal Contract Tower,5,6,16,0,27,0,0,4,0,4,5,6,20,0,31,30,0,30,61
07/01/2021,MHK,KS,ACE,CE,Federal Contract Tower,5,8,4,0,17,0,0,29,2,31,5,8,33,2,48,42,0,42,90
07/02/2021,MHK,KS,ACE,CE,Federal Contract Tower,2,6,6,2,16,0,0,18,0,18,2,6,24,2,34,32,0,32,66
07/03/2021,MHK,KS,ACE,CE,Federal Contract Tower,5,4,5,0,14,0,0,10,0,10,5,4,15,0,24,8,0,8,32
07/04/2021,MHK,KS,ACE,CE,Federal Contract Tower,3,4,0,0,7,0,0,13,0,13,3,4,13,0,20,18,0,18,38
07/05/2021,MHK,KS,ACE,CE,Federal Contract Tower,5,5,1,0,11,0,0,33,0,33,5,5,34,0,44,38,0,38,82
07/06/2021,MHK,KS,ACE,CE,Federal Contract Tower,5,4,7,0,16,0,0,26,4,30,5,4,33,4,46,56,0,56,102
07/07/2021,MHK,KS,ACE,CE,Federal Contract Tower,5,10,8,1,24,0,0,18,0,18,5,10,26,1,42,92,0,92,134
07/08/2021,MHK,KS,ACE,CE,Federal Contract Tower,5,5,14,5,29,0,0,33,0,33,5,5,47,5,62,42,8,50,112
07/09/2021,MHK,KS,ACE,CE,Federal Contract Tower,5,4,1,0,10,0,0,15,0,15,5,4,16,0,25,28,0,28,53
07/10/2021,MHK,KS,ACE,CE,Federal Contract Tower,5,11,9,2,27,0,0,7,0,7,5,11,16,2,34,6,0,6,40
07/11/2021,MHK,KS,ACE,CE,Federal Contract Tower,5,6,9,0,20,0,0,13,0,13,5,6,22,0,33,42,0,42,75
07/12/2021,MHK,KS,ACE,CE,Federal Contract Tower,5,7,7,0,19,0,0,36,0,36,5,7,43,0,55,80,0,80,135
07/13/2021,MHK,KS,ACE,CE,Federal Contract Tower,5,5,8,2,20,0,0,30,0,30,5,5,38,2,50,52,0,52,102
07/14/2021,MHK,KS,ACE,CE,Federal Contract Tower,5,5,8,0,18,0,0,19,0,19,5,5,27,0,37,24,0,24,61
07/15/2021,MHK,KS,ACE,CE,Federal Contract Tower,5,4,12,0,21,0,0,9,1,10,5,4,21,1,31,46,0,46,77
07/16/2021,MHK,KS,ACE,CE,Federal Contract Tower,5,2,13,3,23,0,0,35,0,35,5,2,48,3,58,16,0,16,74
07/17/2021,MHK,KS,ACE,CE,Federal Contract Tower,6,3,3,0,12,0,0,12,0,12,6,3,15,0,24,0,0,0,24
07/18/2021,MHK,KS,ACE,CE,Federal Contract Tower,5,4,9,0,18,0,0,32,0,32,5,4,41,0,50,10,0,10,60
07/19/2021,MHK,KS,ACE,CE,Federal Contract Tower,3,5,3,0,11,0,0,17,0,17,3,5,20,0,28,58,0,58,86
07/20/2021,MHK,KS,ACE,CE,Federal Contract Tower,5,8,9,0,22,0,4,30,6,40,5,12,39,6,62,38,0,38,100
07/21/2021,MHK,KS,ACE,CE,Federal Contract Tower,5,8,6,0,19,0,0,27,0,27,5,8,33,0,46,50,0,50,96
07/22/2021,MHK,KS,ACE,CE,Federal Contract Tower,5,8,9,0,22,0,0,42,0,42,5,8,51,0,64,62,0,62,126
07/23/2021,MHK,KS,ACE,CE,Federal Contract Tower,4,9,5,4,22,0,2,22,8,32,4,11,27,12,54,18,0,18,72
07/24/2021,MHK,KS,ACE,CE,Federal Contract Tower,3,3,2,2,10,0,0,37,0,37,3,3,39,2,47,48,0,48,95
07/25/2021,MHK,KS,ACE,CE,Federal Contract Tower,5,4,4,0,13,0,0,29,0,29,5,4,33,0,42,36,0,36,78
07/26/2021,MHK,KS,ACE,CE,Federal Contract Tower,5,8,7,0,20,0,0,24,0,24,5,8,31,0,44,38,0,38,82
07/27/2021,MHK,KS,ACE,CE,Federal Contract Tower,5,6,11,0,22,0,0,29,0,29,5,6,40,0,51,40,0,40,91
07/28/2021,MHK,KS,ACE,CE,Federal Contract Tower,6,6,9,0,21,0,0,43,0,43,6,6,52,0,64,68,0,68,132
07/29/2021,MHK,KS,ACE,CE,Federal Contract Tower,5,5,3,0,13,0,0,31,2,33,5,5,34,2,46,42,0,42,88
07/30/2021,MHK,KS,ACE,CE,Federal Contract Tower,4,8,12,2,26,0,0,26,0,26,4,8,38,2,52,40,0,40,92
08/01/2021,MHK,KS,ACE,CE,Federal Contract Tower,3,3,1,0,7,0,0,14,0,14,3,3,15,0,21,0,0,0,21
08/02/2021,MHK,KS,ACE,CE,Federal Contract Tower,4,6,1,0,11,0,0,19,0,19,4,6,20,0,30,36,0,36,66
08/03/2021,MHK,KS,ACE,CE,Federal Contract Tower,5,4,5,4,18,0,0,33,0,33,5,4,38,4,51,46,0,46,97
08/04/2021,MHK,KS,ACE,CE,Federal Contract Tower,5,6,4,0,15,0,0,37,2,39,5,6,41,2,54,46,0,46,100
08/05/2021,MHK,KS,ACE,CE,Federal Contract Tower,5,4,6,0,15,0,0,18,2,20,5,4,24,2,35,66,0,66,101
08/06/2021,MHK,KS,ACE,CE,Federal Contract Tower,5,7,9,2,23,0,4,36,0,40,5,11,45,2,63,34,0,34,97
08/07/2021,MHK,KS,ACE,CE,Federal Contract Tower,5,4,0,2,11,0,0,7,0,7,5,4,7,2,18,0,0,0,18
08/08/2021,MHK,KS,ACE,CE,Federal Contract Tower,4,3,10,0,17,0,0,15,0,15,4,3,25,0,32,60,0,60,92
08/09/2021,MHK,KS,ACE,CE,Federal Contract Tower,4,2,3,0,9,0,0,22,0,22,4,2,25,0,31,12,0,12,43
08/10/2021,MHK,KS,ACE,CE,Federal Contract Tower,5,3,6,0,14,0,0,8,2,10,5,3,14,2,24,2,0,2,26
08/11/2021,MHK,KS,ACE,CE,Federal Contract Tower,6,4,3,0,13,0,2,34,2,38,6,6,37,2,51,36,0,36,87
08/12/2021,MHK,KS,ACE,CE,Federal Contract Tower,5,3,1,0,9,0,0,10,1,11,5,3,11,1,20,54,0,54,74
08/13/2021,MHK,KS,ACE,CE,Federal Contract Tower,6,5,3,2,16,0,0,16,0,16,6,5,19,2,32,38,0,38,70
08/14/2021,MHK,KS,ACE,CE,Federal Contract Tower,3,4,3,7,17,0,0,19,0,19,3,4,22,7,36,4,6,10,46
08/15/2021,MHK,KS,ACE,CE,Federal Contract Tower,4,3,1,0,8,0,0,37,0,37,4,3,38,0,45,26,0,26,71
08/16/2021,MHK,KS,ACE,CE,Federal Contract Tower,6,6,6,0,18,0,0,43,2,45,6,6,49,2,63,64,0,64,127
08/17/2021,MHK,KS,ACE,CE,Federal Contract Tower,7,4,13,0,24,0,0,36,0,36,7,4,49,0,60,22,0,22,82
08/18/2021,MHK,KS,ACE,CE,Federal Contract Tower,4,6,15,2,27,0,2,22,0,24,4,8,37,2,51,72,0,72,123
08/19/2021,MHK,KS,ACE,CE,Federal Contract Tower,5,5,6,0,16,0,0,5,0,5,5,5,11,0,21,46,0,46,67
08/20/2021,MHK,KS,ACE,CE,Federal Contract Tower,7,10,21,0,38,0,0,2,1,3,7,10,23,1,41,10,0,10,51
08/21/2021,MHK,KS,ACE,CE,Federal Contract Tower,6,3,4,0,13,0,0,20,0,20,6,3,24,0,33,54,0,54,87
08/22/2021,MHK,KS,ACE,CE,Federal Contract Tower,3,5,11,1,20,0,0,25,0,25,3,5,36,1,45,34,0,34,79
08/23/2021,MHK,KS,ACE,CE,Federal Contract Tower,4,7,4,2,17,0,2,33,1,36,4,9,37,3,53,2,0,2,55
08/24/2021,MHK,KS,ACE,CE,Federal Contract Tower,5,5,7,4,21,0,0,41,0,41,5,5,48,4,62,10,0,10,72
08/25/2021,MHK,KS,ACE,CE,Federal Contract Tower,4,5,8,0,17,0,1,31,0,32,4,6,39,0,49,40,0,40,89
08/26/2021,MHK,KS,ACE,CE,Federal Contract Tower,9,3,3,0,15,0,0,28,4,32,9,3,31,4,47,46,0,46,93
08/27/2021,MHK,KS,ACE,CE,Federal Contract Tower,5,4,2,2,13,0,0,13,2,15,5,4,15,4,28,24,0,24,52
08/28/2021,MHK,KS,ACE,CE,Federal Contract Tower,5,6,7,0,18,0,0,33,0,33,5,6,40,0,51,0,0,0,51
08/29/2021,MHK,KS,ACE,CE,Federal Contract Tower,5,5,5,0,15,0,0,18,0,18,5,5,23,0,33,6,0,6,39
08/30/2021,MHK,KS,ACE,CE,Federal Contract Tower,4,9,5,0,18,0,2,24,0,26,4,11,29,0,44,8,0,8,52
08/31/2021,MHK,KS,ACE,CE,Federal Contract Tower,5,4,4,0,13,0,2,22,2,26,5,6,26,2,39,18,0,18,57
09/01/2021,MHK,KS,ACE,CE,Federal Contract Tower,5,10,5,0,20,0,2,21,5,28,5,12,26,5,48,48,0,48,96
09/02/2021,MHK,KS,ACE,CE,Federal Contract Tower,5,5,8,0,18,0,0,19,0,19,5,5,27,0,37,26,0,26,63
09/03/2021,MHK,KS,ACE,CE,Federal Contract Tower,7,7,10,0,24,0,0,17,0,17,7,7,27,0,41,40,0,40,81
09/04/2021,MHK,KS,ACE,CE,Federal Contract Tower,6,3,6,0,15,0,0,10,0,10,6,3,16,0,25,22,0,22,47
09/05/2021,MHK,KS,ACE,CE,Federal Contract Tower,3,4,3,0,10,0,0,27,0,27,3,4,30,0,37,10,0,10,47
09/06/2021,MHK,KS,ACE,CE,Federal Contract Tower,5,5,4,0,14,0,7,43,0,50,5,12,47,0,64,26,0,26,90
09/07/2021,MHK,KS,ACE,CE,Federal Contract Tower,5,3,4,0,12,0,2,12,2,16,5,5,16,2,28,0,0,0,28
09/08/2021,MHK,KS,ACE,CE,Federal Contract Tower,6,11,10,0,27,0,2,26,0,28,6,13,36,0,55,22,0,22,77
09/09/2021,MHK,KS,ACE,CE,Federal Contract Tower,4,4,6,0,14,0,0,36,6,42,4,4,42,6,56,40,0,40,96
09/10/2021,MHK,KS,ACE,CE,Federal Contract Tower,5,8,3,2,18,0,0,39,0,39,5,8,42,2,57,24,0,24,81
09/11/2021,MHK,KS,ACE,CE,Federal Contract Tower,4,7,8,3,22,0,0,26,1,27,4,7,34,4,49,0,0,0,49
09/12/2021,MHK,KS,ACE,CE,Federal Contract Tower,6,10,7,0,23,0,0,33,2,35,6,10,40,2,58,24,0,24,82
09/13/2021,MHK,KS,ACE,CE,Federal Contract Tower,6,8,5,0,19,0,0,21,0,21,6,8,26,0,40,10,0,10,50
09/14/2021,MHK,KS,ACE,CE,Federal Contract Tower,5,6,0,0,11,0,0,17,0,17,5,6,17,0,28,22,0,22,50
09/15/2021,MHK,KS,ACE,CE,Federal Contract Tower,5,6,17,0,28,0,0,8,4,12,5,6,25,4,40,0,0,0,40
09/16/2021,MHK,KS,ACE,CE,Federal Contract Tower,6,10,9,0,25,0,0,29,0,29,6,10,38,0,54,28,0,28,82
09/17/2021,MHK,KS,ACE,CE,Federal Contract Tower,4,7,9,2,22,0,0,26,4,30,4,7,35,6,52,42,0,42,94
09/18/2021,MHK,KS,ACE,CE,Federal Contract Tower,5,5,24,0,34,0,0,35,0,35,5,5,59,0,69,6,0,6,75
09/19/2021,MHK,KS,ACE,CE,Federal Contract Tower,5,6,11,0,22,0,0,37,0,37,5,6,48,0,59,16,0,16,75
09/20/2021,MHK,KS,ACE,CE,Federal Contract Tower,19,5,2,5,31,0,2,11,0,13,19,7,13,5,44,0,0,0,44
09/21/2021,MHK,KS,ACE,CE,Federal Contract Tower,7,8,12,2,29,0,0,18,2,20,7,8,30,4,49,32,4,36,85
09/22/2021,MHK,KS,ACE,CE,Federal Contract Tower,5,4,8,0,17,0,0,33,0,33,5,4,41,0,50,67,0,67,117
09/23/2021,MHK,KS,ACE,CE,Federal Contract Tower,5,5,9,0,19,0,0,37,0,37,5,5,46,0,56,44,0,44,100
09/24/2021,MHK,KS,ACE,CE,Federal Contract Tower,8,3,9,0,20,0,0,21,0,21,8,3,30,0,41,18,0,18,59
09/25/2021,MHK,KS,ACE,CE,Federal Contract Tower,4,4,6,0,14,0,0,24,0,24,4,4,30,0,38,32,0,32,70
09/26/2021,MHK,KS,ACE,CE,Federal Contract Tower,4,4,7,2,17,0,0,12,0,12,4,4,19,2,29,4,0,4,33
09/27/2021,MHK,KS,ACE,CE,Federal Contract Tower,5,6,5,0,16,0,0,31,0,31,5,6,36,0,47,12,0,12,59
09/28/2021,MHK,KS,ACE,CE,Federal Contract Tower,5,6,0,0,11,0,0,26,0,26,5,6,26,0,37,20,0,20,57
09/29/2021,MHK,KS,ACE,CE,Federal Contract Tower,5,4,6,0,15,0,0,31,0,31,5,4,37,0,46,38,0,38,84
09/30/2021,MHK,KS,ACE,CE,Federal Contract Tower,7,8,1,0,16,0,0,8,0,8,7,8,9,0,24,14,0,14,38
10/01/2021,MHK,KS,ACE,CE,Federal Contract Tower,5,5,11,0,21,0,0,14,0,14,5,5,25,0,35,14,0,14,49
10/02/2021,MHK,KS,ACE,CE,Federal Contract Tower,5,10,33,0,48,0,0,11,0,11,5,10,44,0,59,10,0,10,69
10/03/2021,MHK,KS,ACE,CE,Federal Contract Tower,5,8,12,6,31,0,0,34,0,34,5,8,46,6,65,50,2,52,117
10/04/2021,MHK,KS,ACE,CE,Federal Contract Tower,5,10,9,3,27,0,2,42,0,44,5,12,51,3,71,54,0,54,125
10/05/2021,MHK,KS,ACE,CE,Federal Contract Tower,5,5,8,3,21,0,0,38,0,38,5,5,46,3,59,14,0,14,73
10/06/2021,MHK,KS,ACE,CE,Federal Contract Tower,7,5,6,0,18,0,0,29,0,29,7,5,35,0,47,38,0,38,85
10/07/2021,MHK,KS,ACE,CE,Federal Contract Tower,11,8,6,2,27,0,0,17,0,17,11,8,23,2,44,14,0,14,58
10/08/2021,MHK,KS,ACE,CE,Federal Contract Tower,5,10,12,2,29,0,0,43,0,43,5,10,55,2,72,86,0,86,158
10/09/2021,MHK,KS,ACE,CE,Federal Contract Tower,6,3,4,0,13,0,0,44,0,44,6,3,48,0,57,28,0,28,85
10/10/2021,MHK,KS,ACE,CE,Federal Contract Tower,5,4,11,0,20,0,0,6,0,6,5,4,17,0,26,0,0,0,26
10/11/2021,MHK,KS,ACE,CE,Federal Contract Tower,4,4,13,0,21,0,0,35,0,35,4,4,48,0,56,51,0,51,107
10/12/2021,MHK,KS,ACE,CE,Federal Contract Tower,6,3,9,0,18,0,0,11,0,11,6,3,20,0,29,0,0,0,29
10/13/2021,MHK,KS,ACE,CE,Federal Contract Tower,4,8,7,0,19,0,0,12,0,12,4,8,19,0,31,28,0,28,59
10/14/2021,MHK,KS,ACE,CE,Federal Contract Tower,4,5,15,0,24,0,0,51,0,51,4,5,66,0,75,48,0,48,123
10/15/2021,MHK,KS,ACE,CE,Federal Contract Tower,6,7,10,0,23,0,2,32,3,37,6,9,42,3,60,32,0,32,92
10/16/2021,MHK,KS,ACE,CE,Federal Contract Tower,5,27,20,2,54,0,0,44,0,44,5,27,64,2,98,28,0,28,126
10/17/2021,MHK,KS,ACE,CE,Federal Contract Tower,5,11,10,0,26,0,0,39,0,39,5,11,49,0,65,26,0,26,91
10/18/2021,MHK,KS,ACE,CE,Federal Contract Tower,5,5,7,0,17,0,2,13,0,15,5,7,20,0,32,6,0,6,38
10/19/2021,MHK,KS,ACE,CE,Federal Contract Tower,4,8,5,0,17,0,0,22,2,24,4,8,27,2,41,14,0,14,55
10/20/2021,MHK,KS,ACE,CE,Federal Contract Tower,4,5,7,0,16,0,0,18,1,19,4,5,25,1,35,8,0,8,43
10/21/2021,MHK,KS,ACE,CE,Federal Contract Tower,3,4,6,0,13,0,0,27,0,27,3,4,33,0,40,76,0,76,116
10/22/2021,MHK,KS,ACE,CE,Federal Contract Tower,4,8,5,0,17,0,0,15,0,15,4,8,20,0,32,24,0,24,56
10/23/2021,MHK,KS,ACE,CE,Federal Contract Tower,7,5,9,2,23,0,0,5,1,6,7,5,14,3,29,0,0,0,29
10/24/2021,MHK,KS,ACE,CE,Federal Contract Tower,5,4,3,0,12,0,0,4,0,4,5,4,7,0,16,0,0,0,16
10/25/2021,MHK,KS,ACE,CE,Federal Contract Tower,5,4,10,0,19,0,0,8,0,8,5,4,18,0,27,10,0,10,37
10/26/2021,MHK,KS,ACE,CE,Federal Contract Tower,5,8,6,1,20,0,0,4,3,7,5,8,10,4,27,0,2,2,29
10/27/2021,MHK,KS,ACE,CE,Federal Contract Tower,6,6,8,2,22,0,0,0,0,0,6,6,8,2,22,0,0,0,22
10/28/2021,MHK,KS,ACE,CE,Federal Contract Tower,3,3,16,1,23,0,0,0,1,1,3,3,16,2,24,0,0,0,24
10/29/2021,MHK,KS,ACE,CE,Federal Contract Tower,7,9,7,2,25,0,0,32,2,34,7,9,39,4,59,2,4,6,65
10/30/2021,MHK,KS,ACE,CE,Federal Contract Tower,7,11,30,0,48,0,7,63,0,70,7,18,93,0,118,6,0,6,124
10/31/2021,MHK,KS,ACE,CE,Federal Contract Tower,3,5,15,3,26,0,0,0,0,0,3,5,15,3,26,14,0,14,40
11/01/2021,MHK,KS,ACE,CE,Federal Contract Tower,5,8,10,0,23,0,0,6,0,6,5,8,16,0,29,44,0,44,73
11/02/2021,MHK,KS,ACE,CE,Federal Contract Tower,3,10,5,4,22,0,2,34,9,45,3,12,39,13,67,94,12,106,173
11/03/2021,MHK,KS,ACE,CE,Federal Contract Tower,3,8,8,0,19,0,0,21,2,23,3,8,29,2,42,60,10,70,112
11/04/2021,MHK,KS,ACE,CE,Federal Contract Tower,3,9,3,2,17,0,0,24,0,24,3,9,27,2,41,76,0,76,117
11/05/2021,MHK,KS,ACE,CE,Federal Contract Tower,2,13,9,0,24,0,0,30,0,30,2,13,39,0,54,38,0,38,92
11/06/2021,MHK,KS,ACE,CE,Federal Contract Tower,2,7,5,1,15,0,0,35,4,39,2,7,40,5,54,36,0,36,90
11/07/2021,MHK,KS,ACE,CE,Federal Contract Tower,3,11,8,14,36,0,1,7,3,11,3,12,15,17,47,0,0,0,47
11/08/2021,MHK,KS,ACE,CE,Federal Contract Tower,3,6,4,4,17,0,0,36,4,40,3,6,40,8,57,34,0,34,91
11/09/2021,MHK,KS,ACE,CE,Federal Contract Tower,3,8,10,0,21,0,0,32,0,32,3,8,42,0,53,46,0,46,99
11/10/2021,MHK,KS,ACE,CE,Federal Contract Tower,3,14,5,0,22,0,0,0,0,0,3,14,5,0,22,0,0,0,22
11/11/2021,MHK,KS,ACE,CE,Federal Contract Tower,3,12,7,0,22,0,0,16,0,16,3,12,23,0,38,10,0,10,48
11/12/2021,MHK,KS,ACE,CE,Federal Contract Tower,4,9,19,0,32,0,0,14,0,14,4,9,33,0,46,28,0,28,74
11/13/2021,MHK,KS,ACE,CE,Federal Contract Tower,5,19,34,0,58,0,2,34,0,36,5,21,68,0,94,70,0,70,164
11/14/2021,MHK,KS,ACE,CE,Federal Contract Tower,2,10,7,0,19,0,0,17,0,17,2,10,24,0,36,20,0,20,56
11/15/2021,MHK,KS,ACE,CE,Federal Contract Tower,3,7,19,0,29,0,2,22,4,28,3,9,41,4,57,40,0,40,97
11/16/2021,MHK,KS,ACE,CE,Federal Contract Tower,3,5,16,2,26,0,2,19,4,25,3,7,35,6,51,68,0,68,119
11/17/2021,MHK,KS,ACE,CE,Federal Contract Tower,3,11,11,0,25,0,2,11,4,17,3,13,22,4,42,10,0,10,52
11/18/2021,MHK,KS,ACE,CE,Federal Contract Tower,3,12,15,4,34,0,0,30,7,37,3,12,45,11,71,50,6,56,127
11/19/2021,MHK,KS,ACE,CE,Federal Contract Tower,5,8,17,1,31,0,0,16,4,20,5,8,33,5,51,0,0,0,51
11/20/2021,MHK,KS,ACE,CE,Federal Contract Tower,5,10,24,0,39,0,0,42,2,44,5,10,66,2,83,34,0,34,117
11/21/2021,MHK,KS,ACE,CE,Federal Contract Tower,3,7,10,0,20,0,0,18,0,18,3,7,28,0,38,0,0,0,38
11/22/2021,MHK,KS,ACE,CE,Federal Contract Tower,3,6,6,0,15,0,0,28,2,30,3,6,34,2,45,32,0,32,77
11/23/2021,MHK,KS,ACE,CE,Federal Contract Tower,1,6,7,2,16,0,0,11,0,11,1,6,18,2,27,36,0,36,63
11/24/2021,MHK,KS,ACE,CE,Federal Contract Tower,5,7,7,2,21,0,0,16,0,16,5,7,23,2,37,0,0,0,37
11/25/2021,MHK,KS,ACE,CE,Federal Contract Tower,5,6,2,0,13,0,0,12,0,12,5,6,14,0,25,8,0,8,33
11/26/2021,MHK,KS,ACE,CE,Federal Contract Tower,5,4,8,2,19,0,0,10,0,10,5,4,18,2,29,4,0,4,33
11/27/2021,MHK,KS,ACE,CE,Federal Contract Tower,5,5,5,0,15,0,0,12,0,12,5,5,17,0,27,18,0,18,45
11/28/2021,MHK,KS,ACE,CE,Federal Contract Tower,3,7,6,0,16,0,0,24,0,24,3,7,30,0,40,14,0,14,54
11/29/2021,MHK,KS,ACE,CE,Federal Contract Tower,3,13,11,2,29,0,0,20,6,26,3,13,31,8,55,24,12,36,91
11/30/2021,MHK,KS,ACE,CE,Federal Contract Tower,3,8,14,4,29,0,0,21,2,23,3,8,35,6,52,34,0,34,86
12/01/2021,MHK,KS,ACE,CE,Federal Contract Tower,3,7,9,2,21,0,2,67,0,69,3,9,76,2,90,48,6,54,144
12/02/2021,MHK,KS,ACE,CE,Federal Contract Tower,3,9,3,0,15,0,4,62,8,74,3,13,65,8,89,110,0,110,199
12/03/2021,MHK,KS,ACE,CE,Federal Contract Tower,3,8,4,0,15,0,0,44,1,45,3,8,48,1,60,54,0,54,114
12/04/2021,MHK,KS,ACE,CE,Federal Contract Tower,3,6,4,0,13,0,0,39,1,40,3,6,43,1,53,88,4,92,145
12/05/2021,MHK,KS,ACE,CE,Federal Contract Tower,3,5,1,0,9,0,0,14,0,14,3,5,15,0,23,8,0,8,31
12/06/2021,MHK,KS,ACE,CE,Federal Contract Tower,4,12,7,3,26,0,0,26,4,30,4,12,33,7,56,96,0,96,152
12/07/2021,MHK,KS,ACE,CE,Federal Contract Tower,4,9,5,0,18,0,0,25,0,25,4,9,30,0,43,34,0,34,77
12/08/2021,MHK,KS,ACE,CE,Federal Contract Tower,3,13,17,0,33,0,4,23,2,29,3,17,40,2,62,74,8,82,144
12/09/2021,MHK,KS,ACE,CE,Federal Contract Tower,3,10,4,0,17,0,4,43,2,49,3,14,47,2,66,42,2,44,110
12/10/2021,MHK,KS,ACE,CE,Federal Contract Tower,3,6,10,7,26,0,0,31,0,31,3,6,41,7,57,6,0,6,63
12/11/2021,MHK,KS,ACE,CE,Federal Contract Tower,3,8,8,0,19,0,0,24,6,30,3,8,32,6,49,16,0,16,65
12/12/2021,MHK,KS,ACE,CE,Federal Contract Tower,3,9,10,0,22,0,0,6,0,6,3,9,16,0,28,0,0,0,28
12/13/2021,MHK,KS,ACE,CE,Federal Contract Tower,3,6,3,0,12,0,0,60,0,60,3,6,63,0,72,90,0,90,162
12/14/2021,MHK,KS,ACE,CE,Federal Contract Tower,3,8,8,0,19,0,0,18,1,19,3,8,26,1,38,0,72,72,110
12/15/2021,MHK,KS,ACE,CE,Federal Contract Tower,3,3,0,0,6,0,0,0,0,0,3,3,0,0,6,0,0,0,6
12/16/2021,MHK,KS,ACE,CE,Federal Contract Tower,2,6,5,0,13,0,0,39,0,39,2,6,44,0,52,70,0,70,122
12/17/2021,MHK,KS,ACE,CE,Federal Contract Tower,3,6,3,3,15,0,0,36,0,36,3,6,39,3,51,100,0,100,151
12/18/2021,MHK,KS,ACE,CE,Federal Contract Tower,3,6,9,2,20,0,0,12,0,12,3,6,21,2,32,4,0,4,36
12/19/2021,MHK,KS,ACE,CE,Federal Contract Tower,3,7,2,0,12,0,0,24,0,24,3,7,26,0,36,10,0,10,46
12/20/2021,MHK,KS,ACE,CE,Federal Contract Tower,2,10,3,0,15,0,0,28,0,28,2,10,31,0,43,32,0,32,75
12/21/2021,MHK,KS,ACE,CE,Federal Contract Tower,3,7,13,0,23,0,0,29,0,29,3,7,42,0,52,72,0,72,124
12/22/2021,MHK,KS,ACE,CE,Federal Contract Tower,3,6,6,0,15,0,0,25,0,25,3,6,31,0,40,70,0,70,110
12/23/2021,MHK,KS,ACE,CE,Federal Contract Tower,2,7,1,0,10,0,0,32,2,34,2,7,33,2,44,18,0,18,62
12/24/2021,MHK,KS,ACE,CE,Federal Contract Tower,2,3,1,0,6,0,0,13,0,13,2,3,14,0,19,22,0,22,41
12/25/2021,MHK,KS,ACE,CE,Federal Contract Tower,0,7,4,2,13,0,0,17,0,17,0,7,21,2,30,24,0,24,54
12/26/2021,MHK,KS,ACE,CE,Federal Contract Tower,2,7,8,0,17,0,0,7,0,7,2,7,15,0,24,0,0,0,24
12/27/2021,MHK,KS,ACE,CE,Federal Contract Tower,2,6,6,0,14,0,0,16,0,16,2,6,22,0,30,12,0,12,42
12/28/2021,MHK,KS,ACE,CE,Federal Contract Tower,2,5,6,0,13,0,0,11,0,11,2,5,17,0,24,0,0,0,24
12/29/2021,MHK,KS,ACE,CE,Federal Contract Tower,2,5,3,0,10,0,0,4,0,4,2,5,7,0,14,6,0,6,20
12/30/2021,MHK,KS,ACE,CE,Federal Contract Tower,7,5,5,0,17,0,0,31,1,32,7,5,36,1,49,30,0,30,79
12/31/2021,MHK,KS,ACE,CE,Federal Contract Tower,3,3,2,0,8,0,0,36,0,36,3,3,38,0,44,24,0,24,68
01/01/2022,MHK,KS,ACE,CE,Federal Contract Tower,2,5,0,0,7,0,0,0,0,0,2,5,0,0,7,0,0,0,7
01/02/2022,MHK,KS,ACE,CE,Federal Contract Tower,4,6,4,0,14,0,0,0,0,0,4,6,4,0,14,0,0,0,14
01/03/2022,MHK,KS,ACE,CE,Federal Contract Tower,2,7,10,0,19,0,0,26,0,26,2,7,36,0,45,14,0,14,59
01/04/2022,MHK,KS,ACE,CE,Federal Contract Tower,3,9,3,0,15,0,2,15,6,23,3,11,18,6,38,16,0,16,54
01/05/2022,MHK,KS,ACE,CE,Federal Contract Tower,6,6,5,15,32,0,0,30,0,30,6,6,35,15,62,16,0,16,78
01/06/2022,MHK,KS,ACE,CE,Federal Contract Tower,3,6,0,0,9,0,0,3,4,7,3,6,3,4,16,18,0,18,34
01/07/2022,MHK,KS,ACE,CE,Federal Contract Tower,5,6,2,0,13,0,0,22,0,22,5,6,24,0,35,14,0,14,49
01/08/2022,MHK,KS,ACE,CE,Federal Contract Tower,3,6,2,0,11,0,0,2,0,2,3,6,4,0,13,0,0,0,13
01/09/2022,MHK,KS,ACE,CE,Federal Contract Tower,3,5,5,0,13,0,0,32,0,32,3,5,37,0,45,70,0,70,115
01/10/2022,MHK,KS,ACE,CE,Federal Contract Tower,2,6,8,0,16,0,0,23,6,29,2,6,31,6,45,28,0,28,73
01/11/2022,MHK,KS,ACE,CE,Federal Contract Tower,5,6,5,3,19,0,0,19,2,21,5,6,24,5,40,34,8,42,82
01/12/2022,MHK,KS,ACE,CE,Federal Contract Tower,4,8,5,0,17,0,0,39,2,41,4,8,44,2,58,88,0,88,146
01/13/2022,MHK,KS,ACE,CE,Federal Contract Tower,2,8,4,2,16,0,0,36,1,37,2,8,40,3,53,86,2,88,141
01/14/2022,MHK,KS,ACE,CE,Federal Contract Tower,6,8,3,0,17,0,0,22,5,27,6,8,25,5,44,72,6,78,122
01/15/2022,MHK,KS,ACE,CE,Federal Contract Tower,7,5,0,2,14,0,0,0,2,2,7,5,0,4,16,0,0,0,16
01/16/2022,MHK,KS,ACE,CE,Federal Contract Tower,3,8,4,0,15,0,0,28,0,28,3,8,32,0,43,124,0,124,167
01/17/2022,MHK,KS,ACE,CE,Federal Contract Tower,5,10,3,0,18,0,0,25,0,25,5,10,28,0,43,0,0,0,43
01/18/2022,MHK,KS,ACE,CE,Federal Contract Tower,3,8,1,0,12,0,0,29,2,31,3,8,30,2,43,32,0,32,75
01/19/2022,MHK,KS,ACE,CE,Federal Contract Tower,3,6,9,0,18,0,0,1,10,11,3,6,10,10,29,0,0,0,29
01/20/2022,MHK,KS,ACE,CE,Federal Contract Tower,3,8,4,4,19,0,0,29,17,46,3,8,33,21,65,48,26,74,139
01/21/2022,MHK,KS,ACE,CE,Federal Contract Tower,3,11,11,2,27,0,0,40,0,40,3,11,51,2,67,42,0,42,109
01/22/2022,MHK,KS,ACE,CE,Federal Contract Tower,2,9,11,0,22,0,0,65,0,65,2,9,76,0,87,58,0,58,145
01/23/2022,MHK,KS,ACE,CE,Federal Contract Tower,2,7,5,0,14,0,0,0,0,0,2,7,5,0,14,54,0,54,68
01/24/2022,MHK,KS,ACE,CE,Federal Contract Tower,9,8,4,7,28,0,2,28,13,43,9,10,32,20,71,6,0,6,77
01/25/2022,MHK,KS,ACE,CE,Federal Contract Tower,4,6,13,2,25,0,0,33,10,43,4,6,46,12,68,64,10,74,142
01/26/2022,MHK,KS,ACE,CE,Federal Contract Tower,3,8,4,2,17,0,2,36,5,43,3,10,40,7,60,74,0,74,134
01/27/2022,MHK,KS,ACE,CE,Federal Contract Tower,3,11,6,0,20,0,0,44,4,48,3,11,50,4,68,64,0,64,132
01/28/2022,MHK,KS,ACE,CE,Federal Contract Tower,3,5,12,1,21,0,2,38,0,40,3,7,50,1,61,130,0,130,191
01/29/2022,MHK,KS,ACE,CE,Federal Contract Tower,5,6,4,0,15,0,0,48,0,48,5,6,52,0,63,26,0,26,89
01/30/2022,MHK,KS,ACE,CE,Federal Contract Tower,3,8,5,0,16,0,0,29,0,29,3,8,34,0,45,0,0,0,45
01/31/2022,MHK,KS,ACE,CE,Federal Contract Tower,5,5,1,0,11,0,0,32,21,53,5,5,33,21,64,50,12,62,126
02/01/2022,MHK,KS,ACE,CE,Federal Contract Tower,4,4,2,0,10,0,0,19,9,28,4,4,21,9,38,40,0,40,78
02/02/2022,MHK,KS,ACE,CE,Federal Contract Tower,14,5,1,0,20,0,0,3,0,3,14,5,4,0,23,0,0,0,23
02/03/2022,MHK,KS,ACE,CE,Federal Contract Tower,1,4,4,2,11,0,0,8,20,28,1,4,12,22,39,16,42,58,97
02/04/2022,MHK,KS,ACE,CE,Federal Contract Tower,11,6,7,2,26,0,2,30,3,35,11,8,37,5,61,54,0,54,115
02/05/2022,MHK,KS,ACE,CE,Federal Contract Tower,4,6,0,0,10,0,0,19,0,19,4,6,19,0,29,4,0,4,33
02/06/2022,MHK,KS,ACE,CE,Federal Contract Tower,6,7,1,0,14,0,0,24,0,24,6,7,25,0,38,28,0,28,66
02/07/2022,MHK,KS,ACE,CE,Federal Contract Tower,3,6,3,1,13,0,2,23,0,25,3,8,26,1,38,28,0,28,66
02/08/2022,MHK,KS,ACE,CE,Federal Contract Tower,4,4,5,0,13,0,2,23,0,25,4,6,28,0,38,40,0,40,78
02/09/2022,MHK,KS,ACE,CE,Federal Contract Tower,3,8,5,0,16,0,0,18,0,18,3,8,23,0,34,26,0,26,60
02/10/2022,MHK,KS,ACE,CE,Federal Contract Tower,2,8,0,0,10,0,0,46,0,46,2,8,46,0,56,82,0,82,138
02/11/2022,MHK,KS,ACE,CE,Federal Contract Tower,4,7,6,2,19,0,0,20,0,20,4,7,26,2,39,6,0,6,45
02/12/2022,MHK,KS,ACE,CE,Federal Contract Tower,6,4,6,6,22,0,0,69,0,69,6,4,75,6,91,144,0,144,235
02/13/2022,MHK,KS,ACE,CE,Federal Contract Tower,2,5,6,0,13,0,0,42,0,42,2,5,48,0,55,50,0,50,105
02/14/2022,MHK,KS,ACE,CE,Federal Contract Tower,5,8,6,0,19,0,1,43,20,64,5,9,49,20,83,98,0,98,181
02/15/2022,MHK,KS,ACE,CE,Federal Contract Tower,2,3,9,0,14,0,0,0,6,6,2,3,9,6,20,0,0,0,20
02/16/2022,MHK,KS,ACE,CE,Federal Contract Tower,4,3,4,0,11,0,2,24,36,62,4,5,28,36,73,178,30,208,281
02/17/2022,MHK,KS,ACE,CE,Federal Contract Tower,2,3,2,0,7,0,0,6,4,10,2,3,8,4,17,0,0,0,17
02/18/2022,MHK,KS,ACE,CE,Federal Contract Tower,1,6,11,0,18,0,0,32,0,32,1,6,43,0,50,56,0,56,106
02/19/2022,MHK,KS,ACE,CE,Federal Contract Tower,0,6,6,2,14,0,0,43,0,43,0,6,49,2,57,28,0,28,85
02/20/2022,MHK,KS,ACE,CE,Federal Contract Tower,0,8,5,0,13,0,0,0,0,0,0,8,5,0,13,106,0,106,119
02/21/2022,MHK,KS,ACE,CE,Federal Contract Tower,2,8,3,0,13,0,0,74,0,74,2,8,77,0,87,124,0,124,211
02/22/2022,MHK,KS,ACE,CE,Federal Contract Tower,1,8,3,2,14,0,0,3,18,21,1,8,6,20,35,0,0,0,35
02/23/2022,MHK,KS,ACE,CE,Federal Contract Tower,1,5,13,3,22,0,0,18,35,53,1,5,31,38,75,24,32,56,131
02/24/2022,MHK,KS,ACE,CE,Federal Contract Tower,0,3,3,0,6,0,0,0,17,17,0,3,3,17,23,0,38,38,61
02/25/2022,MHK,KS,ACE,CE,Federal Contract Tower,3,5,10,0,18,0,0,71,8,79,3,5,81,8,97,52,0,52,149
02/26/2022,MHK,KS,ACE,CE,Federal Contract Tower,2,3,6,2,13,0,0,59,0,59,2,3,65,2,72,52,0,52,124
02/27/2022,MHK,KS,ACE,CE,Federal Contract Tower,2,6,11,0,19,0,0,56,0,56,2,6,67,0,75,54,0,54,129
02/28/2022,MHK,KS,ACE,CE,Federal Contract Tower,2,8,9,4,23,0,0,36,27,63,2,8,45,31,86,82,38,120,206
03/01/2022,MHK,KS,ACE,CE,Federal Contract Tower,2,7,8,2,19,0,4,61,22,87,2,11,69,24,106,132,14,146,252
03/02/2022,MHK,KS,ACE,CE,Federal Contract Tower,10,7,7,2,26,0,0,58,17,75,10,7,65,19,101,52,6,58,159
03/03/2022,MHK,KS,ACE,CE,Federal Contract Tower,9,6,12,2,29,0,6,36,14,56,9,12,48,16,85,106,0,106,191
03/04/2022,MHK,KS,ACE,CE,Federal Contract Tower,7,10,5,2,24,0,0,15,0,15,7,10,20,2,39,52,0,52,91
03/05/2022,MHK,KS,ACE,CE,Federal Contract Tower,4,9,10,0,23,0,0,1,0,1,4,9,11,0,24,0,0,0,24
03/06/2022,MHK,KS,ACE,CE,Federal Contract Tower,3,5,0,0,8,0,0,26,0,26,3,5,26,0,34,6,0,6,40
03/07/2022,MHK,KS,ACE,CE,Federal Contract Tower,3,5,2,5,15,0,0,39,23,62,3,5,41,28,77,64,8,72,149
03/08/2022,MHK,KS,ACE,CE,Federal Contract Tower,2,5,5,6,18,0,0,41,10,51,2,5,46,16,69,84,60,144,213
03/09/2022,MHK,KS,ACE,CE,Federal Contract Tower,3,8,7,1,19,0,6,42,2,50,3,14,49,3,69,74,0,74,143
03/10/2022,MHK,KS,ACE,CE,Federal Contract Tower,3,7,0,0,10,0,0,0,0,0,3,7,0,0,10,0,0,0,10
03/11/2022,MHK,KS,ACE,CE,Federal Contract Tower,3,9,10,2,24,0,0,24,4,28,3,9,34,6,52,86,0,86,138
03/12/2022,MHK,KS,ACE,CE,Federal Contract Tower,3,7,7,0,17,0,0,55,0,55,3,7,62,0,72,40,0,40,112
03/13/2022,MHK,KS,ACE,CE,Federal Contract Tower,3,8,5,0,16,0,0,40,0,40,3,8,45,0,56,30,0,30,86
03/14/2022,MHK,KS,ACE,CE,Federal Contract Tower,5,8,8,9,30,0,0,99,14,113,5,8,107,23,143,100,0,100,243
03/15/2022,MHK,KS,ACE,CE,Federal Contract Tower,3,4,2,0,9,0,0,59,5,64,3,4,61,5,73,200,6,206,279
03/16/2022,MHK,KS,ACE,CE,Federal Contract Tower,3,6,6,1,16,0,0,70,2,72,3,6,76,3,88,126,0,126,214
03/17/2022,MHK,KS,ACE,CE,Federal Contract Tower,5,5,5,1,16,0,0,36,1,37,5,5,41,2,53,54,4,58,111
03/18/2022,MHK,KS,ACE,CE,Federal Contract Tower,3,5,1,3,12,0,0,9,0,9,3,5,10,3,21,20,0,20,41
03/19/2022,MHK,KS,ACE,CE,Federal Contract Tower,3,5,2,2,12,0,0,66,4,70,3,5,68,6,82,148,0,148,230
03/20/2022,MHK,KS,ACE,CE,Federal Contract Tower,3,9,7,0,19,0,0,22,0,22,3,9,29,0,41,80,0,80,121
03/21/2022,MHK,KS,ACE,CE,Federal Contract Tower,4,5,3,0,12,0,0,10,4,14,4,5,13,4,26,0,12,12,38
03/22/2022,MHK,KS,ACE,CE,Federal Contract Tower,2,4,2,1,9,0,0,0,0,0,2,4,2,1,9,0,0,0,9
03/23/2022,MHK,KS,ACE,CE,Federal Contract Tower,3,4,6,7,20,0,0,2,12,14,3,4,8,19,34,2,0,2,36
03/24/2022,MHK,KS,ACE,CE,Federal Contract Tower,3,10,5,1,19,0,0,29,23,52,3,10,34,24,71,104,4,108,179
03/25/2022,MHK,KS,ACE,CE,Federal Contract Tower,3,8,8,0,19,0,2,46,2,50,3,10,54,2,69,121,0,121,190
03/26/2022,MHK,KS,ACE,CE,Federal Contract Tower,3,6,2,3,14,0,0,61,0,61,3,6,63,3,75,236,0,236,311
03/27/2022,MHK,KS,ACE,CE,Federal Contract Tower,3,5,6,0,14,0,0,0,0,0,3,5,6,0,14,140,0,140,154
03/28/2022,MHK,KS,ACE,CE,Federal Contract Tower,3,8,8,1,20,0,0,0,0,0,3,8,8,1,20,76,0,76,96
03/29/2022,MHK,KS,ACE,CE,Federal Contract Tower,3,4,4,2,13,0,0,6,7,13,3,4,10,9,26,22,4,26,52
03/30/2022,MHK,KS,ACE,CE,Federal Contract Tower,3,4,4,0,11,0,0,13,10,23,3,4,17,10,34,158,0,158,192
03/31/2022,MHK,KS,ACE,CE,Federal Contract Tower,5,5,6,0,16,0,2,26,5,33,5,7,32,5,49,126,6,132,181
04/01/2022,MHK,KS,ACE,CE,Federal Contract Tower,3,9,10,1,23,0,0,39,2,41,3,9,49,3,64,88,0,88,152
04/02/2022,MHK,KS,ACE,CE,Federal Contract Tower,3,6,1,0,10,0,1,70,0,71,3,7,71,0,81,156,0,156,237
04/03/2022,MHK,KS,ACE,CE,Federal Contract Tower,2,9,5,0,16,0,37,0,0,37,2,46,5,0,53,80,0,80,133
04/04/2022,MHK,KS,ACE,CE,Federal Contract Tower,4,6,4,6,20,0,4,58,59,121,4,10,62,65,141,264,30,294,435
04/05/2022,MHK,KS,ACE,CE,Federal Contract Tower,3,13,4,8,28,0,1,3,27,31,3,14,7,35,59,62,80,142,201
04/06/2022,MHK,KS,ACE,CE,Federal Contract Tower,5,12,10,2,29,0,0,22,25,47,5,12,32,27,76,36,0,36,112
04/07/2022,MHK,KS,ACE,CE,Federal Contract Tower,5,6,4,0,15,0,0,5,11,16,5,6,9,11,31,0,0,0,31
04/08/2022,MHK,KS,ACE,CE,Federal Contract Tower,7,6,7,13,33,0,2,24,9,35,7,8,31,22,68,24,0,24,92
04/09/2022,MHK,KS,ACE,CE,Federal Contract Tower,4,5,4,0,13,0,0,60,1,61,4,5,64,1,74,48,0,48,122
04/10/2022,MHK,KS,ACE,CE,Federal Contract Tower,6,3,1,0,10,0,0,0,0,0,6,3,1,0,10,64,0,64,74
04/11/2022,MHK,KS,ACE,CE,Federal Contract Tower,5,4,3,5,17,0,0,68,28,96,5,4,71,33,113,154,42,196,309
04/12/2022,MHK,KS,ACE,CE,Federal Contract Tower,5,4,4,3,16,0,0,0,0,0,5,4,4,3,16,0,0,0,16
04/13/2022,MHK,KS,ACE,CE,Federal Contract Tower,7,4,1,0,12,0,2,48,44,94,7,6,49,44,106,166,12,178,284
04/14/2022,MHK,KS,ACE,CE,Federal Contract Tower,5,6,4,1,16,0,4,62,13,79,5,10,66,14,95,118,0,118,213
04/15/2022,MHK,KS,ACE,CE,Federal Contract Tower,4,6,5,2,17,0,0,42,0,42,4,6,47,2,59,92,0,92,151
04/16/2022,MHK,KS,ACE,CE,Federal Contract Tower,5,5,4,0,14,0,0,35,2,37,5,5,39,2,51,48,0,48,99
04/17/2022,MHK,KS,ACE,CE,Federal Contract Tower,5,5,5,0,15,0,0,18,0,18,5,5,23,0,33,36,0,36,69
04/18/2022,MHK,KS,ACE,CE,Federal Contract Tower,5,6,8,0,19,0,3,45,0,48,5,9,53,0,67,110,0,110,177
04/19/2022,MHK,KS,ACE,CE,Federal Contract Tower,4,5,11,0,20,0,0,21,23,44,4,5,32,23,64,82,28,110,174
04/20/2022,MHK,KS,ACE,CE,Federal Contract Tower,5,11,9,0,25,0,1,18,3,22,5,12,27,3,47,38,30,68,115
04/21/2022,MHK,KS,ACE,CE,Federal Contract Tower,5,9,18,3,35,0,0,26,7,33,5,9,44,10,68,40,0,40,108
04/22/2022,MHK,KS,ACE,CE,Federal Contract Tower,6,5,7,0,18,0,2,3,0,5,6,7,10,0,23,0,0,0,23
04/23/2022,MHK,KS,ACE,CE,Federal Contract Tower,6,3,2,0,11,0,0,0,0,0,6,3,2,0,11,0,0,0,11
04/24/2022,MHK,KS,ACE,CE,Federal Contract Tower,5,4,6,0,15,0,0,45,1,46,5,4,51,1,61,34,0,34,95
04/25/2022,MHK,KS,ACE,CE,Federal Contract Tower,5,13,10,1,29,0,8,48,9,65,5,21,58,10,94,38,8,46,140
04/26/2022,MHK,KS,ACE,CE,Federal Contract Tower,7,4,13,0,24,0,6,89,16,111,7,10,102,16,135,116,0,116,251
04/27/2022,MHK,KS,ACE,CE,Federal Contract Tower,4,4,13,1,22,0,1,7,6,14,4,5,20,7,36,4,12,16,52
04/28/2022,MHK,KS,ACE,CE,Federal Contract Tower,4,6,4,0,14,0,0,50,15,65,4,6,54,15,79,66,18,84,163
04/29/2022,MHK,KS,ACE,CE,Federal Contract Tower,5,6,7,2,20,0,0,5,0,5,5,6,12,2,25,0,0,0,25
04/30/2022,MHK,KS,ACE,CE,Federal Contract Tower,6,3,6,0,15,0,2,3,0,5,6,5,9,0,20,2,0,2,22
05/01/2022,MHK,KS,ACE,CE,Federal Contract Tower,5,4,8,0,17,0,2,57,0,59,5,6,65,0,76,66,0,66,142
05/02/2022,MHK,KS,ACE,CE,Federal Contract Tower,5,7,1,3,16,0,0,0,0,0,5,7,1,3,16,0,0,0,16
05/03/2022,MHK,KS,ACE,CE,Federal Contract Tower,5,12,13,3,33,0,0,11,3,14,5,12,24,6,47,76,18,94,141
05/04/2022,MHK,KS,ACE,CE,Federal Contract Tower,5,5,3,0,13,0,0,3,0,3,5,5,6,0,16,50,0,50,66
05/05/2022,MHK,KS,ACE,CE,Federal Contract Tower,2,4,8,0,14,0,0,0,0,0,2,4,8,0,14,0,0,0,14
05/06/2022,MHK,KS,ACE,CE,Federal Contract Tower,4,6,13,4,27,0,0,13,3,16,4,6,26,7,43,108,0,108,151
05/07/2022,MHK,KS,ACE,CE,Federal Contract Tower,4,4,2,0,10,0,0,37,4,41,4,4,39,4,51,28,0,28,79
05/08/2022,MHK,KS,ACE,CE,Federal Contract Tower,5,4,4,0,13,0,0,20,0,20,5,4,24,0,33,34,0,34,67
05/09/2022,MHK,KS,ACE,CE,Federal Contract Tower,4,4,6,0,14,0,0,21,0,21,4,4,27,0,35,12,0,12,47
05/10/2022,MHK,KS,ACE,CE,Federal Contract Tower,4,4,8,2,18,0,0,61,9,70,4,4,69,11,88,62,0,62,150
05/11/2022,MHK,KS,ACE,CE,Federal Contract Tower,4,8,5,2,19,0,2,42,4,48,4,10,47,6,67,34,0,34,101
05/12/2022,MHK,KS,ACE,CE,Federal Contract Tower,5,5,7,0,17,0,0,18,2,20,5,5,25,2,37,10,0,10,47
05/13/2022,MHK,KS,ACE,CE,Federal Contract Tower,4,7,12,5,28,0,0,31,3,34,4,7,43,8,62,54,0,54,116
05/14/2022,MHK,KS,ACE,CE,Federal Contract Tower,5,5,6,0,16,0,0,58,2,60,5,5,64,2,76,68,0,68,144
05/15/2022,MHK,KS,ACE,CE,Federal Contract Tower,4,11,5,2,22,0,0,0,0,0,4,11,5,2,22,108,0,108,130
05/16/2022,MHK,KS,ACE,CE,Federal Contract Tower,4,4,3,3,14,0,0,62,1,63,4,4,65,4,77,76,0,76,153
05/17/2022,MHK,KS,ACE,CE,Federal Contract Tower,3,6,5,2,16,0,0,51,3,54,3,6,56,5,70,52,0,52,122
05/18/2022,MHK,KS,ACE,CE,Federal Contract Tower,5,4,16,0,25,0,0,84,6,90,5,4,100,6,115,136,8,144,259
05/19/2022,MHK,KS,ACE,CE,Federal Contract Tower,4,6,13,0,23,0,0,68,1,69,4,6,81,1,92,156,0,156,248
05/20/2022,MHK,KS,ACE,CE,Federal Contract Tower,4,3,4,2,13,0,1,51,0,52,4,4,55,2,65,36,2,38,103
05/21/2022,MHK,KS,ACE,CE,Federal Contract Tower,5,6,7,0,18,0,0,47,0,47,5,6,54,0,65,40,0,40,105
05/22/2022,MHK,KS,ACE,CE,Federal Contract Tower,4,6,5,2,17,0,0,58,0,58,4,6,63,2,75,60,0,60,135
05/23/2022,MHK,KS,ACE,CE,Federal Contract Tower,4,6,21,0,31,0,0,14,4,18,4,6,35,4,49,28,0,28,77
05/24/2022,MHK,KS,ACE,CE,Federal Contract Tower,6,7,1,0,14,0,0,0,0,0,6,7,1,0,14,0,0,0,14
05/25/2022,MHK,KS,ACE,CE,Federal Contract Tower,5,5,6,0,16,0,0,0,0,0,5,5,6,0,16,0,0,0,16
05/26/2022,MHK,KS,ACE,CE,Federal Contract Tower,5,8,13,0,26,0,0,8,0,8,5,8,21,0,34,86,12,98,132
05/27/2022,MHK,KS,ACE,CE,Federal Contract Tower,5,6,9,0,20,0,0,43,0,43,5,6,52,0,63,186,0,186,249
05/28/2022,MHK,KS,ACE,CE,Federal Contract Tower,5,4,3,2,14,0,48,14,0,62,5,52,17,2,76,10,0,10,86
05/29/2022,MHK,KS,ACE,CE,Federal Contract Tower,5,4,3,0,12,0,0,4,0,4,5,4,7,0,16,0,0,0,16
05/30/2022,MHK,KS,ACE,CE,Federal Contract Tower,5,5,4,1,15,0,0,0,0,0,5,5,4,1,15,0,0,0,15
05/31/2022,MHK,KS,ACE,CE,Federal Contract Tower,5,6,7,0,18,0,0,43,4,47,5,6,50,4,65,90,10,100,165
06/01/2022,MHK,KS,ACE,CE,Federal Contract Tower,3,3,11,1,18,0,0,39,24,63,3,3,50,25,81,32,2,34,115
06/02/2022,MHK,KS,ACE,CE,Federal Contract Tower,5,4,4,2,15,0,0,70,3,73,5,4,74,5,88,94,10,104,192
06/03/2022,MHK,KS,ACE,CE,Federal Contract Tower,3,6,8,0,17,0,1,89,2,92,3,7,97,2,109,64,0,64,173
06/04/2022,MHK,KS,ACE,CE,Federal Contract Tower,2,5,7,0,14,0,0,25,0,25,2,5,32,0,39,68,0,68,107
06/05/2022,MHK,KS,ACE,CE,Federal Contract Tower,3,8,26,0,37,0,0,42,0,42,3,8,68,0,79,112,0,112,191
06/06/2022,MHK,KS,ACE,CE,Federal Contract Tower,3,12,16,1,32,0,0,51,3,54,3,12,67,4,86,66,0,66,152
06/07/2022,MHK,KS,ACE,CE,Federal Contract Tower,2,8,27,0,37,0,0,62,14,76,2,8,89,14,113,116,22,138,251
06/08/2022,MHK,KS,ACE,CE,Federal Contract Tower,2,7,12,0,21,0,0,44,4,48,2,7,56,4,69,94,13,107,176
06/09/2022,MHK,KS,ACE,CE,Federal Contract Tower,2,8,11,2,23,0,2,72,10,84,2,10,83,12,107,136,18,154,261
06/10/2022,MHK,KS,ACE,CE,Federal Contract Tower,3,12,2,0,17,0,11,45,0,56,3,23,47,0,73,80,0,80,153
06/11/2022,MHK,KS,ACE,CE,Federal Contract Tower,1,6,5,2,14,0,0,44,0,44,1,6,49,2,58,54,0,54,112
06/12/2022,MHK,KS,ACE,CE,Federal Contract Tower,0,6,0,0,6,0,0,14,0,14,0,6,14,0,20,12,0,12,32
06/13/2022,MHK,KS,ACE,CE,Federal Contract Tower,3,11,2,2,18,0,0,12,0,12,3,11,14,2,30,0,0,0,30
06/14/2022,MHK,KS,ACE,CE,Federal Contract Tower,3,9,2,6,20,0,0,11,0,11,3,9,13,6,31,22,0,22,53
06/15/2022,MHK,KS,ACE,CE,Federal Contract Tower,3,13,3,0,19,0,0,36,7,43,3,13,39,7,62,42,12,54,116
06/16/2022,MHK,KS,ACE,CE,Federal Contract Tower,3,11,3,0,17,0,0,47,0,47,3,11,50,0,64,62,0,62,126
06/17/2022,MHK,KS,ACE,CE,Federal Contract Tower,2,13,11,3,29,0,1,50,0,51,2,14,61,3,80,30,0,30,110
06/18/2022,MHK,KS,ACE,CE,Federal Contract Tower,1,6,1,0,8,0,0,24,0,24,1,6,25,0,32,32,0,32,64
06/19/2022,MHK,KS,ACE,CE,Federal Contract Tower,3,10,2,0,15,0,0,15,0,15,3,10,17,0,30,8,0,8,38
06/20/2022,MHK,KS,ACE,CE,Federal Contract Tower,3,8,7,0,18,0,0,30,0,30,3,8,37,0,48,24,0,24,72
06/21/2022,MHK,KS,ACE,CE,Federal Contract Tower,3,6,5,2,16,0,2,39,6,47,3,8,44,8,63,84,0,84,147
06/22/2022,MHK,KS,ACE,CE,Federal Contract Tower,3,7,14,4,28,0,0,13,8,21,3,7,27,12,49,22,0,22,71
06/23/2022,MHK,KS,ACE,CE,Federal Contract Tower,3,6,12,0,21,0,0,2,0,2,3,6,14,0,23,0,0,0,23
06/24/2022,MHK,KS,ACE,CE,Federal Contract Tower,3,8,12,0,23,0,0,25,0,25,3,8,37,0,48,40,0,40,88
06/25/2022,MHK,KS,ACE,CE,Federal Contract Tower,1,6,2,0,9,0,0,25,0,25,1,6,27,0,34,60,0,60,94
06/26/2022,MHK,KS,ACE,CE,Federal Contract Tower,3,9,9,0,21,0,0,32,0,32,3,9,41,0,53,42,0,42,95
06/27/2022,MHK,KS,ACE,CE,Federal Contract Tower,3,7,9,4,23,0,0,41,2,43,3,7,50,6,66,74,2,76,142
06/28/2022,MHK,KS,ACE,CE,Federal Contract Tower,3,10,9,2,24,0,0,39,7,46,3,10,48,9,70,102,0,102,172
06/29/2022,MHK,KS,ACE,CE,Federal Contract Tower,3,9,7,0,19,0,4,44,7,55,3,13,51,7,74,82,8,90,164
06/30/2022,MHK,KS,ACE,CE,Federal Contract Tower,3,8,4,0,15,0,0,51,5,56,3,8,55,5,71,40,0,40,111
07/01/2022,MHK,KS,ACE,CE,Federal Contract Tower,3,8,2,0,13,0,2,35,0,37,3,10,37,0,50,104,0,104,154
07/02/2022,MHK,KS,ACE,CE,Federal Contract Tower,1,8,4,2,15,0,0,4,0,4,1,8,8,2,19,8,0,8,27
07/03/2022,MHK,KS,ACE,CE,Federal Contract Tower,3,6,2,0,11,0,0,6,0,6,3,6,8,0,17,26,0,26,43
07/04/2022,MHK,KS,ACE,CE,Federal Contract Tower,3,10,1,0,14,0,0,13,0,13,3,10,14,0,27,2,0,2,29
07/05/2022,MHK,KS,ACE,CE,Federal Contract Tower,3,5,2,0,10,0,0,31,3,34,3,5,33,3,44,82,6,88,132
07/06/2022,MHK,KS,ACE,CE,Federal Contract Tower,3,9,4,0,16,0,0,26,2,28,3,9,30,2,44,24,0,24,68
07/07/2022,MHK,KS,ACE,CE,Federal Contract Tower,3,5,3,0,11,0,0,25,1,26,3,5,28,1,37,52,6,58,95
07/08/2022,MHK,KS,ACE,CE,Federal Contract Tower,3,6,6,0,15,0,0,30,0,30,3,6,36,0,45,88,0,88,133
07/09/2022,MHK,KS,ACE,CE,Federal Contract Tower,1,6,6,10,23,0,4,48,0,52,1,10,54,10,75,28,0,28,103
07/10/2022,MHK,KS,ACE,CE,Federal Contract Tower,3,6,4,0,13,0,0,68,0,68,3,6,72,0,81,40,0,40,121
07/11/2022,MHK,KS,ACE,CE,Federal Contract Tower,3,10,2,1,16,0,2,78,9,89,3,12,80,10,105,86,8,94,199
07/12/2022,MHK,KS,ACE,CE,Federal Contract Tower,3,8,3,2,16,0,0,57,4,61,3,8,60,6,77,24,0,24,101
07/13/2022,MHK,KS,ACE,CE,Federal Contract Tower,3,8,8,0,19,0,0,80,2,82,3,8,88,2,101,160,0,160,261
07/14/2022,MHK,KS,ACE,CE,Federal Contract Tower,3,5,8,0,16,0,0,53,4,57,3,5,61,4,73,72,8,80,153
07/15/2022,MHK,KS,ACE,CE,Federal Contract Tower,3,6,4,4,17,0,0,58,2,60,3,6,62,6,77,144,0,144,221
07/16/2022,MHK,KS,ACE,CE,Federal Contract Tower,1,6,6,0,13,0,0,42,0,42,1,6,48,0,55,84,0,84,139
07/17/2022,MHK,KS,ACE,CE,Federal Contract Tower,3,7,6,0,16,0,0,14,0,14,3,7,20,0,30,22,0,22,52
07/18/2022,MHK,KS,ACE,CE,Federal Contract Tower,3,12,5,4,24,0,2,32,10,44,3,14,37,14,68,20,0,20,88
07/19/2022,MHK,KS,ACE,CE,Federal Contract Tower,3,6,4,0,13,0,0,39,2,41,3,6,43,2,54,28,0,28,82
07/20/2022,MHK,KS,ACE,CE,Federal Contract Tower,4,8,5,2,19,0,0,51,2,53,4,8,56,4,72,44,0,44,116
07/21/2022,MHK,KS,ACE,CE,Federal Contract Tower,3,6,7,0,16,0,2,56,4,62,3,8,63,4,78,106,12,118,196
07/22/2022,MHK,KS,ACE,CE,Federal Contract Tower,3,6,4,2,15,0,0,28,0,28,3,6,32,2,43,22,0,22,65
07/23/2022,MHK,KS,ACE,CE,Federal Contract Tower,1,4,3,0,8,0,0,30,0,30,1,4,33,0,38,14,0,14,52
07/24/2022,MHK,KS,ACE,CE,Federal Contract Tower,3,7,4,0,14,0,0,50,0,50,3,7,54,0,64,34,0,34,98
07/25/2022,MHK,KS,ACE,CE,Federal Contract Tower,3,6,15,0,24,0,0,9,6,15,3,6,24,6,39,26,0,26,65
07/26/2022,MHK,KS,ACE,CE,Federal Contract Tower,3,8,6,0,17,0,0,7,7,14,3,8,13,7,31,4,0,4,35
07/27/2022,MHK,KS,ACE,CE,Federal Contract Tower,3,8,9,0,20,0,0,46,13,59,3,8,55,13,79,114,0,114,193
07/28/2022,MHK,KS,ACE,CE,Federal Contract Tower,3,6,8,2,19,0,0,23,0,23,3,6,31,2,42,94,0,94,136
07/29/2022,MHK,KS,ACE,CE,Federal Contract Tower,4,7,14,0,25,0,0,32,4,36,4,7,46,4,61,90,0,90,151
07/30/2022,MHK,KS,ACE,CE,Federal Contract Tower,1,6,9,0,16,0,0,28,0,28,1,6,37,0,44,34,0,34,78
07/31/2022,MHK,KS,ACE,CE,Federal Contract Tower,3,6,2,0,11,0,2,35,0,37,3,8,37,0,48,56,0,56,104
08/01/2022,MHK,KS,ACE,CE,Federal Contract Tower,3,10,9,6,28,0,4,72,2,78,3,14,81,8,106,100,0,100,206
08/02/2022,MHK,KS,ACE,CE,Federal Contract Tower,3,8,5,4,20,0,0,51,0,51,3,8,56,4,71,54,0,54,125
08/03/2022,MHK,KS,ACE,CE,Federal Contract Tower,3,6,6,0,15,0,2,35,6,43,3,8,41,6,58,20,0,20,78
08/04/2022,MHK,KS,ACE,CE,Federal Contract Tower,3,10,13,0,26,0,0,39,4,43,3,10,52,4,69,56,0,56,125
08/05/2022,MHK,KS,ACE,CE,Federal Contract Tower,3,5,2,2,12,0,2,42,6,50,3,7,44,8,62,50,0,50,112
08/06/2022,MHK,KS,ACE,CE,Federal Contract Tower,1,6,3,0,10,0,0,27,0,27,1,6,30,0,37,16,0,16,53
08/07/2022,MHK,KS,ACE,CE,Federal Contract Tower,3,6,5,0,14,0,0,28,0,28,3,6,33,0,42,16,0,16,58
08/08/2022,MHK,KS,ACE,CE,Federal Contract Tower,3,8,12,4,27,0,0,4,0,4,3,8,16,4,31,24,0,24,55
08/09/2022,MHK,KS,ACE,CE,Federal Contract Tower,3,9,3,0,15,0,4,56,4,64,3,13,59,4,79,88,2,90,169
08/10/2022,MHK,KS,ACE,CE,Federal Contract Tower,3,5,7,0,15,0,0,55,2,57,3,5,62,2,72,50,0,50,122
08/11/2022,MHK,KS,ACE,CE,Federal Contract Tower,3,8,3,2,16,0,0,38,4,42,3,8,41,6,58,84,2,86,144
08/12/2022,MHK,KS,ACE,CE,Federal Contract Tower,3,8,1,0,12,0,0,60,0,60,3,8,61,0,72,96,0,96,168
08/13/2022,MHK,KS,ACE,CE,Federal Contract Tower,1,8,2,0,11,0,1,34,0,35,1,9,36,0,46,28,0,28,74
08/14/2022,MHK,KS,ACE,CE,Federal Contract Tower,3,10,5,0,18,0,0,63,6,69,3,10,68,6,87,80,0,80,167
08/15/2022,MHK,KS,ACE,CE,Federal Contract Tower,3,8,0,2,13,0,0,28,10,38,3,8,28,12,51,80,14,94,145
08/16/2022,MHK,KS,ACE,CE,Federal Contract Tower,3,5,11,5,24,0,0,0,2,2,3,5,11,7,26,0,0,0,26
08/17/2022,MHK,KS,ACE,CE,Federal Contract Tower,2,6,13,0,21,0,2,55,8,65,2,8,68,8,86,98,6,104,190
08/18/2022,MHK,KS,ACE,CE,Federal Contract Tower,3,6,7,0,16,0,0,57,11,68,3,6,64,11,84,118,4,122,206
08/19/2022,MHK,KS,ACE,CE,Federal Contract Tower,3,6,6,2,17,0,0,3,0,3,3,6,9,2,20,18,0,18,38
08/20/2022,MHK,KS,ACE,CE,Federal Contract Tower,3,6,6,0,15,0,0,70,0,70,3,6,76,0,85,34,0,34,119
08/21/2022,MHK,KS,ACE,CE,Federal Contract Tower,2,6,7,4,19,0,0,90,0,90,2,6,97,4,109,86,0,86,195
08/22/2022,MHK,KS,ACE,CE,Federal Contract Tower,3,8,15,2,28,0,0,95,8,103,3,8,110,10,131,44,0,44,175
08/23/2022,MHK,KS,ACE,CE,Federal Contract Tower,5,7,17,0,29,0,4,86,2,92,5,11,103,2,121,106,0,106,227
08/24/2022,MHK,KS,ACE,CE,Federal Contract Tower,3,7,19,0,29,0,2,84,2,88,3,9,103,2,117,50,0,50,167
08/25/2022,MHK,KS,ACE,CE,Federal Contract Tower,2,7,2,2,13,0,6,52,6,64,2,13,54,8,77,14,0,14,91
08/26/2022,MHK,KS,ACE,CE,Federal Contract Tower,2,7,17,0,26,0,0,30,0,30,2,7,47,0,56,66,0,66,122
08/27/2022,MHK,KS,ACE,CE,Federal Contract Tower,5,6,5,1,17,0,0,25,0,25,5,6,30,1,42,20,0,20,62
08/28/2022,MHK,KS,ACE,CE,Federal Contract Tower,2,8,8,0,18,0,2,18,0,20,2,10,26,0,38,16,0,16,54
08/29/2022,MHK,KS,ACE,CE,Federal Contract Tower,3,6,0,0,9,0,0,50,8,58,3,6,50,8,67,80,0,80,147
08/30/2022,MHK,KS,ACE,CE,Federal Contract Tower,3,9,2,0,14,0,2,44,8,54,3,11,46,8,68,50,0,50,118
08/31/2022,MHK,KS,ACE,CE,Federal Contract Tower,3,7,4,0,14,0,2,41,11,54,3,9,45,11,68,102,16,118,186
09/01/2022,MHK,KS,ACE,CE,Federal Contract Tower,3,8,12,0,23,0,2,76,4,82,3,10,88,4,105,184,0,184,289
09/02/2022,MHK,KS,ACE,CE,Federal Contract Tower,2,8,14,0,24,0,4,59,0,63,2,12,73,0,87,86,0,86,173
09/03/2022,MHK,KS,ACE,CE,Federal Contract Tower,4,8,7,0,19,0,2,30,0,32,4,10,37,0,51,12,0,12,63
09/04/2022,MHK,KS,ACE,CE,Federal Contract Tower,1,9,8,0,18,0,0,63,0,63,1,9,71,0,81,72,0,72,153
09/05/2022,MHK,KS,ACE,CE,Federal Contract Tower,3,6,14,0,23,0,0,52,0,52,3,6,66,0,75,40,0,40,115
09/06/2022,MHK,KS,ACE,CE,Federal Contract Tower,2,10,6,0,18,0,0,61,2,63,2,10,67,2,81,84,0,84,165
09/07/2022,MHK,KS,ACE,CE,Federal Contract Tower,3,6,16,0,25,0,2,52,6,60,3,8,68,6,85,86,0,86,171
09/08/2022,MHK,KS,ACE,CE,Federal Contract Tower,3,6,7,0,16,0,4,58,13,75,3,10,65,13,91,92,20,112,203
09/09/2022,MHK,KS,ACE,CE,Federal Contract Tower,5,13,17,0,35,0,0,54,0,54,5,13,71,0,89,78,0,78,167
09/10/2022,MHK,KS,ACE,CE,Federal Contract Tower,4,14,36,2,56,0,0,2,0,2,4,14,38,2,58,0,0,0,58
09/11/2022,MHK,KS,ACE,CE,Federal Contract Tower,3,8,14,2,27,0,0,37,0,37,3,8,51,2,64,150,0,150,214
09/12/2022,MHK,KS,ACE,CE,Federal Contract Tower,3,6,7,2,18,0,1,40,6,47,3,7,47,8,65,126,0,126,191
09/13/2022,MHK,KS,ACE,CE,Federal Contract Tower,3,4,9,0,16,0,4,69,8,81,3,8,78,8,97,138,0,138,235
09/14/2022,MHK,KS,ACE,CE,Federal Contract Tower,3,5,8,0,16,0,0,51,1,52,3,5,59,1,68,48,0,48,116
09/15/2022,MHK,KS,ACE,CE,Federal Contract Tower,3,9,6,0,18,0,2,30,2,34,3,11,36,2,52,46,10,56,108
09/16/2022,MHK,KS,ACE,CE,Federal Contract Tower,4,7,9,0,20,0,0,32,0,32,4,7,41,0,52,38,0,38,90
09/17/2022,MHK,KS,ACE,CE,Federal Contract Tower,4,9,17,0,30,0,0,32,0,32,4,9,49,0,62,28,0,28,90
09/18/2022,MHK,KS,ACE,CE,Federal Contract Tower,2,8,6,0,16,0,0,32,0,32,2,8,38,0,48,2,0,2,50
09/19/2022,MHK,KS,ACE,CE,Federal Contract Tower,2,8,3,0,13,0,2,34,2,38,2,10,37,2,51,76,26,102,153
09/20/2022,MHK,KS,ACE,CE,Federal Contract Tower,2,6,2,2,12,0,0,32,4,36,2,6,34,6,48,36,4,40,88
09/21/2022,MHK,KS,ACE,CE,Federal Contract Tower,2,7,5,0,14,0,0,40,2,42,2,7,45,2,56,22,0,22,78
09/22/2022,MHK,KS,ACE,CE,Federal Contract Tower,3,5,8,2,18,0,0,51,2,53,3,5,59,4,71,90,0,90,161
09/23/2022,MHK,KS,ACE,CE,Federal Contract Tower,5,8,16,0,29,0,0,37,0,37,5,8,53,0,66,32,0,32,98
09/24/2022,MHK,KS,ACE,CE,Federal Contract Tower,3,5,5,2,15,0,4,42,0,46,3,9,47,2,61,102,0,102,163
09/25/2022,MHK,KS,ACE,CE,Federal Contract Tower,3,8,6,0,17,0,0,35,4,39,3,8,41,4,56,22,0,22,78
09/26/2022,MHK,KS,ACE,CE,Federal Contract Tower,4,8,13,0,25,0,2,55,0,57,4,10,68,0,82,90,0,90,172
09/27/2022,MHK,KS,ACE,CE,Federal Contract Tower,4,6,7,0,17,0,0,63,8,71,4,6,70,8,88,122,8,130,218
09/28/2022,MHK,KS,ACE,CE,Federal Contract Tower,2,12,9,2,25,0,2,37,1,40,2,14,46,3,65,94,0,94,159
09/30/2022,MHK,KS,ACE,CE,Federal Contract Tower,7,13,21,0,41,0,0,45,0,45,7,13,66,0,86,136,0,136,222
10/01/2022,MHK,KS,ACE,CE,Federal Contract Tower,5,12,31,2,50,0,0,49,0,49,5,12,80,2,99,50,0,50,149
10/02/2022,MHK,KS,ACE,CE,Federal Contract Tower,3,10,12,0,25,0,0,51,0,51,3,10,63,0,76,10,0,10,86
10/03/2022,MHK,KS,ACE,CE,Federal Contract Tower,3,6,3,3,15,0,0,35,5,40,3,6,38,8,55,32,0,32,87
10/04/2022,MHK,KS,ACE,CE,Federal Contract Tower,2,6,8,0,16,0,0,59,2,61,2,6,67,2,77,104,8,112,189
10/05/2022,MHK,KS,ACE,CE,Federal Contract Tower,3,6,7,0,16,0,5,72,6,83,3,11,79,6,99,94,0,94,193
10/06/2022,MHK,KS,ACE,CE,Federal Contract Tower,2,5,10,0,17,0,2,87,4,93,2,7,97,4,110,72,0,72,182
10/07/2022,MHK,KS,ACE,CE,Federal Contract Tower,5,6,6,2,19,0,0,51,0,51,5,6,57,2,70,38,0,38,108
10/08/2022,MHK,KS,ACE,CE,Federal Contract Tower,3,4,8,0,15,0,4,59,0,63,3,8,67,0,78,92,0,92,170
10/09/2022,MHK,KS,ACE,CE,Federal Contract Tower,3,11,2,0,16,0,0,55,0,55,3,11,57,0,71,60,0,60,131
10/10/2022,MHK,KS,ACE,CE,Federal Contract Tower,2,5,10,0,17,0,2,58,0,60,2,7,68,0,77,92,0,92,169
10/11/2022,MHK,KS,ACE,CE,Federal Contract Tower,2,8,12,0,22,0,0,17,11,28,2,8,29,11,50,8,0,8,58
10/12/2022,MHK,KS,ACE,CE,Federal Contract Tower,3,8,1,0,12,0,2,60,2,64,3,10,61,2,76,34,2,36,112
10/13/2022,MHK,KS,ACE,CE,Federal Contract Tower,2,8,3,0,13,0,0,40,8,48,2,8,43,8,61,58,38,96,157
10/14/2022,MHK,KS,ACE,CE,Federal Contract Tower,3,7,4,0,14,0,2,61,5,68,3,9,65,5,82,108,0,108,190
10/15/2022,MHK,KS,ACE,CE,Federal Contract Tower,2,4,2,2,10,0,0,92,2,94,2,4,94,4,104,78,0,78,182
10/16/2022,MHK,KS,ACE,CE,Federal Contract Tower,3,4,4,0,11,0,2,40,0,42,3,6,44,0,53,6,0,6,59
10/17/2022,MHK,KS,ACE,CE,Federal Contract Tower,4,4,5,0,13,0,0,54,4,58,4,4,59,4,71,60,0,60,131
10/18/2022,MHK,KS,ACE,CE,Federal Contract Tower,3,7,12,0,22,0,0,40,4,44,3,7,52,4,66,42,6,48,114
10/19/2022,MHK,KS,ACE,CE,Federal Contract Tower,3,5,13,4,25,0,0,70,2,72,3,5,83,6,97,46,0,46,143
10/20/2022,MHK,KS,ACE,CE,Federal Contract Tower,3,7,11,0,21,0,2,49,2,53,3,9,60,2,74,90,0,90,164
10/21/2022,MHK,KS,ACE,CE,Federal Contract Tower,5,6,15,0,26,0,0,53,0,53,5,6,68,0,79,52,0,52,131
10/22/2022,MHK,KS,ACE,CE,Federal Contract Tower,4,6,4,0,14,0,0,28,0,28,4,6,32,0,42,8,0,8,50
10/23/2022,MHK,KS,ACE,CE,Federal Contract Tower,2,4,9,0,15,0,0,6,0,6,2,4,15,0,21,0,0,0,21
10/24/2022,MHK,KS,ACE,CE,Federal Contract Tower,2,5,8,4,19,0,0,6,2,8,2,5,14,6,27,16,0,16,43
10/25/2022,MHK,KS,ACE,CE,Federal Contract Tower,3,5,7,1,16,0,2,49,2,53,3,7,56,3,69,28,0,28,97
10/26/2022,MHK,KS,ACE,CE,Federal Contract Tower,3,8,7,1,19,0,0,52,6,58,3,8,59,7,77,164,0,164,241
10/27/2022,MHK,KS,ACE,CE,Federal Contract Tower,3,4,15,0,22,0,2,29,0,31,3,6,44,0,53,18,0,18,71
10/28/2022,MHK,KS,ACE,CE,Federal Contract Tower,3,15,11,4,33,0,2,46,2,50,3,17,57,6,83,78,4,82,165
10/29/2022,MHK,KS,ACE,CE,Federal Contract Tower,6,11,41,0,58,0,0,66,0,66,6,11,107,0,124,6,0,6,130
10/30/2022,MHK,KS,ACE,CE,Federal Contract Tower,2,6,11,0,19,0,0,28,0,28,2,6,39,0,47,0,0,0,47
10/31/2022,MHK,KS,ACE,CE,Federal Contract Tower,3,6,1,2,12,0,4,48,17,69,3,10,49,19,81,16,0,16,97
11/01/2022,MHK,KS,ACE,CE,Federal Contract Tower,3,5,10,0,18,0,4,47,8,59,3,9,57,8,77,62,6,68,145
11/02/2022,MHK,KS,ACE,CE,Federal Contract Tower,3,5,9,0,17,0,0,24,0,24,3,5,33,0,41,30,0,30,71
11/03/2022,MHK,KS,ACE,CE,Federal Contract Tower,5,7,13,0,25,0,0,5,4,9,5,7,18,4,34,0,0,0,34
11/04/2022,MHK,KS,ACE,CE,Federal Contract Tower,7,7,0,0,14,0,0,0,0,0,7,7,0,0,14,0,0,0,14
11/05/2022,MHK,KS,ACE,CE,Federal Contract Tower,5,9,14,0,28,0,0,66,1,67,5,9,80,1,95,20,0,20,115
11/06/2022,MHK,KS,ACE,CE,Federal Contract Tower,5,4,5,0,14,0,0,54,1,55,5,4,59,1,69,26,0,26,95
11/07/2022,MHK,KS,ACE,CE,Federal Contract Tower,5,9,7,0,21,0,2,67,12,81,5,11,74,12,102,18,0,18,120
11/08/2022,MHK,KS,ACE,CE,Federal Contract Tower,6,4,20,0,30,0,0,2,0,2,6,4,22,0,32,12,0,12,44
11/09/2022,MHK,KS,ACE,CE,Federal Contract Tower,5,7,9,0,21,0,0,4,2,6,5,7,13,2,27,0,0,0,27
11/10/2022,MHK,KS,ACE,CE,Federal Contract Tower,6,8,4,0,18,0,0,29,0,29,6,8,33,0,47,32,0,32,79
11/11/2022,MHK,KS,ACE,CE,Federal Contract Tower,8,2,12,0,22,0,0,0,0,0,8,2,12,0,22,54,0,54,76
11/12/2022,MHK,KS,ACE,CE,Federal Contract Tower,6,7,8,0,21,0,2,17,6,25,6,9,25,6,46,14,10,24,70
11/13/2022,MHK,KS,ACE,CE,Federal Contract Tower,6,4,7,0,17,0,0,49,0,49,6,4,56,0,66,0,0,0,66
11/14/2022,MHK,KS,ACE,CE,Federal Contract Tower,5,6,7,0,18,0,0,14,2,16,5,6,21,2,34,72,0,72,106
11/15/2022,MHK,KS,ACE,CE,Federal Contract Tower,6,6,3,0,15,0,2,39,8,49,6,8,42,8,64,42,0,42,106
11/16/2022,MHK,KS,ACE,CE,Federal Contract Tower,5,5,18,0,28,0,4,53,14,71,5,9,71,14,99,18,0,18,117
11/17/2022,MHK,KS,ACE,CE,Federal Contract Tower,6,3,5,0,14,0,0,57,3,60,6,3,62,3,74,18,0,18,92
11/18/2022,MHK,KS,ACE,CE,Federal Contract Tower,7,5,11,6,29,0,0,29,10,39,7,5,40,16,68,4,0,4,72
11/19/2022,MHK,KS,ACE,CE,Federal Contract Tower,6,3,7,0,16,0,2,28,0,30,6,5,35,0,46,60,0,60,106
11/20/2022,MHK,KS,ACE,CE,Federal Contract Tower,5,2,4,0,11,0,0,18,0,18,5,2,22,0,29,20,0,20,49
11/21/2022,MHK,KS,ACE,CE,Federal Contract Tower,5,5,7,0,17,0,0,53,2,55,5,5,60,2,72,73,8,81,153
11/22/2022,MHK,KS,ACE,CE,Federal Contract Tower,7,4,14,1,26,0,2,39,3,44,7,6,53,4,70,18,4,22,92
11/23/2022,MHK,KS,ACE,CE,Federal Contract Tower,7,4,4,0,15,0,0,19,2,21,7,4,23,2,36,2,0,2,38
11/25/2022,MHK,KS,ACE,CE,Federal Contract Tower,7,3,3,0,13,0,0,22,0,22,7,3,25,0,35,28,0,28,63
11/26/2022,MHK,KS,ACE,CE,Federal Contract Tower,5,8,14,0,27,0,0,13,0,13,5,8,27,0,40,18,0,18,58
11/27/2022,MHK,KS,ACE,CE,Federal Contract Tower,7,4,16,0,27,0,0,19,0,19,7,4,35,0,46,10,0,10,56
11/28/2022,MHK,KS,ACE,CE,Federal Contract Tower,5,2,0,0,7,0,0,39,6,45,5,2,39,6,52,0,30,30,82
11/29/2022,MHK,KS,ACE,CE,Federal Contract Tower,9,5,1,0,15,0,0,4,10,14,9,5,5,10,29,4,8,12,41
11/30/2022,MHK,KS,ACE,CE,Federal Contract Tower,9,0,4,0,13,0,2,67,4,73,9,2,71,4,86,12,2,14,100
12/01/2022,MHK,KS,ACE,CE,Federal Contract Tower,8,3,4,0,15,0,2,15,0,17,8,5,19,0,32,0,0,0,32
12/02/2022,MHK,KS,ACE,CE,Federal Contract Tower,8,2,5,2,17,0,0,10,0,10,8,2,15,2,27,6,0,6,33
12/03/2022,MHK,KS,ACE,CE,Federal Contract Tower,8,4,11,4,27,0,1,48,0,49,8,5,59,4,76,80,0,80,156
12/04/2022,MHK,KS,ACE,CE,Federal Contract Tower,6,7,12,0,25,0,0,36,0,36,6,7,48,0,61,50,0,50,111
12/05/2022,MHK,KS,ACE,CE,Federal Contract Tower,6,5,8,1,20,0,4,47,10,61,6,9,55,11,81,94,24,118,199
12/06/2022,MHK,KS,ACE,CE,Federal Contract Tower,6,6,4,1,17,0,0,27,15,42,6,6,31,16,59,75,6,81,140
12/07/2022,MHK,KS,ACE,CE,Federal Contract Tower,8,2,3,0,13,0,0,18,7,25,8,2,21,7,38,28,20,48,86
12/08/2022,MHK,KS,ACE,CE,Federal Contract Tower,4,0,4,0,8,0,0,0,0,0,4,0,4,0,8,0,0,0,8
12/09/2022,MHK,KS,ACE,CE,Federal Contract Tower,8,3,11,1,23,0,0,0,1,1,8,3,11,2,24,0,0,0,24
12/10/2022,MHK,KS,ACE,CE,Federal Contract Tower,7,8,5,2,22,0,3,23,0,26,7,11,28,2,48,54,0,54,102
12/11/2022,MHK,KS,ACE,CE,Federal Contract Tower,7,1,10,0,18,0,0,27,0,27,7,1,37,0,45,12,0,12,57
12/12/2022,MHK,KS,ACE,CE,Federal Contract Tower,8,0,6,0,14,0,0,0,0,0,8,0,6,0,14,0,0,0,14
12/13/2022,MHK,KS,ACE,CE,Federal Contract Tower,8,1,13,0,22,0,0,4,9,13,8,1,17,9,35,0,12,12,47
12/14/2022,MHK,KS,ACE,CE,Federal Contract Tower,7,3,2,0,12,0,2,74,4,80,7,5,76,4,92,32,6,38,130
12/15/2022,MHK,KS,ACE,CE,Federal Contract Tower,6,8,2,0,16,0,0,26,4,30,6,8,28,4,46,0,6,6,52
12/16/2022,MHK,KS,ACE,CE,Federal Contract Tower,5,5,2,0,12,0,2,9,2,13,5,7,11,2,25,20,0,20,45
12/17/2022,MHK,KS,ACE,CE,Federal Contract Tower,5,4,3,2,14,0,0,32,0,32,5,4,35,2,46,8,0,8,54
12/18/2022,MHK,KS,ACE,CE,Federal Contract Tower,4,4,8,0,16,0,0,48,0,48,4,4,56,0,64,68,0,68,132
12/19/2022,MHK,KS,ACE,CE,Federal Contract Tower,4,7,7,0,18,0,0,12,0,12,4,7,19,0,30,20,0,20,50
12/20/2022,MHK,KS,ACE,CE,Federal Contract Tower,4,4,4,0,12,0,0,3,0,3,4,4,7,0,15,20,0,20,35
12/23/2022,MHK,KS,ACE,CE,Federal Contract Tower,5,4,0,0,9,0,0,2,0,2,5,4,2,0,11,0,0,0,11
12/24/2022,MHK,KS,ACE,CE,Federal Contract Tower,4,3,0,0,7,0,2,6,0,8,4,5,6,0,15,4,0,4,19
12/25/2022,MHK,KS,ACE,CE,Federal Contract Tower,2,3,0,0,5,0,0,2,0,2,2,3,2,0,7,0,0,0,7
12/26/2022,MHK,KS,ACE,CE,Federal Contract Tower,9,4,4,0,17,0,0,4,0,4,9,4,8,0,21,6,0,6,27
12/27/2022,MHK,KS,ACE,CE,Federal Contract Tower,4,4,3,0,11,0,0,17,0,17,4,4,20,0,28,20,0,20,48
12/28/2022,MHK,KS,ACE,CE,Federal Contract Tower,5,4,1,0,10,0,0,26,0,26,5,4,27,0,36,30,0,30,66
12/29/2022,MHK,KS,ACE,CE,Federal Contract Tower,9,8,7,0,24,0,0,16,5,21,9,8,23,5,45,30,0,30,75
12/30/2022,MHK,KS,ACE,CE,Federal Contract Tower,9,5,5,4,23,0,0,22,0,22,9,5,27,4,45,60,0,60,105
12/31/2022,MHK,KS,ACE,CE,Federal Contract Tower,6,6,2,0,14,0,0,22,0,22,6,6,24,0,36,46,0,46,82
01/01/2023,MHK,KS,ACE,CE,Federal Contract Tower,11,6,1,0,18,0,0,12,0,12,11,6,13,0,30,36,0,36,66
01/02/2023,MHK,KS,ACE,CE,Federal Contract Tower,8,5,2,0,15,0,0,0,0,0,8,5,2,0,15,0,0,0,15
01/03/2023,MHK,KS,ACE,CE,Federal Contract Tower,5,4,4,0,13,0,0,3,0,3,5,4,7,0,16,28,0,28,44
01/04/2023,MHK,KS,ACE,CE,Federal Contract Tower,6,4,8,0,18,0,0,63,7,70,6,4,71,7,88,106,0,106,194
01/05/2023,MHK,KS,ACE,CE,Federal Contract Tower,4,4,3,0,11,0,0,42,10,52,4,4,45,10,63,82,0,82,145
01/06/2023,MHK,KS,ACE,CE,Federal Contract Tower,7,7,6,5,25,0,0,46,4,50,7,7,52,9,75,96,0,96,171
01/07/2023,MHK,KS,ACE,CE,Federal Contract Tower,6,8,5,0,19,0,0,47,8,55,6,8,52,8,74,42,0,42,116
01/08/2023,MHK,KS,ACE,CE,Federal Contract Tower,5,6,0,0,11,0,0,37,0,37,5,6,37,0,48,104,0,104,152
01/09/2023,MHK,KS,ACE,CE,Federal Contract Tower,5,5,11,0,21,0,0,59,2,61,5,5,70,2,82,94,0,94,176
01/10/2023,MHK,KS,ACE,CE,Federal Contract Tower,2,5,11,0,18,0,0,38,2,40,2,5,49,2,58,110,12,122,180
01/11/2023,MHK,KS,ACE,CE,Federal Contract Tower,3,2,9,0,14,0,2,55,4,61,3,4,64,4,75,70,0,70,145
01/12/2023,MHK,KS,ACE,CE,Federal Contract Tower,5,6,8,0,19,0,0,17,4,21,5,6,25,4,40,36,4,40,80
01/13/2023,MHK,KS,ACE,CE,Federal Contract Tower,6,4,9,2,21,0,0,38,0,38,6,4,47,2,59,98,0,98,157
01/14/2023,MHK,KS,ACE,CE,Federal Contract Tower,6,5,3,0,14,0,1,31,0,32,6,6,34,0,46,42,0,42,88
01/15/2023,MHK,KS,ACE,CE,Federal Contract Tower,1,2,4,0,7,0,0,23,0,23,1,2,27,0,30,24,0,24,54
01/16/2023,MHK,KS,ACE,CE,Federal Contract Tower,3,5,9,0,17,0,4,37,4,45,3,9,46,4,62,42,0,42,104
01/17/2023,MHK,KS,ACE,CE,Federal Contract Tower,4,6,19,2,31,0,0,30,10,40,4,6,49,12,71,82,20,102,173
01/18/2023,MHK,KS,ACE,CE,Federal Contract Tower,3,5,11,0,19,0,0,0,0,0,3,5,11,0,19,0,0,0,19
01/19/2023,MHK,KS,ACE,CE,Federal Contract Tower,3,5,12,0,20,0,0,23,6,29,3,5,35,6,49,134,18,152,201
01/20/2023,MHK,KS,ACE,CE,Federal Contract Tower,4,5,10,0,19,0,2,69,10,81,4,7,79,10,100,84,6,90,190
01/21/2023,MHK,KS,ACE,CE,Federal Contract Tower,4,4,1,0,9,0,0,0,0,0,4,4,1,0,9,0,0,0,9
01/22/2023,MHK,KS,ACE,CE,Federal Contract Tower,3,4,1,0,8,0,0,3,0,3,3,4,4,0,11,6,0,6,17
01/23/2023,MHK,KS,ACE,CE,Federal Contract Tower,5,4,12,0,21,0,6,90,0,96,5,10,102,0,117,80,0,80,197
01/24/2023,MHK,KS,ACE,CE,Federal Contract Tower,3,4,0,0,7,0,0,59,2,61,3,4,59,2,68,54,0,54,122
01/25/2023,MHK,KS,ACE,CE,Federal Contract Tower,4,3,2,0,9,0,0,26,0,26,4,3,28,0,35,14,0,14,49
01/26/2023,MHK,KS,ACE,CE,Federal Contract Tower,4,6,10,0,20,0,0,54,0,54,4,6,64,0,74,50,0,50,124
01/27/2023,MHK,KS,ACE,CE,Federal Contract Tower,4,5,7,0,16,0,0,80,13,93,4,5,87,13,109,64,0,64,173
01/28/2023,MHK,KS,ACE,CE,Federal Contract Tower,5,6,1,0,12,0,0,34,0,34,5,6,35,0,46,42,0,42,88
01/29/2023,MHK,KS,ACE,CE,Federal Contract Tower,3,7,1,2,13,0,0,29,0,29,3,7,30,2,42,8,0,8,50
01/30/2023,MHK,KS,ACE,CE,Federal Contract Tower,1,3,3,0,7,0,4,19,12,35,1,7,22,12,42,20,0,20,62
01/31/2023,MHK,KS,ACE,CE,Federal Contract Tower,0,6,7,0,13,0,6,36,7,49,0,12,43,7,62,38,0,38,100
02/01/2023,MHK,KS,ACE,CE,Federal Contract Tower,1,6,3,0,10,0,6,58,4,68,1,12,61,4,78,44,32,76,154
02/02/2023,MHK,KS,ACE,CE,Federal Contract Tower,3,5,3,0,11,0,4,44,4,52,3,9,47,4,63,50,6,56,119
02/03/2023,MHK,KS,ACE,CE,Federal Contract Tower,6,5,6,0,17,0,2,44,2,48,6,7,50,2,65,34,0,34,99
02/04/2023,MHK,KS,ACE,CE,Federal Contract Tower,7,6,6,0,19,0,2,29,0,31,7,8,35,0,50,16,0,16,66
02/05/2023,MHK,KS,ACE,CE,Federal Contract Tower,6,2,2,0,10,0,2,68,0,70,6,4,70,0,80,132,0,132,212
02/06/2023,MHK,KS,ACE,CE,Federal Contract Tower,8,3,1,0,12,0,0,22,0,22,8,3,23,0,34,8,0,8,42
02/07/2023,MHK,KS,ACE,CE,Federal Contract Tower,5,5,8,0,18,0,8,62,0,70,5,13,70,0,88,82,0,82,170
02/08/2023,MHK,KS,ACE,CE,Federal Contract Tower,5,6,6,0,17,0,0,46,0,46,5,6,52,0,63,156,0,156,219
02/09/2023,MHK,KS,ACE,CE,Federal Contract Tower,6,6,5,0,17,0,0,17,7,24,6,6,22,7,41,6,0,6,47
02/10/2023,MHK,KS,ACE,CE,Federal Contract Tower,6,8,3,2,19,0,3,54,0,57,6,11,57,2,76,68,0,68,144
02/11/2023,MHK,KS,ACE,CE,Federal Contract Tower,5,4,5,0,14,0,0,49,0,49,5,4,54,0,63,118,0,118,181
02/12/2023,MHK,KS,ACE,CE,Federal Contract Tower,6,3,4,0,13,0,6,41,0,47,6,9,45,0,60,94,0,94,154
02/13/2023,MHK,KS,ACE,CE,Federal Contract Tower,6,3,5,1,15,0,0,66,11,77,6,3,71,12,92,86,0,86,178
02/14/2023,MHK,KS,ACE,CE,Federal Contract Tower,7,5,2,0,14,0,0,4,11,15,7,5,6,11,29,0,10,10,39
02/15/2023,MHK,KS,ACE,CE,Federal Contract Tower,5,3,1,0,9,0,0,4,5,9,5,3,5,5,18,56,0,56,74
02/16/2023,MHK,KS,ACE,CE,Federal Contract Tower,5,3,8,0,16,0,0,0,0,0,5,3,8,0,16,0,0,0,16
02/17/2023,MHK,KS,ACE,CE,Federal Contract Tower,7,4,7,2,20,0,0,53,3,56,7,4,60,5,76,78,0,78,154
02/18/2023,MHK,KS,ACE,CE,Federal Contract Tower,4,1,12,0,17,0,0,16,0,16,4,1,28,0,33,18,0,18,51
02/19/2023,MHK,KS,ACE,CE,Federal Contract Tower,5,5,8,0,18,0,2,84,0,86,5,7,92,0,104,150,0,150,254
02/20/2023,MHK,KS,ACE,CE,Federal Contract Tower,6,5,10,0,21,0,0,70,0,70,6,5,80,0,91,124,0,124,215
02/21/2023,MHK,KS,ACE,CE,Federal Contract Tower,7,5,10,1,23,0,0,50,19,69,7,5,60,20,92,28,24,52,144
02/22/2023,MHK,KS,ACE,CE,Federal Contract Tower,5,8,6,0,19,0,0,18,11,29,5,8,24,11,48,198,24,222,270
02/23/2023,MHK,KS,ACE,CE,Federal Contract Tower,5,5,7,0,17,0,8,31,3,42,5,13,38,3,59,24,16,40,99
02/24/2023,MHK,KS,ACE,CE,Federal Contract Tower,8,4,9,0,21,0,0,36,0,36,8,4,45,0,57,26,0,26,83
02/25/2023,MHK,KS,ACE,CE,Federal Contract Tower,7,3,3,0,13,0,0,60,0,60,7,3,63,0,73,84,0,84,157
02/26/2023,MHK,KS,ACE,CE,Federal Contract Tower,6,4,4,2,16,0,0,9,0,9,6,4,13,2,25,8,0,8,33
02/27/2023,MHK,KS,ACE,CE,Federal Contract Tower,6,5,4,1,16,0,0,25,7,32,6,5,29,8,48,56,6,62,110
02/28/2023,MHK,KS,ACE,CE,Federal Contract Tower,5,4,2,0,11,0,4,78,6,88,5,8,80,6,99,134,14,148,247
03/01/2023,MHK,KS,ACE,CE,Federal Contract Tower,4,7,7,1,19,0,0,70,10,80,4,7,77,11,99,179,0,179,278
03/02/2023,MHK,KS,ACE,CE,Federal Contract Tower,5,3,4,2,14,0,0,29,2,31,5,3,33,4,45,38,2,40,85
03/03/2023,MHK,KS,ACE,CE,Federal Contract Tower,9,5,2,0,16,0,4,32,3,39,9,9,34,3,55,114,0,114,169
03/04/2023,MHK,KS,ACE,CE,Federal Contract Tower,6,3,1,0,10,0,0,40,2,42,6,3,41,2,52,64,0,64,116
03/05/2023,MHK,KS,ACE,CE,Federal Contract Tower,6,2,7,0,15,0,2,27,0,29,6,4,34,0,44,32,0,32,76
03/06/2023,MHK,KS,ACE,CE,Federal Contract Tower,5,3,18,0,26,0,2,41,0,43,5,5,59,0,69,68,0,68,137
03/07/2023,MHK,KS,ACE,CE,Federal Contract Tower,4,8,6,0,18,0,0,43,8,51,4,8,49,8,69,26,24,50,119
03/08/2023,MHK,KS,ACE,CE,Federal Contract Tower,3,5,2,3,13,0,0,1,0,1,3,5,3,3,14,0,0,0,14
03/09/2023,MHK,KS,ACE,CE,Federal Contract Tower,4,5,12,0,21,0,0,3,1,4,4,5,15,1,25,20,24,44,69
03/10/2023,MHK,KS,ACE,CE,Federal Contract Tower,5,4,9,4,22,0,0,42,4,46,5,4,51,8,68,210,0,210,278
03/11/2023,MHK,KS,ACE,CE,Federal Contract Tower,3,4,0,0,7,0,0,0,1,1,3,4,0,1,8,0,0,0,8
03/12/2023,MHK,KS,ACE,CE,Federal Contract Tower,7,5,2,0,14,0,0,81,1,82,7,5,83,1,96,78,0,78,174
03/13/2023,MHK,KS,ACE,CE,Federal Contract Tower,3,5,1,0,9,0,6,66,6,78,3,11,67,6,87,66,0,66,153
03/14/2023,MHK,KS,ACE,CE,Federal Contract Tower,3,5,5,0,13,0,6,83,0,89,3,11,88,0,102,28,0,28,130
03/15/2023,MHK,KS,ACE,CE,Federal Contract Tower,4,8,7,4,23,0,0,8,2,10,4,8,15,6,33,0,0,0,33
03/16/2023,MHK,KS,ACE,CE,Federal Contract Tower,3,0,0,2,5,0,0,0,2,2,3,0,0,4,7,0,0,0,7
03/17/2023,MHK,KS,ACE,CE,Federal Contract Tower,5,5,2,2,14,0,0,41,3,44,5,5,43,5,58,8,0,8,66
03/18/2023,MHK,KS,ACE,CE,Federal Contract Tower,3,4,3,0,10,0,1,23,0,24,3,5,26,0,34,16,0,16,50
03/19/2023,MHK,KS,ACE,CE,Federal Contract Tower,6,7,10,0,23,0,0,59,0,59,6,7,69,0,82,34,0,34,116
03/20/2023,MHK,KS,ACE,CE,Federal Contract Tower,5,9,6,0,20,0,2,27,2,31,5,11,33,2,51,8,0,8,59
03/21/2023,MHK,KS,ACE,CE,Federal Contract Tower,5,5,29,8,47,0,0,1,0,1,5,5,30,8,48,0,0,0,48
03/22/2023,MHK,KS,ACE,CE,Federal Contract Tower,3,6,16,8,33,0,0,0,0,0,3,6,16,8,33,0,0,0,33
03/23/2023,MHK,KS,ACE,CE,Federal Contract Tower,7,9,14,1,31,0,0,25,6,31,7,9,39,7,62,160,26,186,248
03/24/2023,MHK,KS,ACE,CE,Federal Contract Tower,4,3,6,2,15,0,0,38,1,39,4,3,44,3,54,224,0,224,278
03/25/2023,MHK,KS,ACE,CE,Federal Contract Tower,3,6,2,0,11,0,0,32,2,34,3,6,34,2,45,76,0,76,121
03/26/2023,MHK,KS,ACE,CE,Federal Contract Tower,9,3,3,2,17,0,0,13,0,13,9,3,16,2,30,10,0,10,40
03/27/2023,MHK,KS,ACE,CE,Federal Contract Tower,5,3,4,4,16,0,2,33,8,43,5,5,37,12,59,52,0,52,111
03/28/2023,MHK,KS,ACE,CE,Federal Contract Tower,3,4,0,0,7,0,2,21,0,23,3,6,21,0,30,46,0,46,76
03/29/2023,MHK,KS,ACE,CE,Federal Contract Tower,0,0,0,0,0,0,0,12,2,14,0,0,12,2,14,0,0,0,14
03/30/2023,MHK,KS,ACE,CE,Federal Contract Tower,0,0,0,0,0,0,0,0,2,2,0,0,0,2,2,0,0,0,2
03/31/2023,MHK,KS,ACE,CE,Federal Contract Tower,4,1,12,0,17,0,0,7,0,7,4,1,19,0,24,6,0,6,30
04/01/2023,MHK,KS,ACE,CE,Federal Contract Tower,3,4,8,0,15,0,0,47,5,52,3,4,55,5,67,102,0,102,169
04/02/2023,MHK,KS,ACE,CE,Federal Contract Tower,5,3,0,0,8,0,0,54,8,62,5,3,54,8,70,150,0,150,220
04/03/2023,MHK,KS,ACE,CE,Federal Contract Tower,5,4,19,0,28,0,2,15,12,29,5,6,34,12,57,48,0,48,105
04/04/2023,MHK,KS,ACE,CE,Federal Contract Tower,3,4,2,0,9,0,2,22,4,28,3,6,24,4,37,8,0,8,45
04/05/2023,MHK,KS,ACE,CE,Federal Contract Tower,5,4,3,0,12,0,0,0,0,0,5,4,3,0,12,58,0,58,70
04/06/2023,MHK,KS,ACE,CE,Federal Contract Tower,5,6,4,0,15,0,0,41,0,41,5,6,45,0,56,206,0,206,262
04/07/2023,MHK,KS,ACE,CE,Federal Contract Tower,5,6,9,2,22,0,0,33,0,33,5,6,42,2,55,42,0,42,97
04/08/2023,MHK,KS,ACE,CE,Federal Contract Tower,4,2,9,0,15,0,0,37,0,37,4,2,46,0,52,234,0,234,286
04/09/2023,MHK,KS,ACE,CE,Federal Contract Tower,3,4,4,0,11,0,0,22,0,22,3,4,26,0,33,18,0,18,51
04/10/2023,MHK,KS,ACE,CE,Federal Contract Tower,5,6,6,0,17,0,0,57,0,57,5,6,63,0,74,134,0,134,208
04/11/2023,MHK,KS,ACE,CE,Federal Contract Tower,3,4,5,0,12,0,0,99,0,99,3,4,104,0,111,170,0,170,281
04/12/2023,MHK,KS,ACE,CE,Federal Contract Tower,5,4,8,2,19,0,0,42,4,46,5,4,50,6,65,60,2,62,127
04/13/2023,MHK,KS,ACE,CE,Federal Contract Tower,4,4,2,0,10,0,0,19,2,21,4,4,21,2,31,38,18,56,87
04/14/2023,MHK,KS,ACE,CE,Federal Contract Tower,5,4,5,2,16,0,0,10,0,10,5,4,15,2,26,10,0,10,36
04/15/2023,MHK,KS,ACE,CE,Federal Contract Tower,5,6,8,0,19,0,0,3,0,3,5,6,11,0,22,4,0,4,26
04/16/2023,MHK,KS,ACE,CE,Federal Contract Tower,5,4,9,0,18,0,0,8,0,8,5,4,17,0,26,0,0,0,26
04/17/2023,MHK,KS,ACE,CE,Federal Contract Tower,5,5,9,0,19,0,0,62,4,66,5,5,71,4,85,130,0,130,215
04/18/2023,MHK,KS,ACE,CE,Federal Contract Tower,3,5,2,0,10,0,4,51,0,55,3,9,53,0,65,98,0,98,163
04/19/2023,MHK,KS,ACE,CE,Federal Contract Tower,6,5,7,0,18,0,2,32,2,36,6,7,39,2,54,108,0,108,162
04/20/2023,MHK,KS,ACE,CE,Federal Contract Tower,5,3,7,0,15,0,2,35,2,39,5,5,42,2,54,96,0,96,150
04/21/2023,MHK,KS,ACE,CE,Federal Contract Tower,4,6,7,1,18,0,0,32,0,32,4,6,39,1,50,90,20,110,160
04/22/2023,MHK,KS,ACE,CE,Federal Contract Tower,5,4,8,4,21,0,0,20,0,20,5,4,28,4,41,40,0,40,81
04/23/2023,MHK,KS,ACE,CE,Federal Contract Tower,5,5,7,0,17,0,0,110,0,110,5,5,117,0,127,116,0,116,243
04/24/2023,MHK,KS,ACE,CE,Federal Contract Tower,5,4,4,0,13,0,0,68,0,68,5,4,72,0,81,140,0,140,221
04/25/2023,MHK,KS,ACE,CE,Federal Contract Tower,3,4,14,0,21,0,0,54,2,56,3,4,68,2,77,150,2,152,229
04/26/2023,MHK,KS,ACE,CE,Federal Contract Tower,5,7,4,0,16,0,2,59,4,65,5,9,63,4,81,88,0,88,169
04/27/2023,MHK,KS,ACE,CE,Federal Contract Tower,5,4,4,0,13,0,0,40,3,43,5,4,44,3,56,118,46,164,220
04/28/2023,MHK,KS,ACE,CE,Federal Contract Tower,5,4,6,0,15,0,0,3,0,3,5,4,9,0,18,4,0,4,22
04/29/2023,MHK,KS,ACE,CE,Federal Contract Tower,5,4,4,2,15,0,4,32,0,36,5,8,36,2,51,8,0,8,59
04/30/2023,MHK,KS,ACE,CE,Federal Contract Tower,5,4,5,0,14,0,2,11,0,13,5,6,16,0,27,0,0,0,27
05/01/2023,MHK,KS,ACE,CE,Federal Contract Tower,6,4,7,0,17,0,2,63,0,65,6,6,70,0,82,24,0,24,106
05/02/2023,MHK,KS,ACE,CE,Federal Contract Tower,4,4,9,0,17,0,0,44,0,44,4,4,53,0,61,34,0,34,95
05/03/2023,MHK,KS,ACE,CE,Federal Contract Tower,5,4,8,0,17,0,0,45,2,47,5,4,53,2,64,56,0,56,120
05/04/2023,MHK,KS,ACE,CE,Federal Contract Tower,3,2,7,0,12,0,0,17,4,21,3,2,24,4,33,22,20,42,75
05/05/2023,MHK,KS,ACE,CE,Federal Contract Tower,1,1,5,0,7,0,2,12,0,14,1,3,17,0,21,10,0,10,31
05/07/2023,MHK,KS,ACE,CE,Federal Contract Tower,0,0,4,0,4,0,0,24,0,24,0,0,28,0,28,0,0,0,28
05/08/2023,MHK,KS,ACE,CE,Federal Contract Tower,0,0,4,0,4,0,0,56,3,59,0,0,60,3,63,34,8,42,105
05/09/2023,MHK,KS,ACE,CE,Federal Contract Tower,0,0,5,0,5,0,2,20,0,22,0,2,25,0,27,10,0,10,37
05/10/2023,MHK,KS,ACE,CE,Federal Contract Tower,0,0,5,0,5,0,0,37,0,37,0,0,42,0,42,46,0,46,88
05/11/2023,MHK,KS,ACE,CE,Federal Contract Tower,0,0,4,0,4,0,0,3,2,5,0,0,7,2,9,0,0,0,9
05/12/2023,MHK,KS,ACE,CE,Federal Contract Tower,0,0,0,0,0,0,0,0,0,0,0,0,0,0,0,0,0,0,0
05/13/2023,MHK,KS,ACE,CE,Federal Contract Tower,0,0,0,0,0,0,0,4,0,4,0,0,4,0,4,0,0,0,4
05/14/2023,MHK,KS,ACE,CE,Federal Contract Tower,0,0,0,0,0,0,0,0,0,0,0,0,0,0,0,0,0,0,0
05/15/2023,MHK,KS,ACE,CE,Federal Contract Tower,0,0,2,0,2,0,0,0,0,0,0,0,2,0,2,0,0,0,2
05/16/2023,MHK,KS,ACE,CE,Federal Contract Tower,0,0,2,0,2,0,0,2,2,4,0,0,4,2,6,0,0,0,6
05/17/2023,MHK,KS,ACE,CE,Federal Contract Tower,0,0,0,0,0,0,0,0,0,0,0,0,0,0,0,0,0,0,0
05/18/2023,MHK,KS,ACE,CE,Federal Contract Tower,0,0,0,0,0,0,0,1,3,4,0,0,1,3,4,0,0,0,4
05/19/2023,MHK,KS,ACE,CE,Federal Contract Tower,0,0,0,0,0,0,0,1,0,1,0,0,1,0,1,10,0,10,11
05/20/2023,MHK,KS,ACE,CE,Federal Contract Tower,0,0,0,0,0,0,0,0,0,0,0,0,0,0,0,0,8,8,8
05/21/2023,MHK,KS,ACE,CE,Federal Contract Tower,0,0,0,0,0,0,0,2,0,2,0,0,2,0,2,4,4,8,10
05/22/2023,MHK,KS,ACE,CE,Federal Contract Tower,0,0,0,0,0,0,0,3,0,3,0,0,3,0,3,0,0,0,3
05/23/2023,MHK,KS,ACE,CE,Federal Contract Tower,0,0,0,0,0,0,0,4,3,7,0,0,4,3,7,0,0,0,7
05/24/2023,MHK,KS,ACE,CE,Federal Contract Tower,0,0,0,0,0,0,0,1,0,1,0,0,1,0,1,0,0,0,1
05/25/2023,MHK,KS,ACE,CE,Federal Contract Tower,0,0,0,0,0,0,0,0,2,2,0,0,0,2,2,0,0,0,2
05/26/2023,MHK,KS,ACE,CE,Federal Contract Tower,0,0,0,2,2,0,0,0,2,2,0,0,0,4,4,0,0,0,4
05/27/2023,MHK,KS,ACE,CE,Federal Contract Tower,0,0,0,0,0,0,0,0,0,0,0,0,0,0,0,0,0,0,0
05/28/2023,MHK,KS,ACE,CE,Federal Contract Tower,0,0,0,0,0,0,0,0,0,0,0,0,0,0,0,0,0,0,0
05/29/2023,MHK,KS,ACE,CE,Federal Contract Tower,0,0,0,0,0,0,0,0,0,0,0,0,0,0,0,0,0,0,0
05/30/2023,MHK,KS,ACE,CE,Federal Contract Tower,0,0,0,0,0,0,0,0,0,0,0,0,0,0,0,0,0,0,0
05/31/2023,MHK,KS,ACE,CE,Federal Contract Tower,0,0,0,0,0,0,0,0,0,0,0,0,0,0,0,0,0,0,0
06/01/2023,MHK,KS,ACE,CE,Federal Contract Tower,0,0,0,0,0,0,0,0,0,0,0,0,0,0,0,0,0,0,0
06/02/2023,MHK,KS,ACE,CE,Federal Contract Tower,0,0,0,0,0,0,0,0,0,0,0,0,0,0,0,0,0,0,0
06/03/2023,MHK,KS,ACE,CE,Federal Contract Tower,0,0,0,0,0,0,0,0,0,0,0,0,0,0,0,0,0,0,0
06/04/2023,MHK,KS,ACE,CE,Federal Contract Tower,0,0,0,0,0,0,0,2,0,2,0,0,2,0,2,0,0,0,2
06/05/2023,MHK,KS,ACE,CE,Federal Contract Tower,0,0,0,0,0,0,0,0,7,7,0,0,0,7,7,0,0,0,7
06/06/2023,MHK,KS,ACE,CE,Federal Contract Tower,0,0,0,0,0,0,0,2,4,6,0,0,2,4,6,0,0,0,6
06/07/2023,MHK,KS,ACE,CE,Federal Contract Tower,0,0,0,0,0,0,0,0,4,4,0,0,0,4,4,0,0,0,4
06/08/2023,MHK,KS,ACE,CE,Federal Contract Tower,0,0,0,0,0,0,0,0,0,0,0,0,0,0,0,0,0,0,0
06/09/2023,MHK,KS,ACE,CE,Federal Contract Tower,0,0,0,0,0,0,0,4,4,8,0,0,4,4,8,0,0,0,8
06/10/2023,MHK,KS,ACE,CE,Federal Contract Tower,0,0,0,0,0,0,0,0,0,0,0,0,0,0,0,0,0,0,0
06/11/2023,MHK,KS,ACE,CE,Federal Contract Tower,0,0,0,0,0,0,0,0,0,0,0,0,0,0,0,0,0,0,0
06/12/2023,MHK,KS,ACE,CE,Federal Contract Tower,0,0,0,0,0,0,0,4,0,4,0,0,4,0,4,0,0,0,4
06/13/2023,MHK,KS,ACE,CE,Federal Contract Tower,0,0,0,0,0,0,0,11,2,13,0,0,11,2,13,0,0,0,13
06/14/2023,MHK,KS,ACE,CE,Federal Contract Tower,0,0,0,0,0,0,0,7,0,7,0,0,7,0,7,0,0,0,7
06/15/2023,MHK,KS,ACE,CE,Federal Contract Tower,0,0,0,0,0,0,0,3,0,3,0,0,3,0,3,0,0,0,3
06/16/2023,MHK,KS,ACE,CE,Federal Contract Tower,0,0,0,0,0,0,0,2,0,2,0,0,2,0,2,0,0,0,2
06/17/2023,MHK,KS,ACE,CE,Federal Contract Tower,0,0,0,0,0,0,0,3,0,3,0,0,3,0,3,0,0,0,3
06/18/2023,MHK,KS,ACE,CE,Federal Contract Tower,0,0,0,0,0,0,0,0,0,0,0,0,0,0,0,0,0,0,0
06/19/2023,MHK,KS,ACE,CE,Federal Contract Tower,0,0,0,0,0,0,0,0,0,0,0,0,0,0,0,0,0,0,0
06/20/2023,MHK,KS,ACE,CE,Federal Contract Tower,0,0,0,0,0,0,0,6,4,10,0,0,6,4,10,0,0,0,10
06/21/2023,MHK,KS,ACE,CE,Federal Contract Tower,0,0,0,0,0,0,0,2,0,2,0,0,2,0,2,0,0,0,2
06/22/2023,MHK,KS,ACE,CE,Federal Contract Tower,0,0,0,0,0,0,0,14,1,15,0,0,14,1,15,0,0,0,15
06/23/2023,MHK,KS,ACE,CE,Federal Contract Tower,0,0,0,0,0,0,0,2,0,2,0,0,2,0,2,0,0,0,2
06/24/2023,MHK,KS,ACE,CE,Federal Contract Tower,0,0,0,0,0,0,0,0,0,0,0,0,0,0,0,0,0,0,0
06/25/2023,MHK,KS,ACE,CE,Federal Contract Tower,0,0,0,0,0,0,0,2,0,2,0,0,2,0,2,0,0,0,2
06/26/2023,MHK,KS,ACE,CE,Federal Contract Tower,0,0,0,0,0,0,0,0,0,0,0,0,0,0,0,0,0,0,0
06/27/2023,MHK,KS,ACE,CE,Federal Contract Tower,0,0,0,0,0,0,0,10,0,10,0,0,10,0,10,0,0,0,10
06/28/2023,MHK,KS,ACE,CE,Federal Contract Tower,0,0,0,0,0,0,0,2,0,2,0,0,2,0,2,0,0,0,2
06/29/2023,MHK,KS,ACE,CE,Federal Contract Tower,0,0,0,0,0,0,0,0,2,2,0,0,0,2,2,0,0,0,2
06/30/2023,MHK,KS,ACE,CE,Federal Contract Tower,0,0,0,0,0,0,0,0,0,0,0,0,0,0,0,0,0,0,0
07/01/2023,MHK,KS,ACE,CE,Federal Contract Tower,0,0,0,0,0,0,0,0,0,0,0,0,0,0,0,0,0,0,0
07/02/2023,MHK,KS,ACE,CE,Federal Contract Tower,0,0,0,0,0,0,0,2,0,2,0,0,2,0,2,0,0,0,2
07/03/2023,MHK,KS,ACE,CE,Federal Contract Tower,0,0,0,0,0,0,0,0,0,0,0,0,0,0,0,0,0,0,0
07/04/2023,MHK,KS,ACE,CE,Federal Contract Tower,0,0,0,0,0,0,0,0,0,0,0,0,0,0,0,0,0,0,0
07/05/2023,MHK,KS,ACE,CE,Federal Contract Tower,0,0,0,0,0,0,0,0,2,2,0,0,0,2,2,0,0,0,2
07/06/2023,MHK,KS,ACE,CE,Federal Contract Tower,0,0,0,0,0,0,0,2,0,2,0,0,2,0,2,0,0,0,2
07/07/2023,MHK,KS,ACE,CE,Federal Contract Tower,0,0,0,0,0,0,0,4,0,4,0,0,4,0,4,0,0,0,4
07/08/2023,MHK,KS,ACE,CE,Federal Contract Tower,0,0,0,0,0,0,0,0,0,0,0,0,0,0,0,0,0,0,0
07/09/2023,MHK,KS,ACE,CE,Federal Contract Tower,0,0,0,0,0,0,0,0,0,0,0,0,0,0,0,0,0,0,0
07/10/2023,MHK,KS,ACE,CE,Federal Contract Tower,0,0,0,0,0,0,0,8,0,8,0,0,8,0,8,0,0,0,8
07/11/2023,MHK,KS,ACE,CE,Federal Contract Tower,0,0,0,0,0,0,0,0,2,2,0,0,0,2,2,0,0,0,2
07/12/2023,MHK,KS,ACE,CE,Federal Contract Tower,0,0,0,0,0,0,0,2,0,2,0,0,2,0,2,0,0,0,2
07/13/2023,MHK,KS,ACE,CE,Federal Contract Tower,0,0,0,0,0,0,0,8,0,8,0,0,8,0,8,0,0,0,8
07/14/2023,MHK,KS,ACE,CE,Federal Contract Tower,0,0,0,0,0,0,0,0,0,0,0,0,0,0,0,0,0,0,0
07/15/2023,MHK,KS,ACE,CE,Federal Contract Tower,0,0,0,0,0,0,0,0,0,0,0,0,0,0,0,0,0,0,0
07/16/2023,MHK,KS,ACE,CE,Federal Contract Tower,0,0,0,0,0,0,0,0,0,0,0,0,0,0,0,0,0,0,0
07/17/2023,MHK,KS,ACE,CE,Federal Contract Tower,0,0,0,0,0,0,0,0,0,0,0,0,0,0,0,0,0,0,0
07/18/2023,MHK,KS,ACE,CE,Federal Contract Tower,0,0,0,0,0,0,0,0,0,0,0,0,0,0,0,0,0,0,0
07/19/2023,MHK,KS,ACE,CE,Federal Contract Tower,0,0,0,0,0,0,0,0,0,0,0,0,0,0,0,0,0,0,0
07/20/2023,MHK,KS,ACE,CE,Federal Contract Tower,0,0,0,0,0,0,0,2,2,4,0,0,2,2,4,0,0,0,4
07/21/2023,MHK,KS,ACE,CE,Federal Contract Tower,0,0,0,0,0,0,0,2,0,2,0,0,2,0,2,0,0,0,2
07/22/2023,MHK,KS,ACE,CE,Federal Contract Tower,0,0,0,0,0,0,0,0,0,0,0,0,0,0,0,0,0,0,0
07/23/2023,MHK,KS,ACE,CE,Federal Contract Tower,0,0,0,0,0,0,0,0,0,0,0,0,0,0,0,0,0,0,0
07/24/2023,MHK,KS,ACE,CE,Federal Contract Tower,0,0,0,0,0,0,0,0,4,4,0,0,0,4,4,0,0,0,4
07/25/2023,MHK,KS,ACE,CE,Federal Contract Tower,0,0,0,0,0,0,0,6,0,6,0,0,6,0,6,0,0,0,6
07/26/2023,MHK,KS,ACE,CE,Federal Contract Tower,0,0,0,0,0,0,0,2,2,4,0,0,2,2,4,0,0,0,4
07/27/2023,MHK,KS,ACE,CE,Federal Contract Tower,0,0,0,0,0,0,0,10,0,10,0,0,10,0,10,0,0,0,10
07/28/2023,MHK,KS,ACE,CE,Federal Contract Tower,0,0,0,0,0,0,0,0,0,0,0,0,0,0,0,0,0,0,0
07/29/2023,MHK,KS,ACE,CE,Federal Contract Tower,0,0,0,0,0,0,0,0,0,0,0,0,0,0,0,0,0,0,0
07/30/2023,MHK,KS,ACE,CE,Federal Contract Tower,0,0,0,0,0,0,0,4,0,4,0,0,4,0,4,0,0,0,4
07/31/2023,MHK,KS,ACE,CE,Federal Contract Tower,0,0,0,0,0,0,0,1,0,1,0,0,1,0,1,0,0,0,1
08/01/2023,MHK,KS,ACE,CE,Federal Contract Tower,0,0,0,0,0,0,0,0,0,0,0,0,0,0,0,0,0,0,0
08/02/2023,MHK,KS,ACE,CE,Federal Contract Tower,0,0,0,0,0,0,0,0,0,0,0,0,0,0,0,0,0,0,0
08/03/2023,MHK,KS,ACE,CE,Federal Contract Tower,0,0,0,0,0,0,0,0,4,4,0,0,0,4,4,0,0,0,4
08/04/2023,MHK,KS,ACE,CE,Federal Contract Tower,0,0,0,0,0,0,0,0,2,2,0,0,0,2,2,0,0,0,2
08/05/2023,MHK,KS,ACE,CE,Federal Contract Tower,0,0,0,0,0,0,0,0,2,2,0,0,0,2,2,0,0,0,2
08/06/2023,MHK,KS,ACE,CE,Federal Contract Tower,0,0,0,0,0,0,0,0,0,0,0,0,0,0,0,0,0,0,0
08/07/2023,MHK,KS,ACE,CE,Federal Contract Tower,0,0,0,0,0,0,0,0,0,0,0,0,0,0,0,0,0,0,0
08/08/2023,MHK,KS,ACE,CE,Federal Contract Tower,0,0,0,0,0,0,0,2,0,2,0,0,2,0,2,0,0,0,2
08/09/2023,MHK,KS,ACE,CE,Federal Contract Tower,0,0,0,0,0,0,0,0,0,0,0,0,0,0,0,0,0,0,0
08/10/2023,MHK,KS,ACE,CE,Federal Contract Tower,0,0,0,0,0,0,0,2,2,4,0,0,2,2,4,0,0,0,4
08/11/2023,MHK,KS,ACE,CE,Federal Contract Tower,0,0,0,0,0,0,0,0,0,0,0,0,0,0,0,0,0,0,0
08/12/2023,MHK,KS,ACE,CE,Federal Contract Tower,0,0,0,0,0,0,0,0,0,0,0,0,0,0,0,0,0,0,0
08/13/2023,MHK,KS,ACE,CE,Federal Contract Tower,0,0,0,0,0,0,0,0,0,0,0,0,0,0,0,0,0,0,0
08/14/2023,MHK,KS,ACE,CE,Federal Contract Tower,0,0,0,0,0,0,0,10,0,10,0,0,10,0,10,0,0,0,10
08/15/2023,MHK,KS,ACE,CE,Federal Contract Tower,0,0,0,0,0,0,0,0,2,2,0,0,0,2,2,0,0,0,2
08/16/2023,MHK,KS,ACE,CE,Federal Contract Tower,0,0,0,0,0,0,0,13,0,13,0,0,13,0,13,0,0,0,13
08/17/2023,MHK,KS,ACE,CE,Federal Contract Tower,0,0,6,0,6,0,0,15,2,17,0,0,21,2,23,8,30,38,61
08/18/2023,MHK,KS,ACE,CE,Federal Contract Tower,0,0,1,0,1,0,0,34,0,34,0,0,35,0,35,6,0,6,41
08/19/2023,MHK,KS,ACE,CE,Federal Contract Tower,0,0,2,0,2,0,0,22,0,22,0,0,24,0,24,8,4,12,36
08/20/2023,MHK,KS,ACE,CE,Federal Contract Tower,0,0,1,0,1,0,0,16,0,16,0,0,17,0,17,14,0,14,31
08/21/2023,MHK,KS,ACE,CE,Federal Contract Tower,0,1,3,0,4,0,0,6,4,10,0,1,9,4,14,10,0,10,24
08/22/2023,MHK,KS,ACE,CE,Federal Contract Tower,0,0,3,0,3,0,2,16,0,18,0,2,19,0,21,40,0,40,61
08/23/2023,MHK,KS,ACE,CE,Federal Contract Tower,0,0,2,0,2,0,2,22,4,28,0,2,24,4,30,14,0,14,44
08/24/2023,MHK,KS,ACE,CE,Federal Contract Tower,0,0,2,0,2,0,1,11,1,13,0,1,13,1,15,0,16,16,31
08/25/2023,MHK,KS,ACE,CE,Federal Contract Tower,0,1,1,0,2,0,0,25,0,25,0,1,26,0,27,20,12,32,59
08/26/2023,MHK,KS,ACE,CE,Federal Contract Tower,0,0,4,0,4,0,0,6,2,8,0,0,10,2,12,12,0,12,24
08/27/2023,MHK,KS,ACE,CE,Federal Contract Tower,0,0,3,0,3,0,1,21,0,22,0,1,24,0,25,30,0,30,55
08/28/2023,MHK,KS,ACE,CE,Federal Contract Tower,0,0,3,0,3,0,0,37,0,37,0,0,40,0,40,64,0,64,104
08/29/2023,MHK,KS,ACE,CE,Federal Contract Tower,0,2,1,0,3,0,2,53,0,55,0,4,54,0,58,60,0,60,118
08/30/2023,MHK,KS,ACE,CE,Federal Contract Tower,0,1,0,2,3,0,2,28,2,32,0,3,28,4,35,78,2,80,115
08/31/2023,MHK,KS,ACE,CE,Federal Contract Tower,0,0,2,2,4,0,0,42,0,42,0,0,44,2,46,104,0,104,150
