01/01/2020,MHR,CA,AWP,WE,Federal Contract Tower,0,1,6,0,7,0,8,26,0,34,0,9,32,0,41,40,0,40,81
01/02/2020,MHR,CA,AWP,WE,Federal Contract Tower,9,7,24,0,40,9,38,84,8,139,18,45,108,8,179,80,16,96,275
01/03/2020,MHR,CA,AWP,WE,Federal Contract Tower,10,5,19,6,40,10,37,82,9,138,20,42,101,15,178,88,82,170,348
01/04/2020,MHR,CA,AWP,WE,Federal Contract Tower,2,10,12,6,30,2,6,17,7,32,4,16,29,13,62,12,10,22,84
01/05/2020,MHR,CA,AWP,WE,Federal Contract Tower,3,1,11,3,18,3,9,29,6,47,6,10,40,9,65,14,32,46,111
01/06/2020,MHR,CA,AWP,WE,Federal Contract Tower,4,7,12,8,31,4,25,49,14,92,8,32,61,22,123,102,8,110,233
01/07/2020,MHR,CA,AWP,WE,Federal Contract Tower,13,21,24,3,61,13,20,29,4,66,26,41,53,7,127,0,0,0,127
01/08/2020,MHR,CA,AWP,WE,Federal Contract Tower,19,24,21,0,64,19,33,23,6,81,38,57,44,6,145,0,2,2,147
01/09/2020,MHR,CA,AWP,WE,Federal Contract Tower,16,24,15,2,57,16,42,35,9,102,32,66,50,11,159,84,28,112,271
01/10/2020,MHR,CA,AWP,WE,Federal Contract Tower,9,24,20,1,54,9,52,67,6,134,18,76,87,7,188,88,12,100,288
01/11/2020,MHR,CA,AWP,WE,Federal Contract Tower,2,12,12,0,26,2,21,22,11,56,4,33,34,11,82,6,0,6,88
01/12/2020,MHR,CA,AWP,WE,Federal Contract Tower,0,4,10,0,14,0,11,33,9,53,0,15,43,9,67,14,8,22,89
01/13/2020,MHR,CA,AWP,WE,Federal Contract Tower,4,14,24,5,47,4,26,84,11,125,8,40,108,16,172,120,32,152,324
01/14/2020,MHR,CA,AWP,WE,Federal Contract Tower,20,9,31,4,64,20,26,83,15,144,40,35,114,19,208,162,28,190,398
01/15/2020,MHR,CA,AWP,WE,Federal Contract Tower,17,14,35,0,66,17,46,122,5,190,34,60,157,5,256,154,6,160,416
01/16/2020,MHR,CA,AWP,WE,Federal Contract Tower,16,18,14,2,50,16,25,20,3,64,32,43,34,5,114,0,2,2,116
01/17/2020,MHR,CA,AWP,WE,Federal Contract Tower,9,9,22,3,43,9,26,68,10,113,18,35,90,13,156,108,36,144,300
01/18/2020,MHR,CA,AWP,WE,Federal Contract Tower,3,4,11,3,21,3,8,20,5,36,6,12,31,8,57,16,2,18,75
01/19/2020,MHR,CA,AWP,WE,Federal Contract Tower,0,1,16,0,17,0,7,19,0,26,0,8,35,0,43,0,0,0,43
01/20/2020,MHR,CA,AWP,WE,Federal Contract Tower,6,2,33,0,41,6,15,70,0,91,12,17,103,0,132,58,0,58,190
01/21/2020,MHR,CA,AWP,WE,Federal Contract Tower,16,18,36,11,81,15,28,68,20,131,31,46,104,31,212,33,58,91,303
01/22/2020,MHR,CA,AWP,WE,Federal Contract Tower,16,25,43,1,85,16,41,66,3,126,32,66,109,4,211,12,0,12,223
01/23/2020,MHR,CA,AWP,WE,Federal Contract Tower,12,29,34,4,79,12,40,76,12,140,24,69,110,16,219,40,8,48,267
01/24/2020,MHR,CA,AWP,WE,Federal Contract Tower,10,24,34,13,81,10,39,116,20,185,20,63,150,33,266,178,28,206,472
01/25/2020,MHR,CA,AWP,WE,Federal Contract Tower,2,5,14,3,24,2,7,20,3,32,4,12,34,6,56,0,0,0,56
01/26/2020,MHR,CA,AWP,WE,Federal Contract Tower,0,4,4,6,14,0,11,13,7,31,0,15,17,13,45,26,12,38,83
01/27/2020,MHR,CA,AWP,WE,Federal Contract Tower,4,13,25,19,61,4,28,70,22,124,8,41,95,41,185,108,18,126,311
01/28/2020,MHR,CA,AWP,WE,Federal Contract Tower,15,26,20,7,68,15,44,78,22,159,30,70,98,29,227,114,24,138,365
01/29/2020,MHR,CA,AWP,WE,Federal Contract Tower,14,19,24,11,68,14,39,65,18,136,28,58,89,29,204,22,26,48,252
01/30/2020,MHR,CA,AWP,WE,Federal Contract Tower,14,12,27,6,59,14,35,115,24,188,28,47,142,30,247,148,58,206,453
01/31/2020,MHR,CA,AWP,WE,Federal Contract Tower,10,18,21,8,57,9,36,93,13,151,19,54,114,21,208,56,26,82,290
02/01/2020,MHR,CA,AWP,WE,Federal Contract Tower,1,14,10,0,25,1,25,32,1,59,2,39,42,1,84,8,0,8,92
02/02/2020,MHR,CA,AWP,WE,Federal Contract Tower,1,0,7,0,8,1,7,11,1,20,2,7,18,1,28,10,0,10,38
02/03/2020,MHR,CA,AWP,WE,Federal Contract Tower,3,9,17,2,31,3,28,42,5,78,6,37,59,7,109,4,8,12,121
02/04/2020,MHR,CA,AWP,WE,Federal Contract Tower,18,15,19,8,60,18,44,86,21,169,36,59,105,29,229,80,45,125,354
02/05/2020,MHR,CA,AWP,WE,Federal Contract Tower,15,18,12,29,74,15,36,84,29,164,30,54,96,58,238,128,38,166,404
02/06/2020,MHR,CA,AWP,WE,Federal Contract Tower,14,23,18,10,65,14,47,112,13,186,28,70,130,23,251,172,66,238,489
02/08/2020,MHR,CA,AWP,WE,Federal Contract Tower,2,1,30,0,33,2,11,49,8,70,4,12,79,8,103,20,0,20,123
02/09/2020,MHR,CA,AWP,WE,Federal Contract Tower,0,5,11,1,17,0,12,12,4,28,0,17,23,5,45,0,14,14,59
02/10/2020,MHR,CA,AWP,WE,Federal Contract Tower,5,6,30,6,47,5,23,64,23,115,10,29,94,29,162,0,6,6,168
02/11/2020,MHR,CA,AWP,WE,Federal Contract Tower,18,12,26,5,61,18,37,102,31,188,36,49,128,36,249,158,20,178,427
02/12/2020,MHR,CA,AWP,WE,Federal Contract Tower,19,10,24,0,53,19,48,116,17,200,38,58,140,17,253,122,24,146,399
02/13/2020,MHR,CA,AWP,WE,Federal Contract Tower,19,11,27,10,67,19,38,127,24,208,38,49,154,34,275,92,8,100,375
02/14/2020,MHR,CA,AWP,WE,Federal Contract Tower,6,8,22,13,49,6,25,116,35,182,12,33,138,48,231,166,58,224,455
02/15/2020,MHR,CA,AWP,WE,Federal Contract Tower,2,3,15,0,20,2,15,61,0,78,4,18,76,0,98,50,0,50,148
02/16/2020,MHR,CA,AWP,WE,Federal Contract Tower,0,1,2,0,3,0,9,33,0,42,0,10,35,0,45,10,0,10,55
02/17/2020,MHR,CA,AWP,WE,Federal Contract Tower,4,0,30,0,34,4,21,42,0,67,8,21,72,0,101,0,0,0,101
02/18/2020,MHR,CA,AWP,WE,Federal Contract Tower,17,9,19,10,55,17,37,121,21,196,34,46,140,31,251,112,50,162,413
02/19/2020,MHR,CA,AWP,WE,Federal Contract Tower,17,18,17,1,53,17,41,100,1,159,34,59,117,2,212,88,0,88,300
02/20/2020,MHR,CA,AWP,WE,Federal Contract Tower,14,11,57,13,95,14,46,142,19,221,28,57,199,32,316,120,16,136,452
02/21/2020,MHR,CA,AWP,WE,Federal Contract Tower,10,14,36,8,68,8,32,115,16,171,18,46,151,24,239,50,20,70,309
02/22/2020,MHR,CA,AWP,WE,Federal Contract Tower,2,3,18,2,25,2,17,44,6,69,4,20,62,8,94,40,2,42,136
02/23/2020,MHR,CA,AWP,WE,Federal Contract Tower,0,4,18,2,24,0,9,50,3,62,0,13,68,5,86,20,0,20,106
02/24/2020,MHR,CA,AWP,WE,Federal Contract Tower,6,9,25,1,41,6,26,70,7,109,12,35,95,8,150,46,2,48,198
02/25/2020,MHR,CA,AWP,WE,Federal Contract Tower,16,9,34,30,89,16,30,113,63,222,32,39,147,93,311,100,98,198,509
02/26/2020,MHR,CA,AWP,WE,Federal Contract Tower,18,17,25,4,64,18,40,94,16,168,36,57,119,20,232,108,24,132,364
02/27/2020,MHR,CA,AWP,WE,Federal Contract Tower,14,17,19,10,60,14,46,91,19,170,28,63,110,29,230,106,30,136,366
02/28/2020,MHR,CA,AWP,WE,Federal Contract Tower,10,17,33,8,68,10,42,109,10,171,20,59,142,18,239,70,22,92,331
02/29/2020,MHR,CA,AWP,WE,Federal Contract Tower,2,3,17,5,27,2,11,55,5,73,4,14,72,10,100,20,2,22,122
03/01/2020,MHR,CA,AWP,WE,Federal Contract Tower,0,0,6,1,7,0,8,27,12,47,0,8,33,13,54,12,0,12,66
03/02/2020,MHR,CA,AWP,WE,Federal Contract Tower,4,6,15,2,27,4,28,27,0,59,8,34,42,2,86,6,0,6,92
03/03/2020,MHR,CA,AWP,WE,Federal Contract Tower,14,9,26,13,62,14,41,98,34,187,28,50,124,47,249,120,44,164,413
03/04/2020,MHR,CA,AWP,WE,Federal Contract Tower,14,15,29,4,62,14,31,126,13,184,28,46,155,17,246,162,12,174,420
03/05/2020,MHR,CA,AWP,WE,Federal Contract Tower,16,17,32,4,69,16,44,123,16,199,32,61,155,20,268,72,30,102,370
03/06/2020,MHR,CA,AWP,WE,Federal Contract Tower,8,15,28,10,61,8,32,81,17,138,16,47,109,27,199,66,30,96,295
03/07/2020,MHR,CA,AWP,WE,Federal Contract Tower,2,7,7,4,20,2,14,12,5,33,4,21,19,9,53,0,6,6,59
03/08/2020,MHR,CA,AWP,WE,Federal Contract Tower,0,0,19,6,25,0,8,35,9,52,0,8,54,15,77,0,10,10,87
03/09/2020,MHR,CA,AWP,WE,Federal Contract Tower,6,9,8,4,27,6,31,58,13,108,12,40,66,17,135,90,28,118,253
03/10/2020,MHR,CA,AWP,WE,Federal Contract Tower,12,6,20,6,44,12,25,104,26,167,24,31,124,32,211,94,36,130,341
03/11/2020,MHR,CA,AWP,WE,Federal Contract Tower,14,7,16,10,47,14,30,86,23,153,28,37,102,33,200,114,20,134,334
03/12/2020,MHR,CA,AWP,WE,Federal Contract Tower,15,15,19,4,53,15,34,102,29,180,30,49,121,33,233,156,36,192,425
03/14/2020,MHR,CA,AWP,WE,Federal Contract Tower,2,4,5,0,11,2,11,6,1,20,4,15,11,1,31,0,0,0,31
03/15/2020,MHR,CA,AWP,WE,Federal Contract Tower,0,2,22,0,24,0,7,24,0,31,0,9,46,0,55,0,0,0,55
03/16/2020,MHR,CA,AWP,WE,Federal Contract Tower,3,16,14,0,33,3,22,15,2,42,6,38,29,2,75,0,4,4,79
03/17/2020,MHR,CA,AWP,WE,Federal Contract Tower,17,14,37,12,80,17,47,71,31,166,34,61,108,43,246,124,30,154,400
03/18/2020,MHR,CA,AWP,WE,Federal Contract Tower,16,13,6,2,37,16,28,41,6,91,32,41,47,8,128,50,0,50,178
03/19/2020,MHR,CA,AWP,WE,Federal Contract Tower,17,14,35,2,68,17,38,119,13,187,34,52,154,15,255,182,0,182,437
03/20/2020,MHR,CA,AWP,WE,Federal Contract Tower,10,1,1,6,18,10,22,33,31,96,20,23,34,37,114,0,4,4,118
03/21/2020,MHR,CA,AWP,WE,Federal Contract Tower,3,6,7,0,16,3,14,28,8,53,6,20,35,8,69,12,0,12,81
03/22/2020,MHR,CA,AWP,WE,Federal Contract Tower,0,0,2,0,2,0,6,14,0,20,0,6,16,0,22,0,0,0,22
03/23/2020,MHR,CA,AWP,WE,Federal Contract Tower,3,5,8,0,16,3,19,19,4,45,6,24,27,4,61,0,0,0,61
03/24/2020,MHR,CA,AWP,WE,Federal Contract Tower,18,12,0,4,34,18,32,32,14,96,36,44,32,18,130,0,12,12,142
03/25/2020,MHR,CA,AWP,WE,Federal Contract Tower,16,3,0,4,23,16,30,41,14,101,32,33,41,18,124,0,10,10,134
03/26/2020,MHR,CA,AWP,WE,Federal Contract Tower,14,3,6,1,24,14,37,71,14,136,28,40,77,15,160,20,22,42,202
03/27/2020,MHR,CA,AWP,WE,Federal Contract Tower,11,3,6,2,22,11,35,66,5,117,22,38,72,7,139,46,0,46,185
03/28/2020,MHR,CA,AWP,WE,Federal Contract Tower,2,5,7,7,21,2,21,23,7,53,4,26,30,14,74,8,0,8,82
03/29/2020,MHR,CA,AWP,WE,Federal Contract Tower,0,0,2,0,2,0,0,7,0,7,0,0,9,0,9,2,0,2,11
03/30/2020,MHR,CA,AWP,WE,Federal Contract Tower,4,2,20,0,26,4,16,40,10,70,8,18,60,10,96,32,26,58,154
03/31/2020,MHR,CA,AWP,WE,Federal Contract Tower,16,10,9,4,39,16,25,53,19,113,32,35,62,23,152,18,8,26,178
04/01/2020,MHR,CA,AWP,WE,Federal Contract Tower,16,3,7,12,38,16,38,45,18,117,32,41,52,30,155,44,0,44,199
04/02/2020,MHR,CA,AWP,WE,Federal Contract Tower,14,2,2,6,24,14,33,40,25,112,28,35,42,31,136,32,20,52,188
04/04/2020,MHR,CA,AWP,WE,Federal Contract Tower,2,5,4,2,13,2,22,19,4,47,4,27,23,6,60,18,8,26,86
04/05/2020,MHR,CA,AWP,WE,Federal Contract Tower,0,1,1,0,2,0,1,1,0,2,0,2,2,0,4,0,0,0,4
04/06/2020,MHR,CA,AWP,WE,Federal Contract Tower,3,5,8,2,18,3,18,11,5,37,6,23,19,7,55,0,6,6,61
04/07/2020,MHR,CA,AWP,WE,Federal Contract Tower,14,3,8,9,34,14,19,43,23,99,28,22,51,32,133,10,14,24,157
04/08/2020,MHR,CA,AWP,WE,Federal Contract Tower,17,9,6,5,37,17,48,48,14,127,34,57,54,19,164,10,44,54,218
04/11/2020,MHR,CA,AWP,WE,Federal Contract Tower,2,9,12,0,23,2,12,25,0,39,4,21,37,0,62,0,0,0,62
04/13/2020,MHR,CA,AWP,WE,Federal Contract Tower,4,4,4,0,12,4,17,41,0,62,8,21,45,0,74,0,0,0,74
04/14/2020,MHR,CA,AWP,WE,Federal Contract Tower,16,1,1,10,28,16,23,43,15,97,32,24,44,25,125,16,16,32,157
04/15/2020,MHR,CA,AWP,WE,Federal Contract Tower,15,6,13,6,40,15,34,73,11,133,30,40,86,17,173,100,14,114,287
04/16/2020,MHR,CA,AWP,WE,Federal Contract Tower,17,5,7,19,48,17,36,65,38,156,34,41,72,57,204,28,86,114,318
04/18/2020,MHR,CA,AWP,WE,Federal Contract Tower,2,6,8,0,16,2,9,46,4,61,4,15,54,4,77,0,0,0,77
04/19/2020,MHR,CA,AWP,WE,Federal Contract Tower,0,1,9,2,12,0,10,23,3,36,0,11,32,5,48,4,0,4,52
04/20/2020,MHR,CA,AWP,WE,Federal Contract Tower,4,2,13,10,29,4,17,62,15,98,8,19,75,25,127,52,34,86,213
04/21/2020,MHR,CA,AWP,WE,Federal Contract Tower,14,4,5,26,49,14,33,48,33,128,28,37,53,59,177,58,66,124,301
04/22/2020,MHR,CA,AWP,WE,Federal Contract Tower,13,13,8,3,37,13,38,80,7,138,26,51,88,10,175,62,28,90,265
04/23/2020,MHR,CA,AWP,WE,Federal Contract Tower,12,7,18,31,68,12,29,86,32,159,24,36,104,63,227,96,4,100,327
04/24/2020,MHR,CA,AWP,WE,Federal Contract Tower,9,3,39,5,56,9,31,117,5,162,18,34,156,10,218,160,38,198,416
04/25/2020,MHR,CA,AWP,WE,Federal Contract Tower,2,1,6,0,9,2,15,25,0,42,4,16,31,0,51,32,0,32,83
04/26/2020,MHR,CA,AWP,WE,Federal Contract Tower,0,2,12,1,15,0,10,26,1,37,0,12,38,2,52,14,4,18,70
04/27/2020,MHR,CA,AWP,WE,Federal Contract Tower,3,7,8,1,19,3,19,68,1,91,6,26,76,2,110,40,6,46,156
04/28/2020,MHR,CA,AWP,WE,Federal Contract Tower,17,2,9,4,32,17,27,50,14,108,34,29,59,18,140,46,14,60,200
04/29/2020,MHR,CA,AWP,WE,Federal Contract Tower,16,2,8,8,34,16,30,53,13,112,32,32,61,21,146,64,12,76,222
05/01/2020,MHR,CA,AWP,WE,Federal Contract Tower,12,10,12,4,38,12,20,151,14,197,24,30,163,18,235,238,40,278,513
05/02/2020,MHR,CA,AWP,WE,Federal Contract Tower,2,7,10,4,23,2,13,63,11,89,4,20,73,15,112,58,2,60,172
05/03/2020,MHR,CA,AWP,WE,Federal Contract Tower,0,0,5,3,8,0,7,37,6,50,0,7,42,9,58,40,14,54,112
05/04/2020,MHR,CA,AWP,WE,Federal Contract Tower,4,1,10,15,30,4,13,104,27,148,8,14,114,42,178,88,56,144,322
05/05/2020,MHR,CA,AWP,WE,Federal Contract Tower,14,3,6,4,27,14,41,92,17,164,28,44,98,21,191,98,56,154,345
05/06/2020,MHR,CA,AWP,WE,Federal Contract Tower,16,3,18,6,43,15,25,79,12,131,31,28,97,18,174,76,54,130,304
05/07/2020,MHR,CA,AWP,WE,Federal Contract Tower,14,2,18,7,41,14,27,123,34,198,28,29,141,41,239,172,36,208,447
05/08/2020,MHR,CA,AWP,WE,Federal Contract Tower,14,9,14,2,39,15,31,121,4,171,29,40,135,6,210,194,34,228,438
05/09/2020,MHR,CA,AWP,WE,Federal Contract Tower,4,0,14,0,18,4,21,92,0,117,8,21,106,0,135,138,0,138,273
05/10/2020,MHR,CA,AWP,WE,Federal Contract Tower,0,4,18,0,22,0,12,50,0,62,0,16,68,0,84,68,0,68,152
05/11/2020,MHR,CA,AWP,WE,Federal Contract Tower,6,9,7,0,22,6,19,68,3,96,12,28,75,3,118,72,12,84,202
05/12/2020,MHR,CA,AWP,WE,Federal Contract Tower,21,13,19,10,63,22,39,100,18,179,43,52,119,28,242,80,70,150,392
05/13/2020,MHR,CA,AWP,WE,Federal Contract Tower,13,9,19,14,55,13,29,92,20,154,26,38,111,34,209,146,24,170,379
05/14/2020,MHR,CA,AWP,WE,Federal Contract Tower,14,14,23,2,53,16,35,78,16,145,30,49,101,18,198,84,46,130,328
05/16/2020,MHR,CA,AWP,WE,Federal Contract Tower,2,0,7,0,9,2,7,56,1,66,4,7,63,1,75,50,0,50,125
05/17/2020,MHR,CA,AWP,WE,Federal Contract Tower,0,2,21,0,23,0,12,26,0,38,0,14,47,0,61,0,0,0,61
05/18/2020,MHR,CA,AWP,WE,Federal Contract Tower,3,12,18,1,34,3,21,57,1,82,6,33,75,2,116,26,0,26,142
05/19/2020,MHR,CA,AWP,WE,Federal Contract Tower,17,19,22,1,59,26,42,71,10,149,43,61,93,11,208,38,22,60,268
05/20/2020,MHR,CA,AWP,WE,Federal Contract Tower,16,3,9,16,44,18,27,85,26,156,34,30,94,42,200,130,36,166,366
05/21/2020,MHR,CA,AWP,WE,Federal Contract Tower,14,7,19,7,47,14,33,97,15,159,28,40,116,22,206,124,18,142,348
05/22/2020,MHR,CA,AWP,WE,Federal Contract Tower,10,5,12,0,27,10,20,66,0,96,20,25,78,0,123,86,0,86,209
05/23/2020,MHR,CA,AWP,WE,Federal Contract Tower,3,5,4,0,12,3,22,45,0,70,6,27,49,0,82,28,0,28,110
05/24/2020,MHR,CA,AWP,WE,Federal Contract Tower,0,1,15,0,16,0,14,34,0,48,0,15,49,0,64,0,0,0,64
05/25/2020,MHR,CA,AWP,WE,Federal Contract Tower,1,2,12,0,15,1,14,60,0,75,2,16,72,0,90,16,0,16,106
05/26/2020,MHR,CA,AWP,WE,Federal Contract Tower,8,4,13,9,34,14,26,58,17,115,22,30,71,26,149,30,44,74,223
05/27/2020,MHR,CA,AWP,WE,Federal Contract Tower,17,4,26,22,69,19,19,86,23,147,36,23,112,45,216,34,10,44,260
05/28/2020,MHR,CA,AWP,WE,Federal Contract Tower,15,5,14,14,48,13,33,86,24,156,28,38,100,38,204,76,52,128,332
05/29/2020,MHR,CA,AWP,WE,Federal Contract Tower,9,5,9,3,26,9,15,50,5,79,18,20,59,8,105,84,0,84,189
05/30/2020,MHR,CA,AWP,WE,Federal Contract Tower,3,3,13,0,19,3,10,29,0,42,6,13,42,0,61,52,0,52,113
05/31/2020,MHR,CA,AWP,WE,Federal Contract Tower,0,2,29,2,33,0,16,80,0,96,0,18,109,2,129,58,0,58,187
06/01/2020,MHR,CA,AWP,WE,Federal Contract Tower,3,0,18,3,24,3,15,80,6,104,6,15,98,9,128,90,10,100,228
06/02/2020,MHR,CA,AWP,WE,Federal Contract Tower,14,2,31,34,81,18,16,134,26,194,32,18,165,60,275,144,80,224,499
06/03/2020,MHR,CA,AWP,WE,Federal Contract Tower,17,5,16,18,56,19,36,100,23,178,36,41,116,41,234,218,16,234,468
06/04/2020,MHR,CA,AWP,WE,Federal Contract Tower,16,9,26,26,77,19,44,109,40,212,35,53,135,66,289,149,74,223,512
06/05/2020,MHR,CA,AWP,WE,Federal Contract Tower,10,9,35,28,82,15,35,83,34,167,25,44,118,62,249,56,26,82,331
06/06/2020,MHR,CA,AWP,WE,Federal Contract Tower,3,4,4,10,21,3,15,71,30,119,6,19,75,40,140,40,22,62,202
06/07/2020,MHR,CA,AWP,WE,Federal Contract Tower,0,1,12,5,18,0,10,82,10,102,0,11,94,15,120,106,0,106,226
06/08/2020,MHR,CA,AWP,WE,Federal Contract Tower,4,3,5,1,13,4,12,51,5,72,8,15,56,6,85,36,10,46,131
06/09/2020,MHR,CA,AWP,WE,Federal Contract Tower,13,6,30,16,65,17,20,129,26,192,30,26,159,42,257,174,24,198,455
06/10/2020,MHR,CA,AWP,WE,Federal Contract Tower,19,12,28,5,64,21,36,102,21,180,40,48,130,26,244,144,54,198,442
06/11/2020,MHR,CA,AWP,WE,Federal Contract Tower,12,4,27,22,65,14,17,95,27,153,26,21,122,49,218,132,48,180,398
06/12/2020,MHR,CA,AWP,WE,Federal Contract Tower,10,5,23,11,49,8,29,94,17,148,18,34,117,28,197,38,30,68,265
06/13/2020,MHR,CA,AWP,WE,Federal Contract Tower,2,2,25,2,31,2,14,77,1,94,4,16,102,3,125,24,0,24,149
06/14/2020,MHR,CA,AWP,WE,Federal Contract Tower,0,5,17,1,23,0,9,80,0,89,0,14,97,1,112,86,0,86,198
06/15/2020,MHR,CA,AWP,WE,Federal Contract Tower,5,26,2,4,37,5,21,100,11,137,10,47,102,15,174,104,24,128,302
06/16/2020,MHR,CA,AWP,WE,Federal Contract Tower,22,6,29,36,93,16,39,112,69,236,38,45,141,105,329,120,90,210,539
06/17/2020,MHR,CA,AWP,WE,Federal Contract Tower,20,5,12,24,61,22,35,45,28,130,42,40,57,52,191,10,0,10,201
06/18/2020,MHR,CA,AWP,WE,Federal Contract Tower,15,14,26,26,81,16,31,141,32,220,31,45,167,58,301,140,56,196,497
06/19/2020,MHR,CA,AWP,WE,Federal Contract Tower,8,5,24,24,61,10,22,125,27,184,18,27,149,51,245,104,52,156,401
06/20/2020,MHR,CA,AWP,WE,Federal Contract Tower,2,3,5,0,10,2,19,69,0,90,4,22,74,0,100,94,0,94,194
06/21/2020,MHR,CA,AWP,WE,Federal Contract Tower,0,0,20,1,21,0,3,69,0,72,0,3,89,1,93,48,0,48,141
06/22/2020,MHR,CA,AWP,WE,Federal Contract Tower,3,5,25,7,40,3,18,120,9,150,6,23,145,16,190,68,40,108,298
06/23/2020,MHR,CA,AWP,WE,Federal Contract Tower,17,5,30,7,59,19,27,88,19,153,36,32,118,26,212,112,70,182,394
06/24/2020,MHR,CA,AWP,WE,Federal Contract Tower,14,5,19,14,52,15,30,99,25,169,29,35,118,39,221,136,76,212,433
06/25/2020,MHR,CA,AWP,WE,Federal Contract Tower,14,3,13,6,36,19,35,96,15,165,33,38,109,21,201,88,24,112,313
06/26/2020,MHR,CA,AWP,WE,Federal Contract Tower,11,7,21,0,39,12,18,72,0,102,23,25,93,0,141,62,0,62,203
06/29/2020,MHR,CA,AWP,WE,Federal Contract Tower,3,3,15,16,37,3,24,79,22,128,6,27,94,38,165,64,4,68,233
06/30/2020,MHR,CA,AWP,WE,Federal Contract Tower,13,4,32,12,61,18,30,100,23,171,31,34,132,35,232,96,48,144,376
07/01/2020,MHR,CA,AWP,WE,Federal Contract Tower,18,11,29,13,71,18,42,127,26,213,36,53,156,39,284,118,28,146,430
07/02/2020,MHR,CA,AWP,WE,Federal Contract Tower,14,2,25,13,54,16,17,93,26,152,30,19,118,39,206,160,30,190,396
07/03/2020,MHR,CA,AWP,WE,Federal Contract Tower,12,2,11,0,25,14,18,62,0,94,26,20,73,0,119,62,0,62,181
07/04/2020,MHR,CA,AWP,WE,Federal Contract Tower,0,0,0,0,0,0,7,19,0,26,0,7,19,0,26,14,0,14,40
07/05/2020,MHR,CA,AWP,WE,Federal Contract Tower,0,1,7,2,10,0,6,29,2,37,0,7,36,4,47,8,22,30,77
07/06/2020,MHR,CA,AWP,WE,Federal Contract Tower,4,4,15,0,23,4,19,83,2,108,8,23,98,2,131,50,0,50,181
07/07/2020,MHR,CA,AWP,WE,Federal Contract Tower,14,4,24,24,66,23,21,82,15,141,37,25,106,39,207,74,36,110,317
07/08/2020,MHR,CA,AWP,WE,Federal Contract Tower,18,2,6,14,40,18,21,80,34,153,36,23,86,48,193,42,68,110,303
07/09/2020,MHR,CA,AWP,WE,Federal Contract Tower,14,3,16,16,49,14,23,94,34,165,28,26,110,50,214,104,50,154,368
07/10/2020,MHR,CA,AWP,WE,Federal Contract Tower,9,1,15,15,40,9,20,101,24,154,18,21,116,39,194,92,30,122,316
07/11/2020,MHR,CA,AWP,WE,Federal Contract Tower,2,0,19,4,25,2,16,69,6,93,4,16,88,10,118,16,0,16,134
07/13/2020,MHR,CA,AWP,WE,Federal Contract Tower,5,7,12,5,29,5,21,80,9,115,10,28,92,14,144,42,0,42,186
07/14/2020,MHR,CA,AWP,WE,Federal Contract Tower,15,5,9,0,29,17,30,74,20,141,32,35,83,20,170,56,28,84,254
07/16/2020,MHR,CA,AWP,WE,Federal Contract Tower,15,8,19,10,52,15,32,144,24,215,30,40,163,34,267,142,42,184,451
07/17/2020,MHR,CA,AWP,WE,Federal Contract Tower,11,1,32,6,50,15,18,102,10,145,26,19,134,16,195,32,6,38,233
07/19/2020,MHR,CA,AWP,WE,Federal Contract Tower,0,0,1,0,1,0,9,75,0,84,0,9,76,0,85,70,0,70,155
07/20/2020,MHR,CA,AWP,WE,Federal Contract Tower,5,2,18,0,25,5,21,79,5,110,10,23,97,5,135,54,0,54,189
07/21/2020,MHR,CA,AWP,WE,Federal Contract Tower,17,3,6,3,29,22,25,72,8,127,39,28,78,11,156,86,0,86,242
07/22/2020,MHR,CA,AWP,WE,Federal Contract Tower,15,4,20,9,48,15,43,108,20,186,30,47,128,29,234,122,48,170,404
07/23/2020,MHR,CA,AWP,WE,Federal Contract Tower,16,1,33,11,61,16,29,114,18,177,32,30,147,29,238,156,26,182,420
07/24/2020,MHR,CA,AWP,WE,Federal Contract Tower,14,3,7,7,31,14,27,73,12,126,28,30,80,19,157,62,16,78,235
07/25/2020,MHR,CA,AWP,WE,Federal Contract Tower,3,0,10,0,13,3,12,63,2,80,6,12,73,2,93,24,8,32,125
07/26/2020,MHR,CA,AWP,WE,Federal Contract Tower,0,1,20,0,21,0,14,102,5,121,0,15,122,5,142,80,0,80,222
07/27/2020,MHR,CA,AWP,WE,Federal Contract Tower,7,1,14,8,30,7,21,103,0,131,14,22,117,8,161,76,22,98,259
07/28/2020,MHR,CA,AWP,WE,Federal Contract Tower,20,10,19,19,68,24,36,98,20,178,44,46,117,39,246,138,0,138,384
07/29/2020,MHR,CA,AWP,WE,Federal Contract Tower,16,8,27,6,57,16,71,92,13,192,32,79,119,19,249,102,10,112,361
07/30/2020,MHR,CA,AWP,WE,Federal Contract Tower,15,8,37,15,75,15,24,112,19,170,30,32,149,34,245,140,10,150,395
07/31/2020,MHR,CA,AWP,WE,Federal Contract Tower,11,6,9,13,39,11,33,90,19,153,22,39,99,32,192,102,20,122,314
08/01/2020,MHR,CA,AWP,WE,Federal Contract Tower,2,3,12,0,17,2,22,63,0,87,4,25,75,0,104,88,0,88,192
08/02/2020,MHR,CA,AWP,WE,Federal Contract Tower,0,4,12,0,16,0,17,83,0,100,0,21,95,0,116,108,0,108,224
08/03/2020,MHR,CA,AWP,WE,Federal Contract Tower,5,7,29,3,44,5,19,134,10,168,10,26,163,13,212,78,16,94,306
08/04/2020,MHR,CA,AWP,WE,Federal Contract Tower,18,2,15,10,45,21,35,127,16,199,39,37,142,26,244,131,36,167,411
08/05/2020,MHR,CA,AWP,WE,Federal Contract Tower,16,4,20,4,44,16,25,60,8,109,32,29,80,12,153,88,4,92,245
08/06/2020,MHR,CA,AWP,WE,Federal Contract Tower,13,4,20,0,37,13,23,64,1,101,26,27,84,1,138,128,0,128,266
08/07/2020,MHR,CA,AWP,WE,Federal Contract Tower,11,4,38,10,63,11,31,108,12,162,22,35,146,22,225,125,0,125,350
08/08/2020,MHR,CA,AWP,WE,Federal Contract Tower,2,3,18,0,23,2,19,66,0,87,4,22,84,0,110,102,0,102,212
08/09/2020,MHR,CA,AWP,WE,Federal Contract Tower,0,1,10,0,11,0,13,45,0,58,0,14,55,0,69,100,0,100,169
08/10/2020,MHR,CA,AWP,WE,Federal Contract Tower,4,2,13,2,21,3,19,103,7,132,7,21,116,9,153,102,0,102,255
08/11/2020,MHR,CA,AWP,WE,Federal Contract Tower,15,4,18,13,50,24,40,109,23,196,39,44,127,36,246,144,0,144,390
08/12/2020,MHR,CA,AWP,WE,Federal Contract Tower,13,5,24,10,52,13,26,121,23,183,26,31,145,33,235,254,78,332,567
08/13/2020,MHR,CA,AWP,WE,Federal Contract Tower,14,8,33,15,70,14,36,117,24,191,28,44,150,39,261,172,64,236,497
08/14/2020,MHR,CA,AWP,WE,Federal Contract Tower,11,5,33,11,60,11,27,128,20,186,22,32,161,31,246,156,54,210,456
08/15/2020,MHR,CA,AWP,WE,Federal Contract Tower,2,2,16,0,20,2,11,63,0,76,4,13,79,0,96,170,0,170,266
08/16/2020,MHR,CA,AWP,WE,Federal Contract Tower,0,2,11,0,13,0,16,30,0,46,0,18,41,0,59,84,0,84,143
08/17/2020,MHR,CA,AWP,WE,Federal Contract Tower,4,8,30,4,46,4,28,104,7,143,8,36,134,11,189,136,4,140,329
08/18/2020,MHR,CA,AWP,WE,Federal Contract Tower,18,4,18,11,51,21,24,80,25,150,39,28,98,36,201,228,38,266,467
08/19/2020,MHR,CA,AWP,WE,Federal Contract Tower,15,11,30,4,60,15,27,60,12,114,30,38,90,16,174,104,2,106,280
08/20/2020,MHR,CA,AWP,WE,Federal Contract Tower,16,33,60,15,124,16,36,71,19,142,32,69,131,34,266,0,2,2,268
08/21/2020,MHR,CA,AWP,WE,Federal Contract Tower,11,20,37,12,80,10,25,86,38,159,21,45,123,50,239,0,0,0,239
08/22/2020,MHR,CA,AWP,WE,Federal Contract Tower,2,11,20,17,50,3,20,41,23,87,5,31,61,40,137,108,0,108,245
08/23/2020,MHR,CA,AWP,WE,Federal Contract Tower,0,1,26,13,40,0,4,55,23,82,0,5,81,36,122,58,2,60,182
08/24/2020,MHR,CA,AWP,WE,Federal Contract Tower,6,8,18,28,60,6,16,16,31,69,12,24,34,59,129,0,0,0,129
08/25/2020,MHR,CA,AWP,WE,Federal Contract Tower,16,10,29,19,74,16,26,71,55,168,32,36,100,74,242,128,30,158,400
08/26/2020,MHR,CA,AWP,WE,Federal Contract Tower,17,9,19,17,62,17,23,63,37,140,34,32,82,54,202,192,40,232,434
08/27/2020,MHR,CA,AWP,WE,Federal Contract Tower,13,10,42,22,87,13,29,119,49,210,26,39,161,71,297,224,60,284,581
08/28/2020,MHR,CA,AWP,WE,Federal Contract Tower,12,8,35,8,63,12,21,108,29,170,24,29,143,37,233,106,50,156,389
08/29/2020,MHR,CA,AWP,WE,Federal Contract Tower,2,1,16,6,25,4,14,68,39,125,6,15,84,45,150,106,18,124,274
08/30/2020,MHR,CA,AWP,WE,Federal Contract Tower,0,0,22,10,32,0,2,45,40,87,0,2,67,50,119,46,8,54,173
08/31/2020,MHR,CA,AWP,WE,Federal Contract Tower,3,7,27,0,37,3,15,70,30,118,6,22,97,30,155,58,12,70,225
09/01/2020,MHR,CA,AWP,WE,Federal Contract Tower,16,5,16,21,58,22,18,57,59,156,38,23,73,80,214,48,62,110,324
09/02/2020,MHR,CA,AWP,WE,Federal Contract Tower,19,10,33,20,82,19,42,83,40,184,38,52,116,60,266,166,84,250,516
09/03/2020,MHR,CA,AWP,WE,Federal Contract Tower,16,6,28,22,72,16,33,82,28,159,32,39,110,50,231,196,30,226,457
09/04/2020,MHR,CA,AWP,WE,Federal Contract Tower,12,7,30,5,54,12,35,96,15,158,24,42,126,20,212,208,0,208,420
09/07/2020,MHR,CA,AWP,WE,Federal Contract Tower,2,3,13,0,18,2,14,36,0,52,4,17,49,0,70,24,0,24,94
09/08/2020,MHR,CA,AWP,WE,Federal Contract Tower,10,9,13,9,41,11,11,17,9,48,21,20,30,18,89,0,0,0,89
09/09/2020,MHR,CA,AWP,WE,Federal Contract Tower,19,13,33,4,69,19,23,41,8,91,38,36,74,12,160,48,2,50,210
09/10/2020,MHR,CA,AWP,WE,Federal Contract Tower,16,5,30,10,61,16,17,56,12,101,32,22,86,22,162,78,4,82,244
09/11/2020,MHR,CA,AWP,WE,Federal Contract Tower,15,12,39,5,71,15,13,43,5,76,30,25,82,10,147,0,0,0,147
09/12/2020,MHR,CA,AWP,WE,Federal Contract Tower,3,9,26,8,46,3,9,26,8,46,6,18,52,16,92,0,0,0,92
09/13/2020,MHR,CA,AWP,WE,Federal Contract Tower,2,1,15,2,20,2,1,15,13,31,4,2,30,15,51,0,0,0,51
09/14/2020,MHR,CA,AWP,WE,Federal Contract Tower,4,16,21,17,58,4,18,22,17,61,8,34,43,34,119,0,0,0,119
09/15/2020,MHR,CA,AWP,WE,Federal Contract Tower,17,7,26,1,51,19,10,63,29,121,36,17,89,30,172,46,0,46,218
09/16/2020,MHR,CA,AWP,WE,Federal Contract Tower,16,2,42,19,79,16,19,99,44,178,32,21,141,63,257,248,30,278,535
09/17/2020,MHR,CA,AWP,WE,Federal Contract Tower,14,5,52,43,114,14,22,103,59,198,28,27,155,102,312,164,44,208,520
09/18/2020,MHR,CA,AWP,WE,Federal Contract Tower,9,1,28,16,54,9,33,130,42,214,18,34,158,58,268,150,74,224,492
09/19/2020,MHR,CA,AWP,WE,Federal Contract Tower,2,4,22,0,28,2,13,69,17,101,4,17,91,17,129,72,0,72,201
09/21/2020,MHR,CA,AWP,WE,Federal Contract Tower,6,1,9,8,24,6,30,114,19,169,12,31,123,27,193,174,6,180,373
09/22/2020,MHR,CA,AWP,WE,Federal Contract Tower,14,2,40,10,66,15,18,107,28,168,29,20,147,38,234,120,22,142,376
09/23/2020,MHR,CA,AWP,WE,Federal Contract Tower,15,2,16,6,39,15,28,93,37,173,30,30,109,43,212,182,34,216,428
09/24/2020,MHR,CA,AWP,WE,Federal Contract Tower,15,8,19,7,49,15,38,99,28,180,30,46,118,35,229,226,24,250,479
09/25/2020,MHR,CA,AWP,WE,Federal Contract Tower,9,4,46,21,80,10,28,126,54,218,19,32,172,75,298,86,48,134,432
09/26/2020,MHR,CA,AWP,WE,Federal Contract Tower,2,1,8,3,14,2,13,64,13,92,4,14,72,16,106,32,0,32,138
09/27/2020,MHR,CA,AWP,WE,Federal Contract Tower,2,3,15,3,23,2,10,72,12,96,4,13,87,15,119,126,0,126,245
09/28/2020,MHR,CA,AWP,WE,Federal Contract Tower,4,3,17,4,28,4,26,78,20,128,8,29,95,24,156,114,0,114,270
09/29/2020,MHR,CA,AWP,WE,Federal Contract Tower,13,5,20,5,43,17,18,89,15,139,30,23,109,20,182,166,0,166,348
09/30/2020,MHR,CA,AWP,WE,Federal Contract Tower,16,14,21,5,56,16,32,56,24,128,32,46,77,29,184,30,0,30,214
10/01/2020,MHR,CA,AWP,WE,Federal Contract Tower,16,4,36,5,61,16,19,60,15,110,32,23,96,20,171,0,0,0,171
10/02/2020,MHR,CA,AWP,WE,Federal Contract Tower,6,12,35,16,69,6,18,59,25,108,12,30,94,41,177,32,24,56,233
10/03/2020,MHR,CA,AWP,WE,Federal Contract Tower,3,2,20,10,35,3,10,38,19,70,6,12,58,29,105,64,0,64,169
10/04/2020,MHR,CA,AWP,WE,Federal Contract Tower,2,4,26,6,38,0,8,81,25,114,2,12,107,31,152,96,2,98,250
10/05/2020,MHR,CA,AWP,WE,Federal Contract Tower,4,7,31,0,42,4,19,106,31,160,8,26,137,31,202,146,2,148,350
10/06/2020,MHR,CA,AWP,WE,Federal Contract Tower,14,5,15,8,42,14,26,106,28,174,28,31,121,36,216,82,40,122,338
10/07/2020,MHR,CA,AWP,WE,Federal Contract Tower,16,8,51,21,96,16,32,134,35,217,32,40,185,56,313,146,38,184,497
10/08/2020,MHR,CA,AWP,WE,Federal Contract Tower,12,3,42,17,74,12,23,107,28,170,24,26,149,45,244,134,50,184,428
10/09/2020,MHR,CA,AWP,WE,Federal Contract Tower,9,19,32,8,68,9,34,80,12,135,18,53,112,20,203,88,0,88,291
10/10/2020,MHR,CA,AWP,WE,Federal Contract Tower,4,5,18,6,33,4,12,53,25,94,8,17,71,31,127,54,8,62,189
10/11/2020,MHR,CA,AWP,WE,Federal Contract Tower,0,2,18,0,20,0,14,53,2,69,0,16,71,2,89,34,0,34,123
10/12/2020,MHR,CA,AWP,WE,Federal Contract Tower,5,1,9,2,17,5,20,106,7,138,10,21,115,9,155,126,12,138,293
10/13/2020,MHR,CA,AWP,WE,Federal Contract Tower,16,1,27,14,58,16,28,147,26,217,32,29,174,40,275,170,26,196,471
10/14/2020,MHR,CA,AWP,WE,Federal Contract Tower,16,11,12,15,54,16,35,58,20,129,32,46,70,35,183,72,38,110,293
10/15/2020,MHR,CA,AWP,WE,Federal Contract Tower,13,11,37,14,75,13,41,88,21,163,26,52,125,35,238,102,68,170,408
10/16/2020,MHR,CA,AWP,WE,Federal Contract Tower,17,4,18,1,40,17,21,93,8,139,34,25,111,9,179,54,6,60,239
10/17/2020,MHR,CA,AWP,WE,Federal Contract Tower,3,0,7,1,11,3,7,55,1,66,6,7,62,2,77,50,0,50,127
10/18/2020,MHR,CA,AWP,WE,Federal Contract Tower,0,0,12,0,12,0,7,98,23,128,0,7,110,23,140,80,0,80,220
10/19/2020,MHR,CA,AWP,WE,Federal Contract Tower,4,4,23,1,32,4,19,108,1,132,8,23,131,2,164,64,0,64,228
10/20/2020,MHR,CA,AWP,WE,Federal Contract Tower,15,8,8,7,38,15,35,107,6,163,30,43,115,13,201,138,12,150,351
10/21/2020,MHR,CA,AWP,WE,Federal Contract Tower,17,9,35,3,64,17,36,113,7,173,34,45,148,10,237,144,20,164,401
10/23/2020,MHR,CA,AWP,WE,Federal Contract Tower,9,5,22,7,43,9,27,135,8,179,18,32,157,15,222,138,18,156,378
10/24/2020,MHR,CA,AWP,WE,Federal Contract Tower,3,1,25,0,29,3,23,73,0,99,6,24,98,0,128,94,0,94,222
10/25/2020,MHR,CA,AWP,WE,Federal Contract Tower,0,4,23,0,27,0,9,65,2,76,0,13,88,2,103,58,0,58,161
10/26/2020,MHR,CA,AWP,WE,Federal Contract Tower,4,2,1,0,7,4,19,28,2,53,8,21,29,2,60,0,0,0,60
10/27/2020,MHR,CA,AWP,WE,Federal Contract Tower,19,5,34,0,58,19,25,116,11,171,38,30,150,11,229,226,26,252,481
10/28/2020,MHR,CA,AWP,WE,Federal Contract Tower,16,6,25,13,60,16,27,106,14,163,32,33,131,27,223,140,22,162,385
10/29/2020,MHR,CA,AWP,WE,Federal Contract Tower,15,13,32,24,84,15,43,114,37,209,30,56,146,61,293,168,30,198,491
10/30/2020,MHR,CA,AWP,WE,Federal Contract Tower,9,4,28,9,50,9,30,119,20,178,18,34,147,29,228,72,40,112,340
10/31/2020,MHR,CA,AWP,WE,Federal Contract Tower,2,0,7,2,11,2,10,81,2,95,4,10,88,4,106,84,0,84,190
11/01/2020,MHR,CA,AWP,WE,Federal Contract Tower,0,5,9,0,14,0,13,66,1,80,0,18,75,1,94,74,0,74,168
11/02/2020,MHR,CA,AWP,WE,Federal Contract Tower,4,6,18,1,29,4,18,86,4,112,8,24,104,5,141,98,0,98,239
11/03/2020,MHR,CA,AWP,WE,Federal Contract Tower,16,3,25,10,54,16,24,104,18,162,32,27,129,28,216,93,54,147,363
11/04/2020,MHR,CA,AWP,WE,Federal Contract Tower,18,11,30,7,66,18,39,113,20,190,36,50,143,27,256,126,16,142,398
11/05/2020,MHR,CA,AWP,WE,Federal Contract Tower,19,11,27,2,59,19,40,73,4,136,38,51,100,6,195,110,4,114,309
11/06/2020,MHR,CA,AWP,WE,Federal Contract Tower,10,4,25,2,41,10,35,56,23,124,20,39,81,25,165,20,2,22,187
11/07/2020,MHR,CA,AWP,WE,Federal Contract Tower,2,5,11,13,31,2,19,52,24,97,4,24,63,37,128,66,8,74,202
11/08/2020,MHR,CA,AWP,WE,Federal Contract Tower,3,2,9,3,17,3,16,37,4,60,6,18,46,7,77,46,4,50,127
11/09/2020,MHR,CA,AWP,WE,Federal Contract Tower,4,5,21,12,42,4,22,99,17,142,8,27,120,29,184,126,10,136,320
11/10/2020,MHR,CA,AWP,WE,Federal Contract Tower,15,8,22,7,52,15,33,68,8,124,30,41,90,15,176,156,16,172,348
11/11/2020,MHR,CA,AWP,WE,Federal Contract Tower,15,12,17,2,46,15,27,145,5,192,30,39,162,7,238,62,0,62,300
11/12/2020,MHR,CA,AWP,WE,Federal Contract Tower,15,3,34,5,57,15,28,104,8,155,30,31,138,13,212,156,24,180,392
11/13/2020,MHR,CA,AWP,WE,Federal Contract Tower,10,12,21,0,43,10,21,49,8,88,20,33,70,8,131,34,28,62,193
11/14/2020,MHR,CA,AWP,WE,Federal Contract Tower,2,7,11,0,20,2,15,39,0,56,4,22,50,0,76,2,0,2,78
11/15/2020,MHR,CA,AWP,WE,Federal Contract Tower,2,7,13,1,23,2,17,92,1,112,4,24,105,2,135,94,0,94,229
11/16/2020,MHR,CA,AWP,WE,Federal Contract Tower,3,2,8,0,13,3,20,101,3,127,6,22,109,3,140,78,0,78,218
11/17/2020,MHR,CA,AWP,WE,Federal Contract Tower,15,14,21,15,65,15,26,60,16,117,30,40,81,31,182,82,68,150,332
11/18/2020,MHR,CA,AWP,WE,Federal Contract Tower,16,16,16,2,50,16,32,23,5,76,32,48,39,7,126,10,36,46,172
11/19/2020,MHR,CA,AWP,WE,Federal Contract Tower,15,20,27,8,70,15,35,94,19,163,30,55,121,27,233,86,50,136,369
11/20/2020,MHR,CA,AWP,WE,Federal Contract Tower,9,2,19,10,40,9,37,126,20,192,18,39,145,30,232,216,52,268,500
11/21/2020,MHR,CA,AWP,WE,Federal Contract Tower,2,1,20,2,25,2,8,89,9,108,4,9,109,11,133,58,2,60,193
11/22/2020,MHR,CA,AWP,WE,Federal Contract Tower,3,2,15,1,21,3,11,78,7,99,6,13,93,8,120,148,18,166,286
11/23/2020,MHR,CA,AWP,WE,Federal Contract Tower,9,4,24,13,50,9,17,125,28,179,18,21,149,41,229,190,64,254,483
11/24/2020,MHR,CA,AWP,WE,Federal Contract Tower,27,5,23,5,60,34,42,101,74,251,61,47,124,79,311,111,36,147,458
11/25/2020,MHR,CA,AWP,WE,Federal Contract Tower,22,2,21,1,46,22,34,64,1,121,44,36,85,2,167,34,0,34,201
11/26/2020,MHR,CA,AWP,WE,Federal Contract Tower,3,1,3,0,7,3,3,18,0,24,6,4,21,0,31,4,0,4,35
11/27/2020,MHR,CA,AWP,WE,Federal Contract Tower,11,1,12,0,24,11,26,32,0,69,22,27,44,0,93,30,0,30,123
11/28/2020,MHR,CA,AWP,WE,Federal Contract Tower,2,2,20,0,24,2,12,71,0,85,4,14,91,0,109,68,0,68,177
11/29/2020,MHR,CA,AWP,WE,Federal Contract Tower,2,0,20,0,22,2,14,86,0,102,4,14,106,0,124,110,0,110,234
11/30/2020,MHR,CA,AWP,WE,Federal Contract Tower,6,4,20,1,31,6,31,102,8,147,12,35,122,9,178,92,0,92,270
12/01/2020,MHR,CA,AWP,WE,Federal Contract Tower,29,5,28,1,63,29,36,111,0,176,58,41,139,1,239,69,16,85,324
12/02/2020,MHR,CA,AWP,WE,Federal Contract Tower,21,6,32,11,70,21,40,88,25,174,42,46,120,36,244,70,28,98,342
12/03/2020,MHR,CA,AWP,WE,Federal Contract Tower,20,3,29,8,60,20,31,123,17,191,40,34,152,25,251,112,18,130,381
12/04/2020,MHR,CA,AWP,WE,Federal Contract Tower,19,5,17,6,47,19,30,80,6,135,38,35,97,12,182,82,14,96,278
12/05/2020,MHR,CA,AWP,WE,Federal Contract Tower,3,2,14,4,23,2,13,68,0,83,5,15,82,4,106,56,0,56,162
12/06/2020,MHR,CA,AWP,WE,Federal Contract Tower,4,2,17,0,23,4,22,133,1,160,8,24,150,1,183,118,0,118,301
12/07/2020,MHR,CA,AWP,WE,Federal Contract Tower,4,5,13,28,50,4,17,49,37,107,8,22,62,65,157,6,32,38,195
12/08/2020,MHR,CA,AWP,WE,Federal Contract Tower,24,4,34,2,64,27,37,116,14,194,51,41,150,16,258,138,0,138,396
12/09/2020,MHR,CA,AWP,WE,Federal Contract Tower,24,13,34,4,75,24,45,76,10,155,48,58,110,14,230,88,12,100,330
12/10/2020,MHR,CA,AWP,WE,Federal Contract Tower,24,7,41,3,75,24,19,123,13,179,48,26,164,16,254,142,0,142,396
12/11/2020,MHR,CA,AWP,WE,Federal Contract Tower,15,6,36,4,61,15,24,93,5,137,30,30,129,9,198,42,8,50,248
12/12/2020,MHR,CA,AWP,WE,Federal Contract Tower,4,5,12,0,21,4,13,13,0,30,8,18,25,0,51,0,0,0,51
12/14/2020,MHR,CA,AWP,WE,Federal Contract Tower,12,6,24,3,45,12,22,53,7,94,24,28,77,10,139,20,4,24,163
12/15/2020,MHR,CA,AWP,WE,Federal Contract Tower,35,7,46,6,94,36,28,84,14,162,71,35,130,20,256,2,52,54,310
12/16/2020,MHR,CA,AWP,WE,Federal Contract Tower,37,39,34,9,119,35,44,70,16,165,72,83,104,25,284,60,60,120,404
12/17/2020,MHR,CA,AWP,WE,Federal Contract Tower,38,10,46,5,99,38,25,68,9,140,76,35,114,14,239,20,16,36,275
12/18/2020,MHR,CA,AWP,WE,Federal Contract Tower,39,5,51,4,99,39,31,146,11,227,78,36,197,15,326,98,12,110,436
12/19/2020,MHR,CA,AWP,WE,Federal Contract Tower,34,4,30,0,68,35,23,70,0,128,69,27,100,0,196,58,0,58,254
12/21/2020,MHR,CA,AWP,WE,Federal Contract Tower,38,17,21,3,79,38,20,29,3,90,76,37,50,6,169,0,0,0,169
12/22/2020,MHR,CA,AWP,WE,Federal Contract Tower,34,14,27,4,79,34,30,49,4,117,68,44,76,8,196,12,4,16,212
12/23/2020,MHR,CA,AWP,WE,Federal Contract Tower,43,21,51,13,128,44,42,81,14,181,87,63,132,27,309,30,0,30,339
12/24/2020,MHR,CA,AWP,WE,Federal Contract Tower,25,7,28,0,60,25,20,61,0,106,50,27,89,0,166,52,0,52,218
12/25/2020,MHR,CA,AWP,WE,Federal Contract Tower,0,0,1,0,1,0,4,8,0,12,0,4,9,0,13,0,0,0,13
12/26/2020,MHR,CA,AWP,WE,Federal Contract Tower,3,6,17,0,26,3,20,52,0,75,6,26,69,0,101,60,0,60,161
12/28/2020,MHR,CA,AWP,WE,Federal Contract Tower,8,3,25,3,39,8,25,73,14,120,16,28,98,17,159,106,30,136,295
12/29/2020,MHR,CA,AWP,WE,Federal Contract Tower,27,10,16,1,54,26,28,90,3,147,53,38,106,4,201,134,18,152,353
12/30/2020,MHR,CA,AWP,WE,Federal Contract Tower,26,6,40,6,78,26,31,100,14,171,52,37,140,20,249,98,42,140,389
12/31/2020,MHR,CA,AWP,WE,Federal Contract Tower,14,6,24,6,50,14,27,57,7,105,28,33,81,13,155,8,0,8,163
01/01/2021,MHR,CA,AWP,WE,Federal Contract Tower,0,0,9,6,15,0,10,28,10,48,0,10,37,16,63,8,10,18,81
01/02/2021,MHR,CA,AWP,WE,Federal Contract Tower,3,4,23,2,32,3,12,34,2,51,6,16,57,4,83,18,0,18,101
01/03/2021,MHR,CA,AWP,WE,Federal Contract Tower,3,1,18,0,22,3,7,44,3,57,6,8,62,3,79,64,6,70,149
01/04/2021,MHR,CA,AWP,WE,Federal Contract Tower,5,10,14,0,29,0,21,19,0,40,5,31,33,0,69,2,0,2,71
01/05/2021,MHR,CA,AWP,WE,Federal Contract Tower,15,7,25,16,63,14,23,66,36,139,29,30,91,52,202,62,14,76,278
01/06/2021,MHR,CA,AWP,WE,Federal Contract Tower,16,12,25,7,60,16,30,76,13,135,32,42,101,20,195,118,56,174,369
01/07/2021,MHR,CA,AWP,WE,Federal Contract Tower,18,16,43,6,83,18,32,88,17,155,36,48,131,23,238,66,12,78,316
01/08/2021,MHR,CA,AWP,WE,Federal Contract Tower,9,6,16,2,33,9,18,55,6,88,18,24,71,8,121,52,8,60,181
01/09/2021,MHR,CA,AWP,WE,Federal Contract Tower,2,4,17,4,27,2,10,71,10,93,4,14,88,14,120,26,14,40,160
01/10/2021,MHR,CA,AWP,WE,Federal Contract Tower,2,0,20,3,25,2,9,67,4,82,4,9,87,7,107,64,10,74,181
01/11/2021,MHR,CA,AWP,WE,Federal Contract Tower,6,4,25,8,43,6,23,100,15,144,12,27,125,23,187,78,26,104,291
01/12/2021,MHR,CA,AWP,WE,Federal Contract Tower,16,18,35,7,76,16,42,123,20,201,32,60,158,27,277,150,86,236,513
01/13/2021,MHR,CA,AWP,WE,Federal Contract Tower,16,12,31,5,64,16,28,75,15,134,32,40,106,20,198,84,20,104,302
01/14/2021,MHR,CA,AWP,WE,Federal Contract Tower,17,14,14,16,61,17,14,16,16,63,34,28,30,32,124,0,0,0,124
01/15/2021,MHR,CA,AWP,WE,Federal Contract Tower,9,4,19,4,36,9,39,96,12,156,18,43,115,16,192,96,44,140,332
01/16/2021,MHR,CA,AWP,WE,Federal Contract Tower,1,5,22,2,30,1,7,80,4,92,2,12,102,6,122,40,2,42,164
01/17/2021,MHR,CA,AWP,WE,Federal Contract Tower,2,4,16,0,22,2,12,65,0,79,4,16,81,0,101,58,0,58,159
01/18/2021,MHR,CA,AWP,WE,Federal Contract Tower,6,3,6,3,18,6,13,37,3,59,12,16,43,6,77,24,0,24,101
01/19/2021,MHR,CA,AWP,WE,Federal Contract Tower,17,2,14,2,35,18,26,25,2,71,35,28,39,4,106,2,12,14,120
01/20/2021,MHR,CA,AWP,WE,Federal Contract Tower,17,4,26,8,55,17,39,120,26,202,34,43,146,34,257,168,38,206,463
01/21/2021,MHR,CA,AWP,WE,Federal Contract Tower,15,5,26,11,57,15,33,101,22,171,30,38,127,33,228,140,46,186,414
01/22/2021,MHR,CA,AWP,WE,Federal Contract Tower,9,9,12,4,34,9,20,25,12,66,18,29,37,16,100,0,12,12,112
01/23/2021,MHR,CA,AWP,WE,Federal Contract Tower,2,1,32,0,35,2,9,85,0,96,4,10,117,0,131,56,0,56,187
01/24/2021,MHR,CA,AWP,WE,Federal Contract Tower,2,0,22,0,24,2,2,38,0,42,4,2,60,0,66,34,0,34,100
01/25/2021,MHR,CA,AWP,WE,Federal Contract Tower,3,0,11,0,14,3,13,76,11,103,6,13,87,11,117,58,16,74,191
01/26/2021,MHR,CA,AWP,WE,Federal Contract Tower,15,8,3,0,26,15,17,48,4,84,30,25,51,4,110,52,0,52,162
01/27/2021,MHR,CA,AWP,WE,Federal Contract Tower,15,6,4,0,25,14,14,11,0,39,29,20,15,0,64,0,0,0,64
01/28/2021,MHR,CA,AWP,WE,Federal Contract Tower,17,8,5,2,32,17,20,8,2,47,34,28,13,4,79,0,0,0,79
01/29/2021,MHR,CA,AWP,WE,Federal Contract Tower,10,6,31,2,49,10,20,38,2,70,20,26,69,4,119,0,0,0,119
01/30/2021,MHR,CA,AWP,WE,Federal Contract Tower,2,0,29,0,31,2,10,122,0,134,4,10,151,0,165,154,0,154,319
02/01/2021,MHR,CA,AWP,WE,Federal Contract Tower,2,5,18,0,25,2,16,82,21,121,4,21,100,21,146,86,22,108,254
02/02/2021,MHR,CA,AWP,WE,Federal Contract Tower,12,8,27,3,50,12,21,27,5,65,24,29,54,8,115,8,22,30,145
02/03/2021,MHR,CA,AWP,WE,Federal Contract Tower,15,6,35,11,67,15,29,119,26,189,30,35,154,37,256,140,114,254,510
02/04/2021,MHR,CA,AWP,WE,Federal Contract Tower,15,1,45,19,80,15,25,134,37,211,30,26,179,56,291,138,30,168,459
02/05/2021,MHR,CA,AWP,WE,Federal Contract Tower,9,5,38,26,78,9,22,147,55,233,18,27,185,81,311,142,66,208,519
02/07/2021,MHR,CA,AWP,WE,Federal Contract Tower,2,2,11,2,17,1,10,97,5,113,3,12,108,7,130,156,16,172,302
02/08/2021,MHR,CA,AWP,WE,Federal Contract Tower,3,1,27,3,34,3,15,113,6,137,6,16,140,9,171,82,16,98,269
02/09/2021,MHR,CA,AWP,WE,Federal Contract Tower,16,6,23,16,61,16,25,115,39,195,32,31,138,55,256,180,84,264,520
02/10/2021,MHR,CA,AWP,WE,Federal Contract Tower,15,2,21,24,62,15,20,122,39,196,30,22,143,63,258,136,60,196,454
02/11/2021,MHR,CA,AWP,WE,Federal Contract Tower,14,15,20,29,78,14,31,82,41,168,28,46,102,70,246,164,80,244,490
02/12/2021,MHR,CA,AWP,WE,Federal Contract Tower,13,7,35,13,68,13,23,76,15,127,26,30,111,28,195,50,28,78,273
02/13/2021,MHR,CA,AWP,WE,Federal Contract Tower,4,2,13,0,19,4,12,46,4,66,8,14,59,4,85,32,2,34,119
02/14/2021,MHR,CA,AWP,WE,Federal Contract Tower,2,2,18,0,22,2,5,88,0,95,4,7,106,0,117,125,0,125,242
02/15/2021,MHR,CA,AWP,WE,Federal Contract Tower,3,3,44,0,50,3,19,50,0,72,6,22,94,0,122,0,0,0,122
02/16/2021,MHR,CA,AWP,WE,Federal Contract Tower,9,5,26,15,55,9,20,76,22,127,18,25,102,37,182,104,62,166,348
02/17/2021,MHR,CA,AWP,WE,Federal Contract Tower,12,0,23,11,46,12,12,68,21,113,24,12,91,32,159,44,20,64,223
02/18/2021,MHR,CA,AWP,WE,Federal Contract Tower,14,2,11,3,30,14,19,60,15,108,28,21,71,18,138,76,22,98,236
02/19/2021,MHR,CA,AWP,WE,Federal Contract Tower,13,13,23,4,53,14,23,24,5,66,27,36,47,9,119,0,0,0,119
02/20/2021,MHR,CA,AWP,WE,Federal Contract Tower,2,0,11,0,13,2,9,86,0,97,4,9,97,0,110,92,0,92,202
02/21/2021,MHR,CA,AWP,WE,Federal Contract Tower,2,1,36,0,39,2,4,154,0,160,4,5,190,0,199,220,0,220,419
02/22/2021,MHR,CA,AWP,WE,Federal Contract Tower,4,2,18,8,32,4,14,119,20,157,8,16,137,28,189,234,56,290,479
02/23/2021,MHR,CA,AWP,WE,Federal Contract Tower,15,4,14,10,43,15,21,85,23,144,30,25,99,33,187,62,58,120,307
02/24/2021,MHR,CA,AWP,WE,Federal Contract Tower,14,4,24,0,42,14,19,81,14,128,28,23,105,14,170,72,22,94,264
02/25/2021,MHR,CA,AWP,WE,Federal Contract Tower,17,14,28,38,97,17,40,121,51,229,34,54,149,89,326,186,62,248,574
02/26/2021,MHR,CA,AWP,WE,Federal Contract Tower,11,2,21,8,42,11,18,73,23,125,22,20,94,31,167,118,20,138,305
02/27/2021,MHR,CA,AWP,WE,Federal Contract Tower,2,0,9,4,15,2,12,25,16,55,4,12,34,20,70,2,0,2,72
03/01/2021,MHR,CA,AWP,WE,Federal Contract Tower,2,0,22,0,24,11,2,105,19,137,13,2,127,19,161,150,38,188,349
03/02/2021,MHR,CA,AWP,WE,Federal Contract Tower,15,9,29,14,67,15,35,98,18,166,30,44,127,32,233,152,42,194,427
03/03/2021,MHR,CA,AWP,WE,Federal Contract Tower,15,4,18,4,41,15,27,65,13,120,30,31,83,17,161,212,40,252,413
03/04/2021,MHR,CA,AWP,WE,Federal Contract Tower,15,3,30,10,58,15,29,104,16,164,30,32,134,26,222,126,56,182,404
03/05/2021,MHR,CA,AWP,WE,Federal Contract Tower,9,3,48,3,63,9,27,100,7,143,18,30,148,10,206,82,12,94,300
03/06/2021,MHR,CA,AWP,WE,Federal Contract Tower,2,2,7,2,13,2,15,76,2,95,4,17,83,4,108,50,4,54,162
03/07/2021,MHR,CA,AWP,WE,Federal Contract Tower,2,3,17,1,23,2,15,92,0,109,4,18,109,1,132,106,0,106,238
03/08/2021,MHR,CA,AWP,WE,Federal Contract Tower,3,3,17,4,27,3,13,57,16,89,6,16,74,20,116,16,72,88,204
03/09/2021,MHR,CA,AWP,WE,Federal Contract Tower,14,5,16,6,41,14,15,38,2,69,28,20,54,8,110,104,44,148,258
03/10/2021,MHR,CA,AWP,WE,Federal Contract Tower,16,10,9,0,35,16,18,15,4,53,32,28,24,4,88,0,0,0,88
03/11/2021,MHR,CA,AWP,WE,Federal Contract Tower,16,2,31,4,53,16,30,88,10,144,32,32,119,14,197,192,6,198,395
03/12/2021,MHR,CA,AWP,WE,Federal Contract Tower,11,5,36,9,61,11,27,123,8,169,22,32,159,17,230,118,10,128,358
03/13/2021,MHR,CA,AWP,WE,Federal Contract Tower,2,5,10,0,17,2,20,85,0,107,4,25,95,0,124,40,0,40,164
03/14/2021,MHR,CA,AWP,WE,Federal Contract Tower,2,1,13,0,16,2,8,42,0,52,4,9,55,0,68,30,0,30,98
03/15/2021,MHR,CA,AWP,WE,Federal Contract Tower,3,3,20,0,26,3,10,50,8,71,6,13,70,8,97,24,36,60,157
03/16/2021,MHR,CA,AWP,WE,Federal Contract Tower,15,6,31,8,60,15,26,91,16,148,30,32,122,24,208,102,46,148,356
03/17/2021,MHR,CA,AWP,WE,Federal Contract Tower,17,5,18,19,59,16,28,61,24,129,33,33,79,43,188,88,40,128,316
03/18/2021,MHR,CA,AWP,WE,Federal Contract Tower,16,12,20,24,72,16,14,35,31,96,32,26,55,55,168,42,56,98,266
03/19/2021,MHR,CA,AWP,WE,Federal Contract Tower,9,5,40,1,55,9,21,57,5,92,18,26,97,6,147,26,0,26,173
03/20/2021,MHR,CA,AWP,WE,Federal Contract Tower,2,5,18,1,26,2,12,72,0,86,4,17,90,1,112,54,12,66,178
03/21/2021,MHR,CA,AWP,WE,Federal Contract Tower,2,2,19,0,23,2,7,91,6,106,4,9,110,6,129,94,2,96,225
03/22/2021,MHR,CA,AWP,WE,Federal Contract Tower,6,8,15,5,34,6,18,96,12,132,12,26,111,17,166,110,20,130,296
03/23/2021,MHR,CA,AWP,WE,Federal Contract Tower,17,3,7,0,27,17,20,26,2,65,34,23,33,2,92,4,0,4,96
03/24/2021,MHR,CA,AWP,WE,Federal Contract Tower,16,3,21,13,53,16,28,61,29,134,32,31,82,42,187,70,64,134,321
03/25/2021,MHR,CA,AWP,WE,Federal Contract Tower,17,1,40,11,69,17,20,72,19,128,34,21,112,30,197,70,6,76,273
03/26/2021,MHR,CA,AWP,WE,Federal Contract Tower,6,3,28,2,39,10,34,68,5,117,16,37,96,7,156,40,12,52,208
03/27/2021,MHR,CA,AWP,WE,Federal Contract Tower,2,0,30,5,37,2,14,74,14,104,4,14,104,19,141,62,6,68,209
03/28/2021,MHR,CA,AWP,WE,Federal Contract Tower,2,2,4,3,11,2,5,25,11,43,4,7,29,14,54,22,6,28,82
03/30/2021,MHR,CA,AWP,WE,Federal Contract Tower,14,3,21,2,40,14,23,48,19,104,28,26,69,21,144,10,8,18,162
03/31/2021,MHR,CA,AWP,WE,Federal Contract Tower,18,1,28,6,53,18,24,108,14,164,36,25,136,20,217,50,22,72,289
04/01/2021,MHR,CA,AWP,WE,Federal Contract Tower,16,3,33,13,65,16,32,100,16,164,32,35,133,29,229,78,48,126,355
04/02/2021,MHR,CA,AWP,WE,Federal Contract Tower,8,1,17,3,29,8,28,69,4,109,16,29,86,7,138,58,19,77,215
04/03/2021,MHR,CA,AWP,WE,Federal Contract Tower,2,2,18,0,22,2,15,45,0,62,4,17,63,0,84,8,0,8,92
04/04/2021,MHR,CA,AWP,WE,Federal Contract Tower,2,0,15,0,17,2,12,32,0,46,4,12,47,0,63,0,0,0,63
04/05/2021,MHR,CA,AWP,WE,Federal Contract Tower,5,5,31,3,44,5,23,46,5,79,10,28,77,8,123,12,4,16,139
04/06/2021,MHR,CA,AWP,WE,Federal Contract Tower,14,6,24,16,60,14,26,82,26,148,28,32,106,42,208,36,42,78,286
04/07/2021,MHR,CA,AWP,WE,Federal Contract Tower,15,6,32,17,70,15,24,71,31,141,30,30,103,48,211,56,80,136,347
04/08/2021,MHR,CA,AWP,WE,Federal Contract Tower,13,3,35,16,67,13,36,110,24,183,26,39,145,40,250,60,8,68,318
04/09/2021,MHR,CA,AWP,WE,Federal Contract Tower,9,4,34,2,49,9,29,101,3,142,18,33,135,5,191,48,0,48,239
04/10/2021,MHR,CA,AWP,WE,Federal Contract Tower,8,0,17,17,42,8,13,54,34,109,16,13,71,51,151,12,44,56,207
04/11/2021,MHR,CA,AWP,WE,Federal Contract Tower,2,2,16,7,27,2,7,34,7,50,4,9,50,14,77,10,0,10,87
04/12/2021,MHR,CA,AWP,WE,Federal Contract Tower,3,2,15,3,23,3,13,67,17,100,6,15,82,20,123,95,42,137,260
04/13/2021,MHR,CA,AWP,WE,Federal Contract Tower,14,1,21,8,44,14,20,73,10,117,28,21,94,18,161,58,38,96,257
04/14/2021,MHR,CA,AWP,WE,Federal Contract Tower,16,3,19,4,42,16,29,69,13,127,32,32,88,17,169,84,8,92,261
04/15/2021,MHR,CA,AWP,WE,Federal Contract Tower,16,2,13,2,33,16,27,68,4,115,32,29,81,6,148,42,20,62,210
04/16/2021,MHR,CA,AWP,WE,Federal Contract Tower,9,2,38,0,49,9,26,118,5,158,18,28,156,5,207,38,0,38,245
04/17/2021,MHR,CA,AWP,WE,Federal Contract Tower,2,1,12,0,15,2,15,53,0,70,4,16,65,0,85,24,4,28,113
04/19/2021,MHR,CA,AWP,WE,Federal Contract Tower,6,4,16,2,28,6,20,78,8,112,12,24,94,10,140,78,0,78,218
04/20/2021,MHR,CA,AWP,WE,Federal Contract Tower,14,2,25,3,44,14,21,72,16,123,28,23,97,19,167,60,36,96,263
04/21/2021,MHR,CA,AWP,WE,Federal Contract Tower,17,3,36,8,64,17,35,96,17,165,34,38,132,25,229,80,20,100,329
04/22/2021,MHR,CA,AWP,WE,Federal Contract Tower,16,8,25,9,58,16,33,75,16,140,32,41,100,25,198,60,54,114,312
04/23/2021,MHR,CA,AWP,WE,Federal Contract Tower,10,2,32,3,47,10,13,69,8,100,20,15,101,11,147,28,10,38,185
04/24/2021,MHR,CA,AWP,WE,Federal Contract Tower,2,0,20,5,27,2,20,66,16,104,4,20,86,21,131,14,16,30,161
04/25/2021,MHR,CA,AWP,WE,Federal Contract Tower,2,3,21,4,30,2,8,42,13,65,4,11,63,17,95,18,10,28,123
04/26/2021,MHR,CA,AWP,WE,Federal Contract Tower,5,2,18,8,33,5,16,102,13,136,10,18,120,21,169,56,34,90,259
04/27/2021,MHR,CA,AWP,WE,Federal Contract Tower,17,0,13,5,35,17,13,80,0,110,34,13,93,5,145,80,8,88,233
04/28/2021,MHR,CA,AWP,WE,Federal Contract Tower,18,3,31,3,55,18,30,79,13,140,36,33,110,16,195,120,16,136,331
04/29/2021,MHR,CA,AWP,WE,Federal Contract Tower,16,8,21,6,51,16,39,92,9,156,32,47,113,15,207,60,6,66,273
04/30/2021,MHR,CA,AWP,WE,Federal Contract Tower,10,9,36,1,56,10,36,95,2,143,20,45,131,3,199,78,0,78,277
05/01/2021,MHR,CA,AWP,WE,Federal Contract Tower,2,0,17,0,19,2,10,75,0,87,4,10,92,0,106,28,0,28,134
05/02/2021,MHR,CA,AWP,WE,Federal Contract Tower,2,0,13,0,15,2,4,29,0,35,4,4,42,0,50,2,0,2,52
05/03/2021,MHR,CA,AWP,WE,Federal Contract Tower,5,2,17,5,29,5,21,35,8,69,10,23,52,13,98,0,0,0,98
05/04/2021,MHR,CA,AWP,WE,Federal Contract Tower,14,2,36,0,52,14,38,89,4,145,28,40,125,4,197,96,0,96,293
05/05/2021,MHR,CA,AWP,WE,Federal Contract Tower,17,3,22,3,45,17,22,97,11,147,34,25,119,14,192,80,18,98,290
05/06/2021,MHR,CA,AWP,WE,Federal Contract Tower,15,2,14,7,38,15,31,71,10,127,30,33,85,17,165,54,22,76,241
05/07/2021,MHR,CA,AWP,WE,Federal Contract Tower,12,3,31,21,67,12,21,73,28,134,24,24,104,49,201,76,28,104,305
05/08/2021,MHR,CA,AWP,WE,Federal Contract Tower,4,3,7,2,16,4,71,26,3,104,8,74,33,5,120,2,6,8,128
05/09/2021,MHR,CA,AWP,WE,Federal Contract Tower,2,2,11,4,19,2,7,30,4,43,4,9,41,8,62,56,8,64,126
05/10/2021,MHR,CA,AWP,WE,Federal Contract Tower,3,1,22,3,29,3,13,42,2,60,6,14,64,5,89,16,10,26,115
05/11/2021,MHR,CA,AWP,WE,Federal Contract Tower,18,8,18,9,53,18,30,80,13,141,36,38,98,22,194,70,20,90,284
05/12/2021,MHR,CA,AWP,WE,Federal Contract Tower,18,4,39,5,66,18,34,81,14,147,36,38,120,19,213,102,58,160,373
05/13/2021,MHR,CA,AWP,WE,Federal Contract Tower,14,3,25,8,50,14,40,79,13,146,28,43,104,21,196,92,48,140,336
05/14/2021,MHR,CA,AWP,WE,Federal Contract Tower,9,9,16,5,39,9,47,55,5,116,18,56,71,10,155,54,28,82,237
05/15/2021,MHR,CA,AWP,WE,Federal Contract Tower,3,2,16,0,21,3,14,43,2,62,6,16,59,2,83,58,0,58,141
05/16/2021,MHR,CA,AWP,WE,Federal Contract Tower,0,2,14,2,18,0,6,65,1,72,0,8,79,3,90,47,0,47,137
05/17/2021,MHR,CA,AWP,WE,Federal Contract Tower,7,3,25,1,36,7,12,61,9,89,14,15,86,10,125,146,18,164,289
05/18/2021,MHR,CA,AWP,WE,Federal Contract Tower,14,1,24,5,44,14,16,74,11,115,28,17,98,16,159,48,12,60,219
05/19/2021,MHR,CA,AWP,WE,Federal Contract Tower,14,16,25,5,60,14,34,48,6,102,28,50,73,11,162,20,10,30,192
05/20/2021,MHR,CA,AWP,WE,Federal Contract Tower,13,3,32,4,52,13,29,58,17,117,26,32,90,21,169,24,20,44,213
05/21/2021,MHR,CA,AWP,WE,Federal Contract Tower,10,5,26,0,41,10,22,61,1,94,20,27,87,1,135,20,0,20,155
05/22/2021,MHR,CA,AWP,WE,Federal Contract Tower,2,6,11,0,19,2,17,70,1,90,4,23,81,1,109,126,0,126,235
05/23/2021,MHR,CA,AWP,WE,Federal Contract Tower,2,6,19,0,27,2,11,68,0,81,4,17,87,0,108,117,0,117,225
05/24/2021,MHR,CA,AWP,WE,Federal Contract Tower,4,4,20,7,35,4,15,68,14,101,8,19,88,21,136,46,28,74,210
05/25/2021,MHR,CA,AWP,WE,Federal Contract Tower,13,4,31,4,52,13,19,94,10,136,26,23,125,14,188,144,32,176,364
05/26/2021,MHR,CA,AWP,WE,Federal Contract Tower,14,4,34,14,66,14,26,93,23,156,28,30,127,37,222,166,30,196,418
05/27/2021,MHR,CA,AWP,WE,Federal Contract Tower,18,4,30,30,82,18,28,84,37,167,36,32,114,67,249,126,34,160,409
05/28/2021,MHR,CA,AWP,WE,Federal Contract Tower,9,0,28,2,39,9,21,86,2,118,18,21,114,4,157,90,0,90,247
05/29/2021,MHR,CA,AWP,WE,Federal Contract Tower,3,0,9,0,12,3,18,56,0,77,6,18,65,0,89,104,0,104,193
05/30/2021,MHR,CA,AWP,WE,Federal Contract Tower,0,2,14,0,16,0,12,60,5,77,0,14,74,5,93,124,0,124,217
05/31/2021,MHR,CA,AWP,WE,Federal Contract Tower,2,2,8,2,14,2,12,30,14,58,4,14,38,16,72,0,0,0,72
06/01/2021,MHR,CA,AWP,WE,Federal Contract Tower,8,6,29,11,54,8,29,73,13,123,16,35,102,24,177,74,0,74,251
06/02/2021,MHR,CA,AWP,WE,Federal Contract Tower,14,9,18,16,57,14,31,60,19,124,28,40,78,35,181,110,28,138,319
06/03/2021,MHR,CA,AWP,WE,Federal Contract Tower,14,0,20,8,42,14,26,75,18,133,28,26,95,26,175,132,30,162,337
06/04/2021,MHR,CA,AWP,WE,Federal Contract Tower,9,4,33,4,50,9,26,87,10,132,18,30,120,14,182,98,40,138,320
06/05/2021,MHR,CA,AWP,WE,Federal Contract Tower,2,0,7,0,9,2,23,46,0,71,4,23,53,0,80,114,0,114,194
06/06/2021,MHR,CA,AWP,WE,Federal Contract Tower,2,1,23,0,26,2,14,60,0,76,4,15,83,0,102,64,0,64,166
06/07/2021,MHR,CA,AWP,WE,Federal Contract Tower,4,5,18,5,32,4,22,60,10,96,8,27,78,15,128,56,0,56,184
06/08/2021,MHR,CA,AWP,WE,Federal Contract Tower,12,2,14,13,41,12,16,38,23,89,24,18,52,36,130,6,28,34,164
06/09/2021,MHR,CA,AWP,WE,Federal Contract Tower,15,7,34,13,69,15,26,83,15,139,30,33,117,28,208,74,18,92,300
06/10/2021,MHR,CA,AWP,WE,Federal Contract Tower,15,9,15,19,58,15,34,71,14,134,30,43,86,33,192,48,12,60,252
06/11/2021,MHR,CA,AWP,WE,Federal Contract Tower,10,1,15,2,28,10,19,60,9,98,20,20,75,11,126,78,4,82,208
06/12/2021,MHR,CA,AWP,WE,Federal Contract Tower,2,3,6,1,12,2,28,51,4,85,4,31,57,5,97,82,0,82,179
06/13/2021,MHR,CA,AWP,WE,Federal Contract Tower,2,0,11,1,14,2,10,52,2,66,4,10,63,3,80,56,0,56,136
06/14/2021,MHR,CA,AWP,WE,Federal Contract Tower,4,4,37,5,50,4,23,74,6,107,8,27,111,11,157,29,6,35,192
06/15/2021,MHR,CA,AWP,WE,Federal Contract Tower,14,2,31,17,64,14,24,58,11,107,28,26,89,28,171,58,22,80,251
06/16/2021,MHR,CA,AWP,WE,Federal Contract Tower,14,1,23,1,39,14,34,58,4,110,28,35,81,5,149,88,4,92,241
06/17/2021,MHR,CA,AWP,WE,Federal Contract Tower,14,4,16,2,36,14,28,45,5,92,28,32,61,7,128,82,0,82,210
06/18/2021,MHR,CA,AWP,WE,Federal Contract Tower,11,1,40,2,54,11,17,85,5,118,22,18,125,7,172,102,0,102,274
06/19/2021,MHR,CA,AWP,WE,Federal Contract Tower,2,9,11,2,24,2,31,43,6,82,4,40,54,8,106,16,0,16,122
06/20/2021,MHR,CA,AWP,WE,Federal Contract Tower,2,6,5,5,18,1,12,45,11,69,3,18,50,16,87,66,18,84,171
06/21/2021,MHR,CA,AWP,WE,Federal Contract Tower,4,6,22,15,47,4,23,49,0,76,8,29,71,15,123,39,6,45,168
06/22/2021,MHR,CA,AWP,WE,Federal Contract Tower,14,2,52,16,84,14,21,85,23,143,28,23,137,39,227,72,36,108,335
06/23/2021,MHR,CA,AWP,WE,Federal Contract Tower,16,4,54,9,83,16,30,111,25,182,32,34,165,34,265,18,26,44,309
06/24/2021,MHR,CA,AWP,WE,Federal Contract Tower,14,2,18,8,42,14,20,78,17,129,28,22,96,25,171,37,40,77,248
06/25/2021,MHR,CA,AWP,WE,Federal Contract Tower,9,4,39,12,64,9,34,64,20,127,18,38,103,32,191,36,48,84,275
06/26/2021,MHR,CA,AWP,WE,Federal Contract Tower,2,3,5,0,10,2,23,44,2,71,4,26,49,2,81,36,0,36,117
06/27/2021,MHR,CA,AWP,WE,Federal Contract Tower,2,1,35,2,40,2,11,80,6,99,4,12,115,8,139,38,22,60,199
06/28/2021,MHR,CA,AWP,WE,Federal Contract Tower,4,2,15,10,31,3,12,76,20,111,7,14,91,30,142,50,32,82,224
06/29/2021,MHR,CA,AWP,WE,Federal Contract Tower,13,1,21,7,42,13,23,65,14,115,26,24,86,21,157,56,12,68,225
06/30/2021,MHR,CA,AWP,WE,Federal Contract Tower,15,1,16,10,42,15,17,73,10,115,30,18,89,20,157,114,26,140,297
07/01/2021,MHR,CA,AWP,WE,Federal Contract Tower,15,1,24,14,54,15,26,76,17,134,30,27,100,31,188,88,16,104,292
07/02/2021,MHR,CA,AWP,WE,Federal Contract Tower,9,2,21,0,32,9,14,64,2,89,18,16,85,2,121,86,0,86,207
07/03/2021,MHR,CA,AWP,WE,Federal Contract Tower,2,5,10,0,17,2,19,68,0,89,4,24,78,0,106,56,0,56,162
07/04/2021,MHR,CA,AWP,WE,Federal Contract Tower,0,1,3,0,4,0,8,13,0,21,0,9,16,0,25,0,0,0,25
07/05/2021,MHR,CA,AWP,WE,Federal Contract Tower,1,4,21,2,28,1,18,72,2,93,2,22,93,4,121,56,22,78,199
07/06/2021,MHR,CA,AWP,WE,Federal Contract Tower,8,5,21,20,54,8,21,72,21,122,16,26,93,41,176,110,64,174,350
07/07/2021,MHR,CA,AWP,WE,Federal Contract Tower,13,10,39,11,73,13,29,90,13,145,26,39,129,24,218,114,36,150,368
07/08/2021,MHR,CA,AWP,WE,Federal Contract Tower,13,3,40,13,69,13,39,117,18,187,26,42,157,31,256,114,34,148,404
07/09/2021,MHR,CA,AWP,WE,Federal Contract Tower,9,0,19,3,31,9,16,78,8,111,18,16,97,11,142,78,6,84,226
07/10/2021,MHR,CA,AWP,WE,Federal Contract Tower,2,2,8,1,13,2,11,43,4,60,4,13,51,5,73,20,0,20,93
07/11/2021,MHR,CA,AWP,WE,Federal Contract Tower,2,0,19,0,21,2,4,80,3,89,4,4,99,3,110,2,6,8,118
07/12/2021,MHR,CA,AWP,WE,Federal Contract Tower,4,3,11,0,18,4,18,69,3,94,8,21,80,3,112,66,6,72,184
07/13/2021,MHR,CA,AWP,WE,Federal Contract Tower,12,3,29,9,53,12,29,60,10,111,24,32,89,19,164,88,34,122,286
07/14/2021,MHR,CA,AWP,WE,Federal Contract Tower,12,7,25,10,54,12,32,71,34,149,24,39,96,44,203,118,60,178,381
07/15/2021,MHR,CA,AWP,WE,Federal Contract Tower,11,8,27,11,57,11,35,68,21,135,22,43,95,32,192,142,46,188,380
07/16/2021,MHR,CA,AWP,WE,Federal Contract Tower,8,4,28,10,50,8,22,76,24,130,16,26,104,34,180,68,32,100,280
07/17/2021,MHR,CA,AWP,WE,Federal Contract Tower,2,0,21,1,24,2,16,59,9,86,4,16,80,10,110,72,0,72,182
07/18/2021,MHR,CA,AWP,WE,Federal Contract Tower,2,3,29,0,34,1,5,71,10,87,3,8,100,10,121,24,2,26,147
07/19/2021,MHR,CA,AWP,WE,Federal Contract Tower,4,8,19,10,41,4,28,73,33,138,8,36,92,43,179,48,16,64,243
07/20/2021,MHR,CA,AWP,WE,Federal Contract Tower,11,8,22,9,50,11,28,70,25,134,22,36,92,34,184,114,40,154,338
07/21/2021,MHR,CA,AWP,WE,Federal Contract Tower,9,14,19,14,56,9,41,61,41,152,18,55,80,55,208,62,28,90,298
07/22/2021,MHR,CA,AWP,WE,Federal Contract Tower,13,3,41,27,84,13,30,76,49,168,26,33,117,76,252,98,20,118,370
07/23/2021,MHR,CA,AWP,WE,Federal Contract Tower,10,2,16,10,38,10,23,47,25,105,20,25,63,35,143,64,32,96,239
07/24/2021,MHR,CA,AWP,WE,Federal Contract Tower,2,5,26,0,33,2,10,47,10,69,4,15,73,10,102,54,0,54,156
07/25/2021,MHR,CA,AWP,WE,Federal Contract Tower,2,2,30,3,37,2,9,62,19,92,4,11,92,22,129,56,0,56,185
07/26/2021,MHR,CA,AWP,WE,Federal Contract Tower,5,2,14,10,31,5,17,69,23,114,10,19,83,33,145,70,26,96,241
07/27/2021,MHR,CA,AWP,WE,Federal Contract Tower,12,7,17,9,45,12,23,47,21,103,24,30,64,30,148,90,14,104,252
07/28/2021,MHR,CA,AWP,WE,Federal Contract Tower,12,6,18,12,48,12,27,46,18,103,24,33,64,30,151,40,0,40,191
07/29/2021,MHR,CA,AWP,WE,Federal Contract Tower,12,6,32,12,62,12,28,85,17,142,24,34,117,29,204,86,52,138,342
07/31/2021,MHR,CA,AWP,WE,Federal Contract Tower,3,3,21,3,30,2,15,55,3,75,5,18,76,6,105,20,0,20,125
08/01/2021,MHR,CA,AWP,WE,Federal Contract Tower,4,0,23,2,29,4,8,49,3,64,8,8,72,5,93,32,0,32,125
08/02/2021,MHR,CA,AWP,WE,Federal Contract Tower,4,0,26,10,40,4,18,71,7,100,8,18,97,17,140,52,40,92,232
08/03/2021,MHR,CA,AWP,WE,Federal Contract Tower,10,1,10,16,37,10,20,61,28,119,20,21,71,44,156,106,52,158,314
08/04/2021,MHR,CA,AWP,WE,Federal Contract Tower,12,3,23,14,52,12,23,66,18,119,24,26,89,32,171,42,24,66,237
08/05/2021,MHR,CA,AWP,WE,Federal Contract Tower,12,11,31,10,64,12,31,61,28,132,24,42,92,38,196,42,68,110,306
08/06/2021,MHR,CA,AWP,WE,Federal Contract Tower,7,9,34,18,68,7,18,54,22,101,14,27,88,40,169,42,39,81,250
08/07/2021,MHR,CA,AWP,WE,Federal Contract Tower,2,4,11,16,33,2,13,23,23,61,4,17,34,39,94,18,8,26,120
08/08/2021,MHR,CA,AWP,WE,Federal Contract Tower,2,3,15,10,30,2,14,61,22,99,4,17,76,32,129,38,8,46,175
08/09/2021,MHR,CA,AWP,WE,Federal Contract Tower,6,1,26,41,74,6,30,98,53,187,12,31,124,94,261,107,68,175,436
08/10/2021,MHR,CA,AWP,WE,Federal Contract Tower,10,2,60,24,96,14,34,118,30,196,24,36,178,54,292,118,50,168,460
08/11/2021,MHR,CA,AWP,WE,Federal Contract Tower,12,3,46,14,75,12,27,104,20,163,24,30,150,34,238,132,32,164,402
08/12/2021,MHR,CA,AWP,WE,Federal Contract Tower,11,2,35,27,75,11,36,83,31,161,22,38,118,58,236,64,38,102,338
08/13/2021,MHR,CA,AWP,WE,Federal Contract Tower,8,8,22,17,55,8,23,66,26,123,16,31,88,43,178,84,44,128,306
08/14/2021,MHR,CA,AWP,WE,Federal Contract Tower,2,0,29,3,34,2,9,51,7,69,4,9,80,10,103,12,0,12,115
08/15/2021,MHR,CA,AWP,WE,Federal Contract Tower,3,6,14,1,24,3,15,55,2,75,6,21,69,3,99,34,0,34,133
08/16/2021,MHR,CA,AWP,WE,Federal Contract Tower,6,3,41,7,57,6,18,70,10,104,12,21,111,17,161,62,16,78,239
08/17/2021,MHR,CA,AWP,WE,Federal Contract Tower,18,4,29,9,60,18,37,72,11,138,36,41,101,20,198,44,20,64,262
08/18/2021,MHR,CA,AWP,WE,Federal Contract Tower,12,12,33,15,72,12,28,36,27,103,24,40,69,42,175,20,18,38,213
08/19/2021,MHR,CA,AWP,WE,Federal Contract Tower,12,4,25,10,51,12,26,65,17,120,24,30,90,27,171,110,46,156,327
08/20/2021,MHR,CA,AWP,WE,Federal Contract Tower,8,2,29,6,45,8,32,41,14,95,16,34,70,20,140,4,10,14,154
08/21/2021,MHR,CA,AWP,WE,Federal Contract Tower,2,5,13,1,21,2,12,32,14,60,4,17,45,15,81,18,8,26,107
08/22/2021,MHR,CA,AWP,WE,Federal Contract Tower,2,0,28,1,31,2,12,66,16,96,4,12,94,17,127,70,2,72,199
08/23/2021,MHR,CA,AWP,WE,Federal Contract Tower,6,3,26,0,35,6,27,65,14,112,12,30,91,14,147,106,0,106,253
08/24/2021,MHR,CA,AWP,WE,Federal Contract Tower,19,8,14,1,42,19,32,91,1,143,38,40,105,2,185,94,8,102,287
08/25/2021,MHR,CA,AWP,WE,Federal Contract Tower,12,20,24,6,62,12,50,72,17,151,24,70,96,23,213,42,46,88,301
08/26/2021,MHR,CA,AWP,WE,Federal Contract Tower,14,13,25,15,67,14,40,44,18,116,28,53,69,33,183,18,22,40,223
08/27/2021,MHR,CA,AWP,WE,Federal Contract Tower,11,9,25,3,48,11,24,57,17,109,22,33,82,20,157,70,14,84,241
08/28/2021,MHR,CA,AWP,WE,Federal Contract Tower,2,17,12,1,32,2,20,13,4,39,4,37,25,5,71,0,0,0,71
08/29/2021,MHR,CA,AWP,WE,Federal Contract Tower,2,8,40,0,50,2,12,68,6,88,4,20,108,6,138,14,0,14,152
08/30/2021,MHR,CA,AWP,WE,Federal Contract Tower,3,0,25,2,30,3,8,69,8,88,6,8,94,10,118,40,8,48,166
08/31/2021,MHR,CA,AWP,WE,Federal Contract Tower,12,4,20,7,43,12,12,79,15,118,24,16,99,22,161,0,0,0,161
09/01/2021,MHR,CA,AWP,WE,Federal Contract Tower,12,10,26,3,51,12,33,75,20,140,24,43,101,23,191,142,16,158,349
09/02/2021,MHR,CA,AWP,WE,Federal Contract Tower,12,5,15,3,35,12,37,64,20,133,24,42,79,23,168,54,50,104,272
09/03/2021,MHR,CA,AWP,WE,Federal Contract Tower,10,4,19,6,39,10,29,54,26,119,20,33,73,32,158,70,0,70,228
09/04/2021,MHR,CA,AWP,WE,Federal Contract Tower,2,3,15,1,21,2,19,28,7,56,4,22,43,8,77,4,0,4,81
09/05/2021,MHR,CA,AWP,WE,Federal Contract Tower,1,4,4,3,12,1,11,33,28,73,2,15,37,31,85,48,0,48,133
09/06/2021,MHR,CA,AWP,WE,Federal Contract Tower,1,4,19,0,24,1,10,40,14,65,2,14,59,14,89,0,0,0,89
09/07/2021,MHR,CA,AWP,WE,Federal Contract Tower,5,2,27,10,44,5,26,73,20,124,10,28,100,30,168,78,10,88,256
09/08/2021,MHR,CA,AWP,WE,Federal Contract Tower,11,11,19,24,65,11,33,52,50,146,22,44,71,74,211,64,54,118,329
09/09/2021,MHR,CA,AWP,WE,Federal Contract Tower,12,3,20,6,41,12,28,56,40,136,24,31,76,46,177,52,48,100,277
09/10/2021,MHR,CA,AWP,WE,Federal Contract Tower,12,9,23,10,54,12,38,49,23,122,24,47,72,33,176,26,42,68,244
09/11/2021,MHR,CA,AWP,WE,Federal Contract Tower,2,4,13,2,21,2,16,33,8,59,4,20,46,10,80,42,2,44,124
09/12/2021,MHR,CA,AWP,WE,Federal Contract Tower,2,0,27,3,32,2,8,62,20,92,4,8,89,23,124,40,10,50,174
09/13/2021,MHR,CA,AWP,WE,Federal Contract Tower,8,4,16,1,29,8,25,39,24,96,16,29,55,25,125,68,12,80,205
09/14/2021,MHR,CA,AWP,WE,Federal Contract Tower,12,9,28,12,61,12,27,63,22,124,24,36,91,34,185,42,26,68,253
09/15/2021,MHR,CA,AWP,WE,Federal Contract Tower,13,4,33,25,75,13,31,101,30,175,26,35,134,55,250,156,96,252,502
09/16/2021,MHR,CA,AWP,WE,Federal Contract Tower,12,9,28,17,66,12,36,70,29,147,24,45,98,46,213,74,42,116,329
09/17/2021,MHR,CA,AWP,WE,Federal Contract Tower,13,9,20,12,54,13,38,57,22,130,26,47,77,34,184,66,40,106,290
09/18/2021,MHR,CA,AWP,WE,Federal Contract Tower,2,7,17,1,27,2,19,39,4,64,4,26,56,5,91,0,2,2,93
09/19/2021,MHR,CA,AWP,WE,Federal Contract Tower,2,2,23,0,27,2,7,63,0,72,4,9,86,0,99,20,0,20,119
09/20/2021,MHR,CA,AWP,WE,Federal Contract Tower,4,5,17,6,32,4,19,47,10,80,8,24,64,16,112,0,6,6,118
09/21/2021,MHR,CA,AWP,WE,Federal Contract Tower,10,1,41,1,53,10,14,104,4,132,20,15,145,5,185,16,0,16,201
09/22/2021,MHR,CA,AWP,WE,Federal Contract Tower,11,3,21,1,36,11,15,81,14,121,22,18,102,15,157,0,0,0,157
09/23/2021,MHR,CA,AWP,WE,Federal Contract Tower,12,3,4,8,27,12,30,30,20,92,24,33,34,28,119,8,18,26,145
09/24/2021,MHR,CA,AWP,WE,Federal Contract Tower,10,3,4,4,21,10,26,43,12,91,20,29,47,16,112,10,6,16,128
09/25/2021,MHR,CA,AWP,WE,Federal Contract Tower,2,0,9,0,11,2,10,81,0,93,4,10,90,0,104,26,0,26,130
09/26/2021,MHR,CA,AWP,WE,Federal Contract Tower,2,1,5,0,8,2,15,71,2,90,4,16,76,2,98,0,0,0,98
09/27/2021,MHR,CA,AWP,WE,Federal Contract Tower,4,18,35,9,66,4,34,75,14,127,8,52,110,23,193,70,0,70,263
09/28/2021,MHR,CA,AWP,WE,Federal Contract Tower,11,11,24,7,53,11,30,50,12,103,22,41,74,19,156,6,14,20,176
09/29/2021,MHR,CA,AWP,WE,Federal Contract Tower,12,8,25,7,52,12,36,82,7,137,24,44,107,14,189,114,38,152,341
09/30/2021,MHR,CA,AWP,WE,Federal Contract Tower,12,4,24,10,50,12,32,70,15,129,24,36,94,25,179,84,46,130,309
10/01/2021,MHR,CA,AWP,WE,Federal Contract Tower,8,6,26,7,47,8,39,81,18,146,16,45,107,25,193,52,20,72,265
10/02/2021,MHR,CA,AWP,WE,Federal Contract Tower,2,6,16,1,25,2,17,38,9,66,4,23,54,10,91,16,0,16,107
10/03/2021,MHR,CA,AWP,WE,Federal Contract Tower,2,3,6,2,13,2,21,62,7,92,4,24,68,9,105,50,4,54,159
10/04/2021,MHR,CA,AWP,WE,Federal Contract Tower,5,1,22,15,43,5,26,59,16,106,10,27,81,31,149,66,18,84,233
10/05/2021,MHR,CA,AWP,WE,Federal Contract Tower,13,5,25,16,59,13,26,86,26,151,26,31,111,42,210,100,44,144,354
10/06/2021,MHR,CA,AWP,WE,Federal Contract Tower,13,4,23,19,59,13,35,43,24,115,26,39,66,43,174,48,28,76,250
10/07/2021,MHR,CA,AWP,WE,Federal Contract Tower,12,1,33,18,64,9,38,87,27,161,21,39,120,45,225,100,26,126,351
10/08/2021,MHR,CA,AWP,WE,Federal Contract Tower,7,4,22,7,40,7,36,50,11,104,14,40,72,18,144,28,28,56,200
10/10/2021,MHR,CA,AWP,WE,Federal Contract Tower,2,4,26,0,32,1,1,20,0,22,3,5,46,0,54,38,8,46,100
10/11/2021,MHR,CA,AWP,WE,Federal Contract Tower,4,0,12,0,16,4,12,16,0,32,8,12,28,0,48,0,0,0,48
10/12/2021,MHR,CA,AWP,WE,Federal Contract Tower,14,2,12,2,30,14,20,39,5,78,28,22,51,7,108,20,0,20,128
10/13/2021,MHR,CA,AWP,WE,Federal Contract Tower,16,7,24,3,50,16,27,93,12,148,32,34,117,15,198,106,8,114,312
10/14/2021,MHR,CA,AWP,WE,Federal Contract Tower,13,6,34,1,54,13,37,78,5,133,26,43,112,6,187,104,2,106,293
10/15/2021,MHR,CA,AWP,WE,Federal Contract Tower,10,6,17,9,42,9,36,86,14,145,19,42,103,23,187,84,30,114,301
10/16/2021,MHR,CA,AWP,WE,Federal Contract Tower,3,0,12,0,15,3,16,50,3,72,6,16,62,3,87,26,0,26,113
10/17/2021,MHR,CA,AWP,WE,Federal Contract Tower,2,6,23,2,33,2,17,48,5,72,4,23,71,7,105,16,2,18,123
10/18/2021,MHR,CA,AWP,WE,Federal Contract Tower,4,2,23,11,40,4,19,63,15,101,8,21,86,26,141,116,20,136,277
10/19/2021,MHR,CA,AWP,WE,Federal Contract Tower,11,4,24,8,47,11,21,59,12,103,22,25,83,20,150,64,36,100,250
10/20/2021,MHR,CA,AWP,WE,Federal Contract Tower,12,19,46,5,82,12,27,86,12,137,24,46,132,17,219,116,62,178,397
10/21/2021,MHR,CA,AWP,WE,Federal Contract Tower,12,25,21,4,62,12,59,27,11,109,24,84,48,15,171,24,10,34,205
10/23/2021,MHR,CA,AWP,WE,Federal Contract Tower,2,1,10,4,17,2,8,26,6,42,4,9,36,10,59,12,0,12,71
10/24/2021,MHR,CA,AWP,WE,Federal Contract Tower,2,1,9,0,12,2,1,9,0,12,4,2,18,0,24,0,0,0,24
10/25/2021,MHR,CA,AWP,WE,Federal Contract Tower,5,9,19,0,33,5,18,59,28,110,10,27,78,28,143,52,56,108,251
10/26/2021,MHR,CA,AWP,WE,Federal Contract Tower,12,3,19,7,41,12,21,37,9,79,24,24,56,16,120,48,24,72,192
10/27/2021,MHR,CA,AWP,WE,Federal Contract Tower,12,7,25,10,54,12,37,68,11,128,24,44,93,21,182,88,50,138,320
10/28/2021,MHR,CA,AWP,WE,Federal Contract Tower,12,8,23,12,55,12,33,47,25,117,24,41,70,37,172,24,32,56,228
10/29/2021,MHR,CA,AWP,WE,Federal Contract Tower,8,9,26,20,63,8,27,81,23,139,16,36,107,43,202,42,32,74,276
10/30/2021,MHR,CA,AWP,WE,Federal Contract Tower,2,7,28,0,37,2,17,43,0,62,4,24,71,0,99,20,0,20,119
10/31/2021,MHR,CA,AWP,WE,Federal Contract Tower,2,7,15,0,24,2,13,42,0,57,4,20,57,0,81,32,0,32,113
11/01/2021,MHR,CA,AWP,WE,Federal Contract Tower,3,8,39,19,69,3,9,55,19,86,6,17,94,38,155,8,54,62,217
11/02/2021,MHR,CA,AWP,WE,Federal Contract Tower,12,3,33,0,48,12,29,58,16,115,24,32,91,16,163,28,28,56,219
11/03/2021,MHR,CA,AWP,WE,Federal Contract Tower,13,11,17,4,45,13,25,53,9,100,26,36,70,13,145,44,18,62,207
11/04/2021,MHR,CA,AWP,WE,Federal Contract Tower,12,8,34,2,56,12,26,54,3,95,24,34,88,5,151,84,16,100,251
11/05/2021,MHR,CA,AWP,WE,Federal Contract Tower,9,4,19,19,51,9,30,76,32,147,18,34,95,51,198,36,34,70,268
11/06/2021,MHR,CA,AWP,WE,Federal Contract Tower,2,7,24,1,34,2,12,39,5,58,4,19,63,6,92,6,0,6,98
11/07/2021,MHR,CA,AWP,WE,Federal Contract Tower,2,2,19,1,24,2,6,51,2,61,4,8,70,3,85,18,0,18,103
11/08/2021,MHR,CA,AWP,WE,Federal Contract Tower,4,3,16,0,23,4,14,37,4,59,8,17,53,4,82,8,0,8,90
11/09/2021,MHR,CA,AWP,WE,Federal Contract Tower,14,15,17,0,46,14,26,26,3,69,28,41,43,3,115,24,0,24,139
11/10/2021,MHR,CA,AWP,WE,Federal Contract Tower,15,17,34,4,70,15,39,45,7,106,30,56,79,11,176,28,0,28,204
11/11/2021,MHR,CA,AWP,WE,Federal Contract Tower,13,7,15,2,37,13,19,32,2,66,26,26,47,4,103,30,0,30,133
11/12/2021,MHR,CA,AWP,WE,Federal Contract Tower,9,11,44,0,64,9,26,81,0,116,18,37,125,0,180,68,0,68,248
11/13/2021,MHR,CA,AWP,WE,Federal Contract Tower,3,5,25,0,33,3,5,27,0,35,6,10,52,0,68,0,0,0,68
11/14/2021,MHR,CA,AWP,WE,Federal Contract Tower,2,6,13,0,21,2,8,14,0,24,4,14,27,0,45,0,0,0,45
11/15/2021,MHR,CA,AWP,WE,Federal Contract Tower,4,16,19,0,39,4,16,22,0,42,8,32,41,0,81,0,0,0,81
11/16/2021,MHR,CA,AWP,WE,Federal Contract Tower,9,14,23,2,48,9,21,50,10,90,18,35,73,12,138,38,54,92,230
11/17/2021,MHR,CA,AWP,WE,Federal Contract Tower,12,18,33,6,69,12,30,44,9,95,24,48,77,15,164,52,16,68,232
11/18/2021,MHR,CA,AWP,WE,Federal Contract Tower,12,7,20,16,55,12,33,65,19,129,24,40,85,35,184,58,44,102,286
11/19/2021,MHR,CA,AWP,WE,Federal Contract Tower,9,8,36,9,62,9,22,44,9,84,18,30,80,18,146,34,2,36,182
11/20/2021,MHR,CA,AWP,WE,Federal Contract Tower,1,6,23,0,30,1,16,41,0,58,2,22,64,0,88,24,0,24,112
11/21/2021,MHR,CA,AWP,WE,Federal Contract Tower,3,2,13,2,20,3,7,40,2,52,6,9,53,4,72,40,0,40,112
11/22/2021,MHR,CA,AWP,WE,Federal Contract Tower,6,8,13,10,37,6,22,65,11,104,12,30,78,21,141,102,34,136,277
11/23/2021,MHR,CA,AWP,WE,Federal Contract Tower,25,4,25,3,57,25,16,75,8,124,50,20,100,11,181,78,16,94,275
11/24/2021,MHR,CA,AWP,WE,Federal Contract Tower,22,6,20,1,49,22,27,81,2,132,44,33,101,3,181,80,2,82,263
11/25/2021,MHR,CA,AWP,WE,Federal Contract Tower,5,1,2,0,8,5,6,11,0,22,10,7,13,0,30,10,0,10,40
11/26/2021,MHR,CA,AWP,WE,Federal Contract Tower,11,9,13,5,38,11,38,29,9,87,22,47,42,14,125,8,8,16,141
11/27/2021,MHR,CA,AWP,WE,Federal Contract Tower,2,4,26,7,39,2,12,48,1,63,4,16,74,8,102,4,0,4,106
11/28/2021,MHR,CA,AWP,WE,Federal Contract Tower,4,7,29,0,40,3,8,67,4,82,7,15,96,4,122,15,4,19,141
11/29/2021,MHR,CA,AWP,WE,Federal Contract Tower,5,10,30,19,64,5,27,79,21,132,10,37,109,40,196,58,70,128,324
11/30/2021,MHR,CA,AWP,WE,Federal Contract Tower,22,7,42,11,82,22,32,83,12,149,44,39,125,23,231,88,32,120,351
12/01/2021,MHR,CA,AWP,WE,Federal Contract Tower,26,8,29,11,74,26,38,62,13,139,52,46,91,24,213,122,24,146,359
12/02/2021,MHR,CA,AWP,WE,Federal Contract Tower,27,10,47,4,88,27,42,83,14,166,54,52,130,18,254,98,54,152,406
12/04/2021,MHR,CA,AWP,WE,Federal Contract Tower,5,15,38,0,58,5,15,38,0,58,10,30,76,0,116,0,0,0,116
12/05/2021,MHR,CA,AWP,WE,Federal Contract Tower,4,17,17,1,39,4,9,25,2,40,8,26,42,3,79,0,0,0,79
12/06/2021,MHR,CA,AWP,WE,Federal Contract Tower,6,23,27,12,68,7,26,30,14,77,13,49,57,26,145,0,0,0,145
12/07/2021,MHR,CA,AWP,WE,Federal Contract Tower,24,24,28,12,88,24,24,30,12,90,48,48,58,24,178,0,0,0,178
12/08/2021,MHR,CA,AWP,WE,Federal Contract Tower,24,24,25,4,77,24,27,27,14,92,48,51,52,18,169,4,12,16,185
12/09/2021,MHR,CA,AWP,WE,Federal Contract Tower,24,12,41,5,82,24,29,70,6,129,48,41,111,11,211,82,20,102,313
12/10/2021,MHR,CA,AWP,WE,Federal Contract Tower,17,8,36,2,63,17,28,82,8,135,34,36,118,10,198,48,8,56,254
12/11/2021,MHR,CA,AWP,WE,Federal Contract Tower,2,4,27,0,33,2,13,81,0,96,4,17,108,0,129,58,2,60,189
12/12/2021,MHR,CA,AWP,WE,Federal Contract Tower,5,7,9,0,21,5,16,14,0,35,10,23,23,0,56,0,0,0,56
12/13/2021,MHR,CA,AWP,WE,Federal Contract Tower,5,0,8,0,13,5,0,8,0,13,10,0,16,0,26,0,0,0,26
12/15/2021,MHR,CA,AWP,WE,Federal Contract Tower,29,8,18,7,62,29,15,27,8,79,58,23,45,15,141,10,4,14,155
12/16/2021,MHR,CA,AWP,WE,Federal Contract Tower,23,24,26,10,83,23,47,48,15,133,46,71,74,25,216,98,20,118,334
12/17/2021,MHR,CA,AWP,WE,Federal Contract Tower,28,13,25,3,69,28,28,33,3,92,56,41,58,6,161,2,0,2,163
12/18/2021,MHR,CA,AWP,WE,Federal Contract Tower,25,9,27,0,61,25,9,30,0,64,50,18,57,0,125,2,0,2,127
12/19/2021,MHR,CA,AWP,WE,Federal Contract Tower,19,9,23,0,51,20,9,27,0,56,39,18,50,0,107,58,0,58,165
12/20/2021,MHR,CA,AWP,WE,Federal Contract Tower,18,16,23,0,57,18,21,31,1,71,36,37,54,1,128,2,8,10,138
12/21/2021,MHR,CA,AWP,WE,Federal Contract Tower,24,16,22,12,74,24,17,31,12,84,48,33,53,24,158,66,30,96,254
12/22/2021,MHR,CA,AWP,WE,Federal Contract Tower,28,17,22,5,72,28,19,22,2,71,56,36,44,7,143,22,0,22,165
12/23/2021,MHR,CA,AWP,WE,Federal Contract Tower,28,21,14,0,63,28,33,16,0,77,56,54,30,0,140,8,0,8,148
12/24/2021,MHR,CA,AWP,WE,Federal Contract Tower,14,20,6,2,42,14,37,7,2,60,28,57,13,4,102,2,0,2,104
12/25/2021,MHR,CA,AWP,WE,Federal Contract Tower,0,5,0,0,5,0,5,0,0,5,0,10,0,0,10,0,0,0,10
12/26/2021,MHR,CA,AWP,WE,Federal Contract Tower,2,3,15,0,20,2,11,17,0,30,4,14,32,0,50,8,0,8,58
12/27/2021,MHR,CA,AWP,WE,Federal Contract Tower,7,15,30,0,52,7,20,38,6,71,14,35,68,6,123,14,12,26,149
12/28/2021,MHR,CA,AWP,WE,Federal Contract Tower,20,16,24,5,65,20,27,41,5,93,40,43,65,10,158,36,10,46,204
12/29/2021,MHR,CA,AWP,WE,Federal Contract Tower,25,17,9,1,52,25,17,9,3,54,50,34,18,4,106,0,6,6,112
12/30/2021,MHR,CA,AWP,WE,Federal Contract Tower,19,10,18,4,51,19,41,46,4,110,38,51,64,8,161,92,26,118,279
12/31/2021,MHR,CA,AWP,WE,Federal Contract Tower,12,15,10,0,37,12,24,19,0,55,24,39,29,0,92,14,0,14,106
01/01/2022,MHR,CA,AWP,WE,Federal Contract Tower,0,0,8,0,8,0,8,26,0,34,0,8,34,0,42,32,0,32,74
01/02/2022,MHR,CA,AWP,WE,Federal Contract Tower,2,5,28,0,35,2,18,57,0,77,4,23,85,0,112,96,0,96,208
01/03/2022,MHR,CA,AWP,WE,Federal Contract Tower,4,7,9,3,23,4,22,24,3,53,8,29,33,6,76,48,0,48,124
01/04/2022,MHR,CA,AWP,WE,Federal Contract Tower,13,17,9,2,41,13,21,25,0,59,26,38,34,2,100,48,28,76,176
01/05/2022,MHR,CA,AWP,WE,Federal Contract Tower,26,26,17,18,87,26,30,25,18,99,52,56,42,36,186,2,12,14,200
01/06/2022,MHR,CA,AWP,WE,Federal Contract Tower,13,21,23,1,58,13,22,19,0,54,26,43,42,1,112,0,0,0,112
01/07/2022,MHR,CA,AWP,WE,Federal Contract Tower,9,21,22,10,62,9,25,25,10,69,18,46,47,20,131,0,0,0,131
01/08/2022,MHR,CA,AWP,WE,Federal Contract Tower,2,1,17,0,20,0,8,41,8,57,2,9,58,8,77,20,0,20,97
01/09/2022,MHR,CA,AWP,WE,Federal Contract Tower,2,1,18,2,23,0,12,35,1,48,2,13,53,3,71,80,0,80,151
01/10/2022,MHR,CA,AWP,WE,Federal Contract Tower,5,18,25,13,61,5,33,48,7,93,10,51,73,20,154,90,8,98,252
01/11/2022,MHR,CA,AWP,WE,Federal Contract Tower,12,8,12,32,64,12,42,31,11,96,24,50,43,43,160,124,50,174,334
01/12/2022,MHR,CA,AWP,WE,Federal Contract Tower,10,19,15,13,57,8,40,38,14,100,18,59,53,27,157,108,56,164,321
01/13/2022,MHR,CA,AWP,WE,Federal Contract Tower,14,7,21,5,47,0,30,59,10,99,14,37,80,15,146,116,26,142,288
01/14/2022,MHR,CA,AWP,WE,Federal Contract Tower,8,2,26,6,42,6,21,37,3,67,14,23,63,9,109,34,14,48,157
01/15/2022,MHR,CA,AWP,WE,Federal Contract Tower,2,8,7,0,17,0,1,8,0,9,2,9,15,0,26,0,0,0,26
01/16/2022,MHR,CA,AWP,WE,Federal Contract Tower,2,6,22,0,30,0,9,23,0,32,2,15,45,0,62,88,0,88,150
01/17/2022,MHR,CA,AWP,WE,Federal Contract Tower,4,2,20,0,26,0,35,55,0,90,4,37,75,0,116,86,0,86,202
01/18/2022,MHR,CA,AWP,WE,Federal Contract Tower,11,7,11,2,31,0,22,39,1,62,11,29,50,3,93,122,0,122,215
01/19/2022,MHR,CA,AWP,WE,Federal Contract Tower,13,14,20,11,58,0,41,44,11,96,13,55,64,22,154,120,38,158,312
01/20/2022,MHR,CA,AWP,WE,Federal Contract Tower,14,12,44,11,81,0,29,61,21,111,14,41,105,32,192,110,100,210,402
01/21/2022,MHR,CA,AWP,WE,Federal Contract Tower,8,3,17,6,34,0,16,13,9,38,8,19,30,15,72,10,4,14,86
01/22/2022,MHR,CA,AWP,WE,Federal Contract Tower,4,1,3,7,15,0,5,23,1,29,4,6,26,8,44,6,6,12,56
01/23/2022,MHR,CA,AWP,WE,Federal Contract Tower,1,8,28,6,43,0,10,48,15,73,1,18,76,21,116,86,30,116,232
01/24/2022,MHR,CA,AWP,WE,Federal Contract Tower,23,9,14,0,46,0,28,49,4,81,23,37,63,4,127,144,30,174,301
01/25/2022,MHR,CA,AWP,WE,Federal Contract Tower,27,7,34,13,81,1,23,44,4,72,28,30,78,17,153,66,24,90,243
01/26/2022,MHR,CA,AWP,WE,Federal Contract Tower,18,9,24,9,60,0,21,56,4,81,18,30,80,13,141,54,12,66,207
01/27/2022,MHR,CA,AWP,WE,Federal Contract Tower,19,7,16,10,52,0,37,52,9,98,19,44,68,19,150,90,42,132,282
01/28/2022,MHR,CA,AWP,WE,Federal Contract Tower,9,3,28,25,65,0,22,51,4,77,9,25,79,29,142,108,48,156,298
01/29/2022,MHR,CA,AWP,WE,Federal Contract Tower,2,5,37,2,46,0,15,36,0,51,2,20,73,2,97,62,0,62,159
01/30/2022,MHR,CA,AWP,WE,Federal Contract Tower,2,7,38,0,47,0,4,20,0,24,2,11,58,0,71,54,0,54,125
01/31/2022,MHR,CA,AWP,WE,Federal Contract Tower,3,11,39,15,68,0,33,51,6,90,3,44,90,21,158,104,46,150,308
02/01/2022,MHR,CA,AWP,WE,Federal Contract Tower,11,3,15,0,29,0,20,16,11,47,11,23,31,11,76,4,0,4,80
02/02/2022,MHR,CA,AWP,WE,Federal Contract Tower,11,9,15,1,36,0,21,16,2,39,11,30,31,3,75,6,0,6,81
02/03/2022,MHR,CA,AWP,WE,Federal Contract Tower,7,7,32,14,60,0,10,38,7,55,7,17,70,21,115,84,42,126,241
02/04/2022,MHR,CA,AWP,WE,Federal Contract Tower,5,4,39,3,51,0,14,40,5,59,5,18,79,8,110,64,22,86,196
02/05/2022,MHR,CA,AWP,WE,Federal Contract Tower,2,3,20,0,25,0,3,38,12,53,2,6,58,12,78,76,2,78,156
02/06/2022,MHR,CA,AWP,WE,Federal Contract Tower,2,1,22,0,25,0,11,32,0,43,2,12,54,0,68,56,0,56,124
02/07/2022,MHR,CA,AWP,WE,Federal Contract Tower,10,12,21,19,62,0,29,39,8,76,10,41,60,27,138,64,34,98,236
02/08/2022,MHR,CA,AWP,WE,Federal Contract Tower,13,12,21,19,65,0,33,44,9,86,13,45,65,28,151,64,34,98,249
02/09/2022,MHR,CA,AWP,WE,Federal Contract Tower,11,6,35,8,60,0,20,44,5,69,11,26,79,13,129,72,26,98,227
02/10/2022,MHR,CA,AWP,WE,Federal Contract Tower,13,5,17,17,52,0,26,41,10,77,13,31,58,27,129,58,40,98,227
02/11/2022,MHR,CA,AWP,WE,Federal Contract Tower,9,1,30,7,47,0,21,58,4,83,9,22,88,11,130,44,36,80,210
02/12/2022,MHR,CA,AWP,WE,Federal Contract Tower,4,5,19,2,30,0,11,28,3,42,4,16,47,5,72,46,22,68,140
02/13/2022,MHR,CA,AWP,WE,Federal Contract Tower,2,1,10,2,15,0,7,24,2,33,2,8,34,4,48,26,2,28,76
02/14/2022,MHR,CA,AWP,WE,Federal Contract Tower,4,1,19,1,25,0,10,43,4,57,4,11,62,5,82,48,30,78,160
02/15/2022,MHR,CA,AWP,WE,Federal Contract Tower,11,7,17,1,36,0,15,14,7,36,11,22,31,8,72,2,10,12,84
02/16/2022,MHR,CA,AWP,WE,Federal Contract Tower,13,14,17,5,49,0,26,35,13,74,13,40,52,18,123,56,44,100,223
02/17/2022,MHR,CA,AWP,WE,Federal Contract Tower,11,11,21,8,51,0,13,74,6,93,11,24,95,14,144,102,20,122,266
02/18/2022,MHR,CA,AWP,WE,Federal Contract Tower,11,8,34,15,68,0,16,94,6,116,11,24,128,21,184,78,56,134,318
02/19/2022,MHR,CA,AWP,WE,Federal Contract Tower,2,6,21,2,31,0,6,33,0,39,2,12,54,2,70,36,0,36,106
02/20/2022,MHR,CA,AWP,WE,Federal Contract Tower,1,1,26,1,29,0,9,17,0,26,1,10,43,1,55,50,0,50,105
02/21/2022,MHR,CA,AWP,WE,Federal Contract Tower,4,3,16,1,24,0,7,16,0,23,4,10,32,1,47,14,0,14,61
02/22/2022,MHR,CA,AWP,WE,Federal Contract Tower,11,5,19,4,39,0,14,19,0,33,11,19,38,4,72,40,14,54,126
02/23/2022,MHR,CA,AWP,WE,Federal Contract Tower,12,5,15,12,44,0,30,30,4,64,12,35,45,16,108,112,38,150,258
02/24/2022,MHR,CA,AWP,WE,Federal Contract Tower,11,4,19,8,42,0,10,64,7,81,11,14,83,15,123,138,26,164,287
02/25/2022,MHR,CA,AWP,WE,Federal Contract Tower,10,1,33,14,58,0,20,66,5,91,10,21,99,19,149,88,33,121,270
02/26/2022,MHR,CA,AWP,WE,Federal Contract Tower,1,4,14,1,20,0,13,18,0,31,1,17,32,1,51,94,0,94,145
02/27/2022,MHR,CA,AWP,WE,Federal Contract Tower,2,1,15,0,18,0,3,38,1,42,2,4,53,1,60,78,0,78,138
02/28/2022,MHR,CA,AWP,WE,Federal Contract Tower,4,4,24,10,42,0,9,63,0,72,4,13,87,10,114,104,0,104,218
03/01/2022,MHR,CA,AWP,WE,Federal Contract Tower,12,5,22,10,49,0,9,54,7,70,12,14,76,17,119,160,36,196,315
03/02/2022,MHR,CA,AWP,WE,Federal Contract Tower,12,9,23,6,50,0,20,46,9,75,12,29,69,15,125,122,44,166,291
03/03/2022,MHR,CA,AWP,WE,Federal Contract Tower,11,9,26,21,67,0,18,27,4,49,11,27,53,25,116,74,92,166,282
03/04/2022,MHR,CA,AWP,WE,Federal Contract Tower,9,5,23,12,49,0,15,39,3,57,9,20,62,15,106,70,50,120,226
03/05/2022,MHR,CA,AWP,WE,Federal Contract Tower,2,3,8,2,15,0,7,25,1,33,2,10,33,3,48,14,0,14,62
03/06/2022,MHR,CA,AWP,WE,Federal Contract Tower,3,5,12,3,23,0,6,40,0,46,3,11,52,3,69,44,0,44,113
03/07/2022,MHR,CA,AWP,WE,Federal Contract Tower,6,2,11,0,19,0,9,18,1,28,6,11,29,1,47,12,2,14,61
03/08/2022,MHR,CA,AWP,WE,Federal Contract Tower,14,2,32,8,56,0,9,52,4,65,14,11,84,12,121,183,29,212,333
03/09/2022,MHR,CA,AWP,WE,Federal Contract Tower,13,9,16,6,44,0,15,46,8,69,13,24,62,14,113,106,0,106,219
03/10/2022,MHR,CA,AWP,WE,Federal Contract Tower,13,8,15,6,42,0,17,15,3,35,13,25,30,9,77,0,2,2,79
03/11/2022,MHR,CA,AWP,WE,Federal Contract Tower,9,8,26,7,50,0,18,67,3,88,9,26,93,10,138,132,12,144,282
03/12/2022,MHR,CA,AWP,WE,Federal Contract Tower,2,0,31,6,39,0,12,29,0,41,2,12,60,6,80,34,0,34,114
03/13/2022,MHR,CA,AWP,WE,Federal Contract Tower,2,11,20,2,35,0,2,31,3,36,2,13,51,5,71,28,0,28,99
03/14/2022,MHR,CA,AWP,WE,Federal Contract Tower,4,7,17,5,33,0,7,56,5,68,4,14,73,10,101,184,58,242,343
03/15/2022,MHR,CA,AWP,WE,Federal Contract Tower,14,15,23,12,64,1,5,6,2,14,15,20,29,14,78,80,38,118,196
03/16/2022,MHR,CA,AWP,WE,Federal Contract Tower,12,14,25,3,54,0,24,61,6,91,12,38,86,9,145,138,30,168,313
03/17/2022,MHR,CA,AWP,WE,Federal Contract Tower,13,12,34,12,71,0,12,68,4,84,13,24,102,16,155,116,46,162,317
03/18/2022,MHR,CA,AWP,WE,Federal Contract Tower,12,1,27,9,49,0,16,59,5,80,12,17,86,14,129,130,32,162,291
03/19/2022,MHR,CA,AWP,WE,Federal Contract Tower,2,1,24,0,27,0,10,5,1,16,2,11,29,1,43,4,0,4,47
03/20/2022,MHR,CA,AWP,WE,Federal Contract Tower,1,1,24,5,31,0,4,9,9,22,1,5,33,14,53,8,4,12,65
03/21/2022,MHR,CA,AWP,WE,Federal Contract Tower,5,3,12,11,31,0,7,39,3,49,5,10,51,14,80,84,28,112,192
03/22/2022,MHR,CA,AWP,WE,Federal Contract Tower,12,4,14,1,31,0,33,54,1,88,12,37,68,2,119,130,0,130,249
03/23/2022,MHR,CA,AWP,WE,Federal Contract Tower,12,11,37,7,67,0,11,56,3,70,12,22,93,10,137,182,22,204,341
03/24/2022,MHR,CA,AWP,WE,Federal Contract Tower,12,2,19,1,34,0,17,52,3,72,12,19,71,4,106,150,24,174,280
03/25/2022,MHR,CA,AWP,WE,Federal Contract Tower,9,3,27,7,46,0,13,87,3,103,9,16,114,10,149,108,20,128,277
03/26/2022,MHR,CA,AWP,WE,Federal Contract Tower,2,0,17,1,20,0,8,20,0,28,2,8,37,1,48,30,0,30,78
03/27/2022,MHR,CA,AWP,WE,Federal Contract Tower,2,2,27,0,31,0,0,20,0,20,2,2,47,0,51,26,0,26,77
03/28/2022,MHR,CA,AWP,WE,Federal Contract Tower,4,1,17,13,35,0,12,20,2,34,4,13,37,15,69,12,0,12,81
03/29/2022,MHR,CA,AWP,WE,Federal Contract Tower,12,4,14,3,33,0,2,35,6,43,12,6,49,9,76,100,18,118,194
03/30/2022,MHR,CA,AWP,WE,Federal Contract Tower,11,7,25,10,53,0,15,24,10,49,11,22,49,20,102,66,18,84,186
03/31/2022,MHR,CA,AWP,WE,Federal Contract Tower,12,15,15,2,44,0,21,55,4,80,12,36,70,6,124,150,14,164,288
04/01/2022,MHR,CA,AWP,WE,Federal Contract Tower,9,4,32,0,45,0,25,46,2,73,9,29,78,2,118,130,18,148,266
04/02/2022,MHR,CA,AWP,WE,Federal Contract Tower,2,0,21,0,23,0,3,29,2,34,2,3,50,2,57,18,18,36,93
04/03/2022,MHR,CA,AWP,WE,Federal Contract Tower,1,0,21,0,22,0,0,24,0,24,1,0,45,0,46,22,0,22,68
04/04/2022,MHR,CA,AWP,WE,Federal Contract Tower,4,1,22,4,31,0,17,60,6,83,4,18,82,10,114,108,22,130,244
04/05/2022,MHR,CA,AWP,WE,Federal Contract Tower,13,2,21,9,45,0,8,32,6,46,13,10,53,15,91,57,36,93,184
04/06/2022,MHR,CA,AWP,WE,Federal Contract Tower,12,2,62,4,80,0,19,52,14,85,12,21,114,18,165,112,14,126,291
04/07/2022,MHR,CA,AWP,WE,Federal Contract Tower,12,10,44,30,96,0,19,49,3,71,12,29,93,33,167,90,42,132,299
04/08/2022,MHR,CA,AWP,WE,Federal Contract Tower,8,2,32,7,49,0,18,60,3,81,8,20,92,10,130,168,0,168,298
04/09/2022,MHR,CA,AWP,WE,Federal Contract Tower,2,0,16,0,18,0,9,7,3,19,2,9,23,3,37,8,0,8,45
04/10/2022,MHR,CA,AWP,WE,Federal Contract Tower,2,3,13,0,18,0,3,22,0,25,2,6,35,0,43,8,0,8,51
04/11/2022,MHR,CA,AWP,WE,Federal Contract Tower,4,0,34,0,38,0,5,6,0,11,4,5,40,0,49,0,0,0,49
04/12/2022,MHR,CA,AWP,WE,Federal Contract Tower,10,0,30,9,49,0,11,51,0,62,10,11,81,9,111,102,26,128,239
04/13/2022,MHR,CA,AWP,WE,Federal Contract Tower,13,7,34,5,59,0,23,53,2,78,13,30,87,7,137,109,30,139,276
04/14/2022,MHR,CA,AWP,WE,Federal Contract Tower,9,13,11,1,34,0,1,15,4,20,9,14,26,5,54,0,10,10,64
04/15/2022,MHR,CA,AWP,WE,Federal Contract Tower,8,1,40,6,55,0,13,53,3,69,8,14,93,9,124,50,10,60,184
04/16/2022,MHR,CA,AWP,WE,Federal Contract Tower,2,5,10,0,17,0,3,9,0,12,2,8,19,0,29,0,0,0,29
04/17/2022,MHR,CA,AWP,WE,Federal Contract Tower,2,0,20,0,22,0,2,27,0,29,2,2,47,0,51,0,0,0,51
04/18/2022,MHR,CA,AWP,WE,Federal Contract Tower,5,4,21,6,36,0,3,37,1,41,5,7,58,7,77,126,10,136,213
04/19/2022,MHR,CA,AWP,WE,Federal Contract Tower,12,7,22,1,42,0,7,33,4,44,12,14,55,5,86,22,0,22,108
04/20/2022,MHR,CA,AWP,WE,Federal Contract Tower,13,12,31,8,64,0,18,45,5,68,13,30,76,13,132,34,32,66,198
04/21/2022,MHR,CA,AWP,WE,Federal Contract Tower,12,8,19,0,39,0,5,4,0,9,12,13,23,0,48,0,0,0,48
04/22/2022,MHR,CA,AWP,WE,Federal Contract Tower,6,5,28,3,42,0,20,53,8,81,6,25,81,11,123,84,2,86,209
04/23/2022,MHR,CA,AWP,WE,Federal Contract Tower,2,4,43,1,50,0,20,31,8,59,2,24,74,9,109,8,0,8,117
04/24/2022,MHR,CA,AWP,WE,Federal Contract Tower,2,3,23,1,29,0,2,24,7,33,2,5,47,8,62,12,4,16,78
04/25/2022,MHR,CA,AWP,WE,Federal Contract Tower,4,1,27,5,37,0,8,55,4,67,4,9,82,9,104,110,0,110,214
04/26/2022,MHR,CA,AWP,WE,Federal Contract Tower,14,2,34,13,63,1,11,50,7,69,15,13,84,20,132,111,36,147,279
04/27/2022,MHR,CA,AWP,WE,Federal Contract Tower,16,8,33,7,64,0,16,49,20,85,16,24,82,27,149,100,36,136,285
04/28/2022,MHR,CA,AWP,WE,Federal Contract Tower,13,12,29,9,63,0,18,74,10,102,13,30,103,19,165,144,26,170,335
04/29/2022,MHR,CA,AWP,WE,Federal Contract Tower,8,8,30,8,54,0,27,39,5,71,8,35,69,13,125,52,2,54,179
04/30/2022,MHR,CA,AWP,WE,Federal Contract Tower,2,2,23,6,33,0,17,36,0,53,2,19,59,6,86,56,10,66,152
05/01/2022,MHR,CA,AWP,WE,Federal Contract Tower,2,2,22,2,28,0,0,14,0,14,2,2,36,2,42,2,0,2,44
05/02/2022,MHR,CA,AWP,WE,Federal Contract Tower,3,7,16,4,30,0,0,2,0,2,3,7,18,4,32,60,6,66,98
05/03/2022,MHR,CA,AWP,WE,Federal Contract Tower,11,1,19,3,34,0,17,23,3,43,11,18,42,6,77,24,0,24,101
05/04/2022,MHR,CA,AWP,WE,Federal Contract Tower,10,6,26,3,45,0,18,52,2,72,10,24,78,5,117,120,18,138,255
05/05/2022,MHR,CA,AWP,WE,Federal Contract Tower,14,7,18,9,48,0,22,51,10,83,14,29,69,19,131,92,26,118,249
05/06/2022,MHR,CA,AWP,WE,Federal Contract Tower,11,6,35,6,58,0,26,62,7,95,11,32,97,13,153,76,4,80,233
05/07/2022,MHR,CA,AWP,WE,Federal Contract Tower,3,0,25,0,28,0,12,29,2,43,3,12,54,2,71,20,0,20,91
05/08/2022,MHR,CA,AWP,WE,Federal Contract Tower,2,4,11,0,17,0,4,6,0,10,2,8,17,0,27,10,0,10,37
05/09/2022,MHR,CA,AWP,WE,Federal Contract Tower,4,8,37,7,56,0,7,31,10,48,4,15,68,17,104,96,46,142,246
05/10/2022,MHR,CA,AWP,WE,Federal Contract Tower,11,12,13,2,38,0,5,31,3,39,11,17,44,5,77,26,4,30,107
05/11/2022,MHR,CA,AWP,WE,Federal Contract Tower,12,16,17,3,48,0,21,65,6,92,12,37,82,9,140,68,10,78,218
05/12/2022,MHR,CA,AWP,WE,Federal Contract Tower,12,9,39,2,62,0,33,41,8,82,12,42,80,10,144,84,2,86,230
05/13/2022,MHR,CA,AWP,WE,Federal Contract Tower,10,10,16,0,36,0,26,48,4,78,10,36,64,4,114,72,4,76,190
05/14/2022,MHR,CA,AWP,WE,Federal Contract Tower,2,1,12,4,19,0,11,33,6,50,2,12,45,10,69,4,0,4,73
05/15/2022,MHR,CA,AWP,WE,Federal Contract Tower,2,5,22,2,31,0,15,26,0,41,2,20,48,2,72,2,0,2,74
05/16/2022,MHR,CA,AWP,WE,Federal Contract Tower,3,10,21,0,34,0,15,60,1,76,3,25,81,1,110,148,12,160,270
05/17/2022,MHR,CA,AWP,WE,Federal Contract Tower,12,7,42,7,68,0,8,66,0,74,12,15,108,7,142,112,10,122,264
05/18/2022,MHR,CA,AWP,WE,Federal Contract Tower,14,21,25,11,71,0,20,37,13,70,14,41,62,24,141,74,26,100,241
05/19/2022,MHR,CA,AWP,WE,Federal Contract Tower,13,15,14,4,46,0,30,28,10,68,13,45,42,14,114,26,24,50,164
05/20/2022,MHR,CA,AWP,WE,Federal Contract Tower,9,9,5,5,28,0,8,19,3,30,9,17,24,8,58,0,4,4,62
05/21/2022,MHR,CA,AWP,WE,Federal Contract Tower,2,2,23,0,27,0,10,69,6,85,2,12,92,6,112,12,14,26,138
05/22/2022,MHR,CA,AWP,WE,Federal Contract Tower,2,4,17,0,23,0,7,23,1,31,2,11,40,1,54,22,2,24,78
05/23/2022,MHR,CA,AWP,WE,Federal Contract Tower,1,10,24,1,36,0,6,41,3,50,1,16,65,4,86,100,22,122,208
05/24/2022,MHR,CA,AWP,WE,Federal Contract Tower,10,11,41,7,69,0,22,57,10,89,10,33,98,17,158,168,10,178,336
05/25/2022,MHR,CA,AWP,WE,Federal Contract Tower,12,14,25,0,51,0,19,60,1,80,12,33,85,1,131,196,10,206,337
05/26/2022,MHR,CA,AWP,WE,Federal Contract Tower,11,12,31,9,63,0,20,43,13,76,11,32,74,22,139,172,58,230,369
05/27/2022,MHR,CA,AWP,WE,Federal Contract Tower,9,7,30,0,46,0,19,58,8,85,9,26,88,8,131,108,2,110,241
05/28/2022,MHR,CA,AWP,WE,Federal Contract Tower,2,5,10,1,18,0,17,26,3,46,2,22,36,4,64,0,0,0,64
05/29/2022,MHR,CA,AWP,WE,Federal Contract Tower,0,1,13,1,15,0,4,20,2,26,0,5,33,3,41,30,0,30,71
05/30/2022,MHR,CA,AWP,WE,Federal Contract Tower,0,9,11,1,21,0,7,38,3,48,0,16,49,4,69,40,12,52,121
05/31/2022,MHR,CA,AWP,WE,Federal Contract Tower,7,18,20,3,48,0,20,67,2,89,7,38,87,5,137,146,0,146,283
06/01/2022,MHR,CA,AWP,WE,Federal Contract Tower,13,16,24,16,69,0,13,64,1,78,13,29,88,17,147,198,36,234,381
06/02/2022,MHR,CA,AWP,WE,Federal Contract Tower,12,8,30,4,54,0,19,60,6,85,12,27,90,10,139,144,14,158,297
06/03/2022,MHR,CA,AWP,WE,Federal Contract Tower,9,7,14,7,37,0,20,73,3,96,9,27,87,10,133,150,2,152,285
06/04/2022,MHR,CA,AWP,WE,Federal Contract Tower,0,12,12,1,25,0,10,48,0,58,0,22,60,1,83,24,0,24,107
06/05/2022,MHR,CA,AWP,WE,Federal Contract Tower,1,1,8,0,10,0,0,11,1,12,1,1,19,1,22,0,0,0,22
06/06/2022,MHR,CA,AWP,WE,Federal Contract Tower,2,10,21,1,34,0,16,48,2,66,2,26,69,3,100,132,18,150,250
06/07/2022,MHR,CA,AWP,WE,Federal Contract Tower,12,11,26,10,59,0,21,54,2,77,12,32,80,12,136,172,26,198,334
06/08/2022,MHR,CA,AWP,WE,Federal Contract Tower,12,14,25,8,59,0,24,44,4,72,12,38,69,12,131,100,16,116,247
06/09/2022,MHR,CA,AWP,WE,Federal Contract Tower,12,12,20,10,54,0,26,57,14,97,12,38,77,24,151,238,22,260,411
06/10/2022,MHR,CA,AWP,WE,Federal Contract Tower,4,13,10,3,30,0,17,64,5,86,4,30,74,8,116,94,0,94,210
06/11/2022,MHR,CA,AWP,WE,Federal Contract Tower,1,0,10,0,11,0,5,15,2,22,1,5,25,2,33,2,0,2,35
06/12/2022,MHR,CA,AWP,WE,Federal Contract Tower,0,1,7,0,8,0,0,5,0,5,0,1,12,0,13,0,0,0,13
06/13/2022,MHR,CA,AWP,WE,Federal Contract Tower,3,11,14,8,36,0,8,36,6,50,3,19,50,14,86,34,14,48,134
06/14/2022,MHR,CA,AWP,WE,Federal Contract Tower,10,15,19,3,47,0,9,83,1,93,10,24,102,4,140,170,24,194,334
06/15/2022,MHR,CA,AWP,WE,Federal Contract Tower,5,13,12,2,32,0,15,79,7,101,5,28,91,9,133,177,6,183,316
06/16/2022,MHR,CA,AWP,WE,Federal Contract Tower,3,19,21,10,53,0,9,65,7,81,3,28,86,17,134,102,15,117,251
06/17/2022,MHR,CA,AWP,WE,Federal Contract Tower,4,5,17,4,30,0,12,34,8,54,4,17,51,12,84,44,22,66,150
06/18/2022,MHR,CA,AWP,WE,Federal Contract Tower,1,0,10,0,11,0,9,32,0,41,1,9,42,0,52,40,0,40,92
06/19/2022,MHR,CA,AWP,WE,Federal Contract Tower,0,2,6,0,8,0,0,16,0,16,0,2,22,0,24,0,0,0,24
06/20/2022,MHR,CA,AWP,WE,Federal Contract Tower,3,0,15,0,18,0,15,61,0,76,3,15,76,0,94,164,0,164,258
06/21/2022,MHR,CA,AWP,WE,Federal Contract Tower,4,10,31,11,56,0,12,44,4,60,4,22,75,15,116,162,24,186,302
06/22/2022,MHR,CA,AWP,WE,Federal Contract Tower,7,12,16,3,38,0,19,34,4,57,7,31,50,7,95,24,6,30,125
06/23/2022,MHR,CA,AWP,WE,Federal Contract Tower,6,16,13,2,37,0,14,60,4,78,6,30,73,6,115,128,8,136,251
06/24/2022,MHR,CA,AWP,WE,Federal Contract Tower,6,17,22,6,51,0,26,63,4,93,6,43,85,10,144,176,26,202,346
06/25/2022,MHR,CA,AWP,WE,Federal Contract Tower,1,2,17,2,22,0,7,22,1,30,1,9,39,3,52,4,6,10,62
06/26/2022,MHR,CA,AWP,WE,Federal Contract Tower,0,2,5,2,9,0,0,23,4,27,0,2,28,6,36,14,26,40,76
06/27/2022,MHR,CA,AWP,WE,Federal Contract Tower,3,17,11,2,33,0,24,62,5,91,3,41,73,7,124,48,18,66,190
06/28/2022,MHR,CA,AWP,WE,Federal Contract Tower,7,14,23,9,53,0,15,52,11,78,7,29,75,20,131,51,18,69,200
06/29/2022,MHR,CA,AWP,WE,Federal Contract Tower,6,12,15,13,46,0,19,61,9,89,6,31,76,22,135,122,0,122,257
06/30/2022,MHR,CA,AWP,WE,Federal Contract Tower,6,12,21,5,44,0,9,50,20,79,6,21,71,25,123,112,44,156,279
07/01/2022,MHR,CA,AWP,WE,Federal Contract Tower,5,9,15,1,30,0,17,53,9,79,5,26,68,10,109,95,24,119,228
07/02/2022,MHR,CA,AWP,WE,Federal Contract Tower,1,2,11,3,17,0,10,12,0,22,1,12,23,3,39,6,0,6,45
07/03/2022,MHR,CA,AWP,WE,Federal Contract Tower,0,0,5,0,5,0,3,4,0,7,0,3,9,0,12,4,0,4,16
07/04/2022,MHR,CA,AWP,WE,Federal Contract Tower,0,2,14,1,17,0,21,32,0,53,0,23,46,1,70,6,0,6,76
07/05/2022,MHR,CA,AWP,WE,Federal Contract Tower,5,4,16,4,29,0,20,32,3,55,5,24,48,7,84,40,2,42,126
07/06/2022,MHR,CA,AWP,WE,Federal Contract Tower,6,0,10,6,22,0,29,36,9,74,6,29,46,15,96,60,8,68,164
07/07/2022,MHR,CA,AWP,WE,Federal Contract Tower,6,7,25,14,52,0,20,42,9,71,6,27,67,23,123,74,36,110,233
07/08/2022,MHR,CA,AWP,WE,Federal Contract Tower,4,4,15,11,34,0,23,58,5,86,4,27,73,16,120,86,40,126,246
07/09/2022,MHR,CA,AWP,WE,Federal Contract Tower,1,1,14,0,16,0,5,34,0,39,1,6,48,0,55,18,0,18,73
07/10/2022,MHR,CA,AWP,WE,Federal Contract Tower,0,2,6,0,8,0,0,21,0,21,0,2,27,0,29,30,0,30,59
07/11/2022,MHR,CA,AWP,WE,Federal Contract Tower,3,2,13,4,22,0,6,56,5,67,3,8,69,9,89,70,30,100,189
07/12/2022,MHR,CA,AWP,WE,Federal Contract Tower,10,5,36,8,59,0,11,59,0,70,10,16,95,8,129,72,36,108,237
07/13/2022,MHR,CA,AWP,WE,Federal Contract Tower,10,10,36,11,67,0,13,52,10,75,10,23,88,21,142,76,18,94,236
07/14/2022,MHR,CA,AWP,WE,Federal Contract Tower,9,8,34,4,55,0,23,57,7,87,9,31,91,11,142,74,18,92,234
07/15/2022,MHR,CA,AWP,WE,Federal Contract Tower,5,14,39,4,62,0,17,55,5,77,5,31,94,9,139,74,20,94,233
07/16/2022,MHR,CA,AWP,WE,Federal Contract Tower,2,8,13,0,23,0,6,36,0,42,2,14,49,0,65,10,0,10,75
07/17/2022,MHR,CA,AWP,WE,Federal Contract Tower,2,3,36,1,42,0,2,24,2,28,2,5,60,3,70,0,0,0,70
07/18/2022,MHR,CA,AWP,WE,Federal Contract Tower,3,8,12,1,24,0,25,34,1,60,3,33,46,2,84,90,8,98,182
07/19/2022,MHR,CA,AWP,WE,Federal Contract Tower,8,9,19,6,42,0,23,48,48,119,8,32,67,54,161,54,22,76,237
07/20/2022,MHR,CA,AWP,WE,Federal Contract Tower,9,14,25,1,49,0,10,64,6,80,9,24,89,7,129,74,2,76,205
07/21/2022,MHR,CA,AWP,WE,Federal Contract Tower,6,6,23,7,42,0,22,39,8,69,6,28,62,15,111,26,28,54,165
07/22/2022,MHR,CA,AWP,WE,Federal Contract Tower,4,10,21,6,41,0,11,46,3,60,4,21,67,9,101,54,36,90,191
07/23/2022,MHR,CA,AWP,WE,Federal Contract Tower,1,6,14,3,24,0,12,44,2,58,1,18,58,5,82,54,0,54,136
07/24/2022,MHR,CA,AWP,WE,Federal Contract Tower,2,3,12,0,17,0,7,35,0,42,2,10,47,0,59,45,0,45,104
07/25/2022,MHR,CA,AWP,WE,Federal Contract Tower,3,13,22,22,60,0,8,50,8,66,3,21,72,30,126,66,26,92,218
07/26/2022,MHR,CA,AWP,WE,Federal Contract Tower,10,10,22,8,50,0,5,34,5,44,10,15,56,13,94,42,6,48,142
07/27/2022,MHR,CA,AWP,WE,Federal Contract Tower,5,6,21,4,36,0,14,65,3,82,5,20,86,7,118,69,12,81,199
07/28/2022,MHR,CA,AWP,WE,Federal Contract Tower,7,17,22,1,47,0,9,58,8,75,7,26,80,9,122,43,2,45,167
07/29/2022,MHR,CA,AWP,WE,Federal Contract Tower,4,15,16,8,43,0,14,72,7,93,4,29,88,15,136,116,30,146,282
07/30/2022,MHR,CA,AWP,WE,Federal Contract Tower,2,0,9,3,14,0,8,40,8,56,2,8,49,11,70,64,10,74,144
07/31/2022,MHR,CA,AWP,WE,Federal Contract Tower,2,1,17,0,20,0,6,35,4,45,2,7,52,4,65,8,22,30,95
08/01/2022,MHR,CA,AWP,WE,Federal Contract Tower,4,12,13,5,34,0,28,45,3,76,4,40,58,8,110,76,32,108,218
08/02/2022,MHR,CA,AWP,WE,Federal Contract Tower,6,16,24,9,55,0,15,61,4,80,6,31,85,13,135,88,0,88,223
08/03/2022,MHR,CA,AWP,WE,Federal Contract Tower,8,8,20,1,37,3,10,54,2,69,11,18,74,3,106,104,10,114,220
08/04/2022,MHR,CA,AWP,WE,Federal Contract Tower,6,6,19,7,38,0,7,65,6,78,6,13,84,13,116,133,20,153,269
08/05/2022,MHR,CA,AWP,WE,Federal Contract Tower,3,8,16,0,27,0,22,63,1,86,3,30,79,1,113,110,16,126,239
08/06/2022,MHR,CA,AWP,WE,Federal Contract Tower,4,4,9,0,17,0,9,27,1,37,4,13,36,1,54,6,0,6,60
08/07/2022,MHR,CA,AWP,WE,Federal Contract Tower,2,3,13,2,20,0,3,18,2,23,2,6,31,4,43,28,0,28,71
08/08/2022,MHR,CA,AWP,WE,Federal Contract Tower,3,6,23,0,32,0,8,55,1,64,3,14,78,1,96,147,27,174,270
08/09/2022,MHR,CA,AWP,WE,Federal Contract Tower,8,4,19,1,32,0,14,52,2,68,8,18,71,3,100,96,32,128,228
08/11/2022,MHR,CA,AWP,WE,Federal Contract Tower,6,7,26,2,41,0,9,49,1,59,6,16,75,3,100,33,38,71,171
08/12/2022,MHR,CA,AWP,WE,Federal Contract Tower,4,8,24,7,43,0,16,63,6,85,4,24,87,13,128,128,18,146,274
08/13/2022,MHR,CA,AWP,WE,Federal Contract Tower,2,3,14,0,19,0,4,38,0,42,2,7,52,0,61,28,0,28,89
08/14/2022,MHR,CA,AWP,WE,Federal Contract Tower,2,2,11,0,15,0,3,32,0,35,2,5,43,0,50,8,0,8,58
08/15/2022,MHR,CA,AWP,WE,Federal Contract Tower,5,6,20,5,36,0,21,68,1,90,5,27,88,6,126,64,20,84,210
08/16/2022,MHR,CA,AWP,WE,Federal Contract Tower,8,12,13,6,39,0,11,71,5,87,8,23,84,11,126,164,48,212,338
08/17/2022,MHR,CA,AWP,WE,Federal Contract Tower,8,3,19,6,36,0,10,72,9,91,8,13,91,15,127,94,54,148,275
08/18/2022,MHR,CA,AWP,WE,Federal Contract Tower,5,9,22,7,43,0,24,41,3,68,5,33,63,10,111,114,28,142,253
08/19/2022,MHR,CA,AWP,WE,Federal Contract Tower,7,6,15,3,31,0,22,42,3,67,7,28,57,6,98,94,2,96,194
08/20/2022,MHR,CA,AWP,WE,Federal Contract Tower,2,2,8,0,12,0,11,28,0,39,2,13,36,0,51,24,0,24,75
08/21/2022,MHR,CA,AWP,WE,Federal Contract Tower,2,4,27,0,33,0,9,28,0,37,2,13,55,0,70,0,0,0,70
08/22/2022,MHR,CA,AWP,WE,Federal Contract Tower,3,6,27,17,53,0,22,49,11,82,3,28,76,28,135,94,50,144,279
08/23/2022,MHR,CA,AWP,WE,Federal Contract Tower,8,7,30,5,50,0,4,46,4,54,8,11,76,9,104,106,51,157,261
08/24/2022,MHR,CA,AWP,WE,Federal Contract Tower,10,10,21,4,45,0,17,68,7,92,10,27,89,11,137,88,42,130,267
08/25/2022,MHR,CA,AWP,WE,Federal Contract Tower,9,15,34,8,66,0,23,60,3,86,9,38,94,11,152,86,15,101,253
08/26/2022,MHR,CA,AWP,WE,Federal Contract Tower,4,9,35,11,59,0,26,54,3,83,4,35,89,14,142,82,32,114,256
08/27/2022,MHR,CA,AWP,WE,Federal Contract Tower,2,9,12,0,23,0,21,31,4,56,2,30,43,4,79,12,0,12,91
08/28/2022,MHR,CA,AWP,WE,Federal Contract Tower,1,1,19,0,21,0,3,29,2,34,1,4,48,2,55,26,0,26,81
08/29/2022,MHR,CA,AWP,WE,Federal Contract Tower,3,9,25,7,44,0,19,55,1,75,3,28,80,8,119,64,32,96,215
08/30/2022,MHR,CA,AWP,WE,Federal Contract Tower,8,6,13,0,27,0,7,67,5,79,8,13,80,5,106,74,14,88,194
08/31/2022,MHR,CA,AWP,WE,Federal Contract Tower,8,6,22,6,42,0,9,64,3,76,8,15,86,9,118,42,5,47,165
09/01/2022,MHR,CA,AWP,WE,Federal Contract Tower,11,9,12,1,33,0,22,50,7,79,11,31,62,8,112,82,28,110,222
09/02/2022,MHR,CA,AWP,WE,Federal Contract Tower,4,6,26,2,38,0,22,69,1,92,4,28,95,3,130,66,0,66,196
09/03/2022,MHR,CA,AWP,WE,Federal Contract Tower,2,2,10,2,16,0,8,30,4,42,2,10,40,6,58,4,24,28,86
09/04/2022,MHR,CA,AWP,WE,Federal Contract Tower,0,0,15,3,18,0,7,23,7,37,0,7,38,10,55,8,2,10,65
09/05/2022,MHR,CA,AWP,WE,Federal Contract Tower,0,2,25,0,27,0,6,31,0,37,0,8,56,0,64,4,0,4,68
09/06/2022,MHR,CA,AWP,WE,Federal Contract Tower,5,10,20,4,39,0,0,7,1,8,5,10,27,5,47,46,28,74,121
09/07/2022,MHR,CA,AWP,WE,Federal Contract Tower,9,10,14,11,44,0,11,44,16,71,9,21,58,27,115,40,74,114,229
09/08/2022,MHR,CA,AWP,WE,Federal Contract Tower,12,17,8,2,39,0,26,62,5,93,12,43,70,7,132,80,14,94,226
09/09/2022,MHR,CA,AWP,WE,Federal Contract Tower,6,12,29,7,54,0,16,34,0,50,6,28,63,7,104,60,26,86,190
09/10/2022,MHR,CA,AWP,WE,Federal Contract Tower,2,2,17,0,21,0,6,17,1,24,2,8,34,1,45,20,0,20,65
09/11/2022,MHR,CA,AWP,WE,Federal Contract Tower,2,7,15,0,24,0,9,17,2,28,2,16,32,2,52,30,0,30,82
09/12/2022,MHR,CA,AWP,WE,Federal Contract Tower,6,4,26,6,42,0,12,60,7,79,6,16,86,13,121,70,32,102,223
09/13/2022,MHR,CA,AWP,WE,Federal Contract Tower,12,7,6,15,40,0,15,59,4,78,12,22,65,19,118,78,20,98,216
09/14/2022,MHR,CA,AWP,WE,Federal Contract Tower,9,9,19,4,41,0,11,96,5,112,9,20,115,9,153,94,22,116,269
09/15/2022,MHR,CA,AWP,WE,Federal Contract Tower,12,7,17,2,38,0,24,59,8,91,12,31,76,10,129,32,0,32,161
09/17/2022,MHR,CA,AWP,WE,Federal Contract Tower,2,3,10,0,15,0,10,15,3,28,2,13,25,3,43,18,0,18,61
09/18/2022,MHR,CA,AWP,WE,Federal Contract Tower,2,9,14,23,48,0,6,2,2,10,2,15,16,25,58,4,0,4,62
09/19/2022,MHR,CA,AWP,WE,Federal Contract Tower,5,10,23,1,39,0,7,8,3,18,5,17,31,4,57,2,2,4,61
09/20/2022,MHR,CA,AWP,WE,Federal Contract Tower,9,17,36,1,63,0,12,31,9,52,9,29,67,10,115,0,26,26,141
09/21/2022,MHR,CA,AWP,WE,Federal Contract Tower,8,5,17,1,31,0,14,36,5,55,8,19,53,6,86,8,18,26,112
09/22/2022,MHR,CA,AWP,WE,Federal Contract Tower,12,12,31,8,63,0,16,67,14,97,12,28,98,22,160,38,40,78,238
09/23/2022,MHR,CA,AWP,WE,Federal Contract Tower,7,7,24,1,39,0,24,76,9,109,7,31,100,10,148,20,4,24,172
09/24/2022,MHR,CA,AWP,WE,Federal Contract Tower,2,2,3,3,10,0,10,22,9,41,2,12,25,12,51,16,0,16,67
09/25/2022,MHR,CA,AWP,WE,Federal Contract Tower,2,5,16,0,23,0,7,18,0,25,2,12,34,0,48,2,0,2,50
09/26/2022,MHR,CA,AWP,WE,Federal Contract Tower,5,6,6,2,19,0,15,61,2,78,5,21,67,4,97,0,4,4,101
09/27/2022,MHR,CA,AWP,WE,Federal Contract Tower,9,18,8,3,38,0,22,40,0,62,9,40,48,3,100,0,0,0,100
09/28/2022,MHR,CA,AWP,WE,Federal Contract Tower,11,8,8,2,29,0,17,43,1,61,11,25,51,3,90,0,0,0,90
09/29/2022,MHR,CA,AWP,WE,Federal Contract Tower,11,18,14,15,58,0,29,68,10,107,11,47,82,25,165,2,0,2,167
09/30/2022,MHR,CA,AWP,WE,Federal Contract Tower,6,17,2,4,29,0,16,39,2,57,6,33,41,6,86,0,0,0,86
10/01/2022,MHR,CA,AWP,WE,Federal Contract Tower,4,0,2,0,6,0,20,66,0,86,4,20,68,0,92,0,0,0,92
10/02/2022,MHR,CA,AWP,WE,Federal Contract Tower,2,0,3,9,14,0,7,74,0,81,2,7,77,9,95,2,0,2,97
10/04/2022,MHR,CA,AWP,WE,Federal Contract Tower,5,9,7,2,23,0,6,50,5,61,5,15,57,7,84,6,0,6,90
10/05/2022,MHR,CA,AWP,WE,Federal Contract Tower,5,10,17,2,34,0,47,54,3,104,5,57,71,5,138,16,0,16,154
10/06/2022,MHR,CA,AWP,WE,Federal Contract Tower,9,8,18,9,44,0,22,54,8,84,9,30,72,17,128,46,26,72,200
10/07/2022,MHR,CA,AWP,WE,Federal Contract Tower,6,11,24,3,44,0,24,67,3,94,6,35,91,6,138,62,14,76,214
10/08/2022,MHR,CA,AWP,WE,Federal Contract Tower,2,2,12,0,16,0,14,17,0,31,2,16,29,0,47,44,0,44,91
10/09/2022,MHR,CA,AWP,WE,Federal Contract Tower,2,0,16,0,18,0,4,12,0,16,2,4,28,0,34,0,0,0,34
10/10/2022,MHR,CA,AWP,WE,Federal Contract Tower,5,12,13,8,38,0,19,60,3,82,5,31,73,11,120,48,3,51,171
10/11/2022,MHR,CA,AWP,WE,Federal Contract Tower,5,8,37,14,64,0,12,55,9,76,5,20,92,23,140,94,44,138,278
10/12/2022,MHR,CA,AWP,WE,Federal Contract Tower,10,6,27,11,54,0,14,58,8,80,10,20,85,19,134,72,42,114,248
10/13/2022,MHR,CA,AWP,WE,Federal Contract Tower,11,5,32,12,60,0,23,62,10,95,11,28,94,22,155,26,38,64,219
10/14/2022,MHR,CA,AWP,WE,Federal Contract Tower,3,9,47,8,67,0,22,56,4,82,3,31,103,12,149,52,18,70,219
10/16/2022,MHR,CA,AWP,WE,Federal Contract Tower,2,3,34,4,43,0,12,35,0,47,2,15,69,4,90,0,0,0,90
10/17/2022,MHR,CA,AWP,WE,Federal Contract Tower,4,9,31,4,48,0,12,46,0,58,4,21,77,4,106,96,24,120,226
10/18/2022,MHR,CA,AWP,WE,Federal Contract Tower,7,8,26,20,61,0,15,51,10,76,7,23,77,30,137,66,24,90,227
10/19/2022,MHR,CA,AWP,WE,Federal Contract Tower,9,12,24,11,56,2,17,67,17,103,11,29,91,28,159,96,38,134,293
10/20/2022,MHR,CA,AWP,WE,Federal Contract Tower,12,9,15,11,47,0,18,62,8,88,12,27,77,19,135,42,28,70,205
10/21/2022,MHR,CA,AWP,WE,Federal Contract Tower,6,11,22,1,40,0,28,74,7,109,6,39,96,8,149,54,10,64,213
10/22/2022,MHR,CA,AWP,WE,Federal Contract Tower,2,4,9,1,16,0,9,11,1,21,2,13,20,2,37,16,2,18,55
10/23/2022,MHR,CA,AWP,WE,Federal Contract Tower,3,2,9,2,16,0,7,11,3,21,3,9,20,5,37,2,0,2,39
10/24/2022,MHR,CA,AWP,WE,Federal Contract Tower,4,7,33,3,47,0,19,49,5,73,4,26,82,8,120,16,40,56,176
10/25/2022,MHR,CA,AWP,WE,Federal Contract Tower,11,5,14,0,30,0,18,46,13,77,11,23,60,13,107,48,16,64,171
10/26/2022,MHR,CA,AWP,WE,Federal Contract Tower,11,8,28,7,54,0,23,56,10,89,11,31,84,17,143,76,14,90,233
10/27/2022,MHR,CA,AWP,WE,Federal Contract Tower,7,15,39,1,62,0,22,35,3,60,7,37,74,4,122,42,14,56,178
10/28/2022,MHR,CA,AWP,WE,Federal Contract Tower,6,7,29,0,42,0,24,73,4,101,6,31,102,4,143,76,0,76,219
10/29/2022,MHR,CA,AWP,WE,Federal Contract Tower,2,4,17,0,23,0,17,23,0,40,2,21,40,0,63,34,0,34,97
10/30/2022,MHR,CA,AWP,WE,Federal Contract Tower,3,1,26,0,30,0,9,31,0,40,3,10,57,0,70,44,0,44,114
10/31/2022,MHR,CA,AWP,WE,Federal Contract Tower,4,9,25,11,49,0,18,69,8,95,4,27,94,19,144,94,66,160,304
11/01/2022,MHR,CA,AWP,WE,Federal Contract Tower,10,10,29,17,66,0,20,3,0,23,10,30,32,17,89,0,8,8,97
11/02/2022,MHR,CA,AWP,WE,Federal Contract Tower,7,5,34,14,60,0,20,40,3,63,7,25,74,17,123,66,54,120,243
11/03/2022,MHR,CA,AWP,WE,Federal Contract Tower,12,11,42,13,78,0,28,61,2,91,12,39,103,15,169,60,8,68,237
11/04/2022,MHR,CA,AWP,WE,Federal Contract Tower,8,6,36,9,59,0,17,57,4,78,8,23,93,13,137,86,10,96,233
11/05/2022,MHR,CA,AWP,WE,Federal Contract Tower,2,2,5,1,10,0,3,5,0,8,2,5,10,1,18,0,0,0,18
11/06/2022,MHR,CA,AWP,WE,Federal Contract Tower,2,4,12,2,20,0,7,18,0,25,2,11,30,2,45,62,0,62,107
11/07/2022,MHR,CA,AWP,WE,Federal Contract Tower,4,11,41,8,64,0,14,28,6,48,4,25,69,14,112,24,30,54,166
11/08/2022,MHR,CA,AWP,WE,Federal Contract Tower,7,12,5,12,36,0,6,0,7,13,7,18,5,19,49,0,6,6,55
11/09/2022,MHR,CA,AWP,WE,Federal Contract Tower,12,16,40,10,78,0,23,52,5,80,12,39,92,15,158,103,24,127,285
11/10/2022,MHR,CA,AWP,WE,Federal Contract Tower,16,8,40,10,74,0,16,54,9,79,16,24,94,19,153,58,34,92,245
11/11/2022,MHR,CA,AWP,WE,Federal Contract Tower,6,10,30,1,47,0,10,49,3,62,6,20,79,4,109,66,4,70,179
11/12/2022,MHR,CA,AWP,WE,Federal Contract Tower,2,10,29,1,42,0,16,3,0,19,2,26,32,1,61,14,0,14,75
11/13/2022,MHR,CA,AWP,WE,Federal Contract Tower,2,4,16,2,24,0,14,28,1,43,2,18,44,3,67,28,0,28,95
11/15/2022,MHR,CA,AWP,WE,Federal Contract Tower,10,15,51,9,85,0,20,41,9,70,10,35,92,18,155,74,10,84,239
11/16/2022,MHR,CA,AWP,WE,Federal Contract Tower,7,9,32,18,66,0,15,66,4,85,7,24,98,22,151,166,34,200,351
11/17/2022,MHR,CA,AWP,WE,Federal Contract Tower,10,7,37,6,60,0,26,39,7,72,10,33,76,13,132,100,42,142,274
11/18/2022,MHR,CA,AWP,WE,Federal Contract Tower,8,7,65,3,83,0,26,48,1,75,8,33,113,4,158,74,10,84,242
11/19/2022,MHR,CA,AWP,WE,Federal Contract Tower,3,8,14,1,26,0,15,32,0,47,3,23,46,1,73,46,0,46,119
11/20/2022,MHR,CA,AWP,WE,Federal Contract Tower,3,8,22,0,33,0,6,22,0,28,3,14,44,0,61,44,0,44,105
11/21/2022,MHR,CA,AWP,WE,Federal Contract Tower,7,4,19,5,35,0,16,59,2,77,7,20,78,7,112,88,18,106,218
11/22/2022,MHR,CA,AWP,WE,Federal Contract Tower,16,4,15,2,37,0,22,45,3,70,16,26,60,5,107,94,16,110,217
11/23/2022,MHR,CA,AWP,WE,Federal Contract Tower,10,3,18,11,42,0,22,63,1,86,10,25,81,12,128,84,34,118,246
11/24/2022,MHR,CA,AWP,WE,Federal Contract Tower,2,0,5,0,7,0,7,8,0,15,2,7,13,0,22,6,0,6,28
11/25/2022,MHR,CA,AWP,WE,Federal Contract Tower,8,5,21,0,34,0,19,36,0,55,8,24,57,0,89,24,0,24,113
11/26/2022,MHR,CA,AWP,WE,Federal Contract Tower,2,3,22,0,27,0,17,16,0,33,2,20,38,0,60,44,0,44,104
11/27/2022,MHR,CA,AWP,WE,Federal Contract Tower,4,3,20,0,27,0,7,17,0,24,4,10,37,0,51,45,0,45,96
11/29/2022,MHR,CA,AWP,WE,Federal Contract Tower,21,7,25,20,73,0,29,46,15,90,21,36,71,35,163,62,66,128,291
11/30/2022,MHR,CA,AWP,WE,Federal Contract Tower,13,9,27,9,58,0,22,60,9,91,13,31,87,18,149,66,22,88,237
12/01/2022,MHR,CA,AWP,WE,Federal Contract Tower,24,14,15,1,54,0,15,1,3,19,24,29,16,4,73,10,18,28,101
12/02/2022,MHR,CA,AWP,WE,Federal Contract Tower,14,14,38,3,69,0,22,60,4,86,14,36,98,7,155,98,2,100,255
12/03/2022,MHR,CA,AWP,WE,Federal Contract Tower,2,4,6,2,14,0,2,0,0,2,2,6,6,2,16,0,0,0,16
12/05/2022,MHR,CA,AWP,WE,Federal Contract Tower,6,8,26,6,46,0,13,10,6,29,6,21,36,12,75,0,18,18,93
12/06/2022,MHR,CA,AWP,WE,Federal Contract Tower,28,12,35,33,108,0,10,43,12,65,28,22,78,45,173,50,50,100,273
12/07/2022,MHR,CA,AWP,WE,Federal Contract Tower,23,17,46,17,103,0,17,73,4,94,23,34,119,21,197,116,14,130,327
12/08/2022,MHR,CA,AWP,WE,Federal Contract Tower,23,20,35,16,94,0,22,32,2,56,23,42,67,18,150,48,22,70,220
12/09/2022,MHR,CA,AWP,WE,Federal Contract Tower,15,29,39,22,105,0,14,9,3,26,15,43,48,25,131,4,26,30,161
12/10/2022,MHR,CA,AWP,WE,Federal Contract Tower,2,2,2,0,6,0,3,0,0,3,2,5,2,0,9,0,6,6,15
12/13/2022,MHR,CA,AWP,WE,Federal Contract Tower,24,7,14,10,55,0,17,73,7,97,24,24,87,17,152,94,49,143,295
12/14/2022,MHR,CA,AWP,WE,Federal Contract Tower,24,8,35,27,94,0,27,67,7,101,24,35,102,34,195,108,60,168,363
12/15/2022,MHR,CA,AWP,WE,Federal Contract Tower,25,8,37,13,83,0,26,69,6,101,25,34,106,19,184,112,4,116,300
12/16/2022,MHR,CA,AWP,WE,Federal Contract Tower,30,11,26,7,74,0,24,47,0,71,30,35,73,7,145,88,20,108,253
12/17/2022,MHR,CA,AWP,WE,Federal Contract Tower,21,5,32,0,58,0,11,29,1,41,21,16,61,1,99,2,0,2,101
12/18/2022,MHR,CA,AWP,WE,Federal Contract Tower,12,3,1,1,17,0,0,0,0,0,12,3,1,1,17,0,0,0,17
12/19/2022,MHR,CA,AWP,WE,Federal Contract Tower,18,23,35,0,76,0,3,0,0,3,18,26,35,0,79,4,8,12,91
12/20/2022,MHR,CA,AWP,WE,Federal Contract Tower,24,23,22,14,83,0,12,37,5,54,24,35,59,19,137,78,24,102,239
12/21/2022,MHR,CA,AWP,WE,Federal Contract Tower,23,28,21,0,72,0,0,0,0,0,23,28,21,0,72,0,0,0,72
12/22/2022,MHR,CA,AWP,WE,Federal Contract Tower,26,27,22,1,76,0,10,3,2,15,26,37,25,3,91,0,10,10,101
12/23/2022,MHR,CA,AWP,WE,Federal Contract Tower,4,11,22,0,37,0,12,17,0,29,4,23,39,0,66,4,0,4,70
12/24/2022,MHR,CA,AWP,WE,Federal Contract Tower,5,7,6,1,19,0,5,4,1,10,5,12,10,2,29,0,0,0,29
12/25/2022,MHR,CA,AWP,WE,Federal Contract Tower,0,0,1,0,1,0,0,0,0,0,0,0,1,0,1,0,0,0,1
12/26/2022,MHR,CA,AWP,WE,Federal Contract Tower,3,6,32,0,41,0,0,1,0,1,3,6,33,0,42,0,0,0,42
12/27/2022,MHR,CA,AWP,WE,Federal Contract Tower,1,12,9,0,22,0,5,0,0,5,1,17,9,0,27,0,0,0,27
12/28/2022,MHR,CA,AWP,WE,Federal Contract Tower,28,8,32,4,72,0,20,47,4,71,28,28,79,8,143,96,0,96,239
12/29/2022,MHR,CA,AWP,WE,Federal Contract Tower,19,14,22,2,57,0,6,2,1,9,19,20,24,3,66,12,0,12,78
12/30/2022,MHR,CA,AWP,WE,Federal Contract Tower,19,26,3,0,48,0,0,0,0,0,19,26,3,0,48,0,0,0,48
12/31/2022,MHR,CA,AWP,WE,Federal Contract Tower,2,7,6,0,15,0,0,0,0,0,2,7,6,0,15,0,0,0,15
01/01/2023,MHR,CA,AWP,WE,Federal Contract Tower,0,2,9,2,13,0,12,10,0,22,0,14,19,2,35,0,0,0,35
01/02/2023,MHR,CA,AWP,WE,Federal Contract Tower,3,6,4,0,13,0,1,5,0,6,3,7,9,0,19,12,0,12,31
01/03/2023,MHR,CA,AWP,WE,Federal Contract Tower,6,7,29,8,50,0,9,10,0,19,6,16,39,8,69,0,0,0,69
01/04/2023,MHR,CA,AWP,WE,Federal Contract Tower,11,8,6,5,30,0,4,0,3,7,11,12,6,8,37,0,16,16,53
01/05/2023,MHR,CA,AWP,WE,Federal Contract Tower,9,6,3,4,22,0,24,7,3,34,9,30,10,7,56,0,4,4,60
01/06/2023,MHR,CA,AWP,WE,Federal Contract Tower,8,14,52,21,95,0,15,59,9,83,8,29,111,30,178,130,38,168,346
01/07/2023,MHR,CA,AWP,WE,Federal Contract Tower,2,6,8,1,17,0,5,2,2,9,2,11,10,3,26,6,0,6,32
01/08/2023,MHR,CA,AWP,WE,Federal Contract Tower,2,6,9,1,18,0,10,6,0,16,2,16,15,1,34,8,0,8,42
01/09/2023,MHR,CA,AWP,WE,Federal Contract Tower,3,11,21,11,46,0,9,12,3,24,3,20,33,14,70,15,20,35,105
01/10/2023,MHR,CA,AWP,WE,Federal Contract Tower,13,13,14,14,54,0,1,13,5,19,13,14,27,19,73,14,0,14,87
01/11/2023,MHR,CA,AWP,WE,Federal Contract Tower,8,14,11,19,52,0,3,0,3,6,8,17,11,22,58,2,58,60,118
01/12/2023,MHR,CA,AWP,WE,Federal Contract Tower,6,13,16,10,45,0,17,39,13,69,6,30,55,23,114,48,44,92,206
01/13/2023,MHR,CA,AWP,WE,Federal Contract Tower,6,8,14,20,48,0,9,8,3,20,6,17,22,23,68,4,2,6,74
01/14/2023,MHR,CA,AWP,WE,Federal Contract Tower,2,1,4,0,7,0,6,0,0,6,2,7,4,0,13,0,0,0,13
01/15/2023,MHR,CA,AWP,WE,Federal Contract Tower,2,2,12,4,20,0,2,2,0,4,2,4,14,4,24,10,0,10,34
01/16/2023,MHR,CA,AWP,WE,Federal Contract Tower,3,7,18,3,31,0,9,30,9,48,3,16,48,12,79,36,0,36,115
01/17/2023,MHR,CA,AWP,WE,Federal Contract Tower,7,11,16,11,45,5,20,42,12,79,12,31,58,23,124,108,27,135,259
01/18/2023,MHR,CA,AWP,WE,Federal Contract Tower,6,10,15,10,41,0,30,40,11,81,6,40,55,21,122,62,68,130,252
01/19/2023,MHR,CA,AWP,WE,Federal Contract Tower,10,20,22,2,54,0,18,19,1,38,10,38,41,3,92,18,26,44,136
01/20/2023,MHR,CA,AWP,WE,Federal Contract Tower,7,7,19,4,37,0,19,61,10,90,7,26,80,14,127,114,20,134,261
01/21/2023,MHR,CA,AWP,WE,Federal Contract Tower,2,4,15,2,23,0,8,40,5,53,2,12,55,7,76,110,8,118,194
01/22/2023,MHR,CA,AWP,WE,Federal Contract Tower,2,5,24,0,31,0,0,24,7,31,2,5,48,7,62,6,6,12,74
01/23/2023,MHR,CA,AWP,WE,Federal Contract Tower,4,6,7,4,21,0,11,31,2,44,4,17,38,6,65,38,8,46,111
01/24/2023,MHR,CA,AWP,WE,Federal Contract Tower,9,25,20,5,59,0,32,52,8,92,9,57,72,13,151,120,34,154,305
01/25/2023,MHR,CA,AWP,WE,Federal Contract Tower,10,9,7,4,30,0,36,50,2,88,10,45,57,6,118,72,4,76,194
01/26/2023,MHR,CA,AWP,WE,Federal Contract Tower,14,10,23,16,63,0,27,37,12,76,14,37,60,28,139,136,40,176,315
01/27/2023,MHR,CA,AWP,WE,Federal Contract Tower,10,7,25,18,60,0,22,55,6,83,10,29,80,24,143,36,22,58,201
01/28/2023,MHR,CA,AWP,WE,Federal Contract Tower,2,8,8,0,18,0,12,39,0,51,2,20,47,0,69,72,0,72,141
01/29/2023,MHR,CA,AWP,WE,Federal Contract Tower,3,5,15,0,23,0,2,17,1,20,3,7,32,1,43,18,2,20,63
01/30/2023,MHR,CA,AWP,WE,Federal Contract Tower,2,20,16,5,43,0,13,33,9,55,2,33,49,14,98,30,30,60,158
01/31/2023,MHR,CA,AWP,WE,Federal Contract Tower,7,6,16,13,42,0,19,50,15,84,7,25,66,28,126,132,66,198,324
02/01/2023,MHR,CA,AWP,WE,Federal Contract Tower,11,21,19,8,59,0,17,51,7,75,11,38,70,15,134,140,20,160,294
02/02/2023,MHR,CA,AWP,WE,Federal Contract Tower,10,14,19,22,65,0,27,53,9,89,10,41,72,31,154,170,36,206,360
02/03/2023,MHR,CA,AWP,WE,Federal Contract Tower,9,18,31,13,71,0,15,21,4,40,9,33,52,17,111,58,40,98,209
02/04/2023,MHR,CA,AWP,WE,Federal Contract Tower,2,3,8,4,17,0,12,21,0,33,2,15,29,4,50,46,6,52,102
02/05/2023,MHR,CA,AWP,WE,Federal Contract Tower,2,5,9,4,20,0,4,5,0,9,2,9,14,4,29,0,0,0,29
02/06/2023,MHR,CA,AWP,WE,Federal Contract Tower,4,7,42,10,63,0,11,48,5,64,4,18,90,15,127,70,26,96,223
02/07/2023,MHR,CA,AWP,WE,Federal Contract Tower,9,9,18,8,44,0,9,78,6,93,9,18,96,14,137,162,32,194,331
02/08/2023,MHR,CA,AWP,WE,Federal Contract Tower,10,14,28,9,61,0,30,57,5,92,10,44,85,14,153,90,56,146,299
02/09/2023,MHR,CA,AWP,WE,Federal Contract Tower,10,17,35,10,72,0,34,57,1,92,10,51,92,11,164,102,20,122,286
02/10/2023,MHR,CA,AWP,WE,Federal Contract Tower,6,9,34,14,63,0,23,33,10,66,6,32,67,24,129,68,60,128,257
02/11/2023,MHR,CA,AWP,WE,Federal Contract Tower,2,0,29,0,31,0,8,35,3,46,2,8,64,3,77,74,0,74,151
02/12/2023,MHR,CA,AWP,WE,Federal Contract Tower,2,2,22,2,28,0,3,38,0,41,2,5,60,2,69,66,0,66,135
02/13/2023,MHR,CA,AWP,WE,Federal Contract Tower,4,8,19,13,44,0,6,68,7,81,4,14,87,20,125,112,44,156,281
02/14/2023,MHR,CA,AWP,WE,Federal Contract Tower,6,6,7,8,27,0,12,22,0,34,6,18,29,8,61,10,0,10,71
02/15/2023,MHR,CA,AWP,WE,Federal Contract Tower,9,7,24,15,55,0,25,41,7,73,9,32,65,22,128,82,56,138,266
02/16/2023,MHR,CA,AWP,WE,Federal Contract Tower,6,12,19,9,46,0,23,48,5,76,6,35,67,14,122,160,26,186,308
02/17/2023,MHR,CA,AWP,WE,Federal Contract Tower,5,1,37,5,48,0,18,56,6,80,5,19,93,11,128,92,18,110,238
02/18/2023,MHR,CA,AWP,WE,Federal Contract Tower,2,2,20,1,25,0,12,48,2,62,2,14,68,3,87,70,0,70,157
02/19/2023,MHR,CA,AWP,WE,Federal Contract Tower,3,4,11,2,20,0,14,41,2,57,3,18,52,4,77,128,16,144,221
02/20/2023,MHR,CA,AWP,WE,Federal Contract Tower,3,6,24,0,33,0,8,46,2,56,3,14,70,2,89,50,0,50,139
02/21/2023,MHR,CA,AWP,WE,Federal Contract Tower,13,8,19,8,48,1,18,54,4,77,14,26,73,12,125,114,34,148,273
02/22/2023,MHR,CA,AWP,WE,Federal Contract Tower,10,10,17,11,48,0,25,52,8,85,10,35,69,19,133,70,46,116,249
02/23/2023,MHR,CA,AWP,WE,Federal Contract Tower,10,14,12,14,50,0,6,11,2,19,10,20,23,16,69,38,24,62,131
02/24/2023,MHR,CA,AWP,WE,Federal Contract Tower,4,13,15,3,35,0,8,6,0,14,4,21,21,3,49,4,0,4,53
02/25/2023,MHR,CA,AWP,WE,Federal Contract Tower,3,8,16,4,31,0,3,7,0,10,3,11,23,4,41,6,0,6,47
02/26/2023,MHR,CA,AWP,WE,Federal Contract Tower,2,5,9,5,21,0,0,0,0,0,2,5,9,5,21,0,0,0,21
02/27/2023,MHR,CA,AWP,WE,Federal Contract Tower,3,12,4,16,35,0,8,1,2,11,3,20,5,18,46,0,2,2,48
02/28/2023,MHR,CA,AWP,WE,Federal Contract Tower,15,15,9,6,45,0,1,2,2,5,15,16,11,8,50,0,10,10,60
03/01/2023,MHR,CA,AWP,WE,Federal Contract Tower,10,9,13,4,36,0,18,22,2,42,10,27,35,6,78,12,8,20,98
03/02/2023,MHR,CA,AWP,WE,Federal Contract Tower,9,13,53,6,81,0,33,38,9,80,9,46,91,15,161,158,40,198,359
03/03/2023,MHR,CA,AWP,WE,Federal Contract Tower,5,6,12,10,33,0,31,43,4,78,5,37,55,14,111,150,18,168,279
03/04/2023,MHR,CA,AWP,WE,Federal Contract Tower,2,2,1,4,9,0,13,18,0,31,2,15,19,4,40,4,0,4,44
03/05/2023,MHR,CA,AWP,WE,Federal Contract Tower,2,3,10,0,15,0,5,8,0,13,2,8,18,0,28,2,0,2,30
03/06/2023,MHR,CA,AWP,WE,Federal Contract Tower,4,7,14,8,33,0,19,16,1,36,4,26,30,9,69,94,18,112,181
03/07/2023,MHR,CA,AWP,WE,Federal Contract Tower,9,11,11,7,38,0,24,51,5,80,9,35,62,12,118,182,32,214,332
03/08/2023,MHR,CA,AWP,WE,Federal Contract Tower,10,15,14,9,48,0,18,36,2,56,10,33,50,11,104,126,20,146,250
03/09/2023,MHR,CA,AWP,WE,Federal Contract Tower,6,15,16,7,44,0,11,28,5,44,6,26,44,12,88,104,16,120,208
03/10/2023,MHR,CA,AWP,WE,Federal Contract Tower,11,9,13,16,49,0,15,22,6,43,11,24,35,22,92,78,50,128,220
03/11/2023,MHR,CA,AWP,WE,Federal Contract Tower,2,10,6,3,21,0,2,2,0,4,2,12,8,3,25,0,0,0,25
03/12/2023,MHR,CA,AWP,WE,Federal Contract Tower,2,6,7,2,17,0,2,3,0,5,2,8,10,2,22,0,0,0,22
03/13/2023,MHR,CA,AWP,WE,Federal Contract Tower,3,10,13,4,30,0,16,19,6,41,3,26,32,10,71,50,10,60,131
03/14/2023,MHR,CA,AWP,WE,Federal Contract Tower,8,12,6,0,26,0,2,0,0,2,8,14,6,0,28,0,0,0,28
03/15/2023,MHR,CA,AWP,WE,Federal Contract Tower,10,4,44,10,68,0,14,36,15,65,10,18,80,25,133,128,38,166,299
03/16/2023,MHR,CA,AWP,WE,Federal Contract Tower,9,15,57,6,87,0,24,60,7,91,9,39,117,13,178,150,34,184,362
03/17/2023,MHR,CA,AWP,WE,Federal Contract Tower,6,2,38,6,52,0,10,50,4,64,6,12,88,10,116,88,22,110,226
03/18/2023,MHR,CA,AWP,WE,Federal Contract Tower,1,3,21,2,27,0,15,22,0,37,1,18,43,2,64,50,0,50,114
03/19/2023,MHR,CA,AWP,WE,Federal Contract Tower,2,8,6,0,16,0,0,1,0,1,2,8,7,0,17,0,0,0,17
03/20/2023,MHR,CA,AWP,WE,Federal Contract Tower,3,5,32,2,42,0,26,33,11,70,3,31,65,13,112,106,34,140,252
03/21/2023,MHR,CA,AWP,WE,Federal Contract Tower,8,8,6,19,41,0,4,1,0,5,8,12,7,19,46,0,0,0,46
03/22/2023,MHR,CA,AWP,WE,Federal Contract Tower,12,15,14,4,45,0,13,18,6,37,12,28,32,10,82,54,20,74,156
03/23/2023,MHR,CA,AWP,WE,Federal Contract Tower,10,11,31,1,53,0,19,47,1,67,10,30,78,2,120,110,16,126,246
03/24/2023,MHR,CA,AWP,WE,Federal Contract Tower,5,10,51,5,71,0,14,56,0,70,5,24,107,5,141,120,0,120,261
03/25/2023,MHR,CA,AWP,WE,Federal Contract Tower,2,9,35,0,46,0,14,26,0,40,2,23,61,0,86,20,0,20,106
03/26/2023,MHR,CA,AWP,WE,Federal Contract Tower,2,7,31,0,40,0,27,38,0,65,2,34,69,0,105,98,0,98,203
03/27/2023,MHR,CA,AWP,WE,Federal Contract Tower,4,8,34,2,48,0,43,41,4,88,4,51,75,6,136,108,14,122,258
03/28/2023,MHR,CA,AWP,WE,Federal Contract Tower,4,7,0,0,11,0,6,1,0,7,4,13,1,0,18,0,0,0,18
03/29/2023,MHR,CA,AWP,WE,Federal Contract Tower,11,14,7,2,34,0,4,4,5,13,11,18,11,7,47,8,12,20,67
03/30/2023,MHR,CA,AWP,WE,Federal Contract Tower,10,13,30,4,57,0,20,31,2,53,10,33,61,6,110,88,22,110,220
03/31/2023,MHR,CA,AWP,WE,Federal Contract Tower,10,12,14,12,48,0,22,57,1,80,10,34,71,13,128,134,10,144,272
04/01/2023,MHR,CA,AWP,WE,Federal Contract Tower,2,1,28,0,31,0,28,56,0,84,2,29,84,0,115,112,0,112,227
04/02/2023,MHR,CA,AWP,WE,Federal Contract Tower,2,8,22,0,32,0,34,17,0,51,2,42,39,0,83,46,0,46,129
04/03/2023,MHR,CA,AWP,WE,Federal Contract Tower,5,8,5,1,19,0,11,23,1,35,5,19,28,2,54,10,0,10,64
04/04/2023,MHR,CA,AWP,WE,Federal Contract Tower,12,3,10,12,37,0,20,65,0,85,12,23,75,12,122,102,4,106,228
04/05/2023,MHR,CA,AWP,WE,Federal Contract Tower,12,7,31,6,56,0,28,51,6,85,12,35,82,12,141,138,38,176,317
04/06/2023,MHR,CA,AWP,WE,Federal Contract Tower,12,10,23,6,51,0,26,73,7,106,12,36,96,13,157,92,8,100,257
04/07/2023,MHR,CA,AWP,WE,Federal Contract Tower,11,13,27,4,55,0,15,25,4,44,11,28,52,8,99,28,10,38,137
04/08/2023,MHR,CA,AWP,WE,Federal Contract Tower,6,0,21,0,27,0,14,36,2,52,6,14,57,2,79,52,0,52,131
04/09/2023,MHR,CA,AWP,WE,Federal Contract Tower,3,4,30,0,37,0,5,66,0,71,3,9,96,0,108,64,0,64,172
04/10/2023,MHR,CA,AWP,WE,Federal Contract Tower,4,2,20,1,27,0,12,47,0,59,4,14,67,1,86,78,0,78,164
04/11/2023,MHR,CA,AWP,WE,Federal Contract Tower,12,19,16,6,53,0,21,41,1,63,12,40,57,7,116,62,0,62,178
04/12/2023,MHR,CA,AWP,WE,Federal Contract Tower,12,10,17,9,48,0,35,61,9,105,12,45,78,18,153,36,0,36,189
04/13/2023,MHR,CA,AWP,WE,Federal Contract Tower,12,8,31,1,52,0,31,46,13,90,12,39,77,14,142,48,8,56,198
04/14/2023,MHR,CA,AWP,WE,Federal Contract Tower,9,12,21,6,48,0,29,81,19,129,9,41,102,25,177,74,26,100,277
04/15/2023,MHR,CA,AWP,WE,Federal Contract Tower,2,7,19,9,37,0,17,42,4,63,2,24,61,13,100,48,16,64,164
04/16/2023,MHR,CA,AWP,WE,Federal Contract Tower,2,6,13,5,26,0,12,55,3,70,2,18,68,8,96,68,0,68,164
04/17/2023,MHR,CA,AWP,WE,Federal Contract Tower,4,6,19,9,38,0,16,46,2,64,4,22,65,11,102,20,0,20,122
04/18/2023,MHR,CA,AWP,WE,Federal Contract Tower,12,14,17,14,57,0,28,85,11,124,12,42,102,25,181,114,2,116,297
04/19/2023,MHR,CA,AWP,WE,Federal Contract Tower,14,11,22,8,55,0,31,66,13,110,14,42,88,21,165,46,0,46,211
04/20/2023,MHR,CA,AWP,WE,Federal Contract Tower,12,12,38,3,65,0,37,76,8,121,12,49,114,11,186,64,0,64,250
04/21/2023,MHR,CA,AWP,WE,Federal Contract Tower,12,11,19,9,51,0,25,58,3,86,12,36,77,12,137,36,0,36,173
04/22/2023,MHR,CA,AWP,WE,Federal Contract Tower,3,6,14,2,25,0,10,45,12,67,3,16,59,14,92,42,2,44,136
04/23/2023,MHR,CA,AWP,WE,Federal Contract Tower,3,8,24,1,36,0,18,53,15,86,3,26,77,16,122,18,20,38,160
04/24/2023,MHR,CA,AWP,WE,Federal Contract Tower,4,4,24,1,33,0,18,53,0,71,4,22,77,1,104,34,0,34,138
04/25/2023,MHR,CA,AWP,WE,Federal Contract Tower,12,6,25,8,51,0,31,43,3,77,12,37,68,11,128,12,0,12,140
04/26/2023,MHR,CA,AWP,WE,Federal Contract Tower,12,9,27,4,52,0,21,80,14,115,12,30,107,18,167,76,8,84,251
04/27/2023,MHR,CA,AWP,WE,Federal Contract Tower,12,12,21,14,59,0,27,62,10,99,12,39,83,24,158,60,26,86,244
04/28/2023,MHR,CA,AWP,WE,Federal Contract Tower,9,12,22,2,45,0,15,94,7,116,9,27,116,9,161,114,0,114,275
04/29/2023,MHR,CA,AWP,WE,Federal Contract Tower,2,9,23,0,34,0,12,88,0,100,2,21,111,0,134,36,0,36,170
04/30/2023,MHR,CA,AWP,WE,Federal Contract Tower,2,7,27,0,36,0,8,34,0,42,2,15,61,0,78,42,0,42,120
05/01/2023,MHR,CA,AWP,WE,Federal Contract Tower,4,3,24,11,42,0,9,22,5,36,4,12,46,16,78,42,2,44,122
05/02/2023,MHR,CA,AWP,WE,Federal Contract Tower,12,15,9,9,45,0,13,11,10,34,12,28,20,19,79,6,18,24,103
05/03/2023,MHR,CA,AWP,WE,Federal Contract Tower,12,18,30,9,69,0,42,81,5,128,12,60,111,14,197,94,2,96,293
05/04/2023,MHR,CA,AWP,WE,Federal Contract Tower,12,18,15,13,58,0,19,31,10,60,12,37,46,23,118,12,22,34,152
05/05/2023,MHR,CA,AWP,WE,Federal Contract Tower,9,8,22,7,46,0,28,56,4,88,9,36,78,11,134,170,28,198,332
05/06/2023,MHR,CA,AWP,WE,Federal Contract Tower,2,6,10,0,18,0,11,7,2,20,2,17,17,2,38,4,0,4,42
05/07/2023,MHR,CA,AWP,WE,Federal Contract Tower,2,6,21,0,29,0,7,67,3,77,2,13,88,3,106,72,0,72,178
05/08/2023,MHR,CA,AWP,WE,Federal Contract Tower,4,7,20,7,38,0,10,72,11,93,4,17,92,18,131,32,16,48,179
05/09/2023,MHR,CA,AWP,WE,Federal Contract Tower,12,3,25,16,56,0,17,101,10,128,12,20,126,26,184,34,8,42,226
05/10/2023,MHR,CA,AWP,WE,Federal Contract Tower,12,15,31,18,76,0,29,54,18,101,12,44,85,36,177,44,16,60,237
05/11/2023,MHR,CA,AWP,WE,Federal Contract Tower,11,10,16,5,42,0,35,64,18,117,11,45,80,23,159,68,30,98,257
05/12/2023,MHR,CA,AWP,WE,Federal Contract Tower,10,7,30,1,48,0,35,73,4,112,10,42,103,5,160,48,0,48,208
05/13/2023,MHR,CA,AWP,WE,Federal Contract Tower,2,8,10,1,21,0,20,43,2,65,2,28,53,3,86,82,0,82,168
05/14/2023,MHR,CA,AWP,WE,Federal Contract Tower,2,2,5,0,9,0,13,39,0,52,2,15,44,0,61,108,0,108,169
05/15/2023,MHR,CA,AWP,WE,Federal Contract Tower,4,3,20,11,38,0,8,76,19,103,4,11,96,30,141,72,12,84,225
05/16/2023,MHR,CA,AWP,WE,Federal Contract Tower,12,6,18,39,75,0,19,57,45,121,12,25,75,84,196,38,34,72,268
05/17/2023,MHR,CA,AWP,WE,Federal Contract Tower,12,11,13,7,43,0,24,67,6,97,12,35,80,13,140,44,10,54,194
05/18/2023,MHR,CA,AWP,WE,Federal Contract Tower,12,5,24,5,46,0,22,73,4,99,12,27,97,9,145,78,4,82,227
05/19/2023,MHR,CA,AWP,WE,Federal Contract Tower,9,8,15,3,35,0,14,55,6,75,9,22,70,9,110,132,0,132,242
05/20/2023,MHR,CA,AWP,WE,Federal Contract Tower,1,6,13,2,22,0,8,54,6,68,1,14,67,8,90,66,0,66,156
05/21/2023,MHR,CA,AWP,WE,Federal Contract Tower,2,5,15,2,24,0,5,61,5,71,2,10,76,7,95,86,0,86,181
05/22/2023,MHR,CA,AWP,WE,Federal Contract Tower,5,7,16,30,58,3,15,61,1,80,8,22,77,31,138,62,0,62,200
05/23/2023,MHR,CA,AWP,WE,Federal Contract Tower,12,9,29,8,58,0,17,69,22,108,12,26,98,30,166,78,38,116,282
05/24/2023,MHR,CA,AWP,WE,Federal Contract Tower,12,12,33,6,63,0,23,45,14,82,12,35,78,20,145,110,0,110,255
05/25/2023,MHR,CA,AWP,WE,Federal Contract Tower,12,11,24,10,57,0,20,58,15,93,12,31,82,25,150,110,26,136,286
05/26/2023,MHR,CA,AWP,WE,Federal Contract Tower,9,12,25,12,58,0,16,47,5,68,9,28,72,17,126,44,6,50,176
05/27/2023,MHR,CA,AWP,WE,Federal Contract Tower,2,18,14,0,34,0,13,17,3,33,2,31,31,3,67,60,0,60,127
05/28/2023,MHR,CA,AWP,WE,Federal Contract Tower,0,5,15,0,20,0,4,22,0,26,0,9,37,0,46,92,0,92,138
05/29/2023,MHR,CA,AWP,WE,Federal Contract Tower,0,0,13,8,21,0,5,34,6,45,0,5,47,14,66,6,0,6,72
05/30/2023,MHR,CA,AWP,WE,Federal Contract Tower,4,14,25,14,57,0,15,50,10,75,4,29,75,24,132,80,0,80,212
05/31/2023,MHR,CA,AWP,WE,Federal Contract Tower,12,16,39,11,78,0,18,54,20,92,12,34,93,31,170,42,10,52,222
06/01/2023,MHR,CA,AWP,WE,Federal Contract Tower,12,3,26,21,62,0,27,74,11,112,12,30,100,32,174,74,8,82,256
06/02/2023,MHR,CA,AWP,WE,Federal Contract Tower,4,15,29,15,63,0,20,43,9,72,4,35,72,24,135,28,2,30,165
06/03/2023,MHR,CA,AWP,WE,Federal Contract Tower,2,6,14,0,22,0,17,47,4,68,2,23,61,4,90,34,0,34,124
06/04/2023,MHR,CA,AWP,WE,Federal Contract Tower,2,11,11,2,26,0,4,41,2,47,2,15,52,4,73,48,0,48,121
06/05/2023,MHR,CA,AWP,WE,Federal Contract Tower,4,5,12,2,23,0,6,35,11,52,4,11,47,13,75,66,0,66,141
06/06/2023,MHR,CA,AWP,WE,Federal Contract Tower,12,7,15,13,47,0,16,41,6,63,12,23,56,19,110,70,2,72,182
06/07/2023,MHR,CA,AWP,WE,Federal Contract Tower,12,11,26,4,53,0,21,57,11,89,12,32,83,15,142,104,0,104,246
06/08/2023,MHR,CA,AWP,WE,Federal Contract Tower,12,10,23,5,50,0,22,74,7,103,12,32,97,12,153,110,0,110,263
06/09/2023,MHR,CA,AWP,WE,Federal Contract Tower,7,6,19,1,33,0,17,43,9,69,7,23,62,10,102,90,6,96,198
06/10/2023,MHR,CA,AWP,WE,Federal Contract Tower,2,5,12,0,19,0,12,46,1,59,2,17,58,1,78,70,0,70,148
06/11/2023,MHR,CA,AWP,WE,Federal Contract Tower,2,3,15,2,22,0,9,44,3,56,2,12,59,5,78,66,0,66,144
06/12/2023,MHR,CA,AWP,WE,Federal Contract Tower,4,8,21,6,39,0,13,30,7,50,4,21,51,13,89,56,0,56,145
06/13/2023,MHR,CA,AWP,WE,Federal Contract Tower,12,9,17,5,43,0,18,59,15,92,12,27,76,20,135,58,14,72,207
06/14/2023,MHR,CA,AWP,WE,Federal Contract Tower,12,11,29,4,56,0,30,83,2,115,12,41,112,6,171,72,0,72,243
06/15/2023,MHR,CA,AWP,WE,Federal Contract Tower,12,5,27,15,59,0,23,52,7,82,12,28,79,22,141,32,6,38,179
06/16/2023,MHR,CA,AWP,WE,Federal Contract Tower,7,10,29,9,55,0,17,83,7,107,7,27,112,16,162,46,0,46,208
06/17/2023,MHR,CA,AWP,WE,Federal Contract Tower,2,8,16,0,26,0,17,60,0,77,2,25,76,0,103,118,0,118,221
06/18/2023,MHR,CA,AWP,WE,Federal Contract Tower,2,7,19,3,31,0,13,38,1,52,2,20,57,4,83,82,0,82,165
06/19/2023,MHR,CA,AWP,WE,Federal Contract Tower,4,4,19,2,29,0,9,44,1,54,4,13,63,3,83,4,8,12,95
06/20/2023,MHR,CA,AWP,WE,Federal Contract Tower,12,3,14,11,40,2,19,52,21,94,14,22,66,32,134,58,2,60,194
06/21/2023,MHR,CA,AWP,WE,Federal Contract Tower,12,8,23,15,58,0,18,57,12,87,12,26,80,27,145,46,16,62,207
06/22/2023,MHR,CA,AWP,WE,Federal Contract Tower,12,15,20,17,64,0,38,56,8,102,12,53,76,25,166,44,26,70,236
06/23/2023,MHR,CA,AWP,WE,Federal Contract Tower,7,10,34,12,63,0,21,81,7,109,7,31,115,19,172,100,0,100,272
06/24/2023,MHR,CA,AWP,WE,Federal Contract Tower,2,10,20,1,33,0,9,54,2,65,2,19,74,3,98,52,3,55,153
06/25/2023,MHR,CA,AWP,WE,Federal Contract Tower,2,4,30,1,37,0,10,50,3,63,2,14,80,4,100,50,0,50,150
06/26/2023,MHR,CA,AWP,WE,Federal Contract Tower,4,6,17,5,32,0,25,47,4,76,4,31,64,9,108,50,8,58,166
06/27/2023,MHR,CA,AWP,WE,Federal Contract Tower,12,9,17,7,45,0,30,46,0,76,12,39,63,7,121,74,10,84,205
06/28/2023,MHR,CA,AWP,WE,Federal Contract Tower,12,10,23,11,56,0,25,37,17,79,12,35,60,28,135,28,20,48,183
06/29/2023,MHR,CA,AWP,WE,Federal Contract Tower,12,5,21,13,51,0,25,63,11,99,12,30,84,24,150,60,0,60,210
06/30/2023,MHR,CA,AWP,WE,Federal Contract Tower,7,7,16,10,40,0,18,55,15,88,7,25,71,25,128,78,8,86,214
07/01/2023,MHR,CA,AWP,WE,Federal Contract Tower,2,6,24,5,37,0,11,30,1,42,2,17,54,6,79,8,0,8,87
07/02/2023,MHR,CA,AWP,WE,Federal Contract Tower,2,0,10,4,16,0,3,34,0,37,2,3,44,4,53,72,0,72,125
07/03/2023,MHR,CA,AWP,WE,Federal Contract Tower,3,3,10,2,18,0,16,53,2,71,3,19,63,4,89,36,0,36,125
07/04/2023,MHR,CA,AWP,WE,Federal Contract Tower,2,3,5,0,10,0,2,14,0,16,2,5,19,0,26,2,0,2,28
07/05/2023,MHR,CA,AWP,WE,Federal Contract Tower,11,5,17,11,44,0,34,50,3,87,11,39,67,14,131,4,0,4,135
07/06/2023,MHR,CA,AWP,WE,Federal Contract Tower,12,5,20,5,42,0,19,53,6,78,12,24,73,11,120,38,16,54,174
07/07/2023,MHR,CA,AWP,WE,Federal Contract Tower,7,13,24,3,47,0,14,66,7,87,7,27,90,10,134,144,0,144,278
07/08/2023,MHR,CA,AWP,WE,Federal Contract Tower,2,10,16,0,28,0,10,52,0,62,2,20,68,0,90,158,0,158,248
07/09/2023,MHR,CA,AWP,WE,Federal Contract Tower,2,7,25,3,37,0,9,32,0,41,2,16,57,3,78,60,0,60,138
07/10/2023,MHR,CA,AWP,WE,Federal Contract Tower,4,6,28,4,42,0,10,57,2,69,4,16,85,6,111,38,6,44,155
07/11/2023,MHR,CA,AWP,WE,Federal Contract Tower,12,5,31,11,59,0,14,78,15,107,12,19,109,26,166,96,30,126,292
07/12/2023,MHR,CA,AWP,WE,Federal Contract Tower,12,7,28,17,64,0,21,71,13,105,12,28,99,30,169,90,18,108,277
07/13/2023,MHR,CA,AWP,WE,Federal Contract Tower,12,7,35,6,60,0,17,68,6,91,12,24,103,12,151,136,0,136,287
07/14/2023,MHR,CA,AWP,WE,Federal Contract Tower,7,5,22,2,36,0,26,54,1,81,7,31,76,3,117,56,0,56,173
07/15/2023,MHR,CA,AWP,WE,Federal Contract Tower,2,4,13,0,19,0,8,56,0,64,2,12,69,0,83,70,0,70,153
07/16/2023,MHR,CA,AWP,WE,Federal Contract Tower,2,10,15,0,27,0,11,31,0,42,2,21,46,0,69,82,0,82,151
07/17/2023,MHR,CA,AWP,WE,Federal Contract Tower,6,8,25,16,55,0,16,49,1,66,6,24,74,17,121,48,12,60,181
07/18/2023,MHR,CA,AWP,WE,Federal Contract Tower,14,6,21,9,50,0,18,35,15,68,14,24,56,24,118,143,28,171,289
07/19/2023,MHR,CA,AWP,WE,Federal Contract Tower,15,8,26,10,59,0,25,71,7,103,15,33,97,17,162,86,16,102,264
07/20/2023,MHR,CA,AWP,WE,Federal Contract Tower,13,9,32,5,59,0,35,60,6,101,13,44,92,11,160,60,18,78,238
07/21/2023,MHR,CA,AWP,WE,Federal Contract Tower,9,5,29,5,48,6,38,53,4,101,15,43,82,9,149,134,30,164,313
07/22/2023,MHR,CA,AWP,WE,Federal Contract Tower,2,2,24,3,31,0,7,44,2,53,2,9,68,5,84,165,0,165,249
07/23/2023,MHR,CA,AWP,WE,Federal Contract Tower,2,7,21,4,34,0,11,33,1,45,2,18,54,5,79,156,0,156,235
07/24/2023,MHR,CA,AWP,WE,Federal Contract Tower,5,9,13,19,46,0,9,68,8,85,5,18,81,27,131,76,38,114,245
07/25/2023,MHR,CA,AWP,WE,Federal Contract Tower,14,11,29,8,62,0,20,60,6,86,14,31,89,14,148,38,6,44,192
07/26/2023,MHR,CA,AWP,WE,Federal Contract Tower,14,6,29,4,53,0,28,62,15,105,14,34,91,19,158,58,8,66,224
07/27/2023,MHR,CA,AWP,WE,Federal Contract Tower,13,13,20,4,50,0,29,97,8,134,13,42,117,12,184,156,30,186,370
07/30/2023,MHR,CA,AWP,WE,Federal Contract Tower,3,10,16,0,29,0,3,52,0,55,3,13,68,0,84,96,0,96,180
07/31/2023,MHR,CA,AWP,WE,Federal Contract Tower,5,5,17,4,31,0,8,52,5,65,5,13,69,9,96,42,0,42,138
08/01/2023,MHR,CA,AWP,WE,Federal Contract Tower,14,7,16,19,56,0,16,93,12,121,14,23,109,31,177,98,40,138,315
08/02/2023,MHR,CA,AWP,WE,Federal Contract Tower,12,7,17,9,45,0,30,73,10,113,12,37,90,19,158,104,26,130,288
08/03/2023,MHR,CA,AWP,WE,Federal Contract Tower,13,6,24,10,53,0,25,60,3,88,13,31,84,13,141,64,28,92,233
08/06/2023,MHR,CA,AWP,WE,Federal Contract Tower,3,6,29,2,40,0,10,54,2,66,3,16,83,4,106,128,0,128,234
08/08/2023,MHR,CA,AWP,WE,Federal Contract Tower,16,4,10,16,46,0,16,53,8,77,16,20,63,24,123,102,12,114,237
08/09/2023,MHR,CA,AWP,WE,Federal Contract Tower,14,8,24,11,57,0,23,50,6,79,14,31,74,17,136,70,22,92,228
08/10/2023,MHR,CA,AWP,WE,Federal Contract Tower,13,8,16,9,46,0,23,69,7,99,13,31,85,16,145,174,12,186,331
08/11/2023,MHR,CA,AWP,WE,Federal Contract Tower,7,12,23,12,54,0,17,67,4,88,7,29,90,16,142,86,20,106,248
08/12/2023,MHR,CA,AWP,WE,Federal Contract Tower,2,4,18,5,29,0,3,71,3,77,2,7,89,8,106,108,18,126,232
08/13/2023,MHR,CA,AWP,WE,Federal Contract Tower,3,1,12,4,20,0,6,50,3,59,3,7,62,7,79,116,4,120,199
08/14/2023,MHR,CA,AWP,WE,Federal Contract Tower,34,42,0,0,76,0,8,11,0,19,34,50,11,0,95,48,0,48,143
08/16/2023,MHR,CA,AWP,WE,Federal Contract Tower,12,8,15,12,47,0,17,81,17,115,12,25,96,29,162,76,26,102,264
08/17/2023,MHR,CA,AWP,WE,Federal Contract Tower,13,7,36,5,61,0,23,72,5,100,13,30,108,10,161,124,8,132,293
08/18/2023,MHR,CA,AWP,WE,Federal Contract Tower,7,4,18,15,44,0,16,57,1,74,7,20,75,16,118,100,14,114,232
08/19/2023,MHR,CA,AWP,WE,Federal Contract Tower,3,8,12,2,25,0,9,34,0,43,3,17,46,2,68,82,0,82,150
08/20/2023,MHR,CA,AWP,WE,Federal Contract Tower,3,7,20,0,30,0,11,36,0,47,3,18,56,0,77,60,0,60,137
08/21/2023,MHR,CA,AWP,WE,Federal Contract Tower,35,26,0,0,61,0,0,0,0,0,35,26,0,0,61,30,0,30,91
08/22/2023,MHR,CA,AWP,WE,Federal Contract Tower,14,6,11,20,51,0,19,63,12,94,14,25,74,32,145,88,25,113,258
08/23/2023,MHR,CA,AWP,WE,Federal Contract Tower,13,9,5,8,35,0,25,60,13,98,13,34,65,21,133,136,24,160,293
08/24/2023,MHR,CA,AWP,WE,Federal Contract Tower,13,9,16,6,44,0,25,92,3,120,13,34,108,9,164,158,16,174,338
08/25/2023,MHR,CA,AWP,WE,Federal Contract Tower,6,13,23,9,51,0,17,70,13,100,6,30,93,22,151,156,28,184,335
08/26/2023,MHR,CA,AWP,WE,Federal Contract Tower,2,3,9,1,15,0,9,57,4,70,2,12,66,5,85,138,4,142,227
08/27/2023,MHR,CA,AWP,WE,Federal Contract Tower,3,5,26,5,39,0,1,65,1,67,3,6,91,6,106,74,14,88,194
08/28/2023,MHR,CA,AWP,WE,Federal Contract Tower,6,8,20,4,38,0,14,51,4,69,6,22,71,8,107,104,0,104,211
08/29/2023,MHR,CA,AWP,WE,Federal Contract Tower,15,6,21,13,55,0,23,76,22,121,15,29,97,35,176,124,44,168,344
08/30/2023,MHR,CA,AWP,WE,Federal Contract Tower,12,3,18,15,48,0,29,52,13,94,12,32,70,28,142,52,22,74,216
08/31/2023,MHR,CA,AWP,WE,Federal Contract Tower,13,8,19,3,43,0,25,77,10,112,13,33,96,13,155,124,2,126,281
01/01/2020,MHR,CA,AWP,WE,Federal Contract Tower,0,1,6,0,7,0,8,26,0,34,0,9,32,0,41,40,0,40,81
01/02/2020,MHR,CA,AWP,WE,Federal Contract Tower,9,7,24,0,40,9,38,84,8,139,18,45,108,8,179,80,16,96,275
01/03/2020,MHR,CA,AWP,WE,Federal Contract Tower,10,5,19,6,40,10,37,82,9,138,20,42,101,15,178,88,82,170,348
01/04/2020,MHR,CA,AWP,WE,Federal Contract Tower,2,10,12,6,30,2,6,17,7,32,4,16,29,13,62,12,10,22,84
01/05/2020,MHR,CA,AWP,WE,Federal Contract Tower,3,1,11,3,18,3,9,29,6,47,6,10,40,9,65,14,32,46,111
01/06/2020,MHR,CA,AWP,WE,Federal Contract Tower,4,7,12,8,31,4,25,49,14,92,8,32,61,22,123,102,8,110,233
01/07/2020,MHR,CA,AWP,WE,Federal Contract Tower,13,21,24,3,61,13,20,29,4,66,26,41,53,7,127,0,0,0,127
01/08/2020,MHR,CA,AWP,WE,Federal Contract Tower,19,24,21,0,64,19,33,23,6,81,38,57,44,6,145,0,2,2,147
01/09/2020,MHR,CA,AWP,WE,Federal Contract Tower,16,24,15,2,57,16,42,35,9,102,32,66,50,11,159,84,28,112,271
01/10/2020,MHR,CA,AWP,WE,Federal Contract Tower,9,24,20,1,54,9,52,67,6,134,18,76,87,7,188,88,12,100,288
01/11/2020,MHR,CA,AWP,WE,Federal Contract Tower,2,12,12,0,26,2,21,22,11,56,4,33,34,11,82,6,0,6,88
01/12/2020,MHR,CA,AWP,WE,Federal Contract Tower,0,4,10,0,14,0,11,33,9,53,0,15,43,9,67,14,8,22,89
01/13/2020,MHR,CA,AWP,WE,Federal Contract Tower,4,14,24,5,47,4,26,84,11,125,8,40,108,16,172,120,32,152,324
01/14/2020,MHR,CA,AWP,WE,Federal Contract Tower,20,9,31,4,64,20,26,83,15,144,40,35,114,19,208,162,28,190,398
01/15/2020,MHR,CA,AWP,WE,Federal Contract Tower,17,14,35,0,66,17,46,122,5,190,34,60,157,5,256,154,6,160,416
01/16/2020,MHR,CA,AWP,WE,Federal Contract Tower,16,18,14,2,50,16,25,20,3,64,32,43,34,5,114,0,2,2,116
01/17/2020,MHR,CA,AWP,WE,Federal Contract Tower,9,9,22,3,43,9,26,68,10,113,18,35,90,13,156,108,36,144,300
01/18/2020,MHR,CA,AWP,WE,Federal Contract Tower,3,4,11,3,21,3,8,20,5,36,6,12,31,8,57,16,2,18,75
01/19/2020,MHR,CA,AWP,WE,Federal Contract Tower,0,1,16,0,17,0,7,19,0,26,0,8,35,0,43,0,0,0,43
01/20/2020,MHR,CA,AWP,WE,Federal Contract Tower,6,2,33,0,41,6,15,70,0,91,12,17,103,0,132,58,0,58,190
01/21/2020,MHR,CA,AWP,WE,Federal Contract Tower,16,18,36,11,81,15,28,68,20,131,31,46,104,31,212,33,58,91,303
01/22/2020,MHR,CA,AWP,WE,Federal Contract Tower,16,25,43,1,85,16,41,66,3,126,32,66,109,4,211,12,0,12,223
01/23/2020,MHR,CA,AWP,WE,Federal Contract Tower,12,29,34,4,79,12,40,76,12,140,24,69,110,16,219,40,8,48,267
01/24/2020,MHR,CA,AWP,WE,Federal Contract Tower,10,24,34,13,81,10,39,116,20,185,20,63,150,33,266,178,28,206,472
01/25/2020,MHR,CA,AWP,WE,Federal Contract Tower,2,5,14,3,24,2,7,20,3,32,4,12,34,6,56,0,0,0,56
01/26/2020,MHR,CA,AWP,WE,Federal Contract Tower,0,4,4,6,14,0,11,13,7,31,0,15,17,13,45,26,12,38,83
01/27/2020,MHR,CA,AWP,WE,Federal Contract Tower,4,13,25,19,61,4,28,70,22,124,8,41,95,41,185,108,18,126,311
01/28/2020,MHR,CA,AWP,WE,Federal Contract Tower,15,26,20,7,68,15,44,78,22,159,30,70,98,29,227,114,24,138,365
01/29/2020,MHR,CA,AWP,WE,Federal Contract Tower,14,19,24,11,68,14,39,65,18,136,28,58,89,29,204,22,26,48,252
01/30/2020,MHR,CA,AWP,WE,Federal Contract Tower,14,12,27,6,59,14,35,115,24,188,28,47,142,30,247,148,58,206,453
01/31/2020,MHR,CA,AWP,WE,Federal Contract Tower,10,18,21,8,57,9,36,93,13,151,19,54,114,21,208,56,26,82,290
02/01/2020,MHR,CA,AWP,WE,Federal Contract Tower,1,14,10,0,25,1,25,32,1,59,2,39,42,1,84,8,0,8,92
02/02/2020,MHR,CA,AWP,WE,Federal Contract Tower,1,0,7,0,8,1,7,11,1,20,2,7,18,1,28,10,0,10,38
02/03/2020,MHR,CA,AWP,WE,Federal Contract Tower,3,9,17,2,31,3,28,42,5,78,6,37,59,7,109,4,8,12,121
02/04/2020,MHR,CA,AWP,WE,Federal Contract Tower,18,15,19,8,60,18,44,86,21,169,36,59,105,29,229,80,45,125,354
02/05/2020,MHR,CA,AWP,WE,Federal Contract Tower,15,18,12,29,74,15,36,84,29,164,30,54,96,58,238,128,38,166,404
02/06/2020,MHR,CA,AWP,WE,Federal Contract Tower,14,23,18,10,65,14,47,112,13,186,28,70,130,23,251,172,66,238,489
02/08/2020,MHR,CA,AWP,WE,Federal Contract Tower,2,1,30,0,33,2,11,49,8,70,4,12,79,8,103,20,0,20,123
02/09/2020,MHR,CA,AWP,WE,Federal Contract Tower,0,5,11,1,17,0,12,12,4,28,0,17,23,5,45,0,14,14,59
02/10/2020,MHR,CA,AWP,WE,Federal Contract Tower,5,6,30,6,47,5,23,64,23,115,10,29,94,29,162,0,6,6,168
02/11/2020,MHR,CA,AWP,WE,Federal Contract Tower,18,12,26,5,61,18,37,102,31,188,36,49,128,36,249,158,20,178,427
02/12/2020,MHR,CA,AWP,WE,Federal Contract Tower,19,10,24,0,53,19,48,116,17,200,38,58,140,17,253,122,24,146,399
02/13/2020,MHR,CA,AWP,WE,Federal Contract Tower,19,11,27,10,67,19,38,127,24,208,38,49,154,34,275,92,8,100,375
02/14/2020,MHR,CA,AWP,WE,Federal Contract Tower,6,8,22,13,49,6,25,116,35,182,12,33,138,48,231,166,58,224,455
02/15/2020,MHR,CA,AWP,WE,Federal Contract Tower,2,3,15,0,20,2,15,61,0,78,4,18,76,0,98,50,0,50,148
02/16/2020,MHR,CA,AWP,WE,Federal Contract Tower,0,1,2,0,3,0,9,33,0,42,0,10,35,0,45,10,0,10,55
02/17/2020,MHR,CA,AWP,WE,Federal Contract Tower,4,0,30,0,34,4,21,42,0,67,8,21,72,0,101,0,0,0,101
02/18/2020,MHR,CA,AWP,WE,Federal Contract Tower,17,9,19,10,55,17,37,121,21,196,34,46,140,31,251,112,50,162,413
02/19/2020,MHR,CA,AWP,WE,Federal Contract Tower,17,18,17,1,53,17,41,100,1,159,34,59,117,2,212,88,0,88,300
02/20/2020,MHR,CA,AWP,WE,Federal Contract Tower,14,11,57,13,95,14,46,142,19,221,28,57,199,32,316,120,16,136,452
02/21/2020,MHR,CA,AWP,WE,Federal Contract Tower,10,14,36,8,68,8,32,115,16,171,18,46,151,24,239,50,20,70,309
02/22/2020,MHR,CA,AWP,WE,Federal Contract Tower,2,3,18,2,25,2,17,44,6,69,4,20,62,8,94,40,2,42,136
02/23/2020,MHR,CA,AWP,WE,Federal Contract Tower,0,4,18,2,24,0,9,50,3,62,0,13,68,5,86,20,0,20,106
02/24/2020,MHR,CA,AWP,WE,Federal Contract Tower,6,9,25,1,41,6,26,70,7,109,12,35,95,8,150,46,2,48,198
02/25/2020,MHR,CA,AWP,WE,Federal Contract Tower,16,9,34,30,89,16,30,113,63,222,32,39,147,93,311,100,98,198,509
02/26/2020,MHR,CA,AWP,WE,Federal Contract Tower,18,17,25,4,64,18,40,94,16,168,36,57,119,20,232,108,24,132,364
02/27/2020,MHR,CA,AWP,WE,Federal Contract Tower,14,17,19,10,60,14,46,91,19,170,28,63,110,29,230,106,30,136,366
02/28/2020,MHR,CA,AWP,WE,Federal Contract Tower,10,17,33,8,68,10,42,109,10,171,20,59,142,18,239,70,22,92,331
02/29/2020,MHR,CA,AWP,WE,Federal Contract Tower,2,3,17,5,27,2,11,55,5,73,4,14,72,10,100,20,2,22,122
03/01/2020,MHR,CA,AWP,WE,Federal Contract Tower,0,0,6,1,7,0,8,27,12,47,0,8,33,13,54,12,0,12,66
03/02/2020,MHR,CA,AWP,WE,Federal Contract Tower,4,6,15,2,27,4,28,27,0,59,8,34,42,2,86,6,0,6,92
03/03/2020,MHR,CA,AWP,WE,Federal Contract Tower,14,9,26,13,62,14,41,98,34,187,28,50,124,47,249,120,44,164,413
03/04/2020,MHR,CA,AWP,WE,Federal Contract Tower,14,15,29,4,62,14,31,126,13,184,28,46,155,17,246,162,12,174,420
03/05/2020,MHR,CA,AWP,WE,Federal Contract Tower,16,17,32,4,69,16,44,123,16,199,32,61,155,20,268,72,30,102,370
03/06/2020,MHR,CA,AWP,WE,Federal Contract Tower,8,15,28,10,61,8,32,81,17,138,16,47,109,27,199,66,30,96,295
03/07/2020,MHR,CA,AWP,WE,Federal Contract Tower,2,7,7,4,20,2,14,12,5,33,4,21,19,9,53,0,6,6,59
03/08/2020,MHR,CA,AWP,WE,Federal Contract Tower,0,0,19,6,25,0,8,35,9,52,0,8,54,15,77,0,10,10,87
03/09/2020,MHR,CA,AWP,WE,Federal Contract Tower,6,9,8,4,27,6,31,58,13,108,12,40,66,17,135,90,28,118,253
03/10/2020,MHR,CA,AWP,WE,Federal Contract Tower,12,6,20,6,44,12,25,104,26,167,24,31,124,32,211,94,36,130,341
03/11/2020,MHR,CA,AWP,WE,Federal Contract Tower,14,7,16,10,47,14,30,86,23,153,28,37,102,33,200,114,20,134,334
03/12/2020,MHR,CA,AWP,WE,Federal Contract Tower,15,15,19,4,53,15,34,102,29,180,30,49,121,33,233,156,36,192,425
03/14/2020,MHR,CA,AWP,WE,Federal Contract Tower,2,4,5,0,11,2,11,6,1,20,4,15,11,1,31,0,0,0,31
03/15/2020,MHR,CA,AWP,WE,Federal Contract Tower,0,2,22,0,24,0,7,24,0,31,0,9,46,0,55,0,0,0,55
03/16/2020,MHR,CA,AWP,WE,Federal Contract Tower,3,16,14,0,33,3,22,15,2,42,6,38,29,2,75,0,4,4,79
03/17/2020,MHR,CA,AWP,WE,Federal Contract Tower,17,14,37,12,80,17,47,71,31,166,34,61,108,43,246,124,30,154,400
03/18/2020,MHR,CA,AWP,WE,Federal Contract Tower,16,13,6,2,37,16,28,41,6,91,32,41,47,8,128,50,0,50,178
03/19/2020,MHR,CA,AWP,WE,Federal Contract Tower,17,14,35,2,68,17,38,119,13,187,34,52,154,15,255,182,0,182,437
03/20/2020,MHR,CA,AWP,WE,Federal Contract Tower,10,1,1,6,18,10,22,33,31,96,20,23,34,37,114,0,4,4,118
03/21/2020,MHR,CA,AWP,WE,Federal Contract Tower,3,6,7,0,16,3,14,28,8,53,6,20,35,8,69,12,0,12,81
03/22/2020,MHR,CA,AWP,WE,Federal Contract Tower,0,0,2,0,2,0,6,14,0,20,0,6,16,0,22,0,0,0,22
03/23/2020,MHR,CA,AWP,WE,Federal Contract Tower,3,5,8,0,16,3,19,19,4,45,6,24,27,4,61,0,0,0,61
03/24/2020,MHR,CA,AWP,WE,Federal Contract Tower,18,12,0,4,34,18,32,32,14,96,36,44,32,18,130,0,12,12,142
03/25/2020,MHR,CA,AWP,WE,Federal Contract Tower,16,3,0,4,23,16,30,41,14,101,32,33,41,18,124,0,10,10,134
03/26/2020,MHR,CA,AWP,WE,Federal Contract Tower,14,3,6,1,24,14,37,71,14,136,28,40,77,15,160,20,22,42,202
03/27/2020,MHR,CA,AWP,WE,Federal Contract Tower,11,3,6,2,22,11,35,66,5,117,22,38,72,7,139,46,0,46,185
03/28/2020,MHR,CA,AWP,WE,Federal Contract Tower,2,5,7,7,21,2,21,23,7,53,4,26,30,14,74,8,0,8,82
03/29/2020,MHR,CA,AWP,WE,Federal Contract Tower,0,0,2,0,2,0,0,7,0,7,0,0,9,0,9,2,0,2,11
03/30/2020,MHR,CA,AWP,WE,Federal Contract Tower,4,2,20,0,26,4,16,40,10,70,8,18,60,10,96,32,26,58,154
03/31/2020,MHR,CA,AWP,WE,Federal Contract Tower,16,10,9,4,39,16,25,53,19,113,32,35,62,23,152,18,8,26,178
04/01/2020,MHR,CA,AWP,WE,Federal Contract Tower,16,3,7,12,38,16,38,45,18,117,32,41,52,30,155,44,0,44,199
04/02/2020,MHR,CA,AWP,WE,Federal Contract Tower,14,2,2,6,24,14,33,40,25,112,28,35,42,31,136,32,20,52,188
04/04/2020,MHR,CA,AWP,WE,Federal Contract Tower,2,5,4,2,13,2,22,19,4,47,4,27,23,6,60,18,8,26,86
04/05/2020,MHR,CA,AWP,WE,Federal Contract Tower,0,1,1,0,2,0,1,1,0,2,0,2,2,0,4,0,0,0,4
04/06/2020,MHR,CA,AWP,WE,Federal Contract Tower,3,5,8,2,18,3,18,11,5,37,6,23,19,7,55,0,6,6,61
04/07/2020,MHR,CA,AWP,WE,Federal Contract Tower,14,3,8,9,34,14,19,43,23,99,28,22,51,32,133,10,14,24,157
04/08/2020,MHR,CA,AWP,WE,Federal Contract Tower,17,9,6,5,37,17,48,48,14,127,34,57,54,19,164,10,44,54,218
04/11/2020,MHR,CA,AWP,WE,Federal Contract Tower,2,9,12,0,23,2,12,25,0,39,4,21,37,0,62,0,0,0,62
04/13/2020,MHR,CA,AWP,WE,Federal Contract Tower,4,4,4,0,12,4,17,41,0,62,8,21,45,0,74,0,0,0,74
04/14/2020,MHR,CA,AWP,WE,Federal Contract Tower,16,1,1,10,28,16,23,43,15,97,32,24,44,25,125,16,16,32,157
04/15/2020,MHR,CA,AWP,WE,Federal Contract Tower,15,6,13,6,40,15,34,73,11,133,30,40,86,17,173,100,14,114,287
04/16/2020,MHR,CA,AWP,WE,Federal Contract Tower,17,5,7,19,48,17,36,65,38,156,34,41,72,57,204,28,86,114,318
04/18/2020,MHR,CA,AWP,WE,Federal Contract Tower,2,6,8,0,16,2,9,46,4,61,4,15,54,4,77,0,0,0,77
04/19/2020,MHR,CA,AWP,WE,Federal Contract Tower,0,1,9,2,12,0,10,23,3,36,0,11,32,5,48,4,0,4,52
04/20/2020,MHR,CA,AWP,WE,Federal Contract Tower,4,2,13,10,29,4,17,62,15,98,8,19,75,25,127,52,34,86,213
04/21/2020,MHR,CA,AWP,WE,Federal Contract Tower,14,4,5,26,49,14,33,48,33,128,28,37,53,59,177,58,66,124,301
04/22/2020,MHR,CA,AWP,WE,Federal Contract Tower,13,13,8,3,37,13,38,80,7,138,26,51,88,10,175,62,28,90,265
04/23/2020,MHR,CA,AWP,WE,Federal Contract Tower,12,7,18,31,68,12,29,86,32,159,24,36,104,63,227,96,4,100,327
04/24/2020,MHR,CA,AWP,WE,Federal Contract Tower,9,3,39,5,56,9,31,117,5,162,18,34,156,10,218,160,38,198,416
04/25/2020,MHR,CA,AWP,WE,Federal Contract Tower,2,1,6,0,9,2,15,25,0,42,4,16,31,0,51,32,0,32,83
04/26/2020,MHR,CA,AWP,WE,Federal Contract Tower,0,2,12,1,15,0,10,26,1,37,0,12,38,2,52,14,4,18,70
04/27/2020,MHR,CA,AWP,WE,Federal Contract Tower,3,7,8,1,19,3,19,68,1,91,6,26,76,2,110,40,6,46,156
04/28/2020,MHR,CA,AWP,WE,Federal Contract Tower,17,2,9,4,32,17,27,50,14,108,34,29,59,18,140,46,14,60,200
04/29/2020,MHR,CA,AWP,WE,Federal Contract Tower,16,2,8,8,34,16,30,53,13,112,32,32,61,21,146,64,12,76,222
05/01/2020,MHR,CA,AWP,WE,Federal Contract Tower,12,10,12,4,38,12,20,151,14,197,24,30,163,18,235,238,40,278,513
05/02/2020,MHR,CA,AWP,WE,Federal Contract Tower,2,7,10,4,23,2,13,63,11,89,4,20,73,15,112,58,2,60,172
05/03/2020,MHR,CA,AWP,WE,Federal Contract Tower,0,0,5,3,8,0,7,37,6,50,0,7,42,9,58,40,14,54,112
05/04/2020,MHR,CA,AWP,WE,Federal Contract Tower,4,1,10,15,30,4,13,104,27,148,8,14,114,42,178,88,56,144,322
05/05/2020,MHR,CA,AWP,WE,Federal Contract Tower,14,3,6,4,27,14,41,92,17,164,28,44,98,21,191,98,56,154,345
05/06/2020,MHR,CA,AWP,WE,Federal Contract Tower,16,3,18,6,43,15,25,79,12,131,31,28,97,18,174,76,54,130,304
05/07/2020,MHR,CA,AWP,WE,Federal Contract Tower,14,2,18,7,41,14,27,123,34,198,28,29,141,41,239,172,36,208,447
05/08/2020,MHR,CA,AWP,WE,Federal Contract Tower,14,9,14,2,39,15,31,121,4,171,29,40,135,6,210,194,34,228,438
05/09/2020,MHR,CA,AWP,WE,Federal Contract Tower,4,0,14,0,18,4,21,92,0,117,8,21,106,0,135,138,0,138,273
05/10/2020,MHR,CA,AWP,WE,Federal Contract Tower,0,4,18,0,22,0,12,50,0,62,0,16,68,0,84,68,0,68,152
05/11/2020,MHR,CA,AWP,WE,Federal Contract Tower,6,9,7,0,22,6,19,68,3,96,12,28,75,3,118,72,12,84,202
05/12/2020,MHR,CA,AWP,WE,Federal Contract Tower,21,13,19,10,63,22,39,100,18,179,43,52,119,28,242,80,70,150,392
05/13/2020,MHR,CA,AWP,WE,Federal Contract Tower,13,9,19,14,55,13,29,92,20,154,26,38,111,34,209,146,24,170,379
05/14/2020,MHR,CA,AWP,WE,Federal Contract Tower,14,14,23,2,53,16,35,78,16,145,30,49,101,18,198,84,46,130,328
05/16/2020,MHR,CA,AWP,WE,Federal Contract Tower,2,0,7,0,9,2,7,56,1,66,4,7,63,1,75,50,0,50,125
05/17/2020,MHR,CA,AWP,WE,Federal Contract Tower,0,2,21,0,23,0,12,26,0,38,0,14,47,0,61,0,0,0,61
05/18/2020,MHR,CA,AWP,WE,Federal Contract Tower,3,12,18,1,34,3,21,57,1,82,6,33,75,2,116,26,0,26,142
05/19/2020,MHR,CA,AWP,WE,Federal Contract Tower,17,19,22,1,59,26,42,71,10,149,43,61,93,11,208,38,22,60,268
05/20/2020,MHR,CA,AWP,WE,Federal Contract Tower,16,3,9,16,44,18,27,85,26,156,34,30,94,42,200,130,36,166,366
05/21/2020,MHR,CA,AWP,WE,Federal Contract Tower,14,7,19,7,47,14,33,97,15,159,28,40,116,22,206,124,18,142,348
05/22/2020,MHR,CA,AWP,WE,Federal Contract Tower,10,5,12,0,27,10,20,66,0,96,20,25,78,0,123,86,0,86,209
05/23/2020,MHR,CA,AWP,WE,Federal Contract Tower,3,5,4,0,12,3,22,45,0,70,6,27,49,0,82,28,0,28,110
05/24/2020,MHR,CA,AWP,WE,Federal Contract Tower,0,1,15,0,16,0,14,34,0,48,0,15,49,0,64,0,0,0,64
05/25/2020,MHR,CA,AWP,WE,Federal Contract Tower,1,2,12,0,15,1,14,60,0,75,2,16,72,0,90,16,0,16,106
05/26/2020,MHR,CA,AWP,WE,Federal Contract Tower,8,4,13,9,34,14,26,58,17,115,22,30,71,26,149,30,44,74,223
05/27/2020,MHR,CA,AWP,WE,Federal Contract Tower,17,4,26,22,69,19,19,86,23,147,36,23,112,45,216,34,10,44,260
05/28/2020,MHR,CA,AWP,WE,Federal Contract Tower,15,5,14,14,48,13,33,86,24,156,28,38,100,38,204,76,52,128,332
05/29/2020,MHR,CA,AWP,WE,Federal Contract Tower,9,5,9,3,26,9,15,50,5,79,18,20,59,8,105,84,0,84,189
05/30/2020,MHR,CA,AWP,WE,Federal Contract Tower,3,3,13,0,19,3,10,29,0,42,6,13,42,0,61,52,0,52,113
05/31/2020,MHR,CA,AWP,WE,Federal Contract Tower,0,2,29,2,33,0,16,80,0,96,0,18,109,2,129,58,0,58,187
06/01/2020,MHR,CA,AWP,WE,Federal Contract Tower,3,0,18,3,24,3,15,80,6,104,6,15,98,9,128,90,10,100,228
06/02/2020,MHR,CA,AWP,WE,Federal Contract Tower,14,2,31,34,81,18,16,134,26,194,32,18,165,60,275,144,80,224,499
06/03/2020,MHR,CA,AWP,WE,Federal Contract Tower,17,5,16,18,56,19,36,100,23,178,36,41,116,41,234,218,16,234,468
06/04/2020,MHR,CA,AWP,WE,Federal Contract Tower,16,9,26,26,77,19,44,109,40,212,35,53,135,66,289,149,74,223,512
06/05/2020,MHR,CA,AWP,WE,Federal Contract Tower,10,9,35,28,82,15,35,83,34,167,25,44,118,62,249,56,26,82,331
06/06/2020,MHR,CA,AWP,WE,Federal Contract Tower,3,4,4,10,21,3,15,71,30,119,6,19,75,40,140,40,22,62,202
06/07/2020,MHR,CA,AWP,WE,Federal Contract Tower,0,1,12,5,18,0,10,82,10,102,0,11,94,15,120,106,0,106,226
06/08/2020,MHR,CA,AWP,WE,Federal Contract Tower,4,3,5,1,13,4,12,51,5,72,8,15,56,6,85,36,10,46,131
06/09/2020,MHR,CA,AWP,WE,Federal Contract Tower,13,6,30,16,65,17,20,129,26,192,30,26,159,42,257,174,24,198,455
06/10/2020,MHR,CA,AWP,WE,Federal Contract Tower,19,12,28,5,64,21,36,102,21,180,40,48,130,26,244,144,54,198,442
06/11/2020,MHR,CA,AWP,WE,Federal Contract Tower,12,4,27,22,65,14,17,95,27,153,26,21,122,49,218,132,48,180,398
06/12/2020,MHR,CA,AWP,WE,Federal Contract Tower,10,5,23,11,49,8,29,94,17,148,18,34,117,28,197,38,30,68,265
06/13/2020,MHR,CA,AWP,WE,Federal Contract Tower,2,2,25,2,31,2,14,77,1,94,4,16,102,3,125,24,0,24,149
06/14/2020,MHR,CA,AWP,WE,Federal Contract Tower,0,5,17,1,23,0,9,80,0,89,0,14,97,1,112,86,0,86,198
06/15/2020,MHR,CA,AWP,WE,Federal Contract Tower,5,26,2,4,37,5,21,100,11,137,10,47,102,15,174,104,24,128,302
06/16/2020,MHR,CA,AWP,WE,Federal Contract Tower,22,6,29,36,93,16,39,112,69,236,38,45,141,105,329,120,90,210,539
06/17/2020,MHR,CA,AWP,WE,Federal Contract Tower,20,5,12,24,61,22,35,45,28,130,42,40,57,52,191,10,0,10,201
06/18/2020,MHR,CA,AWP,WE,Federal Contract Tower,15,14,26,26,81,16,31,141,32,220,31,45,167,58,301,140,56,196,497
06/19/2020,MHR,CA,AWP,WE,Federal Contract Tower,8,5,24,24,61,10,22,125,27,184,18,27,149,51,245,104,52,156,401
06/20/2020,MHR,CA,AWP,WE,Federal Contract Tower,2,3,5,0,10,2,19,69,0,90,4,22,74,0,100,94,0,94,194
06/21/2020,MHR,CA,AWP,WE,Federal Contract Tower,0,0,20,1,21,0,3,69,0,72,0,3,89,1,93,48,0,48,141
06/22/2020,MHR,CA,AWP,WE,Federal Contract Tower,3,5,25,7,40,3,18,120,9,150,6,23,145,16,190,68,40,108,298
06/23/2020,MHR,CA,AWP,WE,Federal Contract Tower,17,5,30,7,59,19,27,88,19,153,36,32,118,26,212,112,70,182,394
06/24/2020,MHR,CA,AWP,WE,Federal Contract Tower,14,5,19,14,52,15,30,99,25,169,29,35,118,39,221,136,76,212,433
06/25/2020,MHR,CA,AWP,WE,Federal Contract Tower,14,3,13,6,36,19,35,96,15,165,33,38,109,21,201,88,24,112,313
06/26/2020,MHR,CA,AWP,WE,Federal Contract Tower,11,7,21,0,39,12,18,72,0,102,23,25,93,0,141,62,0,62,203
06/29/2020,MHR,CA,AWP,WE,Federal Contract Tower,3,3,15,16,37,3,24,79,22,128,6,27,94,38,165,64,4,68,233
06/30/2020,MHR,CA,AWP,WE,Federal Contract Tower,13,4,32,12,61,18,30,100,23,171,31,34,132,35,232,96,48,144,376
07/01/2020,MHR,CA,AWP,WE,Federal Contract Tower,18,11,29,13,71,18,42,127,26,213,36,53,156,39,284,118,28,146,430
07/02/2020,MHR,CA,AWP,WE,Federal Contract Tower,14,2,25,13,54,16,17,93,26,152,30,19,118,39,206,160,30,190,396
07/03/2020,MHR,CA,AWP,WE,Federal Contract Tower,12,2,11,0,25,14,18,62,0,94,26,20,73,0,119,62,0,62,181
07/04/2020,MHR,CA,AWP,WE,Federal Contract Tower,0,0,0,0,0,0,7,19,0,26,0,7,19,0,26,14,0,14,40
07/05/2020,MHR,CA,AWP,WE,Federal Contract Tower,0,1,7,2,10,0,6,29,2,37,0,7,36,4,47,8,22,30,77
07/06/2020,MHR,CA,AWP,WE,Federal Contract Tower,4,4,15,0,23,4,19,83,2,108,8,23,98,2,131,50,0,50,181
07/07/2020,MHR,CA,AWP,WE,Federal Contract Tower,14,4,24,24,66,23,21,82,15,141,37,25,106,39,207,74,36,110,317
07/08/2020,MHR,CA,AWP,WE,Federal Contract Tower,18,2,6,14,40,18,21,80,34,153,36,23,86,48,193,42,68,110,303
07/09/2020,MHR,CA,AWP,WE,Federal Contract Tower,14,3,16,16,49,14,23,94,34,165,28,26,110,50,214,104,50,154,368
07/10/2020,MHR,CA,AWP,WE,Federal Contract Tower,9,1,15,15,40,9,20,101,24,154,18,21,116,39,194,92,30,122,316
07/11/2020,MHR,CA,AWP,WE,Federal Contract Tower,2,0,19,4,25,2,16,69,6,93,4,16,88,10,118,16,0,16,134
07/13/2020,MHR,CA,AWP,WE,Federal Contract Tower,5,7,12,5,29,5,21,80,9,115,10,28,92,14,144,42,0,42,186
07/14/2020,MHR,CA,AWP,WE,Federal Contract Tower,15,5,9,0,29,17,30,74,20,141,32,35,83,20,170,56,28,84,254
07/16/2020,MHR,CA,AWP,WE,Federal Contract Tower,15,8,19,10,52,15,32,144,24,215,30,40,163,34,267,142,42,184,451
07/17/2020,MHR,CA,AWP,WE,Federal Contract Tower,11,1,32,6,50,15,18,102,10,145,26,19,134,16,195,32,6,38,233
07/19/2020,MHR,CA,AWP,WE,Federal Contract Tower,0,0,1,0,1,0,9,75,0,84,0,9,76,0,85,70,0,70,155
07/20/2020,MHR,CA,AWP,WE,Federal Contract Tower,5,2,18,0,25,5,21,79,5,110,10,23,97,5,135,54,0,54,189
07/21/2020,MHR,CA,AWP,WE,Federal Contract Tower,17,3,6,3,29,22,25,72,8,127,39,28,78,11,156,86,0,86,242
07/22/2020,MHR,CA,AWP,WE,Federal Contract Tower,15,4,20,9,48,15,43,108,20,186,30,47,128,29,234,122,48,170,404
07/23/2020,MHR,CA,AWP,WE,Federal Contract Tower,16,1,33,11,61,16,29,114,18,177,32,30,147,29,238,156,26,182,420
07/24/2020,MHR,CA,AWP,WE,Federal Contract Tower,14,3,7,7,31,14,27,73,12,126,28,30,80,19,157,62,16,78,235
07/25/2020,MHR,CA,AWP,WE,Federal Contract Tower,3,0,10,0,13,3,12,63,2,80,6,12,73,2,93,24,8,32,125
07/26/2020,MHR,CA,AWP,WE,Federal Contract Tower,0,1,20,0,21,0,14,102,5,121,0,15,122,5,142,80,0,80,222
07/27/2020,MHR,CA,AWP,WE,Federal Contract Tower,7,1,14,8,30,7,21,103,0,131,14,22,117,8,161,76,22,98,259
07/28/2020,MHR,CA,AWP,WE,Federal Contract Tower,20,10,19,19,68,24,36,98,20,178,44,46,117,39,246,138,0,138,384
07/29/2020,MHR,CA,AWP,WE,Federal Contract Tower,16,8,27,6,57,16,71,92,13,192,32,79,119,19,249,102,10,112,361
07/30/2020,MHR,CA,AWP,WE,Federal Contract Tower,15,8,37,15,75,15,24,112,19,170,30,32,149,34,245,140,10,150,395
07/31/2020,MHR,CA,AWP,WE,Federal Contract Tower,11,6,9,13,39,11,33,90,19,153,22,39,99,32,192,102,20,122,314
08/01/2020,MHR,CA,AWP,WE,Federal Contract Tower,2,3,12,0,17,2,22,63,0,87,4,25,75,0,104,88,0,88,192
08/02/2020,MHR,CA,AWP,WE,Federal Contract Tower,0,4,12,0,16,0,17,83,0,100,0,21,95,0,116,108,0,108,224
08/03/2020,MHR,CA,AWP,WE,Federal Contract Tower,5,7,29,3,44,5,19,134,10,168,10,26,163,13,212,78,16,94,306
08/04/2020,MHR,CA,AWP,WE,Federal Contract Tower,18,2,15,10,45,21,35,127,16,199,39,37,142,26,244,131,36,167,411
08/05/2020,MHR,CA,AWP,WE,Federal Contract Tower,16,4,20,4,44,16,25,60,8,109,32,29,80,12,153,88,4,92,245
08/06/2020,MHR,CA,AWP,WE,Federal Contract Tower,13,4,20,0,37,13,23,64,1,101,26,27,84,1,138,128,0,128,266
08/07/2020,MHR,CA,AWP,WE,Federal Contract Tower,11,4,38,10,63,11,31,108,12,162,22,35,146,22,225,125,0,125,350
08/08/2020,MHR,CA,AWP,WE,Federal Contract Tower,2,3,18,0,23,2,19,66,0,87,4,22,84,0,110,102,0,102,212
08/09/2020,MHR,CA,AWP,WE,Federal Contract Tower,0,1,10,0,11,0,13,45,0,58,0,14,55,0,69,100,0,100,169
08/10/2020,MHR,CA,AWP,WE,Federal Contract Tower,4,2,13,2,21,3,19,103,7,132,7,21,116,9,153,102,0,102,255
08/11/2020,MHR,CA,AWP,WE,Federal Contract Tower,15,4,18,13,50,24,40,109,23,196,39,44,127,36,246,144,0,144,390
08/12/2020,MHR,CA,AWP,WE,Federal Contract Tower,13,5,24,10,52,13,26,121,23,183,26,31,145,33,235,254,78,332,567
08/13/2020,MHR,CA,AWP,WE,Federal Contract Tower,14,8,33,15,70,14,36,117,24,191,28,44,150,39,261,172,64,236,497
08/14/2020,MHR,CA,AWP,WE,Federal Contract Tower,11,5,33,11,60,11,27,128,20,186,22,32,161,31,246,156,54,210,456
08/15/2020,MHR,CA,AWP,WE,Federal Contract Tower,2,2,16,0,20,2,11,63,0,76,4,13,79,0,96,170,0,170,266
08/16/2020,MHR,CA,AWP,WE,Federal Contract Tower,0,2,11,0,13,0,16,30,0,46,0,18,41,0,59,84,0,84,143
08/17/2020,MHR,CA,AWP,WE,Federal Contract Tower,4,8,30,4,46,4,28,104,7,143,8,36,134,11,189,136,4,140,329
08/18/2020,MHR,CA,AWP,WE,Federal Contract Tower,18,4,18,11,51,21,24,80,25,150,39,28,98,36,201,228,38,266,467
08/19/2020,MHR,CA,AWP,WE,Federal Contract Tower,15,11,30,4,60,15,27,60,12,114,30,38,90,16,174,104,2,106,280
08/20/2020,MHR,CA,AWP,WE,Federal Contract Tower,16,33,60,15,124,16,36,71,19,142,32,69,131,34,266,0,2,2,268
08/21/2020,MHR,CA,AWP,WE,Federal Contract Tower,11,20,37,12,80,10,25,86,38,159,21,45,123,50,239,0,0,0,239
08/22/2020,MHR,CA,AWP,WE,Federal Contract Tower,2,11,20,17,50,3,20,41,23,87,5,31,61,40,137,108,0,108,245
08/23/2020,MHR,CA,AWP,WE,Federal Contract Tower,0,1,26,13,40,0,4,55,23,82,0,5,81,36,122,58,2,60,182
08/24/2020,MHR,CA,AWP,WE,Federal Contract Tower,6,8,18,28,60,6,16,16,31,69,12,24,34,59,129,0,0,0,129
08/25/2020,MHR,CA,AWP,WE,Federal Contract Tower,16,10,29,19,74,16,26,71,55,168,32,36,100,74,242,128,30,158,400
08/26/2020,MHR,CA,AWP,WE,Federal Contract Tower,17,9,19,17,62,17,23,63,37,140,34,32,82,54,202,192,40,232,434
08/27/2020,MHR,CA,AWP,WE,Federal Contract Tower,13,10,42,22,87,13,29,119,49,210,26,39,161,71,297,224,60,284,581
08/28/2020,MHR,CA,AWP,WE,Federal Contract Tower,12,8,35,8,63,12,21,108,29,170,24,29,143,37,233,106,50,156,389
08/29/2020,MHR,CA,AWP,WE,Federal Contract Tower,2,1,16,6,25,4,14,68,39,125,6,15,84,45,150,106,18,124,274
08/30/2020,MHR,CA,AWP,WE,Federal Contract Tower,0,0,22,10,32,0,2,45,40,87,0,2,67,50,119,46,8,54,173
08/31/2020,MHR,CA,AWP,WE,Federal Contract Tower,3,7,27,0,37,3,15,70,30,118,6,22,97,30,155,58,12,70,225
09/01/2020,MHR,CA,AWP,WE,Federal Contract Tower,16,5,16,21,58,22,18,57,59,156,38,23,73,80,214,48,62,110,324
09/02/2020,MHR,CA,AWP,WE,Federal Contract Tower,19,10,33,20,82,19,42,83,40,184,38,52,116,60,266,166,84,250,516
09/03/2020,MHR,CA,AWP,WE,Federal Contract Tower,16,6,28,22,72,16,33,82,28,159,32,39,110,50,231,196,30,226,457
09/04/2020,MHR,CA,AWP,WE,Federal Contract Tower,12,7,30,5,54,12,35,96,15,158,24,42,126,20,212,208,0,208,420
09/07/2020,MHR,CA,AWP,WE,Federal Contract Tower,2,3,13,0,18,2,14,36,0,52,4,17,49,0,70,24,0,24,94
09/08/2020,MHR,CA,AWP,WE,Federal Contract Tower,10,9,13,9,41,11,11,17,9,48,21,20,30,18,89,0,0,0,89
09/09/2020,MHR,CA,AWP,WE,Federal Contract Tower,19,13,33,4,69,19,23,41,8,91,38,36,74,12,160,48,2,50,210
09/10/2020,MHR,CA,AWP,WE,Federal Contract Tower,16,5,30,10,61,16,17,56,12,101,32,22,86,22,162,78,4,82,244
09/11/2020,MHR,CA,AWP,WE,Federal Contract Tower,15,12,39,5,71,15,13,43,5,76,30,25,82,10,147,0,0,0,147
09/12/2020,MHR,CA,AWP,WE,Federal Contract Tower,3,9,26,8,46,3,9,26,8,46,6,18,52,16,92,0,0,0,92
09/13/2020,MHR,CA,AWP,WE,Federal Contract Tower,2,1,15,2,20,2,1,15,13,31,4,2,30,15,51,0,0,0,51
09/14/2020,MHR,CA,AWP,WE,Federal Contract Tower,4,16,21,17,58,4,18,22,17,61,8,34,43,34,119,0,0,0,119
09/15/2020,MHR,CA,AWP,WE,Federal Contract Tower,17,7,26,1,51,19,10,63,29,121,36,17,89,30,172,46,0,46,218
09/16/2020,MHR,CA,AWP,WE,Federal Contract Tower,16,2,42,19,79,16,19,99,44,178,32,21,141,63,257,248,30,278,535
09/17/2020,MHR,CA,AWP,WE,Federal Contract Tower,14,5,52,43,114,14,22,103,59,198,28,27,155,102,312,164,44,208,520
09/18/2020,MHR,CA,AWP,WE,Federal Contract Tower,9,1,28,16,54,9,33,130,42,214,18,34,158,58,268,150,74,224,492
09/19/2020,MHR,CA,AWP,WE,Federal Contract Tower,2,4,22,0,28,2,13,69,17,101,4,17,91,17,129,72,0,72,201
09/21/2020,MHR,CA,AWP,WE,Federal Contract Tower,6,1,9,8,24,6,30,114,19,169,12,31,123,27,193,174,6,180,373
09/22/2020,MHR,CA,AWP,WE,Federal Contract Tower,14,2,40,10,66,15,18,107,28,168,29,20,147,38,234,120,22,142,376
09/23/2020,MHR,CA,AWP,WE,Federal Contract Tower,15,2,16,6,39,15,28,93,37,173,30,30,109,43,212,182,34,216,428
09/24/2020,MHR,CA,AWP,WE,Federal Contract Tower,15,8,19,7,49,15,38,99,28,180,30,46,118,35,229,226,24,250,479
09/25/2020,MHR,CA,AWP,WE,Federal Contract Tower,9,4,46,21,80,10,28,126,54,218,19,32,172,75,298,86,48,134,432
09/26/2020,MHR,CA,AWP,WE,Federal Contract Tower,2,1,8,3,14,2,13,64,13,92,4,14,72,16,106,32,0,32,138
09/27/2020,MHR,CA,AWP,WE,Federal Contract Tower,2,3,15,3,23,2,10,72,12,96,4,13,87,15,119,126,0,126,245
09/28/2020,MHR,CA,AWP,WE,Federal Contract Tower,4,3,17,4,28,4,26,78,20,128,8,29,95,24,156,114,0,114,270
09/29/2020,MHR,CA,AWP,WE,Federal Contract Tower,13,5,20,5,43,17,18,89,15,139,30,23,109,20,182,166,0,166,348
09/30/2020,MHR,CA,AWP,WE,Federal Contract Tower,16,14,21,5,56,16,32,56,24,128,32,46,77,29,184,30,0,30,214
10/01/2020,MHR,CA,AWP,WE,Federal Contract Tower,16,4,36,5,61,16,19,60,15,110,32,23,96,20,171,0,0,0,171
10/02/2020,MHR,CA,AWP,WE,Federal Contract Tower,6,12,35,16,69,6,18,59,25,108,12,30,94,41,177,32,24,56,233
10/03/2020,MHR,CA,AWP,WE,Federal Contract Tower,3,2,20,10,35,3,10,38,19,70,6,12,58,29,105,64,0,64,169
10/04/2020,MHR,CA,AWP,WE,Federal Contract Tower,2,4,26,6,38,0,8,81,25,114,2,12,107,31,152,96,2,98,250
10/05/2020,MHR,CA,AWP,WE,Federal Contract Tower,4,7,31,0,42,4,19,106,31,160,8,26,137,31,202,146,2,148,350
10/06/2020,MHR,CA,AWP,WE,Federal Contract Tower,14,5,15,8,42,14,26,106,28,174,28,31,121,36,216,82,40,122,338
10/07/2020,MHR,CA,AWP,WE,Federal Contract Tower,16,8,51,21,96,16,32,134,35,217,32,40,185,56,313,146,38,184,497
10/08/2020,MHR,CA,AWP,WE,Federal Contract Tower,12,3,42,17,74,12,23,107,28,170,24,26,149,45,244,134,50,184,428
10/09/2020,MHR,CA,AWP,WE,Federal Contract Tower,9,19,32,8,68,9,34,80,12,135,18,53,112,20,203,88,0,88,291
10/10/2020,MHR,CA,AWP,WE,Federal Contract Tower,4,5,18,6,33,4,12,53,25,94,8,17,71,31,127,54,8,62,189
10/11/2020,MHR,CA,AWP,WE,Federal Contract Tower,0,2,18,0,20,0,14,53,2,69,0,16,71,2,89,34,0,34,123
10/12/2020,MHR,CA,AWP,WE,Federal Contract Tower,5,1,9,2,17,5,20,106,7,138,10,21,115,9,155,126,12,138,293
10/13/2020,MHR,CA,AWP,WE,Federal Contract Tower,16,1,27,14,58,16,28,147,26,217,32,29,174,40,275,170,26,196,471
10/14/2020,MHR,CA,AWP,WE,Federal Contract Tower,16,11,12,15,54,16,35,58,20,129,32,46,70,35,183,72,38,110,293
10/15/2020,MHR,CA,AWP,WE,Federal Contract Tower,13,11,37,14,75,13,41,88,21,163,26,52,125,35,238,102,68,170,408
10/16/2020,MHR,CA,AWP,WE,Federal Contract Tower,17,4,18,1,40,17,21,93,8,139,34,25,111,9,179,54,6,60,239
10/17/2020,MHR,CA,AWP,WE,Federal Contract Tower,3,0,7,1,11,3,7,55,1,66,6,7,62,2,77,50,0,50,127
10/18/2020,MHR,CA,AWP,WE,Federal Contract Tower,0,0,12,0,12,0,7,98,23,128,0,7,110,23,140,80,0,80,220
10/19/2020,MHR,CA,AWP,WE,Federal Contract Tower,4,4,23,1,32,4,19,108,1,132,8,23,131,2,164,64,0,64,228
10/20/2020,MHR,CA,AWP,WE,Federal Contract Tower,15,8,8,7,38,15,35,107,6,163,30,43,115,13,201,138,12,150,351
10/21/2020,MHR,CA,AWP,WE,Federal Contract Tower,17,9,35,3,64,17,36,113,7,173,34,45,148,10,237,144,20,164,401
10/23/2020,MHR,CA,AWP,WE,Federal Contract Tower,9,5,22,7,43,9,27,135,8,179,18,32,157,15,222,138,18,156,378
10/24/2020,MHR,CA,AWP,WE,Federal Contract Tower,3,1,25,0,29,3,23,73,0,99,6,24,98,0,128,94,0,94,222
10/25/2020,MHR,CA,AWP,WE,Federal Contract Tower,0,4,23,0,27,0,9,65,2,76,0,13,88,2,103,58,0,58,161
10/26/2020,MHR,CA,AWP,WE,Federal Contract Tower,4,2,1,0,7,4,19,28,2,53,8,21,29,2,60,0,0,0,60
10/27/2020,MHR,CA,AWP,WE,Federal Contract Tower,19,5,34,0,58,19,25,116,11,171,38,30,150,11,229,226,26,252,481
10/28/2020,MHR,CA,AWP,WE,Federal Contract Tower,16,6,25,13,60,16,27,106,14,163,32,33,131,27,223,140,22,162,385
10/29/2020,MHR,CA,AWP,WE,Federal Contract Tower,15,13,32,24,84,15,43,114,37,209,30,56,146,61,293,168,30,198,491
10/30/2020,MHR,CA,AWP,WE,Federal Contract Tower,9,4,28,9,50,9,30,119,20,178,18,34,147,29,228,72,40,112,340
10/31/2020,MHR,CA,AWP,WE,Federal Contract Tower,2,0,7,2,11,2,10,81,2,95,4,10,88,4,106,84,0,84,190
11/01/2020,MHR,CA,AWP,WE,Federal Contract Tower,0,5,9,0,14,0,13,66,1,80,0,18,75,1,94,74,0,74,168
11/02/2020,MHR,CA,AWP,WE,Federal Contract Tower,4,6,18,1,29,4,18,86,4,112,8,24,104,5,141,98,0,98,239
11/03/2020,MHR,CA,AWP,WE,Federal Contract Tower,16,3,25,10,54,16,24,104,18,162,32,27,129,28,216,93,54,147,363
11/04/2020,MHR,CA,AWP,WE,Federal Contract Tower,18,11,30,7,66,18,39,113,20,190,36,50,143,27,256,126,16,142,398
11/05/2020,MHR,CA,AWP,WE,Federal Contract Tower,19,11,27,2,59,19,40,73,4,136,38,51,100,6,195,110,4,114,309
11/06/2020,MHR,CA,AWP,WE,Federal Contract Tower,10,4,25,2,41,10,35,56,23,124,20,39,81,25,165,20,2,22,187
11/07/2020,MHR,CA,AWP,WE,Federal Contract Tower,2,5,11,13,31,2,19,52,24,97,4,24,63,37,128,66,8,74,202
11/08/2020,MHR,CA,AWP,WE,Federal Contract Tower,3,2,9,3,17,3,16,37,4,60,6,18,46,7,77,46,4,50,127
11/09/2020,MHR,CA,AWP,WE,Federal Contract Tower,4,5,21,12,42,4,22,99,17,142,8,27,120,29,184,126,10,136,320
11/10/2020,MHR,CA,AWP,WE,Federal Contract Tower,15,8,22,7,52,15,33,68,8,124,30,41,90,15,176,156,16,172,348
11/11/2020,MHR,CA,AWP,WE,Federal Contract Tower,15,12,17,2,46,15,27,145,5,192,30,39,162,7,238,62,0,62,300
11/12/2020,MHR,CA,AWP,WE,Federal Contract Tower,15,3,34,5,57,15,28,104,8,155,30,31,138,13,212,156,24,180,392
11/13/2020,MHR,CA,AWP,WE,Federal Contract Tower,10,12,21,0,43,10,21,49,8,88,20,33,70,8,131,34,28,62,193
11/14/2020,MHR,CA,AWP,WE,Federal Contract Tower,2,7,11,0,20,2,15,39,0,56,4,22,50,0,76,2,0,2,78
11/15/2020,MHR,CA,AWP,WE,Federal Contract Tower,2,7,13,1,23,2,17,92,1,112,4,24,105,2,135,94,0,94,229
11/16/2020,MHR,CA,AWP,WE,Federal Contract Tower,3,2,8,0,13,3,20,101,3,127,6,22,109,3,140,78,0,78,218
11/17/2020,MHR,CA,AWP,WE,Federal Contract Tower,15,14,21,15,65,15,26,60,16,117,30,40,81,31,182,82,68,150,332
11/18/2020,MHR,CA,AWP,WE,Federal Contract Tower,16,16,16,2,50,16,32,23,5,76,32,48,39,7,126,10,36,46,172
11/19/2020,MHR,CA,AWP,WE,Federal Contract Tower,15,20,27,8,70,15,35,94,19,163,30,55,121,27,233,86,50,136,369
11/20/2020,MHR,CA,AWP,WE,Federal Contract Tower,9,2,19,10,40,9,37,126,20,192,18,39,145,30,232,216,52,268,500
11/21/2020,MHR,CA,AWP,WE,Federal Contract Tower,2,1,20,2,25,2,8,89,9,108,4,9,109,11,133,58,2,60,193
11/22/2020,MHR,CA,AWP,WE,Federal Contract Tower,3,2,15,1,21,3,11,78,7,99,6,13,93,8,120,148,18,166,286
11/23/2020,MHR,CA,AWP,WE,Federal Contract Tower,9,4,24,13,50,9,17,125,28,179,18,21,149,41,229,190,64,254,483
11/24/2020,MHR,CA,AWP,WE,Federal Contract Tower,27,5,23,5,60,34,42,101,74,251,61,47,124,79,311,111,36,147,458
11/25/2020,MHR,CA,AWP,WE,Federal Contract Tower,22,2,21,1,46,22,34,64,1,121,44,36,85,2,167,34,0,34,201
11/26/2020,MHR,CA,AWP,WE,Federal Contract Tower,3,1,3,0,7,3,3,18,0,24,6,4,21,0,31,4,0,4,35
11/27/2020,MHR,CA,AWP,WE,Federal Contract Tower,11,1,12,0,24,11,26,32,0,69,22,27,44,0,93,30,0,30,123
11/28/2020,MHR,CA,AWP,WE,Federal Contract Tower,2,2,20,0,24,2,12,71,0,85,4,14,91,0,109,68,0,68,177
11/29/2020,MHR,CA,AWP,WE,Federal Contract Tower,2,0,20,0,22,2,14,86,0,102,4,14,106,0,124,110,0,110,234
11/30/2020,MHR,CA,AWP,WE,Federal Contract Tower,6,4,20,1,31,6,31,102,8,147,12,35,122,9,178,92,0,92,270
12/01/2020,MHR,CA,AWP,WE,Federal Contract Tower,29,5,28,1,63,29,36,111,0,176,58,41,139,1,239,69,16,85,324
12/02/2020,MHR,CA,AWP,WE,Federal Contract Tower,21,6,32,11,70,21,40,88,25,174,42,46,120,36,244,70,28,98,342
12/03/2020,MHR,CA,AWP,WE,Federal Contract Tower,20,3,29,8,60,20,31,123,17,191,40,34,152,25,251,112,18,130,381
12/04/2020,MHR,CA,AWP,WE,Federal Contract Tower,19,5,17,6,47,19,30,80,6,135,38,35,97,12,182,82,14,96,278
12/05/2020,MHR,CA,AWP,WE,Federal Contract Tower,3,2,14,4,23,2,13,68,0,83,5,15,82,4,106,56,0,56,162
12/06/2020,MHR,CA,AWP,WE,Federal Contract Tower,4,2,17,0,23,4,22,133,1,160,8,24,150,1,183,118,0,118,301
12/07/2020,MHR,CA,AWP,WE,Federal Contract Tower,4,5,13,28,50,4,17,49,37,107,8,22,62,65,157,6,32,38,195
12/08/2020,MHR,CA,AWP,WE,Federal Contract Tower,24,4,34,2,64,27,37,116,14,194,51,41,150,16,258,138,0,138,396
12/09/2020,MHR,CA,AWP,WE,Federal Contract Tower,24,13,34,4,75,24,45,76,10,155,48,58,110,14,230,88,12,100,330
12/10/2020,MHR,CA,AWP,WE,Federal Contract Tower,24,7,41,3,75,24,19,123,13,179,48,26,164,16,254,142,0,142,396
12/11/2020,MHR,CA,AWP,WE,Federal Contract Tower,15,6,36,4,61,15,24,93,5,137,30,30,129,9,198,42,8,50,248
12/12/2020,MHR,CA,AWP,WE,Federal Contract Tower,4,5,12,0,21,4,13,13,0,30,8,18,25,0,51,0,0,0,51
12/14/2020,MHR,CA,AWP,WE,Federal Contract Tower,12,6,24,3,45,12,22,53,7,94,24,28,77,10,139,20,4,24,163
12/15/2020,MHR,CA,AWP,WE,Federal Contract Tower,35,7,46,6,94,36,28,84,14,162,71,35,130,20,256,2,52,54,310
12/16/2020,MHR,CA,AWP,WE,Federal Contract Tower,37,39,34,9,119,35,44,70,16,165,72,83,104,25,284,60,60,120,404
12/17/2020,MHR,CA,AWP,WE,Federal Contract Tower,38,10,46,5,99,38,25,68,9,140,76,35,114,14,239,20,16,36,275
12/18/2020,MHR,CA,AWP,WE,Federal Contract Tower,39,5,51,4,99,39,31,146,11,227,78,36,197,15,326,98,12,110,436
12/19/2020,MHR,CA,AWP,WE,Federal Contract Tower,34,4,30,0,68,35,23,70,0,128,69,27,100,0,196,58,0,58,254
12/21/2020,MHR,CA,AWP,WE,Federal Contract Tower,38,17,21,3,79,38,20,29,3,90,76,37,50,6,169,0,0,0,169
12/22/2020,MHR,CA,AWP,WE,Federal Contract Tower,34,14,27,4,79,34,30,49,4,117,68,44,76,8,196,12,4,16,212
12/23/2020,MHR,CA,AWP,WE,Federal Contract Tower,43,21,51,13,128,44,42,81,14,181,87,63,132,27,309,30,0,30,339
12/24/2020,MHR,CA,AWP,WE,Federal Contract Tower,25,7,28,0,60,25,20,61,0,106,50,27,89,0,166,52,0,52,218
12/25/2020,MHR,CA,AWP,WE,Federal Contract Tower,0,0,1,0,1,0,4,8,0,12,0,4,9,0,13,0,0,0,13
12/26/2020,MHR,CA,AWP,WE,Federal Contract Tower,3,6,17,0,26,3,20,52,0,75,6,26,69,0,101,60,0,60,161
12/28/2020,MHR,CA,AWP,WE,Federal Contract Tower,8,3,25,3,39,8,25,73,14,120,16,28,98,17,159,106,30,136,295
12/29/2020,MHR,CA,AWP,WE,Federal Contract Tower,27,10,16,1,54,26,28,90,3,147,53,38,106,4,201,134,18,152,353
12/30/2020,MHR,CA,AWP,WE,Federal Contract Tower,26,6,40,6,78,26,31,100,14,171,52,37,140,20,249,98,42,140,389
12/31/2020,MHR,CA,AWP,WE,Federal Contract Tower,14,6,24,6,50,14,27,57,7,105,28,33,81,13,155,8,0,8,163
01/01/2021,MHR,CA,AWP,WE,Federal Contract Tower,0,0,9,6,15,0,10,28,10,48,0,10,37,16,63,8,10,18,81
01/02/2021,MHR,CA,AWP,WE,Federal Contract Tower,3,4,23,2,32,3,12,34,2,51,6,16,57,4,83,18,0,18,101
01/03/2021,MHR,CA,AWP,WE,Federal Contract Tower,3,1,18,0,22,3,7,44,3,57,6,8,62,3,79,64,6,70,149
01/04/2021,MHR,CA,AWP,WE,Federal Contract Tower,5,10,14,0,29,0,21,19,0,40,5,31,33,0,69,2,0,2,71
01/05/2021,MHR,CA,AWP,WE,Federal Contract Tower,15,7,25,16,63,14,23,66,36,139,29,30,91,52,202,62,14,76,278
01/06/2021,MHR,CA,AWP,WE,Federal Contract Tower,16,12,25,7,60,16,30,76,13,135,32,42,101,20,195,118,56,174,369
01/07/2021,MHR,CA,AWP,WE,Federal Contract Tower,18,16,43,6,83,18,32,88,17,155,36,48,131,23,238,66,12,78,316
01/08/2021,MHR,CA,AWP,WE,Federal Contract Tower,9,6,16,2,33,9,18,55,6,88,18,24,71,8,121,52,8,60,181
01/09/2021,MHR,CA,AWP,WE,Federal Contract Tower,2,4,17,4,27,2,10,71,10,93,4,14,88,14,120,26,14,40,160
01/10/2021,MHR,CA,AWP,WE,Federal Contract Tower,2,0,20,3,25,2,9,67,4,82,4,9,87,7,107,64,10,74,181
01/11/2021,MHR,CA,AWP,WE,Federal Contract Tower,6,4,25,8,43,6,23,100,15,144,12,27,125,23,187,78,26,104,291
01/12/2021,MHR,CA,AWP,WE,Federal Contract Tower,16,18,35,7,76,16,42,123,20,201,32,60,158,27,277,150,86,236,513
01/13/2021,MHR,CA,AWP,WE,Federal Contract Tower,16,12,31,5,64,16,28,75,15,134,32,40,106,20,198,84,20,104,302
01/14/2021,MHR,CA,AWP,WE,Federal Contract Tower,17,14,14,16,61,17,14,16,16,63,34,28,30,32,124,0,0,0,124
01/15/2021,MHR,CA,AWP,WE,Federal Contract Tower,9,4,19,4,36,9,39,96,12,156,18,43,115,16,192,96,44,140,332
01/16/2021,MHR,CA,AWP,WE,Federal Contract Tower,1,5,22,2,30,1,7,80,4,92,2,12,102,6,122,40,2,42,164
01/17/2021,MHR,CA,AWP,WE,Federal Contract Tower,2,4,16,0,22,2,12,65,0,79,4,16,81,0,101,58,0,58,159
01/18/2021,MHR,CA,AWP,WE,Federal Contract Tower,6,3,6,3,18,6,13,37,3,59,12,16,43,6,77,24,0,24,101
01/19/2021,MHR,CA,AWP,WE,Federal Contract Tower,17,2,14,2,35,18,26,25,2,71,35,28,39,4,106,2,12,14,120
01/20/2021,MHR,CA,AWP,WE,Federal Contract Tower,17,4,26,8,55,17,39,120,26,202,34,43,146,34,257,168,38,206,463
01/21/2021,MHR,CA,AWP,WE,Federal Contract Tower,15,5,26,11,57,15,33,101,22,171,30,38,127,33,228,140,46,186,414
01/22/2021,MHR,CA,AWP,WE,Federal Contract Tower,9,9,12,4,34,9,20,25,12,66,18,29,37,16,100,0,12,12,112
01/23/2021,MHR,CA,AWP,WE,Federal Contract Tower,2,1,32,0,35,2,9,85,0,96,4,10,117,0,131,56,0,56,187
01/24/2021,MHR,CA,AWP,WE,Federal Contract Tower,2,0,22,0,24,2,2,38,0,42,4,2,60,0,66,34,0,34,100
01/25/2021,MHR,CA,AWP,WE,Federal Contract Tower,3,0,11,0,14,3,13,76,11,103,6,13,87,11,117,58,16,74,191
01/26/2021,MHR,CA,AWP,WE,Federal Contract Tower,15,8,3,0,26,15,17,48,4,84,30,25,51,4,110,52,0,52,162
01/27/2021,MHR,CA,AWP,WE,Federal Contract Tower,15,6,4,0,25,14,14,11,0,39,29,20,15,0,64,0,0,0,64
01/28/2021,MHR,CA,AWP,WE,Federal Contract Tower,17,8,5,2,32,17,20,8,2,47,34,28,13,4,79,0,0,0,79
01/29/2021,MHR,CA,AWP,WE,Federal Contract Tower,10,6,31,2,49,10,20,38,2,70,20,26,69,4,119,0,0,0,119
01/30/2021,MHR,CA,AWP,WE,Federal Contract Tower,2,0,29,0,31,2,10,122,0,134,4,10,151,0,165,154,0,154,319
02/01/2021,MHR,CA,AWP,WE,Federal Contract Tower,2,5,18,0,25,2,16,82,21,121,4,21,100,21,146,86,22,108,254
02/02/2021,MHR,CA,AWP,WE,Federal Contract Tower,12,8,27,3,50,12,21,27,5,65,24,29,54,8,115,8,22,30,145
02/03/2021,MHR,CA,AWP,WE,Federal Contract Tower,15,6,35,11,67,15,29,119,26,189,30,35,154,37,256,140,114,254,510
02/04/2021,MHR,CA,AWP,WE,Federal Contract Tower,15,1,45,19,80,15,25,134,37,211,30,26,179,56,291,138,30,168,459
02/05/2021,MHR,CA,AWP,WE,Federal Contract Tower,9,5,38,26,78,9,22,147,55,233,18,27,185,81,311,142,66,208,519
02/07/2021,MHR,CA,AWP,WE,Federal Contract Tower,2,2,11,2,17,1,10,97,5,113,3,12,108,7,130,156,16,172,302
02/08/2021,MHR,CA,AWP,WE,Federal Contract Tower,3,1,27,3,34,3,15,113,6,137,6,16,140,9,171,82,16,98,269
02/09/2021,MHR,CA,AWP,WE,Federal Contract Tower,16,6,23,16,61,16,25,115,39,195,32,31,138,55,256,180,84,264,520
02/10/2021,MHR,CA,AWP,WE,Federal Contract Tower,15,2,21,24,62,15,20,122,39,196,30,22,143,63,258,136,60,196,454
02/11/2021,MHR,CA,AWP,WE,Federal Contract Tower,14,15,20,29,78,14,31,82,41,168,28,46,102,70,246,164,80,244,490
02/12/2021,MHR,CA,AWP,WE,Federal Contract Tower,13,7,35,13,68,13,23,76,15,127,26,30,111,28,195,50,28,78,273
02/13/2021,MHR,CA,AWP,WE,Federal Contract Tower,4,2,13,0,19,4,12,46,4,66,8,14,59,4,85,32,2,34,119
02/14/2021,MHR,CA,AWP,WE,Federal Contract Tower,2,2,18,0,22,2,5,88,0,95,4,7,106,0,117,125,0,125,242
02/15/2021,MHR,CA,AWP,WE,Federal Contract Tower,3,3,44,0,50,3,19,50,0,72,6,22,94,0,122,0,0,0,122
02/16/2021,MHR,CA,AWP,WE,Federal Contract Tower,9,5,26,15,55,9,20,76,22,127,18,25,102,37,182,104,62,166,348
02/17/2021,MHR,CA,AWP,WE,Federal Contract Tower,12,0,23,11,46,12,12,68,21,113,24,12,91,32,159,44,20,64,223
02/18/2021,MHR,CA,AWP,WE,Federal Contract Tower,14,2,11,3,30,14,19,60,15,108,28,21,71,18,138,76,22,98,236
02/19/2021,MHR,CA,AWP,WE,Federal Contract Tower,13,13,23,4,53,14,23,24,5,66,27,36,47,9,119,0,0,0,119
02/20/2021,MHR,CA,AWP,WE,Federal Contract Tower,2,0,11,0,13,2,9,86,0,97,4,9,97,0,110,92,0,92,202
02/21/2021,MHR,CA,AWP,WE,Federal Contract Tower,2,1,36,0,39,2,4,154,0,160,4,5,190,0,199,220,0,220,419
02/22/2021,MHR,CA,AWP,WE,Federal Contract Tower,4,2,18,8,32,4,14,119,20,157,8,16,137,28,189,234,56,290,479
02/23/2021,MHR,CA,AWP,WE,Federal Contract Tower,15,4,14,10,43,15,21,85,23,144,30,25,99,33,187,62,58,120,307
02/24/2021,MHR,CA,AWP,WE,Federal Contract Tower,14,4,24,0,42,14,19,81,14,128,28,23,105,14,170,72,22,94,264
02/25/2021,MHR,CA,AWP,WE,Federal Contract Tower,17,14,28,38,97,17,40,121,51,229,34,54,149,89,326,186,62,248,574
02/26/2021,MHR,CA,AWP,WE,Federal Contract Tower,11,2,21,8,42,11,18,73,23,125,22,20,94,31,167,118,20,138,305
02/27/2021,MHR,CA,AWP,WE,Federal Contract Tower,2,0,9,4,15,2,12,25,16,55,4,12,34,20,70,2,0,2,72
03/01/2021,MHR,CA,AWP,WE,Federal Contract Tower,2,0,22,0,24,11,2,105,19,137,13,2,127,19,161,150,38,188,349
03/02/2021,MHR,CA,AWP,WE,Federal Contract Tower,15,9,29,14,67,15,35,98,18,166,30,44,127,32,233,152,42,194,427
03/03/2021,MHR,CA,AWP,WE,Federal Contract Tower,15,4,18,4,41,15,27,65,13,120,30,31,83,17,161,212,40,252,413
03/04/2021,MHR,CA,AWP,WE,Federal Contract Tower,15,3,30,10,58,15,29,104,16,164,30,32,134,26,222,126,56,182,404
03/05/2021,MHR,CA,AWP,WE,Federal Contract Tower,9,3,48,3,63,9,27,100,7,143,18,30,148,10,206,82,12,94,300
03/06/2021,MHR,CA,AWP,WE,Federal Contract Tower,2,2,7,2,13,2,15,76,2,95,4,17,83,4,108,50,4,54,162
03/07/2021,MHR,CA,AWP,WE,Federal Contract Tower,2,3,17,1,23,2,15,92,0,109,4,18,109,1,132,106,0,106,238
03/08/2021,MHR,CA,AWP,WE,Federal Contract Tower,3,3,17,4,27,3,13,57,16,89,6,16,74,20,116,16,72,88,204
03/09/2021,MHR,CA,AWP,WE,Federal Contract Tower,14,5,16,6,41,14,15,38,2,69,28,20,54,8,110,104,44,148,258
03/10/2021,MHR,CA,AWP,WE,Federal Contract Tower,16,10,9,0,35,16,18,15,4,53,32,28,24,4,88,0,0,0,88
03/11/2021,MHR,CA,AWP,WE,Federal Contract Tower,16,2,31,4,53,16,30,88,10,144,32,32,119,14,197,192,6,198,395
03/12/2021,MHR,CA,AWP,WE,Federal Contract Tower,11,5,36,9,61,11,27,123,8,169,22,32,159,17,230,118,10,128,358
03/13/2021,MHR,CA,AWP,WE,Federal Contract Tower,2,5,10,0,17,2,20,85,0,107,4,25,95,0,124,40,0,40,164
03/14/2021,MHR,CA,AWP,WE,Federal Contract Tower,2,1,13,0,16,2,8,42,0,52,4,9,55,0,68,30,0,30,98
03/15/2021,MHR,CA,AWP,WE,Federal Contract Tower,3,3,20,0,26,3,10,50,8,71,6,13,70,8,97,24,36,60,157
03/16/2021,MHR,CA,AWP,WE,Federal Contract Tower,15,6,31,8,60,15,26,91,16,148,30,32,122,24,208,102,46,148,356
03/17/2021,MHR,CA,AWP,WE,Federal Contract Tower,17,5,18,19,59,16,28,61,24,129,33,33,79,43,188,88,40,128,316
03/18/2021,MHR,CA,AWP,WE,Federal Contract Tower,16,12,20,24,72,16,14,35,31,96,32,26,55,55,168,42,56,98,266
03/19/2021,MHR,CA,AWP,WE,Federal Contract Tower,9,5,40,1,55,9,21,57,5,92,18,26,97,6,147,26,0,26,173
03/20/2021,MHR,CA,AWP,WE,Federal Contract Tower,2,5,18,1,26,2,12,72,0,86,4,17,90,1,112,54,12,66,178
03/21/2021,MHR,CA,AWP,WE,Federal Contract Tower,2,2,19,0,23,2,7,91,6,106,4,9,110,6,129,94,2,96,225
03/22/2021,MHR,CA,AWP,WE,Federal Contract Tower,6,8,15,5,34,6,18,96,12,132,12,26,111,17,166,110,20,130,296
03/23/2021,MHR,CA,AWP,WE,Federal Contract Tower,17,3,7,0,27,17,20,26,2,65,34,23,33,2,92,4,0,4,96
03/24/2021,MHR,CA,AWP,WE,Federal Contract Tower,16,3,21,13,53,16,28,61,29,134,32,31,82,42,187,70,64,134,321
03/25/2021,MHR,CA,AWP,WE,Federal Contract Tower,17,1,40,11,69,17,20,72,19,128,34,21,112,30,197,70,6,76,273
03/26/2021,MHR,CA,AWP,WE,Federal Contract Tower,6,3,28,2,39,10,34,68,5,117,16,37,96,7,156,40,12,52,208
03/27/2021,MHR,CA,AWP,WE,Federal Contract Tower,2,0,30,5,37,2,14,74,14,104,4,14,104,19,141,62,6,68,209
03/28/2021,MHR,CA,AWP,WE,Federal Contract Tower,2,2,4,3,11,2,5,25,11,43,4,7,29,14,54,22,6,28,82
03/30/2021,MHR,CA,AWP,WE,Federal Contract Tower,14,3,21,2,40,14,23,48,19,104,28,26,69,21,144,10,8,18,162
03/31/2021,MHR,CA,AWP,WE,Federal Contract Tower,18,1,28,6,53,18,24,108,14,164,36,25,136,20,217,50,22,72,289
04/01/2021,MHR,CA,AWP,WE,Federal Contract Tower,16,3,33,13,65,16,32,100,16,164,32,35,133,29,229,78,48,126,355
04/02/2021,MHR,CA,AWP,WE,Federal Contract Tower,8,1,17,3,29,8,28,69,4,109,16,29,86,7,138,58,19,77,215
04/03/2021,MHR,CA,AWP,WE,Federal Contract Tower,2,2,18,0,22,2,15,45,0,62,4,17,63,0,84,8,0,8,92
04/04/2021,MHR,CA,AWP,WE,Federal Contract Tower,2,0,15,0,17,2,12,32,0,46,4,12,47,0,63,0,0,0,63
04/05/2021,MHR,CA,AWP,WE,Federal Contract Tower,5,5,31,3,44,5,23,46,5,79,10,28,77,8,123,12,4,16,139
04/06/2021,MHR,CA,AWP,WE,Federal Contract Tower,14,6,24,16,60,14,26,82,26,148,28,32,106,42,208,36,42,78,286
04/07/2021,MHR,CA,AWP,WE,Federal Contract Tower,15,6,32,17,70,15,24,71,31,141,30,30,103,48,211,56,80,136,347
04/08/2021,MHR,CA,AWP,WE,Federal Contract Tower,13,3,35,16,67,13,36,110,24,183,26,39,145,40,250,60,8,68,318
04/09/2021,MHR,CA,AWP,WE,Federal Contract Tower,9,4,34,2,49,9,29,101,3,142,18,33,135,5,191,48,0,48,239
04/10/2021,MHR,CA,AWP,WE,Federal Contract Tower,8,0,17,17,42,8,13,54,34,109,16,13,71,51,151,12,44,56,207
04/11/2021,MHR,CA,AWP,WE,Federal Contract Tower,2,2,16,7,27,2,7,34,7,50,4,9,50,14,77,10,0,10,87
04/12/2021,MHR,CA,AWP,WE,Federal Contract Tower,3,2,15,3,23,3,13,67,17,100,6,15,82,20,123,95,42,137,260
04/13/2021,MHR,CA,AWP,WE,Federal Contract Tower,14,1,21,8,44,14,20,73,10,117,28,21,94,18,161,58,38,96,257
04/14/2021,MHR,CA,AWP,WE,Federal Contract Tower,16,3,19,4,42,16,29,69,13,127,32,32,88,17,169,84,8,92,261
04/15/2021,MHR,CA,AWP,WE,Federal Contract Tower,16,2,13,2,33,16,27,68,4,115,32,29,81,6,148,42,20,62,210
04/16/2021,MHR,CA,AWP,WE,Federal Contract Tower,9,2,38,0,49,9,26,118,5,158,18,28,156,5,207,38,0,38,245
04/17/2021,MHR,CA,AWP,WE,Federal Contract Tower,2,1,12,0,15,2,15,53,0,70,4,16,65,0,85,24,4,28,113
04/19/2021,MHR,CA,AWP,WE,Federal Contract Tower,6,4,16,2,28,6,20,78,8,112,12,24,94,10,140,78,0,78,218
04/20/2021,MHR,CA,AWP,WE,Federal Contract Tower,14,2,25,3,44,14,21,72,16,123,28,23,97,19,167,60,36,96,263
04/21/2021,MHR,CA,AWP,WE,Federal Contract Tower,17,3,36,8,64,17,35,96,17,165,34,38,132,25,229,80,20,100,329
04/22/2021,MHR,CA,AWP,WE,Federal Contract Tower,16,8,25,9,58,16,33,75,16,140,32,41,100,25,198,60,54,114,312
04/23/2021,MHR,CA,AWP,WE,Federal Contract Tower,10,2,32,3,47,10,13,69,8,100,20,15,101,11,147,28,10,38,185
04/24/2021,MHR,CA,AWP,WE,Federal Contract Tower,2,0,20,5,27,2,20,66,16,104,4,20,86,21,131,14,16,30,161
04/25/2021,MHR,CA,AWP,WE,Federal Contract Tower,2,3,21,4,30,2,8,42,13,65,4,11,63,17,95,18,10,28,123
04/26/2021,MHR,CA,AWP,WE,Federal Contract Tower,5,2,18,8,33,5,16,102,13,136,10,18,120,21,169,56,34,90,259
04/27/2021,MHR,CA,AWP,WE,Federal Contract Tower,17,0,13,5,35,17,13,80,0,110,34,13,93,5,145,80,8,88,233
04/28/2021,MHR,CA,AWP,WE,Federal Contract Tower,18,3,31,3,55,18,30,79,13,140,36,33,110,16,195,120,16,136,331
04/29/2021,MHR,CA,AWP,WE,Federal Contract Tower,16,8,21,6,51,16,39,92,9,156,32,47,113,15,207,60,6,66,273
04/30/2021,MHR,CA,AWP,WE,Federal Contract Tower,10,9,36,1,56,10,36,95,2,143,20,45,131,3,199,78,0,78,277
05/01/2021,MHR,CA,AWP,WE,Federal Contract Tower,2,0,17,0,19,2,10,75,0,87,4,10,92,0,106,28,0,28,134
05/02/2021,MHR,CA,AWP,WE,Federal Contract Tower,2,0,13,0,15,2,4,29,0,35,4,4,42,0,50,2,0,2,52
05/03/2021,MHR,CA,AWP,WE,Federal Contract Tower,5,2,17,5,29,5,21,35,8,69,10,23,52,13,98,0,0,0,98
05/04/2021,MHR,CA,AWP,WE,Federal Contract Tower,14,2,36,0,52,14,38,89,4,145,28,40,125,4,197,96,0,96,293
05/05/2021,MHR,CA,AWP,WE,Federal Contract Tower,17,3,22,3,45,17,22,97,11,147,34,25,119,14,192,80,18,98,290
05/06/2021,MHR,CA,AWP,WE,Federal Contract Tower,15,2,14,7,38,15,31,71,10,127,30,33,85,17,165,54,22,76,241
05/07/2021,MHR,CA,AWP,WE,Federal Contract Tower,12,3,31,21,67,12,21,73,28,134,24,24,104,49,201,76,28,104,305
05/08/2021,MHR,CA,AWP,WE,Federal Contract Tower,4,3,7,2,16,4,71,26,3,104,8,74,33,5,120,2,6,8,128
05/09/2021,MHR,CA,AWP,WE,Federal Contract Tower,2,2,11,4,19,2,7,30,4,43,4,9,41,8,62,56,8,64,126
05/10/2021,MHR,CA,AWP,WE,Federal Contract Tower,3,1,22,3,29,3,13,42,2,60,6,14,64,5,89,16,10,26,115
05/11/2021,MHR,CA,AWP,WE,Federal Contract Tower,18,8,18,9,53,18,30,80,13,141,36,38,98,22,194,70,20,90,284
05/12/2021,MHR,CA,AWP,WE,Federal Contract Tower,18,4,39,5,66,18,34,81,14,147,36,38,120,19,213,102,58,160,373
05/13/2021,MHR,CA,AWP,WE,Federal Contract Tower,14,3,25,8,50,14,40,79,13,146,28,43,104,21,196,92,48,140,336
05/14/2021,MHR,CA,AWP,WE,Federal Contract Tower,9,9,16,5,39,9,47,55,5,116,18,56,71,10,155,54,28,82,237
05/15/2021,MHR,CA,AWP,WE,Federal Contract Tower,3,2,16,0,21,3,14,43,2,62,6,16,59,2,83,58,0,58,141
05/16/2021,MHR,CA,AWP,WE,Federal Contract Tower,0,2,14,2,18,0,6,65,1,72,0,8,79,3,90,47,0,47,137
05/17/2021,MHR,CA,AWP,WE,Federal Contract Tower,7,3,25,1,36,7,12,61,9,89,14,15,86,10,125,146,18,164,289
05/18/2021,MHR,CA,AWP,WE,Federal Contract Tower,14,1,24,5,44,14,16,74,11,115,28,17,98,16,159,48,12,60,219
05/19/2021,MHR,CA,AWP,WE,Federal Contract Tower,14,16,25,5,60,14,34,48,6,102,28,50,73,11,162,20,10,30,192
05/20/2021,MHR,CA,AWP,WE,Federal Contract Tower,13,3,32,4,52,13,29,58,17,117,26,32,90,21,169,24,20,44,213
05/21/2021,MHR,CA,AWP,WE,Federal Contract Tower,10,5,26,0,41,10,22,61,1,94,20,27,87,1,135,20,0,20,155
05/22/2021,MHR,CA,AWP,WE,Federal Contract Tower,2,6,11,0,19,2,17,70,1,90,4,23,81,1,109,126,0,126,235
05/23/2021,MHR,CA,AWP,WE,Federal Contract Tower,2,6,19,0,27,2,11,68,0,81,4,17,87,0,108,117,0,117,225
05/24/2021,MHR,CA,AWP,WE,Federal Contract Tower,4,4,20,7,35,4,15,68,14,101,8,19,88,21,136,46,28,74,210
05/25/2021,MHR,CA,AWP,WE,Federal Contract Tower,13,4,31,4,52,13,19,94,10,136,26,23,125,14,188,144,32,176,364
05/26/2021,MHR,CA,AWP,WE,Federal Contract Tower,14,4,34,14,66,14,26,93,23,156,28,30,127,37,222,166,30,196,418
05/27/2021,MHR,CA,AWP,WE,Federal Contract Tower,18,4,30,30,82,18,28,84,37,167,36,32,114,67,249,126,34,160,409
05/28/2021,MHR,CA,AWP,WE,Federal Contract Tower,9,0,28,2,39,9,21,86,2,118,18,21,114,4,157,90,0,90,247
05/29/2021,MHR,CA,AWP,WE,Federal Contract Tower,3,0,9,0,12,3,18,56,0,77,6,18,65,0,89,104,0,104,193
05/30/2021,MHR,CA,AWP,WE,Federal Contract Tower,0,2,14,0,16,0,12,60,5,77,0,14,74,5,93,124,0,124,217
05/31/2021,MHR,CA,AWP,WE,Federal Contract Tower,2,2,8,2,14,2,12,30,14,58,4,14,38,16,72,0,0,0,72
06/01/2021,MHR,CA,AWP,WE,Federal Contract Tower,8,6,29,11,54,8,29,73,13,123,16,35,102,24,177,74,0,74,251
06/02/2021,MHR,CA,AWP,WE,Federal Contract Tower,14,9,18,16,57,14,31,60,19,124,28,40,78,35,181,110,28,138,319
06/03/2021,MHR,CA,AWP,WE,Federal Contract Tower,14,0,20,8,42,14,26,75,18,133,28,26,95,26,175,132,30,162,337
06/04/2021,MHR,CA,AWP,WE,Federal Contract Tower,9,4,33,4,50,9,26,87,10,132,18,30,120,14,182,98,40,138,320
06/05/2021,MHR,CA,AWP,WE,Federal Contract Tower,2,0,7,0,9,2,23,46,0,71,4,23,53,0,80,114,0,114,194
06/06/2021,MHR,CA,AWP,WE,Federal Contract Tower,2,1,23,0,26,2,14,60,0,76,4,15,83,0,102,64,0,64,166
06/07/2021,MHR,CA,AWP,WE,Federal Contract Tower,4,5,18,5,32,4,22,60,10,96,8,27,78,15,128,56,0,56,184
06/08/2021,MHR,CA,AWP,WE,Federal Contract Tower,12,2,14,13,41,12,16,38,23,89,24,18,52,36,130,6,28,34,164
06/09/2021,MHR,CA,AWP,WE,Federal Contract Tower,15,7,34,13,69,15,26,83,15,139,30,33,117,28,208,74,18,92,300
06/10/2021,MHR,CA,AWP,WE,Federal Contract Tower,15,9,15,19,58,15,34,71,14,134,30,43,86,33,192,48,12,60,252
06/11/2021,MHR,CA,AWP,WE,Federal Contract Tower,10,1,15,2,28,10,19,60,9,98,20,20,75,11,126,78,4,82,208
06/12/2021,MHR,CA,AWP,WE,Federal Contract Tower,2,3,6,1,12,2,28,51,4,85,4,31,57,5,97,82,0,82,179
06/13/2021,MHR,CA,AWP,WE,Federal Contract Tower,2,0,11,1,14,2,10,52,2,66,4,10,63,3,80,56,0,56,136
06/14/2021,MHR,CA,AWP,WE,Federal Contract Tower,4,4,37,5,50,4,23,74,6,107,8,27,111,11,157,29,6,35,192
06/15/2021,MHR,CA,AWP,WE,Federal Contract Tower,14,2,31,17,64,14,24,58,11,107,28,26,89,28,171,58,22,80,251
06/16/2021,MHR,CA,AWP,WE,Federal Contract Tower,14,1,23,1,39,14,34,58,4,110,28,35,81,5,149,88,4,92,241
06/17/2021,MHR,CA,AWP,WE,Federal Contract Tower,14,4,16,2,36,14,28,45,5,92,28,32,61,7,128,82,0,82,210
06/18/2021,MHR,CA,AWP,WE,Federal Contract Tower,11,1,40,2,54,11,17,85,5,118,22,18,125,7,172,102,0,102,274
06/19/2021,MHR,CA,AWP,WE,Federal Contract Tower,2,9,11,2,24,2,31,43,6,82,4,40,54,8,106,16,0,16,122
06/20/2021,MHR,CA,AWP,WE,Federal Contract Tower,2,6,5,5,18,1,12,45,11,69,3,18,50,16,87,66,18,84,171
06/21/2021,MHR,CA,AWP,WE,Federal Contract Tower,4,6,22,15,47,4,23,49,0,76,8,29,71,15,123,39,6,45,168
06/22/2021,MHR,CA,AWP,WE,Federal Contract Tower,14,2,52,16,84,14,21,85,23,143,28,23,137,39,227,72,36,108,335
06/23/2021,MHR,CA,AWP,WE,Federal Contract Tower,16,4,54,9,83,16,30,111,25,182,32,34,165,34,265,18,26,44,309
06/24/2021,MHR,CA,AWP,WE,Federal Contract Tower,14,2,18,8,42,14,20,78,17,129,28,22,96,25,171,37,40,77,248
06/25/2021,MHR,CA,AWP,WE,Federal Contract Tower,9,4,39,12,64,9,34,64,20,127,18,38,103,32,191,36,48,84,275
06/26/2021,MHR,CA,AWP,WE,Federal Contract Tower,2,3,5,0,10,2,23,44,2,71,4,26,49,2,81,36,0,36,117
06/27/2021,MHR,CA,AWP,WE,Federal Contract Tower,2,1,35,2,40,2,11,80,6,99,4,12,115,8,139,38,22,60,199
06/28/2021,MHR,CA,AWP,WE,Federal Contract Tower,4,2,15,10,31,3,12,76,20,111,7,14,91,30,142,50,32,82,224
06/29/2021,MHR,CA,AWP,WE,Federal Contract Tower,13,1,21,7,42,13,23,65,14,115,26,24,86,21,157,56,12,68,225
06/30/2021,MHR,CA,AWP,WE,Federal Contract Tower,15,1,16,10,42,15,17,73,10,115,30,18,89,20,157,114,26,140,297
07/01/2021,MHR,CA,AWP,WE,Federal Contract Tower,15,1,24,14,54,15,26,76,17,134,30,27,100,31,188,88,16,104,292
07/02/2021,MHR,CA,AWP,WE,Federal Contract Tower,9,2,21,0,32,9,14,64,2,89,18,16,85,2,121,86,0,86,207
07/03/2021,MHR,CA,AWP,WE,Federal Contract Tower,2,5,10,0,17,2,19,68,0,89,4,24,78,0,106,56,0,56,162
07/04/2021,MHR,CA,AWP,WE,Federal Contract Tower,0,1,3,0,4,0,8,13,0,21,0,9,16,0,25,0,0,0,25
07/05/2021,MHR,CA,AWP,WE,Federal Contract Tower,1,4,21,2,28,1,18,72,2,93,2,22,93,4,121,56,22,78,199
07/06/2021,MHR,CA,AWP,WE,Federal Contract Tower,8,5,21,20,54,8,21,72,21,122,16,26,93,41,176,110,64,174,350
07/07/2021,MHR,CA,AWP,WE,Federal Contract Tower,13,10,39,11,73,13,29,90,13,145,26,39,129,24,218,114,36,150,368
07/08/2021,MHR,CA,AWP,WE,Federal Contract Tower,13,3,40,13,69,13,39,117,18,187,26,42,157,31,256,114,34,148,404
07/09/2021,MHR,CA,AWP,WE,Federal Contract Tower,9,0,19,3,31,9,16,78,8,111,18,16,97,11,142,78,6,84,226
07/10/2021,MHR,CA,AWP,WE,Federal Contract Tower,2,2,8,1,13,2,11,43,4,60,4,13,51,5,73,20,0,20,93
07/11/2021,MHR,CA,AWP,WE,Federal Contract Tower,2,0,19,0,21,2,4,80,3,89,4,4,99,3,110,2,6,8,118
07/12/2021,MHR,CA,AWP,WE,Federal Contract Tower,4,3,11,0,18,4,18,69,3,94,8,21,80,3,112,66,6,72,184
07/13/2021,MHR,CA,AWP,WE,Federal Contract Tower,12,3,29,9,53,12,29,60,10,111,24,32,89,19,164,88,34,122,286
07/14/2021,MHR,CA,AWP,WE,Federal Contract Tower,12,7,25,10,54,12,32,71,34,149,24,39,96,44,203,118,60,178,381
07/15/2021,MHR,CA,AWP,WE,Federal Contract Tower,11,8,27,11,57,11,35,68,21,135,22,43,95,32,192,142,46,188,380
07/16/2021,MHR,CA,AWP,WE,Federal Contract Tower,8,4,28,10,50,8,22,76,24,130,16,26,104,34,180,68,32,100,280
07/17/2021,MHR,CA,AWP,WE,Federal Contract Tower,2,0,21,1,24,2,16,59,9,86,4,16,80,10,110,72,0,72,182
07/18/2021,MHR,CA,AWP,WE,Federal Contract Tower,2,3,29,0,34,1,5,71,10,87,3,8,100,10,121,24,2,26,147
07/19/2021,MHR,CA,AWP,WE,Federal Contract Tower,4,8,19,10,41,4,28,73,33,138,8,36,92,43,179,48,16,64,243
07/20/2021,MHR,CA,AWP,WE,Federal Contract Tower,11,8,22,9,50,11,28,70,25,134,22,36,92,34,184,114,40,154,338
07/21/2021,MHR,CA,AWP,WE,Federal Contract Tower,9,14,19,14,56,9,41,61,41,152,18,55,80,55,208,62,28,90,298
07/22/2021,MHR,CA,AWP,WE,Federal Contract Tower,13,3,41,27,84,13,30,76,49,168,26,33,117,76,252,98,20,118,370
07/23/2021,MHR,CA,AWP,WE,Federal Contract Tower,10,2,16,10,38,10,23,47,25,105,20,25,63,35,143,64,32,96,239
07/24/2021,MHR,CA,AWP,WE,Federal Contract Tower,2,5,26,0,33,2,10,47,10,69,4,15,73,10,102,54,0,54,156
07/25/2021,MHR,CA,AWP,WE,Federal Contract Tower,2,2,30,3,37,2,9,62,19,92,4,11,92,22,129,56,0,56,185
07/26/2021,MHR,CA,AWP,WE,Federal Contract Tower,5,2,14,10,31,5,17,69,23,114,10,19,83,33,145,70,26,96,241
07/27/2021,MHR,CA,AWP,WE,Federal Contract Tower,12,7,17,9,45,12,23,47,21,103,24,30,64,30,148,90,14,104,252
07/28/2021,MHR,CA,AWP,WE,Federal Contract Tower,12,6,18,12,48,12,27,46,18,103,24,33,64,30,151,40,0,40,191
07/29/2021,MHR,CA,AWP,WE,Federal Contract Tower,12,6,32,12,62,12,28,85,17,142,24,34,117,29,204,86,52,138,342
07/31/2021,MHR,CA,AWP,WE,Federal Contract Tower,3,3,21,3,30,2,15,55,3,75,5,18,76,6,105,20,0,20,125
08/01/2021,MHR,CA,AWP,WE,Federal Contract Tower,4,0,23,2,29,4,8,49,3,64,8,8,72,5,93,32,0,32,125
08/02/2021,MHR,CA,AWP,WE,Federal Contract Tower,4,0,26,10,40,4,18,71,7,100,8,18,97,17,140,52,40,92,232
08/03/2021,MHR,CA,AWP,WE,Federal Contract Tower,10,1,10,16,37,10,20,61,28,119,20,21,71,44,156,106,52,158,314
08/04/2021,MHR,CA,AWP,WE,Federal Contract Tower,12,3,23,14,52,12,23,66,18,119,24,26,89,32,171,42,24,66,237
08/05/2021,MHR,CA,AWP,WE,Federal Contract Tower,12,11,31,10,64,12,31,61,28,132,24,42,92,38,196,42,68,110,306
08/06/2021,MHR,CA,AWP,WE,Federal Contract Tower,7,9,34,18,68,7,18,54,22,101,14,27,88,40,169,42,39,81,250
08/07/2021,MHR,CA,AWP,WE,Federal Contract Tower,2,4,11,16,33,2,13,23,23,61,4,17,34,39,94,18,8,26,120
08/08/2021,MHR,CA,AWP,WE,Federal Contract Tower,2,3,15,10,30,2,14,61,22,99,4,17,76,32,129,38,8,46,175
08/09/2021,MHR,CA,AWP,WE,Federal Contract Tower,6,1,26,41,74,6,30,98,53,187,12,31,124,94,261,107,68,175,436
08/10/2021,MHR,CA,AWP,WE,Federal Contract Tower,10,2,60,24,96,14,34,118,30,196,24,36,178,54,292,118,50,168,460
08/11/2021,MHR,CA,AWP,WE,Federal Contract Tower,12,3,46,14,75,12,27,104,20,163,24,30,150,34,238,132,32,164,402
08/12/2021,MHR,CA,AWP,WE,Federal Contract Tower,11,2,35,27,75,11,36,83,31,161,22,38,118,58,236,64,38,102,338
08/13/2021,MHR,CA,AWP,WE,Federal Contract Tower,8,8,22,17,55,8,23,66,26,123,16,31,88,43,178,84,44,128,306
08/14/2021,MHR,CA,AWP,WE,Federal Contract Tower,2,0,29,3,34,2,9,51,7,69,4,9,80,10,103,12,0,12,115
08/15/2021,MHR,CA,AWP,WE,Federal Contract Tower,3,6,14,1,24,3,15,55,2,75,6,21,69,3,99,34,0,34,133
08/16/2021,MHR,CA,AWP,WE,Federal Contract Tower,6,3,41,7,57,6,18,70,10,104,12,21,111,17,161,62,16,78,239
08/17/2021,MHR,CA,AWP,WE,Federal Contract Tower,18,4,29,9,60,18,37,72,11,138,36,41,101,20,198,44,20,64,262
08/18/2021,MHR,CA,AWP,WE,Federal Contract Tower,12,12,33,15,72,12,28,36,27,103,24,40,69,42,175,20,18,38,213
08/19/2021,MHR,CA,AWP,WE,Federal Contract Tower,12,4,25,10,51,12,26,65,17,120,24,30,90,27,171,110,46,156,327
08/20/2021,MHR,CA,AWP,WE,Federal Contract Tower,8,2,29,6,45,8,32,41,14,95,16,34,70,20,140,4,10,14,154
08/21/2021,MHR,CA,AWP,WE,Federal Contract Tower,2,5,13,1,21,2,12,32,14,60,4,17,45,15,81,18,8,26,107
08/22/2021,MHR,CA,AWP,WE,Federal Contract Tower,2,0,28,1,31,2,12,66,16,96,4,12,94,17,127,70,2,72,199
08/23/2021,MHR,CA,AWP,WE,Federal Contract Tower,6,3,26,0,35,6,27,65,14,112,12,30,91,14,147,106,0,106,253
08/24/2021,MHR,CA,AWP,WE,Federal Contract Tower,19,8,14,1,42,19,32,91,1,143,38,40,105,2,185,94,8,102,287
08/25/2021,MHR,CA,AWP,WE,Federal Contract Tower,12,20,24,6,62,12,50,72,17,151,24,70,96,23,213,42,46,88,301
08/26/2021,MHR,CA,AWP,WE,Federal Contract Tower,14,13,25,15,67,14,40,44,18,116,28,53,69,33,183,18,22,40,223
08/27/2021,MHR,CA,AWP,WE,Federal Contract Tower,11,9,25,3,48,11,24,57,17,109,22,33,82,20,157,70,14,84,241
08/28/2021,MHR,CA,AWP,WE,Federal Contract Tower,2,17,12,1,32,2,20,13,4,39,4,37,25,5,71,0,0,0,71
08/29/2021,MHR,CA,AWP,WE,Federal Contract Tower,2,8,40,0,50,2,12,68,6,88,4,20,108,6,138,14,0,14,152
08/30/2021,MHR,CA,AWP,WE,Federal Contract Tower,3,0,25,2,30,3,8,69,8,88,6,8,94,10,118,40,8,48,166
08/31/2021,MHR,CA,AWP,WE,Federal Contract Tower,12,4,20,7,43,12,12,79,15,118,24,16,99,22,161,0,0,0,161
09/01/2021,MHR,CA,AWP,WE,Federal Contract Tower,12,10,26,3,51,12,33,75,20,140,24,43,101,23,191,142,16,158,349
09/02/2021,MHR,CA,AWP,WE,Federal Contract Tower,12,5,15,3,35,12,37,64,20,133,24,42,79,23,168,54,50,104,272
09/03/2021,MHR,CA,AWP,WE,Federal Contract Tower,10,4,19,6,39,10,29,54,26,119,20,33,73,32,158,70,0,70,228
09/04/2021,MHR,CA,AWP,WE,Federal Contract Tower,2,3,15,1,21,2,19,28,7,56,4,22,43,8,77,4,0,4,81
09/05/2021,MHR,CA,AWP,WE,Federal Contract Tower,1,4,4,3,12,1,11,33,28,73,2,15,37,31,85,48,0,48,133
09/06/2021,MHR,CA,AWP,WE,Federal Contract Tower,1,4,19,0,24,1,10,40,14,65,2,14,59,14,89,0,0,0,89
09/07/2021,MHR,CA,AWP,WE,Federal Contract Tower,5,2,27,10,44,5,26,73,20,124,10,28,100,30,168,78,10,88,256
09/08/2021,MHR,CA,AWP,WE,Federal Contract Tower,11,11,19,24,65,11,33,52,50,146,22,44,71,74,211,64,54,118,329
09/09/2021,MHR,CA,AWP,WE,Federal Contract Tower,12,3,20,6,41,12,28,56,40,136,24,31,76,46,177,52,48,100,277
09/10/2021,MHR,CA,AWP,WE,Federal Contract Tower,12,9,23,10,54,12,38,49,23,122,24,47,72,33,176,26,42,68,244
09/11/2021,MHR,CA,AWP,WE,Federal Contract Tower,2,4,13,2,21,2,16,33,8,59,4,20,46,10,80,42,2,44,124
09/12/2021,MHR,CA,AWP,WE,Federal Contract Tower,2,0,27,3,32,2,8,62,20,92,4,8,89,23,124,40,10,50,174
09/13/2021,MHR,CA,AWP,WE,Federal Contract Tower,8,4,16,1,29,8,25,39,24,96,16,29,55,25,125,68,12,80,205
09/14/2021,MHR,CA,AWP,WE,Federal Contract Tower,12,9,28,12,61,12,27,63,22,124,24,36,91,34,185,42,26,68,253
09/15/2021,MHR,CA,AWP,WE,Federal Contract Tower,13,4,33,25,75,13,31,101,30,175,26,35,134,55,250,156,96,252,502
09/16/2021,MHR,CA,AWP,WE,Federal Contract Tower,12,9,28,17,66,12,36,70,29,147,24,45,98,46,213,74,42,116,329
09/17/2021,MHR,CA,AWP,WE,Federal Contract Tower,13,9,20,12,54,13,38,57,22,130,26,47,77,34,184,66,40,106,290
09/18/2021,MHR,CA,AWP,WE,Federal Contract Tower,2,7,17,1,27,2,19,39,4,64,4,26,56,5,91,0,2,2,93
09/19/2021,MHR,CA,AWP,WE,Federal Contract Tower,2,2,23,0,27,2,7,63,0,72,4,9,86,0,99,20,0,20,119
09/20/2021,MHR,CA,AWP,WE,Federal Contract Tower,4,5,17,6,32,4,19,47,10,80,8,24,64,16,112,0,6,6,118
09/21/2021,MHR,CA,AWP,WE,Federal Contract Tower,10,1,41,1,53,10,14,104,4,132,20,15,145,5,185,16,0,16,201
09/22/2021,MHR,CA,AWP,WE,Federal Contract Tower,11,3,21,1,36,11,15,81,14,121,22,18,102,15,157,0,0,0,157
09/23/2021,MHR,CA,AWP,WE,Federal Contract Tower,12,3,4,8,27,12,30,30,20,92,24,33,34,28,119,8,18,26,145
09/24/2021,MHR,CA,AWP,WE,Federal Contract Tower,10,3,4,4,21,10,26,43,12,91,20,29,47,16,112,10,6,16,128
09/25/2021,MHR,CA,AWP,WE,Federal Contract Tower,2,0,9,0,11,2,10,81,0,93,4,10,90,0,104,26,0,26,130
09/26/2021,MHR,CA,AWP,WE,Federal Contract Tower,2,1,5,0,8,2,15,71,2,90,4,16,76,2,98,0,0,0,98
09/27/2021,MHR,CA,AWP,WE,Federal Contract Tower,4,18,35,9,66,4,34,75,14,127,8,52,110,23,193,70,0,70,263
09/28/2021,MHR,CA,AWP,WE,Federal Contract Tower,11,11,24,7,53,11,30,50,12,103,22,41,74,19,156,6,14,20,176
09/29/2021,MHR,CA,AWP,WE,Federal Contract Tower,12,8,25,7,52,12,36,82,7,137,24,44,107,14,189,114,38,152,341
09/30/2021,MHR,CA,AWP,WE,Federal Contract Tower,12,4,24,10,50,12,32,70,15,129,24,36,94,25,179,84,46,130,309
10/01/2021,MHR,CA,AWP,WE,Federal Contract Tower,8,6,26,7,47,8,39,81,18,146,16,45,107,25,193,52,20,72,265
10/02/2021,MHR,CA,AWP,WE,Federal Contract Tower,2,6,16,1,25,2,17,38,9,66,4,23,54,10,91,16,0,16,107
10/03/2021,MHR,CA,AWP,WE,Federal Contract Tower,2,3,6,2,13,2,21,62,7,92,4,24,68,9,105,50,4,54,159
10/04/2021,MHR,CA,AWP,WE,Federal Contract Tower,5,1,22,15,43,5,26,59,16,106,10,27,81,31,149,66,18,84,233
10/05/2021,MHR,CA,AWP,WE,Federal Contract Tower,13,5,25,16,59,13,26,86,26,151,26,31,111,42,210,100,44,144,354
10/06/2021,MHR,CA,AWP,WE,Federal Contract Tower,13,4,23,19,59,13,35,43,24,115,26,39,66,43,174,48,28,76,250
10/07/2021,MHR,CA,AWP,WE,Federal Contract Tower,12,1,33,18,64,9,38,87,27,161,21,39,120,45,225,100,26,126,351
10/08/2021,MHR,CA,AWP,WE,Federal Contract Tower,7,4,22,7,40,7,36,50,11,104,14,40,72,18,144,28,28,56,200
10/10/2021,MHR,CA,AWP,WE,Federal Contract Tower,2,4,26,0,32,1,1,20,0,22,3,5,46,0,54,38,8,46,100
10/11/2021,MHR,CA,AWP,WE,Federal Contract Tower,4,0,12,0,16,4,12,16,0,32,8,12,28,0,48,0,0,0,48
10/12/2021,MHR,CA,AWP,WE,Federal Contract Tower,14,2,12,2,30,14,20,39,5,78,28,22,51,7,108,20,0,20,128
10/13/2021,MHR,CA,AWP,WE,Federal Contract Tower,16,7,24,3,50,16,27,93,12,148,32,34,117,15,198,106,8,114,312
10/14/2021,MHR,CA,AWP,WE,Federal Contract Tower,13,6,34,1,54,13,37,78,5,133,26,43,112,6,187,104,2,106,293
10/15/2021,MHR,CA,AWP,WE,Federal Contract Tower,10,6,17,9,42,9,36,86,14,145,19,42,103,23,187,84,30,114,301
10/16/2021,MHR,CA,AWP,WE,Federal Contract Tower,3,0,12,0,15,3,16,50,3,72,6,16,62,3,87,26,0,26,113
10/17/2021,MHR,CA,AWP,WE,Federal Contract Tower,2,6,23,2,33,2,17,48,5,72,4,23,71,7,105,16,2,18,123
10/18/2021,MHR,CA,AWP,WE,Federal Contract Tower,4,2,23,11,40,4,19,63,15,101,8,21,86,26,141,116,20,136,277
10/19/2021,MHR,CA,AWP,WE,Federal Contract Tower,11,4,24,8,47,11,21,59,12,103,22,25,83,20,150,64,36,100,250
10/20/2021,MHR,CA,AWP,WE,Federal Contract Tower,12,19,46,5,82,12,27,86,12,137,24,46,132,17,219,116,62,178,397
10/21/2021,MHR,CA,AWP,WE,Federal Contract Tower,12,25,21,4,62,12,59,27,11,109,24,84,48,15,171,24,10,34,205
10/23/2021,MHR,CA,AWP,WE,Federal Contract Tower,2,1,10,4,17,2,8,26,6,42,4,9,36,10,59,12,0,12,71
10/24/2021,MHR,CA,AWP,WE,Federal Contract Tower,2,1,9,0,12,2,1,9,0,12,4,2,18,0,24,0,0,0,24
10/25/2021,MHR,CA,AWP,WE,Federal Contract Tower,5,9,19,0,33,5,18,59,28,110,10,27,78,28,143,52,56,108,251
10/26/2021,MHR,CA,AWP,WE,Federal Contract Tower,12,3,19,7,41,12,21,37,9,79,24,24,56,16,120,48,24,72,192
10/27/2021,MHR,CA,AWP,WE,Federal Contract Tower,12,7,25,10,54,12,37,68,11,128,24,44,93,21,182,88,50,138,320
10/28/2021,MHR,CA,AWP,WE,Federal Contract Tower,12,8,23,12,55,12,33,47,25,117,24,41,70,37,172,24,32,56,228
10/29/2021,MHR,CA,AWP,WE,Federal Contract Tower,8,9,26,20,63,8,27,81,23,139,16,36,107,43,202,42,32,74,276
10/30/2021,MHR,CA,AWP,WE,Federal Contract Tower,2,7,28,0,37,2,17,43,0,62,4,24,71,0,99,20,0,20,119
10/31/2021,MHR,CA,AWP,WE,Federal Contract Tower,2,7,15,0,24,2,13,42,0,57,4,20,57,0,81,32,0,32,113
11/01/2021,MHR,CA,AWP,WE,Federal Contract Tower,3,8,39,19,69,3,9,55,19,86,6,17,94,38,155,8,54,62,217
11/02/2021,MHR,CA,AWP,WE,Federal Contract Tower,12,3,33,0,48,12,29,58,16,115,24,32,91,16,163,28,28,56,219
11/03/2021,MHR,CA,AWP,WE,Federal Contract Tower,13,11,17,4,45,13,25,53,9,100,26,36,70,13,145,44,18,62,207
11/04/2021,MHR,CA,AWP,WE,Federal Contract Tower,12,8,34,2,56,12,26,54,3,95,24,34,88,5,151,84,16,100,251
11/05/2021,MHR,CA,AWP,WE,Federal Contract Tower,9,4,19,19,51,9,30,76,32,147,18,34,95,51,198,36,34,70,268
11/06/2021,MHR,CA,AWP,WE,Federal Contract Tower,2,7,24,1,34,2,12,39,5,58,4,19,63,6,92,6,0,6,98
11/07/2021,MHR,CA,AWP,WE,Federal Contract Tower,2,2,19,1,24,2,6,51,2,61,4,8,70,3,85,18,0,18,103
11/08/2021,MHR,CA,AWP,WE,Federal Contract Tower,4,3,16,0,23,4,14,37,4,59,8,17,53,4,82,8,0,8,90
11/09/2021,MHR,CA,AWP,WE,Federal Contract Tower,14,15,17,0,46,14,26,26,3,69,28,41,43,3,115,24,0,24,139
11/10/2021,MHR,CA,AWP,WE,Federal Contract Tower,15,17,34,4,70,15,39,45,7,106,30,56,79,11,176,28,0,28,204
11/11/2021,MHR,CA,AWP,WE,Federal Contract Tower,13,7,15,2,37,13,19,32,2,66,26,26,47,4,103,30,0,30,133
11/12/2021,MHR,CA,AWP,WE,Federal Contract Tower,9,11,44,0,64,9,26,81,0,116,18,37,125,0,180,68,0,68,248
11/13/2021,MHR,CA,AWP,WE,Federal Contract Tower,3,5,25,0,33,3,5,27,0,35,6,10,52,0,68,0,0,0,68
11/14/2021,MHR,CA,AWP,WE,Federal Contract Tower,2,6,13,0,21,2,8,14,0,24,4,14,27,0,45,0,0,0,45
11/15/2021,MHR,CA,AWP,WE,Federal Contract Tower,4,16,19,0,39,4,16,22,0,42,8,32,41,0,81,0,0,0,81
11/16/2021,MHR,CA,AWP,WE,Federal Contract Tower,9,14,23,2,48,9,21,50,10,90,18,35,73,12,138,38,54,92,230
11/17/2021,MHR,CA,AWP,WE,Federal Contract Tower,12,18,33,6,69,12,30,44,9,95,24,48,77,15,164,52,16,68,232
11/18/2021,MHR,CA,AWP,WE,Federal Contract Tower,12,7,20,16,55,12,33,65,19,129,24,40,85,35,184,58,44,102,286
11/19/2021,MHR,CA,AWP,WE,Federal Contract Tower,9,8,36,9,62,9,22,44,9,84,18,30,80,18,146,34,2,36,182
11/20/2021,MHR,CA,AWP,WE,Federal Contract Tower,1,6,23,0,30,1,16,41,0,58,2,22,64,0,88,24,0,24,112
11/21/2021,MHR,CA,AWP,WE,Federal Contract Tower,3,2,13,2,20,3,7,40,2,52,6,9,53,4,72,40,0,40,112
11/22/2021,MHR,CA,AWP,WE,Federal Contract Tower,6,8,13,10,37,6,22,65,11,104,12,30,78,21,141,102,34,136,277
11/23/2021,MHR,CA,AWP,WE,Federal Contract Tower,25,4,25,3,57,25,16,75,8,124,50,20,100,11,181,78,16,94,275
11/24/2021,MHR,CA,AWP,WE,Federal Contract Tower,22,6,20,1,49,22,27,81,2,132,44,33,101,3,181,80,2,82,263
11/25/2021,MHR,CA,AWP,WE,Federal Contract Tower,5,1,2,0,8,5,6,11,0,22,10,7,13,0,30,10,0,10,40
11/26/2021,MHR,CA,AWP,WE,Federal Contract Tower,11,9,13,5,38,11,38,29,9,87,22,47,42,14,125,8,8,16,141
11/27/2021,MHR,CA,AWP,WE,Federal Contract Tower,2,4,26,7,39,2,12,48,1,63,4,16,74,8,102,4,0,4,106
11/28/2021,MHR,CA,AWP,WE,Federal Contract Tower,4,7,29,0,40,3,8,67,4,82,7,15,96,4,122,15,4,19,141
11/29/2021,MHR,CA,AWP,WE,Federal Contract Tower,5,10,30,19,64,5,27,79,21,132,10,37,109,40,196,58,70,128,324
11/30/2021,MHR,CA,AWP,WE,Federal Contract Tower,22,7,42,11,82,22,32,83,12,149,44,39,125,23,231,88,32,120,351
12/01/2021,MHR,CA,AWP,WE,Federal Contract Tower,26,8,29,11,74,26,38,62,13,139,52,46,91,24,213,122,24,146,359
12/02/2021,MHR,CA,AWP,WE,Federal Contract Tower,27,10,47,4,88,27,42,83,14,166,54,52,130,18,254,98,54,152,406
12/04/2021,MHR,CA,AWP,WE,Federal Contract Tower,5,15,38,0,58,5,15,38,0,58,10,30,76,0,116,0,0,0,116
12/05/2021,MHR,CA,AWP,WE,Federal Contract Tower,4,17,17,1,39,4,9,25,2,40,8,26,42,3,79,0,0,0,79
12/06/2021,MHR,CA,AWP,WE,Federal Contract Tower,6,23,27,12,68,7,26,30,14,77,13,49,57,26,145,0,0,0,145
12/07/2021,MHR,CA,AWP,WE,Federal Contract Tower,24,24,28,12,88,24,24,30,12,90,48,48,58,24,178,0,0,0,178
12/08/2021,MHR,CA,AWP,WE,Federal Contract Tower,24,24,25,4,77,24,27,27,14,92,48,51,52,18,169,4,12,16,185
12/09/2021,MHR,CA,AWP,WE,Federal Contract Tower,24,12,41,5,82,24,29,70,6,129,48,41,111,11,211,82,20,102,313
12/10/2021,MHR,CA,AWP,WE,Federal Contract Tower,17,8,36,2,63,17,28,82,8,135,34,36,118,10,198,48,8,56,254
12/11/2021,MHR,CA,AWP,WE,Federal Contract Tower,2,4,27,0,33,2,13,81,0,96,4,17,108,0,129,58,2,60,189
12/12/2021,MHR,CA,AWP,WE,Federal Contract Tower,5,7,9,0,21,5,16,14,0,35,10,23,23,0,56,0,0,0,56
12/13/2021,MHR,CA,AWP,WE,Federal Contract Tower,5,0,8,0,13,5,0,8,0,13,10,0,16,0,26,0,0,0,26
12/15/2021,MHR,CA,AWP,WE,Federal Contract Tower,29,8,18,7,62,29,15,27,8,79,58,23,45,15,141,10,4,14,155
12/16/2021,MHR,CA,AWP,WE,Federal Contract Tower,23,24,26,10,83,23,47,48,15,133,46,71,74,25,216,98,20,118,334
12/17/2021,MHR,CA,AWP,WE,Federal Contract Tower,28,13,25,3,69,28,28,33,3,92,56,41,58,6,161,2,0,2,163
12/18/2021,MHR,CA,AWP,WE,Federal Contract Tower,25,9,27,0,61,25,9,30,0,64,50,18,57,0,125,2,0,2,127
12/19/2021,MHR,CA,AWP,WE,Federal Contract Tower,19,9,23,0,51,20,9,27,0,56,39,18,50,0,107,58,0,58,165
12/20/2021,MHR,CA,AWP,WE,Federal Contract Tower,18,16,23,0,57,18,21,31,1,71,36,37,54,1,128,2,8,10,138
12/21/2021,MHR,CA,AWP,WE,Federal Contract Tower,24,16,22,12,74,24,17,31,12,84,48,33,53,24,158,66,30,96,254
12/22/2021,MHR,CA,AWP,WE,Federal Contract Tower,28,17,22,5,72,28,19,22,2,71,56,36,44,7,143,22,0,22,165
12/23/2021,MHR,CA,AWP,WE,Federal Contract Tower,28,21,14,0,63,28,33,16,0,77,56,54,30,0,140,8,0,8,148
12/24/2021,MHR,CA,AWP,WE,Federal Contract Tower,14,20,6,2,42,14,37,7,2,60,28,57,13,4,102,2,0,2,104
12/25/2021,MHR,CA,AWP,WE,Federal Contract Tower,0,5,0,0,5,0,5,0,0,5,0,10,0,0,10,0,0,0,10
12/26/2021,MHR,CA,AWP,WE,Federal Contract Tower,2,3,15,0,20,2,11,17,0,30,4,14,32,0,50,8,0,8,58
12/27/2021,MHR,CA,AWP,WE,Federal Contract Tower,7,15,30,0,52,7,20,38,6,71,14,35,68,6,123,14,12,26,149
12/28/2021,MHR,CA,AWP,WE,Federal Contract Tower,20,16,24,5,65,20,27,41,5,93,40,43,65,10,158,36,10,46,204
12/29/2021,MHR,CA,AWP,WE,Federal Contract Tower,25,17,9,1,52,25,17,9,3,54,50,34,18,4,106,0,6,6,112
12/30/2021,MHR,CA,AWP,WE,Federal Contract Tower,19,10,18,4,51,19,41,46,4,110,38,51,64,8,161,92,26,118,279
12/31/2021,MHR,CA,AWP,WE,Federal Contract Tower,12,15,10,0,37,12,24,19,0,55,24,39,29,0,92,14,0,14,106
01/01/2022,MHR,CA,AWP,WE,Federal Contract Tower,0,0,8,0,8,0,8,26,0,34,0,8,34,0,42,32,0,32,74
01/02/2022,MHR,CA,AWP,WE,Federal Contract Tower,2,5,28,0,35,2,18,57,0,77,4,23,85,0,112,96,0,96,208
01/03/2022,MHR,CA,AWP,WE,Federal Contract Tower,4,7,9,3,23,4,22,24,3,53,8,29,33,6,76,48,0,48,124
01/04/2022,MHR,CA,AWP,WE,Federal Contract Tower,13,17,9,2,41,13,21,25,0,59,26,38,34,2,100,48,28,76,176
01/05/2022,MHR,CA,AWP,WE,Federal Contract Tower,26,26,17,18,87,26,30,25,18,99,52,56,42,36,186,2,12,14,200
01/06/2022,MHR,CA,AWP,WE,Federal Contract Tower,13,21,23,1,58,13,22,19,0,54,26,43,42,1,112,0,0,0,112
01/07/2022,MHR,CA,AWP,WE,Federal Contract Tower,9,21,22,10,62,9,25,25,10,69,18,46,47,20,131,0,0,0,131
01/08/2022,MHR,CA,AWP,WE,Federal Contract Tower,2,1,17,0,20,0,8,41,8,57,2,9,58,8,77,20,0,20,97
01/09/2022,MHR,CA,AWP,WE,Federal Contract Tower,2,1,18,2,23,0,12,35,1,48,2,13,53,3,71,80,0,80,151
01/10/2022,MHR,CA,AWP,WE,Federal Contract Tower,5,18,25,13,61,5,33,48,7,93,10,51,73,20,154,90,8,98,252
01/11/2022,MHR,CA,AWP,WE,Federal Contract Tower,12,8,12,32,64,12,42,31,11,96,24,50,43,43,160,124,50,174,334
01/12/2022,MHR,CA,AWP,WE,Federal Contract Tower,10,19,15,13,57,8,40,38,14,100,18,59,53,27,157,108,56,164,321
01/13/2022,MHR,CA,AWP,WE,Federal Contract Tower,14,7,21,5,47,0,30,59,10,99,14,37,80,15,146,116,26,142,288
01/14/2022,MHR,CA,AWP,WE,Federal Contract Tower,8,2,26,6,42,6,21,37,3,67,14,23,63,9,109,34,14,48,157
01/15/2022,MHR,CA,AWP,WE,Federal Contract Tower,2,8,7,0,17,0,1,8,0,9,2,9,15,0,26,0,0,0,26
01/16/2022,MHR,CA,AWP,WE,Federal Contract Tower,2,6,22,0,30,0,9,23,0,32,2,15,45,0,62,88,0,88,150
01/17/2022,MHR,CA,AWP,WE,Federal Contract Tower,4,2,20,0,26,0,35,55,0,90,4,37,75,0,116,86,0,86,202
01/18/2022,MHR,CA,AWP,WE,Federal Contract Tower,11,7,11,2,31,0,22,39,1,62,11,29,50,3,93,122,0,122,215
01/19/2022,MHR,CA,AWP,WE,Federal Contract Tower,13,14,20,11,58,0,41,44,11,96,13,55,64,22,154,120,38,158,312
01/20/2022,MHR,CA,AWP,WE,Federal Contract Tower,14,12,44,11,81,0,29,61,21,111,14,41,105,32,192,110,100,210,402
01/21/2022,MHR,CA,AWP,WE,Federal Contract Tower,8,3,17,6,34,0,16,13,9,38,8,19,30,15,72,10,4,14,86
01/22/2022,MHR,CA,AWP,WE,Federal Contract Tower,4,1,3,7,15,0,5,23,1,29,4,6,26,8,44,6,6,12,56
01/23/2022,MHR,CA,AWP,WE,Federal Contract Tower,1,8,28,6,43,0,10,48,15,73,1,18,76,21,116,86,30,116,232
01/24/2022,MHR,CA,AWP,WE,Federal Contract Tower,23,9,14,0,46,0,28,49,4,81,23,37,63,4,127,144,30,174,301
01/25/2022,MHR,CA,AWP,WE,Federal Contract Tower,27,7,34,13,81,1,23,44,4,72,28,30,78,17,153,66,24,90,243
01/26/2022,MHR,CA,AWP,WE,Federal Contract Tower,18,9,24,9,60,0,21,56,4,81,18,30,80,13,141,54,12,66,207
01/27/2022,MHR,CA,AWP,WE,Federal Contract Tower,19,7,16,10,52,0,37,52,9,98,19,44,68,19,150,90,42,132,282
01/28/2022,MHR,CA,AWP,WE,Federal Contract Tower,9,3,28,25,65,0,22,51,4,77,9,25,79,29,142,108,48,156,298
01/29/2022,MHR,CA,AWP,WE,Federal Contract Tower,2,5,37,2,46,0,15,36,0,51,2,20,73,2,97,62,0,62,159
01/30/2022,MHR,CA,AWP,WE,Federal Contract Tower,2,7,38,0,47,0,4,20,0,24,2,11,58,0,71,54,0,54,125
01/31/2022,MHR,CA,AWP,WE,Federal Contract Tower,3,11,39,15,68,0,33,51,6,90,3,44,90,21,158,104,46,150,308
02/01/2022,MHR,CA,AWP,WE,Federal Contract Tower,11,3,15,0,29,0,20,16,11,47,11,23,31,11,76,4,0,4,80
02/02/2022,MHR,CA,AWP,WE,Federal Contract Tower,11,9,15,1,36,0,21,16,2,39,11,30,31,3,75,6,0,6,81
02/03/2022,MHR,CA,AWP,WE,Federal Contract Tower,7,7,32,14,60,0,10,38,7,55,7,17,70,21,115,84,42,126,241
02/04/2022,MHR,CA,AWP,WE,Federal Contract Tower,5,4,39,3,51,0,14,40,5,59,5,18,79,8,110,64,22,86,196
02/05/2022,MHR,CA,AWP,WE,Federal Contract Tower,2,3,20,0,25,0,3,38,12,53,2,6,58,12,78,76,2,78,156
02/06/2022,MHR,CA,AWP,WE,Federal Contract Tower,2,1,22,0,25,0,11,32,0,43,2,12,54,0,68,56,0,56,124
02/07/2022,MHR,CA,AWP,WE,Federal Contract Tower,10,12,21,19,62,0,29,39,8,76,10,41,60,27,138,64,34,98,236
02/08/2022,MHR,CA,AWP,WE,Federal Contract Tower,13,12,21,19,65,0,33,44,9,86,13,45,65,28,151,64,34,98,249
02/09/2022,MHR,CA,AWP,WE,Federal Contract Tower,11,6,35,8,60,0,20,44,5,69,11,26,79,13,129,72,26,98,227
02/10/2022,MHR,CA,AWP,WE,Federal Contract Tower,13,5,17,17,52,0,26,41,10,77,13,31,58,27,129,58,40,98,227
02/11/2022,MHR,CA,AWP,WE,Federal Contract Tower,9,1,30,7,47,0,21,58,4,83,9,22,88,11,130,44,36,80,210
02/12/2022,MHR,CA,AWP,WE,Federal Contract Tower,4,5,19,2,30,0,11,28,3,42,4,16,47,5,72,46,22,68,140
02/13/2022,MHR,CA,AWP,WE,Federal Contract Tower,2,1,10,2,15,0,7,24,2,33,2,8,34,4,48,26,2,28,76
02/14/2022,MHR,CA,AWP,WE,Federal Contract Tower,4,1,19,1,25,0,10,43,4,57,4,11,62,5,82,48,30,78,160
02/15/2022,MHR,CA,AWP,WE,Federal Contract Tower,11,7,17,1,36,0,15,14,7,36,11,22,31,8,72,2,10,12,84
02/16/2022,MHR,CA,AWP,WE,Federal Contract Tower,13,14,17,5,49,0,26,35,13,74,13,40,52,18,123,56,44,100,223
02/17/2022,MHR,CA,AWP,WE,Federal Contract Tower,11,11,21,8,51,0,13,74,6,93,11,24,95,14,144,102,20,122,266
02/18/2022,MHR,CA,AWP,WE,Federal Contract Tower,11,8,34,15,68,0,16,94,6,116,11,24,128,21,184,78,56,134,318
02/19/2022,MHR,CA,AWP,WE,Federal Contract Tower,2,6,21,2,31,0,6,33,0,39,2,12,54,2,70,36,0,36,106
02/20/2022,MHR,CA,AWP,WE,Federal Contract Tower,1,1,26,1,29,0,9,17,0,26,1,10,43,1,55,50,0,50,105
02/21/2022,MHR,CA,AWP,WE,Federal Contract Tower,4,3,16,1,24,0,7,16,0,23,4,10,32,1,47,14,0,14,61
02/22/2022,MHR,CA,AWP,WE,Federal Contract Tower,11,5,19,4,39,0,14,19,0,33,11,19,38,4,72,40,14,54,126
02/23/2022,MHR,CA,AWP,WE,Federal Contract Tower,12,5,15,12,44,0,30,30,4,64,12,35,45,16,108,112,38,150,258
02/24/2022,MHR,CA,AWP,WE,Federal Contract Tower,11,4,19,8,42,0,10,64,7,81,11,14,83,15,123,138,26,164,287
02/25/2022,MHR,CA,AWP,WE,Federal Contract Tower,10,1,33,14,58,0,20,66,5,91,10,21,99,19,149,88,33,121,270
02/26/2022,MHR,CA,AWP,WE,Federal Contract Tower,1,4,14,1,20,0,13,18,0,31,1,17,32,1,51,94,0,94,145
02/27/2022,MHR,CA,AWP,WE,Federal Contract Tower,2,1,15,0,18,0,3,38,1,42,2,4,53,1,60,78,0,78,138
02/28/2022,MHR,CA,AWP,WE,Federal Contract Tower,4,4,24,10,42,0,9,63,0,72,4,13,87,10,114,104,0,104,218
03/01/2022,MHR,CA,AWP,WE,Federal Contract Tower,12,5,22,10,49,0,9,54,7,70,12,14,76,17,119,160,36,196,315
03/02/2022,MHR,CA,AWP,WE,Federal Contract Tower,12,9,23,6,50,0,20,46,9,75,12,29,69,15,125,122,44,166,291
03/03/2022,MHR,CA,AWP,WE,Federal Contract Tower,11,9,26,21,67,0,18,27,4,49,11,27,53,25,116,74,92,166,282
03/04/2022,MHR,CA,AWP,WE,Federal Contract Tower,9,5,23,12,49,0,15,39,3,57,9,20,62,15,106,70,50,120,226
03/05/2022,MHR,CA,AWP,WE,Federal Contract Tower,2,3,8,2,15,0,7,25,1,33,2,10,33,3,48,14,0,14,62
03/06/2022,MHR,CA,AWP,WE,Federal Contract Tower,3,5,12,3,23,0,6,40,0,46,3,11,52,3,69,44,0,44,113
03/07/2022,MHR,CA,AWP,WE,Federal Contract Tower,6,2,11,0,19,0,9,18,1,28,6,11,29,1,47,12,2,14,61
03/08/2022,MHR,CA,AWP,WE,Federal Contract Tower,14,2,32,8,56,0,9,52,4,65,14,11,84,12,121,183,29,212,333
03/09/2022,MHR,CA,AWP,WE,Federal Contract Tower,13,9,16,6,44,0,15,46,8,69,13,24,62,14,113,106,0,106,219
03/10/2022,MHR,CA,AWP,WE,Federal Contract Tower,13,8,15,6,42,0,17,15,3,35,13,25,30,9,77,0,2,2,79
03/11/2022,MHR,CA,AWP,WE,Federal Contract Tower,9,8,26,7,50,0,18,67,3,88,9,26,93,10,138,132,12,144,282
03/12/2022,MHR,CA,AWP,WE,Federal Contract Tower,2,0,31,6,39,0,12,29,0,41,2,12,60,6,80,34,0,34,114
03/13/2022,MHR,CA,AWP,WE,Federal Contract Tower,2,11,20,2,35,0,2,31,3,36,2,13,51,5,71,28,0,28,99
03/14/2022,MHR,CA,AWP,WE,Federal Contract Tower,4,7,17,5,33,0,7,56,5,68,4,14,73,10,101,184,58,242,343
03/15/2022,MHR,CA,AWP,WE,Federal Contract Tower,14,15,23,12,64,1,5,6,2,14,15,20,29,14,78,80,38,118,196
03/16/2022,MHR,CA,AWP,WE,Federal Contract Tower,12,14,25,3,54,0,24,61,6,91,12,38,86,9,145,138,30,168,313
03/17/2022,MHR,CA,AWP,WE,Federal Contract Tower,13,12,34,12,71,0,12,68,4,84,13,24,102,16,155,116,46,162,317
03/18/2022,MHR,CA,AWP,WE,Federal Contract Tower,12,1,27,9,49,0,16,59,5,80,12,17,86,14,129,130,32,162,291
03/19/2022,MHR,CA,AWP,WE,Federal Contract Tower,2,1,24,0,27,0,10,5,1,16,2,11,29,1,43,4,0,4,47
03/20/2022,MHR,CA,AWP,WE,Federal Contract Tower,1,1,24,5,31,0,4,9,9,22,1,5,33,14,53,8,4,12,65
03/21/2022,MHR,CA,AWP,WE,Federal Contract Tower,5,3,12,11,31,0,7,39,3,49,5,10,51,14,80,84,28,112,192
03/22/2022,MHR,CA,AWP,WE,Federal Contract Tower,12,4,14,1,31,0,33,54,1,88,12,37,68,2,119,130,0,130,249
03/23/2022,MHR,CA,AWP,WE,Federal Contract Tower,12,11,37,7,67,0,11,56,3,70,12,22,93,10,137,182,22,204,341
03/24/2022,MHR,CA,AWP,WE,Federal Contract Tower,12,2,19,1,34,0,17,52,3,72,12,19,71,4,106,150,24,174,280
03/25/2022,MHR,CA,AWP,WE,Federal Contract Tower,9,3,27,7,46,0,13,87,3,103,9,16,114,10,149,108,20,128,277
03/26/2022,MHR,CA,AWP,WE,Federal Contract Tower,2,0,17,1,20,0,8,20,0,28,2,8,37,1,48,30,0,30,78
03/27/2022,MHR,CA,AWP,WE,Federal Contract Tower,2,2,27,0,31,0,0,20,0,20,2,2,47,0,51,26,0,26,77
03/28/2022,MHR,CA,AWP,WE,Federal Contract Tower,4,1,17,13,35,0,12,20,2,34,4,13,37,15,69,12,0,12,81
03/29/2022,MHR,CA,AWP,WE,Federal Contract Tower,12,4,14,3,33,0,2,35,6,43,12,6,49,9,76,100,18,118,194
03/30/2022,MHR,CA,AWP,WE,Federal Contract Tower,11,7,25,10,53,0,15,24,10,49,11,22,49,20,102,66,18,84,186
03/31/2022,MHR,CA,AWP,WE,Federal Contract Tower,12,15,15,2,44,0,21,55,4,80,12,36,70,6,124,150,14,164,288
04/01/2022,MHR,CA,AWP,WE,Federal Contract Tower,9,4,32,0,45,0,25,46,2,73,9,29,78,2,118,130,18,148,266
04/02/2022,MHR,CA,AWP,WE,Federal Contract Tower,2,0,21,0,23,0,3,29,2,34,2,3,50,2,57,18,18,36,93
04/03/2022,MHR,CA,AWP,WE,Federal Contract Tower,1,0,21,0,22,0,0,24,0,24,1,0,45,0,46,22,0,22,68
04/04/2022,MHR,CA,AWP,WE,Federal Contract Tower,4,1,22,4,31,0,17,60,6,83,4,18,82,10,114,108,22,130,244
04/05/2022,MHR,CA,AWP,WE,Federal Contract Tower,13,2,21,9,45,0,8,32,6,46,13,10,53,15,91,57,36,93,184
04/06/2022,MHR,CA,AWP,WE,Federal Contract Tower,12,2,62,4,80,0,19,52,14,85,12,21,114,18,165,112,14,126,291
04/07/2022,MHR,CA,AWP,WE,Federal Contract Tower,12,10,44,30,96,0,19,49,3,71,12,29,93,33,167,90,42,132,299
04/08/2022,MHR,CA,AWP,WE,Federal Contract Tower,8,2,32,7,49,0,18,60,3,81,8,20,92,10,130,168,0,168,298
04/09/2022,MHR,CA,AWP,WE,Federal Contract Tower,2,0,16,0,18,0,9,7,3,19,2,9,23,3,37,8,0,8,45
04/10/2022,MHR,CA,AWP,WE,Federal Contract Tower,2,3,13,0,18,0,3,22,0,25,2,6,35,0,43,8,0,8,51
04/11/2022,MHR,CA,AWP,WE,Federal Contract Tower,4,0,34,0,38,0,5,6,0,11,4,5,40,0,49,0,0,0,49
04/12/2022,MHR,CA,AWP,WE,Federal Contract Tower,10,0,30,9,49,0,11,51,0,62,10,11,81,9,111,102,26,128,239
04/13/2022,MHR,CA,AWP,WE,Federal Contract Tower,13,7,34,5,59,0,23,53,2,78,13,30,87,7,137,109,30,139,276
04/14/2022,MHR,CA,AWP,WE,Federal Contract Tower,9,13,11,1,34,0,1,15,4,20,9,14,26,5,54,0,10,10,64
04/15/2022,MHR,CA,AWP,WE,Federal Contract Tower,8,1,40,6,55,0,13,53,3,69,8,14,93,9,124,50,10,60,184
04/16/2022,MHR,CA,AWP,WE,Federal Contract Tower,2,5,10,0,17,0,3,9,0,12,2,8,19,0,29,0,0,0,29
04/17/2022,MHR,CA,AWP,WE,Federal Contract Tower,2,0,20,0,22,0,2,27,0,29,2,2,47,0,51,0,0,0,51
04/18/2022,MHR,CA,AWP,WE,Federal Contract Tower,5,4,21,6,36,0,3,37,1,41,5,7,58,7,77,126,10,136,213
04/19/2022,MHR,CA,AWP,WE,Federal Contract Tower,12,7,22,1,42,0,7,33,4,44,12,14,55,5,86,22,0,22,108
04/20/2022,MHR,CA,AWP,WE,Federal Contract Tower,13,12,31,8,64,0,18,45,5,68,13,30,76,13,132,34,32,66,198
04/21/2022,MHR,CA,AWP,WE,Federal Contract Tower,12,8,19,0,39,0,5,4,0,9,12,13,23,0,48,0,0,0,48
04/22/2022,MHR,CA,AWP,WE,Federal Contract Tower,6,5,28,3,42,0,20,53,8,81,6,25,81,11,123,84,2,86,209
04/23/2022,MHR,CA,AWP,WE,Federal Contract Tower,2,4,43,1,50,0,20,31,8,59,2,24,74,9,109,8,0,8,117
04/24/2022,MHR,CA,AWP,WE,Federal Contract Tower,2,3,23,1,29,0,2,24,7,33,2,5,47,8,62,12,4,16,78
04/25/2022,MHR,CA,AWP,WE,Federal Contract Tower,4,1,27,5,37,0,8,55,4,67,4,9,82,9,104,110,0,110,214
04/26/2022,MHR,CA,AWP,WE,Federal Contract Tower,14,2,34,13,63,1,11,50,7,69,15,13,84,20,132,111,36,147,279
04/27/2022,MHR,CA,AWP,WE,Federal Contract Tower,16,8,33,7,64,0,16,49,20,85,16,24,82,27,149,100,36,136,285
04/28/2022,MHR,CA,AWP,WE,Federal Contract Tower,13,12,29,9,63,0,18,74,10,102,13,30,103,19,165,144,26,170,335
04/29/2022,MHR,CA,AWP,WE,Federal Contract Tower,8,8,30,8,54,0,27,39,5,71,8,35,69,13,125,52,2,54,179
04/30/2022,MHR,CA,AWP,WE,Federal Contract Tower,2,2,23,6,33,0,17,36,0,53,2,19,59,6,86,56,10,66,152
05/01/2022,MHR,CA,AWP,WE,Federal Contract Tower,2,2,22,2,28,0,0,14,0,14,2,2,36,2,42,2,0,2,44
05/02/2022,MHR,CA,AWP,WE,Federal Contract Tower,3,7,16,4,30,0,0,2,0,2,3,7,18,4,32,60,6,66,98
05/03/2022,MHR,CA,AWP,WE,Federal Contract Tower,11,1,19,3,34,0,17,23,3,43,11,18,42,6,77,24,0,24,101
05/04/2022,MHR,CA,AWP,WE,Federal Contract Tower,10,6,26,3,45,0,18,52,2,72,10,24,78,5,117,120,18,138,255
05/05/2022,MHR,CA,AWP,WE,Federal Contract Tower,14,7,18,9,48,0,22,51,10,83,14,29,69,19,131,92,26,118,249
05/06/2022,MHR,CA,AWP,WE,Federal Contract Tower,11,6,35,6,58,0,26,62,7,95,11,32,97,13,153,76,4,80,233
05/07/2022,MHR,CA,AWP,WE,Federal Contract Tower,3,0,25,0,28,0,12,29,2,43,3,12,54,2,71,20,0,20,91
05/08/2022,MHR,CA,AWP,WE,Federal Contract Tower,2,4,11,0,17,0,4,6,0,10,2,8,17,0,27,10,0,10,37
05/09/2022,MHR,CA,AWP,WE,Federal Contract Tower,4,8,37,7,56,0,7,31,10,48,4,15,68,17,104,96,46,142,246
05/10/2022,MHR,CA,AWP,WE,Federal Contract Tower,11,12,13,2,38,0,5,31,3,39,11,17,44,5,77,26,4,30,107
05/11/2022,MHR,CA,AWP,WE,Federal Contract Tower,12,16,17,3,48,0,21,65,6,92,12,37,82,9,140,68,10,78,218
05/12/2022,MHR,CA,AWP,WE,Federal Contract Tower,12,9,39,2,62,0,33,41,8,82,12,42,80,10,144,84,2,86,230
05/13/2022,MHR,CA,AWP,WE,Federal Contract Tower,10,10,16,0,36,0,26,48,4,78,10,36,64,4,114,72,4,76,190
05/14/2022,MHR,CA,AWP,WE,Federal Contract Tower,2,1,12,4,19,0,11,33,6,50,2,12,45,10,69,4,0,4,73
05/15/2022,MHR,CA,AWP,WE,Federal Contract Tower,2,5,22,2,31,0,15,26,0,41,2,20,48,2,72,2,0,2,74
05/16/2022,MHR,CA,AWP,WE,Federal Contract Tower,3,10,21,0,34,0,15,60,1,76,3,25,81,1,110,148,12,160,270
05/17/2022,MHR,CA,AWP,WE,Federal Contract Tower,12,7,42,7,68,0,8,66,0,74,12,15,108,7,142,112,10,122,264
05/18/2022,MHR,CA,AWP,WE,Federal Contract Tower,14,21,25,11,71,0,20,37,13,70,14,41,62,24,141,74,26,100,241
05/19/2022,MHR,CA,AWP,WE,Federal Contract Tower,13,15,14,4,46,0,30,28,10,68,13,45,42,14,114,26,24,50,164
05/20/2022,MHR,CA,AWP,WE,Federal Contract Tower,9,9,5,5,28,0,8,19,3,30,9,17,24,8,58,0,4,4,62
05/21/2022,MHR,CA,AWP,WE,Federal Contract Tower,2,2,23,0,27,0,10,69,6,85,2,12,92,6,112,12,14,26,138
05/22/2022,MHR,CA,AWP,WE,Federal Contract Tower,2,4,17,0,23,0,7,23,1,31,2,11,40,1,54,22,2,24,78
05/23/2022,MHR,CA,AWP,WE,Federal Contract Tower,1,10,24,1,36,0,6,41,3,50,1,16,65,4,86,100,22,122,208
05/24/2022,MHR,CA,AWP,WE,Federal Contract Tower,10,11,41,7,69,0,22,57,10,89,10,33,98,17,158,168,10,178,336
05/25/2022,MHR,CA,AWP,WE,Federal Contract Tower,12,14,25,0,51,0,19,60,1,80,12,33,85,1,131,196,10,206,337
05/26/2022,MHR,CA,AWP,WE,Federal Contract Tower,11,12,31,9,63,0,20,43,13,76,11,32,74,22,139,172,58,230,369
05/27/2022,MHR,CA,AWP,WE,Federal Contract Tower,9,7,30,0,46,0,19,58,8,85,9,26,88,8,131,108,2,110,241
05/28/2022,MHR,CA,AWP,WE,Federal Contract Tower,2,5,10,1,18,0,17,26,3,46,2,22,36,4,64,0,0,0,64
05/29/2022,MHR,CA,AWP,WE,Federal Contract Tower,0,1,13,1,15,0,4,20,2,26,0,5,33,3,41,30,0,30,71
05/30/2022,MHR,CA,AWP,WE,Federal Contract Tower,0,9,11,1,21,0,7,38,3,48,0,16,49,4,69,40,12,52,121
05/31/2022,MHR,CA,AWP,WE,Federal Contract Tower,7,18,20,3,48,0,20,67,2,89,7,38,87,5,137,146,0,146,283
06/01/2022,MHR,CA,AWP,WE,Federal Contract Tower,13,16,24,16,69,0,13,64,1,78,13,29,88,17,147,198,36,234,381
06/02/2022,MHR,CA,AWP,WE,Federal Contract Tower,12,8,30,4,54,0,19,60,6,85,12,27,90,10,139,144,14,158,297
06/03/2022,MHR,CA,AWP,WE,Federal Contract Tower,9,7,14,7,37,0,20,73,3,96,9,27,87,10,133,150,2,152,285
06/04/2022,MHR,CA,AWP,WE,Federal Contract Tower,0,12,12,1,25,0,10,48,0,58,0,22,60,1,83,24,0,24,107
06/05/2022,MHR,CA,AWP,WE,Federal Contract Tower,1,1,8,0,10,0,0,11,1,12,1,1,19,1,22,0,0,0,22
06/06/2022,MHR,CA,AWP,WE,Federal Contract Tower,2,10,21,1,34,0,16,48,2,66,2,26,69,3,100,132,18,150,250
06/07/2022,MHR,CA,AWP,WE,Federal Contract Tower,12,11,26,10,59,0,21,54,2,77,12,32,80,12,136,172,26,198,334
06/08/2022,MHR,CA,AWP,WE,Federal Contract Tower,12,14,25,8,59,0,24,44,4,72,12,38,69,12,131,100,16,116,247
06/09/2022,MHR,CA,AWP,WE,Federal Contract Tower,12,12,20,10,54,0,26,57,14,97,12,38,77,24,151,238,22,260,411
06/10/2022,MHR,CA,AWP,WE,Federal Contract Tower,4,13,10,3,30,0,17,64,5,86,4,30,74,8,116,94,0,94,210
06/11/2022,MHR,CA,AWP,WE,Federal Contract Tower,1,0,10,0,11,0,5,15,2,22,1,5,25,2,33,2,0,2,35
06/12/2022,MHR,CA,AWP,WE,Federal Contract Tower,0,1,7,0,8,0,0,5,0,5,0,1,12,0,13,0,0,0,13
06/13/2022,MHR,CA,AWP,WE,Federal Contract Tower,3,11,14,8,36,0,8,36,6,50,3,19,50,14,86,34,14,48,134
06/14/2022,MHR,CA,AWP,WE,Federal Contract Tower,10,15,19,3,47,0,9,83,1,93,10,24,102,4,140,170,24,194,334
06/15/2022,MHR,CA,AWP,WE,Federal Contract Tower,5,13,12,2,32,0,15,79,7,101,5,28,91,9,133,177,6,183,316
06/16/2022,MHR,CA,AWP,WE,Federal Contract Tower,3,19,21,10,53,0,9,65,7,81,3,28,86,17,134,102,15,117,251
06/17/2022,MHR,CA,AWP,WE,Federal Contract Tower,4,5,17,4,30,0,12,34,8,54,4,17,51,12,84,44,22,66,150
06/18/2022,MHR,CA,AWP,WE,Federal Contract Tower,1,0,10,0,11,0,9,32,0,41,1,9,42,0,52,40,0,40,92
06/19/2022,MHR,CA,AWP,WE,Federal Contract Tower,0,2,6,0,8,0,0,16,0,16,0,2,22,0,24,0,0,0,24
06/20/2022,MHR,CA,AWP,WE,Federal Contract Tower,3,0,15,0,18,0,15,61,0,76,3,15,76,0,94,164,0,164,258
06/21/2022,MHR,CA,AWP,WE,Federal Contract Tower,4,10,31,11,56,0,12,44,4,60,4,22,75,15,116,162,24,186,302
06/22/2022,MHR,CA,AWP,WE,Federal Contract Tower,7,12,16,3,38,0,19,34,4,57,7,31,50,7,95,24,6,30,125
06/23/2022,MHR,CA,AWP,WE,Federal Contract Tower,6,16,13,2,37,0,14,60,4,78,6,30,73,6,115,128,8,136,251
06/24/2022,MHR,CA,AWP,WE,Federal Contract Tower,6,17,22,6,51,0,26,63,4,93,6,43,85,10,144,176,26,202,346
06/25/2022,MHR,CA,AWP,WE,Federal Contract Tower,1,2,17,2,22,0,7,22,1,30,1,9,39,3,52,4,6,10,62
06/26/2022,MHR,CA,AWP,WE,Federal Contract Tower,0,2,5,2,9,0,0,23,4,27,0,2,28,6,36,14,26,40,76
06/27/2022,MHR,CA,AWP,WE,Federal Contract Tower,3,17,11,2,33,0,24,62,5,91,3,41,73,7,124,48,18,66,190
06/28/2022,MHR,CA,AWP,WE,Federal Contract Tower,7,14,23,9,53,0,15,52,11,78,7,29,75,20,131,51,18,69,200
06/29/2022,MHR,CA,AWP,WE,Federal Contract Tower,6,12,15,13,46,0,19,61,9,89,6,31,76,22,135,122,0,122,257
06/30/2022,MHR,CA,AWP,WE,Federal Contract Tower,6,12,21,5,44,0,9,50,20,79,6,21,71,25,123,112,44,156,279
07/01/2022,MHR,CA,AWP,WE,Federal Contract Tower,5,9,15,1,30,0,17,53,9,79,5,26,68,10,109,95,24,119,228
07/02/2022,MHR,CA,AWP,WE,Federal Contract Tower,1,2,11,3,17,0,10,12,0,22,1,12,23,3,39,6,0,6,45
07/03/2022,MHR,CA,AWP,WE,Federal Contract Tower,0,0,5,0,5,0,3,4,0,7,0,3,9,0,12,4,0,4,16
07/04/2022,MHR,CA,AWP,WE,Federal Contract Tower,0,2,14,1,17,0,21,32,0,53,0,23,46,1,70,6,0,6,76
07/05/2022,MHR,CA,AWP,WE,Federal Contract Tower,5,4,16,4,29,0,20,32,3,55,5,24,48,7,84,40,2,42,126
07/06/2022,MHR,CA,AWP,WE,Federal Contract Tower,6,0,10,6,22,0,29,36,9,74,6,29,46,15,96,60,8,68,164
07/07/2022,MHR,CA,AWP,WE,Federal Contract Tower,6,7,25,14,52,0,20,42,9,71,6,27,67,23,123,74,36,110,233
07/08/2022,MHR,CA,AWP,WE,Federal Contract Tower,4,4,15,11,34,0,23,58,5,86,4,27,73,16,120,86,40,126,246
07/09/2022,MHR,CA,AWP,WE,Federal Contract Tower,1,1,14,0,16,0,5,34,0,39,1,6,48,0,55,18,0,18,73
07/10/2022,MHR,CA,AWP,WE,Federal Contract Tower,0,2,6,0,8,0,0,21,0,21,0,2,27,0,29,30,0,30,59
07/11/2022,MHR,CA,AWP,WE,Federal Contract Tower,3,2,13,4,22,0,6,56,5,67,3,8,69,9,89,70,30,100,189
07/12/2022,MHR,CA,AWP,WE,Federal Contract Tower,10,5,36,8,59,0,11,59,0,70,10,16,95,8,129,72,36,108,237
07/13/2022,MHR,CA,AWP,WE,Federal Contract Tower,10,10,36,11,67,0,13,52,10,75,10,23,88,21,142,76,18,94,236
07/14/2022,MHR,CA,AWP,WE,Federal Contract Tower,9,8,34,4,55,0,23,57,7,87,9,31,91,11,142,74,18,92,234
07/15/2022,MHR,CA,AWP,WE,Federal Contract Tower,5,14,39,4,62,0,17,55,5,77,5,31,94,9,139,74,20,94,233
07/16/2022,MHR,CA,AWP,WE,Federal Contract Tower,2,8,13,0,23,0,6,36,0,42,2,14,49,0,65,10,0,10,75
07/17/2022,MHR,CA,AWP,WE,Federal Contract Tower,2,3,36,1,42,0,2,24,2,28,2,5,60,3,70,0,0,0,70
07/18/2022,MHR,CA,AWP,WE,Federal Contract Tower,3,8,12,1,24,0,25,34,1,60,3,33,46,2,84,90,8,98,182
07/19/2022,MHR,CA,AWP,WE,Federal Contract Tower,8,9,19,6,42,0,23,48,48,119,8,32,67,54,161,54,22,76,237
07/20/2022,MHR,CA,AWP,WE,Federal Contract Tower,9,14,25,1,49,0,10,64,6,80,9,24,89,7,129,74,2,76,205
07/21/2022,MHR,CA,AWP,WE,Federal Contract Tower,6,6,23,7,42,0,22,39,8,69,6,28,62,15,111,26,28,54,165
07/22/2022,MHR,CA,AWP,WE,Federal Contract Tower,4,10,21,6,41,0,11,46,3,60,4,21,67,9,101,54,36,90,191
07/23/2022,MHR,CA,AWP,WE,Federal Contract Tower,1,6,14,3,24,0,12,44,2,58,1,18,58,5,82,54,0,54,136
07/24/2022,MHR,CA,AWP,WE,Federal Contract Tower,2,3,12,0,17,0,7,35,0,42,2,10,47,0,59,45,0,45,104
07/25/2022,MHR,CA,AWP,WE,Federal Contract Tower,3,13,22,22,60,0,8,50,8,66,3,21,72,30,126,66,26,92,218
07/26/2022,MHR,CA,AWP,WE,Federal Contract Tower,10,10,22,8,50,0,5,34,5,44,10,15,56,13,94,42,6,48,142
07/27/2022,MHR,CA,AWP,WE,Federal Contract Tower,5,6,21,4,36,0,14,65,3,82,5,20,86,7,118,69,12,81,199
07/28/2022,MHR,CA,AWP,WE,Federal Contract Tower,7,17,22,1,47,0,9,58,8,75,7,26,80,9,122,43,2,45,167
07/29/2022,MHR,CA,AWP,WE,Federal Contract Tower,4,15,16,8,43,0,14,72,7,93,4,29,88,15,136,116,30,146,282
07/30/2022,MHR,CA,AWP,WE,Federal Contract Tower,2,0,9,3,14,0,8,40,8,56,2,8,49,11,70,64,10,74,144
07/31/2022,MHR,CA,AWP,WE,Federal Contract Tower,2,1,17,0,20,0,6,35,4,45,2,7,52,4,65,8,22,30,95
08/01/2022,MHR,CA,AWP,WE,Federal Contract Tower,4,12,13,5,34,0,28,45,3,76,4,40,58,8,110,76,32,108,218
08/02/2022,MHR,CA,AWP,WE,Federal Contract Tower,6,16,24,9,55,0,15,61,4,80,6,31,85,13,135,88,0,88,223
08/03/2022,MHR,CA,AWP,WE,Federal Contract Tower,8,8,20,1,37,3,10,54,2,69,11,18,74,3,106,104,10,114,220
08/04/2022,MHR,CA,AWP,WE,Federal Contract Tower,6,6,19,7,38,0,7,65,6,78,6,13,84,13,116,133,20,153,269
08/05/2022,MHR,CA,AWP,WE,Federal Contract Tower,3,8,16,0,27,0,22,63,1,86,3,30,79,1,113,110,16,126,239
08/06/2022,MHR,CA,AWP,WE,Federal Contract Tower,4,4,9,0,17,0,9,27,1,37,4,13,36,1,54,6,0,6,60
08/07/2022,MHR,CA,AWP,WE,Federal Contract Tower,2,3,13,2,20,0,3,18,2,23,2,6,31,4,43,28,0,28,71
08/08/2022,MHR,CA,AWP,WE,Federal Contract Tower,3,6,23,0,32,0,8,55,1,64,3,14,78,1,96,147,27,174,270
08/09/2022,MHR,CA,AWP,WE,Federal Contract Tower,8,4,19,1,32,0,14,52,2,68,8,18,71,3,100,96,32,128,228
08/11/2022,MHR,CA,AWP,WE,Federal Contract Tower,6,7,26,2,41,0,9,49,1,59,6,16,75,3,100,33,38,71,171
08/12/2022,MHR,CA,AWP,WE,Federal Contract Tower,4,8,24,7,43,0,16,63,6,85,4,24,87,13,128,128,18,146,274
08/13/2022,MHR,CA,AWP,WE,Federal Contract Tower,2,3,14,0,19,0,4,38,0,42,2,7,52,0,61,28,0,28,89
08/14/2022,MHR,CA,AWP,WE,Federal Contract Tower,2,2,11,0,15,0,3,32,0,35,2,5,43,0,50,8,0,8,58
08/15/2022,MHR,CA,AWP,WE,Federal Contract Tower,5,6,20,5,36,0,21,68,1,90,5,27,88,6,126,64,20,84,210
08/16/2022,MHR,CA,AWP,WE,Federal Contract Tower,8,12,13,6,39,0,11,71,5,87,8,23,84,11,126,164,48,212,338
08/17/2022,MHR,CA,AWP,WE,Federal Contract Tower,8,3,19,6,36,0,10,72,9,91,8,13,91,15,127,94,54,148,275
08/18/2022,MHR,CA,AWP,WE,Federal Contract Tower,5,9,22,7,43,0,24,41,3,68,5,33,63,10,111,114,28,142,253
08/19/2022,MHR,CA,AWP,WE,Federal Contract Tower,7,6,15,3,31,0,22,42,3,67,7,28,57,6,98,94,2,96,194
08/20/2022,MHR,CA,AWP,WE,Federal Contract Tower,2,2,8,0,12,0,11,28,0,39,2,13,36,0,51,24,0,24,75
08/21/2022,MHR,CA,AWP,WE,Federal Contract Tower,2,4,27,0,33,0,9,28,0,37,2,13,55,0,70,0,0,0,70
08/22/2022,MHR,CA,AWP,WE,Federal Contract Tower,3,6,27,17,53,0,22,49,11,82,3,28,76,28,135,94,50,144,279
08/23/2022,MHR,CA,AWP,WE,Federal Contract Tower,8,7,30,5,50,0,4,46,4,54,8,11,76,9,104,106,51,157,261
08/24/2022,MHR,CA,AWP,WE,Federal Contract Tower,10,10,21,4,45,0,17,68,7,92,10,27,89,11,137,88,42,130,267
08/25/2022,MHR,CA,AWP,WE,Federal Contract Tower,9,15,34,8,66,0,23,60,3,86,9,38,94,11,152,86,15,101,253
08/26/2022,MHR,CA,AWP,WE,Federal Contract Tower,4,9,35,11,59,0,26,54,3,83,4,35,89,14,142,82,32,114,256
08/27/2022,MHR,CA,AWP,WE,Federal Contract Tower,2,9,12,0,23,0,21,31,4,56,2,30,43,4,79,12,0,12,91
08/28/2022,MHR,CA,AWP,WE,Federal Contract Tower,1,1,19,0,21,0,3,29,2,34,1,4,48,2,55,26,0,26,81
08/29/2022,MHR,CA,AWP,WE,Federal Contract Tower,3,9,25,7,44,0,19,55,1,75,3,28,80,8,119,64,32,96,215
08/30/2022,MHR,CA,AWP,WE,Federal Contract Tower,8,6,13,0,27,0,7,67,5,79,8,13,80,5,106,74,14,88,194
08/31/2022,MHR,CA,AWP,WE,Federal Contract Tower,8,6,22,6,42,0,9,64,3,76,8,15,86,9,118,42,5,47,165
09/01/2022,MHR,CA,AWP,WE,Federal Contract Tower,11,9,12,1,33,0,22,50,7,79,11,31,62,8,112,82,28,110,222
09/02/2022,MHR,CA,AWP,WE,Federal Contract Tower,4,6,26,2,38,0,22,69,1,92,4,28,95,3,130,66,0,66,196
09/03/2022,MHR,CA,AWP,WE,Federal Contract Tower,2,2,10,2,16,0,8,30,4,42,2,10,40,6,58,4,24,28,86
09/04/2022,MHR,CA,AWP,WE,Federal Contract Tower,0,0,15,3,18,0,7,23,7,37,0,7,38,10,55,8,2,10,65
09/05/2022,MHR,CA,AWP,WE,Federal Contract Tower,0,2,25,0,27,0,6,31,0,37,0,8,56,0,64,4,0,4,68
09/06/2022,MHR,CA,AWP,WE,Federal Contract Tower,5,10,20,4,39,0,0,7,1,8,5,10,27,5,47,46,28,74,121
09/07/2022,MHR,CA,AWP,WE,Federal Contract Tower,9,10,14,11,44,0,11,44,16,71,9,21,58,27,115,40,74,114,229
09/08/2022,MHR,CA,AWP,WE,Federal Contract Tower,12,17,8,2,39,0,26,62,5,93,12,43,70,7,132,80,14,94,226
09/09/2022,MHR,CA,AWP,WE,Federal Contract Tower,6,12,29,7,54,0,16,34,0,50,6,28,63,7,104,60,26,86,190
09/10/2022,MHR,CA,AWP,WE,Federal Contract Tower,2,2,17,0,21,0,6,17,1,24,2,8,34,1,45,20,0,20,65
09/11/2022,MHR,CA,AWP,WE,Federal Contract Tower,2,7,15,0,24,0,9,17,2,28,2,16,32,2,52,30,0,30,82
09/12/2022,MHR,CA,AWP,WE,Federal Contract Tower,6,4,26,6,42,0,12,60,7,79,6,16,86,13,121,70,32,102,223
09/13/2022,MHR,CA,AWP,WE,Federal Contract Tower,12,7,6,15,40,0,15,59,4,78,12,22,65,19,118,78,20,98,216
09/14/2022,MHR,CA,AWP,WE,Federal Contract Tower,9,9,19,4,41,0,11,96,5,112,9,20,115,9,153,94,22,116,269
09/15/2022,MHR,CA,AWP,WE,Federal Contract Tower,12,7,17,2,38,0,24,59,8,91,12,31,76,10,129,32,0,32,161
09/17/2022,MHR,CA,AWP,WE,Federal Contract Tower,2,3,10,0,15,0,10,15,3,28,2,13,25,3,43,18,0,18,61
09/18/2022,MHR,CA,AWP,WE,Federal Contract Tower,2,9,14,23,48,0,6,2,2,10,2,15,16,25,58,4,0,4,62
09/19/2022,MHR,CA,AWP,WE,Federal Contract Tower,5,10,23,1,39,0,7,8,3,18,5,17,31,4,57,2,2,4,61
09/20/2022,MHR,CA,AWP,WE,Federal Contract Tower,9,17,36,1,63,0,12,31,9,52,9,29,67,10,115,0,26,26,141
09/21/2022,MHR,CA,AWP,WE,Federal Contract Tower,8,5,17,1,31,0,14,36,5,55,8,19,53,6,86,8,18,26,112
09/22/2022,MHR,CA,AWP,WE,Federal Contract Tower,12,12,31,8,63,0,16,67,14,97,12,28,98,22,160,38,40,78,238
09/23/2022,MHR,CA,AWP,WE,Federal Contract Tower,7,7,24,1,39,0,24,76,9,109,7,31,100,10,148,20,4,24,172
09/24/2022,MHR,CA,AWP,WE,Federal Contract Tower,2,2,3,3,10,0,10,22,9,41,2,12,25,12,51,16,0,16,67
09/25/2022,MHR,CA,AWP,WE,Federal Contract Tower,2,5,16,0,23,0,7,18,0,25,2,12,34,0,48,2,0,2,50
09/26/2022,MHR,CA,AWP,WE,Federal Contract Tower,5,6,6,2,19,0,15,61,2,78,5,21,67,4,97,0,4,4,101
09/27/2022,MHR,CA,AWP,WE,Federal Contract Tower,9,18,8,3,38,0,22,40,0,62,9,40,48,3,100,0,0,0,100
09/28/2022,MHR,CA,AWP,WE,Federal Contract Tower,11,8,8,2,29,0,17,43,1,61,11,25,51,3,90,0,0,0,90
09/29/2022,MHR,CA,AWP,WE,Federal Contract Tower,11,18,14,15,58,0,29,68,10,107,11,47,82,25,165,2,0,2,167
09/30/2022,MHR,CA,AWP,WE,Federal Contract Tower,6,17,2,4,29,0,16,39,2,57,6,33,41,6,86,0,0,0,86
10/01/2022,MHR,CA,AWP,WE,Federal Contract Tower,4,0,2,0,6,0,20,66,0,86,4,20,68,0,92,0,0,0,92
10/02/2022,MHR,CA,AWP,WE,Federal Contract Tower,2,0,3,9,14,0,7,74,0,81,2,7,77,9,95,2,0,2,97
10/04/2022,MHR,CA,AWP,WE,Federal Contract Tower,5,9,7,2,23,0,6,50,5,61,5,15,57,7,84,6,0,6,90
10/05/2022,MHR,CA,AWP,WE,Federal Contract Tower,5,10,17,2,34,0,47,54,3,104,5,57,71,5,138,16,0,16,154
10/06/2022,MHR,CA,AWP,WE,Federal Contract Tower,9,8,18,9,44,0,22,54,8,84,9,30,72,17,128,46,26,72,200
10/07/2022,MHR,CA,AWP,WE,Federal Contract Tower,6,11,24,3,44,0,24,67,3,94,6,35,91,6,138,62,14,76,214
10/08/2022,MHR,CA,AWP,WE,Federal Contract Tower,2,2,12,0,16,0,14,17,0,31,2,16,29,0,47,44,0,44,91
10/09/2022,MHR,CA,AWP,WE,Federal Contract Tower,2,0,16,0,18,0,4,12,0,16,2,4,28,0,34,0,0,0,34
10/10/2022,MHR,CA,AWP,WE,Federal Contract Tower,5,12,13,8,38,0,19,60,3,82,5,31,73,11,120,48,3,51,171
10/11/2022,MHR,CA,AWP,WE,Federal Contract Tower,5,8,37,14,64,0,12,55,9,76,5,20,92,23,140,94,44,138,278
10/12/2022,MHR,CA,AWP,WE,Federal Contract Tower,10,6,27,11,54,0,14,58,8,80,10,20,85,19,134,72,42,114,248
10/13/2022,MHR,CA,AWP,WE,Federal Contract Tower,11,5,32,12,60,0,23,62,10,95,11,28,94,22,155,26,38,64,219
10/14/2022,MHR,CA,AWP,WE,Federal Contract Tower,3,9,47,8,67,0,22,56,4,82,3,31,103,12,149,52,18,70,219
10/16/2022,MHR,CA,AWP,WE,Federal Contract Tower,2,3,34,4,43,0,12,35,0,47,2,15,69,4,90,0,0,0,90
10/17/2022,MHR,CA,AWP,WE,Federal Contract Tower,4,9,31,4,48,0,12,46,0,58,4,21,77,4,106,96,24,120,226
10/18/2022,MHR,CA,AWP,WE,Federal Contract Tower,7,8,26,20,61,0,15,51,10,76,7,23,77,30,137,66,24,90,227
10/19/2022,MHR,CA,AWP,WE,Federal Contract Tower,9,12,24,11,56,2,17,67,17,103,11,29,91,28,159,96,38,134,293
10/20/2022,MHR,CA,AWP,WE,Federal Contract Tower,12,9,15,11,47,0,18,62,8,88,12,27,77,19,135,42,28,70,205
10/21/2022,MHR,CA,AWP,WE,Federal Contract Tower,6,11,22,1,40,0,28,74,7,109,6,39,96,8,149,54,10,64,213
10/22/2022,MHR,CA,AWP,WE,Federal Contract Tower,2,4,9,1,16,0,9,11,1,21,2,13,20,2,37,16,2,18,55
10/23/2022,MHR,CA,AWP,WE,Federal Contract Tower,3,2,9,2,16,0,7,11,3,21,3,9,20,5,37,2,0,2,39
10/24/2022,MHR,CA,AWP,WE,Federal Contract Tower,4,7,33,3,47,0,19,49,5,73,4,26,82,8,120,16,40,56,176
10/25/2022,MHR,CA,AWP,WE,Federal Contract Tower,11,5,14,0,30,0,18,46,13,77,11,23,60,13,107,48,16,64,171
10/26/2022,MHR,CA,AWP,WE,Federal Contract Tower,11,8,28,7,54,0,23,56,10,89,11,31,84,17,143,76,14,90,233
10/27/2022,MHR,CA,AWP,WE,Federal Contract Tower,7,15,39,1,62,0,22,35,3,60,7,37,74,4,122,42,14,56,178
10/28/2022,MHR,CA,AWP,WE,Federal Contract Tower,6,7,29,0,42,0,24,73,4,101,6,31,102,4,143,76,0,76,219
10/29/2022,MHR,CA,AWP,WE,Federal Contract Tower,2,4,17,0,23,0,17,23,0,40,2,21,40,0,63,34,0,34,97
10/30/2022,MHR,CA,AWP,WE,Federal Contract Tower,3,1,26,0,30,0,9,31,0,40,3,10,57,0,70,44,0,44,114
10/31/2022,MHR,CA,AWP,WE,Federal Contract Tower,4,9,25,11,49,0,18,69,8,95,4,27,94,19,144,94,66,160,304
11/01/2022,MHR,CA,AWP,WE,Federal Contract Tower,10,10,29,17,66,0,20,3,0,23,10,30,32,17,89,0,8,8,97
11/02/2022,MHR,CA,AWP,WE,Federal Contract Tower,7,5,34,14,60,0,20,40,3,63,7,25,74,17,123,66,54,120,243
11/03/2022,MHR,CA,AWP,WE,Federal Contract Tower,12,11,42,13,78,0,28,61,2,91,12,39,103,15,169,60,8,68,237
11/04/2022,MHR,CA,AWP,WE,Federal Contract Tower,8,6,36,9,59,0,17,57,4,78,8,23,93,13,137,86,10,96,233
11/05/2022,MHR,CA,AWP,WE,Federal Contract Tower,2,2,5,1,10,0,3,5,0,8,2,5,10,1,18,0,0,0,18
11/06/2022,MHR,CA,AWP,WE,Federal Contract Tower,2,4,12,2,20,0,7,18,0,25,2,11,30,2,45,62,0,62,107
11/07/2022,MHR,CA,AWP,WE,Federal Contract Tower,4,11,41,8,64,0,14,28,6,48,4,25,69,14,112,24,30,54,166
11/08/2022,MHR,CA,AWP,WE,Federal Contract Tower,7,12,5,12,36,0,6,0,7,13,7,18,5,19,49,0,6,6,55
11/09/2022,MHR,CA,AWP,WE,Federal Contract Tower,12,16,40,10,78,0,23,52,5,80,12,39,92,15,158,103,24,127,285
11/10/2022,MHR,CA,AWP,WE,Federal Contract Tower,16,8,40,10,74,0,16,54,9,79,16,24,94,19,153,58,34,92,245
11/11/2022,MHR,CA,AWP,WE,Federal Contract Tower,6,10,30,1,47,0,10,49,3,62,6,20,79,4,109,66,4,70,179
11/12/2022,MHR,CA,AWP,WE,Federal Contract Tower,2,10,29,1,42,0,16,3,0,19,2,26,32,1,61,14,0,14,75
11/13/2022,MHR,CA,AWP,WE,Federal Contract Tower,2,4,16,2,24,0,14,28,1,43,2,18,44,3,67,28,0,28,95
11/15/2022,MHR,CA,AWP,WE,Federal Contract Tower,10,15,51,9,85,0,20,41,9,70,10,35,92,18,155,74,10,84,239
11/16/2022,MHR,CA,AWP,WE,Federal Contract Tower,7,9,32,18,66,0,15,66,4,85,7,24,98,22,151,166,34,200,351
11/17/2022,MHR,CA,AWP,WE,Federal Contract Tower,10,7,37,6,60,0,26,39,7,72,10,33,76,13,132,100,42,142,274
11/18/2022,MHR,CA,AWP,WE,Federal Contract Tower,8,7,65,3,83,0,26,48,1,75,8,33,113,4,158,74,10,84,242
11/19/2022,MHR,CA,AWP,WE,Federal Contract Tower,3,8,14,1,26,0,15,32,0,47,3,23,46,1,73,46,0,46,119
11/20/2022,MHR,CA,AWP,WE,Federal Contract Tower,3,8,22,0,33,0,6,22,0,28,3,14,44,0,61,44,0,44,105
11/21/2022,MHR,CA,AWP,WE,Federal Contract Tower,7,4,19,5,35,0,16,59,2,77,7,20,78,7,112,88,18,106,218
11/22/2022,MHR,CA,AWP,WE,Federal Contract Tower,16,4,15,2,37,0,22,45,3,70,16,26,60,5,107,94,16,110,217
11/23/2022,MHR,CA,AWP,WE,Federal Contract Tower,10,3,18,11,42,0,22,63,1,86,10,25,81,12,128,84,34,118,246
11/24/2022,MHR,CA,AWP,WE,Federal Contract Tower,2,0,5,0,7,0,7,8,0,15,2,7,13,0,22,6,0,6,28
11/25/2022,MHR,CA,AWP,WE,Federal Contract Tower,8,5,21,0,34,0,19,36,0,55,8,24,57,0,89,24,0,24,113
11/26/2022,MHR,CA,AWP,WE,Federal Contract Tower,2,3,22,0,27,0,17,16,0,33,2,20,38,0,60,44,0,44,104
11/27/2022,MHR,CA,AWP,WE,Federal Contract Tower,4,3,20,0,27,0,7,17,0,24,4,10,37,0,51,45,0,45,96
11/29/2022,MHR,CA,AWP,WE,Federal Contract Tower,21,7,25,20,73,0,29,46,15,90,21,36,71,35,163,62,66,128,291
11/30/2022,MHR,CA,AWP,WE,Federal Contract Tower,13,9,27,9,58,0,22,60,9,91,13,31,87,18,149,66,22,88,237
12/01/2022,MHR,CA,AWP,WE,Federal Contract Tower,24,14,15,1,54,0,15,1,3,19,24,29,16,4,73,10,18,28,101
12/02/2022,MHR,CA,AWP,WE,Federal Contract Tower,14,14,38,3,69,0,22,60,4,86,14,36,98,7,155,98,2,100,255
12/03/2022,MHR,CA,AWP,WE,Federal Contract Tower,2,4,6,2,14,0,2,0,0,2,2,6,6,2,16,0,0,0,16
12/05/2022,MHR,CA,AWP,WE,Federal Contract Tower,6,8,26,6,46,0,13,10,6,29,6,21,36,12,75,0,18,18,93
12/06/2022,MHR,CA,AWP,WE,Federal Contract Tower,28,12,35,33,108,0,10,43,12,65,28,22,78,45,173,50,50,100,273
12/07/2022,MHR,CA,AWP,WE,Federal Contract Tower,23,17,46,17,103,0,17,73,4,94,23,34,119,21,197,116,14,130,327
12/08/2022,MHR,CA,AWP,WE,Federal Contract Tower,23,20,35,16,94,0,22,32,2,56,23,42,67,18,150,48,22,70,220
12/09/2022,MHR,CA,AWP,WE,Federal Contract Tower,15,29,39,22,105,0,14,9,3,26,15,43,48,25,131,4,26,30,161
12/10/2022,MHR,CA,AWP,WE,Federal Contract Tower,2,2,2,0,6,0,3,0,0,3,2,5,2,0,9,0,6,6,15
12/13/2022,MHR,CA,AWP,WE,Federal Contract Tower,24,7,14,10,55,0,17,73,7,97,24,24,87,17,152,94,49,143,295
12/14/2022,MHR,CA,AWP,WE,Federal Contract Tower,24,8,35,27,94,0,27,67,7,101,24,35,102,34,195,108,60,168,363
12/15/2022,MHR,CA,AWP,WE,Federal Contract Tower,25,8,37,13,83,0,26,69,6,101,25,34,106,19,184,112,4,116,300
12/16/2022,MHR,CA,AWP,WE,Federal Contract Tower,30,11,26,7,74,0,24,47,0,71,30,35,73,7,145,88,20,108,253
12/17/2022,MHR,CA,AWP,WE,Federal Contract Tower,21,5,32,0,58,0,11,29,1,41,21,16,61,1,99,2,0,2,101
12/18/2022,MHR,CA,AWP,WE,Federal Contract Tower,12,3,1,1,17,0,0,0,0,0,12,3,1,1,17,0,0,0,17
12/19/2022,MHR,CA,AWP,WE,Federal Contract Tower,18,23,35,0,76,0,3,0,0,3,18,26,35,0,79,4,8,12,91
12/20/2022,MHR,CA,AWP,WE,Federal Contract Tower,24,23,22,14,83,0,12,37,5,54,24,35,59,19,137,78,24,102,239
12/21/2022,MHR,CA,AWP,WE,Federal Contract Tower,23,28,21,0,72,0,0,0,0,0,23,28,21,0,72,0,0,0,72
12/22/2022,MHR,CA,AWP,WE,Federal Contract Tower,26,27,22,1,76,0,10,3,2,15,26,37,25,3,91,0,10,10,101
12/23/2022,MHR,CA,AWP,WE,Federal Contract Tower,4,11,22,0,37,0,12,17,0,29,4,23,39,0,66,4,0,4,70
12/24/2022,MHR,CA,AWP,WE,Federal Contract Tower,5,7,6,1,19,0,5,4,1,10,5,12,10,2,29,0,0,0,29
12/25/2022,MHR,CA,AWP,WE,Federal Contract Tower,0,0,1,0,1,0,0,0,0,0,0,0,1,0,1,0,0,0,1
12/26/2022,MHR,CA,AWP,WE,Federal Contract Tower,3,6,32,0,41,0,0,1,0,1,3,6,33,0,42,0,0,0,42
12/27/2022,MHR,CA,AWP,WE,Federal Contract Tower,1,12,9,0,22,0,5,0,0,5,1,17,9,0,27,0,0,0,27
12/28/2022,MHR,CA,AWP,WE,Federal Contract Tower,28,8,32,4,72,0,20,47,4,71,28,28,79,8,143,96,0,96,239
12/29/2022,MHR,CA,AWP,WE,Federal Contract Tower,19,14,22,2,57,0,6,2,1,9,19,20,24,3,66,12,0,12,78
12/30/2022,MHR,CA,AWP,WE,Federal Contract Tower,19,26,3,0,48,0,0,0,0,0,19,26,3,0,48,0,0,0,48
12/31/2022,MHR,CA,AWP,WE,Federal Contract Tower,2,7,6,0,15,0,0,0,0,0,2,7,6,0,15,0,0,0,15
01/01/2023,MHR,CA,AWP,WE,Federal Contract Tower,0,2,9,2,13,0,12,10,0,22,0,14,19,2,35,0,0,0,35
01/02/2023,MHR,CA,AWP,WE,Federal Contract Tower,3,6,4,0,13,0,1,5,0,6,3,7,9,0,19,12,0,12,31
01/03/2023,MHR,CA,AWP,WE,Federal Contract Tower,6,7,29,8,50,0,9,10,0,19,6,16,39,8,69,0,0,0,69
01/04/2023,MHR,CA,AWP,WE,Federal Contract Tower,11,8,6,5,30,0,4,0,3,7,11,12,6,8,37,0,16,16,53
01/05/2023,MHR,CA,AWP,WE,Federal Contract Tower,9,6,3,4,22,0,24,7,3,34,9,30,10,7,56,0,4,4,60
01/06/2023,MHR,CA,AWP,WE,Federal Contract Tower,8,14,52,21,95,0,15,59,9,83,8,29,111,30,178,130,38,168,346
01/07/2023,MHR,CA,AWP,WE,Federal Contract Tower,2,6,8,1,17,0,5,2,2,9,2,11,10,3,26,6,0,6,32
01/08/2023,MHR,CA,AWP,WE,Federal Contract Tower,2,6,9,1,18,0,10,6,0,16,2,16,15,1,34,8,0,8,42
01/09/2023,MHR,CA,AWP,WE,Federal Contract Tower,3,11,21,11,46,0,9,12,3,24,3,20,33,14,70,15,20,35,105
01/10/2023,MHR,CA,AWP,WE,Federal Contract Tower,13,13,14,14,54,0,1,13,5,19,13,14,27,19,73,14,0,14,87
01/11/2023,MHR,CA,AWP,WE,Federal Contract Tower,8,14,11,19,52,0,3,0,3,6,8,17,11,22,58,2,58,60,118
01/12/2023,MHR,CA,AWP,WE,Federal Contract Tower,6,13,16,10,45,0,17,39,13,69,6,30,55,23,114,48,44,92,206
01/13/2023,MHR,CA,AWP,WE,Federal Contract Tower,6,8,14,20,48,0,9,8,3,20,6,17,22,23,68,4,2,6,74
01/14/2023,MHR,CA,AWP,WE,Federal Contract Tower,2,1,4,0,7,0,6,0,0,6,2,7,4,0,13,0,0,0,13
01/15/2023,MHR,CA,AWP,WE,Federal Contract Tower,2,2,12,4,20,0,2,2,0,4,2,4,14,4,24,10,0,10,34
01/16/2023,MHR,CA,AWP,WE,Federal Contract Tower,3,7,18,3,31,0,9,30,9,48,3,16,48,12,79,36,0,36,115
01/17/2023,MHR,CA,AWP,WE,Federal Contract Tower,7,11,16,11,45,5,20,42,12,79,12,31,58,23,124,108,27,135,259
01/18/2023,MHR,CA,AWP,WE,Federal Contract Tower,6,10,15,10,41,0,30,40,11,81,6,40,55,21,122,62,68,130,252
01/19/2023,MHR,CA,AWP,WE,Federal Contract Tower,10,20,22,2,54,0,18,19,1,38,10,38,41,3,92,18,26,44,136
01/20/2023,MHR,CA,AWP,WE,Federal Contract Tower,7,7,19,4,37,0,19,61,10,90,7,26,80,14,127,114,20,134,261
01/21/2023,MHR,CA,AWP,WE,Federal Contract Tower,2,4,15,2,23,0,8,40,5,53,2,12,55,7,76,110,8,118,194
01/22/2023,MHR,CA,AWP,WE,Federal Contract Tower,2,5,24,0,31,0,0,24,7,31,2,5,48,7,62,6,6,12,74
01/23/2023,MHR,CA,AWP,WE,Federal Contract Tower,4,6,7,4,21,0,11,31,2,44,4,17,38,6,65,38,8,46,111
01/24/2023,MHR,CA,AWP,WE,Federal Contract Tower,9,25,20,5,59,0,32,52,8,92,9,57,72,13,151,120,34,154,305
01/25/2023,MHR,CA,AWP,WE,Federal Contract Tower,10,9,7,4,30,0,36,50,2,88,10,45,57,6,118,72,4,76,194
01/26/2023,MHR,CA,AWP,WE,Federal Contract Tower,14,10,23,16,63,0,27,37,12,76,14,37,60,28,139,136,40,176,315
01/27/2023,MHR,CA,AWP,WE,Federal Contract Tower,10,7,25,18,60,0,22,55,6,83,10,29,80,24,143,36,22,58,201
01/28/2023,MHR,CA,AWP,WE,Federal Contract Tower,2,8,8,0,18,0,12,39,0,51,2,20,47,0,69,72,0,72,141
01/29/2023,MHR,CA,AWP,WE,Federal Contract Tower,3,5,15,0,23,0,2,17,1,20,3,7,32,1,43,18,2,20,63
01/30/2023,MHR,CA,AWP,WE,Federal Contract Tower,2,20,16,5,43,0,13,33,9,55,2,33,49,14,98,30,30,60,158
01/31/2023,MHR,CA,AWP,WE,Federal Contract Tower,7,6,16,13,42,0,19,50,15,84,7,25,66,28,126,132,66,198,324
02/01/2023,MHR,CA,AWP,WE,Federal Contract Tower,11,21,19,8,59,0,17,51,7,75,11,38,70,15,134,140,20,160,294
02/02/2023,MHR,CA,AWP,WE,Federal Contract Tower,10,14,19,22,65,0,27,53,9,89,10,41,72,31,154,170,36,206,360
02/03/2023,MHR,CA,AWP,WE,Federal Contract Tower,9,18,31,13,71,0,15,21,4,40,9,33,52,17,111,58,40,98,209
02/04/2023,MHR,CA,AWP,WE,Federal Contract Tower,2,3,8,4,17,0,12,21,0,33,2,15,29,4,50,46,6,52,102
02/05/2023,MHR,CA,AWP,WE,Federal Contract Tower,2,5,9,4,20,0,4,5,0,9,2,9,14,4,29,0,0,0,29
02/06/2023,MHR,CA,AWP,WE,Federal Contract Tower,4,7,42,10,63,0,11,48,5,64,4,18,90,15,127,70,26,96,223
02/07/2023,MHR,CA,AWP,WE,Federal Contract Tower,9,9,18,8,44,0,9,78,6,93,9,18,96,14,137,162,32,194,331
02/08/2023,MHR,CA,AWP,WE,Federal Contract Tower,10,14,28,9,61,0,30,57,5,92,10,44,85,14,153,90,56,146,299
02/09/2023,MHR,CA,AWP,WE,Federal Contract Tower,10,17,35,10,72,0,34,57,1,92,10,51,92,11,164,102,20,122,286
02/10/2023,MHR,CA,AWP,WE,Federal Contract Tower,6,9,34,14,63,0,23,33,10,66,6,32,67,24,129,68,60,128,257
02/11/2023,MHR,CA,AWP,WE,Federal Contract Tower,2,0,29,0,31,0,8,35,3,46,2,8,64,3,77,74,0,74,151
02/12/2023,MHR,CA,AWP,WE,Federal Contract Tower,2,2,22,2,28,0,3,38,0,41,2,5,60,2,69,66,0,66,135
02/13/2023,MHR,CA,AWP,WE,Federal Contract Tower,4,8,19,13,44,0,6,68,7,81,4,14,87,20,125,112,44,156,281
02/14/2023,MHR,CA,AWP,WE,Federal Contract Tower,6,6,7,8,27,0,12,22,0,34,6,18,29,8,61,10,0,10,71
02/15/2023,MHR,CA,AWP,WE,Federal Contract Tower,9,7,24,15,55,0,25,41,7,73,9,32,65,22,128,82,56,138,266
02/16/2023,MHR,CA,AWP,WE,Federal Contract Tower,6,12,19,9,46,0,23,48,5,76,6,35,67,14,122,160,26,186,308
02/17/2023,MHR,CA,AWP,WE,Federal Contract Tower,5,1,37,5,48,0,18,56,6,80,5,19,93,11,128,92,18,110,238
02/18/2023,MHR,CA,AWP,WE,Federal Contract Tower,2,2,20,1,25,0,12,48,2,62,2,14,68,3,87,70,0,70,157
02/19/2023,MHR,CA,AWP,WE,Federal Contract Tower,3,4,11,2,20,0,14,41,2,57,3,18,52,4,77,128,16,144,221
02/20/2023,MHR,CA,AWP,WE,Federal Contract Tower,3,6,24,0,33,0,8,46,2,56,3,14,70,2,89,50,0,50,139
02/21/2023,MHR,CA,AWP,WE,Federal Contract Tower,13,8,19,8,48,1,18,54,4,77,14,26,73,12,125,114,34,148,273
02/22/2023,MHR,CA,AWP,WE,Federal Contract Tower,10,10,17,11,48,0,25,52,8,85,10,35,69,19,133,70,46,116,249
02/23/2023,MHR,CA,AWP,WE,Federal Contract Tower,10,14,12,14,50,0,6,11,2,19,10,20,23,16,69,38,24,62,131
02/24/2023,MHR,CA,AWP,WE,Federal Contract Tower,4,13,15,3,35,0,8,6,0,14,4,21,21,3,49,4,0,4,53
02/25/2023,MHR,CA,AWP,WE,Federal Contract Tower,3,8,16,4,31,0,3,7,0,10,3,11,23,4,41,6,0,6,47
02/26/2023,MHR,CA,AWP,WE,Federal Contract Tower,2,5,9,5,21,0,0,0,0,0,2,5,9,5,21,0,0,0,21
02/27/2023,MHR,CA,AWP,WE,Federal Contract Tower,3,12,4,16,35,0,8,1,2,11,3,20,5,18,46,0,2,2,48
02/28/2023,MHR,CA,AWP,WE,Federal Contract Tower,15,15,9,6,45,0,1,2,2,5,15,16,11,8,50,0,10,10,60
03/01/2023,MHR,CA,AWP,WE,Federal Contract Tower,10,9,13,4,36,0,18,22,2,42,10,27,35,6,78,12,8,20,98
03/02/2023,MHR,CA,AWP,WE,Federal Contract Tower,9,13,53,6,81,0,33,38,9,80,9,46,91,15,161,158,40,198,359
03/03/2023,MHR,CA,AWP,WE,Federal Contract Tower,5,6,12,10,33,0,31,43,4,78,5,37,55,14,111,150,18,168,279
03/04/2023,MHR,CA,AWP,WE,Federal Contract Tower,2,2,1,4,9,0,13,18,0,31,2,15,19,4,40,4,0,4,44
03/05/2023,MHR,CA,AWP,WE,Federal Contract Tower,2,3,10,0,15,0,5,8,0,13,2,8,18,0,28,2,0,2,30
03/06/2023,MHR,CA,AWP,WE,Federal Contract Tower,4,7,14,8,33,0,19,16,1,36,4,26,30,9,69,94,18,112,181
03/07/2023,MHR,CA,AWP,WE,Federal Contract Tower,9,11,11,7,38,0,24,51,5,80,9,35,62,12,118,182,32,214,332
03/08/2023,MHR,CA,AWP,WE,Federal Contract Tower,10,15,14,9,48,0,18,36,2,56,10,33,50,11,104,126,20,146,250
03/09/2023,MHR,CA,AWP,WE,Federal Contract Tower,6,15,16,7,44,0,11,28,5,44,6,26,44,12,88,104,16,120,208
03/10/2023,MHR,CA,AWP,WE,Federal Contract Tower,11,9,13,16,49,0,15,22,6,43,11,24,35,22,92,78,50,128,220
03/11/2023,MHR,CA,AWP,WE,Federal Contract Tower,2,10,6,3,21,0,2,2,0,4,2,12,8,3,25,0,0,0,25
03/12/2023,MHR,CA,AWP,WE,Federal Contract Tower,2,6,7,2,17,0,2,3,0,5,2,8,10,2,22,0,0,0,22
03/13/2023,MHR,CA,AWP,WE,Federal Contract Tower,3,10,13,4,30,0,16,19,6,41,3,26,32,10,71,50,10,60,131
03/14/2023,MHR,CA,AWP,WE,Federal Contract Tower,8,12,6,0,26,0,2,0,0,2,8,14,6,0,28,0,0,0,28
03/15/2023,MHR,CA,AWP,WE,Federal Contract Tower,10,4,44,10,68,0,14,36,15,65,10,18,80,25,133,128,38,166,299
03/16/2023,MHR,CA,AWP,WE,Federal Contract Tower,9,15,57,6,87,0,24,60,7,91,9,39,117,13,178,150,34,184,362
03/17/2023,MHR,CA,AWP,WE,Federal Contract Tower,6,2,38,6,52,0,10,50,4,64,6,12,88,10,116,88,22,110,226
03/18/2023,MHR,CA,AWP,WE,Federal Contract Tower,1,3,21,2,27,0,15,22,0,37,1,18,43,2,64,50,0,50,114
03/19/2023,MHR,CA,AWP,WE,Federal Contract Tower,2,8,6,0,16,0,0,1,0,1,2,8,7,0,17,0,0,0,17
03/20/2023,MHR,CA,AWP,WE,Federal Contract Tower,3,5,32,2,42,0,26,33,11,70,3,31,65,13,112,106,34,140,252
03/21/2023,MHR,CA,AWP,WE,Federal Contract Tower,8,8,6,19,41,0,4,1,0,5,8,12,7,19,46,0,0,0,46
03/22/2023,MHR,CA,AWP,WE,Federal Contract Tower,12,15,14,4,45,0,13,18,6,37,12,28,32,10,82,54,20,74,156
03/23/2023,MHR,CA,AWP,WE,Federal Contract Tower,10,11,31,1,53,0,19,47,1,67,10,30,78,2,120,110,16,126,246
03/24/2023,MHR,CA,AWP,WE,Federal Contract Tower,5,10,51,5,71,0,14,56,0,70,5,24,107,5,141,120,0,120,261
03/25/2023,MHR,CA,AWP,WE,Federal Contract Tower,2,9,35,0,46,0,14,26,0,40,2,23,61,0,86,20,0,20,106
03/26/2023,MHR,CA,AWP,WE,Federal Contract Tower,2,7,31,0,40,0,27,38,0,65,2,34,69,0,105,98,0,98,203
03/27/2023,MHR,CA,AWP,WE,Federal Contract Tower,4,8,34,2,48,0,43,41,4,88,4,51,75,6,136,108,14,122,258
03/28/2023,MHR,CA,AWP,WE,Federal Contract Tower,4,7,0,0,11,0,6,1,0,7,4,13,1,0,18,0,0,0,18
03/29/2023,MHR,CA,AWP,WE,Federal Contract Tower,11,14,7,2,34,0,4,4,5,13,11,18,11,7,47,8,12,20,67
03/30/2023,MHR,CA,AWP,WE,Federal Contract Tower,10,13,30,4,57,0,20,31,2,53,10,33,61,6,110,88,22,110,220
03/31/2023,MHR,CA,AWP,WE,Federal Contract Tower,10,12,14,12,48,0,22,57,1,80,10,34,71,13,128,134,10,144,272
04/01/2023,MHR,CA,AWP,WE,Federal Contract Tower,2,1,28,0,31,0,28,56,0,84,2,29,84,0,115,112,0,112,227
04/02/2023,MHR,CA,AWP,WE,Federal Contract Tower,2,8,22,0,32,0,34,17,0,51,2,42,39,0,83,46,0,46,129
04/03/2023,MHR,CA,AWP,WE,Federal Contract Tower,5,8,5,1,19,0,11,23,1,35,5,19,28,2,54,10,0,10,64
04/04/2023,MHR,CA,AWP,WE,Federal Contract Tower,12,3,10,12,37,0,20,65,0,85,12,23,75,12,122,102,4,106,228
04/05/2023,MHR,CA,AWP,WE,Federal Contract Tower,12,7,31,6,56,0,28,51,6,85,12,35,82,12,141,138,38,176,317
04/06/2023,MHR,CA,AWP,WE,Federal Contract Tower,12,10,23,6,51,0,26,73,7,106,12,36,96,13,157,92,8,100,257
04/07/2023,MHR,CA,AWP,WE,Federal Contract Tower,11,13,27,4,55,0,15,25,4,44,11,28,52,8,99,28,10,38,137
04/08/2023,MHR,CA,AWP,WE,Federal Contract Tower,6,0,21,0,27,0,14,36,2,52,6,14,57,2,79,52,0,52,131
04/09/2023,MHR,CA,AWP,WE,Federal Contract Tower,3,4,30,0,37,0,5,66,0,71,3,9,96,0,108,64,0,64,172
04/10/2023,MHR,CA,AWP,WE,Federal Contract Tower,4,2,20,1,27,0,12,47,0,59,4,14,67,1,86,78,0,78,164
04/11/2023,MHR,CA,AWP,WE,Federal Contract Tower,12,19,16,6,53,0,21,41,1,63,12,40,57,7,116,62,0,62,178
04/12/2023,MHR,CA,AWP,WE,Federal Contract Tower,12,10,17,9,48,0,35,61,9,105,12,45,78,18,153,36,0,36,189
04/13/2023,MHR,CA,AWP,WE,Federal Contract Tower,12,8,31,1,52,0,31,46,13,90,12,39,77,14,142,48,8,56,198
04/14/2023,MHR,CA,AWP,WE,Federal Contract Tower,9,12,21,6,48,0,29,81,19,129,9,41,102,25,177,74,26,100,277
04/15/2023,MHR,CA,AWP,WE,Federal Contract Tower,2,7,19,9,37,0,17,42,4,63,2,24,61,13,100,48,16,64,164
04/16/2023,MHR,CA,AWP,WE,Federal Contract Tower,2,6,13,5,26,0,12,55,3,70,2,18,68,8,96,68,0,68,164
04/17/2023,MHR,CA,AWP,WE,Federal Contract Tower,4,6,19,9,38,0,16,46,2,64,4,22,65,11,102,20,0,20,122
04/18/2023,MHR,CA,AWP,WE,Federal Contract Tower,12,14,17,14,57,0,28,85,11,124,12,42,102,25,181,114,2,116,297
04/19/2023,MHR,CA,AWP,WE,Federal Contract Tower,14,11,22,8,55,0,31,66,13,110,14,42,88,21,165,46,0,46,211
04/20/2023,MHR,CA,AWP,WE,Federal Contract Tower,12,12,38,3,65,0,37,76,8,121,12,49,114,11,186,64,0,64,250
04/21/2023,MHR,CA,AWP,WE,Federal Contract Tower,12,11,19,9,51,0,25,58,3,86,12,36,77,12,137,36,0,36,173
04/22/2023,MHR,CA,AWP,WE,Federal Contract Tower,3,6,14,2,25,0,10,45,12,67,3,16,59,14,92,42,2,44,136
04/23/2023,MHR,CA,AWP,WE,Federal Contract Tower,3,8,24,1,36,0,18,53,15,86,3,26,77,16,122,18,20,38,160
04/24/2023,MHR,CA,AWP,WE,Federal Contract Tower,4,4,24,1,33,0,18,53,0,71,4,22,77,1,104,34,0,34,138
04/25/2023,MHR,CA,AWP,WE,Federal Contract Tower,12,6,25,8,51,0,31,43,3,77,12,37,68,11,128,12,0,12,140
04/26/2023,MHR,CA,AWP,WE,Federal Contract Tower,12,9,27,4,52,0,21,80,14,115,12,30,107,18,167,76,8,84,251
04/27/2023,MHR,CA,AWP,WE,Federal Contract Tower,12,12,21,14,59,0,27,62,10,99,12,39,83,24,158,60,26,86,244
04/28/2023,MHR,CA,AWP,WE,Federal Contract Tower,9,12,22,2,45,0,15,94,7,116,9,27,116,9,161,114,0,114,275
04/29/2023,MHR,CA,AWP,WE,Federal Contract Tower,2,9,23,0,34,0,12,88,0,100,2,21,111,0,134,36,0,36,170
04/30/2023,MHR,CA,AWP,WE,Federal Contract Tower,2,7,27,0,36,0,8,34,0,42,2,15,61,0,78,42,0,42,120
05/01/2023,MHR,CA,AWP,WE,Federal Contract Tower,4,3,24,11,42,0,9,22,5,36,4,12,46,16,78,42,2,44,122
05/02/2023,MHR,CA,AWP,WE,Federal Contract Tower,12,15,9,9,45,0,13,11,10,34,12,28,20,19,79,6,18,24,103
05/03/2023,MHR,CA,AWP,WE,Federal Contract Tower,12,18,30,9,69,0,42,81,5,128,12,60,111,14,197,94,2,96,293
05/04/2023,MHR,CA,AWP,WE,Federal Contract Tower,12,18,15,13,58,0,19,31,10,60,12,37,46,23,118,12,22,34,152
05/05/2023,MHR,CA,AWP,WE,Federal Contract Tower,9,8,22,7,46,0,28,56,4,88,9,36,78,11,134,170,28,198,332
05/06/2023,MHR,CA,AWP,WE,Federal Contract Tower,2,6,10,0,18,0,11,7,2,20,2,17,17,2,38,4,0,4,42
05/07/2023,MHR,CA,AWP,WE,Federal Contract Tower,2,6,21,0,29,0,7,67,3,77,2,13,88,3,106,72,0,72,178
05/08/2023,MHR,CA,AWP,WE,Federal Contract Tower,4,7,20,7,38,0,10,72,11,93,4,17,92,18,131,32,16,48,179
05/09/2023,MHR,CA,AWP,WE,Federal Contract Tower,12,3,25,16,56,0,17,101,10,128,12,20,126,26,184,34,8,42,226
05/10/2023,MHR,CA,AWP,WE,Federal Contract Tower,12,15,31,18,76,0,29,54,18,101,12,44,85,36,177,44,16,60,237
05/11/2023,MHR,CA,AWP,WE,Federal Contract Tower,11,10,16,5,42,0,35,64,18,117,11,45,80,23,159,68,30,98,257
05/12/2023,MHR,CA,AWP,WE,Federal Contract Tower,10,7,30,1,48,0,35,73,4,112,10,42,103,5,160,48,0,48,208
05/13/2023,MHR,CA,AWP,WE,Federal Contract Tower,2,8,10,1,21,0,20,43,2,65,2,28,53,3,86,82,0,82,168
05/14/2023,MHR,CA,AWP,WE,Federal Contract Tower,2,2,5,0,9,0,13,39,0,52,2,15,44,0,61,108,0,108,169
05/15/2023,MHR,CA,AWP,WE,Federal Contract Tower,4,3,20,11,38,0,8,76,19,103,4,11,96,30,141,72,12,84,225
05/16/2023,MHR,CA,AWP,WE,Federal Contract Tower,12,6,18,39,75,0,19,57,45,121,12,25,75,84,196,38,34,72,268
05/17/2023,MHR,CA,AWP,WE,Federal Contract Tower,12,11,13,7,43,0,24,67,6,97,12,35,80,13,140,44,10,54,194
05/18/2023,MHR,CA,AWP,WE,Federal Contract Tower,12,5,24,5,46,0,22,73,4,99,12,27,97,9,145,78,4,82,227
05/19/2023,MHR,CA,AWP,WE,Federal Contract Tower,9,8,15,3,35,0,14,55,6,75,9,22,70,9,110,132,0,132,242
05/20/2023,MHR,CA,AWP,WE,Federal Contract Tower,1,6,13,2,22,0,8,54,6,68,1,14,67,8,90,66,0,66,156
05/21/2023,MHR,CA,AWP,WE,Federal Contract Tower,2,5,15,2,24,0,5,61,5,71,2,10,76,7,95,86,0,86,181
05/22/2023,MHR,CA,AWP,WE,Federal Contract Tower,5,7,16,30,58,3,15,61,1,80,8,22,77,31,138,62,0,62,200
05/23/2023,MHR,CA,AWP,WE,Federal Contract Tower,12,9,29,8,58,0,17,69,22,108,12,26,98,30,166,78,38,116,282
05/24/2023,MHR,CA,AWP,WE,Federal Contract Tower,12,12,33,6,63,0,23,45,14,82,12,35,78,20,145,110,0,110,255
05/25/2023,MHR,CA,AWP,WE,Federal Contract Tower,12,11,24,10,57,0,20,58,15,93,12,31,82,25,150,110,26,136,286
05/26/2023,MHR,CA,AWP,WE,Federal Contract Tower,9,12,25,12,58,0,16,47,5,68,9,28,72,17,126,44,6,50,176
05/27/2023,MHR,CA,AWP,WE,Federal Contract Tower,2,18,14,0,34,0,13,17,3,33,2,31,31,3,67,60,0,60,127
05/28/2023,MHR,CA,AWP,WE,Federal Contract Tower,0,5,15,0,20,0,4,22,0,26,0,9,37,0,46,92,0,92,138
05/29/2023,MHR,CA,AWP,WE,Federal Contract Tower,0,0,13,8,21,0,5,34,6,45,0,5,47,14,66,6,0,6,72
05/30/2023,MHR,CA,AWP,WE,Federal Contract Tower,4,14,25,14,57,0,15,50,10,75,4,29,75,24,132,80,0,80,212
05/31/2023,MHR,CA,AWP,WE,Federal Contract Tower,12,16,39,11,78,0,18,54,20,92,12,34,93,31,170,42,10,52,222
06/01/2023,MHR,CA,AWP,WE,Federal Contract Tower,12,3,26,21,62,0,27,74,11,112,12,30,100,32,174,74,8,82,256
06/02/2023,MHR,CA,AWP,WE,Federal Contract Tower,4,15,29,15,63,0,20,43,9,72,4,35,72,24,135,28,2,30,165
06/03/2023,MHR,CA,AWP,WE,Federal Contract Tower,2,6,14,0,22,0,17,47,4,68,2,23,61,4,90,34,0,34,124
06/04/2023,MHR,CA,AWP,WE,Federal Contract Tower,2,11,11,2,26,0,4,41,2,47,2,15,52,4,73,48,0,48,121
06/05/2023,MHR,CA,AWP,WE,Federal Contract Tower,4,5,12,2,23,0,6,35,11,52,4,11,47,13,75,66,0,66,141
06/06/2023,MHR,CA,AWP,WE,Federal Contract Tower,12,7,15,13,47,0,16,41,6,63,12,23,56,19,110,70,2,72,182
06/07/2023,MHR,CA,AWP,WE,Federal Contract Tower,12,11,26,4,53,0,21,57,11,89,12,32,83,15,142,104,0,104,246
06/08/2023,MHR,CA,AWP,WE,Federal Contract Tower,12,10,23,5,50,0,22,74,7,103,12,32,97,12,153,110,0,110,263
06/09/2023,MHR,CA,AWP,WE,Federal Contract Tower,7,6,19,1,33,0,17,43,9,69,7,23,62,10,102,90,6,96,198
06/10/2023,MHR,CA,AWP,WE,Federal Contract Tower,2,5,12,0,19,0,12,46,1,59,2,17,58,1,78,70,0,70,148
06/11/2023,MHR,CA,AWP,WE,Federal Contract Tower,2,3,15,2,22,0,9,44,3,56,2,12,59,5,78,66,0,66,144
06/12/2023,MHR,CA,AWP,WE,Federal Contract Tower,4,8,21,6,39,0,13,30,7,50,4,21,51,13,89,56,0,56,145
06/13/2023,MHR,CA,AWP,WE,Federal Contract Tower,12,9,17,5,43,0,18,59,15,92,12,27,76,20,135,58,14,72,207
06/14/2023,MHR,CA,AWP,WE,Federal Contract Tower,12,11,29,4,56,0,30,83,2,115,12,41,112,6,171,72,0,72,243
06/15/2023,MHR,CA,AWP,WE,Federal Contract Tower,12,5,27,15,59,0,23,52,7,82,12,28,79,22,141,32,6,38,179
06/16/2023,MHR,CA,AWP,WE,Federal Contract Tower,7,10,29,9,55,0,17,83,7,107,7,27,112,16,162,46,0,46,208
06/17/2023,MHR,CA,AWP,WE,Federal Contract Tower,2,8,16,0,26,0,17,60,0,77,2,25,76,0,103,118,0,118,221
06/18/2023,MHR,CA,AWP,WE,Federal Contract Tower,2,7,19,3,31,0,13,38,1,52,2,20,57,4,83,82,0,82,165
06/19/2023,MHR,CA,AWP,WE,Federal Contract Tower,4,4,19,2,29,0,9,44,1,54,4,13,63,3,83,4,8,12,95
06/20/2023,MHR,CA,AWP,WE,Federal Contract Tower,12,3,14,11,40,2,19,52,21,94,14,22,66,32,134,58,2,60,194
06/21/2023,MHR,CA,AWP,WE,Federal Contract Tower,12,8,23,15,58,0,18,57,12,87,12,26,80,27,145,46,16,62,207
06/22/2023,MHR,CA,AWP,WE,Federal Contract Tower,12,15,20,17,64,0,38,56,8,102,12,53,76,25,166,44,26,70,236
06/23/2023,MHR,CA,AWP,WE,Federal Contract Tower,7,10,34,12,63,0,21,81,7,109,7,31,115,19,172,100,0,100,272
06/24/2023,MHR,CA,AWP,WE,Federal Contract Tower,2,10,20,1,33,0,9,54,2,65,2,19,74,3,98,52,3,55,153
06/25/2023,MHR,CA,AWP,WE,Federal Contract Tower,2,4,30,1,37,0,10,50,3,63,2,14,80,4,100,50,0,50,150
06/26/2023,MHR,CA,AWP,WE,Federal Contract Tower,4,6,17,5,32,0,25,47,4,76,4,31,64,9,108,50,8,58,166
06/27/2023,MHR,CA,AWP,WE,Federal Contract Tower,12,9,17,7,45,0,30,46,0,76,12,39,63,7,121,74,10,84,205
06/28/2023,MHR,CA,AWP,WE,Federal Contract Tower,12,10,23,11,56,0,25,37,17,79,12,35,60,28,135,28,20,48,183
06/29/2023,MHR,CA,AWP,WE,Federal Contract Tower,12,5,21,13,51,0,25,63,11,99,12,30,84,24,150,60,0,60,210
06/30/2023,MHR,CA,AWP,WE,Federal Contract Tower,7,7,16,10,40,0,18,55,15,88,7,25,71,25,128,78,8,86,214
07/01/2023,MHR,CA,AWP,WE,Federal Contract Tower,2,6,24,5,37,0,11,30,1,42,2,17,54,6,79,8,0,8,87
07/02/2023,MHR,CA,AWP,WE,Federal Contract Tower,2,0,10,4,16,0,3,34,0,37,2,3,44,4,53,72,0,72,125
07/03/2023,MHR,CA,AWP,WE,Federal Contract Tower,3,3,10,2,18,0,16,53,2,71,3,19,63,4,89,36,0,36,125
07/04/2023,MHR,CA,AWP,WE,Federal Contract Tower,2,3,5,0,10,0,2,14,0,16,2,5,19,0,26,2,0,2,28
07/05/2023,MHR,CA,AWP,WE,Federal Contract Tower,11,5,17,11,44,0,34,50,3,87,11,39,67,14,131,4,0,4,135
07/06/2023,MHR,CA,AWP,WE,Federal Contract Tower,12,5,20,5,42,0,19,53,6,78,12,24,73,11,120,38,16,54,174
07/07/2023,MHR,CA,AWP,WE,Federal Contract Tower,7,13,24,3,47,0,14,66,7,87,7,27,90,10,134,144,0,144,278
07/08/2023,MHR,CA,AWP,WE,Federal Contract Tower,2,10,16,0,28,0,10,52,0,62,2,20,68,0,90,158,0,158,248
07/09/2023,MHR,CA,AWP,WE,Federal Contract Tower,2,7,25,3,37,0,9,32,0,41,2,16,57,3,78,60,0,60,138
07/10/2023,MHR,CA,AWP,WE,Federal Contract Tower,4,6,28,4,42,0,10,57,2,69,4,16,85,6,111,38,6,44,155
07/11/2023,MHR,CA,AWP,WE,Federal Contract Tower,12,5,31,11,59,0,14,78,15,107,12,19,109,26,166,96,30,126,292
07/12/2023,MHR,CA,AWP,WE,Federal Contract Tower,12,7,28,17,64,0,21,71,13,105,12,28,99,30,169,90,18,108,277
07/13/2023,MHR,CA,AWP,WE,Federal Contract Tower,12,7,35,6,60,0,17,68,6,91,12,24,103,12,151,136,0,136,287
07/14/2023,MHR,CA,AWP,WE,Federal Contract Tower,7,5,22,2,36,0,26,54,1,81,7,31,76,3,117,56,0,56,173
07/15/2023,MHR,CA,AWP,WE,Federal Contract Tower,2,4,13,0,19,0,8,56,0,64,2,12,69,0,83,70,0,70,153
07/16/2023,MHR,CA,AWP,WE,Federal Contract Tower,2,10,15,0,27,0,11,31,0,42,2,21,46,0,69,82,0,82,151
07/17/2023,MHR,CA,AWP,WE,Federal Contract Tower,6,8,25,16,55,0,16,49,1,66,6,24,74,17,121,48,12,60,181
07/18/2023,MHR,CA,AWP,WE,Federal Contract Tower,14,6,21,9,50,0,18,35,15,68,14,24,56,24,118,143,28,171,289
07/19/2023,MHR,CA,AWP,WE,Federal Contract Tower,15,8,26,10,59,0,25,71,7,103,15,33,97,17,162,86,16,102,264
07/20/2023,MHR,CA,AWP,WE,Federal Contract Tower,13,9,32,5,59,0,35,60,6,101,13,44,92,11,160,60,18,78,238
07/21/2023,MHR,CA,AWP,WE,Federal Contract Tower,9,5,29,5,48,6,38,53,4,101,15,43,82,9,149,134,30,164,313
07/22/2023,MHR,CA,AWP,WE,Federal Contract Tower,2,2,24,3,31,0,7,44,2,53,2,9,68,5,84,165,0,165,249
07/23/2023,MHR,CA,AWP,WE,Federal Contract Tower,2,7,21,4,34,0,11,33,1,45,2,18,54,5,79,156,0,156,235
07/24/2023,MHR,CA,AWP,WE,Federal Contract Tower,5,9,13,19,46,0,9,68,8,85,5,18,81,27,131,76,38,114,245
07/25/2023,MHR,CA,AWP,WE,Federal Contract Tower,14,11,29,8,62,0,20,60,6,86,14,31,89,14,148,38,6,44,192
07/26/2023,MHR,CA,AWP,WE,Federal Contract Tower,14,6,29,4,53,0,28,62,15,105,14,34,91,19,158,58,8,66,224
07/27/2023,MHR,CA,AWP,WE,Federal Contract Tower,13,13,20,4,50,0,29,97,8,134,13,42,117,12,184,156,30,186,370
07/30/2023,MHR,CA,AWP,WE,Federal Contract Tower,3,10,16,0,29,0,3,52,0,55,3,13,68,0,84,96,0,96,180
07/31/2023,MHR,CA,AWP,WE,Federal Contract Tower,5,5,17,4,31,0,8,52,5,65,5,13,69,9,96,42,0,42,138
08/01/2023,MHR,CA,AWP,WE,Federal Contract Tower,14,7,16,19,56,0,16,93,12,121,14,23,109,31,177,98,40,138,315
08/02/2023,MHR,CA,AWP,WE,Federal Contract Tower,12,7,17,9,45,0,30,73,10,113,12,37,90,19,158,104,26,130,288
08/03/2023,MHR,CA,AWP,WE,Federal Contract Tower,13,6,24,10,53,0,25,60,3,88,13,31,84,13,141,64,28,92,233
08/06/2023,MHR,CA,AWP,WE,Federal Contract Tower,3,6,29,2,40,0,10,54,2,66,3,16,83,4,106,128,0,128,234
08/08/2023,MHR,CA,AWP,WE,Federal Contract Tower,16,4,10,16,46,0,16,53,8,77,16,20,63,24,123,102,12,114,237
08/09/2023,MHR,CA,AWP,WE,Federal Contract Tower,14,8,24,11,57,0,23,50,6,79,14,31,74,17,136,70,22,92,228
08/10/2023,MHR,CA,AWP,WE,Federal Contract Tower,13,8,16,9,46,0,23,69,7,99,13,31,85,16,145,174,12,186,331
08/11/2023,MHR,CA,AWP,WE,Federal Contract Tower,7,12,23,12,54,0,17,67,4,88,7,29,90,16,142,86,20,106,248
08/12/2023,MHR,CA,AWP,WE,Federal Contract Tower,2,4,18,5,29,0,3,71,3,77,2,7,89,8,106,108,18,126,232
08/13/2023,MHR,CA,AWP,WE,Federal Contract Tower,3,1,12,4,20,0,6,50,3,59,3,7,62,7,79,116,4,120,199
08/14/2023,MHR,CA,AWP,WE,Federal Contract Tower,34,42,0,0,76,0,8,11,0,19,34,50,11,0,95,48,0,48,143
08/16/2023,MHR,CA,AWP,WE,Federal Contract Tower,12,8,15,12,47,0,17,81,17,115,12,25,96,29,162,76,26,102,264
08/17/2023,MHR,CA,AWP,WE,Federal Contract Tower,13,7,36,5,61,0,23,72,5,100,13,30,108,10,161,124,8,132,293
08/18/2023,MHR,CA,AWP,WE,Federal Contract Tower,7,4,18,15,44,0,16,57,1,74,7,20,75,16,118,100,14,114,232
08/19/2023,MHR,CA,AWP,WE,Federal Contract Tower,3,8,12,2,25,0,9,34,0,43,3,17,46,2,68,82,0,82,150
08/20/2023,MHR,CA,AWP,WE,Federal Contract Tower,3,7,20,0,30,0,11,36,0,47,3,18,56,0,77,60,0,60,137
08/21/2023,MHR,CA,AWP,WE,Federal Contract Tower,35,26,0,0,61,0,0,0,0,0,35,26,0,0,61,30,0,30,91
08/22/2023,MHR,CA,AWP,WE,Federal Contract Tower,14,6,11,20,51,0,19,63,12,94,14,25,74,32,145,88,25,113,258
08/23/2023,MHR,CA,AWP,WE,Federal Contract Tower,13,9,5,8,35,0,25,60,13,98,13,34,65,21,133,136,24,160,293
08/24/2023,MHR,CA,AWP,WE,Federal Contract Tower,13,9,16,6,44,0,25,92,3,120,13,34,108,9,164,158,16,174,338
08/25/2023,MHR,CA,AWP,WE,Federal Contract Tower,6,13,23,9,51,0,17,70,13,100,6,30,93,22,151,156,28,184,335
08/26/2023,MHR,CA,AWP,WE,Federal Contract Tower,2,3,9,1,15,0,9,57,4,70,2,12,66,5,85,138,4,142,227
08/27/2023,MHR,CA,AWP,WE,Federal Contract Tower,3,5,26,5,39,0,1,65,1,67,3,6,91,6,106,74,14,88,194
08/28/2023,MHR,CA,AWP,WE,Federal Contract Tower,6,8,20,4,38,0,14,51,4,69,6,22,71,8,107,104,0,104,211
08/29/2023,MHR,CA,AWP,WE,Federal Contract Tower,15,6,21,13,55,0,23,76,22,121,15,29,97,35,176,124,44,168,344
08/30/2023,MHR,CA,AWP,WE,Federal Contract Tower,12,3,18,15,48,0,29,52,13,94,12,32,70,28,142,52,22,74,216
08/31/2023,MHR,CA,AWP,WE,Federal Contract Tower,13,8,19,3,43,0,25,77,10,112,13,33,96,13,155,124,2,126,281
