01/01/2020,MHT,NH,ANE,EN,Towers with Radar,31,12,8,0,51,0,4,6,0,10,31,16,14,0,61,28,0,28,89
01/02/2020,MHT,NH,ANE,EN,Towers with Radar,57,59,13,1,130,0,4,14,0,18,57,63,27,1,148,8,0,8,156
01/03/2020,MHT,NH,ANE,EN,Towers with Radar,49,38,11,0,98,0,3,7,0,10,49,41,18,0,108,12,0,12,120
01/04/2020,MHT,NH,ANE,EN,Towers with Radar,43,16,5,1,65,0,0,0,0,0,43,16,5,1,65,0,0,0,65
01/05/2020,MHT,NH,ANE,EN,Towers with Radar,42,19,8,2,71,0,2,2,0,4,42,21,10,2,75,0,0,0,75
01/06/2020,MHT,NH,ANE,EN,Towers with Radar,44,29,13,0,86,0,3,10,0,13,44,32,23,0,99,2,0,2,101
01/07/2020,MHT,NH,ANE,EN,Towers with Radar,45,52,19,0,116,0,3,7,1,11,45,55,26,1,127,12,0,12,139
01/08/2020,MHT,NH,ANE,EN,Towers with Radar,50,45,15,0,110,0,3,4,0,7,50,48,19,0,117,4,0,4,121
01/09/2020,MHT,NH,ANE,EN,Towers with Radar,47,60,25,0,132,0,6,15,0,21,47,66,40,0,153,0,0,0,153
01/10/2020,MHT,NH,ANE,EN,Towers with Radar,43,39,18,4,104,0,1,11,0,12,43,40,29,4,116,4,0,4,120
01/11/2020,MHT,NH,ANE,EN,Towers with Radar,44,18,8,0,70,0,3,6,0,9,44,21,14,0,79,0,0,0,79
01/12/2020,MHT,NH,ANE,EN,Towers with Radar,40,19,1,0,60,0,3,0,0,3,40,22,1,0,63,0,0,0,63
01/13/2020,MHT,NH,ANE,EN,Towers with Radar,41,35,6,0,82,0,2,0,2,4,41,37,6,2,86,2,0,2,88
01/14/2020,MHT,NH,ANE,EN,Towers with Radar,49,44,13,2,108,0,0,5,0,5,49,44,18,2,113,0,0,0,113
01/15/2020,MHT,NH,ANE,EN,Towers with Radar,49,51,35,4,139,0,6,21,0,27,49,57,56,4,166,12,0,12,178
01/16/2020,MHT,NH,ANE,EN,Towers with Radar,47,56,12,0,115,0,3,0,0,3,47,59,12,0,118,0,0,0,118
01/17/2020,MHT,NH,ANE,EN,Towers with Radar,45,44,13,0,102,0,6,4,0,10,45,50,17,0,112,0,0,0,112
01/18/2020,MHT,NH,ANE,EN,Towers with Radar,44,12,7,0,63,0,3,11,0,14,44,15,18,0,77,24,0,24,101
01/19/2020,MHT,NH,ANE,EN,Towers with Radar,36,23,13,0,72,0,5,9,0,14,36,28,22,0,86,0,0,0,86
01/20/2020,MHT,NH,ANE,EN,Towers with Radar,38,46,27,0,111,0,14,14,0,28,38,60,41,0,139,8,0,8,147
01/21/2020,MHT,NH,ANE,EN,Towers with Radar,51,48,23,4,126,0,1,18,0,19,51,49,41,4,145,26,0,26,171
01/22/2020,MHT,NH,ANE,EN,Towers with Radar,51,44,30,0,125,0,4,17,0,21,51,48,47,0,146,20,0,20,166
01/23/2020,MHT,NH,ANE,EN,Towers with Radar,48,56,18,0,122,0,7,15,0,22,48,63,33,0,144,52,0,52,196
01/24/2020,MHT,NH,ANE,EN,Towers with Radar,42,42,18,0,102,0,9,20,0,29,42,51,38,0,131,74,0,74,205
01/25/2020,MHT,NH,ANE,EN,Towers with Radar,48,14,12,0,74,0,0,0,0,0,48,14,12,0,74,0,0,0,74
01/26/2020,MHT,NH,ANE,EN,Towers with Radar,40,22,16,0,78,0,6,8,0,14,40,28,24,0,92,4,0,4,96
01/27/2020,MHT,NH,ANE,EN,Towers with Radar,43,42,19,0,104,0,11,8,0,19,43,53,27,0,123,0,0,0,123
01/28/2020,MHT,NH,ANE,EN,Towers with Radar,49,59,32,2,142,0,6,18,0,24,49,65,50,2,166,4,0,4,170
01/29/2020,MHT,NH,ANE,EN,Towers with Radar,53,47,25,3,128,0,11,16,2,29,53,58,41,5,157,0,0,0,157
01/30/2020,MHT,NH,ANE,EN,Towers with Radar,48,56,26,0,130,0,5,20,0,25,48,61,46,0,155,14,0,14,169
01/31/2020,MHT,NH,ANE,EN,Towers with Radar,44,49,24,1,118,0,4,20,1,25,44,53,44,2,143,54,0,54,197
02/01/2020,MHT,NH,ANE,EN,Towers with Radar,48,19,8,0,75,0,1,0,0,1,48,20,8,0,76,0,0,0,76
02/02/2020,MHT,NH,ANE,EN,Towers with Radar,38,18,15,0,71,0,4,8,0,12,38,22,23,0,83,0,0,0,83
02/03/2020,MHT,NH,ANE,EN,Towers with Radar,40,43,17,0,100,0,4,7,0,11,40,47,24,0,111,0,0,0,111
02/04/2020,MHT,NH,ANE,EN,Towers with Radar,54,57,22,2,135,0,4,6,0,10,54,61,28,2,145,0,0,0,145
02/05/2020,MHT,NH,ANE,EN,Towers with Radar,48,62,28,4,142,0,2,19,1,22,48,64,47,5,164,36,0,36,200
02/06/2020,MHT,NH,ANE,EN,Towers with Radar,48,40,9,0,97,0,0,0,0,0,48,40,9,0,97,0,0,0,97
02/07/2020,MHT,NH,ANE,EN,Towers with Radar,40,38,7,0,85,0,0,0,0,0,40,38,7,0,85,0,0,0,85
02/08/2020,MHT,NH,ANE,EN,Towers with Radar,46,26,11,2,85,0,2,10,1,13,46,28,21,3,98,8,0,8,106
02/09/2020,MHT,NH,ANE,EN,Towers with Radar,42,29,14,7,92,0,2,10,0,12,42,31,24,7,104,12,0,12,116
02/10/2020,MHT,NH,ANE,EN,Towers with Radar,44,33,12,6,95,0,0,2,0,2,44,33,14,6,97,0,0,0,97
02/11/2020,MHT,NH,ANE,EN,Towers with Radar,58,55,17,3,133,0,0,0,0,0,58,55,17,3,133,0,0,0,133
02/12/2020,MHT,NH,ANE,EN,Towers with Radar,57,60,46,0,163,0,4,25,1,30,57,64,71,1,193,8,0,8,201
02/13/2020,MHT,NH,ANE,EN,Towers with Radar,59,51,10,0,120,0,0,0,0,0,59,51,10,0,120,0,0,0,120
02/14/2020,MHT,NH,ANE,EN,Towers with Radar,50,59,20,0,129,0,8,16,0,24,50,67,36,0,153,34,0,34,187
02/15/2020,MHT,NH,ANE,EN,Towers with Radar,47,21,17,0,85,0,4,18,0,22,47,25,35,0,107,8,0,8,115
02/16/2020,MHT,NH,ANE,EN,Towers with Radar,46,20,11,0,77,0,6,5,0,11,46,26,16,0,88,0,0,0,88
02/17/2020,MHT,NH,ANE,EN,Towers with Radar,43,53,26,0,122,0,2,29,0,31,43,55,55,0,153,0,0,0,153
02/18/2020,MHT,NH,ANE,EN,Towers with Radar,55,70,8,0,133,0,0,1,1,2,55,70,9,1,135,0,0,0,135
02/19/2020,MHT,NH,ANE,EN,Towers with Radar,53,62,17,4,136,0,2,10,0,12,53,64,27,4,148,18,0,18,166
02/20/2020,MHT,NH,ANE,EN,Towers with Radar,54,65,27,0,146,0,4,9,0,13,54,69,36,0,159,0,0,0,159
02/21/2020,MHT,NH,ANE,EN,Towers with Radar,46,46,32,0,124,0,1,27,0,28,46,47,59,0,152,0,0,0,152
02/22/2020,MHT,NH,ANE,EN,Towers with Radar,49,18,32,0,99,0,9,31,0,40,49,27,63,0,139,16,0,16,155
02/23/2020,MHT,NH,ANE,EN,Towers with Radar,45,23,19,0,87,0,8,15,0,23,45,31,34,0,110,0,0,0,110
02/24/2020,MHT,NH,ANE,EN,Towers with Radar,44,38,29,10,121,0,8,33,1,42,44,46,62,11,163,0,0,0,163
02/25/2020,MHT,NH,ANE,EN,Towers with Radar,51,61,30,3,145,0,5,10,1,16,51,66,40,4,161,4,0,4,165
02/26/2020,MHT,NH,ANE,EN,Towers with Radar,50,49,17,0,116,0,0,4,0,4,50,49,21,0,120,0,0,0,120
02/27/2020,MHT,NH,ANE,EN,Towers with Radar,61,52,20,1,134,0,0,0,0,0,61,52,20,1,134,0,0,0,134
02/28/2020,MHT,NH,ANE,EN,Towers with Radar,48,44,10,5,107,0,6,3,1,10,48,50,13,6,117,0,0,0,117
02/29/2020,MHT,NH,ANE,EN,Towers with Radar,49,23,15,0,87,0,5,12,0,17,49,28,27,0,104,0,0,0,104
03/01/2020,MHT,NH,ANE,EN,Towers with Radar,44,18,24,0,86,0,1,10,0,11,44,19,34,0,97,10,0,10,107
03/02/2020,MHT,NH,ANE,EN,Towers with Radar,47,53,23,0,123,0,6,18,0,24,47,59,41,0,147,0,0,0,147
03/03/2020,MHT,NH,ANE,EN,Towers with Radar,52,55,40,4,151,0,5,16,1,22,52,60,56,5,173,14,0,14,187
03/04/2020,MHT,NH,ANE,EN,Towers with Radar,57,56,11,2,126,0,2,1,2,5,57,58,12,4,131,0,0,0,131
03/05/2020,MHT,NH,ANE,EN,Towers with Radar,58,44,10,0,112,0,5,10,0,15,58,49,20,0,127,6,0,6,133
03/06/2020,MHT,NH,ANE,EN,Towers with Radar,51,41,32,0,124,0,4,18,1,23,51,45,50,1,147,20,0,20,167
03/07/2020,MHT,NH,ANE,EN,Towers with Radar,53,19,18,0,90,0,9,12,1,22,53,28,30,1,112,16,0,16,128
03/08/2020,MHT,NH,ANE,EN,Towers with Radar,48,20,24,4,96,0,4,14,0,18,48,24,38,4,114,16,0,16,130
03/09/2020,MHT,NH,ANE,EN,Towers with Radar,54,28,18,0,100,0,5,23,0,28,54,33,41,0,128,8,0,8,136
03/10/2020,MHT,NH,ANE,EN,Towers with Radar,55,48,19,2,124,0,2,15,0,17,55,50,34,2,141,4,0,4,145
03/11/2020,MHT,NH,ANE,EN,Towers with Radar,56,52,33,0,141,0,8,14,0,22,56,60,47,0,163,10,0,10,173
03/12/2020,MHT,NH,ANE,EN,Towers with Radar,55,46,22,10,133,0,3,12,0,15,55,49,34,10,148,6,0,6,154
03/13/2020,MHT,NH,ANE,EN,Towers with Radar,52,38,1,0,91,0,0,0,0,0,52,38,1,0,91,0,0,0,91
03/14/2020,MHT,NH,ANE,EN,Towers with Radar,51,14,8,0,73,0,6,6,0,12,51,20,14,0,85,0,0,0,85
03/15/2020,MHT,NH,ANE,EN,Towers with Radar,48,15,15,0,78,0,5,15,0,20,48,20,30,0,98,0,0,0,98
03/16/2020,MHT,NH,ANE,EN,Towers with Radar,50,32,29,0,111,0,4,18,0,22,50,36,47,0,133,36,0,36,169
03/17/2020,MHT,NH,ANE,EN,Towers with Radar,61,47,5,0,113,0,0,0,0,0,61,47,5,0,113,0,0,0,113
03/18/2020,MHT,NH,ANE,EN,Towers with Radar,57,52,32,0,141,0,0,26,0,26,57,52,58,0,167,10,0,10,177
03/19/2020,MHT,NH,ANE,EN,Towers with Radar,53,47,2,0,102,0,0,0,0,0,53,47,2,0,102,0,0,0,102
03/20/2020,MHT,NH,ANE,EN,Towers with Radar,52,38,6,0,96,0,0,0,0,0,52,38,6,0,96,0,0,0,96
03/21/2020,MHT,NH,ANE,EN,Towers with Radar,47,16,20,0,83,0,4,25,0,29,47,20,45,0,112,44,0,44,156
03/22/2020,MHT,NH,ANE,EN,Towers with Radar,39,12,16,0,67,0,0,14,0,14,39,12,30,0,81,0,0,0,81
03/23/2020,MHT,NH,ANE,EN,Towers with Radar,39,23,5,0,67,0,2,5,0,7,39,25,10,0,74,0,0,0,74
03/24/2020,MHT,NH,ANE,EN,Towers with Radar,46,41,11,0,98,0,0,14,0,14,46,41,25,0,112,0,0,0,112
03/25/2020,MHT,NH,ANE,EN,Towers with Radar,43,34,5,0,82,0,0,1,0,1,43,34,6,0,83,0,0,0,83
03/26/2020,MHT,NH,ANE,EN,Towers with Radar,37,36,17,0,90,0,4,12,0,16,37,40,29,0,106,20,0,20,126
03/27/2020,MHT,NH,ANE,EN,Towers with Radar,41,29,7,0,77,0,4,9,0,13,41,33,16,0,90,28,0,28,118
03/28/2020,MHT,NH,ANE,EN,Towers with Radar,38,8,13,0,59,0,5,19,0,24,38,13,32,0,83,0,0,0,83
03/29/2020,MHT,NH,ANE,EN,Towers with Radar,35,18,7,0,60,0,0,0,0,0,35,18,7,0,60,0,0,0,60
03/30/2020,MHT,NH,ANE,EN,Towers with Radar,30,23,7,0,60,0,0,0,0,0,30,23,7,0,60,0,0,0,60
03/31/2020,MHT,NH,ANE,EN,Towers with Radar,42,41,14,0,97,0,2,8,0,10,42,43,22,0,107,8,0,8,115
04/01/2020,MHT,NH,ANE,EN,Towers with Radar,41,33,8,0,82,0,4,11,0,15,41,37,19,0,97,2,0,2,99
04/02/2020,MHT,NH,ANE,EN,Towers with Radar,37,34,6,2,79,0,1,2,0,3,37,35,8,2,82,0,0,0,82
04/03/2020,MHT,NH,ANE,EN,Towers with Radar,37,27,4,0,68,0,0,0,0,0,37,27,4,0,68,0,0,0,68
04/04/2020,MHT,NH,ANE,EN,Towers with Radar,35,8,4,2,49,0,0,3,0,3,35,8,7,2,52,0,0,0,52
04/05/2020,MHT,NH,ANE,EN,Towers with Radar,32,11,9,4,56,0,1,4,0,5,32,12,13,4,61,0,0,0,61
04/06/2020,MHT,NH,ANE,EN,Towers with Radar,32,27,6,0,65,0,4,4,0,8,32,31,10,0,73,0,0,0,73
04/07/2020,MHT,NH,ANE,EN,Towers with Radar,32,34,8,0,74,0,1,11,0,12,32,35,19,0,86,10,0,10,96
04/08/2020,MHT,NH,ANE,EN,Towers with Radar,38,31,8,2,79,0,2,4,0,6,38,33,12,2,85,0,0,0,85
04/09/2020,MHT,NH,ANE,EN,Towers with Radar,37,27,1,6,71,0,0,1,0,1,37,27,2,6,72,0,0,0,72
04/10/2020,MHT,NH,ANE,EN,Towers with Radar,33,20,7,0,60,0,2,1,0,3,33,22,8,0,63,4,0,4,67
04/11/2020,MHT,NH,ANE,EN,Towers with Radar,25,17,3,0,45,0,5,3,0,8,25,22,6,0,53,18,0,18,71
04/12/2020,MHT,NH,ANE,EN,Towers with Radar,28,5,8,0,41,0,0,4,0,4,28,5,12,0,45,0,0,0,45
04/13/2020,MHT,NH,ANE,EN,Towers with Radar,31,18,1,0,50,0,2,0,0,2,31,20,1,0,52,0,0,0,52
04/14/2020,MHT,NH,ANE,EN,Towers with Radar,33,35,23,0,91,0,0,12,0,12,33,35,35,0,103,0,0,0,103
04/15/2020,MHT,NH,ANE,EN,Towers with Radar,44,31,4,0,79,0,0,19,0,19,44,31,23,0,98,0,0,0,98
04/16/2020,MHT,NH,ANE,EN,Towers with Radar,38,26,9,0,73,0,3,5,0,8,38,29,14,0,81,0,0,0,81
04/17/2020,MHT,NH,ANE,EN,Towers with Radar,34,22,8,0,64,0,0,8,0,8,34,22,16,0,72,0,0,0,72
04/18/2020,MHT,NH,ANE,EN,Towers with Radar,28,8,0,0,36,0,0,0,0,0,28,8,0,0,36,0,0,0,36
04/19/2020,MHT,NH,ANE,EN,Towers with Radar,28,7,15,0,50,0,1,21,0,22,28,8,36,0,72,12,0,12,84
04/20/2020,MHT,NH,ANE,EN,Towers with Radar,27,19,10,0,56,0,3,11,0,14,27,22,21,0,70,6,0,6,76
04/21/2020,MHT,NH,ANE,EN,Towers with Radar,34,29,4,0,67,0,2,4,0,6,34,31,8,0,73,0,0,0,73
04/22/2020,MHT,NH,ANE,EN,Towers with Radar,34,46,4,2,86,0,6,0,0,6,34,52,4,2,92,8,0,8,100
04/23/2020,MHT,NH,ANE,EN,Towers with Radar,30,29,28,4,91,0,0,14,0,14,30,29,42,4,105,14,0,14,119
04/24/2020,MHT,NH,ANE,EN,Towers with Radar,28,23,3,0,54,0,0,2,0,2,28,23,5,0,56,28,0,28,84
04/25/2020,MHT,NH,ANE,EN,Towers with Radar,25,6,24,0,55,0,5,20,0,25,25,11,44,0,80,32,0,32,112
04/26/2020,MHT,NH,ANE,EN,Towers with Radar,29,6,5,0,40,0,0,1,0,1,29,6,6,0,41,0,0,0,41
04/27/2020,MHT,NH,ANE,EN,Towers with Radar,23,20,2,6,51,0,0,0,0,0,23,20,2,6,51,0,0,0,51
04/28/2020,MHT,NH,ANE,EN,Towers with Radar,32,32,20,4,88,0,7,14,0,21,32,39,34,4,109,8,0,8,117
04/29/2020,MHT,NH,ANE,EN,Towers with Radar,30,26,29,4,89,0,2,28,0,30,30,28,57,4,119,56,0,56,175
04/30/2020,MHT,NH,ANE,EN,Towers with Radar,36,34,2,12,84,0,0,0,0,0,36,34,2,12,84,0,0,0,84
05/01/2020,MHT,NH,ANE,EN,Towers with Radar,28,28,16,0,72,0,0,1,0,1,28,28,17,0,73,0,0,0,73
05/02/2020,MHT,NH,ANE,EN,Towers with Radar,25,8,10,0,43,0,4,5,0,9,25,12,15,0,52,0,0,0,52
05/03/2020,MHT,NH,ANE,EN,Towers with Radar,25,4,18,0,47,0,8,8,0,16,25,12,26,0,63,22,0,22,85
05/04/2020,MHT,NH,ANE,EN,Towers with Radar,25,18,13,0,56,0,3,11,0,14,25,21,24,0,70,0,0,0,70
05/05/2020,MHT,NH,ANE,EN,Towers with Radar,33,22,11,4,70,0,2,10,0,12,33,24,21,4,82,14,0,14,96
05/06/2020,MHT,NH,ANE,EN,Towers with Radar,27,28,30,0,85,0,2,27,0,29,27,30,57,0,114,44,0,44,158
05/07/2020,MHT,NH,ANE,EN,Towers with Radar,37,29,14,2,82,0,9,12,0,21,37,38,26,2,103,0,0,0,103
05/08/2020,MHT,NH,ANE,EN,Towers with Radar,33,19,19,0,71,0,0,11,0,11,33,19,30,0,82,0,0,0,82
05/09/2020,MHT,NH,ANE,EN,Towers with Radar,18,5,1,0,24,0,0,0,0,0,18,5,1,0,24,0,0,0,24
05/10/2020,MHT,NH,ANE,EN,Towers with Radar,22,4,3,0,29,0,2,3,0,5,22,6,6,0,34,0,0,0,34
05/11/2020,MHT,NH,ANE,EN,Towers with Radar,22,16,6,0,44,0,2,7,0,9,22,18,13,0,53,20,0,20,73
05/12/2020,MHT,NH,ANE,EN,Towers with Radar,29,27,8,8,72,0,5,6,0,11,29,32,14,8,83,0,0,0,83
05/13/2020,MHT,NH,ANE,EN,Towers with Radar,29,31,23,2,85,0,3,10,0,13,29,34,33,2,98,0,0,0,98
05/14/2020,MHT,NH,ANE,EN,Towers with Radar,28,25,21,2,76,0,3,26,0,29,28,28,47,2,105,14,0,14,119
05/15/2020,MHT,NH,ANE,EN,Towers with Radar,26,26,9,0,61,0,1,7,0,8,26,27,16,0,69,8,0,8,77
05/16/2020,MHT,NH,ANE,EN,Towers with Radar,17,4,10,0,31,0,6,15,0,21,17,10,25,0,52,26,0,26,78
05/17/2020,MHT,NH,ANE,EN,Towers with Radar,21,7,16,0,44,0,1,12,0,13,21,8,28,0,57,14,0,14,71
05/18/2020,MHT,NH,ANE,EN,Towers with Radar,23,18,7,0,48,0,4,7,0,11,23,22,14,0,59,6,0,6,65
05/19/2020,MHT,NH,ANE,EN,Towers with Radar,27,29,10,0,66,0,2,6,0,8,27,31,16,0,74,0,0,0,74
05/20/2020,MHT,NH,ANE,EN,Towers with Radar,33,32,30,2,97,0,9,32,0,41,33,41,62,2,138,16,0,16,154
05/21/2020,MHT,NH,ANE,EN,Towers with Radar,30,27,14,0,71,0,9,23,0,32,30,36,37,0,103,38,0,38,141
05/22/2020,MHT,NH,ANE,EN,Towers with Radar,26,26,21,12,85,0,4,23,0,27,26,30,44,12,112,8,6,14,126
05/23/2020,MHT,NH,ANE,EN,Towers with Radar,18,6,9,0,33,0,5,12,0,17,18,11,21,0,50,0,0,0,50
05/24/2020,MHT,NH,ANE,EN,Towers with Radar,19,6,17,0,42,0,7,9,0,16,19,13,26,0,58,0,0,0,58
05/25/2020,MHT,NH,ANE,EN,Towers with Radar,16,9,17,0,42,0,4,5,0,9,16,13,22,0,51,0,0,0,51
05/26/2020,MHT,NH,ANE,EN,Towers with Radar,21,18,12,8,59,0,3,6,0,9,21,21,18,8,68,14,0,14,82
05/27/2020,MHT,NH,ANE,EN,Towers with Radar,32,28,15,2,77,0,1,19,0,20,32,29,34,2,97,0,0,0,97
05/28/2020,MHT,NH,ANE,EN,Towers with Radar,33,25,36,11,105,0,2,13,0,15,33,27,49,11,120,18,0,18,138
05/29/2020,MHT,NH,ANE,EN,Towers with Radar,27,21,16,0,64,0,2,4,0,6,27,23,20,0,70,0,0,0,70
05/30/2020,MHT,NH,ANE,EN,Towers with Radar,18,5,18,0,41,0,4,11,0,15,18,9,29,0,56,0,0,0,56
05/31/2020,MHT,NH,ANE,EN,Towers with Radar,21,6,16,0,43,0,5,10,0,15,21,11,26,0,58,6,0,6,64
06/01/2020,MHT,NH,ANE,EN,Towers with Radar,23,22,11,2,58,0,5,9,0,14,23,27,20,2,72,0,0,0,72
06/02/2020,MHT,NH,ANE,EN,Towers with Radar,26,29,31,0,86,0,3,35,0,38,26,32,66,0,124,8,0,8,132
06/03/2020,MHT,NH,ANE,EN,Towers with Radar,31,41,14,2,88,0,2,20,0,22,31,43,34,2,110,0,0,0,110
06/04/2020,MHT,NH,ANE,EN,Towers with Radar,34,32,29,1,96,0,4,26,1,31,34,36,55,2,127,0,0,0,127
06/05/2020,MHT,NH,ANE,EN,Towers with Radar,30,22,21,1,74,0,8,15,0,23,30,30,36,1,97,0,0,0,97
06/06/2020,MHT,NH,ANE,EN,Towers with Radar,20,9,10,5,44,0,2,13,1,16,20,11,23,6,60,0,0,0,60
06/07/2020,MHT,NH,ANE,EN,Towers with Radar,27,12,13,0,52,0,1,7,0,8,27,13,20,0,60,0,0,0,60
06/08/2020,MHT,NH,ANE,EN,Towers with Radar,27,18,21,3,69,0,3,15,1,19,27,21,36,4,88,4,0,4,92
06/09/2020,MHT,NH,ANE,EN,Towers with Radar,34,22,23,0,79,0,10,18,0,28,34,32,41,0,107,30,0,30,137
06/10/2020,MHT,NH,ANE,EN,Towers with Radar,34,29,21,15,99,0,6,15,0,21,34,35,36,15,120,4,0,4,124
06/11/2020,MHT,NH,ANE,EN,Towers with Radar,36,37,8,0,81,0,0,1,0,1,36,37,9,0,82,0,0,0,82
06/12/2020,MHT,NH,ANE,EN,Towers with Radar,31,27,21,0,79,0,6,16,0,22,31,33,37,0,101,0,0,0,101
06/13/2020,MHT,NH,ANE,EN,Towers with Radar,26,5,14,0,45,0,3,16,0,19,26,8,30,0,64,0,0,0,64
06/14/2020,MHT,NH,ANE,EN,Towers with Radar,27,12,21,0,60,0,8,19,0,27,27,20,40,0,87,10,0,10,97
06/15/2020,MHT,NH,ANE,EN,Towers with Radar,27,21,19,0,67,0,1,22,1,24,27,22,41,1,91,0,0,0,91
06/16/2020,MHT,NH,ANE,EN,Towers with Radar,36,29,17,0,82,0,5,22,0,27,36,34,39,0,109,0,0,0,109
06/17/2020,MHT,NH,ANE,EN,Towers with Radar,34,40,36,0,110,0,7,33,0,40,34,47,69,0,150,6,0,6,156
06/18/2020,MHT,NH,ANE,EN,Towers with Radar,35,33,22,0,90,0,0,13,0,13,35,33,35,0,103,8,0,8,111
06/19/2020,MHT,NH,ANE,EN,Towers with Radar,37,24,24,0,85,0,4,21,0,25,37,28,45,0,110,36,0,36,146
06/20/2020,MHT,NH,ANE,EN,Towers with Radar,26,9,21,0,56,0,7,16,0,23,26,16,37,0,79,0,0,0,79
06/21/2020,MHT,NH,ANE,EN,Towers with Radar,27,9,14,0,50,0,0,11,0,11,27,9,25,0,61,0,0,0,61
06/22/2020,MHT,NH,ANE,EN,Towers with Radar,26,21,19,0,66,0,0,4,0,4,26,21,23,0,70,0,0,0,70
06/23/2020,MHT,NH,ANE,EN,Towers with Radar,35,26,24,4,89,0,0,22,0,22,35,26,46,4,111,0,0,0,111
06/24/2020,MHT,NH,ANE,EN,Towers with Radar,34,34,15,0,83,0,0,8,0,8,34,34,23,0,91,4,0,4,95
06/25/2020,MHT,NH,ANE,EN,Towers with Radar,35,33,24,6,98,0,6,21,0,27,35,39,45,6,125,0,0,0,125
06/26/2020,MHT,NH,ANE,EN,Towers with Radar,33,26,24,0,83,0,0,32,0,32,33,26,56,0,115,20,0,20,135
06/27/2020,MHT,NH,ANE,EN,Towers with Radar,25,14,16,0,55,0,4,13,0,17,25,18,29,0,72,0,0,0,72
06/28/2020,MHT,NH,ANE,EN,Towers with Radar,29,7,17,0,53,0,5,7,0,12,29,12,24,0,65,0,0,0,65
06/29/2020,MHT,NH,ANE,EN,Towers with Radar,29,22,8,0,59,0,0,1,0,1,29,22,9,0,60,0,0,0,60
06/30/2020,MHT,NH,ANE,EN,Towers with Radar,36,31,15,6,88,0,0,0,0,0,36,31,15,6,88,0,0,0,88
07/01/2020,MHT,NH,ANE,EN,Towers with Radar,35,39,17,4,95,0,0,3,0,3,35,39,20,4,98,0,0,0,98
07/02/2020,MHT,NH,ANE,EN,Towers with Radar,39,32,23,2,96,0,2,17,0,19,39,34,40,2,115,18,0,18,133
07/03/2020,MHT,NH,ANE,EN,Towers with Radar,32,22,24,0,78,0,0,1,0,1,32,22,25,0,79,0,0,0,79
07/04/2020,MHT,NH,ANE,EN,Towers with Radar,20,3,10,0,33,0,3,8,0,11,20,6,18,0,44,0,0,0,44
07/05/2020,MHT,NH,ANE,EN,Towers with Radar,29,6,12,0,47,0,3,6,0,9,29,9,18,0,56,0,0,0,56
07/06/2020,MHT,NH,ANE,EN,Towers with Radar,30,22,21,0,73,0,3,14,0,17,30,25,35,0,90,18,0,18,108
07/07/2020,MHT,NH,ANE,EN,Towers with Radar,37,28,34,0,99,0,5,18,0,23,37,33,52,0,122,12,0,12,134
07/08/2020,MHT,NH,ANE,EN,Towers with Radar,38,37,19,2,96,0,2,1,0,3,38,39,20,2,99,0,0,0,99
07/09/2020,MHT,NH,ANE,EN,Towers with Radar,42,36,17,2,97,0,6,16,0,22,42,42,33,2,119,0,0,0,119
07/10/2020,MHT,NH,ANE,EN,Towers with Radar,40,22,20,1,83,0,2,10,0,12,40,24,30,1,95,8,0,8,103
07/11/2020,MHT,NH,ANE,EN,Towers with Radar,32,11,15,1,59,0,2,2,0,4,32,13,17,1,63,0,0,0,63
07/12/2020,MHT,NH,ANE,EN,Towers with Radar,35,9,15,0,59,0,1,12,0,13,35,10,27,0,72,14,0,14,86
07/13/2020,MHT,NH,ANE,EN,Towers with Radar,33,23,16,0,72,0,1,9,0,10,33,24,25,0,82,12,0,12,94
07/14/2020,MHT,NH,ANE,EN,Towers with Radar,39,32,14,0,85,0,2,9,0,11,39,34,23,0,96,0,0,0,96
07/15/2020,MHT,NH,ANE,EN,Towers with Radar,40,36,23,3,102,0,5,22,1,28,40,41,45,4,130,22,0,22,152
07/16/2020,MHT,NH,ANE,EN,Towers with Radar,42,36,28,3,109,0,4,31,2,37,42,40,59,5,146,8,0,8,154
07/17/2020,MHT,NH,ANE,EN,Towers with Radar,42,25,19,0,86,0,0,5,0,5,42,25,24,0,91,0,0,0,91
07/18/2020,MHT,NH,ANE,EN,Towers with Radar,34,13,26,0,73,0,6,17,0,23,34,19,43,0,96,0,0,0,96
07/19/2020,MHT,NH,ANE,EN,Towers with Radar,33,8,17,4,62,0,4,16,1,21,33,12,33,5,83,0,0,0,83
07/20/2020,MHT,NH,ANE,EN,Towers with Radar,33,25,23,0,81,0,10,14,0,24,33,35,37,0,105,38,0,38,143
07/21/2020,MHT,NH,ANE,EN,Towers with Radar,37,35,21,3,96,0,3,31,1,35,37,38,52,4,131,20,0,20,151
07/22/2020,MHT,NH,ANE,EN,Towers with Radar,41,31,37,7,116,0,1,12,0,13,41,32,49,7,129,20,0,20,149
07/23/2020,MHT,NH,ANE,EN,Towers with Radar,46,39,16,0,101,0,1,5,0,6,46,40,21,0,107,0,0,0,107
07/24/2020,MHT,NH,ANE,EN,Towers with Radar,42,28,44,8,122,0,7,24,0,31,42,35,68,8,153,4,0,4,157
07/25/2020,MHT,NH,ANE,EN,Towers with Radar,32,12,22,0,66,0,4,20,0,24,32,16,42,0,90,0,0,0,90
07/26/2020,MHT,NH,ANE,EN,Towers with Radar,35,5,21,0,61,0,7,12,0,19,35,12,33,0,80,0,0,0,80
07/27/2020,MHT,NH,ANE,EN,Towers with Radar,33,22,20,12,87,0,6,11,0,17,33,28,31,12,104,0,0,0,104
07/28/2020,MHT,NH,ANE,EN,Towers with Radar,35,35,13,5,88,0,5,7,0,12,35,40,20,5,100,0,0,0,100
07/29/2020,MHT,NH,ANE,EN,Towers with Radar,40,36,24,0,100,0,10,30,0,40,40,46,54,0,140,0,0,0,140
07/30/2020,MHT,NH,ANE,EN,Towers with Radar,43,34,28,0,105,0,7,35,0,42,43,41,63,0,147,16,0,16,163
07/31/2020,MHT,NH,ANE,EN,Towers with Radar,40,35,23,0,98,0,2,21,0,23,40,37,44,0,121,14,0,14,135
08/01/2020,MHT,NH,ANE,EN,Towers with Radar,34,16,34,0,84,0,9,30,0,39,34,25,64,0,123,10,0,10,133
08/02/2020,MHT,NH,ANE,EN,Towers with Radar,32,8,41,0,81,0,2,18,0,20,32,10,59,0,101,26,0,26,127
08/03/2020,MHT,NH,ANE,EN,Towers with Radar,34,25,24,0,83,0,7,14,0,21,34,32,38,0,104,14,0,14,118
08/04/2020,MHT,NH,ANE,EN,Towers with Radar,40,27,8,6,81,0,0,10,0,10,40,27,18,6,91,0,0,0,91
08/05/2020,MHT,NH,ANE,EN,Towers with Radar,40,30,24,10,104,0,2,18,5,25,40,32,42,15,129,20,0,20,149
08/06/2020,MHT,NH,ANE,EN,Towers with Radar,43,33,23,0,99,0,5,19,2,26,43,38,42,2,125,0,0,0,125
08/07/2020,MHT,NH,ANE,EN,Towers with Radar,39,25,23,0,87,0,5,20,0,25,39,30,43,0,112,0,0,0,112
08/08/2020,MHT,NH,ANE,EN,Towers with Radar,35,13,20,0,68,0,4,6,0,10,35,17,26,0,78,0,0,0,78
08/09/2020,MHT,NH,ANE,EN,Towers with Radar,34,5,26,0,65,0,3,18,0,21,34,8,44,0,86,0,0,0,86
08/10/2020,MHT,NH,ANE,EN,Towers with Radar,32,23,15,4,74,0,5,10,0,15,32,28,25,4,89,0,0,0,89
08/11/2020,MHT,NH,ANE,EN,Towers with Radar,35,27,29,0,91,0,2,19,0,21,35,29,48,0,112,24,0,24,136
08/12/2020,MHT,NH,ANE,EN,Towers with Radar,35,31,15,0,81,0,9,13,0,22,35,40,28,0,103,20,0,20,123
08/13/2020,MHT,NH,ANE,EN,Towers with Radar,41,31,12,23,107,0,1,16,0,17,41,32,28,23,124,0,0,0,124
08/14/2020,MHT,NH,ANE,EN,Towers with Radar,40,22,21,1,84,0,9,12,1,22,40,31,33,2,106,4,0,4,110
08/15/2020,MHT,NH,ANE,EN,Towers with Radar,30,7,30,0,67,0,0,15,0,15,30,7,45,0,82,0,0,0,82
08/16/2020,MHT,NH,ANE,EN,Towers with Radar,31,10,19,0,60,0,2,3,0,5,31,12,22,0,65,14,0,14,79
08/17/2020,MHT,NH,ANE,EN,Towers with Radar,31,23,26,0,80,0,0,13,0,13,31,23,39,0,93,14,0,14,107
08/18/2020,MHT,NH,ANE,EN,Towers with Radar,34,23,21,2,80,0,2,10,0,12,34,25,31,2,92,0,0,0,92
08/19/2020,MHT,NH,ANE,EN,Towers with Radar,36,30,27,0,93,0,3,16,0,19,36,33,43,0,112,12,0,12,124
08/20/2020,MHT,NH,ANE,EN,Towers with Radar,40,31,29,4,104,0,3,16,0,19,40,34,45,4,123,10,0,10,133
08/21/2020,MHT,NH,ANE,EN,Towers with Radar,38,34,36,0,108,0,6,23,0,29,38,40,59,0,137,6,0,6,143
08/22/2020,MHT,NH,ANE,EN,Towers with Radar,30,11,17,0,58,0,7,14,0,21,30,18,31,0,79,0,0,0,79
08/23/2020,MHT,NH,ANE,EN,Towers with Radar,33,12,7,0,52,0,0,6,0,6,33,12,13,0,58,0,0,0,58
08/24/2020,MHT,NH,ANE,EN,Towers with Radar,31,25,20,2,78,0,2,16,0,18,31,27,36,2,96,10,0,10,106
08/25/2020,MHT,NH,ANE,EN,Towers with Radar,34,29,31,10,104,0,11,17,2,30,34,40,48,12,134,0,0,0,134
08/26/2020,MHT,NH,ANE,EN,Towers with Radar,38,26,26,14,104,0,4,18,0,22,38,30,44,14,126,0,0,0,126
08/27/2020,MHT,NH,ANE,EN,Towers with Radar,40,29,14,2,85,0,2,3,0,5,40,31,17,2,90,0,0,0,90
08/28/2020,MHT,NH,ANE,EN,Towers with Radar,39,31,19,5,94,0,4,8,1,13,39,35,27,6,107,0,0,0,107
08/29/2020,MHT,NH,ANE,EN,Towers with Radar,37,12,9,2,60,0,5,0,0,5,37,17,9,2,65,0,0,0,65
08/30/2020,MHT,NH,ANE,EN,Towers with Radar,33,10,21,0,64,0,10,20,0,30,33,20,41,0,94,6,0,6,100
08/31/2020,MHT,NH,ANE,EN,Towers with Radar,31,27,13,0,71,0,4,13,0,17,31,31,26,0,88,8,4,12,100
09/01/2020,MHT,NH,ANE,EN,Towers with Radar,37,32,23,0,92,0,6,18,0,24,37,38,41,0,116,8,0,8,124
09/02/2020,MHT,NH,ANE,EN,Towers with Radar,38,29,17,1,85,0,1,0,0,1,38,30,17,1,86,0,0,0,86
09/03/2020,MHT,NH,ANE,EN,Towers with Radar,43,28,22,2,95,0,4,12,2,18,43,32,34,4,113,0,0,0,113
09/04/2020,MHT,NH,ANE,EN,Towers with Radar,40,32,24,0,96,0,13,25,0,38,40,45,49,0,134,0,0,0,134
09/05/2020,MHT,NH,ANE,EN,Towers with Radar,28,12,19,0,59,0,10,17,0,27,28,22,36,0,86,8,0,8,94
09/06/2020,MHT,NH,ANE,EN,Towers with Radar,22,6,27,0,55,0,9,20,0,29,22,15,47,0,84,10,0,10,94
09/07/2020,MHT,NH,ANE,EN,Towers with Radar,20,13,25,0,58,0,2,23,0,25,20,15,48,0,83,0,0,0,83
09/08/2020,MHT,NH,ANE,EN,Towers with Radar,26,34,34,6,100,0,6,18,0,24,26,40,52,6,124,2,0,2,126
09/09/2020,MHT,NH,ANE,EN,Towers with Radar,34,23,22,3,82,0,4,11,3,18,34,27,33,6,100,0,0,0,100
09/10/2020,MHT,NH,ANE,EN,Towers with Radar,36,36,30,2,104,0,0,2,0,2,36,36,32,2,106,0,0,0,106
09/11/2020,MHT,NH,ANE,EN,Towers with Radar,34,31,24,0,89,0,7,21,0,28,34,38,45,0,117,10,0,10,127
09/12/2020,MHT,NH,ANE,EN,Towers with Radar,26,8,26,2,62,0,5,24,0,29,26,13,50,2,91,0,0,0,91
09/13/2020,MHT,NH,ANE,EN,Towers with Radar,29,15,31,3,78,0,2,11,0,13,29,17,42,3,91,38,0,38,129
09/14/2020,MHT,NH,ANE,EN,Towers with Radar,25,22,23,0,70,0,1,16,0,17,25,23,39,0,87,10,0,10,97
09/15/2020,MHT,NH,ANE,EN,Towers with Radar,36,33,35,8,112,0,1,38,0,39,36,34,73,8,151,0,0,0,151
09/16/2020,MHT,NH,ANE,EN,Towers with Radar,34,38,21,4,97,0,6,20,0,26,34,44,41,4,123,0,0,0,123
09/17/2020,MHT,NH,ANE,EN,Towers with Radar,34,30,32,6,102,0,3,19,1,23,34,33,51,7,125,0,0,0,125
09/18/2020,MHT,NH,ANE,EN,Towers with Radar,34,24,41,1,100,0,6,10,2,18,34,30,51,3,118,0,0,0,118
09/19/2020,MHT,NH,ANE,EN,Towers with Radar,24,11,23,0,58,0,14,18,0,32,24,25,41,0,90,0,0,0,90
09/20/2020,MHT,NH,ANE,EN,Towers with Radar,28,3,27,0,58,0,5,15,0,20,28,8,42,0,78,0,0,0,78
09/21/2020,MHT,NH,ANE,EN,Towers with Radar,24,36,22,2,84,0,9,12,0,21,24,45,34,2,105,0,0,0,105
09/22/2020,MHT,NH,ANE,EN,Towers with Radar,32,28,27,4,91,0,6,17,0,23,32,34,44,4,114,8,0,8,122
09/23/2020,MHT,NH,ANE,EN,Towers with Radar,34,24,22,8,88,0,3,22,0,25,34,27,44,8,113,10,0,10,123
09/24/2020,MHT,NH,ANE,EN,Towers with Radar,34,22,16,7,79,0,3,13,0,16,34,25,29,7,95,0,0,0,95
09/25/2020,MHT,NH,ANE,EN,Towers with Radar,34,21,29,0,84,0,9,27,0,36,34,30,56,0,120,12,0,12,132
09/26/2020,MHT,NH,ANE,EN,Towers with Radar,23,7,18,0,48,0,4,9,0,13,23,11,27,0,61,0,0,0,61
09/27/2020,MHT,NH,ANE,EN,Towers with Radar,27,2,22,0,51,0,5,8,0,13,27,7,30,0,64,0,0,0,64
09/28/2020,MHT,NH,ANE,EN,Towers with Radar,25,20,27,0,72,0,4,6,0,10,25,24,33,0,82,2,0,2,84
09/29/2020,MHT,NH,ANE,EN,Towers with Radar,32,29,21,2,84,0,0,8,0,8,32,29,29,2,92,2,0,2,94
09/30/2020,MHT,NH,ANE,EN,Towers with Radar,34,33,17,6,90,0,2,2,0,4,34,35,19,6,94,0,24,24,118
10/01/2020,MHT,NH,ANE,EN,Towers with Radar,34,31,22,0,87,0,12,18,0,30,34,43,40,0,117,20,0,20,137
10/02/2020,MHT,NH,ANE,EN,Towers with Radar,34,28,26,0,88,0,3,13,0,16,34,31,39,0,104,16,0,16,120
10/03/2020,MHT,NH,ANE,EN,Towers with Radar,25,4,27,0,56,0,5,24,0,29,25,9,51,0,85,52,0,52,137
10/04/2020,MHT,NH,ANE,EN,Towers with Radar,28,8,26,0,62,0,2,18,0,20,28,10,44,0,82,14,0,14,96
10/05/2020,MHT,NH,ANE,EN,Towers with Radar,26,18,12,0,56,0,2,13,0,15,26,20,25,0,71,0,0,0,71
10/06/2020,MHT,NH,ANE,EN,Towers with Radar,33,31,36,1,101,0,2,26,1,29,33,33,62,2,130,16,0,16,146
10/07/2020,MHT,NH,ANE,EN,Towers with Radar,32,31,15,0,78,0,11,7,0,18,32,42,22,0,96,0,0,0,96
10/08/2020,MHT,NH,ANE,EN,Towers with Radar,42,46,15,0,103,0,4,7,0,11,42,50,22,0,114,0,0,0,114
10/09/2020,MHT,NH,ANE,EN,Towers with Radar,39,30,22,0,91,0,16,26,0,42,39,46,48,0,133,0,0,0,133
10/10/2020,MHT,NH,ANE,EN,Towers with Radar,26,10,13,0,49,0,7,16,0,23,26,17,29,0,72,8,0,8,80
10/11/2020,MHT,NH,ANE,EN,Towers with Radar,33,5,28,0,66,0,10,18,0,28,33,15,46,0,94,0,0,0,94
10/12/2020,MHT,NH,ANE,EN,Towers with Radar,31,27,21,0,79,0,3,19,0,22,31,30,40,0,101,6,0,6,107
10/13/2020,MHT,NH,ANE,EN,Towers with Radar,34,27,17,0,78,0,1,0,0,1,34,28,17,0,79,0,0,0,79
10/14/2020,MHT,NH,ANE,EN,Towers with Radar,36,35,22,8,101,0,5,19,0,24,36,40,41,8,125,12,0,12,137
10/15/2020,MHT,NH,ANE,EN,Towers with Radar,39,29,19,4,91,1,4,26,0,31,40,33,45,4,122,0,0,0,122
10/16/2020,MHT,NH,ANE,EN,Towers with Radar,39,19,36,4,98,0,2,1,0,3,39,21,37,4,101,0,0,0,101
10/17/2020,MHT,NH,ANE,EN,Towers with Radar,29,7,13,0,49,0,1,4,0,5,29,8,17,0,54,0,0,0,54
10/18/2020,MHT,NH,ANE,EN,Towers with Radar,32,5,23,0,60,0,2,25,0,27,32,7,48,0,87,0,0,0,87
10/19/2020,MHT,NH,ANE,EN,Towers with Radar,30,18,30,0,78,0,4,22,1,27,30,22,52,1,105,14,0,14,119
10/20/2020,MHT,NH,ANE,EN,Towers with Radar,32,26,24,5,87,0,0,4,0,4,32,26,28,5,91,0,0,0,91
10/21/2020,MHT,NH,ANE,EN,Towers with Radar,36,21,36,8,101,0,0,1,0,1,36,21,37,8,102,0,0,0,102
10/22/2020,MHT,NH,ANE,EN,Towers with Radar,40,22,33,0,95,0,2,27,0,29,40,24,60,0,124,24,0,24,148
10/23/2020,MHT,NH,ANE,EN,Towers with Radar,38,19,31,1,89,0,5,5,0,10,38,24,36,1,99,20,0,20,119
10/24/2020,MHT,NH,ANE,EN,Towers with Radar,28,12,36,3,79,0,4,8,0,12,28,16,44,3,91,0,0,0,91
10/25/2020,MHT,NH,ANE,EN,Towers with Radar,32,2,20,2,56,0,0,16,1,17,32,2,36,3,73,0,0,0,73
10/26/2020,MHT,NH,ANE,EN,Towers with Radar,30,23,17,4,74,0,0,0,0,0,30,23,17,4,74,0,0,0,74
10/27/2020,MHT,NH,ANE,EN,Towers with Radar,31,32,32,0,95,0,5,21,0,26,31,37,53,0,121,0,0,0,121
10/28/2020,MHT,NH,ANE,EN,Towers with Radar,32,26,37,4,99,0,0,0,0,0,32,26,37,4,99,0,0,0,99
10/29/2020,MHT,NH,ANE,EN,Towers with Radar,36,40,18,0,94,0,0,0,0,0,36,40,18,0,94,0,0,0,94
10/30/2020,MHT,NH,ANE,EN,Towers with Radar,37,16,13,0,66,0,4,2,0,6,37,20,15,0,72,0,0,0,72
10/31/2020,MHT,NH,ANE,EN,Towers with Radar,18,5,33,0,56,0,5,36,0,41,18,10,69,0,97,38,0,38,135
11/01/2020,MHT,NH,ANE,EN,Towers with Radar,27,9,18,0,54,0,1,5,0,6,27,10,23,0,60,22,0,22,82
11/02/2020,MHT,NH,ANE,EN,Towers with Radar,27,21,10,0,58,0,3,5,0,8,27,24,15,0,66,6,0,6,72
11/03/2020,MHT,NH,ANE,EN,Towers with Radar,30,19,11,0,60,0,4,5,0,9,30,23,16,0,69,6,0,6,75
11/04/2020,MHT,NH,ANE,EN,Towers with Radar,32,29,24,0,85,0,10,41,0,51,32,39,65,0,136,0,0,0,136
11/05/2020,MHT,NH,ANE,EN,Towers with Radar,44,33,20,0,97,0,4,42,0,46,44,37,62,0,143,0,0,0,143
11/06/2020,MHT,NH,ANE,EN,Towers with Radar,44,21,20,0,85,0,1,43,0,44,44,22,63,0,129,14,0,14,143
11/07/2020,MHT,NH,ANE,EN,Towers with Radar,31,3,24,0,58,0,4,34,0,38,31,7,58,0,96,0,0,0,96
11/08/2020,MHT,NH,ANE,EN,Towers with Radar,36,5,13,0,54,0,2,26,1,29,36,7,39,1,83,0,0,0,83
11/09/2020,MHT,NH,ANE,EN,Towers with Radar,36,11,19,0,66,0,2,36,0,38,36,13,55,0,104,58,0,58,162
11/10/2020,MHT,NH,ANE,EN,Towers with Radar,30,20,21,0,71,0,1,36,0,37,30,21,57,0,108,0,0,0,108
11/11/2020,MHT,NH,ANE,EN,Towers with Radar,30,20,13,0,63,0,10,7,1,18,30,30,20,1,81,0,0,0,81
11/12/2020,MHT,NH,ANE,EN,Towers with Radar,44,23,15,0,82,0,2,7,1,10,44,25,22,1,92,0,0,0,92
11/13/2020,MHT,NH,ANE,EN,Towers with Radar,42,15,17,0,74,0,0,0,0,0,42,15,17,0,74,0,0,0,74
11/14/2020,MHT,NH,ANE,EN,Towers with Radar,31,5,10,0,46,0,3,33,0,36,31,8,43,0,82,8,0,8,90
11/15/2020,MHT,NH,ANE,EN,Towers with Radar,36,4,11,0,51,0,1,12,0,13,36,5,23,0,64,0,0,0,64
11/16/2020,MHT,NH,ANE,EN,Towers with Radar,37,29,19,0,85,0,0,13,0,13,37,29,32,0,98,6,0,6,104
11/17/2020,MHT,NH,ANE,EN,Towers with Radar,32,33,16,0,81,0,3,28,0,31,32,36,44,0,112,20,0,20,132
11/18/2020,MHT,NH,ANE,EN,Towers with Radar,30,41,11,0,82,0,2,12,0,14,30,43,23,0,96,14,0,14,110
11/19/2020,MHT,NH,ANE,EN,Towers with Radar,44,45,19,0,108,0,6,24,0,30,44,51,43,0,138,0,0,0,138
11/20/2020,MHT,NH,ANE,EN,Towers with Radar,43,22,20,0,85,0,10,38,0,48,43,32,58,0,133,10,0,10,143
11/21/2020,MHT,NH,ANE,EN,Towers with Radar,36,11,16,0,63,0,8,27,0,35,36,19,43,0,98,0,0,0,98
11/22/2020,MHT,NH,ANE,EN,Towers with Radar,38,4,10,0,52,0,4,13,0,17,38,8,23,0,69,10,0,10,79
11/23/2020,MHT,NH,ANE,EN,Towers with Radar,25,17,5,6,53,0,1,5,0,6,25,18,10,6,59,0,0,0,59
11/24/2020,MHT,NH,ANE,EN,Towers with Radar,49,36,13,0,98,0,17,37,1,55,49,53,50,1,153,0,0,0,153
11/25/2020,MHT,NH,ANE,EN,Towers with Radar,52,29,14,0,95,0,3,22,0,25,52,32,36,0,120,0,0,0,120
11/26/2020,MHT,NH,ANE,EN,Towers with Radar,13,0,0,0,13,0,0,0,0,0,13,0,0,0,13,0,0,0,13
11/27/2020,MHT,NH,ANE,EN,Towers with Radar,30,15,20,0,65,0,3,30,0,33,30,18,50,0,98,4,0,4,102
11/28/2020,MHT,NH,ANE,EN,Towers with Radar,38,7,11,0,56,0,7,10,0,17,38,14,21,0,73,0,0,0,73
11/29/2020,MHT,NH,ANE,EN,Towers with Radar,37,3,15,0,55,0,5,42,0,47,37,8,57,0,102,14,0,14,116
11/30/2020,MHT,NH,ANE,EN,Towers with Radar,35,31,7,0,73,0,0,3,0,3,35,31,10,0,76,0,0,0,76
12/01/2020,MHT,NH,ANE,EN,Towers with Radar,48,28,18,12,106,0,0,11,0,11,48,28,29,12,117,0,20,20,137
12/02/2020,MHT,NH,ANE,EN,Towers with Radar,41,29,12,0,82,0,5,14,0,19,41,34,26,0,101,60,0,60,161
12/03/2020,MHT,NH,ANE,EN,Towers with Radar,49,25,15,0,89,0,3,37,0,40,49,28,52,0,129,30,0,30,159
12/04/2020,MHT,NH,ANE,EN,Towers with Radar,40,24,17,0,81,0,0,17,0,17,40,24,34,0,98,0,0,0,98
12/05/2020,MHT,NH,ANE,EN,Towers with Radar,23,6,1,0,30,0,0,0,0,0,23,6,1,0,30,0,0,0,30
12/06/2020,MHT,NH,ANE,EN,Towers with Radar,25,3,8,0,36,0,6,0,0,6,25,9,8,0,42,0,0,0,42
12/07/2020,MHT,NH,ANE,EN,Towers with Radar,36,19,3,2,60,0,5,17,0,22,36,24,20,2,82,20,0,20,102
12/08/2020,MHT,NH,ANE,EN,Towers with Radar,40,28,15,2,85,0,0,16,0,16,40,28,31,2,101,0,0,0,101
12/09/2020,MHT,NH,ANE,EN,Towers with Radar,44,31,14,0,89,0,0,8,0,8,44,31,22,0,97,6,0,6,103
12/10/2020,MHT,NH,ANE,EN,Towers with Radar,48,33,15,0,96,0,2,31,0,33,48,35,46,0,129,18,0,18,147
12/11/2020,MHT,NH,ANE,EN,Towers with Radar,39,23,21,0,83,0,6,31,0,37,39,29,52,0,120,4,0,4,124
12/12/2020,MHT,NH,ANE,EN,Towers with Radar,25,10,22,0,57,0,3,6,0,9,25,13,28,0,66,0,0,0,66
12/13/2020,MHT,NH,ANE,EN,Towers with Radar,30,1,9,0,40,0,2,2,0,4,30,3,11,0,44,0,0,0,44
12/14/2020,MHT,NH,ANE,EN,Towers with Radar,35,12,5,0,52,0,0,2,0,2,35,12,7,0,54,0,0,0,54
12/15/2020,MHT,NH,ANE,EN,Towers with Radar,42,28,19,0,89,0,7,32,0,39,42,35,51,0,128,0,0,0,128
12/16/2020,MHT,NH,ANE,EN,Towers with Radar,38,34,6,0,78,0,0,22,0,22,38,34,28,0,100,9,0,9,109
12/17/2020,MHT,NH,ANE,EN,Towers with Radar,37,22,0,0,59,0,0,0,0,0,37,22,0,0,59,0,0,0,59
12/18/2020,MHT,NH,ANE,EN,Towers with Radar,56,24,22,0,102,0,2,29,0,31,56,26,51,0,133,0,0,0,133
12/19/2020,MHT,NH,ANE,EN,Towers with Radar,56,13,17,0,86,0,10,18,0,28,56,23,35,0,114,0,0,0,114
12/20/2020,MHT,NH,ANE,EN,Towers with Radar,47,5,6,0,58,0,3,11,0,14,47,8,17,0,72,0,0,0,72
12/21/2020,MHT,NH,ANE,EN,Towers with Radar,48,18,17,0,83,0,0,0,0,0,48,18,17,0,83,0,0,0,83
12/22/2020,MHT,NH,ANE,EN,Towers with Radar,58,32,19,1,110,0,1,28,0,29,58,33,47,1,139,8,0,8,147
12/23/2020,MHT,NH,ANE,EN,Towers with Radar,58,22,6,9,95,0,4,30,5,39,58,26,36,14,134,0,0,0,134
12/24/2020,MHT,NH,ANE,EN,Towers with Radar,45,29,8,0,82,0,3,2,0,5,45,32,10,0,87,0,0,0,87
12/25/2020,MHT,NH,ANE,EN,Towers with Radar,12,0,2,0,14,0,0,0,0,0,12,0,2,0,14,0,0,0,14
12/26/2020,MHT,NH,ANE,EN,Towers with Radar,38,8,15,0,61,0,2,12,0,14,38,10,27,0,75,0,0,0,75
12/27/2020,MHT,NH,ANE,EN,Towers with Radar,40,3,17,0,60,0,3,35,0,38,40,6,52,0,98,0,0,0,98
12/28/2020,MHT,NH,ANE,EN,Towers with Radar,37,14,10,0,61,0,2,16,0,18,37,16,26,0,79,0,0,0,79
12/29/2020,MHT,NH,ANE,EN,Towers with Radar,53,25,5,10,93,0,2,12,1,15,53,27,17,11,108,8,8,16,124
12/30/2020,MHT,NH,ANE,EN,Towers with Radar,52,25,21,0,98,0,3,27,0,30,52,28,48,0,128,30,0,30,158
12/31/2020,MHT,NH,ANE,EN,Towers with Radar,39,28,12,0,79,0,5,10,0,15,39,33,22,0,94,0,0,0,94
01/01/2021,MHT,NH,ANE,EN,Towers with Radar,17,3,12,0,32,0,8,20,0,28,17,11,32,0,60,0,0,0,60
01/02/2021,MHT,NH,ANE,EN,Towers with Radar,38,5,10,0,53,0,0,4,0,4,38,5,14,0,57,0,0,0,57
01/03/2021,MHT,NH,ANE,EN,Towers with Radar,37,5,8,0,50,0,2,3,0,5,37,7,11,0,55,0,0,0,55
01/04/2021,MHT,NH,ANE,EN,Towers with Radar,36,16,14,0,66,0,0,0,0,0,36,16,14,0,66,0,0,0,66
01/05/2021,MHT,NH,ANE,EN,Towers with Radar,32,35,4,0,71,0,0,2,0,2,32,35,6,0,73,6,0,6,79
01/06/2021,MHT,NH,ANE,EN,Towers with Radar,32,29,5,0,66,0,2,30,0,32,32,31,35,0,98,18,0,18,116
01/07/2021,MHT,NH,ANE,EN,Towers with Radar,34,37,11,1,83,0,3,19,3,25,34,40,30,4,108,46,0,46,154
01/08/2021,MHT,NH,ANE,EN,Towers with Radar,32,30,12,0,74,0,2,33,0,35,32,32,45,0,109,8,0,8,117
01/09/2021,MHT,NH,ANE,EN,Towers with Radar,26,11,8,0,45,0,4,37,2,43,26,15,45,2,88,58,0,58,146
01/10/2021,MHT,NH,ANE,EN,Towers with Radar,24,5,8,0,37,0,9,19,0,28,24,14,27,0,65,0,0,0,65
01/11/2021,MHT,NH,ANE,EN,Towers with Radar,25,24,11,0,60,0,5,14,0,19,25,29,25,0,79,0,0,0,79
01/12/2021,MHT,NH,ANE,EN,Towers with Radar,31,27,14,0,72,0,8,24,1,33,31,35,38,1,105,0,0,0,105
01/13/2021,MHT,NH,ANE,EN,Towers with Radar,29,27,16,0,72,0,5,22,0,27,29,32,38,0,99,0,0,0,99
01/14/2021,MHT,NH,ANE,EN,Towers with Radar,34,30,21,0,85,0,0,11,0,11,34,30,32,0,96,0,0,0,96
01/15/2021,MHT,NH,ANE,EN,Towers with Radar,32,23,19,0,74,0,2,19,0,21,32,25,38,0,95,0,0,0,95
01/16/2021,MHT,NH,ANE,EN,Towers with Radar,24,12,3,0,39,0,0,0,0,0,24,12,3,0,39,0,0,0,39
01/17/2021,MHT,NH,ANE,EN,Towers with Radar,26,7,6,0,39,0,2,6,0,8,26,9,12,0,47,0,0,0,47
01/18/2021,MHT,NH,ANE,EN,Towers with Radar,24,32,10,2,68,0,2,14,0,16,24,34,24,2,84,0,0,0,84
01/19/2021,MHT,NH,ANE,EN,Towers with Radar,30,33,11,1,75,0,4,29,1,34,30,37,40,2,109,6,24,30,139
01/20/2021,MHT,NH,ANE,EN,Towers with Radar,30,33,16,0,79,0,2,20,0,22,30,35,36,0,101,0,0,0,101
01/21/2021,MHT,NH,ANE,EN,Towers with Radar,34,35,8,0,77,0,3,10,0,13,34,38,18,0,90,6,0,6,96
01/22/2021,MHT,NH,ANE,EN,Towers with Radar,32,21,12,0,65,0,2,24,0,26,32,23,36,0,91,42,0,42,133
01/23/2021,MHT,NH,ANE,EN,Towers with Radar,26,5,2,0,33,0,4,5,0,9,26,9,7,0,42,0,0,0,42
01/24/2021,MHT,NH,ANE,EN,Towers with Radar,25,5,2,0,32,0,0,0,0,0,25,5,2,0,32,0,0,0,32
01/25/2021,MHT,NH,ANE,EN,Towers with Radar,25,21,9,0,55,0,4,9,0,13,25,25,18,0,68,0,0,0,68
01/26/2021,MHT,NH,ANE,EN,Towers with Radar,29,23,14,0,66,0,0,19,0,19,29,23,33,0,85,0,0,0,85
01/27/2021,MHT,NH,ANE,EN,Towers with Radar,31,27,10,0,68,0,10,4,1,15,31,37,14,1,83,2,0,2,85
01/28/2021,MHT,NH,ANE,EN,Towers with Radar,33,27,9,6,75,0,3,9,0,12,33,30,18,6,87,0,6,6,93
01/29/2021,MHT,NH,ANE,EN,Towers with Radar,33,26,13,0,72,0,0,6,0,6,33,26,19,0,78,10,0,10,88
01/30/2021,MHT,NH,ANE,EN,Towers with Radar,26,7,11,0,44,0,2,28,0,30,26,9,39,0,74,0,0,0,74
01/31/2021,MHT,NH,ANE,EN,Towers with Radar,21,6,24,0,51,0,7,35,1,43,21,13,59,1,94,0,0,0,94
02/01/2021,MHT,NH,ANE,EN,Towers with Radar,12,22,7,0,41,0,3,0,0,3,12,25,7,0,44,0,0,0,44
02/02/2021,MHT,NH,ANE,EN,Towers with Radar,27,22,3,0,52,0,0,0,0,0,27,22,3,0,52,0,0,0,52
02/03/2021,MHT,NH,ANE,EN,Towers with Radar,30,27,13,0,70,0,0,10,0,10,30,27,23,0,80,0,0,0,80
02/04/2021,MHT,NH,ANE,EN,Towers with Radar,32,31,22,0,85,0,1,29,2,32,32,32,51,2,117,0,0,0,117
02/05/2021,MHT,NH,ANE,EN,Towers with Radar,32,18,11,0,61,0,0,3,0,3,32,18,14,0,64,0,0,0,64
02/06/2021,MHT,NH,ANE,EN,Towers with Radar,26,8,10,0,44,0,1,25,0,26,26,9,35,0,70,6,0,6,76
02/07/2021,MHT,NH,ANE,EN,Towers with Radar,25,8,7,0,40,0,0,1,0,1,25,8,8,0,41,0,0,0,41
02/08/2021,MHT,NH,ANE,EN,Towers with Radar,25,22,18,2,67,0,7,33,1,41,25,29,51,3,108,0,0,0,108
02/09/2021,MHT,NH,ANE,EN,Towers with Radar,30,26,7,0,63,0,3,0,0,3,30,29,7,0,66,0,0,0,66
02/10/2021,MHT,NH,ANE,EN,Towers with Radar,32,32,19,1,84,0,5,13,0,18,32,37,32,1,102,0,0,0,102
02/11/2021,MHT,NH,ANE,EN,Towers with Radar,24,26,17,2,69,0,3,17,4,24,24,29,34,6,93,0,0,0,93
02/12/2021,MHT,NH,ANE,EN,Towers with Radar,33,26,10,0,69,0,10,25,0,35,33,36,35,0,104,12,0,12,116
02/13/2021,MHT,NH,ANE,EN,Towers with Radar,19,11,14,0,44,0,8,33,1,42,19,19,47,1,86,0,0,0,86
02/14/2021,MHT,NH,ANE,EN,Towers with Radar,20,10,2,0,32,0,0,7,0,7,20,10,9,0,39,0,0,0,39
02/15/2021,MHT,NH,ANE,EN,Towers with Radar,20,24,7,0,51,0,0,4,0,4,20,24,11,0,55,0,0,0,55
02/16/2021,MHT,NH,ANE,EN,Towers with Radar,18,24,5,0,47,0,0,0,0,0,18,24,5,0,47,0,0,0,47
02/17/2021,MHT,NH,ANE,EN,Towers with Radar,24,32,28,0,84,0,10,24,2,36,24,42,52,2,120,26,0,26,146
02/18/2021,MHT,NH,ANE,EN,Towers with Radar,25,23,19,6,73,0,3,12,0,15,25,26,31,6,88,0,0,0,88
02/19/2021,MHT,NH,ANE,EN,Towers with Radar,27,24,8,0,59,0,0,0,0,0,27,24,8,0,59,0,0,0,59
02/20/2021,MHT,NH,ANE,EN,Towers with Radar,23,12,11,0,46,0,2,9,0,11,23,14,20,0,57,0,0,0,57
02/21/2021,MHT,NH,ANE,EN,Towers with Radar,24,8,30,0,62,0,8,37,0,45,24,16,67,0,107,18,0,18,125
02/22/2021,MHT,NH,ANE,EN,Towers with Radar,22,23,10,0,55,0,3,9,0,12,22,26,19,0,67,0,0,0,67
02/23/2021,MHT,NH,ANE,EN,Towers with Radar,30,33,12,0,75,0,3,20,0,23,30,36,32,0,98,18,0,18,116
02/24/2021,MHT,NH,ANE,EN,Towers with Radar,28,31,12,0,71,0,11,23,1,35,28,42,35,1,106,0,0,0,106
02/25/2021,MHT,NH,ANE,EN,Towers with Radar,32,31,5,1,69,0,9,7,1,17,32,40,12,2,86,0,0,0,86
02/26/2021,MHT,NH,ANE,EN,Towers with Radar,30,30,15,0,75,0,5,44,0,49,30,35,59,0,124,10,0,10,134
02/27/2021,MHT,NH,ANE,EN,Towers with Radar,24,11,7,0,42,0,1,0,0,1,24,12,7,0,43,0,0,0,43
02/28/2021,MHT,NH,ANE,EN,Towers with Radar,23,10,20,0,53,0,1,21,0,22,23,11,41,0,75,0,0,0,75
03/01/2021,MHT,NH,ANE,EN,Towers with Radar,25,32,7,0,64,0,0,2,0,2,25,32,9,0,66,0,0,0,66
03/02/2021,MHT,NH,ANE,EN,Towers with Radar,28,28,9,0,65,0,1,2,0,3,28,29,11,0,68,0,0,0,68
03/03/2021,MHT,NH,ANE,EN,Towers with Radar,28,36,10,0,74,0,2,25,2,29,28,38,35,2,103,10,0,10,113
03/04/2021,MHT,NH,ANE,EN,Towers with Radar,33,33,18,0,84,0,2,21,0,23,33,35,39,0,107,0,0,0,107
03/05/2021,MHT,NH,ANE,EN,Towers with Radar,32,33,5,0,70,0,5,16,0,21,32,38,21,0,91,12,0,12,103
03/06/2021,MHT,NH,ANE,EN,Towers with Radar,26,6,10,0,42,0,7,21,0,28,26,13,31,0,70,0,0,0,70
03/07/2021,MHT,NH,ANE,EN,Towers with Radar,29,7,16,1,53,0,5,34,1,40,29,12,50,2,93,0,0,0,93
03/08/2021,MHT,NH,ANE,EN,Towers with Radar,31,22,9,1,63,0,3,23,3,29,31,25,32,4,92,12,0,12,104
03/09/2021,MHT,NH,ANE,EN,Towers with Radar,32,26,19,2,79,0,5,34,0,39,32,31,53,2,118,0,0,0,118
03/10/2021,MHT,NH,ANE,EN,Towers with Radar,32,21,12,2,67,0,8,54,3,65,32,29,66,5,132,25,0,25,157
03/11/2021,MHT,NH,ANE,EN,Towers with Radar,35,33,14,0,82,0,11,31,1,43,35,44,45,1,125,26,0,26,151
03/12/2021,MHT,NH,ANE,EN,Towers with Radar,34,19,11,0,64,0,2,9,1,12,34,21,20,1,76,0,0,0,76
03/13/2021,MHT,NH,ANE,EN,Towers with Radar,24,10,3,0,37,0,2,8,0,10,24,12,11,0,47,2,0,2,49
03/14/2021,MHT,NH,ANE,EN,Towers with Radar,27,8,7,0,42,0,0,6,0,6,27,8,13,0,48,0,0,0,48
03/15/2021,MHT,NH,ANE,EN,Towers with Radar,26,16,9,0,51,0,0,19,0,19,26,16,28,0,70,16,0,16,86
03/16/2021,MHT,NH,ANE,EN,Towers with Radar,37,33,14,0,84,0,0,44,0,44,37,33,58,0,128,44,0,44,172
03/17/2021,MHT,NH,ANE,EN,Towers with Radar,36,27,19,0,82,0,5,42,0,47,36,32,61,0,129,48,0,48,177
03/18/2021,MHT,NH,ANE,EN,Towers with Radar,38,30,17,0,85,0,0,7,0,7,38,30,24,0,92,0,0,0,92
03/19/2021,MHT,NH,ANE,EN,Towers with Radar,34,22,10,0,66,0,7,4,0,11,34,29,14,0,77,0,0,0,77
03/20/2021,MHT,NH,ANE,EN,Towers with Radar,24,6,14,0,44,0,5,25,0,30,24,11,39,0,74,10,0,10,84
03/21/2021,MHT,NH,ANE,EN,Towers with Radar,29,7,18,0,54,0,4,30,0,34,29,11,48,0,88,4,0,4,92
03/22/2021,MHT,NH,ANE,EN,Towers with Radar,27,28,11,0,66,0,5,37,0,42,27,33,48,0,108,14,0,14,122
03/23/2021,MHT,NH,ANE,EN,Towers with Radar,34,30,15,0,79,0,5,34,0,39,34,35,49,0,118,0,0,0,118
03/24/2021,MHT,NH,ANE,EN,Towers with Radar,34,36,18,0,88,0,5,26,0,31,34,41,44,0,119,12,0,12,131
03/25/2021,MHT,NH,ANE,EN,Towers with Radar,34,30,29,0,93,0,0,9,0,9,34,30,38,0,102,20,0,20,122
03/26/2021,MHT,NH,ANE,EN,Towers with Radar,36,21,9,2,68,0,0,0,0,0,36,21,9,2,68,0,0,0,68
03/27/2021,MHT,NH,ANE,EN,Towers with Radar,23,7,20,0,50,0,10,45,0,55,23,17,65,0,105,24,0,24,129
03/28/2021,MHT,NH,ANE,EN,Towers with Radar,28,8,7,0,43,0,0,0,0,0,28,8,7,0,43,0,0,0,43
03/29/2021,MHT,NH,ANE,EN,Towers with Radar,30,24,4,0,58,0,1,0,0,1,30,25,4,0,59,0,0,0,59
03/30/2021,MHT,NH,ANE,EN,Towers with Radar,34,30,28,1,93,0,4,32,1,37,34,34,60,2,130,10,0,10,140
03/31/2021,MHT,NH,ANE,EN,Towers with Radar,34,27,23,0,84,0,0,29,0,29,34,27,52,0,113,0,0,0,113
04/01/2021,MHT,NH,ANE,EN,Towers with Radar,36,27,9,8,80,0,0,0,0,0,36,27,9,8,80,0,0,0,80
04/02/2021,MHT,NH,ANE,EN,Towers with Radar,33,23,22,7,85,0,6,40,1,47,33,29,62,8,132,30,0,30,162
04/03/2021,MHT,NH,ANE,EN,Towers with Radar,24,12,15,0,51,0,9,46,3,58,24,21,61,3,109,0,0,0,109
04/04/2021,MHT,NH,ANE,EN,Towers with Radar,27,10,3,0,40,0,5,15,0,20,27,15,18,0,60,4,0,4,64
04/05/2021,MHT,NH,ANE,EN,Towers with Radar,27,33,11,0,71,0,8,7,0,15,27,41,18,0,86,0,0,0,86
04/06/2021,MHT,NH,ANE,EN,Towers with Radar,36,43,19,0,98,0,8,28,2,38,36,51,47,2,136,4,0,4,140
04/07/2021,MHT,NH,ANE,EN,Towers with Radar,38,34,27,4,103,0,3,55,0,58,38,37,82,4,161,32,0,32,193
04/08/2021,MHT,NH,ANE,EN,Towers with Radar,36,32,20,0,88,0,7,27,1,35,36,39,47,1,123,48,0,48,171
04/09/2021,MHT,NH,ANE,EN,Towers with Radar,34,29,10,1,74,0,2,52,1,55,34,31,62,2,129,48,0,48,177
04/10/2021,MHT,NH,ANE,EN,Towers with Radar,24,16,16,0,56,0,5,38,0,43,24,21,54,0,99,16,0,16,115
04/11/2021,MHT,NH,ANE,EN,Towers with Radar,27,18,16,0,61,0,1,4,0,5,27,19,20,0,66,0,0,0,66
04/12/2021,MHT,NH,ANE,EN,Towers with Radar,29,19,34,0,82,0,0,0,0,0,29,19,34,0,82,0,0,0,82
04/13/2021,MHT,NH,ANE,EN,Towers with Radar,37,36,17,0,90,0,4,24,0,28,37,40,41,0,118,52,0,52,170
04/14/2021,MHT,NH,ANE,EN,Towers with Radar,38,38,13,0,89,0,3,30,0,33,38,41,43,0,122,0,0,0,122
04/15/2021,MHT,NH,ANE,EN,Towers with Radar,37,45,15,10,107,0,4,14,0,18,37,49,29,10,125,0,0,0,125
04/16/2021,MHT,NH,ANE,EN,Towers with Radar,36,24,4,0,64,0,0,0,0,0,36,24,4,0,64,0,0,0,64
04/17/2021,MHT,NH,ANE,EN,Towers with Radar,32,11,12,0,55,0,6,11,2,19,32,17,23,2,74,0,0,0,74
04/18/2021,MHT,NH,ANE,EN,Towers with Radar,29,6,13,0,48,0,3,23,0,26,29,9,36,0,74,0,0,0,74
04/19/2021,MHT,NH,ANE,EN,Towers with Radar,30,33,18,0,81,0,5,38,0,43,30,38,56,0,124,30,0,30,154
04/20/2021,MHT,NH,ANE,EN,Towers with Radar,38,34,16,0,88,0,3,18,0,21,38,37,34,0,109,14,0,14,123
04/21/2021,MHT,NH,ANE,EN,Towers with Radar,40,25,19,0,84,0,0,14,0,14,40,25,33,0,98,0,0,0,98
04/22/2021,MHT,NH,ANE,EN,Towers with Radar,37,31,6,1,75,0,0,1,0,1,37,31,7,1,76,0,0,0,76
04/23/2021,MHT,NH,ANE,EN,Towers with Radar,42,26,9,1,78,0,0,13,0,13,42,26,22,1,91,0,0,0,91
04/24/2021,MHT,NH,ANE,EN,Towers with Radar,30,9,19,0,58,0,5,40,0,45,30,14,59,0,103,30,0,30,133
04/25/2021,MHT,NH,ANE,EN,Towers with Radar,29,9,21,0,59,0,4,2,0,6,29,13,23,0,65,10,0,10,75
04/26/2021,MHT,NH,ANE,EN,Towers with Radar,27,19,5,0,51,0,12,5,3,20,27,31,10,3,71,0,0,0,71
04/27/2021,MHT,NH,ANE,EN,Towers with Radar,39,40,18,13,110,0,15,38,1,54,39,55,56,14,164,6,0,6,170
04/28/2021,MHT,NH,ANE,EN,Towers with Radar,38,34,18,8,98,0,3,11,0,14,38,37,29,8,112,12,0,12,124
04/29/2021,MHT,NH,ANE,EN,Towers with Radar,38,55,26,0,119,0,0,0,0,0,38,55,26,0,119,0,0,0,119
04/30/2021,MHT,NH,ANE,EN,Towers with Radar,34,31,13,0,78,0,0,3,0,3,34,31,16,0,81,0,0,0,81
05/01/2021,MHT,NH,ANE,EN,Towers with Radar,31,8,5,0,44,0,4,30,0,34,31,12,35,0,78,53,0,53,131
05/02/2021,MHT,NH,ANE,EN,Towers with Radar,28,11,18,0,57,0,3,48,0,51,28,14,66,0,108,87,0,87,195
05/03/2021,MHT,NH,ANE,EN,Towers with Radar,27,25,21,0,73,0,2,28,0,30,27,27,49,0,103,0,0,0,103
05/04/2021,MHT,NH,ANE,EN,Towers with Radar,37,34,35,0,106,0,1,10,2,13,37,35,45,2,119,6,0,6,125
05/05/2021,MHT,NH,ANE,EN,Towers with Radar,39,30,15,0,84,0,0,0,0,0,39,30,15,0,84,0,0,0,84
05/06/2021,MHT,NH,ANE,EN,Towers with Radar,37,31,12,0,80,0,3,15,0,18,37,34,27,0,98,0,0,0,98
05/07/2021,MHT,NH,ANE,EN,Towers with Radar,34,31,12,0,77,0,4,93,0,97,34,35,105,0,174,16,0,16,190
05/08/2021,MHT,NH,ANE,EN,Towers with Radar,28,18,19,0,65,0,4,34,0,38,28,22,53,0,103,0,0,0,103
05/09/2021,MHT,NH,ANE,EN,Towers with Radar,29,8,7,0,44,0,3,16,1,20,29,11,23,1,64,0,0,0,64
05/10/2021,MHT,NH,ANE,EN,Towers with Radar,29,22,22,4,77,0,1,37,0,38,29,23,59,4,115,0,0,0,115
05/11/2021,MHT,NH,ANE,EN,Towers with Radar,38,33,18,1,90,0,4,22,5,31,38,37,40,6,121,0,0,0,121
05/12/2021,MHT,NH,ANE,EN,Towers with Radar,36,34,22,1,93,0,7,31,3,41,36,41,53,4,134,0,0,0,134
05/13/2021,MHT,NH,ANE,EN,Towers with Radar,36,33,17,2,88,0,10,30,0,40,36,43,47,2,128,12,0,12,140
05/14/2021,MHT,NH,ANE,EN,Towers with Radar,37,29,20,2,88,0,12,41,0,53,37,41,61,2,141,52,0,52,193
05/15/2021,MHT,NH,ANE,EN,Towers with Radar,28,14,12,0,54,0,6,37,0,43,28,20,49,0,97,34,0,34,131
05/16/2021,MHT,NH,ANE,EN,Towers with Radar,29,10,14,0,53,0,10,20,4,34,29,20,34,4,87,10,0,10,97
05/17/2021,MHT,NH,ANE,EN,Towers with Radar,28,24,11,6,69,0,5,29,3,37,28,29,40,9,106,0,16,16,122
05/18/2021,MHT,NH,ANE,EN,Towers with Radar,37,35,15,2,89,0,6,41,1,48,37,41,56,3,137,34,0,34,171
05/19/2021,MHT,NH,ANE,EN,Towers with Radar,38,36,23,13,110,0,5,35,2,42,38,41,58,15,152,36,0,36,188
05/20/2021,MHT,NH,ANE,EN,Towers with Radar,36,35,18,7,96,0,5,25,3,33,36,40,43,10,129,0,0,0,129
05/21/2021,MHT,NH,ANE,EN,Towers with Radar,36,35,25,0,96,0,3,46,0,49,36,38,71,0,145,30,0,30,175
05/22/2021,MHT,NH,ANE,EN,Towers with Radar,28,29,12,0,69,0,12,30,0,42,28,41,42,0,111,20,0,20,131
05/23/2021,MHT,NH,ANE,EN,Towers with Radar,29,7,4,0,40,0,8,23,0,31,29,15,27,0,71,24,0,24,95
05/24/2021,MHT,NH,ANE,EN,Towers with Radar,27,24,13,3,67,0,2,34,5,41,27,26,47,8,108,0,0,0,108
05/25/2021,MHT,NH,ANE,EN,Towers with Radar,36,39,7,6,88,0,11,41,0,52,36,50,48,6,140,74,0,74,214
05/26/2021,MHT,NH,ANE,EN,Towers with Radar,37,34,24,4,99,0,7,44,0,51,37,41,68,4,150,28,0,28,178
05/27/2021,MHT,NH,ANE,EN,Towers with Radar,37,35,18,0,90,0,1,35,2,38,37,36,53,2,128,0,0,0,128
05/28/2021,MHT,NH,ANE,EN,Towers with Radar,32,25,17,0,74,0,8,36,0,44,32,33,53,0,118,34,0,34,152
05/29/2021,MHT,NH,ANE,EN,Towers with Radar,30,9,3,0,42,0,0,2,0,2,30,9,5,0,44,0,0,0,44
05/30/2021,MHT,NH,ANE,EN,Towers with Radar,22,5,5,0,32,0,0,0,0,0,22,5,5,0,32,0,0,0,32
05/31/2021,MHT,NH,ANE,EN,Towers with Radar,22,15,12,0,49,0,4,3,0,7,22,19,15,0,56,12,0,12,68
06/01/2021,MHT,NH,ANE,EN,Towers with Radar,28,28,15,4,75,0,5,46,0,51,28,33,61,4,126,46,0,46,172
06/02/2021,MHT,NH,ANE,EN,Towers with Radar,38,27,13,10,88,0,0,58,0,58,38,27,71,10,146,44,0,44,190
06/03/2021,MHT,NH,ANE,EN,Towers with Radar,41,36,31,6,114,0,1,24,0,25,41,37,55,6,139,42,0,42,181
06/04/2021,MHT,NH,ANE,EN,Towers with Radar,40,26,21,5,92,0,8,22,3,33,40,34,43,8,125,60,0,60,185
06/05/2021,MHT,NH,ANE,EN,Towers with Radar,37,14,8,0,59,0,7,40,0,47,37,21,48,0,106,56,0,56,162
06/06/2021,MHT,NH,ANE,EN,Towers with Radar,39,10,11,0,60,0,4,37,0,41,39,14,48,0,101,0,0,0,101
06/07/2021,MHT,NH,ANE,EN,Towers with Radar,34,20,24,0,78,0,15,42,0,57,34,35,66,0,135,36,0,36,171
06/08/2021,MHT,NH,ANE,EN,Towers with Radar,44,35,18,0,97,0,3,18,0,21,44,38,36,0,118,0,0,0,118
06/09/2021,MHT,NH,ANE,EN,Towers with Radar,44,30,20,0,94,0,3,52,5,60,44,33,72,5,154,12,0,12,166
06/10/2021,MHT,NH,ANE,EN,Towers with Radar,42,34,15,3,94,0,14,38,1,53,42,48,53,4,147,26,0,26,173
06/11/2021,MHT,NH,ANE,EN,Towers with Radar,43,30,32,0,105,0,7,62,0,69,43,37,94,0,174,88,0,88,262
06/12/2021,MHT,NH,ANE,EN,Towers with Radar,35,15,39,0,89,0,3,17,0,20,35,18,56,0,109,8,0,8,117
06/13/2021,MHT,NH,ANE,EN,Towers with Radar,39,14,14,0,67,0,11,33,0,44,39,25,47,0,111,0,0,0,111
06/14/2021,MHT,NH,ANE,EN,Towers with Radar,31,25,19,4,79,0,6,3,0,9,31,31,22,4,88,0,0,0,88
06/15/2021,MHT,NH,ANE,EN,Towers with Radar,43,39,23,7,112,0,0,6,0,6,43,39,29,7,118,14,0,14,132
06/16/2021,MHT,NH,ANE,EN,Towers with Radar,43,35,27,0,105,0,9,41,0,50,43,44,68,0,155,100,0,100,255
06/17/2021,MHT,NH,ANE,EN,Towers with Radar,44,35,27,0,106,0,11,48,0,59,44,46,75,0,165,46,0,46,211
06/18/2021,MHT,NH,ANE,EN,Towers with Radar,44,26,21,2,93,0,7,42,0,49,44,33,63,2,142,44,0,44,186
06/19/2021,MHT,NH,ANE,EN,Towers with Radar,36,16,18,0,70,0,6,38,0,44,36,22,56,0,114,0,0,0,114
06/20/2021,MHT,NH,ANE,EN,Towers with Radar,39,12,11,4,66,0,9,29,0,38,39,21,40,4,104,18,0,18,122
06/21/2021,MHT,NH,ANE,EN,Towers with Radar,33,24,15,0,72,0,14,23,1,38,33,38,38,1,110,54,0,54,164
06/22/2021,MHT,NH,ANE,EN,Towers with Radar,43,32,12,0,87,0,2,11,0,13,43,34,23,0,100,12,0,12,112
06/23/2021,MHT,NH,ANE,EN,Towers with Radar,43,40,13,0,96,0,7,66,0,73,43,47,79,0,169,54,0,54,223
06/24/2021,MHT,NH,ANE,EN,Towers with Radar,42,34,13,8,97,0,7,55,0,62,42,41,68,8,159,23,0,23,182
06/25/2021,MHT,NH,ANE,EN,Towers with Radar,44,33,26,2,105,0,0,5,0,5,44,33,31,2,110,0,0,0,110
06/26/2021,MHT,NH,ANE,EN,Towers with Radar,32,26,10,2,70,0,4,18,0,22,32,30,28,2,92,22,0,22,114
06/27/2021,MHT,NH,ANE,EN,Towers with Radar,36,14,16,0,66,0,7,24,0,31,36,21,40,0,97,0,0,0,97
06/28/2021,MHT,NH,ANE,EN,Towers with Radar,35,26,13,0,74,0,9,31,2,42,35,35,44,2,116,26,0,26,142
06/29/2021,MHT,NH,ANE,EN,Towers with Radar,45,37,19,3,104,0,3,42,2,47,45,40,61,5,151,38,0,38,189
06/30/2021,MHT,NH,ANE,EN,Towers with Radar,39,41,13,0,93,0,2,24,0,26,39,43,37,0,119,12,0,12,131
07/01/2021,MHT,NH,ANE,EN,Towers with Radar,39,42,14,1,96,0,9,23,0,32,39,51,37,1,128,48,0,48,176
07/02/2021,MHT,NH,ANE,EN,Towers with Radar,42,30,17,0,89,0,0,0,0,0,42,30,17,0,89,0,0,0,89
07/03/2021,MHT,NH,ANE,EN,Towers with Radar,36,20,7,0,63,0,0,0,0,0,36,20,7,0,63,0,0,0,63
07/04/2021,MHT,NH,ANE,EN,Towers with Radar,27,12,8,0,47,0,5,0,0,5,27,17,8,0,52,0,0,0,52
07/05/2021,MHT,NH,ANE,EN,Towers with Radar,29,22,9,0,60,0,0,25,0,25,29,22,34,0,85,30,0,30,115
07/06/2021,MHT,NH,ANE,EN,Towers with Radar,33,42,16,0,91,0,0,24,0,24,33,42,40,0,115,54,0,54,169
07/07/2021,MHT,NH,ANE,EN,Towers with Radar,44,36,17,2,99,0,5,41,0,46,44,41,58,2,145,36,0,36,181
07/08/2021,MHT,NH,ANE,EN,Towers with Radar,44,44,12,0,100,0,1,12,0,13,44,45,24,0,113,18,0,18,131
07/09/2021,MHT,NH,ANE,EN,Towers with Radar,41,30,8,0,79,0,4,3,0,7,41,34,11,0,86,0,0,0,86
07/10/2021,MHT,NH,ANE,EN,Towers with Radar,33,22,10,0,65,0,8,23,1,32,33,30,33,1,97,6,0,6,103
07/11/2021,MHT,NH,ANE,EN,Towers with Radar,45,14,10,0,69,0,9,21,0,30,45,23,31,0,99,20,0,20,119
07/12/2021,MHT,NH,ANE,EN,Towers with Radar,37,30,15,4,86,0,0,5,0,5,37,30,20,4,91,0,0,0,91
07/13/2021,MHT,NH,ANE,EN,Towers with Radar,43,43,29,13,128,0,0,3,0,3,43,43,32,13,131,0,0,0,131
07/14/2021,MHT,NH,ANE,EN,Towers with Radar,46,38,27,0,111,0,0,5,0,5,46,38,32,0,116,4,0,4,120
07/15/2021,MHT,NH,ANE,EN,Towers with Radar,46,40,33,2,121,0,7,46,0,53,46,47,79,2,174,92,0,92,266
07/16/2021,MHT,NH,ANE,EN,Towers with Radar,43,32,24,0,99,0,3,41,0,44,43,35,65,0,143,76,0,76,219
07/17/2021,MHT,NH,ANE,EN,Towers with Radar,36,12,34,0,82,0,0,5,0,5,36,12,39,0,87,44,0,44,131
07/18/2021,MHT,NH,ANE,EN,Towers with Radar,39,14,34,0,87,0,0,0,0,0,39,14,34,0,87,0,0,0,87
07/19/2021,MHT,NH,ANE,EN,Towers with Radar,34,33,18,0,85,0,4,11,0,15,34,37,29,0,100,24,0,24,124
07/20/2021,MHT,NH,ANE,EN,Towers with Radar,45,52,20,8,125,0,2,30,0,32,45,54,50,8,157,14,0,14,171
07/21/2021,MHT,NH,ANE,EN,Towers with Radar,44,35,25,4,108,0,0,24,10,34,44,35,49,14,142,46,10,56,198
07/22/2021,MHT,NH,ANE,EN,Towers with Radar,44,36,24,3,107,0,4,62,1,67,44,40,86,4,174,48,0,48,222
07/23/2021,MHT,NH,ANE,EN,Towers with Radar,41,31,8,2,82,0,5,30,2,37,41,36,38,4,119,60,0,60,179
07/24/2021,MHT,NH,ANE,EN,Towers with Radar,35,27,7,0,69,0,11,22,1,34,35,38,29,1,103,30,0,30,133
07/25/2021,MHT,NH,ANE,EN,Towers with Radar,37,18,20,0,75,0,5,4,0,9,37,23,24,0,84,16,0,16,100
07/26/2021,MHT,NH,ANE,EN,Towers with Radar,32,28,30,8,98,0,1,27,0,28,32,29,57,8,126,62,0,62,188
07/27/2021,MHT,NH,ANE,EN,Towers with Radar,47,53,30,0,130,0,8,32,0,40,47,61,62,0,170,8,0,8,178
07/28/2021,MHT,NH,ANE,EN,Towers with Radar,45,58,13,1,117,0,7,29,0,36,45,65,42,1,153,46,0,46,199
07/29/2021,MHT,NH,ANE,EN,Towers with Radar,42,49,18,0,109,0,0,15,0,15,42,49,33,0,124,0,0,0,124
07/30/2021,MHT,NH,ANE,EN,Towers with Radar,41,34,14,0,89,0,6,30,0,36,41,40,44,0,125,40,0,40,165
07/31/2021,MHT,NH,ANE,EN,Towers with Radar,35,20,11,0,66,0,12,43,1,56,35,32,54,1,122,34,0,34,156
08/01/2021,MHT,NH,ANE,EN,Towers with Radar,36,16,15,0,67,0,2,32,0,34,36,18,47,0,101,24,0,24,125
08/02/2021,MHT,NH,ANE,EN,Towers with Radar,36,29,10,0,75,0,10,38,0,48,36,39,48,0,123,30,0,30,153
08/03/2021,MHT,NH,ANE,EN,Towers with Radar,44,41,12,1,98,0,6,54,2,62,44,47,66,3,160,74,0,74,234
08/04/2021,MHT,NH,ANE,EN,Towers with Radar,46,36,28,10,120,0,1,63,2,66,46,37,91,12,186,0,0,0,186
08/05/2021,MHT,NH,ANE,EN,Towers with Radar,52,41,29,0,122,7,0,5,0,12,59,41,34,0,134,12,0,12,146
08/06/2021,MHT,NH,ANE,EN,Towers with Radar,44,31,11,0,86,0,2,40,0,42,44,33,51,0,128,26,0,26,154
08/07/2021,MHT,NH,ANE,EN,Towers with Radar,34,19,9,0,62,0,7,31,1,39,34,26,40,1,101,40,0,40,141
08/08/2021,MHT,NH,ANE,EN,Towers with Radar,39,16,16,0,71,0,3,27,0,30,39,19,43,0,101,28,0,28,129
08/09/2021,MHT,NH,ANE,EN,Towers with Radar,35,26,22,1,84,0,9,22,0,31,35,35,44,1,115,48,0,48,163
08/10/2021,MHT,NH,ANE,EN,Towers with Radar,45,48,27,2,122,0,3,6,0,9,45,51,33,2,131,0,0,0,131
08/11/2021,MHT,NH,ANE,EN,Towers with Radar,47,38,16,2,103,0,7,49,2,58,47,45,65,4,161,26,0,26,187
08/12/2021,MHT,NH,ANE,EN,Towers with Radar,46,40,18,3,107,0,4,46,2,52,46,44,64,5,159,48,0,48,207
08/13/2021,MHT,NH,ANE,EN,Towers with Radar,44,29,10,1,84,0,1,34,0,35,44,30,44,1,119,50,0,50,169
08/14/2021,MHT,NH,ANE,EN,Towers with Radar,33,15,15,0,63,0,8,102,0,110,33,23,117,0,173,62,0,62,235
08/15/2021,MHT,NH,ANE,EN,Towers with Radar,38,12,15,0,65,0,8,49,0,57,38,20,64,0,122,16,0,16,138
08/16/2021,MHT,NH,ANE,EN,Towers with Radar,38,34,19,0,91,0,7,68,0,75,38,41,87,0,166,38,0,38,204
08/17/2021,MHT,NH,ANE,EN,Towers with Radar,50,46,20,8,124,0,10,45,0,55,50,56,65,8,179,20,8,28,207
08/18/2021,MHT,NH,ANE,EN,Towers with Radar,50,49,12,1,112,0,7,35,4,46,50,56,47,5,158,28,0,28,186
08/19/2021,MHT,NH,ANE,EN,Towers with Radar,52,50,10,0,112,0,0,1,0,1,52,50,11,0,113,0,0,0,113
08/20/2021,MHT,NH,ANE,EN,Towers with Radar,46,42,26,2,116,0,7,22,0,29,46,49,48,2,145,32,0,32,177
08/21/2021,MHT,NH,ANE,EN,Towers with Radar,40,22,14,1,77,0,0,24,0,24,40,22,38,1,101,36,0,36,137
08/22/2021,MHT,NH,ANE,EN,Towers with Radar,40,5,3,0,48,0,0,0,0,0,40,5,3,0,48,0,0,0,48
08/23/2021,MHT,NH,ANE,EN,Towers with Radar,38,25,6,0,69,0,0,1,0,1,38,25,7,0,70,0,0,0,70
08/24/2021,MHT,NH,ANE,EN,Towers with Radar,47,41,20,0,108,0,10,33,0,43,47,51,53,0,151,28,0,28,179
08/25/2021,MHT,NH,ANE,EN,Towers with Radar,49,32,22,0,103,0,4,40,0,44,49,36,62,0,147,50,0,50,197
08/26/2021,MHT,NH,ANE,EN,Towers with Radar,52,37,14,0,103,0,7,65,0,72,52,44,79,0,175,20,0,20,195
08/27/2021,MHT,NH,ANE,EN,Towers with Radar,48,31,24,0,103,0,9,44,0,53,48,40,68,0,156,54,0,54,210
08/28/2021,MHT,NH,ANE,EN,Towers with Radar,39,21,11,0,71,0,11,18,0,29,39,32,29,0,100,12,0,12,112
08/29/2021,MHT,NH,ANE,EN,Towers with Radar,40,19,18,0,77,0,2,8,0,10,40,21,26,0,87,0,0,0,87
08/30/2021,MHT,NH,ANE,EN,Towers with Radar,34,27,18,2,81,0,3,14,0,17,34,30,32,2,98,32,0,32,130
08/31/2021,MHT,NH,ANE,EN,Towers with Radar,52,40,18,0,110,0,6,53,1,60,52,46,71,1,170,44,0,44,214
09/01/2021,MHT,NH,ANE,EN,Towers with Radar,47,31,28,0,106,0,0,36,0,36,47,31,64,0,142,6,0,6,148
09/02/2021,MHT,NH,ANE,EN,Towers with Radar,49,37,5,0,91,0,0,14,0,14,49,37,19,0,105,8,0,8,113
09/03/2021,MHT,NH,ANE,EN,Towers with Radar,48,27,7,0,82,0,7,49,0,56,48,34,56,0,138,10,0,10,148
09/04/2021,MHT,NH,ANE,EN,Towers with Radar,38,24,9,0,71,0,17,24,1,42,38,41,33,1,113,22,0,22,135
09/05/2021,MHT,NH,ANE,EN,Towers with Radar,33,15,6,0,54,0,3,8,0,11,33,18,14,0,65,22,0,22,87
09/06/2021,MHT,NH,ANE,EN,Towers with Radar,29,20,21,0,70,0,8,24,4,36,29,28,45,4,106,0,0,0,106
09/07/2021,MHT,NH,ANE,EN,Towers with Radar,30,41,19,0,90,0,6,31,0,37,30,47,50,0,127,40,0,40,167
09/08/2021,MHT,NH,ANE,EN,Towers with Radar,43,33,9,0,85,0,6,26,2,34,43,39,35,2,119,0,0,0,119
09/09/2021,MHT,NH,ANE,EN,Towers with Radar,48,37,10,0,95,0,0,0,0,0,48,37,10,0,95,0,0,0,95
09/10/2021,MHT,NH,ANE,EN,Towers with Radar,47,36,19,0,102,0,4,37,0,41,47,40,56,0,143,24,0,24,167
09/11/2021,MHT,NH,ANE,EN,Towers with Radar,36,21,8,0,65,0,8,27,0,35,36,29,35,0,100,12,0,12,112
09/12/2021,MHT,NH,ANE,EN,Towers with Radar,36,15,8,0,59,0,12,21,0,33,36,27,29,0,92,0,0,0,92
09/13/2021,MHT,NH,ANE,EN,Towers with Radar,35,27,9,5,76,0,7,25,1,33,35,34,34,6,109,18,10,28,137
09/14/2021,MHT,NH,ANE,EN,Towers with Radar,42,36,14,0,92,0,6,52,0,58,42,42,66,0,150,32,0,32,182
09/15/2021,MHT,NH,ANE,EN,Towers with Radar,41,37,12,0,90,0,2,1,0,3,41,39,13,0,93,0,0,0,93
09/16/2021,MHT,NH,ANE,EN,Towers with Radar,47,40,23,2,112,0,0,15,0,15,47,40,38,2,127,4,0,4,131
09/17/2021,MHT,NH,ANE,EN,Towers with Radar,47,28,25,0,100,0,0,1,0,1,47,28,26,0,101,0,0,0,101
09/18/2021,MHT,NH,ANE,EN,Towers with Radar,37,15,15,0,67,0,3,13,0,16,37,18,28,0,83,16,0,16,99
09/19/2021,MHT,NH,ANE,EN,Towers with Radar,37,18,15,0,70,0,15,50,4,69,37,33,65,4,139,30,0,30,169
09/20/2021,MHT,NH,ANE,EN,Towers with Radar,36,32,5,4,77,0,11,51,0,62,36,43,56,4,139,20,0,20,159
09/21/2021,MHT,NH,ANE,EN,Towers with Radar,39,41,16,4,100,0,5,29,0,34,39,46,45,4,134,52,0,52,186
09/22/2021,MHT,NH,ANE,EN,Towers with Radar,41,38,16,2,97,0,0,3,0,3,41,38,19,2,100,0,0,0,100
09/23/2021,MHT,NH,ANE,EN,Towers with Radar,45,42,12,0,99,0,3,5,0,8,45,45,17,0,107,8,0,8,115
09/24/2021,MHT,NH,ANE,EN,Towers with Radar,46,36,9,0,91,0,2,0,0,2,46,38,9,0,93,0,0,0,93
09/25/2021,MHT,NH,ANE,EN,Towers with Radar,36,30,9,0,75,0,5,22,0,27,36,35,31,0,102,12,0,12,114
09/26/2021,MHT,NH,ANE,EN,Towers with Radar,36,16,16,1,69,0,4,31,1,36,36,20,47,2,105,24,0,24,129
09/27/2021,MHT,NH,ANE,EN,Towers with Radar,37,31,15,1,84,0,4,42,1,47,37,35,57,2,131,34,0,34,165
09/28/2021,MHT,NH,ANE,EN,Towers with Radar,39,46,12,2,99,0,3,19,4,26,39,49,31,6,125,22,2,24,149
09/29/2021,MHT,NH,ANE,EN,Towers with Radar,38,44,32,2,116,0,4,72,2,78,38,48,104,4,194,60,0,60,254
09/30/2021,MHT,NH,ANE,EN,Towers with Radar,51,46,22,0,119,0,8,39,0,47,51,54,61,0,166,12,0,12,178
10/01/2021,MHT,NH,ANE,EN,Towers with Radar,47,29,23,4,103,0,8,52,0,60,47,37,75,4,163,8,0,8,171
10/02/2021,MHT,NH,ANE,EN,Towers with Radar,36,17,9,0,62,0,5,24,0,29,36,22,33,0,91,8,0,8,99
10/03/2021,MHT,NH,ANE,EN,Towers with Radar,35,14,19,0,68,0,0,2,0,2,35,14,21,0,70,0,0,0,70
10/04/2021,MHT,NH,ANE,EN,Towers with Radar,36,23,24,5,88,0,0,0,0,0,36,23,24,5,88,0,0,0,88
10/05/2021,MHT,NH,ANE,EN,Towers with Radar,44,44,13,0,101,0,4,21,0,25,44,48,34,0,126,52,0,52,178
10/06/2021,MHT,NH,ANE,EN,Towers with Radar,44,36,29,8,117,0,0,52,0,52,44,36,81,8,169,37,2,39,208
10/07/2021,MHT,NH,ANE,EN,Towers with Radar,54,47,22,1,124,0,6,35,4,45,54,53,57,5,169,0,0,0,169
10/08/2021,MHT,NH,ANE,EN,Towers with Radar,54,43,21,1,119,0,5,64,1,70,54,48,85,2,189,10,0,10,199
10/09/2021,MHT,NH,ANE,EN,Towers with Radar,40,21,20,0,81,0,10,11,0,21,40,31,31,0,102,0,0,0,102
10/10/2021,MHT,NH,ANE,EN,Towers with Radar,40,14,25,0,79,0,5,5,0,10,40,19,30,0,89,10,0,10,99
10/11/2021,MHT,NH,ANE,EN,Towers with Radar,45,29,23,0,97,0,3,24,0,27,45,32,47,0,124,0,0,0,124
10/12/2021,MHT,NH,ANE,EN,Towers with Radar,55,56,19,12,142,0,0,43,0,43,55,56,62,12,185,24,0,24,209
10/13/2021,MHT,NH,ANE,EN,Towers with Radar,54,44,20,10,128,0,5,35,0,40,54,49,55,10,168,16,0,16,184
10/14/2021,MHT,NH,ANE,EN,Towers with Radar,59,45,16,0,120,0,9,44,0,53,59,54,60,0,173,46,0,46,219
10/15/2021,MHT,NH,ANE,EN,Towers with Radar,53,42,29,0,124,0,0,9,0,9,53,42,38,0,133,4,0,4,137
10/16/2021,MHT,NH,ANE,EN,Towers with Radar,47,19,9,2,77,0,1,11,0,12,47,20,20,2,89,0,0,0,89
10/17/2021,MHT,NH,ANE,EN,Towers with Radar,48,21,20,0,89,0,7,38,0,45,48,28,58,0,134,40,0,40,174
10/18/2021,MHT,NH,ANE,EN,Towers with Radar,46,37,12,0,95,0,11,13,0,24,46,48,25,0,119,20,0,20,139
10/19/2021,MHT,NH,ANE,EN,Towers with Radar,52,45,9,4,110,0,7,23,0,30,52,52,32,4,140,22,0,22,162
10/20/2021,MHT,NH,ANE,EN,Towers with Radar,56,34,19,0,109,0,6,31,2,39,56,40,50,2,148,24,0,24,172
10/21/2021,MHT,NH,ANE,EN,Towers with Radar,55,34,25,0,114,0,6,49,0,55,55,40,74,0,169,22,0,22,191
10/22/2021,MHT,NH,ANE,EN,Towers with Radar,54,32,20,0,106,0,6,40,0,46,54,38,60,0,152,18,0,18,170
10/23/2021,MHT,NH,ANE,EN,Towers with Radar,45,17,23,0,85,0,11,29,0,40,45,28,52,0,125,38,0,38,163
10/24/2021,MHT,NH,ANE,EN,Towers with Radar,46,11,18,0,75,0,10,26,0,36,46,21,44,0,111,12,0,12,123
10/25/2021,MHT,NH,ANE,EN,Towers with Radar,43,29,15,0,87,0,0,0,0,0,43,29,15,0,87,0,0,0,87
10/26/2021,MHT,NH,ANE,EN,Towers with Radar,54,41,6,0,101,0,0,0,0,0,54,41,6,0,101,0,0,0,101
10/27/2021,MHT,NH,ANE,EN,Towers with Radar,54,45,6,0,105,0,0,2,0,2,54,45,8,0,107,6,0,6,113
10/28/2021,MHT,NH,ANE,EN,Towers with Radar,54,41,18,0,113,0,7,34,0,41,54,48,52,0,154,46,0,46,200
10/29/2021,MHT,NH,ANE,EN,Towers with Radar,54,25,21,0,100,0,2,24,0,26,54,27,45,0,126,20,0,20,146
10/30/2021,MHT,NH,ANE,EN,Towers with Radar,42,21,8,0,71,0,0,0,0,0,42,21,8,0,71,0,0,0,71
10/31/2021,MHT,NH,ANE,EN,Towers with Radar,38,12,21,0,71,0,6,9,0,15,38,18,30,0,86,0,0,0,86
11/01/2021,MHT,NH,ANE,EN,Towers with Radar,43,24,10,0,77,0,7,30,8,45,43,31,40,8,122,6,0,6,128
11/02/2021,MHT,NH,ANE,EN,Towers with Radar,49,34,12,15,110,0,9,33,8,50,49,43,45,23,160,28,0,28,188
11/03/2021,MHT,NH,ANE,EN,Towers with Radar,51,37,12,0,100,0,6,34,2,42,51,43,46,2,142,14,0,14,156
11/04/2021,MHT,NH,ANE,EN,Towers with Radar,52,35,8,8,103,0,7,28,0,35,52,42,36,8,138,12,0,12,150
11/05/2021,MHT,NH,ANE,EN,Towers with Radar,48,32,23,0,103,0,11,44,1,56,48,43,67,1,159,14,0,14,173
11/06/2021,MHT,NH,ANE,EN,Towers with Radar,39,15,2,0,56,0,9,29,2,40,39,24,31,2,96,22,12,34,130
11/07/2021,MHT,NH,ANE,EN,Towers with Radar,40,7,21,0,68,0,0,29,0,29,40,7,50,0,97,20,0,20,117
11/08/2021,MHT,NH,ANE,EN,Towers with Radar,38,28,22,0,88,0,7,26,2,35,38,35,48,2,123,18,0,18,141
11/09/2021,MHT,NH,ANE,EN,Towers with Radar,49,50,17,0,116,0,0,36,0,36,49,50,53,0,152,10,0,10,162
11/10/2021,MHT,NH,ANE,EN,Towers with Radar,50,44,17,0,111,0,8,24,3,35,50,52,41,3,146,56,0,56,202
11/11/2021,MHT,NH,ANE,EN,Towers with Radar,52,37,23,0,112,0,5,46,0,51,52,42,69,0,163,26,0,26,189
11/12/2021,MHT,NH,ANE,EN,Towers with Radar,47,30,11,0,88,0,1,0,0,1,47,31,11,0,89,4,0,4,93
11/13/2021,MHT,NH,ANE,EN,Towers with Radar,32,10,8,0,50,0,0,22,0,22,32,10,30,0,72,42,0,42,114
11/14/2021,MHT,NH,ANE,EN,Towers with Radar,42,6,9,3,60,0,7,10,3,20,42,13,19,6,80,8,0,8,88
11/15/2021,MHT,NH,ANE,EN,Towers with Radar,37,40,9,2,88,0,11,23,0,34,37,51,32,2,122,18,0,18,140
11/16/2021,MHT,NH,ANE,EN,Towers with Radar,52,29,5,5,91,0,4,12,2,18,52,33,17,7,109,2,0,2,111
11/17/2021,MHT,NH,ANE,EN,Towers with Radar,51,41,27,2,121,0,10,52,3,65,51,51,79,5,186,0,0,0,186
11/18/2021,MHT,NH,ANE,EN,Towers with Radar,55,46,21,0,122,0,8,24,0,32,55,54,45,0,154,16,0,16,170
11/19/2021,MHT,NH,ANE,EN,Towers with Radar,49,33,18,0,100,0,2,18,0,20,49,35,36,0,120,0,0,0,120
11/20/2021,MHT,NH,ANE,EN,Towers with Radar,40,10,15,0,65,0,2,55,0,57,40,12,70,0,122,64,0,64,186
11/21/2021,MHT,NH,ANE,EN,Towers with Radar,49,6,10,0,65,0,7,17,0,24,49,13,27,0,89,0,0,0,89
11/22/2021,MHT,NH,ANE,EN,Towers with Radar,48,28,21,1,98,0,4,9,0,13,48,32,30,1,111,6,0,6,117
11/23/2021,MHT,NH,ANE,EN,Towers with Radar,59,48,14,2,123,0,6,40,1,47,59,54,54,3,170,30,0,30,200
11/24/2021,MHT,NH,ANE,EN,Towers with Radar,60,43,16,0,119,0,7,38,0,45,60,50,54,0,164,6,0,6,170
11/25/2021,MHT,NH,ANE,EN,Towers with Radar,29,4,3,0,36,0,1,2,0,3,29,5,5,0,39,0,0,0,39
11/26/2021,MHT,NH,ANE,EN,Towers with Radar,47,20,4,0,71,0,4,3,0,7,47,24,7,0,78,0,0,0,78
11/27/2021,MHT,NH,ANE,EN,Towers with Radar,44,18,7,0,69,0,6,1,0,7,44,24,8,0,76,0,0,0,76
11/28/2021,MHT,NH,ANE,EN,Towers with Radar,43,14,13,0,70,0,6,25,0,31,43,20,38,0,101,0,0,0,101
11/29/2021,MHT,NH,ANE,EN,Towers with Radar,45,27,17,2,91,0,9,27,0,36,45,36,44,2,127,0,0,0,127
11/30/2021,MHT,NH,ANE,EN,Towers with Radar,63,36,13,0,112,0,2,27,0,29,63,38,40,0,141,8,0,8,149
12/01/2021,MHT,NH,ANE,EN,Towers with Radar,59,34,13,2,108,0,9,28,0,37,59,43,41,2,145,56,0,56,201
12/02/2021,MHT,NH,ANE,EN,Towers with Radar,60,37,7,1,105,0,1,1,1,3,60,38,8,2,108,0,0,0,108
12/03/2021,MHT,NH,ANE,EN,Towers with Radar,51,30,5,0,86,0,5,16,0,21,51,35,21,0,107,0,0,0,107
12/04/2021,MHT,NH,ANE,EN,Towers with Radar,35,17,19,0,71,0,4,44,0,48,35,21,63,0,119,16,0,16,135
12/05/2021,MHT,NH,ANE,EN,Towers with Radar,45,10,19,0,74,0,4,35,0,39,45,14,54,0,113,0,0,0,113
12/06/2021,MHT,NH,ANE,EN,Towers with Radar,43,29,9,0,81,0,0,0,0,0,43,29,9,0,81,0,0,0,81
12/07/2021,MHT,NH,ANE,EN,Towers with Radar,58,45,16,0,119,0,4,26,0,30,58,49,42,0,149,30,0,30,179
12/08/2021,MHT,NH,ANE,EN,Towers with Radar,56,38,19,0,113,0,1,5,0,6,56,39,24,0,119,26,0,26,145
12/09/2021,MHT,NH,ANE,EN,Towers with Radar,57,40,7,0,104,0,4,27,0,31,57,44,34,0,135,10,0,10,145
12/10/2021,MHT,NH,ANE,EN,Towers with Radar,50,37,22,0,109,0,3,16,0,19,50,40,38,0,128,52,0,52,180
12/11/2021,MHT,NH,ANE,EN,Towers with Radar,44,20,1,2,67,0,0,0,0,0,44,20,1,2,67,0,0,0,67
12/12/2021,MHT,NH,ANE,EN,Towers with Radar,43,16,10,0,69,0,2,16,0,18,43,18,26,0,87,2,0,2,89
12/13/2021,MHT,NH,ANE,EN,Towers with Radar,42,25,24,0,91,0,4,37,1,42,42,29,61,1,133,2,0,2,135
12/14/2021,MHT,NH,ANE,EN,Towers with Radar,55,40,26,1,122,0,7,54,0,61,55,47,80,1,183,0,0,0,183
12/15/2021,MHT,NH,ANE,EN,Towers with Radar,56,38,24,1,119,0,8,50,0,58,56,46,74,1,177,6,0,6,183
12/16/2021,MHT,NH,ANE,EN,Towers with Radar,64,44,20,0,128,0,5,7,0,12,64,49,27,0,140,4,0,4,144
12/17/2021,MHT,NH,ANE,EN,Towers with Radar,57,41,18,0,116,0,7,16,2,25,57,48,34,2,141,6,0,6,147
12/18/2021,MHT,NH,ANE,EN,Towers with Radar,55,25,12,0,92,0,1,4,0,5,55,26,16,0,97,0,0,0,97
12/19/2021,MHT,NH,ANE,EN,Towers with Radar,45,12,7,0,64,0,2,2,0,4,45,14,9,0,68,0,0,0,68
12/20/2021,MHT,NH,ANE,EN,Towers with Radar,47,28,10,0,85,0,7,24,0,31,47,35,34,0,116,0,0,0,116
12/21/2021,MHT,NH,ANE,EN,Towers with Radar,57,37,14,0,108,0,9,40,0,49,57,46,54,0,157,18,0,18,175
12/22/2021,MHT,NH,ANE,EN,Towers with Radar,58,40,8,0,106,0,2,7,0,9,58,42,15,0,115,0,0,0,115
12/23/2021,MHT,NH,ANE,EN,Towers with Radar,56,35,13,0,104,0,6,17,0,23,56,41,30,0,127,0,0,0,127
12/24/2021,MHT,NH,ANE,EN,Towers with Radar,46,21,4,0,71,0,4,0,0,4,46,25,4,0,75,0,0,0,75
12/25/2021,MHT,NH,ANE,EN,Towers with Radar,30,9,4,0,43,0,0,0,0,0,30,9,4,0,43,0,0,0,43
12/26/2021,MHT,NH,ANE,EN,Towers with Radar,37,17,6,0,60,0,0,0,0,0,37,17,6,0,60,0,0,0,60
12/27/2021,MHT,NH,ANE,EN,Towers with Radar,41,31,13,0,85,0,3,21,0,24,41,34,34,0,109,34,0,34,143
12/28/2021,MHT,NH,ANE,EN,Towers with Radar,58,44,16,5,123,0,5,5,1,11,58,49,21,6,134,0,0,0,134
12/29/2021,MHT,NH,ANE,EN,Towers with Radar,51,43,17,0,111,0,0,23,0,23,51,43,40,0,134,26,0,26,160
12/30/2021,MHT,NH,ANE,EN,Towers with Radar,52,44,4,0,100,0,0,0,0,0,52,44,4,0,100,0,0,0,100
12/31/2021,MHT,NH,ANE,EN,Towers with Radar,45,33,0,0,78,0,0,0,0,0,45,33,0,0,78,0,0,0,78
01/01/2022,MHT,NH,ANE,EN,Towers with Radar,28,8,3,0,39,0,0,0,0,0,28,8,3,0,39,0,0,0,39
01/02/2022,MHT,NH,ANE,EN,Towers with Radar,33,16,1,0,50,0,0,0,0,0,33,16,1,0,50,0,0,0,50
01/03/2022,MHT,NH,ANE,EN,Towers with Radar,37,19,17,0,73,0,5,32,0,37,37,24,49,0,110,24,0,24,134
01/04/2022,MHT,NH,ANE,EN,Towers with Radar,44,35,23,0,102,0,12,73,0,85,44,47,96,0,187,10,0,10,197
01/05/2022,MHT,NH,ANE,EN,Towers with Radar,41,31,10,0,82,0,2,0,0,2,41,33,10,0,84,0,0,0,84
01/06/2022,MHT,NH,ANE,EN,Towers with Radar,48,32,11,2,93,0,5,30,1,36,48,37,41,3,129,26,0,26,155
01/07/2022,MHT,NH,ANE,EN,Towers with Radar,48,20,7,4,79,0,3,0,0,3,48,23,7,4,82,0,0,0,82
01/08/2022,MHT,NH,ANE,EN,Towers with Radar,35,13,17,0,65,0,1,18,0,19,35,14,35,0,84,0,0,0,84
01/09/2022,MHT,NH,ANE,EN,Towers with Radar,46,6,9,0,61,0,1,0,0,1,46,7,9,0,62,0,0,0,62
01/10/2022,MHT,NH,ANE,EN,Towers with Radar,38,13,12,1,64,0,12,15,0,27,38,25,27,1,91,0,0,0,91
01/11/2022,MHT,NH,ANE,EN,Towers with Radar,53,36,17,0,106,0,10,9,0,19,53,46,26,0,125,0,0,0,125
01/12/2022,MHT,NH,ANE,EN,Towers with Radar,53,28,18,0,99,0,10,26,0,36,53,38,44,0,135,16,0,16,151
01/13/2022,MHT,NH,ANE,EN,Towers with Radar,50,28,29,0,107,0,6,42,1,49,50,34,71,1,156,32,0,32,188
01/14/2022,MHT,NH,ANE,EN,Towers with Radar,51,20,13,0,84,0,7,13,0,20,51,27,26,0,104,10,0,10,114
01/15/2022,MHT,NH,ANE,EN,Towers with Radar,34,7,4,0,45,0,5,2,0,7,34,12,6,0,52,0,0,0,52
01/16/2022,MHT,NH,ANE,EN,Towers with Radar,29,10,6,0,45,0,8,19,0,27,29,18,25,0,72,28,0,28,100
01/17/2022,MHT,NH,ANE,EN,Towers with Radar,29,16,5,0,50,0,2,3,0,5,29,18,8,0,55,0,0,0,55
01/18/2022,MHT,NH,ANE,EN,Towers with Radar,54,34,12,1,101,0,1,5,3,9,54,35,17,4,110,0,0,0,110
01/19/2022,MHT,NH,ANE,EN,Towers with Radar,46,27,11,0,84,0,7,20,0,27,46,34,31,0,111,22,0,22,133
01/20/2022,MHT,NH,ANE,EN,Towers with Radar,51,28,17,0,96,0,5,19,1,25,51,33,36,1,121,0,0,0,121
01/21/2022,MHT,NH,ANE,EN,Towers with Radar,50,21,17,8,96,0,9,29,2,40,50,30,46,10,136,20,0,20,156
01/22/2022,MHT,NH,ANE,EN,Towers with Radar,31,9,3,0,43,0,6,32,0,38,31,15,35,0,81,44,0,44,125
01/23/2022,MHT,NH,ANE,EN,Towers with Radar,41,8,15,0,64,0,6,24,0,30,41,14,39,0,94,24,0,24,118
01/24/2022,MHT,NH,ANE,EN,Towers with Radar,40,17,17,1,75,0,11,22,0,33,40,28,39,1,108,2,0,2,110
01/25/2022,MHT,NH,ANE,EN,Towers with Radar,53,28,13,1,95,0,2,20,2,24,53,30,33,3,119,26,0,26,145
01/26/2022,MHT,NH,ANE,EN,Towers with Radar,51,31,17,2,101,0,13,33,0,46,51,44,50,2,147,32,0,32,179
01/27/2022,MHT,NH,ANE,EN,Towers with Radar,55,33,13,0,101,0,5,29,0,34,55,38,42,0,135,20,0,20,155
01/28/2022,MHT,NH,ANE,EN,Towers with Radar,41,18,14,0,73,0,0,18,0,18,41,18,32,0,91,0,0,0,91
01/29/2022,MHT,NH,ANE,EN,Towers with Radar,0,0,0,0,0,0,0,0,0,0,0,0,0,0,0,0,0,0,0
01/30/2022,MHT,NH,ANE,EN,Towers with Radar,37,9,2,0,48,0,5,5,0,10,37,14,7,0,58,0,0,0,58
01/31/2022,MHT,NH,ANE,EN,Towers with Radar,45,28,11,0,84,0,4,22,0,26,45,32,33,0,110,52,0,52,162
02/01/2022,MHT,NH,ANE,EN,Towers with Radar,50,36,7,0,93,0,4,22,0,26,50,40,29,0,119,0,0,0,119
02/02/2022,MHT,NH,ANE,EN,Towers with Radar,51,29,13,5,98,0,1,5,0,6,51,30,18,5,104,32,6,38,142
02/03/2022,MHT,NH,ANE,EN,Towers with Radar,46,31,15,0,92,0,0,3,0,3,46,31,18,0,95,6,0,6,101
02/04/2022,MHT,NH,ANE,EN,Towers with Radar,19,5,2,0,26,0,0,0,0,0,19,5,2,0,26,0,0,0,26
02/05/2022,MHT,NH,ANE,EN,Towers with Radar,35,13,4,0,52,0,9,10,0,19,35,22,14,0,71,6,0,6,77
02/06/2022,MHT,NH,ANE,EN,Towers with Radar,39,6,5,0,50,0,3,16,0,19,39,9,21,0,69,16,0,16,85
02/07/2022,MHT,NH,ANE,EN,Towers with Radar,44,24,11,0,79,0,3,1,0,4,44,27,12,0,83,0,0,0,83
02/08/2022,MHT,NH,ANE,EN,Towers with Radar,50,43,5,1,99,0,2,6,0,8,50,45,11,1,107,0,0,0,107
02/09/2022,MHT,NH,ANE,EN,Towers with Radar,50,34,16,19,119,0,5,42,9,56,50,39,58,28,175,14,12,26,201
02/10/2022,MHT,NH,ANE,EN,Towers with Radar,53,29,13,2,97,0,2,22,0,24,53,31,35,2,121,6,0,6,127
02/11/2022,MHT,NH,ANE,EN,Towers with Radar,50,24,20,1,95,0,5,51,4,60,50,29,71,5,155,12,0,12,167
02/12/2022,MHT,NH,ANE,EN,Towers with Radar,35,13,5,0,53,0,6,13,0,19,35,19,18,0,72,0,0,0,72
02/13/2022,MHT,NH,ANE,EN,Towers with Radar,37,5,15,0,57,0,2,9,0,11,37,7,24,0,68,20,0,20,88
02/14/2022,MHT,NH,ANE,EN,Towers with Radar,44,22,2,0,68,0,11,7,0,18,44,33,9,0,86,0,0,0,86
02/15/2022,MHT,NH,ANE,EN,Towers with Radar,50,27,18,0,95,0,11,23,0,34,50,38,41,0,129,14,0,14,143
02/16/2022,MHT,NH,ANE,EN,Towers with Radar,54,37,15,0,106,0,9,33,0,42,54,46,48,0,148,22,0,22,170
02/17/2022,MHT,NH,ANE,EN,Towers with Radar,50,33,11,0,94,0,0,5,0,5,50,33,16,0,99,0,0,0,99
02/18/2022,MHT,NH,ANE,EN,Towers with Radar,54,22,6,6,88,0,2,3,2,7,54,24,9,8,95,30,0,30,125
02/19/2022,MHT,NH,ANE,EN,Towers with Radar,45,11,4,0,60,0,3,11,0,14,45,14,15,0,74,12,0,12,86
02/20/2022,MHT,NH,ANE,EN,Towers with Radar,42,9,21,0,72,0,6,38,0,44,42,15,59,0,116,82,0,82,198
02/21/2022,MHT,NH,ANE,EN,Towers with Radar,44,16,22,0,82,0,5,58,0,63,44,21,80,0,145,44,0,44,189
02/22/2022,MHT,NH,ANE,EN,Towers with Radar,48,27,14,2,91,0,1,1,0,2,48,28,15,2,93,0,0,0,93
02/23/2022,MHT,NH,ANE,EN,Towers with Radar,55,34,15,2,106,0,5,17,1,23,55,39,32,3,129,16,24,40,169
02/24/2022,MHT,NH,ANE,EN,Towers with Radar,47,36,19,0,102,0,10,43,0,53,47,46,62,0,155,18,0,18,173
02/25/2022,MHT,NH,ANE,EN,Towers with Radar,30,14,6,0,50,0,1,0,0,1,30,15,6,0,51,0,0,0,51
02/26/2022,MHT,NH,ANE,EN,Towers with Radar,47,18,10,0,75,0,9,22,0,31,47,27,32,0,106,16,0,16,122
02/27/2022,MHT,NH,ANE,EN,Towers with Radar,43,6,8,0,57,0,2,13,0,15,43,8,21,0,72,26,0,26,98
02/28/2022,MHT,NH,ANE,EN,Towers with Radar,43,23,4,0,70,0,8,17,1,26,43,31,21,1,96,8,0,8,104
03/01/2022,MHT,NH,ANE,EN,Towers with Radar,54,32,14,0,100,0,4,33,2,39,54,36,47,2,139,0,0,0,139
03/02/2022,MHT,NH,ANE,EN,Towers with Radar,54,30,22,1,107,0,3,29,0,32,54,33,51,1,139,0,0,0,139
03/03/2022,MHT,NH,ANE,EN,Towers with Radar,54,34,10,4,102,0,6,16,0,22,54,40,26,4,124,0,0,0,124
03/04/2022,MHT,NH,ANE,EN,Towers with Radar,47,28,21,0,96,0,10,43,0,53,47,38,64,0,149,16,0,16,165
03/05/2022,MHT,NH,ANE,EN,Towers with Radar,42,17,23,3,85,0,4,43,5,52,42,21,66,8,137,14,0,14,151
03/06/2022,MHT,NH,ANE,EN,Towers with Radar,41,12,12,0,65,0,0,6,0,6,41,12,18,0,71,14,0,14,85
03/07/2022,MHT,NH,ANE,EN,Towers with Radar,44,19,5,0,68,0,0,8,0,8,44,19,13,0,76,0,0,0,76
03/08/2022,MHT,NH,ANE,EN,Towers with Radar,53,39,14,2,108,0,5,7,5,17,53,44,21,7,125,0,0,0,125
03/09/2022,MHT,NH,ANE,EN,Towers with Radar,47,29,19,0,95,0,0,16,0,16,47,29,35,0,111,0,0,0,111
03/10/2022,MHT,NH,ANE,EN,Towers with Radar,50,36,16,4,106,0,8,35,0,43,50,44,51,4,149,20,0,20,169
03/11/2022,MHT,NH,ANE,EN,Towers with Radar,48,26,23,0,97,0,1,40,0,41,48,27,63,0,138,4,0,4,142
03/12/2022,MHT,NH,ANE,EN,Towers with Radar,34,18,3,0,55,0,0,0,0,0,34,18,3,0,55,0,0,0,55
03/13/2022,MHT,NH,ANE,EN,Towers with Radar,41,6,11,0,58,0,2,7,0,9,41,8,18,0,67,0,0,0,67
03/14/2022,MHT,NH,ANE,EN,Towers with Radar,41,14,11,0,66,0,3,23,0,26,41,17,34,0,92,18,0,18,110
03/15/2022,MHT,NH,ANE,EN,Towers with Radar,48,31,12,0,91,0,2,19,0,21,48,33,31,0,112,12,0,12,124
03/16/2022,MHT,NH,ANE,EN,Towers with Radar,48,30,17,10,105,0,1,26,0,27,48,31,43,10,132,70,0,70,202
03/17/2022,MHT,NH,ANE,EN,Towers with Radar,58,43,19,0,120,0,1,6,0,7,58,44,25,0,127,0,0,0,127
03/18/2022,MHT,NH,ANE,EN,Towers with Radar,47,28,15,0,90,0,5,34,0,39,47,33,49,0,129,60,0,60,189
03/19/2022,MHT,NH,ANE,EN,Towers with Radar,36,10,12,0,58,0,1,0,0,1,36,11,12,0,59,0,0,0,59
03/20/2022,MHT,NH,ANE,EN,Towers with Radar,43,8,18,0,69,0,0,12,0,12,43,8,30,0,81,16,0,16,97
03/21/2022,MHT,NH,ANE,EN,Towers with Radar,42,18,11,0,71,0,3,20,0,23,42,21,31,0,94,0,0,0,94
03/22/2022,MHT,NH,ANE,EN,Towers with Radar,51,38,18,6,113,0,1,11,2,14,51,39,29,8,127,16,0,16,143
03/23/2022,MHT,NH,ANE,EN,Towers with Radar,49,29,33,0,111,0,2,67,0,69,49,31,100,0,180,28,0,28,208
03/24/2022,MHT,NH,ANE,EN,Towers with Radar,52,26,10,0,88,0,0,0,0,0,52,26,10,0,88,0,0,0,88
03/25/2022,MHT,NH,ANE,EN,Towers with Radar,49,23,27,0,99,0,2,20,2,24,49,25,47,2,123,12,0,12,135
03/26/2022,MHT,NH,ANE,EN,Towers with Radar,34,10,12,0,56,0,2,36,0,38,34,12,48,0,94,20,0,20,114
03/27/2022,MHT,NH,ANE,EN,Towers with Radar,32,10,16,0,58,0,1,19,0,20,32,11,35,0,78,38,0,38,116
03/28/2022,MHT,NH,ANE,EN,Towers with Radar,43,20,16,0,79,0,0,9,0,9,43,20,25,0,88,0,0,0,88
03/29/2022,MHT,NH,ANE,EN,Towers with Radar,48,33,9,1,91,0,1,19,1,21,48,34,28,2,112,0,0,0,112
03/30/2022,MHT,NH,ANE,EN,Towers with Radar,48,30,21,0,99,0,3,52,0,55,48,33,73,0,154,20,0,20,174
03/31/2022,MHT,NH,ANE,EN,Towers with Radar,47,35,10,0,92,0,0,0,0,0,47,35,10,0,92,0,0,0,92
04/01/2022,MHT,NH,ANE,EN,Towers with Radar,45,17,6,0,68,0,1,16,1,18,45,18,22,1,86,24,0,24,110
04/02/2022,MHT,NH,ANE,EN,Towers with Radar,30,9,12,0,51,0,4,21,0,25,30,13,33,0,76,0,0,0,76
04/03/2022,MHT,NH,ANE,EN,Towers with Radar,28,15,16,0,59,0,0,20,0,20,28,15,36,0,79,0,0,0,79
04/04/2022,MHT,NH,ANE,EN,Towers with Radar,38,23,11,0,72,0,0,19,2,21,38,23,30,2,93,0,0,0,93
04/05/2022,MHT,NH,ANE,EN,Towers with Radar,41,29,27,4,101,0,0,45,0,45,41,29,72,4,146,34,0,34,180
04/06/2022,MHT,NH,ANE,EN,Towers with Radar,44,33,12,0,89,0,1,17,0,18,44,34,29,0,107,10,0,10,117
04/07/2022,MHT,NH,ANE,EN,Towers with Radar,38,35,9,0,82,0,4,6,0,10,38,39,15,0,92,16,0,16,108
04/08/2022,MHT,NH,ANE,EN,Towers with Radar,45,25,11,0,81,0,4,8,0,12,45,29,19,0,93,0,0,0,93
04/09/2022,MHT,NH,ANE,EN,Towers with Radar,33,17,12,0,62,0,1,13,0,14,33,18,25,0,76,50,0,50,126
04/10/2022,MHT,NH,ANE,EN,Towers with Radar,35,9,9,2,55,0,2,15,0,17,35,11,24,2,72,0,0,0,72
04/11/2022,MHT,NH,ANE,EN,Towers with Radar,36,22,19,0,77,0,7,54,0,61,36,29,73,0,138,18,0,18,156
04/12/2022,MHT,NH,ANE,EN,Towers with Radar,44,28,7,9,88,0,7,13,0,20,44,35,20,9,108,10,0,10,118
04/13/2022,MHT,NH,ANE,EN,Towers with Radar,44,28,23,0,95,0,0,41,0,41,44,28,64,0,136,10,0,10,146
04/14/2022,MHT,NH,ANE,EN,Towers with Radar,51,29,25,0,105,0,0,0,0,0,51,29,25,0,105,0,0,0,105
04/15/2022,MHT,NH,ANE,EN,Towers with Radar,45,20,15,2,82,0,3,35,0,38,45,23,50,2,120,8,0,8,128
04/16/2022,MHT,NH,ANE,EN,Towers with Radar,38,10,7,0,55,0,0,13,0,13,38,10,20,0,68,8,0,8,76
04/17/2022,MHT,NH,ANE,EN,Towers with Radar,31,7,4,0,42,0,1,12,0,13,31,8,16,0,55,0,0,0,55
04/18/2022,MHT,NH,ANE,EN,Towers with Radar,35,17,25,3,80,0,1,54,1,56,35,18,79,4,136,28,0,28,164
04/19/2022,MHT,NH,ANE,EN,Towers with Radar,49,25,14,0,88,0,0,1,0,1,49,25,15,0,89,0,0,0,89
04/20/2022,MHT,NH,ANE,EN,Towers with Radar,51,32,7,16,106,0,1,9,0,10,51,33,16,16,116,8,0,8,124
04/21/2022,MHT,NH,ANE,EN,Towers with Radar,52,27,13,6,98,0,2,34,0,36,52,29,47,6,134,40,10,50,184
04/22/2022,MHT,NH,ANE,EN,Towers with Radar,49,25,9,0,83,0,0,19,0,19,49,25,28,0,102,0,0,0,102
04/23/2022,MHT,NH,ANE,EN,Towers with Radar,39,11,21,0,71,0,0,42,0,42,39,11,63,0,113,50,0,50,163
04/24/2022,MHT,NH,ANE,EN,Towers with Radar,40,8,18,0,66,0,6,35,0,41,40,14,53,0,107,50,0,50,157
04/25/2022,MHT,NH,ANE,EN,Towers with Radar,40,16,4,7,67,0,1,40,6,47,40,17,44,13,114,30,8,38,152
04/26/2022,MHT,NH,ANE,EN,Towers with Radar,54,30,16,7,107,0,0,18,0,18,54,30,34,7,125,12,0,12,137
04/27/2022,MHT,NH,ANE,EN,Towers with Radar,53,31,19,0,103,0,2,37,1,40,53,33,56,1,143,0,0,0,143
04/28/2022,MHT,NH,ANE,EN,Towers with Radar,53,42,11,0,106,0,5,13,0,18,53,47,24,0,124,0,0,0,124
04/29/2022,MHT,NH,ANE,EN,Towers with Radar,49,32,15,0,96,0,3,9,0,12,49,35,24,0,108,0,0,0,108
04/30/2022,MHT,NH,ANE,EN,Towers with Radar,46,23,14,0,83,0,2,39,0,41,46,25,53,0,124,30,0,30,154
05/01/2022,MHT,NH,ANE,EN,Towers with Radar,39,9,16,0,64,0,6,33,0,39,39,15,49,0,103,6,0,6,109
05/02/2022,MHT,NH,ANE,EN,Towers with Radar,40,17,21,0,78,0,1,38,3,42,40,18,59,3,120,56,0,56,176
05/03/2022,MHT,NH,ANE,EN,Towers with Radar,50,28,20,0,98,0,0,8,0,8,50,28,28,0,106,0,0,0,106
05/04/2022,MHT,NH,ANE,EN,Towers with Radar,47,28,24,0,99,0,0,0,0,0,47,28,24,0,99,0,0,0,99
05/05/2022,MHT,NH,ANE,EN,Towers with Radar,47,27,24,4,102,0,3,38,0,41,47,30,62,4,143,8,0,8,151
05/06/2022,MHT,NH,ANE,EN,Towers with Radar,43,21,25,0,89,0,0,40,2,42,43,21,65,2,131,42,0,42,173
05/07/2022,MHT,NH,ANE,EN,Towers with Radar,41,13,19,0,73,0,1,25,0,26,41,14,44,0,99,48,0,48,147
05/08/2022,MHT,NH,ANE,EN,Towers with Radar,38,5,9,0,52,0,2,22,0,24,38,7,31,0,76,6,0,6,82
05/09/2022,MHT,NH,ANE,EN,Towers with Radar,40,13,15,4,72,0,3,20,0,23,40,16,35,4,95,8,0,8,103
05/10/2022,MHT,NH,ANE,EN,Towers with Radar,47,31,15,19,112,0,0,73,0,73,47,31,88,19,185,44,0,44,229
05/11/2022,MHT,NH,ANE,EN,Towers with Radar,46,28,18,0,92,0,0,41,0,41,46,28,59,0,133,17,0,17,150
05/12/2022,MHT,NH,ANE,EN,Towers with Radar,53,26,27,1,107,0,0,34,1,35,53,26,61,2,142,62,0,62,204
05/13/2022,MHT,NH,ANE,EN,Towers with Radar,47,19,47,0,113,0,1,41,1,43,47,20,88,1,156,10,0,10,166
05/14/2022,MHT,NH,ANE,EN,Towers with Radar,42,10,11,0,63,0,6,28,1,35,42,16,39,1,98,48,0,48,146
05/15/2022,MHT,NH,ANE,EN,Towers with Radar,39,5,14,2,60,0,0,4,1,5,39,5,18,3,65,16,0,16,81
05/16/2022,MHT,NH,ANE,EN,Towers with Radar,37,15,27,6,85,0,0,6,3,9,37,15,33,9,94,14,18,32,126
05/17/2022,MHT,NH,ANE,EN,Towers with Radar,44,31,22,6,103,0,0,27,0,27,44,31,49,6,130,0,0,0,130
05/18/2022,MHT,NH,ANE,EN,Towers with Radar,46,27,8,7,88,0,4,32,1,37,46,31,40,8,125,12,0,12,137
05/19/2022,MHT,NH,ANE,EN,Towers with Radar,51,34,23,0,108,0,0,13,0,13,51,34,36,0,121,4,0,4,125
05/20/2022,MHT,NH,ANE,EN,Towers with Radar,46,26,23,0,95,0,4,17,0,21,46,30,40,0,116,0,0,0,116
05/21/2022,MHT,NH,ANE,EN,Towers with Radar,41,11,8,0,60,0,4,12,0,16,41,15,20,0,76,0,0,0,76
05/22/2022,MHT,NH,ANE,EN,Towers with Radar,39,10,5,0,54,0,2,12,0,14,39,12,17,0,68,0,0,0,68
05/23/2022,MHT,NH,ANE,EN,Towers with Radar,39,18,14,0,71,0,5,29,0,34,39,23,43,0,105,28,0,28,133
05/24/2022,MHT,NH,ANE,EN,Towers with Radar,41,32,22,0,95,0,7,46,1,54,41,39,68,1,149,40,0,40,189
05/25/2022,MHT,NH,ANE,EN,Towers with Radar,49,33,20,0,102,0,0,40,2,42,49,33,60,2,144,0,0,0,144
05/26/2022,MHT,NH,ANE,EN,Towers with Radar,50,30,28,4,112,0,4,44,0,48,50,34,72,4,160,20,0,20,180
05/27/2022,MHT,NH,ANE,EN,Towers with Radar,42,24,32,0,98,0,3,9,0,12,42,27,41,0,110,22,0,22,132
05/28/2022,MHT,NH,ANE,EN,Towers with Radar,41,11,14,0,66,0,1,1,0,2,41,12,15,0,68,0,0,0,68
05/29/2022,MHT,NH,ANE,EN,Towers with Radar,33,4,4,0,41,0,11,23,0,34,33,15,27,0,75,4,0,4,79
05/30/2022,MHT,NH,ANE,EN,Towers with Radar,37,10,11,0,58,0,6,33,0,39,37,16,44,0,97,8,0,8,105
05/31/2022,MHT,NH,ANE,EN,Towers with Radar,38,26,23,2,89,0,5,38,0,43,38,31,61,2,132,0,0,0,132
06/01/2022,MHT,NH,ANE,EN,Towers with Radar,45,25,11,0,81,0,0,8,0,8,45,25,19,0,89,18,0,18,107
06/02/2022,MHT,NH,ANE,EN,Towers with Radar,46,29,23,0,98,0,0,5,0,5,46,29,28,0,103,0,0,0,103
06/03/2022,MHT,NH,ANE,EN,Towers with Radar,52,39,31,0,122,0,0,2,0,2,52,39,33,0,124,0,0,0,124
06/04/2022,MHT,NH,ANE,EN,Towers with Radar,44,17,4,4,69,0,1,25,0,26,44,18,29,4,95,42,0,42,137
06/05/2022,MHT,NH,ANE,EN,Towers with Radar,42,16,15,0,73,0,1,22,0,23,42,17,37,0,96,0,0,0,96
06/06/2022,MHT,NH,ANE,EN,Towers with Radar,48,25,13,0,86,0,3,49,0,52,48,28,62,0,138,20,0,20,158
06/07/2022,MHT,NH,ANE,EN,Towers with Radar,53,31,17,0,101,0,3,57,0,60,53,34,74,0,161,26,0,26,187
06/08/2022,MHT,NH,ANE,EN,Towers with Radar,60,37,26,0,123,0,1,40,2,43,60,38,66,2,166,28,0,28,194
06/09/2022,MHT,NH,ANE,EN,Towers with Radar,56,39,19,5,119,0,0,3,5,8,56,39,22,10,127,0,20,20,147
06/10/2022,MHT,NH,ANE,EN,Towers with Radar,54,28,20,0,102,0,3,38,0,41,54,31,58,0,143,36,0,36,179
06/11/2022,MHT,NH,ANE,EN,Towers with Radar,43,18,11,2,74,0,2,33,2,37,43,20,44,4,111,30,0,30,141
06/12/2022,MHT,NH,ANE,EN,Towers with Radar,39,16,11,4,70,0,3,17,1,21,39,19,28,5,91,22,0,22,113
06/13/2022,MHT,NH,ANE,EN,Towers with Radar,46,23,13,0,82,0,2,23,0,25,46,25,36,0,107,2,0,2,109
06/14/2022,MHT,NH,ANE,EN,Towers with Radar,54,32,12,1,99,0,5,39,1,45,54,37,51,2,144,12,0,12,156
06/15/2022,MHT,NH,ANE,EN,Towers with Radar,56,28,28,0,112,0,4,52,0,56,56,32,80,0,168,92,0,92,260
06/16/2022,MHT,NH,ANE,EN,Towers with Radar,58,40,15,0,113,0,1,22,0,23,58,41,37,0,136,16,0,16,152
06/17/2022,MHT,NH,ANE,EN,Towers with Radar,50,27,14,0,91,0,5,16,0,21,50,32,30,0,112,10,0,10,122
06/18/2022,MHT,NH,ANE,EN,Towers with Radar,45,13,7,0,65,0,1,8,0,9,45,14,15,0,74,0,0,0,74
06/19/2022,MHT,NH,ANE,EN,Towers with Radar,45,14,10,0,69,0,2,13,0,15,45,16,23,0,84,0,0,0,84
06/20/2022,MHT,NH,ANE,EN,Towers with Radar,44,18,10,0,72,0,3,44,0,47,44,21,54,0,119,0,0,0,119
06/21/2022,MHT,NH,ANE,EN,Towers with Radar,57,31,18,0,106,0,0,59,0,59,57,31,77,0,165,16,0,16,181
06/22/2022,MHT,NH,ANE,EN,Towers with Radar,49,29,32,0,110,0,3,21,0,24,49,32,53,0,134,12,0,12,146
06/23/2022,MHT,NH,ANE,EN,Towers with Radar,61,34,19,0,114,0,0,24,0,24,61,34,43,0,138,0,0,0,138
06/24/2022,MHT,NH,ANE,EN,Towers with Radar,57,28,33,0,118,0,5,26,0,31,57,33,59,0,149,38,0,38,187
06/25/2022,MHT,NH,ANE,EN,Towers with Radar,41,15,10,0,66,0,7,50,0,57,41,22,60,0,123,28,0,28,151
06/26/2022,MHT,NH,ANE,EN,Towers with Radar,43,8,9,0,60,0,0,26,0,26,43,8,35,0,86,12,0,12,98
06/27/2022,MHT,NH,ANE,EN,Towers with Radar,47,25,14,3,89,0,2,11,1,14,47,27,25,4,103,0,0,0,103
06/28/2022,MHT,NH,ANE,EN,Towers with Radar,56,32,21,2,111,0,4,46,1,51,56,36,67,3,162,26,0,26,188
06/29/2022,MHT,NH,ANE,EN,Towers with Radar,55,28,13,0,96,0,3,39,0,42,55,31,52,0,138,0,0,0,138
06/30/2022,MHT,NH,ANE,EN,Towers with Radar,55,26,7,0,88,0,3,35,0,38,55,29,42,0,126,0,0,0,126
07/01/2022,MHT,NH,ANE,EN,Towers with Radar,52,25,12,0,89,0,7,36,1,44,52,32,48,1,133,28,0,28,161
07/02/2022,MHT,NH,ANE,EN,Towers with Radar,41,14,5,0,60,0,1,11,0,12,41,15,16,0,72,6,0,6,78
07/03/2022,MHT,NH,ANE,EN,Towers with Radar,41,7,3,0,51,0,5,11,0,16,41,12,14,0,67,0,0,0,67
07/04/2022,MHT,NH,ANE,EN,Towers with Radar,40,13,7,0,60,0,2,10,0,12,40,15,17,0,72,0,0,0,72
07/05/2022,MHT,NH,ANE,EN,Towers with Radar,48,27,11,0,86,0,1,12,0,13,48,28,23,0,99,48,0,48,147
07/06/2022,MHT,NH,ANE,EN,Towers with Radar,56,29,22,2,109,0,0,22,0,22,56,29,44,2,131,0,0,0,131
07/07/2022,MHT,NH,ANE,EN,Towers with Radar,54,30,23,0,107,0,1,65,0,66,54,31,88,0,173,32,0,32,205
07/08/2022,MHT,NH,ANE,EN,Towers with Radar,55,22,12,0,89,0,3,41,0,44,55,25,53,0,133,8,0,8,141
07/09/2022,MHT,NH,ANE,EN,Towers with Radar,40,16,4,0,60,0,2,31,0,33,40,18,35,0,93,56,0,56,149
07/10/2022,MHT,NH,ANE,EN,Towers with Radar,44,12,13,0,69,0,2,33,0,35,44,14,46,0,104,6,0,6,110
07/11/2022,MHT,NH,ANE,EN,Towers with Radar,46,19,7,0,72,0,3,22,0,25,46,22,29,0,97,48,0,48,145
07/12/2022,MHT,NH,ANE,EN,Towers with Radar,56,30,10,0,96,0,0,19,0,19,56,30,29,0,115,30,0,30,145
07/13/2022,MHT,NH,ANE,EN,Towers with Radar,56,37,18,0,111,0,2,34,0,36,56,39,52,0,147,12,0,12,159
07/14/2022,MHT,NH,ANE,EN,Towers with Radar,57,33,24,0,114,0,2,39,0,41,57,35,63,0,155,19,0,19,174
07/15/2022,MHT,NH,ANE,EN,Towers with Radar,53,38,26,6,123,0,2,53,1,56,53,40,79,7,179,20,0,20,199
07/16/2022,MHT,NH,ANE,EN,Towers with Radar,39,22,13,0,74,0,6,25,1,32,39,28,38,1,106,36,0,36,142
07/17/2022,MHT,NH,ANE,EN,Towers with Radar,46,21,25,0,92,0,3,16,0,19,46,24,41,0,111,0,0,0,111
07/18/2022,MHT,NH,ANE,EN,Towers with Radar,46,20,15,0,81,0,1,26,0,27,46,21,41,0,108,18,0,18,126
07/19/2022,MHT,NH,ANE,EN,Towers with Radar,59,30,17,0,106,0,4,34,0,38,59,34,51,0,144,10,0,10,154
07/20/2022,MHT,NH,ANE,EN,Towers with Radar,56,26,15,0,97,0,2,56,0,58,56,28,71,0,155,10,0,10,165
07/21/2022,MHT,NH,ANE,EN,Towers with Radar,55,35,13,0,103,0,3,23,0,26,55,38,36,0,129,0,0,0,129
07/22/2022,MHT,NH,ANE,EN,Towers with Radar,56,27,17,0,100,0,3,32,2,37,56,30,49,2,137,8,0,8,145
07/23/2022,MHT,NH,ANE,EN,Towers with Radar,41,17,6,0,64,0,8,27,1,36,41,25,33,1,100,32,0,32,132
07/24/2022,MHT,NH,ANE,EN,Towers with Radar,47,17,10,0,74,0,2,11,0,13,47,19,21,0,87,16,0,16,103
07/25/2022,MHT,NH,ANE,EN,Towers with Radar,49,25,9,0,83,0,8,6,0,14,49,33,15,0,97,0,0,0,97
07/26/2022,MHT,NH,ANE,EN,Towers with Radar,58,36,21,1,116,0,6,39,1,46,58,42,60,2,162,0,0,0,162
07/27/2022,MHT,NH,ANE,EN,Towers with Radar,57,36,18,0,111,0,2,55,0,57,57,38,73,0,168,78,0,78,246
07/28/2022,MHT,NH,ANE,EN,Towers with Radar,57,32,29,0,118,0,1,28,0,29,57,33,57,0,147,14,0,14,161
07/29/2022,MHT,NH,ANE,EN,Towers with Radar,56,30,11,0,97,0,4,32,0,36,56,34,43,0,133,42,0,42,175
07/30/2022,MHT,NH,ANE,EN,Towers with Radar,40,15,14,0,69,0,9,28,1,38,40,24,42,1,107,28,0,28,135
07/31/2022,MHT,NH,ANE,EN,Towers with Radar,43,10,9,0,62,0,2,33,0,35,43,12,42,0,97,26,0,26,123
08/01/2022,MHT,NH,ANE,EN,Towers with Radar,48,23,15,0,86,0,1,37,0,38,48,24,52,0,124,44,0,44,168
08/02/2022,MHT,NH,ANE,EN,Towers with Radar,58,29,13,4,104,0,2,23,0,25,58,31,36,4,129,0,0,0,129
08/03/2022,MHT,NH,ANE,EN,Towers with Radar,52,36,29,0,117,0,8,48,0,56,52,44,77,0,173,18,0,18,191
08/04/2022,MHT,NH,ANE,EN,Towers with Radar,48,35,14,1,98,0,0,38,3,41,48,35,52,4,139,94,0,94,233
08/05/2022,MHT,NH,ANE,EN,Towers with Radar,52,26,13,0,91,0,1,34,0,35,52,27,47,0,126,12,0,12,138
08/06/2022,MHT,NH,ANE,EN,Towers with Radar,38,19,17,0,74,0,3,15,0,18,38,22,32,0,92,0,0,0,92
08/07/2022,MHT,NH,ANE,EN,Towers with Radar,43,8,4,0,55,0,7,14,0,21,43,15,18,0,76,18,0,18,94
08/08/2022,MHT,NH,ANE,EN,Towers with Radar,44,18,18,5,85,0,2,18,2,22,44,20,36,7,107,8,20,28,135
08/09/2022,MHT,NH,ANE,EN,Towers with Radar,55,29,13,0,97,0,2,20,0,22,55,31,33,0,119,0,0,0,119
08/10/2022,MHT,NH,ANE,EN,Towers with Radar,56,26,37,0,119,0,1,11,0,12,56,27,48,0,131,0,0,0,131
08/11/2022,MHT,NH,ANE,EN,Towers with Radar,55,30,31,0,116,0,1,22,0,23,55,31,53,0,139,0,0,0,139
08/12/2022,MHT,NH,ANE,EN,Towers with Radar,54,26,12,0,92,0,1,35,0,36,54,27,47,0,128,80,0,80,208
08/13/2022,MHT,NH,ANE,EN,Towers with Radar,43,14,19,0,76,0,3,101,0,104,43,17,120,0,180,24,0,24,204
08/14/2022,MHT,NH,ANE,EN,Towers with Radar,44,12,11,0,67,0,8,23,0,31,44,20,34,0,98,20,0,20,118
08/15/2022,MHT,NH,ANE,EN,Towers with Radar,46,19,19,1,85,0,3,19,3,25,46,22,38,4,110,0,0,0,110
08/16/2022,MHT,NH,ANE,EN,Towers with Radar,56,27,21,0,104,0,5,31,0,36,56,32,52,0,140,18,0,18,158
08/17/2022,MHT,NH,ANE,EN,Towers with Radar,55,35,13,0,103,0,1,24,0,25,55,36,37,0,128,18,0,18,146
08/18/2022,MHT,NH,ANE,EN,Towers with Radar,58,31,22,0,111,0,5,28,2,35,58,36,50,2,146,14,0,14,160
08/19/2022,MHT,NH,ANE,EN,Towers with Radar,60,26,14,0,100,0,3,29,0,32,60,29,43,0,132,38,0,38,170
08/20/2022,MHT,NH,ANE,EN,Towers with Radar,41,10,13,0,64,0,7,21,0,28,41,17,34,0,92,22,0,22,114
08/21/2022,MHT,NH,ANE,EN,Towers with Radar,44,6,11,0,61,0,5,7,0,12,44,11,18,0,73,10,0,10,83
08/22/2022,MHT,NH,ANE,EN,Towers with Radar,51,19,35,0,105,0,0,3,0,3,51,19,38,0,108,0,0,0,108
08/23/2022,MHT,NH,ANE,EN,Towers with Radar,57,31,11,5,104,0,0,1,0,1,57,31,12,5,105,0,0,0,105
08/24/2022,MHT,NH,ANE,EN,Towers with Radar,63,36,18,5,122,0,6,27,2,35,63,42,45,7,157,14,0,14,171
08/25/2022,MHT,NH,ANE,EN,Towers with Radar,60,31,32,10,133,0,4,66,0,70,60,35,98,10,203,34,0,34,237
08/26/2022,MHT,NH,ANE,EN,Towers with Radar,59,31,28,0,118,0,0,18,0,18,59,31,46,0,136,0,0,0,136
08/27/2022,MHT,NH,ANE,EN,Towers with Radar,43,11,18,0,72,0,6,27,0,33,43,17,45,0,105,0,0,0,105
08/28/2022,MHT,NH,ANE,EN,Towers with Radar,44,8,23,0,75,0,3,15,0,18,44,11,38,0,93,8,0,8,101
08/29/2022,MHT,NH,ANE,EN,Towers with Radar,43,17,19,0,79,0,5,26,0,31,43,22,45,0,110,10,0,10,120
08/30/2022,MHT,NH,ANE,EN,Towers with Radar,55,29,20,2,106,0,5,36,0,41,55,34,56,2,147,16,0,16,163
08/31/2022,MHT,NH,ANE,EN,Towers with Radar,58,30,20,7,115,0,4,31,1,36,58,34,51,8,151,34,8,42,193
09/01/2022,MHT,NH,ANE,EN,Towers with Radar,58,27,16,5,106,0,5,25,0,30,58,32,41,5,136,14,0,14,150
09/02/2022,MHT,NH,ANE,EN,Towers with Radar,59,24,23,0,106,0,6,32,0,38,59,30,55,0,144,26,0,26,170
09/03/2022,MHT,NH,ANE,EN,Towers with Radar,39,8,14,0,61,0,3,43,0,46,39,11,57,0,107,6,0,6,113
09/04/2022,MHT,NH,ANE,EN,Towers with Radar,43,3,6,1,53,0,5,15,3,23,43,8,21,4,76,0,0,0,76
09/05/2022,MHT,NH,ANE,EN,Towers with Radar,43,11,11,0,65,0,0,0,0,0,43,11,11,0,65,0,0,0,65
09/06/2022,MHT,NH,ANE,EN,Towers with Radar,57,35,15,0,107,0,0,0,0,0,57,35,15,0,107,0,0,0,107
09/07/2022,MHT,NH,ANE,EN,Towers with Radar,59,38,23,10,130,0,1,18,0,19,59,39,41,10,149,0,0,0,149
09/08/2022,MHT,NH,ANE,EN,Towers with Radar,61,26,24,3,114,0,3,29,1,33,61,29,53,4,147,44,0,44,191
09/09/2022,MHT,NH,ANE,EN,Towers with Radar,60,24,19,1,104,0,9,49,1,59,60,33,68,2,163,28,0,28,191
09/10/2022,MHT,NH,ANE,EN,Towers with Radar,49,13,14,0,76,0,7,53,0,60,49,20,67,0,136,14,0,14,150
09/11/2022,MHT,NH,ANE,EN,Towers with Radar,51,6,27,0,84,0,3,15,0,18,51,9,42,0,102,0,0,0,102
09/12/2022,MHT,NH,ANE,EN,Towers with Radar,53,18,18,0,89,0,1,24,0,25,53,19,42,0,114,22,0,22,136
09/13/2022,MHT,NH,ANE,EN,Towers with Radar,62,22,20,0,104,0,1,1,0,2,62,23,21,0,106,0,0,0,106
09/14/2022,MHT,NH,ANE,EN,Towers with Radar,63,23,14,0,100,0,13,15,0,28,63,36,29,0,128,0,0,0,128
09/15/2022,MHT,NH,ANE,EN,Towers with Radar,62,25,16,0,103,0,6,35,0,41,62,31,51,0,144,0,0,0,144
09/16/2022,MHT,NH,ANE,EN,Towers with Radar,58,27,18,0,103,0,8,36,0,44,58,35,54,0,147,42,0,42,189
09/17/2022,MHT,NH,ANE,EN,Towers with Radar,47,19,17,0,83,0,6,30,0,36,47,25,47,0,119,10,0,10,129
09/18/2022,MHT,NH,ANE,EN,Towers with Radar,50,6,1,0,57,0,8,11,0,19,50,14,12,0,76,0,0,0,76
09/19/2022,MHT,NH,ANE,EN,Towers with Radar,50,18,24,3,95,0,0,0,0,0,50,18,24,3,95,0,0,0,95
09/20/2022,MHT,NH,ANE,EN,Towers with Radar,60,32,23,0,115,0,1,0,0,1,60,33,23,0,116,0,0,0,116
09/21/2022,MHT,NH,ANE,EN,Towers with Radar,57,28,24,0,109,0,5,23,0,28,57,33,47,0,137,22,0,22,159
09/22/2022,MHT,NH,ANE,EN,Towers with Radar,67,31,10,2,110,0,1,5,0,6,67,32,15,2,116,0,0,0,116
09/23/2022,MHT,NH,ANE,EN,Towers with Radar,60,24,13,2,99,0,3,16,1,20,60,27,29,3,119,0,0,0,119
09/24/2022,MHT,NH,ANE,EN,Towers with Radar,47,21,3,0,71,0,1,12,0,13,47,22,15,0,84,8,0,8,92
09/25/2022,MHT,NH,ANE,EN,Towers with Radar,49,5,15,0,69,0,5,19,1,25,49,10,34,1,94,2,0,2,96
09/26/2022,MHT,NH,ANE,EN,Towers with Radar,54,11,19,0,84,0,1,25,0,26,54,12,44,0,110,0,0,0,110
09/27/2022,MHT,NH,ANE,EN,Towers with Radar,62,24,12,1,99,0,5,27,2,34,62,29,39,3,133,0,0,0,133
09/28/2022,MHT,NH,ANE,EN,Towers with Radar,55,19,15,4,93,0,1,35,0,36,55,20,50,4,129,0,0,0,129
09/29/2022,MHT,NH,ANE,EN,Towers with Radar,57,24,18,0,99,0,3,33,0,36,57,27,51,0,135,20,0,20,155
09/30/2022,MHT,NH,ANE,EN,Towers with Radar,56,17,19,0,92,0,10,45,0,55,56,27,64,0,147,0,0,0,147
10/01/2022,MHT,NH,ANE,EN,Towers with Radar,45,14,12,0,71,0,3,12,0,15,45,17,24,0,86,0,0,0,86
10/02/2022,MHT,NH,ANE,EN,Towers with Radar,49,6,8,0,63,0,8,5,0,13,49,14,13,0,76,8,0,8,84
10/03/2022,MHT,NH,ANE,EN,Towers with Radar,50,20,8,0,78,0,4,13,0,17,50,24,21,0,95,4,0,4,99
10/04/2022,MHT,NH,ANE,EN,Towers with Radar,59,44,17,0,120,0,3,37,0,40,59,47,54,0,160,70,0,70,230
10/05/2022,MHT,NH,ANE,EN,Towers with Radar,63,41,27,0,131,0,0,2,0,2,63,41,29,0,133,0,0,0,133
10/06/2022,MHT,NH,ANE,EN,Towers with Radar,56,25,18,0,99,0,2,30,0,32,56,27,48,0,131,32,0,32,163
10/07/2022,MHT,NH,ANE,EN,Towers with Radar,56,29,15,4,104,0,1,36,2,39,56,30,51,6,143,18,0,18,161
10/08/2022,MHT,NH,ANE,EN,Towers with Radar,51,14,9,0,74,0,2,32,0,34,51,16,41,0,108,34,0,34,142
10/09/2022,MHT,NH,ANE,EN,Towers with Radar,48,7,10,0,65,0,9,20,0,29,48,16,30,0,94,0,0,0,94
10/10/2022,MHT,NH,ANE,EN,Towers with Radar,48,15,12,0,75,0,1,31,0,32,48,16,43,0,107,8,0,8,115
10/11/2022,MHT,NH,ANE,EN,Towers with Radar,59,28,17,0,104,0,3,21,0,24,59,31,38,0,128,0,0,0,128
10/12/2022,MHT,NH,ANE,EN,Towers with Radar,57,42,26,2,127,0,4,58,0,62,57,46,84,2,189,36,0,36,225
10/13/2022,MHT,NH,ANE,EN,Towers with Radar,62,29,12,0,103,0,4,5,0,9,62,33,17,0,112,0,0,0,112
10/14/2022,MHT,NH,ANE,EN,Towers with Radar,58,28,16,1,103,0,0,3,1,4,58,28,19,2,107,0,0,0,107
10/15/2022,MHT,NH,ANE,EN,Towers with Radar,51,13,20,0,84,0,8,33,0,41,51,21,53,0,125,14,0,14,139
10/16/2022,MHT,NH,ANE,EN,Towers with Radar,49,8,19,0,76,0,3,22,0,25,49,11,41,0,101,10,0,10,111
10/17/2022,MHT,NH,ANE,EN,Towers with Radar,47,18,20,4,89,0,1,7,0,8,47,19,27,4,97,18,0,18,115
10/18/2022,MHT,NH,ANE,EN,Towers with Radar,59,22,16,0,97,0,3,19,0,22,59,25,35,0,119,0,0,0,119
10/19/2022,MHT,NH,ANE,EN,Towers with Radar,58,34,11,0,103,0,6,39,0,45,58,40,50,0,148,0,0,0,148
10/20/2022,MHT,NH,ANE,EN,Towers with Radar,58,31,14,0,103,0,5,34,0,39,58,36,48,0,142,0,0,0,142
10/21/2022,MHT,NH,ANE,EN,Towers with Radar,56,23,11,0,90,0,7,55,0,62,56,30,66,0,152,20,0,20,172
10/22/2022,MHT,NH,ANE,EN,Towers with Radar,50,14,13,5,82,0,3,49,0,52,50,17,62,5,134,88,0,88,222
10/23/2022,MHT,NH,ANE,EN,Towers with Radar,43,6,21,2,72,0,2,15,0,17,43,8,36,2,89,0,0,0,89
10/24/2022,MHT,NH,ANE,EN,Towers with Radar,50,14,21,0,85,0,0,0,0,0,50,14,21,0,85,0,0,0,85
10/25/2022,MHT,NH,ANE,EN,Towers with Radar,62,36,8,2,108,0,0,0,0,0,62,36,8,2,108,0,0,0,108
10/26/2022,MHT,NH,ANE,EN,Towers with Radar,60,28,13,0,101,0,0,0,0,0,60,28,13,0,101,0,0,0,101
10/27/2022,MHT,NH,ANE,EN,Towers with Radar,59,26,16,2,103,0,2,43,0,45,59,28,59,2,148,56,0,56,204
10/28/2022,MHT,NH,ANE,EN,Towers with Radar,55,26,33,6,120,0,3,68,0,71,55,29,101,6,191,14,0,14,205
10/29/2022,MHT,NH,ANE,EN,Towers with Radar,51,10,22,3,86,0,4,37,0,41,51,14,59,3,127,10,0,10,137
10/30/2022,MHT,NH,ANE,EN,Towers with Radar,49,5,10,0,64,0,5,19,0,24,49,10,29,0,88,8,0,8,96
10/31/2022,MHT,NH,ANE,EN,Towers with Radar,45,24,14,0,83,0,12,42,0,54,45,36,56,0,137,8,0,8,145
11/01/2022,MHT,NH,ANE,EN,Towers with Radar,57,38,12,8,115,0,6,10,4,20,57,44,22,12,135,8,0,8,143
11/02/2022,MHT,NH,ANE,EN,Towers with Radar,58,27,21,4,110,0,8,48,0,56,58,35,69,4,166,8,0,8,174
11/03/2022,MHT,NH,ANE,EN,Towers with Radar,49,38,23,4,114,0,4,61,0,65,49,42,84,4,179,44,0,44,223
11/04/2022,MHT,NH,ANE,EN,Towers with Radar,46,29,14,0,89,0,3,40,0,43,46,32,54,0,132,16,0,16,148
11/05/2022,MHT,NH,ANE,EN,Towers with Radar,36,15,15,4,70,0,3,26,0,29,36,18,41,4,99,24,0,24,123
11/06/2022,MHT,NH,ANE,EN,Towers with Radar,40,13,10,2,65,0,8,8,0,16,40,21,18,2,81,0,0,0,81
11/07/2022,MHT,NH,ANE,EN,Towers with Radar,35,22,15,0,72,0,4,25,0,29,35,26,40,0,101,10,0,10,111
11/08/2022,MHT,NH,ANE,EN,Towers with Radar,48,39,8,0,95,0,8,16,0,24,48,47,24,0,119,0,0,0,119
11/09/2022,MHT,NH,ANE,EN,Towers with Radar,45,32,29,0,106,0,3,48,0,51,45,35,77,0,157,0,0,0,157
11/10/2022,MHT,NH,ANE,EN,Towers with Radar,45,32,20,0,97,0,5,38,2,45,45,37,58,2,142,36,0,36,178
11/11/2022,MHT,NH,ANE,EN,Towers with Radar,44,29,13,0,86,0,3,18,0,21,44,32,31,0,107,2,0,2,109
11/12/2022,MHT,NH,ANE,EN,Towers with Radar,34,17,1,0,52,0,2,7,0,9,34,19,8,0,61,0,0,0,61
11/13/2022,MHT,NH,ANE,EN,Towers with Radar,40,9,18,0,67,0,1,1,0,2,40,10,19,0,69,0,0,0,69
11/14/2022,MHT,NH,ANE,EN,Towers with Radar,38,21,11,0,70,0,1,19,0,20,38,22,30,0,90,16,0,16,106
11/15/2022,MHT,NH,ANE,EN,Towers with Radar,46,24,30,0,100,0,2,28,0,30,46,26,58,0,130,10,0,10,140
11/16/2022,MHT,NH,ANE,EN,Towers with Radar,48,29,9,3,89,0,0,0,0,0,48,29,9,3,89,0,0,0,89
11/17/2022,MHT,NH,ANE,EN,Towers with Radar,52,29,16,0,97,0,3,15,0,18,52,32,31,0,115,4,0,4,119
11/18/2022,MHT,NH,ANE,EN,Towers with Radar,49,25,20,0,94,0,3,61,4,68,49,28,81,4,162,28,0,28,190
11/19/2022,MHT,NH,ANE,EN,Towers with Radar,33,20,13,0,66,0,8,49,0,57,33,28,62,0,123,38,0,38,161
11/20/2022,MHT,NH,ANE,EN,Towers with Radar,47,6,11,0,64,0,4,6,0,10,47,10,17,0,74,0,0,0,74
11/21/2022,MHT,NH,ANE,EN,Towers with Radar,43,22,12,2,79,0,8,27,0,35,43,30,39,2,114,0,0,0,114
11/22/2022,MHT,NH,ANE,EN,Towers with Radar,55,36,14,0,105,0,2,26,0,28,55,38,40,0,133,6,0,6,139
11/23/2022,MHT,NH,ANE,EN,Towers with Radar,54,25,10,0,89,0,3,35,0,38,54,28,45,0,127,12,0,12,139
11/24/2022,MHT,NH,ANE,EN,Towers with Radar,26,3,6,0,35,0,4,8,0,12,26,7,14,0,47,0,0,0,47
11/25/2022,MHT,NH,ANE,EN,Towers with Radar,40,22,4,0,66,0,2,3,0,5,40,24,7,0,71,0,0,0,71
11/26/2022,MHT,NH,ANE,EN,Towers with Radar,36,19,4,0,59,0,8,16,0,24,36,27,20,0,83,0,0,0,83
11/27/2022,MHT,NH,ANE,EN,Towers with Radar,43,12,13,0,68,0,5,16,0,21,43,17,29,0,89,0,0,0,89
11/28/2022,MHT,NH,ANE,EN,Towers with Radar,47,27,9,0,83,0,3,13,0,16,47,30,22,0,99,12,0,12,111
11/29/2022,MHT,NH,ANE,EN,Towers with Radar,54,27,16,12,109,0,3,27,1,31,54,30,43,13,140,8,0,8,148
11/30/2022,MHT,NH,ANE,EN,Towers with Radar,53,41,12,0,106,0,2,4,0,6,53,43,16,0,112,0,0,0,112
12/01/2022,MHT,NH,ANE,EN,Towers with Radar,51,29,13,5,98,0,3,8,5,16,51,32,21,10,114,28,0,28,142
12/02/2022,MHT,NH,ANE,EN,Towers with Radar,49,26,18,0,93,0,5,42,0,47,49,31,60,0,140,8,0,8,148
12/03/2022,MHT,NH,ANE,EN,Towers with Radar,39,18,10,0,67,0,1,1,0,2,39,19,11,0,69,0,0,0,69
12/04/2022,MHT,NH,ANE,EN,Towers with Radar,43,8,14,0,65,0,3,29,0,32,43,11,43,0,97,0,0,0,97
12/05/2022,MHT,NH,ANE,EN,Towers with Radar,44,18,18,12,92,0,9,26,0,35,44,27,44,12,127,0,0,0,127
12/06/2022,MHT,NH,ANE,EN,Towers with Radar,54,34,10,0,98,0,2,10,0,12,54,36,20,0,110,0,0,0,110
12/07/2022,MHT,NH,ANE,EN,Towers with Radar,51,34,24,0,109,0,0,0,0,0,51,34,24,0,109,0,0,0,109
12/08/2022,MHT,NH,ANE,EN,Towers with Radar,54,31,26,2,113,0,4,26,0,30,54,35,52,2,143,8,0,8,151
12/09/2022,MHT,NH,ANE,EN,Towers with Radar,50,31,18,0,99,0,2,32,0,34,50,33,50,0,133,24,0,24,157
12/10/2022,MHT,NH,ANE,EN,Towers with Radar,37,22,5,0,64,0,1,31,0,32,37,23,36,0,96,26,0,26,122
12/11/2022,MHT,NH,ANE,EN,Towers with Radar,44,9,6,0,59,0,1,4,0,5,44,10,10,0,64,0,0,0,64
12/12/2022,MHT,NH,ANE,EN,Towers with Radar,45,27,15,0,87,0,2,20,0,22,45,29,35,0,109,16,0,16,125
12/13/2022,MHT,NH,ANE,EN,Towers with Radar,55,35,15,0,105,0,7,19,0,26,55,42,34,0,131,0,0,0,131
12/14/2022,MHT,NH,ANE,EN,Towers with Radar,51,29,9,2,91,0,6,6,0,12,51,35,15,2,103,0,0,0,103
12/15/2022,MHT,NH,ANE,EN,Towers with Radar,52,29,9,0,90,0,0,18,0,18,52,29,27,0,108,20,0,20,128
12/16/2022,MHT,NH,ANE,EN,Towers with Radar,62,23,4,0,89,0,0,0,0,0,62,23,4,0,89,0,0,0,89
12/17/2022,MHT,NH,ANE,EN,Towers with Radar,56,16,6,0,78,0,2,7,0,9,56,18,13,0,87,0,0,0,87
12/18/2022,MHT,NH,ANE,EN,Towers with Radar,48,5,12,0,65,0,4,19,1,24,48,9,31,1,89,0,0,0,89
12/19/2022,MHT,NH,ANE,EN,Towers with Radar,51,20,15,0,86,0,4,29,0,33,51,24,44,0,119,10,0,10,129
12/20/2022,MHT,NH,ANE,EN,Towers with Radar,56,32,17,4,109,0,4,35,0,39,56,36,52,4,148,6,0,6,154
12/21/2022,MHT,NH,ANE,EN,Towers with Radar,57,29,19,0,105,0,1,39,0,40,57,30,58,0,145,0,0,0,145
12/22/2022,MHT,NH,ANE,EN,Towers with Radar,55,24,10,0,89,0,5,23,0,28,55,29,33,0,117,0,0,0,117
12/23/2022,MHT,NH,ANE,EN,Towers with Radar,38,17,2,0,57,0,0,0,0,0,38,17,2,0,57,0,0,0,57
12/24/2022,MHT,NH,ANE,EN,Towers with Radar,22,15,3,0,40,0,5,3,0,8,22,20,6,0,48,0,0,0,48
12/25/2022,MHT,NH,ANE,EN,Towers with Radar,21,2,2,0,25,0,4,2,0,6,21,6,4,0,31,0,0,0,31
12/26/2022,MHT,NH,ANE,EN,Towers with Radar,29,14,13,0,56,0,7,13,0,20,29,21,26,0,76,8,0,8,84
12/27/2022,MHT,NH,ANE,EN,Towers with Radar,33,24,11,4,72,0,6,30,0,36,33,30,41,4,108,6,0,6,114
12/28/2022,MHT,NH,ANE,EN,Towers with Radar,39,35,10,1,85,0,4,26,1,31,39,39,36,2,116,18,0,18,134
12/29/2022,MHT,NH,ANE,EN,Towers with Radar,44,27,17,0,88,0,5,22,1,28,44,32,39,1,116,4,0,4,120
12/30/2022,MHT,NH,ANE,EN,Towers with Radar,49,25,11,0,85,1,5,36,0,42,50,30,47,0,127,0,0,0,127
12/31/2022,MHT,NH,ANE,EN,Towers with Radar,48,16,4,0,68,0,4,10,0,14,48,20,14,0,82,0,0,0,82
01/01/2023,MHT,NH,ANE,EN,Towers with Radar,34,6,3,0,43,2,5,1,1,9,36,11,4,1,52,16,0,16,68
01/02/2023,MHT,NH,ANE,EN,Towers with Radar,34,12,11,0,57,0,2,29,0,31,34,14,40,0,88,0,0,0,88
01/03/2023,MHT,NH,ANE,EN,Towers with Radar,42,24,8,0,74,0,1,0,1,2,42,25,8,1,76,0,0,0,76
01/04/2023,MHT,NH,ANE,EN,Towers with Radar,50,22,11,2,85,0,0,0,0,0,50,22,11,2,85,0,0,0,85
01/05/2023,MHT,NH,ANE,EN,Towers with Radar,49,22,15,2,88,0,0,0,0,0,49,22,15,2,88,0,0,0,88
01/06/2023,MHT,NH,ANE,EN,Towers with Radar,46,20,1,0,67,0,0,0,0,0,46,20,1,0,67,0,0,0,67
01/07/2023,MHT,NH,ANE,EN,Towers with Radar,40,10,11,0,61,0,1,14,0,15,40,11,25,0,76,10,0,10,86
01/08/2023,MHT,NH,ANE,EN,Towers with Radar,38,7,17,0,62,0,4,40,0,44,38,11,57,0,106,0,0,0,106
01/09/2023,MHT,NH,ANE,EN,Towers with Radar,40,21,26,0,87,0,4,25,0,29,40,25,51,0,116,0,0,0,116
01/10/2023,MHT,NH,ANE,EN,Towers with Radar,45,29,14,2,90,0,0,22,0,22,45,29,36,2,112,20,0,20,132
01/11/2023,MHT,NH,ANE,EN,Towers with Radar,41,23,16,0,80,0,9,22,0,31,41,32,38,0,111,20,0,20,131
01/12/2023,MHT,NH,ANE,EN,Towers with Radar,48,32,7,0,87,0,0,0,0,0,48,32,7,0,87,0,0,0,87
01/13/2023,MHT,NH,ANE,EN,Towers with Radar,50,23,8,0,81,0,0,0,0,0,50,23,8,0,81,0,0,0,81
01/14/2023,MHT,NH,ANE,EN,Towers with Radar,38,11,0,0,49,0,0,1,0,1,38,11,1,0,50,0,0,0,50
01/15/2023,MHT,NH,ANE,EN,Towers with Radar,35,10,12,0,57,0,5,11,0,16,35,15,23,0,73,14,0,14,87
01/16/2023,MHT,NH,ANE,EN,Towers with Radar,35,11,6,0,52,0,0,0,0,0,35,11,6,0,52,0,0,0,52
01/17/2023,MHT,NH,ANE,EN,Towers with Radar,45,26,19,0,90,0,6,27,0,33,45,32,46,0,123,0,0,0,123
01/18/2023,MHT,NH,ANE,EN,Towers with Radar,47,27,16,12,102,0,3,24,0,27,47,30,40,12,129,10,4,14,143
01/19/2023,MHT,NH,ANE,EN,Towers with Radar,45,27,16,12,100,0,0,15,0,15,45,27,31,12,115,0,0,0,115
01/20/2023,MHT,NH,ANE,EN,Towers with Radar,43,22,10,0,75,0,0,0,0,0,43,22,10,0,75,0,0,0,75
01/21/2023,MHT,NH,ANE,EN,Towers with Radar,36,19,8,0,63,0,0,10,0,10,36,19,18,0,73,6,0,6,79
01/22/2023,MHT,NH,ANE,EN,Towers with Radar,38,11,0,0,49,0,1,7,0,8,38,12,7,0,57,34,0,34,91
01/23/2023,MHT,NH,ANE,EN,Towers with Radar,40,16,5,0,61,0,0,0,0,0,40,16,5,0,61,0,0,0,61
01/24/2023,MHT,NH,ANE,EN,Towers with Radar,46,26,11,0,83,0,2,16,0,18,46,28,27,0,101,12,0,12,113
01/25/2023,MHT,NH,ANE,EN,Towers with Radar,46,34,15,0,95,0,1,18,0,19,46,35,33,0,114,28,0,28,142
01/26/2023,MHT,NH,ANE,EN,Towers with Radar,52,26,10,2,90,0,1,2,0,3,52,27,12,2,93,0,0,0,93
01/27/2023,MHT,NH,ANE,EN,Towers with Radar,46,22,20,2,90,0,3,35,0,38,46,25,55,2,128,40,0,40,168
01/28/2023,MHT,NH,ANE,EN,Towers with Radar,36,13,7,0,56,0,3,26,0,29,36,16,33,0,85,10,0,10,95
01/29/2023,MHT,NH,ANE,EN,Towers with Radar,36,8,13,0,57,0,1,20,0,21,36,9,33,0,78,4,0,4,82
01/30/2023,MHT,NH,ANE,EN,Towers with Radar,42,23,11,0,76,0,2,39,0,41,42,25,50,0,117,18,0,18,135
01/31/2023,MHT,NH,ANE,EN,Towers with Radar,45,26,21,2,94,0,4,15,1,20,45,30,36,3,114,0,0,0,114
02/01/2023,MHT,NH,ANE,EN,Towers with Radar,43,33,19,0,95,0,1,40,0,41,43,34,59,0,136,25,0,25,161
02/02/2023,MHT,NH,ANE,EN,Towers with Radar,45,44,24,4,117,0,1,35,1,37,45,45,59,5,154,4,0,4,158
02/03/2023,MHT,NH,ANE,EN,Towers with Radar,45,30,10,0,85,0,2,13,0,15,45,32,23,0,100,0,0,0,100
02/04/2023,MHT,NH,ANE,EN,Towers with Radar,37,10,8,0,55,0,6,4,0,10,37,16,12,0,65,0,0,0,65
02/05/2023,MHT,NH,ANE,EN,Towers with Radar,36,7,4,0,47,0,7,29,0,36,36,14,33,0,83,14,0,14,97
02/06/2023,MHT,NH,ANE,EN,Towers with Radar,42,22,16,0,80,0,2,22,0,24,42,24,38,0,104,8,0,8,112
02/07/2023,MHT,NH,ANE,EN,Towers with Radar,50,36,14,0,100,0,0,21,0,21,50,36,35,0,121,19,0,19,140
02/08/2023,MHT,NH,ANE,EN,Towers with Radar,50,38,9,0,97,0,4,15,0,19,50,42,24,0,116,0,0,0,116
02/09/2023,MHT,NH,ANE,EN,Towers with Radar,54,28,17,0,99,0,2,10,0,12,54,30,27,0,111,8,0,8,119
02/10/2023,MHT,NH,ANE,EN,Towers with Radar,50,22,17,0,89,0,3,9,0,12,50,25,26,0,101,0,0,0,101
02/11/2023,MHT,NH,ANE,EN,Towers with Radar,42,17,4,0,63,0,7,14,0,21,42,24,18,0,84,0,0,0,84
02/12/2023,MHT,NH,ANE,EN,Towers with Radar,35,6,12,0,53,0,7,46,0,53,35,13,58,0,106,10,0,10,116
02/13/2023,MHT,NH,ANE,EN,Towers with Radar,42,20,16,0,78,0,2,24,0,26,42,22,40,0,104,18,0,18,122
02/14/2023,MHT,NH,ANE,EN,Towers with Radar,55,28,19,9,111,0,1,14,3,18,55,29,33,12,129,0,0,0,129
02/15/2023,MHT,NH,ANE,EN,Towers with Radar,50,29,23,0,102,0,4,25,0,29,50,33,48,0,131,6,0,6,137
02/16/2023,MHT,NH,ANE,EN,Towers with Radar,51,27,16,2,96,0,3,32,0,35,51,30,48,2,131,2,0,2,133
02/17/2023,MHT,NH,ANE,EN,Towers with Radar,48,25,13,0,86,0,0,1,0,1,48,25,14,0,87,0,0,0,87
02/18/2023,MHT,NH,ANE,EN,Towers with Radar,45,18,15,0,78,0,7,34,0,41,45,25,49,0,119,18,0,18,137
02/19/2023,MHT,NH,ANE,EN,Towers with Radar,36,8,7,0,51,0,4,21,0,25,36,12,28,0,76,6,0,6,82
02/20/2023,MHT,NH,ANE,EN,Towers with Radar,44,20,13,3,80,0,4,11,0,15,44,24,24,3,95,0,0,0,95
02/21/2023,MHT,NH,ANE,EN,Towers with Radar,49,24,5,0,78,0,0,2,0,2,49,24,7,0,80,0,0,0,80
02/22/2023,MHT,NH,ANE,EN,Towers with Radar,51,29,15,0,95,2,5,25,0,32,53,34,40,0,127,12,0,12,139
02/23/2023,MHT,NH,ANE,EN,Towers with Radar,49,26,9,0,84,0,0,0,0,0,49,26,9,0,84,0,0,0,84
02/24/2023,MHT,NH,ANE,EN,Towers with Radar,50,24,5,0,79,0,2,7,0,9,50,26,12,0,88,0,0,0,88
02/25/2023,MHT,NH,ANE,EN,Towers with Radar,47,15,17,0,79,0,2,14,0,16,47,17,31,0,95,0,0,0,95
02/26/2023,MHT,NH,ANE,EN,Towers with Radar,37,10,7,0,54,0,0,2,0,2,37,10,9,0,56,0,0,0,56
02/27/2023,MHT,NH,ANE,EN,Towers with Radar,43,24,19,1,87,0,5,28,1,34,43,29,47,2,121,35,0,35,156
02/28/2023,MHT,NH,ANE,EN,Towers with Radar,51,28,8,0,87,0,0,0,0,0,51,28,8,0,87,0,0,0,87
03/01/2023,MHT,NH,ANE,EN,Towers with Radar,49,31,15,0,95,0,0,33,0,33,49,31,48,0,128,24,0,24,152
03/02/2023,MHT,NH,ANE,EN,Towers with Radar,50,21,8,0,79,0,1,0,0,1,50,22,8,0,80,0,0,0,80
03/03/2023,MHT,NH,ANE,EN,Towers with Radar,44,21,13,0,78,0,1,15,0,16,44,22,28,0,94,0,0,0,94
03/04/2023,MHT,NH,ANE,EN,Towers with Radar,35,7,4,0,46,0,0,0,0,0,35,7,4,0,46,0,0,0,46
03/05/2023,MHT,NH,ANE,EN,Towers with Radar,35,14,4,0,53,0,6,16,0,22,35,20,20,0,75,0,0,0,75
03/06/2023,MHT,NH,ANE,EN,Towers with Radar,44,21,8,0,73,0,5,9,0,14,44,26,17,0,87,6,0,6,93
03/07/2023,MHT,NH,ANE,EN,Towers with Radar,49,28,24,4,105,0,1,12,0,13,49,29,36,4,118,20,0,20,138
03/08/2023,MHT,NH,ANE,EN,Towers with Radar,51,30,27,0,108,0,2,22,0,24,51,32,49,0,132,16,0,16,148
03/09/2023,MHT,NH,ANE,EN,Towers with Radar,59,31,16,1,107,0,2,32,3,37,59,33,48,4,144,62,2,64,208
03/10/2023,MHT,NH,ANE,EN,Towers with Radar,47,21,32,4,104,0,3,39,0,42,47,24,71,4,146,14,0,14,160
03/11/2023,MHT,NH,ANE,EN,Towers with Radar,42,17,8,0,67,0,4,7,0,11,42,21,15,0,78,14,0,14,92
03/12/2023,MHT,NH,ANE,EN,Towers with Radar,32,15,18,0,65,0,4,38,0,42,32,19,56,0,107,14,0,14,121
03/13/2023,MHT,NH,ANE,EN,Towers with Radar,43,15,13,0,71,0,0,0,0,0,43,15,13,0,71,12,0,12,83
03/14/2023,MHT,NH,ANE,EN,Towers with Radar,17,3,2,0,22,0,0,0,0,0,17,3,2,0,22,0,0,0,22
03/15/2023,MHT,NH,ANE,EN,Towers with Radar,42,37,19,0,98,0,1,0,0,1,42,38,19,0,99,0,0,0,99
03/16/2023,MHT,NH,ANE,EN,Towers with Radar,55,30,19,0,104,0,4,29,0,33,55,34,48,0,137,8,0,8,145
03/17/2023,MHT,NH,ANE,EN,Towers with Radar,49,23,12,10,94,0,0,22,0,22,49,23,34,10,116,8,22,30,146
03/18/2023,MHT,NH,ANE,EN,Towers with Radar,39,17,10,0,66,0,9,20,0,29,39,26,30,0,95,0,0,0,95
03/19/2023,MHT,NH,ANE,EN,Towers with Radar,33,9,8,0,50,0,1,3,0,4,33,10,11,0,54,0,0,0,54
03/20/2023,MHT,NH,ANE,EN,Towers with Radar,45,24,12,0,81,0,13,18,0,31,45,37,30,0,112,34,0,34,146
03/21/2023,MHT,NH,ANE,EN,Towers with Radar,55,30,9,2,96,0,4,30,0,34,55,34,39,2,130,18,0,18,148
03/22/2023,MHT,NH,ANE,EN,Towers with Radar,53,28,19,0,100,0,3,17,0,20,53,31,36,0,120,2,0,2,122
03/23/2023,MHT,NH,ANE,EN,Towers with Radar,53,31,22,17,123,0,0,0,0,0,53,31,22,17,123,0,20,20,143
03/24/2023,MHT,NH,ANE,EN,Towers with Radar,52,26,18,2,98,0,15,30,0,45,52,41,48,2,143,26,0,26,169
03/25/2023,MHT,NH,ANE,EN,Towers with Radar,39,14,5,0,58,0,2,4,0,6,39,16,9,0,64,0,0,0,64
03/26/2023,MHT,NH,ANE,EN,Towers with Radar,28,11,17,0,56,0,1,8,0,9,28,12,25,0,65,0,0,0,65
03/27/2023,MHT,NH,ANE,EN,Towers with Radar,48,22,19,0,89,0,1,24,0,25,48,23,43,0,114,0,0,0,114
03/28/2023,MHT,NH,ANE,EN,Towers with Radar,51,20,19,0,90,0,5,14,0,19,51,25,33,0,109,0,0,0,109
03/29/2023,MHT,NH,ANE,EN,Towers with Radar,53,29,22,16,120,0,2,33,0,35,53,31,55,16,155,0,0,0,155
03/30/2023,MHT,NH,ANE,EN,Towers with Radar,54,28,12,0,94,0,7,20,0,27,54,35,32,0,121,40,0,40,161
03/31/2023,MHT,NH,ANE,EN,Towers with Radar,50,21,14,0,85,0,2,35,0,37,50,23,49,0,122,6,0,6,128
04/01/2023,MHT,NH,ANE,EN,Towers with Radar,37,7,9,0,53,0,0,0,0,0,37,7,9,0,53,10,0,10,63
04/02/2023,MHT,NH,ANE,EN,Towers with Radar,36,6,3,0,45,0,7,12,0,19,36,13,15,0,64,0,0,0,64
04/03/2023,MHT,NH,ANE,EN,Towers with Radar,39,23,11,0,73,0,6,27,2,35,39,29,38,2,108,6,0,6,114
04/04/2023,MHT,NH,ANE,EN,Towers with Radar,52,30,24,0,106,0,1,25,0,26,52,31,49,0,132,8,0,8,140
04/05/2023,MHT,NH,ANE,EN,Towers with Radar,53,30,5,0,88,0,6,9,0,15,53,36,14,0,103,0,0,0,103
04/06/2023,MHT,NH,ANE,EN,Towers with Radar,54,24,21,2,101,0,1,7,0,8,54,25,28,2,109,0,0,0,109
04/07/2023,MHT,NH,ANE,EN,Towers with Radar,52,26,14,0,92,0,5,24,0,29,52,31,38,0,121,0,0,0,121
04/08/2023,MHT,NH,ANE,EN,Towers with Radar,40,9,13,1,63,0,5,27,0,32,40,14,40,1,95,0,0,0,95
04/09/2023,MHT,NH,ANE,EN,Towers with Radar,37,9,9,0,55,0,3,20,0,23,37,12,29,0,78,4,0,4,82
04/10/2023,MHT,NH,ANE,EN,Towers with Radar,46,21,14,0,81,0,1,30,0,31,46,22,44,0,112,16,0,16,128
04/11/2023,MHT,NH,ANE,EN,Towers with Radar,51,32,19,2,104,0,2,20,0,22,51,34,39,2,126,6,0,6,132
04/12/2023,MHT,NH,ANE,EN,Towers with Radar,55,23,18,4,100,0,2,20,0,22,55,25,38,4,122,20,0,20,142
04/13/2023,MHT,NH,ANE,EN,Towers with Radar,54,26,20,0,100,0,9,30,0,39,54,35,50,0,139,48,0,48,187
04/14/2023,MHT,NH,ANE,EN,Towers with Radar,54,22,14,1,91,0,3,38,1,42,54,25,52,2,133,0,0,0,133
04/15/2023,MHT,NH,ANE,EN,Towers with Radar,37,10,10,0,57,0,3,30,0,33,37,13,40,0,90,0,0,0,90
04/16/2023,MHT,NH,ANE,EN,Towers with Radar,40,14,18,0,72,0,0,0,0,0,40,14,18,0,72,0,0,0,72
04/17/2023,MHT,NH,ANE,EN,Towers with Radar,47,21,11,0,79,0,0,0,0,0,47,21,11,0,79,0,0,0,79
04/18/2023,MHT,NH,ANE,EN,Towers with Radar,53,35,14,4,106,0,4,12,1,17,53,39,26,5,123,0,0,0,123
04/19/2023,MHT,NH,ANE,EN,Towers with Radar,63,28,18,0,109,0,8,26,0,34,63,36,44,0,143,0,0,0,143
04/20/2023,MHT,NH,ANE,EN,Towers with Radar,59,30,23,1,113,1,4,32,4,41,60,34,55,5,154,20,0,20,174
04/21/2023,MHT,NH,ANE,EN,Towers with Radar,60,23,20,0,103,0,8,49,0,57,60,31,69,0,160,14,0,14,174
04/22/2023,MHT,NH,ANE,EN,Towers with Radar,42,17,15,0,74,0,2,8,0,10,42,19,23,0,84,0,0,0,84
04/23/2023,MHT,NH,ANE,EN,Towers with Radar,46,9,11,0,66,0,0,0,0,0,46,9,11,0,66,0,0,0,66
04/24/2023,MHT,NH,ANE,EN,Towers with Radar,56,17,15,0,88,0,0,7,0,7,56,17,22,0,95,0,0,0,95
04/25/2023,MHT,NH,ANE,EN,Towers with Radar,57,24,18,0,99,0,0,2,0,2,57,24,20,0,101,0,0,0,101
04/26/2023,MHT,NH,ANE,EN,Towers with Radar,59,30,17,0,106,0,2,46,0,48,59,32,63,0,154,3,0,3,157
04/27/2023,MHT,NH,ANE,EN,Towers with Radar,57,30,15,0,102,0,0,27,0,27,57,30,42,0,129,0,0,0,129
04/28/2023,MHT,NH,ANE,EN,Towers with Radar,62,19,7,0,88,0,8,37,0,45,62,27,44,0,133,0,0,0,133
04/29/2023,MHT,NH,ANE,EN,Towers with Radar,42,12,3,0,57,0,7,5,0,12,42,19,8,0,69,0,0,0,69
04/30/2023,MHT,NH,ANE,EN,Towers with Radar,44,14,5,0,63,0,0,0,0,0,44,14,5,0,63,0,0,0,63
05/01/2023,MHT,NH,ANE,EN,Towers with Radar,52,30,11,0,93,0,2,5,0,7,52,32,16,0,100,12,0,12,112
05/02/2023,MHT,NH,ANE,EN,Towers with Radar,57,29,18,0,104,0,0,0,0,0,57,29,18,0,104,0,0,0,104
05/03/2023,MHT,NH,ANE,EN,Towers with Radar,61,34,15,0,110,0,0,3,0,3,61,34,18,0,113,0,0,0,113
05/04/2023,MHT,NH,ANE,EN,Towers with Radar,56,32,13,0,101,0,2,3,0,5,56,34,16,0,106,0,0,0,106
05/05/2023,MHT,NH,ANE,EN,Towers with Radar,53,28,10,0,91,0,1,33,0,34,53,29,43,0,125,0,0,0,125
05/06/2023,MHT,NH,ANE,EN,Towers with Radar,41,12,8,0,61,0,0,22,0,22,41,12,30,0,83,0,0,0,83
05/07/2023,MHT,NH,ANE,EN,Towers with Radar,38,13,7,0,58,0,1,25,0,26,38,14,32,0,84,6,0,6,90
05/08/2023,MHT,NH,ANE,EN,Towers with Radar,45,26,16,0,87,0,1,13,0,14,45,27,29,0,101,0,0,0,101
05/09/2023,MHT,NH,ANE,EN,Towers with Radar,54,27,13,0,94,0,6,29,0,35,54,33,42,0,129,0,0,0,129
05/10/2023,MHT,NH,ANE,EN,Towers with Radar,54,35,16,2,107,0,4,31,0,35,54,39,47,2,142,0,0,0,142
05/11/2023,MHT,NH,ANE,EN,Towers with Radar,55,34,6,2,97,0,6,37,0,43,55,40,43,2,140,0,0,0,140
05/12/2023,MHT,NH,ANE,EN,Towers with Radar,52,22,7,0,81,0,3,32,0,35,52,25,39,0,116,0,0,0,116
05/13/2023,MHT,NH,ANE,EN,Towers with Radar,41,11,6,0,58,0,7,15,0,22,41,18,21,0,80,0,0,0,80
05/14/2023,MHT,NH,ANE,EN,Towers with Radar,36,10,9,0,55,0,4,10,0,14,36,14,19,0,69,0,0,0,69
05/15/2023,MHT,NH,ANE,EN,Towers with Radar,43,24,19,0,86,0,6,32,0,38,43,30,51,0,124,10,0,10,134
05/16/2023,MHT,NH,ANE,EN,Towers with Radar,51,27,21,2,101,0,6,24,0,30,51,33,45,2,131,0,0,0,131
05/17/2023,MHT,NH,ANE,EN,Towers with Radar,54,28,9,1,92,0,5,14,1,20,54,33,23,2,112,0,0,0,112
05/18/2023,MHT,NH,ANE,EN,Towers with Radar,50,35,17,0,102,0,4,34,2,40,50,39,51,2,142,0,0,0,142
05/19/2023,MHT,NH,ANE,EN,Towers with Radar,51,28,4,0,83,0,2,34,0,36,51,30,38,0,119,0,0,0,119
05/20/2023,MHT,NH,ANE,EN,Towers with Radar,24,8,4,0,36,0,2,0,0,2,24,10,4,0,38,0,0,0,38
05/21/2023,MHT,NH,ANE,EN,Towers with Radar,45,11,4,0,60,0,4,12,0,16,45,15,16,0,76,0,0,0,76
05/22/2023,MHT,NH,ANE,EN,Towers with Radar,49,19,10,0,78,0,6,13,0,19,49,25,23,0,97,0,0,0,97
05/23/2023,MHT,NH,ANE,EN,Towers with Radar,56,26,13,0,95,0,4,23,0,27,56,30,36,0,122,0,0,0,122
05/24/2023,MHT,NH,ANE,EN,Towers with Radar,57,32,13,0,102,0,0,24,0,24,57,32,37,0,126,0,0,0,126
05/25/2023,MHT,NH,ANE,EN,Towers with Radar,55,32,13,0,100,0,6,43,0,49,55,38,56,0,149,0,0,0,149
05/26/2023,MHT,NH,ANE,EN,Towers with Radar,51,23,13,0,87,0,8,35,0,43,51,31,48,0,130,0,0,0,130
05/27/2023,MHT,NH,ANE,EN,Towers with Radar,38,9,7,0,54,0,3,25,0,28,38,12,32,0,82,0,0,0,82
05/28/2023,MHT,NH,ANE,EN,Towers with Radar,36,5,3,0,44,0,5,23,1,29,36,10,26,1,73,0,0,0,73
05/29/2023,MHT,NH,ANE,EN,Towers with Radar,40,13,9,0,62,0,5,26,2,33,40,18,35,2,95,0,0,0,95
05/30/2023,MHT,NH,ANE,EN,Towers with Radar,47,26,7,0,80,0,10,35,0,45,47,36,42,0,125,0,0,0,125
05/31/2023,MHT,NH,ANE,EN,Towers with Radar,54,29,5,0,88,0,4,37,0,41,54,33,42,0,129,0,0,0,129
06/01/2023,MHT,NH,ANE,EN,Towers with Radar,55,32,8,0,95,0,7,39,0,46,55,39,47,0,141,0,0,0,141
06/02/2023,MHT,NH,ANE,EN,Towers with Radar,62,25,5,0,92,0,6,21,0,27,62,31,26,0,119,0,0,0,119
06/03/2023,MHT,NH,ANE,EN,Towers with Radar,36,11,23,0,70,0,0,0,0,0,36,11,23,0,70,0,0,0,70
06/04/2023,MHT,NH,ANE,EN,Towers with Radar,41,15,5,0,61,0,0,0,0,0,41,15,5,0,61,0,0,0,61
06/05/2023,MHT,NH,ANE,EN,Towers with Radar,50,22,17,0,89,0,5,9,0,14,50,27,26,0,103,0,0,0,103
06/06/2023,MHT,NH,ANE,EN,Towers with Radar,55,33,17,0,105,0,2,25,0,27,55,35,42,0,132,0,0,0,132
06/07/2023,MHT,NH,ANE,EN,Towers with Radar,53,35,8,0,96,0,2,17,0,19,53,37,25,0,115,0,0,0,115
06/08/2023,MHT,NH,ANE,EN,Towers with Radar,58,40,20,0,118,0,1,9,0,10,58,41,29,0,128,12,0,12,140
06/09/2023,MHT,NH,ANE,EN,Towers with Radar,55,27,20,2,104,0,1,15,1,17,55,28,35,3,121,0,0,0,121
06/10/2023,MHT,NH,ANE,EN,Towers with Radar,44,18,21,1,84,0,3,6,1,10,44,21,27,2,94,0,0,0,94
06/11/2023,MHT,NH,ANE,EN,Towers with Radar,52,10,25,1,88,0,7,49,0,56,52,17,74,1,144,22,0,22,166
06/12/2023,MHT,NH,ANE,EN,Towers with Radar,49,27,15,0,91,0,3,35,0,38,49,30,50,0,129,0,0,0,129
06/13/2023,MHT,NH,ANE,EN,Towers with Radar,58,31,8,0,97,0,0,0,0,0,58,31,8,0,97,0,0,0,97
06/14/2023,MHT,NH,ANE,EN,Towers with Radar,60,29,14,0,103,0,3,10,0,13,60,32,24,0,116,0,0,0,116
06/15/2023,MHT,NH,ANE,EN,Towers with Radar,58,35,18,1,112,0,2,20,2,24,58,37,38,3,136,0,0,0,136
06/16/2023,MHT,NH,ANE,EN,Towers with Radar,58,24,17,1,100,0,4,23,1,28,58,28,40,2,128,18,0,18,146
06/17/2023,MHT,NH,ANE,EN,Towers with Radar,40,11,16,0,67,0,0,0,0,0,40,11,16,0,67,0,0,0,67
06/18/2023,MHT,NH,ANE,EN,Towers with Radar,42,7,10,1,60,0,10,5,0,15,42,17,15,1,75,0,0,0,75
06/19/2023,MHT,NH,ANE,EN,Towers with Radar,49,23,26,0,98,0,7,18,0,25,49,30,44,0,123,14,0,14,137
06/20/2023,MHT,NH,ANE,EN,Towers with Radar,55,38,31,0,124,0,6,9,1,16,55,44,40,1,140,0,0,0,140
06/21/2023,MHT,NH,ANE,EN,Towers with Radar,57,33,21,0,111,0,5,17,0,22,57,38,38,0,133,0,0,0,133
06/22/2023,MHT,NH,ANE,EN,Towers with Radar,64,37,25,0,126,0,7,17,0,24,64,44,42,0,150,10,0,10,160
06/23/2023,MHT,NH,ANE,EN,Towers with Radar,50,23,32,0,105,0,2,17,0,19,50,25,49,0,124,0,0,0,124
06/24/2023,MHT,NH,ANE,EN,Towers with Radar,41,12,9,0,62,0,3,0,0,3,41,15,9,0,65,0,0,0,65
06/25/2023,MHT,NH,ANE,EN,Towers with Radar,42,9,5,0,56,0,3,7,0,10,42,12,12,0,66,0,0,0,66
06/26/2023,MHT,NH,ANE,EN,Towers with Radar,45,24,13,2,84,0,0,0,0,0,45,24,13,2,84,0,0,0,84
06/27/2023,MHT,NH,ANE,EN,Towers with Radar,54,36,20,0,110,0,2,2,0,4,54,38,22,0,114,0,0,0,114
06/28/2023,MHT,NH,ANE,EN,Towers with Radar,58,34,16,0,108,0,1,0,0,1,58,35,16,0,109,0,0,0,109
06/29/2023,MHT,NH,ANE,EN,Towers with Radar,61,30,29,2,122,0,4,25,0,29,61,34,54,2,151,14,0,14,165
06/30/2023,MHT,NH,ANE,EN,Towers with Radar,55,34,7,0,96,0,7,34,0,41,55,41,41,0,137,0,0,0,137
07/01/2023,MHT,NH,ANE,EN,Towers with Radar,47,13,13,0,73,0,2,8,0,10,47,15,21,0,83,0,0,0,83
07/02/2023,MHT,NH,ANE,EN,Towers with Radar,42,13,8,0,63,0,0,0,0,0,42,13,8,0,63,0,0,0,63
07/03/2023,MHT,NH,ANE,EN,Towers with Radar,43,23,11,0,77,0,2,3,0,5,43,25,14,0,82,0,0,0,82
07/04/2023,MHT,NH,ANE,EN,Towers with Radar,38,12,14,0,64,0,1,0,0,1,38,13,14,0,65,0,0,0,65
07/05/2023,MHT,NH,ANE,EN,Towers with Radar,53,29,19,0,101,2,2,25,0,29,55,31,44,0,130,22,0,22,152
07/06/2023,MHT,NH,ANE,EN,Towers with Radar,62,28,22,0,112,0,7,31,3,41,62,35,53,3,153,24,0,24,177
07/07/2023,MHT,NH,ANE,EN,Towers with Radar,57,21,13,0,91,0,5,38,0,43,57,26,51,0,134,14,0,14,148
07/08/2023,MHT,NH,ANE,EN,Towers with Radar,46,23,13,0,82,0,2,13,0,15,46,25,26,0,97,6,0,6,103
07/09/2023,MHT,NH,ANE,EN,Towers with Radar,42,8,12,0,62,0,0,6,0,6,42,8,18,0,68,0,0,0,68
07/10/2023,MHT,NH,ANE,EN,Towers with Radar,53,30,11,0,94,0,0,0,0,0,53,30,11,0,94,0,0,0,94
07/11/2023,MHT,NH,ANE,EN,Towers with Radar,58,34,17,3,112,0,4,35,1,40,58,38,52,4,152,10,0,10,162
07/12/2023,MHT,NH,ANE,EN,Towers with Radar,63,34,21,0,118,0,4,39,0,43,63,38,60,0,161,20,0,20,181
07/13/2023,MHT,NH,ANE,EN,Towers with Radar,58,26,5,0,89,0,3,26,0,29,58,29,31,0,118,16,0,16,134
07/14/2023,MHT,NH,ANE,EN,Towers with Radar,57,44,23,0,124,0,5,14,0,19,57,49,37,0,143,2,0,2,145
07/15/2023,MHT,NH,ANE,EN,Towers with Radar,46,19,10,0,75,0,3,1,0,4,46,22,11,0,79,2,0,2,81
07/16/2023,MHT,NH,ANE,EN,Towers with Radar,48,18,8,0,74,0,0,0,0,0,48,18,8,0,74,0,0,0,74
07/17/2023,MHT,NH,ANE,EN,Towers with Radar,54,37,27,2,120,0,6,24,0,30,54,43,51,2,150,0,0,0,150
07/18/2023,MHT,NH,ANE,EN,Towers with Radar,68,33,16,0,117,2,2,4,0,8,70,35,20,0,125,0,0,0,125
07/19/2023,MHT,NH,ANE,EN,Towers with Radar,59,29,10,0,98,0,8,38,0,46,59,37,48,0,144,42,0,42,186
07/20/2023,MHT,NH,ANE,EN,Towers with Radar,61,30,15,0,106,2,2,60,0,64,63,32,75,0,170,34,0,34,204
07/21/2023,MHT,NH,ANE,EN,Towers with Radar,62,23,16,0,101,0,1,10,0,11,62,24,26,0,112,22,0,22,134
07/22/2023,MHT,NH,ANE,EN,Towers with Radar,45,13,23,0,81,0,14,10,0,24,45,27,33,0,105,0,0,0,105
07/23/2023,MHT,NH,ANE,EN,Towers with Radar,44,17,18,0,79,0,11,27,1,39,44,28,45,1,118,16,0,16,134
07/24/2023,MHT,NH,ANE,EN,Towers with Radar,57,17,15,0,89,0,11,31,0,42,57,28,46,0,131,0,0,0,131
07/25/2023,MHT,NH,ANE,EN,Towers with Radar,59,27,15,3,104,0,3,25,0,28,59,30,40,3,132,16,0,16,148
07/26/2023,MHT,NH,ANE,EN,Towers with Radar,60,26,10,0,96,0,9,31,1,41,60,35,41,1,137,8,0,8,145
07/27/2023,MHT,NH,ANE,EN,Towers with Radar,62,33,17,2,114,0,0,10,0,10,62,33,27,2,124,2,0,2,126
07/28/2023,MHT,NH,ANE,EN,Towers with Radar,47,28,6,0,81,0,7,19,0,26,47,35,25,0,107,12,0,12,119
07/29/2023,MHT,NH,ANE,EN,Towers with Radar,51,11,12,0,74,0,5,3,0,8,51,16,15,0,82,2,0,2,84
07/30/2023,MHT,NH,ANE,EN,Towers with Radar,51,14,6,0,71,0,15,18,0,33,51,29,24,0,104,6,0,6,110
07/31/2023,MHT,NH,ANE,EN,Towers with Radar,51,22,8,1,82,0,3,20,1,24,51,25,28,2,106,2,0,2,108
08/01/2023,MHT,NH,ANE,EN,Towers with Radar,60,29,10,0,99,0,9,28,2,39,60,38,38,2,138,22,0,22,160
08/02/2023,MHT,NH,ANE,EN,Towers with Radar,61,36,15,0,112,0,2,38,2,42,61,38,53,2,154,28,0,28,182
08/03/2023,MHT,NH,ANE,EN,Towers with Radar,63,33,18,0,114,0,11,29,0,40,63,44,47,0,154,18,0,18,172
08/04/2023,MHT,NH,ANE,EN,Towers with Radar,53,31,17,0,101,0,0,4,0,4,53,31,21,0,105,14,0,14,119
08/05/2023,MHT,NH,ANE,EN,Towers with Radar,40,12,13,0,65,0,4,15,2,21,40,16,28,2,86,0,0,0,86
08/06/2023,MHT,NH,ANE,EN,Towers with Radar,41,13,8,0,62,0,3,36,0,39,41,16,44,0,101,8,0,8,109
08/07/2023,MHT,NH,ANE,EN,Towers with Radar,45,22,8,0,75,0,2,8,0,10,45,24,16,0,85,0,0,0,85
08/08/2023,MHT,NH,ANE,EN,Towers with Radar,62,38,14,0,114,0,0,2,0,2,62,38,16,0,116,4,0,4,120
08/09/2023,MHT,NH,ANE,EN,Towers with Radar,56,36,12,0,104,0,4,14,0,18,56,40,26,0,122,0,0,0,122
08/10/2023,MHT,NH,ANE,EN,Towers with Radar,60,35,11,0,106,0,13,25,0,38,60,48,36,0,144,16,0,16,160
08/11/2023,MHT,NH,ANE,EN,Towers with Radar,53,26,8,0,87,0,8,24,3,35,53,34,32,3,122,6,0,6,128
08/12/2023,MHT,NH,ANE,EN,Towers with Radar,42,11,11,0,64,0,6,29,0,35,42,17,40,0,99,24,0,24,123
08/13/2023,MHT,NH,ANE,EN,Towers with Radar,45,15,11,0,71,0,8,6,1,15,45,23,17,1,86,6,0,6,92
08/14/2023,MHT,NH,ANE,EN,Towers with Radar,46,23,16,0,85,0,8,33,0,41,46,31,49,0,126,10,0,10,136
08/15/2023,MHT,NH,ANE,EN,Towers with Radar,59,26,24,1,110,0,0,0,1,1,59,26,24,2,111,0,22,22,133
08/16/2023,MHT,NH,ANE,EN,Towers with Radar,51,33,24,0,108,0,0,3,0,3,51,33,27,0,111,4,0,4,115
08/17/2023,MHT,NH,ANE,EN,Towers with Radar,55,33,23,0,111,0,2,6,0,8,55,35,29,0,119,26,0,26,145
08/18/2023,MHT,NH,ANE,EN,Towers with Radar,63,20,16,0,99,0,2,8,0,10,63,22,24,0,109,0,0,0,109
08/19/2023,MHT,NH,ANE,EN,Towers with Radar,39,17,5,0,61,0,10,84,0,94,39,27,89,0,155,0,0,0,155
08/20/2023,MHT,NH,ANE,EN,Towers with Radar,49,11,13,0,73,0,9,28,0,37,49,20,41,0,110,2,0,2,112
08/21/2023,MHT,NH,ANE,EN,Towers with Radar,41,21,20,0,82,0,8,28,1,37,41,29,48,1,119,20,0,20,139
08/22/2023,MHT,NH,ANE,EN,Towers with Radar,53,28,18,2,101,0,14,37,1,52,53,42,55,3,153,7,0,7,160
08/23/2023,MHT,NH,ANE,EN,Towers with Radar,50,27,14,0,91,0,22,46,2,70,50,49,60,2,161,20,0,20,181
08/24/2023,MHT,NH,ANE,EN,Towers with Radar,51,33,17,0,101,0,6,36,0,42,51,39,53,0,143,32,0,32,175
08/25/2023,MHT,NH,ANE,EN,Towers with Radar,55,21,10,0,86,0,0,0,0,0,55,21,10,0,86,0,0,0,86
08/26/2023,MHT,NH,ANE,EN,Towers with Radar,42,18,5,0,65,0,8,17,1,26,42,26,22,1,91,0,0,0,91
08/27/2023,MHT,NH,ANE,EN,Towers with Radar,44,15,8,0,67,0,2,6,0,8,44,17,14,0,75,0,0,0,75
08/28/2023,MHT,NH,ANE,EN,Towers with Radar,41,21,27,0,89,0,5,26,0,31,41,26,53,0,120,30,0,30,150
08/29/2023,MHT,NH,ANE,EN,Towers with Radar,55,34,26,0,115,0,3,17,0,20,55,37,43,0,135,50,0,50,185
08/30/2023,MHT,NH,ANE,EN,Towers with Radar,49,29,4,0,82,0,2,2,2,6,49,31,6,2,88,0,0,0,88
08/31/2023,MHT,NH,ANE,EN,Towers with Radar,55,34,13,2,104,0,12,37,1,50,55,46,50,3,154,0,0,0,154
01/01/2020,MHT,NH,ANE,EN,Towers with Radar,31,12,8,0,51,0,4,6,0,10,31,16,14,0,61,28,0,28,89
01/02/2020,MHT,NH,ANE,EN,Towers with Radar,57,59,13,1,130,0,4,14,0,18,57,63,27,1,148,8,0,8,156
01/03/2020,MHT,NH,ANE,EN,Towers with Radar,49,38,11,0,98,0,3,7,0,10,49,41,18,0,108,12,0,12,120
01/04/2020,MHT,NH,ANE,EN,Towers with Radar,43,16,5,1,65,0,0,0,0,0,43,16,5,1,65,0,0,0,65
01/05/2020,MHT,NH,ANE,EN,Towers with Radar,42,19,8,2,71,0,2,2,0,4,42,21,10,2,75,0,0,0,75
01/06/2020,MHT,NH,ANE,EN,Towers with Radar,44,29,13,0,86,0,3,10,0,13,44,32,23,0,99,2,0,2,101
01/07/2020,MHT,NH,ANE,EN,Towers with Radar,45,52,19,0,116,0,3,7,1,11,45,55,26,1,127,12,0,12,139
01/08/2020,MHT,NH,ANE,EN,Towers with Radar,50,45,15,0,110,0,3,4,0,7,50,48,19,0,117,4,0,4,121
01/09/2020,MHT,NH,ANE,EN,Towers with Radar,47,60,25,0,132,0,6,15,0,21,47,66,40,0,153,0,0,0,153
01/10/2020,MHT,NH,ANE,EN,Towers with Radar,43,39,18,4,104,0,1,11,0,12,43,40,29,4,116,4,0,4,120
01/11/2020,MHT,NH,ANE,EN,Towers with Radar,44,18,8,0,70,0,3,6,0,9,44,21,14,0,79,0,0,0,79
01/12/2020,MHT,NH,ANE,EN,Towers with Radar,40,19,1,0,60,0,3,0,0,3,40,22,1,0,63,0,0,0,63
01/13/2020,MHT,NH,ANE,EN,Towers with Radar,41,35,6,0,82,0,2,0,2,4,41,37,6,2,86,2,0,2,88
01/14/2020,MHT,NH,ANE,EN,Towers with Radar,49,44,13,2,108,0,0,5,0,5,49,44,18,2,113,0,0,0,113
01/15/2020,MHT,NH,ANE,EN,Towers with Radar,49,51,35,4,139,0,6,21,0,27,49,57,56,4,166,12,0,12,178
01/16/2020,MHT,NH,ANE,EN,Towers with Radar,47,56,12,0,115,0,3,0,0,3,47,59,12,0,118,0,0,0,118
01/17/2020,MHT,NH,ANE,EN,Towers with Radar,45,44,13,0,102,0,6,4,0,10,45,50,17,0,112,0,0,0,112
01/18/2020,MHT,NH,ANE,EN,Towers with Radar,44,12,7,0,63,0,3,11,0,14,44,15,18,0,77,24,0,24,101
01/19/2020,MHT,NH,ANE,EN,Towers with Radar,36,23,13,0,72,0,5,9,0,14,36,28,22,0,86,0,0,0,86
01/20/2020,MHT,NH,ANE,EN,Towers with Radar,38,46,27,0,111,0,14,14,0,28,38,60,41,0,139,8,0,8,147
01/21/2020,MHT,NH,ANE,EN,Towers with Radar,51,48,23,4,126,0,1,18,0,19,51,49,41,4,145,26,0,26,171
01/22/2020,MHT,NH,ANE,EN,Towers with Radar,51,44,30,0,125,0,4,17,0,21,51,48,47,0,146,20,0,20,166
01/23/2020,MHT,NH,ANE,EN,Towers with Radar,48,56,18,0,122,0,7,15,0,22,48,63,33,0,144,52,0,52,196
01/24/2020,MHT,NH,ANE,EN,Towers with Radar,42,42,18,0,102,0,9,20,0,29,42,51,38,0,131,74,0,74,205
01/25/2020,MHT,NH,ANE,EN,Towers with Radar,48,14,12,0,74,0,0,0,0,0,48,14,12,0,74,0,0,0,74
01/26/2020,MHT,NH,ANE,EN,Towers with Radar,40,22,16,0,78,0,6,8,0,14,40,28,24,0,92,4,0,4,96
01/27/2020,MHT,NH,ANE,EN,Towers with Radar,43,42,19,0,104,0,11,8,0,19,43,53,27,0,123,0,0,0,123
01/28/2020,MHT,NH,ANE,EN,Towers with Radar,49,59,32,2,142,0,6,18,0,24,49,65,50,2,166,4,0,4,170
01/29/2020,MHT,NH,ANE,EN,Towers with Radar,53,47,25,3,128,0,11,16,2,29,53,58,41,5,157,0,0,0,157
01/30/2020,MHT,NH,ANE,EN,Towers with Radar,48,56,26,0,130,0,5,20,0,25,48,61,46,0,155,14,0,14,169
01/31/2020,MHT,NH,ANE,EN,Towers with Radar,44,49,24,1,118,0,4,20,1,25,44,53,44,2,143,54,0,54,197
02/01/2020,MHT,NH,ANE,EN,Towers with Radar,48,19,8,0,75,0,1,0,0,1,48,20,8,0,76,0,0,0,76
02/02/2020,MHT,NH,ANE,EN,Towers with Radar,38,18,15,0,71,0,4,8,0,12,38,22,23,0,83,0,0,0,83
02/03/2020,MHT,NH,ANE,EN,Towers with Radar,40,43,17,0,100,0,4,7,0,11,40,47,24,0,111,0,0,0,111
02/04/2020,MHT,NH,ANE,EN,Towers with Radar,54,57,22,2,135,0,4,6,0,10,54,61,28,2,145,0,0,0,145
02/05/2020,MHT,NH,ANE,EN,Towers with Radar,48,62,28,4,142,0,2,19,1,22,48,64,47,5,164,36,0,36,200
02/06/2020,MHT,NH,ANE,EN,Towers with Radar,48,40,9,0,97,0,0,0,0,0,48,40,9,0,97,0,0,0,97
02/07/2020,MHT,NH,ANE,EN,Towers with Radar,40,38,7,0,85,0,0,0,0,0,40,38,7,0,85,0,0,0,85
02/08/2020,MHT,NH,ANE,EN,Towers with Radar,46,26,11,2,85,0,2,10,1,13,46,28,21,3,98,8,0,8,106
02/09/2020,MHT,NH,ANE,EN,Towers with Radar,42,29,14,7,92,0,2,10,0,12,42,31,24,7,104,12,0,12,116
02/10/2020,MHT,NH,ANE,EN,Towers with Radar,44,33,12,6,95,0,0,2,0,2,44,33,14,6,97,0,0,0,97
02/11/2020,MHT,NH,ANE,EN,Towers with Radar,58,55,17,3,133,0,0,0,0,0,58,55,17,3,133,0,0,0,133
02/12/2020,MHT,NH,ANE,EN,Towers with Radar,57,60,46,0,163,0,4,25,1,30,57,64,71,1,193,8,0,8,201
02/13/2020,MHT,NH,ANE,EN,Towers with Radar,59,51,10,0,120,0,0,0,0,0,59,51,10,0,120,0,0,0,120
02/14/2020,MHT,NH,ANE,EN,Towers with Radar,50,59,20,0,129,0,8,16,0,24,50,67,36,0,153,34,0,34,187
02/15/2020,MHT,NH,ANE,EN,Towers with Radar,47,21,17,0,85,0,4,18,0,22,47,25,35,0,107,8,0,8,115
02/16/2020,MHT,NH,ANE,EN,Towers with Radar,46,20,11,0,77,0,6,5,0,11,46,26,16,0,88,0,0,0,88
02/17/2020,MHT,NH,ANE,EN,Towers with Radar,43,53,26,0,122,0,2,29,0,31,43,55,55,0,153,0,0,0,153
02/18/2020,MHT,NH,ANE,EN,Towers with Radar,55,70,8,0,133,0,0,1,1,2,55,70,9,1,135,0,0,0,135
02/19/2020,MHT,NH,ANE,EN,Towers with Radar,53,62,17,4,136,0,2,10,0,12,53,64,27,4,148,18,0,18,166
02/20/2020,MHT,NH,ANE,EN,Towers with Radar,54,65,27,0,146,0,4,9,0,13,54,69,36,0,159,0,0,0,159
02/21/2020,MHT,NH,ANE,EN,Towers with Radar,46,46,32,0,124,0,1,27,0,28,46,47,59,0,152,0,0,0,152
02/22/2020,MHT,NH,ANE,EN,Towers with Radar,49,18,32,0,99,0,9,31,0,40,49,27,63,0,139,16,0,16,155
02/23/2020,MHT,NH,ANE,EN,Towers with Radar,45,23,19,0,87,0,8,15,0,23,45,31,34,0,110,0,0,0,110
02/24/2020,MHT,NH,ANE,EN,Towers with Radar,44,38,29,10,121,0,8,33,1,42,44,46,62,11,163,0,0,0,163
02/25/2020,MHT,NH,ANE,EN,Towers with Radar,51,61,30,3,145,0,5,10,1,16,51,66,40,4,161,4,0,4,165
02/26/2020,MHT,NH,ANE,EN,Towers with Radar,50,49,17,0,116,0,0,4,0,4,50,49,21,0,120,0,0,0,120
02/27/2020,MHT,NH,ANE,EN,Towers with Radar,61,52,20,1,134,0,0,0,0,0,61,52,20,1,134,0,0,0,134
02/28/2020,MHT,NH,ANE,EN,Towers with Radar,48,44,10,5,107,0,6,3,1,10,48,50,13,6,117,0,0,0,117
02/29/2020,MHT,NH,ANE,EN,Towers with Radar,49,23,15,0,87,0,5,12,0,17,49,28,27,0,104,0,0,0,104
03/01/2020,MHT,NH,ANE,EN,Towers with Radar,44,18,24,0,86,0,1,10,0,11,44,19,34,0,97,10,0,10,107
03/02/2020,MHT,NH,ANE,EN,Towers with Radar,47,53,23,0,123,0,6,18,0,24,47,59,41,0,147,0,0,0,147
03/03/2020,MHT,NH,ANE,EN,Towers with Radar,52,55,40,4,151,0,5,16,1,22,52,60,56,5,173,14,0,14,187
03/04/2020,MHT,NH,ANE,EN,Towers with Radar,57,56,11,2,126,0,2,1,2,5,57,58,12,4,131,0,0,0,131
03/05/2020,MHT,NH,ANE,EN,Towers with Radar,58,44,10,0,112,0,5,10,0,15,58,49,20,0,127,6,0,6,133
03/06/2020,MHT,NH,ANE,EN,Towers with Radar,51,41,32,0,124,0,4,18,1,23,51,45,50,1,147,20,0,20,167
03/07/2020,MHT,NH,ANE,EN,Towers with Radar,53,19,18,0,90,0,9,12,1,22,53,28,30,1,112,16,0,16,128
03/08/2020,MHT,NH,ANE,EN,Towers with Radar,48,20,24,4,96,0,4,14,0,18,48,24,38,4,114,16,0,16,130
03/09/2020,MHT,NH,ANE,EN,Towers with Radar,54,28,18,0,100,0,5,23,0,28,54,33,41,0,128,8,0,8,136
03/10/2020,MHT,NH,ANE,EN,Towers with Radar,55,48,19,2,124,0,2,15,0,17,55,50,34,2,141,4,0,4,145
03/11/2020,MHT,NH,ANE,EN,Towers with Radar,56,52,33,0,141,0,8,14,0,22,56,60,47,0,163,10,0,10,173
03/12/2020,MHT,NH,ANE,EN,Towers with Radar,55,46,22,10,133,0,3,12,0,15,55,49,34,10,148,6,0,6,154
03/13/2020,MHT,NH,ANE,EN,Towers with Radar,52,38,1,0,91,0,0,0,0,0,52,38,1,0,91,0,0,0,91
03/14/2020,MHT,NH,ANE,EN,Towers with Radar,51,14,8,0,73,0,6,6,0,12,51,20,14,0,85,0,0,0,85
03/15/2020,MHT,NH,ANE,EN,Towers with Radar,48,15,15,0,78,0,5,15,0,20,48,20,30,0,98,0,0,0,98
03/16/2020,MHT,NH,ANE,EN,Towers with Radar,50,32,29,0,111,0,4,18,0,22,50,36,47,0,133,36,0,36,169
03/17/2020,MHT,NH,ANE,EN,Towers with Radar,61,47,5,0,113,0,0,0,0,0,61,47,5,0,113,0,0,0,113
03/18/2020,MHT,NH,ANE,EN,Towers with Radar,57,52,32,0,141,0,0,26,0,26,57,52,58,0,167,10,0,10,177
03/19/2020,MHT,NH,ANE,EN,Towers with Radar,53,47,2,0,102,0,0,0,0,0,53,47,2,0,102,0,0,0,102
03/20/2020,MHT,NH,ANE,EN,Towers with Radar,52,38,6,0,96,0,0,0,0,0,52,38,6,0,96,0,0,0,96
03/21/2020,MHT,NH,ANE,EN,Towers with Radar,47,16,20,0,83,0,4,25,0,29,47,20,45,0,112,44,0,44,156
03/22/2020,MHT,NH,ANE,EN,Towers with Radar,39,12,16,0,67,0,0,14,0,14,39,12,30,0,81,0,0,0,81
03/23/2020,MHT,NH,ANE,EN,Towers with Radar,39,23,5,0,67,0,2,5,0,7,39,25,10,0,74,0,0,0,74
03/24/2020,MHT,NH,ANE,EN,Towers with Radar,46,41,11,0,98,0,0,14,0,14,46,41,25,0,112,0,0,0,112
03/25/2020,MHT,NH,ANE,EN,Towers with Radar,43,34,5,0,82,0,0,1,0,1,43,34,6,0,83,0,0,0,83
03/26/2020,MHT,NH,ANE,EN,Towers with Radar,37,36,17,0,90,0,4,12,0,16,37,40,29,0,106,20,0,20,126
03/27/2020,MHT,NH,ANE,EN,Towers with Radar,41,29,7,0,77,0,4,9,0,13,41,33,16,0,90,28,0,28,118
03/28/2020,MHT,NH,ANE,EN,Towers with Radar,38,8,13,0,59,0,5,19,0,24,38,13,32,0,83,0,0,0,83
03/29/2020,MHT,NH,ANE,EN,Towers with Radar,35,18,7,0,60,0,0,0,0,0,35,18,7,0,60,0,0,0,60
03/30/2020,MHT,NH,ANE,EN,Towers with Radar,30,23,7,0,60,0,0,0,0,0,30,23,7,0,60,0,0,0,60
03/31/2020,MHT,NH,ANE,EN,Towers with Radar,42,41,14,0,97,0,2,8,0,10,42,43,22,0,107,8,0,8,115
04/01/2020,MHT,NH,ANE,EN,Towers with Radar,41,33,8,0,82,0,4,11,0,15,41,37,19,0,97,2,0,2,99
04/02/2020,MHT,NH,ANE,EN,Towers with Radar,37,34,6,2,79,0,1,2,0,3,37,35,8,2,82,0,0,0,82
04/03/2020,MHT,NH,ANE,EN,Towers with Radar,37,27,4,0,68,0,0,0,0,0,37,27,4,0,68,0,0,0,68
04/04/2020,MHT,NH,ANE,EN,Towers with Radar,35,8,4,2,49,0,0,3,0,3,35,8,7,2,52,0,0,0,52
04/05/2020,MHT,NH,ANE,EN,Towers with Radar,32,11,9,4,56,0,1,4,0,5,32,12,13,4,61,0,0,0,61
04/06/2020,MHT,NH,ANE,EN,Towers with Radar,32,27,6,0,65,0,4,4,0,8,32,31,10,0,73,0,0,0,73
04/07/2020,MHT,NH,ANE,EN,Towers with Radar,32,34,8,0,74,0,1,11,0,12,32,35,19,0,86,10,0,10,96
04/08/2020,MHT,NH,ANE,EN,Towers with Radar,38,31,8,2,79,0,2,4,0,6,38,33,12,2,85,0,0,0,85
04/09/2020,MHT,NH,ANE,EN,Towers with Radar,37,27,1,6,71,0,0,1,0,1,37,27,2,6,72,0,0,0,72
04/10/2020,MHT,NH,ANE,EN,Towers with Radar,33,20,7,0,60,0,2,1,0,3,33,22,8,0,63,4,0,4,67
04/11/2020,MHT,NH,ANE,EN,Towers with Radar,25,17,3,0,45,0,5,3,0,8,25,22,6,0,53,18,0,18,71
04/12/2020,MHT,NH,ANE,EN,Towers with Radar,28,5,8,0,41,0,0,4,0,4,28,5,12,0,45,0,0,0,45
04/13/2020,MHT,NH,ANE,EN,Towers with Radar,31,18,1,0,50,0,2,0,0,2,31,20,1,0,52,0,0,0,52
04/14/2020,MHT,NH,ANE,EN,Towers with Radar,33,35,23,0,91,0,0,12,0,12,33,35,35,0,103,0,0,0,103
04/15/2020,MHT,NH,ANE,EN,Towers with Radar,44,31,4,0,79,0,0,19,0,19,44,31,23,0,98,0,0,0,98
04/16/2020,MHT,NH,ANE,EN,Towers with Radar,38,26,9,0,73,0,3,5,0,8,38,29,14,0,81,0,0,0,81
04/17/2020,MHT,NH,ANE,EN,Towers with Radar,34,22,8,0,64,0,0,8,0,8,34,22,16,0,72,0,0,0,72
04/18/2020,MHT,NH,ANE,EN,Towers with Radar,28,8,0,0,36,0,0,0,0,0,28,8,0,0,36,0,0,0,36
04/19/2020,MHT,NH,ANE,EN,Towers with Radar,28,7,15,0,50,0,1,21,0,22,28,8,36,0,72,12,0,12,84
04/20/2020,MHT,NH,ANE,EN,Towers with Radar,27,19,10,0,56,0,3,11,0,14,27,22,21,0,70,6,0,6,76
04/21/2020,MHT,NH,ANE,EN,Towers with Radar,34,29,4,0,67,0,2,4,0,6,34,31,8,0,73,0,0,0,73
04/22/2020,MHT,NH,ANE,EN,Towers with Radar,34,46,4,2,86,0,6,0,0,6,34,52,4,2,92,8,0,8,100
04/23/2020,MHT,NH,ANE,EN,Towers with Radar,30,29,28,4,91,0,0,14,0,14,30,29,42,4,105,14,0,14,119
04/24/2020,MHT,NH,ANE,EN,Towers with Radar,28,23,3,0,54,0,0,2,0,2,28,23,5,0,56,28,0,28,84
04/25/2020,MHT,NH,ANE,EN,Towers with Radar,25,6,24,0,55,0,5,20,0,25,25,11,44,0,80,32,0,32,112
04/26/2020,MHT,NH,ANE,EN,Towers with Radar,29,6,5,0,40,0,0,1,0,1,29,6,6,0,41,0,0,0,41
04/27/2020,MHT,NH,ANE,EN,Towers with Radar,23,20,2,6,51,0,0,0,0,0,23,20,2,6,51,0,0,0,51
04/28/2020,MHT,NH,ANE,EN,Towers with Radar,32,32,20,4,88,0,7,14,0,21,32,39,34,4,109,8,0,8,117
04/29/2020,MHT,NH,ANE,EN,Towers with Radar,30,26,29,4,89,0,2,28,0,30,30,28,57,4,119,56,0,56,175
04/30/2020,MHT,NH,ANE,EN,Towers with Radar,36,34,2,12,84,0,0,0,0,0,36,34,2,12,84,0,0,0,84
05/01/2020,MHT,NH,ANE,EN,Towers with Radar,28,28,16,0,72,0,0,1,0,1,28,28,17,0,73,0,0,0,73
05/02/2020,MHT,NH,ANE,EN,Towers with Radar,25,8,10,0,43,0,4,5,0,9,25,12,15,0,52,0,0,0,52
05/03/2020,MHT,NH,ANE,EN,Towers with Radar,25,4,18,0,47,0,8,8,0,16,25,12,26,0,63,22,0,22,85
05/04/2020,MHT,NH,ANE,EN,Towers with Radar,25,18,13,0,56,0,3,11,0,14,25,21,24,0,70,0,0,0,70
05/05/2020,MHT,NH,ANE,EN,Towers with Radar,33,22,11,4,70,0,2,10,0,12,33,24,21,4,82,14,0,14,96
05/06/2020,MHT,NH,ANE,EN,Towers with Radar,27,28,30,0,85,0,2,27,0,29,27,30,57,0,114,44,0,44,158
05/07/2020,MHT,NH,ANE,EN,Towers with Radar,37,29,14,2,82,0,9,12,0,21,37,38,26,2,103,0,0,0,103
05/08/2020,MHT,NH,ANE,EN,Towers with Radar,33,19,19,0,71,0,0,11,0,11,33,19,30,0,82,0,0,0,82
05/09/2020,MHT,NH,ANE,EN,Towers with Radar,18,5,1,0,24,0,0,0,0,0,18,5,1,0,24,0,0,0,24
05/10/2020,MHT,NH,ANE,EN,Towers with Radar,22,4,3,0,29,0,2,3,0,5,22,6,6,0,34,0,0,0,34
05/11/2020,MHT,NH,ANE,EN,Towers with Radar,22,16,6,0,44,0,2,7,0,9,22,18,13,0,53,20,0,20,73
05/12/2020,MHT,NH,ANE,EN,Towers with Radar,29,27,8,8,72,0,5,6,0,11,29,32,14,8,83,0,0,0,83
05/13/2020,MHT,NH,ANE,EN,Towers with Radar,29,31,23,2,85,0,3,10,0,13,29,34,33,2,98,0,0,0,98
05/14/2020,MHT,NH,ANE,EN,Towers with Radar,28,25,21,2,76,0,3,26,0,29,28,28,47,2,105,14,0,14,119
05/15/2020,MHT,NH,ANE,EN,Towers with Radar,26,26,9,0,61,0,1,7,0,8,26,27,16,0,69,8,0,8,77
05/16/2020,MHT,NH,ANE,EN,Towers with Radar,17,4,10,0,31,0,6,15,0,21,17,10,25,0,52,26,0,26,78
05/17/2020,MHT,NH,ANE,EN,Towers with Radar,21,7,16,0,44,0,1,12,0,13,21,8,28,0,57,14,0,14,71
05/18/2020,MHT,NH,ANE,EN,Towers with Radar,23,18,7,0,48,0,4,7,0,11,23,22,14,0,59,6,0,6,65
05/19/2020,MHT,NH,ANE,EN,Towers with Radar,27,29,10,0,66,0,2,6,0,8,27,31,16,0,74,0,0,0,74
05/20/2020,MHT,NH,ANE,EN,Towers with Radar,33,32,30,2,97,0,9,32,0,41,33,41,62,2,138,16,0,16,154
05/21/2020,MHT,NH,ANE,EN,Towers with Radar,30,27,14,0,71,0,9,23,0,32,30,36,37,0,103,38,0,38,141
05/22/2020,MHT,NH,ANE,EN,Towers with Radar,26,26,21,12,85,0,4,23,0,27,26,30,44,12,112,8,6,14,126
05/23/2020,MHT,NH,ANE,EN,Towers with Radar,18,6,9,0,33,0,5,12,0,17,18,11,21,0,50,0,0,0,50
05/24/2020,MHT,NH,ANE,EN,Towers with Radar,19,6,17,0,42,0,7,9,0,16,19,13,26,0,58,0,0,0,58
05/25/2020,MHT,NH,ANE,EN,Towers with Radar,16,9,17,0,42,0,4,5,0,9,16,13,22,0,51,0,0,0,51
05/26/2020,MHT,NH,ANE,EN,Towers with Radar,21,18,12,8,59,0,3,6,0,9,21,21,18,8,68,14,0,14,82
05/27/2020,MHT,NH,ANE,EN,Towers with Radar,32,28,15,2,77,0,1,19,0,20,32,29,34,2,97,0,0,0,97
05/28/2020,MHT,NH,ANE,EN,Towers with Radar,33,25,36,11,105,0,2,13,0,15,33,27,49,11,120,18,0,18,138
05/29/2020,MHT,NH,ANE,EN,Towers with Radar,27,21,16,0,64,0,2,4,0,6,27,23,20,0,70,0,0,0,70
05/30/2020,MHT,NH,ANE,EN,Towers with Radar,18,5,18,0,41,0,4,11,0,15,18,9,29,0,56,0,0,0,56
05/31/2020,MHT,NH,ANE,EN,Towers with Radar,21,6,16,0,43,0,5,10,0,15,21,11,26,0,58,6,0,6,64
06/01/2020,MHT,NH,ANE,EN,Towers with Radar,23,22,11,2,58,0,5,9,0,14,23,27,20,2,72,0,0,0,72
06/02/2020,MHT,NH,ANE,EN,Towers with Radar,26,29,31,0,86,0,3,35,0,38,26,32,66,0,124,8,0,8,132
06/03/2020,MHT,NH,ANE,EN,Towers with Radar,31,41,14,2,88,0,2,20,0,22,31,43,34,2,110,0,0,0,110
06/04/2020,MHT,NH,ANE,EN,Towers with Radar,34,32,29,1,96,0,4,26,1,31,34,36,55,2,127,0,0,0,127
06/05/2020,MHT,NH,ANE,EN,Towers with Radar,30,22,21,1,74,0,8,15,0,23,30,30,36,1,97,0,0,0,97
06/06/2020,MHT,NH,ANE,EN,Towers with Radar,20,9,10,5,44,0,2,13,1,16,20,11,23,6,60,0,0,0,60
06/07/2020,MHT,NH,ANE,EN,Towers with Radar,27,12,13,0,52,0,1,7,0,8,27,13,20,0,60,0,0,0,60
06/08/2020,MHT,NH,ANE,EN,Towers with Radar,27,18,21,3,69,0,3,15,1,19,27,21,36,4,88,4,0,4,92
06/09/2020,MHT,NH,ANE,EN,Towers with Radar,34,22,23,0,79,0,10,18,0,28,34,32,41,0,107,30,0,30,137
06/10/2020,MHT,NH,ANE,EN,Towers with Radar,34,29,21,15,99,0,6,15,0,21,34,35,36,15,120,4,0,4,124
06/11/2020,MHT,NH,ANE,EN,Towers with Radar,36,37,8,0,81,0,0,1,0,1,36,37,9,0,82,0,0,0,82
06/12/2020,MHT,NH,ANE,EN,Towers with Radar,31,27,21,0,79,0,6,16,0,22,31,33,37,0,101,0,0,0,101
06/13/2020,MHT,NH,ANE,EN,Towers with Radar,26,5,14,0,45,0,3,16,0,19,26,8,30,0,64,0,0,0,64
06/14/2020,MHT,NH,ANE,EN,Towers with Radar,27,12,21,0,60,0,8,19,0,27,27,20,40,0,87,10,0,10,97
06/15/2020,MHT,NH,ANE,EN,Towers with Radar,27,21,19,0,67,0,1,22,1,24,27,22,41,1,91,0,0,0,91
06/16/2020,MHT,NH,ANE,EN,Towers with Radar,36,29,17,0,82,0,5,22,0,27,36,34,39,0,109,0,0,0,109
06/17/2020,MHT,NH,ANE,EN,Towers with Radar,34,40,36,0,110,0,7,33,0,40,34,47,69,0,150,6,0,6,156
06/18/2020,MHT,NH,ANE,EN,Towers with Radar,35,33,22,0,90,0,0,13,0,13,35,33,35,0,103,8,0,8,111
06/19/2020,MHT,NH,ANE,EN,Towers with Radar,37,24,24,0,85,0,4,21,0,25,37,28,45,0,110,36,0,36,146
06/20/2020,MHT,NH,ANE,EN,Towers with Radar,26,9,21,0,56,0,7,16,0,23,26,16,37,0,79,0,0,0,79
06/21/2020,MHT,NH,ANE,EN,Towers with Radar,27,9,14,0,50,0,0,11,0,11,27,9,25,0,61,0,0,0,61
06/22/2020,MHT,NH,ANE,EN,Towers with Radar,26,21,19,0,66,0,0,4,0,4,26,21,23,0,70,0,0,0,70
06/23/2020,MHT,NH,ANE,EN,Towers with Radar,35,26,24,4,89,0,0,22,0,22,35,26,46,4,111,0,0,0,111
06/24/2020,MHT,NH,ANE,EN,Towers with Radar,34,34,15,0,83,0,0,8,0,8,34,34,23,0,91,4,0,4,95
06/25/2020,MHT,NH,ANE,EN,Towers with Radar,35,33,24,6,98,0,6,21,0,27,35,39,45,6,125,0,0,0,125
06/26/2020,MHT,NH,ANE,EN,Towers with Radar,33,26,24,0,83,0,0,32,0,32,33,26,56,0,115,20,0,20,135
06/27/2020,MHT,NH,ANE,EN,Towers with Radar,25,14,16,0,55,0,4,13,0,17,25,18,29,0,72,0,0,0,72
06/28/2020,MHT,NH,ANE,EN,Towers with Radar,29,7,17,0,53,0,5,7,0,12,29,12,24,0,65,0,0,0,65
06/29/2020,MHT,NH,ANE,EN,Towers with Radar,29,22,8,0,59,0,0,1,0,1,29,22,9,0,60,0,0,0,60
06/30/2020,MHT,NH,ANE,EN,Towers with Radar,36,31,15,6,88,0,0,0,0,0,36,31,15,6,88,0,0,0,88
07/01/2020,MHT,NH,ANE,EN,Towers with Radar,35,39,17,4,95,0,0,3,0,3,35,39,20,4,98,0,0,0,98
07/02/2020,MHT,NH,ANE,EN,Towers with Radar,39,32,23,2,96,0,2,17,0,19,39,34,40,2,115,18,0,18,133
07/03/2020,MHT,NH,ANE,EN,Towers with Radar,32,22,24,0,78,0,0,1,0,1,32,22,25,0,79,0,0,0,79
07/04/2020,MHT,NH,ANE,EN,Towers with Radar,20,3,10,0,33,0,3,8,0,11,20,6,18,0,44,0,0,0,44
07/05/2020,MHT,NH,ANE,EN,Towers with Radar,29,6,12,0,47,0,3,6,0,9,29,9,18,0,56,0,0,0,56
07/06/2020,MHT,NH,ANE,EN,Towers with Radar,30,22,21,0,73,0,3,14,0,17,30,25,35,0,90,18,0,18,108
07/07/2020,MHT,NH,ANE,EN,Towers with Radar,37,28,34,0,99,0,5,18,0,23,37,33,52,0,122,12,0,12,134
07/08/2020,MHT,NH,ANE,EN,Towers with Radar,38,37,19,2,96,0,2,1,0,3,38,39,20,2,99,0,0,0,99
07/09/2020,MHT,NH,ANE,EN,Towers with Radar,42,36,17,2,97,0,6,16,0,22,42,42,33,2,119,0,0,0,119
07/10/2020,MHT,NH,ANE,EN,Towers with Radar,40,22,20,1,83,0,2,10,0,12,40,24,30,1,95,8,0,8,103
07/11/2020,MHT,NH,ANE,EN,Towers with Radar,32,11,15,1,59,0,2,2,0,4,32,13,17,1,63,0,0,0,63
07/12/2020,MHT,NH,ANE,EN,Towers with Radar,35,9,15,0,59,0,1,12,0,13,35,10,27,0,72,14,0,14,86
07/13/2020,MHT,NH,ANE,EN,Towers with Radar,33,23,16,0,72,0,1,9,0,10,33,24,25,0,82,12,0,12,94
07/14/2020,MHT,NH,ANE,EN,Towers with Radar,39,32,14,0,85,0,2,9,0,11,39,34,23,0,96,0,0,0,96
07/15/2020,MHT,NH,ANE,EN,Towers with Radar,40,36,23,3,102,0,5,22,1,28,40,41,45,4,130,22,0,22,152
07/16/2020,MHT,NH,ANE,EN,Towers with Radar,42,36,28,3,109,0,4,31,2,37,42,40,59,5,146,8,0,8,154
07/17/2020,MHT,NH,ANE,EN,Towers with Radar,42,25,19,0,86,0,0,5,0,5,42,25,24,0,91,0,0,0,91
07/18/2020,MHT,NH,ANE,EN,Towers with Radar,34,13,26,0,73,0,6,17,0,23,34,19,43,0,96,0,0,0,96
07/19/2020,MHT,NH,ANE,EN,Towers with Radar,33,8,17,4,62,0,4,16,1,21,33,12,33,5,83,0,0,0,83
07/20/2020,MHT,NH,ANE,EN,Towers with Radar,33,25,23,0,81,0,10,14,0,24,33,35,37,0,105,38,0,38,143
07/21/2020,MHT,NH,ANE,EN,Towers with Radar,37,35,21,3,96,0,3,31,1,35,37,38,52,4,131,20,0,20,151
07/22/2020,MHT,NH,ANE,EN,Towers with Radar,41,31,37,7,116,0,1,12,0,13,41,32,49,7,129,20,0,20,149
07/23/2020,MHT,NH,ANE,EN,Towers with Radar,46,39,16,0,101,0,1,5,0,6,46,40,21,0,107,0,0,0,107
07/24/2020,MHT,NH,ANE,EN,Towers with Radar,42,28,44,8,122,0,7,24,0,31,42,35,68,8,153,4,0,4,157
07/25/2020,MHT,NH,ANE,EN,Towers with Radar,32,12,22,0,66,0,4,20,0,24,32,16,42,0,90,0,0,0,90
07/26/2020,MHT,NH,ANE,EN,Towers with Radar,35,5,21,0,61,0,7,12,0,19,35,12,33,0,80,0,0,0,80
07/27/2020,MHT,NH,ANE,EN,Towers with Radar,33,22,20,12,87,0,6,11,0,17,33,28,31,12,104,0,0,0,104
07/28/2020,MHT,NH,ANE,EN,Towers with Radar,35,35,13,5,88,0,5,7,0,12,35,40,20,5,100,0,0,0,100
07/29/2020,MHT,NH,ANE,EN,Towers with Radar,40,36,24,0,100,0,10,30,0,40,40,46,54,0,140,0,0,0,140
07/30/2020,MHT,NH,ANE,EN,Towers with Radar,43,34,28,0,105,0,7,35,0,42,43,41,63,0,147,16,0,16,163
07/31/2020,MHT,NH,ANE,EN,Towers with Radar,40,35,23,0,98,0,2,21,0,23,40,37,44,0,121,14,0,14,135
08/01/2020,MHT,NH,ANE,EN,Towers with Radar,34,16,34,0,84,0,9,30,0,39,34,25,64,0,123,10,0,10,133
08/02/2020,MHT,NH,ANE,EN,Towers with Radar,32,8,41,0,81,0,2,18,0,20,32,10,59,0,101,26,0,26,127
08/03/2020,MHT,NH,ANE,EN,Towers with Radar,34,25,24,0,83,0,7,14,0,21,34,32,38,0,104,14,0,14,118
08/04/2020,MHT,NH,ANE,EN,Towers with Radar,40,27,8,6,81,0,0,10,0,10,40,27,18,6,91,0,0,0,91
08/05/2020,MHT,NH,ANE,EN,Towers with Radar,40,30,24,10,104,0,2,18,5,25,40,32,42,15,129,20,0,20,149
08/06/2020,MHT,NH,ANE,EN,Towers with Radar,43,33,23,0,99,0,5,19,2,26,43,38,42,2,125,0,0,0,125
08/07/2020,MHT,NH,ANE,EN,Towers with Radar,39,25,23,0,87,0,5,20,0,25,39,30,43,0,112,0,0,0,112
08/08/2020,MHT,NH,ANE,EN,Towers with Radar,35,13,20,0,68,0,4,6,0,10,35,17,26,0,78,0,0,0,78
08/09/2020,MHT,NH,ANE,EN,Towers with Radar,34,5,26,0,65,0,3,18,0,21,34,8,44,0,86,0,0,0,86
08/10/2020,MHT,NH,ANE,EN,Towers with Radar,32,23,15,4,74,0,5,10,0,15,32,28,25,4,89,0,0,0,89
08/11/2020,MHT,NH,ANE,EN,Towers with Radar,35,27,29,0,91,0,2,19,0,21,35,29,48,0,112,24,0,24,136
08/12/2020,MHT,NH,ANE,EN,Towers with Radar,35,31,15,0,81,0,9,13,0,22,35,40,28,0,103,20,0,20,123
08/13/2020,MHT,NH,ANE,EN,Towers with Radar,41,31,12,23,107,0,1,16,0,17,41,32,28,23,124,0,0,0,124
08/14/2020,MHT,NH,ANE,EN,Towers with Radar,40,22,21,1,84,0,9,12,1,22,40,31,33,2,106,4,0,4,110
08/15/2020,MHT,NH,ANE,EN,Towers with Radar,30,7,30,0,67,0,0,15,0,15,30,7,45,0,82,0,0,0,82
08/16/2020,MHT,NH,ANE,EN,Towers with Radar,31,10,19,0,60,0,2,3,0,5,31,12,22,0,65,14,0,14,79
08/17/2020,MHT,NH,ANE,EN,Towers with Radar,31,23,26,0,80,0,0,13,0,13,31,23,39,0,93,14,0,14,107
08/18/2020,MHT,NH,ANE,EN,Towers with Radar,34,23,21,2,80,0,2,10,0,12,34,25,31,2,92,0,0,0,92
08/19/2020,MHT,NH,ANE,EN,Towers with Radar,36,30,27,0,93,0,3,16,0,19,36,33,43,0,112,12,0,12,124
08/20/2020,MHT,NH,ANE,EN,Towers with Radar,40,31,29,4,104,0,3,16,0,19,40,34,45,4,123,10,0,10,133
08/21/2020,MHT,NH,ANE,EN,Towers with Radar,38,34,36,0,108,0,6,23,0,29,38,40,59,0,137,6,0,6,143
08/22/2020,MHT,NH,ANE,EN,Towers with Radar,30,11,17,0,58,0,7,14,0,21,30,18,31,0,79,0,0,0,79
08/23/2020,MHT,NH,ANE,EN,Towers with Radar,33,12,7,0,52,0,0,6,0,6,33,12,13,0,58,0,0,0,58
08/24/2020,MHT,NH,ANE,EN,Towers with Radar,31,25,20,2,78,0,2,16,0,18,31,27,36,2,96,10,0,10,106
08/25/2020,MHT,NH,ANE,EN,Towers with Radar,34,29,31,10,104,0,11,17,2,30,34,40,48,12,134,0,0,0,134
08/26/2020,MHT,NH,ANE,EN,Towers with Radar,38,26,26,14,104,0,4,18,0,22,38,30,44,14,126,0,0,0,126
08/27/2020,MHT,NH,ANE,EN,Towers with Radar,40,29,14,2,85,0,2,3,0,5,40,31,17,2,90,0,0,0,90
08/28/2020,MHT,NH,ANE,EN,Towers with Radar,39,31,19,5,94,0,4,8,1,13,39,35,27,6,107,0,0,0,107
08/29/2020,MHT,NH,ANE,EN,Towers with Radar,37,12,9,2,60,0,5,0,0,5,37,17,9,2,65,0,0,0,65
08/30/2020,MHT,NH,ANE,EN,Towers with Radar,33,10,21,0,64,0,10,20,0,30,33,20,41,0,94,6,0,6,100
08/31/2020,MHT,NH,ANE,EN,Towers with Radar,31,27,13,0,71,0,4,13,0,17,31,31,26,0,88,8,4,12,100
09/01/2020,MHT,NH,ANE,EN,Towers with Radar,37,32,23,0,92,0,6,18,0,24,37,38,41,0,116,8,0,8,124
09/02/2020,MHT,NH,ANE,EN,Towers with Radar,38,29,17,1,85,0,1,0,0,1,38,30,17,1,86,0,0,0,86
09/03/2020,MHT,NH,ANE,EN,Towers with Radar,43,28,22,2,95,0,4,12,2,18,43,32,34,4,113,0,0,0,113
09/04/2020,MHT,NH,ANE,EN,Towers with Radar,40,32,24,0,96,0,13,25,0,38,40,45,49,0,134,0,0,0,134
09/05/2020,MHT,NH,ANE,EN,Towers with Radar,28,12,19,0,59,0,10,17,0,27,28,22,36,0,86,8,0,8,94
09/06/2020,MHT,NH,ANE,EN,Towers with Radar,22,6,27,0,55,0,9,20,0,29,22,15,47,0,84,10,0,10,94
09/07/2020,MHT,NH,ANE,EN,Towers with Radar,20,13,25,0,58,0,2,23,0,25,20,15,48,0,83,0,0,0,83
09/08/2020,MHT,NH,ANE,EN,Towers with Radar,26,34,34,6,100,0,6,18,0,24,26,40,52,6,124,2,0,2,126
09/09/2020,MHT,NH,ANE,EN,Towers with Radar,34,23,22,3,82,0,4,11,3,18,34,27,33,6,100,0,0,0,100
09/10/2020,MHT,NH,ANE,EN,Towers with Radar,36,36,30,2,104,0,0,2,0,2,36,36,32,2,106,0,0,0,106
09/11/2020,MHT,NH,ANE,EN,Towers with Radar,34,31,24,0,89,0,7,21,0,28,34,38,45,0,117,10,0,10,127
09/12/2020,MHT,NH,ANE,EN,Towers with Radar,26,8,26,2,62,0,5,24,0,29,26,13,50,2,91,0,0,0,91
09/13/2020,MHT,NH,ANE,EN,Towers with Radar,29,15,31,3,78,0,2,11,0,13,29,17,42,3,91,38,0,38,129
09/14/2020,MHT,NH,ANE,EN,Towers with Radar,25,22,23,0,70,0,1,16,0,17,25,23,39,0,87,10,0,10,97
09/15/2020,MHT,NH,ANE,EN,Towers with Radar,36,33,35,8,112,0,1,38,0,39,36,34,73,8,151,0,0,0,151
09/16/2020,MHT,NH,ANE,EN,Towers with Radar,34,38,21,4,97,0,6,20,0,26,34,44,41,4,123,0,0,0,123
09/17/2020,MHT,NH,ANE,EN,Towers with Radar,34,30,32,6,102,0,3,19,1,23,34,33,51,7,125,0,0,0,125
09/18/2020,MHT,NH,ANE,EN,Towers with Radar,34,24,41,1,100,0,6,10,2,18,34,30,51,3,118,0,0,0,118
09/19/2020,MHT,NH,ANE,EN,Towers with Radar,24,11,23,0,58,0,14,18,0,32,24,25,41,0,90,0,0,0,90
09/20/2020,MHT,NH,ANE,EN,Towers with Radar,28,3,27,0,58,0,5,15,0,20,28,8,42,0,78,0,0,0,78
09/21/2020,MHT,NH,ANE,EN,Towers with Radar,24,36,22,2,84,0,9,12,0,21,24,45,34,2,105,0,0,0,105
09/22/2020,MHT,NH,ANE,EN,Towers with Radar,32,28,27,4,91,0,6,17,0,23,32,34,44,4,114,8,0,8,122
09/23/2020,MHT,NH,ANE,EN,Towers with Radar,34,24,22,8,88,0,3,22,0,25,34,27,44,8,113,10,0,10,123
09/24/2020,MHT,NH,ANE,EN,Towers with Radar,34,22,16,7,79,0,3,13,0,16,34,25,29,7,95,0,0,0,95
09/25/2020,MHT,NH,ANE,EN,Towers with Radar,34,21,29,0,84,0,9,27,0,36,34,30,56,0,120,12,0,12,132
09/26/2020,MHT,NH,ANE,EN,Towers with Radar,23,7,18,0,48,0,4,9,0,13,23,11,27,0,61,0,0,0,61
09/27/2020,MHT,NH,ANE,EN,Towers with Radar,27,2,22,0,51,0,5,8,0,13,27,7,30,0,64,0,0,0,64
09/28/2020,MHT,NH,ANE,EN,Towers with Radar,25,20,27,0,72,0,4,6,0,10,25,24,33,0,82,2,0,2,84
09/29/2020,MHT,NH,ANE,EN,Towers with Radar,32,29,21,2,84,0,0,8,0,8,32,29,29,2,92,2,0,2,94
09/30/2020,MHT,NH,ANE,EN,Towers with Radar,34,33,17,6,90,0,2,2,0,4,34,35,19,6,94,0,24,24,118
10/01/2020,MHT,NH,ANE,EN,Towers with Radar,34,31,22,0,87,0,12,18,0,30,34,43,40,0,117,20,0,20,137
10/02/2020,MHT,NH,ANE,EN,Towers with Radar,34,28,26,0,88,0,3,13,0,16,34,31,39,0,104,16,0,16,120
10/03/2020,MHT,NH,ANE,EN,Towers with Radar,25,4,27,0,56,0,5,24,0,29,25,9,51,0,85,52,0,52,137
10/04/2020,MHT,NH,ANE,EN,Towers with Radar,28,8,26,0,62,0,2,18,0,20,28,10,44,0,82,14,0,14,96
10/05/2020,MHT,NH,ANE,EN,Towers with Radar,26,18,12,0,56,0,2,13,0,15,26,20,25,0,71,0,0,0,71
10/06/2020,MHT,NH,ANE,EN,Towers with Radar,33,31,36,1,101,0,2,26,1,29,33,33,62,2,130,16,0,16,146
10/07/2020,MHT,NH,ANE,EN,Towers with Radar,32,31,15,0,78,0,11,7,0,18,32,42,22,0,96,0,0,0,96
10/08/2020,MHT,NH,ANE,EN,Towers with Radar,42,46,15,0,103,0,4,7,0,11,42,50,22,0,114,0,0,0,114
10/09/2020,MHT,NH,ANE,EN,Towers with Radar,39,30,22,0,91,0,16,26,0,42,39,46,48,0,133,0,0,0,133
10/10/2020,MHT,NH,ANE,EN,Towers with Radar,26,10,13,0,49,0,7,16,0,23,26,17,29,0,72,8,0,8,80
10/11/2020,MHT,NH,ANE,EN,Towers with Radar,33,5,28,0,66,0,10,18,0,28,33,15,46,0,94,0,0,0,94
10/12/2020,MHT,NH,ANE,EN,Towers with Radar,31,27,21,0,79,0,3,19,0,22,31,30,40,0,101,6,0,6,107
10/13/2020,MHT,NH,ANE,EN,Towers with Radar,34,27,17,0,78,0,1,0,0,1,34,28,17,0,79,0,0,0,79
10/14/2020,MHT,NH,ANE,EN,Towers with Radar,36,35,22,8,101,0,5,19,0,24,36,40,41,8,125,12,0,12,137
10/15/2020,MHT,NH,ANE,EN,Towers with Radar,39,29,19,4,91,1,4,26,0,31,40,33,45,4,122,0,0,0,122
10/16/2020,MHT,NH,ANE,EN,Towers with Radar,39,19,36,4,98,0,2,1,0,3,39,21,37,4,101,0,0,0,101
10/17/2020,MHT,NH,ANE,EN,Towers with Radar,29,7,13,0,49,0,1,4,0,5,29,8,17,0,54,0,0,0,54
10/18/2020,MHT,NH,ANE,EN,Towers with Radar,32,5,23,0,60,0,2,25,0,27,32,7,48,0,87,0,0,0,87
10/19/2020,MHT,NH,ANE,EN,Towers with Radar,30,18,30,0,78,0,4,22,1,27,30,22,52,1,105,14,0,14,119
10/20/2020,MHT,NH,ANE,EN,Towers with Radar,32,26,24,5,87,0,0,4,0,4,32,26,28,5,91,0,0,0,91
10/21/2020,MHT,NH,ANE,EN,Towers with Radar,36,21,36,8,101,0,0,1,0,1,36,21,37,8,102,0,0,0,102
10/22/2020,MHT,NH,ANE,EN,Towers with Radar,40,22,33,0,95,0,2,27,0,29,40,24,60,0,124,24,0,24,148
10/23/2020,MHT,NH,ANE,EN,Towers with Radar,38,19,31,1,89,0,5,5,0,10,38,24,36,1,99,20,0,20,119
10/24/2020,MHT,NH,ANE,EN,Towers with Radar,28,12,36,3,79,0,4,8,0,12,28,16,44,3,91,0,0,0,91
10/25/2020,MHT,NH,ANE,EN,Towers with Radar,32,2,20,2,56,0,0,16,1,17,32,2,36,3,73,0,0,0,73
10/26/2020,MHT,NH,ANE,EN,Towers with Radar,30,23,17,4,74,0,0,0,0,0,30,23,17,4,74,0,0,0,74
10/27/2020,MHT,NH,ANE,EN,Towers with Radar,31,32,32,0,95,0,5,21,0,26,31,37,53,0,121,0,0,0,121
10/28/2020,MHT,NH,ANE,EN,Towers with Radar,32,26,37,4,99,0,0,0,0,0,32,26,37,4,99,0,0,0,99
10/29/2020,MHT,NH,ANE,EN,Towers with Radar,36,40,18,0,94,0,0,0,0,0,36,40,18,0,94,0,0,0,94
10/30/2020,MHT,NH,ANE,EN,Towers with Radar,37,16,13,0,66,0,4,2,0,6,37,20,15,0,72,0,0,0,72
10/31/2020,MHT,NH,ANE,EN,Towers with Radar,18,5,33,0,56,0,5,36,0,41,18,10,69,0,97,38,0,38,135
11/01/2020,MHT,NH,ANE,EN,Towers with Radar,27,9,18,0,54,0,1,5,0,6,27,10,23,0,60,22,0,22,82
11/02/2020,MHT,NH,ANE,EN,Towers with Radar,27,21,10,0,58,0,3,5,0,8,27,24,15,0,66,6,0,6,72
11/03/2020,MHT,NH,ANE,EN,Towers with Radar,30,19,11,0,60,0,4,5,0,9,30,23,16,0,69,6,0,6,75
11/04/2020,MHT,NH,ANE,EN,Towers with Radar,32,29,24,0,85,0,10,41,0,51,32,39,65,0,136,0,0,0,136
11/05/2020,MHT,NH,ANE,EN,Towers with Radar,44,33,20,0,97,0,4,42,0,46,44,37,62,0,143,0,0,0,143
11/06/2020,MHT,NH,ANE,EN,Towers with Radar,44,21,20,0,85,0,1,43,0,44,44,22,63,0,129,14,0,14,143
11/07/2020,MHT,NH,ANE,EN,Towers with Radar,31,3,24,0,58,0,4,34,0,38,31,7,58,0,96,0,0,0,96
11/08/2020,MHT,NH,ANE,EN,Towers with Radar,36,5,13,0,54,0,2,26,1,29,36,7,39,1,83,0,0,0,83
11/09/2020,MHT,NH,ANE,EN,Towers with Radar,36,11,19,0,66,0,2,36,0,38,36,13,55,0,104,58,0,58,162
11/10/2020,MHT,NH,ANE,EN,Towers with Radar,30,20,21,0,71,0,1,36,0,37,30,21,57,0,108,0,0,0,108
11/11/2020,MHT,NH,ANE,EN,Towers with Radar,30,20,13,0,63,0,10,7,1,18,30,30,20,1,81,0,0,0,81
11/12/2020,MHT,NH,ANE,EN,Towers with Radar,44,23,15,0,82,0,2,7,1,10,44,25,22,1,92,0,0,0,92
11/13/2020,MHT,NH,ANE,EN,Towers with Radar,42,15,17,0,74,0,0,0,0,0,42,15,17,0,74,0,0,0,74
11/14/2020,MHT,NH,ANE,EN,Towers with Radar,31,5,10,0,46,0,3,33,0,36,31,8,43,0,82,8,0,8,90
11/15/2020,MHT,NH,ANE,EN,Towers with Radar,36,4,11,0,51,0,1,12,0,13,36,5,23,0,64,0,0,0,64
11/16/2020,MHT,NH,ANE,EN,Towers with Radar,37,29,19,0,85,0,0,13,0,13,37,29,32,0,98,6,0,6,104
11/17/2020,MHT,NH,ANE,EN,Towers with Radar,32,33,16,0,81,0,3,28,0,31,32,36,44,0,112,20,0,20,132
11/18/2020,MHT,NH,ANE,EN,Towers with Radar,30,41,11,0,82,0,2,12,0,14,30,43,23,0,96,14,0,14,110
11/19/2020,MHT,NH,ANE,EN,Towers with Radar,44,45,19,0,108,0,6,24,0,30,44,51,43,0,138,0,0,0,138
11/20/2020,MHT,NH,ANE,EN,Towers with Radar,43,22,20,0,85,0,10,38,0,48,43,32,58,0,133,10,0,10,143
11/21/2020,MHT,NH,ANE,EN,Towers with Radar,36,11,16,0,63,0,8,27,0,35,36,19,43,0,98,0,0,0,98
11/22/2020,MHT,NH,ANE,EN,Towers with Radar,38,4,10,0,52,0,4,13,0,17,38,8,23,0,69,10,0,10,79
11/23/2020,MHT,NH,ANE,EN,Towers with Radar,25,17,5,6,53,0,1,5,0,6,25,18,10,6,59,0,0,0,59
11/24/2020,MHT,NH,ANE,EN,Towers with Radar,49,36,13,0,98,0,17,37,1,55,49,53,50,1,153,0,0,0,153
11/25/2020,MHT,NH,ANE,EN,Towers with Radar,52,29,14,0,95,0,3,22,0,25,52,32,36,0,120,0,0,0,120
11/26/2020,MHT,NH,ANE,EN,Towers with Radar,13,0,0,0,13,0,0,0,0,0,13,0,0,0,13,0,0,0,13
11/27/2020,MHT,NH,ANE,EN,Towers with Radar,30,15,20,0,65,0,3,30,0,33,30,18,50,0,98,4,0,4,102
11/28/2020,MHT,NH,ANE,EN,Towers with Radar,38,7,11,0,56,0,7,10,0,17,38,14,21,0,73,0,0,0,73
11/29/2020,MHT,NH,ANE,EN,Towers with Radar,37,3,15,0,55,0,5,42,0,47,37,8,57,0,102,14,0,14,116
11/30/2020,MHT,NH,ANE,EN,Towers with Radar,35,31,7,0,73,0,0,3,0,3,35,31,10,0,76,0,0,0,76
12/01/2020,MHT,NH,ANE,EN,Towers with Radar,48,28,18,12,106,0,0,11,0,11,48,28,29,12,117,0,20,20,137
12/02/2020,MHT,NH,ANE,EN,Towers with Radar,41,29,12,0,82,0,5,14,0,19,41,34,26,0,101,60,0,60,161
12/03/2020,MHT,NH,ANE,EN,Towers with Radar,49,25,15,0,89,0,3,37,0,40,49,28,52,0,129,30,0,30,159
12/04/2020,MHT,NH,ANE,EN,Towers with Radar,40,24,17,0,81,0,0,17,0,17,40,24,34,0,98,0,0,0,98
12/05/2020,MHT,NH,ANE,EN,Towers with Radar,23,6,1,0,30,0,0,0,0,0,23,6,1,0,30,0,0,0,30
12/06/2020,MHT,NH,ANE,EN,Towers with Radar,25,3,8,0,36,0,6,0,0,6,25,9,8,0,42,0,0,0,42
12/07/2020,MHT,NH,ANE,EN,Towers with Radar,36,19,3,2,60,0,5,17,0,22,36,24,20,2,82,20,0,20,102
12/08/2020,MHT,NH,ANE,EN,Towers with Radar,40,28,15,2,85,0,0,16,0,16,40,28,31,2,101,0,0,0,101
12/09/2020,MHT,NH,ANE,EN,Towers with Radar,44,31,14,0,89,0,0,8,0,8,44,31,22,0,97,6,0,6,103
12/10/2020,MHT,NH,ANE,EN,Towers with Radar,48,33,15,0,96,0,2,31,0,33,48,35,46,0,129,18,0,18,147
12/11/2020,MHT,NH,ANE,EN,Towers with Radar,39,23,21,0,83,0,6,31,0,37,39,29,52,0,120,4,0,4,124
12/12/2020,MHT,NH,ANE,EN,Towers with Radar,25,10,22,0,57,0,3,6,0,9,25,13,28,0,66,0,0,0,66
12/13/2020,MHT,NH,ANE,EN,Towers with Radar,30,1,9,0,40,0,2,2,0,4,30,3,11,0,44,0,0,0,44
12/14/2020,MHT,NH,ANE,EN,Towers with Radar,35,12,5,0,52,0,0,2,0,2,35,12,7,0,54,0,0,0,54
12/15/2020,MHT,NH,ANE,EN,Towers with Radar,42,28,19,0,89,0,7,32,0,39,42,35,51,0,128,0,0,0,128
12/16/2020,MHT,NH,ANE,EN,Towers with Radar,38,34,6,0,78,0,0,22,0,22,38,34,28,0,100,9,0,9,109
12/17/2020,MHT,NH,ANE,EN,Towers with Radar,37,22,0,0,59,0,0,0,0,0,37,22,0,0,59,0,0,0,59
12/18/2020,MHT,NH,ANE,EN,Towers with Radar,56,24,22,0,102,0,2,29,0,31,56,26,51,0,133,0,0,0,133
12/19/2020,MHT,NH,ANE,EN,Towers with Radar,56,13,17,0,86,0,10,18,0,28,56,23,35,0,114,0,0,0,114
12/20/2020,MHT,NH,ANE,EN,Towers with Radar,47,5,6,0,58,0,3,11,0,14,47,8,17,0,72,0,0,0,72
12/21/2020,MHT,NH,ANE,EN,Towers with Radar,48,18,17,0,83,0,0,0,0,0,48,18,17,0,83,0,0,0,83
12/22/2020,MHT,NH,ANE,EN,Towers with Radar,58,32,19,1,110,0,1,28,0,29,58,33,47,1,139,8,0,8,147
12/23/2020,MHT,NH,ANE,EN,Towers with Radar,58,22,6,9,95,0,4,30,5,39,58,26,36,14,134,0,0,0,134
12/24/2020,MHT,NH,ANE,EN,Towers with Radar,45,29,8,0,82,0,3,2,0,5,45,32,10,0,87,0,0,0,87
12/25/2020,MHT,NH,ANE,EN,Towers with Radar,12,0,2,0,14,0,0,0,0,0,12,0,2,0,14,0,0,0,14
12/26/2020,MHT,NH,ANE,EN,Towers with Radar,38,8,15,0,61,0,2,12,0,14,38,10,27,0,75,0,0,0,75
12/27/2020,MHT,NH,ANE,EN,Towers with Radar,40,3,17,0,60,0,3,35,0,38,40,6,52,0,98,0,0,0,98
12/28/2020,MHT,NH,ANE,EN,Towers with Radar,37,14,10,0,61,0,2,16,0,18,37,16,26,0,79,0,0,0,79
12/29/2020,MHT,NH,ANE,EN,Towers with Radar,53,25,5,10,93,0,2,12,1,15,53,27,17,11,108,8,8,16,124
12/30/2020,MHT,NH,ANE,EN,Towers with Radar,52,25,21,0,98,0,3,27,0,30,52,28,48,0,128,30,0,30,158
12/31/2020,MHT,NH,ANE,EN,Towers with Radar,39,28,12,0,79,0,5,10,0,15,39,33,22,0,94,0,0,0,94
01/01/2021,MHT,NH,ANE,EN,Towers with Radar,17,3,12,0,32,0,8,20,0,28,17,11,32,0,60,0,0,0,60
01/02/2021,MHT,NH,ANE,EN,Towers with Radar,38,5,10,0,53,0,0,4,0,4,38,5,14,0,57,0,0,0,57
01/03/2021,MHT,NH,ANE,EN,Towers with Radar,37,5,8,0,50,0,2,3,0,5,37,7,11,0,55,0,0,0,55
01/04/2021,MHT,NH,ANE,EN,Towers with Radar,36,16,14,0,66,0,0,0,0,0,36,16,14,0,66,0,0,0,66
01/05/2021,MHT,NH,ANE,EN,Towers with Radar,32,35,4,0,71,0,0,2,0,2,32,35,6,0,73,6,0,6,79
01/06/2021,MHT,NH,ANE,EN,Towers with Radar,32,29,5,0,66,0,2,30,0,32,32,31,35,0,98,18,0,18,116
01/07/2021,MHT,NH,ANE,EN,Towers with Radar,34,37,11,1,83,0,3,19,3,25,34,40,30,4,108,46,0,46,154
01/08/2021,MHT,NH,ANE,EN,Towers with Radar,32,30,12,0,74,0,2,33,0,35,32,32,45,0,109,8,0,8,117
01/09/2021,MHT,NH,ANE,EN,Towers with Radar,26,11,8,0,45,0,4,37,2,43,26,15,45,2,88,58,0,58,146
01/10/2021,MHT,NH,ANE,EN,Towers with Radar,24,5,8,0,37,0,9,19,0,28,24,14,27,0,65,0,0,0,65
01/11/2021,MHT,NH,ANE,EN,Towers with Radar,25,24,11,0,60,0,5,14,0,19,25,29,25,0,79,0,0,0,79
01/12/2021,MHT,NH,ANE,EN,Towers with Radar,31,27,14,0,72,0,8,24,1,33,31,35,38,1,105,0,0,0,105
01/13/2021,MHT,NH,ANE,EN,Towers with Radar,29,27,16,0,72,0,5,22,0,27,29,32,38,0,99,0,0,0,99
01/14/2021,MHT,NH,ANE,EN,Towers with Radar,34,30,21,0,85,0,0,11,0,11,34,30,32,0,96,0,0,0,96
01/15/2021,MHT,NH,ANE,EN,Towers with Radar,32,23,19,0,74,0,2,19,0,21,32,25,38,0,95,0,0,0,95
01/16/2021,MHT,NH,ANE,EN,Towers with Radar,24,12,3,0,39,0,0,0,0,0,24,12,3,0,39,0,0,0,39
01/17/2021,MHT,NH,ANE,EN,Towers with Radar,26,7,6,0,39,0,2,6,0,8,26,9,12,0,47,0,0,0,47
01/18/2021,MHT,NH,ANE,EN,Towers with Radar,24,32,10,2,68,0,2,14,0,16,24,34,24,2,84,0,0,0,84
01/19/2021,MHT,NH,ANE,EN,Towers with Radar,30,33,11,1,75,0,4,29,1,34,30,37,40,2,109,6,24,30,139
01/20/2021,MHT,NH,ANE,EN,Towers with Radar,30,33,16,0,79,0,2,20,0,22,30,35,36,0,101,0,0,0,101
01/21/2021,MHT,NH,ANE,EN,Towers with Radar,34,35,8,0,77,0,3,10,0,13,34,38,18,0,90,6,0,6,96
01/22/2021,MHT,NH,ANE,EN,Towers with Radar,32,21,12,0,65,0,2,24,0,26,32,23,36,0,91,42,0,42,133
01/23/2021,MHT,NH,ANE,EN,Towers with Radar,26,5,2,0,33,0,4,5,0,9,26,9,7,0,42,0,0,0,42
01/24/2021,MHT,NH,ANE,EN,Towers with Radar,25,5,2,0,32,0,0,0,0,0,25,5,2,0,32,0,0,0,32
01/25/2021,MHT,NH,ANE,EN,Towers with Radar,25,21,9,0,55,0,4,9,0,13,25,25,18,0,68,0,0,0,68
01/26/2021,MHT,NH,ANE,EN,Towers with Radar,29,23,14,0,66,0,0,19,0,19,29,23,33,0,85,0,0,0,85
01/27/2021,MHT,NH,ANE,EN,Towers with Radar,31,27,10,0,68,0,10,4,1,15,31,37,14,1,83,2,0,2,85
01/28/2021,MHT,NH,ANE,EN,Towers with Radar,33,27,9,6,75,0,3,9,0,12,33,30,18,6,87,0,6,6,93
01/29/2021,MHT,NH,ANE,EN,Towers with Radar,33,26,13,0,72,0,0,6,0,6,33,26,19,0,78,10,0,10,88
01/30/2021,MHT,NH,ANE,EN,Towers with Radar,26,7,11,0,44,0,2,28,0,30,26,9,39,0,74,0,0,0,74
01/31/2021,MHT,NH,ANE,EN,Towers with Radar,21,6,24,0,51,0,7,35,1,43,21,13,59,1,94,0,0,0,94
02/01/2021,MHT,NH,ANE,EN,Towers with Radar,12,22,7,0,41,0,3,0,0,3,12,25,7,0,44,0,0,0,44
02/02/2021,MHT,NH,ANE,EN,Towers with Radar,27,22,3,0,52,0,0,0,0,0,27,22,3,0,52,0,0,0,52
02/03/2021,MHT,NH,ANE,EN,Towers with Radar,30,27,13,0,70,0,0,10,0,10,30,27,23,0,80,0,0,0,80
02/04/2021,MHT,NH,ANE,EN,Towers with Radar,32,31,22,0,85,0,1,29,2,32,32,32,51,2,117,0,0,0,117
02/05/2021,MHT,NH,ANE,EN,Towers with Radar,32,18,11,0,61,0,0,3,0,3,32,18,14,0,64,0,0,0,64
02/06/2021,MHT,NH,ANE,EN,Towers with Radar,26,8,10,0,44,0,1,25,0,26,26,9,35,0,70,6,0,6,76
02/07/2021,MHT,NH,ANE,EN,Towers with Radar,25,8,7,0,40,0,0,1,0,1,25,8,8,0,41,0,0,0,41
02/08/2021,MHT,NH,ANE,EN,Towers with Radar,25,22,18,2,67,0,7,33,1,41,25,29,51,3,108,0,0,0,108
02/09/2021,MHT,NH,ANE,EN,Towers with Radar,30,26,7,0,63,0,3,0,0,3,30,29,7,0,66,0,0,0,66
02/10/2021,MHT,NH,ANE,EN,Towers with Radar,32,32,19,1,84,0,5,13,0,18,32,37,32,1,102,0,0,0,102
02/11/2021,MHT,NH,ANE,EN,Towers with Radar,24,26,17,2,69,0,3,17,4,24,24,29,34,6,93,0,0,0,93
02/12/2021,MHT,NH,ANE,EN,Towers with Radar,33,26,10,0,69,0,10,25,0,35,33,36,35,0,104,12,0,12,116
02/13/2021,MHT,NH,ANE,EN,Towers with Radar,19,11,14,0,44,0,8,33,1,42,19,19,47,1,86,0,0,0,86
02/14/2021,MHT,NH,ANE,EN,Towers with Radar,20,10,2,0,32,0,0,7,0,7,20,10,9,0,39,0,0,0,39
02/15/2021,MHT,NH,ANE,EN,Towers with Radar,20,24,7,0,51,0,0,4,0,4,20,24,11,0,55,0,0,0,55
02/16/2021,MHT,NH,ANE,EN,Towers with Radar,18,24,5,0,47,0,0,0,0,0,18,24,5,0,47,0,0,0,47
02/17/2021,MHT,NH,ANE,EN,Towers with Radar,24,32,28,0,84,0,10,24,2,36,24,42,52,2,120,26,0,26,146
02/18/2021,MHT,NH,ANE,EN,Towers with Radar,25,23,19,6,73,0,3,12,0,15,25,26,31,6,88,0,0,0,88
02/19/2021,MHT,NH,ANE,EN,Towers with Radar,27,24,8,0,59,0,0,0,0,0,27,24,8,0,59,0,0,0,59
02/20/2021,MHT,NH,ANE,EN,Towers with Radar,23,12,11,0,46,0,2,9,0,11,23,14,20,0,57,0,0,0,57
02/21/2021,MHT,NH,ANE,EN,Towers with Radar,24,8,30,0,62,0,8,37,0,45,24,16,67,0,107,18,0,18,125
02/22/2021,MHT,NH,ANE,EN,Towers with Radar,22,23,10,0,55,0,3,9,0,12,22,26,19,0,67,0,0,0,67
02/23/2021,MHT,NH,ANE,EN,Towers with Radar,30,33,12,0,75,0,3,20,0,23,30,36,32,0,98,18,0,18,116
02/24/2021,MHT,NH,ANE,EN,Towers with Radar,28,31,12,0,71,0,11,23,1,35,28,42,35,1,106,0,0,0,106
02/25/2021,MHT,NH,ANE,EN,Towers with Radar,32,31,5,1,69,0,9,7,1,17,32,40,12,2,86,0,0,0,86
02/26/2021,MHT,NH,ANE,EN,Towers with Radar,30,30,15,0,75,0,5,44,0,49,30,35,59,0,124,10,0,10,134
02/27/2021,MHT,NH,ANE,EN,Towers with Radar,24,11,7,0,42,0,1,0,0,1,24,12,7,0,43,0,0,0,43
02/28/2021,MHT,NH,ANE,EN,Towers with Radar,23,10,20,0,53,0,1,21,0,22,23,11,41,0,75,0,0,0,75
03/01/2021,MHT,NH,ANE,EN,Towers with Radar,25,32,7,0,64,0,0,2,0,2,25,32,9,0,66,0,0,0,66
03/02/2021,MHT,NH,ANE,EN,Towers with Radar,28,28,9,0,65,0,1,2,0,3,28,29,11,0,68,0,0,0,68
03/03/2021,MHT,NH,ANE,EN,Towers with Radar,28,36,10,0,74,0,2,25,2,29,28,38,35,2,103,10,0,10,113
03/04/2021,MHT,NH,ANE,EN,Towers with Radar,33,33,18,0,84,0,2,21,0,23,33,35,39,0,107,0,0,0,107
03/05/2021,MHT,NH,ANE,EN,Towers with Radar,32,33,5,0,70,0,5,16,0,21,32,38,21,0,91,12,0,12,103
03/06/2021,MHT,NH,ANE,EN,Towers with Radar,26,6,10,0,42,0,7,21,0,28,26,13,31,0,70,0,0,0,70
03/07/2021,MHT,NH,ANE,EN,Towers with Radar,29,7,16,1,53,0,5,34,1,40,29,12,50,2,93,0,0,0,93
03/08/2021,MHT,NH,ANE,EN,Towers with Radar,31,22,9,1,63,0,3,23,3,29,31,25,32,4,92,12,0,12,104
03/09/2021,MHT,NH,ANE,EN,Towers with Radar,32,26,19,2,79,0,5,34,0,39,32,31,53,2,118,0,0,0,118
03/10/2021,MHT,NH,ANE,EN,Towers with Radar,32,21,12,2,67,0,8,54,3,65,32,29,66,5,132,25,0,25,157
03/11/2021,MHT,NH,ANE,EN,Towers with Radar,35,33,14,0,82,0,11,31,1,43,35,44,45,1,125,26,0,26,151
03/12/2021,MHT,NH,ANE,EN,Towers with Radar,34,19,11,0,64,0,2,9,1,12,34,21,20,1,76,0,0,0,76
03/13/2021,MHT,NH,ANE,EN,Towers with Radar,24,10,3,0,37,0,2,8,0,10,24,12,11,0,47,2,0,2,49
03/14/2021,MHT,NH,ANE,EN,Towers with Radar,27,8,7,0,42,0,0,6,0,6,27,8,13,0,48,0,0,0,48
03/15/2021,MHT,NH,ANE,EN,Towers with Radar,26,16,9,0,51,0,0,19,0,19,26,16,28,0,70,16,0,16,86
03/16/2021,MHT,NH,ANE,EN,Towers with Radar,37,33,14,0,84,0,0,44,0,44,37,33,58,0,128,44,0,44,172
03/17/2021,MHT,NH,ANE,EN,Towers with Radar,36,27,19,0,82,0,5,42,0,47,36,32,61,0,129,48,0,48,177
03/18/2021,MHT,NH,ANE,EN,Towers with Radar,38,30,17,0,85,0,0,7,0,7,38,30,24,0,92,0,0,0,92
03/19/2021,MHT,NH,ANE,EN,Towers with Radar,34,22,10,0,66,0,7,4,0,11,34,29,14,0,77,0,0,0,77
03/20/2021,MHT,NH,ANE,EN,Towers with Radar,24,6,14,0,44,0,5,25,0,30,24,11,39,0,74,10,0,10,84
03/21/2021,MHT,NH,ANE,EN,Towers with Radar,29,7,18,0,54,0,4,30,0,34,29,11,48,0,88,4,0,4,92
03/22/2021,MHT,NH,ANE,EN,Towers with Radar,27,28,11,0,66,0,5,37,0,42,27,33,48,0,108,14,0,14,122
03/23/2021,MHT,NH,ANE,EN,Towers with Radar,34,30,15,0,79,0,5,34,0,39,34,35,49,0,118,0,0,0,118
03/24/2021,MHT,NH,ANE,EN,Towers with Radar,34,36,18,0,88,0,5,26,0,31,34,41,44,0,119,12,0,12,131
03/25/2021,MHT,NH,ANE,EN,Towers with Radar,34,30,29,0,93,0,0,9,0,9,34,30,38,0,102,20,0,20,122
03/26/2021,MHT,NH,ANE,EN,Towers with Radar,36,21,9,2,68,0,0,0,0,0,36,21,9,2,68,0,0,0,68
03/27/2021,MHT,NH,ANE,EN,Towers with Radar,23,7,20,0,50,0,10,45,0,55,23,17,65,0,105,24,0,24,129
03/28/2021,MHT,NH,ANE,EN,Towers with Radar,28,8,7,0,43,0,0,0,0,0,28,8,7,0,43,0,0,0,43
03/29/2021,MHT,NH,ANE,EN,Towers with Radar,30,24,4,0,58,0,1,0,0,1,30,25,4,0,59,0,0,0,59
03/30/2021,MHT,NH,ANE,EN,Towers with Radar,34,30,28,1,93,0,4,32,1,37,34,34,60,2,130,10,0,10,140
03/31/2021,MHT,NH,ANE,EN,Towers with Radar,34,27,23,0,84,0,0,29,0,29,34,27,52,0,113,0,0,0,113
04/01/2021,MHT,NH,ANE,EN,Towers with Radar,36,27,9,8,80,0,0,0,0,0,36,27,9,8,80,0,0,0,80
04/02/2021,MHT,NH,ANE,EN,Towers with Radar,33,23,22,7,85,0,6,40,1,47,33,29,62,8,132,30,0,30,162
04/03/2021,MHT,NH,ANE,EN,Towers with Radar,24,12,15,0,51,0,9,46,3,58,24,21,61,3,109,0,0,0,109
04/04/2021,MHT,NH,ANE,EN,Towers with Radar,27,10,3,0,40,0,5,15,0,20,27,15,18,0,60,4,0,4,64
04/05/2021,MHT,NH,ANE,EN,Towers with Radar,27,33,11,0,71,0,8,7,0,15,27,41,18,0,86,0,0,0,86
04/06/2021,MHT,NH,ANE,EN,Towers with Radar,36,43,19,0,98,0,8,28,2,38,36,51,47,2,136,4,0,4,140
04/07/2021,MHT,NH,ANE,EN,Towers with Radar,38,34,27,4,103,0,3,55,0,58,38,37,82,4,161,32,0,32,193
04/08/2021,MHT,NH,ANE,EN,Towers with Radar,36,32,20,0,88,0,7,27,1,35,36,39,47,1,123,48,0,48,171
04/09/2021,MHT,NH,ANE,EN,Towers with Radar,34,29,10,1,74,0,2,52,1,55,34,31,62,2,129,48,0,48,177
04/10/2021,MHT,NH,ANE,EN,Towers with Radar,24,16,16,0,56,0,5,38,0,43,24,21,54,0,99,16,0,16,115
04/11/2021,MHT,NH,ANE,EN,Towers with Radar,27,18,16,0,61,0,1,4,0,5,27,19,20,0,66,0,0,0,66
04/12/2021,MHT,NH,ANE,EN,Towers with Radar,29,19,34,0,82,0,0,0,0,0,29,19,34,0,82,0,0,0,82
04/13/2021,MHT,NH,ANE,EN,Towers with Radar,37,36,17,0,90,0,4,24,0,28,37,40,41,0,118,52,0,52,170
04/14/2021,MHT,NH,ANE,EN,Towers with Radar,38,38,13,0,89,0,3,30,0,33,38,41,43,0,122,0,0,0,122
04/15/2021,MHT,NH,ANE,EN,Towers with Radar,37,45,15,10,107,0,4,14,0,18,37,49,29,10,125,0,0,0,125
04/16/2021,MHT,NH,ANE,EN,Towers with Radar,36,24,4,0,64,0,0,0,0,0,36,24,4,0,64,0,0,0,64
04/17/2021,MHT,NH,ANE,EN,Towers with Radar,32,11,12,0,55,0,6,11,2,19,32,17,23,2,74,0,0,0,74
04/18/2021,MHT,NH,ANE,EN,Towers with Radar,29,6,13,0,48,0,3,23,0,26,29,9,36,0,74,0,0,0,74
04/19/2021,MHT,NH,ANE,EN,Towers with Radar,30,33,18,0,81,0,5,38,0,43,30,38,56,0,124,30,0,30,154
04/20/2021,MHT,NH,ANE,EN,Towers with Radar,38,34,16,0,88,0,3,18,0,21,38,37,34,0,109,14,0,14,123
04/21/2021,MHT,NH,ANE,EN,Towers with Radar,40,25,19,0,84,0,0,14,0,14,40,25,33,0,98,0,0,0,98
04/22/2021,MHT,NH,ANE,EN,Towers with Radar,37,31,6,1,75,0,0,1,0,1,37,31,7,1,76,0,0,0,76
04/23/2021,MHT,NH,ANE,EN,Towers with Radar,42,26,9,1,78,0,0,13,0,13,42,26,22,1,91,0,0,0,91
04/24/2021,MHT,NH,ANE,EN,Towers with Radar,30,9,19,0,58,0,5,40,0,45,30,14,59,0,103,30,0,30,133
04/25/2021,MHT,NH,ANE,EN,Towers with Radar,29,9,21,0,59,0,4,2,0,6,29,13,23,0,65,10,0,10,75
04/26/2021,MHT,NH,ANE,EN,Towers with Radar,27,19,5,0,51,0,12,5,3,20,27,31,10,3,71,0,0,0,71
04/27/2021,MHT,NH,ANE,EN,Towers with Radar,39,40,18,13,110,0,15,38,1,54,39,55,56,14,164,6,0,6,170
04/28/2021,MHT,NH,ANE,EN,Towers with Radar,38,34,18,8,98,0,3,11,0,14,38,37,29,8,112,12,0,12,124
04/29/2021,MHT,NH,ANE,EN,Towers with Radar,38,55,26,0,119,0,0,0,0,0,38,55,26,0,119,0,0,0,119
04/30/2021,MHT,NH,ANE,EN,Towers with Radar,34,31,13,0,78,0,0,3,0,3,34,31,16,0,81,0,0,0,81
05/01/2021,MHT,NH,ANE,EN,Towers with Radar,31,8,5,0,44,0,4,30,0,34,31,12,35,0,78,53,0,53,131
05/02/2021,MHT,NH,ANE,EN,Towers with Radar,28,11,18,0,57,0,3,48,0,51,28,14,66,0,108,87,0,87,195
05/03/2021,MHT,NH,ANE,EN,Towers with Radar,27,25,21,0,73,0,2,28,0,30,27,27,49,0,103,0,0,0,103
05/04/2021,MHT,NH,ANE,EN,Towers with Radar,37,34,35,0,106,0,1,10,2,13,37,35,45,2,119,6,0,6,125
05/05/2021,MHT,NH,ANE,EN,Towers with Radar,39,30,15,0,84,0,0,0,0,0,39,30,15,0,84,0,0,0,84
05/06/2021,MHT,NH,ANE,EN,Towers with Radar,37,31,12,0,80,0,3,15,0,18,37,34,27,0,98,0,0,0,98
05/07/2021,MHT,NH,ANE,EN,Towers with Radar,34,31,12,0,77,0,4,93,0,97,34,35,105,0,174,16,0,16,190
05/08/2021,MHT,NH,ANE,EN,Towers with Radar,28,18,19,0,65,0,4,34,0,38,28,22,53,0,103,0,0,0,103
05/09/2021,MHT,NH,ANE,EN,Towers with Radar,29,8,7,0,44,0,3,16,1,20,29,11,23,1,64,0,0,0,64
05/10/2021,MHT,NH,ANE,EN,Towers with Radar,29,22,22,4,77,0,1,37,0,38,29,23,59,4,115,0,0,0,115
05/11/2021,MHT,NH,ANE,EN,Towers with Radar,38,33,18,1,90,0,4,22,5,31,38,37,40,6,121,0,0,0,121
05/12/2021,MHT,NH,ANE,EN,Towers with Radar,36,34,22,1,93,0,7,31,3,41,36,41,53,4,134,0,0,0,134
05/13/2021,MHT,NH,ANE,EN,Towers with Radar,36,33,17,2,88,0,10,30,0,40,36,43,47,2,128,12,0,12,140
05/14/2021,MHT,NH,ANE,EN,Towers with Radar,37,29,20,2,88,0,12,41,0,53,37,41,61,2,141,52,0,52,193
05/15/2021,MHT,NH,ANE,EN,Towers with Radar,28,14,12,0,54,0,6,37,0,43,28,20,49,0,97,34,0,34,131
05/16/2021,MHT,NH,ANE,EN,Towers with Radar,29,10,14,0,53,0,10,20,4,34,29,20,34,4,87,10,0,10,97
05/17/2021,MHT,NH,ANE,EN,Towers with Radar,28,24,11,6,69,0,5,29,3,37,28,29,40,9,106,0,16,16,122
05/18/2021,MHT,NH,ANE,EN,Towers with Radar,37,35,15,2,89,0,6,41,1,48,37,41,56,3,137,34,0,34,171
05/19/2021,MHT,NH,ANE,EN,Towers with Radar,38,36,23,13,110,0,5,35,2,42,38,41,58,15,152,36,0,36,188
05/20/2021,MHT,NH,ANE,EN,Towers with Radar,36,35,18,7,96,0,5,25,3,33,36,40,43,10,129,0,0,0,129
05/21/2021,MHT,NH,ANE,EN,Towers with Radar,36,35,25,0,96,0,3,46,0,49,36,38,71,0,145,30,0,30,175
05/22/2021,MHT,NH,ANE,EN,Towers with Radar,28,29,12,0,69,0,12,30,0,42,28,41,42,0,111,20,0,20,131
05/23/2021,MHT,NH,ANE,EN,Towers with Radar,29,7,4,0,40,0,8,23,0,31,29,15,27,0,71,24,0,24,95
05/24/2021,MHT,NH,ANE,EN,Towers with Radar,27,24,13,3,67,0,2,34,5,41,27,26,47,8,108,0,0,0,108
05/25/2021,MHT,NH,ANE,EN,Towers with Radar,36,39,7,6,88,0,11,41,0,52,36,50,48,6,140,74,0,74,214
05/26/2021,MHT,NH,ANE,EN,Towers with Radar,37,34,24,4,99,0,7,44,0,51,37,41,68,4,150,28,0,28,178
05/27/2021,MHT,NH,ANE,EN,Towers with Radar,37,35,18,0,90,0,1,35,2,38,37,36,53,2,128,0,0,0,128
05/28/2021,MHT,NH,ANE,EN,Towers with Radar,32,25,17,0,74,0,8,36,0,44,32,33,53,0,118,34,0,34,152
05/29/2021,MHT,NH,ANE,EN,Towers with Radar,30,9,3,0,42,0,0,2,0,2,30,9,5,0,44,0,0,0,44
05/30/2021,MHT,NH,ANE,EN,Towers with Radar,22,5,5,0,32,0,0,0,0,0,22,5,5,0,32,0,0,0,32
05/31/2021,MHT,NH,ANE,EN,Towers with Radar,22,15,12,0,49,0,4,3,0,7,22,19,15,0,56,12,0,12,68
06/01/2021,MHT,NH,ANE,EN,Towers with Radar,28,28,15,4,75,0,5,46,0,51,28,33,61,4,126,46,0,46,172
06/02/2021,MHT,NH,ANE,EN,Towers with Radar,38,27,13,10,88,0,0,58,0,58,38,27,71,10,146,44,0,44,190
06/03/2021,MHT,NH,ANE,EN,Towers with Radar,41,36,31,6,114,0,1,24,0,25,41,37,55,6,139,42,0,42,181
06/04/2021,MHT,NH,ANE,EN,Towers with Radar,40,26,21,5,92,0,8,22,3,33,40,34,43,8,125,60,0,60,185
06/05/2021,MHT,NH,ANE,EN,Towers with Radar,37,14,8,0,59,0,7,40,0,47,37,21,48,0,106,56,0,56,162
06/06/2021,MHT,NH,ANE,EN,Towers with Radar,39,10,11,0,60,0,4,37,0,41,39,14,48,0,101,0,0,0,101
06/07/2021,MHT,NH,ANE,EN,Towers with Radar,34,20,24,0,78,0,15,42,0,57,34,35,66,0,135,36,0,36,171
06/08/2021,MHT,NH,ANE,EN,Towers with Radar,44,35,18,0,97,0,3,18,0,21,44,38,36,0,118,0,0,0,118
06/09/2021,MHT,NH,ANE,EN,Towers with Radar,44,30,20,0,94,0,3,52,5,60,44,33,72,5,154,12,0,12,166
06/10/2021,MHT,NH,ANE,EN,Towers with Radar,42,34,15,3,94,0,14,38,1,53,42,48,53,4,147,26,0,26,173
06/11/2021,MHT,NH,ANE,EN,Towers with Radar,43,30,32,0,105,0,7,62,0,69,43,37,94,0,174,88,0,88,262
06/12/2021,MHT,NH,ANE,EN,Towers with Radar,35,15,39,0,89,0,3,17,0,20,35,18,56,0,109,8,0,8,117
06/13/2021,MHT,NH,ANE,EN,Towers with Radar,39,14,14,0,67,0,11,33,0,44,39,25,47,0,111,0,0,0,111
06/14/2021,MHT,NH,ANE,EN,Towers with Radar,31,25,19,4,79,0,6,3,0,9,31,31,22,4,88,0,0,0,88
06/15/2021,MHT,NH,ANE,EN,Towers with Radar,43,39,23,7,112,0,0,6,0,6,43,39,29,7,118,14,0,14,132
06/16/2021,MHT,NH,ANE,EN,Towers with Radar,43,35,27,0,105,0,9,41,0,50,43,44,68,0,155,100,0,100,255
06/17/2021,MHT,NH,ANE,EN,Towers with Radar,44,35,27,0,106,0,11,48,0,59,44,46,75,0,165,46,0,46,211
06/18/2021,MHT,NH,ANE,EN,Towers with Radar,44,26,21,2,93,0,7,42,0,49,44,33,63,2,142,44,0,44,186
06/19/2021,MHT,NH,ANE,EN,Towers with Radar,36,16,18,0,70,0,6,38,0,44,36,22,56,0,114,0,0,0,114
06/20/2021,MHT,NH,ANE,EN,Towers with Radar,39,12,11,4,66,0,9,29,0,38,39,21,40,4,104,18,0,18,122
06/21/2021,MHT,NH,ANE,EN,Towers with Radar,33,24,15,0,72,0,14,23,1,38,33,38,38,1,110,54,0,54,164
06/22/2021,MHT,NH,ANE,EN,Towers with Radar,43,32,12,0,87,0,2,11,0,13,43,34,23,0,100,12,0,12,112
06/23/2021,MHT,NH,ANE,EN,Towers with Radar,43,40,13,0,96,0,7,66,0,73,43,47,79,0,169,54,0,54,223
06/24/2021,MHT,NH,ANE,EN,Towers with Radar,42,34,13,8,97,0,7,55,0,62,42,41,68,8,159,23,0,23,182
06/25/2021,MHT,NH,ANE,EN,Towers with Radar,44,33,26,2,105,0,0,5,0,5,44,33,31,2,110,0,0,0,110
06/26/2021,MHT,NH,ANE,EN,Towers with Radar,32,26,10,2,70,0,4,18,0,22,32,30,28,2,92,22,0,22,114
06/27/2021,MHT,NH,ANE,EN,Towers with Radar,36,14,16,0,66,0,7,24,0,31,36,21,40,0,97,0,0,0,97
06/28/2021,MHT,NH,ANE,EN,Towers with Radar,35,26,13,0,74,0,9,31,2,42,35,35,44,2,116,26,0,26,142
06/29/2021,MHT,NH,ANE,EN,Towers with Radar,45,37,19,3,104,0,3,42,2,47,45,40,61,5,151,38,0,38,189
06/30/2021,MHT,NH,ANE,EN,Towers with Radar,39,41,13,0,93,0,2,24,0,26,39,43,37,0,119,12,0,12,131
07/01/2021,MHT,NH,ANE,EN,Towers with Radar,39,42,14,1,96,0,9,23,0,32,39,51,37,1,128,48,0,48,176
07/02/2021,MHT,NH,ANE,EN,Towers with Radar,42,30,17,0,89,0,0,0,0,0,42,30,17,0,89,0,0,0,89
07/03/2021,MHT,NH,ANE,EN,Towers with Radar,36,20,7,0,63,0,0,0,0,0,36,20,7,0,63,0,0,0,63
07/04/2021,MHT,NH,ANE,EN,Towers with Radar,27,12,8,0,47,0,5,0,0,5,27,17,8,0,52,0,0,0,52
07/05/2021,MHT,NH,ANE,EN,Towers with Radar,29,22,9,0,60,0,0,25,0,25,29,22,34,0,85,30,0,30,115
07/06/2021,MHT,NH,ANE,EN,Towers with Radar,33,42,16,0,91,0,0,24,0,24,33,42,40,0,115,54,0,54,169
07/07/2021,MHT,NH,ANE,EN,Towers with Radar,44,36,17,2,99,0,5,41,0,46,44,41,58,2,145,36,0,36,181
07/08/2021,MHT,NH,ANE,EN,Towers with Radar,44,44,12,0,100,0,1,12,0,13,44,45,24,0,113,18,0,18,131
07/09/2021,MHT,NH,ANE,EN,Towers with Radar,41,30,8,0,79,0,4,3,0,7,41,34,11,0,86,0,0,0,86
07/10/2021,MHT,NH,ANE,EN,Towers with Radar,33,22,10,0,65,0,8,23,1,32,33,30,33,1,97,6,0,6,103
07/11/2021,MHT,NH,ANE,EN,Towers with Radar,45,14,10,0,69,0,9,21,0,30,45,23,31,0,99,20,0,20,119
07/12/2021,MHT,NH,ANE,EN,Towers with Radar,37,30,15,4,86,0,0,5,0,5,37,30,20,4,91,0,0,0,91
07/13/2021,MHT,NH,ANE,EN,Towers with Radar,43,43,29,13,128,0,0,3,0,3,43,43,32,13,131,0,0,0,131
07/14/2021,MHT,NH,ANE,EN,Towers with Radar,46,38,27,0,111,0,0,5,0,5,46,38,32,0,116,4,0,4,120
07/15/2021,MHT,NH,ANE,EN,Towers with Radar,46,40,33,2,121,0,7,46,0,53,46,47,79,2,174,92,0,92,266
07/16/2021,MHT,NH,ANE,EN,Towers with Radar,43,32,24,0,99,0,3,41,0,44,43,35,65,0,143,76,0,76,219
07/17/2021,MHT,NH,ANE,EN,Towers with Radar,36,12,34,0,82,0,0,5,0,5,36,12,39,0,87,44,0,44,131
07/18/2021,MHT,NH,ANE,EN,Towers with Radar,39,14,34,0,87,0,0,0,0,0,39,14,34,0,87,0,0,0,87
07/19/2021,MHT,NH,ANE,EN,Towers with Radar,34,33,18,0,85,0,4,11,0,15,34,37,29,0,100,24,0,24,124
07/20/2021,MHT,NH,ANE,EN,Towers with Radar,45,52,20,8,125,0,2,30,0,32,45,54,50,8,157,14,0,14,171
07/21/2021,MHT,NH,ANE,EN,Towers with Radar,44,35,25,4,108,0,0,24,10,34,44,35,49,14,142,46,10,56,198
07/22/2021,MHT,NH,ANE,EN,Towers with Radar,44,36,24,3,107,0,4,62,1,67,44,40,86,4,174,48,0,48,222
07/23/2021,MHT,NH,ANE,EN,Towers with Radar,41,31,8,2,82,0,5,30,2,37,41,36,38,4,119,60,0,60,179
07/24/2021,MHT,NH,ANE,EN,Towers with Radar,35,27,7,0,69,0,11,22,1,34,35,38,29,1,103,30,0,30,133
07/25/2021,MHT,NH,ANE,EN,Towers with Radar,37,18,20,0,75,0,5,4,0,9,37,23,24,0,84,16,0,16,100
07/26/2021,MHT,NH,ANE,EN,Towers with Radar,32,28,30,8,98,0,1,27,0,28,32,29,57,8,126,62,0,62,188
07/27/2021,MHT,NH,ANE,EN,Towers with Radar,47,53,30,0,130,0,8,32,0,40,47,61,62,0,170,8,0,8,178
07/28/2021,MHT,NH,ANE,EN,Towers with Radar,45,58,13,1,117,0,7,29,0,36,45,65,42,1,153,46,0,46,199
07/29/2021,MHT,NH,ANE,EN,Towers with Radar,42,49,18,0,109,0,0,15,0,15,42,49,33,0,124,0,0,0,124
07/30/2021,MHT,NH,ANE,EN,Towers with Radar,41,34,14,0,89,0,6,30,0,36,41,40,44,0,125,40,0,40,165
07/31/2021,MHT,NH,ANE,EN,Towers with Radar,35,20,11,0,66,0,12,43,1,56,35,32,54,1,122,34,0,34,156
08/01/2021,MHT,NH,ANE,EN,Towers with Radar,36,16,15,0,67,0,2,32,0,34,36,18,47,0,101,24,0,24,125
08/02/2021,MHT,NH,ANE,EN,Towers with Radar,36,29,10,0,75,0,10,38,0,48,36,39,48,0,123,30,0,30,153
08/03/2021,MHT,NH,ANE,EN,Towers with Radar,44,41,12,1,98,0,6,54,2,62,44,47,66,3,160,74,0,74,234
08/04/2021,MHT,NH,ANE,EN,Towers with Radar,46,36,28,10,120,0,1,63,2,66,46,37,91,12,186,0,0,0,186
08/05/2021,MHT,NH,ANE,EN,Towers with Radar,52,41,29,0,122,7,0,5,0,12,59,41,34,0,134,12,0,12,146
08/06/2021,MHT,NH,ANE,EN,Towers with Radar,44,31,11,0,86,0,2,40,0,42,44,33,51,0,128,26,0,26,154
08/07/2021,MHT,NH,ANE,EN,Towers with Radar,34,19,9,0,62,0,7,31,1,39,34,26,40,1,101,40,0,40,141
08/08/2021,MHT,NH,ANE,EN,Towers with Radar,39,16,16,0,71,0,3,27,0,30,39,19,43,0,101,28,0,28,129
08/09/2021,MHT,NH,ANE,EN,Towers with Radar,35,26,22,1,84,0,9,22,0,31,35,35,44,1,115,48,0,48,163
08/10/2021,MHT,NH,ANE,EN,Towers with Radar,45,48,27,2,122,0,3,6,0,9,45,51,33,2,131,0,0,0,131
08/11/2021,MHT,NH,ANE,EN,Towers with Radar,47,38,16,2,103,0,7,49,2,58,47,45,65,4,161,26,0,26,187
08/12/2021,MHT,NH,ANE,EN,Towers with Radar,46,40,18,3,107,0,4,46,2,52,46,44,64,5,159,48,0,48,207
08/13/2021,MHT,NH,ANE,EN,Towers with Radar,44,29,10,1,84,0,1,34,0,35,44,30,44,1,119,50,0,50,169
08/14/2021,MHT,NH,ANE,EN,Towers with Radar,33,15,15,0,63,0,8,102,0,110,33,23,117,0,173,62,0,62,235
08/15/2021,MHT,NH,ANE,EN,Towers with Radar,38,12,15,0,65,0,8,49,0,57,38,20,64,0,122,16,0,16,138
08/16/2021,MHT,NH,ANE,EN,Towers with Radar,38,34,19,0,91,0,7,68,0,75,38,41,87,0,166,38,0,38,204
08/17/2021,MHT,NH,ANE,EN,Towers with Radar,50,46,20,8,124,0,10,45,0,55,50,56,65,8,179,20,8,28,207
08/18/2021,MHT,NH,ANE,EN,Towers with Radar,50,49,12,1,112,0,7,35,4,46,50,56,47,5,158,28,0,28,186
08/19/2021,MHT,NH,ANE,EN,Towers with Radar,52,50,10,0,112,0,0,1,0,1,52,50,11,0,113,0,0,0,113
08/20/2021,MHT,NH,ANE,EN,Towers with Radar,46,42,26,2,116,0,7,22,0,29,46,49,48,2,145,32,0,32,177
08/21/2021,MHT,NH,ANE,EN,Towers with Radar,40,22,14,1,77,0,0,24,0,24,40,22,38,1,101,36,0,36,137
08/22/2021,MHT,NH,ANE,EN,Towers with Radar,40,5,3,0,48,0,0,0,0,0,40,5,3,0,48,0,0,0,48
08/23/2021,MHT,NH,ANE,EN,Towers with Radar,38,25,6,0,69,0,0,1,0,1,38,25,7,0,70,0,0,0,70
08/24/2021,MHT,NH,ANE,EN,Towers with Radar,47,41,20,0,108,0,10,33,0,43,47,51,53,0,151,28,0,28,179
08/25/2021,MHT,NH,ANE,EN,Towers with Radar,49,32,22,0,103,0,4,40,0,44,49,36,62,0,147,50,0,50,197
08/26/2021,MHT,NH,ANE,EN,Towers with Radar,52,37,14,0,103,0,7,65,0,72,52,44,79,0,175,20,0,20,195
08/27/2021,MHT,NH,ANE,EN,Towers with Radar,48,31,24,0,103,0,9,44,0,53,48,40,68,0,156,54,0,54,210
08/28/2021,MHT,NH,ANE,EN,Towers with Radar,39,21,11,0,71,0,11,18,0,29,39,32,29,0,100,12,0,12,112
08/29/2021,MHT,NH,ANE,EN,Towers with Radar,40,19,18,0,77,0,2,8,0,10,40,21,26,0,87,0,0,0,87
08/30/2021,MHT,NH,ANE,EN,Towers with Radar,34,27,18,2,81,0,3,14,0,17,34,30,32,2,98,32,0,32,130
08/31/2021,MHT,NH,ANE,EN,Towers with Radar,52,40,18,0,110,0,6,53,1,60,52,46,71,1,170,44,0,44,214
09/01/2021,MHT,NH,ANE,EN,Towers with Radar,47,31,28,0,106,0,0,36,0,36,47,31,64,0,142,6,0,6,148
09/02/2021,MHT,NH,ANE,EN,Towers with Radar,49,37,5,0,91,0,0,14,0,14,49,37,19,0,105,8,0,8,113
09/03/2021,MHT,NH,ANE,EN,Towers with Radar,48,27,7,0,82,0,7,49,0,56,48,34,56,0,138,10,0,10,148
09/04/2021,MHT,NH,ANE,EN,Towers with Radar,38,24,9,0,71,0,17,24,1,42,38,41,33,1,113,22,0,22,135
09/05/2021,MHT,NH,ANE,EN,Towers with Radar,33,15,6,0,54,0,3,8,0,11,33,18,14,0,65,22,0,22,87
09/06/2021,MHT,NH,ANE,EN,Towers with Radar,29,20,21,0,70,0,8,24,4,36,29,28,45,4,106,0,0,0,106
09/07/2021,MHT,NH,ANE,EN,Towers with Radar,30,41,19,0,90,0,6,31,0,37,30,47,50,0,127,40,0,40,167
09/08/2021,MHT,NH,ANE,EN,Towers with Radar,43,33,9,0,85,0,6,26,2,34,43,39,35,2,119,0,0,0,119
09/09/2021,MHT,NH,ANE,EN,Towers with Radar,48,37,10,0,95,0,0,0,0,0,48,37,10,0,95,0,0,0,95
09/10/2021,MHT,NH,ANE,EN,Towers with Radar,47,36,19,0,102,0,4,37,0,41,47,40,56,0,143,24,0,24,167
09/11/2021,MHT,NH,ANE,EN,Towers with Radar,36,21,8,0,65,0,8,27,0,35,36,29,35,0,100,12,0,12,112
09/12/2021,MHT,NH,ANE,EN,Towers with Radar,36,15,8,0,59,0,12,21,0,33,36,27,29,0,92,0,0,0,92
09/13/2021,MHT,NH,ANE,EN,Towers with Radar,35,27,9,5,76,0,7,25,1,33,35,34,34,6,109,18,10,28,137
09/14/2021,MHT,NH,ANE,EN,Towers with Radar,42,36,14,0,92,0,6,52,0,58,42,42,66,0,150,32,0,32,182
09/15/2021,MHT,NH,ANE,EN,Towers with Radar,41,37,12,0,90,0,2,1,0,3,41,39,13,0,93,0,0,0,93
09/16/2021,MHT,NH,ANE,EN,Towers with Radar,47,40,23,2,112,0,0,15,0,15,47,40,38,2,127,4,0,4,131
09/17/2021,MHT,NH,ANE,EN,Towers with Radar,47,28,25,0,100,0,0,1,0,1,47,28,26,0,101,0,0,0,101
09/18/2021,MHT,NH,ANE,EN,Towers with Radar,37,15,15,0,67,0,3,13,0,16,37,18,28,0,83,16,0,16,99
09/19/2021,MHT,NH,ANE,EN,Towers with Radar,37,18,15,0,70,0,15,50,4,69,37,33,65,4,139,30,0,30,169
09/20/2021,MHT,NH,ANE,EN,Towers with Radar,36,32,5,4,77,0,11,51,0,62,36,43,56,4,139,20,0,20,159
09/21/2021,MHT,NH,ANE,EN,Towers with Radar,39,41,16,4,100,0,5,29,0,34,39,46,45,4,134,52,0,52,186
09/22/2021,MHT,NH,ANE,EN,Towers with Radar,41,38,16,2,97,0,0,3,0,3,41,38,19,2,100,0,0,0,100
09/23/2021,MHT,NH,ANE,EN,Towers with Radar,45,42,12,0,99,0,3,5,0,8,45,45,17,0,107,8,0,8,115
09/24/2021,MHT,NH,ANE,EN,Towers with Radar,46,36,9,0,91,0,2,0,0,2,46,38,9,0,93,0,0,0,93
09/25/2021,MHT,NH,ANE,EN,Towers with Radar,36,30,9,0,75,0,5,22,0,27,36,35,31,0,102,12,0,12,114
09/26/2021,MHT,NH,ANE,EN,Towers with Radar,36,16,16,1,69,0,4,31,1,36,36,20,47,2,105,24,0,24,129
09/27/2021,MHT,NH,ANE,EN,Towers with Radar,37,31,15,1,84,0,4,42,1,47,37,35,57,2,131,34,0,34,165
09/28/2021,MHT,NH,ANE,EN,Towers with Radar,39,46,12,2,99,0,3,19,4,26,39,49,31,6,125,22,2,24,149
09/29/2021,MHT,NH,ANE,EN,Towers with Radar,38,44,32,2,116,0,4,72,2,78,38,48,104,4,194,60,0,60,254
09/30/2021,MHT,NH,ANE,EN,Towers with Radar,51,46,22,0,119,0,8,39,0,47,51,54,61,0,166,12,0,12,178
10/01/2021,MHT,NH,ANE,EN,Towers with Radar,47,29,23,4,103,0,8,52,0,60,47,37,75,4,163,8,0,8,171
10/02/2021,MHT,NH,ANE,EN,Towers with Radar,36,17,9,0,62,0,5,24,0,29,36,22,33,0,91,8,0,8,99
10/03/2021,MHT,NH,ANE,EN,Towers with Radar,35,14,19,0,68,0,0,2,0,2,35,14,21,0,70,0,0,0,70
10/04/2021,MHT,NH,ANE,EN,Towers with Radar,36,23,24,5,88,0,0,0,0,0,36,23,24,5,88,0,0,0,88
10/05/2021,MHT,NH,ANE,EN,Towers with Radar,44,44,13,0,101,0,4,21,0,25,44,48,34,0,126,52,0,52,178
10/06/2021,MHT,NH,ANE,EN,Towers with Radar,44,36,29,8,117,0,0,52,0,52,44,36,81,8,169,37,2,39,208
10/07/2021,MHT,NH,ANE,EN,Towers with Radar,54,47,22,1,124,0,6,35,4,45,54,53,57,5,169,0,0,0,169
10/08/2021,MHT,NH,ANE,EN,Towers with Radar,54,43,21,1,119,0,5,64,1,70,54,48,85,2,189,10,0,10,199
10/09/2021,MHT,NH,ANE,EN,Towers with Radar,40,21,20,0,81,0,10,11,0,21,40,31,31,0,102,0,0,0,102
10/10/2021,MHT,NH,ANE,EN,Towers with Radar,40,14,25,0,79,0,5,5,0,10,40,19,30,0,89,10,0,10,99
10/11/2021,MHT,NH,ANE,EN,Towers with Radar,45,29,23,0,97,0,3,24,0,27,45,32,47,0,124,0,0,0,124
10/12/2021,MHT,NH,ANE,EN,Towers with Radar,55,56,19,12,142,0,0,43,0,43,55,56,62,12,185,24,0,24,209
10/13/2021,MHT,NH,ANE,EN,Towers with Radar,54,44,20,10,128,0,5,35,0,40,54,49,55,10,168,16,0,16,184
10/14/2021,MHT,NH,ANE,EN,Towers with Radar,59,45,16,0,120,0,9,44,0,53,59,54,60,0,173,46,0,46,219
10/15/2021,MHT,NH,ANE,EN,Towers with Radar,53,42,29,0,124,0,0,9,0,9,53,42,38,0,133,4,0,4,137
10/16/2021,MHT,NH,ANE,EN,Towers with Radar,47,19,9,2,77,0,1,11,0,12,47,20,20,2,89,0,0,0,89
10/17/2021,MHT,NH,ANE,EN,Towers with Radar,48,21,20,0,89,0,7,38,0,45,48,28,58,0,134,40,0,40,174
10/18/2021,MHT,NH,ANE,EN,Towers with Radar,46,37,12,0,95,0,11,13,0,24,46,48,25,0,119,20,0,20,139
10/19/2021,MHT,NH,ANE,EN,Towers with Radar,52,45,9,4,110,0,7,23,0,30,52,52,32,4,140,22,0,22,162
10/20/2021,MHT,NH,ANE,EN,Towers with Radar,56,34,19,0,109,0,6,31,2,39,56,40,50,2,148,24,0,24,172
10/21/2021,MHT,NH,ANE,EN,Towers with Radar,55,34,25,0,114,0,6,49,0,55,55,40,74,0,169,22,0,22,191
10/22/2021,MHT,NH,ANE,EN,Towers with Radar,54,32,20,0,106,0,6,40,0,46,54,38,60,0,152,18,0,18,170
10/23/2021,MHT,NH,ANE,EN,Towers with Radar,45,17,23,0,85,0,11,29,0,40,45,28,52,0,125,38,0,38,163
10/24/2021,MHT,NH,ANE,EN,Towers with Radar,46,11,18,0,75,0,10,26,0,36,46,21,44,0,111,12,0,12,123
10/25/2021,MHT,NH,ANE,EN,Towers with Radar,43,29,15,0,87,0,0,0,0,0,43,29,15,0,87,0,0,0,87
10/26/2021,MHT,NH,ANE,EN,Towers with Radar,54,41,6,0,101,0,0,0,0,0,54,41,6,0,101,0,0,0,101
10/27/2021,MHT,NH,ANE,EN,Towers with Radar,54,45,6,0,105,0,0,2,0,2,54,45,8,0,107,6,0,6,113
10/28/2021,MHT,NH,ANE,EN,Towers with Radar,54,41,18,0,113,0,7,34,0,41,54,48,52,0,154,46,0,46,200
10/29/2021,MHT,NH,ANE,EN,Towers with Radar,54,25,21,0,100,0,2,24,0,26,54,27,45,0,126,20,0,20,146
10/30/2021,MHT,NH,ANE,EN,Towers with Radar,42,21,8,0,71,0,0,0,0,0,42,21,8,0,71,0,0,0,71
10/31/2021,MHT,NH,ANE,EN,Towers with Radar,38,12,21,0,71,0,6,9,0,15,38,18,30,0,86,0,0,0,86
11/01/2021,MHT,NH,ANE,EN,Towers with Radar,43,24,10,0,77,0,7,30,8,45,43,31,40,8,122,6,0,6,128
11/02/2021,MHT,NH,ANE,EN,Towers with Radar,49,34,12,15,110,0,9,33,8,50,49,43,45,23,160,28,0,28,188
11/03/2021,MHT,NH,ANE,EN,Towers with Radar,51,37,12,0,100,0,6,34,2,42,51,43,46,2,142,14,0,14,156
11/04/2021,MHT,NH,ANE,EN,Towers with Radar,52,35,8,8,103,0,7,28,0,35,52,42,36,8,138,12,0,12,150
11/05/2021,MHT,NH,ANE,EN,Towers with Radar,48,32,23,0,103,0,11,44,1,56,48,43,67,1,159,14,0,14,173
11/06/2021,MHT,NH,ANE,EN,Towers with Radar,39,15,2,0,56,0,9,29,2,40,39,24,31,2,96,22,12,34,130
11/07/2021,MHT,NH,ANE,EN,Towers with Radar,40,7,21,0,68,0,0,29,0,29,40,7,50,0,97,20,0,20,117
11/08/2021,MHT,NH,ANE,EN,Towers with Radar,38,28,22,0,88,0,7,26,2,35,38,35,48,2,123,18,0,18,141
11/09/2021,MHT,NH,ANE,EN,Towers with Radar,49,50,17,0,116,0,0,36,0,36,49,50,53,0,152,10,0,10,162
11/10/2021,MHT,NH,ANE,EN,Towers with Radar,50,44,17,0,111,0,8,24,3,35,50,52,41,3,146,56,0,56,202
11/11/2021,MHT,NH,ANE,EN,Towers with Radar,52,37,23,0,112,0,5,46,0,51,52,42,69,0,163,26,0,26,189
11/12/2021,MHT,NH,ANE,EN,Towers with Radar,47,30,11,0,88,0,1,0,0,1,47,31,11,0,89,4,0,4,93
11/13/2021,MHT,NH,ANE,EN,Towers with Radar,32,10,8,0,50,0,0,22,0,22,32,10,30,0,72,42,0,42,114
11/14/2021,MHT,NH,ANE,EN,Towers with Radar,42,6,9,3,60,0,7,10,3,20,42,13,19,6,80,8,0,8,88
11/15/2021,MHT,NH,ANE,EN,Towers with Radar,37,40,9,2,88,0,11,23,0,34,37,51,32,2,122,18,0,18,140
11/16/2021,MHT,NH,ANE,EN,Towers with Radar,52,29,5,5,91,0,4,12,2,18,52,33,17,7,109,2,0,2,111
11/17/2021,MHT,NH,ANE,EN,Towers with Radar,51,41,27,2,121,0,10,52,3,65,51,51,79,5,186,0,0,0,186
11/18/2021,MHT,NH,ANE,EN,Towers with Radar,55,46,21,0,122,0,8,24,0,32,55,54,45,0,154,16,0,16,170
11/19/2021,MHT,NH,ANE,EN,Towers with Radar,49,33,18,0,100,0,2,18,0,20,49,35,36,0,120,0,0,0,120
11/20/2021,MHT,NH,ANE,EN,Towers with Radar,40,10,15,0,65,0,2,55,0,57,40,12,70,0,122,64,0,64,186
11/21/2021,MHT,NH,ANE,EN,Towers with Radar,49,6,10,0,65,0,7,17,0,24,49,13,27,0,89,0,0,0,89
11/22/2021,MHT,NH,ANE,EN,Towers with Radar,48,28,21,1,98,0,4,9,0,13,48,32,30,1,111,6,0,6,117
11/23/2021,MHT,NH,ANE,EN,Towers with Radar,59,48,14,2,123,0,6,40,1,47,59,54,54,3,170,30,0,30,200
11/24/2021,MHT,NH,ANE,EN,Towers with Radar,60,43,16,0,119,0,7,38,0,45,60,50,54,0,164,6,0,6,170
11/25/2021,MHT,NH,ANE,EN,Towers with Radar,29,4,3,0,36,0,1,2,0,3,29,5,5,0,39,0,0,0,39
11/26/2021,MHT,NH,ANE,EN,Towers with Radar,47,20,4,0,71,0,4,3,0,7,47,24,7,0,78,0,0,0,78
11/27/2021,MHT,NH,ANE,EN,Towers with Radar,44,18,7,0,69,0,6,1,0,7,44,24,8,0,76,0,0,0,76
11/28/2021,MHT,NH,ANE,EN,Towers with Radar,43,14,13,0,70,0,6,25,0,31,43,20,38,0,101,0,0,0,101
11/29/2021,MHT,NH,ANE,EN,Towers with Radar,45,27,17,2,91,0,9,27,0,36,45,36,44,2,127,0,0,0,127
11/30/2021,MHT,NH,ANE,EN,Towers with Radar,63,36,13,0,112,0,2,27,0,29,63,38,40,0,141,8,0,8,149
12/01/2021,MHT,NH,ANE,EN,Towers with Radar,59,34,13,2,108,0,9,28,0,37,59,43,41,2,145,56,0,56,201
12/02/2021,MHT,NH,ANE,EN,Towers with Radar,60,37,7,1,105,0,1,1,1,3,60,38,8,2,108,0,0,0,108
12/03/2021,MHT,NH,ANE,EN,Towers with Radar,51,30,5,0,86,0,5,16,0,21,51,35,21,0,107,0,0,0,107
12/04/2021,MHT,NH,ANE,EN,Towers with Radar,35,17,19,0,71,0,4,44,0,48,35,21,63,0,119,16,0,16,135
12/05/2021,MHT,NH,ANE,EN,Towers with Radar,45,10,19,0,74,0,4,35,0,39,45,14,54,0,113,0,0,0,113
12/06/2021,MHT,NH,ANE,EN,Towers with Radar,43,29,9,0,81,0,0,0,0,0,43,29,9,0,81,0,0,0,81
12/07/2021,MHT,NH,ANE,EN,Towers with Radar,58,45,16,0,119,0,4,26,0,30,58,49,42,0,149,30,0,30,179
12/08/2021,MHT,NH,ANE,EN,Towers with Radar,56,38,19,0,113,0,1,5,0,6,56,39,24,0,119,26,0,26,145
12/09/2021,MHT,NH,ANE,EN,Towers with Radar,57,40,7,0,104,0,4,27,0,31,57,44,34,0,135,10,0,10,145
12/10/2021,MHT,NH,ANE,EN,Towers with Radar,50,37,22,0,109,0,3,16,0,19,50,40,38,0,128,52,0,52,180
12/11/2021,MHT,NH,ANE,EN,Towers with Radar,44,20,1,2,67,0,0,0,0,0,44,20,1,2,67,0,0,0,67
12/12/2021,MHT,NH,ANE,EN,Towers with Radar,43,16,10,0,69,0,2,16,0,18,43,18,26,0,87,2,0,2,89
12/13/2021,MHT,NH,ANE,EN,Towers with Radar,42,25,24,0,91,0,4,37,1,42,42,29,61,1,133,2,0,2,135
12/14/2021,MHT,NH,ANE,EN,Towers with Radar,55,40,26,1,122,0,7,54,0,61,55,47,80,1,183,0,0,0,183
12/15/2021,MHT,NH,ANE,EN,Towers with Radar,56,38,24,1,119,0,8,50,0,58,56,46,74,1,177,6,0,6,183
12/16/2021,MHT,NH,ANE,EN,Towers with Radar,64,44,20,0,128,0,5,7,0,12,64,49,27,0,140,4,0,4,144
12/17/2021,MHT,NH,ANE,EN,Towers with Radar,57,41,18,0,116,0,7,16,2,25,57,48,34,2,141,6,0,6,147
12/18/2021,MHT,NH,ANE,EN,Towers with Radar,55,25,12,0,92,0,1,4,0,5,55,26,16,0,97,0,0,0,97
12/19/2021,MHT,NH,ANE,EN,Towers with Radar,45,12,7,0,64,0,2,2,0,4,45,14,9,0,68,0,0,0,68
12/20/2021,MHT,NH,ANE,EN,Towers with Radar,47,28,10,0,85,0,7,24,0,31,47,35,34,0,116,0,0,0,116
12/21/2021,MHT,NH,ANE,EN,Towers with Radar,57,37,14,0,108,0,9,40,0,49,57,46,54,0,157,18,0,18,175
12/22/2021,MHT,NH,ANE,EN,Towers with Radar,58,40,8,0,106,0,2,7,0,9,58,42,15,0,115,0,0,0,115
12/23/2021,MHT,NH,ANE,EN,Towers with Radar,56,35,13,0,104,0,6,17,0,23,56,41,30,0,127,0,0,0,127
12/24/2021,MHT,NH,ANE,EN,Towers with Radar,46,21,4,0,71,0,4,0,0,4,46,25,4,0,75,0,0,0,75
12/25/2021,MHT,NH,ANE,EN,Towers with Radar,30,9,4,0,43,0,0,0,0,0,30,9,4,0,43,0,0,0,43
12/26/2021,MHT,NH,ANE,EN,Towers with Radar,37,17,6,0,60,0,0,0,0,0,37,17,6,0,60,0,0,0,60
12/27/2021,MHT,NH,ANE,EN,Towers with Radar,41,31,13,0,85,0,3,21,0,24,41,34,34,0,109,34,0,34,143
12/28/2021,MHT,NH,ANE,EN,Towers with Radar,58,44,16,5,123,0,5,5,1,11,58,49,21,6,134,0,0,0,134
12/29/2021,MHT,NH,ANE,EN,Towers with Radar,51,43,17,0,111,0,0,23,0,23,51,43,40,0,134,26,0,26,160
12/30/2021,MHT,NH,ANE,EN,Towers with Radar,52,44,4,0,100,0,0,0,0,0,52,44,4,0,100,0,0,0,100
12/31/2021,MHT,NH,ANE,EN,Towers with Radar,45,33,0,0,78,0,0,0,0,0,45,33,0,0,78,0,0,0,78
01/01/2022,MHT,NH,ANE,EN,Towers with Radar,28,8,3,0,39,0,0,0,0,0,28,8,3,0,39,0,0,0,39
01/02/2022,MHT,NH,ANE,EN,Towers with Radar,33,16,1,0,50,0,0,0,0,0,33,16,1,0,50,0,0,0,50
01/03/2022,MHT,NH,ANE,EN,Towers with Radar,37,19,17,0,73,0,5,32,0,37,37,24,49,0,110,24,0,24,134
01/04/2022,MHT,NH,ANE,EN,Towers with Radar,44,35,23,0,102,0,12,73,0,85,44,47,96,0,187,10,0,10,197
01/05/2022,MHT,NH,ANE,EN,Towers with Radar,41,31,10,0,82,0,2,0,0,2,41,33,10,0,84,0,0,0,84
01/06/2022,MHT,NH,ANE,EN,Towers with Radar,48,32,11,2,93,0,5,30,1,36,48,37,41,3,129,26,0,26,155
01/07/2022,MHT,NH,ANE,EN,Towers with Radar,48,20,7,4,79,0,3,0,0,3,48,23,7,4,82,0,0,0,82
01/08/2022,MHT,NH,ANE,EN,Towers with Radar,35,13,17,0,65,0,1,18,0,19,35,14,35,0,84,0,0,0,84
01/09/2022,MHT,NH,ANE,EN,Towers with Radar,46,6,9,0,61,0,1,0,0,1,46,7,9,0,62,0,0,0,62
01/10/2022,MHT,NH,ANE,EN,Towers with Radar,38,13,12,1,64,0,12,15,0,27,38,25,27,1,91,0,0,0,91
01/11/2022,MHT,NH,ANE,EN,Towers with Radar,53,36,17,0,106,0,10,9,0,19,53,46,26,0,125,0,0,0,125
01/12/2022,MHT,NH,ANE,EN,Towers with Radar,53,28,18,0,99,0,10,26,0,36,53,38,44,0,135,16,0,16,151
01/13/2022,MHT,NH,ANE,EN,Towers with Radar,50,28,29,0,107,0,6,42,1,49,50,34,71,1,156,32,0,32,188
01/14/2022,MHT,NH,ANE,EN,Towers with Radar,51,20,13,0,84,0,7,13,0,20,51,27,26,0,104,10,0,10,114
01/15/2022,MHT,NH,ANE,EN,Towers with Radar,34,7,4,0,45,0,5,2,0,7,34,12,6,0,52,0,0,0,52
01/16/2022,MHT,NH,ANE,EN,Towers with Radar,29,10,6,0,45,0,8,19,0,27,29,18,25,0,72,28,0,28,100
01/17/2022,MHT,NH,ANE,EN,Towers with Radar,29,16,5,0,50,0,2,3,0,5,29,18,8,0,55,0,0,0,55
01/18/2022,MHT,NH,ANE,EN,Towers with Radar,54,34,12,1,101,0,1,5,3,9,54,35,17,4,110,0,0,0,110
01/19/2022,MHT,NH,ANE,EN,Towers with Radar,46,27,11,0,84,0,7,20,0,27,46,34,31,0,111,22,0,22,133
01/20/2022,MHT,NH,ANE,EN,Towers with Radar,51,28,17,0,96,0,5,19,1,25,51,33,36,1,121,0,0,0,121
01/21/2022,MHT,NH,ANE,EN,Towers with Radar,50,21,17,8,96,0,9,29,2,40,50,30,46,10,136,20,0,20,156
01/22/2022,MHT,NH,ANE,EN,Towers with Radar,31,9,3,0,43,0,6,32,0,38,31,15,35,0,81,44,0,44,125
01/23/2022,MHT,NH,ANE,EN,Towers with Radar,41,8,15,0,64,0,6,24,0,30,41,14,39,0,94,24,0,24,118
01/24/2022,MHT,NH,ANE,EN,Towers with Radar,40,17,17,1,75,0,11,22,0,33,40,28,39,1,108,2,0,2,110
01/25/2022,MHT,NH,ANE,EN,Towers with Radar,53,28,13,1,95,0,2,20,2,24,53,30,33,3,119,26,0,26,145
01/26/2022,MHT,NH,ANE,EN,Towers with Radar,51,31,17,2,101,0,13,33,0,46,51,44,50,2,147,32,0,32,179
01/27/2022,MHT,NH,ANE,EN,Towers with Radar,55,33,13,0,101,0,5,29,0,34,55,38,42,0,135,20,0,20,155
01/28/2022,MHT,NH,ANE,EN,Towers with Radar,41,18,14,0,73,0,0,18,0,18,41,18,32,0,91,0,0,0,91
01/29/2022,MHT,NH,ANE,EN,Towers with Radar,0,0,0,0,0,0,0,0,0,0,0,0,0,0,0,0,0,0,0
01/30/2022,MHT,NH,ANE,EN,Towers with Radar,37,9,2,0,48,0,5,5,0,10,37,14,7,0,58,0,0,0,58
01/31/2022,MHT,NH,ANE,EN,Towers with Radar,45,28,11,0,84,0,4,22,0,26,45,32,33,0,110,52,0,52,162
02/01/2022,MHT,NH,ANE,EN,Towers with Radar,50,36,7,0,93,0,4,22,0,26,50,40,29,0,119,0,0,0,119
02/02/2022,MHT,NH,ANE,EN,Towers with Radar,51,29,13,5,98,0,1,5,0,6,51,30,18,5,104,32,6,38,142
02/03/2022,MHT,NH,ANE,EN,Towers with Radar,46,31,15,0,92,0,0,3,0,3,46,31,18,0,95,6,0,6,101
02/04/2022,MHT,NH,ANE,EN,Towers with Radar,19,5,2,0,26,0,0,0,0,0,19,5,2,0,26,0,0,0,26
02/05/2022,MHT,NH,ANE,EN,Towers with Radar,35,13,4,0,52,0,9,10,0,19,35,22,14,0,71,6,0,6,77
02/06/2022,MHT,NH,ANE,EN,Towers with Radar,39,6,5,0,50,0,3,16,0,19,39,9,21,0,69,16,0,16,85
02/07/2022,MHT,NH,ANE,EN,Towers with Radar,44,24,11,0,79,0,3,1,0,4,44,27,12,0,83,0,0,0,83
02/08/2022,MHT,NH,ANE,EN,Towers with Radar,50,43,5,1,99,0,2,6,0,8,50,45,11,1,107,0,0,0,107
02/09/2022,MHT,NH,ANE,EN,Towers with Radar,50,34,16,19,119,0,5,42,9,56,50,39,58,28,175,14,12,26,201
02/10/2022,MHT,NH,ANE,EN,Towers with Radar,53,29,13,2,97,0,2,22,0,24,53,31,35,2,121,6,0,6,127
02/11/2022,MHT,NH,ANE,EN,Towers with Radar,50,24,20,1,95,0,5,51,4,60,50,29,71,5,155,12,0,12,167
02/12/2022,MHT,NH,ANE,EN,Towers with Radar,35,13,5,0,53,0,6,13,0,19,35,19,18,0,72,0,0,0,72
02/13/2022,MHT,NH,ANE,EN,Towers with Radar,37,5,15,0,57,0,2,9,0,11,37,7,24,0,68,20,0,20,88
02/14/2022,MHT,NH,ANE,EN,Towers with Radar,44,22,2,0,68,0,11,7,0,18,44,33,9,0,86,0,0,0,86
02/15/2022,MHT,NH,ANE,EN,Towers with Radar,50,27,18,0,95,0,11,23,0,34,50,38,41,0,129,14,0,14,143
02/16/2022,MHT,NH,ANE,EN,Towers with Radar,54,37,15,0,106,0,9,33,0,42,54,46,48,0,148,22,0,22,170
02/17/2022,MHT,NH,ANE,EN,Towers with Radar,50,33,11,0,94,0,0,5,0,5,50,33,16,0,99,0,0,0,99
02/18/2022,MHT,NH,ANE,EN,Towers with Radar,54,22,6,6,88,0,2,3,2,7,54,24,9,8,95,30,0,30,125
02/19/2022,MHT,NH,ANE,EN,Towers with Radar,45,11,4,0,60,0,3,11,0,14,45,14,15,0,74,12,0,12,86
02/20/2022,MHT,NH,ANE,EN,Towers with Radar,42,9,21,0,72,0,6,38,0,44,42,15,59,0,116,82,0,82,198
02/21/2022,MHT,NH,ANE,EN,Towers with Radar,44,16,22,0,82,0,5,58,0,63,44,21,80,0,145,44,0,44,189
02/22/2022,MHT,NH,ANE,EN,Towers with Radar,48,27,14,2,91,0,1,1,0,2,48,28,15,2,93,0,0,0,93
02/23/2022,MHT,NH,ANE,EN,Towers with Radar,55,34,15,2,106,0,5,17,1,23,55,39,32,3,129,16,24,40,169
02/24/2022,MHT,NH,ANE,EN,Towers with Radar,47,36,19,0,102,0,10,43,0,53,47,46,62,0,155,18,0,18,173
02/25/2022,MHT,NH,ANE,EN,Towers with Radar,30,14,6,0,50,0,1,0,0,1,30,15,6,0,51,0,0,0,51
02/26/2022,MHT,NH,ANE,EN,Towers with Radar,47,18,10,0,75,0,9,22,0,31,47,27,32,0,106,16,0,16,122
02/27/2022,MHT,NH,ANE,EN,Towers with Radar,43,6,8,0,57,0,2,13,0,15,43,8,21,0,72,26,0,26,98
02/28/2022,MHT,NH,ANE,EN,Towers with Radar,43,23,4,0,70,0,8,17,1,26,43,31,21,1,96,8,0,8,104
03/01/2022,MHT,NH,ANE,EN,Towers with Radar,54,32,14,0,100,0,4,33,2,39,54,36,47,2,139,0,0,0,139
03/02/2022,MHT,NH,ANE,EN,Towers with Radar,54,30,22,1,107,0,3,29,0,32,54,33,51,1,139,0,0,0,139
03/03/2022,MHT,NH,ANE,EN,Towers with Radar,54,34,10,4,102,0,6,16,0,22,54,40,26,4,124,0,0,0,124
03/04/2022,MHT,NH,ANE,EN,Towers with Radar,47,28,21,0,96,0,10,43,0,53,47,38,64,0,149,16,0,16,165
03/05/2022,MHT,NH,ANE,EN,Towers with Radar,42,17,23,3,85,0,4,43,5,52,42,21,66,8,137,14,0,14,151
03/06/2022,MHT,NH,ANE,EN,Towers with Radar,41,12,12,0,65,0,0,6,0,6,41,12,18,0,71,14,0,14,85
03/07/2022,MHT,NH,ANE,EN,Towers with Radar,44,19,5,0,68,0,0,8,0,8,44,19,13,0,76,0,0,0,76
03/08/2022,MHT,NH,ANE,EN,Towers with Radar,53,39,14,2,108,0,5,7,5,17,53,44,21,7,125,0,0,0,125
03/09/2022,MHT,NH,ANE,EN,Towers with Radar,47,29,19,0,95,0,0,16,0,16,47,29,35,0,111,0,0,0,111
03/10/2022,MHT,NH,ANE,EN,Towers with Radar,50,36,16,4,106,0,8,35,0,43,50,44,51,4,149,20,0,20,169
03/11/2022,MHT,NH,ANE,EN,Towers with Radar,48,26,23,0,97,0,1,40,0,41,48,27,63,0,138,4,0,4,142
03/12/2022,MHT,NH,ANE,EN,Towers with Radar,34,18,3,0,55,0,0,0,0,0,34,18,3,0,55,0,0,0,55
03/13/2022,MHT,NH,ANE,EN,Towers with Radar,41,6,11,0,58,0,2,7,0,9,41,8,18,0,67,0,0,0,67
03/14/2022,MHT,NH,ANE,EN,Towers with Radar,41,14,11,0,66,0,3,23,0,26,41,17,34,0,92,18,0,18,110
03/15/2022,MHT,NH,ANE,EN,Towers with Radar,48,31,12,0,91,0,2,19,0,21,48,33,31,0,112,12,0,12,124
03/16/2022,MHT,NH,ANE,EN,Towers with Radar,48,30,17,10,105,0,1,26,0,27,48,31,43,10,132,70,0,70,202
03/17/2022,MHT,NH,ANE,EN,Towers with Radar,58,43,19,0,120,0,1,6,0,7,58,44,25,0,127,0,0,0,127
03/18/2022,MHT,NH,ANE,EN,Towers with Radar,47,28,15,0,90,0,5,34,0,39,47,33,49,0,129,60,0,60,189
03/19/2022,MHT,NH,ANE,EN,Towers with Radar,36,10,12,0,58,0,1,0,0,1,36,11,12,0,59,0,0,0,59
03/20/2022,MHT,NH,ANE,EN,Towers with Radar,43,8,18,0,69,0,0,12,0,12,43,8,30,0,81,16,0,16,97
03/21/2022,MHT,NH,ANE,EN,Towers with Radar,42,18,11,0,71,0,3,20,0,23,42,21,31,0,94,0,0,0,94
03/22/2022,MHT,NH,ANE,EN,Towers with Radar,51,38,18,6,113,0,1,11,2,14,51,39,29,8,127,16,0,16,143
03/23/2022,MHT,NH,ANE,EN,Towers with Radar,49,29,33,0,111,0,2,67,0,69,49,31,100,0,180,28,0,28,208
03/24/2022,MHT,NH,ANE,EN,Towers with Radar,52,26,10,0,88,0,0,0,0,0,52,26,10,0,88,0,0,0,88
03/25/2022,MHT,NH,ANE,EN,Towers with Radar,49,23,27,0,99,0,2,20,2,24,49,25,47,2,123,12,0,12,135
03/26/2022,MHT,NH,ANE,EN,Towers with Radar,34,10,12,0,56,0,2,36,0,38,34,12,48,0,94,20,0,20,114
03/27/2022,MHT,NH,ANE,EN,Towers with Radar,32,10,16,0,58,0,1,19,0,20,32,11,35,0,78,38,0,38,116
03/28/2022,MHT,NH,ANE,EN,Towers with Radar,43,20,16,0,79,0,0,9,0,9,43,20,25,0,88,0,0,0,88
03/29/2022,MHT,NH,ANE,EN,Towers with Radar,48,33,9,1,91,0,1,19,1,21,48,34,28,2,112,0,0,0,112
03/30/2022,MHT,NH,ANE,EN,Towers with Radar,48,30,21,0,99,0,3,52,0,55,48,33,73,0,154,20,0,20,174
03/31/2022,MHT,NH,ANE,EN,Towers with Radar,47,35,10,0,92,0,0,0,0,0,47,35,10,0,92,0,0,0,92
04/01/2022,MHT,NH,ANE,EN,Towers with Radar,45,17,6,0,68,0,1,16,1,18,45,18,22,1,86,24,0,24,110
04/02/2022,MHT,NH,ANE,EN,Towers with Radar,30,9,12,0,51,0,4,21,0,25,30,13,33,0,76,0,0,0,76
04/03/2022,MHT,NH,ANE,EN,Towers with Radar,28,15,16,0,59,0,0,20,0,20,28,15,36,0,79,0,0,0,79
04/04/2022,MHT,NH,ANE,EN,Towers with Radar,38,23,11,0,72,0,0,19,2,21,38,23,30,2,93,0,0,0,93
04/05/2022,MHT,NH,ANE,EN,Towers with Radar,41,29,27,4,101,0,0,45,0,45,41,29,72,4,146,34,0,34,180
04/06/2022,MHT,NH,ANE,EN,Towers with Radar,44,33,12,0,89,0,1,17,0,18,44,34,29,0,107,10,0,10,117
04/07/2022,MHT,NH,ANE,EN,Towers with Radar,38,35,9,0,82,0,4,6,0,10,38,39,15,0,92,16,0,16,108
04/08/2022,MHT,NH,ANE,EN,Towers with Radar,45,25,11,0,81,0,4,8,0,12,45,29,19,0,93,0,0,0,93
04/09/2022,MHT,NH,ANE,EN,Towers with Radar,33,17,12,0,62,0,1,13,0,14,33,18,25,0,76,50,0,50,126
04/10/2022,MHT,NH,ANE,EN,Towers with Radar,35,9,9,2,55,0,2,15,0,17,35,11,24,2,72,0,0,0,72
04/11/2022,MHT,NH,ANE,EN,Towers with Radar,36,22,19,0,77,0,7,54,0,61,36,29,73,0,138,18,0,18,156
04/12/2022,MHT,NH,ANE,EN,Towers with Radar,44,28,7,9,88,0,7,13,0,20,44,35,20,9,108,10,0,10,118
04/13/2022,MHT,NH,ANE,EN,Towers with Radar,44,28,23,0,95,0,0,41,0,41,44,28,64,0,136,10,0,10,146
04/14/2022,MHT,NH,ANE,EN,Towers with Radar,51,29,25,0,105,0,0,0,0,0,51,29,25,0,105,0,0,0,105
04/15/2022,MHT,NH,ANE,EN,Towers with Radar,45,20,15,2,82,0,3,35,0,38,45,23,50,2,120,8,0,8,128
04/16/2022,MHT,NH,ANE,EN,Towers with Radar,38,10,7,0,55,0,0,13,0,13,38,10,20,0,68,8,0,8,76
04/17/2022,MHT,NH,ANE,EN,Towers with Radar,31,7,4,0,42,0,1,12,0,13,31,8,16,0,55,0,0,0,55
04/18/2022,MHT,NH,ANE,EN,Towers with Radar,35,17,25,3,80,0,1,54,1,56,35,18,79,4,136,28,0,28,164
04/19/2022,MHT,NH,ANE,EN,Towers with Radar,49,25,14,0,88,0,0,1,0,1,49,25,15,0,89,0,0,0,89
04/20/2022,MHT,NH,ANE,EN,Towers with Radar,51,32,7,16,106,0,1,9,0,10,51,33,16,16,116,8,0,8,124
04/21/2022,MHT,NH,ANE,EN,Towers with Radar,52,27,13,6,98,0,2,34,0,36,52,29,47,6,134,40,10,50,184
04/22/2022,MHT,NH,ANE,EN,Towers with Radar,49,25,9,0,83,0,0,19,0,19,49,25,28,0,102,0,0,0,102
04/23/2022,MHT,NH,ANE,EN,Towers with Radar,39,11,21,0,71,0,0,42,0,42,39,11,63,0,113,50,0,50,163
04/24/2022,MHT,NH,ANE,EN,Towers with Radar,40,8,18,0,66,0,6,35,0,41,40,14,53,0,107,50,0,50,157
04/25/2022,MHT,NH,ANE,EN,Towers with Radar,40,16,4,7,67,0,1,40,6,47,40,17,44,13,114,30,8,38,152
04/26/2022,MHT,NH,ANE,EN,Towers with Radar,54,30,16,7,107,0,0,18,0,18,54,30,34,7,125,12,0,12,137
04/27/2022,MHT,NH,ANE,EN,Towers with Radar,53,31,19,0,103,0,2,37,1,40,53,33,56,1,143,0,0,0,143
04/28/2022,MHT,NH,ANE,EN,Towers with Radar,53,42,11,0,106,0,5,13,0,18,53,47,24,0,124,0,0,0,124
04/29/2022,MHT,NH,ANE,EN,Towers with Radar,49,32,15,0,96,0,3,9,0,12,49,35,24,0,108,0,0,0,108
04/30/2022,MHT,NH,ANE,EN,Towers with Radar,46,23,14,0,83,0,2,39,0,41,46,25,53,0,124,30,0,30,154
05/01/2022,MHT,NH,ANE,EN,Towers with Radar,39,9,16,0,64,0,6,33,0,39,39,15,49,0,103,6,0,6,109
05/02/2022,MHT,NH,ANE,EN,Towers with Radar,40,17,21,0,78,0,1,38,3,42,40,18,59,3,120,56,0,56,176
05/03/2022,MHT,NH,ANE,EN,Towers with Radar,50,28,20,0,98,0,0,8,0,8,50,28,28,0,106,0,0,0,106
05/04/2022,MHT,NH,ANE,EN,Towers with Radar,47,28,24,0,99,0,0,0,0,0,47,28,24,0,99,0,0,0,99
05/05/2022,MHT,NH,ANE,EN,Towers with Radar,47,27,24,4,102,0,3,38,0,41,47,30,62,4,143,8,0,8,151
05/06/2022,MHT,NH,ANE,EN,Towers with Radar,43,21,25,0,89,0,0,40,2,42,43,21,65,2,131,42,0,42,173
05/07/2022,MHT,NH,ANE,EN,Towers with Radar,41,13,19,0,73,0,1,25,0,26,41,14,44,0,99,48,0,48,147
05/08/2022,MHT,NH,ANE,EN,Towers with Radar,38,5,9,0,52,0,2,22,0,24,38,7,31,0,76,6,0,6,82
05/09/2022,MHT,NH,ANE,EN,Towers with Radar,40,13,15,4,72,0,3,20,0,23,40,16,35,4,95,8,0,8,103
05/10/2022,MHT,NH,ANE,EN,Towers with Radar,47,31,15,19,112,0,0,73,0,73,47,31,88,19,185,44,0,44,229
05/11/2022,MHT,NH,ANE,EN,Towers with Radar,46,28,18,0,92,0,0,41,0,41,46,28,59,0,133,17,0,17,150
05/12/2022,MHT,NH,ANE,EN,Towers with Radar,53,26,27,1,107,0,0,34,1,35,53,26,61,2,142,62,0,62,204
05/13/2022,MHT,NH,ANE,EN,Towers with Radar,47,19,47,0,113,0,1,41,1,43,47,20,88,1,156,10,0,10,166
05/14/2022,MHT,NH,ANE,EN,Towers with Radar,42,10,11,0,63,0,6,28,1,35,42,16,39,1,98,48,0,48,146
05/15/2022,MHT,NH,ANE,EN,Towers with Radar,39,5,14,2,60,0,0,4,1,5,39,5,18,3,65,16,0,16,81
05/16/2022,MHT,NH,ANE,EN,Towers with Radar,37,15,27,6,85,0,0,6,3,9,37,15,33,9,94,14,18,32,126
05/17/2022,MHT,NH,ANE,EN,Towers with Radar,44,31,22,6,103,0,0,27,0,27,44,31,49,6,130,0,0,0,130
05/18/2022,MHT,NH,ANE,EN,Towers with Radar,46,27,8,7,88,0,4,32,1,37,46,31,40,8,125,12,0,12,137
05/19/2022,MHT,NH,ANE,EN,Towers with Radar,51,34,23,0,108,0,0,13,0,13,51,34,36,0,121,4,0,4,125
05/20/2022,MHT,NH,ANE,EN,Towers with Radar,46,26,23,0,95,0,4,17,0,21,46,30,40,0,116,0,0,0,116
05/21/2022,MHT,NH,ANE,EN,Towers with Radar,41,11,8,0,60,0,4,12,0,16,41,15,20,0,76,0,0,0,76
05/22/2022,MHT,NH,ANE,EN,Towers with Radar,39,10,5,0,54,0,2,12,0,14,39,12,17,0,68,0,0,0,68
05/23/2022,MHT,NH,ANE,EN,Towers with Radar,39,18,14,0,71,0,5,29,0,34,39,23,43,0,105,28,0,28,133
05/24/2022,MHT,NH,ANE,EN,Towers with Radar,41,32,22,0,95,0,7,46,1,54,41,39,68,1,149,40,0,40,189
05/25/2022,MHT,NH,ANE,EN,Towers with Radar,49,33,20,0,102,0,0,40,2,42,49,33,60,2,144,0,0,0,144
05/26/2022,MHT,NH,ANE,EN,Towers with Radar,50,30,28,4,112,0,4,44,0,48,50,34,72,4,160,20,0,20,180
05/27/2022,MHT,NH,ANE,EN,Towers with Radar,42,24,32,0,98,0,3,9,0,12,42,27,41,0,110,22,0,22,132
05/28/2022,MHT,NH,ANE,EN,Towers with Radar,41,11,14,0,66,0,1,1,0,2,41,12,15,0,68,0,0,0,68
05/29/2022,MHT,NH,ANE,EN,Towers with Radar,33,4,4,0,41,0,11,23,0,34,33,15,27,0,75,4,0,4,79
05/30/2022,MHT,NH,ANE,EN,Towers with Radar,37,10,11,0,58,0,6,33,0,39,37,16,44,0,97,8,0,8,105
05/31/2022,MHT,NH,ANE,EN,Towers with Radar,38,26,23,2,89,0,5,38,0,43,38,31,61,2,132,0,0,0,132
06/01/2022,MHT,NH,ANE,EN,Towers with Radar,45,25,11,0,81,0,0,8,0,8,45,25,19,0,89,18,0,18,107
06/02/2022,MHT,NH,ANE,EN,Towers with Radar,46,29,23,0,98,0,0,5,0,5,46,29,28,0,103,0,0,0,103
06/03/2022,MHT,NH,ANE,EN,Towers with Radar,52,39,31,0,122,0,0,2,0,2,52,39,33,0,124,0,0,0,124
06/04/2022,MHT,NH,ANE,EN,Towers with Radar,44,17,4,4,69,0,1,25,0,26,44,18,29,4,95,42,0,42,137
06/05/2022,MHT,NH,ANE,EN,Towers with Radar,42,16,15,0,73,0,1,22,0,23,42,17,37,0,96,0,0,0,96
06/06/2022,MHT,NH,ANE,EN,Towers with Radar,48,25,13,0,86,0,3,49,0,52,48,28,62,0,138,20,0,20,158
06/07/2022,MHT,NH,ANE,EN,Towers with Radar,53,31,17,0,101,0,3,57,0,60,53,34,74,0,161,26,0,26,187
06/08/2022,MHT,NH,ANE,EN,Towers with Radar,60,37,26,0,123,0,1,40,2,43,60,38,66,2,166,28,0,28,194
06/09/2022,MHT,NH,ANE,EN,Towers with Radar,56,39,19,5,119,0,0,3,5,8,56,39,22,10,127,0,20,20,147
06/10/2022,MHT,NH,ANE,EN,Towers with Radar,54,28,20,0,102,0,3,38,0,41,54,31,58,0,143,36,0,36,179
06/11/2022,MHT,NH,ANE,EN,Towers with Radar,43,18,11,2,74,0,2,33,2,37,43,20,44,4,111,30,0,30,141
06/12/2022,MHT,NH,ANE,EN,Towers with Radar,39,16,11,4,70,0,3,17,1,21,39,19,28,5,91,22,0,22,113
06/13/2022,MHT,NH,ANE,EN,Towers with Radar,46,23,13,0,82,0,2,23,0,25,46,25,36,0,107,2,0,2,109
06/14/2022,MHT,NH,ANE,EN,Towers with Radar,54,32,12,1,99,0,5,39,1,45,54,37,51,2,144,12,0,12,156
06/15/2022,MHT,NH,ANE,EN,Towers with Radar,56,28,28,0,112,0,4,52,0,56,56,32,80,0,168,92,0,92,260
06/16/2022,MHT,NH,ANE,EN,Towers with Radar,58,40,15,0,113,0,1,22,0,23,58,41,37,0,136,16,0,16,152
06/17/2022,MHT,NH,ANE,EN,Towers with Radar,50,27,14,0,91,0,5,16,0,21,50,32,30,0,112,10,0,10,122
06/18/2022,MHT,NH,ANE,EN,Towers with Radar,45,13,7,0,65,0,1,8,0,9,45,14,15,0,74,0,0,0,74
06/19/2022,MHT,NH,ANE,EN,Towers with Radar,45,14,10,0,69,0,2,13,0,15,45,16,23,0,84,0,0,0,84
06/20/2022,MHT,NH,ANE,EN,Towers with Radar,44,18,10,0,72,0,3,44,0,47,44,21,54,0,119,0,0,0,119
06/21/2022,MHT,NH,ANE,EN,Towers with Radar,57,31,18,0,106,0,0,59,0,59,57,31,77,0,165,16,0,16,181
06/22/2022,MHT,NH,ANE,EN,Towers with Radar,49,29,32,0,110,0,3,21,0,24,49,32,53,0,134,12,0,12,146
06/23/2022,MHT,NH,ANE,EN,Towers with Radar,61,34,19,0,114,0,0,24,0,24,61,34,43,0,138,0,0,0,138
06/24/2022,MHT,NH,ANE,EN,Towers with Radar,57,28,33,0,118,0,5,26,0,31,57,33,59,0,149,38,0,38,187
06/25/2022,MHT,NH,ANE,EN,Towers with Radar,41,15,10,0,66,0,7,50,0,57,41,22,60,0,123,28,0,28,151
06/26/2022,MHT,NH,ANE,EN,Towers with Radar,43,8,9,0,60,0,0,26,0,26,43,8,35,0,86,12,0,12,98
06/27/2022,MHT,NH,ANE,EN,Towers with Radar,47,25,14,3,89,0,2,11,1,14,47,27,25,4,103,0,0,0,103
06/28/2022,MHT,NH,ANE,EN,Towers with Radar,56,32,21,2,111,0,4,46,1,51,56,36,67,3,162,26,0,26,188
06/29/2022,MHT,NH,ANE,EN,Towers with Radar,55,28,13,0,96,0,3,39,0,42,55,31,52,0,138,0,0,0,138
06/30/2022,MHT,NH,ANE,EN,Towers with Radar,55,26,7,0,88,0,3,35,0,38,55,29,42,0,126,0,0,0,126
07/01/2022,MHT,NH,ANE,EN,Towers with Radar,52,25,12,0,89,0,7,36,1,44,52,32,48,1,133,28,0,28,161
07/02/2022,MHT,NH,ANE,EN,Towers with Radar,41,14,5,0,60,0,1,11,0,12,41,15,16,0,72,6,0,6,78
07/03/2022,MHT,NH,ANE,EN,Towers with Radar,41,7,3,0,51,0,5,11,0,16,41,12,14,0,67,0,0,0,67
07/04/2022,MHT,NH,ANE,EN,Towers with Radar,40,13,7,0,60,0,2,10,0,12,40,15,17,0,72,0,0,0,72
07/05/2022,MHT,NH,ANE,EN,Towers with Radar,48,27,11,0,86,0,1,12,0,13,48,28,23,0,99,48,0,48,147
07/06/2022,MHT,NH,ANE,EN,Towers with Radar,56,29,22,2,109,0,0,22,0,22,56,29,44,2,131,0,0,0,131
07/07/2022,MHT,NH,ANE,EN,Towers with Radar,54,30,23,0,107,0,1,65,0,66,54,31,88,0,173,32,0,32,205
07/08/2022,MHT,NH,ANE,EN,Towers with Radar,55,22,12,0,89,0,3,41,0,44,55,25,53,0,133,8,0,8,141
07/09/2022,MHT,NH,ANE,EN,Towers with Radar,40,16,4,0,60,0,2,31,0,33,40,18,35,0,93,56,0,56,149
07/10/2022,MHT,NH,ANE,EN,Towers with Radar,44,12,13,0,69,0,2,33,0,35,44,14,46,0,104,6,0,6,110
07/11/2022,MHT,NH,ANE,EN,Towers with Radar,46,19,7,0,72,0,3,22,0,25,46,22,29,0,97,48,0,48,145
07/12/2022,MHT,NH,ANE,EN,Towers with Radar,56,30,10,0,96,0,0,19,0,19,56,30,29,0,115,30,0,30,145
07/13/2022,MHT,NH,ANE,EN,Towers with Radar,56,37,18,0,111,0,2,34,0,36,56,39,52,0,147,12,0,12,159
07/14/2022,MHT,NH,ANE,EN,Towers with Radar,57,33,24,0,114,0,2,39,0,41,57,35,63,0,155,19,0,19,174
07/15/2022,MHT,NH,ANE,EN,Towers with Radar,53,38,26,6,123,0,2,53,1,56,53,40,79,7,179,20,0,20,199
07/16/2022,MHT,NH,ANE,EN,Towers with Radar,39,22,13,0,74,0,6,25,1,32,39,28,38,1,106,36,0,36,142
07/17/2022,MHT,NH,ANE,EN,Towers with Radar,46,21,25,0,92,0,3,16,0,19,46,24,41,0,111,0,0,0,111
07/18/2022,MHT,NH,ANE,EN,Towers with Radar,46,20,15,0,81,0,1,26,0,27,46,21,41,0,108,18,0,18,126
07/19/2022,MHT,NH,ANE,EN,Towers with Radar,59,30,17,0,106,0,4,34,0,38,59,34,51,0,144,10,0,10,154
07/20/2022,MHT,NH,ANE,EN,Towers with Radar,56,26,15,0,97,0,2,56,0,58,56,28,71,0,155,10,0,10,165
07/21/2022,MHT,NH,ANE,EN,Towers with Radar,55,35,13,0,103,0,3,23,0,26,55,38,36,0,129,0,0,0,129
07/22/2022,MHT,NH,ANE,EN,Towers with Radar,56,27,17,0,100,0,3,32,2,37,56,30,49,2,137,8,0,8,145
07/23/2022,MHT,NH,ANE,EN,Towers with Radar,41,17,6,0,64,0,8,27,1,36,41,25,33,1,100,32,0,32,132
07/24/2022,MHT,NH,ANE,EN,Towers with Radar,47,17,10,0,74,0,2,11,0,13,47,19,21,0,87,16,0,16,103
07/25/2022,MHT,NH,ANE,EN,Towers with Radar,49,25,9,0,83,0,8,6,0,14,49,33,15,0,97,0,0,0,97
07/26/2022,MHT,NH,ANE,EN,Towers with Radar,58,36,21,1,116,0,6,39,1,46,58,42,60,2,162,0,0,0,162
07/27/2022,MHT,NH,ANE,EN,Towers with Radar,57,36,18,0,111,0,2,55,0,57,57,38,73,0,168,78,0,78,246
07/28/2022,MHT,NH,ANE,EN,Towers with Radar,57,32,29,0,118,0,1,28,0,29,57,33,57,0,147,14,0,14,161
07/29/2022,MHT,NH,ANE,EN,Towers with Radar,56,30,11,0,97,0,4,32,0,36,56,34,43,0,133,42,0,42,175
07/30/2022,MHT,NH,ANE,EN,Towers with Radar,40,15,14,0,69,0,9,28,1,38,40,24,42,1,107,28,0,28,135
07/31/2022,MHT,NH,ANE,EN,Towers with Radar,43,10,9,0,62,0,2,33,0,35,43,12,42,0,97,26,0,26,123
08/01/2022,MHT,NH,ANE,EN,Towers with Radar,48,23,15,0,86,0,1,37,0,38,48,24,52,0,124,44,0,44,168
08/02/2022,MHT,NH,ANE,EN,Towers with Radar,58,29,13,4,104,0,2,23,0,25,58,31,36,4,129,0,0,0,129
08/03/2022,MHT,NH,ANE,EN,Towers with Radar,52,36,29,0,117,0,8,48,0,56,52,44,77,0,173,18,0,18,191
08/04/2022,MHT,NH,ANE,EN,Towers with Radar,48,35,14,1,98,0,0,38,3,41,48,35,52,4,139,94,0,94,233
08/05/2022,MHT,NH,ANE,EN,Towers with Radar,52,26,13,0,91,0,1,34,0,35,52,27,47,0,126,12,0,12,138
08/06/2022,MHT,NH,ANE,EN,Towers with Radar,38,19,17,0,74,0,3,15,0,18,38,22,32,0,92,0,0,0,92
08/07/2022,MHT,NH,ANE,EN,Towers with Radar,43,8,4,0,55,0,7,14,0,21,43,15,18,0,76,18,0,18,94
08/08/2022,MHT,NH,ANE,EN,Towers with Radar,44,18,18,5,85,0,2,18,2,22,44,20,36,7,107,8,20,28,135
08/09/2022,MHT,NH,ANE,EN,Towers with Radar,55,29,13,0,97,0,2,20,0,22,55,31,33,0,119,0,0,0,119
08/10/2022,MHT,NH,ANE,EN,Towers with Radar,56,26,37,0,119,0,1,11,0,12,56,27,48,0,131,0,0,0,131
08/11/2022,MHT,NH,ANE,EN,Towers with Radar,55,30,31,0,116,0,1,22,0,23,55,31,53,0,139,0,0,0,139
08/12/2022,MHT,NH,ANE,EN,Towers with Radar,54,26,12,0,92,0,1,35,0,36,54,27,47,0,128,80,0,80,208
08/13/2022,MHT,NH,ANE,EN,Towers with Radar,43,14,19,0,76,0,3,101,0,104,43,17,120,0,180,24,0,24,204
08/14/2022,MHT,NH,ANE,EN,Towers with Radar,44,12,11,0,67,0,8,23,0,31,44,20,34,0,98,20,0,20,118
08/15/2022,MHT,NH,ANE,EN,Towers with Radar,46,19,19,1,85,0,3,19,3,25,46,22,38,4,110,0,0,0,110
08/16/2022,MHT,NH,ANE,EN,Towers with Radar,56,27,21,0,104,0,5,31,0,36,56,32,52,0,140,18,0,18,158
08/17/2022,MHT,NH,ANE,EN,Towers with Radar,55,35,13,0,103,0,1,24,0,25,55,36,37,0,128,18,0,18,146
08/18/2022,MHT,NH,ANE,EN,Towers with Radar,58,31,22,0,111,0,5,28,2,35,58,36,50,2,146,14,0,14,160
08/19/2022,MHT,NH,ANE,EN,Towers with Radar,60,26,14,0,100,0,3,29,0,32,60,29,43,0,132,38,0,38,170
08/20/2022,MHT,NH,ANE,EN,Towers with Radar,41,10,13,0,64,0,7,21,0,28,41,17,34,0,92,22,0,22,114
08/21/2022,MHT,NH,ANE,EN,Towers with Radar,44,6,11,0,61,0,5,7,0,12,44,11,18,0,73,10,0,10,83
08/22/2022,MHT,NH,ANE,EN,Towers with Radar,51,19,35,0,105,0,0,3,0,3,51,19,38,0,108,0,0,0,108
08/23/2022,MHT,NH,ANE,EN,Towers with Radar,57,31,11,5,104,0,0,1,0,1,57,31,12,5,105,0,0,0,105
08/24/2022,MHT,NH,ANE,EN,Towers with Radar,63,36,18,5,122,0,6,27,2,35,63,42,45,7,157,14,0,14,171
08/25/2022,MHT,NH,ANE,EN,Towers with Radar,60,31,32,10,133,0,4,66,0,70,60,35,98,10,203,34,0,34,237
08/26/2022,MHT,NH,ANE,EN,Towers with Radar,59,31,28,0,118,0,0,18,0,18,59,31,46,0,136,0,0,0,136
08/27/2022,MHT,NH,ANE,EN,Towers with Radar,43,11,18,0,72,0,6,27,0,33,43,17,45,0,105,0,0,0,105
08/28/2022,MHT,NH,ANE,EN,Towers with Radar,44,8,23,0,75,0,3,15,0,18,44,11,38,0,93,8,0,8,101
08/29/2022,MHT,NH,ANE,EN,Towers with Radar,43,17,19,0,79,0,5,26,0,31,43,22,45,0,110,10,0,10,120
08/30/2022,MHT,NH,ANE,EN,Towers with Radar,55,29,20,2,106,0,5,36,0,41,55,34,56,2,147,16,0,16,163
08/31/2022,MHT,NH,ANE,EN,Towers with Radar,58,30,20,7,115,0,4,31,1,36,58,34,51,8,151,34,8,42,193
09/01/2022,MHT,NH,ANE,EN,Towers with Radar,58,27,16,5,106,0,5,25,0,30,58,32,41,5,136,14,0,14,150
09/02/2022,MHT,NH,ANE,EN,Towers with Radar,59,24,23,0,106,0,6,32,0,38,59,30,55,0,144,26,0,26,170
09/03/2022,MHT,NH,ANE,EN,Towers with Radar,39,8,14,0,61,0,3,43,0,46,39,11,57,0,107,6,0,6,113
09/04/2022,MHT,NH,ANE,EN,Towers with Radar,43,3,6,1,53,0,5,15,3,23,43,8,21,4,76,0,0,0,76
09/05/2022,MHT,NH,ANE,EN,Towers with Radar,43,11,11,0,65,0,0,0,0,0,43,11,11,0,65,0,0,0,65
09/06/2022,MHT,NH,ANE,EN,Towers with Radar,57,35,15,0,107,0,0,0,0,0,57,35,15,0,107,0,0,0,107
09/07/2022,MHT,NH,ANE,EN,Towers with Radar,59,38,23,10,130,0,1,18,0,19,59,39,41,10,149,0,0,0,149
09/08/2022,MHT,NH,ANE,EN,Towers with Radar,61,26,24,3,114,0,3,29,1,33,61,29,53,4,147,44,0,44,191
09/09/2022,MHT,NH,ANE,EN,Towers with Radar,60,24,19,1,104,0,9,49,1,59,60,33,68,2,163,28,0,28,191
09/10/2022,MHT,NH,ANE,EN,Towers with Radar,49,13,14,0,76,0,7,53,0,60,49,20,67,0,136,14,0,14,150
09/11/2022,MHT,NH,ANE,EN,Towers with Radar,51,6,27,0,84,0,3,15,0,18,51,9,42,0,102,0,0,0,102
09/12/2022,MHT,NH,ANE,EN,Towers with Radar,53,18,18,0,89,0,1,24,0,25,53,19,42,0,114,22,0,22,136
09/13/2022,MHT,NH,ANE,EN,Towers with Radar,62,22,20,0,104,0,1,1,0,2,62,23,21,0,106,0,0,0,106
09/14/2022,MHT,NH,ANE,EN,Towers with Radar,63,23,14,0,100,0,13,15,0,28,63,36,29,0,128,0,0,0,128
09/15/2022,MHT,NH,ANE,EN,Towers with Radar,62,25,16,0,103,0,6,35,0,41,62,31,51,0,144,0,0,0,144
09/16/2022,MHT,NH,ANE,EN,Towers with Radar,58,27,18,0,103,0,8,36,0,44,58,35,54,0,147,42,0,42,189
09/17/2022,MHT,NH,ANE,EN,Towers with Radar,47,19,17,0,83,0,6,30,0,36,47,25,47,0,119,10,0,10,129
09/18/2022,MHT,NH,ANE,EN,Towers with Radar,50,6,1,0,57,0,8,11,0,19,50,14,12,0,76,0,0,0,76
09/19/2022,MHT,NH,ANE,EN,Towers with Radar,50,18,24,3,95,0,0,0,0,0,50,18,24,3,95,0,0,0,95
09/20/2022,MHT,NH,ANE,EN,Towers with Radar,60,32,23,0,115,0,1,0,0,1,60,33,23,0,116,0,0,0,116
09/21/2022,MHT,NH,ANE,EN,Towers with Radar,57,28,24,0,109,0,5,23,0,28,57,33,47,0,137,22,0,22,159
09/22/2022,MHT,NH,ANE,EN,Towers with Radar,67,31,10,2,110,0,1,5,0,6,67,32,15,2,116,0,0,0,116
09/23/2022,MHT,NH,ANE,EN,Towers with Radar,60,24,13,2,99,0,3,16,1,20,60,27,29,3,119,0,0,0,119
09/24/2022,MHT,NH,ANE,EN,Towers with Radar,47,21,3,0,71,0,1,12,0,13,47,22,15,0,84,8,0,8,92
09/25/2022,MHT,NH,ANE,EN,Towers with Radar,49,5,15,0,69,0,5,19,1,25,49,10,34,1,94,2,0,2,96
09/26/2022,MHT,NH,ANE,EN,Towers with Radar,54,11,19,0,84,0,1,25,0,26,54,12,44,0,110,0,0,0,110
09/27/2022,MHT,NH,ANE,EN,Towers with Radar,62,24,12,1,99,0,5,27,2,34,62,29,39,3,133,0,0,0,133
09/28/2022,MHT,NH,ANE,EN,Towers with Radar,55,19,15,4,93,0,1,35,0,36,55,20,50,4,129,0,0,0,129
09/29/2022,MHT,NH,ANE,EN,Towers with Radar,57,24,18,0,99,0,3,33,0,36,57,27,51,0,135,20,0,20,155
09/30/2022,MHT,NH,ANE,EN,Towers with Radar,56,17,19,0,92,0,10,45,0,55,56,27,64,0,147,0,0,0,147
10/01/2022,MHT,NH,ANE,EN,Towers with Radar,45,14,12,0,71,0,3,12,0,15,45,17,24,0,86,0,0,0,86
10/02/2022,MHT,NH,ANE,EN,Towers with Radar,49,6,8,0,63,0,8,5,0,13,49,14,13,0,76,8,0,8,84
10/03/2022,MHT,NH,ANE,EN,Towers with Radar,50,20,8,0,78,0,4,13,0,17,50,24,21,0,95,4,0,4,99
10/04/2022,MHT,NH,ANE,EN,Towers with Radar,59,44,17,0,120,0,3,37,0,40,59,47,54,0,160,70,0,70,230
10/05/2022,MHT,NH,ANE,EN,Towers with Radar,63,41,27,0,131,0,0,2,0,2,63,41,29,0,133,0,0,0,133
10/06/2022,MHT,NH,ANE,EN,Towers with Radar,56,25,18,0,99,0,2,30,0,32,56,27,48,0,131,32,0,32,163
10/07/2022,MHT,NH,ANE,EN,Towers with Radar,56,29,15,4,104,0,1,36,2,39,56,30,51,6,143,18,0,18,161
10/08/2022,MHT,NH,ANE,EN,Towers with Radar,51,14,9,0,74,0,2,32,0,34,51,16,41,0,108,34,0,34,142
10/09/2022,MHT,NH,ANE,EN,Towers with Radar,48,7,10,0,65,0,9,20,0,29,48,16,30,0,94,0,0,0,94
10/10/2022,MHT,NH,ANE,EN,Towers with Radar,48,15,12,0,75,0,1,31,0,32,48,16,43,0,107,8,0,8,115
10/11/2022,MHT,NH,ANE,EN,Towers with Radar,59,28,17,0,104,0,3,21,0,24,59,31,38,0,128,0,0,0,128
10/12/2022,MHT,NH,ANE,EN,Towers with Radar,57,42,26,2,127,0,4,58,0,62,57,46,84,2,189,36,0,36,225
10/13/2022,MHT,NH,ANE,EN,Towers with Radar,62,29,12,0,103,0,4,5,0,9,62,33,17,0,112,0,0,0,112
10/14/2022,MHT,NH,ANE,EN,Towers with Radar,58,28,16,1,103,0,0,3,1,4,58,28,19,2,107,0,0,0,107
10/15/2022,MHT,NH,ANE,EN,Towers with Radar,51,13,20,0,84,0,8,33,0,41,51,21,53,0,125,14,0,14,139
10/16/2022,MHT,NH,ANE,EN,Towers with Radar,49,8,19,0,76,0,3,22,0,25,49,11,41,0,101,10,0,10,111
10/17/2022,MHT,NH,ANE,EN,Towers with Radar,47,18,20,4,89,0,1,7,0,8,47,19,27,4,97,18,0,18,115
10/18/2022,MHT,NH,ANE,EN,Towers with Radar,59,22,16,0,97,0,3,19,0,22,59,25,35,0,119,0,0,0,119
10/19/2022,MHT,NH,ANE,EN,Towers with Radar,58,34,11,0,103,0,6,39,0,45,58,40,50,0,148,0,0,0,148
10/20/2022,MHT,NH,ANE,EN,Towers with Radar,58,31,14,0,103,0,5,34,0,39,58,36,48,0,142,0,0,0,142
10/21/2022,MHT,NH,ANE,EN,Towers with Radar,56,23,11,0,90,0,7,55,0,62,56,30,66,0,152,20,0,20,172
10/22/2022,MHT,NH,ANE,EN,Towers with Radar,50,14,13,5,82,0,3,49,0,52,50,17,62,5,134,88,0,88,222
10/23/2022,MHT,NH,ANE,EN,Towers with Radar,43,6,21,2,72,0,2,15,0,17,43,8,36,2,89,0,0,0,89
10/24/2022,MHT,NH,ANE,EN,Towers with Radar,50,14,21,0,85,0,0,0,0,0,50,14,21,0,85,0,0,0,85
10/25/2022,MHT,NH,ANE,EN,Towers with Radar,62,36,8,2,108,0,0,0,0,0,62,36,8,2,108,0,0,0,108
10/26/2022,MHT,NH,ANE,EN,Towers with Radar,60,28,13,0,101,0,0,0,0,0,60,28,13,0,101,0,0,0,101
10/27/2022,MHT,NH,ANE,EN,Towers with Radar,59,26,16,2,103,0,2,43,0,45,59,28,59,2,148,56,0,56,204
10/28/2022,MHT,NH,ANE,EN,Towers with Radar,55,26,33,6,120,0,3,68,0,71,55,29,101,6,191,14,0,14,205
10/29/2022,MHT,NH,ANE,EN,Towers with Radar,51,10,22,3,86,0,4,37,0,41,51,14,59,3,127,10,0,10,137
10/30/2022,MHT,NH,ANE,EN,Towers with Radar,49,5,10,0,64,0,5,19,0,24,49,10,29,0,88,8,0,8,96
10/31/2022,MHT,NH,ANE,EN,Towers with Radar,45,24,14,0,83,0,12,42,0,54,45,36,56,0,137,8,0,8,145
11/01/2022,MHT,NH,ANE,EN,Towers with Radar,57,38,12,8,115,0,6,10,4,20,57,44,22,12,135,8,0,8,143
11/02/2022,MHT,NH,ANE,EN,Towers with Radar,58,27,21,4,110,0,8,48,0,56,58,35,69,4,166,8,0,8,174
11/03/2022,MHT,NH,ANE,EN,Towers with Radar,49,38,23,4,114,0,4,61,0,65,49,42,84,4,179,44,0,44,223
11/04/2022,MHT,NH,ANE,EN,Towers with Radar,46,29,14,0,89,0,3,40,0,43,46,32,54,0,132,16,0,16,148
11/05/2022,MHT,NH,ANE,EN,Towers with Radar,36,15,15,4,70,0,3,26,0,29,36,18,41,4,99,24,0,24,123
11/06/2022,MHT,NH,ANE,EN,Towers with Radar,40,13,10,2,65,0,8,8,0,16,40,21,18,2,81,0,0,0,81
11/07/2022,MHT,NH,ANE,EN,Towers with Radar,35,22,15,0,72,0,4,25,0,29,35,26,40,0,101,10,0,10,111
11/08/2022,MHT,NH,ANE,EN,Towers with Radar,48,39,8,0,95,0,8,16,0,24,48,47,24,0,119,0,0,0,119
11/09/2022,MHT,NH,ANE,EN,Towers with Radar,45,32,29,0,106,0,3,48,0,51,45,35,77,0,157,0,0,0,157
11/10/2022,MHT,NH,ANE,EN,Towers with Radar,45,32,20,0,97,0,5,38,2,45,45,37,58,2,142,36,0,36,178
11/11/2022,MHT,NH,ANE,EN,Towers with Radar,44,29,13,0,86,0,3,18,0,21,44,32,31,0,107,2,0,2,109
11/12/2022,MHT,NH,ANE,EN,Towers with Radar,34,17,1,0,52,0,2,7,0,9,34,19,8,0,61,0,0,0,61
11/13/2022,MHT,NH,ANE,EN,Towers with Radar,40,9,18,0,67,0,1,1,0,2,40,10,19,0,69,0,0,0,69
11/14/2022,MHT,NH,ANE,EN,Towers with Radar,38,21,11,0,70,0,1,19,0,20,38,22,30,0,90,16,0,16,106
11/15/2022,MHT,NH,ANE,EN,Towers with Radar,46,24,30,0,100,0,2,28,0,30,46,26,58,0,130,10,0,10,140
11/16/2022,MHT,NH,ANE,EN,Towers with Radar,48,29,9,3,89,0,0,0,0,0,48,29,9,3,89,0,0,0,89
11/17/2022,MHT,NH,ANE,EN,Towers with Radar,52,29,16,0,97,0,3,15,0,18,52,32,31,0,115,4,0,4,119
11/18/2022,MHT,NH,ANE,EN,Towers with Radar,49,25,20,0,94,0,3,61,4,68,49,28,81,4,162,28,0,28,190
11/19/2022,MHT,NH,ANE,EN,Towers with Radar,33,20,13,0,66,0,8,49,0,57,33,28,62,0,123,38,0,38,161
11/20/2022,MHT,NH,ANE,EN,Towers with Radar,47,6,11,0,64,0,4,6,0,10,47,10,17,0,74,0,0,0,74
11/21/2022,MHT,NH,ANE,EN,Towers with Radar,43,22,12,2,79,0,8,27,0,35,43,30,39,2,114,0,0,0,114
11/22/2022,MHT,NH,ANE,EN,Towers with Radar,55,36,14,0,105,0,2,26,0,28,55,38,40,0,133,6,0,6,139
11/23/2022,MHT,NH,ANE,EN,Towers with Radar,54,25,10,0,89,0,3,35,0,38,54,28,45,0,127,12,0,12,139
11/24/2022,MHT,NH,ANE,EN,Towers with Radar,26,3,6,0,35,0,4,8,0,12,26,7,14,0,47,0,0,0,47
11/25/2022,MHT,NH,ANE,EN,Towers with Radar,40,22,4,0,66,0,2,3,0,5,40,24,7,0,71,0,0,0,71
11/26/2022,MHT,NH,ANE,EN,Towers with Radar,36,19,4,0,59,0,8,16,0,24,36,27,20,0,83,0,0,0,83
11/27/2022,MHT,NH,ANE,EN,Towers with Radar,43,12,13,0,68,0,5,16,0,21,43,17,29,0,89,0,0,0,89
11/28/2022,MHT,NH,ANE,EN,Towers with Radar,47,27,9,0,83,0,3,13,0,16,47,30,22,0,99,12,0,12,111
11/29/2022,MHT,NH,ANE,EN,Towers with Radar,54,27,16,12,109,0,3,27,1,31,54,30,43,13,140,8,0,8,148
11/30/2022,MHT,NH,ANE,EN,Towers with Radar,53,41,12,0,106,0,2,4,0,6,53,43,16,0,112,0,0,0,112
12/01/2022,MHT,NH,ANE,EN,Towers with Radar,51,29,13,5,98,0,3,8,5,16,51,32,21,10,114,28,0,28,142
12/02/2022,MHT,NH,ANE,EN,Towers with Radar,49,26,18,0,93,0,5,42,0,47,49,31,60,0,140,8,0,8,148
12/03/2022,MHT,NH,ANE,EN,Towers with Radar,39,18,10,0,67,0,1,1,0,2,39,19,11,0,69,0,0,0,69
12/04/2022,MHT,NH,ANE,EN,Towers with Radar,43,8,14,0,65,0,3,29,0,32,43,11,43,0,97,0,0,0,97
12/05/2022,MHT,NH,ANE,EN,Towers with Radar,44,18,18,12,92,0,9,26,0,35,44,27,44,12,127,0,0,0,127
12/06/2022,MHT,NH,ANE,EN,Towers with Radar,54,34,10,0,98,0,2,10,0,12,54,36,20,0,110,0,0,0,110
12/07/2022,MHT,NH,ANE,EN,Towers with Radar,51,34,24,0,109,0,0,0,0,0,51,34,24,0,109,0,0,0,109
12/08/2022,MHT,NH,ANE,EN,Towers with Radar,54,31,26,2,113,0,4,26,0,30,54,35,52,2,143,8,0,8,151
12/09/2022,MHT,NH,ANE,EN,Towers with Radar,50,31,18,0,99,0,2,32,0,34,50,33,50,0,133,24,0,24,157
12/10/2022,MHT,NH,ANE,EN,Towers with Radar,37,22,5,0,64,0,1,31,0,32,37,23,36,0,96,26,0,26,122
12/11/2022,MHT,NH,ANE,EN,Towers with Radar,44,9,6,0,59,0,1,4,0,5,44,10,10,0,64,0,0,0,64
12/12/2022,MHT,NH,ANE,EN,Towers with Radar,45,27,15,0,87,0,2,20,0,22,45,29,35,0,109,16,0,16,125
12/13/2022,MHT,NH,ANE,EN,Towers with Radar,55,35,15,0,105,0,7,19,0,26,55,42,34,0,131,0,0,0,131
12/14/2022,MHT,NH,ANE,EN,Towers with Radar,51,29,9,2,91,0,6,6,0,12,51,35,15,2,103,0,0,0,103
12/15/2022,MHT,NH,ANE,EN,Towers with Radar,52,29,9,0,90,0,0,18,0,18,52,29,27,0,108,20,0,20,128
12/16/2022,MHT,NH,ANE,EN,Towers with Radar,62,23,4,0,89,0,0,0,0,0,62,23,4,0,89,0,0,0,89
12/17/2022,MHT,NH,ANE,EN,Towers with Radar,56,16,6,0,78,0,2,7,0,9,56,18,13,0,87,0,0,0,87
12/18/2022,MHT,NH,ANE,EN,Towers with Radar,48,5,12,0,65,0,4,19,1,24,48,9,31,1,89,0,0,0,89
12/19/2022,MHT,NH,ANE,EN,Towers with Radar,51,20,15,0,86,0,4,29,0,33,51,24,44,0,119,10,0,10,129
12/20/2022,MHT,NH,ANE,EN,Towers with Radar,56,32,17,4,109,0,4,35,0,39,56,36,52,4,148,6,0,6,154
12/21/2022,MHT,NH,ANE,EN,Towers with Radar,57,29,19,0,105,0,1,39,0,40,57,30,58,0,145,0,0,0,145
12/22/2022,MHT,NH,ANE,EN,Towers with Radar,55,24,10,0,89,0,5,23,0,28,55,29,33,0,117,0,0,0,117
12/23/2022,MHT,NH,ANE,EN,Towers with Radar,38,17,2,0,57,0,0,0,0,0,38,17,2,0,57,0,0,0,57
12/24/2022,MHT,NH,ANE,EN,Towers with Radar,22,15,3,0,40,0,5,3,0,8,22,20,6,0,48,0,0,0,48
12/25/2022,MHT,NH,ANE,EN,Towers with Radar,21,2,2,0,25,0,4,2,0,6,21,6,4,0,31,0,0,0,31
12/26/2022,MHT,NH,ANE,EN,Towers with Radar,29,14,13,0,56,0,7,13,0,20,29,21,26,0,76,8,0,8,84
12/27/2022,MHT,NH,ANE,EN,Towers with Radar,33,24,11,4,72,0,6,30,0,36,33,30,41,4,108,6,0,6,114
12/28/2022,MHT,NH,ANE,EN,Towers with Radar,39,35,10,1,85,0,4,26,1,31,39,39,36,2,116,18,0,18,134
12/29/2022,MHT,NH,ANE,EN,Towers with Radar,44,27,17,0,88,0,5,22,1,28,44,32,39,1,116,4,0,4,120
12/30/2022,MHT,NH,ANE,EN,Towers with Radar,49,25,11,0,85,1,5,36,0,42,50,30,47,0,127,0,0,0,127
12/31/2022,MHT,NH,ANE,EN,Towers with Radar,48,16,4,0,68,0,4,10,0,14,48,20,14,0,82,0,0,0,82
01/01/2023,MHT,NH,ANE,EN,Towers with Radar,34,6,3,0,43,2,5,1,1,9,36,11,4,1,52,16,0,16,68
01/02/2023,MHT,NH,ANE,EN,Towers with Radar,34,12,11,0,57,0,2,29,0,31,34,14,40,0,88,0,0,0,88
01/03/2023,MHT,NH,ANE,EN,Towers with Radar,42,24,8,0,74,0,1,0,1,2,42,25,8,1,76,0,0,0,76
01/04/2023,MHT,NH,ANE,EN,Towers with Radar,50,22,11,2,85,0,0,0,0,0,50,22,11,2,85,0,0,0,85
01/05/2023,MHT,NH,ANE,EN,Towers with Radar,49,22,15,2,88,0,0,0,0,0,49,22,15,2,88,0,0,0,88
01/06/2023,MHT,NH,ANE,EN,Towers with Radar,46,20,1,0,67,0,0,0,0,0,46,20,1,0,67,0,0,0,67
01/07/2023,MHT,NH,ANE,EN,Towers with Radar,40,10,11,0,61,0,1,14,0,15,40,11,25,0,76,10,0,10,86
01/08/2023,MHT,NH,ANE,EN,Towers with Radar,38,7,17,0,62,0,4,40,0,44,38,11,57,0,106,0,0,0,106
01/09/2023,MHT,NH,ANE,EN,Towers with Radar,40,21,26,0,87,0,4,25,0,29,40,25,51,0,116,0,0,0,116
01/10/2023,MHT,NH,ANE,EN,Towers with Radar,45,29,14,2,90,0,0,22,0,22,45,29,36,2,112,20,0,20,132
01/11/2023,MHT,NH,ANE,EN,Towers with Radar,41,23,16,0,80,0,9,22,0,31,41,32,38,0,111,20,0,20,131
01/12/2023,MHT,NH,ANE,EN,Towers with Radar,48,32,7,0,87,0,0,0,0,0,48,32,7,0,87,0,0,0,87
01/13/2023,MHT,NH,ANE,EN,Towers with Radar,50,23,8,0,81,0,0,0,0,0,50,23,8,0,81,0,0,0,81
01/14/2023,MHT,NH,ANE,EN,Towers with Radar,38,11,0,0,49,0,0,1,0,1,38,11,1,0,50,0,0,0,50
01/15/2023,MHT,NH,ANE,EN,Towers with Radar,35,10,12,0,57,0,5,11,0,16,35,15,23,0,73,14,0,14,87
01/16/2023,MHT,NH,ANE,EN,Towers with Radar,35,11,6,0,52,0,0,0,0,0,35,11,6,0,52,0,0,0,52
01/17/2023,MHT,NH,ANE,EN,Towers with Radar,45,26,19,0,90,0,6,27,0,33,45,32,46,0,123,0,0,0,123
01/18/2023,MHT,NH,ANE,EN,Towers with Radar,47,27,16,12,102,0,3,24,0,27,47,30,40,12,129,10,4,14,143
01/19/2023,MHT,NH,ANE,EN,Towers with Radar,45,27,16,12,100,0,0,15,0,15,45,27,31,12,115,0,0,0,115
01/20/2023,MHT,NH,ANE,EN,Towers with Radar,43,22,10,0,75,0,0,0,0,0,43,22,10,0,75,0,0,0,75
01/21/2023,MHT,NH,ANE,EN,Towers with Radar,36,19,8,0,63,0,0,10,0,10,36,19,18,0,73,6,0,6,79
01/22/2023,MHT,NH,ANE,EN,Towers with Radar,38,11,0,0,49,0,1,7,0,8,38,12,7,0,57,34,0,34,91
01/23/2023,MHT,NH,ANE,EN,Towers with Radar,40,16,5,0,61,0,0,0,0,0,40,16,5,0,61,0,0,0,61
01/24/2023,MHT,NH,ANE,EN,Towers with Radar,46,26,11,0,83,0,2,16,0,18,46,28,27,0,101,12,0,12,113
01/25/2023,MHT,NH,ANE,EN,Towers with Radar,46,34,15,0,95,0,1,18,0,19,46,35,33,0,114,28,0,28,142
01/26/2023,MHT,NH,ANE,EN,Towers with Radar,52,26,10,2,90,0,1,2,0,3,52,27,12,2,93,0,0,0,93
01/27/2023,MHT,NH,ANE,EN,Towers with Radar,46,22,20,2,90,0,3,35,0,38,46,25,55,2,128,40,0,40,168
01/28/2023,MHT,NH,ANE,EN,Towers with Radar,36,13,7,0,56,0,3,26,0,29,36,16,33,0,85,10,0,10,95
01/29/2023,MHT,NH,ANE,EN,Towers with Radar,36,8,13,0,57,0,1,20,0,21,36,9,33,0,78,4,0,4,82
01/30/2023,MHT,NH,ANE,EN,Towers with Radar,42,23,11,0,76,0,2,39,0,41,42,25,50,0,117,18,0,18,135
01/31/2023,MHT,NH,ANE,EN,Towers with Radar,45,26,21,2,94,0,4,15,1,20,45,30,36,3,114,0,0,0,114
02/01/2023,MHT,NH,ANE,EN,Towers with Radar,43,33,19,0,95,0,1,40,0,41,43,34,59,0,136,25,0,25,161
02/02/2023,MHT,NH,ANE,EN,Towers with Radar,45,44,24,4,117,0,1,35,1,37,45,45,59,5,154,4,0,4,158
02/03/2023,MHT,NH,ANE,EN,Towers with Radar,45,30,10,0,85,0,2,13,0,15,45,32,23,0,100,0,0,0,100
02/04/2023,MHT,NH,ANE,EN,Towers with Radar,37,10,8,0,55,0,6,4,0,10,37,16,12,0,65,0,0,0,65
02/05/2023,MHT,NH,ANE,EN,Towers with Radar,36,7,4,0,47,0,7,29,0,36,36,14,33,0,83,14,0,14,97
02/06/2023,MHT,NH,ANE,EN,Towers with Radar,42,22,16,0,80,0,2,22,0,24,42,24,38,0,104,8,0,8,112
02/07/2023,MHT,NH,ANE,EN,Towers with Radar,50,36,14,0,100,0,0,21,0,21,50,36,35,0,121,19,0,19,140
02/08/2023,MHT,NH,ANE,EN,Towers with Radar,50,38,9,0,97,0,4,15,0,19,50,42,24,0,116,0,0,0,116
02/09/2023,MHT,NH,ANE,EN,Towers with Radar,54,28,17,0,99,0,2,10,0,12,54,30,27,0,111,8,0,8,119
02/10/2023,MHT,NH,ANE,EN,Towers with Radar,50,22,17,0,89,0,3,9,0,12,50,25,26,0,101,0,0,0,101
02/11/2023,MHT,NH,ANE,EN,Towers with Radar,42,17,4,0,63,0,7,14,0,21,42,24,18,0,84,0,0,0,84
02/12/2023,MHT,NH,ANE,EN,Towers with Radar,35,6,12,0,53,0,7,46,0,53,35,13,58,0,106,10,0,10,116
02/13/2023,MHT,NH,ANE,EN,Towers with Radar,42,20,16,0,78,0,2,24,0,26,42,22,40,0,104,18,0,18,122
02/14/2023,MHT,NH,ANE,EN,Towers with Radar,55,28,19,9,111,0,1,14,3,18,55,29,33,12,129,0,0,0,129
02/15/2023,MHT,NH,ANE,EN,Towers with Radar,50,29,23,0,102,0,4,25,0,29,50,33,48,0,131,6,0,6,137
02/16/2023,MHT,NH,ANE,EN,Towers with Radar,51,27,16,2,96,0,3,32,0,35,51,30,48,2,131,2,0,2,133
02/17/2023,MHT,NH,ANE,EN,Towers with Radar,48,25,13,0,86,0,0,1,0,1,48,25,14,0,87,0,0,0,87
02/18/2023,MHT,NH,ANE,EN,Towers with Radar,45,18,15,0,78,0,7,34,0,41,45,25,49,0,119,18,0,18,137
02/19/2023,MHT,NH,ANE,EN,Towers with Radar,36,8,7,0,51,0,4,21,0,25,36,12,28,0,76,6,0,6,82
02/20/2023,MHT,NH,ANE,EN,Towers with Radar,44,20,13,3,80,0,4,11,0,15,44,24,24,3,95,0,0,0,95
02/21/2023,MHT,NH,ANE,EN,Towers with Radar,49,24,5,0,78,0,0,2,0,2,49,24,7,0,80,0,0,0,80
02/22/2023,MHT,NH,ANE,EN,Towers with Radar,51,29,15,0,95,2,5,25,0,32,53,34,40,0,127,12,0,12,139
02/23/2023,MHT,NH,ANE,EN,Towers with Radar,49,26,9,0,84,0,0,0,0,0,49,26,9,0,84,0,0,0,84
02/24/2023,MHT,NH,ANE,EN,Towers with Radar,50,24,5,0,79,0,2,7,0,9,50,26,12,0,88,0,0,0,88
02/25/2023,MHT,NH,ANE,EN,Towers with Radar,47,15,17,0,79,0,2,14,0,16,47,17,31,0,95,0,0,0,95
02/26/2023,MHT,NH,ANE,EN,Towers with Radar,37,10,7,0,54,0,0,2,0,2,37,10,9,0,56,0,0,0,56
02/27/2023,MHT,NH,ANE,EN,Towers with Radar,43,24,19,1,87,0,5,28,1,34,43,29,47,2,121,35,0,35,156
02/28/2023,MHT,NH,ANE,EN,Towers with Radar,51,28,8,0,87,0,0,0,0,0,51,28,8,0,87,0,0,0,87
03/01/2023,MHT,NH,ANE,EN,Towers with Radar,49,31,15,0,95,0,0,33,0,33,49,31,48,0,128,24,0,24,152
03/02/2023,MHT,NH,ANE,EN,Towers with Radar,50,21,8,0,79,0,1,0,0,1,50,22,8,0,80,0,0,0,80
03/03/2023,MHT,NH,ANE,EN,Towers with Radar,44,21,13,0,78,0,1,15,0,16,44,22,28,0,94,0,0,0,94
03/04/2023,MHT,NH,ANE,EN,Towers with Radar,35,7,4,0,46,0,0,0,0,0,35,7,4,0,46,0,0,0,46
03/05/2023,MHT,NH,ANE,EN,Towers with Radar,35,14,4,0,53,0,6,16,0,22,35,20,20,0,75,0,0,0,75
03/06/2023,MHT,NH,ANE,EN,Towers with Radar,44,21,8,0,73,0,5,9,0,14,44,26,17,0,87,6,0,6,93
03/07/2023,MHT,NH,ANE,EN,Towers with Radar,49,28,24,4,105,0,1,12,0,13,49,29,36,4,118,20,0,20,138
03/08/2023,MHT,NH,ANE,EN,Towers with Radar,51,30,27,0,108,0,2,22,0,24,51,32,49,0,132,16,0,16,148
03/09/2023,MHT,NH,ANE,EN,Towers with Radar,59,31,16,1,107,0,2,32,3,37,59,33,48,4,144,62,2,64,208
03/10/2023,MHT,NH,ANE,EN,Towers with Radar,47,21,32,4,104,0,3,39,0,42,47,24,71,4,146,14,0,14,160
03/11/2023,MHT,NH,ANE,EN,Towers with Radar,42,17,8,0,67,0,4,7,0,11,42,21,15,0,78,14,0,14,92
03/12/2023,MHT,NH,ANE,EN,Towers with Radar,32,15,18,0,65,0,4,38,0,42,32,19,56,0,107,14,0,14,121
03/13/2023,MHT,NH,ANE,EN,Towers with Radar,43,15,13,0,71,0,0,0,0,0,43,15,13,0,71,12,0,12,83
03/14/2023,MHT,NH,ANE,EN,Towers with Radar,17,3,2,0,22,0,0,0,0,0,17,3,2,0,22,0,0,0,22
03/15/2023,MHT,NH,ANE,EN,Towers with Radar,42,37,19,0,98,0,1,0,0,1,42,38,19,0,99,0,0,0,99
03/16/2023,MHT,NH,ANE,EN,Towers with Radar,55,30,19,0,104,0,4,29,0,33,55,34,48,0,137,8,0,8,145
03/17/2023,MHT,NH,ANE,EN,Towers with Radar,49,23,12,10,94,0,0,22,0,22,49,23,34,10,116,8,22,30,146
03/18/2023,MHT,NH,ANE,EN,Towers with Radar,39,17,10,0,66,0,9,20,0,29,39,26,30,0,95,0,0,0,95
03/19/2023,MHT,NH,ANE,EN,Towers with Radar,33,9,8,0,50,0,1,3,0,4,33,10,11,0,54,0,0,0,54
03/20/2023,MHT,NH,ANE,EN,Towers with Radar,45,24,12,0,81,0,13,18,0,31,45,37,30,0,112,34,0,34,146
03/21/2023,MHT,NH,ANE,EN,Towers with Radar,55,30,9,2,96,0,4,30,0,34,55,34,39,2,130,18,0,18,148
03/22/2023,MHT,NH,ANE,EN,Towers with Radar,53,28,19,0,100,0,3,17,0,20,53,31,36,0,120,2,0,2,122
03/23/2023,MHT,NH,ANE,EN,Towers with Radar,53,31,22,17,123,0,0,0,0,0,53,31,22,17,123,0,20,20,143
03/24/2023,MHT,NH,ANE,EN,Towers with Radar,52,26,18,2,98,0,15,30,0,45,52,41,48,2,143,26,0,26,169
03/25/2023,MHT,NH,ANE,EN,Towers with Radar,39,14,5,0,58,0,2,4,0,6,39,16,9,0,64,0,0,0,64
03/26/2023,MHT,NH,ANE,EN,Towers with Radar,28,11,17,0,56,0,1,8,0,9,28,12,25,0,65,0,0,0,65
03/27/2023,MHT,NH,ANE,EN,Towers with Radar,48,22,19,0,89,0,1,24,0,25,48,23,43,0,114,0,0,0,114
03/28/2023,MHT,NH,ANE,EN,Towers with Radar,51,20,19,0,90,0,5,14,0,19,51,25,33,0,109,0,0,0,109
03/29/2023,MHT,NH,ANE,EN,Towers with Radar,53,29,22,16,120,0,2,33,0,35,53,31,55,16,155,0,0,0,155
03/30/2023,MHT,NH,ANE,EN,Towers with Radar,54,28,12,0,94,0,7,20,0,27,54,35,32,0,121,40,0,40,161
03/31/2023,MHT,NH,ANE,EN,Towers with Radar,50,21,14,0,85,0,2,35,0,37,50,23,49,0,122,6,0,6,128
04/01/2023,MHT,NH,ANE,EN,Towers with Radar,37,7,9,0,53,0,0,0,0,0,37,7,9,0,53,10,0,10,63
04/02/2023,MHT,NH,ANE,EN,Towers with Radar,36,6,3,0,45,0,7,12,0,19,36,13,15,0,64,0,0,0,64
04/03/2023,MHT,NH,ANE,EN,Towers with Radar,39,23,11,0,73,0,6,27,2,35,39,29,38,2,108,6,0,6,114
04/04/2023,MHT,NH,ANE,EN,Towers with Radar,52,30,24,0,106,0,1,25,0,26,52,31,49,0,132,8,0,8,140
04/05/2023,MHT,NH,ANE,EN,Towers with Radar,53,30,5,0,88,0,6,9,0,15,53,36,14,0,103,0,0,0,103
04/06/2023,MHT,NH,ANE,EN,Towers with Radar,54,24,21,2,101,0,1,7,0,8,54,25,28,2,109,0,0,0,109
04/07/2023,MHT,NH,ANE,EN,Towers with Radar,52,26,14,0,92,0,5,24,0,29,52,31,38,0,121,0,0,0,121
04/08/2023,MHT,NH,ANE,EN,Towers with Radar,40,9,13,1,63,0,5,27,0,32,40,14,40,1,95,0,0,0,95
04/09/2023,MHT,NH,ANE,EN,Towers with Radar,37,9,9,0,55,0,3,20,0,23,37,12,29,0,78,4,0,4,82
04/10/2023,MHT,NH,ANE,EN,Towers with Radar,46,21,14,0,81,0,1,30,0,31,46,22,44,0,112,16,0,16,128
04/11/2023,MHT,NH,ANE,EN,Towers with Radar,51,32,19,2,104,0,2,20,0,22,51,34,39,2,126,6,0,6,132
04/12/2023,MHT,NH,ANE,EN,Towers with Radar,55,23,18,4,100,0,2,20,0,22,55,25,38,4,122,20,0,20,142
04/13/2023,MHT,NH,ANE,EN,Towers with Radar,54,26,20,0,100,0,9,30,0,39,54,35,50,0,139,48,0,48,187
04/14/2023,MHT,NH,ANE,EN,Towers with Radar,54,22,14,1,91,0,3,38,1,42,54,25,52,2,133,0,0,0,133
04/15/2023,MHT,NH,ANE,EN,Towers with Radar,37,10,10,0,57,0,3,30,0,33,37,13,40,0,90,0,0,0,90
04/16/2023,MHT,NH,ANE,EN,Towers with Radar,40,14,18,0,72,0,0,0,0,0,40,14,18,0,72,0,0,0,72
04/17/2023,MHT,NH,ANE,EN,Towers with Radar,47,21,11,0,79,0,0,0,0,0,47,21,11,0,79,0,0,0,79
04/18/2023,MHT,NH,ANE,EN,Towers with Radar,53,35,14,4,106,0,4,12,1,17,53,39,26,5,123,0,0,0,123
04/19/2023,MHT,NH,ANE,EN,Towers with Radar,63,28,18,0,109,0,8,26,0,34,63,36,44,0,143,0,0,0,143
04/20/2023,MHT,NH,ANE,EN,Towers with Radar,59,30,23,1,113,1,4,32,4,41,60,34,55,5,154,20,0,20,174
04/21/2023,MHT,NH,ANE,EN,Towers with Radar,60,23,20,0,103,0,8,49,0,57,60,31,69,0,160,14,0,14,174
04/22/2023,MHT,NH,ANE,EN,Towers with Radar,42,17,15,0,74,0,2,8,0,10,42,19,23,0,84,0,0,0,84
04/23/2023,MHT,NH,ANE,EN,Towers with Radar,46,9,11,0,66,0,0,0,0,0,46,9,11,0,66,0,0,0,66
04/24/2023,MHT,NH,ANE,EN,Towers with Radar,56,17,15,0,88,0,0,7,0,7,56,17,22,0,95,0,0,0,95
04/25/2023,MHT,NH,ANE,EN,Towers with Radar,57,24,18,0,99,0,0,2,0,2,57,24,20,0,101,0,0,0,101
04/26/2023,MHT,NH,ANE,EN,Towers with Radar,59,30,17,0,106,0,2,46,0,48,59,32,63,0,154,3,0,3,157
04/27/2023,MHT,NH,ANE,EN,Towers with Radar,57,30,15,0,102,0,0,27,0,27,57,30,42,0,129,0,0,0,129
04/28/2023,MHT,NH,ANE,EN,Towers with Radar,62,19,7,0,88,0,8,37,0,45,62,27,44,0,133,0,0,0,133
04/29/2023,MHT,NH,ANE,EN,Towers with Radar,42,12,3,0,57,0,7,5,0,12,42,19,8,0,69,0,0,0,69
04/30/2023,MHT,NH,ANE,EN,Towers with Radar,44,14,5,0,63,0,0,0,0,0,44,14,5,0,63,0,0,0,63
05/01/2023,MHT,NH,ANE,EN,Towers with Radar,52,30,11,0,93,0,2,5,0,7,52,32,16,0,100,12,0,12,112
05/02/2023,MHT,NH,ANE,EN,Towers with Radar,57,29,18,0,104,0,0,0,0,0,57,29,18,0,104,0,0,0,104
05/03/2023,MHT,NH,ANE,EN,Towers with Radar,61,34,15,0,110,0,0,3,0,3,61,34,18,0,113,0,0,0,113
05/04/2023,MHT,NH,ANE,EN,Towers with Radar,56,32,13,0,101,0,2,3,0,5,56,34,16,0,106,0,0,0,106
05/05/2023,MHT,NH,ANE,EN,Towers with Radar,53,28,10,0,91,0,1,33,0,34,53,29,43,0,125,0,0,0,125
05/06/2023,MHT,NH,ANE,EN,Towers with Radar,41,12,8,0,61,0,0,22,0,22,41,12,30,0,83,0,0,0,83
05/07/2023,MHT,NH,ANE,EN,Towers with Radar,38,13,7,0,58,0,1,25,0,26,38,14,32,0,84,6,0,6,90
05/08/2023,MHT,NH,ANE,EN,Towers with Radar,45,26,16,0,87,0,1,13,0,14,45,27,29,0,101,0,0,0,101
05/09/2023,MHT,NH,ANE,EN,Towers with Radar,54,27,13,0,94,0,6,29,0,35,54,33,42,0,129,0,0,0,129
05/10/2023,MHT,NH,ANE,EN,Towers with Radar,54,35,16,2,107,0,4,31,0,35,54,39,47,2,142,0,0,0,142
05/11/2023,MHT,NH,ANE,EN,Towers with Radar,55,34,6,2,97,0,6,37,0,43,55,40,43,2,140,0,0,0,140
05/12/2023,MHT,NH,ANE,EN,Towers with Radar,52,22,7,0,81,0,3,32,0,35,52,25,39,0,116,0,0,0,116
05/13/2023,MHT,NH,ANE,EN,Towers with Radar,41,11,6,0,58,0,7,15,0,22,41,18,21,0,80,0,0,0,80
05/14/2023,MHT,NH,ANE,EN,Towers with Radar,36,10,9,0,55,0,4,10,0,14,36,14,19,0,69,0,0,0,69
05/15/2023,MHT,NH,ANE,EN,Towers with Radar,43,24,19,0,86,0,6,32,0,38,43,30,51,0,124,10,0,10,134
05/16/2023,MHT,NH,ANE,EN,Towers with Radar,51,27,21,2,101,0,6,24,0,30,51,33,45,2,131,0,0,0,131
05/17/2023,MHT,NH,ANE,EN,Towers with Radar,54,28,9,1,92,0,5,14,1,20,54,33,23,2,112,0,0,0,112
05/18/2023,MHT,NH,ANE,EN,Towers with Radar,50,35,17,0,102,0,4,34,2,40,50,39,51,2,142,0,0,0,142
05/19/2023,MHT,NH,ANE,EN,Towers with Radar,51,28,4,0,83,0,2,34,0,36,51,30,38,0,119,0,0,0,119
05/20/2023,MHT,NH,ANE,EN,Towers with Radar,24,8,4,0,36,0,2,0,0,2,24,10,4,0,38,0,0,0,38
05/21/2023,MHT,NH,ANE,EN,Towers with Radar,45,11,4,0,60,0,4,12,0,16,45,15,16,0,76,0,0,0,76
05/22/2023,MHT,NH,ANE,EN,Towers with Radar,49,19,10,0,78,0,6,13,0,19,49,25,23,0,97,0,0,0,97
05/23/2023,MHT,NH,ANE,EN,Towers with Radar,56,26,13,0,95,0,4,23,0,27,56,30,36,0,122,0,0,0,122
05/24/2023,MHT,NH,ANE,EN,Towers with Radar,57,32,13,0,102,0,0,24,0,24,57,32,37,0,126,0,0,0,126
05/25/2023,MHT,NH,ANE,EN,Towers with Radar,55,32,13,0,100,0,6,43,0,49,55,38,56,0,149,0,0,0,149
05/26/2023,MHT,NH,ANE,EN,Towers with Radar,51,23,13,0,87,0,8,35,0,43,51,31,48,0,130,0,0,0,130
05/27/2023,MHT,NH,ANE,EN,Towers with Radar,38,9,7,0,54,0,3,25,0,28,38,12,32,0,82,0,0,0,82
05/28/2023,MHT,NH,ANE,EN,Towers with Radar,36,5,3,0,44,0,5,23,1,29,36,10,26,1,73,0,0,0,73
05/29/2023,MHT,NH,ANE,EN,Towers with Radar,40,13,9,0,62,0,5,26,2,33,40,18,35,2,95,0,0,0,95
05/30/2023,MHT,NH,ANE,EN,Towers with Radar,47,26,7,0,80,0,10,35,0,45,47,36,42,0,125,0,0,0,125
05/31/2023,MHT,NH,ANE,EN,Towers with Radar,54,29,5,0,88,0,4,37,0,41,54,33,42,0,129,0,0,0,129
06/01/2023,MHT,NH,ANE,EN,Towers with Radar,55,32,8,0,95,0,7,39,0,46,55,39,47,0,141,0,0,0,141
06/02/2023,MHT,NH,ANE,EN,Towers with Radar,62,25,5,0,92,0,6,21,0,27,62,31,26,0,119,0,0,0,119
06/03/2023,MHT,NH,ANE,EN,Towers with Radar,36,11,23,0,70,0,0,0,0,0,36,11,23,0,70,0,0,0,70
06/04/2023,MHT,NH,ANE,EN,Towers with Radar,41,15,5,0,61,0,0,0,0,0,41,15,5,0,61,0,0,0,61
06/05/2023,MHT,NH,ANE,EN,Towers with Radar,50,22,17,0,89,0,5,9,0,14,50,27,26,0,103,0,0,0,103
06/06/2023,MHT,NH,ANE,EN,Towers with Radar,55,33,17,0,105,0,2,25,0,27,55,35,42,0,132,0,0,0,132
06/07/2023,MHT,NH,ANE,EN,Towers with Radar,53,35,8,0,96,0,2,17,0,19,53,37,25,0,115,0,0,0,115
06/08/2023,MHT,NH,ANE,EN,Towers with Radar,58,40,20,0,118,0,1,9,0,10,58,41,29,0,128,12,0,12,140
06/09/2023,MHT,NH,ANE,EN,Towers with Radar,55,27,20,2,104,0,1,15,1,17,55,28,35,3,121,0,0,0,121
06/10/2023,MHT,NH,ANE,EN,Towers with Radar,44,18,21,1,84,0,3,6,1,10,44,21,27,2,94,0,0,0,94
06/11/2023,MHT,NH,ANE,EN,Towers with Radar,52,10,25,1,88,0,7,49,0,56,52,17,74,1,144,22,0,22,166
06/12/2023,MHT,NH,ANE,EN,Towers with Radar,49,27,15,0,91,0,3,35,0,38,49,30,50,0,129,0,0,0,129
06/13/2023,MHT,NH,ANE,EN,Towers with Radar,58,31,8,0,97,0,0,0,0,0,58,31,8,0,97,0,0,0,97
06/14/2023,MHT,NH,ANE,EN,Towers with Radar,60,29,14,0,103,0,3,10,0,13,60,32,24,0,116,0,0,0,116
06/15/2023,MHT,NH,ANE,EN,Towers with Radar,58,35,18,1,112,0,2,20,2,24,58,37,38,3,136,0,0,0,136
06/16/2023,MHT,NH,ANE,EN,Towers with Radar,58,24,17,1,100,0,4,23,1,28,58,28,40,2,128,18,0,18,146
06/17/2023,MHT,NH,ANE,EN,Towers with Radar,40,11,16,0,67,0,0,0,0,0,40,11,16,0,67,0,0,0,67
06/18/2023,MHT,NH,ANE,EN,Towers with Radar,42,7,10,1,60,0,10,5,0,15,42,17,15,1,75,0,0,0,75
06/19/2023,MHT,NH,ANE,EN,Towers with Radar,49,23,26,0,98,0,7,18,0,25,49,30,44,0,123,14,0,14,137
06/20/2023,MHT,NH,ANE,EN,Towers with Radar,55,38,31,0,124,0,6,9,1,16,55,44,40,1,140,0,0,0,140
06/21/2023,MHT,NH,ANE,EN,Towers with Radar,57,33,21,0,111,0,5,17,0,22,57,38,38,0,133,0,0,0,133
06/22/2023,MHT,NH,ANE,EN,Towers with Radar,64,37,25,0,126,0,7,17,0,24,64,44,42,0,150,10,0,10,160
06/23/2023,MHT,NH,ANE,EN,Towers with Radar,50,23,32,0,105,0,2,17,0,19,50,25,49,0,124,0,0,0,124
06/24/2023,MHT,NH,ANE,EN,Towers with Radar,41,12,9,0,62,0,3,0,0,3,41,15,9,0,65,0,0,0,65
06/25/2023,MHT,NH,ANE,EN,Towers with Radar,42,9,5,0,56,0,3,7,0,10,42,12,12,0,66,0,0,0,66
06/26/2023,MHT,NH,ANE,EN,Towers with Radar,45,24,13,2,84,0,0,0,0,0,45,24,13,2,84,0,0,0,84
06/27/2023,MHT,NH,ANE,EN,Towers with Radar,54,36,20,0,110,0,2,2,0,4,54,38,22,0,114,0,0,0,114
06/28/2023,MHT,NH,ANE,EN,Towers with Radar,58,34,16,0,108,0,1,0,0,1,58,35,16,0,109,0,0,0,109
06/29/2023,MHT,NH,ANE,EN,Towers with Radar,61,30,29,2,122,0,4,25,0,29,61,34,54,2,151,14,0,14,165
06/30/2023,MHT,NH,ANE,EN,Towers with Radar,55,34,7,0,96,0,7,34,0,41,55,41,41,0,137,0,0,0,137
07/01/2023,MHT,NH,ANE,EN,Towers with Radar,47,13,13,0,73,0,2,8,0,10,47,15,21,0,83,0,0,0,83
07/02/2023,MHT,NH,ANE,EN,Towers with Radar,42,13,8,0,63,0,0,0,0,0,42,13,8,0,63,0,0,0,63
07/03/2023,MHT,NH,ANE,EN,Towers with Radar,43,23,11,0,77,0,2,3,0,5,43,25,14,0,82,0,0,0,82
07/04/2023,MHT,NH,ANE,EN,Towers with Radar,38,12,14,0,64,0,1,0,0,1,38,13,14,0,65,0,0,0,65
07/05/2023,MHT,NH,ANE,EN,Towers with Radar,53,29,19,0,101,2,2,25,0,29,55,31,44,0,130,22,0,22,152
07/06/2023,MHT,NH,ANE,EN,Towers with Radar,62,28,22,0,112,0,7,31,3,41,62,35,53,3,153,24,0,24,177
07/07/2023,MHT,NH,ANE,EN,Towers with Radar,57,21,13,0,91,0,5,38,0,43,57,26,51,0,134,14,0,14,148
07/08/2023,MHT,NH,ANE,EN,Towers with Radar,46,23,13,0,82,0,2,13,0,15,46,25,26,0,97,6,0,6,103
07/09/2023,MHT,NH,ANE,EN,Towers with Radar,42,8,12,0,62,0,0,6,0,6,42,8,18,0,68,0,0,0,68
07/10/2023,MHT,NH,ANE,EN,Towers with Radar,53,30,11,0,94,0,0,0,0,0,53,30,11,0,94,0,0,0,94
07/11/2023,MHT,NH,ANE,EN,Towers with Radar,58,34,17,3,112,0,4,35,1,40,58,38,52,4,152,10,0,10,162
07/12/2023,MHT,NH,ANE,EN,Towers with Radar,63,34,21,0,118,0,4,39,0,43,63,38,60,0,161,20,0,20,181
07/13/2023,MHT,NH,ANE,EN,Towers with Radar,58,26,5,0,89,0,3,26,0,29,58,29,31,0,118,16,0,16,134
07/14/2023,MHT,NH,ANE,EN,Towers with Radar,57,44,23,0,124,0,5,14,0,19,57,49,37,0,143,2,0,2,145
07/15/2023,MHT,NH,ANE,EN,Towers with Radar,46,19,10,0,75,0,3,1,0,4,46,22,11,0,79,2,0,2,81
07/16/2023,MHT,NH,ANE,EN,Towers with Radar,48,18,8,0,74,0,0,0,0,0,48,18,8,0,74,0,0,0,74
07/17/2023,MHT,NH,ANE,EN,Towers with Radar,54,37,27,2,120,0,6,24,0,30,54,43,51,2,150,0,0,0,150
07/18/2023,MHT,NH,ANE,EN,Towers with Radar,68,33,16,0,117,2,2,4,0,8,70,35,20,0,125,0,0,0,125
07/19/2023,MHT,NH,ANE,EN,Towers with Radar,59,29,10,0,98,0,8,38,0,46,59,37,48,0,144,42,0,42,186
07/20/2023,MHT,NH,ANE,EN,Towers with Radar,61,30,15,0,106,2,2,60,0,64,63,32,75,0,170,34,0,34,204
07/21/2023,MHT,NH,ANE,EN,Towers with Radar,62,23,16,0,101,0,1,10,0,11,62,24,26,0,112,22,0,22,134
07/22/2023,MHT,NH,ANE,EN,Towers with Radar,45,13,23,0,81,0,14,10,0,24,45,27,33,0,105,0,0,0,105
07/23/2023,MHT,NH,ANE,EN,Towers with Radar,44,17,18,0,79,0,11,27,1,39,44,28,45,1,118,16,0,16,134
07/24/2023,MHT,NH,ANE,EN,Towers with Radar,57,17,15,0,89,0,11,31,0,42,57,28,46,0,131,0,0,0,131
07/25/2023,MHT,NH,ANE,EN,Towers with Radar,59,27,15,3,104,0,3,25,0,28,59,30,40,3,132,16,0,16,148
07/26/2023,MHT,NH,ANE,EN,Towers with Radar,60,26,10,0,96,0,9,31,1,41,60,35,41,1,137,8,0,8,145
07/27/2023,MHT,NH,ANE,EN,Towers with Radar,62,33,17,2,114,0,0,10,0,10,62,33,27,2,124,2,0,2,126
07/28/2023,MHT,NH,ANE,EN,Towers with Radar,47,28,6,0,81,0,7,19,0,26,47,35,25,0,107,12,0,12,119
07/29/2023,MHT,NH,ANE,EN,Towers with Radar,51,11,12,0,74,0,5,3,0,8,51,16,15,0,82,2,0,2,84
07/30/2023,MHT,NH,ANE,EN,Towers with Radar,51,14,6,0,71,0,15,18,0,33,51,29,24,0,104,6,0,6,110
07/31/2023,MHT,NH,ANE,EN,Towers with Radar,51,22,8,1,82,0,3,20,1,24,51,25,28,2,106,2,0,2,108
08/01/2023,MHT,NH,ANE,EN,Towers with Radar,60,29,10,0,99,0,9,28,2,39,60,38,38,2,138,22,0,22,160
08/02/2023,MHT,NH,ANE,EN,Towers with Radar,61,36,15,0,112,0,2,38,2,42,61,38,53,2,154,28,0,28,182
08/03/2023,MHT,NH,ANE,EN,Towers with Radar,63,33,18,0,114,0,11,29,0,40,63,44,47,0,154,18,0,18,172
08/04/2023,MHT,NH,ANE,EN,Towers with Radar,53,31,17,0,101,0,0,4,0,4,53,31,21,0,105,14,0,14,119
08/05/2023,MHT,NH,ANE,EN,Towers with Radar,40,12,13,0,65,0,4,15,2,21,40,16,28,2,86,0,0,0,86
08/06/2023,MHT,NH,ANE,EN,Towers with Radar,41,13,8,0,62,0,3,36,0,39,41,16,44,0,101,8,0,8,109
08/07/2023,MHT,NH,ANE,EN,Towers with Radar,45,22,8,0,75,0,2,8,0,10,45,24,16,0,85,0,0,0,85
08/08/2023,MHT,NH,ANE,EN,Towers with Radar,62,38,14,0,114,0,0,2,0,2,62,38,16,0,116,4,0,4,120
08/09/2023,MHT,NH,ANE,EN,Towers with Radar,56,36,12,0,104,0,4,14,0,18,56,40,26,0,122,0,0,0,122
08/10/2023,MHT,NH,ANE,EN,Towers with Radar,60,35,11,0,106,0,13,25,0,38,60,48,36,0,144,16,0,16,160
08/11/2023,MHT,NH,ANE,EN,Towers with Radar,53,26,8,0,87,0,8,24,3,35,53,34,32,3,122,6,0,6,128
08/12/2023,MHT,NH,ANE,EN,Towers with Radar,42,11,11,0,64,0,6,29,0,35,42,17,40,0,99,24,0,24,123
08/13/2023,MHT,NH,ANE,EN,Towers with Radar,45,15,11,0,71,0,8,6,1,15,45,23,17,1,86,6,0,6,92
08/14/2023,MHT,NH,ANE,EN,Towers with Radar,46,23,16,0,85,0,8,33,0,41,46,31,49,0,126,10,0,10,136
08/15/2023,MHT,NH,ANE,EN,Towers with Radar,59,26,24,1,110,0,0,0,1,1,59,26,24,2,111,0,22,22,133
08/16/2023,MHT,NH,ANE,EN,Towers with Radar,51,33,24,0,108,0,0,3,0,3,51,33,27,0,111,4,0,4,115
08/17/2023,MHT,NH,ANE,EN,Towers with Radar,55,33,23,0,111,0,2,6,0,8,55,35,29,0,119,26,0,26,145
08/18/2023,MHT,NH,ANE,EN,Towers with Radar,63,20,16,0,99,0,2,8,0,10,63,22,24,0,109,0,0,0,109
08/19/2023,MHT,NH,ANE,EN,Towers with Radar,39,17,5,0,61,0,10,84,0,94,39,27,89,0,155,0,0,0,155
08/20/2023,MHT,NH,ANE,EN,Towers with Radar,49,11,13,0,73,0,9,28,0,37,49,20,41,0,110,2,0,2,112
08/21/2023,MHT,NH,ANE,EN,Towers with Radar,41,21,20,0,82,0,8,28,1,37,41,29,48,1,119,20,0,20,139
08/22/2023,MHT,NH,ANE,EN,Towers with Radar,53,28,18,2,101,0,14,37,1,52,53,42,55,3,153,7,0,7,160
08/23/2023,MHT,NH,ANE,EN,Towers with Radar,50,27,14,0,91,0,22,46,2,70,50,49,60,2,161,20,0,20,181
08/24/2023,MHT,NH,ANE,EN,Towers with Radar,51,33,17,0,101,0,6,36,0,42,51,39,53,0,143,32,0,32,175
08/25/2023,MHT,NH,ANE,EN,Towers with Radar,55,21,10,0,86,0,0,0,0,0,55,21,10,0,86,0,0,0,86
08/26/2023,MHT,NH,ANE,EN,Towers with Radar,42,18,5,0,65,0,8,17,1,26,42,26,22,1,91,0,0,0,91
08/27/2023,MHT,NH,ANE,EN,Towers with Radar,44,15,8,0,67,0,2,6,0,8,44,17,14,0,75,0,0,0,75
08/28/2023,MHT,NH,ANE,EN,Towers with Radar,41,21,27,0,89,0,5,26,0,31,41,26,53,0,120,30,0,30,150
08/29/2023,MHT,NH,ANE,EN,Towers with Radar,55,34,26,0,115,0,3,17,0,20,55,37,43,0,135,50,0,50,185
08/30/2023,MHT,NH,ANE,EN,Towers with Radar,49,29,4,0,82,0,2,2,2,6,49,31,6,2,88,0,0,0,88
08/31/2023,MHT,NH,ANE,EN,Towers with Radar,55,34,13,2,104,0,12,37,1,50,55,46,50,3,154,0,0,0,154
