01/01/2020,MIA,FL,ASO,ES,Combined TRACON& Tower with Radar,965,117,21,0,1103,0,0,4,0,4,965,117,25,0,1107,0,0,0,1107
01/02/2020,MIA,FL,ASO,ES,Combined TRACON& Tower with Radar,1071,172,37,3,1283,0,3,9,0,12,1071,175,46,3,1295,0,0,0,1295
01/03/2020,MIA,FL,ASO,ES,Combined TRACON& Tower with Radar,1113,159,37,1,1310,0,0,11,0,11,1113,159,48,1,1321,0,0,0,1321
01/04/2020,MIA,FL,ASO,ES,Combined TRACON& Tower with Radar,1100,178,47,0,1325,0,0,4,0,4,1100,178,51,0,1329,0,0,0,1329
01/05/2020,MIA,FL,ASO,ES,Combined TRACON& Tower with Radar,1124,142,65,0,1331,1,0,8,0,9,1125,142,73,0,1340,0,0,0,1340
01/06/2020,MIA,FL,ASO,ES,Combined TRACON& Tower with Radar,1061,161,72,0,1294,0,1,4,0,5,1061,162,76,0,1299,0,0,0,1299
01/07/2020,MIA,FL,ASO,ES,Combined TRACON& Tower with Radar,1000,122,47,2,1171,0,0,3,0,3,1000,122,50,2,1174,0,0,0,1174
01/08/2020,MIA,FL,ASO,ES,Combined TRACON& Tower with Radar,1022,139,61,0,1222,0,2,9,0,11,1022,141,70,0,1233,0,0,0,1233
01/09/2020,MIA,FL,ASO,ES,Combined TRACON& Tower with Radar,1063,139,54,0,1256,0,0,1,0,1,1063,139,55,0,1257,0,0,0,1257
01/10/2020,MIA,FL,ASO,ES,Combined TRACON& Tower with Radar,1029,131,38,2,1200,0,0,7,0,7,1029,131,45,2,1207,0,0,0,1207
01/11/2020,MIA,FL,ASO,ES,Combined TRACON& Tower with Radar,980,103,35,0,1118,0,2,5,0,7,980,105,40,0,1125,0,0,0,1125
01/12/2020,MIA,FL,ASO,ES,Combined TRACON& Tower with Radar,1021,103,31,2,1157,0,1,7,1,9,1021,104,38,3,1166,0,0,0,1166
01/13/2020,MIA,FL,ASO,ES,Combined TRACON& Tower with Radar,998,135,34,2,1169,1,0,4,0,5,999,135,38,2,1174,0,0,0,1174
01/14/2020,MIA,FL,ASO,ES,Combined TRACON& Tower with Radar,983,114,32,1,1130,0,2,6,0,8,983,116,38,1,1138,0,0,0,1138
01/15/2020,MIA,FL,ASO,ES,Combined TRACON& Tower with Radar,1017,132,41,2,1192,0,0,0,0,0,1017,132,41,2,1192,0,0,0,1192
01/16/2020,MIA,FL,ASO,ES,Combined TRACON& Tower with Radar,1064,161,51,0,1276,0,0,4,2,6,1064,161,55,2,1282,0,0,0,1282
01/17/2020,MIA,FL,ASO,ES,Combined TRACON& Tower with Radar,1034,157,54,0,1245,0,0,5,0,5,1034,157,59,0,1250,0,0,0,1250
01/18/2020,MIA,FL,ASO,ES,Combined TRACON& Tower with Radar,1029,118,39,0,1186,0,0,8,0,8,1029,118,47,0,1194,0,0,0,1194
01/19/2020,MIA,FL,ASO,ES,Combined TRACON& Tower with Radar,1042,105,22,0,1169,0,0,4,0,4,1042,105,26,0,1173,0,0,0,1173
01/20/2020,MIA,FL,ASO,ES,Combined TRACON& Tower with Radar,1014,143,63,0,1220,0,1,8,0,9,1014,144,71,0,1229,0,0,0,1229
01/21/2020,MIA,FL,ASO,ES,Combined TRACON& Tower with Radar,999,149,33,2,1183,0,6,3,0,9,999,155,36,2,1192,0,0,0,1192
01/22/2020,MIA,FL,ASO,ES,Combined TRACON& Tower with Radar,1045,127,51,3,1226,0,1,10,0,11,1045,128,61,3,1237,0,0,0,1237
01/23/2020,MIA,FL,ASO,ES,Combined TRACON& Tower with Radar,1063,144,33,5,1245,0,4,5,0,9,1063,148,38,5,1254,0,0,0,1254
01/24/2020,MIA,FL,ASO,ES,Combined TRACON& Tower with Radar,1073,135,37,0,1245,0,0,8,0,8,1073,135,45,0,1253,0,0,0,1253
01/25/2020,MIA,FL,ASO,ES,Combined TRACON& Tower with Radar,1052,119,31,0,1202,0,0,7,0,7,1052,119,38,0,1209,0,0,0,1209
01/26/2020,MIA,FL,ASO,ES,Combined TRACON& Tower with Radar,1050,135,52,1,1238,0,3,14,1,18,1050,138,66,2,1256,0,0,0,1256
01/27/2020,MIA,FL,ASO,ES,Combined TRACON& Tower with Radar,1036,136,48,1,1221,0,0,9,0,9,1036,136,57,1,1230,0,0,0,1230
01/28/2020,MIA,FL,ASO,ES,Combined TRACON& Tower with Radar,1032,125,28,2,1187,0,0,8,2,10,1032,125,36,4,1197,0,0,0,1197
01/29/2020,MIA,FL,ASO,ES,Combined TRACON& Tower with Radar,1057,106,30,3,1196,0,0,16,0,16,1057,106,46,3,1212,0,0,0,1212
01/30/2020,MIA,FL,ASO,ES,Combined TRACON& Tower with Radar,1082,158,56,2,1298,0,1,7,0,8,1082,159,63,2,1306,0,0,0,1306
01/31/2020,MIA,FL,ASO,ES,Combined TRACON& Tower with Radar,1108,147,56,0,1311,1,0,13,0,14,1109,147,69,0,1325,0,0,0,1325
02/01/2020,MIA,FL,ASO,ES,Combined TRACON& Tower with Radar,1100,112,47,0,1259,1,0,0,0,1,1101,112,47,0,1260,0,0,0,1260
02/02/2020,MIA,FL,ASO,ES,Combined TRACON& Tower with Radar,1076,110,44,1,1231,0,0,7,0,7,1076,110,51,1,1238,0,0,0,1238
02/03/2020,MIA,FL,ASO,ES,Combined TRACON& Tower with Radar,1134,182,93,2,1411,0,4,4,0,8,1134,186,97,2,1419,0,0,0,1419
02/04/2020,MIA,FL,ASO,ES,Combined TRACON& Tower with Radar,1048,144,39,2,1233,0,2,10,0,12,1048,146,49,2,1245,0,0,0,1245
02/05/2020,MIA,FL,ASO,ES,Combined TRACON& Tower with Radar,1055,149,68,0,1272,0,0,13,0,13,1055,149,81,0,1285,0,0,0,1285
02/06/2020,MIA,FL,ASO,ES,Combined TRACON& Tower with Radar,1035,137,61,2,1235,0,2,6,0,8,1035,139,67,2,1243,0,0,0,1243
02/07/2020,MIA,FL,ASO,ES,Combined TRACON& Tower with Radar,1054,165,65,0,1284,0,0,5,0,5,1054,165,70,0,1289,0,0,0,1289
02/08/2020,MIA,FL,ASO,ES,Combined TRACON& Tower with Radar,1030,112,31,1,1174,0,0,9,0,9,1030,112,40,1,1183,0,0,0,1183
02/09/2020,MIA,FL,ASO,ES,Combined TRACON& Tower with Radar,1037,132,54,1,1224,0,1,6,0,7,1037,133,60,1,1231,0,0,0,1231
02/10/2020,MIA,FL,ASO,ES,Combined TRACON& Tower with Radar,994,126,46,0,1166,0,0,10,1,11,994,126,56,1,1177,0,0,0,1177
02/11/2020,MIA,FL,ASO,ES,Combined TRACON& Tower with Radar,995,128,45,0,1168,0,0,2,0,2,995,128,47,0,1170,0,0,0,1170
02/12/2020,MIA,FL,ASO,ES,Combined TRACON& Tower with Radar,1042,137,45,1,1225,0,0,16,0,16,1042,137,61,1,1241,0,0,0,1241
02/13/2020,MIA,FL,ASO,ES,Combined TRACON& Tower with Radar,1046,160,75,0,1281,0,7,20,0,27,1046,167,95,0,1308,0,0,0,1308
02/14/2020,MIA,FL,ASO,ES,Combined TRACON& Tower with Radar,1040,155,76,1,1272,0,3,22,0,25,1040,158,98,1,1297,0,0,0,1297
02/15/2020,MIA,FL,ASO,ES,Combined TRACON& Tower with Radar,1023,113,48,0,1184,0,0,4,0,4,1023,113,52,0,1188,0,0,0,1188
02/16/2020,MIA,FL,ASO,ES,Combined TRACON& Tower with Radar,1013,138,51,2,1204,0,0,20,0,20,1013,138,71,2,1224,0,0,0,1224
02/17/2020,MIA,FL,ASO,ES,Combined TRACON& Tower with Radar,1024,177,53,1,1255,0,3,13,0,16,1024,180,66,1,1271,0,0,0,1271
02/18/2020,MIA,FL,ASO,ES,Combined TRACON& Tower with Radar,1017,158,80,2,1257,0,1,6,5,12,1017,159,86,7,1269,0,0,0,1269
02/19/2020,MIA,FL,ASO,ES,Combined TRACON& Tower with Radar,1046,143,61,1,1251,0,1,10,0,11,1046,144,71,1,1262,0,0,0,1262
02/20/2020,MIA,FL,ASO,ES,Combined TRACON& Tower with Radar,1062,164,59,1,1286,0,0,2,0,2,1062,164,61,1,1288,0,0,0,1288
02/21/2020,MIA,FL,ASO,ES,Combined TRACON& Tower with Radar,1060,141,48,0,1249,0,2,5,0,7,1060,143,53,0,1256,0,0,0,1256
02/22/2020,MIA,FL,ASO,ES,Combined TRACON& Tower with Radar,1031,102,23,0,1156,0,0,3,1,4,1031,102,26,1,1160,0,0,0,1160
02/23/2020,MIA,FL,ASO,ES,Combined TRACON& Tower with Radar,1026,125,42,3,1196,0,2,3,0,5,1026,127,45,3,1201,0,0,0,1201
02/24/2020,MIA,FL,ASO,ES,Combined TRACON& Tower with Radar,1027,130,39,4,1200,0,1,6,0,7,1027,131,45,4,1207,0,0,0,1207
02/25/2020,MIA,FL,ASO,ES,Combined TRACON& Tower with Radar,1005,137,27,2,1171,0,0,12,0,12,1005,137,39,2,1183,0,0,0,1183
02/26/2020,MIA,FL,ASO,ES,Combined TRACON& Tower with Radar,1040,140,47,1,1228,0,1,6,0,7,1040,141,53,1,1235,0,0,0,1235
02/27/2020,MIA,FL,ASO,ES,Combined TRACON& Tower with Radar,1063,159,50,2,1274,0,0,4,0,4,1063,159,54,2,1278,0,0,0,1278
02/28/2020,MIA,FL,ASO,ES,Combined TRACON& Tower with Radar,1065,144,47,3,1259,0,3,8,1,12,1065,147,55,4,1271,0,0,0,1271
02/29/2020,MIA,FL,ASO,ES,Combined TRACON& Tower with Radar,1032,101,38,0,1171,0,0,8,0,8,1032,101,46,0,1179,0,0,0,1179
03/01/2020,MIA,FL,ASO,ES,Combined TRACON& Tower with Radar,1030,124,31,0,1185,1,0,3,0,4,1031,124,34,0,1189,0,0,0,1189
03/02/2020,MIA,FL,ASO,ES,Combined TRACON& Tower with Radar,1010,130,24,3,1167,0,1,7,0,8,1010,131,31,3,1175,0,0,0,1175
03/03/2020,MIA,FL,ASO,ES,Combined TRACON& Tower with Radar,1014,139,43,3,1199,0,0,17,0,17,1014,139,60,3,1216,0,0,0,1216
03/04/2020,MIA,FL,ASO,ES,Combined TRACON& Tower with Radar,1037,140,46,1,1224,0,1,11,0,12,1037,141,57,1,1236,0,0,0,1236
03/05/2020,MIA,FL,ASO,ES,Combined TRACON& Tower with Radar,1075,139,33,0,1247,0,0,10,0,10,1075,139,43,0,1257,0,0,0,1257
03/06/2020,MIA,FL,ASO,ES,Combined TRACON& Tower with Radar,1051,135,38,4,1228,0,0,3,0,3,1051,135,41,4,1231,0,0,0,1231
03/07/2020,MIA,FL,ASO,ES,Combined TRACON& Tower with Radar,1028,101,19,0,1148,1,0,1,0,2,1029,101,20,0,1150,0,0,0,1150
03/08/2020,MIA,FL,ASO,ES,Combined TRACON& Tower with Radar,1038,129,45,0,1212,0,0,6,0,6,1038,129,51,0,1218,0,0,0,1218
03/09/2020,MIA,FL,ASO,ES,Combined TRACON& Tower with Radar,1009,140,30,4,1183,0,1,1,0,2,1009,141,31,4,1185,0,0,0,1185
03/10/2020,MIA,FL,ASO,ES,Combined TRACON& Tower with Radar,1031,126,39,3,1199,0,1,11,0,12,1031,127,50,3,1211,0,0,0,1211
03/11/2020,MIA,FL,ASO,ES,Combined TRACON& Tower with Radar,1029,142,31,2,1204,0,0,11,0,11,1029,142,42,2,1215,0,0,0,1215
03/12/2020,MIA,FL,ASO,ES,Combined TRACON& Tower with Radar,1063,143,48,0,1254,0,2,7,0,9,1063,145,55,0,1263,0,0,0,1263
03/13/2020,MIA,FL,ASO,ES,Combined TRACON& Tower with Radar,1044,174,52,0,1270,0,5,11,0,16,1044,179,63,0,1286,0,0,0,1286
03/14/2020,MIA,FL,ASO,ES,Combined TRACON& Tower with Radar,990,114,36,0,1140,0,0,2,0,2,990,114,38,0,1142,0,0,0,1142
03/15/2020,MIA,FL,ASO,ES,Combined TRACON& Tower with Radar,1007,114,40,2,1163,0,0,4,0,4,1007,114,44,2,1167,0,0,0,1167
03/16/2020,MIA,FL,ASO,ES,Combined TRACON& Tower with Radar,966,128,32,0,1126,0,0,1,0,1,966,128,33,0,1127,0,0,0,1127
03/17/2020,MIA,FL,ASO,ES,Combined TRACON& Tower with Radar,903,137,30,0,1070,0,0,2,0,2,903,137,32,0,1072,0,0,0,1072
03/18/2020,MIA,FL,ASO,ES,Combined TRACON& Tower with Radar,860,127,40,1,1028,0,1,2,1,4,860,128,42,2,1032,0,0,0,1032
03/19/2020,MIA,FL,ASO,ES,Combined TRACON& Tower with Radar,871,122,27,0,1020,0,0,1,0,1,871,122,28,0,1021,0,0,0,1021
03/20/2020,MIA,FL,ASO,ES,Combined TRACON& Tower with Radar,790,117,21,0,928,0,0,2,0,2,790,117,23,0,930,0,0,0,930
03/21/2020,MIA,FL,ASO,ES,Combined TRACON& Tower with Radar,691,76,15,0,782,1,0,1,0,2,692,76,16,0,784,0,0,0,784
03/22/2020,MIA,FL,ASO,ES,Combined TRACON& Tower with Radar,713,66,23,1,803,0,0,2,0,2,713,66,25,1,805,0,0,0,805
03/23/2020,MIA,FL,ASO,ES,Combined TRACON& Tower with Radar,540,80,5,1,626,0,0,1,0,1,540,80,6,1,627,0,0,0,627
03/24/2020,MIA,FL,ASO,ES,Combined TRACON& Tower with Radar,528,73,2,5,608,0,2,2,0,4,528,75,4,5,612,0,0,0,612
03/25/2020,MIA,FL,ASO,ES,Combined TRACON& Tower with Radar,470,73,1,1,545,0,2,3,0,5,470,75,4,1,550,0,0,0,550
03/26/2020,MIA,FL,ASO,ES,Combined TRACON& Tower with Radar,471,77,15,0,563,0,2,2,0,4,471,79,17,0,567,0,0,0,567
03/27/2020,MIA,FL,ASO,ES,Combined TRACON& Tower with Radar,394,61,5,0,460,0,4,3,0,7,394,65,8,0,467,0,0,0,467
03/28/2020,MIA,FL,ASO,ES,Combined TRACON& Tower with Radar,366,35,7,2,410,0,1,2,1,4,366,36,9,3,414,0,0,0,414
03/29/2020,MIA,FL,ASO,ES,Combined TRACON& Tower with Radar,362,24,9,0,395,0,0,2,0,2,362,24,11,0,397,0,0,0,397
03/30/2020,MIA,FL,ASO,ES,Combined TRACON& Tower with Radar,351,43,7,0,401,0,0,0,0,0,351,43,7,0,401,0,0,0,401
03/31/2020,MIA,FL,ASO,ES,Combined TRACON& Tower with Radar,353,25,5,0,383,0,0,0,0,0,353,25,5,0,383,0,0,0,383
04/01/2020,MIA,FL,ASO,ES,Combined TRACON& Tower with Radar,427,33,14,0,474,0,0,4,0,4,427,33,18,0,478,0,0,0,478
04/02/2020,MIA,FL,ASO,ES,Combined TRACON& Tower with Radar,334,30,4,2,370,0,0,4,0,4,334,30,8,2,374,0,0,0,374
04/03/2020,MIA,FL,ASO,ES,Combined TRACON& Tower with Radar,332,33,13,1,379,0,1,2,1,4,332,34,15,2,383,0,0,0,383
04/04/2020,MIA,FL,ASO,ES,Combined TRACON& Tower with Radar,324,15,4,0,343,0,0,3,0,3,324,15,7,0,346,0,0,0,346
04/05/2020,MIA,FL,ASO,ES,Combined TRACON& Tower with Radar,356,5,1,0,362,0,0,2,0,2,356,5,3,0,364,0,0,0,364
04/06/2020,MIA,FL,ASO,ES,Combined TRACON& Tower with Radar,334,28,3,2,367,0,0,2,2,4,334,28,5,4,371,0,0,0,371
04/07/2020,MIA,FL,ASO,ES,Combined TRACON& Tower with Radar,318,28,5,0,351,0,3,0,0,3,318,31,5,0,354,0,0,0,354
04/08/2020,MIA,FL,ASO,ES,Combined TRACON& Tower with Radar,347,29,11,5,392,0,0,2,1,3,347,29,13,6,395,0,0,0,395
04/09/2020,MIA,FL,ASO,ES,Combined TRACON& Tower with Radar,359,22,10,0,391,0,0,1,0,1,359,22,11,0,392,0,0,0,392
04/10/2020,MIA,FL,ASO,ES,Combined TRACON& Tower with Radar,286,11,8,0,305,0,1,0,0,1,286,12,8,0,306,0,0,0,306
04/11/2020,MIA,FL,ASO,ES,Combined TRACON& Tower with Radar,266,11,8,0,285,0,0,4,0,4,266,11,12,0,289,0,0,0,289
04/12/2020,MIA,FL,ASO,ES,Combined TRACON& Tower with Radar,285,7,9,0,301,0,0,0,0,0,285,7,9,0,301,0,0,0,301
04/13/2020,MIA,FL,ASO,ES,Combined TRACON& Tower with Radar,296,16,10,0,322,0,0,4,2,6,296,16,14,2,328,0,0,0,328
04/14/2020,MIA,FL,ASO,ES,Combined TRACON& Tower with Radar,303,22,7,0,332,0,0,0,0,0,303,22,7,0,332,0,0,0,332
04/15/2020,MIA,FL,ASO,ES,Combined TRACON& Tower with Radar,316,21,15,0,352,0,0,10,0,10,316,21,25,0,362,0,0,0,362
04/16/2020,MIA,FL,ASO,ES,Combined TRACON& Tower with Radar,308,21,11,0,340,0,0,2,0,2,308,21,13,0,342,0,0,0,342
04/17/2020,MIA,FL,ASO,ES,Combined TRACON& Tower with Radar,316,25,12,0,353,0,0,3,0,3,316,25,15,0,356,0,0,0,356
04/18/2020,MIA,FL,ASO,ES,Combined TRACON& Tower with Radar,285,12,8,0,305,0,0,11,0,11,285,12,19,0,316,0,0,0,316
04/19/2020,MIA,FL,ASO,ES,Combined TRACON& Tower with Radar,285,7,10,2,304,0,0,7,2,9,285,7,17,4,313,0,0,0,313
04/20/2020,MIA,FL,ASO,ES,Combined TRACON& Tower with Radar,288,28,3,0,319,0,0,0,0,0,288,28,3,0,319,0,0,0,319
04/21/2020,MIA,FL,ASO,ES,Combined TRACON& Tower with Radar,299,19,4,0,322,0,1,3,0,4,299,20,7,0,326,0,0,0,326
04/22/2020,MIA,FL,ASO,ES,Combined TRACON& Tower with Radar,323,24,7,0,354,0,0,13,0,13,323,24,20,0,367,0,0,0,367
04/23/2020,MIA,FL,ASO,ES,Combined TRACON& Tower with Radar,319,30,6,2,357,0,5,5,0,10,319,35,11,2,367,0,0,0,367
04/24/2020,MIA,FL,ASO,ES,Combined TRACON& Tower with Radar,321,26,8,0,355,0,0,11,0,11,321,26,19,0,366,0,0,0,366
04/25/2020,MIA,FL,ASO,ES,Combined TRACON& Tower with Radar,316,4,6,1,327,0,0,4,0,4,316,4,10,1,331,0,0,0,331
04/26/2020,MIA,FL,ASO,ES,Combined TRACON& Tower with Radar,290,7,11,0,308,0,0,2,0,2,290,7,13,0,310,0,0,0,310
04/27/2020,MIA,FL,ASO,ES,Combined TRACON& Tower with Radar,290,23,6,0,319,0,0,12,0,12,290,23,18,0,331,0,0,0,331
04/28/2020,MIA,FL,ASO,ES,Combined TRACON& Tower with Radar,305,24,10,0,339,0,0,10,0,10,305,24,20,0,349,0,0,0,349
04/29/2020,MIA,FL,ASO,ES,Combined TRACON& Tower with Radar,338,32,8,0,378,0,0,11,0,11,338,32,19,0,389,0,0,0,389
04/30/2020,MIA,FL,ASO,ES,Combined TRACON& Tower with Radar,335,26,1,0,362,0,0,8,0,8,335,26,9,0,370,0,0,0,370
05/01/2020,MIA,FL,ASO,ES,Combined TRACON& Tower with Radar,361,27,13,0,401,0,0,10,0,10,361,27,23,0,411,0,0,0,411
05/02/2020,MIA,FL,ASO,ES,Combined TRACON& Tower with Radar,349,21,11,0,381,0,0,9,0,9,349,21,20,0,390,0,0,0,390
05/03/2020,MIA,FL,ASO,ES,Combined TRACON& Tower with Radar,334,19,13,0,366,0,1,8,0,9,334,20,21,0,375,0,0,0,375
05/04/2020,MIA,FL,ASO,ES,Combined TRACON& Tower with Radar,331,34,11,0,376,0,2,0,0,2,331,36,11,0,378,0,0,0,378
05/05/2020,MIA,FL,ASO,ES,Combined TRACON& Tower with Radar,231,27,11,0,269,0,0,0,0,0,231,27,11,0,269,0,0,0,269
05/06/2020,MIA,FL,ASO,ES,Combined TRACON& Tower with Radar,260,21,6,0,287,0,0,2,0,2,260,21,8,0,289,0,0,0,289
05/07/2020,MIA,FL,ASO,ES,Combined TRACON& Tower with Radar,331,28,9,2,370,0,0,7,0,7,331,28,16,2,377,0,0,0,377
05/08/2020,MIA,FL,ASO,ES,Combined TRACON& Tower with Radar,279,30,9,0,318,0,0,8,0,8,279,30,17,0,326,0,0,0,326
05/09/2020,MIA,FL,ASO,ES,Combined TRACON& Tower with Radar,254,13,5,2,274,0,0,3,0,3,254,13,8,2,277,0,0,0,277
05/10/2020,MIA,FL,ASO,ES,Combined TRACON& Tower with Radar,262,16,3,0,281,0,0,0,0,0,262,16,3,0,281,0,0,0,281
05/11/2020,MIA,FL,ASO,ES,Combined TRACON& Tower with Radar,254,29,6,1,290,0,0,5,0,5,254,29,11,1,295,0,0,0,295
05/12/2020,MIA,FL,ASO,ES,Combined TRACON& Tower with Radar,245,26,7,0,278,0,0,2,4,6,245,26,9,4,284,0,0,0,284
05/13/2020,MIA,FL,ASO,ES,Combined TRACON& Tower with Radar,309,29,5,8,351,0,0,4,0,4,309,29,9,8,355,0,0,0,355
05/14/2020,MIA,FL,ASO,ES,Combined TRACON& Tower with Radar,313,32,22,0,367,0,0,2,0,2,313,32,24,0,369,0,0,0,369
05/15/2020,MIA,FL,ASO,ES,Combined TRACON& Tower with Radar,286,41,11,0,338,0,0,3,0,3,286,41,14,0,341,0,0,0,341
05/16/2020,MIA,FL,ASO,ES,Combined TRACON& Tower with Radar,256,15,10,0,281,0,0,1,0,1,256,15,11,0,282,0,0,0,282
05/17/2020,MIA,FL,ASO,ES,Combined TRACON& Tower with Radar,247,18,5,0,270,0,0,1,0,1,247,18,6,0,271,0,0,0,271
05/18/2020,MIA,FL,ASO,ES,Combined TRACON& Tower with Radar,265,30,12,1,308,0,0,3,0,3,265,30,15,1,311,0,0,0,311
05/19/2020,MIA,FL,ASO,ES,Combined TRACON& Tower with Radar,259,34,8,2,303,0,0,0,0,0,259,34,8,2,303,0,0,0,303
05/20/2020,MIA,FL,ASO,ES,Combined TRACON& Tower with Radar,303,38,11,2,354,0,0,4,0,4,303,38,15,2,358,0,0,0,358
05/21/2020,MIA,FL,ASO,ES,Combined TRACON& Tower with Radar,335,25,18,2,380,0,0,4,0,4,335,25,22,2,384,0,0,0,384
05/22/2020,MIA,FL,ASO,ES,Combined TRACON& Tower with Radar,287,43,15,0,345,0,0,2,0,2,287,43,17,0,347,0,0,0,347
05/23/2020,MIA,FL,ASO,ES,Combined TRACON& Tower with Radar,262,17,3,1,283,0,1,4,0,5,262,18,7,1,288,0,0,0,288
05/24/2020,MIA,FL,ASO,ES,Combined TRACON& Tower with Radar,250,11,11,0,272,0,0,0,0,0,250,11,11,0,272,0,0,0,272
05/25/2020,MIA,FL,ASO,ES,Combined TRACON& Tower with Radar,236,28,10,0,274,0,0,0,0,0,236,28,10,0,274,0,0,0,274
05/26/2020,MIA,FL,ASO,ES,Combined TRACON& Tower with Radar,209,37,15,0,261,0,1,10,0,11,209,38,25,0,272,0,0,0,272
05/27/2020,MIA,FL,ASO,ES,Combined TRACON& Tower with Radar,299,31,11,4,345,0,0,4,0,4,299,31,15,4,349,0,0,0,349
05/28/2020,MIA,FL,ASO,ES,Combined TRACON& Tower with Radar,313,44,11,4,372,0,0,4,0,4,313,44,15,4,376,0,0,0,376
05/29/2020,MIA,FL,ASO,ES,Combined TRACON& Tower with Radar,274,46,15,0,335,0,0,10,0,10,274,46,25,0,345,0,0,0,345
05/30/2020,MIA,FL,ASO,ES,Combined TRACON& Tower with Radar,256,22,18,0,296,0,0,2,0,2,256,22,20,0,298,0,0,0,298
05/31/2020,MIA,FL,ASO,ES,Combined TRACON& Tower with Radar,255,23,8,3,289,0,1,4,1,6,255,24,12,4,295,0,0,0,295
06/01/2020,MIA,FL,ASO,ES,Combined TRACON& Tower with Radar,247,31,18,1,297,0,0,2,0,2,247,31,20,1,299,0,0,0,299
06/02/2020,MIA,FL,ASO,ES,Combined TRACON& Tower with Radar,259,42,23,0,324,0,0,2,0,2,259,42,25,0,326,0,0,0,326
06/03/2020,MIA,FL,ASO,ES,Combined TRACON& Tower with Radar,311,45,10,0,366,0,0,1,1,2,311,45,11,1,368,0,0,0,368
06/04/2020,MIA,FL,ASO,ES,Combined TRACON& Tower with Radar,383,47,19,2,451,0,2,0,0,2,383,49,19,2,453,0,0,0,453
06/05/2020,MIA,FL,ASO,ES,Combined TRACON& Tower with Radar,393,75,16,0,484,0,0,0,0,0,393,75,16,0,484,0,0,0,484
06/06/2020,MIA,FL,ASO,ES,Combined TRACON& Tower with Radar,358,44,2,0,404,0,0,6,0,6,358,44,8,0,410,0,0,0,410
06/07/2020,MIA,FL,ASO,ES,Combined TRACON& Tower with Radar,361,39,14,2,416,0,0,3,4,7,361,39,17,6,423,0,0,0,423
06/08/2020,MIA,FL,ASO,ES,Combined TRACON& Tower with Radar,330,66,11,2,409,0,1,2,0,3,330,67,13,2,412,0,0,0,412
06/09/2020,MIA,FL,ASO,ES,Combined TRACON& Tower with Radar,379,54,10,0,443,0,2,2,0,4,379,56,12,0,447,0,0,0,447
06/10/2020,MIA,FL,ASO,ES,Combined TRACON& Tower with Radar,391,68,12,1,472,0,0,4,0,4,391,68,16,1,476,0,0,0,476
06/11/2020,MIA,FL,ASO,ES,Combined TRACON& Tower with Radar,401,65,15,1,482,0,0,1,0,1,401,65,16,1,483,0,0,0,483
06/12/2020,MIA,FL,ASO,ES,Combined TRACON& Tower with Radar,376,71,28,6,481,0,2,8,0,10,376,73,36,6,491,0,0,0,491
06/13/2020,MIA,FL,ASO,ES,Combined TRACON& Tower with Radar,359,41,20,0,420,0,0,2,0,2,359,41,22,0,422,0,0,0,422
06/14/2020,MIA,FL,ASO,ES,Combined TRACON& Tower with Radar,356,57,16,4,433,0,1,6,0,7,356,58,22,4,440,0,0,0,440
06/15/2020,MIA,FL,ASO,ES,Combined TRACON& Tower with Radar,341,68,18,0,427,0,4,1,0,5,341,72,19,0,432,0,0,0,432
06/16/2020,MIA,FL,ASO,ES,Combined TRACON& Tower with Radar,365,68,10,0,443,0,0,4,0,4,365,68,14,0,447,0,0,0,447
06/17/2020,MIA,FL,ASO,ES,Combined TRACON& Tower with Radar,392,63,22,1,478,0,0,4,0,4,392,63,26,1,482,0,0,0,482
06/18/2020,MIA,FL,ASO,ES,Combined TRACON& Tower with Radar,403,64,16,4,487,0,0,1,0,1,403,64,17,4,488,0,0,0,488
06/19/2020,MIA,FL,ASO,ES,Combined TRACON& Tower with Radar,385,82,21,1,489,0,0,6,0,6,385,82,27,1,495,0,0,0,495
06/20/2020,MIA,FL,ASO,ES,Combined TRACON& Tower with Radar,374,53,8,1,436,0,0,6,0,6,374,53,14,1,442,0,0,0,442
06/21/2020,MIA,FL,ASO,ES,Combined TRACON& Tower with Radar,362,46,9,2,419,0,0,10,0,10,362,46,19,2,429,0,0,0,429
06/22/2020,MIA,FL,ASO,ES,Combined TRACON& Tower with Radar,351,65,18,1,435,0,0,7,0,7,351,65,25,1,442,0,0,0,442
06/23/2020,MIA,FL,ASO,ES,Combined TRACON& Tower with Radar,381,61,9,3,454,0,1,7,0,8,381,62,16,3,462,0,0,0,462
06/24/2020,MIA,FL,ASO,ES,Combined TRACON& Tower with Radar,391,73,13,0,477,0,1,23,0,24,391,74,36,0,501,0,0,0,501
06/25/2020,MIA,FL,ASO,ES,Combined TRACON& Tower with Radar,404,58,20,4,486,0,2,5,1,8,404,60,25,5,494,0,0,0,494
06/26/2020,MIA,FL,ASO,ES,Combined TRACON& Tower with Radar,397,71,17,12,497,0,0,7,0,7,397,71,24,12,504,0,0,0,504
06/27/2020,MIA,FL,ASO,ES,Combined TRACON& Tower with Radar,383,48,12,2,445,0,0,2,0,2,383,48,14,2,447,0,0,0,447
06/28/2020,MIA,FL,ASO,ES,Combined TRACON& Tower with Radar,371,42,17,1,431,0,0,0,0,0,371,42,17,1,431,0,0,0,431
06/29/2020,MIA,FL,ASO,ES,Combined TRACON& Tower with Radar,361,68,13,1,443,0,1,2,0,3,361,69,15,1,446,0,0,0,446
06/30/2020,MIA,FL,ASO,ES,Combined TRACON& Tower with Radar,393,66,10,0,469,0,0,0,0,0,393,66,10,0,469,0,0,0,469
07/01/2020,MIA,FL,ASO,ES,Combined TRACON& Tower with Radar,421,67,21,0,509,0,2,7,0,9,421,69,28,0,518,0,0,0,518
07/02/2020,MIA,FL,ASO,ES,Combined TRACON& Tower with Radar,453,64,20,2,539,0,0,2,0,2,453,64,22,2,541,0,0,0,541
07/03/2020,MIA,FL,ASO,ES,Combined TRACON& Tower with Radar,437,67,12,0,516,0,1,2,0,3,437,68,14,0,519,0,0,0,519
07/04/2020,MIA,FL,ASO,ES,Combined TRACON& Tower with Radar,385,30,3,0,418,0,2,2,0,4,385,32,5,0,422,0,0,0,422
07/05/2020,MIA,FL,ASO,ES,Combined TRACON& Tower with Radar,401,47,15,1,464,0,0,5,0,5,401,47,20,1,469,0,0,0,469
07/06/2020,MIA,FL,ASO,ES,Combined TRACON& Tower with Radar,376,55,9,1,441,0,0,2,0,2,376,55,11,1,443,0,0,0,443
07/07/2020,MIA,FL,ASO,ES,Combined TRACON& Tower with Radar,502,73,9,2,586,0,0,3,0,3,502,73,12,2,589,0,0,0,589
07/08/2020,MIA,FL,ASO,ES,Combined TRACON& Tower with Radar,522,74,9,0,605,0,0,4,0,4,522,74,13,0,609,0,0,0,609
07/09/2020,MIA,FL,ASO,ES,Combined TRACON& Tower with Radar,560,72,14,2,648,0,0,6,0,6,560,72,20,2,654,0,0,0,654
07/10/2020,MIA,FL,ASO,ES,Combined TRACON& Tower with Radar,535,63,8,9,615,0,2,5,0,7,535,65,13,9,622,0,0,0,622
07/11/2020,MIA,FL,ASO,ES,Combined TRACON& Tower with Radar,501,57,15,1,574,0,0,0,0,0,501,57,15,1,574,0,0,0,574
07/12/2020,MIA,FL,ASO,ES,Combined TRACON& Tower with Radar,514,64,15,0,593,0,0,3,0,3,514,64,18,0,596,0,0,0,596
07/13/2020,MIA,FL,ASO,ES,Combined TRACON& Tower with Radar,477,80,15,3,575,0,1,5,2,8,477,81,20,5,583,0,0,0,583
07/14/2020,MIA,FL,ASO,ES,Combined TRACON& Tower with Radar,520,69,15,2,606,0,1,4,0,5,520,70,19,2,611,0,0,0,611
07/15/2020,MIA,FL,ASO,ES,Combined TRACON& Tower with Radar,542,67,10,2,621,0,2,2,1,5,542,69,12,3,626,0,0,0,626
07/16/2020,MIA,FL,ASO,ES,Combined TRACON& Tower with Radar,548,68,15,1,632,0,2,5,1,8,548,70,20,2,640,0,0,0,640
07/17/2020,MIA,FL,ASO,ES,Combined TRACON& Tower with Radar,518,77,13,3,611,0,3,2,0,5,518,80,15,3,616,0,0,0,616
07/18/2020,MIA,FL,ASO,ES,Combined TRACON& Tower with Radar,487,57,1,1,546,0,0,0,0,0,487,57,1,1,546,0,0,0,546
07/19/2020,MIA,FL,ASO,ES,Combined TRACON& Tower with Radar,512,61,7,2,582,0,0,1,1,2,512,61,8,3,584,0,0,0,584
07/20/2020,MIA,FL,ASO,ES,Combined TRACON& Tower with Radar,470,76,11,1,558,0,0,2,0,2,470,76,13,1,560,0,0,0,560
07/21/2020,MIA,FL,ASO,ES,Combined TRACON& Tower with Radar,516,71,9,1,597,0,0,6,0,6,516,71,15,1,603,0,0,0,603
07/22/2020,MIA,FL,ASO,ES,Combined TRACON& Tower with Radar,551,59,12,4,626,0,0,1,0,1,551,59,13,4,627,0,0,0,627
07/23/2020,MIA,FL,ASO,ES,Combined TRACON& Tower with Radar,573,62,7,1,643,0,0,2,0,2,573,62,9,1,645,0,0,0,645
07/24/2020,MIA,FL,ASO,ES,Combined TRACON& Tower with Radar,517,77,7,0,601,0,4,5,0,9,517,81,12,0,610,0,0,0,610
07/25/2020,MIA,FL,ASO,ES,Combined TRACON& Tower with Radar,481,62,7,0,550,0,2,4,0,6,481,64,11,0,556,0,0,0,556
07/26/2020,MIA,FL,ASO,ES,Combined TRACON& Tower with Radar,522,45,14,3,584,0,1,3,2,6,522,46,17,5,590,0,0,0,590
07/27/2020,MIA,FL,ASO,ES,Combined TRACON& Tower with Radar,455,55,21,7,538,0,0,9,0,9,455,55,30,7,547,0,0,0,547
07/28/2020,MIA,FL,ASO,ES,Combined TRACON& Tower with Radar,488,56,9,3,556,0,0,7,0,7,488,56,16,3,563,0,0,0,563
07/29/2020,MIA,FL,ASO,ES,Combined TRACON& Tower with Radar,515,58,26,1,600,0,0,0,0,0,515,58,26,1,600,0,0,0,600
07/30/2020,MIA,FL,ASO,ES,Combined TRACON& Tower with Radar,477,65,10,3,555,0,0,4,1,5,477,65,14,4,560,0,0,0,560
07/31/2020,MIA,FL,ASO,ES,Combined TRACON& Tower with Radar,445,54,12,9,520,0,5,3,0,8,445,59,15,9,528,0,0,0,528
08/01/2020,MIA,FL,ASO,ES,Combined TRACON& Tower with Radar,404,35,4,0,443,0,0,0,0,0,404,35,4,0,443,0,0,0,443
08/02/2020,MIA,FL,ASO,ES,Combined TRACON& Tower with Radar,438,31,4,1,474,0,0,0,0,0,438,31,4,1,474,0,0,0,474
08/03/2020,MIA,FL,ASO,ES,Combined TRACON& Tower with Radar,410,53,21,3,487,0,0,3,0,3,410,53,24,3,490,0,0,0,490
08/04/2020,MIA,FL,ASO,ES,Combined TRACON& Tower with Radar,440,56,9,1,506,0,3,2,0,5,440,59,11,1,511,0,0,0,511
08/05/2020,MIA,FL,ASO,ES,Combined TRACON& Tower with Radar,466,65,15,6,552,0,2,4,0,6,466,67,19,6,558,0,0,0,558
08/06/2020,MIA,FL,ASO,ES,Combined TRACON& Tower with Radar,488,45,10,1,544,0,2,6,0,8,488,47,16,1,552,0,0,0,552
08/07/2020,MIA,FL,ASO,ES,Combined TRACON& Tower with Radar,447,72,13,3,535,0,0,3,0,3,447,72,16,3,538,0,0,0,538
08/08/2020,MIA,FL,ASO,ES,Combined TRACON& Tower with Radar,426,56,16,5,503,0,2,2,0,4,426,58,18,5,507,0,0,0,507
08/09/2020,MIA,FL,ASO,ES,Combined TRACON& Tower with Radar,429,43,19,2,493,0,0,3,0,3,429,43,22,2,496,0,0,0,496
08/10/2020,MIA,FL,ASO,ES,Combined TRACON& Tower with Radar,406,67,8,0,481,0,0,4,0,4,406,67,12,0,485,0,0,0,485
08/11/2020,MIA,FL,ASO,ES,Combined TRACON& Tower with Radar,446,51,10,0,507,0,0,2,0,2,446,51,12,0,509,0,0,0,509
08/12/2020,MIA,FL,ASO,ES,Combined TRACON& Tower with Radar,466,64,14,0,544,0,0,3,0,3,466,64,17,0,547,0,0,0,547
08/13/2020,MIA,FL,ASO,ES,Combined TRACON& Tower with Radar,482,56,13,0,551,0,1,7,0,8,482,57,20,0,559,0,0,0,559
08/14/2020,MIA,FL,ASO,ES,Combined TRACON& Tower with Radar,456,61,16,0,533,1,0,3,0,4,457,61,19,0,537,0,0,0,537
08/15/2020,MIA,FL,ASO,ES,Combined TRACON& Tower with Radar,434,42,18,2,496,0,0,6,0,6,434,42,24,2,502,0,0,0,502
08/16/2020,MIA,FL,ASO,ES,Combined TRACON& Tower with Radar,448,39,11,1,499,0,0,6,0,6,448,39,17,1,505,0,0,0,505
08/17/2020,MIA,FL,ASO,ES,Combined TRACON& Tower with Radar,395,57,1,7,460,0,0,0,0,0,395,57,1,7,460,0,0,0,460
08/18/2020,MIA,FL,ASO,ES,Combined TRACON& Tower with Radar,442,52,13,1,508,0,2,10,0,12,442,54,23,1,520,0,0,0,520
08/19/2020,MIA,FL,ASO,ES,Combined TRACON& Tower with Radar,474,61,6,4,545,0,0,0,0,0,474,61,6,4,545,0,0,0,545
08/20/2020,MIA,FL,ASO,ES,Combined TRACON& Tower with Radar,492,55,6,4,557,0,1,2,0,3,492,56,8,4,560,0,0,0,560
08/21/2020,MIA,FL,ASO,ES,Combined TRACON& Tower with Radar,477,60,16,4,557,0,0,7,0,7,477,60,23,4,564,0,0,0,564
08/22/2020,MIA,FL,ASO,ES,Combined TRACON& Tower with Radar,459,41,1,1,502,0,1,0,0,1,459,42,1,1,503,0,0,0,503
08/23/2020,MIA,FL,ASO,ES,Combined TRACON& Tower with Radar,446,37,14,3,500,0,0,3,0,3,446,37,17,3,503,0,0,0,503
08/24/2020,MIA,FL,ASO,ES,Combined TRACON& Tower with Radar,412,53,6,4,475,0,1,2,0,3,412,54,8,4,478,0,0,0,478
08/25/2020,MIA,FL,ASO,ES,Combined TRACON& Tower with Radar,458,58,13,4,533,0,0,0,0,0,458,58,13,4,533,0,0,0,533
08/26/2020,MIA,FL,ASO,ES,Combined TRACON& Tower with Radar,480,56,13,1,550,0,0,4,0,4,480,56,17,1,554,0,0,0,554
08/27/2020,MIA,FL,ASO,ES,Combined TRACON& Tower with Radar,487,68,7,0,562,0,0,2,0,2,487,68,9,0,564,0,0,0,564
08/28/2020,MIA,FL,ASO,ES,Combined TRACON& Tower with Radar,462,62,6,2,532,0,1,3,0,4,462,63,9,2,536,0,0,0,536
08/29/2020,MIA,FL,ASO,ES,Combined TRACON& Tower with Radar,449,42,15,0,506,0,0,2,0,2,449,42,17,0,508,0,0,0,508
08/30/2020,MIA,FL,ASO,ES,Combined TRACON& Tower with Radar,432,46,8,2,488,0,0,8,0,8,432,46,16,2,496,0,0,0,496
08/31/2020,MIA,FL,ASO,ES,Combined TRACON& Tower with Radar,413,72,16,0,501,0,0,2,0,2,413,72,18,0,503,0,0,0,503
09/01/2020,MIA,FL,ASO,ES,Combined TRACON& Tower with Radar,441,68,14,1,524,0,2,3,0,5,441,70,17,1,529,0,0,0,529
09/02/2020,MIA,FL,ASO,ES,Combined TRACON& Tower with Radar,475,61,6,2,544,0,0,0,0,0,475,61,6,2,544,0,0,0,544
09/03/2020,MIA,FL,ASO,ES,Combined TRACON& Tower with Radar,485,51,22,4,562,0,0,7,0,7,485,51,29,4,569,0,0,0,569
09/04/2020,MIA,FL,ASO,ES,Combined TRACON& Tower with Radar,473,67,20,2,562,0,0,6,0,6,473,67,26,2,568,0,0,0,568
09/05/2020,MIA,FL,ASO,ES,Combined TRACON& Tower with Radar,420,32,11,0,463,0,0,5,0,5,420,32,16,0,468,0,0,0,468
09/06/2020,MIA,FL,ASO,ES,Combined TRACON& Tower with Radar,421,27,10,3,461,0,0,6,0,6,421,27,16,3,467,0,0,0,467
09/07/2020,MIA,FL,ASO,ES,Combined TRACON& Tower with Radar,389,47,11,1,448,0,0,6,0,6,389,47,17,1,454,0,0,0,454
09/08/2020,MIA,FL,ASO,ES,Combined TRACON& Tower with Radar,436,58,8,2,504,0,0,3,0,3,436,58,11,2,507,0,0,0,507
09/09/2020,MIA,FL,ASO,ES,Combined TRACON& Tower with Radar,340,45,16,5,406,0,0,1,0,1,340,45,17,5,407,0,0,0,407
09/10/2020,MIA,FL,ASO,ES,Combined TRACON& Tower with Radar,488,43,26,2,559,0,0,4,0,4,488,43,30,2,563,0,0,0,563
09/11/2020,MIA,FL,ASO,ES,Combined TRACON& Tower with Radar,484,55,14,2,555,1,0,0,0,1,485,55,14,2,556,0,0,0,556
09/12/2020,MIA,FL,ASO,ES,Combined TRACON& Tower with Radar,448,24,9,0,481,0,0,0,0,0,448,24,9,0,481,0,0,0,481
09/13/2020,MIA,FL,ASO,ES,Combined TRACON& Tower with Radar,446,43,16,3,508,0,0,9,0,9,446,43,25,3,517,0,0,0,517
09/14/2020,MIA,FL,ASO,ES,Combined TRACON& Tower with Radar,425,60,14,3,502,0,0,2,0,2,425,60,16,3,504,0,0,0,504
09/15/2020,MIA,FL,ASO,ES,Combined TRACON& Tower with Radar,328,43,19,2,392,0,0,1,0,1,328,43,20,2,393,0,0,0,393
09/16/2020,MIA,FL,ASO,ES,Combined TRACON& Tower with Radar,358,32,15,2,407,0,0,2,0,2,358,32,17,2,409,0,0,0,409
09/17/2020,MIA,FL,ASO,ES,Combined TRACON& Tower with Radar,506,61,12,3,582,0,0,9,0,9,506,61,21,3,591,0,0,0,591
09/18/2020,MIA,FL,ASO,ES,Combined TRACON& Tower with Radar,468,55,17,1,541,0,0,2,0,2,468,55,19,1,543,0,0,0,543
09/19/2020,MIA,FL,ASO,ES,Combined TRACON& Tower with Radar,464,28,9,3,504,0,0,2,0,2,464,28,11,3,506,0,0,0,506
09/20/2020,MIA,FL,ASO,ES,Combined TRACON& Tower with Radar,451,42,12,1,506,0,0,7,0,7,451,42,19,1,513,0,0,0,513
09/21/2020,MIA,FL,ASO,ES,Combined TRACON& Tower with Radar,412,50,15,5,482,0,0,2,0,2,412,50,17,5,484,0,0,0,484
09/22/2020,MIA,FL,ASO,ES,Combined TRACON& Tower with Radar,330,38,15,2,385,0,0,1,0,1,330,38,16,2,386,0,0,0,386
09/23/2020,MIA,FL,ASO,ES,Combined TRACON& Tower with Radar,347,46,15,9,417,0,0,0,2,2,347,46,15,11,419,0,0,0,419
09/24/2020,MIA,FL,ASO,ES,Combined TRACON& Tower with Radar,494,61,12,4,571,0,0,7,0,7,494,61,19,4,578,0,0,0,578
09/25/2020,MIA,FL,ASO,ES,Combined TRACON& Tower with Radar,509,48,6,7,570,0,1,3,0,4,509,49,9,7,574,0,0,0,574
09/26/2020,MIA,FL,ASO,ES,Combined TRACON& Tower with Radar,452,39,7,3,501,0,1,4,0,5,452,40,11,3,506,0,0,0,506
09/27/2020,MIA,FL,ASO,ES,Combined TRACON& Tower with Radar,477,33,12,1,523,0,0,3,0,3,477,33,15,1,526,0,0,0,526
09/28/2020,MIA,FL,ASO,ES,Combined TRACON& Tower with Radar,425,65,13,1,504,0,0,2,0,2,425,65,15,1,506,0,0,0,506
09/29/2020,MIA,FL,ASO,ES,Combined TRACON& Tower with Radar,325,43,26,4,398,0,0,0,0,0,325,43,26,4,398,0,0,0,398
09/30/2020,MIA,FL,ASO,ES,Combined TRACON& Tower with Radar,350,51,22,6,429,0,0,7,0,7,350,51,29,6,436,0,0,0,436
10/01/2020,MIA,FL,ASO,ES,Combined TRACON& Tower with Radar,520,61,16,2,599,0,0,3,0,3,520,61,19,2,602,0,0,0,602
10/02/2020,MIA,FL,ASO,ES,Combined TRACON& Tower with Radar,504,64,22,1,591,0,0,0,0,0,504,64,22,1,591,0,0,0,591
10/03/2020,MIA,FL,ASO,ES,Combined TRACON& Tower with Radar,483,50,15,4,552,0,0,2,0,2,483,50,17,4,554,0,0,0,554
10/04/2020,MIA,FL,ASO,ES,Combined TRACON& Tower with Radar,488,40,23,3,554,0,0,2,0,2,488,40,25,3,556,0,0,0,556
10/05/2020,MIA,FL,ASO,ES,Combined TRACON& Tower with Radar,451,63,16,2,532,0,0,6,1,7,451,63,22,3,539,0,0,0,539
10/06/2020,MIA,FL,ASO,ES,Combined TRACON& Tower with Radar,346,33,12,1,392,0,0,1,1,2,346,33,13,2,394,0,0,0,394
10/07/2020,MIA,FL,ASO,ES,Combined TRACON& Tower with Radar,352,57,17,0,426,0,0,2,0,2,352,57,19,0,428,0,0,0,428
10/08/2020,MIA,FL,ASO,ES,Combined TRACON& Tower with Radar,547,60,17,5,629,0,0,10,0,10,547,60,27,5,639,0,0,0,639
10/09/2020,MIA,FL,ASO,ES,Combined TRACON& Tower with Radar,548,69,23,2,642,0,0,5,0,5,548,69,28,2,647,0,0,0,647
10/10/2020,MIA,FL,ASO,ES,Combined TRACON& Tower with Radar,528,45,9,2,584,0,0,11,0,11,528,45,20,2,595,0,0,0,595
10/11/2020,MIA,FL,ASO,ES,Combined TRACON& Tower with Radar,519,48,11,0,578,0,0,2,1,3,519,48,13,1,581,0,0,0,581
10/12/2020,MIA,FL,ASO,ES,Combined TRACON& Tower with Radar,509,68,16,0,593,0,0,1,0,1,509,68,17,0,594,0,0,0,594
10/13/2020,MIA,FL,ASO,ES,Combined TRACON& Tower with Radar,354,50,7,1,412,0,0,4,0,4,354,50,11,1,416,0,0,0,416
10/14/2020,MIA,FL,ASO,ES,Combined TRACON& Tower with Radar,378,44,18,9,449,0,0,4,0,4,378,44,22,9,453,0,0,0,453
10/15/2020,MIA,FL,ASO,ES,Combined TRACON& Tower with Radar,568,44,9,5,626,0,0,15,0,15,568,44,24,5,641,0,0,0,641
10/16/2020,MIA,FL,ASO,ES,Combined TRACON& Tower with Radar,537,57,8,7,609,0,2,4,0,6,537,59,12,7,615,0,0,0,615
10/17/2020,MIA,FL,ASO,ES,Combined TRACON& Tower with Radar,541,33,8,5,587,0,1,1,0,2,541,34,9,5,589,0,0,0,589
10/18/2020,MIA,FL,ASO,ES,Combined TRACON& Tower with Radar,516,40,19,6,581,0,0,5,0,5,516,40,24,6,586,0,0,0,586
10/19/2020,MIA,FL,ASO,ES,Combined TRACON& Tower with Radar,507,57,11,3,578,0,1,1,0,2,507,58,12,3,580,0,0,0,580
10/20/2020,MIA,FL,ASO,ES,Combined TRACON& Tower with Radar,360,47,16,1,424,0,0,0,0,0,360,47,16,1,424,0,0,0,424
10/21/2020,MIA,FL,ASO,ES,Combined TRACON& Tower with Radar,377,51,16,7,451,0,0,0,0,0,377,51,16,7,451,0,0,0,451
10/22/2020,MIA,FL,ASO,ES,Combined TRACON& Tower with Radar,583,77,21,0,681,0,0,2,0,2,583,77,23,0,683,0,0,0,683
10/23/2020,MIA,FL,ASO,ES,Combined TRACON& Tower with Radar,549,68,16,4,637,0,0,2,0,2,549,68,18,4,639,0,0,0,639
10/24/2020,MIA,FL,ASO,ES,Combined TRACON& Tower with Radar,537,41,9,0,587,1,0,4,0,5,538,41,13,0,592,0,0,0,592
10/25/2020,MIA,FL,ASO,ES,Combined TRACON& Tower with Radar,538,35,24,3,600,0,0,0,0,0,538,35,24,3,600,0,0,0,600
10/26/2020,MIA,FL,ASO,ES,Combined TRACON& Tower with Radar,522,59,14,1,596,0,0,9,0,9,522,59,23,1,605,0,0,0,605
10/27/2020,MIA,FL,ASO,ES,Combined TRACON& Tower with Radar,352,54,17,5,428,0,0,4,0,4,352,54,21,5,432,0,0,0,432
10/28/2020,MIA,FL,ASO,ES,Combined TRACON& Tower with Radar,396,49,22,6,473,0,2,8,0,10,396,51,30,6,483,0,0,0,483
10/29/2020,MIA,FL,ASO,ES,Combined TRACON& Tower with Radar,569,56,16,11,652,0,0,6,0,6,569,56,22,11,658,0,0,0,658
10/30/2020,MIA,FL,ASO,ES,Combined TRACON& Tower with Radar,561,76,38,1,676,0,0,6,0,6,561,76,44,1,682,0,0,0,682
10/31/2020,MIA,FL,ASO,ES,Combined TRACON& Tower with Radar,509,44,14,6,573,1,3,4,0,8,510,47,18,6,581,0,0,0,581
11/01/2020,MIA,FL,ASO,ES,Combined TRACON& Tower with Radar,525,49,15,7,596,0,0,3,0,3,525,49,18,7,599,0,0,0,599
11/02/2020,MIA,FL,ASO,ES,Combined TRACON& Tower with Radar,508,49,22,11,590,0,0,2,0,2,508,49,24,11,592,0,0,0,592
11/03/2020,MIA,FL,ASO,ES,Combined TRACON& Tower with Radar,345,44,18,3,410,0,0,12,0,12,345,44,30,3,422,0,0,0,422
11/04/2020,MIA,FL,ASO,ES,Combined TRACON& Tower with Radar,606,55,23,0,684,0,0,5,0,5,606,55,28,0,689,0,0,0,689
11/05/2020,MIA,FL,ASO,ES,Combined TRACON& Tower with Radar,658,70,29,3,760,0,0,0,0,0,658,70,29,3,760,0,0,0,760
11/06/2020,MIA,FL,ASO,ES,Combined TRACON& Tower with Radar,638,78,27,3,746,0,2,8,0,10,638,80,35,3,756,0,0,0,756
11/07/2020,MIA,FL,ASO,ES,Combined TRACON& Tower with Radar,643,66,18,0,727,0,0,1,0,1,643,66,19,0,728,0,0,0,728
11/08/2020,MIA,FL,ASO,ES,Combined TRACON& Tower with Radar,605,39,10,0,654,0,0,0,0,0,605,39,10,0,654,0,0,0,654
11/09/2020,MIA,FL,ASO,ES,Combined TRACON& Tower with Radar,606,45,11,0,662,0,0,1,0,1,606,45,12,0,663,0,0,0,663
11/10/2020,MIA,FL,ASO,ES,Combined TRACON& Tower with Radar,361,49,21,3,434,0,0,2,0,2,361,49,23,3,436,0,0,0,436
11/11/2020,MIA,FL,ASO,ES,Combined TRACON& Tower with Radar,687,82,25,1,795,0,0,0,0,0,687,82,25,1,795,0,0,0,795
11/12/2020,MIA,FL,ASO,ES,Combined TRACON& Tower with Radar,698,64,27,1,790,0,0,15,0,15,698,64,42,1,805,0,0,0,805
11/13/2020,MIA,FL,ASO,ES,Combined TRACON& Tower with Radar,666,90,28,2,786,0,0,8,0,8,666,90,36,2,794,0,0,0,794
11/14/2020,MIA,FL,ASO,ES,Combined TRACON& Tower with Radar,669,50,17,2,738,0,0,9,0,9,669,50,26,2,747,0,0,0,747
11/15/2020,MIA,FL,ASO,ES,Combined TRACON& Tower with Radar,694,65,26,3,788,0,2,4,0,6,694,67,30,3,794,0,0,0,794
11/16/2020,MIA,FL,ASO,ES,Combined TRACON& Tower with Radar,680,82,24,0,786,0,0,4,0,4,680,82,28,0,790,0,0,0,790
11/17/2020,MIA,FL,ASO,ES,Combined TRACON& Tower with Radar,397,47,27,0,471,0,0,13,1,14,397,47,40,1,485,0,0,0,485
11/18/2020,MIA,FL,ASO,ES,Combined TRACON& Tower with Radar,719,65,17,0,801,0,1,17,0,18,719,66,34,0,819,0,0,0,819
11/19/2020,MIA,FL,ASO,ES,Combined TRACON& Tower with Radar,772,66,27,0,865,0,3,23,0,26,772,69,50,0,891,0,0,0,891
11/20/2020,MIA,FL,ASO,ES,Combined TRACON& Tower with Radar,746,111,34,5,896,0,0,5,0,5,746,111,39,5,901,0,0,0,901
11/21/2020,MIA,FL,ASO,ES,Combined TRACON& Tower with Radar,716,74,31,3,824,0,0,5,0,5,716,74,36,3,829,0,0,0,829
11/22/2020,MIA,FL,ASO,ES,Combined TRACON& Tower with Radar,740,55,27,1,823,0,0,4,0,4,740,55,31,1,827,0,0,0,827
11/23/2020,MIA,FL,ASO,ES,Combined TRACON& Tower with Radar,574,80,28,2,684,0,1,3,1,5,574,81,31,3,689,0,0,0,689
11/24/2020,MIA,FL,ASO,ES,Combined TRACON& Tower with Radar,586,70,32,1,689,0,0,4,0,4,586,70,36,1,693,0,0,0,693
11/25/2020,MIA,FL,ASO,ES,Combined TRACON& Tower with Radar,735,85,25,0,845,0,2,6,0,8,735,87,31,0,853,0,0,0,853
11/26/2020,MIA,FL,ASO,ES,Combined TRACON& Tower with Radar,547,40,18,0,605,0,0,5,0,5,547,40,23,0,610,0,0,0,610
11/27/2020,MIA,FL,ASO,ES,Combined TRACON& Tower with Radar,695,58,24,0,777,0,1,13,0,14,695,59,37,0,791,0,0,0,791
11/28/2020,MIA,FL,ASO,ES,Combined TRACON& Tower with Radar,745,79,35,0,859,0,1,1,0,2,745,80,36,0,861,0,0,0,861
11/29/2020,MIA,FL,ASO,ES,Combined TRACON& Tower with Radar,771,74,30,1,876,0,2,4,0,6,771,76,34,1,882,0,0,0,882
11/30/2020,MIA,FL,ASO,ES,Combined TRACON& Tower with Radar,739,75,32,3,849,0,0,2,0,2,739,75,34,3,851,0,0,0,851
12/01/2020,MIA,FL,ASO,ES,Combined TRACON& Tower with Radar,433,54,25,4,516,0,1,2,0,3,433,55,27,4,519,0,0,0,519
12/02/2020,MIA,FL,ASO,ES,Combined TRACON& Tower with Radar,738,87,22,2,849,1,3,10,0,14,739,90,32,2,863,0,0,0,863
12/03/2020,MIA,FL,ASO,ES,Combined TRACON& Tower with Radar,758,71,42,7,878,0,2,14,0,16,758,73,56,7,894,0,0,0,894
12/04/2020,MIA,FL,ASO,ES,Combined TRACON& Tower with Radar,738,91,20,3,852,0,0,8,0,8,738,91,28,3,860,0,0,0,860
12/05/2020,MIA,FL,ASO,ES,Combined TRACON& Tower with Radar,723,66,24,3,816,0,0,2,0,2,723,66,26,3,818,0,0,0,818
12/06/2020,MIA,FL,ASO,ES,Combined TRACON& Tower with Radar,721,60,32,1,814,0,4,6,0,10,721,64,38,1,824,0,0,0,824
12/07/2020,MIA,FL,ASO,ES,Combined TRACON& Tower with Radar,678,78,21,0,777,0,1,1,0,2,678,79,22,0,779,0,0,0,779
12/08/2020,MIA,FL,ASO,ES,Combined TRACON& Tower with Radar,419,61,26,3,509,0,0,12,0,12,419,61,38,3,521,0,0,0,521
12/09/2020,MIA,FL,ASO,ES,Combined TRACON& Tower with Radar,742,85,32,8,867,1,0,16,1,18,743,85,48,9,885,0,0,0,885
12/10/2020,MIA,FL,ASO,ES,Combined TRACON& Tower with Radar,777,96,32,1,906,0,0,9,0,9,777,96,41,1,915,0,0,0,915
12/11/2020,MIA,FL,ASO,ES,Combined TRACON& Tower with Radar,740,84,28,3,855,0,4,5,0,9,740,88,33,3,864,0,0,0,864
12/12/2020,MIA,FL,ASO,ES,Combined TRACON& Tower with Radar,738,48,21,3,810,0,2,4,0,6,738,50,25,3,816,0,0,0,816
12/13/2020,MIA,FL,ASO,ES,Combined TRACON& Tower with Radar,726,67,32,5,830,0,1,9,0,10,726,68,41,5,840,0,0,0,840
12/14/2020,MIA,FL,ASO,ES,Combined TRACON& Tower with Radar,698,75,21,1,795,0,0,0,7,7,698,75,21,8,802,0,0,0,802
12/15/2020,MIA,FL,ASO,ES,Combined TRACON& Tower with Radar,443,70,21,6,540,0,1,3,1,5,443,71,24,7,545,0,0,0,545
12/16/2020,MIA,FL,ASO,ES,Combined TRACON& Tower with Radar,720,93,21,8,842,0,0,6,0,6,720,93,27,8,848,0,0,0,848
12/17/2020,MIA,FL,ASO,ES,Combined TRACON& Tower with Radar,794,97,13,4,908,0,1,5,0,6,794,98,18,4,914,0,0,0,914
12/18/2020,MIA,FL,ASO,ES,Combined TRACON& Tower with Radar,832,99,39,0,970,0,0,6,0,6,832,99,45,0,976,0,0,0,976
12/19/2020,MIA,FL,ASO,ES,Combined TRACON& Tower with Radar,829,86,36,0,951,0,2,2,0,4,829,88,38,0,955,0,0,0,955
12/20/2020,MIA,FL,ASO,ES,Combined TRACON& Tower with Radar,837,73,29,1,940,0,0,2,0,2,837,73,31,1,942,0,0,0,942
12/21/2020,MIA,FL,ASO,ES,Combined TRACON& Tower with Radar,751,96,29,3,879,0,1,15,0,16,751,97,44,3,895,0,0,0,895
12/22/2020,MIA,FL,ASO,ES,Combined TRACON& Tower with Radar,805,89,29,4,927,0,3,3,2,8,805,92,32,6,935,0,0,0,935
12/23/2020,MIA,FL,ASO,ES,Combined TRACON& Tower with Radar,833,90,31,0,954,0,0,9,0,9,833,90,40,0,963,0,0,0,963
12/24/2020,MIA,FL,ASO,ES,Combined TRACON& Tower with Radar,601,56,23,0,680,0,0,3,0,3,601,56,26,0,683,0,0,0,683
12/25/2020,MIA,FL,ASO,ES,Combined TRACON& Tower with Radar,622,66,8,0,696,0,0,0,0,0,622,66,8,0,696,0,0,0,696
12/26/2020,MIA,FL,ASO,ES,Combined TRACON& Tower with Radar,732,92,29,0,853,0,0,8,0,8,732,92,37,0,861,0,0,0,861
12/27/2020,MIA,FL,ASO,ES,Combined TRACON& Tower with Radar,787,87,45,0,919,0,0,5,0,5,787,87,50,0,924,0,0,0,924
12/28/2020,MIA,FL,ASO,ES,Combined TRACON& Tower with Radar,736,82,21,1,840,0,0,4,0,4,736,82,25,1,844,0,0,0,844
12/29/2020,MIA,FL,ASO,ES,Combined TRACON& Tower with Radar,766,97,35,1,899,0,0,4,0,4,766,97,39,1,903,0,0,0,903
12/30/2020,MIA,FL,ASO,ES,Combined TRACON& Tower with Radar,802,108,36,0,946,0,0,17,1,18,802,108,53,1,964,0,0,0,964
12/31/2020,MIA,FL,ASO,ES,Combined TRACON& Tower with Radar,589,71,17,2,679,0,0,1,0,1,589,71,18,2,680,0,0,0,680
01/01/2021,MIA,FL,ASO,ES,Combined TRACON& Tower with Radar,607,56,20,0,683,1,3,4,0,8,608,59,24,0,691,0,0,0,691
01/02/2021,MIA,FL,ASO,ES,Combined TRACON& Tower with Radar,735,99,36,1,871,0,0,5,0,5,735,99,41,1,876,0,0,0,876
01/03/2021,MIA,FL,ASO,ES,Combined TRACON& Tower with Radar,793,96,31,1,921,0,1,10,0,11,793,97,41,1,932,0,0,0,932
01/04/2021,MIA,FL,ASO,ES,Combined TRACON& Tower with Radar,699,93,32,0,824,0,1,8,0,9,699,94,40,0,833,0,0,0,833
01/05/2021,MIA,FL,ASO,ES,Combined TRACON& Tower with Radar,584,60,23,1,668,0,0,6,0,6,584,60,29,1,674,0,0,0,674
01/06/2021,MIA,FL,ASO,ES,Combined TRACON& Tower with Radar,626,70,45,5,746,0,1,4,0,5,626,71,49,5,751,0,0,0,751
01/07/2021,MIA,FL,ASO,ES,Combined TRACON& Tower with Radar,746,68,44,2,860,0,1,6,0,7,746,69,50,2,867,0,0,0,867
01/08/2021,MIA,FL,ASO,ES,Combined TRACON& Tower with Radar,749,97,36,2,884,0,2,6,0,8,749,99,42,2,892,0,0,0,892
01/09/2021,MIA,FL,ASO,ES,Combined TRACON& Tower with Radar,716,73,26,0,815,0,0,3,0,3,716,73,29,0,818,0,0,0,818
01/10/2021,MIA,FL,ASO,ES,Combined TRACON& Tower with Radar,735,69,52,1,857,0,0,4,0,4,735,69,56,1,861,0,0,0,861
01/11/2021,MIA,FL,ASO,ES,Combined TRACON& Tower with Radar,698,98,24,3,823,0,1,9,1,11,698,99,33,4,834,0,0,0,834
01/12/2021,MIA,FL,ASO,ES,Combined TRACON& Tower with Radar,590,96,33,3,722,0,1,9,0,10,590,97,42,3,732,0,0,0,732
01/13/2021,MIA,FL,ASO,ES,Combined TRACON& Tower with Radar,630,80,37,4,751,0,2,3,0,5,630,82,40,4,756,0,0,0,756
01/14/2021,MIA,FL,ASO,ES,Combined TRACON& Tower with Radar,761,83,41,5,890,0,0,2,0,2,761,83,43,5,892,0,0,0,892
01/15/2021,MIA,FL,ASO,ES,Combined TRACON& Tower with Radar,763,102,34,4,903,0,4,10,0,14,763,106,44,4,917,0,0,0,917
01/16/2021,MIA,FL,ASO,ES,Combined TRACON& Tower with Radar,711,56,21,0,788,0,0,6,1,7,711,56,27,1,795,0,0,0,795
01/17/2021,MIA,FL,ASO,ES,Combined TRACON& Tower with Radar,731,56,27,0,814,0,0,6,1,7,731,56,33,1,821,0,0,0,821
01/18/2021,MIA,FL,ASO,ES,Combined TRACON& Tower with Radar,693,104,25,0,822,0,3,5,0,8,693,107,30,0,830,0,0,0,830
01/19/2021,MIA,FL,ASO,ES,Combined TRACON& Tower with Radar,577,75,24,3,679,0,1,8,0,9,577,76,32,3,688,0,0,0,688
01/20/2021,MIA,FL,ASO,ES,Combined TRACON& Tower with Radar,637,64,21,0,722,0,0,6,0,6,637,64,27,0,728,0,0,0,728
01/21/2021,MIA,FL,ASO,ES,Combined TRACON& Tower with Radar,766,104,31,2,903,0,0,11,0,11,766,104,42,2,914,0,0,0,914
01/22/2021,MIA,FL,ASO,ES,Combined TRACON& Tower with Radar,766,86,26,4,882,0,1,11,0,12,766,87,37,4,894,0,0,0,894
01/23/2021,MIA,FL,ASO,ES,Combined TRACON& Tower with Radar,734,71,9,1,815,0,3,3,0,6,734,74,12,1,821,0,0,0,821
01/24/2021,MIA,FL,ASO,ES,Combined TRACON& Tower with Radar,760,81,42,1,884,0,0,2,0,2,760,81,44,1,886,0,0,0,886
01/25/2021,MIA,FL,ASO,ES,Combined TRACON& Tower with Radar,737,82,42,0,861,0,1,9,0,10,737,83,51,0,871,0,0,0,871
01/26/2021,MIA,FL,ASO,ES,Combined TRACON& Tower with Radar,605,54,31,1,691,0,0,3,0,3,605,54,34,1,694,0,0,0,694
01/27/2021,MIA,FL,ASO,ES,Combined TRACON& Tower with Radar,652,63,21,2,738,0,0,7,0,7,652,63,28,2,745,0,0,0,745
01/28/2021,MIA,FL,ASO,ES,Combined TRACON& Tower with Radar,779,85,30,2,896,0,0,3,0,3,779,85,33,2,899,0,0,0,899
01/29/2021,MIA,FL,ASO,ES,Combined TRACON& Tower with Radar,785,80,27,4,896,0,2,12,0,14,785,82,39,4,910,0,0,0,910
01/30/2021,MIA,FL,ASO,ES,Combined TRACON& Tower with Radar,733,62,15,1,811,0,0,9,0,9,733,62,24,1,820,0,0,0,820
01/31/2021,MIA,FL,ASO,ES,Combined TRACON& Tower with Radar,763,67,43,0,873,0,0,2,0,2,763,67,45,0,875,0,0,0,875
02/01/2021,MIA,FL,ASO,ES,Combined TRACON& Tower with Radar,677,73,20,6,776,0,1,5,0,6,677,74,25,6,782,0,0,0,782
02/02/2021,MIA,FL,ASO,ES,Combined TRACON& Tower with Radar,610,67,19,3,699,0,0,7,0,7,610,67,26,3,706,0,0,0,706
02/03/2021,MIA,FL,ASO,ES,Combined TRACON& Tower with Radar,651,73,22,5,751,0,0,12,0,12,651,73,34,5,763,0,0,0,763
02/04/2021,MIA,FL,ASO,ES,Combined TRACON& Tower with Radar,794,88,35,4,921,0,1,12,2,15,794,89,47,6,936,0,0,0,936
02/05/2021,MIA,FL,ASO,ES,Combined TRACON& Tower with Radar,789,109,33,1,932,0,0,6,0,6,789,109,39,1,938,0,0,0,938
02/06/2021,MIA,FL,ASO,ES,Combined TRACON& Tower with Radar,748,70,26,0,844,0,0,2,0,2,748,70,28,0,846,0,0,0,846
02/07/2021,MIA,FL,ASO,ES,Combined TRACON& Tower with Radar,766,65,14,2,847,0,0,6,0,6,766,65,20,2,853,0,0,0,853
02/08/2021,MIA,FL,ASO,ES,Combined TRACON& Tower with Radar,742,107,26,3,878,0,2,4,0,6,742,109,30,3,884,0,0,0,884
02/09/2021,MIA,FL,ASO,ES,Combined TRACON& Tower with Radar,589,77,24,1,691,0,4,7,2,13,589,81,31,3,704,0,0,0,704
02/10/2021,MIA,FL,ASO,ES,Combined TRACON& Tower with Radar,608,103,36,1,748,0,2,6,2,10,608,105,42,3,758,0,0,0,758
02/11/2021,MIA,FL,ASO,ES,Combined TRACON& Tower with Radar,801,121,55,1,978,0,2,4,0,6,801,123,59,1,984,0,0,0,984
02/12/2021,MIA,FL,ASO,ES,Combined TRACON& Tower with Radar,801,120,42,3,966,0,0,1,2,3,801,120,43,5,969,0,0,0,969
02/13/2021,MIA,FL,ASO,ES,Combined TRACON& Tower with Radar,768,90,48,0,906,0,0,1,0,1,768,90,49,0,907,0,0,0,907
02/14/2021,MIA,FL,ASO,ES,Combined TRACON& Tower with Radar,772,72,30,0,874,0,0,8,0,8,772,72,38,0,882,0,0,0,882
02/15/2021,MIA,FL,ASO,ES,Combined TRACON& Tower with Radar,717,107,38,1,863,0,0,7,0,7,717,107,45,1,870,0,0,0,870
02/16/2021,MIA,FL,ASO,ES,Combined TRACON& Tower with Radar,612,80,55,2,749,0,0,5,0,5,612,80,60,2,754,0,0,0,754
02/17/2021,MIA,FL,ASO,ES,Combined TRACON& Tower with Radar,665,77,43,1,786,0,0,9,0,9,665,77,52,1,795,0,0,0,795
02/18/2021,MIA,FL,ASO,ES,Combined TRACON& Tower with Radar,762,105,31,1,899,0,1,20,2,23,762,106,51,3,922,0,0,0,922
02/19/2021,MIA,FL,ASO,ES,Combined TRACON& Tower with Radar,805,109,52,4,970,0,0,3,0,3,805,109,55,4,973,0,0,0,973
02/20/2021,MIA,FL,ASO,ES,Combined TRACON& Tower with Radar,776,69,25,3,873,0,1,0,0,1,776,70,25,3,874,0,0,0,874
02/21/2021,MIA,FL,ASO,ES,Combined TRACON& Tower with Radar,790,67,35,1,893,0,0,5,0,5,790,67,40,1,898,0,0,0,898
02/22/2021,MIA,FL,ASO,ES,Combined TRACON& Tower with Radar,744,99,31,4,878,0,0,2,0,2,744,99,33,4,880,0,0,0,880
02/23/2021,MIA,FL,ASO,ES,Combined TRACON& Tower with Radar,664,68,15,1,748,0,0,5,0,5,664,68,20,1,753,0,0,0,753
02/24/2021,MIA,FL,ASO,ES,Combined TRACON& Tower with Radar,687,56,25,6,774,0,0,2,0,2,687,56,27,6,776,0,0,0,776
02/25/2021,MIA,FL,ASO,ES,Combined TRACON& Tower with Radar,817,80,46,3,946,0,0,8,0,8,817,80,54,3,954,0,0,0,954
02/26/2021,MIA,FL,ASO,ES,Combined TRACON& Tower with Radar,801,93,35,0,929,0,2,7,0,9,801,95,42,0,938,0,0,0,938
02/27/2021,MIA,FL,ASO,ES,Combined TRACON& Tower with Radar,757,92,14,2,865,0,4,4,0,8,757,96,18,2,873,0,0,0,873
02/28/2021,MIA,FL,ASO,ES,Combined TRACON& Tower with Radar,773,99,28,3,903,1,1,1,0,3,774,100,29,3,906,0,0,0,906
03/01/2021,MIA,FL,ASO,ES,Combined TRACON& Tower with Radar,742,98,31,1,872,0,2,0,0,2,742,100,31,1,874,0,0,0,874
03/02/2021,MIA,FL,ASO,ES,Combined TRACON& Tower with Radar,661,68,29,1,759,0,0,4,0,4,661,68,33,1,763,0,0,0,763
03/03/2021,MIA,FL,ASO,ES,Combined TRACON& Tower with Radar,696,90,20,3,809,0,0,3,0,3,696,90,23,3,812,0,0,0,812
03/04/2021,MIA,FL,ASO,ES,Combined TRACON& Tower with Radar,849,97,37,4,987,0,1,7,1,9,849,98,44,5,996,0,0,0,996
03/05/2021,MIA,FL,ASO,ES,Combined TRACON& Tower with Radar,857,110,32,6,1005,0,0,7,0,7,857,110,39,6,1012,0,0,0,1012
03/06/2021,MIA,FL,ASO,ES,Combined TRACON& Tower with Radar,821,78,21,1,921,2,0,3,0,5,823,78,24,1,926,0,0,0,926
03/07/2021,MIA,FL,ASO,ES,Combined TRACON& Tower with Radar,864,93,35,0,992,0,2,2,0,4,864,95,37,0,996,0,0,0,996
03/08/2021,MIA,FL,ASO,ES,Combined TRACON& Tower with Radar,833,106,37,3,979,0,1,6,0,7,833,107,43,3,986,0,0,0,986
03/09/2021,MIA,FL,ASO,ES,Combined TRACON& Tower with Radar,812,89,25,0,926,0,0,8,0,8,812,89,33,0,934,0,0,0,934
03/10/2021,MIA,FL,ASO,ES,Combined TRACON& Tower with Radar,852,89,38,2,981,0,0,5,0,5,852,89,43,2,986,0,0,0,986
03/11/2021,MIA,FL,ASO,ES,Combined TRACON& Tower with Radar,917,102,38,3,1060,0,1,11,0,12,917,103,49,3,1072,0,0,0,1072
03/12/2021,MIA,FL,ASO,ES,Combined TRACON& Tower with Radar,879,96,35,4,1014,0,0,6,1,7,879,96,41,5,1021,0,0,0,1021
03/13/2021,MIA,FL,ASO,ES,Combined TRACON& Tower with Radar,845,76,36,0,957,0,0,6,0,6,845,76,42,0,963,0,0,0,963
03/14/2021,MIA,FL,ASO,ES,Combined TRACON& Tower with Radar,864,109,37,1,1011,0,0,8,0,8,864,109,45,1,1019,0,0,0,1019
03/15/2021,MIA,FL,ASO,ES,Combined TRACON& Tower with Radar,837,115,33,3,988,0,1,5,0,6,837,116,38,3,994,0,0,0,994
03/16/2021,MIA,FL,ASO,ES,Combined TRACON& Tower with Radar,842,81,19,3,945,0,0,5,0,5,842,81,24,3,950,0,0,0,950
03/17/2021,MIA,FL,ASO,ES,Combined TRACON& Tower with Radar,870,101,43,3,1017,0,4,4,0,8,870,105,47,3,1025,0,0,0,1025
03/18/2021,MIA,FL,ASO,ES,Combined TRACON& Tower with Radar,923,105,58,3,1089,0,2,8,0,10,923,107,66,3,1099,0,0,0,1099
03/19/2021,MIA,FL,ASO,ES,Combined TRACON& Tower with Radar,888,114,52,3,1057,0,3,11,0,14,888,117,63,3,1071,0,0,0,1071
03/20/2021,MIA,FL,ASO,ES,Combined TRACON& Tower with Radar,862,103,33,1,999,0,1,7,0,8,862,104,40,1,1007,0,0,0,1007
03/21/2021,MIA,FL,ASO,ES,Combined TRACON& Tower with Radar,880,82,46,0,1008,0,2,0,0,2,880,84,46,0,1010,0,0,0,1010
03/22/2021,MIA,FL,ASO,ES,Combined TRACON& Tower with Radar,869,95,26,1,991,0,2,7,0,9,869,97,33,1,1000,0,0,0,1000
03/23/2021,MIA,FL,ASO,ES,Combined TRACON& Tower with Radar,838,107,37,5,987,0,1,11,3,15,838,108,48,8,1002,0,0,0,1002
03/24/2021,MIA,FL,ASO,ES,Combined TRACON& Tower with Radar,904,117,30,6,1057,0,0,10,0,10,904,117,40,6,1067,0,0,0,1067
03/25/2021,MIA,FL,ASO,ES,Combined TRACON& Tower with Radar,902,119,47,4,1072,0,0,14,0,14,902,119,61,4,1086,0,0,0,1086
03/26/2021,MIA,FL,ASO,ES,Combined TRACON& Tower with Radar,904,110,48,0,1062,0,2,12,3,17,904,112,60,3,1079,0,0,0,1079
03/27/2021,MIA,FL,ASO,ES,Combined TRACON& Tower with Radar,859,114,47,1,1021,0,0,4,0,4,859,114,51,1,1025,0,0,0,1025
03/28/2021,MIA,FL,ASO,ES,Combined TRACON& Tower with Radar,916,85,49,3,1053,0,0,11,0,11,916,85,60,3,1064,0,0,0,1064
03/29/2021,MIA,FL,ASO,ES,Combined TRACON& Tower with Radar,857,105,21,2,985,1,1,7,0,9,858,106,28,2,994,0,0,0,994
03/30/2021,MIA,FL,ASO,ES,Combined TRACON& Tower with Radar,874,83,27,3,987,0,2,6,0,8,874,85,33,3,995,0,0,0,995
03/31/2021,MIA,FL,ASO,ES,Combined TRACON& Tower with Radar,898,91,21,2,1012,0,0,5,1,6,898,91,26,3,1018,0,0,0,1018
04/01/2021,MIA,FL,ASO,ES,Combined TRACON& Tower with Radar,923,84,41,0,1048,0,0,10,0,10,923,84,51,0,1058,0,0,0,1058
04/02/2021,MIA,FL,ASO,ES,Combined TRACON& Tower with Radar,879,72,40,0,991,0,0,11,0,11,879,72,51,0,1002,0,0,0,1002
04/03/2021,MIA,FL,ASO,ES,Combined TRACON& Tower with Radar,866,86,50,3,1005,0,0,12,0,12,866,86,62,3,1017,0,0,0,1017
04/04/2021,MIA,FL,ASO,ES,Combined TRACON& Tower with Radar,909,95,36,3,1043,0,2,2,0,4,909,97,38,3,1047,0,0,0,1047
04/05/2021,MIA,FL,ASO,ES,Combined TRACON& Tower with Radar,899,81,44,2,1026,0,2,15,0,17,899,83,59,2,1043,0,0,0,1043
04/06/2021,MIA,FL,ASO,ES,Combined TRACON& Tower with Radar,884,98,28,1,1011,0,2,6,0,8,884,100,34,1,1019,0,0,0,1019
04/07/2021,MIA,FL,ASO,ES,Combined TRACON& Tower with Radar,919,79,32,1,1031,0,2,14,0,16,919,81,46,1,1047,0,0,0,1047
04/08/2021,MIA,FL,ASO,ES,Combined TRACON& Tower with Radar,955,106,43,2,1106,0,0,7,0,7,955,106,50,2,1113,0,0,0,1113
04/09/2021,MIA,FL,ASO,ES,Combined TRACON& Tower with Radar,904,107,39,1,1051,0,0,6,0,6,904,107,45,1,1057,0,0,0,1057
04/10/2021,MIA,FL,ASO,ES,Combined TRACON& Tower with Radar,878,66,26,3,973,0,2,8,0,10,878,68,34,3,983,0,0,0,983
04/11/2021,MIA,FL,ASO,ES,Combined TRACON& Tower with Radar,704,53,38,0,795,0,2,1,0,3,704,55,39,0,798,0,0,0,798
04/12/2021,MIA,FL,ASO,ES,Combined TRACON& Tower with Radar,886,97,59,6,1048,0,0,3,0,3,886,97,62,6,1051,0,0,0,1051
04/13/2021,MIA,FL,ASO,ES,Combined TRACON& Tower with Radar,902,87,32,4,1025,0,3,4,0,7,902,90,36,4,1032,0,0,0,1032
04/14/2021,MIA,FL,ASO,ES,Combined TRACON& Tower with Radar,895,75,39,4,1013,0,0,4,0,4,895,75,43,4,1017,0,0,0,1017
04/15/2021,MIA,FL,ASO,ES,Combined TRACON& Tower with Radar,978,87,40,8,1113,0,1,7,0,8,978,88,47,8,1121,0,0,0,1121
04/16/2021,MIA,FL,ASO,ES,Combined TRACON& Tower with Radar,966,80,42,3,1091,0,1,6,0,7,966,81,48,3,1098,0,0,0,1098
04/17/2021,MIA,FL,ASO,ES,Combined TRACON& Tower with Radar,925,70,29,1,1025,0,0,3,0,3,925,70,32,1,1028,0,0,0,1028
04/18/2021,MIA,FL,ASO,ES,Combined TRACON& Tower with Radar,969,73,41,0,1083,0,0,5,0,5,969,73,46,0,1088,0,0,0,1088
04/19/2021,MIA,FL,ASO,ES,Combined TRACON& Tower with Radar,946,68,43,4,1061,0,0,4,0,4,946,68,47,4,1065,0,0,0,1065
04/20/2021,MIA,FL,ASO,ES,Combined TRACON& Tower with Radar,940,72,28,2,1042,0,0,10,0,10,940,72,38,2,1052,0,0,0,1052
04/21/2021,MIA,FL,ASO,ES,Combined TRACON& Tower with Radar,945,86,39,3,1073,0,1,8,1,10,945,87,47,4,1083,0,0,0,1083
04/22/2021,MIA,FL,ASO,ES,Combined TRACON& Tower with Radar,1015,85,58,6,1164,0,2,7,2,11,1015,87,65,8,1175,0,0,0,1175
04/23/2021,MIA,FL,ASO,ES,Combined TRACON& Tower with Radar,997,107,40,4,1148,0,0,2,1,3,997,107,42,5,1151,0,0,0,1151
04/24/2021,MIA,FL,ASO,ES,Combined TRACON& Tower with Radar,946,70,25,1,1042,0,0,1,0,1,946,70,26,1,1043,0,0,0,1043
04/25/2021,MIA,FL,ASO,ES,Combined TRACON& Tower with Radar,980,91,49,2,1122,0,2,12,0,14,980,93,61,2,1136,0,0,0,1136
04/26/2021,MIA,FL,ASO,ES,Combined TRACON& Tower with Radar,974,82,34,5,1095,0,1,8,0,9,974,83,42,5,1104,0,0,0,1104
04/27/2021,MIA,FL,ASO,ES,Combined TRACON& Tower with Radar,954,87,35,2,1078,0,2,7,0,9,954,89,42,2,1087,0,0,0,1087
04/28/2021,MIA,FL,ASO,ES,Combined TRACON& Tower with Radar,950,80,48,2,1080,0,4,0,0,4,950,84,48,2,1084,0,0,0,1084
04/29/2021,MIA,FL,ASO,ES,Combined TRACON& Tower with Radar,1019,90,50,1,1160,0,2,15,0,17,1019,92,65,1,1177,0,0,0,1177
04/30/2021,MIA,FL,ASO,ES,Combined TRACON& Tower with Radar,988,98,46,2,1134,0,0,12,1,13,988,98,58,3,1147,0,0,0,1147
05/01/2021,MIA,FL,ASO,ES,Combined TRACON& Tower with Radar,974,60,21,1,1056,0,1,11,0,12,974,61,32,1,1068,0,0,0,1068
05/02/2021,MIA,FL,ASO,ES,Combined TRACON& Tower with Radar,970,70,42,3,1085,0,3,2,1,6,970,73,44,4,1091,0,0,0,1091
05/03/2021,MIA,FL,ASO,ES,Combined TRACON& Tower with Radar,966,89,46,0,1101,0,1,2,0,3,966,90,48,0,1104,0,0,0,1104
05/04/2021,MIA,FL,ASO,ES,Combined TRACON& Tower with Radar,931,80,34,1,1046,0,1,6,0,7,931,81,40,1,1053,0,0,0,1053
05/05/2021,MIA,FL,ASO,ES,Combined TRACON& Tower with Radar,933,87,29,2,1051,0,2,1,0,3,933,89,30,2,1054,0,0,0,1054
05/06/2021,MIA,FL,ASO,ES,Combined TRACON& Tower with Radar,962,83,41,1,1087,0,1,4,0,5,962,84,45,1,1092,0,0,0,1092
05/07/2021,MIA,FL,ASO,ES,Combined TRACON& Tower with Radar,967,101,53,3,1124,0,0,9,0,9,967,101,62,3,1133,0,0,0,1133
05/08/2021,MIA,FL,ASO,ES,Combined TRACON& Tower with Radar,928,63,37,2,1030,0,3,9,0,12,928,66,46,2,1042,0,0,0,1042
05/09/2021,MIA,FL,ASO,ES,Combined TRACON& Tower with Radar,938,61,38,2,1039,0,3,4,0,7,938,64,42,2,1046,0,0,0,1046
05/10/2021,MIA,FL,ASO,ES,Combined TRACON& Tower with Radar,910,97,38,0,1045,0,0,11,0,11,910,97,49,0,1056,0,0,0,1056
05/11/2021,MIA,FL,ASO,ES,Combined TRACON& Tower with Radar,891,77,32,1,1001,0,0,7,0,7,891,77,39,1,1008,0,0,0,1008
05/12/2021,MIA,FL,ASO,ES,Combined TRACON& Tower with Radar,920,98,51,2,1071,0,0,4,0,4,920,98,55,2,1075,0,0,0,1075
05/13/2021,MIA,FL,ASO,ES,Combined TRACON& Tower with Radar,982,102,49,1,1134,0,3,8,0,11,982,105,57,1,1145,0,0,0,1145
05/14/2021,MIA,FL,ASO,ES,Combined TRACON& Tower with Radar,955,95,34,0,1084,0,2,4,0,6,955,97,38,0,1090,0,0,0,1090
05/15/2021,MIA,FL,ASO,ES,Combined TRACON& Tower with Radar,911,69,32,1,1013,0,0,8,0,8,911,69,40,1,1021,0,0,0,1021
05/16/2021,MIA,FL,ASO,ES,Combined TRACON& Tower with Radar,944,69,46,1,1060,1,1,7,1,10,945,70,53,2,1070,0,0,0,1070
05/17/2021,MIA,FL,ASO,ES,Combined TRACON& Tower with Radar,910,71,27,5,1013,0,0,7,0,7,910,71,34,5,1020,0,0,0,1020
05/18/2021,MIA,FL,ASO,ES,Combined TRACON& Tower with Radar,907,67,36,0,1010,0,4,6,0,10,907,71,42,0,1020,0,0,0,1020
05/19/2021,MIA,FL,ASO,ES,Combined TRACON& Tower with Radar,948,90,29,1,1068,0,1,4,1,6,948,91,33,2,1074,0,0,0,1074
05/20/2021,MIA,FL,ASO,ES,Combined TRACON& Tower with Radar,1000,90,33,1,1124,0,2,8,2,12,1000,92,41,3,1136,0,0,0,1136
05/21/2021,MIA,FL,ASO,ES,Combined TRACON& Tower with Radar,949,78,39,0,1066,0,1,5,0,6,949,79,44,0,1072,0,0,0,1072
05/22/2021,MIA,FL,ASO,ES,Combined TRACON& Tower with Radar,942,50,18,0,1010,0,0,19,0,19,942,50,37,0,1029,0,0,0,1029
05/23/2021,MIA,FL,ASO,ES,Combined TRACON& Tower with Radar,965,66,31,0,1062,0,1,2,0,3,965,67,33,0,1065,0,0,0,1065
05/24/2021,MIA,FL,ASO,ES,Combined TRACON& Tower with Radar,933,80,21,0,1034,0,0,4,0,4,933,80,25,0,1038,0,0,0,1038
05/25/2021,MIA,FL,ASO,ES,Combined TRACON& Tower with Radar,930,85,19,4,1038,0,2,6,1,9,930,87,25,5,1047,0,0,0,1047
05/26/2021,MIA,FL,ASO,ES,Combined TRACON& Tower with Radar,941,84,13,3,1041,0,2,2,0,4,941,86,15,3,1045,0,0,0,1045
05/27/2021,MIA,FL,ASO,ES,Combined TRACON& Tower with Radar,1009,90,48,2,1149,0,1,12,0,13,1009,91,60,2,1162,0,0,0,1162
05/28/2021,MIA,FL,ASO,ES,Combined TRACON& Tower with Radar,970,80,30,0,1080,0,2,9,0,11,970,82,39,0,1091,0,0,0,1091
05/29/2021,MIA,FL,ASO,ES,Combined TRACON& Tower with Radar,941,65,31,0,1037,0,0,7,0,7,941,65,38,0,1044,0,0,0,1044
05/30/2021,MIA,FL,ASO,ES,Combined TRACON& Tower with Radar,952,54,18,0,1024,0,0,3,0,3,952,54,21,0,1027,0,0,0,1027
05/31/2021,MIA,FL,ASO,ES,Combined TRACON& Tower with Radar,925,68,38,3,1034,0,0,2,0,2,925,68,40,3,1036,0,0,0,1036
06/01/2021,MIA,FL,ASO,ES,Combined TRACON& Tower with Radar,897,99,31,1,1028,0,0,1,0,1,897,99,32,1,1029,0,0,0,1029
06/02/2021,MIA,FL,ASO,ES,Combined TRACON& Tower with Radar,941,86,31,4,1062,0,0,17,0,17,941,86,48,4,1079,0,0,0,1079
06/03/2021,MIA,FL,ASO,ES,Combined TRACON& Tower with Radar,969,87,36,0,1092,0,0,4,0,4,969,87,40,0,1096,0,0,0,1096
06/04/2021,MIA,FL,ASO,ES,Combined TRACON& Tower with Radar,980,89,39,1,1109,0,0,17,3,20,980,89,56,4,1129,0,0,0,1129
06/05/2021,MIA,FL,ASO,ES,Combined TRACON& Tower with Radar,973,49,32,0,1054,0,0,6,0,6,973,49,38,0,1060,0,0,0,1060
06/06/2021,MIA,FL,ASO,ES,Combined TRACON& Tower with Radar,961,64,39,1,1065,0,0,8,0,8,961,64,47,1,1073,0,0,0,1073
06/07/2021,MIA,FL,ASO,ES,Combined TRACON& Tower with Radar,959,88,34,0,1081,0,2,7,0,9,959,90,41,0,1090,0,0,0,1090
06/08/2021,MIA,FL,ASO,ES,Combined TRACON& Tower with Radar,953,75,20,1,1049,0,0,15,0,15,953,75,35,1,1064,0,0,0,1064
06/09/2021,MIA,FL,ASO,ES,Combined TRACON& Tower with Radar,965,66,24,4,1059,0,2,11,0,13,965,68,35,4,1072,0,0,0,1072
06/10/2021,MIA,FL,ASO,ES,Combined TRACON& Tower with Radar,1033,74,32,3,1142,0,1,7,1,9,1033,75,39,4,1151,0,0,0,1151
06/11/2021,MIA,FL,ASO,ES,Combined TRACON& Tower with Radar,974,74,26,4,1078,0,1,0,1,2,974,75,26,5,1080,0,0,0,1080
06/12/2021,MIA,FL,ASO,ES,Combined TRACON& Tower with Radar,1012,54,22,1,1089,0,0,16,1,17,1012,54,38,2,1106,0,0,0,1106
06/13/2021,MIA,FL,ASO,ES,Combined TRACON& Tower with Radar,971,56,34,0,1061,0,1,4,0,5,971,57,38,0,1066,0,0,0,1066
06/14/2021,MIA,FL,ASO,ES,Combined TRACON& Tower with Radar,963,76,23,2,1064,1,2,3,0,6,964,78,26,2,1070,0,0,0,1070
06/15/2021,MIA,FL,ASO,ES,Combined TRACON& Tower with Radar,964,76,23,3,1066,0,0,0,0,0,964,76,23,3,1066,0,0,0,1066
06/16/2021,MIA,FL,ASO,ES,Combined TRACON& Tower with Radar,994,73,37,4,1108,0,1,6,0,7,994,74,43,4,1115,0,0,0,1115
06/17/2021,MIA,FL,ASO,ES,Combined TRACON& Tower with Radar,1028,67,35,3,1133,0,2,13,1,16,1028,69,48,4,1149,0,0,0,1149
06/18/2021,MIA,FL,ASO,ES,Combined TRACON& Tower with Radar,978,84,40,4,1106,0,0,7,0,7,978,84,47,4,1113,0,0,0,1113
06/19/2021,MIA,FL,ASO,ES,Combined TRACON& Tower with Radar,1007,48,34,2,1091,0,0,7,0,7,1007,48,41,2,1098,0,0,0,1098
06/20/2021,MIA,FL,ASO,ES,Combined TRACON& Tower with Radar,962,54,39,1,1056,0,1,4,0,5,962,55,43,1,1061,0,0,0,1061
06/21/2021,MIA,FL,ASO,ES,Combined TRACON& Tower with Radar,972,61,24,1,1058,0,1,6,0,7,972,62,30,1,1065,0,0,0,1065
06/22/2021,MIA,FL,ASO,ES,Combined TRACON& Tower with Radar,993,59,17,1,1070,0,3,3,0,6,993,62,20,1,1076,0,0,0,1076
06/23/2021,MIA,FL,ASO,ES,Combined TRACON& Tower with Radar,1034,56,37,5,1132,0,2,11,1,14,1034,58,48,6,1146,0,0,0,1146
06/24/2021,MIA,FL,ASO,ES,Combined TRACON& Tower with Radar,1026,82,42,3,1153,0,2,12,0,14,1026,84,54,3,1167,0,0,0,1167
06/25/2021,MIA,FL,ASO,ES,Combined TRACON& Tower with Radar,1013,69,40,0,1122,0,0,8,0,8,1013,69,48,0,1130,0,0,0,1130
06/26/2021,MIA,FL,ASO,ES,Combined TRACON& Tower with Radar,1027,43,30,1,1101,0,0,4,0,4,1027,43,34,1,1105,0,0,0,1105
06/27/2021,MIA,FL,ASO,ES,Combined TRACON& Tower with Radar,1006,52,32,0,1090,0,1,4,0,5,1006,53,36,0,1095,0,0,0,1095
06/28/2021,MIA,FL,ASO,ES,Combined TRACON& Tower with Radar,956,66,36,10,1068,0,0,5,0,5,956,66,41,10,1073,0,0,0,1073
06/29/2021,MIA,FL,ASO,ES,Combined TRACON& Tower with Radar,952,71,26,6,1055,0,0,9,0,9,952,71,35,6,1064,0,0,0,1064
06/30/2021,MIA,FL,ASO,ES,Combined TRACON& Tower with Radar,1012,64,31,9,1116,0,0,7,1,8,1012,64,38,10,1124,0,0,0,1124
07/01/2021,MIA,FL,ASO,ES,Combined TRACON& Tower with Radar,1057,53,12,5,1127,0,0,4,0,4,1057,53,16,5,1131,0,0,0,1131
07/02/2021,MIA,FL,ASO,ES,Combined TRACON& Tower with Radar,968,67,28,5,1068,0,2,11,0,13,968,69,39,5,1081,0,0,0,1081
07/03/2021,MIA,FL,ASO,ES,Combined TRACON& Tower with Radar,1034,58,15,2,1109,0,0,4,0,4,1034,58,19,2,1113,0,0,0,1113
07/04/2021,MIA,FL,ASO,ES,Combined TRACON& Tower with Radar,1001,36,16,0,1053,0,0,7,0,7,1001,36,23,0,1060,0,0,0,1060
07/05/2021,MIA,FL,ASO,ES,Combined TRACON& Tower with Radar,937,49,26,2,1014,0,0,2,0,2,937,49,28,2,1016,0,0,0,1016
07/06/2021,MIA,FL,ASO,ES,Combined TRACON& Tower with Radar,944,54,5,5,1008,0,0,0,0,0,944,54,5,5,1008,0,0,0,1008
07/07/2021,MIA,FL,ASO,ES,Combined TRACON& Tower with Radar,996,66,33,4,1099,0,0,3,0,3,996,66,36,4,1102,0,0,0,1102
07/08/2021,MIA,FL,ASO,ES,Combined TRACON& Tower with Radar,1046,74,33,2,1155,0,0,8,0,8,1046,74,41,2,1163,0,0,0,1163
07/09/2021,MIA,FL,ASO,ES,Combined TRACON& Tower with Radar,1008,78,19,4,1109,0,2,2,0,4,1008,80,21,4,1113,0,0,0,1113
07/10/2021,MIA,FL,ASO,ES,Combined TRACON& Tower with Radar,1040,34,30,1,1105,0,0,7,0,7,1040,34,37,1,1112,0,0,0,1112
07/11/2021,MIA,FL,ASO,ES,Combined TRACON& Tower with Radar,1014,48,25,1,1088,0,1,4,0,5,1014,49,29,1,1093,0,0,0,1093
07/12/2021,MIA,FL,ASO,ES,Combined TRACON& Tower with Radar,934,71,17,2,1024,0,1,2,0,3,934,72,19,2,1027,0,0,0,1027
07/13/2021,MIA,FL,ASO,ES,Combined TRACON& Tower with Radar,1023,67,23,3,1116,0,0,4,0,4,1023,67,27,3,1120,0,0,0,1120
07/14/2021,MIA,FL,ASO,ES,Combined TRACON& Tower with Radar,1018,77,16,5,1116,1,0,7,0,8,1019,77,23,5,1124,0,0,0,1124
07/15/2021,MIA,FL,ASO,ES,Combined TRACON& Tower with Radar,1054,89,23,3,1169,0,0,0,0,0,1054,89,23,3,1169,0,0,0,1169
07/16/2021,MIA,FL,ASO,ES,Combined TRACON& Tower with Radar,1015,82,31,0,1128,0,5,8,2,15,1015,87,39,2,1143,0,0,0,1143
07/17/2021,MIA,FL,ASO,ES,Combined TRACON& Tower with Radar,1024,37,21,0,1082,0,0,4,1,5,1024,37,25,1,1087,0,0,0,1087
07/18/2021,MIA,FL,ASO,ES,Combined TRACON& Tower with Radar,1021,60,27,0,1108,2,1,5,2,10,1023,61,32,2,1118,0,0,0,1118
07/19/2021,MIA,FL,ASO,ES,Combined TRACON& Tower with Radar,951,77,29,2,1059,0,1,8,0,9,951,78,37,2,1068,0,0,0,1068
07/20/2021,MIA,FL,ASO,ES,Combined TRACON& Tower with Radar,1010,70,31,1,1112,0,0,3,0,3,1010,70,34,1,1115,0,0,0,1115
07/21/2021,MIA,FL,ASO,ES,Combined TRACON& Tower with Radar,1020,74,35,4,1133,0,1,8,0,9,1020,75,43,4,1142,0,0,0,1142
07/22/2021,MIA,FL,ASO,ES,Combined TRACON& Tower with Radar,1071,71,38,1,1181,0,0,2,0,2,1071,71,40,1,1183,0,0,0,1183
07/23/2021,MIA,FL,ASO,ES,Combined TRACON& Tower with Radar,1008,74,24,2,1108,0,0,2,0,2,1008,74,26,2,1110,0,0,0,1110
07/24/2021,MIA,FL,ASO,ES,Combined TRACON& Tower with Radar,1052,39,18,0,1109,0,0,6,0,6,1052,39,24,0,1115,0,0,0,1115
07/25/2021,MIA,FL,ASO,ES,Combined TRACON& Tower with Radar,1019,47,22,0,1088,0,0,6,0,6,1019,47,28,0,1094,0,0,0,1094
07/26/2021,MIA,FL,ASO,ES,Combined TRACON& Tower with Radar,961,72,20,0,1053,0,0,4,0,4,961,72,24,0,1057,0,0,0,1057
07/27/2021,MIA,FL,ASO,ES,Combined TRACON& Tower with Radar,1000,55,21,1,1077,0,0,5,0,5,1000,55,26,1,1082,0,0,0,1082
07/28/2021,MIA,FL,ASO,ES,Combined TRACON& Tower with Radar,1025,74,27,2,1128,0,2,9,0,11,1025,76,36,2,1139,0,0,0,1139
07/29/2021,MIA,FL,ASO,ES,Combined TRACON& Tower with Radar,1063,77,39,2,1181,0,0,6,0,6,1063,77,45,2,1187,0,0,0,1187
07/30/2021,MIA,FL,ASO,ES,Combined TRACON& Tower with Radar,1024,89,25,0,1138,0,0,7,0,7,1024,89,32,0,1145,0,0,0,1145
07/31/2021,MIA,FL,ASO,ES,Combined TRACON& Tower with Radar,1049,38,18,0,1105,0,0,8,0,8,1049,38,26,0,1113,0,0,0,1113
08/01/2021,MIA,FL,ASO,ES,Combined TRACON& Tower with Radar,993,51,21,0,1065,0,0,2,0,2,993,51,23,0,1067,0,0,0,1067
08/02/2021,MIA,FL,ASO,ES,Combined TRACON& Tower with Radar,950,59,38,0,1047,0,1,11,1,13,950,60,49,1,1060,0,0,0,1060
08/03/2021,MIA,FL,ASO,ES,Combined TRACON& Tower with Radar,903,66,25,1,995,0,0,2,0,2,903,66,27,1,997,0,0,0,997
08/04/2021,MIA,FL,ASO,ES,Combined TRACON& Tower with Radar,1010,67,26,2,1105,0,0,1,0,1,1010,67,27,2,1106,0,0,0,1106
08/05/2021,MIA,FL,ASO,ES,Combined TRACON& Tower with Radar,1041,60,32,3,1136,0,0,1,0,1,1041,60,33,3,1137,0,0,0,1137
08/06/2021,MIA,FL,ASO,ES,Combined TRACON& Tower with Radar,1010,88,19,0,1117,0,0,4,0,4,1010,88,23,0,1121,0,0,0,1121
08/07/2021,MIA,FL,ASO,ES,Combined TRACON& Tower with Radar,1038,37,18,3,1096,0,1,4,0,5,1038,38,22,3,1101,0,0,0,1101
08/08/2021,MIA,FL,ASO,ES,Combined TRACON& Tower with Radar,1010,38,24,1,1073,0,0,2,0,2,1010,38,26,1,1075,0,0,0,1075
08/09/2021,MIA,FL,ASO,ES,Combined TRACON& Tower with Radar,972,64,24,2,1062,0,0,15,0,15,972,64,39,2,1077,0,0,0,1077
08/10/2021,MIA,FL,ASO,ES,Combined TRACON& Tower with Radar,979,57,20,3,1059,0,0,11,0,11,979,57,31,3,1070,0,0,0,1070
08/11/2021,MIA,FL,ASO,ES,Combined TRACON& Tower with Radar,988,67,16,4,1075,0,0,3,0,3,988,67,19,4,1078,0,0,0,1078
08/12/2021,MIA,FL,ASO,ES,Combined TRACON& Tower with Radar,972,62,25,1,1060,0,1,2,0,3,972,63,27,1,1063,0,0,0,1063
08/13/2021,MIA,FL,ASO,ES,Combined TRACON& Tower with Radar,1035,71,22,3,1131,0,0,8,0,8,1035,71,30,3,1139,0,0,0,1139
08/14/2021,MIA,FL,ASO,ES,Combined TRACON& Tower with Radar,988,36,19,0,1043,0,0,7,0,7,988,36,26,0,1050,0,0,0,1050
08/15/2021,MIA,FL,ASO,ES,Combined TRACON& Tower with Radar,1006,33,22,2,1063,1,0,5,0,6,1007,33,27,2,1069,0,0,0,1069
08/16/2021,MIA,FL,ASO,ES,Combined TRACON& Tower with Radar,979,77,20,4,1080,0,1,4,0,5,979,78,24,4,1085,0,0,0,1085
08/17/2021,MIA,FL,ASO,ES,Combined TRACON& Tower with Radar,867,50,25,6,948,0,0,0,0,0,867,50,25,6,948,0,0,0,948
08/18/2021,MIA,FL,ASO,ES,Combined TRACON& Tower with Radar,906,54,20,7,987,0,0,4,0,4,906,54,24,7,991,0,0,0,991
08/19/2021,MIA,FL,ASO,ES,Combined TRACON& Tower with Radar,975,69,28,7,1079,0,0,8,1,9,975,69,36,8,1088,0,0,0,1088
08/20/2021,MIA,FL,ASO,ES,Combined TRACON& Tower with Radar,919,67,33,2,1021,0,0,8,0,8,919,67,41,2,1029,0,0,0,1029
08/21/2021,MIA,FL,ASO,ES,Combined TRACON& Tower with Radar,937,39,18,2,996,0,0,7,0,7,937,39,25,2,1003,0,0,0,1003
08/22/2021,MIA,FL,ASO,ES,Combined TRACON& Tower with Radar,893,61,26,2,982,0,0,4,2,6,893,61,30,4,988,0,0,0,988
08/23/2021,MIA,FL,ASO,ES,Combined TRACON& Tower with Radar,902,52,31,1,986,0,2,6,0,8,902,54,37,1,994,0,0,0,994
08/24/2021,MIA,FL,ASO,ES,Combined TRACON& Tower with Radar,883,48,21,3,955,0,0,6,0,6,883,48,27,3,961,0,0,0,961
08/25/2021,MIA,FL,ASO,ES,Combined TRACON& Tower with Radar,882,47,32,3,964,0,0,8,0,8,882,47,40,3,972,0,0,0,972
08/26/2021,MIA,FL,ASO,ES,Combined TRACON& Tower with Radar,956,53,42,3,1054,0,2,13,0,15,956,55,55,3,1069,0,0,0,1069
08/27/2021,MIA,FL,ASO,ES,Combined TRACON& Tower with Radar,905,57,15,4,981,0,1,0,0,1,905,58,15,4,982,0,0,0,982
08/28/2021,MIA,FL,ASO,ES,Combined TRACON& Tower with Radar,931,26,26,6,989,0,0,4,0,4,931,26,30,6,993,0,0,0,993
08/29/2021,MIA,FL,ASO,ES,Combined TRACON& Tower with Radar,903,32,16,2,953,0,2,4,0,6,903,34,20,2,959,0,0,0,959
08/30/2021,MIA,FL,ASO,ES,Combined TRACON& Tower with Radar,880,48,18,0,946,0,0,4,0,4,880,48,22,0,950,0,0,0,950
08/31/2021,MIA,FL,ASO,ES,Combined TRACON& Tower with Radar,879,68,14,5,966,0,1,4,0,5,879,69,18,5,971,0,0,0,971
09/01/2021,MIA,FL,ASO,ES,Combined TRACON& Tower with Radar,879,65,26,3,973,0,0,4,0,4,879,65,30,3,977,0,0,0,977
09/02/2021,MIA,FL,ASO,ES,Combined TRACON& Tower with Radar,936,60,11,1,1008,0,2,0,0,2,936,62,11,1,1010,0,0,0,1010
09/03/2021,MIA,FL,ASO,ES,Combined TRACON& Tower with Radar,917,66,25,5,1013,0,3,3,0,6,917,69,28,5,1019,0,0,0,1019
09/04/2021,MIA,FL,ASO,ES,Combined TRACON& Tower with Radar,900,34,4,2,940,0,1,4,0,5,900,35,8,2,945,0,0,0,945
09/05/2021,MIA,FL,ASO,ES,Combined TRACON& Tower with Radar,867,30,5,1,903,0,0,0,0,0,867,30,5,1,903,0,0,0,903
09/06/2021,MIA,FL,ASO,ES,Combined TRACON& Tower with Radar,867,52,32,4,955,0,0,3,0,3,867,52,35,4,958,0,0,0,958
09/07/2021,MIA,FL,ASO,ES,Combined TRACON& Tower with Radar,838,58,24,0,920,0,2,5,0,7,838,60,29,0,927,0,0,0,927
09/08/2021,MIA,FL,ASO,ES,Combined TRACON& Tower with Radar,849,57,27,1,934,0,2,5,0,7,849,59,32,1,941,0,0,0,941
09/09/2021,MIA,FL,ASO,ES,Combined TRACON& Tower with Radar,925,60,31,1,1017,0,4,3,0,7,925,64,34,1,1024,0,0,0,1024
09/10/2021,MIA,FL,ASO,ES,Combined TRACON& Tower with Radar,896,58,20,2,976,0,3,8,2,13,896,61,28,4,989,0,0,0,989
09/11/2021,MIA,FL,ASO,ES,Combined TRACON& Tower with Radar,864,24,12,0,900,0,2,1,0,3,864,26,13,0,903,0,0,0,903
09/12/2021,MIA,FL,ASO,ES,Combined TRACON& Tower with Radar,858,38,17,2,915,0,2,2,0,4,858,40,19,2,919,0,0,0,919
09/13/2021,MIA,FL,ASO,ES,Combined TRACON& Tower with Radar,864,61,12,2,939,0,1,0,0,1,864,62,12,2,940,0,0,0,940
09/14/2021,MIA,FL,ASO,ES,Combined TRACON& Tower with Radar,829,51,33,2,915,0,2,4,0,6,829,53,37,2,921,0,0,0,921
09/15/2021,MIA,FL,ASO,ES,Combined TRACON& Tower with Radar,861,73,25,4,963,0,3,3,0,6,861,76,28,4,969,0,0,0,969
09/16/2021,MIA,FL,ASO,ES,Combined TRACON& Tower with Radar,919,66,23,2,1010,0,7,3,0,10,919,73,26,2,1020,0,0,0,1020
09/17/2021,MIA,FL,ASO,ES,Combined TRACON& Tower with Radar,897,71,20,1,989,0,2,7,0,9,897,73,27,1,998,0,0,0,998
09/18/2021,MIA,FL,ASO,ES,Combined TRACON& Tower with Radar,887,27,18,0,932,0,3,18,0,21,887,30,36,0,953,0,0,0,953
09/19/2021,MIA,FL,ASO,ES,Combined TRACON& Tower with Radar,895,44,34,3,976,0,1,6,0,7,895,45,40,3,983,0,0,0,983
09/20/2021,MIA,FL,ASO,ES,Combined TRACON& Tower with Radar,861,66,19,2,948,0,1,5,0,6,861,67,24,2,954,0,0,0,954
09/21/2021,MIA,FL,ASO,ES,Combined TRACON& Tower with Radar,829,66,23,2,920,0,4,4,0,8,829,70,27,2,928,0,0,0,928
09/22/2021,MIA,FL,ASO,ES,Combined TRACON& Tower with Radar,862,71,14,2,949,1,2,8,0,11,863,73,22,2,960,0,0,0,960
09/23/2021,MIA,FL,ASO,ES,Combined TRACON& Tower with Radar,900,59,27,1,987,0,2,3,0,5,900,61,30,1,992,0,0,0,992
09/24/2021,MIA,FL,ASO,ES,Combined TRACON& Tower with Radar,926,64,34,0,1024,0,3,4,0,7,926,67,38,0,1031,0,0,0,1031
09/25/2021,MIA,FL,ASO,ES,Combined TRACON& Tower with Radar,867,34,11,4,916,0,2,5,0,7,867,36,16,4,923,0,0,0,923
09/26/2021,MIA,FL,ASO,ES,Combined TRACON& Tower with Radar,874,42,26,1,943,0,0,3,0,3,874,42,29,1,946,0,0,0,946
09/27/2021,MIA,FL,ASO,ES,Combined TRACON& Tower with Radar,854,63,31,3,951,0,4,6,0,10,854,67,37,3,961,0,0,0,961
09/28/2021,MIA,FL,ASO,ES,Combined TRACON& Tower with Radar,825,53,25,8,911,0,6,1,0,7,825,59,26,8,918,0,0,0,918
09/29/2021,MIA,FL,ASO,ES,Combined TRACON& Tower with Radar,883,67,31,5,986,0,4,3,1,8,883,71,34,6,994,0,0,0,994
09/30/2021,MIA,FL,ASO,ES,Combined TRACON& Tower with Radar,929,78,33,7,1047,0,2,6,0,8,929,80,39,7,1055,0,0,0,1055
10/01/2021,MIA,FL,ASO,ES,Combined TRACON& Tower with Radar,883,76,30,3,992,0,3,3,0,6,883,79,33,3,998,0,0,0,998
10/02/2021,MIA,FL,ASO,ES,Combined TRACON& Tower with Radar,878,43,20,2,943,0,1,1,0,2,878,44,21,2,945,0,0,0,945
10/03/2021,MIA,FL,ASO,ES,Combined TRACON& Tower with Radar,885,42,20,0,947,0,4,4,0,8,885,46,24,0,955,0,0,0,955
10/04/2021,MIA,FL,ASO,ES,Combined TRACON& Tower with Radar,869,58,21,4,952,0,1,1,0,2,869,59,22,4,954,0,0,0,954
10/05/2021,MIA,FL,ASO,ES,Combined TRACON& Tower with Radar,857,53,21,3,934,0,2,2,0,4,857,55,23,3,938,0,0,0,938
10/06/2021,MIA,FL,ASO,ES,Combined TRACON& Tower with Radar,894,65,29,4,992,0,2,5,0,7,894,67,34,4,999,0,0,0,999
10/07/2021,MIA,FL,ASO,ES,Combined TRACON& Tower with Radar,1028,69,32,1,1130,0,4,4,0,8,1028,73,36,1,1138,0,0,0,1138
10/08/2021,MIA,FL,ASO,ES,Combined TRACON& Tower with Radar,940,66,34,2,1042,0,2,7,0,9,940,68,41,2,1051,0,0,0,1051
10/09/2021,MIA,FL,ASO,ES,Combined TRACON& Tower with Radar,993,34,27,0,1054,0,3,10,0,13,993,37,37,0,1067,0,0,0,1067
10/10/2021,MIA,FL,ASO,ES,Combined TRACON& Tower with Radar,1004,35,23,0,1062,0,0,12,0,12,1004,35,35,0,1074,0,0,0,1074
10/11/2021,MIA,FL,ASO,ES,Combined TRACON& Tower with Radar,1012,63,30,0,1105,0,2,6,0,8,1012,65,36,0,1113,0,0,0,1113
10/12/2021,MIA,FL,ASO,ES,Combined TRACON& Tower with Radar,989,60,23,5,1077,0,4,2,1,7,989,64,25,6,1084,0,0,0,1084
10/13/2021,MIA,FL,ASO,ES,Combined TRACON& Tower with Radar,1006,69,25,2,1102,0,2,5,0,7,1006,71,30,2,1109,0,0,0,1109
10/14/2021,MIA,FL,ASO,ES,Combined TRACON& Tower with Radar,1056,77,33,3,1169,0,4,6,0,10,1056,81,39,3,1179,0,0,0,1179
10/15/2021,MIA,FL,ASO,ES,Combined TRACON& Tower with Radar,1023,67,43,2,1135,0,2,7,2,11,1023,69,50,4,1146,0,0,0,1146
10/16/2021,MIA,FL,ASO,ES,Combined TRACON& Tower with Radar,976,53,38,0,1067,0,2,5,0,7,976,55,43,0,1074,0,0,0,1074
10/17/2021,MIA,FL,ASO,ES,Combined TRACON& Tower with Radar,1023,56,36,0,1115,0,5,10,1,16,1023,61,46,1,1131,0,0,0,1131
10/18/2021,MIA,FL,ASO,ES,Combined TRACON& Tower with Radar,1002,66,41,0,1109,0,3,1,0,4,1002,69,42,0,1113,0,0,0,1113
10/19/2021,MIA,FL,ASO,ES,Combined TRACON& Tower with Radar,977,80,19,1,1077,0,2,0,2,4,977,82,19,3,1081,0,0,0,1081
10/20/2021,MIA,FL,ASO,ES,Combined TRACON& Tower with Radar,1018,65,40,2,1125,0,3,7,0,10,1018,68,47,2,1135,0,0,0,1135
10/21/2021,MIA,FL,ASO,ES,Combined TRACON& Tower with Radar,1055,73,43,0,1171,0,2,5,0,7,1055,75,48,0,1178,0,0,0,1178
10/22/2021,MIA,FL,ASO,ES,Combined TRACON& Tower with Radar,1043,77,38,1,1159,0,2,5,0,7,1043,79,43,1,1166,0,0,0,1166
10/23/2021,MIA,FL,ASO,ES,Combined TRACON& Tower with Radar,986,32,22,0,1040,0,1,0,0,1,986,33,22,0,1041,0,0,0,1041
10/24/2021,MIA,FL,ASO,ES,Combined TRACON& Tower with Radar,1026,47,37,0,1110,0,0,2,0,2,1026,47,39,0,1112,0,0,0,1112
10/25/2021,MIA,FL,ASO,ES,Combined TRACON& Tower with Radar,1001,64,35,0,1100,0,1,4,0,5,1001,65,39,0,1105,0,0,0,1105
10/26/2021,MIA,FL,ASO,ES,Combined TRACON& Tower with Radar,980,61,19,2,1062,0,2,29,0,31,980,63,48,2,1093,0,0,0,1093
10/27/2021,MIA,FL,ASO,ES,Combined TRACON& Tower with Radar,1014,69,40,0,1123,0,4,7,0,11,1014,73,47,0,1134,0,0,0,1134
10/28/2021,MIA,FL,ASO,ES,Combined TRACON& Tower with Radar,1045,83,30,0,1158,0,3,6,0,9,1045,86,36,0,1167,0,0,0,1167
10/29/2021,MIA,FL,ASO,ES,Combined TRACON& Tower with Radar,1001,104,47,13,1165,0,3,2,2,7,1001,107,49,15,1172,0,0,0,1172
10/30/2021,MIA,FL,ASO,ES,Combined TRACON& Tower with Radar,901,48,27,1,977,0,1,3,0,4,901,49,30,1,981,0,0,0,981
10/31/2021,MIA,FL,ASO,ES,Combined TRACON& Tower with Radar,794,52,36,2,884,0,0,5,0,5,794,52,41,2,889,0,0,0,889
11/01/2021,MIA,FL,ASO,ES,Combined TRACON& Tower with Radar,916,78,54,0,1048,0,5,8,0,13,916,83,62,0,1061,0,0,0,1061
11/02/2021,MIA,FL,ASO,ES,Combined TRACON& Tower with Radar,953,72,32,1,1058,0,3,2,0,5,953,75,34,1,1063,0,0,0,1063
11/03/2021,MIA,FL,ASO,ES,Combined TRACON& Tower with Radar,1152,87,36,2,1277,0,4,6,0,10,1152,91,42,2,1287,0,0,0,1287
11/04/2021,MIA,FL,ASO,ES,Combined TRACON& Tower with Radar,1179,84,36,1,1300,0,2,14,0,16,1179,86,50,1,1316,0,0,0,1316
11/05/2021,MIA,FL,ASO,ES,Combined TRACON& Tower with Radar,1181,80,27,0,1288,1,2,2,0,5,1182,82,29,0,1293,0,0,0,1293
11/06/2021,MIA,FL,ASO,ES,Combined TRACON& Tower with Radar,1107,44,19,0,1170,0,1,5,0,6,1107,45,24,0,1176,0,0,0,1176
11/07/2021,MIA,FL,ASO,ES,Combined TRACON& Tower with Radar,1132,77,43,0,1252,0,0,7,0,7,1132,77,50,0,1259,0,0,0,1259
11/08/2021,MIA,FL,ASO,ES,Combined TRACON& Tower with Radar,1104,68,56,2,1230,0,1,6,0,7,1104,69,62,2,1237,0,0,0,1237
11/09/2021,MIA,FL,ASO,ES,Combined TRACON& Tower with Radar,953,71,37,1,1062,0,2,7,0,9,953,73,44,1,1071,0,0,0,1071
11/10/2021,MIA,FL,ASO,ES,Combined TRACON& Tower with Radar,1146,98,41,3,1288,0,5,9,2,16,1146,103,50,5,1304,0,0,0,1304
11/11/2021,MIA,FL,ASO,ES,Combined TRACON& Tower with Radar,1185,91,43,0,1319,0,5,6,0,11,1185,96,49,0,1330,0,0,0,1330
11/12/2021,MIA,FL,ASO,ES,Combined TRACON& Tower with Radar,1141,66,41,0,1248,0,2,8,0,10,1141,68,49,0,1258,0,0,0,1258
11/13/2021,MIA,FL,ASO,ES,Combined TRACON& Tower with Radar,1142,39,34,0,1215,0,2,5,0,7,1142,41,39,0,1222,0,0,0,1222
11/14/2021,MIA,FL,ASO,ES,Combined TRACON& Tower with Radar,1143,50,50,0,1243,0,0,7,0,7,1143,50,57,0,1250,0,0,0,1250
11/15/2021,MIA,FL,ASO,ES,Combined TRACON& Tower with Radar,1144,76,50,1,1271,0,4,4,0,8,1144,80,54,1,1279,0,0,0,1279
11/16/2021,MIA,FL,ASO,ES,Combined TRACON& Tower with Radar,993,74,42,2,1111,0,3,1,0,4,993,77,43,2,1115,0,0,0,1115
11/17/2021,MIA,FL,ASO,ES,Combined TRACON& Tower with Radar,1176,81,29,2,1288,0,2,3,0,5,1176,83,32,2,1293,0,0,0,1293
11/18/2021,MIA,FL,ASO,ES,Combined TRACON& Tower with Radar,1218,95,47,3,1363,0,2,5,1,8,1218,97,52,4,1371,0,0,0,1371
11/19/2021,MIA,FL,ASO,ES,Combined TRACON& Tower with Radar,1220,94,42,2,1358,0,2,5,0,7,1220,96,47,2,1365,0,0,0,1365
11/20/2021,MIA,FL,ASO,ES,Combined TRACON& Tower with Radar,1209,75,35,0,1319,0,1,1,0,2,1209,76,36,0,1321,0,0,0,1321
11/21/2021,MIA,FL,ASO,ES,Combined TRACON& Tower with Radar,1210,62,41,1,1314,0,1,10,0,11,1210,63,51,1,1325,0,0,0,1325
11/22/2021,MIA,FL,ASO,ES,Combined TRACON& Tower with Radar,1050,73,21,2,1146,0,1,8,0,9,1050,74,29,2,1155,0,0,0,1155
11/23/2021,MIA,FL,ASO,ES,Combined TRACON& Tower with Radar,1094,76,34,1,1205,0,4,5,0,9,1094,80,39,1,1214,0,0,0,1214
11/24/2021,MIA,FL,ASO,ES,Combined TRACON& Tower with Radar,1241,75,32,1,1349,0,5,9,0,14,1241,80,41,1,1363,0,0,0,1363
11/25/2021,MIA,FL,ASO,ES,Combined TRACON& Tower with Radar,964,65,22,0,1051,0,0,1,0,1,964,65,23,0,1052,0,0,0,1052
11/26/2021,MIA,FL,ASO,ES,Combined TRACON& Tower with Radar,1152,78,19,0,1249,0,6,5,0,11,1152,84,24,0,1260,0,0,0,1260
11/27/2021,MIA,FL,ASO,ES,Combined TRACON& Tower with Radar,1242,69,35,2,1348,0,1,2,0,3,1242,70,37,2,1351,0,0,0,1351
11/28/2021,MIA,FL,ASO,ES,Combined TRACON& Tower with Radar,1239,101,68,1,1409,0,0,10,0,10,1239,101,78,1,1419,0,0,0,1419
11/29/2021,MIA,FL,ASO,ES,Combined TRACON& Tower with Radar,1232,156,75,1,1464,0,4,13,0,17,1232,160,88,1,1481,0,0,0,1481
11/30/2021,MIA,FL,ASO,ES,Combined TRACON& Tower with Radar,1079,138,69,3,1289,0,2,7,0,9,1079,140,76,3,1298,0,0,0,1298
12/01/2021,MIA,FL,ASO,ES,Combined TRACON& Tower with Radar,1211,144,51,1,1407,0,4,25,0,29,1211,148,76,1,1436,0,0,0,1436
12/02/2021,MIA,FL,ASO,ES,Combined TRACON& Tower with Radar,1272,140,71,1,1484,0,3,9,2,14,1272,143,80,3,1498,0,0,0,1498
12/03/2021,MIA,FL,ASO,ES,Combined TRACON& Tower with Radar,1302,108,81,6,1497,0,2,18,0,20,1302,110,99,6,1517,0,0,0,1517
12/04/2021,MIA,FL,ASO,ES,Combined TRACON& Tower with Radar,1218,98,39,0,1355,0,1,8,0,9,1218,99,47,0,1364,0,0,0,1364
12/05/2021,MIA,FL,ASO,ES,Combined TRACON& Tower with Radar,1262,108,65,0,1435,0,1,9,0,10,1262,109,74,0,1445,0,0,0,1445
12/06/2021,MIA,FL,ASO,ES,Combined TRACON& Tower with Radar,1238,88,54,0,1380,0,1,3,0,4,1238,89,57,0,1384,0,0,0,1384
12/07/2021,MIA,FL,ASO,ES,Combined TRACON& Tower with Radar,1158,82,56,1,1297,0,5,7,0,12,1158,87,63,1,1309,0,0,0,1309
12/08/2021,MIA,FL,ASO,ES,Combined TRACON& Tower with Radar,1178,91,53,1,1323,0,3,2,0,5,1178,94,55,1,1328,0,0,0,1328
12/09/2021,MIA,FL,ASO,ES,Combined TRACON& Tower with Radar,1287,101,50,3,1441,0,2,12,0,14,1287,103,62,3,1455,0,0,0,1455
12/10/2021,MIA,FL,ASO,ES,Combined TRACON& Tower with Radar,1271,107,39,0,1417,0,2,9,1,12,1271,109,48,1,1429,0,0,0,1429
12/11/2021,MIA,FL,ASO,ES,Combined TRACON& Tower with Radar,1218,65,26,0,1309,0,2,7,0,9,1218,67,33,0,1318,0,0,0,1318
12/12/2021,MIA,FL,ASO,ES,Combined TRACON& Tower with Radar,1266,75,41,0,1382,0,10,1,0,11,1266,85,42,0,1393,0,0,0,1393
12/13/2021,MIA,FL,ASO,ES,Combined TRACON& Tower with Radar,1233,87,36,4,1360,0,3,3,0,6,1233,90,39,4,1366,0,0,0,1366
12/14/2021,MIA,FL,ASO,ES,Combined TRACON& Tower with Radar,1144,86,28,2,1260,0,2,8,0,10,1144,88,36,2,1270,0,0,0,1270
12/15/2021,MIA,FL,ASO,ES,Combined TRACON& Tower with Radar,1180,77,43,6,1306,0,2,5,0,7,1180,79,48,6,1313,0,0,0,1313
12/16/2021,MIA,FL,ASO,ES,Combined TRACON& Tower with Radar,1296,87,38,3,1424,0,2,12,0,14,1296,89,50,3,1438,0,0,0,1438
12/17/2021,MIA,FL,ASO,ES,Combined TRACON& Tower with Radar,1319,111,38,0,1468,0,4,6,2,12,1319,115,44,2,1480,0,0,0,1480
12/18/2021,MIA,FL,ASO,ES,Combined TRACON& Tower with Radar,1293,89,45,0,1427,1,0,1,0,2,1294,89,46,0,1429,0,0,0,1429
12/19/2021,MIA,FL,ASO,ES,Combined TRACON& Tower with Radar,1307,60,56,0,1423,0,3,11,2,16,1307,63,67,2,1439,0,0,0,1439
12/20/2021,MIA,FL,ASO,ES,Combined TRACON& Tower with Radar,1273,84,35,4,1396,0,1,4,0,5,1273,85,39,4,1401,0,0,0,1401
12/21/2021,MIA,FL,ASO,ES,Combined TRACON& Tower with Radar,1288,94,32,2,1416,1,2,3,0,6,1289,96,35,2,1422,0,0,0,1422
12/22/2021,MIA,FL,ASO,ES,Combined TRACON& Tower with Radar,1308,76,38,1,1423,1,5,6,0,12,1309,81,44,1,1435,0,0,0,1435
12/23/2021,MIA,FL,ASO,ES,Combined TRACON& Tower with Radar,1337,102,27,1,1467,0,3,9,0,12,1337,105,36,1,1479,0,0,0,1479
12/24/2021,MIA,FL,ASO,ES,Combined TRACON& Tower with Radar,1204,54,16,0,1274,0,5,4,0,9,1204,59,20,0,1283,0,0,0,1283
12/25/2021,MIA,FL,ASO,ES,Combined TRACON& Tower with Radar,1076,75,20,0,1171,0,1,5,0,6,1076,76,25,0,1177,0,0,0,1177
12/26/2021,MIA,FL,ASO,ES,Combined TRACON& Tower with Radar,1194,92,63,1,1350,0,2,9,0,11,1194,94,72,1,1361,0,0,0,1361
12/27/2021,MIA,FL,ASO,ES,Combined TRACON& Tower with Radar,1196,113,57,0,1366,0,5,13,0,18,1196,118,70,0,1384,0,0,0,1384
12/28/2021,MIA,FL,ASO,ES,Combined TRACON& Tower with Radar,1250,123,37,1,1411,0,3,8,0,11,1250,126,45,1,1422,0,0,0,1422
12/29/2021,MIA,FL,ASO,ES,Combined TRACON& Tower with Radar,1286,97,41,2,1426,0,4,6,0,10,1286,101,47,2,1436,0,0,0,1436
12/30/2021,MIA,FL,ASO,ES,Combined TRACON& Tower with Radar,1317,102,58,1,1478,0,3,8,0,11,1317,105,66,1,1489,0,0,0,1489
12/31/2021,MIA,FL,ASO,ES,Combined TRACON& Tower with Radar,1160,54,23,0,1237,0,6,5,0,11,1160,60,28,0,1248,0,0,0,1248
01/01/2022,MIA,FL,ASO,ES,Combined TRACON& Tower with Radar,1015,78,34,0,1127,0,4,5,0,9,1015,82,39,0,1136,0,0,0,1136
01/02/2022,MIA,FL,ASO,ES,Combined TRACON& Tower with Radar,1131,109,64,0,1304,0,3,16,0,19,1131,112,80,0,1323,0,0,0,1323
01/03/2022,MIA,FL,ASO,ES,Combined TRACON& Tower with Radar,1177,103,71,2,1353,0,3,5,0,8,1177,106,76,2,1361,0,0,0,1361
01/04/2022,MIA,FL,ASO,ES,Combined TRACON& Tower with Radar,1203,104,30,2,1339,0,2,9,0,11,1203,106,39,2,1350,0,0,0,1350
01/05/2022,MIA,FL,ASO,ES,Combined TRACON& Tower with Radar,1195,73,67,4,1339,0,3,4,1,8,1195,76,71,5,1347,0,0,0,1347
01/06/2022,MIA,FL,ASO,ES,Combined TRACON& Tower with Radar,1231,99,58,4,1392,1,2,8,0,11,1232,101,66,4,1403,0,0,0,1403
01/07/2022,MIA,FL,ASO,ES,Combined TRACON& Tower with Radar,1158,83,31,1,1273,0,3,2,0,5,1158,86,33,1,1278,0,0,0,1278
01/08/2022,MIA,FL,ASO,ES,Combined TRACON& Tower with Radar,1173,83,36,4,1296,0,3,8,0,11,1173,86,44,4,1307,0,0,0,1307
01/09/2022,MIA,FL,ASO,ES,Combined TRACON& Tower with Radar,1191,87,39,0,1317,0,0,6,2,8,1191,87,45,2,1325,0,0,0,1325
01/10/2022,MIA,FL,ASO,ES,Combined TRACON& Tower with Radar,1179,67,38,1,1285,0,5,1,0,6,1179,72,39,1,1291,0,0,0,1291
01/11/2022,MIA,FL,ASO,ES,Combined TRACON& Tower with Radar,1166,74,27,2,1269,0,3,11,0,14,1166,77,38,2,1283,0,0,0,1283
01/12/2022,MIA,FL,ASO,ES,Combined TRACON& Tower with Radar,1171,63,35,2,1271,0,2,15,0,17,1171,65,50,2,1288,0,0,0,1288
01/13/2022,MIA,FL,ASO,ES,Combined TRACON& Tower with Radar,1244,97,38,1,1380,0,3,5,0,8,1244,100,43,1,1388,0,0,0,1388
01/14/2022,MIA,FL,ASO,ES,Combined TRACON& Tower with Radar,1216,94,56,0,1366,0,4,13,0,17,1216,98,69,0,1383,0,0,0,1383
01/15/2022,MIA,FL,ASO,ES,Combined TRACON& Tower with Radar,1194,60,36,0,1290,0,1,13,0,14,1194,61,49,0,1304,0,0,0,1304
01/16/2022,MIA,FL,ASO,ES,Combined TRACON& Tower with Radar,1109,43,23,0,1175,1,0,4,0,5,1110,43,27,0,1180,0,0,0,1180
01/17/2022,MIA,FL,ASO,ES,Combined TRACON& Tower with Radar,1154,98,59,0,1311,0,2,8,0,10,1154,100,67,0,1321,0,0,0,1321
01/18/2022,MIA,FL,ASO,ES,Combined TRACON& Tower with Radar,1193,72,49,1,1315,0,5,14,0,19,1193,77,63,1,1334,0,0,0,1334
01/19/2022,MIA,FL,ASO,ES,Combined TRACON& Tower with Radar,1191,78,33,3,1305,0,4,4,0,8,1191,82,37,3,1313,0,0,0,1313
01/20/2022,MIA,FL,ASO,ES,Combined TRACON& Tower with Radar,1258,83,31,2,1374,0,3,2,0,5,1258,86,33,2,1379,0,0,0,1379
01/21/2022,MIA,FL,ASO,ES,Combined TRACON& Tower with Radar,1287,73,26,2,1388,0,1,11,0,12,1287,74,37,2,1400,0,0,0,1400
01/22/2022,MIA,FL,ASO,ES,Combined TRACON& Tower with Radar,1233,47,21,3,1304,0,0,6,0,6,1233,47,27,3,1310,0,0,0,1310
01/23/2022,MIA,FL,ASO,ES,Combined TRACON& Tower with Radar,1233,62,34,1,1330,2,1,7,0,10,1235,63,41,1,1340,0,0,0,1340
01/24/2022,MIA,FL,ASO,ES,Combined TRACON& Tower with Radar,1210,81,41,2,1334,0,0,8,0,8,1210,81,49,2,1342,0,0,0,1342
01/25/2022,MIA,FL,ASO,ES,Combined TRACON& Tower with Radar,1176,90,27,1,1294,0,1,8,0,9,1176,91,35,1,1303,0,0,0,1303
01/26/2022,MIA,FL,ASO,ES,Combined TRACON& Tower with Radar,1221,77,34,1,1333,0,4,6,1,11,1221,81,40,2,1344,0,0,0,1344
01/27/2022,MIA,FL,ASO,ES,Combined TRACON& Tower with Radar,1291,108,46,2,1447,1,0,7,1,9,1292,108,53,3,1456,0,0,0,1456
01/28/2022,MIA,FL,ASO,ES,Combined TRACON& Tower with Radar,1249,74,48,1,1372,1,0,2,2,5,1250,74,50,3,1377,0,0,0,1377
01/29/2022,MIA,FL,ASO,ES,Combined TRACON& Tower with Radar,1108,51,42,0,1201,0,1,3,0,4,1108,52,45,0,1205,0,0,0,1205
01/30/2022,MIA,FL,ASO,ES,Combined TRACON& Tower with Radar,1177,93,54,2,1326,0,2,12,2,16,1177,95,66,4,1342,0,0,0,1342
01/31/2022,MIA,FL,ASO,ES,Combined TRACON& Tower with Radar,1205,77,37,5,1324,0,1,15,0,16,1205,78,52,5,1340,0,0,0,1340
02/01/2022,MIA,FL,ASO,ES,Combined TRACON& Tower with Radar,1179,68,31,2,1280,0,2,4,0,6,1179,70,35,2,1286,0,0,0,1286
02/02/2022,MIA,FL,ASO,ES,Combined TRACON& Tower with Radar,1177,103,44,4,1328,1,1,11,0,13,1178,104,55,4,1341,0,0,0,1341
02/03/2022,MIA,FL,ASO,ES,Combined TRACON& Tower with Radar,1163,93,43,0,1299,0,3,8,0,11,1163,96,51,0,1310,0,0,0,1310
02/04/2022,MIA,FL,ASO,ES,Combined TRACON& Tower with Radar,1084,75,42,2,1203,0,3,6,0,9,1084,78,48,2,1212,0,0,0,1212
02/05/2022,MIA,FL,ASO,ES,Combined TRACON& Tower with Radar,1071,49,39,1,1160,0,2,7,0,9,1071,51,46,1,1169,0,0,0,1169
02/06/2022,MIA,FL,ASO,ES,Combined TRACON& Tower with Radar,1130,73,55,1,1259,1,0,11,0,12,1131,73,66,1,1271,0,0,0,1271
02/07/2022,MIA,FL,ASO,ES,Combined TRACON& Tower with Radar,1223,91,59,3,1376,0,2,10,0,12,1223,93,69,3,1388,0,0,0,1388
02/08/2022,MIA,FL,ASO,ES,Combined TRACON& Tower with Radar,1167,88,36,3,1294,0,2,3,0,5,1167,90,39,3,1299,0,0,0,1299
02/09/2022,MIA,FL,ASO,ES,Combined TRACON& Tower with Radar,1188,103,66,9,1366,0,0,5,0,5,1188,103,71,9,1371,0,0,0,1371
02/10/2022,MIA,FL,ASO,ES,Combined TRACON& Tower with Radar,1262,115,53,4,1434,1,0,9,0,10,1263,115,62,4,1444,0,0,0,1444
02/11/2022,MIA,FL,ASO,ES,Combined TRACON& Tower with Radar,1255,100,64,3,1422,0,0,11,0,11,1255,100,75,3,1433,0,0,0,1433
02/12/2022,MIA,FL,ASO,ES,Combined TRACON& Tower with Radar,1214,50,28,1,1293,0,1,6,1,8,1214,51,34,2,1301,0,0,0,1301
02/13/2022,MIA,FL,ASO,ES,Combined TRACON& Tower with Radar,1149,70,38,0,1257,0,0,4,0,4,1149,70,42,0,1261,0,0,0,1261
02/14/2022,MIA,FL,ASO,ES,Combined TRACON& Tower with Radar,1182,78,33,2,1295,0,1,6,0,7,1182,79,39,2,1302,0,0,0,1302
02/15/2022,MIA,FL,ASO,ES,Combined TRACON& Tower with Radar,1159,76,59,1,1295,0,1,6,0,7,1159,77,65,1,1302,0,0,0,1302
02/16/2022,MIA,FL,ASO,ES,Combined TRACON& Tower with Radar,1197,123,66,1,1387,0,1,12,0,13,1197,124,78,1,1400,0,0,0,1400
02/17/2022,MIA,FL,ASO,ES,Combined TRACON& Tower with Radar,1251,141,66,0,1458,0,0,24,0,24,1251,141,90,0,1482,0,0,0,1482
02/18/2022,MIA,FL,ASO,ES,Combined TRACON& Tower with Radar,1261,119,71,1,1452,0,0,11,0,11,1261,119,82,1,1463,0,0,0,1463
02/19/2022,MIA,FL,ASO,ES,Combined TRACON& Tower with Radar,1231,95,58,1,1385,0,2,9,0,11,1231,97,67,1,1396,0,0,0,1396
02/20/2022,MIA,FL,ASO,ES,Combined TRACON& Tower with Radar,1200,89,45,0,1334,0,3,10,0,13,1200,92,55,0,1347,0,0,0,1347
02/21/2022,MIA,FL,ASO,ES,Combined TRACON& Tower with Radar,1213,114,62,1,1390,0,0,11,0,11,1213,114,73,1,1401,0,0,0,1401
02/22/2022,MIA,FL,ASO,ES,Combined TRACON& Tower with Radar,1181,117,71,3,1372,0,1,8,0,9,1181,118,79,3,1381,0,0,0,1381
02/23/2022,MIA,FL,ASO,ES,Combined TRACON& Tower with Radar,1189,100,80,3,1372,0,0,8,0,8,1189,100,88,3,1380,0,0,0,1380
02/24/2022,MIA,FL,ASO,ES,Combined TRACON& Tower with Radar,1218,101,66,1,1386,0,3,21,0,24,1218,104,87,1,1410,0,0,0,1410
02/25/2022,MIA,FL,ASO,ES,Combined TRACON& Tower with Radar,1239,108,67,2,1416,0,0,5,1,6,1239,108,72,3,1422,0,0,0,1422
02/26/2022,MIA,FL,ASO,ES,Combined TRACON& Tower with Radar,1236,95,51,1,1383,0,2,9,0,11,1236,97,60,1,1394,0,0,0,1394
02/27/2022,MIA,FL,ASO,ES,Combined TRACON& Tower with Radar,1201,97,68,1,1367,0,4,13,0,17,1201,101,81,1,1384,0,0,0,1384
02/28/2022,MIA,FL,ASO,ES,Combined TRACON& Tower with Radar,1192,89,47,2,1330,0,2,8,0,10,1192,91,55,2,1340,0,0,0,1340
03/01/2022,MIA,FL,ASO,ES,Combined TRACON& Tower with Radar,1200,90,56,3,1349,0,2,3,0,5,1200,92,59,3,1354,0,0,0,1354
03/02/2022,MIA,FL,ASO,ES,Combined TRACON& Tower with Radar,1174,84,54,2,1314,0,0,3,0,3,1174,84,57,2,1317,0,0,0,1317
03/03/2022,MIA,FL,ASO,ES,Combined TRACON& Tower with Radar,1260,118,59,4,1441,0,4,11,0,15,1260,122,70,4,1456,0,0,0,1456
03/04/2022,MIA,FL,ASO,ES,Combined TRACON& Tower with Radar,1249,101,52,2,1404,0,1,13,0,14,1249,102,65,2,1418,0,0,0,1418
03/05/2022,MIA,FL,ASO,ES,Combined TRACON& Tower with Radar,1218,60,40,2,1320,0,0,3,0,3,1218,60,43,2,1323,0,0,0,1323
03/06/2022,MIA,FL,ASO,ES,Combined TRACON& Tower with Radar,1191,85,52,0,1328,1,2,13,0,16,1192,87,65,0,1344,0,0,0,1344
03/07/2022,MIA,FL,ASO,ES,Combined TRACON& Tower with Radar,1180,93,42,0,1315,0,2,4,0,6,1180,95,46,0,1321,0,0,0,1321
03/08/2022,MIA,FL,ASO,ES,Combined TRACON& Tower with Radar,1169,74,30,4,1277,0,1,15,0,16,1169,75,45,4,1293,0,0,0,1293
03/09/2022,MIA,FL,ASO,ES,Combined TRACON& Tower with Radar,1182,87,44,4,1317,0,0,17,0,17,1182,87,61,4,1334,0,0,0,1334
03/10/2022,MIA,FL,ASO,ES,Combined TRACON& Tower with Radar,1248,94,49,2,1393,0,0,10,0,10,1248,94,59,2,1403,0,0,0,1403
03/11/2022,MIA,FL,ASO,ES,Combined TRACON& Tower with Radar,1214,94,49,3,1360,1,3,10,0,14,1215,97,59,3,1374,0,0,0,1374
03/12/2022,MIA,FL,ASO,ES,Combined TRACON& Tower with Radar,1130,66,55,2,1253,1,1,9,0,11,1131,67,64,2,1264,0,0,0,1264
03/13/2022,MIA,FL,ASO,ES,Combined TRACON& Tower with Radar,1197,91,61,1,1350,0,0,9,0,9,1197,91,70,1,1359,0,0,0,1359
03/14/2022,MIA,FL,ASO,ES,Combined TRACON& Tower with Radar,1213,86,46,4,1349,0,0,10,0,10,1213,86,56,4,1359,0,0,0,1359
03/15/2022,MIA,FL,ASO,ES,Combined TRACON& Tower with Radar,1201,97,48,1,1347,0,1,1,0,2,1201,98,49,1,1349,0,0,0,1349
03/16/2022,MIA,FL,ASO,ES,Combined TRACON& Tower with Radar,1212,116,45,3,1376,0,0,13,0,13,1212,116,58,3,1389,0,0,0,1389
03/17/2022,MIA,FL,ASO,ES,Combined TRACON& Tower with Radar,1239,107,40,4,1390,0,0,4,1,5,1239,107,44,5,1395,0,0,0,1395
03/18/2022,MIA,FL,ASO,ES,Combined TRACON& Tower with Radar,1200,107,69,0,1376,0,2,11,2,15,1200,109,80,2,1391,0,0,0,1391
03/19/2022,MIA,FL,ASO,ES,Combined TRACON& Tower with Radar,1245,95,53,0,1393,0,0,16,0,16,1245,95,69,0,1409,0,0,0,1409
03/20/2022,MIA,FL,ASO,ES,Combined TRACON& Tower with Radar,1224,82,70,2,1378,0,1,14,1,16,1224,83,84,3,1394,0,0,0,1394
03/21/2022,MIA,FL,ASO,ES,Combined TRACON& Tower with Radar,1181,101,68,4,1354,1,2,6,0,9,1182,103,74,4,1363,0,0,0,1363
03/22/2022,MIA,FL,ASO,ES,Combined TRACON& Tower with Radar,1178,72,41,1,1292,0,0,12,0,12,1178,72,53,1,1304,0,0,0,1304
03/23/2022,MIA,FL,ASO,ES,Combined TRACON& Tower with Radar,1195,83,56,2,1336,1,0,8,0,9,1196,83,64,2,1345,0,0,0,1345
03/24/2022,MIA,FL,ASO,ES,Combined TRACON& Tower with Radar,1231,103,65,1,1400,0,1,14,0,15,1231,104,79,1,1415,0,0,0,1415
03/25/2022,MIA,FL,ASO,ES,Combined TRACON& Tower with Radar,1258,118,45,0,1421,0,0,4,0,4,1258,118,49,0,1425,0,0,0,1425
03/26/2022,MIA,FL,ASO,ES,Combined TRACON& Tower with Radar,1213,72,39,0,1324,0,0,11,0,11,1213,72,50,0,1335,0,0,0,1335
03/27/2022,MIA,FL,ASO,ES,Combined TRACON& Tower with Radar,1186,104,61,0,1351,0,1,12,0,13,1186,105,73,0,1364,0,0,0,1364
03/28/2022,MIA,FL,ASO,ES,Combined TRACON& Tower with Radar,1210,80,41,0,1331,0,1,11,0,12,1210,81,52,0,1343,0,0,0,1343
03/29/2022,MIA,FL,ASO,ES,Combined TRACON& Tower with Radar,1177,87,27,1,1292,1,0,4,0,5,1178,87,31,1,1297,0,0,0,1297
03/30/2022,MIA,FL,ASO,ES,Combined TRACON& Tower with Radar,1180,78,54,8,1320,0,2,3,0,5,1180,80,57,8,1325,0,0,0,1325
03/31/2022,MIA,FL,ASO,ES,Combined TRACON& Tower with Radar,1186,81,48,3,1318,0,0,8,0,8,1186,81,56,3,1326,0,0,0,1326
04/01/2022,MIA,FL,ASO,ES,Combined TRACON& Tower with Radar,1119,105,70,3,1297,1,2,10,0,13,1120,107,80,3,1310,0,0,0,1310
04/02/2022,MIA,FL,ASO,ES,Combined TRACON& Tower with Radar,963,51,54,0,1068,0,0,10,0,10,963,51,64,0,1078,0,0,0,1078
04/03/2022,MIA,FL,ASO,ES,Combined TRACON& Tower with Radar,1013,91,76,4,1184,0,2,6,0,8,1013,93,82,4,1192,0,0,0,1192
04/04/2022,MIA,FL,ASO,ES,Combined TRACON& Tower with Radar,1143,83,57,2,1285,0,0,7,0,7,1143,83,64,2,1292,0,0,0,1292
04/05/2022,MIA,FL,ASO,ES,Combined TRACON& Tower with Radar,1155,80,58,2,1295,0,1,8,0,9,1155,81,66,2,1304,0,0,0,1304
04/06/2022,MIA,FL,ASO,ES,Combined TRACON& Tower with Radar,1221,86,62,0,1369,0,1,2,2,5,1221,87,64,2,1374,0,0,0,1374
04/07/2022,MIA,FL,ASO,ES,Combined TRACON& Tower with Radar,1199,108,46,4,1357,0,1,10,0,11,1199,109,56,4,1368,0,0,0,1368
04/08/2022,MIA,FL,ASO,ES,Combined TRACON& Tower with Radar,1262,117,55,1,1435,0,1,14,0,15,1262,118,69,1,1450,0,0,0,1450
04/09/2022,MIA,FL,ASO,ES,Combined TRACON& Tower with Radar,1237,68,40,0,1345,0,2,9,0,11,1237,70,49,0,1356,0,0,0,1356
04/10/2022,MIA,FL,ASO,ES,Combined TRACON& Tower with Radar,1197,88,61,0,1346,0,2,5,0,7,1197,90,66,0,1353,0,0,0,1353
04/11/2022,MIA,FL,ASO,ES,Combined TRACON& Tower with Radar,1217,71,35,2,1325,0,0,15,0,15,1217,71,50,2,1340,0,0,0,1340
04/12/2022,MIA,FL,ASO,ES,Combined TRACON& Tower with Radar,1193,72,34,0,1299,2,0,5,0,7,1195,72,39,0,1306,0,0,0,1306
04/13/2022,MIA,FL,ASO,ES,Combined TRACON& Tower with Radar,1244,99,40,3,1386,2,1,14,0,17,1246,100,54,3,1403,0,0,0,1403
04/14/2022,MIA,FL,ASO,ES,Combined TRACON& Tower with Radar,1260,106,50,1,1417,0,2,9,0,11,1260,108,59,1,1428,0,0,0,1428
04/15/2022,MIA,FL,ASO,ES,Combined TRACON& Tower with Radar,1122,62,47,1,1232,0,3,5,0,8,1122,65,52,1,1240,0,0,0,1240
04/16/2022,MIA,FL,ASO,ES,Combined TRACON& Tower with Radar,1210,69,44,0,1323,0,0,13,0,13,1210,69,57,0,1336,0,0,0,1336
04/17/2022,MIA,FL,ASO,ES,Combined TRACON& Tower with Radar,1204,76,42,2,1324,1,2,9,0,12,1205,78,51,2,1336,0,0,0,1336
04/18/2022,MIA,FL,ASO,ES,Combined TRACON& Tower with Radar,1222,73,65,1,1361,1,2,16,0,19,1223,75,81,1,1380,0,0,0,1380
04/19/2022,MIA,FL,ASO,ES,Combined TRACON& Tower with Radar,1212,85,51,8,1356,0,2,7,1,10,1212,87,58,9,1366,0,0,0,1366
04/20/2022,MIA,FL,ASO,ES,Combined TRACON& Tower with Radar,1239,83,45,5,1372,0,0,10,0,10,1239,83,55,5,1382,0,0,0,1382
04/21/2022,MIA,FL,ASO,ES,Combined TRACON& Tower with Radar,1258,80,48,1,1387,0,2,2,0,4,1258,82,50,1,1391,0,0,0,1391
04/22/2022,MIA,FL,ASO,ES,Combined TRACON& Tower with Radar,1260,90,48,0,1398,0,1,7,0,8,1260,91,55,0,1406,0,0,0,1406
04/23/2022,MIA,FL,ASO,ES,Combined TRACON& Tower with Radar,1230,49,23,0,1302,1,4,6,0,11,1231,53,29,0,1313,0,0,0,1313
04/24/2022,MIA,FL,ASO,ES,Combined TRACON& Tower with Radar,1236,84,48,1,1369,0,0,8,0,8,1236,84,56,1,1377,0,0,0,1377
04/25/2022,MIA,FL,ASO,ES,Combined TRACON& Tower with Radar,1250,81,32,1,1364,1,1,8,0,10,1251,82,40,1,1374,0,0,0,1374
04/26/2022,MIA,FL,ASO,ES,Combined TRACON& Tower with Radar,1234,62,36,0,1332,0,1,7,0,8,1234,63,43,0,1340,0,0,0,1340
04/27/2022,MIA,FL,ASO,ES,Combined TRACON& Tower with Radar,1259,80,54,1,1394,0,0,5,2,7,1259,80,59,3,1401,0,0,0,1401
04/28/2022,MIA,FL,ASO,ES,Combined TRACON& Tower with Radar,1288,84,43,1,1416,0,6,9,1,16,1288,90,52,2,1432,0,0,0,1432
04/29/2022,MIA,FL,ASO,ES,Combined TRACON& Tower with Radar,1308,77,39,2,1426,1,4,7,0,12,1309,81,46,2,1438,0,0,0,1438
04/30/2022,MIA,FL,ASO,ES,Combined TRACON& Tower with Radar,1259,48,30,0,1337,1,0,2,0,3,1260,48,32,0,1340,0,0,0,1340
05/01/2022,MIA,FL,ASO,ES,Combined TRACON& Tower with Radar,1211,54,47,1,1313,0,2,2,0,4,1211,56,49,1,1317,0,0,0,1317
05/02/2022,MIA,FL,ASO,ES,Combined TRACON& Tower with Radar,1249,56,41,1,1347,0,2,7,0,9,1249,58,48,1,1356,0,0,0,1356
05/03/2022,MIA,FL,ASO,ES,Combined TRACON& Tower with Radar,1222,75,33,0,1330,1,1,9,1,12,1223,76,42,1,1342,0,0,0,1342
05/04/2022,MIA,FL,ASO,ES,Combined TRACON& Tower with Radar,1219,80,26,1,1326,0,3,23,2,28,1219,83,49,3,1354,0,0,0,1354
05/05/2022,MIA,FL,ASO,ES,Combined TRACON& Tower with Radar,1269,115,75,2,1461,0,0,5,0,5,1269,115,80,2,1466,0,0,0,1466
05/06/2022,MIA,FL,ASO,ES,Combined TRACON& Tower with Radar,1243,111,37,0,1391,0,0,8,0,8,1243,111,45,0,1399,0,0,0,1399
05/07/2022,MIA,FL,ASO,ES,Combined TRACON& Tower with Radar,1214,69,24,0,1307,0,1,12,0,13,1214,70,36,0,1320,0,0,0,1320
05/08/2022,MIA,FL,ASO,ES,Combined TRACON& Tower with Radar,1179,90,32,0,1301,1,0,13,0,14,1180,90,45,0,1315,0,0,0,1315
05/09/2022,MIA,FL,ASO,ES,Combined TRACON& Tower with Radar,1223,104,62,4,1393,0,0,6,0,6,1223,104,68,4,1399,0,0,0,1399
05/10/2022,MIA,FL,ASO,ES,Combined TRACON& Tower with Radar,1209,77,44,0,1330,0,0,13,0,13,1209,77,57,0,1343,0,0,0,1343
05/11/2022,MIA,FL,ASO,ES,Combined TRACON& Tower with Radar,1222,84,40,0,1346,0,0,13,2,15,1222,84,53,2,1361,0,0,0,1361
05/12/2022,MIA,FL,ASO,ES,Combined TRACON& Tower with Radar,1216,90,41,0,1347,0,0,7,0,7,1216,90,48,0,1354,0,0,0,1354
05/13/2022,MIA,FL,ASO,ES,Combined TRACON& Tower with Radar,1212,80,36,0,1328,0,0,9,0,9,1212,80,45,0,1337,0,0,0,1337
05/14/2022,MIA,FL,ASO,ES,Combined TRACON& Tower with Radar,1247,54,24,1,1326,0,0,4,1,5,1247,54,28,2,1331,0,0,0,1331
05/15/2022,MIA,FL,ASO,ES,Combined TRACON& Tower with Radar,1189,73,40,1,1303,0,0,1,1,2,1189,73,41,2,1305,0,0,0,1305
05/16/2022,MIA,FL,ASO,ES,Combined TRACON& Tower with Radar,1160,86,38,2,1286,0,0,6,0,6,1160,86,44,2,1292,0,0,0,1292
05/17/2022,MIA,FL,ASO,ES,Combined TRACON& Tower with Radar,1196,80,35,5,1316,0,0,8,0,8,1196,80,43,5,1324,0,0,0,1324
05/18/2022,MIA,FL,ASO,ES,Combined TRACON& Tower with Radar,1221,83,42,2,1348,0,0,5,0,5,1221,83,47,2,1353,0,0,0,1353
05/19/2022,MIA,FL,ASO,ES,Combined TRACON& Tower with Radar,1212,81,42,4,1339,0,1,0,0,1,1212,82,42,4,1340,0,0,0,1340
05/20/2022,MIA,FL,ASO,ES,Combined TRACON& Tower with Radar,1132,57,31,0,1220,0,4,0,0,4,1132,61,31,0,1224,0,0,0,1224
05/21/2022,MIA,FL,ASO,ES,Combined TRACON& Tower with Radar,1189,52,31,2,1274,1,0,8,0,9,1190,52,39,2,1283,0,0,0,1283
05/22/2022,MIA,FL,ASO,ES,Combined TRACON& Tower with Radar,1175,61,36,0,1272,0,2,8,0,10,1175,63,44,0,1282,0,0,0,1282
05/23/2022,MIA,FL,ASO,ES,Combined TRACON& Tower with Radar,1196,58,41,0,1295,0,2,11,0,13,1196,60,52,0,1308,0,0,0,1308
05/24/2022,MIA,FL,ASO,ES,Combined TRACON& Tower with Radar,1198,73,26,0,1297,0,0,11,0,11,1198,73,37,0,1308,0,0,0,1308
05/25/2022,MIA,FL,ASO,ES,Combined TRACON& Tower with Radar,1198,67,37,2,1304,0,0,4,0,4,1198,67,41,2,1308,0,0,0,1308
05/26/2022,MIA,FL,ASO,ES,Combined TRACON& Tower with Radar,1227,76,36,1,1340,0,0,5,0,5,1227,76,41,1,1345,0,0,0,1345
05/27/2022,MIA,FL,ASO,ES,Combined TRACON& Tower with Radar,1176,80,51,3,1310,0,0,7,0,7,1176,80,58,3,1317,0,0,0,1317
05/28/2022,MIA,FL,ASO,ES,Combined TRACON& Tower with Radar,1176,35,33,0,1244,0,0,2,0,2,1176,35,35,0,1246,0,0,0,1246
05/29/2022,MIA,FL,ASO,ES,Combined TRACON& Tower with Radar,1099,28,13,2,1142,0,0,6,0,6,1099,28,19,2,1148,0,0,0,1148
05/30/2022,MIA,FL,ASO,ES,Combined TRACON& Tower with Radar,1129,64,33,0,1226,0,0,1,0,1,1129,64,34,0,1227,0,0,0,1227
05/31/2022,MIA,FL,ASO,ES,Combined TRACON& Tower with Radar,1171,62,40,2,1275,0,0,6,0,6,1171,62,46,2,1281,0,0,0,1281
06/01/2022,MIA,FL,ASO,ES,Combined TRACON& Tower with Radar,1088,43,21,0,1152,0,0,5,0,5,1088,43,26,0,1157,0,0,0,1157
06/02/2022,MIA,FL,ASO,ES,Combined TRACON& Tower with Radar,1104,66,18,1,1189,0,1,3,1,5,1104,67,21,2,1194,0,0,0,1194
06/03/2022,MIA,FL,ASO,ES,Combined TRACON& Tower with Radar,1057,54,19,0,1130,0,0,0,0,0,1057,54,19,0,1130,0,0,0,1130
06/04/2022,MIA,FL,ASO,ES,Combined TRACON& Tower with Radar,1076,20,14,0,1110,0,0,1,0,1,1076,20,15,0,1111,0,0,0,1111
06/05/2022,MIA,FL,ASO,ES,Combined TRACON& Tower with Radar,1127,35,29,2,1193,0,2,8,0,10,1127,37,37,2,1203,0,0,0,1203
06/06/2022,MIA,FL,ASO,ES,Combined TRACON& Tower with Radar,1107,49,30,0,1186,1,0,3,0,4,1108,49,33,0,1190,0,0,0,1190
06/07/2022,MIA,FL,ASO,ES,Combined TRACON& Tower with Radar,1101,56,30,0,1187,0,1,0,0,1,1101,57,30,0,1188,0,0,0,1188
06/08/2022,MIA,FL,ASO,ES,Combined TRACON& Tower with Radar,1040,63,38,0,1141,0,0,7,0,7,1040,63,45,0,1148,0,0,0,1148
06/09/2022,MIA,FL,ASO,ES,Combined TRACON& Tower with Radar,1004,64,30,0,1098,0,3,10,0,13,1004,67,40,0,1111,0,0,0,1111
06/10/2022,MIA,FL,ASO,ES,Combined TRACON& Tower with Radar,1116,58,31,5,1210,0,2,4,0,6,1116,60,35,5,1216,0,0,0,1216
06/11/2022,MIA,FL,ASO,ES,Combined TRACON& Tower with Radar,1166,37,30,6,1239,0,0,7,0,7,1166,37,37,6,1246,0,0,0,1246
06/12/2022,MIA,FL,ASO,ES,Combined TRACON& Tower with Radar,1092,51,35,2,1180,0,0,9,0,9,1092,51,44,2,1189,0,0,0,1189
06/13/2022,MIA,FL,ASO,ES,Combined TRACON& Tower with Radar,1099,56,43,0,1198,1,1,8,0,10,1100,57,51,0,1208,0,0,0,1208
06/14/2022,MIA,FL,ASO,ES,Combined TRACON& Tower with Radar,1098,66,26,4,1194,0,3,2,0,5,1098,69,28,4,1199,0,0,0,1199
06/15/2022,MIA,FL,ASO,ES,Combined TRACON& Tower with Radar,1104,71,29,1,1205,0,0,6,0,6,1104,71,35,1,1211,0,0,0,1211
06/16/2022,MIA,FL,ASO,ES,Combined TRACON& Tower with Radar,1086,64,26,2,1178,0,0,4,0,4,1086,64,30,2,1182,0,0,0,1182
06/17/2022,MIA,FL,ASO,ES,Combined TRACON& Tower with Radar,1130,74,27,0,1231,0,0,5,0,5,1130,74,32,0,1236,0,0,0,1236
06/18/2022,MIA,FL,ASO,ES,Combined TRACON& Tower with Radar,1127,38,19,0,1184,0,0,2,0,2,1127,38,21,0,1186,0,0,0,1186
06/19/2022,MIA,FL,ASO,ES,Combined TRACON& Tower with Radar,1100,48,34,0,1182,1,0,1,0,2,1101,48,35,0,1184,0,0,0,1184
06/20/2022,MIA,FL,ASO,ES,Combined TRACON& Tower with Radar,1130,56,31,1,1218,0,0,5,0,5,1130,56,36,1,1223,0,0,0,1223
06/21/2022,MIA,FL,ASO,ES,Combined TRACON& Tower with Radar,1092,68,30,4,1194,0,0,15,1,16,1092,68,45,5,1210,0,0,0,1210
06/22/2022,MIA,FL,ASO,ES,Combined TRACON& Tower with Radar,1089,50,30,0,1169,0,1,3,0,4,1089,51,33,0,1173,0,0,0,1173
06/23/2022,MIA,FL,ASO,ES,Combined TRACON& Tower with Radar,1135,61,35,0,1231,0,2,7,0,9,1135,63,42,0,1240,0,0,0,1240
06/24/2022,MIA,FL,ASO,ES,Combined TRACON& Tower with Radar,1118,69,17,2,1206,0,3,3,0,6,1118,72,20,2,1212,0,0,0,1212
06/25/2022,MIA,FL,ASO,ES,Combined TRACON& Tower with Radar,1164,33,21,2,1220,0,0,3,0,3,1164,33,24,2,1223,0,0,0,1223
06/26/2022,MIA,FL,ASO,ES,Combined TRACON& Tower with Radar,1113,45,24,0,1182,0,0,1,0,1,1113,45,25,0,1183,0,0,0,1183
06/27/2022,MIA,FL,ASO,ES,Combined TRACON& Tower with Radar,1089,66,33,0,1188,0,5,11,0,16,1089,71,44,0,1204,0,0,0,1204
06/28/2022,MIA,FL,ASO,ES,Combined TRACON& Tower with Radar,1071,69,33,0,1173,0,0,10,1,11,1071,69,43,1,1184,0,0,0,1184
06/29/2022,MIA,FL,ASO,ES,Combined TRACON& Tower with Radar,1065,57,44,3,1169,0,0,6,0,6,1065,57,50,3,1175,0,0,0,1175
06/30/2022,MIA,FL,ASO,ES,Combined TRACON& Tower with Radar,1129,68,25,3,1225,0,2,7,0,9,1129,70,32,3,1234,0,0,0,1234
07/01/2022,MIA,FL,ASO,ES,Combined TRACON& Tower with Radar,1122,79,25,0,1226,0,2,5,0,7,1122,81,30,0,1233,0,0,0,1233
07/02/2022,MIA,FL,ASO,ES,Combined TRACON& Tower with Radar,1148,33,14,0,1195,1,4,0,0,5,1149,37,14,0,1200,0,0,0,1200
07/03/2022,MIA,FL,ASO,ES,Combined TRACON& Tower with Radar,1153,34,23,0,1210,0,1,3,0,4,1153,35,26,0,1214,0,0,0,1214
07/04/2022,MIA,FL,ASO,ES,Combined TRACON& Tower with Radar,1088,32,6,1,1127,0,0,0,0,0,1088,32,6,1,1127,0,0,0,1127
07/05/2022,MIA,FL,ASO,ES,Combined TRACON& Tower with Radar,1080,59,21,2,1162,0,2,3,0,5,1080,61,24,2,1167,0,0,0,1167
07/06/2022,MIA,FL,ASO,ES,Combined TRACON& Tower with Radar,1093,52,34,3,1182,0,0,4,0,4,1093,52,38,3,1186,0,0,0,1186
07/07/2022,MIA,FL,ASO,ES,Combined TRACON& Tower with Radar,1138,54,29,2,1223,0,2,5,0,7,1138,56,34,2,1230,0,0,0,1230
07/08/2022,MIA,FL,ASO,ES,Combined TRACON& Tower with Radar,1154,55,14,0,1223,0,4,10,0,14,1154,59,24,0,1237,0,0,0,1237
07/09/2022,MIA,FL,ASO,ES,Combined TRACON& Tower with Radar,1153,26,21,0,1200,0,0,4,0,4,1153,26,25,0,1204,0,0,0,1204
07/10/2022,MIA,FL,ASO,ES,Combined TRACON& Tower with Radar,1159,26,32,0,1217,0,2,0,0,2,1159,28,32,0,1219,0,0,0,1219
07/11/2022,MIA,FL,ASO,ES,Combined TRACON& Tower with Radar,1106,51,23,0,1180,1,0,10,0,11,1107,51,33,0,1191,0,0,0,1191
07/12/2022,MIA,FL,ASO,ES,Combined TRACON& Tower with Radar,1101,54,31,0,1186,0,0,6,2,8,1101,54,37,2,1194,0,0,0,1194
07/13/2022,MIA,FL,ASO,ES,Combined TRACON& Tower with Radar,1153,51,24,0,1228,0,2,3,0,5,1153,53,27,0,1233,0,0,0,1233
07/14/2022,MIA,FL,ASO,ES,Combined TRACON& Tower with Radar,1148,67,29,1,1245,0,2,8,0,10,1148,69,37,1,1255,0,0,0,1255
07/15/2022,MIA,FL,ASO,ES,Combined TRACON& Tower with Radar,1156,49,20,5,1230,0,2,6,0,8,1156,51,26,5,1238,0,0,0,1238
07/16/2022,MIA,FL,ASO,ES,Combined TRACON& Tower with Radar,1180,33,23,0,1236,0,0,3,1,4,1180,33,26,1,1240,0,0,0,1240
07/17/2022,MIA,FL,ASO,ES,Combined TRACON& Tower with Radar,1114,30,28,0,1172,1,1,5,0,7,1115,31,33,0,1179,0,0,0,1179
07/18/2022,MIA,FL,ASO,ES,Combined TRACON& Tower with Radar,1099,48,27,1,1175,0,0,6,0,6,1099,48,33,1,1181,0,0,0,1181
07/19/2022,MIA,FL,ASO,ES,Combined TRACON& Tower with Radar,1120,71,17,3,1211,0,0,13,0,13,1120,71,30,3,1224,0,0,0,1224
07/20/2022,MIA,FL,ASO,ES,Combined TRACON& Tower with Radar,1130,44,34,0,1208,0,0,7,1,8,1130,44,41,1,1216,0,0,0,1216
07/21/2022,MIA,FL,ASO,ES,Combined TRACON& Tower with Radar,1133,58,25,1,1217,0,0,7,0,7,1133,58,32,1,1224,0,0,0,1224
07/22/2022,MIA,FL,ASO,ES,Combined TRACON& Tower with Radar,1152,71,28,2,1253,0,0,7,0,7,1152,71,35,2,1260,0,0,0,1260
07/23/2022,MIA,FL,ASO,ES,Combined TRACON& Tower with Radar,1156,42,12,0,1210,0,0,4,0,4,1156,42,16,0,1214,0,0,0,1214
07/24/2022,MIA,FL,ASO,ES,Combined TRACON& Tower with Radar,1128,40,26,0,1194,0,0,0,0,0,1128,40,26,0,1194,0,0,0,1194
07/25/2022,MIA,FL,ASO,ES,Combined TRACON& Tower with Radar,1078,45,20,6,1149,0,0,18,0,18,1078,45,38,6,1167,0,0,0,1167
07/26/2022,MIA,FL,ASO,ES,Combined TRACON& Tower with Radar,1035,41,26,0,1102,0,1,7,0,8,1035,42,33,0,1110,0,0,0,1110
07/27/2022,MIA,FL,ASO,ES,Combined TRACON& Tower with Radar,1128,66,34,0,1228,0,0,15,0,15,1128,66,49,0,1243,0,0,0,1243
07/28/2022,MIA,FL,ASO,ES,Combined TRACON& Tower with Radar,1157,65,28,0,1250,0,0,7,0,7,1157,65,35,0,1257,0,0,0,1257
07/29/2022,MIA,FL,ASO,ES,Combined TRACON& Tower with Radar,1147,52,35,2,1236,0,0,5,0,5,1147,52,40,2,1241,0,0,0,1241
07/30/2022,MIA,FL,ASO,ES,Combined TRACON& Tower with Radar,1163,22,25,4,1214,0,0,0,0,0,1163,22,25,4,1214,0,0,0,1214
07/31/2022,MIA,FL,ASO,ES,Combined TRACON& Tower with Radar,1134,43,28,2,1207,0,0,1,0,1,1134,43,29,2,1208,0,0,0,1208
08/01/2022,MIA,FL,ASO,ES,Combined TRACON& Tower with Radar,1106,50,26,4,1186,0,0,12,0,12,1106,50,38,4,1198,0,0,0,1198
08/02/2022,MIA,FL,ASO,ES,Combined TRACON& Tower with Radar,1095,53,13,0,1161,0,0,1,0,1,1095,53,14,0,1162,0,0,0,1162
08/03/2022,MIA,FL,ASO,ES,Combined TRACON& Tower with Radar,1127,59,28,1,1215,1,4,0,1,6,1128,63,28,2,1221,0,0,0,1221
08/04/2022,MIA,FL,ASO,ES,Combined TRACON& Tower with Radar,1152,56,26,2,1236,0,0,8,1,9,1152,56,34,3,1245,0,0,0,1245
08/05/2022,MIA,FL,ASO,ES,Combined TRACON& Tower with Radar,1132,49,13,3,1197,0,0,6,0,6,1132,49,19,3,1203,0,0,0,1203
08/06/2022,MIA,FL,ASO,ES,Combined TRACON& Tower with Radar,1131,28,9,0,1168,0,1,5,0,6,1131,29,14,0,1174,0,0,0,1174
08/07/2022,MIA,FL,ASO,ES,Combined TRACON& Tower with Radar,1113,28,23,1,1165,0,0,6,0,6,1113,28,29,1,1171,0,0,0,1171
08/08/2022,MIA,FL,ASO,ES,Combined TRACON& Tower with Radar,1109,54,20,2,1185,0,0,2,0,2,1109,54,22,2,1187,0,0,0,1187
08/09/2022,MIA,FL,ASO,ES,Combined TRACON& Tower with Radar,1100,51,25,0,1176,1,1,11,0,13,1101,52,36,0,1189,0,0,0,1189
08/10/2022,MIA,FL,ASO,ES,Combined TRACON& Tower with Radar,1095,56,28,1,1180,0,4,10,0,14,1095,60,38,1,1194,0,0,0,1194
08/11/2022,MIA,FL,ASO,ES,Combined TRACON& Tower with Radar,1127,39,18,0,1184,0,0,0,1,1,1127,39,18,1,1185,0,0,0,1185
08/12/2022,MIA,FL,ASO,ES,Combined TRACON& Tower with Radar,1147,57,19,0,1223,0,0,1,0,1,1147,57,20,0,1224,0,0,0,1224
08/13/2022,MIA,FL,ASO,ES,Combined TRACON& Tower with Radar,1162,33,23,0,1218,0,2,2,0,4,1162,35,25,0,1222,0,0,0,1222
08/14/2022,MIA,FL,ASO,ES,Combined TRACON& Tower with Radar,1124,49,20,0,1193,0,0,4,0,4,1124,49,24,0,1197,0,0,0,1197
08/15/2022,MIA,FL,ASO,ES,Combined TRACON& Tower with Radar,1083,65,30,0,1178,0,4,3,0,7,1083,69,33,0,1185,0,0,0,1185
08/16/2022,MIA,FL,ASO,ES,Combined TRACON& Tower with Radar,1050,64,25,2,1141,1,0,5,0,6,1051,64,30,2,1147,0,0,0,1147
08/17/2022,MIA,FL,ASO,ES,Combined TRACON& Tower with Radar,1095,59,12,0,1166,0,0,4,0,4,1095,59,16,0,1170,0,0,0,1170
08/18/2022,MIA,FL,ASO,ES,Combined TRACON& Tower with Radar,1105,68,28,2,1203,0,2,6,0,8,1105,70,34,2,1211,0,0,0,1211
08/19/2022,MIA,FL,ASO,ES,Combined TRACON& Tower with Radar,1103,60,17,2,1182,0,0,0,0,0,1103,60,17,2,1182,0,0,0,1182
08/20/2022,MIA,FL,ASO,ES,Combined TRACON& Tower with Radar,1083,27,19,0,1129,1,3,1,0,5,1084,30,20,0,1134,0,0,0,1134
08/21/2022,MIA,FL,ASO,ES,Combined TRACON& Tower with Radar,1054,48,21,0,1123,0,0,3,0,3,1054,48,24,0,1126,0,0,0,1126
08/22/2022,MIA,FL,ASO,ES,Combined TRACON& Tower with Radar,1029,51,34,0,1114,0,0,6,0,6,1029,51,40,0,1120,0,0,0,1120
08/23/2022,MIA,FL,ASO,ES,Combined TRACON& Tower with Radar,1049,46,29,2,1126,0,0,10,2,12,1049,46,39,4,1138,0,0,0,1138
08/24/2022,MIA,FL,ASO,ES,Combined TRACON& Tower with Radar,1083,53,29,1,1166,0,3,26,0,29,1083,56,55,1,1195,0,0,0,1195
08/25/2022,MIA,FL,ASO,ES,Combined TRACON& Tower with Radar,1098,53,16,1,1168,0,2,7,0,9,1098,55,23,1,1177,0,0,0,1177
08/26/2022,MIA,FL,ASO,ES,Combined TRACON& Tower with Radar,1102,70,16,0,1188,0,0,4,0,4,1102,70,20,0,1192,0,0,0,1192
08/27/2022,MIA,FL,ASO,ES,Combined TRACON& Tower with Radar,1073,16,13,0,1102,0,1,0,0,1,1073,17,13,0,1103,0,0,0,1103
08/28/2022,MIA,FL,ASO,ES,Combined TRACON& Tower with Radar,1055,24,22,1,1102,0,0,2,0,2,1055,24,24,1,1104,0,0,0,1104
08/29/2022,MIA,FL,ASO,ES,Combined TRACON& Tower with Radar,1055,61,27,2,1145,0,0,3,0,3,1055,61,30,2,1148,0,0,0,1148
08/30/2022,MIA,FL,ASO,ES,Combined TRACON& Tower with Radar,1041,53,28,0,1122,0,1,2,0,3,1041,54,30,0,1125,0,0,0,1125
08/31/2022,MIA,FL,ASO,ES,Combined TRACON& Tower with Radar,1102,45,34,0,1181,0,1,2,0,3,1102,46,36,0,1184,0,0,0,1184
09/01/2022,MIA,FL,ASO,ES,Combined TRACON& Tower with Radar,1104,61,32,2,1199,0,0,3,0,3,1104,61,35,2,1202,0,0,0,1202
09/02/2022,MIA,FL,ASO,ES,Combined TRACON& Tower with Radar,1100,48,32,1,1181,0,2,4,1,7,1100,50,36,2,1188,0,0,0,1188
09/03/2022,MIA,FL,ASO,ES,Combined TRACON& Tower with Radar,1063,35,21,1,1120,0,1,0,0,1,1063,36,21,1,1121,0,0,0,1121
09/04/2022,MIA,FL,ASO,ES,Combined TRACON& Tower with Radar,1052,25,16,1,1094,0,0,3,0,3,1052,25,19,1,1097,0,0,0,1097
09/05/2022,MIA,FL,ASO,ES,Combined TRACON& Tower with Radar,1020,45,35,3,1103,0,1,4,0,5,1020,46,39,3,1108,0,0,0,1108
09/06/2022,MIA,FL,ASO,ES,Combined TRACON& Tower with Radar,1036,51,23,0,1110,1,2,0,0,3,1037,53,23,0,1113,0,0,0,1113
09/07/2022,MIA,FL,ASO,ES,Combined TRACON& Tower with Radar,1046,48,29,1,1124,0,0,13,0,13,1046,48,42,1,1137,0,0,0,1137
09/08/2022,MIA,FL,ASO,ES,Combined TRACON& Tower with Radar,1086,54,28,1,1169,0,0,12,1,13,1086,54,40,2,1182,0,0,0,1182
09/09/2022,MIA,FL,ASO,ES,Combined TRACON& Tower with Radar,1046,49,21,4,1120,0,0,2,0,2,1046,49,23,4,1122,0,0,0,1122
09/10/2022,MIA,FL,ASO,ES,Combined TRACON& Tower with Radar,1040,21,9,0,1070,0,0,0,0,0,1040,21,9,0,1070,0,0,0,1070
09/11/2022,MIA,FL,ASO,ES,Combined TRACON& Tower with Radar,1030,37,21,3,1091,0,2,4,0,6,1030,39,25,3,1097,0,0,0,1097
09/12/2022,MIA,FL,ASO,ES,Combined TRACON& Tower with Radar,1019,67,28,3,1117,0,0,4,0,4,1019,67,32,3,1121,0,0,0,1121
09/13/2022,MIA,FL,ASO,ES,Combined TRACON& Tower with Radar,1003,50,36,0,1089,1,3,6,0,10,1004,53,42,0,1099,0,0,0,1099
09/14/2022,MIA,FL,ASO,ES,Combined TRACON& Tower with Radar,1049,58,28,1,1136,0,0,3,0,3,1049,58,31,1,1139,0,0,0,1139
09/15/2022,MIA,FL,ASO,ES,Combined TRACON& Tower with Radar,1069,60,30,3,1162,1,0,4,0,5,1070,60,34,3,1167,0,0,0,1167
09/16/2022,MIA,FL,ASO,ES,Combined TRACON& Tower with Radar,1063,74,20,1,1158,0,1,2,0,3,1063,75,22,1,1161,0,0,0,1161
09/17/2022,MIA,FL,ASO,ES,Combined TRACON& Tower with Radar,1015,42,24,0,1081,1,2,0,0,3,1016,44,24,0,1084,0,0,0,1084
09/18/2022,MIA,FL,ASO,ES,Combined TRACON& Tower with Radar,1034,53,32,1,1120,0,0,3,0,3,1034,53,35,1,1123,0,0,0,1123
09/19/2022,MIA,FL,ASO,ES,Combined TRACON& Tower with Radar,1008,61,21,0,1090,1,0,4,0,5,1009,61,25,0,1095,0,0,0,1095
09/20/2022,MIA,FL,ASO,ES,Combined TRACON& Tower with Radar,1017,59,29,2,1107,2,1,8,0,11,1019,60,37,2,1118,0,0,0,1118
09/21/2022,MIA,FL,ASO,ES,Combined TRACON& Tower with Radar,1069,70,22,1,1162,0,1,7,0,8,1069,71,29,1,1170,0,0,0,1170
09/22/2022,MIA,FL,ASO,ES,Combined TRACON& Tower with Radar,1075,49,30,5,1159,0,1,3,0,4,1075,50,33,5,1163,0,0,0,1163
09/23/2022,MIA,FL,ASO,ES,Combined TRACON& Tower with Radar,1056,77,31,3,1167,0,3,16,0,19,1056,80,47,3,1186,0,0,0,1186
09/24/2022,MIA,FL,ASO,ES,Combined TRACON& Tower with Radar,1040,35,13,1,1089,0,2,2,0,4,1040,37,15,1,1093,0,0,0,1093
09/25/2022,MIA,FL,ASO,ES,Combined TRACON& Tower with Radar,1038,33,18,0,1089,0,0,2,0,2,1038,33,20,0,1091,0,0,0,1091
09/26/2022,MIA,FL,ASO,ES,Combined TRACON& Tower with Radar,993,56,21,1,1071,1,0,9,0,10,994,56,30,1,1081,0,0,0,1081
09/27/2022,MIA,FL,ASO,ES,Combined TRACON& Tower with Radar,917,27,21,2,967,0,0,0,0,0,917,27,21,2,967,0,0,0,967
09/28/2022,MIA,FL,ASO,ES,Combined TRACON& Tower with Radar,538,8,5,0,551,1,1,0,0,2,539,9,5,0,553,0,0,0,553
09/29/2022,MIA,FL,ASO,ES,Combined TRACON& Tower with Radar,1003,36,20,2,1061,1,0,0,0,1,1004,36,20,2,1062,0,0,0,1062
09/30/2022,MIA,FL,ASO,ES,Combined TRACON& Tower with Radar,1032,58,21,0,1111,1,0,4,0,5,1033,58,25,0,1116,0,0,0,1116
10/01/2022,MIA,FL,ASO,ES,Combined TRACON& Tower with Radar,1009,51,15,0,1075,0,0,6,0,6,1009,51,21,0,1081,0,0,0,1081
10/02/2022,MIA,FL,ASO,ES,Combined TRACON& Tower with Radar,1029,39,31,0,1099,0,1,2,1,4,1029,40,33,1,1103,0,0,0,1103
10/03/2022,MIA,FL,ASO,ES,Combined TRACON& Tower with Radar,1029,55,25,0,1109,0,0,12,0,12,1029,55,37,0,1121,0,0,0,1121
10/04/2022,MIA,FL,ASO,ES,Combined TRACON& Tower with Radar,1020,48,19,2,1089,0,4,7,0,11,1020,52,26,2,1100,0,0,0,1100
10/05/2022,MIA,FL,ASO,ES,Combined TRACON& Tower with Radar,1051,53,23,0,1127,2,1,4,0,7,1053,54,27,0,1134,0,0,0,1134
10/06/2022,MIA,FL,ASO,ES,Combined TRACON& Tower with Radar,1070,93,33,0,1196,0,3,8,0,11,1070,96,41,0,1207,0,0,0,1207
10/07/2022,MIA,FL,ASO,ES,Combined TRACON& Tower with Radar,1068,82,34,0,1184,0,2,4,0,6,1068,84,38,0,1190,0,0,0,1190
10/08/2022,MIA,FL,ASO,ES,Combined TRACON& Tower with Radar,1034,41,26,0,1101,0,1,5,0,6,1034,42,31,0,1107,0,0,0,1107
10/09/2022,MIA,FL,ASO,ES,Combined TRACON& Tower with Radar,1015,64,26,0,1105,0,0,0,0,0,1015,64,26,0,1105,0,0,0,1105
10/10/2022,MIA,FL,ASO,ES,Combined TRACON& Tower with Radar,1050,71,29,0,1150,0,1,5,0,6,1050,72,34,0,1156,0,0,0,1156
10/11/2022,MIA,FL,ASO,ES,Combined TRACON& Tower with Radar,1041,64,16,0,1121,1,1,13,3,18,1042,65,29,3,1139,0,0,0,1139
10/12/2022,MIA,FL,ASO,ES,Combined TRACON& Tower with Radar,1071,66,31,2,1170,0,1,9,1,11,1071,67,40,3,1181,0,0,0,1181
10/13/2022,MIA,FL,ASO,ES,Combined TRACON& Tower with Radar,1058,69,25,2,1154,0,0,1,0,1,1058,69,26,2,1155,0,0,0,1155
10/14/2022,MIA,FL,ASO,ES,Combined TRACON& Tower with Radar,1094,68,28,0,1190,0,8,1,0,9,1094,76,29,0,1199,0,0,0,1199
10/15/2022,MIA,FL,ASO,ES,Combined TRACON& Tower with Radar,1056,42,12,0,1110,0,0,2,1,3,1056,42,14,1,1113,0,0,0,1113
10/16/2022,MIA,FL,ASO,ES,Combined TRACON& Tower with Radar,1039,69,33,1,1142,0,2,6,1,9,1039,71,39,2,1151,0,0,0,1151
10/17/2022,MIA,FL,ASO,ES,Combined TRACON& Tower with Radar,1029,65,19,1,1114,0,0,10,0,10,1029,65,29,1,1124,0,0,0,1124
10/18/2022,MIA,FL,ASO,ES,Combined TRACON& Tower with Radar,1043,67,22,2,1134,0,1,10,0,11,1043,68,32,2,1145,0,0,0,1145
10/19/2022,MIA,FL,ASO,ES,Combined TRACON& Tower with Radar,1063,68,51,0,1182,1,1,4,0,6,1064,69,55,0,1188,0,0,0,1188
10/20/2022,MIA,FL,ASO,ES,Combined TRACON& Tower with Radar,1091,72,37,0,1200,0,3,9,0,12,1091,75,46,0,1212,0,0,0,1212
10/21/2022,MIA,FL,ASO,ES,Combined TRACON& Tower with Radar,1085,73,37,0,1195,0,3,8,0,11,1085,76,45,0,1206,0,0,0,1206
10/22/2022,MIA,FL,ASO,ES,Combined TRACON& Tower with Radar,1063,45,26,0,1134,0,0,6,0,6,1063,45,32,0,1140,0,0,0,1140
10/23/2022,MIA,FL,ASO,ES,Combined TRACON& Tower with Radar,1045,69,31,0,1145,0,2,5,0,7,1045,71,36,0,1152,0,0,0,1152
10/24/2022,MIA,FL,ASO,ES,Combined TRACON& Tower with Radar,1044,84,36,2,1166,0,0,12,0,12,1044,84,48,2,1178,0,0,0,1178
10/25/2022,MIA,FL,ASO,ES,Combined TRACON& Tower with Radar,1041,78,20,0,1139,1,4,2,0,7,1042,82,22,0,1146,0,0,0,1146
10/26/2022,MIA,FL,ASO,ES,Combined TRACON& Tower with Radar,1072,69,35,0,1176,1,1,20,0,22,1073,70,55,0,1198,0,0,0,1198
10/27/2022,MIA,FL,ASO,ES,Combined TRACON& Tower with Radar,1102,87,45,1,1235,0,5,11,4,20,1102,92,56,5,1255,0,0,0,1255
10/28/2022,MIA,FL,ASO,ES,Combined TRACON& Tower with Radar,1060,71,19,3,1153,2,3,13,0,18,1062,74,32,3,1171,0,0,0,1171
10/29/2022,MIA,FL,ASO,ES,Combined TRACON& Tower with Radar,1079,35,27,1,1142,0,4,5,0,9,1079,39,32,1,1151,0,0,0,1151
10/30/2022,MIA,FL,ASO,ES,Combined TRACON& Tower with Radar,1059,65,21,0,1145,0,2,4,0,6,1059,67,25,0,1151,0,0,0,1151
10/31/2022,MIA,FL,ASO,ES,Combined TRACON& Tower with Radar,1048,67,24,0,1139,1,3,4,0,8,1049,70,28,0,1147,0,0,0,1147
11/01/2022,MIA,FL,ASO,ES,Combined TRACON& Tower with Radar,1072,86,33,1,1192,1,2,3,0,6,1073,88,36,1,1198,0,0,0,1198
11/02/2022,MIA,FL,ASO,ES,Combined TRACON& Tower with Radar,1093,67,36,4,1200,0,1,7,0,8,1093,68,43,4,1208,0,0,0,1208
11/03/2022,MIA,FL,ASO,ES,Combined TRACON& Tower with Radar,1133,88,28,0,1249,1,1,11,0,13,1134,89,39,0,1262,0,0,0,1262
11/04/2022,MIA,FL,ASO,ES,Combined TRACON& Tower with Radar,1143,73,39,0,1255,0,1,5,0,6,1143,74,44,0,1261,0,0,0,1261
11/05/2022,MIA,FL,ASO,ES,Combined TRACON& Tower with Radar,1122,58,24,1,1205,0,0,3,0,3,1122,58,27,1,1208,0,0,0,1208
11/06/2022,MIA,FL,ASO,ES,Combined TRACON& Tower with Radar,1111,64,34,0,1209,0,7,6,0,13,1111,71,40,0,1222,0,0,0,1222
11/07/2022,MIA,FL,ASO,ES,Combined TRACON& Tower with Radar,1093,91,31,0,1215,1,2,7,0,10,1094,93,38,0,1225,0,0,0,1225
11/08/2022,MIA,FL,ASO,ES,Combined TRACON& Tower with Radar,1111,73,38,3,1225,0,0,6,0,6,1111,73,44,3,1231,0,0,0,1231
11/09/2022,MIA,FL,ASO,ES,Combined TRACON& Tower with Radar,1070,49,24,0,1143,0,0,1,0,1,1070,49,25,0,1144,0,0,0,1144
11/10/2022,MIA,FL,ASO,ES,Combined TRACON& Tower with Radar,1126,66,19,0,1211,2,0,0,0,2,1128,66,19,0,1213,0,0,0,1213
11/11/2022,MIA,FL,ASO,ES,Combined TRACON& Tower with Radar,1147,86,39,0,1272,0,0,9,0,9,1147,86,48,0,1281,0,0,0,1281
11/12/2022,MIA,FL,ASO,ES,Combined TRACON& Tower with Radar,1140,50,25,1,1216,0,2,8,0,10,1140,52,33,1,1226,0,0,0,1226
11/13/2022,MIA,FL,ASO,ES,Combined TRACON& Tower with Radar,1140,71,41,3,1255,0,4,10,0,14,1140,75,51,3,1269,0,0,0,1269
11/14/2022,MIA,FL,ASO,ES,Combined TRACON& Tower with Radar,1114,89,45,0,1248,0,2,5,0,7,1114,91,50,0,1255,0,0,0,1255
11/15/2022,MIA,FL,ASO,ES,Combined TRACON& Tower with Radar,1124,80,36,2,1242,1,2,5,0,8,1125,82,41,2,1250,0,0,0,1250
11/16/2022,MIA,FL,ASO,ES,Combined TRACON& Tower with Radar,1161,74,50,2,1287,1,2,4,0,7,1162,76,54,2,1294,0,0,0,1294
11/17/2022,MIA,FL,ASO,ES,Combined TRACON& Tower with Radar,1178,91,55,2,1326,0,2,4,0,6,1178,93,59,2,1332,0,0,0,1332
11/18/2022,MIA,FL,ASO,ES,Combined TRACON& Tower with Radar,1179,84,50,2,1315,0,5,7,0,12,1179,89,57,2,1327,0,0,0,1327
11/19/2022,MIA,FL,ASO,ES,Combined TRACON& Tower with Radar,1131,66,29,0,1226,1,2,4,0,7,1132,68,33,0,1233,0,0,0,1233
11/20/2022,MIA,FL,ASO,ES,Combined TRACON& Tower with Radar,1145,74,38,0,1257,0,0,2,0,2,1145,74,40,0,1259,0,0,0,1259
11/21/2022,MIA,FL,ASO,ES,Combined TRACON& Tower with Radar,1144,89,25,0,1258,0,1,8,1,10,1144,90,33,1,1268,0,0,0,1268
11/22/2022,MIA,FL,ASO,ES,Combined TRACON& Tower with Radar,1137,94,29,0,1260,1,3,5,0,9,1138,97,34,0,1269,0,0,0,1269
11/23/2022,MIA,FL,ASO,ES,Combined TRACON& Tower with Radar,1201,90,35,4,1330,0,3,8,0,11,1201,93,43,4,1341,0,0,0,1341
11/24/2022,MIA,FL,ASO,ES,Combined TRACON& Tower with Radar,893,51,14,3,961,1,1,0,0,2,894,52,14,3,963,0,0,0,963
11/25/2022,MIA,FL,ASO,ES,Combined TRACON& Tower with Radar,1074,68,20,0,1162,0,1,8,0,9,1074,69,28,0,1171,0,0,0,1171
11/26/2022,MIA,FL,ASO,ES,Combined TRACON& Tower with Radar,1171,80,37,0,1288,1,2,5,0,8,1172,82,42,0,1296,0,0,0,1296
11/27/2022,MIA,FL,ASO,ES,Combined TRACON& Tower with Radar,1128,131,50,0,1309,1,1,3,0,5,1129,132,53,0,1314,0,0,0,1314
11/28/2022,MIA,FL,ASO,ES,Combined TRACON& Tower with Radar,1119,162,44,0,1325,0,2,9,0,11,1119,164,53,0,1336,0,0,0,1336
11/29/2022,MIA,FL,ASO,ES,Combined TRACON& Tower with Radar,1141,129,46,4,1320,0,2,8,0,10,1141,131,54,4,1330,0,0,0,1330
11/30/2022,MIA,FL,ASO,ES,Combined TRACON& Tower with Radar,1153,99,46,0,1298,1,1,7,0,9,1154,100,53,0,1307,0,0,0,1307
12/01/2022,MIA,FL,ASO,ES,Combined TRACON& Tower with Radar,1189,108,54,0,1351,0,2,15,0,17,1189,110,69,0,1368,0,0,0,1368
12/02/2022,MIA,FL,ASO,ES,Combined TRACON& Tower with Radar,1172,120,40,2,1334,0,3,7,0,10,1172,123,47,2,1344,0,0,0,1344
12/03/2022,MIA,FL,ASO,ES,Combined TRACON& Tower with Radar,1164,52,20,0,1236,2,1,4,0,7,1166,53,24,0,1243,0,0,0,1243
12/04/2022,MIA,FL,ASO,ES,Combined TRACON& Tower with Radar,1160,103,30,0,1293,0,0,3,0,3,1160,103,33,0,1296,0,0,0,1296
12/05/2022,MIA,FL,ASO,ES,Combined TRACON& Tower with Radar,1129,85,45,0,1259,0,6,8,0,14,1129,91,53,0,1273,0,0,0,1273
12/06/2022,MIA,FL,ASO,ES,Combined TRACON& Tower with Radar,1150,68,34,0,1252,1,4,5,0,10,1151,72,39,0,1262,0,0,0,1262
12/07/2022,MIA,FL,ASO,ES,Combined TRACON& Tower with Radar,1156,68,26,0,1250,0,2,2,0,4,1156,70,28,0,1254,0,0,0,1254
12/08/2022,MIA,FL,ASO,ES,Combined TRACON& Tower with Radar,1187,105,53,2,1347,0,7,11,0,18,1187,112,64,2,1365,0,0,0,1365
12/09/2022,MIA,FL,ASO,ES,Combined TRACON& Tower with Radar,1182,88,37,6,1313,1,5,8,1,15,1183,93,45,7,1328,0,0,0,1328
12/10/2022,MIA,FL,ASO,ES,Combined TRACON& Tower with Radar,1180,40,21,0,1241,3,1,8,0,12,1183,41,29,0,1253,0,0,0,1253
12/11/2022,MIA,FL,ASO,ES,Combined TRACON& Tower with Radar,1160,70,34,1,1265,0,1,8,0,9,1160,71,42,1,1274,0,0,0,1274
12/12/2022,MIA,FL,ASO,ES,Combined TRACON& Tower with Radar,1146,87,28,0,1261,0,0,4,0,4,1146,87,32,0,1265,0,0,0,1265
12/13/2022,MIA,FL,ASO,ES,Combined TRACON& Tower with Radar,1149,75,33,3,1260,1,3,4,1,9,1150,78,37,4,1269,0,0,0,1269
12/14/2022,MIA,FL,ASO,ES,Combined TRACON& Tower with Radar,1172,93,42,4,1311,0,6,7,0,13,1172,99,49,4,1324,0,0,0,1324
12/15/2022,MIA,FL,ASO,ES,Combined TRACON& Tower with Radar,1247,86,41,0,1374,1,4,6,0,11,1248,90,47,0,1385,0,0,0,1385
12/16/2022,MIA,FL,ASO,ES,Combined TRACON& Tower with Radar,1249,94,43,1,1387,2,2,4,1,9,1251,96,47,2,1396,0,0,0,1396
12/17/2022,MIA,FL,ASO,ES,Combined TRACON& Tower with Radar,1262,64,39,1,1366,2,1,1,1,5,1264,65,40,2,1371,0,0,0,1371
12/18/2022,MIA,FL,ASO,ES,Combined TRACON& Tower with Radar,1236,63,57,0,1356,1,0,2,0,3,1237,63,59,0,1359,0,0,0,1359
12/19/2022,MIA,FL,ASO,ES,Combined TRACON& Tower with Radar,1223,91,33,0,1347,0,6,4,0,10,1223,97,37,0,1357,0,0,0,1357
12/20/2022,MIA,FL,ASO,ES,Combined TRACON& Tower with Radar,1222,79,38,0,1339,1,1,3,0,5,1223,80,41,0,1344,0,0,0,1344
12/21/2022,MIA,FL,ASO,ES,Combined TRACON& Tower with Radar,1248,91,44,0,1383,2,3,4,0,9,1250,94,48,0,1392,0,0,0,1392
12/22/2022,MIA,FL,ASO,ES,Combined TRACON& Tower with Radar,1220,124,31,2,1377,1,3,1,0,5,1221,127,32,2,1382,0,0,0,1382
12/23/2022,MIA,FL,ASO,ES,Combined TRACON& Tower with Radar,1140,96,39,1,1276,1,9,3,0,13,1141,105,42,1,1289,0,0,0,1289
12/24/2022,MIA,FL,ASO,ES,Combined TRACON& Tower with Radar,974,50,20,1,1045,2,1,7,0,10,976,51,27,1,1055,0,0,0,1055
12/25/2022,MIA,FL,ASO,ES,Combined TRACON& Tower with Radar,892,64,20,0,976,1,1,1,0,3,893,65,21,0,979,0,0,0,979
12/26/2022,MIA,FL,ASO,ES,Combined TRACON& Tower with Radar,1054,92,60,0,1206,0,1,4,0,5,1054,93,64,0,1211,0,0,0,1211
12/27/2022,MIA,FL,ASO,ES,Combined TRACON& Tower with Radar,1151,96,49,0,1296,2,2,8,0,12,1153,98,57,0,1308,0,0,0,1308
12/28/2022,MIA,FL,ASO,ES,Combined TRACON& Tower with Radar,1223,113,54,0,1390,0,4,12,0,16,1223,117,66,0,1406,0,0,0,1406
12/29/2022,MIA,FL,ASO,ES,Combined TRACON& Tower with Radar,1209,102,35,0,1346,1,7,6,0,14,1210,109,41,0,1360,0,0,0,1360
12/30/2022,MIA,FL,ASO,ES,Combined TRACON& Tower with Radar,1228,93,28,0,1349,0,4,8,0,12,1228,97,36,0,1361,0,0,0,1361
12/31/2022,MIA,FL,ASO,ES,Combined TRACON& Tower with Radar,1032,46,12,0,1090,0,1,4,0,5,1032,47,16,0,1095,0,0,0,1095
01/01/2023,MIA,FL,ASO,ES,Combined TRACON& Tower with Radar,1077,61,34,0,1172,0,3,4,0,7,1077,64,38,0,1179,0,0,0,1179
01/02/2023,MIA,FL,ASO,ES,Combined TRACON& Tower with Radar,1052,93,58,0,1203,1,7,10,0,18,1053,100,68,0,1221,0,0,0,1221
01/03/2023,MIA,FL,ASO,ES,Combined TRACON& Tower with Radar,1189,108,76,0,1373,0,2,10,0,12,1189,110,86,0,1385,0,0,0,1385
01/04/2023,MIA,FL,ASO,ES,Combined TRACON& Tower with Radar,1104,86,64,0,1254,0,6,8,0,14,1104,92,72,0,1268,0,0,0,1268
01/05/2023,MIA,FL,ASO,ES,Combined TRACON& Tower with Radar,1221,94,44,0,1359,1,3,5,0,9,1222,97,49,0,1368,0,0,0,1368
01/06/2023,MIA,FL,ASO,ES,Combined TRACON& Tower with Radar,1203,98,61,0,1362,2,6,5,0,13,1205,104,66,0,1375,0,0,0,1375
01/07/2023,MIA,FL,ASO,ES,Combined TRACON& Tower with Radar,1207,52,21,1,1281,3,1,4,0,8,1210,53,25,1,1289,0,0,0,1289
01/08/2023,MIA,FL,ASO,ES,Combined TRACON& Tower with Radar,1180,99,43,1,1323,1,1,4,0,6,1181,100,47,1,1329,0,0,0,1329
01/09/2023,MIA,FL,ASO,ES,Combined TRACON& Tower with Radar,1133,91,40,2,1266,2,1,6,0,9,1135,92,46,2,1275,0,0,0,1275
01/10/2023,MIA,FL,ASO,ES,Combined TRACON& Tower with Radar,1167,57,29,0,1253,3,4,1,0,8,1170,61,30,0,1261,0,0,0,1261
01/11/2023,MIA,FL,ASO,ES,Combined TRACON& Tower with Radar,1084,85,36,2,1207,3,4,7,0,14,1087,89,43,2,1221,0,0,0,1221
01/12/2023,MIA,FL,ASO,ES,Combined TRACON& Tower with Radar,1178,84,32,0,1294,4,3,7,2,16,1182,87,39,2,1310,0,0,0,1310
01/13/2023,MIA,FL,ASO,ES,Combined TRACON& Tower with Radar,1210,104,39,1,1354,3,2,4,0,9,1213,106,43,1,1363,0,0,0,1363
01/14/2023,MIA,FL,ASO,ES,Combined TRACON& Tower with Radar,1195,60,34,0,1289,6,0,3,0,9,1201,60,37,0,1298,0,0,0,1298
01/15/2023,MIA,FL,ASO,ES,Combined TRACON& Tower with Radar,1170,73,32,0,1275,0,2,2,0,4,1170,75,34,0,1279,0,0,0,1279
01/16/2023,MIA,FL,ASO,ES,Combined TRACON& Tower with Radar,1132,109,37,1,1279,0,0,8,0,8,1132,109,45,1,1287,0,0,0,1287
01/17/2023,MIA,FL,ASO,ES,Combined TRACON& Tower with Radar,1166,96,35,1,1298,0,1,6,0,7,1166,97,41,1,1305,0,0,0,1305
01/18/2023,MIA,FL,ASO,ES,Combined TRACON& Tower with Radar,1184,83,29,2,1298,5,1,10,0,16,1189,84,39,2,1314,0,0,0,1314
01/19/2023,MIA,FL,ASO,ES,Combined TRACON& Tower with Radar,1184,83,40,0,1307,4,3,14,1,22,1188,86,54,1,1329,0,0,0,1329
01/20/2023,MIA,FL,ASO,ES,Combined TRACON& Tower with Radar,1203,71,38,2,1314,3,4,8,0,15,1206,75,46,2,1329,0,0,0,1329
01/21/2023,MIA,FL,ASO,ES,Combined TRACON& Tower with Radar,1215,55,33,1,1304,4,0,4,0,8,1219,55,37,1,1312,0,0,0,1312
01/22/2023,MIA,FL,ASO,ES,Combined TRACON& Tower with Radar,1171,67,32,1,1271,0,2,1,0,3,1171,69,33,1,1274,0,0,0,1274
01/23/2023,MIA,FL,ASO,ES,Combined TRACON& Tower with Radar,1151,86,40,2,1279,0,0,9,1,10,1151,86,49,3,1289,0,0,0,1289
01/24/2023,MIA,FL,ASO,ES,Combined TRACON& Tower with Radar,1171,75,37,0,1283,1,0,13,0,14,1172,75,50,0,1297,0,0,0,1297
01/25/2023,MIA,FL,ASO,ES,Combined TRACON& Tower with Radar,1194,103,51,1,1349,0,4,4,0,8,1194,107,55,1,1357,0,0,0,1357
01/26/2023,MIA,FL,ASO,ES,Combined TRACON& Tower with Radar,1208,88,28,4,1328,0,0,3,3,6,1208,88,31,7,1334,0,0,0,1334
01/27/2023,MIA,FL,ASO,ES,Combined TRACON& Tower with Radar,1231,94,48,3,1376,0,2,24,0,26,1231,96,72,3,1402,0,0,0,1402
01/28/2023,MIA,FL,ASO,ES,Combined TRACON& Tower with Radar,1249,58,28,0,1335,0,0,6,0,6,1249,58,34,0,1341,0,0,0,1341
01/29/2023,MIA,FL,ASO,ES,Combined TRACON& Tower with Radar,1214,107,40,1,1362,1,1,9,0,11,1215,108,49,1,1373,0,0,0,1373
01/30/2023,MIA,FL,ASO,ES,Combined TRACON& Tower with Radar,1147,88,36,6,1277,0,5,10,0,15,1147,93,46,6,1292,0,0,0,1292
01/31/2023,MIA,FL,ASO,ES,Combined TRACON& Tower with Radar,1178,96,44,5,1323,0,1,11,0,12,1178,97,55,5,1335,0,0,0,1335
02/01/2023,MIA,FL,ASO,ES,Combined TRACON& Tower with Radar,1181,94,43,0,1318,2,3,3,0,8,1183,97,46,0,1326,0,0,0,1326
02/02/2023,MIA,FL,ASO,ES,Combined TRACON& Tower with Radar,1183,79,62,1,1325,1,1,6,1,9,1184,80,68,2,1334,0,0,0,1334
02/03/2023,MIA,FL,ASO,ES,Combined TRACON& Tower with Radar,1218,94,26,1,1339,6,2,4,1,13,1224,96,30,2,1352,0,0,0,1352
02/04/2023,MIA,FL,ASO,ES,Combined TRACON& Tower with Radar,1244,55,29,0,1328,6,1,2,1,10,1250,56,31,1,1338,0,0,0,1338
02/05/2023,MIA,FL,ASO,ES,Combined TRACON& Tower with Radar,1193,79,58,1,1331,2,3,5,0,10,1195,82,63,1,1341,0,0,0,1341
02/06/2023,MIA,FL,ASO,ES,Combined TRACON& Tower with Radar,1181,89,43,2,1315,0,2,3,0,5,1181,91,46,2,1320,0,0,0,1320
02/07/2023,MIA,FL,ASO,ES,Combined TRACON& Tower with Radar,1191,87,41,1,1320,0,3,5,0,8,1191,90,46,1,1328,0,0,0,1328
02/08/2023,MIA,FL,ASO,ES,Combined TRACON& Tower with Radar,1211,102,80,3,1396,0,2,8,2,12,1211,104,88,5,1408,0,0,0,1408
02/09/2023,MIA,FL,ASO,ES,Combined TRACON& Tower with Radar,1211,109,54,5,1379,0,2,11,0,13,1211,111,65,5,1392,0,0,0,1392
02/10/2023,MIA,FL,ASO,ES,Combined TRACON& Tower with Radar,1206,119,78,3,1406,1,2,16,0,19,1207,121,94,3,1425,0,0,0,1425
02/11/2023,MIA,FL,ASO,ES,Combined TRACON& Tower with Radar,1205,65,35,0,1305,1,2,3,2,8,1206,67,38,2,1313,0,0,0,1313
02/12/2023,MIA,FL,ASO,ES,Combined TRACON& Tower with Radar,1173,94,49,0,1316,0,0,14,2,16,1173,94,63,2,1332,0,0,0,1332
02/13/2023,MIA,FL,ASO,ES,Combined TRACON& Tower with Radar,1135,90,29,2,1256,2,6,7,0,15,1137,96,36,2,1271,0,0,0,1271
02/14/2023,MIA,FL,ASO,ES,Combined TRACON& Tower with Radar,1172,92,43,0,1307,2,2,14,0,18,1174,94,57,0,1325,0,0,0,1325
02/15/2023,MIA,FL,ASO,ES,Combined TRACON& Tower with Radar,1179,120,54,0,1353,1,3,14,0,18,1180,123,68,0,1371,0,0,0,1371
02/16/2023,MIA,FL,ASO,ES,Combined TRACON& Tower with Radar,1188,120,70,0,1378,4,2,21,0,27,1192,122,91,0,1405,0,0,0,1405
02/17/2023,MIA,FL,ASO,ES,Combined TRACON& Tower with Radar,1184,123,77,0,1384,2,5,15,0,22,1186,128,92,0,1406,0,0,0,1406
02/18/2023,MIA,FL,ASO,ES,Combined TRACON& Tower with Radar,1203,79,58,0,1340,6,3,10,3,22,1209,82,68,3,1362,0,0,0,1362
02/19/2023,MIA,FL,ASO,ES,Combined TRACON& Tower with Radar,1172,84,53,1,1310,5,5,13,0,23,1177,89,66,1,1333,0,0,0,1333
02/20/2023,MIA,FL,ASO,ES,Combined TRACON& Tower with Radar,1139,129,57,0,1325,4,10,9,1,24,1143,139,66,1,1349,0,0,0,1349
02/21/2023,MIA,FL,ASO,ES,Combined TRACON& Tower with Radar,1180,114,59,0,1353,4,6,6,1,17,1184,120,65,1,1370,0,0,0,1370
02/22/2023,MIA,FL,ASO,ES,Combined TRACON& Tower with Radar,1164,114,55,2,1335,3,2,3,0,8,1167,116,58,2,1343,0,0,0,1343
02/23/2023,MIA,FL,ASO,ES,Combined TRACON& Tower with Radar,1168,116,56,2,1342,4,8,7,1,20,1172,124,63,3,1362,0,0,0,1362
02/24/2023,MIA,FL,ASO,ES,Combined TRACON& Tower with Radar,1182,87,38,1,1308,7,5,13,0,25,1189,92,51,1,1333,0,0,0,1333
02/25/2023,MIA,FL,ASO,ES,Combined TRACON& Tower with Radar,1203,77,28,0,1308,7,4,9,0,20,1210,81,37,0,1328,0,0,0,1328
02/26/2023,MIA,FL,ASO,ES,Combined TRACON& Tower with Radar,1169,107,31,0,1307,6,0,15,0,21,1175,107,46,0,1328,0,0,0,1328
02/27/2023,MIA,FL,ASO,ES,Combined TRACON& Tower with Radar,1110,108,48,2,1268,4,2,9,0,15,1114,110,57,2,1283,0,0,0,1283
02/28/2023,MIA,FL,ASO,ES,Combined TRACON& Tower with Radar,1161,112,16,0,1289,4,4,10,0,18,1165,116,26,0,1307,0,0,0,1307
03/01/2023,MIA,FL,ASO,ES,Combined TRACON& Tower with Radar,1163,116,48,0,1327,6,2,22,0,30,1169,118,70,0,1357,0,0,0,1357
03/02/2023,MIA,FL,ASO,ES,Combined TRACON& Tower with Radar,1181,84,55,1,1321,5,2,5,0,12,1186,86,60,1,1333,0,0,0,1333
03/03/2023,MIA,FL,ASO,ES,Combined TRACON& Tower with Radar,1204,105,41,1,1351,9,3,10,0,22,1213,108,51,1,1373,0,0,0,1373
03/04/2023,MIA,FL,ASO,ES,Combined TRACON& Tower with Radar,1166,55,32,0,1253,6,4,6,0,16,1172,59,38,0,1269,0,0,0,1269
03/05/2023,MIA,FL,ASO,ES,Combined TRACON& Tower with Radar,1168,80,42,0,1290,6,1,12,0,19,1174,81,54,0,1309,0,0,0,1309
03/06/2023,MIA,FL,ASO,ES,Combined TRACON& Tower with Radar,1157,98,60,0,1315,6,5,5,0,16,1163,103,65,0,1331,0,0,0,1331
03/07/2023,MIA,FL,ASO,ES,Combined TRACON& Tower with Radar,1169,88,41,2,1300,3,2,5,2,12,1172,90,46,4,1312,0,0,0,1312
03/08/2023,MIA,FL,ASO,ES,Combined TRACON& Tower with Radar,1179,101,35,4,1319,3,2,13,0,18,1182,103,48,4,1337,0,0,0,1337
03/09/2023,MIA,FL,ASO,ES,Combined TRACON& Tower with Radar,1186,86,46,0,1318,6,2,4,0,12,1192,88,50,0,1330,0,0,0,1330
03/10/2023,MIA,FL,ASO,ES,Combined TRACON& Tower with Radar,1183,107,59,2,1351,4,3,7,2,16,1187,110,66,4,1367,0,0,0,1367
03/11/2023,MIA,FL,ASO,ES,Combined TRACON& Tower with Radar,1213,66,49,0,1328,5,1,6,0,12,1218,67,55,0,1340,0,0,0,1340
03/12/2023,MIA,FL,ASO,ES,Combined TRACON& Tower with Radar,1154,85,35,0,1274,5,1,4,3,13,1159,86,39,3,1287,0,0,0,1287
03/13/2023,MIA,FL,ASO,ES,Combined TRACON& Tower with Radar,1152,94,32,3,1281,4,0,6,0,10,1156,94,38,3,1291,0,0,0,1291
03/14/2023,MIA,FL,ASO,ES,Combined TRACON& Tower with Radar,1170,85,27,3,1285,3,1,10,0,14,1173,86,37,3,1299,0,0,0,1299
03/15/2023,MIA,FL,ASO,ES,Combined TRACON& Tower with Radar,1198,80,45,2,1325,4,5,10,1,20,1202,85,55,3,1345,0,0,0,1345
03/16/2023,MIA,FL,ASO,ES,Combined TRACON& Tower with Radar,1189,98,38,1,1326,5,7,6,0,18,1194,105,44,1,1344,0,0,0,1344
03/17/2023,MIA,FL,ASO,ES,Combined TRACON& Tower with Radar,1196,118,33,0,1347,6,4,9,1,20,1202,122,42,1,1367,0,0,0,1367
03/18/2023,MIA,FL,ASO,ES,Combined TRACON& Tower with Radar,1207,78,53,0,1338,6,1,14,0,21,1213,79,67,0,1359,0,0,0,1359
03/19/2023,MIA,FL,ASO,ES,Combined TRACON& Tower with Radar,1162,107,50,0,1319,8,1,7,1,17,1170,108,57,1,1336,0,0,0,1336
03/20/2023,MIA,FL,ASO,ES,Combined TRACON& Tower with Radar,1140,83,40,3,1266,6,4,1,0,11,1146,87,41,3,1277,0,0,0,1277
03/21/2023,MIA,FL,ASO,ES,Combined TRACON& Tower with Radar,1177,86,32,3,1298,4,3,10,0,17,1181,89,42,3,1315,0,0,0,1315
03/22/2023,MIA,FL,ASO,ES,Combined TRACON& Tower with Radar,1189,88,33,3,1313,7,4,2,0,13,1196,92,35,3,1326,0,0,0,1326
03/23/2023,MIA,FL,ASO,ES,Combined TRACON& Tower with Radar,1169,99,34,3,1305,8,1,16,0,25,1177,100,50,3,1330,0,0,0,1330
03/24/2023,MIA,FL,ASO,ES,Combined TRACON& Tower with Radar,1198,105,31,0,1334,8,5,9,0,22,1206,110,40,0,1356,0,0,0,1356
03/25/2023,MIA,FL,ASO,ES,Combined TRACON& Tower with Radar,1183,80,27,0,1290,6,1,5,0,12,1189,81,32,0,1302,0,0,0,1302
03/26/2023,MIA,FL,ASO,ES,Combined TRACON& Tower with Radar,1128,70,36,0,1234,8,3,12,0,23,1136,73,48,0,1257,0,0,0,1257
03/27/2023,MIA,FL,ASO,ES,Combined TRACON& Tower with Radar,1140,85,50,0,1275,5,0,8,0,13,1145,85,58,0,1288,0,0,0,1288
03/28/2023,MIA,FL,ASO,ES,Combined TRACON& Tower with Radar,1127,82,41,0,1250,6,3,10,0,19,1133,85,51,0,1269,0,0,0,1269
03/29/2023,MIA,FL,ASO,ES,Combined TRACON& Tower with Radar,1142,74,40,4,1260,3,3,14,0,20,1145,77,54,4,1280,0,0,0,1280
03/30/2023,MIA,FL,ASO,ES,Combined TRACON& Tower with Radar,1214,111,56,8,1389,7,1,17,0,25,1221,112,73,8,1414,0,0,0,1414
03/31/2023,MIA,FL,ASO,ES,Combined TRACON& Tower with Radar,1185,100,51,2,1338,8,4,12,0,24,1193,104,63,2,1362,0,0,0,1362
04/01/2023,MIA,FL,ASO,ES,Combined TRACON& Tower with Radar,1156,91,39,0,1286,12,4,14,0,30,1168,95,53,0,1316,0,0,0,1316
04/02/2023,MIA,FL,ASO,ES,Combined TRACON& Tower with Radar,1162,103,54,2,1321,6,1,7,0,14,1168,104,61,2,1335,0,0,0,1335
04/03/2023,MIA,FL,ASO,ES,Combined TRACON& Tower with Radar,1125,83,44,1,1253,9,3,4,0,16,1134,86,48,1,1269,0,0,0,1269
04/04/2023,MIA,FL,ASO,ES,Combined TRACON& Tower with Radar,1126,92,35,0,1253,5,4,11,1,21,1131,96,46,1,1274,0,0,0,1274
04/05/2023,MIA,FL,ASO,ES,Combined TRACON& Tower with Radar,1132,87,38,1,1258,6,8,12,1,27,1138,95,50,2,1285,0,0,0,1285
04/06/2023,MIA,FL,ASO,ES,Combined TRACON& Tower with Radar,1169,101,48,3,1321,4,3,14,1,22,1173,104,62,4,1343,0,0,0,1343
04/07/2023,MIA,FL,ASO,ES,Combined TRACON& Tower with Radar,1137,85,33,4,1259,7,1,8,0,16,1144,86,41,4,1275,0,0,0,1275
04/08/2023,MIA,FL,ASO,ES,Combined TRACON& Tower with Radar,1139,52,30,2,1223,9,1,5,0,15,1148,53,35,2,1238,0,0,0,1238
04/09/2023,MIA,FL,ASO,ES,Combined TRACON& Tower with Radar,1128,80,46,1,1255,9,1,9,0,19,1137,81,55,1,1274,0,0,0,1274
04/10/2023,MIA,FL,ASO,ES,Combined TRACON& Tower with Radar,1104,90,40,4,1238,4,5,2,0,11,1108,95,42,4,1249,0,0,0,1249
04/11/2023,MIA,FL,ASO,ES,Combined TRACON& Tower with Radar,1138,103,21,2,1264,3,0,5,1,9,1141,103,26,3,1273,0,0,0,1273
04/12/2023,MIA,FL,ASO,ES,Combined TRACON& Tower with Radar,1163,68,15,0,1246,5,0,0,0,5,1168,68,15,0,1251,0,0,0,1251
04/13/2023,MIA,FL,ASO,ES,Combined TRACON& Tower with Radar,1227,94,21,1,1343,6,1,13,0,20,1233,95,34,1,1363,0,0,0,1363
04/14/2023,MIA,FL,ASO,ES,Combined TRACON& Tower with Radar,1240,117,38,1,1396,10,3,6,0,19,1250,120,44,1,1415,0,0,0,1415
04/15/2023,MIA,FL,ASO,ES,Combined TRACON& Tower with Radar,1152,74,37,1,1264,10,2,11,0,23,1162,76,48,1,1287,0,0,0,1287
04/16/2023,MIA,FL,ASO,ES,Combined TRACON& Tower with Radar,1112,95,42,2,1251,8,2,9,0,19,1120,97,51,2,1270,0,0,0,1270
04/17/2023,MIA,FL,ASO,ES,Combined TRACON& Tower with Radar,1167,91,41,0,1299,5,3,10,0,18,1172,94,51,0,1317,0,0,0,1317
04/18/2023,MIA,FL,ASO,ES,Combined TRACON& Tower with Radar,1140,102,25,0,1267,4,3,4,0,11,1144,105,29,0,1278,0,0,0,1278
04/19/2023,MIA,FL,ASO,ES,Combined TRACON& Tower with Radar,1174,95,29,2,1300,5,0,9,0,14,1179,95,38,2,1314,0,0,0,1314
04/20/2023,MIA,FL,ASO,ES,Combined TRACON& Tower with Radar,1180,94,31,1,1306,8,2,3,0,13,1188,96,34,1,1319,0,0,0,1319
04/21/2023,MIA,FL,ASO,ES,Combined TRACON& Tower with Radar,1176,92,32,4,1304,10,4,9,2,25,1186,96,41,6,1329,0,0,0,1329
04/22/2023,MIA,FL,ASO,ES,Combined TRACON& Tower with Radar,1157,64,24,1,1246,11,4,9,0,24,1168,68,33,1,1270,0,0,0,1270
04/23/2023,MIA,FL,ASO,ES,Combined TRACON& Tower with Radar,1175,68,39,0,1282,9,1,7,2,19,1184,69,46,2,1301,0,0,0,1301
04/24/2023,MIA,FL,ASO,ES,Combined TRACON& Tower with Radar,1139,57,27,0,1223,6,3,4,1,14,1145,60,31,1,1237,0,0,0,1237
04/25/2023,MIA,FL,ASO,ES,Combined TRACON& Tower with Radar,1157,59,31,0,1247,3,2,8,0,13,1160,61,39,0,1260,0,0,0,1260
04/26/2023,MIA,FL,ASO,ES,Combined TRACON& Tower with Radar,1186,64,34,2,1286,5,3,16,0,24,1191,67,50,2,1310,0,0,0,1310
04/27/2023,MIA,FL,ASO,ES,Combined TRACON& Tower with Radar,1199,80,31,0,1310,7,1,12,0,20,1206,81,43,0,1330,0,0,0,1330
04/28/2023,MIA,FL,ASO,ES,Combined TRACON& Tower with Radar,1242,85,51,1,1379,10,5,13,0,28,1252,90,64,1,1407,0,0,0,1407
04/29/2023,MIA,FL,ASO,ES,Combined TRACON& Tower with Radar,1181,54,23,1,1259,8,2,5,0,15,1189,56,28,1,1274,0,0,0,1274
04/30/2023,MIA,FL,ASO,ES,Combined TRACON& Tower with Radar,1126,55,24,0,1205,8,1,5,0,14,1134,56,29,0,1219,0,0,0,1219
05/01/2023,MIA,FL,ASO,ES,Combined TRACON& Tower with Radar,1162,93,35,2,1292,5,7,9,0,21,1167,100,44,2,1313,0,0,0,1313
05/02/2023,MIA,FL,ASO,ES,Combined TRACON& Tower with Radar,1189,67,28,0,1284,6,0,8,0,14,1195,67,36,0,1298,0,0,0,1298
05/03/2023,MIA,FL,ASO,ES,Combined TRACON& Tower with Radar,1194,68,24,0,1286,4,2,2,0,8,1198,70,26,0,1294,0,0,0,1294
05/04/2023,MIA,FL,ASO,ES,Combined TRACON& Tower with Radar,1208,77,43,0,1328,7,7,6,0,20,1215,84,49,0,1348,0,0,0,1348
05/05/2023,MIA,FL,ASO,ES,Combined TRACON& Tower with Radar,1178,73,39,0,1290,9,3,11,0,23,1187,76,50,0,1313,0,0,0,1313
05/06/2023,MIA,FL,ASO,ES,Combined TRACON& Tower with Radar,1165,41,28,0,1234,6,1,0,0,7,1171,42,28,0,1241,0,0,0,1241
05/07/2023,MIA,FL,ASO,ES,Combined TRACON& Tower with Radar,1141,84,44,0,1269,7,1,6,1,15,1148,85,50,1,1284,0,0,0,1284
05/08/2023,MIA,FL,ASO,ES,Combined TRACON& Tower with Radar,1140,91,38,2,1271,3,1,6,1,11,1143,92,44,3,1282,0,0,0,1282
05/09/2023,MIA,FL,ASO,ES,Combined TRACON& Tower with Radar,1124,71,19,0,1214,4,2,13,0,19,1128,73,32,0,1233,0,0,0,1233
05/10/2023,MIA,FL,ASO,ES,Combined TRACON& Tower with Radar,1148,78,51,2,1279,3,0,20,0,23,1151,78,71,2,1302,0,0,0,1302
05/11/2023,MIA,FL,ASO,ES,Combined TRACON& Tower with Radar,1188,75,32,6,1301,6,0,3,0,9,1194,75,35,6,1310,0,0,0,1310
05/12/2023,MIA,FL,ASO,ES,Combined TRACON& Tower with Radar,1155,70,20,4,1249,10,3,4,0,17,1165,73,24,4,1266,0,0,0,1266
05/13/2023,MIA,FL,ASO,ES,Combined TRACON& Tower with Radar,1144,32,18,0,1194,6,5,12,0,23,1150,37,30,0,1217,0,0,0,1217
05/14/2023,MIA,FL,ASO,ES,Combined TRACON& Tower with Radar,1122,65,25,0,1212,9,1,7,0,17,1131,66,32,0,1229,0,0,0,1229
05/15/2023,MIA,FL,ASO,ES,Combined TRACON& Tower with Radar,1102,64,31,0,1197,4,1,4,1,10,1106,65,35,1,1207,0,0,0,1207
05/16/2023,MIA,FL,ASO,ES,Combined TRACON& Tower with Radar,1081,68,31,0,1180,3,0,2,0,5,1084,68,33,0,1185,0,0,0,1185
05/17/2023,MIA,FL,ASO,ES,Combined TRACON& Tower with Radar,1143,92,32,0,1267,2,2,5,0,9,1145,94,37,0,1276,0,0,0,1276
05/18/2023,MIA,FL,ASO,ES,Combined TRACON& Tower with Radar,1167,77,25,0,1269,3,0,15,0,18,1170,77,40,0,1287,0,0,0,1287
05/19/2023,MIA,FL,ASO,ES,Combined TRACON& Tower with Radar,1170,86,23,2,1281,5,2,10,0,17,1175,88,33,2,1298,0,0,0,1298
05/20/2023,MIA,FL,ASO,ES,Combined TRACON& Tower with Radar,1135,44,14,1,1194,3,0,2,0,5,1138,44,16,1,1199,0,0,0,1199
05/21/2023,MIA,FL,ASO,ES,Combined TRACON& Tower with Radar,1135,52,40,1,1228,6,1,12,0,19,1141,53,52,1,1247,0,0,0,1247
05/22/2023,MIA,FL,ASO,ES,Combined TRACON& Tower with Radar,1086,79,28,0,1193,3,0,12,0,15,1089,79,40,0,1208,0,0,0,1208
05/23/2023,MIA,FL,ASO,ES,Combined TRACON& Tower with Radar,1095,61,39,0,1195,3,1,6,0,10,1098,62,45,0,1205,0,0,0,1205
05/24/2023,MIA,FL,ASO,ES,Combined TRACON& Tower with Radar,1127,65,37,1,1230,2,2,8,0,12,1129,67,45,1,1242,0,0,0,1242
05/25/2023,MIA,FL,ASO,ES,Combined TRACON& Tower with Radar,1157,72,50,2,1281,2,2,8,0,12,1159,74,58,2,1293,0,0,0,1293
05/26/2023,MIA,FL,ASO,ES,Combined TRACON& Tower with Radar,1181,74,25,1,1281,2,3,2,0,7,1183,77,27,1,1288,0,0,0,1288
05/27/2023,MIA,FL,ASO,ES,Combined TRACON& Tower with Radar,1126,35,24,3,1188,3,0,12,0,15,1129,35,36,3,1203,0,0,0,1203
05/28/2023,MIA,FL,ASO,ES,Combined TRACON& Tower with Radar,1118,30,18,1,1167,0,0,5,0,5,1118,30,23,1,1172,0,0,0,1172
05/29/2023,MIA,FL,ASO,ES,Combined TRACON& Tower with Radar,1089,81,20,0,1190,0,3,7,0,10,1089,84,27,0,1200,0,0,0,1200
05/30/2023,MIA,FL,ASO,ES,Combined TRACON& Tower with Radar,1027,64,23,0,1114,1,5,11,0,17,1028,69,34,0,1131,0,0,0,1131
05/31/2023,MIA,FL,ASO,ES,Combined TRACON& Tower with Radar,1166,45,22,1,1234,0,0,0,0,0,1166,45,22,1,1234,0,0,0,1234
06/01/2023,MIA,FL,ASO,ES,Combined TRACON& Tower with Radar,1218,78,26,0,1322,0,0,3,0,3,1218,78,29,0,1325,0,0,0,1325
06/02/2023,MIA,FL,ASO,ES,Combined TRACON& Tower with Radar,1154,56,15,0,1225,2,2,6,1,11,1156,58,21,1,1236,0,0,0,1236
06/03/2023,MIA,FL,ASO,ES,Combined TRACON& Tower with Radar,1162,31,18,0,1211,0,0,4,0,4,1162,31,22,0,1215,0,0,0,1215
06/04/2023,MIA,FL,ASO,ES,Combined TRACON& Tower with Radar,1126,44,35,0,1205,0,0,5,1,6,1126,44,40,1,1211,0,0,0,1211
06/05/2023,MIA,FL,ASO,ES,Combined TRACON& Tower with Radar,1103,59,22,4,1188,0,0,7,0,7,1103,59,29,4,1195,0,0,0,1195
06/06/2023,MIA,FL,ASO,ES,Combined TRACON& Tower with Radar,1118,52,21,0,1191,1,1,0,0,2,1119,53,21,0,1193,0,0,0,1193
06/07/2023,MIA,FL,ASO,ES,Combined TRACON& Tower with Radar,1157,59,51,0,1267,0,0,1,0,1,1157,59,52,0,1268,0,0,0,1268
06/08/2023,MIA,FL,ASO,ES,Combined TRACON& Tower with Radar,1143,63,23,3,1232,4,4,5,0,13,1147,67,28,3,1245,0,0,0,1245
06/09/2023,MIA,FL,ASO,ES,Combined TRACON& Tower with Radar,1174,72,32,0,1278,8,2,5,0,15,1182,74,37,0,1293,0,0,0,1293
06/10/2023,MIA,FL,ASO,ES,Combined TRACON& Tower with Radar,1196,46,32,1,1275,7,4,18,0,29,1203,50,50,1,1304,0,0,0,1304
06/11/2023,MIA,FL,ASO,ES,Combined TRACON& Tower with Radar,1121,55,39,4,1219,8,2,6,0,16,1129,57,45,4,1235,0,0,0,1235
06/12/2023,MIA,FL,ASO,ES,Combined TRACON& Tower with Radar,1092,53,17,1,1163,7,1,2,0,10,1099,54,19,1,1173,0,0,0,1173
06/13/2023,MIA,FL,ASO,ES,Combined TRACON& Tower with Radar,1135,71,10,2,1218,6,1,5,0,12,1141,72,15,2,1230,0,0,0,1230
06/14/2023,MIA,FL,ASO,ES,Combined TRACON& Tower with Radar,1122,60,31,0,1213,5,0,7,0,12,1127,60,38,0,1225,0,0,0,1225
06/15/2023,MIA,FL,ASO,ES,Combined TRACON& Tower with Radar,1138,63,27,0,1228,5,0,3,0,8,1143,63,30,0,1236,0,0,0,1236
06/16/2023,MIA,FL,ASO,ES,Combined TRACON& Tower with Radar,1120,56,18,5,1199,5,4,4,0,13,1125,60,22,5,1212,0,0,0,1212
06/17/2023,MIA,FL,ASO,ES,Combined TRACON& Tower with Radar,1090,28,15,0,1133,5,2,3,0,10,1095,30,18,0,1143,0,0,0,1143
06/18/2023,MIA,FL,ASO,ES,Combined TRACON& Tower with Radar,1178,38,15,0,1231,7,1,4,0,12,1185,39,19,0,1243,0,0,0,1243
06/19/2023,MIA,FL,ASO,ES,Combined TRACON& Tower with Radar,860,28,16,0,904,5,1,0,0,6,865,29,16,0,910,0,0,0,910
06/20/2023,MIA,FL,ASO,ES,Combined TRACON& Tower with Radar,1056,53,18,1,1128,4,3,1,0,8,1060,56,19,1,1136,0,0,0,1136
06/21/2023,MIA,FL,ASO,ES,Combined TRACON& Tower with Radar,1171,54,26,1,1252,5,0,2,0,7,1176,54,28,1,1259,0,0,0,1259
06/22/2023,MIA,FL,ASO,ES,Combined TRACON& Tower with Radar,1140,65,31,2,1238,6,2,1,0,9,1146,67,32,2,1247,0,0,0,1247
06/23/2023,MIA,FL,ASO,ES,Combined TRACON& Tower with Radar,1148,56,17,2,1223,7,1,4,0,12,1155,57,21,2,1235,0,0,0,1235
06/24/2023,MIA,FL,ASO,ES,Combined TRACON& Tower with Radar,1130,48,15,0,1193,7,0,4,0,11,1137,48,19,0,1204,0,0,0,1204
06/25/2023,MIA,FL,ASO,ES,Combined TRACON& Tower with Radar,1041,34,22,0,1097,5,0,1,0,6,1046,34,23,0,1103,0,0,0,1103
06/26/2023,MIA,FL,ASO,ES,Combined TRACON& Tower with Radar,1075,55,26,3,1159,4,5,2,0,11,1079,60,28,3,1170,0,0,0,1170
06/27/2023,MIA,FL,ASO,ES,Combined TRACON& Tower with Radar,1063,48,20,0,1131,4,3,3,0,10,1067,51,23,0,1141,0,0,0,1141
06/28/2023,MIA,FL,ASO,ES,Combined TRACON& Tower with Radar,1105,45,27,1,1178,3,2,1,0,6,1108,47,28,1,1184,0,0,0,1184
06/29/2023,MIA,FL,ASO,ES,Combined TRACON& Tower with Radar,1159,53,32,2,1246,5,2,5,0,12,1164,55,37,2,1258,0,0,0,1258
06/30/2023,MIA,FL,ASO,ES,Combined TRACON& Tower with Radar,1133,70,23,0,1226,6,2,2,0,10,1139,72,25,0,1236,0,0,0,1236
07/01/2023,MIA,FL,ASO,ES,Combined TRACON& Tower with Radar,1172,45,22,0,1239,5,0,5,0,10,1177,45,27,0,1249,0,0,0,1249
07/02/2023,MIA,FL,ASO,ES,Combined TRACON& Tower with Radar,1121,28,27,2,1178,2,0,8,0,10,1123,28,35,2,1188,0,0,0,1188
07/03/2023,MIA,FL,ASO,ES,Combined TRACON& Tower with Radar,1111,53,18,0,1182,6,1,4,0,11,1117,54,22,0,1193,0,0,0,1193
07/04/2023,MIA,FL,ASO,ES,Combined TRACON& Tower with Radar,1043,28,11,0,1082,4,1,1,2,8,1047,29,12,2,1090,0,0,0,1090
07/05/2023,MIA,FL,ASO,ES,Combined TRACON& Tower with Radar,1114,53,23,1,1191,2,4,5,0,11,1116,57,28,1,1202,0,0,0,1202
07/06/2023,MIA,FL,ASO,ES,Combined TRACON& Tower with Radar,1174,58,21,2,1255,6,1,0,1,8,1180,59,21,3,1263,0,0,0,1263
07/07/2023,MIA,FL,ASO,ES,Combined TRACON& Tower with Radar,1150,54,14,0,1218,6,2,7,2,17,1156,56,21,2,1235,0,0,0,1235
07/08/2023,MIA,FL,ASO,ES,Combined TRACON& Tower with Radar,1212,40,17,0,1269,4,0,0,0,4,1216,40,17,0,1273,0,0,0,1273
07/09/2023,MIA,FL,ASO,ES,Combined TRACON& Tower with Radar,1123,46,27,0,1196,7,0,1,1,9,1130,46,28,1,1205,0,0,0,1205
07/10/2023,MIA,FL,ASO,ES,Combined TRACON& Tower with Radar,1077,39,22,1,1139,3,0,0,0,3,1080,39,22,1,1142,0,0,0,1142
07/11/2023,MIA,FL,ASO,ES,Combined TRACON& Tower with Radar,1136,45,16,0,1197,4,4,4,0,12,1140,49,20,0,1209,0,0,0,1209
07/12/2023,MIA,FL,ASO,ES,Combined TRACON& Tower with Radar,1142,46,28,2,1218,5,1,8,0,14,1147,47,36,2,1232,0,0,0,1232
07/13/2023,MIA,FL,ASO,ES,Combined TRACON& Tower with Radar,1154,49,21,1,1225,4,3,2,0,9,1158,52,23,1,1234,0,0,0,1234
07/14/2023,MIA,FL,ASO,ES,Combined TRACON& Tower with Radar,1141,47,21,2,1211,7,4,6,0,17,1148,51,27,2,1228,0,0,0,1228
07/15/2023,MIA,FL,ASO,ES,Combined TRACON& Tower with Radar,1175,36,26,0,1237,6,0,1,0,7,1181,36,27,0,1244,0,0,0,1244
07/16/2023,MIA,FL,ASO,ES,Combined TRACON& Tower with Radar,1054,26,29,2,1111,6,2,5,0,13,1060,28,34,2,1124,0,0,0,1124
07/17/2023,MIA,FL,ASO,ES,Combined TRACON& Tower with Radar,1093,54,27,2,1176,3,0,15,0,18,1096,54,42,2,1194,0,0,0,1194
07/18/2023,MIA,FL,ASO,ES,Combined TRACON& Tower with Radar,1122,46,27,3,1198,0,3,8,0,11,1122,49,35,3,1209,0,0,0,1209
07/19/2023,MIA,FL,ASO,ES,Combined TRACON& Tower with Radar,1158,37,26,0,1221,2,1,0,0,3,1160,38,26,0,1224,0,0,0,1224
07/20/2023,MIA,FL,ASO,ES,Combined TRACON& Tower with Radar,1177,49,21,2,1249,2,0,2,0,4,1179,49,23,2,1253,0,0,0,1253
07/21/2023,MIA,FL,ASO,ES,Combined TRACON& Tower with Radar,1173,64,23,3,1263,3,2,0,0,5,1176,66,23,3,1268,0,0,0,1268
07/22/2023,MIA,FL,ASO,ES,Combined TRACON& Tower with Radar,1190,42,25,1,1258,2,0,2,0,4,1192,42,27,1,1262,0,0,0,1262
07/23/2023,MIA,FL,ASO,ES,Combined TRACON& Tower with Radar,1148,42,20,0,1210,2,2,4,0,8,1150,44,24,0,1218,0,0,0,1218
07/24/2023,MIA,FL,ASO,ES,Combined TRACON& Tower with Radar,1131,50,22,2,1205,2,1,4,1,8,1133,51,26,3,1213,0,0,0,1213
07/25/2023,MIA,FL,ASO,ES,Combined TRACON& Tower with Radar,1108,59,18,2,1187,1,0,6,2,9,1109,59,24,4,1196,0,0,0,1196
07/26/2023,MIA,FL,ASO,ES,Combined TRACON& Tower with Radar,1143,39,25,2,1209,5,0,0,0,5,1148,39,25,2,1214,0,0,0,1214
07/27/2023,MIA,FL,ASO,ES,Combined TRACON& Tower with Radar,1189,59,20,3,1271,3,1,3,0,7,1192,60,23,3,1278,0,0,0,1278
07/28/2023,MIA,FL,ASO,ES,Combined TRACON& Tower with Radar,1164,50,21,2,1237,5,2,8,0,15,1169,52,29,2,1252,0,0,0,1252
07/29/2023,MIA,FL,ASO,ES,Combined TRACON& Tower with Radar,1184,39,23,0,1246,2,2,3,0,7,1186,41,26,0,1253,0,0,0,1253
07/30/2023,MIA,FL,ASO,ES,Combined TRACON& Tower with Radar,1152,42,15,0,1209,2,0,6,0,8,1154,42,21,0,1217,0,0,0,1217
07/31/2023,MIA,FL,ASO,ES,Combined TRACON& Tower with Radar,1109,46,24,2,1181,1,0,5,0,6,1110,46,29,2,1187,0,0,0,1187
08/01/2023,MIA,FL,ASO,ES,Combined TRACON& Tower with Radar,1101,46,21,0,1168,1,1,4,0,6,1102,47,25,0,1174,0,0,0,1174
08/02/2023,MIA,FL,ASO,ES,Combined TRACON& Tower with Radar,1154,57,23,0,1234,0,1,0,0,1,1154,58,23,0,1235,0,0,0,1235
08/03/2023,MIA,FL,ASO,ES,Combined TRACON& Tower with Radar,1188,47,22,0,1257,5,0,8,0,13,1193,47,30,0,1270,0,0,0,1270
08/04/2023,MIA,FL,ASO,ES,Combined TRACON& Tower with Radar,1160,56,19,2,1237,3,3,2,0,8,1163,59,21,2,1245,0,0,0,1245
08/05/2023,MIA,FL,ASO,ES,Combined TRACON& Tower with Radar,1211,38,15,0,1264,2,1,5,0,8,1213,39,20,0,1272,0,0,0,1272
08/06/2023,MIA,FL,ASO,ES,Combined TRACON& Tower with Radar,1151,30,18,0,1199,3,0,0,0,3,1154,30,18,0,1202,0,0,0,1202
08/07/2023,MIA,FL,ASO,ES,Combined TRACON& Tower with Radar,1081,43,11,0,1135,3,0,2,0,5,1084,43,13,0,1140,0,0,0,1140
08/08/2023,MIA,FL,ASO,ES,Combined TRACON& Tower with Radar,1142,32,25,0,1199,0,0,1,0,1,1142,32,26,0,1200,0,0,0,1200
08/09/2023,MIA,FL,ASO,ES,Combined TRACON& Tower with Radar,1153,46,24,1,1224,1,0,2,0,3,1154,46,26,1,1227,0,0,0,1227
08/10/2023,MIA,FL,ASO,ES,Combined TRACON& Tower with Radar,1172,61,15,2,1250,3,5,2,0,10,1175,66,17,2,1260,0,0,0,1260
08/11/2023,MIA,FL,ASO,ES,Combined TRACON& Tower with Radar,1176,68,21,2,1267,5,2,9,0,16,1181,70,30,2,1283,0,0,0,1283
08/12/2023,MIA,FL,ASO,ES,Combined TRACON& Tower with Radar,1185,48,16,0,1249,1,0,2,0,3,1186,48,18,0,1252,0,0,0,1252
08/13/2023,MIA,FL,ASO,ES,Combined TRACON& Tower with Radar,1143,49,20,2,1214,5,2,6,0,13,1148,51,26,2,1227,0,0,0,1227
08/14/2023,MIA,FL,ASO,ES,Combined TRACON& Tower with Radar,1096,59,30,0,1185,2,8,2,0,12,1098,67,32,0,1197,0,0,0,1197
08/15/2023,MIA,FL,ASO,ES,Combined TRACON& Tower with Radar,1101,65,14,0,1180,1,2,1,0,4,1102,67,15,0,1184,0,0,0,1184
08/16/2023,MIA,FL,ASO,ES,Combined TRACON& Tower with Radar,1118,56,26,0,1200,0,1,3,0,4,1118,57,29,0,1204,0,0,0,1204
08/17/2023,MIA,FL,ASO,ES,Combined TRACON& Tower with Radar,998,59,28,0,1085,3,0,1,0,4,1001,59,29,0,1089,0,0,0,1089
08/18/2023,MIA,FL,ASO,ES,Combined TRACON& Tower with Radar,1137,57,41,0,1235,5,2,1,0,8,1142,59,42,0,1243,0,0,0,1243
08/19/2023,MIA,FL,ASO,ES,Combined TRACON& Tower with Radar,1169,33,19,1,1222,1,0,2,0,3,1170,33,21,1,1225,0,0,0,1225
08/20/2023,MIA,FL,ASO,ES,Combined TRACON& Tower with Radar,1120,49,19,5,1193,1,1,1,0,3,1121,50,20,5,1196,0,0,0,1196
08/21/2023,MIA,FL,ASO,ES,Combined TRACON& Tower with Radar,1085,39,13,2,1139,0,0,0,0,0,1085,39,13,2,1139,0,0,0,1139
08/22/2023,MIA,FL,ASO,ES,Combined TRACON& Tower with Radar,1093,63,18,0,1174,1,4,3,0,8,1094,67,21,0,1182,0,0,0,1182
08/23/2023,MIA,FL,ASO,ES,Combined TRACON& Tower with Radar,1115,49,23,0,1187,1,2,1,0,4,1116,51,24,0,1191,0,0,0,1191
08/24/2023,MIA,FL,ASO,ES,Combined TRACON& Tower with Radar,1139,61,15,1,1216,2,4,2,0,8,1141,65,17,1,1224,0,0,0,1224
08/25/2023,MIA,FL,ASO,ES,Combined TRACON& Tower with Radar,1147,62,26,4,1239,4,1,0,0,5,1151,63,26,4,1244,0,0,0,1244
08/26/2023,MIA,FL,ASO,ES,Combined TRACON& Tower with Radar,1144,30,10,0,1184,4,0,2,0,6,1148,30,12,0,1190,0,0,0,1190
08/27/2023,MIA,FL,ASO,ES,Combined TRACON& Tower with Radar,1113,38,26,2,1179,5,1,4,0,10,1118,39,30,2,1189,0,0,0,1189
08/28/2023,MIA,FL,ASO,ES,Combined TRACON& Tower with Radar,1063,50,23,0,1136,1,1,2,0,4,1064,51,25,0,1140,0,0,0,1140
08/29/2023,MIA,FL,ASO,ES,Combined TRACON& Tower with Radar,1072,62,20,1,1155,2,2,2,0,6,1074,64,22,1,1161,0,0,0,1161
08/30/2023,MIA,FL,ASO,ES,Combined TRACON& Tower with Radar,1058,39,12,1,1110,4,3,2,0,9,1062,42,14,1,1119,0,0,0,1119
08/31/2023,MIA,FL,ASO,ES,Combined TRACON& Tower with Radar,1150,54,21,1,1226,0,1,2,0,3,1150,55,23,1,1229,0,0,0,1229
01/01/2020,MIA,FL,ASO,ES,Combined TRACON& Tower with Radar,965,117,21,0,1103,0,0,4,0,4,965,117,25,0,1107,0,0,0,1107
01/02/2020,MIA,FL,ASO,ES,Combined TRACON& Tower with Radar,1071,172,37,3,1283,0,3,9,0,12,1071,175,46,3,1295,0,0,0,1295
01/03/2020,MIA,FL,ASO,ES,Combined TRACON& Tower with Radar,1113,159,37,1,1310,0,0,11,0,11,1113,159,48,1,1321,0,0,0,1321
01/04/2020,MIA,FL,ASO,ES,Combined TRACON& Tower with Radar,1100,178,47,0,1325,0,0,4,0,4,1100,178,51,0,1329,0,0,0,1329
01/05/2020,MIA,FL,ASO,ES,Combined TRACON& Tower with Radar,1124,142,65,0,1331,1,0,8,0,9,1125,142,73,0,1340,0,0,0,1340
01/06/2020,MIA,FL,ASO,ES,Combined TRACON& Tower with Radar,1061,161,72,0,1294,0,1,4,0,5,1061,162,76,0,1299,0,0,0,1299
01/07/2020,MIA,FL,ASO,ES,Combined TRACON& Tower with Radar,1000,122,47,2,1171,0,0,3,0,3,1000,122,50,2,1174,0,0,0,1174
01/08/2020,MIA,FL,ASO,ES,Combined TRACON& Tower with Radar,1022,139,61,0,1222,0,2,9,0,11,1022,141,70,0,1233,0,0,0,1233
01/09/2020,MIA,FL,ASO,ES,Combined TRACON& Tower with Radar,1063,139,54,0,1256,0,0,1,0,1,1063,139,55,0,1257,0,0,0,1257
01/10/2020,MIA,FL,ASO,ES,Combined TRACON& Tower with Radar,1029,131,38,2,1200,0,0,7,0,7,1029,131,45,2,1207,0,0,0,1207
01/11/2020,MIA,FL,ASO,ES,Combined TRACON& Tower with Radar,980,103,35,0,1118,0,2,5,0,7,980,105,40,0,1125,0,0,0,1125
01/12/2020,MIA,FL,ASO,ES,Combined TRACON& Tower with Radar,1021,103,31,2,1157,0,1,7,1,9,1021,104,38,3,1166,0,0,0,1166
01/13/2020,MIA,FL,ASO,ES,Combined TRACON& Tower with Radar,998,135,34,2,1169,1,0,4,0,5,999,135,38,2,1174,0,0,0,1174
01/14/2020,MIA,FL,ASO,ES,Combined TRACON& Tower with Radar,983,114,32,1,1130,0,2,6,0,8,983,116,38,1,1138,0,0,0,1138
01/15/2020,MIA,FL,ASO,ES,Combined TRACON& Tower with Radar,1017,132,41,2,1192,0,0,0,0,0,1017,132,41,2,1192,0,0,0,1192
01/16/2020,MIA,FL,ASO,ES,Combined TRACON& Tower with Radar,1064,161,51,0,1276,0,0,4,2,6,1064,161,55,2,1282,0,0,0,1282
01/17/2020,MIA,FL,ASO,ES,Combined TRACON& Tower with Radar,1034,157,54,0,1245,0,0,5,0,5,1034,157,59,0,1250,0,0,0,1250
01/18/2020,MIA,FL,ASO,ES,Combined TRACON& Tower with Radar,1029,118,39,0,1186,0,0,8,0,8,1029,118,47,0,1194,0,0,0,1194
01/19/2020,MIA,FL,ASO,ES,Combined TRACON& Tower with Radar,1042,105,22,0,1169,0,0,4,0,4,1042,105,26,0,1173,0,0,0,1173
01/20/2020,MIA,FL,ASO,ES,Combined TRACON& Tower with Radar,1014,143,63,0,1220,0,1,8,0,9,1014,144,71,0,1229,0,0,0,1229
01/21/2020,MIA,FL,ASO,ES,Combined TRACON& Tower with Radar,999,149,33,2,1183,0,6,3,0,9,999,155,36,2,1192,0,0,0,1192
01/22/2020,MIA,FL,ASO,ES,Combined TRACON& Tower with Radar,1045,127,51,3,1226,0,1,10,0,11,1045,128,61,3,1237,0,0,0,1237
01/23/2020,MIA,FL,ASO,ES,Combined TRACON& Tower with Radar,1063,144,33,5,1245,0,4,5,0,9,1063,148,38,5,1254,0,0,0,1254
01/24/2020,MIA,FL,ASO,ES,Combined TRACON& Tower with Radar,1073,135,37,0,1245,0,0,8,0,8,1073,135,45,0,1253,0,0,0,1253
01/25/2020,MIA,FL,ASO,ES,Combined TRACON& Tower with Radar,1052,119,31,0,1202,0,0,7,0,7,1052,119,38,0,1209,0,0,0,1209
01/26/2020,MIA,FL,ASO,ES,Combined TRACON& Tower with Radar,1050,135,52,1,1238,0,3,14,1,18,1050,138,66,2,1256,0,0,0,1256
01/27/2020,MIA,FL,ASO,ES,Combined TRACON& Tower with Radar,1036,136,48,1,1221,0,0,9,0,9,1036,136,57,1,1230,0,0,0,1230
01/28/2020,MIA,FL,ASO,ES,Combined TRACON& Tower with Radar,1032,125,28,2,1187,0,0,8,2,10,1032,125,36,4,1197,0,0,0,1197
01/29/2020,MIA,FL,ASO,ES,Combined TRACON& Tower with Radar,1057,106,30,3,1196,0,0,16,0,16,1057,106,46,3,1212,0,0,0,1212
01/30/2020,MIA,FL,ASO,ES,Combined TRACON& Tower with Radar,1082,158,56,2,1298,0,1,7,0,8,1082,159,63,2,1306,0,0,0,1306
01/31/2020,MIA,FL,ASO,ES,Combined TRACON& Tower with Radar,1108,147,56,0,1311,1,0,13,0,14,1109,147,69,0,1325,0,0,0,1325
02/01/2020,MIA,FL,ASO,ES,Combined TRACON& Tower with Radar,1100,112,47,0,1259,1,0,0,0,1,1101,112,47,0,1260,0,0,0,1260
02/02/2020,MIA,FL,ASO,ES,Combined TRACON& Tower with Radar,1076,110,44,1,1231,0,0,7,0,7,1076,110,51,1,1238,0,0,0,1238
02/03/2020,MIA,FL,ASO,ES,Combined TRACON& Tower with Radar,1134,182,93,2,1411,0,4,4,0,8,1134,186,97,2,1419,0,0,0,1419
02/04/2020,MIA,FL,ASO,ES,Combined TRACON& Tower with Radar,1048,144,39,2,1233,0,2,10,0,12,1048,146,49,2,1245,0,0,0,1245
02/05/2020,MIA,FL,ASO,ES,Combined TRACON& Tower with Radar,1055,149,68,0,1272,0,0,13,0,13,1055,149,81,0,1285,0,0,0,1285
02/06/2020,MIA,FL,ASO,ES,Combined TRACON& Tower with Radar,1035,137,61,2,1235,0,2,6,0,8,1035,139,67,2,1243,0,0,0,1243
02/07/2020,MIA,FL,ASO,ES,Combined TRACON& Tower with Radar,1054,165,65,0,1284,0,0,5,0,5,1054,165,70,0,1289,0,0,0,1289
02/08/2020,MIA,FL,ASO,ES,Combined TRACON& Tower with Radar,1030,112,31,1,1174,0,0,9,0,9,1030,112,40,1,1183,0,0,0,1183
02/09/2020,MIA,FL,ASO,ES,Combined TRACON& Tower with Radar,1037,132,54,1,1224,0,1,6,0,7,1037,133,60,1,1231,0,0,0,1231
02/10/2020,MIA,FL,ASO,ES,Combined TRACON& Tower with Radar,994,126,46,0,1166,0,0,10,1,11,994,126,56,1,1177,0,0,0,1177
02/11/2020,MIA,FL,ASO,ES,Combined TRACON& Tower with Radar,995,128,45,0,1168,0,0,2,0,2,995,128,47,0,1170,0,0,0,1170
02/12/2020,MIA,FL,ASO,ES,Combined TRACON& Tower with Radar,1042,137,45,1,1225,0,0,16,0,16,1042,137,61,1,1241,0,0,0,1241
02/13/2020,MIA,FL,ASO,ES,Combined TRACON& Tower with Radar,1046,160,75,0,1281,0,7,20,0,27,1046,167,95,0,1308,0,0,0,1308
02/14/2020,MIA,FL,ASO,ES,Combined TRACON& Tower with Radar,1040,155,76,1,1272,0,3,22,0,25,1040,158,98,1,1297,0,0,0,1297
02/15/2020,MIA,FL,ASO,ES,Combined TRACON& Tower with Radar,1023,113,48,0,1184,0,0,4,0,4,1023,113,52,0,1188,0,0,0,1188
02/16/2020,MIA,FL,ASO,ES,Combined TRACON& Tower with Radar,1013,138,51,2,1204,0,0,20,0,20,1013,138,71,2,1224,0,0,0,1224
02/17/2020,MIA,FL,ASO,ES,Combined TRACON& Tower with Radar,1024,177,53,1,1255,0,3,13,0,16,1024,180,66,1,1271,0,0,0,1271
02/18/2020,MIA,FL,ASO,ES,Combined TRACON& Tower with Radar,1017,158,80,2,1257,0,1,6,5,12,1017,159,86,7,1269,0,0,0,1269
02/19/2020,MIA,FL,ASO,ES,Combined TRACON& Tower with Radar,1046,143,61,1,1251,0,1,10,0,11,1046,144,71,1,1262,0,0,0,1262
02/20/2020,MIA,FL,ASO,ES,Combined TRACON& Tower with Radar,1062,164,59,1,1286,0,0,2,0,2,1062,164,61,1,1288,0,0,0,1288
02/21/2020,MIA,FL,ASO,ES,Combined TRACON& Tower with Radar,1060,141,48,0,1249,0,2,5,0,7,1060,143,53,0,1256,0,0,0,1256
02/22/2020,MIA,FL,ASO,ES,Combined TRACON& Tower with Radar,1031,102,23,0,1156,0,0,3,1,4,1031,102,26,1,1160,0,0,0,1160
02/23/2020,MIA,FL,ASO,ES,Combined TRACON& Tower with Radar,1026,125,42,3,1196,0,2,3,0,5,1026,127,45,3,1201,0,0,0,1201
02/24/2020,MIA,FL,ASO,ES,Combined TRACON& Tower with Radar,1027,130,39,4,1200,0,1,6,0,7,1027,131,45,4,1207,0,0,0,1207
02/25/2020,MIA,FL,ASO,ES,Combined TRACON& Tower with Radar,1005,137,27,2,1171,0,0,12,0,12,1005,137,39,2,1183,0,0,0,1183
02/26/2020,MIA,FL,ASO,ES,Combined TRACON& Tower with Radar,1040,140,47,1,1228,0,1,6,0,7,1040,141,53,1,1235,0,0,0,1235
02/27/2020,MIA,FL,ASO,ES,Combined TRACON& Tower with Radar,1063,159,50,2,1274,0,0,4,0,4,1063,159,54,2,1278,0,0,0,1278
02/28/2020,MIA,FL,ASO,ES,Combined TRACON& Tower with Radar,1065,144,47,3,1259,0,3,8,1,12,1065,147,55,4,1271,0,0,0,1271
02/29/2020,MIA,FL,ASO,ES,Combined TRACON& Tower with Radar,1032,101,38,0,1171,0,0,8,0,8,1032,101,46,0,1179,0,0,0,1179
03/01/2020,MIA,FL,ASO,ES,Combined TRACON& Tower with Radar,1030,124,31,0,1185,1,0,3,0,4,1031,124,34,0,1189,0,0,0,1189
03/02/2020,MIA,FL,ASO,ES,Combined TRACON& Tower with Radar,1010,130,24,3,1167,0,1,7,0,8,1010,131,31,3,1175,0,0,0,1175
03/03/2020,MIA,FL,ASO,ES,Combined TRACON& Tower with Radar,1014,139,43,3,1199,0,0,17,0,17,1014,139,60,3,1216,0,0,0,1216
03/04/2020,MIA,FL,ASO,ES,Combined TRACON& Tower with Radar,1037,140,46,1,1224,0,1,11,0,12,1037,141,57,1,1236,0,0,0,1236
03/05/2020,MIA,FL,ASO,ES,Combined TRACON& Tower with Radar,1075,139,33,0,1247,0,0,10,0,10,1075,139,43,0,1257,0,0,0,1257
03/06/2020,MIA,FL,ASO,ES,Combined TRACON& Tower with Radar,1051,135,38,4,1228,0,0,3,0,3,1051,135,41,4,1231,0,0,0,1231
03/07/2020,MIA,FL,ASO,ES,Combined TRACON& Tower with Radar,1028,101,19,0,1148,1,0,1,0,2,1029,101,20,0,1150,0,0,0,1150
03/08/2020,MIA,FL,ASO,ES,Combined TRACON& Tower with Radar,1038,129,45,0,1212,0,0,6,0,6,1038,129,51,0,1218,0,0,0,1218
03/09/2020,MIA,FL,ASO,ES,Combined TRACON& Tower with Radar,1009,140,30,4,1183,0,1,1,0,2,1009,141,31,4,1185,0,0,0,1185
03/10/2020,MIA,FL,ASO,ES,Combined TRACON& Tower with Radar,1031,126,39,3,1199,0,1,11,0,12,1031,127,50,3,1211,0,0,0,1211
03/11/2020,MIA,FL,ASO,ES,Combined TRACON& Tower with Radar,1029,142,31,2,1204,0,0,11,0,11,1029,142,42,2,1215,0,0,0,1215
03/12/2020,MIA,FL,ASO,ES,Combined TRACON& Tower with Radar,1063,143,48,0,1254,0,2,7,0,9,1063,145,55,0,1263,0,0,0,1263
03/13/2020,MIA,FL,ASO,ES,Combined TRACON& Tower with Radar,1044,174,52,0,1270,0,5,11,0,16,1044,179,63,0,1286,0,0,0,1286
03/14/2020,MIA,FL,ASO,ES,Combined TRACON& Tower with Radar,990,114,36,0,1140,0,0,2,0,2,990,114,38,0,1142,0,0,0,1142
03/15/2020,MIA,FL,ASO,ES,Combined TRACON& Tower with Radar,1007,114,40,2,1163,0,0,4,0,4,1007,114,44,2,1167,0,0,0,1167
03/16/2020,MIA,FL,ASO,ES,Combined TRACON& Tower with Radar,966,128,32,0,1126,0,0,1,0,1,966,128,33,0,1127,0,0,0,1127
03/17/2020,MIA,FL,ASO,ES,Combined TRACON& Tower with Radar,903,137,30,0,1070,0,0,2,0,2,903,137,32,0,1072,0,0,0,1072
03/18/2020,MIA,FL,ASO,ES,Combined TRACON& Tower with Radar,860,127,40,1,1028,0,1,2,1,4,860,128,42,2,1032,0,0,0,1032
03/19/2020,MIA,FL,ASO,ES,Combined TRACON& Tower with Radar,871,122,27,0,1020,0,0,1,0,1,871,122,28,0,1021,0,0,0,1021
03/20/2020,MIA,FL,ASO,ES,Combined TRACON& Tower with Radar,790,117,21,0,928,0,0,2,0,2,790,117,23,0,930,0,0,0,930
03/21/2020,MIA,FL,ASO,ES,Combined TRACON& Tower with Radar,691,76,15,0,782,1,0,1,0,2,692,76,16,0,784,0,0,0,784
03/22/2020,MIA,FL,ASO,ES,Combined TRACON& Tower with Radar,713,66,23,1,803,0,0,2,0,2,713,66,25,1,805,0,0,0,805
03/23/2020,MIA,FL,ASO,ES,Combined TRACON& Tower with Radar,540,80,5,1,626,0,0,1,0,1,540,80,6,1,627,0,0,0,627
03/24/2020,MIA,FL,ASO,ES,Combined TRACON& Tower with Radar,528,73,2,5,608,0,2,2,0,4,528,75,4,5,612,0,0,0,612
03/25/2020,MIA,FL,ASO,ES,Combined TRACON& Tower with Radar,470,73,1,1,545,0,2,3,0,5,470,75,4,1,550,0,0,0,550
03/26/2020,MIA,FL,ASO,ES,Combined TRACON& Tower with Radar,471,77,15,0,563,0,2,2,0,4,471,79,17,0,567,0,0,0,567
03/27/2020,MIA,FL,ASO,ES,Combined TRACON& Tower with Radar,394,61,5,0,460,0,4,3,0,7,394,65,8,0,467,0,0,0,467
03/28/2020,MIA,FL,ASO,ES,Combined TRACON& Tower with Radar,366,35,7,2,410,0,1,2,1,4,366,36,9,3,414,0,0,0,414
03/29/2020,MIA,FL,ASO,ES,Combined TRACON& Tower with Radar,362,24,9,0,395,0,0,2,0,2,362,24,11,0,397,0,0,0,397
03/30/2020,MIA,FL,ASO,ES,Combined TRACON& Tower with Radar,351,43,7,0,401,0,0,0,0,0,351,43,7,0,401,0,0,0,401
03/31/2020,MIA,FL,ASO,ES,Combined TRACON& Tower with Radar,353,25,5,0,383,0,0,0,0,0,353,25,5,0,383,0,0,0,383
04/01/2020,MIA,FL,ASO,ES,Combined TRACON& Tower with Radar,427,33,14,0,474,0,0,4,0,4,427,33,18,0,478,0,0,0,478
04/02/2020,MIA,FL,ASO,ES,Combined TRACON& Tower with Radar,334,30,4,2,370,0,0,4,0,4,334,30,8,2,374,0,0,0,374
04/03/2020,MIA,FL,ASO,ES,Combined TRACON& Tower with Radar,332,33,13,1,379,0,1,2,1,4,332,34,15,2,383,0,0,0,383
04/04/2020,MIA,FL,ASO,ES,Combined TRACON& Tower with Radar,324,15,4,0,343,0,0,3,0,3,324,15,7,0,346,0,0,0,346
04/05/2020,MIA,FL,ASO,ES,Combined TRACON& Tower with Radar,356,5,1,0,362,0,0,2,0,2,356,5,3,0,364,0,0,0,364
04/06/2020,MIA,FL,ASO,ES,Combined TRACON& Tower with Radar,334,28,3,2,367,0,0,2,2,4,334,28,5,4,371,0,0,0,371
04/07/2020,MIA,FL,ASO,ES,Combined TRACON& Tower with Radar,318,28,5,0,351,0,3,0,0,3,318,31,5,0,354,0,0,0,354
04/08/2020,MIA,FL,ASO,ES,Combined TRACON& Tower with Radar,347,29,11,5,392,0,0,2,1,3,347,29,13,6,395,0,0,0,395
04/09/2020,MIA,FL,ASO,ES,Combined TRACON& Tower with Radar,359,22,10,0,391,0,0,1,0,1,359,22,11,0,392,0,0,0,392
04/10/2020,MIA,FL,ASO,ES,Combined TRACON& Tower with Radar,286,11,8,0,305,0,1,0,0,1,286,12,8,0,306,0,0,0,306
04/11/2020,MIA,FL,ASO,ES,Combined TRACON& Tower with Radar,266,11,8,0,285,0,0,4,0,4,266,11,12,0,289,0,0,0,289
04/12/2020,MIA,FL,ASO,ES,Combined TRACON& Tower with Radar,285,7,9,0,301,0,0,0,0,0,285,7,9,0,301,0,0,0,301
04/13/2020,MIA,FL,ASO,ES,Combined TRACON& Tower with Radar,296,16,10,0,322,0,0,4,2,6,296,16,14,2,328,0,0,0,328
04/14/2020,MIA,FL,ASO,ES,Combined TRACON& Tower with Radar,303,22,7,0,332,0,0,0,0,0,303,22,7,0,332,0,0,0,332
04/15/2020,MIA,FL,ASO,ES,Combined TRACON& Tower with Radar,316,21,15,0,352,0,0,10,0,10,316,21,25,0,362,0,0,0,362
04/16/2020,MIA,FL,ASO,ES,Combined TRACON& Tower with Radar,308,21,11,0,340,0,0,2,0,2,308,21,13,0,342,0,0,0,342
04/17/2020,MIA,FL,ASO,ES,Combined TRACON& Tower with Radar,316,25,12,0,353,0,0,3,0,3,316,25,15,0,356,0,0,0,356
04/18/2020,MIA,FL,ASO,ES,Combined TRACON& Tower with Radar,285,12,8,0,305,0,0,11,0,11,285,12,19,0,316,0,0,0,316
04/19/2020,MIA,FL,ASO,ES,Combined TRACON& Tower with Radar,285,7,10,2,304,0,0,7,2,9,285,7,17,4,313,0,0,0,313
04/20/2020,MIA,FL,ASO,ES,Combined TRACON& Tower with Radar,288,28,3,0,319,0,0,0,0,0,288,28,3,0,319,0,0,0,319
04/21/2020,MIA,FL,ASO,ES,Combined TRACON& Tower with Radar,299,19,4,0,322,0,1,3,0,4,299,20,7,0,326,0,0,0,326
04/22/2020,MIA,FL,ASO,ES,Combined TRACON& Tower with Radar,323,24,7,0,354,0,0,13,0,13,323,24,20,0,367,0,0,0,367
04/23/2020,MIA,FL,ASO,ES,Combined TRACON& Tower with Radar,319,30,6,2,357,0,5,5,0,10,319,35,11,2,367,0,0,0,367
04/24/2020,MIA,FL,ASO,ES,Combined TRACON& Tower with Radar,321,26,8,0,355,0,0,11,0,11,321,26,19,0,366,0,0,0,366
04/25/2020,MIA,FL,ASO,ES,Combined TRACON& Tower with Radar,316,4,6,1,327,0,0,4,0,4,316,4,10,1,331,0,0,0,331
04/26/2020,MIA,FL,ASO,ES,Combined TRACON& Tower with Radar,290,7,11,0,308,0,0,2,0,2,290,7,13,0,310,0,0,0,310
04/27/2020,MIA,FL,ASO,ES,Combined TRACON& Tower with Radar,290,23,6,0,319,0,0,12,0,12,290,23,18,0,331,0,0,0,331
04/28/2020,MIA,FL,ASO,ES,Combined TRACON& Tower with Radar,305,24,10,0,339,0,0,10,0,10,305,24,20,0,349,0,0,0,349
04/29/2020,MIA,FL,ASO,ES,Combined TRACON& Tower with Radar,338,32,8,0,378,0,0,11,0,11,338,32,19,0,389,0,0,0,389
04/30/2020,MIA,FL,ASO,ES,Combined TRACON& Tower with Radar,335,26,1,0,362,0,0,8,0,8,335,26,9,0,370,0,0,0,370
05/01/2020,MIA,FL,ASO,ES,Combined TRACON& Tower with Radar,361,27,13,0,401,0,0,10,0,10,361,27,23,0,411,0,0,0,411
05/02/2020,MIA,FL,ASO,ES,Combined TRACON& Tower with Radar,349,21,11,0,381,0,0,9,0,9,349,21,20,0,390,0,0,0,390
05/03/2020,MIA,FL,ASO,ES,Combined TRACON& Tower with Radar,334,19,13,0,366,0,1,8,0,9,334,20,21,0,375,0,0,0,375
05/04/2020,MIA,FL,ASO,ES,Combined TRACON& Tower with Radar,331,34,11,0,376,0,2,0,0,2,331,36,11,0,378,0,0,0,378
05/05/2020,MIA,FL,ASO,ES,Combined TRACON& Tower with Radar,231,27,11,0,269,0,0,0,0,0,231,27,11,0,269,0,0,0,269
05/06/2020,MIA,FL,ASO,ES,Combined TRACON& Tower with Radar,260,21,6,0,287,0,0,2,0,2,260,21,8,0,289,0,0,0,289
05/07/2020,MIA,FL,ASO,ES,Combined TRACON& Tower with Radar,331,28,9,2,370,0,0,7,0,7,331,28,16,2,377,0,0,0,377
05/08/2020,MIA,FL,ASO,ES,Combined TRACON& Tower with Radar,279,30,9,0,318,0,0,8,0,8,279,30,17,0,326,0,0,0,326
05/09/2020,MIA,FL,ASO,ES,Combined TRACON& Tower with Radar,254,13,5,2,274,0,0,3,0,3,254,13,8,2,277,0,0,0,277
05/10/2020,MIA,FL,ASO,ES,Combined TRACON& Tower with Radar,262,16,3,0,281,0,0,0,0,0,262,16,3,0,281,0,0,0,281
05/11/2020,MIA,FL,ASO,ES,Combined TRACON& Tower with Radar,254,29,6,1,290,0,0,5,0,5,254,29,11,1,295,0,0,0,295
05/12/2020,MIA,FL,ASO,ES,Combined TRACON& Tower with Radar,245,26,7,0,278,0,0,2,4,6,245,26,9,4,284,0,0,0,284
05/13/2020,MIA,FL,ASO,ES,Combined TRACON& Tower with Radar,309,29,5,8,351,0,0,4,0,4,309,29,9,8,355,0,0,0,355
05/14/2020,MIA,FL,ASO,ES,Combined TRACON& Tower with Radar,313,32,22,0,367,0,0,2,0,2,313,32,24,0,369,0,0,0,369
05/15/2020,MIA,FL,ASO,ES,Combined TRACON& Tower with Radar,286,41,11,0,338,0,0,3,0,3,286,41,14,0,341,0,0,0,341
05/16/2020,MIA,FL,ASO,ES,Combined TRACON& Tower with Radar,256,15,10,0,281,0,0,1,0,1,256,15,11,0,282,0,0,0,282
05/17/2020,MIA,FL,ASO,ES,Combined TRACON& Tower with Radar,247,18,5,0,270,0,0,1,0,1,247,18,6,0,271,0,0,0,271
05/18/2020,MIA,FL,ASO,ES,Combined TRACON& Tower with Radar,265,30,12,1,308,0,0,3,0,3,265,30,15,1,311,0,0,0,311
05/19/2020,MIA,FL,ASO,ES,Combined TRACON& Tower with Radar,259,34,8,2,303,0,0,0,0,0,259,34,8,2,303,0,0,0,303
05/20/2020,MIA,FL,ASO,ES,Combined TRACON& Tower with Radar,303,38,11,2,354,0,0,4,0,4,303,38,15,2,358,0,0,0,358
05/21/2020,MIA,FL,ASO,ES,Combined TRACON& Tower with Radar,335,25,18,2,380,0,0,4,0,4,335,25,22,2,384,0,0,0,384
05/22/2020,MIA,FL,ASO,ES,Combined TRACON& Tower with Radar,287,43,15,0,345,0,0,2,0,2,287,43,17,0,347,0,0,0,347
05/23/2020,MIA,FL,ASO,ES,Combined TRACON& Tower with Radar,262,17,3,1,283,0,1,4,0,5,262,18,7,1,288,0,0,0,288
05/24/2020,MIA,FL,ASO,ES,Combined TRACON& Tower with Radar,250,11,11,0,272,0,0,0,0,0,250,11,11,0,272,0,0,0,272
05/25/2020,MIA,FL,ASO,ES,Combined TRACON& Tower with Radar,236,28,10,0,274,0,0,0,0,0,236,28,10,0,274,0,0,0,274
05/26/2020,MIA,FL,ASO,ES,Combined TRACON& Tower with Radar,209,37,15,0,261,0,1,10,0,11,209,38,25,0,272,0,0,0,272
05/27/2020,MIA,FL,ASO,ES,Combined TRACON& Tower with Radar,299,31,11,4,345,0,0,4,0,4,299,31,15,4,349,0,0,0,349
05/28/2020,MIA,FL,ASO,ES,Combined TRACON& Tower with Radar,313,44,11,4,372,0,0,4,0,4,313,44,15,4,376,0,0,0,376
05/29/2020,MIA,FL,ASO,ES,Combined TRACON& Tower with Radar,274,46,15,0,335,0,0,10,0,10,274,46,25,0,345,0,0,0,345
05/30/2020,MIA,FL,ASO,ES,Combined TRACON& Tower with Radar,256,22,18,0,296,0,0,2,0,2,256,22,20,0,298,0,0,0,298
05/31/2020,MIA,FL,ASO,ES,Combined TRACON& Tower with Radar,255,23,8,3,289,0,1,4,1,6,255,24,12,4,295,0,0,0,295
06/01/2020,MIA,FL,ASO,ES,Combined TRACON& Tower with Radar,247,31,18,1,297,0,0,2,0,2,247,31,20,1,299,0,0,0,299
06/02/2020,MIA,FL,ASO,ES,Combined TRACON& Tower with Radar,259,42,23,0,324,0,0,2,0,2,259,42,25,0,326,0,0,0,326
06/03/2020,MIA,FL,ASO,ES,Combined TRACON& Tower with Radar,311,45,10,0,366,0,0,1,1,2,311,45,11,1,368,0,0,0,368
06/04/2020,MIA,FL,ASO,ES,Combined TRACON& Tower with Radar,383,47,19,2,451,0,2,0,0,2,383,49,19,2,453,0,0,0,453
06/05/2020,MIA,FL,ASO,ES,Combined TRACON& Tower with Radar,393,75,16,0,484,0,0,0,0,0,393,75,16,0,484,0,0,0,484
06/06/2020,MIA,FL,ASO,ES,Combined TRACON& Tower with Radar,358,44,2,0,404,0,0,6,0,6,358,44,8,0,410,0,0,0,410
06/07/2020,MIA,FL,ASO,ES,Combined TRACON& Tower with Radar,361,39,14,2,416,0,0,3,4,7,361,39,17,6,423,0,0,0,423
06/08/2020,MIA,FL,ASO,ES,Combined TRACON& Tower with Radar,330,66,11,2,409,0,1,2,0,3,330,67,13,2,412,0,0,0,412
06/09/2020,MIA,FL,ASO,ES,Combined TRACON& Tower with Radar,379,54,10,0,443,0,2,2,0,4,379,56,12,0,447,0,0,0,447
06/10/2020,MIA,FL,ASO,ES,Combined TRACON& Tower with Radar,391,68,12,1,472,0,0,4,0,4,391,68,16,1,476,0,0,0,476
06/11/2020,MIA,FL,ASO,ES,Combined TRACON& Tower with Radar,401,65,15,1,482,0,0,1,0,1,401,65,16,1,483,0,0,0,483
06/12/2020,MIA,FL,ASO,ES,Combined TRACON& Tower with Radar,376,71,28,6,481,0,2,8,0,10,376,73,36,6,491,0,0,0,491
06/13/2020,MIA,FL,ASO,ES,Combined TRACON& Tower with Radar,359,41,20,0,420,0,0,2,0,2,359,41,22,0,422,0,0,0,422
06/14/2020,MIA,FL,ASO,ES,Combined TRACON& Tower with Radar,356,57,16,4,433,0,1,6,0,7,356,58,22,4,440,0,0,0,440
06/15/2020,MIA,FL,ASO,ES,Combined TRACON& Tower with Radar,341,68,18,0,427,0,4,1,0,5,341,72,19,0,432,0,0,0,432
06/16/2020,MIA,FL,ASO,ES,Combined TRACON& Tower with Radar,365,68,10,0,443,0,0,4,0,4,365,68,14,0,447,0,0,0,447
06/17/2020,MIA,FL,ASO,ES,Combined TRACON& Tower with Radar,392,63,22,1,478,0,0,4,0,4,392,63,26,1,482,0,0,0,482
06/18/2020,MIA,FL,ASO,ES,Combined TRACON& Tower with Radar,403,64,16,4,487,0,0,1,0,1,403,64,17,4,488,0,0,0,488
06/19/2020,MIA,FL,ASO,ES,Combined TRACON& Tower with Radar,385,82,21,1,489,0,0,6,0,6,385,82,27,1,495,0,0,0,495
06/20/2020,MIA,FL,ASO,ES,Combined TRACON& Tower with Radar,374,53,8,1,436,0,0,6,0,6,374,53,14,1,442,0,0,0,442
06/21/2020,MIA,FL,ASO,ES,Combined TRACON& Tower with Radar,362,46,9,2,419,0,0,10,0,10,362,46,19,2,429,0,0,0,429
06/22/2020,MIA,FL,ASO,ES,Combined TRACON& Tower with Radar,351,65,18,1,435,0,0,7,0,7,351,65,25,1,442,0,0,0,442
06/23/2020,MIA,FL,ASO,ES,Combined TRACON& Tower with Radar,381,61,9,3,454,0,1,7,0,8,381,62,16,3,462,0,0,0,462
06/24/2020,MIA,FL,ASO,ES,Combined TRACON& Tower with Radar,391,73,13,0,477,0,1,23,0,24,391,74,36,0,501,0,0,0,501
06/25/2020,MIA,FL,ASO,ES,Combined TRACON& Tower with Radar,404,58,20,4,486,0,2,5,1,8,404,60,25,5,494,0,0,0,494
06/26/2020,MIA,FL,ASO,ES,Combined TRACON& Tower with Radar,397,71,17,12,497,0,0,7,0,7,397,71,24,12,504,0,0,0,504
06/27/2020,MIA,FL,ASO,ES,Combined TRACON& Tower with Radar,383,48,12,2,445,0,0,2,0,2,383,48,14,2,447,0,0,0,447
06/28/2020,MIA,FL,ASO,ES,Combined TRACON& Tower with Radar,371,42,17,1,431,0,0,0,0,0,371,42,17,1,431,0,0,0,431
06/29/2020,MIA,FL,ASO,ES,Combined TRACON& Tower with Radar,361,68,13,1,443,0,1,2,0,3,361,69,15,1,446,0,0,0,446
06/30/2020,MIA,FL,ASO,ES,Combined TRACON& Tower with Radar,393,66,10,0,469,0,0,0,0,0,393,66,10,0,469,0,0,0,469
07/01/2020,MIA,FL,ASO,ES,Combined TRACON& Tower with Radar,421,67,21,0,509,0,2,7,0,9,421,69,28,0,518,0,0,0,518
07/02/2020,MIA,FL,ASO,ES,Combined TRACON& Tower with Radar,453,64,20,2,539,0,0,2,0,2,453,64,22,2,541,0,0,0,541
07/03/2020,MIA,FL,ASO,ES,Combined TRACON& Tower with Radar,437,67,12,0,516,0,1,2,0,3,437,68,14,0,519,0,0,0,519
07/04/2020,MIA,FL,ASO,ES,Combined TRACON& Tower with Radar,385,30,3,0,418,0,2,2,0,4,385,32,5,0,422,0,0,0,422
07/05/2020,MIA,FL,ASO,ES,Combined TRACON& Tower with Radar,401,47,15,1,464,0,0,5,0,5,401,47,20,1,469,0,0,0,469
07/06/2020,MIA,FL,ASO,ES,Combined TRACON& Tower with Radar,376,55,9,1,441,0,0,2,0,2,376,55,11,1,443,0,0,0,443
07/07/2020,MIA,FL,ASO,ES,Combined TRACON& Tower with Radar,502,73,9,2,586,0,0,3,0,3,502,73,12,2,589,0,0,0,589
07/08/2020,MIA,FL,ASO,ES,Combined TRACON& Tower with Radar,522,74,9,0,605,0,0,4,0,4,522,74,13,0,609,0,0,0,609
07/09/2020,MIA,FL,ASO,ES,Combined TRACON& Tower with Radar,560,72,14,2,648,0,0,6,0,6,560,72,20,2,654,0,0,0,654
07/10/2020,MIA,FL,ASO,ES,Combined TRACON& Tower with Radar,535,63,8,9,615,0,2,5,0,7,535,65,13,9,622,0,0,0,622
07/11/2020,MIA,FL,ASO,ES,Combined TRACON& Tower with Radar,501,57,15,1,574,0,0,0,0,0,501,57,15,1,574,0,0,0,574
07/12/2020,MIA,FL,ASO,ES,Combined TRACON& Tower with Radar,514,64,15,0,593,0,0,3,0,3,514,64,18,0,596,0,0,0,596
07/13/2020,MIA,FL,ASO,ES,Combined TRACON& Tower with Radar,477,80,15,3,575,0,1,5,2,8,477,81,20,5,583,0,0,0,583
07/14/2020,MIA,FL,ASO,ES,Combined TRACON& Tower with Radar,520,69,15,2,606,0,1,4,0,5,520,70,19,2,611,0,0,0,611
07/15/2020,MIA,FL,ASO,ES,Combined TRACON& Tower with Radar,542,67,10,2,621,0,2,2,1,5,542,69,12,3,626,0,0,0,626
07/16/2020,MIA,FL,ASO,ES,Combined TRACON& Tower with Radar,548,68,15,1,632,0,2,5,1,8,548,70,20,2,640,0,0,0,640
07/17/2020,MIA,FL,ASO,ES,Combined TRACON& Tower with Radar,518,77,13,3,611,0,3,2,0,5,518,80,15,3,616,0,0,0,616
07/18/2020,MIA,FL,ASO,ES,Combined TRACON& Tower with Radar,487,57,1,1,546,0,0,0,0,0,487,57,1,1,546,0,0,0,546
07/19/2020,MIA,FL,ASO,ES,Combined TRACON& Tower with Radar,512,61,7,2,582,0,0,1,1,2,512,61,8,3,584,0,0,0,584
07/20/2020,MIA,FL,ASO,ES,Combined TRACON& Tower with Radar,470,76,11,1,558,0,0,2,0,2,470,76,13,1,560,0,0,0,560
07/21/2020,MIA,FL,ASO,ES,Combined TRACON& Tower with Radar,516,71,9,1,597,0,0,6,0,6,516,71,15,1,603,0,0,0,603
07/22/2020,MIA,FL,ASO,ES,Combined TRACON& Tower with Radar,551,59,12,4,626,0,0,1,0,1,551,59,13,4,627,0,0,0,627
07/23/2020,MIA,FL,ASO,ES,Combined TRACON& Tower with Radar,573,62,7,1,643,0,0,2,0,2,573,62,9,1,645,0,0,0,645
07/24/2020,MIA,FL,ASO,ES,Combined TRACON& Tower with Radar,517,77,7,0,601,0,4,5,0,9,517,81,12,0,610,0,0,0,610
07/25/2020,MIA,FL,ASO,ES,Combined TRACON& Tower with Radar,481,62,7,0,550,0,2,4,0,6,481,64,11,0,556,0,0,0,556
07/26/2020,MIA,FL,ASO,ES,Combined TRACON& Tower with Radar,522,45,14,3,584,0,1,3,2,6,522,46,17,5,590,0,0,0,590
07/27/2020,MIA,FL,ASO,ES,Combined TRACON& Tower with Radar,455,55,21,7,538,0,0,9,0,9,455,55,30,7,547,0,0,0,547
07/28/2020,MIA,FL,ASO,ES,Combined TRACON& Tower with Radar,488,56,9,3,556,0,0,7,0,7,488,56,16,3,563,0,0,0,563
07/29/2020,MIA,FL,ASO,ES,Combined TRACON& Tower with Radar,515,58,26,1,600,0,0,0,0,0,515,58,26,1,600,0,0,0,600
07/30/2020,MIA,FL,ASO,ES,Combined TRACON& Tower with Radar,477,65,10,3,555,0,0,4,1,5,477,65,14,4,560,0,0,0,560
07/31/2020,MIA,FL,ASO,ES,Combined TRACON& Tower with Radar,445,54,12,9,520,0,5,3,0,8,445,59,15,9,528,0,0,0,528
08/01/2020,MIA,FL,ASO,ES,Combined TRACON& Tower with Radar,404,35,4,0,443,0,0,0,0,0,404,35,4,0,443,0,0,0,443
08/02/2020,MIA,FL,ASO,ES,Combined TRACON& Tower with Radar,438,31,4,1,474,0,0,0,0,0,438,31,4,1,474,0,0,0,474
08/03/2020,MIA,FL,ASO,ES,Combined TRACON& Tower with Radar,410,53,21,3,487,0,0,3,0,3,410,53,24,3,490,0,0,0,490
08/04/2020,MIA,FL,ASO,ES,Combined TRACON& Tower with Radar,440,56,9,1,506,0,3,2,0,5,440,59,11,1,511,0,0,0,511
08/05/2020,MIA,FL,ASO,ES,Combined TRACON& Tower with Radar,466,65,15,6,552,0,2,4,0,6,466,67,19,6,558,0,0,0,558
08/06/2020,MIA,FL,ASO,ES,Combined TRACON& Tower with Radar,488,45,10,1,544,0,2,6,0,8,488,47,16,1,552,0,0,0,552
08/07/2020,MIA,FL,ASO,ES,Combined TRACON& Tower with Radar,447,72,13,3,535,0,0,3,0,3,447,72,16,3,538,0,0,0,538
08/08/2020,MIA,FL,ASO,ES,Combined TRACON& Tower with Radar,426,56,16,5,503,0,2,2,0,4,426,58,18,5,507,0,0,0,507
08/09/2020,MIA,FL,ASO,ES,Combined TRACON& Tower with Radar,429,43,19,2,493,0,0,3,0,3,429,43,22,2,496,0,0,0,496
08/10/2020,MIA,FL,ASO,ES,Combined TRACON& Tower with Radar,406,67,8,0,481,0,0,4,0,4,406,67,12,0,485,0,0,0,485
08/11/2020,MIA,FL,ASO,ES,Combined TRACON& Tower with Radar,446,51,10,0,507,0,0,2,0,2,446,51,12,0,509,0,0,0,509
08/12/2020,MIA,FL,ASO,ES,Combined TRACON& Tower with Radar,466,64,14,0,544,0,0,3,0,3,466,64,17,0,547,0,0,0,547
08/13/2020,MIA,FL,ASO,ES,Combined TRACON& Tower with Radar,482,56,13,0,551,0,1,7,0,8,482,57,20,0,559,0,0,0,559
08/14/2020,MIA,FL,ASO,ES,Combined TRACON& Tower with Radar,456,61,16,0,533,1,0,3,0,4,457,61,19,0,537,0,0,0,537
08/15/2020,MIA,FL,ASO,ES,Combined TRACON& Tower with Radar,434,42,18,2,496,0,0,6,0,6,434,42,24,2,502,0,0,0,502
08/16/2020,MIA,FL,ASO,ES,Combined TRACON& Tower with Radar,448,39,11,1,499,0,0,6,0,6,448,39,17,1,505,0,0,0,505
08/17/2020,MIA,FL,ASO,ES,Combined TRACON& Tower with Radar,395,57,1,7,460,0,0,0,0,0,395,57,1,7,460,0,0,0,460
08/18/2020,MIA,FL,ASO,ES,Combined TRACON& Tower with Radar,442,52,13,1,508,0,2,10,0,12,442,54,23,1,520,0,0,0,520
08/19/2020,MIA,FL,ASO,ES,Combined TRACON& Tower with Radar,474,61,6,4,545,0,0,0,0,0,474,61,6,4,545,0,0,0,545
08/20/2020,MIA,FL,ASO,ES,Combined TRACON& Tower with Radar,492,55,6,4,557,0,1,2,0,3,492,56,8,4,560,0,0,0,560
08/21/2020,MIA,FL,ASO,ES,Combined TRACON& Tower with Radar,477,60,16,4,557,0,0,7,0,7,477,60,23,4,564,0,0,0,564
08/22/2020,MIA,FL,ASO,ES,Combined TRACON& Tower with Radar,459,41,1,1,502,0,1,0,0,1,459,42,1,1,503,0,0,0,503
08/23/2020,MIA,FL,ASO,ES,Combined TRACON& Tower with Radar,446,37,14,3,500,0,0,3,0,3,446,37,17,3,503,0,0,0,503
08/24/2020,MIA,FL,ASO,ES,Combined TRACON& Tower with Radar,412,53,6,4,475,0,1,2,0,3,412,54,8,4,478,0,0,0,478
08/25/2020,MIA,FL,ASO,ES,Combined TRACON& Tower with Radar,458,58,13,4,533,0,0,0,0,0,458,58,13,4,533,0,0,0,533
08/26/2020,MIA,FL,ASO,ES,Combined TRACON& Tower with Radar,480,56,13,1,550,0,0,4,0,4,480,56,17,1,554,0,0,0,554
08/27/2020,MIA,FL,ASO,ES,Combined TRACON& Tower with Radar,487,68,7,0,562,0,0,2,0,2,487,68,9,0,564,0,0,0,564
08/28/2020,MIA,FL,ASO,ES,Combined TRACON& Tower with Radar,462,62,6,2,532,0,1,3,0,4,462,63,9,2,536,0,0,0,536
08/29/2020,MIA,FL,ASO,ES,Combined TRACON& Tower with Radar,449,42,15,0,506,0,0,2,0,2,449,42,17,0,508,0,0,0,508
08/30/2020,MIA,FL,ASO,ES,Combined TRACON& Tower with Radar,432,46,8,2,488,0,0,8,0,8,432,46,16,2,496,0,0,0,496
08/31/2020,MIA,FL,ASO,ES,Combined TRACON& Tower with Radar,413,72,16,0,501,0,0,2,0,2,413,72,18,0,503,0,0,0,503
09/01/2020,MIA,FL,ASO,ES,Combined TRACON& Tower with Radar,441,68,14,1,524,0,2,3,0,5,441,70,17,1,529,0,0,0,529
09/02/2020,MIA,FL,ASO,ES,Combined TRACON& Tower with Radar,475,61,6,2,544,0,0,0,0,0,475,61,6,2,544,0,0,0,544
09/03/2020,MIA,FL,ASO,ES,Combined TRACON& Tower with Radar,485,51,22,4,562,0,0,7,0,7,485,51,29,4,569,0,0,0,569
09/04/2020,MIA,FL,ASO,ES,Combined TRACON& Tower with Radar,473,67,20,2,562,0,0,6,0,6,473,67,26,2,568,0,0,0,568
09/05/2020,MIA,FL,ASO,ES,Combined TRACON& Tower with Radar,420,32,11,0,463,0,0,5,0,5,420,32,16,0,468,0,0,0,468
09/06/2020,MIA,FL,ASO,ES,Combined TRACON& Tower with Radar,421,27,10,3,461,0,0,6,0,6,421,27,16,3,467,0,0,0,467
09/07/2020,MIA,FL,ASO,ES,Combined TRACON& Tower with Radar,389,47,11,1,448,0,0,6,0,6,389,47,17,1,454,0,0,0,454
09/08/2020,MIA,FL,ASO,ES,Combined TRACON& Tower with Radar,436,58,8,2,504,0,0,3,0,3,436,58,11,2,507,0,0,0,507
09/09/2020,MIA,FL,ASO,ES,Combined TRACON& Tower with Radar,340,45,16,5,406,0,0,1,0,1,340,45,17,5,407,0,0,0,407
09/10/2020,MIA,FL,ASO,ES,Combined TRACON& Tower with Radar,488,43,26,2,559,0,0,4,0,4,488,43,30,2,563,0,0,0,563
09/11/2020,MIA,FL,ASO,ES,Combined TRACON& Tower with Radar,484,55,14,2,555,1,0,0,0,1,485,55,14,2,556,0,0,0,556
09/12/2020,MIA,FL,ASO,ES,Combined TRACON& Tower with Radar,448,24,9,0,481,0,0,0,0,0,448,24,9,0,481,0,0,0,481
09/13/2020,MIA,FL,ASO,ES,Combined TRACON& Tower with Radar,446,43,16,3,508,0,0,9,0,9,446,43,25,3,517,0,0,0,517
09/14/2020,MIA,FL,ASO,ES,Combined TRACON& Tower with Radar,425,60,14,3,502,0,0,2,0,2,425,60,16,3,504,0,0,0,504
09/15/2020,MIA,FL,ASO,ES,Combined TRACON& Tower with Radar,328,43,19,2,392,0,0,1,0,1,328,43,20,2,393,0,0,0,393
09/16/2020,MIA,FL,ASO,ES,Combined TRACON& Tower with Radar,358,32,15,2,407,0,0,2,0,2,358,32,17,2,409,0,0,0,409
09/17/2020,MIA,FL,ASO,ES,Combined TRACON& Tower with Radar,506,61,12,3,582,0,0,9,0,9,506,61,21,3,591,0,0,0,591
09/18/2020,MIA,FL,ASO,ES,Combined TRACON& Tower with Radar,468,55,17,1,541,0,0,2,0,2,468,55,19,1,543,0,0,0,543
09/19/2020,MIA,FL,ASO,ES,Combined TRACON& Tower with Radar,464,28,9,3,504,0,0,2,0,2,464,28,11,3,506,0,0,0,506
09/20/2020,MIA,FL,ASO,ES,Combined TRACON& Tower with Radar,451,42,12,1,506,0,0,7,0,7,451,42,19,1,513,0,0,0,513
09/21/2020,MIA,FL,ASO,ES,Combined TRACON& Tower with Radar,412,50,15,5,482,0,0,2,0,2,412,50,17,5,484,0,0,0,484
09/22/2020,MIA,FL,ASO,ES,Combined TRACON& Tower with Radar,330,38,15,2,385,0,0,1,0,1,330,38,16,2,386,0,0,0,386
09/23/2020,MIA,FL,ASO,ES,Combined TRACON& Tower with Radar,347,46,15,9,417,0,0,0,2,2,347,46,15,11,419,0,0,0,419
09/24/2020,MIA,FL,ASO,ES,Combined TRACON& Tower with Radar,494,61,12,4,571,0,0,7,0,7,494,61,19,4,578,0,0,0,578
09/25/2020,MIA,FL,ASO,ES,Combined TRACON& Tower with Radar,509,48,6,7,570,0,1,3,0,4,509,49,9,7,574,0,0,0,574
09/26/2020,MIA,FL,ASO,ES,Combined TRACON& Tower with Radar,452,39,7,3,501,0,1,4,0,5,452,40,11,3,506,0,0,0,506
09/27/2020,MIA,FL,ASO,ES,Combined TRACON& Tower with Radar,477,33,12,1,523,0,0,3,0,3,477,33,15,1,526,0,0,0,526
09/28/2020,MIA,FL,ASO,ES,Combined TRACON& Tower with Radar,425,65,13,1,504,0,0,2,0,2,425,65,15,1,506,0,0,0,506
09/29/2020,MIA,FL,ASO,ES,Combined TRACON& Tower with Radar,325,43,26,4,398,0,0,0,0,0,325,43,26,4,398,0,0,0,398
09/30/2020,MIA,FL,ASO,ES,Combined TRACON& Tower with Radar,350,51,22,6,429,0,0,7,0,7,350,51,29,6,436,0,0,0,436
10/01/2020,MIA,FL,ASO,ES,Combined TRACON& Tower with Radar,520,61,16,2,599,0,0,3,0,3,520,61,19,2,602,0,0,0,602
10/02/2020,MIA,FL,ASO,ES,Combined TRACON& Tower with Radar,504,64,22,1,591,0,0,0,0,0,504,64,22,1,591,0,0,0,591
10/03/2020,MIA,FL,ASO,ES,Combined TRACON& Tower with Radar,483,50,15,4,552,0,0,2,0,2,483,50,17,4,554,0,0,0,554
10/04/2020,MIA,FL,ASO,ES,Combined TRACON& Tower with Radar,488,40,23,3,554,0,0,2,0,2,488,40,25,3,556,0,0,0,556
10/05/2020,MIA,FL,ASO,ES,Combined TRACON& Tower with Radar,451,63,16,2,532,0,0,6,1,7,451,63,22,3,539,0,0,0,539
10/06/2020,MIA,FL,ASO,ES,Combined TRACON& Tower with Radar,346,33,12,1,392,0,0,1,1,2,346,33,13,2,394,0,0,0,394
10/07/2020,MIA,FL,ASO,ES,Combined TRACON& Tower with Radar,352,57,17,0,426,0,0,2,0,2,352,57,19,0,428,0,0,0,428
10/08/2020,MIA,FL,ASO,ES,Combined TRACON& Tower with Radar,547,60,17,5,629,0,0,10,0,10,547,60,27,5,639,0,0,0,639
10/09/2020,MIA,FL,ASO,ES,Combined TRACON& Tower with Radar,548,69,23,2,642,0,0,5,0,5,548,69,28,2,647,0,0,0,647
10/10/2020,MIA,FL,ASO,ES,Combined TRACON& Tower with Radar,528,45,9,2,584,0,0,11,0,11,528,45,20,2,595,0,0,0,595
10/11/2020,MIA,FL,ASO,ES,Combined TRACON& Tower with Radar,519,48,11,0,578,0,0,2,1,3,519,48,13,1,581,0,0,0,581
10/12/2020,MIA,FL,ASO,ES,Combined TRACON& Tower with Radar,509,68,16,0,593,0,0,1,0,1,509,68,17,0,594,0,0,0,594
10/13/2020,MIA,FL,ASO,ES,Combined TRACON& Tower with Radar,354,50,7,1,412,0,0,4,0,4,354,50,11,1,416,0,0,0,416
10/14/2020,MIA,FL,ASO,ES,Combined TRACON& Tower with Radar,378,44,18,9,449,0,0,4,0,4,378,44,22,9,453,0,0,0,453
10/15/2020,MIA,FL,ASO,ES,Combined TRACON& Tower with Radar,568,44,9,5,626,0,0,15,0,15,568,44,24,5,641,0,0,0,641
10/16/2020,MIA,FL,ASO,ES,Combined TRACON& Tower with Radar,537,57,8,7,609,0,2,4,0,6,537,59,12,7,615,0,0,0,615
10/17/2020,MIA,FL,ASO,ES,Combined TRACON& Tower with Radar,541,33,8,5,587,0,1,1,0,2,541,34,9,5,589,0,0,0,589
10/18/2020,MIA,FL,ASO,ES,Combined TRACON& Tower with Radar,516,40,19,6,581,0,0,5,0,5,516,40,24,6,586,0,0,0,586
10/19/2020,MIA,FL,ASO,ES,Combined TRACON& Tower with Radar,507,57,11,3,578,0,1,1,0,2,507,58,12,3,580,0,0,0,580
10/20/2020,MIA,FL,ASO,ES,Combined TRACON& Tower with Radar,360,47,16,1,424,0,0,0,0,0,360,47,16,1,424,0,0,0,424
10/21/2020,MIA,FL,ASO,ES,Combined TRACON& Tower with Radar,377,51,16,7,451,0,0,0,0,0,377,51,16,7,451,0,0,0,451
10/22/2020,MIA,FL,ASO,ES,Combined TRACON& Tower with Radar,583,77,21,0,681,0,0,2,0,2,583,77,23,0,683,0,0,0,683
10/23/2020,MIA,FL,ASO,ES,Combined TRACON& Tower with Radar,549,68,16,4,637,0,0,2,0,2,549,68,18,4,639,0,0,0,639
10/24/2020,MIA,FL,ASO,ES,Combined TRACON& Tower with Radar,537,41,9,0,587,1,0,4,0,5,538,41,13,0,592,0,0,0,592
10/25/2020,MIA,FL,ASO,ES,Combined TRACON& Tower with Radar,538,35,24,3,600,0,0,0,0,0,538,35,24,3,600,0,0,0,600
10/26/2020,MIA,FL,ASO,ES,Combined TRACON& Tower with Radar,522,59,14,1,596,0,0,9,0,9,522,59,23,1,605,0,0,0,605
10/27/2020,MIA,FL,ASO,ES,Combined TRACON& Tower with Radar,352,54,17,5,428,0,0,4,0,4,352,54,21,5,432,0,0,0,432
10/28/2020,MIA,FL,ASO,ES,Combined TRACON& Tower with Radar,396,49,22,6,473,0,2,8,0,10,396,51,30,6,483,0,0,0,483
10/29/2020,MIA,FL,ASO,ES,Combined TRACON& Tower with Radar,569,56,16,11,652,0,0,6,0,6,569,56,22,11,658,0,0,0,658
10/30/2020,MIA,FL,ASO,ES,Combined TRACON& Tower with Radar,561,76,38,1,676,0,0,6,0,6,561,76,44,1,682,0,0,0,682
10/31/2020,MIA,FL,ASO,ES,Combined TRACON& Tower with Radar,509,44,14,6,573,1,3,4,0,8,510,47,18,6,581,0,0,0,581
11/01/2020,MIA,FL,ASO,ES,Combined TRACON& Tower with Radar,525,49,15,7,596,0,0,3,0,3,525,49,18,7,599,0,0,0,599
11/02/2020,MIA,FL,ASO,ES,Combined TRACON& Tower with Radar,508,49,22,11,590,0,0,2,0,2,508,49,24,11,592,0,0,0,592
11/03/2020,MIA,FL,ASO,ES,Combined TRACON& Tower with Radar,345,44,18,3,410,0,0,12,0,12,345,44,30,3,422,0,0,0,422
11/04/2020,MIA,FL,ASO,ES,Combined TRACON& Tower with Radar,606,55,23,0,684,0,0,5,0,5,606,55,28,0,689,0,0,0,689
11/05/2020,MIA,FL,ASO,ES,Combined TRACON& Tower with Radar,658,70,29,3,760,0,0,0,0,0,658,70,29,3,760,0,0,0,760
11/06/2020,MIA,FL,ASO,ES,Combined TRACON& Tower with Radar,638,78,27,3,746,0,2,8,0,10,638,80,35,3,756,0,0,0,756
11/07/2020,MIA,FL,ASO,ES,Combined TRACON& Tower with Radar,643,66,18,0,727,0,0,1,0,1,643,66,19,0,728,0,0,0,728
11/08/2020,MIA,FL,ASO,ES,Combined TRACON& Tower with Radar,605,39,10,0,654,0,0,0,0,0,605,39,10,0,654,0,0,0,654
11/09/2020,MIA,FL,ASO,ES,Combined TRACON& Tower with Radar,606,45,11,0,662,0,0,1,0,1,606,45,12,0,663,0,0,0,663
11/10/2020,MIA,FL,ASO,ES,Combined TRACON& Tower with Radar,361,49,21,3,434,0,0,2,0,2,361,49,23,3,436,0,0,0,436
11/11/2020,MIA,FL,ASO,ES,Combined TRACON& Tower with Radar,687,82,25,1,795,0,0,0,0,0,687,82,25,1,795,0,0,0,795
11/12/2020,MIA,FL,ASO,ES,Combined TRACON& Tower with Radar,698,64,27,1,790,0,0,15,0,15,698,64,42,1,805,0,0,0,805
11/13/2020,MIA,FL,ASO,ES,Combined TRACON& Tower with Radar,666,90,28,2,786,0,0,8,0,8,666,90,36,2,794,0,0,0,794
11/14/2020,MIA,FL,ASO,ES,Combined TRACON& Tower with Radar,669,50,17,2,738,0,0,9,0,9,669,50,26,2,747,0,0,0,747
11/15/2020,MIA,FL,ASO,ES,Combined TRACON& Tower with Radar,694,65,26,3,788,0,2,4,0,6,694,67,30,3,794,0,0,0,794
11/16/2020,MIA,FL,ASO,ES,Combined TRACON& Tower with Radar,680,82,24,0,786,0,0,4,0,4,680,82,28,0,790,0,0,0,790
11/17/2020,MIA,FL,ASO,ES,Combined TRACON& Tower with Radar,397,47,27,0,471,0,0,13,1,14,397,47,40,1,485,0,0,0,485
11/18/2020,MIA,FL,ASO,ES,Combined TRACON& Tower with Radar,719,65,17,0,801,0,1,17,0,18,719,66,34,0,819,0,0,0,819
11/19/2020,MIA,FL,ASO,ES,Combined TRACON& Tower with Radar,772,66,27,0,865,0,3,23,0,26,772,69,50,0,891,0,0,0,891
11/20/2020,MIA,FL,ASO,ES,Combined TRACON& Tower with Radar,746,111,34,5,896,0,0,5,0,5,746,111,39,5,901,0,0,0,901
11/21/2020,MIA,FL,ASO,ES,Combined TRACON& Tower with Radar,716,74,31,3,824,0,0,5,0,5,716,74,36,3,829,0,0,0,829
11/22/2020,MIA,FL,ASO,ES,Combined TRACON& Tower with Radar,740,55,27,1,823,0,0,4,0,4,740,55,31,1,827,0,0,0,827
11/23/2020,MIA,FL,ASO,ES,Combined TRACON& Tower with Radar,574,80,28,2,684,0,1,3,1,5,574,81,31,3,689,0,0,0,689
11/24/2020,MIA,FL,ASO,ES,Combined TRACON& Tower with Radar,586,70,32,1,689,0,0,4,0,4,586,70,36,1,693,0,0,0,693
11/25/2020,MIA,FL,ASO,ES,Combined TRACON& Tower with Radar,735,85,25,0,845,0,2,6,0,8,735,87,31,0,853,0,0,0,853
11/26/2020,MIA,FL,ASO,ES,Combined TRACON& Tower with Radar,547,40,18,0,605,0,0,5,0,5,547,40,23,0,610,0,0,0,610
11/27/2020,MIA,FL,ASO,ES,Combined TRACON& Tower with Radar,695,58,24,0,777,0,1,13,0,14,695,59,37,0,791,0,0,0,791
11/28/2020,MIA,FL,ASO,ES,Combined TRACON& Tower with Radar,745,79,35,0,859,0,1,1,0,2,745,80,36,0,861,0,0,0,861
11/29/2020,MIA,FL,ASO,ES,Combined TRACON& Tower with Radar,771,74,30,1,876,0,2,4,0,6,771,76,34,1,882,0,0,0,882
11/30/2020,MIA,FL,ASO,ES,Combined TRACON& Tower with Radar,739,75,32,3,849,0,0,2,0,2,739,75,34,3,851,0,0,0,851
12/01/2020,MIA,FL,ASO,ES,Combined TRACON& Tower with Radar,433,54,25,4,516,0,1,2,0,3,433,55,27,4,519,0,0,0,519
12/02/2020,MIA,FL,ASO,ES,Combined TRACON& Tower with Radar,738,87,22,2,849,1,3,10,0,14,739,90,32,2,863,0,0,0,863
12/03/2020,MIA,FL,ASO,ES,Combined TRACON& Tower with Radar,758,71,42,7,878,0,2,14,0,16,758,73,56,7,894,0,0,0,894
12/04/2020,MIA,FL,ASO,ES,Combined TRACON& Tower with Radar,738,91,20,3,852,0,0,8,0,8,738,91,28,3,860,0,0,0,860
12/05/2020,MIA,FL,ASO,ES,Combined TRACON& Tower with Radar,723,66,24,3,816,0,0,2,0,2,723,66,26,3,818,0,0,0,818
12/06/2020,MIA,FL,ASO,ES,Combined TRACON& Tower with Radar,721,60,32,1,814,0,4,6,0,10,721,64,38,1,824,0,0,0,824
12/07/2020,MIA,FL,ASO,ES,Combined TRACON& Tower with Radar,678,78,21,0,777,0,1,1,0,2,678,79,22,0,779,0,0,0,779
12/08/2020,MIA,FL,ASO,ES,Combined TRACON& Tower with Radar,419,61,26,3,509,0,0,12,0,12,419,61,38,3,521,0,0,0,521
12/09/2020,MIA,FL,ASO,ES,Combined TRACON& Tower with Radar,742,85,32,8,867,1,0,16,1,18,743,85,48,9,885,0,0,0,885
12/10/2020,MIA,FL,ASO,ES,Combined TRACON& Tower with Radar,777,96,32,1,906,0,0,9,0,9,777,96,41,1,915,0,0,0,915
12/11/2020,MIA,FL,ASO,ES,Combined TRACON& Tower with Radar,740,84,28,3,855,0,4,5,0,9,740,88,33,3,864,0,0,0,864
12/12/2020,MIA,FL,ASO,ES,Combined TRACON& Tower with Radar,738,48,21,3,810,0,2,4,0,6,738,50,25,3,816,0,0,0,816
12/13/2020,MIA,FL,ASO,ES,Combined TRACON& Tower with Radar,726,67,32,5,830,0,1,9,0,10,726,68,41,5,840,0,0,0,840
12/14/2020,MIA,FL,ASO,ES,Combined TRACON& Tower with Radar,698,75,21,1,795,0,0,0,7,7,698,75,21,8,802,0,0,0,802
12/15/2020,MIA,FL,ASO,ES,Combined TRACON& Tower with Radar,443,70,21,6,540,0,1,3,1,5,443,71,24,7,545,0,0,0,545
12/16/2020,MIA,FL,ASO,ES,Combined TRACON& Tower with Radar,720,93,21,8,842,0,0,6,0,6,720,93,27,8,848,0,0,0,848
12/17/2020,MIA,FL,ASO,ES,Combined TRACON& Tower with Radar,794,97,13,4,908,0,1,5,0,6,794,98,18,4,914,0,0,0,914
12/18/2020,MIA,FL,ASO,ES,Combined TRACON& Tower with Radar,832,99,39,0,970,0,0,6,0,6,832,99,45,0,976,0,0,0,976
12/19/2020,MIA,FL,ASO,ES,Combined TRACON& Tower with Radar,829,86,36,0,951,0,2,2,0,4,829,88,38,0,955,0,0,0,955
12/20/2020,MIA,FL,ASO,ES,Combined TRACON& Tower with Radar,837,73,29,1,940,0,0,2,0,2,837,73,31,1,942,0,0,0,942
12/21/2020,MIA,FL,ASO,ES,Combined TRACON& Tower with Radar,751,96,29,3,879,0,1,15,0,16,751,97,44,3,895,0,0,0,895
12/22/2020,MIA,FL,ASO,ES,Combined TRACON& Tower with Radar,805,89,29,4,927,0,3,3,2,8,805,92,32,6,935,0,0,0,935
12/23/2020,MIA,FL,ASO,ES,Combined TRACON& Tower with Radar,833,90,31,0,954,0,0,9,0,9,833,90,40,0,963,0,0,0,963
12/24/2020,MIA,FL,ASO,ES,Combined TRACON& Tower with Radar,601,56,23,0,680,0,0,3,0,3,601,56,26,0,683,0,0,0,683
12/25/2020,MIA,FL,ASO,ES,Combined TRACON& Tower with Radar,622,66,8,0,696,0,0,0,0,0,622,66,8,0,696,0,0,0,696
12/26/2020,MIA,FL,ASO,ES,Combined TRACON& Tower with Radar,732,92,29,0,853,0,0,8,0,8,732,92,37,0,861,0,0,0,861
12/27/2020,MIA,FL,ASO,ES,Combined TRACON& Tower with Radar,787,87,45,0,919,0,0,5,0,5,787,87,50,0,924,0,0,0,924
12/28/2020,MIA,FL,ASO,ES,Combined TRACON& Tower with Radar,736,82,21,1,840,0,0,4,0,4,736,82,25,1,844,0,0,0,844
12/29/2020,MIA,FL,ASO,ES,Combined TRACON& Tower with Radar,766,97,35,1,899,0,0,4,0,4,766,97,39,1,903,0,0,0,903
12/30/2020,MIA,FL,ASO,ES,Combined TRACON& Tower with Radar,802,108,36,0,946,0,0,17,1,18,802,108,53,1,964,0,0,0,964
12/31/2020,MIA,FL,ASO,ES,Combined TRACON& Tower with Radar,589,71,17,2,679,0,0,1,0,1,589,71,18,2,680,0,0,0,680
01/01/2021,MIA,FL,ASO,ES,Combined TRACON& Tower with Radar,607,56,20,0,683,1,3,4,0,8,608,59,24,0,691,0,0,0,691
01/02/2021,MIA,FL,ASO,ES,Combined TRACON& Tower with Radar,735,99,36,1,871,0,0,5,0,5,735,99,41,1,876,0,0,0,876
01/03/2021,MIA,FL,ASO,ES,Combined TRACON& Tower with Radar,793,96,31,1,921,0,1,10,0,11,793,97,41,1,932,0,0,0,932
01/04/2021,MIA,FL,ASO,ES,Combined TRACON& Tower with Radar,699,93,32,0,824,0,1,8,0,9,699,94,40,0,833,0,0,0,833
01/05/2021,MIA,FL,ASO,ES,Combined TRACON& Tower with Radar,584,60,23,1,668,0,0,6,0,6,584,60,29,1,674,0,0,0,674
01/06/2021,MIA,FL,ASO,ES,Combined TRACON& Tower with Radar,626,70,45,5,746,0,1,4,0,5,626,71,49,5,751,0,0,0,751
01/07/2021,MIA,FL,ASO,ES,Combined TRACON& Tower with Radar,746,68,44,2,860,0,1,6,0,7,746,69,50,2,867,0,0,0,867
01/08/2021,MIA,FL,ASO,ES,Combined TRACON& Tower with Radar,749,97,36,2,884,0,2,6,0,8,749,99,42,2,892,0,0,0,892
01/09/2021,MIA,FL,ASO,ES,Combined TRACON& Tower with Radar,716,73,26,0,815,0,0,3,0,3,716,73,29,0,818,0,0,0,818
01/10/2021,MIA,FL,ASO,ES,Combined TRACON& Tower with Radar,735,69,52,1,857,0,0,4,0,4,735,69,56,1,861,0,0,0,861
01/11/2021,MIA,FL,ASO,ES,Combined TRACON& Tower with Radar,698,98,24,3,823,0,1,9,1,11,698,99,33,4,834,0,0,0,834
01/12/2021,MIA,FL,ASO,ES,Combined TRACON& Tower with Radar,590,96,33,3,722,0,1,9,0,10,590,97,42,3,732,0,0,0,732
01/13/2021,MIA,FL,ASO,ES,Combined TRACON& Tower with Radar,630,80,37,4,751,0,2,3,0,5,630,82,40,4,756,0,0,0,756
01/14/2021,MIA,FL,ASO,ES,Combined TRACON& Tower with Radar,761,83,41,5,890,0,0,2,0,2,761,83,43,5,892,0,0,0,892
01/15/2021,MIA,FL,ASO,ES,Combined TRACON& Tower with Radar,763,102,34,4,903,0,4,10,0,14,763,106,44,4,917,0,0,0,917
01/16/2021,MIA,FL,ASO,ES,Combined TRACON& Tower with Radar,711,56,21,0,788,0,0,6,1,7,711,56,27,1,795,0,0,0,795
01/17/2021,MIA,FL,ASO,ES,Combined TRACON& Tower with Radar,731,56,27,0,814,0,0,6,1,7,731,56,33,1,821,0,0,0,821
01/18/2021,MIA,FL,ASO,ES,Combined TRACON& Tower with Radar,693,104,25,0,822,0,3,5,0,8,693,107,30,0,830,0,0,0,830
01/19/2021,MIA,FL,ASO,ES,Combined TRACON& Tower with Radar,577,75,24,3,679,0,1,8,0,9,577,76,32,3,688,0,0,0,688
01/20/2021,MIA,FL,ASO,ES,Combined TRACON& Tower with Radar,637,64,21,0,722,0,0,6,0,6,637,64,27,0,728,0,0,0,728
01/21/2021,MIA,FL,ASO,ES,Combined TRACON& Tower with Radar,766,104,31,2,903,0,0,11,0,11,766,104,42,2,914,0,0,0,914
01/22/2021,MIA,FL,ASO,ES,Combined TRACON& Tower with Radar,766,86,26,4,882,0,1,11,0,12,766,87,37,4,894,0,0,0,894
01/23/2021,MIA,FL,ASO,ES,Combined TRACON& Tower with Radar,734,71,9,1,815,0,3,3,0,6,734,74,12,1,821,0,0,0,821
01/24/2021,MIA,FL,ASO,ES,Combined TRACON& Tower with Radar,760,81,42,1,884,0,0,2,0,2,760,81,44,1,886,0,0,0,886
01/25/2021,MIA,FL,ASO,ES,Combined TRACON& Tower with Radar,737,82,42,0,861,0,1,9,0,10,737,83,51,0,871,0,0,0,871
01/26/2021,MIA,FL,ASO,ES,Combined TRACON& Tower with Radar,605,54,31,1,691,0,0,3,0,3,605,54,34,1,694,0,0,0,694
01/27/2021,MIA,FL,ASO,ES,Combined TRACON& Tower with Radar,652,63,21,2,738,0,0,7,0,7,652,63,28,2,745,0,0,0,745
01/28/2021,MIA,FL,ASO,ES,Combined TRACON& Tower with Radar,779,85,30,2,896,0,0,3,0,3,779,85,33,2,899,0,0,0,899
01/29/2021,MIA,FL,ASO,ES,Combined TRACON& Tower with Radar,785,80,27,4,896,0,2,12,0,14,785,82,39,4,910,0,0,0,910
01/30/2021,MIA,FL,ASO,ES,Combined TRACON& Tower with Radar,733,62,15,1,811,0,0,9,0,9,733,62,24,1,820,0,0,0,820
01/31/2021,MIA,FL,ASO,ES,Combined TRACON& Tower with Radar,763,67,43,0,873,0,0,2,0,2,763,67,45,0,875,0,0,0,875
02/01/2021,MIA,FL,ASO,ES,Combined TRACON& Tower with Radar,677,73,20,6,776,0,1,5,0,6,677,74,25,6,782,0,0,0,782
02/02/2021,MIA,FL,ASO,ES,Combined TRACON& Tower with Radar,610,67,19,3,699,0,0,7,0,7,610,67,26,3,706,0,0,0,706
02/03/2021,MIA,FL,ASO,ES,Combined TRACON& Tower with Radar,651,73,22,5,751,0,0,12,0,12,651,73,34,5,763,0,0,0,763
02/04/2021,MIA,FL,ASO,ES,Combined TRACON& Tower with Radar,794,88,35,4,921,0,1,12,2,15,794,89,47,6,936,0,0,0,936
02/05/2021,MIA,FL,ASO,ES,Combined TRACON& Tower with Radar,789,109,33,1,932,0,0,6,0,6,789,109,39,1,938,0,0,0,938
02/06/2021,MIA,FL,ASO,ES,Combined TRACON& Tower with Radar,748,70,26,0,844,0,0,2,0,2,748,70,28,0,846,0,0,0,846
02/07/2021,MIA,FL,ASO,ES,Combined TRACON& Tower with Radar,766,65,14,2,847,0,0,6,0,6,766,65,20,2,853,0,0,0,853
02/08/2021,MIA,FL,ASO,ES,Combined TRACON& Tower with Radar,742,107,26,3,878,0,2,4,0,6,742,109,30,3,884,0,0,0,884
02/09/2021,MIA,FL,ASO,ES,Combined TRACON& Tower with Radar,589,77,24,1,691,0,4,7,2,13,589,81,31,3,704,0,0,0,704
02/10/2021,MIA,FL,ASO,ES,Combined TRACON& Tower with Radar,608,103,36,1,748,0,2,6,2,10,608,105,42,3,758,0,0,0,758
02/11/2021,MIA,FL,ASO,ES,Combined TRACON& Tower with Radar,801,121,55,1,978,0,2,4,0,6,801,123,59,1,984,0,0,0,984
02/12/2021,MIA,FL,ASO,ES,Combined TRACON& Tower with Radar,801,120,42,3,966,0,0,1,2,3,801,120,43,5,969,0,0,0,969
02/13/2021,MIA,FL,ASO,ES,Combined TRACON& Tower with Radar,768,90,48,0,906,0,0,1,0,1,768,90,49,0,907,0,0,0,907
02/14/2021,MIA,FL,ASO,ES,Combined TRACON& Tower with Radar,772,72,30,0,874,0,0,8,0,8,772,72,38,0,882,0,0,0,882
02/15/2021,MIA,FL,ASO,ES,Combined TRACON& Tower with Radar,717,107,38,1,863,0,0,7,0,7,717,107,45,1,870,0,0,0,870
02/16/2021,MIA,FL,ASO,ES,Combined TRACON& Tower with Radar,612,80,55,2,749,0,0,5,0,5,612,80,60,2,754,0,0,0,754
02/17/2021,MIA,FL,ASO,ES,Combined TRACON& Tower with Radar,665,77,43,1,786,0,0,9,0,9,665,77,52,1,795,0,0,0,795
02/18/2021,MIA,FL,ASO,ES,Combined TRACON& Tower with Radar,762,105,31,1,899,0,1,20,2,23,762,106,51,3,922,0,0,0,922
02/19/2021,MIA,FL,ASO,ES,Combined TRACON& Tower with Radar,805,109,52,4,970,0,0,3,0,3,805,109,55,4,973,0,0,0,973
02/20/2021,MIA,FL,ASO,ES,Combined TRACON& Tower with Radar,776,69,25,3,873,0,1,0,0,1,776,70,25,3,874,0,0,0,874
02/21/2021,MIA,FL,ASO,ES,Combined TRACON& Tower with Radar,790,67,35,1,893,0,0,5,0,5,790,67,40,1,898,0,0,0,898
02/22/2021,MIA,FL,ASO,ES,Combined TRACON& Tower with Radar,744,99,31,4,878,0,0,2,0,2,744,99,33,4,880,0,0,0,880
02/23/2021,MIA,FL,ASO,ES,Combined TRACON& Tower with Radar,664,68,15,1,748,0,0,5,0,5,664,68,20,1,753,0,0,0,753
02/24/2021,MIA,FL,ASO,ES,Combined TRACON& Tower with Radar,687,56,25,6,774,0,0,2,0,2,687,56,27,6,776,0,0,0,776
02/25/2021,MIA,FL,ASO,ES,Combined TRACON& Tower with Radar,817,80,46,3,946,0,0,8,0,8,817,80,54,3,954,0,0,0,954
02/26/2021,MIA,FL,ASO,ES,Combined TRACON& Tower with Radar,801,93,35,0,929,0,2,7,0,9,801,95,42,0,938,0,0,0,938
02/27/2021,MIA,FL,ASO,ES,Combined TRACON& Tower with Radar,757,92,14,2,865,0,4,4,0,8,757,96,18,2,873,0,0,0,873
02/28/2021,MIA,FL,ASO,ES,Combined TRACON& Tower with Radar,773,99,28,3,903,1,1,1,0,3,774,100,29,3,906,0,0,0,906
03/01/2021,MIA,FL,ASO,ES,Combined TRACON& Tower with Radar,742,98,31,1,872,0,2,0,0,2,742,100,31,1,874,0,0,0,874
03/02/2021,MIA,FL,ASO,ES,Combined TRACON& Tower with Radar,661,68,29,1,759,0,0,4,0,4,661,68,33,1,763,0,0,0,763
03/03/2021,MIA,FL,ASO,ES,Combined TRACON& Tower with Radar,696,90,20,3,809,0,0,3,0,3,696,90,23,3,812,0,0,0,812
03/04/2021,MIA,FL,ASO,ES,Combined TRACON& Tower with Radar,849,97,37,4,987,0,1,7,1,9,849,98,44,5,996,0,0,0,996
03/05/2021,MIA,FL,ASO,ES,Combined TRACON& Tower with Radar,857,110,32,6,1005,0,0,7,0,7,857,110,39,6,1012,0,0,0,1012
03/06/2021,MIA,FL,ASO,ES,Combined TRACON& Tower with Radar,821,78,21,1,921,2,0,3,0,5,823,78,24,1,926,0,0,0,926
03/07/2021,MIA,FL,ASO,ES,Combined TRACON& Tower with Radar,864,93,35,0,992,0,2,2,0,4,864,95,37,0,996,0,0,0,996
03/08/2021,MIA,FL,ASO,ES,Combined TRACON& Tower with Radar,833,106,37,3,979,0,1,6,0,7,833,107,43,3,986,0,0,0,986
03/09/2021,MIA,FL,ASO,ES,Combined TRACON& Tower with Radar,812,89,25,0,926,0,0,8,0,8,812,89,33,0,934,0,0,0,934
03/10/2021,MIA,FL,ASO,ES,Combined TRACON& Tower with Radar,852,89,38,2,981,0,0,5,0,5,852,89,43,2,986,0,0,0,986
03/11/2021,MIA,FL,ASO,ES,Combined TRACON& Tower with Radar,917,102,38,3,1060,0,1,11,0,12,917,103,49,3,1072,0,0,0,1072
03/12/2021,MIA,FL,ASO,ES,Combined TRACON& Tower with Radar,879,96,35,4,1014,0,0,6,1,7,879,96,41,5,1021,0,0,0,1021
03/13/2021,MIA,FL,ASO,ES,Combined TRACON& Tower with Radar,845,76,36,0,957,0,0,6,0,6,845,76,42,0,963,0,0,0,963
03/14/2021,MIA,FL,ASO,ES,Combined TRACON& Tower with Radar,864,109,37,1,1011,0,0,8,0,8,864,109,45,1,1019,0,0,0,1019
03/15/2021,MIA,FL,ASO,ES,Combined TRACON& Tower with Radar,837,115,33,3,988,0,1,5,0,6,837,116,38,3,994,0,0,0,994
03/16/2021,MIA,FL,ASO,ES,Combined TRACON& Tower with Radar,842,81,19,3,945,0,0,5,0,5,842,81,24,3,950,0,0,0,950
03/17/2021,MIA,FL,ASO,ES,Combined TRACON& Tower with Radar,870,101,43,3,1017,0,4,4,0,8,870,105,47,3,1025,0,0,0,1025
03/18/2021,MIA,FL,ASO,ES,Combined TRACON& Tower with Radar,923,105,58,3,1089,0,2,8,0,10,923,107,66,3,1099,0,0,0,1099
03/19/2021,MIA,FL,ASO,ES,Combined TRACON& Tower with Radar,888,114,52,3,1057,0,3,11,0,14,888,117,63,3,1071,0,0,0,1071
03/20/2021,MIA,FL,ASO,ES,Combined TRACON& Tower with Radar,862,103,33,1,999,0,1,7,0,8,862,104,40,1,1007,0,0,0,1007
03/21/2021,MIA,FL,ASO,ES,Combined TRACON& Tower with Radar,880,82,46,0,1008,0,2,0,0,2,880,84,46,0,1010,0,0,0,1010
03/22/2021,MIA,FL,ASO,ES,Combined TRACON& Tower with Radar,869,95,26,1,991,0,2,7,0,9,869,97,33,1,1000,0,0,0,1000
03/23/2021,MIA,FL,ASO,ES,Combined TRACON& Tower with Radar,838,107,37,5,987,0,1,11,3,15,838,108,48,8,1002,0,0,0,1002
03/24/2021,MIA,FL,ASO,ES,Combined TRACON& Tower with Radar,904,117,30,6,1057,0,0,10,0,10,904,117,40,6,1067,0,0,0,1067
03/25/2021,MIA,FL,ASO,ES,Combined TRACON& Tower with Radar,902,119,47,4,1072,0,0,14,0,14,902,119,61,4,1086,0,0,0,1086
03/26/2021,MIA,FL,ASO,ES,Combined TRACON& Tower with Radar,904,110,48,0,1062,0,2,12,3,17,904,112,60,3,1079,0,0,0,1079
03/27/2021,MIA,FL,ASO,ES,Combined TRACON& Tower with Radar,859,114,47,1,1021,0,0,4,0,4,859,114,51,1,1025,0,0,0,1025
03/28/2021,MIA,FL,ASO,ES,Combined TRACON& Tower with Radar,916,85,49,3,1053,0,0,11,0,11,916,85,60,3,1064,0,0,0,1064
03/29/2021,MIA,FL,ASO,ES,Combined TRACON& Tower with Radar,857,105,21,2,985,1,1,7,0,9,858,106,28,2,994,0,0,0,994
03/30/2021,MIA,FL,ASO,ES,Combined TRACON& Tower with Radar,874,83,27,3,987,0,2,6,0,8,874,85,33,3,995,0,0,0,995
03/31/2021,MIA,FL,ASO,ES,Combined TRACON& Tower with Radar,898,91,21,2,1012,0,0,5,1,6,898,91,26,3,1018,0,0,0,1018
04/01/2021,MIA,FL,ASO,ES,Combined TRACON& Tower with Radar,923,84,41,0,1048,0,0,10,0,10,923,84,51,0,1058,0,0,0,1058
04/02/2021,MIA,FL,ASO,ES,Combined TRACON& Tower with Radar,879,72,40,0,991,0,0,11,0,11,879,72,51,0,1002,0,0,0,1002
04/03/2021,MIA,FL,ASO,ES,Combined TRACON& Tower with Radar,866,86,50,3,1005,0,0,12,0,12,866,86,62,3,1017,0,0,0,1017
04/04/2021,MIA,FL,ASO,ES,Combined TRACON& Tower with Radar,909,95,36,3,1043,0,2,2,0,4,909,97,38,3,1047,0,0,0,1047
04/05/2021,MIA,FL,ASO,ES,Combined TRACON& Tower with Radar,899,81,44,2,1026,0,2,15,0,17,899,83,59,2,1043,0,0,0,1043
04/06/2021,MIA,FL,ASO,ES,Combined TRACON& Tower with Radar,884,98,28,1,1011,0,2,6,0,8,884,100,34,1,1019,0,0,0,1019
04/07/2021,MIA,FL,ASO,ES,Combined TRACON& Tower with Radar,919,79,32,1,1031,0,2,14,0,16,919,81,46,1,1047,0,0,0,1047
04/08/2021,MIA,FL,ASO,ES,Combined TRACON& Tower with Radar,955,106,43,2,1106,0,0,7,0,7,955,106,50,2,1113,0,0,0,1113
04/09/2021,MIA,FL,ASO,ES,Combined TRACON& Tower with Radar,904,107,39,1,1051,0,0,6,0,6,904,107,45,1,1057,0,0,0,1057
04/10/2021,MIA,FL,ASO,ES,Combined TRACON& Tower with Radar,878,66,26,3,973,0,2,8,0,10,878,68,34,3,983,0,0,0,983
04/11/2021,MIA,FL,ASO,ES,Combined TRACON& Tower with Radar,704,53,38,0,795,0,2,1,0,3,704,55,39,0,798,0,0,0,798
04/12/2021,MIA,FL,ASO,ES,Combined TRACON& Tower with Radar,886,97,59,6,1048,0,0,3,0,3,886,97,62,6,1051,0,0,0,1051
04/13/2021,MIA,FL,ASO,ES,Combined TRACON& Tower with Radar,902,87,32,4,1025,0,3,4,0,7,902,90,36,4,1032,0,0,0,1032
04/14/2021,MIA,FL,ASO,ES,Combined TRACON& Tower with Radar,895,75,39,4,1013,0,0,4,0,4,895,75,43,4,1017,0,0,0,1017
04/15/2021,MIA,FL,ASO,ES,Combined TRACON& Tower with Radar,978,87,40,8,1113,0,1,7,0,8,978,88,47,8,1121,0,0,0,1121
04/16/2021,MIA,FL,ASO,ES,Combined TRACON& Tower with Radar,966,80,42,3,1091,0,1,6,0,7,966,81,48,3,1098,0,0,0,1098
04/17/2021,MIA,FL,ASO,ES,Combined TRACON& Tower with Radar,925,70,29,1,1025,0,0,3,0,3,925,70,32,1,1028,0,0,0,1028
04/18/2021,MIA,FL,ASO,ES,Combined TRACON& Tower with Radar,969,73,41,0,1083,0,0,5,0,5,969,73,46,0,1088,0,0,0,1088
04/19/2021,MIA,FL,ASO,ES,Combined TRACON& Tower with Radar,946,68,43,4,1061,0,0,4,0,4,946,68,47,4,1065,0,0,0,1065
04/20/2021,MIA,FL,ASO,ES,Combined TRACON& Tower with Radar,940,72,28,2,1042,0,0,10,0,10,940,72,38,2,1052,0,0,0,1052
04/21/2021,MIA,FL,ASO,ES,Combined TRACON& Tower with Radar,945,86,39,3,1073,0,1,8,1,10,945,87,47,4,1083,0,0,0,1083
04/22/2021,MIA,FL,ASO,ES,Combined TRACON& Tower with Radar,1015,85,58,6,1164,0,2,7,2,11,1015,87,65,8,1175,0,0,0,1175
04/23/2021,MIA,FL,ASO,ES,Combined TRACON& Tower with Radar,997,107,40,4,1148,0,0,2,1,3,997,107,42,5,1151,0,0,0,1151
04/24/2021,MIA,FL,ASO,ES,Combined TRACON& Tower with Radar,946,70,25,1,1042,0,0,1,0,1,946,70,26,1,1043,0,0,0,1043
04/25/2021,MIA,FL,ASO,ES,Combined TRACON& Tower with Radar,980,91,49,2,1122,0,2,12,0,14,980,93,61,2,1136,0,0,0,1136
04/26/2021,MIA,FL,ASO,ES,Combined TRACON& Tower with Radar,974,82,34,5,1095,0,1,8,0,9,974,83,42,5,1104,0,0,0,1104
04/27/2021,MIA,FL,ASO,ES,Combined TRACON& Tower with Radar,954,87,35,2,1078,0,2,7,0,9,954,89,42,2,1087,0,0,0,1087
04/28/2021,MIA,FL,ASO,ES,Combined TRACON& Tower with Radar,950,80,48,2,1080,0,4,0,0,4,950,84,48,2,1084,0,0,0,1084
04/29/2021,MIA,FL,ASO,ES,Combined TRACON& Tower with Radar,1019,90,50,1,1160,0,2,15,0,17,1019,92,65,1,1177,0,0,0,1177
04/30/2021,MIA,FL,ASO,ES,Combined TRACON& Tower with Radar,988,98,46,2,1134,0,0,12,1,13,988,98,58,3,1147,0,0,0,1147
05/01/2021,MIA,FL,ASO,ES,Combined TRACON& Tower with Radar,974,60,21,1,1056,0,1,11,0,12,974,61,32,1,1068,0,0,0,1068
05/02/2021,MIA,FL,ASO,ES,Combined TRACON& Tower with Radar,970,70,42,3,1085,0,3,2,1,6,970,73,44,4,1091,0,0,0,1091
05/03/2021,MIA,FL,ASO,ES,Combined TRACON& Tower with Radar,966,89,46,0,1101,0,1,2,0,3,966,90,48,0,1104,0,0,0,1104
05/04/2021,MIA,FL,ASO,ES,Combined TRACON& Tower with Radar,931,80,34,1,1046,0,1,6,0,7,931,81,40,1,1053,0,0,0,1053
05/05/2021,MIA,FL,ASO,ES,Combined TRACON& Tower with Radar,933,87,29,2,1051,0,2,1,0,3,933,89,30,2,1054,0,0,0,1054
05/06/2021,MIA,FL,ASO,ES,Combined TRACON& Tower with Radar,962,83,41,1,1087,0,1,4,0,5,962,84,45,1,1092,0,0,0,1092
05/07/2021,MIA,FL,ASO,ES,Combined TRACON& Tower with Radar,967,101,53,3,1124,0,0,9,0,9,967,101,62,3,1133,0,0,0,1133
05/08/2021,MIA,FL,ASO,ES,Combined TRACON& Tower with Radar,928,63,37,2,1030,0,3,9,0,12,928,66,46,2,1042,0,0,0,1042
05/09/2021,MIA,FL,ASO,ES,Combined TRACON& Tower with Radar,938,61,38,2,1039,0,3,4,0,7,938,64,42,2,1046,0,0,0,1046
05/10/2021,MIA,FL,ASO,ES,Combined TRACON& Tower with Radar,910,97,38,0,1045,0,0,11,0,11,910,97,49,0,1056,0,0,0,1056
05/11/2021,MIA,FL,ASO,ES,Combined TRACON& Tower with Radar,891,77,32,1,1001,0,0,7,0,7,891,77,39,1,1008,0,0,0,1008
05/12/2021,MIA,FL,ASO,ES,Combined TRACON& Tower with Radar,920,98,51,2,1071,0,0,4,0,4,920,98,55,2,1075,0,0,0,1075
05/13/2021,MIA,FL,ASO,ES,Combined TRACON& Tower with Radar,982,102,49,1,1134,0,3,8,0,11,982,105,57,1,1145,0,0,0,1145
05/14/2021,MIA,FL,ASO,ES,Combined TRACON& Tower with Radar,955,95,34,0,1084,0,2,4,0,6,955,97,38,0,1090,0,0,0,1090
05/15/2021,MIA,FL,ASO,ES,Combined TRACON& Tower with Radar,911,69,32,1,1013,0,0,8,0,8,911,69,40,1,1021,0,0,0,1021
05/16/2021,MIA,FL,ASO,ES,Combined TRACON& Tower with Radar,944,69,46,1,1060,1,1,7,1,10,945,70,53,2,1070,0,0,0,1070
05/17/2021,MIA,FL,ASO,ES,Combined TRACON& Tower with Radar,910,71,27,5,1013,0,0,7,0,7,910,71,34,5,1020,0,0,0,1020
05/18/2021,MIA,FL,ASO,ES,Combined TRACON& Tower with Radar,907,67,36,0,1010,0,4,6,0,10,907,71,42,0,1020,0,0,0,1020
05/19/2021,MIA,FL,ASO,ES,Combined TRACON& Tower with Radar,948,90,29,1,1068,0,1,4,1,6,948,91,33,2,1074,0,0,0,1074
05/20/2021,MIA,FL,ASO,ES,Combined TRACON& Tower with Radar,1000,90,33,1,1124,0,2,8,2,12,1000,92,41,3,1136,0,0,0,1136
05/21/2021,MIA,FL,ASO,ES,Combined TRACON& Tower with Radar,949,78,39,0,1066,0,1,5,0,6,949,79,44,0,1072,0,0,0,1072
05/22/2021,MIA,FL,ASO,ES,Combined TRACON& Tower with Radar,942,50,18,0,1010,0,0,19,0,19,942,50,37,0,1029,0,0,0,1029
05/23/2021,MIA,FL,ASO,ES,Combined TRACON& Tower with Radar,965,66,31,0,1062,0,1,2,0,3,965,67,33,0,1065,0,0,0,1065
05/24/2021,MIA,FL,ASO,ES,Combined TRACON& Tower with Radar,933,80,21,0,1034,0,0,4,0,4,933,80,25,0,1038,0,0,0,1038
05/25/2021,MIA,FL,ASO,ES,Combined TRACON& Tower with Radar,930,85,19,4,1038,0,2,6,1,9,930,87,25,5,1047,0,0,0,1047
05/26/2021,MIA,FL,ASO,ES,Combined TRACON& Tower with Radar,941,84,13,3,1041,0,2,2,0,4,941,86,15,3,1045,0,0,0,1045
05/27/2021,MIA,FL,ASO,ES,Combined TRACON& Tower with Radar,1009,90,48,2,1149,0,1,12,0,13,1009,91,60,2,1162,0,0,0,1162
05/28/2021,MIA,FL,ASO,ES,Combined TRACON& Tower with Radar,970,80,30,0,1080,0,2,9,0,11,970,82,39,0,1091,0,0,0,1091
05/29/2021,MIA,FL,ASO,ES,Combined TRACON& Tower with Radar,941,65,31,0,1037,0,0,7,0,7,941,65,38,0,1044,0,0,0,1044
05/30/2021,MIA,FL,ASO,ES,Combined TRACON& Tower with Radar,952,54,18,0,1024,0,0,3,0,3,952,54,21,0,1027,0,0,0,1027
05/31/2021,MIA,FL,ASO,ES,Combined TRACON& Tower with Radar,925,68,38,3,1034,0,0,2,0,2,925,68,40,3,1036,0,0,0,1036
06/01/2021,MIA,FL,ASO,ES,Combined TRACON& Tower with Radar,897,99,31,1,1028,0,0,1,0,1,897,99,32,1,1029,0,0,0,1029
06/02/2021,MIA,FL,ASO,ES,Combined TRACON& Tower with Radar,941,86,31,4,1062,0,0,17,0,17,941,86,48,4,1079,0,0,0,1079
06/03/2021,MIA,FL,ASO,ES,Combined TRACON& Tower with Radar,969,87,36,0,1092,0,0,4,0,4,969,87,40,0,1096,0,0,0,1096
06/04/2021,MIA,FL,ASO,ES,Combined TRACON& Tower with Radar,980,89,39,1,1109,0,0,17,3,20,980,89,56,4,1129,0,0,0,1129
06/05/2021,MIA,FL,ASO,ES,Combined TRACON& Tower with Radar,973,49,32,0,1054,0,0,6,0,6,973,49,38,0,1060,0,0,0,1060
06/06/2021,MIA,FL,ASO,ES,Combined TRACON& Tower with Radar,961,64,39,1,1065,0,0,8,0,8,961,64,47,1,1073,0,0,0,1073
06/07/2021,MIA,FL,ASO,ES,Combined TRACON& Tower with Radar,959,88,34,0,1081,0,2,7,0,9,959,90,41,0,1090,0,0,0,1090
06/08/2021,MIA,FL,ASO,ES,Combined TRACON& Tower with Radar,953,75,20,1,1049,0,0,15,0,15,953,75,35,1,1064,0,0,0,1064
06/09/2021,MIA,FL,ASO,ES,Combined TRACON& Tower with Radar,965,66,24,4,1059,0,2,11,0,13,965,68,35,4,1072,0,0,0,1072
06/10/2021,MIA,FL,ASO,ES,Combined TRACON& Tower with Radar,1033,74,32,3,1142,0,1,7,1,9,1033,75,39,4,1151,0,0,0,1151
06/11/2021,MIA,FL,ASO,ES,Combined TRACON& Tower with Radar,974,74,26,4,1078,0,1,0,1,2,974,75,26,5,1080,0,0,0,1080
06/12/2021,MIA,FL,ASO,ES,Combined TRACON& Tower with Radar,1012,54,22,1,1089,0,0,16,1,17,1012,54,38,2,1106,0,0,0,1106
06/13/2021,MIA,FL,ASO,ES,Combined TRACON& Tower with Radar,971,56,34,0,1061,0,1,4,0,5,971,57,38,0,1066,0,0,0,1066
06/14/2021,MIA,FL,ASO,ES,Combined TRACON& Tower with Radar,963,76,23,2,1064,1,2,3,0,6,964,78,26,2,1070,0,0,0,1070
06/15/2021,MIA,FL,ASO,ES,Combined TRACON& Tower with Radar,964,76,23,3,1066,0,0,0,0,0,964,76,23,3,1066,0,0,0,1066
06/16/2021,MIA,FL,ASO,ES,Combined TRACON& Tower with Radar,994,73,37,4,1108,0,1,6,0,7,994,74,43,4,1115,0,0,0,1115
06/17/2021,MIA,FL,ASO,ES,Combined TRACON& Tower with Radar,1028,67,35,3,1133,0,2,13,1,16,1028,69,48,4,1149,0,0,0,1149
06/18/2021,MIA,FL,ASO,ES,Combined TRACON& Tower with Radar,978,84,40,4,1106,0,0,7,0,7,978,84,47,4,1113,0,0,0,1113
06/19/2021,MIA,FL,ASO,ES,Combined TRACON& Tower with Radar,1007,48,34,2,1091,0,0,7,0,7,1007,48,41,2,1098,0,0,0,1098
06/20/2021,MIA,FL,ASO,ES,Combined TRACON& Tower with Radar,962,54,39,1,1056,0,1,4,0,5,962,55,43,1,1061,0,0,0,1061
06/21/2021,MIA,FL,ASO,ES,Combined TRACON& Tower with Radar,972,61,24,1,1058,0,1,6,0,7,972,62,30,1,1065,0,0,0,1065
06/22/2021,MIA,FL,ASO,ES,Combined TRACON& Tower with Radar,993,59,17,1,1070,0,3,3,0,6,993,62,20,1,1076,0,0,0,1076
06/23/2021,MIA,FL,ASO,ES,Combined TRACON& Tower with Radar,1034,56,37,5,1132,0,2,11,1,14,1034,58,48,6,1146,0,0,0,1146
06/24/2021,MIA,FL,ASO,ES,Combined TRACON& Tower with Radar,1026,82,42,3,1153,0,2,12,0,14,1026,84,54,3,1167,0,0,0,1167
06/25/2021,MIA,FL,ASO,ES,Combined TRACON& Tower with Radar,1013,69,40,0,1122,0,0,8,0,8,1013,69,48,0,1130,0,0,0,1130
06/26/2021,MIA,FL,ASO,ES,Combined TRACON& Tower with Radar,1027,43,30,1,1101,0,0,4,0,4,1027,43,34,1,1105,0,0,0,1105
06/27/2021,MIA,FL,ASO,ES,Combined TRACON& Tower with Radar,1006,52,32,0,1090,0,1,4,0,5,1006,53,36,0,1095,0,0,0,1095
06/28/2021,MIA,FL,ASO,ES,Combined TRACON& Tower with Radar,956,66,36,10,1068,0,0,5,0,5,956,66,41,10,1073,0,0,0,1073
06/29/2021,MIA,FL,ASO,ES,Combined TRACON& Tower with Radar,952,71,26,6,1055,0,0,9,0,9,952,71,35,6,1064,0,0,0,1064
06/30/2021,MIA,FL,ASO,ES,Combined TRACON& Tower with Radar,1012,64,31,9,1116,0,0,7,1,8,1012,64,38,10,1124,0,0,0,1124
07/01/2021,MIA,FL,ASO,ES,Combined TRACON& Tower with Radar,1057,53,12,5,1127,0,0,4,0,4,1057,53,16,5,1131,0,0,0,1131
07/02/2021,MIA,FL,ASO,ES,Combined TRACON& Tower with Radar,968,67,28,5,1068,0,2,11,0,13,968,69,39,5,1081,0,0,0,1081
07/03/2021,MIA,FL,ASO,ES,Combined TRACON& Tower with Radar,1034,58,15,2,1109,0,0,4,0,4,1034,58,19,2,1113,0,0,0,1113
07/04/2021,MIA,FL,ASO,ES,Combined TRACON& Tower with Radar,1001,36,16,0,1053,0,0,7,0,7,1001,36,23,0,1060,0,0,0,1060
07/05/2021,MIA,FL,ASO,ES,Combined TRACON& Tower with Radar,937,49,26,2,1014,0,0,2,0,2,937,49,28,2,1016,0,0,0,1016
07/06/2021,MIA,FL,ASO,ES,Combined TRACON& Tower with Radar,944,54,5,5,1008,0,0,0,0,0,944,54,5,5,1008,0,0,0,1008
07/07/2021,MIA,FL,ASO,ES,Combined TRACON& Tower with Radar,996,66,33,4,1099,0,0,3,0,3,996,66,36,4,1102,0,0,0,1102
07/08/2021,MIA,FL,ASO,ES,Combined TRACON& Tower with Radar,1046,74,33,2,1155,0,0,8,0,8,1046,74,41,2,1163,0,0,0,1163
07/09/2021,MIA,FL,ASO,ES,Combined TRACON& Tower with Radar,1008,78,19,4,1109,0,2,2,0,4,1008,80,21,4,1113,0,0,0,1113
07/10/2021,MIA,FL,ASO,ES,Combined TRACON& Tower with Radar,1040,34,30,1,1105,0,0,7,0,7,1040,34,37,1,1112,0,0,0,1112
07/11/2021,MIA,FL,ASO,ES,Combined TRACON& Tower with Radar,1014,48,25,1,1088,0,1,4,0,5,1014,49,29,1,1093,0,0,0,1093
07/12/2021,MIA,FL,ASO,ES,Combined TRACON& Tower with Radar,934,71,17,2,1024,0,1,2,0,3,934,72,19,2,1027,0,0,0,1027
07/13/2021,MIA,FL,ASO,ES,Combined TRACON& Tower with Radar,1023,67,23,3,1116,0,0,4,0,4,1023,67,27,3,1120,0,0,0,1120
07/14/2021,MIA,FL,ASO,ES,Combined TRACON& Tower with Radar,1018,77,16,5,1116,1,0,7,0,8,1019,77,23,5,1124,0,0,0,1124
07/15/2021,MIA,FL,ASO,ES,Combined TRACON& Tower with Radar,1054,89,23,3,1169,0,0,0,0,0,1054,89,23,3,1169,0,0,0,1169
07/16/2021,MIA,FL,ASO,ES,Combined TRACON& Tower with Radar,1015,82,31,0,1128,0,5,8,2,15,1015,87,39,2,1143,0,0,0,1143
07/17/2021,MIA,FL,ASO,ES,Combined TRACON& Tower with Radar,1024,37,21,0,1082,0,0,4,1,5,1024,37,25,1,1087,0,0,0,1087
07/18/2021,MIA,FL,ASO,ES,Combined TRACON& Tower with Radar,1021,60,27,0,1108,2,1,5,2,10,1023,61,32,2,1118,0,0,0,1118
07/19/2021,MIA,FL,ASO,ES,Combined TRACON& Tower with Radar,951,77,29,2,1059,0,1,8,0,9,951,78,37,2,1068,0,0,0,1068
07/20/2021,MIA,FL,ASO,ES,Combined TRACON& Tower with Radar,1010,70,31,1,1112,0,0,3,0,3,1010,70,34,1,1115,0,0,0,1115
07/21/2021,MIA,FL,ASO,ES,Combined TRACON& Tower with Radar,1020,74,35,4,1133,0,1,8,0,9,1020,75,43,4,1142,0,0,0,1142
07/22/2021,MIA,FL,ASO,ES,Combined TRACON& Tower with Radar,1071,71,38,1,1181,0,0,2,0,2,1071,71,40,1,1183,0,0,0,1183
07/23/2021,MIA,FL,ASO,ES,Combined TRACON& Tower with Radar,1008,74,24,2,1108,0,0,2,0,2,1008,74,26,2,1110,0,0,0,1110
07/24/2021,MIA,FL,ASO,ES,Combined TRACON& Tower with Radar,1052,39,18,0,1109,0,0,6,0,6,1052,39,24,0,1115,0,0,0,1115
07/25/2021,MIA,FL,ASO,ES,Combined TRACON& Tower with Radar,1019,47,22,0,1088,0,0,6,0,6,1019,47,28,0,1094,0,0,0,1094
07/26/2021,MIA,FL,ASO,ES,Combined TRACON& Tower with Radar,961,72,20,0,1053,0,0,4,0,4,961,72,24,0,1057,0,0,0,1057
07/27/2021,MIA,FL,ASO,ES,Combined TRACON& Tower with Radar,1000,55,21,1,1077,0,0,5,0,5,1000,55,26,1,1082,0,0,0,1082
07/28/2021,MIA,FL,ASO,ES,Combined TRACON& Tower with Radar,1025,74,27,2,1128,0,2,9,0,11,1025,76,36,2,1139,0,0,0,1139
07/29/2021,MIA,FL,ASO,ES,Combined TRACON& Tower with Radar,1063,77,39,2,1181,0,0,6,0,6,1063,77,45,2,1187,0,0,0,1187
07/30/2021,MIA,FL,ASO,ES,Combined TRACON& Tower with Radar,1024,89,25,0,1138,0,0,7,0,7,1024,89,32,0,1145,0,0,0,1145
07/31/2021,MIA,FL,ASO,ES,Combined TRACON& Tower with Radar,1049,38,18,0,1105,0,0,8,0,8,1049,38,26,0,1113,0,0,0,1113
08/01/2021,MIA,FL,ASO,ES,Combined TRACON& Tower with Radar,993,51,21,0,1065,0,0,2,0,2,993,51,23,0,1067,0,0,0,1067
08/02/2021,MIA,FL,ASO,ES,Combined TRACON& Tower with Radar,950,59,38,0,1047,0,1,11,1,13,950,60,49,1,1060,0,0,0,1060
08/03/2021,MIA,FL,ASO,ES,Combined TRACON& Tower with Radar,903,66,25,1,995,0,0,2,0,2,903,66,27,1,997,0,0,0,997
08/04/2021,MIA,FL,ASO,ES,Combined TRACON& Tower with Radar,1010,67,26,2,1105,0,0,1,0,1,1010,67,27,2,1106,0,0,0,1106
08/05/2021,MIA,FL,ASO,ES,Combined TRACON& Tower with Radar,1041,60,32,3,1136,0,0,1,0,1,1041,60,33,3,1137,0,0,0,1137
08/06/2021,MIA,FL,ASO,ES,Combined TRACON& Tower with Radar,1010,88,19,0,1117,0,0,4,0,4,1010,88,23,0,1121,0,0,0,1121
08/07/2021,MIA,FL,ASO,ES,Combined TRACON& Tower with Radar,1038,37,18,3,1096,0,1,4,0,5,1038,38,22,3,1101,0,0,0,1101
08/08/2021,MIA,FL,ASO,ES,Combined TRACON& Tower with Radar,1010,38,24,1,1073,0,0,2,0,2,1010,38,26,1,1075,0,0,0,1075
08/09/2021,MIA,FL,ASO,ES,Combined TRACON& Tower with Radar,972,64,24,2,1062,0,0,15,0,15,972,64,39,2,1077,0,0,0,1077
08/10/2021,MIA,FL,ASO,ES,Combined TRACON& Tower with Radar,979,57,20,3,1059,0,0,11,0,11,979,57,31,3,1070,0,0,0,1070
08/11/2021,MIA,FL,ASO,ES,Combined TRACON& Tower with Radar,988,67,16,4,1075,0,0,3,0,3,988,67,19,4,1078,0,0,0,1078
08/12/2021,MIA,FL,ASO,ES,Combined TRACON& Tower with Radar,972,62,25,1,1060,0,1,2,0,3,972,63,27,1,1063,0,0,0,1063
08/13/2021,MIA,FL,ASO,ES,Combined TRACON& Tower with Radar,1035,71,22,3,1131,0,0,8,0,8,1035,71,30,3,1139,0,0,0,1139
08/14/2021,MIA,FL,ASO,ES,Combined TRACON& Tower with Radar,988,36,19,0,1043,0,0,7,0,7,988,36,26,0,1050,0,0,0,1050
08/15/2021,MIA,FL,ASO,ES,Combined TRACON& Tower with Radar,1006,33,22,2,1063,1,0,5,0,6,1007,33,27,2,1069,0,0,0,1069
08/16/2021,MIA,FL,ASO,ES,Combined TRACON& Tower with Radar,979,77,20,4,1080,0,1,4,0,5,979,78,24,4,1085,0,0,0,1085
08/17/2021,MIA,FL,ASO,ES,Combined TRACON& Tower with Radar,867,50,25,6,948,0,0,0,0,0,867,50,25,6,948,0,0,0,948
08/18/2021,MIA,FL,ASO,ES,Combined TRACON& Tower with Radar,906,54,20,7,987,0,0,4,0,4,906,54,24,7,991,0,0,0,991
08/19/2021,MIA,FL,ASO,ES,Combined TRACON& Tower with Radar,975,69,28,7,1079,0,0,8,1,9,975,69,36,8,1088,0,0,0,1088
08/20/2021,MIA,FL,ASO,ES,Combined TRACON& Tower with Radar,919,67,33,2,1021,0,0,8,0,8,919,67,41,2,1029,0,0,0,1029
08/21/2021,MIA,FL,ASO,ES,Combined TRACON& Tower with Radar,937,39,18,2,996,0,0,7,0,7,937,39,25,2,1003,0,0,0,1003
08/22/2021,MIA,FL,ASO,ES,Combined TRACON& Tower with Radar,893,61,26,2,982,0,0,4,2,6,893,61,30,4,988,0,0,0,988
08/23/2021,MIA,FL,ASO,ES,Combined TRACON& Tower with Radar,902,52,31,1,986,0,2,6,0,8,902,54,37,1,994,0,0,0,994
08/24/2021,MIA,FL,ASO,ES,Combined TRACON& Tower with Radar,883,48,21,3,955,0,0,6,0,6,883,48,27,3,961,0,0,0,961
08/25/2021,MIA,FL,ASO,ES,Combined TRACON& Tower with Radar,882,47,32,3,964,0,0,8,0,8,882,47,40,3,972,0,0,0,972
08/26/2021,MIA,FL,ASO,ES,Combined TRACON& Tower with Radar,956,53,42,3,1054,0,2,13,0,15,956,55,55,3,1069,0,0,0,1069
08/27/2021,MIA,FL,ASO,ES,Combined TRACON& Tower with Radar,905,57,15,4,981,0,1,0,0,1,905,58,15,4,982,0,0,0,982
08/28/2021,MIA,FL,ASO,ES,Combined TRACON& Tower with Radar,931,26,26,6,989,0,0,4,0,4,931,26,30,6,993,0,0,0,993
08/29/2021,MIA,FL,ASO,ES,Combined TRACON& Tower with Radar,903,32,16,2,953,0,2,4,0,6,903,34,20,2,959,0,0,0,959
08/30/2021,MIA,FL,ASO,ES,Combined TRACON& Tower with Radar,880,48,18,0,946,0,0,4,0,4,880,48,22,0,950,0,0,0,950
08/31/2021,MIA,FL,ASO,ES,Combined TRACON& Tower with Radar,879,68,14,5,966,0,1,4,0,5,879,69,18,5,971,0,0,0,971
09/01/2021,MIA,FL,ASO,ES,Combined TRACON& Tower with Radar,879,65,26,3,973,0,0,4,0,4,879,65,30,3,977,0,0,0,977
09/02/2021,MIA,FL,ASO,ES,Combined TRACON& Tower with Radar,936,60,11,1,1008,0,2,0,0,2,936,62,11,1,1010,0,0,0,1010
09/03/2021,MIA,FL,ASO,ES,Combined TRACON& Tower with Radar,917,66,25,5,1013,0,3,3,0,6,917,69,28,5,1019,0,0,0,1019
09/04/2021,MIA,FL,ASO,ES,Combined TRACON& Tower with Radar,900,34,4,2,940,0,1,4,0,5,900,35,8,2,945,0,0,0,945
09/05/2021,MIA,FL,ASO,ES,Combined TRACON& Tower with Radar,867,30,5,1,903,0,0,0,0,0,867,30,5,1,903,0,0,0,903
09/06/2021,MIA,FL,ASO,ES,Combined TRACON& Tower with Radar,867,52,32,4,955,0,0,3,0,3,867,52,35,4,958,0,0,0,958
09/07/2021,MIA,FL,ASO,ES,Combined TRACON& Tower with Radar,838,58,24,0,920,0,2,5,0,7,838,60,29,0,927,0,0,0,927
09/08/2021,MIA,FL,ASO,ES,Combined TRACON& Tower with Radar,849,57,27,1,934,0,2,5,0,7,849,59,32,1,941,0,0,0,941
09/09/2021,MIA,FL,ASO,ES,Combined TRACON& Tower with Radar,925,60,31,1,1017,0,4,3,0,7,925,64,34,1,1024,0,0,0,1024
09/10/2021,MIA,FL,ASO,ES,Combined TRACON& Tower with Radar,896,58,20,2,976,0,3,8,2,13,896,61,28,4,989,0,0,0,989
09/11/2021,MIA,FL,ASO,ES,Combined TRACON& Tower with Radar,864,24,12,0,900,0,2,1,0,3,864,26,13,0,903,0,0,0,903
09/12/2021,MIA,FL,ASO,ES,Combined TRACON& Tower with Radar,858,38,17,2,915,0,2,2,0,4,858,40,19,2,919,0,0,0,919
09/13/2021,MIA,FL,ASO,ES,Combined TRACON& Tower with Radar,864,61,12,2,939,0,1,0,0,1,864,62,12,2,940,0,0,0,940
09/14/2021,MIA,FL,ASO,ES,Combined TRACON& Tower with Radar,829,51,33,2,915,0,2,4,0,6,829,53,37,2,921,0,0,0,921
09/15/2021,MIA,FL,ASO,ES,Combined TRACON& Tower with Radar,861,73,25,4,963,0,3,3,0,6,861,76,28,4,969,0,0,0,969
09/16/2021,MIA,FL,ASO,ES,Combined TRACON& Tower with Radar,919,66,23,2,1010,0,7,3,0,10,919,73,26,2,1020,0,0,0,1020
09/17/2021,MIA,FL,ASO,ES,Combined TRACON& Tower with Radar,897,71,20,1,989,0,2,7,0,9,897,73,27,1,998,0,0,0,998
09/18/2021,MIA,FL,ASO,ES,Combined TRACON& Tower with Radar,887,27,18,0,932,0,3,18,0,21,887,30,36,0,953,0,0,0,953
09/19/2021,MIA,FL,ASO,ES,Combined TRACON& Tower with Radar,895,44,34,3,976,0,1,6,0,7,895,45,40,3,983,0,0,0,983
09/20/2021,MIA,FL,ASO,ES,Combined TRACON& Tower with Radar,861,66,19,2,948,0,1,5,0,6,861,67,24,2,954,0,0,0,954
09/21/2021,MIA,FL,ASO,ES,Combined TRACON& Tower with Radar,829,66,23,2,920,0,4,4,0,8,829,70,27,2,928,0,0,0,928
09/22/2021,MIA,FL,ASO,ES,Combined TRACON& Tower with Radar,862,71,14,2,949,1,2,8,0,11,863,73,22,2,960,0,0,0,960
09/23/2021,MIA,FL,ASO,ES,Combined TRACON& Tower with Radar,900,59,27,1,987,0,2,3,0,5,900,61,30,1,992,0,0,0,992
09/24/2021,MIA,FL,ASO,ES,Combined TRACON& Tower with Radar,926,64,34,0,1024,0,3,4,0,7,926,67,38,0,1031,0,0,0,1031
09/25/2021,MIA,FL,ASO,ES,Combined TRACON& Tower with Radar,867,34,11,4,916,0,2,5,0,7,867,36,16,4,923,0,0,0,923
09/26/2021,MIA,FL,ASO,ES,Combined TRACON& Tower with Radar,874,42,26,1,943,0,0,3,0,3,874,42,29,1,946,0,0,0,946
09/27/2021,MIA,FL,ASO,ES,Combined TRACON& Tower with Radar,854,63,31,3,951,0,4,6,0,10,854,67,37,3,961,0,0,0,961
09/28/2021,MIA,FL,ASO,ES,Combined TRACON& Tower with Radar,825,53,25,8,911,0,6,1,0,7,825,59,26,8,918,0,0,0,918
09/29/2021,MIA,FL,ASO,ES,Combined TRACON& Tower with Radar,883,67,31,5,986,0,4,3,1,8,883,71,34,6,994,0,0,0,994
09/30/2021,MIA,FL,ASO,ES,Combined TRACON& Tower with Radar,929,78,33,7,1047,0,2,6,0,8,929,80,39,7,1055,0,0,0,1055
10/01/2021,MIA,FL,ASO,ES,Combined TRACON& Tower with Radar,883,76,30,3,992,0,3,3,0,6,883,79,33,3,998,0,0,0,998
10/02/2021,MIA,FL,ASO,ES,Combined TRACON& Tower with Radar,878,43,20,2,943,0,1,1,0,2,878,44,21,2,945,0,0,0,945
10/03/2021,MIA,FL,ASO,ES,Combined TRACON& Tower with Radar,885,42,20,0,947,0,4,4,0,8,885,46,24,0,955,0,0,0,955
10/04/2021,MIA,FL,ASO,ES,Combined TRACON& Tower with Radar,869,58,21,4,952,0,1,1,0,2,869,59,22,4,954,0,0,0,954
10/05/2021,MIA,FL,ASO,ES,Combined TRACON& Tower with Radar,857,53,21,3,934,0,2,2,0,4,857,55,23,3,938,0,0,0,938
10/06/2021,MIA,FL,ASO,ES,Combined TRACON& Tower with Radar,894,65,29,4,992,0,2,5,0,7,894,67,34,4,999,0,0,0,999
10/07/2021,MIA,FL,ASO,ES,Combined TRACON& Tower with Radar,1028,69,32,1,1130,0,4,4,0,8,1028,73,36,1,1138,0,0,0,1138
10/08/2021,MIA,FL,ASO,ES,Combined TRACON& Tower with Radar,940,66,34,2,1042,0,2,7,0,9,940,68,41,2,1051,0,0,0,1051
10/09/2021,MIA,FL,ASO,ES,Combined TRACON& Tower with Radar,993,34,27,0,1054,0,3,10,0,13,993,37,37,0,1067,0,0,0,1067
10/10/2021,MIA,FL,ASO,ES,Combined TRACON& Tower with Radar,1004,35,23,0,1062,0,0,12,0,12,1004,35,35,0,1074,0,0,0,1074
10/11/2021,MIA,FL,ASO,ES,Combined TRACON& Tower with Radar,1012,63,30,0,1105,0,2,6,0,8,1012,65,36,0,1113,0,0,0,1113
10/12/2021,MIA,FL,ASO,ES,Combined TRACON& Tower with Radar,989,60,23,5,1077,0,4,2,1,7,989,64,25,6,1084,0,0,0,1084
10/13/2021,MIA,FL,ASO,ES,Combined TRACON& Tower with Radar,1006,69,25,2,1102,0,2,5,0,7,1006,71,30,2,1109,0,0,0,1109
10/14/2021,MIA,FL,ASO,ES,Combined TRACON& Tower with Radar,1056,77,33,3,1169,0,4,6,0,10,1056,81,39,3,1179,0,0,0,1179
10/15/2021,MIA,FL,ASO,ES,Combined TRACON& Tower with Radar,1023,67,43,2,1135,0,2,7,2,11,1023,69,50,4,1146,0,0,0,1146
10/16/2021,MIA,FL,ASO,ES,Combined TRACON& Tower with Radar,976,53,38,0,1067,0,2,5,0,7,976,55,43,0,1074,0,0,0,1074
10/17/2021,MIA,FL,ASO,ES,Combined TRACON& Tower with Radar,1023,56,36,0,1115,0,5,10,1,16,1023,61,46,1,1131,0,0,0,1131
10/18/2021,MIA,FL,ASO,ES,Combined TRACON& Tower with Radar,1002,66,41,0,1109,0,3,1,0,4,1002,69,42,0,1113,0,0,0,1113
10/19/2021,MIA,FL,ASO,ES,Combined TRACON& Tower with Radar,977,80,19,1,1077,0,2,0,2,4,977,82,19,3,1081,0,0,0,1081
10/20/2021,MIA,FL,ASO,ES,Combined TRACON& Tower with Radar,1018,65,40,2,1125,0,3,7,0,10,1018,68,47,2,1135,0,0,0,1135
10/21/2021,MIA,FL,ASO,ES,Combined TRACON& Tower with Radar,1055,73,43,0,1171,0,2,5,0,7,1055,75,48,0,1178,0,0,0,1178
10/22/2021,MIA,FL,ASO,ES,Combined TRACON& Tower with Radar,1043,77,38,1,1159,0,2,5,0,7,1043,79,43,1,1166,0,0,0,1166
10/23/2021,MIA,FL,ASO,ES,Combined TRACON& Tower with Radar,986,32,22,0,1040,0,1,0,0,1,986,33,22,0,1041,0,0,0,1041
10/24/2021,MIA,FL,ASO,ES,Combined TRACON& Tower with Radar,1026,47,37,0,1110,0,0,2,0,2,1026,47,39,0,1112,0,0,0,1112
10/25/2021,MIA,FL,ASO,ES,Combined TRACON& Tower with Radar,1001,64,35,0,1100,0,1,4,0,5,1001,65,39,0,1105,0,0,0,1105
10/26/2021,MIA,FL,ASO,ES,Combined TRACON& Tower with Radar,980,61,19,2,1062,0,2,29,0,31,980,63,48,2,1093,0,0,0,1093
10/27/2021,MIA,FL,ASO,ES,Combined TRACON& Tower with Radar,1014,69,40,0,1123,0,4,7,0,11,1014,73,47,0,1134,0,0,0,1134
10/28/2021,MIA,FL,ASO,ES,Combined TRACON& Tower with Radar,1045,83,30,0,1158,0,3,6,0,9,1045,86,36,0,1167,0,0,0,1167
10/29/2021,MIA,FL,ASO,ES,Combined TRACON& Tower with Radar,1001,104,47,13,1165,0,3,2,2,7,1001,107,49,15,1172,0,0,0,1172
10/30/2021,MIA,FL,ASO,ES,Combined TRACON& Tower with Radar,901,48,27,1,977,0,1,3,0,4,901,49,30,1,981,0,0,0,981
10/31/2021,MIA,FL,ASO,ES,Combined TRACON& Tower with Radar,794,52,36,2,884,0,0,5,0,5,794,52,41,2,889,0,0,0,889
11/01/2021,MIA,FL,ASO,ES,Combined TRACON& Tower with Radar,916,78,54,0,1048,0,5,8,0,13,916,83,62,0,1061,0,0,0,1061
11/02/2021,MIA,FL,ASO,ES,Combined TRACON& Tower with Radar,953,72,32,1,1058,0,3,2,0,5,953,75,34,1,1063,0,0,0,1063
11/03/2021,MIA,FL,ASO,ES,Combined TRACON& Tower with Radar,1152,87,36,2,1277,0,4,6,0,10,1152,91,42,2,1287,0,0,0,1287
11/04/2021,MIA,FL,ASO,ES,Combined TRACON& Tower with Radar,1179,84,36,1,1300,0,2,14,0,16,1179,86,50,1,1316,0,0,0,1316
11/05/2021,MIA,FL,ASO,ES,Combined TRACON& Tower with Radar,1181,80,27,0,1288,1,2,2,0,5,1182,82,29,0,1293,0,0,0,1293
11/06/2021,MIA,FL,ASO,ES,Combined TRACON& Tower with Radar,1107,44,19,0,1170,0,1,5,0,6,1107,45,24,0,1176,0,0,0,1176
11/07/2021,MIA,FL,ASO,ES,Combined TRACON& Tower with Radar,1132,77,43,0,1252,0,0,7,0,7,1132,77,50,0,1259,0,0,0,1259
11/08/2021,MIA,FL,ASO,ES,Combined TRACON& Tower with Radar,1104,68,56,2,1230,0,1,6,0,7,1104,69,62,2,1237,0,0,0,1237
11/09/2021,MIA,FL,ASO,ES,Combined TRACON& Tower with Radar,953,71,37,1,1062,0,2,7,0,9,953,73,44,1,1071,0,0,0,1071
11/10/2021,MIA,FL,ASO,ES,Combined TRACON& Tower with Radar,1146,98,41,3,1288,0,5,9,2,16,1146,103,50,5,1304,0,0,0,1304
11/11/2021,MIA,FL,ASO,ES,Combined TRACON& Tower with Radar,1185,91,43,0,1319,0,5,6,0,11,1185,96,49,0,1330,0,0,0,1330
11/12/2021,MIA,FL,ASO,ES,Combined TRACON& Tower with Radar,1141,66,41,0,1248,0,2,8,0,10,1141,68,49,0,1258,0,0,0,1258
11/13/2021,MIA,FL,ASO,ES,Combined TRACON& Tower with Radar,1142,39,34,0,1215,0,2,5,0,7,1142,41,39,0,1222,0,0,0,1222
11/14/2021,MIA,FL,ASO,ES,Combined TRACON& Tower with Radar,1143,50,50,0,1243,0,0,7,0,7,1143,50,57,0,1250,0,0,0,1250
11/15/2021,MIA,FL,ASO,ES,Combined TRACON& Tower with Radar,1144,76,50,1,1271,0,4,4,0,8,1144,80,54,1,1279,0,0,0,1279
11/16/2021,MIA,FL,ASO,ES,Combined TRACON& Tower with Radar,993,74,42,2,1111,0,3,1,0,4,993,77,43,2,1115,0,0,0,1115
11/17/2021,MIA,FL,ASO,ES,Combined TRACON& Tower with Radar,1176,81,29,2,1288,0,2,3,0,5,1176,83,32,2,1293,0,0,0,1293
11/18/2021,MIA,FL,ASO,ES,Combined TRACON& Tower with Radar,1218,95,47,3,1363,0,2,5,1,8,1218,97,52,4,1371,0,0,0,1371
11/19/2021,MIA,FL,ASO,ES,Combined TRACON& Tower with Radar,1220,94,42,2,1358,0,2,5,0,7,1220,96,47,2,1365,0,0,0,1365
11/20/2021,MIA,FL,ASO,ES,Combined TRACON& Tower with Radar,1209,75,35,0,1319,0,1,1,0,2,1209,76,36,0,1321,0,0,0,1321
11/21/2021,MIA,FL,ASO,ES,Combined TRACON& Tower with Radar,1210,62,41,1,1314,0,1,10,0,11,1210,63,51,1,1325,0,0,0,1325
11/22/2021,MIA,FL,ASO,ES,Combined TRACON& Tower with Radar,1050,73,21,2,1146,0,1,8,0,9,1050,74,29,2,1155,0,0,0,1155
11/23/2021,MIA,FL,ASO,ES,Combined TRACON& Tower with Radar,1094,76,34,1,1205,0,4,5,0,9,1094,80,39,1,1214,0,0,0,1214
11/24/2021,MIA,FL,ASO,ES,Combined TRACON& Tower with Radar,1241,75,32,1,1349,0,5,9,0,14,1241,80,41,1,1363,0,0,0,1363
11/25/2021,MIA,FL,ASO,ES,Combined TRACON& Tower with Radar,964,65,22,0,1051,0,0,1,0,1,964,65,23,0,1052,0,0,0,1052
11/26/2021,MIA,FL,ASO,ES,Combined TRACON& Tower with Radar,1152,78,19,0,1249,0,6,5,0,11,1152,84,24,0,1260,0,0,0,1260
11/27/2021,MIA,FL,ASO,ES,Combined TRACON& Tower with Radar,1242,69,35,2,1348,0,1,2,0,3,1242,70,37,2,1351,0,0,0,1351
11/28/2021,MIA,FL,ASO,ES,Combined TRACON& Tower with Radar,1239,101,68,1,1409,0,0,10,0,10,1239,101,78,1,1419,0,0,0,1419
11/29/2021,MIA,FL,ASO,ES,Combined TRACON& Tower with Radar,1232,156,75,1,1464,0,4,13,0,17,1232,160,88,1,1481,0,0,0,1481
11/30/2021,MIA,FL,ASO,ES,Combined TRACON& Tower with Radar,1079,138,69,3,1289,0,2,7,0,9,1079,140,76,3,1298,0,0,0,1298
12/01/2021,MIA,FL,ASO,ES,Combined TRACON& Tower with Radar,1211,144,51,1,1407,0,4,25,0,29,1211,148,76,1,1436,0,0,0,1436
12/02/2021,MIA,FL,ASO,ES,Combined TRACON& Tower with Radar,1272,140,71,1,1484,0,3,9,2,14,1272,143,80,3,1498,0,0,0,1498
12/03/2021,MIA,FL,ASO,ES,Combined TRACON& Tower with Radar,1302,108,81,6,1497,0,2,18,0,20,1302,110,99,6,1517,0,0,0,1517
12/04/2021,MIA,FL,ASO,ES,Combined TRACON& Tower with Radar,1218,98,39,0,1355,0,1,8,0,9,1218,99,47,0,1364,0,0,0,1364
12/05/2021,MIA,FL,ASO,ES,Combined TRACON& Tower with Radar,1262,108,65,0,1435,0,1,9,0,10,1262,109,74,0,1445,0,0,0,1445
12/06/2021,MIA,FL,ASO,ES,Combined TRACON& Tower with Radar,1238,88,54,0,1380,0,1,3,0,4,1238,89,57,0,1384,0,0,0,1384
12/07/2021,MIA,FL,ASO,ES,Combined TRACON& Tower with Radar,1158,82,56,1,1297,0,5,7,0,12,1158,87,63,1,1309,0,0,0,1309
12/08/2021,MIA,FL,ASO,ES,Combined TRACON& Tower with Radar,1178,91,53,1,1323,0,3,2,0,5,1178,94,55,1,1328,0,0,0,1328
12/09/2021,MIA,FL,ASO,ES,Combined TRACON& Tower with Radar,1287,101,50,3,1441,0,2,12,0,14,1287,103,62,3,1455,0,0,0,1455
12/10/2021,MIA,FL,ASO,ES,Combined TRACON& Tower with Radar,1271,107,39,0,1417,0,2,9,1,12,1271,109,48,1,1429,0,0,0,1429
12/11/2021,MIA,FL,ASO,ES,Combined TRACON& Tower with Radar,1218,65,26,0,1309,0,2,7,0,9,1218,67,33,0,1318,0,0,0,1318
12/12/2021,MIA,FL,ASO,ES,Combined TRACON& Tower with Radar,1266,75,41,0,1382,0,10,1,0,11,1266,85,42,0,1393,0,0,0,1393
12/13/2021,MIA,FL,ASO,ES,Combined TRACON& Tower with Radar,1233,87,36,4,1360,0,3,3,0,6,1233,90,39,4,1366,0,0,0,1366
12/14/2021,MIA,FL,ASO,ES,Combined TRACON& Tower with Radar,1144,86,28,2,1260,0,2,8,0,10,1144,88,36,2,1270,0,0,0,1270
12/15/2021,MIA,FL,ASO,ES,Combined TRACON& Tower with Radar,1180,77,43,6,1306,0,2,5,0,7,1180,79,48,6,1313,0,0,0,1313
12/16/2021,MIA,FL,ASO,ES,Combined TRACON& Tower with Radar,1296,87,38,3,1424,0,2,12,0,14,1296,89,50,3,1438,0,0,0,1438
12/17/2021,MIA,FL,ASO,ES,Combined TRACON& Tower with Radar,1319,111,38,0,1468,0,4,6,2,12,1319,115,44,2,1480,0,0,0,1480
12/18/2021,MIA,FL,ASO,ES,Combined TRACON& Tower with Radar,1293,89,45,0,1427,1,0,1,0,2,1294,89,46,0,1429,0,0,0,1429
12/19/2021,MIA,FL,ASO,ES,Combined TRACON& Tower with Radar,1307,60,56,0,1423,0,3,11,2,16,1307,63,67,2,1439,0,0,0,1439
12/20/2021,MIA,FL,ASO,ES,Combined TRACON& Tower with Radar,1273,84,35,4,1396,0,1,4,0,5,1273,85,39,4,1401,0,0,0,1401
12/21/2021,MIA,FL,ASO,ES,Combined TRACON& Tower with Radar,1288,94,32,2,1416,1,2,3,0,6,1289,96,35,2,1422,0,0,0,1422
12/22/2021,MIA,FL,ASO,ES,Combined TRACON& Tower with Radar,1308,76,38,1,1423,1,5,6,0,12,1309,81,44,1,1435,0,0,0,1435
12/23/2021,MIA,FL,ASO,ES,Combined TRACON& Tower with Radar,1337,102,27,1,1467,0,3,9,0,12,1337,105,36,1,1479,0,0,0,1479
12/24/2021,MIA,FL,ASO,ES,Combined TRACON& Tower with Radar,1204,54,16,0,1274,0,5,4,0,9,1204,59,20,0,1283,0,0,0,1283
12/25/2021,MIA,FL,ASO,ES,Combined TRACON& Tower with Radar,1076,75,20,0,1171,0,1,5,0,6,1076,76,25,0,1177,0,0,0,1177
12/26/2021,MIA,FL,ASO,ES,Combined TRACON& Tower with Radar,1194,92,63,1,1350,0,2,9,0,11,1194,94,72,1,1361,0,0,0,1361
12/27/2021,MIA,FL,ASO,ES,Combined TRACON& Tower with Radar,1196,113,57,0,1366,0,5,13,0,18,1196,118,70,0,1384,0,0,0,1384
12/28/2021,MIA,FL,ASO,ES,Combined TRACON& Tower with Radar,1250,123,37,1,1411,0,3,8,0,11,1250,126,45,1,1422,0,0,0,1422
12/29/2021,MIA,FL,ASO,ES,Combined TRACON& Tower with Radar,1286,97,41,2,1426,0,4,6,0,10,1286,101,47,2,1436,0,0,0,1436
12/30/2021,MIA,FL,ASO,ES,Combined TRACON& Tower with Radar,1317,102,58,1,1478,0,3,8,0,11,1317,105,66,1,1489,0,0,0,1489
12/31/2021,MIA,FL,ASO,ES,Combined TRACON& Tower with Radar,1160,54,23,0,1237,0,6,5,0,11,1160,60,28,0,1248,0,0,0,1248
01/01/2022,MIA,FL,ASO,ES,Combined TRACON& Tower with Radar,1015,78,34,0,1127,0,4,5,0,9,1015,82,39,0,1136,0,0,0,1136
01/02/2022,MIA,FL,ASO,ES,Combined TRACON& Tower with Radar,1131,109,64,0,1304,0,3,16,0,19,1131,112,80,0,1323,0,0,0,1323
01/03/2022,MIA,FL,ASO,ES,Combined TRACON& Tower with Radar,1177,103,71,2,1353,0,3,5,0,8,1177,106,76,2,1361,0,0,0,1361
01/04/2022,MIA,FL,ASO,ES,Combined TRACON& Tower with Radar,1203,104,30,2,1339,0,2,9,0,11,1203,106,39,2,1350,0,0,0,1350
01/05/2022,MIA,FL,ASO,ES,Combined TRACON& Tower with Radar,1195,73,67,4,1339,0,3,4,1,8,1195,76,71,5,1347,0,0,0,1347
01/06/2022,MIA,FL,ASO,ES,Combined TRACON& Tower with Radar,1231,99,58,4,1392,1,2,8,0,11,1232,101,66,4,1403,0,0,0,1403
01/07/2022,MIA,FL,ASO,ES,Combined TRACON& Tower with Radar,1158,83,31,1,1273,0,3,2,0,5,1158,86,33,1,1278,0,0,0,1278
01/08/2022,MIA,FL,ASO,ES,Combined TRACON& Tower with Radar,1173,83,36,4,1296,0,3,8,0,11,1173,86,44,4,1307,0,0,0,1307
01/09/2022,MIA,FL,ASO,ES,Combined TRACON& Tower with Radar,1191,87,39,0,1317,0,0,6,2,8,1191,87,45,2,1325,0,0,0,1325
01/10/2022,MIA,FL,ASO,ES,Combined TRACON& Tower with Radar,1179,67,38,1,1285,0,5,1,0,6,1179,72,39,1,1291,0,0,0,1291
01/11/2022,MIA,FL,ASO,ES,Combined TRACON& Tower with Radar,1166,74,27,2,1269,0,3,11,0,14,1166,77,38,2,1283,0,0,0,1283
01/12/2022,MIA,FL,ASO,ES,Combined TRACON& Tower with Radar,1171,63,35,2,1271,0,2,15,0,17,1171,65,50,2,1288,0,0,0,1288
01/13/2022,MIA,FL,ASO,ES,Combined TRACON& Tower with Radar,1244,97,38,1,1380,0,3,5,0,8,1244,100,43,1,1388,0,0,0,1388
01/14/2022,MIA,FL,ASO,ES,Combined TRACON& Tower with Radar,1216,94,56,0,1366,0,4,13,0,17,1216,98,69,0,1383,0,0,0,1383
01/15/2022,MIA,FL,ASO,ES,Combined TRACON& Tower with Radar,1194,60,36,0,1290,0,1,13,0,14,1194,61,49,0,1304,0,0,0,1304
01/16/2022,MIA,FL,ASO,ES,Combined TRACON& Tower with Radar,1109,43,23,0,1175,1,0,4,0,5,1110,43,27,0,1180,0,0,0,1180
01/17/2022,MIA,FL,ASO,ES,Combined TRACON& Tower with Radar,1154,98,59,0,1311,0,2,8,0,10,1154,100,67,0,1321,0,0,0,1321
01/18/2022,MIA,FL,ASO,ES,Combined TRACON& Tower with Radar,1193,72,49,1,1315,0,5,14,0,19,1193,77,63,1,1334,0,0,0,1334
01/19/2022,MIA,FL,ASO,ES,Combined TRACON& Tower with Radar,1191,78,33,3,1305,0,4,4,0,8,1191,82,37,3,1313,0,0,0,1313
01/20/2022,MIA,FL,ASO,ES,Combined TRACON& Tower with Radar,1258,83,31,2,1374,0,3,2,0,5,1258,86,33,2,1379,0,0,0,1379
01/21/2022,MIA,FL,ASO,ES,Combined TRACON& Tower with Radar,1287,73,26,2,1388,0,1,11,0,12,1287,74,37,2,1400,0,0,0,1400
01/22/2022,MIA,FL,ASO,ES,Combined TRACON& Tower with Radar,1233,47,21,3,1304,0,0,6,0,6,1233,47,27,3,1310,0,0,0,1310
01/23/2022,MIA,FL,ASO,ES,Combined TRACON& Tower with Radar,1233,62,34,1,1330,2,1,7,0,10,1235,63,41,1,1340,0,0,0,1340
01/24/2022,MIA,FL,ASO,ES,Combined TRACON& Tower with Radar,1210,81,41,2,1334,0,0,8,0,8,1210,81,49,2,1342,0,0,0,1342
01/25/2022,MIA,FL,ASO,ES,Combined TRACON& Tower with Radar,1176,90,27,1,1294,0,1,8,0,9,1176,91,35,1,1303,0,0,0,1303
01/26/2022,MIA,FL,ASO,ES,Combined TRACON& Tower with Radar,1221,77,34,1,1333,0,4,6,1,11,1221,81,40,2,1344,0,0,0,1344
01/27/2022,MIA,FL,ASO,ES,Combined TRACON& Tower with Radar,1291,108,46,2,1447,1,0,7,1,9,1292,108,53,3,1456,0,0,0,1456
01/28/2022,MIA,FL,ASO,ES,Combined TRACON& Tower with Radar,1249,74,48,1,1372,1,0,2,2,5,1250,74,50,3,1377,0,0,0,1377
01/29/2022,MIA,FL,ASO,ES,Combined TRACON& Tower with Radar,1108,51,42,0,1201,0,1,3,0,4,1108,52,45,0,1205,0,0,0,1205
01/30/2022,MIA,FL,ASO,ES,Combined TRACON& Tower with Radar,1177,93,54,2,1326,0,2,12,2,16,1177,95,66,4,1342,0,0,0,1342
01/31/2022,MIA,FL,ASO,ES,Combined TRACON& Tower with Radar,1205,77,37,5,1324,0,1,15,0,16,1205,78,52,5,1340,0,0,0,1340
02/01/2022,MIA,FL,ASO,ES,Combined TRACON& Tower with Radar,1179,68,31,2,1280,0,2,4,0,6,1179,70,35,2,1286,0,0,0,1286
02/02/2022,MIA,FL,ASO,ES,Combined TRACON& Tower with Radar,1177,103,44,4,1328,1,1,11,0,13,1178,104,55,4,1341,0,0,0,1341
02/03/2022,MIA,FL,ASO,ES,Combined TRACON& Tower with Radar,1163,93,43,0,1299,0,3,8,0,11,1163,96,51,0,1310,0,0,0,1310
02/04/2022,MIA,FL,ASO,ES,Combined TRACON& Tower with Radar,1084,75,42,2,1203,0,3,6,0,9,1084,78,48,2,1212,0,0,0,1212
02/05/2022,MIA,FL,ASO,ES,Combined TRACON& Tower with Radar,1071,49,39,1,1160,0,2,7,0,9,1071,51,46,1,1169,0,0,0,1169
02/06/2022,MIA,FL,ASO,ES,Combined TRACON& Tower with Radar,1130,73,55,1,1259,1,0,11,0,12,1131,73,66,1,1271,0,0,0,1271
02/07/2022,MIA,FL,ASO,ES,Combined TRACON& Tower with Radar,1223,91,59,3,1376,0,2,10,0,12,1223,93,69,3,1388,0,0,0,1388
02/08/2022,MIA,FL,ASO,ES,Combined TRACON& Tower with Radar,1167,88,36,3,1294,0,2,3,0,5,1167,90,39,3,1299,0,0,0,1299
02/09/2022,MIA,FL,ASO,ES,Combined TRACON& Tower with Radar,1188,103,66,9,1366,0,0,5,0,5,1188,103,71,9,1371,0,0,0,1371
02/10/2022,MIA,FL,ASO,ES,Combined TRACON& Tower with Radar,1262,115,53,4,1434,1,0,9,0,10,1263,115,62,4,1444,0,0,0,1444
02/11/2022,MIA,FL,ASO,ES,Combined TRACON& Tower with Radar,1255,100,64,3,1422,0,0,11,0,11,1255,100,75,3,1433,0,0,0,1433
02/12/2022,MIA,FL,ASO,ES,Combined TRACON& Tower with Radar,1214,50,28,1,1293,0,1,6,1,8,1214,51,34,2,1301,0,0,0,1301
02/13/2022,MIA,FL,ASO,ES,Combined TRACON& Tower with Radar,1149,70,38,0,1257,0,0,4,0,4,1149,70,42,0,1261,0,0,0,1261
02/14/2022,MIA,FL,ASO,ES,Combined TRACON& Tower with Radar,1182,78,33,2,1295,0,1,6,0,7,1182,79,39,2,1302,0,0,0,1302
02/15/2022,MIA,FL,ASO,ES,Combined TRACON& Tower with Radar,1159,76,59,1,1295,0,1,6,0,7,1159,77,65,1,1302,0,0,0,1302
02/16/2022,MIA,FL,ASO,ES,Combined TRACON& Tower with Radar,1197,123,66,1,1387,0,1,12,0,13,1197,124,78,1,1400,0,0,0,1400
02/17/2022,MIA,FL,ASO,ES,Combined TRACON& Tower with Radar,1251,141,66,0,1458,0,0,24,0,24,1251,141,90,0,1482,0,0,0,1482
02/18/2022,MIA,FL,ASO,ES,Combined TRACON& Tower with Radar,1261,119,71,1,1452,0,0,11,0,11,1261,119,82,1,1463,0,0,0,1463
02/19/2022,MIA,FL,ASO,ES,Combined TRACON& Tower with Radar,1231,95,58,1,1385,0,2,9,0,11,1231,97,67,1,1396,0,0,0,1396
02/20/2022,MIA,FL,ASO,ES,Combined TRACON& Tower with Radar,1200,89,45,0,1334,0,3,10,0,13,1200,92,55,0,1347,0,0,0,1347
02/21/2022,MIA,FL,ASO,ES,Combined TRACON& Tower with Radar,1213,114,62,1,1390,0,0,11,0,11,1213,114,73,1,1401,0,0,0,1401
02/22/2022,MIA,FL,ASO,ES,Combined TRACON& Tower with Radar,1181,117,71,3,1372,0,1,8,0,9,1181,118,79,3,1381,0,0,0,1381
02/23/2022,MIA,FL,ASO,ES,Combined TRACON& Tower with Radar,1189,100,80,3,1372,0,0,8,0,8,1189,100,88,3,1380,0,0,0,1380
02/24/2022,MIA,FL,ASO,ES,Combined TRACON& Tower with Radar,1218,101,66,1,1386,0,3,21,0,24,1218,104,87,1,1410,0,0,0,1410
02/25/2022,MIA,FL,ASO,ES,Combined TRACON& Tower with Radar,1239,108,67,2,1416,0,0,5,1,6,1239,108,72,3,1422,0,0,0,1422
02/26/2022,MIA,FL,ASO,ES,Combined TRACON& Tower with Radar,1236,95,51,1,1383,0,2,9,0,11,1236,97,60,1,1394,0,0,0,1394
02/27/2022,MIA,FL,ASO,ES,Combined TRACON& Tower with Radar,1201,97,68,1,1367,0,4,13,0,17,1201,101,81,1,1384,0,0,0,1384
02/28/2022,MIA,FL,ASO,ES,Combined TRACON& Tower with Radar,1192,89,47,2,1330,0,2,8,0,10,1192,91,55,2,1340,0,0,0,1340
03/01/2022,MIA,FL,ASO,ES,Combined TRACON& Tower with Radar,1200,90,56,3,1349,0,2,3,0,5,1200,92,59,3,1354,0,0,0,1354
03/02/2022,MIA,FL,ASO,ES,Combined TRACON& Tower with Radar,1174,84,54,2,1314,0,0,3,0,3,1174,84,57,2,1317,0,0,0,1317
03/03/2022,MIA,FL,ASO,ES,Combined TRACON& Tower with Radar,1260,118,59,4,1441,0,4,11,0,15,1260,122,70,4,1456,0,0,0,1456
03/04/2022,MIA,FL,ASO,ES,Combined TRACON& Tower with Radar,1249,101,52,2,1404,0,1,13,0,14,1249,102,65,2,1418,0,0,0,1418
03/05/2022,MIA,FL,ASO,ES,Combined TRACON& Tower with Radar,1218,60,40,2,1320,0,0,3,0,3,1218,60,43,2,1323,0,0,0,1323
03/06/2022,MIA,FL,ASO,ES,Combined TRACON& Tower with Radar,1191,85,52,0,1328,1,2,13,0,16,1192,87,65,0,1344,0,0,0,1344
03/07/2022,MIA,FL,ASO,ES,Combined TRACON& Tower with Radar,1180,93,42,0,1315,0,2,4,0,6,1180,95,46,0,1321,0,0,0,1321
03/08/2022,MIA,FL,ASO,ES,Combined TRACON& Tower with Radar,1169,74,30,4,1277,0,1,15,0,16,1169,75,45,4,1293,0,0,0,1293
03/09/2022,MIA,FL,ASO,ES,Combined TRACON& Tower with Radar,1182,87,44,4,1317,0,0,17,0,17,1182,87,61,4,1334,0,0,0,1334
03/10/2022,MIA,FL,ASO,ES,Combined TRACON& Tower with Radar,1248,94,49,2,1393,0,0,10,0,10,1248,94,59,2,1403,0,0,0,1403
03/11/2022,MIA,FL,ASO,ES,Combined TRACON& Tower with Radar,1214,94,49,3,1360,1,3,10,0,14,1215,97,59,3,1374,0,0,0,1374
03/12/2022,MIA,FL,ASO,ES,Combined TRACON& Tower with Radar,1130,66,55,2,1253,1,1,9,0,11,1131,67,64,2,1264,0,0,0,1264
03/13/2022,MIA,FL,ASO,ES,Combined TRACON& Tower with Radar,1197,91,61,1,1350,0,0,9,0,9,1197,91,70,1,1359,0,0,0,1359
03/14/2022,MIA,FL,ASO,ES,Combined TRACON& Tower with Radar,1213,86,46,4,1349,0,0,10,0,10,1213,86,56,4,1359,0,0,0,1359
03/15/2022,MIA,FL,ASO,ES,Combined TRACON& Tower with Radar,1201,97,48,1,1347,0,1,1,0,2,1201,98,49,1,1349,0,0,0,1349
03/16/2022,MIA,FL,ASO,ES,Combined TRACON& Tower with Radar,1212,116,45,3,1376,0,0,13,0,13,1212,116,58,3,1389,0,0,0,1389
03/17/2022,MIA,FL,ASO,ES,Combined TRACON& Tower with Radar,1239,107,40,4,1390,0,0,4,1,5,1239,107,44,5,1395,0,0,0,1395
03/18/2022,MIA,FL,ASO,ES,Combined TRACON& Tower with Radar,1200,107,69,0,1376,0,2,11,2,15,1200,109,80,2,1391,0,0,0,1391
03/19/2022,MIA,FL,ASO,ES,Combined TRACON& Tower with Radar,1245,95,53,0,1393,0,0,16,0,16,1245,95,69,0,1409,0,0,0,1409
03/20/2022,MIA,FL,ASO,ES,Combined TRACON& Tower with Radar,1224,82,70,2,1378,0,1,14,1,16,1224,83,84,3,1394,0,0,0,1394
03/21/2022,MIA,FL,ASO,ES,Combined TRACON& Tower with Radar,1181,101,68,4,1354,1,2,6,0,9,1182,103,74,4,1363,0,0,0,1363
03/22/2022,MIA,FL,ASO,ES,Combined TRACON& Tower with Radar,1178,72,41,1,1292,0,0,12,0,12,1178,72,53,1,1304,0,0,0,1304
03/23/2022,MIA,FL,ASO,ES,Combined TRACON& Tower with Radar,1195,83,56,2,1336,1,0,8,0,9,1196,83,64,2,1345,0,0,0,1345
03/24/2022,MIA,FL,ASO,ES,Combined TRACON& Tower with Radar,1231,103,65,1,1400,0,1,14,0,15,1231,104,79,1,1415,0,0,0,1415
03/25/2022,MIA,FL,ASO,ES,Combined TRACON& Tower with Radar,1258,118,45,0,1421,0,0,4,0,4,1258,118,49,0,1425,0,0,0,1425
03/26/2022,MIA,FL,ASO,ES,Combined TRACON& Tower with Radar,1213,72,39,0,1324,0,0,11,0,11,1213,72,50,0,1335,0,0,0,1335
03/27/2022,MIA,FL,ASO,ES,Combined TRACON& Tower with Radar,1186,104,61,0,1351,0,1,12,0,13,1186,105,73,0,1364,0,0,0,1364
03/28/2022,MIA,FL,ASO,ES,Combined TRACON& Tower with Radar,1210,80,41,0,1331,0,1,11,0,12,1210,81,52,0,1343,0,0,0,1343
03/29/2022,MIA,FL,ASO,ES,Combined TRACON& Tower with Radar,1177,87,27,1,1292,1,0,4,0,5,1178,87,31,1,1297,0,0,0,1297
03/30/2022,MIA,FL,ASO,ES,Combined TRACON& Tower with Radar,1180,78,54,8,1320,0,2,3,0,5,1180,80,57,8,1325,0,0,0,1325
03/31/2022,MIA,FL,ASO,ES,Combined TRACON& Tower with Radar,1186,81,48,3,1318,0,0,8,0,8,1186,81,56,3,1326,0,0,0,1326
04/01/2022,MIA,FL,ASO,ES,Combined TRACON& Tower with Radar,1119,105,70,3,1297,1,2,10,0,13,1120,107,80,3,1310,0,0,0,1310
04/02/2022,MIA,FL,ASO,ES,Combined TRACON& Tower with Radar,963,51,54,0,1068,0,0,10,0,10,963,51,64,0,1078,0,0,0,1078
04/03/2022,MIA,FL,ASO,ES,Combined TRACON& Tower with Radar,1013,91,76,4,1184,0,2,6,0,8,1013,93,82,4,1192,0,0,0,1192
04/04/2022,MIA,FL,ASO,ES,Combined TRACON& Tower with Radar,1143,83,57,2,1285,0,0,7,0,7,1143,83,64,2,1292,0,0,0,1292
04/05/2022,MIA,FL,ASO,ES,Combined TRACON& Tower with Radar,1155,80,58,2,1295,0,1,8,0,9,1155,81,66,2,1304,0,0,0,1304
04/06/2022,MIA,FL,ASO,ES,Combined TRACON& Tower with Radar,1221,86,62,0,1369,0,1,2,2,5,1221,87,64,2,1374,0,0,0,1374
04/07/2022,MIA,FL,ASO,ES,Combined TRACON& Tower with Radar,1199,108,46,4,1357,0,1,10,0,11,1199,109,56,4,1368,0,0,0,1368
04/08/2022,MIA,FL,ASO,ES,Combined TRACON& Tower with Radar,1262,117,55,1,1435,0,1,14,0,15,1262,118,69,1,1450,0,0,0,1450
04/09/2022,MIA,FL,ASO,ES,Combined TRACON& Tower with Radar,1237,68,40,0,1345,0,2,9,0,11,1237,70,49,0,1356,0,0,0,1356
04/10/2022,MIA,FL,ASO,ES,Combined TRACON& Tower with Radar,1197,88,61,0,1346,0,2,5,0,7,1197,90,66,0,1353,0,0,0,1353
04/11/2022,MIA,FL,ASO,ES,Combined TRACON& Tower with Radar,1217,71,35,2,1325,0,0,15,0,15,1217,71,50,2,1340,0,0,0,1340
04/12/2022,MIA,FL,ASO,ES,Combined TRACON& Tower with Radar,1193,72,34,0,1299,2,0,5,0,7,1195,72,39,0,1306,0,0,0,1306
04/13/2022,MIA,FL,ASO,ES,Combined TRACON& Tower with Radar,1244,99,40,3,1386,2,1,14,0,17,1246,100,54,3,1403,0,0,0,1403
04/14/2022,MIA,FL,ASO,ES,Combined TRACON& Tower with Radar,1260,106,50,1,1417,0,2,9,0,11,1260,108,59,1,1428,0,0,0,1428
04/15/2022,MIA,FL,ASO,ES,Combined TRACON& Tower with Radar,1122,62,47,1,1232,0,3,5,0,8,1122,65,52,1,1240,0,0,0,1240
04/16/2022,MIA,FL,ASO,ES,Combined TRACON& Tower with Radar,1210,69,44,0,1323,0,0,13,0,13,1210,69,57,0,1336,0,0,0,1336
04/17/2022,MIA,FL,ASO,ES,Combined TRACON& Tower with Radar,1204,76,42,2,1324,1,2,9,0,12,1205,78,51,2,1336,0,0,0,1336
04/18/2022,MIA,FL,ASO,ES,Combined TRACON& Tower with Radar,1222,73,65,1,1361,1,2,16,0,19,1223,75,81,1,1380,0,0,0,1380
04/19/2022,MIA,FL,ASO,ES,Combined TRACON& Tower with Radar,1212,85,51,8,1356,0,2,7,1,10,1212,87,58,9,1366,0,0,0,1366
04/20/2022,MIA,FL,ASO,ES,Combined TRACON& Tower with Radar,1239,83,45,5,1372,0,0,10,0,10,1239,83,55,5,1382,0,0,0,1382
04/21/2022,MIA,FL,ASO,ES,Combined TRACON& Tower with Radar,1258,80,48,1,1387,0,2,2,0,4,1258,82,50,1,1391,0,0,0,1391
04/22/2022,MIA,FL,ASO,ES,Combined TRACON& Tower with Radar,1260,90,48,0,1398,0,1,7,0,8,1260,91,55,0,1406,0,0,0,1406
04/23/2022,MIA,FL,ASO,ES,Combined TRACON& Tower with Radar,1230,49,23,0,1302,1,4,6,0,11,1231,53,29,0,1313,0,0,0,1313
04/24/2022,MIA,FL,ASO,ES,Combined TRACON& Tower with Radar,1236,84,48,1,1369,0,0,8,0,8,1236,84,56,1,1377,0,0,0,1377
04/25/2022,MIA,FL,ASO,ES,Combined TRACON& Tower with Radar,1250,81,32,1,1364,1,1,8,0,10,1251,82,40,1,1374,0,0,0,1374
04/26/2022,MIA,FL,ASO,ES,Combined TRACON& Tower with Radar,1234,62,36,0,1332,0,1,7,0,8,1234,63,43,0,1340,0,0,0,1340
04/27/2022,MIA,FL,ASO,ES,Combined TRACON& Tower with Radar,1259,80,54,1,1394,0,0,5,2,7,1259,80,59,3,1401,0,0,0,1401
04/28/2022,MIA,FL,ASO,ES,Combined TRACON& Tower with Radar,1288,84,43,1,1416,0,6,9,1,16,1288,90,52,2,1432,0,0,0,1432
04/29/2022,MIA,FL,ASO,ES,Combined TRACON& Tower with Radar,1308,77,39,2,1426,1,4,7,0,12,1309,81,46,2,1438,0,0,0,1438
04/30/2022,MIA,FL,ASO,ES,Combined TRACON& Tower with Radar,1259,48,30,0,1337,1,0,2,0,3,1260,48,32,0,1340,0,0,0,1340
05/01/2022,MIA,FL,ASO,ES,Combined TRACON& Tower with Radar,1211,54,47,1,1313,0,2,2,0,4,1211,56,49,1,1317,0,0,0,1317
05/02/2022,MIA,FL,ASO,ES,Combined TRACON& Tower with Radar,1249,56,41,1,1347,0,2,7,0,9,1249,58,48,1,1356,0,0,0,1356
05/03/2022,MIA,FL,ASO,ES,Combined TRACON& Tower with Radar,1222,75,33,0,1330,1,1,9,1,12,1223,76,42,1,1342,0,0,0,1342
05/04/2022,MIA,FL,ASO,ES,Combined TRACON& Tower with Radar,1219,80,26,1,1326,0,3,23,2,28,1219,83,49,3,1354,0,0,0,1354
05/05/2022,MIA,FL,ASO,ES,Combined TRACON& Tower with Radar,1269,115,75,2,1461,0,0,5,0,5,1269,115,80,2,1466,0,0,0,1466
05/06/2022,MIA,FL,ASO,ES,Combined TRACON& Tower with Radar,1243,111,37,0,1391,0,0,8,0,8,1243,111,45,0,1399,0,0,0,1399
05/07/2022,MIA,FL,ASO,ES,Combined TRACON& Tower with Radar,1214,69,24,0,1307,0,1,12,0,13,1214,70,36,0,1320,0,0,0,1320
05/08/2022,MIA,FL,ASO,ES,Combined TRACON& Tower with Radar,1179,90,32,0,1301,1,0,13,0,14,1180,90,45,0,1315,0,0,0,1315
05/09/2022,MIA,FL,ASO,ES,Combined TRACON& Tower with Radar,1223,104,62,4,1393,0,0,6,0,6,1223,104,68,4,1399,0,0,0,1399
05/10/2022,MIA,FL,ASO,ES,Combined TRACON& Tower with Radar,1209,77,44,0,1330,0,0,13,0,13,1209,77,57,0,1343,0,0,0,1343
05/11/2022,MIA,FL,ASO,ES,Combined TRACON& Tower with Radar,1222,84,40,0,1346,0,0,13,2,15,1222,84,53,2,1361,0,0,0,1361
05/12/2022,MIA,FL,ASO,ES,Combined TRACON& Tower with Radar,1216,90,41,0,1347,0,0,7,0,7,1216,90,48,0,1354,0,0,0,1354
05/13/2022,MIA,FL,ASO,ES,Combined TRACON& Tower with Radar,1212,80,36,0,1328,0,0,9,0,9,1212,80,45,0,1337,0,0,0,1337
05/14/2022,MIA,FL,ASO,ES,Combined TRACON& Tower with Radar,1247,54,24,1,1326,0,0,4,1,5,1247,54,28,2,1331,0,0,0,1331
05/15/2022,MIA,FL,ASO,ES,Combined TRACON& Tower with Radar,1189,73,40,1,1303,0,0,1,1,2,1189,73,41,2,1305,0,0,0,1305
05/16/2022,MIA,FL,ASO,ES,Combined TRACON& Tower with Radar,1160,86,38,2,1286,0,0,6,0,6,1160,86,44,2,1292,0,0,0,1292
05/17/2022,MIA,FL,ASO,ES,Combined TRACON& Tower with Radar,1196,80,35,5,1316,0,0,8,0,8,1196,80,43,5,1324,0,0,0,1324
05/18/2022,MIA,FL,ASO,ES,Combined TRACON& Tower with Radar,1221,83,42,2,1348,0,0,5,0,5,1221,83,47,2,1353,0,0,0,1353
05/19/2022,MIA,FL,ASO,ES,Combined TRACON& Tower with Radar,1212,81,42,4,1339,0,1,0,0,1,1212,82,42,4,1340,0,0,0,1340
05/20/2022,MIA,FL,ASO,ES,Combined TRACON& Tower with Radar,1132,57,31,0,1220,0,4,0,0,4,1132,61,31,0,1224,0,0,0,1224
05/21/2022,MIA,FL,ASO,ES,Combined TRACON& Tower with Radar,1189,52,31,2,1274,1,0,8,0,9,1190,52,39,2,1283,0,0,0,1283
05/22/2022,MIA,FL,ASO,ES,Combined TRACON& Tower with Radar,1175,61,36,0,1272,0,2,8,0,10,1175,63,44,0,1282,0,0,0,1282
05/23/2022,MIA,FL,ASO,ES,Combined TRACON& Tower with Radar,1196,58,41,0,1295,0,2,11,0,13,1196,60,52,0,1308,0,0,0,1308
05/24/2022,MIA,FL,ASO,ES,Combined TRACON& Tower with Radar,1198,73,26,0,1297,0,0,11,0,11,1198,73,37,0,1308,0,0,0,1308
05/25/2022,MIA,FL,ASO,ES,Combined TRACON& Tower with Radar,1198,67,37,2,1304,0,0,4,0,4,1198,67,41,2,1308,0,0,0,1308
05/26/2022,MIA,FL,ASO,ES,Combined TRACON& Tower with Radar,1227,76,36,1,1340,0,0,5,0,5,1227,76,41,1,1345,0,0,0,1345
05/27/2022,MIA,FL,ASO,ES,Combined TRACON& Tower with Radar,1176,80,51,3,1310,0,0,7,0,7,1176,80,58,3,1317,0,0,0,1317
05/28/2022,MIA,FL,ASO,ES,Combined TRACON& Tower with Radar,1176,35,33,0,1244,0,0,2,0,2,1176,35,35,0,1246,0,0,0,1246
05/29/2022,MIA,FL,ASO,ES,Combined TRACON& Tower with Radar,1099,28,13,2,1142,0,0,6,0,6,1099,28,19,2,1148,0,0,0,1148
05/30/2022,MIA,FL,ASO,ES,Combined TRACON& Tower with Radar,1129,64,33,0,1226,0,0,1,0,1,1129,64,34,0,1227,0,0,0,1227
05/31/2022,MIA,FL,ASO,ES,Combined TRACON& Tower with Radar,1171,62,40,2,1275,0,0,6,0,6,1171,62,46,2,1281,0,0,0,1281
06/01/2022,MIA,FL,ASO,ES,Combined TRACON& Tower with Radar,1088,43,21,0,1152,0,0,5,0,5,1088,43,26,0,1157,0,0,0,1157
06/02/2022,MIA,FL,ASO,ES,Combined TRACON& Tower with Radar,1104,66,18,1,1189,0,1,3,1,5,1104,67,21,2,1194,0,0,0,1194
06/03/2022,MIA,FL,ASO,ES,Combined TRACON& Tower with Radar,1057,54,19,0,1130,0,0,0,0,0,1057,54,19,0,1130,0,0,0,1130
06/04/2022,MIA,FL,ASO,ES,Combined TRACON& Tower with Radar,1076,20,14,0,1110,0,0,1,0,1,1076,20,15,0,1111,0,0,0,1111
06/05/2022,MIA,FL,ASO,ES,Combined TRACON& Tower with Radar,1127,35,29,2,1193,0,2,8,0,10,1127,37,37,2,1203,0,0,0,1203
06/06/2022,MIA,FL,ASO,ES,Combined TRACON& Tower with Radar,1107,49,30,0,1186,1,0,3,0,4,1108,49,33,0,1190,0,0,0,1190
06/07/2022,MIA,FL,ASO,ES,Combined TRACON& Tower with Radar,1101,56,30,0,1187,0,1,0,0,1,1101,57,30,0,1188,0,0,0,1188
06/08/2022,MIA,FL,ASO,ES,Combined TRACON& Tower with Radar,1040,63,38,0,1141,0,0,7,0,7,1040,63,45,0,1148,0,0,0,1148
06/09/2022,MIA,FL,ASO,ES,Combined TRACON& Tower with Radar,1004,64,30,0,1098,0,3,10,0,13,1004,67,40,0,1111,0,0,0,1111
06/10/2022,MIA,FL,ASO,ES,Combined TRACON& Tower with Radar,1116,58,31,5,1210,0,2,4,0,6,1116,60,35,5,1216,0,0,0,1216
06/11/2022,MIA,FL,ASO,ES,Combined TRACON& Tower with Radar,1166,37,30,6,1239,0,0,7,0,7,1166,37,37,6,1246,0,0,0,1246
06/12/2022,MIA,FL,ASO,ES,Combined TRACON& Tower with Radar,1092,51,35,2,1180,0,0,9,0,9,1092,51,44,2,1189,0,0,0,1189
06/13/2022,MIA,FL,ASO,ES,Combined TRACON& Tower with Radar,1099,56,43,0,1198,1,1,8,0,10,1100,57,51,0,1208,0,0,0,1208
06/14/2022,MIA,FL,ASO,ES,Combined TRACON& Tower with Radar,1098,66,26,4,1194,0,3,2,0,5,1098,69,28,4,1199,0,0,0,1199
06/15/2022,MIA,FL,ASO,ES,Combined TRACON& Tower with Radar,1104,71,29,1,1205,0,0,6,0,6,1104,71,35,1,1211,0,0,0,1211
06/16/2022,MIA,FL,ASO,ES,Combined TRACON& Tower with Radar,1086,64,26,2,1178,0,0,4,0,4,1086,64,30,2,1182,0,0,0,1182
06/17/2022,MIA,FL,ASO,ES,Combined TRACON& Tower with Radar,1130,74,27,0,1231,0,0,5,0,5,1130,74,32,0,1236,0,0,0,1236
06/18/2022,MIA,FL,ASO,ES,Combined TRACON& Tower with Radar,1127,38,19,0,1184,0,0,2,0,2,1127,38,21,0,1186,0,0,0,1186
06/19/2022,MIA,FL,ASO,ES,Combined TRACON& Tower with Radar,1100,48,34,0,1182,1,0,1,0,2,1101,48,35,0,1184,0,0,0,1184
06/20/2022,MIA,FL,ASO,ES,Combined TRACON& Tower with Radar,1130,56,31,1,1218,0,0,5,0,5,1130,56,36,1,1223,0,0,0,1223
06/21/2022,MIA,FL,ASO,ES,Combined TRACON& Tower with Radar,1092,68,30,4,1194,0,0,15,1,16,1092,68,45,5,1210,0,0,0,1210
06/22/2022,MIA,FL,ASO,ES,Combined TRACON& Tower with Radar,1089,50,30,0,1169,0,1,3,0,4,1089,51,33,0,1173,0,0,0,1173
06/23/2022,MIA,FL,ASO,ES,Combined TRACON& Tower with Radar,1135,61,35,0,1231,0,2,7,0,9,1135,63,42,0,1240,0,0,0,1240
06/24/2022,MIA,FL,ASO,ES,Combined TRACON& Tower with Radar,1118,69,17,2,1206,0,3,3,0,6,1118,72,20,2,1212,0,0,0,1212
06/25/2022,MIA,FL,ASO,ES,Combined TRACON& Tower with Radar,1164,33,21,2,1220,0,0,3,0,3,1164,33,24,2,1223,0,0,0,1223
06/26/2022,MIA,FL,ASO,ES,Combined TRACON& Tower with Radar,1113,45,24,0,1182,0,0,1,0,1,1113,45,25,0,1183,0,0,0,1183
06/27/2022,MIA,FL,ASO,ES,Combined TRACON& Tower with Radar,1089,66,33,0,1188,0,5,11,0,16,1089,71,44,0,1204,0,0,0,1204
06/28/2022,MIA,FL,ASO,ES,Combined TRACON& Tower with Radar,1071,69,33,0,1173,0,0,10,1,11,1071,69,43,1,1184,0,0,0,1184
06/29/2022,MIA,FL,ASO,ES,Combined TRACON& Tower with Radar,1065,57,44,3,1169,0,0,6,0,6,1065,57,50,3,1175,0,0,0,1175
06/30/2022,MIA,FL,ASO,ES,Combined TRACON& Tower with Radar,1129,68,25,3,1225,0,2,7,0,9,1129,70,32,3,1234,0,0,0,1234
07/01/2022,MIA,FL,ASO,ES,Combined TRACON& Tower with Radar,1122,79,25,0,1226,0,2,5,0,7,1122,81,30,0,1233,0,0,0,1233
07/02/2022,MIA,FL,ASO,ES,Combined TRACON& Tower with Radar,1148,33,14,0,1195,1,4,0,0,5,1149,37,14,0,1200,0,0,0,1200
07/03/2022,MIA,FL,ASO,ES,Combined TRACON& Tower with Radar,1153,34,23,0,1210,0,1,3,0,4,1153,35,26,0,1214,0,0,0,1214
07/04/2022,MIA,FL,ASO,ES,Combined TRACON& Tower with Radar,1088,32,6,1,1127,0,0,0,0,0,1088,32,6,1,1127,0,0,0,1127
07/05/2022,MIA,FL,ASO,ES,Combined TRACON& Tower with Radar,1080,59,21,2,1162,0,2,3,0,5,1080,61,24,2,1167,0,0,0,1167
07/06/2022,MIA,FL,ASO,ES,Combined TRACON& Tower with Radar,1093,52,34,3,1182,0,0,4,0,4,1093,52,38,3,1186,0,0,0,1186
07/07/2022,MIA,FL,ASO,ES,Combined TRACON& Tower with Radar,1138,54,29,2,1223,0,2,5,0,7,1138,56,34,2,1230,0,0,0,1230
07/08/2022,MIA,FL,ASO,ES,Combined TRACON& Tower with Radar,1154,55,14,0,1223,0,4,10,0,14,1154,59,24,0,1237,0,0,0,1237
07/09/2022,MIA,FL,ASO,ES,Combined TRACON& Tower with Radar,1153,26,21,0,1200,0,0,4,0,4,1153,26,25,0,1204,0,0,0,1204
07/10/2022,MIA,FL,ASO,ES,Combined TRACON& Tower with Radar,1159,26,32,0,1217,0,2,0,0,2,1159,28,32,0,1219,0,0,0,1219
07/11/2022,MIA,FL,ASO,ES,Combined TRACON& Tower with Radar,1106,51,23,0,1180,1,0,10,0,11,1107,51,33,0,1191,0,0,0,1191
07/12/2022,MIA,FL,ASO,ES,Combined TRACON& Tower with Radar,1101,54,31,0,1186,0,0,6,2,8,1101,54,37,2,1194,0,0,0,1194
07/13/2022,MIA,FL,ASO,ES,Combined TRACON& Tower with Radar,1153,51,24,0,1228,0,2,3,0,5,1153,53,27,0,1233,0,0,0,1233
07/14/2022,MIA,FL,ASO,ES,Combined TRACON& Tower with Radar,1148,67,29,1,1245,0,2,8,0,10,1148,69,37,1,1255,0,0,0,1255
07/15/2022,MIA,FL,ASO,ES,Combined TRACON& Tower with Radar,1156,49,20,5,1230,0,2,6,0,8,1156,51,26,5,1238,0,0,0,1238
07/16/2022,MIA,FL,ASO,ES,Combined TRACON& Tower with Radar,1180,33,23,0,1236,0,0,3,1,4,1180,33,26,1,1240,0,0,0,1240
07/17/2022,MIA,FL,ASO,ES,Combined TRACON& Tower with Radar,1114,30,28,0,1172,1,1,5,0,7,1115,31,33,0,1179,0,0,0,1179
07/18/2022,MIA,FL,ASO,ES,Combined TRACON& Tower with Radar,1099,48,27,1,1175,0,0,6,0,6,1099,48,33,1,1181,0,0,0,1181
07/19/2022,MIA,FL,ASO,ES,Combined TRACON& Tower with Radar,1120,71,17,3,1211,0,0,13,0,13,1120,71,30,3,1224,0,0,0,1224
07/20/2022,MIA,FL,ASO,ES,Combined TRACON& Tower with Radar,1130,44,34,0,1208,0,0,7,1,8,1130,44,41,1,1216,0,0,0,1216
07/21/2022,MIA,FL,ASO,ES,Combined TRACON& Tower with Radar,1133,58,25,1,1217,0,0,7,0,7,1133,58,32,1,1224,0,0,0,1224
07/22/2022,MIA,FL,ASO,ES,Combined TRACON& Tower with Radar,1152,71,28,2,1253,0,0,7,0,7,1152,71,35,2,1260,0,0,0,1260
07/23/2022,MIA,FL,ASO,ES,Combined TRACON& Tower with Radar,1156,42,12,0,1210,0,0,4,0,4,1156,42,16,0,1214,0,0,0,1214
07/24/2022,MIA,FL,ASO,ES,Combined TRACON& Tower with Radar,1128,40,26,0,1194,0,0,0,0,0,1128,40,26,0,1194,0,0,0,1194
07/25/2022,MIA,FL,ASO,ES,Combined TRACON& Tower with Radar,1078,45,20,6,1149,0,0,18,0,18,1078,45,38,6,1167,0,0,0,1167
07/26/2022,MIA,FL,ASO,ES,Combined TRACON& Tower with Radar,1035,41,26,0,1102,0,1,7,0,8,1035,42,33,0,1110,0,0,0,1110
07/27/2022,MIA,FL,ASO,ES,Combined TRACON& Tower with Radar,1128,66,34,0,1228,0,0,15,0,15,1128,66,49,0,1243,0,0,0,1243
07/28/2022,MIA,FL,ASO,ES,Combined TRACON& Tower with Radar,1157,65,28,0,1250,0,0,7,0,7,1157,65,35,0,1257,0,0,0,1257
07/29/2022,MIA,FL,ASO,ES,Combined TRACON& Tower with Radar,1147,52,35,2,1236,0,0,5,0,5,1147,52,40,2,1241,0,0,0,1241
07/30/2022,MIA,FL,ASO,ES,Combined TRACON& Tower with Radar,1163,22,25,4,1214,0,0,0,0,0,1163,22,25,4,1214,0,0,0,1214
07/31/2022,MIA,FL,ASO,ES,Combined TRACON& Tower with Radar,1134,43,28,2,1207,0,0,1,0,1,1134,43,29,2,1208,0,0,0,1208
08/01/2022,MIA,FL,ASO,ES,Combined TRACON& Tower with Radar,1106,50,26,4,1186,0,0,12,0,12,1106,50,38,4,1198,0,0,0,1198
08/02/2022,MIA,FL,ASO,ES,Combined TRACON& Tower with Radar,1095,53,13,0,1161,0,0,1,0,1,1095,53,14,0,1162,0,0,0,1162
08/03/2022,MIA,FL,ASO,ES,Combined TRACON& Tower with Radar,1127,59,28,1,1215,1,4,0,1,6,1128,63,28,2,1221,0,0,0,1221
08/04/2022,MIA,FL,ASO,ES,Combined TRACON& Tower with Radar,1152,56,26,2,1236,0,0,8,1,9,1152,56,34,3,1245,0,0,0,1245
08/05/2022,MIA,FL,ASO,ES,Combined TRACON& Tower with Radar,1132,49,13,3,1197,0,0,6,0,6,1132,49,19,3,1203,0,0,0,1203
08/06/2022,MIA,FL,ASO,ES,Combined TRACON& Tower with Radar,1131,28,9,0,1168,0,1,5,0,6,1131,29,14,0,1174,0,0,0,1174
08/07/2022,MIA,FL,ASO,ES,Combined TRACON& Tower with Radar,1113,28,23,1,1165,0,0,6,0,6,1113,28,29,1,1171,0,0,0,1171
08/08/2022,MIA,FL,ASO,ES,Combined TRACON& Tower with Radar,1109,54,20,2,1185,0,0,2,0,2,1109,54,22,2,1187,0,0,0,1187
08/09/2022,MIA,FL,ASO,ES,Combined TRACON& Tower with Radar,1100,51,25,0,1176,1,1,11,0,13,1101,52,36,0,1189,0,0,0,1189
08/10/2022,MIA,FL,ASO,ES,Combined TRACON& Tower with Radar,1095,56,28,1,1180,0,4,10,0,14,1095,60,38,1,1194,0,0,0,1194
08/11/2022,MIA,FL,ASO,ES,Combined TRACON& Tower with Radar,1127,39,18,0,1184,0,0,0,1,1,1127,39,18,1,1185,0,0,0,1185
08/12/2022,MIA,FL,ASO,ES,Combined TRACON& Tower with Radar,1147,57,19,0,1223,0,0,1,0,1,1147,57,20,0,1224,0,0,0,1224
08/13/2022,MIA,FL,ASO,ES,Combined TRACON& Tower with Radar,1162,33,23,0,1218,0,2,2,0,4,1162,35,25,0,1222,0,0,0,1222
08/14/2022,MIA,FL,ASO,ES,Combined TRACON& Tower with Radar,1124,49,20,0,1193,0,0,4,0,4,1124,49,24,0,1197,0,0,0,1197
08/15/2022,MIA,FL,ASO,ES,Combined TRACON& Tower with Radar,1083,65,30,0,1178,0,4,3,0,7,1083,69,33,0,1185,0,0,0,1185
08/16/2022,MIA,FL,ASO,ES,Combined TRACON& Tower with Radar,1050,64,25,2,1141,1,0,5,0,6,1051,64,30,2,1147,0,0,0,1147
08/17/2022,MIA,FL,ASO,ES,Combined TRACON& Tower with Radar,1095,59,12,0,1166,0,0,4,0,4,1095,59,16,0,1170,0,0,0,1170
08/18/2022,MIA,FL,ASO,ES,Combined TRACON& Tower with Radar,1105,68,28,2,1203,0,2,6,0,8,1105,70,34,2,1211,0,0,0,1211
08/19/2022,MIA,FL,ASO,ES,Combined TRACON& Tower with Radar,1103,60,17,2,1182,0,0,0,0,0,1103,60,17,2,1182,0,0,0,1182
08/20/2022,MIA,FL,ASO,ES,Combined TRACON& Tower with Radar,1083,27,19,0,1129,1,3,1,0,5,1084,30,20,0,1134,0,0,0,1134
08/21/2022,MIA,FL,ASO,ES,Combined TRACON& Tower with Radar,1054,48,21,0,1123,0,0,3,0,3,1054,48,24,0,1126,0,0,0,1126
08/22/2022,MIA,FL,ASO,ES,Combined TRACON& Tower with Radar,1029,51,34,0,1114,0,0,6,0,6,1029,51,40,0,1120,0,0,0,1120
08/23/2022,MIA,FL,ASO,ES,Combined TRACON& Tower with Radar,1049,46,29,2,1126,0,0,10,2,12,1049,46,39,4,1138,0,0,0,1138
08/24/2022,MIA,FL,ASO,ES,Combined TRACON& Tower with Radar,1083,53,29,1,1166,0,3,26,0,29,1083,56,55,1,1195,0,0,0,1195
08/25/2022,MIA,FL,ASO,ES,Combined TRACON& Tower with Radar,1098,53,16,1,1168,0,2,7,0,9,1098,55,23,1,1177,0,0,0,1177
08/26/2022,MIA,FL,ASO,ES,Combined TRACON& Tower with Radar,1102,70,16,0,1188,0,0,4,0,4,1102,70,20,0,1192,0,0,0,1192
08/27/2022,MIA,FL,ASO,ES,Combined TRACON& Tower with Radar,1073,16,13,0,1102,0,1,0,0,1,1073,17,13,0,1103,0,0,0,1103
08/28/2022,MIA,FL,ASO,ES,Combined TRACON& Tower with Radar,1055,24,22,1,1102,0,0,2,0,2,1055,24,24,1,1104,0,0,0,1104
08/29/2022,MIA,FL,ASO,ES,Combined TRACON& Tower with Radar,1055,61,27,2,1145,0,0,3,0,3,1055,61,30,2,1148,0,0,0,1148
08/30/2022,MIA,FL,ASO,ES,Combined TRACON& Tower with Radar,1041,53,28,0,1122,0,1,2,0,3,1041,54,30,0,1125,0,0,0,1125
08/31/2022,MIA,FL,ASO,ES,Combined TRACON& Tower with Radar,1102,45,34,0,1181,0,1,2,0,3,1102,46,36,0,1184,0,0,0,1184
09/01/2022,MIA,FL,ASO,ES,Combined TRACON& Tower with Radar,1104,61,32,2,1199,0,0,3,0,3,1104,61,35,2,1202,0,0,0,1202
09/02/2022,MIA,FL,ASO,ES,Combined TRACON& Tower with Radar,1100,48,32,1,1181,0,2,4,1,7,1100,50,36,2,1188,0,0,0,1188
09/03/2022,MIA,FL,ASO,ES,Combined TRACON& Tower with Radar,1063,35,21,1,1120,0,1,0,0,1,1063,36,21,1,1121,0,0,0,1121
09/04/2022,MIA,FL,ASO,ES,Combined TRACON& Tower with Radar,1052,25,16,1,1094,0,0,3,0,3,1052,25,19,1,1097,0,0,0,1097
09/05/2022,MIA,FL,ASO,ES,Combined TRACON& Tower with Radar,1020,45,35,3,1103,0,1,4,0,5,1020,46,39,3,1108,0,0,0,1108
09/06/2022,MIA,FL,ASO,ES,Combined TRACON& Tower with Radar,1036,51,23,0,1110,1,2,0,0,3,1037,53,23,0,1113,0,0,0,1113
09/07/2022,MIA,FL,ASO,ES,Combined TRACON& Tower with Radar,1046,48,29,1,1124,0,0,13,0,13,1046,48,42,1,1137,0,0,0,1137
09/08/2022,MIA,FL,ASO,ES,Combined TRACON& Tower with Radar,1086,54,28,1,1169,0,0,12,1,13,1086,54,40,2,1182,0,0,0,1182
09/09/2022,MIA,FL,ASO,ES,Combined TRACON& Tower with Radar,1046,49,21,4,1120,0,0,2,0,2,1046,49,23,4,1122,0,0,0,1122
09/10/2022,MIA,FL,ASO,ES,Combined TRACON& Tower with Radar,1040,21,9,0,1070,0,0,0,0,0,1040,21,9,0,1070,0,0,0,1070
09/11/2022,MIA,FL,ASO,ES,Combined TRACON& Tower with Radar,1030,37,21,3,1091,0,2,4,0,6,1030,39,25,3,1097,0,0,0,1097
09/12/2022,MIA,FL,ASO,ES,Combined TRACON& Tower with Radar,1019,67,28,3,1117,0,0,4,0,4,1019,67,32,3,1121,0,0,0,1121
09/13/2022,MIA,FL,ASO,ES,Combined TRACON& Tower with Radar,1003,50,36,0,1089,1,3,6,0,10,1004,53,42,0,1099,0,0,0,1099
09/14/2022,MIA,FL,ASO,ES,Combined TRACON& Tower with Radar,1049,58,28,1,1136,0,0,3,0,3,1049,58,31,1,1139,0,0,0,1139
09/15/2022,MIA,FL,ASO,ES,Combined TRACON& Tower with Radar,1069,60,30,3,1162,1,0,4,0,5,1070,60,34,3,1167,0,0,0,1167
09/16/2022,MIA,FL,ASO,ES,Combined TRACON& Tower with Radar,1063,74,20,1,1158,0,1,2,0,3,1063,75,22,1,1161,0,0,0,1161
09/17/2022,MIA,FL,ASO,ES,Combined TRACON& Tower with Radar,1015,42,24,0,1081,1,2,0,0,3,1016,44,24,0,1084,0,0,0,1084
09/18/2022,MIA,FL,ASO,ES,Combined TRACON& Tower with Radar,1034,53,32,1,1120,0,0,3,0,3,1034,53,35,1,1123,0,0,0,1123
09/19/2022,MIA,FL,ASO,ES,Combined TRACON& Tower with Radar,1008,61,21,0,1090,1,0,4,0,5,1009,61,25,0,1095,0,0,0,1095
09/20/2022,MIA,FL,ASO,ES,Combined TRACON& Tower with Radar,1017,59,29,2,1107,2,1,8,0,11,1019,60,37,2,1118,0,0,0,1118
09/21/2022,MIA,FL,ASO,ES,Combined TRACON& Tower with Radar,1069,70,22,1,1162,0,1,7,0,8,1069,71,29,1,1170,0,0,0,1170
09/22/2022,MIA,FL,ASO,ES,Combined TRACON& Tower with Radar,1075,49,30,5,1159,0,1,3,0,4,1075,50,33,5,1163,0,0,0,1163
09/23/2022,MIA,FL,ASO,ES,Combined TRACON& Tower with Radar,1056,77,31,3,1167,0,3,16,0,19,1056,80,47,3,1186,0,0,0,1186
09/24/2022,MIA,FL,ASO,ES,Combined TRACON& Tower with Radar,1040,35,13,1,1089,0,2,2,0,4,1040,37,15,1,1093,0,0,0,1093
09/25/2022,MIA,FL,ASO,ES,Combined TRACON& Tower with Radar,1038,33,18,0,1089,0,0,2,0,2,1038,33,20,0,1091,0,0,0,1091
09/26/2022,MIA,FL,ASO,ES,Combined TRACON& Tower with Radar,993,56,21,1,1071,1,0,9,0,10,994,56,30,1,1081,0,0,0,1081
09/27/2022,MIA,FL,ASO,ES,Combined TRACON& Tower with Radar,917,27,21,2,967,0,0,0,0,0,917,27,21,2,967,0,0,0,967
09/28/2022,MIA,FL,ASO,ES,Combined TRACON& Tower with Radar,538,8,5,0,551,1,1,0,0,2,539,9,5,0,553,0,0,0,553
09/29/2022,MIA,FL,ASO,ES,Combined TRACON& Tower with Radar,1003,36,20,2,1061,1,0,0,0,1,1004,36,20,2,1062,0,0,0,1062
09/30/2022,MIA,FL,ASO,ES,Combined TRACON& Tower with Radar,1032,58,21,0,1111,1,0,4,0,5,1033,58,25,0,1116,0,0,0,1116
10/01/2022,MIA,FL,ASO,ES,Combined TRACON& Tower with Radar,1009,51,15,0,1075,0,0,6,0,6,1009,51,21,0,1081,0,0,0,1081
10/02/2022,MIA,FL,ASO,ES,Combined TRACON& Tower with Radar,1029,39,31,0,1099,0,1,2,1,4,1029,40,33,1,1103,0,0,0,1103
10/03/2022,MIA,FL,ASO,ES,Combined TRACON& Tower with Radar,1029,55,25,0,1109,0,0,12,0,12,1029,55,37,0,1121,0,0,0,1121
10/04/2022,MIA,FL,ASO,ES,Combined TRACON& Tower with Radar,1020,48,19,2,1089,0,4,7,0,11,1020,52,26,2,1100,0,0,0,1100
10/05/2022,MIA,FL,ASO,ES,Combined TRACON& Tower with Radar,1051,53,23,0,1127,2,1,4,0,7,1053,54,27,0,1134,0,0,0,1134
10/06/2022,MIA,FL,ASO,ES,Combined TRACON& Tower with Radar,1070,93,33,0,1196,0,3,8,0,11,1070,96,41,0,1207,0,0,0,1207
10/07/2022,MIA,FL,ASO,ES,Combined TRACON& Tower with Radar,1068,82,34,0,1184,0,2,4,0,6,1068,84,38,0,1190,0,0,0,1190
10/08/2022,MIA,FL,ASO,ES,Combined TRACON& Tower with Radar,1034,41,26,0,1101,0,1,5,0,6,1034,42,31,0,1107,0,0,0,1107
10/09/2022,MIA,FL,ASO,ES,Combined TRACON& Tower with Radar,1015,64,26,0,1105,0,0,0,0,0,1015,64,26,0,1105,0,0,0,1105
10/10/2022,MIA,FL,ASO,ES,Combined TRACON& Tower with Radar,1050,71,29,0,1150,0,1,5,0,6,1050,72,34,0,1156,0,0,0,1156
10/11/2022,MIA,FL,ASO,ES,Combined TRACON& Tower with Radar,1041,64,16,0,1121,1,1,13,3,18,1042,65,29,3,1139,0,0,0,1139
10/12/2022,MIA,FL,ASO,ES,Combined TRACON& Tower with Radar,1071,66,31,2,1170,0,1,9,1,11,1071,67,40,3,1181,0,0,0,1181
10/13/2022,MIA,FL,ASO,ES,Combined TRACON& Tower with Radar,1058,69,25,2,1154,0,0,1,0,1,1058,69,26,2,1155,0,0,0,1155
10/14/2022,MIA,FL,ASO,ES,Combined TRACON& Tower with Radar,1094,68,28,0,1190,0,8,1,0,9,1094,76,29,0,1199,0,0,0,1199
10/15/2022,MIA,FL,ASO,ES,Combined TRACON& Tower with Radar,1056,42,12,0,1110,0,0,2,1,3,1056,42,14,1,1113,0,0,0,1113
10/16/2022,MIA,FL,ASO,ES,Combined TRACON& Tower with Radar,1039,69,33,1,1142,0,2,6,1,9,1039,71,39,2,1151,0,0,0,1151
10/17/2022,MIA,FL,ASO,ES,Combined TRACON& Tower with Radar,1029,65,19,1,1114,0,0,10,0,10,1029,65,29,1,1124,0,0,0,1124
10/18/2022,MIA,FL,ASO,ES,Combined TRACON& Tower with Radar,1043,67,22,2,1134,0,1,10,0,11,1043,68,32,2,1145,0,0,0,1145
10/19/2022,MIA,FL,ASO,ES,Combined TRACON& Tower with Radar,1063,68,51,0,1182,1,1,4,0,6,1064,69,55,0,1188,0,0,0,1188
10/20/2022,MIA,FL,ASO,ES,Combined TRACON& Tower with Radar,1091,72,37,0,1200,0,3,9,0,12,1091,75,46,0,1212,0,0,0,1212
10/21/2022,MIA,FL,ASO,ES,Combined TRACON& Tower with Radar,1085,73,37,0,1195,0,3,8,0,11,1085,76,45,0,1206,0,0,0,1206
10/22/2022,MIA,FL,ASO,ES,Combined TRACON& Tower with Radar,1063,45,26,0,1134,0,0,6,0,6,1063,45,32,0,1140,0,0,0,1140
10/23/2022,MIA,FL,ASO,ES,Combined TRACON& Tower with Radar,1045,69,31,0,1145,0,2,5,0,7,1045,71,36,0,1152,0,0,0,1152
10/24/2022,MIA,FL,ASO,ES,Combined TRACON& Tower with Radar,1044,84,36,2,1166,0,0,12,0,12,1044,84,48,2,1178,0,0,0,1178
10/25/2022,MIA,FL,ASO,ES,Combined TRACON& Tower with Radar,1041,78,20,0,1139,1,4,2,0,7,1042,82,22,0,1146,0,0,0,1146
10/26/2022,MIA,FL,ASO,ES,Combined TRACON& Tower with Radar,1072,69,35,0,1176,1,1,20,0,22,1073,70,55,0,1198,0,0,0,1198
10/27/2022,MIA,FL,ASO,ES,Combined TRACON& Tower with Radar,1102,87,45,1,1235,0,5,11,4,20,1102,92,56,5,1255,0,0,0,1255
10/28/2022,MIA,FL,ASO,ES,Combined TRACON& Tower with Radar,1060,71,19,3,1153,2,3,13,0,18,1062,74,32,3,1171,0,0,0,1171
10/29/2022,MIA,FL,ASO,ES,Combined TRACON& Tower with Radar,1079,35,27,1,1142,0,4,5,0,9,1079,39,32,1,1151,0,0,0,1151
10/30/2022,MIA,FL,ASO,ES,Combined TRACON& Tower with Radar,1059,65,21,0,1145,0,2,4,0,6,1059,67,25,0,1151,0,0,0,1151
10/31/2022,MIA,FL,ASO,ES,Combined TRACON& Tower with Radar,1048,67,24,0,1139,1,3,4,0,8,1049,70,28,0,1147,0,0,0,1147
11/01/2022,MIA,FL,ASO,ES,Combined TRACON& Tower with Radar,1072,86,33,1,1192,1,2,3,0,6,1073,88,36,1,1198,0,0,0,1198
11/02/2022,MIA,FL,ASO,ES,Combined TRACON& Tower with Radar,1093,67,36,4,1200,0,1,7,0,8,1093,68,43,4,1208,0,0,0,1208
11/03/2022,MIA,FL,ASO,ES,Combined TRACON& Tower with Radar,1133,88,28,0,1249,1,1,11,0,13,1134,89,39,0,1262,0,0,0,1262
11/04/2022,MIA,FL,ASO,ES,Combined TRACON& Tower with Radar,1143,73,39,0,1255,0,1,5,0,6,1143,74,44,0,1261,0,0,0,1261
11/05/2022,MIA,FL,ASO,ES,Combined TRACON& Tower with Radar,1122,58,24,1,1205,0,0,3,0,3,1122,58,27,1,1208,0,0,0,1208
11/06/2022,MIA,FL,ASO,ES,Combined TRACON& Tower with Radar,1111,64,34,0,1209,0,7,6,0,13,1111,71,40,0,1222,0,0,0,1222
11/07/2022,MIA,FL,ASO,ES,Combined TRACON& Tower with Radar,1093,91,31,0,1215,1,2,7,0,10,1094,93,38,0,1225,0,0,0,1225
11/08/2022,MIA,FL,ASO,ES,Combined TRACON& Tower with Radar,1111,73,38,3,1225,0,0,6,0,6,1111,73,44,3,1231,0,0,0,1231
11/09/2022,MIA,FL,ASO,ES,Combined TRACON& Tower with Radar,1070,49,24,0,1143,0,0,1,0,1,1070,49,25,0,1144,0,0,0,1144
11/10/2022,MIA,FL,ASO,ES,Combined TRACON& Tower with Radar,1126,66,19,0,1211,2,0,0,0,2,1128,66,19,0,1213,0,0,0,1213
11/11/2022,MIA,FL,ASO,ES,Combined TRACON& Tower with Radar,1147,86,39,0,1272,0,0,9,0,9,1147,86,48,0,1281,0,0,0,1281
11/12/2022,MIA,FL,ASO,ES,Combined TRACON& Tower with Radar,1140,50,25,1,1216,0,2,8,0,10,1140,52,33,1,1226,0,0,0,1226
11/13/2022,MIA,FL,ASO,ES,Combined TRACON& Tower with Radar,1140,71,41,3,1255,0,4,10,0,14,1140,75,51,3,1269,0,0,0,1269
11/14/2022,MIA,FL,ASO,ES,Combined TRACON& Tower with Radar,1114,89,45,0,1248,0,2,5,0,7,1114,91,50,0,1255,0,0,0,1255
11/15/2022,MIA,FL,ASO,ES,Combined TRACON& Tower with Radar,1124,80,36,2,1242,1,2,5,0,8,1125,82,41,2,1250,0,0,0,1250
11/16/2022,MIA,FL,ASO,ES,Combined TRACON& Tower with Radar,1161,74,50,2,1287,1,2,4,0,7,1162,76,54,2,1294,0,0,0,1294
11/17/2022,MIA,FL,ASO,ES,Combined TRACON& Tower with Radar,1178,91,55,2,1326,0,2,4,0,6,1178,93,59,2,1332,0,0,0,1332
11/18/2022,MIA,FL,ASO,ES,Combined TRACON& Tower with Radar,1179,84,50,2,1315,0,5,7,0,12,1179,89,57,2,1327,0,0,0,1327
11/19/2022,MIA,FL,ASO,ES,Combined TRACON& Tower with Radar,1131,66,29,0,1226,1,2,4,0,7,1132,68,33,0,1233,0,0,0,1233
11/20/2022,MIA,FL,ASO,ES,Combined TRACON& Tower with Radar,1145,74,38,0,1257,0,0,2,0,2,1145,74,40,0,1259,0,0,0,1259
11/21/2022,MIA,FL,ASO,ES,Combined TRACON& Tower with Radar,1144,89,25,0,1258,0,1,8,1,10,1144,90,33,1,1268,0,0,0,1268
11/22/2022,MIA,FL,ASO,ES,Combined TRACON& Tower with Radar,1137,94,29,0,1260,1,3,5,0,9,1138,97,34,0,1269,0,0,0,1269
11/23/2022,MIA,FL,ASO,ES,Combined TRACON& Tower with Radar,1201,90,35,4,1330,0,3,8,0,11,1201,93,43,4,1341,0,0,0,1341
11/24/2022,MIA,FL,ASO,ES,Combined TRACON& Tower with Radar,893,51,14,3,961,1,1,0,0,2,894,52,14,3,963,0,0,0,963
11/25/2022,MIA,FL,ASO,ES,Combined TRACON& Tower with Radar,1074,68,20,0,1162,0,1,8,0,9,1074,69,28,0,1171,0,0,0,1171
11/26/2022,MIA,FL,ASO,ES,Combined TRACON& Tower with Radar,1171,80,37,0,1288,1,2,5,0,8,1172,82,42,0,1296,0,0,0,1296
11/27/2022,MIA,FL,ASO,ES,Combined TRACON& Tower with Radar,1128,131,50,0,1309,1,1,3,0,5,1129,132,53,0,1314,0,0,0,1314
11/28/2022,MIA,FL,ASO,ES,Combined TRACON& Tower with Radar,1119,162,44,0,1325,0,2,9,0,11,1119,164,53,0,1336,0,0,0,1336
11/29/2022,MIA,FL,ASO,ES,Combined TRACON& Tower with Radar,1141,129,46,4,1320,0,2,8,0,10,1141,131,54,4,1330,0,0,0,1330
11/30/2022,MIA,FL,ASO,ES,Combined TRACON& Tower with Radar,1153,99,46,0,1298,1,1,7,0,9,1154,100,53,0,1307,0,0,0,1307
12/01/2022,MIA,FL,ASO,ES,Combined TRACON& Tower with Radar,1189,108,54,0,1351,0,2,15,0,17,1189,110,69,0,1368,0,0,0,1368
12/02/2022,MIA,FL,ASO,ES,Combined TRACON& Tower with Radar,1172,120,40,2,1334,0,3,7,0,10,1172,123,47,2,1344,0,0,0,1344
12/03/2022,MIA,FL,ASO,ES,Combined TRACON& Tower with Radar,1164,52,20,0,1236,2,1,4,0,7,1166,53,24,0,1243,0,0,0,1243
12/04/2022,MIA,FL,ASO,ES,Combined TRACON& Tower with Radar,1160,103,30,0,1293,0,0,3,0,3,1160,103,33,0,1296,0,0,0,1296
12/05/2022,MIA,FL,ASO,ES,Combined TRACON& Tower with Radar,1129,85,45,0,1259,0,6,8,0,14,1129,91,53,0,1273,0,0,0,1273
12/06/2022,MIA,FL,ASO,ES,Combined TRACON& Tower with Radar,1150,68,34,0,1252,1,4,5,0,10,1151,72,39,0,1262,0,0,0,1262
12/07/2022,MIA,FL,ASO,ES,Combined TRACON& Tower with Radar,1156,68,26,0,1250,0,2,2,0,4,1156,70,28,0,1254,0,0,0,1254
12/08/2022,MIA,FL,ASO,ES,Combined TRACON& Tower with Radar,1187,105,53,2,1347,0,7,11,0,18,1187,112,64,2,1365,0,0,0,1365
12/09/2022,MIA,FL,ASO,ES,Combined TRACON& Tower with Radar,1182,88,37,6,1313,1,5,8,1,15,1183,93,45,7,1328,0,0,0,1328
12/10/2022,MIA,FL,ASO,ES,Combined TRACON& Tower with Radar,1180,40,21,0,1241,3,1,8,0,12,1183,41,29,0,1253,0,0,0,1253
12/11/2022,MIA,FL,ASO,ES,Combined TRACON& Tower with Radar,1160,70,34,1,1265,0,1,8,0,9,1160,71,42,1,1274,0,0,0,1274
12/12/2022,MIA,FL,ASO,ES,Combined TRACON& Tower with Radar,1146,87,28,0,1261,0,0,4,0,4,1146,87,32,0,1265,0,0,0,1265
12/13/2022,MIA,FL,ASO,ES,Combined TRACON& Tower with Radar,1149,75,33,3,1260,1,3,4,1,9,1150,78,37,4,1269,0,0,0,1269
12/14/2022,MIA,FL,ASO,ES,Combined TRACON& Tower with Radar,1172,93,42,4,1311,0,6,7,0,13,1172,99,49,4,1324,0,0,0,1324
12/15/2022,MIA,FL,ASO,ES,Combined TRACON& Tower with Radar,1247,86,41,0,1374,1,4,6,0,11,1248,90,47,0,1385,0,0,0,1385
12/16/2022,MIA,FL,ASO,ES,Combined TRACON& Tower with Radar,1249,94,43,1,1387,2,2,4,1,9,1251,96,47,2,1396,0,0,0,1396
12/17/2022,MIA,FL,ASO,ES,Combined TRACON& Tower with Radar,1262,64,39,1,1366,2,1,1,1,5,1264,65,40,2,1371,0,0,0,1371
12/18/2022,MIA,FL,ASO,ES,Combined TRACON& Tower with Radar,1236,63,57,0,1356,1,0,2,0,3,1237,63,59,0,1359,0,0,0,1359
12/19/2022,MIA,FL,ASO,ES,Combined TRACON& Tower with Radar,1223,91,33,0,1347,0,6,4,0,10,1223,97,37,0,1357,0,0,0,1357
12/20/2022,MIA,FL,ASO,ES,Combined TRACON& Tower with Radar,1222,79,38,0,1339,1,1,3,0,5,1223,80,41,0,1344,0,0,0,1344
12/21/2022,MIA,FL,ASO,ES,Combined TRACON& Tower with Radar,1248,91,44,0,1383,2,3,4,0,9,1250,94,48,0,1392,0,0,0,1392
12/22/2022,MIA,FL,ASO,ES,Combined TRACON& Tower with Radar,1220,124,31,2,1377,1,3,1,0,5,1221,127,32,2,1382,0,0,0,1382
12/23/2022,MIA,FL,ASO,ES,Combined TRACON& Tower with Radar,1140,96,39,1,1276,1,9,3,0,13,1141,105,42,1,1289,0,0,0,1289
12/24/2022,MIA,FL,ASO,ES,Combined TRACON& Tower with Radar,974,50,20,1,1045,2,1,7,0,10,976,51,27,1,1055,0,0,0,1055
12/25/2022,MIA,FL,ASO,ES,Combined TRACON& Tower with Radar,892,64,20,0,976,1,1,1,0,3,893,65,21,0,979,0,0,0,979
12/26/2022,MIA,FL,ASO,ES,Combined TRACON& Tower with Radar,1054,92,60,0,1206,0,1,4,0,5,1054,93,64,0,1211,0,0,0,1211
12/27/2022,MIA,FL,ASO,ES,Combined TRACON& Tower with Radar,1151,96,49,0,1296,2,2,8,0,12,1153,98,57,0,1308,0,0,0,1308
12/28/2022,MIA,FL,ASO,ES,Combined TRACON& Tower with Radar,1223,113,54,0,1390,0,4,12,0,16,1223,117,66,0,1406,0,0,0,1406
12/29/2022,MIA,FL,ASO,ES,Combined TRACON& Tower with Radar,1209,102,35,0,1346,1,7,6,0,14,1210,109,41,0,1360,0,0,0,1360
12/30/2022,MIA,FL,ASO,ES,Combined TRACON& Tower with Radar,1228,93,28,0,1349,0,4,8,0,12,1228,97,36,0,1361,0,0,0,1361
12/31/2022,MIA,FL,ASO,ES,Combined TRACON& Tower with Radar,1032,46,12,0,1090,0,1,4,0,5,1032,47,16,0,1095,0,0,0,1095
01/01/2023,MIA,FL,ASO,ES,Combined TRACON& Tower with Radar,1077,61,34,0,1172,0,3,4,0,7,1077,64,38,0,1179,0,0,0,1179
01/02/2023,MIA,FL,ASO,ES,Combined TRACON& Tower with Radar,1052,93,58,0,1203,1,7,10,0,18,1053,100,68,0,1221,0,0,0,1221
01/03/2023,MIA,FL,ASO,ES,Combined TRACON& Tower with Radar,1189,108,76,0,1373,0,2,10,0,12,1189,110,86,0,1385,0,0,0,1385
01/04/2023,MIA,FL,ASO,ES,Combined TRACON& Tower with Radar,1104,86,64,0,1254,0,6,8,0,14,1104,92,72,0,1268,0,0,0,1268
01/05/2023,MIA,FL,ASO,ES,Combined TRACON& Tower with Radar,1221,94,44,0,1359,1,3,5,0,9,1222,97,49,0,1368,0,0,0,1368
01/06/2023,MIA,FL,ASO,ES,Combined TRACON& Tower with Radar,1203,98,61,0,1362,2,6,5,0,13,1205,104,66,0,1375,0,0,0,1375
01/07/2023,MIA,FL,ASO,ES,Combined TRACON& Tower with Radar,1207,52,21,1,1281,3,1,4,0,8,1210,53,25,1,1289,0,0,0,1289
01/08/2023,MIA,FL,ASO,ES,Combined TRACON& Tower with Radar,1180,99,43,1,1323,1,1,4,0,6,1181,100,47,1,1329,0,0,0,1329
01/09/2023,MIA,FL,ASO,ES,Combined TRACON& Tower with Radar,1133,91,40,2,1266,2,1,6,0,9,1135,92,46,2,1275,0,0,0,1275
01/10/2023,MIA,FL,ASO,ES,Combined TRACON& Tower with Radar,1167,57,29,0,1253,3,4,1,0,8,1170,61,30,0,1261,0,0,0,1261
01/11/2023,MIA,FL,ASO,ES,Combined TRACON& Tower with Radar,1084,85,36,2,1207,3,4,7,0,14,1087,89,43,2,1221,0,0,0,1221
01/12/2023,MIA,FL,ASO,ES,Combined TRACON& Tower with Radar,1178,84,32,0,1294,4,3,7,2,16,1182,87,39,2,1310,0,0,0,1310
01/13/2023,MIA,FL,ASO,ES,Combined TRACON& Tower with Radar,1210,104,39,1,1354,3,2,4,0,9,1213,106,43,1,1363,0,0,0,1363
01/14/2023,MIA,FL,ASO,ES,Combined TRACON& Tower with Radar,1195,60,34,0,1289,6,0,3,0,9,1201,60,37,0,1298,0,0,0,1298
01/15/2023,MIA,FL,ASO,ES,Combined TRACON& Tower with Radar,1170,73,32,0,1275,0,2,2,0,4,1170,75,34,0,1279,0,0,0,1279
01/16/2023,MIA,FL,ASO,ES,Combined TRACON& Tower with Radar,1132,109,37,1,1279,0,0,8,0,8,1132,109,45,1,1287,0,0,0,1287
01/17/2023,MIA,FL,ASO,ES,Combined TRACON& Tower with Radar,1166,96,35,1,1298,0,1,6,0,7,1166,97,41,1,1305,0,0,0,1305
01/18/2023,MIA,FL,ASO,ES,Combined TRACON& Tower with Radar,1184,83,29,2,1298,5,1,10,0,16,1189,84,39,2,1314,0,0,0,1314
01/19/2023,MIA,FL,ASO,ES,Combined TRACON& Tower with Radar,1184,83,40,0,1307,4,3,14,1,22,1188,86,54,1,1329,0,0,0,1329
01/20/2023,MIA,FL,ASO,ES,Combined TRACON& Tower with Radar,1203,71,38,2,1314,3,4,8,0,15,1206,75,46,2,1329,0,0,0,1329
01/21/2023,MIA,FL,ASO,ES,Combined TRACON& Tower with Radar,1215,55,33,1,1304,4,0,4,0,8,1219,55,37,1,1312,0,0,0,1312
01/22/2023,MIA,FL,ASO,ES,Combined TRACON& Tower with Radar,1171,67,32,1,1271,0,2,1,0,3,1171,69,33,1,1274,0,0,0,1274
01/23/2023,MIA,FL,ASO,ES,Combined TRACON& Tower with Radar,1151,86,40,2,1279,0,0,9,1,10,1151,86,49,3,1289,0,0,0,1289
01/24/2023,MIA,FL,ASO,ES,Combined TRACON& Tower with Radar,1171,75,37,0,1283,1,0,13,0,14,1172,75,50,0,1297,0,0,0,1297
01/25/2023,MIA,FL,ASO,ES,Combined TRACON& Tower with Radar,1194,103,51,1,1349,0,4,4,0,8,1194,107,55,1,1357,0,0,0,1357
01/26/2023,MIA,FL,ASO,ES,Combined TRACON& Tower with Radar,1208,88,28,4,1328,0,0,3,3,6,1208,88,31,7,1334,0,0,0,1334
01/27/2023,MIA,FL,ASO,ES,Combined TRACON& Tower with Radar,1231,94,48,3,1376,0,2,24,0,26,1231,96,72,3,1402,0,0,0,1402
01/28/2023,MIA,FL,ASO,ES,Combined TRACON& Tower with Radar,1249,58,28,0,1335,0,0,6,0,6,1249,58,34,0,1341,0,0,0,1341
01/29/2023,MIA,FL,ASO,ES,Combined TRACON& Tower with Radar,1214,107,40,1,1362,1,1,9,0,11,1215,108,49,1,1373,0,0,0,1373
01/30/2023,MIA,FL,ASO,ES,Combined TRACON& Tower with Radar,1147,88,36,6,1277,0,5,10,0,15,1147,93,46,6,1292,0,0,0,1292
01/31/2023,MIA,FL,ASO,ES,Combined TRACON& Tower with Radar,1178,96,44,5,1323,0,1,11,0,12,1178,97,55,5,1335,0,0,0,1335
02/01/2023,MIA,FL,ASO,ES,Combined TRACON& Tower with Radar,1181,94,43,0,1318,2,3,3,0,8,1183,97,46,0,1326,0,0,0,1326
02/02/2023,MIA,FL,ASO,ES,Combined TRACON& Tower with Radar,1183,79,62,1,1325,1,1,6,1,9,1184,80,68,2,1334,0,0,0,1334
02/03/2023,MIA,FL,ASO,ES,Combined TRACON& Tower with Radar,1218,94,26,1,1339,6,2,4,1,13,1224,96,30,2,1352,0,0,0,1352
02/04/2023,MIA,FL,ASO,ES,Combined TRACON& Tower with Radar,1244,55,29,0,1328,6,1,2,1,10,1250,56,31,1,1338,0,0,0,1338
02/05/2023,MIA,FL,ASO,ES,Combined TRACON& Tower with Radar,1193,79,58,1,1331,2,3,5,0,10,1195,82,63,1,1341,0,0,0,1341
02/06/2023,MIA,FL,ASO,ES,Combined TRACON& Tower with Radar,1181,89,43,2,1315,0,2,3,0,5,1181,91,46,2,1320,0,0,0,1320
02/07/2023,MIA,FL,ASO,ES,Combined TRACON& Tower with Radar,1191,87,41,1,1320,0,3,5,0,8,1191,90,46,1,1328,0,0,0,1328
02/08/2023,MIA,FL,ASO,ES,Combined TRACON& Tower with Radar,1211,102,80,3,1396,0,2,8,2,12,1211,104,88,5,1408,0,0,0,1408
02/09/2023,MIA,FL,ASO,ES,Combined TRACON& Tower with Radar,1211,109,54,5,1379,0,2,11,0,13,1211,111,65,5,1392,0,0,0,1392
02/10/2023,MIA,FL,ASO,ES,Combined TRACON& Tower with Radar,1206,119,78,3,1406,1,2,16,0,19,1207,121,94,3,1425,0,0,0,1425
02/11/2023,MIA,FL,ASO,ES,Combined TRACON& Tower with Radar,1205,65,35,0,1305,1,2,3,2,8,1206,67,38,2,1313,0,0,0,1313
02/12/2023,MIA,FL,ASO,ES,Combined TRACON& Tower with Radar,1173,94,49,0,1316,0,0,14,2,16,1173,94,63,2,1332,0,0,0,1332
02/13/2023,MIA,FL,ASO,ES,Combined TRACON& Tower with Radar,1135,90,29,2,1256,2,6,7,0,15,1137,96,36,2,1271,0,0,0,1271
02/14/2023,MIA,FL,ASO,ES,Combined TRACON& Tower with Radar,1172,92,43,0,1307,2,2,14,0,18,1174,94,57,0,1325,0,0,0,1325
02/15/2023,MIA,FL,ASO,ES,Combined TRACON& Tower with Radar,1179,120,54,0,1353,1,3,14,0,18,1180,123,68,0,1371,0,0,0,1371
02/16/2023,MIA,FL,ASO,ES,Combined TRACON& Tower with Radar,1188,120,70,0,1378,4,2,21,0,27,1192,122,91,0,1405,0,0,0,1405
02/17/2023,MIA,FL,ASO,ES,Combined TRACON& Tower with Radar,1184,123,77,0,1384,2,5,15,0,22,1186,128,92,0,1406,0,0,0,1406
02/18/2023,MIA,FL,ASO,ES,Combined TRACON& Tower with Radar,1203,79,58,0,1340,6,3,10,3,22,1209,82,68,3,1362,0,0,0,1362
02/19/2023,MIA,FL,ASO,ES,Combined TRACON& Tower with Radar,1172,84,53,1,1310,5,5,13,0,23,1177,89,66,1,1333,0,0,0,1333
02/20/2023,MIA,FL,ASO,ES,Combined TRACON& Tower with Radar,1139,129,57,0,1325,4,10,9,1,24,1143,139,66,1,1349,0,0,0,1349
02/21/2023,MIA,FL,ASO,ES,Combined TRACON& Tower with Radar,1180,114,59,0,1353,4,6,6,1,17,1184,120,65,1,1370,0,0,0,1370
02/22/2023,MIA,FL,ASO,ES,Combined TRACON& Tower with Radar,1164,114,55,2,1335,3,2,3,0,8,1167,116,58,2,1343,0,0,0,1343
02/23/2023,MIA,FL,ASO,ES,Combined TRACON& Tower with Radar,1168,116,56,2,1342,4,8,7,1,20,1172,124,63,3,1362,0,0,0,1362
02/24/2023,MIA,FL,ASO,ES,Combined TRACON& Tower with Radar,1182,87,38,1,1308,7,5,13,0,25,1189,92,51,1,1333,0,0,0,1333
02/25/2023,MIA,FL,ASO,ES,Combined TRACON& Tower with Radar,1203,77,28,0,1308,7,4,9,0,20,1210,81,37,0,1328,0,0,0,1328
02/26/2023,MIA,FL,ASO,ES,Combined TRACON& Tower with Radar,1169,107,31,0,1307,6,0,15,0,21,1175,107,46,0,1328,0,0,0,1328
02/27/2023,MIA,FL,ASO,ES,Combined TRACON& Tower with Radar,1110,108,48,2,1268,4,2,9,0,15,1114,110,57,2,1283,0,0,0,1283
02/28/2023,MIA,FL,ASO,ES,Combined TRACON& Tower with Radar,1161,112,16,0,1289,4,4,10,0,18,1165,116,26,0,1307,0,0,0,1307
03/01/2023,MIA,FL,ASO,ES,Combined TRACON& Tower with Radar,1163,116,48,0,1327,6,2,22,0,30,1169,118,70,0,1357,0,0,0,1357
03/02/2023,MIA,FL,ASO,ES,Combined TRACON& Tower with Radar,1181,84,55,1,1321,5,2,5,0,12,1186,86,60,1,1333,0,0,0,1333
03/03/2023,MIA,FL,ASO,ES,Combined TRACON& Tower with Radar,1204,105,41,1,1351,9,3,10,0,22,1213,108,51,1,1373,0,0,0,1373
03/04/2023,MIA,FL,ASO,ES,Combined TRACON& Tower with Radar,1166,55,32,0,1253,6,4,6,0,16,1172,59,38,0,1269,0,0,0,1269
03/05/2023,MIA,FL,ASO,ES,Combined TRACON& Tower with Radar,1168,80,42,0,1290,6,1,12,0,19,1174,81,54,0,1309,0,0,0,1309
03/06/2023,MIA,FL,ASO,ES,Combined TRACON& Tower with Radar,1157,98,60,0,1315,6,5,5,0,16,1163,103,65,0,1331,0,0,0,1331
03/07/2023,MIA,FL,ASO,ES,Combined TRACON& Tower with Radar,1169,88,41,2,1300,3,2,5,2,12,1172,90,46,4,1312,0,0,0,1312
03/08/2023,MIA,FL,ASO,ES,Combined TRACON& Tower with Radar,1179,101,35,4,1319,3,2,13,0,18,1182,103,48,4,1337,0,0,0,1337
03/09/2023,MIA,FL,ASO,ES,Combined TRACON& Tower with Radar,1186,86,46,0,1318,6,2,4,0,12,1192,88,50,0,1330,0,0,0,1330
03/10/2023,MIA,FL,ASO,ES,Combined TRACON& Tower with Radar,1183,107,59,2,1351,4,3,7,2,16,1187,110,66,4,1367,0,0,0,1367
03/11/2023,MIA,FL,ASO,ES,Combined TRACON& Tower with Radar,1213,66,49,0,1328,5,1,6,0,12,1218,67,55,0,1340,0,0,0,1340
03/12/2023,MIA,FL,ASO,ES,Combined TRACON& Tower with Radar,1154,85,35,0,1274,5,1,4,3,13,1159,86,39,3,1287,0,0,0,1287
03/13/2023,MIA,FL,ASO,ES,Combined TRACON& Tower with Radar,1152,94,32,3,1281,4,0,6,0,10,1156,94,38,3,1291,0,0,0,1291
03/14/2023,MIA,FL,ASO,ES,Combined TRACON& Tower with Radar,1170,85,27,3,1285,3,1,10,0,14,1173,86,37,3,1299,0,0,0,1299
03/15/2023,MIA,FL,ASO,ES,Combined TRACON& Tower with Radar,1198,80,45,2,1325,4,5,10,1,20,1202,85,55,3,1345,0,0,0,1345
03/16/2023,MIA,FL,ASO,ES,Combined TRACON& Tower with Radar,1189,98,38,1,1326,5,7,6,0,18,1194,105,44,1,1344,0,0,0,1344
03/17/2023,MIA,FL,ASO,ES,Combined TRACON& Tower with Radar,1196,118,33,0,1347,6,4,9,1,20,1202,122,42,1,1367,0,0,0,1367
03/18/2023,MIA,FL,ASO,ES,Combined TRACON& Tower with Radar,1207,78,53,0,1338,6,1,14,0,21,1213,79,67,0,1359,0,0,0,1359
03/19/2023,MIA,FL,ASO,ES,Combined TRACON& Tower with Radar,1162,107,50,0,1319,8,1,7,1,17,1170,108,57,1,1336,0,0,0,1336
03/20/2023,MIA,FL,ASO,ES,Combined TRACON& Tower with Radar,1140,83,40,3,1266,6,4,1,0,11,1146,87,41,3,1277,0,0,0,1277
03/21/2023,MIA,FL,ASO,ES,Combined TRACON& Tower with Radar,1177,86,32,3,1298,4,3,10,0,17,1181,89,42,3,1315,0,0,0,1315
03/22/2023,MIA,FL,ASO,ES,Combined TRACON& Tower with Radar,1189,88,33,3,1313,7,4,2,0,13,1196,92,35,3,1326,0,0,0,1326
03/23/2023,MIA,FL,ASO,ES,Combined TRACON& Tower with Radar,1169,99,34,3,1305,8,1,16,0,25,1177,100,50,3,1330,0,0,0,1330
03/24/2023,MIA,FL,ASO,ES,Combined TRACON& Tower with Radar,1198,105,31,0,1334,8,5,9,0,22,1206,110,40,0,1356,0,0,0,1356
03/25/2023,MIA,FL,ASO,ES,Combined TRACON& Tower with Radar,1183,80,27,0,1290,6,1,5,0,12,1189,81,32,0,1302,0,0,0,1302
03/26/2023,MIA,FL,ASO,ES,Combined TRACON& Tower with Radar,1128,70,36,0,1234,8,3,12,0,23,1136,73,48,0,1257,0,0,0,1257
03/27/2023,MIA,FL,ASO,ES,Combined TRACON& Tower with Radar,1140,85,50,0,1275,5,0,8,0,13,1145,85,58,0,1288,0,0,0,1288
03/28/2023,MIA,FL,ASO,ES,Combined TRACON& Tower with Radar,1127,82,41,0,1250,6,3,10,0,19,1133,85,51,0,1269,0,0,0,1269
03/29/2023,MIA,FL,ASO,ES,Combined TRACON& Tower with Radar,1142,74,40,4,1260,3,3,14,0,20,1145,77,54,4,1280,0,0,0,1280
03/30/2023,MIA,FL,ASO,ES,Combined TRACON& Tower with Radar,1214,111,56,8,1389,7,1,17,0,25,1221,112,73,8,1414,0,0,0,1414
03/31/2023,MIA,FL,ASO,ES,Combined TRACON& Tower with Radar,1185,100,51,2,1338,8,4,12,0,24,1193,104,63,2,1362,0,0,0,1362
04/01/2023,MIA,FL,ASO,ES,Combined TRACON& Tower with Radar,1156,91,39,0,1286,12,4,14,0,30,1168,95,53,0,1316,0,0,0,1316
04/02/2023,MIA,FL,ASO,ES,Combined TRACON& Tower with Radar,1162,103,54,2,1321,6,1,7,0,14,1168,104,61,2,1335,0,0,0,1335
04/03/2023,MIA,FL,ASO,ES,Combined TRACON& Tower with Radar,1125,83,44,1,1253,9,3,4,0,16,1134,86,48,1,1269,0,0,0,1269
04/04/2023,MIA,FL,ASO,ES,Combined TRACON& Tower with Radar,1126,92,35,0,1253,5,4,11,1,21,1131,96,46,1,1274,0,0,0,1274
04/05/2023,MIA,FL,ASO,ES,Combined TRACON& Tower with Radar,1132,87,38,1,1258,6,8,12,1,27,1138,95,50,2,1285,0,0,0,1285
04/06/2023,MIA,FL,ASO,ES,Combined TRACON& Tower with Radar,1169,101,48,3,1321,4,3,14,1,22,1173,104,62,4,1343,0,0,0,1343
04/07/2023,MIA,FL,ASO,ES,Combined TRACON& Tower with Radar,1137,85,33,4,1259,7,1,8,0,16,1144,86,41,4,1275,0,0,0,1275
04/08/2023,MIA,FL,ASO,ES,Combined TRACON& Tower with Radar,1139,52,30,2,1223,9,1,5,0,15,1148,53,35,2,1238,0,0,0,1238
04/09/2023,MIA,FL,ASO,ES,Combined TRACON& Tower with Radar,1128,80,46,1,1255,9,1,9,0,19,1137,81,55,1,1274,0,0,0,1274
04/10/2023,MIA,FL,ASO,ES,Combined TRACON& Tower with Radar,1104,90,40,4,1238,4,5,2,0,11,1108,95,42,4,1249,0,0,0,1249
04/11/2023,MIA,FL,ASO,ES,Combined TRACON& Tower with Radar,1138,103,21,2,1264,3,0,5,1,9,1141,103,26,3,1273,0,0,0,1273
04/12/2023,MIA,FL,ASO,ES,Combined TRACON& Tower with Radar,1163,68,15,0,1246,5,0,0,0,5,1168,68,15,0,1251,0,0,0,1251
04/13/2023,MIA,FL,ASO,ES,Combined TRACON& Tower with Radar,1227,94,21,1,1343,6,1,13,0,20,1233,95,34,1,1363,0,0,0,1363
04/14/2023,MIA,FL,ASO,ES,Combined TRACON& Tower with Radar,1240,117,38,1,1396,10,3,6,0,19,1250,120,44,1,1415,0,0,0,1415
04/15/2023,MIA,FL,ASO,ES,Combined TRACON& Tower with Radar,1152,74,37,1,1264,10,2,11,0,23,1162,76,48,1,1287,0,0,0,1287
04/16/2023,MIA,FL,ASO,ES,Combined TRACON& Tower with Radar,1112,95,42,2,1251,8,2,9,0,19,1120,97,51,2,1270,0,0,0,1270
04/17/2023,MIA,FL,ASO,ES,Combined TRACON& Tower with Radar,1167,91,41,0,1299,5,3,10,0,18,1172,94,51,0,1317,0,0,0,1317
04/18/2023,MIA,FL,ASO,ES,Combined TRACON& Tower with Radar,1140,102,25,0,1267,4,3,4,0,11,1144,105,29,0,1278,0,0,0,1278
04/19/2023,MIA,FL,ASO,ES,Combined TRACON& Tower with Radar,1174,95,29,2,1300,5,0,9,0,14,1179,95,38,2,1314,0,0,0,1314
04/20/2023,MIA,FL,ASO,ES,Combined TRACON& Tower with Radar,1180,94,31,1,1306,8,2,3,0,13,1188,96,34,1,1319,0,0,0,1319
04/21/2023,MIA,FL,ASO,ES,Combined TRACON& Tower with Radar,1176,92,32,4,1304,10,4,9,2,25,1186,96,41,6,1329,0,0,0,1329
04/22/2023,MIA,FL,ASO,ES,Combined TRACON& Tower with Radar,1157,64,24,1,1246,11,4,9,0,24,1168,68,33,1,1270,0,0,0,1270
04/23/2023,MIA,FL,ASO,ES,Combined TRACON& Tower with Radar,1175,68,39,0,1282,9,1,7,2,19,1184,69,46,2,1301,0,0,0,1301
04/24/2023,MIA,FL,ASO,ES,Combined TRACON& Tower with Radar,1139,57,27,0,1223,6,3,4,1,14,1145,60,31,1,1237,0,0,0,1237
04/25/2023,MIA,FL,ASO,ES,Combined TRACON& Tower with Radar,1157,59,31,0,1247,3,2,8,0,13,1160,61,39,0,1260,0,0,0,1260
04/26/2023,MIA,FL,ASO,ES,Combined TRACON& Tower with Radar,1186,64,34,2,1286,5,3,16,0,24,1191,67,50,2,1310,0,0,0,1310
04/27/2023,MIA,FL,ASO,ES,Combined TRACON& Tower with Radar,1199,80,31,0,1310,7,1,12,0,20,1206,81,43,0,1330,0,0,0,1330
04/28/2023,MIA,FL,ASO,ES,Combined TRACON& Tower with Radar,1242,85,51,1,1379,10,5,13,0,28,1252,90,64,1,1407,0,0,0,1407
04/29/2023,MIA,FL,ASO,ES,Combined TRACON& Tower with Radar,1181,54,23,1,1259,8,2,5,0,15,1189,56,28,1,1274,0,0,0,1274
04/30/2023,MIA,FL,ASO,ES,Combined TRACON& Tower with Radar,1126,55,24,0,1205,8,1,5,0,14,1134,56,29,0,1219,0,0,0,1219
05/01/2023,MIA,FL,ASO,ES,Combined TRACON& Tower with Radar,1162,93,35,2,1292,5,7,9,0,21,1167,100,44,2,1313,0,0,0,1313
05/02/2023,MIA,FL,ASO,ES,Combined TRACON& Tower with Radar,1189,67,28,0,1284,6,0,8,0,14,1195,67,36,0,1298,0,0,0,1298
05/03/2023,MIA,FL,ASO,ES,Combined TRACON& Tower with Radar,1194,68,24,0,1286,4,2,2,0,8,1198,70,26,0,1294,0,0,0,1294
05/04/2023,MIA,FL,ASO,ES,Combined TRACON& Tower with Radar,1208,77,43,0,1328,7,7,6,0,20,1215,84,49,0,1348,0,0,0,1348
05/05/2023,MIA,FL,ASO,ES,Combined TRACON& Tower with Radar,1178,73,39,0,1290,9,3,11,0,23,1187,76,50,0,1313,0,0,0,1313
05/06/2023,MIA,FL,ASO,ES,Combined TRACON& Tower with Radar,1165,41,28,0,1234,6,1,0,0,7,1171,42,28,0,1241,0,0,0,1241
05/07/2023,MIA,FL,ASO,ES,Combined TRACON& Tower with Radar,1141,84,44,0,1269,7,1,6,1,15,1148,85,50,1,1284,0,0,0,1284
05/08/2023,MIA,FL,ASO,ES,Combined TRACON& Tower with Radar,1140,91,38,2,1271,3,1,6,1,11,1143,92,44,3,1282,0,0,0,1282
05/09/2023,MIA,FL,ASO,ES,Combined TRACON& Tower with Radar,1124,71,19,0,1214,4,2,13,0,19,1128,73,32,0,1233,0,0,0,1233
05/10/2023,MIA,FL,ASO,ES,Combined TRACON& Tower with Radar,1148,78,51,2,1279,3,0,20,0,23,1151,78,71,2,1302,0,0,0,1302
05/11/2023,MIA,FL,ASO,ES,Combined TRACON& Tower with Radar,1188,75,32,6,1301,6,0,3,0,9,1194,75,35,6,1310,0,0,0,1310
05/12/2023,MIA,FL,ASO,ES,Combined TRACON& Tower with Radar,1155,70,20,4,1249,10,3,4,0,17,1165,73,24,4,1266,0,0,0,1266
05/13/2023,MIA,FL,ASO,ES,Combined TRACON& Tower with Radar,1144,32,18,0,1194,6,5,12,0,23,1150,37,30,0,1217,0,0,0,1217
05/14/2023,MIA,FL,ASO,ES,Combined TRACON& Tower with Radar,1122,65,25,0,1212,9,1,7,0,17,1131,66,32,0,1229,0,0,0,1229
05/15/2023,MIA,FL,ASO,ES,Combined TRACON& Tower with Radar,1102,64,31,0,1197,4,1,4,1,10,1106,65,35,1,1207,0,0,0,1207
05/16/2023,MIA,FL,ASO,ES,Combined TRACON& Tower with Radar,1081,68,31,0,1180,3,0,2,0,5,1084,68,33,0,1185,0,0,0,1185
05/17/2023,MIA,FL,ASO,ES,Combined TRACON& Tower with Radar,1143,92,32,0,1267,2,2,5,0,9,1145,94,37,0,1276,0,0,0,1276
05/18/2023,MIA,FL,ASO,ES,Combined TRACON& Tower with Radar,1167,77,25,0,1269,3,0,15,0,18,1170,77,40,0,1287,0,0,0,1287
05/19/2023,MIA,FL,ASO,ES,Combined TRACON& Tower with Radar,1170,86,23,2,1281,5,2,10,0,17,1175,88,33,2,1298,0,0,0,1298
05/20/2023,MIA,FL,ASO,ES,Combined TRACON& Tower with Radar,1135,44,14,1,1194,3,0,2,0,5,1138,44,16,1,1199,0,0,0,1199
05/21/2023,MIA,FL,ASO,ES,Combined TRACON& Tower with Radar,1135,52,40,1,1228,6,1,12,0,19,1141,53,52,1,1247,0,0,0,1247
05/22/2023,MIA,FL,ASO,ES,Combined TRACON& Tower with Radar,1086,79,28,0,1193,3,0,12,0,15,1089,79,40,0,1208,0,0,0,1208
05/23/2023,MIA,FL,ASO,ES,Combined TRACON& Tower with Radar,1095,61,39,0,1195,3,1,6,0,10,1098,62,45,0,1205,0,0,0,1205
05/24/2023,MIA,FL,ASO,ES,Combined TRACON& Tower with Radar,1127,65,37,1,1230,2,2,8,0,12,1129,67,45,1,1242,0,0,0,1242
05/25/2023,MIA,FL,ASO,ES,Combined TRACON& Tower with Radar,1157,72,50,2,1281,2,2,8,0,12,1159,74,58,2,1293,0,0,0,1293
05/26/2023,MIA,FL,ASO,ES,Combined TRACON& Tower with Radar,1181,74,25,1,1281,2,3,2,0,7,1183,77,27,1,1288,0,0,0,1288
05/27/2023,MIA,FL,ASO,ES,Combined TRACON& Tower with Radar,1126,35,24,3,1188,3,0,12,0,15,1129,35,36,3,1203,0,0,0,1203
05/28/2023,MIA,FL,ASO,ES,Combined TRACON& Tower with Radar,1118,30,18,1,1167,0,0,5,0,5,1118,30,23,1,1172,0,0,0,1172
05/29/2023,MIA,FL,ASO,ES,Combined TRACON& Tower with Radar,1089,81,20,0,1190,0,3,7,0,10,1089,84,27,0,1200,0,0,0,1200
05/30/2023,MIA,FL,ASO,ES,Combined TRACON& Tower with Radar,1027,64,23,0,1114,1,5,11,0,17,1028,69,34,0,1131,0,0,0,1131
05/31/2023,MIA,FL,ASO,ES,Combined TRACON& Tower with Radar,1166,45,22,1,1234,0,0,0,0,0,1166,45,22,1,1234,0,0,0,1234
06/01/2023,MIA,FL,ASO,ES,Combined TRACON& Tower with Radar,1218,78,26,0,1322,0,0,3,0,3,1218,78,29,0,1325,0,0,0,1325
06/02/2023,MIA,FL,ASO,ES,Combined TRACON& Tower with Radar,1154,56,15,0,1225,2,2,6,1,11,1156,58,21,1,1236,0,0,0,1236
06/03/2023,MIA,FL,ASO,ES,Combined TRACON& Tower with Radar,1162,31,18,0,1211,0,0,4,0,4,1162,31,22,0,1215,0,0,0,1215
06/04/2023,MIA,FL,ASO,ES,Combined TRACON& Tower with Radar,1126,44,35,0,1205,0,0,5,1,6,1126,44,40,1,1211,0,0,0,1211
06/05/2023,MIA,FL,ASO,ES,Combined TRACON& Tower with Radar,1103,59,22,4,1188,0,0,7,0,7,1103,59,29,4,1195,0,0,0,1195
06/06/2023,MIA,FL,ASO,ES,Combined TRACON& Tower with Radar,1118,52,21,0,1191,1,1,0,0,2,1119,53,21,0,1193,0,0,0,1193
06/07/2023,MIA,FL,ASO,ES,Combined TRACON& Tower with Radar,1157,59,51,0,1267,0,0,1,0,1,1157,59,52,0,1268,0,0,0,1268
06/08/2023,MIA,FL,ASO,ES,Combined TRACON& Tower with Radar,1143,63,23,3,1232,4,4,5,0,13,1147,67,28,3,1245,0,0,0,1245
06/09/2023,MIA,FL,ASO,ES,Combined TRACON& Tower with Radar,1174,72,32,0,1278,8,2,5,0,15,1182,74,37,0,1293,0,0,0,1293
06/10/2023,MIA,FL,ASO,ES,Combined TRACON& Tower with Radar,1196,46,32,1,1275,7,4,18,0,29,1203,50,50,1,1304,0,0,0,1304
06/11/2023,MIA,FL,ASO,ES,Combined TRACON& Tower with Radar,1121,55,39,4,1219,8,2,6,0,16,1129,57,45,4,1235,0,0,0,1235
06/12/2023,MIA,FL,ASO,ES,Combined TRACON& Tower with Radar,1092,53,17,1,1163,7,1,2,0,10,1099,54,19,1,1173,0,0,0,1173
06/13/2023,MIA,FL,ASO,ES,Combined TRACON& Tower with Radar,1135,71,10,2,1218,6,1,5,0,12,1141,72,15,2,1230,0,0,0,1230
06/14/2023,MIA,FL,ASO,ES,Combined TRACON& Tower with Radar,1122,60,31,0,1213,5,0,7,0,12,1127,60,38,0,1225,0,0,0,1225
06/15/2023,MIA,FL,ASO,ES,Combined TRACON& Tower with Radar,1138,63,27,0,1228,5,0,3,0,8,1143,63,30,0,1236,0,0,0,1236
06/16/2023,MIA,FL,ASO,ES,Combined TRACON& Tower with Radar,1120,56,18,5,1199,5,4,4,0,13,1125,60,22,5,1212,0,0,0,1212
06/17/2023,MIA,FL,ASO,ES,Combined TRACON& Tower with Radar,1090,28,15,0,1133,5,2,3,0,10,1095,30,18,0,1143,0,0,0,1143
06/18/2023,MIA,FL,ASO,ES,Combined TRACON& Tower with Radar,1178,38,15,0,1231,7,1,4,0,12,1185,39,19,0,1243,0,0,0,1243
06/19/2023,MIA,FL,ASO,ES,Combined TRACON& Tower with Radar,860,28,16,0,904,5,1,0,0,6,865,29,16,0,910,0,0,0,910
06/20/2023,MIA,FL,ASO,ES,Combined TRACON& Tower with Radar,1056,53,18,1,1128,4,3,1,0,8,1060,56,19,1,1136,0,0,0,1136
06/21/2023,MIA,FL,ASO,ES,Combined TRACON& Tower with Radar,1171,54,26,1,1252,5,0,2,0,7,1176,54,28,1,1259,0,0,0,1259
06/22/2023,MIA,FL,ASO,ES,Combined TRACON& Tower with Radar,1140,65,31,2,1238,6,2,1,0,9,1146,67,32,2,1247,0,0,0,1247
06/23/2023,MIA,FL,ASO,ES,Combined TRACON& Tower with Radar,1148,56,17,2,1223,7,1,4,0,12,1155,57,21,2,1235,0,0,0,1235
06/24/2023,MIA,FL,ASO,ES,Combined TRACON& Tower with Radar,1130,48,15,0,1193,7,0,4,0,11,1137,48,19,0,1204,0,0,0,1204
06/25/2023,MIA,FL,ASO,ES,Combined TRACON& Tower with Radar,1041,34,22,0,1097,5,0,1,0,6,1046,34,23,0,1103,0,0,0,1103
06/26/2023,MIA,FL,ASO,ES,Combined TRACON& Tower with Radar,1075,55,26,3,1159,4,5,2,0,11,1079,60,28,3,1170,0,0,0,1170
06/27/2023,MIA,FL,ASO,ES,Combined TRACON& Tower with Radar,1063,48,20,0,1131,4,3,3,0,10,1067,51,23,0,1141,0,0,0,1141
06/28/2023,MIA,FL,ASO,ES,Combined TRACON& Tower with Radar,1105,45,27,1,1178,3,2,1,0,6,1108,47,28,1,1184,0,0,0,1184
06/29/2023,MIA,FL,ASO,ES,Combined TRACON& Tower with Radar,1159,53,32,2,1246,5,2,5,0,12,1164,55,37,2,1258,0,0,0,1258
06/30/2023,MIA,FL,ASO,ES,Combined TRACON& Tower with Radar,1133,70,23,0,1226,6,2,2,0,10,1139,72,25,0,1236,0,0,0,1236
07/01/2023,MIA,FL,ASO,ES,Combined TRACON& Tower with Radar,1172,45,22,0,1239,5,0,5,0,10,1177,45,27,0,1249,0,0,0,1249
07/02/2023,MIA,FL,ASO,ES,Combined TRACON& Tower with Radar,1121,28,27,2,1178,2,0,8,0,10,1123,28,35,2,1188,0,0,0,1188
07/03/2023,MIA,FL,ASO,ES,Combined TRACON& Tower with Radar,1111,53,18,0,1182,6,1,4,0,11,1117,54,22,0,1193,0,0,0,1193
07/04/2023,MIA,FL,ASO,ES,Combined TRACON& Tower with Radar,1043,28,11,0,1082,4,1,1,2,8,1047,29,12,2,1090,0,0,0,1090
07/05/2023,MIA,FL,ASO,ES,Combined TRACON& Tower with Radar,1114,53,23,1,1191,2,4,5,0,11,1116,57,28,1,1202,0,0,0,1202
07/06/2023,MIA,FL,ASO,ES,Combined TRACON& Tower with Radar,1174,58,21,2,1255,6,1,0,1,8,1180,59,21,3,1263,0,0,0,1263
07/07/2023,MIA,FL,ASO,ES,Combined TRACON& Tower with Radar,1150,54,14,0,1218,6,2,7,2,17,1156,56,21,2,1235,0,0,0,1235
07/08/2023,MIA,FL,ASO,ES,Combined TRACON& Tower with Radar,1212,40,17,0,1269,4,0,0,0,4,1216,40,17,0,1273,0,0,0,1273
07/09/2023,MIA,FL,ASO,ES,Combined TRACON& Tower with Radar,1123,46,27,0,1196,7,0,1,1,9,1130,46,28,1,1205,0,0,0,1205
07/10/2023,MIA,FL,ASO,ES,Combined TRACON& Tower with Radar,1077,39,22,1,1139,3,0,0,0,3,1080,39,22,1,1142,0,0,0,1142
07/11/2023,MIA,FL,ASO,ES,Combined TRACON& Tower with Radar,1136,45,16,0,1197,4,4,4,0,12,1140,49,20,0,1209,0,0,0,1209
07/12/2023,MIA,FL,ASO,ES,Combined TRACON& Tower with Radar,1142,46,28,2,1218,5,1,8,0,14,1147,47,36,2,1232,0,0,0,1232
07/13/2023,MIA,FL,ASO,ES,Combined TRACON& Tower with Radar,1154,49,21,1,1225,4,3,2,0,9,1158,52,23,1,1234,0,0,0,1234
07/14/2023,MIA,FL,ASO,ES,Combined TRACON& Tower with Radar,1141,47,21,2,1211,7,4,6,0,17,1148,51,27,2,1228,0,0,0,1228
07/15/2023,MIA,FL,ASO,ES,Combined TRACON& Tower with Radar,1175,36,26,0,1237,6,0,1,0,7,1181,36,27,0,1244,0,0,0,1244
07/16/2023,MIA,FL,ASO,ES,Combined TRACON& Tower with Radar,1054,26,29,2,1111,6,2,5,0,13,1060,28,34,2,1124,0,0,0,1124
07/17/2023,MIA,FL,ASO,ES,Combined TRACON& Tower with Radar,1093,54,27,2,1176,3,0,15,0,18,1096,54,42,2,1194,0,0,0,1194
07/18/2023,MIA,FL,ASO,ES,Combined TRACON& Tower with Radar,1122,46,27,3,1198,0,3,8,0,11,1122,49,35,3,1209,0,0,0,1209
07/19/2023,MIA,FL,ASO,ES,Combined TRACON& Tower with Radar,1158,37,26,0,1221,2,1,0,0,3,1160,38,26,0,1224,0,0,0,1224
07/20/2023,MIA,FL,ASO,ES,Combined TRACON& Tower with Radar,1177,49,21,2,1249,2,0,2,0,4,1179,49,23,2,1253,0,0,0,1253
07/21/2023,MIA,FL,ASO,ES,Combined TRACON& Tower with Radar,1173,64,23,3,1263,3,2,0,0,5,1176,66,23,3,1268,0,0,0,1268
07/22/2023,MIA,FL,ASO,ES,Combined TRACON& Tower with Radar,1190,42,25,1,1258,2,0,2,0,4,1192,42,27,1,1262,0,0,0,1262
07/23/2023,MIA,FL,ASO,ES,Combined TRACON& Tower with Radar,1148,42,20,0,1210,2,2,4,0,8,1150,44,24,0,1218,0,0,0,1218
07/24/2023,MIA,FL,ASO,ES,Combined TRACON& Tower with Radar,1131,50,22,2,1205,2,1,4,1,8,1133,51,26,3,1213,0,0,0,1213
07/25/2023,MIA,FL,ASO,ES,Combined TRACON& Tower with Radar,1108,59,18,2,1187,1,0,6,2,9,1109,59,24,4,1196,0,0,0,1196
07/26/2023,MIA,FL,ASO,ES,Combined TRACON& Tower with Radar,1143,39,25,2,1209,5,0,0,0,5,1148,39,25,2,1214,0,0,0,1214
07/27/2023,MIA,FL,ASO,ES,Combined TRACON& Tower with Radar,1189,59,20,3,1271,3,1,3,0,7,1192,60,23,3,1278,0,0,0,1278
07/28/2023,MIA,FL,ASO,ES,Combined TRACON& Tower with Radar,1164,50,21,2,1237,5,2,8,0,15,1169,52,29,2,1252,0,0,0,1252
07/29/2023,MIA,FL,ASO,ES,Combined TRACON& Tower with Radar,1184,39,23,0,1246,2,2,3,0,7,1186,41,26,0,1253,0,0,0,1253
07/30/2023,MIA,FL,ASO,ES,Combined TRACON& Tower with Radar,1152,42,15,0,1209,2,0,6,0,8,1154,42,21,0,1217,0,0,0,1217
07/31/2023,MIA,FL,ASO,ES,Combined TRACON& Tower with Radar,1109,46,24,2,1181,1,0,5,0,6,1110,46,29,2,1187,0,0,0,1187
08/01/2023,MIA,FL,ASO,ES,Combined TRACON& Tower with Radar,1101,46,21,0,1168,1,1,4,0,6,1102,47,25,0,1174,0,0,0,1174
08/02/2023,MIA,FL,ASO,ES,Combined TRACON& Tower with Radar,1154,57,23,0,1234,0,1,0,0,1,1154,58,23,0,1235,0,0,0,1235
08/03/2023,MIA,FL,ASO,ES,Combined TRACON& Tower with Radar,1188,47,22,0,1257,5,0,8,0,13,1193,47,30,0,1270,0,0,0,1270
08/04/2023,MIA,FL,ASO,ES,Combined TRACON& Tower with Radar,1160,56,19,2,1237,3,3,2,0,8,1163,59,21,2,1245,0,0,0,1245
08/05/2023,MIA,FL,ASO,ES,Combined TRACON& Tower with Radar,1211,38,15,0,1264,2,1,5,0,8,1213,39,20,0,1272,0,0,0,1272
08/06/2023,MIA,FL,ASO,ES,Combined TRACON& Tower with Radar,1151,30,18,0,1199,3,0,0,0,3,1154,30,18,0,1202,0,0,0,1202
08/07/2023,MIA,FL,ASO,ES,Combined TRACON& Tower with Radar,1081,43,11,0,1135,3,0,2,0,5,1084,43,13,0,1140,0,0,0,1140
08/08/2023,MIA,FL,ASO,ES,Combined TRACON& Tower with Radar,1142,32,25,0,1199,0,0,1,0,1,1142,32,26,0,1200,0,0,0,1200
08/09/2023,MIA,FL,ASO,ES,Combined TRACON& Tower with Radar,1153,46,24,1,1224,1,0,2,0,3,1154,46,26,1,1227,0,0,0,1227
08/10/2023,MIA,FL,ASO,ES,Combined TRACON& Tower with Radar,1172,61,15,2,1250,3,5,2,0,10,1175,66,17,2,1260,0,0,0,1260
08/11/2023,MIA,FL,ASO,ES,Combined TRACON& Tower with Radar,1176,68,21,2,1267,5,2,9,0,16,1181,70,30,2,1283,0,0,0,1283
08/12/2023,MIA,FL,ASO,ES,Combined TRACON& Tower with Radar,1185,48,16,0,1249,1,0,2,0,3,1186,48,18,0,1252,0,0,0,1252
08/13/2023,MIA,FL,ASO,ES,Combined TRACON& Tower with Radar,1143,49,20,2,1214,5,2,6,0,13,1148,51,26,2,1227,0,0,0,1227
08/14/2023,MIA,FL,ASO,ES,Combined TRACON& Tower with Radar,1096,59,30,0,1185,2,8,2,0,12,1098,67,32,0,1197,0,0,0,1197
08/15/2023,MIA,FL,ASO,ES,Combined TRACON& Tower with Radar,1101,65,14,0,1180,1,2,1,0,4,1102,67,15,0,1184,0,0,0,1184
08/16/2023,MIA,FL,ASO,ES,Combined TRACON& Tower with Radar,1118,56,26,0,1200,0,1,3,0,4,1118,57,29,0,1204,0,0,0,1204
08/17/2023,MIA,FL,ASO,ES,Combined TRACON& Tower with Radar,998,59,28,0,1085,3,0,1,0,4,1001,59,29,0,1089,0,0,0,1089
08/18/2023,MIA,FL,ASO,ES,Combined TRACON& Tower with Radar,1137,57,41,0,1235,5,2,1,0,8,1142,59,42,0,1243,0,0,0,1243
08/19/2023,MIA,FL,ASO,ES,Combined TRACON& Tower with Radar,1169,33,19,1,1222,1,0,2,0,3,1170,33,21,1,1225,0,0,0,1225
08/20/2023,MIA,FL,ASO,ES,Combined TRACON& Tower with Radar,1120,49,19,5,1193,1,1,1,0,3,1121,50,20,5,1196,0,0,0,1196
08/21/2023,MIA,FL,ASO,ES,Combined TRACON& Tower with Radar,1085,39,13,2,1139,0,0,0,0,0,1085,39,13,2,1139,0,0,0,1139
08/22/2023,MIA,FL,ASO,ES,Combined TRACON& Tower with Radar,1093,63,18,0,1174,1,4,3,0,8,1094,67,21,0,1182,0,0,0,1182
08/23/2023,MIA,FL,ASO,ES,Combined TRACON& Tower with Radar,1115,49,23,0,1187,1,2,1,0,4,1116,51,24,0,1191,0,0,0,1191
08/24/2023,MIA,FL,ASO,ES,Combined TRACON& Tower with Radar,1139,61,15,1,1216,2,4,2,0,8,1141,65,17,1,1224,0,0,0,1224
08/25/2023,MIA,FL,ASO,ES,Combined TRACON& Tower with Radar,1147,62,26,4,1239,4,1,0,0,5,1151,63,26,4,1244,0,0,0,1244
08/26/2023,MIA,FL,ASO,ES,Combined TRACON& Tower with Radar,1144,30,10,0,1184,4,0,2,0,6,1148,30,12,0,1190,0,0,0,1190
08/27/2023,MIA,FL,ASO,ES,Combined TRACON& Tower with Radar,1113,38,26,2,1179,5,1,4,0,10,1118,39,30,2,1189,0,0,0,1189
08/28/2023,MIA,FL,ASO,ES,Combined TRACON& Tower with Radar,1063,50,23,0,1136,1,1,2,0,4,1064,51,25,0,1140,0,0,0,1140
08/29/2023,MIA,FL,ASO,ES,Combined TRACON& Tower with Radar,1072,62,20,1,1155,2,2,2,0,6,1074,64,22,1,1161,0,0,0,1161
08/30/2023,MIA,FL,ASO,ES,Combined TRACON& Tower with Radar,1058,39,12,1,1110,4,3,2,0,9,1062,42,14,1,1119,0,0,0,1119
08/31/2023,MIA,FL,ASO,ES,Combined TRACON& Tower with Radar,1150,54,21,1,1226,0,1,2,0,3,1150,55,23,1,1229,0,0,0,1229
