01/01/2020,MKC,MO,ACE,CE,Towers with Radar,0,24,19,0,43,0,12,94,0,106,0,36,113,0,149,22,0,22,171
01/02/2020,MKC,MO,ACE,CE,Towers with Radar,0,31,37,1,69,0,10,81,0,91,0,41,118,1,160,51,0,51,211
01/03/2020,MKC,MO,ACE,CE,Towers with Radar,0,40,39,0,79,0,1,48,0,49,0,41,87,0,128,36,0,36,164
01/04/2020,MKC,MO,ACE,CE,Towers with Radar,0,36,32,0,68,0,1,391,0,392,0,37,423,0,460,147,7,154,614
01/05/2020,MKC,MO,ACE,CE,Towers with Radar,0,32,42,0,74,0,18,115,0,133,0,50,157,0,207,24,0,24,231
01/06/2020,MKC,MO,ACE,CE,Towers with Radar,0,27,42,2,71,0,12,178,0,190,0,39,220,2,261,96,0,96,357
01/07/2020,MKC,MO,ACE,CE,Towers with Radar,0,44,42,2,88,0,11,130,0,141,0,55,172,2,229,56,0,56,285
01/08/2020,MKC,MO,ACE,CE,Towers with Radar,0,51,60,0,111,0,13,91,3,107,0,64,151,3,218,80,2,82,300
01/09/2020,MKC,MO,ACE,CE,Towers with Radar,0,48,41,2,91,0,14,36,8,58,0,62,77,10,149,34,2,36,185
01/10/2020,MKC,MO,ACE,CE,Towers with Radar,0,37,40,1,78,0,0,1,0,1,0,37,41,1,79,0,0,0,79
01/11/2020,MKC,MO,ACE,CE,Towers with Radar,0,22,15,0,37,0,0,37,1,38,0,22,52,1,75,0,0,0,75
01/12/2020,MKC,MO,ACE,CE,Towers with Radar,0,47,91,7,145,0,0,4,2,6,0,47,95,9,151,0,0,0,151
01/13/2020,MKC,MO,ACE,CE,Towers with Radar,0,28,56,0,84,0,1,40,1,42,0,29,96,1,126,20,0,20,146
01/14/2020,MKC,MO,ACE,CE,Towers with Radar,0,45,41,5,91,0,2,43,2,47,0,47,84,7,138,26,0,26,164
01/15/2020,MKC,MO,ACE,CE,Towers with Radar,0,48,53,3,104,0,0,33,2,35,0,48,86,5,139,6,0,6,145
01/16/2020,MKC,MO,ACE,CE,Towers with Radar,0,63,80,2,145,0,3,81,4,88,0,66,161,6,233,58,0,58,291
01/17/2020,MKC,MO,ACE,CE,Towers with Radar,2,23,22,0,47,0,0,6,0,6,2,23,28,0,53,0,0,0,53
01/18/2020,MKC,MO,ACE,CE,Towers with Radar,0,24,44,0,68,0,3,58,0,61,0,27,102,0,129,46,0,46,175
01/19/2020,MKC,MO,ACE,CE,Towers with Radar,0,74,109,0,183,0,8,63,2,73,0,82,172,2,256,4,0,4,260
01/20/2020,MKC,MO,ACE,CE,Towers with Radar,0,38,59,0,97,0,6,71,3,80,0,44,130,3,177,88,0,88,265
01/21/2020,MKC,MO,ACE,CE,Towers with Radar,0,41,50,2,93,0,10,68,2,80,0,51,118,4,173,89,0,89,262
01/22/2020,MKC,MO,ACE,CE,Towers with Radar,0,48,24,0,72,0,0,2,0,2,0,48,26,0,74,0,0,0,74
01/23/2020,MKC,MO,ACE,CE,Towers with Radar,0,46,43,0,89,0,0,0,0,0,0,46,43,0,89,0,0,0,89
01/24/2020,MKC,MO,ACE,CE,Towers with Radar,0,45,47,0,92,0,0,0,0,0,0,45,47,0,92,0,0,0,92
01/25/2020,MKC,MO,ACE,CE,Towers with Radar,0,29,26,0,55,0,0,47,0,47,0,29,73,0,102,16,0,16,118
01/26/2020,MKC,MO,ACE,CE,Towers with Radar,0,32,30,0,62,0,3,6,0,9,0,35,36,0,71,0,0,0,71
01/27/2020,MKC,MO,ACE,CE,Towers with Radar,0,21,30,2,53,0,2,43,0,45,0,23,73,2,98,112,0,112,210
01/28/2020,MKC,MO,ACE,CE,Towers with Radar,0,46,35,0,81,0,0,2,0,2,0,46,37,0,83,0,0,0,83
01/29/2020,MKC,MO,ACE,CE,Towers with Radar,0,60,47,0,107,0,10,23,2,35,0,70,70,2,142,60,0,60,202
01/30/2020,MKC,MO,ACE,CE,Towers with Radar,0,62,61,0,123,0,15,86,12,113,0,77,147,12,236,95,0,95,331
01/31/2020,MKC,MO,ACE,CE,Towers with Radar,0,45,36,3,84,0,1,16,1,18,0,46,52,4,102,22,0,22,124
02/01/2020,MKC,MO,ACE,CE,Towers with Radar,0,35,54,0,89,1,5,120,2,128,1,40,174,2,217,50,0,50,267
02/02/2020,MKC,MO,ACE,CE,Towers with Radar,0,25,24,0,49,0,18,91,0,109,0,43,115,0,158,14,0,14,172
02/03/2020,MKC,MO,ACE,CE,Towers with Radar,0,55,88,0,143,1,6,81,7,95,1,61,169,7,238,95,17,112,350
02/04/2020,MKC,MO,ACE,CE,Towers with Radar,0,49,40,0,89,0,6,36,0,42,0,55,76,0,131,0,0,0,131
02/05/2020,MKC,MO,ACE,CE,Towers with Radar,0,49,28,0,77,0,8,22,17,47,0,57,50,17,124,47,0,47,171
02/06/2020,MKC,MO,ACE,CE,Towers with Radar,0,53,57,2,112,0,16,101,9,126,0,69,158,11,238,28,2,30,268
02/07/2020,MKC,MO,ACE,CE,Towers with Radar,0,50,36,0,86,0,3,62,2,67,0,53,98,2,153,48,2,50,203
02/08/2020,MKC,MO,ACE,CE,Towers with Radar,0,36,26,0,62,0,19,137,2,158,0,55,163,2,220,90,0,90,310
02/09/2020,MKC,MO,ACE,CE,Towers with Radar,0,22,34,0,56,0,7,78,1,86,0,29,112,1,142,30,0,30,172
02/10/2020,MKC,MO,ACE,CE,Towers with Radar,0,29,51,0,80,0,9,132,1,142,0,38,183,1,222,120,0,120,342
02/11/2020,MKC,MO,ACE,CE,Towers with Radar,0,43,70,1,114,0,10,135,2,147,0,53,205,3,261,55,2,57,318
02/12/2020,MKC,MO,ACE,CE,Towers with Radar,0,33,28,0,61,0,0,12,0,12,0,33,40,0,73,0,0,0,73
02/13/2020,MKC,MO,ACE,CE,Towers with Radar,0,57,50,0,107,0,8,54,0,62,0,65,104,0,169,86,0,86,255
02/14/2020,MKC,MO,ACE,CE,Towers with Radar,0,56,43,0,99,0,5,95,2,102,0,61,138,2,201,44,0,44,245
02/15/2020,MKC,MO,ACE,CE,Towers with Radar,0,26,18,0,44,0,1,83,2,86,0,27,101,2,130,108,0,108,238
02/16/2020,MKC,MO,ACE,CE,Towers with Radar,0,32,47,0,79,0,11,93,0,104,0,43,140,0,183,116,0,116,299
02/17/2020,MKC,MO,ACE,CE,Towers with Radar,0,56,50,0,106,0,12,104,0,116,0,68,154,0,222,88,1,89,311
02/18/2020,MKC,MO,ACE,CE,Towers with Radar,0,49,44,2,95,0,15,112,0,127,0,64,156,2,222,91,0,91,313
02/19/2020,MKC,MO,ACE,CE,Towers with Radar,0,50,53,1,104,0,12,116,5,133,0,62,169,6,237,38,0,38,275
02/20/2020,MKC,MO,ACE,CE,Towers with Radar,0,35,56,2,93,1,8,78,0,87,1,43,134,2,180,50,2,52,232
02/21/2020,MKC,MO,ACE,CE,Towers with Radar,0,39,48,1,88,0,10,86,1,97,0,49,134,2,185,96,4,100,285
02/22/2020,MKC,MO,ACE,CE,Towers with Radar,0,19,37,2,58,1,8,107,0,116,1,27,144,2,174,108,0,108,282
02/23/2020,MKC,MO,ACE,CE,Towers with Radar,0,18,30,2,50,0,5,65,0,70,0,23,95,2,120,44,0,44,164
02/24/2020,MKC,MO,ACE,CE,Towers with Radar,0,34,41,0,75,0,0,4,0,4,0,34,45,0,79,7,0,7,86
02/25/2020,MKC,MO,ACE,CE,Towers with Radar,0,50,46,2,98,0,17,69,3,89,0,67,115,5,187,68,0,68,255
02/26/2020,MKC,MO,ACE,CE,Towers with Radar,0,70,50,0,120,1,15,97,2,115,1,85,147,2,235,64,2,66,301
02/27/2020,MKC,MO,ACE,CE,Towers with Radar,0,52,58,0,110,0,9,68,0,77,0,61,126,0,187,58,2,60,247
02/28/2020,MKC,MO,ACE,CE,Towers with Radar,0,48,35,2,85,1,7,70,0,78,1,55,105,2,163,56,0,56,219
02/29/2020,MKC,MO,ACE,CE,Towers with Radar,0,43,42,1,86,0,9,144,0,153,0,52,186,1,239,30,0,30,269
03/01/2020,MKC,MO,ACE,CE,Towers with Radar,0,29,45,1,75,0,4,75,1,80,0,33,120,2,155,40,0,40,195
03/02/2020,MKC,MO,ACE,CE,Towers with Radar,0,43,38,0,81,0,26,107,0,133,0,69,145,0,214,31,0,31,245
03/03/2020,MKC,MO,ACE,CE,Towers with Radar,0,52,48,3,103,0,23,120,5,148,0,75,168,8,251,93,2,95,346
03/04/2020,MKC,MO,ACE,CE,Towers with Radar,0,50,65,5,120,0,28,143,2,173,0,78,208,7,293,42,0,42,335
03/05/2020,MKC,MO,ACE,CE,Towers with Radar,0,46,47,0,93,0,12,38,3,53,0,58,85,3,146,14,0,14,160
03/06/2020,MKC,MO,ACE,CE,Towers with Radar,0,42,53,0,95,0,2,120,1,123,0,44,173,1,218,94,2,96,314
03/07/2020,MKC,MO,ACE,CE,Towers with Radar,0,31,25,0,56,0,2,62,0,64,0,33,87,0,120,4,0,4,124
03/08/2020,MKC,MO,ACE,CE,Towers with Radar,0,37,28,0,65,0,28,64,1,93,0,65,92,1,158,12,0,12,170
03/09/2020,MKC,MO,ACE,CE,Towers with Radar,0,30,45,2,77,0,0,0,0,0,0,30,45,2,77,0,0,0,77
03/10/2020,MKC,MO,ACE,CE,Towers with Radar,8,59,65,2,134,0,2,85,0,87,8,61,150,2,221,73,0,73,294
03/11/2020,MKC,MO,ACE,CE,Towers with Radar,4,54,90,3,151,0,35,162,3,200,4,89,252,6,351,64,0,64,415
03/12/2020,MKC,MO,ACE,CE,Towers with Radar,10,73,54,0,137,1,21,69,0,91,11,94,123,0,228,40,0,40,268
03/13/2020,MKC,MO,ACE,CE,Towers with Radar,0,54,53,0,107,1,9,88,5,103,1,63,141,5,210,34,0,34,244
03/14/2020,MKC,MO,ACE,CE,Towers with Radar,0,30,22,0,52,0,0,1,0,1,0,30,23,0,53,0,0,0,53
03/15/2020,MKC,MO,ACE,CE,Towers with Radar,0,26,29,0,55,0,0,1,0,1,0,26,30,0,56,32,0,32,88
03/16/2020,MKC,MO,ACE,CE,Towers with Radar,0,27,12,0,39,0,0,0,0,0,0,27,12,0,39,2,0,2,41
03/17/2020,MKC,MO,ACE,CE,Towers with Radar,0,37,28,0,65,0,2,33,0,35,0,39,61,0,100,215,0,215,315
03/18/2020,MKC,MO,ACE,CE,Towers with Radar,0,28,37,2,67,0,0,20,0,20,0,28,57,2,87,44,0,44,131
03/19/2020,MKC,MO,ACE,CE,Towers with Radar,0,36,17,0,53,0,0,17,1,18,0,36,34,1,71,30,0,30,101
03/20/2020,MKC,MO,ACE,CE,Towers with Radar,1,32,30,0,63,0,0,13,0,13,1,32,43,0,76,0,0,0,76
03/21/2020,MKC,MO,ACE,CE,Towers with Radar,0,43,29,0,72,0,7,86,1,94,0,50,115,1,166,119,0,119,285
03/22/2020,MKC,MO,ACE,CE,Towers with Radar,0,21,23,0,44,0,0,0,0,0,0,21,23,0,44,0,0,0,44
03/23/2020,MKC,MO,ACE,CE,Towers with Radar,0,23,31,0,54,0,2,23,0,25,0,25,54,0,79,44,0,44,123
03/24/2020,MKC,MO,ACE,CE,Towers with Radar,0,15,18,0,33,0,0,6,0,6,0,15,24,0,39,4,0,4,43
03/25/2020,MKC,MO,ACE,CE,Towers with Radar,0,19,11,0,30,0,0,31,0,31,0,19,42,0,61,2,0,2,63
03/26/2020,MKC,MO,ACE,CE,Towers with Radar,0,29,8,2,39,0,7,23,1,31,0,36,31,3,70,66,0,66,136
03/27/2020,MKC,MO,ACE,CE,Towers with Radar,0,20,8,0,28,0,0,0,0,0,0,20,8,0,28,0,0,0,28
03/28/2020,MKC,MO,ACE,CE,Towers with Radar,0,15,4,0,19,0,1,7,0,8,0,16,11,0,27,0,0,0,27
03/29/2020,MKC,MO,ACE,CE,Towers with Radar,0,10,9,0,19,0,3,55,0,58,0,13,64,0,77,34,0,34,111
03/30/2020,MKC,MO,ACE,CE,Towers with Radar,0,17,16,0,33,0,4,48,2,54,0,21,64,2,87,23,0,23,110
03/31/2020,MKC,MO,ACE,CE,Towers with Radar,0,28,9,2,39,0,15,41,0,56,0,43,50,2,95,41,0,41,136
04/01/2020,MKC,MO,ACE,CE,Towers with Radar,0,20,14,0,34,0,13,71,1,85,0,33,85,1,119,36,0,36,155
04/02/2020,MKC,MO,ACE,CE,Towers with Radar,0,23,13,0,36,0,1,47,0,48,0,24,60,0,84,18,0,18,102
04/03/2020,MKC,MO,ACE,CE,Towers with Radar,0,18,10,0,28,0,0,5,0,5,0,18,15,0,33,0,0,0,33
04/04/2020,MKC,MO,ACE,CE,Towers with Radar,0,19,10,0,29,0,4,57,2,63,0,23,67,2,92,48,0,48,140
04/05/2020,MKC,MO,ACE,CE,Towers with Radar,0,1,11,0,12,0,0,30,0,30,0,1,41,0,42,42,0,42,84
04/06/2020,MKC,MO,ACE,CE,Towers with Radar,0,11,10,2,23,0,0,9,0,9,0,11,19,2,32,0,0,0,32
04/07/2020,MKC,MO,ACE,CE,Towers with Radar,0,23,16,1,40,0,2,59,5,66,0,25,75,6,106,26,0,26,132
04/08/2020,MKC,MO,ACE,CE,Towers with Radar,0,20,5,0,25,0,1,23,0,24,0,21,28,0,49,4,0,4,53
04/09/2020,MKC,MO,ACE,CE,Towers with Radar,0,27,12,0,39,0,2,34,1,37,0,29,46,1,76,16,0,16,92
04/10/2020,MKC,MO,ACE,CE,Towers with Radar,0,27,19,2,48,0,8,106,1,115,0,35,125,3,163,48,0,48,211
04/11/2020,MKC,MO,ACE,CE,Towers with Radar,0,20,3,0,23,0,4,6,0,10,0,24,9,0,33,0,0,0,33
04/12/2020,MKC,MO,ACE,CE,Towers with Radar,0,7,2,0,9,0,0,0,0,0,0,7,2,0,9,0,0,0,9
04/13/2020,MKC,MO,ACE,CE,Towers with Radar,0,8,10,2,20,0,2,38,0,40,0,10,48,2,60,10,0,10,70
04/14/2020,MKC,MO,ACE,CE,Towers with Radar,0,17,6,2,25,0,5,32,2,39,0,22,38,4,64,0,0,0,64
04/15/2020,MKC,MO,ACE,CE,Towers with Radar,0,26,16,0,42,0,2,45,1,48,0,28,61,1,90,40,0,40,130
04/16/2020,MKC,MO,ACE,CE,Towers with Radar,0,18,10,0,28,0,0,16,0,16,0,18,26,0,44,4,0,4,48
04/17/2020,MKC,MO,ACE,CE,Towers with Radar,0,28,7,0,35,0,0,22,0,22,0,28,29,0,57,0,0,0,57
04/18/2020,MKC,MO,ACE,CE,Towers with Radar,0,17,7,0,24,0,0,34,0,34,0,17,41,0,58,17,0,17,75
04/19/2020,MKC,MO,ACE,CE,Towers with Radar,0,7,15,0,22,0,4,32,0,36,0,11,47,0,58,0,0,0,58
04/20/2020,MKC,MO,ACE,CE,Towers with Radar,0,7,9,0,16,0,11,53,0,64,0,18,62,0,80,54,0,54,134
04/21/2020,MKC,MO,ACE,CE,Towers with Radar,0,17,14,0,31,0,4,82,1,87,0,21,96,1,118,29,0,29,147
04/22/2020,MKC,MO,ACE,CE,Towers with Radar,0,14,12,0,26,0,19,21,1,41,0,33,33,1,67,0,0,0,67
04/23/2020,MKC,MO,ACE,CE,Towers with Radar,0,26,21,0,47,0,3,77,0,80,0,29,98,0,127,108,0,108,235
04/24/2020,MKC,MO,ACE,CE,Towers with Radar,0,16,7,0,23,0,0,1,0,1,0,16,8,0,24,0,0,0,24
04/25/2020,MKC,MO,ACE,CE,Towers with Radar,0,18,7,0,25,0,0,9,0,9,0,18,16,0,34,4,0,4,38
04/26/2020,MKC,MO,ACE,CE,Towers with Radar,0,5,19,0,24,0,0,66,0,66,0,5,85,0,90,46,0,46,136
04/27/2020,MKC,MO,ACE,CE,Towers with Radar,0,13,13,0,26,0,1,40,2,43,0,14,53,2,69,8,0,8,77
04/28/2020,MKC,MO,ACE,CE,Towers with Radar,0,21,3,0,24,0,0,52,0,52,0,21,55,0,76,10,0,10,86
04/29/2020,MKC,MO,ACE,CE,Towers with Radar,0,20,11,0,31,0,1,24,0,25,0,21,35,0,56,22,0,22,78
04/30/2020,MKC,MO,ACE,CE,Towers with Radar,0,18,19,0,37,0,21,102,2,125,0,39,121,2,162,132,0,132,294
05/01/2020,MKC,MO,ACE,CE,Towers with Radar,0,23,27,0,50,0,39,61,2,102,0,62,88,2,152,62,0,62,214
05/02/2020,MKC,MO,ACE,CE,Towers with Radar,0,20,16,0,36,0,15,108,1,124,0,35,124,1,160,54,0,54,214
05/03/2020,MKC,MO,ACE,CE,Towers with Radar,0,10,13,0,23,0,9,48,0,57,0,19,61,0,80,22,0,22,102
05/04/2020,MKC,MO,ACE,CE,Towers with Radar,0,8,9,0,17,0,23,15,0,38,0,31,24,0,55,12,0,12,67
05/05/2020,MKC,MO,ACE,CE,Towers with Radar,0,23,14,0,37,0,0,19,1,20,0,23,33,1,57,8,2,10,67
05/06/2020,MKC,MO,ACE,CE,Towers with Radar,0,31,22,3,56,0,10,75,4,89,0,41,97,7,145,102,0,102,247
05/07/2020,MKC,MO,ACE,CE,Towers with Radar,0,26,23,0,49,0,1,51,0,52,0,27,74,0,101,62,0,62,163
05/08/2020,MKC,MO,ACE,CE,Towers with Radar,0,33,37,0,70,0,5,73,0,78,0,38,110,0,148,65,0,65,213
05/09/2020,MKC,MO,ACE,CE,Towers with Radar,0,32,26,0,58,0,2,93,0,95,0,34,119,0,153,97,0,97,250
05/10/2020,MKC,MO,ACE,CE,Towers with Radar,0,10,10,0,20,0,13,64,0,77,0,23,74,0,97,24,0,24,121
05/11/2020,MKC,MO,ACE,CE,Towers with Radar,0,15,38,2,55,0,5,93,3,101,0,20,131,5,156,36,0,36,192
05/12/2020,MKC,MO,ACE,CE,Towers with Radar,0,31,18,0,49,0,5,63,0,68,0,36,81,0,117,46,0,46,163
05/13/2020,MKC,MO,ACE,CE,Towers with Radar,0,23,33,0,56,0,1,8,0,9,0,24,41,0,65,50,0,50,115
05/14/2020,MKC,MO,ACE,CE,Towers with Radar,0,33,35,0,68,0,0,49,0,49,0,33,84,0,117,144,0,144,261
05/15/2020,MKC,MO,ACE,CE,Towers with Radar,0,43,26,0,69,0,0,13,0,13,0,43,39,0,82,126,0,126,208
05/16/2020,MKC,MO,ACE,CE,Towers with Radar,0,14,11,0,25,0,0,5,0,5,0,14,16,0,30,58,0,58,88
05/17/2020,MKC,MO,ACE,CE,Towers with Radar,0,8,24,0,32,0,4,40,2,46,0,12,64,2,78,15,0,15,93
05/18/2020,MKC,MO,ACE,CE,Towers with Radar,0,29,41,0,70,0,5,73,0,78,0,34,114,0,148,99,0,99,247
05/19/2020,MKC,MO,ACE,CE,Towers with Radar,0,28,48,0,76,0,9,98,0,107,0,37,146,0,183,112,0,112,295
05/20/2020,MKC,MO,ACE,CE,Towers with Radar,0,36,45,0,81,2,16,59,0,77,2,52,104,0,158,130,0,130,288
05/21/2020,MKC,MO,ACE,CE,Towers with Radar,0,38,59,0,97,0,24,40,0,64,0,62,99,0,161,117,0,117,278
05/22/2020,MKC,MO,ACE,CE,Towers with Radar,0,23,33,0,56,0,6,31,0,37,0,29,64,0,93,57,0,57,150
05/23/2020,MKC,MO,ACE,CE,Towers with Radar,0,21,24,2,47,0,22,116,0,138,0,43,140,2,185,113,0,113,298
05/24/2020,MKC,MO,ACE,CE,Towers with Radar,0,10,13,0,23,0,6,46,0,52,0,16,59,0,75,29,0,29,104
05/25/2020,MKC,MO,ACE,CE,Towers with Radar,0,14,23,0,37,0,2,21,0,23,0,16,44,0,60,49,0,49,109
05/26/2020,MKC,MO,ACE,CE,Towers with Radar,0,19,35,0,54,0,0,8,0,8,0,19,43,0,62,6,0,6,68
05/27/2020,MKC,MO,ACE,CE,Towers with Radar,0,52,38,0,90,0,14,49,0,63,0,66,87,0,153,52,0,52,205
05/28/2020,MKC,MO,ACE,CE,Towers with Radar,0,26,24,2,52,0,0,10,0,10,0,26,34,2,62,10,0,10,72
05/29/2020,MKC,MO,ACE,CE,Towers with Radar,0,33,47,0,80,0,16,182,2,200,0,49,229,2,280,77,0,77,357
05/30/2020,MKC,MO,ACE,CE,Towers with Radar,0,16,24,0,40,0,27,108,2,137,0,43,132,2,177,22,0,22,199
05/31/2020,MKC,MO,ACE,CE,Towers with Radar,0,11,22,0,33,0,13,61,1,75,0,24,83,1,108,58,0,58,166
06/01/2020,MKC,MO,ACE,CE,Towers with Radar,0,25,35,0,60,0,15,62,3,80,0,40,97,3,140,40,2,42,182
06/02/2020,MKC,MO,ACE,CE,Towers with Radar,0,31,36,0,67,0,20,76,4,100,0,51,112,4,167,108,2,110,277
06/03/2020,MKC,MO,ACE,CE,Towers with Radar,0,39,35,0,74,0,4,80,1,85,0,43,115,1,159,75,0,75,234
06/04/2020,MKC,MO,ACE,CE,Towers with Radar,0,36,36,2,74,0,16,79,0,95,0,52,115,2,169,104,0,104,273
06/05/2020,MKC,MO,ACE,CE,Towers with Radar,0,29,31,0,60,0,6,126,0,132,0,35,157,0,192,92,0,92,284
06/06/2020,MKC,MO,ACE,CE,Towers with Radar,0,32,13,0,45,0,7,86,0,93,0,39,99,0,138,60,0,60,198
06/07/2020,MKC,MO,ACE,CE,Towers with Radar,0,29,24,0,53,0,22,83,0,105,0,51,107,0,158,86,0,86,244
06/08/2020,MKC,MO,ACE,CE,Towers with Radar,0,14,42,0,56,0,14,112,0,126,0,28,154,0,182,78,0,78,260
06/09/2020,MKC,MO,ACE,CE,Towers with Radar,0,35,39,2,76,0,8,53,0,61,0,43,92,2,137,24,0,24,161
06/10/2020,MKC,MO,ACE,CE,Towers with Radar,4,27,30,4,65,0,0,26,0,26,4,27,56,4,91,12,2,14,105
06/11/2020,MKC,MO,ACE,CE,Towers with Radar,2,42,42,1,87,0,14,93,2,109,2,56,135,3,196,167,0,167,363
06/12/2020,MKC,MO,ACE,CE,Towers with Radar,0,45,43,0,88,0,20,87,2,109,0,65,130,2,197,52,0,52,249
06/13/2020,MKC,MO,ACE,CE,Towers with Radar,0,34,34,0,68,0,41,116,4,161,0,75,150,4,229,67,0,67,296
06/14/2020,MKC,MO,ACE,CE,Towers with Radar,0,15,19,0,34,0,4,73,0,77,0,19,92,0,111,46,0,46,157
06/15/2020,MKC,MO,ACE,CE,Towers with Radar,0,13,39,0,52,0,9,99,1,109,0,22,138,1,161,44,0,44,205
06/16/2020,MKC,MO,ACE,CE,Towers with Radar,0,31,33,0,64,0,8,92,1,101,0,39,125,1,165,82,0,82,247
06/17/2020,MKC,MO,ACE,CE,Towers with Radar,0,24,69,2,95,0,15,97,2,114,0,39,166,4,209,71,0,71,280
06/18/2020,MKC,MO,ACE,CE,Towers with Radar,0,37,56,2,95,0,8,106,0,114,0,45,162,2,209,75,2,77,286
06/19/2020,MKC,MO,ACE,CE,Towers with Radar,0,38,43,0,81,0,6,47,0,53,0,44,90,0,134,36,0,36,170
06/20/2020,MKC,MO,ACE,CE,Towers with Radar,0,23,22,2,47,0,18,70,0,88,0,41,92,2,135,0,0,0,135
06/21/2020,MKC,MO,ACE,CE,Towers with Radar,0,30,32,0,62,0,17,93,0,110,0,47,125,0,172,12,0,12,184
06/22/2020,MKC,MO,ACE,CE,Towers with Radar,0,17,27,0,44,0,25,84,0,109,0,42,111,0,153,116,0,116,269
06/23/2020,MKC,MO,ACE,CE,Towers with Radar,0,22,33,0,55,0,19,73,2,94,0,41,106,2,149,30,1,31,180
06/24/2020,MKC,MO,ACE,CE,Towers with Radar,0,38,51,0,89,0,14,123,0,137,0,52,174,0,226,92,2,94,320
06/25/2020,MKC,MO,ACE,CE,Towers with Radar,0,39,52,0,91,0,5,81,0,86,0,44,133,0,177,26,2,28,205
06/26/2020,MKC,MO,ACE,CE,Towers with Radar,0,35,34,2,71,0,8,81,5,94,0,43,115,7,165,30,0,30,195
06/27/2020,MKC,MO,ACE,CE,Towers with Radar,0,30,35,0,65,0,0,32,0,32,0,30,67,0,97,52,0,52,149
06/28/2020,MKC,MO,ACE,CE,Towers with Radar,0,27,32,0,59,0,2,65,0,67,0,29,97,0,126,4,0,4,130
06/29/2020,MKC,MO,ACE,CE,Towers with Radar,0,18,36,6,60,0,9,59,0,68,0,27,95,6,128,89,0,89,217
06/30/2020,MKC,MO,ACE,CE,Towers with Radar,0,42,48,0,90,0,2,67,0,69,0,44,115,0,159,102,0,102,261
07/01/2020,MKC,MO,ACE,CE,Towers with Radar,0,28,34,0,62,0,6,63,2,71,0,34,97,2,133,95,0,95,228
07/02/2020,MKC,MO,ACE,CE,Towers with Radar,0,31,45,0,76,0,7,93,2,102,0,38,138,2,178,54,0,54,232
07/03/2020,MKC,MO,ACE,CE,Towers with Radar,0,28,29,0,57,0,11,64,1,76,0,39,93,1,133,48,0,48,181
07/04/2020,MKC,MO,ACE,CE,Towers with Radar,0,27,11,0,38,0,0,12,0,12,0,27,23,0,50,2,0,2,52
07/05/2020,MKC,MO,ACE,CE,Towers with Radar,2,41,32,0,75,0,6,90,1,97,2,47,122,1,172,67,0,67,239
07/06/2020,MKC,MO,ACE,CE,Towers with Radar,0,35,51,2,88,0,18,87,0,105,0,53,138,2,193,109,0,109,302
07/07/2020,MKC,MO,ACE,CE,Towers with Radar,0,39,50,1,90,0,7,83,4,94,0,46,133,5,184,35,0,35,219
07/08/2020,MKC,MO,ACE,CE,Towers with Radar,0,39,62,2,103,0,13,110,5,128,0,52,172,7,231,65,0,65,296
07/09/2020,MKC,MO,ACE,CE,Towers with Radar,0,33,38,1,72,0,9,57,1,67,0,42,95,2,139,55,0,55,194
07/10/2020,MKC,MO,ACE,CE,Towers with Radar,0,38,24,0,62,0,17,92,0,109,0,55,116,0,171,66,0,66,237
07/11/2020,MKC,MO,ACE,CE,Towers with Radar,0,37,25,0,62,0,2,96,1,99,0,39,121,1,161,40,0,40,201
07/12/2020,MKC,MO,ACE,CE,Towers with Radar,0,19,38,0,57,0,4,135,0,139,0,23,173,0,196,72,0,72,268
07/13/2020,MKC,MO,ACE,CE,Towers with Radar,0,16,46,2,64,0,10,143,14,167,0,26,189,16,231,87,0,87,318
07/14/2020,MKC,MO,ACE,CE,Towers with Radar,0,36,34,0,70,0,3,74,4,81,0,39,108,4,151,64,2,66,217
07/15/2020,MKC,MO,ACE,CE,Towers with Radar,0,32,53,4,89,0,0,48,2,50,0,32,101,6,139,81,0,81,220
07/16/2020,MKC,MO,ACE,CE,Towers with Radar,0,38,53,0,91,0,11,88,1,100,0,49,141,1,191,34,0,34,225
07/17/2020,MKC,MO,ACE,CE,Towers with Radar,0,35,41,0,76,0,12,92,0,104,0,47,133,0,180,37,0,37,217
07/18/2020,MKC,MO,ACE,CE,Towers with Radar,0,44,25,0,69,0,11,95,2,108,0,55,120,2,177,139,0,139,316
07/19/2020,MKC,MO,ACE,CE,Towers with Radar,0,30,29,0,59,0,6,52,0,58,0,36,81,0,117,31,0,31,148
07/20/2020,MKC,MO,ACE,CE,Towers with Radar,2,37,29,0,68,0,2,65,1,68,2,39,94,1,136,30,0,30,166
07/21/2020,MKC,MO,ACE,CE,Towers with Radar,4,43,28,0,75,0,2,21,0,23,4,45,49,0,98,18,4,22,120
07/22/2020,MKC,MO,ACE,CE,Towers with Radar,0,39,45,2,86,0,5,105,0,110,0,44,150,2,196,47,0,47,243
07/23/2020,MKC,MO,ACE,CE,Towers with Radar,0,35,56,2,93,1,18,117,4,140,1,53,173,6,233,88,0,88,321
07/24/2020,MKC,MO,ACE,CE,Towers with Radar,0,43,32,2,77,0,19,90,5,114,0,62,122,7,191,73,0,73,264
07/25/2020,MKC,MO,ACE,CE,Towers with Radar,0,29,30,0,59,0,4,156,0,160,0,33,186,0,219,8,0,8,227
07/26/2020,MKC,MO,ACE,CE,Towers with Radar,0,20,20,0,40,0,4,53,6,63,0,24,73,6,103,0,0,0,103
07/27/2020,MKC,MO,ACE,CE,Towers with Radar,0,20,26,0,46,0,1,27,0,28,0,21,53,0,74,46,0,46,120
07/28/2020,MKC,MO,ACE,CE,Towers with Radar,0,41,46,1,88,0,6,69,1,76,0,47,115,2,164,77,0,77,241
07/29/2020,MKC,MO,ACE,CE,Towers with Radar,1,34,41,0,76,1,1,28,1,31,2,35,69,1,107,48,0,48,155
07/30/2020,MKC,MO,ACE,CE,Towers with Radar,1,38,41,0,80,0,0,1,1,2,1,38,42,1,82,20,0,20,102
07/31/2020,MKC,MO,ACE,CE,Towers with Radar,4,40,45,3,92,0,1,65,1,67,4,41,110,4,159,20,0,20,179
08/01/2020,MKC,MO,ACE,CE,Towers with Radar,0,39,39,1,79,1,5,117,0,123,1,44,156,1,202,32,0,32,234
08/02/2020,MKC,MO,ACE,CE,Towers with Radar,4,31,44,2,81,0,14,66,2,82,4,45,110,4,163,32,0,32,195
08/03/2020,MKC,MO,ACE,CE,Towers with Radar,0,38,29,1,68,0,10,83,3,96,0,48,112,4,164,78,0,78,242
08/04/2020,MKC,MO,ACE,CE,Towers with Radar,0,42,22,3,67,0,8,160,4,172,0,50,182,7,239,74,1,75,314
08/05/2020,MKC,MO,ACE,CE,Towers with Radar,4,44,31,1,80,0,12,123,6,141,4,56,154,7,221,99,0,99,320
08/06/2020,MKC,MO,ACE,CE,Towers with Radar,4,38,43,0,85,0,11,98,1,110,4,49,141,1,195,67,0,67,262
08/07/2020,MKC,MO,ACE,CE,Towers with Radar,0,41,37,0,78,0,3,52,0,55,0,44,89,0,133,25,0,25,158
08/08/2020,MKC,MO,ACE,CE,Towers with Radar,0,45,32,0,77,0,2,96,3,101,0,47,128,3,178,58,0,58,236
08/09/2020,MKC,MO,ACE,CE,Towers with Radar,2,29,26,0,57,0,12,58,1,71,2,41,84,1,128,28,0,28,156
08/10/2020,MKC,MO,ACE,CE,Towers with Radar,2,30,39,0,71,0,7,89,0,96,2,37,128,0,167,68,0,68,235
08/11/2020,MKC,MO,ACE,CE,Towers with Radar,0,33,40,0,73,0,10,100,2,112,0,43,140,2,185,150,0,150,335
08/12/2020,MKC,MO,ACE,CE,Towers with Radar,0,28,30,1,59,0,18,79,3,100,0,46,109,4,159,62,0,62,221
08/13/2020,MKC,MO,ACE,CE,Towers with Radar,0,63,42,0,105,0,8,69,2,79,0,71,111,2,184,76,0,76,260
08/14/2020,MKC,MO,ACE,CE,Towers with Radar,0,49,53,0,102,0,17,102,1,120,0,66,155,1,222,86,0,86,308
08/15/2020,MKC,MO,ACE,CE,Towers with Radar,0,36,23,0,59,0,1,94,2,97,0,37,117,2,156,10,0,10,166
08/16/2020,MKC,MO,ACE,CE,Towers with Radar,0,27,49,0,76,0,30,74,2,106,0,57,123,2,182,32,0,32,214
08/17/2020,MKC,MO,ACE,CE,Towers with Radar,0,29,24,0,53,0,4,77,1,82,0,33,101,1,135,34,0,34,169
08/18/2020,MKC,MO,ACE,CE,Towers with Radar,4,44,40,1,89,0,0,85,2,87,4,44,125,3,176,42,0,42,218
08/19/2020,MKC,MO,ACE,CE,Towers with Radar,2,29,59,4,94,0,10,81,3,94,2,39,140,7,188,52,0,52,240
08/20/2020,MKC,MO,ACE,CE,Towers with Radar,0,21,29,0,50,0,7,79,7,93,0,28,108,7,143,76,16,92,235
08/21/2020,MKC,MO,ACE,CE,Towers with Radar,4,40,43,1,88,0,0,129,2,131,4,40,172,3,219,120,0,120,339
08/22/2020,MKC,MO,ACE,CE,Towers with Radar,2,22,43,0,67,0,10,103,1,114,2,32,146,1,181,22,0,22,203
08/23/2020,MKC,MO,ACE,CE,Towers with Radar,4,18,17,0,39,0,7,134,3,144,4,25,151,3,183,22,0,22,205
08/24/2020,MKC,MO,ACE,CE,Towers with Radar,0,23,26,0,49,0,10,60,6,76,0,33,86,6,125,96,0,96,221
08/25/2020,MKC,MO,ACE,CE,Towers with Radar,1,35,24,3,63,0,20,83,9,112,1,55,107,12,175,83,0,83,258
08/26/2020,MKC,MO,ACE,CE,Towers with Radar,1,34,49,3,87,0,4,97,2,103,1,38,146,5,190,46,2,48,238
08/27/2020,MKC,MO,ACE,CE,Towers with Radar,0,45,38,2,85,0,13,72,9,94,0,58,110,11,179,73,0,73,252
08/28/2020,MKC,MO,ACE,CE,Towers with Radar,0,47,38,0,85,0,0,54,2,56,0,47,92,2,141,40,4,44,185
08/29/2020,MKC,MO,ACE,CE,Towers with Radar,2,26,28,0,56,0,5,58,1,64,2,31,86,1,120,0,0,0,120
08/30/2020,MKC,MO,ACE,CE,Towers with Radar,6,35,37,0,78,0,4,74,0,78,6,39,111,0,156,26,0,26,182
08/31/2020,MKC,MO,ACE,CE,Towers with Radar,0,29,31,0,60,0,0,25,0,25,0,29,56,0,85,43,0,43,128
09/01/2020,MKC,MO,ACE,CE,Towers with Radar,0,36,43,0,79,0,4,57,1,62,0,40,100,1,141,72,0,72,213
09/02/2020,MKC,MO,ACE,CE,Towers with Radar,4,46,57,10,117,0,5,83,2,90,4,51,140,12,207,50,0,50,257
09/03/2020,MKC,MO,ACE,CE,Towers with Radar,2,32,53,1,88,0,3,49,2,54,2,35,102,3,142,52,0,52,194
09/04/2020,MKC,MO,ACE,CE,Towers with Radar,0,33,43,1,77,0,11,106,0,117,0,44,149,1,194,48,0,48,242
09/05/2020,MKC,MO,ACE,CE,Towers with Radar,2,18,19,0,39,0,10,111,0,121,2,28,130,0,160,18,0,18,178
09/06/2020,MKC,MO,ACE,CE,Towers with Radar,6,15,12,0,33,0,0,13,0,13,6,15,25,0,46,0,0,0,46
09/07/2020,MKC,MO,ACE,CE,Towers with Radar,0,23,41,0,64,0,9,84,1,94,0,32,125,1,158,104,0,104,262
09/08/2020,MKC,MO,ACE,CE,Towers with Radar,0,28,35,2,65,0,0,3,0,3,0,28,38,2,68,0,0,0,68
09/09/2020,MKC,MO,ACE,CE,Towers with Radar,0,49,29,0,78,0,0,0,0,0,0,49,29,0,78,0,0,0,78
09/10/2020,MKC,MO,ACE,CE,Towers with Radar,1,58,65,0,124,0,0,0,0,0,1,58,65,0,124,0,0,0,124
09/11/2020,MKC,MO,ACE,CE,Towers with Radar,1,51,83,0,135,0,0,0,0,0,1,51,83,0,135,0,0,0,135
09/12/2020,MKC,MO,ACE,CE,Towers with Radar,0,31,26,0,57,0,4,78,0,82,0,35,104,0,139,44,0,44,183
09/13/2020,MKC,MO,ACE,CE,Towers with Radar,6,15,36,2,59,0,8,112,0,120,6,23,148,2,179,48,0,48,227
09/14/2020,MKC,MO,ACE,CE,Towers with Radar,2,34,54,2,92,0,6,87,6,99,2,40,141,8,191,58,0,58,249
09/15/2020,MKC,MO,ACE,CE,Towers with Radar,0,59,49,0,108,0,4,101,4,109,0,63,150,4,217,46,0,46,263
09/16/2020,MKC,MO,ACE,CE,Towers with Radar,0,30,51,0,81,0,7,135,3,145,0,37,186,3,226,67,0,67,293
09/17/2020,MKC,MO,ACE,CE,Towers with Radar,0,49,48,5,102,0,2,82,1,85,0,51,130,6,187,73,0,73,260
09/18/2020,MKC,MO,ACE,CE,Towers with Radar,1,40,34,0,75,0,2,116,4,122,1,42,150,4,197,107,0,107,304
09/19/2020,MKC,MO,ACE,CE,Towers with Radar,1,33,21,0,55,0,6,114,0,120,1,39,135,0,175,58,1,59,234
09/20/2020,MKC,MO,ACE,CE,Towers with Radar,4,32,28,0,64,0,5,99,0,104,4,37,127,0,168,68,0,68,236
09/21/2020,MKC,MO,ACE,CE,Towers with Radar,0,38,31,0,69,0,10,63,3,76,0,48,94,3,145,128,11,139,284
09/22/2020,MKC,MO,ACE,CE,Towers with Radar,0,42,43,1,86,0,23,103,4,130,0,65,146,5,216,60,0,60,276
09/23/2020,MKC,MO,ACE,CE,Towers with Radar,4,35,37,4,80,0,11,77,1,89,4,46,114,5,169,35,0,35,204
09/24/2020,MKC,MO,ACE,CE,Towers with Radar,0,48,52,3,103,0,3,90,1,94,0,51,142,4,197,22,0,22,219
09/25/2020,MKC,MO,ACE,CE,Towers with Radar,0,38,34,0,72,0,3,92,0,95,0,41,126,0,167,94,1,95,262
09/26/2020,MKC,MO,ACE,CE,Towers with Radar,0,28,35,0,63,0,1,94,0,95,0,29,129,0,158,34,0,34,192
09/27/2020,MKC,MO,ACE,CE,Towers with Radar,0,18,31,0,49,0,0,1,0,1,0,18,32,0,50,0,0,0,50
09/28/2020,MKC,MO,ACE,CE,Towers with Radar,0,26,54,0,80,0,18,61,14,93,0,44,115,14,173,38,0,38,211
09/29/2020,MKC,MO,ACE,CE,Towers with Radar,0,39,42,2,83,1,20,75,0,96,1,59,117,2,179,119,0,119,298
09/30/2020,MKC,MO,ACE,CE,Towers with Radar,0,43,37,0,80,0,17,63,2,82,0,60,100,2,162,14,0,14,176
10/01/2020,MKC,MO,ACE,CE,Towers with Radar,0,43,52,0,95,0,8,47,6,61,0,51,99,6,156,33,0,33,189
10/02/2020,MKC,MO,ACE,CE,Towers with Radar,0,43,49,0,92,0,10,83,0,93,0,53,132,0,185,32,0,32,217
10/03/2020,MKC,MO,ACE,CE,Towers with Radar,2,19,35,0,56,0,4,64,0,68,2,23,99,0,124,28,0,28,152
10/04/2020,MKC,MO,ACE,CE,Towers with Radar,2,18,45,2,67,0,11,71,0,82,2,29,116,2,149,78,0,78,227
10/05/2020,MKC,MO,ACE,CE,Towers with Radar,0,37,50,0,87,0,13,117,0,130,0,50,167,0,217,36,0,36,253
10/06/2020,MKC,MO,ACE,CE,Towers with Radar,0,45,47,2,94,0,15,105,0,120,0,60,152,2,214,101,0,101,315
10/07/2020,MKC,MO,ACE,CE,Towers with Radar,2,44,40,0,86,0,7,79,1,87,2,51,119,1,173,18,0,18,191
10/08/2020,MKC,MO,ACE,CE,Towers with Radar,0,54,54,1,109,1,8,63,3,75,1,62,117,4,184,51,0,51,235
10/09/2020,MKC,MO,ACE,CE,Towers with Radar,0,34,43,0,77,0,7,49,0,56,0,41,92,0,133,62,0,62,195
10/10/2020,MKC,MO,ACE,CE,Towers with Radar,0,35,26,2,63,0,1,88,4,93,0,36,114,6,156,37,0,37,193
10/11/2020,MKC,MO,ACE,CE,Towers with Radar,2,32,36,1,71,0,5,71,2,78,2,37,107,3,149,38,0,38,187
10/12/2020,MKC,MO,ACE,CE,Towers with Radar,0,31,26,2,59,0,7,48,0,55,0,38,74,2,114,54,0,54,168
10/13/2020,MKC,MO,ACE,CE,Towers with Radar,0,27,45,1,73,0,9,83,1,93,0,36,128,2,166,116,7,123,289
10/14/2020,MKC,MO,ACE,CE,Towers with Radar,2,32,33,0,67,0,3,37,0,40,2,35,70,0,107,8,0,8,115
10/15/2020,MKC,MO,ACE,CE,Towers with Radar,1,42,61,0,104,0,4,58,1,63,1,46,119,1,167,51,0,51,218
10/16/2020,MKC,MO,ACE,CE,Towers with Radar,1,39,54,0,94,1,12,83,1,97,2,51,137,1,191,90,0,90,281
10/17/2020,MKC,MO,ACE,CE,Towers with Radar,2,27,17,0,46,0,11,49,0,60,2,38,66,0,106,0,0,0,106
10/18/2020,MKC,MO,ACE,CE,Towers with Radar,0,22,56,0,78,0,4,70,1,75,0,26,126,1,153,32,0,32,185
10/19/2020,MKC,MO,ACE,CE,Towers with Radar,0,25,57,0,82,0,14,85,1,100,0,39,142,1,182,95,0,95,277
10/20/2020,MKC,MO,ACE,CE,Towers with Radar,0,49,39,0,88,0,0,3,0,3,0,49,42,0,91,0,0,0,91
10/21/2020,MKC,MO,ACE,CE,Towers with Radar,0,45,62,0,107,0,0,1,0,1,0,45,63,0,108,0,0,0,108
10/22/2020,MKC,MO,ACE,CE,Towers with Radar,0,40,42,0,82,0,1,29,0,30,0,41,71,0,112,29,0,29,141
10/23/2020,MKC,MO,ACE,CE,Towers with Radar,0,54,29,0,83,0,2,33,1,36,0,56,62,1,119,44,0,44,163
10/24/2020,MKC,MO,ACE,CE,Towers with Radar,2,38,34,0,74,0,14,116,0,130,2,52,150,0,204,146,0,146,350
10/25/2020,MKC,MO,ACE,CE,Towers with Radar,0,29,29,0,58,1,0,7,0,8,1,29,36,0,66,0,0,0,66
10/26/2020,MKC,MO,ACE,CE,Towers with Radar,0,24,21,0,45,0,0,0,0,0,0,24,21,0,45,0,0,0,45
10/27/2020,MKC,MO,ACE,CE,Towers with Radar,0,41,27,0,68,1,0,19,1,21,1,41,46,1,89,32,0,32,121
10/28/2020,MKC,MO,ACE,CE,Towers with Radar,3,45,44,0,92,1,0,64,3,68,4,45,108,3,160,107,0,107,267
10/29/2020,MKC,MO,ACE,CE,Towers with Radar,1,46,43,0,90,0,2,47,1,50,1,48,90,1,140,90,0,90,230
10/30/2020,MKC,MO,ACE,CE,Towers with Radar,0,52,53,0,105,0,13,101,1,115,0,65,154,1,220,78,0,78,298
10/31/2020,MKC,MO,ACE,CE,Towers with Radar,0,36,19,0,55,0,5,70,3,78,0,41,89,3,133,36,0,36,169
11/01/2020,MKC,MO,ACE,CE,Towers with Radar,0,31,40,0,71,0,8,114,2,124,0,39,154,2,195,70,0,70,265
11/02/2020,MKC,MO,ACE,CE,Towers with Radar,0,29,39,0,68,0,17,115,7,139,0,46,154,7,207,157,0,157,364
11/03/2020,MKC,MO,ACE,CE,Towers with Radar,0,32,34,2,68,0,11,56,0,67,0,43,90,2,135,116,0,116,251
11/04/2020,MKC,MO,ACE,CE,Towers with Radar,0,39,32,0,71,0,8,101,0,109,0,47,133,0,180,133,0,133,313
11/05/2020,MKC,MO,ACE,CE,Towers with Radar,0,46,48,2,96,0,3,124,2,129,0,49,172,4,225,70,0,70,295
11/06/2020,MKC,MO,ACE,CE,Towers with Radar,0,45,67,0,112,0,3,67,0,70,0,48,134,0,182,66,0,66,248
11/07/2020,MKC,MO,ACE,CE,Towers with Radar,0,25,44,1,70,0,22,157,0,179,0,47,201,1,249,60,0,60,309
11/08/2020,MKC,MO,ACE,CE,Towers with Radar,3,49,54,0,106,0,14,92,2,108,3,63,146,2,214,32,2,34,248
11/09/2020,MKC,MO,ACE,CE,Towers with Radar,2,28,41,1,72,0,14,55,1,70,2,42,96,2,142,78,0,78,220
11/10/2020,MKC,MO,ACE,CE,Towers with Radar,0,30,31,0,61,1,6,10,2,19,1,36,41,2,80,60,0,60,140
11/11/2020,MKC,MO,ACE,CE,Towers with Radar,0,46,43,0,89,0,14,139,0,153,0,60,182,0,242,50,0,50,292
11/12/2020,MKC,MO,ACE,CE,Towers with Radar,0,49,41,0,90,1,7,85,1,94,1,56,126,1,184,32,0,32,216
11/13/2020,MKC,MO,ACE,CE,Towers with Radar,0,30,61,0,91,0,6,102,2,110,0,36,163,2,201,38,0,38,239
11/14/2020,MKC,MO,ACE,CE,Towers with Radar,0,35,27,0,62,0,0,33,0,33,0,35,60,0,95,16,0,16,111
11/15/2020,MKC,MO,ACE,CE,Towers with Radar,0,26,26,0,52,0,10,52,2,64,0,36,78,2,116,27,0,27,143
11/16/2020,MKC,MO,ACE,CE,Towers with Radar,0,24,29,0,53,0,26,82,3,111,0,50,111,3,164,32,0,32,196
11/17/2020,MKC,MO,ACE,CE,Towers with Radar,0,32,42,5,79,0,27,129,4,160,0,59,171,9,239,90,0,90,329
11/18/2020,MKC,MO,ACE,CE,Towers with Radar,0,50,56,3,109,0,0,11,0,11,0,50,67,3,120,20,0,20,140
11/19/2020,MKC,MO,ACE,CE,Towers with Radar,0,37,44,3,84,0,2,31,6,39,0,39,75,9,123,12,0,12,135
11/20/2020,MKC,MO,ACE,CE,Towers with Radar,0,53,60,0,113,0,16,124,2,142,0,69,184,2,255,134,4,138,393
11/21/2020,MKC,MO,ACE,CE,Towers with Radar,1,50,36,0,87,0,4,106,0,110,1,54,142,0,197,154,0,154,351
11/22/2020,MKC,MO,ACE,CE,Towers with Radar,1,30,25,0,56,0,4,100,0,104,1,34,125,0,160,122,0,122,282
11/23/2020,MKC,MO,ACE,CE,Towers with Radar,0,33,29,0,62,0,13,24,0,37,0,46,53,0,99,62,0,62,161
11/24/2020,MKC,MO,ACE,CE,Towers with Radar,0,38,32,0,70,0,4,23,0,27,0,42,55,0,97,28,0,28,125
11/25/2020,MKC,MO,ACE,CE,Towers with Radar,0,48,31,0,79,0,0,0,0,0,0,48,31,0,79,0,0,0,79
11/26/2020,MKC,MO,ACE,CE,Towers with Radar,0,23,17,0,40,0,4,56,2,62,0,27,73,2,102,56,0,56,158
11/27/2020,MKC,MO,ACE,CE,Towers with Radar,1,25,22,0,48,0,4,92,2,98,1,29,114,2,146,80,2,82,228
11/28/2020,MKC,MO,ACE,CE,Towers with Radar,0,38,37,0,75,0,12,197,1,210,0,50,234,1,285,84,0,84,369
11/29/2020,MKC,MO,ACE,CE,Towers with Radar,1,38,32,0,71,0,3,30,0,33,1,41,62,0,104,4,0,4,108
11/30/2020,MKC,MO,ACE,CE,Towers with Radar,0,26,27,3,56,0,14,114,0,128,0,40,141,3,184,71,0,71,255
12/01/2020,MKC,MO,ACE,CE,Towers with Radar,0,55,50,3,108,0,14,140,2,156,0,69,190,5,264,106,0,106,370
12/02/2020,MKC,MO,ACE,CE,Towers with Radar,0,40,32,1,73,0,11,123,1,135,0,51,155,2,208,94,0,94,302
12/03/2020,MKC,MO,ACE,CE,Towers with Radar,2,42,45,1,90,0,3,18,1,22,2,45,63,2,112,24,0,24,136
12/04/2020,MKC,MO,ACE,CE,Towers with Radar,0,36,57,2,95,0,12,124,9,145,0,48,181,11,240,46,4,50,290
12/05/2020,MKC,MO,ACE,CE,Towers with Radar,0,31,18,0,49,0,20,206,1,227,0,51,224,1,276,120,0,120,396
12/06/2020,MKC,MO,ACE,CE,Towers with Radar,0,56,38,0,94,0,9,103,0,112,0,65,141,0,206,148,0,148,354
12/07/2020,MKC,MO,ACE,CE,Towers with Radar,0,37,43,0,80,1,17,112,1,131,1,54,155,1,211,72,0,72,283
12/08/2020,MKC,MO,ACE,CE,Towers with Radar,0,46,26,0,72,0,16,115,5,136,0,62,141,5,208,92,0,92,300
12/09/2020,MKC,MO,ACE,CE,Towers with Radar,0,38,36,0,74,0,5,111,5,121,0,43,147,5,195,83,2,85,280
12/10/2020,MKC,MO,ACE,CE,Towers with Radar,0,45,48,0,93,0,8,98,3,109,0,53,146,3,202,88,4,92,294
12/11/2020,MKC,MO,ACE,CE,Towers with Radar,0,52,30,1,83,0,0,11,0,11,0,52,41,1,94,26,0,26,120
12/12/2020,MKC,MO,ACE,CE,Towers with Radar,0,33,12,0,45,0,0,52,0,52,0,33,64,0,97,0,0,0,97
12/13/2020,MKC,MO,ACE,CE,Towers with Radar,0,27,18,2,47,0,5,91,1,97,0,32,109,3,144,14,0,14,158
12/14/2020,MKC,MO,ACE,CE,Towers with Radar,0,31,33,2,66,0,4,118,2,124,0,35,151,4,190,90,0,90,280
12/15/2020,MKC,MO,ACE,CE,Towers with Radar,0,46,30,8,84,0,8,53,0,61,0,54,83,8,145,82,0,82,227
12/16/2020,MKC,MO,ACE,CE,Towers with Radar,0,41,47,0,88,0,3,44,6,53,0,44,91,6,141,64,0,64,205
12/17/2020,MKC,MO,ACE,CE,Towers with Radar,0,48,53,7,108,0,10,124,5,139,0,58,177,12,247,58,0,58,305
12/18/2020,MKC,MO,ACE,CE,Towers with Radar,0,52,26,0,78,0,0,39,3,42,0,52,65,3,120,8,2,10,130
12/19/2020,MKC,MO,ACE,CE,Towers with Radar,0,53,37,0,90,1,5,179,4,189,1,58,216,4,279,51,0,51,330
12/20/2020,MKC,MO,ACE,CE,Towers with Radar,0,31,35,0,66,0,4,143,1,148,0,35,178,1,214,61,0,61,275
12/21/2020,MKC,MO,ACE,CE,Towers with Radar,0,24,35,1,60,0,4,108,2,114,0,28,143,3,174,62,0,62,236
12/22/2020,MKC,MO,ACE,CE,Towers with Radar,0,47,40,2,89,0,6,78,1,85,0,53,118,3,174,45,2,47,221
12/23/2020,MKC,MO,ACE,CE,Towers with Radar,0,51,16,0,67,0,4,5,0,9,0,55,21,0,76,16,0,16,92
12/24/2020,MKC,MO,ACE,CE,Towers with Radar,0,38,11,0,49,0,1,55,0,56,0,39,66,0,105,16,0,16,121
12/25/2020,MKC,MO,ACE,CE,Towers with Radar,0,38,5,0,43,0,1,50,0,51,0,39,55,0,94,0,0,0,94
12/26/2020,MKC,MO,ACE,CE,Towers with Radar,0,26,36,0,62,0,3,212,0,215,0,29,248,0,277,98,0,98,375
12/27/2020,MKC,MO,ACE,CE,Towers with Radar,0,29,40,0,69,0,6,73,0,79,0,35,113,0,148,10,0,10,158
12/28/2020,MKC,MO,ACE,CE,Towers with Radar,0,26,32,0,58,0,6,118,4,128,0,32,150,4,186,142,0,142,328
12/29/2020,MKC,MO,ACE,CE,Towers with Radar,0,34,22,0,56,0,0,1,0,1,0,34,23,0,57,0,0,0,57
12/30/2020,MKC,MO,ACE,CE,Towers with Radar,0,47,31,0,78,1,0,92,0,93,1,47,123,0,171,38,2,40,211
12/31/2020,MKC,MO,ACE,CE,Towers with Radar,0,34,29,0,63,0,7,122,0,129,0,41,151,0,192,86,0,86,278
01/01/2021,MKC,MO,ACE,CE,Towers with Radar,0,20,3,0,23,0,0,12,0,12,0,20,15,0,35,0,0,0,35
01/02/2021,MKC,MO,ACE,CE,Towers with Radar,0,38,36,0,74,0,3,126,0,129,0,41,162,0,203,16,0,16,219
01/03/2021,MKC,MO,ACE,CE,Towers with Radar,0,47,55,0,102,0,0,0,0,0,0,47,55,0,102,0,0,0,102
01/04/2021,MKC,MO,ACE,CE,Towers with Radar,0,32,36,0,68,1,3,71,1,76,1,35,107,1,144,100,2,102,246
01/05/2021,MKC,MO,ACE,CE,Towers with Radar,0,53,32,0,85,0,1,72,0,73,0,54,104,0,158,90,1,91,249
01/06/2021,MKC,MO,ACE,CE,Towers with Radar,0,57,34,0,91,0,3,19,0,22,0,60,53,0,113,24,0,24,137
01/07/2021,MKC,MO,ACE,CE,Towers with Radar,0,40,45,0,85,0,2,6,0,8,0,42,51,0,93,0,0,0,93
01/08/2021,MKC,MO,ACE,CE,Towers with Radar,0,41,37,0,78,0,0,59,2,61,0,41,96,2,139,92,0,92,231
01/09/2021,MKC,MO,ACE,CE,Towers with Radar,0,31,16,0,47,0,0,82,0,82,0,31,98,0,129,79,0,79,208
01/10/2021,MKC,MO,ACE,CE,Towers with Radar,0,29,29,0,58,0,9,105,0,114,0,38,134,0,172,96,2,98,270
01/11/2021,MKC,MO,ACE,CE,Towers with Radar,0,15,51,3,69,0,0,57,0,57,0,15,108,3,126,15,0,15,141
01/12/2021,MKC,MO,ACE,CE,Towers with Radar,0,36,34,0,70,0,9,93,2,104,0,45,127,2,174,72,0,72,246
01/13/2021,MKC,MO,ACE,CE,Towers with Radar,0,32,53,0,85,0,4,97,0,101,0,36,150,0,186,108,0,108,294
01/14/2021,MKC,MO,ACE,CE,Towers with Radar,0,31,36,1,68,2,0,7,4,13,2,31,43,5,81,3,0,3,84
01/15/2021,MKC,MO,ACE,CE,Towers with Radar,0,17,12,0,29,0,0,1,0,1,0,17,13,0,30,0,0,0,30
01/16/2021,MKC,MO,ACE,CE,Towers with Radar,0,34,10,0,44,0,4,42,2,48,0,38,52,2,92,26,0,26,118
01/17/2021,MKC,MO,ACE,CE,Towers with Radar,0,48,80,0,128,0,11,83,2,96,0,59,163,2,224,36,0,36,260
01/18/2021,MKC,MO,ACE,CE,Towers with Radar,0,27,37,0,64,0,3,64,0,67,0,30,101,0,131,49,0,49,180
01/19/2021,MKC,MO,ACE,CE,Towers with Radar,0,38,28,0,66,0,1,60,0,61,0,39,88,0,127,58,0,58,185
01/20/2021,MKC,MO,ACE,CE,Towers with Radar,0,42,33,4,79,0,1,56,0,57,0,43,89,4,136,54,0,54,190
01/21/2021,MKC,MO,ACE,CE,Towers with Radar,0,47,48,2,97,0,9,115,1,125,0,56,163,3,222,125,0,125,347
01/22/2021,MKC,MO,ACE,CE,Towers with Radar,0,40,29,0,69,0,2,123,0,125,0,42,152,0,194,68,2,70,264
01/23/2021,MKC,MO,ACE,CE,Towers with Radar,0,44,28,3,75,0,6,130,1,137,0,50,158,4,212,112,0,112,324
01/24/2021,MKC,MO,ACE,CE,Towers with Radar,0,70,82,3,155,0,0,5,3,8,0,70,87,6,163,0,0,0,163
01/25/2021,MKC,MO,ACE,CE,Towers with Radar,0,41,42,0,83,0,0,0,0,0,0,41,42,0,83,0,0,0,83
01/26/2021,MKC,MO,ACE,CE,Towers with Radar,0,49,32,0,81,0,1,5,2,8,0,50,37,2,89,0,0,0,89
01/27/2021,MKC,MO,ACE,CE,Towers with Radar,0,41,28,2,71,0,1,8,2,11,0,42,36,4,82,14,0,14,96
01/28/2021,MKC,MO,ACE,CE,Towers with Radar,0,44,43,0,87,0,5,39,2,46,0,49,82,2,133,46,0,46,179
01/29/2021,MKC,MO,ACE,CE,Towers with Radar,0,42,46,4,92,0,6,105,3,114,0,48,151,7,206,76,0,76,282
01/30/2021,MKC,MO,ACE,CE,Towers with Radar,0,27,12,0,39,0,1,9,0,10,0,28,21,0,49,18,0,18,67
01/31/2021,MKC,MO,ACE,CE,Towers with Radar,0,28,22,0,50,0,1,19,0,20,0,29,41,0,70,18,0,18,88
02/01/2021,MKC,MO,ACE,CE,Towers with Radar,0,22,27,0,49,0,1,3,0,4,0,23,30,0,53,14,0,14,67
02/02/2021,MKC,MO,ACE,CE,Towers with Radar,0,46,38,0,84,0,5,26,0,31,0,51,64,0,115,31,0,31,146
02/03/2021,MKC,MO,ACE,CE,Towers with Radar,0,43,47,2,92,0,4,84,0,88,0,47,131,2,180,92,0,92,272
02/04/2021,MKC,MO,ACE,CE,Towers with Radar,0,47,25,0,72,0,0,2,0,2,0,47,27,0,74,0,0,0,74
02/05/2021,MKC,MO,ACE,CE,Towers with Radar,0,37,41,6,84,0,7,102,10,119,0,44,143,16,203,62,0,62,265
02/06/2021,MKC,MO,ACE,CE,Towers with Radar,0,27,17,0,44,0,3,12,1,16,0,30,29,1,60,40,0,40,100
02/07/2021,MKC,MO,ACE,CE,Towers with Radar,0,13,8,1,22,0,0,3,2,5,0,13,11,3,27,2,0,2,29
02/08/2021,MKC,MO,ACE,CE,Towers with Radar,0,59,33,0,92,0,0,0,0,0,0,59,33,0,92,0,0,0,92
02/09/2021,MKC,MO,ACE,CE,Towers with Radar,0,41,33,0,74,0,2,13,0,15,0,43,46,0,89,34,10,44,133
02/10/2021,MKC,MO,ACE,CE,Towers with Radar,0,33,24,2,59,0,2,2,0,4,0,35,26,2,63,8,0,8,71
02/11/2021,MKC,MO,ACE,CE,Towers with Radar,0,24,36,0,60,0,4,49,1,54,0,28,85,1,114,51,0,51,165
02/12/2021,MKC,MO,ACE,CE,Towers with Radar,0,41,36,0,77,0,8,43,2,53,0,49,79,2,130,36,0,36,166
02/13/2021,MKC,MO,ACE,CE,Towers with Radar,0,26,24,0,50,0,10,56,0,66,0,36,80,0,116,26,0,26,142
02/14/2021,MKC,MO,ACE,CE,Towers with Radar,0,10,11,0,21,0,0,26,0,26,0,10,37,0,47,0,0,0,47
02/15/2021,MKC,MO,ACE,CE,Towers with Radar,0,29,29,0,58,0,0,0,0,0,0,29,29,0,58,0,0,0,58
02/16/2021,MKC,MO,ACE,CE,Towers with Radar,0,49,34,0,83,0,3,12,0,15,0,52,46,0,98,17,0,17,115
02/17/2021,MKC,MO,ACE,CE,Towers with Radar,0,64,21,0,85,0,0,2,2,4,0,64,23,2,89,0,0,0,89
02/18/2021,MKC,MO,ACE,CE,Towers with Radar,0,55,28,0,83,0,1,52,4,57,0,56,80,4,140,24,0,24,164
02/19/2021,MKC,MO,ACE,CE,Towers with Radar,0,43,35,0,78,0,9,98,0,107,0,52,133,0,185,95,0,95,280
02/20/2021,MKC,MO,ACE,CE,Towers with Radar,0,35,30,0,65,0,4,113,0,117,0,39,143,0,182,81,0,81,263
02/21/2021,MKC,MO,ACE,CE,Towers with Radar,0,14,18,0,32,0,0,24,0,24,0,14,42,0,56,0,0,0,56
02/22/2021,MKC,MO,ACE,CE,Towers with Radar,0,41,33,0,74,0,6,93,0,99,0,47,126,0,173,40,0,40,213
02/23/2021,MKC,MO,ACE,CE,Towers with Radar,0,65,33,2,100,0,4,104,3,111,0,69,137,5,211,64,2,66,277
02/24/2021,MKC,MO,ACE,CE,Towers with Radar,0,54,53,6,113,0,6,52,3,61,0,60,105,9,174,62,0,62,236
02/25/2021,MKC,MO,ACE,CE,Towers with Radar,0,51,52,0,103,0,6,100,3,109,0,57,152,3,212,102,0,102,314
02/26/2021,MKC,MO,ACE,CE,Towers with Radar,0,49,47,4,100,0,1,84,20,105,0,50,131,24,205,124,0,124,329
02/27/2021,MKC,MO,ACE,CE,Towers with Radar,0,43,30,0,73,0,1,98,1,100,0,44,128,1,173,84,0,84,257
02/28/2021,MKC,MO,ACE,CE,Towers with Radar,0,29,30,0,59,0,2,59,1,62,0,31,89,1,121,60,0,60,181
03/01/2021,MKC,MO,ACE,CE,Towers with Radar,0,27,52,0,79,0,2,84,1,87,0,29,136,1,166,86,0,86,252
03/02/2021,MKC,MO,ACE,CE,Towers with Radar,0,46,42,2,90,0,3,77,5,85,0,49,119,7,175,40,2,42,217
03/03/2021,MKC,MO,ACE,CE,Towers with Radar,0,44,56,0,100,0,4,97,1,102,0,48,153,1,202,76,0,76,278
03/04/2021,MKC,MO,ACE,CE,Towers with Radar,0,39,58,4,101,0,8,76,2,86,0,47,134,6,187,92,0,92,279
03/05/2021,MKC,MO,ACE,CE,Towers with Radar,0,39,27,0,66,0,7,73,0,80,0,46,100,0,146,69,0,69,215
03/06/2021,MKC,MO,ACE,CE,Towers with Radar,1,26,38,0,65,0,0,118,0,118,1,26,156,0,183,80,0,80,263
03/07/2021,MKC,MO,ACE,CE,Towers with Radar,1,18,28,0,47,0,4,61,5,70,1,22,89,5,117,38,2,40,157
03/08/2021,MKC,MO,ACE,CE,Towers with Radar,0,35,39,2,76,0,8,93,0,101,0,43,132,2,177,55,0,55,232
03/09/2021,MKC,MO,ACE,CE,Towers with Radar,9,33,34,0,76,0,7,59,0,66,9,40,93,0,142,44,2,46,188
03/10/2021,MKC,MO,ACE,CE,Towers with Radar,1,55,51,5,112,0,2,4,1,7,1,57,55,6,119,0,18,18,137
03/11/2021,MKC,MO,ACE,CE,Towers with Radar,3,67,60,0,130,0,8,110,0,118,3,75,170,0,248,146,0,146,394
03/12/2021,MKC,MO,ACE,CE,Towers with Radar,4,49,48,0,101,0,4,22,0,26,4,53,70,0,127,29,0,29,156
03/13/2021,MKC,MO,ACE,CE,Towers with Radar,1,48,51,0,100,0,0,5,2,7,1,48,56,2,107,12,0,12,119
03/14/2021,MKC,MO,ACE,CE,Towers with Radar,4,33,20,0,57,0,0,0,0,0,4,33,20,0,57,0,0,0,57
03/15/2021,MKC,MO,ACE,CE,Towers with Radar,4,28,28,0,60,0,0,12,0,12,4,28,40,0,72,48,0,48,120
03/16/2021,MKC,MO,ACE,CE,Towers with Radar,0,43,54,4,101,0,0,0,0,0,0,43,54,4,101,0,0,0,101
03/17/2021,MKC,MO,ACE,CE,Towers with Radar,0,45,27,1,73,0,0,0,0,0,0,45,27,1,73,0,0,0,73
03/18/2021,MKC,MO,ACE,CE,Towers with Radar,0,48,22,2,72,0,0,14,1,15,0,48,36,3,87,30,0,30,117
03/19/2021,MKC,MO,ACE,CE,Towers with Radar,0,43,42,0,85,0,3,139,6,148,0,46,181,6,233,195,0,195,428
03/20/2021,MKC,MO,ACE,CE,Towers with Radar,0,36,44,2,82,0,1,156,0,157,0,37,200,2,239,69,0,69,308
03/21/2021,MKC,MO,ACE,CE,Towers with Radar,0,54,37,0,91,0,2,47,0,49,0,56,84,0,140,20,0,20,160
03/22/2021,MKC,MO,ACE,CE,Towers with Radar,1,32,32,0,65,0,7,61,0,68,1,39,93,0,133,54,0,54,187
03/23/2021,MKC,MO,ACE,CE,Towers with Radar,0,44,38,3,85,0,0,5,0,5,0,44,43,3,90,10,0,10,100
03/24/2021,MKC,MO,ACE,CE,Towers with Radar,0,51,65,0,116,0,0,26,0,26,0,51,91,0,142,79,0,79,221
03/25/2021,MKC,MO,ACE,CE,Towers with Radar,0,38,55,0,93,0,1,0,0,1,0,39,55,0,94,0,0,0,94
03/26/2021,MKC,MO,ACE,CE,Towers with Radar,0,46,46,2,94,0,3,100,0,103,0,49,146,2,197,206,0,206,403
03/27/2021,MKC,MO,ACE,CE,Towers with Radar,0,39,27,0,66,0,7,121,0,128,0,46,148,0,194,131,0,131,325
03/28/2021,MKC,MO,ACE,CE,Towers with Radar,0,31,33,0,64,0,4,108,0,112,0,35,141,0,176,96,0,96,272
03/29/2021,MKC,MO,ACE,CE,Towers with Radar,2,39,35,2,78,0,1,26,0,27,2,40,61,2,105,2,0,2,107
03/30/2021,MKC,MO,ACE,CE,Towers with Radar,1,54,41,3,99,0,5,24,3,32,1,59,65,6,131,44,0,44,175
03/31/2021,MKC,MO,ACE,CE,Towers with Radar,0,34,68,1,103,0,1,83,0,84,0,35,151,1,187,62,0,62,249
04/01/2021,MKC,MO,ACE,CE,Towers with Radar,0,46,45,6,97,0,0,122,5,127,0,46,167,11,224,62,2,64,288
04/02/2021,MKC,MO,ACE,CE,Towers with Radar,0,43,37,1,81,0,1,87,0,88,0,44,124,1,169,60,0,60,229
04/03/2021,MKC,MO,ACE,CE,Towers with Radar,2,26,25,2,55,0,4,126,1,131,2,30,151,3,186,60,0,60,246
04/04/2021,MKC,MO,ACE,CE,Towers with Radar,3,16,13,0,32,0,6,66,0,72,3,22,79,0,104,10,0,10,114
04/05/2021,MKC,MO,ACE,CE,Towers with Radar,0,38,53,0,91,0,6,76,0,82,0,44,129,0,173,152,0,152,325
04/06/2021,MKC,MO,ACE,CE,Towers with Radar,0,52,31,0,83,0,0,59,0,59,0,52,90,0,142,72,0,72,214
04/07/2021,MKC,MO,ACE,CE,Towers with Radar,0,39,26,0,65,0,2,7,0,9,0,41,33,0,74,36,0,36,110
04/08/2021,MKC,MO,ACE,CE,Towers with Radar,0,57,61,0,118,0,0,0,4,4,0,57,61,4,122,0,0,0,122
04/09/2021,MKC,MO,ACE,CE,Towers with Radar,0,50,54,0,104,0,1,91,0,92,0,51,145,0,196,225,0,225,421
04/10/2021,MKC,MO,ACE,CE,Towers with Radar,0,41,29,2,72,0,2,86,0,88,0,43,115,2,160,45,6,51,211
04/11/2021,MKC,MO,ACE,CE,Towers with Radar,4,25,38,2,69,0,20,84,5,109,4,45,122,7,178,74,0,74,252
04/12/2021,MKC,MO,ACE,CE,Towers with Radar,0,27,41,1,69,0,6,49,7,62,0,33,90,8,131,118,0,118,249
04/13/2021,MKC,MO,ACE,CE,Towers with Radar,0,50,66,4,120,0,7,98,5,110,0,57,164,9,230,80,0,80,310
04/14/2021,MKC,MO,ACE,CE,Towers with Radar,1,57,57,4,119,0,9,122,2,133,1,66,179,6,252,128,0,128,380
04/15/2021,MKC,MO,ACE,CE,Towers with Radar,0,34,63,5,102,0,4,120,9,133,0,38,183,14,235,106,2,108,343
04/16/2021,MKC,MO,ACE,CE,Towers with Radar,0,60,39,0,99,0,0,29,0,29,0,60,68,0,128,95,0,95,223
04/17/2021,MKC,MO,ACE,CE,Towers with Radar,2,30,25,0,57,0,6,62,0,68,2,36,87,0,125,60,0,60,185
04/18/2021,MKC,MO,ACE,CE,Towers with Radar,5,23,33,0,61,0,2,78,4,84,5,25,111,4,145,126,2,128,273
04/19/2021,MKC,MO,ACE,CE,Towers with Radar,0,27,43,0,70,0,3,57,0,60,0,30,100,0,130,144,4,148,278
04/20/2021,MKC,MO,ACE,CE,Towers with Radar,0,43,41,0,84,0,6,48,1,55,0,49,89,1,139,38,0,38,177
04/21/2021,MKC,MO,ACE,CE,Towers with Radar,1,33,39,0,73,0,7,76,1,84,1,40,115,1,157,74,0,74,231
04/22/2021,MKC,MO,ACE,CE,Towers with Radar,5,61,49,0,115,0,8,144,0,152,5,69,193,0,267,132,0,132,399
04/23/2021,MKC,MO,ACE,CE,Towers with Radar,2,53,44,0,99,0,9,39,0,48,2,62,83,0,147,11,0,11,158
04/24/2021,MKC,MO,ACE,CE,Towers with Radar,0,44,34,1,79,0,0,71,5,76,0,44,105,6,155,178,0,178,333
04/25/2021,MKC,MO,ACE,CE,Towers with Radar,0,29,50,0,79,0,11,104,2,117,0,40,154,2,196,58,0,58,254
04/26/2021,MKC,MO,ACE,CE,Towers with Radar,0,40,38,0,78,0,6,13,0,19,0,46,51,0,97,0,0,0,97
04/27/2021,MKC,MO,ACE,CE,Towers with Radar,0,70,44,0,114,0,0,55,0,55,0,70,99,0,169,64,0,64,233
04/28/2021,MKC,MO,ACE,CE,Towers with Radar,0,64,49,4,117,0,0,10,0,10,0,64,59,4,127,26,0,26,153
04/29/2021,MKC,MO,ACE,CE,Towers with Radar,2,49,56,1,108,0,4,102,7,113,2,53,158,8,221,84,0,84,305
04/30/2021,MKC,MO,ACE,CE,Towers with Radar,2,54,47,0,103,0,9,143,6,158,2,63,190,6,261,107,0,107,368
05/01/2021,MKC,MO,ACE,CE,Towers with Radar,0,41,40,0,81,0,7,97,2,106,0,48,137,2,187,72,0,72,259
05/02/2021,MKC,MO,ACE,CE,Towers with Radar,8,48,60,0,116,0,5,56,0,61,8,53,116,0,177,94,0,94,271
05/03/2021,MKC,MO,ACE,CE,Towers with Radar,0,37,55,0,92,0,0,32,1,33,0,37,87,1,125,41,0,41,166
05/04/2021,MKC,MO,ACE,CE,Towers with Radar,0,49,47,2,98,0,12,61,0,73,0,61,108,2,171,44,2,46,217
05/05/2021,MKC,MO,ACE,CE,Towers with Radar,2,45,67,0,114,0,8,172,2,182,2,53,239,2,296,126,0,126,422
05/06/2021,MKC,MO,ACE,CE,Towers with Radar,2,57,80,2,141,0,6,75,1,82,2,63,155,3,223,62,0,62,285
05/07/2021,MKC,MO,ACE,CE,Towers with Radar,0,49,54,2,105,0,5,106,2,113,0,54,160,4,218,137,2,139,357
05/08/2021,MKC,MO,ACE,CE,Towers with Radar,0,32,35,0,67,0,0,45,1,46,0,32,80,1,113,34,0,34,147
05/09/2021,MKC,MO,ACE,CE,Towers with Radar,2,50,18,0,70,0,2,7,8,17,2,52,25,8,87,8,0,8,95
05/10/2021,MKC,MO,ACE,CE,Towers with Radar,2,29,44,0,75,0,3,87,1,91,2,32,131,1,166,66,0,66,232
05/11/2021,MKC,MO,ACE,CE,Towers with Radar,2,49,54,0,105,0,9,92,2,103,2,58,146,2,208,172,0,172,380
05/12/2021,MKC,MO,ACE,CE,Towers with Radar,2,44,63,3,112,0,6,135,6,147,2,50,198,9,259,102,0,102,361
05/13/2021,MKC,MO,ACE,CE,Towers with Radar,2,52,71,3,128,0,11,149,4,164,2,63,220,7,292,148,0,148,440
05/14/2021,MKC,MO,ACE,CE,Towers with Radar,0,47,69,3,119,0,5,79,3,87,0,52,148,6,206,90,0,90,296
05/15/2021,MKC,MO,ACE,CE,Towers with Radar,3,28,33,2,66,0,11,61,0,72,3,39,94,2,138,156,0,156,294
05/16/2021,MKC,MO,ACE,CE,Towers with Radar,3,28,24,1,56,0,0,0,0,0,3,28,24,1,56,4,0,4,60
05/17/2021,MKC,MO,ACE,CE,Towers with Radar,2,30,56,1,89,0,0,0,1,1,2,30,56,2,90,12,0,12,102
05/18/2021,MKC,MO,ACE,CE,Towers with Radar,0,69,45,2,116,0,0,73,1,74,0,69,118,3,190,96,0,96,286
05/19/2021,MKC,MO,ACE,CE,Towers with Radar,1,54,70,0,125,0,4,42,0,46,1,58,112,0,171,60,0,60,231
05/20/2021,MKC,MO,ACE,CE,Towers with Radar,1,66,56,0,123,0,1,20,0,21,1,67,76,0,144,134,0,134,278
05/21/2021,MKC,MO,ACE,CE,Towers with Radar,2,53,35,0,90,0,5,33,0,38,2,58,68,0,128,130,0,130,258
05/22/2021,MKC,MO,ACE,CE,Towers with Radar,0,51,27,0,78,1,2,16,0,19,1,53,43,0,97,53,0,53,150
05/23/2021,MKC,MO,ACE,CE,Towers with Radar,2,39,39,0,80,0,12,93,2,107,2,51,132,2,187,98,0,98,285
05/24/2021,MKC,MO,ACE,CE,Towers with Radar,2,48,48,0,98,0,6,108,5,119,2,54,156,5,217,262,0,262,479
05/25/2021,MKC,MO,ACE,CE,Towers with Radar,0,56,55,2,113,0,12,63,0,75,0,68,118,2,188,265,2,267,455
05/26/2021,MKC,MO,ACE,CE,Towers with Radar,0,34,68,3,105,0,7,122,1,130,0,41,190,4,235,173,0,173,408
05/27/2021,MKC,MO,ACE,CE,Towers with Radar,0,46,37,6,89,0,0,20,0,20,0,46,57,6,109,36,0,36,145
05/28/2021,MKC,MO,ACE,CE,Towers with Radar,1,61,58,2,122,0,2,59,0,61,1,63,117,2,183,95,0,95,278
05/29/2021,MKC,MO,ACE,CE,Towers with Radar,3,32,45,0,80,0,35,104,0,139,3,67,149,0,219,124,0,124,343
05/30/2021,MKC,MO,ACE,CE,Towers with Radar,4,21,15,0,40,0,23,69,4,96,4,44,84,4,136,61,0,61,197
05/31/2021,MKC,MO,ACE,CE,Towers with Radar,0,35,54,0,89,0,0,8,0,8,0,35,62,0,97,4,0,4,101
06/01/2021,MKC,MO,ACE,CE,Towers with Radar,1,36,71,1,109,0,0,82,1,83,1,36,153,2,192,104,0,104,296
06/02/2021,MKC,MO,ACE,CE,Towers with Radar,1,42,56,0,99,0,5,137,5,147,1,47,193,5,246,96,0,96,342
06/03/2021,MKC,MO,ACE,CE,Towers with Radar,2,49,51,1,103,0,4,110,3,117,2,53,161,4,220,124,4,128,348
06/04/2021,MKC,MO,ACE,CE,Towers with Radar,0,45,38,0,83,0,11,114,5,130,0,56,152,5,213,48,0,48,261
06/05/2021,MKC,MO,ACE,CE,Towers with Radar,0,44,39,0,83,0,30,116,1,147,0,74,155,1,230,109,0,109,339
06/06/2021,MKC,MO,ACE,CE,Towers with Radar,4,25,46,2,77,0,2,33,0,35,4,27,79,2,112,65,0,65,177
06/07/2021,MKC,MO,ACE,CE,Towers with Radar,0,41,43,1,85,0,4,132,0,136,0,45,175,1,221,202,0,202,423
06/08/2021,MKC,MO,ACE,CE,Towers with Radar,0,57,48,0,105,0,8,114,10,132,0,65,162,10,237,205,2,207,444
06/09/2021,MKC,MO,ACE,CE,Towers with Radar,0,60,70,0,130,0,5,159,4,168,0,65,229,4,298,127,0,127,425
06/10/2021,MKC,MO,ACE,CE,Towers with Radar,0,64,68,2,134,0,0,119,1,120,0,64,187,3,254,172,2,174,428
06/11/2021,MKC,MO,ACE,CE,Towers with Radar,1,74,41,3,119,0,11,58,0,69,1,85,99,3,188,86,0,86,274
06/12/2021,MKC,MO,ACE,CE,Towers with Radar,1,37,47,0,85,0,22,110,0,132,1,59,157,0,217,161,0,161,378
06/13/2021,MKC,MO,ACE,CE,Towers with Radar,1,35,54,0,90,0,9,102,1,112,1,44,156,1,202,130,0,130,332
06/14/2021,MKC,MO,ACE,CE,Towers with Radar,1,29,65,0,95,0,22,101,0,123,1,51,166,0,218,264,0,264,482
06/15/2021,MKC,MO,ACE,CE,Towers with Radar,0,32,54,0,86,0,18,134,2,154,0,50,188,2,240,237,0,237,477
06/16/2021,MKC,MO,ACE,CE,Towers with Radar,0,43,69,0,112,0,6,95,3,104,0,49,164,3,216,222,0,222,438
06/17/2021,MKC,MO,ACE,CE,Towers with Radar,2,56,73,0,131,0,9,100,4,113,2,65,173,4,244,169,0,169,413
06/18/2021,MKC,MO,ACE,CE,Towers with Radar,2,42,53,2,99,0,3,98,0,101,2,45,151,2,200,15,0,15,215
06/19/2021,MKC,MO,ACE,CE,Towers with Radar,0,29,26,3,58,0,54,111,0,165,0,83,137,3,223,62,0,62,285
06/20/2021,MKC,MO,ACE,CE,Towers with Radar,4,35,31,1,71,0,10,41,0,51,4,45,72,1,122,24,0,24,146
06/21/2021,MKC,MO,ACE,CE,Towers with Radar,3,32,39,2,76,0,9,106,2,117,3,41,145,4,193,189,2,191,384
06/22/2021,MKC,MO,ACE,CE,Towers with Radar,1,56,85,0,142,0,11,140,4,155,1,67,225,4,297,104,0,104,401
06/23/2021,MKC,MO,ACE,CE,Towers with Radar,2,56,75,2,135,0,9,107,7,123,2,65,182,9,258,132,0,132,390
06/24/2021,MKC,MO,ACE,CE,Towers with Radar,0,45,60,1,106,0,4,18,0,22,0,49,78,1,128,92,0,92,220
06/25/2021,MKC,MO,ACE,CE,Towers with Radar,1,44,48,0,93,0,0,9,0,9,1,44,57,0,102,40,0,40,142
06/26/2021,MKC,MO,ACE,CE,Towers with Radar,1,48,48,0,97,0,3,58,0,61,1,51,106,0,158,52,0,52,210
06/27/2021,MKC,MO,ACE,CE,Towers with Radar,0,37,50,0,87,0,5,77,0,82,0,42,127,0,169,90,0,90,259
06/28/2021,MKC,MO,ACE,CE,Towers with Radar,0,30,34,2,66,1,3,34,0,38,1,33,68,2,104,145,0,145,249
06/29/2021,MKC,MO,ACE,CE,Towers with Radar,0,59,56,3,118,0,4,30,0,34,0,63,86,3,152,186,0,186,338
06/30/2021,MKC,MO,ACE,CE,Towers with Radar,0,61,41,1,103,0,3,5,0,8,0,64,46,1,111,2,0,2,113
07/01/2021,MKC,MO,ACE,CE,Towers with Radar,3,67,66,2,138,0,2,73,5,80,3,69,139,7,218,138,1,139,357
07/02/2021,MKC,MO,ACE,CE,Towers with Radar,1,51,51,2,105,0,10,119,6,135,1,61,170,8,240,151,0,151,391
07/03/2021,MKC,MO,ACE,CE,Towers with Radar,1,54,30,0,85,0,23,89,4,116,1,77,119,4,201,107,0,107,308
07/04/2021,MKC,MO,ACE,CE,Towers with Radar,3,12,30,0,45,0,9,41,6,56,3,21,71,6,101,40,0,40,141
07/05/2021,MKC,MO,ACE,CE,Towers with Radar,2,55,37,2,96,0,16,122,2,140,2,71,159,4,236,28,0,28,264
07/06/2021,MKC,MO,ACE,CE,Towers with Radar,1,56,55,1,113,0,11,90,4,105,1,67,145,5,218,125,0,125,343
07/07/2021,MKC,MO,ACE,CE,Towers with Radar,5,70,46,0,121,0,4,72,1,77,5,74,118,1,198,98,0,98,296
07/08/2021,MKC,MO,ACE,CE,Towers with Radar,0,78,48,0,126,0,11,86,4,101,0,89,134,4,227,116,0,116,343
07/09/2021,MKC,MO,ACE,CE,Towers with Radar,0,53,45,1,99,0,5,57,5,67,0,58,102,6,166,71,0,71,237
07/10/2021,MKC,MO,ACE,CE,Towers with Radar,0,29,36,0,65,0,31,26,0,57,0,60,62,0,122,62,0,62,184
07/11/2021,MKC,MO,ACE,CE,Towers with Radar,2,24,35,0,61,0,2,16,0,18,2,26,51,0,79,4,0,4,83
07/12/2021,MKC,MO,ACE,CE,Towers with Radar,0,43,59,0,102,0,14,75,0,89,0,57,134,0,191,83,0,83,274
07/13/2021,MKC,MO,ACE,CE,Towers with Radar,0,65,65,2,132,0,12,148,4,164,0,77,213,6,296,213,0,213,509
07/14/2021,MKC,MO,ACE,CE,Towers with Radar,0,41,71,2,114,0,3,99,4,106,0,44,170,6,220,90,0,90,310
07/15/2021,MKC,MO,ACE,CE,Towers with Radar,4,50,59,1,114,0,3,4,2,9,4,53,63,3,123,0,0,0,123
07/16/2021,MKC,MO,ACE,CE,Towers with Radar,4,55,77,0,136,0,3,57,2,62,4,58,134,2,198,120,0,120,318
07/17/2021,MKC,MO,ACE,CE,Towers with Radar,0,46,36,0,82,0,21,76,0,97,0,67,112,0,179,55,0,55,234
07/18/2021,MKC,MO,ACE,CE,Towers with Radar,4,38,48,0,90,0,8,95,0,103,4,46,143,0,193,37,0,37,230
07/19/2021,MKC,MO,ACE,CE,Towers with Radar,4,41,67,2,114,0,17,100,1,118,4,58,167,3,232,132,0,132,364
07/20/2021,MKC,MO,ACE,CE,Towers with Radar,1,59,64,6,130,0,8,118,8,134,1,67,182,14,264,203,2,205,469
07/21/2021,MKC,MO,ACE,CE,Towers with Radar,3,53,66,0,122,0,6,138,0,144,3,59,204,0,266,166,0,166,432
07/22/2021,MKC,MO,ACE,CE,Towers with Radar,0,53,66,0,119,0,10,108,0,118,0,63,174,0,237,147,0,147,384
07/23/2021,MKC,MO,ACE,CE,Towers with Radar,0,59,58,0,117,0,10,119,0,129,0,69,177,0,246,66,0,66,312
07/24/2021,MKC,MO,ACE,CE,Towers with Radar,2,40,42,0,84,0,41,74,0,115,2,81,116,0,199,36,0,36,235
07/25/2021,MKC,MO,ACE,CE,Towers with Radar,0,33,61,0,94,0,3,62,4,69,0,36,123,4,163,74,0,74,237
07/26/2021,MKC,MO,ACE,CE,Towers with Radar,4,48,65,0,117,0,8,97,0,105,4,56,162,0,222,101,0,101,323
07/27/2021,MKC,MO,ACE,CE,Towers with Radar,0,48,47,2,97,0,14,120,0,134,0,62,167,2,231,127,0,127,358
07/28/2021,MKC,MO,ACE,CE,Towers with Radar,0,67,66,0,133,0,13,117,2,132,0,80,183,2,265,132,0,132,397
07/29/2021,MKC,MO,ACE,CE,Towers with Radar,4,71,58,0,133,0,1,81,2,84,4,72,139,2,217,130,0,130,347
07/30/2021,MKC,MO,ACE,CE,Towers with Radar,1,45,71,0,117,0,9,65,3,77,1,54,136,3,194,73,0,73,267
07/31/2021,MKC,MO,ACE,CE,Towers with Radar,0,29,45,1,75,0,29,45,2,76,0,58,90,3,151,115,0,115,266
08/01/2021,MKC,MO,ACE,CE,Towers with Radar,1,49,43,1,94,0,9,80,5,94,1,58,123,6,188,157,0,157,345
08/02/2021,MKC,MO,ACE,CE,Towers with Radar,0,36,50,0,86,0,12,114,0,126,0,48,164,0,212,126,0,126,338
08/03/2021,MKC,MO,ACE,CE,Towers with Radar,2,72,41,0,115,0,15,117,1,133,2,87,158,1,248,71,0,71,319
08/04/2021,MKC,MO,ACE,CE,Towers with Radar,0,65,57,0,122,0,12,104,0,116,0,77,161,0,238,176,0,176,414
08/05/2021,MKC,MO,ACE,CE,Towers with Radar,2,58,58,0,118,0,7,92,4,103,2,65,150,4,221,163,0,163,384
08/06/2021,MKC,MO,ACE,CE,Towers with Radar,0,50,53,6,109,0,10,81,1,92,0,60,134,7,201,151,0,151,352
08/07/2021,MKC,MO,ACE,CE,Towers with Radar,2,54,51,0,107,0,37,103,0,140,2,91,154,0,247,76,0,76,323
08/08/2021,MKC,MO,ACE,CE,Towers with Radar,5,51,35,0,91,0,3,43,1,47,5,54,78,1,138,49,0,49,187
08/09/2021,MKC,MO,ACE,CE,Towers with Radar,0,36,58,0,94,0,9,96,0,105,0,45,154,0,199,84,0,84,283
08/10/2021,MKC,MO,ACE,CE,Towers with Radar,0,45,51,0,96,0,5,67,2,74,0,50,118,2,170,44,0,44,214
08/11/2021,MKC,MO,ACE,CE,Towers with Radar,0,54,69,2,125,0,12,73,0,85,0,66,142,2,210,47,0,47,257
08/12/2021,MKC,MO,ACE,CE,Towers with Radar,2,55,66,0,123,0,11,54,0,65,2,66,120,0,188,98,0,98,286
08/13/2021,MKC,MO,ACE,CE,Towers with Radar,1,59,65,0,125,0,0,60,0,60,1,59,125,0,185,113,2,115,300
08/14/2021,MKC,MO,ACE,CE,Towers with Radar,2,51,49,0,102,0,25,117,2,144,2,76,166,2,246,67,0,67,313
08/15/2021,MKC,MO,ACE,CE,Towers with Radar,5,33,59,1,98,0,5,81,0,86,5,38,140,1,184,47,0,47,231
08/16/2021,MKC,MO,ACE,CE,Towers with Radar,3,47,70,2,122,0,16,113,0,129,3,63,183,2,251,138,0,138,389
08/17/2021,MKC,MO,ACE,CE,Towers with Radar,0,47,53,0,100,0,8,109,0,117,0,55,162,0,217,211,0,211,428
08/18/2021,MKC,MO,ACE,CE,Towers with Radar,0,40,55,0,95,0,14,101,0,115,0,54,156,0,210,183,0,183,393
08/19/2021,MKC,MO,ACE,CE,Towers with Radar,6,51,85,0,142,0,5,64,4,73,6,56,149,4,215,136,0,136,351
08/20/2021,MKC,MO,ACE,CE,Towers with Radar,2,41,50,2,95,0,2,52,2,56,2,43,102,4,151,175,0,175,326
08/21/2021,MKC,MO,ACE,CE,Towers with Radar,2,51,34,0,87,0,20,91,0,111,2,71,125,0,198,34,0,34,232
08/22/2021,MKC,MO,ACE,CE,Towers with Radar,0,49,51,2,102,0,20,63,1,84,0,69,114,3,186,100,0,100,286
08/23/2021,MKC,MO,ACE,CE,Towers with Radar,0,48,39,0,87,0,5,90,1,96,0,53,129,1,183,91,0,91,274
08/24/2021,MKC,MO,ACE,CE,Towers with Radar,0,64,54,0,118,0,15,78,2,95,0,79,132,2,213,73,0,73,286
08/25/2021,MKC,MO,ACE,CE,Towers with Radar,0,62,51,0,113,0,13,88,2,103,0,75,139,2,216,139,0,139,355
08/26/2021,MKC,MO,ACE,CE,Towers with Radar,0,61,57,2,120,0,20,134,2,156,0,81,191,4,276,108,0,108,384
08/27/2021,MKC,MO,ACE,CE,Towers with Radar,0,67,75,2,144,0,13,108,4,125,0,80,183,6,269,116,0,116,385
08/28/2021,MKC,MO,ACE,CE,Towers with Radar,1,51,36,0,88,0,29,77,0,106,1,80,113,0,194,39,0,39,233
08/29/2021,MKC,MO,ACE,CE,Towers with Radar,3,26,42,0,71,0,3,47,4,54,3,29,89,4,125,37,0,37,162
08/30/2021,MKC,MO,ACE,CE,Towers with Radar,2,33,69,0,104,0,6,87,1,94,2,39,156,1,198,155,0,155,353
08/31/2021,MKC,MO,ACE,CE,Towers with Radar,0,50,45,0,95,0,10,58,1,69,0,60,103,1,164,170,0,170,334
09/01/2021,MKC,MO,ACE,CE,Towers with Radar,0,54,76,6,136,0,11,81,0,92,0,65,157,6,228,151,0,151,379
09/02/2021,MKC,MO,ACE,CE,Towers with Radar,6,68,66,2,142,0,5,80,2,87,6,73,146,4,229,72,0,72,301
09/03/2021,MKC,MO,ACE,CE,Towers with Radar,0,59,56,0,115,0,3,18,1,22,0,62,74,1,137,60,0,60,197
09/04/2021,MKC,MO,ACE,CE,Towers with Radar,2,37,33,0,72,0,3,21,1,25,2,40,54,1,97,32,0,32,129
09/05/2021,MKC,MO,ACE,CE,Towers with Radar,4,24,27,0,55,0,6,102,0,108,4,30,129,0,163,50,0,50,213
09/06/2021,MKC,MO,ACE,CE,Towers with Radar,0,43,48,0,91,0,14,107,2,123,0,57,155,2,214,238,0,238,452
09/07/2021,MKC,MO,ACE,CE,Towers with Radar,0,46,42,1,89,0,5,77,1,83,0,51,119,2,172,42,0,42,214
09/08/2021,MKC,MO,ACE,CE,Towers with Radar,0,47,54,0,101,1,9,76,1,87,1,56,130,1,188,153,10,163,351
09/09/2021,MKC,MO,ACE,CE,Towers with Radar,0,54,58,1,113,0,15,115,4,134,0,69,173,5,247,167,0,167,414
09/10/2021,MKC,MO,ACE,CE,Towers with Radar,1,54,70,2,127,0,13,111,4,128,1,67,181,6,255,122,0,122,377
09/11/2021,MKC,MO,ACE,CE,Towers with Radar,1,49,59,1,110,0,2,202,2,206,1,51,261,3,316,144,0,144,460
09/12/2021,MKC,MO,ACE,CE,Towers with Radar,3,76,122,0,201,0,3,65,0,68,3,79,187,0,269,34,0,34,303
09/13/2021,MKC,MO,ACE,CE,Towers with Radar,0,34,58,0,92,0,5,84,2,91,0,39,142,2,183,162,0,162,345
09/14/2021,MKC,MO,ACE,CE,Towers with Radar,0,54,63,0,117,0,8,76,2,86,0,62,139,2,203,94,0,94,297
09/15/2021,MKC,MO,ACE,CE,Towers with Radar,3,57,71,0,131,0,5,115,3,123,3,62,186,3,254,133,0,133,387
09/16/2021,MKC,MO,ACE,CE,Towers with Radar,2,73,71,0,146,0,21,132,1,154,2,94,203,1,300,114,2,116,416
09/17/2021,MKC,MO,ACE,CE,Towers with Radar,0,55,44,1,100,0,7,111,2,120,0,62,155,3,220,99,0,99,319
09/18/2021,MKC,MO,ACE,CE,Towers with Radar,0,42,26,0,68,0,21,95,7,123,0,63,121,7,191,75,0,75,266
09/19/2021,MKC,MO,ACE,CE,Towers with Radar,4,45,45,0,94,0,4,91,0,95,4,49,136,0,189,79,0,79,268
09/20/2021,MKC,MO,ACE,CE,Towers with Radar,0,47,50,0,97,0,6,43,1,50,0,53,93,1,147,52,0,52,199
09/21/2021,MKC,MO,ACE,CE,Towers with Radar,0,49,39,0,88,0,12,90,2,104,0,61,129,2,192,125,0,125,317
09/22/2021,MKC,MO,ACE,CE,Towers with Radar,0,63,81,0,144,0,8,105,2,115,0,71,186,2,259,105,0,105,364
09/23/2021,MKC,MO,ACE,CE,Towers with Radar,0,64,57,0,121,0,20,111,4,135,0,84,168,4,256,78,0,78,334
09/24/2021,MKC,MO,ACE,CE,Towers with Radar,2,62,45,2,111,0,3,51,0,54,2,65,96,2,165,69,0,69,234
09/25/2021,MKC,MO,ACE,CE,Towers with Radar,0,48,51,0,99,0,11,148,0,159,0,59,199,0,258,86,0,86,344
09/26/2021,MKC,MO,ACE,CE,Towers with Radar,2,54,85,0,141,0,5,55,0,60,2,59,140,0,201,6,0,6,207
09/27/2021,MKC,MO,ACE,CE,Towers with Radar,4,49,61,0,114,0,1,59,1,61,4,50,120,1,175,50,0,50,225
09/28/2021,MKC,MO,ACE,CE,Towers with Radar,0,60,35,0,95,0,11,92,3,106,0,71,127,3,201,152,0,152,353
09/29/2021,MKC,MO,ACE,CE,Towers with Radar,2,52,49,0,103,0,7,106,2,115,2,59,155,2,218,142,0,142,360
09/30/2021,MKC,MO,ACE,CE,Towers with Radar,3,73,43,0,119,0,2,54,1,57,3,75,97,1,176,156,0,156,332
10/01/2021,MKC,MO,ACE,CE,Towers with Radar,2,60,85,0,147,0,2,28,0,30,2,62,113,0,177,145,0,145,322
10/02/2021,MKC,MO,ACE,CE,Towers with Radar,6,43,42,0,91,0,0,45,0,45,6,43,87,0,136,89,0,89,225
10/03/2021,MKC,MO,ACE,CE,Towers with Radar,3,50,65,0,118,0,12,60,1,73,3,62,125,1,191,135,0,135,326
10/04/2021,MKC,MO,ACE,CE,Towers with Radar,0,47,52,0,99,0,15,109,6,130,0,62,161,6,229,102,3,105,334
10/05/2021,MKC,MO,ACE,CE,Towers with Radar,0,53,65,0,118,0,15,86,0,101,0,68,151,0,219,98,0,98,317
10/06/2021,MKC,MO,ACE,CE,Towers with Radar,0,70,79,0,149,0,4,38,3,45,0,74,117,3,194,175,2,177,371
10/07/2021,MKC,MO,ACE,CE,Towers with Radar,0,71,75,0,146,0,9,80,2,91,0,80,155,2,237,110,0,110,347
10/08/2021,MKC,MO,ACE,CE,Towers with Radar,0,61,61,0,122,0,2,96,0,98,0,63,157,0,220,80,0,80,300
10/09/2021,MKC,MO,ACE,CE,Towers with Radar,0,54,52,0,106,0,8,86,0,94,0,62,138,0,200,58,0,58,258
10/10/2021,MKC,MO,ACE,CE,Towers with Radar,0,47,47,0,94,0,7,49,0,56,0,54,96,0,150,79,0,79,229
10/11/2021,MKC,MO,ACE,CE,Towers with Radar,0,39,73,0,112,0,3,14,0,17,0,42,87,0,129,0,0,0,129
10/12/2021,MKC,MO,ACE,CE,Towers with Radar,2,59,63,4,128,0,6,93,0,99,2,65,156,4,227,99,0,99,326
10/13/2021,MKC,MO,ACE,CE,Towers with Radar,0,59,65,0,124,0,5,57,1,63,0,64,122,1,187,124,0,124,311
10/14/2021,MKC,MO,ACE,CE,Towers with Radar,0,63,54,1,118,0,8,95,2,105,0,71,149,3,223,107,1,108,331
10/15/2021,MKC,MO,ACE,CE,Towers with Radar,0,58,63,1,122,0,9,109,4,122,0,67,172,5,244,123,0,123,367
10/16/2021,MKC,MO,ACE,CE,Towers with Radar,0,42,42,0,84,0,10,99,0,109,0,52,141,0,193,129,0,129,322
10/17/2021,MKC,MO,ACE,CE,Towers with Radar,0,46,65,0,111,0,11,76,4,91,0,57,141,4,202,108,0,108,310
10/18/2021,MKC,MO,ACE,CE,Towers with Radar,0,43,50,0,93,1,9,96,0,106,1,52,146,0,199,211,0,211,410
10/19/2021,MKC,MO,ACE,CE,Towers with Radar,0,58,62,2,122,0,6,76,2,84,0,64,138,4,206,162,0,162,368
10/20/2021,MKC,MO,ACE,CE,Towers with Radar,0,65,84,0,149,0,9,84,0,93,0,74,168,0,242,76,0,76,318
10/21/2021,MKC,MO,ACE,CE,Towers with Radar,1,61,85,2,149,0,14,91,2,107,1,75,176,4,256,108,0,108,364
10/22/2021,MKC,MO,ACE,CE,Towers with Radar,3,67,79,0,149,0,6,105,6,117,3,73,184,6,266,170,0,170,436
10/23/2021,MKC,MO,ACE,CE,Towers with Radar,2,52,50,2,106,0,2,38,1,41,2,54,88,3,147,115,0,115,262
10/24/2021,MKC,MO,ACE,CE,Towers with Radar,0,51,47,0,98,0,8,34,0,42,0,59,81,0,140,8,0,8,148
10/25/2021,MKC,MO,ACE,CE,Towers with Radar,0,52,65,0,117,0,0,30,1,31,0,52,95,1,148,114,0,114,262
10/26/2021,MKC,MO,ACE,CE,Towers with Radar,2,56,92,4,154,0,6,64,0,70,2,62,156,4,224,80,0,80,304
10/27/2021,MKC,MO,ACE,CE,Towers with Radar,1,42,58,1,102,0,4,10,1,15,1,46,68,2,117,29,0,29,146
10/28/2021,MKC,MO,ACE,CE,Towers with Radar,1,58,38,1,98,0,0,0,0,0,1,58,38,1,98,0,0,0,98
10/29/2021,MKC,MO,ACE,CE,Towers with Radar,0,54,70,3,127,0,3,16,0,19,0,57,86,3,146,55,0,55,201
10/30/2021,MKC,MO,ACE,CE,Towers with Radar,2,44,46,0,92,0,14,145,3,162,2,58,191,3,254,127,0,127,381
10/31/2021,MKC,MO,ACE,CE,Towers with Radar,2,37,55,1,95,0,5,82,2,89,2,42,137,3,184,87,0,87,271
11/01/2021,MKC,MO,ACE,CE,Towers with Radar,0,65,102,2,169,0,2,21,1,24,0,67,123,3,193,4,0,4,197
11/02/2021,MKC,MO,ACE,CE,Towers with Radar,0,87,68,3,158,0,6,106,4,116,0,93,174,7,274,141,0,141,415
11/03/2021,MKC,MO,ACE,CE,Towers with Radar,2,64,56,1,123,0,9,105,11,125,2,73,161,12,248,109,0,109,357
11/04/2021,MKC,MO,ACE,CE,Towers with Radar,2,61,72,1,136,0,9,108,0,117,2,70,180,1,253,120,0,120,373
11/05/2021,MKC,MO,ACE,CE,Towers with Radar,0,57,68,2,127,0,5,90,0,95,0,62,158,2,222,76,0,76,298
11/06/2021,MKC,MO,ACE,CE,Towers with Radar,2,54,46,1,103,1,7,134,3,145,3,61,180,4,248,117,0,117,365
11/07/2021,MKC,MO,ACE,CE,Towers with Radar,2,71,98,3,174,0,7,56,1,64,2,78,154,4,238,82,0,82,320
11/08/2021,MKC,MO,ACE,CE,Towers with Radar,0,62,76,1,139,0,6,84,0,90,0,68,160,1,229,160,0,160,389
11/09/2021,MKC,MO,ACE,CE,Towers with Radar,0,72,72,4,148,0,9,78,3,90,0,81,150,7,238,80,0,80,318
11/10/2021,MKC,MO,ACE,CE,Towers with Radar,0,64,66,1,131,0,4,22,4,30,0,68,88,5,161,66,0,66,227
11/11/2021,MKC,MO,ACE,CE,Towers with Radar,0,64,75,1,140,0,6,54,1,61,0,70,129,2,201,47,0,47,248
11/12/2021,MKC,MO,ACE,CE,Towers with Radar,0,56,41,0,97,0,2,7,0,9,0,58,48,0,106,0,0,0,106
11/13/2021,MKC,MO,ACE,CE,Towers with Radar,0,57,36,0,93,0,4,118,2,124,0,61,154,2,217,136,0,136,353
11/14/2021,MKC,MO,ACE,CE,Towers with Radar,0,56,62,0,118,0,12,44,0,56,0,68,106,0,174,12,0,12,186
11/15/2021,MKC,MO,ACE,CE,Towers with Radar,0,61,56,0,117,0,5,71,0,76,0,66,127,0,193,130,0,130,323
11/16/2021,MKC,MO,ACE,CE,Towers with Radar,0,59,56,4,119,0,8,88,3,99,0,67,144,7,218,194,0,194,412
11/17/2021,MKC,MO,ACE,CE,Towers with Radar,0,60,71,1,132,0,9,47,3,59,0,69,118,4,191,66,0,66,257
11/18/2021,MKC,MO,ACE,CE,Towers with Radar,2,54,74,2,132,0,12,77,0,89,2,66,151,2,221,70,0,70,291
11/19/2021,MKC,MO,ACE,CE,Towers with Radar,0,54,83,3,140,0,6,72,4,82,0,60,155,7,222,90,0,90,312
11/20/2021,MKC,MO,ACE,CE,Towers with Radar,4,53,78,0,135,0,28,155,2,185,4,81,233,2,320,113,0,113,433
11/21/2021,MKC,MO,ACE,CE,Towers with Radar,2,85,151,0,238,0,27,70,3,100,2,112,221,3,338,30,0,30,368
11/22/2021,MKC,MO,ACE,CE,Towers with Radar,0,43,68,0,111,0,4,93,2,99,0,47,161,2,210,104,0,104,314
11/23/2021,MKC,MO,ACE,CE,Towers with Radar,2,58,45,2,107,0,11,77,4,92,2,69,122,6,199,104,0,104,303
11/24/2021,MKC,MO,ACE,CE,Towers with Radar,0,59,40,0,99,0,7,65,0,72,0,66,105,0,171,104,0,104,275
11/25/2021,MKC,MO,ACE,CE,Towers with Radar,0,29,13,0,42,0,6,14,0,20,0,35,27,0,62,4,0,4,66
11/26/2021,MKC,MO,ACE,CE,Towers with Radar,0,33,25,0,58,0,9,65,3,77,0,42,90,3,135,73,0,73,208
11/27/2021,MKC,MO,ACE,CE,Towers with Radar,1,49,41,0,91,0,14,109,1,124,1,63,150,1,215,73,0,73,288
11/28/2021,MKC,MO,ACE,CE,Towers with Radar,1,51,53,1,106,0,6,98,0,104,1,57,151,1,210,49,0,49,259
11/29/2021,MKC,MO,ACE,CE,Towers with Radar,0,68,58,1,127,0,22,77,0,99,0,90,135,1,226,166,0,166,392
11/30/2021,MKC,MO,ACE,CE,Towers with Radar,0,65,40,1,106,0,5,91,7,103,0,70,131,8,209,160,0,160,369
12/01/2021,MKC,MO,ACE,CE,Towers with Radar,0,47,45,0,92,0,12,96,1,109,0,59,141,1,201,91,0,91,292
12/02/2021,MKC,MO,ACE,CE,Towers with Radar,0,64,37,0,101,0,4,116,3,123,0,68,153,3,224,155,0,155,379
12/03/2021,MKC,MO,ACE,CE,Towers with Radar,0,50,63,0,113,0,7,91,4,102,0,57,154,4,215,117,0,117,332
12/04/2021,MKC,MO,ACE,CE,Towers with Radar,2,47,56,0,105,0,11,74,1,86,2,58,130,1,191,80,0,80,271
12/05/2021,MKC,MO,ACE,CE,Towers with Radar,0,65,68,2,135,0,4,28,0,32,0,69,96,2,167,32,0,32,199
12/06/2021,MKC,MO,ACE,CE,Towers with Radar,0,64,57,5,126,0,5,59,4,68,0,69,116,9,194,121,0,121,315
12/07/2021,MKC,MO,ACE,CE,Towers with Radar,0,66,54,1,121,0,22,99,7,128,0,88,153,8,249,158,6,164,413
12/08/2021,MKC,MO,ACE,CE,Towers with Radar,0,61,56,1,118,0,9,43,5,57,0,70,99,6,175,86,0,86,261
12/09/2021,MKC,MO,ACE,CE,Towers with Radar,0,69,71,2,142,0,4,96,0,100,0,73,167,2,242,85,0,85,327
12/10/2021,MKC,MO,ACE,CE,Towers with Radar,0,48,59,0,107,0,6,21,0,27,0,54,80,0,134,48,0,48,182
12/11/2021,MKC,MO,ACE,CE,Towers with Radar,0,45,57,0,102,0,51,80,0,131,0,96,137,0,233,46,0,46,279
12/12/2021,MKC,MO,ACE,CE,Towers with Radar,0,47,67,0,114,0,27,82,0,109,0,74,149,0,223,22,0,22,245
12/13/2021,MKC,MO,ACE,CE,Towers with Radar,0,56,53,2,111,0,2,57,2,61,0,58,110,4,172,187,0,187,359
12/14/2021,MKC,MO,ACE,CE,Towers with Radar,0,58,61,2,121,1,13,47,1,62,1,71,108,3,183,184,0,184,367
12/15/2021,MKC,MO,ACE,CE,Towers with Radar,0,52,48,0,100,0,2,1,0,3,0,54,49,0,103,0,0,0,103
12/16/2021,MKC,MO,ACE,CE,Towers with Radar,0,53,75,0,128,0,8,139,0,147,0,61,214,0,275,144,0,144,419
12/17/2021,MKC,MO,ACE,CE,Towers with Radar,0,50,45,0,95,0,4,46,0,50,0,54,91,0,145,141,0,141,286
12/18/2021,MKC,MO,ACE,CE,Towers with Radar,0,31,46,0,77,0,10,59,0,69,0,41,105,0,146,34,0,34,180
12/19/2021,MKC,MO,ACE,CE,Towers with Radar,0,40,45,0,85,0,17,77,0,94,0,57,122,0,179,167,0,167,346
12/20/2021,MKC,MO,ACE,CE,Towers with Radar,0,40,53,2,95,0,12,79,0,91,0,52,132,2,186,196,0,196,382
12/21/2021,MKC,MO,ACE,CE,Towers with Radar,0,51,34,5,90,0,16,99,0,115,0,67,133,5,205,144,4,148,353
12/22/2021,MKC,MO,ACE,CE,Towers with Radar,0,59,42,2,103,0,21,107,3,131,0,80,149,5,234,217,0,217,451
12/23/2021,MKC,MO,ACE,CE,Towers with Radar,0,46,44,2,92,0,12,74,3,89,0,58,118,5,181,49,0,49,230
12/24/2021,MKC,MO,ACE,CE,Towers with Radar,0,29,17,0,46,0,1,34,0,35,0,30,51,0,81,16,0,16,97
12/25/2021,MKC,MO,ACE,CE,Towers with Radar,0,45,16,0,61,0,4,51,0,55,0,49,67,0,116,4,0,4,120
12/26/2021,MKC,MO,ACE,CE,Towers with Radar,0,51,73,1,125,0,6,21,1,28,0,57,94,2,153,0,0,0,153
12/27/2021,MKC,MO,ACE,CE,Towers with Radar,0,49,52,0,101,0,18,105,2,125,0,67,157,2,226,38,0,38,264
12/28/2021,MKC,MO,ACE,CE,Towers with Radar,0,53,33,2,88,0,8,55,0,63,0,61,88,2,151,49,0,49,200
12/29/2021,MKC,MO,ACE,CE,Towers with Radar,0,47,27,0,74,0,7,43,0,50,0,54,70,0,124,45,0,45,169
12/30/2021,MKC,MO,ACE,CE,Towers with Radar,0,54,46,0,100,0,7,66,1,74,0,61,112,1,174,34,0,34,208
12/31/2021,MKC,MO,ACE,CE,Towers with Radar,0,34,32,0,66,0,3,105,0,108,0,37,137,0,174,61,0,61,235
01/01/2022,MKC,MO,ACE,CE,Towers with Radar,0,19,4,0,23,0,0,0,0,0,0,19,4,0,23,0,0,0,23
01/02/2022,MKC,MO,ACE,CE,Towers with Radar,0,37,45,0,82,0,22,68,0,90,0,59,113,0,172,68,0,68,240
01/03/2022,MKC,MO,ACE,CE,Towers with Radar,0,48,40,0,88,0,13,83,2,98,0,61,123,2,186,140,0,140,326
01/04/2022,MKC,MO,ACE,CE,Towers with Radar,0,58,55,0,113,0,6,29,0,35,0,64,84,0,148,36,0,36,184
01/05/2022,MKC,MO,ACE,CE,Towers with Radar,0,52,30,1,83,0,2,49,3,54,0,54,79,4,137,39,0,39,176
01/06/2022,MKC,MO,ACE,CE,Towers with Radar,0,66,34,0,100,0,6,70,0,76,0,72,104,0,176,88,0,88,264
01/07/2022,MKC,MO,ACE,CE,Towers with Radar,0,50,33,0,83,0,16,79,1,96,0,66,112,1,179,77,2,79,258
01/08/2022,MKC,MO,ACE,CE,Towers with Radar,0,42,14,0,56,0,0,1,0,1,0,42,15,0,57,0,0,0,57
01/09/2022,MKC,MO,ACE,CE,Towers with Radar,0,33,40,0,73,0,6,62,1,69,0,39,102,1,142,166,0,166,308
01/10/2022,MKC,MO,ACE,CE,Towers with Radar,0,25,37,1,63,0,7,68,1,76,0,32,105,2,139,172,0,172,311
01/11/2022,MKC,MO,ACE,CE,Towers with Radar,0,48,47,0,95,0,4,64,1,69,0,52,111,1,164,170,0,170,334
01/12/2022,MKC,MO,ACE,CE,Towers with Radar,0,42,57,4,103,0,11,92,2,105,0,53,149,6,208,198,0,198,406
01/13/2022,MKC,MO,ACE,CE,Towers with Radar,0,61,55,0,116,0,10,102,0,112,0,71,157,0,228,153,0,153,381
01/14/2022,MKC,MO,ACE,CE,Towers with Radar,0,57,59,0,116,0,3,59,0,62,0,60,118,0,178,164,0,164,342
01/15/2022,MKC,MO,ACE,CE,Towers with Radar,0,39,24,0,63,0,0,0,0,0,0,39,24,0,63,0,0,0,63
01/16/2022,MKC,MO,ACE,CE,Towers with Radar,1,39,67,0,107,0,7,48,1,56,1,46,115,1,163,62,0,62,225
01/17/2022,MKC,MO,ACE,CE,Towers with Radar,1,45,77,0,123,0,10,66,0,76,1,55,143,0,199,239,0,239,438
01/18/2022,MKC,MO,ACE,CE,Towers with Radar,0,51,44,0,95,0,13,96,1,110,0,64,140,1,205,213,0,213,418
01/19/2022,MKC,MO,ACE,CE,Towers with Radar,0,52,53,3,108,0,5,59,2,66,0,57,112,5,174,46,1,47,221
01/20/2022,MKC,MO,ACE,CE,Towers with Radar,0,51,57,2,110,0,6,60,1,67,0,57,117,3,177,43,0,43,220
01/21/2022,MKC,MO,ACE,CE,Towers with Radar,0,35,59,0,94,0,4,74,1,79,0,39,133,1,173,119,0,119,292
01/22/2022,MKC,MO,ACE,CE,Towers with Radar,0,56,62,1,119,0,4,121,2,127,0,60,183,3,246,51,0,51,297
01/23/2022,MKC,MO,ACE,CE,Towers with Radar,0,80,112,1,193,0,10,71,0,81,0,90,183,1,274,78,0,78,352
01/24/2022,MKC,MO,ACE,CE,Towers with Radar,0,45,70,2,117,0,10,62,1,73,0,55,132,3,190,124,0,124,314
01/25/2022,MKC,MO,ACE,CE,Towers with Radar,0,53,70,0,123,0,10,80,0,90,0,63,150,0,213,76,0,76,289
01/26/2022,MKC,MO,ACE,CE,Towers with Radar,0,65,65,4,134,0,14,104,0,118,0,79,169,4,252,62,0,62,314
01/27/2022,MKC,MO,ACE,CE,Towers with Radar,0,52,81,0,133,0,5,85,0,90,0,57,166,0,223,96,0,96,319
01/28/2022,MKC,MO,ACE,CE,Towers with Radar,0,66,88,0,154,0,5,64,1,70,0,71,152,1,224,133,0,133,357
01/29/2022,MKC,MO,ACE,CE,Towers with Radar,0,78,81,0,159,0,0,88,0,88,0,78,169,0,247,111,8,119,366
01/30/2022,MKC,MO,ACE,CE,Towers with Radar,0,120,196,0,316,0,16,59,4,79,0,136,255,4,395,2,0,2,397
01/31/2022,MKC,MO,ACE,CE,Towers with Radar,0,49,87,0,136,0,8,73,6,87,0,57,160,6,223,154,0,154,377
02/01/2022,MKC,MO,ACE,CE,Towers with Radar,0,69,77,0,146,0,9,14,3,26,0,78,91,3,172,94,0,94,266
02/02/2022,MKC,MO,ACE,CE,Towers with Radar,0,26,13,0,39,0,3,1,1,5,0,29,14,1,44,0,0,0,44
02/03/2022,MKC,MO,ACE,CE,Towers with Radar,0,45,43,0,88,0,3,24,1,28,0,48,67,1,116,66,0,66,182
02/04/2022,MKC,MO,ACE,CE,Towers with Radar,0,48,44,0,92,0,10,89,0,99,0,58,133,0,191,66,0,66,257
02/05/2022,MKC,MO,ACE,CE,Towers with Radar,0,41,32,0,73,0,3,68,0,71,0,44,100,0,144,56,0,56,200
02/06/2022,MKC,MO,ACE,CE,Towers with Radar,0,28,27,0,55,0,4,100,2,106,0,32,127,2,161,67,0,67,228
02/07/2022,MKC,MO,ACE,CE,Towers with Radar,0,35,41,0,76,0,6,60,0,66,0,41,101,0,142,136,0,136,278
02/08/2022,MKC,MO,ACE,CE,Towers with Radar,0,55,66,1,122,0,10,76,0,86,0,65,142,1,208,154,0,154,362
02/09/2022,MKC,MO,ACE,CE,Towers with Radar,0,62,65,3,130,0,8,81,12,101,0,70,146,15,231,95,0,95,326
02/10/2022,MKC,MO,ACE,CE,Towers with Radar,0,70,66,1,137,0,0,83,1,84,0,70,149,2,221,76,0,76,297
02/11/2022,MKC,MO,ACE,CE,Towers with Radar,0,56,47,2,105,0,7,37,5,49,0,63,84,7,154,52,2,54,208
02/12/2022,MKC,MO,ACE,CE,Towers with Radar,0,44,24,0,68,0,2,94,0,96,0,46,118,0,164,69,0,69,233
02/13/2022,MKC,MO,ACE,CE,Towers with Radar,0,27,21,0,48,0,8,62,0,70,0,35,83,0,118,24,0,24,142
02/14/2022,MKC,MO,ACE,CE,Towers with Radar,0,28,46,0,74,0,18,72,0,90,0,46,118,0,164,106,0,106,270
02/15/2022,MKC,MO,ACE,CE,Towers with Radar,0,55,42,0,97,0,6,29,3,38,0,61,71,3,135,30,0,30,165
02/16/2022,MKC,MO,ACE,CE,Towers with Radar,0,59,63,0,122,0,3,16,0,19,0,62,79,0,141,2,0,2,143
02/17/2022,MKC,MO,ACE,CE,Towers with Radar,0,23,12,0,35,0,5,1,0,6,0,28,13,0,41,0,0,0,41
02/18/2022,MKC,MO,ACE,CE,Towers with Radar,0,57,60,1,118,0,3,66,1,70,0,60,126,2,188,16,0,16,204
02/19/2022,MKC,MO,ACE,CE,Towers with Radar,2,44,36,0,82,0,14,100,1,115,2,58,136,1,197,91,0,91,288
02/20/2022,MKC,MO,ACE,CE,Towers with Radar,0,33,34,0,67,0,11,82,3,96,0,44,116,3,163,82,0,82,245
02/21/2022,MKC,MO,ACE,CE,Towers with Radar,0,50,60,0,110,0,7,57,0,64,0,57,117,0,174,84,0,84,258
02/22/2022,MKC,MO,ACE,CE,Towers with Radar,2,64,55,4,125,0,4,10,0,14,2,68,65,4,139,16,0,16,155
02/23/2022,MKC,MO,ACE,CE,Towers with Radar,0,75,57,0,132,0,11,54,0,65,0,86,111,0,197,78,0,78,275
02/24/2022,MKC,MO,ACE,CE,Towers with Radar,0,48,31,0,79,0,0,0,0,0,0,48,31,0,79,0,0,0,79
02/25/2022,MKC,MO,ACE,CE,Towers with Radar,0,47,55,0,102,0,3,97,0,100,0,50,152,0,202,134,0,134,336
02/26/2022,MKC,MO,ACE,CE,Towers with Radar,2,37,30,0,69,0,11,122,2,135,2,48,152,2,204,110,0,110,314
02/27/2022,MKC,MO,ACE,CE,Towers with Radar,2,25,46,1,74,0,8,101,1,110,2,33,147,2,184,108,0,108,292
02/28/2022,MKC,MO,ACE,CE,Towers with Radar,0,48,61,2,111,0,6,82,3,91,0,54,143,5,202,73,0,73,275
03/01/2022,MKC,MO,ACE,CE,Towers with Radar,0,66,57,2,125,0,4,81,0,85,0,70,138,2,210,156,0,156,366
03/02/2022,MKC,MO,ACE,CE,Towers with Radar,0,57,76,1,134,0,4,103,2,109,0,61,179,3,243,106,0,106,349
03/03/2022,MKC,MO,ACE,CE,Towers with Radar,0,71,85,3,159,0,2,79,1,82,0,73,164,4,241,73,0,73,314
03/04/2022,MKC,MO,ACE,CE,Towers with Radar,2,56,61,0,119,0,4,59,4,67,2,60,120,4,186,125,0,125,311
03/05/2022,MKC,MO,ACE,CE,Towers with Radar,2,48,27,0,77,0,1,11,4,16,2,49,38,4,93,2,2,4,97
03/06/2022,MKC,MO,ACE,CE,Towers with Radar,0,42,37,0,79,0,2,31,1,34,0,44,68,1,113,104,0,104,217
03/07/2022,MKC,MO,ACE,CE,Towers with Radar,1,40,62,5,108,0,4,24,1,29,1,44,86,6,137,108,0,108,245
03/08/2022,MKC,MO,ACE,CE,Towers with Radar,8,50,90,2,150,0,6,71,5,82,8,56,161,7,232,99,0,99,331
03/09/2022,MKC,MO,ACE,CE,Towers with Radar,2,57,101,0,160,0,7,101,3,111,2,64,202,3,271,98,0,98,369
03/10/2022,MKC,MO,ACE,CE,Towers with Radar,0,39,39,0,78,0,0,0,0,0,0,39,39,0,78,0,0,0,78
03/11/2022,MKC,MO,ACE,CE,Towers with Radar,4,63,81,0,148,0,2,64,0,66,4,65,145,0,214,103,0,103,317
03/12/2022,MKC,MO,ACE,CE,Towers with Radar,9,62,87,1,159,0,3,72,0,75,9,65,159,1,234,91,0,91,325
03/13/2022,MKC,MO,ACE,CE,Towers with Radar,5,29,68,1,103,0,2,49,2,53,5,31,117,3,156,28,0,28,184
03/14/2022,MKC,MO,ACE,CE,Towers with Radar,0,43,38,0,81,0,4,64,1,69,0,47,102,1,150,81,0,81,231
03/15/2022,MKC,MO,ACE,CE,Towers with Radar,0,43,52,3,98,0,4,131,0,135,0,47,183,3,233,209,0,209,442
03/16/2022,MKC,MO,ACE,CE,Towers with Radar,0,70,76,0,146,0,12,116,2,130,0,82,192,2,276,76,0,76,352
03/17/2022,MKC,MO,ACE,CE,Towers with Radar,1,67,49,2,119,0,0,91,9,100,1,67,140,11,219,214,0,214,433
03/18/2022,MKC,MO,ACE,CE,Towers with Radar,2,46,30,0,78,0,0,2,0,2,2,46,32,0,80,0,0,0,80
03/19/2022,MKC,MO,ACE,CE,Towers with Radar,2,58,82,0,142,0,13,92,0,105,2,71,174,0,247,114,0,114,361
03/20/2022,MKC,MO,ACE,CE,Towers with Radar,0,72,66,0,138,0,4,60,0,64,0,76,126,0,202,44,0,44,246
03/21/2022,MKC,MO,ACE,CE,Towers with Radar,0,30,44,0,74,0,5,39,2,46,0,35,83,2,120,177,0,177,297
03/22/2022,MKC,MO,ACE,CE,Towers with Radar,0,58,68,0,126,0,0,3,0,3,0,58,71,0,129,90,0,90,219
03/23/2022,MKC,MO,ACE,CE,Towers with Radar,0,48,52,0,100,0,0,4,0,4,0,48,56,0,104,62,0,62,166
03/24/2022,MKC,MO,ACE,CE,Towers with Radar,0,53,55,0,108,0,0,21,0,21,0,53,76,0,129,234,0,234,363
03/25/2022,MKC,MO,ACE,CE,Towers with Radar,2,54,54,2,112,0,5,97,4,106,2,59,151,6,218,76,0,76,294
03/26/2022,MKC,MO,ACE,CE,Towers with Radar,2,49,53,0,104,0,8,103,0,111,2,57,156,0,215,94,0,94,309
03/27/2022,MKC,MO,ACE,CE,Towers with Radar,0,33,43,0,76,0,5,90,0,95,0,38,133,0,171,91,0,91,262
03/28/2022,MKC,MO,ACE,CE,Towers with Radar,0,33,64,2,99,0,4,67,0,71,0,37,131,2,170,99,0,99,269
03/29/2022,MKC,MO,ACE,CE,Towers with Radar,0,56,56,0,112,0,2,49,0,51,0,58,105,0,163,80,0,80,243
03/30/2022,MKC,MO,ACE,CE,Towers with Radar,0,73,40,1,114,0,4,10,0,14,0,77,50,1,128,26,0,26,154
03/31/2022,MKC,MO,ACE,CE,Towers with Radar,0,57,67,0,124,0,1,53,0,54,0,58,120,0,178,178,0,178,356
04/01/2022,MKC,MO,ACE,CE,Towers with Radar,2,70,86,0,158,0,12,126,1,139,2,82,212,1,297,109,0,109,406
04/02/2022,MKC,MO,ACE,CE,Towers with Radar,0,61,33,0,94,0,1,96,2,99,0,62,129,2,193,88,0,88,281
04/03/2022,MKC,MO,ACE,CE,Towers with Radar,2,31,59,0,92,0,2,86,1,89,2,33,145,1,181,76,0,76,257
04/04/2022,MKC,MO,ACE,CE,Towers with Radar,0,37,71,1,109,0,10,91,1,102,0,47,162,2,211,173,0,173,384
04/05/2022,MKC,MO,ACE,CE,Towers with Radar,4,70,98,5,177,0,1,47,2,50,4,71,145,7,227,134,0,134,361
04/06/2022,MKC,MO,ACE,CE,Towers with Radar,0,59,61,2,122,0,6,35,0,41,0,65,96,2,163,4,0,4,167
04/07/2022,MKC,MO,ACE,CE,Towers with Radar,0,53,68,1,122,0,4,20,1,25,0,57,88,2,147,0,0,0,147
04/08/2022,MKC,MO,ACE,CE,Towers with Radar,1,56,61,12,130,0,1,33,3,37,1,57,94,15,167,24,2,26,193
04/09/2022,MKC,MO,ACE,CE,Towers with Radar,3,47,59,0,109,0,11,154,2,167,3,58,213,2,276,76,2,78,354
04/10/2022,MKC,MO,ACE,CE,Towers with Radar,0,28,45,0,73,0,2,32,1,35,0,30,77,1,108,0,0,0,108
04/11/2022,MKC,MO,ACE,CE,Towers with Radar,4,42,77,0,123,0,4,113,0,117,4,46,190,0,240,218,0,218,458
04/12/2022,MKC,MO,ACE,CE,Towers with Radar,0,60,32,0,92,0,1,5,1,7,0,61,37,1,99,4,0,4,103
04/13/2022,MKC,MO,ACE,CE,Towers with Radar,0,60,65,0,125,0,2,89,1,92,0,62,154,1,217,119,0,119,336
04/14/2022,MKC,MO,ACE,CE,Towers with Radar,0,68,74,5,147,0,8,142,5,155,0,76,216,10,302,146,0,146,448
04/15/2022,MKC,MO,ACE,CE,Towers with Radar,0,51,53,2,106,0,9,148,0,157,0,60,201,2,263,239,0,239,502
04/16/2022,MKC,MO,ACE,CE,Towers with Radar,2,25,24,0,51,0,5,109,1,115,2,30,133,1,166,179,0,179,345
04/17/2022,MKC,MO,ACE,CE,Towers with Radar,0,26,13,0,39,0,0,3,0,3,0,26,16,0,42,0,0,0,42
04/18/2022,MKC,MO,ACE,CE,Towers with Radar,2,60,61,0,123,0,0,52,0,52,2,60,113,0,175,106,0,106,281
04/19/2022,MKC,MO,ACE,CE,Towers with Radar,0,64,89,2,155,0,3,103,2,108,0,67,192,4,263,166,0,166,429
04/20/2022,MKC,MO,ACE,CE,Towers with Radar,0,65,61,7,133,0,1,7,1,9,0,66,68,8,142,45,0,45,187
04/21/2022,MKC,MO,ACE,CE,Towers with Radar,4,51,74,3,132,0,2,94,0,96,4,53,168,3,228,90,0,90,318
04/22/2022,MKC,MO,ACE,CE,Towers with Radar,2,50,55,2,109,0,3,29,1,33,2,53,84,3,142,10,0,10,152
04/23/2022,MKC,MO,ACE,CE,Towers with Radar,1,36,27,0,64,0,1,8,2,11,1,37,35,2,75,4,2,6,81
04/24/2022,MKC,MO,ACE,CE,Towers with Radar,1,52,41,0,94,0,20,116,2,138,1,72,157,2,232,96,0,96,328
04/25/2022,MKC,MO,ACE,CE,Towers with Radar,0,40,52,0,92,0,23,112,0,135,0,63,164,0,227,154,0,154,381
04/26/2022,MKC,MO,ACE,CE,Towers with Radar,0,47,57,1,105,0,25,152,5,182,0,72,209,6,287,165,0,165,452
04/27/2022,MKC,MO,ACE,CE,Towers with Radar,0,52,94,1,147,1,9,101,2,113,1,61,195,3,260,92,0,92,352
04/28/2022,MKC,MO,ACE,CE,Towers with Radar,3,52,76,1,132,0,3,46,4,53,3,55,122,5,185,46,0,46,231
04/29/2022,MKC,MO,ACE,CE,Towers with Radar,3,56,45,2,106,0,4,10,1,15,3,60,55,3,121,26,0,26,147
04/30/2022,MKC,MO,ACE,CE,Towers with Radar,5,46,42,0,93,0,16,47,1,64,5,62,89,1,157,25,0,25,182
05/01/2022,MKC,MO,ACE,CE,Towers with Radar,3,40,56,0,99,0,11,86,4,101,3,51,142,4,200,105,0,105,305
05/02/2022,MKC,MO,ACE,CE,Towers with Radar,3,32,36,0,71,0,1,23,0,24,3,33,59,0,95,83,0,83,178
05/03/2022,MKC,MO,ACE,CE,Towers with Radar,0,67,82,1,150,0,0,8,2,10,0,67,90,3,160,90,0,90,250
05/04/2022,MKC,MO,ACE,CE,Towers with Radar,1,57,72,0,130,0,0,2,0,2,1,57,74,0,132,12,0,12,144
05/05/2022,MKC,MO,ACE,CE,Towers with Radar,2,64,50,2,118,0,0,0,0,0,2,64,50,2,118,9,0,9,127
05/06/2022,MKC,MO,ACE,CE,Towers with Radar,2,78,59,0,139,0,3,72,0,75,2,81,131,0,214,167,0,167,381
05/07/2022,MKC,MO,ACE,CE,Towers with Radar,0,41,50,1,92,0,11,120,3,134,0,52,170,4,226,117,0,117,343
05/08/2022,MKC,MO,ACE,CE,Towers with Radar,2,47,43,1,93,0,5,29,0,34,2,52,72,1,127,54,0,54,181
05/09/2022,MKC,MO,ACE,CE,Towers with Radar,1,35,47,3,86,0,4,47,0,51,1,39,94,3,137,75,0,75,212
05/10/2022,MKC,MO,ACE,CE,Towers with Radar,0,68,60,0,128,0,12,125,0,137,0,80,185,0,265,259,0,259,524
05/11/2022,MKC,MO,ACE,CE,Towers with Radar,1,62,71,0,134,0,6,123,2,131,1,68,194,2,265,166,0,166,431
05/12/2022,MKC,MO,ACE,CE,Towers with Radar,0,52,69,3,124,0,9,107,1,117,0,61,176,4,241,40,0,40,281
05/13/2022,MKC,MO,ACE,CE,Towers with Radar,2,52,55,0,109,0,1,86,1,88,2,53,141,1,197,84,0,84,281
05/14/2022,MKC,MO,ACE,CE,Towers with Radar,0,47,59,0,106,0,9,113,4,126,0,56,172,4,232,128,1,129,361
05/15/2022,MKC,MO,ACE,CE,Towers with Radar,6,36,51,0,93,0,1,29,1,31,6,37,80,1,124,65,0,65,189
05/16/2022,MKC,MO,ACE,CE,Towers with Radar,0,34,64,2,100,0,14,120,2,136,0,48,184,4,236,160,0,160,396
05/17/2022,MKC,MO,ACE,CE,Towers with Radar,1,68,90,2,161,0,14,96,1,111,1,82,186,3,272,128,0,128,400
05/18/2022,MKC,MO,ACE,CE,Towers with Radar,1,67,69,4,141,0,21,93,4,118,1,88,162,8,259,189,0,189,448
05/19/2022,MKC,MO,ACE,CE,Towers with Radar,4,73,75,2,154,0,3,138,11,152,4,76,213,13,306,163,0,163,469
05/20/2022,MKC,MO,ACE,CE,Towers with Radar,0,61,60,5,126,0,4,63,6,73,0,65,123,11,199,149,0,149,348
05/21/2022,MKC,MO,ACE,CE,Towers with Radar,2,35,32,2,71,0,10,56,3,69,2,45,88,5,140,96,2,98,238
05/22/2022,MKC,MO,ACE,CE,Towers with Radar,4,35,45,1,85,0,4,108,0,112,4,39,153,1,197,117,0,117,314
05/23/2022,MKC,MO,ACE,CE,Towers with Radar,2,50,45,2,99,0,2,90,0,92,2,52,135,2,191,119,0,119,310
05/24/2022,MKC,MO,ACE,CE,Towers with Radar,0,56,36,0,92,0,0,2,0,2,0,56,38,0,94,1,1,2,96
05/25/2022,MKC,MO,ACE,CE,Towers with Radar,1,47,59,0,107,0,0,3,0,3,1,47,62,0,110,16,0,16,126
05/26/2022,MKC,MO,ACE,CE,Towers with Radar,0,68,91,3,162,0,2,13,1,16,0,70,104,4,178,56,0,56,234
05/27/2022,MKC,MO,ACE,CE,Towers with Radar,3,46,86,0,135,0,7,170,0,177,3,53,256,0,312,58,0,58,370
05/28/2022,MKC,MO,ACE,CE,Towers with Radar,0,35,37,1,73,0,8,86,0,94,0,43,123,1,167,10,0,10,177
05/29/2022,MKC,MO,ACE,CE,Towers with Radar,2,37,18,0,57,0,3,31,2,36,2,40,49,2,93,0,0,0,93
05/30/2022,MKC,MO,ACE,CE,Towers with Radar,0,32,39,0,71,0,9,26,0,35,0,41,65,0,106,20,0,20,126
05/31/2022,MKC,MO,ACE,CE,Towers with Radar,0,42,35,0,77,0,1,6,0,7,0,43,41,0,84,60,0,60,144
06/01/2022,MKC,MO,ACE,CE,Towers with Radar,3,53,57,3,116,0,3,80,2,85,3,56,137,5,201,238,0,238,439
06/02/2022,MKC,MO,ACE,CE,Towers with Radar,2,62,81,2,147,0,12,149,4,165,2,74,230,6,312,137,0,137,449
06/03/2022,MKC,MO,ACE,CE,Towers with Radar,0,55,52,1,108,0,8,139,2,149,0,63,191,3,257,121,0,121,378
06/04/2022,MKC,MO,ACE,CE,Towers with Radar,0,32,42,1,75,0,1,58,0,59,0,33,100,1,134,69,1,70,204
06/05/2022,MKC,MO,ACE,CE,Towers with Radar,4,32,52,4,92,0,2,51,0,53,4,34,103,4,145,34,0,34,179
06/06/2022,MKC,MO,ACE,CE,Towers with Radar,2,41,56,0,99,0,2,73,3,78,2,43,129,3,177,92,0,92,269
06/07/2022,MKC,MO,ACE,CE,Towers with Radar,0,41,72,2,115,0,3,114,6,123,0,44,186,8,238,119,0,119,357
06/08/2022,MKC,MO,ACE,CE,Towers with Radar,1,66,63,5,135,0,11,71,7,89,1,77,134,12,224,98,0,98,322
06/09/2022,MKC,MO,ACE,CE,Towers with Radar,2,51,77,4,134,0,7,121,3,131,2,58,198,7,265,142,0,142,407
06/10/2022,MKC,MO,ACE,CE,Towers with Radar,0,58,42,0,100,0,7,93,1,101,0,65,135,1,201,64,0,64,265
06/11/2022,MKC,MO,ACE,CE,Towers with Radar,1,40,58,0,99,0,4,112,0,116,1,44,170,0,215,92,0,92,307
06/12/2022,MKC,MO,ACE,CE,Towers with Radar,5,45,62,0,112,0,4,59,2,65,5,49,121,2,177,62,0,62,239
06/13/2022,MKC,MO,ACE,CE,Towers with Radar,0,37,35,0,72,0,3,71,16,90,0,40,106,16,162,103,0,103,265
06/14/2022,MKC,MO,ACE,CE,Towers with Radar,0,63,63,1,127,0,2,79,14,95,0,65,142,15,222,49,0,49,271
06/15/2022,MKC,MO,ACE,CE,Towers with Radar,0,66,89,3,158,0,3,59,3,65,0,69,148,6,223,128,0,128,351
06/16/2022,MKC,MO,ACE,CE,Towers with Radar,0,57,57,0,114,0,6,123,13,142,0,63,180,13,256,196,2,198,454
06/17/2022,MKC,MO,ACE,CE,Towers with Radar,0,57,62,5,124,0,3,126,6,135,0,60,188,11,259,222,0,222,481
06/18/2022,MKC,MO,ACE,CE,Towers with Radar,2,48,43,1,94,0,2,97,3,102,2,50,140,4,196,109,0,109,305
06/19/2022,MKC,MO,ACE,CE,Towers with Radar,1,39,37,0,77,0,7,47,0,54,1,46,84,0,131,97,0,97,228
06/20/2022,MKC,MO,ACE,CE,Towers with Radar,1,41,79,0,121,0,9,134,0,143,1,50,213,0,264,141,0,141,405
06/21/2022,MKC,MO,ACE,CE,Towers with Radar,0,62,57,2,121,0,2,109,0,111,0,64,166,2,232,218,0,218,450
06/22/2022,MKC,MO,ACE,CE,Towers with Radar,0,85,67,2,154,0,10,134,0,144,0,95,201,2,298,177,0,177,475
06/23/2022,MKC,MO,ACE,CE,Towers with Radar,4,64,53,2,123,0,6,85,2,93,4,70,138,4,216,134,0,134,350
06/24/2022,MKC,MO,ACE,CE,Towers with Radar,3,59,45,0,107,0,4,57,0,61,3,63,102,0,168,69,0,69,237
06/25/2022,MKC,MO,ACE,CE,Towers with Radar,2,47,23,0,72,0,10,127,1,138,2,57,150,1,210,120,0,120,330
06/26/2022,MKC,MO,ACE,CE,Towers with Radar,2,44,47,0,93,0,4,106,0,110,2,48,153,0,203,104,0,104,307
06/27/2022,MKC,MO,ACE,CE,Towers with Radar,0,46,69,2,117,0,5,127,0,132,0,51,196,2,249,138,0,138,387
06/28/2022,MKC,MO,ACE,CE,Towers with Radar,0,62,57,2,121,0,13,178,3,194,0,75,235,5,315,238,0,238,553
06/29/2022,MKC,MO,ACE,CE,Towers with Radar,1,48,77,6,132,0,10,139,1,150,1,58,216,7,282,153,0,153,435
06/30/2022,MKC,MO,ACE,CE,Towers with Radar,2,60,92,0,154,0,18,111,2,131,2,78,203,2,285,209,0,209,494
07/01/2022,MKC,MO,ACE,CE,Towers with Radar,0,60,70,0,130,0,9,135,2,146,0,69,205,2,276,101,0,101,377
07/02/2022,MKC,MO,ACE,CE,Towers with Radar,2,32,26,0,60,0,7,18,0,25,2,39,44,0,85,14,0,14,99
07/03/2022,MKC,MO,ACE,CE,Towers with Radar,1,25,33,2,61,0,2,38,1,41,1,27,71,3,102,77,0,77,179
07/04/2022,MKC,MO,ACE,CE,Towers with Radar,1,22,14,0,37,0,8,69,0,77,1,30,83,0,114,70,0,70,184
07/05/2022,MKC,MO,ACE,CE,Towers with Radar,0,34,49,0,83,0,16,107,1,124,0,50,156,1,207,120,0,120,327
07/06/2022,MKC,MO,ACE,CE,Towers with Radar,2,57,46,3,108,0,10,139,2,151,2,67,185,5,259,189,0,189,448
07/07/2022,MKC,MO,ACE,CE,Towers with Radar,2,70,95,1,168,0,5,112,0,117,2,75,207,1,285,128,0,128,413
07/08/2022,MKC,MO,ACE,CE,Towers with Radar,0,69,78,1,148,0,8,69,1,78,0,77,147,2,226,156,0,156,382
07/09/2022,MKC,MO,ACE,CE,Towers with Radar,0,76,79,0,155,0,13,86,1,100,0,89,165,1,255,79,0,79,334
07/10/2022,MKC,MO,ACE,CE,Towers with Radar,3,60,76,0,139,0,6,92,3,101,3,66,168,3,240,115,0,115,355
07/11/2022,MKC,MO,ACE,CE,Towers with Radar,0,44,48,1,93,0,1,112,2,115,0,45,160,3,208,209,0,209,417
07/12/2022,MKC,MO,ACE,CE,Towers with Radar,1,57,73,2,133,0,16,134,3,153,1,73,207,5,286,165,0,165,451
07/13/2022,MKC,MO,ACE,CE,Towers with Radar,2,56,75,2,135,0,9,128,0,137,2,65,203,2,272,201,0,201,473
07/14/2022,MKC,MO,ACE,CE,Towers with Radar,2,66,72,1,141,0,5,125,0,130,2,71,197,1,271,154,0,154,425
07/15/2022,MKC,MO,ACE,CE,Towers with Radar,0,61,71,0,132,0,7,80,0,87,0,68,151,0,219,118,0,118,337
07/16/2022,MKC,MO,ACE,CE,Towers with Radar,2,34,50,0,86,0,4,74,0,78,2,38,124,0,164,214,0,214,378
07/17/2022,MKC,MO,ACE,CE,Towers with Radar,2,38,49,0,89,0,4,51,1,56,2,42,100,1,145,47,0,47,192
07/18/2022,MKC,MO,ACE,CE,Towers with Radar,2,42,55,1,100,0,2,109,0,111,2,44,164,1,211,266,0,266,477
07/19/2022,MKC,MO,ACE,CE,Towers with Radar,0,52,56,2,110,0,11,134,0,145,0,63,190,2,255,169,0,169,424
07/20/2022,MKC,MO,ACE,CE,Towers with Radar,0,49,62,2,113,0,9,147,8,164,0,58,209,10,277,136,0,136,413
07/21/2022,MKC,MO,ACE,CE,Towers with Radar,1,56,79,3,139,0,20,138,3,161,1,76,217,6,300,182,0,182,482
07/22/2022,MKC,MO,ACE,CE,Towers with Radar,3,53,57,2,115,0,19,120,4,143,3,72,177,6,258,178,0,178,436
07/23/2022,MKC,MO,ACE,CE,Towers with Radar,1,46,32,1,80,0,2,97,0,99,1,48,129,1,179,37,0,37,216
07/24/2022,MKC,MO,ACE,CE,Towers with Radar,1,35,41,0,77,0,1,76,4,81,1,36,117,4,158,139,0,139,297
07/25/2022,MKC,MO,ACE,CE,Towers with Radar,0,53,50,1,104,0,7,20,0,27,0,60,70,1,131,44,0,44,175
07/26/2022,MKC,MO,ACE,CE,Towers with Radar,2,50,57,0,109,0,1,33,3,37,2,51,90,3,146,133,0,133,279
07/27/2022,MKC,MO,ACE,CE,Towers with Radar,2,60,85,4,151,0,4,69,4,77,2,64,154,8,228,124,0,124,352
07/28/2022,MKC,MO,ACE,CE,Towers with Radar,2,56,75,2,135,0,1,70,1,72,2,57,145,3,207,164,0,164,371
07/29/2022,MKC,MO,ACE,CE,Towers with Radar,0,61,56,0,117,0,8,152,2,162,0,69,208,2,279,213,0,213,492
07/30/2022,MKC,MO,ACE,CE,Towers with Radar,2,49,52,0,103,0,13,102,9,124,2,62,154,9,227,167,0,167,394
07/31/2022,MKC,MO,ACE,CE,Towers with Radar,0,47,69,0,116,0,4,74,1,79,0,51,143,1,195,178,0,178,373
08/01/2022,MKC,MO,ACE,CE,Towers with Radar,0,29,41,1,71,0,10,166,2,178,0,39,207,3,249,130,0,130,379
08/02/2022,MKC,MO,ACE,CE,Towers with Radar,0,52,48,1,101,0,1,114,1,116,0,53,162,2,217,109,0,109,326
08/03/2022,MKC,MO,ACE,CE,Towers with Radar,3,48,36,0,87,0,10,56,0,66,3,58,92,0,153,187,0,187,340
08/04/2022,MKC,MO,ACE,CE,Towers with Radar,0,43,78,2,123,0,4,93,1,98,0,47,171,3,221,216,0,216,437
08/05/2022,MKC,MO,ACE,CE,Towers with Radar,1,46,69,1,117,0,5,104,5,114,1,51,173,6,231,170,0,170,401
08/06/2022,MKC,MO,ACE,CE,Towers with Radar,1,39,32,0,72,0,10,88,5,103,1,49,120,5,175,82,0,82,257
08/07/2022,MKC,MO,ACE,CE,Towers with Radar,5,30,48,4,87,0,9,98,0,107,5,39,146,4,194,86,0,86,280
08/08/2022,MKC,MO,ACE,CE,Towers with Radar,0,35,85,4,124,0,12,29,0,41,0,47,114,4,165,60,0,60,225
08/09/2022,MKC,MO,ACE,CE,Towers with Radar,0,66,59,1,126,0,4,149,0,153,0,70,208,1,279,191,0,191,470
08/10/2022,MKC,MO,ACE,CE,Towers with Radar,0,59,58,1,118,0,17,167,1,185,0,76,225,2,303,119,0,119,422
08/11/2022,MKC,MO,ACE,CE,Towers with Radar,2,56,64,0,122,0,9,184,2,195,2,65,248,2,317,174,0,174,491
08/12/2022,MKC,MO,ACE,CE,Towers with Radar,2,54,40,1,97,0,21,129,1,151,2,75,169,2,248,122,0,122,370
08/13/2022,MKC,MO,ACE,CE,Towers with Radar,0,60,33,0,93,0,2,94,0,96,0,62,127,0,189,81,0,81,270
08/14/2022,MKC,MO,ACE,CE,Towers with Radar,4,54,44,1,103,0,4,86,0,90,4,58,130,1,193,120,0,120,313
08/15/2022,MKC,MO,ACE,CE,Towers with Radar,0,48,42,0,90,0,3,84,0,87,0,51,126,0,177,113,0,113,290
08/16/2022,MKC,MO,ACE,CE,Towers with Radar,0,55,54,2,111,0,1,1,0,2,0,56,55,2,113,0,0,0,113
08/17/2022,MKC,MO,ACE,CE,Towers with Radar,0,57,55,1,113,0,7,124,2,133,0,64,179,3,246,132,0,132,378
08/18/2022,MKC,MO,ACE,CE,Towers with Radar,0,59,66,0,125,0,14,141,1,156,0,73,207,1,281,181,0,181,462
08/19/2022,MKC,MO,ACE,CE,Towers with Radar,1,58,42,0,101,0,0,54,3,57,1,58,96,3,158,69,0,69,227
08/20/2022,MKC,MO,ACE,CE,Towers with Radar,1,40,47,0,88,0,7,87,3,97,1,47,134,3,185,158,0,158,343
08/21/2022,MKC,MO,ACE,CE,Towers with Radar,7,37,42,0,86,0,9,93,7,109,7,46,135,7,195,79,0,79,274
08/22/2022,MKC,MO,ACE,CE,Towers with Radar,2,39,64,0,105,1,10,112,4,127,3,49,176,4,232,120,0,120,352
08/23/2022,MKC,MO,ACE,CE,Towers with Radar,0,48,66,3,117,0,11,146,0,157,0,59,212,3,274,152,0,152,426
08/24/2022,MKC,MO,ACE,CE,Towers with Radar,3,47,75,0,125,0,6,103,2,111,3,53,178,2,236,45,0,45,281
08/25/2022,MKC,MO,ACE,CE,Towers with Radar,3,72,77,2,154,0,6,105,4,115,3,78,182,6,269,131,0,131,400
08/26/2022,MKC,MO,ACE,CE,Towers with Radar,1,50,59,6,116,0,6,121,0,127,1,56,180,6,243,131,0,131,374
08/27/2022,MKC,MO,ACE,CE,Towers with Radar,1,43,38,1,83,0,11,90,6,107,1,54,128,7,190,52,0,52,242
08/28/2022,MKC,MO,ACE,CE,Towers with Radar,1,27,43,0,71,0,8,53,0,61,1,35,96,0,132,76,0,76,208
08/29/2022,MKC,MO,ACE,CE,Towers with Radar,2,36,45,0,83,0,1,67,0,68,2,37,112,0,151,97,0,97,248
08/30/2022,MKC,MO,ACE,CE,Towers with Radar,0,67,62,2,131,0,6,134,0,140,0,73,196,2,271,104,0,104,375
08/31/2022,MKC,MO,ACE,CE,Towers with Radar,0,51,79,1,131,0,15,142,4,161,0,66,221,5,292,197,0,197,489
09/01/2022,MKC,MO,ACE,CE,Towers with Radar,1,71,75,0,147,0,3,125,4,132,1,74,200,4,279,93,0,93,372
09/02/2022,MKC,MO,ACE,CE,Towers with Radar,1,64,47,1,113,0,9,102,2,113,1,73,149,3,226,179,0,179,405
09/03/2022,MKC,MO,ACE,CE,Towers with Radar,2,33,33,2,70,0,10,101,1,112,2,43,134,3,182,159,0,159,341
09/04/2022,MKC,MO,ACE,CE,Towers with Radar,2,30,43,0,75,0,8,33,0,41,2,38,76,0,116,20,0,20,136
09/05/2022,MKC,MO,ACE,CE,Towers with Radar,3,46,48,0,97,0,8,47,0,55,3,54,95,0,152,125,0,125,277
09/06/2022,MKC,MO,ACE,CE,Towers with Radar,1,73,73,1,148,0,9,126,3,138,1,82,199,4,286,213,0,213,499
09/07/2022,MKC,MO,ACE,CE,Towers with Radar,1,83,62,0,146,0,5,174,3,182,1,88,236,3,328,254,0,254,582
09/08/2022,MKC,MO,ACE,CE,Towers with Radar,1,66,57,0,124,0,11,131,5,147,1,77,188,5,271,257,0,257,528
09/09/2022,MKC,MO,ACE,CE,Towers with Radar,2,49,68,2,121,0,8,129,7,144,2,57,197,9,265,157,0,157,422
09/10/2022,MKC,MO,ACE,CE,Towers with Radar,0,40,55,4,99,0,2,93,3,98,0,42,148,7,197,11,0,11,208
09/11/2022,MKC,MO,ACE,CE,Towers with Radar,4,49,63,0,116,0,5,76,6,87,4,54,139,6,203,72,0,72,275
09/12/2022,MKC,MO,ACE,CE,Towers with Radar,2,49,69,0,120,0,9,118,1,128,2,58,187,1,248,149,0,149,397
09/13/2022,MKC,MO,ACE,CE,Towers with Radar,1,57,77,6,141,0,8,150,3,161,1,65,227,9,302,218,0,218,520
09/14/2022,MKC,MO,ACE,CE,Towers with Radar,1,74,84,1,160,0,18,143,2,163,1,92,227,3,323,203,0,203,526
09/15/2022,MKC,MO,ACE,CE,Towers with Radar,0,97,108,1,206,0,2,124,5,131,0,99,232,6,337,122,0,122,459
09/16/2022,MKC,MO,ACE,CE,Towers with Radar,3,66,82,1,152,0,9,131,4,144,3,75,213,5,296,181,0,181,477
09/17/2022,MKC,MO,ACE,CE,Towers with Radar,1,38,41,0,80,0,9,65,4,78,1,47,106,4,158,133,1,134,292
09/18/2022,MKC,MO,ACE,CE,Towers with Radar,2,42,53,0,97,0,11,75,0,86,2,53,128,0,183,38,0,38,221
09/19/2022,MKC,MO,ACE,CE,Towers with Radar,1,49,62,0,112,0,13,152,2,167,1,62,214,2,279,193,0,193,472
09/20/2022,MKC,MO,ACE,CE,Towers with Radar,0,69,72,3,144,0,18,120,5,143,0,87,192,8,287,154,2,156,443
09/21/2022,MKC,MO,ACE,CE,Towers with Radar,0,75,80,2,157,0,7,105,4,116,0,82,185,6,273,207,0,207,480
09/22/2022,MKC,MO,ACE,CE,Towers with Radar,2,56,88,0,146,0,14,114,0,128,2,70,202,0,274,195,0,195,469
09/23/2022,MKC,MO,ACE,CE,Towers with Radar,0,59,65,0,124,0,8,82,1,91,0,67,147,1,215,212,0,212,427
09/24/2022,MKC,MO,ACE,CE,Towers with Radar,0,34,44,0,78,0,18,135,4,157,0,52,179,4,235,146,0,146,381
09/25/2022,MKC,MO,ACE,CE,Towers with Radar,1,47,42,0,90,0,24,90,0,114,1,71,132,0,204,56,0,56,260
09/26/2022,MKC,MO,ACE,CE,Towers with Radar,2,37,44,0,83,0,8,118,2,128,2,45,162,2,211,185,0,185,396
09/27/2022,MKC,MO,ACE,CE,Towers with Radar,0,55,77,0,132,0,10,114,0,124,0,65,191,0,256,211,0,211,467
09/28/2022,MKC,MO,ACE,CE,Towers with Radar,0,65,69,0,134,0,16,120,0,136,0,81,189,0,270,141,0,141,411
09/29/2022,MKC,MO,ACE,CE,Towers with Radar,0,54,57,0,111,0,8,121,1,130,0,62,178,1,241,300,0,300,541
09/30/2022,MKC,MO,ACE,CE,Towers with Radar,2,68,84,0,154,0,19,129,0,148,2,87,213,0,302,163,0,163,465
10/01/2022,MKC,MO,ACE,CE,Towers with Radar,2,35,40,0,77,0,25,103,0,128,2,60,143,0,205,175,0,175,380
10/02/2022,MKC,MO,ACE,CE,Towers with Radar,2,39,55,0,96,0,6,87,2,95,2,45,142,2,191,129,0,129,320
10/03/2022,MKC,MO,ACE,CE,Towers with Radar,0,49,60,1,110,0,10,99,2,111,0,59,159,3,221,271,0,271,492
10/04/2022,MKC,MO,ACE,CE,Towers with Radar,0,56,62,0,118,0,6,132,0,138,0,62,194,0,256,227,0,227,483
10/05/2022,MKC,MO,ACE,CE,Towers with Radar,2,84,62,0,148,0,15,102,1,118,2,99,164,1,266,128,0,128,394
10/06/2022,MKC,MO,ACE,CE,Towers with Radar,0,88,56,4,148,0,11,126,1,138,0,99,182,5,286,166,0,166,452
10/07/2022,MKC,MO,ACE,CE,Towers with Radar,1,63,50,0,114,0,3,133,1,137,1,66,183,1,251,234,0,234,485
10/08/2022,MKC,MO,ACE,CE,Towers with Radar,1,40,39,0,80,0,20,138,3,161,1,60,177,3,241,115,0,115,356
10/09/2022,MKC,MO,ACE,CE,Towers with Radar,2,53,54,0,109,0,10,103,3,116,2,63,157,3,225,87,0,87,312
10/10/2022,MKC,MO,ACE,CE,Towers with Radar,0,57,98,3,158,0,10,109,1,120,0,67,207,4,278,130,0,130,408
10/11/2022,MKC,MO,ACE,CE,Towers with Radar,0,63,96,1,160,0,8,42,0,50,0,71,138,1,210,34,0,34,244
10/12/2022,MKC,MO,ACE,CE,Towers with Radar,0,62,87,2,151,0,7,74,0,81,0,69,161,2,232,86,0,86,318
10/13/2022,MKC,MO,ACE,CE,Towers with Radar,0,79,57,0,136,0,7,73,3,83,0,86,130,3,219,104,0,104,323
10/14/2022,MKC,MO,ACE,CE,Towers with Radar,0,69,64,3,136,0,6,92,0,98,0,75,156,3,234,182,0,182,416
10/15/2022,MKC,MO,ACE,CE,Towers with Radar,0,42,70,0,112,0,13,156,2,171,0,55,226,2,283,173,0,173,456
10/16/2022,MKC,MO,ACE,CE,Towers with Radar,0,82,128,2,212,0,7,97,0,104,0,89,225,2,316,46,0,46,362
10/17/2022,MKC,MO,ACE,CE,Towers with Radar,0,41,85,2,128,0,9,112,0,121,0,50,197,2,249,144,0,144,393
10/18/2022,MKC,MO,ACE,CE,Towers with Radar,0,64,88,0,152,0,15,102,0,117,0,79,190,0,269,220,0,220,489
10/19/2022,MKC,MO,ACE,CE,Towers with Radar,0,68,85,0,153,0,9,113,0,122,0,77,198,0,275,176,0,176,451
10/20/2022,MKC,MO,ACE,CE,Towers with Radar,1,53,74,0,128,0,12,133,0,145,1,65,207,0,273,206,0,206,479
10/21/2022,MKC,MO,ACE,CE,Towers with Radar,5,63,69,0,137,0,16,101,1,118,5,79,170,1,255,252,0,252,507
10/22/2022,MKC,MO,ACE,CE,Towers with Radar,0,44,32,0,76,0,5,51,0,56,0,49,83,0,132,74,0,74,206
10/23/2022,MKC,MO,ACE,CE,Towers with Radar,0,51,29,0,80,0,4,12,0,16,0,55,41,0,96,0,0,0,96
10/24/2022,MKC,MO,ACE,CE,Towers with Radar,2,48,49,2,101,0,0,7,0,7,2,48,56,2,108,51,0,51,159
10/25/2022,MKC,MO,ACE,CE,Towers with Radar,0,60,61,0,121,0,10,101,0,111,0,70,162,0,232,166,0,166,398
10/26/2022,MKC,MO,ACE,CE,Towers with Radar,0,64,91,1,156,0,14,126,1,141,0,78,217,2,297,202,0,202,499
10/27/2022,MKC,MO,ACE,CE,Towers with Radar,0,50,69,0,119,0,5,113,0,118,0,55,182,0,237,173,0,173,410
10/28/2022,MKC,MO,ACE,CE,Towers with Radar,0,57,49,4,110,0,8,120,2,130,0,65,169,6,240,189,0,189,429
10/29/2022,MKC,MO,ACE,CE,Towers with Radar,0,45,37,0,82,0,7,131,2,140,0,52,168,2,222,160,0,160,382
10/30/2022,MKC,MO,ACE,CE,Towers with Radar,0,49,43,0,92,0,9,81,0,90,0,58,124,0,182,138,0,138,320
10/31/2022,MKC,MO,ACE,CE,Towers with Radar,0,42,46,0,88,0,5,101,0,106,0,47,147,0,194,296,0,296,490
11/01/2022,MKC,MO,ACE,CE,Towers with Radar,0,72,57,0,129,0,18,125,0,143,0,90,182,0,272,181,0,181,453
11/02/2022,MKC,MO,ACE,CE,Towers with Radar,0,69,56,1,126,0,11,137,2,150,0,80,193,3,276,155,0,155,431
11/03/2022,MKC,MO,ACE,CE,Towers with Radar,0,76,78,0,154,0,16,55,1,72,0,92,133,1,226,18,0,18,244
11/04/2022,MKC,MO,ACE,CE,Towers with Radar,0,53,38,0,91,0,2,0,0,2,0,55,38,0,93,0,0,0,93
11/05/2022,MKC,MO,ACE,CE,Towers with Radar,0,65,36,0,101,0,12,73,0,85,0,77,109,0,186,64,0,64,250
11/06/2022,MKC,MO,ACE,CE,Towers with Radar,0,65,104,0,169,2,15,134,1,152,2,80,238,1,321,149,0,149,470
11/07/2022,MKC,MO,ACE,CE,Towers with Radar,0,61,73,0,134,0,13,128,1,142,0,74,201,1,276,169,0,169,445
11/08/2022,MKC,MO,ACE,CE,Towers with Radar,0,55,91,2,148,0,3,55,0,58,0,58,146,2,206,210,0,210,416
11/09/2022,MKC,MO,ACE,CE,Towers with Radar,0,56,93,0,149,0,7,30,0,37,0,63,123,0,186,83,0,83,269
11/10/2022,MKC,MO,ACE,CE,Towers with Radar,0,71,46,0,117,0,3,18,2,23,0,74,64,2,140,19,0,19,159
11/11/2022,MKC,MO,ACE,CE,Towers with Radar,0,63,50,1,114,0,9,110,3,122,0,72,160,4,236,144,0,144,380
11/12/2022,MKC,MO,ACE,CE,Towers with Radar,0,55,35,1,91,0,3,71,0,74,0,58,106,1,165,205,0,205,370
11/13/2022,MKC,MO,ACE,CE,Towers with Radar,0,54,84,0,138,0,9,91,0,100,0,63,175,0,238,127,0,127,365
11/14/2022,MKC,MO,ACE,CE,Towers with Radar,0,32,45,0,77,0,3,95,0,98,0,35,140,0,175,171,0,171,346
11/15/2022,MKC,MO,ACE,CE,Towers with Radar,0,55,65,0,120,0,3,48,0,51,0,58,113,0,171,130,0,130,301
11/16/2022,MKC,MO,ACE,CE,Towers with Radar,0,52,68,2,122,0,9,95,0,104,0,61,163,2,226,71,0,71,297
11/17/2022,MKC,MO,ACE,CE,Towers with Radar,1,64,50,0,115,0,10,104,0,114,1,74,154,0,229,179,0,179,408
11/18/2022,MKC,MO,ACE,CE,Towers with Radar,0,56,80,1,137,0,5,95,0,100,0,61,175,1,237,116,0,116,353
11/19/2022,MKC,MO,ACE,CE,Towers with Radar,0,42,36,0,78,0,7,120,1,128,0,49,156,1,206,115,0,115,321
11/20/2022,MKC,MO,ACE,CE,Towers with Radar,0,40,49,1,90,0,14,85,0,99,0,54,134,1,189,146,0,146,335
11/21/2022,MKC,MO,ACE,CE,Towers with Radar,0,45,53,0,98,0,2,107,1,110,0,47,160,1,208,104,0,104,312
11/22/2022,MKC,MO,ACE,CE,Towers with Radar,0,62,58,0,120,0,10,152,3,165,0,72,210,3,285,172,0,172,457
11/23/2022,MKC,MO,ACE,CE,Towers with Radar,0,53,26,4,83,0,13,92,2,107,0,66,118,6,190,123,0,123,313
11/24/2022,MKC,MO,ACE,CE,Towers with Radar,0,29,9,0,38,0,6,8,0,14,0,35,17,0,52,20,0,20,72
11/25/2022,MKC,MO,ACE,CE,Towers with Radar,0,39,20,0,59,0,6,99,3,108,0,45,119,3,167,65,3,68,235
11/26/2022,MKC,MO,ACE,CE,Towers with Radar,0,65,36,0,101,0,2,71,2,75,0,67,107,2,176,47,2,49,225
11/27/2022,MKC,MO,ACE,CE,Towers with Radar,0,50,78,0,128,0,4,36,2,42,0,54,114,2,170,98,0,98,268
11/28/2022,MKC,MO,ACE,CE,Towers with Radar,0,66,64,2,132,0,10,87,3,100,0,76,151,5,232,109,0,109,341
11/29/2022,MKC,MO,ACE,CE,Towers with Radar,0,60,31,0,91,3,2,19,0,24,3,62,50,0,115,14,0,14,129
11/30/2022,MKC,MO,ACE,CE,Towers with Radar,0,60,67,0,127,0,12,142,3,157,0,72,209,3,284,112,0,112,396
12/01/2022,MKC,MO,ACE,CE,Towers with Radar,0,75,57,0,132,0,10,170,4,184,0,85,227,4,316,129,0,129,445
12/02/2022,MKC,MO,ACE,CE,Towers with Radar,0,68,56,2,126,0,3,7,1,11,0,71,63,3,137,4,0,4,141
12/03/2022,MKC,MO,ACE,CE,Towers with Radar,0,44,41,3,88,0,13,146,10,169,0,57,187,13,257,82,0,82,339
12/04/2022,MKC,MO,ACE,CE,Towers with Radar,0,48,50,0,98,0,7,82,2,91,0,55,132,2,189,139,0,139,328
12/05/2022,MKC,MO,ACE,CE,Towers with Radar,0,35,51,2,88,0,11,98,3,112,0,46,149,5,200,157,0,157,357
12/06/2022,MKC,MO,ACE,CE,Towers with Radar,0,69,51,1,121,0,14,23,8,45,0,83,74,9,166,180,0,180,346
12/07/2022,MKC,MO,ACE,CE,Towers with Radar,0,69,69,0,138,0,11,69,0,80,0,80,138,0,218,253,0,253,471
12/08/2022,MKC,MO,ACE,CE,Towers with Radar,0,67,43,0,110,0,0,0,0,0,0,67,43,0,110,0,0,0,110
12/09/2022,MKC,MO,ACE,CE,Towers with Radar,0,62,48,2,112,0,1,9,0,10,0,63,57,2,122,211,0,211,333
12/10/2022,MKC,MO,ACE,CE,Towers with Radar,0,48,42,2,92,0,7,18,0,25,0,55,60,2,117,39,0,39,156
12/11/2022,MKC,MO,ACE,CE,Towers with Radar,0,23,44,0,67,0,1,10,0,11,0,24,54,0,78,20,0,20,98
12/12/2022,MKC,MO,ACE,CE,Towers with Radar,0,50,43,0,93,0,0,0,0,0,0,50,43,0,93,22,0,22,115
12/13/2022,MKC,MO,ACE,CE,Towers with Radar,0,58,47,0,105,0,0,8,0,8,0,58,55,0,113,18,0,18,131
12/14/2022,MKC,MO,ACE,CE,Towers with Radar,0,70,72,0,142,0,14,206,1,221,0,84,278,1,363,147,0,147,510
12/15/2022,MKC,MO,ACE,CE,Towers with Radar,0,53,44,1,98,0,6,80,6,92,0,59,124,7,190,15,0,15,205
12/16/2022,MKC,MO,ACE,CE,Towers with Radar,0,51,58,0,109,0,12,122,8,142,0,63,180,8,251,31,0,31,282
12/17/2022,MKC,MO,ACE,CE,Towers with Radar,0,43,40,0,83,0,6,158,2,166,0,49,198,2,249,76,0,76,325
12/18/2022,MKC,MO,ACE,CE,Towers with Radar,0,35,45,0,80,0,21,136,1,158,0,56,181,1,238,199,0,199,437
12/19/2022,MKC,MO,ACE,CE,Towers with Radar,2,43,39,0,84,0,5,29,0,34,2,48,68,0,118,43,0,43,161
12/20/2022,MKC,MO,ACE,CE,Towers with Radar,0,61,49,0,110,1,7,18,1,27,1,68,67,1,137,82,0,82,219
12/21/2022,MKC,MO,ACE,CE,Towers with Radar,0,78,58,0,136,0,3,37,3,43,0,81,95,3,179,147,2,149,328
12/22/2022,MKC,MO,ACE,CE,Towers with Radar,0,23,11,0,34,0,0,1,0,1,0,23,12,0,35,0,0,0,35
12/23/2022,MKC,MO,ACE,CE,Towers with Radar,0,40,25,0,65,0,3,22,0,25,0,43,47,0,90,0,0,0,90
12/24/2022,MKC,MO,ACE,CE,Towers with Radar,0,48,21,0,69,0,10,25,2,37,0,58,46,2,106,2,0,2,108
12/25/2022,MKC,MO,ACE,CE,Towers with Radar,0,30,13,0,43,0,8,14,0,22,0,38,27,0,65,6,0,6,71
12/26/2022,MKC,MO,ACE,CE,Towers with Radar,2,62,51,0,115,0,8,19,0,27,2,70,70,0,142,13,0,13,155
12/27/2022,MKC,MO,ACE,CE,Towers with Radar,0,53,62,1,116,0,5,107,5,117,0,58,169,6,233,107,2,109,342
12/28/2022,MKC,MO,ACE,CE,Towers with Radar,2,66,45,2,115,0,5,84,2,91,2,71,129,4,206,77,1,78,284
12/29/2022,MKC,MO,ACE,CE,Towers with Radar,2,50,46,0,98,0,13,59,0,72,2,63,105,0,170,29,0,29,199
12/30/2022,MKC,MO,ACE,CE,Towers with Radar,2,40,64,0,106,0,11,144,3,158,2,51,208,3,264,127,0,127,391
12/31/2022,MKC,MO,ACE,CE,Towers with Radar,0,35,31,0,66,0,7,147,0,154,0,42,178,0,220,140,0,140,360
01/01/2023,MKC,MO,ACE,CE,Towers with Radar,0,46,61,0,107,0,17,68,0,85,0,63,129,0,192,77,0,77,269
01/02/2023,MKC,MO,ACE,CE,Towers with Radar,0,23,30,0,53,0,1,4,0,5,0,24,34,0,58,0,0,0,58
01/03/2023,MKC,MO,ACE,CE,Towers with Radar,0,58,44,0,102,0,4,21,3,28,0,62,65,3,130,70,0,70,200
01/04/2023,MKC,MO,ACE,CE,Towers with Radar,0,59,39,0,98,0,24,118,0,142,0,83,157,0,240,54,0,54,294
01/05/2023,MKC,MO,ACE,CE,Towers with Radar,0,60,57,0,117,0,0,122,1,123,0,60,179,1,240,50,0,50,290
01/06/2023,MKC,MO,ACE,CE,Towers with Radar,0,56,34,1,91,0,5,128,1,134,0,61,162,2,225,179,0,179,404
01/07/2023,MKC,MO,ACE,CE,Towers with Radar,0,36,23,1,60,0,3,41,0,44,0,39,64,1,104,209,0,209,313
01/08/2023,MKC,MO,ACE,CE,Towers with Radar,0,46,52,0,98,0,17,139,1,157,0,63,191,1,255,128,0,128,383
01/09/2023,MKC,MO,ACE,CE,Towers with Radar,0,25,48,4,77,0,14,133,1,148,0,39,181,5,225,164,0,164,389
01/10/2023,MKC,MO,ACE,CE,Towers with Radar,0,58,37,3,98,0,14,150,2,166,0,72,187,5,264,257,4,261,525
01/11/2023,MKC,MO,ACE,CE,Towers with Radar,0,62,50,2,114,0,11,115,1,127,0,73,165,3,241,149,0,149,390
01/12/2023,MKC,MO,ACE,CE,Towers with Radar,0,56,40,3,99,0,1,8,4,13,0,57,48,7,112,40,3,43,155
01/13/2023,MKC,MO,ACE,CE,Towers with Radar,0,57,45,0,102,0,8,78,2,88,0,65,123,2,190,173,0,173,363
01/14/2023,MKC,MO,ACE,CE,Towers with Radar,0,32,44,0,76,0,23,141,0,164,0,55,185,0,240,129,0,129,369
01/15/2023,MKC,MO,ACE,CE,Towers with Radar,0,22,29,0,51,0,14,85,0,99,0,36,114,0,150,53,0,53,203
01/16/2023,MKC,MO,ACE,CE,Towers with Radar,0,31,36,0,67,0,19,66,1,86,0,50,102,1,153,104,0,104,257
01/17/2023,MKC,MO,ACE,CE,Towers with Radar,0,49,53,0,102,0,14,82,0,96,0,63,135,0,198,261,0,261,459
01/18/2023,MKC,MO,ACE,CE,Towers with Radar,0,62,36,0,98,0,2,1,0,3,0,64,37,0,101,0,0,0,101
01/19/2023,MKC,MO,ACE,CE,Towers with Radar,0,51,35,0,86,0,0,13,1,14,0,51,48,1,100,52,1,53,153
01/20/2023,MKC,MO,ACE,CE,Towers with Radar,0,46,53,2,101,0,9,131,11,151,0,55,184,13,252,314,0,314,566
01/21/2023,MKC,MO,ACE,CE,Towers with Radar,0,60,68,0,128,0,1,44,2,47,0,61,112,2,175,91,0,91,266
01/22/2023,MKC,MO,ACE,CE,Towers with Radar,0,38,33,1,72,0,0,2,0,2,0,38,35,1,74,0,0,0,74
01/23/2023,MKC,MO,ACE,CE,Towers with Radar,0,34,57,2,93,0,13,132,4,149,0,47,189,6,242,230,8,238,480
01/24/2023,MKC,MO,ACE,CE,Towers with Radar,0,56,40,0,96,0,1,80,1,82,0,57,120,1,178,146,0,146,324
01/25/2023,MKC,MO,ACE,CE,Towers with Radar,0,50,34,0,84,0,0,13,1,14,0,50,47,1,98,53,0,53,151
01/26/2023,MKC,MO,ACE,CE,Towers with Radar,0,54,71,0,125,0,12,144,7,163,0,66,215,7,288,124,0,124,412
01/27/2023,MKC,MO,ACE,CE,Towers with Radar,0,51,56,0,107,0,5,124,1,130,0,56,180,1,237,167,0,167,404
01/28/2023,MKC,MO,ACE,CE,Towers with Radar,1,66,57,0,124,0,11,106,0,117,1,77,163,0,241,106,0,106,347
01/29/2023,MKC,MO,ACE,CE,Towers with Radar,3,101,133,0,237,0,9,32,2,43,3,110,165,2,280,33,0,33,313
01/30/2023,MKC,MO,ACE,CE,Towers with Radar,0,61,96,0,157,0,12,71,0,83,0,73,167,0,240,218,0,218,458
01/31/2023,MKC,MO,ACE,CE,Towers with Radar,0,52,37,4,93,0,9,91,0,100,0,61,128,4,193,119,0,119,312
02/01/2023,MKC,MO,ACE,CE,Towers with Radar,0,52,45,0,97,0,13,119,5,137,0,65,164,5,234,139,0,139,373
02/02/2023,MKC,MO,ACE,CE,Towers with Radar,0,58,64,1,123,0,5,107,0,112,0,63,171,1,235,114,0,114,349
02/03/2023,MKC,MO,ACE,CE,Towers with Radar,0,50,46,9,105,0,9,95,6,110,0,59,141,15,215,204,0,204,419
02/04/2023,MKC,MO,ACE,CE,Towers with Radar,0,42,27,0,69,0,6,70,3,79,0,48,97,3,148,38,0,38,186
02/05/2023,MKC,MO,ACE,CE,Towers with Radar,0,20,48,0,68,0,10,145,3,158,0,30,193,3,226,177,0,177,403
02/06/2023,MKC,MO,ACE,CE,Towers with Radar,0,30,53,2,85,0,12,36,1,49,0,42,89,3,134,53,0,53,187
02/07/2023,MKC,MO,ACE,CE,Towers with Radar,0,55,57,0,112,0,11,135,4,150,0,66,192,4,262,146,0,146,408
02/08/2023,MKC,MO,ACE,CE,Towers with Radar,0,57,47,1,105,0,2,36,4,42,0,59,83,5,147,218,0,218,365
02/09/2023,MKC,MO,ACE,CE,Towers with Radar,0,51,34,0,85,0,2,21,2,25,0,53,55,2,110,57,0,57,167
02/10/2023,MKC,MO,ACE,CE,Towers with Radar,0,49,55,0,104,0,16,119,3,138,0,65,174,3,242,277,0,277,519
02/11/2023,MKC,MO,ACE,CE,Towers with Radar,2,42,40,0,84,0,29,158,2,189,2,71,198,2,273,260,0,260,533
02/12/2023,MKC,MO,ACE,CE,Towers with Radar,2,21,20,0,43,0,28,110,0,138,2,49,130,0,181,54,0,54,235
02/13/2023,MKC,MO,ACE,CE,Towers with Radar,4,58,77,2,141,0,27,135,3,165,4,85,212,5,306,108,0,108,414
02/14/2023,MKC,MO,ACE,CE,Towers with Radar,0,63,31,0,94,0,3,16,2,21,0,66,47,2,115,64,0,64,179
02/15/2023,MKC,MO,ACE,CE,Towers with Radar,0,58,45,5,108,0,6,65,3,74,0,64,110,8,182,98,0,98,280
02/16/2023,MKC,MO,ACE,CE,Towers with Radar,0,66,44,0,110,0,2,3,0,5,0,68,47,0,115,0,0,0,115
02/17/2023,MKC,MO,ACE,CE,Towers with Radar,2,56,79,0,137,0,7,154,2,163,2,63,233,2,300,135,0,135,435
02/18/2023,MKC,MO,ACE,CE,Towers with Radar,0,41,35,0,76,0,13,76,0,89,0,54,111,0,165,66,0,66,231
02/19/2023,MKC,MO,ACE,CE,Towers with Radar,2,33,41,0,76,0,10,141,0,151,2,43,182,0,227,153,0,153,380
02/20/2023,MKC,MO,ACE,CE,Towers with Radar,0,58,89,0,147,0,27,124,0,151,0,85,213,0,298,143,0,143,441
02/21/2023,MKC,MO,ACE,CE,Towers with Radar,0,50,60,4,114,0,18,112,11,141,0,68,172,15,255,171,8,179,434
02/22/2023,MKC,MO,ACE,CE,Towers with Radar,0,51,55,0,106,0,13,58,0,71,0,64,113,0,177,15,0,15,192
02/23/2023,MKC,MO,ACE,CE,Towers with Radar,0,69,60,1,130,0,23,91,1,115,0,92,151,2,245,98,0,98,343
02/24/2023,MKC,MO,ACE,CE,Towers with Radar,0,45,62,0,107,0,9,86,2,97,0,54,148,2,204,86,0,86,290
02/25/2023,MKC,MO,ACE,CE,Towers with Radar,0,47,42,0,89,0,6,127,4,137,0,53,169,4,226,108,6,114,340
02/26/2023,MKC,MO,ACE,CE,Towers with Radar,0,43,42,0,85,0,3,0,0,3,0,46,42,0,88,12,0,12,100
02/27/2023,MKC,MO,ACE,CE,Towers with Radar,0,23,41,2,66,0,14,40,0,54,0,37,81,2,120,88,0,88,208
02/28/2023,MKC,MO,ACE,CE,Towers with Radar,2,53,62,6,123,0,22,136,3,161,2,75,198,9,284,162,10,172,456
03/01/2023,MKC,MO,ACE,CE,Towers with Radar,0,63,71,2,136,0,19,153,4,176,0,82,224,6,312,173,2,175,487
03/02/2023,MKC,MO,ACE,CE,Towers with Radar,0,54,62,5,121,0,5,92,3,100,0,59,154,8,221,141,0,141,362
03/03/2023,MKC,MO,ACE,CE,Towers with Radar,2,62,47,0,111,0,25,64,0,89,2,87,111,0,200,93,0,93,293
03/04/2023,MKC,MO,ACE,CE,Towers with Radar,0,39,42,0,81,0,17,137,6,160,0,56,179,6,241,161,0,161,402
03/05/2023,MKC,MO,ACE,CE,Towers with Radar,2,43,31,2,78,0,14,69,0,83,2,57,100,2,161,28,0,28,189
03/06/2023,MKC,MO,ACE,CE,Towers with Radar,0,49,57,0,106,0,21,102,0,123,0,70,159,0,229,96,0,96,325
03/07/2023,MKC,MO,ACE,CE,Towers with Radar,10,45,52,2,109,0,11,67,0,78,10,56,119,2,187,90,0,90,277
03/08/2023,MKC,MO,ACE,CE,Towers with Radar,5,77,65,0,147,0,0,0,0,0,5,77,65,0,147,0,0,0,147
03/09/2023,MKC,MO,ACE,CE,Towers with Radar,6,65,53,2,126,0,2,2,2,6,6,67,55,4,132,33,0,33,165
03/10/2023,MKC,MO,ACE,CE,Towers with Radar,4,61,82,0,147,0,21,112,1,134,4,82,194,1,281,160,0,160,441
03/11/2023,MKC,MO,ACE,CE,Towers with Radar,6,55,37,0,98,0,0,5,0,5,6,55,42,0,103,0,0,0,103
03/12/2023,MKC,MO,ACE,CE,Towers with Radar,3,29,47,0,79,0,16,98,0,114,3,45,145,0,193,113,0,113,306
03/13/2023,MKC,MO,ACE,CE,Towers with Radar,0,23,47,1,71,0,16,85,0,101,0,39,132,1,172,118,0,118,290
03/14/2023,MKC,MO,ACE,CE,Towers with Radar,0,46,59,1,106,0,33,199,0,232,0,79,258,1,338,145,0,145,483
03/15/2023,MKC,MO,ACE,CE,Towers with Radar,0,66,39,0,105,0,19,88,1,108,0,85,127,1,213,100,0,100,313
03/16/2023,MKC,MO,ACE,CE,Towers with Radar,0,54,30,0,84,0,6,3,0,9,0,60,33,0,93,33,0,33,126
03/17/2023,MKC,MO,ACE,CE,Towers with Radar,4,40,54,0,98,0,16,99,1,116,4,56,153,1,214,75,0,75,289
03/18/2023,MKC,MO,ACE,CE,Towers with Radar,0,37,26,0,63,0,17,56,1,74,0,54,82,1,137,39,0,39,176
03/19/2023,MKC,MO,ACE,CE,Towers with Radar,2,50,42,0,94,0,39,116,0,155,2,89,158,0,249,79,0,79,328
03/20/2023,MKC,MO,ACE,CE,Towers with Radar,0,36,47,3,86,0,27,40,1,68,0,63,87,4,154,33,0,33,187
03/21/2023,MKC,MO,ACE,CE,Towers with Radar,0,48,53,1,102,0,3,1,0,4,0,51,54,1,106,0,0,0,106
03/22/2023,MKC,MO,ACE,CE,Towers with Radar,8,59,78,0,145,0,0,1,0,1,8,59,79,0,146,0,0,0,146
03/23/2023,MKC,MO,ACE,CE,Towers with Radar,1,71,65,0,137,0,33,32,0,65,1,104,97,0,202,109,0,109,311
03/24/2023,MKC,MO,ACE,CE,Towers with Radar,1,69,57,0,127,0,27,88,0,115,1,96,145,0,242,134,0,134,376
03/25/2023,MKC,MO,ACE,CE,Towers with Radar,6,56,41,0,103,0,45,153,0,198,6,101,194,0,301,90,0,90,391
03/26/2023,MKC,MO,ACE,CE,Towers with Radar,4,51,62,0,117,0,23,76,0,99,4,74,138,0,216,92,0,92,308
03/27/2023,MKC,MO,ACE,CE,Towers with Radar,0,46,51,0,97,0,41,133,1,175,0,87,184,1,272,171,0,171,443
03/28/2023,MKC,MO,ACE,CE,Towers with Radar,4,57,64,0,125,0,25,104,1,130,4,82,168,1,255,133,0,133,388
03/29/2023,MKC,MO,ACE,CE,Towers with Radar,0,64,71,0,135,0,38,148,4,190,0,102,219,4,325,113,2,115,440
03/30/2023,MKC,MO,ACE,CE,Towers with Radar,0,79,55,2,136,0,27,63,1,91,0,106,118,3,227,76,0,76,303
03/31/2023,MKC,MO,ACE,CE,Towers with Radar,2,45,51,0,98,0,8,10,0,18,2,53,61,0,116,7,0,7,123
04/01/2023,MKC,MO,ACE,CE,Towers with Radar,0,30,25,1,56,0,23,110,0,133,0,53,135,1,189,38,0,38,227
04/02/2023,MKC,MO,ACE,CE,Towers with Radar,4,56,36,1,97,0,57,84,0,141,4,113,120,1,238,64,0,64,302
04/03/2023,MKC,MO,ACE,CE,Towers with Radar,0,49,76,2,127,0,51,99,0,150,0,100,175,2,277,184,0,184,461
04/04/2023,MKC,MO,ACE,CE,Towers with Radar,0,59,53,2,114,0,18,31,1,50,0,77,84,3,164,40,0,40,204
04/05/2023,MKC,MO,ACE,CE,Towers with Radar,0,73,57,1,131,0,36,110,13,159,0,109,167,14,290,106,0,106,396
04/06/2023,MKC,MO,ACE,CE,Towers with Radar,2,76,70,0,148,0,86,143,2,231,2,162,213,2,379,201,0,201,580
04/07/2023,MKC,MO,ACE,CE,Towers with Radar,0,51,46,0,97,0,122,116,2,240,0,173,162,2,337,65,2,67,404
04/08/2023,MKC,MO,ACE,CE,Towers with Radar,1,52,39,0,92,0,96,102,0,198,1,148,141,0,290,16,0,16,306
04/09/2023,MKC,MO,ACE,CE,Towers with Radar,1,23,26,0,50,0,46,78,0,124,1,69,104,0,174,20,0,20,194
04/10/2023,MKC,MO,ACE,CE,Towers with Radar,0,38,35,0,73,0,47,41,0,88,0,85,76,0,161,163,0,163,324
04/11/2023,MKC,MO,ACE,CE,Towers with Radar,0,60,50,0,110,0,52,156,0,208,0,112,206,0,318,209,0,209,527
04/12/2023,MKC,MO,ACE,CE,Towers with Radar,0,62,61,2,125,0,89,130,1,220,0,151,191,3,345,63,2,65,410
04/13/2023,MKC,MO,ACE,CE,Towers with Radar,4,71,58,0,133,0,29,122,2,153,4,100,180,2,286,146,0,146,432
04/14/2023,MKC,MO,ACE,CE,Towers with Radar,2,65,47,0,114,0,79,107,0,186,2,144,154,0,300,74,0,74,374
04/15/2023,MKC,MO,ACE,CE,Towers with Radar,0,37,39,0,76,0,1,5,3,9,0,38,44,3,85,14,0,14,99
04/16/2023,MKC,MO,ACE,CE,Towers with Radar,4,33,40,0,77,0,11,13,0,24,4,44,53,0,101,0,0,0,101
04/17/2023,MKC,MO,ACE,CE,Towers with Radar,1,58,52,0,111,0,55,178,6,239,1,113,230,6,350,186,2,188,538
04/18/2023,MKC,MO,ACE,CE,Towers with Radar,0,63,36,3,102,0,28,175,8,211,0,91,211,11,313,185,0,185,498
04/19/2023,MKC,MO,ACE,CE,Towers with Radar,1,75,79,2,157,0,19,35,5,59,1,94,114,7,216,41,7,48,264
04/20/2023,MKC,MO,ACE,CE,Towers with Radar,2,68,44,1,115,0,7,25,6,38,2,75,69,7,153,8,0,8,161
04/21/2023,MKC,MO,ACE,CE,Towers with Radar,2,58,46,2,108,0,88,44,4,136,2,146,90,6,244,43,0,43,287
04/22/2023,MKC,MO,ACE,CE,Towers with Radar,0,39,26,2,67,0,42,64,1,107,0,81,90,3,174,16,0,16,190
04/23/2023,MKC,MO,ACE,CE,Towers with Radar,2,27,43,0,72,0,154,76,0,230,2,181,119,0,302,66,0,66,368
04/24/2023,MKC,MO,ACE,CE,Towers with Radar,0,48,54,0,102,0,34,59,0,93,0,82,113,0,195,92,0,92,287
04/25/2023,MKC,MO,ACE,CE,Towers with Radar,0,65,58,0,123,0,87,66,11,164,0,152,124,11,287,190,0,190,477
04/26/2023,MKC,MO,ACE,CE,Towers with Radar,0,66,61,0,127,0,138,80,4,222,0,204,141,4,349,103,0,103,452
04/27/2023,MKC,MO,ACE,CE,Towers with Radar,0,89,77,1,167,0,46,92,0,138,0,135,169,1,305,136,0,136,441
04/28/2023,MKC,MO,ACE,CE,Towers with Radar,1,56,51,2,110,0,65,43,0,108,1,121,94,2,218,67,0,67,285
04/29/2023,MKC,MO,ACE,CE,Towers with Radar,1,38,27,2,68,0,39,75,0,114,1,77,102,2,182,2,0,2,184
04/30/2023,MKC,MO,ACE,CE,Towers with Radar,4,40,30,0,74,0,16,15,0,31,4,56,45,0,105,30,0,30,135
05/01/2023,MKC,MO,ACE,CE,Towers with Radar,0,44,32,2,78,0,55,68,0,123,0,99,100,2,201,34,0,34,235
05/02/2023,MKC,MO,ACE,CE,Towers with Radar,0,78,44,0,122,1,60,74,0,135,1,138,118,0,257,71,0,71,328
05/03/2023,MKC,MO,ACE,CE,Towers with Radar,0,72,57,0,129,0,122,81,0,203,0,194,138,0,332,88,0,88,420
05/04/2023,MKC,MO,ACE,CE,Towers with Radar,3,62,53,2,120,0,94,56,0,150,3,156,109,2,270,79,0,79,349
05/05/2023,MKC,MO,ACE,CE,Towers with Radar,0,46,65,0,111,0,126,52,2,180,0,172,117,2,291,67,0,67,358
05/06/2023,MKC,MO,ACE,CE,Towers with Radar,2,38,44,0,84,0,78,68,0,146,2,116,112,0,230,62,0,62,292
05/07/2023,MKC,MO,ACE,CE,Towers with Radar,4,55,72,0,131,0,38,72,0,110,4,93,144,0,241,34,0,34,275
05/08/2023,MKC,MO,ACE,CE,Towers with Radar,1,41,47,0,89,0,101,86,3,190,1,142,133,3,279,163,0,163,442
05/09/2023,MKC,MO,ACE,CE,Towers with Radar,2,39,46,0,87,0,53,46,0,99,2,92,92,0,186,60,0,60,246
05/10/2023,MKC,MO,ACE,CE,Towers with Radar,1,78,61,1,141,0,88,89,10,187,1,166,150,11,328,52,0,52,380
05/11/2023,MKC,MO,ACE,CE,Towers with Radar,7,61,51,0,119,0,6,6,0,12,7,67,57,0,131,14,0,14,145
05/12/2023,MKC,MO,ACE,CE,Towers with Radar,1,72,53,0,126,0,46,32,4,82,1,118,85,4,208,114,0,114,322
05/13/2023,MKC,MO,ACE,CE,Towers with Radar,1,42,28,0,71,0,114,131,0,245,1,156,159,0,316,60,2,62,378
05/14/2023,MKC,MO,ACE,CE,Towers with Radar,0,31,31,0,62,0,27,42,0,69,0,58,73,0,131,26,0,26,157
05/15/2023,MKC,MO,ACE,CE,Towers with Radar,1,34,34,0,69,0,0,0,0,0,1,34,34,0,69,0,0,0,69
05/16/2023,MKC,MO,ACE,CE,Towers with Radar,1,58,66,4,129,0,37,35,1,73,1,95,101,5,202,121,0,121,323
05/17/2023,MKC,MO,ACE,CE,Towers with Radar,0,54,56,0,110,0,85,123,2,210,0,139,179,2,320,103,1,104,424
05/18/2023,MKC,MO,ACE,CE,Towers with Radar,0,67,65,1,133,0,76,147,4,227,0,143,212,5,360,144,2,146,506
05/19/2023,MKC,MO,ACE,CE,Towers with Radar,0,46,45,0,91,0,31,33,1,65,0,77,78,1,156,72,0,72,228
05/20/2023,MKC,MO,ACE,CE,Towers with Radar,0,48,35,2,85,0,43,141,0,184,0,91,176,2,269,44,0,44,313
05/21/2023,MKC,MO,ACE,CE,Towers with Radar,4,37,53,0,94,0,96,102,4,202,4,133,155,4,296,61,0,61,357
05/22/2023,MKC,MO,ACE,CE,Towers with Radar,0,36,38,0,74,0,35,96,4,135,0,71,134,4,209,159,0,159,368
05/23/2023,MKC,MO,ACE,CE,Towers with Radar,0,51,49,5,105,0,29,102,4,135,0,80,151,9,240,73,2,75,315
05/24/2023,MKC,MO,ACE,CE,Towers with Radar,0,64,45,0,109,0,44,83,2,129,0,108,128,2,238,87,2,89,327
05/25/2023,MKC,MO,ACE,CE,Towers with Radar,0,75,50,0,125,0,44,101,2,147,0,119,151,2,272,83,0,83,355
05/26/2023,MKC,MO,ACE,CE,Towers with Radar,2,59,44,1,106,0,92,102,1,195,2,151,146,2,301,99,0,99,400
05/27/2023,MKC,MO,ACE,CE,Towers with Radar,1,31,19,1,52,0,74,117,3,194,1,105,136,4,246,74,0,74,320
05/28/2023,MKC,MO,ACE,CE,Towers with Radar,7,13,20,1,41,0,74,87,0,161,7,87,107,1,202,77,0,77,279
05/29/2023,MKC,MO,ACE,CE,Towers with Radar,0,43,25,0,68,0,86,94,0,180,0,129,119,0,248,64,0,64,312
05/30/2023,MKC,MO,ACE,CE,Towers with Radar,1,39,30,0,70,0,21,86,0,107,1,60,116,0,177,43,0,43,220
05/31/2023,MKC,MO,ACE,CE,Towers with Radar,2,50,59,0,111,0,41,40,0,81,2,91,99,0,192,46,0,46,238
06/01/2023,MKC,MO,ACE,CE,Towers with Radar,1,51,51,0,103,0,86,69,2,157,1,137,120,2,260,114,0,114,374
06/02/2023,MKC,MO,ACE,CE,Towers with Radar,2,52,51,2,107,0,42,81,0,123,2,94,132,2,230,65,0,65,295
06/03/2023,MKC,MO,ACE,CE,Towers with Radar,0,31,29,0,60,0,87,104,2,193,0,118,133,2,253,36,0,36,289
06/04/2023,MKC,MO,ACE,CE,Towers with Radar,2,42,35,0,79,0,21,83,1,105,2,63,118,1,184,61,0,61,245
06/05/2023,MKC,MO,ACE,CE,Towers with Radar,0,44,47,0,91,0,21,90,0,111,0,65,137,0,202,60,0,60,262
06/06/2023,MKC,MO,ACE,CE,Towers with Radar,0,63,45,0,108,0,40,114,6,160,0,103,159,6,268,141,0,141,409
06/07/2023,MKC,MO,ACE,CE,Towers with Radar,0,55,43,0,98,0,92,106,0,198,0,147,149,0,296,97,0,97,393
06/08/2023,MKC,MO,ACE,CE,Towers with Radar,0,48,55,1,104,0,98,108,1,207,0,146,163,2,311,96,0,96,407
06/09/2023,MKC,MO,ACE,CE,Towers with Radar,0,51,34,0,85,0,81,126,0,207,0,132,160,0,292,68,0,68,360
06/10/2023,MKC,MO,ACE,CE,Towers with Radar,0,0,0,0,0,0,4,11,0,15,0,4,11,0,15,6,0,6,21
06/11/2023,MKC,MO,ACE,CE,Towers with Radar,0,0,0,0,0,0,0,16,0,16,0,0,16,0,16,2,0,2,18
06/12/2023,MKC,MO,ACE,CE,Towers with Radar,0,37,49,0,86,0,68,156,0,224,0,105,205,0,310,152,0,152,462
06/13/2023,MKC,MO,ACE,CE,Towers with Radar,0,59,52,2,113,0,52,98,0,150,0,111,150,2,263,75,0,75,338
06/14/2023,MKC,MO,ACE,CE,Towers with Radar,2,62,43,0,107,0,114,127,0,241,2,176,170,0,348,132,0,132,480
06/15/2023,MKC,MO,ACE,CE,Towers with Radar,0,70,59,0,129,0,107,161,6,274,0,177,220,6,403,40,4,44,447
06/16/2023,MKC,MO,ACE,CE,Towers with Radar,1,62,55,0,118,0,92,124,10,226,1,154,179,10,344,50,0,50,394
06/17/2023,MKC,MO,ACE,CE,Towers with Radar,1,52,23,1,77,0,119,154,1,274,1,171,177,2,351,75,0,75,426
06/18/2023,MKC,MO,ACE,CE,Towers with Radar,2,40,27,0,69,0,35,79,0,114,2,75,106,0,183,80,0,80,263
06/19/2023,MKC,MO,ACE,CE,Towers with Radar,0,62,47,0,109,0,38,94,0,132,0,100,141,0,241,30,0,30,271
06/20/2023,MKC,MO,ACE,CE,Towers with Radar,2,75,56,1,134,0,63,122,4,189,2,138,178,5,323,83,0,83,406
06/21/2023,MKC,MO,ACE,CE,Towers with Radar,0,52,55,1,108,0,70,112,7,189,0,122,167,8,297,22,0,22,319
06/22/2023,MKC,MO,ACE,CE,Towers with Radar,2,70,53,2,127,0,70,122,1,193,2,140,175,3,320,71,0,71,391
06/23/2023,MKC,MO,ACE,CE,Towers with Radar,2,42,44,1,89,0,118,145,1,264,2,160,189,2,353,69,0,69,422
06/24/2023,MKC,MO,ACE,CE,Towers with Radar,1,38,33,0,72,0,24,88,0,112,1,62,121,0,184,58,0,58,242
06/25/2023,MKC,MO,ACE,CE,Towers with Radar,3,24,31,0,58,0,11,70,0,81,3,35,101,0,139,29,0,29,168
06/26/2023,MKC,MO,ACE,CE,Towers with Radar,2,34,45,2,83,0,34,76,2,112,2,68,121,4,195,12,0,12,207
06/27/2023,MKC,MO,ACE,CE,Towers with Radar,0,68,53,3,124,0,89,108,0,197,0,157,161,3,321,55,0,55,376
06/28/2023,MKC,MO,ACE,CE,Towers with Radar,0,55,65,1,121,0,95,77,2,174,0,150,142,3,295,53,6,59,354
06/29/2023,MKC,MO,ACE,CE,Towers with Radar,2,73,45,0,120,0,39,62,3,104,2,112,107,3,224,90,1,91,315
06/30/2023,MKC,MO,ACE,CE,Towers with Radar,1,55,61,1,118,0,19,106,0,125,1,74,167,1,243,191,0,191,434
07/01/2023,MKC,MO,ACE,CE,Towers with Radar,1,40,31,0,72,0,4,49,2,55,1,44,80,2,127,61,0,61,188
07/02/2023,MKC,MO,ACE,CE,Towers with Radar,2,44,31,0,77,0,32,96,0,128,2,76,127,0,205,47,0,47,252
07/03/2023,MKC,MO,ACE,CE,Towers with Radar,0,27,21,0,48,0,25,109,3,137,0,52,130,3,185,88,0,88,273
07/04/2023,MKC,MO,ACE,CE,Towers with Radar,0,29,22,0,51,0,26,80,1,107,0,55,102,1,158,73,0,73,231
07/05/2023,MKC,MO,ACE,CE,Towers with Radar,0,47,31,1,79,0,27,43,0,70,0,74,74,1,149,76,0,76,225
07/06/2023,MKC,MO,ACE,CE,Towers with Radar,0,61,31,2,94,0,39,114,0,153,0,100,145,2,247,107,0,107,354
07/07/2023,MKC,MO,ACE,CE,Towers with Radar,2,57,70,0,129,0,21,77,0,98,2,78,147,0,227,128,0,128,355
07/08/2023,MKC,MO,ACE,CE,Towers with Radar,0,68,66,0,134,0,11,58,0,69,0,79,124,0,203,76,0,76,279
07/09/2023,MKC,MO,ACE,CE,Towers with Radar,4,61,69,0,134,0,53,115,0,168,4,114,184,0,302,82,0,82,384
07/10/2023,MKC,MO,ACE,CE,Towers with Radar,0,46,39,0,85,0,38,126,1,165,0,84,165,1,250,155,0,155,405
07/11/2023,MKC,MO,ACE,CE,Towers with Radar,1,49,48,2,100,0,56,122,1,179,1,105,170,3,279,89,0,89,368
07/12/2023,MKC,MO,ACE,CE,Towers with Radar,3,52,63,0,118,0,34,84,0,118,3,86,147,0,236,103,0,103,339
07/13/2023,MKC,MO,ACE,CE,Towers with Radar,1,57,63,0,121,0,25,127,5,157,1,82,190,5,278,122,0,122,400
07/14/2023,MKC,MO,ACE,CE,Towers with Radar,2,36,46,2,86,0,14,81,0,95,2,50,127,2,181,34,0,34,215
07/15/2023,MKC,MO,ACE,CE,Towers with Radar,0,45,51,0,96,0,20,78,1,99,0,65,129,1,195,106,0,106,301
07/16/2023,MKC,MO,ACE,CE,Towers with Radar,3,31,34,0,68,0,11,26,0,37,3,42,60,0,105,12,0,12,117
07/17/2023,MKC,MO,ACE,CE,Towers with Radar,0,43,51,0,94,0,21,99,1,121,0,64,150,1,215,67,0,67,282
07/18/2023,MKC,MO,ACE,CE,Towers with Radar,0,56,58,0,114,0,24,36,0,60,0,80,94,0,174,42,0,42,216
07/19/2023,MKC,MO,ACE,CE,Towers with Radar,0,60,66,2,128,0,39,55,4,98,0,99,121,6,226,100,0,100,326
07/20/2023,MKC,MO,ACE,CE,Towers with Radar,2,72,89,3,166,0,26,105,2,133,2,98,194,5,299,114,0,114,413
07/21/2023,MKC,MO,ACE,CE,Towers with Radar,0,47,46,0,93,0,26,109,3,138,0,73,155,3,231,80,0,80,311
07/22/2023,MKC,MO,ACE,CE,Towers with Radar,2,27,23,0,52,0,30,142,0,172,2,57,165,0,224,72,0,72,296
07/23/2023,MKC,MO,ACE,CE,Towers with Radar,0,45,29,0,74,0,9,82,0,91,0,54,111,0,165,96,0,96,261
07/24/2023,MKC,MO,ACE,CE,Towers with Radar,2,34,25,0,61,0,13,84,2,99,2,47,109,2,160,157,6,163,323
07/25/2023,MKC,MO,ACE,CE,Towers with Radar,0,51,35,0,86,0,18,110,2,130,0,69,145,2,216,214,0,214,430
07/26/2023,MKC,MO,ACE,CE,Towers with Radar,3,36,46,0,85,0,9,65,2,76,3,45,111,2,161,35,0,35,196
07/27/2023,MKC,MO,ACE,CE,Towers with Radar,0,43,57,1,101,0,36,109,5,150,0,79,166,6,251,190,0,190,441
07/28/2023,MKC,MO,ACE,CE,Towers with Radar,0,53,35,2,90,0,19,89,0,108,0,72,124,2,198,83,2,85,283
07/29/2023,MKC,MO,ACE,CE,Towers with Radar,2,40,32,0,74,0,14,52,2,68,2,54,84,2,142,75,0,75,217
07/30/2023,MKC,MO,ACE,CE,Towers with Radar,1,22,40,0,63,0,11,78,2,91,1,33,118,2,154,123,0,123,277
07/31/2023,MKC,MO,ACE,CE,Towers with Radar,0,41,51,3,95,0,30,69,1,100,0,71,120,4,195,118,0,118,313
08/01/2023,MKC,MO,ACE,CE,Towers with Radar,0,45,37,0,82,0,28,99,0,127,0,73,136,0,209,143,0,143,352
08/02/2023,MKC,MO,ACE,CE,Towers with Radar,4,51,58,1,114,0,9,45,1,55,4,60,103,2,169,138,0,138,307
08/03/2023,MKC,MO,ACE,CE,Towers with Radar,4,69,61,0,134,0,9,15,1,25,4,78,76,1,159,36,0,36,195
08/04/2023,MKC,MO,ACE,CE,Towers with Radar,0,47,51,2,100,0,6,40,1,47,0,53,91,3,147,74,0,74,221
08/05/2023,MKC,MO,ACE,CE,Towers with Radar,0,43,50,0,93,0,14,47,0,61,0,57,97,0,154,147,0,147,301
08/06/2023,MKC,MO,ACE,CE,Towers with Radar,2,41,42,0,85,0,11,34,0,45,2,52,76,0,130,52,0,52,182
08/07/2023,MKC,MO,ACE,CE,Towers with Radar,0,52,54,2,108,0,23,90,0,113,0,75,144,2,221,308,0,308,529
08/08/2023,MKC,MO,ACE,CE,Towers with Radar,0,61,53,2,116,0,26,144,3,173,0,87,197,5,289,177,0,177,466
08/09/2023,MKC,MO,ACE,CE,Towers with Radar,0,53,35,0,88,0,7,29,0,36,0,60,64,0,124,113,0,113,237
08/10/2023,MKC,MO,ACE,CE,Towers with Radar,0,43,48,1,92,0,36,97,7,140,0,79,145,8,232,86,0,86,318
08/11/2023,MKC,MO,ACE,CE,Towers with Radar,3,36,26,2,67,0,27,130,3,160,3,63,156,5,227,123,0,123,350
08/12/2023,MKC,MO,ACE,CE,Towers with Radar,1,24,21,0,46,0,12,74,1,87,1,36,95,1,133,65,0,65,198
08/13/2023,MKC,MO,ACE,CE,Towers with Radar,1,35,21,0,57,0,0,3,0,3,1,35,24,0,60,0,0,0,60
08/14/2023,MKC,MO,ACE,CE,Towers with Radar,0,41,45,3,89,0,10,76,0,86,0,51,121,3,175,83,2,85,260
08/15/2023,MKC,MO,ACE,CE,Towers with Radar,1,57,44,0,102,0,33,113,0,146,1,90,157,0,248,184,0,184,432
08/16/2023,MKC,MO,ACE,CE,Towers with Radar,2,88,57,0,147,0,36,95,3,134,2,124,152,3,281,132,0,132,413
08/17/2023,MKC,MO,ACE,CE,Towers with Radar,4,75,45,2,126,0,19,111,2,132,4,94,156,4,258,151,0,151,409
08/18/2023,MKC,MO,ACE,CE,Towers with Radar,0,63,44,2,109,0,29,102,1,132,0,92,146,3,241,100,0,100,341
08/19/2023,MKC,MO,ACE,CE,Towers with Radar,0,43,37,0,80,0,35,94,1,130,0,78,131,1,210,110,0,110,320
08/20/2023,MKC,MO,ACE,CE,Towers with Radar,0,26,43,0,69,0,15,56,2,73,0,41,99,2,142,106,0,106,248
08/21/2023,MKC,MO,ACE,CE,Towers with Radar,0,37,41,0,78,0,22,86,2,110,0,59,127,2,188,162,0,162,350
08/22/2023,MKC,MO,ACE,CE,Towers with Radar,0,38,49,2,89,0,23,61,1,85,0,61,110,3,174,100,2,102,276
08/23/2023,MKC,MO,ACE,CE,Towers with Radar,0,58,47,0,105,0,35,86,5,126,0,93,133,5,231,117,2,119,350
08/24/2023,MKC,MO,ACE,CE,Towers with Radar,0,65,39,2,106,0,28,97,0,125,0,93,136,2,231,193,0,193,424
08/25/2023,MKC,MO,ACE,CE,Towers with Radar,1,43,53,0,97,0,7,100,0,107,1,50,153,0,204,133,0,133,337
08/26/2023,MKC,MO,ACE,CE,Towers with Radar,1,35,37,0,73,0,14,59,1,74,1,49,96,1,147,126,0,126,273
08/27/2023,MKC,MO,ACE,CE,Towers with Radar,4,41,35,0,80,0,15,68,1,84,4,56,103,1,164,61,0,61,225
08/28/2023,MKC,MO,ACE,CE,Towers with Radar,0,65,40,0,105,0,42,114,0,156,0,107,154,0,261,175,0,175,436
08/29/2023,MKC,MO,ACE,CE,Towers with Radar,0,62,54,2,118,0,24,108,0,132,0,86,162,2,250,156,0,156,406
08/30/2023,MKC,MO,ACE,CE,Towers with Radar,2,104,48,1,155,0,27,123,1,151,2,131,171,2,306,72,0,72,378
08/31/2023,MKC,MO,ACE,CE,Towers with Radar,2,69,67,2,140,0,45,88,0,133,2,114,155,2,273,119,0,119,392
01/01/2020,MKC,MO,ACE,CE,Towers with Radar,0,24,19,0,43,0,12,94,0,106,0,36,113,0,149,22,0,22,171
01/02/2020,MKC,MO,ACE,CE,Towers with Radar,0,31,37,1,69,0,10,81,0,91,0,41,118,1,160,51,0,51,211
01/03/2020,MKC,MO,ACE,CE,Towers with Radar,0,40,39,0,79,0,1,48,0,49,0,41,87,0,128,36,0,36,164
01/04/2020,MKC,MO,ACE,CE,Towers with Radar,0,36,32,0,68,0,1,391,0,392,0,37,423,0,460,147,7,154,614
01/05/2020,MKC,MO,ACE,CE,Towers with Radar,0,32,42,0,74,0,18,115,0,133,0,50,157,0,207,24,0,24,231
01/06/2020,MKC,MO,ACE,CE,Towers with Radar,0,27,42,2,71,0,12,178,0,190,0,39,220,2,261,96,0,96,357
01/07/2020,MKC,MO,ACE,CE,Towers with Radar,0,44,42,2,88,0,11,130,0,141,0,55,172,2,229,56,0,56,285
01/08/2020,MKC,MO,ACE,CE,Towers with Radar,0,51,60,0,111,0,13,91,3,107,0,64,151,3,218,80,2,82,300
01/09/2020,MKC,MO,ACE,CE,Towers with Radar,0,48,41,2,91,0,14,36,8,58,0,62,77,10,149,34,2,36,185
01/10/2020,MKC,MO,ACE,CE,Towers with Radar,0,37,40,1,78,0,0,1,0,1,0,37,41,1,79,0,0,0,79
01/11/2020,MKC,MO,ACE,CE,Towers with Radar,0,22,15,0,37,0,0,37,1,38,0,22,52,1,75,0,0,0,75
01/12/2020,MKC,MO,ACE,CE,Towers with Radar,0,47,91,7,145,0,0,4,2,6,0,47,95,9,151,0,0,0,151
01/13/2020,MKC,MO,ACE,CE,Towers with Radar,0,28,56,0,84,0,1,40,1,42,0,29,96,1,126,20,0,20,146
01/14/2020,MKC,MO,ACE,CE,Towers with Radar,0,45,41,5,91,0,2,43,2,47,0,47,84,7,138,26,0,26,164
01/15/2020,MKC,MO,ACE,CE,Towers with Radar,0,48,53,3,104,0,0,33,2,35,0,48,86,5,139,6,0,6,145
01/16/2020,MKC,MO,ACE,CE,Towers with Radar,0,63,80,2,145,0,3,81,4,88,0,66,161,6,233,58,0,58,291
01/17/2020,MKC,MO,ACE,CE,Towers with Radar,2,23,22,0,47,0,0,6,0,6,2,23,28,0,53,0,0,0,53
01/18/2020,MKC,MO,ACE,CE,Towers with Radar,0,24,44,0,68,0,3,58,0,61,0,27,102,0,129,46,0,46,175
01/19/2020,MKC,MO,ACE,CE,Towers with Radar,0,74,109,0,183,0,8,63,2,73,0,82,172,2,256,4,0,4,260
01/20/2020,MKC,MO,ACE,CE,Towers with Radar,0,38,59,0,97,0,6,71,3,80,0,44,130,3,177,88,0,88,265
01/21/2020,MKC,MO,ACE,CE,Towers with Radar,0,41,50,2,93,0,10,68,2,80,0,51,118,4,173,89,0,89,262
01/22/2020,MKC,MO,ACE,CE,Towers with Radar,0,48,24,0,72,0,0,2,0,2,0,48,26,0,74,0,0,0,74
01/23/2020,MKC,MO,ACE,CE,Towers with Radar,0,46,43,0,89,0,0,0,0,0,0,46,43,0,89,0,0,0,89
01/24/2020,MKC,MO,ACE,CE,Towers with Radar,0,45,47,0,92,0,0,0,0,0,0,45,47,0,92,0,0,0,92
01/25/2020,MKC,MO,ACE,CE,Towers with Radar,0,29,26,0,55,0,0,47,0,47,0,29,73,0,102,16,0,16,118
01/26/2020,MKC,MO,ACE,CE,Towers with Radar,0,32,30,0,62,0,3,6,0,9,0,35,36,0,71,0,0,0,71
01/27/2020,MKC,MO,ACE,CE,Towers with Radar,0,21,30,2,53,0,2,43,0,45,0,23,73,2,98,112,0,112,210
01/28/2020,MKC,MO,ACE,CE,Towers with Radar,0,46,35,0,81,0,0,2,0,2,0,46,37,0,83,0,0,0,83
01/29/2020,MKC,MO,ACE,CE,Towers with Radar,0,60,47,0,107,0,10,23,2,35,0,70,70,2,142,60,0,60,202
01/30/2020,MKC,MO,ACE,CE,Towers with Radar,0,62,61,0,123,0,15,86,12,113,0,77,147,12,236,95,0,95,331
01/31/2020,MKC,MO,ACE,CE,Towers with Radar,0,45,36,3,84,0,1,16,1,18,0,46,52,4,102,22,0,22,124
02/01/2020,MKC,MO,ACE,CE,Towers with Radar,0,35,54,0,89,1,5,120,2,128,1,40,174,2,217,50,0,50,267
02/02/2020,MKC,MO,ACE,CE,Towers with Radar,0,25,24,0,49,0,18,91,0,109,0,43,115,0,158,14,0,14,172
02/03/2020,MKC,MO,ACE,CE,Towers with Radar,0,55,88,0,143,1,6,81,7,95,1,61,169,7,238,95,17,112,350
02/04/2020,MKC,MO,ACE,CE,Towers with Radar,0,49,40,0,89,0,6,36,0,42,0,55,76,0,131,0,0,0,131
02/05/2020,MKC,MO,ACE,CE,Towers with Radar,0,49,28,0,77,0,8,22,17,47,0,57,50,17,124,47,0,47,171
02/06/2020,MKC,MO,ACE,CE,Towers with Radar,0,53,57,2,112,0,16,101,9,126,0,69,158,11,238,28,2,30,268
02/07/2020,MKC,MO,ACE,CE,Towers with Radar,0,50,36,0,86,0,3,62,2,67,0,53,98,2,153,48,2,50,203
02/08/2020,MKC,MO,ACE,CE,Towers with Radar,0,36,26,0,62,0,19,137,2,158,0,55,163,2,220,90,0,90,310
02/09/2020,MKC,MO,ACE,CE,Towers with Radar,0,22,34,0,56,0,7,78,1,86,0,29,112,1,142,30,0,30,172
02/10/2020,MKC,MO,ACE,CE,Towers with Radar,0,29,51,0,80,0,9,132,1,142,0,38,183,1,222,120,0,120,342
02/11/2020,MKC,MO,ACE,CE,Towers with Radar,0,43,70,1,114,0,10,135,2,147,0,53,205,3,261,55,2,57,318
02/12/2020,MKC,MO,ACE,CE,Towers with Radar,0,33,28,0,61,0,0,12,0,12,0,33,40,0,73,0,0,0,73
02/13/2020,MKC,MO,ACE,CE,Towers with Radar,0,57,50,0,107,0,8,54,0,62,0,65,104,0,169,86,0,86,255
02/14/2020,MKC,MO,ACE,CE,Towers with Radar,0,56,43,0,99,0,5,95,2,102,0,61,138,2,201,44,0,44,245
02/15/2020,MKC,MO,ACE,CE,Towers with Radar,0,26,18,0,44,0,1,83,2,86,0,27,101,2,130,108,0,108,238
02/16/2020,MKC,MO,ACE,CE,Towers with Radar,0,32,47,0,79,0,11,93,0,104,0,43,140,0,183,116,0,116,299
02/17/2020,MKC,MO,ACE,CE,Towers with Radar,0,56,50,0,106,0,12,104,0,116,0,68,154,0,222,88,1,89,311
02/18/2020,MKC,MO,ACE,CE,Towers with Radar,0,49,44,2,95,0,15,112,0,127,0,64,156,2,222,91,0,91,313
02/19/2020,MKC,MO,ACE,CE,Towers with Radar,0,50,53,1,104,0,12,116,5,133,0,62,169,6,237,38,0,38,275
02/20/2020,MKC,MO,ACE,CE,Towers with Radar,0,35,56,2,93,1,8,78,0,87,1,43,134,2,180,50,2,52,232
02/21/2020,MKC,MO,ACE,CE,Towers with Radar,0,39,48,1,88,0,10,86,1,97,0,49,134,2,185,96,4,100,285
02/22/2020,MKC,MO,ACE,CE,Towers with Radar,0,19,37,2,58,1,8,107,0,116,1,27,144,2,174,108,0,108,282
02/23/2020,MKC,MO,ACE,CE,Towers with Radar,0,18,30,2,50,0,5,65,0,70,0,23,95,2,120,44,0,44,164
02/24/2020,MKC,MO,ACE,CE,Towers with Radar,0,34,41,0,75,0,0,4,0,4,0,34,45,0,79,7,0,7,86
02/25/2020,MKC,MO,ACE,CE,Towers with Radar,0,50,46,2,98,0,17,69,3,89,0,67,115,5,187,68,0,68,255
02/26/2020,MKC,MO,ACE,CE,Towers with Radar,0,70,50,0,120,1,15,97,2,115,1,85,147,2,235,64,2,66,301
02/27/2020,MKC,MO,ACE,CE,Towers with Radar,0,52,58,0,110,0,9,68,0,77,0,61,126,0,187,58,2,60,247
02/28/2020,MKC,MO,ACE,CE,Towers with Radar,0,48,35,2,85,1,7,70,0,78,1,55,105,2,163,56,0,56,219
02/29/2020,MKC,MO,ACE,CE,Towers with Radar,0,43,42,1,86,0,9,144,0,153,0,52,186,1,239,30,0,30,269
03/01/2020,MKC,MO,ACE,CE,Towers with Radar,0,29,45,1,75,0,4,75,1,80,0,33,120,2,155,40,0,40,195
03/02/2020,MKC,MO,ACE,CE,Towers with Radar,0,43,38,0,81,0,26,107,0,133,0,69,145,0,214,31,0,31,245
03/03/2020,MKC,MO,ACE,CE,Towers with Radar,0,52,48,3,103,0,23,120,5,148,0,75,168,8,251,93,2,95,346
03/04/2020,MKC,MO,ACE,CE,Towers with Radar,0,50,65,5,120,0,28,143,2,173,0,78,208,7,293,42,0,42,335
03/05/2020,MKC,MO,ACE,CE,Towers with Radar,0,46,47,0,93,0,12,38,3,53,0,58,85,3,146,14,0,14,160
03/06/2020,MKC,MO,ACE,CE,Towers with Radar,0,42,53,0,95,0,2,120,1,123,0,44,173,1,218,94,2,96,314
03/07/2020,MKC,MO,ACE,CE,Towers with Radar,0,31,25,0,56,0,2,62,0,64,0,33,87,0,120,4,0,4,124
03/08/2020,MKC,MO,ACE,CE,Towers with Radar,0,37,28,0,65,0,28,64,1,93,0,65,92,1,158,12,0,12,170
03/09/2020,MKC,MO,ACE,CE,Towers with Radar,0,30,45,2,77,0,0,0,0,0,0,30,45,2,77,0,0,0,77
03/10/2020,MKC,MO,ACE,CE,Towers with Radar,8,59,65,2,134,0,2,85,0,87,8,61,150,2,221,73,0,73,294
03/11/2020,MKC,MO,ACE,CE,Towers with Radar,4,54,90,3,151,0,35,162,3,200,4,89,252,6,351,64,0,64,415
03/12/2020,MKC,MO,ACE,CE,Towers with Radar,10,73,54,0,137,1,21,69,0,91,11,94,123,0,228,40,0,40,268
03/13/2020,MKC,MO,ACE,CE,Towers with Radar,0,54,53,0,107,1,9,88,5,103,1,63,141,5,210,34,0,34,244
03/14/2020,MKC,MO,ACE,CE,Towers with Radar,0,30,22,0,52,0,0,1,0,1,0,30,23,0,53,0,0,0,53
03/15/2020,MKC,MO,ACE,CE,Towers with Radar,0,26,29,0,55,0,0,1,0,1,0,26,30,0,56,32,0,32,88
03/16/2020,MKC,MO,ACE,CE,Towers with Radar,0,27,12,0,39,0,0,0,0,0,0,27,12,0,39,2,0,2,41
03/17/2020,MKC,MO,ACE,CE,Towers with Radar,0,37,28,0,65,0,2,33,0,35,0,39,61,0,100,215,0,215,315
03/18/2020,MKC,MO,ACE,CE,Towers with Radar,0,28,37,2,67,0,0,20,0,20,0,28,57,2,87,44,0,44,131
03/19/2020,MKC,MO,ACE,CE,Towers with Radar,0,36,17,0,53,0,0,17,1,18,0,36,34,1,71,30,0,30,101
03/20/2020,MKC,MO,ACE,CE,Towers with Radar,1,32,30,0,63,0,0,13,0,13,1,32,43,0,76,0,0,0,76
03/21/2020,MKC,MO,ACE,CE,Towers with Radar,0,43,29,0,72,0,7,86,1,94,0,50,115,1,166,119,0,119,285
03/22/2020,MKC,MO,ACE,CE,Towers with Radar,0,21,23,0,44,0,0,0,0,0,0,21,23,0,44,0,0,0,44
03/23/2020,MKC,MO,ACE,CE,Towers with Radar,0,23,31,0,54,0,2,23,0,25,0,25,54,0,79,44,0,44,123
03/24/2020,MKC,MO,ACE,CE,Towers with Radar,0,15,18,0,33,0,0,6,0,6,0,15,24,0,39,4,0,4,43
03/25/2020,MKC,MO,ACE,CE,Towers with Radar,0,19,11,0,30,0,0,31,0,31,0,19,42,0,61,2,0,2,63
03/26/2020,MKC,MO,ACE,CE,Towers with Radar,0,29,8,2,39,0,7,23,1,31,0,36,31,3,70,66,0,66,136
03/27/2020,MKC,MO,ACE,CE,Towers with Radar,0,20,8,0,28,0,0,0,0,0,0,20,8,0,28,0,0,0,28
03/28/2020,MKC,MO,ACE,CE,Towers with Radar,0,15,4,0,19,0,1,7,0,8,0,16,11,0,27,0,0,0,27
03/29/2020,MKC,MO,ACE,CE,Towers with Radar,0,10,9,0,19,0,3,55,0,58,0,13,64,0,77,34,0,34,111
03/30/2020,MKC,MO,ACE,CE,Towers with Radar,0,17,16,0,33,0,4,48,2,54,0,21,64,2,87,23,0,23,110
03/31/2020,MKC,MO,ACE,CE,Towers with Radar,0,28,9,2,39,0,15,41,0,56,0,43,50,2,95,41,0,41,136
04/01/2020,MKC,MO,ACE,CE,Towers with Radar,0,20,14,0,34,0,13,71,1,85,0,33,85,1,119,36,0,36,155
04/02/2020,MKC,MO,ACE,CE,Towers with Radar,0,23,13,0,36,0,1,47,0,48,0,24,60,0,84,18,0,18,102
04/03/2020,MKC,MO,ACE,CE,Towers with Radar,0,18,10,0,28,0,0,5,0,5,0,18,15,0,33,0,0,0,33
04/04/2020,MKC,MO,ACE,CE,Towers with Radar,0,19,10,0,29,0,4,57,2,63,0,23,67,2,92,48,0,48,140
04/05/2020,MKC,MO,ACE,CE,Towers with Radar,0,1,11,0,12,0,0,30,0,30,0,1,41,0,42,42,0,42,84
04/06/2020,MKC,MO,ACE,CE,Towers with Radar,0,11,10,2,23,0,0,9,0,9,0,11,19,2,32,0,0,0,32
04/07/2020,MKC,MO,ACE,CE,Towers with Radar,0,23,16,1,40,0,2,59,5,66,0,25,75,6,106,26,0,26,132
04/08/2020,MKC,MO,ACE,CE,Towers with Radar,0,20,5,0,25,0,1,23,0,24,0,21,28,0,49,4,0,4,53
04/09/2020,MKC,MO,ACE,CE,Towers with Radar,0,27,12,0,39,0,2,34,1,37,0,29,46,1,76,16,0,16,92
04/10/2020,MKC,MO,ACE,CE,Towers with Radar,0,27,19,2,48,0,8,106,1,115,0,35,125,3,163,48,0,48,211
04/11/2020,MKC,MO,ACE,CE,Towers with Radar,0,20,3,0,23,0,4,6,0,10,0,24,9,0,33,0,0,0,33
04/12/2020,MKC,MO,ACE,CE,Towers with Radar,0,7,2,0,9,0,0,0,0,0,0,7,2,0,9,0,0,0,9
04/13/2020,MKC,MO,ACE,CE,Towers with Radar,0,8,10,2,20,0,2,38,0,40,0,10,48,2,60,10,0,10,70
04/14/2020,MKC,MO,ACE,CE,Towers with Radar,0,17,6,2,25,0,5,32,2,39,0,22,38,4,64,0,0,0,64
04/15/2020,MKC,MO,ACE,CE,Towers with Radar,0,26,16,0,42,0,2,45,1,48,0,28,61,1,90,40,0,40,130
04/16/2020,MKC,MO,ACE,CE,Towers with Radar,0,18,10,0,28,0,0,16,0,16,0,18,26,0,44,4,0,4,48
04/17/2020,MKC,MO,ACE,CE,Towers with Radar,0,28,7,0,35,0,0,22,0,22,0,28,29,0,57,0,0,0,57
04/18/2020,MKC,MO,ACE,CE,Towers with Radar,0,17,7,0,24,0,0,34,0,34,0,17,41,0,58,17,0,17,75
04/19/2020,MKC,MO,ACE,CE,Towers with Radar,0,7,15,0,22,0,4,32,0,36,0,11,47,0,58,0,0,0,58
04/20/2020,MKC,MO,ACE,CE,Towers with Radar,0,7,9,0,16,0,11,53,0,64,0,18,62,0,80,54,0,54,134
04/21/2020,MKC,MO,ACE,CE,Towers with Radar,0,17,14,0,31,0,4,82,1,87,0,21,96,1,118,29,0,29,147
04/22/2020,MKC,MO,ACE,CE,Towers with Radar,0,14,12,0,26,0,19,21,1,41,0,33,33,1,67,0,0,0,67
04/23/2020,MKC,MO,ACE,CE,Towers with Radar,0,26,21,0,47,0,3,77,0,80,0,29,98,0,127,108,0,108,235
04/24/2020,MKC,MO,ACE,CE,Towers with Radar,0,16,7,0,23,0,0,1,0,1,0,16,8,0,24,0,0,0,24
04/25/2020,MKC,MO,ACE,CE,Towers with Radar,0,18,7,0,25,0,0,9,0,9,0,18,16,0,34,4,0,4,38
04/26/2020,MKC,MO,ACE,CE,Towers with Radar,0,5,19,0,24,0,0,66,0,66,0,5,85,0,90,46,0,46,136
04/27/2020,MKC,MO,ACE,CE,Towers with Radar,0,13,13,0,26,0,1,40,2,43,0,14,53,2,69,8,0,8,77
04/28/2020,MKC,MO,ACE,CE,Towers with Radar,0,21,3,0,24,0,0,52,0,52,0,21,55,0,76,10,0,10,86
04/29/2020,MKC,MO,ACE,CE,Towers with Radar,0,20,11,0,31,0,1,24,0,25,0,21,35,0,56,22,0,22,78
04/30/2020,MKC,MO,ACE,CE,Towers with Radar,0,18,19,0,37,0,21,102,2,125,0,39,121,2,162,132,0,132,294
05/01/2020,MKC,MO,ACE,CE,Towers with Radar,0,23,27,0,50,0,39,61,2,102,0,62,88,2,152,62,0,62,214
05/02/2020,MKC,MO,ACE,CE,Towers with Radar,0,20,16,0,36,0,15,108,1,124,0,35,124,1,160,54,0,54,214
05/03/2020,MKC,MO,ACE,CE,Towers with Radar,0,10,13,0,23,0,9,48,0,57,0,19,61,0,80,22,0,22,102
05/04/2020,MKC,MO,ACE,CE,Towers with Radar,0,8,9,0,17,0,23,15,0,38,0,31,24,0,55,12,0,12,67
05/05/2020,MKC,MO,ACE,CE,Towers with Radar,0,23,14,0,37,0,0,19,1,20,0,23,33,1,57,8,2,10,67
05/06/2020,MKC,MO,ACE,CE,Towers with Radar,0,31,22,3,56,0,10,75,4,89,0,41,97,7,145,102,0,102,247
05/07/2020,MKC,MO,ACE,CE,Towers with Radar,0,26,23,0,49,0,1,51,0,52,0,27,74,0,101,62,0,62,163
05/08/2020,MKC,MO,ACE,CE,Towers with Radar,0,33,37,0,70,0,5,73,0,78,0,38,110,0,148,65,0,65,213
05/09/2020,MKC,MO,ACE,CE,Towers with Radar,0,32,26,0,58,0,2,93,0,95,0,34,119,0,153,97,0,97,250
05/10/2020,MKC,MO,ACE,CE,Towers with Radar,0,10,10,0,20,0,13,64,0,77,0,23,74,0,97,24,0,24,121
05/11/2020,MKC,MO,ACE,CE,Towers with Radar,0,15,38,2,55,0,5,93,3,101,0,20,131,5,156,36,0,36,192
05/12/2020,MKC,MO,ACE,CE,Towers with Radar,0,31,18,0,49,0,5,63,0,68,0,36,81,0,117,46,0,46,163
05/13/2020,MKC,MO,ACE,CE,Towers with Radar,0,23,33,0,56,0,1,8,0,9,0,24,41,0,65,50,0,50,115
05/14/2020,MKC,MO,ACE,CE,Towers with Radar,0,33,35,0,68,0,0,49,0,49,0,33,84,0,117,144,0,144,261
05/15/2020,MKC,MO,ACE,CE,Towers with Radar,0,43,26,0,69,0,0,13,0,13,0,43,39,0,82,126,0,126,208
05/16/2020,MKC,MO,ACE,CE,Towers with Radar,0,14,11,0,25,0,0,5,0,5,0,14,16,0,30,58,0,58,88
05/17/2020,MKC,MO,ACE,CE,Towers with Radar,0,8,24,0,32,0,4,40,2,46,0,12,64,2,78,15,0,15,93
05/18/2020,MKC,MO,ACE,CE,Towers with Radar,0,29,41,0,70,0,5,73,0,78,0,34,114,0,148,99,0,99,247
05/19/2020,MKC,MO,ACE,CE,Towers with Radar,0,28,48,0,76,0,9,98,0,107,0,37,146,0,183,112,0,112,295
05/20/2020,MKC,MO,ACE,CE,Towers with Radar,0,36,45,0,81,2,16,59,0,77,2,52,104,0,158,130,0,130,288
05/21/2020,MKC,MO,ACE,CE,Towers with Radar,0,38,59,0,97,0,24,40,0,64,0,62,99,0,161,117,0,117,278
05/22/2020,MKC,MO,ACE,CE,Towers with Radar,0,23,33,0,56,0,6,31,0,37,0,29,64,0,93,57,0,57,150
05/23/2020,MKC,MO,ACE,CE,Towers with Radar,0,21,24,2,47,0,22,116,0,138,0,43,140,2,185,113,0,113,298
05/24/2020,MKC,MO,ACE,CE,Towers with Radar,0,10,13,0,23,0,6,46,0,52,0,16,59,0,75,29,0,29,104
05/25/2020,MKC,MO,ACE,CE,Towers with Radar,0,14,23,0,37,0,2,21,0,23,0,16,44,0,60,49,0,49,109
05/26/2020,MKC,MO,ACE,CE,Towers with Radar,0,19,35,0,54,0,0,8,0,8,0,19,43,0,62,6,0,6,68
05/27/2020,MKC,MO,ACE,CE,Towers with Radar,0,52,38,0,90,0,14,49,0,63,0,66,87,0,153,52,0,52,205
05/28/2020,MKC,MO,ACE,CE,Towers with Radar,0,26,24,2,52,0,0,10,0,10,0,26,34,2,62,10,0,10,72
05/29/2020,MKC,MO,ACE,CE,Towers with Radar,0,33,47,0,80,0,16,182,2,200,0,49,229,2,280,77,0,77,357
05/30/2020,MKC,MO,ACE,CE,Towers with Radar,0,16,24,0,40,0,27,108,2,137,0,43,132,2,177,22,0,22,199
05/31/2020,MKC,MO,ACE,CE,Towers with Radar,0,11,22,0,33,0,13,61,1,75,0,24,83,1,108,58,0,58,166
06/01/2020,MKC,MO,ACE,CE,Towers with Radar,0,25,35,0,60,0,15,62,3,80,0,40,97,3,140,40,2,42,182
06/02/2020,MKC,MO,ACE,CE,Towers with Radar,0,31,36,0,67,0,20,76,4,100,0,51,112,4,167,108,2,110,277
06/03/2020,MKC,MO,ACE,CE,Towers with Radar,0,39,35,0,74,0,4,80,1,85,0,43,115,1,159,75,0,75,234
06/04/2020,MKC,MO,ACE,CE,Towers with Radar,0,36,36,2,74,0,16,79,0,95,0,52,115,2,169,104,0,104,273
06/05/2020,MKC,MO,ACE,CE,Towers with Radar,0,29,31,0,60,0,6,126,0,132,0,35,157,0,192,92,0,92,284
06/06/2020,MKC,MO,ACE,CE,Towers with Radar,0,32,13,0,45,0,7,86,0,93,0,39,99,0,138,60,0,60,198
06/07/2020,MKC,MO,ACE,CE,Towers with Radar,0,29,24,0,53,0,22,83,0,105,0,51,107,0,158,86,0,86,244
06/08/2020,MKC,MO,ACE,CE,Towers with Radar,0,14,42,0,56,0,14,112,0,126,0,28,154,0,182,78,0,78,260
06/09/2020,MKC,MO,ACE,CE,Towers with Radar,0,35,39,2,76,0,8,53,0,61,0,43,92,2,137,24,0,24,161
06/10/2020,MKC,MO,ACE,CE,Towers with Radar,4,27,30,4,65,0,0,26,0,26,4,27,56,4,91,12,2,14,105
06/11/2020,MKC,MO,ACE,CE,Towers with Radar,2,42,42,1,87,0,14,93,2,109,2,56,135,3,196,167,0,167,363
06/12/2020,MKC,MO,ACE,CE,Towers with Radar,0,45,43,0,88,0,20,87,2,109,0,65,130,2,197,52,0,52,249
06/13/2020,MKC,MO,ACE,CE,Towers with Radar,0,34,34,0,68,0,41,116,4,161,0,75,150,4,229,67,0,67,296
06/14/2020,MKC,MO,ACE,CE,Towers with Radar,0,15,19,0,34,0,4,73,0,77,0,19,92,0,111,46,0,46,157
06/15/2020,MKC,MO,ACE,CE,Towers with Radar,0,13,39,0,52,0,9,99,1,109,0,22,138,1,161,44,0,44,205
06/16/2020,MKC,MO,ACE,CE,Towers with Radar,0,31,33,0,64,0,8,92,1,101,0,39,125,1,165,82,0,82,247
06/17/2020,MKC,MO,ACE,CE,Towers with Radar,0,24,69,2,95,0,15,97,2,114,0,39,166,4,209,71,0,71,280
06/18/2020,MKC,MO,ACE,CE,Towers with Radar,0,37,56,2,95,0,8,106,0,114,0,45,162,2,209,75,2,77,286
06/19/2020,MKC,MO,ACE,CE,Towers with Radar,0,38,43,0,81,0,6,47,0,53,0,44,90,0,134,36,0,36,170
06/20/2020,MKC,MO,ACE,CE,Towers with Radar,0,23,22,2,47,0,18,70,0,88,0,41,92,2,135,0,0,0,135
06/21/2020,MKC,MO,ACE,CE,Towers with Radar,0,30,32,0,62,0,17,93,0,110,0,47,125,0,172,12,0,12,184
06/22/2020,MKC,MO,ACE,CE,Towers with Radar,0,17,27,0,44,0,25,84,0,109,0,42,111,0,153,116,0,116,269
06/23/2020,MKC,MO,ACE,CE,Towers with Radar,0,22,33,0,55,0,19,73,2,94,0,41,106,2,149,30,1,31,180
06/24/2020,MKC,MO,ACE,CE,Towers with Radar,0,38,51,0,89,0,14,123,0,137,0,52,174,0,226,92,2,94,320
06/25/2020,MKC,MO,ACE,CE,Towers with Radar,0,39,52,0,91,0,5,81,0,86,0,44,133,0,177,26,2,28,205
06/26/2020,MKC,MO,ACE,CE,Towers with Radar,0,35,34,2,71,0,8,81,5,94,0,43,115,7,165,30,0,30,195
06/27/2020,MKC,MO,ACE,CE,Towers with Radar,0,30,35,0,65,0,0,32,0,32,0,30,67,0,97,52,0,52,149
06/28/2020,MKC,MO,ACE,CE,Towers with Radar,0,27,32,0,59,0,2,65,0,67,0,29,97,0,126,4,0,4,130
06/29/2020,MKC,MO,ACE,CE,Towers with Radar,0,18,36,6,60,0,9,59,0,68,0,27,95,6,128,89,0,89,217
06/30/2020,MKC,MO,ACE,CE,Towers with Radar,0,42,48,0,90,0,2,67,0,69,0,44,115,0,159,102,0,102,261
07/01/2020,MKC,MO,ACE,CE,Towers with Radar,0,28,34,0,62,0,6,63,2,71,0,34,97,2,133,95,0,95,228
07/02/2020,MKC,MO,ACE,CE,Towers with Radar,0,31,45,0,76,0,7,93,2,102,0,38,138,2,178,54,0,54,232
07/03/2020,MKC,MO,ACE,CE,Towers with Radar,0,28,29,0,57,0,11,64,1,76,0,39,93,1,133,48,0,48,181
07/04/2020,MKC,MO,ACE,CE,Towers with Radar,0,27,11,0,38,0,0,12,0,12,0,27,23,0,50,2,0,2,52
07/05/2020,MKC,MO,ACE,CE,Towers with Radar,2,41,32,0,75,0,6,90,1,97,2,47,122,1,172,67,0,67,239
07/06/2020,MKC,MO,ACE,CE,Towers with Radar,0,35,51,2,88,0,18,87,0,105,0,53,138,2,193,109,0,109,302
07/07/2020,MKC,MO,ACE,CE,Towers with Radar,0,39,50,1,90,0,7,83,4,94,0,46,133,5,184,35,0,35,219
07/08/2020,MKC,MO,ACE,CE,Towers with Radar,0,39,62,2,103,0,13,110,5,128,0,52,172,7,231,65,0,65,296
07/09/2020,MKC,MO,ACE,CE,Towers with Radar,0,33,38,1,72,0,9,57,1,67,0,42,95,2,139,55,0,55,194
07/10/2020,MKC,MO,ACE,CE,Towers with Radar,0,38,24,0,62,0,17,92,0,109,0,55,116,0,171,66,0,66,237
07/11/2020,MKC,MO,ACE,CE,Towers with Radar,0,37,25,0,62,0,2,96,1,99,0,39,121,1,161,40,0,40,201
07/12/2020,MKC,MO,ACE,CE,Towers with Radar,0,19,38,0,57,0,4,135,0,139,0,23,173,0,196,72,0,72,268
07/13/2020,MKC,MO,ACE,CE,Towers with Radar,0,16,46,2,64,0,10,143,14,167,0,26,189,16,231,87,0,87,318
07/14/2020,MKC,MO,ACE,CE,Towers with Radar,0,36,34,0,70,0,3,74,4,81,0,39,108,4,151,64,2,66,217
07/15/2020,MKC,MO,ACE,CE,Towers with Radar,0,32,53,4,89,0,0,48,2,50,0,32,101,6,139,81,0,81,220
07/16/2020,MKC,MO,ACE,CE,Towers with Radar,0,38,53,0,91,0,11,88,1,100,0,49,141,1,191,34,0,34,225
07/17/2020,MKC,MO,ACE,CE,Towers with Radar,0,35,41,0,76,0,12,92,0,104,0,47,133,0,180,37,0,37,217
07/18/2020,MKC,MO,ACE,CE,Towers with Radar,0,44,25,0,69,0,11,95,2,108,0,55,120,2,177,139,0,139,316
07/19/2020,MKC,MO,ACE,CE,Towers with Radar,0,30,29,0,59,0,6,52,0,58,0,36,81,0,117,31,0,31,148
07/20/2020,MKC,MO,ACE,CE,Towers with Radar,2,37,29,0,68,0,2,65,1,68,2,39,94,1,136,30,0,30,166
07/21/2020,MKC,MO,ACE,CE,Towers with Radar,4,43,28,0,75,0,2,21,0,23,4,45,49,0,98,18,4,22,120
07/22/2020,MKC,MO,ACE,CE,Towers with Radar,0,39,45,2,86,0,5,105,0,110,0,44,150,2,196,47,0,47,243
07/23/2020,MKC,MO,ACE,CE,Towers with Radar,0,35,56,2,93,1,18,117,4,140,1,53,173,6,233,88,0,88,321
07/24/2020,MKC,MO,ACE,CE,Towers with Radar,0,43,32,2,77,0,19,90,5,114,0,62,122,7,191,73,0,73,264
07/25/2020,MKC,MO,ACE,CE,Towers with Radar,0,29,30,0,59,0,4,156,0,160,0,33,186,0,219,8,0,8,227
07/26/2020,MKC,MO,ACE,CE,Towers with Radar,0,20,20,0,40,0,4,53,6,63,0,24,73,6,103,0,0,0,103
07/27/2020,MKC,MO,ACE,CE,Towers with Radar,0,20,26,0,46,0,1,27,0,28,0,21,53,0,74,46,0,46,120
07/28/2020,MKC,MO,ACE,CE,Towers with Radar,0,41,46,1,88,0,6,69,1,76,0,47,115,2,164,77,0,77,241
07/29/2020,MKC,MO,ACE,CE,Towers with Radar,1,34,41,0,76,1,1,28,1,31,2,35,69,1,107,48,0,48,155
07/30/2020,MKC,MO,ACE,CE,Towers with Radar,1,38,41,0,80,0,0,1,1,2,1,38,42,1,82,20,0,20,102
07/31/2020,MKC,MO,ACE,CE,Towers with Radar,4,40,45,3,92,0,1,65,1,67,4,41,110,4,159,20,0,20,179
08/01/2020,MKC,MO,ACE,CE,Towers with Radar,0,39,39,1,79,1,5,117,0,123,1,44,156,1,202,32,0,32,234
08/02/2020,MKC,MO,ACE,CE,Towers with Radar,4,31,44,2,81,0,14,66,2,82,4,45,110,4,163,32,0,32,195
08/03/2020,MKC,MO,ACE,CE,Towers with Radar,0,38,29,1,68,0,10,83,3,96,0,48,112,4,164,78,0,78,242
08/04/2020,MKC,MO,ACE,CE,Towers with Radar,0,42,22,3,67,0,8,160,4,172,0,50,182,7,239,74,1,75,314
08/05/2020,MKC,MO,ACE,CE,Towers with Radar,4,44,31,1,80,0,12,123,6,141,4,56,154,7,221,99,0,99,320
08/06/2020,MKC,MO,ACE,CE,Towers with Radar,4,38,43,0,85,0,11,98,1,110,4,49,141,1,195,67,0,67,262
08/07/2020,MKC,MO,ACE,CE,Towers with Radar,0,41,37,0,78,0,3,52,0,55,0,44,89,0,133,25,0,25,158
08/08/2020,MKC,MO,ACE,CE,Towers with Radar,0,45,32,0,77,0,2,96,3,101,0,47,128,3,178,58,0,58,236
08/09/2020,MKC,MO,ACE,CE,Towers with Radar,2,29,26,0,57,0,12,58,1,71,2,41,84,1,128,28,0,28,156
08/10/2020,MKC,MO,ACE,CE,Towers with Radar,2,30,39,0,71,0,7,89,0,96,2,37,128,0,167,68,0,68,235
08/11/2020,MKC,MO,ACE,CE,Towers with Radar,0,33,40,0,73,0,10,100,2,112,0,43,140,2,185,150,0,150,335
08/12/2020,MKC,MO,ACE,CE,Towers with Radar,0,28,30,1,59,0,18,79,3,100,0,46,109,4,159,62,0,62,221
08/13/2020,MKC,MO,ACE,CE,Towers with Radar,0,63,42,0,105,0,8,69,2,79,0,71,111,2,184,76,0,76,260
08/14/2020,MKC,MO,ACE,CE,Towers with Radar,0,49,53,0,102,0,17,102,1,120,0,66,155,1,222,86,0,86,308
08/15/2020,MKC,MO,ACE,CE,Towers with Radar,0,36,23,0,59,0,1,94,2,97,0,37,117,2,156,10,0,10,166
08/16/2020,MKC,MO,ACE,CE,Towers with Radar,0,27,49,0,76,0,30,74,2,106,0,57,123,2,182,32,0,32,214
08/17/2020,MKC,MO,ACE,CE,Towers with Radar,0,29,24,0,53,0,4,77,1,82,0,33,101,1,135,34,0,34,169
08/18/2020,MKC,MO,ACE,CE,Towers with Radar,4,44,40,1,89,0,0,85,2,87,4,44,125,3,176,42,0,42,218
08/19/2020,MKC,MO,ACE,CE,Towers with Radar,2,29,59,4,94,0,10,81,3,94,2,39,140,7,188,52,0,52,240
08/20/2020,MKC,MO,ACE,CE,Towers with Radar,0,21,29,0,50,0,7,79,7,93,0,28,108,7,143,76,16,92,235
08/21/2020,MKC,MO,ACE,CE,Towers with Radar,4,40,43,1,88,0,0,129,2,131,4,40,172,3,219,120,0,120,339
08/22/2020,MKC,MO,ACE,CE,Towers with Radar,2,22,43,0,67,0,10,103,1,114,2,32,146,1,181,22,0,22,203
08/23/2020,MKC,MO,ACE,CE,Towers with Radar,4,18,17,0,39,0,7,134,3,144,4,25,151,3,183,22,0,22,205
08/24/2020,MKC,MO,ACE,CE,Towers with Radar,0,23,26,0,49,0,10,60,6,76,0,33,86,6,125,96,0,96,221
08/25/2020,MKC,MO,ACE,CE,Towers with Radar,1,35,24,3,63,0,20,83,9,112,1,55,107,12,175,83,0,83,258
08/26/2020,MKC,MO,ACE,CE,Towers with Radar,1,34,49,3,87,0,4,97,2,103,1,38,146,5,190,46,2,48,238
08/27/2020,MKC,MO,ACE,CE,Towers with Radar,0,45,38,2,85,0,13,72,9,94,0,58,110,11,179,73,0,73,252
08/28/2020,MKC,MO,ACE,CE,Towers with Radar,0,47,38,0,85,0,0,54,2,56,0,47,92,2,141,40,4,44,185
08/29/2020,MKC,MO,ACE,CE,Towers with Radar,2,26,28,0,56,0,5,58,1,64,2,31,86,1,120,0,0,0,120
08/30/2020,MKC,MO,ACE,CE,Towers with Radar,6,35,37,0,78,0,4,74,0,78,6,39,111,0,156,26,0,26,182
08/31/2020,MKC,MO,ACE,CE,Towers with Radar,0,29,31,0,60,0,0,25,0,25,0,29,56,0,85,43,0,43,128
09/01/2020,MKC,MO,ACE,CE,Towers with Radar,0,36,43,0,79,0,4,57,1,62,0,40,100,1,141,72,0,72,213
09/02/2020,MKC,MO,ACE,CE,Towers with Radar,4,46,57,10,117,0,5,83,2,90,4,51,140,12,207,50,0,50,257
09/03/2020,MKC,MO,ACE,CE,Towers with Radar,2,32,53,1,88,0,3,49,2,54,2,35,102,3,142,52,0,52,194
09/04/2020,MKC,MO,ACE,CE,Towers with Radar,0,33,43,1,77,0,11,106,0,117,0,44,149,1,194,48,0,48,242
09/05/2020,MKC,MO,ACE,CE,Towers with Radar,2,18,19,0,39,0,10,111,0,121,2,28,130,0,160,18,0,18,178
09/06/2020,MKC,MO,ACE,CE,Towers with Radar,6,15,12,0,33,0,0,13,0,13,6,15,25,0,46,0,0,0,46
09/07/2020,MKC,MO,ACE,CE,Towers with Radar,0,23,41,0,64,0,9,84,1,94,0,32,125,1,158,104,0,104,262
09/08/2020,MKC,MO,ACE,CE,Towers with Radar,0,28,35,2,65,0,0,3,0,3,0,28,38,2,68,0,0,0,68
09/09/2020,MKC,MO,ACE,CE,Towers with Radar,0,49,29,0,78,0,0,0,0,0,0,49,29,0,78,0,0,0,78
09/10/2020,MKC,MO,ACE,CE,Towers with Radar,1,58,65,0,124,0,0,0,0,0,1,58,65,0,124,0,0,0,124
09/11/2020,MKC,MO,ACE,CE,Towers with Radar,1,51,83,0,135,0,0,0,0,0,1,51,83,0,135,0,0,0,135
09/12/2020,MKC,MO,ACE,CE,Towers with Radar,0,31,26,0,57,0,4,78,0,82,0,35,104,0,139,44,0,44,183
09/13/2020,MKC,MO,ACE,CE,Towers with Radar,6,15,36,2,59,0,8,112,0,120,6,23,148,2,179,48,0,48,227
09/14/2020,MKC,MO,ACE,CE,Towers with Radar,2,34,54,2,92,0,6,87,6,99,2,40,141,8,191,58,0,58,249
09/15/2020,MKC,MO,ACE,CE,Towers with Radar,0,59,49,0,108,0,4,101,4,109,0,63,150,4,217,46,0,46,263
09/16/2020,MKC,MO,ACE,CE,Towers with Radar,0,30,51,0,81,0,7,135,3,145,0,37,186,3,226,67,0,67,293
09/17/2020,MKC,MO,ACE,CE,Towers with Radar,0,49,48,5,102,0,2,82,1,85,0,51,130,6,187,73,0,73,260
09/18/2020,MKC,MO,ACE,CE,Towers with Radar,1,40,34,0,75,0,2,116,4,122,1,42,150,4,197,107,0,107,304
09/19/2020,MKC,MO,ACE,CE,Towers with Radar,1,33,21,0,55,0,6,114,0,120,1,39,135,0,175,58,1,59,234
09/20/2020,MKC,MO,ACE,CE,Towers with Radar,4,32,28,0,64,0,5,99,0,104,4,37,127,0,168,68,0,68,236
09/21/2020,MKC,MO,ACE,CE,Towers with Radar,0,38,31,0,69,0,10,63,3,76,0,48,94,3,145,128,11,139,284
09/22/2020,MKC,MO,ACE,CE,Towers with Radar,0,42,43,1,86,0,23,103,4,130,0,65,146,5,216,60,0,60,276
09/23/2020,MKC,MO,ACE,CE,Towers with Radar,4,35,37,4,80,0,11,77,1,89,4,46,114,5,169,35,0,35,204
09/24/2020,MKC,MO,ACE,CE,Towers with Radar,0,48,52,3,103,0,3,90,1,94,0,51,142,4,197,22,0,22,219
09/25/2020,MKC,MO,ACE,CE,Towers with Radar,0,38,34,0,72,0,3,92,0,95,0,41,126,0,167,94,1,95,262
09/26/2020,MKC,MO,ACE,CE,Towers with Radar,0,28,35,0,63,0,1,94,0,95,0,29,129,0,158,34,0,34,192
09/27/2020,MKC,MO,ACE,CE,Towers with Radar,0,18,31,0,49,0,0,1,0,1,0,18,32,0,50,0,0,0,50
09/28/2020,MKC,MO,ACE,CE,Towers with Radar,0,26,54,0,80,0,18,61,14,93,0,44,115,14,173,38,0,38,211
09/29/2020,MKC,MO,ACE,CE,Towers with Radar,0,39,42,2,83,1,20,75,0,96,1,59,117,2,179,119,0,119,298
09/30/2020,MKC,MO,ACE,CE,Towers with Radar,0,43,37,0,80,0,17,63,2,82,0,60,100,2,162,14,0,14,176
10/01/2020,MKC,MO,ACE,CE,Towers with Radar,0,43,52,0,95,0,8,47,6,61,0,51,99,6,156,33,0,33,189
10/02/2020,MKC,MO,ACE,CE,Towers with Radar,0,43,49,0,92,0,10,83,0,93,0,53,132,0,185,32,0,32,217
10/03/2020,MKC,MO,ACE,CE,Towers with Radar,2,19,35,0,56,0,4,64,0,68,2,23,99,0,124,28,0,28,152
10/04/2020,MKC,MO,ACE,CE,Towers with Radar,2,18,45,2,67,0,11,71,0,82,2,29,116,2,149,78,0,78,227
10/05/2020,MKC,MO,ACE,CE,Towers with Radar,0,37,50,0,87,0,13,117,0,130,0,50,167,0,217,36,0,36,253
10/06/2020,MKC,MO,ACE,CE,Towers with Radar,0,45,47,2,94,0,15,105,0,120,0,60,152,2,214,101,0,101,315
10/07/2020,MKC,MO,ACE,CE,Towers with Radar,2,44,40,0,86,0,7,79,1,87,2,51,119,1,173,18,0,18,191
10/08/2020,MKC,MO,ACE,CE,Towers with Radar,0,54,54,1,109,1,8,63,3,75,1,62,117,4,184,51,0,51,235
10/09/2020,MKC,MO,ACE,CE,Towers with Radar,0,34,43,0,77,0,7,49,0,56,0,41,92,0,133,62,0,62,195
10/10/2020,MKC,MO,ACE,CE,Towers with Radar,0,35,26,2,63,0,1,88,4,93,0,36,114,6,156,37,0,37,193
10/11/2020,MKC,MO,ACE,CE,Towers with Radar,2,32,36,1,71,0,5,71,2,78,2,37,107,3,149,38,0,38,187
10/12/2020,MKC,MO,ACE,CE,Towers with Radar,0,31,26,2,59,0,7,48,0,55,0,38,74,2,114,54,0,54,168
10/13/2020,MKC,MO,ACE,CE,Towers with Radar,0,27,45,1,73,0,9,83,1,93,0,36,128,2,166,116,7,123,289
10/14/2020,MKC,MO,ACE,CE,Towers with Radar,2,32,33,0,67,0,3,37,0,40,2,35,70,0,107,8,0,8,115
10/15/2020,MKC,MO,ACE,CE,Towers with Radar,1,42,61,0,104,0,4,58,1,63,1,46,119,1,167,51,0,51,218
10/16/2020,MKC,MO,ACE,CE,Towers with Radar,1,39,54,0,94,1,12,83,1,97,2,51,137,1,191,90,0,90,281
10/17/2020,MKC,MO,ACE,CE,Towers with Radar,2,27,17,0,46,0,11,49,0,60,2,38,66,0,106,0,0,0,106
10/18/2020,MKC,MO,ACE,CE,Towers with Radar,0,22,56,0,78,0,4,70,1,75,0,26,126,1,153,32,0,32,185
10/19/2020,MKC,MO,ACE,CE,Towers with Radar,0,25,57,0,82,0,14,85,1,100,0,39,142,1,182,95,0,95,277
10/20/2020,MKC,MO,ACE,CE,Towers with Radar,0,49,39,0,88,0,0,3,0,3,0,49,42,0,91,0,0,0,91
10/21/2020,MKC,MO,ACE,CE,Towers with Radar,0,45,62,0,107,0,0,1,0,1,0,45,63,0,108,0,0,0,108
10/22/2020,MKC,MO,ACE,CE,Towers with Radar,0,40,42,0,82,0,1,29,0,30,0,41,71,0,112,29,0,29,141
10/23/2020,MKC,MO,ACE,CE,Towers with Radar,0,54,29,0,83,0,2,33,1,36,0,56,62,1,119,44,0,44,163
10/24/2020,MKC,MO,ACE,CE,Towers with Radar,2,38,34,0,74,0,14,116,0,130,2,52,150,0,204,146,0,146,350
10/25/2020,MKC,MO,ACE,CE,Towers with Radar,0,29,29,0,58,1,0,7,0,8,1,29,36,0,66,0,0,0,66
10/26/2020,MKC,MO,ACE,CE,Towers with Radar,0,24,21,0,45,0,0,0,0,0,0,24,21,0,45,0,0,0,45
10/27/2020,MKC,MO,ACE,CE,Towers with Radar,0,41,27,0,68,1,0,19,1,21,1,41,46,1,89,32,0,32,121
10/28/2020,MKC,MO,ACE,CE,Towers with Radar,3,45,44,0,92,1,0,64,3,68,4,45,108,3,160,107,0,107,267
10/29/2020,MKC,MO,ACE,CE,Towers with Radar,1,46,43,0,90,0,2,47,1,50,1,48,90,1,140,90,0,90,230
10/30/2020,MKC,MO,ACE,CE,Towers with Radar,0,52,53,0,105,0,13,101,1,115,0,65,154,1,220,78,0,78,298
10/31/2020,MKC,MO,ACE,CE,Towers with Radar,0,36,19,0,55,0,5,70,3,78,0,41,89,3,133,36,0,36,169
11/01/2020,MKC,MO,ACE,CE,Towers with Radar,0,31,40,0,71,0,8,114,2,124,0,39,154,2,195,70,0,70,265
11/02/2020,MKC,MO,ACE,CE,Towers with Radar,0,29,39,0,68,0,17,115,7,139,0,46,154,7,207,157,0,157,364
11/03/2020,MKC,MO,ACE,CE,Towers with Radar,0,32,34,2,68,0,11,56,0,67,0,43,90,2,135,116,0,116,251
11/04/2020,MKC,MO,ACE,CE,Towers with Radar,0,39,32,0,71,0,8,101,0,109,0,47,133,0,180,133,0,133,313
11/05/2020,MKC,MO,ACE,CE,Towers with Radar,0,46,48,2,96,0,3,124,2,129,0,49,172,4,225,70,0,70,295
11/06/2020,MKC,MO,ACE,CE,Towers with Radar,0,45,67,0,112,0,3,67,0,70,0,48,134,0,182,66,0,66,248
11/07/2020,MKC,MO,ACE,CE,Towers with Radar,0,25,44,1,70,0,22,157,0,179,0,47,201,1,249,60,0,60,309
11/08/2020,MKC,MO,ACE,CE,Towers with Radar,3,49,54,0,106,0,14,92,2,108,3,63,146,2,214,32,2,34,248
11/09/2020,MKC,MO,ACE,CE,Towers with Radar,2,28,41,1,72,0,14,55,1,70,2,42,96,2,142,78,0,78,220
11/10/2020,MKC,MO,ACE,CE,Towers with Radar,0,30,31,0,61,1,6,10,2,19,1,36,41,2,80,60,0,60,140
11/11/2020,MKC,MO,ACE,CE,Towers with Radar,0,46,43,0,89,0,14,139,0,153,0,60,182,0,242,50,0,50,292
11/12/2020,MKC,MO,ACE,CE,Towers with Radar,0,49,41,0,90,1,7,85,1,94,1,56,126,1,184,32,0,32,216
11/13/2020,MKC,MO,ACE,CE,Towers with Radar,0,30,61,0,91,0,6,102,2,110,0,36,163,2,201,38,0,38,239
11/14/2020,MKC,MO,ACE,CE,Towers with Radar,0,35,27,0,62,0,0,33,0,33,0,35,60,0,95,16,0,16,111
11/15/2020,MKC,MO,ACE,CE,Towers with Radar,0,26,26,0,52,0,10,52,2,64,0,36,78,2,116,27,0,27,143
11/16/2020,MKC,MO,ACE,CE,Towers with Radar,0,24,29,0,53,0,26,82,3,111,0,50,111,3,164,32,0,32,196
11/17/2020,MKC,MO,ACE,CE,Towers with Radar,0,32,42,5,79,0,27,129,4,160,0,59,171,9,239,90,0,90,329
11/18/2020,MKC,MO,ACE,CE,Towers with Radar,0,50,56,3,109,0,0,11,0,11,0,50,67,3,120,20,0,20,140
11/19/2020,MKC,MO,ACE,CE,Towers with Radar,0,37,44,3,84,0,2,31,6,39,0,39,75,9,123,12,0,12,135
11/20/2020,MKC,MO,ACE,CE,Towers with Radar,0,53,60,0,113,0,16,124,2,142,0,69,184,2,255,134,4,138,393
11/21/2020,MKC,MO,ACE,CE,Towers with Radar,1,50,36,0,87,0,4,106,0,110,1,54,142,0,197,154,0,154,351
11/22/2020,MKC,MO,ACE,CE,Towers with Radar,1,30,25,0,56,0,4,100,0,104,1,34,125,0,160,122,0,122,282
11/23/2020,MKC,MO,ACE,CE,Towers with Radar,0,33,29,0,62,0,13,24,0,37,0,46,53,0,99,62,0,62,161
11/24/2020,MKC,MO,ACE,CE,Towers with Radar,0,38,32,0,70,0,4,23,0,27,0,42,55,0,97,28,0,28,125
11/25/2020,MKC,MO,ACE,CE,Towers with Radar,0,48,31,0,79,0,0,0,0,0,0,48,31,0,79,0,0,0,79
11/26/2020,MKC,MO,ACE,CE,Towers with Radar,0,23,17,0,40,0,4,56,2,62,0,27,73,2,102,56,0,56,158
11/27/2020,MKC,MO,ACE,CE,Towers with Radar,1,25,22,0,48,0,4,92,2,98,1,29,114,2,146,80,2,82,228
11/28/2020,MKC,MO,ACE,CE,Towers with Radar,0,38,37,0,75,0,12,197,1,210,0,50,234,1,285,84,0,84,369
11/29/2020,MKC,MO,ACE,CE,Towers with Radar,1,38,32,0,71,0,3,30,0,33,1,41,62,0,104,4,0,4,108
11/30/2020,MKC,MO,ACE,CE,Towers with Radar,0,26,27,3,56,0,14,114,0,128,0,40,141,3,184,71,0,71,255
12/01/2020,MKC,MO,ACE,CE,Towers with Radar,0,55,50,3,108,0,14,140,2,156,0,69,190,5,264,106,0,106,370
12/02/2020,MKC,MO,ACE,CE,Towers with Radar,0,40,32,1,73,0,11,123,1,135,0,51,155,2,208,94,0,94,302
12/03/2020,MKC,MO,ACE,CE,Towers with Radar,2,42,45,1,90,0,3,18,1,22,2,45,63,2,112,24,0,24,136
12/04/2020,MKC,MO,ACE,CE,Towers with Radar,0,36,57,2,95,0,12,124,9,145,0,48,181,11,240,46,4,50,290
12/05/2020,MKC,MO,ACE,CE,Towers with Radar,0,31,18,0,49,0,20,206,1,227,0,51,224,1,276,120,0,120,396
12/06/2020,MKC,MO,ACE,CE,Towers with Radar,0,56,38,0,94,0,9,103,0,112,0,65,141,0,206,148,0,148,354
12/07/2020,MKC,MO,ACE,CE,Towers with Radar,0,37,43,0,80,1,17,112,1,131,1,54,155,1,211,72,0,72,283
12/08/2020,MKC,MO,ACE,CE,Towers with Radar,0,46,26,0,72,0,16,115,5,136,0,62,141,5,208,92,0,92,300
12/09/2020,MKC,MO,ACE,CE,Towers with Radar,0,38,36,0,74,0,5,111,5,121,0,43,147,5,195,83,2,85,280
12/10/2020,MKC,MO,ACE,CE,Towers with Radar,0,45,48,0,93,0,8,98,3,109,0,53,146,3,202,88,4,92,294
12/11/2020,MKC,MO,ACE,CE,Towers with Radar,0,52,30,1,83,0,0,11,0,11,0,52,41,1,94,26,0,26,120
12/12/2020,MKC,MO,ACE,CE,Towers with Radar,0,33,12,0,45,0,0,52,0,52,0,33,64,0,97,0,0,0,97
12/13/2020,MKC,MO,ACE,CE,Towers with Radar,0,27,18,2,47,0,5,91,1,97,0,32,109,3,144,14,0,14,158
12/14/2020,MKC,MO,ACE,CE,Towers with Radar,0,31,33,2,66,0,4,118,2,124,0,35,151,4,190,90,0,90,280
12/15/2020,MKC,MO,ACE,CE,Towers with Radar,0,46,30,8,84,0,8,53,0,61,0,54,83,8,145,82,0,82,227
12/16/2020,MKC,MO,ACE,CE,Towers with Radar,0,41,47,0,88,0,3,44,6,53,0,44,91,6,141,64,0,64,205
12/17/2020,MKC,MO,ACE,CE,Towers with Radar,0,48,53,7,108,0,10,124,5,139,0,58,177,12,247,58,0,58,305
12/18/2020,MKC,MO,ACE,CE,Towers with Radar,0,52,26,0,78,0,0,39,3,42,0,52,65,3,120,8,2,10,130
12/19/2020,MKC,MO,ACE,CE,Towers with Radar,0,53,37,0,90,1,5,179,4,189,1,58,216,4,279,51,0,51,330
12/20/2020,MKC,MO,ACE,CE,Towers with Radar,0,31,35,0,66,0,4,143,1,148,0,35,178,1,214,61,0,61,275
12/21/2020,MKC,MO,ACE,CE,Towers with Radar,0,24,35,1,60,0,4,108,2,114,0,28,143,3,174,62,0,62,236
12/22/2020,MKC,MO,ACE,CE,Towers with Radar,0,47,40,2,89,0,6,78,1,85,0,53,118,3,174,45,2,47,221
12/23/2020,MKC,MO,ACE,CE,Towers with Radar,0,51,16,0,67,0,4,5,0,9,0,55,21,0,76,16,0,16,92
12/24/2020,MKC,MO,ACE,CE,Towers with Radar,0,38,11,0,49,0,1,55,0,56,0,39,66,0,105,16,0,16,121
12/25/2020,MKC,MO,ACE,CE,Towers with Radar,0,38,5,0,43,0,1,50,0,51,0,39,55,0,94,0,0,0,94
12/26/2020,MKC,MO,ACE,CE,Towers with Radar,0,26,36,0,62,0,3,212,0,215,0,29,248,0,277,98,0,98,375
12/27/2020,MKC,MO,ACE,CE,Towers with Radar,0,29,40,0,69,0,6,73,0,79,0,35,113,0,148,10,0,10,158
12/28/2020,MKC,MO,ACE,CE,Towers with Radar,0,26,32,0,58,0,6,118,4,128,0,32,150,4,186,142,0,142,328
12/29/2020,MKC,MO,ACE,CE,Towers with Radar,0,34,22,0,56,0,0,1,0,1,0,34,23,0,57,0,0,0,57
12/30/2020,MKC,MO,ACE,CE,Towers with Radar,0,47,31,0,78,1,0,92,0,93,1,47,123,0,171,38,2,40,211
12/31/2020,MKC,MO,ACE,CE,Towers with Radar,0,34,29,0,63,0,7,122,0,129,0,41,151,0,192,86,0,86,278
01/01/2021,MKC,MO,ACE,CE,Towers with Radar,0,20,3,0,23,0,0,12,0,12,0,20,15,0,35,0,0,0,35
01/02/2021,MKC,MO,ACE,CE,Towers with Radar,0,38,36,0,74,0,3,126,0,129,0,41,162,0,203,16,0,16,219
01/03/2021,MKC,MO,ACE,CE,Towers with Radar,0,47,55,0,102,0,0,0,0,0,0,47,55,0,102,0,0,0,102
01/04/2021,MKC,MO,ACE,CE,Towers with Radar,0,32,36,0,68,1,3,71,1,76,1,35,107,1,144,100,2,102,246
01/05/2021,MKC,MO,ACE,CE,Towers with Radar,0,53,32,0,85,0,1,72,0,73,0,54,104,0,158,90,1,91,249
01/06/2021,MKC,MO,ACE,CE,Towers with Radar,0,57,34,0,91,0,3,19,0,22,0,60,53,0,113,24,0,24,137
01/07/2021,MKC,MO,ACE,CE,Towers with Radar,0,40,45,0,85,0,2,6,0,8,0,42,51,0,93,0,0,0,93
01/08/2021,MKC,MO,ACE,CE,Towers with Radar,0,41,37,0,78,0,0,59,2,61,0,41,96,2,139,92,0,92,231
01/09/2021,MKC,MO,ACE,CE,Towers with Radar,0,31,16,0,47,0,0,82,0,82,0,31,98,0,129,79,0,79,208
01/10/2021,MKC,MO,ACE,CE,Towers with Radar,0,29,29,0,58,0,9,105,0,114,0,38,134,0,172,96,2,98,270
01/11/2021,MKC,MO,ACE,CE,Towers with Radar,0,15,51,3,69,0,0,57,0,57,0,15,108,3,126,15,0,15,141
01/12/2021,MKC,MO,ACE,CE,Towers with Radar,0,36,34,0,70,0,9,93,2,104,0,45,127,2,174,72,0,72,246
01/13/2021,MKC,MO,ACE,CE,Towers with Radar,0,32,53,0,85,0,4,97,0,101,0,36,150,0,186,108,0,108,294
01/14/2021,MKC,MO,ACE,CE,Towers with Radar,0,31,36,1,68,2,0,7,4,13,2,31,43,5,81,3,0,3,84
01/15/2021,MKC,MO,ACE,CE,Towers with Radar,0,17,12,0,29,0,0,1,0,1,0,17,13,0,30,0,0,0,30
01/16/2021,MKC,MO,ACE,CE,Towers with Radar,0,34,10,0,44,0,4,42,2,48,0,38,52,2,92,26,0,26,118
01/17/2021,MKC,MO,ACE,CE,Towers with Radar,0,48,80,0,128,0,11,83,2,96,0,59,163,2,224,36,0,36,260
01/18/2021,MKC,MO,ACE,CE,Towers with Radar,0,27,37,0,64,0,3,64,0,67,0,30,101,0,131,49,0,49,180
01/19/2021,MKC,MO,ACE,CE,Towers with Radar,0,38,28,0,66,0,1,60,0,61,0,39,88,0,127,58,0,58,185
01/20/2021,MKC,MO,ACE,CE,Towers with Radar,0,42,33,4,79,0,1,56,0,57,0,43,89,4,136,54,0,54,190
01/21/2021,MKC,MO,ACE,CE,Towers with Radar,0,47,48,2,97,0,9,115,1,125,0,56,163,3,222,125,0,125,347
01/22/2021,MKC,MO,ACE,CE,Towers with Radar,0,40,29,0,69,0,2,123,0,125,0,42,152,0,194,68,2,70,264
01/23/2021,MKC,MO,ACE,CE,Towers with Radar,0,44,28,3,75,0,6,130,1,137,0,50,158,4,212,112,0,112,324
01/24/2021,MKC,MO,ACE,CE,Towers with Radar,0,70,82,3,155,0,0,5,3,8,0,70,87,6,163,0,0,0,163
01/25/2021,MKC,MO,ACE,CE,Towers with Radar,0,41,42,0,83,0,0,0,0,0,0,41,42,0,83,0,0,0,83
01/26/2021,MKC,MO,ACE,CE,Towers with Radar,0,49,32,0,81,0,1,5,2,8,0,50,37,2,89,0,0,0,89
01/27/2021,MKC,MO,ACE,CE,Towers with Radar,0,41,28,2,71,0,1,8,2,11,0,42,36,4,82,14,0,14,96
01/28/2021,MKC,MO,ACE,CE,Towers with Radar,0,44,43,0,87,0,5,39,2,46,0,49,82,2,133,46,0,46,179
01/29/2021,MKC,MO,ACE,CE,Towers with Radar,0,42,46,4,92,0,6,105,3,114,0,48,151,7,206,76,0,76,282
01/30/2021,MKC,MO,ACE,CE,Towers with Radar,0,27,12,0,39,0,1,9,0,10,0,28,21,0,49,18,0,18,67
01/31/2021,MKC,MO,ACE,CE,Towers with Radar,0,28,22,0,50,0,1,19,0,20,0,29,41,0,70,18,0,18,88
02/01/2021,MKC,MO,ACE,CE,Towers with Radar,0,22,27,0,49,0,1,3,0,4,0,23,30,0,53,14,0,14,67
02/02/2021,MKC,MO,ACE,CE,Towers with Radar,0,46,38,0,84,0,5,26,0,31,0,51,64,0,115,31,0,31,146
02/03/2021,MKC,MO,ACE,CE,Towers with Radar,0,43,47,2,92,0,4,84,0,88,0,47,131,2,180,92,0,92,272
02/04/2021,MKC,MO,ACE,CE,Towers with Radar,0,47,25,0,72,0,0,2,0,2,0,47,27,0,74,0,0,0,74
02/05/2021,MKC,MO,ACE,CE,Towers with Radar,0,37,41,6,84,0,7,102,10,119,0,44,143,16,203,62,0,62,265
02/06/2021,MKC,MO,ACE,CE,Towers with Radar,0,27,17,0,44,0,3,12,1,16,0,30,29,1,60,40,0,40,100
02/07/2021,MKC,MO,ACE,CE,Towers with Radar,0,13,8,1,22,0,0,3,2,5,0,13,11,3,27,2,0,2,29
02/08/2021,MKC,MO,ACE,CE,Towers with Radar,0,59,33,0,92,0,0,0,0,0,0,59,33,0,92,0,0,0,92
02/09/2021,MKC,MO,ACE,CE,Towers with Radar,0,41,33,0,74,0,2,13,0,15,0,43,46,0,89,34,10,44,133
02/10/2021,MKC,MO,ACE,CE,Towers with Radar,0,33,24,2,59,0,2,2,0,4,0,35,26,2,63,8,0,8,71
02/11/2021,MKC,MO,ACE,CE,Towers with Radar,0,24,36,0,60,0,4,49,1,54,0,28,85,1,114,51,0,51,165
02/12/2021,MKC,MO,ACE,CE,Towers with Radar,0,41,36,0,77,0,8,43,2,53,0,49,79,2,130,36,0,36,166
02/13/2021,MKC,MO,ACE,CE,Towers with Radar,0,26,24,0,50,0,10,56,0,66,0,36,80,0,116,26,0,26,142
02/14/2021,MKC,MO,ACE,CE,Towers with Radar,0,10,11,0,21,0,0,26,0,26,0,10,37,0,47,0,0,0,47
02/15/2021,MKC,MO,ACE,CE,Towers with Radar,0,29,29,0,58,0,0,0,0,0,0,29,29,0,58,0,0,0,58
02/16/2021,MKC,MO,ACE,CE,Towers with Radar,0,49,34,0,83,0,3,12,0,15,0,52,46,0,98,17,0,17,115
02/17/2021,MKC,MO,ACE,CE,Towers with Radar,0,64,21,0,85,0,0,2,2,4,0,64,23,2,89,0,0,0,89
02/18/2021,MKC,MO,ACE,CE,Towers with Radar,0,55,28,0,83,0,1,52,4,57,0,56,80,4,140,24,0,24,164
02/19/2021,MKC,MO,ACE,CE,Towers with Radar,0,43,35,0,78,0,9,98,0,107,0,52,133,0,185,95,0,95,280
02/20/2021,MKC,MO,ACE,CE,Towers with Radar,0,35,30,0,65,0,4,113,0,117,0,39,143,0,182,81,0,81,263
02/21/2021,MKC,MO,ACE,CE,Towers with Radar,0,14,18,0,32,0,0,24,0,24,0,14,42,0,56,0,0,0,56
02/22/2021,MKC,MO,ACE,CE,Towers with Radar,0,41,33,0,74,0,6,93,0,99,0,47,126,0,173,40,0,40,213
02/23/2021,MKC,MO,ACE,CE,Towers with Radar,0,65,33,2,100,0,4,104,3,111,0,69,137,5,211,64,2,66,277
02/24/2021,MKC,MO,ACE,CE,Towers with Radar,0,54,53,6,113,0,6,52,3,61,0,60,105,9,174,62,0,62,236
02/25/2021,MKC,MO,ACE,CE,Towers with Radar,0,51,52,0,103,0,6,100,3,109,0,57,152,3,212,102,0,102,314
02/26/2021,MKC,MO,ACE,CE,Towers with Radar,0,49,47,4,100,0,1,84,20,105,0,50,131,24,205,124,0,124,329
02/27/2021,MKC,MO,ACE,CE,Towers with Radar,0,43,30,0,73,0,1,98,1,100,0,44,128,1,173,84,0,84,257
02/28/2021,MKC,MO,ACE,CE,Towers with Radar,0,29,30,0,59,0,2,59,1,62,0,31,89,1,121,60,0,60,181
03/01/2021,MKC,MO,ACE,CE,Towers with Radar,0,27,52,0,79,0,2,84,1,87,0,29,136,1,166,86,0,86,252
03/02/2021,MKC,MO,ACE,CE,Towers with Radar,0,46,42,2,90,0,3,77,5,85,0,49,119,7,175,40,2,42,217
03/03/2021,MKC,MO,ACE,CE,Towers with Radar,0,44,56,0,100,0,4,97,1,102,0,48,153,1,202,76,0,76,278
03/04/2021,MKC,MO,ACE,CE,Towers with Radar,0,39,58,4,101,0,8,76,2,86,0,47,134,6,187,92,0,92,279
03/05/2021,MKC,MO,ACE,CE,Towers with Radar,0,39,27,0,66,0,7,73,0,80,0,46,100,0,146,69,0,69,215
03/06/2021,MKC,MO,ACE,CE,Towers with Radar,1,26,38,0,65,0,0,118,0,118,1,26,156,0,183,80,0,80,263
03/07/2021,MKC,MO,ACE,CE,Towers with Radar,1,18,28,0,47,0,4,61,5,70,1,22,89,5,117,38,2,40,157
03/08/2021,MKC,MO,ACE,CE,Towers with Radar,0,35,39,2,76,0,8,93,0,101,0,43,132,2,177,55,0,55,232
03/09/2021,MKC,MO,ACE,CE,Towers with Radar,9,33,34,0,76,0,7,59,0,66,9,40,93,0,142,44,2,46,188
03/10/2021,MKC,MO,ACE,CE,Towers with Radar,1,55,51,5,112,0,2,4,1,7,1,57,55,6,119,0,18,18,137
03/11/2021,MKC,MO,ACE,CE,Towers with Radar,3,67,60,0,130,0,8,110,0,118,3,75,170,0,248,146,0,146,394
03/12/2021,MKC,MO,ACE,CE,Towers with Radar,4,49,48,0,101,0,4,22,0,26,4,53,70,0,127,29,0,29,156
03/13/2021,MKC,MO,ACE,CE,Towers with Radar,1,48,51,0,100,0,0,5,2,7,1,48,56,2,107,12,0,12,119
03/14/2021,MKC,MO,ACE,CE,Towers with Radar,4,33,20,0,57,0,0,0,0,0,4,33,20,0,57,0,0,0,57
03/15/2021,MKC,MO,ACE,CE,Towers with Radar,4,28,28,0,60,0,0,12,0,12,4,28,40,0,72,48,0,48,120
03/16/2021,MKC,MO,ACE,CE,Towers with Radar,0,43,54,4,101,0,0,0,0,0,0,43,54,4,101,0,0,0,101
03/17/2021,MKC,MO,ACE,CE,Towers with Radar,0,45,27,1,73,0,0,0,0,0,0,45,27,1,73,0,0,0,73
03/18/2021,MKC,MO,ACE,CE,Towers with Radar,0,48,22,2,72,0,0,14,1,15,0,48,36,3,87,30,0,30,117
03/19/2021,MKC,MO,ACE,CE,Towers with Radar,0,43,42,0,85,0,3,139,6,148,0,46,181,6,233,195,0,195,428
03/20/2021,MKC,MO,ACE,CE,Towers with Radar,0,36,44,2,82,0,1,156,0,157,0,37,200,2,239,69,0,69,308
03/21/2021,MKC,MO,ACE,CE,Towers with Radar,0,54,37,0,91,0,2,47,0,49,0,56,84,0,140,20,0,20,160
03/22/2021,MKC,MO,ACE,CE,Towers with Radar,1,32,32,0,65,0,7,61,0,68,1,39,93,0,133,54,0,54,187
03/23/2021,MKC,MO,ACE,CE,Towers with Radar,0,44,38,3,85,0,0,5,0,5,0,44,43,3,90,10,0,10,100
03/24/2021,MKC,MO,ACE,CE,Towers with Radar,0,51,65,0,116,0,0,26,0,26,0,51,91,0,142,79,0,79,221
03/25/2021,MKC,MO,ACE,CE,Towers with Radar,0,38,55,0,93,0,1,0,0,1,0,39,55,0,94,0,0,0,94
03/26/2021,MKC,MO,ACE,CE,Towers with Radar,0,46,46,2,94,0,3,100,0,103,0,49,146,2,197,206,0,206,403
03/27/2021,MKC,MO,ACE,CE,Towers with Radar,0,39,27,0,66,0,7,121,0,128,0,46,148,0,194,131,0,131,325
03/28/2021,MKC,MO,ACE,CE,Towers with Radar,0,31,33,0,64,0,4,108,0,112,0,35,141,0,176,96,0,96,272
03/29/2021,MKC,MO,ACE,CE,Towers with Radar,2,39,35,2,78,0,1,26,0,27,2,40,61,2,105,2,0,2,107
03/30/2021,MKC,MO,ACE,CE,Towers with Radar,1,54,41,3,99,0,5,24,3,32,1,59,65,6,131,44,0,44,175
03/31/2021,MKC,MO,ACE,CE,Towers with Radar,0,34,68,1,103,0,1,83,0,84,0,35,151,1,187,62,0,62,249
04/01/2021,MKC,MO,ACE,CE,Towers with Radar,0,46,45,6,97,0,0,122,5,127,0,46,167,11,224,62,2,64,288
04/02/2021,MKC,MO,ACE,CE,Towers with Radar,0,43,37,1,81,0,1,87,0,88,0,44,124,1,169,60,0,60,229
04/03/2021,MKC,MO,ACE,CE,Towers with Radar,2,26,25,2,55,0,4,126,1,131,2,30,151,3,186,60,0,60,246
04/04/2021,MKC,MO,ACE,CE,Towers with Radar,3,16,13,0,32,0,6,66,0,72,3,22,79,0,104,10,0,10,114
04/05/2021,MKC,MO,ACE,CE,Towers with Radar,0,38,53,0,91,0,6,76,0,82,0,44,129,0,173,152,0,152,325
04/06/2021,MKC,MO,ACE,CE,Towers with Radar,0,52,31,0,83,0,0,59,0,59,0,52,90,0,142,72,0,72,214
04/07/2021,MKC,MO,ACE,CE,Towers with Radar,0,39,26,0,65,0,2,7,0,9,0,41,33,0,74,36,0,36,110
04/08/2021,MKC,MO,ACE,CE,Towers with Radar,0,57,61,0,118,0,0,0,4,4,0,57,61,4,122,0,0,0,122
04/09/2021,MKC,MO,ACE,CE,Towers with Radar,0,50,54,0,104,0,1,91,0,92,0,51,145,0,196,225,0,225,421
04/10/2021,MKC,MO,ACE,CE,Towers with Radar,0,41,29,2,72,0,2,86,0,88,0,43,115,2,160,45,6,51,211
04/11/2021,MKC,MO,ACE,CE,Towers with Radar,4,25,38,2,69,0,20,84,5,109,4,45,122,7,178,74,0,74,252
04/12/2021,MKC,MO,ACE,CE,Towers with Radar,0,27,41,1,69,0,6,49,7,62,0,33,90,8,131,118,0,118,249
04/13/2021,MKC,MO,ACE,CE,Towers with Radar,0,50,66,4,120,0,7,98,5,110,0,57,164,9,230,80,0,80,310
04/14/2021,MKC,MO,ACE,CE,Towers with Radar,1,57,57,4,119,0,9,122,2,133,1,66,179,6,252,128,0,128,380
04/15/2021,MKC,MO,ACE,CE,Towers with Radar,0,34,63,5,102,0,4,120,9,133,0,38,183,14,235,106,2,108,343
04/16/2021,MKC,MO,ACE,CE,Towers with Radar,0,60,39,0,99,0,0,29,0,29,0,60,68,0,128,95,0,95,223
04/17/2021,MKC,MO,ACE,CE,Towers with Radar,2,30,25,0,57,0,6,62,0,68,2,36,87,0,125,60,0,60,185
04/18/2021,MKC,MO,ACE,CE,Towers with Radar,5,23,33,0,61,0,2,78,4,84,5,25,111,4,145,126,2,128,273
04/19/2021,MKC,MO,ACE,CE,Towers with Radar,0,27,43,0,70,0,3,57,0,60,0,30,100,0,130,144,4,148,278
04/20/2021,MKC,MO,ACE,CE,Towers with Radar,0,43,41,0,84,0,6,48,1,55,0,49,89,1,139,38,0,38,177
04/21/2021,MKC,MO,ACE,CE,Towers with Radar,1,33,39,0,73,0,7,76,1,84,1,40,115,1,157,74,0,74,231
04/22/2021,MKC,MO,ACE,CE,Towers with Radar,5,61,49,0,115,0,8,144,0,152,5,69,193,0,267,132,0,132,399
04/23/2021,MKC,MO,ACE,CE,Towers with Radar,2,53,44,0,99,0,9,39,0,48,2,62,83,0,147,11,0,11,158
04/24/2021,MKC,MO,ACE,CE,Towers with Radar,0,44,34,1,79,0,0,71,5,76,0,44,105,6,155,178,0,178,333
04/25/2021,MKC,MO,ACE,CE,Towers with Radar,0,29,50,0,79,0,11,104,2,117,0,40,154,2,196,58,0,58,254
04/26/2021,MKC,MO,ACE,CE,Towers with Radar,0,40,38,0,78,0,6,13,0,19,0,46,51,0,97,0,0,0,97
04/27/2021,MKC,MO,ACE,CE,Towers with Radar,0,70,44,0,114,0,0,55,0,55,0,70,99,0,169,64,0,64,233
04/28/2021,MKC,MO,ACE,CE,Towers with Radar,0,64,49,4,117,0,0,10,0,10,0,64,59,4,127,26,0,26,153
04/29/2021,MKC,MO,ACE,CE,Towers with Radar,2,49,56,1,108,0,4,102,7,113,2,53,158,8,221,84,0,84,305
04/30/2021,MKC,MO,ACE,CE,Towers with Radar,2,54,47,0,103,0,9,143,6,158,2,63,190,6,261,107,0,107,368
05/01/2021,MKC,MO,ACE,CE,Towers with Radar,0,41,40,0,81,0,7,97,2,106,0,48,137,2,187,72,0,72,259
05/02/2021,MKC,MO,ACE,CE,Towers with Radar,8,48,60,0,116,0,5,56,0,61,8,53,116,0,177,94,0,94,271
05/03/2021,MKC,MO,ACE,CE,Towers with Radar,0,37,55,0,92,0,0,32,1,33,0,37,87,1,125,41,0,41,166
05/04/2021,MKC,MO,ACE,CE,Towers with Radar,0,49,47,2,98,0,12,61,0,73,0,61,108,2,171,44,2,46,217
05/05/2021,MKC,MO,ACE,CE,Towers with Radar,2,45,67,0,114,0,8,172,2,182,2,53,239,2,296,126,0,126,422
05/06/2021,MKC,MO,ACE,CE,Towers with Radar,2,57,80,2,141,0,6,75,1,82,2,63,155,3,223,62,0,62,285
05/07/2021,MKC,MO,ACE,CE,Towers with Radar,0,49,54,2,105,0,5,106,2,113,0,54,160,4,218,137,2,139,357
05/08/2021,MKC,MO,ACE,CE,Towers with Radar,0,32,35,0,67,0,0,45,1,46,0,32,80,1,113,34,0,34,147
05/09/2021,MKC,MO,ACE,CE,Towers with Radar,2,50,18,0,70,0,2,7,8,17,2,52,25,8,87,8,0,8,95
05/10/2021,MKC,MO,ACE,CE,Towers with Radar,2,29,44,0,75,0,3,87,1,91,2,32,131,1,166,66,0,66,232
05/11/2021,MKC,MO,ACE,CE,Towers with Radar,2,49,54,0,105,0,9,92,2,103,2,58,146,2,208,172,0,172,380
05/12/2021,MKC,MO,ACE,CE,Towers with Radar,2,44,63,3,112,0,6,135,6,147,2,50,198,9,259,102,0,102,361
05/13/2021,MKC,MO,ACE,CE,Towers with Radar,2,52,71,3,128,0,11,149,4,164,2,63,220,7,292,148,0,148,440
05/14/2021,MKC,MO,ACE,CE,Towers with Radar,0,47,69,3,119,0,5,79,3,87,0,52,148,6,206,90,0,90,296
05/15/2021,MKC,MO,ACE,CE,Towers with Radar,3,28,33,2,66,0,11,61,0,72,3,39,94,2,138,156,0,156,294
05/16/2021,MKC,MO,ACE,CE,Towers with Radar,3,28,24,1,56,0,0,0,0,0,3,28,24,1,56,4,0,4,60
05/17/2021,MKC,MO,ACE,CE,Towers with Radar,2,30,56,1,89,0,0,0,1,1,2,30,56,2,90,12,0,12,102
05/18/2021,MKC,MO,ACE,CE,Towers with Radar,0,69,45,2,116,0,0,73,1,74,0,69,118,3,190,96,0,96,286
05/19/2021,MKC,MO,ACE,CE,Towers with Radar,1,54,70,0,125,0,4,42,0,46,1,58,112,0,171,60,0,60,231
05/20/2021,MKC,MO,ACE,CE,Towers with Radar,1,66,56,0,123,0,1,20,0,21,1,67,76,0,144,134,0,134,278
05/21/2021,MKC,MO,ACE,CE,Towers with Radar,2,53,35,0,90,0,5,33,0,38,2,58,68,0,128,130,0,130,258
05/22/2021,MKC,MO,ACE,CE,Towers with Radar,0,51,27,0,78,1,2,16,0,19,1,53,43,0,97,53,0,53,150
05/23/2021,MKC,MO,ACE,CE,Towers with Radar,2,39,39,0,80,0,12,93,2,107,2,51,132,2,187,98,0,98,285
05/24/2021,MKC,MO,ACE,CE,Towers with Radar,2,48,48,0,98,0,6,108,5,119,2,54,156,5,217,262,0,262,479
05/25/2021,MKC,MO,ACE,CE,Towers with Radar,0,56,55,2,113,0,12,63,0,75,0,68,118,2,188,265,2,267,455
05/26/2021,MKC,MO,ACE,CE,Towers with Radar,0,34,68,3,105,0,7,122,1,130,0,41,190,4,235,173,0,173,408
05/27/2021,MKC,MO,ACE,CE,Towers with Radar,0,46,37,6,89,0,0,20,0,20,0,46,57,6,109,36,0,36,145
05/28/2021,MKC,MO,ACE,CE,Towers with Radar,1,61,58,2,122,0,2,59,0,61,1,63,117,2,183,95,0,95,278
05/29/2021,MKC,MO,ACE,CE,Towers with Radar,3,32,45,0,80,0,35,104,0,139,3,67,149,0,219,124,0,124,343
05/30/2021,MKC,MO,ACE,CE,Towers with Radar,4,21,15,0,40,0,23,69,4,96,4,44,84,4,136,61,0,61,197
05/31/2021,MKC,MO,ACE,CE,Towers with Radar,0,35,54,0,89,0,0,8,0,8,0,35,62,0,97,4,0,4,101
06/01/2021,MKC,MO,ACE,CE,Towers with Radar,1,36,71,1,109,0,0,82,1,83,1,36,153,2,192,104,0,104,296
06/02/2021,MKC,MO,ACE,CE,Towers with Radar,1,42,56,0,99,0,5,137,5,147,1,47,193,5,246,96,0,96,342
06/03/2021,MKC,MO,ACE,CE,Towers with Radar,2,49,51,1,103,0,4,110,3,117,2,53,161,4,220,124,4,128,348
06/04/2021,MKC,MO,ACE,CE,Towers with Radar,0,45,38,0,83,0,11,114,5,130,0,56,152,5,213,48,0,48,261
06/05/2021,MKC,MO,ACE,CE,Towers with Radar,0,44,39,0,83,0,30,116,1,147,0,74,155,1,230,109,0,109,339
06/06/2021,MKC,MO,ACE,CE,Towers with Radar,4,25,46,2,77,0,2,33,0,35,4,27,79,2,112,65,0,65,177
06/07/2021,MKC,MO,ACE,CE,Towers with Radar,0,41,43,1,85,0,4,132,0,136,0,45,175,1,221,202,0,202,423
06/08/2021,MKC,MO,ACE,CE,Towers with Radar,0,57,48,0,105,0,8,114,10,132,0,65,162,10,237,205,2,207,444
06/09/2021,MKC,MO,ACE,CE,Towers with Radar,0,60,70,0,130,0,5,159,4,168,0,65,229,4,298,127,0,127,425
06/10/2021,MKC,MO,ACE,CE,Towers with Radar,0,64,68,2,134,0,0,119,1,120,0,64,187,3,254,172,2,174,428
06/11/2021,MKC,MO,ACE,CE,Towers with Radar,1,74,41,3,119,0,11,58,0,69,1,85,99,3,188,86,0,86,274
06/12/2021,MKC,MO,ACE,CE,Towers with Radar,1,37,47,0,85,0,22,110,0,132,1,59,157,0,217,161,0,161,378
06/13/2021,MKC,MO,ACE,CE,Towers with Radar,1,35,54,0,90,0,9,102,1,112,1,44,156,1,202,130,0,130,332
06/14/2021,MKC,MO,ACE,CE,Towers with Radar,1,29,65,0,95,0,22,101,0,123,1,51,166,0,218,264,0,264,482
06/15/2021,MKC,MO,ACE,CE,Towers with Radar,0,32,54,0,86,0,18,134,2,154,0,50,188,2,240,237,0,237,477
06/16/2021,MKC,MO,ACE,CE,Towers with Radar,0,43,69,0,112,0,6,95,3,104,0,49,164,3,216,222,0,222,438
06/17/2021,MKC,MO,ACE,CE,Towers with Radar,2,56,73,0,131,0,9,100,4,113,2,65,173,4,244,169,0,169,413
06/18/2021,MKC,MO,ACE,CE,Towers with Radar,2,42,53,2,99,0,3,98,0,101,2,45,151,2,200,15,0,15,215
06/19/2021,MKC,MO,ACE,CE,Towers with Radar,0,29,26,3,58,0,54,111,0,165,0,83,137,3,223,62,0,62,285
06/20/2021,MKC,MO,ACE,CE,Towers with Radar,4,35,31,1,71,0,10,41,0,51,4,45,72,1,122,24,0,24,146
06/21/2021,MKC,MO,ACE,CE,Towers with Radar,3,32,39,2,76,0,9,106,2,117,3,41,145,4,193,189,2,191,384
06/22/2021,MKC,MO,ACE,CE,Towers with Radar,1,56,85,0,142,0,11,140,4,155,1,67,225,4,297,104,0,104,401
06/23/2021,MKC,MO,ACE,CE,Towers with Radar,2,56,75,2,135,0,9,107,7,123,2,65,182,9,258,132,0,132,390
06/24/2021,MKC,MO,ACE,CE,Towers with Radar,0,45,60,1,106,0,4,18,0,22,0,49,78,1,128,92,0,92,220
06/25/2021,MKC,MO,ACE,CE,Towers with Radar,1,44,48,0,93,0,0,9,0,9,1,44,57,0,102,40,0,40,142
06/26/2021,MKC,MO,ACE,CE,Towers with Radar,1,48,48,0,97,0,3,58,0,61,1,51,106,0,158,52,0,52,210
06/27/2021,MKC,MO,ACE,CE,Towers with Radar,0,37,50,0,87,0,5,77,0,82,0,42,127,0,169,90,0,90,259
06/28/2021,MKC,MO,ACE,CE,Towers with Radar,0,30,34,2,66,1,3,34,0,38,1,33,68,2,104,145,0,145,249
06/29/2021,MKC,MO,ACE,CE,Towers with Radar,0,59,56,3,118,0,4,30,0,34,0,63,86,3,152,186,0,186,338
06/30/2021,MKC,MO,ACE,CE,Towers with Radar,0,61,41,1,103,0,3,5,0,8,0,64,46,1,111,2,0,2,113
07/01/2021,MKC,MO,ACE,CE,Towers with Radar,3,67,66,2,138,0,2,73,5,80,3,69,139,7,218,138,1,139,357
07/02/2021,MKC,MO,ACE,CE,Towers with Radar,1,51,51,2,105,0,10,119,6,135,1,61,170,8,240,151,0,151,391
07/03/2021,MKC,MO,ACE,CE,Towers with Radar,1,54,30,0,85,0,23,89,4,116,1,77,119,4,201,107,0,107,308
07/04/2021,MKC,MO,ACE,CE,Towers with Radar,3,12,30,0,45,0,9,41,6,56,3,21,71,6,101,40,0,40,141
07/05/2021,MKC,MO,ACE,CE,Towers with Radar,2,55,37,2,96,0,16,122,2,140,2,71,159,4,236,28,0,28,264
07/06/2021,MKC,MO,ACE,CE,Towers with Radar,1,56,55,1,113,0,11,90,4,105,1,67,145,5,218,125,0,125,343
07/07/2021,MKC,MO,ACE,CE,Towers with Radar,5,70,46,0,121,0,4,72,1,77,5,74,118,1,198,98,0,98,296
07/08/2021,MKC,MO,ACE,CE,Towers with Radar,0,78,48,0,126,0,11,86,4,101,0,89,134,4,227,116,0,116,343
07/09/2021,MKC,MO,ACE,CE,Towers with Radar,0,53,45,1,99,0,5,57,5,67,0,58,102,6,166,71,0,71,237
07/10/2021,MKC,MO,ACE,CE,Towers with Radar,0,29,36,0,65,0,31,26,0,57,0,60,62,0,122,62,0,62,184
07/11/2021,MKC,MO,ACE,CE,Towers with Radar,2,24,35,0,61,0,2,16,0,18,2,26,51,0,79,4,0,4,83
07/12/2021,MKC,MO,ACE,CE,Towers with Radar,0,43,59,0,102,0,14,75,0,89,0,57,134,0,191,83,0,83,274
07/13/2021,MKC,MO,ACE,CE,Towers with Radar,0,65,65,2,132,0,12,148,4,164,0,77,213,6,296,213,0,213,509
07/14/2021,MKC,MO,ACE,CE,Towers with Radar,0,41,71,2,114,0,3,99,4,106,0,44,170,6,220,90,0,90,310
07/15/2021,MKC,MO,ACE,CE,Towers with Radar,4,50,59,1,114,0,3,4,2,9,4,53,63,3,123,0,0,0,123
07/16/2021,MKC,MO,ACE,CE,Towers with Radar,4,55,77,0,136,0,3,57,2,62,4,58,134,2,198,120,0,120,318
07/17/2021,MKC,MO,ACE,CE,Towers with Radar,0,46,36,0,82,0,21,76,0,97,0,67,112,0,179,55,0,55,234
07/18/2021,MKC,MO,ACE,CE,Towers with Radar,4,38,48,0,90,0,8,95,0,103,4,46,143,0,193,37,0,37,230
07/19/2021,MKC,MO,ACE,CE,Towers with Radar,4,41,67,2,114,0,17,100,1,118,4,58,167,3,232,132,0,132,364
07/20/2021,MKC,MO,ACE,CE,Towers with Radar,1,59,64,6,130,0,8,118,8,134,1,67,182,14,264,203,2,205,469
07/21/2021,MKC,MO,ACE,CE,Towers with Radar,3,53,66,0,122,0,6,138,0,144,3,59,204,0,266,166,0,166,432
07/22/2021,MKC,MO,ACE,CE,Towers with Radar,0,53,66,0,119,0,10,108,0,118,0,63,174,0,237,147,0,147,384
07/23/2021,MKC,MO,ACE,CE,Towers with Radar,0,59,58,0,117,0,10,119,0,129,0,69,177,0,246,66,0,66,312
07/24/2021,MKC,MO,ACE,CE,Towers with Radar,2,40,42,0,84,0,41,74,0,115,2,81,116,0,199,36,0,36,235
07/25/2021,MKC,MO,ACE,CE,Towers with Radar,0,33,61,0,94,0,3,62,4,69,0,36,123,4,163,74,0,74,237
07/26/2021,MKC,MO,ACE,CE,Towers with Radar,4,48,65,0,117,0,8,97,0,105,4,56,162,0,222,101,0,101,323
07/27/2021,MKC,MO,ACE,CE,Towers with Radar,0,48,47,2,97,0,14,120,0,134,0,62,167,2,231,127,0,127,358
07/28/2021,MKC,MO,ACE,CE,Towers with Radar,0,67,66,0,133,0,13,117,2,132,0,80,183,2,265,132,0,132,397
07/29/2021,MKC,MO,ACE,CE,Towers with Radar,4,71,58,0,133,0,1,81,2,84,4,72,139,2,217,130,0,130,347
07/30/2021,MKC,MO,ACE,CE,Towers with Radar,1,45,71,0,117,0,9,65,3,77,1,54,136,3,194,73,0,73,267
07/31/2021,MKC,MO,ACE,CE,Towers with Radar,0,29,45,1,75,0,29,45,2,76,0,58,90,3,151,115,0,115,266
08/01/2021,MKC,MO,ACE,CE,Towers with Radar,1,49,43,1,94,0,9,80,5,94,1,58,123,6,188,157,0,157,345
08/02/2021,MKC,MO,ACE,CE,Towers with Radar,0,36,50,0,86,0,12,114,0,126,0,48,164,0,212,126,0,126,338
08/03/2021,MKC,MO,ACE,CE,Towers with Radar,2,72,41,0,115,0,15,117,1,133,2,87,158,1,248,71,0,71,319
08/04/2021,MKC,MO,ACE,CE,Towers with Radar,0,65,57,0,122,0,12,104,0,116,0,77,161,0,238,176,0,176,414
08/05/2021,MKC,MO,ACE,CE,Towers with Radar,2,58,58,0,118,0,7,92,4,103,2,65,150,4,221,163,0,163,384
08/06/2021,MKC,MO,ACE,CE,Towers with Radar,0,50,53,6,109,0,10,81,1,92,0,60,134,7,201,151,0,151,352
08/07/2021,MKC,MO,ACE,CE,Towers with Radar,2,54,51,0,107,0,37,103,0,140,2,91,154,0,247,76,0,76,323
08/08/2021,MKC,MO,ACE,CE,Towers with Radar,5,51,35,0,91,0,3,43,1,47,5,54,78,1,138,49,0,49,187
08/09/2021,MKC,MO,ACE,CE,Towers with Radar,0,36,58,0,94,0,9,96,0,105,0,45,154,0,199,84,0,84,283
08/10/2021,MKC,MO,ACE,CE,Towers with Radar,0,45,51,0,96,0,5,67,2,74,0,50,118,2,170,44,0,44,214
08/11/2021,MKC,MO,ACE,CE,Towers with Radar,0,54,69,2,125,0,12,73,0,85,0,66,142,2,210,47,0,47,257
08/12/2021,MKC,MO,ACE,CE,Towers with Radar,2,55,66,0,123,0,11,54,0,65,2,66,120,0,188,98,0,98,286
08/13/2021,MKC,MO,ACE,CE,Towers with Radar,1,59,65,0,125,0,0,60,0,60,1,59,125,0,185,113,2,115,300
08/14/2021,MKC,MO,ACE,CE,Towers with Radar,2,51,49,0,102,0,25,117,2,144,2,76,166,2,246,67,0,67,313
08/15/2021,MKC,MO,ACE,CE,Towers with Radar,5,33,59,1,98,0,5,81,0,86,5,38,140,1,184,47,0,47,231
08/16/2021,MKC,MO,ACE,CE,Towers with Radar,3,47,70,2,122,0,16,113,0,129,3,63,183,2,251,138,0,138,389
08/17/2021,MKC,MO,ACE,CE,Towers with Radar,0,47,53,0,100,0,8,109,0,117,0,55,162,0,217,211,0,211,428
08/18/2021,MKC,MO,ACE,CE,Towers with Radar,0,40,55,0,95,0,14,101,0,115,0,54,156,0,210,183,0,183,393
08/19/2021,MKC,MO,ACE,CE,Towers with Radar,6,51,85,0,142,0,5,64,4,73,6,56,149,4,215,136,0,136,351
08/20/2021,MKC,MO,ACE,CE,Towers with Radar,2,41,50,2,95,0,2,52,2,56,2,43,102,4,151,175,0,175,326
08/21/2021,MKC,MO,ACE,CE,Towers with Radar,2,51,34,0,87,0,20,91,0,111,2,71,125,0,198,34,0,34,232
08/22/2021,MKC,MO,ACE,CE,Towers with Radar,0,49,51,2,102,0,20,63,1,84,0,69,114,3,186,100,0,100,286
08/23/2021,MKC,MO,ACE,CE,Towers with Radar,0,48,39,0,87,0,5,90,1,96,0,53,129,1,183,91,0,91,274
08/24/2021,MKC,MO,ACE,CE,Towers with Radar,0,64,54,0,118,0,15,78,2,95,0,79,132,2,213,73,0,73,286
08/25/2021,MKC,MO,ACE,CE,Towers with Radar,0,62,51,0,113,0,13,88,2,103,0,75,139,2,216,139,0,139,355
08/26/2021,MKC,MO,ACE,CE,Towers with Radar,0,61,57,2,120,0,20,134,2,156,0,81,191,4,276,108,0,108,384
08/27/2021,MKC,MO,ACE,CE,Towers with Radar,0,67,75,2,144,0,13,108,4,125,0,80,183,6,269,116,0,116,385
08/28/2021,MKC,MO,ACE,CE,Towers with Radar,1,51,36,0,88,0,29,77,0,106,1,80,113,0,194,39,0,39,233
08/29/2021,MKC,MO,ACE,CE,Towers with Radar,3,26,42,0,71,0,3,47,4,54,3,29,89,4,125,37,0,37,162
08/30/2021,MKC,MO,ACE,CE,Towers with Radar,2,33,69,0,104,0,6,87,1,94,2,39,156,1,198,155,0,155,353
08/31/2021,MKC,MO,ACE,CE,Towers with Radar,0,50,45,0,95,0,10,58,1,69,0,60,103,1,164,170,0,170,334
09/01/2021,MKC,MO,ACE,CE,Towers with Radar,0,54,76,6,136,0,11,81,0,92,0,65,157,6,228,151,0,151,379
09/02/2021,MKC,MO,ACE,CE,Towers with Radar,6,68,66,2,142,0,5,80,2,87,6,73,146,4,229,72,0,72,301
09/03/2021,MKC,MO,ACE,CE,Towers with Radar,0,59,56,0,115,0,3,18,1,22,0,62,74,1,137,60,0,60,197
09/04/2021,MKC,MO,ACE,CE,Towers with Radar,2,37,33,0,72,0,3,21,1,25,2,40,54,1,97,32,0,32,129
09/05/2021,MKC,MO,ACE,CE,Towers with Radar,4,24,27,0,55,0,6,102,0,108,4,30,129,0,163,50,0,50,213
09/06/2021,MKC,MO,ACE,CE,Towers with Radar,0,43,48,0,91,0,14,107,2,123,0,57,155,2,214,238,0,238,452
09/07/2021,MKC,MO,ACE,CE,Towers with Radar,0,46,42,1,89,0,5,77,1,83,0,51,119,2,172,42,0,42,214
09/08/2021,MKC,MO,ACE,CE,Towers with Radar,0,47,54,0,101,1,9,76,1,87,1,56,130,1,188,153,10,163,351
09/09/2021,MKC,MO,ACE,CE,Towers with Radar,0,54,58,1,113,0,15,115,4,134,0,69,173,5,247,167,0,167,414
09/10/2021,MKC,MO,ACE,CE,Towers with Radar,1,54,70,2,127,0,13,111,4,128,1,67,181,6,255,122,0,122,377
09/11/2021,MKC,MO,ACE,CE,Towers with Radar,1,49,59,1,110,0,2,202,2,206,1,51,261,3,316,144,0,144,460
09/12/2021,MKC,MO,ACE,CE,Towers with Radar,3,76,122,0,201,0,3,65,0,68,3,79,187,0,269,34,0,34,303
09/13/2021,MKC,MO,ACE,CE,Towers with Radar,0,34,58,0,92,0,5,84,2,91,0,39,142,2,183,162,0,162,345
09/14/2021,MKC,MO,ACE,CE,Towers with Radar,0,54,63,0,117,0,8,76,2,86,0,62,139,2,203,94,0,94,297
09/15/2021,MKC,MO,ACE,CE,Towers with Radar,3,57,71,0,131,0,5,115,3,123,3,62,186,3,254,133,0,133,387
09/16/2021,MKC,MO,ACE,CE,Towers with Radar,2,73,71,0,146,0,21,132,1,154,2,94,203,1,300,114,2,116,416
09/17/2021,MKC,MO,ACE,CE,Towers with Radar,0,55,44,1,100,0,7,111,2,120,0,62,155,3,220,99,0,99,319
09/18/2021,MKC,MO,ACE,CE,Towers with Radar,0,42,26,0,68,0,21,95,7,123,0,63,121,7,191,75,0,75,266
09/19/2021,MKC,MO,ACE,CE,Towers with Radar,4,45,45,0,94,0,4,91,0,95,4,49,136,0,189,79,0,79,268
09/20/2021,MKC,MO,ACE,CE,Towers with Radar,0,47,50,0,97,0,6,43,1,50,0,53,93,1,147,52,0,52,199
09/21/2021,MKC,MO,ACE,CE,Towers with Radar,0,49,39,0,88,0,12,90,2,104,0,61,129,2,192,125,0,125,317
09/22/2021,MKC,MO,ACE,CE,Towers with Radar,0,63,81,0,144,0,8,105,2,115,0,71,186,2,259,105,0,105,364
09/23/2021,MKC,MO,ACE,CE,Towers with Radar,0,64,57,0,121,0,20,111,4,135,0,84,168,4,256,78,0,78,334
09/24/2021,MKC,MO,ACE,CE,Towers with Radar,2,62,45,2,111,0,3,51,0,54,2,65,96,2,165,69,0,69,234
09/25/2021,MKC,MO,ACE,CE,Towers with Radar,0,48,51,0,99,0,11,148,0,159,0,59,199,0,258,86,0,86,344
09/26/2021,MKC,MO,ACE,CE,Towers with Radar,2,54,85,0,141,0,5,55,0,60,2,59,140,0,201,6,0,6,207
09/27/2021,MKC,MO,ACE,CE,Towers with Radar,4,49,61,0,114,0,1,59,1,61,4,50,120,1,175,50,0,50,225
09/28/2021,MKC,MO,ACE,CE,Towers with Radar,0,60,35,0,95,0,11,92,3,106,0,71,127,3,201,152,0,152,353
09/29/2021,MKC,MO,ACE,CE,Towers with Radar,2,52,49,0,103,0,7,106,2,115,2,59,155,2,218,142,0,142,360
09/30/2021,MKC,MO,ACE,CE,Towers with Radar,3,73,43,0,119,0,2,54,1,57,3,75,97,1,176,156,0,156,332
10/01/2021,MKC,MO,ACE,CE,Towers with Radar,2,60,85,0,147,0,2,28,0,30,2,62,113,0,177,145,0,145,322
10/02/2021,MKC,MO,ACE,CE,Towers with Radar,6,43,42,0,91,0,0,45,0,45,6,43,87,0,136,89,0,89,225
10/03/2021,MKC,MO,ACE,CE,Towers with Radar,3,50,65,0,118,0,12,60,1,73,3,62,125,1,191,135,0,135,326
10/04/2021,MKC,MO,ACE,CE,Towers with Radar,0,47,52,0,99,0,15,109,6,130,0,62,161,6,229,102,3,105,334
10/05/2021,MKC,MO,ACE,CE,Towers with Radar,0,53,65,0,118,0,15,86,0,101,0,68,151,0,219,98,0,98,317
10/06/2021,MKC,MO,ACE,CE,Towers with Radar,0,70,79,0,149,0,4,38,3,45,0,74,117,3,194,175,2,177,371
10/07/2021,MKC,MO,ACE,CE,Towers with Radar,0,71,75,0,146,0,9,80,2,91,0,80,155,2,237,110,0,110,347
10/08/2021,MKC,MO,ACE,CE,Towers with Radar,0,61,61,0,122,0,2,96,0,98,0,63,157,0,220,80,0,80,300
10/09/2021,MKC,MO,ACE,CE,Towers with Radar,0,54,52,0,106,0,8,86,0,94,0,62,138,0,200,58,0,58,258
10/10/2021,MKC,MO,ACE,CE,Towers with Radar,0,47,47,0,94,0,7,49,0,56,0,54,96,0,150,79,0,79,229
10/11/2021,MKC,MO,ACE,CE,Towers with Radar,0,39,73,0,112,0,3,14,0,17,0,42,87,0,129,0,0,0,129
10/12/2021,MKC,MO,ACE,CE,Towers with Radar,2,59,63,4,128,0,6,93,0,99,2,65,156,4,227,99,0,99,326
10/13/2021,MKC,MO,ACE,CE,Towers with Radar,0,59,65,0,124,0,5,57,1,63,0,64,122,1,187,124,0,124,311
10/14/2021,MKC,MO,ACE,CE,Towers with Radar,0,63,54,1,118,0,8,95,2,105,0,71,149,3,223,107,1,108,331
10/15/2021,MKC,MO,ACE,CE,Towers with Radar,0,58,63,1,122,0,9,109,4,122,0,67,172,5,244,123,0,123,367
10/16/2021,MKC,MO,ACE,CE,Towers with Radar,0,42,42,0,84,0,10,99,0,109,0,52,141,0,193,129,0,129,322
10/17/2021,MKC,MO,ACE,CE,Towers with Radar,0,46,65,0,111,0,11,76,4,91,0,57,141,4,202,108,0,108,310
10/18/2021,MKC,MO,ACE,CE,Towers with Radar,0,43,50,0,93,1,9,96,0,106,1,52,146,0,199,211,0,211,410
10/19/2021,MKC,MO,ACE,CE,Towers with Radar,0,58,62,2,122,0,6,76,2,84,0,64,138,4,206,162,0,162,368
10/20/2021,MKC,MO,ACE,CE,Towers with Radar,0,65,84,0,149,0,9,84,0,93,0,74,168,0,242,76,0,76,318
10/21/2021,MKC,MO,ACE,CE,Towers with Radar,1,61,85,2,149,0,14,91,2,107,1,75,176,4,256,108,0,108,364
10/22/2021,MKC,MO,ACE,CE,Towers with Radar,3,67,79,0,149,0,6,105,6,117,3,73,184,6,266,170,0,170,436
10/23/2021,MKC,MO,ACE,CE,Towers with Radar,2,52,50,2,106,0,2,38,1,41,2,54,88,3,147,115,0,115,262
10/24/2021,MKC,MO,ACE,CE,Towers with Radar,0,51,47,0,98,0,8,34,0,42,0,59,81,0,140,8,0,8,148
10/25/2021,MKC,MO,ACE,CE,Towers with Radar,0,52,65,0,117,0,0,30,1,31,0,52,95,1,148,114,0,114,262
10/26/2021,MKC,MO,ACE,CE,Towers with Radar,2,56,92,4,154,0,6,64,0,70,2,62,156,4,224,80,0,80,304
10/27/2021,MKC,MO,ACE,CE,Towers with Radar,1,42,58,1,102,0,4,10,1,15,1,46,68,2,117,29,0,29,146
10/28/2021,MKC,MO,ACE,CE,Towers with Radar,1,58,38,1,98,0,0,0,0,0,1,58,38,1,98,0,0,0,98
10/29/2021,MKC,MO,ACE,CE,Towers with Radar,0,54,70,3,127,0,3,16,0,19,0,57,86,3,146,55,0,55,201
10/30/2021,MKC,MO,ACE,CE,Towers with Radar,2,44,46,0,92,0,14,145,3,162,2,58,191,3,254,127,0,127,381
10/31/2021,MKC,MO,ACE,CE,Towers with Radar,2,37,55,1,95,0,5,82,2,89,2,42,137,3,184,87,0,87,271
11/01/2021,MKC,MO,ACE,CE,Towers with Radar,0,65,102,2,169,0,2,21,1,24,0,67,123,3,193,4,0,4,197
11/02/2021,MKC,MO,ACE,CE,Towers with Radar,0,87,68,3,158,0,6,106,4,116,0,93,174,7,274,141,0,141,415
11/03/2021,MKC,MO,ACE,CE,Towers with Radar,2,64,56,1,123,0,9,105,11,125,2,73,161,12,248,109,0,109,357
11/04/2021,MKC,MO,ACE,CE,Towers with Radar,2,61,72,1,136,0,9,108,0,117,2,70,180,1,253,120,0,120,373
11/05/2021,MKC,MO,ACE,CE,Towers with Radar,0,57,68,2,127,0,5,90,0,95,0,62,158,2,222,76,0,76,298
11/06/2021,MKC,MO,ACE,CE,Towers with Radar,2,54,46,1,103,1,7,134,3,145,3,61,180,4,248,117,0,117,365
11/07/2021,MKC,MO,ACE,CE,Towers with Radar,2,71,98,3,174,0,7,56,1,64,2,78,154,4,238,82,0,82,320
11/08/2021,MKC,MO,ACE,CE,Towers with Radar,0,62,76,1,139,0,6,84,0,90,0,68,160,1,229,160,0,160,389
11/09/2021,MKC,MO,ACE,CE,Towers with Radar,0,72,72,4,148,0,9,78,3,90,0,81,150,7,238,80,0,80,318
11/10/2021,MKC,MO,ACE,CE,Towers with Radar,0,64,66,1,131,0,4,22,4,30,0,68,88,5,161,66,0,66,227
11/11/2021,MKC,MO,ACE,CE,Towers with Radar,0,64,75,1,140,0,6,54,1,61,0,70,129,2,201,47,0,47,248
11/12/2021,MKC,MO,ACE,CE,Towers with Radar,0,56,41,0,97,0,2,7,0,9,0,58,48,0,106,0,0,0,106
11/13/2021,MKC,MO,ACE,CE,Towers with Radar,0,57,36,0,93,0,4,118,2,124,0,61,154,2,217,136,0,136,353
11/14/2021,MKC,MO,ACE,CE,Towers with Radar,0,56,62,0,118,0,12,44,0,56,0,68,106,0,174,12,0,12,186
11/15/2021,MKC,MO,ACE,CE,Towers with Radar,0,61,56,0,117,0,5,71,0,76,0,66,127,0,193,130,0,130,323
11/16/2021,MKC,MO,ACE,CE,Towers with Radar,0,59,56,4,119,0,8,88,3,99,0,67,144,7,218,194,0,194,412
11/17/2021,MKC,MO,ACE,CE,Towers with Radar,0,60,71,1,132,0,9,47,3,59,0,69,118,4,191,66,0,66,257
11/18/2021,MKC,MO,ACE,CE,Towers with Radar,2,54,74,2,132,0,12,77,0,89,2,66,151,2,221,70,0,70,291
11/19/2021,MKC,MO,ACE,CE,Towers with Radar,0,54,83,3,140,0,6,72,4,82,0,60,155,7,222,90,0,90,312
11/20/2021,MKC,MO,ACE,CE,Towers with Radar,4,53,78,0,135,0,28,155,2,185,4,81,233,2,320,113,0,113,433
11/21/2021,MKC,MO,ACE,CE,Towers with Radar,2,85,151,0,238,0,27,70,3,100,2,112,221,3,338,30,0,30,368
11/22/2021,MKC,MO,ACE,CE,Towers with Radar,0,43,68,0,111,0,4,93,2,99,0,47,161,2,210,104,0,104,314
11/23/2021,MKC,MO,ACE,CE,Towers with Radar,2,58,45,2,107,0,11,77,4,92,2,69,122,6,199,104,0,104,303
11/24/2021,MKC,MO,ACE,CE,Towers with Radar,0,59,40,0,99,0,7,65,0,72,0,66,105,0,171,104,0,104,275
11/25/2021,MKC,MO,ACE,CE,Towers with Radar,0,29,13,0,42,0,6,14,0,20,0,35,27,0,62,4,0,4,66
11/26/2021,MKC,MO,ACE,CE,Towers with Radar,0,33,25,0,58,0,9,65,3,77,0,42,90,3,135,73,0,73,208
11/27/2021,MKC,MO,ACE,CE,Towers with Radar,1,49,41,0,91,0,14,109,1,124,1,63,150,1,215,73,0,73,288
11/28/2021,MKC,MO,ACE,CE,Towers with Radar,1,51,53,1,106,0,6,98,0,104,1,57,151,1,210,49,0,49,259
11/29/2021,MKC,MO,ACE,CE,Towers with Radar,0,68,58,1,127,0,22,77,0,99,0,90,135,1,226,166,0,166,392
11/30/2021,MKC,MO,ACE,CE,Towers with Radar,0,65,40,1,106,0,5,91,7,103,0,70,131,8,209,160,0,160,369
12/01/2021,MKC,MO,ACE,CE,Towers with Radar,0,47,45,0,92,0,12,96,1,109,0,59,141,1,201,91,0,91,292
12/02/2021,MKC,MO,ACE,CE,Towers with Radar,0,64,37,0,101,0,4,116,3,123,0,68,153,3,224,155,0,155,379
12/03/2021,MKC,MO,ACE,CE,Towers with Radar,0,50,63,0,113,0,7,91,4,102,0,57,154,4,215,117,0,117,332
12/04/2021,MKC,MO,ACE,CE,Towers with Radar,2,47,56,0,105,0,11,74,1,86,2,58,130,1,191,80,0,80,271
12/05/2021,MKC,MO,ACE,CE,Towers with Radar,0,65,68,2,135,0,4,28,0,32,0,69,96,2,167,32,0,32,199
12/06/2021,MKC,MO,ACE,CE,Towers with Radar,0,64,57,5,126,0,5,59,4,68,0,69,116,9,194,121,0,121,315
12/07/2021,MKC,MO,ACE,CE,Towers with Radar,0,66,54,1,121,0,22,99,7,128,0,88,153,8,249,158,6,164,413
12/08/2021,MKC,MO,ACE,CE,Towers with Radar,0,61,56,1,118,0,9,43,5,57,0,70,99,6,175,86,0,86,261
12/09/2021,MKC,MO,ACE,CE,Towers with Radar,0,69,71,2,142,0,4,96,0,100,0,73,167,2,242,85,0,85,327
12/10/2021,MKC,MO,ACE,CE,Towers with Radar,0,48,59,0,107,0,6,21,0,27,0,54,80,0,134,48,0,48,182
12/11/2021,MKC,MO,ACE,CE,Towers with Radar,0,45,57,0,102,0,51,80,0,131,0,96,137,0,233,46,0,46,279
12/12/2021,MKC,MO,ACE,CE,Towers with Radar,0,47,67,0,114,0,27,82,0,109,0,74,149,0,223,22,0,22,245
12/13/2021,MKC,MO,ACE,CE,Towers with Radar,0,56,53,2,111,0,2,57,2,61,0,58,110,4,172,187,0,187,359
12/14/2021,MKC,MO,ACE,CE,Towers with Radar,0,58,61,2,121,1,13,47,1,62,1,71,108,3,183,184,0,184,367
12/15/2021,MKC,MO,ACE,CE,Towers with Radar,0,52,48,0,100,0,2,1,0,3,0,54,49,0,103,0,0,0,103
12/16/2021,MKC,MO,ACE,CE,Towers with Radar,0,53,75,0,128,0,8,139,0,147,0,61,214,0,275,144,0,144,419
12/17/2021,MKC,MO,ACE,CE,Towers with Radar,0,50,45,0,95,0,4,46,0,50,0,54,91,0,145,141,0,141,286
12/18/2021,MKC,MO,ACE,CE,Towers with Radar,0,31,46,0,77,0,10,59,0,69,0,41,105,0,146,34,0,34,180
12/19/2021,MKC,MO,ACE,CE,Towers with Radar,0,40,45,0,85,0,17,77,0,94,0,57,122,0,179,167,0,167,346
12/20/2021,MKC,MO,ACE,CE,Towers with Radar,0,40,53,2,95,0,12,79,0,91,0,52,132,2,186,196,0,196,382
12/21/2021,MKC,MO,ACE,CE,Towers with Radar,0,51,34,5,90,0,16,99,0,115,0,67,133,5,205,144,4,148,353
12/22/2021,MKC,MO,ACE,CE,Towers with Radar,0,59,42,2,103,0,21,107,3,131,0,80,149,5,234,217,0,217,451
12/23/2021,MKC,MO,ACE,CE,Towers with Radar,0,46,44,2,92,0,12,74,3,89,0,58,118,5,181,49,0,49,230
12/24/2021,MKC,MO,ACE,CE,Towers with Radar,0,29,17,0,46,0,1,34,0,35,0,30,51,0,81,16,0,16,97
12/25/2021,MKC,MO,ACE,CE,Towers with Radar,0,45,16,0,61,0,4,51,0,55,0,49,67,0,116,4,0,4,120
12/26/2021,MKC,MO,ACE,CE,Towers with Radar,0,51,73,1,125,0,6,21,1,28,0,57,94,2,153,0,0,0,153
12/27/2021,MKC,MO,ACE,CE,Towers with Radar,0,49,52,0,101,0,18,105,2,125,0,67,157,2,226,38,0,38,264
12/28/2021,MKC,MO,ACE,CE,Towers with Radar,0,53,33,2,88,0,8,55,0,63,0,61,88,2,151,49,0,49,200
12/29/2021,MKC,MO,ACE,CE,Towers with Radar,0,47,27,0,74,0,7,43,0,50,0,54,70,0,124,45,0,45,169
12/30/2021,MKC,MO,ACE,CE,Towers with Radar,0,54,46,0,100,0,7,66,1,74,0,61,112,1,174,34,0,34,208
12/31/2021,MKC,MO,ACE,CE,Towers with Radar,0,34,32,0,66,0,3,105,0,108,0,37,137,0,174,61,0,61,235
01/01/2022,MKC,MO,ACE,CE,Towers with Radar,0,19,4,0,23,0,0,0,0,0,0,19,4,0,23,0,0,0,23
01/02/2022,MKC,MO,ACE,CE,Towers with Radar,0,37,45,0,82,0,22,68,0,90,0,59,113,0,172,68,0,68,240
01/03/2022,MKC,MO,ACE,CE,Towers with Radar,0,48,40,0,88,0,13,83,2,98,0,61,123,2,186,140,0,140,326
01/04/2022,MKC,MO,ACE,CE,Towers with Radar,0,58,55,0,113,0,6,29,0,35,0,64,84,0,148,36,0,36,184
01/05/2022,MKC,MO,ACE,CE,Towers with Radar,0,52,30,1,83,0,2,49,3,54,0,54,79,4,137,39,0,39,176
01/06/2022,MKC,MO,ACE,CE,Towers with Radar,0,66,34,0,100,0,6,70,0,76,0,72,104,0,176,88,0,88,264
01/07/2022,MKC,MO,ACE,CE,Towers with Radar,0,50,33,0,83,0,16,79,1,96,0,66,112,1,179,77,2,79,258
01/08/2022,MKC,MO,ACE,CE,Towers with Radar,0,42,14,0,56,0,0,1,0,1,0,42,15,0,57,0,0,0,57
01/09/2022,MKC,MO,ACE,CE,Towers with Radar,0,33,40,0,73,0,6,62,1,69,0,39,102,1,142,166,0,166,308
01/10/2022,MKC,MO,ACE,CE,Towers with Radar,0,25,37,1,63,0,7,68,1,76,0,32,105,2,139,172,0,172,311
01/11/2022,MKC,MO,ACE,CE,Towers with Radar,0,48,47,0,95,0,4,64,1,69,0,52,111,1,164,170,0,170,334
01/12/2022,MKC,MO,ACE,CE,Towers with Radar,0,42,57,4,103,0,11,92,2,105,0,53,149,6,208,198,0,198,406
01/13/2022,MKC,MO,ACE,CE,Towers with Radar,0,61,55,0,116,0,10,102,0,112,0,71,157,0,228,153,0,153,381
01/14/2022,MKC,MO,ACE,CE,Towers with Radar,0,57,59,0,116,0,3,59,0,62,0,60,118,0,178,164,0,164,342
01/15/2022,MKC,MO,ACE,CE,Towers with Radar,0,39,24,0,63,0,0,0,0,0,0,39,24,0,63,0,0,0,63
01/16/2022,MKC,MO,ACE,CE,Towers with Radar,1,39,67,0,107,0,7,48,1,56,1,46,115,1,163,62,0,62,225
01/17/2022,MKC,MO,ACE,CE,Towers with Radar,1,45,77,0,123,0,10,66,0,76,1,55,143,0,199,239,0,239,438
01/18/2022,MKC,MO,ACE,CE,Towers with Radar,0,51,44,0,95,0,13,96,1,110,0,64,140,1,205,213,0,213,418
01/19/2022,MKC,MO,ACE,CE,Towers with Radar,0,52,53,3,108,0,5,59,2,66,0,57,112,5,174,46,1,47,221
01/20/2022,MKC,MO,ACE,CE,Towers with Radar,0,51,57,2,110,0,6,60,1,67,0,57,117,3,177,43,0,43,220
01/21/2022,MKC,MO,ACE,CE,Towers with Radar,0,35,59,0,94,0,4,74,1,79,0,39,133,1,173,119,0,119,292
01/22/2022,MKC,MO,ACE,CE,Towers with Radar,0,56,62,1,119,0,4,121,2,127,0,60,183,3,246,51,0,51,297
01/23/2022,MKC,MO,ACE,CE,Towers with Radar,0,80,112,1,193,0,10,71,0,81,0,90,183,1,274,78,0,78,352
01/24/2022,MKC,MO,ACE,CE,Towers with Radar,0,45,70,2,117,0,10,62,1,73,0,55,132,3,190,124,0,124,314
01/25/2022,MKC,MO,ACE,CE,Towers with Radar,0,53,70,0,123,0,10,80,0,90,0,63,150,0,213,76,0,76,289
01/26/2022,MKC,MO,ACE,CE,Towers with Radar,0,65,65,4,134,0,14,104,0,118,0,79,169,4,252,62,0,62,314
01/27/2022,MKC,MO,ACE,CE,Towers with Radar,0,52,81,0,133,0,5,85,0,90,0,57,166,0,223,96,0,96,319
01/28/2022,MKC,MO,ACE,CE,Towers with Radar,0,66,88,0,154,0,5,64,1,70,0,71,152,1,224,133,0,133,357
01/29/2022,MKC,MO,ACE,CE,Towers with Radar,0,78,81,0,159,0,0,88,0,88,0,78,169,0,247,111,8,119,366
01/30/2022,MKC,MO,ACE,CE,Towers with Radar,0,120,196,0,316,0,16,59,4,79,0,136,255,4,395,2,0,2,397
01/31/2022,MKC,MO,ACE,CE,Towers with Radar,0,49,87,0,136,0,8,73,6,87,0,57,160,6,223,154,0,154,377
02/01/2022,MKC,MO,ACE,CE,Towers with Radar,0,69,77,0,146,0,9,14,3,26,0,78,91,3,172,94,0,94,266
02/02/2022,MKC,MO,ACE,CE,Towers with Radar,0,26,13,0,39,0,3,1,1,5,0,29,14,1,44,0,0,0,44
02/03/2022,MKC,MO,ACE,CE,Towers with Radar,0,45,43,0,88,0,3,24,1,28,0,48,67,1,116,66,0,66,182
02/04/2022,MKC,MO,ACE,CE,Towers with Radar,0,48,44,0,92,0,10,89,0,99,0,58,133,0,191,66,0,66,257
02/05/2022,MKC,MO,ACE,CE,Towers with Radar,0,41,32,0,73,0,3,68,0,71,0,44,100,0,144,56,0,56,200
02/06/2022,MKC,MO,ACE,CE,Towers with Radar,0,28,27,0,55,0,4,100,2,106,0,32,127,2,161,67,0,67,228
02/07/2022,MKC,MO,ACE,CE,Towers with Radar,0,35,41,0,76,0,6,60,0,66,0,41,101,0,142,136,0,136,278
02/08/2022,MKC,MO,ACE,CE,Towers with Radar,0,55,66,1,122,0,10,76,0,86,0,65,142,1,208,154,0,154,362
02/09/2022,MKC,MO,ACE,CE,Towers with Radar,0,62,65,3,130,0,8,81,12,101,0,70,146,15,231,95,0,95,326
02/10/2022,MKC,MO,ACE,CE,Towers with Radar,0,70,66,1,137,0,0,83,1,84,0,70,149,2,221,76,0,76,297
02/11/2022,MKC,MO,ACE,CE,Towers with Radar,0,56,47,2,105,0,7,37,5,49,0,63,84,7,154,52,2,54,208
02/12/2022,MKC,MO,ACE,CE,Towers with Radar,0,44,24,0,68,0,2,94,0,96,0,46,118,0,164,69,0,69,233
02/13/2022,MKC,MO,ACE,CE,Towers with Radar,0,27,21,0,48,0,8,62,0,70,0,35,83,0,118,24,0,24,142
02/14/2022,MKC,MO,ACE,CE,Towers with Radar,0,28,46,0,74,0,18,72,0,90,0,46,118,0,164,106,0,106,270
02/15/2022,MKC,MO,ACE,CE,Towers with Radar,0,55,42,0,97,0,6,29,3,38,0,61,71,3,135,30,0,30,165
02/16/2022,MKC,MO,ACE,CE,Towers with Radar,0,59,63,0,122,0,3,16,0,19,0,62,79,0,141,2,0,2,143
02/17/2022,MKC,MO,ACE,CE,Towers with Radar,0,23,12,0,35,0,5,1,0,6,0,28,13,0,41,0,0,0,41
02/18/2022,MKC,MO,ACE,CE,Towers with Radar,0,57,60,1,118,0,3,66,1,70,0,60,126,2,188,16,0,16,204
02/19/2022,MKC,MO,ACE,CE,Towers with Radar,2,44,36,0,82,0,14,100,1,115,2,58,136,1,197,91,0,91,288
02/20/2022,MKC,MO,ACE,CE,Towers with Radar,0,33,34,0,67,0,11,82,3,96,0,44,116,3,163,82,0,82,245
02/21/2022,MKC,MO,ACE,CE,Towers with Radar,0,50,60,0,110,0,7,57,0,64,0,57,117,0,174,84,0,84,258
02/22/2022,MKC,MO,ACE,CE,Towers with Radar,2,64,55,4,125,0,4,10,0,14,2,68,65,4,139,16,0,16,155
02/23/2022,MKC,MO,ACE,CE,Towers with Radar,0,75,57,0,132,0,11,54,0,65,0,86,111,0,197,78,0,78,275
02/24/2022,MKC,MO,ACE,CE,Towers with Radar,0,48,31,0,79,0,0,0,0,0,0,48,31,0,79,0,0,0,79
02/25/2022,MKC,MO,ACE,CE,Towers with Radar,0,47,55,0,102,0,3,97,0,100,0,50,152,0,202,134,0,134,336
02/26/2022,MKC,MO,ACE,CE,Towers with Radar,2,37,30,0,69,0,11,122,2,135,2,48,152,2,204,110,0,110,314
02/27/2022,MKC,MO,ACE,CE,Towers with Radar,2,25,46,1,74,0,8,101,1,110,2,33,147,2,184,108,0,108,292
02/28/2022,MKC,MO,ACE,CE,Towers with Radar,0,48,61,2,111,0,6,82,3,91,0,54,143,5,202,73,0,73,275
03/01/2022,MKC,MO,ACE,CE,Towers with Radar,0,66,57,2,125,0,4,81,0,85,0,70,138,2,210,156,0,156,366
03/02/2022,MKC,MO,ACE,CE,Towers with Radar,0,57,76,1,134,0,4,103,2,109,0,61,179,3,243,106,0,106,349
03/03/2022,MKC,MO,ACE,CE,Towers with Radar,0,71,85,3,159,0,2,79,1,82,0,73,164,4,241,73,0,73,314
03/04/2022,MKC,MO,ACE,CE,Towers with Radar,2,56,61,0,119,0,4,59,4,67,2,60,120,4,186,125,0,125,311
03/05/2022,MKC,MO,ACE,CE,Towers with Radar,2,48,27,0,77,0,1,11,4,16,2,49,38,4,93,2,2,4,97
03/06/2022,MKC,MO,ACE,CE,Towers with Radar,0,42,37,0,79,0,2,31,1,34,0,44,68,1,113,104,0,104,217
03/07/2022,MKC,MO,ACE,CE,Towers with Radar,1,40,62,5,108,0,4,24,1,29,1,44,86,6,137,108,0,108,245
03/08/2022,MKC,MO,ACE,CE,Towers with Radar,8,50,90,2,150,0,6,71,5,82,8,56,161,7,232,99,0,99,331
03/09/2022,MKC,MO,ACE,CE,Towers with Radar,2,57,101,0,160,0,7,101,3,111,2,64,202,3,271,98,0,98,369
03/10/2022,MKC,MO,ACE,CE,Towers with Radar,0,39,39,0,78,0,0,0,0,0,0,39,39,0,78,0,0,0,78
03/11/2022,MKC,MO,ACE,CE,Towers with Radar,4,63,81,0,148,0,2,64,0,66,4,65,145,0,214,103,0,103,317
03/12/2022,MKC,MO,ACE,CE,Towers with Radar,9,62,87,1,159,0,3,72,0,75,9,65,159,1,234,91,0,91,325
03/13/2022,MKC,MO,ACE,CE,Towers with Radar,5,29,68,1,103,0,2,49,2,53,5,31,117,3,156,28,0,28,184
03/14/2022,MKC,MO,ACE,CE,Towers with Radar,0,43,38,0,81,0,4,64,1,69,0,47,102,1,150,81,0,81,231
03/15/2022,MKC,MO,ACE,CE,Towers with Radar,0,43,52,3,98,0,4,131,0,135,0,47,183,3,233,209,0,209,442
03/16/2022,MKC,MO,ACE,CE,Towers with Radar,0,70,76,0,146,0,12,116,2,130,0,82,192,2,276,76,0,76,352
03/17/2022,MKC,MO,ACE,CE,Towers with Radar,1,67,49,2,119,0,0,91,9,100,1,67,140,11,219,214,0,214,433
03/18/2022,MKC,MO,ACE,CE,Towers with Radar,2,46,30,0,78,0,0,2,0,2,2,46,32,0,80,0,0,0,80
03/19/2022,MKC,MO,ACE,CE,Towers with Radar,2,58,82,0,142,0,13,92,0,105,2,71,174,0,247,114,0,114,361
03/20/2022,MKC,MO,ACE,CE,Towers with Radar,0,72,66,0,138,0,4,60,0,64,0,76,126,0,202,44,0,44,246
03/21/2022,MKC,MO,ACE,CE,Towers with Radar,0,30,44,0,74,0,5,39,2,46,0,35,83,2,120,177,0,177,297
03/22/2022,MKC,MO,ACE,CE,Towers with Radar,0,58,68,0,126,0,0,3,0,3,0,58,71,0,129,90,0,90,219
03/23/2022,MKC,MO,ACE,CE,Towers with Radar,0,48,52,0,100,0,0,4,0,4,0,48,56,0,104,62,0,62,166
03/24/2022,MKC,MO,ACE,CE,Towers with Radar,0,53,55,0,108,0,0,21,0,21,0,53,76,0,129,234,0,234,363
03/25/2022,MKC,MO,ACE,CE,Towers with Radar,2,54,54,2,112,0,5,97,4,106,2,59,151,6,218,76,0,76,294
03/26/2022,MKC,MO,ACE,CE,Towers with Radar,2,49,53,0,104,0,8,103,0,111,2,57,156,0,215,94,0,94,309
03/27/2022,MKC,MO,ACE,CE,Towers with Radar,0,33,43,0,76,0,5,90,0,95,0,38,133,0,171,91,0,91,262
03/28/2022,MKC,MO,ACE,CE,Towers with Radar,0,33,64,2,99,0,4,67,0,71,0,37,131,2,170,99,0,99,269
03/29/2022,MKC,MO,ACE,CE,Towers with Radar,0,56,56,0,112,0,2,49,0,51,0,58,105,0,163,80,0,80,243
03/30/2022,MKC,MO,ACE,CE,Towers with Radar,0,73,40,1,114,0,4,10,0,14,0,77,50,1,128,26,0,26,154
03/31/2022,MKC,MO,ACE,CE,Towers with Radar,0,57,67,0,124,0,1,53,0,54,0,58,120,0,178,178,0,178,356
04/01/2022,MKC,MO,ACE,CE,Towers with Radar,2,70,86,0,158,0,12,126,1,139,2,82,212,1,297,109,0,109,406
04/02/2022,MKC,MO,ACE,CE,Towers with Radar,0,61,33,0,94,0,1,96,2,99,0,62,129,2,193,88,0,88,281
04/03/2022,MKC,MO,ACE,CE,Towers with Radar,2,31,59,0,92,0,2,86,1,89,2,33,145,1,181,76,0,76,257
04/04/2022,MKC,MO,ACE,CE,Towers with Radar,0,37,71,1,109,0,10,91,1,102,0,47,162,2,211,173,0,173,384
04/05/2022,MKC,MO,ACE,CE,Towers with Radar,4,70,98,5,177,0,1,47,2,50,4,71,145,7,227,134,0,134,361
04/06/2022,MKC,MO,ACE,CE,Towers with Radar,0,59,61,2,122,0,6,35,0,41,0,65,96,2,163,4,0,4,167
04/07/2022,MKC,MO,ACE,CE,Towers with Radar,0,53,68,1,122,0,4,20,1,25,0,57,88,2,147,0,0,0,147
04/08/2022,MKC,MO,ACE,CE,Towers with Radar,1,56,61,12,130,0,1,33,3,37,1,57,94,15,167,24,2,26,193
04/09/2022,MKC,MO,ACE,CE,Towers with Radar,3,47,59,0,109,0,11,154,2,167,3,58,213,2,276,76,2,78,354
04/10/2022,MKC,MO,ACE,CE,Towers with Radar,0,28,45,0,73,0,2,32,1,35,0,30,77,1,108,0,0,0,108
04/11/2022,MKC,MO,ACE,CE,Towers with Radar,4,42,77,0,123,0,4,113,0,117,4,46,190,0,240,218,0,218,458
04/12/2022,MKC,MO,ACE,CE,Towers with Radar,0,60,32,0,92,0,1,5,1,7,0,61,37,1,99,4,0,4,103
04/13/2022,MKC,MO,ACE,CE,Towers with Radar,0,60,65,0,125,0,2,89,1,92,0,62,154,1,217,119,0,119,336
04/14/2022,MKC,MO,ACE,CE,Towers with Radar,0,68,74,5,147,0,8,142,5,155,0,76,216,10,302,146,0,146,448
04/15/2022,MKC,MO,ACE,CE,Towers with Radar,0,51,53,2,106,0,9,148,0,157,0,60,201,2,263,239,0,239,502
04/16/2022,MKC,MO,ACE,CE,Towers with Radar,2,25,24,0,51,0,5,109,1,115,2,30,133,1,166,179,0,179,345
04/17/2022,MKC,MO,ACE,CE,Towers with Radar,0,26,13,0,39,0,0,3,0,3,0,26,16,0,42,0,0,0,42
04/18/2022,MKC,MO,ACE,CE,Towers with Radar,2,60,61,0,123,0,0,52,0,52,2,60,113,0,175,106,0,106,281
04/19/2022,MKC,MO,ACE,CE,Towers with Radar,0,64,89,2,155,0,3,103,2,108,0,67,192,4,263,166,0,166,429
04/20/2022,MKC,MO,ACE,CE,Towers with Radar,0,65,61,7,133,0,1,7,1,9,0,66,68,8,142,45,0,45,187
04/21/2022,MKC,MO,ACE,CE,Towers with Radar,4,51,74,3,132,0,2,94,0,96,4,53,168,3,228,90,0,90,318
04/22/2022,MKC,MO,ACE,CE,Towers with Radar,2,50,55,2,109,0,3,29,1,33,2,53,84,3,142,10,0,10,152
04/23/2022,MKC,MO,ACE,CE,Towers with Radar,1,36,27,0,64,0,1,8,2,11,1,37,35,2,75,4,2,6,81
04/24/2022,MKC,MO,ACE,CE,Towers with Radar,1,52,41,0,94,0,20,116,2,138,1,72,157,2,232,96,0,96,328
04/25/2022,MKC,MO,ACE,CE,Towers with Radar,0,40,52,0,92,0,23,112,0,135,0,63,164,0,227,154,0,154,381
04/26/2022,MKC,MO,ACE,CE,Towers with Radar,0,47,57,1,105,0,25,152,5,182,0,72,209,6,287,165,0,165,452
04/27/2022,MKC,MO,ACE,CE,Towers with Radar,0,52,94,1,147,1,9,101,2,113,1,61,195,3,260,92,0,92,352
04/28/2022,MKC,MO,ACE,CE,Towers with Radar,3,52,76,1,132,0,3,46,4,53,3,55,122,5,185,46,0,46,231
04/29/2022,MKC,MO,ACE,CE,Towers with Radar,3,56,45,2,106,0,4,10,1,15,3,60,55,3,121,26,0,26,147
04/30/2022,MKC,MO,ACE,CE,Towers with Radar,5,46,42,0,93,0,16,47,1,64,5,62,89,1,157,25,0,25,182
05/01/2022,MKC,MO,ACE,CE,Towers with Radar,3,40,56,0,99,0,11,86,4,101,3,51,142,4,200,105,0,105,305
05/02/2022,MKC,MO,ACE,CE,Towers with Radar,3,32,36,0,71,0,1,23,0,24,3,33,59,0,95,83,0,83,178
05/03/2022,MKC,MO,ACE,CE,Towers with Radar,0,67,82,1,150,0,0,8,2,10,0,67,90,3,160,90,0,90,250
05/04/2022,MKC,MO,ACE,CE,Towers with Radar,1,57,72,0,130,0,0,2,0,2,1,57,74,0,132,12,0,12,144
05/05/2022,MKC,MO,ACE,CE,Towers with Radar,2,64,50,2,118,0,0,0,0,0,2,64,50,2,118,9,0,9,127
05/06/2022,MKC,MO,ACE,CE,Towers with Radar,2,78,59,0,139,0,3,72,0,75,2,81,131,0,214,167,0,167,381
05/07/2022,MKC,MO,ACE,CE,Towers with Radar,0,41,50,1,92,0,11,120,3,134,0,52,170,4,226,117,0,117,343
05/08/2022,MKC,MO,ACE,CE,Towers with Radar,2,47,43,1,93,0,5,29,0,34,2,52,72,1,127,54,0,54,181
05/09/2022,MKC,MO,ACE,CE,Towers with Radar,1,35,47,3,86,0,4,47,0,51,1,39,94,3,137,75,0,75,212
05/10/2022,MKC,MO,ACE,CE,Towers with Radar,0,68,60,0,128,0,12,125,0,137,0,80,185,0,265,259,0,259,524
05/11/2022,MKC,MO,ACE,CE,Towers with Radar,1,62,71,0,134,0,6,123,2,131,1,68,194,2,265,166,0,166,431
05/12/2022,MKC,MO,ACE,CE,Towers with Radar,0,52,69,3,124,0,9,107,1,117,0,61,176,4,241,40,0,40,281
05/13/2022,MKC,MO,ACE,CE,Towers with Radar,2,52,55,0,109,0,1,86,1,88,2,53,141,1,197,84,0,84,281
05/14/2022,MKC,MO,ACE,CE,Towers with Radar,0,47,59,0,106,0,9,113,4,126,0,56,172,4,232,128,1,129,361
05/15/2022,MKC,MO,ACE,CE,Towers with Radar,6,36,51,0,93,0,1,29,1,31,6,37,80,1,124,65,0,65,189
05/16/2022,MKC,MO,ACE,CE,Towers with Radar,0,34,64,2,100,0,14,120,2,136,0,48,184,4,236,160,0,160,396
05/17/2022,MKC,MO,ACE,CE,Towers with Radar,1,68,90,2,161,0,14,96,1,111,1,82,186,3,272,128,0,128,400
05/18/2022,MKC,MO,ACE,CE,Towers with Radar,1,67,69,4,141,0,21,93,4,118,1,88,162,8,259,189,0,189,448
05/19/2022,MKC,MO,ACE,CE,Towers with Radar,4,73,75,2,154,0,3,138,11,152,4,76,213,13,306,163,0,163,469
05/20/2022,MKC,MO,ACE,CE,Towers with Radar,0,61,60,5,126,0,4,63,6,73,0,65,123,11,199,149,0,149,348
05/21/2022,MKC,MO,ACE,CE,Towers with Radar,2,35,32,2,71,0,10,56,3,69,2,45,88,5,140,96,2,98,238
05/22/2022,MKC,MO,ACE,CE,Towers with Radar,4,35,45,1,85,0,4,108,0,112,4,39,153,1,197,117,0,117,314
05/23/2022,MKC,MO,ACE,CE,Towers with Radar,2,50,45,2,99,0,2,90,0,92,2,52,135,2,191,119,0,119,310
05/24/2022,MKC,MO,ACE,CE,Towers with Radar,0,56,36,0,92,0,0,2,0,2,0,56,38,0,94,1,1,2,96
05/25/2022,MKC,MO,ACE,CE,Towers with Radar,1,47,59,0,107,0,0,3,0,3,1,47,62,0,110,16,0,16,126
05/26/2022,MKC,MO,ACE,CE,Towers with Radar,0,68,91,3,162,0,2,13,1,16,0,70,104,4,178,56,0,56,234
05/27/2022,MKC,MO,ACE,CE,Towers with Radar,3,46,86,0,135,0,7,170,0,177,3,53,256,0,312,58,0,58,370
05/28/2022,MKC,MO,ACE,CE,Towers with Radar,0,35,37,1,73,0,8,86,0,94,0,43,123,1,167,10,0,10,177
05/29/2022,MKC,MO,ACE,CE,Towers with Radar,2,37,18,0,57,0,3,31,2,36,2,40,49,2,93,0,0,0,93
05/30/2022,MKC,MO,ACE,CE,Towers with Radar,0,32,39,0,71,0,9,26,0,35,0,41,65,0,106,20,0,20,126
05/31/2022,MKC,MO,ACE,CE,Towers with Radar,0,42,35,0,77,0,1,6,0,7,0,43,41,0,84,60,0,60,144
06/01/2022,MKC,MO,ACE,CE,Towers with Radar,3,53,57,3,116,0,3,80,2,85,3,56,137,5,201,238,0,238,439
06/02/2022,MKC,MO,ACE,CE,Towers with Radar,2,62,81,2,147,0,12,149,4,165,2,74,230,6,312,137,0,137,449
06/03/2022,MKC,MO,ACE,CE,Towers with Radar,0,55,52,1,108,0,8,139,2,149,0,63,191,3,257,121,0,121,378
06/04/2022,MKC,MO,ACE,CE,Towers with Radar,0,32,42,1,75,0,1,58,0,59,0,33,100,1,134,69,1,70,204
06/05/2022,MKC,MO,ACE,CE,Towers with Radar,4,32,52,4,92,0,2,51,0,53,4,34,103,4,145,34,0,34,179
06/06/2022,MKC,MO,ACE,CE,Towers with Radar,2,41,56,0,99,0,2,73,3,78,2,43,129,3,177,92,0,92,269
06/07/2022,MKC,MO,ACE,CE,Towers with Radar,0,41,72,2,115,0,3,114,6,123,0,44,186,8,238,119,0,119,357
06/08/2022,MKC,MO,ACE,CE,Towers with Radar,1,66,63,5,135,0,11,71,7,89,1,77,134,12,224,98,0,98,322
06/09/2022,MKC,MO,ACE,CE,Towers with Radar,2,51,77,4,134,0,7,121,3,131,2,58,198,7,265,142,0,142,407
06/10/2022,MKC,MO,ACE,CE,Towers with Radar,0,58,42,0,100,0,7,93,1,101,0,65,135,1,201,64,0,64,265
06/11/2022,MKC,MO,ACE,CE,Towers with Radar,1,40,58,0,99,0,4,112,0,116,1,44,170,0,215,92,0,92,307
06/12/2022,MKC,MO,ACE,CE,Towers with Radar,5,45,62,0,112,0,4,59,2,65,5,49,121,2,177,62,0,62,239
06/13/2022,MKC,MO,ACE,CE,Towers with Radar,0,37,35,0,72,0,3,71,16,90,0,40,106,16,162,103,0,103,265
06/14/2022,MKC,MO,ACE,CE,Towers with Radar,0,63,63,1,127,0,2,79,14,95,0,65,142,15,222,49,0,49,271
06/15/2022,MKC,MO,ACE,CE,Towers with Radar,0,66,89,3,158,0,3,59,3,65,0,69,148,6,223,128,0,128,351
06/16/2022,MKC,MO,ACE,CE,Towers with Radar,0,57,57,0,114,0,6,123,13,142,0,63,180,13,256,196,2,198,454
06/17/2022,MKC,MO,ACE,CE,Towers with Radar,0,57,62,5,124,0,3,126,6,135,0,60,188,11,259,222,0,222,481
06/18/2022,MKC,MO,ACE,CE,Towers with Radar,2,48,43,1,94,0,2,97,3,102,2,50,140,4,196,109,0,109,305
06/19/2022,MKC,MO,ACE,CE,Towers with Radar,1,39,37,0,77,0,7,47,0,54,1,46,84,0,131,97,0,97,228
06/20/2022,MKC,MO,ACE,CE,Towers with Radar,1,41,79,0,121,0,9,134,0,143,1,50,213,0,264,141,0,141,405
06/21/2022,MKC,MO,ACE,CE,Towers with Radar,0,62,57,2,121,0,2,109,0,111,0,64,166,2,232,218,0,218,450
06/22/2022,MKC,MO,ACE,CE,Towers with Radar,0,85,67,2,154,0,10,134,0,144,0,95,201,2,298,177,0,177,475
06/23/2022,MKC,MO,ACE,CE,Towers with Radar,4,64,53,2,123,0,6,85,2,93,4,70,138,4,216,134,0,134,350
06/24/2022,MKC,MO,ACE,CE,Towers with Radar,3,59,45,0,107,0,4,57,0,61,3,63,102,0,168,69,0,69,237
06/25/2022,MKC,MO,ACE,CE,Towers with Radar,2,47,23,0,72,0,10,127,1,138,2,57,150,1,210,120,0,120,330
06/26/2022,MKC,MO,ACE,CE,Towers with Radar,2,44,47,0,93,0,4,106,0,110,2,48,153,0,203,104,0,104,307
06/27/2022,MKC,MO,ACE,CE,Towers with Radar,0,46,69,2,117,0,5,127,0,132,0,51,196,2,249,138,0,138,387
06/28/2022,MKC,MO,ACE,CE,Towers with Radar,0,62,57,2,121,0,13,178,3,194,0,75,235,5,315,238,0,238,553
06/29/2022,MKC,MO,ACE,CE,Towers with Radar,1,48,77,6,132,0,10,139,1,150,1,58,216,7,282,153,0,153,435
06/30/2022,MKC,MO,ACE,CE,Towers with Radar,2,60,92,0,154,0,18,111,2,131,2,78,203,2,285,209,0,209,494
07/01/2022,MKC,MO,ACE,CE,Towers with Radar,0,60,70,0,130,0,9,135,2,146,0,69,205,2,276,101,0,101,377
07/02/2022,MKC,MO,ACE,CE,Towers with Radar,2,32,26,0,60,0,7,18,0,25,2,39,44,0,85,14,0,14,99
07/03/2022,MKC,MO,ACE,CE,Towers with Radar,1,25,33,2,61,0,2,38,1,41,1,27,71,3,102,77,0,77,179
07/04/2022,MKC,MO,ACE,CE,Towers with Radar,1,22,14,0,37,0,8,69,0,77,1,30,83,0,114,70,0,70,184
07/05/2022,MKC,MO,ACE,CE,Towers with Radar,0,34,49,0,83,0,16,107,1,124,0,50,156,1,207,120,0,120,327
07/06/2022,MKC,MO,ACE,CE,Towers with Radar,2,57,46,3,108,0,10,139,2,151,2,67,185,5,259,189,0,189,448
07/07/2022,MKC,MO,ACE,CE,Towers with Radar,2,70,95,1,168,0,5,112,0,117,2,75,207,1,285,128,0,128,413
07/08/2022,MKC,MO,ACE,CE,Towers with Radar,0,69,78,1,148,0,8,69,1,78,0,77,147,2,226,156,0,156,382
07/09/2022,MKC,MO,ACE,CE,Towers with Radar,0,76,79,0,155,0,13,86,1,100,0,89,165,1,255,79,0,79,334
07/10/2022,MKC,MO,ACE,CE,Towers with Radar,3,60,76,0,139,0,6,92,3,101,3,66,168,3,240,115,0,115,355
07/11/2022,MKC,MO,ACE,CE,Towers with Radar,0,44,48,1,93,0,1,112,2,115,0,45,160,3,208,209,0,209,417
07/12/2022,MKC,MO,ACE,CE,Towers with Radar,1,57,73,2,133,0,16,134,3,153,1,73,207,5,286,165,0,165,451
07/13/2022,MKC,MO,ACE,CE,Towers with Radar,2,56,75,2,135,0,9,128,0,137,2,65,203,2,272,201,0,201,473
07/14/2022,MKC,MO,ACE,CE,Towers with Radar,2,66,72,1,141,0,5,125,0,130,2,71,197,1,271,154,0,154,425
07/15/2022,MKC,MO,ACE,CE,Towers with Radar,0,61,71,0,132,0,7,80,0,87,0,68,151,0,219,118,0,118,337
07/16/2022,MKC,MO,ACE,CE,Towers with Radar,2,34,50,0,86,0,4,74,0,78,2,38,124,0,164,214,0,214,378
07/17/2022,MKC,MO,ACE,CE,Towers with Radar,2,38,49,0,89,0,4,51,1,56,2,42,100,1,145,47,0,47,192
07/18/2022,MKC,MO,ACE,CE,Towers with Radar,2,42,55,1,100,0,2,109,0,111,2,44,164,1,211,266,0,266,477
07/19/2022,MKC,MO,ACE,CE,Towers with Radar,0,52,56,2,110,0,11,134,0,145,0,63,190,2,255,169,0,169,424
07/20/2022,MKC,MO,ACE,CE,Towers with Radar,0,49,62,2,113,0,9,147,8,164,0,58,209,10,277,136,0,136,413
07/21/2022,MKC,MO,ACE,CE,Towers with Radar,1,56,79,3,139,0,20,138,3,161,1,76,217,6,300,182,0,182,482
07/22/2022,MKC,MO,ACE,CE,Towers with Radar,3,53,57,2,115,0,19,120,4,143,3,72,177,6,258,178,0,178,436
07/23/2022,MKC,MO,ACE,CE,Towers with Radar,1,46,32,1,80,0,2,97,0,99,1,48,129,1,179,37,0,37,216
07/24/2022,MKC,MO,ACE,CE,Towers with Radar,1,35,41,0,77,0,1,76,4,81,1,36,117,4,158,139,0,139,297
07/25/2022,MKC,MO,ACE,CE,Towers with Radar,0,53,50,1,104,0,7,20,0,27,0,60,70,1,131,44,0,44,175
07/26/2022,MKC,MO,ACE,CE,Towers with Radar,2,50,57,0,109,0,1,33,3,37,2,51,90,3,146,133,0,133,279
07/27/2022,MKC,MO,ACE,CE,Towers with Radar,2,60,85,4,151,0,4,69,4,77,2,64,154,8,228,124,0,124,352
07/28/2022,MKC,MO,ACE,CE,Towers with Radar,2,56,75,2,135,0,1,70,1,72,2,57,145,3,207,164,0,164,371
07/29/2022,MKC,MO,ACE,CE,Towers with Radar,0,61,56,0,117,0,8,152,2,162,0,69,208,2,279,213,0,213,492
07/30/2022,MKC,MO,ACE,CE,Towers with Radar,2,49,52,0,103,0,13,102,9,124,2,62,154,9,227,167,0,167,394
07/31/2022,MKC,MO,ACE,CE,Towers with Radar,0,47,69,0,116,0,4,74,1,79,0,51,143,1,195,178,0,178,373
08/01/2022,MKC,MO,ACE,CE,Towers with Radar,0,29,41,1,71,0,10,166,2,178,0,39,207,3,249,130,0,130,379
08/02/2022,MKC,MO,ACE,CE,Towers with Radar,0,52,48,1,101,0,1,114,1,116,0,53,162,2,217,109,0,109,326
08/03/2022,MKC,MO,ACE,CE,Towers with Radar,3,48,36,0,87,0,10,56,0,66,3,58,92,0,153,187,0,187,340
08/04/2022,MKC,MO,ACE,CE,Towers with Radar,0,43,78,2,123,0,4,93,1,98,0,47,171,3,221,216,0,216,437
08/05/2022,MKC,MO,ACE,CE,Towers with Radar,1,46,69,1,117,0,5,104,5,114,1,51,173,6,231,170,0,170,401
08/06/2022,MKC,MO,ACE,CE,Towers with Radar,1,39,32,0,72,0,10,88,5,103,1,49,120,5,175,82,0,82,257
08/07/2022,MKC,MO,ACE,CE,Towers with Radar,5,30,48,4,87,0,9,98,0,107,5,39,146,4,194,86,0,86,280
08/08/2022,MKC,MO,ACE,CE,Towers with Radar,0,35,85,4,124,0,12,29,0,41,0,47,114,4,165,60,0,60,225
08/09/2022,MKC,MO,ACE,CE,Towers with Radar,0,66,59,1,126,0,4,149,0,153,0,70,208,1,279,191,0,191,470
08/10/2022,MKC,MO,ACE,CE,Towers with Radar,0,59,58,1,118,0,17,167,1,185,0,76,225,2,303,119,0,119,422
08/11/2022,MKC,MO,ACE,CE,Towers with Radar,2,56,64,0,122,0,9,184,2,195,2,65,248,2,317,174,0,174,491
08/12/2022,MKC,MO,ACE,CE,Towers with Radar,2,54,40,1,97,0,21,129,1,151,2,75,169,2,248,122,0,122,370
08/13/2022,MKC,MO,ACE,CE,Towers with Radar,0,60,33,0,93,0,2,94,0,96,0,62,127,0,189,81,0,81,270
08/14/2022,MKC,MO,ACE,CE,Towers with Radar,4,54,44,1,103,0,4,86,0,90,4,58,130,1,193,120,0,120,313
08/15/2022,MKC,MO,ACE,CE,Towers with Radar,0,48,42,0,90,0,3,84,0,87,0,51,126,0,177,113,0,113,290
08/16/2022,MKC,MO,ACE,CE,Towers with Radar,0,55,54,2,111,0,1,1,0,2,0,56,55,2,113,0,0,0,113
08/17/2022,MKC,MO,ACE,CE,Towers with Radar,0,57,55,1,113,0,7,124,2,133,0,64,179,3,246,132,0,132,378
08/18/2022,MKC,MO,ACE,CE,Towers with Radar,0,59,66,0,125,0,14,141,1,156,0,73,207,1,281,181,0,181,462
08/19/2022,MKC,MO,ACE,CE,Towers with Radar,1,58,42,0,101,0,0,54,3,57,1,58,96,3,158,69,0,69,227
08/20/2022,MKC,MO,ACE,CE,Towers with Radar,1,40,47,0,88,0,7,87,3,97,1,47,134,3,185,158,0,158,343
08/21/2022,MKC,MO,ACE,CE,Towers with Radar,7,37,42,0,86,0,9,93,7,109,7,46,135,7,195,79,0,79,274
08/22/2022,MKC,MO,ACE,CE,Towers with Radar,2,39,64,0,105,1,10,112,4,127,3,49,176,4,232,120,0,120,352
08/23/2022,MKC,MO,ACE,CE,Towers with Radar,0,48,66,3,117,0,11,146,0,157,0,59,212,3,274,152,0,152,426
08/24/2022,MKC,MO,ACE,CE,Towers with Radar,3,47,75,0,125,0,6,103,2,111,3,53,178,2,236,45,0,45,281
08/25/2022,MKC,MO,ACE,CE,Towers with Radar,3,72,77,2,154,0,6,105,4,115,3,78,182,6,269,131,0,131,400
08/26/2022,MKC,MO,ACE,CE,Towers with Radar,1,50,59,6,116,0,6,121,0,127,1,56,180,6,243,131,0,131,374
08/27/2022,MKC,MO,ACE,CE,Towers with Radar,1,43,38,1,83,0,11,90,6,107,1,54,128,7,190,52,0,52,242
08/28/2022,MKC,MO,ACE,CE,Towers with Radar,1,27,43,0,71,0,8,53,0,61,1,35,96,0,132,76,0,76,208
08/29/2022,MKC,MO,ACE,CE,Towers with Radar,2,36,45,0,83,0,1,67,0,68,2,37,112,0,151,97,0,97,248
08/30/2022,MKC,MO,ACE,CE,Towers with Radar,0,67,62,2,131,0,6,134,0,140,0,73,196,2,271,104,0,104,375
08/31/2022,MKC,MO,ACE,CE,Towers with Radar,0,51,79,1,131,0,15,142,4,161,0,66,221,5,292,197,0,197,489
09/01/2022,MKC,MO,ACE,CE,Towers with Radar,1,71,75,0,147,0,3,125,4,132,1,74,200,4,279,93,0,93,372
09/02/2022,MKC,MO,ACE,CE,Towers with Radar,1,64,47,1,113,0,9,102,2,113,1,73,149,3,226,179,0,179,405
09/03/2022,MKC,MO,ACE,CE,Towers with Radar,2,33,33,2,70,0,10,101,1,112,2,43,134,3,182,159,0,159,341
09/04/2022,MKC,MO,ACE,CE,Towers with Radar,2,30,43,0,75,0,8,33,0,41,2,38,76,0,116,20,0,20,136
09/05/2022,MKC,MO,ACE,CE,Towers with Radar,3,46,48,0,97,0,8,47,0,55,3,54,95,0,152,125,0,125,277
09/06/2022,MKC,MO,ACE,CE,Towers with Radar,1,73,73,1,148,0,9,126,3,138,1,82,199,4,286,213,0,213,499
09/07/2022,MKC,MO,ACE,CE,Towers with Radar,1,83,62,0,146,0,5,174,3,182,1,88,236,3,328,254,0,254,582
09/08/2022,MKC,MO,ACE,CE,Towers with Radar,1,66,57,0,124,0,11,131,5,147,1,77,188,5,271,257,0,257,528
09/09/2022,MKC,MO,ACE,CE,Towers with Radar,2,49,68,2,121,0,8,129,7,144,2,57,197,9,265,157,0,157,422
09/10/2022,MKC,MO,ACE,CE,Towers with Radar,0,40,55,4,99,0,2,93,3,98,0,42,148,7,197,11,0,11,208
09/11/2022,MKC,MO,ACE,CE,Towers with Radar,4,49,63,0,116,0,5,76,6,87,4,54,139,6,203,72,0,72,275
09/12/2022,MKC,MO,ACE,CE,Towers with Radar,2,49,69,0,120,0,9,118,1,128,2,58,187,1,248,149,0,149,397
09/13/2022,MKC,MO,ACE,CE,Towers with Radar,1,57,77,6,141,0,8,150,3,161,1,65,227,9,302,218,0,218,520
09/14/2022,MKC,MO,ACE,CE,Towers with Radar,1,74,84,1,160,0,18,143,2,163,1,92,227,3,323,203,0,203,526
09/15/2022,MKC,MO,ACE,CE,Towers with Radar,0,97,108,1,206,0,2,124,5,131,0,99,232,6,337,122,0,122,459
09/16/2022,MKC,MO,ACE,CE,Towers with Radar,3,66,82,1,152,0,9,131,4,144,3,75,213,5,296,181,0,181,477
09/17/2022,MKC,MO,ACE,CE,Towers with Radar,1,38,41,0,80,0,9,65,4,78,1,47,106,4,158,133,1,134,292
09/18/2022,MKC,MO,ACE,CE,Towers with Radar,2,42,53,0,97,0,11,75,0,86,2,53,128,0,183,38,0,38,221
09/19/2022,MKC,MO,ACE,CE,Towers with Radar,1,49,62,0,112,0,13,152,2,167,1,62,214,2,279,193,0,193,472
09/20/2022,MKC,MO,ACE,CE,Towers with Radar,0,69,72,3,144,0,18,120,5,143,0,87,192,8,287,154,2,156,443
09/21/2022,MKC,MO,ACE,CE,Towers with Radar,0,75,80,2,157,0,7,105,4,116,0,82,185,6,273,207,0,207,480
09/22/2022,MKC,MO,ACE,CE,Towers with Radar,2,56,88,0,146,0,14,114,0,128,2,70,202,0,274,195,0,195,469
09/23/2022,MKC,MO,ACE,CE,Towers with Radar,0,59,65,0,124,0,8,82,1,91,0,67,147,1,215,212,0,212,427
09/24/2022,MKC,MO,ACE,CE,Towers with Radar,0,34,44,0,78,0,18,135,4,157,0,52,179,4,235,146,0,146,381
09/25/2022,MKC,MO,ACE,CE,Towers with Radar,1,47,42,0,90,0,24,90,0,114,1,71,132,0,204,56,0,56,260
09/26/2022,MKC,MO,ACE,CE,Towers with Radar,2,37,44,0,83,0,8,118,2,128,2,45,162,2,211,185,0,185,396
09/27/2022,MKC,MO,ACE,CE,Towers with Radar,0,55,77,0,132,0,10,114,0,124,0,65,191,0,256,211,0,211,467
09/28/2022,MKC,MO,ACE,CE,Towers with Radar,0,65,69,0,134,0,16,120,0,136,0,81,189,0,270,141,0,141,411
09/29/2022,MKC,MO,ACE,CE,Towers with Radar,0,54,57,0,111,0,8,121,1,130,0,62,178,1,241,300,0,300,541
09/30/2022,MKC,MO,ACE,CE,Towers with Radar,2,68,84,0,154,0,19,129,0,148,2,87,213,0,302,163,0,163,465
10/01/2022,MKC,MO,ACE,CE,Towers with Radar,2,35,40,0,77,0,25,103,0,128,2,60,143,0,205,175,0,175,380
10/02/2022,MKC,MO,ACE,CE,Towers with Radar,2,39,55,0,96,0,6,87,2,95,2,45,142,2,191,129,0,129,320
10/03/2022,MKC,MO,ACE,CE,Towers with Radar,0,49,60,1,110,0,10,99,2,111,0,59,159,3,221,271,0,271,492
10/04/2022,MKC,MO,ACE,CE,Towers with Radar,0,56,62,0,118,0,6,132,0,138,0,62,194,0,256,227,0,227,483
10/05/2022,MKC,MO,ACE,CE,Towers with Radar,2,84,62,0,148,0,15,102,1,118,2,99,164,1,266,128,0,128,394
10/06/2022,MKC,MO,ACE,CE,Towers with Radar,0,88,56,4,148,0,11,126,1,138,0,99,182,5,286,166,0,166,452
10/07/2022,MKC,MO,ACE,CE,Towers with Radar,1,63,50,0,114,0,3,133,1,137,1,66,183,1,251,234,0,234,485
10/08/2022,MKC,MO,ACE,CE,Towers with Radar,1,40,39,0,80,0,20,138,3,161,1,60,177,3,241,115,0,115,356
10/09/2022,MKC,MO,ACE,CE,Towers with Radar,2,53,54,0,109,0,10,103,3,116,2,63,157,3,225,87,0,87,312
10/10/2022,MKC,MO,ACE,CE,Towers with Radar,0,57,98,3,158,0,10,109,1,120,0,67,207,4,278,130,0,130,408
10/11/2022,MKC,MO,ACE,CE,Towers with Radar,0,63,96,1,160,0,8,42,0,50,0,71,138,1,210,34,0,34,244
10/12/2022,MKC,MO,ACE,CE,Towers with Radar,0,62,87,2,151,0,7,74,0,81,0,69,161,2,232,86,0,86,318
10/13/2022,MKC,MO,ACE,CE,Towers with Radar,0,79,57,0,136,0,7,73,3,83,0,86,130,3,219,104,0,104,323
10/14/2022,MKC,MO,ACE,CE,Towers with Radar,0,69,64,3,136,0,6,92,0,98,0,75,156,3,234,182,0,182,416
10/15/2022,MKC,MO,ACE,CE,Towers with Radar,0,42,70,0,112,0,13,156,2,171,0,55,226,2,283,173,0,173,456
10/16/2022,MKC,MO,ACE,CE,Towers with Radar,0,82,128,2,212,0,7,97,0,104,0,89,225,2,316,46,0,46,362
10/17/2022,MKC,MO,ACE,CE,Towers with Radar,0,41,85,2,128,0,9,112,0,121,0,50,197,2,249,144,0,144,393
10/18/2022,MKC,MO,ACE,CE,Towers with Radar,0,64,88,0,152,0,15,102,0,117,0,79,190,0,269,220,0,220,489
10/19/2022,MKC,MO,ACE,CE,Towers with Radar,0,68,85,0,153,0,9,113,0,122,0,77,198,0,275,176,0,176,451
10/20/2022,MKC,MO,ACE,CE,Towers with Radar,1,53,74,0,128,0,12,133,0,145,1,65,207,0,273,206,0,206,479
10/21/2022,MKC,MO,ACE,CE,Towers with Radar,5,63,69,0,137,0,16,101,1,118,5,79,170,1,255,252,0,252,507
10/22/2022,MKC,MO,ACE,CE,Towers with Radar,0,44,32,0,76,0,5,51,0,56,0,49,83,0,132,74,0,74,206
10/23/2022,MKC,MO,ACE,CE,Towers with Radar,0,51,29,0,80,0,4,12,0,16,0,55,41,0,96,0,0,0,96
10/24/2022,MKC,MO,ACE,CE,Towers with Radar,2,48,49,2,101,0,0,7,0,7,2,48,56,2,108,51,0,51,159
10/25/2022,MKC,MO,ACE,CE,Towers with Radar,0,60,61,0,121,0,10,101,0,111,0,70,162,0,232,166,0,166,398
10/26/2022,MKC,MO,ACE,CE,Towers with Radar,0,64,91,1,156,0,14,126,1,141,0,78,217,2,297,202,0,202,499
10/27/2022,MKC,MO,ACE,CE,Towers with Radar,0,50,69,0,119,0,5,113,0,118,0,55,182,0,237,173,0,173,410
10/28/2022,MKC,MO,ACE,CE,Towers with Radar,0,57,49,4,110,0,8,120,2,130,0,65,169,6,240,189,0,189,429
10/29/2022,MKC,MO,ACE,CE,Towers with Radar,0,45,37,0,82,0,7,131,2,140,0,52,168,2,222,160,0,160,382
10/30/2022,MKC,MO,ACE,CE,Towers with Radar,0,49,43,0,92,0,9,81,0,90,0,58,124,0,182,138,0,138,320
10/31/2022,MKC,MO,ACE,CE,Towers with Radar,0,42,46,0,88,0,5,101,0,106,0,47,147,0,194,296,0,296,490
11/01/2022,MKC,MO,ACE,CE,Towers with Radar,0,72,57,0,129,0,18,125,0,143,0,90,182,0,272,181,0,181,453
11/02/2022,MKC,MO,ACE,CE,Towers with Radar,0,69,56,1,126,0,11,137,2,150,0,80,193,3,276,155,0,155,431
11/03/2022,MKC,MO,ACE,CE,Towers with Radar,0,76,78,0,154,0,16,55,1,72,0,92,133,1,226,18,0,18,244
11/04/2022,MKC,MO,ACE,CE,Towers with Radar,0,53,38,0,91,0,2,0,0,2,0,55,38,0,93,0,0,0,93
11/05/2022,MKC,MO,ACE,CE,Towers with Radar,0,65,36,0,101,0,12,73,0,85,0,77,109,0,186,64,0,64,250
11/06/2022,MKC,MO,ACE,CE,Towers with Radar,0,65,104,0,169,2,15,134,1,152,2,80,238,1,321,149,0,149,470
11/07/2022,MKC,MO,ACE,CE,Towers with Radar,0,61,73,0,134,0,13,128,1,142,0,74,201,1,276,169,0,169,445
11/08/2022,MKC,MO,ACE,CE,Towers with Radar,0,55,91,2,148,0,3,55,0,58,0,58,146,2,206,210,0,210,416
11/09/2022,MKC,MO,ACE,CE,Towers with Radar,0,56,93,0,149,0,7,30,0,37,0,63,123,0,186,83,0,83,269
11/10/2022,MKC,MO,ACE,CE,Towers with Radar,0,71,46,0,117,0,3,18,2,23,0,74,64,2,140,19,0,19,159
11/11/2022,MKC,MO,ACE,CE,Towers with Radar,0,63,50,1,114,0,9,110,3,122,0,72,160,4,236,144,0,144,380
11/12/2022,MKC,MO,ACE,CE,Towers with Radar,0,55,35,1,91,0,3,71,0,74,0,58,106,1,165,205,0,205,370
11/13/2022,MKC,MO,ACE,CE,Towers with Radar,0,54,84,0,138,0,9,91,0,100,0,63,175,0,238,127,0,127,365
11/14/2022,MKC,MO,ACE,CE,Towers with Radar,0,32,45,0,77,0,3,95,0,98,0,35,140,0,175,171,0,171,346
11/15/2022,MKC,MO,ACE,CE,Towers with Radar,0,55,65,0,120,0,3,48,0,51,0,58,113,0,171,130,0,130,301
11/16/2022,MKC,MO,ACE,CE,Towers with Radar,0,52,68,2,122,0,9,95,0,104,0,61,163,2,226,71,0,71,297
11/17/2022,MKC,MO,ACE,CE,Towers with Radar,1,64,50,0,115,0,10,104,0,114,1,74,154,0,229,179,0,179,408
11/18/2022,MKC,MO,ACE,CE,Towers with Radar,0,56,80,1,137,0,5,95,0,100,0,61,175,1,237,116,0,116,353
11/19/2022,MKC,MO,ACE,CE,Towers with Radar,0,42,36,0,78,0,7,120,1,128,0,49,156,1,206,115,0,115,321
11/20/2022,MKC,MO,ACE,CE,Towers with Radar,0,40,49,1,90,0,14,85,0,99,0,54,134,1,189,146,0,146,335
11/21/2022,MKC,MO,ACE,CE,Towers with Radar,0,45,53,0,98,0,2,107,1,110,0,47,160,1,208,104,0,104,312
11/22/2022,MKC,MO,ACE,CE,Towers with Radar,0,62,58,0,120,0,10,152,3,165,0,72,210,3,285,172,0,172,457
11/23/2022,MKC,MO,ACE,CE,Towers with Radar,0,53,26,4,83,0,13,92,2,107,0,66,118,6,190,123,0,123,313
11/24/2022,MKC,MO,ACE,CE,Towers with Radar,0,29,9,0,38,0,6,8,0,14,0,35,17,0,52,20,0,20,72
11/25/2022,MKC,MO,ACE,CE,Towers with Radar,0,39,20,0,59,0,6,99,3,108,0,45,119,3,167,65,3,68,235
11/26/2022,MKC,MO,ACE,CE,Towers with Radar,0,65,36,0,101,0,2,71,2,75,0,67,107,2,176,47,2,49,225
11/27/2022,MKC,MO,ACE,CE,Towers with Radar,0,50,78,0,128,0,4,36,2,42,0,54,114,2,170,98,0,98,268
11/28/2022,MKC,MO,ACE,CE,Towers with Radar,0,66,64,2,132,0,10,87,3,100,0,76,151,5,232,109,0,109,341
11/29/2022,MKC,MO,ACE,CE,Towers with Radar,0,60,31,0,91,3,2,19,0,24,3,62,50,0,115,14,0,14,129
11/30/2022,MKC,MO,ACE,CE,Towers with Radar,0,60,67,0,127,0,12,142,3,157,0,72,209,3,284,112,0,112,396
12/01/2022,MKC,MO,ACE,CE,Towers with Radar,0,75,57,0,132,0,10,170,4,184,0,85,227,4,316,129,0,129,445
12/02/2022,MKC,MO,ACE,CE,Towers with Radar,0,68,56,2,126,0,3,7,1,11,0,71,63,3,137,4,0,4,141
12/03/2022,MKC,MO,ACE,CE,Towers with Radar,0,44,41,3,88,0,13,146,10,169,0,57,187,13,257,82,0,82,339
12/04/2022,MKC,MO,ACE,CE,Towers with Radar,0,48,50,0,98,0,7,82,2,91,0,55,132,2,189,139,0,139,328
12/05/2022,MKC,MO,ACE,CE,Towers with Radar,0,35,51,2,88,0,11,98,3,112,0,46,149,5,200,157,0,157,357
12/06/2022,MKC,MO,ACE,CE,Towers with Radar,0,69,51,1,121,0,14,23,8,45,0,83,74,9,166,180,0,180,346
12/07/2022,MKC,MO,ACE,CE,Towers with Radar,0,69,69,0,138,0,11,69,0,80,0,80,138,0,218,253,0,253,471
12/08/2022,MKC,MO,ACE,CE,Towers with Radar,0,67,43,0,110,0,0,0,0,0,0,67,43,0,110,0,0,0,110
12/09/2022,MKC,MO,ACE,CE,Towers with Radar,0,62,48,2,112,0,1,9,0,10,0,63,57,2,122,211,0,211,333
12/10/2022,MKC,MO,ACE,CE,Towers with Radar,0,48,42,2,92,0,7,18,0,25,0,55,60,2,117,39,0,39,156
12/11/2022,MKC,MO,ACE,CE,Towers with Radar,0,23,44,0,67,0,1,10,0,11,0,24,54,0,78,20,0,20,98
12/12/2022,MKC,MO,ACE,CE,Towers with Radar,0,50,43,0,93,0,0,0,0,0,0,50,43,0,93,22,0,22,115
12/13/2022,MKC,MO,ACE,CE,Towers with Radar,0,58,47,0,105,0,0,8,0,8,0,58,55,0,113,18,0,18,131
12/14/2022,MKC,MO,ACE,CE,Towers with Radar,0,70,72,0,142,0,14,206,1,221,0,84,278,1,363,147,0,147,510
12/15/2022,MKC,MO,ACE,CE,Towers with Radar,0,53,44,1,98,0,6,80,6,92,0,59,124,7,190,15,0,15,205
12/16/2022,MKC,MO,ACE,CE,Towers with Radar,0,51,58,0,109,0,12,122,8,142,0,63,180,8,251,31,0,31,282
12/17/2022,MKC,MO,ACE,CE,Towers with Radar,0,43,40,0,83,0,6,158,2,166,0,49,198,2,249,76,0,76,325
12/18/2022,MKC,MO,ACE,CE,Towers with Radar,0,35,45,0,80,0,21,136,1,158,0,56,181,1,238,199,0,199,437
12/19/2022,MKC,MO,ACE,CE,Towers with Radar,2,43,39,0,84,0,5,29,0,34,2,48,68,0,118,43,0,43,161
12/20/2022,MKC,MO,ACE,CE,Towers with Radar,0,61,49,0,110,1,7,18,1,27,1,68,67,1,137,82,0,82,219
12/21/2022,MKC,MO,ACE,CE,Towers with Radar,0,78,58,0,136,0,3,37,3,43,0,81,95,3,179,147,2,149,328
12/22/2022,MKC,MO,ACE,CE,Towers with Radar,0,23,11,0,34,0,0,1,0,1,0,23,12,0,35,0,0,0,35
12/23/2022,MKC,MO,ACE,CE,Towers with Radar,0,40,25,0,65,0,3,22,0,25,0,43,47,0,90,0,0,0,90
12/24/2022,MKC,MO,ACE,CE,Towers with Radar,0,48,21,0,69,0,10,25,2,37,0,58,46,2,106,2,0,2,108
12/25/2022,MKC,MO,ACE,CE,Towers with Radar,0,30,13,0,43,0,8,14,0,22,0,38,27,0,65,6,0,6,71
12/26/2022,MKC,MO,ACE,CE,Towers with Radar,2,62,51,0,115,0,8,19,0,27,2,70,70,0,142,13,0,13,155
12/27/2022,MKC,MO,ACE,CE,Towers with Radar,0,53,62,1,116,0,5,107,5,117,0,58,169,6,233,107,2,109,342
12/28/2022,MKC,MO,ACE,CE,Towers with Radar,2,66,45,2,115,0,5,84,2,91,2,71,129,4,206,77,1,78,284
12/29/2022,MKC,MO,ACE,CE,Towers with Radar,2,50,46,0,98,0,13,59,0,72,2,63,105,0,170,29,0,29,199
12/30/2022,MKC,MO,ACE,CE,Towers with Radar,2,40,64,0,106,0,11,144,3,158,2,51,208,3,264,127,0,127,391
12/31/2022,MKC,MO,ACE,CE,Towers with Radar,0,35,31,0,66,0,7,147,0,154,0,42,178,0,220,140,0,140,360
01/01/2023,MKC,MO,ACE,CE,Towers with Radar,0,46,61,0,107,0,17,68,0,85,0,63,129,0,192,77,0,77,269
01/02/2023,MKC,MO,ACE,CE,Towers with Radar,0,23,30,0,53,0,1,4,0,5,0,24,34,0,58,0,0,0,58
01/03/2023,MKC,MO,ACE,CE,Towers with Radar,0,58,44,0,102,0,4,21,3,28,0,62,65,3,130,70,0,70,200
01/04/2023,MKC,MO,ACE,CE,Towers with Radar,0,59,39,0,98,0,24,118,0,142,0,83,157,0,240,54,0,54,294
01/05/2023,MKC,MO,ACE,CE,Towers with Radar,0,60,57,0,117,0,0,122,1,123,0,60,179,1,240,50,0,50,290
01/06/2023,MKC,MO,ACE,CE,Towers with Radar,0,56,34,1,91,0,5,128,1,134,0,61,162,2,225,179,0,179,404
01/07/2023,MKC,MO,ACE,CE,Towers with Radar,0,36,23,1,60,0,3,41,0,44,0,39,64,1,104,209,0,209,313
01/08/2023,MKC,MO,ACE,CE,Towers with Radar,0,46,52,0,98,0,17,139,1,157,0,63,191,1,255,128,0,128,383
01/09/2023,MKC,MO,ACE,CE,Towers with Radar,0,25,48,4,77,0,14,133,1,148,0,39,181,5,225,164,0,164,389
01/10/2023,MKC,MO,ACE,CE,Towers with Radar,0,58,37,3,98,0,14,150,2,166,0,72,187,5,264,257,4,261,525
01/11/2023,MKC,MO,ACE,CE,Towers with Radar,0,62,50,2,114,0,11,115,1,127,0,73,165,3,241,149,0,149,390
01/12/2023,MKC,MO,ACE,CE,Towers with Radar,0,56,40,3,99,0,1,8,4,13,0,57,48,7,112,40,3,43,155
01/13/2023,MKC,MO,ACE,CE,Towers with Radar,0,57,45,0,102,0,8,78,2,88,0,65,123,2,190,173,0,173,363
01/14/2023,MKC,MO,ACE,CE,Towers with Radar,0,32,44,0,76,0,23,141,0,164,0,55,185,0,240,129,0,129,369
01/15/2023,MKC,MO,ACE,CE,Towers with Radar,0,22,29,0,51,0,14,85,0,99,0,36,114,0,150,53,0,53,203
01/16/2023,MKC,MO,ACE,CE,Towers with Radar,0,31,36,0,67,0,19,66,1,86,0,50,102,1,153,104,0,104,257
01/17/2023,MKC,MO,ACE,CE,Towers with Radar,0,49,53,0,102,0,14,82,0,96,0,63,135,0,198,261,0,261,459
01/18/2023,MKC,MO,ACE,CE,Towers with Radar,0,62,36,0,98,0,2,1,0,3,0,64,37,0,101,0,0,0,101
01/19/2023,MKC,MO,ACE,CE,Towers with Radar,0,51,35,0,86,0,0,13,1,14,0,51,48,1,100,52,1,53,153
01/20/2023,MKC,MO,ACE,CE,Towers with Radar,0,46,53,2,101,0,9,131,11,151,0,55,184,13,252,314,0,314,566
01/21/2023,MKC,MO,ACE,CE,Towers with Radar,0,60,68,0,128,0,1,44,2,47,0,61,112,2,175,91,0,91,266
01/22/2023,MKC,MO,ACE,CE,Towers with Radar,0,38,33,1,72,0,0,2,0,2,0,38,35,1,74,0,0,0,74
01/23/2023,MKC,MO,ACE,CE,Towers with Radar,0,34,57,2,93,0,13,132,4,149,0,47,189,6,242,230,8,238,480
01/24/2023,MKC,MO,ACE,CE,Towers with Radar,0,56,40,0,96,0,1,80,1,82,0,57,120,1,178,146,0,146,324
01/25/2023,MKC,MO,ACE,CE,Towers with Radar,0,50,34,0,84,0,0,13,1,14,0,50,47,1,98,53,0,53,151
01/26/2023,MKC,MO,ACE,CE,Towers with Radar,0,54,71,0,125,0,12,144,7,163,0,66,215,7,288,124,0,124,412
01/27/2023,MKC,MO,ACE,CE,Towers with Radar,0,51,56,0,107,0,5,124,1,130,0,56,180,1,237,167,0,167,404
01/28/2023,MKC,MO,ACE,CE,Towers with Radar,1,66,57,0,124,0,11,106,0,117,1,77,163,0,241,106,0,106,347
01/29/2023,MKC,MO,ACE,CE,Towers with Radar,3,101,133,0,237,0,9,32,2,43,3,110,165,2,280,33,0,33,313
01/30/2023,MKC,MO,ACE,CE,Towers with Radar,0,61,96,0,157,0,12,71,0,83,0,73,167,0,240,218,0,218,458
01/31/2023,MKC,MO,ACE,CE,Towers with Radar,0,52,37,4,93,0,9,91,0,100,0,61,128,4,193,119,0,119,312
02/01/2023,MKC,MO,ACE,CE,Towers with Radar,0,52,45,0,97,0,13,119,5,137,0,65,164,5,234,139,0,139,373
02/02/2023,MKC,MO,ACE,CE,Towers with Radar,0,58,64,1,123,0,5,107,0,112,0,63,171,1,235,114,0,114,349
02/03/2023,MKC,MO,ACE,CE,Towers with Radar,0,50,46,9,105,0,9,95,6,110,0,59,141,15,215,204,0,204,419
02/04/2023,MKC,MO,ACE,CE,Towers with Radar,0,42,27,0,69,0,6,70,3,79,0,48,97,3,148,38,0,38,186
02/05/2023,MKC,MO,ACE,CE,Towers with Radar,0,20,48,0,68,0,10,145,3,158,0,30,193,3,226,177,0,177,403
02/06/2023,MKC,MO,ACE,CE,Towers with Radar,0,30,53,2,85,0,12,36,1,49,0,42,89,3,134,53,0,53,187
02/07/2023,MKC,MO,ACE,CE,Towers with Radar,0,55,57,0,112,0,11,135,4,150,0,66,192,4,262,146,0,146,408
02/08/2023,MKC,MO,ACE,CE,Towers with Radar,0,57,47,1,105,0,2,36,4,42,0,59,83,5,147,218,0,218,365
02/09/2023,MKC,MO,ACE,CE,Towers with Radar,0,51,34,0,85,0,2,21,2,25,0,53,55,2,110,57,0,57,167
02/10/2023,MKC,MO,ACE,CE,Towers with Radar,0,49,55,0,104,0,16,119,3,138,0,65,174,3,242,277,0,277,519
02/11/2023,MKC,MO,ACE,CE,Towers with Radar,2,42,40,0,84,0,29,158,2,189,2,71,198,2,273,260,0,260,533
02/12/2023,MKC,MO,ACE,CE,Towers with Radar,2,21,20,0,43,0,28,110,0,138,2,49,130,0,181,54,0,54,235
02/13/2023,MKC,MO,ACE,CE,Towers with Radar,4,58,77,2,141,0,27,135,3,165,4,85,212,5,306,108,0,108,414
02/14/2023,MKC,MO,ACE,CE,Towers with Radar,0,63,31,0,94,0,3,16,2,21,0,66,47,2,115,64,0,64,179
02/15/2023,MKC,MO,ACE,CE,Towers with Radar,0,58,45,5,108,0,6,65,3,74,0,64,110,8,182,98,0,98,280
02/16/2023,MKC,MO,ACE,CE,Towers with Radar,0,66,44,0,110,0,2,3,0,5,0,68,47,0,115,0,0,0,115
02/17/2023,MKC,MO,ACE,CE,Towers with Radar,2,56,79,0,137,0,7,154,2,163,2,63,233,2,300,135,0,135,435
02/18/2023,MKC,MO,ACE,CE,Towers with Radar,0,41,35,0,76,0,13,76,0,89,0,54,111,0,165,66,0,66,231
02/19/2023,MKC,MO,ACE,CE,Towers with Radar,2,33,41,0,76,0,10,141,0,151,2,43,182,0,227,153,0,153,380
02/20/2023,MKC,MO,ACE,CE,Towers with Radar,0,58,89,0,147,0,27,124,0,151,0,85,213,0,298,143,0,143,441
02/21/2023,MKC,MO,ACE,CE,Towers with Radar,0,50,60,4,114,0,18,112,11,141,0,68,172,15,255,171,8,179,434
02/22/2023,MKC,MO,ACE,CE,Towers with Radar,0,51,55,0,106,0,13,58,0,71,0,64,113,0,177,15,0,15,192
02/23/2023,MKC,MO,ACE,CE,Towers with Radar,0,69,60,1,130,0,23,91,1,115,0,92,151,2,245,98,0,98,343
02/24/2023,MKC,MO,ACE,CE,Towers with Radar,0,45,62,0,107,0,9,86,2,97,0,54,148,2,204,86,0,86,290
02/25/2023,MKC,MO,ACE,CE,Towers with Radar,0,47,42,0,89,0,6,127,4,137,0,53,169,4,226,108,6,114,340
02/26/2023,MKC,MO,ACE,CE,Towers with Radar,0,43,42,0,85,0,3,0,0,3,0,46,42,0,88,12,0,12,100
02/27/2023,MKC,MO,ACE,CE,Towers with Radar,0,23,41,2,66,0,14,40,0,54,0,37,81,2,120,88,0,88,208
02/28/2023,MKC,MO,ACE,CE,Towers with Radar,2,53,62,6,123,0,22,136,3,161,2,75,198,9,284,162,10,172,456
03/01/2023,MKC,MO,ACE,CE,Towers with Radar,0,63,71,2,136,0,19,153,4,176,0,82,224,6,312,173,2,175,487
03/02/2023,MKC,MO,ACE,CE,Towers with Radar,0,54,62,5,121,0,5,92,3,100,0,59,154,8,221,141,0,141,362
03/03/2023,MKC,MO,ACE,CE,Towers with Radar,2,62,47,0,111,0,25,64,0,89,2,87,111,0,200,93,0,93,293
03/04/2023,MKC,MO,ACE,CE,Towers with Radar,0,39,42,0,81,0,17,137,6,160,0,56,179,6,241,161,0,161,402
03/05/2023,MKC,MO,ACE,CE,Towers with Radar,2,43,31,2,78,0,14,69,0,83,2,57,100,2,161,28,0,28,189
03/06/2023,MKC,MO,ACE,CE,Towers with Radar,0,49,57,0,106,0,21,102,0,123,0,70,159,0,229,96,0,96,325
03/07/2023,MKC,MO,ACE,CE,Towers with Radar,10,45,52,2,109,0,11,67,0,78,10,56,119,2,187,90,0,90,277
03/08/2023,MKC,MO,ACE,CE,Towers with Radar,5,77,65,0,147,0,0,0,0,0,5,77,65,0,147,0,0,0,147
03/09/2023,MKC,MO,ACE,CE,Towers with Radar,6,65,53,2,126,0,2,2,2,6,6,67,55,4,132,33,0,33,165
03/10/2023,MKC,MO,ACE,CE,Towers with Radar,4,61,82,0,147,0,21,112,1,134,4,82,194,1,281,160,0,160,441
03/11/2023,MKC,MO,ACE,CE,Towers with Radar,6,55,37,0,98,0,0,5,0,5,6,55,42,0,103,0,0,0,103
03/12/2023,MKC,MO,ACE,CE,Towers with Radar,3,29,47,0,79,0,16,98,0,114,3,45,145,0,193,113,0,113,306
03/13/2023,MKC,MO,ACE,CE,Towers with Radar,0,23,47,1,71,0,16,85,0,101,0,39,132,1,172,118,0,118,290
03/14/2023,MKC,MO,ACE,CE,Towers with Radar,0,46,59,1,106,0,33,199,0,232,0,79,258,1,338,145,0,145,483
03/15/2023,MKC,MO,ACE,CE,Towers with Radar,0,66,39,0,105,0,19,88,1,108,0,85,127,1,213,100,0,100,313
03/16/2023,MKC,MO,ACE,CE,Towers with Radar,0,54,30,0,84,0,6,3,0,9,0,60,33,0,93,33,0,33,126
03/17/2023,MKC,MO,ACE,CE,Towers with Radar,4,40,54,0,98,0,16,99,1,116,4,56,153,1,214,75,0,75,289
03/18/2023,MKC,MO,ACE,CE,Towers with Radar,0,37,26,0,63,0,17,56,1,74,0,54,82,1,137,39,0,39,176
03/19/2023,MKC,MO,ACE,CE,Towers with Radar,2,50,42,0,94,0,39,116,0,155,2,89,158,0,249,79,0,79,328
03/20/2023,MKC,MO,ACE,CE,Towers with Radar,0,36,47,3,86,0,27,40,1,68,0,63,87,4,154,33,0,33,187
03/21/2023,MKC,MO,ACE,CE,Towers with Radar,0,48,53,1,102,0,3,1,0,4,0,51,54,1,106,0,0,0,106
03/22/2023,MKC,MO,ACE,CE,Towers with Radar,8,59,78,0,145,0,0,1,0,1,8,59,79,0,146,0,0,0,146
03/23/2023,MKC,MO,ACE,CE,Towers with Radar,1,71,65,0,137,0,33,32,0,65,1,104,97,0,202,109,0,109,311
03/24/2023,MKC,MO,ACE,CE,Towers with Radar,1,69,57,0,127,0,27,88,0,115,1,96,145,0,242,134,0,134,376
03/25/2023,MKC,MO,ACE,CE,Towers with Radar,6,56,41,0,103,0,45,153,0,198,6,101,194,0,301,90,0,90,391
03/26/2023,MKC,MO,ACE,CE,Towers with Radar,4,51,62,0,117,0,23,76,0,99,4,74,138,0,216,92,0,92,308
03/27/2023,MKC,MO,ACE,CE,Towers with Radar,0,46,51,0,97,0,41,133,1,175,0,87,184,1,272,171,0,171,443
03/28/2023,MKC,MO,ACE,CE,Towers with Radar,4,57,64,0,125,0,25,104,1,130,4,82,168,1,255,133,0,133,388
03/29/2023,MKC,MO,ACE,CE,Towers with Radar,0,64,71,0,135,0,38,148,4,190,0,102,219,4,325,113,2,115,440
03/30/2023,MKC,MO,ACE,CE,Towers with Radar,0,79,55,2,136,0,27,63,1,91,0,106,118,3,227,76,0,76,303
03/31/2023,MKC,MO,ACE,CE,Towers with Radar,2,45,51,0,98,0,8,10,0,18,2,53,61,0,116,7,0,7,123
04/01/2023,MKC,MO,ACE,CE,Towers with Radar,0,30,25,1,56,0,23,110,0,133,0,53,135,1,189,38,0,38,227
04/02/2023,MKC,MO,ACE,CE,Towers with Radar,4,56,36,1,97,0,57,84,0,141,4,113,120,1,238,64,0,64,302
04/03/2023,MKC,MO,ACE,CE,Towers with Radar,0,49,76,2,127,0,51,99,0,150,0,100,175,2,277,184,0,184,461
04/04/2023,MKC,MO,ACE,CE,Towers with Radar,0,59,53,2,114,0,18,31,1,50,0,77,84,3,164,40,0,40,204
04/05/2023,MKC,MO,ACE,CE,Towers with Radar,0,73,57,1,131,0,36,110,13,159,0,109,167,14,290,106,0,106,396
04/06/2023,MKC,MO,ACE,CE,Towers with Radar,2,76,70,0,148,0,86,143,2,231,2,162,213,2,379,201,0,201,580
04/07/2023,MKC,MO,ACE,CE,Towers with Radar,0,51,46,0,97,0,122,116,2,240,0,173,162,2,337,65,2,67,404
04/08/2023,MKC,MO,ACE,CE,Towers with Radar,1,52,39,0,92,0,96,102,0,198,1,148,141,0,290,16,0,16,306
04/09/2023,MKC,MO,ACE,CE,Towers with Radar,1,23,26,0,50,0,46,78,0,124,1,69,104,0,174,20,0,20,194
04/10/2023,MKC,MO,ACE,CE,Towers with Radar,0,38,35,0,73,0,47,41,0,88,0,85,76,0,161,163,0,163,324
04/11/2023,MKC,MO,ACE,CE,Towers with Radar,0,60,50,0,110,0,52,156,0,208,0,112,206,0,318,209,0,209,527
04/12/2023,MKC,MO,ACE,CE,Towers with Radar,0,62,61,2,125,0,89,130,1,220,0,151,191,3,345,63,2,65,410
04/13/2023,MKC,MO,ACE,CE,Towers with Radar,4,71,58,0,133,0,29,122,2,153,4,100,180,2,286,146,0,146,432
04/14/2023,MKC,MO,ACE,CE,Towers with Radar,2,65,47,0,114,0,79,107,0,186,2,144,154,0,300,74,0,74,374
04/15/2023,MKC,MO,ACE,CE,Towers with Radar,0,37,39,0,76,0,1,5,3,9,0,38,44,3,85,14,0,14,99
04/16/2023,MKC,MO,ACE,CE,Towers with Radar,4,33,40,0,77,0,11,13,0,24,4,44,53,0,101,0,0,0,101
04/17/2023,MKC,MO,ACE,CE,Towers with Radar,1,58,52,0,111,0,55,178,6,239,1,113,230,6,350,186,2,188,538
04/18/2023,MKC,MO,ACE,CE,Towers with Radar,0,63,36,3,102,0,28,175,8,211,0,91,211,11,313,185,0,185,498
04/19/2023,MKC,MO,ACE,CE,Towers with Radar,1,75,79,2,157,0,19,35,5,59,1,94,114,7,216,41,7,48,264
04/20/2023,MKC,MO,ACE,CE,Towers with Radar,2,68,44,1,115,0,7,25,6,38,2,75,69,7,153,8,0,8,161
04/21/2023,MKC,MO,ACE,CE,Towers with Radar,2,58,46,2,108,0,88,44,4,136,2,146,90,6,244,43,0,43,287
04/22/2023,MKC,MO,ACE,CE,Towers with Radar,0,39,26,2,67,0,42,64,1,107,0,81,90,3,174,16,0,16,190
04/23/2023,MKC,MO,ACE,CE,Towers with Radar,2,27,43,0,72,0,154,76,0,230,2,181,119,0,302,66,0,66,368
04/24/2023,MKC,MO,ACE,CE,Towers with Radar,0,48,54,0,102,0,34,59,0,93,0,82,113,0,195,92,0,92,287
04/25/2023,MKC,MO,ACE,CE,Towers with Radar,0,65,58,0,123,0,87,66,11,164,0,152,124,11,287,190,0,190,477
04/26/2023,MKC,MO,ACE,CE,Towers with Radar,0,66,61,0,127,0,138,80,4,222,0,204,141,4,349,103,0,103,452
04/27/2023,MKC,MO,ACE,CE,Towers with Radar,0,89,77,1,167,0,46,92,0,138,0,135,169,1,305,136,0,136,441
04/28/2023,MKC,MO,ACE,CE,Towers with Radar,1,56,51,2,110,0,65,43,0,108,1,121,94,2,218,67,0,67,285
04/29/2023,MKC,MO,ACE,CE,Towers with Radar,1,38,27,2,68,0,39,75,0,114,1,77,102,2,182,2,0,2,184
04/30/2023,MKC,MO,ACE,CE,Towers with Radar,4,40,30,0,74,0,16,15,0,31,4,56,45,0,105,30,0,30,135
05/01/2023,MKC,MO,ACE,CE,Towers with Radar,0,44,32,2,78,0,55,68,0,123,0,99,100,2,201,34,0,34,235
05/02/2023,MKC,MO,ACE,CE,Towers with Radar,0,78,44,0,122,1,60,74,0,135,1,138,118,0,257,71,0,71,328
05/03/2023,MKC,MO,ACE,CE,Towers with Radar,0,72,57,0,129,0,122,81,0,203,0,194,138,0,332,88,0,88,420
05/04/2023,MKC,MO,ACE,CE,Towers with Radar,3,62,53,2,120,0,94,56,0,150,3,156,109,2,270,79,0,79,349
05/05/2023,MKC,MO,ACE,CE,Towers with Radar,0,46,65,0,111,0,126,52,2,180,0,172,117,2,291,67,0,67,358
05/06/2023,MKC,MO,ACE,CE,Towers with Radar,2,38,44,0,84,0,78,68,0,146,2,116,112,0,230,62,0,62,292
05/07/2023,MKC,MO,ACE,CE,Towers with Radar,4,55,72,0,131,0,38,72,0,110,4,93,144,0,241,34,0,34,275
05/08/2023,MKC,MO,ACE,CE,Towers with Radar,1,41,47,0,89,0,101,86,3,190,1,142,133,3,279,163,0,163,442
05/09/2023,MKC,MO,ACE,CE,Towers with Radar,2,39,46,0,87,0,53,46,0,99,2,92,92,0,186,60,0,60,246
05/10/2023,MKC,MO,ACE,CE,Towers with Radar,1,78,61,1,141,0,88,89,10,187,1,166,150,11,328,52,0,52,380
05/11/2023,MKC,MO,ACE,CE,Towers with Radar,7,61,51,0,119,0,6,6,0,12,7,67,57,0,131,14,0,14,145
05/12/2023,MKC,MO,ACE,CE,Towers with Radar,1,72,53,0,126,0,46,32,4,82,1,118,85,4,208,114,0,114,322
05/13/2023,MKC,MO,ACE,CE,Towers with Radar,1,42,28,0,71,0,114,131,0,245,1,156,159,0,316,60,2,62,378
05/14/2023,MKC,MO,ACE,CE,Towers with Radar,0,31,31,0,62,0,27,42,0,69,0,58,73,0,131,26,0,26,157
05/15/2023,MKC,MO,ACE,CE,Towers with Radar,1,34,34,0,69,0,0,0,0,0,1,34,34,0,69,0,0,0,69
05/16/2023,MKC,MO,ACE,CE,Towers with Radar,1,58,66,4,129,0,37,35,1,73,1,95,101,5,202,121,0,121,323
05/17/2023,MKC,MO,ACE,CE,Towers with Radar,0,54,56,0,110,0,85,123,2,210,0,139,179,2,320,103,1,104,424
05/18/2023,MKC,MO,ACE,CE,Towers with Radar,0,67,65,1,133,0,76,147,4,227,0,143,212,5,360,144,2,146,506
05/19/2023,MKC,MO,ACE,CE,Towers with Radar,0,46,45,0,91,0,31,33,1,65,0,77,78,1,156,72,0,72,228
05/20/2023,MKC,MO,ACE,CE,Towers with Radar,0,48,35,2,85,0,43,141,0,184,0,91,176,2,269,44,0,44,313
05/21/2023,MKC,MO,ACE,CE,Towers with Radar,4,37,53,0,94,0,96,102,4,202,4,133,155,4,296,61,0,61,357
05/22/2023,MKC,MO,ACE,CE,Towers with Radar,0,36,38,0,74,0,35,96,4,135,0,71,134,4,209,159,0,159,368
05/23/2023,MKC,MO,ACE,CE,Towers with Radar,0,51,49,5,105,0,29,102,4,135,0,80,151,9,240,73,2,75,315
05/24/2023,MKC,MO,ACE,CE,Towers with Radar,0,64,45,0,109,0,44,83,2,129,0,108,128,2,238,87,2,89,327
05/25/2023,MKC,MO,ACE,CE,Towers with Radar,0,75,50,0,125,0,44,101,2,147,0,119,151,2,272,83,0,83,355
05/26/2023,MKC,MO,ACE,CE,Towers with Radar,2,59,44,1,106,0,92,102,1,195,2,151,146,2,301,99,0,99,400
05/27/2023,MKC,MO,ACE,CE,Towers with Radar,1,31,19,1,52,0,74,117,3,194,1,105,136,4,246,74,0,74,320
05/28/2023,MKC,MO,ACE,CE,Towers with Radar,7,13,20,1,41,0,74,87,0,161,7,87,107,1,202,77,0,77,279
05/29/2023,MKC,MO,ACE,CE,Towers with Radar,0,43,25,0,68,0,86,94,0,180,0,129,119,0,248,64,0,64,312
05/30/2023,MKC,MO,ACE,CE,Towers with Radar,1,39,30,0,70,0,21,86,0,107,1,60,116,0,177,43,0,43,220
05/31/2023,MKC,MO,ACE,CE,Towers with Radar,2,50,59,0,111,0,41,40,0,81,2,91,99,0,192,46,0,46,238
06/01/2023,MKC,MO,ACE,CE,Towers with Radar,1,51,51,0,103,0,86,69,2,157,1,137,120,2,260,114,0,114,374
06/02/2023,MKC,MO,ACE,CE,Towers with Radar,2,52,51,2,107,0,42,81,0,123,2,94,132,2,230,65,0,65,295
06/03/2023,MKC,MO,ACE,CE,Towers with Radar,0,31,29,0,60,0,87,104,2,193,0,118,133,2,253,36,0,36,289
06/04/2023,MKC,MO,ACE,CE,Towers with Radar,2,42,35,0,79,0,21,83,1,105,2,63,118,1,184,61,0,61,245
06/05/2023,MKC,MO,ACE,CE,Towers with Radar,0,44,47,0,91,0,21,90,0,111,0,65,137,0,202,60,0,60,262
06/06/2023,MKC,MO,ACE,CE,Towers with Radar,0,63,45,0,108,0,40,114,6,160,0,103,159,6,268,141,0,141,409
06/07/2023,MKC,MO,ACE,CE,Towers with Radar,0,55,43,0,98,0,92,106,0,198,0,147,149,0,296,97,0,97,393
06/08/2023,MKC,MO,ACE,CE,Towers with Radar,0,48,55,1,104,0,98,108,1,207,0,146,163,2,311,96,0,96,407
06/09/2023,MKC,MO,ACE,CE,Towers with Radar,0,51,34,0,85,0,81,126,0,207,0,132,160,0,292,68,0,68,360
06/10/2023,MKC,MO,ACE,CE,Towers with Radar,0,0,0,0,0,0,4,11,0,15,0,4,11,0,15,6,0,6,21
06/11/2023,MKC,MO,ACE,CE,Towers with Radar,0,0,0,0,0,0,0,16,0,16,0,0,16,0,16,2,0,2,18
06/12/2023,MKC,MO,ACE,CE,Towers with Radar,0,37,49,0,86,0,68,156,0,224,0,105,205,0,310,152,0,152,462
06/13/2023,MKC,MO,ACE,CE,Towers with Radar,0,59,52,2,113,0,52,98,0,150,0,111,150,2,263,75,0,75,338
06/14/2023,MKC,MO,ACE,CE,Towers with Radar,2,62,43,0,107,0,114,127,0,241,2,176,170,0,348,132,0,132,480
06/15/2023,MKC,MO,ACE,CE,Towers with Radar,0,70,59,0,129,0,107,161,6,274,0,177,220,6,403,40,4,44,447
06/16/2023,MKC,MO,ACE,CE,Towers with Radar,1,62,55,0,118,0,92,124,10,226,1,154,179,10,344,50,0,50,394
06/17/2023,MKC,MO,ACE,CE,Towers with Radar,1,52,23,1,77,0,119,154,1,274,1,171,177,2,351,75,0,75,426
06/18/2023,MKC,MO,ACE,CE,Towers with Radar,2,40,27,0,69,0,35,79,0,114,2,75,106,0,183,80,0,80,263
06/19/2023,MKC,MO,ACE,CE,Towers with Radar,0,62,47,0,109,0,38,94,0,132,0,100,141,0,241,30,0,30,271
06/20/2023,MKC,MO,ACE,CE,Towers with Radar,2,75,56,1,134,0,63,122,4,189,2,138,178,5,323,83,0,83,406
06/21/2023,MKC,MO,ACE,CE,Towers with Radar,0,52,55,1,108,0,70,112,7,189,0,122,167,8,297,22,0,22,319
06/22/2023,MKC,MO,ACE,CE,Towers with Radar,2,70,53,2,127,0,70,122,1,193,2,140,175,3,320,71,0,71,391
06/23/2023,MKC,MO,ACE,CE,Towers with Radar,2,42,44,1,89,0,118,145,1,264,2,160,189,2,353,69,0,69,422
06/24/2023,MKC,MO,ACE,CE,Towers with Radar,1,38,33,0,72,0,24,88,0,112,1,62,121,0,184,58,0,58,242
06/25/2023,MKC,MO,ACE,CE,Towers with Radar,3,24,31,0,58,0,11,70,0,81,3,35,101,0,139,29,0,29,168
06/26/2023,MKC,MO,ACE,CE,Towers with Radar,2,34,45,2,83,0,34,76,2,112,2,68,121,4,195,12,0,12,207
06/27/2023,MKC,MO,ACE,CE,Towers with Radar,0,68,53,3,124,0,89,108,0,197,0,157,161,3,321,55,0,55,376
06/28/2023,MKC,MO,ACE,CE,Towers with Radar,0,55,65,1,121,0,95,77,2,174,0,150,142,3,295,53,6,59,354
06/29/2023,MKC,MO,ACE,CE,Towers with Radar,2,73,45,0,120,0,39,62,3,104,2,112,107,3,224,90,1,91,315
06/30/2023,MKC,MO,ACE,CE,Towers with Radar,1,55,61,1,118,0,19,106,0,125,1,74,167,1,243,191,0,191,434
07/01/2023,MKC,MO,ACE,CE,Towers with Radar,1,40,31,0,72,0,4,49,2,55,1,44,80,2,127,61,0,61,188
07/02/2023,MKC,MO,ACE,CE,Towers with Radar,2,44,31,0,77,0,32,96,0,128,2,76,127,0,205,47,0,47,252
07/03/2023,MKC,MO,ACE,CE,Towers with Radar,0,27,21,0,48,0,25,109,3,137,0,52,130,3,185,88,0,88,273
07/04/2023,MKC,MO,ACE,CE,Towers with Radar,0,29,22,0,51,0,26,80,1,107,0,55,102,1,158,73,0,73,231
07/05/2023,MKC,MO,ACE,CE,Towers with Radar,0,47,31,1,79,0,27,43,0,70,0,74,74,1,149,76,0,76,225
07/06/2023,MKC,MO,ACE,CE,Towers with Radar,0,61,31,2,94,0,39,114,0,153,0,100,145,2,247,107,0,107,354
07/07/2023,MKC,MO,ACE,CE,Towers with Radar,2,57,70,0,129,0,21,77,0,98,2,78,147,0,227,128,0,128,355
07/08/2023,MKC,MO,ACE,CE,Towers with Radar,0,68,66,0,134,0,11,58,0,69,0,79,124,0,203,76,0,76,279
07/09/2023,MKC,MO,ACE,CE,Towers with Radar,4,61,69,0,134,0,53,115,0,168,4,114,184,0,302,82,0,82,384
07/10/2023,MKC,MO,ACE,CE,Towers with Radar,0,46,39,0,85,0,38,126,1,165,0,84,165,1,250,155,0,155,405
07/11/2023,MKC,MO,ACE,CE,Towers with Radar,1,49,48,2,100,0,56,122,1,179,1,105,170,3,279,89,0,89,368
07/12/2023,MKC,MO,ACE,CE,Towers with Radar,3,52,63,0,118,0,34,84,0,118,3,86,147,0,236,103,0,103,339
07/13/2023,MKC,MO,ACE,CE,Towers with Radar,1,57,63,0,121,0,25,127,5,157,1,82,190,5,278,122,0,122,400
07/14/2023,MKC,MO,ACE,CE,Towers with Radar,2,36,46,2,86,0,14,81,0,95,2,50,127,2,181,34,0,34,215
07/15/2023,MKC,MO,ACE,CE,Towers with Radar,0,45,51,0,96,0,20,78,1,99,0,65,129,1,195,106,0,106,301
07/16/2023,MKC,MO,ACE,CE,Towers with Radar,3,31,34,0,68,0,11,26,0,37,3,42,60,0,105,12,0,12,117
07/17/2023,MKC,MO,ACE,CE,Towers with Radar,0,43,51,0,94,0,21,99,1,121,0,64,150,1,215,67,0,67,282
07/18/2023,MKC,MO,ACE,CE,Towers with Radar,0,56,58,0,114,0,24,36,0,60,0,80,94,0,174,42,0,42,216
07/19/2023,MKC,MO,ACE,CE,Towers with Radar,0,60,66,2,128,0,39,55,4,98,0,99,121,6,226,100,0,100,326
07/20/2023,MKC,MO,ACE,CE,Towers with Radar,2,72,89,3,166,0,26,105,2,133,2,98,194,5,299,114,0,114,413
07/21/2023,MKC,MO,ACE,CE,Towers with Radar,0,47,46,0,93,0,26,109,3,138,0,73,155,3,231,80,0,80,311
07/22/2023,MKC,MO,ACE,CE,Towers with Radar,2,27,23,0,52,0,30,142,0,172,2,57,165,0,224,72,0,72,296
07/23/2023,MKC,MO,ACE,CE,Towers with Radar,0,45,29,0,74,0,9,82,0,91,0,54,111,0,165,96,0,96,261
07/24/2023,MKC,MO,ACE,CE,Towers with Radar,2,34,25,0,61,0,13,84,2,99,2,47,109,2,160,157,6,163,323
07/25/2023,MKC,MO,ACE,CE,Towers with Radar,0,51,35,0,86,0,18,110,2,130,0,69,145,2,216,214,0,214,430
07/26/2023,MKC,MO,ACE,CE,Towers with Radar,3,36,46,0,85,0,9,65,2,76,3,45,111,2,161,35,0,35,196
07/27/2023,MKC,MO,ACE,CE,Towers with Radar,0,43,57,1,101,0,36,109,5,150,0,79,166,6,251,190,0,190,441
07/28/2023,MKC,MO,ACE,CE,Towers with Radar,0,53,35,2,90,0,19,89,0,108,0,72,124,2,198,83,2,85,283
07/29/2023,MKC,MO,ACE,CE,Towers with Radar,2,40,32,0,74,0,14,52,2,68,2,54,84,2,142,75,0,75,217
07/30/2023,MKC,MO,ACE,CE,Towers with Radar,1,22,40,0,63,0,11,78,2,91,1,33,118,2,154,123,0,123,277
07/31/2023,MKC,MO,ACE,CE,Towers with Radar,0,41,51,3,95,0,30,69,1,100,0,71,120,4,195,118,0,118,313
08/01/2023,MKC,MO,ACE,CE,Towers with Radar,0,45,37,0,82,0,28,99,0,127,0,73,136,0,209,143,0,143,352
08/02/2023,MKC,MO,ACE,CE,Towers with Radar,4,51,58,1,114,0,9,45,1,55,4,60,103,2,169,138,0,138,307
08/03/2023,MKC,MO,ACE,CE,Towers with Radar,4,69,61,0,134,0,9,15,1,25,4,78,76,1,159,36,0,36,195
08/04/2023,MKC,MO,ACE,CE,Towers with Radar,0,47,51,2,100,0,6,40,1,47,0,53,91,3,147,74,0,74,221
08/05/2023,MKC,MO,ACE,CE,Towers with Radar,0,43,50,0,93,0,14,47,0,61,0,57,97,0,154,147,0,147,301
08/06/2023,MKC,MO,ACE,CE,Towers with Radar,2,41,42,0,85,0,11,34,0,45,2,52,76,0,130,52,0,52,182
08/07/2023,MKC,MO,ACE,CE,Towers with Radar,0,52,54,2,108,0,23,90,0,113,0,75,144,2,221,308,0,308,529
08/08/2023,MKC,MO,ACE,CE,Towers with Radar,0,61,53,2,116,0,26,144,3,173,0,87,197,5,289,177,0,177,466
08/09/2023,MKC,MO,ACE,CE,Towers with Radar,0,53,35,0,88,0,7,29,0,36,0,60,64,0,124,113,0,113,237
08/10/2023,MKC,MO,ACE,CE,Towers with Radar,0,43,48,1,92,0,36,97,7,140,0,79,145,8,232,86,0,86,318
08/11/2023,MKC,MO,ACE,CE,Towers with Radar,3,36,26,2,67,0,27,130,3,160,3,63,156,5,227,123,0,123,350
08/12/2023,MKC,MO,ACE,CE,Towers with Radar,1,24,21,0,46,0,12,74,1,87,1,36,95,1,133,65,0,65,198
08/13/2023,MKC,MO,ACE,CE,Towers with Radar,1,35,21,0,57,0,0,3,0,3,1,35,24,0,60,0,0,0,60
08/14/2023,MKC,MO,ACE,CE,Towers with Radar,0,41,45,3,89,0,10,76,0,86,0,51,121,3,175,83,2,85,260
08/15/2023,MKC,MO,ACE,CE,Towers with Radar,1,57,44,0,102,0,33,113,0,146,1,90,157,0,248,184,0,184,432
08/16/2023,MKC,MO,ACE,CE,Towers with Radar,2,88,57,0,147,0,36,95,3,134,2,124,152,3,281,132,0,132,413
08/17/2023,MKC,MO,ACE,CE,Towers with Radar,4,75,45,2,126,0,19,111,2,132,4,94,156,4,258,151,0,151,409
08/18/2023,MKC,MO,ACE,CE,Towers with Radar,0,63,44,2,109,0,29,102,1,132,0,92,146,3,241,100,0,100,341
08/19/2023,MKC,MO,ACE,CE,Towers with Radar,0,43,37,0,80,0,35,94,1,130,0,78,131,1,210,110,0,110,320
08/20/2023,MKC,MO,ACE,CE,Towers with Radar,0,26,43,0,69,0,15,56,2,73,0,41,99,2,142,106,0,106,248
08/21/2023,MKC,MO,ACE,CE,Towers with Radar,0,37,41,0,78,0,22,86,2,110,0,59,127,2,188,162,0,162,350
08/22/2023,MKC,MO,ACE,CE,Towers with Radar,0,38,49,2,89,0,23,61,1,85,0,61,110,3,174,100,2,102,276
08/23/2023,MKC,MO,ACE,CE,Towers with Radar,0,58,47,0,105,0,35,86,5,126,0,93,133,5,231,117,2,119,350
08/24/2023,MKC,MO,ACE,CE,Towers with Radar,0,65,39,2,106,0,28,97,0,125,0,93,136,2,231,193,0,193,424
08/25/2023,MKC,MO,ACE,CE,Towers with Radar,1,43,53,0,97,0,7,100,0,107,1,50,153,0,204,133,0,133,337
08/26/2023,MKC,MO,ACE,CE,Towers with Radar,1,35,37,0,73,0,14,59,1,74,1,49,96,1,147,126,0,126,273
08/27/2023,MKC,MO,ACE,CE,Towers with Radar,4,41,35,0,80,0,15,68,1,84,4,56,103,1,164,61,0,61,225
08/28/2023,MKC,MO,ACE,CE,Towers with Radar,0,65,40,0,105,0,42,114,0,156,0,107,154,0,261,175,0,175,436
08/29/2023,MKC,MO,ACE,CE,Towers with Radar,0,62,54,2,118,0,24,108,0,132,0,86,162,2,250,156,0,156,406
08/30/2023,MKC,MO,ACE,CE,Towers with Radar,2,104,48,1,155,0,27,123,1,151,2,131,171,2,306,72,0,72,378
08/31/2023,MKC,MO,ACE,CE,Towers with Radar,2,69,67,2,140,0,45,88,0,133,2,114,155,2,273,119,0,119,392
