01/01/2020,MKE,WI,AGL,CE,Combined TRACON& Tower with Radar,139,32,8,0,179,0,2,9,0,11,139,34,17,0,190,0,0,0,190
01/02/2020,MKE,WI,AGL,CE,Combined TRACON& Tower with Radar,179,89,13,6,287,0,0,7,0,7,179,89,20,6,294,0,0,0,294
01/03/2020,MKE,WI,AGL,CE,Combined TRACON& Tower with Radar,186,79,15,11,291,0,2,0,0,2,186,81,15,11,293,0,0,0,293
01/04/2020,MKE,WI,AGL,CE,Combined TRACON& Tower with Radar,149,43,9,0,201,0,0,0,0,0,149,43,9,0,201,0,0,0,201
01/05/2020,MKE,WI,AGL,CE,Combined TRACON& Tower with Radar,167,51,11,3,232,0,0,3,0,3,167,51,14,3,235,0,0,0,235
01/06/2020,MKE,WI,AGL,CE,Combined TRACON& Tower with Radar,184,81,25,1,291,0,3,14,0,17,184,84,39,1,308,0,0,0,308
01/07/2020,MKE,WI,AGL,CE,Combined TRACON& Tower with Radar,170,87,15,5,277,1,7,2,0,10,171,94,17,5,287,4,0,4,291
01/08/2020,MKE,WI,AGL,CE,Combined TRACON& Tower with Radar,178,87,17,0,282,0,1,5,0,6,178,88,22,0,288,0,0,0,288
01/09/2020,MKE,WI,AGL,CE,Combined TRACON& Tower with Radar,180,92,34,2,308,0,0,2,1,3,180,92,36,3,311,0,0,0,311
01/10/2020,MKE,WI,AGL,CE,Combined TRACON& Tower with Radar,174,80,26,0,280,0,2,0,0,2,174,82,26,0,282,0,0,0,282
01/11/2020,MKE,WI,AGL,CE,Combined TRACON& Tower with Radar,89,21,7,0,117,0,0,0,0,0,89,21,7,0,117,0,0,0,117
01/12/2020,MKE,WI,AGL,CE,Combined TRACON& Tower with Radar,140,58,20,6,224,0,3,3,0,6,140,61,23,6,230,0,0,0,230
01/13/2020,MKE,WI,AGL,CE,Combined TRACON& Tower with Radar,181,76,25,4,286,0,2,6,0,8,181,78,31,4,294,0,0,0,294
01/14/2020,MKE,WI,AGL,CE,Combined TRACON& Tower with Radar,177,76,24,8,285,0,3,2,14,19,177,79,26,22,304,0,0,0,304
01/15/2020,MKE,WI,AGL,CE,Combined TRACON& Tower with Radar,178,97,20,2,297,0,0,0,0,0,178,97,20,2,297,0,0,0,297
01/16/2020,MKE,WI,AGL,CE,Combined TRACON& Tower with Radar,187,99,27,1,314,0,10,7,0,17,187,109,34,1,331,0,0,0,331
01/17/2020,MKE,WI,AGL,CE,Combined TRACON& Tower with Radar,162,74,24,0,260,0,2,1,0,3,162,76,25,0,263,0,0,0,263
01/18/2020,MKE,WI,AGL,CE,Combined TRACON& Tower with Radar,140,42,12,1,195,0,0,0,0,0,140,42,12,1,195,0,0,0,195
01/19/2020,MKE,WI,AGL,CE,Combined TRACON& Tower with Radar,135,49,13,0,197,0,0,1,0,1,135,49,14,0,198,0,0,0,198
01/20/2020,MKE,WI,AGL,CE,Combined TRACON& Tower with Radar,176,65,27,0,268,0,4,6,0,10,176,69,33,0,278,0,0,0,278
01/21/2020,MKE,WI,AGL,CE,Combined TRACON& Tower with Radar,175,80,19,6,280,0,0,9,0,9,175,80,28,6,289,0,0,0,289
01/22/2020,MKE,WI,AGL,CE,Combined TRACON& Tower with Radar,182,83,24,5,294,0,2,10,8,20,182,85,34,13,314,0,8,8,322
01/23/2020,MKE,WI,AGL,CE,Combined TRACON& Tower with Radar,177,91,21,1,290,0,0,0,0,0,177,91,21,1,290,0,0,0,290
01/24/2020,MKE,WI,AGL,CE,Combined TRACON& Tower with Radar,192,82,22,4,300,0,0,0,0,0,192,82,22,4,300,0,0,0,300
01/25/2020,MKE,WI,AGL,CE,Combined TRACON& Tower with Radar,147,54,17,0,218,0,0,0,0,0,147,54,17,0,218,0,0,0,218
01/26/2020,MKE,WI,AGL,CE,Combined TRACON& Tower with Radar,154,47,14,0,215,0,0,0,0,0,154,47,14,0,215,0,0,0,215
01/27/2020,MKE,WI,AGL,CE,Combined TRACON& Tower with Radar,180,60,18,0,258,0,0,0,0,0,180,60,18,0,258,16,0,16,274
01/28/2020,MKE,WI,AGL,CE,Combined TRACON& Tower with Radar,179,87,20,2,288,0,3,1,0,4,179,90,21,2,292,0,0,0,292
01/29/2020,MKE,WI,AGL,CE,Combined TRACON& Tower with Radar,183,83,22,6,294,0,2,1,2,5,183,85,23,8,299,0,0,0,299
01/30/2020,MKE,WI,AGL,CE,Combined TRACON& Tower with Radar,188,85,18,6,297,0,3,4,0,7,188,88,22,6,304,8,0,8,312
01/31/2020,MKE,WI,AGL,CE,Combined TRACON& Tower with Radar,186,80,29,0,295,0,2,1,0,3,186,82,30,0,298,0,0,0,298
02/01/2020,MKE,WI,AGL,CE,Combined TRACON& Tower with Radar,142,49,9,1,201,0,0,0,0,0,142,49,9,1,201,0,0,0,201
02/02/2020,MKE,WI,AGL,CE,Combined TRACON& Tower with Radar,140,49,7,0,196,0,0,2,0,2,140,49,9,0,198,0,0,0,198
02/03/2020,MKE,WI,AGL,CE,Combined TRACON& Tower with Radar,182,68,19,4,273,0,0,11,0,11,182,68,30,4,284,0,0,0,284
02/04/2020,MKE,WI,AGL,CE,Combined TRACON& Tower with Radar,177,82,29,3,291,0,2,2,0,4,177,84,31,3,295,0,0,0,295
02/05/2020,MKE,WI,AGL,CE,Combined TRACON& Tower with Radar,184,80,34,11,309,0,0,1,2,3,184,80,35,13,312,0,0,0,312
02/06/2020,MKE,WI,AGL,CE,Combined TRACON& Tower with Radar,174,92,30,9,305,0,0,2,0,2,174,92,32,9,307,0,0,0,307
02/07/2020,MKE,WI,AGL,CE,Combined TRACON& Tower with Radar,181,81,31,10,303,0,10,4,0,14,181,91,35,10,317,0,0,0,317
02/08/2020,MKE,WI,AGL,CE,Combined TRACON& Tower with Radar,148,49,12,0,209,0,1,4,0,5,148,50,16,0,214,0,0,0,214
02/09/2020,MKE,WI,AGL,CE,Combined TRACON& Tower with Radar,153,49,14,0,216,0,0,1,0,1,153,49,15,0,217,0,0,0,217
02/10/2020,MKE,WI,AGL,CE,Combined TRACON& Tower with Radar,179,79,26,3,287,0,1,2,0,3,179,80,28,3,290,0,0,0,290
02/11/2020,MKE,WI,AGL,CE,Combined TRACON& Tower with Radar,180,87,23,13,303,0,4,5,0,9,180,91,28,13,312,0,0,0,312
02/12/2020,MKE,WI,AGL,CE,Combined TRACON& Tower with Radar,181,99,24,6,310,0,0,2,0,2,181,99,26,6,312,0,0,0,312
02/13/2020,MKE,WI,AGL,CE,Combined TRACON& Tower with Radar,186,76,24,6,292,0,0,1,1,2,186,76,25,7,294,0,0,0,294
02/14/2020,MKE,WI,AGL,CE,Combined TRACON& Tower with Radar,193,77,16,0,286,0,2,4,0,6,193,79,20,0,292,0,0,0,292
02/15/2020,MKE,WI,AGL,CE,Combined TRACON& Tower with Radar,143,54,4,0,201,0,2,2,0,4,143,56,6,0,205,0,0,0,205
02/16/2020,MKE,WI,AGL,CE,Combined TRACON& Tower with Radar,142,41,13,0,196,0,2,13,0,15,142,43,26,0,211,0,0,0,211
02/17/2020,MKE,WI,AGL,CE,Combined TRACON& Tower with Radar,178,64,15,0,257,0,1,2,0,3,178,65,17,0,260,0,0,0,260
02/18/2020,MKE,WI,AGL,CE,Combined TRACON& Tower with Radar,188,92,34,4,318,0,0,5,0,5,188,92,39,4,323,0,0,0,323
02/19/2020,MKE,WI,AGL,CE,Combined TRACON& Tower with Radar,194,95,30,7,326,0,0,9,0,9,194,95,39,7,335,0,0,0,335
02/20/2020,MKE,WI,AGL,CE,Combined TRACON& Tower with Radar,187,79,20,9,295,0,0,12,2,14,187,79,32,11,309,0,0,0,309
02/21/2020,MKE,WI,AGL,CE,Combined TRACON& Tower with Radar,190,76,19,3,288,0,1,3,2,6,190,77,22,5,294,0,0,0,294
02/22/2020,MKE,WI,AGL,CE,Combined TRACON& Tower with Radar,151,48,16,0,215,0,3,20,0,23,151,51,36,0,238,4,0,4,242
02/23/2020,MKE,WI,AGL,CE,Combined TRACON& Tower with Radar,159,47,13,1,220,0,1,12,0,13,159,48,25,1,233,0,0,0,233
02/24/2020,MKE,WI,AGL,CE,Combined TRACON& Tower with Radar,185,62,21,0,268,0,0,0,2,2,185,62,21,2,270,0,0,0,270
02/25/2020,MKE,WI,AGL,CE,Combined TRACON& Tower with Radar,188,83,18,19,308,0,2,0,1,3,188,85,18,20,311,0,0,0,311
02/26/2020,MKE,WI,AGL,CE,Combined TRACON& Tower with Radar,191,77,33,7,308,0,2,4,0,6,191,79,37,7,314,0,0,0,314
02/27/2020,MKE,WI,AGL,CE,Combined TRACON& Tower with Radar,189,76,26,5,296,0,4,3,0,7,189,80,29,5,303,0,0,0,303
02/28/2020,MKE,WI,AGL,CE,Combined TRACON& Tower with Radar,193,73,32,4,302,0,0,4,0,4,193,73,36,4,306,0,0,0,306
02/29/2020,MKE,WI,AGL,CE,Combined TRACON& Tower with Radar,150,53,22,0,225,0,2,6,0,8,150,55,28,0,233,0,0,0,233
03/01/2020,MKE,WI,AGL,CE,Combined TRACON& Tower with Radar,160,46,16,1,223,0,3,3,0,6,160,49,19,1,229,0,0,0,229
03/02/2020,MKE,WI,AGL,CE,Combined TRACON& Tower with Radar,182,60,20,7,269,0,3,8,0,11,182,63,28,7,280,0,0,0,280
03/03/2020,MKE,WI,AGL,CE,Combined TRACON& Tower with Radar,193,90,19,8,310,0,1,2,2,5,193,91,21,10,315,0,7,7,322
03/04/2020,MKE,WI,AGL,CE,Combined TRACON& Tower with Radar,189,96,19,22,326,0,2,11,0,13,189,98,30,22,339,14,0,14,353
03/05/2020,MKE,WI,AGL,CE,Combined TRACON& Tower with Radar,187,89,27,4,307,0,2,0,0,2,187,91,27,4,309,0,0,0,309
03/06/2020,MKE,WI,AGL,CE,Combined TRACON& Tower with Radar,186,89,33,0,308,0,2,1,0,3,186,91,34,0,311,0,0,0,311
03/07/2020,MKE,WI,AGL,CE,Combined TRACON& Tower with Radar,168,61,7,10,246,0,3,9,0,12,168,64,16,10,258,0,0,0,258
03/08/2020,MKE,WI,AGL,CE,Combined TRACON& Tower with Radar,175,48,12,0,235,0,0,3,0,3,175,48,15,0,238,0,0,0,238
03/09/2020,MKE,WI,AGL,CE,Combined TRACON& Tower with Radar,191,62,18,0,271,0,2,0,0,2,191,64,18,0,273,0,0,0,273
03/10/2020,MKE,WI,AGL,CE,Combined TRACON& Tower with Radar,192,79,29,4,304,0,3,3,1,7,192,82,32,5,311,0,0,0,311
03/11/2020,MKE,WI,AGL,CE,Combined TRACON& Tower with Radar,196,80,27,12,315,0,0,0,0,0,196,80,27,12,315,0,0,0,315
03/12/2020,MKE,WI,AGL,CE,Combined TRACON& Tower with Radar,188,91,35,3,317,0,0,2,0,2,188,91,37,3,319,0,0,0,319
03/13/2020,MKE,WI,AGL,CE,Combined TRACON& Tower with Radar,193,77,22,9,301,0,0,3,0,3,193,77,25,9,304,0,0,0,304
03/14/2020,MKE,WI,AGL,CE,Combined TRACON& Tower with Radar,177,58,5,0,240,0,0,2,0,2,177,58,7,0,242,0,0,0,242
03/15/2020,MKE,WI,AGL,CE,Combined TRACON& Tower with Radar,178,39,11,0,228,0,2,12,0,14,178,41,23,0,242,0,0,0,242
03/16/2020,MKE,WI,AGL,CE,Combined TRACON& Tower with Radar,190,71,17,0,278,0,0,4,0,4,190,71,21,0,282,0,0,0,282
03/17/2020,MKE,WI,AGL,CE,Combined TRACON& Tower with Radar,189,84,9,5,287,0,2,13,0,15,189,86,22,5,302,0,0,0,302
03/18/2020,MKE,WI,AGL,CE,Combined TRACON& Tower with Radar,190,76,14,10,290,0,4,1,0,5,190,80,15,10,295,0,0,0,295
03/19/2020,MKE,WI,AGL,CE,Combined TRACON& Tower with Radar,167,82,9,0,258,0,0,0,0,0,167,82,9,0,258,0,0,0,258
03/20/2020,MKE,WI,AGL,CE,Combined TRACON& Tower with Radar,170,73,16,2,261,0,2,1,0,3,170,75,17,2,264,0,0,0,264
03/21/2020,MKE,WI,AGL,CE,Combined TRACON& Tower with Radar,158,44,5,0,207,0,1,3,0,4,158,45,8,0,211,0,0,0,211
03/22/2020,MKE,WI,AGL,CE,Combined TRACON& Tower with Radar,144,28,11,0,183,0,3,3,0,6,144,31,14,0,189,0,0,0,189
03/23/2020,MKE,WI,AGL,CE,Combined TRACON& Tower with Radar,140,46,2,0,188,0,0,0,0,0,140,46,2,0,188,0,0,0,188
03/24/2020,MKE,WI,AGL,CE,Combined TRACON& Tower with Radar,149,68,9,0,226,0,2,3,2,7,149,70,12,2,233,0,0,0,233
03/25/2020,MKE,WI,AGL,CE,Combined TRACON& Tower with Radar,141,65,4,0,210,0,4,1,0,5,141,69,5,0,215,0,0,0,215
03/26/2020,MKE,WI,AGL,CE,Combined TRACON& Tower with Radar,132,58,12,4,206,0,0,0,0,0,132,58,12,4,206,0,0,0,206
03/27/2020,MKE,WI,AGL,CE,Combined TRACON& Tower with Radar,116,55,13,2,186,0,0,0,0,0,116,55,13,2,186,0,0,0,186
03/28/2020,MKE,WI,AGL,CE,Combined TRACON& Tower with Radar,96,29,2,0,127,0,0,0,0,0,96,29,2,0,127,0,0,0,127
03/29/2020,MKE,WI,AGL,CE,Combined TRACON& Tower with Radar,98,22,1,0,121,0,0,0,0,0,98,22,1,0,121,0,0,0,121
03/30/2020,MKE,WI,AGL,CE,Combined TRACON& Tower with Radar,94,43,6,0,143,0,0,10,0,10,94,43,16,0,153,0,0,0,153
03/31/2020,MKE,WI,AGL,CE,Combined TRACON& Tower with Radar,101,57,9,0,167,0,0,1,0,1,101,57,10,0,168,0,0,0,168
04/01/2020,MKE,WI,AGL,CE,Combined TRACON& Tower with Radar,97,59,8,0,164,0,0,0,0,0,97,59,8,0,164,0,0,0,164
04/02/2020,MKE,WI,AGL,CE,Combined TRACON& Tower with Radar,87,52,15,0,154,0,0,12,0,12,87,52,27,0,166,0,0,0,166
04/03/2020,MKE,WI,AGL,CE,Combined TRACON& Tower with Radar,98,50,5,6,159,0,0,12,0,12,98,50,17,6,171,0,0,0,171
04/04/2020,MKE,WI,AGL,CE,Combined TRACON& Tower with Radar,75,27,0,0,102,0,0,6,0,6,75,27,6,0,108,0,0,0,108
04/05/2020,MKE,WI,AGL,CE,Combined TRACON& Tower with Radar,81,12,2,0,95,0,1,6,0,7,81,13,8,0,102,0,0,0,102
04/06/2020,MKE,WI,AGL,CE,Combined TRACON& Tower with Radar,94,31,5,1,131,0,0,6,0,6,94,31,11,1,137,0,0,0,137
04/07/2020,MKE,WI,AGL,CE,Combined TRACON& Tower with Radar,102,54,7,1,164,0,0,2,0,2,102,54,9,1,166,0,0,0,166
04/08/2020,MKE,WI,AGL,CE,Combined TRACON& Tower with Radar,101,56,7,0,164,0,0,1,0,1,101,56,8,0,165,0,0,0,165
04/09/2020,MKE,WI,AGL,CE,Combined TRACON& Tower with Radar,100,60,1,0,161,0,1,0,0,1,100,61,1,0,162,0,0,0,162
04/10/2020,MKE,WI,AGL,CE,Combined TRACON& Tower with Radar,111,47,14,0,172,0,0,2,0,2,111,47,16,0,174,0,0,0,174
04/11/2020,MKE,WI,AGL,CE,Combined TRACON& Tower with Radar,74,33,2,0,109,0,0,1,0,1,74,33,3,0,110,0,0,0,110
04/12/2020,MKE,WI,AGL,CE,Combined TRACON& Tower with Radar,66,12,2,1,81,0,0,0,0,0,66,12,2,1,81,0,0,0,81
04/13/2020,MKE,WI,AGL,CE,Combined TRACON& Tower with Radar,88,27,11,0,126,0,0,0,0,0,88,27,11,0,126,0,0,0,126
04/14/2020,MKE,WI,AGL,CE,Combined TRACON& Tower with Radar,93,48,3,2,146,0,0,0,0,0,93,48,3,2,146,0,0,0,146
04/15/2020,MKE,WI,AGL,CE,Combined TRACON& Tower with Radar,73,52,4,0,129,0,2,9,0,11,73,54,13,0,140,0,0,0,140
04/16/2020,MKE,WI,AGL,CE,Combined TRACON& Tower with Radar,69,55,10,0,134,0,0,5,0,5,69,55,15,0,139,0,0,0,139
04/17/2020,MKE,WI,AGL,CE,Combined TRACON& Tower with Radar,76,45,7,0,128,0,0,2,0,2,76,45,9,0,130,0,0,0,130
04/18/2020,MKE,WI,AGL,CE,Combined TRACON& Tower with Radar,62,25,6,0,93,0,0,0,0,0,62,25,6,0,93,0,0,0,93
04/19/2020,MKE,WI,AGL,CE,Combined TRACON& Tower with Radar,49,9,3,0,61,0,0,7,0,7,49,9,10,0,68,0,0,0,68
04/20/2020,MKE,WI,AGL,CE,Combined TRACON& Tower with Radar,69,35,17,0,121,0,2,6,0,8,69,37,23,0,129,0,0,0,129
04/21/2020,MKE,WI,AGL,CE,Combined TRACON& Tower with Radar,75,51,8,0,134,0,1,5,0,6,75,52,13,0,140,0,0,0,140
04/22/2020,MKE,WI,AGL,CE,Combined TRACON& Tower with Radar,70,45,11,0,126,0,2,2,0,4,70,47,13,0,130,0,0,0,130
04/23/2020,MKE,WI,AGL,CE,Combined TRACON& Tower with Radar,67,43,4,2,116,0,0,0,0,0,67,43,4,2,116,0,0,0,116
04/24/2020,MKE,WI,AGL,CE,Combined TRACON& Tower with Radar,73,46,3,0,122,0,0,2,0,2,73,46,5,0,124,0,0,0,124
04/25/2020,MKE,WI,AGL,CE,Combined TRACON& Tower with Radar,60,29,5,0,94,0,0,2,0,2,60,29,7,0,96,0,0,0,96
04/26/2020,MKE,WI,AGL,CE,Combined TRACON& Tower with Radar,40,12,8,2,62,0,3,8,0,11,40,15,16,2,73,0,0,0,73
04/27/2020,MKE,WI,AGL,CE,Combined TRACON& Tower with Radar,62,37,10,2,111,0,2,2,0,4,62,39,12,2,115,0,0,0,115
04/28/2020,MKE,WI,AGL,CE,Combined TRACON& Tower with Radar,78,43,3,2,126,0,0,0,0,0,78,43,3,2,126,0,0,0,126
04/29/2020,MKE,WI,AGL,CE,Combined TRACON& Tower with Radar,64,46,5,0,115,0,0,0,0,0,64,46,5,0,115,0,0,0,115
04/30/2020,MKE,WI,AGL,CE,Combined TRACON& Tower with Radar,68,59,21,0,148,0,2,6,0,8,68,61,27,0,156,0,0,0,156
05/01/2020,MKE,WI,AGL,CE,Combined TRACON& Tower with Radar,74,55,13,2,144,0,2,20,0,22,74,57,33,2,166,0,0,0,166
05/02/2020,MKE,WI,AGL,CE,Combined TRACON& Tower with Radar,54,36,3,0,93,0,0,2,0,2,54,36,5,0,95,0,0,0,95
05/03/2020,MKE,WI,AGL,CE,Combined TRACON& Tower with Radar,56,20,3,0,79,0,0,6,0,6,56,20,9,0,85,0,0,0,85
05/04/2020,MKE,WI,AGL,CE,Combined TRACON& Tower with Radar,60,33,22,0,115,0,5,13,0,18,60,38,35,0,133,0,0,0,133
05/05/2020,MKE,WI,AGL,CE,Combined TRACON& Tower with Radar,65,48,31,5,149,0,2,6,0,8,65,50,37,5,157,0,0,0,157
05/06/2020,MKE,WI,AGL,CE,Combined TRACON& Tower with Radar,63,50,18,1,132,0,2,8,0,10,63,52,26,1,142,0,0,0,142
05/07/2020,MKE,WI,AGL,CE,Combined TRACON& Tower with Radar,62,52,7,2,123,0,3,12,0,15,62,55,19,2,138,0,0,0,138
05/08/2020,MKE,WI,AGL,CE,Combined TRACON& Tower with Radar,78,49,6,1,134,0,3,11,0,14,78,52,17,1,148,0,0,0,148
05/09/2020,MKE,WI,AGL,CE,Combined TRACON& Tower with Radar,50,26,9,0,85,0,0,2,0,2,50,26,11,0,87,0,0,0,87
05/10/2020,MKE,WI,AGL,CE,Combined TRACON& Tower with Radar,56,16,4,0,76,0,0,0,0,0,56,16,4,0,76,0,0,0,76
05/11/2020,MKE,WI,AGL,CE,Combined TRACON& Tower with Radar,63,31,11,2,107,0,2,8,0,10,63,33,19,2,117,0,0,0,117
05/12/2020,MKE,WI,AGL,CE,Combined TRACON& Tower with Radar,65,52,18,6,141,0,12,7,0,19,65,64,25,6,160,0,0,0,160
05/13/2020,MKE,WI,AGL,CE,Combined TRACON& Tower with Radar,67,60,3,22,152,0,3,9,0,12,67,63,12,22,164,0,0,0,164
05/14/2020,MKE,WI,AGL,CE,Combined TRACON& Tower with Radar,67,54,6,12,139,0,0,1,0,1,67,54,7,12,140,0,0,0,140
05/15/2020,MKE,WI,AGL,CE,Combined TRACON& Tower with Radar,77,47,12,0,136,0,5,7,0,12,77,52,19,0,148,0,0,0,148
05/16/2020,MKE,WI,AGL,CE,Combined TRACON& Tower with Radar,52,22,16,0,90,0,4,7,0,11,52,26,23,0,101,0,0,0,101
05/17/2020,MKE,WI,AGL,CE,Combined TRACON& Tower with Radar,61,19,6,0,86,0,0,0,0,0,61,19,6,0,86,0,0,0,86
05/18/2020,MKE,WI,AGL,CE,Combined TRACON& Tower with Radar,66,51,15,2,134,0,0,0,0,0,66,51,15,2,134,0,0,0,134
05/19/2020,MKE,WI,AGL,CE,Combined TRACON& Tower with Radar,68,58,9,6,141,0,0,0,0,0,68,58,9,6,141,0,0,0,141
05/20/2020,MKE,WI,AGL,CE,Combined TRACON& Tower with Radar,65,62,4,0,131,0,0,14,0,14,65,62,18,0,145,0,0,0,145
05/21/2020,MKE,WI,AGL,CE,Combined TRACON& Tower with Radar,63,64,18,14,159,0,0,9,5,14,63,64,27,19,173,0,0,0,173
05/22/2020,MKE,WI,AGL,CE,Combined TRACON& Tower with Radar,68,56,22,0,146,0,0,7,0,7,68,56,29,0,153,0,0,0,153
05/23/2020,MKE,WI,AGL,CE,Combined TRACON& Tower with Radar,50,24,5,0,79,0,0,0,0,0,50,24,5,0,79,0,0,0,79
05/24/2020,MKE,WI,AGL,CE,Combined TRACON& Tower with Radar,54,16,12,0,82,0,2,11,0,13,54,18,23,0,95,0,0,0,95
05/25/2020,MKE,WI,AGL,CE,Combined TRACON& Tower with Radar,57,20,8,0,85,0,2,4,2,8,57,22,12,2,93,0,0,0,93
05/26/2020,MKE,WI,AGL,CE,Combined TRACON& Tower with Radar,55,39,25,3,122,0,0,5,1,6,55,39,30,4,128,0,0,0,128
05/27/2020,MKE,WI,AGL,CE,Combined TRACON& Tower with Radar,72,56,3,2,133,0,2,14,0,16,72,58,17,2,149,0,0,0,149
05/28/2020,MKE,WI,AGL,CE,Combined TRACON& Tower with Radar,64,50,8,9,131,0,1,1,0,2,64,51,9,9,133,0,0,0,133
05/29/2020,MKE,WI,AGL,CE,Combined TRACON& Tower with Radar,75,46,14,0,135,0,2,16,0,18,75,48,30,0,153,0,0,0,153
05/30/2020,MKE,WI,AGL,CE,Combined TRACON& Tower with Radar,50,25,8,0,83,0,3,20,2,25,50,28,28,2,108,0,0,0,108
05/31/2020,MKE,WI,AGL,CE,Combined TRACON& Tower with Radar,54,26,14,1,95,0,2,15,5,22,54,28,29,6,117,0,0,0,117
06/01/2020,MKE,WI,AGL,CE,Combined TRACON& Tower with Radar,69,57,8,0,134,0,9,6,7,22,69,66,14,7,156,0,0,0,156
06/02/2020,MKE,WI,AGL,CE,Combined TRACON& Tower with Radar,65,56,8,4,133,0,2,4,1,7,65,58,12,5,140,0,0,0,140
06/03/2020,MKE,WI,AGL,CE,Combined TRACON& Tower with Radar,71,69,21,0,161,0,3,11,7,21,71,72,32,7,182,0,0,0,182
06/04/2020,MKE,WI,AGL,CE,Combined TRACON& Tower with Radar,73,60,14,2,149,0,8,7,9,24,73,68,21,11,173,0,0,0,173
06/05/2020,MKE,WI,AGL,CE,Combined TRACON& Tower with Radar,80,60,21,5,166,0,2,9,8,19,80,62,30,13,185,0,0,0,185
06/06/2020,MKE,WI,AGL,CE,Combined TRACON& Tower with Radar,73,19,11,0,103,0,3,11,0,14,73,22,22,0,117,0,0,0,117
06/07/2020,MKE,WI,AGL,CE,Combined TRACON& Tower with Radar,69,17,9,0,95,0,0,25,0,25,69,17,34,0,120,0,0,0,120
06/08/2020,MKE,WI,AGL,CE,Combined TRACON& Tower with Radar,72,33,13,10,128,0,2,4,0,6,72,35,17,10,134,0,0,0,134
06/09/2020,MKE,WI,AGL,CE,Combined TRACON& Tower with Radar,78,42,16,0,136,0,0,2,0,2,78,42,18,0,138,0,0,0,138
06/10/2020,MKE,WI,AGL,CE,Combined TRACON& Tower with Radar,78,58,8,8,152,0,0,0,0,0,78,58,8,8,152,0,0,0,152
06/11/2020,MKE,WI,AGL,CE,Combined TRACON& Tower with Radar,80,59,18,10,167,0,2,12,2,16,80,61,30,12,183,0,0,0,183
06/12/2020,MKE,WI,AGL,CE,Combined TRACON& Tower with Radar,82,52,15,2,151,0,0,15,0,15,82,52,30,2,166,0,0,0,166
06/13/2020,MKE,WI,AGL,CE,Combined TRACON& Tower with Radar,70,26,4,0,100,0,4,17,0,21,70,30,21,0,121,0,0,0,121
06/14/2020,MKE,WI,AGL,CE,Combined TRACON& Tower with Radar,75,22,11,1,109,0,4,10,0,14,75,26,21,1,123,0,0,0,123
06/15/2020,MKE,WI,AGL,CE,Combined TRACON& Tower with Radar,88,43,10,3,144,0,1,3,0,4,88,44,13,3,148,0,0,0,148
06/16/2020,MKE,WI,AGL,CE,Combined TRACON& Tower with Radar,78,56,14,0,148,0,3,5,0,8,78,59,19,0,156,0,0,0,156
06/17/2020,MKE,WI,AGL,CE,Combined TRACON& Tower with Radar,76,66,11,2,155,0,4,12,3,19,76,70,23,5,174,0,0,0,174
06/18/2020,MKE,WI,AGL,CE,Combined TRACON& Tower with Radar,82,67,11,4,164,0,4,13,0,17,82,71,24,4,181,0,0,0,181
06/19/2020,MKE,WI,AGL,CE,Combined TRACON& Tower with Radar,85,58,16,11,170,0,0,8,0,8,85,58,24,11,178,0,0,0,178
06/20/2020,MKE,WI,AGL,CE,Combined TRACON& Tower with Radar,69,24,7,1,101,0,0,2,0,2,69,24,9,1,103,0,0,0,103
06/21/2020,MKE,WI,AGL,CE,Combined TRACON& Tower with Radar,70,22,10,1,103,0,2,8,0,10,70,24,18,1,113,0,0,0,113
06/22/2020,MKE,WI,AGL,CE,Combined TRACON& Tower with Radar,81,43,8,1,133,0,0,0,0,0,81,43,8,1,133,0,0,0,133
06/23/2020,MKE,WI,AGL,CE,Combined TRACON& Tower with Radar,81,51,15,5,152,0,0,10,3,13,81,51,25,8,165,0,0,0,165
06/24/2020,MKE,WI,AGL,CE,Combined TRACON& Tower with Radar,80,62,13,11,166,0,3,8,0,11,80,65,21,11,177,0,0,0,177
06/25/2020,MKE,WI,AGL,CE,Combined TRACON& Tower with Radar,86,70,18,4,178,0,0,17,0,17,86,70,35,4,195,0,0,0,195
06/26/2020,MKE,WI,AGL,CE,Combined TRACON& Tower with Radar,81,60,12,2,155,0,0,1,2,3,81,60,13,4,158,0,0,0,158
06/27/2020,MKE,WI,AGL,CE,Combined TRACON& Tower with Radar,72,34,17,3,126,0,2,14,1,17,72,36,31,4,143,0,0,0,143
06/28/2020,MKE,WI,AGL,CE,Combined TRACON& Tower with Radar,78,20,7,0,105,0,0,14,2,16,78,20,21,2,121,0,0,0,121
06/29/2020,MKE,WI,AGL,CE,Combined TRACON& Tower with Radar,98,42,7,0,147,0,0,9,0,9,98,42,16,0,156,0,0,0,156
06/30/2020,MKE,WI,AGL,CE,Combined TRACON& Tower with Radar,92,71,20,4,187,0,0,2,0,2,92,71,22,4,189,0,0,0,189
07/01/2020,MKE,WI,AGL,CE,Combined TRACON& Tower with Radar,91,69,19,2,181,0,0,26,0,26,91,69,45,2,207,0,0,0,207
07/02/2020,MKE,WI,AGL,CE,Combined TRACON& Tower with Radar,102,50,14,2,168,0,2,10,0,12,102,52,24,2,180,0,0,0,180
07/03/2020,MKE,WI,AGL,CE,Combined TRACON& Tower with Radar,93,42,6,0,141,0,1,12,1,14,93,43,18,1,155,0,0,0,155
07/04/2020,MKE,WI,AGL,CE,Combined TRACON& Tower with Radar,62,5,3,0,70,0,2,4,0,6,62,7,7,0,76,0,0,0,76
07/05/2020,MKE,WI,AGL,CE,Combined TRACON& Tower with Radar,90,26,16,0,132,0,0,5,0,5,90,26,21,0,137,0,0,0,137
07/06/2020,MKE,WI,AGL,CE,Combined TRACON& Tower with Radar,97,41,12,2,152,0,3,13,0,16,97,44,25,2,168,0,0,0,168
07/07/2020,MKE,WI,AGL,CE,Combined TRACON& Tower with Radar,95,69,12,11,187,0,1,5,0,6,95,70,17,11,193,0,0,0,193
07/08/2020,MKE,WI,AGL,CE,Combined TRACON& Tower with Radar,105,77,7,8,197,0,0,12,0,12,105,77,19,8,209,0,0,0,209
07/09/2020,MKE,WI,AGL,CE,Combined TRACON& Tower with Radar,100,67,18,11,196,0,2,3,1,6,100,69,21,12,202,0,0,0,202
07/10/2020,MKE,WI,AGL,CE,Combined TRACON& Tower with Radar,108,70,12,4,194,0,4,11,0,15,108,74,23,4,209,0,0,0,209
07/11/2020,MKE,WI,AGL,CE,Combined TRACON& Tower with Radar,93,34,6,0,133,0,3,6,0,9,93,37,12,0,142,0,0,0,142
07/12/2020,MKE,WI,AGL,CE,Combined TRACON& Tower with Radar,93,24,21,1,139,0,0,15,0,15,93,24,36,1,154,0,0,0,154
07/13/2020,MKE,WI,AGL,CE,Combined TRACON& Tower with Radar,102,43,10,0,155,0,7,19,0,26,102,50,29,0,181,0,0,0,181
07/14/2020,MKE,WI,AGL,CE,Combined TRACON& Tower with Radar,100,59,6,0,165,0,0,16,0,16,100,59,22,0,181,0,0,0,181
07/15/2020,MKE,WI,AGL,CE,Combined TRACON& Tower with Radar,101,67,13,1,182,0,0,2,1,3,101,67,15,2,185,0,0,0,185
07/16/2020,MKE,WI,AGL,CE,Combined TRACON& Tower with Radar,105,65,20,3,193,0,0,9,5,14,105,65,29,8,207,0,0,0,207
07/17/2020,MKE,WI,AGL,CE,Combined TRACON& Tower with Radar,118,59,13,8,198,0,2,20,0,22,118,61,33,8,220,0,0,0,220
07/18/2020,MKE,WI,AGL,CE,Combined TRACON& Tower with Radar,95,42,2,0,139,0,3,7,0,10,95,45,9,0,149,0,0,0,149
07/19/2020,MKE,WI,AGL,CE,Combined TRACON& Tower with Radar,109,29,9,0,147,0,0,8,0,8,109,29,17,0,155,0,0,0,155
07/20/2020,MKE,WI,AGL,CE,Combined TRACON& Tower with Radar,106,38,15,1,160,0,1,17,3,21,106,39,32,4,181,0,0,0,181
07/21/2020,MKE,WI,AGL,CE,Combined TRACON& Tower with Radar,101,57,13,8,179,0,3,13,0,16,101,60,26,8,195,0,0,0,195
07/22/2020,MKE,WI,AGL,CE,Combined TRACON& Tower with Radar,104,68,17,2,191,0,0,16,0,16,104,68,33,2,207,0,0,0,207
07/23/2020,MKE,WI,AGL,CE,Combined TRACON& Tower with Radar,110,64,25,4,203,0,4,4,0,8,110,68,29,4,211,0,0,0,211
07/24/2020,MKE,WI,AGL,CE,Combined TRACON& Tower with Radar,113,60,16,4,193,0,3,16,0,19,113,63,32,4,212,0,0,0,212
07/25/2020,MKE,WI,AGL,CE,Combined TRACON& Tower with Radar,102,32,8,0,142,0,0,14,0,14,102,32,22,0,156,0,0,0,156
07/26/2020,MKE,WI,AGL,CE,Combined TRACON& Tower with Radar,99,17,9,0,125,0,0,3,0,3,99,17,12,0,128,0,0,0,128
07/27/2020,MKE,WI,AGL,CE,Combined TRACON& Tower with Radar,104,39,20,1,164,0,2,18,0,20,104,41,38,1,184,0,0,0,184
07/28/2020,MKE,WI,AGL,CE,Combined TRACON& Tower with Radar,98,58,9,1,166,0,0,10,0,10,98,58,19,1,176,0,0,0,176
07/29/2020,MKE,WI,AGL,CE,Combined TRACON& Tower with Radar,105,69,17,20,211,0,1,5,0,6,105,70,22,20,217,0,0,0,217
07/30/2020,MKE,WI,AGL,CE,Combined TRACON& Tower with Radar,107,60,16,0,183,0,1,17,0,18,107,61,33,0,201,0,0,0,201
07/31/2020,MKE,WI,AGL,CE,Combined TRACON& Tower with Radar,115,68,24,29,236,0,0,14,0,14,115,68,38,29,250,0,0,0,250
08/01/2020,MKE,WI,AGL,CE,Combined TRACON& Tower with Radar,99,40,16,0,155,0,5,5,1,11,99,45,21,1,166,0,0,0,166
08/02/2020,MKE,WI,AGL,CE,Combined TRACON& Tower with Radar,105,25,22,1,153,0,0,0,0,0,105,25,22,1,153,0,0,0,153
08/03/2020,MKE,WI,AGL,CE,Combined TRACON& Tower with Radar,107,46,20,0,173,0,0,8,0,8,107,46,28,0,181,0,0,0,181
08/04/2020,MKE,WI,AGL,CE,Combined TRACON& Tower with Radar,102,72,16,8,198,0,6,30,6,42,102,78,46,14,240,0,0,0,240
08/05/2020,MKE,WI,AGL,CE,Combined TRACON& Tower with Radar,106,74,16,4,200,0,2,13,3,18,106,76,29,7,218,0,0,0,218
08/06/2020,MKE,WI,AGL,CE,Combined TRACON& Tower with Radar,113,73,24,1,211,0,4,16,1,21,113,77,40,2,232,0,0,0,232
08/07/2020,MKE,WI,AGL,CE,Combined TRACON& Tower with Radar,117,76,24,9,226,0,0,28,0,28,117,76,52,9,254,0,0,0,254
08/08/2020,MKE,WI,AGL,CE,Combined TRACON& Tower with Radar,99,48,8,0,155,0,0,4,0,4,99,48,12,0,159,0,0,0,159
08/09/2020,MKE,WI,AGL,CE,Combined TRACON& Tower with Radar,102,20,23,0,145,0,2,1,0,3,102,22,24,0,148,0,0,0,148
08/10/2020,MKE,WI,AGL,CE,Combined TRACON& Tower with Radar,110,50,7,5,172,0,0,1,0,1,110,50,8,5,173,0,0,0,173
08/11/2020,MKE,WI,AGL,CE,Combined TRACON& Tower with Radar,118,68,15,15,216,0,3,16,5,24,118,71,31,20,240,0,0,0,240
08/12/2020,MKE,WI,AGL,CE,Combined TRACON& Tower with Radar,127,72,22,13,234,0,1,22,0,23,127,73,44,13,257,0,0,0,257
08/13/2020,MKE,WI,AGL,CE,Combined TRACON& Tower with Radar,119,69,19,4,211,0,4,19,0,23,119,73,38,4,234,0,0,0,234
08/14/2020,MKE,WI,AGL,CE,Combined TRACON& Tower with Radar,120,68,10,5,203,0,2,21,0,23,120,70,31,5,226,0,0,0,226
08/15/2020,MKE,WI,AGL,CE,Combined TRACON& Tower with Radar,110,42,9,1,162,0,4,14,1,19,110,46,23,2,181,0,0,0,181
08/16/2020,MKE,WI,AGL,CE,Combined TRACON& Tower with Radar,113,28,9,2,152,0,9,11,1,21,113,37,20,3,173,0,0,0,173
08/17/2020,MKE,WI,AGL,CE,Combined TRACON& Tower with Radar,120,37,15,5,177,0,5,3,0,8,120,42,18,5,185,0,0,0,185
08/18/2020,MKE,WI,AGL,CE,Combined TRACON& Tower with Radar,117,63,11,17,208,0,9,4,1,14,117,72,15,18,222,0,0,0,222
08/19/2020,MKE,WI,AGL,CE,Combined TRACON& Tower with Radar,120,71,20,13,224,0,5,5,5,15,120,76,25,18,239,0,0,0,239
08/20/2020,MKE,WI,AGL,CE,Combined TRACON& Tower with Radar,120,82,18,13,233,0,4,4,4,12,120,86,22,17,245,0,0,0,245
08/21/2020,MKE,WI,AGL,CE,Combined TRACON& Tower with Radar,129,70,27,1,227,0,2,7,0,9,129,72,34,1,236,0,0,0,236
08/22/2020,MKE,WI,AGL,CE,Combined TRACON& Tower with Radar,110,40,14,1,165,0,4,1,0,5,110,44,15,1,170,0,0,0,170
08/23/2020,MKE,WI,AGL,CE,Combined TRACON& Tower with Radar,117,44,16,2,179,0,0,5,0,5,117,44,21,2,184,0,0,0,184
08/24/2020,MKE,WI,AGL,CE,Combined TRACON& Tower with Radar,112,49,16,15,192,0,4,13,6,23,112,53,29,21,215,0,0,0,215
08/25/2020,MKE,WI,AGL,CE,Combined TRACON& Tower with Radar,116,66,20,0,202,0,2,3,1,6,116,68,23,1,208,0,0,0,208
08/26/2020,MKE,WI,AGL,CE,Combined TRACON& Tower with Radar,116,81,21,1,219,0,4,9,1,14,116,85,30,2,233,0,0,0,233
08/27/2020,MKE,WI,AGL,CE,Combined TRACON& Tower with Radar,124,82,22,1,229,0,2,3,0,5,124,84,25,1,234,0,0,0,234
08/28/2020,MKE,WI,AGL,CE,Combined TRACON& Tower with Radar,125,80,19,24,248,0,2,8,0,10,125,82,27,24,258,0,0,0,258
08/29/2020,MKE,WI,AGL,CE,Combined TRACON& Tower with Radar,113,42,6,1,162,0,2,3,0,5,113,44,9,1,167,0,0,0,167
08/30/2020,MKE,WI,AGL,CE,Combined TRACON& Tower with Radar,112,39,14,0,165,0,0,12,0,12,112,39,26,0,177,0,0,0,177
08/31/2020,MKE,WI,AGL,CE,Combined TRACON& Tower with Radar,120,64,28,2,214,0,0,7,0,7,120,64,35,2,221,0,0,0,221
09/01/2020,MKE,WI,AGL,CE,Combined TRACON& Tower with Radar,115,76,17,4,212,0,0,0,0,0,115,76,17,4,212,0,0,0,212
09/02/2020,MKE,WI,AGL,CE,Combined TRACON& Tower with Radar,119,77,16,10,222,0,9,17,0,26,119,86,33,10,248,0,0,0,248
09/03/2020,MKE,WI,AGL,CE,Combined TRACON& Tower with Radar,121,85,20,16,242,0,4,1,0,5,121,89,21,16,247,0,0,0,247
09/04/2020,MKE,WI,AGL,CE,Combined TRACON& Tower with Radar,122,64,16,0,202,0,9,17,0,26,122,73,33,0,228,0,0,0,228
09/05/2020,MKE,WI,AGL,CE,Combined TRACON& Tower with Radar,105,34,3,1,143,0,3,6,0,9,105,37,9,1,152,0,0,0,152
09/06/2020,MKE,WI,AGL,CE,Combined TRACON& Tower with Radar,85,19,6,0,110,0,0,0,0,0,85,19,6,0,110,0,0,0,110
09/07/2020,MKE,WI,AGL,CE,Combined TRACON& Tower with Radar,93,27,17,1,138,0,2,16,0,18,93,29,33,1,156,0,0,0,156
09/08/2020,MKE,WI,AGL,CE,Combined TRACON& Tower with Radar,98,66,18,1,183,0,0,1,0,1,98,66,19,1,184,0,0,0,184
09/09/2020,MKE,WI,AGL,CE,Combined TRACON& Tower with Radar,103,82,15,7,207,0,0,0,0,0,103,82,15,7,207,0,0,0,207
09/10/2020,MKE,WI,AGL,CE,Combined TRACON& Tower with Radar,102,73,17,11,203,0,0,0,0,0,102,73,17,11,203,0,0,0,203
09/11/2020,MKE,WI,AGL,CE,Combined TRACON& Tower with Radar,107,76,13,8,204,0,0,4,0,4,107,76,17,8,208,0,0,0,208
09/12/2020,MKE,WI,AGL,CE,Combined TRACON& Tower with Radar,89,32,8,2,131,0,0,0,0,0,89,32,8,2,131,0,0,0,131
09/13/2020,MKE,WI,AGL,CE,Combined TRACON& Tower with Radar,91,35,15,1,142,0,1,8,0,9,91,36,23,1,151,0,0,0,151
09/14/2020,MKE,WI,AGL,CE,Combined TRACON& Tower with Radar,91,48,21,3,163,0,4,6,0,10,91,52,27,3,173,0,0,0,173
09/15/2020,MKE,WI,AGL,CE,Combined TRACON& Tower with Radar,94,61,19,4,178,0,3,17,0,20,94,64,36,4,198,0,0,0,198
09/16/2020,MKE,WI,AGL,CE,Combined TRACON& Tower with Radar,97,56,13,3,169,0,2,11,0,13,97,58,24,3,182,0,0,0,182
09/17/2020,MKE,WI,AGL,CE,Combined TRACON& Tower with Radar,99,66,20,12,197,0,5,15,0,20,99,71,35,12,217,0,0,0,217
09/18/2020,MKE,WI,AGL,CE,Combined TRACON& Tower with Radar,105,73,21,20,219,0,2,20,0,22,105,75,41,20,241,0,0,0,241
09/19/2020,MKE,WI,AGL,CE,Combined TRACON& Tower with Radar,90,27,3,1,121,0,5,13,0,18,90,32,16,1,139,0,0,0,139
09/20/2020,MKE,WI,AGL,CE,Combined TRACON& Tower with Radar,94,30,11,1,136,0,4,15,0,19,94,34,26,1,155,0,0,0,155
09/21/2020,MKE,WI,AGL,CE,Combined TRACON& Tower with Radar,93,50,13,15,171,0,0,3,0,3,93,50,16,15,174,0,0,0,174
09/22/2020,MKE,WI,AGL,CE,Combined TRACON& Tower with Radar,97,65,9,9,180,0,0,17,0,17,97,65,26,9,197,0,0,0,197
09/23/2020,MKE,WI,AGL,CE,Combined TRACON& Tower with Radar,105,75,13,2,195,0,4,13,0,17,105,79,26,2,212,0,0,0,212
09/24/2020,MKE,WI,AGL,CE,Combined TRACON& Tower with Radar,100,72,10,6,188,0,0,11,12,23,100,72,21,18,211,0,0,0,211
09/25/2020,MKE,WI,AGL,CE,Combined TRACON& Tower with Radar,105,63,11,17,196,0,2,20,0,22,105,65,31,17,218,0,0,0,218
09/26/2020,MKE,WI,AGL,CE,Combined TRACON& Tower with Radar,91,42,6,2,141,0,4,11,0,15,91,46,17,2,156,0,0,0,156
09/27/2020,MKE,WI,AGL,CE,Combined TRACON& Tower with Radar,89,38,18,2,147,0,5,11,0,16,89,43,29,2,163,0,0,0,163
09/28/2020,MKE,WI,AGL,CE,Combined TRACON& Tower with Radar,95,47,14,0,156,0,2,0,0,2,95,49,14,0,158,0,0,0,158
09/29/2020,MKE,WI,AGL,CE,Combined TRACON& Tower with Radar,97,75,9,13,194,0,0,12,1,13,97,75,21,14,207,0,0,0,207
09/30/2020,MKE,WI,AGL,CE,Combined TRACON& Tower with Radar,98,82,16,4,200,0,2,2,1,5,98,84,18,5,205,0,0,0,205
10/01/2020,MKE,WI,AGL,CE,Combined TRACON& Tower with Radar,102,79,27,8,216,0,0,6,0,6,102,79,33,8,222,0,0,0,222
10/02/2020,MKE,WI,AGL,CE,Combined TRACON& Tower with Radar,115,76,19,7,217,0,1,10,0,11,115,77,29,7,228,0,0,0,228
10/03/2020,MKE,WI,AGL,CE,Combined TRACON& Tower with Radar,93,27,10,2,132,0,0,7,0,7,93,27,17,2,139,0,0,0,139
10/04/2020,MKE,WI,AGL,CE,Combined TRACON& Tower with Radar,92,48,6,0,146,0,4,12,0,16,92,52,18,0,162,0,0,0,162
10/05/2020,MKE,WI,AGL,CE,Combined TRACON& Tower with Radar,95,50,22,10,177,0,2,17,0,19,95,52,39,10,196,0,0,0,196
10/06/2020,MKE,WI,AGL,CE,Combined TRACON& Tower with Radar,95,68,27,2,192,0,4,10,0,14,95,72,37,2,206,0,0,0,206
10/07/2020,MKE,WI,AGL,CE,Combined TRACON& Tower with Radar,98,69,10,8,185,0,0,8,0,8,98,69,18,8,193,0,0,0,193
10/08/2020,MKE,WI,AGL,CE,Combined TRACON& Tower with Radar,114,79,13,6,212,0,2,12,0,14,114,81,25,6,226,0,0,0,226
10/09/2020,MKE,WI,AGL,CE,Combined TRACON& Tower with Radar,120,63,14,2,199,0,8,9,0,17,120,71,23,2,216,0,0,0,216
10/10/2020,MKE,WI,AGL,CE,Combined TRACON& Tower with Radar,106,32,12,0,150,0,0,9,0,9,106,32,21,0,159,0,0,0,159
10/11/2020,MKE,WI,AGL,CE,Combined TRACON& Tower with Radar,107,24,12,0,143,0,4,6,0,10,107,28,18,0,153,0,0,0,153
10/12/2020,MKE,WI,AGL,CE,Combined TRACON& Tower with Radar,111,47,15,2,175,0,0,1,0,1,111,47,16,2,176,0,0,0,176
10/13/2020,MKE,WI,AGL,CE,Combined TRACON& Tower with Radar,104,70,14,7,195,0,3,4,6,13,104,73,18,13,208,0,0,0,208
10/14/2020,MKE,WI,AGL,CE,Combined TRACON& Tower with Radar,109,65,11,13,198,0,10,2,0,12,109,75,13,13,210,0,0,0,210
10/15/2020,MKE,WI,AGL,CE,Combined TRACON& Tower with Radar,109,77,20,13,219,0,9,12,0,21,109,86,32,13,240,0,0,0,240
10/16/2020,MKE,WI,AGL,CE,Combined TRACON& Tower with Radar,122,59,7,0,188,0,8,3,0,11,122,67,10,0,199,0,0,0,199
10/17/2020,MKE,WI,AGL,CE,Combined TRACON& Tower with Radar,107,24,10,4,145,0,0,2,0,2,107,24,12,4,147,0,0,0,147
10/18/2020,MKE,WI,AGL,CE,Combined TRACON& Tower with Radar,110,39,6,0,155,0,4,5,0,9,110,43,11,0,164,0,0,0,164
10/19/2020,MKE,WI,AGL,CE,Combined TRACON& Tower with Radar,113,46,8,10,177,0,2,11,0,13,113,48,19,10,190,0,0,0,190
10/20/2020,MKE,WI,AGL,CE,Combined TRACON& Tower with Radar,99,62,8,11,180,0,0,11,1,12,99,62,19,12,192,0,0,0,192
10/21/2020,MKE,WI,AGL,CE,Combined TRACON& Tower with Radar,107,59,18,3,187,0,3,16,0,19,107,62,34,3,206,0,0,0,206
10/22/2020,MKE,WI,AGL,CE,Combined TRACON& Tower with Radar,115,70,17,2,204,0,0,0,0,0,115,70,17,2,204,0,0,0,204
10/23/2020,MKE,WI,AGL,CE,Combined TRACON& Tower with Radar,119,60,10,5,194,0,1,0,0,1,119,61,10,5,195,0,0,0,195
10/24/2020,MKE,WI,AGL,CE,Combined TRACON& Tower with Radar,98,29,7,15,149,0,0,8,9,17,98,29,15,24,166,0,0,0,166
10/25/2020,MKE,WI,AGL,CE,Combined TRACON& Tower with Radar,94,27,5,4,130,0,0,1,1,2,94,27,6,5,132,0,0,0,132
10/26/2020,MKE,WI,AGL,CE,Combined TRACON& Tower with Radar,93,49,24,2,168,0,0,0,0,0,93,49,24,2,168,0,0,0,168
10/27/2020,MKE,WI,AGL,CE,Combined TRACON& Tower with Radar,91,59,18,20,188,0,2,7,0,9,91,61,25,20,197,0,0,0,197
10/28/2020,MKE,WI,AGL,CE,Combined TRACON& Tower with Radar,102,51,25,12,190,0,0,15,0,15,102,51,40,12,205,0,0,0,205
10/29/2020,MKE,WI,AGL,CE,Combined TRACON& Tower with Radar,96,58,12,5,171,0,0,3,0,3,96,58,15,5,174,0,0,0,174
10/30/2020,MKE,WI,AGL,CE,Combined TRACON& Tower with Radar,108,66,18,10,202,0,0,21,0,21,108,66,39,10,223,0,0,0,223
10/31/2020,MKE,WI,AGL,CE,Combined TRACON& Tower with Radar,81,38,5,4,128,0,7,6,0,13,81,45,11,4,141,0,0,0,141
11/01/2020,MKE,WI,AGL,CE,Combined TRACON& Tower with Radar,84,30,11,3,128,0,0,1,0,1,84,30,12,3,129,0,0,0,129
11/02/2020,MKE,WI,AGL,CE,Combined TRACON& Tower with Radar,94,48,17,8,167,0,9,2,3,14,94,57,19,11,181,0,0,0,181
11/03/2020,MKE,WI,AGL,CE,Combined TRACON& Tower with Radar,90,62,13,8,173,0,1,10,1,12,90,63,23,9,185,0,0,0,185
11/04/2020,MKE,WI,AGL,CE,Combined TRACON& Tower with Radar,102,67,5,2,176,0,2,11,0,13,102,69,16,2,189,0,0,0,189
11/05/2020,MKE,WI,AGL,CE,Combined TRACON& Tower with Radar,120,70,14,5,209,0,2,16,0,18,120,72,30,5,227,0,0,0,227
11/06/2020,MKE,WI,AGL,CE,Combined TRACON& Tower with Radar,120,67,13,5,205,0,2,14,0,16,120,69,27,5,221,0,0,0,221
11/07/2020,MKE,WI,AGL,CE,Combined TRACON& Tower with Radar,99,33,13,1,146,0,2,16,0,18,99,35,29,1,164,0,0,0,164
11/08/2020,MKE,WI,AGL,CE,Combined TRACON& Tower with Radar,105,32,7,9,153,0,0,9,0,9,105,32,16,9,162,0,0,0,162
11/09/2020,MKE,WI,AGL,CE,Combined TRACON& Tower with Radar,77,41,15,1,134,0,2,3,0,5,77,43,18,1,139,0,0,0,139
11/10/2020,MKE,WI,AGL,CE,Combined TRACON& Tower with Radar,93,52,6,0,151,0,0,0,0,0,93,52,6,0,151,0,0,0,151
11/11/2020,MKE,WI,AGL,CE,Combined TRACON& Tower with Radar,96,62,15,7,180,0,2,7,0,9,96,64,22,7,189,0,0,0,189
11/12/2020,MKE,WI,AGL,CE,Combined TRACON& Tower with Radar,114,63,16,8,201,0,4,14,0,18,114,67,30,8,219,0,0,0,219
11/13/2020,MKE,WI,AGL,CE,Combined TRACON& Tower with Radar,117,66,23,5,211,0,0,19,0,19,117,66,42,5,230,0,0,0,230
11/14/2020,MKE,WI,AGL,CE,Combined TRACON& Tower with Radar,103,30,12,1,146,0,0,9,0,9,103,30,21,1,155,0,0,0,155
11/15/2020,MKE,WI,AGL,CE,Combined TRACON& Tower with Radar,106,25,9,0,140,0,0,0,0,0,106,25,9,0,140,0,0,0,140
11/16/2020,MKE,WI,AGL,CE,Combined TRACON& Tower with Radar,113,61,14,5,193,0,0,4,0,4,113,61,18,5,197,0,0,0,197
11/17/2020,MKE,WI,AGL,CE,Combined TRACON& Tower with Radar,98,61,11,2,172,0,0,13,0,13,98,61,24,2,185,0,0,0,185
11/18/2020,MKE,WI,AGL,CE,Combined TRACON& Tower with Radar,101,60,14,4,179,0,4,0,0,4,101,64,14,4,183,0,0,0,183
11/19/2020,MKE,WI,AGL,CE,Combined TRACON& Tower with Radar,116,64,19,1,200,0,3,3,1,7,116,67,22,2,207,0,0,0,207
11/20/2020,MKE,WI,AGL,CE,Combined TRACON& Tower with Radar,124,64,10,5,203,0,3,9,0,12,124,67,19,5,215,0,0,0,215
11/21/2020,MKE,WI,AGL,CE,Combined TRACON& Tower with Radar,122,34,14,0,170,0,5,13,0,18,122,39,27,0,188,0,0,0,188
11/22/2020,MKE,WI,AGL,CE,Combined TRACON& Tower with Radar,109,26,13,0,148,0,4,10,0,14,109,30,23,0,162,0,0,0,162
11/23/2020,MKE,WI,AGL,CE,Combined TRACON& Tower with Radar,123,54,11,8,196,0,1,12,0,13,123,55,23,8,209,0,0,0,209
11/24/2020,MKE,WI,AGL,CE,Combined TRACON& Tower with Radar,144,61,14,6,225,1,0,2,0,3,145,61,16,6,228,0,0,0,228
11/25/2020,MKE,WI,AGL,CE,Combined TRACON& Tower with Radar,140,55,18,0,213,0,0,0,0,0,140,55,18,0,213,0,0,0,213
11/26/2020,MKE,WI,AGL,CE,Combined TRACON& Tower with Radar,60,11,6,0,77,0,0,2,0,2,60,11,8,0,79,0,0,0,79
11/27/2020,MKE,WI,AGL,CE,Combined TRACON& Tower with Radar,110,51,10,0,171,0,4,10,0,14,110,55,20,0,185,0,0,0,185
11/28/2020,MKE,WI,AGL,CE,Combined TRACON& Tower with Radar,127,53,9,0,189,0,0,13,0,13,127,53,22,0,202,0,0,0,202
11/29/2020,MKE,WI,AGL,CE,Combined TRACON& Tower with Radar,124,42,16,0,182,0,2,6,1,9,124,44,22,1,191,0,0,0,191
11/30/2020,MKE,WI,AGL,CE,Combined TRACON& Tower with Radar,131,60,15,3,209,0,2,0,0,2,131,62,15,3,211,0,0,0,211
12/01/2020,MKE,WI,AGL,CE,Combined TRACON& Tower with Radar,115,74,11,4,204,0,7,7,0,14,115,81,18,4,218,0,0,0,218
12/02/2020,MKE,WI,AGL,CE,Combined TRACON& Tower with Radar,94,77,24,8,203,0,8,17,0,25,94,85,41,8,228,0,0,0,228
12/03/2020,MKE,WI,AGL,CE,Combined TRACON& Tower with Radar,96,91,12,6,205,0,0,1,0,1,96,91,13,6,206,0,0,0,206
12/04/2020,MKE,WI,AGL,CE,Combined TRACON& Tower with Radar,91,70,10,15,186,0,8,5,6,19,91,78,15,21,205,0,0,0,205
12/05/2020,MKE,WI,AGL,CE,Combined TRACON& Tower with Radar,84,36,10,2,132,0,7,17,0,24,84,43,27,2,156,0,0,0,156
12/06/2020,MKE,WI,AGL,CE,Combined TRACON& Tower with Radar,80,24,8,3,115,0,2,6,0,8,80,26,14,3,123,0,0,0,123
12/07/2020,MKE,WI,AGL,CE,Combined TRACON& Tower with Radar,89,57,23,1,170,0,1,8,0,9,89,58,31,1,179,0,0,0,179
12/08/2020,MKE,WI,AGL,CE,Combined TRACON& Tower with Radar,83,70,9,8,170,0,2,1,0,3,83,72,10,8,173,0,0,0,173
12/09/2020,MKE,WI,AGL,CE,Combined TRACON& Tower with Radar,89,67,11,9,176,0,3,20,0,23,89,70,31,9,199,0,0,0,199
12/10/2020,MKE,WI,AGL,CE,Combined TRACON& Tower with Radar,98,79,21,0,198,0,1,19,0,20,98,80,40,0,218,0,0,0,218
12/11/2020,MKE,WI,AGL,CE,Combined TRACON& Tower with Radar,96,61,14,3,174,0,0,1,0,1,96,61,15,3,175,0,0,0,175
12/12/2020,MKE,WI,AGL,CE,Combined TRACON& Tower with Radar,82,40,7,1,130,0,0,1,0,1,82,40,8,1,131,0,0,0,131
12/13/2020,MKE,WI,AGL,CE,Combined TRACON& Tower with Radar,86,24,6,1,117,0,0,4,0,4,86,24,10,1,121,0,0,0,121
12/14/2020,MKE,WI,AGL,CE,Combined TRACON& Tower with Radar,90,55,32,4,181,0,2,27,0,29,90,57,59,4,210,0,0,0,210
12/15/2020,MKE,WI,AGL,CE,Combined TRACON& Tower with Radar,88,69,12,5,174,0,2,7,0,9,88,71,19,5,183,0,0,0,183
12/16/2020,MKE,WI,AGL,CE,Combined TRACON& Tower with Radar,95,65,12,0,172,0,0,1,0,1,95,65,13,0,173,0,0,0,173
12/17/2020,MKE,WI,AGL,CE,Combined TRACON& Tower with Radar,116,76,20,5,217,0,8,16,0,24,116,84,36,5,241,0,0,0,241
12/18/2020,MKE,WI,AGL,CE,Combined TRACON& Tower with Radar,112,74,16,18,220,0,3,10,0,13,112,77,26,18,233,0,0,0,233
12/19/2020,MKE,WI,AGL,CE,Combined TRACON& Tower with Radar,109,52,9,0,170,0,0,0,0,0,109,52,9,0,170,0,0,0,170
12/20/2020,MKE,WI,AGL,CE,Combined TRACON& Tower with Radar,98,27,14,0,139,0,2,10,0,12,98,29,24,0,151,0,0,0,151
12/21/2020,MKE,WI,AGL,CE,Combined TRACON& Tower with Radar,107,44,11,0,162,0,0,3,1,4,107,44,14,1,166,0,0,0,166
12/22/2020,MKE,WI,AGL,CE,Combined TRACON& Tower with Radar,117,62,10,14,203,0,5,7,0,12,117,67,17,14,215,0,0,0,215
12/23/2020,MKE,WI,AGL,CE,Combined TRACON& Tower with Radar,122,74,22,0,218,0,1,7,0,8,122,75,29,0,226,0,0,0,226
12/24/2020,MKE,WI,AGL,CE,Combined TRACON& Tower with Radar,88,57,0,0,145,0,2,1,0,3,88,59,1,0,148,0,0,0,148
12/25/2020,MKE,WI,AGL,CE,Combined TRACON& Tower with Radar,63,15,2,0,80,0,2,2,0,4,63,17,4,0,84,0,0,0,84
12/26/2020,MKE,WI,AGL,CE,Combined TRACON& Tower with Radar,113,61,11,0,185,0,6,13,0,19,113,67,24,0,204,0,0,0,204
12/27/2020,MKE,WI,AGL,CE,Combined TRACON& Tower with Radar,106,35,15,0,156,0,0,2,0,2,106,35,17,0,158,0,0,0,158
12/28/2020,MKE,WI,AGL,CE,Combined TRACON& Tower with Radar,96,65,13,1,175,0,2,13,0,15,96,67,26,1,190,0,0,0,190
12/29/2020,MKE,WI,AGL,CE,Combined TRACON& Tower with Radar,106,70,9,0,185,0,1,6,0,7,106,71,15,0,192,0,0,0,192
12/30/2020,MKE,WI,AGL,CE,Combined TRACON& Tower with Radar,112,74,16,1,203,0,4,0,0,4,112,78,16,1,207,0,0,0,207
12/31/2020,MKE,WI,AGL,CE,Combined TRACON& Tower with Radar,93,45,1,0,139,0,0,2,0,2,93,45,3,0,141,0,0,0,141
01/01/2021,MKE,WI,AGL,CE,Combined TRACON& Tower with Radar,74,21,7,0,102,0,0,0,0,0,74,21,7,0,102,0,0,0,102
01/02/2021,MKE,WI,AGL,CE,Combined TRACON& Tower with Radar,112,56,16,0,184,0,0,0,0,0,112,56,16,0,184,0,0,0,184
01/03/2021,MKE,WI,AGL,CE,Combined TRACON& Tower with Radar,119,35,17,0,171,0,0,5,0,5,119,35,22,0,176,0,0,0,176
01/04/2021,MKE,WI,AGL,CE,Combined TRACON& Tower with Radar,105,58,10,0,173,0,0,0,0,0,105,58,10,0,173,0,0,0,173
01/05/2021,MKE,WI,AGL,CE,Combined TRACON& Tower with Radar,108,65,8,0,181,0,0,2,0,2,108,65,10,0,183,0,0,0,183
01/06/2021,MKE,WI,AGL,CE,Combined TRACON& Tower with Radar,102,71,20,10,203,0,0,6,0,6,102,71,26,10,209,0,0,0,209
01/07/2021,MKE,WI,AGL,CE,Combined TRACON& Tower with Radar,100,76,4,0,180,0,0,2,0,2,100,76,6,0,182,0,0,0,182
01/08/2021,MKE,WI,AGL,CE,Combined TRACON& Tower with Radar,99,64,15,6,184,0,0,0,0,0,99,64,15,6,184,0,0,0,184
01/09/2021,MKE,WI,AGL,CE,Combined TRACON& Tower with Radar,90,46,13,0,149,0,0,15,0,15,90,46,28,0,164,0,0,0,164
01/10/2021,MKE,WI,AGL,CE,Combined TRACON& Tower with Radar,92,30,11,6,139,0,0,0,0,0,92,30,11,6,139,0,0,0,139
01/11/2021,MKE,WI,AGL,CE,Combined TRACON& Tower with Radar,90,48,7,1,146,0,0,1,0,1,90,48,8,1,147,0,0,0,147
01/12/2021,MKE,WI,AGL,CE,Combined TRACON& Tower with Radar,88,63,7,6,164,0,0,0,0,0,88,63,7,6,164,0,0,0,164
01/13/2021,MKE,WI,AGL,CE,Combined TRACON& Tower with Radar,85,53,14,7,159,0,9,14,0,23,85,62,28,7,182,0,0,0,182
01/14/2021,MKE,WI,AGL,CE,Combined TRACON& Tower with Radar,100,74,9,3,186,0,4,0,0,4,100,78,9,3,190,0,0,0,190
01/15/2021,MKE,WI,AGL,CE,Combined TRACON& Tower with Radar,102,71,17,0,190,0,2,4,0,6,102,73,21,0,196,0,0,0,196
01/16/2021,MKE,WI,AGL,CE,Combined TRACON& Tower with Radar,85,40,6,14,145,0,2,3,0,5,85,42,9,14,150,0,0,0,150
01/17/2021,MKE,WI,AGL,CE,Combined TRACON& Tower with Radar,87,40,10,6,143,0,2,0,0,2,87,42,10,6,145,0,0,0,145
01/18/2021,MKE,WI,AGL,CE,Combined TRACON& Tower with Radar,89,39,3,1,132,0,3,3,3,9,89,42,6,4,141,0,0,0,141
01/19/2021,MKE,WI,AGL,CE,Combined TRACON& Tower with Radar,92,61,5,5,163,0,0,2,0,2,92,61,7,5,165,0,0,0,165
01/20/2021,MKE,WI,AGL,CE,Combined TRACON& Tower with Radar,87,67,12,8,174,0,2,15,0,17,87,69,27,8,191,0,0,0,191
01/21/2021,MKE,WI,AGL,CE,Combined TRACON& Tower with Radar,95,90,7,11,203,0,2,6,0,8,95,92,13,11,211,0,0,0,211
01/22/2021,MKE,WI,AGL,CE,Combined TRACON& Tower with Radar,100,72,19,2,193,0,8,9,0,17,100,80,28,2,210,0,0,0,210
01/23/2021,MKE,WI,AGL,CE,Combined TRACON& Tower with Radar,84,38,15,0,137,0,3,19,0,22,84,41,34,0,159,0,0,0,159
01/24/2021,MKE,WI,AGL,CE,Combined TRACON& Tower with Radar,88,42,11,0,141,0,0,2,0,2,88,42,13,0,143,0,0,0,143
01/25/2021,MKE,WI,AGL,CE,Combined TRACON& Tower with Radar,86,49,16,12,163,0,0,2,0,2,86,49,18,12,165,0,0,0,165
01/26/2021,MKE,WI,AGL,CE,Combined TRACON& Tower with Radar,91,67,6,0,164,0,2,0,0,2,91,69,6,0,166,0,0,0,166
01/27/2021,MKE,WI,AGL,CE,Combined TRACON& Tower with Radar,89,74,16,27,206,0,0,9,0,9,89,74,25,27,215,0,0,0,215
01/28/2021,MKE,WI,AGL,CE,Combined TRACON& Tower with Radar,92,84,29,2,207,0,2,22,0,24,92,86,51,2,231,0,0,0,231
01/29/2021,MKE,WI,AGL,CE,Combined TRACON& Tower with Radar,107,66,23,4,200,0,0,12,0,12,107,66,35,4,212,0,0,0,212
01/30/2021,MKE,WI,AGL,CE,Combined TRACON& Tower with Radar,80,54,13,0,147,0,2,3,0,5,80,56,16,0,152,0,0,0,152
01/31/2021,MKE,WI,AGL,CE,Combined TRACON& Tower with Radar,86,22,6,0,114,0,0,0,0,0,86,22,6,0,114,0,0,0,114
02/01/2021,MKE,WI,AGL,CE,Combined TRACON& Tower with Radar,90,47,12,6,155,0,0,6,0,6,90,47,18,6,161,0,0,0,161
02/02/2021,MKE,WI,AGL,CE,Combined TRACON& Tower with Radar,91,65,19,17,192,0,2,8,0,10,91,67,27,17,202,0,0,0,202
02/03/2021,MKE,WI,AGL,CE,Combined TRACON& Tower with Radar,97,65,14,6,182,0,6,14,0,20,97,71,28,6,202,0,0,0,202
02/04/2021,MKE,WI,AGL,CE,Combined TRACON& Tower with Radar,102,62,21,2,187,0,5,0,0,5,102,67,21,2,192,0,0,0,192
02/05/2021,MKE,WI,AGL,CE,Combined TRACON& Tower with Radar,102,72,16,0,190,0,2,1,0,3,102,74,17,0,193,0,0,0,193
02/06/2021,MKE,WI,AGL,CE,Combined TRACON& Tower with Radar,90,46,8,2,146,0,0,5,0,5,90,46,13,2,151,0,0,0,151
02/07/2021,MKE,WI,AGL,CE,Combined TRACON& Tower with Radar,82,32,9,2,125,0,4,1,0,5,82,36,10,2,130,0,0,0,130
02/08/2021,MKE,WI,AGL,CE,Combined TRACON& Tower with Radar,95,63,21,0,179,0,3,0,0,3,95,66,21,0,182,0,0,0,182
02/09/2021,MKE,WI,AGL,CE,Combined TRACON& Tower with Radar,90,58,10,6,164,0,6,2,0,8,90,64,12,6,172,0,0,0,172
02/10/2021,MKE,WI,AGL,CE,Combined TRACON& Tower with Radar,85,73,22,0,180,0,8,8,0,16,85,81,30,0,196,0,0,0,196
02/11/2021,MKE,WI,AGL,CE,Combined TRACON& Tower with Radar,103,65,21,8,197,0,0,10,10,20,103,65,31,18,217,0,0,0,217
02/12/2021,MKE,WI,AGL,CE,Combined TRACON& Tower with Radar,114,66,10,0,190,0,3,8,0,11,114,69,18,0,201,0,0,0,201
02/13/2021,MKE,WI,AGL,CE,Combined TRACON& Tower with Radar,100,39,7,0,146,0,0,0,0,0,100,39,7,0,146,0,0,0,146
02/14/2021,MKE,WI,AGL,CE,Combined TRACON& Tower with Radar,83,21,15,2,121,0,0,1,2,3,83,21,16,4,124,0,0,0,124
02/15/2021,MKE,WI,AGL,CE,Combined TRACON& Tower with Radar,93,55,11,2,161,0,4,0,0,4,93,59,11,2,165,0,0,0,165
02/16/2021,MKE,WI,AGL,CE,Combined TRACON& Tower with Radar,75,54,15,2,146,0,12,0,1,13,75,66,15,3,159,0,0,0,159
02/17/2021,MKE,WI,AGL,CE,Combined TRACON& Tower with Radar,79,81,10,6,176,0,3,7,0,10,79,84,17,6,186,0,0,0,186
02/18/2021,MKE,WI,AGL,CE,Combined TRACON& Tower with Radar,94,83,18,13,208,0,2,10,0,12,94,85,28,13,220,0,0,0,220
02/19/2021,MKE,WI,AGL,CE,Combined TRACON& Tower with Radar,101,71,20,4,196,0,0,4,0,4,101,71,24,4,200,0,0,0,200
02/20/2021,MKE,WI,AGL,CE,Combined TRACON& Tower with Radar,98,51,10,3,162,0,2,12,0,14,98,53,22,3,176,0,0,0,176
02/21/2021,MKE,WI,AGL,CE,Combined TRACON& Tower with Radar,97,40,5,9,151,0,0,0,0,0,97,40,5,9,151,0,0,0,151
02/22/2021,MKE,WI,AGL,CE,Combined TRACON& Tower with Radar,101,70,9,0,180,0,1,0,0,1,101,71,9,0,181,0,0,0,181
02/23/2021,MKE,WI,AGL,CE,Combined TRACON& Tower with Radar,97,77,32,5,211,0,2,9,0,11,97,79,41,5,222,0,0,0,222
02/24/2021,MKE,WI,AGL,CE,Combined TRACON& Tower with Radar,92,78,12,14,196,0,0,6,1,7,92,78,18,15,203,0,0,0,203
02/25/2021,MKE,WI,AGL,CE,Combined TRACON& Tower with Radar,104,71,14,4,193,0,2,16,0,18,104,73,30,4,211,0,0,0,211
02/26/2021,MKE,WI,AGL,CE,Combined TRACON& Tower with Radar,107,67,24,5,203,0,2,15,0,17,107,69,39,5,220,0,0,0,220
02/27/2021,MKE,WI,AGL,CE,Combined TRACON& Tower with Radar,100,52,7,3,162,0,0,22,1,23,100,52,29,4,185,0,0,0,185
02/28/2021,MKE,WI,AGL,CE,Combined TRACON& Tower with Radar,99,51,19,2,171,0,0,3,0,3,99,51,22,2,174,0,0,0,174
03/01/2021,MKE,WI,AGL,CE,Combined TRACON& Tower with Radar,96,49,17,2,164,0,0,5,0,5,96,49,22,2,169,0,0,0,169
03/02/2021,MKE,WI,AGL,CE,Combined TRACON& Tower with Radar,94,71,7,0,172,0,6,2,1,9,94,77,9,1,181,0,0,0,181
03/03/2021,MKE,WI,AGL,CE,Combined TRACON& Tower with Radar,103,75,26,6,210,0,10,25,0,35,103,85,51,6,245,0,0,0,245
03/04/2021,MKE,WI,AGL,CE,Combined TRACON& Tower with Radar,111,80,16,15,222,0,0,7,0,7,111,80,23,15,229,0,0,0,229
03/05/2021,MKE,WI,AGL,CE,Combined TRACON& Tower with Radar,109,74,29,0,212,0,4,11,0,15,109,78,40,0,227,0,0,0,227
03/06/2021,MKE,WI,AGL,CE,Combined TRACON& Tower with Radar,107,39,12,0,158,0,3,18,0,21,107,42,30,0,179,0,0,0,179
03/07/2021,MKE,WI,AGL,CE,Combined TRACON& Tower with Radar,116,37,12,1,166,0,2,16,2,20,116,39,28,3,186,0,0,0,186
03/08/2021,MKE,WI,AGL,CE,Combined TRACON& Tower with Radar,123,55,20,0,198,0,2,11,0,13,123,57,31,0,211,0,0,0,211
03/09/2021,MKE,WI,AGL,CE,Combined TRACON& Tower with Radar,104,79,22,7,212,0,3,11,0,14,104,82,33,7,226,0,0,0,226
03/10/2021,MKE,WI,AGL,CE,Combined TRACON& Tower with Radar,104,69,24,6,203,0,2,0,0,2,104,71,24,6,205,0,0,0,205
03/11/2021,MKE,WI,AGL,CE,Combined TRACON& Tower with Radar,143,80,18,0,241,0,0,1,0,1,143,80,19,0,242,0,0,0,242
03/12/2021,MKE,WI,AGL,CE,Combined TRACON& Tower with Radar,144,69,19,10,242,0,2,4,0,6,144,71,23,10,248,0,0,0,248
03/13/2021,MKE,WI,AGL,CE,Combined TRACON& Tower with Radar,126,51,11,0,188,0,0,24,0,24,126,51,35,0,212,0,0,0,212
03/14/2021,MKE,WI,AGL,CE,Combined TRACON& Tower with Radar,120,35,10,0,165,0,1,19,0,20,120,36,29,0,185,0,0,0,185
03/15/2021,MKE,WI,AGL,CE,Combined TRACON& Tower with Radar,130,53,13,1,197,0,0,1,0,1,130,53,14,1,198,0,0,0,198
03/16/2021,MKE,WI,AGL,CE,Combined TRACON& Tower with Radar,133,65,22,4,224,0,4,0,0,4,133,69,22,4,228,0,0,0,228
03/17/2021,MKE,WI,AGL,CE,Combined TRACON& Tower with Radar,136,85,26,0,247,0,0,0,0,0,136,85,26,0,247,0,0,0,247
03/18/2021,MKE,WI,AGL,CE,Combined TRACON& Tower with Radar,143,68,10,6,227,0,0,3,0,3,143,68,13,6,230,0,0,0,230
03/19/2021,MKE,WI,AGL,CE,Combined TRACON& Tower with Radar,153,65,15,7,240,0,4,11,0,15,153,69,26,7,255,0,0,0,255
03/20/2021,MKE,WI,AGL,CE,Combined TRACON& Tower with Radar,133,41,17,3,194,0,6,21,0,27,133,47,38,3,221,0,0,0,221
03/21/2021,MKE,WI,AGL,CE,Combined TRACON& Tower with Radar,135,27,11,0,173,0,4,9,0,13,135,31,20,0,186,0,0,0,186
03/22/2021,MKE,WI,AGL,CE,Combined TRACON& Tower with Radar,130,48,18,4,200,0,7,6,0,13,130,55,24,4,213,0,0,0,213
03/23/2021,MKE,WI,AGL,CE,Combined TRACON& Tower with Radar,141,66,16,5,228,0,8,2,2,12,141,74,18,7,240,0,0,0,240
03/24/2021,MKE,WI,AGL,CE,Combined TRACON& Tower with Radar,141,76,16,11,244,0,0,2,0,2,141,76,18,11,246,0,0,0,246
03/25/2021,MKE,WI,AGL,CE,Combined TRACON& Tower with Radar,143,78,20,16,257,0,2,3,0,5,143,80,23,16,262,10,0,10,272
03/26/2021,MKE,WI,AGL,CE,Combined TRACON& Tower with Radar,153,84,24,6,267,0,10,6,0,16,153,94,30,6,283,0,0,0,283
03/27/2021,MKE,WI,AGL,CE,Combined TRACON& Tower with Radar,159,62,24,0,245,0,2,2,0,4,159,64,26,0,249,0,0,0,249
03/28/2021,MKE,WI,AGL,CE,Combined TRACON& Tower with Radar,139,38,12,1,190,0,2,6,0,8,139,40,18,1,198,0,0,0,198
03/29/2021,MKE,WI,AGL,CE,Combined TRACON& Tower with Radar,140,56,18,1,215,0,6,4,0,10,140,62,22,1,225,0,0,0,225
03/30/2021,MKE,WI,AGL,CE,Combined TRACON& Tower with Radar,137,74,18,3,232,0,11,7,0,18,137,85,25,3,250,0,0,0,250
03/31/2021,MKE,WI,AGL,CE,Combined TRACON& Tower with Radar,143,87,28,10,268,0,3,5,1,9,143,90,33,11,277,0,0,0,277
04/01/2021,MKE,WI,AGL,CE,Combined TRACON& Tower with Radar,142,75,28,10,255,0,4,9,1,14,142,79,37,11,269,0,0,0,269
04/02/2021,MKE,WI,AGL,CE,Combined TRACON& Tower with Radar,162,61,15,3,241,0,4,13,0,17,162,65,28,3,258,0,0,0,258
04/03/2021,MKE,WI,AGL,CE,Combined TRACON& Tower with Radar,140,45,15,0,200,0,0,7,0,7,140,45,22,0,207,0,0,0,207
04/04/2021,MKE,WI,AGL,CE,Combined TRACON& Tower with Radar,136,35,18,1,190,1,1,3,0,5,137,36,21,1,195,0,0,0,195
04/05/2021,MKE,WI,AGL,CE,Combined TRACON& Tower with Radar,148,51,17,1,217,0,4,15,0,19,148,55,32,1,236,0,0,0,236
04/06/2021,MKE,WI,AGL,CE,Combined TRACON& Tower with Radar,142,68,17,13,240,0,2,15,0,17,142,70,32,13,257,0,0,0,257
04/07/2021,MKE,WI,AGL,CE,Combined TRACON& Tower with Radar,141,74,16,4,235,0,0,5,0,5,141,74,21,4,240,8,0,8,248
04/08/2021,MKE,WI,AGL,CE,Combined TRACON& Tower with Radar,145,105,16,17,283,0,0,0,0,0,145,105,16,17,283,0,0,0,283
04/09/2021,MKE,WI,AGL,CE,Combined TRACON& Tower with Radar,152,79,21,0,252,0,0,4,4,8,152,79,25,4,260,0,0,0,260
04/10/2021,MKE,WI,AGL,CE,Combined TRACON& Tower with Radar,136,48,11,3,198,0,0,2,0,2,136,48,13,3,200,0,0,0,200
04/11/2021,MKE,WI,AGL,CE,Combined TRACON& Tower with Radar,120,42,16,0,178,0,0,10,0,10,120,42,26,0,188,0,0,0,188
04/12/2021,MKE,WI,AGL,CE,Combined TRACON& Tower with Radar,129,58,33,0,220,0,11,2,0,13,129,69,35,0,233,0,0,0,233
04/13/2021,MKE,WI,AGL,CE,Combined TRACON& Tower with Radar,112,73,15,2,202,0,4,8,0,12,112,77,23,2,214,0,0,0,214
04/14/2021,MKE,WI,AGL,CE,Combined TRACON& Tower with Radar,121,76,8,4,209,0,12,4,0,16,121,88,12,4,225,0,0,0,225
04/15/2021,MKE,WI,AGL,CE,Combined TRACON& Tower with Radar,129,92,24,5,250,0,0,8,0,8,129,92,32,5,258,18,0,18,276
04/16/2021,MKE,WI,AGL,CE,Combined TRACON& Tower with Radar,138,70,10,0,218,0,4,9,4,17,138,74,19,4,235,22,6,28,263
04/17/2021,MKE,WI,AGL,CE,Combined TRACON& Tower with Radar,119,50,9,1,179,0,3,18,2,23,119,53,27,3,202,12,0,12,214
04/18/2021,MKE,WI,AGL,CE,Combined TRACON& Tower with Radar,129,40,19,0,188,0,2,12,0,14,129,42,31,0,202,0,0,0,202
04/19/2021,MKE,WI,AGL,CE,Combined TRACON& Tower with Radar,128,57,12,1,198,0,4,3,0,7,128,61,15,1,205,0,0,0,205
04/20/2021,MKE,WI,AGL,CE,Combined TRACON& Tower with Radar,113,63,13,0,189,0,4,5,6,15,113,67,18,6,204,0,0,0,204
04/21/2021,MKE,WI,AGL,CE,Combined TRACON& Tower with Radar,117,56,20,3,196,0,2,1,0,3,117,58,21,3,199,0,0,0,199
04/22/2021,MKE,WI,AGL,CE,Combined TRACON& Tower with Radar,133,78,21,3,235,0,0,4,0,4,133,78,25,3,239,0,0,0,239
04/23/2021,MKE,WI,AGL,CE,Combined TRACON& Tower with Radar,135,69,25,0,229,0,0,9,0,9,135,69,34,0,238,0,0,0,238
04/24/2021,MKE,WI,AGL,CE,Combined TRACON& Tower with Radar,121,41,13,2,177,0,1,20,0,21,121,42,33,2,198,0,0,0,198
04/25/2021,MKE,WI,AGL,CE,Combined TRACON& Tower with Radar,121,40,23,3,187,0,1,9,0,10,121,41,32,3,197,0,0,0,197
04/26/2021,MKE,WI,AGL,CE,Combined TRACON& Tower with Radar,134,80,20,0,234,0,0,3,0,3,134,80,23,0,237,0,0,0,237
04/27/2021,MKE,WI,AGL,CE,Combined TRACON& Tower with Radar,114,61,27,2,204,0,2,16,0,18,114,63,43,2,222,0,0,0,222
04/28/2021,MKE,WI,AGL,CE,Combined TRACON& Tower with Radar,115,77,30,4,226,0,0,7,0,7,115,77,37,4,233,0,0,0,233
04/29/2021,MKE,WI,AGL,CE,Combined TRACON& Tower with Radar,133,83,28,2,246,0,4,8,0,12,133,87,36,2,258,0,0,0,258
04/30/2021,MKE,WI,AGL,CE,Combined TRACON& Tower with Radar,140,70,24,11,245,0,2,7,1,10,140,72,31,12,255,0,0,0,255
05/01/2021,MKE,WI,AGL,CE,Combined TRACON& Tower with Radar,128,46,17,1,192,0,1,4,0,5,128,47,21,1,197,0,0,0,197
05/02/2021,MKE,WI,AGL,CE,Combined TRACON& Tower with Radar,122,52,13,0,187,0,2,13,0,15,122,54,26,0,202,0,0,0,202
05/03/2021,MKE,WI,AGL,CE,Combined TRACON& Tower with Radar,135,64,13,3,215,0,0,0,0,0,135,64,13,3,215,0,0,0,215
05/04/2021,MKE,WI,AGL,CE,Combined TRACON& Tower with Radar,109,76,18,3,206,0,0,8,2,10,109,76,26,5,216,0,0,0,216
05/05/2021,MKE,WI,AGL,CE,Combined TRACON& Tower with Radar,119,62,13,3,197,0,0,6,0,6,119,62,19,3,203,0,0,0,203
05/06/2021,MKE,WI,AGL,CE,Combined TRACON& Tower with Radar,134,74,28,0,236,0,1,8,2,11,134,75,36,2,247,0,0,0,247
05/07/2021,MKE,WI,AGL,CE,Combined TRACON& Tower with Radar,142,71,16,4,233,0,2,5,0,7,142,73,21,4,240,0,0,0,240
05/08/2021,MKE,WI,AGL,CE,Combined TRACON& Tower with Radar,126,42,8,0,176,0,0,22,0,22,126,42,30,0,198,0,0,0,198
05/09/2021,MKE,WI,AGL,CE,Combined TRACON& Tower with Radar,128,31,12,1,172,0,0,9,0,9,128,31,21,1,181,0,0,0,181
05/10/2021,MKE,WI,AGL,CE,Combined TRACON& Tower with Radar,136,59,26,0,221,0,7,16,4,27,136,66,42,4,248,0,0,0,248
05/11/2021,MKE,WI,AGL,CE,Combined TRACON& Tower with Radar,132,61,18,4,215,0,4,12,0,16,132,65,30,4,231,0,0,0,231
05/12/2021,MKE,WI,AGL,CE,Combined TRACON& Tower with Radar,135,73,25,9,242,0,6,17,0,23,135,79,42,9,265,0,0,0,265
05/13/2021,MKE,WI,AGL,CE,Combined TRACON& Tower with Radar,143,68,22,4,237,0,1,25,7,33,143,69,47,11,270,0,0,0,270
05/14/2021,MKE,WI,AGL,CE,Combined TRACON& Tower with Radar,141,76,11,27,255,0,4,5,2,11,141,80,16,29,266,0,0,0,266
05/15/2021,MKE,WI,AGL,CE,Combined TRACON& Tower with Radar,127,47,6,2,182,0,1,3,0,4,127,48,9,2,186,0,0,0,186
05/16/2021,MKE,WI,AGL,CE,Combined TRACON& Tower with Radar,126,39,20,5,190,0,0,11,0,11,126,39,31,5,201,0,0,0,201
05/17/2021,MKE,WI,AGL,CE,Combined TRACON& Tower with Radar,131,51,27,6,215,0,0,9,3,12,131,51,36,9,227,0,0,0,227
05/18/2021,MKE,WI,AGL,CE,Combined TRACON& Tower with Radar,129,66,17,12,224,0,2,3,0,5,129,68,20,12,229,0,0,0,229
05/19/2021,MKE,WI,AGL,CE,Combined TRACON& Tower with Radar,135,68,21,10,234,0,2,4,0,6,135,70,25,10,240,0,0,0,240
05/20/2021,MKE,WI,AGL,CE,Combined TRACON& Tower with Radar,137,79,34,4,254,0,2,15,0,17,137,81,49,4,271,0,0,0,271
05/21/2021,MKE,WI,AGL,CE,Combined TRACON& Tower with Radar,142,75,12,8,237,0,2,8,0,10,142,77,20,8,247,0,0,0,247
05/22/2021,MKE,WI,AGL,CE,Combined TRACON& Tower with Radar,130,45,10,1,186,0,0,14,0,14,130,45,24,1,200,0,0,0,200
05/23/2021,MKE,WI,AGL,CE,Combined TRACON& Tower with Radar,129,38,17,1,185,0,0,0,0,0,129,38,17,1,185,0,0,0,185
05/24/2021,MKE,WI,AGL,CE,Combined TRACON& Tower with Radar,132,67,32,2,233,0,3,5,1,9,132,70,37,3,242,0,0,0,242
05/25/2021,MKE,WI,AGL,CE,Combined TRACON& Tower with Radar,133,65,21,4,223,0,6,9,0,15,133,71,30,4,238,0,0,0,238
05/26/2021,MKE,WI,AGL,CE,Combined TRACON& Tower with Radar,138,68,18,8,232,0,4,12,1,17,138,72,30,9,249,0,0,0,249
05/27/2021,MKE,WI,AGL,CE,Combined TRACON& Tower with Radar,139,75,28,5,247,0,5,6,0,11,139,80,34,5,258,0,0,0,258
05/28/2021,MKE,WI,AGL,CE,Combined TRACON& Tower with Radar,137,77,29,1,244,0,0,0,0,0,137,77,29,1,244,0,0,0,244
05/29/2021,MKE,WI,AGL,CE,Combined TRACON& Tower with Radar,132,53,13,3,201,0,3,13,0,16,132,56,26,3,217,0,0,0,217
05/30/2021,MKE,WI,AGL,CE,Combined TRACON& Tower with Radar,116,41,7,3,167,0,0,21,0,21,116,41,28,3,188,0,0,0,188
05/31/2021,MKE,WI,AGL,CE,Combined TRACON& Tower with Radar,120,23,17,1,161,0,0,13,0,13,120,23,30,1,174,0,0,0,174
06/01/2021,MKE,WI,AGL,CE,Combined TRACON& Tower with Radar,121,65,31,9,226,0,13,17,11,41,121,78,48,20,267,0,0,0,267
06/02/2021,MKE,WI,AGL,CE,Combined TRACON& Tower with Radar,138,76,34,18,266,0,8,20,0,28,138,84,54,18,294,0,0,0,294
06/03/2021,MKE,WI,AGL,CE,Combined TRACON& Tower with Radar,142,65,29,9,245,0,9,15,0,24,142,74,44,9,269,0,0,0,269
06/04/2021,MKE,WI,AGL,CE,Combined TRACON& Tower with Radar,143,80,22,5,250,0,12,5,0,17,143,92,27,5,267,0,0,0,267
06/05/2021,MKE,WI,AGL,CE,Combined TRACON& Tower with Radar,134,47,10,12,203,0,6,13,0,19,134,53,23,12,222,0,0,0,222
06/06/2021,MKE,WI,AGL,CE,Combined TRACON& Tower with Radar,131,48,15,9,203,0,0,13,0,13,131,48,28,9,216,0,0,0,216
06/07/2021,MKE,WI,AGL,CE,Combined TRACON& Tower with Radar,131,60,32,1,224,0,1,9,0,10,131,61,41,1,234,0,0,0,234
06/08/2021,MKE,WI,AGL,CE,Combined TRACON& Tower with Radar,139,57,21,15,232,0,6,6,0,12,139,63,27,15,244,0,0,0,244
06/09/2021,MKE,WI,AGL,CE,Combined TRACON& Tower with Radar,142,79,26,4,251,0,13,29,0,42,142,92,55,4,293,0,0,0,293
06/10/2021,MKE,WI,AGL,CE,Combined TRACON& Tower with Radar,144,82,40,1,267,0,10,17,0,27,144,92,57,1,294,0,0,0,294
06/11/2021,MKE,WI,AGL,CE,Combined TRACON& Tower with Radar,147,74,31,16,268,0,6,17,4,27,147,80,48,20,295,0,0,0,295
06/12/2021,MKE,WI,AGL,CE,Combined TRACON& Tower with Radar,177,60,12,3,252,0,3,15,0,18,177,63,27,3,270,0,0,0,270
06/13/2021,MKE,WI,AGL,CE,Combined TRACON& Tower with Radar,136,60,29,2,227,0,2,11,0,13,136,62,40,2,240,0,0,0,240
06/14/2021,MKE,WI,AGL,CE,Combined TRACON& Tower with Radar,133,53,23,0,209,0,0,11,4,15,133,53,34,4,224,0,0,0,224
06/15/2021,MKE,WI,AGL,CE,Combined TRACON& Tower with Radar,140,67,19,2,228,0,2,13,0,15,140,69,32,2,243,0,0,0,243
06/16/2021,MKE,WI,AGL,CE,Combined TRACON& Tower with Radar,137,72,30,0,239,0,0,17,0,17,137,72,47,0,256,0,0,0,256
06/17/2021,MKE,WI,AGL,CE,Combined TRACON& Tower with Radar,141,81,18,4,244,0,0,7,0,7,141,81,25,4,251,0,0,0,251
06/18/2021,MKE,WI,AGL,CE,Combined TRACON& Tower with Radar,153,73,21,6,253,0,4,11,0,15,153,77,32,6,268,0,0,0,268
06/19/2021,MKE,WI,AGL,CE,Combined TRACON& Tower with Radar,151,46,18,1,216,0,0,12,0,12,151,46,30,1,228,0,0,0,228
06/20/2021,MKE,WI,AGL,CE,Combined TRACON& Tower with Radar,127,42,22,2,193,0,0,8,0,8,127,42,30,2,201,0,0,0,201
06/21/2021,MKE,WI,AGL,CE,Combined TRACON& Tower with Radar,129,58,24,4,215,0,0,22,3,25,129,58,46,7,240,0,0,0,240
06/22/2021,MKE,WI,AGL,CE,Combined TRACON& Tower with Radar,140,63,25,13,241,0,0,27,0,27,140,63,52,13,268,0,0,0,268
06/23/2021,MKE,WI,AGL,CE,Combined TRACON& Tower with Radar,140,73,46,11,270,0,6,11,0,17,140,79,57,11,287,0,0,0,287
06/24/2021,MKE,WI,AGL,CE,Combined TRACON& Tower with Radar,141,74,20,5,240,0,0,7,0,7,141,74,27,5,247,0,0,0,247
06/25/2021,MKE,WI,AGL,CE,Combined TRACON& Tower with Radar,150,88,48,6,292,0,0,5,3,8,150,88,53,9,300,0,0,0,300
06/26/2021,MKE,WI,AGL,CE,Combined TRACON& Tower with Radar,157,59,15,0,231,0,0,3,0,3,157,59,18,0,234,0,0,0,234
06/27/2021,MKE,WI,AGL,CE,Combined TRACON& Tower with Radar,131,42,11,2,186,0,6,5,0,11,131,48,16,2,197,0,0,0,197
06/28/2021,MKE,WI,AGL,CE,Combined TRACON& Tower with Radar,150,58,19,0,227,0,16,8,0,24,150,74,27,0,251,0,0,0,251
06/29/2021,MKE,WI,AGL,CE,Combined TRACON& Tower with Radar,156,82,29,6,273,0,0,3,0,3,156,82,32,6,276,0,0,0,276
06/30/2021,MKE,WI,AGL,CE,Combined TRACON& Tower with Radar,145,76,31,9,261,0,8,11,2,21,145,84,42,11,282,0,0,0,282
07/01/2021,MKE,WI,AGL,CE,Combined TRACON& Tower with Radar,142,97,38,12,289,0,2,20,9,31,142,99,58,21,320,0,0,0,320
07/02/2021,MKE,WI,AGL,CE,Combined TRACON& Tower with Radar,131,69,19,0,219,0,4,14,0,18,131,73,33,0,237,0,0,0,237
07/03/2021,MKE,WI,AGL,CE,Combined TRACON& Tower with Radar,147,52,7,2,208,0,0,10,0,10,147,52,17,2,218,0,0,0,218
07/04/2021,MKE,WI,AGL,CE,Combined TRACON& Tower with Radar,126,39,6,1,172,0,5,6,2,13,126,44,12,3,185,0,0,0,185
07/05/2021,MKE,WI,AGL,CE,Combined TRACON& Tower with Radar,130,38,13,2,183,0,2,13,0,15,130,40,26,2,198,0,0,0,198
07/06/2021,MKE,WI,AGL,CE,Combined TRACON& Tower with Radar,128,64,17,2,211,0,6,2,0,8,128,70,19,2,219,0,0,0,219
07/07/2021,MKE,WI,AGL,CE,Combined TRACON& Tower with Radar,145,71,23,2,241,0,0,0,0,0,145,71,23,2,241,0,0,0,241
07/08/2021,MKE,WI,AGL,CE,Combined TRACON& Tower with Radar,150,81,21,1,253,0,0,8,0,8,150,81,29,1,261,0,0,0,261
07/09/2021,MKE,WI,AGL,CE,Combined TRACON& Tower with Radar,157,76,15,4,252,0,2,19,0,21,157,78,34,4,273,0,0,0,273
07/10/2021,MKE,WI,AGL,CE,Combined TRACON& Tower with Radar,153,57,15,0,225,0,0,7,0,7,153,57,22,0,232,0,0,0,232
07/11/2021,MKE,WI,AGL,CE,Combined TRACON& Tower with Radar,138,88,54,3,283,0,1,1,1,3,138,89,55,4,286,0,0,0,286
07/12/2021,MKE,WI,AGL,CE,Combined TRACON& Tower with Radar,143,55,32,2,232,0,2,0,0,2,143,57,32,2,234,0,0,0,234
07/13/2021,MKE,WI,AGL,CE,Combined TRACON& Tower with Radar,143,89,34,20,286,0,2,10,0,12,143,91,44,20,298,0,0,0,298
07/14/2021,MKE,WI,AGL,CE,Combined TRACON& Tower with Radar,142,93,74,6,315,0,0,23,0,23,142,93,97,6,338,0,0,0,338
07/15/2021,MKE,WI,AGL,CE,Combined TRACON& Tower with Radar,162,98,50,15,325,0,0,13,0,13,162,98,63,15,338,0,0,0,338
07/16/2021,MKE,WI,AGL,CE,Combined TRACON& Tower with Radar,149,88,26,1,264,0,10,15,0,25,149,98,41,1,289,0,0,0,289
07/17/2021,MKE,WI,AGL,CE,Combined TRACON& Tower with Radar,146,50,15,0,211,0,2,39,0,41,146,52,54,0,252,0,0,0,252
07/18/2021,MKE,WI,AGL,CE,Combined TRACON& Tower with Radar,143,57,13,0,213,0,2,33,0,35,143,59,46,0,248,0,0,0,248
07/19/2021,MKE,WI,AGL,CE,Combined TRACON& Tower with Radar,137,63,33,2,235,0,8,34,0,42,137,71,67,2,277,0,0,0,277
07/20/2021,MKE,WI,AGL,CE,Combined TRACON& Tower with Radar,151,108,65,6,330,0,2,20,0,22,151,110,85,6,352,0,0,0,352
07/21/2021,MKE,WI,AGL,CE,Combined TRACON& Tower with Radar,149,99,54,6,308,0,4,18,1,23,149,103,72,7,331,0,0,0,331
07/22/2021,MKE,WI,AGL,CE,Combined TRACON& Tower with Radar,145,88,36,12,281,0,0,24,0,24,145,88,60,12,305,0,0,0,305
07/23/2021,MKE,WI,AGL,CE,Combined TRACON& Tower with Radar,153,76,30,13,272,0,4,17,1,22,153,80,47,14,294,0,0,0,294
07/24/2021,MKE,WI,AGL,CE,Combined TRACON& Tower with Radar,162,51,25,1,239,0,4,7,0,11,162,55,32,1,250,0,0,0,250
07/25/2021,MKE,WI,AGL,CE,Combined TRACON& Tower with Radar,132,51,34,0,217,0,1,16,0,17,132,52,50,0,234,0,0,0,234
07/26/2021,MKE,WI,AGL,CE,Combined TRACON& Tower with Radar,149,60,32,1,242,0,3,11,0,14,149,63,43,1,256,0,0,0,256
07/27/2021,MKE,WI,AGL,CE,Combined TRACON& Tower with Radar,150,69,30,2,251,0,5,12,0,17,150,74,42,2,268,0,0,0,268
07/28/2021,MKE,WI,AGL,CE,Combined TRACON& Tower with Radar,162,66,42,6,276,0,0,18,0,18,162,66,60,6,294,0,0,0,294
07/29/2021,MKE,WI,AGL,CE,Combined TRACON& Tower with Radar,146,73,46,4,269,0,7,22,3,32,146,80,68,7,301,0,0,0,301
07/30/2021,MKE,WI,AGL,CE,Combined TRACON& Tower with Radar,149,77,26,11,263,0,0,55,0,55,149,77,81,11,318,0,0,0,318
07/31/2021,MKE,WI,AGL,CE,Combined TRACON& Tower with Radar,154,54,24,1,233,0,0,13,9,22,154,54,37,10,255,0,0,0,255
08/01/2021,MKE,WI,AGL,CE,Combined TRACON& Tower with Radar,131,40,27,12,210,0,0,12,1,13,131,40,39,13,223,0,0,0,223
08/02/2021,MKE,WI,AGL,CE,Combined TRACON& Tower with Radar,138,62,22,7,229,0,1,21,1,23,138,63,43,8,252,0,0,0,252
08/03/2021,MKE,WI,AGL,CE,Combined TRACON& Tower with Radar,126,74,36,3,239,0,6,18,3,27,126,80,54,6,266,0,0,0,266
08/04/2021,MKE,WI,AGL,CE,Combined TRACON& Tower with Radar,133,81,39,7,260,0,2,26,0,28,133,83,65,7,288,0,0,0,288
08/05/2021,MKE,WI,AGL,CE,Combined TRACON& Tower with Radar,143,88,35,5,271,0,5,24,0,29,143,93,59,5,300,0,0,0,300
08/06/2021,MKE,WI,AGL,CE,Combined TRACON& Tower with Radar,144,67,32,0,243,0,1,8,0,9,144,68,40,0,252,0,0,0,252
08/07/2021,MKE,WI,AGL,CE,Combined TRACON& Tower with Radar,155,56,23,5,239,0,0,2,0,2,155,56,25,5,241,0,0,0,241
08/08/2021,MKE,WI,AGL,CE,Combined TRACON& Tower with Radar,142,44,30,4,220,0,0,6,0,6,142,44,36,4,226,0,0,0,226
08/09/2021,MKE,WI,AGL,CE,Combined TRACON& Tower with Radar,158,52,22,3,235,0,2,0,0,2,158,54,22,3,237,0,0,0,237
08/10/2021,MKE,WI,AGL,CE,Combined TRACON& Tower with Radar,140,77,25,13,255,0,4,16,2,22,140,81,41,15,277,0,0,0,277
08/11/2021,MKE,WI,AGL,CE,Combined TRACON& Tower with Radar,156,87,20,4,267,0,2,5,0,7,156,89,25,4,274,0,0,0,274
08/12/2021,MKE,WI,AGL,CE,Combined TRACON& Tower with Radar,149,75,27,10,261,0,4,13,3,20,149,79,40,13,281,0,0,0,281
08/13/2021,MKE,WI,AGL,CE,Combined TRACON& Tower with Radar,147,70,19,18,254,0,4,15,0,19,147,74,34,18,273,0,0,0,273
08/14/2021,MKE,WI,AGL,CE,Combined TRACON& Tower with Radar,149,49,23,8,229,0,4,19,4,27,149,53,42,12,256,0,0,0,256
08/15/2021,MKE,WI,AGL,CE,Combined TRACON& Tower with Radar,128,51,27,2,208,0,2,13,0,15,128,53,40,2,223,0,0,0,223
08/16/2021,MKE,WI,AGL,CE,Combined TRACON& Tower with Radar,142,62,21,8,233,0,3,16,4,23,142,65,37,12,256,0,0,0,256
08/17/2021,MKE,WI,AGL,CE,Combined TRACON& Tower with Radar,133,68,20,4,225,0,2,18,0,20,133,70,38,4,245,0,0,0,245
08/18/2021,MKE,WI,AGL,CE,Combined TRACON& Tower with Radar,138,81,27,7,253,0,7,14,0,21,138,88,41,7,274,0,0,0,274
08/19/2021,MKE,WI,AGL,CE,Combined TRACON& Tower with Radar,150,82,41,3,276,0,2,17,0,19,150,84,58,3,295,0,0,0,295
08/20/2021,MKE,WI,AGL,CE,Combined TRACON& Tower with Radar,150,67,24,8,249,0,5,18,0,23,150,72,42,8,272,0,0,0,272
08/21/2021,MKE,WI,AGL,CE,Combined TRACON& Tower with Radar,151,64,11,8,234,0,2,2,0,4,151,66,13,8,238,0,0,0,238
08/22/2021,MKE,WI,AGL,CE,Combined TRACON& Tower with Radar,138,41,17,9,205,0,0,12,0,12,138,41,29,9,217,0,0,0,217
08/23/2021,MKE,WI,AGL,CE,Combined TRACON& Tower with Radar,140,52,31,7,230,0,2,5,0,7,140,54,36,7,237,6,0,6,243
08/24/2021,MKE,WI,AGL,CE,Combined TRACON& Tower with Radar,150,82,30,3,265,0,5,5,0,10,150,87,35,3,275,0,0,0,275
08/25/2021,MKE,WI,AGL,CE,Combined TRACON& Tower with Radar,171,76,20,2,269,0,4,10,0,14,171,80,30,2,283,0,0,0,283
08/26/2021,MKE,WI,AGL,CE,Combined TRACON& Tower with Radar,161,68,23,4,256,0,0,3,0,3,161,68,26,4,259,0,0,0,259
08/27/2021,MKE,WI,AGL,CE,Combined TRACON& Tower with Radar,148,75,24,5,252,0,3,6,0,9,148,78,30,5,261,0,0,0,261
08/28/2021,MKE,WI,AGL,CE,Combined TRACON& Tower with Radar,158,52,20,5,235,0,0,9,1,10,158,52,29,6,245,0,0,0,245
08/29/2021,MKE,WI,AGL,CE,Combined TRACON& Tower with Radar,144,36,22,1,203,0,2,10,0,12,144,38,32,1,215,0,0,0,215
08/30/2021,MKE,WI,AGL,CE,Combined TRACON& Tower with Radar,133,49,22,1,205,0,2,20,0,22,133,51,42,1,227,6,0,6,233
08/31/2021,MKE,WI,AGL,CE,Combined TRACON& Tower with Radar,146,71,37,0,254,0,0,11,0,11,146,71,48,0,265,0,0,0,265
09/01/2021,MKE,WI,AGL,CE,Combined TRACON& Tower with Radar,137,68,36,5,246,0,2,11,0,13,137,70,47,5,259,0,0,0,259
09/02/2021,MKE,WI,AGL,CE,Combined TRACON& Tower with Radar,160,77,40,16,293,0,0,5,0,5,160,77,45,16,298,0,0,0,298
09/03/2021,MKE,WI,AGL,CE,Combined TRACON& Tower with Radar,149,71,25,0,245,0,2,18,0,20,149,73,43,0,265,0,0,0,265
09/04/2021,MKE,WI,AGL,CE,Combined TRACON& Tower with Radar,150,45,12,0,207,0,0,6,0,6,150,45,18,0,213,0,0,0,213
09/05/2021,MKE,WI,AGL,CE,Combined TRACON& Tower with Radar,133,33,13,1,180,0,4,84,0,88,133,37,97,1,268,0,0,0,268
09/06/2021,MKE,WI,AGL,CE,Combined TRACON& Tower with Radar,126,28,27,1,182,0,2,104,0,106,126,30,131,1,288,0,0,0,288
09/07/2021,MKE,WI,AGL,CE,Combined TRACON& Tower with Radar,136,67,18,0,221,0,0,2,0,2,136,67,20,0,223,0,0,0,223
09/08/2021,MKE,WI,AGL,CE,Combined TRACON& Tower with Radar,137,80,36,1,254,0,14,10,0,24,137,94,46,1,278,0,0,0,278
09/09/2021,MKE,WI,AGL,CE,Combined TRACON& Tower with Radar,157,88,34,2,281,0,15,25,1,41,157,103,59,3,322,0,0,0,322
09/10/2021,MKE,WI,AGL,CE,Combined TRACON& Tower with Radar,143,76,24,5,248,0,5,17,2,24,143,81,41,7,272,0,0,0,272
09/11/2021,MKE,WI,AGL,CE,Combined TRACON& Tower with Radar,137,45,8,2,192,0,2,16,3,21,137,47,24,5,213,0,0,0,213
09/12/2021,MKE,WI,AGL,CE,Combined TRACON& Tower with Radar,143,43,21,0,207,0,1,5,0,6,143,44,26,0,213,0,0,0,213
09/13/2021,MKE,WI,AGL,CE,Combined TRACON& Tower with Radar,146,55,17,2,220,0,2,1,0,3,146,57,18,2,223,0,0,0,223
09/14/2021,MKE,WI,AGL,CE,Combined TRACON& Tower with Radar,143,74,29,1,247,0,8,11,0,19,143,82,40,1,266,0,0,0,266
09/15/2021,MKE,WI,AGL,CE,Combined TRACON& Tower with Radar,149,80,22,8,259,0,11,15,4,30,149,91,37,12,289,0,0,0,289
09/16/2021,MKE,WI,AGL,CE,Combined TRACON& Tower with Radar,166,69,27,3,265,0,10,15,1,26,166,79,42,4,291,0,0,0,291
09/17/2021,MKE,WI,AGL,CE,Combined TRACON& Tower with Radar,173,76,35,7,291,0,8,13,0,21,173,84,48,7,312,0,0,0,312
09/18/2021,MKE,WI,AGL,CE,Combined TRACON& Tower with Radar,138,38,21,2,199,0,7,16,0,23,138,45,37,2,222,10,0,10,232
09/19/2021,MKE,WI,AGL,CE,Combined TRACON& Tower with Radar,163,45,29,6,243,0,6,20,0,26,163,51,49,6,269,0,0,0,269
09/20/2021,MKE,WI,AGL,CE,Combined TRACON& Tower with Radar,149,52,27,0,228,0,2,9,0,11,149,54,36,0,239,0,0,0,239
09/21/2021,MKE,WI,AGL,CE,Combined TRACON& Tower with Radar,151,72,32,8,263,0,8,1,0,9,151,80,33,8,272,0,0,0,272
09/22/2021,MKE,WI,AGL,CE,Combined TRACON& Tower with Radar,146,78,40,1,265,0,4,9,1,14,146,82,49,2,279,0,0,0,279
09/23/2021,MKE,WI,AGL,CE,Combined TRACON& Tower with Radar,158,99,60,0,317,0,6,17,0,23,158,105,77,0,340,0,0,0,340
09/24/2021,MKE,WI,AGL,CE,Combined TRACON& Tower with Radar,163,100,47,2,312,0,13,39,0,52,163,113,86,2,364,0,0,0,364
09/25/2021,MKE,WI,AGL,CE,Combined TRACON& Tower with Radar,151,70,22,0,243,0,2,23,0,25,151,72,45,0,268,0,0,0,268
09/26/2021,MKE,WI,AGL,CE,Combined TRACON& Tower with Radar,167,66,51,0,284,0,6,37,1,44,167,72,88,1,328,0,0,0,328
09/27/2021,MKE,WI,AGL,CE,Combined TRACON& Tower with Radar,157,81,35,3,276,0,2,14,0,16,157,83,49,3,292,0,0,0,292
09/28/2021,MKE,WI,AGL,CE,Combined TRACON& Tower with Radar,149,79,30,0,258,0,5,16,0,21,149,84,46,0,279,0,0,0,279
09/29/2021,MKE,WI,AGL,CE,Combined TRACON& Tower with Radar,148,87,42,2,279,0,17,21,0,38,148,104,63,2,317,0,0,0,317
09/30/2021,MKE,WI,AGL,CE,Combined TRACON& Tower with Radar,162,71,38,0,271,0,4,26,1,31,162,75,64,1,302,6,0,6,308
10/01/2021,MKE,WI,AGL,CE,Combined TRACON& Tower with Radar,155,80,29,13,277,0,2,7,1,10,155,82,36,14,287,0,0,0,287
10/02/2021,MKE,WI,AGL,CE,Combined TRACON& Tower with Radar,136,36,15,4,191,0,2,7,0,9,136,38,22,4,200,0,0,0,200
10/03/2021,MKE,WI,AGL,CE,Combined TRACON& Tower with Radar,158,32,35,1,226,0,2,3,0,5,158,34,38,1,231,0,0,0,231
10/04/2021,MKE,WI,AGL,CE,Combined TRACON& Tower with Radar,158,74,20,1,253,0,1,1,0,2,158,75,21,1,255,0,0,0,255
10/05/2021,MKE,WI,AGL,CE,Combined TRACON& Tower with Radar,147,75,31,3,256,0,1,3,1,5,147,76,34,4,261,0,0,0,261
10/06/2021,MKE,WI,AGL,CE,Combined TRACON& Tower with Radar,155,77,27,4,263,0,0,2,0,2,155,77,29,4,265,0,0,0,265
10/07/2021,MKE,WI,AGL,CE,Combined TRACON& Tower with Radar,170,79,31,0,280,0,0,0,0,0,170,79,31,0,280,0,0,0,280
10/08/2021,MKE,WI,AGL,CE,Combined TRACON& Tower with Radar,157,75,30,2,264,0,2,10,0,12,157,77,40,2,276,0,0,0,276
10/09/2021,MKE,WI,AGL,CE,Combined TRACON& Tower with Radar,137,57,20,2,216,0,2,9,0,11,137,59,29,2,227,0,0,0,227
10/10/2021,MKE,WI,AGL,CE,Combined TRACON& Tower with Radar,135,36,23,3,197,0,1,2,0,3,135,37,25,3,200,0,0,0,200
10/11/2021,MKE,WI,AGL,CE,Combined TRACON& Tower with Radar,153,47,20,2,222,0,2,4,0,6,153,49,24,2,228,0,0,0,228
10/12/2021,MKE,WI,AGL,CE,Combined TRACON& Tower with Radar,148,77,30,8,263,0,8,0,0,8,148,85,30,8,271,0,0,0,271
10/13/2021,MKE,WI,AGL,CE,Combined TRACON& Tower with Radar,156,82,22,7,267,0,2,2,0,4,156,84,24,7,271,0,0,0,271
10/14/2021,MKE,WI,AGL,CE,Combined TRACON& Tower with Radar,171,100,27,16,314,0,1,11,0,12,171,101,38,16,326,0,0,0,326
10/15/2021,MKE,WI,AGL,CE,Combined TRACON& Tower with Radar,167,70,41,4,282,0,6,12,0,18,167,76,53,4,300,0,0,0,300
10/16/2021,MKE,WI,AGL,CE,Combined TRACON& Tower with Radar,145,43,8,1,197,0,0,9,0,9,145,43,17,1,206,0,0,0,206
10/17/2021,MKE,WI,AGL,CE,Combined TRACON& Tower with Radar,158,48,20,0,226,0,0,14,1,15,158,48,34,1,241,0,0,0,241
10/18/2021,MKE,WI,AGL,CE,Combined TRACON& Tower with Radar,154,72,15,3,244,0,0,10,0,10,154,72,25,3,254,0,0,0,254
10/19/2021,MKE,WI,AGL,CE,Combined TRACON& Tower with Radar,152,96,28,11,287,0,4,10,3,17,152,100,38,14,304,6,0,6,310
10/20/2021,MKE,WI,AGL,CE,Combined TRACON& Tower with Radar,153,77,30,4,264,0,2,11,0,13,153,79,41,4,277,0,0,0,277
10/21/2021,MKE,WI,AGL,CE,Combined TRACON& Tower with Radar,163,82,26,2,273,0,2,0,0,2,163,84,26,2,275,0,0,0,275
10/22/2021,MKE,WI,AGL,CE,Combined TRACON& Tower with Radar,165,66,21,3,255,0,4,17,0,21,165,70,38,3,276,0,0,0,276
10/23/2021,MKE,WI,AGL,CE,Combined TRACON& Tower with Radar,136,41,18,1,196,0,0,17,1,18,136,41,35,2,214,0,0,0,214
10/24/2021,MKE,WI,AGL,CE,Combined TRACON& Tower with Radar,152,38,33,2,225,0,0,3,0,3,152,38,36,2,228,0,0,0,228
10/25/2021,MKE,WI,AGL,CE,Combined TRACON& Tower with Radar,167,64,14,2,247,0,2,0,0,2,167,66,14,2,249,0,0,0,249
10/26/2021,MKE,WI,AGL,CE,Combined TRACON& Tower with Radar,152,84,29,18,283,0,4,8,3,15,152,88,37,21,298,0,0,0,298
10/27/2021,MKE,WI,AGL,CE,Combined TRACON& Tower with Radar,157,92,41,26,316,0,3,10,0,13,157,95,51,26,329,0,24,24,353
10/28/2021,MKE,WI,AGL,CE,Combined TRACON& Tower with Radar,170,76,22,3,271,0,2,0,0,2,170,78,22,3,273,0,0,0,273
10/29/2021,MKE,WI,AGL,CE,Combined TRACON& Tower with Radar,167,76,22,0,265,0,0,0,0,0,167,76,22,0,265,0,0,0,265
10/30/2021,MKE,WI,AGL,CE,Combined TRACON& Tower with Radar,136,46,12,0,194,0,2,5,0,7,136,48,17,0,201,0,0,0,201
10/31/2021,MKE,WI,AGL,CE,Combined TRACON& Tower with Radar,142,38,15,0,195,0,1,11,0,12,142,39,26,0,207,0,0,0,207
11/01/2021,MKE,WI,AGL,CE,Combined TRACON& Tower with Radar,158,72,25,1,256,0,2,10,0,12,158,74,35,1,268,0,0,0,268
11/02/2021,MKE,WI,AGL,CE,Combined TRACON& Tower with Radar,150,81,18,4,253,0,0,8,0,8,150,81,26,4,261,0,0,0,261
11/03/2021,MKE,WI,AGL,CE,Combined TRACON& Tower with Radar,157,94,22,4,277,0,7,6,2,15,157,101,28,6,292,0,0,0,292
11/04/2021,MKE,WI,AGL,CE,Combined TRACON& Tower with Radar,175,78,20,9,282,0,4,16,8,28,175,82,36,17,310,0,0,0,310
11/05/2021,MKE,WI,AGL,CE,Combined TRACON& Tower with Radar,166,70,22,8,266,0,7,7,3,17,166,77,29,11,283,0,0,0,283
11/06/2021,MKE,WI,AGL,CE,Combined TRACON& Tower with Radar,136,53,15,4,208,0,5,17,0,22,136,58,32,4,230,0,0,0,230
11/07/2021,MKE,WI,AGL,CE,Combined TRACON& Tower with Radar,150,41,23,0,214,0,0,6,0,6,150,41,29,0,220,0,0,0,220
11/08/2021,MKE,WI,AGL,CE,Combined TRACON& Tower with Radar,142,69,33,1,245,0,6,8,0,14,142,75,41,1,259,0,0,0,259
11/09/2021,MKE,WI,AGL,CE,Combined TRACON& Tower with Radar,145,86,16,18,265,0,7,5,3,15,145,93,21,21,280,0,0,0,280
11/10/2021,MKE,WI,AGL,CE,Combined TRACON& Tower with Radar,143,88,14,9,254,0,10,0,0,10,143,98,14,9,264,0,0,0,264
11/11/2021,MKE,WI,AGL,CE,Combined TRACON& Tower with Radar,154,90,31,3,278,0,2,2,0,4,154,92,33,3,282,0,0,0,282
11/12/2021,MKE,WI,AGL,CE,Combined TRACON& Tower with Radar,158,71,23,0,252,0,0,0,0,0,158,71,23,0,252,0,0,0,252
11/13/2021,MKE,WI,AGL,CE,Combined TRACON& Tower with Radar,129,55,10,1,195,0,2,1,0,3,129,57,11,1,198,0,0,0,198
11/14/2021,MKE,WI,AGL,CE,Combined TRACON& Tower with Radar,148,52,17,0,217,0,0,6,0,6,148,52,23,0,223,0,0,0,223
11/15/2021,MKE,WI,AGL,CE,Combined TRACON& Tower with Radar,150,76,30,4,260,0,8,5,0,13,150,84,35,4,273,0,0,0,273
11/16/2021,MKE,WI,AGL,CE,Combined TRACON& Tower with Radar,147,91,27,5,270,0,0,11,2,13,147,91,38,7,283,0,0,0,283
11/17/2021,MKE,WI,AGL,CE,Combined TRACON& Tower with Radar,157,93,41,18,309,0,0,6,0,6,157,93,47,18,315,0,0,0,315
11/18/2021,MKE,WI,AGL,CE,Combined TRACON& Tower with Radar,168,81,30,9,288,0,11,16,0,27,168,92,46,9,315,0,0,0,315
11/19/2021,MKE,WI,AGL,CE,Combined TRACON& Tower with Radar,160,78,28,4,270,0,6,35,1,42,160,84,63,5,312,0,0,0,312
11/20/2021,MKE,WI,AGL,CE,Combined TRACON& Tower with Radar,160,48,13,0,221,0,2,12,0,14,160,50,25,0,235,0,0,0,235
11/21/2021,MKE,WI,AGL,CE,Combined TRACON& Tower with Radar,157,57,18,3,235,0,4,7,0,11,157,61,25,3,246,0,0,0,246
11/22/2021,MKE,WI,AGL,CE,Combined TRACON& Tower with Radar,147,67,13,1,228,0,5,14,1,20,147,72,27,2,248,0,0,0,248
11/23/2021,MKE,WI,AGL,CE,Combined TRACON& Tower with Radar,174,90,19,14,297,0,4,27,5,36,174,94,46,19,333,0,0,0,333
11/24/2021,MKE,WI,AGL,CE,Combined TRACON& Tower with Radar,190,89,42,3,324,0,5,3,0,8,190,94,45,3,332,0,0,0,332
11/25/2021,MKE,WI,AGL,CE,Combined TRACON& Tower with Radar,112,29,4,1,146,0,1,0,0,1,112,30,4,1,147,0,0,0,147
11/26/2021,MKE,WI,AGL,CE,Combined TRACON& Tower with Radar,137,68,14,0,219,0,2,6,0,8,137,70,20,0,227,0,0,0,227
11/27/2021,MKE,WI,AGL,CE,Combined TRACON& Tower with Radar,158,51,19,0,228,0,0,4,0,4,158,51,23,0,232,0,0,0,232
11/28/2021,MKE,WI,AGL,CE,Combined TRACON& Tower with Radar,175,61,22,0,258,0,0,9,0,9,175,61,31,0,267,0,0,0,267
11/29/2021,MKE,WI,AGL,CE,Combined TRACON& Tower with Radar,177,74,34,0,285,0,3,5,2,10,177,77,39,2,295,0,0,0,295
11/30/2021,MKE,WI,AGL,CE,Combined TRACON& Tower with Radar,167,90,23,4,284,0,11,11,0,22,167,101,34,4,306,0,0,0,306
12/01/2021,MKE,WI,AGL,CE,Combined TRACON& Tower with Radar,162,89,17,11,279,0,2,5,0,7,162,91,22,11,286,0,0,0,286
12/02/2021,MKE,WI,AGL,CE,Combined TRACON& Tower with Radar,161,79,27,4,271,0,10,12,0,22,161,89,39,4,293,0,0,0,293
12/03/2021,MKE,WI,AGL,CE,Combined TRACON& Tower with Radar,162,85,23,0,270,0,0,0,0,0,162,85,23,0,270,0,0,0,270
12/04/2021,MKE,WI,AGL,CE,Combined TRACON& Tower with Radar,129,56,11,0,196,0,2,15,0,17,129,58,26,0,213,0,0,0,213
12/05/2021,MKE,WI,AGL,CE,Combined TRACON& Tower with Radar,154,56,22,1,233,0,2,0,0,2,154,58,22,1,235,0,0,0,235
12/06/2021,MKE,WI,AGL,CE,Combined TRACON& Tower with Radar,151,63,21,0,235,0,0,2,1,3,151,63,23,1,238,0,0,0,238
12/07/2021,MKE,WI,AGL,CE,Combined TRACON& Tower with Radar,149,92,23,12,276,0,6,2,0,8,149,98,25,12,284,0,0,0,284
12/08/2021,MKE,WI,AGL,CE,Combined TRACON& Tower with Radar,150,79,32,3,264,0,2,2,0,4,150,81,34,3,268,0,0,0,268
12/09/2021,MKE,WI,AGL,CE,Combined TRACON& Tower with Radar,167,73,33,5,278,0,2,7,4,13,167,75,40,9,291,0,0,0,291
12/10/2021,MKE,WI,AGL,CE,Combined TRACON& Tower with Radar,159,75,16,11,261,0,2,5,0,7,159,77,21,11,268,0,0,0,268
12/11/2021,MKE,WI,AGL,CE,Combined TRACON& Tower with Radar,129,55,4,0,188,0,0,6,0,6,129,55,10,0,194,0,0,0,194
12/12/2021,MKE,WI,AGL,CE,Combined TRACON& Tower with Radar,157,52,22,0,231,0,4,6,0,10,157,56,28,0,241,0,0,0,241
12/13/2021,MKE,WI,AGL,CE,Combined TRACON& Tower with Radar,149,69,27,2,247,0,4,17,0,21,149,73,44,2,268,0,0,0,268
12/14/2021,MKE,WI,AGL,CE,Combined TRACON& Tower with Radar,151,78,36,4,269,0,7,16,2,25,151,85,52,6,294,0,0,0,294
12/15/2021,MKE,WI,AGL,CE,Combined TRACON& Tower with Radar,148,80,37,2,267,0,2,1,0,3,148,82,38,2,270,0,0,0,270
12/16/2021,MKE,WI,AGL,CE,Combined TRACON& Tower with Radar,162,63,29,0,254,0,0,0,0,0,162,63,29,0,254,0,0,0,254
12/17/2021,MKE,WI,AGL,CE,Combined TRACON& Tower with Radar,155,89,29,4,277,0,8,14,0,22,155,97,43,4,299,0,0,0,299
12/18/2021,MKE,WI,AGL,CE,Combined TRACON& Tower with Radar,160,65,15,0,240,0,2,6,0,8,160,67,21,0,248,0,0,0,248
12/19/2021,MKE,WI,AGL,CE,Combined TRACON& Tower with Radar,157,43,17,0,217,0,0,12,0,12,157,43,29,0,229,0,0,0,229
12/20/2021,MKE,WI,AGL,CE,Combined TRACON& Tower with Radar,140,63,20,3,226,0,1,20,0,21,140,64,40,3,247,0,0,0,247
12/21/2021,MKE,WI,AGL,CE,Combined TRACON& Tower with Radar,156,83,13,15,267,0,8,8,1,17,156,91,21,16,284,0,0,0,284
12/22/2021,MKE,WI,AGL,CE,Combined TRACON& Tower with Radar,168,78,14,7,267,0,9,15,3,27,168,87,29,10,294,0,0,0,294
12/23/2021,MKE,WI,AGL,CE,Combined TRACON& Tower with Radar,171,82,20,0,273,0,4,11,0,15,171,86,31,0,288,0,0,0,288
12/24/2021,MKE,WI,AGL,CE,Combined TRACON& Tower with Radar,134,51,4,0,189,0,0,0,0,0,134,51,4,0,189,0,0,0,189
12/25/2021,MKE,WI,AGL,CE,Combined TRACON& Tower with Radar,127,41,3,0,171,0,0,6,0,6,127,41,9,0,177,0,0,0,177
12/26/2021,MKE,WI,AGL,CE,Combined TRACON& Tower with Radar,151,58,12,0,221,0,0,4,0,4,151,58,16,0,225,0,0,0,225
12/27/2021,MKE,WI,AGL,CE,Combined TRACON& Tower with Radar,153,69,26,0,248,0,0,0,0,0,153,69,26,0,248,0,0,0,248
12/28/2021,MKE,WI,AGL,CE,Combined TRACON& Tower with Radar,151,63,14,0,228,0,0,0,0,0,151,63,14,0,228,0,0,0,228
12/29/2021,MKE,WI,AGL,CE,Combined TRACON& Tower with Radar,156,94,16,0,266,0,5,4,0,9,156,99,20,0,275,0,0,0,275
12/30/2021,MKE,WI,AGL,CE,Combined TRACON& Tower with Radar,157,80,16,0,253,0,2,1,0,3,157,82,17,0,256,0,0,0,256
12/31/2021,MKE,WI,AGL,CE,Combined TRACON& Tower with Radar,131,67,9,0,207,0,0,0,0,0,131,67,9,0,207,0,0,0,207
01/01/2022,MKE,WI,AGL,CE,Combined TRACON& Tower with Radar,127,23,5,0,155,0,0,0,0,0,127,23,5,0,155,0,0,0,155
01/02/2022,MKE,WI,AGL,CE,Combined TRACON& Tower with Radar,143,44,29,0,216,0,2,7,0,9,143,46,36,0,225,0,0,0,225
01/03/2022,MKE,WI,AGL,CE,Combined TRACON& Tower with Radar,134,74,20,0,228,0,4,16,0,20,134,78,36,0,248,0,0,0,248
01/04/2022,MKE,WI,AGL,CE,Combined TRACON& Tower with Radar,140,72,15,8,235,0,2,15,2,19,140,74,30,10,254,0,0,0,254
01/05/2022,MKE,WI,AGL,CE,Combined TRACON& Tower with Radar,140,63,15,0,218,0,0,0,0,0,140,63,15,0,218,0,0,0,218
01/06/2022,MKE,WI,AGL,CE,Combined TRACON& Tower with Radar,135,78,10,0,223,0,0,0,0,0,135,78,10,0,223,0,0,0,223
01/07/2022,MKE,WI,AGL,CE,Combined TRACON& Tower with Radar,133,77,13,9,232,0,4,5,0,9,133,81,18,9,241,0,0,0,241
01/08/2022,MKE,WI,AGL,CE,Combined TRACON& Tower with Radar,130,58,6,0,194,0,0,6,0,6,130,58,12,0,200,0,0,0,200
01/09/2022,MKE,WI,AGL,CE,Combined TRACON& Tower with Radar,140,41,11,0,192,0,4,0,0,4,140,45,11,0,196,0,0,0,196
01/10/2022,MKE,WI,AGL,CE,Combined TRACON& Tower with Radar,140,61,16,1,218,0,0,3,4,7,140,61,19,5,225,0,0,0,225
01/11/2022,MKE,WI,AGL,CE,Combined TRACON& Tower with Radar,144,64,16,7,231,0,1,5,0,6,144,65,21,7,237,0,0,0,237
01/12/2022,MKE,WI,AGL,CE,Combined TRACON& Tower with Radar,149,60,16,8,233,0,0,22,0,22,149,60,38,8,255,0,0,0,255
01/13/2022,MKE,WI,AGL,CE,Combined TRACON& Tower with Radar,148,77,32,26,283,0,0,12,0,12,148,77,44,26,295,0,0,0,295
01/14/2022,MKE,WI,AGL,CE,Combined TRACON& Tower with Radar,157,78,8,1,244,0,0,0,0,0,157,78,8,1,244,0,0,0,244
01/15/2022,MKE,WI,AGL,CE,Combined TRACON& Tower with Radar,132,46,8,2,188,0,0,5,0,5,132,46,13,2,193,0,0,0,193
01/16/2022,MKE,WI,AGL,CE,Combined TRACON& Tower with Radar,122,41,16,4,183,0,0,8,0,8,122,41,24,4,191,0,0,0,191
01/17/2022,MKE,WI,AGL,CE,Combined TRACON& Tower with Radar,156,47,22,0,225,0,0,15,0,15,156,47,37,0,240,0,0,0,240
01/18/2022,MKE,WI,AGL,CE,Combined TRACON& Tower with Radar,152,70,18,8,248,0,14,3,7,24,152,84,21,15,272,0,0,0,272
01/19/2022,MKE,WI,AGL,CE,Combined TRACON& Tower with Radar,154,81,8,7,250,0,4,3,0,7,154,85,11,7,257,0,0,0,257
01/20/2022,MKE,WI,AGL,CE,Combined TRACON& Tower with Radar,164,72,27,2,265,0,2,28,0,30,164,74,55,2,295,0,0,0,295
01/21/2022,MKE,WI,AGL,CE,Combined TRACON& Tower with Radar,167,75,17,5,264,0,6,18,2,26,167,81,35,7,290,0,0,0,290
01/22/2022,MKE,WI,AGL,CE,Combined TRACON& Tower with Radar,131,42,10,0,183,0,6,8,0,14,131,48,18,0,197,0,0,0,197
01/23/2022,MKE,WI,AGL,CE,Combined TRACON& Tower with Radar,155,47,35,2,239,0,2,11,0,13,155,49,46,2,252,0,0,0,252
01/24/2022,MKE,WI,AGL,CE,Combined TRACON& Tower with Radar,158,50,17,6,231,0,2,2,0,4,158,52,19,6,235,0,0,0,235
01/25/2022,MKE,WI,AGL,CE,Combined TRACON& Tower with Radar,155,61,11,18,245,0,14,3,0,17,155,75,14,18,262,0,0,0,262
01/26/2022,MKE,WI,AGL,CE,Combined TRACON& Tower with Radar,153,65,33,12,263,0,10,7,1,18,153,75,40,13,281,0,0,0,281
01/27/2022,MKE,WI,AGL,CE,Combined TRACON& Tower with Radar,172,76,22,14,284,0,5,5,0,10,172,81,27,14,294,0,0,0,294
01/28/2022,MKE,WI,AGL,CE,Combined TRACON& Tower with Radar,163,71,20,0,254,0,12,19,0,31,163,83,39,0,285,0,0,0,285
01/29/2022,MKE,WI,AGL,CE,Combined TRACON& Tower with Radar,131,46,11,0,188,0,0,6,0,6,131,46,17,0,194,0,0,0,194
01/30/2022,MKE,WI,AGL,CE,Combined TRACON& Tower with Radar,159,45,13,1,218,0,0,10,0,10,159,45,23,1,228,0,0,0,228
01/31/2022,MKE,WI,AGL,CE,Combined TRACON& Tower with Radar,156,56,21,0,233,0,2,7,2,11,156,58,28,2,244,0,0,0,244
02/01/2022,MKE,WI,AGL,CE,Combined TRACON& Tower with Radar,154,71,20,21,266,0,10,10,7,27,154,81,30,28,293,0,0,0,293
02/02/2022,MKE,WI,AGL,CE,Combined TRACON& Tower with Radar,154,79,24,21,278,0,12,6,1,19,154,91,30,22,297,0,0,0,297
02/03/2022,MKE,WI,AGL,CE,Combined TRACON& Tower with Radar,140,81,26,8,255,0,10,12,0,22,140,91,38,8,277,0,0,0,277
02/04/2022,MKE,WI,AGL,CE,Combined TRACON& Tower with Radar,150,60,20,8,238,0,10,4,1,15,150,70,24,9,253,0,0,0,253
02/05/2022,MKE,WI,AGL,CE,Combined TRACON& Tower with Radar,132,52,14,8,206,1,0,8,0,9,133,52,22,8,215,0,0,0,215
02/06/2022,MKE,WI,AGL,CE,Combined TRACON& Tower with Radar,152,43,16,1,212,0,2,8,0,10,152,45,24,1,222,0,0,0,222
02/07/2022,MKE,WI,AGL,CE,Combined TRACON& Tower with Radar,158,59,23,3,243,0,4,4,0,8,158,63,27,3,251,0,0,0,251
02/08/2022,MKE,WI,AGL,CE,Combined TRACON& Tower with Radar,155,82,27,11,275,0,13,2,0,15,155,95,29,11,290,0,0,0,290
02/09/2022,MKE,WI,AGL,CE,Combined TRACON& Tower with Radar,152,72,19,14,257,0,1,9,0,10,152,73,28,14,267,0,0,0,267
02/10/2022,MKE,WI,AGL,CE,Combined TRACON& Tower with Radar,172,73,25,19,289,0,3,7,0,10,172,76,32,19,299,0,0,0,299
02/11/2022,MKE,WI,AGL,CE,Combined TRACON& Tower with Radar,170,74,24,7,275,0,2,0,0,2,170,76,24,7,277,0,0,0,277
02/12/2022,MKE,WI,AGL,CE,Combined TRACON& Tower with Radar,137,55,12,2,206,0,17,9,0,26,137,72,21,2,232,0,0,0,232
02/13/2022,MKE,WI,AGL,CE,Combined TRACON& Tower with Radar,146,44,17,0,207,0,7,3,0,10,146,51,20,0,217,0,0,0,217
02/14/2022,MKE,WI,AGL,CE,Combined TRACON& Tower with Radar,158,57,22,1,238,0,11,6,0,17,158,68,28,1,255,0,0,0,255
02/15/2022,MKE,WI,AGL,CE,Combined TRACON& Tower with Radar,154,76,11,4,245,0,5,6,0,11,154,81,17,4,256,0,0,0,256
02/16/2022,MKE,WI,AGL,CE,Combined TRACON& Tower with Radar,156,76,20,2,254,0,1,1,0,2,156,77,21,2,256,0,0,0,256
02/17/2022,MKE,WI,AGL,CE,Combined TRACON& Tower with Radar,186,102,27,5,320,0,7,4,0,11,186,109,31,5,331,0,0,0,331
02/18/2022,MKE,WI,AGL,CE,Combined TRACON& Tower with Radar,169,70,11,3,253,0,9,3,3,15,169,79,14,6,268,0,0,0,268
02/19/2022,MKE,WI,AGL,CE,Combined TRACON& Tower with Radar,139,47,10,0,196,0,0,8,0,8,139,47,18,0,204,0,0,0,204
02/20/2022,MKE,WI,AGL,CE,Combined TRACON& Tower with Radar,153,34,11,0,198,0,0,0,0,0,153,34,11,0,198,0,0,0,198
02/21/2022,MKE,WI,AGL,CE,Combined TRACON& Tower with Radar,164,47,18,1,230,0,3,0,0,3,164,50,18,1,233,0,0,0,233
02/22/2022,MKE,WI,AGL,CE,Combined TRACON& Tower with Radar,129,51,17,0,197,0,0,0,0,0,129,51,17,0,197,0,0,0,197
02/23/2022,MKE,WI,AGL,CE,Combined TRACON& Tower with Radar,163,80,21,13,277,0,2,4,0,6,163,82,25,13,283,0,0,0,283
02/24/2022,MKE,WI,AGL,CE,Combined TRACON& Tower with Radar,159,82,16,2,259,0,0,0,0,0,159,82,16,2,259,0,0,0,259
02/25/2022,MKE,WI,AGL,CE,Combined TRACON& Tower with Radar,169,85,18,3,275,0,6,0,1,7,169,91,18,4,282,0,0,0,282
02/26/2022,MKE,WI,AGL,CE,Combined TRACON& Tower with Radar,143,55,9,0,207,0,3,13,1,17,143,58,22,1,224,0,0,0,224
02/27/2022,MKE,WI,AGL,CE,Combined TRACON& Tower with Radar,162,47,25,0,234,0,2,15,0,17,162,49,40,0,251,0,0,0,251
02/28/2022,MKE,WI,AGL,CE,Combined TRACON& Tower with Radar,164,63,19,0,246,0,8,5,0,13,164,71,24,0,259,0,0,0,259
03/01/2022,MKE,WI,AGL,CE,Combined TRACON& Tower with Radar,155,66,16,21,258,0,4,14,4,22,155,70,30,25,280,0,0,0,280
03/02/2022,MKE,WI,AGL,CE,Combined TRACON& Tower with Radar,162,80,23,7,272,0,2,7,0,9,162,82,30,7,281,0,0,0,281
03/03/2022,MKE,WI,AGL,CE,Combined TRACON& Tower with Radar,171,78,24,12,285,0,2,19,4,25,171,80,43,16,310,0,0,0,310
03/04/2022,MKE,WI,AGL,CE,Combined TRACON& Tower with Radar,162,64,19,21,266,0,0,12,0,12,162,64,31,21,278,0,0,0,278
03/05/2022,MKE,WI,AGL,CE,Combined TRACON& Tower with Radar,137,54,8,0,199,0,0,10,0,10,137,54,18,0,209,0,0,0,209
03/06/2022,MKE,WI,AGL,CE,Combined TRACON& Tower with Radar,149,63,23,2,237,0,0,2,0,2,149,63,25,2,239,0,0,0,239
03/07/2022,MKE,WI,AGL,CE,Combined TRACON& Tower with Radar,155,53,19,0,227,0,0,2,0,2,155,53,21,0,229,0,0,0,229
03/08/2022,MKE,WI,AGL,CE,Combined TRACON& Tower with Radar,153,75,21,10,259,0,10,21,0,31,153,85,42,10,290,0,0,0,290
03/09/2022,MKE,WI,AGL,CE,Combined TRACON& Tower with Radar,158,78,20,13,269,0,8,1,0,9,158,86,21,13,278,0,0,0,278
03/10/2022,MKE,WI,AGL,CE,Combined TRACON& Tower with Radar,164,70,13,4,251,0,0,10,0,10,164,70,23,4,261,0,0,0,261
03/11/2022,MKE,WI,AGL,CE,Combined TRACON& Tower with Radar,167,81,18,6,272,0,6,5,0,11,167,87,23,6,283,0,0,0,283
03/12/2022,MKE,WI,AGL,CE,Combined TRACON& Tower with Radar,157,71,12,0,240,0,8,4,0,12,157,79,16,0,252,0,0,0,252
03/13/2022,MKE,WI,AGL,CE,Combined TRACON& Tower with Radar,158,39,21,1,219,0,0,9,0,9,158,39,30,1,228,0,0,0,228
03/14/2022,MKE,WI,AGL,CE,Combined TRACON& Tower with Radar,157,60,18,1,236,0,0,3,0,3,157,60,21,1,239,0,0,0,239
03/15/2022,MKE,WI,AGL,CE,Combined TRACON& Tower with Radar,158,70,22,18,268,0,1,4,0,5,158,71,26,18,273,0,0,0,273
03/16/2022,MKE,WI,AGL,CE,Combined TRACON& Tower with Radar,177,79,22,4,282,0,6,13,4,23,177,85,35,8,305,0,0,0,305
03/17/2022,MKE,WI,AGL,CE,Combined TRACON& Tower with Radar,163,63,19,11,256,0,2,17,0,19,163,65,36,11,275,0,0,0,275
03/18/2022,MKE,WI,AGL,CE,Combined TRACON& Tower with Radar,168,80,19,4,271,0,0,0,0,0,168,80,19,4,271,0,0,0,271
03/19/2022,MKE,WI,AGL,CE,Combined TRACON& Tower with Radar,175,54,25,2,256,0,0,2,0,2,175,54,27,2,258,0,0,0,258
03/20/2022,MKE,WI,AGL,CE,Combined TRACON& Tower with Radar,164,46,39,6,255,0,0,13,0,13,164,46,52,6,268,0,0,0,268
03/21/2022,MKE,WI,AGL,CE,Combined TRACON& Tower with Radar,160,60,24,5,249,0,9,21,0,30,160,69,45,5,279,0,0,0,279
03/22/2022,MKE,WI,AGL,CE,Combined TRACON& Tower with Radar,156,64,19,5,244,0,0,0,1,1,156,64,19,6,245,0,0,0,245
03/23/2022,MKE,WI,AGL,CE,Combined TRACON& Tower with Radar,162,50,11,0,223,0,0,0,0,0,162,50,11,0,223,0,0,0,223
03/24/2022,MKE,WI,AGL,CE,Combined TRACON& Tower with Radar,169,77,18,3,267,0,0,0,0,0,169,77,18,3,267,0,0,0,267
03/25/2022,MKE,WI,AGL,CE,Combined TRACON& Tower with Radar,170,67,15,2,254,0,0,0,0,0,170,67,15,2,254,0,0,0,254
03/26/2022,MKE,WI,AGL,CE,Combined TRACON& Tower with Radar,167,56,18,1,242,0,0,6,0,6,167,56,24,1,248,0,0,0,248
03/27/2022,MKE,WI,AGL,CE,Combined TRACON& Tower with Radar,163,48,16,1,228,0,11,6,0,17,163,59,22,1,245,0,0,0,245
03/28/2022,MKE,WI,AGL,CE,Combined TRACON& Tower with Radar,165,71,24,1,261,0,3,11,1,15,165,74,35,2,276,0,0,0,276
03/29/2022,MKE,WI,AGL,CE,Combined TRACON& Tower with Radar,163,75,20,5,263,0,0,1,0,1,163,75,21,5,264,0,0,0,264
03/30/2022,MKE,WI,AGL,CE,Combined TRACON& Tower with Radar,167,68,23,2,260,0,0,0,0,0,167,68,23,2,260,0,0,0,260
03/31/2022,MKE,WI,AGL,CE,Combined TRACON& Tower with Radar,166,67,14,6,253,0,0,0,0,0,166,67,14,6,253,0,0,0,253
04/01/2022,MKE,WI,AGL,CE,Combined TRACON& Tower with Radar,169,76,27,5,277,0,2,18,0,20,169,78,45,5,297,0,0,0,297
04/02/2022,MKE,WI,AGL,CE,Combined TRACON& Tower with Radar,131,50,11,5,197,0,0,0,0,0,131,50,11,5,197,0,0,0,197
04/03/2022,MKE,WI,AGL,CE,Combined TRACON& Tower with Radar,130,41,38,1,210,0,1,3,0,4,130,42,41,1,214,0,0,0,214
04/04/2022,MKE,WI,AGL,CE,Combined TRACON& Tower with Radar,148,51,19,0,218,0,0,0,0,0,148,51,19,0,218,0,0,0,218
04/05/2022,MKE,WI,AGL,CE,Combined TRACON& Tower with Radar,154,82,25,10,271,0,2,5,0,7,154,84,30,10,278,0,0,0,278
04/06/2022,MKE,WI,AGL,CE,Combined TRACON& Tower with Radar,160,65,23,0,248,0,1,16,0,17,160,66,39,0,265,0,0,0,265
04/07/2022,MKE,WI,AGL,CE,Combined TRACON& Tower with Radar,156,75,18,5,254,0,0,0,0,0,156,75,18,5,254,0,0,0,254
04/08/2022,MKE,WI,AGL,CE,Combined TRACON& Tower with Radar,164,54,26,4,248,0,0,0,0,0,164,54,26,4,248,0,0,0,248
04/09/2022,MKE,WI,AGL,CE,Combined TRACON& Tower with Radar,145,38,10,0,193,0,5,21,0,26,145,43,31,0,219,0,0,0,219
04/10/2022,MKE,WI,AGL,CE,Combined TRACON& Tower with Radar,145,31,14,1,191,0,0,3,1,4,145,31,17,2,195,0,0,0,195
04/11/2022,MKE,WI,AGL,CE,Combined TRACON& Tower with Radar,161,48,30,1,240,0,17,16,0,33,161,65,46,1,273,0,0,0,273
04/12/2022,MKE,WI,AGL,CE,Combined TRACON& Tower with Radar,153,78,24,5,260,0,8,13,2,23,153,86,37,7,283,0,0,0,283
04/13/2022,MKE,WI,AGL,CE,Combined TRACON& Tower with Radar,164,65,18,1,248,1,8,4,0,13,165,73,22,1,261,0,0,0,261
04/14/2022,MKE,WI,AGL,CE,Combined TRACON& Tower with Radar,163,89,28,3,283,0,12,2,3,17,163,101,30,6,300,0,0,0,300
04/15/2022,MKE,WI,AGL,CE,Combined TRACON& Tower with Radar,162,58,20,2,242,0,10,9,0,19,162,68,29,2,261,0,0,0,261
04/16/2022,MKE,WI,AGL,CE,Combined TRACON& Tower with Radar,136,33,11,3,183,0,0,8,0,8,136,33,19,3,191,0,0,0,191
04/17/2022,MKE,WI,AGL,CE,Combined TRACON& Tower with Radar,151,30,10,1,192,0,0,6,0,6,151,30,16,1,198,0,0,0,198
04/18/2022,MKE,WI,AGL,CE,Combined TRACON& Tower with Radar,154,59,25,2,240,0,0,0,0,0,154,59,25,2,240,0,0,0,240
04/19/2022,MKE,WI,AGL,CE,Combined TRACON& Tower with Radar,156,72,20,21,269,0,7,9,1,17,156,79,29,22,286,0,0,0,286
04/20/2022,MKE,WI,AGL,CE,Combined TRACON& Tower with Radar,151,73,36,14,274,0,6,3,0,9,151,79,39,14,283,0,0,0,283
04/21/2022,MKE,WI,AGL,CE,Combined TRACON& Tower with Radar,160,65,27,6,258,0,12,14,2,28,160,77,41,8,286,0,0,0,286
04/22/2022,MKE,WI,AGL,CE,Combined TRACON& Tower with Radar,155,66,23,8,252,0,0,0,0,0,155,66,23,8,252,0,0,0,252
04/23/2022,MKE,WI,AGL,CE,Combined TRACON& Tower with Radar,142,47,11,1,201,0,0,8,0,8,142,47,19,1,209,9,0,9,218
04/24/2022,MKE,WI,AGL,CE,Combined TRACON& Tower with Radar,147,44,25,1,217,0,5,4,0,9,147,49,29,1,226,8,0,8,234
04/25/2022,MKE,WI,AGL,CE,Combined TRACON& Tower with Radar,161,55,27,2,245,0,10,11,0,21,161,65,38,2,266,0,0,0,266
04/26/2022,MKE,WI,AGL,CE,Combined TRACON& Tower with Radar,148,70,25,6,249,1,5,4,0,10,149,75,29,6,259,0,0,0,259
04/27/2022,MKE,WI,AGL,CE,Combined TRACON& Tower with Radar,149,76,18,3,246,0,15,18,4,37,149,91,36,7,283,0,0,0,283
04/28/2022,MKE,WI,AGL,CE,Combined TRACON& Tower with Radar,155,79,24,15,273,0,16,13,3,32,155,95,37,18,305,0,0,0,305
04/29/2022,MKE,WI,AGL,CE,Combined TRACON& Tower with Radar,153,71,19,2,245,0,9,10,0,19,153,80,29,2,264,0,0,0,264
04/30/2022,MKE,WI,AGL,CE,Combined TRACON& Tower with Radar,149,50,11,1,211,0,0,0,0,0,149,50,11,1,211,0,0,0,211
05/01/2022,MKE,WI,AGL,CE,Combined TRACON& Tower with Radar,144,33,21,4,202,0,0,4,0,4,144,33,25,4,206,0,0,0,206
05/02/2022,MKE,WI,AGL,CE,Combined TRACON& Tower with Radar,148,65,23,1,237,0,1,8,0,9,148,66,31,1,246,0,0,0,246
05/03/2022,MKE,WI,AGL,CE,Combined TRACON& Tower with Radar,157,68,19,0,244,0,0,0,0,0,157,68,19,0,244,0,0,0,244
05/04/2022,MKE,WI,AGL,CE,Combined TRACON& Tower with Radar,156,81,34,3,274,0,0,3,0,3,156,81,37,3,277,0,0,0,277
05/05/2022,MKE,WI,AGL,CE,Combined TRACON& Tower with Radar,156,82,21,3,262,0,1,7,3,11,156,83,28,6,273,0,0,0,273
05/06/2022,MKE,WI,AGL,CE,Combined TRACON& Tower with Radar,155,96,29,2,282,0,0,5,0,5,155,96,34,2,287,0,0,0,287
05/07/2022,MKE,WI,AGL,CE,Combined TRACON& Tower with Radar,124,58,22,1,205,0,4,20,0,24,124,62,42,1,229,0,0,0,229
05/08/2022,MKE,WI,AGL,CE,Combined TRACON& Tower with Radar,132,50,19,0,201,0,0,5,0,5,132,50,24,0,206,0,0,0,206
05/09/2022,MKE,WI,AGL,CE,Combined TRACON& Tower with Radar,147,69,30,5,251,0,2,4,0,6,147,71,34,5,257,0,0,0,257
05/10/2022,MKE,WI,AGL,CE,Combined TRACON& Tower with Radar,145,88,19,5,257,0,5,10,0,15,145,93,29,5,272,0,0,0,272
05/11/2022,MKE,WI,AGL,CE,Combined TRACON& Tower with Radar,137,99,34,8,278,0,0,0,0,0,137,99,34,8,278,0,0,0,278
05/12/2022,MKE,WI,AGL,CE,Combined TRACON& Tower with Radar,153,93,38,6,290,0,2,15,0,17,153,95,53,6,307,0,0,0,307
05/13/2022,MKE,WI,AGL,CE,Combined TRACON& Tower with Radar,153,86,32,15,286,0,6,12,0,18,153,92,44,15,304,0,0,0,304
05/14/2022,MKE,WI,AGL,CE,Combined TRACON& Tower with Radar,127,50,12,1,190,0,2,13,0,15,127,52,25,1,205,0,0,0,205
05/15/2022,MKE,WI,AGL,CE,Combined TRACON& Tower with Radar,144,35,16,0,195,0,2,16,0,18,144,37,32,0,213,0,0,0,213
05/16/2022,MKE,WI,AGL,CE,Combined TRACON& Tower with Radar,140,64,13,1,218,0,4,12,2,18,140,68,25,3,236,0,0,0,236
05/17/2022,MKE,WI,AGL,CE,Combined TRACON& Tower with Radar,144,87,20,8,259,0,0,15,1,16,144,87,35,9,275,0,0,0,275
05/18/2022,MKE,WI,AGL,CE,Combined TRACON& Tower with Radar,143,68,28,12,251,0,2,3,0,5,143,70,31,12,256,0,0,0,256
05/19/2022,MKE,WI,AGL,CE,Combined TRACON& Tower with Radar,150,64,20,4,238,0,4,7,1,12,150,68,27,5,250,0,0,0,250
05/20/2022,MKE,WI,AGL,CE,Combined TRACON& Tower with Radar,142,69,20,11,242,0,0,0,0,0,142,69,20,11,242,0,0,0,242
05/21/2022,MKE,WI,AGL,CE,Combined TRACON& Tower with Radar,138,49,8,2,197,0,0,6,2,8,138,49,14,4,205,0,0,0,205
05/22/2022,MKE,WI,AGL,CE,Combined TRACON& Tower with Radar,124,31,13,1,169,0,7,17,2,26,124,38,30,3,195,0,0,0,195
05/23/2022,MKE,WI,AGL,CE,Combined TRACON& Tower with Radar,138,44,28,1,211,0,8,17,0,25,138,52,45,1,236,0,0,0,236
05/24/2022,MKE,WI,AGL,CE,Combined TRACON& Tower with Radar,144,70,36,3,253,0,5,9,0,14,144,75,45,3,267,0,0,0,267
05/25/2022,MKE,WI,AGL,CE,Combined TRACON& Tower with Radar,145,70,24,0,239,0,3,0,0,3,145,73,24,0,242,0,0,0,242
05/26/2022,MKE,WI,AGL,CE,Combined TRACON& Tower with Radar,142,82,32,13,269,0,1,2,0,3,142,83,34,13,272,0,0,0,272
05/27/2022,MKE,WI,AGL,CE,Combined TRACON& Tower with Radar,155,63,18,2,238,0,1,8,0,9,155,64,26,2,247,0,0,0,247
05/28/2022,MKE,WI,AGL,CE,Combined TRACON& Tower with Radar,121,43,16,2,182,0,1,14,0,15,121,44,30,2,197,0,0,0,197
05/29/2022,MKE,WI,AGL,CE,Combined TRACON& Tower with Radar,125,40,11,0,176,0,3,0,0,3,125,43,11,0,179,0,0,0,179
05/30/2022,MKE,WI,AGL,CE,Combined TRACON& Tower with Radar,144,38,10,0,192,0,4,1,0,5,144,42,11,0,197,0,0,0,197
05/31/2022,MKE,WI,AGL,CE,Combined TRACON& Tower with Radar,135,63,17,4,219,0,0,0,4,4,135,63,17,8,223,0,0,0,223
06/01/2022,MKE,WI,AGL,CE,Combined TRACON& Tower with Radar,134,70,33,9,246,0,4,19,0,23,134,74,52,9,269,0,0,0,269
06/02/2022,MKE,WI,AGL,CE,Combined TRACON& Tower with Radar,139,79,28,1,247,0,2,21,0,23,139,81,49,1,270,0,0,0,270
06/03/2022,MKE,WI,AGL,CE,Combined TRACON& Tower with Radar,151,69,18,1,239,0,2,15,0,17,151,71,33,1,256,0,0,0,256
06/04/2022,MKE,WI,AGL,CE,Combined TRACON& Tower with Radar,126,37,14,9,186,0,0,8,8,16,126,37,22,17,202,0,0,0,202
06/05/2022,MKE,WI,AGL,CE,Combined TRACON& Tower with Radar,129,32,21,0,182,0,2,10,2,14,129,34,31,2,196,0,0,0,196
06/06/2022,MKE,WI,AGL,CE,Combined TRACON& Tower with Radar,140,61,21,1,223,0,0,0,0,0,140,61,21,1,223,0,0,0,223
06/07/2022,MKE,WI,AGL,CE,Combined TRACON& Tower with Radar,144,75,45,8,272,0,16,12,5,33,144,91,57,13,305,0,0,0,305
06/08/2022,MKE,WI,AGL,CE,Combined TRACON& Tower with Radar,143,72,45,4,264,0,0,2,0,2,143,72,47,4,266,0,0,0,266
06/09/2022,MKE,WI,AGL,CE,Combined TRACON& Tower with Radar,150,81,36,11,278,0,6,19,0,25,150,87,55,11,303,0,0,0,303
06/10/2022,MKE,WI,AGL,CE,Combined TRACON& Tower with Radar,137,77,29,8,251,0,12,9,3,24,137,89,38,11,275,0,0,0,275
06/11/2022,MKE,WI,AGL,CE,Combined TRACON& Tower with Radar,144,36,7,2,189,0,2,1,0,3,144,38,8,2,192,0,0,0,192
06/12/2022,MKE,WI,AGL,CE,Combined TRACON& Tower with Radar,129,33,10,3,175,0,0,9,2,11,129,33,19,5,186,0,0,0,186
06/13/2022,MKE,WI,AGL,CE,Combined TRACON& Tower with Radar,159,62,20,1,242,0,4,5,0,9,159,66,25,1,251,0,0,0,251
06/14/2022,MKE,WI,AGL,CE,Combined TRACON& Tower with Radar,146,62,29,10,247,0,12,8,0,20,146,74,37,10,267,0,0,0,267
06/15/2022,MKE,WI,AGL,CE,Combined TRACON& Tower with Radar,135,73,27,5,240,0,8,8,0,16,135,81,35,5,256,0,0,0,256
06/16/2022,MKE,WI,AGL,CE,Combined TRACON& Tower with Radar,150,77,25,13,265,0,4,1,1,6,150,81,26,14,271,0,0,0,271
06/17/2022,MKE,WI,AGL,CE,Combined TRACON& Tower with Radar,142,75,30,1,248,0,10,24,0,34,142,85,54,1,282,0,0,0,282
06/18/2022,MKE,WI,AGL,CE,Combined TRACON& Tower with Radar,148,44,15,2,209,0,8,23,1,32,148,52,38,3,241,0,0,0,241
06/19/2022,MKE,WI,AGL,CE,Combined TRACON& Tower with Radar,130,30,15,2,177,0,3,7,0,10,130,33,22,2,187,0,0,0,187
06/20/2022,MKE,WI,AGL,CE,Combined TRACON& Tower with Radar,134,61,27,0,222,0,2,4,0,6,134,63,31,0,228,0,0,0,228
06/21/2022,MKE,WI,AGL,CE,Combined TRACON& Tower with Radar,149,77,28,6,260,0,4,4,0,8,149,81,32,6,268,0,0,0,268
06/22/2022,MKE,WI,AGL,CE,Combined TRACON& Tower with Radar,129,75,16,4,224,0,13,12,1,26,129,88,28,5,250,0,0,0,250
06/23/2022,MKE,WI,AGL,CE,Combined TRACON& Tower with Radar,146,91,24,5,266,0,7,15,0,22,146,98,39,5,288,0,0,0,288
06/24/2022,MKE,WI,AGL,CE,Combined TRACON& Tower with Radar,149,79,27,4,259,0,9,15,0,24,149,88,42,4,283,0,0,0,283
06/25/2022,MKE,WI,AGL,CE,Combined TRACON& Tower with Radar,144,50,20,2,216,0,5,1,0,6,144,55,21,2,222,0,0,0,222
06/26/2022,MKE,WI,AGL,CE,Combined TRACON& Tower with Radar,142,41,23,6,212,0,0,12,0,12,142,41,35,6,224,0,0,0,224
06/27/2022,MKE,WI,AGL,CE,Combined TRACON& Tower with Radar,141,52,27,3,223,0,5,12,0,17,141,57,39,3,240,0,0,0,240
06/28/2022,MKE,WI,AGL,CE,Combined TRACON& Tower with Radar,143,75,19,10,247,0,7,20,0,27,143,82,39,10,274,0,0,0,274
06/29/2022,MKE,WI,AGL,CE,Combined TRACON& Tower with Radar,139,76,21,2,238,0,3,11,4,18,139,79,32,6,256,0,0,0,256
06/30/2022,MKE,WI,AGL,CE,Combined TRACON& Tower with Radar,145,88,29,2,264,0,4,16,0,20,145,92,45,2,284,0,0,0,284
07/01/2022,MKE,WI,AGL,CE,Combined TRACON& Tower with Radar,149,70,18,2,239,0,5,18,2,25,149,75,36,4,264,0,0,0,264
07/02/2022,MKE,WI,AGL,CE,Combined TRACON& Tower with Radar,143,38,19,1,201,0,6,23,0,29,143,44,42,1,230,0,0,0,230
07/03/2022,MKE,WI,AGL,CE,Combined TRACON& Tower with Radar,131,32,1,1,165,0,1,13,0,14,131,33,14,1,179,0,0,0,179
07/04/2022,MKE,WI,AGL,CE,Combined TRACON& Tower with Radar,122,31,8,4,165,0,6,5,1,12,122,37,13,5,177,0,0,0,177
07/05/2022,MKE,WI,AGL,CE,Combined TRACON& Tower with Radar,135,52,17,7,211,0,0,5,0,5,135,52,22,7,216,0,0,0,216
07/06/2022,MKE,WI,AGL,CE,Combined TRACON& Tower with Radar,141,65,30,9,245,0,1,7,2,10,141,66,37,11,255,0,0,0,255
07/07/2022,MKE,WI,AGL,CE,Combined TRACON& Tower with Radar,146,75,21,9,251,0,4,8,0,12,146,79,29,9,263,0,0,0,263
07/08/2022,MKE,WI,AGL,CE,Combined TRACON& Tower with Radar,140,73,27,6,246,0,4,5,0,9,140,77,32,6,255,0,0,0,255
07/09/2022,MKE,WI,AGL,CE,Combined TRACON& Tower with Radar,140,42,15,7,204,0,10,10,5,25,140,52,25,12,229,0,0,0,229
07/10/2022,MKE,WI,AGL,CE,Combined TRACON& Tower with Radar,140,37,21,0,198,0,6,11,0,17,140,43,32,0,215,0,0,0,215
07/11/2022,MKE,WI,AGL,CE,Combined TRACON& Tower with Radar,154,51,26,0,231,0,6,20,0,26,154,57,46,0,257,0,0,0,257
07/12/2022,MKE,WI,AGL,CE,Combined TRACON& Tower with Radar,142,62,24,6,234,0,11,19,0,30,142,73,43,6,264,0,0,0,264
07/13/2022,MKE,WI,AGL,CE,Combined TRACON& Tower with Radar,143,82,15,8,248,0,10,14,0,24,143,92,29,8,272,0,0,0,272
07/14/2022,MKE,WI,AGL,CE,Combined TRACON& Tower with Radar,145,98,30,9,282,0,11,23,0,34,145,109,53,9,316,0,0,0,316
07/15/2022,MKE,WI,AGL,CE,Combined TRACON& Tower with Radar,149,68,12,1,230,0,0,5,0,5,149,68,17,1,235,0,0,0,235
07/16/2022,MKE,WI,AGL,CE,Combined TRACON& Tower with Radar,141,42,24,2,209,0,0,0,0,0,141,42,24,2,209,0,0,0,209
07/17/2022,MKE,WI,AGL,CE,Combined TRACON& Tower with Radar,141,46,28,0,215,0,0,14,0,14,141,46,42,0,229,0,0,0,229
07/18/2022,MKE,WI,AGL,CE,Combined TRACON& Tower with Radar,132,57,18,0,207,0,5,17,0,22,132,62,35,0,229,0,0,0,229
07/19/2022,MKE,WI,AGL,CE,Combined TRACON& Tower with Radar,146,66,16,3,231,0,8,8,0,16,146,74,24,3,247,0,0,0,247
07/20/2022,MKE,WI,AGL,CE,Combined TRACON& Tower with Radar,136,75,19,15,245,0,4,5,6,15,136,79,24,21,260,0,0,0,260
07/21/2022,MKE,WI,AGL,CE,Combined TRACON& Tower with Radar,152,81,37,8,278,0,2,20,14,36,152,83,57,22,314,0,0,0,314
07/22/2022,MKE,WI,AGL,CE,Combined TRACON& Tower with Radar,143,66,32,8,249,0,3,32,17,52,143,69,64,25,301,0,0,0,301
07/23/2022,MKE,WI,AGL,CE,Combined TRACON& Tower with Radar,135,59,15,5,214,0,12,26,17,55,135,71,41,22,269,0,0,0,269
07/24/2022,MKE,WI,AGL,CE,Combined TRACON& Tower with Radar,135,39,28,5,207,0,6,24,15,45,135,45,52,20,252,0,0,0,252
07/25/2022,MKE,WI,AGL,CE,Combined TRACON& Tower with Radar,127,64,44,2,237,0,4,6,0,10,127,68,50,2,247,0,0,0,247
07/26/2022,MKE,WI,AGL,CE,Combined TRACON& Tower with Radar,142,83,41,2,268,0,9,14,1,24,142,92,55,3,292,0,0,0,292
07/27/2022,MKE,WI,AGL,CE,Combined TRACON& Tower with Radar,158,83,49,16,306,0,6,16,0,22,158,89,65,16,328,0,0,0,328
07/28/2022,MKE,WI,AGL,CE,Combined TRACON& Tower with Radar,140,80,24,17,261,0,12,26,5,43,140,92,50,22,304,0,0,0,304
07/29/2022,MKE,WI,AGL,CE,Combined TRACON& Tower with Radar,141,88,20,3,252,0,7,15,0,22,141,95,35,3,274,0,0,0,274
07/30/2022,MKE,WI,AGL,CE,Combined TRACON& Tower with Radar,136,44,13,3,196,0,6,21,1,28,136,50,34,4,224,0,0,0,224
07/31/2022,MKE,WI,AGL,CE,Combined TRACON& Tower with Radar,139,42,27,1,209,0,0,13,0,13,139,42,40,1,222,0,0,0,222
08/01/2022,MKE,WI,AGL,CE,Combined TRACON& Tower with Radar,139,60,23,5,227,0,12,14,0,26,139,72,37,5,253,0,0,0,253
08/02/2022,MKE,WI,AGL,CE,Combined TRACON& Tower with Radar,146,81,22,7,256,0,9,8,0,17,146,90,30,7,273,0,0,0,273
08/03/2022,MKE,WI,AGL,CE,Combined TRACON& Tower with Radar,139,82,24,4,249,0,3,9,0,12,139,85,33,4,261,0,0,0,261
08/04/2022,MKE,WI,AGL,CE,Combined TRACON& Tower with Radar,139,78,49,14,280,0,8,11,0,19,139,86,60,14,299,0,0,0,299
08/05/2022,MKE,WI,AGL,CE,Combined TRACON& Tower with Radar,123,73,35,15,246,0,5,11,1,17,123,78,46,16,263,0,0,0,263
08/06/2022,MKE,WI,AGL,CE,Combined TRACON& Tower with Radar,140,54,18,7,219,0,1,9,0,10,140,55,27,7,229,0,0,0,229
08/07/2022,MKE,WI,AGL,CE,Combined TRACON& Tower with Radar,134,39,30,10,213,0,1,1,0,2,134,40,31,10,215,0,0,0,215
08/08/2022,MKE,WI,AGL,CE,Combined TRACON& Tower with Radar,138,74,26,12,250,0,0,1,0,1,138,74,27,12,251,0,0,0,251
08/09/2022,MKE,WI,AGL,CE,Combined TRACON& Tower with Radar,135,89,36,13,273,0,6,18,1,25,135,95,54,14,298,0,0,0,298
08/10/2022,MKE,WI,AGL,CE,Combined TRACON& Tower with Radar,146,77,30,14,267,0,6,25,0,31,146,83,55,14,298,0,0,0,298
08/11/2022,MKE,WI,AGL,CE,Combined TRACON& Tower with Radar,147,82,17,19,265,0,6,17,0,23,147,88,34,19,288,0,0,0,288
08/12/2022,MKE,WI,AGL,CE,Combined TRACON& Tower with Radar,143,76,18,16,253,0,2,15,1,18,143,78,33,17,271,0,0,0,271
08/13/2022,MKE,WI,AGL,CE,Combined TRACON& Tower with Radar,143,41,10,4,198,0,2,5,0,7,143,43,15,4,205,0,0,0,205
08/14/2022,MKE,WI,AGL,CE,Combined TRACON& Tower with Radar,137,35,20,12,204,0,2,1,0,3,137,37,21,12,207,0,0,0,207
08/15/2022,MKE,WI,AGL,CE,Combined TRACON& Tower with Radar,135,61,23,18,237,0,1,21,0,22,135,62,44,18,259,0,0,0,259
08/16/2022,MKE,WI,AGL,CE,Combined TRACON& Tower with Radar,146,77,16,10,249,0,11,20,0,31,146,88,36,10,280,0,0,0,280
08/17/2022,MKE,WI,AGL,CE,Combined TRACON& Tower with Radar,142,72,33,15,262,0,6,9,5,20,142,78,42,20,282,0,0,0,282
08/18/2022,MKE,WI,AGL,CE,Combined TRACON& Tower with Radar,143,73,22,12,250,0,2,14,2,18,143,75,36,14,268,0,0,0,268
08/19/2022,MKE,WI,AGL,CE,Combined TRACON& Tower with Radar,144,78,29,6,257,0,2,6,0,8,144,80,35,6,265,0,0,0,265
08/20/2022,MKE,WI,AGL,CE,Combined TRACON& Tower with Radar,138,48,10,2,198,0,0,3,0,3,138,48,13,2,201,0,0,0,201
08/21/2022,MKE,WI,AGL,CE,Combined TRACON& Tower with Radar,127,43,20,8,198,0,2,5,0,7,127,45,25,8,205,0,0,0,205
08/22/2022,MKE,WI,AGL,CE,Combined TRACON& Tower with Radar,123,67,18,7,215,0,1,15,2,18,123,68,33,9,233,0,0,0,233
08/23/2022,MKE,WI,AGL,CE,Combined TRACON& Tower with Radar,141,68,16,2,227,0,6,9,0,15,141,74,25,2,242,0,0,0,242
08/24/2022,MKE,WI,AGL,CE,Combined TRACON& Tower with Radar,142,79,20,5,246,0,5,12,10,27,142,84,32,15,273,0,0,0,273
08/25/2022,MKE,WI,AGL,CE,Combined TRACON& Tower with Radar,157,89,37,3,286,0,0,3,0,3,157,89,40,3,289,0,0,0,289
08/26/2022,MKE,WI,AGL,CE,Combined TRACON& Tower with Radar,143,65,22,9,239,0,6,6,1,13,143,71,28,10,252,0,0,0,252
08/27/2022,MKE,WI,AGL,CE,Combined TRACON& Tower with Radar,139,48,15,1,203,0,3,5,0,8,139,51,20,1,211,0,0,0,211
08/28/2022,MKE,WI,AGL,CE,Combined TRACON& Tower with Radar,138,47,23,4,212,0,0,4,0,4,138,47,27,4,216,0,0,0,216
08/29/2022,MKE,WI,AGL,CE,Combined TRACON& Tower with Radar,140,59,23,1,223,0,0,8,0,8,140,59,31,1,231,0,0,0,231
08/30/2022,MKE,WI,AGL,CE,Combined TRACON& Tower with Radar,139,67,34,6,246,0,1,32,0,33,139,68,66,6,279,0,0,0,279
08/31/2022,MKE,WI,AGL,CE,Combined TRACON& Tower with Radar,148,66,38,21,273,0,0,14,2,16,148,66,52,23,289,0,0,0,289
09/01/2022,MKE,WI,AGL,CE,Combined TRACON& Tower with Radar,147,72,20,15,254,0,4,17,1,22,147,76,37,16,276,0,0,0,276
09/02/2022,MKE,WI,AGL,CE,Combined TRACON& Tower with Radar,137,91,24,4,256,0,4,8,2,14,137,95,32,6,270,0,0,0,270
09/03/2022,MKE,WI,AGL,CE,Combined TRACON& Tower with Radar,130,39,8,0,177,0,4,3,0,7,130,43,11,0,184,0,0,0,184
09/04/2022,MKE,WI,AGL,CE,Combined TRACON& Tower with Radar,115,34,4,3,156,0,0,0,0,0,115,34,4,3,156,0,0,0,156
09/05/2022,MKE,WI,AGL,CE,Combined TRACON& Tower with Radar,132,40,7,4,183,0,2,8,8,18,132,42,15,12,201,0,0,0,201
09/06/2022,MKE,WI,AGL,CE,Combined TRACON& Tower with Radar,135,68,18,15,236,0,2,5,1,8,135,70,23,16,244,0,0,0,244
09/07/2022,MKE,WI,AGL,CE,Combined TRACON& Tower with Radar,144,76,23,8,251,0,6,21,7,34,144,82,44,15,285,0,0,0,285
09/08/2022,MKE,WI,AGL,CE,Combined TRACON& Tower with Radar,149,77,31,2,259,0,6,12,0,18,149,83,43,2,277,0,0,0,277
09/09/2022,MKE,WI,AGL,CE,Combined TRACON& Tower with Radar,146,80,20,28,274,0,2,12,1,15,146,82,32,29,289,0,0,0,289
09/10/2022,MKE,WI,AGL,CE,Combined TRACON& Tower with Radar,135,50,15,3,203,0,0,13,0,13,135,50,28,3,216,0,0,0,216
09/11/2022,MKE,WI,AGL,CE,Combined TRACON& Tower with Radar,138,39,14,0,191,0,0,0,0,0,138,39,14,0,191,0,0,0,191
09/12/2022,MKE,WI,AGL,CE,Combined TRACON& Tower with Radar,145,68,15,7,235,0,7,3,0,10,145,75,18,7,245,0,0,0,245
09/13/2022,MKE,WI,AGL,CE,Combined TRACON& Tower with Radar,150,79,17,6,252,0,5,9,5,19,150,84,26,11,271,0,0,0,271
09/14/2022,MKE,WI,AGL,CE,Combined TRACON& Tower with Radar,145,85,16,9,255,0,18,0,0,18,145,103,16,9,273,0,0,0,273
09/15/2022,MKE,WI,AGL,CE,Combined TRACON& Tower with Radar,155,81,25,13,274,0,3,17,2,22,155,84,42,15,296,0,0,0,296
09/16/2022,MKE,WI,AGL,CE,Combined TRACON& Tower with Radar,142,76,29,1,248,0,2,6,0,8,142,78,35,1,256,0,0,0,256
09/17/2022,MKE,WI,AGL,CE,Combined TRACON& Tower with Radar,125,47,15,2,189,0,4,19,0,23,125,51,34,2,212,0,0,0,212
09/18/2022,MKE,WI,AGL,CE,Combined TRACON& Tower with Radar,139,48,21,0,208,0,2,0,0,2,139,50,21,0,210,0,0,0,210
09/19/2022,MKE,WI,AGL,CE,Combined TRACON& Tower with Radar,134,48,25,1,208,0,9,18,0,27,134,57,43,1,235,0,0,0,235
09/20/2022,MKE,WI,AGL,CE,Combined TRACON& Tower with Radar,163,82,26,2,273,0,1,5,0,6,163,83,31,2,279,0,0,0,279
09/21/2022,MKE,WI,AGL,CE,Combined TRACON& Tower with Radar,144,72,39,3,258,0,4,11,1,16,144,76,50,4,274,0,0,0,274
09/22/2022,MKE,WI,AGL,CE,Combined TRACON& Tower with Radar,142,72,29,7,250,0,3,7,10,20,142,75,36,17,270,0,0,0,270
09/23/2022,MKE,WI,AGL,CE,Combined TRACON& Tower with Radar,140,72,19,4,235,0,4,13,0,17,140,76,32,4,252,0,0,0,252
09/24/2022,MKE,WI,AGL,CE,Combined TRACON& Tower with Radar,125,60,14,2,201,0,0,3,0,3,125,60,17,2,204,0,0,0,204
09/25/2022,MKE,WI,AGL,CE,Combined TRACON& Tower with Radar,134,58,29,2,223,0,0,0,0,0,134,58,29,2,223,0,0,0,223
09/26/2022,MKE,WI,AGL,CE,Combined TRACON& Tower with Radar,151,56,23,0,230,0,1,6,0,7,151,57,29,0,237,0,0,0,237
09/27/2022,MKE,WI,AGL,CE,Combined TRACON& Tower with Radar,144,79,32,3,258,0,6,7,2,15,144,85,39,5,273,0,0,0,273
09/28/2022,MKE,WI,AGL,CE,Combined TRACON& Tower with Radar,139,68,35,3,245,0,10,12,0,22,139,78,47,3,267,0,0,0,267
09/29/2022,MKE,WI,AGL,CE,Combined TRACON& Tower with Radar,143,71,20,5,239,0,5,15,2,22,143,76,35,7,261,0,0,0,261
09/30/2022,MKE,WI,AGL,CE,Combined TRACON& Tower with Radar,144,71,29,1,245,0,7,9,0,16,144,78,38,1,261,0,0,0,261
10/01/2022,MKE,WI,AGL,CE,Combined TRACON& Tower with Radar,134,44,14,1,193,0,2,14,0,16,134,46,28,1,209,0,0,0,209
10/02/2022,MKE,WI,AGL,CE,Combined TRACON& Tower with Radar,141,49,15,3,208,0,2,3,2,7,141,51,18,5,215,0,0,0,215
10/03/2022,MKE,WI,AGL,CE,Combined TRACON& Tower with Radar,143,56,25,3,227,0,10,19,0,29,143,66,44,3,256,0,0,0,256
10/04/2022,MKE,WI,AGL,CE,Combined TRACON& Tower with Radar,146,67,23,4,240,0,7,11,3,21,146,74,34,7,261,0,0,0,261
10/05/2022,MKE,WI,AGL,CE,Combined TRACON& Tower with Radar,148,84,19,14,265,0,4,8,14,26,148,88,27,28,291,0,0,0,291
10/06/2022,MKE,WI,AGL,CE,Combined TRACON& Tower with Radar,152,90,29,4,275,0,3,18,0,21,152,93,47,4,296,0,0,0,296
10/07/2022,MKE,WI,AGL,CE,Combined TRACON& Tower with Radar,149,72,25,0,246,0,9,18,0,27,149,81,43,0,273,0,0,0,273
10/08/2022,MKE,WI,AGL,CE,Combined TRACON& Tower with Radar,136,51,14,0,201,0,6,18,0,24,136,57,32,0,225,0,0,0,225
10/09/2022,MKE,WI,AGL,CE,Combined TRACON& Tower with Radar,137,46,22,0,205,0,2,13,0,15,137,48,35,0,220,0,0,0,220
10/10/2022,MKE,WI,AGL,CE,Combined TRACON& Tower with Radar,144,41,19,0,204,0,2,17,0,19,144,43,36,0,223,0,0,0,223
10/11/2022,MKE,WI,AGL,CE,Combined TRACON& Tower with Radar,152,76,26,8,262,0,0,20,0,20,152,76,46,8,282,0,0,0,282
10/12/2022,MKE,WI,AGL,CE,Combined TRACON& Tower with Radar,139,68,23,6,236,0,2,0,0,2,139,70,23,6,238,0,0,0,238
10/13/2022,MKE,WI,AGL,CE,Combined TRACON& Tower with Radar,156,69,18,13,256,0,3,6,7,16,156,72,24,20,272,0,0,0,272
10/14/2022,MKE,WI,AGL,CE,Combined TRACON& Tower with Radar,148,70,16,5,239,0,0,8,3,11,148,70,24,8,250,0,0,0,250
10/15/2022,MKE,WI,AGL,CE,Combined TRACON& Tower with Radar,131,42,11,3,187,0,0,8,0,8,131,42,19,3,195,0,0,0,195
10/16/2022,MKE,WI,AGL,CE,Combined TRACON& Tower with Radar,136,32,12,1,181,0,0,2,0,2,136,32,14,1,183,0,0,0,183
10/17/2022,MKE,WI,AGL,CE,Combined TRACON& Tower with Radar,143,43,19,1,206,0,0,1,0,1,143,43,20,1,207,0,0,0,207
10/18/2022,MKE,WI,AGL,CE,Combined TRACON& Tower with Radar,143,75,24,1,243,0,1,7,0,8,143,76,31,1,251,0,0,0,251
10/19/2022,MKE,WI,AGL,CE,Combined TRACON& Tower with Radar,147,78,27,18,270,0,5,9,6,20,147,83,36,24,290,0,0,0,290
10/20/2022,MKE,WI,AGL,CE,Combined TRACON& Tower with Radar,150,66,27,8,251,0,0,30,2,32,150,66,57,10,283,0,0,0,283
10/21/2022,MKE,WI,AGL,CE,Combined TRACON& Tower with Radar,149,77,22,8,256,0,2,10,4,16,149,79,32,12,272,0,0,0,272
10/22/2022,MKE,WI,AGL,CE,Combined TRACON& Tower with Radar,132,42,9,7,190,0,2,16,1,19,132,44,25,8,209,0,0,0,209
10/23/2022,MKE,WI,AGL,CE,Combined TRACON& Tower with Radar,132,40,17,2,191,0,2,8,0,10,132,42,25,2,201,0,0,0,201
10/24/2022,MKE,WI,AGL,CE,Combined TRACON& Tower with Radar,141,54,15,2,212,0,7,3,0,10,141,61,18,2,222,0,0,0,222
10/25/2022,MKE,WI,AGL,CE,Combined TRACON& Tower with Radar,138,71,27,3,239,0,0,0,0,0,138,71,27,3,239,0,0,0,239
10/26/2022,MKE,WI,AGL,CE,Combined TRACON& Tower with Radar,146,70,31,19,266,0,1,33,14,48,146,71,64,33,314,0,0,0,314
10/27/2022,MKE,WI,AGL,CE,Combined TRACON& Tower with Radar,152,70,28,13,263,0,4,11,12,27,152,74,39,25,290,0,0,0,290
10/28/2022,MKE,WI,AGL,CE,Combined TRACON& Tower with Radar,147,73,29,6,255,0,0,18,6,24,147,73,47,12,279,0,0,0,279
10/29/2022,MKE,WI,AGL,CE,Combined TRACON& Tower with Radar,127,46,11,3,187,0,1,4,0,5,127,47,15,3,192,0,0,0,192
10/30/2022,MKE,WI,AGL,CE,Combined TRACON& Tower with Radar,129,43,18,1,191,0,0,9,0,9,129,43,27,1,200,0,0,0,200
10/31/2022,MKE,WI,AGL,CE,Combined TRACON& Tower with Radar,130,53,16,0,199,0,5,0,0,5,130,58,16,0,204,0,0,0,204
11/01/2022,MKE,WI,AGL,CE,Combined TRACON& Tower with Radar,143,70,22,4,239,0,4,9,0,13,143,74,31,4,252,0,0,0,252
11/02/2022,MKE,WI,AGL,CE,Combined TRACON& Tower with Radar,146,93,21,16,276,0,0,30,5,35,146,93,51,21,311,0,0,0,311
11/03/2022,MKE,WI,AGL,CE,Combined TRACON& Tower with Radar,155,88,21,2,266,0,5,8,2,15,155,93,29,4,281,0,0,0,281
11/04/2022,MKE,WI,AGL,CE,Combined TRACON& Tower with Radar,145,77,16,5,243,0,0,0,0,0,145,77,16,5,243,0,0,0,243
11/05/2022,MKE,WI,AGL,CE,Combined TRACON& Tower with Radar,150,46,13,1,210,0,0,0,0,0,150,46,13,1,210,0,0,0,210
11/06/2022,MKE,WI,AGL,CE,Combined TRACON& Tower with Radar,141,44,15,2,202,0,0,3,0,3,141,44,18,2,205,0,0,0,205
11/07/2022,MKE,WI,AGL,CE,Combined TRACON& Tower with Radar,140,61,19,1,221,0,9,11,3,23,140,70,30,4,244,0,0,0,244
11/08/2022,MKE,WI,AGL,CE,Combined TRACON& Tower with Radar,155,80,24,4,263,0,4,16,0,20,155,84,40,4,283,0,0,0,283
11/09/2022,MKE,WI,AGL,CE,Combined TRACON& Tower with Radar,145,81,20,9,255,0,4,4,2,10,145,85,24,11,265,0,0,0,265
11/10/2022,MKE,WI,AGL,CE,Combined TRACON& Tower with Radar,146,71,12,0,229,0,3,3,0,6,146,74,15,0,235,0,0,0,235
11/11/2022,MKE,WI,AGL,CE,Combined TRACON& Tower with Radar,151,59,22,0,232,0,2,3,0,5,151,61,25,0,237,0,0,0,237
11/12/2022,MKE,WI,AGL,CE,Combined TRACON& Tower with Radar,142,50,11,4,207,0,3,7,12,22,142,53,18,16,229,0,0,0,229
11/13/2022,MKE,WI,AGL,CE,Combined TRACON& Tower with Radar,143,32,20,1,196,0,6,12,1,19,143,38,32,2,215,0,0,0,215
11/14/2022,MKE,WI,AGL,CE,Combined TRACON& Tower with Radar,150,44,38,2,234,0,10,20,0,30,150,54,58,2,264,0,0,0,264
11/15/2022,MKE,WI,AGL,CE,Combined TRACON& Tower with Radar,154,84,16,13,267,0,2,0,0,2,154,86,16,13,269,0,0,0,269
11/16/2022,MKE,WI,AGL,CE,Combined TRACON& Tower with Radar,155,84,31,10,280,0,0,1,0,1,155,84,32,10,281,0,0,0,281
11/17/2022,MKE,WI,AGL,CE,Combined TRACON& Tower with Radar,165,77,18,6,266,0,0,0,0,0,165,77,18,6,266,0,0,0,266
11/18/2022,MKE,WI,AGL,CE,Combined TRACON& Tower with Radar,153,78,22,0,253,0,5,2,0,7,153,83,24,0,260,0,0,0,260
11/19/2022,MKE,WI,AGL,CE,Combined TRACON& Tower with Radar,143,57,6,3,209,0,1,0,0,1,143,58,6,3,210,0,0,0,210
11/20/2022,MKE,WI,AGL,CE,Combined TRACON& Tower with Radar,147,27,11,1,186,0,8,10,0,18,147,35,21,1,204,0,0,0,204
11/21/2022,MKE,WI,AGL,CE,Combined TRACON& Tower with Radar,143,43,16,0,202,0,14,11,0,25,143,57,27,0,227,0,0,0,227
11/22/2022,MKE,WI,AGL,CE,Combined TRACON& Tower with Radar,156,89,21,6,272,0,6,26,0,32,156,95,47,6,304,0,0,0,304
11/23/2022,MKE,WI,AGL,CE,Combined TRACON& Tower with Radar,160,69,22,6,257,0,7,10,0,17,160,76,32,6,274,0,0,0,274
11/24/2022,MKE,WI,AGL,CE,Combined TRACON& Tower with Radar,105,18,5,0,128,0,3,3,0,6,105,21,8,0,134,0,0,0,134
11/25/2022,MKE,WI,AGL,CE,Combined TRACON& Tower with Radar,126,71,8,0,205,0,0,2,1,3,126,71,10,1,208,0,0,0,208
11/26/2022,MKE,WI,AGL,CE,Combined TRACON& Tower with Radar,139,53,19,0,211,0,2,4,0,6,139,55,23,0,217,0,0,0,217
11/27/2022,MKE,WI,AGL,CE,Combined TRACON& Tower with Radar,146,51,22,2,221,0,0,0,0,0,146,51,22,2,221,0,0,0,221
11/28/2022,MKE,WI,AGL,CE,Combined TRACON& Tower with Radar,156,54,22,1,233,2,0,8,0,10,158,54,30,1,243,0,0,0,243
11/29/2022,MKE,WI,AGL,CE,Combined TRACON& Tower with Radar,163,75,24,6,268,0,0,0,0,0,163,75,24,6,268,0,0,0,268
11/30/2022,MKE,WI,AGL,CE,Combined TRACON& Tower with Radar,148,74,23,13,258,0,0,0,0,0,148,74,23,13,258,0,0,0,258
12/01/2022,MKE,WI,AGL,CE,Combined TRACON& Tower with Radar,153,77,17,15,262,0,8,9,0,17,153,85,26,15,279,0,0,0,279
12/02/2022,MKE,WI,AGL,CE,Combined TRACON& Tower with Radar,146,71,14,6,237,0,10,5,0,15,146,81,19,6,252,0,0,0,252
12/03/2022,MKE,WI,AGL,CE,Combined TRACON& Tower with Radar,136,37,6,2,181,0,3,5,9,17,136,40,11,11,198,0,0,0,198
12/04/2022,MKE,WI,AGL,CE,Combined TRACON& Tower with Radar,139,36,6,6,187,0,2,9,0,11,139,38,15,6,198,0,0,0,198
12/05/2022,MKE,WI,AGL,CE,Combined TRACON& Tower with Radar,143,53,30,0,226,0,12,3,0,15,143,65,33,0,241,0,0,0,241
12/06/2022,MKE,WI,AGL,CE,Combined TRACON& Tower with Radar,154,64,16,17,251,0,0,3,0,3,154,64,19,17,254,0,0,0,254
12/07/2022,MKE,WI,AGL,CE,Combined TRACON& Tower with Radar,150,79,25,10,264,0,0,0,0,0,150,79,25,10,264,0,0,0,264
12/08/2022,MKE,WI,AGL,CE,Combined TRACON& Tower with Radar,149,85,26,16,276,0,11,1,0,12,149,96,27,16,288,0,0,0,288
12/09/2022,MKE,WI,AGL,CE,Combined TRACON& Tower with Radar,148,69,15,0,232,0,0,0,0,0,148,69,15,0,232,0,0,0,232
12/10/2022,MKE,WI,AGL,CE,Combined TRACON& Tower with Radar,130,51,17,0,198,0,0,1,0,1,130,51,18,0,199,0,0,0,199
12/11/2022,MKE,WI,AGL,CE,Combined TRACON& Tower with Radar,136,37,13,0,186,0,0,0,0,0,136,37,13,0,186,0,0,0,186
12/12/2022,MKE,WI,AGL,CE,Combined TRACON& Tower with Radar,141,45,9,0,195,0,0,6,0,6,141,45,15,0,201,0,0,0,201
12/13/2022,MKE,WI,AGL,CE,Combined TRACON& Tower with Radar,145,81,18,9,253,0,2,0,0,2,145,83,18,9,255,0,0,0,255
12/14/2022,MKE,WI,AGL,CE,Combined TRACON& Tower with Radar,149,56,7,2,214,0,0,0,0,0,149,56,7,2,214,0,0,0,214
12/15/2022,MKE,WI,AGL,CE,Combined TRACON& Tower with Radar,149,62,16,0,227,0,0,0,0,0,149,62,16,0,227,0,0,0,227
12/16/2022,MKE,WI,AGL,CE,Combined TRACON& Tower with Radar,146,70,14,8,238,0,0,0,0,0,146,70,14,8,238,0,0,0,238
12/17/2022,MKE,WI,AGL,CE,Combined TRACON& Tower with Radar,143,55,14,0,212,0,0,4,0,4,143,55,18,0,216,0,0,0,216
12/18/2022,MKE,WI,AGL,CE,Combined TRACON& Tower with Radar,134,37,13,0,184,0,0,3,0,3,134,37,16,0,187,0,0,0,187
12/19/2022,MKE,WI,AGL,CE,Combined TRACON& Tower with Radar,129,56,27,2,214,0,1,11,0,12,129,57,38,2,226,0,0,0,226
12/20/2022,MKE,WI,AGL,CE,Combined TRACON& Tower with Radar,141,92,20,4,257,0,4,12,0,16,141,96,32,4,273,0,0,0,273
12/21/2022,MKE,WI,AGL,CE,Combined TRACON& Tower with Radar,145,92,28,9,274,0,4,2,0,6,145,96,30,9,280,0,0,0,280
12/22/2022,MKE,WI,AGL,CE,Combined TRACON& Tower with Radar,120,71,5,0,196,0,0,0,0,0,120,71,5,0,196,0,0,0,196
12/23/2022,MKE,WI,AGL,CE,Combined TRACON& Tower with Radar,84,29,2,0,115,0,0,0,0,0,84,29,2,0,115,0,0,0,115
12/24/2022,MKE,WI,AGL,CE,Combined TRACON& Tower with Radar,97,29,3,0,129,0,0,0,0,0,97,29,3,0,129,0,0,0,129
12/25/2022,MKE,WI,AGL,CE,Combined TRACON& Tower with Radar,97,19,3,4,123,0,0,1,0,1,97,19,4,4,124,0,0,0,124
12/26/2022,MKE,WI,AGL,CE,Combined TRACON& Tower with Radar,105,40,11,0,156,0,8,6,0,14,105,48,17,0,170,0,0,0,170
12/27/2022,MKE,WI,AGL,CE,Combined TRACON& Tower with Radar,111,83,7,2,203,0,3,7,0,10,111,86,14,2,213,0,0,0,213
12/28/2022,MKE,WI,AGL,CE,Combined TRACON& Tower with Radar,122,78,12,0,212,0,3,13,0,16,122,81,25,0,228,0,0,0,228
12/29/2022,MKE,WI,AGL,CE,Combined TRACON& Tower with Radar,117,74,13,4,208,0,2,3,0,5,117,76,16,4,213,0,0,0,213
12/30/2022,MKE,WI,AGL,CE,Combined TRACON& Tower with Radar,150,72,9,0,231,0,2,1,0,3,150,74,10,0,234,0,0,0,234
12/31/2022,MKE,WI,AGL,CE,Combined TRACON& Tower with Radar,139,44,5,0,188,0,0,9,0,9,139,44,14,0,197,0,0,0,197
01/01/2023,MKE,WI,AGL,CE,Combined TRACON& Tower with Radar,132,21,6,0,159,0,1,3,0,4,132,22,9,0,163,0,0,0,163
01/02/2023,MKE,WI,AGL,CE,Combined TRACON& Tower with Radar,128,54,19,0,201,0,2,3,0,5,128,56,22,0,206,0,0,0,206
01/03/2023,MKE,WI,AGL,CE,Combined TRACON& Tower with Radar,140,65,11,0,216,0,0,0,0,0,140,65,11,0,216,0,0,0,216
01/04/2023,MKE,WI,AGL,CE,Combined TRACON& Tower with Radar,141,64,17,15,237,0,2,18,0,20,141,66,35,15,257,0,0,0,257
01/05/2023,MKE,WI,AGL,CE,Combined TRACON& Tower with Radar,139,66,17,4,226,0,0,19,0,19,139,66,36,4,245,0,0,0,245
01/06/2023,MKE,WI,AGL,CE,Combined TRACON& Tower with Radar,137,59,22,2,220,0,0,4,0,4,137,59,26,2,224,0,0,0,224
01/07/2023,MKE,WI,AGL,CE,Combined TRACON& Tower with Radar,138,43,5,6,192,0,0,0,0,0,138,43,5,6,192,0,0,0,192
01/08/2023,MKE,WI,AGL,CE,Combined TRACON& Tower with Radar,143,22,9,4,178,0,0,0,0,0,143,22,9,4,178,0,0,0,178
01/09/2023,MKE,WI,AGL,CE,Combined TRACON& Tower with Radar,138,40,20,3,201,0,2,19,0,21,138,42,39,3,222,0,0,0,222
01/10/2023,MKE,WI,AGL,CE,Combined TRACON& Tower with Radar,143,64,10,17,234,0,0,6,0,6,143,64,16,17,240,0,0,0,240
01/11/2023,MKE,WI,AGL,CE,Combined TRACON& Tower with Radar,123,58,17,9,207,0,0,2,0,2,123,58,19,9,209,0,0,0,209
01/12/2023,MKE,WI,AGL,CE,Combined TRACON& Tower with Radar,143,74,15,6,238,0,0,2,0,2,143,74,17,6,240,0,0,0,240
01/13/2023,MKE,WI,AGL,CE,Combined TRACON& Tower with Radar,135,70,17,0,222,0,2,2,0,4,135,72,19,0,226,0,0,0,226
01/14/2023,MKE,WI,AGL,CE,Combined TRACON& Tower with Radar,135,50,8,1,194,0,2,3,0,5,135,52,11,1,199,0,0,0,199
01/15/2023,MKE,WI,AGL,CE,Combined TRACON& Tower with Radar,138,34,10,1,183,0,3,6,0,9,138,37,16,1,192,0,0,0,192
01/16/2023,MKE,WI,AGL,CE,Combined TRACON& Tower with Radar,134,49,9,0,192,0,0,0,0,0,134,49,9,0,192,0,0,0,192
01/17/2023,MKE,WI,AGL,CE,Combined TRACON& Tower with Radar,144,65,25,3,237,0,0,0,0,0,144,65,25,3,237,0,0,0,237
01/18/2023,MKE,WI,AGL,CE,Combined TRACON& Tower with Radar,131,80,23,4,238,0,3,5,0,8,131,83,28,4,246,0,0,0,246
01/19/2023,MKE,WI,AGL,CE,Combined TRACON& Tower with Radar,142,58,18,0,218,0,0,0,0,0,142,58,18,0,218,0,0,0,218
01/20/2023,MKE,WI,AGL,CE,Combined TRACON& Tower with Radar,145,58,12,4,219,0,2,30,0,32,145,60,42,4,251,0,0,0,251
01/21/2023,MKE,WI,AGL,CE,Combined TRACON& Tower with Radar,133,47,10,1,191,0,0,2,0,2,133,47,12,1,193,0,0,0,193
01/22/2023,MKE,WI,AGL,CE,Combined TRACON& Tower with Radar,134,36,13,2,185,0,0,0,0,0,134,36,13,2,185,0,0,0,185
01/23/2023,MKE,WI,AGL,CE,Combined TRACON& Tower with Radar,137,59,11,0,207,0,0,16,0,16,137,59,27,0,223,0,0,0,223
01/24/2023,MKE,WI,AGL,CE,Combined TRACON& Tower with Radar,138,82,15,10,245,0,0,9,0,9,138,82,24,10,254,0,0,0,254
01/25/2023,MKE,WI,AGL,CE,Combined TRACON& Tower with Radar,128,61,15,0,204,0,0,0,0,0,128,61,15,0,204,0,0,0,204
01/26/2023,MKE,WI,AGL,CE,Combined TRACON& Tower with Radar,145,68,22,8,243,0,0,0,0,0,145,68,22,8,243,0,0,0,243
01/27/2023,MKE,WI,AGL,CE,Combined TRACON& Tower with Radar,145,74,19,1,239,0,0,0,0,0,145,74,19,1,239,0,0,0,239
01/28/2023,MKE,WI,AGL,CE,Combined TRACON& Tower with Radar,124,39,7,1,171,0,0,2,0,2,124,39,9,1,173,0,0,0,173
01/29/2023,MKE,WI,AGL,CE,Combined TRACON& Tower with Radar,138,39,6,0,183,0,3,8,0,11,138,42,14,0,194,0,0,0,194
01/30/2023,MKE,WI,AGL,CE,Combined TRACON& Tower with Radar,137,51,19,3,210,0,2,4,0,6,137,53,23,3,216,0,0,0,216
01/31/2023,MKE,WI,AGL,CE,Combined TRACON& Tower with Radar,128,63,15,1,207,0,0,10,0,10,128,63,25,1,217,0,0,0,217
02/01/2023,MKE,WI,AGL,CE,Combined TRACON& Tower with Radar,127,67,17,2,213,1,9,14,0,24,128,76,31,2,237,0,0,0,237
02/02/2023,MKE,WI,AGL,CE,Combined TRACON& Tower with Radar,149,81,23,4,257,0,5,16,1,22,149,86,39,5,279,0,0,0,279
02/03/2023,MKE,WI,AGL,CE,Combined TRACON& Tower with Radar,150,75,26,1,252,0,2,4,0,6,150,77,30,1,258,0,0,0,258
02/04/2023,MKE,WI,AGL,CE,Combined TRACON& Tower with Radar,135,53,11,0,199,0,2,20,0,22,135,55,31,0,221,0,0,0,221
02/05/2023,MKE,WI,AGL,CE,Combined TRACON& Tower with Radar,146,32,17,0,195,0,0,24,0,24,146,32,41,0,219,0,0,0,219
02/06/2023,MKE,WI,AGL,CE,Combined TRACON& Tower with Radar,144,76,19,8,247,0,2,16,0,18,144,78,35,8,265,0,0,0,265
02/07/2023,MKE,WI,AGL,CE,Combined TRACON& Tower with Radar,143,80,19,0,242,0,6,4,0,10,143,86,23,0,252,0,0,0,252
02/08/2023,MKE,WI,AGL,CE,Combined TRACON& Tower with Radar,141,75,25,8,249,0,1,25,0,26,141,76,50,8,275,0,0,0,275
02/09/2023,MKE,WI,AGL,CE,Combined TRACON& Tower with Radar,151,76,25,0,252,0,0,0,0,0,151,76,25,0,252,0,0,0,252
02/10/2023,MKE,WI,AGL,CE,Combined TRACON& Tower with Radar,144,73,23,2,242,0,2,3,0,5,144,75,26,2,247,0,0,0,247
02/11/2023,MKE,WI,AGL,CE,Combined TRACON& Tower with Radar,138,51,14,0,203,0,2,42,0,44,138,53,56,0,247,0,0,0,247
02/12/2023,MKE,WI,AGL,CE,Combined TRACON& Tower with Radar,142,42,14,2,200,0,0,29,0,29,142,42,43,2,229,0,0,0,229
02/13/2023,MKE,WI,AGL,CE,Combined TRACON& Tower with Radar,138,65,24,0,227,0,6,16,0,22,138,71,40,0,249,0,0,0,249
02/14/2023,MKE,WI,AGL,CE,Combined TRACON& Tower with Radar,159,73,23,0,255,0,4,15,0,19,159,77,38,0,274,0,0,0,274
02/15/2023,MKE,WI,AGL,CE,Combined TRACON& Tower with Radar,139,84,16,5,244,0,0,0,0,0,139,84,16,5,244,0,0,0,244
02/16/2023,MKE,WI,AGL,CE,Combined TRACON& Tower with Radar,127,55,15,0,197,0,0,0,0,0,127,55,15,0,197,0,0,0,197
02/17/2023,MKE,WI,AGL,CE,Combined TRACON& Tower with Radar,148,97,17,1,263,0,6,3,1,10,148,103,20,2,273,0,0,0,273
02/18/2023,MKE,WI,AGL,CE,Combined TRACON& Tower with Radar,134,49,8,1,192,0,0,39,0,39,134,49,47,1,231,0,0,0,231
02/19/2023,MKE,WI,AGL,CE,Combined TRACON& Tower with Radar,135,53,18,2,208,0,1,21,0,22,135,54,39,2,230,0,0,0,230
02/20/2023,MKE,WI,AGL,CE,Combined TRACON& Tower with Radar,138,58,22,0,218,0,12,14,0,26,138,70,36,0,244,0,0,0,244
02/21/2023,MKE,WI,AGL,CE,Combined TRACON& Tower with Radar,143,77,19,1,240,0,0,16,0,16,143,77,35,1,256,0,0,0,256
02/22/2023,MKE,WI,AGL,CE,Combined TRACON& Tower with Radar,55,34,8,0,97,0,0,0,0,0,55,34,8,0,97,0,0,0,97
02/23/2023,MKE,WI,AGL,CE,Combined TRACON& Tower with Radar,130,58,6,0,194,0,0,0,0,0,130,58,6,0,194,0,0,0,194
02/24/2023,MKE,WI,AGL,CE,Combined TRACON& Tower with Radar,143,82,15,6,246,0,7,14,3,24,143,89,29,9,270,0,0,0,270
02/25/2023,MKE,WI,AGL,CE,Combined TRACON& Tower with Radar,137,72,12,0,221,0,0,2,0,2,137,72,14,0,223,0,0,0,223
02/26/2023,MKE,WI,AGL,CE,Combined TRACON& Tower with Radar,139,53,21,0,213,0,2,36,0,38,139,55,57,0,251,0,0,0,251
02/27/2023,MKE,WI,AGL,CE,Combined TRACON& Tower with Radar,147,46,22,1,216,0,2,0,0,2,147,48,22,1,218,0,0,0,218
02/28/2023,MKE,WI,AGL,CE,Combined TRACON& Tower with Radar,145,77,12,1,235,0,14,12,0,26,145,91,24,1,261,0,0,0,261
03/01/2023,MKE,WI,AGL,CE,Combined TRACON& Tower with Radar,140,88,19,0,247,0,0,28,0,28,140,88,47,0,275,0,0,0,275
03/02/2023,MKE,WI,AGL,CE,Combined TRACON& Tower with Radar,149,86,20,3,258,0,0,12,3,15,149,86,32,6,273,0,0,0,273
03/03/2023,MKE,WI,AGL,CE,Combined TRACON& Tower with Radar,154,66,11,1,232,0,0,3,0,3,154,66,14,1,235,0,0,0,235
03/04/2023,MKE,WI,AGL,CE,Combined TRACON& Tower with Radar,140,56,10,4,210,0,0,57,0,57,140,56,67,4,267,0,0,0,267
03/05/2023,MKE,WI,AGL,CE,Combined TRACON& Tower with Radar,143,44,16,4,207,0,1,28,0,29,143,45,44,4,236,0,0,0,236
03/06/2023,MKE,WI,AGL,CE,Combined TRACON& Tower with Radar,145,50,16,0,211,0,0,7,0,7,145,50,23,0,218,0,0,0,218
03/07/2023,MKE,WI,AGL,CE,Combined TRACON& Tower with Radar,136,74,24,3,237,0,6,45,0,51,136,80,69,3,288,0,0,0,288
03/08/2023,MKE,WI,AGL,CE,Combined TRACON& Tower with Radar,145,62,16,9,232,0,1,27,2,30,145,63,43,11,262,0,0,0,262
03/09/2023,MKE,WI,AGL,CE,Combined TRACON& Tower with Radar,142,62,21,10,235,0,2,10,0,12,142,64,31,10,247,0,0,0,247
03/10/2023,MKE,WI,AGL,CE,Combined TRACON& Tower with Radar,142,57,14,0,213,0,3,0,0,3,142,60,14,0,216,0,0,0,216
03/11/2023,MKE,WI,AGL,CE,Combined TRACON& Tower with Radar,166,57,12,1,236,0,0,51,0,51,166,57,63,1,287,0,0,0,287
03/12/2023,MKE,WI,AGL,CE,Combined TRACON& Tower with Radar,156,43,11,0,210,0,0,1,0,1,156,43,12,0,211,0,0,0,211
03/13/2023,MKE,WI,AGL,CE,Combined TRACON& Tower with Radar,155,49,20,4,228,0,2,4,0,6,155,51,24,4,234,0,0,0,234
03/14/2023,MKE,WI,AGL,CE,Combined TRACON& Tower with Radar,140,73,16,9,238,0,8,41,1,50,140,81,57,10,288,0,0,0,288
03/15/2023,MKE,WI,AGL,CE,Combined TRACON& Tower with Radar,154,60,22,8,244,0,12,58,1,71,154,72,80,9,315,0,0,0,315
03/16/2023,MKE,WI,AGL,CE,Combined TRACON& Tower with Radar,159,83,28,3,273,0,1,6,0,7,159,84,34,3,280,0,0,0,280
03/17/2023,MKE,WI,AGL,CE,Combined TRACON& Tower with Radar,156,69,18,0,243,0,0,3,0,3,156,69,21,0,246,0,0,0,246
03/18/2023,MKE,WI,AGL,CE,Combined TRACON& Tower with Radar,160,49,15,2,226,0,0,0,0,0,160,49,15,2,226,0,0,0,226
03/19/2023,MKE,WI,AGL,CE,Combined TRACON& Tower with Radar,159,44,11,2,216,0,4,56,0,60,159,48,67,2,276,0,0,0,276
03/20/2023,MKE,WI,AGL,CE,Combined TRACON& Tower with Radar,158,57,14,2,231,0,8,11,0,19,158,65,25,2,250,0,0,0,250
03/21/2023,MKE,WI,AGL,CE,Combined TRACON& Tower with Radar,150,68,12,10,240,0,8,41,10,59,150,76,53,20,299,0,0,0,299
03/22/2023,MKE,WI,AGL,CE,Combined TRACON& Tower with Radar,161,58,12,2,233,0,2,0,0,2,161,60,12,2,235,0,0,0,235
03/23/2023,MKE,WI,AGL,CE,Combined TRACON& Tower with Radar,162,89,28,0,279,0,3,45,1,49,162,92,73,1,328,0,0,0,328
03/24/2023,MKE,WI,AGL,CE,Combined TRACON& Tower with Radar,157,65,28,4,254,0,11,15,0,26,157,76,43,4,280,0,0,0,280
03/25/2023,MKE,WI,AGL,CE,Combined TRACON& Tower with Radar,138,36,13,2,189,0,0,45,0,45,138,36,58,2,234,0,0,0,234
03/26/2023,MKE,WI,AGL,CE,Combined TRACON& Tower with Radar,149,48,16,0,213,0,2,17,0,19,149,50,33,0,232,0,0,0,232
03/27/2023,MKE,WI,AGL,CE,Combined TRACON& Tower with Radar,150,56,10,2,218,0,3,23,0,26,150,59,33,2,244,0,0,0,244
03/28/2023,MKE,WI,AGL,CE,Combined TRACON& Tower with Radar,152,60,22,20,254,0,23,50,11,84,152,83,72,31,338,0,0,0,338
03/29/2023,MKE,WI,AGL,CE,Combined TRACON& Tower with Radar,152,66,22,7,247,0,5,11,0,16,152,71,33,7,263,0,0,0,263
03/30/2023,MKE,WI,AGL,CE,Combined TRACON& Tower with Radar,160,78,35,0,273,0,12,10,0,22,160,90,45,0,295,0,0,0,295
03/31/2023,MKE,WI,AGL,CE,Combined TRACON& Tower with Radar,145,60,25,1,231,0,1,0,0,1,145,61,25,1,232,0,0,0,232
04/01/2023,MKE,WI,AGL,CE,Combined TRACON& Tower with Radar,155,60,17,0,232,0,1,3,0,4,155,61,20,0,236,0,0,0,236
04/02/2023,MKE,WI,AGL,CE,Combined TRACON& Tower with Radar,149,53,20,8,230,0,4,40,4,48,149,57,60,12,278,0,0,0,278
04/03/2023,MKE,WI,AGL,CE,Combined TRACON& Tower with Radar,150,57,14,0,221,0,1,18,0,19,150,58,32,0,240,0,0,0,240
04/04/2023,MKE,WI,AGL,CE,Combined TRACON& Tower with Radar,161,51,15,2,229,0,0,0,0,0,161,51,15,2,229,0,0,0,229
04/05/2023,MKE,WI,AGL,CE,Combined TRACON& Tower with Radar,158,78,14,2,252,0,2,2,0,4,158,80,16,2,256,0,0,0,256
04/06/2023,MKE,WI,AGL,CE,Combined TRACON& Tower with Radar,163,89,22,5,279,0,5,23,0,28,163,94,45,5,307,0,0,0,307
04/07/2023,MKE,WI,AGL,CE,Combined TRACON& Tower with Radar,156,70,24,2,252,0,5,49,0,54,156,75,73,2,306,0,0,0,306
04/08/2023,MKE,WI,AGL,CE,Combined TRACON& Tower with Radar,162,47,9,4,222,0,1,70,2,73,162,48,79,6,295,0,0,0,295
04/09/2023,MKE,WI,AGL,CE,Combined TRACON& Tower with Radar,155,40,8,3,206,0,2,5,0,7,155,42,13,3,213,0,0,0,213
04/10/2023,MKE,WI,AGL,CE,Combined TRACON& Tower with Radar,151,58,24,4,237,0,5,20,0,25,151,63,44,4,262,0,0,0,262
04/11/2023,MKE,WI,AGL,CE,Combined TRACON& Tower with Radar,143,66,24,6,239,0,4,10,0,14,143,70,34,6,253,0,0,0,253
04/12/2023,MKE,WI,AGL,CE,Combined TRACON& Tower with Radar,146,76,18,0,240,0,5,11,0,16,146,81,29,0,256,0,0,0,256
04/13/2023,MKE,WI,AGL,CE,Combined TRACON& Tower with Radar,149,86,29,1,265,0,6,32,0,38,149,92,61,1,303,0,0,0,303
04/14/2023,MKE,WI,AGL,CE,Combined TRACON& Tower with Radar,142,68,24,0,234,0,6,48,0,54,142,74,72,0,288,0,0,0,288
04/15/2023,MKE,WI,AGL,CE,Combined TRACON& Tower with Radar,132,49,19,3,203,0,28,52,0,80,132,77,71,3,283,0,0,0,283
04/16/2023,MKE,WI,AGL,CE,Combined TRACON& Tower with Radar,142,56,25,0,223,0,0,0,0,0,142,56,25,0,223,0,0,0,223
04/17/2023,MKE,WI,AGL,CE,Combined TRACON& Tower with Radar,141,60,11,4,216,0,0,0,0,0,141,60,11,4,216,0,0,0,216
04/18/2023,MKE,WI,AGL,CE,Combined TRACON& Tower with Radar,146,64,31,4,245,0,13,39,0,52,146,77,70,4,297,0,0,0,297
04/19/2023,MKE,WI,AGL,CE,Combined TRACON& Tower with Radar,146,82,25,3,256,0,6,0,0,6,146,88,25,3,262,0,0,0,262
04/20/2023,MKE,WI,AGL,CE,Combined TRACON& Tower with Radar,153,88,28,0,269,0,7,4,0,11,153,95,32,0,280,0,0,0,280
04/21/2023,MKE,WI,AGL,CE,Combined TRACON& Tower with Radar,140,74,25,5,244,0,9,17,0,26,140,83,42,5,270,0,0,0,270
04/22/2023,MKE,WI,AGL,CE,Combined TRACON& Tower with Radar,140,39,11,0,190,0,0,36,0,36,140,39,47,0,226,0,0,0,226
04/23/2023,MKE,WI,AGL,CE,Combined TRACON& Tower with Radar,133,53,19,0,205,0,8,18,0,26,133,61,37,0,231,0,0,0,231
04/24/2023,MKE,WI,AGL,CE,Combined TRACON& Tower with Radar,135,54,12,0,201,0,4,5,0,9,135,58,17,0,210,0,0,0,210
04/25/2023,MKE,WI,AGL,CE,Combined TRACON& Tower with Radar,144,66,13,2,225,0,0,9,0,9,144,66,22,2,234,0,0,0,234
04/26/2023,MKE,WI,AGL,CE,Combined TRACON& Tower with Radar,136,76,33,7,252,0,2,11,2,15,136,78,44,9,267,0,0,0,267
04/27/2023,MKE,WI,AGL,CE,Combined TRACON& Tower with Radar,149,79,41,6,275,0,8,15,3,26,149,87,56,9,301,0,0,0,301
04/28/2023,MKE,WI,AGL,CE,Combined TRACON& Tower with Radar,144,70,22,4,240,0,3,12,0,15,144,73,34,4,255,0,0,0,255
04/29/2023,MKE,WI,AGL,CE,Combined TRACON& Tower with Radar,126,45,6,0,177,0,1,19,1,21,126,46,25,1,198,0,0,0,198
04/30/2023,MKE,WI,AGL,CE,Combined TRACON& Tower with Radar,139,46,17,1,203,0,0,0,0,0,139,46,17,1,203,0,0,0,203
05/01/2023,MKE,WI,AGL,CE,Combined TRACON& Tower with Radar,145,64,22,0,231,0,0,0,0,0,145,64,22,0,231,0,0,0,231
05/02/2023,MKE,WI,AGL,CE,Combined TRACON& Tower with Radar,142,68,37,0,247,0,6,7,0,13,142,74,44,0,260,0,0,0,260
05/03/2023,MKE,WI,AGL,CE,Combined TRACON& Tower with Radar,139,97,22,1,259,0,1,24,0,25,139,98,46,1,284,0,0,0,284
05/04/2023,MKE,WI,AGL,CE,Combined TRACON& Tower with Radar,142,92,43,0,277,0,2,28,2,32,142,94,71,2,309,0,0,0,309
05/05/2023,MKE,WI,AGL,CE,Combined TRACON& Tower with Radar,142,90,23,0,255,0,3,16,0,19,142,93,39,0,274,0,0,0,274
05/06/2023,MKE,WI,AGL,CE,Combined TRACON& Tower with Radar,127,46,13,3,189,0,0,49,0,49,127,46,62,3,238,0,0,0,238
05/07/2023,MKE,WI,AGL,CE,Combined TRACON& Tower with Radar,135,58,19,0,212,0,0,64,0,64,135,58,83,0,276,0,0,0,276
05/08/2023,MKE,WI,AGL,CE,Combined TRACON& Tower with Radar,141,65,25,1,232,0,0,0,0,0,141,65,25,1,232,0,0,0,232
05/09/2023,MKE,WI,AGL,CE,Combined TRACON& Tower with Radar,141,74,30,11,256,0,0,34,0,34,141,74,64,11,290,0,0,0,290
05/10/2023,MKE,WI,AGL,CE,Combined TRACON& Tower with Radar,144,88,20,18,270,0,5,9,2,16,144,93,29,20,286,0,0,0,286
05/11/2023,MKE,WI,AGL,CE,Combined TRACON& Tower with Radar,150,91,25,16,282,0,9,29,2,40,150,100,54,18,322,0,0,0,322
05/12/2023,MKE,WI,AGL,CE,Combined TRACON& Tower with Radar,144,80,24,0,248,0,0,12,0,12,144,80,36,0,260,0,0,0,260
05/13/2023,MKE,WI,AGL,CE,Combined TRACON& Tower with Radar,127,50,16,3,196,0,4,74,0,78,127,54,90,3,274,0,0,0,274
05/14/2023,MKE,WI,AGL,CE,Combined TRACON& Tower with Radar,151,44,16,3,214,0,0,49,0,49,151,44,65,3,263,0,0,0,263
05/15/2023,MKE,WI,AGL,CE,Combined TRACON& Tower with Radar,138,71,20,2,231,0,3,17,0,20,138,74,37,2,251,0,0,0,251
05/16/2023,MKE,WI,AGL,CE,Combined TRACON& Tower with Radar,146,80,28,8,262,0,4,5,0,9,146,84,33,8,271,0,0,0,271
05/17/2023,MKE,WI,AGL,CE,Combined TRACON& Tower with Radar,139,82,31,18,270,0,5,59,27,91,139,87,90,45,361,0,0,0,361
05/18/2023,MKE,WI,AGL,CE,Combined TRACON& Tower with Radar,146,84,30,7,267,0,2,13,2,17,146,86,43,9,284,0,0,0,284
05/19/2023,MKE,WI,AGL,CE,Combined TRACON& Tower with Radar,143,70,27,13,253,0,0,17,0,17,143,70,44,13,270,0,0,0,270
05/20/2023,MKE,WI,AGL,CE,Combined TRACON& Tower with Radar,140,61,3,0,204,0,4,85,1,90,140,65,88,1,294,0,0,0,294
05/21/2023,MKE,WI,AGL,CE,Combined TRACON& Tower with Radar,144,49,8,0,201,0,0,53,0,53,144,49,61,0,254,0,0,0,254
05/22/2023,MKE,WI,AGL,CE,Combined TRACON& Tower with Radar,141,71,26,0,238,0,5,47,0,52,141,76,73,0,290,0,0,0,290
05/23/2023,MKE,WI,AGL,CE,Combined TRACON& Tower with Radar,145,78,25,14,262,0,9,12,6,27,145,87,37,20,289,0,0,0,289
05/24/2023,MKE,WI,AGL,CE,Combined TRACON& Tower with Radar,145,95,26,3,269,0,2,17,0,19,145,97,43,3,288,0,0,0,288
05/25/2023,MKE,WI,AGL,CE,Combined TRACON& Tower with Radar,146,89,31,5,271,0,5,40,3,48,146,94,71,8,319,0,0,0,319
05/26/2023,MKE,WI,AGL,CE,Combined TRACON& Tower with Radar,147,78,21,2,248,0,2,31,1,34,147,80,52,3,282,0,0,0,282
05/27/2023,MKE,WI,AGL,CE,Combined TRACON& Tower with Radar,127,42,24,0,193,0,0,107,10,117,127,42,131,10,310,0,0,0,310
05/28/2023,MKE,WI,AGL,CE,Combined TRACON& Tower with Radar,133,36,8,0,177,0,0,97,4,101,133,36,105,4,278,0,0,0,278
05/29/2023,MKE,WI,AGL,CE,Combined TRACON& Tower with Radar,141,44,26,0,211,0,0,11,0,11,141,44,37,0,222,0,0,0,222
05/30/2023,MKE,WI,AGL,CE,Combined TRACON& Tower with Radar,136,65,11,9,221,0,3,29,15,47,136,68,40,24,268,0,0,0,268
05/31/2023,MKE,WI,AGL,CE,Combined TRACON& Tower with Radar,144,88,18,10,260,0,1,15,0,16,144,89,33,10,276,0,0,0,276
06/01/2023,MKE,WI,AGL,CE,Combined TRACON& Tower with Radar,154,85,29,10,278,0,4,32,0,36,154,89,61,10,314,0,0,0,314
06/02/2023,MKE,WI,AGL,CE,Combined TRACON& Tower with Radar,144,83,15,6,248,0,5,42,6,53,144,88,57,12,301,0,0,0,301
06/03/2023,MKE,WI,AGL,CE,Combined TRACON& Tower with Radar,134,52,26,18,230,0,0,69,6,75,134,52,95,24,305,0,0,0,305
06/04/2023,MKE,WI,AGL,CE,Combined TRACON& Tower with Radar,138,43,22,0,203,0,1,34,0,35,138,44,56,0,238,0,0,0,238
06/05/2023,MKE,WI,AGL,CE,Combined TRACON& Tower with Radar,146,53,25,3,227,1,10,22,0,33,147,63,47,3,260,0,0,0,260
06/06/2023,MKE,WI,AGL,CE,Combined TRACON& Tower with Radar,154,70,33,15,272,0,5,24,0,29,154,75,57,15,301,0,0,0,301
06/07/2023,MKE,WI,AGL,CE,Combined TRACON& Tower with Radar,141,76,27,15,259,0,2,20,0,22,141,78,47,15,281,0,0,0,281
06/08/2023,MKE,WI,AGL,CE,Combined TRACON& Tower with Radar,153,80,34,2,269,1,4,70,0,75,154,84,104,2,344,0,0,0,344
06/09/2023,MKE,WI,AGL,CE,Combined TRACON& Tower with Radar,147,72,30,10,259,0,7,68,8,83,147,79,98,18,342,0,0,0,342
06/10/2023,MKE,WI,AGL,CE,Combined TRACON& Tower with Radar,137,46,11,10,204,0,3,41,0,44,137,49,52,10,248,0,0,0,248
06/11/2023,MKE,WI,AGL,CE,Combined TRACON& Tower with Radar,141,44,19,0,204,0,0,0,0,0,141,44,19,0,204,0,0,0,204
06/12/2023,MKE,WI,AGL,CE,Combined TRACON& Tower with Radar,150,50,36,2,238,0,8,8,0,16,150,58,44,2,254,0,0,0,254
06/13/2023,MKE,WI,AGL,CE,Combined TRACON& Tower with Radar,148,80,25,7,260,0,0,9,6,15,148,80,34,13,275,0,0,0,275
06/14/2023,MKE,WI,AGL,CE,Combined TRACON& Tower with Radar,145,67,40,2,254,0,1,20,0,21,145,68,60,2,275,0,0,0,275
06/15/2023,MKE,WI,AGL,CE,Combined TRACON& Tower with Radar,150,82,25,8,265,0,4,12,0,16,150,86,37,8,281,0,0,0,281
06/16/2023,MKE,WI,AGL,CE,Combined TRACON& Tower with Radar,148,75,31,2,256,0,0,37,1,38,148,75,68,3,294,0,0,0,294
06/17/2023,MKE,WI,AGL,CE,Combined TRACON& Tower with Radar,142,50,15,1,208,0,5,79,0,84,142,55,94,1,292,0,0,0,292
06/18/2023,MKE,WI,AGL,CE,Combined TRACON& Tower with Radar,145,36,9,2,192,1,1,87,2,91,146,37,96,4,283,0,0,0,283
06/19/2023,MKE,WI,AGL,CE,Combined TRACON& Tower with Radar,143,65,18,2,228,0,1,18,0,19,143,66,36,2,247,0,0,0,247
06/20/2023,MKE,WI,AGL,CE,Combined TRACON& Tower with Radar,148,67,24,8,247,0,8,20,0,28,148,75,44,8,275,0,0,0,275
06/21/2023,MKE,WI,AGL,CE,Combined TRACON& Tower with Radar,143,82,23,7,255,0,6,13,0,19,143,88,36,7,274,0,0,0,274
06/22/2023,MKE,WI,AGL,CE,Combined TRACON& Tower with Radar,147,83,27,5,262,0,5,33,1,39,147,88,60,6,301,0,0,0,301
06/23/2023,MKE,WI,AGL,CE,Combined TRACON& Tower with Radar,144,87,24,7,262,0,14,43,8,65,144,101,67,15,327,0,0,0,327
06/24/2023,MKE,WI,AGL,CE,Combined TRACON& Tower with Radar,136,52,19,3,210,0,2,79,0,81,136,54,98,3,291,0,0,0,291
06/25/2023,MKE,WI,AGL,CE,Combined TRACON& Tower with Radar,155,46,18,1,220,0,0,2,2,4,155,46,20,3,224,0,0,0,224
06/26/2023,MKE,WI,AGL,CE,Combined TRACON& Tower with Radar,133,78,21,0,232,0,0,9,0,9,133,78,30,0,241,0,0,0,241
06/27/2023,MKE,WI,AGL,CE,Combined TRACON& Tower with Radar,132,87,43,6,268,0,0,1,0,1,132,87,44,6,269,0,0,0,269
06/28/2023,MKE,WI,AGL,CE,Combined TRACON& Tower with Radar,147,72,40,2,261,1,0,0,0,1,148,72,40,2,262,0,0,0,262
06/29/2023,MKE,WI,AGL,CE,Combined TRACON& Tower with Radar,149,79,32,11,271,0,0,0,0,0,149,79,32,11,271,0,0,0,271
06/30/2023,MKE,WI,AGL,CE,Combined TRACON& Tower with Radar,147,75,45,3,270,1,10,66,1,78,148,85,111,4,348,0,0,0,348
07/01/2023,MKE,WI,AGL,CE,Combined TRACON& Tower with Radar,140,54,11,1,206,0,6,101,0,107,140,60,112,1,313,0,0,0,313
07/02/2023,MKE,WI,AGL,CE,Combined TRACON& Tower with Radar,157,32,9,0,198,0,0,67,0,67,157,32,76,0,265,0,0,0,265
07/03/2023,MKE,WI,AGL,CE,Combined TRACON& Tower with Radar,132,44,16,2,194,0,9,18,2,29,132,53,34,4,223,0,0,0,223
07/04/2023,MKE,WI,AGL,CE,Combined TRACON& Tower with Radar,129,28,6,0,163,0,0,11,1,12,129,28,17,1,175,0,0,0,175
07/05/2023,MKE,WI,AGL,CE,Combined TRACON& Tower with Radar,146,56,15,0,217,0,4,11,0,15,146,60,26,0,232,0,0,0,232
07/06/2023,MKE,WI,AGL,CE,Combined TRACON& Tower with Radar,159,63,26,12,260,0,4,27,0,31,159,67,53,12,291,0,0,0,291
07/07/2023,MKE,WI,AGL,CE,Combined TRACON& Tower with Radar,145,58,25,14,242,0,3,60,5,68,145,61,85,19,310,0,0,0,310
07/08/2023,MKE,WI,AGL,CE,Combined TRACON& Tower with Radar,147,41,21,2,211,0,0,53,0,53,147,41,74,2,264,0,0,0,264
07/09/2023,MKE,WI,AGL,CE,Combined TRACON& Tower with Radar,141,38,25,2,206,0,0,50,0,50,141,38,75,2,256,0,0,0,256
07/10/2023,MKE,WI,AGL,CE,Combined TRACON& Tower with Radar,148,47,27,0,222,0,10,17,0,27,148,57,44,0,249,0,0,0,249
07/11/2023,MKE,WI,AGL,CE,Combined TRACON& Tower with Radar,174,59,23,8,264,0,3,19,0,22,174,62,42,8,286,0,0,0,286
07/12/2023,MKE,WI,AGL,CE,Combined TRACON& Tower with Radar,166,69,18,6,259,0,2,2,0,4,166,71,20,6,263,0,0,0,263
07/13/2023,MKE,WI,AGL,CE,Combined TRACON& Tower with Radar,170,73,21,4,268,0,12,65,0,77,170,85,86,4,345,0,0,0,345
07/14/2023,MKE,WI,AGL,CE,Combined TRACON& Tower with Radar,163,55,31,4,253,0,0,54,0,54,163,55,85,4,307,0,0,0,307
07/15/2023,MKE,WI,AGL,CE,Combined TRACON& Tower with Radar,149,54,18,4,225,0,1,15,0,16,149,55,33,4,241,0,0,0,241
07/16/2023,MKE,WI,AGL,CE,Combined TRACON& Tower with Radar,161,43,23,0,227,0,0,9,0,9,161,43,32,0,236,0,0,0,236
07/17/2023,MKE,WI,AGL,CE,Combined TRACON& Tower with Radar,153,58,18,4,233,0,0,16,0,16,153,58,34,4,249,0,0,0,249
07/18/2023,MKE,WI,AGL,CE,Combined TRACON& Tower with Radar,168,66,25,10,269,0,2,38,2,42,168,68,63,12,311,0,0,0,311
07/19/2023,MKE,WI,AGL,CE,Combined TRACON& Tower with Radar,163,72,33,11,279,0,0,54,8,62,163,72,87,19,341,0,0,0,341
07/20/2023,MKE,WI,AGL,CE,Combined TRACON& Tower with Radar,168,73,32,9,282,0,4,44,18,66,168,77,76,27,348,0,0,0,348
07/21/2023,MKE,WI,AGL,CE,Combined TRACON& Tower with Radar,166,66,27,5,264,0,9,34,30,73,166,75,61,35,337,0,0,0,337
07/22/2023,MKE,WI,AGL,CE,Combined TRACON& Tower with Radar,144,38,20,3,205,0,6,18,19,43,144,44,38,22,248,0,0,0,248
07/23/2023,MKE,WI,AGL,CE,Combined TRACON& Tower with Radar,172,40,24,7,243,0,5,32,23,60,172,45,56,30,303,0,0,0,303
07/24/2023,MKE,WI,AGL,CE,Combined TRACON& Tower with Radar,159,51,25,1,236,0,4,22,1,27,159,55,47,2,263,0,0,0,263
07/25/2023,MKE,WI,AGL,CE,Combined TRACON& Tower with Radar,168,67,31,16,282,0,2,20,0,22,168,69,51,16,304,0,0,0,304
07/26/2023,MKE,WI,AGL,CE,Combined TRACON& Tower with Radar,174,73,48,6,301,0,1,29,4,34,174,74,77,10,335,0,0,0,335
07/27/2023,MKE,WI,AGL,CE,Combined TRACON& Tower with Radar,175,60,32,17,284,0,6,33,5,44,175,66,65,22,328,0,0,0,328
07/28/2023,MKE,WI,AGL,CE,Combined TRACON& Tower with Radar,151,58,33,5,247,0,4,48,1,53,151,62,81,6,300,0,0,0,300
07/29/2023,MKE,WI,AGL,CE,Combined TRACON& Tower with Radar,159,41,10,7,217,0,0,51,2,53,159,41,61,9,270,0,0,0,270
07/30/2023,MKE,WI,AGL,CE,Combined TRACON& Tower with Radar,168,34,25,7,234,0,3,18,1,22,168,37,43,8,256,0,0,0,256
07/31/2023,MKE,WI,AGL,CE,Combined TRACON& Tower with Radar,165,58,27,3,253,0,0,14,2,16,165,58,41,5,269,0,0,0,269
08/01/2023,MKE,WI,AGL,CE,Combined TRACON& Tower with Radar,161,62,26,11,260,0,2,7,0,9,161,64,33,11,269,0,0,0,269
08/02/2023,MKE,WI,AGL,CE,Combined TRACON& Tower with Radar,163,68,19,14,264,0,5,43,1,49,163,73,62,15,313,0,0,0,313
08/03/2023,MKE,WI,AGL,CE,Combined TRACON& Tower with Radar,168,71,30,9,278,0,1,25,10,36,168,72,55,19,314,0,0,0,314
08/04/2023,MKE,WI,AGL,CE,Combined TRACON& Tower with Radar,168,72,21,3,264,0,3,51,3,57,168,75,72,6,321,0,0,0,321
08/05/2023,MKE,WI,AGL,CE,Combined TRACON& Tower with Radar,140,53,23,6,222,0,0,93,0,93,140,53,116,6,315,0,0,0,315
08/06/2023,MKE,WI,AGL,CE,Combined TRACON& Tower with Radar,164,39,24,7,234,0,0,36,0,36,164,39,60,7,270,0,0,0,270
08/07/2023,MKE,WI,AGL,CE,Combined TRACON& Tower with Radar,148,59,28,11,246,0,0,6,0,6,148,59,34,11,252,0,0,0,252
08/08/2023,MKE,WI,AGL,CE,Combined TRACON& Tower with Radar,163,62,32,16,273,0,2,18,3,23,163,64,50,19,296,0,0,0,296
08/09/2023,MKE,WI,AGL,CE,Combined TRACON& Tower with Radar,168,68,32,11,279,0,4,34,0,38,168,72,66,11,317,0,0,0,317
08/10/2023,MKE,WI,AGL,CE,Combined TRACON& Tower with Radar,173,77,36,10,296,0,8,32,7,47,173,85,68,17,343,0,0,0,343
08/11/2023,MKE,WI,AGL,CE,Combined TRACON& Tower with Radar,165,68,18,8,259,0,4,22,0,26,165,72,40,8,285,0,0,0,285
08/12/2023,MKE,WI,AGL,CE,Combined TRACON& Tower with Radar,146,37,9,2,194,0,0,52,1,53,146,37,61,3,247,0,0,0,247
08/13/2023,MKE,WI,AGL,CE,Combined TRACON& Tower with Radar,171,33,26,2,232,0,1,33,0,34,171,34,59,2,266,0,0,0,266
08/14/2023,MKE,WI,AGL,CE,Combined TRACON& Tower with Radar,153,49,21,1,224,0,0,1,0,1,153,49,22,1,225,0,0,0,225
08/15/2023,MKE,WI,AGL,CE,Combined TRACON& Tower with Radar,167,58,19,17,261,0,4,19,2,25,167,62,38,19,286,0,0,0,286
08/16/2023,MKE,WI,AGL,CE,Combined TRACON& Tower with Radar,161,73,26,14,274,0,7,37,0,44,161,80,63,14,318,0,0,0,318
08/17/2023,MKE,WI,AGL,CE,Combined TRACON& Tower with Radar,165,69,28,5,267,0,0,25,0,25,165,69,53,5,292,0,0,0,292
08/18/2023,MKE,WI,AGL,CE,Combined TRACON& Tower with Radar,164,82,28,3,277,0,4,31,2,37,164,86,59,5,314,0,0,0,314
08/19/2023,MKE,WI,AGL,CE,Combined TRACON& Tower with Radar,143,47,8,2,200,0,4,70,0,74,143,51,78,2,274,0,0,0,274
08/20/2023,MKE,WI,AGL,CE,Combined TRACON& Tower with Radar,153,46,28,0,227,0,0,57,0,57,153,46,85,0,284,0,0,0,284
08/21/2023,MKE,WI,AGL,CE,Combined TRACON& Tower with Radar,154,64,25,2,245,0,4,19,0,23,154,68,44,2,268,0,0,0,268
08/22/2023,MKE,WI,AGL,CE,Combined TRACON& Tower with Radar,167,95,38,15,315,0,12,16,0,28,167,107,54,15,343,0,0,0,343
08/23/2023,MKE,WI,AGL,CE,Combined TRACON& Tower with Radar,161,97,88,8,354,0,4,25,0,29,161,101,113,8,383,0,0,0,383
08/24/2023,MKE,WI,AGL,CE,Combined TRACON& Tower with Radar,164,110,67,5,346,0,2,17,0,19,164,112,84,5,365,0,0,0,365
08/25/2023,MKE,WI,AGL,CE,Combined TRACON& Tower with Radar,160,62,31,3,256,0,2,44,0,46,160,64,75,3,302,0,0,0,302
08/26/2023,MKE,WI,AGL,CE,Combined TRACON& Tower with Radar,146,49,28,3,226,0,0,32,0,32,146,49,60,3,258,0,0,0,258
08/27/2023,MKE,WI,AGL,CE,Combined TRACON& Tower with Radar,169,51,29,3,252,0,2,44,0,46,169,53,73,3,298,0,0,0,298
08/28/2023,MKE,WI,AGL,CE,Combined TRACON& Tower with Radar,153,57,23,1,234,0,4,22,0,26,153,61,45,1,260,0,0,0,260
08/29/2023,MKE,WI,AGL,CE,Combined TRACON& Tower with Radar,161,57,22,5,245,0,0,12,5,17,161,57,34,10,262,0,0,0,262
08/30/2023,MKE,WI,AGL,CE,Combined TRACON& Tower with Radar,156,68,28,14,266,0,1,43,0,44,156,69,71,14,310,0,0,0,310
08/31/2023,MKE,WI,AGL,CE,Combined TRACON& Tower with Radar,164,70,24,9,267,0,2,44,1,47,164,72,68,10,314,0,0,0,314
01/01/2020,MKE,WI,AGL,CE,Combined TRACON& Tower with Radar,139,32,8,0,179,0,2,9,0,11,139,34,17,0,190,0,0,0,190
01/02/2020,MKE,WI,AGL,CE,Combined TRACON& Tower with Radar,179,89,13,6,287,0,0,7,0,7,179,89,20,6,294,0,0,0,294
01/03/2020,MKE,WI,AGL,CE,Combined TRACON& Tower with Radar,186,79,15,11,291,0,2,0,0,2,186,81,15,11,293,0,0,0,293
01/04/2020,MKE,WI,AGL,CE,Combined TRACON& Tower with Radar,149,43,9,0,201,0,0,0,0,0,149,43,9,0,201,0,0,0,201
01/05/2020,MKE,WI,AGL,CE,Combined TRACON& Tower with Radar,167,51,11,3,232,0,0,3,0,3,167,51,14,3,235,0,0,0,235
01/06/2020,MKE,WI,AGL,CE,Combined TRACON& Tower with Radar,184,81,25,1,291,0,3,14,0,17,184,84,39,1,308,0,0,0,308
01/07/2020,MKE,WI,AGL,CE,Combined TRACON& Tower with Radar,170,87,15,5,277,1,7,2,0,10,171,94,17,5,287,4,0,4,291
01/08/2020,MKE,WI,AGL,CE,Combined TRACON& Tower with Radar,178,87,17,0,282,0,1,5,0,6,178,88,22,0,288,0,0,0,288
01/09/2020,MKE,WI,AGL,CE,Combined TRACON& Tower with Radar,180,92,34,2,308,0,0,2,1,3,180,92,36,3,311,0,0,0,311
01/10/2020,MKE,WI,AGL,CE,Combined TRACON& Tower with Radar,174,80,26,0,280,0,2,0,0,2,174,82,26,0,282,0,0,0,282
01/11/2020,MKE,WI,AGL,CE,Combined TRACON& Tower with Radar,89,21,7,0,117,0,0,0,0,0,89,21,7,0,117,0,0,0,117
01/12/2020,MKE,WI,AGL,CE,Combined TRACON& Tower with Radar,140,58,20,6,224,0,3,3,0,6,140,61,23,6,230,0,0,0,230
01/13/2020,MKE,WI,AGL,CE,Combined TRACON& Tower with Radar,181,76,25,4,286,0,2,6,0,8,181,78,31,4,294,0,0,0,294
01/14/2020,MKE,WI,AGL,CE,Combined TRACON& Tower with Radar,177,76,24,8,285,0,3,2,14,19,177,79,26,22,304,0,0,0,304
01/15/2020,MKE,WI,AGL,CE,Combined TRACON& Tower with Radar,178,97,20,2,297,0,0,0,0,0,178,97,20,2,297,0,0,0,297
01/16/2020,MKE,WI,AGL,CE,Combined TRACON& Tower with Radar,187,99,27,1,314,0,10,7,0,17,187,109,34,1,331,0,0,0,331
01/17/2020,MKE,WI,AGL,CE,Combined TRACON& Tower with Radar,162,74,24,0,260,0,2,1,0,3,162,76,25,0,263,0,0,0,263
01/18/2020,MKE,WI,AGL,CE,Combined TRACON& Tower with Radar,140,42,12,1,195,0,0,0,0,0,140,42,12,1,195,0,0,0,195
01/19/2020,MKE,WI,AGL,CE,Combined TRACON& Tower with Radar,135,49,13,0,197,0,0,1,0,1,135,49,14,0,198,0,0,0,198
01/20/2020,MKE,WI,AGL,CE,Combined TRACON& Tower with Radar,176,65,27,0,268,0,4,6,0,10,176,69,33,0,278,0,0,0,278
01/21/2020,MKE,WI,AGL,CE,Combined TRACON& Tower with Radar,175,80,19,6,280,0,0,9,0,9,175,80,28,6,289,0,0,0,289
01/22/2020,MKE,WI,AGL,CE,Combined TRACON& Tower with Radar,182,83,24,5,294,0,2,10,8,20,182,85,34,13,314,0,8,8,322
01/23/2020,MKE,WI,AGL,CE,Combined TRACON& Tower with Radar,177,91,21,1,290,0,0,0,0,0,177,91,21,1,290,0,0,0,290
01/24/2020,MKE,WI,AGL,CE,Combined TRACON& Tower with Radar,192,82,22,4,300,0,0,0,0,0,192,82,22,4,300,0,0,0,300
01/25/2020,MKE,WI,AGL,CE,Combined TRACON& Tower with Radar,147,54,17,0,218,0,0,0,0,0,147,54,17,0,218,0,0,0,218
01/26/2020,MKE,WI,AGL,CE,Combined TRACON& Tower with Radar,154,47,14,0,215,0,0,0,0,0,154,47,14,0,215,0,0,0,215
01/27/2020,MKE,WI,AGL,CE,Combined TRACON& Tower with Radar,180,60,18,0,258,0,0,0,0,0,180,60,18,0,258,16,0,16,274
01/28/2020,MKE,WI,AGL,CE,Combined TRACON& Tower with Radar,179,87,20,2,288,0,3,1,0,4,179,90,21,2,292,0,0,0,292
01/29/2020,MKE,WI,AGL,CE,Combined TRACON& Tower with Radar,183,83,22,6,294,0,2,1,2,5,183,85,23,8,299,0,0,0,299
01/30/2020,MKE,WI,AGL,CE,Combined TRACON& Tower with Radar,188,85,18,6,297,0,3,4,0,7,188,88,22,6,304,8,0,8,312
01/31/2020,MKE,WI,AGL,CE,Combined TRACON& Tower with Radar,186,80,29,0,295,0,2,1,0,3,186,82,30,0,298,0,0,0,298
02/01/2020,MKE,WI,AGL,CE,Combined TRACON& Tower with Radar,142,49,9,1,201,0,0,0,0,0,142,49,9,1,201,0,0,0,201
02/02/2020,MKE,WI,AGL,CE,Combined TRACON& Tower with Radar,140,49,7,0,196,0,0,2,0,2,140,49,9,0,198,0,0,0,198
02/03/2020,MKE,WI,AGL,CE,Combined TRACON& Tower with Radar,182,68,19,4,273,0,0,11,0,11,182,68,30,4,284,0,0,0,284
02/04/2020,MKE,WI,AGL,CE,Combined TRACON& Tower with Radar,177,82,29,3,291,0,2,2,0,4,177,84,31,3,295,0,0,0,295
02/05/2020,MKE,WI,AGL,CE,Combined TRACON& Tower with Radar,184,80,34,11,309,0,0,1,2,3,184,80,35,13,312,0,0,0,312
02/06/2020,MKE,WI,AGL,CE,Combined TRACON& Tower with Radar,174,92,30,9,305,0,0,2,0,2,174,92,32,9,307,0,0,0,307
02/07/2020,MKE,WI,AGL,CE,Combined TRACON& Tower with Radar,181,81,31,10,303,0,10,4,0,14,181,91,35,10,317,0,0,0,317
02/08/2020,MKE,WI,AGL,CE,Combined TRACON& Tower with Radar,148,49,12,0,209,0,1,4,0,5,148,50,16,0,214,0,0,0,214
02/09/2020,MKE,WI,AGL,CE,Combined TRACON& Tower with Radar,153,49,14,0,216,0,0,1,0,1,153,49,15,0,217,0,0,0,217
02/10/2020,MKE,WI,AGL,CE,Combined TRACON& Tower with Radar,179,79,26,3,287,0,1,2,0,3,179,80,28,3,290,0,0,0,290
02/11/2020,MKE,WI,AGL,CE,Combined TRACON& Tower with Radar,180,87,23,13,303,0,4,5,0,9,180,91,28,13,312,0,0,0,312
02/12/2020,MKE,WI,AGL,CE,Combined TRACON& Tower with Radar,181,99,24,6,310,0,0,2,0,2,181,99,26,6,312,0,0,0,312
02/13/2020,MKE,WI,AGL,CE,Combined TRACON& Tower with Radar,186,76,24,6,292,0,0,1,1,2,186,76,25,7,294,0,0,0,294
02/14/2020,MKE,WI,AGL,CE,Combined TRACON& Tower with Radar,193,77,16,0,286,0,2,4,0,6,193,79,20,0,292,0,0,0,292
02/15/2020,MKE,WI,AGL,CE,Combined TRACON& Tower with Radar,143,54,4,0,201,0,2,2,0,4,143,56,6,0,205,0,0,0,205
02/16/2020,MKE,WI,AGL,CE,Combined TRACON& Tower with Radar,142,41,13,0,196,0,2,13,0,15,142,43,26,0,211,0,0,0,211
02/17/2020,MKE,WI,AGL,CE,Combined TRACON& Tower with Radar,178,64,15,0,257,0,1,2,0,3,178,65,17,0,260,0,0,0,260
02/18/2020,MKE,WI,AGL,CE,Combined TRACON& Tower with Radar,188,92,34,4,318,0,0,5,0,5,188,92,39,4,323,0,0,0,323
02/19/2020,MKE,WI,AGL,CE,Combined TRACON& Tower with Radar,194,95,30,7,326,0,0,9,0,9,194,95,39,7,335,0,0,0,335
02/20/2020,MKE,WI,AGL,CE,Combined TRACON& Tower with Radar,187,79,20,9,295,0,0,12,2,14,187,79,32,11,309,0,0,0,309
02/21/2020,MKE,WI,AGL,CE,Combined TRACON& Tower with Radar,190,76,19,3,288,0,1,3,2,6,190,77,22,5,294,0,0,0,294
02/22/2020,MKE,WI,AGL,CE,Combined TRACON& Tower with Radar,151,48,16,0,215,0,3,20,0,23,151,51,36,0,238,4,0,4,242
02/23/2020,MKE,WI,AGL,CE,Combined TRACON& Tower with Radar,159,47,13,1,220,0,1,12,0,13,159,48,25,1,233,0,0,0,233
02/24/2020,MKE,WI,AGL,CE,Combined TRACON& Tower with Radar,185,62,21,0,268,0,0,0,2,2,185,62,21,2,270,0,0,0,270
02/25/2020,MKE,WI,AGL,CE,Combined TRACON& Tower with Radar,188,83,18,19,308,0,2,0,1,3,188,85,18,20,311,0,0,0,311
02/26/2020,MKE,WI,AGL,CE,Combined TRACON& Tower with Radar,191,77,33,7,308,0,2,4,0,6,191,79,37,7,314,0,0,0,314
02/27/2020,MKE,WI,AGL,CE,Combined TRACON& Tower with Radar,189,76,26,5,296,0,4,3,0,7,189,80,29,5,303,0,0,0,303
02/28/2020,MKE,WI,AGL,CE,Combined TRACON& Tower with Radar,193,73,32,4,302,0,0,4,0,4,193,73,36,4,306,0,0,0,306
02/29/2020,MKE,WI,AGL,CE,Combined TRACON& Tower with Radar,150,53,22,0,225,0,2,6,0,8,150,55,28,0,233,0,0,0,233
03/01/2020,MKE,WI,AGL,CE,Combined TRACON& Tower with Radar,160,46,16,1,223,0,3,3,0,6,160,49,19,1,229,0,0,0,229
03/02/2020,MKE,WI,AGL,CE,Combined TRACON& Tower with Radar,182,60,20,7,269,0,3,8,0,11,182,63,28,7,280,0,0,0,280
03/03/2020,MKE,WI,AGL,CE,Combined TRACON& Tower with Radar,193,90,19,8,310,0,1,2,2,5,193,91,21,10,315,0,7,7,322
03/04/2020,MKE,WI,AGL,CE,Combined TRACON& Tower with Radar,189,96,19,22,326,0,2,11,0,13,189,98,30,22,339,14,0,14,353
03/05/2020,MKE,WI,AGL,CE,Combined TRACON& Tower with Radar,187,89,27,4,307,0,2,0,0,2,187,91,27,4,309,0,0,0,309
03/06/2020,MKE,WI,AGL,CE,Combined TRACON& Tower with Radar,186,89,33,0,308,0,2,1,0,3,186,91,34,0,311,0,0,0,311
03/07/2020,MKE,WI,AGL,CE,Combined TRACON& Tower with Radar,168,61,7,10,246,0,3,9,0,12,168,64,16,10,258,0,0,0,258
03/08/2020,MKE,WI,AGL,CE,Combined TRACON& Tower with Radar,175,48,12,0,235,0,0,3,0,3,175,48,15,0,238,0,0,0,238
03/09/2020,MKE,WI,AGL,CE,Combined TRACON& Tower with Radar,191,62,18,0,271,0,2,0,0,2,191,64,18,0,273,0,0,0,273
03/10/2020,MKE,WI,AGL,CE,Combined TRACON& Tower with Radar,192,79,29,4,304,0,3,3,1,7,192,82,32,5,311,0,0,0,311
03/11/2020,MKE,WI,AGL,CE,Combined TRACON& Tower with Radar,196,80,27,12,315,0,0,0,0,0,196,80,27,12,315,0,0,0,315
03/12/2020,MKE,WI,AGL,CE,Combined TRACON& Tower with Radar,188,91,35,3,317,0,0,2,0,2,188,91,37,3,319,0,0,0,319
03/13/2020,MKE,WI,AGL,CE,Combined TRACON& Tower with Radar,193,77,22,9,301,0,0,3,0,3,193,77,25,9,304,0,0,0,304
03/14/2020,MKE,WI,AGL,CE,Combined TRACON& Tower with Radar,177,58,5,0,240,0,0,2,0,2,177,58,7,0,242,0,0,0,242
03/15/2020,MKE,WI,AGL,CE,Combined TRACON& Tower with Radar,178,39,11,0,228,0,2,12,0,14,178,41,23,0,242,0,0,0,242
03/16/2020,MKE,WI,AGL,CE,Combined TRACON& Tower with Radar,190,71,17,0,278,0,0,4,0,4,190,71,21,0,282,0,0,0,282
03/17/2020,MKE,WI,AGL,CE,Combined TRACON& Tower with Radar,189,84,9,5,287,0,2,13,0,15,189,86,22,5,302,0,0,0,302
03/18/2020,MKE,WI,AGL,CE,Combined TRACON& Tower with Radar,190,76,14,10,290,0,4,1,0,5,190,80,15,10,295,0,0,0,295
03/19/2020,MKE,WI,AGL,CE,Combined TRACON& Tower with Radar,167,82,9,0,258,0,0,0,0,0,167,82,9,0,258,0,0,0,258
03/20/2020,MKE,WI,AGL,CE,Combined TRACON& Tower with Radar,170,73,16,2,261,0,2,1,0,3,170,75,17,2,264,0,0,0,264
03/21/2020,MKE,WI,AGL,CE,Combined TRACON& Tower with Radar,158,44,5,0,207,0,1,3,0,4,158,45,8,0,211,0,0,0,211
03/22/2020,MKE,WI,AGL,CE,Combined TRACON& Tower with Radar,144,28,11,0,183,0,3,3,0,6,144,31,14,0,189,0,0,0,189
03/23/2020,MKE,WI,AGL,CE,Combined TRACON& Tower with Radar,140,46,2,0,188,0,0,0,0,0,140,46,2,0,188,0,0,0,188
03/24/2020,MKE,WI,AGL,CE,Combined TRACON& Tower with Radar,149,68,9,0,226,0,2,3,2,7,149,70,12,2,233,0,0,0,233
03/25/2020,MKE,WI,AGL,CE,Combined TRACON& Tower with Radar,141,65,4,0,210,0,4,1,0,5,141,69,5,0,215,0,0,0,215
03/26/2020,MKE,WI,AGL,CE,Combined TRACON& Tower with Radar,132,58,12,4,206,0,0,0,0,0,132,58,12,4,206,0,0,0,206
03/27/2020,MKE,WI,AGL,CE,Combined TRACON& Tower with Radar,116,55,13,2,186,0,0,0,0,0,116,55,13,2,186,0,0,0,186
03/28/2020,MKE,WI,AGL,CE,Combined TRACON& Tower with Radar,96,29,2,0,127,0,0,0,0,0,96,29,2,0,127,0,0,0,127
03/29/2020,MKE,WI,AGL,CE,Combined TRACON& Tower with Radar,98,22,1,0,121,0,0,0,0,0,98,22,1,0,121,0,0,0,121
03/30/2020,MKE,WI,AGL,CE,Combined TRACON& Tower with Radar,94,43,6,0,143,0,0,10,0,10,94,43,16,0,153,0,0,0,153
03/31/2020,MKE,WI,AGL,CE,Combined TRACON& Tower with Radar,101,57,9,0,167,0,0,1,0,1,101,57,10,0,168,0,0,0,168
04/01/2020,MKE,WI,AGL,CE,Combined TRACON& Tower with Radar,97,59,8,0,164,0,0,0,0,0,97,59,8,0,164,0,0,0,164
04/02/2020,MKE,WI,AGL,CE,Combined TRACON& Tower with Radar,87,52,15,0,154,0,0,12,0,12,87,52,27,0,166,0,0,0,166
04/03/2020,MKE,WI,AGL,CE,Combined TRACON& Tower with Radar,98,50,5,6,159,0,0,12,0,12,98,50,17,6,171,0,0,0,171
04/04/2020,MKE,WI,AGL,CE,Combined TRACON& Tower with Radar,75,27,0,0,102,0,0,6,0,6,75,27,6,0,108,0,0,0,108
04/05/2020,MKE,WI,AGL,CE,Combined TRACON& Tower with Radar,81,12,2,0,95,0,1,6,0,7,81,13,8,0,102,0,0,0,102
04/06/2020,MKE,WI,AGL,CE,Combined TRACON& Tower with Radar,94,31,5,1,131,0,0,6,0,6,94,31,11,1,137,0,0,0,137
04/07/2020,MKE,WI,AGL,CE,Combined TRACON& Tower with Radar,102,54,7,1,164,0,0,2,0,2,102,54,9,1,166,0,0,0,166
04/08/2020,MKE,WI,AGL,CE,Combined TRACON& Tower with Radar,101,56,7,0,164,0,0,1,0,1,101,56,8,0,165,0,0,0,165
04/09/2020,MKE,WI,AGL,CE,Combined TRACON& Tower with Radar,100,60,1,0,161,0,1,0,0,1,100,61,1,0,162,0,0,0,162
04/10/2020,MKE,WI,AGL,CE,Combined TRACON& Tower with Radar,111,47,14,0,172,0,0,2,0,2,111,47,16,0,174,0,0,0,174
04/11/2020,MKE,WI,AGL,CE,Combined TRACON& Tower with Radar,74,33,2,0,109,0,0,1,0,1,74,33,3,0,110,0,0,0,110
04/12/2020,MKE,WI,AGL,CE,Combined TRACON& Tower with Radar,66,12,2,1,81,0,0,0,0,0,66,12,2,1,81,0,0,0,81
04/13/2020,MKE,WI,AGL,CE,Combined TRACON& Tower with Radar,88,27,11,0,126,0,0,0,0,0,88,27,11,0,126,0,0,0,126
04/14/2020,MKE,WI,AGL,CE,Combined TRACON& Tower with Radar,93,48,3,2,146,0,0,0,0,0,93,48,3,2,146,0,0,0,146
04/15/2020,MKE,WI,AGL,CE,Combined TRACON& Tower with Radar,73,52,4,0,129,0,2,9,0,11,73,54,13,0,140,0,0,0,140
04/16/2020,MKE,WI,AGL,CE,Combined TRACON& Tower with Radar,69,55,10,0,134,0,0,5,0,5,69,55,15,0,139,0,0,0,139
04/17/2020,MKE,WI,AGL,CE,Combined TRACON& Tower with Radar,76,45,7,0,128,0,0,2,0,2,76,45,9,0,130,0,0,0,130
04/18/2020,MKE,WI,AGL,CE,Combined TRACON& Tower with Radar,62,25,6,0,93,0,0,0,0,0,62,25,6,0,93,0,0,0,93
04/19/2020,MKE,WI,AGL,CE,Combined TRACON& Tower with Radar,49,9,3,0,61,0,0,7,0,7,49,9,10,0,68,0,0,0,68
04/20/2020,MKE,WI,AGL,CE,Combined TRACON& Tower with Radar,69,35,17,0,121,0,2,6,0,8,69,37,23,0,129,0,0,0,129
04/21/2020,MKE,WI,AGL,CE,Combined TRACON& Tower with Radar,75,51,8,0,134,0,1,5,0,6,75,52,13,0,140,0,0,0,140
04/22/2020,MKE,WI,AGL,CE,Combined TRACON& Tower with Radar,70,45,11,0,126,0,2,2,0,4,70,47,13,0,130,0,0,0,130
04/23/2020,MKE,WI,AGL,CE,Combined TRACON& Tower with Radar,67,43,4,2,116,0,0,0,0,0,67,43,4,2,116,0,0,0,116
04/24/2020,MKE,WI,AGL,CE,Combined TRACON& Tower with Radar,73,46,3,0,122,0,0,2,0,2,73,46,5,0,124,0,0,0,124
04/25/2020,MKE,WI,AGL,CE,Combined TRACON& Tower with Radar,60,29,5,0,94,0,0,2,0,2,60,29,7,0,96,0,0,0,96
04/26/2020,MKE,WI,AGL,CE,Combined TRACON& Tower with Radar,40,12,8,2,62,0,3,8,0,11,40,15,16,2,73,0,0,0,73
04/27/2020,MKE,WI,AGL,CE,Combined TRACON& Tower with Radar,62,37,10,2,111,0,2,2,0,4,62,39,12,2,115,0,0,0,115
04/28/2020,MKE,WI,AGL,CE,Combined TRACON& Tower with Radar,78,43,3,2,126,0,0,0,0,0,78,43,3,2,126,0,0,0,126
04/29/2020,MKE,WI,AGL,CE,Combined TRACON& Tower with Radar,64,46,5,0,115,0,0,0,0,0,64,46,5,0,115,0,0,0,115
04/30/2020,MKE,WI,AGL,CE,Combined TRACON& Tower with Radar,68,59,21,0,148,0,2,6,0,8,68,61,27,0,156,0,0,0,156
05/01/2020,MKE,WI,AGL,CE,Combined TRACON& Tower with Radar,74,55,13,2,144,0,2,20,0,22,74,57,33,2,166,0,0,0,166
05/02/2020,MKE,WI,AGL,CE,Combined TRACON& Tower with Radar,54,36,3,0,93,0,0,2,0,2,54,36,5,0,95,0,0,0,95
05/03/2020,MKE,WI,AGL,CE,Combined TRACON& Tower with Radar,56,20,3,0,79,0,0,6,0,6,56,20,9,0,85,0,0,0,85
05/04/2020,MKE,WI,AGL,CE,Combined TRACON& Tower with Radar,60,33,22,0,115,0,5,13,0,18,60,38,35,0,133,0,0,0,133
05/05/2020,MKE,WI,AGL,CE,Combined TRACON& Tower with Radar,65,48,31,5,149,0,2,6,0,8,65,50,37,5,157,0,0,0,157
05/06/2020,MKE,WI,AGL,CE,Combined TRACON& Tower with Radar,63,50,18,1,132,0,2,8,0,10,63,52,26,1,142,0,0,0,142
05/07/2020,MKE,WI,AGL,CE,Combined TRACON& Tower with Radar,62,52,7,2,123,0,3,12,0,15,62,55,19,2,138,0,0,0,138
05/08/2020,MKE,WI,AGL,CE,Combined TRACON& Tower with Radar,78,49,6,1,134,0,3,11,0,14,78,52,17,1,148,0,0,0,148
05/09/2020,MKE,WI,AGL,CE,Combined TRACON& Tower with Radar,50,26,9,0,85,0,0,2,0,2,50,26,11,0,87,0,0,0,87
05/10/2020,MKE,WI,AGL,CE,Combined TRACON& Tower with Radar,56,16,4,0,76,0,0,0,0,0,56,16,4,0,76,0,0,0,76
05/11/2020,MKE,WI,AGL,CE,Combined TRACON& Tower with Radar,63,31,11,2,107,0,2,8,0,10,63,33,19,2,117,0,0,0,117
05/12/2020,MKE,WI,AGL,CE,Combined TRACON& Tower with Radar,65,52,18,6,141,0,12,7,0,19,65,64,25,6,160,0,0,0,160
05/13/2020,MKE,WI,AGL,CE,Combined TRACON& Tower with Radar,67,60,3,22,152,0,3,9,0,12,67,63,12,22,164,0,0,0,164
05/14/2020,MKE,WI,AGL,CE,Combined TRACON& Tower with Radar,67,54,6,12,139,0,0,1,0,1,67,54,7,12,140,0,0,0,140
05/15/2020,MKE,WI,AGL,CE,Combined TRACON& Tower with Radar,77,47,12,0,136,0,5,7,0,12,77,52,19,0,148,0,0,0,148
05/16/2020,MKE,WI,AGL,CE,Combined TRACON& Tower with Radar,52,22,16,0,90,0,4,7,0,11,52,26,23,0,101,0,0,0,101
05/17/2020,MKE,WI,AGL,CE,Combined TRACON& Tower with Radar,61,19,6,0,86,0,0,0,0,0,61,19,6,0,86,0,0,0,86
05/18/2020,MKE,WI,AGL,CE,Combined TRACON& Tower with Radar,66,51,15,2,134,0,0,0,0,0,66,51,15,2,134,0,0,0,134
05/19/2020,MKE,WI,AGL,CE,Combined TRACON& Tower with Radar,68,58,9,6,141,0,0,0,0,0,68,58,9,6,141,0,0,0,141
05/20/2020,MKE,WI,AGL,CE,Combined TRACON& Tower with Radar,65,62,4,0,131,0,0,14,0,14,65,62,18,0,145,0,0,0,145
05/21/2020,MKE,WI,AGL,CE,Combined TRACON& Tower with Radar,63,64,18,14,159,0,0,9,5,14,63,64,27,19,173,0,0,0,173
05/22/2020,MKE,WI,AGL,CE,Combined TRACON& Tower with Radar,68,56,22,0,146,0,0,7,0,7,68,56,29,0,153,0,0,0,153
05/23/2020,MKE,WI,AGL,CE,Combined TRACON& Tower with Radar,50,24,5,0,79,0,0,0,0,0,50,24,5,0,79,0,0,0,79
05/24/2020,MKE,WI,AGL,CE,Combined TRACON& Tower with Radar,54,16,12,0,82,0,2,11,0,13,54,18,23,0,95,0,0,0,95
05/25/2020,MKE,WI,AGL,CE,Combined TRACON& Tower with Radar,57,20,8,0,85,0,2,4,2,8,57,22,12,2,93,0,0,0,93
05/26/2020,MKE,WI,AGL,CE,Combined TRACON& Tower with Radar,55,39,25,3,122,0,0,5,1,6,55,39,30,4,128,0,0,0,128
05/27/2020,MKE,WI,AGL,CE,Combined TRACON& Tower with Radar,72,56,3,2,133,0,2,14,0,16,72,58,17,2,149,0,0,0,149
05/28/2020,MKE,WI,AGL,CE,Combined TRACON& Tower with Radar,64,50,8,9,131,0,1,1,0,2,64,51,9,9,133,0,0,0,133
05/29/2020,MKE,WI,AGL,CE,Combined TRACON& Tower with Radar,75,46,14,0,135,0,2,16,0,18,75,48,30,0,153,0,0,0,153
05/30/2020,MKE,WI,AGL,CE,Combined TRACON& Tower with Radar,50,25,8,0,83,0,3,20,2,25,50,28,28,2,108,0,0,0,108
05/31/2020,MKE,WI,AGL,CE,Combined TRACON& Tower with Radar,54,26,14,1,95,0,2,15,5,22,54,28,29,6,117,0,0,0,117
06/01/2020,MKE,WI,AGL,CE,Combined TRACON& Tower with Radar,69,57,8,0,134,0,9,6,7,22,69,66,14,7,156,0,0,0,156
06/02/2020,MKE,WI,AGL,CE,Combined TRACON& Tower with Radar,65,56,8,4,133,0,2,4,1,7,65,58,12,5,140,0,0,0,140
06/03/2020,MKE,WI,AGL,CE,Combined TRACON& Tower with Radar,71,69,21,0,161,0,3,11,7,21,71,72,32,7,182,0,0,0,182
06/04/2020,MKE,WI,AGL,CE,Combined TRACON& Tower with Radar,73,60,14,2,149,0,8,7,9,24,73,68,21,11,173,0,0,0,173
06/05/2020,MKE,WI,AGL,CE,Combined TRACON& Tower with Radar,80,60,21,5,166,0,2,9,8,19,80,62,30,13,185,0,0,0,185
06/06/2020,MKE,WI,AGL,CE,Combined TRACON& Tower with Radar,73,19,11,0,103,0,3,11,0,14,73,22,22,0,117,0,0,0,117
06/07/2020,MKE,WI,AGL,CE,Combined TRACON& Tower with Radar,69,17,9,0,95,0,0,25,0,25,69,17,34,0,120,0,0,0,120
06/08/2020,MKE,WI,AGL,CE,Combined TRACON& Tower with Radar,72,33,13,10,128,0,2,4,0,6,72,35,17,10,134,0,0,0,134
06/09/2020,MKE,WI,AGL,CE,Combined TRACON& Tower with Radar,78,42,16,0,136,0,0,2,0,2,78,42,18,0,138,0,0,0,138
06/10/2020,MKE,WI,AGL,CE,Combined TRACON& Tower with Radar,78,58,8,8,152,0,0,0,0,0,78,58,8,8,152,0,0,0,152
06/11/2020,MKE,WI,AGL,CE,Combined TRACON& Tower with Radar,80,59,18,10,167,0,2,12,2,16,80,61,30,12,183,0,0,0,183
06/12/2020,MKE,WI,AGL,CE,Combined TRACON& Tower with Radar,82,52,15,2,151,0,0,15,0,15,82,52,30,2,166,0,0,0,166
06/13/2020,MKE,WI,AGL,CE,Combined TRACON& Tower with Radar,70,26,4,0,100,0,4,17,0,21,70,30,21,0,121,0,0,0,121
06/14/2020,MKE,WI,AGL,CE,Combined TRACON& Tower with Radar,75,22,11,1,109,0,4,10,0,14,75,26,21,1,123,0,0,0,123
06/15/2020,MKE,WI,AGL,CE,Combined TRACON& Tower with Radar,88,43,10,3,144,0,1,3,0,4,88,44,13,3,148,0,0,0,148
06/16/2020,MKE,WI,AGL,CE,Combined TRACON& Tower with Radar,78,56,14,0,148,0,3,5,0,8,78,59,19,0,156,0,0,0,156
06/17/2020,MKE,WI,AGL,CE,Combined TRACON& Tower with Radar,76,66,11,2,155,0,4,12,3,19,76,70,23,5,174,0,0,0,174
06/18/2020,MKE,WI,AGL,CE,Combined TRACON& Tower with Radar,82,67,11,4,164,0,4,13,0,17,82,71,24,4,181,0,0,0,181
06/19/2020,MKE,WI,AGL,CE,Combined TRACON& Tower with Radar,85,58,16,11,170,0,0,8,0,8,85,58,24,11,178,0,0,0,178
06/20/2020,MKE,WI,AGL,CE,Combined TRACON& Tower with Radar,69,24,7,1,101,0,0,2,0,2,69,24,9,1,103,0,0,0,103
06/21/2020,MKE,WI,AGL,CE,Combined TRACON& Tower with Radar,70,22,10,1,103,0,2,8,0,10,70,24,18,1,113,0,0,0,113
06/22/2020,MKE,WI,AGL,CE,Combined TRACON& Tower with Radar,81,43,8,1,133,0,0,0,0,0,81,43,8,1,133,0,0,0,133
06/23/2020,MKE,WI,AGL,CE,Combined TRACON& Tower with Radar,81,51,15,5,152,0,0,10,3,13,81,51,25,8,165,0,0,0,165
06/24/2020,MKE,WI,AGL,CE,Combined TRACON& Tower with Radar,80,62,13,11,166,0,3,8,0,11,80,65,21,11,177,0,0,0,177
06/25/2020,MKE,WI,AGL,CE,Combined TRACON& Tower with Radar,86,70,18,4,178,0,0,17,0,17,86,70,35,4,195,0,0,0,195
06/26/2020,MKE,WI,AGL,CE,Combined TRACON& Tower with Radar,81,60,12,2,155,0,0,1,2,3,81,60,13,4,158,0,0,0,158
06/27/2020,MKE,WI,AGL,CE,Combined TRACON& Tower with Radar,72,34,17,3,126,0,2,14,1,17,72,36,31,4,143,0,0,0,143
06/28/2020,MKE,WI,AGL,CE,Combined TRACON& Tower with Radar,78,20,7,0,105,0,0,14,2,16,78,20,21,2,121,0,0,0,121
06/29/2020,MKE,WI,AGL,CE,Combined TRACON& Tower with Radar,98,42,7,0,147,0,0,9,0,9,98,42,16,0,156,0,0,0,156
06/30/2020,MKE,WI,AGL,CE,Combined TRACON& Tower with Radar,92,71,20,4,187,0,0,2,0,2,92,71,22,4,189,0,0,0,189
07/01/2020,MKE,WI,AGL,CE,Combined TRACON& Tower with Radar,91,69,19,2,181,0,0,26,0,26,91,69,45,2,207,0,0,0,207
07/02/2020,MKE,WI,AGL,CE,Combined TRACON& Tower with Radar,102,50,14,2,168,0,2,10,0,12,102,52,24,2,180,0,0,0,180
07/03/2020,MKE,WI,AGL,CE,Combined TRACON& Tower with Radar,93,42,6,0,141,0,1,12,1,14,93,43,18,1,155,0,0,0,155
07/04/2020,MKE,WI,AGL,CE,Combined TRACON& Tower with Radar,62,5,3,0,70,0,2,4,0,6,62,7,7,0,76,0,0,0,76
07/05/2020,MKE,WI,AGL,CE,Combined TRACON& Tower with Radar,90,26,16,0,132,0,0,5,0,5,90,26,21,0,137,0,0,0,137
07/06/2020,MKE,WI,AGL,CE,Combined TRACON& Tower with Radar,97,41,12,2,152,0,3,13,0,16,97,44,25,2,168,0,0,0,168
07/07/2020,MKE,WI,AGL,CE,Combined TRACON& Tower with Radar,95,69,12,11,187,0,1,5,0,6,95,70,17,11,193,0,0,0,193
07/08/2020,MKE,WI,AGL,CE,Combined TRACON& Tower with Radar,105,77,7,8,197,0,0,12,0,12,105,77,19,8,209,0,0,0,209
07/09/2020,MKE,WI,AGL,CE,Combined TRACON& Tower with Radar,100,67,18,11,196,0,2,3,1,6,100,69,21,12,202,0,0,0,202
07/10/2020,MKE,WI,AGL,CE,Combined TRACON& Tower with Radar,108,70,12,4,194,0,4,11,0,15,108,74,23,4,209,0,0,0,209
07/11/2020,MKE,WI,AGL,CE,Combined TRACON& Tower with Radar,93,34,6,0,133,0,3,6,0,9,93,37,12,0,142,0,0,0,142
07/12/2020,MKE,WI,AGL,CE,Combined TRACON& Tower with Radar,93,24,21,1,139,0,0,15,0,15,93,24,36,1,154,0,0,0,154
07/13/2020,MKE,WI,AGL,CE,Combined TRACON& Tower with Radar,102,43,10,0,155,0,7,19,0,26,102,50,29,0,181,0,0,0,181
07/14/2020,MKE,WI,AGL,CE,Combined TRACON& Tower with Radar,100,59,6,0,165,0,0,16,0,16,100,59,22,0,181,0,0,0,181
07/15/2020,MKE,WI,AGL,CE,Combined TRACON& Tower with Radar,101,67,13,1,182,0,0,2,1,3,101,67,15,2,185,0,0,0,185
07/16/2020,MKE,WI,AGL,CE,Combined TRACON& Tower with Radar,105,65,20,3,193,0,0,9,5,14,105,65,29,8,207,0,0,0,207
07/17/2020,MKE,WI,AGL,CE,Combined TRACON& Tower with Radar,118,59,13,8,198,0,2,20,0,22,118,61,33,8,220,0,0,0,220
07/18/2020,MKE,WI,AGL,CE,Combined TRACON& Tower with Radar,95,42,2,0,139,0,3,7,0,10,95,45,9,0,149,0,0,0,149
07/19/2020,MKE,WI,AGL,CE,Combined TRACON& Tower with Radar,109,29,9,0,147,0,0,8,0,8,109,29,17,0,155,0,0,0,155
07/20/2020,MKE,WI,AGL,CE,Combined TRACON& Tower with Radar,106,38,15,1,160,0,1,17,3,21,106,39,32,4,181,0,0,0,181
07/21/2020,MKE,WI,AGL,CE,Combined TRACON& Tower with Radar,101,57,13,8,179,0,3,13,0,16,101,60,26,8,195,0,0,0,195
07/22/2020,MKE,WI,AGL,CE,Combined TRACON& Tower with Radar,104,68,17,2,191,0,0,16,0,16,104,68,33,2,207,0,0,0,207
07/23/2020,MKE,WI,AGL,CE,Combined TRACON& Tower with Radar,110,64,25,4,203,0,4,4,0,8,110,68,29,4,211,0,0,0,211
07/24/2020,MKE,WI,AGL,CE,Combined TRACON& Tower with Radar,113,60,16,4,193,0,3,16,0,19,113,63,32,4,212,0,0,0,212
07/25/2020,MKE,WI,AGL,CE,Combined TRACON& Tower with Radar,102,32,8,0,142,0,0,14,0,14,102,32,22,0,156,0,0,0,156
07/26/2020,MKE,WI,AGL,CE,Combined TRACON& Tower with Radar,99,17,9,0,125,0,0,3,0,3,99,17,12,0,128,0,0,0,128
07/27/2020,MKE,WI,AGL,CE,Combined TRACON& Tower with Radar,104,39,20,1,164,0,2,18,0,20,104,41,38,1,184,0,0,0,184
07/28/2020,MKE,WI,AGL,CE,Combined TRACON& Tower with Radar,98,58,9,1,166,0,0,10,0,10,98,58,19,1,176,0,0,0,176
07/29/2020,MKE,WI,AGL,CE,Combined TRACON& Tower with Radar,105,69,17,20,211,0,1,5,0,6,105,70,22,20,217,0,0,0,217
07/30/2020,MKE,WI,AGL,CE,Combined TRACON& Tower with Radar,107,60,16,0,183,0,1,17,0,18,107,61,33,0,201,0,0,0,201
07/31/2020,MKE,WI,AGL,CE,Combined TRACON& Tower with Radar,115,68,24,29,236,0,0,14,0,14,115,68,38,29,250,0,0,0,250
08/01/2020,MKE,WI,AGL,CE,Combined TRACON& Tower with Radar,99,40,16,0,155,0,5,5,1,11,99,45,21,1,166,0,0,0,166
08/02/2020,MKE,WI,AGL,CE,Combined TRACON& Tower with Radar,105,25,22,1,153,0,0,0,0,0,105,25,22,1,153,0,0,0,153
08/03/2020,MKE,WI,AGL,CE,Combined TRACON& Tower with Radar,107,46,20,0,173,0,0,8,0,8,107,46,28,0,181,0,0,0,181
08/04/2020,MKE,WI,AGL,CE,Combined TRACON& Tower with Radar,102,72,16,8,198,0,6,30,6,42,102,78,46,14,240,0,0,0,240
08/05/2020,MKE,WI,AGL,CE,Combined TRACON& Tower with Radar,106,74,16,4,200,0,2,13,3,18,106,76,29,7,218,0,0,0,218
08/06/2020,MKE,WI,AGL,CE,Combined TRACON& Tower with Radar,113,73,24,1,211,0,4,16,1,21,113,77,40,2,232,0,0,0,232
08/07/2020,MKE,WI,AGL,CE,Combined TRACON& Tower with Radar,117,76,24,9,226,0,0,28,0,28,117,76,52,9,254,0,0,0,254
08/08/2020,MKE,WI,AGL,CE,Combined TRACON& Tower with Radar,99,48,8,0,155,0,0,4,0,4,99,48,12,0,159,0,0,0,159
08/09/2020,MKE,WI,AGL,CE,Combined TRACON& Tower with Radar,102,20,23,0,145,0,2,1,0,3,102,22,24,0,148,0,0,0,148
08/10/2020,MKE,WI,AGL,CE,Combined TRACON& Tower with Radar,110,50,7,5,172,0,0,1,0,1,110,50,8,5,173,0,0,0,173
08/11/2020,MKE,WI,AGL,CE,Combined TRACON& Tower with Radar,118,68,15,15,216,0,3,16,5,24,118,71,31,20,240,0,0,0,240
08/12/2020,MKE,WI,AGL,CE,Combined TRACON& Tower with Radar,127,72,22,13,234,0,1,22,0,23,127,73,44,13,257,0,0,0,257
08/13/2020,MKE,WI,AGL,CE,Combined TRACON& Tower with Radar,119,69,19,4,211,0,4,19,0,23,119,73,38,4,234,0,0,0,234
08/14/2020,MKE,WI,AGL,CE,Combined TRACON& Tower with Radar,120,68,10,5,203,0,2,21,0,23,120,70,31,5,226,0,0,0,226
08/15/2020,MKE,WI,AGL,CE,Combined TRACON& Tower with Radar,110,42,9,1,162,0,4,14,1,19,110,46,23,2,181,0,0,0,181
08/16/2020,MKE,WI,AGL,CE,Combined TRACON& Tower with Radar,113,28,9,2,152,0,9,11,1,21,113,37,20,3,173,0,0,0,173
08/17/2020,MKE,WI,AGL,CE,Combined TRACON& Tower with Radar,120,37,15,5,177,0,5,3,0,8,120,42,18,5,185,0,0,0,185
08/18/2020,MKE,WI,AGL,CE,Combined TRACON& Tower with Radar,117,63,11,17,208,0,9,4,1,14,117,72,15,18,222,0,0,0,222
08/19/2020,MKE,WI,AGL,CE,Combined TRACON& Tower with Radar,120,71,20,13,224,0,5,5,5,15,120,76,25,18,239,0,0,0,239
08/20/2020,MKE,WI,AGL,CE,Combined TRACON& Tower with Radar,120,82,18,13,233,0,4,4,4,12,120,86,22,17,245,0,0,0,245
08/21/2020,MKE,WI,AGL,CE,Combined TRACON& Tower with Radar,129,70,27,1,227,0,2,7,0,9,129,72,34,1,236,0,0,0,236
08/22/2020,MKE,WI,AGL,CE,Combined TRACON& Tower with Radar,110,40,14,1,165,0,4,1,0,5,110,44,15,1,170,0,0,0,170
08/23/2020,MKE,WI,AGL,CE,Combined TRACON& Tower with Radar,117,44,16,2,179,0,0,5,0,5,117,44,21,2,184,0,0,0,184
08/24/2020,MKE,WI,AGL,CE,Combined TRACON& Tower with Radar,112,49,16,15,192,0,4,13,6,23,112,53,29,21,215,0,0,0,215
08/25/2020,MKE,WI,AGL,CE,Combined TRACON& Tower with Radar,116,66,20,0,202,0,2,3,1,6,116,68,23,1,208,0,0,0,208
08/26/2020,MKE,WI,AGL,CE,Combined TRACON& Tower with Radar,116,81,21,1,219,0,4,9,1,14,116,85,30,2,233,0,0,0,233
08/27/2020,MKE,WI,AGL,CE,Combined TRACON& Tower with Radar,124,82,22,1,229,0,2,3,0,5,124,84,25,1,234,0,0,0,234
08/28/2020,MKE,WI,AGL,CE,Combined TRACON& Tower with Radar,125,80,19,24,248,0,2,8,0,10,125,82,27,24,258,0,0,0,258
08/29/2020,MKE,WI,AGL,CE,Combined TRACON& Tower with Radar,113,42,6,1,162,0,2,3,0,5,113,44,9,1,167,0,0,0,167
08/30/2020,MKE,WI,AGL,CE,Combined TRACON& Tower with Radar,112,39,14,0,165,0,0,12,0,12,112,39,26,0,177,0,0,0,177
08/31/2020,MKE,WI,AGL,CE,Combined TRACON& Tower with Radar,120,64,28,2,214,0,0,7,0,7,120,64,35,2,221,0,0,0,221
09/01/2020,MKE,WI,AGL,CE,Combined TRACON& Tower with Radar,115,76,17,4,212,0,0,0,0,0,115,76,17,4,212,0,0,0,212
09/02/2020,MKE,WI,AGL,CE,Combined TRACON& Tower with Radar,119,77,16,10,222,0,9,17,0,26,119,86,33,10,248,0,0,0,248
09/03/2020,MKE,WI,AGL,CE,Combined TRACON& Tower with Radar,121,85,20,16,242,0,4,1,0,5,121,89,21,16,247,0,0,0,247
09/04/2020,MKE,WI,AGL,CE,Combined TRACON& Tower with Radar,122,64,16,0,202,0,9,17,0,26,122,73,33,0,228,0,0,0,228
09/05/2020,MKE,WI,AGL,CE,Combined TRACON& Tower with Radar,105,34,3,1,143,0,3,6,0,9,105,37,9,1,152,0,0,0,152
09/06/2020,MKE,WI,AGL,CE,Combined TRACON& Tower with Radar,85,19,6,0,110,0,0,0,0,0,85,19,6,0,110,0,0,0,110
09/07/2020,MKE,WI,AGL,CE,Combined TRACON& Tower with Radar,93,27,17,1,138,0,2,16,0,18,93,29,33,1,156,0,0,0,156
09/08/2020,MKE,WI,AGL,CE,Combined TRACON& Tower with Radar,98,66,18,1,183,0,0,1,0,1,98,66,19,1,184,0,0,0,184
09/09/2020,MKE,WI,AGL,CE,Combined TRACON& Tower with Radar,103,82,15,7,207,0,0,0,0,0,103,82,15,7,207,0,0,0,207
09/10/2020,MKE,WI,AGL,CE,Combined TRACON& Tower with Radar,102,73,17,11,203,0,0,0,0,0,102,73,17,11,203,0,0,0,203
09/11/2020,MKE,WI,AGL,CE,Combined TRACON& Tower with Radar,107,76,13,8,204,0,0,4,0,4,107,76,17,8,208,0,0,0,208
09/12/2020,MKE,WI,AGL,CE,Combined TRACON& Tower with Radar,89,32,8,2,131,0,0,0,0,0,89,32,8,2,131,0,0,0,131
09/13/2020,MKE,WI,AGL,CE,Combined TRACON& Tower with Radar,91,35,15,1,142,0,1,8,0,9,91,36,23,1,151,0,0,0,151
09/14/2020,MKE,WI,AGL,CE,Combined TRACON& Tower with Radar,91,48,21,3,163,0,4,6,0,10,91,52,27,3,173,0,0,0,173
09/15/2020,MKE,WI,AGL,CE,Combined TRACON& Tower with Radar,94,61,19,4,178,0,3,17,0,20,94,64,36,4,198,0,0,0,198
09/16/2020,MKE,WI,AGL,CE,Combined TRACON& Tower with Radar,97,56,13,3,169,0,2,11,0,13,97,58,24,3,182,0,0,0,182
09/17/2020,MKE,WI,AGL,CE,Combined TRACON& Tower with Radar,99,66,20,12,197,0,5,15,0,20,99,71,35,12,217,0,0,0,217
09/18/2020,MKE,WI,AGL,CE,Combined TRACON& Tower with Radar,105,73,21,20,219,0,2,20,0,22,105,75,41,20,241,0,0,0,241
09/19/2020,MKE,WI,AGL,CE,Combined TRACON& Tower with Radar,90,27,3,1,121,0,5,13,0,18,90,32,16,1,139,0,0,0,139
09/20/2020,MKE,WI,AGL,CE,Combined TRACON& Tower with Radar,94,30,11,1,136,0,4,15,0,19,94,34,26,1,155,0,0,0,155
09/21/2020,MKE,WI,AGL,CE,Combined TRACON& Tower with Radar,93,50,13,15,171,0,0,3,0,3,93,50,16,15,174,0,0,0,174
09/22/2020,MKE,WI,AGL,CE,Combined TRACON& Tower with Radar,97,65,9,9,180,0,0,17,0,17,97,65,26,9,197,0,0,0,197
09/23/2020,MKE,WI,AGL,CE,Combined TRACON& Tower with Radar,105,75,13,2,195,0,4,13,0,17,105,79,26,2,212,0,0,0,212
09/24/2020,MKE,WI,AGL,CE,Combined TRACON& Tower with Radar,100,72,10,6,188,0,0,11,12,23,100,72,21,18,211,0,0,0,211
09/25/2020,MKE,WI,AGL,CE,Combined TRACON& Tower with Radar,105,63,11,17,196,0,2,20,0,22,105,65,31,17,218,0,0,0,218
09/26/2020,MKE,WI,AGL,CE,Combined TRACON& Tower with Radar,91,42,6,2,141,0,4,11,0,15,91,46,17,2,156,0,0,0,156
09/27/2020,MKE,WI,AGL,CE,Combined TRACON& Tower with Radar,89,38,18,2,147,0,5,11,0,16,89,43,29,2,163,0,0,0,163
09/28/2020,MKE,WI,AGL,CE,Combined TRACON& Tower with Radar,95,47,14,0,156,0,2,0,0,2,95,49,14,0,158,0,0,0,158
09/29/2020,MKE,WI,AGL,CE,Combined TRACON& Tower with Radar,97,75,9,13,194,0,0,12,1,13,97,75,21,14,207,0,0,0,207
09/30/2020,MKE,WI,AGL,CE,Combined TRACON& Tower with Radar,98,82,16,4,200,0,2,2,1,5,98,84,18,5,205,0,0,0,205
10/01/2020,MKE,WI,AGL,CE,Combined TRACON& Tower with Radar,102,79,27,8,216,0,0,6,0,6,102,79,33,8,222,0,0,0,222
10/02/2020,MKE,WI,AGL,CE,Combined TRACON& Tower with Radar,115,76,19,7,217,0,1,10,0,11,115,77,29,7,228,0,0,0,228
10/03/2020,MKE,WI,AGL,CE,Combined TRACON& Tower with Radar,93,27,10,2,132,0,0,7,0,7,93,27,17,2,139,0,0,0,139
10/04/2020,MKE,WI,AGL,CE,Combined TRACON& Tower with Radar,92,48,6,0,146,0,4,12,0,16,92,52,18,0,162,0,0,0,162
10/05/2020,MKE,WI,AGL,CE,Combined TRACON& Tower with Radar,95,50,22,10,177,0,2,17,0,19,95,52,39,10,196,0,0,0,196
10/06/2020,MKE,WI,AGL,CE,Combined TRACON& Tower with Radar,95,68,27,2,192,0,4,10,0,14,95,72,37,2,206,0,0,0,206
10/07/2020,MKE,WI,AGL,CE,Combined TRACON& Tower with Radar,98,69,10,8,185,0,0,8,0,8,98,69,18,8,193,0,0,0,193
10/08/2020,MKE,WI,AGL,CE,Combined TRACON& Tower with Radar,114,79,13,6,212,0,2,12,0,14,114,81,25,6,226,0,0,0,226
10/09/2020,MKE,WI,AGL,CE,Combined TRACON& Tower with Radar,120,63,14,2,199,0,8,9,0,17,120,71,23,2,216,0,0,0,216
10/10/2020,MKE,WI,AGL,CE,Combined TRACON& Tower with Radar,106,32,12,0,150,0,0,9,0,9,106,32,21,0,159,0,0,0,159
10/11/2020,MKE,WI,AGL,CE,Combined TRACON& Tower with Radar,107,24,12,0,143,0,4,6,0,10,107,28,18,0,153,0,0,0,153
10/12/2020,MKE,WI,AGL,CE,Combined TRACON& Tower with Radar,111,47,15,2,175,0,0,1,0,1,111,47,16,2,176,0,0,0,176
10/13/2020,MKE,WI,AGL,CE,Combined TRACON& Tower with Radar,104,70,14,7,195,0,3,4,6,13,104,73,18,13,208,0,0,0,208
10/14/2020,MKE,WI,AGL,CE,Combined TRACON& Tower with Radar,109,65,11,13,198,0,10,2,0,12,109,75,13,13,210,0,0,0,210
10/15/2020,MKE,WI,AGL,CE,Combined TRACON& Tower with Radar,109,77,20,13,219,0,9,12,0,21,109,86,32,13,240,0,0,0,240
10/16/2020,MKE,WI,AGL,CE,Combined TRACON& Tower with Radar,122,59,7,0,188,0,8,3,0,11,122,67,10,0,199,0,0,0,199
10/17/2020,MKE,WI,AGL,CE,Combined TRACON& Tower with Radar,107,24,10,4,145,0,0,2,0,2,107,24,12,4,147,0,0,0,147
10/18/2020,MKE,WI,AGL,CE,Combined TRACON& Tower with Radar,110,39,6,0,155,0,4,5,0,9,110,43,11,0,164,0,0,0,164
10/19/2020,MKE,WI,AGL,CE,Combined TRACON& Tower with Radar,113,46,8,10,177,0,2,11,0,13,113,48,19,10,190,0,0,0,190
10/20/2020,MKE,WI,AGL,CE,Combined TRACON& Tower with Radar,99,62,8,11,180,0,0,11,1,12,99,62,19,12,192,0,0,0,192
10/21/2020,MKE,WI,AGL,CE,Combined TRACON& Tower with Radar,107,59,18,3,187,0,3,16,0,19,107,62,34,3,206,0,0,0,206
10/22/2020,MKE,WI,AGL,CE,Combined TRACON& Tower with Radar,115,70,17,2,204,0,0,0,0,0,115,70,17,2,204,0,0,0,204
10/23/2020,MKE,WI,AGL,CE,Combined TRACON& Tower with Radar,119,60,10,5,194,0,1,0,0,1,119,61,10,5,195,0,0,0,195
10/24/2020,MKE,WI,AGL,CE,Combined TRACON& Tower with Radar,98,29,7,15,149,0,0,8,9,17,98,29,15,24,166,0,0,0,166
10/25/2020,MKE,WI,AGL,CE,Combined TRACON& Tower with Radar,94,27,5,4,130,0,0,1,1,2,94,27,6,5,132,0,0,0,132
10/26/2020,MKE,WI,AGL,CE,Combined TRACON& Tower with Radar,93,49,24,2,168,0,0,0,0,0,93,49,24,2,168,0,0,0,168
10/27/2020,MKE,WI,AGL,CE,Combined TRACON& Tower with Radar,91,59,18,20,188,0,2,7,0,9,91,61,25,20,197,0,0,0,197
10/28/2020,MKE,WI,AGL,CE,Combined TRACON& Tower with Radar,102,51,25,12,190,0,0,15,0,15,102,51,40,12,205,0,0,0,205
10/29/2020,MKE,WI,AGL,CE,Combined TRACON& Tower with Radar,96,58,12,5,171,0,0,3,0,3,96,58,15,5,174,0,0,0,174
10/30/2020,MKE,WI,AGL,CE,Combined TRACON& Tower with Radar,108,66,18,10,202,0,0,21,0,21,108,66,39,10,223,0,0,0,223
10/31/2020,MKE,WI,AGL,CE,Combined TRACON& Tower with Radar,81,38,5,4,128,0,7,6,0,13,81,45,11,4,141,0,0,0,141
11/01/2020,MKE,WI,AGL,CE,Combined TRACON& Tower with Radar,84,30,11,3,128,0,0,1,0,1,84,30,12,3,129,0,0,0,129
11/02/2020,MKE,WI,AGL,CE,Combined TRACON& Tower with Radar,94,48,17,8,167,0,9,2,3,14,94,57,19,11,181,0,0,0,181
11/03/2020,MKE,WI,AGL,CE,Combined TRACON& Tower with Radar,90,62,13,8,173,0,1,10,1,12,90,63,23,9,185,0,0,0,185
11/04/2020,MKE,WI,AGL,CE,Combined TRACON& Tower with Radar,102,67,5,2,176,0,2,11,0,13,102,69,16,2,189,0,0,0,189
11/05/2020,MKE,WI,AGL,CE,Combined TRACON& Tower with Radar,120,70,14,5,209,0,2,16,0,18,120,72,30,5,227,0,0,0,227
11/06/2020,MKE,WI,AGL,CE,Combined TRACON& Tower with Radar,120,67,13,5,205,0,2,14,0,16,120,69,27,5,221,0,0,0,221
11/07/2020,MKE,WI,AGL,CE,Combined TRACON& Tower with Radar,99,33,13,1,146,0,2,16,0,18,99,35,29,1,164,0,0,0,164
11/08/2020,MKE,WI,AGL,CE,Combined TRACON& Tower with Radar,105,32,7,9,153,0,0,9,0,9,105,32,16,9,162,0,0,0,162
11/09/2020,MKE,WI,AGL,CE,Combined TRACON& Tower with Radar,77,41,15,1,134,0,2,3,0,5,77,43,18,1,139,0,0,0,139
11/10/2020,MKE,WI,AGL,CE,Combined TRACON& Tower with Radar,93,52,6,0,151,0,0,0,0,0,93,52,6,0,151,0,0,0,151
11/11/2020,MKE,WI,AGL,CE,Combined TRACON& Tower with Radar,96,62,15,7,180,0,2,7,0,9,96,64,22,7,189,0,0,0,189
11/12/2020,MKE,WI,AGL,CE,Combined TRACON& Tower with Radar,114,63,16,8,201,0,4,14,0,18,114,67,30,8,219,0,0,0,219
11/13/2020,MKE,WI,AGL,CE,Combined TRACON& Tower with Radar,117,66,23,5,211,0,0,19,0,19,117,66,42,5,230,0,0,0,230
11/14/2020,MKE,WI,AGL,CE,Combined TRACON& Tower with Radar,103,30,12,1,146,0,0,9,0,9,103,30,21,1,155,0,0,0,155
11/15/2020,MKE,WI,AGL,CE,Combined TRACON& Tower with Radar,106,25,9,0,140,0,0,0,0,0,106,25,9,0,140,0,0,0,140
11/16/2020,MKE,WI,AGL,CE,Combined TRACON& Tower with Radar,113,61,14,5,193,0,0,4,0,4,113,61,18,5,197,0,0,0,197
11/17/2020,MKE,WI,AGL,CE,Combined TRACON& Tower with Radar,98,61,11,2,172,0,0,13,0,13,98,61,24,2,185,0,0,0,185
11/18/2020,MKE,WI,AGL,CE,Combined TRACON& Tower with Radar,101,60,14,4,179,0,4,0,0,4,101,64,14,4,183,0,0,0,183
11/19/2020,MKE,WI,AGL,CE,Combined TRACON& Tower with Radar,116,64,19,1,200,0,3,3,1,7,116,67,22,2,207,0,0,0,207
11/20/2020,MKE,WI,AGL,CE,Combined TRACON& Tower with Radar,124,64,10,5,203,0,3,9,0,12,124,67,19,5,215,0,0,0,215
11/21/2020,MKE,WI,AGL,CE,Combined TRACON& Tower with Radar,122,34,14,0,170,0,5,13,0,18,122,39,27,0,188,0,0,0,188
11/22/2020,MKE,WI,AGL,CE,Combined TRACON& Tower with Radar,109,26,13,0,148,0,4,10,0,14,109,30,23,0,162,0,0,0,162
11/23/2020,MKE,WI,AGL,CE,Combined TRACON& Tower with Radar,123,54,11,8,196,0,1,12,0,13,123,55,23,8,209,0,0,0,209
11/24/2020,MKE,WI,AGL,CE,Combined TRACON& Tower with Radar,144,61,14,6,225,1,0,2,0,3,145,61,16,6,228,0,0,0,228
11/25/2020,MKE,WI,AGL,CE,Combined TRACON& Tower with Radar,140,55,18,0,213,0,0,0,0,0,140,55,18,0,213,0,0,0,213
11/26/2020,MKE,WI,AGL,CE,Combined TRACON& Tower with Radar,60,11,6,0,77,0,0,2,0,2,60,11,8,0,79,0,0,0,79
11/27/2020,MKE,WI,AGL,CE,Combined TRACON& Tower with Radar,110,51,10,0,171,0,4,10,0,14,110,55,20,0,185,0,0,0,185
11/28/2020,MKE,WI,AGL,CE,Combined TRACON& Tower with Radar,127,53,9,0,189,0,0,13,0,13,127,53,22,0,202,0,0,0,202
11/29/2020,MKE,WI,AGL,CE,Combined TRACON& Tower with Radar,124,42,16,0,182,0,2,6,1,9,124,44,22,1,191,0,0,0,191
11/30/2020,MKE,WI,AGL,CE,Combined TRACON& Tower with Radar,131,60,15,3,209,0,2,0,0,2,131,62,15,3,211,0,0,0,211
12/01/2020,MKE,WI,AGL,CE,Combined TRACON& Tower with Radar,115,74,11,4,204,0,7,7,0,14,115,81,18,4,218,0,0,0,218
12/02/2020,MKE,WI,AGL,CE,Combined TRACON& Tower with Radar,94,77,24,8,203,0,8,17,0,25,94,85,41,8,228,0,0,0,228
12/03/2020,MKE,WI,AGL,CE,Combined TRACON& Tower with Radar,96,91,12,6,205,0,0,1,0,1,96,91,13,6,206,0,0,0,206
12/04/2020,MKE,WI,AGL,CE,Combined TRACON& Tower with Radar,91,70,10,15,186,0,8,5,6,19,91,78,15,21,205,0,0,0,205
12/05/2020,MKE,WI,AGL,CE,Combined TRACON& Tower with Radar,84,36,10,2,132,0,7,17,0,24,84,43,27,2,156,0,0,0,156
12/06/2020,MKE,WI,AGL,CE,Combined TRACON& Tower with Radar,80,24,8,3,115,0,2,6,0,8,80,26,14,3,123,0,0,0,123
12/07/2020,MKE,WI,AGL,CE,Combined TRACON& Tower with Radar,89,57,23,1,170,0,1,8,0,9,89,58,31,1,179,0,0,0,179
12/08/2020,MKE,WI,AGL,CE,Combined TRACON& Tower with Radar,83,70,9,8,170,0,2,1,0,3,83,72,10,8,173,0,0,0,173
12/09/2020,MKE,WI,AGL,CE,Combined TRACON& Tower with Radar,89,67,11,9,176,0,3,20,0,23,89,70,31,9,199,0,0,0,199
12/10/2020,MKE,WI,AGL,CE,Combined TRACON& Tower with Radar,98,79,21,0,198,0,1,19,0,20,98,80,40,0,218,0,0,0,218
12/11/2020,MKE,WI,AGL,CE,Combined TRACON& Tower with Radar,96,61,14,3,174,0,0,1,0,1,96,61,15,3,175,0,0,0,175
12/12/2020,MKE,WI,AGL,CE,Combined TRACON& Tower with Radar,82,40,7,1,130,0,0,1,0,1,82,40,8,1,131,0,0,0,131
12/13/2020,MKE,WI,AGL,CE,Combined TRACON& Tower with Radar,86,24,6,1,117,0,0,4,0,4,86,24,10,1,121,0,0,0,121
12/14/2020,MKE,WI,AGL,CE,Combined TRACON& Tower with Radar,90,55,32,4,181,0,2,27,0,29,90,57,59,4,210,0,0,0,210
12/15/2020,MKE,WI,AGL,CE,Combined TRACON& Tower with Radar,88,69,12,5,174,0,2,7,0,9,88,71,19,5,183,0,0,0,183
12/16/2020,MKE,WI,AGL,CE,Combined TRACON& Tower with Radar,95,65,12,0,172,0,0,1,0,1,95,65,13,0,173,0,0,0,173
12/17/2020,MKE,WI,AGL,CE,Combined TRACON& Tower with Radar,116,76,20,5,217,0,8,16,0,24,116,84,36,5,241,0,0,0,241
12/18/2020,MKE,WI,AGL,CE,Combined TRACON& Tower with Radar,112,74,16,18,220,0,3,10,0,13,112,77,26,18,233,0,0,0,233
12/19/2020,MKE,WI,AGL,CE,Combined TRACON& Tower with Radar,109,52,9,0,170,0,0,0,0,0,109,52,9,0,170,0,0,0,170
12/20/2020,MKE,WI,AGL,CE,Combined TRACON& Tower with Radar,98,27,14,0,139,0,2,10,0,12,98,29,24,0,151,0,0,0,151
12/21/2020,MKE,WI,AGL,CE,Combined TRACON& Tower with Radar,107,44,11,0,162,0,0,3,1,4,107,44,14,1,166,0,0,0,166
12/22/2020,MKE,WI,AGL,CE,Combined TRACON& Tower with Radar,117,62,10,14,203,0,5,7,0,12,117,67,17,14,215,0,0,0,215
12/23/2020,MKE,WI,AGL,CE,Combined TRACON& Tower with Radar,122,74,22,0,218,0,1,7,0,8,122,75,29,0,226,0,0,0,226
12/24/2020,MKE,WI,AGL,CE,Combined TRACON& Tower with Radar,88,57,0,0,145,0,2,1,0,3,88,59,1,0,148,0,0,0,148
12/25/2020,MKE,WI,AGL,CE,Combined TRACON& Tower with Radar,63,15,2,0,80,0,2,2,0,4,63,17,4,0,84,0,0,0,84
12/26/2020,MKE,WI,AGL,CE,Combined TRACON& Tower with Radar,113,61,11,0,185,0,6,13,0,19,113,67,24,0,204,0,0,0,204
12/27/2020,MKE,WI,AGL,CE,Combined TRACON& Tower with Radar,106,35,15,0,156,0,0,2,0,2,106,35,17,0,158,0,0,0,158
12/28/2020,MKE,WI,AGL,CE,Combined TRACON& Tower with Radar,96,65,13,1,175,0,2,13,0,15,96,67,26,1,190,0,0,0,190
12/29/2020,MKE,WI,AGL,CE,Combined TRACON& Tower with Radar,106,70,9,0,185,0,1,6,0,7,106,71,15,0,192,0,0,0,192
12/30/2020,MKE,WI,AGL,CE,Combined TRACON& Tower with Radar,112,74,16,1,203,0,4,0,0,4,112,78,16,1,207,0,0,0,207
12/31/2020,MKE,WI,AGL,CE,Combined TRACON& Tower with Radar,93,45,1,0,139,0,0,2,0,2,93,45,3,0,141,0,0,0,141
01/01/2021,MKE,WI,AGL,CE,Combined TRACON& Tower with Radar,74,21,7,0,102,0,0,0,0,0,74,21,7,0,102,0,0,0,102
01/02/2021,MKE,WI,AGL,CE,Combined TRACON& Tower with Radar,112,56,16,0,184,0,0,0,0,0,112,56,16,0,184,0,0,0,184
01/03/2021,MKE,WI,AGL,CE,Combined TRACON& Tower with Radar,119,35,17,0,171,0,0,5,0,5,119,35,22,0,176,0,0,0,176
01/04/2021,MKE,WI,AGL,CE,Combined TRACON& Tower with Radar,105,58,10,0,173,0,0,0,0,0,105,58,10,0,173,0,0,0,173
01/05/2021,MKE,WI,AGL,CE,Combined TRACON& Tower with Radar,108,65,8,0,181,0,0,2,0,2,108,65,10,0,183,0,0,0,183
01/06/2021,MKE,WI,AGL,CE,Combined TRACON& Tower with Radar,102,71,20,10,203,0,0,6,0,6,102,71,26,10,209,0,0,0,209
01/07/2021,MKE,WI,AGL,CE,Combined TRACON& Tower with Radar,100,76,4,0,180,0,0,2,0,2,100,76,6,0,182,0,0,0,182
01/08/2021,MKE,WI,AGL,CE,Combined TRACON& Tower with Radar,99,64,15,6,184,0,0,0,0,0,99,64,15,6,184,0,0,0,184
01/09/2021,MKE,WI,AGL,CE,Combined TRACON& Tower with Radar,90,46,13,0,149,0,0,15,0,15,90,46,28,0,164,0,0,0,164
01/10/2021,MKE,WI,AGL,CE,Combined TRACON& Tower with Radar,92,30,11,6,139,0,0,0,0,0,92,30,11,6,139,0,0,0,139
01/11/2021,MKE,WI,AGL,CE,Combined TRACON& Tower with Radar,90,48,7,1,146,0,0,1,0,1,90,48,8,1,147,0,0,0,147
01/12/2021,MKE,WI,AGL,CE,Combined TRACON& Tower with Radar,88,63,7,6,164,0,0,0,0,0,88,63,7,6,164,0,0,0,164
01/13/2021,MKE,WI,AGL,CE,Combined TRACON& Tower with Radar,85,53,14,7,159,0,9,14,0,23,85,62,28,7,182,0,0,0,182
01/14/2021,MKE,WI,AGL,CE,Combined TRACON& Tower with Radar,100,74,9,3,186,0,4,0,0,4,100,78,9,3,190,0,0,0,190
01/15/2021,MKE,WI,AGL,CE,Combined TRACON& Tower with Radar,102,71,17,0,190,0,2,4,0,6,102,73,21,0,196,0,0,0,196
01/16/2021,MKE,WI,AGL,CE,Combined TRACON& Tower with Radar,85,40,6,14,145,0,2,3,0,5,85,42,9,14,150,0,0,0,150
01/17/2021,MKE,WI,AGL,CE,Combined TRACON& Tower with Radar,87,40,10,6,143,0,2,0,0,2,87,42,10,6,145,0,0,0,145
01/18/2021,MKE,WI,AGL,CE,Combined TRACON& Tower with Radar,89,39,3,1,132,0,3,3,3,9,89,42,6,4,141,0,0,0,141
01/19/2021,MKE,WI,AGL,CE,Combined TRACON& Tower with Radar,92,61,5,5,163,0,0,2,0,2,92,61,7,5,165,0,0,0,165
01/20/2021,MKE,WI,AGL,CE,Combined TRACON& Tower with Radar,87,67,12,8,174,0,2,15,0,17,87,69,27,8,191,0,0,0,191
01/21/2021,MKE,WI,AGL,CE,Combined TRACON& Tower with Radar,95,90,7,11,203,0,2,6,0,8,95,92,13,11,211,0,0,0,211
01/22/2021,MKE,WI,AGL,CE,Combined TRACON& Tower with Radar,100,72,19,2,193,0,8,9,0,17,100,80,28,2,210,0,0,0,210
01/23/2021,MKE,WI,AGL,CE,Combined TRACON& Tower with Radar,84,38,15,0,137,0,3,19,0,22,84,41,34,0,159,0,0,0,159
01/24/2021,MKE,WI,AGL,CE,Combined TRACON& Tower with Radar,88,42,11,0,141,0,0,2,0,2,88,42,13,0,143,0,0,0,143
01/25/2021,MKE,WI,AGL,CE,Combined TRACON& Tower with Radar,86,49,16,12,163,0,0,2,0,2,86,49,18,12,165,0,0,0,165
01/26/2021,MKE,WI,AGL,CE,Combined TRACON& Tower with Radar,91,67,6,0,164,0,2,0,0,2,91,69,6,0,166,0,0,0,166
01/27/2021,MKE,WI,AGL,CE,Combined TRACON& Tower with Radar,89,74,16,27,206,0,0,9,0,9,89,74,25,27,215,0,0,0,215
01/28/2021,MKE,WI,AGL,CE,Combined TRACON& Tower with Radar,92,84,29,2,207,0,2,22,0,24,92,86,51,2,231,0,0,0,231
01/29/2021,MKE,WI,AGL,CE,Combined TRACON& Tower with Radar,107,66,23,4,200,0,0,12,0,12,107,66,35,4,212,0,0,0,212
01/30/2021,MKE,WI,AGL,CE,Combined TRACON& Tower with Radar,80,54,13,0,147,0,2,3,0,5,80,56,16,0,152,0,0,0,152
01/31/2021,MKE,WI,AGL,CE,Combined TRACON& Tower with Radar,86,22,6,0,114,0,0,0,0,0,86,22,6,0,114,0,0,0,114
02/01/2021,MKE,WI,AGL,CE,Combined TRACON& Tower with Radar,90,47,12,6,155,0,0,6,0,6,90,47,18,6,161,0,0,0,161
02/02/2021,MKE,WI,AGL,CE,Combined TRACON& Tower with Radar,91,65,19,17,192,0,2,8,0,10,91,67,27,17,202,0,0,0,202
02/03/2021,MKE,WI,AGL,CE,Combined TRACON& Tower with Radar,97,65,14,6,182,0,6,14,0,20,97,71,28,6,202,0,0,0,202
02/04/2021,MKE,WI,AGL,CE,Combined TRACON& Tower with Radar,102,62,21,2,187,0,5,0,0,5,102,67,21,2,192,0,0,0,192
02/05/2021,MKE,WI,AGL,CE,Combined TRACON& Tower with Radar,102,72,16,0,190,0,2,1,0,3,102,74,17,0,193,0,0,0,193
02/06/2021,MKE,WI,AGL,CE,Combined TRACON& Tower with Radar,90,46,8,2,146,0,0,5,0,5,90,46,13,2,151,0,0,0,151
02/07/2021,MKE,WI,AGL,CE,Combined TRACON& Tower with Radar,82,32,9,2,125,0,4,1,0,5,82,36,10,2,130,0,0,0,130
02/08/2021,MKE,WI,AGL,CE,Combined TRACON& Tower with Radar,95,63,21,0,179,0,3,0,0,3,95,66,21,0,182,0,0,0,182
02/09/2021,MKE,WI,AGL,CE,Combined TRACON& Tower with Radar,90,58,10,6,164,0,6,2,0,8,90,64,12,6,172,0,0,0,172
02/10/2021,MKE,WI,AGL,CE,Combined TRACON& Tower with Radar,85,73,22,0,180,0,8,8,0,16,85,81,30,0,196,0,0,0,196
02/11/2021,MKE,WI,AGL,CE,Combined TRACON& Tower with Radar,103,65,21,8,197,0,0,10,10,20,103,65,31,18,217,0,0,0,217
02/12/2021,MKE,WI,AGL,CE,Combined TRACON& Tower with Radar,114,66,10,0,190,0,3,8,0,11,114,69,18,0,201,0,0,0,201
02/13/2021,MKE,WI,AGL,CE,Combined TRACON& Tower with Radar,100,39,7,0,146,0,0,0,0,0,100,39,7,0,146,0,0,0,146
02/14/2021,MKE,WI,AGL,CE,Combined TRACON& Tower with Radar,83,21,15,2,121,0,0,1,2,3,83,21,16,4,124,0,0,0,124
02/15/2021,MKE,WI,AGL,CE,Combined TRACON& Tower with Radar,93,55,11,2,161,0,4,0,0,4,93,59,11,2,165,0,0,0,165
02/16/2021,MKE,WI,AGL,CE,Combined TRACON& Tower with Radar,75,54,15,2,146,0,12,0,1,13,75,66,15,3,159,0,0,0,159
02/17/2021,MKE,WI,AGL,CE,Combined TRACON& Tower with Radar,79,81,10,6,176,0,3,7,0,10,79,84,17,6,186,0,0,0,186
02/18/2021,MKE,WI,AGL,CE,Combined TRACON& Tower with Radar,94,83,18,13,208,0,2,10,0,12,94,85,28,13,220,0,0,0,220
02/19/2021,MKE,WI,AGL,CE,Combined TRACON& Tower with Radar,101,71,20,4,196,0,0,4,0,4,101,71,24,4,200,0,0,0,200
02/20/2021,MKE,WI,AGL,CE,Combined TRACON& Tower with Radar,98,51,10,3,162,0,2,12,0,14,98,53,22,3,176,0,0,0,176
02/21/2021,MKE,WI,AGL,CE,Combined TRACON& Tower with Radar,97,40,5,9,151,0,0,0,0,0,97,40,5,9,151,0,0,0,151
02/22/2021,MKE,WI,AGL,CE,Combined TRACON& Tower with Radar,101,70,9,0,180,0,1,0,0,1,101,71,9,0,181,0,0,0,181
02/23/2021,MKE,WI,AGL,CE,Combined TRACON& Tower with Radar,97,77,32,5,211,0,2,9,0,11,97,79,41,5,222,0,0,0,222
02/24/2021,MKE,WI,AGL,CE,Combined TRACON& Tower with Radar,92,78,12,14,196,0,0,6,1,7,92,78,18,15,203,0,0,0,203
02/25/2021,MKE,WI,AGL,CE,Combined TRACON& Tower with Radar,104,71,14,4,193,0,2,16,0,18,104,73,30,4,211,0,0,0,211
02/26/2021,MKE,WI,AGL,CE,Combined TRACON& Tower with Radar,107,67,24,5,203,0,2,15,0,17,107,69,39,5,220,0,0,0,220
02/27/2021,MKE,WI,AGL,CE,Combined TRACON& Tower with Radar,100,52,7,3,162,0,0,22,1,23,100,52,29,4,185,0,0,0,185
02/28/2021,MKE,WI,AGL,CE,Combined TRACON& Tower with Radar,99,51,19,2,171,0,0,3,0,3,99,51,22,2,174,0,0,0,174
03/01/2021,MKE,WI,AGL,CE,Combined TRACON& Tower with Radar,96,49,17,2,164,0,0,5,0,5,96,49,22,2,169,0,0,0,169
03/02/2021,MKE,WI,AGL,CE,Combined TRACON& Tower with Radar,94,71,7,0,172,0,6,2,1,9,94,77,9,1,181,0,0,0,181
03/03/2021,MKE,WI,AGL,CE,Combined TRACON& Tower with Radar,103,75,26,6,210,0,10,25,0,35,103,85,51,6,245,0,0,0,245
03/04/2021,MKE,WI,AGL,CE,Combined TRACON& Tower with Radar,111,80,16,15,222,0,0,7,0,7,111,80,23,15,229,0,0,0,229
03/05/2021,MKE,WI,AGL,CE,Combined TRACON& Tower with Radar,109,74,29,0,212,0,4,11,0,15,109,78,40,0,227,0,0,0,227
03/06/2021,MKE,WI,AGL,CE,Combined TRACON& Tower with Radar,107,39,12,0,158,0,3,18,0,21,107,42,30,0,179,0,0,0,179
03/07/2021,MKE,WI,AGL,CE,Combined TRACON& Tower with Radar,116,37,12,1,166,0,2,16,2,20,116,39,28,3,186,0,0,0,186
03/08/2021,MKE,WI,AGL,CE,Combined TRACON& Tower with Radar,123,55,20,0,198,0,2,11,0,13,123,57,31,0,211,0,0,0,211
03/09/2021,MKE,WI,AGL,CE,Combined TRACON& Tower with Radar,104,79,22,7,212,0,3,11,0,14,104,82,33,7,226,0,0,0,226
03/10/2021,MKE,WI,AGL,CE,Combined TRACON& Tower with Radar,104,69,24,6,203,0,2,0,0,2,104,71,24,6,205,0,0,0,205
03/11/2021,MKE,WI,AGL,CE,Combined TRACON& Tower with Radar,143,80,18,0,241,0,0,1,0,1,143,80,19,0,242,0,0,0,242
03/12/2021,MKE,WI,AGL,CE,Combined TRACON& Tower with Radar,144,69,19,10,242,0,2,4,0,6,144,71,23,10,248,0,0,0,248
03/13/2021,MKE,WI,AGL,CE,Combined TRACON& Tower with Radar,126,51,11,0,188,0,0,24,0,24,126,51,35,0,212,0,0,0,212
03/14/2021,MKE,WI,AGL,CE,Combined TRACON& Tower with Radar,120,35,10,0,165,0,1,19,0,20,120,36,29,0,185,0,0,0,185
03/15/2021,MKE,WI,AGL,CE,Combined TRACON& Tower with Radar,130,53,13,1,197,0,0,1,0,1,130,53,14,1,198,0,0,0,198
03/16/2021,MKE,WI,AGL,CE,Combined TRACON& Tower with Radar,133,65,22,4,224,0,4,0,0,4,133,69,22,4,228,0,0,0,228
03/17/2021,MKE,WI,AGL,CE,Combined TRACON& Tower with Radar,136,85,26,0,247,0,0,0,0,0,136,85,26,0,247,0,0,0,247
03/18/2021,MKE,WI,AGL,CE,Combined TRACON& Tower with Radar,143,68,10,6,227,0,0,3,0,3,143,68,13,6,230,0,0,0,230
03/19/2021,MKE,WI,AGL,CE,Combined TRACON& Tower with Radar,153,65,15,7,240,0,4,11,0,15,153,69,26,7,255,0,0,0,255
03/20/2021,MKE,WI,AGL,CE,Combined TRACON& Tower with Radar,133,41,17,3,194,0,6,21,0,27,133,47,38,3,221,0,0,0,221
03/21/2021,MKE,WI,AGL,CE,Combined TRACON& Tower with Radar,135,27,11,0,173,0,4,9,0,13,135,31,20,0,186,0,0,0,186
03/22/2021,MKE,WI,AGL,CE,Combined TRACON& Tower with Radar,130,48,18,4,200,0,7,6,0,13,130,55,24,4,213,0,0,0,213
03/23/2021,MKE,WI,AGL,CE,Combined TRACON& Tower with Radar,141,66,16,5,228,0,8,2,2,12,141,74,18,7,240,0,0,0,240
03/24/2021,MKE,WI,AGL,CE,Combined TRACON& Tower with Radar,141,76,16,11,244,0,0,2,0,2,141,76,18,11,246,0,0,0,246
03/25/2021,MKE,WI,AGL,CE,Combined TRACON& Tower with Radar,143,78,20,16,257,0,2,3,0,5,143,80,23,16,262,10,0,10,272
03/26/2021,MKE,WI,AGL,CE,Combined TRACON& Tower with Radar,153,84,24,6,267,0,10,6,0,16,153,94,30,6,283,0,0,0,283
03/27/2021,MKE,WI,AGL,CE,Combined TRACON& Tower with Radar,159,62,24,0,245,0,2,2,0,4,159,64,26,0,249,0,0,0,249
03/28/2021,MKE,WI,AGL,CE,Combined TRACON& Tower with Radar,139,38,12,1,190,0,2,6,0,8,139,40,18,1,198,0,0,0,198
03/29/2021,MKE,WI,AGL,CE,Combined TRACON& Tower with Radar,140,56,18,1,215,0,6,4,0,10,140,62,22,1,225,0,0,0,225
03/30/2021,MKE,WI,AGL,CE,Combined TRACON& Tower with Radar,137,74,18,3,232,0,11,7,0,18,137,85,25,3,250,0,0,0,250
03/31/2021,MKE,WI,AGL,CE,Combined TRACON& Tower with Radar,143,87,28,10,268,0,3,5,1,9,143,90,33,11,277,0,0,0,277
04/01/2021,MKE,WI,AGL,CE,Combined TRACON& Tower with Radar,142,75,28,10,255,0,4,9,1,14,142,79,37,11,269,0,0,0,269
04/02/2021,MKE,WI,AGL,CE,Combined TRACON& Tower with Radar,162,61,15,3,241,0,4,13,0,17,162,65,28,3,258,0,0,0,258
04/03/2021,MKE,WI,AGL,CE,Combined TRACON& Tower with Radar,140,45,15,0,200,0,0,7,0,7,140,45,22,0,207,0,0,0,207
04/04/2021,MKE,WI,AGL,CE,Combined TRACON& Tower with Radar,136,35,18,1,190,1,1,3,0,5,137,36,21,1,195,0,0,0,195
04/05/2021,MKE,WI,AGL,CE,Combined TRACON& Tower with Radar,148,51,17,1,217,0,4,15,0,19,148,55,32,1,236,0,0,0,236
04/06/2021,MKE,WI,AGL,CE,Combined TRACON& Tower with Radar,142,68,17,13,240,0,2,15,0,17,142,70,32,13,257,0,0,0,257
04/07/2021,MKE,WI,AGL,CE,Combined TRACON& Tower with Radar,141,74,16,4,235,0,0,5,0,5,141,74,21,4,240,8,0,8,248
04/08/2021,MKE,WI,AGL,CE,Combined TRACON& Tower with Radar,145,105,16,17,283,0,0,0,0,0,145,105,16,17,283,0,0,0,283
04/09/2021,MKE,WI,AGL,CE,Combined TRACON& Tower with Radar,152,79,21,0,252,0,0,4,4,8,152,79,25,4,260,0,0,0,260
04/10/2021,MKE,WI,AGL,CE,Combined TRACON& Tower with Radar,136,48,11,3,198,0,0,2,0,2,136,48,13,3,200,0,0,0,200
04/11/2021,MKE,WI,AGL,CE,Combined TRACON& Tower with Radar,120,42,16,0,178,0,0,10,0,10,120,42,26,0,188,0,0,0,188
04/12/2021,MKE,WI,AGL,CE,Combined TRACON& Tower with Radar,129,58,33,0,220,0,11,2,0,13,129,69,35,0,233,0,0,0,233
04/13/2021,MKE,WI,AGL,CE,Combined TRACON& Tower with Radar,112,73,15,2,202,0,4,8,0,12,112,77,23,2,214,0,0,0,214
04/14/2021,MKE,WI,AGL,CE,Combined TRACON& Tower with Radar,121,76,8,4,209,0,12,4,0,16,121,88,12,4,225,0,0,0,225
04/15/2021,MKE,WI,AGL,CE,Combined TRACON& Tower with Radar,129,92,24,5,250,0,0,8,0,8,129,92,32,5,258,18,0,18,276
04/16/2021,MKE,WI,AGL,CE,Combined TRACON& Tower with Radar,138,70,10,0,218,0,4,9,4,17,138,74,19,4,235,22,6,28,263
04/17/2021,MKE,WI,AGL,CE,Combined TRACON& Tower with Radar,119,50,9,1,179,0,3,18,2,23,119,53,27,3,202,12,0,12,214
04/18/2021,MKE,WI,AGL,CE,Combined TRACON& Tower with Radar,129,40,19,0,188,0,2,12,0,14,129,42,31,0,202,0,0,0,202
04/19/2021,MKE,WI,AGL,CE,Combined TRACON& Tower with Radar,128,57,12,1,198,0,4,3,0,7,128,61,15,1,205,0,0,0,205
04/20/2021,MKE,WI,AGL,CE,Combined TRACON& Tower with Radar,113,63,13,0,189,0,4,5,6,15,113,67,18,6,204,0,0,0,204
04/21/2021,MKE,WI,AGL,CE,Combined TRACON& Tower with Radar,117,56,20,3,196,0,2,1,0,3,117,58,21,3,199,0,0,0,199
04/22/2021,MKE,WI,AGL,CE,Combined TRACON& Tower with Radar,133,78,21,3,235,0,0,4,0,4,133,78,25,3,239,0,0,0,239
04/23/2021,MKE,WI,AGL,CE,Combined TRACON& Tower with Radar,135,69,25,0,229,0,0,9,0,9,135,69,34,0,238,0,0,0,238
04/24/2021,MKE,WI,AGL,CE,Combined TRACON& Tower with Radar,121,41,13,2,177,0,1,20,0,21,121,42,33,2,198,0,0,0,198
04/25/2021,MKE,WI,AGL,CE,Combined TRACON& Tower with Radar,121,40,23,3,187,0,1,9,0,10,121,41,32,3,197,0,0,0,197
04/26/2021,MKE,WI,AGL,CE,Combined TRACON& Tower with Radar,134,80,20,0,234,0,0,3,0,3,134,80,23,0,237,0,0,0,237
04/27/2021,MKE,WI,AGL,CE,Combined TRACON& Tower with Radar,114,61,27,2,204,0,2,16,0,18,114,63,43,2,222,0,0,0,222
04/28/2021,MKE,WI,AGL,CE,Combined TRACON& Tower with Radar,115,77,30,4,226,0,0,7,0,7,115,77,37,4,233,0,0,0,233
04/29/2021,MKE,WI,AGL,CE,Combined TRACON& Tower with Radar,133,83,28,2,246,0,4,8,0,12,133,87,36,2,258,0,0,0,258
04/30/2021,MKE,WI,AGL,CE,Combined TRACON& Tower with Radar,140,70,24,11,245,0,2,7,1,10,140,72,31,12,255,0,0,0,255
05/01/2021,MKE,WI,AGL,CE,Combined TRACON& Tower with Radar,128,46,17,1,192,0,1,4,0,5,128,47,21,1,197,0,0,0,197
05/02/2021,MKE,WI,AGL,CE,Combined TRACON& Tower with Radar,122,52,13,0,187,0,2,13,0,15,122,54,26,0,202,0,0,0,202
05/03/2021,MKE,WI,AGL,CE,Combined TRACON& Tower with Radar,135,64,13,3,215,0,0,0,0,0,135,64,13,3,215,0,0,0,215
05/04/2021,MKE,WI,AGL,CE,Combined TRACON& Tower with Radar,109,76,18,3,206,0,0,8,2,10,109,76,26,5,216,0,0,0,216
05/05/2021,MKE,WI,AGL,CE,Combined TRACON& Tower with Radar,119,62,13,3,197,0,0,6,0,6,119,62,19,3,203,0,0,0,203
05/06/2021,MKE,WI,AGL,CE,Combined TRACON& Tower with Radar,134,74,28,0,236,0,1,8,2,11,134,75,36,2,247,0,0,0,247
05/07/2021,MKE,WI,AGL,CE,Combined TRACON& Tower with Radar,142,71,16,4,233,0,2,5,0,7,142,73,21,4,240,0,0,0,240
05/08/2021,MKE,WI,AGL,CE,Combined TRACON& Tower with Radar,126,42,8,0,176,0,0,22,0,22,126,42,30,0,198,0,0,0,198
05/09/2021,MKE,WI,AGL,CE,Combined TRACON& Tower with Radar,128,31,12,1,172,0,0,9,0,9,128,31,21,1,181,0,0,0,181
05/10/2021,MKE,WI,AGL,CE,Combined TRACON& Tower with Radar,136,59,26,0,221,0,7,16,4,27,136,66,42,4,248,0,0,0,248
05/11/2021,MKE,WI,AGL,CE,Combined TRACON& Tower with Radar,132,61,18,4,215,0,4,12,0,16,132,65,30,4,231,0,0,0,231
05/12/2021,MKE,WI,AGL,CE,Combined TRACON& Tower with Radar,135,73,25,9,242,0,6,17,0,23,135,79,42,9,265,0,0,0,265
05/13/2021,MKE,WI,AGL,CE,Combined TRACON& Tower with Radar,143,68,22,4,237,0,1,25,7,33,143,69,47,11,270,0,0,0,270
05/14/2021,MKE,WI,AGL,CE,Combined TRACON& Tower with Radar,141,76,11,27,255,0,4,5,2,11,141,80,16,29,266,0,0,0,266
05/15/2021,MKE,WI,AGL,CE,Combined TRACON& Tower with Radar,127,47,6,2,182,0,1,3,0,4,127,48,9,2,186,0,0,0,186
05/16/2021,MKE,WI,AGL,CE,Combined TRACON& Tower with Radar,126,39,20,5,190,0,0,11,0,11,126,39,31,5,201,0,0,0,201
05/17/2021,MKE,WI,AGL,CE,Combined TRACON& Tower with Radar,131,51,27,6,215,0,0,9,3,12,131,51,36,9,227,0,0,0,227
05/18/2021,MKE,WI,AGL,CE,Combined TRACON& Tower with Radar,129,66,17,12,224,0,2,3,0,5,129,68,20,12,229,0,0,0,229
05/19/2021,MKE,WI,AGL,CE,Combined TRACON& Tower with Radar,135,68,21,10,234,0,2,4,0,6,135,70,25,10,240,0,0,0,240
05/20/2021,MKE,WI,AGL,CE,Combined TRACON& Tower with Radar,137,79,34,4,254,0,2,15,0,17,137,81,49,4,271,0,0,0,271
05/21/2021,MKE,WI,AGL,CE,Combined TRACON& Tower with Radar,142,75,12,8,237,0,2,8,0,10,142,77,20,8,247,0,0,0,247
05/22/2021,MKE,WI,AGL,CE,Combined TRACON& Tower with Radar,130,45,10,1,186,0,0,14,0,14,130,45,24,1,200,0,0,0,200
05/23/2021,MKE,WI,AGL,CE,Combined TRACON& Tower with Radar,129,38,17,1,185,0,0,0,0,0,129,38,17,1,185,0,0,0,185
05/24/2021,MKE,WI,AGL,CE,Combined TRACON& Tower with Radar,132,67,32,2,233,0,3,5,1,9,132,70,37,3,242,0,0,0,242
05/25/2021,MKE,WI,AGL,CE,Combined TRACON& Tower with Radar,133,65,21,4,223,0,6,9,0,15,133,71,30,4,238,0,0,0,238
05/26/2021,MKE,WI,AGL,CE,Combined TRACON& Tower with Radar,138,68,18,8,232,0,4,12,1,17,138,72,30,9,249,0,0,0,249
05/27/2021,MKE,WI,AGL,CE,Combined TRACON& Tower with Radar,139,75,28,5,247,0,5,6,0,11,139,80,34,5,258,0,0,0,258
05/28/2021,MKE,WI,AGL,CE,Combined TRACON& Tower with Radar,137,77,29,1,244,0,0,0,0,0,137,77,29,1,244,0,0,0,244
05/29/2021,MKE,WI,AGL,CE,Combined TRACON& Tower with Radar,132,53,13,3,201,0,3,13,0,16,132,56,26,3,217,0,0,0,217
05/30/2021,MKE,WI,AGL,CE,Combined TRACON& Tower with Radar,116,41,7,3,167,0,0,21,0,21,116,41,28,3,188,0,0,0,188
05/31/2021,MKE,WI,AGL,CE,Combined TRACON& Tower with Radar,120,23,17,1,161,0,0,13,0,13,120,23,30,1,174,0,0,0,174
06/01/2021,MKE,WI,AGL,CE,Combined TRACON& Tower with Radar,121,65,31,9,226,0,13,17,11,41,121,78,48,20,267,0,0,0,267
06/02/2021,MKE,WI,AGL,CE,Combined TRACON& Tower with Radar,138,76,34,18,266,0,8,20,0,28,138,84,54,18,294,0,0,0,294
06/03/2021,MKE,WI,AGL,CE,Combined TRACON& Tower with Radar,142,65,29,9,245,0,9,15,0,24,142,74,44,9,269,0,0,0,269
06/04/2021,MKE,WI,AGL,CE,Combined TRACON& Tower with Radar,143,80,22,5,250,0,12,5,0,17,143,92,27,5,267,0,0,0,267
06/05/2021,MKE,WI,AGL,CE,Combined TRACON& Tower with Radar,134,47,10,12,203,0,6,13,0,19,134,53,23,12,222,0,0,0,222
06/06/2021,MKE,WI,AGL,CE,Combined TRACON& Tower with Radar,131,48,15,9,203,0,0,13,0,13,131,48,28,9,216,0,0,0,216
06/07/2021,MKE,WI,AGL,CE,Combined TRACON& Tower with Radar,131,60,32,1,224,0,1,9,0,10,131,61,41,1,234,0,0,0,234
06/08/2021,MKE,WI,AGL,CE,Combined TRACON& Tower with Radar,139,57,21,15,232,0,6,6,0,12,139,63,27,15,244,0,0,0,244
06/09/2021,MKE,WI,AGL,CE,Combined TRACON& Tower with Radar,142,79,26,4,251,0,13,29,0,42,142,92,55,4,293,0,0,0,293
06/10/2021,MKE,WI,AGL,CE,Combined TRACON& Tower with Radar,144,82,40,1,267,0,10,17,0,27,144,92,57,1,294,0,0,0,294
06/11/2021,MKE,WI,AGL,CE,Combined TRACON& Tower with Radar,147,74,31,16,268,0,6,17,4,27,147,80,48,20,295,0,0,0,295
06/12/2021,MKE,WI,AGL,CE,Combined TRACON& Tower with Radar,177,60,12,3,252,0,3,15,0,18,177,63,27,3,270,0,0,0,270
06/13/2021,MKE,WI,AGL,CE,Combined TRACON& Tower with Radar,136,60,29,2,227,0,2,11,0,13,136,62,40,2,240,0,0,0,240
06/14/2021,MKE,WI,AGL,CE,Combined TRACON& Tower with Radar,133,53,23,0,209,0,0,11,4,15,133,53,34,4,224,0,0,0,224
06/15/2021,MKE,WI,AGL,CE,Combined TRACON& Tower with Radar,140,67,19,2,228,0,2,13,0,15,140,69,32,2,243,0,0,0,243
06/16/2021,MKE,WI,AGL,CE,Combined TRACON& Tower with Radar,137,72,30,0,239,0,0,17,0,17,137,72,47,0,256,0,0,0,256
06/17/2021,MKE,WI,AGL,CE,Combined TRACON& Tower with Radar,141,81,18,4,244,0,0,7,0,7,141,81,25,4,251,0,0,0,251
06/18/2021,MKE,WI,AGL,CE,Combined TRACON& Tower with Radar,153,73,21,6,253,0,4,11,0,15,153,77,32,6,268,0,0,0,268
06/19/2021,MKE,WI,AGL,CE,Combined TRACON& Tower with Radar,151,46,18,1,216,0,0,12,0,12,151,46,30,1,228,0,0,0,228
06/20/2021,MKE,WI,AGL,CE,Combined TRACON& Tower with Radar,127,42,22,2,193,0,0,8,0,8,127,42,30,2,201,0,0,0,201
06/21/2021,MKE,WI,AGL,CE,Combined TRACON& Tower with Radar,129,58,24,4,215,0,0,22,3,25,129,58,46,7,240,0,0,0,240
06/22/2021,MKE,WI,AGL,CE,Combined TRACON& Tower with Radar,140,63,25,13,241,0,0,27,0,27,140,63,52,13,268,0,0,0,268
06/23/2021,MKE,WI,AGL,CE,Combined TRACON& Tower with Radar,140,73,46,11,270,0,6,11,0,17,140,79,57,11,287,0,0,0,287
06/24/2021,MKE,WI,AGL,CE,Combined TRACON& Tower with Radar,141,74,20,5,240,0,0,7,0,7,141,74,27,5,247,0,0,0,247
06/25/2021,MKE,WI,AGL,CE,Combined TRACON& Tower with Radar,150,88,48,6,292,0,0,5,3,8,150,88,53,9,300,0,0,0,300
06/26/2021,MKE,WI,AGL,CE,Combined TRACON& Tower with Radar,157,59,15,0,231,0,0,3,0,3,157,59,18,0,234,0,0,0,234
06/27/2021,MKE,WI,AGL,CE,Combined TRACON& Tower with Radar,131,42,11,2,186,0,6,5,0,11,131,48,16,2,197,0,0,0,197
06/28/2021,MKE,WI,AGL,CE,Combined TRACON& Tower with Radar,150,58,19,0,227,0,16,8,0,24,150,74,27,0,251,0,0,0,251
06/29/2021,MKE,WI,AGL,CE,Combined TRACON& Tower with Radar,156,82,29,6,273,0,0,3,0,3,156,82,32,6,276,0,0,0,276
06/30/2021,MKE,WI,AGL,CE,Combined TRACON& Tower with Radar,145,76,31,9,261,0,8,11,2,21,145,84,42,11,282,0,0,0,282
07/01/2021,MKE,WI,AGL,CE,Combined TRACON& Tower with Radar,142,97,38,12,289,0,2,20,9,31,142,99,58,21,320,0,0,0,320
07/02/2021,MKE,WI,AGL,CE,Combined TRACON& Tower with Radar,131,69,19,0,219,0,4,14,0,18,131,73,33,0,237,0,0,0,237
07/03/2021,MKE,WI,AGL,CE,Combined TRACON& Tower with Radar,147,52,7,2,208,0,0,10,0,10,147,52,17,2,218,0,0,0,218
07/04/2021,MKE,WI,AGL,CE,Combined TRACON& Tower with Radar,126,39,6,1,172,0,5,6,2,13,126,44,12,3,185,0,0,0,185
07/05/2021,MKE,WI,AGL,CE,Combined TRACON& Tower with Radar,130,38,13,2,183,0,2,13,0,15,130,40,26,2,198,0,0,0,198
07/06/2021,MKE,WI,AGL,CE,Combined TRACON& Tower with Radar,128,64,17,2,211,0,6,2,0,8,128,70,19,2,219,0,0,0,219
07/07/2021,MKE,WI,AGL,CE,Combined TRACON& Tower with Radar,145,71,23,2,241,0,0,0,0,0,145,71,23,2,241,0,0,0,241
07/08/2021,MKE,WI,AGL,CE,Combined TRACON& Tower with Radar,150,81,21,1,253,0,0,8,0,8,150,81,29,1,261,0,0,0,261
07/09/2021,MKE,WI,AGL,CE,Combined TRACON& Tower with Radar,157,76,15,4,252,0,2,19,0,21,157,78,34,4,273,0,0,0,273
07/10/2021,MKE,WI,AGL,CE,Combined TRACON& Tower with Radar,153,57,15,0,225,0,0,7,0,7,153,57,22,0,232,0,0,0,232
07/11/2021,MKE,WI,AGL,CE,Combined TRACON& Tower with Radar,138,88,54,3,283,0,1,1,1,3,138,89,55,4,286,0,0,0,286
07/12/2021,MKE,WI,AGL,CE,Combined TRACON& Tower with Radar,143,55,32,2,232,0,2,0,0,2,143,57,32,2,234,0,0,0,234
07/13/2021,MKE,WI,AGL,CE,Combined TRACON& Tower with Radar,143,89,34,20,286,0,2,10,0,12,143,91,44,20,298,0,0,0,298
07/14/2021,MKE,WI,AGL,CE,Combined TRACON& Tower with Radar,142,93,74,6,315,0,0,23,0,23,142,93,97,6,338,0,0,0,338
07/15/2021,MKE,WI,AGL,CE,Combined TRACON& Tower with Radar,162,98,50,15,325,0,0,13,0,13,162,98,63,15,338,0,0,0,338
07/16/2021,MKE,WI,AGL,CE,Combined TRACON& Tower with Radar,149,88,26,1,264,0,10,15,0,25,149,98,41,1,289,0,0,0,289
07/17/2021,MKE,WI,AGL,CE,Combined TRACON& Tower with Radar,146,50,15,0,211,0,2,39,0,41,146,52,54,0,252,0,0,0,252
07/18/2021,MKE,WI,AGL,CE,Combined TRACON& Tower with Radar,143,57,13,0,213,0,2,33,0,35,143,59,46,0,248,0,0,0,248
07/19/2021,MKE,WI,AGL,CE,Combined TRACON& Tower with Radar,137,63,33,2,235,0,8,34,0,42,137,71,67,2,277,0,0,0,277
07/20/2021,MKE,WI,AGL,CE,Combined TRACON& Tower with Radar,151,108,65,6,330,0,2,20,0,22,151,110,85,6,352,0,0,0,352
07/21/2021,MKE,WI,AGL,CE,Combined TRACON& Tower with Radar,149,99,54,6,308,0,4,18,1,23,149,103,72,7,331,0,0,0,331
07/22/2021,MKE,WI,AGL,CE,Combined TRACON& Tower with Radar,145,88,36,12,281,0,0,24,0,24,145,88,60,12,305,0,0,0,305
07/23/2021,MKE,WI,AGL,CE,Combined TRACON& Tower with Radar,153,76,30,13,272,0,4,17,1,22,153,80,47,14,294,0,0,0,294
07/24/2021,MKE,WI,AGL,CE,Combined TRACON& Tower with Radar,162,51,25,1,239,0,4,7,0,11,162,55,32,1,250,0,0,0,250
07/25/2021,MKE,WI,AGL,CE,Combined TRACON& Tower with Radar,132,51,34,0,217,0,1,16,0,17,132,52,50,0,234,0,0,0,234
07/26/2021,MKE,WI,AGL,CE,Combined TRACON& Tower with Radar,149,60,32,1,242,0,3,11,0,14,149,63,43,1,256,0,0,0,256
07/27/2021,MKE,WI,AGL,CE,Combined TRACON& Tower with Radar,150,69,30,2,251,0,5,12,0,17,150,74,42,2,268,0,0,0,268
07/28/2021,MKE,WI,AGL,CE,Combined TRACON& Tower with Radar,162,66,42,6,276,0,0,18,0,18,162,66,60,6,294,0,0,0,294
07/29/2021,MKE,WI,AGL,CE,Combined TRACON& Tower with Radar,146,73,46,4,269,0,7,22,3,32,146,80,68,7,301,0,0,0,301
07/30/2021,MKE,WI,AGL,CE,Combined TRACON& Tower with Radar,149,77,26,11,263,0,0,55,0,55,149,77,81,11,318,0,0,0,318
07/31/2021,MKE,WI,AGL,CE,Combined TRACON& Tower with Radar,154,54,24,1,233,0,0,13,9,22,154,54,37,10,255,0,0,0,255
08/01/2021,MKE,WI,AGL,CE,Combined TRACON& Tower with Radar,131,40,27,12,210,0,0,12,1,13,131,40,39,13,223,0,0,0,223
08/02/2021,MKE,WI,AGL,CE,Combined TRACON& Tower with Radar,138,62,22,7,229,0,1,21,1,23,138,63,43,8,252,0,0,0,252
08/03/2021,MKE,WI,AGL,CE,Combined TRACON& Tower with Radar,126,74,36,3,239,0,6,18,3,27,126,80,54,6,266,0,0,0,266
08/04/2021,MKE,WI,AGL,CE,Combined TRACON& Tower with Radar,133,81,39,7,260,0,2,26,0,28,133,83,65,7,288,0,0,0,288
08/05/2021,MKE,WI,AGL,CE,Combined TRACON& Tower with Radar,143,88,35,5,271,0,5,24,0,29,143,93,59,5,300,0,0,0,300
08/06/2021,MKE,WI,AGL,CE,Combined TRACON& Tower with Radar,144,67,32,0,243,0,1,8,0,9,144,68,40,0,252,0,0,0,252
08/07/2021,MKE,WI,AGL,CE,Combined TRACON& Tower with Radar,155,56,23,5,239,0,0,2,0,2,155,56,25,5,241,0,0,0,241
08/08/2021,MKE,WI,AGL,CE,Combined TRACON& Tower with Radar,142,44,30,4,220,0,0,6,0,6,142,44,36,4,226,0,0,0,226
08/09/2021,MKE,WI,AGL,CE,Combined TRACON& Tower with Radar,158,52,22,3,235,0,2,0,0,2,158,54,22,3,237,0,0,0,237
08/10/2021,MKE,WI,AGL,CE,Combined TRACON& Tower with Radar,140,77,25,13,255,0,4,16,2,22,140,81,41,15,277,0,0,0,277
08/11/2021,MKE,WI,AGL,CE,Combined TRACON& Tower with Radar,156,87,20,4,267,0,2,5,0,7,156,89,25,4,274,0,0,0,274
08/12/2021,MKE,WI,AGL,CE,Combined TRACON& Tower with Radar,149,75,27,10,261,0,4,13,3,20,149,79,40,13,281,0,0,0,281
08/13/2021,MKE,WI,AGL,CE,Combined TRACON& Tower with Radar,147,70,19,18,254,0,4,15,0,19,147,74,34,18,273,0,0,0,273
08/14/2021,MKE,WI,AGL,CE,Combined TRACON& Tower with Radar,149,49,23,8,229,0,4,19,4,27,149,53,42,12,256,0,0,0,256
08/15/2021,MKE,WI,AGL,CE,Combined TRACON& Tower with Radar,128,51,27,2,208,0,2,13,0,15,128,53,40,2,223,0,0,0,223
08/16/2021,MKE,WI,AGL,CE,Combined TRACON& Tower with Radar,142,62,21,8,233,0,3,16,4,23,142,65,37,12,256,0,0,0,256
08/17/2021,MKE,WI,AGL,CE,Combined TRACON& Tower with Radar,133,68,20,4,225,0,2,18,0,20,133,70,38,4,245,0,0,0,245
08/18/2021,MKE,WI,AGL,CE,Combined TRACON& Tower with Radar,138,81,27,7,253,0,7,14,0,21,138,88,41,7,274,0,0,0,274
08/19/2021,MKE,WI,AGL,CE,Combined TRACON& Tower with Radar,150,82,41,3,276,0,2,17,0,19,150,84,58,3,295,0,0,0,295
08/20/2021,MKE,WI,AGL,CE,Combined TRACON& Tower with Radar,150,67,24,8,249,0,5,18,0,23,150,72,42,8,272,0,0,0,272
08/21/2021,MKE,WI,AGL,CE,Combined TRACON& Tower with Radar,151,64,11,8,234,0,2,2,0,4,151,66,13,8,238,0,0,0,238
08/22/2021,MKE,WI,AGL,CE,Combined TRACON& Tower with Radar,138,41,17,9,205,0,0,12,0,12,138,41,29,9,217,0,0,0,217
08/23/2021,MKE,WI,AGL,CE,Combined TRACON& Tower with Radar,140,52,31,7,230,0,2,5,0,7,140,54,36,7,237,6,0,6,243
08/24/2021,MKE,WI,AGL,CE,Combined TRACON& Tower with Radar,150,82,30,3,265,0,5,5,0,10,150,87,35,3,275,0,0,0,275
08/25/2021,MKE,WI,AGL,CE,Combined TRACON& Tower with Radar,171,76,20,2,269,0,4,10,0,14,171,80,30,2,283,0,0,0,283
08/26/2021,MKE,WI,AGL,CE,Combined TRACON& Tower with Radar,161,68,23,4,256,0,0,3,0,3,161,68,26,4,259,0,0,0,259
08/27/2021,MKE,WI,AGL,CE,Combined TRACON& Tower with Radar,148,75,24,5,252,0,3,6,0,9,148,78,30,5,261,0,0,0,261
08/28/2021,MKE,WI,AGL,CE,Combined TRACON& Tower with Radar,158,52,20,5,235,0,0,9,1,10,158,52,29,6,245,0,0,0,245
08/29/2021,MKE,WI,AGL,CE,Combined TRACON& Tower with Radar,144,36,22,1,203,0,2,10,0,12,144,38,32,1,215,0,0,0,215
08/30/2021,MKE,WI,AGL,CE,Combined TRACON& Tower with Radar,133,49,22,1,205,0,2,20,0,22,133,51,42,1,227,6,0,6,233
08/31/2021,MKE,WI,AGL,CE,Combined TRACON& Tower with Radar,146,71,37,0,254,0,0,11,0,11,146,71,48,0,265,0,0,0,265
09/01/2021,MKE,WI,AGL,CE,Combined TRACON& Tower with Radar,137,68,36,5,246,0,2,11,0,13,137,70,47,5,259,0,0,0,259
09/02/2021,MKE,WI,AGL,CE,Combined TRACON& Tower with Radar,160,77,40,16,293,0,0,5,0,5,160,77,45,16,298,0,0,0,298
09/03/2021,MKE,WI,AGL,CE,Combined TRACON& Tower with Radar,149,71,25,0,245,0,2,18,0,20,149,73,43,0,265,0,0,0,265
09/04/2021,MKE,WI,AGL,CE,Combined TRACON& Tower with Radar,150,45,12,0,207,0,0,6,0,6,150,45,18,0,213,0,0,0,213
09/05/2021,MKE,WI,AGL,CE,Combined TRACON& Tower with Radar,133,33,13,1,180,0,4,84,0,88,133,37,97,1,268,0,0,0,268
09/06/2021,MKE,WI,AGL,CE,Combined TRACON& Tower with Radar,126,28,27,1,182,0,2,104,0,106,126,30,131,1,288,0,0,0,288
09/07/2021,MKE,WI,AGL,CE,Combined TRACON& Tower with Radar,136,67,18,0,221,0,0,2,0,2,136,67,20,0,223,0,0,0,223
09/08/2021,MKE,WI,AGL,CE,Combined TRACON& Tower with Radar,137,80,36,1,254,0,14,10,0,24,137,94,46,1,278,0,0,0,278
09/09/2021,MKE,WI,AGL,CE,Combined TRACON& Tower with Radar,157,88,34,2,281,0,15,25,1,41,157,103,59,3,322,0,0,0,322
09/10/2021,MKE,WI,AGL,CE,Combined TRACON& Tower with Radar,143,76,24,5,248,0,5,17,2,24,143,81,41,7,272,0,0,0,272
09/11/2021,MKE,WI,AGL,CE,Combined TRACON& Tower with Radar,137,45,8,2,192,0,2,16,3,21,137,47,24,5,213,0,0,0,213
09/12/2021,MKE,WI,AGL,CE,Combined TRACON& Tower with Radar,143,43,21,0,207,0,1,5,0,6,143,44,26,0,213,0,0,0,213
09/13/2021,MKE,WI,AGL,CE,Combined TRACON& Tower with Radar,146,55,17,2,220,0,2,1,0,3,146,57,18,2,223,0,0,0,223
09/14/2021,MKE,WI,AGL,CE,Combined TRACON& Tower with Radar,143,74,29,1,247,0,8,11,0,19,143,82,40,1,266,0,0,0,266
09/15/2021,MKE,WI,AGL,CE,Combined TRACON& Tower with Radar,149,80,22,8,259,0,11,15,4,30,149,91,37,12,289,0,0,0,289
09/16/2021,MKE,WI,AGL,CE,Combined TRACON& Tower with Radar,166,69,27,3,265,0,10,15,1,26,166,79,42,4,291,0,0,0,291
09/17/2021,MKE,WI,AGL,CE,Combined TRACON& Tower with Radar,173,76,35,7,291,0,8,13,0,21,173,84,48,7,312,0,0,0,312
09/18/2021,MKE,WI,AGL,CE,Combined TRACON& Tower with Radar,138,38,21,2,199,0,7,16,0,23,138,45,37,2,222,10,0,10,232
09/19/2021,MKE,WI,AGL,CE,Combined TRACON& Tower with Radar,163,45,29,6,243,0,6,20,0,26,163,51,49,6,269,0,0,0,269
09/20/2021,MKE,WI,AGL,CE,Combined TRACON& Tower with Radar,149,52,27,0,228,0,2,9,0,11,149,54,36,0,239,0,0,0,239
09/21/2021,MKE,WI,AGL,CE,Combined TRACON& Tower with Radar,151,72,32,8,263,0,8,1,0,9,151,80,33,8,272,0,0,0,272
09/22/2021,MKE,WI,AGL,CE,Combined TRACON& Tower with Radar,146,78,40,1,265,0,4,9,1,14,146,82,49,2,279,0,0,0,279
09/23/2021,MKE,WI,AGL,CE,Combined TRACON& Tower with Radar,158,99,60,0,317,0,6,17,0,23,158,105,77,0,340,0,0,0,340
09/24/2021,MKE,WI,AGL,CE,Combined TRACON& Tower with Radar,163,100,47,2,312,0,13,39,0,52,163,113,86,2,364,0,0,0,364
09/25/2021,MKE,WI,AGL,CE,Combined TRACON& Tower with Radar,151,70,22,0,243,0,2,23,0,25,151,72,45,0,268,0,0,0,268
09/26/2021,MKE,WI,AGL,CE,Combined TRACON& Tower with Radar,167,66,51,0,284,0,6,37,1,44,167,72,88,1,328,0,0,0,328
09/27/2021,MKE,WI,AGL,CE,Combined TRACON& Tower with Radar,157,81,35,3,276,0,2,14,0,16,157,83,49,3,292,0,0,0,292
09/28/2021,MKE,WI,AGL,CE,Combined TRACON& Tower with Radar,149,79,30,0,258,0,5,16,0,21,149,84,46,0,279,0,0,0,279
09/29/2021,MKE,WI,AGL,CE,Combined TRACON& Tower with Radar,148,87,42,2,279,0,17,21,0,38,148,104,63,2,317,0,0,0,317
09/30/2021,MKE,WI,AGL,CE,Combined TRACON& Tower with Radar,162,71,38,0,271,0,4,26,1,31,162,75,64,1,302,6,0,6,308
10/01/2021,MKE,WI,AGL,CE,Combined TRACON& Tower with Radar,155,80,29,13,277,0,2,7,1,10,155,82,36,14,287,0,0,0,287
10/02/2021,MKE,WI,AGL,CE,Combined TRACON& Tower with Radar,136,36,15,4,191,0,2,7,0,9,136,38,22,4,200,0,0,0,200
10/03/2021,MKE,WI,AGL,CE,Combined TRACON& Tower with Radar,158,32,35,1,226,0,2,3,0,5,158,34,38,1,231,0,0,0,231
10/04/2021,MKE,WI,AGL,CE,Combined TRACON& Tower with Radar,158,74,20,1,253,0,1,1,0,2,158,75,21,1,255,0,0,0,255
10/05/2021,MKE,WI,AGL,CE,Combined TRACON& Tower with Radar,147,75,31,3,256,0,1,3,1,5,147,76,34,4,261,0,0,0,261
10/06/2021,MKE,WI,AGL,CE,Combined TRACON& Tower with Radar,155,77,27,4,263,0,0,2,0,2,155,77,29,4,265,0,0,0,265
10/07/2021,MKE,WI,AGL,CE,Combined TRACON& Tower with Radar,170,79,31,0,280,0,0,0,0,0,170,79,31,0,280,0,0,0,280
10/08/2021,MKE,WI,AGL,CE,Combined TRACON& Tower with Radar,157,75,30,2,264,0,2,10,0,12,157,77,40,2,276,0,0,0,276
10/09/2021,MKE,WI,AGL,CE,Combined TRACON& Tower with Radar,137,57,20,2,216,0,2,9,0,11,137,59,29,2,227,0,0,0,227
10/10/2021,MKE,WI,AGL,CE,Combined TRACON& Tower with Radar,135,36,23,3,197,0,1,2,0,3,135,37,25,3,200,0,0,0,200
10/11/2021,MKE,WI,AGL,CE,Combined TRACON& Tower with Radar,153,47,20,2,222,0,2,4,0,6,153,49,24,2,228,0,0,0,228
10/12/2021,MKE,WI,AGL,CE,Combined TRACON& Tower with Radar,148,77,30,8,263,0,8,0,0,8,148,85,30,8,271,0,0,0,271
10/13/2021,MKE,WI,AGL,CE,Combined TRACON& Tower with Radar,156,82,22,7,267,0,2,2,0,4,156,84,24,7,271,0,0,0,271
10/14/2021,MKE,WI,AGL,CE,Combined TRACON& Tower with Radar,171,100,27,16,314,0,1,11,0,12,171,101,38,16,326,0,0,0,326
10/15/2021,MKE,WI,AGL,CE,Combined TRACON& Tower with Radar,167,70,41,4,282,0,6,12,0,18,167,76,53,4,300,0,0,0,300
10/16/2021,MKE,WI,AGL,CE,Combined TRACON& Tower with Radar,145,43,8,1,197,0,0,9,0,9,145,43,17,1,206,0,0,0,206
10/17/2021,MKE,WI,AGL,CE,Combined TRACON& Tower with Radar,158,48,20,0,226,0,0,14,1,15,158,48,34,1,241,0,0,0,241
10/18/2021,MKE,WI,AGL,CE,Combined TRACON& Tower with Radar,154,72,15,3,244,0,0,10,0,10,154,72,25,3,254,0,0,0,254
10/19/2021,MKE,WI,AGL,CE,Combined TRACON& Tower with Radar,152,96,28,11,287,0,4,10,3,17,152,100,38,14,304,6,0,6,310
10/20/2021,MKE,WI,AGL,CE,Combined TRACON& Tower with Radar,153,77,30,4,264,0,2,11,0,13,153,79,41,4,277,0,0,0,277
10/21/2021,MKE,WI,AGL,CE,Combined TRACON& Tower with Radar,163,82,26,2,273,0,2,0,0,2,163,84,26,2,275,0,0,0,275
10/22/2021,MKE,WI,AGL,CE,Combined TRACON& Tower with Radar,165,66,21,3,255,0,4,17,0,21,165,70,38,3,276,0,0,0,276
10/23/2021,MKE,WI,AGL,CE,Combined TRACON& Tower with Radar,136,41,18,1,196,0,0,17,1,18,136,41,35,2,214,0,0,0,214
10/24/2021,MKE,WI,AGL,CE,Combined TRACON& Tower with Radar,152,38,33,2,225,0,0,3,0,3,152,38,36,2,228,0,0,0,228
10/25/2021,MKE,WI,AGL,CE,Combined TRACON& Tower with Radar,167,64,14,2,247,0,2,0,0,2,167,66,14,2,249,0,0,0,249
10/26/2021,MKE,WI,AGL,CE,Combined TRACON& Tower with Radar,152,84,29,18,283,0,4,8,3,15,152,88,37,21,298,0,0,0,298
10/27/2021,MKE,WI,AGL,CE,Combined TRACON& Tower with Radar,157,92,41,26,316,0,3,10,0,13,157,95,51,26,329,0,24,24,353
10/28/2021,MKE,WI,AGL,CE,Combined TRACON& Tower with Radar,170,76,22,3,271,0,2,0,0,2,170,78,22,3,273,0,0,0,273
10/29/2021,MKE,WI,AGL,CE,Combined TRACON& Tower with Radar,167,76,22,0,265,0,0,0,0,0,167,76,22,0,265,0,0,0,265
10/30/2021,MKE,WI,AGL,CE,Combined TRACON& Tower with Radar,136,46,12,0,194,0,2,5,0,7,136,48,17,0,201,0,0,0,201
10/31/2021,MKE,WI,AGL,CE,Combined TRACON& Tower with Radar,142,38,15,0,195,0,1,11,0,12,142,39,26,0,207,0,0,0,207
11/01/2021,MKE,WI,AGL,CE,Combined TRACON& Tower with Radar,158,72,25,1,256,0,2,10,0,12,158,74,35,1,268,0,0,0,268
11/02/2021,MKE,WI,AGL,CE,Combined TRACON& Tower with Radar,150,81,18,4,253,0,0,8,0,8,150,81,26,4,261,0,0,0,261
11/03/2021,MKE,WI,AGL,CE,Combined TRACON& Tower with Radar,157,94,22,4,277,0,7,6,2,15,157,101,28,6,292,0,0,0,292
11/04/2021,MKE,WI,AGL,CE,Combined TRACON& Tower with Radar,175,78,20,9,282,0,4,16,8,28,175,82,36,17,310,0,0,0,310
11/05/2021,MKE,WI,AGL,CE,Combined TRACON& Tower with Radar,166,70,22,8,266,0,7,7,3,17,166,77,29,11,283,0,0,0,283
11/06/2021,MKE,WI,AGL,CE,Combined TRACON& Tower with Radar,136,53,15,4,208,0,5,17,0,22,136,58,32,4,230,0,0,0,230
11/07/2021,MKE,WI,AGL,CE,Combined TRACON& Tower with Radar,150,41,23,0,214,0,0,6,0,6,150,41,29,0,220,0,0,0,220
11/08/2021,MKE,WI,AGL,CE,Combined TRACON& Tower with Radar,142,69,33,1,245,0,6,8,0,14,142,75,41,1,259,0,0,0,259
11/09/2021,MKE,WI,AGL,CE,Combined TRACON& Tower with Radar,145,86,16,18,265,0,7,5,3,15,145,93,21,21,280,0,0,0,280
11/10/2021,MKE,WI,AGL,CE,Combined TRACON& Tower with Radar,143,88,14,9,254,0,10,0,0,10,143,98,14,9,264,0,0,0,264
11/11/2021,MKE,WI,AGL,CE,Combined TRACON& Tower with Radar,154,90,31,3,278,0,2,2,0,4,154,92,33,3,282,0,0,0,282
11/12/2021,MKE,WI,AGL,CE,Combined TRACON& Tower with Radar,158,71,23,0,252,0,0,0,0,0,158,71,23,0,252,0,0,0,252
11/13/2021,MKE,WI,AGL,CE,Combined TRACON& Tower with Radar,129,55,10,1,195,0,2,1,0,3,129,57,11,1,198,0,0,0,198
11/14/2021,MKE,WI,AGL,CE,Combined TRACON& Tower with Radar,148,52,17,0,217,0,0,6,0,6,148,52,23,0,223,0,0,0,223
11/15/2021,MKE,WI,AGL,CE,Combined TRACON& Tower with Radar,150,76,30,4,260,0,8,5,0,13,150,84,35,4,273,0,0,0,273
11/16/2021,MKE,WI,AGL,CE,Combined TRACON& Tower with Radar,147,91,27,5,270,0,0,11,2,13,147,91,38,7,283,0,0,0,283
11/17/2021,MKE,WI,AGL,CE,Combined TRACON& Tower with Radar,157,93,41,18,309,0,0,6,0,6,157,93,47,18,315,0,0,0,315
11/18/2021,MKE,WI,AGL,CE,Combined TRACON& Tower with Radar,168,81,30,9,288,0,11,16,0,27,168,92,46,9,315,0,0,0,315
11/19/2021,MKE,WI,AGL,CE,Combined TRACON& Tower with Radar,160,78,28,4,270,0,6,35,1,42,160,84,63,5,312,0,0,0,312
11/20/2021,MKE,WI,AGL,CE,Combined TRACON& Tower with Radar,160,48,13,0,221,0,2,12,0,14,160,50,25,0,235,0,0,0,235
11/21/2021,MKE,WI,AGL,CE,Combined TRACON& Tower with Radar,157,57,18,3,235,0,4,7,0,11,157,61,25,3,246,0,0,0,246
11/22/2021,MKE,WI,AGL,CE,Combined TRACON& Tower with Radar,147,67,13,1,228,0,5,14,1,20,147,72,27,2,248,0,0,0,248
11/23/2021,MKE,WI,AGL,CE,Combined TRACON& Tower with Radar,174,90,19,14,297,0,4,27,5,36,174,94,46,19,333,0,0,0,333
11/24/2021,MKE,WI,AGL,CE,Combined TRACON& Tower with Radar,190,89,42,3,324,0,5,3,0,8,190,94,45,3,332,0,0,0,332
11/25/2021,MKE,WI,AGL,CE,Combined TRACON& Tower with Radar,112,29,4,1,146,0,1,0,0,1,112,30,4,1,147,0,0,0,147
11/26/2021,MKE,WI,AGL,CE,Combined TRACON& Tower with Radar,137,68,14,0,219,0,2,6,0,8,137,70,20,0,227,0,0,0,227
11/27/2021,MKE,WI,AGL,CE,Combined TRACON& Tower with Radar,158,51,19,0,228,0,0,4,0,4,158,51,23,0,232,0,0,0,232
11/28/2021,MKE,WI,AGL,CE,Combined TRACON& Tower with Radar,175,61,22,0,258,0,0,9,0,9,175,61,31,0,267,0,0,0,267
11/29/2021,MKE,WI,AGL,CE,Combined TRACON& Tower with Radar,177,74,34,0,285,0,3,5,2,10,177,77,39,2,295,0,0,0,295
11/30/2021,MKE,WI,AGL,CE,Combined TRACON& Tower with Radar,167,90,23,4,284,0,11,11,0,22,167,101,34,4,306,0,0,0,306
12/01/2021,MKE,WI,AGL,CE,Combined TRACON& Tower with Radar,162,89,17,11,279,0,2,5,0,7,162,91,22,11,286,0,0,0,286
12/02/2021,MKE,WI,AGL,CE,Combined TRACON& Tower with Radar,161,79,27,4,271,0,10,12,0,22,161,89,39,4,293,0,0,0,293
12/03/2021,MKE,WI,AGL,CE,Combined TRACON& Tower with Radar,162,85,23,0,270,0,0,0,0,0,162,85,23,0,270,0,0,0,270
12/04/2021,MKE,WI,AGL,CE,Combined TRACON& Tower with Radar,129,56,11,0,196,0,2,15,0,17,129,58,26,0,213,0,0,0,213
12/05/2021,MKE,WI,AGL,CE,Combined TRACON& Tower with Radar,154,56,22,1,233,0,2,0,0,2,154,58,22,1,235,0,0,0,235
12/06/2021,MKE,WI,AGL,CE,Combined TRACON& Tower with Radar,151,63,21,0,235,0,0,2,1,3,151,63,23,1,238,0,0,0,238
12/07/2021,MKE,WI,AGL,CE,Combined TRACON& Tower with Radar,149,92,23,12,276,0,6,2,0,8,149,98,25,12,284,0,0,0,284
12/08/2021,MKE,WI,AGL,CE,Combined TRACON& Tower with Radar,150,79,32,3,264,0,2,2,0,4,150,81,34,3,268,0,0,0,268
12/09/2021,MKE,WI,AGL,CE,Combined TRACON& Tower with Radar,167,73,33,5,278,0,2,7,4,13,167,75,40,9,291,0,0,0,291
12/10/2021,MKE,WI,AGL,CE,Combined TRACON& Tower with Radar,159,75,16,11,261,0,2,5,0,7,159,77,21,11,268,0,0,0,268
12/11/2021,MKE,WI,AGL,CE,Combined TRACON& Tower with Radar,129,55,4,0,188,0,0,6,0,6,129,55,10,0,194,0,0,0,194
12/12/2021,MKE,WI,AGL,CE,Combined TRACON& Tower with Radar,157,52,22,0,231,0,4,6,0,10,157,56,28,0,241,0,0,0,241
12/13/2021,MKE,WI,AGL,CE,Combined TRACON& Tower with Radar,149,69,27,2,247,0,4,17,0,21,149,73,44,2,268,0,0,0,268
12/14/2021,MKE,WI,AGL,CE,Combined TRACON& Tower with Radar,151,78,36,4,269,0,7,16,2,25,151,85,52,6,294,0,0,0,294
12/15/2021,MKE,WI,AGL,CE,Combined TRACON& Tower with Radar,148,80,37,2,267,0,2,1,0,3,148,82,38,2,270,0,0,0,270
12/16/2021,MKE,WI,AGL,CE,Combined TRACON& Tower with Radar,162,63,29,0,254,0,0,0,0,0,162,63,29,0,254,0,0,0,254
12/17/2021,MKE,WI,AGL,CE,Combined TRACON& Tower with Radar,155,89,29,4,277,0,8,14,0,22,155,97,43,4,299,0,0,0,299
12/18/2021,MKE,WI,AGL,CE,Combined TRACON& Tower with Radar,160,65,15,0,240,0,2,6,0,8,160,67,21,0,248,0,0,0,248
12/19/2021,MKE,WI,AGL,CE,Combined TRACON& Tower with Radar,157,43,17,0,217,0,0,12,0,12,157,43,29,0,229,0,0,0,229
12/20/2021,MKE,WI,AGL,CE,Combined TRACON& Tower with Radar,140,63,20,3,226,0,1,20,0,21,140,64,40,3,247,0,0,0,247
12/21/2021,MKE,WI,AGL,CE,Combined TRACON& Tower with Radar,156,83,13,15,267,0,8,8,1,17,156,91,21,16,284,0,0,0,284
12/22/2021,MKE,WI,AGL,CE,Combined TRACON& Tower with Radar,168,78,14,7,267,0,9,15,3,27,168,87,29,10,294,0,0,0,294
12/23/2021,MKE,WI,AGL,CE,Combined TRACON& Tower with Radar,171,82,20,0,273,0,4,11,0,15,171,86,31,0,288,0,0,0,288
12/24/2021,MKE,WI,AGL,CE,Combined TRACON& Tower with Radar,134,51,4,0,189,0,0,0,0,0,134,51,4,0,189,0,0,0,189
12/25/2021,MKE,WI,AGL,CE,Combined TRACON& Tower with Radar,127,41,3,0,171,0,0,6,0,6,127,41,9,0,177,0,0,0,177
12/26/2021,MKE,WI,AGL,CE,Combined TRACON& Tower with Radar,151,58,12,0,221,0,0,4,0,4,151,58,16,0,225,0,0,0,225
12/27/2021,MKE,WI,AGL,CE,Combined TRACON& Tower with Radar,153,69,26,0,248,0,0,0,0,0,153,69,26,0,248,0,0,0,248
12/28/2021,MKE,WI,AGL,CE,Combined TRACON& Tower with Radar,151,63,14,0,228,0,0,0,0,0,151,63,14,0,228,0,0,0,228
12/29/2021,MKE,WI,AGL,CE,Combined TRACON& Tower with Radar,156,94,16,0,266,0,5,4,0,9,156,99,20,0,275,0,0,0,275
12/30/2021,MKE,WI,AGL,CE,Combined TRACON& Tower with Radar,157,80,16,0,253,0,2,1,0,3,157,82,17,0,256,0,0,0,256
12/31/2021,MKE,WI,AGL,CE,Combined TRACON& Tower with Radar,131,67,9,0,207,0,0,0,0,0,131,67,9,0,207,0,0,0,207
01/01/2022,MKE,WI,AGL,CE,Combined TRACON& Tower with Radar,127,23,5,0,155,0,0,0,0,0,127,23,5,0,155,0,0,0,155
01/02/2022,MKE,WI,AGL,CE,Combined TRACON& Tower with Radar,143,44,29,0,216,0,2,7,0,9,143,46,36,0,225,0,0,0,225
01/03/2022,MKE,WI,AGL,CE,Combined TRACON& Tower with Radar,134,74,20,0,228,0,4,16,0,20,134,78,36,0,248,0,0,0,248
01/04/2022,MKE,WI,AGL,CE,Combined TRACON& Tower with Radar,140,72,15,8,235,0,2,15,2,19,140,74,30,10,254,0,0,0,254
01/05/2022,MKE,WI,AGL,CE,Combined TRACON& Tower with Radar,140,63,15,0,218,0,0,0,0,0,140,63,15,0,218,0,0,0,218
01/06/2022,MKE,WI,AGL,CE,Combined TRACON& Tower with Radar,135,78,10,0,223,0,0,0,0,0,135,78,10,0,223,0,0,0,223
01/07/2022,MKE,WI,AGL,CE,Combined TRACON& Tower with Radar,133,77,13,9,232,0,4,5,0,9,133,81,18,9,241,0,0,0,241
01/08/2022,MKE,WI,AGL,CE,Combined TRACON& Tower with Radar,130,58,6,0,194,0,0,6,0,6,130,58,12,0,200,0,0,0,200
01/09/2022,MKE,WI,AGL,CE,Combined TRACON& Tower with Radar,140,41,11,0,192,0,4,0,0,4,140,45,11,0,196,0,0,0,196
01/10/2022,MKE,WI,AGL,CE,Combined TRACON& Tower with Radar,140,61,16,1,218,0,0,3,4,7,140,61,19,5,225,0,0,0,225
01/11/2022,MKE,WI,AGL,CE,Combined TRACON& Tower with Radar,144,64,16,7,231,0,1,5,0,6,144,65,21,7,237,0,0,0,237
01/12/2022,MKE,WI,AGL,CE,Combined TRACON& Tower with Radar,149,60,16,8,233,0,0,22,0,22,149,60,38,8,255,0,0,0,255
01/13/2022,MKE,WI,AGL,CE,Combined TRACON& Tower with Radar,148,77,32,26,283,0,0,12,0,12,148,77,44,26,295,0,0,0,295
01/14/2022,MKE,WI,AGL,CE,Combined TRACON& Tower with Radar,157,78,8,1,244,0,0,0,0,0,157,78,8,1,244,0,0,0,244
01/15/2022,MKE,WI,AGL,CE,Combined TRACON& Tower with Radar,132,46,8,2,188,0,0,5,0,5,132,46,13,2,193,0,0,0,193
01/16/2022,MKE,WI,AGL,CE,Combined TRACON& Tower with Radar,122,41,16,4,183,0,0,8,0,8,122,41,24,4,191,0,0,0,191
01/17/2022,MKE,WI,AGL,CE,Combined TRACON& Tower with Radar,156,47,22,0,225,0,0,15,0,15,156,47,37,0,240,0,0,0,240
01/18/2022,MKE,WI,AGL,CE,Combined TRACON& Tower with Radar,152,70,18,8,248,0,14,3,7,24,152,84,21,15,272,0,0,0,272
01/19/2022,MKE,WI,AGL,CE,Combined TRACON& Tower with Radar,154,81,8,7,250,0,4,3,0,7,154,85,11,7,257,0,0,0,257
01/20/2022,MKE,WI,AGL,CE,Combined TRACON& Tower with Radar,164,72,27,2,265,0,2,28,0,30,164,74,55,2,295,0,0,0,295
01/21/2022,MKE,WI,AGL,CE,Combined TRACON& Tower with Radar,167,75,17,5,264,0,6,18,2,26,167,81,35,7,290,0,0,0,290
01/22/2022,MKE,WI,AGL,CE,Combined TRACON& Tower with Radar,131,42,10,0,183,0,6,8,0,14,131,48,18,0,197,0,0,0,197
01/23/2022,MKE,WI,AGL,CE,Combined TRACON& Tower with Radar,155,47,35,2,239,0,2,11,0,13,155,49,46,2,252,0,0,0,252
01/24/2022,MKE,WI,AGL,CE,Combined TRACON& Tower with Radar,158,50,17,6,231,0,2,2,0,4,158,52,19,6,235,0,0,0,235
01/25/2022,MKE,WI,AGL,CE,Combined TRACON& Tower with Radar,155,61,11,18,245,0,14,3,0,17,155,75,14,18,262,0,0,0,262
01/26/2022,MKE,WI,AGL,CE,Combined TRACON& Tower with Radar,153,65,33,12,263,0,10,7,1,18,153,75,40,13,281,0,0,0,281
01/27/2022,MKE,WI,AGL,CE,Combined TRACON& Tower with Radar,172,76,22,14,284,0,5,5,0,10,172,81,27,14,294,0,0,0,294
01/28/2022,MKE,WI,AGL,CE,Combined TRACON& Tower with Radar,163,71,20,0,254,0,12,19,0,31,163,83,39,0,285,0,0,0,285
01/29/2022,MKE,WI,AGL,CE,Combined TRACON& Tower with Radar,131,46,11,0,188,0,0,6,0,6,131,46,17,0,194,0,0,0,194
01/30/2022,MKE,WI,AGL,CE,Combined TRACON& Tower with Radar,159,45,13,1,218,0,0,10,0,10,159,45,23,1,228,0,0,0,228
01/31/2022,MKE,WI,AGL,CE,Combined TRACON& Tower with Radar,156,56,21,0,233,0,2,7,2,11,156,58,28,2,244,0,0,0,244
02/01/2022,MKE,WI,AGL,CE,Combined TRACON& Tower with Radar,154,71,20,21,266,0,10,10,7,27,154,81,30,28,293,0,0,0,293
02/02/2022,MKE,WI,AGL,CE,Combined TRACON& Tower with Radar,154,79,24,21,278,0,12,6,1,19,154,91,30,22,297,0,0,0,297
02/03/2022,MKE,WI,AGL,CE,Combined TRACON& Tower with Radar,140,81,26,8,255,0,10,12,0,22,140,91,38,8,277,0,0,0,277
02/04/2022,MKE,WI,AGL,CE,Combined TRACON& Tower with Radar,150,60,20,8,238,0,10,4,1,15,150,70,24,9,253,0,0,0,253
02/05/2022,MKE,WI,AGL,CE,Combined TRACON& Tower with Radar,132,52,14,8,206,1,0,8,0,9,133,52,22,8,215,0,0,0,215
02/06/2022,MKE,WI,AGL,CE,Combined TRACON& Tower with Radar,152,43,16,1,212,0,2,8,0,10,152,45,24,1,222,0,0,0,222
02/07/2022,MKE,WI,AGL,CE,Combined TRACON& Tower with Radar,158,59,23,3,243,0,4,4,0,8,158,63,27,3,251,0,0,0,251
02/08/2022,MKE,WI,AGL,CE,Combined TRACON& Tower with Radar,155,82,27,11,275,0,13,2,0,15,155,95,29,11,290,0,0,0,290
02/09/2022,MKE,WI,AGL,CE,Combined TRACON& Tower with Radar,152,72,19,14,257,0,1,9,0,10,152,73,28,14,267,0,0,0,267
02/10/2022,MKE,WI,AGL,CE,Combined TRACON& Tower with Radar,172,73,25,19,289,0,3,7,0,10,172,76,32,19,299,0,0,0,299
02/11/2022,MKE,WI,AGL,CE,Combined TRACON& Tower with Radar,170,74,24,7,275,0,2,0,0,2,170,76,24,7,277,0,0,0,277
02/12/2022,MKE,WI,AGL,CE,Combined TRACON& Tower with Radar,137,55,12,2,206,0,17,9,0,26,137,72,21,2,232,0,0,0,232
02/13/2022,MKE,WI,AGL,CE,Combined TRACON& Tower with Radar,146,44,17,0,207,0,7,3,0,10,146,51,20,0,217,0,0,0,217
02/14/2022,MKE,WI,AGL,CE,Combined TRACON& Tower with Radar,158,57,22,1,238,0,11,6,0,17,158,68,28,1,255,0,0,0,255
02/15/2022,MKE,WI,AGL,CE,Combined TRACON& Tower with Radar,154,76,11,4,245,0,5,6,0,11,154,81,17,4,256,0,0,0,256
02/16/2022,MKE,WI,AGL,CE,Combined TRACON& Tower with Radar,156,76,20,2,254,0,1,1,0,2,156,77,21,2,256,0,0,0,256
02/17/2022,MKE,WI,AGL,CE,Combined TRACON& Tower with Radar,186,102,27,5,320,0,7,4,0,11,186,109,31,5,331,0,0,0,331
02/18/2022,MKE,WI,AGL,CE,Combined TRACON& Tower with Radar,169,70,11,3,253,0,9,3,3,15,169,79,14,6,268,0,0,0,268
02/19/2022,MKE,WI,AGL,CE,Combined TRACON& Tower with Radar,139,47,10,0,196,0,0,8,0,8,139,47,18,0,204,0,0,0,204
02/20/2022,MKE,WI,AGL,CE,Combined TRACON& Tower with Radar,153,34,11,0,198,0,0,0,0,0,153,34,11,0,198,0,0,0,198
02/21/2022,MKE,WI,AGL,CE,Combined TRACON& Tower with Radar,164,47,18,1,230,0,3,0,0,3,164,50,18,1,233,0,0,0,233
02/22/2022,MKE,WI,AGL,CE,Combined TRACON& Tower with Radar,129,51,17,0,197,0,0,0,0,0,129,51,17,0,197,0,0,0,197
02/23/2022,MKE,WI,AGL,CE,Combined TRACON& Tower with Radar,163,80,21,13,277,0,2,4,0,6,163,82,25,13,283,0,0,0,283
02/24/2022,MKE,WI,AGL,CE,Combined TRACON& Tower with Radar,159,82,16,2,259,0,0,0,0,0,159,82,16,2,259,0,0,0,259
02/25/2022,MKE,WI,AGL,CE,Combined TRACON& Tower with Radar,169,85,18,3,275,0,6,0,1,7,169,91,18,4,282,0,0,0,282
02/26/2022,MKE,WI,AGL,CE,Combined TRACON& Tower with Radar,143,55,9,0,207,0,3,13,1,17,143,58,22,1,224,0,0,0,224
02/27/2022,MKE,WI,AGL,CE,Combined TRACON& Tower with Radar,162,47,25,0,234,0,2,15,0,17,162,49,40,0,251,0,0,0,251
02/28/2022,MKE,WI,AGL,CE,Combined TRACON& Tower with Radar,164,63,19,0,246,0,8,5,0,13,164,71,24,0,259,0,0,0,259
03/01/2022,MKE,WI,AGL,CE,Combined TRACON& Tower with Radar,155,66,16,21,258,0,4,14,4,22,155,70,30,25,280,0,0,0,280
03/02/2022,MKE,WI,AGL,CE,Combined TRACON& Tower with Radar,162,80,23,7,272,0,2,7,0,9,162,82,30,7,281,0,0,0,281
03/03/2022,MKE,WI,AGL,CE,Combined TRACON& Tower with Radar,171,78,24,12,285,0,2,19,4,25,171,80,43,16,310,0,0,0,310
03/04/2022,MKE,WI,AGL,CE,Combined TRACON& Tower with Radar,162,64,19,21,266,0,0,12,0,12,162,64,31,21,278,0,0,0,278
03/05/2022,MKE,WI,AGL,CE,Combined TRACON& Tower with Radar,137,54,8,0,199,0,0,10,0,10,137,54,18,0,209,0,0,0,209
03/06/2022,MKE,WI,AGL,CE,Combined TRACON& Tower with Radar,149,63,23,2,237,0,0,2,0,2,149,63,25,2,239,0,0,0,239
03/07/2022,MKE,WI,AGL,CE,Combined TRACON& Tower with Radar,155,53,19,0,227,0,0,2,0,2,155,53,21,0,229,0,0,0,229
03/08/2022,MKE,WI,AGL,CE,Combined TRACON& Tower with Radar,153,75,21,10,259,0,10,21,0,31,153,85,42,10,290,0,0,0,290
03/09/2022,MKE,WI,AGL,CE,Combined TRACON& Tower with Radar,158,78,20,13,269,0,8,1,0,9,158,86,21,13,278,0,0,0,278
03/10/2022,MKE,WI,AGL,CE,Combined TRACON& Tower with Radar,164,70,13,4,251,0,0,10,0,10,164,70,23,4,261,0,0,0,261
03/11/2022,MKE,WI,AGL,CE,Combined TRACON& Tower with Radar,167,81,18,6,272,0,6,5,0,11,167,87,23,6,283,0,0,0,283
03/12/2022,MKE,WI,AGL,CE,Combined TRACON& Tower with Radar,157,71,12,0,240,0,8,4,0,12,157,79,16,0,252,0,0,0,252
03/13/2022,MKE,WI,AGL,CE,Combined TRACON& Tower with Radar,158,39,21,1,219,0,0,9,0,9,158,39,30,1,228,0,0,0,228
03/14/2022,MKE,WI,AGL,CE,Combined TRACON& Tower with Radar,157,60,18,1,236,0,0,3,0,3,157,60,21,1,239,0,0,0,239
03/15/2022,MKE,WI,AGL,CE,Combined TRACON& Tower with Radar,158,70,22,18,268,0,1,4,0,5,158,71,26,18,273,0,0,0,273
03/16/2022,MKE,WI,AGL,CE,Combined TRACON& Tower with Radar,177,79,22,4,282,0,6,13,4,23,177,85,35,8,305,0,0,0,305
03/17/2022,MKE,WI,AGL,CE,Combined TRACON& Tower with Radar,163,63,19,11,256,0,2,17,0,19,163,65,36,11,275,0,0,0,275
03/18/2022,MKE,WI,AGL,CE,Combined TRACON& Tower with Radar,168,80,19,4,271,0,0,0,0,0,168,80,19,4,271,0,0,0,271
03/19/2022,MKE,WI,AGL,CE,Combined TRACON& Tower with Radar,175,54,25,2,256,0,0,2,0,2,175,54,27,2,258,0,0,0,258
03/20/2022,MKE,WI,AGL,CE,Combined TRACON& Tower with Radar,164,46,39,6,255,0,0,13,0,13,164,46,52,6,268,0,0,0,268
03/21/2022,MKE,WI,AGL,CE,Combined TRACON& Tower with Radar,160,60,24,5,249,0,9,21,0,30,160,69,45,5,279,0,0,0,279
03/22/2022,MKE,WI,AGL,CE,Combined TRACON& Tower with Radar,156,64,19,5,244,0,0,0,1,1,156,64,19,6,245,0,0,0,245
03/23/2022,MKE,WI,AGL,CE,Combined TRACON& Tower with Radar,162,50,11,0,223,0,0,0,0,0,162,50,11,0,223,0,0,0,223
03/24/2022,MKE,WI,AGL,CE,Combined TRACON& Tower with Radar,169,77,18,3,267,0,0,0,0,0,169,77,18,3,267,0,0,0,267
03/25/2022,MKE,WI,AGL,CE,Combined TRACON& Tower with Radar,170,67,15,2,254,0,0,0,0,0,170,67,15,2,254,0,0,0,254
03/26/2022,MKE,WI,AGL,CE,Combined TRACON& Tower with Radar,167,56,18,1,242,0,0,6,0,6,167,56,24,1,248,0,0,0,248
03/27/2022,MKE,WI,AGL,CE,Combined TRACON& Tower with Radar,163,48,16,1,228,0,11,6,0,17,163,59,22,1,245,0,0,0,245
03/28/2022,MKE,WI,AGL,CE,Combined TRACON& Tower with Radar,165,71,24,1,261,0,3,11,1,15,165,74,35,2,276,0,0,0,276
03/29/2022,MKE,WI,AGL,CE,Combined TRACON& Tower with Radar,163,75,20,5,263,0,0,1,0,1,163,75,21,5,264,0,0,0,264
03/30/2022,MKE,WI,AGL,CE,Combined TRACON& Tower with Radar,167,68,23,2,260,0,0,0,0,0,167,68,23,2,260,0,0,0,260
03/31/2022,MKE,WI,AGL,CE,Combined TRACON& Tower with Radar,166,67,14,6,253,0,0,0,0,0,166,67,14,6,253,0,0,0,253
04/01/2022,MKE,WI,AGL,CE,Combined TRACON& Tower with Radar,169,76,27,5,277,0,2,18,0,20,169,78,45,5,297,0,0,0,297
04/02/2022,MKE,WI,AGL,CE,Combined TRACON& Tower with Radar,131,50,11,5,197,0,0,0,0,0,131,50,11,5,197,0,0,0,197
04/03/2022,MKE,WI,AGL,CE,Combined TRACON& Tower with Radar,130,41,38,1,210,0,1,3,0,4,130,42,41,1,214,0,0,0,214
04/04/2022,MKE,WI,AGL,CE,Combined TRACON& Tower with Radar,148,51,19,0,218,0,0,0,0,0,148,51,19,0,218,0,0,0,218
04/05/2022,MKE,WI,AGL,CE,Combined TRACON& Tower with Radar,154,82,25,10,271,0,2,5,0,7,154,84,30,10,278,0,0,0,278
04/06/2022,MKE,WI,AGL,CE,Combined TRACON& Tower with Radar,160,65,23,0,248,0,1,16,0,17,160,66,39,0,265,0,0,0,265
04/07/2022,MKE,WI,AGL,CE,Combined TRACON& Tower with Radar,156,75,18,5,254,0,0,0,0,0,156,75,18,5,254,0,0,0,254
04/08/2022,MKE,WI,AGL,CE,Combined TRACON& Tower with Radar,164,54,26,4,248,0,0,0,0,0,164,54,26,4,248,0,0,0,248
04/09/2022,MKE,WI,AGL,CE,Combined TRACON& Tower with Radar,145,38,10,0,193,0,5,21,0,26,145,43,31,0,219,0,0,0,219
04/10/2022,MKE,WI,AGL,CE,Combined TRACON& Tower with Radar,145,31,14,1,191,0,0,3,1,4,145,31,17,2,195,0,0,0,195
04/11/2022,MKE,WI,AGL,CE,Combined TRACON& Tower with Radar,161,48,30,1,240,0,17,16,0,33,161,65,46,1,273,0,0,0,273
04/12/2022,MKE,WI,AGL,CE,Combined TRACON& Tower with Radar,153,78,24,5,260,0,8,13,2,23,153,86,37,7,283,0,0,0,283
04/13/2022,MKE,WI,AGL,CE,Combined TRACON& Tower with Radar,164,65,18,1,248,1,8,4,0,13,165,73,22,1,261,0,0,0,261
04/14/2022,MKE,WI,AGL,CE,Combined TRACON& Tower with Radar,163,89,28,3,283,0,12,2,3,17,163,101,30,6,300,0,0,0,300
04/15/2022,MKE,WI,AGL,CE,Combined TRACON& Tower with Radar,162,58,20,2,242,0,10,9,0,19,162,68,29,2,261,0,0,0,261
04/16/2022,MKE,WI,AGL,CE,Combined TRACON& Tower with Radar,136,33,11,3,183,0,0,8,0,8,136,33,19,3,191,0,0,0,191
04/17/2022,MKE,WI,AGL,CE,Combined TRACON& Tower with Radar,151,30,10,1,192,0,0,6,0,6,151,30,16,1,198,0,0,0,198
04/18/2022,MKE,WI,AGL,CE,Combined TRACON& Tower with Radar,154,59,25,2,240,0,0,0,0,0,154,59,25,2,240,0,0,0,240
04/19/2022,MKE,WI,AGL,CE,Combined TRACON& Tower with Radar,156,72,20,21,269,0,7,9,1,17,156,79,29,22,286,0,0,0,286
04/20/2022,MKE,WI,AGL,CE,Combined TRACON& Tower with Radar,151,73,36,14,274,0,6,3,0,9,151,79,39,14,283,0,0,0,283
04/21/2022,MKE,WI,AGL,CE,Combined TRACON& Tower with Radar,160,65,27,6,258,0,12,14,2,28,160,77,41,8,286,0,0,0,286
04/22/2022,MKE,WI,AGL,CE,Combined TRACON& Tower with Radar,155,66,23,8,252,0,0,0,0,0,155,66,23,8,252,0,0,0,252
04/23/2022,MKE,WI,AGL,CE,Combined TRACON& Tower with Radar,142,47,11,1,201,0,0,8,0,8,142,47,19,1,209,9,0,9,218
04/24/2022,MKE,WI,AGL,CE,Combined TRACON& Tower with Radar,147,44,25,1,217,0,5,4,0,9,147,49,29,1,226,8,0,8,234
04/25/2022,MKE,WI,AGL,CE,Combined TRACON& Tower with Radar,161,55,27,2,245,0,10,11,0,21,161,65,38,2,266,0,0,0,266
04/26/2022,MKE,WI,AGL,CE,Combined TRACON& Tower with Radar,148,70,25,6,249,1,5,4,0,10,149,75,29,6,259,0,0,0,259
04/27/2022,MKE,WI,AGL,CE,Combined TRACON& Tower with Radar,149,76,18,3,246,0,15,18,4,37,149,91,36,7,283,0,0,0,283
04/28/2022,MKE,WI,AGL,CE,Combined TRACON& Tower with Radar,155,79,24,15,273,0,16,13,3,32,155,95,37,18,305,0,0,0,305
04/29/2022,MKE,WI,AGL,CE,Combined TRACON& Tower with Radar,153,71,19,2,245,0,9,10,0,19,153,80,29,2,264,0,0,0,264
04/30/2022,MKE,WI,AGL,CE,Combined TRACON& Tower with Radar,149,50,11,1,211,0,0,0,0,0,149,50,11,1,211,0,0,0,211
05/01/2022,MKE,WI,AGL,CE,Combined TRACON& Tower with Radar,144,33,21,4,202,0,0,4,0,4,144,33,25,4,206,0,0,0,206
05/02/2022,MKE,WI,AGL,CE,Combined TRACON& Tower with Radar,148,65,23,1,237,0,1,8,0,9,148,66,31,1,246,0,0,0,246
05/03/2022,MKE,WI,AGL,CE,Combined TRACON& Tower with Radar,157,68,19,0,244,0,0,0,0,0,157,68,19,0,244,0,0,0,244
05/04/2022,MKE,WI,AGL,CE,Combined TRACON& Tower with Radar,156,81,34,3,274,0,0,3,0,3,156,81,37,3,277,0,0,0,277
05/05/2022,MKE,WI,AGL,CE,Combined TRACON& Tower with Radar,156,82,21,3,262,0,1,7,3,11,156,83,28,6,273,0,0,0,273
05/06/2022,MKE,WI,AGL,CE,Combined TRACON& Tower with Radar,155,96,29,2,282,0,0,5,0,5,155,96,34,2,287,0,0,0,287
05/07/2022,MKE,WI,AGL,CE,Combined TRACON& Tower with Radar,124,58,22,1,205,0,4,20,0,24,124,62,42,1,229,0,0,0,229
05/08/2022,MKE,WI,AGL,CE,Combined TRACON& Tower with Radar,132,50,19,0,201,0,0,5,0,5,132,50,24,0,206,0,0,0,206
05/09/2022,MKE,WI,AGL,CE,Combined TRACON& Tower with Radar,147,69,30,5,251,0,2,4,0,6,147,71,34,5,257,0,0,0,257
05/10/2022,MKE,WI,AGL,CE,Combined TRACON& Tower with Radar,145,88,19,5,257,0,5,10,0,15,145,93,29,5,272,0,0,0,272
05/11/2022,MKE,WI,AGL,CE,Combined TRACON& Tower with Radar,137,99,34,8,278,0,0,0,0,0,137,99,34,8,278,0,0,0,278
05/12/2022,MKE,WI,AGL,CE,Combined TRACON& Tower with Radar,153,93,38,6,290,0,2,15,0,17,153,95,53,6,307,0,0,0,307
05/13/2022,MKE,WI,AGL,CE,Combined TRACON& Tower with Radar,153,86,32,15,286,0,6,12,0,18,153,92,44,15,304,0,0,0,304
05/14/2022,MKE,WI,AGL,CE,Combined TRACON& Tower with Radar,127,50,12,1,190,0,2,13,0,15,127,52,25,1,205,0,0,0,205
05/15/2022,MKE,WI,AGL,CE,Combined TRACON& Tower with Radar,144,35,16,0,195,0,2,16,0,18,144,37,32,0,213,0,0,0,213
05/16/2022,MKE,WI,AGL,CE,Combined TRACON& Tower with Radar,140,64,13,1,218,0,4,12,2,18,140,68,25,3,236,0,0,0,236
05/17/2022,MKE,WI,AGL,CE,Combined TRACON& Tower with Radar,144,87,20,8,259,0,0,15,1,16,144,87,35,9,275,0,0,0,275
05/18/2022,MKE,WI,AGL,CE,Combined TRACON& Tower with Radar,143,68,28,12,251,0,2,3,0,5,143,70,31,12,256,0,0,0,256
05/19/2022,MKE,WI,AGL,CE,Combined TRACON& Tower with Radar,150,64,20,4,238,0,4,7,1,12,150,68,27,5,250,0,0,0,250
05/20/2022,MKE,WI,AGL,CE,Combined TRACON& Tower with Radar,142,69,20,11,242,0,0,0,0,0,142,69,20,11,242,0,0,0,242
05/21/2022,MKE,WI,AGL,CE,Combined TRACON& Tower with Radar,138,49,8,2,197,0,0,6,2,8,138,49,14,4,205,0,0,0,205
05/22/2022,MKE,WI,AGL,CE,Combined TRACON& Tower with Radar,124,31,13,1,169,0,7,17,2,26,124,38,30,3,195,0,0,0,195
05/23/2022,MKE,WI,AGL,CE,Combined TRACON& Tower with Radar,138,44,28,1,211,0,8,17,0,25,138,52,45,1,236,0,0,0,236
05/24/2022,MKE,WI,AGL,CE,Combined TRACON& Tower with Radar,144,70,36,3,253,0,5,9,0,14,144,75,45,3,267,0,0,0,267
05/25/2022,MKE,WI,AGL,CE,Combined TRACON& Tower with Radar,145,70,24,0,239,0,3,0,0,3,145,73,24,0,242,0,0,0,242
05/26/2022,MKE,WI,AGL,CE,Combined TRACON& Tower with Radar,142,82,32,13,269,0,1,2,0,3,142,83,34,13,272,0,0,0,272
05/27/2022,MKE,WI,AGL,CE,Combined TRACON& Tower with Radar,155,63,18,2,238,0,1,8,0,9,155,64,26,2,247,0,0,0,247
05/28/2022,MKE,WI,AGL,CE,Combined TRACON& Tower with Radar,121,43,16,2,182,0,1,14,0,15,121,44,30,2,197,0,0,0,197
05/29/2022,MKE,WI,AGL,CE,Combined TRACON& Tower with Radar,125,40,11,0,176,0,3,0,0,3,125,43,11,0,179,0,0,0,179
05/30/2022,MKE,WI,AGL,CE,Combined TRACON& Tower with Radar,144,38,10,0,192,0,4,1,0,5,144,42,11,0,197,0,0,0,197
05/31/2022,MKE,WI,AGL,CE,Combined TRACON& Tower with Radar,135,63,17,4,219,0,0,0,4,4,135,63,17,8,223,0,0,0,223
06/01/2022,MKE,WI,AGL,CE,Combined TRACON& Tower with Radar,134,70,33,9,246,0,4,19,0,23,134,74,52,9,269,0,0,0,269
06/02/2022,MKE,WI,AGL,CE,Combined TRACON& Tower with Radar,139,79,28,1,247,0,2,21,0,23,139,81,49,1,270,0,0,0,270
06/03/2022,MKE,WI,AGL,CE,Combined TRACON& Tower with Radar,151,69,18,1,239,0,2,15,0,17,151,71,33,1,256,0,0,0,256
06/04/2022,MKE,WI,AGL,CE,Combined TRACON& Tower with Radar,126,37,14,9,186,0,0,8,8,16,126,37,22,17,202,0,0,0,202
06/05/2022,MKE,WI,AGL,CE,Combined TRACON& Tower with Radar,129,32,21,0,182,0,2,10,2,14,129,34,31,2,196,0,0,0,196
06/06/2022,MKE,WI,AGL,CE,Combined TRACON& Tower with Radar,140,61,21,1,223,0,0,0,0,0,140,61,21,1,223,0,0,0,223
06/07/2022,MKE,WI,AGL,CE,Combined TRACON& Tower with Radar,144,75,45,8,272,0,16,12,5,33,144,91,57,13,305,0,0,0,305
06/08/2022,MKE,WI,AGL,CE,Combined TRACON& Tower with Radar,143,72,45,4,264,0,0,2,0,2,143,72,47,4,266,0,0,0,266
06/09/2022,MKE,WI,AGL,CE,Combined TRACON& Tower with Radar,150,81,36,11,278,0,6,19,0,25,150,87,55,11,303,0,0,0,303
06/10/2022,MKE,WI,AGL,CE,Combined TRACON& Tower with Radar,137,77,29,8,251,0,12,9,3,24,137,89,38,11,275,0,0,0,275
06/11/2022,MKE,WI,AGL,CE,Combined TRACON& Tower with Radar,144,36,7,2,189,0,2,1,0,3,144,38,8,2,192,0,0,0,192
06/12/2022,MKE,WI,AGL,CE,Combined TRACON& Tower with Radar,129,33,10,3,175,0,0,9,2,11,129,33,19,5,186,0,0,0,186
06/13/2022,MKE,WI,AGL,CE,Combined TRACON& Tower with Radar,159,62,20,1,242,0,4,5,0,9,159,66,25,1,251,0,0,0,251
06/14/2022,MKE,WI,AGL,CE,Combined TRACON& Tower with Radar,146,62,29,10,247,0,12,8,0,20,146,74,37,10,267,0,0,0,267
06/15/2022,MKE,WI,AGL,CE,Combined TRACON& Tower with Radar,135,73,27,5,240,0,8,8,0,16,135,81,35,5,256,0,0,0,256
06/16/2022,MKE,WI,AGL,CE,Combined TRACON& Tower with Radar,150,77,25,13,265,0,4,1,1,6,150,81,26,14,271,0,0,0,271
06/17/2022,MKE,WI,AGL,CE,Combined TRACON& Tower with Radar,142,75,30,1,248,0,10,24,0,34,142,85,54,1,282,0,0,0,282
06/18/2022,MKE,WI,AGL,CE,Combined TRACON& Tower with Radar,148,44,15,2,209,0,8,23,1,32,148,52,38,3,241,0,0,0,241
06/19/2022,MKE,WI,AGL,CE,Combined TRACON& Tower with Radar,130,30,15,2,177,0,3,7,0,10,130,33,22,2,187,0,0,0,187
06/20/2022,MKE,WI,AGL,CE,Combined TRACON& Tower with Radar,134,61,27,0,222,0,2,4,0,6,134,63,31,0,228,0,0,0,228
06/21/2022,MKE,WI,AGL,CE,Combined TRACON& Tower with Radar,149,77,28,6,260,0,4,4,0,8,149,81,32,6,268,0,0,0,268
06/22/2022,MKE,WI,AGL,CE,Combined TRACON& Tower with Radar,129,75,16,4,224,0,13,12,1,26,129,88,28,5,250,0,0,0,250
06/23/2022,MKE,WI,AGL,CE,Combined TRACON& Tower with Radar,146,91,24,5,266,0,7,15,0,22,146,98,39,5,288,0,0,0,288
06/24/2022,MKE,WI,AGL,CE,Combined TRACON& Tower with Radar,149,79,27,4,259,0,9,15,0,24,149,88,42,4,283,0,0,0,283
06/25/2022,MKE,WI,AGL,CE,Combined TRACON& Tower with Radar,144,50,20,2,216,0,5,1,0,6,144,55,21,2,222,0,0,0,222
06/26/2022,MKE,WI,AGL,CE,Combined TRACON& Tower with Radar,142,41,23,6,212,0,0,12,0,12,142,41,35,6,224,0,0,0,224
06/27/2022,MKE,WI,AGL,CE,Combined TRACON& Tower with Radar,141,52,27,3,223,0,5,12,0,17,141,57,39,3,240,0,0,0,240
06/28/2022,MKE,WI,AGL,CE,Combined TRACON& Tower with Radar,143,75,19,10,247,0,7,20,0,27,143,82,39,10,274,0,0,0,274
06/29/2022,MKE,WI,AGL,CE,Combined TRACON& Tower with Radar,139,76,21,2,238,0,3,11,4,18,139,79,32,6,256,0,0,0,256
06/30/2022,MKE,WI,AGL,CE,Combined TRACON& Tower with Radar,145,88,29,2,264,0,4,16,0,20,145,92,45,2,284,0,0,0,284
07/01/2022,MKE,WI,AGL,CE,Combined TRACON& Tower with Radar,149,70,18,2,239,0,5,18,2,25,149,75,36,4,264,0,0,0,264
07/02/2022,MKE,WI,AGL,CE,Combined TRACON& Tower with Radar,143,38,19,1,201,0,6,23,0,29,143,44,42,1,230,0,0,0,230
07/03/2022,MKE,WI,AGL,CE,Combined TRACON& Tower with Radar,131,32,1,1,165,0,1,13,0,14,131,33,14,1,179,0,0,0,179
07/04/2022,MKE,WI,AGL,CE,Combined TRACON& Tower with Radar,122,31,8,4,165,0,6,5,1,12,122,37,13,5,177,0,0,0,177
07/05/2022,MKE,WI,AGL,CE,Combined TRACON& Tower with Radar,135,52,17,7,211,0,0,5,0,5,135,52,22,7,216,0,0,0,216
07/06/2022,MKE,WI,AGL,CE,Combined TRACON& Tower with Radar,141,65,30,9,245,0,1,7,2,10,141,66,37,11,255,0,0,0,255
07/07/2022,MKE,WI,AGL,CE,Combined TRACON& Tower with Radar,146,75,21,9,251,0,4,8,0,12,146,79,29,9,263,0,0,0,263
07/08/2022,MKE,WI,AGL,CE,Combined TRACON& Tower with Radar,140,73,27,6,246,0,4,5,0,9,140,77,32,6,255,0,0,0,255
07/09/2022,MKE,WI,AGL,CE,Combined TRACON& Tower with Radar,140,42,15,7,204,0,10,10,5,25,140,52,25,12,229,0,0,0,229
07/10/2022,MKE,WI,AGL,CE,Combined TRACON& Tower with Radar,140,37,21,0,198,0,6,11,0,17,140,43,32,0,215,0,0,0,215
07/11/2022,MKE,WI,AGL,CE,Combined TRACON& Tower with Radar,154,51,26,0,231,0,6,20,0,26,154,57,46,0,257,0,0,0,257
07/12/2022,MKE,WI,AGL,CE,Combined TRACON& Tower with Radar,142,62,24,6,234,0,11,19,0,30,142,73,43,6,264,0,0,0,264
07/13/2022,MKE,WI,AGL,CE,Combined TRACON& Tower with Radar,143,82,15,8,248,0,10,14,0,24,143,92,29,8,272,0,0,0,272
07/14/2022,MKE,WI,AGL,CE,Combined TRACON& Tower with Radar,145,98,30,9,282,0,11,23,0,34,145,109,53,9,316,0,0,0,316
07/15/2022,MKE,WI,AGL,CE,Combined TRACON& Tower with Radar,149,68,12,1,230,0,0,5,0,5,149,68,17,1,235,0,0,0,235
07/16/2022,MKE,WI,AGL,CE,Combined TRACON& Tower with Radar,141,42,24,2,209,0,0,0,0,0,141,42,24,2,209,0,0,0,209
07/17/2022,MKE,WI,AGL,CE,Combined TRACON& Tower with Radar,141,46,28,0,215,0,0,14,0,14,141,46,42,0,229,0,0,0,229
07/18/2022,MKE,WI,AGL,CE,Combined TRACON& Tower with Radar,132,57,18,0,207,0,5,17,0,22,132,62,35,0,229,0,0,0,229
07/19/2022,MKE,WI,AGL,CE,Combined TRACON& Tower with Radar,146,66,16,3,231,0,8,8,0,16,146,74,24,3,247,0,0,0,247
07/20/2022,MKE,WI,AGL,CE,Combined TRACON& Tower with Radar,136,75,19,15,245,0,4,5,6,15,136,79,24,21,260,0,0,0,260
07/21/2022,MKE,WI,AGL,CE,Combined TRACON& Tower with Radar,152,81,37,8,278,0,2,20,14,36,152,83,57,22,314,0,0,0,314
07/22/2022,MKE,WI,AGL,CE,Combined TRACON& Tower with Radar,143,66,32,8,249,0,3,32,17,52,143,69,64,25,301,0,0,0,301
07/23/2022,MKE,WI,AGL,CE,Combined TRACON& Tower with Radar,135,59,15,5,214,0,12,26,17,55,135,71,41,22,269,0,0,0,269
07/24/2022,MKE,WI,AGL,CE,Combined TRACON& Tower with Radar,135,39,28,5,207,0,6,24,15,45,135,45,52,20,252,0,0,0,252
07/25/2022,MKE,WI,AGL,CE,Combined TRACON& Tower with Radar,127,64,44,2,237,0,4,6,0,10,127,68,50,2,247,0,0,0,247
07/26/2022,MKE,WI,AGL,CE,Combined TRACON& Tower with Radar,142,83,41,2,268,0,9,14,1,24,142,92,55,3,292,0,0,0,292
07/27/2022,MKE,WI,AGL,CE,Combined TRACON& Tower with Radar,158,83,49,16,306,0,6,16,0,22,158,89,65,16,328,0,0,0,328
07/28/2022,MKE,WI,AGL,CE,Combined TRACON& Tower with Radar,140,80,24,17,261,0,12,26,5,43,140,92,50,22,304,0,0,0,304
07/29/2022,MKE,WI,AGL,CE,Combined TRACON& Tower with Radar,141,88,20,3,252,0,7,15,0,22,141,95,35,3,274,0,0,0,274
07/30/2022,MKE,WI,AGL,CE,Combined TRACON& Tower with Radar,136,44,13,3,196,0,6,21,1,28,136,50,34,4,224,0,0,0,224
07/31/2022,MKE,WI,AGL,CE,Combined TRACON& Tower with Radar,139,42,27,1,209,0,0,13,0,13,139,42,40,1,222,0,0,0,222
08/01/2022,MKE,WI,AGL,CE,Combined TRACON& Tower with Radar,139,60,23,5,227,0,12,14,0,26,139,72,37,5,253,0,0,0,253
08/02/2022,MKE,WI,AGL,CE,Combined TRACON& Tower with Radar,146,81,22,7,256,0,9,8,0,17,146,90,30,7,273,0,0,0,273
08/03/2022,MKE,WI,AGL,CE,Combined TRACON& Tower with Radar,139,82,24,4,249,0,3,9,0,12,139,85,33,4,261,0,0,0,261
08/04/2022,MKE,WI,AGL,CE,Combined TRACON& Tower with Radar,139,78,49,14,280,0,8,11,0,19,139,86,60,14,299,0,0,0,299
08/05/2022,MKE,WI,AGL,CE,Combined TRACON& Tower with Radar,123,73,35,15,246,0,5,11,1,17,123,78,46,16,263,0,0,0,263
08/06/2022,MKE,WI,AGL,CE,Combined TRACON& Tower with Radar,140,54,18,7,219,0,1,9,0,10,140,55,27,7,229,0,0,0,229
08/07/2022,MKE,WI,AGL,CE,Combined TRACON& Tower with Radar,134,39,30,10,213,0,1,1,0,2,134,40,31,10,215,0,0,0,215
08/08/2022,MKE,WI,AGL,CE,Combined TRACON& Tower with Radar,138,74,26,12,250,0,0,1,0,1,138,74,27,12,251,0,0,0,251
08/09/2022,MKE,WI,AGL,CE,Combined TRACON& Tower with Radar,135,89,36,13,273,0,6,18,1,25,135,95,54,14,298,0,0,0,298
08/10/2022,MKE,WI,AGL,CE,Combined TRACON& Tower with Radar,146,77,30,14,267,0,6,25,0,31,146,83,55,14,298,0,0,0,298
08/11/2022,MKE,WI,AGL,CE,Combined TRACON& Tower with Radar,147,82,17,19,265,0,6,17,0,23,147,88,34,19,288,0,0,0,288
08/12/2022,MKE,WI,AGL,CE,Combined TRACON& Tower with Radar,143,76,18,16,253,0,2,15,1,18,143,78,33,17,271,0,0,0,271
08/13/2022,MKE,WI,AGL,CE,Combined TRACON& Tower with Radar,143,41,10,4,198,0,2,5,0,7,143,43,15,4,205,0,0,0,205
08/14/2022,MKE,WI,AGL,CE,Combined TRACON& Tower with Radar,137,35,20,12,204,0,2,1,0,3,137,37,21,12,207,0,0,0,207
08/15/2022,MKE,WI,AGL,CE,Combined TRACON& Tower with Radar,135,61,23,18,237,0,1,21,0,22,135,62,44,18,259,0,0,0,259
08/16/2022,MKE,WI,AGL,CE,Combined TRACON& Tower with Radar,146,77,16,10,249,0,11,20,0,31,146,88,36,10,280,0,0,0,280
08/17/2022,MKE,WI,AGL,CE,Combined TRACON& Tower with Radar,142,72,33,15,262,0,6,9,5,20,142,78,42,20,282,0,0,0,282
08/18/2022,MKE,WI,AGL,CE,Combined TRACON& Tower with Radar,143,73,22,12,250,0,2,14,2,18,143,75,36,14,268,0,0,0,268
08/19/2022,MKE,WI,AGL,CE,Combined TRACON& Tower with Radar,144,78,29,6,257,0,2,6,0,8,144,80,35,6,265,0,0,0,265
08/20/2022,MKE,WI,AGL,CE,Combined TRACON& Tower with Radar,138,48,10,2,198,0,0,3,0,3,138,48,13,2,201,0,0,0,201
08/21/2022,MKE,WI,AGL,CE,Combined TRACON& Tower with Radar,127,43,20,8,198,0,2,5,0,7,127,45,25,8,205,0,0,0,205
08/22/2022,MKE,WI,AGL,CE,Combined TRACON& Tower with Radar,123,67,18,7,215,0,1,15,2,18,123,68,33,9,233,0,0,0,233
08/23/2022,MKE,WI,AGL,CE,Combined TRACON& Tower with Radar,141,68,16,2,227,0,6,9,0,15,141,74,25,2,242,0,0,0,242
08/24/2022,MKE,WI,AGL,CE,Combined TRACON& Tower with Radar,142,79,20,5,246,0,5,12,10,27,142,84,32,15,273,0,0,0,273
08/25/2022,MKE,WI,AGL,CE,Combined TRACON& Tower with Radar,157,89,37,3,286,0,0,3,0,3,157,89,40,3,289,0,0,0,289
08/26/2022,MKE,WI,AGL,CE,Combined TRACON& Tower with Radar,143,65,22,9,239,0,6,6,1,13,143,71,28,10,252,0,0,0,252
08/27/2022,MKE,WI,AGL,CE,Combined TRACON& Tower with Radar,139,48,15,1,203,0,3,5,0,8,139,51,20,1,211,0,0,0,211
08/28/2022,MKE,WI,AGL,CE,Combined TRACON& Tower with Radar,138,47,23,4,212,0,0,4,0,4,138,47,27,4,216,0,0,0,216
08/29/2022,MKE,WI,AGL,CE,Combined TRACON& Tower with Radar,140,59,23,1,223,0,0,8,0,8,140,59,31,1,231,0,0,0,231
08/30/2022,MKE,WI,AGL,CE,Combined TRACON& Tower with Radar,139,67,34,6,246,0,1,32,0,33,139,68,66,6,279,0,0,0,279
08/31/2022,MKE,WI,AGL,CE,Combined TRACON& Tower with Radar,148,66,38,21,273,0,0,14,2,16,148,66,52,23,289,0,0,0,289
09/01/2022,MKE,WI,AGL,CE,Combined TRACON& Tower with Radar,147,72,20,15,254,0,4,17,1,22,147,76,37,16,276,0,0,0,276
09/02/2022,MKE,WI,AGL,CE,Combined TRACON& Tower with Radar,137,91,24,4,256,0,4,8,2,14,137,95,32,6,270,0,0,0,270
09/03/2022,MKE,WI,AGL,CE,Combined TRACON& Tower with Radar,130,39,8,0,177,0,4,3,0,7,130,43,11,0,184,0,0,0,184
09/04/2022,MKE,WI,AGL,CE,Combined TRACON& Tower with Radar,115,34,4,3,156,0,0,0,0,0,115,34,4,3,156,0,0,0,156
09/05/2022,MKE,WI,AGL,CE,Combined TRACON& Tower with Radar,132,40,7,4,183,0,2,8,8,18,132,42,15,12,201,0,0,0,201
09/06/2022,MKE,WI,AGL,CE,Combined TRACON& Tower with Radar,135,68,18,15,236,0,2,5,1,8,135,70,23,16,244,0,0,0,244
09/07/2022,MKE,WI,AGL,CE,Combined TRACON& Tower with Radar,144,76,23,8,251,0,6,21,7,34,144,82,44,15,285,0,0,0,285
09/08/2022,MKE,WI,AGL,CE,Combined TRACON& Tower with Radar,149,77,31,2,259,0,6,12,0,18,149,83,43,2,277,0,0,0,277
09/09/2022,MKE,WI,AGL,CE,Combined TRACON& Tower with Radar,146,80,20,28,274,0,2,12,1,15,146,82,32,29,289,0,0,0,289
09/10/2022,MKE,WI,AGL,CE,Combined TRACON& Tower with Radar,135,50,15,3,203,0,0,13,0,13,135,50,28,3,216,0,0,0,216
09/11/2022,MKE,WI,AGL,CE,Combined TRACON& Tower with Radar,138,39,14,0,191,0,0,0,0,0,138,39,14,0,191,0,0,0,191
09/12/2022,MKE,WI,AGL,CE,Combined TRACON& Tower with Radar,145,68,15,7,235,0,7,3,0,10,145,75,18,7,245,0,0,0,245
09/13/2022,MKE,WI,AGL,CE,Combined TRACON& Tower with Radar,150,79,17,6,252,0,5,9,5,19,150,84,26,11,271,0,0,0,271
09/14/2022,MKE,WI,AGL,CE,Combined TRACON& Tower with Radar,145,85,16,9,255,0,18,0,0,18,145,103,16,9,273,0,0,0,273
09/15/2022,MKE,WI,AGL,CE,Combined TRACON& Tower with Radar,155,81,25,13,274,0,3,17,2,22,155,84,42,15,296,0,0,0,296
09/16/2022,MKE,WI,AGL,CE,Combined TRACON& Tower with Radar,142,76,29,1,248,0,2,6,0,8,142,78,35,1,256,0,0,0,256
09/17/2022,MKE,WI,AGL,CE,Combined TRACON& Tower with Radar,125,47,15,2,189,0,4,19,0,23,125,51,34,2,212,0,0,0,212
09/18/2022,MKE,WI,AGL,CE,Combined TRACON& Tower with Radar,139,48,21,0,208,0,2,0,0,2,139,50,21,0,210,0,0,0,210
09/19/2022,MKE,WI,AGL,CE,Combined TRACON& Tower with Radar,134,48,25,1,208,0,9,18,0,27,134,57,43,1,235,0,0,0,235
09/20/2022,MKE,WI,AGL,CE,Combined TRACON& Tower with Radar,163,82,26,2,273,0,1,5,0,6,163,83,31,2,279,0,0,0,279
09/21/2022,MKE,WI,AGL,CE,Combined TRACON& Tower with Radar,144,72,39,3,258,0,4,11,1,16,144,76,50,4,274,0,0,0,274
09/22/2022,MKE,WI,AGL,CE,Combined TRACON& Tower with Radar,142,72,29,7,250,0,3,7,10,20,142,75,36,17,270,0,0,0,270
09/23/2022,MKE,WI,AGL,CE,Combined TRACON& Tower with Radar,140,72,19,4,235,0,4,13,0,17,140,76,32,4,252,0,0,0,252
09/24/2022,MKE,WI,AGL,CE,Combined TRACON& Tower with Radar,125,60,14,2,201,0,0,3,0,3,125,60,17,2,204,0,0,0,204
09/25/2022,MKE,WI,AGL,CE,Combined TRACON& Tower with Radar,134,58,29,2,223,0,0,0,0,0,134,58,29,2,223,0,0,0,223
09/26/2022,MKE,WI,AGL,CE,Combined TRACON& Tower with Radar,151,56,23,0,230,0,1,6,0,7,151,57,29,0,237,0,0,0,237
09/27/2022,MKE,WI,AGL,CE,Combined TRACON& Tower with Radar,144,79,32,3,258,0,6,7,2,15,144,85,39,5,273,0,0,0,273
09/28/2022,MKE,WI,AGL,CE,Combined TRACON& Tower with Radar,139,68,35,3,245,0,10,12,0,22,139,78,47,3,267,0,0,0,267
09/29/2022,MKE,WI,AGL,CE,Combined TRACON& Tower with Radar,143,71,20,5,239,0,5,15,2,22,143,76,35,7,261,0,0,0,261
09/30/2022,MKE,WI,AGL,CE,Combined TRACON& Tower with Radar,144,71,29,1,245,0,7,9,0,16,144,78,38,1,261,0,0,0,261
10/01/2022,MKE,WI,AGL,CE,Combined TRACON& Tower with Radar,134,44,14,1,193,0,2,14,0,16,134,46,28,1,209,0,0,0,209
10/02/2022,MKE,WI,AGL,CE,Combined TRACON& Tower with Radar,141,49,15,3,208,0,2,3,2,7,141,51,18,5,215,0,0,0,215
10/03/2022,MKE,WI,AGL,CE,Combined TRACON& Tower with Radar,143,56,25,3,227,0,10,19,0,29,143,66,44,3,256,0,0,0,256
10/04/2022,MKE,WI,AGL,CE,Combined TRACON& Tower with Radar,146,67,23,4,240,0,7,11,3,21,146,74,34,7,261,0,0,0,261
10/05/2022,MKE,WI,AGL,CE,Combined TRACON& Tower with Radar,148,84,19,14,265,0,4,8,14,26,148,88,27,28,291,0,0,0,291
10/06/2022,MKE,WI,AGL,CE,Combined TRACON& Tower with Radar,152,90,29,4,275,0,3,18,0,21,152,93,47,4,296,0,0,0,296
10/07/2022,MKE,WI,AGL,CE,Combined TRACON& Tower with Radar,149,72,25,0,246,0,9,18,0,27,149,81,43,0,273,0,0,0,273
10/08/2022,MKE,WI,AGL,CE,Combined TRACON& Tower with Radar,136,51,14,0,201,0,6,18,0,24,136,57,32,0,225,0,0,0,225
10/09/2022,MKE,WI,AGL,CE,Combined TRACON& Tower with Radar,137,46,22,0,205,0,2,13,0,15,137,48,35,0,220,0,0,0,220
10/10/2022,MKE,WI,AGL,CE,Combined TRACON& Tower with Radar,144,41,19,0,204,0,2,17,0,19,144,43,36,0,223,0,0,0,223
10/11/2022,MKE,WI,AGL,CE,Combined TRACON& Tower with Radar,152,76,26,8,262,0,0,20,0,20,152,76,46,8,282,0,0,0,282
10/12/2022,MKE,WI,AGL,CE,Combined TRACON& Tower with Radar,139,68,23,6,236,0,2,0,0,2,139,70,23,6,238,0,0,0,238
10/13/2022,MKE,WI,AGL,CE,Combined TRACON& Tower with Radar,156,69,18,13,256,0,3,6,7,16,156,72,24,20,272,0,0,0,272
10/14/2022,MKE,WI,AGL,CE,Combined TRACON& Tower with Radar,148,70,16,5,239,0,0,8,3,11,148,70,24,8,250,0,0,0,250
10/15/2022,MKE,WI,AGL,CE,Combined TRACON& Tower with Radar,131,42,11,3,187,0,0,8,0,8,131,42,19,3,195,0,0,0,195
10/16/2022,MKE,WI,AGL,CE,Combined TRACON& Tower with Radar,136,32,12,1,181,0,0,2,0,2,136,32,14,1,183,0,0,0,183
10/17/2022,MKE,WI,AGL,CE,Combined TRACON& Tower with Radar,143,43,19,1,206,0,0,1,0,1,143,43,20,1,207,0,0,0,207
10/18/2022,MKE,WI,AGL,CE,Combined TRACON& Tower with Radar,143,75,24,1,243,0,1,7,0,8,143,76,31,1,251,0,0,0,251
10/19/2022,MKE,WI,AGL,CE,Combined TRACON& Tower with Radar,147,78,27,18,270,0,5,9,6,20,147,83,36,24,290,0,0,0,290
10/20/2022,MKE,WI,AGL,CE,Combined TRACON& Tower with Radar,150,66,27,8,251,0,0,30,2,32,150,66,57,10,283,0,0,0,283
10/21/2022,MKE,WI,AGL,CE,Combined TRACON& Tower with Radar,149,77,22,8,256,0,2,10,4,16,149,79,32,12,272,0,0,0,272
10/22/2022,MKE,WI,AGL,CE,Combined TRACON& Tower with Radar,132,42,9,7,190,0,2,16,1,19,132,44,25,8,209,0,0,0,209
10/23/2022,MKE,WI,AGL,CE,Combined TRACON& Tower with Radar,132,40,17,2,191,0,2,8,0,10,132,42,25,2,201,0,0,0,201
10/24/2022,MKE,WI,AGL,CE,Combined TRACON& Tower with Radar,141,54,15,2,212,0,7,3,0,10,141,61,18,2,222,0,0,0,222
10/25/2022,MKE,WI,AGL,CE,Combined TRACON& Tower with Radar,138,71,27,3,239,0,0,0,0,0,138,71,27,3,239,0,0,0,239
10/26/2022,MKE,WI,AGL,CE,Combined TRACON& Tower with Radar,146,70,31,19,266,0,1,33,14,48,146,71,64,33,314,0,0,0,314
10/27/2022,MKE,WI,AGL,CE,Combined TRACON& Tower with Radar,152,70,28,13,263,0,4,11,12,27,152,74,39,25,290,0,0,0,290
10/28/2022,MKE,WI,AGL,CE,Combined TRACON& Tower with Radar,147,73,29,6,255,0,0,18,6,24,147,73,47,12,279,0,0,0,279
10/29/2022,MKE,WI,AGL,CE,Combined TRACON& Tower with Radar,127,46,11,3,187,0,1,4,0,5,127,47,15,3,192,0,0,0,192
10/30/2022,MKE,WI,AGL,CE,Combined TRACON& Tower with Radar,129,43,18,1,191,0,0,9,0,9,129,43,27,1,200,0,0,0,200
10/31/2022,MKE,WI,AGL,CE,Combined TRACON& Tower with Radar,130,53,16,0,199,0,5,0,0,5,130,58,16,0,204,0,0,0,204
11/01/2022,MKE,WI,AGL,CE,Combined TRACON& Tower with Radar,143,70,22,4,239,0,4,9,0,13,143,74,31,4,252,0,0,0,252
11/02/2022,MKE,WI,AGL,CE,Combined TRACON& Tower with Radar,146,93,21,16,276,0,0,30,5,35,146,93,51,21,311,0,0,0,311
11/03/2022,MKE,WI,AGL,CE,Combined TRACON& Tower with Radar,155,88,21,2,266,0,5,8,2,15,155,93,29,4,281,0,0,0,281
11/04/2022,MKE,WI,AGL,CE,Combined TRACON& Tower with Radar,145,77,16,5,243,0,0,0,0,0,145,77,16,5,243,0,0,0,243
11/05/2022,MKE,WI,AGL,CE,Combined TRACON& Tower with Radar,150,46,13,1,210,0,0,0,0,0,150,46,13,1,210,0,0,0,210
11/06/2022,MKE,WI,AGL,CE,Combined TRACON& Tower with Radar,141,44,15,2,202,0,0,3,0,3,141,44,18,2,205,0,0,0,205
11/07/2022,MKE,WI,AGL,CE,Combined TRACON& Tower with Radar,140,61,19,1,221,0,9,11,3,23,140,70,30,4,244,0,0,0,244
11/08/2022,MKE,WI,AGL,CE,Combined TRACON& Tower with Radar,155,80,24,4,263,0,4,16,0,20,155,84,40,4,283,0,0,0,283
11/09/2022,MKE,WI,AGL,CE,Combined TRACON& Tower with Radar,145,81,20,9,255,0,4,4,2,10,145,85,24,11,265,0,0,0,265
11/10/2022,MKE,WI,AGL,CE,Combined TRACON& Tower with Radar,146,71,12,0,229,0,3,3,0,6,146,74,15,0,235,0,0,0,235
11/11/2022,MKE,WI,AGL,CE,Combined TRACON& Tower with Radar,151,59,22,0,232,0,2,3,0,5,151,61,25,0,237,0,0,0,237
11/12/2022,MKE,WI,AGL,CE,Combined TRACON& Tower with Radar,142,50,11,4,207,0,3,7,12,22,142,53,18,16,229,0,0,0,229
11/13/2022,MKE,WI,AGL,CE,Combined TRACON& Tower with Radar,143,32,20,1,196,0,6,12,1,19,143,38,32,2,215,0,0,0,215
11/14/2022,MKE,WI,AGL,CE,Combined TRACON& Tower with Radar,150,44,38,2,234,0,10,20,0,30,150,54,58,2,264,0,0,0,264
11/15/2022,MKE,WI,AGL,CE,Combined TRACON& Tower with Radar,154,84,16,13,267,0,2,0,0,2,154,86,16,13,269,0,0,0,269
11/16/2022,MKE,WI,AGL,CE,Combined TRACON& Tower with Radar,155,84,31,10,280,0,0,1,0,1,155,84,32,10,281,0,0,0,281
11/17/2022,MKE,WI,AGL,CE,Combined TRACON& Tower with Radar,165,77,18,6,266,0,0,0,0,0,165,77,18,6,266,0,0,0,266
11/18/2022,MKE,WI,AGL,CE,Combined TRACON& Tower with Radar,153,78,22,0,253,0,5,2,0,7,153,83,24,0,260,0,0,0,260
11/19/2022,MKE,WI,AGL,CE,Combined TRACON& Tower with Radar,143,57,6,3,209,0,1,0,0,1,143,58,6,3,210,0,0,0,210
11/20/2022,MKE,WI,AGL,CE,Combined TRACON& Tower with Radar,147,27,11,1,186,0,8,10,0,18,147,35,21,1,204,0,0,0,204
11/21/2022,MKE,WI,AGL,CE,Combined TRACON& Tower with Radar,143,43,16,0,202,0,14,11,0,25,143,57,27,0,227,0,0,0,227
11/22/2022,MKE,WI,AGL,CE,Combined TRACON& Tower with Radar,156,89,21,6,272,0,6,26,0,32,156,95,47,6,304,0,0,0,304
11/23/2022,MKE,WI,AGL,CE,Combined TRACON& Tower with Radar,160,69,22,6,257,0,7,10,0,17,160,76,32,6,274,0,0,0,274
11/24/2022,MKE,WI,AGL,CE,Combined TRACON& Tower with Radar,105,18,5,0,128,0,3,3,0,6,105,21,8,0,134,0,0,0,134
11/25/2022,MKE,WI,AGL,CE,Combined TRACON& Tower with Radar,126,71,8,0,205,0,0,2,1,3,126,71,10,1,208,0,0,0,208
11/26/2022,MKE,WI,AGL,CE,Combined TRACON& Tower with Radar,139,53,19,0,211,0,2,4,0,6,139,55,23,0,217,0,0,0,217
11/27/2022,MKE,WI,AGL,CE,Combined TRACON& Tower with Radar,146,51,22,2,221,0,0,0,0,0,146,51,22,2,221,0,0,0,221
11/28/2022,MKE,WI,AGL,CE,Combined TRACON& Tower with Radar,156,54,22,1,233,2,0,8,0,10,158,54,30,1,243,0,0,0,243
11/29/2022,MKE,WI,AGL,CE,Combined TRACON& Tower with Radar,163,75,24,6,268,0,0,0,0,0,163,75,24,6,268,0,0,0,268
11/30/2022,MKE,WI,AGL,CE,Combined TRACON& Tower with Radar,148,74,23,13,258,0,0,0,0,0,148,74,23,13,258,0,0,0,258
12/01/2022,MKE,WI,AGL,CE,Combined TRACON& Tower with Radar,153,77,17,15,262,0,8,9,0,17,153,85,26,15,279,0,0,0,279
12/02/2022,MKE,WI,AGL,CE,Combined TRACON& Tower with Radar,146,71,14,6,237,0,10,5,0,15,146,81,19,6,252,0,0,0,252
12/03/2022,MKE,WI,AGL,CE,Combined TRACON& Tower with Radar,136,37,6,2,181,0,3,5,9,17,136,40,11,11,198,0,0,0,198
12/04/2022,MKE,WI,AGL,CE,Combined TRACON& Tower with Radar,139,36,6,6,187,0,2,9,0,11,139,38,15,6,198,0,0,0,198
12/05/2022,MKE,WI,AGL,CE,Combined TRACON& Tower with Radar,143,53,30,0,226,0,12,3,0,15,143,65,33,0,241,0,0,0,241
12/06/2022,MKE,WI,AGL,CE,Combined TRACON& Tower with Radar,154,64,16,17,251,0,0,3,0,3,154,64,19,17,254,0,0,0,254
12/07/2022,MKE,WI,AGL,CE,Combined TRACON& Tower with Radar,150,79,25,10,264,0,0,0,0,0,150,79,25,10,264,0,0,0,264
12/08/2022,MKE,WI,AGL,CE,Combined TRACON& Tower with Radar,149,85,26,16,276,0,11,1,0,12,149,96,27,16,288,0,0,0,288
12/09/2022,MKE,WI,AGL,CE,Combined TRACON& Tower with Radar,148,69,15,0,232,0,0,0,0,0,148,69,15,0,232,0,0,0,232
12/10/2022,MKE,WI,AGL,CE,Combined TRACON& Tower with Radar,130,51,17,0,198,0,0,1,0,1,130,51,18,0,199,0,0,0,199
12/11/2022,MKE,WI,AGL,CE,Combined TRACON& Tower with Radar,136,37,13,0,186,0,0,0,0,0,136,37,13,0,186,0,0,0,186
12/12/2022,MKE,WI,AGL,CE,Combined TRACON& Tower with Radar,141,45,9,0,195,0,0,6,0,6,141,45,15,0,201,0,0,0,201
12/13/2022,MKE,WI,AGL,CE,Combined TRACON& Tower with Radar,145,81,18,9,253,0,2,0,0,2,145,83,18,9,255,0,0,0,255
12/14/2022,MKE,WI,AGL,CE,Combined TRACON& Tower with Radar,149,56,7,2,214,0,0,0,0,0,149,56,7,2,214,0,0,0,214
12/15/2022,MKE,WI,AGL,CE,Combined TRACON& Tower with Radar,149,62,16,0,227,0,0,0,0,0,149,62,16,0,227,0,0,0,227
12/16/2022,MKE,WI,AGL,CE,Combined TRACON& Tower with Radar,146,70,14,8,238,0,0,0,0,0,146,70,14,8,238,0,0,0,238
12/17/2022,MKE,WI,AGL,CE,Combined TRACON& Tower with Radar,143,55,14,0,212,0,0,4,0,4,143,55,18,0,216,0,0,0,216
12/18/2022,MKE,WI,AGL,CE,Combined TRACON& Tower with Radar,134,37,13,0,184,0,0,3,0,3,134,37,16,0,187,0,0,0,187
12/19/2022,MKE,WI,AGL,CE,Combined TRACON& Tower with Radar,129,56,27,2,214,0,1,11,0,12,129,57,38,2,226,0,0,0,226
12/20/2022,MKE,WI,AGL,CE,Combined TRACON& Tower with Radar,141,92,20,4,257,0,4,12,0,16,141,96,32,4,273,0,0,0,273
12/21/2022,MKE,WI,AGL,CE,Combined TRACON& Tower with Radar,145,92,28,9,274,0,4,2,0,6,145,96,30,9,280,0,0,0,280
12/22/2022,MKE,WI,AGL,CE,Combined TRACON& Tower with Radar,120,71,5,0,196,0,0,0,0,0,120,71,5,0,196,0,0,0,196
12/23/2022,MKE,WI,AGL,CE,Combined TRACON& Tower with Radar,84,29,2,0,115,0,0,0,0,0,84,29,2,0,115,0,0,0,115
12/24/2022,MKE,WI,AGL,CE,Combined TRACON& Tower with Radar,97,29,3,0,129,0,0,0,0,0,97,29,3,0,129,0,0,0,129
12/25/2022,MKE,WI,AGL,CE,Combined TRACON& Tower with Radar,97,19,3,4,123,0,0,1,0,1,97,19,4,4,124,0,0,0,124
12/26/2022,MKE,WI,AGL,CE,Combined TRACON& Tower with Radar,105,40,11,0,156,0,8,6,0,14,105,48,17,0,170,0,0,0,170
12/27/2022,MKE,WI,AGL,CE,Combined TRACON& Tower with Radar,111,83,7,2,203,0,3,7,0,10,111,86,14,2,213,0,0,0,213
12/28/2022,MKE,WI,AGL,CE,Combined TRACON& Tower with Radar,122,78,12,0,212,0,3,13,0,16,122,81,25,0,228,0,0,0,228
12/29/2022,MKE,WI,AGL,CE,Combined TRACON& Tower with Radar,117,74,13,4,208,0,2,3,0,5,117,76,16,4,213,0,0,0,213
12/30/2022,MKE,WI,AGL,CE,Combined TRACON& Tower with Radar,150,72,9,0,231,0,2,1,0,3,150,74,10,0,234,0,0,0,234
12/31/2022,MKE,WI,AGL,CE,Combined TRACON& Tower with Radar,139,44,5,0,188,0,0,9,0,9,139,44,14,0,197,0,0,0,197
01/01/2023,MKE,WI,AGL,CE,Combined TRACON& Tower with Radar,132,21,6,0,159,0,1,3,0,4,132,22,9,0,163,0,0,0,163
01/02/2023,MKE,WI,AGL,CE,Combined TRACON& Tower with Radar,128,54,19,0,201,0,2,3,0,5,128,56,22,0,206,0,0,0,206
01/03/2023,MKE,WI,AGL,CE,Combined TRACON& Tower with Radar,140,65,11,0,216,0,0,0,0,0,140,65,11,0,216,0,0,0,216
01/04/2023,MKE,WI,AGL,CE,Combined TRACON& Tower with Radar,141,64,17,15,237,0,2,18,0,20,141,66,35,15,257,0,0,0,257
01/05/2023,MKE,WI,AGL,CE,Combined TRACON& Tower with Radar,139,66,17,4,226,0,0,19,0,19,139,66,36,4,245,0,0,0,245
01/06/2023,MKE,WI,AGL,CE,Combined TRACON& Tower with Radar,137,59,22,2,220,0,0,4,0,4,137,59,26,2,224,0,0,0,224
01/07/2023,MKE,WI,AGL,CE,Combined TRACON& Tower with Radar,138,43,5,6,192,0,0,0,0,0,138,43,5,6,192,0,0,0,192
01/08/2023,MKE,WI,AGL,CE,Combined TRACON& Tower with Radar,143,22,9,4,178,0,0,0,0,0,143,22,9,4,178,0,0,0,178
01/09/2023,MKE,WI,AGL,CE,Combined TRACON& Tower with Radar,138,40,20,3,201,0,2,19,0,21,138,42,39,3,222,0,0,0,222
01/10/2023,MKE,WI,AGL,CE,Combined TRACON& Tower with Radar,143,64,10,17,234,0,0,6,0,6,143,64,16,17,240,0,0,0,240
01/11/2023,MKE,WI,AGL,CE,Combined TRACON& Tower with Radar,123,58,17,9,207,0,0,2,0,2,123,58,19,9,209,0,0,0,209
01/12/2023,MKE,WI,AGL,CE,Combined TRACON& Tower with Radar,143,74,15,6,238,0,0,2,0,2,143,74,17,6,240,0,0,0,240
01/13/2023,MKE,WI,AGL,CE,Combined TRACON& Tower with Radar,135,70,17,0,222,0,2,2,0,4,135,72,19,0,226,0,0,0,226
01/14/2023,MKE,WI,AGL,CE,Combined TRACON& Tower with Radar,135,50,8,1,194,0,2,3,0,5,135,52,11,1,199,0,0,0,199
01/15/2023,MKE,WI,AGL,CE,Combined TRACON& Tower with Radar,138,34,10,1,183,0,3,6,0,9,138,37,16,1,192,0,0,0,192
01/16/2023,MKE,WI,AGL,CE,Combined TRACON& Tower with Radar,134,49,9,0,192,0,0,0,0,0,134,49,9,0,192,0,0,0,192
01/17/2023,MKE,WI,AGL,CE,Combined TRACON& Tower with Radar,144,65,25,3,237,0,0,0,0,0,144,65,25,3,237,0,0,0,237
01/18/2023,MKE,WI,AGL,CE,Combined TRACON& Tower with Radar,131,80,23,4,238,0,3,5,0,8,131,83,28,4,246,0,0,0,246
01/19/2023,MKE,WI,AGL,CE,Combined TRACON& Tower with Radar,142,58,18,0,218,0,0,0,0,0,142,58,18,0,218,0,0,0,218
01/20/2023,MKE,WI,AGL,CE,Combined TRACON& Tower with Radar,145,58,12,4,219,0,2,30,0,32,145,60,42,4,251,0,0,0,251
01/21/2023,MKE,WI,AGL,CE,Combined TRACON& Tower with Radar,133,47,10,1,191,0,0,2,0,2,133,47,12,1,193,0,0,0,193
01/22/2023,MKE,WI,AGL,CE,Combined TRACON& Tower with Radar,134,36,13,2,185,0,0,0,0,0,134,36,13,2,185,0,0,0,185
01/23/2023,MKE,WI,AGL,CE,Combined TRACON& Tower with Radar,137,59,11,0,207,0,0,16,0,16,137,59,27,0,223,0,0,0,223
01/24/2023,MKE,WI,AGL,CE,Combined TRACON& Tower with Radar,138,82,15,10,245,0,0,9,0,9,138,82,24,10,254,0,0,0,254
01/25/2023,MKE,WI,AGL,CE,Combined TRACON& Tower with Radar,128,61,15,0,204,0,0,0,0,0,128,61,15,0,204,0,0,0,204
01/26/2023,MKE,WI,AGL,CE,Combined TRACON& Tower with Radar,145,68,22,8,243,0,0,0,0,0,145,68,22,8,243,0,0,0,243
01/27/2023,MKE,WI,AGL,CE,Combined TRACON& Tower with Radar,145,74,19,1,239,0,0,0,0,0,145,74,19,1,239,0,0,0,239
01/28/2023,MKE,WI,AGL,CE,Combined TRACON& Tower with Radar,124,39,7,1,171,0,0,2,0,2,124,39,9,1,173,0,0,0,173
01/29/2023,MKE,WI,AGL,CE,Combined TRACON& Tower with Radar,138,39,6,0,183,0,3,8,0,11,138,42,14,0,194,0,0,0,194
01/30/2023,MKE,WI,AGL,CE,Combined TRACON& Tower with Radar,137,51,19,3,210,0,2,4,0,6,137,53,23,3,216,0,0,0,216
01/31/2023,MKE,WI,AGL,CE,Combined TRACON& Tower with Radar,128,63,15,1,207,0,0,10,0,10,128,63,25,1,217,0,0,0,217
02/01/2023,MKE,WI,AGL,CE,Combined TRACON& Tower with Radar,127,67,17,2,213,1,9,14,0,24,128,76,31,2,237,0,0,0,237
02/02/2023,MKE,WI,AGL,CE,Combined TRACON& Tower with Radar,149,81,23,4,257,0,5,16,1,22,149,86,39,5,279,0,0,0,279
02/03/2023,MKE,WI,AGL,CE,Combined TRACON& Tower with Radar,150,75,26,1,252,0,2,4,0,6,150,77,30,1,258,0,0,0,258
02/04/2023,MKE,WI,AGL,CE,Combined TRACON& Tower with Radar,135,53,11,0,199,0,2,20,0,22,135,55,31,0,221,0,0,0,221
02/05/2023,MKE,WI,AGL,CE,Combined TRACON& Tower with Radar,146,32,17,0,195,0,0,24,0,24,146,32,41,0,219,0,0,0,219
02/06/2023,MKE,WI,AGL,CE,Combined TRACON& Tower with Radar,144,76,19,8,247,0,2,16,0,18,144,78,35,8,265,0,0,0,265
02/07/2023,MKE,WI,AGL,CE,Combined TRACON& Tower with Radar,143,80,19,0,242,0,6,4,0,10,143,86,23,0,252,0,0,0,252
02/08/2023,MKE,WI,AGL,CE,Combined TRACON& Tower with Radar,141,75,25,8,249,0,1,25,0,26,141,76,50,8,275,0,0,0,275
02/09/2023,MKE,WI,AGL,CE,Combined TRACON& Tower with Radar,151,76,25,0,252,0,0,0,0,0,151,76,25,0,252,0,0,0,252
02/10/2023,MKE,WI,AGL,CE,Combined TRACON& Tower with Radar,144,73,23,2,242,0,2,3,0,5,144,75,26,2,247,0,0,0,247
02/11/2023,MKE,WI,AGL,CE,Combined TRACON& Tower with Radar,138,51,14,0,203,0,2,42,0,44,138,53,56,0,247,0,0,0,247
02/12/2023,MKE,WI,AGL,CE,Combined TRACON& Tower with Radar,142,42,14,2,200,0,0,29,0,29,142,42,43,2,229,0,0,0,229
02/13/2023,MKE,WI,AGL,CE,Combined TRACON& Tower with Radar,138,65,24,0,227,0,6,16,0,22,138,71,40,0,249,0,0,0,249
02/14/2023,MKE,WI,AGL,CE,Combined TRACON& Tower with Radar,159,73,23,0,255,0,4,15,0,19,159,77,38,0,274,0,0,0,274
02/15/2023,MKE,WI,AGL,CE,Combined TRACON& Tower with Radar,139,84,16,5,244,0,0,0,0,0,139,84,16,5,244,0,0,0,244
02/16/2023,MKE,WI,AGL,CE,Combined TRACON& Tower with Radar,127,55,15,0,197,0,0,0,0,0,127,55,15,0,197,0,0,0,197
02/17/2023,MKE,WI,AGL,CE,Combined TRACON& Tower with Radar,148,97,17,1,263,0,6,3,1,10,148,103,20,2,273,0,0,0,273
02/18/2023,MKE,WI,AGL,CE,Combined TRACON& Tower with Radar,134,49,8,1,192,0,0,39,0,39,134,49,47,1,231,0,0,0,231
02/19/2023,MKE,WI,AGL,CE,Combined TRACON& Tower with Radar,135,53,18,2,208,0,1,21,0,22,135,54,39,2,230,0,0,0,230
02/20/2023,MKE,WI,AGL,CE,Combined TRACON& Tower with Radar,138,58,22,0,218,0,12,14,0,26,138,70,36,0,244,0,0,0,244
02/21/2023,MKE,WI,AGL,CE,Combined TRACON& Tower with Radar,143,77,19,1,240,0,0,16,0,16,143,77,35,1,256,0,0,0,256
02/22/2023,MKE,WI,AGL,CE,Combined TRACON& Tower with Radar,55,34,8,0,97,0,0,0,0,0,55,34,8,0,97,0,0,0,97
02/23/2023,MKE,WI,AGL,CE,Combined TRACON& Tower with Radar,130,58,6,0,194,0,0,0,0,0,130,58,6,0,194,0,0,0,194
02/24/2023,MKE,WI,AGL,CE,Combined TRACON& Tower with Radar,143,82,15,6,246,0,7,14,3,24,143,89,29,9,270,0,0,0,270
02/25/2023,MKE,WI,AGL,CE,Combined TRACON& Tower with Radar,137,72,12,0,221,0,0,2,0,2,137,72,14,0,223,0,0,0,223
02/26/2023,MKE,WI,AGL,CE,Combined TRACON& Tower with Radar,139,53,21,0,213,0,2,36,0,38,139,55,57,0,251,0,0,0,251
02/27/2023,MKE,WI,AGL,CE,Combined TRACON& Tower with Radar,147,46,22,1,216,0,2,0,0,2,147,48,22,1,218,0,0,0,218
02/28/2023,MKE,WI,AGL,CE,Combined TRACON& Tower with Radar,145,77,12,1,235,0,14,12,0,26,145,91,24,1,261,0,0,0,261
03/01/2023,MKE,WI,AGL,CE,Combined TRACON& Tower with Radar,140,88,19,0,247,0,0,28,0,28,140,88,47,0,275,0,0,0,275
03/02/2023,MKE,WI,AGL,CE,Combined TRACON& Tower with Radar,149,86,20,3,258,0,0,12,3,15,149,86,32,6,273,0,0,0,273
03/03/2023,MKE,WI,AGL,CE,Combined TRACON& Tower with Radar,154,66,11,1,232,0,0,3,0,3,154,66,14,1,235,0,0,0,235
03/04/2023,MKE,WI,AGL,CE,Combined TRACON& Tower with Radar,140,56,10,4,210,0,0,57,0,57,140,56,67,4,267,0,0,0,267
03/05/2023,MKE,WI,AGL,CE,Combined TRACON& Tower with Radar,143,44,16,4,207,0,1,28,0,29,143,45,44,4,236,0,0,0,236
03/06/2023,MKE,WI,AGL,CE,Combined TRACON& Tower with Radar,145,50,16,0,211,0,0,7,0,7,145,50,23,0,218,0,0,0,218
03/07/2023,MKE,WI,AGL,CE,Combined TRACON& Tower with Radar,136,74,24,3,237,0,6,45,0,51,136,80,69,3,288,0,0,0,288
03/08/2023,MKE,WI,AGL,CE,Combined TRACON& Tower with Radar,145,62,16,9,232,0,1,27,2,30,145,63,43,11,262,0,0,0,262
03/09/2023,MKE,WI,AGL,CE,Combined TRACON& Tower with Radar,142,62,21,10,235,0,2,10,0,12,142,64,31,10,247,0,0,0,247
03/10/2023,MKE,WI,AGL,CE,Combined TRACON& Tower with Radar,142,57,14,0,213,0,3,0,0,3,142,60,14,0,216,0,0,0,216
03/11/2023,MKE,WI,AGL,CE,Combined TRACON& Tower with Radar,166,57,12,1,236,0,0,51,0,51,166,57,63,1,287,0,0,0,287
03/12/2023,MKE,WI,AGL,CE,Combined TRACON& Tower with Radar,156,43,11,0,210,0,0,1,0,1,156,43,12,0,211,0,0,0,211
03/13/2023,MKE,WI,AGL,CE,Combined TRACON& Tower with Radar,155,49,20,4,228,0,2,4,0,6,155,51,24,4,234,0,0,0,234
03/14/2023,MKE,WI,AGL,CE,Combined TRACON& Tower with Radar,140,73,16,9,238,0,8,41,1,50,140,81,57,10,288,0,0,0,288
03/15/2023,MKE,WI,AGL,CE,Combined TRACON& Tower with Radar,154,60,22,8,244,0,12,58,1,71,154,72,80,9,315,0,0,0,315
03/16/2023,MKE,WI,AGL,CE,Combined TRACON& Tower with Radar,159,83,28,3,273,0,1,6,0,7,159,84,34,3,280,0,0,0,280
03/17/2023,MKE,WI,AGL,CE,Combined TRACON& Tower with Radar,156,69,18,0,243,0,0,3,0,3,156,69,21,0,246,0,0,0,246
03/18/2023,MKE,WI,AGL,CE,Combined TRACON& Tower with Radar,160,49,15,2,226,0,0,0,0,0,160,49,15,2,226,0,0,0,226
03/19/2023,MKE,WI,AGL,CE,Combined TRACON& Tower with Radar,159,44,11,2,216,0,4,56,0,60,159,48,67,2,276,0,0,0,276
03/20/2023,MKE,WI,AGL,CE,Combined TRACON& Tower with Radar,158,57,14,2,231,0,8,11,0,19,158,65,25,2,250,0,0,0,250
03/21/2023,MKE,WI,AGL,CE,Combined TRACON& Tower with Radar,150,68,12,10,240,0,8,41,10,59,150,76,53,20,299,0,0,0,299
03/22/2023,MKE,WI,AGL,CE,Combined TRACON& Tower with Radar,161,58,12,2,233,0,2,0,0,2,161,60,12,2,235,0,0,0,235
03/23/2023,MKE,WI,AGL,CE,Combined TRACON& Tower with Radar,162,89,28,0,279,0,3,45,1,49,162,92,73,1,328,0,0,0,328
03/24/2023,MKE,WI,AGL,CE,Combined TRACON& Tower with Radar,157,65,28,4,254,0,11,15,0,26,157,76,43,4,280,0,0,0,280
03/25/2023,MKE,WI,AGL,CE,Combined TRACON& Tower with Radar,138,36,13,2,189,0,0,45,0,45,138,36,58,2,234,0,0,0,234
03/26/2023,MKE,WI,AGL,CE,Combined TRACON& Tower with Radar,149,48,16,0,213,0,2,17,0,19,149,50,33,0,232,0,0,0,232
03/27/2023,MKE,WI,AGL,CE,Combined TRACON& Tower with Radar,150,56,10,2,218,0,3,23,0,26,150,59,33,2,244,0,0,0,244
03/28/2023,MKE,WI,AGL,CE,Combined TRACON& Tower with Radar,152,60,22,20,254,0,23,50,11,84,152,83,72,31,338,0,0,0,338
03/29/2023,MKE,WI,AGL,CE,Combined TRACON& Tower with Radar,152,66,22,7,247,0,5,11,0,16,152,71,33,7,263,0,0,0,263
03/30/2023,MKE,WI,AGL,CE,Combined TRACON& Tower with Radar,160,78,35,0,273,0,12,10,0,22,160,90,45,0,295,0,0,0,295
03/31/2023,MKE,WI,AGL,CE,Combined TRACON& Tower with Radar,145,60,25,1,231,0,1,0,0,1,145,61,25,1,232,0,0,0,232
04/01/2023,MKE,WI,AGL,CE,Combined TRACON& Tower with Radar,155,60,17,0,232,0,1,3,0,4,155,61,20,0,236,0,0,0,236
04/02/2023,MKE,WI,AGL,CE,Combined TRACON& Tower with Radar,149,53,20,8,230,0,4,40,4,48,149,57,60,12,278,0,0,0,278
04/03/2023,MKE,WI,AGL,CE,Combined TRACON& Tower with Radar,150,57,14,0,221,0,1,18,0,19,150,58,32,0,240,0,0,0,240
04/04/2023,MKE,WI,AGL,CE,Combined TRACON& Tower with Radar,161,51,15,2,229,0,0,0,0,0,161,51,15,2,229,0,0,0,229
04/05/2023,MKE,WI,AGL,CE,Combined TRACON& Tower with Radar,158,78,14,2,252,0,2,2,0,4,158,80,16,2,256,0,0,0,256
04/06/2023,MKE,WI,AGL,CE,Combined TRACON& Tower with Radar,163,89,22,5,279,0,5,23,0,28,163,94,45,5,307,0,0,0,307
04/07/2023,MKE,WI,AGL,CE,Combined TRACON& Tower with Radar,156,70,24,2,252,0,5,49,0,54,156,75,73,2,306,0,0,0,306
04/08/2023,MKE,WI,AGL,CE,Combined TRACON& Tower with Radar,162,47,9,4,222,0,1,70,2,73,162,48,79,6,295,0,0,0,295
04/09/2023,MKE,WI,AGL,CE,Combined TRACON& Tower with Radar,155,40,8,3,206,0,2,5,0,7,155,42,13,3,213,0,0,0,213
04/10/2023,MKE,WI,AGL,CE,Combined TRACON& Tower with Radar,151,58,24,4,237,0,5,20,0,25,151,63,44,4,262,0,0,0,262
04/11/2023,MKE,WI,AGL,CE,Combined TRACON& Tower with Radar,143,66,24,6,239,0,4,10,0,14,143,70,34,6,253,0,0,0,253
04/12/2023,MKE,WI,AGL,CE,Combined TRACON& Tower with Radar,146,76,18,0,240,0,5,11,0,16,146,81,29,0,256,0,0,0,256
04/13/2023,MKE,WI,AGL,CE,Combined TRACON& Tower with Radar,149,86,29,1,265,0,6,32,0,38,149,92,61,1,303,0,0,0,303
04/14/2023,MKE,WI,AGL,CE,Combined TRACON& Tower with Radar,142,68,24,0,234,0,6,48,0,54,142,74,72,0,288,0,0,0,288
04/15/2023,MKE,WI,AGL,CE,Combined TRACON& Tower with Radar,132,49,19,3,203,0,28,52,0,80,132,77,71,3,283,0,0,0,283
04/16/2023,MKE,WI,AGL,CE,Combined TRACON& Tower with Radar,142,56,25,0,223,0,0,0,0,0,142,56,25,0,223,0,0,0,223
04/17/2023,MKE,WI,AGL,CE,Combined TRACON& Tower with Radar,141,60,11,4,216,0,0,0,0,0,141,60,11,4,216,0,0,0,216
04/18/2023,MKE,WI,AGL,CE,Combined TRACON& Tower with Radar,146,64,31,4,245,0,13,39,0,52,146,77,70,4,297,0,0,0,297
04/19/2023,MKE,WI,AGL,CE,Combined TRACON& Tower with Radar,146,82,25,3,256,0,6,0,0,6,146,88,25,3,262,0,0,0,262
04/20/2023,MKE,WI,AGL,CE,Combined TRACON& Tower with Radar,153,88,28,0,269,0,7,4,0,11,153,95,32,0,280,0,0,0,280
04/21/2023,MKE,WI,AGL,CE,Combined TRACON& Tower with Radar,140,74,25,5,244,0,9,17,0,26,140,83,42,5,270,0,0,0,270
04/22/2023,MKE,WI,AGL,CE,Combined TRACON& Tower with Radar,140,39,11,0,190,0,0,36,0,36,140,39,47,0,226,0,0,0,226
04/23/2023,MKE,WI,AGL,CE,Combined TRACON& Tower with Radar,133,53,19,0,205,0,8,18,0,26,133,61,37,0,231,0,0,0,231
04/24/2023,MKE,WI,AGL,CE,Combined TRACON& Tower with Radar,135,54,12,0,201,0,4,5,0,9,135,58,17,0,210,0,0,0,210
04/25/2023,MKE,WI,AGL,CE,Combined TRACON& Tower with Radar,144,66,13,2,225,0,0,9,0,9,144,66,22,2,234,0,0,0,234
04/26/2023,MKE,WI,AGL,CE,Combined TRACON& Tower with Radar,136,76,33,7,252,0,2,11,2,15,136,78,44,9,267,0,0,0,267
04/27/2023,MKE,WI,AGL,CE,Combined TRACON& Tower with Radar,149,79,41,6,275,0,8,15,3,26,149,87,56,9,301,0,0,0,301
04/28/2023,MKE,WI,AGL,CE,Combined TRACON& Tower with Radar,144,70,22,4,240,0,3,12,0,15,144,73,34,4,255,0,0,0,255
04/29/2023,MKE,WI,AGL,CE,Combined TRACON& Tower with Radar,126,45,6,0,177,0,1,19,1,21,126,46,25,1,198,0,0,0,198
04/30/2023,MKE,WI,AGL,CE,Combined TRACON& Tower with Radar,139,46,17,1,203,0,0,0,0,0,139,46,17,1,203,0,0,0,203
05/01/2023,MKE,WI,AGL,CE,Combined TRACON& Tower with Radar,145,64,22,0,231,0,0,0,0,0,145,64,22,0,231,0,0,0,231
05/02/2023,MKE,WI,AGL,CE,Combined TRACON& Tower with Radar,142,68,37,0,247,0,6,7,0,13,142,74,44,0,260,0,0,0,260
05/03/2023,MKE,WI,AGL,CE,Combined TRACON& Tower with Radar,139,97,22,1,259,0,1,24,0,25,139,98,46,1,284,0,0,0,284
05/04/2023,MKE,WI,AGL,CE,Combined TRACON& Tower with Radar,142,92,43,0,277,0,2,28,2,32,142,94,71,2,309,0,0,0,309
05/05/2023,MKE,WI,AGL,CE,Combined TRACON& Tower with Radar,142,90,23,0,255,0,3,16,0,19,142,93,39,0,274,0,0,0,274
05/06/2023,MKE,WI,AGL,CE,Combined TRACON& Tower with Radar,127,46,13,3,189,0,0,49,0,49,127,46,62,3,238,0,0,0,238
05/07/2023,MKE,WI,AGL,CE,Combined TRACON& Tower with Radar,135,58,19,0,212,0,0,64,0,64,135,58,83,0,276,0,0,0,276
05/08/2023,MKE,WI,AGL,CE,Combined TRACON& Tower with Radar,141,65,25,1,232,0,0,0,0,0,141,65,25,1,232,0,0,0,232
05/09/2023,MKE,WI,AGL,CE,Combined TRACON& Tower with Radar,141,74,30,11,256,0,0,34,0,34,141,74,64,11,290,0,0,0,290
05/10/2023,MKE,WI,AGL,CE,Combined TRACON& Tower with Radar,144,88,20,18,270,0,5,9,2,16,144,93,29,20,286,0,0,0,286
05/11/2023,MKE,WI,AGL,CE,Combined TRACON& Tower with Radar,150,91,25,16,282,0,9,29,2,40,150,100,54,18,322,0,0,0,322
05/12/2023,MKE,WI,AGL,CE,Combined TRACON& Tower with Radar,144,80,24,0,248,0,0,12,0,12,144,80,36,0,260,0,0,0,260
05/13/2023,MKE,WI,AGL,CE,Combined TRACON& Tower with Radar,127,50,16,3,196,0,4,74,0,78,127,54,90,3,274,0,0,0,274
05/14/2023,MKE,WI,AGL,CE,Combined TRACON& Tower with Radar,151,44,16,3,214,0,0,49,0,49,151,44,65,3,263,0,0,0,263
05/15/2023,MKE,WI,AGL,CE,Combined TRACON& Tower with Radar,138,71,20,2,231,0,3,17,0,20,138,74,37,2,251,0,0,0,251
05/16/2023,MKE,WI,AGL,CE,Combined TRACON& Tower with Radar,146,80,28,8,262,0,4,5,0,9,146,84,33,8,271,0,0,0,271
05/17/2023,MKE,WI,AGL,CE,Combined TRACON& Tower with Radar,139,82,31,18,270,0,5,59,27,91,139,87,90,45,361,0,0,0,361
05/18/2023,MKE,WI,AGL,CE,Combined TRACON& Tower with Radar,146,84,30,7,267,0,2,13,2,17,146,86,43,9,284,0,0,0,284
05/19/2023,MKE,WI,AGL,CE,Combined TRACON& Tower with Radar,143,70,27,13,253,0,0,17,0,17,143,70,44,13,270,0,0,0,270
05/20/2023,MKE,WI,AGL,CE,Combined TRACON& Tower with Radar,140,61,3,0,204,0,4,85,1,90,140,65,88,1,294,0,0,0,294
05/21/2023,MKE,WI,AGL,CE,Combined TRACON& Tower with Radar,144,49,8,0,201,0,0,53,0,53,144,49,61,0,254,0,0,0,254
05/22/2023,MKE,WI,AGL,CE,Combined TRACON& Tower with Radar,141,71,26,0,238,0,5,47,0,52,141,76,73,0,290,0,0,0,290
05/23/2023,MKE,WI,AGL,CE,Combined TRACON& Tower with Radar,145,78,25,14,262,0,9,12,6,27,145,87,37,20,289,0,0,0,289
05/24/2023,MKE,WI,AGL,CE,Combined TRACON& Tower with Radar,145,95,26,3,269,0,2,17,0,19,145,97,43,3,288,0,0,0,288
05/25/2023,MKE,WI,AGL,CE,Combined TRACON& Tower with Radar,146,89,31,5,271,0,5,40,3,48,146,94,71,8,319,0,0,0,319
05/26/2023,MKE,WI,AGL,CE,Combined TRACON& Tower with Radar,147,78,21,2,248,0,2,31,1,34,147,80,52,3,282,0,0,0,282
05/27/2023,MKE,WI,AGL,CE,Combined TRACON& Tower with Radar,127,42,24,0,193,0,0,107,10,117,127,42,131,10,310,0,0,0,310
05/28/2023,MKE,WI,AGL,CE,Combined TRACON& Tower with Radar,133,36,8,0,177,0,0,97,4,101,133,36,105,4,278,0,0,0,278
05/29/2023,MKE,WI,AGL,CE,Combined TRACON& Tower with Radar,141,44,26,0,211,0,0,11,0,11,141,44,37,0,222,0,0,0,222
05/30/2023,MKE,WI,AGL,CE,Combined TRACON& Tower with Radar,136,65,11,9,221,0,3,29,15,47,136,68,40,24,268,0,0,0,268
05/31/2023,MKE,WI,AGL,CE,Combined TRACON& Tower with Radar,144,88,18,10,260,0,1,15,0,16,144,89,33,10,276,0,0,0,276
06/01/2023,MKE,WI,AGL,CE,Combined TRACON& Tower with Radar,154,85,29,10,278,0,4,32,0,36,154,89,61,10,314,0,0,0,314
06/02/2023,MKE,WI,AGL,CE,Combined TRACON& Tower with Radar,144,83,15,6,248,0,5,42,6,53,144,88,57,12,301,0,0,0,301
06/03/2023,MKE,WI,AGL,CE,Combined TRACON& Tower with Radar,134,52,26,18,230,0,0,69,6,75,134,52,95,24,305,0,0,0,305
06/04/2023,MKE,WI,AGL,CE,Combined TRACON& Tower with Radar,138,43,22,0,203,0,1,34,0,35,138,44,56,0,238,0,0,0,238
06/05/2023,MKE,WI,AGL,CE,Combined TRACON& Tower with Radar,146,53,25,3,227,1,10,22,0,33,147,63,47,3,260,0,0,0,260
06/06/2023,MKE,WI,AGL,CE,Combined TRACON& Tower with Radar,154,70,33,15,272,0,5,24,0,29,154,75,57,15,301,0,0,0,301
06/07/2023,MKE,WI,AGL,CE,Combined TRACON& Tower with Radar,141,76,27,15,259,0,2,20,0,22,141,78,47,15,281,0,0,0,281
06/08/2023,MKE,WI,AGL,CE,Combined TRACON& Tower with Radar,153,80,34,2,269,1,4,70,0,75,154,84,104,2,344,0,0,0,344
06/09/2023,MKE,WI,AGL,CE,Combined TRACON& Tower with Radar,147,72,30,10,259,0,7,68,8,83,147,79,98,18,342,0,0,0,342
06/10/2023,MKE,WI,AGL,CE,Combined TRACON& Tower with Radar,137,46,11,10,204,0,3,41,0,44,137,49,52,10,248,0,0,0,248
06/11/2023,MKE,WI,AGL,CE,Combined TRACON& Tower with Radar,141,44,19,0,204,0,0,0,0,0,141,44,19,0,204,0,0,0,204
06/12/2023,MKE,WI,AGL,CE,Combined TRACON& Tower with Radar,150,50,36,2,238,0,8,8,0,16,150,58,44,2,254,0,0,0,254
06/13/2023,MKE,WI,AGL,CE,Combined TRACON& Tower with Radar,148,80,25,7,260,0,0,9,6,15,148,80,34,13,275,0,0,0,275
06/14/2023,MKE,WI,AGL,CE,Combined TRACON& Tower with Radar,145,67,40,2,254,0,1,20,0,21,145,68,60,2,275,0,0,0,275
06/15/2023,MKE,WI,AGL,CE,Combined TRACON& Tower with Radar,150,82,25,8,265,0,4,12,0,16,150,86,37,8,281,0,0,0,281
06/16/2023,MKE,WI,AGL,CE,Combined TRACON& Tower with Radar,148,75,31,2,256,0,0,37,1,38,148,75,68,3,294,0,0,0,294
06/17/2023,MKE,WI,AGL,CE,Combined TRACON& Tower with Radar,142,50,15,1,208,0,5,79,0,84,142,55,94,1,292,0,0,0,292
06/18/2023,MKE,WI,AGL,CE,Combined TRACON& Tower with Radar,145,36,9,2,192,1,1,87,2,91,146,37,96,4,283,0,0,0,283
06/19/2023,MKE,WI,AGL,CE,Combined TRACON& Tower with Radar,143,65,18,2,228,0,1,18,0,19,143,66,36,2,247,0,0,0,247
06/20/2023,MKE,WI,AGL,CE,Combined TRACON& Tower with Radar,148,67,24,8,247,0,8,20,0,28,148,75,44,8,275,0,0,0,275
06/21/2023,MKE,WI,AGL,CE,Combined TRACON& Tower with Radar,143,82,23,7,255,0,6,13,0,19,143,88,36,7,274,0,0,0,274
06/22/2023,MKE,WI,AGL,CE,Combined TRACON& Tower with Radar,147,83,27,5,262,0,5,33,1,39,147,88,60,6,301,0,0,0,301
06/23/2023,MKE,WI,AGL,CE,Combined TRACON& Tower with Radar,144,87,24,7,262,0,14,43,8,65,144,101,67,15,327,0,0,0,327
06/24/2023,MKE,WI,AGL,CE,Combined TRACON& Tower with Radar,136,52,19,3,210,0,2,79,0,81,136,54,98,3,291,0,0,0,291
06/25/2023,MKE,WI,AGL,CE,Combined TRACON& Tower with Radar,155,46,18,1,220,0,0,2,2,4,155,46,20,3,224,0,0,0,224
06/26/2023,MKE,WI,AGL,CE,Combined TRACON& Tower with Radar,133,78,21,0,232,0,0,9,0,9,133,78,30,0,241,0,0,0,241
06/27/2023,MKE,WI,AGL,CE,Combined TRACON& Tower with Radar,132,87,43,6,268,0,0,1,0,1,132,87,44,6,269,0,0,0,269
06/28/2023,MKE,WI,AGL,CE,Combined TRACON& Tower with Radar,147,72,40,2,261,1,0,0,0,1,148,72,40,2,262,0,0,0,262
06/29/2023,MKE,WI,AGL,CE,Combined TRACON& Tower with Radar,149,79,32,11,271,0,0,0,0,0,149,79,32,11,271,0,0,0,271
06/30/2023,MKE,WI,AGL,CE,Combined TRACON& Tower with Radar,147,75,45,3,270,1,10,66,1,78,148,85,111,4,348,0,0,0,348
07/01/2023,MKE,WI,AGL,CE,Combined TRACON& Tower with Radar,140,54,11,1,206,0,6,101,0,107,140,60,112,1,313,0,0,0,313
07/02/2023,MKE,WI,AGL,CE,Combined TRACON& Tower with Radar,157,32,9,0,198,0,0,67,0,67,157,32,76,0,265,0,0,0,265
07/03/2023,MKE,WI,AGL,CE,Combined TRACON& Tower with Radar,132,44,16,2,194,0,9,18,2,29,132,53,34,4,223,0,0,0,223
07/04/2023,MKE,WI,AGL,CE,Combined TRACON& Tower with Radar,129,28,6,0,163,0,0,11,1,12,129,28,17,1,175,0,0,0,175
07/05/2023,MKE,WI,AGL,CE,Combined TRACON& Tower with Radar,146,56,15,0,217,0,4,11,0,15,146,60,26,0,232,0,0,0,232
07/06/2023,MKE,WI,AGL,CE,Combined TRACON& Tower with Radar,159,63,26,12,260,0,4,27,0,31,159,67,53,12,291,0,0,0,291
07/07/2023,MKE,WI,AGL,CE,Combined TRACON& Tower with Radar,145,58,25,14,242,0,3,60,5,68,145,61,85,19,310,0,0,0,310
07/08/2023,MKE,WI,AGL,CE,Combined TRACON& Tower with Radar,147,41,21,2,211,0,0,53,0,53,147,41,74,2,264,0,0,0,264
07/09/2023,MKE,WI,AGL,CE,Combined TRACON& Tower with Radar,141,38,25,2,206,0,0,50,0,50,141,38,75,2,256,0,0,0,256
07/10/2023,MKE,WI,AGL,CE,Combined TRACON& Tower with Radar,148,47,27,0,222,0,10,17,0,27,148,57,44,0,249,0,0,0,249
07/11/2023,MKE,WI,AGL,CE,Combined TRACON& Tower with Radar,174,59,23,8,264,0,3,19,0,22,174,62,42,8,286,0,0,0,286
07/12/2023,MKE,WI,AGL,CE,Combined TRACON& Tower with Radar,166,69,18,6,259,0,2,2,0,4,166,71,20,6,263,0,0,0,263
07/13/2023,MKE,WI,AGL,CE,Combined TRACON& Tower with Radar,170,73,21,4,268,0,12,65,0,77,170,85,86,4,345,0,0,0,345
07/14/2023,MKE,WI,AGL,CE,Combined TRACON& Tower with Radar,163,55,31,4,253,0,0,54,0,54,163,55,85,4,307,0,0,0,307
07/15/2023,MKE,WI,AGL,CE,Combined TRACON& Tower with Radar,149,54,18,4,225,0,1,15,0,16,149,55,33,4,241,0,0,0,241
07/16/2023,MKE,WI,AGL,CE,Combined TRACON& Tower with Radar,161,43,23,0,227,0,0,9,0,9,161,43,32,0,236,0,0,0,236
07/17/2023,MKE,WI,AGL,CE,Combined TRACON& Tower with Radar,153,58,18,4,233,0,0,16,0,16,153,58,34,4,249,0,0,0,249
07/18/2023,MKE,WI,AGL,CE,Combined TRACON& Tower with Radar,168,66,25,10,269,0,2,38,2,42,168,68,63,12,311,0,0,0,311
07/19/2023,MKE,WI,AGL,CE,Combined TRACON& Tower with Radar,163,72,33,11,279,0,0,54,8,62,163,72,87,19,341,0,0,0,341
07/20/2023,MKE,WI,AGL,CE,Combined TRACON& Tower with Radar,168,73,32,9,282,0,4,44,18,66,168,77,76,27,348,0,0,0,348
07/21/2023,MKE,WI,AGL,CE,Combined TRACON& Tower with Radar,166,66,27,5,264,0,9,34,30,73,166,75,61,35,337,0,0,0,337
07/22/2023,MKE,WI,AGL,CE,Combined TRACON& Tower with Radar,144,38,20,3,205,0,6,18,19,43,144,44,38,22,248,0,0,0,248
07/23/2023,MKE,WI,AGL,CE,Combined TRACON& Tower with Radar,172,40,24,7,243,0,5,32,23,60,172,45,56,30,303,0,0,0,303
07/24/2023,MKE,WI,AGL,CE,Combined TRACON& Tower with Radar,159,51,25,1,236,0,4,22,1,27,159,55,47,2,263,0,0,0,263
07/25/2023,MKE,WI,AGL,CE,Combined TRACON& Tower with Radar,168,67,31,16,282,0,2,20,0,22,168,69,51,16,304,0,0,0,304
07/26/2023,MKE,WI,AGL,CE,Combined TRACON& Tower with Radar,174,73,48,6,301,0,1,29,4,34,174,74,77,10,335,0,0,0,335
07/27/2023,MKE,WI,AGL,CE,Combined TRACON& Tower with Radar,175,60,32,17,284,0,6,33,5,44,175,66,65,22,328,0,0,0,328
07/28/2023,MKE,WI,AGL,CE,Combined TRACON& Tower with Radar,151,58,33,5,247,0,4,48,1,53,151,62,81,6,300,0,0,0,300
07/29/2023,MKE,WI,AGL,CE,Combined TRACON& Tower with Radar,159,41,10,7,217,0,0,51,2,53,159,41,61,9,270,0,0,0,270
07/30/2023,MKE,WI,AGL,CE,Combined TRACON& Tower with Radar,168,34,25,7,234,0,3,18,1,22,168,37,43,8,256,0,0,0,256
07/31/2023,MKE,WI,AGL,CE,Combined TRACON& Tower with Radar,165,58,27,3,253,0,0,14,2,16,165,58,41,5,269,0,0,0,269
08/01/2023,MKE,WI,AGL,CE,Combined TRACON& Tower with Radar,161,62,26,11,260,0,2,7,0,9,161,64,33,11,269,0,0,0,269
08/02/2023,MKE,WI,AGL,CE,Combined TRACON& Tower with Radar,163,68,19,14,264,0,5,43,1,49,163,73,62,15,313,0,0,0,313
08/03/2023,MKE,WI,AGL,CE,Combined TRACON& Tower with Radar,168,71,30,9,278,0,1,25,10,36,168,72,55,19,314,0,0,0,314
08/04/2023,MKE,WI,AGL,CE,Combined TRACON& Tower with Radar,168,72,21,3,264,0,3,51,3,57,168,75,72,6,321,0,0,0,321
08/05/2023,MKE,WI,AGL,CE,Combined TRACON& Tower with Radar,140,53,23,6,222,0,0,93,0,93,140,53,116,6,315,0,0,0,315
08/06/2023,MKE,WI,AGL,CE,Combined TRACON& Tower with Radar,164,39,24,7,234,0,0,36,0,36,164,39,60,7,270,0,0,0,270
08/07/2023,MKE,WI,AGL,CE,Combined TRACON& Tower with Radar,148,59,28,11,246,0,0,6,0,6,148,59,34,11,252,0,0,0,252
08/08/2023,MKE,WI,AGL,CE,Combined TRACON& Tower with Radar,163,62,32,16,273,0,2,18,3,23,163,64,50,19,296,0,0,0,296
08/09/2023,MKE,WI,AGL,CE,Combined TRACON& Tower with Radar,168,68,32,11,279,0,4,34,0,38,168,72,66,11,317,0,0,0,317
08/10/2023,MKE,WI,AGL,CE,Combined TRACON& Tower with Radar,173,77,36,10,296,0,8,32,7,47,173,85,68,17,343,0,0,0,343
08/11/2023,MKE,WI,AGL,CE,Combined TRACON& Tower with Radar,165,68,18,8,259,0,4,22,0,26,165,72,40,8,285,0,0,0,285
08/12/2023,MKE,WI,AGL,CE,Combined TRACON& Tower with Radar,146,37,9,2,194,0,0,52,1,53,146,37,61,3,247,0,0,0,247
08/13/2023,MKE,WI,AGL,CE,Combined TRACON& Tower with Radar,171,33,26,2,232,0,1,33,0,34,171,34,59,2,266,0,0,0,266
08/14/2023,MKE,WI,AGL,CE,Combined TRACON& Tower with Radar,153,49,21,1,224,0,0,1,0,1,153,49,22,1,225,0,0,0,225
08/15/2023,MKE,WI,AGL,CE,Combined TRACON& Tower with Radar,167,58,19,17,261,0,4,19,2,25,167,62,38,19,286,0,0,0,286
08/16/2023,MKE,WI,AGL,CE,Combined TRACON& Tower with Radar,161,73,26,14,274,0,7,37,0,44,161,80,63,14,318,0,0,0,318
08/17/2023,MKE,WI,AGL,CE,Combined TRACON& Tower with Radar,165,69,28,5,267,0,0,25,0,25,165,69,53,5,292,0,0,0,292
08/18/2023,MKE,WI,AGL,CE,Combined TRACON& Tower with Radar,164,82,28,3,277,0,4,31,2,37,164,86,59,5,314,0,0,0,314
08/19/2023,MKE,WI,AGL,CE,Combined TRACON& Tower with Radar,143,47,8,2,200,0,4,70,0,74,143,51,78,2,274,0,0,0,274
08/20/2023,MKE,WI,AGL,CE,Combined TRACON& Tower with Radar,153,46,28,0,227,0,0,57,0,57,153,46,85,0,284,0,0,0,284
08/21/2023,MKE,WI,AGL,CE,Combined TRACON& Tower with Radar,154,64,25,2,245,0,4,19,0,23,154,68,44,2,268,0,0,0,268
08/22/2023,MKE,WI,AGL,CE,Combined TRACON& Tower with Radar,167,95,38,15,315,0,12,16,0,28,167,107,54,15,343,0,0,0,343
08/23/2023,MKE,WI,AGL,CE,Combined TRACON& Tower with Radar,161,97,88,8,354,0,4,25,0,29,161,101,113,8,383,0,0,0,383
08/24/2023,MKE,WI,AGL,CE,Combined TRACON& Tower with Radar,164,110,67,5,346,0,2,17,0,19,164,112,84,5,365,0,0,0,365
08/25/2023,MKE,WI,AGL,CE,Combined TRACON& Tower with Radar,160,62,31,3,256,0,2,44,0,46,160,64,75,3,302,0,0,0,302
08/26/2023,MKE,WI,AGL,CE,Combined TRACON& Tower with Radar,146,49,28,3,226,0,0,32,0,32,146,49,60,3,258,0,0,0,258
08/27/2023,MKE,WI,AGL,CE,Combined TRACON& Tower with Radar,169,51,29,3,252,0,2,44,0,46,169,53,73,3,298,0,0,0,298
08/28/2023,MKE,WI,AGL,CE,Combined TRACON& Tower with Radar,153,57,23,1,234,0,4,22,0,26,153,61,45,1,260,0,0,0,260
08/29/2023,MKE,WI,AGL,CE,Combined TRACON& Tower with Radar,161,57,22,5,245,0,0,12,5,17,161,57,34,10,262,0,0,0,262
08/30/2023,MKE,WI,AGL,CE,Combined TRACON& Tower with Radar,156,68,28,14,266,0,1,43,0,44,156,69,71,14,310,0,0,0,310
08/31/2023,MKE,WI,AGL,CE,Combined TRACON& Tower with Radar,164,70,24,9,267,0,2,44,1,47,164,72,68,10,314,0,0,0,314
