01/01/2020,MKL,TN,ASO,CE,Federal Contract Tower,0,2,4,0,6,0,0,24,0,24,0,2,28,0,30,56,0,56,86
01/02/2020,MKL,TN,ASO,CE,Federal Contract Tower,0,8,3,0,11,0,0,0,0,0,0,8,3,0,11,0,0,0,11
01/03/2020,MKL,TN,ASO,CE,Federal Contract Tower,0,7,7,0,14,0,0,0,0,0,0,7,7,0,14,0,0,0,14
01/04/2020,MKL,TN,ASO,CE,Federal Contract Tower,0,2,2,0,4,0,0,3,0,3,0,2,5,0,7,0,0,0,7
01/05/2020,MKL,TN,ASO,CE,Federal Contract Tower,0,3,6,0,9,0,0,19,0,19,0,3,25,0,28,8,0,8,36
01/06/2020,MKL,TN,ASO,CE,Federal Contract Tower,0,1,18,0,19,0,0,12,0,12,0,1,30,0,31,2,0,2,33
01/07/2020,MKL,TN,ASO,CE,Federal Contract Tower,0,5,8,0,13,0,1,25,4,30,0,6,33,4,43,38,4,42,85
01/08/2020,MKL,TN,ASO,CE,Federal Contract Tower,0,4,7,3,14,0,0,39,4,43,0,4,46,7,57,46,0,46,103
01/09/2020,MKL,TN,ASO,CE,Federal Contract Tower,0,5,14,3,22,0,0,10,20,30,0,5,24,23,52,4,12,16,68
01/10/2020,MKL,TN,ASO,CE,Federal Contract Tower,0,4,3,0,7,0,0,5,11,16,0,4,8,11,23,0,10,10,33
01/11/2020,MKL,TN,ASO,CE,Federal Contract Tower,0,1,0,0,1,0,0,0,0,0,0,1,0,0,1,0,0,0,1
01/12/2020,MKL,TN,ASO,CE,Federal Contract Tower,0,3,18,0,21,0,0,8,4,12,0,3,26,4,33,8,0,8,41
01/13/2020,MKL,TN,ASO,CE,Federal Contract Tower,0,4,11,0,15,0,0,6,0,6,0,4,17,0,21,6,0,6,27
01/14/2020,MKL,TN,ASO,CE,Federal Contract Tower,0,4,1,0,5,0,0,3,2,5,0,4,4,2,10,16,0,16,26
01/15/2020,MKL,TN,ASO,CE,Federal Contract Tower,0,3,11,0,14,0,0,0,0,0,0,3,11,0,14,0,0,0,14
01/16/2020,MKL,TN,ASO,CE,Federal Contract Tower,0,5,11,1,17,0,0,14,17,31,0,5,25,18,48,8,20,28,76
01/17/2020,MKL,TN,ASO,CE,Federal Contract Tower,0,4,7,1,12,0,0,15,2,17,0,4,22,3,29,26,0,26,55
01/18/2020,MKL,TN,ASO,CE,Federal Contract Tower,0,2,3,0,5,0,0,3,0,3,0,2,6,0,8,0,0,0,8
01/19/2020,MKL,TN,ASO,CE,Federal Contract Tower,0,3,5,0,8,0,0,8,0,8,0,3,13,0,16,0,0,0,16
01/20/2020,MKL,TN,ASO,CE,Federal Contract Tower,0,4,7,0,11,0,0,1,0,1,0,4,8,0,12,0,0,0,12
01/21/2020,MKL,TN,ASO,CE,Federal Contract Tower,0,4,18,0,22,0,0,25,0,25,0,4,43,0,47,48,0,48,95
01/22/2020,MKL,TN,ASO,CE,Federal Contract Tower,0,5,7,1,13,0,0,24,2,26,0,5,31,3,39,38,4,42,81
01/23/2020,MKL,TN,ASO,CE,Federal Contract Tower,0,3,10,0,13,0,0,1,1,2,0,3,11,1,15,0,0,0,15
01/24/2020,MKL,TN,ASO,CE,Federal Contract Tower,0,4,1,0,5,0,0,4,6,10,0,4,5,6,15,2,20,22,37
01/25/2020,MKL,TN,ASO,CE,Federal Contract Tower,0,2,9,0,11,0,0,35,21,56,0,2,44,21,67,0,4,4,71
01/26/2020,MKL,TN,ASO,CE,Federal Contract Tower,0,3,11,0,14,0,0,9,7,16,0,3,20,7,30,44,0,44,74
01/27/2020,MKL,TN,ASO,CE,Federal Contract Tower,0,3,8,0,11,0,0,20,0,20,0,3,28,0,31,48,0,48,79
01/28/2020,MKL,TN,ASO,CE,Federal Contract Tower,0,4,14,0,18,0,1,9,2,12,0,5,23,2,30,34,2,36,66
01/29/2020,MKL,TN,ASO,CE,Federal Contract Tower,0,3,11,0,14,0,0,14,0,14,0,3,25,0,28,56,0,56,84
01/30/2020,MKL,TN,ASO,CE,Federal Contract Tower,0,4,10,0,14,0,0,12,15,27,0,4,22,15,41,0,2,2,43
01/31/2020,MKL,TN,ASO,CE,Federal Contract Tower,0,8,8,0,16,0,0,0,0,0,0,8,8,0,16,0,0,0,16
02/01/2020,MKL,TN,ASO,ES,Federal Contract Tower,0,3,8,0,11,0,0,17,2,19,0,3,25,2,30,4,0,4,34
02/02/2020,MKL,TN,ASO,ES,Federal Contract Tower,0,5,15,0,20,0,0,27,0,27,0,5,42,0,47,26,0,26,73
02/03/2020,MKL,TN,ASO,ES,Federal Contract Tower,0,6,10,1,17,0,0,17,0,17,0,6,27,1,34,14,0,14,48
02/04/2020,MKL,TN,ASO,ES,Federal Contract Tower,0,8,5,0,13,0,0,0,0,0,0,8,5,0,13,0,0,0,13
02/05/2020,MKL,TN,ASO,ES,Federal Contract Tower,0,3,6,0,9,0,0,0,0,0,0,3,6,0,9,0,0,0,9
02/06/2020,MKL,TN,ASO,ES,Federal Contract Tower,0,3,7,0,10,0,0,0,0,0,0,3,7,0,10,0,0,0,10
02/07/2020,MKL,TN,ASO,ES,Federal Contract Tower,0,5,3,0,8,0,0,23,6,29,0,5,26,6,37,88,0,88,125
02/08/2020,MKL,TN,ASO,ES,Federal Contract Tower,0,2,9,1,12,0,0,30,10,40,0,2,39,11,52,16,0,16,68
02/09/2020,MKL,TN,ASO,ES,Federal Contract Tower,0,3,4,0,7,0,0,12,2,14,0,3,16,2,21,10,0,10,31
02/10/2020,MKL,TN,ASO,ES,Federal Contract Tower,0,4,7,0,11,0,0,0,0,0,0,4,7,0,11,0,0,0,11
02/11/2020,MKL,TN,ASO,ES,Federal Contract Tower,0,3,8,0,11,0,0,9,0,9,0,3,17,0,20,4,0,4,24
02/12/2020,MKL,TN,ASO,ES,Federal Contract Tower,0,4,2,0,6,0,0,0,0,0,0,4,2,0,6,0,0,0,6
02/13/2020,MKL,TN,ASO,ES,Federal Contract Tower,0,5,10,0,15,0,0,11,12,23,0,5,21,12,38,0,0,0,38
02/14/2020,MKL,TN,ASO,ES,Federal Contract Tower,0,4,13,0,17,0,0,38,0,38,0,4,51,0,55,36,0,36,91
02/15/2020,MKL,TN,ASO,ES,Federal Contract Tower,0,2,5,0,7,0,0,15,0,15,0,2,20,0,22,4,0,4,26
02/16/2020,MKL,TN,ASO,ES,Federal Contract Tower,0,4,7,0,11,0,0,30,0,30,0,4,37,0,41,86,0,86,127
02/17/2020,MKL,TN,ASO,ES,Federal Contract Tower,0,4,9,0,13,0,0,3,0,3,0,4,12,0,16,0,0,0,16
02/18/2020,MKL,TN,ASO,ES,Federal Contract Tower,0,5,2,0,7,0,0,0,0,0,0,5,2,0,7,0,0,0,7
02/19/2020,MKL,TN,ASO,ES,Federal Contract Tower,0,4,9,2,15,0,0,18,2,20,0,4,27,4,35,40,0,40,75
02/20/2020,MKL,TN,ASO,ES,Federal Contract Tower,0,7,3,0,10,0,0,1,11,12,0,7,4,11,22,0,10,10,32
02/21/2020,MKL,TN,ASO,ES,Federal Contract Tower,0,5,8,1,14,0,1,47,7,55,0,6,55,8,69,114,16,130,199
02/22/2020,MKL,TN,ASO,ES,Federal Contract Tower,0,6,12,0,18,0,0,120,7,127,0,6,132,7,145,58,6,64,209
02/23/2020,MKL,TN,ASO,ES,Federal Contract Tower,0,3,6,0,9,0,0,17,6,23,0,3,23,6,32,58,0,58,90
02/24/2020,MKL,TN,ASO,ES,Federal Contract Tower,0,4,0,0,4,0,0,0,0,0,0,4,0,0,4,0,0,0,4
02/25/2020,MKL,TN,ASO,ES,Federal Contract Tower,0,4,13,2,19,0,0,11,14,25,0,4,24,16,44,12,32,44,88
02/26/2020,MKL,TN,ASO,ES,Federal Contract Tower,0,5,10,2,17,0,0,7,4,11,0,5,17,6,28,0,0,0,28
02/27/2020,MKL,TN,ASO,ES,Federal Contract Tower,0,6,22,0,28,0,0,51,0,51,0,6,73,0,79,30,0,30,109
02/28/2020,MKL,TN,ASO,ES,Federal Contract Tower,0,5,1,0,6,0,0,11,10,21,0,5,12,10,27,10,0,10,37
02/29/2020,MKL,TN,ASO,ES,Federal Contract Tower,0,4,15,0,19,0,0,47,0,47,0,4,62,0,66,2,0,2,68
03/01/2020,MKL,TN,ASO,ES,Federal Contract Tower,0,4,3,0,7,0,0,8,0,8,0,4,11,0,15,0,0,0,15
03/02/2020,MKL,TN,ASO,ES,Federal Contract Tower,0,5,9,0,14,0,0,2,0,2,0,5,11,0,16,0,0,0,16
03/03/2020,MKL,TN,ASO,ES,Federal Contract Tower,0,4,14,0,18,0,0,14,1,15,0,4,28,1,33,38,0,38,71
03/04/2020,MKL,TN,ASO,ES,Federal Contract Tower,0,6,15,2,23,0,0,23,5,28,0,6,38,7,51,74,0,74,125
03/05/2020,MKL,TN,ASO,ES,Federal Contract Tower,0,5,11,0,16,0,0,35,7,42,0,5,46,7,58,58,6,64,122
03/06/2020,MKL,TN,ASO,ES,Federal Contract Tower,0,5,13,2,20,0,0,14,6,20,0,5,27,8,40,6,0,6,46
03/07/2020,MKL,TN,ASO,ES,Federal Contract Tower,0,2,6,0,8,0,0,64,4,68,0,2,70,4,76,54,0,54,130
03/08/2020,MKL,TN,ASO,ES,Federal Contract Tower,0,3,4,4,11,0,0,25,3,28,0,3,29,7,39,36,8,44,83
03/09/2020,MKL,TN,ASO,ES,Federal Contract Tower,0,4,2,0,6,0,0,6,2,8,0,4,8,2,14,0,0,0,14
03/10/2020,MKL,TN,ASO,ES,Federal Contract Tower,0,4,10,2,16,0,0,10,8,18,0,4,20,10,34,6,16,22,56
03/11/2020,MKL,TN,ASO,ES,Federal Contract Tower,0,4,1,0,5,0,0,6,2,8,0,4,7,2,13,22,0,22,35
03/12/2020,MKL,TN,ASO,ES,Federal Contract Tower,0,3,4,0,7,0,0,2,10,12,0,3,6,10,19,0,10,10,29
03/13/2020,MKL,TN,ASO,ES,Federal Contract Tower,0,6,17,1,24,0,0,17,5,22,0,6,34,6,46,12,0,12,58
03/14/2020,MKL,TN,ASO,ES,Federal Contract Tower,0,2,11,0,13,0,0,0,0,0,0,2,11,0,13,0,0,0,13
03/15/2020,MKL,TN,ASO,ES,Federal Contract Tower,0,4,1,0,5,0,0,2,0,2,0,4,3,0,7,0,0,0,7
03/16/2020,MKL,TN,ASO,ES,Federal Contract Tower,0,4,4,0,8,0,0,3,0,3,0,4,7,0,11,0,0,0,11
03/17/2020,MKL,TN,ASO,ES,Federal Contract Tower,0,6,4,0,10,0,0,0,0,0,0,6,4,0,10,0,0,0,10
03/18/2020,MKL,TN,ASO,ES,Federal Contract Tower,0,4,6,0,10,0,0,6,0,6,0,4,12,0,16,28,0,28,44
03/19/2020,MKL,TN,ASO,ES,Federal Contract Tower,0,4,9,0,13,0,0,6,0,6,0,4,15,0,19,8,0,8,27
03/20/2020,MKL,TN,ASO,ES,Federal Contract Tower,0,5,0,0,5,0,0,7,0,7,0,5,7,0,12,4,0,4,16
03/21/2020,MKL,TN,ASO,ES,Federal Contract Tower,0,2,11,0,13,0,0,91,0,91,0,2,102,0,104,28,0,28,132
03/22/2020,MKL,TN,ASO,ES,Federal Contract Tower,0,4,0,0,4,0,0,8,0,8,0,4,8,0,12,26,0,26,38
03/23/2020,MKL,TN,ASO,ES,Federal Contract Tower,0,5,3,0,8,0,0,19,0,19,0,5,22,0,27,36,0,36,63
03/24/2020,MKL,TN,ASO,ES,Federal Contract Tower,0,4,0,0,4,0,0,0,0,0,0,4,0,0,4,0,0,0,4
03/25/2020,MKL,TN,ASO,ES,Federal Contract Tower,0,6,11,2,19,0,0,19,1,20,0,6,30,3,39,2,0,2,41
03/26/2020,MKL,TN,ASO,ES,Federal Contract Tower,0,4,7,0,11,0,0,18,7,25,0,4,25,7,36,2,0,2,38
03/27/2020,MKL,TN,ASO,ES,Federal Contract Tower,0,5,12,0,17,0,3,92,0,95,0,8,104,0,112,52,0,52,164
03/28/2020,MKL,TN,ASO,ES,Federal Contract Tower,0,2,1,0,3,0,0,16,0,16,0,2,17,0,19,0,0,0,19
03/29/2020,MKL,TN,ASO,ES,Federal Contract Tower,0,4,2,0,6,0,0,20,0,20,0,4,22,0,26,54,0,54,80
03/30/2020,MKL,TN,ASO,ES,Federal Contract Tower,0,5,2,0,7,0,0,24,0,24,0,5,26,0,31,78,0,78,109
03/31/2020,MKL,TN,ASO,ES,Federal Contract Tower,0,5,0,0,5,0,0,6,0,6,0,5,6,0,11,0,0,0,11
04/01/2020,MKL,TN,ASO,ES,Federal Contract Tower,0,5,4,0,9,0,0,33,2,35,0,5,37,2,44,48,0,48,92
04/02/2020,MKL,TN,ASO,ES,Federal Contract Tower,0,5,11,1,17,0,0,27,1,28,0,5,38,2,45,16,0,16,61
04/03/2020,MKL,TN,ASO,ES,Federal Contract Tower,0,5,1,0,6,0,0,63,0,63,0,5,64,0,69,8,0,8,77
04/04/2020,MKL,TN,ASO,ES,Federal Contract Tower,0,2,8,0,10,0,0,28,0,28,0,2,36,0,38,70,0,70,108
04/05/2020,MKL,TN,ASO,ES,Federal Contract Tower,0,3,9,0,12,0,0,28,0,28,0,3,37,0,40,68,0,68,108
04/06/2020,MKL,TN,ASO,ES,Federal Contract Tower,0,13,3,0,16,0,0,21,0,21,0,13,24,0,37,68,0,68,105
04/07/2020,MKL,TN,ASO,ES,Federal Contract Tower,0,17,0,2,19,0,0,14,0,14,0,17,14,2,33,48,0,48,81
04/08/2020,MKL,TN,ASO,ES,Federal Contract Tower,0,4,3,0,7,0,0,0,0,0,0,4,3,0,7,0,0,0,7
04/09/2020,MKL,TN,ASO,ES,Federal Contract Tower,0,6,8,0,14,0,0,19,4,23,0,6,27,4,37,14,0,14,51
04/10/2020,MKL,TN,ASO,ES,Federal Contract Tower,0,5,13,0,18,0,0,20,2,22,0,5,33,2,40,18,0,18,58
04/11/2020,MKL,TN,ASO,ES,Federal Contract Tower,0,2,13,0,15,0,0,16,0,16,0,2,29,0,31,24,0,24,55
04/12/2020,MKL,TN,ASO,ES,Federal Contract Tower,0,4,2,0,6,0,1,0,0,1,0,5,2,0,7,0,0,0,7
04/13/2020,MKL,TN,ASO,ES,Federal Contract Tower,0,4,1,0,5,0,0,5,0,5,0,4,6,0,10,0,0,0,10
04/14/2020,MKL,TN,ASO,ES,Federal Contract Tower,0,21,6,0,27,0,0,7,0,7,0,21,13,0,34,8,0,8,42
04/15/2020,MKL,TN,ASO,ES,Federal Contract Tower,0,4,5,0,9,0,0,15,9,24,0,4,20,9,33,4,0,4,37
04/16/2020,MKL,TN,ASO,ES,Federal Contract Tower,0,5,8,1,14,0,0,27,0,27,0,5,35,1,41,0,0,0,41
04/17/2020,MKL,TN,ASO,ES,Federal Contract Tower,0,6,5,0,11,0,0,4,0,4,0,6,9,0,15,0,0,0,15
04/18/2020,MKL,TN,ASO,ES,Federal Contract Tower,0,2,16,0,18,0,0,24,0,24,0,2,40,0,42,58,0,58,100
04/19/2020,MKL,TN,ASO,ES,Federal Contract Tower,0,4,7,0,11,0,0,0,0,0,0,4,7,0,11,0,0,0,11
04/20/2020,MKL,TN,ASO,ES,Federal Contract Tower,0,4,4,0,8,0,2,35,3,40,0,6,39,3,48,96,0,96,144
04/21/2020,MKL,TN,ASO,ES,Federal Contract Tower,0,5,1,0,6,0,3,28,0,31,0,8,29,0,37,26,0,26,63
04/22/2020,MKL,TN,ASO,ES,Federal Contract Tower,0,5,5,0,10,0,0,25,4,29,0,5,30,4,39,28,0,28,67
04/23/2020,MKL,TN,ASO,ES,Federal Contract Tower,0,5,4,0,9,0,0,0,0,0,0,5,4,0,9,0,0,0,9
04/24/2020,MKL,TN,ASO,ES,Federal Contract Tower,0,6,12,0,18,0,0,26,2,28,0,6,38,2,46,46,0,46,92
04/25/2020,MKL,TN,ASO,ES,Federal Contract Tower,0,2,2,0,4,0,0,0,0,0,0,2,2,0,4,0,0,0,4
04/26/2020,MKL,TN,ASO,ES,Federal Contract Tower,0,4,3,0,7,0,0,11,0,11,0,4,14,0,18,4,0,4,22
04/27/2020,MKL,TN,ASO,ES,Federal Contract Tower,0,5,10,0,15,0,0,32,2,34,0,5,42,2,49,38,0,38,87
04/28/2020,MKL,TN,ASO,ES,Federal Contract Tower,0,2,12,0,14,0,0,27,4,31,0,2,39,4,45,12,4,16,61
04/29/2020,MKL,TN,ASO,ES,Federal Contract Tower,0,5,3,0,8,0,0,0,0,0,0,5,3,0,8,0,0,0,8
04/30/2020,MKL,TN,ASO,ES,Federal Contract Tower,0,5,11,0,16,0,0,28,7,35,0,5,39,7,51,16,10,26,77
05/01/2020,MKL,TN,ASO,ES,Federal Contract Tower,0,6,13,3,22,0,0,42,6,48,0,6,55,9,70,42,4,46,116
05/02/2020,MKL,TN,ASO,ES,Federal Contract Tower,0,2,5,0,7,0,0,15,3,18,0,2,20,3,25,16,0,16,41
05/03/2020,MKL,TN,ASO,ES,Federal Contract Tower,0,3,17,1,21,0,0,13,7,20,0,3,30,8,41,42,0,42,83
05/04/2020,MKL,TN,ASO,ES,Federal Contract Tower,0,3,6,0,9,0,0,11,0,11,0,3,17,0,20,32,0,32,52
05/05/2020,MKL,TN,ASO,ES,Federal Contract Tower,0,4,9,1,14,0,0,10,0,10,0,4,19,1,24,6,0,6,30
05/06/2020,MKL,TN,ASO,ES,Federal Contract Tower,0,4,18,0,22,0,0,10,1,11,0,4,28,1,33,4,0,4,37
05/07/2020,MKL,TN,ASO,ES,Federal Contract Tower,0,5,16,2,23,0,0,23,6,29,0,5,39,8,52,12,0,12,64
05/08/2020,MKL,TN,ASO,ES,Federal Contract Tower,0,5,5,2,12,0,0,2,4,6,0,5,7,6,18,0,0,0,18
05/09/2020,MKL,TN,ASO,ES,Federal Contract Tower,0,2,5,0,7,0,0,30,0,30,0,2,35,0,37,18,0,18,55
05/10/2020,MKL,TN,ASO,ES,Federal Contract Tower,0,6,5,0,11,0,0,22,0,22,0,6,27,0,33,10,0,10,43
05/11/2020,MKL,TN,ASO,ES,Federal Contract Tower,0,5,21,0,26,0,0,34,2,36,0,5,55,2,62,32,0,32,94
05/12/2020,MKL,TN,ASO,ES,Federal Contract Tower,0,7,17,0,24,0,0,13,3,16,0,7,30,3,40,22,0,22,62
05/13/2020,MKL,TN,ASO,ES,Federal Contract Tower,0,6,9,0,15,0,0,16,2,18,0,6,25,2,33,38,0,38,71
05/14/2020,MKL,TN,ASO,ES,Federal Contract Tower,0,7,6,0,13,0,0,20,4,24,0,7,26,4,37,14,0,14,51
05/15/2020,MKL,TN,ASO,ES,Federal Contract Tower,0,6,18,0,24,0,0,15,0,15,0,6,33,0,39,52,0,52,91
05/16/2020,MKL,TN,ASO,ES,Federal Contract Tower,0,6,7,1,14,0,0,30,0,30,0,6,37,1,44,36,0,36,80
05/17/2020,MKL,TN,ASO,ES,Federal Contract Tower,0,5,4,0,9,0,0,5,0,5,0,5,9,0,14,26,0,26,40
05/18/2020,MKL,TN,ASO,ES,Federal Contract Tower,0,6,5,0,11,0,0,32,1,33,0,6,37,1,44,66,0,66,110
05/19/2020,MKL,TN,ASO,ES,Federal Contract Tower,0,4,9,0,13,0,1,16,3,20,0,5,25,3,33,92,0,92,125
05/20/2020,MKL,TN,ASO,ES,Federal Contract Tower,0,5,17,1,23,0,0,40,6,46,0,5,57,7,69,38,0,38,107
05/21/2020,MKL,TN,ASO,ES,Federal Contract Tower,0,7,11,2,20,0,0,20,2,22,0,7,31,4,42,46,0,46,88
05/22/2020,MKL,TN,ASO,ES,Federal Contract Tower,0,7,8,0,15,0,0,7,0,7,0,7,15,0,22,0,0,0,22
05/23/2020,MKL,TN,ASO,ES,Federal Contract Tower,0,2,9,0,11,0,0,28,0,28,0,2,37,0,39,34,0,34,73
05/24/2020,MKL,TN,ASO,ES,Federal Contract Tower,0,4,13,0,17,0,0,26,0,26,0,4,39,0,43,54,0,54,97
05/25/2020,MKL,TN,ASO,ES,Federal Contract Tower,0,5,4,0,9,0,0,11,0,11,0,5,15,0,20,18,0,18,38
05/26/2020,MKL,TN,ASO,ES,Federal Contract Tower,0,7,8,0,15,0,0,13,0,13,0,7,21,0,28,16,0,16,44
05/27/2020,MKL,TN,ASO,ES,Federal Contract Tower,0,4,12,0,16,0,0,11,0,11,0,4,23,0,27,20,0,20,47
05/28/2020,MKL,TN,ASO,ES,Federal Contract Tower,0,13,11,0,24,0,0,16,2,18,0,13,27,2,42,2,0,2,44
05/29/2020,MKL,TN,ASO,ES,Federal Contract Tower,0,8,13,0,21,0,0,17,2,19,0,8,30,2,40,20,0,20,60
05/30/2020,MKL,TN,ASO,ES,Federal Contract Tower,0,2,21,0,23,0,0,65,0,65,0,2,86,0,88,44,0,44,132
05/31/2020,MKL,TN,ASO,ES,Federal Contract Tower,0,4,13,0,17,0,0,23,0,23,0,4,36,0,40,12,0,12,52
06/01/2020,MKL,TN,ASO,ES,Federal Contract Tower,0,4,16,0,20,0,0,31,3,34,0,4,47,3,54,24,0,24,78
06/02/2020,MKL,TN,ASO,ES,Federal Contract Tower,0,4,12,0,16,0,0,27,0,27,0,4,39,0,43,28,0,28,71
06/03/2020,MKL,TN,ASO,ES,Federal Contract Tower,0,4,22,2,28,0,0,31,0,31,0,4,53,2,59,54,0,54,113
06/04/2020,MKL,TN,ASO,ES,Federal Contract Tower,0,5,11,0,16,0,0,10,0,10,0,5,21,0,26,8,0,8,34
06/05/2020,MKL,TN,ASO,ES,Federal Contract Tower,0,7,9,0,16,0,0,21,0,21,0,7,30,0,37,12,0,12,49
06/06/2020,MKL,TN,ASO,ES,Federal Contract Tower,0,2,10,0,12,0,0,34,3,37,0,2,44,3,49,200,50,250,299
06/07/2020,MKL,TN,ASO,ES,Federal Contract Tower,0,3,6,0,9,0,0,21,6,27,0,3,27,6,36,30,44,74,110
06/08/2020,MKL,TN,ASO,ES,Federal Contract Tower,0,6,6,0,12,0,0,5,0,5,0,6,11,0,17,0,0,0,17
06/09/2020,MKL,TN,ASO,ES,Federal Contract Tower,0,4,7,0,11,0,0,0,0,0,0,4,7,0,11,0,0,0,11
06/10/2020,MKL,TN,ASO,ES,Federal Contract Tower,0,5,6,2,13,0,0,6,6,12,0,5,12,8,25,0,6,6,31
06/11/2020,MKL,TN,ASO,ES,Federal Contract Tower,0,5,14,0,19,0,0,33,12,45,0,5,47,12,64,26,20,46,110
06/12/2020,MKL,TN,ASO,ES,Federal Contract Tower,0,4,15,0,19,0,0,38,7,45,0,4,53,7,64,14,0,14,78
06/13/2020,MKL,TN,ASO,ES,Federal Contract Tower,0,2,7,0,9,0,0,31,0,31,0,2,38,0,40,14,0,14,54
06/14/2020,MKL,TN,ASO,ES,Federal Contract Tower,0,4,5,0,9,0,0,32,0,32,0,4,37,0,41,16,0,16,57
06/15/2020,MKL,TN,ASO,ES,Federal Contract Tower,0,4,6,1,11,0,0,36,6,42,0,4,42,7,53,42,0,42,95
06/16/2020,MKL,TN,ASO,ES,Federal Contract Tower,0,4,18,0,22,0,0,17,1,18,0,4,35,1,40,22,0,22,62
06/17/2020,MKL,TN,ASO,ES,Federal Contract Tower,0,7,9,3,19,0,0,31,5,36,0,7,40,8,55,36,4,40,95
06/18/2020,MKL,TN,ASO,ES,Federal Contract Tower,0,5,10,3,18,0,0,49,5,54,0,5,59,8,72,52,12,64,136
06/19/2020,MKL,TN,ASO,ES,Federal Contract Tower,0,4,8,3,15,0,0,46,5,51,0,4,54,8,66,16,0,16,82
06/20/2020,MKL,TN,ASO,ES,Federal Contract Tower,0,2,8,0,10,0,0,25,0,25,0,2,33,0,35,32,0,32,67
06/21/2020,MKL,TN,ASO,ES,Federal Contract Tower,0,5,3,0,8,0,0,14,0,14,0,5,17,0,22,2,0,2,24
06/22/2020,MKL,TN,ASO,ES,Federal Contract Tower,0,5,12,0,17,0,0,10,0,10,0,5,22,0,27,28,0,28,55
06/23/2020,MKL,TN,ASO,ES,Federal Contract Tower,0,9,13,0,22,0,0,11,11,22,0,9,24,11,44,14,0,14,58
06/24/2020,MKL,TN,ASO,ES,Federal Contract Tower,0,12,9,0,21,0,0,25,10,35,0,12,34,10,56,24,14,38,94
06/25/2020,MKL,TN,ASO,ES,Federal Contract Tower,0,5,8,1,14,0,0,39,5,44,0,5,47,6,58,26,10,36,94
06/26/2020,MKL,TN,ASO,ES,Federal Contract Tower,0,7,15,0,22,0,0,6,0,6,0,7,21,0,28,0,0,0,28
06/27/2020,MKL,TN,ASO,ES,Federal Contract Tower,0,2,2,0,4,0,0,2,0,2,0,2,4,0,6,0,0,0,6
06/28/2020,MKL,TN,ASO,ES,Federal Contract Tower,0,9,8,0,17,0,0,43,6,49,0,9,51,6,66,24,0,24,90
06/29/2020,MKL,TN,ASO,ES,Federal Contract Tower,0,4,12,0,16,0,0,202,0,202,0,4,214,0,218,48,0,48,266
06/30/2020,MKL,TN,ASO,ES,Federal Contract Tower,0,4,12,0,16,0,0,44,3,47,0,4,56,3,63,22,0,22,85
07/01/2020,MKL,TN,ASO,ES,Federal Contract Tower,0,3,8,0,11,0,0,43,0,43,0,3,51,0,54,16,0,16,70
07/02/2020,MKL,TN,ASO,ES,Federal Contract Tower,0,6,6,0,12,0,0,78,2,80,0,6,84,2,92,6,0,6,98
07/03/2020,MKL,TN,ASO,ES,Federal Contract Tower,0,6,5,0,11,0,0,90,0,90,0,6,95,0,101,62,0,62,163
07/04/2020,MKL,TN,ASO,ES,Federal Contract Tower,0,2,10,0,12,0,0,26,0,26,0,2,36,0,38,78,0,78,116
07/05/2020,MKL,TN,ASO,ES,Federal Contract Tower,0,3,4,0,7,0,0,22,0,22,0,3,26,0,29,56,0,56,85
07/06/2020,MKL,TN,ASO,ES,Federal Contract Tower,0,3,12,0,15,0,0,18,0,18,0,3,30,0,33,62,0,62,95
07/07/2020,MKL,TN,ASO,ES,Federal Contract Tower,0,6,12,0,18,0,0,24,4,28,0,6,36,4,46,40,0,40,86
07/08/2020,MKL,TN,ASO,ES,Federal Contract Tower,0,4,11,0,15,0,0,23,4,27,0,4,34,4,42,66,6,72,114
07/09/2020,MKL,TN,ASO,ES,Federal Contract Tower,0,4,21,1,26,0,0,40,9,49,0,4,61,10,75,12,6,18,93
07/10/2020,MKL,TN,ASO,ES,Federal Contract Tower,0,6,12,2,20,0,0,61,8,69,0,6,73,10,89,46,4,50,139
07/11/2020,MKL,TN,ASO,ES,Federal Contract Tower,0,2,15,0,17,0,0,99,16,115,0,2,114,16,132,70,42,112,244
07/12/2020,MKL,TN,ASO,ES,Federal Contract Tower,0,3,8,0,11,0,0,19,0,19,0,3,27,0,30,26,0,26,56
07/13/2020,MKL,TN,ASO,ES,Federal Contract Tower,0,4,11,0,15,0,0,119,8,127,0,4,130,8,142,30,26,56,198
07/14/2020,MKL,TN,ASO,ES,Federal Contract Tower,0,6,14,0,20,0,0,54,7,61,0,6,68,7,81,40,0,40,121
07/15/2020,MKL,TN,ASO,ES,Federal Contract Tower,0,7,13,1,21,0,0,34,10,44,0,7,47,11,65,40,6,46,111
07/16/2020,MKL,TN,ASO,ES,Federal Contract Tower,0,5,7,0,12,0,0,56,5,61,0,5,63,5,73,14,0,14,87
07/17/2020,MKL,TN,ASO,ES,Federal Contract Tower,0,3,9,0,12,0,0,77,4,81,0,3,86,4,93,16,0,16,109
07/18/2020,MKL,TN,ASO,ES,Federal Contract Tower,0,2,12,1,15,0,0,74,4,78,0,2,86,5,93,22,4,26,119
07/19/2020,MKL,TN,ASO,ES,Federal Contract Tower,0,3,4,0,7,0,0,45,0,45,0,3,49,0,52,54,0,54,106
07/20/2020,MKL,TN,ASO,ES,Federal Contract Tower,0,3,6,1,10,0,0,66,2,68,0,3,72,3,78,10,0,10,88
07/21/2020,MKL,TN,ASO,ES,Federal Contract Tower,0,4,10,0,14,0,0,59,9,68,0,4,69,9,82,214,0,214,296
07/22/2020,MKL,TN,ASO,ES,Federal Contract Tower,0,5,16,0,21,0,0,31,6,37,0,5,47,6,58,116,10,126,184
07/23/2020,MKL,TN,ASO,ES,Federal Contract Tower,0,4,11,0,15,0,0,13,0,13,0,4,24,0,28,30,0,30,58
07/24/2020,MKL,TN,ASO,ES,Federal Contract Tower,0,3,11,4,18,0,0,43,10,53,0,3,54,14,71,44,22,66,137
07/25/2020,MKL,TN,ASO,ES,Federal Contract Tower,0,2,6,0,8,0,0,28,2,30,0,2,34,2,38,56,0,56,94
07/26/2020,MKL,TN,ASO,ES,Federal Contract Tower,0,3,9,0,12,0,0,26,0,26,0,3,35,0,38,14,0,14,52
07/27/2020,MKL,TN,ASO,ES,Federal Contract Tower,0,6,16,6,28,0,0,38,3,41,0,6,54,9,69,48,0,48,117
07/28/2020,MKL,TN,ASO,ES,Federal Contract Tower,0,3,9,2,14,0,0,35,5,40,0,3,44,7,54,24,2,26,80
07/29/2020,MKL,TN,ASO,ES,Federal Contract Tower,0,5,6,0,11,0,0,12,3,15,0,5,18,3,26,36,0,36,62
07/30/2020,MKL,TN,ASO,ES,Federal Contract Tower,0,6,5,0,11,0,0,7,4,11,0,6,12,4,22,14,4,18,40
07/31/2020,MKL,TN,ASO,ES,Federal Contract Tower,0,8,8,2,18,0,0,14,0,14,0,8,22,2,32,8,0,8,40
08/01/2020,MKL,TN,ASO,ES,Federal Contract Tower,0,2,8,0,10,0,0,1,0,1,0,2,9,0,11,0,0,0,11
08/02/2020,MKL,TN,ASO,ES,Federal Contract Tower,0,5,2,0,7,0,0,17,0,17,0,5,19,0,24,8,0,8,32
08/03/2020,MKL,TN,ASO,ES,Federal Contract Tower,0,4,15,2,21,0,0,33,0,33,0,4,48,2,54,48,0,48,102
08/04/2020,MKL,TN,ASO,ES,Federal Contract Tower,0,4,12,2,18,0,0,23,0,23,0,4,35,2,41,14,0,14,55
08/05/2020,MKL,TN,ASO,ES,Federal Contract Tower,0,6,11,1,18,0,0,35,4,39,0,6,46,5,57,104,0,104,161
08/06/2020,MKL,TN,ASO,ES,Federal Contract Tower,0,4,15,1,20,0,0,35,9,44,0,4,50,10,64,108,10,118,182
08/07/2020,MKL,TN,ASO,ES,Federal Contract Tower,0,6,22,1,29,0,0,31,6,37,0,6,53,7,66,6,0,6,72
08/08/2020,MKL,TN,ASO,ES,Federal Contract Tower,0,2,8,0,10,0,0,24,9,33,0,2,32,9,43,10,0,10,53
08/09/2020,MKL,TN,ASO,ES,Federal Contract Tower,0,3,9,0,12,0,0,35,5,40,0,3,44,5,52,48,0,48,100
08/10/2020,MKL,TN,ASO,ES,Federal Contract Tower,0,3,9,0,12,0,1,8,3,12,0,4,17,3,24,10,0,10,34
08/11/2020,MKL,TN,ASO,ES,Federal Contract Tower,0,9,3,0,12,0,0,9,1,10,0,9,12,1,22,4,0,4,26
08/12/2020,MKL,TN,ASO,ES,Federal Contract Tower,0,4,11,1,16,0,0,20,3,23,0,4,31,4,39,40,0,40,79
08/13/2020,MKL,TN,ASO,ES,Federal Contract Tower,0,4,6,0,10,0,0,18,5,23,0,4,24,5,33,20,4,24,57
08/14/2020,MKL,TN,ASO,ES,Federal Contract Tower,0,4,12,0,16,0,0,4,0,4,0,4,16,0,20,20,0,20,40
08/15/2020,MKL,TN,ASO,ES,Federal Contract Tower,0,2,11,0,13,0,0,43,0,43,0,2,54,0,56,46,0,46,102
08/16/2020,MKL,TN,ASO,ES,Federal Contract Tower,0,5,9,0,14,0,0,25,0,25,0,5,34,0,39,32,0,32,71
08/17/2020,MKL,TN,ASO,ES,Federal Contract Tower,0,6,5,0,11,0,0,28,0,28,0,6,33,0,39,14,0,14,53
08/18/2020,MKL,TN,ASO,ES,Federal Contract Tower,0,4,14,0,18,0,0,26,2,28,0,4,40,2,46,24,0,24,70
08/19/2020,MKL,TN,ASO,ES,Federal Contract Tower,0,6,5,0,11,0,0,13,6,19,0,6,18,6,30,16,0,16,46
08/20/2020,MKL,TN,ASO,ES,Federal Contract Tower,0,4,17,2,23,0,0,21,13,34,0,4,38,15,57,28,2,30,87
08/21/2020,MKL,TN,ASO,ES,Federal Contract Tower,0,4,8,0,12,0,0,8,1,9,0,4,16,1,21,8,2,10,31
08/22/2020,MKL,TN,ASO,ES,Federal Contract Tower,0,2,4,0,6,0,0,12,6,18,0,2,16,6,24,0,8,8,32
08/23/2020,MKL,TN,ASO,ES,Federal Contract Tower,0,3,9,0,12,0,0,12,11,23,0,3,21,11,35,4,8,12,47
08/24/2020,MKL,TN,ASO,ES,Federal Contract Tower,0,4,13,0,17,0,0,17,2,19,0,4,30,2,36,16,0,16,52
08/25/2020,MKL,TN,ASO,ES,Federal Contract Tower,0,5,10,1,16,0,0,17,8,25,0,5,27,9,41,10,0,10,51
08/26/2020,MKL,TN,ASO,ES,Federal Contract Tower,0,4,12,0,16,0,0,10,2,12,0,4,22,2,28,42,0,42,70
08/27/2020,MKL,TN,ASO,ES,Federal Contract Tower,0,4,7,1,12,0,0,5,5,10,0,4,12,6,22,22,0,22,44
08/28/2020,MKL,TN,ASO,ES,Federal Contract Tower,0,0,0,0,0,0,0,0,0,0,0,0,0,0,0,0,0,0,0
08/29/2020,MKL,TN,ASO,ES,Federal Contract Tower,0,3,4,0,7,0,0,15,0,15,0,3,19,0,22,32,0,32,54
08/30/2020,MKL,TN,ASO,ES,Federal Contract Tower,0,5,17,0,22,0,0,3,0,3,0,5,20,0,25,8,0,8,33
08/31/2020,MKL,TN,ASO,ES,Federal Contract Tower,0,5,7,0,12,0,0,10,0,10,0,5,17,0,22,0,0,0,22
09/01/2020,MKL,TN,ASO,ES,Federal Contract Tower,0,5,6,0,11,0,0,12,0,12,0,5,18,0,23,0,0,0,23
09/02/2020,MKL,TN,ASO,ES,Federal Contract Tower,0,7,4,2,13,0,0,2,7,9,0,7,6,9,22,0,6,6,28
09/03/2020,MKL,TN,ASO,ES,Federal Contract Tower,0,4,8,0,12,0,0,10,7,17,0,4,18,7,29,12,0,12,41
09/04/2020,MKL,TN,ASO,ES,Federal Contract Tower,0,5,24,0,29,0,0,16,0,16,0,5,40,0,45,16,0,16,61
09/05/2020,MKL,TN,ASO,ES,Federal Contract Tower,0,2,9,0,11,0,0,23,0,23,0,2,32,0,34,6,0,6,40
09/06/2020,MKL,TN,ASO,ES,Federal Contract Tower,0,3,4,0,7,0,0,19,2,21,0,3,23,2,28,14,0,14,42
09/07/2020,MKL,TN,ASO,ES,Federal Contract Tower,0,4,10,0,14,0,0,28,0,28,0,4,38,0,42,52,0,52,94
09/08/2020,MKL,TN,ASO,ES,Federal Contract Tower,0,5,18,0,23,0,0,31,2,33,0,5,49,2,56,26,0,26,82
09/09/2020,MKL,TN,ASO,ES,Federal Contract Tower,0,4,4,1,9,0,0,65,3,68,0,4,69,4,77,28,0,28,105
09/10/2020,MKL,TN,ASO,ES,Federal Contract Tower,0,4,9,1,14,0,0,43,7,50,0,4,52,8,64,36,0,36,100
09/11/2020,MKL,TN,ASO,ES,Federal Contract Tower,0,4,13,4,21,0,0,21,5,26,0,4,34,9,47,22,2,24,71
09/12/2020,MKL,TN,ASO,ES,Federal Contract Tower,0,1,4,0,5,0,0,5,0,5,0,1,9,0,10,12,0,12,22
09/13/2020,MKL,TN,ASO,ES,Federal Contract Tower,0,3,7,0,10,0,0,9,6,15,0,3,16,6,25,10,2,12,37
09/14/2020,MKL,TN,ASO,ES,Federal Contract Tower,0,3,16,0,19,0,0,19,1,20,0,3,35,1,39,16,0,16,55
09/15/2020,MKL,TN,ASO,ES,Federal Contract Tower,0,10,11,1,22,0,0,16,7,23,0,10,27,8,45,26,0,26,71
09/16/2020,MKL,TN,ASO,ES,Federal Contract Tower,0,4,12,0,16,0,0,15,0,15,0,4,27,0,31,22,0,22,53
09/17/2020,MKL,TN,ASO,ES,Federal Contract Tower,0,3,5,0,8,0,0,12,10,22,0,3,17,10,30,2,0,2,32
09/18/2020,MKL,TN,ASO,ES,Federal Contract Tower,0,5,12,0,17,0,0,14,2,16,0,5,26,2,33,10,0,10,43
09/19/2020,MKL,TN,ASO,ES,Federal Contract Tower,0,2,6,0,8,0,0,29,0,29,0,2,35,0,37,66,0,66,103
09/20/2020,MKL,TN,ASO,ES,Federal Contract Tower,0,3,9,0,12,0,0,31,0,31,0,3,40,0,43,16,0,16,59
09/21/2020,MKL,TN,ASO,ES,Federal Contract Tower,0,4,6,0,10,0,0,24,0,24,0,4,30,0,34,22,0,22,56
09/22/2020,MKL,TN,ASO,ES,Federal Contract Tower,0,6,7,2,15,0,0,32,1,33,0,6,39,3,48,50,0,50,98
09/23/2020,MKL,TN,ASO,ES,Federal Contract Tower,0,6,15,0,21,0,0,8,0,8,0,6,23,0,29,2,0,2,31
09/24/2020,MKL,TN,ASO,ES,Federal Contract Tower,0,8,11,0,19,0,0,0,0,0,0,8,11,0,19,2,0,2,21
09/25/2020,MKL,TN,ASO,ES,Federal Contract Tower,0,4,12,0,16,0,0,4,3,7,0,4,16,3,23,0,4,4,27
09/26/2020,MKL,TN,ASO,ES,Federal Contract Tower,0,1,8,0,9,0,0,58,0,58,0,1,66,0,67,34,0,34,101
09/27/2020,MKL,TN,ASO,ES,Federal Contract Tower,0,3,2,0,5,0,0,39,0,39,0,3,41,0,44,132,0,132,176
09/28/2020,MKL,TN,ASO,ES,Federal Contract Tower,0,4,6,0,10,0,0,8,0,8,0,4,14,0,18,0,0,0,18
09/29/2020,MKL,TN,ASO,ES,Federal Contract Tower,0,4,15,4,23,0,0,16,0,16,0,4,31,4,39,16,0,16,55
09/30/2020,MKL,TN,ASO,ES,Federal Contract Tower,0,6,17,1,24,0,0,16,0,16,0,6,33,1,40,4,0,4,44
10/01/2020,MKL,TN,ASO,ES,Federal Contract Tower,0,5,11,0,16,0,0,17,2,19,0,5,28,2,35,18,0,18,53
10/02/2020,MKL,TN,ASO,ES,Federal Contract Tower,0,4,12,0,16,0,0,91,6,97,0,4,103,6,113,24,0,24,137
10/03/2020,MKL,TN,ASO,ES,Federal Contract Tower,0,1,23,0,24,0,0,55,2,57,0,1,78,2,81,70,0,70,151
10/04/2020,MKL,TN,ASO,ES,Federal Contract Tower,0,5,14,0,19,0,0,35,0,35,0,5,49,0,54,50,0,50,104
10/05/2020,MKL,TN,ASO,ES,Federal Contract Tower,0,3,7,0,10,0,0,48,3,51,0,3,55,3,61,38,0,38,99
10/06/2020,MKL,TN,ASO,ES,Federal Contract Tower,0,6,7,0,13,0,0,46,3,49,0,6,53,3,62,68,0,68,130
10/07/2020,MKL,TN,ASO,ES,Federal Contract Tower,0,4,13,3,20,0,0,35,3,38,0,4,48,6,58,74,2,76,134
10/08/2020,MKL,TN,ASO,ES,Federal Contract Tower,0,4,19,1,24,0,0,84,8,92,0,4,103,9,116,72,8,80,196
10/09/2020,MKL,TN,ASO,ES,Federal Contract Tower,0,4,7,0,11,0,0,29,0,29,0,4,36,0,40,0,0,0,40
10/10/2020,MKL,TN,ASO,ES,Federal Contract Tower,0,1,0,0,1,0,0,0,0,0,0,1,0,0,1,0,0,0,1
10/11/2020,MKL,TN,ASO,ES,Federal Contract Tower,0,3,14,0,17,0,0,7,0,7,0,3,21,0,24,6,0,6,30
10/12/2020,MKL,TN,ASO,ES,Federal Contract Tower,0,4,16,0,20,0,0,19,0,19,0,4,35,0,39,6,0,6,45
10/13/2020,MKL,TN,ASO,ES,Federal Contract Tower,0,4,8,0,12,0,0,62,0,62,0,4,70,0,74,22,0,22,96
10/14/2020,MKL,TN,ASO,ES,Federal Contract Tower,0,7,10,0,17,0,0,60,0,60,0,7,70,0,77,38,0,38,115
10/15/2020,MKL,TN,ASO,ES,Federal Contract Tower,0,3,17,3,23,0,0,20,4,24,0,3,37,7,47,4,10,14,61
10/16/2020,MKL,TN,ASO,ES,Federal Contract Tower,0,4,23,0,27,0,0,34,4,38,0,4,57,4,65,26,0,26,91
10/17/2020,MKL,TN,ASO,ES,Federal Contract Tower,0,1,12,1,14,0,0,18,3,21,0,1,30,4,35,36,4,40,75
10/18/2020,MKL,TN,ASO,ES,Federal Contract Tower,0,5,10,2,17,0,0,20,3,23,0,5,30,5,40,22,4,26,66
10/19/2020,MKL,TN,ASO,ES,Federal Contract Tower,0,4,6,0,10,0,0,23,0,23,0,4,29,0,33,4,0,4,37
10/20/2020,MKL,TN,ASO,ES,Federal Contract Tower,0,3,17,4,24,0,0,21,2,23,0,3,38,6,47,64,6,70,117
10/21/2020,MKL,TN,ASO,ES,Federal Contract Tower,0,4,7,0,11,0,0,19,5,24,0,4,26,5,35,40,0,40,75
10/22/2020,MKL,TN,ASO,ES,Federal Contract Tower,0,5,15,0,20,0,0,48,13,61,0,5,63,13,81,6,4,10,91
10/23/2020,MKL,TN,ASO,ES,Federal Contract Tower,0,4,6,0,10,0,0,11,0,11,0,4,17,0,21,2,0,2,23
10/24/2020,MKL,TN,ASO,ES,Federal Contract Tower,0,4,14,0,18,0,0,0,0,0,0,4,14,0,18,4,0,4,22
10/25/2020,MKL,TN,ASO,ES,Federal Contract Tower,0,5,6,0,11,0,0,0,0,0,0,5,6,0,11,0,0,0,11
10/26/2020,MKL,TN,ASO,ES,Federal Contract Tower,0,4,16,0,20,0,0,0,0,0,0,4,16,0,20,0,0,0,20
10/27/2020,MKL,TN,ASO,ES,Federal Contract Tower,0,4,16,0,20,0,0,2,0,2,0,4,18,0,22,0,0,0,22
10/28/2020,MKL,TN,ASO,ES,Federal Contract Tower,0,6,7,0,13,0,0,0,0,0,0,6,7,0,13,0,0,0,13
10/29/2020,MKL,TN,ASO,ES,Federal Contract Tower,0,5,9,0,14,0,0,0,0,0,0,5,9,0,14,0,0,0,14
10/30/2020,MKL,TN,ASO,ES,Federal Contract Tower,0,4,17,0,21,0,0,38,3,41,0,4,55,3,62,20,0,20,82
10/31/2020,MKL,TN,ASO,ES,Federal Contract Tower,0,2,25,0,27,0,0,30,0,30,0,2,55,0,57,24,0,24,81
11/01/2020,MKL,TN,ASO,ES,Federal Contract Tower,0,3,11,0,14,0,0,12,0,12,0,3,23,0,26,0,0,0,26
11/02/2020,MKL,TN,ASO,ES,Federal Contract Tower,0,4,7,0,11,0,0,42,2,44,0,4,49,2,55,52,0,52,107
11/03/2020,MKL,TN,ASO,ES,Federal Contract Tower,0,7,12,0,19,0,0,35,3,38,0,7,47,3,57,58,0,58,115
11/04/2020,MKL,TN,ASO,ES,Federal Contract Tower,0,4,10,2,16,0,0,38,6,44,0,4,48,8,60,104,0,104,164
11/05/2020,MKL,TN,ASO,ES,Federal Contract Tower,0,4,14,0,18,0,0,25,11,36,0,4,39,11,54,46,10,56,110
11/06/2020,MKL,TN,ASO,ES,Federal Contract Tower,0,4,13,1,18,0,0,36,10,46,0,4,49,11,64,52,4,56,120
11/07/2020,MKL,TN,ASO,ES,Federal Contract Tower,0,2,2,1,5,0,0,29,7,36,0,2,31,8,41,38,0,38,79
11/08/2020,MKL,TN,ASO,ES,Federal Contract Tower,0,3,9,4,16,0,0,12,3,15,0,3,21,7,31,22,4,26,57
11/09/2020,MKL,TN,ASO,ES,Federal Contract Tower,0,4,11,1,16,0,0,9,0,9,0,4,20,1,25,4,0,4,29
11/10/2020,MKL,TN,ASO,ES,Federal Contract Tower,0,4,16,2,22,0,0,1,2,3,0,4,17,4,25,4,4,8,33
11/11/2020,MKL,TN,ASO,ES,Federal Contract Tower,10,4,22,0,36,0,0,36,0,36,10,4,58,0,72,38,0,38,110
11/12/2020,MKL,TN,ASO,ES,Federal Contract Tower,0,4,20,0,24,0,1,42,5,48,0,5,62,5,72,32,0,32,104
11/13/2020,MKL,TN,ASO,ES,Federal Contract Tower,0,4,21,3,28,0,0,40,4,44,0,4,61,7,72,26,4,30,102
11/14/2020,MKL,TN,ASO,ES,Federal Contract Tower,0,1,6,0,7,0,1,14,0,15,0,2,20,0,22,30,0,30,52
11/15/2020,MKL,TN,ASO,ES,Federal Contract Tower,0,3,8,0,11,0,0,1,0,1,0,3,9,0,12,0,0,0,12
11/16/2020,MKL,TN,ASO,ES,Federal Contract Tower,0,6,8,0,14,0,0,32,0,32,0,6,40,0,46,40,0,40,86
11/17/2020,MKL,TN,ASO,ES,Federal Contract Tower,0,5,10,1,16,0,0,20,9,29,0,5,30,10,45,14,2,16,61
11/18/2020,MKL,TN,ASO,ES,Federal Contract Tower,0,4,7,0,11,0,0,36,1,37,0,4,43,1,48,16,0,16,64
11/19/2020,MKL,TN,ASO,ES,Federal Contract Tower,0,4,8,0,12,0,0,7,8,15,0,4,15,8,27,16,10,26,53
11/20/2020,MKL,TN,ASO,ES,Federal Contract Tower,0,4,22,1,27,0,0,18,6,24,0,4,40,7,51,36,0,36,87
11/21/2020,MKL,TN,ASO,ES,Federal Contract Tower,0,2,9,0,11,0,0,43,4,47,0,2,52,4,58,48,0,48,106
11/22/2020,MKL,TN,ASO,ES,Federal Contract Tower,0,3,7,0,10,0,0,0,0,0,0,3,7,0,10,0,0,0,10
11/23/2020,MKL,TN,ASO,ES,Federal Contract Tower,0,6,7,0,13,0,0,16,1,17,0,6,23,1,30,6,0,6,36
11/24/2020,MKL,TN,ASO,ES,Federal Contract Tower,0,3,14,0,17,0,0,16,5,21,0,3,30,5,38,24,0,24,62
11/25/2020,MKL,TN,ASO,ES,Federal Contract Tower,0,5,6,0,11,0,0,4,0,4,0,5,10,0,15,0,0,0,15
11/26/2020,MKL,TN,ASO,ES,Federal Contract Tower,0,4,5,0,9,0,0,12,0,12,0,4,17,0,21,0,0,0,21
11/27/2020,MKL,TN,ASO,ES,Federal Contract Tower,0,4,6,0,10,0,0,14,0,14,0,4,20,0,24,28,0,28,52
11/28/2020,MKL,TN,ASO,ES,Federal Contract Tower,0,4,6,0,10,0,0,32,0,32,0,4,38,0,42,32,0,32,74
11/29/2020,MKL,TN,ASO,ES,Federal Contract Tower,0,3,15,0,18,0,0,7,0,7,0,3,22,0,25,0,0,0,25
11/30/2020,MKL,TN,ASO,ES,Federal Contract Tower,0,5,4,0,9,0,0,5,0,5,0,5,9,0,14,0,0,0,14
12/01/2020,MKL,TN,ASO,ES,Federal Contract Tower,0,4,12,2,18,0,0,23,2,25,0,4,35,4,43,40,0,40,83
12/02/2020,MKL,TN,ASO,ES,Federal Contract Tower,0,3,10,1,14,0,0,25,7,32,0,3,35,8,46,40,18,58,104
12/03/2020,MKL,TN,ASO,ES,Federal Contract Tower,0,4,1,0,5,0,0,0,0,0,0,4,1,0,5,0,0,0,5
12/04/2020,MKL,TN,ASO,ES,Federal Contract Tower,0,4,13,0,17,0,0,2,12,14,0,4,15,12,31,0,36,36,67
12/05/2020,MKL,TN,ASO,ES,Federal Contract Tower,0,2,7,0,9,0,0,31,2,33,0,2,38,2,42,10,2,12,54
12/06/2020,MKL,TN,ASO,ES,Federal Contract Tower,0,3,4,0,7,0,0,17,0,17,0,3,21,0,24,22,0,22,46
12/07/2020,MKL,TN,ASO,ES,Federal Contract Tower,0,4,9,0,13,0,0,10,0,10,0,4,19,0,23,2,0,2,25
12/08/2020,MKL,TN,ASO,ES,Federal Contract Tower,0,4,8,1,13,0,0,24,4,28,0,4,32,5,41,28,0,28,69
12/09/2020,MKL,TN,ASO,ES,Federal Contract Tower,0,4,11,0,15,0,0,38,2,40,0,4,49,2,55,6,0,6,61
12/10/2020,MKL,TN,ASO,ES,Federal Contract Tower,0,8,3,0,11,0,0,21,4,25,0,8,24,4,36,16,4,20,56
12/11/2020,MKL,TN,ASO,ES,Federal Contract Tower,0,2,9,0,11,0,0,9,0,9,0,2,18,0,20,0,0,0,20
12/12/2020,MKL,TN,ASO,ES,Federal Contract Tower,0,2,5,0,7,0,0,19,0,19,0,2,24,0,26,10,0,10,36
12/13/2020,MKL,TN,ASO,ES,Federal Contract Tower,0,3,12,0,15,0,0,5,0,5,0,3,17,0,20,8,0,8,28
12/14/2020,MKL,TN,ASO,ES,Federal Contract Tower,0,4,9,0,13,0,0,8,0,8,0,4,17,0,21,0,0,0,21
12/15/2020,MKL,TN,ASO,ES,Federal Contract Tower,0,4,8,0,12,0,0,0,3,3,0,4,8,3,15,0,6,6,21
12/16/2020,MKL,TN,ASO,ES,Federal Contract Tower,0,1,11,0,12,0,0,1,0,1,0,1,12,0,13,0,0,0,13
12/17/2020,MKL,TN,ASO,ES,Federal Contract Tower,0,4,13,1,18,0,0,23,14,37,0,4,36,15,55,14,8,22,77
12/18/2020,MKL,TN,ASO,ES,Federal Contract Tower,0,4,14,1,19,0,0,20,9,29,0,4,34,10,48,4,20,24,72
12/19/2020,MKL,TN,ASO,ES,Federal Contract Tower,0,1,6,0,7,0,0,1,5,6,0,1,7,5,13,0,16,16,29
12/20/2020,MKL,TN,ASO,ES,Federal Contract Tower,0,5,5,0,10,0,0,1,3,4,0,5,6,3,14,0,16,16,30
12/21/2020,MKL,TN,ASO,ES,Federal Contract Tower,0,4,17,0,21,0,0,21,0,21,0,4,38,0,42,16,0,16,58
12/22/2020,MKL,TN,ASO,ES,Federal Contract Tower,0,4,12,0,16,0,0,25,0,25,0,4,37,0,41,10,0,10,51
12/23/2020,MKL,TN,ASO,ES,Federal Contract Tower,0,4,5,0,9,0,0,2,0,2,0,4,7,0,11,0,0,0,11
12/24/2020,MKL,TN,ASO,ES,Federal Contract Tower,0,4,6,0,10,0,0,8,0,8,0,4,14,0,18,8,0,8,26
12/25/2020,MKL,TN,ASO,ES,Federal Contract Tower,0,4,0,0,4,0,0,4,0,4,0,4,4,0,8,0,0,0,8
12/26/2020,MKL,TN,ASO,ES,Federal Contract Tower,0,3,8,0,11,0,0,28,0,28,0,3,36,0,39,4,0,4,43
12/27/2020,MKL,TN,ASO,ES,Federal Contract Tower,0,5,10,0,15,0,2,8,0,10,0,7,18,0,25,8,0,8,33
12/28/2020,MKL,TN,ASO,ES,Federal Contract Tower,0,4,7,0,11,0,0,32,0,32,0,4,39,0,43,82,0,82,125
12/29/2020,MKL,TN,ASO,ES,Federal Contract Tower,0,4,13,0,17,0,0,23,4,27,0,4,36,4,44,80,0,80,124
12/30/2020,MKL,TN,ASO,ES,Federal Contract Tower,0,4,2,0,6,0,0,4,0,4,0,4,6,0,10,22,0,22,32
12/31/2020,MKL,TN,ASO,ES,Federal Contract Tower,0,4,3,0,7,0,0,0,0,0,0,4,3,0,7,0,0,0,7
01/01/2021,MKL,TN,ASO,ES,Federal Contract Tower,0,5,2,0,7,0,0,4,0,4,0,5,6,0,11,0,0,0,11
01/02/2021,MKL,TN,ASO,ES,Federal Contract Tower,0,2,18,0,20,0,0,5,0,5,0,2,23,0,25,18,0,18,43
01/03/2021,MKL,TN,ASO,ES,Federal Contract Tower,0,5,8,0,13,0,0,35,0,35,0,5,43,0,48,50,0,50,98
01/04/2021,MKL,TN,ASO,ES,Federal Contract Tower,0,3,14,0,17,0,0,22,0,22,0,3,36,0,39,8,0,8,47
01/05/2021,MKL,TN,ASO,ES,Federal Contract Tower,0,5,4,3,12,0,0,30,4,34,0,5,34,7,46,44,0,44,90
01/06/2021,MKL,TN,ASO,ES,Federal Contract Tower,0,4,9,0,13,0,0,19,0,19,0,4,28,0,32,14,0,14,46
01/07/2021,MKL,TN,ASO,ES,Federal Contract Tower,0,4,7,0,11,0,0,0,0,0,0,4,7,0,11,0,0,0,11
01/08/2021,MKL,TN,ASO,ES,Federal Contract Tower,0,4,5,0,9,0,0,5,0,5,0,4,10,0,14,30,0,30,44
01/09/2021,MKL,TN,ASO,ES,Federal Contract Tower,0,1,0,0,1,0,0,9,0,9,0,1,9,0,10,40,0,40,50
01/10/2021,MKL,TN,ASO,ES,Federal Contract Tower,0,3,6,0,9,0,0,7,0,7,0,3,13,0,16,2,0,2,18
01/11/2021,MKL,TN,ASO,ES,Federal Contract Tower,0,2,6,0,8,0,0,0,0,0,0,2,6,0,8,0,0,0,8
01/12/2021,MKL,TN,ASO,ES,Federal Contract Tower,0,4,12,1,17,0,0,48,2,50,0,4,60,3,67,66,0,66,133
01/13/2021,MKL,TN,ASO,ES,Federal Contract Tower,0,4,13,0,17,0,0,17,2,19,0,4,30,2,36,50,0,50,86
01/14/2021,MKL,TN,ASO,ES,Federal Contract Tower,0,4,11,0,15,0,0,32,0,32,0,4,43,0,47,26,0,26,73
01/15/2021,MKL,TN,ASO,ES,Federal Contract Tower,0,6,9,0,15,0,0,8,0,8,0,6,17,0,23,4,0,4,27
01/16/2021,MKL,TN,ASO,ES,Federal Contract Tower,0,2,7,0,9,0,0,28,0,28,0,2,35,0,37,44,0,44,81
01/17/2021,MKL,TN,ASO,ES,Federal Contract Tower,0,3,9,0,12,0,0,18,0,18,0,3,27,0,30,16,0,16,46
01/18/2021,MKL,TN,ASO,ES,Federal Contract Tower,0,4,16,0,20,0,0,36,0,36,0,4,52,0,56,42,0,42,98
01/19/2021,MKL,TN,ASO,ES,Federal Contract Tower,0,4,17,0,21,0,0,33,0,33,0,4,50,0,54,46,0,46,100
01/20/2021,MKL,TN,ASO,ES,Federal Contract Tower,0,4,21,0,25,0,0,27,2,29,0,4,48,2,54,44,2,46,100
01/21/2021,MKL,TN,ASO,ES,Federal Contract Tower,0,4,8,2,14,0,0,9,3,12,0,4,17,5,26,22,0,22,48
01/22/2021,MKL,TN,ASO,ES,Federal Contract Tower,0,4,8,0,12,0,0,24,2,26,0,4,32,2,38,32,0,32,70
01/23/2021,MKL,TN,ASO,ES,Federal Contract Tower,0,1,8,0,9,0,0,21,6,27,0,1,29,6,36,4,0,4,40
01/24/2021,MKL,TN,ASO,ES,Federal Contract Tower,0,3,12,15,30,0,0,3,9,12,0,3,15,24,42,0,26,26,68
01/25/2021,MKL,TN,ASO,ES,Federal Contract Tower,0,4,6,0,10,0,0,3,0,3,0,4,9,0,13,0,0,0,13
01/26/2021,MKL,TN,ASO,ES,Federal Contract Tower,0,4,15,1,20,0,0,41,0,41,0,4,56,1,61,44,0,44,105
01/27/2021,MKL,TN,ASO,ES,Federal Contract Tower,0,4,11,0,15,0,0,1,0,1,0,4,12,0,16,4,0,4,20
01/28/2021,MKL,TN,ASO,ES,Federal Contract Tower,0,3,14,1,18,0,0,20,6,26,0,3,34,7,44,4,4,8,52
01/29/2021,MKL,TN,ASO,ES,Federal Contract Tower,0,8,22,2,32,0,1,29,1,31,0,9,51,3,63,54,0,54,117
01/30/2021,MKL,TN,ASO,ES,Federal Contract Tower,0,1,4,0,5,0,0,4,0,4,0,1,8,0,9,0,0,0,9
01/31/2021,MKL,TN,ASO,ES,Federal Contract Tower,0,3,3,0,6,0,0,0,0,0,0,3,3,0,6,0,0,0,6
02/01/2021,MKL,TN,ASO,ES,Federal Contract Tower,0,6,4,0,10,0,0,4,0,4,0,6,8,0,14,0,0,0,14
02/02/2021,MKL,TN,ASO,ES,Federal Contract Tower,0,4,9,0,13,0,0,24,0,24,0,4,33,0,37,34,0,34,71
02/03/2021,MKL,TN,ASO,ES,Federal Contract Tower,0,4,17,0,21,0,0,41,2,43,0,4,58,2,64,18,0,18,82
02/04/2021,MKL,TN,ASO,ES,Federal Contract Tower,0,4,9,0,13,0,0,3,0,3,0,4,12,0,16,12,0,12,28
02/05/2021,MKL,TN,ASO,ES,Federal Contract Tower,0,4,10,3,17,0,0,32,14,46,0,4,42,17,63,18,16,34,97
02/06/2021,MKL,TN,ASO,ES,Federal Contract Tower,0,2,4,0,6,0,0,21,3,24,0,2,25,3,30,52,0,52,82
02/07/2021,MKL,TN,ASO,ES,Federal Contract Tower,0,3,4,0,7,0,0,6,0,6,0,3,10,0,13,0,0,0,13
02/08/2021,MKL,TN,ASO,ES,Federal Contract Tower,0,3,12,2,17,0,0,28,0,28,0,3,40,2,45,68,0,68,113
02/09/2021,MKL,TN,ASO,ES,Federal Contract Tower,0,7,11,0,18,0,0,3,0,3,0,7,14,0,21,10,0,10,31
02/10/2021,MKL,TN,ASO,ES,Federal Contract Tower,0,0,9,0,9,0,0,2,0,2,0,0,11,0,11,0,0,0,11
02/11/2021,MKL,TN,ASO,ES,Federal Contract Tower,0,0,1,0,1,0,0,0,0,0,0,0,1,0,1,0,0,0,1
02/12/2021,MKL,TN,ASO,ES,Federal Contract Tower,0,2,13,0,15,0,0,2,0,2,0,2,15,0,17,0,0,0,17
02/13/2021,MKL,TN,ASO,ES,Federal Contract Tower,0,2,2,0,4,0,0,0,0,0,0,2,2,0,4,0,0,0,4
02/14/2021,MKL,TN,ASO,ES,Federal Contract Tower,0,2,4,0,6,0,0,0,0,0,0,2,4,0,6,0,0,0,6
02/15/2021,MKL,TN,ASO,ES,Federal Contract Tower,0,0,0,0,0,0,0,0,0,0,0,0,0,0,0,0,0,0,0
02/16/2021,MKL,TN,ASO,ES,Federal Contract Tower,0,0,0,0,0,0,0,0,0,0,0,0,0,0,0,0,0,0,0
02/17/2021,MKL,TN,ASO,ES,Federal Contract Tower,0,0,2,0,2,0,0,0,0,0,0,0,2,0,2,0,0,0,2
02/18/2021,MKL,TN,ASO,ES,Federal Contract Tower,0,0,1,0,1,0,0,3,0,3,0,0,4,0,4,0,0,0,4
02/19/2021,MKL,TN,ASO,ES,Federal Contract Tower,0,0,7,0,7,0,0,4,0,4,0,0,11,0,11,0,0,0,11
02/20/2021,MKL,TN,ASO,ES,Federal Contract Tower,0,1,5,0,6,0,0,5,0,5,0,1,10,0,11,0,0,0,11
02/21/2021,MKL,TN,ASO,ES,Federal Contract Tower,0,3,14,1,18,0,0,3,12,15,0,3,17,13,33,4,0,4,37
02/22/2021,MKL,TN,ASO,ES,Federal Contract Tower,0,6,26,0,32,0,0,34,0,34,0,6,60,0,66,44,0,44,110
02/23/2021,MKL,TN,ASO,ES,Federal Contract Tower,0,4,23,2,29,0,0,38,10,48,0,4,61,12,77,40,14,54,131
02/24/2021,MKL,TN,ASO,ES,Federal Contract Tower,0,4,19,0,23,0,0,17,2,19,0,4,36,2,42,24,0,24,66
02/25/2021,MKL,TN,ASO,ES,Federal Contract Tower,0,4,16,1,21,0,0,37,7,44,0,4,53,8,65,58,0,58,123
02/26/2021,MKL,TN,ASO,ES,Federal Contract Tower,0,3,15,0,18,0,0,0,0,0,0,3,15,0,18,0,0,0,18
02/27/2021,MKL,TN,ASO,ES,Federal Contract Tower,0,1,5,1,7,0,0,0,3,3,0,1,5,4,10,0,0,0,10
02/28/2021,MKL,TN,ASO,ES,Federal Contract Tower,0,3,8,0,11,0,0,2,0,2,0,3,10,0,13,0,0,0,13
03/01/2021,MKL,TN,ASO,ES,Federal Contract Tower,0,4,13,0,17,0,0,28,0,28,0,4,41,0,45,18,0,18,63
03/02/2021,MKL,TN,ASO,ES,Federal Contract Tower,0,5,23,0,28,0,0,26,7,33,0,5,49,7,61,18,20,38,99
03/03/2021,MKL,TN,ASO,ES,Federal Contract Tower,0,4,12,0,16,0,0,28,9,37,0,4,40,9,53,8,4,12,65
03/04/2021,MKL,TN,ASO,ES,Federal Contract Tower,0,6,18,0,24,0,0,51,6,57,0,6,69,6,81,32,16,48,129
03/05/2021,MKL,TN,ASO,ES,Federal Contract Tower,0,9,24,0,33,0,0,28,5,33,0,9,52,5,66,54,0,54,120
03/06/2021,MKL,TN,ASO,ES,Federal Contract Tower,0,2,11,0,13,0,0,42,3,45,0,2,53,3,58,26,0,26,84
03/07/2021,MKL,TN,ASO,ES,Federal Contract Tower,0,3,8,0,11,0,0,38,0,38,0,3,46,0,49,8,0,8,57
03/08/2021,MKL,TN,ASO,ES,Federal Contract Tower,0,8,13,0,21,0,0,34,0,34,0,8,47,0,55,34,0,34,89
03/09/2021,MKL,TN,ASO,ES,Federal Contract Tower,0,6,20,0,26,0,0,47,2,49,0,6,67,2,75,56,0,56,131
03/10/2021,MKL,TN,ASO,ES,Federal Contract Tower,0,4,11,0,15,0,0,18,1,19,0,4,29,1,34,0,0,0,34
03/11/2021,MKL,TN,ASO,ES,Federal Contract Tower,0,6,13,0,19,0,0,25,3,28,0,6,38,3,47,0,0,0,47
03/12/2021,MKL,TN,ASO,ES,Federal Contract Tower,0,4,20,0,24,0,0,18,0,18,0,4,38,0,42,6,0,6,48
03/13/2021,MKL,TN,ASO,ES,Federal Contract Tower,0,2,21,0,23,0,0,0,0,0,0,2,21,0,23,0,0,0,23
03/14/2021,MKL,TN,ASO,ES,Federal Contract Tower,0,3,6,0,9,0,0,17,0,17,0,3,23,0,26,12,0,12,38
03/15/2021,MKL,TN,ASO,ES,Federal Contract Tower,0,4,15,0,19,0,0,18,0,18,0,4,33,0,37,10,0,10,47
03/16/2021,MKL,TN,ASO,ES,Federal Contract Tower,0,5,22,0,27,0,0,45,1,46,0,5,67,1,73,46,0,46,119
03/17/2021,MKL,TN,ASO,ES,Federal Contract Tower,0,0,4,0,4,0,0,0,0,0,0,0,4,0,4,0,0,0,4
03/18/2021,MKL,TN,ASO,ES,Federal Contract Tower,0,7,12,0,19,0,0,8,0,8,0,7,20,0,27,0,0,0,27
03/19/2021,MKL,TN,ASO,ES,Federal Contract Tower,0,4,23,0,27,0,0,23,9,32,0,4,46,9,59,12,10,22,81
03/20/2021,MKL,TN,ASO,ES,Federal Contract Tower,0,2,7,2,11,0,1,29,8,38,0,3,36,10,49,40,2,42,91
03/21/2021,MKL,TN,ASO,ES,Federal Contract Tower,0,3,8,3,14,0,0,36,10,46,0,3,44,13,60,48,4,52,112
03/22/2021,MKL,TN,ASO,ES,Federal Contract Tower,0,4,11,0,15,0,0,33,4,37,0,4,44,4,52,86,0,86,138
03/23/2021,MKL,TN,ASO,ES,Federal Contract Tower,0,6,8,0,14,0,0,4,2,6,0,6,12,2,20,0,0,0,20
03/24/2021,MKL,TN,ASO,ES,Federal Contract Tower,0,4,15,0,19,0,0,39,0,39,0,4,54,0,58,58,0,58,116
03/25/2021,MKL,TN,ASO,ES,Federal Contract Tower,0,2,0,0,2,0,0,2,0,2,0,2,2,0,4,0,0,0,4
03/26/2021,MKL,TN,ASO,ES,Federal Contract Tower,0,4,16,0,20,0,0,43,2,45,0,4,59,2,65,62,0,62,127
03/27/2021,MKL,TN,ASO,ES,Federal Contract Tower,0,2,3,0,5,0,0,2,0,2,0,2,5,0,7,14,0,14,21
03/28/2021,MKL,TN,ASO,ES,Federal Contract Tower,0,3,10,0,13,0,0,17,0,17,0,3,27,0,30,34,0,34,64
03/29/2021,MKL,TN,ASO,ES,Federal Contract Tower,0,6,15,0,21,0,1,33,0,34,0,7,48,0,55,24,0,24,79
03/30/2021,MKL,TN,ASO,ES,Federal Contract Tower,0,4,8,0,12,0,0,8,0,8,0,4,16,0,20,4,0,4,24
03/31/2021,MKL,TN,ASO,ES,Federal Contract Tower,0,4,12,0,16,0,0,5,0,5,0,4,17,0,21,2,0,2,23
04/01/2021,MKL,TN,ASO,ES,Federal Contract Tower,0,4,13,0,17,0,0,26,2,28,0,4,39,2,45,4,0,4,49
04/02/2021,MKL,TN,ASO,ES,Federal Contract Tower,0,4,7,0,11,0,0,31,8,39,0,4,38,8,50,30,0,30,80
04/03/2021,MKL,TN,ASO,ES,Federal Contract Tower,0,2,9,0,11,0,0,40,5,45,0,2,49,5,56,36,10,46,102
04/04/2021,MKL,TN,ASO,ES,Federal Contract Tower,0,3,10,0,13,0,0,17,0,17,0,3,27,0,30,14,0,14,44
04/05/2021,MKL,TN,ASO,ES,Federal Contract Tower,0,4,7,0,11,0,0,29,2,31,0,4,36,2,42,12,0,12,54
04/06/2021,MKL,TN,ASO,ES,Federal Contract Tower,0,4,7,0,11,0,0,36,3,39,0,4,43,3,50,20,0,20,70
04/07/2021,MKL,TN,ASO,ES,Federal Contract Tower,0,10,9,1,20,0,0,27,0,27,0,10,36,1,47,32,0,32,79
04/08/2021,MKL,TN,ASO,ES,Federal Contract Tower,0,6,17,2,25,0,0,29,2,31,0,6,46,4,56,10,6,16,72
04/09/2021,MKL,TN,ASO,ES,Federal Contract Tower,0,7,12,0,19,0,0,13,0,13,0,7,25,0,32,0,0,0,32
04/10/2021,MKL,TN,ASO,ES,Federal Contract Tower,0,3,16,0,19,0,0,13,0,13,0,3,29,0,32,44,0,44,76
04/11/2021,MKL,TN,ASO,ES,Federal Contract Tower,0,3,11,0,14,0,0,8,2,10,0,3,19,2,24,2,0,2,26
04/12/2021,MKL,TN,ASO,ES,Federal Contract Tower,0,8,7,0,15,0,0,33,0,33,0,8,40,0,48,60,0,60,108
04/13/2021,MKL,TN,ASO,ES,Federal Contract Tower,0,7,13,0,20,0,0,33,0,33,0,7,46,0,53,20,0,20,73
04/14/2021,MKL,TN,ASO,ES,Federal Contract Tower,0,10,5,0,15,0,0,9,0,9,0,10,14,0,24,14,0,14,38
04/15/2021,MKL,TN,ASO,ES,Federal Contract Tower,0,4,7,1,12,0,0,38,10,48,0,4,45,11,60,22,12,34,94
04/16/2021,MKL,TN,ASO,ES,Federal Contract Tower,0,4,12,2,18,0,0,44,10,54,0,4,56,12,72,72,12,84,156
04/17/2021,MKL,TN,ASO,ES,Federal Contract Tower,0,2,9,0,11,0,0,26,0,26,0,2,35,0,37,32,0,32,69
04/18/2021,MKL,TN,ASO,ES,Federal Contract Tower,0,3,5,9,17,0,0,29,13,42,0,3,34,22,59,10,2,12,71
04/19/2021,MKL,TN,ASO,ES,Federal Contract Tower,0,4,17,0,21,0,0,29,3,32,0,4,46,3,53,24,0,24,77
04/20/2021,MKL,TN,ASO,ES,Federal Contract Tower,0,4,11,0,15,0,0,22,2,24,0,4,33,2,39,22,0,22,61
04/21/2021,MKL,TN,ASO,ES,Federal Contract Tower,0,6,12,0,18,0,0,48,5,53,0,6,60,5,71,40,0,40,111
04/22/2021,MKL,TN,ASO,ES,Federal Contract Tower,0,4,23,1,28,0,0,57,10,67,0,4,80,11,95,46,0,46,141
04/23/2021,MKL,TN,ASO,ES,Federal Contract Tower,0,4,12,0,16,0,0,14,2,16,0,4,26,2,32,0,0,0,32
04/24/2021,MKL,TN,ASO,ES,Federal Contract Tower,0,2,0,0,2,0,0,0,0,0,0,2,0,0,2,0,0,0,2
04/25/2021,MKL,TN,ASO,ES,Federal Contract Tower,0,3,19,0,22,0,0,49,11,60,0,3,68,11,82,0,10,10,92
04/26/2021,MKL,TN,ASO,ES,Federal Contract Tower,0,4,11,0,15,0,0,40,0,40,0,4,51,0,55,32,0,32,87
04/27/2021,MKL,TN,ASO,ES,Federal Contract Tower,0,2,23,4,29,0,0,23,5,28,0,2,46,9,57,28,0,28,85
04/28/2021,MKL,TN,ASO,ES,Federal Contract Tower,0,4,18,0,22,0,0,7,7,14,0,4,25,7,36,0,0,0,36
04/29/2021,MKL,TN,ASO,ES,Federal Contract Tower,0,5,11,0,16,0,0,1,0,1,0,5,12,0,17,0,0,0,17
04/30/2021,MKL,TN,ASO,ES,Federal Contract Tower,0,5,21,3,29,0,0,54,10,64,0,5,75,13,93,42,0,42,135
05/01/2021,MKL,TN,ASO,ES,Federal Contract Tower,0,1,12,0,13,0,4,47,6,57,0,5,59,6,70,14,0,14,84
05/02/2021,MKL,TN,ASO,ES,Federal Contract Tower,0,3,12,0,15,0,0,13,0,13,0,3,25,0,28,12,0,12,40
05/03/2021,MKL,TN,ASO,ES,Federal Contract Tower,0,5,17,2,24,0,0,6,0,6,0,5,23,2,30,0,0,0,30
05/04/2021,MKL,TN,ASO,ES,Federal Contract Tower,0,2,4,0,6,0,0,12,2,14,0,2,16,2,20,20,0,20,40
05/05/2021,MKL,TN,ASO,ES,Federal Contract Tower,0,5,13,5,23,0,0,33,3,36,0,5,46,8,59,38,0,38,97
05/06/2021,MKL,TN,ASO,ES,Federal Contract Tower,0,7,19,2,28,0,0,25,2,27,0,7,44,4,55,32,4,36,91
05/07/2021,MKL,TN,ASO,ES,Federal Contract Tower,0,4,19,1,24,0,0,46,4,50,0,4,65,5,74,28,2,30,104
05/08/2021,MKL,TN,ASO,ES,Federal Contract Tower,0,2,9,0,11,0,0,16,0,16,0,2,25,0,27,12,0,12,39
05/09/2021,MKL,TN,ASO,ES,Federal Contract Tower,0,3,5,0,8,0,0,0,0,0,0,3,5,0,8,0,0,0,8
05/10/2021,MKL,TN,ASO,ES,Federal Contract Tower,0,4,20,0,24,0,0,21,3,24,0,4,41,3,48,32,0,32,80
05/11/2021,MKL,TN,ASO,ES,Federal Contract Tower,0,4,23,0,27,0,0,26,10,36,0,4,49,10,63,24,8,32,95
05/12/2021,MKL,TN,ASO,ES,Federal Contract Tower,0,6,14,0,20,0,2,26,13,41,0,8,40,13,61,34,6,40,101
05/13/2021,MKL,TN,ASO,ES,Federal Contract Tower,0,7,25,0,32,0,0,51,5,56,0,7,76,5,88,52,0,52,140
05/14/2021,MKL,TN,ASO,ES,Federal Contract Tower,0,3,33,4,40,0,0,74,2,76,0,3,107,6,116,58,6,64,180
05/15/2021,MKL,TN,ASO,ES,Federal Contract Tower,0,2,14,0,16,0,0,43,0,43,0,2,57,0,59,52,0,52,111
05/16/2021,MKL,TN,ASO,ES,Federal Contract Tower,0,3,14,0,17,0,0,23,0,23,0,3,37,0,40,22,0,22,62
05/17/2021,MKL,TN,ASO,ES,Federal Contract Tower,0,4,15,0,19,0,0,27,0,27,0,4,42,0,46,20,0,20,66
05/18/2021,MKL,TN,ASO,ES,Federal Contract Tower,0,4,9,0,13,0,0,8,10,18,0,4,17,10,31,0,0,0,31
05/19/2021,MKL,TN,ASO,ES,Federal Contract Tower,0,5,7,0,12,0,0,23,6,29,0,5,30,6,41,4,4,8,49
05/20/2021,MKL,TN,ASO,ES,Federal Contract Tower,0,4,8,0,12,0,0,26,7,33,0,4,34,7,45,2,0,2,47
05/21/2021,MKL,TN,ASO,ES,Federal Contract Tower,0,5,11,3,19,0,0,38,10,48,0,5,49,13,67,18,18,36,103
05/22/2021,MKL,TN,ASO,ES,Federal Contract Tower,0,6,6,0,12,0,0,41,2,43,0,6,47,2,55,48,0,48,103
05/23/2021,MKL,TN,ASO,ES,Federal Contract Tower,0,5,11,1,17,0,0,40,5,45,0,5,51,6,62,12,0,12,74
05/24/2021,MKL,TN,ASO,ES,Federal Contract Tower,0,4,5,0,9,0,0,37,0,37,0,4,42,0,46,52,0,52,98
05/25/2021,MKL,TN,ASO,ES,Federal Contract Tower,0,4,16,0,20,0,0,33,4,37,0,4,49,4,57,10,0,10,67
05/26/2021,MKL,TN,ASO,ES,Federal Contract Tower,0,4,22,0,26,0,0,4,0,4,0,4,26,0,30,0,0,0,30
05/27/2021,MKL,TN,ASO,ES,Federal Contract Tower,0,3,13,0,16,0,0,22,1,23,0,3,35,1,39,26,0,26,65
05/28/2021,MKL,TN,ASO,ES,Federal Contract Tower,0,4,10,4,18,0,0,8,0,8,0,4,18,4,26,0,0,0,26
05/29/2021,MKL,TN,ASO,ES,Federal Contract Tower,0,3,9,0,12,0,0,5,0,5,0,3,14,0,17,0,0,0,17
05/30/2021,MKL,TN,ASO,ES,Federal Contract Tower,0,5,12,0,17,0,0,36,0,36,0,5,48,0,53,12,0,12,65
05/31/2021,MKL,TN,ASO,ES,Federal Contract Tower,0,7,13,0,20,0,0,24,0,24,0,7,37,0,44,12,0,12,56
06/01/2021,MKL,TN,ASO,ES,Federal Contract Tower,0,6,26,0,32,0,0,24,0,24,0,6,50,0,56,18,0,18,74
06/02/2021,MKL,TN,ASO,ES,Federal Contract Tower,0,4,7,0,11,0,0,3,0,3,0,4,10,0,14,4,0,4,18
06/03/2021,MKL,TN,ASO,ES,Federal Contract Tower,0,7,12,0,19,0,0,21,3,24,0,7,33,3,43,20,0,20,63
06/04/2021,MKL,TN,ASO,ES,Federal Contract Tower,0,4,16,0,20,0,0,37,6,43,0,4,53,6,63,28,0,28,91
06/05/2021,MKL,TN,ASO,ES,Federal Contract Tower,0,5,8,0,13,0,0,55,5,60,0,5,63,5,73,40,0,40,113
06/06/2021,MKL,TN,ASO,ES,Federal Contract Tower,0,4,9,0,13,0,0,0,0,0,0,4,9,0,13,0,0,0,13
06/07/2021,MKL,TN,ASO,ES,Federal Contract Tower,0,5,13,0,18,0,0,19,0,19,0,5,32,0,37,10,0,10,47
06/08/2021,MKL,TN,ASO,ES,Federal Contract Tower,0,4,13,0,17,0,0,6,3,9,0,4,19,3,26,4,8,12,38
06/09/2021,MKL,TN,ASO,ES,Federal Contract Tower,0,6,11,0,17,0,0,37,0,37,0,6,48,0,54,6,0,6,60
06/10/2021,MKL,TN,ASO,ES,Federal Contract Tower,0,12,7,0,19,0,0,2,7,9,0,12,9,7,28,8,34,42,70
06/11/2021,MKL,TN,ASO,ES,Federal Contract Tower,0,9,38,0,47,0,0,33,0,33,0,9,71,0,80,18,0,18,98
06/12/2021,MKL,TN,ASO,ES,Federal Contract Tower,0,0,9,4,13,0,0,92,0,92,0,0,101,4,105,99,0,99,204
06/13/2021,MKL,TN,ASO,ES,Federal Contract Tower,0,5,10,0,15,0,0,49,0,49,0,5,59,0,64,14,0,14,78
06/14/2021,MKL,TN,ASO,ES,Federal Contract Tower,0,10,15,0,25,0,0,52,2,54,0,10,67,2,79,46,0,46,125
06/15/2021,MKL,TN,ASO,ES,Federal Contract Tower,0,4,25,1,30,0,0,52,0,52,0,4,77,1,82,24,0,24,106
06/16/2021,MKL,TN,ASO,ES,Federal Contract Tower,0,7,14,3,24,0,0,49,0,49,0,7,63,3,73,8,0,8,81
06/17/2021,MKL,TN,ASO,ES,Federal Contract Tower,0,5,23,0,28,0,0,11,5,16,0,5,34,5,44,6,0,6,50
06/18/2021,MKL,TN,ASO,ES,Federal Contract Tower,0,4,12,4,20,0,58,14,0,72,0,62,26,4,92,18,12,30,122
06/19/2021,MKL,TN,ASO,ES,Federal Contract Tower,0,0,21,0,21,0,0,0,0,0,0,0,21,0,21,34,0,34,55
06/20/2021,MKL,TN,ASO,ES,Federal Contract Tower,0,6,14,0,20,0,0,94,0,94,0,6,108,0,114,0,0,0,114
06/21/2021,MKL,TN,ASO,ES,Federal Contract Tower,0,4,5,0,9,0,0,4,0,4,0,4,9,0,13,0,0,0,13
06/22/2021,MKL,TN,ASO,ES,Federal Contract Tower,0,4,17,0,21,0,0,89,2,91,0,4,106,2,112,18,8,26,138
06/23/2021,MKL,TN,ASO,ES,Federal Contract Tower,0,5,22,1,28,0,0,64,3,67,0,5,86,4,95,12,0,12,107
06/24/2021,MKL,TN,ASO,ES,Federal Contract Tower,0,5,26,1,32,0,0,62,8,70,0,5,88,9,102,26,0,26,128
06/25/2021,MKL,TN,ASO,ES,Federal Contract Tower,0,5,24,0,29,0,0,26,1,27,0,5,50,1,56,0,0,0,56
06/26/2021,MKL,TN,ASO,ES,Federal Contract Tower,0,1,21,0,22,0,0,32,14,46,0,1,53,14,68,38,68,106,174
06/27/2021,MKL,TN,ASO,ES,Federal Contract Tower,0,6,20,0,26,0,0,24,6,30,0,6,44,6,56,6,0,6,62
06/28/2021,MKL,TN,ASO,ES,Federal Contract Tower,0,1,14,0,15,0,0,18,0,18,0,1,32,0,33,2,0,2,35
06/29/2021,MKL,TN,ASO,ES,Federal Contract Tower,0,9,17,1,27,0,2,12,5,19,0,11,29,6,46,16,4,20,66
06/30/2021,MKL,TN,ASO,ES,Federal Contract Tower,0,4,9,0,13,0,0,4,0,4,0,4,13,0,17,0,0,0,17
07/01/2021,MKL,TN,ASO,ES,Federal Contract Tower,0,4,14,0,18,0,0,6,0,6,0,4,20,0,24,4,0,4,28
07/02/2021,MKL,TN,ASO,ES,Federal Contract Tower,0,2,21,0,23,0,0,12,0,12,0,2,33,0,35,0,0,0,35
07/03/2021,MKL,TN,ASO,ES,Federal Contract Tower,0,1,19,0,20,0,0,19,0,19,0,1,38,0,39,4,0,4,43
07/04/2021,MKL,TN,ASO,ES,Federal Contract Tower,0,8,3,0,11,0,0,10,0,10,0,8,13,0,21,20,0,20,41
07/05/2021,MKL,TN,ASO,ES,Federal Contract Tower,0,6,11,0,17,0,0,88,0,88,0,6,99,0,105,0,0,0,105
07/06/2021,MKL,TN,ASO,ES,Federal Contract Tower,0,6,22,0,28,0,0,33,0,33,0,6,55,0,61,10,0,10,71
07/07/2021,MKL,TN,ASO,ES,Federal Contract Tower,0,4,18,0,22,0,0,4,0,4,0,4,22,0,26,0,0,0,26
07/08/2021,MKL,TN,ASO,ES,Federal Contract Tower,0,8,26,0,34,0,0,19,4,23,0,8,45,4,57,6,0,6,63
07/09/2021,MKL,TN,ASO,ES,Federal Contract Tower,0,4,17,0,21,0,0,5,4,9,0,4,22,4,30,0,0,0,30
07/10/2021,MKL,TN,ASO,ES,Federal Contract Tower,0,0,10,2,12,0,0,13,0,13,0,0,23,2,25,10,0,10,35
07/11/2021,MKL,TN,ASO,ES,Federal Contract Tower,0,4,22,0,26,0,0,13,0,13,0,4,35,0,39,0,0,0,39
07/12/2021,MKL,TN,ASO,ES,Federal Contract Tower,0,5,8,0,13,0,0,39,0,39,0,5,47,0,52,0,0,0,52
07/13/2021,MKL,TN,ASO,ES,Federal Contract Tower,0,4,6,2,12,0,0,34,0,34,0,4,40,2,46,0,0,0,46
07/14/2021,MKL,TN,ASO,ES,Federal Contract Tower,0,8,14,3,25,0,0,50,5,55,0,8,64,8,80,20,4,24,104
07/15/2021,MKL,TN,ASO,ES,Federal Contract Tower,0,8,16,1,25,0,0,38,3,41,0,8,54,4,66,26,0,26,92
07/16/2021,MKL,TN,ASO,ES,Federal Contract Tower,0,4,17,0,21,0,0,18,0,18,0,4,35,0,39,4,0,4,43
07/17/2021,MKL,TN,ASO,ES,Federal Contract Tower,0,0,22,0,22,0,0,18,2,20,0,0,40,2,42,36,0,36,78
07/18/2021,MKL,TN,ASO,ES,Federal Contract Tower,0,5,11,0,16,0,0,1,0,1,0,5,12,0,17,0,0,0,17
07/19/2021,MKL,TN,ASO,ES,Federal Contract Tower,0,5,12,0,17,0,0,5,0,5,0,5,17,0,22,0,0,0,22
07/20/2021,MKL,TN,ASO,ES,Federal Contract Tower,0,6,8,0,14,0,0,38,0,38,0,6,46,0,52,34,0,34,86
07/21/2021,MKL,TN,ASO,ES,Federal Contract Tower,0,9,15,2,26,0,0,37,0,37,0,9,52,2,63,6,0,6,69
07/22/2021,MKL,TN,ASO,ES,Federal Contract Tower,0,7,15,0,22,0,0,25,0,25,0,7,40,0,47,28,0,28,75
07/23/2021,MKL,TN,ASO,ES,Federal Contract Tower,0,4,15,0,19,0,0,30,0,30,0,4,45,0,49,22,0,22,71
07/24/2021,MKL,TN,ASO,ES,Federal Contract Tower,0,4,7,0,11,0,0,25,0,25,0,4,32,0,36,4,0,4,40
07/25/2021,MKL,TN,ASO,ES,Federal Contract Tower,0,4,7,4,15,0,26,0,0,26,0,30,7,4,41,42,0,42,83
07/26/2021,MKL,TN,ASO,ES,Federal Contract Tower,0,4,11,0,15,0,0,26,3,29,0,4,37,3,44,0,0,0,44
07/27/2021,MKL,TN,ASO,ES,Federal Contract Tower,0,4,17,0,21,0,0,31,0,31,0,4,48,0,52,6,0,6,58
07/28/2021,MKL,TN,ASO,ES,Federal Contract Tower,0,5,10,1,16,0,0,36,1,37,0,5,46,2,53,28,12,40,93
07/29/2021,MKL,TN,ASO,ES,Federal Contract Tower,0,7,17,0,24,0,0,28,0,28,0,7,45,0,52,8,0,8,60
07/30/2021,MKL,TN,ASO,ES,Federal Contract Tower,0,5,8,4,17,0,0,24,4,28,0,5,32,8,45,40,0,40,85
07/31/2021,MKL,TN,ASO,ES,Federal Contract Tower,0,0,11,0,11,0,0,26,0,26,0,0,37,0,37,22,0,22,59
08/01/2021,MKL,TN,ASO,ES,Federal Contract Tower,0,5,6,0,11,0,0,5,0,5,0,5,11,0,16,16,0,16,32
08/02/2021,MKL,TN,ASO,ES,Federal Contract Tower,0,4,9,2,15,0,0,43,0,43,0,4,52,2,58,18,0,18,76
08/03/2021,MKL,TN,ASO,ES,Federal Contract Tower,0,7,21,2,30,0,0,61,0,61,0,7,82,2,91,54,2,56,147
08/04/2021,MKL,TN,ASO,ES,Federal Contract Tower,0,5,15,0,20,0,0,32,0,32,0,5,47,0,52,28,0,28,80
08/05/2021,MKL,TN,ASO,ES,Federal Contract Tower,0,5,16,2,23,0,0,42,5,47,0,5,58,7,70,28,16,44,114
08/06/2021,MKL,TN,ASO,ES,Federal Contract Tower,0,4,9,0,13,0,0,23,4,27,0,4,32,4,40,28,0,28,68
08/07/2021,MKL,TN,ASO,ES,Federal Contract Tower,0,1,17,0,18,0,0,41,6,47,0,1,58,6,65,30,0,30,95
08/08/2021,MKL,TN,ASO,ES,Federal Contract Tower,0,5,10,0,15,0,0,35,7,42,0,5,45,7,57,0,0,0,57
08/09/2021,MKL,TN,ASO,ES,Federal Contract Tower,0,5,12,0,17,0,0,39,0,39,0,5,51,0,56,28,0,28,84
08/10/2021,MKL,TN,ASO,ES,Federal Contract Tower,0,0,15,1,16,0,0,35,2,37,0,0,50,3,53,30,0,30,83
08/11/2021,MKL,TN,ASO,ES,Federal Contract Tower,0,5,28,2,35,0,0,26,7,33,0,5,54,9,68,30,2,32,100
08/12/2021,MKL,TN,ASO,ES,Federal Contract Tower,0,5,20,1,26,0,0,27,10,37,0,5,47,11,63,18,12,30,93
08/13/2021,MKL,TN,ASO,ES,Federal Contract Tower,0,2,26,0,28,0,0,27,0,27,0,2,53,0,55,26,0,26,81
08/14/2021,MKL,TN,ASO,ES,Federal Contract Tower,0,1,14,0,15,0,0,22,10,32,0,1,36,10,47,20,20,40,87
08/15/2021,MKL,TN,ASO,ES,Federal Contract Tower,0,5,8,2,15,0,2,4,0,6,0,7,12,2,21,0,0,0,21
08/16/2021,MKL,TN,ASO,ES,Federal Contract Tower,0,4,13,0,17,0,0,30,0,30,0,4,43,0,47,34,0,34,81
08/17/2021,MKL,TN,ASO,ES,Federal Contract Tower,0,4,16,2,22,0,0,17,4,21,0,4,33,6,43,16,4,20,63
08/18/2021,MKL,TN,ASO,ES,Federal Contract Tower,0,6,10,0,16,0,0,5,0,5,0,6,15,0,21,0,0,0,21
08/19/2021,MKL,TN,ASO,ES,Federal Contract Tower,0,6,14,0,20,0,0,12,1,13,0,6,26,1,33,0,0,0,33
08/20/2021,MKL,TN,ASO,ES,Federal Contract Tower,0,8,18,0,26,0,0,1,0,1,0,8,19,0,27,0,0,0,27
08/21/2021,MKL,TN,ASO,ES,Federal Contract Tower,0,2,3,0,5,0,0,6,0,6,0,2,9,0,11,20,0,20,31
08/22/2021,MKL,TN,ASO,ES,Federal Contract Tower,0,4,9,1,14,0,0,10,3,13,0,4,19,4,27,2,0,2,29
08/23/2021,MKL,TN,ASO,ES,Federal Contract Tower,0,4,11,0,15,0,0,36,0,36,0,4,47,0,51,36,0,36,87
08/24/2021,MKL,TN,ASO,ES,Federal Contract Tower,0,2,14,1,17,0,0,49,5,54,0,2,63,6,71,16,0,16,87
08/25/2021,MKL,TN,ASO,ES,Federal Contract Tower,0,6,8,1,15,0,0,24,7,31,0,6,32,8,46,30,8,38,84
08/26/2021,MKL,TN,ASO,ES,Federal Contract Tower,0,6,11,0,17,0,0,25,13,38,0,6,36,13,55,0,0,0,55
08/27/2021,MKL,TN,ASO,ES,Federal Contract Tower,0,6,11,1,18,0,0,82,12,94,0,6,93,13,112,20,0,20,132
08/28/2021,MKL,TN,ASO,ES,Federal Contract Tower,0,2,4,1,7,0,0,47,1,48,0,2,51,2,55,34,0,34,89
08/29/2021,MKL,TN,ASO,ES,Federal Contract Tower,0,5,13,0,18,0,0,21,6,27,0,5,34,6,45,8,0,8,53
08/30/2021,MKL,TN,ASO,ES,Federal Contract Tower,0,5,4,0,9,0,0,2,0,2,0,5,6,0,11,0,0,0,11
08/31/2021,MKL,TN,ASO,ES,Federal Contract Tower,0,2,4,0,6,0,0,4,0,4,0,2,8,0,10,0,0,0,10
09/01/2021,MKL,TN,ASO,ES,Federal Contract Tower,0,6,15,0,21,0,0,21,0,21,0,6,36,0,42,60,0,60,102
09/02/2021,MKL,TN,ASO,ES,Federal Contract Tower,0,8,17,0,25,0,0,37,2,39,0,8,54,2,64,4,0,4,68
09/03/2021,MKL,TN,ASO,ES,Federal Contract Tower,0,2,20,0,22,0,0,28,0,28,0,2,48,0,50,6,0,6,56
09/04/2021,MKL,TN,ASO,ES,Federal Contract Tower,0,0,7,0,7,0,0,44,0,44,0,0,51,0,51,12,0,12,63
09/05/2021,MKL,TN,ASO,ES,Federal Contract Tower,0,1,6,0,7,0,0,2,0,2,0,1,8,0,9,0,0,0,9
09/06/2021,MKL,TN,ASO,ES,Federal Contract Tower,0,5,13,0,18,0,0,30,0,30,0,5,43,0,48,0,0,0,48
09/07/2021,MKL,TN,ASO,ES,Federal Contract Tower,0,4,11,0,15,0,2,24,0,26,0,6,35,0,41,20,0,20,61
09/08/2021,MKL,TN,ASO,ES,Federal Contract Tower,0,5,18,6,29,0,0,30,10,40,0,5,48,16,69,32,0,32,101
09/09/2021,MKL,TN,ASO,ES,Federal Contract Tower,0,8,10,4,22,0,0,37,13,50,0,8,47,17,72,40,0,40,112
09/10/2021,MKL,TN,ASO,ES,Federal Contract Tower,0,5,19,2,26,0,0,26,1,27,0,5,45,3,53,0,6,6,59
09/11/2021,MKL,TN,ASO,ES,Federal Contract Tower,0,3,5,0,8,0,0,34,0,34,0,3,39,0,42,34,0,34,76
09/12/2021,MKL,TN,ASO,ES,Federal Contract Tower,0,6,8,0,14,0,0,36,0,36,0,6,44,0,50,26,0,26,76
09/13/2021,MKL,TN,ASO,ES,Federal Contract Tower,0,6,9,1,16,0,0,28,4,32,0,6,37,5,48,8,10,18,66
09/14/2021,MKL,TN,ASO,ES,Federal Contract Tower,0,6,10,0,16,0,0,20,3,23,0,6,30,3,39,6,0,6,45
09/15/2021,MKL,TN,ASO,ES,Federal Contract Tower,0,8,5,0,13,0,0,13,0,13,0,8,18,0,26,0,0,0,26
09/16/2021,MKL,TN,ASO,ES,Federal Contract Tower,0,9,17,4,30,0,0,17,0,17,0,9,34,4,47,40,0,40,87
09/17/2021,MKL,TN,ASO,ES,Federal Contract Tower,0,0,0,0,0,0,0,0,0,0,0,0,0,0,0,0,0,0,0
09/18/2021,MKL,TN,ASO,ES,Federal Contract Tower,0,1,3,0,4,0,0,4,0,4,0,1,7,0,8,0,0,0,8
09/19/2021,MKL,TN,ASO,ES,Federal Contract Tower,0,5,7,0,12,0,0,5,0,5,0,5,12,0,17,2,0,2,19
09/20/2021,MKL,TN,ASO,ES,Federal Contract Tower,0,7,7,1,15,0,0,23,0,23,0,7,30,1,38,0,0,0,38
09/21/2021,MKL,TN,ASO,ES,Federal Contract Tower,0,5,9,0,14,0,0,11,0,11,0,5,20,0,25,26,0,26,51
09/22/2021,MKL,TN,ASO,ES,Federal Contract Tower,0,7,14,2,23,0,0,43,0,43,0,7,57,2,66,28,0,28,94
09/23/2021,MKL,TN,ASO,ES,Federal Contract Tower,0,6,11,0,17,0,0,62,0,62,0,6,73,0,79,66,0,66,145
09/24/2021,MKL,TN,ASO,ES,Federal Contract Tower,0,9,9,0,18,0,0,93,0,93,0,9,102,0,111,60,0,60,171
09/25/2021,MKL,TN,ASO,ES,Federal Contract Tower,0,3,11,0,14,0,0,93,0,93,0,3,104,0,107,128,0,128,235
09/26/2021,MKL,TN,ASO,ES,Federal Contract Tower,0,8,9,0,17,0,0,29,0,29,0,8,38,0,46,6,0,6,52
09/27/2021,MKL,TN,ASO,ES,Federal Contract Tower,0,5,19,0,24,0,0,37,0,37,0,5,56,0,61,32,0,32,93
09/28/2021,MKL,TN,ASO,ES,Federal Contract Tower,0,6,30,0,36,0,0,68,3,71,0,6,98,3,107,36,0,36,143
09/29/2021,MKL,TN,ASO,ES,Federal Contract Tower,0,7,11,1,19,0,0,29,0,29,0,7,40,1,48,12,0,12,60
09/30/2021,MKL,TN,ASO,ES,Federal Contract Tower,0,7,10,0,17,0,0,3,0,3,0,7,13,0,20,2,0,2,22
10/01/2021,MKL,TN,ASO,ES,Federal Contract Tower,0,7,14,0,21,0,0,30,0,30,0,7,44,0,51,30,0,30,81
10/02/2021,MKL,TN,ASO,ES,Federal Contract Tower,0,0,11,0,11,0,0,1,0,1,0,0,12,0,12,0,0,0,12
10/03/2021,MKL,TN,ASO,ES,Federal Contract Tower,0,4,10,2,16,0,0,12,2,14,0,4,22,4,30,26,0,26,56
10/04/2021,MKL,TN,ASO,ES,Federal Contract Tower,0,2,7,0,9,0,0,20,8,28,0,2,27,8,37,34,0,34,71
10/05/2021,MKL,TN,ASO,ES,Federal Contract Tower,0,7,10,0,17,0,0,35,1,36,0,7,45,1,53,22,0,22,75
10/06/2021,MKL,TN,ASO,ES,Federal Contract Tower,0,4,14,3,21,0,0,48,0,48,0,4,62,3,69,8,0,8,77
10/07/2021,MKL,TN,ASO,ES,Federal Contract Tower,0,4,12,0,16,0,0,68,2,70,0,4,80,2,86,88,0,88,174
10/08/2021,MKL,TN,ASO,ES,Federal Contract Tower,0,7,11,0,18,0,0,51,0,51,0,7,62,0,69,86,0,86,155
10/09/2021,MKL,TN,ASO,ES,Federal Contract Tower,0,1,11,0,12,0,0,16,0,16,0,1,27,0,28,36,0,36,64
10/10/2021,MKL,TN,ASO,ES,Federal Contract Tower,0,5,9,0,14,0,0,16,0,16,0,5,25,0,30,8,0,8,38
10/11/2021,MKL,TN,ASO,ES,Federal Contract Tower,0,5,9,0,14,0,2,2,0,4,0,7,11,0,18,8,0,8,26
10/12/2021,MKL,TN,ASO,ES,Federal Contract Tower,0,4,22,1,27,0,0,32,1,33,0,4,54,2,60,14,0,14,74
10/13/2021,MKL,TN,ASO,ES,Federal Contract Tower,0,6,12,0,18,0,0,24,2,26,0,6,36,2,44,26,0,26,70
10/14/2021,MKL,TN,ASO,ES,Federal Contract Tower,0,7,13,0,20,0,0,57,16,73,0,7,70,16,93,13,8,21,114
10/15/2021,MKL,TN,ASO,ES,Federal Contract Tower,0,4,6,3,13,0,0,5,3,8,0,4,11,6,21,0,12,12,33
10/16/2021,MKL,TN,ASO,ES,Federal Contract Tower,0,3,9,0,12,0,0,53,19,72,0,3,62,19,84,38,0,38,122
10/17/2021,MKL,TN,ASO,ES,Federal Contract Tower,0,7,12,6,25,0,0,62,6,68,0,7,74,12,93,12,0,12,105
10/18/2021,MKL,TN,ASO,ES,Federal Contract Tower,0,4,17,0,21,0,0,63,0,63,0,4,80,0,84,56,0,56,140
10/19/2021,MKL,TN,ASO,ES,Federal Contract Tower,0,2,18,2,22,0,0,63,2,65,0,2,81,4,87,46,8,54,141
10/20/2021,MKL,TN,ASO,ES,Federal Contract Tower,0,2,16,0,18,0,0,42,4,46,0,2,58,4,64,64,0,64,128
10/21/2021,MKL,TN,ASO,ES,Federal Contract Tower,0,7,13,1,21,0,0,14,11,25,0,7,27,12,46,16,16,32,78
10/22/2021,MKL,TN,ASO,ES,Federal Contract Tower,0,3,10,0,13,0,1,26,3,30,0,4,36,3,43,24,0,24,67
10/23/2021,MKL,TN,ASO,ES,Federal Contract Tower,0,2,11,0,13,0,0,28,0,28,0,2,39,0,41,26,2,28,69
10/24/2021,MKL,TN,ASO,ES,Federal Contract Tower,0,10,9,0,19,0,0,6,0,6,0,10,15,0,25,0,0,0,25
10/25/2021,MKL,TN,ASO,ES,Federal Contract Tower,0,7,11,2,20,0,0,7,0,7,0,7,18,2,27,10,0,10,37
10/26/2021,MKL,TN,ASO,ES,Federal Contract Tower,0,0,6,6,12,0,5,14,5,24,0,5,20,11,36,30,0,30,66
10/27/2021,MKL,TN,ASO,ES,Federal Contract Tower,0,5,10,0,15,0,0,19,1,20,0,5,29,1,35,36,0,36,71
10/28/2021,MKL,TN,ASO,ES,Federal Contract Tower,0,5,16,0,21,0,0,4,1,5,0,5,20,1,26,0,4,4,30
10/29/2021,MKL,TN,ASO,ES,Federal Contract Tower,0,5,9,0,14,0,0,0,0,0,0,5,9,0,14,0,0,0,14
10/30/2021,MKL,TN,ASO,ES,Federal Contract Tower,0,1,9,0,10,0,2,0,0,2,0,3,9,0,12,0,0,0,12
10/31/2021,MKL,TN,ASO,ES,Federal Contract Tower,0,4,15,0,19,0,0,0,0,0,0,4,15,0,19,38,0,38,57
11/01/2021,MKL,TN,ASO,ES,Federal Contract Tower,0,5,8,0,13,0,0,56,0,56,0,5,64,0,69,34,0,34,103
11/02/2021,MKL,TN,ASO,ES,Federal Contract Tower,0,6,14,0,20,0,0,17,0,17,0,6,31,0,37,0,0,0,37
11/03/2021,MKL,TN,ASO,ES,Federal Contract Tower,0,5,13,0,18,0,0,16,0,16,0,5,29,0,34,0,0,0,34
11/04/2021,MKL,TN,ASO,ES,Federal Contract Tower,0,5,16,0,21,0,1,17,11,29,0,6,33,11,50,10,14,24,74
11/05/2021,MKL,TN,ASO,ES,Federal Contract Tower,0,5,14,0,19,0,0,27,8,35,0,5,41,8,54,10,18,28,82
11/06/2021,MKL,TN,ASO,ES,Federal Contract Tower,0,2,10,0,12,0,0,36,12,48,0,2,46,12,60,70,0,70,130
11/07/2021,MKL,TN,ASO,ES,Federal Contract Tower,0,4,5,0,9,0,0,32,5,37,0,4,37,5,46,38,0,38,84
11/08/2021,MKL,TN,ASO,ES,Federal Contract Tower,0,3,27,0,30,0,0,52,0,52,0,3,79,0,82,22,0,22,104
11/09/2021,MKL,TN,ASO,ES,Federal Contract Tower,0,5,18,0,23,0,0,28,9,37,0,5,46,9,60,58,4,62,122
11/10/2021,MKL,TN,ASO,ES,Federal Contract Tower,0,6,31,0,37,0,0,22,0,22,0,6,53,0,59,34,0,34,93
11/11/2021,MKL,TN,ASO,ES,Federal Contract Tower,0,4,8,0,12,0,0,9,0,9,0,4,17,0,21,0,0,0,21
11/12/2021,MKL,TN,ASO,ES,Federal Contract Tower,0,5,22,0,27,0,0,23,0,23,0,5,45,0,50,16,0,16,66
11/13/2021,MKL,TN,ASO,ES,Federal Contract Tower,0,1,8,0,9,0,0,43,0,43,0,1,51,0,52,52,0,52,104
11/14/2021,MKL,TN,ASO,ES,Federal Contract Tower,0,6,5,0,11,0,0,16,0,16,0,6,21,0,27,14,0,14,41
11/15/2021,MKL,TN,ASO,ES,Federal Contract Tower,0,4,16,1,21,0,0,23,4,27,0,4,39,5,48,42,0,42,90
11/16/2021,MKL,TN,ASO,ES,Federal Contract Tower,0,4,20,2,26,0,0,21,0,21,0,4,41,2,47,50,2,52,99
11/17/2021,MKL,TN,ASO,ES,Federal Contract Tower,0,4,14,0,18,0,0,16,0,16,0,4,30,0,34,8,0,8,42
11/18/2021,MKL,TN,ASO,ES,Federal Contract Tower,0,8,15,0,23,0,0,31,15,46,0,8,46,15,69,42,18,60,129
11/19/2021,MKL,TN,ASO,ES,Federal Contract Tower,0,9,12,0,21,0,0,46,18,64,0,9,58,18,85,50,30,80,165
11/20/2021,MKL,TN,ASO,ES,Federal Contract Tower,0,2,2,0,4,0,2,34,13,49,0,4,36,13,53,50,6,56,109
11/21/2021,MKL,TN,ASO,ES,Federal Contract Tower,0,5,6,0,11,0,0,1,4,5,0,5,7,4,16,0,0,0,16
11/22/2021,MKL,TN,ASO,ES,Federal Contract Tower,0,6,10,0,16,0,2,14,7,23,0,8,24,7,39,8,0,8,47
11/23/2021,MKL,TN,ASO,ES,Federal Contract Tower,0,5,13,0,18,0,0,22,0,22,0,5,35,0,40,10,0,10,50
11/24/2021,MKL,TN,ASO,ES,Federal Contract Tower,0,1,12,0,13,0,0,31,3,34,0,1,43,3,47,26,0,26,73
11/25/2021,MKL,TN,ASO,ES,Federal Contract Tower,0,0,2,0,2,0,0,0,0,0,0,0,2,0,2,0,0,0,2
11/26/2021,MKL,TN,ASO,ES,Federal Contract Tower,0,5,13,0,18,0,0,36,0,36,0,5,49,0,54,10,0,10,64
11/27/2021,MKL,TN,ASO,ES,Federal Contract Tower,0,6,9,0,15,0,0,10,0,10,0,6,19,0,25,28,0,28,53
11/28/2021,MKL,TN,ASO,ES,Federal Contract Tower,0,5,13,0,18,0,2,14,0,16,0,7,27,0,34,10,0,10,44
11/29/2021,MKL,TN,ASO,ES,Federal Contract Tower,0,4,6,0,10,0,0,23,0,23,0,4,29,0,33,40,0,40,73
11/30/2021,MKL,TN,ASO,ES,Federal Contract Tower,0,6,19,0,25,0,0,27,9,36,0,6,46,9,61,0,10,10,71
12/01/2021,MKL,TN,ASO,ES,Federal Contract Tower,0,4,14,0,18,0,0,17,9,26,0,4,31,9,44,0,0,0,44
12/02/2021,MKL,TN,ASO,ES,Federal Contract Tower,0,4,14,0,18,0,0,42,3,45,0,4,56,3,63,34,0,34,97
12/03/2021,MKL,TN,ASO,ES,Federal Contract Tower,0,5,27,1,33,0,0,22,6,28,0,5,49,7,61,10,10,20,81
12/04/2021,MKL,TN,ASO,ES,Federal Contract Tower,0,0,4,0,4,0,0,1,0,1,0,0,5,0,5,0,0,0,5
12/05/2021,MKL,TN,ASO,ES,Federal Contract Tower,0,4,3,0,7,0,0,1,0,1,0,4,4,0,8,0,0,0,8
12/06/2021,MKL,TN,ASO,ES,Federal Contract Tower,0,2,17,0,19,0,0,23,0,23,0,2,40,0,42,0,0,0,42
12/07/2021,MKL,TN,ASO,ES,Federal Contract Tower,0,0,19,1,20,0,0,29,9,38,0,0,48,10,58,10,8,18,76
12/08/2021,MKL,TN,ASO,ES,Federal Contract Tower,0,4,22,0,26,0,0,43,6,49,0,4,65,6,75,60,0,60,135
12/09/2021,MKL,TN,ASO,ES,Federal Contract Tower,0,7,14,0,21,0,0,9,15,24,0,7,23,15,45,8,48,56,101
12/10/2021,MKL,TN,ASO,ES,Federal Contract Tower,0,0,9,0,9,0,0,4,0,4,0,0,13,0,13,12,0,12,25
12/11/2021,MKL,TN,ASO,ES,Federal Contract Tower,0,0,6,0,6,0,0,13,2,15,0,0,19,2,21,2,0,2,23
12/12/2021,MKL,TN,ASO,ES,Federal Contract Tower,0,2,12,0,14,0,0,39,0,39,0,2,51,0,53,50,0,50,103
12/13/2021,MKL,TN,ASO,ES,Federal Contract Tower,0,5,19,2,26,0,2,48,0,50,0,7,67,2,76,74,0,74,150
12/14/2021,MKL,TN,ASO,ES,Federal Contract Tower,0,2,19,1,22,0,0,29,8,37,0,2,48,9,59,56,0,56,115
12/15/2021,MKL,TN,ASO,ES,Federal Contract Tower,0,0,13,0,13,0,0,9,7,16,0,0,22,7,29,18,10,28,57
12/16/2021,MKL,TN,ASO,ES,Federal Contract Tower,0,0,11,0,11,0,0,0,0,0,0,0,11,0,11,0,0,0,11
12/17/2021,MKL,TN,ASO,ES,Federal Contract Tower,0,0,9,1,10,0,2,1,11,14,0,2,10,12,24,0,20,20,44
12/18/2021,MKL,TN,ASO,ES,Federal Contract Tower,0,0,6,0,6,0,0,0,0,0,0,0,6,0,6,0,0,0,6
12/19/2021,MKL,TN,ASO,ES,Federal Contract Tower,0,0,10,0,10,0,0,13,11,24,0,0,23,11,34,0,20,20,54
12/20/2021,MKL,TN,ASO,ES,Federal Contract Tower,0,2,15,0,17,0,0,36,0,36,0,2,51,0,53,46,0,46,99
12/21/2021,MKL,TN,ASO,ES,Federal Contract Tower,0,2,16,1,19,0,0,26,1,27,0,2,42,2,46,42,0,42,88
12/22/2021,MKL,TN,ASO,ES,Federal Contract Tower,0,0,16,0,16,0,0,43,3,46,0,0,59,3,62,36,0,36,98
12/23/2021,MKL,TN,ASO,ES,Federal Contract Tower,0,2,15,0,17,0,0,15,0,15,0,2,30,0,32,42,0,42,74
12/24/2021,MKL,TN,ASO,ES,Federal Contract Tower,0,2,5,0,7,0,0,1,0,1,0,2,6,0,8,0,0,0,8
12/25/2021,MKL,TN,ASO,ES,Federal Contract Tower,0,0,0,0,0,0,0,6,0,6,0,0,6,0,6,0,0,0,6
12/26/2021,MKL,TN,ASO,ES,Federal Contract Tower,0,3,6,0,9,0,0,0,0,0,0,3,6,0,9,0,0,0,9
12/27/2021,MKL,TN,ASO,ES,Federal Contract Tower,0,2,8,0,10,0,0,5,0,5,0,2,13,0,15,0,0,0,15
12/28/2021,MKL,TN,ASO,ES,Federal Contract Tower,0,2,7,0,9,0,0,6,0,6,0,2,13,0,15,4,0,4,19
12/29/2021,MKL,TN,ASO,ES,Federal Contract Tower,0,0,3,0,3,0,0,7,0,7,0,0,10,0,10,0,0,0,10
12/30/2021,MKL,TN,ASO,ES,Federal Contract Tower,0,1,16,0,17,0,0,11,2,13,0,1,27,2,30,14,0,14,44
12/31/2021,MKL,TN,ASO,ES,Federal Contract Tower,0,2,3,0,5,0,0,3,0,3,0,2,6,0,8,0,0,0,8
01/01/2022,MKL,TN,ASO,ES,Federal Contract Tower,0,2,2,0,4,0,0,2,0,2,0,2,4,0,6,0,0,0,6
01/02/2022,MKL,TN,ASO,ES,Federal Contract Tower,0,0,2,0,2,0,0,0,0,0,0,0,2,0,2,0,0,0,2
01/03/2022,MKL,TN,ASO,ES,Federal Contract Tower,0,2,12,0,14,0,0,8,0,8,0,2,20,0,22,0,0,0,22
01/04/2022,MKL,TN,ASO,ES,Federal Contract Tower,0,0,10,0,10,0,0,8,9,17,0,0,18,9,27,20,0,20,47
01/05/2022,MKL,TN,ASO,ES,Federal Contract Tower,0,4,21,0,25,0,0,17,4,21,0,4,38,4,46,28,0,28,74
01/06/2022,MKL,TN,ASO,ES,Federal Contract Tower,0,0,0,0,0,0,0,0,0,0,0,0,0,0,0,0,0,0,0
01/07/2022,MKL,TN,ASO,ES,Federal Contract Tower,0,2,6,0,8,0,2,0,0,2,0,4,6,0,10,0,0,0,10
01/08/2022,MKL,TN,ASO,ES,Federal Contract Tower,0,2,8,2,12,0,0,20,15,35,0,2,28,17,47,12,2,14,61
01/09/2022,MKL,TN,ASO,ES,Federal Contract Tower,0,2,4,1,7,0,0,0,0,0,0,2,4,1,7,0,0,0,7
01/10/2022,MKL,TN,ASO,ES,Federal Contract Tower,0,4,16,0,20,0,0,22,0,22,0,4,38,0,42,0,0,0,42
01/11/2022,MKL,TN,ASO,ES,Federal Contract Tower,0,2,17,0,19,0,0,45,3,48,0,2,62,3,67,40,4,44,111
01/12/2022,MKL,TN,ASO,ES,Federal Contract Tower,0,2,10,1,13,0,0,31,2,33,0,2,41,3,46,42,4,46,92
01/13/2022,MKL,TN,ASO,ES,Federal Contract Tower,0,4,9,0,13,0,0,23,10,33,0,4,32,10,46,34,10,44,90
01/14/2022,MKL,TN,ASO,ES,Federal Contract Tower,0,2,16,2,20,0,0,27,2,29,0,2,43,4,49,8,0,8,57
01/15/2022,MKL,TN,ASO,ES,Federal Contract Tower,0,0,5,0,5,0,0,3,0,3,0,0,8,0,8,0,0,0,8
01/16/2022,MKL,TN,ASO,ES,Federal Contract Tower,0,2,0,0,2,0,0,0,0,0,0,2,0,0,2,0,0,0,2
01/17/2022,MKL,TN,ASO,ES,Federal Contract Tower,0,1,5,0,6,0,0,4,8,12,0,1,9,8,18,18,0,18,36
01/18/2022,MKL,TN,ASO,ES,Federal Contract Tower,0,2,16,0,18,0,0,27,2,29,0,2,43,2,47,16,0,16,63
01/19/2022,MKL,TN,ASO,ES,Federal Contract Tower,0,2,3,0,5,0,0,1,0,1,0,2,4,0,6,14,0,14,20
01/20/2022,MKL,TN,ASO,ES,Federal Contract Tower,0,2,13,1,16,0,0,13,9,22,0,2,26,10,38,0,26,26,64
01/21/2022,MKL,TN,ASO,ES,Federal Contract Tower,0,2,8,2,12,0,0,15,18,33,0,2,23,20,45,0,10,10,55
01/22/2022,MKL,TN,ASO,ES,Federal Contract Tower,0,2,5,2,9,0,2,34,8,44,0,4,39,10,53,74,12,86,139
01/23/2022,MKL,TN,ASO,ES,Federal Contract Tower,0,1,16,2,19,0,1,15,10,26,0,2,31,12,45,14,22,36,81
01/24/2022,MKL,TN,ASO,ES,Federal Contract Tower,0,2,14,0,16,0,0,24,0,24,0,2,38,0,40,10,0,10,50
01/25/2022,MKL,TN,ASO,ES,Federal Contract Tower,0,2,19,0,21,0,0,25,4,29,0,2,44,4,50,34,0,34,84
01/26/2022,MKL,TN,ASO,ES,Federal Contract Tower,0,0,15,0,15,0,0,25,2,27,0,0,40,2,42,36,0,36,78
01/27/2022,MKL,TN,ASO,ES,Federal Contract Tower,0,1,17,1,19,0,0,42,11,53,0,1,59,12,72,0,20,20,92
01/28/2022,MKL,TN,ASO,ES,Federal Contract Tower,0,9,0,0,9,0,1,16,2,19,0,10,16,2,28,12,10,22,50
01/29/2022,MKL,TN,ASO,ES,Federal Contract Tower,0,0,20,0,20,0,0,42,0,42,0,0,62,0,62,20,0,20,82
01/30/2022,MKL,TN,ASO,ES,Federal Contract Tower,0,2,13,0,15,0,0,28,0,28,0,2,41,0,43,26,0,26,69
01/31/2022,MKL,TN,ASO,ES,Federal Contract Tower,0,2,13,1,16,0,0,36,0,36,0,2,49,1,52,28,0,28,80
02/01/2022,MKL,TN,ASO,ES,Federal Contract Tower,0,4,4,0,8,0,0,10,0,10,0,4,14,0,18,0,0,0,18
02/02/2022,MKL,TN,ASO,ES,Federal Contract Tower,0,4,3,0,7,0,0,0,0,0,0,4,3,0,7,0,0,0,7
02/03/2022,MKL,TN,ASO,ES,Federal Contract Tower,0,0,0,0,0,0,0,0,0,0,0,0,0,0,0,0,0,0,0
02/04/2022,MKL,TN,ASO,ES,Federal Contract Tower,0,2,4,0,6,0,0,2,14,16,0,2,6,14,22,0,34,34,56
02/05/2022,MKL,TN,ASO,ES,Federal Contract Tower,0,2,9,0,11,0,0,27,2,29,0,2,36,2,40,28,4,32,72
02/06/2022,MKL,TN,ASO,ES,Federal Contract Tower,0,2,9,0,11,0,0,24,12,36,0,2,33,12,47,16,90,106,153
02/07/2022,MKL,TN,ASO,ES,Federal Contract Tower,0,4,14,0,18,0,0,28,30,58,0,4,42,30,76,48,0,48,124
02/08/2022,MKL,TN,ASO,ES,Federal Contract Tower,0,7,11,0,18,0,0,25,4,29,0,7,36,4,47,14,0,14,61
02/09/2022,MKL,TN,ASO,ES,Federal Contract Tower,0,4,12,0,16,0,0,24,0,24,0,4,36,0,40,4,0,4,44
02/10/2022,MKL,TN,ASO,ES,Federal Contract Tower,0,4,9,0,13,0,0,47,6,53,0,4,56,6,66,32,0,32,98
02/11/2022,MKL,TN,ASO,ES,Federal Contract Tower,0,4,8,0,12,0,0,13,4,17,0,4,21,4,29,4,0,4,33
02/12/2022,MKL,TN,ASO,ES,Federal Contract Tower,0,4,4,0,8,0,0,7,0,7,0,4,11,0,15,0,0,0,15
02/13/2022,MKL,TN,ASO,ES,Federal Contract Tower,0,4,16,0,20,0,0,26,0,26,0,4,42,0,46,26,0,26,72
02/14/2022,MKL,TN,ASO,ES,Federal Contract Tower,0,4,13,0,17,0,0,30,0,30,0,4,43,0,47,20,0,20,67
02/15/2022,MKL,TN,ASO,ES,Federal Contract Tower,0,4,23,1,28,0,0,25,10,35,0,4,48,11,63,28,0,28,91
02/16/2022,MKL,TN,ASO,ES,Federal Contract Tower,0,4,4,1,9,0,0,8,2,10,0,4,12,3,19,0,0,0,19
02/17/2022,MKL,TN,ASO,ES,Federal Contract Tower,0,5,4,0,9,0,0,0,0,0,0,5,4,0,9,0,0,0,9
02/18/2022,MKL,TN,ASO,ES,Federal Contract Tower,0,2,32,0,34,0,2,46,7,55,0,4,78,7,89,54,28,82,171
02/19/2022,MKL,TN,ASO,ES,Federal Contract Tower,0,5,24,2,31,0,0,47,9,56,0,5,71,11,87,58,0,58,145
02/20/2022,MKL,TN,ASO,ES,Federal Contract Tower,0,4,10,0,14,0,2,33,4,39,0,6,43,4,53,10,0,10,63
02/21/2022,MKL,TN,ASO,ES,Federal Contract Tower,0,8,15,0,23,0,0,4,0,4,0,8,19,0,27,0,0,0,27
02/22/2022,MKL,TN,ASO,ES,Federal Contract Tower,0,2,2,0,4,0,0,0,0,0,0,2,2,0,4,0,0,0,4
02/23/2022,MKL,TN,ASO,ES,Federal Contract Tower,0,4,6,0,10,0,0,1,5,6,0,4,7,5,16,0,16,16,32
02/24/2022,MKL,TN,ASO,ES,Federal Contract Tower,0,2,5,0,7,0,0,0,0,0,0,2,5,0,7,0,0,0,7
02/25/2022,MKL,TN,ASO,ES,Federal Contract Tower,0,2,19,2,23,0,0,10,10,20,0,2,29,12,43,34,4,38,81
02/26/2022,MKL,TN,ASO,ES,Federal Contract Tower,0,0,10,1,11,0,0,19,9,28,0,0,29,10,39,32,20,52,91
02/27/2022,MKL,TN,ASO,ES,Federal Contract Tower,0,10,11,0,21,0,0,29,6,35,0,10,40,6,56,16,0,16,72
02/28/2022,MKL,TN,ASO,ES,Federal Contract Tower,0,2,9,0,11,0,0,29,0,29,0,2,38,0,40,26,0,26,66
03/01/2022,MKL,TN,ASO,ES,Federal Contract Tower,0,7,23,0,30,0,0,30,2,32,0,7,53,2,62,38,0,38,100
03/02/2022,MKL,TN,ASO,ES,Federal Contract Tower,0,5,13,1,19,0,0,20,23,43,0,5,33,24,62,32,12,44,106
03/03/2022,MKL,TN,ASO,ES,Federal Contract Tower,0,5,15,1,21,0,0,54,29,83,0,5,69,30,104,60,8,68,172
03/04/2022,MKL,TN,ASO,ES,Federal Contract Tower,0,4,11,0,15,0,0,55,0,55,0,4,66,0,70,40,0,40,110
03/05/2022,MKL,TN,ASO,ES,Federal Contract Tower,0,5,6,0,11,0,0,19,12,31,0,5,25,12,42,8,0,8,50
03/06/2022,MKL,TN,ASO,ES,Federal Contract Tower,0,4,9,0,13,0,0,5,0,5,0,4,14,0,18,0,0,0,18
03/07/2022,MKL,TN,ASO,ES,Federal Contract Tower,0,5,8,0,13,0,0,8,0,8,0,5,16,0,21,12,0,12,33
03/08/2022,MKL,TN,ASO,ES,Federal Contract Tower,0,5,8,0,13,0,0,6,4,10,0,5,14,4,23,14,4,18,41
03/09/2022,MKL,TN,ASO,ES,Federal Contract Tower,0,9,14,0,23,0,0,31,6,37,0,9,45,6,60,0,2,2,62
03/10/2022,MKL,TN,ASO,ES,Federal Contract Tower,0,5,17,1,23,0,1,45,20,66,0,6,62,21,89,32,40,72,161
03/11/2022,MKL,TN,ASO,ES,Federal Contract Tower,0,5,17,0,22,0,0,20,5,25,0,5,37,5,47,6,20,26,73
03/12/2022,MKL,TN,ASO,ES,Federal Contract Tower,0,6,8,0,14,0,0,7,0,7,0,6,15,0,21,0,0,0,21
03/13/2022,MKL,TN,ASO,ES,Federal Contract Tower,0,7,10,0,17,0,0,16,0,16,0,7,26,0,33,0,0,0,33
03/14/2022,MKL,TN,ASO,ES,Federal Contract Tower,0,7,8,3,18,0,0,17,9,26,0,7,25,12,44,0,30,30,74
03/15/2022,MKL,TN,ASO,ES,Federal Contract Tower,0,5,18,0,23,0,0,16,10,26,0,5,34,10,49,6,40,46,95
03/16/2022,MKL,TN,ASO,ES,Federal Contract Tower,0,5,12,0,17,0,0,12,9,21,0,5,24,9,38,14,32,46,84
03/17/2022,MKL,TN,ASO,ES,Federal Contract Tower,0,5,20,1,26,0,0,39,15,54,0,5,59,16,80,26,16,42,122
03/18/2022,MKL,TN,ASO,ES,Federal Contract Tower,0,3,16,2,21,0,0,10,9,19,0,3,26,11,40,2,0,2,42
03/19/2022,MKL,TN,ASO,ES,Federal Contract Tower,0,3,17,1,21,0,0,10,7,17,0,3,27,8,38,4,0,4,42
03/20/2022,MKL,TN,ASO,ES,Federal Contract Tower,0,6,10,0,16,0,0,98,4,102,0,6,108,4,118,60,0,60,178
03/21/2022,MKL,TN,ASO,ES,Federal Contract Tower,0,7,14,0,21,0,0,29,0,29,0,7,43,0,50,16,0,16,66
03/22/2022,MKL,TN,ASO,ES,Federal Contract Tower,0,2,7,0,9,0,0,0,0,0,0,2,7,0,9,0,0,0,9
03/23/2022,MKL,TN,ASO,ES,Federal Contract Tower,0,6,19,0,25,0,2,0,9,11,0,8,19,9,36,0,18,18,54
03/24/2022,MKL,TN,ASO,ES,Federal Contract Tower,0,5,10,0,15,0,0,24,3,27,0,5,34,3,42,2,0,2,44
03/25/2022,MKL,TN,ASO,ES,Federal Contract Tower,0,5,6,0,11,0,0,8,7,15,0,5,14,7,26,0,0,0,26
03/26/2022,MKL,TN,ASO,ES,Federal Contract Tower,0,2,14,0,16,0,0,22,0,22,0,2,36,0,38,6,0,6,44
03/27/2022,MKL,TN,ASO,ES,Federal Contract Tower,0,6,6,0,12,0,1,62,0,63,0,7,68,0,75,34,0,34,109
03/28/2022,MKL,TN,ASO,ES,Federal Contract Tower,0,2,13,0,15,0,0,32,2,34,0,2,45,2,49,36,8,44,93
03/29/2022,MKL,TN,ASO,ES,Federal Contract Tower,0,8,17,5,30,0,1,12,7,20,0,9,29,12,50,0,16,16,66
03/30/2022,MKL,TN,ASO,ES,Federal Contract Tower,0,4,1,0,5,0,0,0,0,0,0,4,1,0,5,0,0,0,5
03/31/2022,MKL,TN,ASO,ES,Federal Contract Tower,0,9,8,0,17,0,0,31,2,33,0,9,39,2,50,0,0,0,50
04/01/2022,MKL,TN,ASO,ES,Federal Contract Tower,0,6,13,0,19,0,0,40,2,42,0,6,53,2,61,8,0,8,69
04/02/2022,MKL,TN,ASO,ES,Federal Contract Tower,0,3,9,0,12,0,0,15,7,22,0,3,24,7,34,8,4,12,46
04/03/2022,MKL,TN,ASO,ES,Federal Contract Tower,0,7,9,0,16,0,0,39,0,39,0,7,48,0,55,20,0,20,75
04/04/2022,MKL,TN,ASO,ES,Federal Contract Tower,0,3,8,0,11,0,0,22,0,22,0,3,30,0,33,6,0,6,39
04/05/2022,MKL,TN,ASO,ES,Federal Contract Tower,0,1,9,0,10,0,0,7,3,10,0,1,16,3,20,8,8,16,36
04/06/2022,MKL,TN,ASO,ES,Federal Contract Tower,0,5,23,0,28,0,0,8,0,8,0,5,31,0,36,0,0,0,36
04/07/2022,MKL,TN,ASO,ES,Federal Contract Tower,0,3,13,1,17,0,0,28,12,40,0,3,41,13,57,12,12,24,81
04/08/2022,MKL,TN,ASO,ES,Federal Contract Tower,0,5,11,0,16,0,0,6,9,15,0,5,17,9,31,0,4,4,35
04/09/2022,MKL,TN,ASO,ES,Federal Contract Tower,0,4,6,0,10,0,2,31,8,41,0,6,37,8,51,44,0,44,95
04/10/2022,MKL,TN,ASO,ES,Federal Contract Tower,0,5,16,0,21,0,0,25,0,25,0,5,41,0,46,8,0,8,54
04/11/2022,MKL,TN,ASO,ES,Federal Contract Tower,0,4,7,0,11,0,0,4,0,4,0,4,11,0,15,0,0,0,15
04/12/2022,MKL,TN,ASO,ES,Federal Contract Tower,0,6,18,1,25,0,0,17,0,17,0,6,35,1,42,0,0,0,42
04/13/2022,MKL,TN,ASO,ES,Federal Contract Tower,0,3,5,2,10,0,0,2,1,3,0,3,7,3,13,0,4,4,17
04/14/2022,MKL,TN,ASO,ES,Federal Contract Tower,0,4,25,1,30,0,0,41,8,49,0,4,66,9,79,8,0,8,87
04/15/2022,MKL,TN,ASO,ES,Federal Contract Tower,0,5,19,0,24,0,0,18,0,18,0,5,37,0,42,18,0,18,60
04/16/2022,MKL,TN,ASO,ES,Federal Contract Tower,0,3,8,0,11,0,0,0,0,0,0,3,8,0,11,0,0,0,11
04/17/2022,MKL,TN,ASO,ES,Federal Contract Tower,0,5,6,0,11,0,0,2,0,2,0,5,8,0,13,0,0,0,13
04/18/2022,MKL,TN,ASO,ES,Federal Contract Tower,0,6,28,0,34,0,0,13,0,13,0,6,41,0,47,0,0,0,47
04/19/2022,MKL,TN,ASO,ES,Federal Contract Tower,0,6,12,0,18,0,0,75,0,75,0,6,87,0,93,114,0,114,207
04/20/2022,MKL,TN,ASO,ES,Federal Contract Tower,0,5,14,0,19,0,0,18,0,18,0,5,32,0,37,0,0,0,37
04/21/2022,MKL,TN,ASO,ES,Federal Contract Tower,0,6,15,0,21,0,0,6,9,15,0,6,21,9,36,0,18,18,54
04/22/2022,MKL,TN,ASO,ES,Federal Contract Tower,0,7,16,0,23,0,0,37,11,48,0,7,53,11,71,64,0,64,135
04/23/2022,MKL,TN,ASO,ES,Federal Contract Tower,0,2,6,8,16,0,2,9,11,22,0,4,15,19,38,4,22,26,64
04/24/2022,MKL,TN,ASO,ES,Federal Contract Tower,0,5,9,2,16,0,0,7,11,18,0,5,16,13,34,8,12,20,54
04/25/2022,MKL,TN,ASO,ES,Federal Contract Tower,0,5,13,0,18,0,0,2,0,2,0,5,15,0,20,0,0,0,20
04/26/2022,MKL,TN,ASO,ES,Federal Contract Tower,0,5,14,0,19,0,0,23,0,23,0,5,37,0,42,26,0,26,68
04/27/2022,MKL,TN,ASO,ES,Federal Contract Tower,0,7,23,0,30,0,0,78,6,84,0,7,101,6,114,36,0,36,150
04/28/2022,MKL,TN,ASO,ES,Federal Contract Tower,0,4,20,0,24,0,0,47,1,48,0,4,67,1,72,2,0,2,74
04/29/2022,MKL,TN,ASO,ES,Federal Contract Tower,0,4,28,0,32,0,2,38,15,55,0,6,66,15,87,26,0,26,113
04/30/2022,MKL,TN,ASO,ES,Federal Contract Tower,0,3,6,0,9,0,2,7,0,9,0,5,13,0,18,0,0,0,18
05/01/2022,MKL,TN,ASO,ES,Federal Contract Tower,0,7,11,0,18,0,2,29,0,31,0,9,40,0,49,10,0,10,59
05/02/2022,MKL,TN,ASO,ES,Federal Contract Tower,0,7,8,0,15,0,0,27,0,27,0,7,35,0,42,28,0,28,70
05/03/2022,MKL,TN,ASO,ES,Federal Contract Tower,0,7,11,0,18,0,0,14,8,22,0,7,25,8,40,4,4,8,48
05/04/2022,MKL,TN,ASO,ES,Federal Contract Tower,0,5,22,0,27,0,0,46,6,52,0,5,68,6,79,8,0,8,87
05/05/2022,MKL,TN,ASO,ES,Federal Contract Tower,0,2,13,0,15,0,0,23,0,23,0,2,36,0,38,22,0,22,60
05/06/2022,MKL,TN,ASO,ES,Federal Contract Tower,0,4,9,0,13,0,0,6,10,16,0,4,15,10,29,0,14,14,43
05/07/2022,MKL,TN,ASO,ES,Federal Contract Tower,0,2,17,0,19,0,0,19,3,22,0,2,36,3,41,6,0,6,47
05/08/2022,MKL,TN,ASO,ES,Federal Contract Tower,0,6,14,0,20,0,0,16,2,18,0,6,30,2,38,0,0,0,38
05/09/2022,MKL,TN,ASO,ES,Federal Contract Tower,0,4,10,2,16,0,1,32,4,37,0,5,42,6,53,2,4,6,59
05/10/2022,MKL,TN,ASO,ES,Federal Contract Tower,0,6,9,0,15,0,1,31,4,36,0,7,40,4,51,50,4,54,105
05/11/2022,MKL,TN,ASO,ES,Federal Contract Tower,0,8,10,0,18,0,1,26,3,30,0,9,36,3,48,14,0,14,62
05/12/2022,MKL,TN,ASO,ES,Federal Contract Tower,0,7,7,0,14,0,0,16,7,23,0,7,23,7,37,36,10,46,83
05/13/2022,MKL,TN,ASO,ES,Federal Contract Tower,0,5,20,0,25,0,0,19,8,27,0,5,39,8,52,8,0,8,60
05/14/2022,MKL,TN,ASO,ES,Federal Contract Tower,0,1,6,0,7,0,0,8,0,8,0,1,14,0,15,14,0,14,29
05/15/2022,MKL,TN,ASO,ES,Federal Contract Tower,0,8,12,0,20,0,0,17,0,17,0,8,29,0,37,22,0,22,59
05/16/2022,MKL,TN,ASO,ES,Federal Contract Tower,0,7,15,0,22,0,0,35,0,35,0,7,50,0,57,42,0,42,99
05/17/2022,MKL,TN,ASO,ES,Federal Contract Tower,0,5,13,0,18,0,0,24,4,28,0,5,37,4,46,14,0,14,60
05/18/2022,MKL,TN,ASO,ES,Federal Contract Tower,0,4,14,0,18,0,0,27,0,27,0,4,41,0,45,44,0,44,89
05/19/2022,MKL,TN,ASO,ES,Federal Contract Tower,0,5,20,3,28,0,0,43,5,48,0,5,63,8,76,18,4,22,98
05/20/2022,MKL,TN,ASO,ES,Federal Contract Tower,0,5,14,2,21,0,2,13,7,22,0,7,27,9,43,0,14,14,57
05/21/2022,MKL,TN,ASO,ES,Federal Contract Tower,0,2,11,0,13,0,0,8,4,12,0,2,19,4,25,0,10,10,35
05/22/2022,MKL,TN,ASO,ES,Federal Contract Tower,0,6,12,2,20,0,0,0,0,0,0,6,12,2,20,0,0,0,20
05/23/2022,MKL,TN,ASO,ES,Federal Contract Tower,0,4,16,0,20,0,0,48,0,48,0,4,64,0,68,10,0,10,78
05/24/2022,MKL,TN,ASO,ES,Federal Contract Tower,0,5,17,4,26,0,0,23,2,25,0,5,40,6,51,6,8,14,65
05/25/2022,MKL,TN,ASO,ES,Federal Contract Tower,0,5,7,0,12,0,0,0,0,0,0,5,7,0,12,0,0,0,12
05/26/2022,MKL,TN,ASO,ES,Federal Contract Tower,0,4,15,3,22,0,0,12,5,17,0,4,27,8,39,0,0,0,39
05/27/2022,MKL,TN,ASO,ES,Federal Contract Tower,0,7,23,0,30,0,0,10,0,10,0,7,33,0,40,6,0,6,46
05/28/2022,MKL,TN,ASO,ES,Federal Contract Tower,0,5,7,0,12,0,0,30,0,30,0,5,37,0,42,52,0,52,94
05/29/2022,MKL,TN,ASO,ES,Federal Contract Tower,0,4,3,0,7,0,0,10,0,10,0,4,13,0,17,4,0,4,21
05/30/2022,MKL,TN,ASO,ES,Federal Contract Tower,0,4,16,0,20,0,0,28,6,34,0,4,44,6,54,30,0,30,84
05/31/2022,MKL,TN,ASO,ES,Federal Contract Tower,0,4,24,0,28,0,0,40,0,40,0,4,64,0,68,22,0,22,90
06/01/2022,MKL,TN,ASO,ES,Federal Contract Tower,0,3,12,0,15,0,0,39,0,39,0,3,51,0,54,28,0,28,82
06/02/2022,MKL,TN,ASO,ES,Federal Contract Tower,0,7,20,0,27,0,0,4,0,4,0,7,24,0,31,0,0,0,31
06/03/2022,MKL,TN,ASO,ES,Federal Contract Tower,0,9,14,2,25,0,1,57,5,63,0,10,71,7,88,52,0,52,140
06/04/2022,MKL,TN,ASO,ES,Federal Contract Tower,0,5,10,0,15,0,0,39,5,44,0,5,49,5,59,12,0,12,71
06/05/2022,MKL,TN,ASO,ES,Federal Contract Tower,0,7,11,0,18,0,1,24,0,25,0,8,35,0,43,26,0,26,69
06/06/2022,MKL,TN,ASO,ES,Federal Contract Tower,0,4,8,0,12,0,0,6,0,6,0,4,14,0,18,10,0,10,28
06/07/2022,MKL,TN,ASO,ES,Federal Contract Tower,0,3,8,0,11,0,0,10,0,10,0,3,18,0,21,12,0,12,33
06/08/2022,MKL,TN,ASO,ES,Federal Contract Tower,0,7,10,0,17,0,0,1,0,1,0,7,11,0,18,0,0,0,18
06/09/2022,MKL,TN,ASO,ES,Federal Contract Tower,0,4,17,0,21,0,0,44,11,55,0,4,61,11,76,38,24,62,138
06/10/2022,MKL,TN,ASO,ES,Federal Contract Tower,0,4,10,2,16,0,0,37,7,44,0,4,47,9,60,72,4,76,136
06/11/2022,MKL,TN,ASO,ES,Federal Contract Tower,0,3,11,0,14,0,0,43,32,75,0,3,54,32,89,36,0,36,125
06/12/2022,MKL,TN,ASO,ES,Federal Contract Tower,0,4,10,0,14,0,0,19,0,19,0,4,29,0,33,2,0,2,35
06/13/2022,MKL,TN,ASO,ES,Federal Contract Tower,0,2,32,0,34,0,0,28,8,36,0,2,60,8,70,52,0,52,122
06/14/2022,MKL,TN,ASO,ES,Federal Contract Tower,0,3,23,1,27,0,0,41,3,44,0,3,64,4,71,36,10,46,117
06/15/2022,MKL,TN,ASO,ES,Federal Contract Tower,0,3,20,4,27,0,0,35,5,40,0,3,55,9,67,52,6,58,125
06/16/2022,MKL,TN,ASO,ES,Federal Contract Tower,0,4,15,0,19,0,2,30,5,37,0,6,45,5,56,42,0,42,98
06/17/2022,MKL,TN,ASO,ES,Federal Contract Tower,0,4,8,2,14,0,0,18,4,22,0,4,26,6,36,46,0,46,82
06/18/2022,MKL,TN,ASO,ES,Federal Contract Tower,0,3,4,0,7,0,0,18,0,18,0,3,22,0,25,24,0,24,49
06/19/2022,MKL,TN,ASO,ES,Federal Contract Tower,0,6,3,0,9,0,0,22,0,22,0,6,25,0,31,0,4,4,35
06/20/2022,MKL,TN,ASO,ES,Federal Contract Tower,0,4,7,0,11,0,0,53,0,53,0,4,60,0,64,32,0,32,96
06/21/2022,MKL,TN,ASO,ES,Federal Contract Tower,0,3,15,0,18,0,1,57,5,63,0,4,72,5,81,104,6,110,191
06/22/2022,MKL,TN,ASO,ES,Federal Contract Tower,0,3,19,0,22,0,0,87,2,89,0,3,106,2,111,120,0,120,231
06/23/2022,MKL,TN,ASO,ES,Federal Contract Tower,0,4,17,0,21,0,0,43,5,48,0,4,60,5,69,84,10,94,163
06/24/2022,MKL,TN,ASO,ES,Federal Contract Tower,0,4,14,0,18,0,0,33,7,40,0,4,47,7,58,32,52,84,142
06/25/2022,MKL,TN,ASO,ES,Federal Contract Tower,0,3,8,0,11,0,0,19,4,23,0,3,27,4,34,32,0,32,66
06/26/2022,MKL,TN,ASO,ES,Federal Contract Tower,0,3,11,0,14,0,0,9,4,13,0,3,20,4,27,2,0,2,29
06/27/2022,MKL,TN,ASO,ES,Federal Contract Tower,0,11,15,0,26,0,0,51,0,51,0,11,66,0,77,4,0,4,81
06/28/2022,MKL,TN,ASO,ES,Federal Contract Tower,0,3,21,0,24,0,0,58,3,61,0,3,79,3,85,60,4,64,149
06/29/2022,MKL,TN,ASO,ES,Federal Contract Tower,0,5,14,0,19,0,0,49,2,51,0,5,63,2,70,38,0,38,108
06/30/2022,MKL,TN,ASO,ES,Federal Contract Tower,0,6,14,0,20,0,0,46,5,51,0,6,60,5,71,14,0,14,85
07/01/2022,MKL,TN,ASO,ES,Federal Contract Tower,0,8,14,0,22,0,0,63,0,63,0,8,77,0,85,16,0,16,101
07/02/2022,MKL,TN,ASO,ES,Federal Contract Tower,0,3,8,0,11,0,0,26,0,26,0,3,34,0,37,30,0,30,67
07/03/2022,MKL,TN,ASO,ES,Federal Contract Tower,0,7,7,0,14,0,0,13,0,13,0,7,20,0,27,6,0,6,33
07/04/2022,MKL,TN,ASO,ES,Federal Contract Tower,0,6,6,0,12,0,0,12,0,12,0,6,18,0,24,0,0,0,24
07/05/2022,MKL,TN,ASO,ES,Federal Contract Tower,0,4,13,1,18,0,1,35,6,42,0,5,48,7,60,36,0,36,96
07/06/2022,MKL,TN,ASO,ES,Federal Contract Tower,0,2,4,0,6,0,0,40,5,45,0,2,44,5,51,30,10,40,91
07/07/2022,MKL,TN,ASO,ES,Federal Contract Tower,0,6,20,0,26,0,0,35,11,46,0,6,55,11,72,10,14,24,96
07/08/2022,MKL,TN,ASO,ES,Federal Contract Tower,0,6,6,0,12,0,0,79,7,86,0,6,85,7,98,6,44,50,148
07/09/2022,MKL,TN,ASO,ES,Federal Contract Tower,0,2,3,0,5,0,0,30,0,30,0,2,33,0,35,4,0,4,39
07/10/2022,MKL,TN,ASO,ES,Federal Contract Tower,0,6,13,0,19,0,0,10,0,10,0,6,23,0,29,16,0,16,45
07/11/2022,MKL,TN,ASO,ES,Federal Contract Tower,0,4,14,1,19,0,0,55,0,55,0,4,69,1,74,74,0,74,148
07/12/2022,MKL,TN,ASO,ES,Federal Contract Tower,0,5,8,5,18,0,0,26,11,37,0,5,34,16,55,54,18,72,127
07/13/2022,MKL,TN,ASO,ES,Federal Contract Tower,0,3,14,0,17,0,0,57,10,67,0,3,71,10,84,76,0,76,160
07/14/2022,MKL,TN,ASO,ES,Federal Contract Tower,0,4,10,0,14,0,0,76,4,80,0,4,86,4,94,94,0,94,188
07/15/2022,MKL,TN,ASO,ES,Federal Contract Tower,0,4,15,0,19,0,0,67,7,74,0,4,82,7,93,44,16,60,153
07/16/2022,MKL,TN,ASO,ES,Federal Contract Tower,0,4,5,2,11,0,0,42,6,48,0,4,47,8,59,66,14,80,139
07/17/2022,MKL,TN,ASO,ES,Federal Contract Tower,0,6,8,5,19,0,0,17,6,23,0,6,25,11,42,38,8,46,88
07/18/2022,MKL,TN,ASO,ES,Federal Contract Tower,0,3,10,0,13,0,0,26,0,26,0,3,36,0,39,100,0,100,139
07/19/2022,MKL,TN,ASO,ES,Federal Contract Tower,0,3,10,1,14,0,0,30,2,32,0,3,40,3,46,74,8,82,128
07/20/2022,MKL,TN,ASO,ES,Federal Contract Tower,0,3,21,1,25,0,0,22,8,30,0,3,43,9,55,14,18,32,87
07/21/2022,MKL,TN,ASO,ES,Federal Contract Tower,0,3,10,0,13,0,0,30,9,39,0,3,40,9,52,70,14,84,136
07/22/2022,MKL,TN,ASO,ES,Federal Contract Tower,0,4,15,0,19,0,0,62,5,67,0,4,77,5,86,76,6,82,168
07/23/2022,MKL,TN,ASO,ES,Federal Contract Tower,0,3,6,0,9,0,0,43,0,43,0,3,49,0,52,20,0,20,72
07/24/2022,MKL,TN,ASO,ES,Federal Contract Tower,0,6,18,0,24,0,2,21,0,23,0,8,39,0,47,12,0,12,59
07/25/2022,MKL,TN,ASO,ES,Federal Contract Tower,0,7,11,0,18,0,0,45,6,51,0,7,56,6,69,62,0,62,131
07/26/2022,MKL,TN,ASO,ES,Federal Contract Tower,0,6,25,1,32,0,0,22,8,30,0,6,47,9,62,12,4,16,78
07/27/2022,MKL,TN,ASO,ES,Federal Contract Tower,0,6,17,0,23,0,0,35,4,39,0,6,52,4,62,62,0,62,124
07/28/2022,MKL,TN,ASO,ES,Federal Contract Tower,0,7,11,0,18,0,0,21,1,22,0,7,32,1,40,16,0,16,56
07/29/2022,MKL,TN,ASO,ES,Federal Contract Tower,0,6,21,1,28,0,0,12,0,12,0,6,33,1,40,36,0,36,76
07/30/2022,MKL,TN,ASO,ES,Federal Contract Tower,0,3,5,2,10,0,0,28,0,28,0,3,33,2,38,48,0,48,86
07/31/2022,MKL,TN,ASO,ES,Federal Contract Tower,0,7,4,0,11,0,0,0,0,0,0,7,4,0,11,0,0,0,11
08/01/2022,MKL,TN,ASO,ES,Federal Contract Tower,0,3,15,0,18,0,0,25,0,25,0,3,40,0,43,100,0,100,143
08/02/2022,MKL,TN,ASO,ES,Federal Contract Tower,0,5,19,0,24,0,0,44,7,51,0,5,63,7,75,52,0,52,127
08/03/2022,MKL,TN,ASO,ES,Federal Contract Tower,0,5,25,1,31,0,0,49,1,50,0,5,74,2,81,132,2,134,215
08/04/2022,MKL,TN,ASO,ES,Federal Contract Tower,0,6,32,0,38,0,0,27,0,27,0,6,59,0,65,70,0,70,135
08/05/2022,MKL,TN,ASO,ES,Federal Contract Tower,0,2,5,0,7,0,0,8,0,8,0,2,13,0,15,14,0,14,29
08/06/2022,MKL,TN,ASO,ES,Federal Contract Tower,0,3,13,6,22,0,1,56,8,65,0,4,69,14,87,92,0,92,179
08/07/2022,MKL,TN,ASO,ES,Federal Contract Tower,0,3,10,0,13,0,0,37,2,39,0,3,47,2,52,38,0,38,90
08/08/2022,MKL,TN,ASO,ES,Federal Contract Tower,0,5,10,0,15,0,0,15,15,30,0,5,25,15,45,12,0,12,57
08/09/2022,MKL,TN,ASO,ES,Federal Contract Tower,0,5,15,0,20,0,0,20,2,22,0,5,35,2,42,72,0,72,114
08/10/2022,MKL,TN,ASO,ES,Federal Contract Tower,0,4,18,2,24,0,0,17,0,17,0,4,35,2,41,36,0,36,77
08/11/2022,MKL,TN,ASO,ES,Federal Contract Tower,0,3,17,0,20,0,0,21,0,21,0,3,38,0,41,14,0,14,55
08/12/2022,MKL,TN,ASO,ES,Federal Contract Tower,0,6,13,4,23,0,4,39,0,43,0,10,52,4,66,46,0,46,112
08/13/2022,MKL,TN,ASO,ES,Federal Contract Tower,0,2,21,0,23,0,0,48,0,48,0,2,69,0,71,54,0,54,125
08/14/2022,MKL,TN,ASO,ES,Federal Contract Tower,0,6,12,0,18,0,0,51,0,51,0,6,63,0,69,76,0,76,145
08/15/2022,MKL,TN,ASO,ES,Federal Contract Tower,0,4,16,0,20,0,0,31,18,49,0,4,47,18,69,82,0,82,151
08/16/2022,MKL,TN,ASO,ES,Federal Contract Tower,0,6,28,3,37,0,1,9,8,18,0,7,37,11,55,28,0,28,83
08/17/2022,MKL,TN,ASO,ES,Federal Contract Tower,0,3,13,2,18,0,0,10,3,13,0,3,23,5,31,0,0,0,31
08/18/2022,MKL,TN,ASO,ES,Federal Contract Tower,0,4,17,2,23,0,0,47,12,59,0,4,64,14,82,76,14,90,172
08/19/2022,MKL,TN,ASO,ES,Federal Contract Tower,0,4,14,4,22,0,0,44,2,46,0,4,58,6,68,120,0,120,188
08/20/2022,MKL,TN,ASO,ES,Federal Contract Tower,0,5,5,0,10,0,1,9,1,11,0,6,14,1,21,12,0,12,33
08/21/2022,MKL,TN,ASO,ES,Federal Contract Tower,0,5,26,0,31,0,0,10,0,10,0,5,36,0,41,2,0,2,43
08/22/2022,MKL,TN,ASO,ES,Federal Contract Tower,0,3,12,0,15,0,0,19,0,19,0,3,31,0,34,30,0,30,64
08/23/2022,MKL,TN,ASO,ES,Federal Contract Tower,0,8,25,0,33,0,2,32,0,34,0,10,57,0,67,82,0,82,149
08/24/2022,MKL,TN,ASO,ES,Federal Contract Tower,0,4,22,4,30,0,0,36,0,36,0,4,58,4,66,100,0,100,166
08/25/2022,MKL,TN,ASO,ES,Federal Contract Tower,0,4,11,0,15,0,0,33,6,39,0,4,44,6,54,18,0,18,72
08/26/2022,MKL,TN,ASO,ES,Federal Contract Tower,0,5,12,0,17,0,0,38,9,47,0,5,50,9,64,54,0,54,118
08/27/2022,MKL,TN,ASO,ES,Federal Contract Tower,0,3,8,0,11,0,0,35,8,43,0,3,43,8,54,58,0,58,112
08/28/2022,MKL,TN,ASO,ES,Federal Contract Tower,0,6,6,0,12,0,0,8,4,12,0,6,14,4,24,0,0,0,24
08/29/2022,MKL,TN,ASO,ES,Federal Contract Tower,0,4,13,0,17,0,0,20,0,20,0,4,33,0,37,22,0,22,59
08/30/2022,MKL,TN,ASO,ES,Federal Contract Tower,0,3,15,0,18,0,0,29,22,51,0,3,44,22,69,58,0,58,127
08/31/2022,MKL,TN,ASO,ES,Federal Contract Tower,0,5,11,0,16,0,0,44,2,46,0,5,55,2,62,46,0,46,108
09/01/2022,MKL,TN,ASO,ES,Federal Contract Tower,0,6,13,0,19,0,0,34,0,34,0,6,47,0,53,70,0,70,123
09/02/2022,MKL,TN,ASO,ES,Federal Contract Tower,0,5,11,2,18,0,0,33,0,33,0,5,44,2,51,56,0,56,107
09/03/2022,MKL,TN,ASO,ES,Federal Contract Tower,0,3,5,0,8,0,0,21,0,21,0,3,26,0,29,16,0,16,45
09/04/2022,MKL,TN,ASO,ES,Federal Contract Tower,0,4,7,0,11,0,0,0,0,0,0,4,7,0,11,0,0,0,11
09/05/2022,MKL,TN,ASO,ES,Federal Contract Tower,0,5,15,0,20,0,0,13,0,13,0,5,28,0,33,16,0,16,49
09/06/2022,MKL,TN,ASO,ES,Federal Contract Tower,0,3,22,0,25,0,0,8,4,12,0,3,30,4,37,18,0,18,55
09/07/2022,MKL,TN,ASO,ES,Federal Contract Tower,0,5,17,0,22,0,0,15,2,17,0,5,32,2,39,56,0,56,95
09/08/2022,MKL,TN,ASO,ES,Federal Contract Tower,0,3,18,1,22,0,0,51,4,55,0,3,69,5,77,94,0,94,171
09/09/2022,MKL,TN,ASO,ES,Federal Contract Tower,0,5,10,1,16,0,0,35,3,38,0,5,45,4,54,72,0,72,126
09/10/2022,MKL,TN,ASO,ES,Federal Contract Tower,0,4,5,0,9,0,0,1,0,1,0,4,6,0,10,4,0,4,14
09/11/2022,MKL,TN,ASO,ES,Federal Contract Tower,0,5,7,0,12,0,0,3,6,9,0,5,10,6,21,0,0,0,21
09/12/2022,MKL,TN,ASO,ES,Federal Contract Tower,0,5,7,0,12,0,0,41,0,41,0,5,48,0,53,70,0,70,123
09/13/2022,MKL,TN,ASO,ES,Federal Contract Tower,0,3,14,0,17,0,0,57,2,59,0,3,71,2,76,70,0,70,146
09/14/2022,MKL,TN,ASO,ES,Federal Contract Tower,0,5,23,0,28,0,0,39,1,40,0,5,62,1,68,96,0,96,164
09/15/2022,MKL,TN,ASO,ES,Federal Contract Tower,0,5,14,1,20,0,0,94,9,103,0,5,108,10,123,108,0,108,231
09/16/2022,MKL,TN,ASO,ES,Federal Contract Tower,0,4,9,0,13,0,0,108,0,108,0,4,117,0,121,176,0,176,297
09/17/2022,MKL,TN,ASO,ES,Federal Contract Tower,0,4,16,0,20,0,0,41,0,41,0,4,57,0,61,66,0,66,127
09/18/2022,MKL,TN,ASO,ES,Federal Contract Tower,0,4,13,2,19,0,0,27,1,28,0,4,40,3,47,44,6,50,97
09/19/2022,MKL,TN,ASO,ES,Federal Contract Tower,0,4,12,0,16,0,0,58,0,58,0,4,70,0,74,42,0,42,116
09/20/2022,MKL,TN,ASO,ES,Federal Contract Tower,0,5,9,0,14,0,0,42,1,43,0,5,51,1,57,44,0,44,101
09/21/2022,MKL,TN,ASO,ES,Federal Contract Tower,0,10,25,0,35,0,0,36,0,36,0,10,61,0,71,58,0,58,129
09/22/2022,MKL,TN,ASO,ES,Federal Contract Tower,0,4,18,0,22,0,0,30,6,36,0,4,48,6,58,48,0,48,106
09/23/2022,MKL,TN,ASO,ES,Federal Contract Tower,0,5,22,0,27,0,0,50,0,50,0,5,72,0,77,30,0,30,107
09/24/2022,MKL,TN,ASO,ES,Federal Contract Tower,0,3,16,0,19,0,0,32,0,32,0,3,48,0,51,24,0,24,75
09/25/2022,MKL,TN,ASO,ES,Federal Contract Tower,0,4,11,5,20,0,0,8,10,18,0,4,19,15,38,12,0,12,50
09/26/2022,MKL,TN,ASO,ES,Federal Contract Tower,0,4,18,0,22,0,0,34,0,34,0,4,52,0,56,10,0,10,66
09/27/2022,MKL,TN,ASO,ES,Federal Contract Tower,0,8,16,1,25,0,1,52,0,53,0,9,68,1,78,22,0,22,100
09/28/2022,MKL,TN,ASO,ES,Federal Contract Tower,0,4,13,0,17,0,1,19,2,22,0,5,32,2,39,4,0,4,43
09/29/2022,MKL,TN,ASO,ES,Federal Contract Tower,0,4,15,0,19,0,0,49,0,49,0,4,64,0,68,46,0,46,114
09/30/2022,MKL,TN,ASO,ES,Federal Contract Tower,0,5,10,0,15,0,2,52,0,54,0,7,62,0,69,18,0,18,87
10/01/2022,MKL,TN,ASO,ES,Federal Contract Tower,0,3,10,0,13,0,0,29,0,29,0,3,39,0,42,56,0,56,98
10/02/2022,MKL,TN,ASO,ES,Federal Contract Tower,0,6,18,0,24,0,0,18,0,18,0,6,36,0,42,54,0,54,96
10/03/2022,MKL,TN,ASO,ES,Federal Contract Tower,0,3,14,0,17,0,0,41,0,41,0,3,55,0,58,70,0,70,128
10/04/2022,MKL,TN,ASO,ES,Federal Contract Tower,0,3,17,0,20,0,0,69,0,69,0,3,86,0,89,38,0,38,127
10/05/2022,MKL,TN,ASO,ES,Federal Contract Tower,0,4,12,0,16,0,1,75,0,76,0,5,87,0,92,128,0,128,220
10/06/2022,MKL,TN,ASO,ES,Federal Contract Tower,0,3,13,0,16,0,0,75,1,76,0,3,88,1,92,44,0,44,136
10/07/2022,MKL,TN,ASO,ES,Federal Contract Tower,0,4,26,2,32,0,0,44,3,47,0,4,70,5,79,28,0,28,107
10/08/2022,MKL,TN,ASO,ES,Federal Contract Tower,0,3,7,0,10,0,0,65,0,65,0,3,72,0,75,10,0,10,85
10/09/2022,MKL,TN,ASO,ES,Federal Contract Tower,0,4,13,0,17,0,0,93,0,93,0,4,106,0,110,26,0,26,136
10/10/2022,MKL,TN,ASO,ES,Federal Contract Tower,0,6,14,0,20,0,0,58,0,58,0,6,72,0,78,80,0,80,158
10/11/2022,MKL,TN,ASO,ES,Federal Contract Tower,0,4,7,1,12,0,0,34,2,36,0,4,41,3,48,72,0,72,120
10/12/2022,MKL,TN,ASO,ES,Federal Contract Tower,0,4,12,0,16,0,0,12,2,14,0,4,24,2,30,8,0,8,38
10/13/2022,MKL,TN,ASO,ES,Federal Contract Tower,0,4,18,1,23,0,0,46,3,49,0,4,64,4,72,56,10,66,138
10/14/2022,MKL,TN,ASO,ES,Federal Contract Tower,0,5,26,0,31,0,0,38,3,41,0,5,64,3,72,86,12,98,170
10/15/2022,MKL,TN,ASO,ES,Federal Contract Tower,0,4,14,0,18,0,0,20,0,20,0,4,34,0,38,54,0,54,92
10/16/2022,MKL,TN,ASO,ES,Federal Contract Tower,0,8,12,0,20,0,0,7,2,9,0,8,19,2,29,2,0,2,31
10/17/2022,MKL,TN,ASO,ES,Federal Contract Tower,0,4,18,0,22,0,0,46,1,47,0,4,64,1,69,8,0,8,77
10/18/2022,MKL,TN,ASO,ES,Federal Contract Tower,0,3,11,0,14,0,0,22,9,31,0,3,33,9,45,42,20,62,107
10/19/2022,MKL,TN,ASO,ES,Federal Contract Tower,0,7,17,1,25,0,0,48,3,51,0,7,65,4,76,94,14,108,184
10/20/2022,MKL,TN,ASO,ES,Federal Contract Tower,0,8,14,0,22,0,0,43,1,44,0,8,57,1,66,58,0,58,124
10/21/2022,MKL,TN,ASO,ES,Federal Contract Tower,0,4,9,1,14,0,0,33,4,37,0,4,42,5,51,84,0,84,135
10/22/2022,MKL,TN,ASO,ES,Federal Contract Tower,0,5,12,0,17,0,0,20,0,20,0,5,32,0,37,8,0,8,45
10/23/2022,MKL,TN,ASO,ES,Federal Contract Tower,0,3,5,0,8,0,0,12,0,12,0,3,17,0,20,10,0,10,30
10/24/2022,MKL,TN,ASO,ES,Federal Contract Tower,0,4,11,0,15,0,0,17,2,19,0,4,28,2,34,10,0,10,44
10/25/2022,MKL,TN,ASO,ES,Federal Contract Tower,0,7,10,0,17,0,4,2,0,6,0,11,12,0,23,12,0,12,35
10/26/2022,MKL,TN,ASO,ES,Federal Contract Tower,0,3,27,0,30,0,0,28,5,33,0,3,55,5,63,58,0,58,121
10/27/2022,MKL,TN,ASO,ES,Federal Contract Tower,0,7,4,0,11,0,0,23,0,23,0,7,27,0,34,28,0,28,62
10/28/2022,MKL,TN,ASO,ES,Federal Contract Tower,0,6,13,0,19,0,0,38,0,38,0,6,51,0,57,24,0,24,81
10/29/2022,MKL,TN,ASO,ES,Federal Contract Tower,0,4,8,0,12,0,0,14,0,14,0,4,22,0,26,16,0,16,42
10/30/2022,MKL,TN,ASO,ES,Federal Contract Tower,0,4,6,0,10,0,0,0,0,0,0,4,6,0,10,0,0,0,10
10/31/2022,MKL,TN,ASO,ES,Federal Contract Tower,0,2,27,0,29,0,0,8,0,8,0,2,35,0,37,8,0,8,45
11/01/2022,MKL,TN,ASO,ES,Federal Contract Tower,0,4,16,0,20,0,0,44,0,44,0,4,60,0,64,78,0,78,142
11/02/2022,MKL,TN,ASO,ES,Federal Contract Tower,0,6,10,1,17,0,0,29,2,31,0,6,39,3,48,14,0,14,62
11/03/2022,MKL,TN,ASO,ES,Federal Contract Tower,0,5,9,1,15,0,0,30,7,37,0,5,39,8,52,50,0,50,102
11/04/2022,MKL,TN,ASO,ES,Federal Contract Tower,0,5,16,2,23,0,0,14,12,26,0,5,30,14,49,6,2,8,57
11/05/2022,MKL,TN,ASO,ES,Federal Contract Tower,0,4,11,0,15,0,0,2,0,2,0,4,13,0,17,2,0,2,19
11/07/2022,MKL,TN,ASO,ES,Federal Contract Tower,0,11,24,0,35,0,0,0,0,0,0,11,24,0,35,0,0,0,35
11/08/2022,MKL,TN,ASO,ES,Federal Contract Tower,0,6,4,1,11,0,0,38,4,42,0,6,42,5,53,92,24,116,169
11/09/2022,MKL,TN,ASO,ES,Federal Contract Tower,0,2,13,1,16,0,0,38,3,41,0,2,51,4,57,32,8,40,97
11/10/2022,MKL,TN,ASO,ES,Federal Contract Tower,0,5,13,0,18,0,0,64,28,92,0,5,77,28,110,10,14,24,134
11/11/2022,MKL,TN,ASO,ES,Federal Contract Tower,0,11,13,0,24,0,1,21,1,23,0,12,34,1,47,16,0,16,63
11/12/2022,MKL,TN,ASO,ES,Federal Contract Tower,0,4,11,0,15,0,0,5,0,5,0,4,16,0,20,0,0,0,20
11/13/2022,MKL,TN,ASO,ES,Federal Contract Tower,0,5,23,0,28,0,0,20,0,20,0,5,43,0,48,86,0,86,134
11/14/2022,MKL,TN,ASO,ES,Federal Contract Tower,0,4,17,0,21,0,0,26,0,26,0,4,43,0,47,52,0,52,99
11/15/2022,MKL,TN,ASO,ES,Federal Contract Tower,0,5,5,0,10,0,0,4,0,4,0,5,9,0,14,0,0,0,14
11/16/2022,MKL,TN,ASO,ES,Federal Contract Tower,0,9,7,0,16,0,0,35,6,41,0,9,42,6,57,98,4,102,159
11/17/2022,MKL,TN,ASO,ES,Federal Contract Tower,0,6,13,1,20,0,0,29,12,41,0,6,42,13,61,64,6,70,131
11/18/2022,MKL,TN,ASO,ES,Federal Contract Tower,0,4,11,3,18,0,0,64,19,83,0,4,75,22,101,108,54,162,263
11/19/2022,MKL,TN,ASO,ES,Federal Contract Tower,0,3,6,0,9,0,0,26,12,38,0,3,32,12,47,46,12,58,105
11/20/2022,MKL,TN,ASO,ES,Federal Contract Tower,0,4,7,1,12,0,0,33,9,42,0,4,40,10,54,14,24,38,92
11/21/2022,MKL,TN,ASO,ES,Federal Contract Tower,0,4,14,0,18,0,0,36,0,36,0,4,50,0,54,52,0,52,106
11/22/2022,MKL,TN,ASO,ES,Federal Contract Tower,0,4,18,1,23,0,0,45,7,52,0,4,63,8,75,98,0,98,173
11/23/2022,MKL,TN,ASO,ES,Federal Contract Tower,0,5,8,0,13,0,0,41,0,41,0,5,49,0,54,48,0,48,102
11/24/2022,MKL,TN,ASO,ES,Federal Contract Tower,0,0,7,0,7,0,0,8,0,8,0,0,15,0,15,0,0,0,15
11/25/2022,MKL,TN,ASO,ES,Federal Contract Tower,0,3,11,0,14,0,0,9,0,9,0,3,20,0,23,2,0,2,25
11/26/2022,MKL,TN,ASO,ES,Federal Contract Tower,0,6,10,0,16,0,0,10,0,10,0,6,20,0,26,2,0,2,28
11/27/2022,MKL,TN,ASO,ES,Federal Contract Tower,0,6,11,0,17,0,0,1,0,1,0,6,12,0,18,0,0,0,18
11/28/2022,MKL,TN,ASO,ES,Federal Contract Tower,0,4,11,0,15,0,0,11,0,11,0,4,22,0,26,12,0,12,38
11/29/2022,MKL,TN,ASO,ES,Federal Contract Tower,0,2,5,0,7,0,0,2,2,4,0,2,7,2,11,0,0,0,11
11/30/2022,MKL,TN,ASO,ES,Federal Contract Tower,0,3,6,0,9,0,0,19,2,21,0,3,25,2,30,2,0,2,32
12/01/2022,MKL,TN,ASO,ES,Federal Contract Tower,0,7,16,0,23,0,0,52,14,66,0,7,68,14,89,42,26,68,157
12/02/2022,MKL,TN,ASO,ES,Federal Contract Tower,0,4,8,3,15,0,1,13,11,25,0,5,21,14,40,0,0,0,40
12/03/2022,MKL,TN,ASO,ES,Federal Contract Tower,0,3,11,0,14,0,0,16,8,24,0,3,27,8,38,2,12,14,52
12/04/2022,MKL,TN,ASO,ES,Federal Contract Tower,0,5,4,1,10,0,0,14,0,14,0,5,18,1,24,42,0,42,66
12/05/2022,MKL,TN,ASO,ES,Federal Contract Tower,0,3,12,0,15,0,0,0,0,0,0,3,12,0,15,0,0,0,15
12/06/2022,MKL,TN,ASO,ES,Federal Contract Tower,0,2,17,0,19,0,0,3,0,3,0,2,20,0,22,2,0,2,24
12/07/2022,MKL,TN,ASO,ES,Federal Contract Tower,0,1,8,0,9,0,0,0,0,0,0,1,8,0,9,0,0,0,9
12/08/2022,MKL,TN,ASO,ES,Federal Contract Tower,0,5,6,0,11,0,0,0,2,2,0,5,6,2,13,0,0,0,13
12/09/2022,MKL,TN,ASO,ES,Federal Contract Tower,0,4,13,0,17,0,0,2,0,2,0,4,15,0,19,0,0,0,19
12/10/2022,MKL,TN,ASO,ES,Federal Contract Tower,0,1,7,0,8,0,0,0,0,0,0,1,7,0,8,0,0,0,8
12/11/2022,MKL,TN,ASO,ES,Federal Contract Tower,0,6,11,0,17,0,0,2,0,2,0,6,13,0,19,0,0,0,19
12/12/2022,MKL,TN,ASO,ES,Federal Contract Tower,0,2,18,0,20,0,0,7,0,7,0,2,25,0,27,16,0,16,43
12/13/2022,MKL,TN,ASO,ES,Federal Contract Tower,0,4,12,0,16,0,0,0,0,0,0,4,12,0,16,0,0,0,16
12/14/2022,MKL,TN,ASO,ES,Federal Contract Tower,0,4,10,0,14,0,0,0,0,0,0,4,10,0,14,0,0,0,14
12/15/2022,MKL,TN,ASO,ES,Federal Contract Tower,0,3,24,0,27,0,0,57,21,78,0,3,81,21,105,80,0,80,185
12/16/2022,MKL,TN,ASO,ES,Federal Contract Tower,0,6,12,0,18,0,0,20,2,22,0,6,32,2,40,22,0,22,62
12/17/2022,MKL,TN,ASO,ES,Federal Contract Tower,0,4,14,0,18,0,0,24,2,26,0,4,38,2,44,26,0,26,70
12/18/2022,MKL,TN,ASO,ES,Federal Contract Tower,0,4,6,0,10,0,0,39,0,39,0,4,45,0,49,30,0,30,79
12/19/2022,MKL,TN,ASO,ES,Federal Contract Tower,0,8,10,0,18,0,0,23,4,27,0,8,33,4,45,52,8,60,105
12/20/2022,MKL,TN,ASO,ES,Federal Contract Tower,0,5,14,0,19,0,0,48,3,51,0,5,62,3,70,76,2,78,148
12/21/2022,MKL,TN,ASO,ES,Federal Contract Tower,0,6,17,1,24,0,0,54,5,59,0,6,71,6,83,66,0,66,149
12/22/2022,MKL,TN,ASO,ES,Federal Contract Tower,0,7,3,0,10,0,1,0,0,1,0,8,3,0,11,0,0,0,11
12/23/2022,MKL,TN,ASO,ES,Federal Contract Tower,0,5,1,0,6,0,0,3,0,3,0,5,4,0,9,0,0,0,9
12/24/2022,MKL,TN,ASO,ES,Federal Contract Tower,0,4,3,0,7,0,0,6,0,6,0,4,9,0,13,2,0,2,15
12/25/2022,MKL,TN,ASO,ES,Federal Contract Tower,0,2,1,0,3,0,0,9,0,9,0,2,10,0,12,0,0,0,12
12/26/2022,MKL,TN,ASO,ES,Federal Contract Tower,0,6,8,0,14,0,0,0,0,0,0,6,8,0,14,0,0,0,14
12/27/2022,MKL,TN,ASO,ES,Federal Contract Tower,0,9,6,0,15,0,0,12,0,12,0,9,18,0,27,38,0,38,65
12/28/2022,MKL,TN,ASO,ES,Federal Contract Tower,0,2,8,0,10,0,0,18,0,18,0,2,26,0,28,4,0,4,32
12/29/2022,MKL,TN,ASO,ES,Federal Contract Tower,0,4,4,0,8,0,0,0,0,0,0,4,4,0,8,0,0,0,8
12/30/2022,MKL,TN,ASO,ES,Federal Contract Tower,0,4,6,0,10,0,0,0,0,0,0,4,6,0,10,0,0,0,10
12/31/2022,MKL,TN,ASO,ES,Federal Contract Tower,0,4,10,0,14,0,0,4,0,4,0,4,14,0,18,14,0,14,32
01/01/2023,MKL,TN,ASO,ES,Federal Contract Tower,0,5,4,0,9,0,0,29,0,29,0,5,33,0,38,10,0,10,48
01/02/2023,MKL,TN,ASO,ES,Federal Contract Tower,0,4,9,0,13,0,0,2,0,2,0,4,11,0,15,0,0,0,15
01/03/2023,MKL,TN,ASO,ES,Federal Contract Tower,0,2,5,0,7,0,0,2,0,2,0,2,7,0,9,2,0,2,11
01/04/2023,MKL,TN,ASO,ES,Federal Contract Tower,0,6,18,0,24,0,0,51,0,51,0,6,69,0,75,26,0,26,101
01/05/2023,MKL,TN,ASO,ES,Federal Contract Tower,0,4,10,0,14,0,0,37,15,52,0,4,47,15,66,32,40,72,138
01/06/2023,MKL,TN,ASO,ES,Federal Contract Tower,0,4,9,0,13,0,0,61,12,73,0,4,70,12,86,62,22,84,170
01/07/2023,MKL,TN,ASO,ES,Federal Contract Tower,0,3,8,0,11,0,0,0,0,0,0,3,8,0,11,0,0,0,11
01/08/2023,MKL,TN,ASO,ES,Federal Contract Tower,0,4,9,0,13,0,0,2,0,2,0,4,11,0,15,0,0,0,15
01/09/2023,MKL,TN,ASO,ES,Federal Contract Tower,0,4,15,0,19,0,0,47,0,47,0,4,62,0,66,60,0,60,126
01/10/2023,MKL,TN,ASO,ES,Federal Contract Tower,0,2,16,0,18,0,1,39,1,41,0,3,55,1,59,108,0,108,167
01/11/2023,MKL,TN,ASO,ES,Federal Contract Tower,0,3,9,1,13,0,0,8,2,10,0,3,17,3,23,0,6,6,29
01/12/2023,MKL,TN,ASO,ES,Federal Contract Tower,0,1,6,2,9,0,0,4,0,4,0,1,10,2,13,0,0,0,13
01/13/2023,MKL,TN,ASO,ES,Federal Contract Tower,0,2,8,0,10,0,0,2,0,2,0,2,10,0,12,0,0,0,12
01/14/2023,MKL,TN,ASO,ES,Federal Contract Tower,0,2,6,0,8,0,0,40,0,40,0,2,46,0,48,24,0,24,72
01/15/2023,MKL,TN,ASO,ES,Federal Contract Tower,0,4,3,0,7,0,0,31,0,31,0,4,34,0,38,40,0,40,78
01/16/2023,MKL,TN,ASO,ES,Federal Contract Tower,0,4,7,0,11,0,0,7,0,7,0,4,14,0,18,0,0,0,18
01/17/2023,MKL,TN,ASO,ES,Federal Contract Tower,0,6,16,3,25,0,0,24,4,28,0,6,40,7,53,12,18,30,83
01/18/2023,MKL,TN,ASO,ES,Federal Contract Tower,0,3,8,0,11,0,0,0,0,0,0,3,8,0,11,0,0,0,11
01/19/2023,MKL,TN,ASO,ES,Federal Contract Tower,0,4,15,0,19,0,0,14,9,23,0,4,29,9,42,2,8,10,52
01/20/2023,MKL,TN,ASO,ES,Federal Contract Tower,0,5,11,2,18,0,0,41,14,55,0,5,52,16,73,44,8,52,125
01/21/2023,MKL,TN,ASO,ES,Federal Contract Tower,0,4,8,1,13,0,0,66,2,68,0,4,74,3,81,52,0,52,133
01/22/2023,MKL,TN,ASO,ES,Federal Contract Tower,0,0,6,0,6,0,0,0,0,0,0,0,6,0,6,0,0,0,6
01/23/2023,MKL,TN,ASO,ES,Federal Contract Tower,0,6,9,0,15,0,0,18,0,18,0,6,27,0,33,24,0,24,57
01/24/2023,MKL,TN,ASO,ES,Federal Contract Tower,0,3,12,0,15,0,0,17,8,25,0,3,29,8,40,4,14,18,58
01/25/2023,MKL,TN,ASO,ES,Federal Contract Tower,0,4,6,0,10,0,0,2,0,2,0,4,8,0,12,0,0,0,12
01/26/2023,MKL,TN,ASO,ES,Federal Contract Tower,0,3,17,3,23,0,0,77,25,102,0,3,94,28,125,8,32,40,165
01/27/2023,MKL,TN,ASO,ES,Federal Contract Tower,0,6,13,1,20,0,0,47,4,51,0,6,60,5,71,26,2,28,99
01/28/2023,MKL,TN,ASO,ES,Federal Contract Tower,0,3,9,0,12,0,0,79,1,80,0,3,88,1,92,24,0,24,116
01/29/2023,MKL,TN,ASO,ES,Federal Contract Tower,0,4,3,0,7,0,0,0,0,0,0,4,3,0,7,0,0,0,7
01/30/2023,MKL,TN,ASO,ES,Federal Contract Tower,0,3,3,0,6,0,0,0,0,0,0,3,3,0,6,0,0,0,6
01/31/2023,MKL,TN,ASO,ES,Federal Contract Tower,0,0,2,0,2,0,0,0,0,0,0,0,2,0,2,0,0,0,2
02/01/2023,MKL,TN,ASO,ES,Federal Contract Tower,0,0,0,0,0,0,0,0,0,0,0,0,0,0,0,0,0,0,0
02/02/2023,MKL,TN,ASO,ES,Federal Contract Tower,0,2,9,0,11,0,0,0,0,0,0,2,9,0,11,0,0,0,11
02/03/2023,MKL,TN,ASO,ES,Federal Contract Tower,0,7,19,0,26,0,0,93,13,106,0,7,112,13,132,52,2,54,186
02/04/2023,MKL,TN,ASO,ES,Federal Contract Tower,0,3,8,1,12,0,0,93,9,102,0,3,101,10,114,50,16,66,180
02/05/2023,MKL,TN,ASO,ES,Federal Contract Tower,0,4,13,2,19,0,0,72,11,83,0,4,85,13,102,22,20,42,144
02/06/2023,MKL,TN,ASO,ES,Federal Contract Tower,0,4,16,0,20,0,0,80,0,80,0,4,96,0,100,34,0,34,134
02/07/2023,MKL,TN,ASO,ES,Federal Contract Tower,0,7,20,1,28,0,0,109,8,117,0,7,129,9,145,34,0,34,179
02/08/2023,MKL,TN,ASO,ES,Federal Contract Tower,0,5,8,0,13,0,0,3,0,3,0,5,11,0,16,0,0,0,16
02/09/2023,MKL,TN,ASO,ES,Federal Contract Tower,0,10,15,0,25,0,0,1,8,9,0,10,16,8,34,0,2,2,36
02/10/2023,MKL,TN,ASO,ES,Federal Contract Tower,0,6,18,0,24,0,0,122,5,127,0,6,140,5,151,72,0,72,223
02/11/2023,MKL,TN,ASO,ES,Federal Contract Tower,0,3,6,4,13,0,0,90,0,90,0,3,96,4,103,0,4,4,107
02/12/2023,MKL,TN,ASO,ES,Federal Contract Tower,0,3,9,0,12,0,0,33,0,33,0,3,42,0,45,40,0,40,85
02/13/2023,MKL,TN,ASO,ES,Federal Contract Tower,0,4,11,1,16,0,0,101,1,102,0,4,112,2,118,76,0,76,194
02/14/2023,MKL,TN,ASO,ES,Federal Contract Tower,0,3,13,0,16,0,0,26,1,27,0,3,39,1,43,0,0,0,43
02/15/2023,MKL,TN,ASO,ES,Federal Contract Tower,0,3,23,0,26,0,0,77,2,79,0,3,100,2,105,0,0,0,105
02/16/2023,MKL,TN,ASO,ES,Federal Contract Tower,0,1,7,0,8,0,0,0,0,0,0,1,7,0,8,0,0,0,8
02/17/2023,MKL,TN,ASO,ES,Federal Contract Tower,0,6,15,0,21,0,0,86,0,86,0,6,101,0,107,6,0,6,113
02/18/2023,MKL,TN,ASO,ES,Federal Contract Tower,0,3,12,0,15,0,0,92,0,92,0,3,104,0,107,50,0,50,157
02/19/2023,MKL,TN,ASO,ES,Federal Contract Tower,0,5,5,0,10,0,0,84,0,84,0,5,89,0,94,14,0,14,108
02/20/2023,MKL,TN,ASO,ES,Federal Contract Tower,0,8,16,0,24,0,0,33,0,33,0,8,49,0,57,0,0,0,57
02/21/2023,MKL,TN,ASO,ES,Federal Contract Tower,0,6,28,0,34,0,0,40,0,40,0,6,68,0,74,56,0,56,130
02/22/2023,MKL,TN,ASO,ES,Federal Contract Tower,0,4,7,0,11,0,2,0,0,2,0,6,7,0,13,0,0,0,13
02/23/2023,MKL,TN,ASO,ES,Federal Contract Tower,0,5,10,0,15,0,0,10,0,10,0,5,20,0,25,16,0,16,41
02/24/2023,MKL,TN,ASO,ES,Federal Contract Tower,0,1,10,0,11,0,0,2,0,2,0,1,12,0,13,0,0,0,13
02/25/2023,MKL,TN,ASO,ES,Federal Contract Tower,0,3,10,1,14,0,0,1,0,1,0,3,11,1,15,0,0,0,15
02/26/2023,MKL,TN,ASO,ES,Federal Contract Tower,0,5,15,0,20,0,0,1,0,1,0,5,16,0,21,2,0,2,23
02/27/2023,MKL,TN,ASO,ES,Federal Contract Tower,0,5,1,0,6,0,0,4,0,4,0,5,5,0,10,0,0,0,10
02/28/2023,MKL,TN,ASO,ES,Federal Contract Tower,0,4,21,0,25,0,0,59,0,59,0,4,80,0,84,18,0,18,102
03/01/2023,MKL,TN,ASO,ES,Federal Contract Tower,0,3,12,0,15,0,0,16,0,16,0,3,28,0,31,0,0,0,31
03/02/2023,MKL,TN,ASO,ES,Federal Contract Tower,0,1,6,0,7,0,0,2,0,2,0,1,8,0,9,0,0,0,9
03/03/2023,MKL,TN,ASO,ES,Federal Contract Tower,0,1,3,0,4,0,0,0,0,0,0,1,3,0,4,0,0,0,4
03/04/2023,MKL,TN,ASO,ES,Federal Contract Tower,0,4,11,0,15,0,0,137,0,137,0,4,148,0,152,42,0,42,194
03/05/2023,MKL,TN,ASO,ES,Federal Contract Tower,0,4,4,0,8,0,0,63,0,63,0,4,67,0,71,30,0,30,101
03/06/2023,MKL,TN,ASO,ES,Federal Contract Tower,0,6,4,0,10,0,0,33,1,34,0,6,37,1,44,12,0,12,56
03/07/2023,MKL,TN,ASO,ES,Federal Contract Tower,0,6,4,0,10,0,0,27,0,27,0,6,31,0,37,36,0,36,73
03/08/2023,MKL,TN,ASO,ES,Federal Contract Tower,0,4,9,0,13,0,0,6,9,15,0,4,15,9,28,0,6,6,34
03/09/2023,MKL,TN,ASO,ES,Federal Contract Tower,0,4,5,0,9,0,0,3,0,3,0,4,8,0,12,0,0,0,12
03/10/2023,MKL,TN,ASO,ES,Federal Contract Tower,0,9,21,0,30,0,0,25,0,25,0,9,46,0,55,12,0,12,67
03/11/2023,MKL,TN,ASO,ES,Federal Contract Tower,0,4,6,0,10,0,0,31,8,39,0,4,37,8,49,28,0,28,77
03/12/2023,MKL,TN,ASO,ES,Federal Contract Tower,0,1,13,0,14,0,0,2,0,2,0,1,15,0,16,20,0,20,36
03/13/2023,MKL,TN,ASO,ES,Federal Contract Tower,0,1,18,0,19,0,0,27,2,29,0,1,45,2,48,28,0,28,76
03/14/2023,MKL,TN,ASO,ES,Federal Contract Tower,0,3,15,2,20,0,0,42,5,47,0,3,57,7,67,38,12,50,117
03/15/2023,MKL,TN,ASO,ES,Federal Contract Tower,0,4,18,0,22,0,0,37,2,39,0,4,55,2,61,72,0,72,133
03/16/2023,MKL,TN,ASO,ES,Federal Contract Tower,0,4,9,3,16,0,0,19,5,24,0,4,28,8,40,2,10,12,52
03/17/2023,MKL,TN,ASO,ES,Federal Contract Tower,0,4,9,0,13,0,0,4,6,10,0,4,13,6,23,2,0,2,25
03/18/2023,MKL,TN,ASO,ES,Federal Contract Tower,0,5,7,0,12,0,0,18,7,25,0,5,25,7,37,12,0,12,49
03/19/2023,MKL,TN,ASO,ES,Federal Contract Tower,0,6,13,0,19,0,0,36,0,36,0,6,49,0,55,28,0,28,83
03/20/2023,MKL,TN,ASO,ES,Federal Contract Tower,0,3,19,0,22,0,0,38,0,38,0,3,57,0,60,78,0,78,138
03/21/2023,MKL,TN,ASO,ES,Federal Contract Tower,0,4,10,0,14,0,0,9,2,11,0,4,19,2,25,10,0,10,35
03/22/2023,MKL,TN,ASO,ES,Federal Contract Tower,0,4,14,0,18,0,0,4,0,4,0,4,18,0,22,2,0,2,24
03/23/2023,MKL,TN,ASO,ES,Federal Contract Tower,0,6,20,2,28,0,0,9,8,17,0,6,29,10,45,2,10,12,57
03/24/2023,MKL,TN,ASO,ES,Federal Contract Tower,0,10,21,0,31,0,0,0,0,0,0,10,21,0,31,0,0,0,31
03/25/2023,MKL,TN,ASO,ES,Federal Contract Tower,0,3,6,0,9,0,0,17,0,17,0,3,23,0,26,12,0,12,38
03/26/2023,MKL,TN,ASO,ES,Federal Contract Tower,0,5,13,0,18,0,0,62,0,62,0,5,75,0,80,52,0,52,132
03/27/2023,MKL,TN,ASO,ES,Federal Contract Tower,0,5,12,0,17,0,0,123,1,124,0,5,135,1,141,64,0,64,205
03/28/2023,MKL,TN,ASO,ES,Federal Contract Tower,0,3,16,0,19,0,0,44,4,48,0,3,60,4,67,46,0,46,113
03/29/2023,MKL,TN,ASO,ES,Federal Contract Tower,0,5,13,0,18,0,0,58,5,63,0,5,71,5,81,66,20,86,167
03/30/2023,MKL,TN,ASO,ES,Federal Contract Tower,0,4,25,0,29,0,0,53,6,59,0,4,78,6,88,36,0,36,124
03/31/2023,MKL,TN,ASO,ES,Federal Contract Tower,0,3,3,0,6,0,0,0,0,0,0,3,3,0,6,0,0,0,6
04/01/2023,MKL,TN,ASO,ES,Federal Contract Tower,0,2,6,1,9,0,0,5,4,9,0,2,11,5,18,0,4,4,22
04/02/2023,MKL,TN,ASO,ES,Federal Contract Tower,0,2,19,0,21,0,0,51,6,57,0,2,70,6,78,68,0,68,146
04/03/2023,MKL,TN,ASO,ES,Federal Contract Tower,0,10,12,0,22,0,0,19,0,19,0,10,31,0,41,28,0,28,69
04/04/2023,MKL,TN,ASO,ES,Federal Contract Tower,0,4,22,2,28,0,21,7,0,28,0,25,29,2,56,34,0,34,90
04/05/2023,MKL,TN,ASO,ES,Federal Contract Tower,0,2,3,0,5,0,0,6,0,6,0,2,9,0,11,0,0,0,11
04/06/2023,MKL,TN,ASO,ES,Federal Contract Tower,0,2,17,0,19,0,0,1,0,1,0,2,18,0,20,0,0,0,20
04/07/2023,MKL,TN,ASO,ES,Federal Contract Tower,0,5,16,2,23,0,0,36,0,36,0,5,52,2,59,44,0,44,103
04/08/2023,MKL,TN,ASO,ES,Federal Contract Tower,0,3,12,0,15,0,0,6,0,6,0,3,18,0,21,10,0,10,31
04/09/2023,MKL,TN,ASO,ES,Federal Contract Tower,0,3,9,0,12,0,0,9,0,9,0,3,18,0,21,14,0,14,35
04/10/2023,MKL,TN,ASO,ES,Federal Contract Tower,0,4,14,0,18,0,0,54,0,54,0,4,68,0,72,24,0,24,96
04/11/2023,MKL,TN,ASO,ES,Federal Contract Tower,0,4,13,1,18,0,0,49,8,57,0,4,62,9,75,94,0,94,169
04/12/2023,MKL,TN,ASO,ES,Federal Contract Tower,0,6,18,1,25,0,0,48,6,54,0,6,66,7,79,126,0,126,205
04/13/2023,MKL,TN,ASO,ES,Federal Contract Tower,0,2,15,0,17,0,0,28,11,39,0,2,43,11,56,40,12,52,108
04/14/2023,MKL,TN,ASO,ES,Federal Contract Tower,0,5,22,0,27,0,0,22,6,28,0,5,44,6,55,74,0,74,129
04/15/2023,MKL,TN,ASO,ES,Federal Contract Tower,0,5,10,0,15,0,0,26,7,33,0,5,36,7,48,42,0,42,90
04/16/2023,MKL,TN,ASO,ES,Federal Contract Tower,0,0,11,1,12,0,0,12,13,25,0,0,23,14,37,14,6,20,57
04/17/2023,MKL,TN,ASO,ES,Federal Contract Tower,0,4,16,0,20,0,0,39,0,39,0,4,55,0,59,22,0,22,81
04/18/2023,MKL,TN,ASO,ES,Federal Contract Tower,0,6,7,1,14,0,0,32,3,35,0,6,39,4,49,28,0,28,77
04/19/2023,MKL,TN,ASO,ES,Federal Contract Tower,0,3,12,0,15,0,0,37,0,37,0,3,49,0,52,38,0,38,90
04/20/2023,MKL,TN,ASO,ES,Federal Contract Tower,0,2,18,3,23,0,0,28,8,36,0,2,46,11,59,22,8,30,89
04/21/2023,MKL,TN,ASO,ES,Federal Contract Tower,0,4,7,0,11,0,0,0,0,0,0,4,7,0,11,0,0,0,11
04/22/2023,MKL,TN,ASO,ES,Federal Contract Tower,0,3,9,0,12,0,0,29,0,29,0,3,38,0,41,30,0,30,71
04/23/2023,MKL,TN,ASO,ES,Federal Contract Tower,0,7,7,0,14,0,0,32,0,32,0,7,39,0,46,16,0,16,62
04/24/2023,MKL,TN,ASO,ES,Federal Contract Tower,0,4,11,0,15,0,0,47,2,49,0,4,58,2,64,62,0,62,126
04/25/2023,MKL,TN,ASO,ES,Federal Contract Tower,0,3,25,1,29,0,0,43,8,51,0,3,68,9,80,52,22,74,154
04/26/2023,MKL,TN,ASO,ES,Federal Contract Tower,0,3,19,0,22,0,0,34,4,38,0,3,53,4,60,38,10,48,108
04/27/2023,MKL,TN,ASO,ES,Federal Contract Tower,0,1,16,0,17,0,0,0,0,0,0,1,16,0,17,0,0,0,17
04/28/2023,MKL,TN,ASO,ES,Federal Contract Tower,0,6,27,4,37,0,0,3,1,4,0,6,30,5,41,2,4,6,47
04/29/2023,MKL,TN,ASO,ES,Federal Contract Tower,0,5,6,0,11,0,0,2,0,2,0,5,8,0,13,0,0,0,13
04/30/2023,MKL,TN,ASO,ES,Federal Contract Tower,0,6,9,0,15,0,0,29,0,29,0,6,38,0,44,0,0,0,44
05/01/2023,MKL,TN,ASO,ES,Federal Contract Tower,0,4,11,0,15,0,0,20,0,20,0,4,31,0,35,12,0,12,47
05/02/2023,MKL,TN,ASO,ES,Federal Contract Tower,0,3,16,0,19,0,0,17,0,17,0,3,33,0,36,0,0,0,36
05/03/2023,MKL,TN,ASO,ES,Federal Contract Tower,0,5,24,0,29,0,0,67,0,67,0,5,91,0,96,64,0,64,160
05/04/2023,MKL,TN,ASO,ES,Federal Contract Tower,0,3,23,0,26,0,1,59,6,66,0,4,82,6,92,84,16,100,192
05/05/2023,MKL,TN,ASO,ES,Federal Contract Tower,0,4,17,0,21,0,0,15,0,15,0,4,32,0,36,4,0,4,40
05/06/2023,MKL,TN,ASO,ES,Federal Contract Tower,0,3,12,0,15,0,0,20,0,20,0,3,32,0,35,24,0,24,59
05/07/2023,MKL,TN,ASO,ES,Federal Contract Tower,0,4,18,0,22,0,0,7,0,7,0,4,25,0,29,0,0,0,29
05/08/2023,MKL,TN,ASO,ES,Federal Contract Tower,0,5,14,0,19,0,0,14,3,17,0,5,28,3,36,20,0,20,56
05/09/2023,MKL,TN,ASO,ES,Federal Contract Tower,0,6,14,1,21,0,0,29,14,43,0,6,43,15,64,28,0,28,92
05/10/2023,MKL,TN,ASO,ES,Federal Contract Tower,0,3,12,1,16,0,0,24,17,41,0,3,36,18,57,34,22,56,113
05/11/2023,MKL,TN,ASO,ES,Federal Contract Tower,0,2,12,0,14,0,0,21,0,21,0,2,33,0,35,34,0,34,69
05/12/2023,MKL,TN,ASO,ES,Federal Contract Tower,0,5,9,0,14,0,0,6,0,6,0,5,15,0,20,8,0,8,28
05/13/2023,MKL,TN,ASO,ES,Federal Contract Tower,0,7,6,0,13,0,0,12,0,12,0,7,18,0,25,2,0,2,27
05/14/2023,MKL,TN,ASO,ES,Federal Contract Tower,0,6,9,0,15,0,0,9,0,9,0,6,18,0,24,6,0,6,30
05/15/2023,MKL,TN,ASO,ES,Federal Contract Tower,0,5,8,2,15,0,0,34,0,34,0,5,42,2,49,12,0,12,61
05/16/2023,MKL,TN,ASO,ES,Federal Contract Tower,0,1,4,0,5,0,0,18,0,18,0,1,22,0,23,26,0,26,49
05/17/2023,MKL,TN,ASO,ES,Federal Contract Tower,0,5,20,5,30,0,0,38,9,47,0,5,58,14,77,64,44,108,185
05/18/2023,MKL,TN,ASO,ES,Federal Contract Tower,0,6,11,0,17,0,0,32,22,54,0,6,43,22,71,14,18,32,103
05/19/2023,MKL,TN,ASO,ES,Federal Contract Tower,0,5,12,4,21,0,0,14,4,18,0,5,26,8,39,14,0,14,53
05/20/2023,MKL,TN,ASO,ES,Federal Contract Tower,0,4,10,0,14,0,0,4,1,5,0,4,14,1,19,28,0,28,47
05/21/2023,MKL,TN,ASO,ES,Federal Contract Tower,0,6,14,0,20,0,0,33,0,33,0,6,47,0,53,24,0,24,77
05/22/2023,MKL,TN,ASO,ES,Federal Contract Tower,0,5,13,0,18,0,0,39,5,44,0,5,52,5,62,58,0,58,120
05/23/2023,MKL,TN,ASO,ES,Federal Contract Tower,0,3,10,2,15,0,0,35,4,39,0,3,45,6,54,60,18,78,132
05/24/2023,MKL,TN,ASO,ES,Federal Contract Tower,0,5,7,1,13,0,1,30,6,37,0,6,37,7,50,66,0,66,116
05/25/2023,MKL,TN,ASO,ES,Federal Contract Tower,0,5,14,0,19,0,0,39,0,39,0,5,53,0,58,38,0,38,96
05/26/2023,MKL,TN,ASO,ES,Federal Contract Tower,0,6,23,0,29,0,0,68,4,72,0,6,91,4,101,46,0,46,147
05/27/2023,MKL,TN,ASO,ES,Federal Contract Tower,0,3,8,0,11,0,0,15,0,15,0,3,23,0,26,38,0,38,64
05/28/2023,MKL,TN,ASO,ES,Federal Contract Tower,0,6,8,0,14,0,0,21,0,21,0,6,29,0,35,12,0,12,47
05/29/2023,MKL,TN,ASO,ES,Federal Contract Tower,0,4,6,0,10,0,0,23,0,23,0,4,29,0,33,4,0,4,37
05/30/2023,MKL,TN,ASO,ES,Federal Contract Tower,0,3,12,1,16,0,0,35,1,36,0,3,47,2,52,86,0,86,138
05/31/2023,MKL,TN,ASO,ES,Federal Contract Tower,0,5,12,0,17,0,0,33,3,36,0,5,45,3,53,60,0,60,113
06/01/2023,MKL,TN,ASO,ES,Federal Contract Tower,0,4,11,0,15,0,0,43,6,49,0,4,54,6,64,134,24,158,222
06/02/2023,MKL,TN,ASO,ES,Federal Contract Tower,0,4,13,0,17,0,0,55,5,60,0,4,68,5,77,60,0,60,137
06/03/2023,MKL,TN,ASO,ES,Federal Contract Tower,0,3,8,0,11,0,0,41,10,51,0,3,49,10,62,52,0,52,114
06/04/2023,MKL,TN,ASO,ES,Federal Contract Tower,0,4,8,0,12,0,0,19,0,19,0,4,27,0,31,16,0,16,47
06/05/2023,MKL,TN,ASO,ES,Federal Contract Tower,0,4,14,1,19,0,0,47,7,54,0,4,61,8,73,36,0,36,109
06/06/2023,MKL,TN,ASO,ES,Federal Contract Tower,0,3,8,0,11,0,0,44,5,49,0,3,52,5,60,128,4,132,192
06/07/2023,MKL,TN,ASO,ES,Federal Contract Tower,0,6,13,0,19,0,0,50,0,50,0,6,63,0,69,86,0,86,155
06/08/2023,MKL,TN,ASO,ES,Federal Contract Tower,0,0,5,0,5,0,0,48,6,54,0,0,53,6,59,110,0,110,169
06/09/2023,MKL,TN,ASO,ES,Federal Contract Tower,0,4,7,0,11,0,0,46,3,49,0,4,53,3,60,50,0,50,110
06/10/2023,MKL,TN,ASO,ES,Federal Contract Tower,0,2,4,0,6,0,0,36,0,36,0,2,40,0,42,26,0,26,68
06/11/2023,MKL,TN,ASO,ES,Federal Contract Tower,0,4,12,0,16,0,0,3,0,3,0,4,15,0,19,0,0,0,19
06/12/2023,MKL,TN,ASO,ES,Federal Contract Tower,0,4,16,0,20,0,0,29,0,29,0,4,45,0,49,96,0,96,145
06/13/2023,MKL,TN,ASO,ES,Federal Contract Tower,0,5,18,3,26,0,0,68,12,80,0,5,86,15,106,34,22,56,162
06/14/2023,MKL,TN,ASO,ES,Federal Contract Tower,0,2,15,1,18,0,0,41,20,61,0,2,56,21,79,16,14,30,109
06/15/2023,MKL,TN,ASO,ES,Federal Contract Tower,0,4,13,0,17,0,0,63,7,70,0,4,76,7,87,30,0,30,117
06/16/2023,MKL,TN,ASO,ES,Federal Contract Tower,0,4,5,0,9,0,0,95,9,104,0,4,100,9,113,46,4,50,163
06/17/2023,MKL,TN,ASO,ES,Federal Contract Tower,0,7,7,0,14,0,0,56,6,62,0,7,63,6,76,62,0,62,138
06/18/2023,MKL,TN,ASO,ES,Federal Contract Tower,0,5,10,4,19,0,0,2,0,2,0,5,12,4,21,2,4,6,27
06/19/2023,MKL,TN,ASO,ES,Federal Contract Tower,0,4,9,2,15,0,0,18,0,18,0,4,27,2,33,38,2,40,73
06/20/2023,MKL,TN,ASO,ES,Federal Contract Tower,0,3,4,0,7,0,0,40,0,40,0,3,44,0,47,36,0,36,83
06/21/2023,MKL,TN,ASO,ES,Federal Contract Tower,0,3,20,0,23,0,0,2,0,2,0,3,22,0,25,0,0,0,25
06/22/2023,MKL,TN,ASO,ES,Federal Contract Tower,0,8,17,0,25,0,0,39,19,58,0,8,56,19,83,70,8,78,161
06/23/2023,MKL,TN,ASO,ES,Federal Contract Tower,0,4,19,2,25,0,0,42,7,49,0,4,61,9,74,48,22,70,144
06/24/2023,MKL,TN,ASO,ES,Federal Contract Tower,0,3,7,0,10,0,0,88,0,88,0,3,95,0,98,74,0,74,172
06/25/2023,MKL,TN,ASO,ES,Federal Contract Tower,0,4,11,0,15,0,1,21,2,24,0,5,32,2,39,0,0,0,39
06/26/2023,MKL,TN,ASO,ES,Federal Contract Tower,0,3,10,0,13,0,0,43,4,47,0,3,53,4,60,14,0,14,74
06/27/2023,MKL,TN,ASO,ES,Federal Contract Tower,0,3,15,2,20,0,0,94,11,105,0,3,109,13,125,122,0,122,247
06/28/2023,MKL,TN,ASO,ES,Federal Contract Tower,0,3,11,2,16,0,0,31,7,38,0,3,42,9,54,98,0,98,152
06/29/2023,MKL,TN,ASO,ES,Federal Contract Tower,0,4,24,0,28,0,0,28,7,35,0,4,52,7,63,48,2,50,113
06/30/2023,MKL,TN,ASO,ES,Federal Contract Tower,0,4,20,2,26,0,0,33,4,37,0,4,53,6,63,64,0,64,127
07/01/2023,MKL,TN,ASO,ES,Federal Contract Tower,0,3,7,0,10,0,0,17,0,17,0,3,24,0,27,18,0,18,45
07/02/2023,MKL,TN,ASO,ES,Federal Contract Tower,0,6,7,0,13,0,0,13,0,13,0,6,20,0,26,8,0,8,34
07/03/2023,MKL,TN,ASO,ES,Federal Contract Tower,0,9,7,0,16,0,0,56,0,56,0,9,63,0,72,80,0,80,152
07/04/2023,MKL,TN,ASO,ES,Federal Contract Tower,0,2,5,0,7,0,0,15,0,15,0,2,20,0,22,4,0,4,26
07/05/2023,MKL,TN,ASO,ES,Federal Contract Tower,0,3,9,0,12,0,0,67,0,67,0,3,76,0,79,45,0,45,124
07/06/2023,MKL,TN,ASO,ES,Federal Contract Tower,0,7,11,1,19,0,0,64,2,66,0,7,75,3,85,66,0,66,151
07/07/2023,MKL,TN,ASO,ES,Federal Contract Tower,0,8,7,0,15,0,0,26,0,26,0,8,33,0,41,36,0,36,77
07/08/2023,MKL,TN,ASO,ES,Federal Contract Tower,0,6,8,0,14,0,0,13,0,13,0,6,21,0,27,14,0,14,41
07/09/2023,MKL,TN,ASO,ES,Federal Contract Tower,0,4,4,0,8,0,0,1,0,1,0,4,5,0,9,0,0,0,9
07/10/2023,MKL,TN,ASO,ES,Federal Contract Tower,0,4,7,2,13,0,0,32,8,40,0,4,39,10,53,20,0,20,73
07/11/2023,MKL,TN,ASO,ES,Federal Contract Tower,0,3,13,0,16,0,0,46,8,54,0,3,59,8,70,108,0,108,178
07/12/2023,MKL,TN,ASO,ES,Federal Contract Tower,0,7,19,0,26,0,0,39,4,43,0,7,58,4,69,32,6,38,107
07/13/2023,MKL,TN,ASO,ES,Federal Contract Tower,0,4,10,0,14,0,0,35,6,41,0,4,45,6,55,40,10,50,105
07/14/2023,MKL,TN,ASO,ES,Federal Contract Tower,0,2,12,0,14,0,0,19,0,19,0,2,31,0,33,24,0,24,57
07/15/2023,MKL,TN,ASO,ES,Federal Contract Tower,0,5,9,0,14,0,0,83,0,83,0,5,92,0,97,8,0,8,105
07/16/2023,MKL,TN,ASO,ES,Federal Contract Tower,0,5,7,2,14,0,0,49,3,52,0,5,56,5,66,44,10,54,120
07/17/2023,MKL,TN,ASO,ES,Federal Contract Tower,0,6,13,0,19,0,0,27,6,33,0,6,40,6,52,46,0,46,98
07/18/2023,MKL,TN,ASO,ES,Federal Contract Tower,0,4,15,0,19,0,2,35,4,41,0,6,50,4,60,68,0,68,128
07/19/2023,MKL,TN,ASO,ES,Federal Contract Tower,0,3,11,0,14,0,0,20,0,20,0,3,31,0,34,10,0,10,44
07/20/2023,MKL,TN,ASO,ES,Federal Contract Tower,0,3,7,0,10,0,0,45,5,50,0,3,52,5,60,8,0,8,68
07/21/2023,MKL,TN,ASO,ES,Federal Contract Tower,0,8,7,0,15,0,0,7,2,9,0,8,14,2,24,10,0,10,34
07/22/2023,MKL,TN,ASO,ES,Federal Contract Tower,0,4,7,0,11,0,0,70,0,70,0,4,77,0,81,90,0,90,171
07/23/2023,MKL,TN,ASO,ES,Federal Contract Tower,0,5,15,0,20,0,0,44,0,44,0,5,59,0,64,28,0,28,92
07/24/2023,MKL,TN,ASO,ES,Federal Contract Tower,0,4,8,0,12,0,0,36,0,36,0,4,44,0,48,36,0,36,84
07/25/2023,MKL,TN,ASO,ES,Federal Contract Tower,0,3,12,0,15,0,0,52,5,57,0,3,64,5,72,80,0,80,152
07/26/2023,MKL,TN,ASO,ES,Federal Contract Tower,0,5,13,0,18,0,0,23,2,25,0,5,36,2,43,32,0,32,75
07/27/2023,MKL,TN,ASO,ES,Federal Contract Tower,0,4,17,0,21,0,0,36,2,38,0,4,53,2,59,38,0,38,97
07/28/2023,MKL,TN,ASO,ES,Federal Contract Tower,0,4,11,3,18,0,0,37,2,39,0,4,48,5,57,68,0,68,125
07/29/2023,MKL,TN,ASO,ES,Federal Contract Tower,0,3,2,0,5,0,0,41,1,42,0,3,43,1,47,32,0,32,79
07/30/2023,MKL,TN,ASO,ES,Federal Contract Tower,0,4,6,1,11,0,0,27,1,28,0,4,33,2,39,18,10,28,67
07/31/2023,MKL,TN,ASO,ES,Federal Contract Tower,0,3,23,0,26,0,0,49,0,49,0,3,72,0,75,44,0,44,119
08/01/2023,MKL,TN,ASO,ES,Federal Contract Tower,0,3,8,1,12,0,0,47,4,51,0,3,55,5,63,62,2,64,127
08/02/2023,MKL,TN,ASO,ES,Federal Contract Tower,0,2,20,2,24,0,0,47,3,50,0,2,67,5,74,42,4,46,120
08/03/2023,MKL,TN,ASO,ES,Federal Contract Tower,0,4,11,0,15,0,0,19,0,19,0,4,30,0,34,42,0,42,76
08/04/2023,MKL,TN,ASO,ES,Federal Contract Tower,0,5,6,0,11,0,0,12,0,12,0,5,18,0,23,18,0,18,41
08/05/2023,MKL,TN,ASO,ES,Federal Contract Tower,0,5,12,0,17,0,0,27,0,27,0,5,39,0,44,60,0,60,104
08/06/2023,MKL,TN,ASO,ES,Federal Contract Tower,0,4,3,0,7,0,0,17,0,17,0,4,20,0,24,10,0,10,34
08/07/2023,MKL,TN,ASO,ES,Federal Contract Tower,0,1,10,0,11,0,0,24,0,24,0,1,34,0,35,18,0,18,53
08/08/2023,MKL,TN,ASO,ES,Federal Contract Tower,0,2,23,0,25,0,0,93,4,97,0,2,116,4,122,46,0,46,168
08/09/2023,MKL,TN,ASO,ES,Federal Contract Tower,0,3,8,0,11,0,1,4,2,7,0,4,12,2,18,0,0,0,18
08/10/2023,MKL,TN,ASO,ES,Federal Contract Tower,0,7,16,0,23,0,0,67,0,67,0,7,83,0,90,8,0,8,98
08/11/2023,MKL,TN,ASO,ES,Federal Contract Tower,0,5,12,0,17,0,0,22,3,25,0,5,34,3,42,34,0,34,76
08/12/2023,MKL,TN,ASO,ES,Federal Contract Tower,0,5,4,0,9,0,0,21,0,21,0,5,25,0,30,56,0,56,86
08/13/2023,MKL,TN,ASO,ES,Federal Contract Tower,0,6,9,0,15,0,0,12,0,12,0,6,21,0,27,14,0,14,41
08/14/2023,MKL,TN,ASO,ES,Federal Contract Tower,0,5,13,0,18,0,0,20,1,21,0,5,33,1,39,26,0,26,65
08/15/2023,MKL,TN,ASO,ES,Federal Contract Tower,0,5,15,0,20,0,0,38,0,38,0,5,53,0,58,78,0,78,136
08/16/2023,MKL,TN,ASO,ES,Federal Contract Tower,0,4,18,0,22,0,0,77,0,77,0,4,95,0,99,58,0,58,157
08/17/2023,MKL,TN,ASO,ES,Federal Contract Tower,0,6,20,3,29,0,0,74,25,99,0,6,94,28,128,18,40,58,186
08/18/2023,MKL,TN,ASO,ES,Federal Contract Tower,0,4,14,2,20,0,0,36,3,39,0,4,50,5,59,36,18,54,113
08/19/2023,MKL,TN,ASO,ES,Federal Contract Tower,0,3,7,0,10,0,0,46,0,46,0,3,53,0,56,68,0,68,124
08/20/2023,MKL,TN,ASO,ES,Federal Contract Tower,0,4,7,0,11,0,0,32,1,33,0,4,39,1,44,44,0,44,88
08/21/2023,MKL,TN,ASO,ES,Federal Contract Tower,0,6,11,1,18,0,0,39,0,39,0,6,50,1,57,76,2,78,135
08/22/2023,MKL,TN,ASO,ES,Federal Contract Tower,0,3,26,2,31,0,0,36,0,36,0,3,62,2,67,32,0,32,99
08/23/2023,MKL,TN,ASO,ES,Federal Contract Tower,0,3,20,0,23,0,0,56,2,58,0,3,76,2,81,76,0,76,157
08/24/2023,MKL,TN,ASO,ES,Federal Contract Tower,0,4,4,2,10,0,0,23,3,26,0,4,27,5,36,34,0,34,70
08/25/2023,MKL,TN,ASO,ES,Federal Contract Tower,0,4,16,0,20,0,0,27,5,32,0,4,43,5,52,42,0,42,94
08/26/2023,MKL,TN,ASO,ES,Federal Contract Tower,0,5,9,0,14,0,0,39,0,39,0,5,48,0,53,14,0,14,67
08/27/2023,MKL,TN,ASO,ES,Federal Contract Tower,0,3,8,0,11,0,0,6,0,6,0,3,14,0,17,4,0,4,21
08/28/2023,MKL,TN,ASO,ES,Federal Contract Tower,0,4,19,0,23,0,0,28,4,32,0,4,47,4,55,36,0,36,91
08/29/2023,MKL,TN,ASO,ES,Federal Contract Tower,0,1,8,0,9,0,0,31,7,38,0,1,39,7,47,20,8,28,75
08/30/2023,MKL,TN,ASO,ES,Federal Contract Tower,0,2,17,0,19,0,0,37,0,37,0,2,54,0,56,36,0,36,92
08/31/2023,MKL,TN,ASO,ES,Federal Contract Tower,0,6,14,2,22,0,0,52,11,63,0,6,66,13,85,48,18,66,151
01/01/2020,MKL,TN,ASO,CE,Federal Contract Tower,0,2,4,0,6,0,0,24,0,24,0,2,28,0,30,56,0,56,86
01/02/2020,MKL,TN,ASO,CE,Federal Contract Tower,0,8,3,0,11,0,0,0,0,0,0,8,3,0,11,0,0,0,11
01/03/2020,MKL,TN,ASO,CE,Federal Contract Tower,0,7,7,0,14,0,0,0,0,0,0,7,7,0,14,0,0,0,14
01/04/2020,MKL,TN,ASO,CE,Federal Contract Tower,0,2,2,0,4,0,0,3,0,3,0,2,5,0,7,0,0,0,7
01/05/2020,MKL,TN,ASO,CE,Federal Contract Tower,0,3,6,0,9,0,0,19,0,19,0,3,25,0,28,8,0,8,36
01/06/2020,MKL,TN,ASO,CE,Federal Contract Tower,0,1,18,0,19,0,0,12,0,12,0,1,30,0,31,2,0,2,33
01/07/2020,MKL,TN,ASO,CE,Federal Contract Tower,0,5,8,0,13,0,1,25,4,30,0,6,33,4,43,38,4,42,85
01/08/2020,MKL,TN,ASO,CE,Federal Contract Tower,0,4,7,3,14,0,0,39,4,43,0,4,46,7,57,46,0,46,103
01/09/2020,MKL,TN,ASO,CE,Federal Contract Tower,0,5,14,3,22,0,0,10,20,30,0,5,24,23,52,4,12,16,68
01/10/2020,MKL,TN,ASO,CE,Federal Contract Tower,0,4,3,0,7,0,0,5,11,16,0,4,8,11,23,0,10,10,33
01/11/2020,MKL,TN,ASO,CE,Federal Contract Tower,0,1,0,0,1,0,0,0,0,0,0,1,0,0,1,0,0,0,1
01/12/2020,MKL,TN,ASO,CE,Federal Contract Tower,0,3,18,0,21,0,0,8,4,12,0,3,26,4,33,8,0,8,41
01/13/2020,MKL,TN,ASO,CE,Federal Contract Tower,0,4,11,0,15,0,0,6,0,6,0,4,17,0,21,6,0,6,27
01/14/2020,MKL,TN,ASO,CE,Federal Contract Tower,0,4,1,0,5,0,0,3,2,5,0,4,4,2,10,16,0,16,26
01/15/2020,MKL,TN,ASO,CE,Federal Contract Tower,0,3,11,0,14,0,0,0,0,0,0,3,11,0,14,0,0,0,14
01/16/2020,MKL,TN,ASO,CE,Federal Contract Tower,0,5,11,1,17,0,0,14,17,31,0,5,25,18,48,8,20,28,76
01/17/2020,MKL,TN,ASO,CE,Federal Contract Tower,0,4,7,1,12,0,0,15,2,17,0,4,22,3,29,26,0,26,55
01/18/2020,MKL,TN,ASO,CE,Federal Contract Tower,0,2,3,0,5,0,0,3,0,3,0,2,6,0,8,0,0,0,8
01/19/2020,MKL,TN,ASO,CE,Federal Contract Tower,0,3,5,0,8,0,0,8,0,8,0,3,13,0,16,0,0,0,16
01/20/2020,MKL,TN,ASO,CE,Federal Contract Tower,0,4,7,0,11,0,0,1,0,1,0,4,8,0,12,0,0,0,12
01/21/2020,MKL,TN,ASO,CE,Federal Contract Tower,0,4,18,0,22,0,0,25,0,25,0,4,43,0,47,48,0,48,95
01/22/2020,MKL,TN,ASO,CE,Federal Contract Tower,0,5,7,1,13,0,0,24,2,26,0,5,31,3,39,38,4,42,81
01/23/2020,MKL,TN,ASO,CE,Federal Contract Tower,0,3,10,0,13,0,0,1,1,2,0,3,11,1,15,0,0,0,15
01/24/2020,MKL,TN,ASO,CE,Federal Contract Tower,0,4,1,0,5,0,0,4,6,10,0,4,5,6,15,2,20,22,37
01/25/2020,MKL,TN,ASO,CE,Federal Contract Tower,0,2,9,0,11,0,0,35,21,56,0,2,44,21,67,0,4,4,71
01/26/2020,MKL,TN,ASO,CE,Federal Contract Tower,0,3,11,0,14,0,0,9,7,16,0,3,20,7,30,44,0,44,74
01/27/2020,MKL,TN,ASO,CE,Federal Contract Tower,0,3,8,0,11,0,0,20,0,20,0,3,28,0,31,48,0,48,79
01/28/2020,MKL,TN,ASO,CE,Federal Contract Tower,0,4,14,0,18,0,1,9,2,12,0,5,23,2,30,34,2,36,66
01/29/2020,MKL,TN,ASO,CE,Federal Contract Tower,0,3,11,0,14,0,0,14,0,14,0,3,25,0,28,56,0,56,84
01/30/2020,MKL,TN,ASO,CE,Federal Contract Tower,0,4,10,0,14,0,0,12,15,27,0,4,22,15,41,0,2,2,43
01/31/2020,MKL,TN,ASO,CE,Federal Contract Tower,0,8,8,0,16,0,0,0,0,0,0,8,8,0,16,0,0,0,16
02/01/2020,MKL,TN,ASO,ES,Federal Contract Tower,0,3,8,0,11,0,0,17,2,19,0,3,25,2,30,4,0,4,34
02/02/2020,MKL,TN,ASO,ES,Federal Contract Tower,0,5,15,0,20,0,0,27,0,27,0,5,42,0,47,26,0,26,73
02/03/2020,MKL,TN,ASO,ES,Federal Contract Tower,0,6,10,1,17,0,0,17,0,17,0,6,27,1,34,14,0,14,48
02/04/2020,MKL,TN,ASO,ES,Federal Contract Tower,0,8,5,0,13,0,0,0,0,0,0,8,5,0,13,0,0,0,13
02/05/2020,MKL,TN,ASO,ES,Federal Contract Tower,0,3,6,0,9,0,0,0,0,0,0,3,6,0,9,0,0,0,9
02/06/2020,MKL,TN,ASO,ES,Federal Contract Tower,0,3,7,0,10,0,0,0,0,0,0,3,7,0,10,0,0,0,10
02/07/2020,MKL,TN,ASO,ES,Federal Contract Tower,0,5,3,0,8,0,0,23,6,29,0,5,26,6,37,88,0,88,125
02/08/2020,MKL,TN,ASO,ES,Federal Contract Tower,0,2,9,1,12,0,0,30,10,40,0,2,39,11,52,16,0,16,68
02/09/2020,MKL,TN,ASO,ES,Federal Contract Tower,0,3,4,0,7,0,0,12,2,14,0,3,16,2,21,10,0,10,31
02/10/2020,MKL,TN,ASO,ES,Federal Contract Tower,0,4,7,0,11,0,0,0,0,0,0,4,7,0,11,0,0,0,11
02/11/2020,MKL,TN,ASO,ES,Federal Contract Tower,0,3,8,0,11,0,0,9,0,9,0,3,17,0,20,4,0,4,24
02/12/2020,MKL,TN,ASO,ES,Federal Contract Tower,0,4,2,0,6,0,0,0,0,0,0,4,2,0,6,0,0,0,6
02/13/2020,MKL,TN,ASO,ES,Federal Contract Tower,0,5,10,0,15,0,0,11,12,23,0,5,21,12,38,0,0,0,38
02/14/2020,MKL,TN,ASO,ES,Federal Contract Tower,0,4,13,0,17,0,0,38,0,38,0,4,51,0,55,36,0,36,91
02/15/2020,MKL,TN,ASO,ES,Federal Contract Tower,0,2,5,0,7,0,0,15,0,15,0,2,20,0,22,4,0,4,26
02/16/2020,MKL,TN,ASO,ES,Federal Contract Tower,0,4,7,0,11,0,0,30,0,30,0,4,37,0,41,86,0,86,127
02/17/2020,MKL,TN,ASO,ES,Federal Contract Tower,0,4,9,0,13,0,0,3,0,3,0,4,12,0,16,0,0,0,16
02/18/2020,MKL,TN,ASO,ES,Federal Contract Tower,0,5,2,0,7,0,0,0,0,0,0,5,2,0,7,0,0,0,7
02/19/2020,MKL,TN,ASO,ES,Federal Contract Tower,0,4,9,2,15,0,0,18,2,20,0,4,27,4,35,40,0,40,75
02/20/2020,MKL,TN,ASO,ES,Federal Contract Tower,0,7,3,0,10,0,0,1,11,12,0,7,4,11,22,0,10,10,32
02/21/2020,MKL,TN,ASO,ES,Federal Contract Tower,0,5,8,1,14,0,1,47,7,55,0,6,55,8,69,114,16,130,199
02/22/2020,MKL,TN,ASO,ES,Federal Contract Tower,0,6,12,0,18,0,0,120,7,127,0,6,132,7,145,58,6,64,209
02/23/2020,MKL,TN,ASO,ES,Federal Contract Tower,0,3,6,0,9,0,0,17,6,23,0,3,23,6,32,58,0,58,90
02/24/2020,MKL,TN,ASO,ES,Federal Contract Tower,0,4,0,0,4,0,0,0,0,0,0,4,0,0,4,0,0,0,4
02/25/2020,MKL,TN,ASO,ES,Federal Contract Tower,0,4,13,2,19,0,0,11,14,25,0,4,24,16,44,12,32,44,88
02/26/2020,MKL,TN,ASO,ES,Federal Contract Tower,0,5,10,2,17,0,0,7,4,11,0,5,17,6,28,0,0,0,28
02/27/2020,MKL,TN,ASO,ES,Federal Contract Tower,0,6,22,0,28,0,0,51,0,51,0,6,73,0,79,30,0,30,109
02/28/2020,MKL,TN,ASO,ES,Federal Contract Tower,0,5,1,0,6,0,0,11,10,21,0,5,12,10,27,10,0,10,37
02/29/2020,MKL,TN,ASO,ES,Federal Contract Tower,0,4,15,0,19,0,0,47,0,47,0,4,62,0,66,2,0,2,68
03/01/2020,MKL,TN,ASO,ES,Federal Contract Tower,0,4,3,0,7,0,0,8,0,8,0,4,11,0,15,0,0,0,15
03/02/2020,MKL,TN,ASO,ES,Federal Contract Tower,0,5,9,0,14,0,0,2,0,2,0,5,11,0,16,0,0,0,16
03/03/2020,MKL,TN,ASO,ES,Federal Contract Tower,0,4,14,0,18,0,0,14,1,15,0,4,28,1,33,38,0,38,71
03/04/2020,MKL,TN,ASO,ES,Federal Contract Tower,0,6,15,2,23,0,0,23,5,28,0,6,38,7,51,74,0,74,125
03/05/2020,MKL,TN,ASO,ES,Federal Contract Tower,0,5,11,0,16,0,0,35,7,42,0,5,46,7,58,58,6,64,122
03/06/2020,MKL,TN,ASO,ES,Federal Contract Tower,0,5,13,2,20,0,0,14,6,20,0,5,27,8,40,6,0,6,46
03/07/2020,MKL,TN,ASO,ES,Federal Contract Tower,0,2,6,0,8,0,0,64,4,68,0,2,70,4,76,54,0,54,130
03/08/2020,MKL,TN,ASO,ES,Federal Contract Tower,0,3,4,4,11,0,0,25,3,28,0,3,29,7,39,36,8,44,83
03/09/2020,MKL,TN,ASO,ES,Federal Contract Tower,0,4,2,0,6,0,0,6,2,8,0,4,8,2,14,0,0,0,14
03/10/2020,MKL,TN,ASO,ES,Federal Contract Tower,0,4,10,2,16,0,0,10,8,18,0,4,20,10,34,6,16,22,56
03/11/2020,MKL,TN,ASO,ES,Federal Contract Tower,0,4,1,0,5,0,0,6,2,8,0,4,7,2,13,22,0,22,35
03/12/2020,MKL,TN,ASO,ES,Federal Contract Tower,0,3,4,0,7,0,0,2,10,12,0,3,6,10,19,0,10,10,29
03/13/2020,MKL,TN,ASO,ES,Federal Contract Tower,0,6,17,1,24,0,0,17,5,22,0,6,34,6,46,12,0,12,58
03/14/2020,MKL,TN,ASO,ES,Federal Contract Tower,0,2,11,0,13,0,0,0,0,0,0,2,11,0,13,0,0,0,13
03/15/2020,MKL,TN,ASO,ES,Federal Contract Tower,0,4,1,0,5,0,0,2,0,2,0,4,3,0,7,0,0,0,7
03/16/2020,MKL,TN,ASO,ES,Federal Contract Tower,0,4,4,0,8,0,0,3,0,3,0,4,7,0,11,0,0,0,11
03/17/2020,MKL,TN,ASO,ES,Federal Contract Tower,0,6,4,0,10,0,0,0,0,0,0,6,4,0,10,0,0,0,10
03/18/2020,MKL,TN,ASO,ES,Federal Contract Tower,0,4,6,0,10,0,0,6,0,6,0,4,12,0,16,28,0,28,44
03/19/2020,MKL,TN,ASO,ES,Federal Contract Tower,0,4,9,0,13,0,0,6,0,6,0,4,15,0,19,8,0,8,27
03/20/2020,MKL,TN,ASO,ES,Federal Contract Tower,0,5,0,0,5,0,0,7,0,7,0,5,7,0,12,4,0,4,16
03/21/2020,MKL,TN,ASO,ES,Federal Contract Tower,0,2,11,0,13,0,0,91,0,91,0,2,102,0,104,28,0,28,132
03/22/2020,MKL,TN,ASO,ES,Federal Contract Tower,0,4,0,0,4,0,0,8,0,8,0,4,8,0,12,26,0,26,38
03/23/2020,MKL,TN,ASO,ES,Federal Contract Tower,0,5,3,0,8,0,0,19,0,19,0,5,22,0,27,36,0,36,63
03/24/2020,MKL,TN,ASO,ES,Federal Contract Tower,0,4,0,0,4,0,0,0,0,0,0,4,0,0,4,0,0,0,4
03/25/2020,MKL,TN,ASO,ES,Federal Contract Tower,0,6,11,2,19,0,0,19,1,20,0,6,30,3,39,2,0,2,41
03/26/2020,MKL,TN,ASO,ES,Federal Contract Tower,0,4,7,0,11,0,0,18,7,25,0,4,25,7,36,2,0,2,38
03/27/2020,MKL,TN,ASO,ES,Federal Contract Tower,0,5,12,0,17,0,3,92,0,95,0,8,104,0,112,52,0,52,164
03/28/2020,MKL,TN,ASO,ES,Federal Contract Tower,0,2,1,0,3,0,0,16,0,16,0,2,17,0,19,0,0,0,19
03/29/2020,MKL,TN,ASO,ES,Federal Contract Tower,0,4,2,0,6,0,0,20,0,20,0,4,22,0,26,54,0,54,80
03/30/2020,MKL,TN,ASO,ES,Federal Contract Tower,0,5,2,0,7,0,0,24,0,24,0,5,26,0,31,78,0,78,109
03/31/2020,MKL,TN,ASO,ES,Federal Contract Tower,0,5,0,0,5,0,0,6,0,6,0,5,6,0,11,0,0,0,11
04/01/2020,MKL,TN,ASO,ES,Federal Contract Tower,0,5,4,0,9,0,0,33,2,35,0,5,37,2,44,48,0,48,92
04/02/2020,MKL,TN,ASO,ES,Federal Contract Tower,0,5,11,1,17,0,0,27,1,28,0,5,38,2,45,16,0,16,61
04/03/2020,MKL,TN,ASO,ES,Federal Contract Tower,0,5,1,0,6,0,0,63,0,63,0,5,64,0,69,8,0,8,77
04/04/2020,MKL,TN,ASO,ES,Federal Contract Tower,0,2,8,0,10,0,0,28,0,28,0,2,36,0,38,70,0,70,108
04/05/2020,MKL,TN,ASO,ES,Federal Contract Tower,0,3,9,0,12,0,0,28,0,28,0,3,37,0,40,68,0,68,108
04/06/2020,MKL,TN,ASO,ES,Federal Contract Tower,0,13,3,0,16,0,0,21,0,21,0,13,24,0,37,68,0,68,105
04/07/2020,MKL,TN,ASO,ES,Federal Contract Tower,0,17,0,2,19,0,0,14,0,14,0,17,14,2,33,48,0,48,81
04/08/2020,MKL,TN,ASO,ES,Federal Contract Tower,0,4,3,0,7,0,0,0,0,0,0,4,3,0,7,0,0,0,7
04/09/2020,MKL,TN,ASO,ES,Federal Contract Tower,0,6,8,0,14,0,0,19,4,23,0,6,27,4,37,14,0,14,51
04/10/2020,MKL,TN,ASO,ES,Federal Contract Tower,0,5,13,0,18,0,0,20,2,22,0,5,33,2,40,18,0,18,58
04/11/2020,MKL,TN,ASO,ES,Federal Contract Tower,0,2,13,0,15,0,0,16,0,16,0,2,29,0,31,24,0,24,55
04/12/2020,MKL,TN,ASO,ES,Federal Contract Tower,0,4,2,0,6,0,1,0,0,1,0,5,2,0,7,0,0,0,7
04/13/2020,MKL,TN,ASO,ES,Federal Contract Tower,0,4,1,0,5,0,0,5,0,5,0,4,6,0,10,0,0,0,10
04/14/2020,MKL,TN,ASO,ES,Federal Contract Tower,0,21,6,0,27,0,0,7,0,7,0,21,13,0,34,8,0,8,42
04/15/2020,MKL,TN,ASO,ES,Federal Contract Tower,0,4,5,0,9,0,0,15,9,24,0,4,20,9,33,4,0,4,37
04/16/2020,MKL,TN,ASO,ES,Federal Contract Tower,0,5,8,1,14,0,0,27,0,27,0,5,35,1,41,0,0,0,41
04/17/2020,MKL,TN,ASO,ES,Federal Contract Tower,0,6,5,0,11,0,0,4,0,4,0,6,9,0,15,0,0,0,15
04/18/2020,MKL,TN,ASO,ES,Federal Contract Tower,0,2,16,0,18,0,0,24,0,24,0,2,40,0,42,58,0,58,100
04/19/2020,MKL,TN,ASO,ES,Federal Contract Tower,0,4,7,0,11,0,0,0,0,0,0,4,7,0,11,0,0,0,11
04/20/2020,MKL,TN,ASO,ES,Federal Contract Tower,0,4,4,0,8,0,2,35,3,40,0,6,39,3,48,96,0,96,144
04/21/2020,MKL,TN,ASO,ES,Federal Contract Tower,0,5,1,0,6,0,3,28,0,31,0,8,29,0,37,26,0,26,63
04/22/2020,MKL,TN,ASO,ES,Federal Contract Tower,0,5,5,0,10,0,0,25,4,29,0,5,30,4,39,28,0,28,67
04/23/2020,MKL,TN,ASO,ES,Federal Contract Tower,0,5,4,0,9,0,0,0,0,0,0,5,4,0,9,0,0,0,9
04/24/2020,MKL,TN,ASO,ES,Federal Contract Tower,0,6,12,0,18,0,0,26,2,28,0,6,38,2,46,46,0,46,92
04/25/2020,MKL,TN,ASO,ES,Federal Contract Tower,0,2,2,0,4,0,0,0,0,0,0,2,2,0,4,0,0,0,4
04/26/2020,MKL,TN,ASO,ES,Federal Contract Tower,0,4,3,0,7,0,0,11,0,11,0,4,14,0,18,4,0,4,22
04/27/2020,MKL,TN,ASO,ES,Federal Contract Tower,0,5,10,0,15,0,0,32,2,34,0,5,42,2,49,38,0,38,87
04/28/2020,MKL,TN,ASO,ES,Federal Contract Tower,0,2,12,0,14,0,0,27,4,31,0,2,39,4,45,12,4,16,61
04/29/2020,MKL,TN,ASO,ES,Federal Contract Tower,0,5,3,0,8,0,0,0,0,0,0,5,3,0,8,0,0,0,8
04/30/2020,MKL,TN,ASO,ES,Federal Contract Tower,0,5,11,0,16,0,0,28,7,35,0,5,39,7,51,16,10,26,77
05/01/2020,MKL,TN,ASO,ES,Federal Contract Tower,0,6,13,3,22,0,0,42,6,48,0,6,55,9,70,42,4,46,116
05/02/2020,MKL,TN,ASO,ES,Federal Contract Tower,0,2,5,0,7,0,0,15,3,18,0,2,20,3,25,16,0,16,41
05/03/2020,MKL,TN,ASO,ES,Federal Contract Tower,0,3,17,1,21,0,0,13,7,20,0,3,30,8,41,42,0,42,83
05/04/2020,MKL,TN,ASO,ES,Federal Contract Tower,0,3,6,0,9,0,0,11,0,11,0,3,17,0,20,32,0,32,52
05/05/2020,MKL,TN,ASO,ES,Federal Contract Tower,0,4,9,1,14,0,0,10,0,10,0,4,19,1,24,6,0,6,30
05/06/2020,MKL,TN,ASO,ES,Federal Contract Tower,0,4,18,0,22,0,0,10,1,11,0,4,28,1,33,4,0,4,37
05/07/2020,MKL,TN,ASO,ES,Federal Contract Tower,0,5,16,2,23,0,0,23,6,29,0,5,39,8,52,12,0,12,64
05/08/2020,MKL,TN,ASO,ES,Federal Contract Tower,0,5,5,2,12,0,0,2,4,6,0,5,7,6,18,0,0,0,18
05/09/2020,MKL,TN,ASO,ES,Federal Contract Tower,0,2,5,0,7,0,0,30,0,30,0,2,35,0,37,18,0,18,55
05/10/2020,MKL,TN,ASO,ES,Federal Contract Tower,0,6,5,0,11,0,0,22,0,22,0,6,27,0,33,10,0,10,43
05/11/2020,MKL,TN,ASO,ES,Federal Contract Tower,0,5,21,0,26,0,0,34,2,36,0,5,55,2,62,32,0,32,94
05/12/2020,MKL,TN,ASO,ES,Federal Contract Tower,0,7,17,0,24,0,0,13,3,16,0,7,30,3,40,22,0,22,62
05/13/2020,MKL,TN,ASO,ES,Federal Contract Tower,0,6,9,0,15,0,0,16,2,18,0,6,25,2,33,38,0,38,71
05/14/2020,MKL,TN,ASO,ES,Federal Contract Tower,0,7,6,0,13,0,0,20,4,24,0,7,26,4,37,14,0,14,51
05/15/2020,MKL,TN,ASO,ES,Federal Contract Tower,0,6,18,0,24,0,0,15,0,15,0,6,33,0,39,52,0,52,91
05/16/2020,MKL,TN,ASO,ES,Federal Contract Tower,0,6,7,1,14,0,0,30,0,30,0,6,37,1,44,36,0,36,80
05/17/2020,MKL,TN,ASO,ES,Federal Contract Tower,0,5,4,0,9,0,0,5,0,5,0,5,9,0,14,26,0,26,40
05/18/2020,MKL,TN,ASO,ES,Federal Contract Tower,0,6,5,0,11,0,0,32,1,33,0,6,37,1,44,66,0,66,110
05/19/2020,MKL,TN,ASO,ES,Federal Contract Tower,0,4,9,0,13,0,1,16,3,20,0,5,25,3,33,92,0,92,125
05/20/2020,MKL,TN,ASO,ES,Federal Contract Tower,0,5,17,1,23,0,0,40,6,46,0,5,57,7,69,38,0,38,107
05/21/2020,MKL,TN,ASO,ES,Federal Contract Tower,0,7,11,2,20,0,0,20,2,22,0,7,31,4,42,46,0,46,88
05/22/2020,MKL,TN,ASO,ES,Federal Contract Tower,0,7,8,0,15,0,0,7,0,7,0,7,15,0,22,0,0,0,22
05/23/2020,MKL,TN,ASO,ES,Federal Contract Tower,0,2,9,0,11,0,0,28,0,28,0,2,37,0,39,34,0,34,73
05/24/2020,MKL,TN,ASO,ES,Federal Contract Tower,0,4,13,0,17,0,0,26,0,26,0,4,39,0,43,54,0,54,97
05/25/2020,MKL,TN,ASO,ES,Federal Contract Tower,0,5,4,0,9,0,0,11,0,11,0,5,15,0,20,18,0,18,38
05/26/2020,MKL,TN,ASO,ES,Federal Contract Tower,0,7,8,0,15,0,0,13,0,13,0,7,21,0,28,16,0,16,44
05/27/2020,MKL,TN,ASO,ES,Federal Contract Tower,0,4,12,0,16,0,0,11,0,11,0,4,23,0,27,20,0,20,47
05/28/2020,MKL,TN,ASO,ES,Federal Contract Tower,0,13,11,0,24,0,0,16,2,18,0,13,27,2,42,2,0,2,44
05/29/2020,MKL,TN,ASO,ES,Federal Contract Tower,0,8,13,0,21,0,0,17,2,19,0,8,30,2,40,20,0,20,60
05/30/2020,MKL,TN,ASO,ES,Federal Contract Tower,0,2,21,0,23,0,0,65,0,65,0,2,86,0,88,44,0,44,132
05/31/2020,MKL,TN,ASO,ES,Federal Contract Tower,0,4,13,0,17,0,0,23,0,23,0,4,36,0,40,12,0,12,52
06/01/2020,MKL,TN,ASO,ES,Federal Contract Tower,0,4,16,0,20,0,0,31,3,34,0,4,47,3,54,24,0,24,78
06/02/2020,MKL,TN,ASO,ES,Federal Contract Tower,0,4,12,0,16,0,0,27,0,27,0,4,39,0,43,28,0,28,71
06/03/2020,MKL,TN,ASO,ES,Federal Contract Tower,0,4,22,2,28,0,0,31,0,31,0,4,53,2,59,54,0,54,113
06/04/2020,MKL,TN,ASO,ES,Federal Contract Tower,0,5,11,0,16,0,0,10,0,10,0,5,21,0,26,8,0,8,34
06/05/2020,MKL,TN,ASO,ES,Federal Contract Tower,0,7,9,0,16,0,0,21,0,21,0,7,30,0,37,12,0,12,49
06/06/2020,MKL,TN,ASO,ES,Federal Contract Tower,0,2,10,0,12,0,0,34,3,37,0,2,44,3,49,200,50,250,299
06/07/2020,MKL,TN,ASO,ES,Federal Contract Tower,0,3,6,0,9,0,0,21,6,27,0,3,27,6,36,30,44,74,110
06/08/2020,MKL,TN,ASO,ES,Federal Contract Tower,0,6,6,0,12,0,0,5,0,5,0,6,11,0,17,0,0,0,17
06/09/2020,MKL,TN,ASO,ES,Federal Contract Tower,0,4,7,0,11,0,0,0,0,0,0,4,7,0,11,0,0,0,11
06/10/2020,MKL,TN,ASO,ES,Federal Contract Tower,0,5,6,2,13,0,0,6,6,12,0,5,12,8,25,0,6,6,31
06/11/2020,MKL,TN,ASO,ES,Federal Contract Tower,0,5,14,0,19,0,0,33,12,45,0,5,47,12,64,26,20,46,110
06/12/2020,MKL,TN,ASO,ES,Federal Contract Tower,0,4,15,0,19,0,0,38,7,45,0,4,53,7,64,14,0,14,78
06/13/2020,MKL,TN,ASO,ES,Federal Contract Tower,0,2,7,0,9,0,0,31,0,31,0,2,38,0,40,14,0,14,54
06/14/2020,MKL,TN,ASO,ES,Federal Contract Tower,0,4,5,0,9,0,0,32,0,32,0,4,37,0,41,16,0,16,57
06/15/2020,MKL,TN,ASO,ES,Federal Contract Tower,0,4,6,1,11,0,0,36,6,42,0,4,42,7,53,42,0,42,95
06/16/2020,MKL,TN,ASO,ES,Federal Contract Tower,0,4,18,0,22,0,0,17,1,18,0,4,35,1,40,22,0,22,62
06/17/2020,MKL,TN,ASO,ES,Federal Contract Tower,0,7,9,3,19,0,0,31,5,36,0,7,40,8,55,36,4,40,95
06/18/2020,MKL,TN,ASO,ES,Federal Contract Tower,0,5,10,3,18,0,0,49,5,54,0,5,59,8,72,52,12,64,136
06/19/2020,MKL,TN,ASO,ES,Federal Contract Tower,0,4,8,3,15,0,0,46,5,51,0,4,54,8,66,16,0,16,82
06/20/2020,MKL,TN,ASO,ES,Federal Contract Tower,0,2,8,0,10,0,0,25,0,25,0,2,33,0,35,32,0,32,67
06/21/2020,MKL,TN,ASO,ES,Federal Contract Tower,0,5,3,0,8,0,0,14,0,14,0,5,17,0,22,2,0,2,24
06/22/2020,MKL,TN,ASO,ES,Federal Contract Tower,0,5,12,0,17,0,0,10,0,10,0,5,22,0,27,28,0,28,55
06/23/2020,MKL,TN,ASO,ES,Federal Contract Tower,0,9,13,0,22,0,0,11,11,22,0,9,24,11,44,14,0,14,58
06/24/2020,MKL,TN,ASO,ES,Federal Contract Tower,0,12,9,0,21,0,0,25,10,35,0,12,34,10,56,24,14,38,94
06/25/2020,MKL,TN,ASO,ES,Federal Contract Tower,0,5,8,1,14,0,0,39,5,44,0,5,47,6,58,26,10,36,94
06/26/2020,MKL,TN,ASO,ES,Federal Contract Tower,0,7,15,0,22,0,0,6,0,6,0,7,21,0,28,0,0,0,28
06/27/2020,MKL,TN,ASO,ES,Federal Contract Tower,0,2,2,0,4,0,0,2,0,2,0,2,4,0,6,0,0,0,6
06/28/2020,MKL,TN,ASO,ES,Federal Contract Tower,0,9,8,0,17,0,0,43,6,49,0,9,51,6,66,24,0,24,90
06/29/2020,MKL,TN,ASO,ES,Federal Contract Tower,0,4,12,0,16,0,0,202,0,202,0,4,214,0,218,48,0,48,266
06/30/2020,MKL,TN,ASO,ES,Federal Contract Tower,0,4,12,0,16,0,0,44,3,47,0,4,56,3,63,22,0,22,85
07/01/2020,MKL,TN,ASO,ES,Federal Contract Tower,0,3,8,0,11,0,0,43,0,43,0,3,51,0,54,16,0,16,70
07/02/2020,MKL,TN,ASO,ES,Federal Contract Tower,0,6,6,0,12,0,0,78,2,80,0,6,84,2,92,6,0,6,98
07/03/2020,MKL,TN,ASO,ES,Federal Contract Tower,0,6,5,0,11,0,0,90,0,90,0,6,95,0,101,62,0,62,163
07/04/2020,MKL,TN,ASO,ES,Federal Contract Tower,0,2,10,0,12,0,0,26,0,26,0,2,36,0,38,78,0,78,116
07/05/2020,MKL,TN,ASO,ES,Federal Contract Tower,0,3,4,0,7,0,0,22,0,22,0,3,26,0,29,56,0,56,85
07/06/2020,MKL,TN,ASO,ES,Federal Contract Tower,0,3,12,0,15,0,0,18,0,18,0,3,30,0,33,62,0,62,95
07/07/2020,MKL,TN,ASO,ES,Federal Contract Tower,0,6,12,0,18,0,0,24,4,28,0,6,36,4,46,40,0,40,86
07/08/2020,MKL,TN,ASO,ES,Federal Contract Tower,0,4,11,0,15,0,0,23,4,27,0,4,34,4,42,66,6,72,114
07/09/2020,MKL,TN,ASO,ES,Federal Contract Tower,0,4,21,1,26,0,0,40,9,49,0,4,61,10,75,12,6,18,93
07/10/2020,MKL,TN,ASO,ES,Federal Contract Tower,0,6,12,2,20,0,0,61,8,69,0,6,73,10,89,46,4,50,139
07/11/2020,MKL,TN,ASO,ES,Federal Contract Tower,0,2,15,0,17,0,0,99,16,115,0,2,114,16,132,70,42,112,244
07/12/2020,MKL,TN,ASO,ES,Federal Contract Tower,0,3,8,0,11,0,0,19,0,19,0,3,27,0,30,26,0,26,56
07/13/2020,MKL,TN,ASO,ES,Federal Contract Tower,0,4,11,0,15,0,0,119,8,127,0,4,130,8,142,30,26,56,198
07/14/2020,MKL,TN,ASO,ES,Federal Contract Tower,0,6,14,0,20,0,0,54,7,61,0,6,68,7,81,40,0,40,121
07/15/2020,MKL,TN,ASO,ES,Federal Contract Tower,0,7,13,1,21,0,0,34,10,44,0,7,47,11,65,40,6,46,111
07/16/2020,MKL,TN,ASO,ES,Federal Contract Tower,0,5,7,0,12,0,0,56,5,61,0,5,63,5,73,14,0,14,87
07/17/2020,MKL,TN,ASO,ES,Federal Contract Tower,0,3,9,0,12,0,0,77,4,81,0,3,86,4,93,16,0,16,109
07/18/2020,MKL,TN,ASO,ES,Federal Contract Tower,0,2,12,1,15,0,0,74,4,78,0,2,86,5,93,22,4,26,119
07/19/2020,MKL,TN,ASO,ES,Federal Contract Tower,0,3,4,0,7,0,0,45,0,45,0,3,49,0,52,54,0,54,106
07/20/2020,MKL,TN,ASO,ES,Federal Contract Tower,0,3,6,1,10,0,0,66,2,68,0,3,72,3,78,10,0,10,88
07/21/2020,MKL,TN,ASO,ES,Federal Contract Tower,0,4,10,0,14,0,0,59,9,68,0,4,69,9,82,214,0,214,296
07/22/2020,MKL,TN,ASO,ES,Federal Contract Tower,0,5,16,0,21,0,0,31,6,37,0,5,47,6,58,116,10,126,184
07/23/2020,MKL,TN,ASO,ES,Federal Contract Tower,0,4,11,0,15,0,0,13,0,13,0,4,24,0,28,30,0,30,58
07/24/2020,MKL,TN,ASO,ES,Federal Contract Tower,0,3,11,4,18,0,0,43,10,53,0,3,54,14,71,44,22,66,137
07/25/2020,MKL,TN,ASO,ES,Federal Contract Tower,0,2,6,0,8,0,0,28,2,30,0,2,34,2,38,56,0,56,94
07/26/2020,MKL,TN,ASO,ES,Federal Contract Tower,0,3,9,0,12,0,0,26,0,26,0,3,35,0,38,14,0,14,52
07/27/2020,MKL,TN,ASO,ES,Federal Contract Tower,0,6,16,6,28,0,0,38,3,41,0,6,54,9,69,48,0,48,117
07/28/2020,MKL,TN,ASO,ES,Federal Contract Tower,0,3,9,2,14,0,0,35,5,40,0,3,44,7,54,24,2,26,80
07/29/2020,MKL,TN,ASO,ES,Federal Contract Tower,0,5,6,0,11,0,0,12,3,15,0,5,18,3,26,36,0,36,62
07/30/2020,MKL,TN,ASO,ES,Federal Contract Tower,0,6,5,0,11,0,0,7,4,11,0,6,12,4,22,14,4,18,40
07/31/2020,MKL,TN,ASO,ES,Federal Contract Tower,0,8,8,2,18,0,0,14,0,14,0,8,22,2,32,8,0,8,40
08/01/2020,MKL,TN,ASO,ES,Federal Contract Tower,0,2,8,0,10,0,0,1,0,1,0,2,9,0,11,0,0,0,11
08/02/2020,MKL,TN,ASO,ES,Federal Contract Tower,0,5,2,0,7,0,0,17,0,17,0,5,19,0,24,8,0,8,32
08/03/2020,MKL,TN,ASO,ES,Federal Contract Tower,0,4,15,2,21,0,0,33,0,33,0,4,48,2,54,48,0,48,102
08/04/2020,MKL,TN,ASO,ES,Federal Contract Tower,0,4,12,2,18,0,0,23,0,23,0,4,35,2,41,14,0,14,55
08/05/2020,MKL,TN,ASO,ES,Federal Contract Tower,0,6,11,1,18,0,0,35,4,39,0,6,46,5,57,104,0,104,161
08/06/2020,MKL,TN,ASO,ES,Federal Contract Tower,0,4,15,1,20,0,0,35,9,44,0,4,50,10,64,108,10,118,182
08/07/2020,MKL,TN,ASO,ES,Federal Contract Tower,0,6,22,1,29,0,0,31,6,37,0,6,53,7,66,6,0,6,72
08/08/2020,MKL,TN,ASO,ES,Federal Contract Tower,0,2,8,0,10,0,0,24,9,33,0,2,32,9,43,10,0,10,53
08/09/2020,MKL,TN,ASO,ES,Federal Contract Tower,0,3,9,0,12,0,0,35,5,40,0,3,44,5,52,48,0,48,100
08/10/2020,MKL,TN,ASO,ES,Federal Contract Tower,0,3,9,0,12,0,1,8,3,12,0,4,17,3,24,10,0,10,34
08/11/2020,MKL,TN,ASO,ES,Federal Contract Tower,0,9,3,0,12,0,0,9,1,10,0,9,12,1,22,4,0,4,26
08/12/2020,MKL,TN,ASO,ES,Federal Contract Tower,0,4,11,1,16,0,0,20,3,23,0,4,31,4,39,40,0,40,79
08/13/2020,MKL,TN,ASO,ES,Federal Contract Tower,0,4,6,0,10,0,0,18,5,23,0,4,24,5,33,20,4,24,57
08/14/2020,MKL,TN,ASO,ES,Federal Contract Tower,0,4,12,0,16,0,0,4,0,4,0,4,16,0,20,20,0,20,40
08/15/2020,MKL,TN,ASO,ES,Federal Contract Tower,0,2,11,0,13,0,0,43,0,43,0,2,54,0,56,46,0,46,102
08/16/2020,MKL,TN,ASO,ES,Federal Contract Tower,0,5,9,0,14,0,0,25,0,25,0,5,34,0,39,32,0,32,71
08/17/2020,MKL,TN,ASO,ES,Federal Contract Tower,0,6,5,0,11,0,0,28,0,28,0,6,33,0,39,14,0,14,53
08/18/2020,MKL,TN,ASO,ES,Federal Contract Tower,0,4,14,0,18,0,0,26,2,28,0,4,40,2,46,24,0,24,70
08/19/2020,MKL,TN,ASO,ES,Federal Contract Tower,0,6,5,0,11,0,0,13,6,19,0,6,18,6,30,16,0,16,46
08/20/2020,MKL,TN,ASO,ES,Federal Contract Tower,0,4,17,2,23,0,0,21,13,34,0,4,38,15,57,28,2,30,87
08/21/2020,MKL,TN,ASO,ES,Federal Contract Tower,0,4,8,0,12,0,0,8,1,9,0,4,16,1,21,8,2,10,31
08/22/2020,MKL,TN,ASO,ES,Federal Contract Tower,0,2,4,0,6,0,0,12,6,18,0,2,16,6,24,0,8,8,32
08/23/2020,MKL,TN,ASO,ES,Federal Contract Tower,0,3,9,0,12,0,0,12,11,23,0,3,21,11,35,4,8,12,47
08/24/2020,MKL,TN,ASO,ES,Federal Contract Tower,0,4,13,0,17,0,0,17,2,19,0,4,30,2,36,16,0,16,52
08/25/2020,MKL,TN,ASO,ES,Federal Contract Tower,0,5,10,1,16,0,0,17,8,25,0,5,27,9,41,10,0,10,51
08/26/2020,MKL,TN,ASO,ES,Federal Contract Tower,0,4,12,0,16,0,0,10,2,12,0,4,22,2,28,42,0,42,70
08/27/2020,MKL,TN,ASO,ES,Federal Contract Tower,0,4,7,1,12,0,0,5,5,10,0,4,12,6,22,22,0,22,44
08/28/2020,MKL,TN,ASO,ES,Federal Contract Tower,0,0,0,0,0,0,0,0,0,0,0,0,0,0,0,0,0,0,0
08/29/2020,MKL,TN,ASO,ES,Federal Contract Tower,0,3,4,0,7,0,0,15,0,15,0,3,19,0,22,32,0,32,54
08/30/2020,MKL,TN,ASO,ES,Federal Contract Tower,0,5,17,0,22,0,0,3,0,3,0,5,20,0,25,8,0,8,33
08/31/2020,MKL,TN,ASO,ES,Federal Contract Tower,0,5,7,0,12,0,0,10,0,10,0,5,17,0,22,0,0,0,22
09/01/2020,MKL,TN,ASO,ES,Federal Contract Tower,0,5,6,0,11,0,0,12,0,12,0,5,18,0,23,0,0,0,23
09/02/2020,MKL,TN,ASO,ES,Federal Contract Tower,0,7,4,2,13,0,0,2,7,9,0,7,6,9,22,0,6,6,28
09/03/2020,MKL,TN,ASO,ES,Federal Contract Tower,0,4,8,0,12,0,0,10,7,17,0,4,18,7,29,12,0,12,41
09/04/2020,MKL,TN,ASO,ES,Federal Contract Tower,0,5,24,0,29,0,0,16,0,16,0,5,40,0,45,16,0,16,61
09/05/2020,MKL,TN,ASO,ES,Federal Contract Tower,0,2,9,0,11,0,0,23,0,23,0,2,32,0,34,6,0,6,40
09/06/2020,MKL,TN,ASO,ES,Federal Contract Tower,0,3,4,0,7,0,0,19,2,21,0,3,23,2,28,14,0,14,42
09/07/2020,MKL,TN,ASO,ES,Federal Contract Tower,0,4,10,0,14,0,0,28,0,28,0,4,38,0,42,52,0,52,94
09/08/2020,MKL,TN,ASO,ES,Federal Contract Tower,0,5,18,0,23,0,0,31,2,33,0,5,49,2,56,26,0,26,82
09/09/2020,MKL,TN,ASO,ES,Federal Contract Tower,0,4,4,1,9,0,0,65,3,68,0,4,69,4,77,28,0,28,105
09/10/2020,MKL,TN,ASO,ES,Federal Contract Tower,0,4,9,1,14,0,0,43,7,50,0,4,52,8,64,36,0,36,100
09/11/2020,MKL,TN,ASO,ES,Federal Contract Tower,0,4,13,4,21,0,0,21,5,26,0,4,34,9,47,22,2,24,71
09/12/2020,MKL,TN,ASO,ES,Federal Contract Tower,0,1,4,0,5,0,0,5,0,5,0,1,9,0,10,12,0,12,22
09/13/2020,MKL,TN,ASO,ES,Federal Contract Tower,0,3,7,0,10,0,0,9,6,15,0,3,16,6,25,10,2,12,37
09/14/2020,MKL,TN,ASO,ES,Federal Contract Tower,0,3,16,0,19,0,0,19,1,20,0,3,35,1,39,16,0,16,55
09/15/2020,MKL,TN,ASO,ES,Federal Contract Tower,0,10,11,1,22,0,0,16,7,23,0,10,27,8,45,26,0,26,71
09/16/2020,MKL,TN,ASO,ES,Federal Contract Tower,0,4,12,0,16,0,0,15,0,15,0,4,27,0,31,22,0,22,53
09/17/2020,MKL,TN,ASO,ES,Federal Contract Tower,0,3,5,0,8,0,0,12,10,22,0,3,17,10,30,2,0,2,32
09/18/2020,MKL,TN,ASO,ES,Federal Contract Tower,0,5,12,0,17,0,0,14,2,16,0,5,26,2,33,10,0,10,43
09/19/2020,MKL,TN,ASO,ES,Federal Contract Tower,0,2,6,0,8,0,0,29,0,29,0,2,35,0,37,66,0,66,103
09/20/2020,MKL,TN,ASO,ES,Federal Contract Tower,0,3,9,0,12,0,0,31,0,31,0,3,40,0,43,16,0,16,59
09/21/2020,MKL,TN,ASO,ES,Federal Contract Tower,0,4,6,0,10,0,0,24,0,24,0,4,30,0,34,22,0,22,56
09/22/2020,MKL,TN,ASO,ES,Federal Contract Tower,0,6,7,2,15,0,0,32,1,33,0,6,39,3,48,50,0,50,98
09/23/2020,MKL,TN,ASO,ES,Federal Contract Tower,0,6,15,0,21,0,0,8,0,8,0,6,23,0,29,2,0,2,31
09/24/2020,MKL,TN,ASO,ES,Federal Contract Tower,0,8,11,0,19,0,0,0,0,0,0,8,11,0,19,2,0,2,21
09/25/2020,MKL,TN,ASO,ES,Federal Contract Tower,0,4,12,0,16,0,0,4,3,7,0,4,16,3,23,0,4,4,27
09/26/2020,MKL,TN,ASO,ES,Federal Contract Tower,0,1,8,0,9,0,0,58,0,58,0,1,66,0,67,34,0,34,101
09/27/2020,MKL,TN,ASO,ES,Federal Contract Tower,0,3,2,0,5,0,0,39,0,39,0,3,41,0,44,132,0,132,176
09/28/2020,MKL,TN,ASO,ES,Federal Contract Tower,0,4,6,0,10,0,0,8,0,8,0,4,14,0,18,0,0,0,18
09/29/2020,MKL,TN,ASO,ES,Federal Contract Tower,0,4,15,4,23,0,0,16,0,16,0,4,31,4,39,16,0,16,55
09/30/2020,MKL,TN,ASO,ES,Federal Contract Tower,0,6,17,1,24,0,0,16,0,16,0,6,33,1,40,4,0,4,44
10/01/2020,MKL,TN,ASO,ES,Federal Contract Tower,0,5,11,0,16,0,0,17,2,19,0,5,28,2,35,18,0,18,53
10/02/2020,MKL,TN,ASO,ES,Federal Contract Tower,0,4,12,0,16,0,0,91,6,97,0,4,103,6,113,24,0,24,137
10/03/2020,MKL,TN,ASO,ES,Federal Contract Tower,0,1,23,0,24,0,0,55,2,57,0,1,78,2,81,70,0,70,151
10/04/2020,MKL,TN,ASO,ES,Federal Contract Tower,0,5,14,0,19,0,0,35,0,35,0,5,49,0,54,50,0,50,104
10/05/2020,MKL,TN,ASO,ES,Federal Contract Tower,0,3,7,0,10,0,0,48,3,51,0,3,55,3,61,38,0,38,99
10/06/2020,MKL,TN,ASO,ES,Federal Contract Tower,0,6,7,0,13,0,0,46,3,49,0,6,53,3,62,68,0,68,130
10/07/2020,MKL,TN,ASO,ES,Federal Contract Tower,0,4,13,3,20,0,0,35,3,38,0,4,48,6,58,74,2,76,134
10/08/2020,MKL,TN,ASO,ES,Federal Contract Tower,0,4,19,1,24,0,0,84,8,92,0,4,103,9,116,72,8,80,196
10/09/2020,MKL,TN,ASO,ES,Federal Contract Tower,0,4,7,0,11,0,0,29,0,29,0,4,36,0,40,0,0,0,40
10/10/2020,MKL,TN,ASO,ES,Federal Contract Tower,0,1,0,0,1,0,0,0,0,0,0,1,0,0,1,0,0,0,1
10/11/2020,MKL,TN,ASO,ES,Federal Contract Tower,0,3,14,0,17,0,0,7,0,7,0,3,21,0,24,6,0,6,30
10/12/2020,MKL,TN,ASO,ES,Federal Contract Tower,0,4,16,0,20,0,0,19,0,19,0,4,35,0,39,6,0,6,45
10/13/2020,MKL,TN,ASO,ES,Federal Contract Tower,0,4,8,0,12,0,0,62,0,62,0,4,70,0,74,22,0,22,96
10/14/2020,MKL,TN,ASO,ES,Federal Contract Tower,0,7,10,0,17,0,0,60,0,60,0,7,70,0,77,38,0,38,115
10/15/2020,MKL,TN,ASO,ES,Federal Contract Tower,0,3,17,3,23,0,0,20,4,24,0,3,37,7,47,4,10,14,61
10/16/2020,MKL,TN,ASO,ES,Federal Contract Tower,0,4,23,0,27,0,0,34,4,38,0,4,57,4,65,26,0,26,91
10/17/2020,MKL,TN,ASO,ES,Federal Contract Tower,0,1,12,1,14,0,0,18,3,21,0,1,30,4,35,36,4,40,75
10/18/2020,MKL,TN,ASO,ES,Federal Contract Tower,0,5,10,2,17,0,0,20,3,23,0,5,30,5,40,22,4,26,66
10/19/2020,MKL,TN,ASO,ES,Federal Contract Tower,0,4,6,0,10,0,0,23,0,23,0,4,29,0,33,4,0,4,37
10/20/2020,MKL,TN,ASO,ES,Federal Contract Tower,0,3,17,4,24,0,0,21,2,23,0,3,38,6,47,64,6,70,117
10/21/2020,MKL,TN,ASO,ES,Federal Contract Tower,0,4,7,0,11,0,0,19,5,24,0,4,26,5,35,40,0,40,75
10/22/2020,MKL,TN,ASO,ES,Federal Contract Tower,0,5,15,0,20,0,0,48,13,61,0,5,63,13,81,6,4,10,91
10/23/2020,MKL,TN,ASO,ES,Federal Contract Tower,0,4,6,0,10,0,0,11,0,11,0,4,17,0,21,2,0,2,23
10/24/2020,MKL,TN,ASO,ES,Federal Contract Tower,0,4,14,0,18,0,0,0,0,0,0,4,14,0,18,4,0,4,22
10/25/2020,MKL,TN,ASO,ES,Federal Contract Tower,0,5,6,0,11,0,0,0,0,0,0,5,6,0,11,0,0,0,11
10/26/2020,MKL,TN,ASO,ES,Federal Contract Tower,0,4,16,0,20,0,0,0,0,0,0,4,16,0,20,0,0,0,20
10/27/2020,MKL,TN,ASO,ES,Federal Contract Tower,0,4,16,0,20,0,0,2,0,2,0,4,18,0,22,0,0,0,22
10/28/2020,MKL,TN,ASO,ES,Federal Contract Tower,0,6,7,0,13,0,0,0,0,0,0,6,7,0,13,0,0,0,13
10/29/2020,MKL,TN,ASO,ES,Federal Contract Tower,0,5,9,0,14,0,0,0,0,0,0,5,9,0,14,0,0,0,14
10/30/2020,MKL,TN,ASO,ES,Federal Contract Tower,0,4,17,0,21,0,0,38,3,41,0,4,55,3,62,20,0,20,82
10/31/2020,MKL,TN,ASO,ES,Federal Contract Tower,0,2,25,0,27,0,0,30,0,30,0,2,55,0,57,24,0,24,81
11/01/2020,MKL,TN,ASO,ES,Federal Contract Tower,0,3,11,0,14,0,0,12,0,12,0,3,23,0,26,0,0,0,26
11/02/2020,MKL,TN,ASO,ES,Federal Contract Tower,0,4,7,0,11,0,0,42,2,44,0,4,49,2,55,52,0,52,107
11/03/2020,MKL,TN,ASO,ES,Federal Contract Tower,0,7,12,0,19,0,0,35,3,38,0,7,47,3,57,58,0,58,115
11/04/2020,MKL,TN,ASO,ES,Federal Contract Tower,0,4,10,2,16,0,0,38,6,44,0,4,48,8,60,104,0,104,164
11/05/2020,MKL,TN,ASO,ES,Federal Contract Tower,0,4,14,0,18,0,0,25,11,36,0,4,39,11,54,46,10,56,110
11/06/2020,MKL,TN,ASO,ES,Federal Contract Tower,0,4,13,1,18,0,0,36,10,46,0,4,49,11,64,52,4,56,120
11/07/2020,MKL,TN,ASO,ES,Federal Contract Tower,0,2,2,1,5,0,0,29,7,36,0,2,31,8,41,38,0,38,79
11/08/2020,MKL,TN,ASO,ES,Federal Contract Tower,0,3,9,4,16,0,0,12,3,15,0,3,21,7,31,22,4,26,57
11/09/2020,MKL,TN,ASO,ES,Federal Contract Tower,0,4,11,1,16,0,0,9,0,9,0,4,20,1,25,4,0,4,29
11/10/2020,MKL,TN,ASO,ES,Federal Contract Tower,0,4,16,2,22,0,0,1,2,3,0,4,17,4,25,4,4,8,33
11/11/2020,MKL,TN,ASO,ES,Federal Contract Tower,10,4,22,0,36,0,0,36,0,36,10,4,58,0,72,38,0,38,110
11/12/2020,MKL,TN,ASO,ES,Federal Contract Tower,0,4,20,0,24,0,1,42,5,48,0,5,62,5,72,32,0,32,104
11/13/2020,MKL,TN,ASO,ES,Federal Contract Tower,0,4,21,3,28,0,0,40,4,44,0,4,61,7,72,26,4,30,102
11/14/2020,MKL,TN,ASO,ES,Federal Contract Tower,0,1,6,0,7,0,1,14,0,15,0,2,20,0,22,30,0,30,52
11/15/2020,MKL,TN,ASO,ES,Federal Contract Tower,0,3,8,0,11,0,0,1,0,1,0,3,9,0,12,0,0,0,12
11/16/2020,MKL,TN,ASO,ES,Federal Contract Tower,0,6,8,0,14,0,0,32,0,32,0,6,40,0,46,40,0,40,86
11/17/2020,MKL,TN,ASO,ES,Federal Contract Tower,0,5,10,1,16,0,0,20,9,29,0,5,30,10,45,14,2,16,61
11/18/2020,MKL,TN,ASO,ES,Federal Contract Tower,0,4,7,0,11,0,0,36,1,37,0,4,43,1,48,16,0,16,64
11/19/2020,MKL,TN,ASO,ES,Federal Contract Tower,0,4,8,0,12,0,0,7,8,15,0,4,15,8,27,16,10,26,53
11/20/2020,MKL,TN,ASO,ES,Federal Contract Tower,0,4,22,1,27,0,0,18,6,24,0,4,40,7,51,36,0,36,87
11/21/2020,MKL,TN,ASO,ES,Federal Contract Tower,0,2,9,0,11,0,0,43,4,47,0,2,52,4,58,48,0,48,106
11/22/2020,MKL,TN,ASO,ES,Federal Contract Tower,0,3,7,0,10,0,0,0,0,0,0,3,7,0,10,0,0,0,10
11/23/2020,MKL,TN,ASO,ES,Federal Contract Tower,0,6,7,0,13,0,0,16,1,17,0,6,23,1,30,6,0,6,36
11/24/2020,MKL,TN,ASO,ES,Federal Contract Tower,0,3,14,0,17,0,0,16,5,21,0,3,30,5,38,24,0,24,62
11/25/2020,MKL,TN,ASO,ES,Federal Contract Tower,0,5,6,0,11,0,0,4,0,4,0,5,10,0,15,0,0,0,15
11/26/2020,MKL,TN,ASO,ES,Federal Contract Tower,0,4,5,0,9,0,0,12,0,12,0,4,17,0,21,0,0,0,21
11/27/2020,MKL,TN,ASO,ES,Federal Contract Tower,0,4,6,0,10,0,0,14,0,14,0,4,20,0,24,28,0,28,52
11/28/2020,MKL,TN,ASO,ES,Federal Contract Tower,0,4,6,0,10,0,0,32,0,32,0,4,38,0,42,32,0,32,74
11/29/2020,MKL,TN,ASO,ES,Federal Contract Tower,0,3,15,0,18,0,0,7,0,7,0,3,22,0,25,0,0,0,25
11/30/2020,MKL,TN,ASO,ES,Federal Contract Tower,0,5,4,0,9,0,0,5,0,5,0,5,9,0,14,0,0,0,14
12/01/2020,MKL,TN,ASO,ES,Federal Contract Tower,0,4,12,2,18,0,0,23,2,25,0,4,35,4,43,40,0,40,83
12/02/2020,MKL,TN,ASO,ES,Federal Contract Tower,0,3,10,1,14,0,0,25,7,32,0,3,35,8,46,40,18,58,104
12/03/2020,MKL,TN,ASO,ES,Federal Contract Tower,0,4,1,0,5,0,0,0,0,0,0,4,1,0,5,0,0,0,5
12/04/2020,MKL,TN,ASO,ES,Federal Contract Tower,0,4,13,0,17,0,0,2,12,14,0,4,15,12,31,0,36,36,67
12/05/2020,MKL,TN,ASO,ES,Federal Contract Tower,0,2,7,0,9,0,0,31,2,33,0,2,38,2,42,10,2,12,54
12/06/2020,MKL,TN,ASO,ES,Federal Contract Tower,0,3,4,0,7,0,0,17,0,17,0,3,21,0,24,22,0,22,46
12/07/2020,MKL,TN,ASO,ES,Federal Contract Tower,0,4,9,0,13,0,0,10,0,10,0,4,19,0,23,2,0,2,25
12/08/2020,MKL,TN,ASO,ES,Federal Contract Tower,0,4,8,1,13,0,0,24,4,28,0,4,32,5,41,28,0,28,69
12/09/2020,MKL,TN,ASO,ES,Federal Contract Tower,0,4,11,0,15,0,0,38,2,40,0,4,49,2,55,6,0,6,61
12/10/2020,MKL,TN,ASO,ES,Federal Contract Tower,0,8,3,0,11,0,0,21,4,25,0,8,24,4,36,16,4,20,56
12/11/2020,MKL,TN,ASO,ES,Federal Contract Tower,0,2,9,0,11,0,0,9,0,9,0,2,18,0,20,0,0,0,20
12/12/2020,MKL,TN,ASO,ES,Federal Contract Tower,0,2,5,0,7,0,0,19,0,19,0,2,24,0,26,10,0,10,36
12/13/2020,MKL,TN,ASO,ES,Federal Contract Tower,0,3,12,0,15,0,0,5,0,5,0,3,17,0,20,8,0,8,28
12/14/2020,MKL,TN,ASO,ES,Federal Contract Tower,0,4,9,0,13,0,0,8,0,8,0,4,17,0,21,0,0,0,21
12/15/2020,MKL,TN,ASO,ES,Federal Contract Tower,0,4,8,0,12,0,0,0,3,3,0,4,8,3,15,0,6,6,21
12/16/2020,MKL,TN,ASO,ES,Federal Contract Tower,0,1,11,0,12,0,0,1,0,1,0,1,12,0,13,0,0,0,13
12/17/2020,MKL,TN,ASO,ES,Federal Contract Tower,0,4,13,1,18,0,0,23,14,37,0,4,36,15,55,14,8,22,77
12/18/2020,MKL,TN,ASO,ES,Federal Contract Tower,0,4,14,1,19,0,0,20,9,29,0,4,34,10,48,4,20,24,72
12/19/2020,MKL,TN,ASO,ES,Federal Contract Tower,0,1,6,0,7,0,0,1,5,6,0,1,7,5,13,0,16,16,29
12/20/2020,MKL,TN,ASO,ES,Federal Contract Tower,0,5,5,0,10,0,0,1,3,4,0,5,6,3,14,0,16,16,30
12/21/2020,MKL,TN,ASO,ES,Federal Contract Tower,0,4,17,0,21,0,0,21,0,21,0,4,38,0,42,16,0,16,58
12/22/2020,MKL,TN,ASO,ES,Federal Contract Tower,0,4,12,0,16,0,0,25,0,25,0,4,37,0,41,10,0,10,51
12/23/2020,MKL,TN,ASO,ES,Federal Contract Tower,0,4,5,0,9,0,0,2,0,2,0,4,7,0,11,0,0,0,11
12/24/2020,MKL,TN,ASO,ES,Federal Contract Tower,0,4,6,0,10,0,0,8,0,8,0,4,14,0,18,8,0,8,26
12/25/2020,MKL,TN,ASO,ES,Federal Contract Tower,0,4,0,0,4,0,0,4,0,4,0,4,4,0,8,0,0,0,8
12/26/2020,MKL,TN,ASO,ES,Federal Contract Tower,0,3,8,0,11,0,0,28,0,28,0,3,36,0,39,4,0,4,43
12/27/2020,MKL,TN,ASO,ES,Federal Contract Tower,0,5,10,0,15,0,2,8,0,10,0,7,18,0,25,8,0,8,33
12/28/2020,MKL,TN,ASO,ES,Federal Contract Tower,0,4,7,0,11,0,0,32,0,32,0,4,39,0,43,82,0,82,125
12/29/2020,MKL,TN,ASO,ES,Federal Contract Tower,0,4,13,0,17,0,0,23,4,27,0,4,36,4,44,80,0,80,124
12/30/2020,MKL,TN,ASO,ES,Federal Contract Tower,0,4,2,0,6,0,0,4,0,4,0,4,6,0,10,22,0,22,32
12/31/2020,MKL,TN,ASO,ES,Federal Contract Tower,0,4,3,0,7,0,0,0,0,0,0,4,3,0,7,0,0,0,7
01/01/2021,MKL,TN,ASO,ES,Federal Contract Tower,0,5,2,0,7,0,0,4,0,4,0,5,6,0,11,0,0,0,11
01/02/2021,MKL,TN,ASO,ES,Federal Contract Tower,0,2,18,0,20,0,0,5,0,5,0,2,23,0,25,18,0,18,43
01/03/2021,MKL,TN,ASO,ES,Federal Contract Tower,0,5,8,0,13,0,0,35,0,35,0,5,43,0,48,50,0,50,98
01/04/2021,MKL,TN,ASO,ES,Federal Contract Tower,0,3,14,0,17,0,0,22,0,22,0,3,36,0,39,8,0,8,47
01/05/2021,MKL,TN,ASO,ES,Federal Contract Tower,0,5,4,3,12,0,0,30,4,34,0,5,34,7,46,44,0,44,90
01/06/2021,MKL,TN,ASO,ES,Federal Contract Tower,0,4,9,0,13,0,0,19,0,19,0,4,28,0,32,14,0,14,46
01/07/2021,MKL,TN,ASO,ES,Federal Contract Tower,0,4,7,0,11,0,0,0,0,0,0,4,7,0,11,0,0,0,11
01/08/2021,MKL,TN,ASO,ES,Federal Contract Tower,0,4,5,0,9,0,0,5,0,5,0,4,10,0,14,30,0,30,44
01/09/2021,MKL,TN,ASO,ES,Federal Contract Tower,0,1,0,0,1,0,0,9,0,9,0,1,9,0,10,40,0,40,50
01/10/2021,MKL,TN,ASO,ES,Federal Contract Tower,0,3,6,0,9,0,0,7,0,7,0,3,13,0,16,2,0,2,18
01/11/2021,MKL,TN,ASO,ES,Federal Contract Tower,0,2,6,0,8,0,0,0,0,0,0,2,6,0,8,0,0,0,8
01/12/2021,MKL,TN,ASO,ES,Federal Contract Tower,0,4,12,1,17,0,0,48,2,50,0,4,60,3,67,66,0,66,133
01/13/2021,MKL,TN,ASO,ES,Federal Contract Tower,0,4,13,0,17,0,0,17,2,19,0,4,30,2,36,50,0,50,86
01/14/2021,MKL,TN,ASO,ES,Federal Contract Tower,0,4,11,0,15,0,0,32,0,32,0,4,43,0,47,26,0,26,73
01/15/2021,MKL,TN,ASO,ES,Federal Contract Tower,0,6,9,0,15,0,0,8,0,8,0,6,17,0,23,4,0,4,27
01/16/2021,MKL,TN,ASO,ES,Federal Contract Tower,0,2,7,0,9,0,0,28,0,28,0,2,35,0,37,44,0,44,81
01/17/2021,MKL,TN,ASO,ES,Federal Contract Tower,0,3,9,0,12,0,0,18,0,18,0,3,27,0,30,16,0,16,46
01/18/2021,MKL,TN,ASO,ES,Federal Contract Tower,0,4,16,0,20,0,0,36,0,36,0,4,52,0,56,42,0,42,98
01/19/2021,MKL,TN,ASO,ES,Federal Contract Tower,0,4,17,0,21,0,0,33,0,33,0,4,50,0,54,46,0,46,100
01/20/2021,MKL,TN,ASO,ES,Federal Contract Tower,0,4,21,0,25,0,0,27,2,29,0,4,48,2,54,44,2,46,100
01/21/2021,MKL,TN,ASO,ES,Federal Contract Tower,0,4,8,2,14,0,0,9,3,12,0,4,17,5,26,22,0,22,48
01/22/2021,MKL,TN,ASO,ES,Federal Contract Tower,0,4,8,0,12,0,0,24,2,26,0,4,32,2,38,32,0,32,70
01/23/2021,MKL,TN,ASO,ES,Federal Contract Tower,0,1,8,0,9,0,0,21,6,27,0,1,29,6,36,4,0,4,40
01/24/2021,MKL,TN,ASO,ES,Federal Contract Tower,0,3,12,15,30,0,0,3,9,12,0,3,15,24,42,0,26,26,68
01/25/2021,MKL,TN,ASO,ES,Federal Contract Tower,0,4,6,0,10,0,0,3,0,3,0,4,9,0,13,0,0,0,13
01/26/2021,MKL,TN,ASO,ES,Federal Contract Tower,0,4,15,1,20,0,0,41,0,41,0,4,56,1,61,44,0,44,105
01/27/2021,MKL,TN,ASO,ES,Federal Contract Tower,0,4,11,0,15,0,0,1,0,1,0,4,12,0,16,4,0,4,20
01/28/2021,MKL,TN,ASO,ES,Federal Contract Tower,0,3,14,1,18,0,0,20,6,26,0,3,34,7,44,4,4,8,52
01/29/2021,MKL,TN,ASO,ES,Federal Contract Tower,0,8,22,2,32,0,1,29,1,31,0,9,51,3,63,54,0,54,117
01/30/2021,MKL,TN,ASO,ES,Federal Contract Tower,0,1,4,0,5,0,0,4,0,4,0,1,8,0,9,0,0,0,9
01/31/2021,MKL,TN,ASO,ES,Federal Contract Tower,0,3,3,0,6,0,0,0,0,0,0,3,3,0,6,0,0,0,6
02/01/2021,MKL,TN,ASO,ES,Federal Contract Tower,0,6,4,0,10,0,0,4,0,4,0,6,8,0,14,0,0,0,14
02/02/2021,MKL,TN,ASO,ES,Federal Contract Tower,0,4,9,0,13,0,0,24,0,24,0,4,33,0,37,34,0,34,71
02/03/2021,MKL,TN,ASO,ES,Federal Contract Tower,0,4,17,0,21,0,0,41,2,43,0,4,58,2,64,18,0,18,82
02/04/2021,MKL,TN,ASO,ES,Federal Contract Tower,0,4,9,0,13,0,0,3,0,3,0,4,12,0,16,12,0,12,28
02/05/2021,MKL,TN,ASO,ES,Federal Contract Tower,0,4,10,3,17,0,0,32,14,46,0,4,42,17,63,18,16,34,97
02/06/2021,MKL,TN,ASO,ES,Federal Contract Tower,0,2,4,0,6,0,0,21,3,24,0,2,25,3,30,52,0,52,82
02/07/2021,MKL,TN,ASO,ES,Federal Contract Tower,0,3,4,0,7,0,0,6,0,6,0,3,10,0,13,0,0,0,13
02/08/2021,MKL,TN,ASO,ES,Federal Contract Tower,0,3,12,2,17,0,0,28,0,28,0,3,40,2,45,68,0,68,113
02/09/2021,MKL,TN,ASO,ES,Federal Contract Tower,0,7,11,0,18,0,0,3,0,3,0,7,14,0,21,10,0,10,31
02/10/2021,MKL,TN,ASO,ES,Federal Contract Tower,0,0,9,0,9,0,0,2,0,2,0,0,11,0,11,0,0,0,11
02/11/2021,MKL,TN,ASO,ES,Federal Contract Tower,0,0,1,0,1,0,0,0,0,0,0,0,1,0,1,0,0,0,1
02/12/2021,MKL,TN,ASO,ES,Federal Contract Tower,0,2,13,0,15,0,0,2,0,2,0,2,15,0,17,0,0,0,17
02/13/2021,MKL,TN,ASO,ES,Federal Contract Tower,0,2,2,0,4,0,0,0,0,0,0,2,2,0,4,0,0,0,4
02/14/2021,MKL,TN,ASO,ES,Federal Contract Tower,0,2,4,0,6,0,0,0,0,0,0,2,4,0,6,0,0,0,6
02/15/2021,MKL,TN,ASO,ES,Federal Contract Tower,0,0,0,0,0,0,0,0,0,0,0,0,0,0,0,0,0,0,0
02/16/2021,MKL,TN,ASO,ES,Federal Contract Tower,0,0,0,0,0,0,0,0,0,0,0,0,0,0,0,0,0,0,0
02/17/2021,MKL,TN,ASO,ES,Federal Contract Tower,0,0,2,0,2,0,0,0,0,0,0,0,2,0,2,0,0,0,2
02/18/2021,MKL,TN,ASO,ES,Federal Contract Tower,0,0,1,0,1,0,0,3,0,3,0,0,4,0,4,0,0,0,4
02/19/2021,MKL,TN,ASO,ES,Federal Contract Tower,0,0,7,0,7,0,0,4,0,4,0,0,11,0,11,0,0,0,11
02/20/2021,MKL,TN,ASO,ES,Federal Contract Tower,0,1,5,0,6,0,0,5,0,5,0,1,10,0,11,0,0,0,11
02/21/2021,MKL,TN,ASO,ES,Federal Contract Tower,0,3,14,1,18,0,0,3,12,15,0,3,17,13,33,4,0,4,37
02/22/2021,MKL,TN,ASO,ES,Federal Contract Tower,0,6,26,0,32,0,0,34,0,34,0,6,60,0,66,44,0,44,110
02/23/2021,MKL,TN,ASO,ES,Federal Contract Tower,0,4,23,2,29,0,0,38,10,48,0,4,61,12,77,40,14,54,131
02/24/2021,MKL,TN,ASO,ES,Federal Contract Tower,0,4,19,0,23,0,0,17,2,19,0,4,36,2,42,24,0,24,66
02/25/2021,MKL,TN,ASO,ES,Federal Contract Tower,0,4,16,1,21,0,0,37,7,44,0,4,53,8,65,58,0,58,123
02/26/2021,MKL,TN,ASO,ES,Federal Contract Tower,0,3,15,0,18,0,0,0,0,0,0,3,15,0,18,0,0,0,18
02/27/2021,MKL,TN,ASO,ES,Federal Contract Tower,0,1,5,1,7,0,0,0,3,3,0,1,5,4,10,0,0,0,10
02/28/2021,MKL,TN,ASO,ES,Federal Contract Tower,0,3,8,0,11,0,0,2,0,2,0,3,10,0,13,0,0,0,13
03/01/2021,MKL,TN,ASO,ES,Federal Contract Tower,0,4,13,0,17,0,0,28,0,28,0,4,41,0,45,18,0,18,63
03/02/2021,MKL,TN,ASO,ES,Federal Contract Tower,0,5,23,0,28,0,0,26,7,33,0,5,49,7,61,18,20,38,99
03/03/2021,MKL,TN,ASO,ES,Federal Contract Tower,0,4,12,0,16,0,0,28,9,37,0,4,40,9,53,8,4,12,65
03/04/2021,MKL,TN,ASO,ES,Federal Contract Tower,0,6,18,0,24,0,0,51,6,57,0,6,69,6,81,32,16,48,129
03/05/2021,MKL,TN,ASO,ES,Federal Contract Tower,0,9,24,0,33,0,0,28,5,33,0,9,52,5,66,54,0,54,120
03/06/2021,MKL,TN,ASO,ES,Federal Contract Tower,0,2,11,0,13,0,0,42,3,45,0,2,53,3,58,26,0,26,84
03/07/2021,MKL,TN,ASO,ES,Federal Contract Tower,0,3,8,0,11,0,0,38,0,38,0,3,46,0,49,8,0,8,57
03/08/2021,MKL,TN,ASO,ES,Federal Contract Tower,0,8,13,0,21,0,0,34,0,34,0,8,47,0,55,34,0,34,89
03/09/2021,MKL,TN,ASO,ES,Federal Contract Tower,0,6,20,0,26,0,0,47,2,49,0,6,67,2,75,56,0,56,131
03/10/2021,MKL,TN,ASO,ES,Federal Contract Tower,0,4,11,0,15,0,0,18,1,19,0,4,29,1,34,0,0,0,34
03/11/2021,MKL,TN,ASO,ES,Federal Contract Tower,0,6,13,0,19,0,0,25,3,28,0,6,38,3,47,0,0,0,47
03/12/2021,MKL,TN,ASO,ES,Federal Contract Tower,0,4,20,0,24,0,0,18,0,18,0,4,38,0,42,6,0,6,48
03/13/2021,MKL,TN,ASO,ES,Federal Contract Tower,0,2,21,0,23,0,0,0,0,0,0,2,21,0,23,0,0,0,23
03/14/2021,MKL,TN,ASO,ES,Federal Contract Tower,0,3,6,0,9,0,0,17,0,17,0,3,23,0,26,12,0,12,38
03/15/2021,MKL,TN,ASO,ES,Federal Contract Tower,0,4,15,0,19,0,0,18,0,18,0,4,33,0,37,10,0,10,47
03/16/2021,MKL,TN,ASO,ES,Federal Contract Tower,0,5,22,0,27,0,0,45,1,46,0,5,67,1,73,46,0,46,119
03/17/2021,MKL,TN,ASO,ES,Federal Contract Tower,0,0,4,0,4,0,0,0,0,0,0,0,4,0,4,0,0,0,4
03/18/2021,MKL,TN,ASO,ES,Federal Contract Tower,0,7,12,0,19,0,0,8,0,8,0,7,20,0,27,0,0,0,27
03/19/2021,MKL,TN,ASO,ES,Federal Contract Tower,0,4,23,0,27,0,0,23,9,32,0,4,46,9,59,12,10,22,81
03/20/2021,MKL,TN,ASO,ES,Federal Contract Tower,0,2,7,2,11,0,1,29,8,38,0,3,36,10,49,40,2,42,91
03/21/2021,MKL,TN,ASO,ES,Federal Contract Tower,0,3,8,3,14,0,0,36,10,46,0,3,44,13,60,48,4,52,112
03/22/2021,MKL,TN,ASO,ES,Federal Contract Tower,0,4,11,0,15,0,0,33,4,37,0,4,44,4,52,86,0,86,138
03/23/2021,MKL,TN,ASO,ES,Federal Contract Tower,0,6,8,0,14,0,0,4,2,6,0,6,12,2,20,0,0,0,20
03/24/2021,MKL,TN,ASO,ES,Federal Contract Tower,0,4,15,0,19,0,0,39,0,39,0,4,54,0,58,58,0,58,116
03/25/2021,MKL,TN,ASO,ES,Federal Contract Tower,0,2,0,0,2,0,0,2,0,2,0,2,2,0,4,0,0,0,4
03/26/2021,MKL,TN,ASO,ES,Federal Contract Tower,0,4,16,0,20,0,0,43,2,45,0,4,59,2,65,62,0,62,127
03/27/2021,MKL,TN,ASO,ES,Federal Contract Tower,0,2,3,0,5,0,0,2,0,2,0,2,5,0,7,14,0,14,21
03/28/2021,MKL,TN,ASO,ES,Federal Contract Tower,0,3,10,0,13,0,0,17,0,17,0,3,27,0,30,34,0,34,64
03/29/2021,MKL,TN,ASO,ES,Federal Contract Tower,0,6,15,0,21,0,1,33,0,34,0,7,48,0,55,24,0,24,79
03/30/2021,MKL,TN,ASO,ES,Federal Contract Tower,0,4,8,0,12,0,0,8,0,8,0,4,16,0,20,4,0,4,24
03/31/2021,MKL,TN,ASO,ES,Federal Contract Tower,0,4,12,0,16,0,0,5,0,5,0,4,17,0,21,2,0,2,23
04/01/2021,MKL,TN,ASO,ES,Federal Contract Tower,0,4,13,0,17,0,0,26,2,28,0,4,39,2,45,4,0,4,49
04/02/2021,MKL,TN,ASO,ES,Federal Contract Tower,0,4,7,0,11,0,0,31,8,39,0,4,38,8,50,30,0,30,80
04/03/2021,MKL,TN,ASO,ES,Federal Contract Tower,0,2,9,0,11,0,0,40,5,45,0,2,49,5,56,36,10,46,102
04/04/2021,MKL,TN,ASO,ES,Federal Contract Tower,0,3,10,0,13,0,0,17,0,17,0,3,27,0,30,14,0,14,44
04/05/2021,MKL,TN,ASO,ES,Federal Contract Tower,0,4,7,0,11,0,0,29,2,31,0,4,36,2,42,12,0,12,54
04/06/2021,MKL,TN,ASO,ES,Federal Contract Tower,0,4,7,0,11,0,0,36,3,39,0,4,43,3,50,20,0,20,70
04/07/2021,MKL,TN,ASO,ES,Federal Contract Tower,0,10,9,1,20,0,0,27,0,27,0,10,36,1,47,32,0,32,79
04/08/2021,MKL,TN,ASO,ES,Federal Contract Tower,0,6,17,2,25,0,0,29,2,31,0,6,46,4,56,10,6,16,72
04/09/2021,MKL,TN,ASO,ES,Federal Contract Tower,0,7,12,0,19,0,0,13,0,13,0,7,25,0,32,0,0,0,32
04/10/2021,MKL,TN,ASO,ES,Federal Contract Tower,0,3,16,0,19,0,0,13,0,13,0,3,29,0,32,44,0,44,76
04/11/2021,MKL,TN,ASO,ES,Federal Contract Tower,0,3,11,0,14,0,0,8,2,10,0,3,19,2,24,2,0,2,26
04/12/2021,MKL,TN,ASO,ES,Federal Contract Tower,0,8,7,0,15,0,0,33,0,33,0,8,40,0,48,60,0,60,108
04/13/2021,MKL,TN,ASO,ES,Federal Contract Tower,0,7,13,0,20,0,0,33,0,33,0,7,46,0,53,20,0,20,73
04/14/2021,MKL,TN,ASO,ES,Federal Contract Tower,0,10,5,0,15,0,0,9,0,9,0,10,14,0,24,14,0,14,38
04/15/2021,MKL,TN,ASO,ES,Federal Contract Tower,0,4,7,1,12,0,0,38,10,48,0,4,45,11,60,22,12,34,94
04/16/2021,MKL,TN,ASO,ES,Federal Contract Tower,0,4,12,2,18,0,0,44,10,54,0,4,56,12,72,72,12,84,156
04/17/2021,MKL,TN,ASO,ES,Federal Contract Tower,0,2,9,0,11,0,0,26,0,26,0,2,35,0,37,32,0,32,69
04/18/2021,MKL,TN,ASO,ES,Federal Contract Tower,0,3,5,9,17,0,0,29,13,42,0,3,34,22,59,10,2,12,71
04/19/2021,MKL,TN,ASO,ES,Federal Contract Tower,0,4,17,0,21,0,0,29,3,32,0,4,46,3,53,24,0,24,77
04/20/2021,MKL,TN,ASO,ES,Federal Contract Tower,0,4,11,0,15,0,0,22,2,24,0,4,33,2,39,22,0,22,61
04/21/2021,MKL,TN,ASO,ES,Federal Contract Tower,0,6,12,0,18,0,0,48,5,53,0,6,60,5,71,40,0,40,111
04/22/2021,MKL,TN,ASO,ES,Federal Contract Tower,0,4,23,1,28,0,0,57,10,67,0,4,80,11,95,46,0,46,141
04/23/2021,MKL,TN,ASO,ES,Federal Contract Tower,0,4,12,0,16,0,0,14,2,16,0,4,26,2,32,0,0,0,32
04/24/2021,MKL,TN,ASO,ES,Federal Contract Tower,0,2,0,0,2,0,0,0,0,0,0,2,0,0,2,0,0,0,2
04/25/2021,MKL,TN,ASO,ES,Federal Contract Tower,0,3,19,0,22,0,0,49,11,60,0,3,68,11,82,0,10,10,92
04/26/2021,MKL,TN,ASO,ES,Federal Contract Tower,0,4,11,0,15,0,0,40,0,40,0,4,51,0,55,32,0,32,87
04/27/2021,MKL,TN,ASO,ES,Federal Contract Tower,0,2,23,4,29,0,0,23,5,28,0,2,46,9,57,28,0,28,85
04/28/2021,MKL,TN,ASO,ES,Federal Contract Tower,0,4,18,0,22,0,0,7,7,14,0,4,25,7,36,0,0,0,36
04/29/2021,MKL,TN,ASO,ES,Federal Contract Tower,0,5,11,0,16,0,0,1,0,1,0,5,12,0,17,0,0,0,17
04/30/2021,MKL,TN,ASO,ES,Federal Contract Tower,0,5,21,3,29,0,0,54,10,64,0,5,75,13,93,42,0,42,135
05/01/2021,MKL,TN,ASO,ES,Federal Contract Tower,0,1,12,0,13,0,4,47,6,57,0,5,59,6,70,14,0,14,84
05/02/2021,MKL,TN,ASO,ES,Federal Contract Tower,0,3,12,0,15,0,0,13,0,13,0,3,25,0,28,12,0,12,40
05/03/2021,MKL,TN,ASO,ES,Federal Contract Tower,0,5,17,2,24,0,0,6,0,6,0,5,23,2,30,0,0,0,30
05/04/2021,MKL,TN,ASO,ES,Federal Contract Tower,0,2,4,0,6,0,0,12,2,14,0,2,16,2,20,20,0,20,40
05/05/2021,MKL,TN,ASO,ES,Federal Contract Tower,0,5,13,5,23,0,0,33,3,36,0,5,46,8,59,38,0,38,97
05/06/2021,MKL,TN,ASO,ES,Federal Contract Tower,0,7,19,2,28,0,0,25,2,27,0,7,44,4,55,32,4,36,91
05/07/2021,MKL,TN,ASO,ES,Federal Contract Tower,0,4,19,1,24,0,0,46,4,50,0,4,65,5,74,28,2,30,104
05/08/2021,MKL,TN,ASO,ES,Federal Contract Tower,0,2,9,0,11,0,0,16,0,16,0,2,25,0,27,12,0,12,39
05/09/2021,MKL,TN,ASO,ES,Federal Contract Tower,0,3,5,0,8,0,0,0,0,0,0,3,5,0,8,0,0,0,8
05/10/2021,MKL,TN,ASO,ES,Federal Contract Tower,0,4,20,0,24,0,0,21,3,24,0,4,41,3,48,32,0,32,80
05/11/2021,MKL,TN,ASO,ES,Federal Contract Tower,0,4,23,0,27,0,0,26,10,36,0,4,49,10,63,24,8,32,95
05/12/2021,MKL,TN,ASO,ES,Federal Contract Tower,0,6,14,0,20,0,2,26,13,41,0,8,40,13,61,34,6,40,101
05/13/2021,MKL,TN,ASO,ES,Federal Contract Tower,0,7,25,0,32,0,0,51,5,56,0,7,76,5,88,52,0,52,140
05/14/2021,MKL,TN,ASO,ES,Federal Contract Tower,0,3,33,4,40,0,0,74,2,76,0,3,107,6,116,58,6,64,180
05/15/2021,MKL,TN,ASO,ES,Federal Contract Tower,0,2,14,0,16,0,0,43,0,43,0,2,57,0,59,52,0,52,111
05/16/2021,MKL,TN,ASO,ES,Federal Contract Tower,0,3,14,0,17,0,0,23,0,23,0,3,37,0,40,22,0,22,62
05/17/2021,MKL,TN,ASO,ES,Federal Contract Tower,0,4,15,0,19,0,0,27,0,27,0,4,42,0,46,20,0,20,66
05/18/2021,MKL,TN,ASO,ES,Federal Contract Tower,0,4,9,0,13,0,0,8,10,18,0,4,17,10,31,0,0,0,31
05/19/2021,MKL,TN,ASO,ES,Federal Contract Tower,0,5,7,0,12,0,0,23,6,29,0,5,30,6,41,4,4,8,49
05/20/2021,MKL,TN,ASO,ES,Federal Contract Tower,0,4,8,0,12,0,0,26,7,33,0,4,34,7,45,2,0,2,47
05/21/2021,MKL,TN,ASO,ES,Federal Contract Tower,0,5,11,3,19,0,0,38,10,48,0,5,49,13,67,18,18,36,103
05/22/2021,MKL,TN,ASO,ES,Federal Contract Tower,0,6,6,0,12,0,0,41,2,43,0,6,47,2,55,48,0,48,103
05/23/2021,MKL,TN,ASO,ES,Federal Contract Tower,0,5,11,1,17,0,0,40,5,45,0,5,51,6,62,12,0,12,74
05/24/2021,MKL,TN,ASO,ES,Federal Contract Tower,0,4,5,0,9,0,0,37,0,37,0,4,42,0,46,52,0,52,98
05/25/2021,MKL,TN,ASO,ES,Federal Contract Tower,0,4,16,0,20,0,0,33,4,37,0,4,49,4,57,10,0,10,67
05/26/2021,MKL,TN,ASO,ES,Federal Contract Tower,0,4,22,0,26,0,0,4,0,4,0,4,26,0,30,0,0,0,30
05/27/2021,MKL,TN,ASO,ES,Federal Contract Tower,0,3,13,0,16,0,0,22,1,23,0,3,35,1,39,26,0,26,65
05/28/2021,MKL,TN,ASO,ES,Federal Contract Tower,0,4,10,4,18,0,0,8,0,8,0,4,18,4,26,0,0,0,26
05/29/2021,MKL,TN,ASO,ES,Federal Contract Tower,0,3,9,0,12,0,0,5,0,5,0,3,14,0,17,0,0,0,17
05/30/2021,MKL,TN,ASO,ES,Federal Contract Tower,0,5,12,0,17,0,0,36,0,36,0,5,48,0,53,12,0,12,65
05/31/2021,MKL,TN,ASO,ES,Federal Contract Tower,0,7,13,0,20,0,0,24,0,24,0,7,37,0,44,12,0,12,56
06/01/2021,MKL,TN,ASO,ES,Federal Contract Tower,0,6,26,0,32,0,0,24,0,24,0,6,50,0,56,18,0,18,74
06/02/2021,MKL,TN,ASO,ES,Federal Contract Tower,0,4,7,0,11,0,0,3,0,3,0,4,10,0,14,4,0,4,18
06/03/2021,MKL,TN,ASO,ES,Federal Contract Tower,0,7,12,0,19,0,0,21,3,24,0,7,33,3,43,20,0,20,63
06/04/2021,MKL,TN,ASO,ES,Federal Contract Tower,0,4,16,0,20,0,0,37,6,43,0,4,53,6,63,28,0,28,91
06/05/2021,MKL,TN,ASO,ES,Federal Contract Tower,0,5,8,0,13,0,0,55,5,60,0,5,63,5,73,40,0,40,113
06/06/2021,MKL,TN,ASO,ES,Federal Contract Tower,0,4,9,0,13,0,0,0,0,0,0,4,9,0,13,0,0,0,13
06/07/2021,MKL,TN,ASO,ES,Federal Contract Tower,0,5,13,0,18,0,0,19,0,19,0,5,32,0,37,10,0,10,47
06/08/2021,MKL,TN,ASO,ES,Federal Contract Tower,0,4,13,0,17,0,0,6,3,9,0,4,19,3,26,4,8,12,38
06/09/2021,MKL,TN,ASO,ES,Federal Contract Tower,0,6,11,0,17,0,0,37,0,37,0,6,48,0,54,6,0,6,60
06/10/2021,MKL,TN,ASO,ES,Federal Contract Tower,0,12,7,0,19,0,0,2,7,9,0,12,9,7,28,8,34,42,70
06/11/2021,MKL,TN,ASO,ES,Federal Contract Tower,0,9,38,0,47,0,0,33,0,33,0,9,71,0,80,18,0,18,98
06/12/2021,MKL,TN,ASO,ES,Federal Contract Tower,0,0,9,4,13,0,0,92,0,92,0,0,101,4,105,99,0,99,204
06/13/2021,MKL,TN,ASO,ES,Federal Contract Tower,0,5,10,0,15,0,0,49,0,49,0,5,59,0,64,14,0,14,78
06/14/2021,MKL,TN,ASO,ES,Federal Contract Tower,0,10,15,0,25,0,0,52,2,54,0,10,67,2,79,46,0,46,125
06/15/2021,MKL,TN,ASO,ES,Federal Contract Tower,0,4,25,1,30,0,0,52,0,52,0,4,77,1,82,24,0,24,106
06/16/2021,MKL,TN,ASO,ES,Federal Contract Tower,0,7,14,3,24,0,0,49,0,49,0,7,63,3,73,8,0,8,81
06/17/2021,MKL,TN,ASO,ES,Federal Contract Tower,0,5,23,0,28,0,0,11,5,16,0,5,34,5,44,6,0,6,50
06/18/2021,MKL,TN,ASO,ES,Federal Contract Tower,0,4,12,4,20,0,58,14,0,72,0,62,26,4,92,18,12,30,122
06/19/2021,MKL,TN,ASO,ES,Federal Contract Tower,0,0,21,0,21,0,0,0,0,0,0,0,21,0,21,34,0,34,55
06/20/2021,MKL,TN,ASO,ES,Federal Contract Tower,0,6,14,0,20,0,0,94,0,94,0,6,108,0,114,0,0,0,114
06/21/2021,MKL,TN,ASO,ES,Federal Contract Tower,0,4,5,0,9,0,0,4,0,4,0,4,9,0,13,0,0,0,13
06/22/2021,MKL,TN,ASO,ES,Federal Contract Tower,0,4,17,0,21,0,0,89,2,91,0,4,106,2,112,18,8,26,138
06/23/2021,MKL,TN,ASO,ES,Federal Contract Tower,0,5,22,1,28,0,0,64,3,67,0,5,86,4,95,12,0,12,107
06/24/2021,MKL,TN,ASO,ES,Federal Contract Tower,0,5,26,1,32,0,0,62,8,70,0,5,88,9,102,26,0,26,128
06/25/2021,MKL,TN,ASO,ES,Federal Contract Tower,0,5,24,0,29,0,0,26,1,27,0,5,50,1,56,0,0,0,56
06/26/2021,MKL,TN,ASO,ES,Federal Contract Tower,0,1,21,0,22,0,0,32,14,46,0,1,53,14,68,38,68,106,174
06/27/2021,MKL,TN,ASO,ES,Federal Contract Tower,0,6,20,0,26,0,0,24,6,30,0,6,44,6,56,6,0,6,62
06/28/2021,MKL,TN,ASO,ES,Federal Contract Tower,0,1,14,0,15,0,0,18,0,18,0,1,32,0,33,2,0,2,35
06/29/2021,MKL,TN,ASO,ES,Federal Contract Tower,0,9,17,1,27,0,2,12,5,19,0,11,29,6,46,16,4,20,66
06/30/2021,MKL,TN,ASO,ES,Federal Contract Tower,0,4,9,0,13,0,0,4,0,4,0,4,13,0,17,0,0,0,17
07/01/2021,MKL,TN,ASO,ES,Federal Contract Tower,0,4,14,0,18,0,0,6,0,6,0,4,20,0,24,4,0,4,28
07/02/2021,MKL,TN,ASO,ES,Federal Contract Tower,0,2,21,0,23,0,0,12,0,12,0,2,33,0,35,0,0,0,35
07/03/2021,MKL,TN,ASO,ES,Federal Contract Tower,0,1,19,0,20,0,0,19,0,19,0,1,38,0,39,4,0,4,43
07/04/2021,MKL,TN,ASO,ES,Federal Contract Tower,0,8,3,0,11,0,0,10,0,10,0,8,13,0,21,20,0,20,41
07/05/2021,MKL,TN,ASO,ES,Federal Contract Tower,0,6,11,0,17,0,0,88,0,88,0,6,99,0,105,0,0,0,105
07/06/2021,MKL,TN,ASO,ES,Federal Contract Tower,0,6,22,0,28,0,0,33,0,33,0,6,55,0,61,10,0,10,71
07/07/2021,MKL,TN,ASO,ES,Federal Contract Tower,0,4,18,0,22,0,0,4,0,4,0,4,22,0,26,0,0,0,26
07/08/2021,MKL,TN,ASO,ES,Federal Contract Tower,0,8,26,0,34,0,0,19,4,23,0,8,45,4,57,6,0,6,63
07/09/2021,MKL,TN,ASO,ES,Federal Contract Tower,0,4,17,0,21,0,0,5,4,9,0,4,22,4,30,0,0,0,30
07/10/2021,MKL,TN,ASO,ES,Federal Contract Tower,0,0,10,2,12,0,0,13,0,13,0,0,23,2,25,10,0,10,35
07/11/2021,MKL,TN,ASO,ES,Federal Contract Tower,0,4,22,0,26,0,0,13,0,13,0,4,35,0,39,0,0,0,39
07/12/2021,MKL,TN,ASO,ES,Federal Contract Tower,0,5,8,0,13,0,0,39,0,39,0,5,47,0,52,0,0,0,52
07/13/2021,MKL,TN,ASO,ES,Federal Contract Tower,0,4,6,2,12,0,0,34,0,34,0,4,40,2,46,0,0,0,46
07/14/2021,MKL,TN,ASO,ES,Federal Contract Tower,0,8,14,3,25,0,0,50,5,55,0,8,64,8,80,20,4,24,104
07/15/2021,MKL,TN,ASO,ES,Federal Contract Tower,0,8,16,1,25,0,0,38,3,41,0,8,54,4,66,26,0,26,92
07/16/2021,MKL,TN,ASO,ES,Federal Contract Tower,0,4,17,0,21,0,0,18,0,18,0,4,35,0,39,4,0,4,43
07/17/2021,MKL,TN,ASO,ES,Federal Contract Tower,0,0,22,0,22,0,0,18,2,20,0,0,40,2,42,36,0,36,78
07/18/2021,MKL,TN,ASO,ES,Federal Contract Tower,0,5,11,0,16,0,0,1,0,1,0,5,12,0,17,0,0,0,17
07/19/2021,MKL,TN,ASO,ES,Federal Contract Tower,0,5,12,0,17,0,0,5,0,5,0,5,17,0,22,0,0,0,22
07/20/2021,MKL,TN,ASO,ES,Federal Contract Tower,0,6,8,0,14,0,0,38,0,38,0,6,46,0,52,34,0,34,86
07/21/2021,MKL,TN,ASO,ES,Federal Contract Tower,0,9,15,2,26,0,0,37,0,37,0,9,52,2,63,6,0,6,69
07/22/2021,MKL,TN,ASO,ES,Federal Contract Tower,0,7,15,0,22,0,0,25,0,25,0,7,40,0,47,28,0,28,75
07/23/2021,MKL,TN,ASO,ES,Federal Contract Tower,0,4,15,0,19,0,0,30,0,30,0,4,45,0,49,22,0,22,71
07/24/2021,MKL,TN,ASO,ES,Federal Contract Tower,0,4,7,0,11,0,0,25,0,25,0,4,32,0,36,4,0,4,40
07/25/2021,MKL,TN,ASO,ES,Federal Contract Tower,0,4,7,4,15,0,26,0,0,26,0,30,7,4,41,42,0,42,83
07/26/2021,MKL,TN,ASO,ES,Federal Contract Tower,0,4,11,0,15,0,0,26,3,29,0,4,37,3,44,0,0,0,44
07/27/2021,MKL,TN,ASO,ES,Federal Contract Tower,0,4,17,0,21,0,0,31,0,31,0,4,48,0,52,6,0,6,58
07/28/2021,MKL,TN,ASO,ES,Federal Contract Tower,0,5,10,1,16,0,0,36,1,37,0,5,46,2,53,28,12,40,93
07/29/2021,MKL,TN,ASO,ES,Federal Contract Tower,0,7,17,0,24,0,0,28,0,28,0,7,45,0,52,8,0,8,60
07/30/2021,MKL,TN,ASO,ES,Federal Contract Tower,0,5,8,4,17,0,0,24,4,28,0,5,32,8,45,40,0,40,85
07/31/2021,MKL,TN,ASO,ES,Federal Contract Tower,0,0,11,0,11,0,0,26,0,26,0,0,37,0,37,22,0,22,59
08/01/2021,MKL,TN,ASO,ES,Federal Contract Tower,0,5,6,0,11,0,0,5,0,5,0,5,11,0,16,16,0,16,32
08/02/2021,MKL,TN,ASO,ES,Federal Contract Tower,0,4,9,2,15,0,0,43,0,43,0,4,52,2,58,18,0,18,76
08/03/2021,MKL,TN,ASO,ES,Federal Contract Tower,0,7,21,2,30,0,0,61,0,61,0,7,82,2,91,54,2,56,147
08/04/2021,MKL,TN,ASO,ES,Federal Contract Tower,0,5,15,0,20,0,0,32,0,32,0,5,47,0,52,28,0,28,80
08/05/2021,MKL,TN,ASO,ES,Federal Contract Tower,0,5,16,2,23,0,0,42,5,47,0,5,58,7,70,28,16,44,114
08/06/2021,MKL,TN,ASO,ES,Federal Contract Tower,0,4,9,0,13,0,0,23,4,27,0,4,32,4,40,28,0,28,68
08/07/2021,MKL,TN,ASO,ES,Federal Contract Tower,0,1,17,0,18,0,0,41,6,47,0,1,58,6,65,30,0,30,95
08/08/2021,MKL,TN,ASO,ES,Federal Contract Tower,0,5,10,0,15,0,0,35,7,42,0,5,45,7,57,0,0,0,57
08/09/2021,MKL,TN,ASO,ES,Federal Contract Tower,0,5,12,0,17,0,0,39,0,39,0,5,51,0,56,28,0,28,84
08/10/2021,MKL,TN,ASO,ES,Federal Contract Tower,0,0,15,1,16,0,0,35,2,37,0,0,50,3,53,30,0,30,83
08/11/2021,MKL,TN,ASO,ES,Federal Contract Tower,0,5,28,2,35,0,0,26,7,33,0,5,54,9,68,30,2,32,100
08/12/2021,MKL,TN,ASO,ES,Federal Contract Tower,0,5,20,1,26,0,0,27,10,37,0,5,47,11,63,18,12,30,93
08/13/2021,MKL,TN,ASO,ES,Federal Contract Tower,0,2,26,0,28,0,0,27,0,27,0,2,53,0,55,26,0,26,81
08/14/2021,MKL,TN,ASO,ES,Federal Contract Tower,0,1,14,0,15,0,0,22,10,32,0,1,36,10,47,20,20,40,87
08/15/2021,MKL,TN,ASO,ES,Federal Contract Tower,0,5,8,2,15,0,2,4,0,6,0,7,12,2,21,0,0,0,21
08/16/2021,MKL,TN,ASO,ES,Federal Contract Tower,0,4,13,0,17,0,0,30,0,30,0,4,43,0,47,34,0,34,81
08/17/2021,MKL,TN,ASO,ES,Federal Contract Tower,0,4,16,2,22,0,0,17,4,21,0,4,33,6,43,16,4,20,63
08/18/2021,MKL,TN,ASO,ES,Federal Contract Tower,0,6,10,0,16,0,0,5,0,5,0,6,15,0,21,0,0,0,21
08/19/2021,MKL,TN,ASO,ES,Federal Contract Tower,0,6,14,0,20,0,0,12,1,13,0,6,26,1,33,0,0,0,33
08/20/2021,MKL,TN,ASO,ES,Federal Contract Tower,0,8,18,0,26,0,0,1,0,1,0,8,19,0,27,0,0,0,27
08/21/2021,MKL,TN,ASO,ES,Federal Contract Tower,0,2,3,0,5,0,0,6,0,6,0,2,9,0,11,20,0,20,31
08/22/2021,MKL,TN,ASO,ES,Federal Contract Tower,0,4,9,1,14,0,0,10,3,13,0,4,19,4,27,2,0,2,29
08/23/2021,MKL,TN,ASO,ES,Federal Contract Tower,0,4,11,0,15,0,0,36,0,36,0,4,47,0,51,36,0,36,87
08/24/2021,MKL,TN,ASO,ES,Federal Contract Tower,0,2,14,1,17,0,0,49,5,54,0,2,63,6,71,16,0,16,87
08/25/2021,MKL,TN,ASO,ES,Federal Contract Tower,0,6,8,1,15,0,0,24,7,31,0,6,32,8,46,30,8,38,84
08/26/2021,MKL,TN,ASO,ES,Federal Contract Tower,0,6,11,0,17,0,0,25,13,38,0,6,36,13,55,0,0,0,55
08/27/2021,MKL,TN,ASO,ES,Federal Contract Tower,0,6,11,1,18,0,0,82,12,94,0,6,93,13,112,20,0,20,132
08/28/2021,MKL,TN,ASO,ES,Federal Contract Tower,0,2,4,1,7,0,0,47,1,48,0,2,51,2,55,34,0,34,89
08/29/2021,MKL,TN,ASO,ES,Federal Contract Tower,0,5,13,0,18,0,0,21,6,27,0,5,34,6,45,8,0,8,53
08/30/2021,MKL,TN,ASO,ES,Federal Contract Tower,0,5,4,0,9,0,0,2,0,2,0,5,6,0,11,0,0,0,11
08/31/2021,MKL,TN,ASO,ES,Federal Contract Tower,0,2,4,0,6,0,0,4,0,4,0,2,8,0,10,0,0,0,10
09/01/2021,MKL,TN,ASO,ES,Federal Contract Tower,0,6,15,0,21,0,0,21,0,21,0,6,36,0,42,60,0,60,102
09/02/2021,MKL,TN,ASO,ES,Federal Contract Tower,0,8,17,0,25,0,0,37,2,39,0,8,54,2,64,4,0,4,68
09/03/2021,MKL,TN,ASO,ES,Federal Contract Tower,0,2,20,0,22,0,0,28,0,28,0,2,48,0,50,6,0,6,56
09/04/2021,MKL,TN,ASO,ES,Federal Contract Tower,0,0,7,0,7,0,0,44,0,44,0,0,51,0,51,12,0,12,63
09/05/2021,MKL,TN,ASO,ES,Federal Contract Tower,0,1,6,0,7,0,0,2,0,2,0,1,8,0,9,0,0,0,9
09/06/2021,MKL,TN,ASO,ES,Federal Contract Tower,0,5,13,0,18,0,0,30,0,30,0,5,43,0,48,0,0,0,48
09/07/2021,MKL,TN,ASO,ES,Federal Contract Tower,0,4,11,0,15,0,2,24,0,26,0,6,35,0,41,20,0,20,61
09/08/2021,MKL,TN,ASO,ES,Federal Contract Tower,0,5,18,6,29,0,0,30,10,40,0,5,48,16,69,32,0,32,101
09/09/2021,MKL,TN,ASO,ES,Federal Contract Tower,0,8,10,4,22,0,0,37,13,50,0,8,47,17,72,40,0,40,112
09/10/2021,MKL,TN,ASO,ES,Federal Contract Tower,0,5,19,2,26,0,0,26,1,27,0,5,45,3,53,0,6,6,59
09/11/2021,MKL,TN,ASO,ES,Federal Contract Tower,0,3,5,0,8,0,0,34,0,34,0,3,39,0,42,34,0,34,76
09/12/2021,MKL,TN,ASO,ES,Federal Contract Tower,0,6,8,0,14,0,0,36,0,36,0,6,44,0,50,26,0,26,76
09/13/2021,MKL,TN,ASO,ES,Federal Contract Tower,0,6,9,1,16,0,0,28,4,32,0,6,37,5,48,8,10,18,66
09/14/2021,MKL,TN,ASO,ES,Federal Contract Tower,0,6,10,0,16,0,0,20,3,23,0,6,30,3,39,6,0,6,45
09/15/2021,MKL,TN,ASO,ES,Federal Contract Tower,0,8,5,0,13,0,0,13,0,13,0,8,18,0,26,0,0,0,26
09/16/2021,MKL,TN,ASO,ES,Federal Contract Tower,0,9,17,4,30,0,0,17,0,17,0,9,34,4,47,40,0,40,87
09/17/2021,MKL,TN,ASO,ES,Federal Contract Tower,0,0,0,0,0,0,0,0,0,0,0,0,0,0,0,0,0,0,0
09/18/2021,MKL,TN,ASO,ES,Federal Contract Tower,0,1,3,0,4,0,0,4,0,4,0,1,7,0,8,0,0,0,8
09/19/2021,MKL,TN,ASO,ES,Federal Contract Tower,0,5,7,0,12,0,0,5,0,5,0,5,12,0,17,2,0,2,19
09/20/2021,MKL,TN,ASO,ES,Federal Contract Tower,0,7,7,1,15,0,0,23,0,23,0,7,30,1,38,0,0,0,38
09/21/2021,MKL,TN,ASO,ES,Federal Contract Tower,0,5,9,0,14,0,0,11,0,11,0,5,20,0,25,26,0,26,51
09/22/2021,MKL,TN,ASO,ES,Federal Contract Tower,0,7,14,2,23,0,0,43,0,43,0,7,57,2,66,28,0,28,94
09/23/2021,MKL,TN,ASO,ES,Federal Contract Tower,0,6,11,0,17,0,0,62,0,62,0,6,73,0,79,66,0,66,145
09/24/2021,MKL,TN,ASO,ES,Federal Contract Tower,0,9,9,0,18,0,0,93,0,93,0,9,102,0,111,60,0,60,171
09/25/2021,MKL,TN,ASO,ES,Federal Contract Tower,0,3,11,0,14,0,0,93,0,93,0,3,104,0,107,128,0,128,235
09/26/2021,MKL,TN,ASO,ES,Federal Contract Tower,0,8,9,0,17,0,0,29,0,29,0,8,38,0,46,6,0,6,52
09/27/2021,MKL,TN,ASO,ES,Federal Contract Tower,0,5,19,0,24,0,0,37,0,37,0,5,56,0,61,32,0,32,93
09/28/2021,MKL,TN,ASO,ES,Federal Contract Tower,0,6,30,0,36,0,0,68,3,71,0,6,98,3,107,36,0,36,143
09/29/2021,MKL,TN,ASO,ES,Federal Contract Tower,0,7,11,1,19,0,0,29,0,29,0,7,40,1,48,12,0,12,60
09/30/2021,MKL,TN,ASO,ES,Federal Contract Tower,0,7,10,0,17,0,0,3,0,3,0,7,13,0,20,2,0,2,22
10/01/2021,MKL,TN,ASO,ES,Federal Contract Tower,0,7,14,0,21,0,0,30,0,30,0,7,44,0,51,30,0,30,81
10/02/2021,MKL,TN,ASO,ES,Federal Contract Tower,0,0,11,0,11,0,0,1,0,1,0,0,12,0,12,0,0,0,12
10/03/2021,MKL,TN,ASO,ES,Federal Contract Tower,0,4,10,2,16,0,0,12,2,14,0,4,22,4,30,26,0,26,56
10/04/2021,MKL,TN,ASO,ES,Federal Contract Tower,0,2,7,0,9,0,0,20,8,28,0,2,27,8,37,34,0,34,71
10/05/2021,MKL,TN,ASO,ES,Federal Contract Tower,0,7,10,0,17,0,0,35,1,36,0,7,45,1,53,22,0,22,75
10/06/2021,MKL,TN,ASO,ES,Federal Contract Tower,0,4,14,3,21,0,0,48,0,48,0,4,62,3,69,8,0,8,77
10/07/2021,MKL,TN,ASO,ES,Federal Contract Tower,0,4,12,0,16,0,0,68,2,70,0,4,80,2,86,88,0,88,174
10/08/2021,MKL,TN,ASO,ES,Federal Contract Tower,0,7,11,0,18,0,0,51,0,51,0,7,62,0,69,86,0,86,155
10/09/2021,MKL,TN,ASO,ES,Federal Contract Tower,0,1,11,0,12,0,0,16,0,16,0,1,27,0,28,36,0,36,64
10/10/2021,MKL,TN,ASO,ES,Federal Contract Tower,0,5,9,0,14,0,0,16,0,16,0,5,25,0,30,8,0,8,38
10/11/2021,MKL,TN,ASO,ES,Federal Contract Tower,0,5,9,0,14,0,2,2,0,4,0,7,11,0,18,8,0,8,26
10/12/2021,MKL,TN,ASO,ES,Federal Contract Tower,0,4,22,1,27,0,0,32,1,33,0,4,54,2,60,14,0,14,74
10/13/2021,MKL,TN,ASO,ES,Federal Contract Tower,0,6,12,0,18,0,0,24,2,26,0,6,36,2,44,26,0,26,70
10/14/2021,MKL,TN,ASO,ES,Federal Contract Tower,0,7,13,0,20,0,0,57,16,73,0,7,70,16,93,13,8,21,114
10/15/2021,MKL,TN,ASO,ES,Federal Contract Tower,0,4,6,3,13,0,0,5,3,8,0,4,11,6,21,0,12,12,33
10/16/2021,MKL,TN,ASO,ES,Federal Contract Tower,0,3,9,0,12,0,0,53,19,72,0,3,62,19,84,38,0,38,122
10/17/2021,MKL,TN,ASO,ES,Federal Contract Tower,0,7,12,6,25,0,0,62,6,68,0,7,74,12,93,12,0,12,105
10/18/2021,MKL,TN,ASO,ES,Federal Contract Tower,0,4,17,0,21,0,0,63,0,63,0,4,80,0,84,56,0,56,140
10/19/2021,MKL,TN,ASO,ES,Federal Contract Tower,0,2,18,2,22,0,0,63,2,65,0,2,81,4,87,46,8,54,141
10/20/2021,MKL,TN,ASO,ES,Federal Contract Tower,0,2,16,0,18,0,0,42,4,46,0,2,58,4,64,64,0,64,128
10/21/2021,MKL,TN,ASO,ES,Federal Contract Tower,0,7,13,1,21,0,0,14,11,25,0,7,27,12,46,16,16,32,78
10/22/2021,MKL,TN,ASO,ES,Federal Contract Tower,0,3,10,0,13,0,1,26,3,30,0,4,36,3,43,24,0,24,67
10/23/2021,MKL,TN,ASO,ES,Federal Contract Tower,0,2,11,0,13,0,0,28,0,28,0,2,39,0,41,26,2,28,69
10/24/2021,MKL,TN,ASO,ES,Federal Contract Tower,0,10,9,0,19,0,0,6,0,6,0,10,15,0,25,0,0,0,25
10/25/2021,MKL,TN,ASO,ES,Federal Contract Tower,0,7,11,2,20,0,0,7,0,7,0,7,18,2,27,10,0,10,37
10/26/2021,MKL,TN,ASO,ES,Federal Contract Tower,0,0,6,6,12,0,5,14,5,24,0,5,20,11,36,30,0,30,66
10/27/2021,MKL,TN,ASO,ES,Federal Contract Tower,0,5,10,0,15,0,0,19,1,20,0,5,29,1,35,36,0,36,71
10/28/2021,MKL,TN,ASO,ES,Federal Contract Tower,0,5,16,0,21,0,0,4,1,5,0,5,20,1,26,0,4,4,30
10/29/2021,MKL,TN,ASO,ES,Federal Contract Tower,0,5,9,0,14,0,0,0,0,0,0,5,9,0,14,0,0,0,14
10/30/2021,MKL,TN,ASO,ES,Federal Contract Tower,0,1,9,0,10,0,2,0,0,2,0,3,9,0,12,0,0,0,12
10/31/2021,MKL,TN,ASO,ES,Federal Contract Tower,0,4,15,0,19,0,0,0,0,0,0,4,15,0,19,38,0,38,57
11/01/2021,MKL,TN,ASO,ES,Federal Contract Tower,0,5,8,0,13,0,0,56,0,56,0,5,64,0,69,34,0,34,103
11/02/2021,MKL,TN,ASO,ES,Federal Contract Tower,0,6,14,0,20,0,0,17,0,17,0,6,31,0,37,0,0,0,37
11/03/2021,MKL,TN,ASO,ES,Federal Contract Tower,0,5,13,0,18,0,0,16,0,16,0,5,29,0,34,0,0,0,34
11/04/2021,MKL,TN,ASO,ES,Federal Contract Tower,0,5,16,0,21,0,1,17,11,29,0,6,33,11,50,10,14,24,74
11/05/2021,MKL,TN,ASO,ES,Federal Contract Tower,0,5,14,0,19,0,0,27,8,35,0,5,41,8,54,10,18,28,82
11/06/2021,MKL,TN,ASO,ES,Federal Contract Tower,0,2,10,0,12,0,0,36,12,48,0,2,46,12,60,70,0,70,130
11/07/2021,MKL,TN,ASO,ES,Federal Contract Tower,0,4,5,0,9,0,0,32,5,37,0,4,37,5,46,38,0,38,84
11/08/2021,MKL,TN,ASO,ES,Federal Contract Tower,0,3,27,0,30,0,0,52,0,52,0,3,79,0,82,22,0,22,104
11/09/2021,MKL,TN,ASO,ES,Federal Contract Tower,0,5,18,0,23,0,0,28,9,37,0,5,46,9,60,58,4,62,122
11/10/2021,MKL,TN,ASO,ES,Federal Contract Tower,0,6,31,0,37,0,0,22,0,22,0,6,53,0,59,34,0,34,93
11/11/2021,MKL,TN,ASO,ES,Federal Contract Tower,0,4,8,0,12,0,0,9,0,9,0,4,17,0,21,0,0,0,21
11/12/2021,MKL,TN,ASO,ES,Federal Contract Tower,0,5,22,0,27,0,0,23,0,23,0,5,45,0,50,16,0,16,66
11/13/2021,MKL,TN,ASO,ES,Federal Contract Tower,0,1,8,0,9,0,0,43,0,43,0,1,51,0,52,52,0,52,104
11/14/2021,MKL,TN,ASO,ES,Federal Contract Tower,0,6,5,0,11,0,0,16,0,16,0,6,21,0,27,14,0,14,41
11/15/2021,MKL,TN,ASO,ES,Federal Contract Tower,0,4,16,1,21,0,0,23,4,27,0,4,39,5,48,42,0,42,90
11/16/2021,MKL,TN,ASO,ES,Federal Contract Tower,0,4,20,2,26,0,0,21,0,21,0,4,41,2,47,50,2,52,99
11/17/2021,MKL,TN,ASO,ES,Federal Contract Tower,0,4,14,0,18,0,0,16,0,16,0,4,30,0,34,8,0,8,42
11/18/2021,MKL,TN,ASO,ES,Federal Contract Tower,0,8,15,0,23,0,0,31,15,46,0,8,46,15,69,42,18,60,129
11/19/2021,MKL,TN,ASO,ES,Federal Contract Tower,0,9,12,0,21,0,0,46,18,64,0,9,58,18,85,50,30,80,165
11/20/2021,MKL,TN,ASO,ES,Federal Contract Tower,0,2,2,0,4,0,2,34,13,49,0,4,36,13,53,50,6,56,109
11/21/2021,MKL,TN,ASO,ES,Federal Contract Tower,0,5,6,0,11,0,0,1,4,5,0,5,7,4,16,0,0,0,16
11/22/2021,MKL,TN,ASO,ES,Federal Contract Tower,0,6,10,0,16,0,2,14,7,23,0,8,24,7,39,8,0,8,47
11/23/2021,MKL,TN,ASO,ES,Federal Contract Tower,0,5,13,0,18,0,0,22,0,22,0,5,35,0,40,10,0,10,50
11/24/2021,MKL,TN,ASO,ES,Federal Contract Tower,0,1,12,0,13,0,0,31,3,34,0,1,43,3,47,26,0,26,73
11/25/2021,MKL,TN,ASO,ES,Federal Contract Tower,0,0,2,0,2,0,0,0,0,0,0,0,2,0,2,0,0,0,2
11/26/2021,MKL,TN,ASO,ES,Federal Contract Tower,0,5,13,0,18,0,0,36,0,36,0,5,49,0,54,10,0,10,64
11/27/2021,MKL,TN,ASO,ES,Federal Contract Tower,0,6,9,0,15,0,0,10,0,10,0,6,19,0,25,28,0,28,53
11/28/2021,MKL,TN,ASO,ES,Federal Contract Tower,0,5,13,0,18,0,2,14,0,16,0,7,27,0,34,10,0,10,44
11/29/2021,MKL,TN,ASO,ES,Federal Contract Tower,0,4,6,0,10,0,0,23,0,23,0,4,29,0,33,40,0,40,73
11/30/2021,MKL,TN,ASO,ES,Federal Contract Tower,0,6,19,0,25,0,0,27,9,36,0,6,46,9,61,0,10,10,71
12/01/2021,MKL,TN,ASO,ES,Federal Contract Tower,0,4,14,0,18,0,0,17,9,26,0,4,31,9,44,0,0,0,44
12/02/2021,MKL,TN,ASO,ES,Federal Contract Tower,0,4,14,0,18,0,0,42,3,45,0,4,56,3,63,34,0,34,97
12/03/2021,MKL,TN,ASO,ES,Federal Contract Tower,0,5,27,1,33,0,0,22,6,28,0,5,49,7,61,10,10,20,81
12/04/2021,MKL,TN,ASO,ES,Federal Contract Tower,0,0,4,0,4,0,0,1,0,1,0,0,5,0,5,0,0,0,5
12/05/2021,MKL,TN,ASO,ES,Federal Contract Tower,0,4,3,0,7,0,0,1,0,1,0,4,4,0,8,0,0,0,8
12/06/2021,MKL,TN,ASO,ES,Federal Contract Tower,0,2,17,0,19,0,0,23,0,23,0,2,40,0,42,0,0,0,42
12/07/2021,MKL,TN,ASO,ES,Federal Contract Tower,0,0,19,1,20,0,0,29,9,38,0,0,48,10,58,10,8,18,76
12/08/2021,MKL,TN,ASO,ES,Federal Contract Tower,0,4,22,0,26,0,0,43,6,49,0,4,65,6,75,60,0,60,135
12/09/2021,MKL,TN,ASO,ES,Federal Contract Tower,0,7,14,0,21,0,0,9,15,24,0,7,23,15,45,8,48,56,101
12/10/2021,MKL,TN,ASO,ES,Federal Contract Tower,0,0,9,0,9,0,0,4,0,4,0,0,13,0,13,12,0,12,25
12/11/2021,MKL,TN,ASO,ES,Federal Contract Tower,0,0,6,0,6,0,0,13,2,15,0,0,19,2,21,2,0,2,23
12/12/2021,MKL,TN,ASO,ES,Federal Contract Tower,0,2,12,0,14,0,0,39,0,39,0,2,51,0,53,50,0,50,103
12/13/2021,MKL,TN,ASO,ES,Federal Contract Tower,0,5,19,2,26,0,2,48,0,50,0,7,67,2,76,74,0,74,150
12/14/2021,MKL,TN,ASO,ES,Federal Contract Tower,0,2,19,1,22,0,0,29,8,37,0,2,48,9,59,56,0,56,115
12/15/2021,MKL,TN,ASO,ES,Federal Contract Tower,0,0,13,0,13,0,0,9,7,16,0,0,22,7,29,18,10,28,57
12/16/2021,MKL,TN,ASO,ES,Federal Contract Tower,0,0,11,0,11,0,0,0,0,0,0,0,11,0,11,0,0,0,11
12/17/2021,MKL,TN,ASO,ES,Federal Contract Tower,0,0,9,1,10,0,2,1,11,14,0,2,10,12,24,0,20,20,44
12/18/2021,MKL,TN,ASO,ES,Federal Contract Tower,0,0,6,0,6,0,0,0,0,0,0,0,6,0,6,0,0,0,6
12/19/2021,MKL,TN,ASO,ES,Federal Contract Tower,0,0,10,0,10,0,0,13,11,24,0,0,23,11,34,0,20,20,54
12/20/2021,MKL,TN,ASO,ES,Federal Contract Tower,0,2,15,0,17,0,0,36,0,36,0,2,51,0,53,46,0,46,99
12/21/2021,MKL,TN,ASO,ES,Federal Contract Tower,0,2,16,1,19,0,0,26,1,27,0,2,42,2,46,42,0,42,88
12/22/2021,MKL,TN,ASO,ES,Federal Contract Tower,0,0,16,0,16,0,0,43,3,46,0,0,59,3,62,36,0,36,98
12/23/2021,MKL,TN,ASO,ES,Federal Contract Tower,0,2,15,0,17,0,0,15,0,15,0,2,30,0,32,42,0,42,74
12/24/2021,MKL,TN,ASO,ES,Federal Contract Tower,0,2,5,0,7,0,0,1,0,1,0,2,6,0,8,0,0,0,8
12/25/2021,MKL,TN,ASO,ES,Federal Contract Tower,0,0,0,0,0,0,0,6,0,6,0,0,6,0,6,0,0,0,6
12/26/2021,MKL,TN,ASO,ES,Federal Contract Tower,0,3,6,0,9,0,0,0,0,0,0,3,6,0,9,0,0,0,9
12/27/2021,MKL,TN,ASO,ES,Federal Contract Tower,0,2,8,0,10,0,0,5,0,5,0,2,13,0,15,0,0,0,15
12/28/2021,MKL,TN,ASO,ES,Federal Contract Tower,0,2,7,0,9,0,0,6,0,6,0,2,13,0,15,4,0,4,19
12/29/2021,MKL,TN,ASO,ES,Federal Contract Tower,0,0,3,0,3,0,0,7,0,7,0,0,10,0,10,0,0,0,10
12/30/2021,MKL,TN,ASO,ES,Federal Contract Tower,0,1,16,0,17,0,0,11,2,13,0,1,27,2,30,14,0,14,44
12/31/2021,MKL,TN,ASO,ES,Federal Contract Tower,0,2,3,0,5,0,0,3,0,3,0,2,6,0,8,0,0,0,8
01/01/2022,MKL,TN,ASO,ES,Federal Contract Tower,0,2,2,0,4,0,0,2,0,2,0,2,4,0,6,0,0,0,6
01/02/2022,MKL,TN,ASO,ES,Federal Contract Tower,0,0,2,0,2,0,0,0,0,0,0,0,2,0,2,0,0,0,2
01/03/2022,MKL,TN,ASO,ES,Federal Contract Tower,0,2,12,0,14,0,0,8,0,8,0,2,20,0,22,0,0,0,22
01/04/2022,MKL,TN,ASO,ES,Federal Contract Tower,0,0,10,0,10,0,0,8,9,17,0,0,18,9,27,20,0,20,47
01/05/2022,MKL,TN,ASO,ES,Federal Contract Tower,0,4,21,0,25,0,0,17,4,21,0,4,38,4,46,28,0,28,74
01/06/2022,MKL,TN,ASO,ES,Federal Contract Tower,0,0,0,0,0,0,0,0,0,0,0,0,0,0,0,0,0,0,0
01/07/2022,MKL,TN,ASO,ES,Federal Contract Tower,0,2,6,0,8,0,2,0,0,2,0,4,6,0,10,0,0,0,10
01/08/2022,MKL,TN,ASO,ES,Federal Contract Tower,0,2,8,2,12,0,0,20,15,35,0,2,28,17,47,12,2,14,61
01/09/2022,MKL,TN,ASO,ES,Federal Contract Tower,0,2,4,1,7,0,0,0,0,0,0,2,4,1,7,0,0,0,7
01/10/2022,MKL,TN,ASO,ES,Federal Contract Tower,0,4,16,0,20,0,0,22,0,22,0,4,38,0,42,0,0,0,42
01/11/2022,MKL,TN,ASO,ES,Federal Contract Tower,0,2,17,0,19,0,0,45,3,48,0,2,62,3,67,40,4,44,111
01/12/2022,MKL,TN,ASO,ES,Federal Contract Tower,0,2,10,1,13,0,0,31,2,33,0,2,41,3,46,42,4,46,92
01/13/2022,MKL,TN,ASO,ES,Federal Contract Tower,0,4,9,0,13,0,0,23,10,33,0,4,32,10,46,34,10,44,90
01/14/2022,MKL,TN,ASO,ES,Federal Contract Tower,0,2,16,2,20,0,0,27,2,29,0,2,43,4,49,8,0,8,57
01/15/2022,MKL,TN,ASO,ES,Federal Contract Tower,0,0,5,0,5,0,0,3,0,3,0,0,8,0,8,0,0,0,8
01/16/2022,MKL,TN,ASO,ES,Federal Contract Tower,0,2,0,0,2,0,0,0,0,0,0,2,0,0,2,0,0,0,2
01/17/2022,MKL,TN,ASO,ES,Federal Contract Tower,0,1,5,0,6,0,0,4,8,12,0,1,9,8,18,18,0,18,36
01/18/2022,MKL,TN,ASO,ES,Federal Contract Tower,0,2,16,0,18,0,0,27,2,29,0,2,43,2,47,16,0,16,63
01/19/2022,MKL,TN,ASO,ES,Federal Contract Tower,0,2,3,0,5,0,0,1,0,1,0,2,4,0,6,14,0,14,20
01/20/2022,MKL,TN,ASO,ES,Federal Contract Tower,0,2,13,1,16,0,0,13,9,22,0,2,26,10,38,0,26,26,64
01/21/2022,MKL,TN,ASO,ES,Federal Contract Tower,0,2,8,2,12,0,0,15,18,33,0,2,23,20,45,0,10,10,55
01/22/2022,MKL,TN,ASO,ES,Federal Contract Tower,0,2,5,2,9,0,2,34,8,44,0,4,39,10,53,74,12,86,139
01/23/2022,MKL,TN,ASO,ES,Federal Contract Tower,0,1,16,2,19,0,1,15,10,26,0,2,31,12,45,14,22,36,81
01/24/2022,MKL,TN,ASO,ES,Federal Contract Tower,0,2,14,0,16,0,0,24,0,24,0,2,38,0,40,10,0,10,50
01/25/2022,MKL,TN,ASO,ES,Federal Contract Tower,0,2,19,0,21,0,0,25,4,29,0,2,44,4,50,34,0,34,84
01/26/2022,MKL,TN,ASO,ES,Federal Contract Tower,0,0,15,0,15,0,0,25,2,27,0,0,40,2,42,36,0,36,78
01/27/2022,MKL,TN,ASO,ES,Federal Contract Tower,0,1,17,1,19,0,0,42,11,53,0,1,59,12,72,0,20,20,92
01/28/2022,MKL,TN,ASO,ES,Federal Contract Tower,0,9,0,0,9,0,1,16,2,19,0,10,16,2,28,12,10,22,50
01/29/2022,MKL,TN,ASO,ES,Federal Contract Tower,0,0,20,0,20,0,0,42,0,42,0,0,62,0,62,20,0,20,82
01/30/2022,MKL,TN,ASO,ES,Federal Contract Tower,0,2,13,0,15,0,0,28,0,28,0,2,41,0,43,26,0,26,69
01/31/2022,MKL,TN,ASO,ES,Federal Contract Tower,0,2,13,1,16,0,0,36,0,36,0,2,49,1,52,28,0,28,80
02/01/2022,MKL,TN,ASO,ES,Federal Contract Tower,0,4,4,0,8,0,0,10,0,10,0,4,14,0,18,0,0,0,18
02/02/2022,MKL,TN,ASO,ES,Federal Contract Tower,0,4,3,0,7,0,0,0,0,0,0,4,3,0,7,0,0,0,7
02/03/2022,MKL,TN,ASO,ES,Federal Contract Tower,0,0,0,0,0,0,0,0,0,0,0,0,0,0,0,0,0,0,0
02/04/2022,MKL,TN,ASO,ES,Federal Contract Tower,0,2,4,0,6,0,0,2,14,16,0,2,6,14,22,0,34,34,56
02/05/2022,MKL,TN,ASO,ES,Federal Contract Tower,0,2,9,0,11,0,0,27,2,29,0,2,36,2,40,28,4,32,72
02/06/2022,MKL,TN,ASO,ES,Federal Contract Tower,0,2,9,0,11,0,0,24,12,36,0,2,33,12,47,16,90,106,153
02/07/2022,MKL,TN,ASO,ES,Federal Contract Tower,0,4,14,0,18,0,0,28,30,58,0,4,42,30,76,48,0,48,124
02/08/2022,MKL,TN,ASO,ES,Federal Contract Tower,0,7,11,0,18,0,0,25,4,29,0,7,36,4,47,14,0,14,61
02/09/2022,MKL,TN,ASO,ES,Federal Contract Tower,0,4,12,0,16,0,0,24,0,24,0,4,36,0,40,4,0,4,44
02/10/2022,MKL,TN,ASO,ES,Federal Contract Tower,0,4,9,0,13,0,0,47,6,53,0,4,56,6,66,32,0,32,98
02/11/2022,MKL,TN,ASO,ES,Federal Contract Tower,0,4,8,0,12,0,0,13,4,17,0,4,21,4,29,4,0,4,33
02/12/2022,MKL,TN,ASO,ES,Federal Contract Tower,0,4,4,0,8,0,0,7,0,7,0,4,11,0,15,0,0,0,15
02/13/2022,MKL,TN,ASO,ES,Federal Contract Tower,0,4,16,0,20,0,0,26,0,26,0,4,42,0,46,26,0,26,72
02/14/2022,MKL,TN,ASO,ES,Federal Contract Tower,0,4,13,0,17,0,0,30,0,30,0,4,43,0,47,20,0,20,67
02/15/2022,MKL,TN,ASO,ES,Federal Contract Tower,0,4,23,1,28,0,0,25,10,35,0,4,48,11,63,28,0,28,91
02/16/2022,MKL,TN,ASO,ES,Federal Contract Tower,0,4,4,1,9,0,0,8,2,10,0,4,12,3,19,0,0,0,19
02/17/2022,MKL,TN,ASO,ES,Federal Contract Tower,0,5,4,0,9,0,0,0,0,0,0,5,4,0,9,0,0,0,9
02/18/2022,MKL,TN,ASO,ES,Federal Contract Tower,0,2,32,0,34,0,2,46,7,55,0,4,78,7,89,54,28,82,171
02/19/2022,MKL,TN,ASO,ES,Federal Contract Tower,0,5,24,2,31,0,0,47,9,56,0,5,71,11,87,58,0,58,145
02/20/2022,MKL,TN,ASO,ES,Federal Contract Tower,0,4,10,0,14,0,2,33,4,39,0,6,43,4,53,10,0,10,63
02/21/2022,MKL,TN,ASO,ES,Federal Contract Tower,0,8,15,0,23,0,0,4,0,4,0,8,19,0,27,0,0,0,27
02/22/2022,MKL,TN,ASO,ES,Federal Contract Tower,0,2,2,0,4,0,0,0,0,0,0,2,2,0,4,0,0,0,4
02/23/2022,MKL,TN,ASO,ES,Federal Contract Tower,0,4,6,0,10,0,0,1,5,6,0,4,7,5,16,0,16,16,32
02/24/2022,MKL,TN,ASO,ES,Federal Contract Tower,0,2,5,0,7,0,0,0,0,0,0,2,5,0,7,0,0,0,7
02/25/2022,MKL,TN,ASO,ES,Federal Contract Tower,0,2,19,2,23,0,0,10,10,20,0,2,29,12,43,34,4,38,81
02/26/2022,MKL,TN,ASO,ES,Federal Contract Tower,0,0,10,1,11,0,0,19,9,28,0,0,29,10,39,32,20,52,91
02/27/2022,MKL,TN,ASO,ES,Federal Contract Tower,0,10,11,0,21,0,0,29,6,35,0,10,40,6,56,16,0,16,72
02/28/2022,MKL,TN,ASO,ES,Federal Contract Tower,0,2,9,0,11,0,0,29,0,29,0,2,38,0,40,26,0,26,66
03/01/2022,MKL,TN,ASO,ES,Federal Contract Tower,0,7,23,0,30,0,0,30,2,32,0,7,53,2,62,38,0,38,100
03/02/2022,MKL,TN,ASO,ES,Federal Contract Tower,0,5,13,1,19,0,0,20,23,43,0,5,33,24,62,32,12,44,106
03/03/2022,MKL,TN,ASO,ES,Federal Contract Tower,0,5,15,1,21,0,0,54,29,83,0,5,69,30,104,60,8,68,172
03/04/2022,MKL,TN,ASO,ES,Federal Contract Tower,0,4,11,0,15,0,0,55,0,55,0,4,66,0,70,40,0,40,110
03/05/2022,MKL,TN,ASO,ES,Federal Contract Tower,0,5,6,0,11,0,0,19,12,31,0,5,25,12,42,8,0,8,50
03/06/2022,MKL,TN,ASO,ES,Federal Contract Tower,0,4,9,0,13,0,0,5,0,5,0,4,14,0,18,0,0,0,18
03/07/2022,MKL,TN,ASO,ES,Federal Contract Tower,0,5,8,0,13,0,0,8,0,8,0,5,16,0,21,12,0,12,33
03/08/2022,MKL,TN,ASO,ES,Federal Contract Tower,0,5,8,0,13,0,0,6,4,10,0,5,14,4,23,14,4,18,41
03/09/2022,MKL,TN,ASO,ES,Federal Contract Tower,0,9,14,0,23,0,0,31,6,37,0,9,45,6,60,0,2,2,62
03/10/2022,MKL,TN,ASO,ES,Federal Contract Tower,0,5,17,1,23,0,1,45,20,66,0,6,62,21,89,32,40,72,161
03/11/2022,MKL,TN,ASO,ES,Federal Contract Tower,0,5,17,0,22,0,0,20,5,25,0,5,37,5,47,6,20,26,73
03/12/2022,MKL,TN,ASO,ES,Federal Contract Tower,0,6,8,0,14,0,0,7,0,7,0,6,15,0,21,0,0,0,21
03/13/2022,MKL,TN,ASO,ES,Federal Contract Tower,0,7,10,0,17,0,0,16,0,16,0,7,26,0,33,0,0,0,33
03/14/2022,MKL,TN,ASO,ES,Federal Contract Tower,0,7,8,3,18,0,0,17,9,26,0,7,25,12,44,0,30,30,74
03/15/2022,MKL,TN,ASO,ES,Federal Contract Tower,0,5,18,0,23,0,0,16,10,26,0,5,34,10,49,6,40,46,95
03/16/2022,MKL,TN,ASO,ES,Federal Contract Tower,0,5,12,0,17,0,0,12,9,21,0,5,24,9,38,14,32,46,84
03/17/2022,MKL,TN,ASO,ES,Federal Contract Tower,0,5,20,1,26,0,0,39,15,54,0,5,59,16,80,26,16,42,122
03/18/2022,MKL,TN,ASO,ES,Federal Contract Tower,0,3,16,2,21,0,0,10,9,19,0,3,26,11,40,2,0,2,42
03/19/2022,MKL,TN,ASO,ES,Federal Contract Tower,0,3,17,1,21,0,0,10,7,17,0,3,27,8,38,4,0,4,42
03/20/2022,MKL,TN,ASO,ES,Federal Contract Tower,0,6,10,0,16,0,0,98,4,102,0,6,108,4,118,60,0,60,178
03/21/2022,MKL,TN,ASO,ES,Federal Contract Tower,0,7,14,0,21,0,0,29,0,29,0,7,43,0,50,16,0,16,66
03/22/2022,MKL,TN,ASO,ES,Federal Contract Tower,0,2,7,0,9,0,0,0,0,0,0,2,7,0,9,0,0,0,9
03/23/2022,MKL,TN,ASO,ES,Federal Contract Tower,0,6,19,0,25,0,2,0,9,11,0,8,19,9,36,0,18,18,54
03/24/2022,MKL,TN,ASO,ES,Federal Contract Tower,0,5,10,0,15,0,0,24,3,27,0,5,34,3,42,2,0,2,44
03/25/2022,MKL,TN,ASO,ES,Federal Contract Tower,0,5,6,0,11,0,0,8,7,15,0,5,14,7,26,0,0,0,26
03/26/2022,MKL,TN,ASO,ES,Federal Contract Tower,0,2,14,0,16,0,0,22,0,22,0,2,36,0,38,6,0,6,44
03/27/2022,MKL,TN,ASO,ES,Federal Contract Tower,0,6,6,0,12,0,1,62,0,63,0,7,68,0,75,34,0,34,109
03/28/2022,MKL,TN,ASO,ES,Federal Contract Tower,0,2,13,0,15,0,0,32,2,34,0,2,45,2,49,36,8,44,93
03/29/2022,MKL,TN,ASO,ES,Federal Contract Tower,0,8,17,5,30,0,1,12,7,20,0,9,29,12,50,0,16,16,66
03/30/2022,MKL,TN,ASO,ES,Federal Contract Tower,0,4,1,0,5,0,0,0,0,0,0,4,1,0,5,0,0,0,5
03/31/2022,MKL,TN,ASO,ES,Federal Contract Tower,0,9,8,0,17,0,0,31,2,33,0,9,39,2,50,0,0,0,50
04/01/2022,MKL,TN,ASO,ES,Federal Contract Tower,0,6,13,0,19,0,0,40,2,42,0,6,53,2,61,8,0,8,69
04/02/2022,MKL,TN,ASO,ES,Federal Contract Tower,0,3,9,0,12,0,0,15,7,22,0,3,24,7,34,8,4,12,46
04/03/2022,MKL,TN,ASO,ES,Federal Contract Tower,0,7,9,0,16,0,0,39,0,39,0,7,48,0,55,20,0,20,75
04/04/2022,MKL,TN,ASO,ES,Federal Contract Tower,0,3,8,0,11,0,0,22,0,22,0,3,30,0,33,6,0,6,39
04/05/2022,MKL,TN,ASO,ES,Federal Contract Tower,0,1,9,0,10,0,0,7,3,10,0,1,16,3,20,8,8,16,36
04/06/2022,MKL,TN,ASO,ES,Federal Contract Tower,0,5,23,0,28,0,0,8,0,8,0,5,31,0,36,0,0,0,36
04/07/2022,MKL,TN,ASO,ES,Federal Contract Tower,0,3,13,1,17,0,0,28,12,40,0,3,41,13,57,12,12,24,81
04/08/2022,MKL,TN,ASO,ES,Federal Contract Tower,0,5,11,0,16,0,0,6,9,15,0,5,17,9,31,0,4,4,35
04/09/2022,MKL,TN,ASO,ES,Federal Contract Tower,0,4,6,0,10,0,2,31,8,41,0,6,37,8,51,44,0,44,95
04/10/2022,MKL,TN,ASO,ES,Federal Contract Tower,0,5,16,0,21,0,0,25,0,25,0,5,41,0,46,8,0,8,54
04/11/2022,MKL,TN,ASO,ES,Federal Contract Tower,0,4,7,0,11,0,0,4,0,4,0,4,11,0,15,0,0,0,15
04/12/2022,MKL,TN,ASO,ES,Federal Contract Tower,0,6,18,1,25,0,0,17,0,17,0,6,35,1,42,0,0,0,42
04/13/2022,MKL,TN,ASO,ES,Federal Contract Tower,0,3,5,2,10,0,0,2,1,3,0,3,7,3,13,0,4,4,17
04/14/2022,MKL,TN,ASO,ES,Federal Contract Tower,0,4,25,1,30,0,0,41,8,49,0,4,66,9,79,8,0,8,87
04/15/2022,MKL,TN,ASO,ES,Federal Contract Tower,0,5,19,0,24,0,0,18,0,18,0,5,37,0,42,18,0,18,60
04/16/2022,MKL,TN,ASO,ES,Federal Contract Tower,0,3,8,0,11,0,0,0,0,0,0,3,8,0,11,0,0,0,11
04/17/2022,MKL,TN,ASO,ES,Federal Contract Tower,0,5,6,0,11,0,0,2,0,2,0,5,8,0,13,0,0,0,13
04/18/2022,MKL,TN,ASO,ES,Federal Contract Tower,0,6,28,0,34,0,0,13,0,13,0,6,41,0,47,0,0,0,47
04/19/2022,MKL,TN,ASO,ES,Federal Contract Tower,0,6,12,0,18,0,0,75,0,75,0,6,87,0,93,114,0,114,207
04/20/2022,MKL,TN,ASO,ES,Federal Contract Tower,0,5,14,0,19,0,0,18,0,18,0,5,32,0,37,0,0,0,37
04/21/2022,MKL,TN,ASO,ES,Federal Contract Tower,0,6,15,0,21,0,0,6,9,15,0,6,21,9,36,0,18,18,54
04/22/2022,MKL,TN,ASO,ES,Federal Contract Tower,0,7,16,0,23,0,0,37,11,48,0,7,53,11,71,64,0,64,135
04/23/2022,MKL,TN,ASO,ES,Federal Contract Tower,0,2,6,8,16,0,2,9,11,22,0,4,15,19,38,4,22,26,64
04/24/2022,MKL,TN,ASO,ES,Federal Contract Tower,0,5,9,2,16,0,0,7,11,18,0,5,16,13,34,8,12,20,54
04/25/2022,MKL,TN,ASO,ES,Federal Contract Tower,0,5,13,0,18,0,0,2,0,2,0,5,15,0,20,0,0,0,20
04/26/2022,MKL,TN,ASO,ES,Federal Contract Tower,0,5,14,0,19,0,0,23,0,23,0,5,37,0,42,26,0,26,68
04/27/2022,MKL,TN,ASO,ES,Federal Contract Tower,0,7,23,0,30,0,0,78,6,84,0,7,101,6,114,36,0,36,150
04/28/2022,MKL,TN,ASO,ES,Federal Contract Tower,0,4,20,0,24,0,0,47,1,48,0,4,67,1,72,2,0,2,74
04/29/2022,MKL,TN,ASO,ES,Federal Contract Tower,0,4,28,0,32,0,2,38,15,55,0,6,66,15,87,26,0,26,113
04/30/2022,MKL,TN,ASO,ES,Federal Contract Tower,0,3,6,0,9,0,2,7,0,9,0,5,13,0,18,0,0,0,18
05/01/2022,MKL,TN,ASO,ES,Federal Contract Tower,0,7,11,0,18,0,2,29,0,31,0,9,40,0,49,10,0,10,59
05/02/2022,MKL,TN,ASO,ES,Federal Contract Tower,0,7,8,0,15,0,0,27,0,27,0,7,35,0,42,28,0,28,70
05/03/2022,MKL,TN,ASO,ES,Federal Contract Tower,0,7,11,0,18,0,0,14,8,22,0,7,25,8,40,4,4,8,48
05/04/2022,MKL,TN,ASO,ES,Federal Contract Tower,0,5,22,0,27,0,0,46,6,52,0,5,68,6,79,8,0,8,87
05/05/2022,MKL,TN,ASO,ES,Federal Contract Tower,0,2,13,0,15,0,0,23,0,23,0,2,36,0,38,22,0,22,60
05/06/2022,MKL,TN,ASO,ES,Federal Contract Tower,0,4,9,0,13,0,0,6,10,16,0,4,15,10,29,0,14,14,43
05/07/2022,MKL,TN,ASO,ES,Federal Contract Tower,0,2,17,0,19,0,0,19,3,22,0,2,36,3,41,6,0,6,47
05/08/2022,MKL,TN,ASO,ES,Federal Contract Tower,0,6,14,0,20,0,0,16,2,18,0,6,30,2,38,0,0,0,38
05/09/2022,MKL,TN,ASO,ES,Federal Contract Tower,0,4,10,2,16,0,1,32,4,37,0,5,42,6,53,2,4,6,59
05/10/2022,MKL,TN,ASO,ES,Federal Contract Tower,0,6,9,0,15,0,1,31,4,36,0,7,40,4,51,50,4,54,105
05/11/2022,MKL,TN,ASO,ES,Federal Contract Tower,0,8,10,0,18,0,1,26,3,30,0,9,36,3,48,14,0,14,62
05/12/2022,MKL,TN,ASO,ES,Federal Contract Tower,0,7,7,0,14,0,0,16,7,23,0,7,23,7,37,36,10,46,83
05/13/2022,MKL,TN,ASO,ES,Federal Contract Tower,0,5,20,0,25,0,0,19,8,27,0,5,39,8,52,8,0,8,60
05/14/2022,MKL,TN,ASO,ES,Federal Contract Tower,0,1,6,0,7,0,0,8,0,8,0,1,14,0,15,14,0,14,29
05/15/2022,MKL,TN,ASO,ES,Federal Contract Tower,0,8,12,0,20,0,0,17,0,17,0,8,29,0,37,22,0,22,59
05/16/2022,MKL,TN,ASO,ES,Federal Contract Tower,0,7,15,0,22,0,0,35,0,35,0,7,50,0,57,42,0,42,99
05/17/2022,MKL,TN,ASO,ES,Federal Contract Tower,0,5,13,0,18,0,0,24,4,28,0,5,37,4,46,14,0,14,60
05/18/2022,MKL,TN,ASO,ES,Federal Contract Tower,0,4,14,0,18,0,0,27,0,27,0,4,41,0,45,44,0,44,89
05/19/2022,MKL,TN,ASO,ES,Federal Contract Tower,0,5,20,3,28,0,0,43,5,48,0,5,63,8,76,18,4,22,98
05/20/2022,MKL,TN,ASO,ES,Federal Contract Tower,0,5,14,2,21,0,2,13,7,22,0,7,27,9,43,0,14,14,57
05/21/2022,MKL,TN,ASO,ES,Federal Contract Tower,0,2,11,0,13,0,0,8,4,12,0,2,19,4,25,0,10,10,35
05/22/2022,MKL,TN,ASO,ES,Federal Contract Tower,0,6,12,2,20,0,0,0,0,0,0,6,12,2,20,0,0,0,20
05/23/2022,MKL,TN,ASO,ES,Federal Contract Tower,0,4,16,0,20,0,0,48,0,48,0,4,64,0,68,10,0,10,78
05/24/2022,MKL,TN,ASO,ES,Federal Contract Tower,0,5,17,4,26,0,0,23,2,25,0,5,40,6,51,6,8,14,65
05/25/2022,MKL,TN,ASO,ES,Federal Contract Tower,0,5,7,0,12,0,0,0,0,0,0,5,7,0,12,0,0,0,12
05/26/2022,MKL,TN,ASO,ES,Federal Contract Tower,0,4,15,3,22,0,0,12,5,17,0,4,27,8,39,0,0,0,39
05/27/2022,MKL,TN,ASO,ES,Federal Contract Tower,0,7,23,0,30,0,0,10,0,10,0,7,33,0,40,6,0,6,46
05/28/2022,MKL,TN,ASO,ES,Federal Contract Tower,0,5,7,0,12,0,0,30,0,30,0,5,37,0,42,52,0,52,94
05/29/2022,MKL,TN,ASO,ES,Federal Contract Tower,0,4,3,0,7,0,0,10,0,10,0,4,13,0,17,4,0,4,21
05/30/2022,MKL,TN,ASO,ES,Federal Contract Tower,0,4,16,0,20,0,0,28,6,34,0,4,44,6,54,30,0,30,84
05/31/2022,MKL,TN,ASO,ES,Federal Contract Tower,0,4,24,0,28,0,0,40,0,40,0,4,64,0,68,22,0,22,90
06/01/2022,MKL,TN,ASO,ES,Federal Contract Tower,0,3,12,0,15,0,0,39,0,39,0,3,51,0,54,28,0,28,82
06/02/2022,MKL,TN,ASO,ES,Federal Contract Tower,0,7,20,0,27,0,0,4,0,4,0,7,24,0,31,0,0,0,31
06/03/2022,MKL,TN,ASO,ES,Federal Contract Tower,0,9,14,2,25,0,1,57,5,63,0,10,71,7,88,52,0,52,140
06/04/2022,MKL,TN,ASO,ES,Federal Contract Tower,0,5,10,0,15,0,0,39,5,44,0,5,49,5,59,12,0,12,71
06/05/2022,MKL,TN,ASO,ES,Federal Contract Tower,0,7,11,0,18,0,1,24,0,25,0,8,35,0,43,26,0,26,69
06/06/2022,MKL,TN,ASO,ES,Federal Contract Tower,0,4,8,0,12,0,0,6,0,6,0,4,14,0,18,10,0,10,28
06/07/2022,MKL,TN,ASO,ES,Federal Contract Tower,0,3,8,0,11,0,0,10,0,10,0,3,18,0,21,12,0,12,33
06/08/2022,MKL,TN,ASO,ES,Federal Contract Tower,0,7,10,0,17,0,0,1,0,1,0,7,11,0,18,0,0,0,18
06/09/2022,MKL,TN,ASO,ES,Federal Contract Tower,0,4,17,0,21,0,0,44,11,55,0,4,61,11,76,38,24,62,138
06/10/2022,MKL,TN,ASO,ES,Federal Contract Tower,0,4,10,2,16,0,0,37,7,44,0,4,47,9,60,72,4,76,136
06/11/2022,MKL,TN,ASO,ES,Federal Contract Tower,0,3,11,0,14,0,0,43,32,75,0,3,54,32,89,36,0,36,125
06/12/2022,MKL,TN,ASO,ES,Federal Contract Tower,0,4,10,0,14,0,0,19,0,19,0,4,29,0,33,2,0,2,35
06/13/2022,MKL,TN,ASO,ES,Federal Contract Tower,0,2,32,0,34,0,0,28,8,36,0,2,60,8,70,52,0,52,122
06/14/2022,MKL,TN,ASO,ES,Federal Contract Tower,0,3,23,1,27,0,0,41,3,44,0,3,64,4,71,36,10,46,117
06/15/2022,MKL,TN,ASO,ES,Federal Contract Tower,0,3,20,4,27,0,0,35,5,40,0,3,55,9,67,52,6,58,125
06/16/2022,MKL,TN,ASO,ES,Federal Contract Tower,0,4,15,0,19,0,2,30,5,37,0,6,45,5,56,42,0,42,98
06/17/2022,MKL,TN,ASO,ES,Federal Contract Tower,0,4,8,2,14,0,0,18,4,22,0,4,26,6,36,46,0,46,82
06/18/2022,MKL,TN,ASO,ES,Federal Contract Tower,0,3,4,0,7,0,0,18,0,18,0,3,22,0,25,24,0,24,49
06/19/2022,MKL,TN,ASO,ES,Federal Contract Tower,0,6,3,0,9,0,0,22,0,22,0,6,25,0,31,0,4,4,35
06/20/2022,MKL,TN,ASO,ES,Federal Contract Tower,0,4,7,0,11,0,0,53,0,53,0,4,60,0,64,32,0,32,96
06/21/2022,MKL,TN,ASO,ES,Federal Contract Tower,0,3,15,0,18,0,1,57,5,63,0,4,72,5,81,104,6,110,191
06/22/2022,MKL,TN,ASO,ES,Federal Contract Tower,0,3,19,0,22,0,0,87,2,89,0,3,106,2,111,120,0,120,231
06/23/2022,MKL,TN,ASO,ES,Federal Contract Tower,0,4,17,0,21,0,0,43,5,48,0,4,60,5,69,84,10,94,163
06/24/2022,MKL,TN,ASO,ES,Federal Contract Tower,0,4,14,0,18,0,0,33,7,40,0,4,47,7,58,32,52,84,142
06/25/2022,MKL,TN,ASO,ES,Federal Contract Tower,0,3,8,0,11,0,0,19,4,23,0,3,27,4,34,32,0,32,66
06/26/2022,MKL,TN,ASO,ES,Federal Contract Tower,0,3,11,0,14,0,0,9,4,13,0,3,20,4,27,2,0,2,29
06/27/2022,MKL,TN,ASO,ES,Federal Contract Tower,0,11,15,0,26,0,0,51,0,51,0,11,66,0,77,4,0,4,81
06/28/2022,MKL,TN,ASO,ES,Federal Contract Tower,0,3,21,0,24,0,0,58,3,61,0,3,79,3,85,60,4,64,149
06/29/2022,MKL,TN,ASO,ES,Federal Contract Tower,0,5,14,0,19,0,0,49,2,51,0,5,63,2,70,38,0,38,108
06/30/2022,MKL,TN,ASO,ES,Federal Contract Tower,0,6,14,0,20,0,0,46,5,51,0,6,60,5,71,14,0,14,85
07/01/2022,MKL,TN,ASO,ES,Federal Contract Tower,0,8,14,0,22,0,0,63,0,63,0,8,77,0,85,16,0,16,101
07/02/2022,MKL,TN,ASO,ES,Federal Contract Tower,0,3,8,0,11,0,0,26,0,26,0,3,34,0,37,30,0,30,67
07/03/2022,MKL,TN,ASO,ES,Federal Contract Tower,0,7,7,0,14,0,0,13,0,13,0,7,20,0,27,6,0,6,33
07/04/2022,MKL,TN,ASO,ES,Federal Contract Tower,0,6,6,0,12,0,0,12,0,12,0,6,18,0,24,0,0,0,24
07/05/2022,MKL,TN,ASO,ES,Federal Contract Tower,0,4,13,1,18,0,1,35,6,42,0,5,48,7,60,36,0,36,96
07/06/2022,MKL,TN,ASO,ES,Federal Contract Tower,0,2,4,0,6,0,0,40,5,45,0,2,44,5,51,30,10,40,91
07/07/2022,MKL,TN,ASO,ES,Federal Contract Tower,0,6,20,0,26,0,0,35,11,46,0,6,55,11,72,10,14,24,96
07/08/2022,MKL,TN,ASO,ES,Federal Contract Tower,0,6,6,0,12,0,0,79,7,86,0,6,85,7,98,6,44,50,148
07/09/2022,MKL,TN,ASO,ES,Federal Contract Tower,0,2,3,0,5,0,0,30,0,30,0,2,33,0,35,4,0,4,39
07/10/2022,MKL,TN,ASO,ES,Federal Contract Tower,0,6,13,0,19,0,0,10,0,10,0,6,23,0,29,16,0,16,45
07/11/2022,MKL,TN,ASO,ES,Federal Contract Tower,0,4,14,1,19,0,0,55,0,55,0,4,69,1,74,74,0,74,148
07/12/2022,MKL,TN,ASO,ES,Federal Contract Tower,0,5,8,5,18,0,0,26,11,37,0,5,34,16,55,54,18,72,127
07/13/2022,MKL,TN,ASO,ES,Federal Contract Tower,0,3,14,0,17,0,0,57,10,67,0,3,71,10,84,76,0,76,160
07/14/2022,MKL,TN,ASO,ES,Federal Contract Tower,0,4,10,0,14,0,0,76,4,80,0,4,86,4,94,94,0,94,188
07/15/2022,MKL,TN,ASO,ES,Federal Contract Tower,0,4,15,0,19,0,0,67,7,74,0,4,82,7,93,44,16,60,153
07/16/2022,MKL,TN,ASO,ES,Federal Contract Tower,0,4,5,2,11,0,0,42,6,48,0,4,47,8,59,66,14,80,139
07/17/2022,MKL,TN,ASO,ES,Federal Contract Tower,0,6,8,5,19,0,0,17,6,23,0,6,25,11,42,38,8,46,88
07/18/2022,MKL,TN,ASO,ES,Federal Contract Tower,0,3,10,0,13,0,0,26,0,26,0,3,36,0,39,100,0,100,139
07/19/2022,MKL,TN,ASO,ES,Federal Contract Tower,0,3,10,1,14,0,0,30,2,32,0,3,40,3,46,74,8,82,128
07/20/2022,MKL,TN,ASO,ES,Federal Contract Tower,0,3,21,1,25,0,0,22,8,30,0,3,43,9,55,14,18,32,87
07/21/2022,MKL,TN,ASO,ES,Federal Contract Tower,0,3,10,0,13,0,0,30,9,39,0,3,40,9,52,70,14,84,136
07/22/2022,MKL,TN,ASO,ES,Federal Contract Tower,0,4,15,0,19,0,0,62,5,67,0,4,77,5,86,76,6,82,168
07/23/2022,MKL,TN,ASO,ES,Federal Contract Tower,0,3,6,0,9,0,0,43,0,43,0,3,49,0,52,20,0,20,72
07/24/2022,MKL,TN,ASO,ES,Federal Contract Tower,0,6,18,0,24,0,2,21,0,23,0,8,39,0,47,12,0,12,59
07/25/2022,MKL,TN,ASO,ES,Federal Contract Tower,0,7,11,0,18,0,0,45,6,51,0,7,56,6,69,62,0,62,131
07/26/2022,MKL,TN,ASO,ES,Federal Contract Tower,0,6,25,1,32,0,0,22,8,30,0,6,47,9,62,12,4,16,78
07/27/2022,MKL,TN,ASO,ES,Federal Contract Tower,0,6,17,0,23,0,0,35,4,39,0,6,52,4,62,62,0,62,124
07/28/2022,MKL,TN,ASO,ES,Federal Contract Tower,0,7,11,0,18,0,0,21,1,22,0,7,32,1,40,16,0,16,56
07/29/2022,MKL,TN,ASO,ES,Federal Contract Tower,0,6,21,1,28,0,0,12,0,12,0,6,33,1,40,36,0,36,76
07/30/2022,MKL,TN,ASO,ES,Federal Contract Tower,0,3,5,2,10,0,0,28,0,28,0,3,33,2,38,48,0,48,86
07/31/2022,MKL,TN,ASO,ES,Federal Contract Tower,0,7,4,0,11,0,0,0,0,0,0,7,4,0,11,0,0,0,11
08/01/2022,MKL,TN,ASO,ES,Federal Contract Tower,0,3,15,0,18,0,0,25,0,25,0,3,40,0,43,100,0,100,143
08/02/2022,MKL,TN,ASO,ES,Federal Contract Tower,0,5,19,0,24,0,0,44,7,51,0,5,63,7,75,52,0,52,127
08/03/2022,MKL,TN,ASO,ES,Federal Contract Tower,0,5,25,1,31,0,0,49,1,50,0,5,74,2,81,132,2,134,215
08/04/2022,MKL,TN,ASO,ES,Federal Contract Tower,0,6,32,0,38,0,0,27,0,27,0,6,59,0,65,70,0,70,135
08/05/2022,MKL,TN,ASO,ES,Federal Contract Tower,0,2,5,0,7,0,0,8,0,8,0,2,13,0,15,14,0,14,29
08/06/2022,MKL,TN,ASO,ES,Federal Contract Tower,0,3,13,6,22,0,1,56,8,65,0,4,69,14,87,92,0,92,179
08/07/2022,MKL,TN,ASO,ES,Federal Contract Tower,0,3,10,0,13,0,0,37,2,39,0,3,47,2,52,38,0,38,90
08/08/2022,MKL,TN,ASO,ES,Federal Contract Tower,0,5,10,0,15,0,0,15,15,30,0,5,25,15,45,12,0,12,57
08/09/2022,MKL,TN,ASO,ES,Federal Contract Tower,0,5,15,0,20,0,0,20,2,22,0,5,35,2,42,72,0,72,114
08/10/2022,MKL,TN,ASO,ES,Federal Contract Tower,0,4,18,2,24,0,0,17,0,17,0,4,35,2,41,36,0,36,77
08/11/2022,MKL,TN,ASO,ES,Federal Contract Tower,0,3,17,0,20,0,0,21,0,21,0,3,38,0,41,14,0,14,55
08/12/2022,MKL,TN,ASO,ES,Federal Contract Tower,0,6,13,4,23,0,4,39,0,43,0,10,52,4,66,46,0,46,112
08/13/2022,MKL,TN,ASO,ES,Federal Contract Tower,0,2,21,0,23,0,0,48,0,48,0,2,69,0,71,54,0,54,125
08/14/2022,MKL,TN,ASO,ES,Federal Contract Tower,0,6,12,0,18,0,0,51,0,51,0,6,63,0,69,76,0,76,145
08/15/2022,MKL,TN,ASO,ES,Federal Contract Tower,0,4,16,0,20,0,0,31,18,49,0,4,47,18,69,82,0,82,151
08/16/2022,MKL,TN,ASO,ES,Federal Contract Tower,0,6,28,3,37,0,1,9,8,18,0,7,37,11,55,28,0,28,83
08/17/2022,MKL,TN,ASO,ES,Federal Contract Tower,0,3,13,2,18,0,0,10,3,13,0,3,23,5,31,0,0,0,31
08/18/2022,MKL,TN,ASO,ES,Federal Contract Tower,0,4,17,2,23,0,0,47,12,59,0,4,64,14,82,76,14,90,172
08/19/2022,MKL,TN,ASO,ES,Federal Contract Tower,0,4,14,4,22,0,0,44,2,46,0,4,58,6,68,120,0,120,188
08/20/2022,MKL,TN,ASO,ES,Federal Contract Tower,0,5,5,0,10,0,1,9,1,11,0,6,14,1,21,12,0,12,33
08/21/2022,MKL,TN,ASO,ES,Federal Contract Tower,0,5,26,0,31,0,0,10,0,10,0,5,36,0,41,2,0,2,43
08/22/2022,MKL,TN,ASO,ES,Federal Contract Tower,0,3,12,0,15,0,0,19,0,19,0,3,31,0,34,30,0,30,64
08/23/2022,MKL,TN,ASO,ES,Federal Contract Tower,0,8,25,0,33,0,2,32,0,34,0,10,57,0,67,82,0,82,149
08/24/2022,MKL,TN,ASO,ES,Federal Contract Tower,0,4,22,4,30,0,0,36,0,36,0,4,58,4,66,100,0,100,166
08/25/2022,MKL,TN,ASO,ES,Federal Contract Tower,0,4,11,0,15,0,0,33,6,39,0,4,44,6,54,18,0,18,72
08/26/2022,MKL,TN,ASO,ES,Federal Contract Tower,0,5,12,0,17,0,0,38,9,47,0,5,50,9,64,54,0,54,118
08/27/2022,MKL,TN,ASO,ES,Federal Contract Tower,0,3,8,0,11,0,0,35,8,43,0,3,43,8,54,58,0,58,112
08/28/2022,MKL,TN,ASO,ES,Federal Contract Tower,0,6,6,0,12,0,0,8,4,12,0,6,14,4,24,0,0,0,24
08/29/2022,MKL,TN,ASO,ES,Federal Contract Tower,0,4,13,0,17,0,0,20,0,20,0,4,33,0,37,22,0,22,59
08/30/2022,MKL,TN,ASO,ES,Federal Contract Tower,0,3,15,0,18,0,0,29,22,51,0,3,44,22,69,58,0,58,127
08/31/2022,MKL,TN,ASO,ES,Federal Contract Tower,0,5,11,0,16,0,0,44,2,46,0,5,55,2,62,46,0,46,108
09/01/2022,MKL,TN,ASO,ES,Federal Contract Tower,0,6,13,0,19,0,0,34,0,34,0,6,47,0,53,70,0,70,123
09/02/2022,MKL,TN,ASO,ES,Federal Contract Tower,0,5,11,2,18,0,0,33,0,33,0,5,44,2,51,56,0,56,107
09/03/2022,MKL,TN,ASO,ES,Federal Contract Tower,0,3,5,0,8,0,0,21,0,21,0,3,26,0,29,16,0,16,45
09/04/2022,MKL,TN,ASO,ES,Federal Contract Tower,0,4,7,0,11,0,0,0,0,0,0,4,7,0,11,0,0,0,11
09/05/2022,MKL,TN,ASO,ES,Federal Contract Tower,0,5,15,0,20,0,0,13,0,13,0,5,28,0,33,16,0,16,49
09/06/2022,MKL,TN,ASO,ES,Federal Contract Tower,0,3,22,0,25,0,0,8,4,12,0,3,30,4,37,18,0,18,55
09/07/2022,MKL,TN,ASO,ES,Federal Contract Tower,0,5,17,0,22,0,0,15,2,17,0,5,32,2,39,56,0,56,95
09/08/2022,MKL,TN,ASO,ES,Federal Contract Tower,0,3,18,1,22,0,0,51,4,55,0,3,69,5,77,94,0,94,171
09/09/2022,MKL,TN,ASO,ES,Federal Contract Tower,0,5,10,1,16,0,0,35,3,38,0,5,45,4,54,72,0,72,126
09/10/2022,MKL,TN,ASO,ES,Federal Contract Tower,0,4,5,0,9,0,0,1,0,1,0,4,6,0,10,4,0,4,14
09/11/2022,MKL,TN,ASO,ES,Federal Contract Tower,0,5,7,0,12,0,0,3,6,9,0,5,10,6,21,0,0,0,21
09/12/2022,MKL,TN,ASO,ES,Federal Contract Tower,0,5,7,0,12,0,0,41,0,41,0,5,48,0,53,70,0,70,123
09/13/2022,MKL,TN,ASO,ES,Federal Contract Tower,0,3,14,0,17,0,0,57,2,59,0,3,71,2,76,70,0,70,146
09/14/2022,MKL,TN,ASO,ES,Federal Contract Tower,0,5,23,0,28,0,0,39,1,40,0,5,62,1,68,96,0,96,164
09/15/2022,MKL,TN,ASO,ES,Federal Contract Tower,0,5,14,1,20,0,0,94,9,103,0,5,108,10,123,108,0,108,231
09/16/2022,MKL,TN,ASO,ES,Federal Contract Tower,0,4,9,0,13,0,0,108,0,108,0,4,117,0,121,176,0,176,297
09/17/2022,MKL,TN,ASO,ES,Federal Contract Tower,0,4,16,0,20,0,0,41,0,41,0,4,57,0,61,66,0,66,127
09/18/2022,MKL,TN,ASO,ES,Federal Contract Tower,0,4,13,2,19,0,0,27,1,28,0,4,40,3,47,44,6,50,97
09/19/2022,MKL,TN,ASO,ES,Federal Contract Tower,0,4,12,0,16,0,0,58,0,58,0,4,70,0,74,42,0,42,116
09/20/2022,MKL,TN,ASO,ES,Federal Contract Tower,0,5,9,0,14,0,0,42,1,43,0,5,51,1,57,44,0,44,101
09/21/2022,MKL,TN,ASO,ES,Federal Contract Tower,0,10,25,0,35,0,0,36,0,36,0,10,61,0,71,58,0,58,129
09/22/2022,MKL,TN,ASO,ES,Federal Contract Tower,0,4,18,0,22,0,0,30,6,36,0,4,48,6,58,48,0,48,106
09/23/2022,MKL,TN,ASO,ES,Federal Contract Tower,0,5,22,0,27,0,0,50,0,50,0,5,72,0,77,30,0,30,107
09/24/2022,MKL,TN,ASO,ES,Federal Contract Tower,0,3,16,0,19,0,0,32,0,32,0,3,48,0,51,24,0,24,75
09/25/2022,MKL,TN,ASO,ES,Federal Contract Tower,0,4,11,5,20,0,0,8,10,18,0,4,19,15,38,12,0,12,50
09/26/2022,MKL,TN,ASO,ES,Federal Contract Tower,0,4,18,0,22,0,0,34,0,34,0,4,52,0,56,10,0,10,66
09/27/2022,MKL,TN,ASO,ES,Federal Contract Tower,0,8,16,1,25,0,1,52,0,53,0,9,68,1,78,22,0,22,100
09/28/2022,MKL,TN,ASO,ES,Federal Contract Tower,0,4,13,0,17,0,1,19,2,22,0,5,32,2,39,4,0,4,43
09/29/2022,MKL,TN,ASO,ES,Federal Contract Tower,0,4,15,0,19,0,0,49,0,49,0,4,64,0,68,46,0,46,114
09/30/2022,MKL,TN,ASO,ES,Federal Contract Tower,0,5,10,0,15,0,2,52,0,54,0,7,62,0,69,18,0,18,87
10/01/2022,MKL,TN,ASO,ES,Federal Contract Tower,0,3,10,0,13,0,0,29,0,29,0,3,39,0,42,56,0,56,98
10/02/2022,MKL,TN,ASO,ES,Federal Contract Tower,0,6,18,0,24,0,0,18,0,18,0,6,36,0,42,54,0,54,96
10/03/2022,MKL,TN,ASO,ES,Federal Contract Tower,0,3,14,0,17,0,0,41,0,41,0,3,55,0,58,70,0,70,128
10/04/2022,MKL,TN,ASO,ES,Federal Contract Tower,0,3,17,0,20,0,0,69,0,69,0,3,86,0,89,38,0,38,127
10/05/2022,MKL,TN,ASO,ES,Federal Contract Tower,0,4,12,0,16,0,1,75,0,76,0,5,87,0,92,128,0,128,220
10/06/2022,MKL,TN,ASO,ES,Federal Contract Tower,0,3,13,0,16,0,0,75,1,76,0,3,88,1,92,44,0,44,136
10/07/2022,MKL,TN,ASO,ES,Federal Contract Tower,0,4,26,2,32,0,0,44,3,47,0,4,70,5,79,28,0,28,107
10/08/2022,MKL,TN,ASO,ES,Federal Contract Tower,0,3,7,0,10,0,0,65,0,65,0,3,72,0,75,10,0,10,85
10/09/2022,MKL,TN,ASO,ES,Federal Contract Tower,0,4,13,0,17,0,0,93,0,93,0,4,106,0,110,26,0,26,136
10/10/2022,MKL,TN,ASO,ES,Federal Contract Tower,0,6,14,0,20,0,0,58,0,58,0,6,72,0,78,80,0,80,158
10/11/2022,MKL,TN,ASO,ES,Federal Contract Tower,0,4,7,1,12,0,0,34,2,36,0,4,41,3,48,72,0,72,120
10/12/2022,MKL,TN,ASO,ES,Federal Contract Tower,0,4,12,0,16,0,0,12,2,14,0,4,24,2,30,8,0,8,38
10/13/2022,MKL,TN,ASO,ES,Federal Contract Tower,0,4,18,1,23,0,0,46,3,49,0,4,64,4,72,56,10,66,138
10/14/2022,MKL,TN,ASO,ES,Federal Contract Tower,0,5,26,0,31,0,0,38,3,41,0,5,64,3,72,86,12,98,170
10/15/2022,MKL,TN,ASO,ES,Federal Contract Tower,0,4,14,0,18,0,0,20,0,20,0,4,34,0,38,54,0,54,92
10/16/2022,MKL,TN,ASO,ES,Federal Contract Tower,0,8,12,0,20,0,0,7,2,9,0,8,19,2,29,2,0,2,31
10/17/2022,MKL,TN,ASO,ES,Federal Contract Tower,0,4,18,0,22,0,0,46,1,47,0,4,64,1,69,8,0,8,77
10/18/2022,MKL,TN,ASO,ES,Federal Contract Tower,0,3,11,0,14,0,0,22,9,31,0,3,33,9,45,42,20,62,107
10/19/2022,MKL,TN,ASO,ES,Federal Contract Tower,0,7,17,1,25,0,0,48,3,51,0,7,65,4,76,94,14,108,184
10/20/2022,MKL,TN,ASO,ES,Federal Contract Tower,0,8,14,0,22,0,0,43,1,44,0,8,57,1,66,58,0,58,124
10/21/2022,MKL,TN,ASO,ES,Federal Contract Tower,0,4,9,1,14,0,0,33,4,37,0,4,42,5,51,84,0,84,135
10/22/2022,MKL,TN,ASO,ES,Federal Contract Tower,0,5,12,0,17,0,0,20,0,20,0,5,32,0,37,8,0,8,45
10/23/2022,MKL,TN,ASO,ES,Federal Contract Tower,0,3,5,0,8,0,0,12,0,12,0,3,17,0,20,10,0,10,30
10/24/2022,MKL,TN,ASO,ES,Federal Contract Tower,0,4,11,0,15,0,0,17,2,19,0,4,28,2,34,10,0,10,44
10/25/2022,MKL,TN,ASO,ES,Federal Contract Tower,0,7,10,0,17,0,4,2,0,6,0,11,12,0,23,12,0,12,35
10/26/2022,MKL,TN,ASO,ES,Federal Contract Tower,0,3,27,0,30,0,0,28,5,33,0,3,55,5,63,58,0,58,121
10/27/2022,MKL,TN,ASO,ES,Federal Contract Tower,0,7,4,0,11,0,0,23,0,23,0,7,27,0,34,28,0,28,62
10/28/2022,MKL,TN,ASO,ES,Federal Contract Tower,0,6,13,0,19,0,0,38,0,38,0,6,51,0,57,24,0,24,81
10/29/2022,MKL,TN,ASO,ES,Federal Contract Tower,0,4,8,0,12,0,0,14,0,14,0,4,22,0,26,16,0,16,42
10/30/2022,MKL,TN,ASO,ES,Federal Contract Tower,0,4,6,0,10,0,0,0,0,0,0,4,6,0,10,0,0,0,10
10/31/2022,MKL,TN,ASO,ES,Federal Contract Tower,0,2,27,0,29,0,0,8,0,8,0,2,35,0,37,8,0,8,45
11/01/2022,MKL,TN,ASO,ES,Federal Contract Tower,0,4,16,0,20,0,0,44,0,44,0,4,60,0,64,78,0,78,142
11/02/2022,MKL,TN,ASO,ES,Federal Contract Tower,0,6,10,1,17,0,0,29,2,31,0,6,39,3,48,14,0,14,62
11/03/2022,MKL,TN,ASO,ES,Federal Contract Tower,0,5,9,1,15,0,0,30,7,37,0,5,39,8,52,50,0,50,102
11/04/2022,MKL,TN,ASO,ES,Federal Contract Tower,0,5,16,2,23,0,0,14,12,26,0,5,30,14,49,6,2,8,57
11/05/2022,MKL,TN,ASO,ES,Federal Contract Tower,0,4,11,0,15,0,0,2,0,2,0,4,13,0,17,2,0,2,19
11/07/2022,MKL,TN,ASO,ES,Federal Contract Tower,0,11,24,0,35,0,0,0,0,0,0,11,24,0,35,0,0,0,35
11/08/2022,MKL,TN,ASO,ES,Federal Contract Tower,0,6,4,1,11,0,0,38,4,42,0,6,42,5,53,92,24,116,169
11/09/2022,MKL,TN,ASO,ES,Federal Contract Tower,0,2,13,1,16,0,0,38,3,41,0,2,51,4,57,32,8,40,97
11/10/2022,MKL,TN,ASO,ES,Federal Contract Tower,0,5,13,0,18,0,0,64,28,92,0,5,77,28,110,10,14,24,134
11/11/2022,MKL,TN,ASO,ES,Federal Contract Tower,0,11,13,0,24,0,1,21,1,23,0,12,34,1,47,16,0,16,63
11/12/2022,MKL,TN,ASO,ES,Federal Contract Tower,0,4,11,0,15,0,0,5,0,5,0,4,16,0,20,0,0,0,20
11/13/2022,MKL,TN,ASO,ES,Federal Contract Tower,0,5,23,0,28,0,0,20,0,20,0,5,43,0,48,86,0,86,134
11/14/2022,MKL,TN,ASO,ES,Federal Contract Tower,0,4,17,0,21,0,0,26,0,26,0,4,43,0,47,52,0,52,99
11/15/2022,MKL,TN,ASO,ES,Federal Contract Tower,0,5,5,0,10,0,0,4,0,4,0,5,9,0,14,0,0,0,14
11/16/2022,MKL,TN,ASO,ES,Federal Contract Tower,0,9,7,0,16,0,0,35,6,41,0,9,42,6,57,98,4,102,159
11/17/2022,MKL,TN,ASO,ES,Federal Contract Tower,0,6,13,1,20,0,0,29,12,41,0,6,42,13,61,64,6,70,131
11/18/2022,MKL,TN,ASO,ES,Federal Contract Tower,0,4,11,3,18,0,0,64,19,83,0,4,75,22,101,108,54,162,263
11/19/2022,MKL,TN,ASO,ES,Federal Contract Tower,0,3,6,0,9,0,0,26,12,38,0,3,32,12,47,46,12,58,105
11/20/2022,MKL,TN,ASO,ES,Federal Contract Tower,0,4,7,1,12,0,0,33,9,42,0,4,40,10,54,14,24,38,92
11/21/2022,MKL,TN,ASO,ES,Federal Contract Tower,0,4,14,0,18,0,0,36,0,36,0,4,50,0,54,52,0,52,106
11/22/2022,MKL,TN,ASO,ES,Federal Contract Tower,0,4,18,1,23,0,0,45,7,52,0,4,63,8,75,98,0,98,173
11/23/2022,MKL,TN,ASO,ES,Federal Contract Tower,0,5,8,0,13,0,0,41,0,41,0,5,49,0,54,48,0,48,102
11/24/2022,MKL,TN,ASO,ES,Federal Contract Tower,0,0,7,0,7,0,0,8,0,8,0,0,15,0,15,0,0,0,15
11/25/2022,MKL,TN,ASO,ES,Federal Contract Tower,0,3,11,0,14,0,0,9,0,9,0,3,20,0,23,2,0,2,25
11/26/2022,MKL,TN,ASO,ES,Federal Contract Tower,0,6,10,0,16,0,0,10,0,10,0,6,20,0,26,2,0,2,28
11/27/2022,MKL,TN,ASO,ES,Federal Contract Tower,0,6,11,0,17,0,0,1,0,1,0,6,12,0,18,0,0,0,18
11/28/2022,MKL,TN,ASO,ES,Federal Contract Tower,0,4,11,0,15,0,0,11,0,11,0,4,22,0,26,12,0,12,38
11/29/2022,MKL,TN,ASO,ES,Federal Contract Tower,0,2,5,0,7,0,0,2,2,4,0,2,7,2,11,0,0,0,11
11/30/2022,MKL,TN,ASO,ES,Federal Contract Tower,0,3,6,0,9,0,0,19,2,21,0,3,25,2,30,2,0,2,32
12/01/2022,MKL,TN,ASO,ES,Federal Contract Tower,0,7,16,0,23,0,0,52,14,66,0,7,68,14,89,42,26,68,157
12/02/2022,MKL,TN,ASO,ES,Federal Contract Tower,0,4,8,3,15,0,1,13,11,25,0,5,21,14,40,0,0,0,40
12/03/2022,MKL,TN,ASO,ES,Federal Contract Tower,0,3,11,0,14,0,0,16,8,24,0,3,27,8,38,2,12,14,52
12/04/2022,MKL,TN,ASO,ES,Federal Contract Tower,0,5,4,1,10,0,0,14,0,14,0,5,18,1,24,42,0,42,66
12/05/2022,MKL,TN,ASO,ES,Federal Contract Tower,0,3,12,0,15,0,0,0,0,0,0,3,12,0,15,0,0,0,15
12/06/2022,MKL,TN,ASO,ES,Federal Contract Tower,0,2,17,0,19,0,0,3,0,3,0,2,20,0,22,2,0,2,24
12/07/2022,MKL,TN,ASO,ES,Federal Contract Tower,0,1,8,0,9,0,0,0,0,0,0,1,8,0,9,0,0,0,9
12/08/2022,MKL,TN,ASO,ES,Federal Contract Tower,0,5,6,0,11,0,0,0,2,2,0,5,6,2,13,0,0,0,13
12/09/2022,MKL,TN,ASO,ES,Federal Contract Tower,0,4,13,0,17,0,0,2,0,2,0,4,15,0,19,0,0,0,19
12/10/2022,MKL,TN,ASO,ES,Federal Contract Tower,0,1,7,0,8,0,0,0,0,0,0,1,7,0,8,0,0,0,8
12/11/2022,MKL,TN,ASO,ES,Federal Contract Tower,0,6,11,0,17,0,0,2,0,2,0,6,13,0,19,0,0,0,19
12/12/2022,MKL,TN,ASO,ES,Federal Contract Tower,0,2,18,0,20,0,0,7,0,7,0,2,25,0,27,16,0,16,43
12/13/2022,MKL,TN,ASO,ES,Federal Contract Tower,0,4,12,0,16,0,0,0,0,0,0,4,12,0,16,0,0,0,16
12/14/2022,MKL,TN,ASO,ES,Federal Contract Tower,0,4,10,0,14,0,0,0,0,0,0,4,10,0,14,0,0,0,14
12/15/2022,MKL,TN,ASO,ES,Federal Contract Tower,0,3,24,0,27,0,0,57,21,78,0,3,81,21,105,80,0,80,185
12/16/2022,MKL,TN,ASO,ES,Federal Contract Tower,0,6,12,0,18,0,0,20,2,22,0,6,32,2,40,22,0,22,62
12/17/2022,MKL,TN,ASO,ES,Federal Contract Tower,0,4,14,0,18,0,0,24,2,26,0,4,38,2,44,26,0,26,70
12/18/2022,MKL,TN,ASO,ES,Federal Contract Tower,0,4,6,0,10,0,0,39,0,39,0,4,45,0,49,30,0,30,79
12/19/2022,MKL,TN,ASO,ES,Federal Contract Tower,0,8,10,0,18,0,0,23,4,27,0,8,33,4,45,52,8,60,105
12/20/2022,MKL,TN,ASO,ES,Federal Contract Tower,0,5,14,0,19,0,0,48,3,51,0,5,62,3,70,76,2,78,148
12/21/2022,MKL,TN,ASO,ES,Federal Contract Tower,0,6,17,1,24,0,0,54,5,59,0,6,71,6,83,66,0,66,149
12/22/2022,MKL,TN,ASO,ES,Federal Contract Tower,0,7,3,0,10,0,1,0,0,1,0,8,3,0,11,0,0,0,11
12/23/2022,MKL,TN,ASO,ES,Federal Contract Tower,0,5,1,0,6,0,0,3,0,3,0,5,4,0,9,0,0,0,9
12/24/2022,MKL,TN,ASO,ES,Federal Contract Tower,0,4,3,0,7,0,0,6,0,6,0,4,9,0,13,2,0,2,15
12/25/2022,MKL,TN,ASO,ES,Federal Contract Tower,0,2,1,0,3,0,0,9,0,9,0,2,10,0,12,0,0,0,12
12/26/2022,MKL,TN,ASO,ES,Federal Contract Tower,0,6,8,0,14,0,0,0,0,0,0,6,8,0,14,0,0,0,14
12/27/2022,MKL,TN,ASO,ES,Federal Contract Tower,0,9,6,0,15,0,0,12,0,12,0,9,18,0,27,38,0,38,65
12/28/2022,MKL,TN,ASO,ES,Federal Contract Tower,0,2,8,0,10,0,0,18,0,18,0,2,26,0,28,4,0,4,32
12/29/2022,MKL,TN,ASO,ES,Federal Contract Tower,0,4,4,0,8,0,0,0,0,0,0,4,4,0,8,0,0,0,8
12/30/2022,MKL,TN,ASO,ES,Federal Contract Tower,0,4,6,0,10,0,0,0,0,0,0,4,6,0,10,0,0,0,10
12/31/2022,MKL,TN,ASO,ES,Federal Contract Tower,0,4,10,0,14,0,0,4,0,4,0,4,14,0,18,14,0,14,32
01/01/2023,MKL,TN,ASO,ES,Federal Contract Tower,0,5,4,0,9,0,0,29,0,29,0,5,33,0,38,10,0,10,48
01/02/2023,MKL,TN,ASO,ES,Federal Contract Tower,0,4,9,0,13,0,0,2,0,2,0,4,11,0,15,0,0,0,15
01/03/2023,MKL,TN,ASO,ES,Federal Contract Tower,0,2,5,0,7,0,0,2,0,2,0,2,7,0,9,2,0,2,11
01/04/2023,MKL,TN,ASO,ES,Federal Contract Tower,0,6,18,0,24,0,0,51,0,51,0,6,69,0,75,26,0,26,101
01/05/2023,MKL,TN,ASO,ES,Federal Contract Tower,0,4,10,0,14,0,0,37,15,52,0,4,47,15,66,32,40,72,138
01/06/2023,MKL,TN,ASO,ES,Federal Contract Tower,0,4,9,0,13,0,0,61,12,73,0,4,70,12,86,62,22,84,170
01/07/2023,MKL,TN,ASO,ES,Federal Contract Tower,0,3,8,0,11,0,0,0,0,0,0,3,8,0,11,0,0,0,11
01/08/2023,MKL,TN,ASO,ES,Federal Contract Tower,0,4,9,0,13,0,0,2,0,2,0,4,11,0,15,0,0,0,15
01/09/2023,MKL,TN,ASO,ES,Federal Contract Tower,0,4,15,0,19,0,0,47,0,47,0,4,62,0,66,60,0,60,126
01/10/2023,MKL,TN,ASO,ES,Federal Contract Tower,0,2,16,0,18,0,1,39,1,41,0,3,55,1,59,108,0,108,167
01/11/2023,MKL,TN,ASO,ES,Federal Contract Tower,0,3,9,1,13,0,0,8,2,10,0,3,17,3,23,0,6,6,29
01/12/2023,MKL,TN,ASO,ES,Federal Contract Tower,0,1,6,2,9,0,0,4,0,4,0,1,10,2,13,0,0,0,13
01/13/2023,MKL,TN,ASO,ES,Federal Contract Tower,0,2,8,0,10,0,0,2,0,2,0,2,10,0,12,0,0,0,12
01/14/2023,MKL,TN,ASO,ES,Federal Contract Tower,0,2,6,0,8,0,0,40,0,40,0,2,46,0,48,24,0,24,72
01/15/2023,MKL,TN,ASO,ES,Federal Contract Tower,0,4,3,0,7,0,0,31,0,31,0,4,34,0,38,40,0,40,78
01/16/2023,MKL,TN,ASO,ES,Federal Contract Tower,0,4,7,0,11,0,0,7,0,7,0,4,14,0,18,0,0,0,18
01/17/2023,MKL,TN,ASO,ES,Federal Contract Tower,0,6,16,3,25,0,0,24,4,28,0,6,40,7,53,12,18,30,83
01/18/2023,MKL,TN,ASO,ES,Federal Contract Tower,0,3,8,0,11,0,0,0,0,0,0,3,8,0,11,0,0,0,11
01/19/2023,MKL,TN,ASO,ES,Federal Contract Tower,0,4,15,0,19,0,0,14,9,23,0,4,29,9,42,2,8,10,52
01/20/2023,MKL,TN,ASO,ES,Federal Contract Tower,0,5,11,2,18,0,0,41,14,55,0,5,52,16,73,44,8,52,125
01/21/2023,MKL,TN,ASO,ES,Federal Contract Tower,0,4,8,1,13,0,0,66,2,68,0,4,74,3,81,52,0,52,133
01/22/2023,MKL,TN,ASO,ES,Federal Contract Tower,0,0,6,0,6,0,0,0,0,0,0,0,6,0,6,0,0,0,6
01/23/2023,MKL,TN,ASO,ES,Federal Contract Tower,0,6,9,0,15,0,0,18,0,18,0,6,27,0,33,24,0,24,57
01/24/2023,MKL,TN,ASO,ES,Federal Contract Tower,0,3,12,0,15,0,0,17,8,25,0,3,29,8,40,4,14,18,58
01/25/2023,MKL,TN,ASO,ES,Federal Contract Tower,0,4,6,0,10,0,0,2,0,2,0,4,8,0,12,0,0,0,12
01/26/2023,MKL,TN,ASO,ES,Federal Contract Tower,0,3,17,3,23,0,0,77,25,102,0,3,94,28,125,8,32,40,165
01/27/2023,MKL,TN,ASO,ES,Federal Contract Tower,0,6,13,1,20,0,0,47,4,51,0,6,60,5,71,26,2,28,99
01/28/2023,MKL,TN,ASO,ES,Federal Contract Tower,0,3,9,0,12,0,0,79,1,80,0,3,88,1,92,24,0,24,116
01/29/2023,MKL,TN,ASO,ES,Federal Contract Tower,0,4,3,0,7,0,0,0,0,0,0,4,3,0,7,0,0,0,7
01/30/2023,MKL,TN,ASO,ES,Federal Contract Tower,0,3,3,0,6,0,0,0,0,0,0,3,3,0,6,0,0,0,6
01/31/2023,MKL,TN,ASO,ES,Federal Contract Tower,0,0,2,0,2,0,0,0,0,0,0,0,2,0,2,0,0,0,2
02/01/2023,MKL,TN,ASO,ES,Federal Contract Tower,0,0,0,0,0,0,0,0,0,0,0,0,0,0,0,0,0,0,0
02/02/2023,MKL,TN,ASO,ES,Federal Contract Tower,0,2,9,0,11,0,0,0,0,0,0,2,9,0,11,0,0,0,11
02/03/2023,MKL,TN,ASO,ES,Federal Contract Tower,0,7,19,0,26,0,0,93,13,106,0,7,112,13,132,52,2,54,186
02/04/2023,MKL,TN,ASO,ES,Federal Contract Tower,0,3,8,1,12,0,0,93,9,102,0,3,101,10,114,50,16,66,180
02/05/2023,MKL,TN,ASO,ES,Federal Contract Tower,0,4,13,2,19,0,0,72,11,83,0,4,85,13,102,22,20,42,144
02/06/2023,MKL,TN,ASO,ES,Federal Contract Tower,0,4,16,0,20,0,0,80,0,80,0,4,96,0,100,34,0,34,134
02/07/2023,MKL,TN,ASO,ES,Federal Contract Tower,0,7,20,1,28,0,0,109,8,117,0,7,129,9,145,34,0,34,179
02/08/2023,MKL,TN,ASO,ES,Federal Contract Tower,0,5,8,0,13,0,0,3,0,3,0,5,11,0,16,0,0,0,16
02/09/2023,MKL,TN,ASO,ES,Federal Contract Tower,0,10,15,0,25,0,0,1,8,9,0,10,16,8,34,0,2,2,36
02/10/2023,MKL,TN,ASO,ES,Federal Contract Tower,0,6,18,0,24,0,0,122,5,127,0,6,140,5,151,72,0,72,223
02/11/2023,MKL,TN,ASO,ES,Federal Contract Tower,0,3,6,4,13,0,0,90,0,90,0,3,96,4,103,0,4,4,107
02/12/2023,MKL,TN,ASO,ES,Federal Contract Tower,0,3,9,0,12,0,0,33,0,33,0,3,42,0,45,40,0,40,85
02/13/2023,MKL,TN,ASO,ES,Federal Contract Tower,0,4,11,1,16,0,0,101,1,102,0,4,112,2,118,76,0,76,194
02/14/2023,MKL,TN,ASO,ES,Federal Contract Tower,0,3,13,0,16,0,0,26,1,27,0,3,39,1,43,0,0,0,43
02/15/2023,MKL,TN,ASO,ES,Federal Contract Tower,0,3,23,0,26,0,0,77,2,79,0,3,100,2,105,0,0,0,105
02/16/2023,MKL,TN,ASO,ES,Federal Contract Tower,0,1,7,0,8,0,0,0,0,0,0,1,7,0,8,0,0,0,8
02/17/2023,MKL,TN,ASO,ES,Federal Contract Tower,0,6,15,0,21,0,0,86,0,86,0,6,101,0,107,6,0,6,113
02/18/2023,MKL,TN,ASO,ES,Federal Contract Tower,0,3,12,0,15,0,0,92,0,92,0,3,104,0,107,50,0,50,157
02/19/2023,MKL,TN,ASO,ES,Federal Contract Tower,0,5,5,0,10,0,0,84,0,84,0,5,89,0,94,14,0,14,108
02/20/2023,MKL,TN,ASO,ES,Federal Contract Tower,0,8,16,0,24,0,0,33,0,33,0,8,49,0,57,0,0,0,57
02/21/2023,MKL,TN,ASO,ES,Federal Contract Tower,0,6,28,0,34,0,0,40,0,40,0,6,68,0,74,56,0,56,130
02/22/2023,MKL,TN,ASO,ES,Federal Contract Tower,0,4,7,0,11,0,2,0,0,2,0,6,7,0,13,0,0,0,13
02/23/2023,MKL,TN,ASO,ES,Federal Contract Tower,0,5,10,0,15,0,0,10,0,10,0,5,20,0,25,16,0,16,41
02/24/2023,MKL,TN,ASO,ES,Federal Contract Tower,0,1,10,0,11,0,0,2,0,2,0,1,12,0,13,0,0,0,13
02/25/2023,MKL,TN,ASO,ES,Federal Contract Tower,0,3,10,1,14,0,0,1,0,1,0,3,11,1,15,0,0,0,15
02/26/2023,MKL,TN,ASO,ES,Federal Contract Tower,0,5,15,0,20,0,0,1,0,1,0,5,16,0,21,2,0,2,23
02/27/2023,MKL,TN,ASO,ES,Federal Contract Tower,0,5,1,0,6,0,0,4,0,4,0,5,5,0,10,0,0,0,10
02/28/2023,MKL,TN,ASO,ES,Federal Contract Tower,0,4,21,0,25,0,0,59,0,59,0,4,80,0,84,18,0,18,102
03/01/2023,MKL,TN,ASO,ES,Federal Contract Tower,0,3,12,0,15,0,0,16,0,16,0,3,28,0,31,0,0,0,31
03/02/2023,MKL,TN,ASO,ES,Federal Contract Tower,0,1,6,0,7,0,0,2,0,2,0,1,8,0,9,0,0,0,9
03/03/2023,MKL,TN,ASO,ES,Federal Contract Tower,0,1,3,0,4,0,0,0,0,0,0,1,3,0,4,0,0,0,4
03/04/2023,MKL,TN,ASO,ES,Federal Contract Tower,0,4,11,0,15,0,0,137,0,137,0,4,148,0,152,42,0,42,194
03/05/2023,MKL,TN,ASO,ES,Federal Contract Tower,0,4,4,0,8,0,0,63,0,63,0,4,67,0,71,30,0,30,101
03/06/2023,MKL,TN,ASO,ES,Federal Contract Tower,0,6,4,0,10,0,0,33,1,34,0,6,37,1,44,12,0,12,56
03/07/2023,MKL,TN,ASO,ES,Federal Contract Tower,0,6,4,0,10,0,0,27,0,27,0,6,31,0,37,36,0,36,73
03/08/2023,MKL,TN,ASO,ES,Federal Contract Tower,0,4,9,0,13,0,0,6,9,15,0,4,15,9,28,0,6,6,34
03/09/2023,MKL,TN,ASO,ES,Federal Contract Tower,0,4,5,0,9,0,0,3,0,3,0,4,8,0,12,0,0,0,12
03/10/2023,MKL,TN,ASO,ES,Federal Contract Tower,0,9,21,0,30,0,0,25,0,25,0,9,46,0,55,12,0,12,67
03/11/2023,MKL,TN,ASO,ES,Federal Contract Tower,0,4,6,0,10,0,0,31,8,39,0,4,37,8,49,28,0,28,77
03/12/2023,MKL,TN,ASO,ES,Federal Contract Tower,0,1,13,0,14,0,0,2,0,2,0,1,15,0,16,20,0,20,36
03/13/2023,MKL,TN,ASO,ES,Federal Contract Tower,0,1,18,0,19,0,0,27,2,29,0,1,45,2,48,28,0,28,76
03/14/2023,MKL,TN,ASO,ES,Federal Contract Tower,0,3,15,2,20,0,0,42,5,47,0,3,57,7,67,38,12,50,117
03/15/2023,MKL,TN,ASO,ES,Federal Contract Tower,0,4,18,0,22,0,0,37,2,39,0,4,55,2,61,72,0,72,133
03/16/2023,MKL,TN,ASO,ES,Federal Contract Tower,0,4,9,3,16,0,0,19,5,24,0,4,28,8,40,2,10,12,52
03/17/2023,MKL,TN,ASO,ES,Federal Contract Tower,0,4,9,0,13,0,0,4,6,10,0,4,13,6,23,2,0,2,25
03/18/2023,MKL,TN,ASO,ES,Federal Contract Tower,0,5,7,0,12,0,0,18,7,25,0,5,25,7,37,12,0,12,49
03/19/2023,MKL,TN,ASO,ES,Federal Contract Tower,0,6,13,0,19,0,0,36,0,36,0,6,49,0,55,28,0,28,83
03/20/2023,MKL,TN,ASO,ES,Federal Contract Tower,0,3,19,0,22,0,0,38,0,38,0,3,57,0,60,78,0,78,138
03/21/2023,MKL,TN,ASO,ES,Federal Contract Tower,0,4,10,0,14,0,0,9,2,11,0,4,19,2,25,10,0,10,35
03/22/2023,MKL,TN,ASO,ES,Federal Contract Tower,0,4,14,0,18,0,0,4,0,4,0,4,18,0,22,2,0,2,24
03/23/2023,MKL,TN,ASO,ES,Federal Contract Tower,0,6,20,2,28,0,0,9,8,17,0,6,29,10,45,2,10,12,57
03/24/2023,MKL,TN,ASO,ES,Federal Contract Tower,0,10,21,0,31,0,0,0,0,0,0,10,21,0,31,0,0,0,31
03/25/2023,MKL,TN,ASO,ES,Federal Contract Tower,0,3,6,0,9,0,0,17,0,17,0,3,23,0,26,12,0,12,38
03/26/2023,MKL,TN,ASO,ES,Federal Contract Tower,0,5,13,0,18,0,0,62,0,62,0,5,75,0,80,52,0,52,132
03/27/2023,MKL,TN,ASO,ES,Federal Contract Tower,0,5,12,0,17,0,0,123,1,124,0,5,135,1,141,64,0,64,205
03/28/2023,MKL,TN,ASO,ES,Federal Contract Tower,0,3,16,0,19,0,0,44,4,48,0,3,60,4,67,46,0,46,113
03/29/2023,MKL,TN,ASO,ES,Federal Contract Tower,0,5,13,0,18,0,0,58,5,63,0,5,71,5,81,66,20,86,167
03/30/2023,MKL,TN,ASO,ES,Federal Contract Tower,0,4,25,0,29,0,0,53,6,59,0,4,78,6,88,36,0,36,124
03/31/2023,MKL,TN,ASO,ES,Federal Contract Tower,0,3,3,0,6,0,0,0,0,0,0,3,3,0,6,0,0,0,6
04/01/2023,MKL,TN,ASO,ES,Federal Contract Tower,0,2,6,1,9,0,0,5,4,9,0,2,11,5,18,0,4,4,22
04/02/2023,MKL,TN,ASO,ES,Federal Contract Tower,0,2,19,0,21,0,0,51,6,57,0,2,70,6,78,68,0,68,146
04/03/2023,MKL,TN,ASO,ES,Federal Contract Tower,0,10,12,0,22,0,0,19,0,19,0,10,31,0,41,28,0,28,69
04/04/2023,MKL,TN,ASO,ES,Federal Contract Tower,0,4,22,2,28,0,21,7,0,28,0,25,29,2,56,34,0,34,90
04/05/2023,MKL,TN,ASO,ES,Federal Contract Tower,0,2,3,0,5,0,0,6,0,6,0,2,9,0,11,0,0,0,11
04/06/2023,MKL,TN,ASO,ES,Federal Contract Tower,0,2,17,0,19,0,0,1,0,1,0,2,18,0,20,0,0,0,20
04/07/2023,MKL,TN,ASO,ES,Federal Contract Tower,0,5,16,2,23,0,0,36,0,36,0,5,52,2,59,44,0,44,103
04/08/2023,MKL,TN,ASO,ES,Federal Contract Tower,0,3,12,0,15,0,0,6,0,6,0,3,18,0,21,10,0,10,31
04/09/2023,MKL,TN,ASO,ES,Federal Contract Tower,0,3,9,0,12,0,0,9,0,9,0,3,18,0,21,14,0,14,35
04/10/2023,MKL,TN,ASO,ES,Federal Contract Tower,0,4,14,0,18,0,0,54,0,54,0,4,68,0,72,24,0,24,96
04/11/2023,MKL,TN,ASO,ES,Federal Contract Tower,0,4,13,1,18,0,0,49,8,57,0,4,62,9,75,94,0,94,169
04/12/2023,MKL,TN,ASO,ES,Federal Contract Tower,0,6,18,1,25,0,0,48,6,54,0,6,66,7,79,126,0,126,205
04/13/2023,MKL,TN,ASO,ES,Federal Contract Tower,0,2,15,0,17,0,0,28,11,39,0,2,43,11,56,40,12,52,108
04/14/2023,MKL,TN,ASO,ES,Federal Contract Tower,0,5,22,0,27,0,0,22,6,28,0,5,44,6,55,74,0,74,129
04/15/2023,MKL,TN,ASO,ES,Federal Contract Tower,0,5,10,0,15,0,0,26,7,33,0,5,36,7,48,42,0,42,90
04/16/2023,MKL,TN,ASO,ES,Federal Contract Tower,0,0,11,1,12,0,0,12,13,25,0,0,23,14,37,14,6,20,57
04/17/2023,MKL,TN,ASO,ES,Federal Contract Tower,0,4,16,0,20,0,0,39,0,39,0,4,55,0,59,22,0,22,81
04/18/2023,MKL,TN,ASO,ES,Federal Contract Tower,0,6,7,1,14,0,0,32,3,35,0,6,39,4,49,28,0,28,77
04/19/2023,MKL,TN,ASO,ES,Federal Contract Tower,0,3,12,0,15,0,0,37,0,37,0,3,49,0,52,38,0,38,90
04/20/2023,MKL,TN,ASO,ES,Federal Contract Tower,0,2,18,3,23,0,0,28,8,36,0,2,46,11,59,22,8,30,89
04/21/2023,MKL,TN,ASO,ES,Federal Contract Tower,0,4,7,0,11,0,0,0,0,0,0,4,7,0,11,0,0,0,11
04/22/2023,MKL,TN,ASO,ES,Federal Contract Tower,0,3,9,0,12,0,0,29,0,29,0,3,38,0,41,30,0,30,71
04/23/2023,MKL,TN,ASO,ES,Federal Contract Tower,0,7,7,0,14,0,0,32,0,32,0,7,39,0,46,16,0,16,62
04/24/2023,MKL,TN,ASO,ES,Federal Contract Tower,0,4,11,0,15,0,0,47,2,49,0,4,58,2,64,62,0,62,126
04/25/2023,MKL,TN,ASO,ES,Federal Contract Tower,0,3,25,1,29,0,0,43,8,51,0,3,68,9,80,52,22,74,154
04/26/2023,MKL,TN,ASO,ES,Federal Contract Tower,0,3,19,0,22,0,0,34,4,38,0,3,53,4,60,38,10,48,108
04/27/2023,MKL,TN,ASO,ES,Federal Contract Tower,0,1,16,0,17,0,0,0,0,0,0,1,16,0,17,0,0,0,17
04/28/2023,MKL,TN,ASO,ES,Federal Contract Tower,0,6,27,4,37,0,0,3,1,4,0,6,30,5,41,2,4,6,47
04/29/2023,MKL,TN,ASO,ES,Federal Contract Tower,0,5,6,0,11,0,0,2,0,2,0,5,8,0,13,0,0,0,13
04/30/2023,MKL,TN,ASO,ES,Federal Contract Tower,0,6,9,0,15,0,0,29,0,29,0,6,38,0,44,0,0,0,44
05/01/2023,MKL,TN,ASO,ES,Federal Contract Tower,0,4,11,0,15,0,0,20,0,20,0,4,31,0,35,12,0,12,47
05/02/2023,MKL,TN,ASO,ES,Federal Contract Tower,0,3,16,0,19,0,0,17,0,17,0,3,33,0,36,0,0,0,36
05/03/2023,MKL,TN,ASO,ES,Federal Contract Tower,0,5,24,0,29,0,0,67,0,67,0,5,91,0,96,64,0,64,160
05/04/2023,MKL,TN,ASO,ES,Federal Contract Tower,0,3,23,0,26,0,1,59,6,66,0,4,82,6,92,84,16,100,192
05/05/2023,MKL,TN,ASO,ES,Federal Contract Tower,0,4,17,0,21,0,0,15,0,15,0,4,32,0,36,4,0,4,40
05/06/2023,MKL,TN,ASO,ES,Federal Contract Tower,0,3,12,0,15,0,0,20,0,20,0,3,32,0,35,24,0,24,59
05/07/2023,MKL,TN,ASO,ES,Federal Contract Tower,0,4,18,0,22,0,0,7,0,7,0,4,25,0,29,0,0,0,29
05/08/2023,MKL,TN,ASO,ES,Federal Contract Tower,0,5,14,0,19,0,0,14,3,17,0,5,28,3,36,20,0,20,56
05/09/2023,MKL,TN,ASO,ES,Federal Contract Tower,0,6,14,1,21,0,0,29,14,43,0,6,43,15,64,28,0,28,92
05/10/2023,MKL,TN,ASO,ES,Federal Contract Tower,0,3,12,1,16,0,0,24,17,41,0,3,36,18,57,34,22,56,113
05/11/2023,MKL,TN,ASO,ES,Federal Contract Tower,0,2,12,0,14,0,0,21,0,21,0,2,33,0,35,34,0,34,69
05/12/2023,MKL,TN,ASO,ES,Federal Contract Tower,0,5,9,0,14,0,0,6,0,6,0,5,15,0,20,8,0,8,28
05/13/2023,MKL,TN,ASO,ES,Federal Contract Tower,0,7,6,0,13,0,0,12,0,12,0,7,18,0,25,2,0,2,27
05/14/2023,MKL,TN,ASO,ES,Federal Contract Tower,0,6,9,0,15,0,0,9,0,9,0,6,18,0,24,6,0,6,30
05/15/2023,MKL,TN,ASO,ES,Federal Contract Tower,0,5,8,2,15,0,0,34,0,34,0,5,42,2,49,12,0,12,61
05/16/2023,MKL,TN,ASO,ES,Federal Contract Tower,0,1,4,0,5,0,0,18,0,18,0,1,22,0,23,26,0,26,49
05/17/2023,MKL,TN,ASO,ES,Federal Contract Tower,0,5,20,5,30,0,0,38,9,47,0,5,58,14,77,64,44,108,185
05/18/2023,MKL,TN,ASO,ES,Federal Contract Tower,0,6,11,0,17,0,0,32,22,54,0,6,43,22,71,14,18,32,103
05/19/2023,MKL,TN,ASO,ES,Federal Contract Tower,0,5,12,4,21,0,0,14,4,18,0,5,26,8,39,14,0,14,53
05/20/2023,MKL,TN,ASO,ES,Federal Contract Tower,0,4,10,0,14,0,0,4,1,5,0,4,14,1,19,28,0,28,47
05/21/2023,MKL,TN,ASO,ES,Federal Contract Tower,0,6,14,0,20,0,0,33,0,33,0,6,47,0,53,24,0,24,77
05/22/2023,MKL,TN,ASO,ES,Federal Contract Tower,0,5,13,0,18,0,0,39,5,44,0,5,52,5,62,58,0,58,120
05/23/2023,MKL,TN,ASO,ES,Federal Contract Tower,0,3,10,2,15,0,0,35,4,39,0,3,45,6,54,60,18,78,132
05/24/2023,MKL,TN,ASO,ES,Federal Contract Tower,0,5,7,1,13,0,1,30,6,37,0,6,37,7,50,66,0,66,116
05/25/2023,MKL,TN,ASO,ES,Federal Contract Tower,0,5,14,0,19,0,0,39,0,39,0,5,53,0,58,38,0,38,96
05/26/2023,MKL,TN,ASO,ES,Federal Contract Tower,0,6,23,0,29,0,0,68,4,72,0,6,91,4,101,46,0,46,147
05/27/2023,MKL,TN,ASO,ES,Federal Contract Tower,0,3,8,0,11,0,0,15,0,15,0,3,23,0,26,38,0,38,64
05/28/2023,MKL,TN,ASO,ES,Federal Contract Tower,0,6,8,0,14,0,0,21,0,21,0,6,29,0,35,12,0,12,47
05/29/2023,MKL,TN,ASO,ES,Federal Contract Tower,0,4,6,0,10,0,0,23,0,23,0,4,29,0,33,4,0,4,37
05/30/2023,MKL,TN,ASO,ES,Federal Contract Tower,0,3,12,1,16,0,0,35,1,36,0,3,47,2,52,86,0,86,138
05/31/2023,MKL,TN,ASO,ES,Federal Contract Tower,0,5,12,0,17,0,0,33,3,36,0,5,45,3,53,60,0,60,113
06/01/2023,MKL,TN,ASO,ES,Federal Contract Tower,0,4,11,0,15,0,0,43,6,49,0,4,54,6,64,134,24,158,222
06/02/2023,MKL,TN,ASO,ES,Federal Contract Tower,0,4,13,0,17,0,0,55,5,60,0,4,68,5,77,60,0,60,137
06/03/2023,MKL,TN,ASO,ES,Federal Contract Tower,0,3,8,0,11,0,0,41,10,51,0,3,49,10,62,52,0,52,114
06/04/2023,MKL,TN,ASO,ES,Federal Contract Tower,0,4,8,0,12,0,0,19,0,19,0,4,27,0,31,16,0,16,47
06/05/2023,MKL,TN,ASO,ES,Federal Contract Tower,0,4,14,1,19,0,0,47,7,54,0,4,61,8,73,36,0,36,109
06/06/2023,MKL,TN,ASO,ES,Federal Contract Tower,0,3,8,0,11,0,0,44,5,49,0,3,52,5,60,128,4,132,192
06/07/2023,MKL,TN,ASO,ES,Federal Contract Tower,0,6,13,0,19,0,0,50,0,50,0,6,63,0,69,86,0,86,155
06/08/2023,MKL,TN,ASO,ES,Federal Contract Tower,0,0,5,0,5,0,0,48,6,54,0,0,53,6,59,110,0,110,169
06/09/2023,MKL,TN,ASO,ES,Federal Contract Tower,0,4,7,0,11,0,0,46,3,49,0,4,53,3,60,50,0,50,110
06/10/2023,MKL,TN,ASO,ES,Federal Contract Tower,0,2,4,0,6,0,0,36,0,36,0,2,40,0,42,26,0,26,68
06/11/2023,MKL,TN,ASO,ES,Federal Contract Tower,0,4,12,0,16,0,0,3,0,3,0,4,15,0,19,0,0,0,19
06/12/2023,MKL,TN,ASO,ES,Federal Contract Tower,0,4,16,0,20,0,0,29,0,29,0,4,45,0,49,96,0,96,145
06/13/2023,MKL,TN,ASO,ES,Federal Contract Tower,0,5,18,3,26,0,0,68,12,80,0,5,86,15,106,34,22,56,162
06/14/2023,MKL,TN,ASO,ES,Federal Contract Tower,0,2,15,1,18,0,0,41,20,61,0,2,56,21,79,16,14,30,109
06/15/2023,MKL,TN,ASO,ES,Federal Contract Tower,0,4,13,0,17,0,0,63,7,70,0,4,76,7,87,30,0,30,117
06/16/2023,MKL,TN,ASO,ES,Federal Contract Tower,0,4,5,0,9,0,0,95,9,104,0,4,100,9,113,46,4,50,163
06/17/2023,MKL,TN,ASO,ES,Federal Contract Tower,0,7,7,0,14,0,0,56,6,62,0,7,63,6,76,62,0,62,138
06/18/2023,MKL,TN,ASO,ES,Federal Contract Tower,0,5,10,4,19,0,0,2,0,2,0,5,12,4,21,2,4,6,27
06/19/2023,MKL,TN,ASO,ES,Federal Contract Tower,0,4,9,2,15,0,0,18,0,18,0,4,27,2,33,38,2,40,73
06/20/2023,MKL,TN,ASO,ES,Federal Contract Tower,0,3,4,0,7,0,0,40,0,40,0,3,44,0,47,36,0,36,83
06/21/2023,MKL,TN,ASO,ES,Federal Contract Tower,0,3,20,0,23,0,0,2,0,2,0,3,22,0,25,0,0,0,25
06/22/2023,MKL,TN,ASO,ES,Federal Contract Tower,0,8,17,0,25,0,0,39,19,58,0,8,56,19,83,70,8,78,161
06/23/2023,MKL,TN,ASO,ES,Federal Contract Tower,0,4,19,2,25,0,0,42,7,49,0,4,61,9,74,48,22,70,144
06/24/2023,MKL,TN,ASO,ES,Federal Contract Tower,0,3,7,0,10,0,0,88,0,88,0,3,95,0,98,74,0,74,172
06/25/2023,MKL,TN,ASO,ES,Federal Contract Tower,0,4,11,0,15,0,1,21,2,24,0,5,32,2,39,0,0,0,39
06/26/2023,MKL,TN,ASO,ES,Federal Contract Tower,0,3,10,0,13,0,0,43,4,47,0,3,53,4,60,14,0,14,74
06/27/2023,MKL,TN,ASO,ES,Federal Contract Tower,0,3,15,2,20,0,0,94,11,105,0,3,109,13,125,122,0,122,247
06/28/2023,MKL,TN,ASO,ES,Federal Contract Tower,0,3,11,2,16,0,0,31,7,38,0,3,42,9,54,98,0,98,152
06/29/2023,MKL,TN,ASO,ES,Federal Contract Tower,0,4,24,0,28,0,0,28,7,35,0,4,52,7,63,48,2,50,113
06/30/2023,MKL,TN,ASO,ES,Federal Contract Tower,0,4,20,2,26,0,0,33,4,37,0,4,53,6,63,64,0,64,127
07/01/2023,MKL,TN,ASO,ES,Federal Contract Tower,0,3,7,0,10,0,0,17,0,17,0,3,24,0,27,18,0,18,45
07/02/2023,MKL,TN,ASO,ES,Federal Contract Tower,0,6,7,0,13,0,0,13,0,13,0,6,20,0,26,8,0,8,34
07/03/2023,MKL,TN,ASO,ES,Federal Contract Tower,0,9,7,0,16,0,0,56,0,56,0,9,63,0,72,80,0,80,152
07/04/2023,MKL,TN,ASO,ES,Federal Contract Tower,0,2,5,0,7,0,0,15,0,15,0,2,20,0,22,4,0,4,26
07/05/2023,MKL,TN,ASO,ES,Federal Contract Tower,0,3,9,0,12,0,0,67,0,67,0,3,76,0,79,45,0,45,124
07/06/2023,MKL,TN,ASO,ES,Federal Contract Tower,0,7,11,1,19,0,0,64,2,66,0,7,75,3,85,66,0,66,151
07/07/2023,MKL,TN,ASO,ES,Federal Contract Tower,0,8,7,0,15,0,0,26,0,26,0,8,33,0,41,36,0,36,77
07/08/2023,MKL,TN,ASO,ES,Federal Contract Tower,0,6,8,0,14,0,0,13,0,13,0,6,21,0,27,14,0,14,41
07/09/2023,MKL,TN,ASO,ES,Federal Contract Tower,0,4,4,0,8,0,0,1,0,1,0,4,5,0,9,0,0,0,9
07/10/2023,MKL,TN,ASO,ES,Federal Contract Tower,0,4,7,2,13,0,0,32,8,40,0,4,39,10,53,20,0,20,73
07/11/2023,MKL,TN,ASO,ES,Federal Contract Tower,0,3,13,0,16,0,0,46,8,54,0,3,59,8,70,108,0,108,178
07/12/2023,MKL,TN,ASO,ES,Federal Contract Tower,0,7,19,0,26,0,0,39,4,43,0,7,58,4,69,32,6,38,107
07/13/2023,MKL,TN,ASO,ES,Federal Contract Tower,0,4,10,0,14,0,0,35,6,41,0,4,45,6,55,40,10,50,105
07/14/2023,MKL,TN,ASO,ES,Federal Contract Tower,0,2,12,0,14,0,0,19,0,19,0,2,31,0,33,24,0,24,57
07/15/2023,MKL,TN,ASO,ES,Federal Contract Tower,0,5,9,0,14,0,0,83,0,83,0,5,92,0,97,8,0,8,105
07/16/2023,MKL,TN,ASO,ES,Federal Contract Tower,0,5,7,2,14,0,0,49,3,52,0,5,56,5,66,44,10,54,120
07/17/2023,MKL,TN,ASO,ES,Federal Contract Tower,0,6,13,0,19,0,0,27,6,33,0,6,40,6,52,46,0,46,98
07/18/2023,MKL,TN,ASO,ES,Federal Contract Tower,0,4,15,0,19,0,2,35,4,41,0,6,50,4,60,68,0,68,128
07/19/2023,MKL,TN,ASO,ES,Federal Contract Tower,0,3,11,0,14,0,0,20,0,20,0,3,31,0,34,10,0,10,44
07/20/2023,MKL,TN,ASO,ES,Federal Contract Tower,0,3,7,0,10,0,0,45,5,50,0,3,52,5,60,8,0,8,68
07/21/2023,MKL,TN,ASO,ES,Federal Contract Tower,0,8,7,0,15,0,0,7,2,9,0,8,14,2,24,10,0,10,34
07/22/2023,MKL,TN,ASO,ES,Federal Contract Tower,0,4,7,0,11,0,0,70,0,70,0,4,77,0,81,90,0,90,171
07/23/2023,MKL,TN,ASO,ES,Federal Contract Tower,0,5,15,0,20,0,0,44,0,44,0,5,59,0,64,28,0,28,92
07/24/2023,MKL,TN,ASO,ES,Federal Contract Tower,0,4,8,0,12,0,0,36,0,36,0,4,44,0,48,36,0,36,84
07/25/2023,MKL,TN,ASO,ES,Federal Contract Tower,0,3,12,0,15,0,0,52,5,57,0,3,64,5,72,80,0,80,152
07/26/2023,MKL,TN,ASO,ES,Federal Contract Tower,0,5,13,0,18,0,0,23,2,25,0,5,36,2,43,32,0,32,75
07/27/2023,MKL,TN,ASO,ES,Federal Contract Tower,0,4,17,0,21,0,0,36,2,38,0,4,53,2,59,38,0,38,97
07/28/2023,MKL,TN,ASO,ES,Federal Contract Tower,0,4,11,3,18,0,0,37,2,39,0,4,48,5,57,68,0,68,125
07/29/2023,MKL,TN,ASO,ES,Federal Contract Tower,0,3,2,0,5,0,0,41,1,42,0,3,43,1,47,32,0,32,79
07/30/2023,MKL,TN,ASO,ES,Federal Contract Tower,0,4,6,1,11,0,0,27,1,28,0,4,33,2,39,18,10,28,67
07/31/2023,MKL,TN,ASO,ES,Federal Contract Tower,0,3,23,0,26,0,0,49,0,49,0,3,72,0,75,44,0,44,119
08/01/2023,MKL,TN,ASO,ES,Federal Contract Tower,0,3,8,1,12,0,0,47,4,51,0,3,55,5,63,62,2,64,127
08/02/2023,MKL,TN,ASO,ES,Federal Contract Tower,0,2,20,2,24,0,0,47,3,50,0,2,67,5,74,42,4,46,120
08/03/2023,MKL,TN,ASO,ES,Federal Contract Tower,0,4,11,0,15,0,0,19,0,19,0,4,30,0,34,42,0,42,76
08/04/2023,MKL,TN,ASO,ES,Federal Contract Tower,0,5,6,0,11,0,0,12,0,12,0,5,18,0,23,18,0,18,41
08/05/2023,MKL,TN,ASO,ES,Federal Contract Tower,0,5,12,0,17,0,0,27,0,27,0,5,39,0,44,60,0,60,104
08/06/2023,MKL,TN,ASO,ES,Federal Contract Tower,0,4,3,0,7,0,0,17,0,17,0,4,20,0,24,10,0,10,34
08/07/2023,MKL,TN,ASO,ES,Federal Contract Tower,0,1,10,0,11,0,0,24,0,24,0,1,34,0,35,18,0,18,53
08/08/2023,MKL,TN,ASO,ES,Federal Contract Tower,0,2,23,0,25,0,0,93,4,97,0,2,116,4,122,46,0,46,168
08/09/2023,MKL,TN,ASO,ES,Federal Contract Tower,0,3,8,0,11,0,1,4,2,7,0,4,12,2,18,0,0,0,18
08/10/2023,MKL,TN,ASO,ES,Federal Contract Tower,0,7,16,0,23,0,0,67,0,67,0,7,83,0,90,8,0,8,98
08/11/2023,MKL,TN,ASO,ES,Federal Contract Tower,0,5,12,0,17,0,0,22,3,25,0,5,34,3,42,34,0,34,76
08/12/2023,MKL,TN,ASO,ES,Federal Contract Tower,0,5,4,0,9,0,0,21,0,21,0,5,25,0,30,56,0,56,86
08/13/2023,MKL,TN,ASO,ES,Federal Contract Tower,0,6,9,0,15,0,0,12,0,12,0,6,21,0,27,14,0,14,41
08/14/2023,MKL,TN,ASO,ES,Federal Contract Tower,0,5,13,0,18,0,0,20,1,21,0,5,33,1,39,26,0,26,65
08/15/2023,MKL,TN,ASO,ES,Federal Contract Tower,0,5,15,0,20,0,0,38,0,38,0,5,53,0,58,78,0,78,136
08/16/2023,MKL,TN,ASO,ES,Federal Contract Tower,0,4,18,0,22,0,0,77,0,77,0,4,95,0,99,58,0,58,157
08/17/2023,MKL,TN,ASO,ES,Federal Contract Tower,0,6,20,3,29,0,0,74,25,99,0,6,94,28,128,18,40,58,186
08/18/2023,MKL,TN,ASO,ES,Federal Contract Tower,0,4,14,2,20,0,0,36,3,39,0,4,50,5,59,36,18,54,113
08/19/2023,MKL,TN,ASO,ES,Federal Contract Tower,0,3,7,0,10,0,0,46,0,46,0,3,53,0,56,68,0,68,124
08/20/2023,MKL,TN,ASO,ES,Federal Contract Tower,0,4,7,0,11,0,0,32,1,33,0,4,39,1,44,44,0,44,88
08/21/2023,MKL,TN,ASO,ES,Federal Contract Tower,0,6,11,1,18,0,0,39,0,39,0,6,50,1,57,76,2,78,135
08/22/2023,MKL,TN,ASO,ES,Federal Contract Tower,0,3,26,2,31,0,0,36,0,36,0,3,62,2,67,32,0,32,99
08/23/2023,MKL,TN,ASO,ES,Federal Contract Tower,0,3,20,0,23,0,0,56,2,58,0,3,76,2,81,76,0,76,157
08/24/2023,MKL,TN,ASO,ES,Federal Contract Tower,0,4,4,2,10,0,0,23,3,26,0,4,27,5,36,34,0,34,70
08/25/2023,MKL,TN,ASO,ES,Federal Contract Tower,0,4,16,0,20,0,0,27,5,32,0,4,43,5,52,42,0,42,94
08/26/2023,MKL,TN,ASO,ES,Federal Contract Tower,0,5,9,0,14,0,0,39,0,39,0,5,48,0,53,14,0,14,67
08/27/2023,MKL,TN,ASO,ES,Federal Contract Tower,0,3,8,0,11,0,0,6,0,6,0,3,14,0,17,4,0,4,21
08/28/2023,MKL,TN,ASO,ES,Federal Contract Tower,0,4,19,0,23,0,0,28,4,32,0,4,47,4,55,36,0,36,91
08/29/2023,MKL,TN,ASO,ES,Federal Contract Tower,0,1,8,0,9,0,0,31,7,38,0,1,39,7,47,20,8,28,75
08/30/2023,MKL,TN,ASO,ES,Federal Contract Tower,0,2,17,0,19,0,0,37,0,37,0,2,54,0,56,36,0,36,92
08/31/2023,MKL,TN,ASO,ES,Federal Contract Tower,0,6,14,2,22,0,0,52,11,63,0,6,66,13,85,48,18,66,151
