01/01/2020,MLB,FL,ASO,ES,Federal Contract Tower,12,4,41,0,57,0,4,41,0,45,12,8,82,0,102,16,0,16,118
01/02/2020,MLB,FL,ASO,ES,Federal Contract Tower,17,5,104,0,126,0,9,112,0,121,17,14,216,0,247,82,0,82,329
01/03/2020,MLB,FL,ASO,ES,Federal Contract Tower,16,16,98,1,131,0,5,93,2,100,16,21,191,3,231,108,0,108,339
01/04/2020,MLB,FL,ASO,ES,Federal Contract Tower,18,5,57,0,80,0,2,6,0,8,18,7,63,0,88,4,0,4,92
01/05/2020,MLB,FL,ASO,ES,Federal Contract Tower,20,5,60,0,85,0,3,99,0,102,20,8,159,0,187,60,0,60,247
01/06/2020,MLB,FL,ASO,ES,Federal Contract Tower,21,0,99,0,120,0,1,204,0,205,21,1,303,0,325,106,0,106,431
01/07/2020,MLB,FL,ASO,ES,Federal Contract Tower,20,1,103,2,126,0,6,172,4,182,20,7,275,6,308,138,0,138,446
01/08/2020,MLB,FL,ASO,ES,Federal Contract Tower,19,3,115,0,137,0,9,173,0,182,19,12,288,0,319,130,0,130,449
01/09/2020,MLB,FL,ASO,ES,Federal Contract Tower,23,7,75,0,105,0,9,102,0,111,23,16,177,0,216,83,0,83,299
01/10/2020,MLB,FL,ASO,ES,Federal Contract Tower,17,7,64,4,92,0,0,92,0,92,17,7,156,4,184,92,14,106,290
01/11/2020,MLB,FL,ASO,ES,Federal Contract Tower,16,0,60,0,76,0,2,32,2,36,16,2,92,2,112,26,2,28,140
01/12/2020,MLB,FL,ASO,ES,Federal Contract Tower,22,5,64,14,105,0,4,58,2,64,22,9,122,16,169,38,0,38,207
01/13/2020,MLB,FL,ASO,ES,Federal Contract Tower,20,3,99,5,127,0,7,194,0,201,20,10,293,5,328,110,0,110,438
01/14/2020,MLB,FL,ASO,ES,Federal Contract Tower,16,5,92,2,115,0,1,112,0,113,16,6,204,2,228,84,0,84,312
01/15/2020,MLB,FL,ASO,ES,Federal Contract Tower,19,1,87,0,107,0,6,215,1,222,19,7,302,1,329,200,0,200,529
01/16/2020,MLB,FL,ASO,ES,Federal Contract Tower,19,4,123,1,147,0,2,215,0,217,19,6,338,1,364,164,0,164,528
01/17/2020,MLB,FL,ASO,ES,Federal Contract Tower,22,4,133,1,160,0,3,86,0,89,22,7,219,1,249,88,0,88,337
01/18/2020,MLB,FL,ASO,ES,Federal Contract Tower,17,3,84,0,104,0,6,101,0,107,17,9,185,0,211,32,0,32,243
01/19/2020,MLB,FL,ASO,ES,Federal Contract Tower,20,4,107,2,133,0,7,134,0,141,20,11,241,2,274,94,0,94,368
01/20/2020,MLB,FL,ASO,ES,Federal Contract Tower,23,2,89,0,114,0,7,169,0,176,23,9,258,0,290,54,0,54,344
01/21/2020,MLB,FL,ASO,ES,Federal Contract Tower,18,11,80,0,109,0,2,92,1,95,18,13,172,1,204,56,0,56,260
01/22/2020,MLB,FL,ASO,ES,Federal Contract Tower,30,5,37,0,72,1,3,11,0,15,31,8,48,0,87,0,0,0,87
01/23/2020,MLB,FL,ASO,ES,Federal Contract Tower,21,11,99,0,131,0,0,28,0,28,21,11,127,0,159,34,0,34,193
01/24/2020,MLB,FL,ASO,ES,Federal Contract Tower,24,2,151,1,178,0,0,187,0,187,24,2,338,1,365,286,0,286,651
01/25/2020,MLB,FL,ASO,ES,Federal Contract Tower,19,4,131,0,154,0,1,247,0,248,19,5,378,0,402,160,0,160,562
01/26/2020,MLB,FL,ASO,ES,Federal Contract Tower,19,6,85,0,110,0,5,176,0,181,19,11,261,0,291,104,0,104,395
01/27/2020,MLB,FL,ASO,ES,Federal Contract Tower,20,3,142,0,165,0,8,226,0,234,20,11,368,0,399,318,0,318,717
01/28/2020,MLB,FL,ASO,ES,Federal Contract Tower,17,5,101,1,124,0,3,178,0,181,17,8,279,1,305,100,0,100,405
01/29/2020,MLB,FL,ASO,ES,Federal Contract Tower,17,7,94,1,119,0,2,258,0,260,17,9,352,1,379,130,0,130,509
01/30/2020,MLB,FL,ASO,ES,Federal Contract Tower,21,4,106,0,131,0,1,51,0,52,21,5,157,0,183,0,0,0,183
01/31/2020,MLB,FL,ASO,ES,Federal Contract Tower,23,8,143,0,174,0,2,199,0,201,23,10,342,0,375,196,0,196,571
02/01/2020,MLB,FL,ASO,ES,Federal Contract Tower,18,3,65,0,86,0,2,26,0,28,18,5,91,0,114,12,0,12,126
02/02/2020,MLB,FL,ASO,ES,Federal Contract Tower,16,7,74,0,97,0,3,113,0,116,16,10,187,0,213,60,0,60,273
02/03/2020,MLB,FL,ASO,ES,Federal Contract Tower,22,13,102,0,137,0,6,291,0,297,22,19,393,0,434,186,0,186,620
02/04/2020,MLB,FL,ASO,ES,Federal Contract Tower,18,2,107,0,127,0,4,190,0,194,18,6,297,0,321,182,0,182,503
02/05/2020,MLB,FL,ASO,ES,Federal Contract Tower,15,15,98,0,128,0,4,207,0,211,15,19,305,0,339,188,0,188,527
02/06/2020,MLB,FL,ASO,ES,Federal Contract Tower,13,5,50,4,72,0,3,22,0,25,13,8,72,4,97,8,0,8,105
02/07/2020,MLB,FL,ASO,ES,Federal Contract Tower,16,8,113,1,138,0,9,110,0,119,16,17,223,1,257,56,0,56,313
02/08/2020,MLB,FL,ASO,ES,Federal Contract Tower,18,1,100,2,121,0,6,222,0,228,18,7,322,2,349,188,0,188,537
02/09/2020,MLB,FL,ASO,ES,Federal Contract Tower,19,3,66,0,88,0,10,128,2,140,19,13,194,2,228,97,0,97,325
02/10/2020,MLB,FL,ASO,ES,Federal Contract Tower,19,2,176,4,201,0,5,217,2,224,19,7,393,6,425,250,0,250,675
02/11/2020,MLB,FL,ASO,ES,Federal Contract Tower,16,6,128,0,150,0,6,175,0,181,16,12,303,0,331,238,0,238,569
02/12/2020,MLB,FL,ASO,ES,Federal Contract Tower,22,8,114,1,145,0,3,143,0,146,22,11,257,1,291,244,0,244,535
02/13/2020,MLB,FL,ASO,ES,Federal Contract Tower,15,6,121,1,143,0,3,137,0,140,15,9,258,1,283,86,6,92,375
02/14/2020,MLB,FL,ASO,ES,Federal Contract Tower,27,2,70,1,100,0,0,16,0,16,27,2,86,1,116,0,0,0,116
02/15/2020,MLB,FL,ASO,ES,Federal Contract Tower,11,2,79,2,94,0,7,57,0,64,11,9,136,2,158,96,0,96,254
02/16/2020,MLB,FL,ASO,ES,Federal Contract Tower,14,4,57,1,76,0,2,106,0,108,14,6,163,1,184,79,0,79,263
02/17/2020,MLB,FL,ASO,ES,Federal Contract Tower,23,2,104,0,129,0,1,208,0,209,23,3,312,0,338,200,0,200,538
02/18/2020,MLB,FL,ASO,ES,Federal Contract Tower,19,0,115,2,136,0,5,197,0,202,19,5,312,2,338,156,0,156,494
02/19/2020,MLB,FL,ASO,ES,Federal Contract Tower,21,4,88,1,114,0,5,182,1,188,21,9,270,2,302,168,0,168,470
02/20/2020,MLB,FL,ASO,ES,Federal Contract Tower,20,3,184,4,211,0,3,87,0,90,20,6,271,4,301,80,0,80,381
02/21/2020,MLB,FL,ASO,ES,Federal Contract Tower,20,4,35,0,59,0,5,5,10,20,20,9,40,10,79,0,0,0,79
02/22/2020,MLB,FL,ASO,ES,Federal Contract Tower,17,6,86,0,109,0,6,81,0,87,17,12,167,0,196,18,0,18,214
02/23/2020,MLB,FL,ASO,ES,Federal Contract Tower,20,4,73,0,97,0,4,190,3,197,20,8,263,3,294,130,0,130,424
02/24/2020,MLB,FL,ASO,ES,Federal Contract Tower,18,8,100,0,126,0,3,171,0,174,18,11,271,0,300,156,0,156,456
02/25/2020,MLB,FL,ASO,ES,Federal Contract Tower,25,0,104,0,129,0,7,157,0,164,25,7,261,0,293,100,0,100,393
02/26/2020,MLB,FL,ASO,ES,Federal Contract Tower,20,5,94,2,121,0,4,68,0,72,20,9,162,2,193,58,0,58,251
02/27/2020,MLB,FL,ASO,ES,Federal Contract Tower,17,10,122,0,149,0,3,171,0,174,17,13,293,0,323,114,0,114,437
02/28/2020,MLB,FL,ASO,ES,Federal Contract Tower,18,1,145,2,166,0,6,223,0,229,18,7,368,2,395,236,0,236,631
02/29/2020,MLB,FL,ASO,ES,Federal Contract Tower,17,8,77,0,102,0,5,104,1,110,17,13,181,1,212,48,0,48,260
03/01/2020,MLB,FL,ASO,ES,Federal Contract Tower,23,5,74,0,102,0,7,200,0,207,23,12,274,0,309,134,0,134,443
03/02/2020,MLB,FL,ASO,ES,Federal Contract Tower,18,3,101,1,123,0,6,169,0,175,18,9,270,1,298,100,0,100,398
03/03/2020,MLB,FL,ASO,ES,Federal Contract Tower,21,6,92,2,121,0,2,190,0,192,21,8,282,2,313,184,0,184,497
03/04/2020,MLB,FL,ASO,ES,Federal Contract Tower,21,17,98,0,136,0,4,163,0,167,21,21,261,0,303,150,0,150,453
03/05/2020,MLB,FL,ASO,ES,Federal Contract Tower,20,3,117,5,145,0,3,76,0,79,20,6,193,5,224,62,0,62,286
03/06/2020,MLB,FL,ASO,ES,Federal Contract Tower,18,10,125,0,153,0,6,162,0,168,18,16,287,0,321,178,0,178,499
03/07/2020,MLB,FL,ASO,ES,Federal Contract Tower,20,4,56,1,81,0,0,53,0,53,20,4,109,1,134,26,0,26,160
03/08/2020,MLB,FL,ASO,ES,Federal Contract Tower,16,3,104,5,128,0,5,117,0,122,16,8,221,5,250,40,0,40,290
03/09/2020,MLB,FL,ASO,ES,Federal Contract Tower,16,6,131,0,153,0,4,138,1,143,16,10,269,1,296,66,0,66,362
03/10/2020,MLB,FL,ASO,ES,Federal Contract Tower,19,2,103,8,132,0,8,217,0,225,19,10,320,8,357,242,0,242,599
03/11/2020,MLB,FL,ASO,ES,Federal Contract Tower,19,8,106,2,135,0,7,212,0,219,19,15,318,2,354,186,0,186,540
03/12/2020,MLB,FL,ASO,ES,Federal Contract Tower,24,7,98,0,129,0,5,186,0,191,24,12,284,0,320,206,0,206,526
03/13/2020,MLB,FL,ASO,ES,Federal Contract Tower,21,2,78,0,101,0,6,181,6,193,21,8,259,6,294,232,0,232,526
03/14/2020,MLB,FL,ASO,ES,Federal Contract Tower,21,1,35,0,57,0,4,97,0,101,21,5,132,0,158,24,0,24,182
03/15/2020,MLB,FL,ASO,ES,Federal Contract Tower,23,2,65,5,95,0,4,71,3,78,23,6,136,8,173,126,2,128,301
03/16/2020,MLB,FL,ASO,ES,Federal Contract Tower,21,1,70,1,93,0,6,69,2,77,21,7,139,3,170,66,0,66,236
03/17/2020,MLB,FL,ASO,ES,Federal Contract Tower,19,5,78,0,102,0,9,82,0,91,19,14,160,0,193,24,0,24,217
03/18/2020,MLB,FL,ASO,ES,Federal Contract Tower,18,5,58,0,81,0,4,125,0,129,18,9,183,0,210,52,0,52,262
03/19/2020,MLB,FL,ASO,ES,Federal Contract Tower,11,3,92,0,106,0,5,101,0,106,11,8,193,0,212,77,0,77,289
03/20/2020,MLB,FL,ASO,ES,Federal Contract Tower,10,4,56,1,71,0,13,99,1,113,10,17,155,2,184,72,0,72,256
03/21/2020,MLB,FL,ASO,ES,Federal Contract Tower,16,7,84,0,107,0,5,83,0,88,16,12,167,0,195,32,0,32,227
03/22/2020,MLB,FL,ASO,ES,Federal Contract Tower,12,0,72,0,84,0,3,76,0,79,12,3,148,0,163,32,0,32,195
03/23/2020,MLB,FL,ASO,ES,Federal Contract Tower,11,0,66,0,77,0,4,99,0,103,11,4,165,0,180,68,0,68,248
03/24/2020,MLB,FL,ASO,ES,Federal Contract Tower,8,3,50,0,61,0,4,80,0,84,8,7,130,0,145,58,0,58,203
03/25/2020,MLB,FL,ASO,ES,Federal Contract Tower,5,2,77,1,85,0,3,63,0,66,5,5,140,1,151,94,0,94,245
03/26/2020,MLB,FL,ASO,ES,Federal Contract Tower,13,0,49,0,62,0,3,67,0,70,13,3,116,0,132,84,0,84,216
03/27/2020,MLB,FL,ASO,ES,Federal Contract Tower,14,1,50,0,65,0,2,92,0,94,14,3,142,0,159,28,0,28,187
03/28/2020,MLB,FL,ASO,ES,Federal Contract Tower,11,1,73,0,85,0,0,69,0,69,11,1,142,0,154,102,0,102,256
03/29/2020,MLB,FL,ASO,ES,Federal Contract Tower,10,2,53,0,65,0,2,102,0,104,10,4,155,0,169,16,0,16,185
03/30/2020,MLB,FL,ASO,ES,Federal Contract Tower,8,1,65,0,74,0,2,96,0,98,8,3,161,0,172,18,0,18,190
03/31/2020,MLB,FL,ASO,ES,Federal Contract Tower,5,3,35,0,43,0,2,58,1,61,5,5,93,1,104,30,0,30,134
04/01/2020,MLB,FL,ASO,ES,Federal Contract Tower,7,0,42,0,49,0,0,58,0,58,7,0,100,0,107,50,0,50,157
04/02/2020,MLB,FL,ASO,ES,Federal Contract Tower,12,0,73,0,85,0,1,79,0,80,12,1,152,0,165,32,0,32,197
04/03/2020,MLB,FL,ASO,ES,Federal Contract Tower,12,2,31,0,45,0,1,96,0,97,12,3,127,0,142,50,0,50,192
04/04/2020,MLB,FL,ASO,ES,Federal Contract Tower,5,1,67,0,73,0,3,70,0,73,5,4,137,0,146,60,0,60,206
04/05/2020,MLB,FL,ASO,ES,Federal Contract Tower,8,1,39,0,48,0,0,0,0,0,8,1,39,0,48,0,0,0,48
04/06/2020,MLB,FL,ASO,ES,Federal Contract Tower,9,1,55,0,65,0,4,40,1,45,9,5,95,1,110,36,0,36,146
04/07/2020,MLB,FL,ASO,ES,Federal Contract Tower,9,6,52,1,68,0,2,99,2,103,9,8,151,3,171,88,0,88,259
04/08/2020,MLB,FL,ASO,ES,Federal Contract Tower,8,1,53,0,62,0,1,95,0,96,8,2,148,0,158,62,0,62,220
04/09/2020,MLB,FL,ASO,ES,Federal Contract Tower,21,2,57,0,80,0,2,31,0,33,21,4,88,0,113,2,0,2,115
04/10/2020,MLB,FL,ASO,ES,Federal Contract Tower,9,1,38,0,48,0,2,24,0,26,9,3,62,0,74,38,0,38,112
04/11/2020,MLB,FL,ASO,ES,Federal Contract Tower,10,0,50,0,60,0,3,96,0,99,10,3,146,0,159,61,0,61,220
04/12/2020,MLB,FL,ASO,ES,Federal Contract Tower,7,2,28,0,37,0,4,10,0,14,7,6,38,0,51,0,0,0,51
04/13/2020,MLB,FL,ASO,ES,Federal Contract Tower,10,0,59,0,69,0,4,24,0,28,10,4,83,0,97,8,0,8,105
04/14/2020,MLB,FL,ASO,ES,Federal Contract Tower,18,2,76,0,96,0,6,34,0,40,18,8,110,0,136,0,0,0,136
04/15/2020,MLB,FL,ASO,ES,Federal Contract Tower,9,0,51,0,60,0,0,36,0,36,9,0,87,0,96,0,0,0,96
04/16/2020,MLB,FL,ASO,ES,Federal Contract Tower,6,1,35,0,42,0,2,0,0,2,6,3,35,0,44,0,0,0,44
04/17/2020,MLB,FL,ASO,ES,Federal Contract Tower,9,3,64,0,76,0,2,20,0,22,9,5,84,0,98,8,0,8,106
04/18/2020,MLB,FL,ASO,ES,Federal Contract Tower,9,3,54,0,66,0,2,20,0,22,9,5,74,0,88,0,0,0,88
04/19/2020,MLB,FL,ASO,ES,Federal Contract Tower,7,1,59,0,67,0,6,90,0,96,7,7,149,0,163,24,0,24,187
04/20/2020,MLB,FL,ASO,ES,Federal Contract Tower,8,4,16,0,28,0,0,21,0,21,8,4,37,0,49,4,0,4,53
04/21/2020,MLB,FL,ASO,ES,Federal Contract Tower,10,6,56,0,72,0,1,111,0,112,10,7,167,0,184,16,0,16,200
04/22/2020,MLB,FL,ASO,ES,Federal Contract Tower,8,1,81,0,90,0,6,135,0,141,8,7,216,0,231,22,0,22,253
04/23/2020,MLB,FL,ASO,ES,Federal Contract Tower,7,10,34,0,51,0,4,48,0,52,7,14,82,0,103,10,0,10,113
04/24/2020,MLB,FL,ASO,ES,Federal Contract Tower,9,0,10,0,19,0,0,1,0,1,9,0,11,0,20,0,0,0,20
04/25/2020,MLB,FL,ASO,ES,Federal Contract Tower,5,0,46,6,57,0,5,47,0,52,5,5,93,6,109,16,0,16,125
04/26/2020,MLB,FL,ASO,ES,Federal Contract Tower,8,3,33,0,44,0,1,27,0,28,8,4,60,0,72,12,0,12,84
04/27/2020,MLB,FL,ASO,ES,Federal Contract Tower,6,5,37,0,48,0,4,102,0,106,6,9,139,0,154,4,0,4,158
04/28/2020,MLB,FL,ASO,ES,Federal Contract Tower,8,1,59,1,69,0,6,108,2,116,8,7,167,3,185,4,0,4,189
04/29/2020,MLB,FL,ASO,ES,Federal Contract Tower,8,6,51,0,65,0,6,77,0,83,8,12,128,0,148,14,0,14,162
04/30/2020,MLB,FL,ASO,ES,Federal Contract Tower,13,3,52,0,68,0,0,37,0,37,13,3,89,0,105,4,0,4,109
05/01/2020,MLB,FL,ASO,ES,Federal Contract Tower,5,2,80,0,87,0,5,103,0,108,5,7,183,0,195,38,0,38,233
05/02/2020,MLB,FL,ASO,ES,Federal Contract Tower,5,1,42,3,51,0,1,87,0,88,5,2,129,3,139,4,0,4,143
05/03/2020,MLB,FL,ASO,ES,Federal Contract Tower,5,2,33,0,40,0,3,87,0,90,5,5,120,0,130,35,0,35,165
05/04/2020,MLB,FL,ASO,ES,Federal Contract Tower,5,0,41,0,46,0,4,54,0,58,5,4,95,0,104,4,0,4,108
05/05/2020,MLB,FL,ASO,ES,Federal Contract Tower,5,3,61,0,69,0,4,73,3,80,5,7,134,3,149,24,0,24,173
05/06/2020,MLB,FL,ASO,ES,Federal Contract Tower,7,3,68,2,80,0,4,54,0,58,7,7,122,2,138,8,0,8,146
05/07/2020,MLB,FL,ASO,ES,Federal Contract Tower,4,5,50,0,59,0,2,63,0,65,4,7,113,0,124,16,0,16,140
05/08/2020,MLB,FL,ASO,ES,Federal Contract Tower,4,2,61,8,75,0,2,52,0,54,4,4,113,8,129,22,0,22,151
05/09/2020,MLB,FL,ASO,ES,Federal Contract Tower,8,0,40,0,48,0,4,78,0,82,8,4,118,0,130,10,0,10,140
05/10/2020,MLB,FL,ASO,ES,Federal Contract Tower,7,0,19,0,26,0,1,6,0,7,7,1,25,0,33,2,0,2,35
05/11/2020,MLB,FL,ASO,ES,Federal Contract Tower,6,7,41,0,54,0,6,91,0,97,6,13,132,0,151,18,0,18,169
05/12/2020,MLB,FL,ASO,ES,Federal Contract Tower,6,2,61,0,69,0,12,82,0,94,6,14,143,0,163,19,0,19,182
05/13/2020,MLB,FL,ASO,ES,Federal Contract Tower,6,1,60,0,67,0,1,78,2,81,6,2,138,2,148,34,0,34,182
05/14/2020,MLB,FL,ASO,ES,Federal Contract Tower,6,2,53,0,61,0,6,80,0,86,6,8,133,0,147,38,0,38,185
05/15/2020,MLB,FL,ASO,ES,Federal Contract Tower,6,2,62,0,70,0,2,33,0,35,6,4,95,0,105,42,0,42,147
05/16/2020,MLB,FL,ASO,ES,Federal Contract Tower,5,5,51,0,61,0,2,14,0,16,5,7,65,0,77,0,0,0,77
05/17/2020,MLB,FL,ASO,ES,Federal Contract Tower,6,0,94,0,100,0,2,68,0,70,6,2,162,0,170,4,0,4,174
05/18/2020,MLB,FL,ASO,ES,Federal Contract Tower,6,0,84,0,90,0,4,81,0,85,6,4,165,0,175,30,0,30,205
05/19/2020,MLB,FL,ASO,ES,Federal Contract Tower,6,1,95,0,102,0,5,86,0,91,6,6,181,0,193,32,0,32,225
05/20/2020,MLB,FL,ASO,ES,Federal Contract Tower,7,1,83,0,91,0,2,165,0,167,7,3,248,0,258,94,0,94,352
05/21/2020,MLB,FL,ASO,ES,Federal Contract Tower,5,6,45,0,56,0,2,127,0,129,5,8,172,0,185,64,0,64,249
05/22/2020,MLB,FL,ASO,ES,Federal Contract Tower,8,0,84,0,92,0,4,167,0,171,8,4,251,0,263,62,0,62,325
05/23/2020,MLB,FL,ASO,ES,Federal Contract Tower,7,2,61,1,71,0,3,86,0,89,7,5,147,1,160,70,0,70,230
05/24/2020,MLB,FL,ASO,ES,Federal Contract Tower,6,1,29,4,40,0,3,30,0,33,6,4,59,4,73,60,0,60,133
05/25/2020,MLB,FL,ASO,ES,Federal Contract Tower,8,3,33,0,44,0,0,2,0,2,8,3,35,0,46,0,0,0,46
05/26/2020,MLB,FL,ASO,ES,Federal Contract Tower,5,9,73,0,87,0,0,29,0,29,5,9,102,0,116,16,0,16,132
05/27/2020,MLB,FL,ASO,ES,Federal Contract Tower,6,7,47,0,60,0,0,19,0,19,6,7,66,0,79,2,0,2,81
05/28/2020,MLB,FL,ASO,ES,Federal Contract Tower,5,10,85,2,102,0,2,62,0,64,5,12,147,2,166,32,0,32,198
05/29/2020,MLB,FL,ASO,ES,Federal Contract Tower,7,6,133,0,146,0,1,110,0,111,7,7,243,0,257,58,0,58,315
05/30/2020,MLB,FL,ASO,ES,Federal Contract Tower,5,6,46,1,58,0,0,40,0,40,5,6,86,1,98,8,0,8,106
05/31/2020,MLB,FL,ASO,ES,Federal Contract Tower,6,4,66,0,76,6,4,77,0,87,12,8,143,0,163,2,0,2,165
06/01/2020,MLB,FL,ASO,ES,Federal Contract Tower,6,5,97,0,108,0,6,79,0,85,6,11,176,0,193,34,0,34,227
06/02/2020,MLB,FL,ASO,ES,Federal Contract Tower,7,0,57,2,66,0,1,7,0,8,7,1,64,2,74,0,0,0,74
06/03/2020,MLB,FL,ASO,ES,Federal Contract Tower,6,0,91,0,97,0,0,23,0,23,6,0,114,0,120,0,0,0,120
06/04/2020,MLB,FL,ASO,ES,Federal Contract Tower,9,3,43,12,67,0,0,26,0,26,9,3,69,12,93,14,0,14,107
06/05/2020,MLB,FL,ASO,ES,Federal Contract Tower,6,3,87,0,96,0,1,70,0,71,6,4,157,0,167,48,0,48,215
06/06/2020,MLB,FL,ASO,ES,Federal Contract Tower,4,4,91,0,99,0,2,27,0,29,4,6,118,0,128,18,0,18,146
06/07/2020,MLB,FL,ASO,ES,Federal Contract Tower,6,3,100,0,109,0,1,58,0,59,6,4,158,0,168,2,0,2,170
06/08/2020,MLB,FL,ASO,ES,Federal Contract Tower,5,1,77,0,83,0,3,123,0,126,5,4,200,0,209,34,0,34,243
06/09/2020,MLB,FL,ASO,ES,Federal Contract Tower,3,3,89,0,95,0,4,80,0,84,3,7,169,0,179,60,0,60,239
06/10/2020,MLB,FL,ASO,ES,Federal Contract Tower,5,3,79,0,87,0,6,138,0,144,5,9,217,0,231,56,1,57,288
06/11/2020,MLB,FL,ASO,ES,Federal Contract Tower,3,1,112,1,117,0,4,114,0,118,3,5,226,1,235,44,0,44,279
06/12/2020,MLB,FL,ASO,ES,Federal Contract Tower,8,2,122,0,132,0,7,177,0,184,8,9,299,0,316,67,0,67,383
06/13/2020,MLB,FL,ASO,ES,Federal Contract Tower,4,1,83,0,88,0,4,91,0,95,4,5,174,0,183,30,0,30,213
06/14/2020,MLB,FL,ASO,ES,Federal Contract Tower,8,1,40,0,49,0,3,67,0,70,8,4,107,0,119,44,0,44,163
06/15/2020,MLB,FL,ASO,ES,Federal Contract Tower,5,2,92,0,99,0,5,125,0,130,5,7,217,0,229,88,0,88,317
06/16/2020,MLB,FL,ASO,ES,Federal Contract Tower,6,1,117,6,130,0,3,158,0,161,6,4,275,6,291,82,16,98,389
06/17/2020,MLB,FL,ASO,ES,Federal Contract Tower,5,9,108,0,122,0,1,151,0,152,5,10,259,0,274,150,0,150,424
06/18/2020,MLB,FL,ASO,ES,Federal Contract Tower,6,0,74,0,80,0,0,83,0,83,6,0,157,0,163,110,0,110,273
06/19/2020,MLB,FL,ASO,ES,Federal Contract Tower,4,2,56,4,66,0,2,75,0,77,4,4,131,4,143,48,0,48,191
06/21/2020,MLB,FL,ASO,ES,Federal Contract Tower,4,1,17,0,22,0,4,49,0,53,4,5,66,0,75,16,0,16,91
06/22/2020,MLB,FL,ASO,ES,Federal Contract Tower,5,3,83,0,91,0,5,156,0,161,5,8,239,0,252,110,0,110,362
06/23/2020,MLB,FL,ASO,ES,Federal Contract Tower,6,8,78,0,92,0,4,117,0,121,6,12,195,0,213,74,0,74,287
06/24/2020,MLB,FL,ASO,ES,Federal Contract Tower,8,0,99,0,107,0,0,105,0,105,8,0,204,0,212,102,0,102,314
06/25/2020,MLB,FL,ASO,ES,Federal Contract Tower,7,0,65,0,72,0,0,122,0,122,7,0,187,0,194,40,0,40,234
06/26/2020,MLB,FL,ASO,ES,Federal Contract Tower,6,6,94,0,106,0,5,134,0,139,6,11,228,0,245,91,0,91,336
06/27/2020,MLB,FL,ASO,ES,Federal Contract Tower,5,1,63,0,69,0,2,77,0,79,5,3,140,0,148,50,0,50,198
06/28/2020,MLB,FL,ASO,ES,Federal Contract Tower,7,0,32,0,39,0,0,83,0,83,7,0,115,0,122,22,0,22,144
06/29/2020,MLB,FL,ASO,ES,Federal Contract Tower,5,2,93,0,100,0,7,114,0,121,5,9,207,0,221,48,0,48,269
06/30/2020,MLB,FL,ASO,ES,Federal Contract Tower,4,5,75,0,84,0,7,146,3,156,4,12,221,3,240,120,0,120,360
07/01/2020,MLB,FL,ASO,ES,Federal Contract Tower,4,1,61,0,66,0,2,106,0,108,4,3,167,0,174,32,0,32,206
07/02/2020,MLB,FL,ASO,ES,Federal Contract Tower,8,0,94,0,102,0,0,152,0,152,8,0,246,0,254,60,0,60,314
07/03/2020,MLB,FL,ASO,ES,Federal Contract Tower,6,1,94,0,101,0,5,104,0,109,6,6,198,0,210,61,0,61,271
07/04/2020,MLB,FL,ASO,ES,Federal Contract Tower,6,0,27,0,33,0,3,42,0,45,6,3,69,0,78,25,0,25,103
07/05/2020,MLB,FL,ASO,ES,Federal Contract Tower,7,7,34,0,48,0,2,39,0,41,7,9,73,0,89,20,0,20,109
07/06/2020,MLB,FL,ASO,ES,Federal Contract Tower,7,6,78,0,91,0,1,112,0,113,7,7,190,0,204,10,0,10,214
07/07/2020,MLB,FL,ASO,ES,Federal Contract Tower,8,10,95,0,113,0,2,131,0,133,8,12,226,0,246,158,0,158,404
07/08/2020,MLB,FL,ASO,ES,Federal Contract Tower,7,11,73,0,91,0,1,120,2,123,7,12,193,2,214,120,0,120,334
07/09/2020,MLB,FL,ASO,ES,Federal Contract Tower,10,1,97,0,108,0,2,149,0,151,10,3,246,0,259,104,0,104,363
07/10/2020,MLB,FL,ASO,ES,Federal Contract Tower,11,4,96,0,111,0,2,80,0,82,11,6,176,0,193,56,0,56,249
07/11/2020,MLB,FL,ASO,ES,Federal Contract Tower,11,9,79,0,99,0,0,38,3,41,11,9,117,3,140,48,0,48,188
07/12/2020,MLB,FL,ASO,ES,Federal Contract Tower,11,0,47,0,58,0,5,62,0,67,11,5,109,0,125,47,0,47,172
07/13/2020,MLB,FL,ASO,ES,Federal Contract Tower,10,2,104,1,117,0,3,150,0,153,10,5,254,1,270,26,0,26,296
07/14/2020,MLB,FL,ASO,ES,Federal Contract Tower,7,0,68,0,75,0,2,99,0,101,7,2,167,0,176,66,0,66,242
07/15/2020,MLB,FL,ASO,ES,Federal Contract Tower,8,7,102,1,118,0,4,145,0,149,8,11,247,1,267,102,0,102,369
07/16/2020,MLB,FL,ASO,ES,Federal Contract Tower,10,0,90,0,100,0,1,132,0,133,10,1,222,0,233,50,0,50,283
07/17/2020,MLB,FL,ASO,ES,Federal Contract Tower,8,0,94,0,102,0,3,114,0,117,8,3,208,0,219,72,0,72,291
07/18/2020,MLB,FL,ASO,ES,Federal Contract Tower,13,4,55,0,72,0,2,75,2,79,13,6,130,2,151,48,0,48,199
07/19/2020,MLB,FL,ASO,ES,Federal Contract Tower,9,3,46,0,58,0,6,99,0,105,9,9,145,0,163,42,0,42,205
07/20/2020,MLB,FL,ASO,ES,Federal Contract Tower,11,3,99,0,113,0,4,103,0,107,11,7,202,0,220,78,0,78,298
07/21/2020,MLB,FL,ASO,ES,Federal Contract Tower,7,2,108,6,123,0,2,108,0,110,7,4,216,6,233,61,4,65,298
07/22/2020,MLB,FL,ASO,ES,Federal Contract Tower,7,1,85,3,96,0,0,53,0,53,7,1,138,3,149,16,0,16,165
07/23/2020,MLB,FL,ASO,ES,Federal Contract Tower,14,6,70,0,90,0,0,72,3,75,14,6,142,3,165,50,0,50,215
07/24/2020,MLB,FL,ASO,ES,Federal Contract Tower,12,0,87,2,101,0,3,141,2,146,12,3,228,4,247,36,0,36,283
07/25/2020,MLB,FL,ASO,ES,Federal Contract Tower,10,3,54,0,67,0,2,94,0,96,10,5,148,0,163,44,0,44,207
07/26/2020,MLB,FL,ASO,ES,Federal Contract Tower,10,5,37,0,52,0,2,62,0,64,10,7,99,0,116,52,0,52,168
07/27/2020,MLB,FL,ASO,ES,Federal Contract Tower,12,12,75,0,99,0,4,100,0,104,12,16,175,0,203,62,0,62,265
07/28/2020,MLB,FL,ASO,ES,Federal Contract Tower,8,3,68,0,79,0,2,85,0,87,8,5,153,0,166,38,0,38,204
07/29/2020,MLB,FL,ASO,ES,Federal Contract Tower,8,0,91,2,101,0,1,116,0,117,8,1,207,2,218,74,0,74,292
07/30/2020,MLB,FL,ASO,ES,Federal Contract Tower,7,6,83,5,101,0,1,159,0,160,7,7,242,5,261,80,0,80,341
07/31/2020,MLB,FL,ASO,ES,Federal Contract Tower,11,3,137,0,151,0,4,171,0,175,11,7,308,0,326,104,0,104,430
08/01/2020,MLB,FL,ASO,ES,Federal Contract Tower,10,5,25,0,40,0,0,55,0,55,10,5,80,0,95,38,0,38,133
08/02/2020,MLB,FL,ASO,ES,Federal Contract Tower,12,0,3,0,15,0,0,0,0,0,12,0,3,0,15,0,0,0,15
08/03/2020,MLB,FL,ASO,ES,Federal Contract Tower,11,1,60,0,72,0,3,45,0,48,11,4,105,0,120,12,0,12,132
08/04/2020,MLB,FL,ASO,ES,Federal Contract Tower,8,1,81,0,90,0,7,121,0,128,8,8,202,0,218,67,0,67,285
08/05/2020,MLB,FL,ASO,ES,Federal Contract Tower,6,4,47,0,57,0,1,57,0,58,6,5,104,0,115,36,0,36,151
08/06/2020,MLB,FL,ASO,ES,Federal Contract Tower,11,5,96,0,112,0,4,132,0,136,11,9,228,0,248,92,0,92,340
08/07/2020,MLB,FL,ASO,ES,Federal Contract Tower,10,1,117,0,128,0,0,137,0,137,10,1,254,0,265,58,0,58,323
08/08/2020,MLB,FL,ASO,ES,Federal Contract Tower,8,4,78,1,91,0,4,135,0,139,8,8,213,1,230,88,0,88,318
08/09/2020,MLB,FL,ASO,ES,Federal Contract Tower,12,1,56,0,69,0,4,103,0,107,12,5,159,0,176,26,0,26,202
08/10/2020,MLB,FL,ASO,ES,Federal Contract Tower,7,7,103,2,119,0,4,179,4,187,7,11,282,6,306,78,0,78,384
08/11/2020,MLB,FL,ASO,ES,Federal Contract Tower,6,1,74,0,81,0,0,127,0,127,6,1,201,0,208,58,4,62,270
08/12/2020,MLB,FL,ASO,ES,Federal Contract Tower,8,2,103,0,113,0,3,108,0,111,8,5,211,0,224,72,0,72,296
08/13/2020,MLB,FL,ASO,ES,Federal Contract Tower,11,5,114,2,132,0,5,115,0,120,11,10,229,2,252,118,2,120,372
08/14/2020,MLB,FL,ASO,ES,Federal Contract Tower,10,1,123,0,134,0,3,142,0,145,10,4,265,0,279,76,0,76,355
08/15/2020,MLB,FL,ASO,ES,Federal Contract Tower,10,2,53,0,65,0,4,116,0,120,10,6,169,0,185,78,0,78,263
08/16/2020,MLB,FL,ASO,ES,Federal Contract Tower,9,1,59,0,69,0,2,88,0,90,9,3,147,0,159,26,0,26,185
08/17/2020,MLB,FL,ASO,ES,Federal Contract Tower,12,2,60,1,75,0,1,118,1,120,12,3,178,2,195,46,0,46,241
08/18/2020,MLB,FL,ASO,ES,Federal Contract Tower,4,2,88,0,94,0,3,129,2,134,4,5,217,2,228,116,0,116,344
08/19/2020,MLB,FL,ASO,ES,Federal Contract Tower,5,1,106,0,112,0,6,89,2,97,5,7,195,2,209,114,10,124,333
08/20/2020,MLB,FL,ASO,ES,Federal Contract Tower,12,5,99,1,117,0,2,106,2,110,12,7,205,3,227,68,0,68,295
08/21/2020,MLB,FL,ASO,ES,Federal Contract Tower,11,6,107,1,125,0,4,127,0,131,11,10,234,1,256,52,0,52,308
08/22/2020,MLB,FL,ASO,ES,Federal Contract Tower,10,0,96,0,106,0,4,158,0,162,10,4,254,0,268,88,0,88,356
08/23/2020,MLB,FL,ASO,ES,Federal Contract Tower,10,2,37,4,53,0,2,66,0,68,10,4,103,4,121,34,0,34,155
08/24/2020,MLB,FL,ASO,ES,Federal Contract Tower,10,7,98,4,119,0,10,57,0,67,10,17,155,4,186,42,0,42,228
08/25/2020,MLB,FL,ASO,ES,Federal Contract Tower,6,1,106,8,121,0,1,73,0,74,6,2,179,8,195,58,0,58,253
08/26/2020,MLB,FL,ASO,ES,Federal Contract Tower,11,1,134,0,146,0,1,142,0,143,11,2,276,0,289,80,0,80,369
08/27/2020,MLB,FL,ASO,ES,Federal Contract Tower,8,6,123,1,138,0,2,130,0,132,8,8,253,1,270,68,0,68,338
08/28/2020,MLB,FL,ASO,ES,Federal Contract Tower,9,10,148,1,168,0,4,167,0,171,9,14,315,1,339,94,0,94,433
08/29/2020,MLB,FL,ASO,ES,Federal Contract Tower,10,1,68,0,79,0,0,112,0,112,10,1,180,0,191,104,0,104,295
08/30/2020,MLB,FL,ASO,ES,Federal Contract Tower,10,3,30,0,43,0,0,37,0,37,10,3,67,0,80,8,0,8,88
08/31/2020,MLB,FL,ASO,ES,Federal Contract Tower,10,2,92,0,104,0,2,121,0,123,10,4,213,0,227,54,0,54,281
09/01/2020,MLB,FL,ASO,ES,Federal Contract Tower,5,6,126,0,137,0,2,165,0,167,5,8,291,0,304,126,0,126,430
09/02/2020,MLB,FL,ASO,ES,Federal Contract Tower,6,7,121,1,135,0,3,194,0,197,6,10,315,1,332,109,0,109,441
09/03/2020,MLB,FL,ASO,ES,Federal Contract Tower,9,4,106,1,120,0,1,207,0,208,9,5,313,1,328,72,0,72,400
09/04/2020,MLB,FL,ASO,ES,Federal Contract Tower,11,1,136,0,148,0,10,218,0,228,11,11,354,0,376,156,0,156,532
09/05/2020,MLB,FL,ASO,ES,Federal Contract Tower,10,1,60,0,71,0,1,146,0,147,10,2,206,0,218,68,0,68,286
09/06/2020,MLB,FL,ASO,ES,Federal Contract Tower,9,2,22,0,33,0,5,28,0,33,9,7,50,0,66,78,0,78,144
09/07/2020,MLB,FL,ASO,ES,Federal Contract Tower,9,2,39,0,50,0,7,65,0,72,9,9,104,0,122,138,0,138,260
09/08/2020,MLB,FL,ASO,ES,Federal Contract Tower,7,12,86,0,105,0,5,113,0,118,7,17,199,0,223,48,0,48,271
09/09/2020,MLB,FL,ASO,ES,Federal Contract Tower,10,2,129,0,141,0,2,170,4,176,10,4,299,4,317,132,0,132,449
09/10/2020,MLB,FL,ASO,ES,Federal Contract Tower,8,1,133,4,146,0,3,153,0,156,8,4,286,4,302,126,0,126,428
09/11/2020,MLB,FL,ASO,ES,Federal Contract Tower,10,1,124,0,135,0,3,65,0,68,10,4,189,0,203,2,0,2,205
09/12/2020,MLB,FL,ASO,ES,Federal Contract Tower,9,1,23,0,33,0,3,12,0,15,9,4,35,0,48,28,0,28,76
09/13/2020,MLB,FL,ASO,ES,Federal Contract Tower,8,0,29,0,37,0,4,35,0,39,8,4,64,0,76,32,0,32,108
09/14/2020,MLB,FL,ASO,ES,Federal Contract Tower,8,4,147,0,159,0,6,184,0,190,8,10,331,0,349,120,0,120,469
09/15/2020,MLB,FL,ASO,ES,Federal Contract Tower,9,5,124,0,138,0,9,185,1,195,9,14,309,1,333,48,0,48,381
09/16/2020,MLB,FL,ASO,ES,Federal Contract Tower,13,6,88,0,107,0,4,150,0,154,13,10,238,0,261,76,0,76,337
09/17/2020,MLB,FL,ASO,ES,Federal Contract Tower,10,6,96,0,112,0,0,170,0,170,10,6,266,0,282,88,0,88,370
09/18/2020,MLB,FL,ASO,ES,Federal Contract Tower,10,2,87,0,99,0,3,89,0,92,10,5,176,0,191,70,0,70,261
09/19/2020,MLB,FL,ASO,ES,Federal Contract Tower,8,2,72,0,82,0,5,191,0,196,8,7,263,0,278,109,6,115,393
09/20/2020,MLB,FL,ASO,ES,Federal Contract Tower,8,1,33,0,42,0,2,11,0,13,8,3,44,0,55,20,0,20,75
09/21/2020,MLB,FL,ASO,ES,Federal Contract Tower,9,0,33,0,42,0,5,16,4,25,9,5,49,4,67,26,0,26,93
09/22/2020,MLB,FL,ASO,ES,Federal Contract Tower,9,3,104,0,116,0,3,127,0,130,9,6,231,0,246,102,0,102,348
09/23/2020,MLB,FL,ASO,ES,Federal Contract Tower,9,0,119,2,130,0,4,280,0,284,9,4,399,2,414,180,2,182,596
09/24/2020,MLB,FL,ASO,ES,Federal Contract Tower,9,4,151,18,182,0,4,205,0,209,9,8,356,18,391,129,0,129,520
09/25/2020,MLB,FL,ASO,ES,Federal Contract Tower,11,7,75,0,93,0,0,100,0,100,11,7,175,0,193,62,0,62,255
09/26/2020,MLB,FL,ASO,ES,Federal Contract Tower,5,3,52,0,60,0,6,196,0,202,5,9,248,0,262,180,0,180,442
09/27/2020,MLB,FL,ASO,ES,Federal Contract Tower,10,5,32,0,47,0,0,87,0,87,10,5,119,0,134,56,0,56,190
09/28/2020,MLB,FL,ASO,ES,Federal Contract Tower,8,6,86,0,100,0,0,107,0,107,8,6,193,0,207,168,0,168,375
09/29/2020,MLB,FL,ASO,ES,Federal Contract Tower,9,1,113,0,123,0,2,122,3,127,9,3,235,3,250,66,0,66,316
09/30/2020,MLB,FL,ASO,ES,Federal Contract Tower,5,2,130,0,137,0,0,84,1,85,5,2,214,1,222,14,0,14,236
10/01/2020,MLB,FL,ASO,ES,Federal Contract Tower,10,2,113,0,125,0,5,173,0,178,10,7,286,0,303,160,0,160,463
10/02/2020,MLB,FL,ASO,ES,Federal Contract Tower,9,1,75,2,87,0,3,98,0,101,9,4,173,2,188,48,0,48,236
10/03/2020,MLB,FL,ASO,ES,Federal Contract Tower,11,2,34,0,47,0,0,13,0,13,11,2,47,0,60,8,0,8,68
10/04/2020,MLB,FL,ASO,ES,Federal Contract Tower,11,2,56,0,69,0,4,51,0,55,11,6,107,0,124,22,0,22,146
10/05/2020,MLB,FL,ASO,ES,Federal Contract Tower,10,4,98,1,113,0,6,89,0,95,10,10,187,1,208,102,0,102,310
10/06/2020,MLB,FL,ASO,ES,Federal Contract Tower,10,3,139,1,153,0,3,166,0,169,10,6,305,1,322,179,16,195,517
10/07/2020,MLB,FL,ASO,ES,Federal Contract Tower,10,1,135,2,148,0,2,241,0,243,10,3,376,2,391,198,0,198,589
10/08/2020,MLB,FL,ASO,ES,Federal Contract Tower,14,2,166,0,182,0,1,265,0,266,14,3,431,0,448,280,0,280,728
10/09/2020,MLB,FL,ASO,ES,Federal Contract Tower,11,2,113,0,126,0,8,190,0,198,11,10,303,0,324,80,0,80,404
10/10/2020,MLB,FL,ASO,ES,Federal Contract Tower,14,4,42,0,60,0,2,62,0,64,14,6,104,0,124,32,0,32,156
10/11/2020,MLB,FL,ASO,ES,Federal Contract Tower,11,1,38,0,50,0,6,85,0,91,11,7,123,0,141,30,0,30,171
10/12/2020,MLB,FL,ASO,ES,Federal Contract Tower,16,5,80,0,101,0,5,99,0,104,16,10,179,0,205,120,0,120,325
10/13/2020,MLB,FL,ASO,ES,Federal Contract Tower,11,2,135,0,148,0,1,269,0,270,11,3,404,0,418,186,0,186,604
10/14/2020,MLB,FL,ASO,ES,Federal Contract Tower,8,2,113,2,125,0,5,265,0,270,8,7,378,2,395,137,0,137,532
10/15/2020,MLB,FL,ASO,ES,Federal Contract Tower,12,2,121,3,138,0,6,294,0,300,12,8,415,3,438,224,0,224,662
10/16/2020,MLB,FL,ASO,ES,Federal Contract Tower,12,3,106,6,127,0,2,171,0,173,12,5,277,6,300,172,0,172,472
10/17/2020,MLB,FL,ASO,ES,Federal Contract Tower,11,3,53,1,68,0,5,121,4,130,11,8,174,5,198,88,0,88,286
10/18/2020,MLB,FL,ASO,ES,Federal Contract Tower,13,2,47,0,62,0,2,56,0,58,13,4,103,0,120,2,0,2,122
10/19/2020,MLB,FL,ASO,ES,Federal Contract Tower,11,0,68,0,79,0,2,33,0,35,11,2,101,0,114,54,0,54,168
10/20/2020,MLB,FL,ASO,ES,Federal Contract Tower,10,3,122,0,135,0,2,72,2,76,10,5,194,2,211,138,0,138,349
10/21/2020,MLB,FL,ASO,ES,Federal Contract Tower,10,1,90,0,101,0,5,53,0,58,10,6,143,0,159,92,0,92,251
10/22/2020,MLB,FL,ASO,ES,Federal Contract Tower,9,6,139,8,162,0,1,136,2,139,9,7,275,10,301,128,0,128,429
10/23/2020,MLB,FL,ASO,ES,Federal Contract Tower,12,5,148,7,172,0,3,100,0,103,12,8,248,7,275,90,0,90,365
10/24/2020,MLB,FL,ASO,ES,Federal Contract Tower,14,4,71,4,93,0,8,186,1,195,14,12,257,5,288,138,0,138,426
10/25/2020,MLB,FL,ASO,ES,Federal Contract Tower,13,2,20,1,36,0,0,40,0,40,13,2,60,1,76,8,0,8,84
10/26/2020,MLB,FL,ASO,ES,Federal Contract Tower,12,2,125,1,140,0,8,192,0,200,12,10,317,1,340,196,0,196,536
10/27/2020,MLB,FL,ASO,ES,Federal Contract Tower,10,9,102,4,125,0,4,211,0,215,10,13,313,4,340,273,0,273,613
10/28/2020,MLB,FL,ASO,ES,Federal Contract Tower,9,8,138,3,158,0,0,200,0,200,9,8,338,3,358,175,0,175,533
10/29/2020,MLB,FL,ASO,ES,Federal Contract Tower,11,1,119,4,135,0,4,198,3,205,11,5,317,7,340,83,7,90,430
10/30/2020,MLB,FL,ASO,ES,Federal Contract Tower,11,0,91,2,104,0,6,207,0,213,11,6,298,2,317,139,2,141,458
10/31/2020,MLB,FL,ASO,ES,Federal Contract Tower,12,9,48,0,69,0,2,145,3,150,12,11,193,3,219,138,0,138,357
11/01/2020,MLB,FL,ASO,ES,Federal Contract Tower,12,8,40,0,60,0,2,25,0,27,12,10,65,0,87,36,0,36,123
11/02/2020,MLB,FL,ASO,ES,Federal Contract Tower,10,2,44,0,56,0,5,19,0,24,10,7,63,0,80,6,0,6,86
11/03/2020,MLB,FL,ASO,ES,Federal Contract Tower,10,1,115,0,126,0,2,169,0,171,10,3,284,0,297,156,0,156,453
11/04/2020,MLB,FL,ASO,ES,Federal Contract Tower,7,3,99,0,109,0,5,111,0,116,7,8,210,0,225,62,0,62,287
11/05/2020,MLB,FL,ASO,ES,Federal Contract Tower,12,5,58,1,76,0,2,65,1,68,12,7,123,2,144,48,0,48,192
11/06/2020,MLB,FL,ASO,ES,Federal Contract Tower,13,9,55,0,77,0,2,93,0,95,13,11,148,0,172,90,0,90,262
11/07/2020,MLB,FL,ASO,ES,Federal Contract Tower,15,5,46,4,70,0,2,44,0,46,15,7,90,4,116,26,8,34,150
11/08/2020,MLB,FL,ASO,ES,Federal Contract Tower,15,16,13,0,44,0,0,9,0,9,15,16,22,0,53,12,16,28,81
11/09/2020,MLB,FL,ASO,ES,Federal Contract Tower,16,13,11,0,40,0,0,0,0,0,16,13,11,0,40,0,0,0,40
11/10/2020,MLB,FL,ASO,ES,Federal Contract Tower,9,6,58,0,73,0,0,29,0,29,9,6,87,0,102,52,0,52,154
11/11/2020,MLB,FL,ASO,ES,Federal Contract Tower,13,6,50,0,69,0,2,62,0,64,13,8,112,0,133,74,0,74,207
11/12/2020,MLB,FL,ASO,ES,Federal Contract Tower,15,14,62,0,91,0,7,43,0,50,15,21,105,0,141,46,0,46,187
11/13/2020,MLB,FL,ASO,ES,Federal Contract Tower,11,1,86,2,100,0,9,130,0,139,11,10,216,2,239,210,0,210,449
11/14/2020,MLB,FL,ASO,ES,Federal Contract Tower,14,4,68,0,86,0,6,108,0,114,14,10,176,0,200,32,0,32,232
11/15/2020,MLB,FL,ASO,ES,Federal Contract Tower,15,4,41,0,60,0,2,43,0,45,15,6,84,0,105,24,0,24,129
11/16/2020,MLB,FL,ASO,ES,Federal Contract Tower,14,3,120,0,137,0,6,204,0,210,14,9,324,0,347,138,0,138,485
11/17/2020,MLB,FL,ASO,ES,Federal Contract Tower,9,8,73,0,90,0,4,173,0,177,9,12,246,0,267,102,0,102,369
11/18/2020,MLB,FL,ASO,ES,Federal Contract Tower,10,2,84,2,98,0,7,83,1,91,10,9,167,3,189,52,0,52,241
11/19/2020,MLB,FL,ASO,ES,Federal Contract Tower,14,3,69,10,96,0,3,88,0,91,14,6,157,10,187,94,0,94,281
11/20/2020,MLB,FL,ASO,ES,Federal Contract Tower,12,7,106,0,125,0,4,181,0,185,12,11,287,0,310,4,0,4,314
11/21/2020,MLB,FL,ASO,ES,Federal Contract Tower,16,7,65,0,88,0,2,34,0,36,16,9,99,0,124,18,0,18,142
11/22/2020,MLB,FL,ASO,ES,Federal Contract Tower,13,9,32,2,56,0,1,11,0,12,13,10,43,2,68,16,0,16,84
11/23/2020,MLB,FL,ASO,ES,Federal Contract Tower,8,4,96,1,109,0,7,84,2,93,8,11,180,3,202,72,0,72,274
11/24/2020,MLB,FL,ASO,ES,Federal Contract Tower,14,6,86,3,109,0,1,267,0,268,14,7,353,3,377,218,2,220,597
11/25/2020,MLB,FL,ASO,ES,Federal Contract Tower,14,10,131,0,155,0,6,212,0,218,14,16,343,0,373,160,0,160,533
11/26/2020,MLB,FL,ASO,ES,Federal Contract Tower,5,3,11,0,19,0,7,37,0,44,5,10,48,0,63,8,0,8,71
11/27/2020,MLB,FL,ASO,ES,Federal Contract Tower,14,1,49,0,64,0,7,75,0,82,14,8,124,0,146,56,0,56,202
11/28/2020,MLB,FL,ASO,ES,Federal Contract Tower,12,1,53,0,66,0,6,211,0,217,12,7,264,0,283,154,0,154,437
11/29/2020,MLB,FL,ASO,ES,Federal Contract Tower,15,11,59,0,85,0,4,95,0,99,15,15,154,0,184,48,0,48,232
11/30/2020,MLB,FL,ASO,ES,Federal Contract Tower,12,4,57,0,73,0,3,51,0,54,12,7,108,0,127,40,0,40,167
12/01/2020,MLB,FL,ASO,ES,Federal Contract Tower,18,3,76,2,99,0,6,190,0,196,18,9,266,2,295,142,0,142,437
12/02/2020,MLB,FL,ASO,ES,Federal Contract Tower,11,2,99,0,112,0,10,201,0,211,11,12,300,0,323,258,0,258,581
12/03/2020,MLB,FL,ASO,ES,Federal Contract Tower,15,4,105,0,124,0,5,250,0,255,15,9,355,0,379,234,0,234,613
12/04/2020,MLB,FL,ASO,ES,Federal Contract Tower,16,4,131,1,152,0,6,214,16,236,16,10,345,17,388,284,0,284,672
12/05/2020,MLB,FL,ASO,ES,Federal Contract Tower,10,2,76,0,88,0,3,89,0,92,10,5,165,0,180,50,0,50,230
12/06/2020,MLB,FL,ASO,ES,Federal Contract Tower,13,5,57,0,75,0,6,84,0,90,13,11,141,0,165,14,0,14,179
12/07/2020,MLB,FL,ASO,ES,Federal Contract Tower,11,5,76,2,94,0,3,37,0,40,11,8,113,2,134,6,0,6,140
12/08/2020,MLB,FL,ASO,ES,Federal Contract Tower,9,2,133,1,145,0,6,229,4,239,9,8,362,5,384,162,1,163,547
12/09/2020,MLB,FL,ASO,ES,Federal Contract Tower,13,7,104,0,124,0,6,203,0,209,13,13,307,0,333,178,0,178,511
12/10/2020,MLB,FL,ASO,ES,Federal Contract Tower,15,3,97,1,116,0,4,232,0,236,15,7,329,1,352,186,0,186,538
12/11/2020,MLB,FL,ASO,ES,Federal Contract Tower,20,4,105,9,138,0,16,218,0,234,20,20,323,9,372,204,0,204,576
12/12/2020,MLB,FL,ASO,ES,Federal Contract Tower,14,5,72,2,93,0,0,118,2,120,14,5,190,4,213,106,1,107,320
12/13/2020,MLB,FL,ASO,ES,Federal Contract Tower,12,0,40,0,52,0,4,97,1,102,12,4,137,1,154,40,0,40,194
12/14/2020,MLB,FL,ASO,ES,Federal Contract Tower,13,3,77,2,95,0,7,112,0,119,13,10,189,2,214,76,4,80,294
12/15/2020,MLB,FL,ASO,ES,Federal Contract Tower,11,1,105,0,117,0,1,50,0,51,11,2,155,0,168,56,0,56,224
12/16/2020,MLB,FL,ASO,ES,Federal Contract Tower,11,0,105,0,116,0,0,102,0,102,11,0,207,0,218,38,0,38,256
12/17/2020,MLB,FL,ASO,ES,Federal Contract Tower,15,4,104,0,123,0,1,97,0,98,15,5,201,0,221,60,14,74,295
12/18/2020,MLB,FL,ASO,ES,Federal Contract Tower,13,0,89,0,102,0,9,191,0,200,13,9,280,0,302,184,0,184,486
12/19/2020,MLB,FL,ASO,ES,Federal Contract Tower,13,4,80,0,97,0,2,141,0,143,13,6,221,0,240,76,0,76,316
12/20/2020,MLB,FL,ASO,ES,Federal Contract Tower,14,1,57,0,72,0,0,75,0,75,14,1,132,0,147,22,0,22,169
12/21/2020,MLB,FL,ASO,ES,Federal Contract Tower,15,5,86,0,106,0,5,113,0,118,15,10,199,0,224,84,0,84,308
12/22/2020,MLB,FL,ASO,ES,Federal Contract Tower,12,4,67,0,83,0,4,154,0,158,12,8,221,0,241,68,0,68,309
12/23/2020,MLB,FL,ASO,ES,Federal Contract Tower,15,0,73,0,88,0,2,153,0,155,15,2,226,0,243,148,0,148,391
12/24/2020,MLB,FL,ASO,ES,Federal Contract Tower,5,2,18,0,25,0,3,32,0,35,5,5,50,0,60,7,0,7,67
12/25/2020,MLB,FL,ASO,ES,Federal Contract Tower,9,1,6,0,16,0,1,1,0,2,9,2,7,0,18,0,0,0,18
12/26/2020,MLB,FL,ASO,ES,Federal Contract Tower,16,6,28,0,50,0,4,63,0,67,16,10,91,0,117,24,0,24,141
12/27/2020,MLB,FL,ASO,ES,Federal Contract Tower,13,2,33,0,48,0,7,84,0,91,13,9,117,0,139,68,0,68,207
12/28/2020,MLB,FL,ASO,ES,Federal Contract Tower,14,8,78,0,100,0,6,96,0,102,14,14,174,0,202,56,0,56,258
12/29/2020,MLB,FL,ASO,ES,Federal Contract Tower,16,10,74,0,100,0,2,147,0,149,16,12,221,0,249,116,0,116,365
12/30/2020,MLB,FL,ASO,ES,Federal Contract Tower,15,12,43,3,73,0,5,121,1,127,15,17,164,4,200,108,0,108,308
12/31/2020,MLB,FL,ASO,ES,Federal Contract Tower,10,1,55,0,66,0,5,67,0,72,10,6,122,0,138,25,0,25,163
01/01/2021,MLB,FL,ASO,ES,Federal Contract Tower,13,0,32,0,45,0,4,33,0,37,13,4,65,0,82,2,0,2,84
01/02/2021,MLB,FL,ASO,ES,Federal Contract Tower,11,3,28,0,42,0,2,46,0,48,11,5,74,0,90,0,0,0,90
01/03/2021,MLB,FL,ASO,ES,Federal Contract Tower,14,2,43,0,59,0,0,57,0,57,14,2,100,0,116,18,0,18,134
01/04/2021,MLB,FL,ASO,ES,Federal Contract Tower,12,0,62,0,74,0,5,133,0,138,12,5,195,0,212,94,0,94,306
01/05/2021,MLB,FL,ASO,ES,Federal Contract Tower,13,2,96,0,111,0,6,140,0,146,13,8,236,0,257,66,0,66,323
01/06/2021,MLB,FL,ASO,ES,Federal Contract Tower,12,1,93,2,108,0,1,145,1,147,12,2,238,3,255,130,0,130,385
01/07/2021,MLB,FL,ASO,ES,Federal Contract Tower,16,10,72,0,98,0,0,123,0,123,16,10,195,0,221,54,0,54,275
01/08/2021,MLB,FL,ASO,ES,Federal Contract Tower,15,4,65,13,97,0,1,82,3,86,15,5,147,16,183,61,0,61,244
01/09/2021,MLB,FL,ASO,ES,Federal Contract Tower,10,5,51,0,66,0,2,93,0,95,10,7,144,0,161,92,0,92,253
01/10/2021,MLB,FL,ASO,ES,Federal Contract Tower,14,6,40,0,60,0,2,97,0,99,14,8,137,0,159,42,0,42,201
01/11/2021,MLB,FL,ASO,ES,Federal Contract Tower,17,4,89,8,118,0,5,124,0,129,17,9,213,8,247,60,0,60,307
01/12/2021,MLB,FL,ASO,ES,Federal Contract Tower,12,8,87,0,107,0,3,75,0,78,12,11,162,0,185,48,4,52,237
01/13/2021,MLB,FL,ASO,ES,Federal Contract Tower,14,4,95,0,113,0,7,87,0,94,14,11,182,0,207,65,0,65,272
01/14/2021,MLB,FL,ASO,ES,Federal Contract Tower,16,5,75,1,97,0,1,149,0,150,16,6,224,1,247,170,0,170,417
01/15/2021,MLB,FL,ASO,ES,Federal Contract Tower,17,13,96,0,126,0,5,149,0,154,17,18,245,0,280,126,0,126,406
01/16/2021,MLB,FL,ASO,ES,Federal Contract Tower,10,1,40,0,51,0,6,76,0,82,10,7,116,0,133,116,0,116,249
01/17/2021,MLB,FL,ASO,ES,Federal Contract Tower,13,7,48,0,68,0,2,88,0,90,13,9,136,0,158,20,0,20,178
01/18/2021,MLB,FL,ASO,ES,Federal Contract Tower,14,6,77,0,97,0,3,157,0,160,14,9,234,0,257,82,0,82,339
01/19/2021,MLB,FL,ASO,ES,Federal Contract Tower,10,4,98,1,113,0,7,173,2,182,10,11,271,3,295,70,0,70,365
01/20/2021,MLB,FL,ASO,ES,Federal Contract Tower,15,6,95,0,116,0,12,201,0,213,15,18,296,0,329,176,0,176,505
01/21/2021,MLB,FL,ASO,ES,Federal Contract Tower,13,5,77,12,107,0,2,190,0,192,13,7,267,12,299,99,14,113,412
01/22/2021,MLB,FL,ASO,ES,Federal Contract Tower,15,5,79,8,107,0,10,215,0,225,15,15,294,8,332,148,0,148,480
01/23/2021,MLB,FL,ASO,ES,Federal Contract Tower,9,7,46,0,62,0,2,56,0,58,9,9,102,0,120,38,0,38,158
01/24/2021,MLB,FL,ASO,ES,Federal Contract Tower,13,6,54,0,73,0,2,73,0,75,13,8,127,0,148,106,0,106,254
01/25/2021,MLB,FL,ASO,ES,Federal Contract Tower,12,7,102,1,122,0,3,162,0,165,12,10,264,1,287,110,0,110,397
01/26/2021,MLB,FL,ASO,ES,Federal Contract Tower,11,10,84,12,117,0,0,89,0,89,11,10,173,12,206,63,8,71,277
01/27/2021,MLB,FL,ASO,ES,Federal Contract Tower,12,9,107,0,128,0,3,117,1,121,12,12,224,1,249,154,0,154,403
01/28/2021,MLB,FL,ASO,ES,Federal Contract Tower,9,13,81,0,103,0,5,81,0,86,9,18,162,0,189,45,0,45,234
01/29/2021,MLB,FL,ASO,ES,Federal Contract Tower,25,12,113,0,150,0,7,250,0,257,25,19,363,0,407,170,0,170,577
01/30/2021,MLB,FL,ASO,ES,Federal Contract Tower,8,9,86,0,103,0,0,210,0,210,8,9,296,0,313,234,0,234,547
01/31/2021,MLB,FL,ASO,ES,Federal Contract Tower,12,8,50,0,70,0,0,90,0,90,12,8,140,0,160,42,0,42,202
02/01/2021,MLB,FL,ASO,ES,Federal Contract Tower,12,9,48,0,69,0,4,51,0,55,12,13,99,0,124,52,2,54,178
02/02/2021,MLB,FL,ASO,ES,Federal Contract Tower,15,10,46,0,71,0,4,51,0,55,15,14,97,0,126,50,0,50,176
02/03/2021,MLB,FL,ASO,ES,Federal Contract Tower,14,10,113,0,137,0,6,282,0,288,14,16,395,0,425,150,0,150,575
02/04/2021,MLB,FL,ASO,ES,Federal Contract Tower,16,11,130,1,158,0,0,275,0,275,16,11,405,1,433,204,0,204,637
02/05/2021,MLB,FL,ASO,ES,Federal Contract Tower,15,22,100,7,144,0,1,227,0,228,15,23,327,7,372,72,0,72,444
02/06/2021,MLB,FL,ASO,ES,Federal Contract Tower,10,4,47,0,61,0,0,3,0,3,10,4,50,0,64,0,0,0,64
02/07/2021,MLB,FL,ASO,ES,Federal Contract Tower,9,8,27,1,45,0,0,35,0,35,9,8,62,1,80,38,0,38,118
02/08/2021,MLB,FL,ASO,ES,Federal Contract Tower,16,11,78,0,105,0,0,4,0,4,16,11,82,0,109,14,0,14,123
02/09/2021,MLB,FL,ASO,ES,Federal Contract Tower,15,5,108,0,128,0,1,111,0,112,15,6,219,0,240,72,0,72,312
02/10/2021,MLB,FL,ASO,ES,Federal Contract Tower,15,6,153,1,175,0,6,239,0,245,15,12,392,1,420,224,0,224,644
02/11/2021,MLB,FL,ASO,ES,Federal Contract Tower,16,11,80,0,107,0,0,182,0,182,16,11,262,0,289,162,0,162,451
02/12/2021,MLB,FL,ASO,ES,Federal Contract Tower,15,10,116,28,169,0,3,184,0,187,15,13,300,28,356,150,0,150,506
02/13/2021,MLB,FL,ASO,ES,Federal Contract Tower,13,9,40,0,62,0,0,55,0,55,13,9,95,0,117,12,0,12,129
02/14/2021,MLB,FL,ASO,ES,Federal Contract Tower,12,1,21,0,34,0,0,43,0,43,12,1,64,0,77,32,0,32,109
02/15/2021,MLB,FL,ASO,ES,Federal Contract Tower,12,4,80,0,96,0,0,80,0,80,12,4,160,0,176,46,0,46,222
02/16/2021,MLB,FL,ASO,ES,Federal Contract Tower,10,9,107,7,133,0,1,104,2,107,10,10,211,9,240,77,0,77,317
02/17/2021,MLB,FL,ASO,ES,Federal Contract Tower,12,11,79,1,103,0,0,1,0,1,12,11,80,1,104,0,0,0,104
02/18/2021,MLB,FL,ASO,ES,Federal Contract Tower,17,8,94,1,120,0,2,224,0,226,17,10,318,1,346,88,0,88,434
02/19/2021,MLB,FL,ASO,ES,Federal Contract Tower,16,11,45,2,74,0,5,28,0,33,16,16,73,2,107,36,0,36,143
02/20/2021,MLB,FL,ASO,ES,Federal Contract Tower,13,5,39,0,57,0,12,125,1,138,13,17,164,1,195,36,0,36,231
02/21/2021,MLB,FL,ASO,ES,Federal Contract Tower,18,7,58,0,83,0,0,87,0,87,18,7,145,0,170,54,0,54,224
02/22/2021,MLB,FL,ASO,ES,Federal Contract Tower,16,11,113,2,142,0,6,189,0,195,16,17,302,2,337,170,0,170,507
02/23/2021,MLB,FL,ASO,ES,Federal Contract Tower,10,13,85,0,108,0,4,213,1,218,10,17,298,1,326,206,0,206,532
02/24/2021,MLB,FL,ASO,ES,Federal Contract Tower,13,4,123,5,145,0,4,284,2,290,13,8,407,7,435,280,0,280,715
02/25/2021,MLB,FL,ASO,ES,Federal Contract Tower,15,3,70,0,88,0,4,283,0,287,15,7,353,0,375,192,0,192,567
02/26/2021,MLB,FL,ASO,ES,Federal Contract Tower,17,2,78,0,97,0,6,263,0,269,17,8,341,0,366,320,0,320,686
02/27/2021,MLB,FL,ASO,ES,Federal Contract Tower,14,4,39,0,57,0,3,194,0,197,14,7,233,0,254,156,0,156,410
02/28/2021,MLB,FL,ASO,ES,Federal Contract Tower,16,3,38,2,59,0,7,99,9,115,16,10,137,11,174,30,0,30,204
03/01/2021,MLB,FL,ASO,ES,Federal Contract Tower,14,7,53,0,74,0,2,177,0,179,14,9,230,0,253,158,8,166,419
03/02/2021,MLB,FL,ASO,ES,Federal Contract Tower,9,9,53,0,71,0,0,156,0,156,9,9,209,0,227,184,0,184,411
03/03/2021,MLB,FL,ASO,ES,Federal Contract Tower,10,6,52,0,68,0,2,76,0,78,10,8,128,0,146,24,0,24,170
03/04/2021,MLB,FL,ASO,ES,Federal Contract Tower,15,5,71,3,94,0,5,164,0,169,15,10,235,3,263,136,4,140,403
03/05/2021,MLB,FL,ASO,ES,Federal Contract Tower,20,1,93,1,115,0,1,296,1,298,20,2,389,2,413,274,0,274,687
03/06/2021,MLB,FL,ASO,ES,Federal Contract Tower,20,3,34,0,57,0,14,79,0,93,20,17,113,0,150,22,0,22,172
03/07/2021,MLB,FL,ASO,ES,Federal Contract Tower,19,2,20,1,42,0,2,26,0,28,19,4,46,1,70,0,0,0,70
03/08/2021,MLB,FL,ASO,ES,Federal Contract Tower,18,3,42,0,63,0,7,79,0,86,18,10,121,0,149,34,0,34,183
03/09/2021,MLB,FL,ASO,ES,Federal Contract Tower,12,0,80,0,92,0,2,221,0,223,12,2,301,0,315,162,0,162,477
03/10/2021,MLB,FL,ASO,ES,Federal Contract Tower,13,8,108,1,130,0,4,238,3,245,13,12,346,4,375,208,0,208,583
03/11/2021,MLB,FL,ASO,ES,Federal Contract Tower,16,6,101,0,123,0,3,272,1,276,16,9,373,1,399,230,0,230,629
03/12/2021,MLB,FL,ASO,ES,Federal Contract Tower,15,9,95,1,120,0,2,282,0,284,15,11,377,1,404,260,0,260,664
03/13/2021,MLB,FL,ASO,ES,Federal Contract Tower,22,7,72,2,103,0,2,237,0,239,22,9,309,2,342,286,0,286,628
03/14/2021,MLB,FL,ASO,ES,Federal Contract Tower,16,5,44,0,65,0,3,172,0,175,16,8,216,0,240,108,0,108,348
03/15/2021,MLB,FL,ASO,ES,Federal Contract Tower,19,7,77,0,103,0,4,202,0,206,19,11,279,0,309,292,0,292,601
03/16/2021,MLB,FL,ASO,ES,Federal Contract Tower,17,6,110,0,133,0,6,160,1,167,17,12,270,1,300,204,0,204,504
03/17/2021,MLB,FL,ASO,ES,Federal Contract Tower,17,13,125,0,155,0,3,152,0,155,17,16,277,0,310,132,0,132,442
03/18/2021,MLB,FL,ASO,ES,Federal Contract Tower,15,5,60,10,90,0,2,105,0,107,15,7,165,10,197,58,0,58,255
03/19/2021,MLB,FL,ASO,ES,Federal Contract Tower,19,6,94,1,120,0,5,203,0,208,19,11,297,1,328,178,0,178,506
03/20/2021,MLB,FL,ASO,ES,Federal Contract Tower,19,6,43,1,69,0,6,99,0,105,19,12,142,1,174,18,4,22,196
03/21/2021,MLB,FL,ASO,ES,Federal Contract Tower,15,3,55,0,73,0,2,57,0,59,15,5,112,0,132,39,0,39,171
03/22/2021,MLB,FL,ASO,ES,Federal Contract Tower,16,5,109,0,130,0,3,86,0,89,16,8,195,0,219,106,0,106,325
03/23/2021,MLB,FL,ASO,ES,Federal Contract Tower,16,11,87,0,114,0,2,296,0,298,16,13,383,0,412,334,0,334,746
03/24/2021,MLB,FL,ASO,ES,Federal Contract Tower,10,16,120,0,146,0,4,260,1,265,10,20,380,1,411,260,0,260,671
03/25/2021,MLB,FL,ASO,ES,Federal Contract Tower,19,18,116,7,160,0,2,148,0,150,19,20,264,7,310,90,8,98,408
03/26/2021,MLB,FL,ASO,ES,Federal Contract Tower,21,10,133,0,164,0,5,196,0,201,21,15,329,0,365,138,0,138,503
03/27/2021,MLB,FL,ASO,ES,Federal Contract Tower,19,6,85,2,112,0,9,195,1,205,19,15,280,3,317,150,0,150,467
03/28/2021,MLB,FL,ASO,ES,Federal Contract Tower,16,12,69,0,97,0,4,89,0,93,16,16,158,0,190,68,0,68,258
03/29/2021,MLB,FL,ASO,ES,Federal Contract Tower,23,5,114,0,142,0,5,133,1,139,23,10,247,1,281,80,0,80,361
03/30/2021,MLB,FL,ASO,ES,Federal Contract Tower,15,5,110,0,130,0,5,178,0,183,15,10,288,0,313,207,0,207,520
03/31/2021,MLB,FL,ASO,ES,Federal Contract Tower,8,5,76,0,89,0,7,125,0,132,8,12,201,0,221,177,0,177,398
04/01/2021,MLB,FL,ASO,ES,Federal Contract Tower,14,6,72,1,93,0,9,65,1,75,14,15,137,2,168,20,4,24,192
04/02/2021,MLB,FL,ASO,ES,Federal Contract Tower,16,9,40,0,65,0,10,60,0,70,16,19,100,0,135,16,0,16,151
04/03/2021,MLB,FL,ASO,ES,Federal Contract Tower,18,4,74,0,96,0,4,104,0,108,18,8,178,0,204,84,0,84,288
04/04/2021,MLB,FL,ASO,ES,Federal Contract Tower,21,1,35,0,57,0,5,129,0,134,21,6,164,0,191,116,0,116,307
04/05/2021,MLB,FL,ASO,ES,Federal Contract Tower,16,3,124,0,143,0,6,325,0,331,16,9,449,0,474,242,0,242,716
04/06/2021,MLB,FL,ASO,ES,Federal Contract Tower,9,2,84,0,95,0,5,255,2,262,9,7,339,2,357,262,0,262,619
04/07/2021,MLB,FL,ASO,ES,Federal Contract Tower,14,5,115,0,134,0,7,244,0,251,14,12,359,0,385,298,0,298,683
04/08/2021,MLB,FL,ASO,ES,Federal Contract Tower,17,0,93,2,112,0,7,234,0,241,17,7,327,2,353,265,0,265,618
04/09/2021,MLB,FL,ASO,ES,Federal Contract Tower,17,4,74,0,95,0,5,276,0,281,17,9,350,0,376,214,4,218,594
04/10/2021,MLB,FL,ASO,ES,Federal Contract Tower,15,3,24,1,43,0,6,103,0,109,15,9,127,1,152,46,0,46,198
04/11/2021,MLB,FL,ASO,ES,Federal Contract Tower,14,7,21,0,42,0,0,38,0,38,14,7,59,0,80,16,0,16,96
04/12/2021,MLB,FL,ASO,ES,Federal Contract Tower,20,3,91,0,114,0,3,226,0,229,20,6,317,0,343,232,0,232,575
04/13/2021,MLB,FL,ASO,ES,Federal Contract Tower,11,11,81,3,106,0,4,236,0,240,11,15,317,3,346,364,0,364,710
04/14/2021,MLB,FL,ASO,ES,Federal Contract Tower,12,9,115,1,137,0,4,206,0,210,12,13,321,1,347,296,0,296,643
04/16/2021,MLB,FL,ASO,ES,Federal Contract Tower,18,9,77,8,112,0,2,173,0,175,18,11,250,8,287,190,0,190,477
04/18/2021,MLB,FL,ASO,ES,Federal Contract Tower,18,1,37,6,62,0,5,90,0,95,18,6,127,6,157,78,0,78,235
04/19/2021,MLB,FL,ASO,ES,Federal Contract Tower,13,15,38,4,70,0,5,28,0,33,13,20,66,4,103,26,0,26,129
04/20/2021,MLB,FL,ASO,ES,Federal Contract Tower,11,5,48,0,64,0,0,19,0,19,11,5,67,0,83,18,0,18,101
04/21/2021,MLB,FL,ASO,ES,Federal Contract Tower,15,6,141,2,164,0,7,179,0,186,15,13,320,2,350,178,0,178,528
04/22/2021,MLB,FL,ASO,ES,Federal Contract Tower,19,8,133,2,162,0,4,206,0,210,19,12,339,2,372,97,15,112,484
04/23/2021,MLB,FL,ASO,ES,Federal Contract Tower,18,6,105,0,129,0,8,232,0,240,18,14,337,0,369,190,0,190,559
04/24/2021,MLB,FL,ASO,ES,Federal Contract Tower,19,7,45,1,72,0,0,70,0,70,19,7,115,1,142,24,0,24,166
04/25/2021,MLB,FL,ASO,ES,Federal Contract Tower,15,7,37,0,59,0,4,54,0,58,15,11,91,0,117,9,0,9,126
04/26/2021,MLB,FL,ASO,ES,Federal Contract Tower,13,8,94,3,118,0,8,196,0,204,13,16,290,3,322,162,0,162,484
04/27/2021,MLB,FL,ASO,ES,Federal Contract Tower,11,10,113,0,134,0,4,208,0,212,11,14,321,0,346,200,0,200,546
04/28/2021,MLB,FL,ASO,ES,Federal Contract Tower,15,5,143,0,163,0,2,245,0,247,15,7,388,0,410,258,0,258,668
04/29/2021,MLB,FL,ASO,ES,Federal Contract Tower,16,12,148,0,176,0,5,190,0,195,16,17,338,0,371,142,0,142,513
04/30/2021,MLB,FL,ASO,ES,Federal Contract Tower,15,4,80,1,100,0,6,191,5,202,15,10,271,6,302,118,0,118,420
05/01/2021,MLB,FL,ASO,ES,Federal Contract Tower,20,4,75,0,99,0,7,142,0,149,20,11,217,0,248,216,0,216,464
05/02/2021,MLB,FL,ASO,ES,Federal Contract Tower,17,9,68,4,98,0,4,98,4,106,17,13,166,8,204,78,0,78,282
05/03/2021,MLB,FL,ASO,ES,Federal Contract Tower,19,10,53,12,94,0,8,119,0,127,19,18,172,12,221,70,0,70,291
05/04/2021,MLB,FL,ASO,ES,Federal Contract Tower,10,9,76,0,95,0,4,131,0,135,10,13,207,0,230,126,0,126,356
05/05/2021,MLB,FL,ASO,ES,Federal Contract Tower,16,6,118,0,140,0,4,212,0,216,16,10,330,0,356,162,0,162,518
05/06/2021,MLB,FL,ASO,ES,Federal Contract Tower,12,5,64,0,81,0,7,117,0,124,12,12,181,0,205,124,0,124,329
05/07/2021,MLB,FL,ASO,ES,Federal Contract Tower,15,13,137,3,168,0,2,198,6,206,15,15,335,9,374,150,0,150,524
05/08/2021,MLB,FL,ASO,ES,Federal Contract Tower,14,16,79,0,109,0,5,170,0,175,14,21,249,0,284,84,0,84,368
05/09/2021,MLB,FL,ASO,ES,Federal Contract Tower,14,1,41,2,58,0,4,96,8,108,14,5,137,10,166,68,0,68,234
05/10/2021,MLB,FL,ASO,ES,Federal Contract Tower,12,3,86,0,101,0,2,130,0,132,12,5,216,0,233,120,0,120,353
05/11/2021,MLB,FL,ASO,ES,Federal Contract Tower,15,6,112,0,133,0,4,189,0,193,15,10,301,0,326,270,0,270,596
05/12/2021,MLB,FL,ASO,ES,Federal Contract Tower,15,2,94,2,113,0,8,143,3,154,15,10,237,5,267,112,0,112,379
05/13/2021,MLB,FL,ASO,ES,Federal Contract Tower,17,13,79,3,112,0,2,75,0,77,17,15,154,3,189,50,0,50,239
05/14/2021,MLB,FL,ASO,ES,Federal Contract Tower,24,8,29,6,67,0,10,77,0,87,24,18,106,6,154,10,0,10,164
05/15/2021,MLB,FL,ASO,ES,Federal Contract Tower,11,0,45,3,59,0,3,44,0,47,11,3,89,3,106,16,0,16,122
05/16/2021,MLB,FL,ASO,ES,Federal Contract Tower,14,7,30,6,57,0,4,33,0,37,14,11,63,6,94,8,0,8,102
05/17/2021,MLB,FL,ASO,ES,Federal Contract Tower,17,9,51,3,80,0,9,163,0,172,17,18,214,3,252,100,0,100,352
05/18/2021,MLB,FL,ASO,ES,Federal Contract Tower,13,3,74,0,90,0,4,140,0,144,13,7,214,0,234,164,0,164,398
05/19/2021,MLB,FL,ASO,ES,Federal Contract Tower,20,8,90,0,118,0,2,106,0,108,20,10,196,0,226,86,0,86,312
05/20/2021,MLB,FL,ASO,ES,Federal Contract Tower,14,7,67,5,93,0,6,88,1,95,14,13,155,6,188,60,0,60,248
05/21/2021,MLB,FL,ASO,ES,Federal Contract Tower,19,3,87,10,119,0,9,119,0,128,19,12,206,10,247,42,0,42,289
05/22/2021,MLB,FL,ASO,ES,Federal Contract Tower,15,3,81,0,99,0,2,119,0,121,15,5,200,0,220,106,0,106,326
05/23/2021,MLB,FL,ASO,ES,Federal Contract Tower,18,2,75,6,101,0,3,199,0,202,18,5,274,6,303,110,0,110,413
05/24/2021,MLB,FL,ASO,ES,Federal Contract Tower,16,6,119,3,144,0,4,278,0,282,16,10,397,3,426,354,0,354,780
05/25/2021,MLB,FL,ASO,ES,Federal Contract Tower,15,2,88,0,105,0,2,276,2,280,15,4,364,2,385,288,0,288,673
05/26/2021,MLB,FL,ASO,ES,Federal Contract Tower,15,13,89,0,117,0,5,275,1,281,15,18,364,1,398,282,0,282,680
05/27/2021,MLB,FL,ASO,ES,Federal Contract Tower,20,4,116,0,140,0,2,249,0,251,20,6,365,0,391,286,0,286,677
05/28/2021,MLB,FL,ASO,ES,Federal Contract Tower,21,1,113,3,138,0,6,227,0,233,21,7,340,3,371,160,0,160,531
05/29/2021,MLB,FL,ASO,ES,Federal Contract Tower,16,1,60,1,78,0,0,153,0,153,16,1,213,1,231,122,0,122,353
05/30/2021,MLB,FL,ASO,ES,Federal Contract Tower,17,4,36,0,57,0,1,95,0,96,17,5,131,0,153,48,0,48,201
05/31/2021,MLB,FL,ASO,ES,Federal Contract Tower,15,7,0,0,22,0,4,106,0,110,15,11,106,0,132,151,0,151,283
06/01/2021,MLB,FL,ASO,ES,Federal Contract Tower,19,2,61,4,86,0,3,163,0,166,19,5,224,4,252,378,2,380,632
06/02/2021,MLB,FL,ASO,ES,Federal Contract Tower,13,2,71,0,86,0,4,84,0,88,13,6,155,0,174,108,0,108,282
06/03/2021,MLB,FL,ASO,ES,Federal Contract Tower,14,3,79,0,96,0,6,122,0,128,14,9,201,0,224,176,0,176,400
06/04/2021,MLB,FL,ASO,ES,Federal Contract Tower,14,4,78,2,98,0,2,115,1,118,14,6,193,3,216,114,0,114,330
06/05/2021,MLB,FL,ASO,ES,Federal Contract Tower,16,5,70,0,91,0,3,130,0,133,16,8,200,0,224,126,0,126,350
06/06/2021,MLB,FL,ASO,ES,Federal Contract Tower,15,5,81,2,103,0,4,88,0,92,15,9,169,2,195,56,0,56,251
06/07/2021,MLB,FL,ASO,ES,Federal Contract Tower,11,6,91,0,108,0,2,258,0,260,11,8,349,0,368,202,0,202,570
06/08/2021,MLB,FL,ASO,ES,Federal Contract Tower,11,6,102,10,129,0,2,169,1,172,11,8,271,11,301,118,0,118,419
06/09/2021,MLB,FL,ASO,ES,Federal Contract Tower,19,6,86,0,111,0,2,239,0,241,19,8,325,0,352,256,0,256,608
06/10/2021,MLB,FL,ASO,ES,Federal Contract Tower,13,11,99,0,123,0,5,260,0,265,13,16,359,0,388,310,0,310,698
06/11/2021,MLB,FL,ASO,ES,Federal Contract Tower,16,2,91,0,109,0,6,262,2,270,16,8,353,2,379,247,0,247,626
06/12/2021,MLB,FL,ASO,ES,Federal Contract Tower,16,6,77,0,99,0,2,162,0,164,16,8,239,0,263,104,0,104,367
06/13/2021,MLB,FL,ASO,ES,Federal Contract Tower,14,4,42,1,61,0,0,119,0,119,14,4,161,1,180,66,0,66,246
06/14/2021,MLB,FL,ASO,ES,Federal Contract Tower,14,3,57,0,74,0,1,125,0,126,14,4,182,0,200,114,0,114,314
06/15/2021,MLB,FL,ASO,ES,Federal Contract Tower,15,8,54,0,77,0,1,71,0,72,15,9,125,0,149,80,0,80,229
06/16/2021,MLB,FL,ASO,ES,Federal Contract Tower,12,5,60,0,77,0,0,137,0,137,12,5,197,0,214,208,0,208,422
06/17/2021,MLB,FL,ASO,ES,Federal Contract Tower,8,2,69,1,80,0,17,195,0,212,8,19,264,1,292,253,0,253,545
06/18/2021,MLB,FL,ASO,ES,Federal Contract Tower,19,3,60,0,82,0,1,336,0,337,19,4,396,0,419,214,0,214,633
06/19/2021,MLB,FL,ASO,ES,Federal Contract Tower,14,3,68,0,85,0,0,145,10,155,14,3,213,10,240,0,0,0,240
06/20/2021,MLB,FL,ASO,ES,Federal Contract Tower,15,2,46,0,63,0,4,66,0,70,15,6,112,0,133,60,0,60,193
06/21/2021,MLB,FL,ASO,ES,Federal Contract Tower,14,2,55,0,71,0,0,128,0,128,14,2,183,0,199,191,0,191,390
06/22/2021,MLB,FL,ASO,ES,Federal Contract Tower,14,3,51,1,69,0,4,98,0,102,14,7,149,1,171,89,4,93,264
06/23/2021,MLB,FL,ASO,ES,Federal Contract Tower,12,7,60,0,79,0,7,145,0,152,12,14,205,0,231,158,0,158,389
06/24/2021,MLB,FL,ASO,ES,Federal Contract Tower,18,8,88,0,114,0,1,264,1,266,18,9,352,1,380,248,0,248,628
06/25/2021,MLB,FL,ASO,ES,Federal Contract Tower,19,3,74,0,96,0,2,117,0,119,19,5,191,0,215,76,0,76,291
06/26/2021,MLB,FL,ASO,ES,Federal Contract Tower,14,3,36,0,53,0,4,124,0,128,14,7,160,0,181,136,0,136,317
06/27/2021,MLB,FL,ASO,ES,Federal Contract Tower,11,0,64,0,75,0,6,122,0,128,11,6,186,0,203,134,0,134,337
06/28/2021,MLB,FL,ASO,ES,Federal Contract Tower,12,5,85,0,102,0,3,252,0,255,12,8,337,0,357,184,0,184,541
06/29/2021,MLB,FL,ASO,ES,Federal Contract Tower,17,5,46,0,68,0,2,99,0,101,17,7,145,0,169,170,0,170,339
06/30/2021,MLB,FL,ASO,ES,Federal Contract Tower,11,13,53,1,78,0,4,116,0,120,11,17,169,1,198,80,0,80,278
07/01/2021,MLB,FL,ASO,ES,Federal Contract Tower,16,4,54,0,74,0,0,146,0,146,16,4,200,0,220,100,0,100,320
07/02/2021,MLB,FL,ASO,ES,Federal Contract Tower,18,5,105,2,130,0,5,219,0,224,18,10,324,2,354,226,0,226,580
07/03/2021,MLB,FL,ASO,ES,Federal Contract Tower,20,2,52,0,74,0,3,66,0,69,20,5,118,0,143,34,0,34,177
07/04/2021,MLB,FL,ASO,ES,Federal Contract Tower,15,1,25,0,41,0,0,79,0,79,15,1,104,0,120,44,0,44,164
07/05/2021,MLB,FL,ASO,ES,Federal Contract Tower,15,0,72,0,87,0,16,137,0,153,15,16,209,0,240,100,0,100,340
07/06/2021,MLB,FL,ASO,ES,Federal Contract Tower,16,0,51,0,67,0,1,52,0,53,16,1,103,0,120,58,0,58,178
07/07/2021,MLB,FL,ASO,ES,Federal Contract Tower,13,6,21,0,40,0,0,46,0,46,13,6,67,0,86,60,0,60,146
07/08/2021,MLB,FL,ASO,ES,Federal Contract Tower,16,5,58,0,79,0,0,176,0,176,16,5,234,0,255,174,0,174,429
07/09/2021,MLB,FL,ASO,ES,Federal Contract Tower,16,1,69,0,86,0,3,204,0,207,16,4,273,0,293,240,0,240,533
07/10/2021,MLB,FL,ASO,ES,Federal Contract Tower,16,3,64,0,83,0,1,155,0,156,16,4,219,0,239,120,0,120,359
07/11/2021,MLB,FL,ASO,ES,Federal Contract Tower,13,3,39,0,55,0,3,105,0,108,13,6,144,0,163,55,0,55,218
07/12/2021,MLB,FL,ASO,ES,Federal Contract Tower,15,5,59,0,79,0,7,141,0,148,15,12,200,0,227,126,0,126,353
07/13/2021,MLB,FL,ASO,ES,Federal Contract Tower,13,5,58,0,76,0,6,120,3,129,13,11,178,3,205,170,0,170,375
07/14/2021,MLB,FL,ASO,ES,Federal Contract Tower,14,4,101,7,126,0,3,200,4,207,14,7,301,11,333,291,14,305,638
07/15/2021,MLB,FL,ASO,ES,Federal Contract Tower,16,4,100,0,120,0,6,271,0,277,16,10,371,0,397,276,0,276,673
07/16/2021,MLB,FL,ASO,ES,Federal Contract Tower,14,3,87,3,107,0,9,321,2,332,14,12,408,5,439,252,0,252,691
07/17/2021,MLB,FL,ASO,ES,Federal Contract Tower,16,5,67,0,88,0,10,196,0,206,16,15,263,0,294,168,0,168,462
07/18/2021,MLB,FL,ASO,ES,Federal Contract Tower,14,0,49,0,63,0,7,127,1,135,14,7,176,1,198,72,0,72,270
07/19/2021,MLB,FL,ASO,ES,Federal Contract Tower,13,0,56,0,69,0,2,181,4,187,13,2,237,4,256,150,0,150,406
07/20/2021,MLB,FL,ASO,ES,Federal Contract Tower,21,6,49,18,94,0,2,192,2,196,21,8,241,20,290,196,0,196,486
07/21/2021,MLB,FL,ASO,ES,Federal Contract Tower,18,5,80,0,103,0,7,166,0,173,18,12,246,0,276,220,0,220,496
07/22/2021,MLB,FL,ASO,ES,Federal Contract Tower,17,6,53,0,76,0,1,215,0,216,17,7,268,0,292,212,0,212,504
07/23/2021,MLB,FL,ASO,ES,Federal Contract Tower,12,7,66,0,85,0,3,212,0,215,12,10,278,0,300,170,0,170,470
07/24/2021,MLB,FL,ASO,ES,Federal Contract Tower,17,8,96,11,132,0,9,174,0,183,17,17,270,11,315,86,0,86,401
07/25/2021,MLB,FL,ASO,ES,Federal Contract Tower,19,6,30,0,55,0,3,121,0,124,19,9,151,0,179,94,0,94,273
07/26/2021,MLB,FL,ASO,ES,Federal Contract Tower,18,1,43,0,62,0,1,151,0,152,18,2,194,0,214,244,0,244,458
07/27/2021,MLB,FL,ASO,ES,Federal Contract Tower,17,4,45,0,66,0,1,144,0,145,17,5,189,0,211,306,0,306,517
07/28/2021,MLB,FL,ASO,ES,Federal Contract Tower,15,4,53,0,72,0,2,187,3,192,15,6,240,3,264,150,0,150,414
07/29/2021,MLB,FL,ASO,ES,Federal Contract Tower,17,4,41,0,62,0,3,203,0,206,17,7,244,0,268,126,0,126,394
07/30/2021,MLB,FL,ASO,ES,Federal Contract Tower,20,4,59,1,84,0,2,208,1,211,20,6,267,2,295,182,0,182,477
07/31/2021,MLB,FL,ASO,ES,Federal Contract Tower,13,2,39,0,54,0,6,186,0,192,13,8,225,0,246,152,6,158,404
08/01/2021,MLB,FL,ASO,ES,Federal Contract Tower,11,2,53,2,68,0,5,97,0,102,11,7,150,2,170,86,0,86,256
08/02/2021,MLB,FL,ASO,ES,Federal Contract Tower,15,1,32,0,48,0,0,126,0,126,15,1,158,0,174,168,0,168,342
08/03/2021,MLB,FL,ASO,ES,Federal Contract Tower,13,5,54,0,72,0,0,114,0,114,13,5,168,0,186,154,0,154,340
08/04/2021,MLB,FL,ASO,ES,Federal Contract Tower,16,4,58,2,80,0,0,87,1,88,16,4,145,3,168,88,2,90,258
08/05/2021,MLB,FL,ASO,ES,Federal Contract Tower,18,2,75,1,96,0,4,226,0,230,18,6,301,1,326,226,0,226,552
08/06/2021,MLB,FL,ASO,ES,Federal Contract Tower,13,1,34,2,50,0,2,258,6,266,13,3,292,8,316,160,0,160,476
08/07/2021,MLB,FL,ASO,ES,Federal Contract Tower,14,4,24,0,42,0,6,143,0,149,14,10,167,0,191,165,0,165,356
08/08/2021,MLB,FL,ASO,ES,Federal Contract Tower,16,2,35,0,53,0,4,101,7,112,16,6,136,7,165,96,0,96,261
08/09/2021,MLB,FL,ASO,ES,Federal Contract Tower,14,5,52,10,81,0,5,180,0,185,14,10,232,10,266,230,0,230,496
08/10/2021,MLB,FL,ASO,ES,Federal Contract Tower,11,5,43,12,71,2,6,148,0,156,13,11,191,12,227,226,0,226,453
08/11/2021,MLB,FL,ASO,ES,Federal Contract Tower,14,6,80,0,100,0,6,170,0,176,14,12,250,0,276,271,0,271,547
08/12/2021,MLB,FL,ASO,ES,Federal Contract Tower,18,1,70,4,93,0,0,186,0,186,18,1,256,4,279,168,0,168,447
08/13/2021,MLB,FL,ASO,ES,Federal Contract Tower,13,1,62,0,76,0,2,118,0,120,13,3,180,0,196,160,0,160,356
08/14/2021,MLB,FL,ASO,ES,Federal Contract Tower,11,6,29,0,46,0,2,56,0,58,11,8,85,0,104,102,0,102,206
08/15/2021,MLB,FL,ASO,ES,Federal Contract Tower,12,1,20,0,33,0,10,65,0,75,12,11,85,0,108,41,0,41,149
08/16/2021,MLB,FL,ASO,ES,Federal Contract Tower,13,5,60,1,79,0,2,123,0,125,13,7,183,1,204,162,0,162,366
08/17/2021,MLB,FL,ASO,ES,Federal Contract Tower,13,3,82,8,106,0,3,235,0,238,13,6,317,8,344,203,0,203,547
08/18/2021,MLB,FL,ASO,ES,Federal Contract Tower,15,10,123,0,148,0,5,250,2,257,15,15,373,2,405,189,0,189,594
08/19/2021,MLB,FL,ASO,ES,Federal Contract Tower,22,7,84,0,113,0,2,222,0,224,22,9,306,0,337,170,0,170,507
08/20/2021,MLB,FL,ASO,ES,Federal Contract Tower,16,7,87,0,110,0,1,165,0,166,16,8,252,0,276,112,0,112,388
08/21/2021,MLB,FL,ASO,ES,Federal Contract Tower,12,3,52,0,67,0,6,168,0,174,12,9,220,0,241,148,0,148,389
08/22/2021,MLB,FL,ASO,ES,Federal Contract Tower,14,1,40,0,55,0,8,87,0,95,14,9,127,0,150,69,0,69,219
08/23/2021,MLB,FL,ASO,ES,Federal Contract Tower,13,3,49,0,65,0,2,119,2,123,13,5,168,2,188,208,0,208,396
08/24/2021,MLB,FL,ASO,ES,Federal Contract Tower,12,2,95,2,111,0,3,159,28,190,12,5,254,30,301,152,16,168,469
08/25/2021,MLB,FL,ASO,ES,Federal Contract Tower,10,2,87,0,99,0,2,196,0,198,10,4,283,0,297,210,0,210,507
08/26/2021,MLB,FL,ASO,ES,Federal Contract Tower,17,2,66,0,85,0,1,112,0,113,17,3,178,0,198,106,0,106,304
08/27/2021,MLB,FL,ASO,ES,Federal Contract Tower,14,3,32,0,49,0,1,35,0,36,14,4,67,0,85,54,0,54,139
08/28/2021,MLB,FL,ASO,ES,Federal Contract Tower,16,0,61,0,77,0,2,113,0,115,16,2,174,0,192,46,0,46,238
08/29/2021,MLB,FL,ASO,ES,Federal Contract Tower,17,8,60,0,85,0,5,86,0,91,17,13,146,0,176,58,0,58,234
08/30/2021,MLB,FL,ASO,ES,Federal Contract Tower,14,6,64,0,84,0,10,286,0,296,14,16,350,0,380,220,0,220,600
08/31/2021,MLB,FL,ASO,ES,Federal Contract Tower,12,2,79,0,93,0,0,188,0,188,12,2,267,0,281,176,0,176,457
09/01/2021,MLB,FL,ASO,ES,Federal Contract Tower,13,4,55,0,72,0,1,179,0,180,13,5,234,0,252,94,0,94,346
09/02/2021,MLB,FL,ASO,ES,Federal Contract Tower,17,5,58,0,80,0,4,134,2,140,17,9,192,2,220,162,0,162,382
09/03/2021,MLB,FL,ASO,ES,Federal Contract Tower,14,5,102,0,121,0,0,212,0,212,14,5,314,0,333,257,0,257,590
09/04/2021,MLB,FL,ASO,ES,Federal Contract Tower,14,4,58,0,76,0,8,116,0,124,14,12,174,0,200,130,0,130,330
09/05/2021,MLB,FL,ASO,ES,Federal Contract Tower,14,4,33,0,51,0,2,75,0,77,14,6,108,0,128,61,0,61,189
09/06/2021,MLB,FL,ASO,ES,Federal Contract Tower,12,6,60,0,78,0,4,170,0,174,12,10,230,0,252,94,0,94,346
09/07/2021,MLB,FL,ASO,ES,Federal Contract Tower,11,4,47,2,64,0,5,205,0,210,11,9,252,2,274,208,6,214,488
09/08/2021,MLB,FL,ASO,ES,Federal Contract Tower,10,0,69,0,79,0,5,193,0,198,10,5,262,0,277,152,0,152,429
09/09/2021,MLB,FL,ASO,ES,Federal Contract Tower,23,2,94,0,119,0,4,225,0,229,23,6,319,0,348,158,0,158,506
09/10/2021,MLB,FL,ASO,ES,Federal Contract Tower,12,3,56,0,71,0,2,216,0,218,12,5,272,0,289,116,0,116,405
09/11/2021,MLB,FL,ASO,ES,Federal Contract Tower,13,6,87,0,106,0,5,213,0,218,13,11,300,0,324,154,0,154,478
09/12/2021,MLB,FL,ASO,ES,Federal Contract Tower,16,3,46,1,66,0,7,78,0,85,16,10,124,1,151,50,3,53,204
09/13/2021,MLB,FL,ASO,ES,Federal Contract Tower,21,5,76,0,102,0,2,180,0,182,21,7,256,0,284,168,0,168,452
09/14/2021,MLB,FL,ASO,ES,Federal Contract Tower,10,3,121,0,134,0,5,282,0,287,10,8,403,0,421,204,0,204,625
09/15/2021,MLB,FL,ASO,ES,Federal Contract Tower,13,4,81,1,99,0,5,260,0,265,13,9,341,1,364,307,1,308,672
09/16/2021,MLB,FL,ASO,ES,Federal Contract Tower,14,4,59,0,77,0,1,136,0,137,14,5,195,0,214,109,0,109,323
09/17/2021,MLB,FL,ASO,ES,Federal Contract Tower,17,5,75,1,98,0,8,134,0,142,17,13,209,1,240,161,0,161,401
09/18/2021,MLB,FL,ASO,ES,Federal Contract Tower,11,5,36,0,52,0,2,98,0,100,11,7,134,0,152,76,0,76,228
09/19/2021,MLB,FL,ASO,ES,Federal Contract Tower,17,4,58,0,79,0,3,69,0,72,17,7,127,0,151,31,0,31,182
09/20/2021,MLB,FL,ASO,ES,Federal Contract Tower,16,5,36,0,57,15,1,73,2,91,31,6,109,2,148,146,0,146,294
09/21/2021,MLB,FL,ASO,ES,Federal Contract Tower,16,3,43,0,62,0,1,121,0,122,16,4,164,0,184,123,0,123,307
09/22/2021,MLB,FL,ASO,ES,Federal Contract Tower,15,9,67,0,91,0,4,161,0,165,15,13,228,0,256,332,0,332,588
09/23/2021,MLB,FL,ASO,ES,Federal Contract Tower,14,5,83,0,102,0,0,109,0,109,14,5,192,0,211,104,0,104,315
09/24/2021,MLB,FL,ASO,ES,Federal Contract Tower,20,12,100,0,132,0,5,303,4,312,20,17,403,4,444,266,0,266,710
09/25/2021,MLB,FL,ASO,ES,Federal Contract Tower,14,2,64,0,80,0,2,226,0,228,14,4,290,0,308,218,0,218,526
09/26/2021,MLB,FL,ASO,ES,Federal Contract Tower,13,0,46,0,59,0,0,100,0,100,13,0,146,0,159,75,0,75,234
09/27/2021,MLB,FL,ASO,ES,Federal Contract Tower,16,3,103,1,123,0,0,267,1,268,16,3,370,2,391,284,0,284,675
09/28/2021,MLB,FL,ASO,ES,Federal Contract Tower,10,6,94,0,110,0,3,216,0,219,10,9,310,0,329,368,0,368,697
09/29/2021,MLB,FL,ASO,ES,Federal Contract Tower,16,1,78,14,109,0,2,251,0,253,16,3,329,14,362,255,0,255,617
09/30/2021,MLB,FL,ASO,ES,Federal Contract Tower,16,1,94,0,111,0,4,213,0,217,16,5,307,0,328,376,0,376,704
10/01/2021,MLB,FL,ASO,ES,Federal Contract Tower,16,5,115,0,136,0,2,173,0,175,16,7,288,0,311,232,0,232,543
10/02/2021,MLB,FL,ASO,ES,Federal Contract Tower,15,2,75,0,92,0,8,170,0,178,15,10,245,0,270,176,0,176,446
10/03/2021,MLB,FL,ASO,ES,Federal Contract Tower,17,1,61,1,80,0,0,108,0,108,17,1,169,1,188,119,0,119,307
10/04/2021,MLB,FL,ASO,ES,Federal Contract Tower,16,2,61,0,79,0,6,231,0,237,16,8,292,0,316,286,0,286,602
10/05/2021,MLB,FL,ASO,ES,Federal Contract Tower,11,6,98,0,115,0,2,220,0,222,11,8,318,0,337,240,0,240,577
10/06/2021,MLB,FL,ASO,ES,Federal Contract Tower,8,1,136,6,151,0,4,258,0,262,8,5,394,6,413,316,0,316,729
10/07/2021,MLB,FL,ASO,ES,Federal Contract Tower,14,0,54,2,70,0,2,165,0,167,14,2,219,2,237,189,0,189,426
10/08/2021,MLB,FL,ASO,ES,Federal Contract Tower,15,2,78,0,95,0,1,128,0,129,15,3,206,0,224,98,1,99,323
10/09/2021,MLB,FL,ASO,ES,Federal Contract Tower,9,3,75,0,87,0,0,110,0,110,9,3,185,0,197,52,0,52,249
10/10/2021,MLB,FL,ASO,ES,Federal Contract Tower,17,0,41,0,58,0,4,81,1,86,17,4,122,1,144,29,0,29,173
10/11/2021,MLB,FL,ASO,ES,Federal Contract Tower,17,4,51,6,78,0,0,167,2,169,17,4,218,8,247,120,0,120,367
10/12/2021,MLB,FL,ASO,ES,Federal Contract Tower,12,5,100,0,117,0,5,208,2,215,12,10,308,2,332,229,0,229,561
10/13/2021,MLB,FL,ASO,ES,Federal Contract Tower,20,2,101,0,123,0,7,247,1,255,20,9,348,1,378,243,0,243,621
10/14/2021,MLB,FL,ASO,ES,Federal Contract Tower,13,19,79,0,111,0,1,298,0,299,13,20,377,0,410,264,0,264,674
10/15/2021,MLB,FL,ASO,ES,Federal Contract Tower,17,7,115,0,139,0,6,234,0,240,17,13,349,0,379,277,0,277,656
10/16/2021,MLB,FL,ASO,ES,Federal Contract Tower,10,8,46,0,64,0,4,195,0,199,10,12,241,0,263,294,0,294,557
10/17/2021,MLB,FL,ASO,ES,Federal Contract Tower,17,5,29,0,51,0,4,66,0,70,17,9,95,0,121,47,0,47,168
10/18/2021,MLB,FL,ASO,ES,Federal Contract Tower,17,1,66,0,84,0,7,164,0,171,17,8,230,0,255,202,0,202,457
10/19/2021,MLB,FL,ASO,ES,Federal Contract Tower,12,9,90,0,111,0,7,221,0,228,12,16,311,0,339,345,0,345,684
10/20/2021,MLB,FL,ASO,ES,Federal Contract Tower,10,5,90,0,105,0,2,223,0,225,10,7,313,0,330,284,0,284,614
10/21/2021,MLB,FL,ASO,ES,Federal Contract Tower,15,8,108,1,132,0,1,244,0,245,15,9,352,1,377,274,0,274,651
10/22/2021,MLB,FL,ASO,ES,Federal Contract Tower,15,4,87,0,106,0,2,228,0,230,15,6,315,0,336,245,0,245,581
10/23/2021,MLB,FL,ASO,ES,Federal Contract Tower,12,2,71,0,85,0,2,167,0,169,12,4,238,0,254,159,0,159,413
10/24/2021,MLB,FL,ASO,ES,Federal Contract Tower,14,1,38,0,53,0,2,43,0,45,14,3,81,0,98,115,0,115,213
10/25/2021,MLB,FL,ASO,ES,Federal Contract Tower,15,5,48,0,68,0,4,62,2,68,15,9,110,2,136,76,14,90,226
10/26/2021,MLB,FL,ASO,ES,Federal Contract Tower,13,4,86,0,103,0,2,126,0,128,13,6,212,0,231,134,0,134,365
10/27/2021,MLB,FL,ASO,ES,Federal Contract Tower,11,5,92,0,108,0,3,314,0,317,11,8,406,0,425,261,0,261,686
10/28/2021,MLB,FL,ASO,ES,Federal Contract Tower,18,9,49,0,76,0,0,67,0,67,18,9,116,0,143,76,0,76,219
10/29/2021,MLB,FL,ASO,ES,Federal Contract Tower,17,10,56,15,98,0,3,113,1,117,17,13,169,16,215,136,2,138,353
10/30/2021,MLB,FL,ASO,ES,Federal Contract Tower,13,5,84,0,102,0,5,131,0,136,13,10,215,0,238,122,0,122,360
10/31/2021,MLB,FL,ASO,ES,Federal Contract Tower,12,0,43,0,55,0,4,84,0,88,12,4,127,0,143,45,0,45,188
11/01/2021,MLB,FL,ASO,ES,Federal Contract Tower,15,1,116,0,132,0,4,241,0,245,15,5,357,0,377,212,0,212,589
11/02/2021,MLB,FL,ASO,ES,Federal Contract Tower,8,10,85,0,103,0,5,232,0,237,8,15,317,0,340,228,0,228,568
11/03/2021,MLB,FL,ASO,ES,Federal Contract Tower,13,8,124,0,145,0,3,267,0,270,13,11,391,0,415,296,0,296,711
11/04/2021,MLB,FL,ASO,ES,Federal Contract Tower,12,5,92,12,121,0,3,197,0,200,12,8,289,12,321,212,0,212,533
11/05/2021,MLB,FL,ASO,ES,Federal Contract Tower,15,3,33,0,51,0,0,3,0,3,15,3,36,0,54,10,0,10,64
11/06/2021,MLB,FL,ASO,ES,Federal Contract Tower,10,2,35,0,47,0,3,27,0,30,10,5,62,0,77,31,0,31,108
11/07/2021,MLB,FL,ASO,ES,Federal Contract Tower,20,1,57,0,78,0,8,80,0,88,20,9,137,0,166,31,0,31,197
11/08/2021,MLB,FL,ASO,ES,Federal Contract Tower,17,2,80,0,99,0,2,173,0,175,17,4,253,0,274,88,0,88,362
11/09/2021,MLB,FL,ASO,ES,Federal Contract Tower,13,1,105,4,123,0,4,245,0,249,13,5,350,4,372,254,0,254,626
11/10/2021,MLB,FL,ASO,ES,Federal Contract Tower,16,1,101,1,119,0,2,51,0,53,16,3,152,1,172,58,0,58,230
11/11/2021,MLB,FL,ASO,ES,Federal Contract Tower,21,3,95,0,119,0,1,185,0,186,21,4,280,0,305,157,0,157,462
11/12/2021,MLB,FL,ASO,ES,Federal Contract Tower,28,3,97,10,138,0,8,157,0,165,28,11,254,10,303,265,0,265,568
11/13/2021,MLB,FL,ASO,ES,Federal Contract Tower,10,5,61,0,76,0,0,149,0,149,10,5,210,0,225,232,0,232,457
11/14/2021,MLB,FL,ASO,ES,Federal Contract Tower,18,4,55,0,77,0,7,139,0,146,18,11,194,0,223,56,0,56,279
11/15/2021,MLB,FL,ASO,ES,Federal Contract Tower,17,8,77,0,102,0,0,226,0,226,17,8,303,0,328,224,0,224,552
11/16/2021,MLB,FL,ASO,ES,Federal Contract Tower,12,6,113,0,131,0,3,254,0,257,12,9,367,0,388,238,0,238,626
11/17/2021,MLB,FL,ASO,ES,Federal Contract Tower,19,6,88,8,121,0,3,244,0,247,19,9,332,8,368,316,0,316,684
11/18/2021,MLB,FL,ASO,ES,Federal Contract Tower,23,7,89,1,120,0,0,164,0,164,23,7,253,1,284,271,0,271,555
11/19/2021,MLB,FL,ASO,ES,Federal Contract Tower,19,14,93,1,127,0,1,148,2,151,19,15,241,3,278,100,0,100,378
11/20/2021,MLB,FL,ASO,ES,Federal Contract Tower,11,6,55,0,72,0,0,37,0,37,11,6,92,0,109,0,0,0,109
11/21/2021,MLB,FL,ASO,ES,Federal Contract Tower,20,8,45,0,73,0,0,58,0,58,20,8,103,0,131,95,0,95,226
11/22/2021,MLB,FL,ASO,ES,Federal Contract Tower,19,11,74,1,105,0,0,77,0,77,19,11,151,1,182,94,0,94,276
11/23/2021,MLB,FL,ASO,ES,Federal Contract Tower,32,5,61,0,98,0,4,123,0,127,32,9,184,0,225,70,0,70,295
11/24/2021,MLB,FL,ASO,ES,Federal Contract Tower,19,5,77,0,101,0,1,172,0,173,19,6,249,0,274,172,0,172,446
11/25/2021,MLB,FL,ASO,ES,Federal Contract Tower,6,33,23,0,62,0,4,49,0,53,6,37,72,0,115,78,0,78,193
11/26/2021,MLB,FL,ASO,ES,Federal Contract Tower,22,3,44,0,69,0,3,95,0,98,22,6,139,0,167,67,0,67,234
11/27/2021,MLB,FL,ASO,ES,Federal Contract Tower,15,4,70,0,89,0,0,168,0,168,15,4,238,0,257,134,0,134,391
11/28/2021,MLB,FL,ASO,ES,Federal Contract Tower,24,6,62,0,92,0,2,153,0,155,24,8,215,0,247,94,0,94,341
11/29/2021,MLB,FL,ASO,ES,Federal Contract Tower,13,5,55,0,73,0,2,204,0,206,13,7,259,0,279,182,0,182,461
11/30/2021,MLB,FL,ASO,ES,Federal Contract Tower,14,3,72,0,89,0,4,245,0,249,14,7,317,0,338,285,0,285,623
12/01/2021,MLB,FL,ASO,ES,Federal Contract Tower,12,2,86,3,103,0,5,236,0,241,12,7,322,3,344,288,0,288,632
12/02/2021,MLB,FL,ASO,ES,Federal Contract Tower,19,3,104,1,127,0,2,235,0,237,19,5,339,1,364,258,0,258,622
12/03/2021,MLB,FL,ASO,ES,Federal Contract Tower,17,10,90,0,117,0,2,260,0,262,17,12,350,0,379,232,0,232,611
12/04/2021,MLB,FL,ASO,ES,Federal Contract Tower,14,11,36,0,61,0,1,140,0,141,14,12,176,0,202,112,2,114,316
12/05/2021,MLB,FL,ASO,ES,Federal Contract Tower,27,3,56,0,86,0,3,163,0,166,27,6,219,0,252,105,0,105,357
12/06/2021,MLB,FL,ASO,ES,Federal Contract Tower,12,7,80,0,99,0,4,171,0,175,12,11,251,0,274,256,0,256,530
12/07/2021,MLB,FL,ASO,ES,Federal Contract Tower,18,7,114,0,139,0,0,111,0,111,18,7,225,0,250,80,0,80,330
12/08/2021,MLB,FL,ASO,ES,Federal Contract Tower,13,9,85,0,107,0,4,187,0,191,13,13,272,0,298,242,0,242,540
12/09/2021,MLB,FL,ASO,ES,Federal Contract Tower,21,11,106,0,138,0,4,198,0,202,21,15,304,0,340,257,2,259,599
12/10/2021,MLB,FL,ASO,ES,Federal Contract Tower,18,16,100,0,134,0,2,184,0,186,18,18,284,0,320,196,0,196,516
12/11/2021,MLB,FL,ASO,ES,Federal Contract Tower,14,3,85,0,102,0,7,204,0,211,14,10,289,0,313,216,0,216,529
12/12/2021,MLB,FL,ASO,ES,Federal Contract Tower,20,8,47,0,75,0,2,105,0,107,20,10,152,0,182,155,0,155,337
12/13/2021,MLB,FL,ASO,ES,Federal Contract Tower,15,2,100,0,117,0,2,198,0,200,15,4,298,0,317,184,0,184,501
12/14/2021,MLB,FL,ASO,ES,Federal Contract Tower,10,4,59,0,73,0,2,72,0,74,10,6,131,0,147,98,0,98,245
12/15/2021,MLB,FL,ASO,ES,Federal Contract Tower,13,6,75,0,94,0,9,78,0,87,13,15,153,0,181,138,8,146,327
12/16/2021,MLB,FL,ASO,ES,Federal Contract Tower,22,13,149,0,184,0,3,233,0,236,22,16,382,0,420,241,0,241,661
12/17/2021,MLB,FL,ASO,ES,Federal Contract Tower,20,4,99,0,123,0,7,244,3,254,20,11,343,3,377,144,0,144,521
12/18/2021,MLB,FL,ASO,ES,Federal Contract Tower,20,7,72,0,99,0,2,138,0,140,20,9,210,0,239,139,0,139,378
12/19/2021,MLB,FL,ASO,ES,Federal Contract Tower,17,3,36,0,56,0,1,47,0,48,17,4,83,0,104,40,0,40,144
12/20/2021,MLB,FL,ASO,ES,Federal Contract Tower,18,4,34,6,62,0,0,23,0,23,18,4,57,6,85,6,0,6,91
12/21/2021,MLB,FL,ASO,ES,Federal Contract Tower,20,5,28,0,53,0,0,3,0,3,20,5,31,0,56,2,0,2,58
12/22/2021,MLB,FL,ASO,ES,Federal Contract Tower,20,6,66,1,93,0,2,89,0,91,20,8,155,1,184,92,0,92,276
12/23/2021,MLB,FL,ASO,ES,Federal Contract Tower,21,1,37,0,59,0,5,146,0,151,21,6,183,0,210,171,0,171,381
12/24/2021,MLB,FL,ASO,ES,Federal Contract Tower,14,1,15,0,30,0,3,75,0,78,14,4,90,0,108,8,0,8,116
12/25/2021,MLB,FL,ASO,ES,Federal Contract Tower,14,5,3,0,22,0,2,18,0,20,14,7,21,0,42,4,0,4,46
12/26/2021,MLB,FL,ASO,ES,Federal Contract Tower,21,6,25,0,52,0,2,109,0,111,21,8,134,0,163,0,0,0,163
12/27/2021,MLB,FL,ASO,ES,Federal Contract Tower,19,8,47,0,74,0,4,85,0,89,19,12,132,0,163,145,0,145,308
12/28/2021,MLB,FL,ASO,ES,Federal Contract Tower,16,5,73,0,94,0,4,86,0,90,16,9,159,0,184,72,0,72,256
12/29/2021,MLB,FL,ASO,ES,Federal Contract Tower,18,7,25,0,50,0,4,80,0,84,18,11,105,0,134,86,0,86,220
12/30/2021,MLB,FL,ASO,ES,Federal Contract Tower,22,10,41,0,73,0,0,103,0,103,22,10,144,0,176,47,0,47,223
12/31/2021,MLB,FL,ASO,ES,Federal Contract Tower,14,3,31,0,48,0,5,74,0,79,14,8,105,0,127,46,0,46,173
01/01/2022,MLB,FL,ASO,ES,Federal Contract Tower,17,5,29,0,51,0,5,73,0,78,17,10,102,0,129,30,0,30,159
01/02/2022,MLB,FL,ASO,ES,Federal Contract Tower,16,5,39,0,60,0,2,67,0,69,16,7,106,0,129,28,0,28,157
01/03/2022,MLB,FL,ASO,ES,Federal Contract Tower,12,8,39,0,59,0,1,50,0,51,12,9,89,0,110,44,0,44,154
01/04/2022,MLB,FL,ASO,ES,Federal Contract Tower,10,5,34,0,49,0,3,132,0,135,10,8,166,0,184,134,0,134,318
01/05/2022,MLB,FL,ASO,ES,Federal Contract Tower,15,6,69,2,92,0,3,156,0,159,15,9,225,2,251,11,0,11,262
01/06/2022,MLB,FL,ASO,ES,Federal Contract Tower,20,1,75,8,104,0,4,166,0,170,20,5,241,8,274,8,2,10,284
01/07/2022,MLB,FL,ASO,ES,Federal Contract Tower,15,2,71,2,90,0,1,114,2,117,15,3,185,4,207,6,0,6,213
01/08/2022,MLB,FL,ASO,ES,Federal Contract Tower,14,1,77,0,92,0,2,133,0,135,14,3,210,0,227,65,0,65,292
01/09/2022,MLB,FL,ASO,ES,Federal Contract Tower,25,6,51,1,83,0,2,73,0,75,25,8,124,1,158,42,0,42,200
01/10/2022,MLB,FL,ASO,ES,Federal Contract Tower,15,2,43,0,60,0,0,66,0,66,15,2,109,0,126,24,0,24,150
01/11/2022,MLB,FL,ASO,ES,Federal Contract Tower,8,6,57,0,71,0,4,128,0,132,8,10,185,0,203,68,1,69,272
01/12/2022,MLB,FL,ASO,ES,Federal Contract Tower,9,20,68,0,97,0,3,145,0,148,9,23,213,0,245,218,0,218,463
01/13/2022,MLB,FL,ASO,ES,Federal Contract Tower,21,6,64,0,91,0,2,201,1,204,21,8,265,1,295,139,0,139,434
01/14/2022,MLB,FL,ASO,ES,Federal Contract Tower,13,6,79,1,99,0,3,166,0,169,13,9,245,1,268,106,0,106,374
01/15/2022,MLB,FL,ASO,ES,Federal Contract Tower,13,6,58,0,77,0,3,196,0,199,13,9,254,0,276,119,1,120,396
01/16/2022,MLB,FL,ASO,ES,Federal Contract Tower,10,5,13,0,28,0,0,0,0,0,10,5,13,0,28,0,0,0,28
01/17/2022,MLB,FL,ASO,ES,Federal Contract Tower,14,6,61,0,81,0,3,103,0,106,14,9,164,0,187,108,0,108,295
01/18/2022,MLB,FL,ASO,ES,Federal Contract Tower,15,4,87,0,106,0,2,196,0,198,15,6,283,0,304,200,0,200,504
01/19/2022,MLB,FL,ASO,ES,Federal Contract Tower,14,10,56,0,80,0,1,176,0,177,14,11,232,0,257,181,0,181,438
01/20/2022,MLB,FL,ASO,ES,Federal Contract Tower,20,8,107,1,136,0,6,189,2,197,20,14,296,3,333,205,0,205,538
01/21/2022,MLB,FL,ASO,ES,Federal Contract Tower,24,5,87,5,121,0,4,187,0,191,24,9,274,5,312,238,0,238,550
01/22/2022,MLB,FL,ASO,ES,Federal Contract Tower,11,9,48,0,68,0,0,0,0,0,11,9,48,0,68,0,0,0,68
01/23/2022,MLB,FL,ASO,ES,Federal Contract Tower,24,8,40,0,72,0,2,49,0,51,24,10,89,0,123,56,0,56,179
01/24/2022,MLB,FL,ASO,ES,Federal Contract Tower,9,1,98,2,110,0,3,273,0,276,9,4,371,2,386,266,0,266,652
01/25/2022,MLB,FL,ASO,ES,Federal Contract Tower,11,6,87,1,105,0,3,144,0,147,11,9,231,1,252,162,0,162,414
01/26/2022,MLB,FL,ASO,ES,Federal Contract Tower,12,10,56,0,78,0,0,3,0,3,12,10,59,0,81,0,0,0,81
01/27/2022,MLB,FL,ASO,ES,Federal Contract Tower,25,4,97,0,126,0,0,79,0,79,25,4,176,0,205,33,0,33,238
01/28/2022,MLB,FL,ASO,ES,Federal Contract Tower,19,2,71,1,93,0,1,39,0,40,19,3,110,1,133,42,4,46,179
01/29/2022,MLB,FL,ASO,ES,Federal Contract Tower,5,6,41,1,53,0,2,84,2,88,5,8,125,3,141,26,0,26,167
01/30/2022,MLB,FL,ASO,ES,Federal Contract Tower,19,5,62,0,86,0,2,177,2,181,19,7,239,2,267,100,2,102,369
01/31/2022,MLB,FL,ASO,ES,Federal Contract Tower,11,2,73,0,86,0,5,249,0,254,11,7,322,0,340,259,0,259,599
02/01/2022,MLB,FL,ASO,ES,Federal Contract Tower,14,6,102,0,122,0,3,250,0,253,14,9,352,0,375,228,0,228,603
02/02/2022,MLB,FL,ASO,ES,Federal Contract Tower,13,0,75,0,88,0,2,227,0,229,13,2,302,0,317,127,0,127,444
02/03/2022,MLB,FL,ASO,ES,Federal Contract Tower,21,5,80,2,108,0,8,161,0,169,21,13,241,2,277,176,0,176,453
02/04/2022,MLB,FL,ASO,ES,Federal Contract Tower,14,1,93,0,108,0,2,236,0,238,14,3,329,0,346,231,0,231,577
02/05/2022,MLB,FL,ASO,ES,Federal Contract Tower,10,4,80,31,125,0,0,6,0,6,10,4,86,31,131,1,0,1,132
02/06/2022,MLB,FL,ASO,ES,Federal Contract Tower,25,1,92,0,118,0,4,18,0,22,25,5,110,0,140,8,0,8,148
02/07/2022,MLB,FL,ASO,ES,Federal Contract Tower,16,0,66,10,92,0,0,66,0,66,16,0,132,10,158,64,18,82,240
02/08/2022,MLB,FL,ASO,ES,Federal Contract Tower,13,3,62,0,78,0,1,107,0,108,13,4,169,0,186,112,0,112,298
02/09/2022,MLB,FL,ASO,ES,Federal Contract Tower,19,6,97,4,126,0,1,195,0,196,19,7,292,4,322,150,0,150,472
02/10/2022,MLB,FL,ASO,ES,Federal Contract Tower,24,9,89,0,122,0,3,288,0,291,24,12,377,0,413,213,0,213,626
02/11/2022,MLB,FL,ASO,ES,Federal Contract Tower,15,9,67,2,93,0,4,210,4,218,15,13,277,6,311,240,0,240,551
02/12/2022,MLB,FL,ASO,ES,Federal Contract Tower,17,6,45,0,68,0,2,191,0,193,17,8,236,0,261,172,0,172,433
02/13/2022,MLB,FL,ASO,ES,Federal Contract Tower,21,2,39,0,62,0,0,23,0,23,21,2,62,0,85,16,0,16,101
02/14/2022,MLB,FL,ASO,ES,Federal Contract Tower,14,4,51,0,69,0,5,116,1,122,14,9,167,1,191,24,0,24,215
02/15/2022,MLB,FL,ASO,ES,Federal Contract Tower,10,7,78,0,95,0,3,191,0,194,10,10,269,0,289,303,0,303,592
02/16/2022,MLB,FL,ASO,ES,Federal Contract Tower,23,5,96,0,124,0,2,113,0,115,23,7,209,0,239,53,0,53,292
02/17/2022,MLB,FL,ASO,ES,Federal Contract Tower,23,2,91,0,116,0,1,123,1,125,23,3,214,1,241,83,13,96,337
02/18/2022,MLB,FL,ASO,ES,Federal Contract Tower,21,3,71,1,96,0,4,131,0,135,21,7,202,1,231,172,0,172,403
02/19/2022,MLB,FL,ASO,ES,Federal Contract Tower,20,7,57,0,84,0,2,39,0,41,20,9,96,0,125,50,0,50,175
02/20/2022,MLB,FL,ASO,ES,Federal Contract Tower,18,6,65,0,89,0,4,115,0,119,18,10,180,0,208,84,0,84,292
02/21/2022,MLB,FL,ASO,ES,Federal Contract Tower,19,6,95,0,120,0,0,295,0,295,19,6,390,0,415,228,0,228,643
02/22/2022,MLB,FL,ASO,ES,Federal Contract Tower,11,2,95,1,109,0,1,186,0,187,11,3,281,1,296,302,0,302,598
02/23/2022,MLB,FL,ASO,ES,Federal Contract Tower,13,3,96,7,119,0,7,246,0,253,13,10,342,7,372,220,0,220,592
02/24/2022,MLB,FL,ASO,ES,Federal Contract Tower,16,7,107,6,136,0,5,221,0,226,16,12,328,6,362,222,0,222,584
02/25/2022,MLB,FL,ASO,ES,Federal Contract Tower,13,6,76,31,126,0,1,243,6,250,13,7,319,37,376,271,6,277,653
02/26/2022,MLB,FL,ASO,ES,Federal Contract Tower,15,3,66,2,86,0,0,201,0,201,15,3,267,2,287,176,0,176,463
02/27/2022,MLB,FL,ASO,ES,Federal Contract Tower,19,2,63,0,84,0,2,138,1,141,19,4,201,1,225,148,4,152,377
02/28/2022,MLB,FL,ASO,ES,Federal Contract Tower,14,4,66,10,94,0,0,159,0,159,14,4,225,10,253,262,0,262,515
03/01/2022,MLB,FL,ASO,ES,Federal Contract Tower,11,10,84,0,105,0,2,114,0,116,11,12,198,0,221,108,0,108,329
03/02/2022,MLB,FL,ASO,ES,Federal Contract Tower,22,6,112,2,142,0,5,234,0,239,22,11,346,2,381,214,0,214,595
03/03/2022,MLB,FL,ASO,ES,Federal Contract Tower,17,9,92,1,119,0,2,253,0,255,17,11,345,1,374,261,0,261,635
03/04/2022,MLB,FL,ASO,ES,Federal Contract Tower,15,4,83,4,106,0,0,212,2,214,15,4,295,6,320,193,2,195,515
03/05/2022,MLB,FL,ASO,ES,Federal Contract Tower,18,8,72,0,98,0,0,135,2,137,18,8,207,2,235,128,0,128,363
03/06/2022,MLB,FL,ASO,ES,Federal Contract Tower,22,3,79,0,104,0,4,80,0,84,22,7,159,0,188,70,8,78,266
03/07/2022,MLB,FL,ASO,ES,Federal Contract Tower,12,4,78,2,96,0,0,120,1,121,12,4,198,3,217,74,0,74,291
03/08/2022,MLB,FL,ASO,ES,Federal Contract Tower,14,3,77,0,94,0,1,75,0,76,14,4,152,0,170,79,0,79,249
03/09/2022,MLB,FL,ASO,ES,Federal Contract Tower,16,1,35,0,52,0,0,66,0,66,16,1,101,0,118,52,22,74,192
03/10/2022,MLB,FL,ASO,ES,Federal Contract Tower,13,3,79,0,95,0,2,16,1,19,13,5,95,1,114,0,0,0,114
03/11/2022,MLB,FL,ASO,ES,Federal Contract Tower,9,3,40,0,52,0,1,141,0,142,9,4,181,0,194,118,0,118,312
03/12/2022,MLB,FL,ASO,ES,Federal Contract Tower,26,3,28,0,57,0,2,13,0,15,26,5,41,0,72,0,0,0,72
03/13/2022,MLB,FL,ASO,ES,Federal Contract Tower,19,13,58,0,90,0,3,86,0,89,19,16,144,0,179,73,0,73,252
03/14/2022,MLB,FL,ASO,ES,Federal Contract Tower,11,7,73,0,91,0,4,171,2,177,11,11,244,2,268,278,0,278,546
03/15/2022,MLB,FL,ASO,ES,Federal Contract Tower,14,10,135,0,159,0,3,130,2,135,14,13,265,2,294,202,0,202,496
03/16/2022,MLB,FL,ASO,ES,Federal Contract Tower,10,4,69,0,83,0,1,53,0,54,10,5,122,0,137,16,0,16,153
03/17/2022,MLB,FL,ASO,ES,Federal Contract Tower,13,2,110,0,125,0,0,222,0,222,13,2,332,0,347,274,0,274,621
03/18/2022,MLB,FL,ASO,ES,Federal Contract Tower,11,8,82,0,101,0,0,108,6,114,11,8,190,6,215,86,13,99,314
03/19/2022,MLB,FL,ASO,ES,Federal Contract Tower,21,5,95,0,121,0,2,142,3,147,21,7,237,3,268,127,2,129,397
03/20/2022,MLB,FL,ASO,ES,Federal Contract Tower,23,4,51,0,78,0,0,90,0,90,23,4,141,0,168,132,0,132,300
03/21/2022,MLB,FL,ASO,ES,Federal Contract Tower,12,1,109,0,122,0,5,188,0,193,12,6,297,0,315,163,0,163,478
03/22/2022,MLB,FL,ASO,ES,Federal Contract Tower,16,0,81,1,98,0,4,134,2,140,16,4,215,3,238,146,0,146,384
03/23/2022,MLB,FL,ASO,ES,Federal Contract Tower,11,3,48,0,62,0,4,118,0,122,11,7,166,0,184,180,0,180,364
03/24/2022,MLB,FL,ASO,ES,Federal Contract Tower,13,2,56,0,71,0,0,54,0,54,13,2,110,0,125,28,0,28,153
03/25/2022,MLB,FL,ASO,ES,Federal Contract Tower,15,6,158,1,180,0,3,259,0,262,15,9,417,1,442,189,0,189,631
03/26/2022,MLB,FL,ASO,ES,Federal Contract Tower,22,5,68,0,95,0,5,183,0,188,22,10,251,0,283,0,0,0,283
03/27/2022,MLB,FL,ASO,ES,Federal Contract Tower,21,6,71,0,98,0,2,151,0,153,21,8,222,0,251,90,0,90,341
03/28/2022,MLB,FL,ASO,ES,Federal Contract Tower,15,1,93,2,111,0,0,293,0,293,15,1,386,2,404,290,0,290,694
03/29/2022,MLB,FL,ASO,ES,Federal Contract Tower,14,4,151,43,212,0,5,299,0,304,14,9,450,43,516,338,2,340,856
03/30/2022,MLB,FL,ASO,ES,Federal Contract Tower,26,1,89,11,127,0,0,156,0,156,26,1,245,11,283,78,0,78,361
03/31/2022,MLB,FL,ASO,ES,Federal Contract Tower,20,5,51,10,86,0,0,49,0,49,20,5,100,10,135,10,0,10,145
04/01/2022,MLB,FL,ASO,ES,Federal Contract Tower,20,6,32,13,71,0,0,20,0,20,20,6,52,13,91,31,0,31,122
04/02/2022,MLB,FL,ASO,ES,Federal Contract Tower,14,6,57,0,77,0,2,22,0,24,14,8,79,0,101,19,0,19,120
04/03/2022,MLB,FL,ASO,ES,Federal Contract Tower,21,11,38,1,71,0,6,74,0,80,21,17,112,1,151,54,0,54,205
04/04/2022,MLB,FL,ASO,ES,Federal Contract Tower,17,0,109,0,126,0,5,253,1,259,17,5,362,1,385,426,0,426,811
04/05/2022,MLB,FL,ASO,ES,Federal Contract Tower,25,6,69,0,100,0,0,125,0,125,25,6,194,0,225,54,0,54,279
04/06/2022,MLB,FL,ASO,ES,Federal Contract Tower,19,2,75,0,96,1,2,201,0,204,20,4,276,0,300,65,0,65,365
04/07/2022,MLB,FL,ASO,ES,Federal Contract Tower,19,5,75,0,99,0,2,46,0,48,19,7,121,0,147,58,0,58,205
04/08/2022,MLB,FL,ASO,ES,Federal Contract Tower,21,2,72,0,95,0,3,282,1,286,21,5,354,1,381,101,1,102,483
04/09/2022,MLB,FL,ASO,ES,Federal Contract Tower,20,1,52,1,74,0,0,152,1,153,20,1,204,2,227,65,0,65,292
04/10/2022,MLB,FL,ASO,ES,Federal Contract Tower,21,1,73,1,96,0,0,183,1,184,21,1,256,2,280,58,0,58,338
04/11/2022,MLB,FL,ASO,ES,Federal Contract Tower,19,3,146,0,168,0,1,264,0,265,19,4,410,0,433,298,0,298,731
04/12/2022,MLB,FL,ASO,ES,Federal Contract Tower,11,2,151,0,164,0,1,187,0,188,11,3,338,0,352,276,0,276,628
04/13/2022,MLB,FL,ASO,ES,Federal Contract Tower,20,3,120,0,143,0,1,182,0,183,20,4,302,0,326,104,0,104,430
04/14/2022,MLB,FL,ASO,ES,Federal Contract Tower,21,10,87,0,118,0,0,211,0,211,21,10,298,0,329,208,6,214,543
04/15/2022,MLB,FL,ASO,ES,Federal Contract Tower,21,2,82,0,105,0,5,143,0,148,21,7,225,0,253,146,0,146,399
04/16/2022,MLB,FL,ASO,ES,Federal Contract Tower,23,6,64,0,93,0,3,185,0,188,23,9,249,0,281,179,0,179,460
04/17/2022,MLB,FL,ASO,ES,Federal Contract Tower,22,2,36,0,60,0,0,111,0,111,22,2,147,0,171,70,0,70,241
04/18/2022,MLB,FL,ASO,ES,Federal Contract Tower,21,8,100,0,129,0,2,197,1,200,21,10,297,1,329,279,0,279,608
04/19/2022,MLB,FL,ASO,ES,Federal Contract Tower,14,5,61,0,80,0,1,118,0,119,14,6,179,0,199,96,0,96,295
04/20/2022,MLB,FL,ASO,ES,Federal Contract Tower,10,5,80,0,95,0,0,118,0,118,10,5,198,0,213,52,0,52,265
04/21/2022,MLB,FL,ASO,ES,Federal Contract Tower,22,4,106,0,132,0,2,129,1,132,22,6,235,1,264,114,2,116,380
04/22/2022,MLB,FL,ASO,ES,Federal Contract Tower,20,12,68,0,100,0,1,124,0,125,20,13,192,0,225,112,0,112,337
04/23/2022,MLB,FL,ASO,ES,Federal Contract Tower,23,1,73,0,97,0,3,118,0,121,23,4,191,0,218,78,0,78,296
04/24/2022,MLB,FL,ASO,ES,Federal Contract Tower,17,3,47,0,67,0,0,103,0,103,17,3,150,0,170,77,0,77,247
04/25/2022,MLB,FL,ASO,ES,Federal Contract Tower,17,6,109,0,132,0,0,278,0,278,17,6,387,0,410,332,0,332,742
04/26/2022,MLB,FL,ASO,ES,Federal Contract Tower,17,0,128,3,148,0,2,280,0,282,17,2,408,3,430,344,0,344,774
04/27/2022,MLB,FL,ASO,ES,Federal Contract Tower,18,5,92,0,115,0,1,234,1,236,18,6,326,1,351,262,0,262,613
04/28/2022,MLB,FL,ASO,ES,Federal Contract Tower,20,6,98,0,124,0,1,139,0,140,20,7,237,0,264,177,0,177,441
04/29/2022,MLB,FL,ASO,ES,Federal Contract Tower,16,6,95,21,138,0,2,157,5,164,16,8,252,26,302,107,0,107,409
04/30/2022,MLB,FL,ASO,ES,Federal Contract Tower,23,7,91,0,121,0,3,125,0,128,23,10,216,0,249,171,0,171,420
05/01/2022,MLB,FL,ASO,ES,Federal Contract Tower,23,3,89,0,115,0,2,115,0,117,23,5,204,0,232,102,0,102,334
05/02/2022,MLB,FL,ASO,ES,Federal Contract Tower,22,2,122,0,146,0,1,209,0,210,22,3,331,0,356,317,0,317,673
05/03/2022,MLB,FL,ASO,ES,Federal Contract Tower,14,4,115,1,134,0,1,192,0,193,14,5,307,1,327,298,0,298,625
05/04/2022,MLB,FL,ASO,ES,Federal Contract Tower,18,5,131,0,154,0,0,221,6,227,18,5,352,6,381,204,0,204,585
05/05/2022,MLB,FL,ASO,ES,Federal Contract Tower,16,3,111,0,130,0,0,253,4,257,16,3,364,4,387,228,0,228,615
05/06/2022,MLB,FL,ASO,ES,Federal Contract Tower,13,1,89,0,103,0,1,224,1,226,13,2,313,1,329,168,2,170,499
05/07/2022,MLB,FL,ASO,ES,Federal Contract Tower,28,3,35,1,67,0,2,37,1,40,28,5,72,2,107,25,0,25,132
05/08/2022,MLB,FL,ASO,ES,Federal Contract Tower,23,1,65,3,92,0,3,115,2,120,23,4,180,5,212,40,2,42,254
05/09/2022,MLB,FL,ASO,ES,Federal Contract Tower,13,1,99,0,113,0,5,168,0,173,13,6,267,0,286,135,0,135,421
05/10/2022,MLB,FL,ASO,ES,Federal Contract Tower,21,8,74,0,103,0,0,146,0,146,21,8,220,0,249,132,0,132,381
05/11/2022,MLB,FL,ASO,ES,Federal Contract Tower,19,0,33,0,52,0,0,98,1,99,19,0,131,1,151,78,0,78,229
05/12/2022,MLB,FL,ASO,ES,Federal Contract Tower,19,8,52,0,79,0,3,217,0,220,19,11,269,0,299,127,0,127,426
05/13/2022,MLB,FL,ASO,ES,Federal Contract Tower,16,2,93,0,111,0,4,242,0,246,16,6,335,0,357,244,2,246,603
05/14/2022,MLB,FL,ASO,ES,Federal Contract Tower,16,1,65,0,82,0,1,226,4,231,16,2,291,4,313,188,0,188,501
05/15/2022,MLB,FL,ASO,ES,Federal Contract Tower,14,4,71,0,89,0,1,140,2,143,14,5,211,2,232,70,0,70,302
05/16/2022,MLB,FL,ASO,ES,Federal Contract Tower,17,4,109,1,131,0,3,241,0,244,17,7,350,1,375,228,0,228,603
05/17/2022,MLB,FL,ASO,ES,Federal Contract Tower,18,1,136,0,155,0,3,328,0,331,18,4,464,0,486,292,0,292,778
05/18/2022,MLB,FL,ASO,ES,Federal Contract Tower,18,5,140,0,163,0,0,252,0,252,18,5,392,0,415,177,0,177,592
05/19/2022,MLB,FL,ASO,ES,Federal Contract Tower,20,5,113,3,141,0,2,284,0,286,20,7,397,3,427,123,6,129,556
05/20/2022,MLB,FL,ASO,ES,Federal Contract Tower,14,3,63,0,80,0,0,105,2,107,14,3,168,2,187,98,0,98,285
05/21/2022,MLB,FL,ASO,ES,Federal Contract Tower,18,4,57,0,79,0,5,78,0,83,18,9,135,0,162,113,0,113,275
05/22/2022,MLB,FL,ASO,ES,Federal Contract Tower,22,5,100,0,127,0,4,132,1,137,22,9,232,1,264,102,1,103,367
05/23/2022,MLB,FL,ASO,ES,Federal Contract Tower,14,14,110,0,138,0,0,184,3,187,14,14,294,3,325,148,0,148,473
05/24/2022,MLB,FL,ASO,ES,Federal Contract Tower,15,5,123,2,145,0,3,250,0,253,15,8,373,2,398,80,0,80,478
05/25/2022,MLB,FL,ASO,ES,Federal Contract Tower,23,2,103,0,128,0,4,276,0,280,23,6,379,0,408,114,0,114,522
05/26/2022,MLB,FL,ASO,ES,Federal Contract Tower,24,7,127,2,160,0,4,201,2,207,24,11,328,4,367,146,0,146,513
05/27/2022,MLB,FL,ASO,ES,Federal Contract Tower,17,7,49,4,77,0,0,160,0,160,17,7,209,4,237,119,8,127,364
05/28/2022,MLB,FL,ASO,ES,Federal Contract Tower,16,1,38,1,56,0,2,91,0,93,16,3,129,1,149,152,0,152,301
05/29/2022,MLB,FL,ASO,ES,Federal Contract Tower,17,0,44,0,61,0,2,120,3,125,17,2,164,3,186,68,3,71,257
05/30/2022,MLB,FL,ASO,ES,Federal Contract Tower,11,0,56,0,67,0,6,133,0,139,11,6,189,0,206,138,0,138,344
05/31/2022,MLB,FL,ASO,ES,Federal Contract Tower,20,3,86,1,110,0,5,270,0,275,20,8,356,1,385,332,0,332,717
06/01/2022,MLB,FL,ASO,ES,Federal Contract Tower,18,4,107,0,129,0,1,95,1,97,18,5,202,1,226,113,0,113,339
06/02/2022,MLB,FL,ASO,ES,Federal Contract Tower,19,4,116,0,139,0,1,275,0,276,19,5,391,0,415,226,0,226,641
06/03/2022,MLB,FL,ASO,ES,Federal Contract Tower,16,3,54,0,73,0,0,144,0,144,16,3,198,0,217,149,0,149,366
06/04/2022,MLB,FL,ASO,ES,Federal Contract Tower,24,0,11,0,35,0,0,2,0,2,24,0,13,0,37,0,0,0,37
06/05/2022,MLB,FL,ASO,ES,Federal Contract Tower,22,5,75,0,102,0,0,109,0,109,22,5,184,0,211,58,0,58,269
06/06/2022,MLB,FL,ASO,ES,Federal Contract Tower,15,2,90,0,107,0,1,129,0,130,15,3,219,0,237,206,0,206,443
06/07/2022,MLB,FL,ASO,ES,Federal Contract Tower,15,3,107,0,125,0,2,228,0,230,15,5,335,0,355,176,0,176,531
06/08/2022,MLB,FL,ASO,ES,Federal Contract Tower,19,1,79,0,99,0,0,144,0,144,19,1,223,0,243,92,0,92,335
06/09/2022,MLB,FL,ASO,ES,Federal Contract Tower,18,4,67,0,89,0,4,115,0,119,18,8,182,0,208,92,0,92,300
06/10/2022,MLB,FL,ASO,ES,Federal Contract Tower,14,7,75,1,97,0,0,157,0,157,14,7,232,1,254,147,0,147,401
06/11/2022,MLB,FL,ASO,ES,Federal Contract Tower,21,1,66,0,88,0,0,143,0,143,21,1,209,0,231,118,0,118,349
06/12/2022,MLB,FL,ASO,ES,Federal Contract Tower,16,2,73,0,91,0,2,118,0,120,16,4,191,0,211,82,0,82,293
06/13/2022,MLB,FL,ASO,ES,Federal Contract Tower,14,7,109,0,130,0,3,236,0,239,14,10,345,0,369,187,0,187,556
06/14/2022,MLB,FL,ASO,ES,Federal Contract Tower,16,8,93,2,119,0,1,193,0,194,16,9,286,2,313,198,0,198,511
06/15/2022,MLB,FL,ASO,ES,Federal Contract Tower,20,2,89,2,113,0,3,206,0,209,20,5,295,2,322,240,0,240,562
06/16/2022,MLB,FL,ASO,ES,Federal Contract Tower,16,5,102,0,123,0,3,237,0,240,16,8,339,0,363,196,0,196,559
06/17/2022,MLB,FL,ASO,ES,Federal Contract Tower,16,5,78,0,99,0,1,216,0,217,16,6,294,0,316,128,0,128,444
06/18/2022,MLB,FL,ASO,ES,Federal Contract Tower,21,3,57,0,81,0,5,131,1,137,21,8,188,1,218,72,14,86,304
06/19/2022,MLB,FL,ASO,ES,Federal Contract Tower,20,2,43,0,65,0,4,79,0,83,20,6,122,0,148,70,0,70,218
06/20/2022,MLB,FL,ASO,ES,Federal Contract Tower,17,3,104,0,124,0,0,170,1,171,17,3,274,1,295,224,0,224,519
06/21/2022,MLB,FL,ASO,ES,Federal Contract Tower,23,11,121,1,156,0,0,215,0,215,23,11,336,1,371,236,0,236,607
06/22/2022,MLB,FL,ASO,ES,Federal Contract Tower,23,2,87,0,112,0,0,274,0,274,23,2,361,0,386,203,0,203,589
06/23/2022,MLB,FL,ASO,ES,Federal Contract Tower,16,4,40,0,60,0,1,287,0,288,16,5,327,0,348,303,0,303,651
06/24/2022,MLB,FL,ASO,ES,Federal Contract Tower,10,1,60,0,71,0,0,161,0,161,10,1,221,0,232,126,0,126,358
06/25/2022,MLB,FL,ASO,ES,Federal Contract Tower,19,4,46,0,69,0,2,99,0,101,19,6,145,0,170,154,0,154,324
06/26/2022,MLB,FL,ASO,ES,Federal Contract Tower,16,0,39,0,55,0,1,37,0,38,16,1,76,0,93,64,0,64,157
06/27/2022,MLB,FL,ASO,ES,Federal Contract Tower,13,1,84,0,98,0,2,192,0,194,13,3,276,0,292,133,0,133,425
06/28/2022,MLB,FL,ASO,ES,Federal Contract Tower,13,4,87,0,104,0,0,233,0,233,13,4,320,0,337,142,0,142,479
06/29/2022,MLB,FL,ASO,ES,Federal Contract Tower,17,4,63,18,102,0,0,157,0,157,17,4,220,18,259,242,0,242,501
06/30/2022,MLB,FL,ASO,ES,Federal Contract Tower,15,5,74,0,94,0,0,154,2,156,15,5,228,2,250,131,0,131,381
07/01/2022,MLB,FL,ASO,ES,Federal Contract Tower,17,0,75,0,92,0,3,126,0,129,17,3,201,0,221,133,0,133,354
07/02/2022,MLB,FL,ASO,ES,Federal Contract Tower,13,5,51,0,69,0,0,150,0,150,13,5,201,0,219,157,0,157,376
07/03/2022,MLB,FL,ASO,ES,Federal Contract Tower,19,1,43,0,63,0,1,96,0,97,19,2,139,0,160,102,0,102,262
07/04/2022,MLB,FL,ASO,ES,Federal Contract Tower,16,1,34,0,51,0,2,74,0,76,16,3,108,0,127,4,0,4,131
07/05/2022,MLB,FL,ASO,ES,Federal Contract Tower,16,2,107,1,126,0,1,169,1,171,16,3,276,2,297,90,0,90,387
07/06/2022,MLB,FL,ASO,ES,Federal Contract Tower,21,0,47,0,68,0,3,79,0,82,21,3,126,0,150,30,0,30,180
07/07/2022,MLB,FL,ASO,ES,Federal Contract Tower,20,1,86,4,111,0,0,238,1,239,20,1,324,5,350,242,0,242,592
07/08/2022,MLB,FL,ASO,ES,Federal Contract Tower,17,5,58,0,80,0,0,236,10,246,17,5,294,10,326,207,0,207,533
07/09/2022,MLB,FL,ASO,ES,Federal Contract Tower,15,0,58,1,74,0,1,160,0,161,15,1,218,1,235,152,0,152,387
07/10/2022,MLB,FL,ASO,ES,Federal Contract Tower,19,2,40,0,61,0,0,92,0,92,19,2,132,0,153,74,0,74,227
07/11/2022,MLB,FL,ASO,ES,Federal Contract Tower,19,0,74,0,93,0,1,152,0,153,19,1,226,0,246,182,0,182,428
07/12/2022,MLB,FL,ASO,ES,Federal Contract Tower,17,0,87,0,104,0,0,254,0,254,17,0,341,0,358,356,0,356,714
07/13/2022,MLB,FL,ASO,ES,Federal Contract Tower,20,2,65,0,87,0,1,193,0,194,20,3,258,0,281,287,0,287,568
07/14/2022,MLB,FL,ASO,ES,Federal Contract Tower,19,1,62,0,82,0,2,225,2,229,19,3,287,2,311,177,0,177,488
07/15/2022,MLB,FL,ASO,ES,Federal Contract Tower,16,7,76,3,102,0,1,240,1,242,16,8,316,4,344,242,0,242,586
07/16/2022,MLB,FL,ASO,ES,Federal Contract Tower,20,1,65,0,86,0,0,101,0,101,20,1,166,0,187,110,0,110,297
07/17/2022,MLB,FL,ASO,ES,Federal Contract Tower,16,4,47,0,67,0,4,79,0,83,16,8,126,0,150,42,0,42,192
07/18/2022,MLB,FL,ASO,ES,Federal Contract Tower,17,11,81,1,110,0,4,144,7,155,17,15,225,8,265,75,0,75,340
07/19/2022,MLB,FL,ASO,ES,Federal Contract Tower,14,0,63,1,78,0,2,257,0,259,14,2,320,1,337,164,0,164,501
07/20/2022,MLB,FL,ASO,ES,Federal Contract Tower,19,3,90,2,114,0,0,225,2,227,19,3,315,4,341,174,0,174,515
07/21/2022,MLB,FL,ASO,ES,Federal Contract Tower,15,4,81,11,111,0,3,214,5,222,15,7,295,16,333,221,1,222,555
07/22/2022,MLB,FL,ASO,ES,Federal Contract Tower,16,0,61,2,79,0,0,170,0,170,16,0,231,2,249,235,0,235,484
07/23/2022,MLB,FL,ASO,ES,Federal Contract Tower,18,1,51,3,73,0,2,163,0,165,18,3,214,3,238,81,0,81,319
07/24/2022,MLB,FL,ASO,ES,Federal Contract Tower,17,1,38,1,57,0,2,112,0,114,17,3,150,1,171,84,0,84,255
07/25/2022,MLB,FL,ASO,ES,Federal Contract Tower,18,1,80,0,99,0,3,161,0,164,18,4,241,0,263,148,0,148,411
07/26/2022,MLB,FL,ASO,ES,Federal Contract Tower,18,4,39,0,61,0,1,77,1,79,18,5,116,1,140,100,0,100,240
07/27/2022,MLB,FL,ASO,ES,Federal Contract Tower,15,1,108,0,124,0,0,217,0,217,15,1,325,0,341,276,0,276,617
07/28/2022,MLB,FL,ASO,ES,Federal Contract Tower,14,5,89,3,111,0,1,244,1,246,14,6,333,4,357,265,0,265,622
07/29/2022,MLB,FL,ASO,ES,Federal Contract Tower,13,1,85,2,101,0,3,226,0,229,13,4,311,2,330,240,0,240,570
07/30/2022,MLB,FL,ASO,ES,Federal Contract Tower,18,3,50,0,71,0,3,160,0,163,18,6,210,0,234,190,0,190,424
07/31/2022,MLB,FL,ASO,ES,Federal Contract Tower,19,0,65,4,88,0,2,106,0,108,19,2,171,4,196,39,0,39,235
08/01/2022,MLB,FL,ASO,ES,Federal Contract Tower,17,2,77,2,98,0,5,163,2,170,17,7,240,4,268,186,0,186,454
08/02/2022,MLB,FL,ASO,ES,Federal Contract Tower,15,1,81,0,97,0,2,167,0,169,15,3,248,0,266,300,12,312,578
08/03/2022,MLB,FL,ASO,ES,Federal Contract Tower,14,3,90,0,107,0,2,274,0,276,14,5,364,0,383,204,0,204,587
08/04/2022,MLB,FL,ASO,ES,Federal Contract Tower,18,1,93,2,114,0,2,236,1,239,18,3,329,3,353,282,0,282,635
08/05/2022,MLB,FL,ASO,ES,Federal Contract Tower,11,1,94,3,109,0,2,185,0,187,11,3,279,3,296,208,0,208,504
08/06/2022,MLB,FL,ASO,ES,Federal Contract Tower,20,0,33,0,53,0,3,144,4,151,20,3,177,4,204,160,9,169,373
08/07/2022,MLB,FL,ASO,ES,Federal Contract Tower,20,0,51,0,71,0,2,92,0,94,20,2,143,0,165,68,0,68,233
08/08/2022,MLB,FL,ASO,ES,Federal Contract Tower,16,4,70,0,90,0,6,159,1,166,16,10,229,1,256,246,0,246,502
08/09/2022,MLB,FL,ASO,ES,Federal Contract Tower,15,0,59,0,74,0,1,192,0,193,15,1,251,0,267,128,0,128,395
08/10/2022,MLB,FL,ASO,ES,Federal Contract Tower,17,0,81,0,98,0,1,203,0,204,17,1,284,0,302,269,0,269,571
08/11/2022,MLB,FL,ASO,ES,Federal Contract Tower,16,1,86,0,103,0,1,179,0,180,16,2,265,0,283,260,0,260,543
08/12/2022,MLB,FL,ASO,ES,Federal Contract Tower,15,2,57,2,76,0,0,194,1,195,15,2,251,3,271,219,3,222,493
08/13/2022,MLB,FL,ASO,ES,Federal Contract Tower,20,4,38,0,62,0,2,125,0,127,20,6,163,0,189,124,0,124,313
08/14/2022,MLB,FL,ASO,ES,Federal Contract Tower,19,3,42,0,64,0,4,119,0,123,19,7,161,0,187,72,0,72,259
08/15/2022,MLB,FL,ASO,ES,Federal Contract Tower,12,3,52,0,67,0,5,174,0,179,12,8,226,0,246,137,0,137,383
08/16/2022,MLB,FL,ASO,ES,Federal Contract Tower,15,1,80,1,97,0,1,259,2,262,15,2,339,3,359,226,0,226,585
08/17/2022,MLB,FL,ASO,ES,Federal Contract Tower,16,2,86,0,104,0,3,147,0,150,16,5,233,0,254,197,0,197,451
08/18/2022,MLB,FL,ASO,ES,Federal Contract Tower,23,7,68,0,98,0,2,149,0,151,23,9,217,0,249,128,0,128,377
08/19/2022,MLB,FL,ASO,ES,Federal Contract Tower,17,7,71,0,95,0,2,168,0,170,17,9,239,0,265,136,0,136,401
08/20/2022,MLB,FL,ASO,ES,Federal Contract Tower,18,4,48,2,72,0,1,147,0,148,18,5,195,2,220,100,0,100,320
08/21/2022,MLB,FL,ASO,ES,Federal Contract Tower,18,0,59,0,77,0,4,72,2,78,18,4,131,2,155,54,0,54,209
08/22/2022,MLB,FL,ASO,ES,Federal Contract Tower,16,1,71,0,88,0,2,159,0,161,16,3,230,0,249,120,0,120,369
08/23/2022,MLB,FL,ASO,ES,Federal Contract Tower,15,0,91,0,106,0,1,198,0,199,15,1,289,0,305,258,0,258,563
08/24/2022,MLB,FL,ASO,ES,Federal Contract Tower,15,0,89,0,104,0,0,158,0,158,15,0,247,0,262,175,0,175,437
08/25/2022,MLB,FL,ASO,ES,Federal Contract Tower,17,8,82,0,107,0,2,163,0,165,17,10,245,0,272,122,0,122,394
08/26/2022,MLB,FL,ASO,ES,Federal Contract Tower,16,2,59,0,77,0,0,160,0,160,16,2,219,0,237,120,0,120,357
08/27/2022,MLB,FL,ASO,ES,Federal Contract Tower,16,9,44,1,70,0,2,121,0,123,16,11,165,1,193,92,0,92,285
08/28/2022,MLB,FL,ASO,ES,Federal Contract Tower,20,1,71,0,92,0,0,77,0,77,20,1,148,0,169,68,0,68,237
08/29/2022,MLB,FL,ASO,ES,Federal Contract Tower,16,8,103,1,128,0,5,174,0,179,16,13,277,1,307,196,0,196,503
08/30/2022,MLB,FL,ASO,ES,Federal Contract Tower,15,5,76,2,98,0,4,171,0,175,15,9,247,2,273,138,0,138,411
08/31/2022,MLB,FL,ASO,ES,Federal Contract Tower,18,0,90,0,108,0,0,210,0,210,18,0,300,0,318,223,0,223,541
09/01/2022,MLB,FL,ASO,ES,Federal Contract Tower,18,1,63,1,83,0,2,174,0,176,18,3,237,1,259,157,0,157,416
09/02/2022,MLB,FL,ASO,ES,Federal Contract Tower,18,3,67,0,88,0,4,223,0,227,18,7,290,0,315,4,0,4,319
09/03/2022,MLB,FL,ASO,ES,Federal Contract Tower,21,5,83,0,109,0,3,177,0,180,21,8,260,0,289,62,0,62,351
09/04/2022,MLB,FL,ASO,ES,Federal Contract Tower,18,5,51,0,74,0,2,121,0,123,18,7,172,0,197,34,0,34,231
09/05/2022,MLB,FL,ASO,ES,Federal Contract Tower,12,1,77,0,90,0,1,172,0,173,12,2,249,0,263,0,0,0,263
09/06/2022,MLB,FL,ASO,ES,Federal Contract Tower,11,2,95,0,108,0,2,226,0,228,11,4,321,0,336,185,0,185,521
09/07/2022,MLB,FL,ASO,ES,Federal Contract Tower,18,4,79,0,101,0,4,202,0,206,18,8,281,0,307,168,0,168,475
09/08/2022,MLB,FL,ASO,ES,Federal Contract Tower,19,4,65,0,88,0,2,205,0,207,19,6,270,0,295,134,0,134,429
09/09/2022,MLB,FL,ASO,ES,Federal Contract Tower,17,2,86,0,105,0,2,201,0,203,17,4,287,0,308,162,0,162,470
09/10/2022,MLB,FL,ASO,ES,Federal Contract Tower,14,4,60,0,78,0,0,155,0,155,14,4,215,0,233,91,0,91,324
09/11/2022,MLB,FL,ASO,ES,Federal Contract Tower,19,3,37,0,59,0,2,173,0,175,19,5,210,0,234,56,0,56,290
09/12/2022,MLB,FL,ASO,ES,Federal Contract Tower,19,4,51,0,74,0,0,158,0,158,19,4,209,0,232,158,0,158,390
09/13/2022,MLB,FL,ASO,ES,Federal Contract Tower,15,0,101,1,117,0,0,192,0,192,15,0,293,1,309,132,2,134,443
09/14/2022,MLB,FL,ASO,ES,Federal Contract Tower,19,2,68,0,89,0,0,183,0,183,19,2,251,0,272,196,0,196,468
09/15/2022,MLB,FL,ASO,ES,Federal Contract Tower,19,4,72,0,95,0,0,221,0,221,19,4,293,0,316,195,0,195,511
09/16/2022,MLB,FL,ASO,ES,Federal Contract Tower,16,0,41,8,65,0,2,178,0,180,16,2,219,8,245,120,0,120,365
09/17/2022,MLB,FL,ASO,ES,Federal Contract Tower,20,5,47,0,72,0,1,200,3,204,20,6,247,3,276,184,4,188,464
09/18/2022,MLB,FL,ASO,ES,Federal Contract Tower,16,4,52,0,72,0,2,95,0,97,16,6,147,0,169,26,0,26,195
09/19/2022,MLB,FL,ASO,ES,Federal Contract Tower,16,4,70,0,90,0,0,219,0,219,16,4,289,0,309,194,0,194,503
09/20/2022,MLB,FL,ASO,ES,Federal Contract Tower,15,2,74,0,91,0,2,226,0,228,15,4,300,0,319,210,0,210,529
09/21/2022,MLB,FL,ASO,ES,Federal Contract Tower,23,5,82,0,110,0,0,187,0,187,23,5,269,0,297,128,0,128,425
09/22/2022,MLB,FL,ASO,ES,Federal Contract Tower,22,19,148,0,189,0,0,273,1,274,22,19,421,1,463,153,0,153,616
09/23/2022,MLB,FL,ASO,ES,Federal Contract Tower,15,3,73,2,93,0,0,254,2,256,15,3,327,4,349,230,0,230,579
09/24/2022,MLB,FL,ASO,ES,Federal Contract Tower,14,0,74,0,88,0,2,194,0,196,14,2,268,0,284,121,0,121,405
09/25/2022,MLB,FL,ASO,ES,Federal Contract Tower,21,2,44,0,67,0,1,76,0,77,21,3,120,0,144,44,0,44,188
09/26/2022,MLB,FL,ASO,ES,Federal Contract Tower,16,4,85,0,105,0,2,177,0,179,16,6,262,0,284,172,0,172,456
09/27/2022,MLB,FL,ASO,ES,Federal Contract Tower,19,9,70,1,99,0,2,95,0,97,19,11,165,1,196,180,0,180,376
09/28/2022,MLB,FL,ASO,ES,Federal Contract Tower,3,0,0,0,3,0,0,0,0,0,3,0,0,0,3,0,0,0,3
09/29/2022,MLB,FL,ASO,ES,Federal Contract Tower,0,0,0,0,0,0,0,0,0,0,0,0,0,0,0,0,0,0,0
09/30/2022,MLB,FL,ASO,ES,Federal Contract Tower,8,1,57,0,66,0,0,121,0,121,8,1,178,0,187,135,0,135,322
10/01/2022,MLB,FL,ASO,ES,Federal Contract Tower,26,4,71,1,102,0,0,245,0,245,26,4,316,1,347,201,0,201,548
10/02/2022,MLB,FL,ASO,ES,Federal Contract Tower,21,5,36,0,62,0,2,161,0,163,21,7,197,0,225,74,0,74,299
10/03/2022,MLB,FL,ASO,ES,Federal Contract Tower,17,3,86,0,106,0,0,265,0,265,17,3,351,0,371,132,0,132,503
10/04/2022,MLB,FL,ASO,ES,Federal Contract Tower,19,2,73,4,98,0,1,205,0,206,19,3,278,4,304,189,0,189,493
10/05/2022,MLB,FL,ASO,ES,Federal Contract Tower,19,5,96,0,120,0,1,225,0,226,19,6,321,0,346,178,0,178,524
10/06/2022,MLB,FL,ASO,ES,Federal Contract Tower,18,1,116,3,138,0,0,323,0,323,18,1,439,3,461,364,0,364,825
10/07/2022,MLB,FL,ASO,ES,Federal Contract Tower,13,2,108,1,124,0,1,302,6,309,13,3,410,7,433,217,0,217,650
10/08/2022,MLB,FL,ASO,ES,Federal Contract Tower,17,2,60,0,79,0,3,243,0,246,17,5,303,0,325,160,0,160,485
10/09/2022,MLB,FL,ASO,ES,Federal Contract Tower,22,3,60,5,90,0,3,126,0,129,22,6,186,5,219,72,0,72,291
10/10/2022,MLB,FL,ASO,ES,Federal Contract Tower,17,4,77,0,98,0,4,89,0,93,17,8,166,0,191,81,0,81,272
10/11/2022,MLB,FL,ASO,ES,Federal Contract Tower,17,4,125,0,146,0,0,217,0,217,17,4,342,0,363,235,0,235,598
10/12/2022,MLB,FL,ASO,ES,Federal Contract Tower,14,0,3,120,137,0,1,235,0,236,14,1,238,120,373,200,0,200,573
10/13/2022,MLB,FL,ASO,ES,Federal Contract Tower,19,11,113,1,144,0,1,228,2,231,19,12,341,3,375,160,1,161,536
10/14/2022,MLB,FL,ASO,ES,Federal Contract Tower,22,7,73,1,103,0,7,241,0,248,22,14,314,1,351,214,0,214,565
10/15/2022,MLB,FL,ASO,ES,Federal Contract Tower,19,4,61,0,84,0,0,115,0,115,19,4,176,0,199,117,0,117,316
10/16/2022,MLB,FL,ASO,ES,Federal Contract Tower,19,1,58,2,80,0,0,96,2,98,19,1,154,4,178,38,0,38,216
10/17/2022,MLB,FL,ASO,ES,Federal Contract Tower,18,2,52,1,73,0,1,188,0,189,18,3,240,1,262,196,0,196,458
10/18/2022,MLB,FL,ASO,ES,Federal Contract Tower,19,1,86,2,108,0,2,120,0,122,19,3,206,2,230,146,0,146,376
10/19/2022,MLB,FL,ASO,ES,Federal Contract Tower,28,5,76,0,109,0,1,220,0,221,28,6,296,0,330,142,0,142,472
10/20/2022,MLB,FL,ASO,ES,Federal Contract Tower,24,9,109,6,148,0,3,213,0,216,24,12,322,6,364,171,0,171,535
10/21/2022,MLB,FL,ASO,ES,Federal Contract Tower,21,1,69,5,96,0,0,194,0,194,21,1,263,5,290,93,0,93,383
10/22/2022,MLB,FL,ASO,ES,Federal Contract Tower,22,7,70,7,106,0,2,217,0,219,22,9,287,7,325,122,0,122,447
10/23/2022,MLB,FL,ASO,ES,Federal Contract Tower,21,5,51,1,78,0,1,107,0,108,21,6,158,1,186,36,0,36,222
10/24/2022,MLB,FL,ASO,ES,Federal Contract Tower,16,0,74,0,90,0,0,221,0,221,16,0,295,0,311,370,0,370,681
10/25/2022,MLB,FL,ASO,ES,Federal Contract Tower,19,9,130,1,159,0,4,270,0,274,19,13,400,1,433,286,0,286,719
10/26/2022,MLB,FL,ASO,ES,Federal Contract Tower,19,0,79,3,101,0,1,314,1,316,19,1,393,4,417,298,0,298,715
10/27/2022,MLB,FL,ASO,ES,Federal Contract Tower,17,1,90,0,108,0,2,329,0,331,17,3,419,0,439,299,0,299,738
10/28/2022,MLB,FL,ASO,ES,Federal Contract Tower,18,1,101,0,120,0,0,250,0,250,18,1,351,0,370,230,0,230,600
10/29/2022,MLB,FL,ASO,ES,Federal Contract Tower,17,25,39,0,81,0,1,161,0,162,17,26,200,0,243,191,0,191,434
10/30/2022,MLB,FL,ASO,ES,Federal Contract Tower,23,1,73,0,97,0,2,167,0,169,23,3,240,0,266,26,0,26,292
10/31/2022,MLB,FL,ASO,ES,Federal Contract Tower,17,0,86,0,103,0,3,243,0,246,17,3,329,0,349,232,0,232,581
11/01/2022,MLB,FL,ASO,ES,Federal Contract Tower,12,4,114,0,130,0,3,181,0,184,12,7,295,0,314,119,0,119,433
11/02/2022,MLB,FL,ASO,ES,Federal Contract Tower,13,3,92,0,108,0,0,234,0,234,13,3,326,0,342,221,0,221,563
11/03/2022,MLB,FL,ASO,ES,Federal Contract Tower,13,3,95,2,113,0,0,208,0,208,13,3,303,2,321,129,0,129,450
11/04/2022,MLB,FL,ASO,ES,Federal Contract Tower,16,3,93,1,113,0,2,182,0,184,16,5,275,1,297,134,0,134,431
11/05/2022,MLB,FL,ASO,ES,Federal Contract Tower,18,4,49,1,72,0,3,148,3,154,18,7,197,4,226,110,0,110,336
11/06/2022,MLB,FL,ASO,ES,Federal Contract Tower,15,2,50,1,68,0,1,90,8,99,15,3,140,9,167,94,0,94,261
11/07/2022,MLB,FL,ASO,ES,Federal Contract Tower,12,5,75,0,92,0,7,129,0,136,12,12,204,0,228,70,0,70,298
11/08/2022,MLB,FL,ASO,ES,Federal Contract Tower,15,7,43,0,65,0,6,28,0,34,15,13,71,0,99,31,0,31,130
11/09/2022,MLB,FL,ASO,ES,Federal Contract Tower,6,2,4,0,12,0,0,0,0,0,6,2,4,0,12,0,0,0,12
11/10/2022,MLB,FL,ASO,ES,Federal Contract Tower,4,1,10,0,15,0,0,6,0,6,4,1,16,0,21,0,0,0,21
11/11/2022,MLB,FL,ASO,ES,Federal Contract Tower,17,2,68,0,87,0,0,124,1,125,17,2,192,1,212,24,0,24,236
11/12/2022,MLB,FL,ASO,ES,Federal Contract Tower,16,1,63,0,80,0,2,165,0,167,16,3,228,0,247,108,0,108,355
11/13/2022,MLB,FL,ASO,ES,Federal Contract Tower,14,2,63,0,79,0,3,104,0,107,14,5,167,0,186,72,0,72,258
11/14/2022,MLB,FL,ASO,ES,Federal Contract Tower,20,2,94,0,116,0,6,220,0,226,20,8,314,0,342,205,0,205,547
11/15/2022,MLB,FL,ASO,ES,Federal Contract Tower,14,2,147,0,163,0,1,358,0,359,14,3,505,0,522,358,0,358,880
11/16/2022,MLB,FL,ASO,ES,Federal Contract Tower,16,4,108,0,128,0,0,264,0,264,16,4,372,0,392,130,0,130,522
11/17/2022,MLB,FL,ASO,ES,Federal Contract Tower,19,2,115,0,136,0,1,208,1,210,19,3,323,1,346,147,0,147,493
11/18/2022,MLB,FL,ASO,ES,Federal Contract Tower,20,5,90,0,115,0,1,277,0,278,20,6,367,0,393,239,0,239,632
11/19/2022,MLB,FL,ASO,ES,Federal Contract Tower,22,4,54,0,80,0,3,213,0,216,22,7,267,0,296,174,0,174,470
11/20/2022,MLB,FL,ASO,ES,Federal Contract Tower,16,9,40,2,67,0,0,27,0,27,16,9,67,2,94,16,0,16,110
11/21/2022,MLB,FL,ASO,ES,Federal Contract Tower,15,5,87,0,107,0,1,96,0,97,15,6,183,0,204,220,0,220,424
11/22/2022,MLB,FL,ASO,ES,Federal Contract Tower,17,6,63,0,86,0,0,4,0,4,17,6,67,0,90,0,0,0,90
11/23/2022,MLB,FL,ASO,ES,Federal Contract Tower,19,6,105,0,130,0,0,0,0,0,19,6,105,0,130,0,0,0,130
11/24/2022,MLB,FL,ASO,ES,Federal Contract Tower,8,0,48,0,56,0,0,46,0,46,8,0,94,0,102,0,0,0,102
11/25/2022,MLB,FL,ASO,ES,Federal Contract Tower,18,8,60,0,86,0,0,124,0,124,18,8,184,0,210,37,2,39,249
11/26/2022,MLB,FL,ASO,ES,Federal Contract Tower,12,2,102,0,116,0,7,103,0,110,12,9,205,0,226,78,0,78,304
11/27/2022,MLB,FL,ASO,ES,Federal Contract Tower,13,2,86,0,101,0,5,78,0,83,13,7,164,0,184,56,0,56,240
11/28/2022,MLB,FL,ASO,ES,Federal Contract Tower,13,8,101,0,122,0,6,275,0,281,13,14,376,0,403,309,0,309,712
11/29/2022,MLB,FL,ASO,ES,Federal Contract Tower,14,4,123,1,142,0,0,327,1,328,14,4,450,2,470,316,0,316,786
11/30/2022,MLB,FL,ASO,ES,Federal Contract Tower,16,3,125,8,152,0,0,301,0,301,16,3,426,8,453,276,0,276,729
12/01/2022,MLB,FL,ASO,ES,Federal Contract Tower,22,2,79,0,103,0,1,140,1,142,22,3,219,1,245,96,0,96,341
12/02/2022,MLB,FL,ASO,ES,Federal Contract Tower,13,3,112,1,129,0,0,276,3,279,13,3,388,4,408,246,0,246,654
12/03/2022,MLB,FL,ASO,ES,Federal Contract Tower,16,3,99,0,118,0,1,223,0,224,16,4,322,0,342,246,0,246,588
12/04/2022,MLB,FL,ASO,ES,Federal Contract Tower,14,5,37,3,59,0,2,133,4,139,14,7,170,7,198,118,0,118,316
12/05/2022,MLB,FL,ASO,ES,Federal Contract Tower,13,3,127,0,143,0,2,219,0,221,13,5,346,0,364,234,0,234,598
12/06/2022,MLB,FL,ASO,ES,Federal Contract Tower,19,4,106,0,129,0,2,281,0,283,19,6,387,0,412,300,0,300,712
12/07/2022,MLB,FL,ASO,ES,Federal Contract Tower,13,0,102,0,115,0,0,280,1,281,13,0,382,1,396,176,0,176,572
12/08/2022,MLB,FL,ASO,ES,Federal Contract Tower,17,6,112,0,135,0,0,283,1,284,17,6,395,1,419,271,2,273,692
12/09/2022,MLB,FL,ASO,ES,Federal Contract Tower,10,11,93,5,119,0,4,283,0,287,10,15,376,5,406,279,0,279,685
12/10/2022,MLB,FL,ASO,ES,Federal Contract Tower,15,3,71,6,95,0,3,169,0,172,15,6,240,6,267,187,0,187,454
12/11/2022,MLB,FL,ASO,ES,Federal Contract Tower,13,5,55,0,73,0,2,114,0,116,13,7,169,0,189,144,0,144,333
12/12/2022,MLB,FL,ASO,ES,Federal Contract Tower,19,6,108,0,133,0,0,134,0,134,19,6,242,0,267,135,0,135,402
12/13/2022,MLB,FL,ASO,ES,Federal Contract Tower,18,8,86,0,112,0,0,81,1,82,18,8,167,1,194,12,0,12,206
12/14/2022,MLB,FL,ASO,ES,Federal Contract Tower,19,4,100,0,123,0,1,169,0,170,19,5,269,0,293,96,2,98,391
12/15/2022,MLB,FL,ASO,ES,Federal Contract Tower,15,7,57,0,79,0,0,58,0,58,15,7,115,0,137,42,0,42,179
12/16/2022,MLB,FL,ASO,ES,Federal Contract Tower,14,9,99,10,132,0,0,205,2,207,14,9,304,12,339,231,0,231,570
12/17/2022,MLB,FL,ASO,ES,Federal Contract Tower,19,5,63,0,87,0,1,190,0,191,19,6,253,0,278,174,0,174,452
12/18/2022,MLB,FL,ASO,ES,Federal Contract Tower,13,2,49,0,64,0,0,108,0,108,13,2,157,0,172,64,0,64,236
12/19/2022,MLB,FL,ASO,ES,Federal Contract Tower,16,5,76,0,97,0,3,174,0,177,16,8,250,0,274,232,0,232,506
12/20/2022,MLB,FL,ASO,ES,Federal Contract Tower,13,2,85,0,100,0,1,161,0,162,13,3,246,0,262,78,0,78,340
12/21/2022,MLB,FL,ASO,ES,Federal Contract Tower,14,0,126,1,141,0,0,66,0,66,14,0,192,1,207,14,0,14,221
12/22/2022,MLB,FL,ASO,ES,Federal Contract Tower,15,9,70,0,94,0,0,18,0,18,15,9,88,0,112,17,0,17,129
12/23/2022,MLB,FL,ASO,ES,Federal Contract Tower,9,6,46,0,61,0,0,126,0,126,9,6,172,0,187,122,0,122,309
12/24/2022,MLB,FL,ASO,ES,Federal Contract Tower,12,2,7,0,21,0,0,42,0,42,12,2,49,0,63,32,0,32,95
12/25/2022,MLB,FL,ASO,ES,Federal Contract Tower,12,6,7,0,25,0,0,6,0,6,12,6,13,0,31,2,0,2,33
12/26/2022,MLB,FL,ASO,ES,Federal Contract Tower,15,5,68,0,88,0,0,55,0,55,15,5,123,0,143,44,0,44,187
12/27/2022,MLB,FL,ASO,ES,Federal Contract Tower,19,6,79,0,104,0,0,95,0,95,19,6,174,0,199,44,0,44,243
12/28/2022,MLB,FL,ASO,ES,Federal Contract Tower,13,6,44,0,63,0,1,152,0,153,13,7,196,0,216,40,0,40,256
12/29/2022,MLB,FL,ASO,ES,Federal Contract Tower,16,9,77,1,103,0,2,165,0,167,16,11,242,1,270,136,0,136,406
12/30/2022,MLB,FL,ASO,ES,Federal Contract Tower,20,8,80,0,108,0,0,150,0,150,20,8,230,0,258,62,0,62,320
12/31/2022,MLB,FL,ASO,ES,Federal Contract Tower,12,9,35,0,56,0,0,64,0,64,12,9,99,0,120,14,0,14,134
01/01/2023,MLB,FL,ASO,ES,Federal Contract Tower,8,7,29,0,44,0,0,36,0,36,8,7,65,0,80,0,0,0,80
01/02/2023,MLB,FL,ASO,ES,Federal Contract Tower,12,2,90,0,104,0,0,181,0,181,12,2,271,0,285,169,0,169,454
01/03/2023,MLB,FL,ASO,ES,Federal Contract Tower,13,7,76,3,99,0,1,156,0,157,13,8,232,3,256,165,0,165,421
01/04/2023,MLB,FL,ASO,ES,Federal Contract Tower,10,7,48,1,66,0,1,164,0,165,10,8,212,1,231,72,1,73,304
01/05/2023,MLB,FL,ASO,ES,Federal Contract Tower,15,9,64,8,96,0,2,106,0,108,15,11,170,8,204,86,0,86,290
01/06/2023,MLB,FL,ASO,ES,Federal Contract Tower,14,3,84,0,101,0,0,265,2,267,14,3,349,2,368,180,0,180,548
01/07/2023,MLB,FL,ASO,ES,Federal Contract Tower,21,4,65,0,90,0,2,227,4,233,21,6,292,4,323,83,0,83,406
01/08/2023,MLB,FL,ASO,ES,Federal Contract Tower,17,2,64,0,83,0,0,181,2,183,17,2,245,2,266,156,0,156,422
01/09/2023,MLB,FL,ASO,ES,Federal Contract Tower,13,0,67,1,81,0,2,201,0,203,13,2,268,1,284,270,0,270,554
01/10/2023,MLB,FL,ASO,ES,Federal Contract Tower,16,8,56,1,81,0,0,207,0,207,16,8,263,1,288,188,0,188,476
01/11/2023,MLB,FL,ASO,ES,Federal Contract Tower,16,3,75,2,96,0,7,271,0,278,16,10,346,2,374,280,0,280,654
01/12/2023,MLB,FL,ASO,ES,Federal Contract Tower,19,2,81,4,106,0,1,253,2,256,19,3,334,6,362,202,0,202,564
01/13/2023,MLB,FL,ASO,ES,Federal Contract Tower,21,7,76,0,104,0,0,75,0,75,21,7,151,0,179,50,0,50,229
01/14/2023,MLB,FL,ASO,ES,Federal Contract Tower,20,0,54,4,78,0,1,122,0,123,20,1,176,4,201,126,0,126,327
01/15/2023,MLB,FL,ASO,ES,Federal Contract Tower,14,1,59,0,74,0,3,132,0,135,14,4,191,0,209,160,0,160,369
01/16/2023,MLB,FL,ASO,ES,Federal Contract Tower,21,1,79,0,101,0,2,218,0,220,21,3,297,0,321,208,0,208,529
01/17/2023,MLB,FL,ASO,ES,Federal Contract Tower,12,6,44,0,62,0,0,236,0,236,12,6,280,0,298,202,4,206,504
01/18/2023,MLB,FL,ASO,ES,Federal Contract Tower,15,4,116,1,136,0,4,261,0,265,15,8,377,1,401,323,0,323,724
01/19/2023,MLB,FL,ASO,ES,Federal Contract Tower,17,3,83,1,104,0,1,266,0,267,17,4,349,1,371,252,0,252,623
01/20/2023,MLB,FL,ASO,ES,Federal Contract Tower,15,3,85,1,104,0,3,230,0,233,15,6,315,1,337,326,0,326,663
01/21/2023,MLB,FL,ASO,ES,Federal Contract Tower,13,2,85,0,100,0,0,209,0,209,13,2,294,0,309,230,0,230,539
01/22/2023,MLB,FL,ASO,ES,Federal Contract Tower,15,2,79,0,96,0,2,113,0,115,15,4,192,0,211,64,0,64,275
01/23/2023,MLB,FL,ASO,ES,Federal Contract Tower,14,3,84,0,101,0,1,178,1,180,14,4,262,1,281,311,0,311,592
01/24/2023,MLB,FL,ASO,ES,Federal Contract Tower,12,1,56,0,69,0,4,188,0,192,12,5,244,0,261,298,0,298,559
01/25/2023,MLB,FL,ASO,ES,Federal Contract Tower,15,5,69,4,93,0,0,159,0,159,15,5,228,4,252,154,0,154,406
01/26/2023,MLB,FL,ASO,ES,Federal Contract Tower,19,3,91,10,123,0,0,237,0,237,19,3,328,10,360,216,0,216,576
01/27/2023,MLB,FL,ASO,ES,Federal Contract Tower,22,2,65,10,99,0,3,193,0,196,22,5,258,10,295,150,2,152,447
01/28/2023,MLB,FL,ASO,ES,Federal Contract Tower,18,5,91,4,118,0,4,189,0,193,18,9,280,4,311,261,0,261,572
01/29/2023,MLB,FL,ASO,ES,Federal Contract Tower,17,0,70,3,90,0,0,164,0,164,17,0,234,3,254,146,0,146,400
01/30/2023,MLB,FL,ASO,ES,Federal Contract Tower,17,7,114,9,147,0,1,294,13,308,17,8,408,22,455,260,0,260,715
01/31/2023,MLB,FL,ASO,ES,Federal Contract Tower,14,2,114,3,133,0,3,250,2,255,14,5,364,5,388,252,0,252,640
02/01/2023,MLB,FL,ASO,ES,Federal Contract Tower,16,2,126,0,144,0,3,223,1,227,16,5,349,1,371,232,0,232,603
02/02/2023,MLB,FL,ASO,ES,Federal Contract Tower,16,3,71,0,90,0,0,222,0,222,16,3,293,0,312,62,0,62,374
02/03/2023,MLB,FL,ASO,ES,Federal Contract Tower,17,1,42,2,62,0,0,31,6,37,17,1,73,8,99,10,0,10,109
02/04/2023,MLB,FL,ASO,ES,Federal Contract Tower,15,1,67,0,83,0,0,95,0,95,15,1,162,0,178,85,8,93,271
02/05/2023,MLB,FL,ASO,ES,Federal Contract Tower,14,4,29,3,50,0,2,8,0,10,14,6,37,3,60,2,0,2,62
02/06/2023,MLB,FL,ASO,ES,Federal Contract Tower,20,3,97,0,120,0,0,298,0,298,20,3,395,0,418,258,0,258,676
02/07/2023,MLB,FL,ASO,ES,Federal Contract Tower,12,3,97,0,112,0,0,306,0,306,12,3,403,0,418,262,0,262,680
02/08/2023,MLB,FL,ASO,ES,Federal Contract Tower,17,9,154,0,180,0,0,318,0,318,17,9,472,0,498,410,0,410,908
02/09/2023,MLB,FL,ASO,ES,Federal Contract Tower,16,4,127,7,154,0,2,331,3,336,16,6,458,10,490,210,0,210,700
02/10/2023,MLB,FL,ASO,ES,Federal Contract Tower,27,0,156,12,195,0,4,276,3,283,27,4,432,15,478,233,10,243,721
02/11/2023,MLB,FL,ASO,ES,Federal Contract Tower,15,4,95,2,116,0,1,211,0,212,15,5,306,2,328,128,0,128,456
02/12/2023,MLB,FL,ASO,ES,Federal Contract Tower,17,6,15,0,38,0,0,24,0,24,17,6,39,0,62,42,0,42,104
02/13/2023,MLB,FL,ASO,ES,Federal Contract Tower,19,2,120,0,141,0,2,281,0,283,19,4,401,0,424,229,0,229,653
02/14/2023,MLB,FL,ASO,ES,Federal Contract Tower,10,6,86,3,105,0,0,288,0,288,10,6,374,3,393,242,0,242,635
02/15/2023,MLB,FL,ASO,ES,Federal Contract Tower,16,4,97,2,119,0,2,267,0,269,16,6,364,2,388,327,0,327,715
02/16/2023,MLB,FL,ASO,ES,Federal Contract Tower,13,3,114,1,131,0,0,255,2,257,13,3,369,3,388,288,0,288,676
02/17/2023,MLB,FL,ASO,ES,Federal Contract Tower,21,7,97,1,126,0,0,194,1,195,21,7,291,2,321,94,0,94,415
02/18/2023,MLB,FL,ASO,ES,Federal Contract Tower,22,3,58,0,83,0,6,127,1,134,22,9,185,1,217,33,0,33,250
02/19/2023,MLB,FL,ASO,ES,Federal Contract Tower,16,2,81,0,99,0,2,206,0,208,16,4,287,0,307,124,0,124,431
02/20/2023,MLB,FL,ASO,ES,Federal Contract Tower,21,3,77,0,101,0,4,267,0,271,21,7,344,0,372,116,0,116,488
02/21/2023,MLB,FL,ASO,ES,Federal Contract Tower,15,4,118,0,137,0,1,255,7,263,15,5,373,7,400,180,2,182,582
02/22/2023,MLB,FL,ASO,ES,Federal Contract Tower,17,7,110,2,136,0,3,257,6,266,17,10,367,8,402,214,0,214,616
02/23/2023,MLB,FL,ASO,ES,Federal Contract Tower,21,5,102,1,129,0,0,327,0,327,21,5,429,1,456,154,0,154,610
02/24/2023,MLB,FL,ASO,ES,Federal Contract Tower,18,1,89,13,121,0,2,329,2,333,18,3,418,15,454,86,0,86,540
02/25/2023,MLB,FL,ASO,ES,Federal Contract Tower,18,3,104,1,126,0,1,280,0,281,18,4,384,1,407,138,0,138,545
02/26/2023,MLB,FL,ASO,ES,Federal Contract Tower,20,4,88,7,119,0,2,187,0,189,20,6,275,7,308,100,0,100,408
02/27/2023,MLB,FL,ASO,ES,Federal Contract Tower,20,4,71,2,97,0,0,182,0,182,20,4,253,2,279,159,0,159,438
02/28/2023,MLB,FL,ASO,ES,Federal Contract Tower,14,2,86,2,104,0,0,145,0,145,14,2,231,2,249,103,0,103,352
03/01/2023,MLB,FL,ASO,ES,Federal Contract Tower,23,3,100,0,126,0,2,217,0,219,23,5,317,0,345,226,0,226,571
03/02/2023,MLB,FL,ASO,ES,Federal Contract Tower,14,3,155,2,174,0,3,321,0,324,14,6,476,2,498,158,0,158,656
03/03/2023,MLB,FL,ASO,ES,Federal Contract Tower,14,5,80,0,99,0,3,113,0,116,14,8,193,0,215,98,0,98,313
03/04/2023,MLB,FL,ASO,ES,Federal Contract Tower,18,1,111,2,132,0,3,157,6,166,18,4,268,8,298,38,0,38,336
03/05/2023,MLB,FL,ASO,ES,Federal Contract Tower,19,4,72,5,100,0,4,138,0,142,19,8,210,5,242,62,0,62,304
03/06/2023,MLB,FL,ASO,ES,Federal Contract Tower,18,2,92,0,112,0,2,233,2,237,18,4,325,2,349,225,0,225,574
03/07/2023,MLB,FL,ASO,ES,Federal Contract Tower,13,4,120,0,137,0,2,291,0,293,13,6,411,0,430,254,0,254,684
03/08/2023,MLB,FL,ASO,ES,Federal Contract Tower,21,2,125,2,150,0,2,248,0,250,21,4,373,2,400,175,0,175,575
03/09/2023,MLB,FL,ASO,ES,Federal Contract Tower,16,3,139,1,159,0,0,323,1,324,16,3,462,2,483,286,4,290,773
03/10/2023,MLB,FL,ASO,ES,Federal Contract Tower,15,7,109,1,132,0,4,257,4,265,15,11,366,5,397,108,0,108,505
03/11/2023,MLB,FL,ASO,ES,Federal Contract Tower,18,2,117,0,137,0,2,141,0,143,18,4,258,0,280,63,0,63,343
03/12/2023,MLB,FL,ASO,ES,Federal Contract Tower,14,11,134,0,159,0,0,187,0,187,14,11,321,0,346,82,0,82,428
03/13/2023,MLB,FL,ASO,ES,Federal Contract Tower,16,5,39,0,60,0,2,20,0,22,16,7,59,0,82,24,0,24,106
03/14/2023,MLB,FL,ASO,ES,Federal Contract Tower,14,5,143,0,162,0,0,226,4,230,14,5,369,4,392,77,2,79,471
03/15/2023,MLB,FL,ASO,ES,Federal Contract Tower,18,3,96,0,117,0,0,128,0,128,18,3,224,0,245,164,0,164,409
03/16/2023,MLB,FL,ASO,ES,Federal Contract Tower,13,5,102,0,120,0,0,283,0,283,13,5,385,0,403,238,2,240,643
03/17/2023,MLB,FL,ASO,ES,Federal Contract Tower,13,6,73,1,93,0,1,174,0,175,13,7,247,1,268,105,0,105,373
03/18/2023,MLB,FL,ASO,ES,Federal Contract Tower,19,2,72,0,93,0,3,140,0,143,19,5,212,0,236,74,0,74,310
03/19/2023,MLB,FL,ASO,ES,Federal Contract Tower,13,5,91,0,109,0,0,117,3,120,13,5,208,3,229,44,0,44,273
03/20/2023,MLB,FL,ASO,ES,Federal Contract Tower,19,5,55,0,79,0,2,176,0,178,19,7,231,0,257,137,0,137,394
03/21/2023,MLB,FL,ASO,ES,Federal Contract Tower,15,7,157,0,179,0,1,307,0,308,15,8,464,0,487,306,0,306,793
03/22/2023,MLB,FL,ASO,ES,Federal Contract Tower,16,8,129,0,153,0,0,259,0,259,16,8,388,0,412,224,0,224,636
03/23/2023,MLB,FL,ASO,ES,Federal Contract Tower,18,2,125,0,145,0,0,358,0,358,18,2,483,0,503,244,0,244,747
03/24/2023,MLB,FL,ASO,ES,Federal Contract Tower,17,3,78,3,101,0,1,271,4,276,17,4,349,7,377,120,0,120,497
03/25/2023,MLB,FL,ASO,ES,Federal Contract Tower,17,0,129,1,147,0,0,238,0,238,17,0,367,1,385,58,0,58,443
03/26/2023,MLB,FL,ASO,ES,Federal Contract Tower,15,3,78,2,98,0,0,135,0,135,15,3,213,2,233,78,0,78,311
03/27/2023,MLB,FL,ASO,ES,Federal Contract Tower,17,3,142,0,162,0,0,225,0,225,17,3,367,0,387,186,0,186,573
03/28/2023,MLB,FL,ASO,ES,Federal Contract Tower,20,1,118,0,139,0,2,275,1,278,20,3,393,1,417,278,0,278,695
03/29/2023,MLB,FL,ASO,ES,Federal Contract Tower,15,4,137,0,156,0,1,188,0,189,15,5,325,0,345,143,0,143,488
03/30/2023,MLB,FL,ASO,ES,Federal Contract Tower,21,2,151,0,174,0,1,289,0,290,21,3,440,0,464,360,0,360,824
03/31/2023,MLB,FL,ASO,ES,Federal Contract Tower,17,3,95,0,115,0,0,186,0,186,17,3,281,0,301,42,0,42,343
04/01/2023,MLB,FL,ASO,ES,Federal Contract Tower,21,9,88,0,118,0,1,242,0,243,21,10,330,0,361,125,0,125,486
04/02/2023,MLB,FL,ASO,ES,Federal Contract Tower,20,4,103,0,127,0,1,109,0,110,20,5,212,0,237,70,0,70,307
04/03/2023,MLB,FL,ASO,ES,Federal Contract Tower,19,3,104,2,128,0,0,149,0,149,19,3,253,2,277,103,0,103,380
04/04/2023,MLB,FL,ASO,ES,Federal Contract Tower,20,4,102,0,126,0,1,322,0,323,20,5,424,0,449,252,0,252,701
04/05/2023,MLB,FL,ASO,ES,Federal Contract Tower,15,5,128,1,149,0,5,269,0,274,15,10,397,1,423,236,0,236,659
04/06/2023,MLB,FL,ASO,ES,Federal Contract Tower,18,2,109,3,132,0,0,273,0,273,18,2,382,3,405,254,6,260,665
04/07/2023,MLB,FL,ASO,ES,Federal Contract Tower,23,4,134,5,166,0,2,247,0,249,23,6,381,5,415,156,0,156,571
04/08/2023,MLB,FL,ASO,ES,Federal Contract Tower,19,2,92,3,116,0,0,283,0,283,19,2,375,3,399,188,0,188,587
04/09/2023,MLB,FL,ASO,ES,Federal Contract Tower,17,5,58,1,81,0,0,11,0,11,17,5,69,1,92,4,0,4,96
04/10/2023,MLB,FL,ASO,ES,Federal Contract Tower,17,2,51,0,70,0,0,44,2,46,17,2,95,2,116,28,0,28,144
04/11/2023,MLB,FL,ASO,ES,Federal Contract Tower,17,1,67,0,85,0,1,132,0,133,17,2,199,0,218,70,0,70,288
04/12/2023,MLB,FL,ASO,ES,Federal Contract Tower,20,1,66,4,91,0,1,54,0,55,20,2,120,4,146,36,0,36,182
04/13/2023,MLB,FL,ASO,ES,Federal Contract Tower,16,8,39,0,63,0,0,108,0,108,16,8,147,0,171,20,0,20,191
04/14/2023,MLB,FL,ASO,ES,Federal Contract Tower,17,5,83,3,108,0,1,308,0,309,17,6,391,3,417,252,0,252,669
04/15/2023,MLB,FL,ASO,ES,Federal Contract Tower,26,1,110,2,139,0,0,325,0,325,26,1,435,2,464,193,0,193,657
04/16/2023,MLB,FL,ASO,ES,Federal Contract Tower,25,3,52,0,80,0,2,130,0,132,25,5,182,0,212,89,0,89,301
04/17/2023,MLB,FL,ASO,ES,Federal Contract Tower,18,9,66,0,93,0,0,84,0,84,18,9,150,0,177,104,0,104,281
04/18/2023,MLB,FL,ASO,ES,Federal Contract Tower,18,4,143,0,165,0,1,293,0,294,18,5,436,0,459,204,0,204,663
04/19/2023,MLB,FL,ASO,ES,Federal Contract Tower,17,10,157,0,184,0,3,275,1,279,17,13,432,1,463,308,0,308,771
04/20/2023,MLB,FL,ASO,ES,Federal Contract Tower,16,13,69,0,98,0,1,365,0,366,16,14,434,0,464,260,0,260,724
04/21/2023,MLB,FL,ASO,ES,Federal Contract Tower,21,5,163,0,189,0,4,340,2,346,21,9,503,2,535,372,0,372,907
04/22/2023,MLB,FL,ASO,ES,Federal Contract Tower,27,1,88,0,116,0,1,246,0,247,27,2,334,0,363,150,0,150,513
04/23/2023,MLB,FL,ASO,ES,Federal Contract Tower,17,3,51,0,71,0,1,134,4,139,17,4,185,4,210,86,0,86,296
04/24/2023,MLB,FL,ASO,ES,Federal Contract Tower,21,5,54,2,82,0,2,74,0,76,21,7,128,2,158,107,0,107,265
04/25/2023,MLB,FL,ASO,ES,Federal Contract Tower,15,4,63,0,82,0,0,176,0,176,15,4,239,0,258,90,0,90,348
04/26/2023,MLB,FL,ASO,ES,Federal Contract Tower,15,6,130,8,159,0,2,214,0,216,15,8,344,8,375,174,0,174,549
04/27/2023,MLB,FL,ASO,ES,Federal Contract Tower,15,4,113,0,132,0,1,218,0,219,15,5,331,0,351,120,0,120,471
04/28/2023,MLB,FL,ASO,ES,Federal Contract Tower,21,7,91,5,124,0,0,169,0,169,21,7,260,5,293,158,0,158,451
04/29/2023,MLB,FL,ASO,ES,Federal Contract Tower,21,7,49,0,77,0,0,206,0,206,21,7,255,0,283,138,0,138,421
04/30/2023,MLB,FL,ASO,ES,Federal Contract Tower,22,5,22,0,49,0,0,43,0,43,22,5,65,0,92,4,0,4,96
05/01/2023,MLB,FL,ASO,ES,Federal Contract Tower,18,3,141,0,162,0,0,305,0,305,18,3,446,0,467,196,0,196,663
05/02/2023,MLB,FL,ASO,ES,Federal Contract Tower,17,2,185,0,204,0,2,323,0,325,17,4,508,0,529,218,0,218,747
05/03/2023,MLB,FL,ASO,ES,Federal Contract Tower,19,5,114,0,138,0,1,316,0,317,19,6,430,0,455,189,0,189,644
05/04/2023,MLB,FL,ASO,ES,Federal Contract Tower,22,2,129,0,153,0,4,327,2,333,22,6,456,2,486,276,2,278,764
05/05/2023,MLB,FL,ASO,ES,Federal Contract Tower,24,5,162,0,191,0,4,254,2,260,24,9,416,2,451,188,0,188,639
05/06/2023,MLB,FL,ASO,ES,Federal Contract Tower,21,6,52,0,79,0,0,125,0,125,21,6,177,0,204,45,0,45,249
05/07/2023,MLB,FL,ASO,ES,Federal Contract Tower,23,4,65,0,92,0,3,151,0,154,23,7,216,0,246,144,0,144,390
05/08/2023,MLB,FL,ASO,ES,Federal Contract Tower,18,3,99,1,121,0,0,310,0,310,18,3,409,1,431,239,0,239,670
05/09/2023,MLB,FL,ASO,ES,Federal Contract Tower,16,4,123,0,143,0,0,302,0,302,16,4,425,0,445,108,0,108,553
05/10/2023,MLB,FL,ASO,ES,Federal Contract Tower,18,2,129,0,149,0,2,335,0,337,18,4,464,0,486,286,0,286,772
05/11/2023,MLB,FL,ASO,ES,Federal Contract Tower,20,2,136,0,158,0,2,254,0,256,20,4,390,0,414,224,0,224,638
05/12/2023,MLB,FL,ASO,ES,Federal Contract Tower,15,4,139,2,160,0,5,254,0,259,15,9,393,2,419,132,0,132,551
05/13/2023,MLB,FL,ASO,ES,Federal Contract Tower,18,4,153,0,175,0,2,209,0,211,18,6,362,0,386,111,0,111,497
05/14/2023,MLB,FL,ASO,ES,Federal Contract Tower,29,3,52,0,84,0,0,137,0,137,29,3,189,0,221,116,0,116,337
05/15/2023,MLB,FL,ASO,ES,Federal Contract Tower,19,4,107,0,130,0,1,299,0,300,19,5,406,0,430,196,0,196,626
05/16/2023,MLB,FL,ASO,ES,Federal Contract Tower,19,9,140,0,168,0,0,372,0,372,19,9,512,0,540,225,0,225,765
05/17/2023,MLB,FL,ASO,ES,Federal Contract Tower,18,7,112,2,139,0,0,239,0,239,18,7,351,2,378,223,0,223,601
05/18/2023,MLB,FL,ASO,ES,Federal Contract Tower,19,7,99,0,125,0,0,274,0,274,19,7,373,0,399,273,0,273,672
05/19/2023,MLB,FL,ASO,ES,Federal Contract Tower,16,3,142,3,164,0,3,324,6,333,16,6,466,9,497,270,0,270,767
05/20/2023,MLB,FL,ASO,ES,Federal Contract Tower,26,5,67,0,98,0,1,222,0,223,26,6,289,0,321,142,0,142,463
05/21/2023,MLB,FL,ASO,ES,Federal Contract Tower,21,1,93,0,115,0,3,150,0,153,21,4,243,0,268,128,0,128,396
05/22/2023,MLB,FL,ASO,ES,Federal Contract Tower,15,10,80,0,105,0,0,173,0,173,15,10,253,0,278,152,0,152,430
05/23/2023,MLB,FL,ASO,ES,Federal Contract Tower,21,7,138,2,168,0,0,119,0,119,21,7,257,2,287,196,0,196,483
05/24/2023,MLB,FL,ASO,ES,Federal Contract Tower,14,2,110,0,126,0,0,161,0,161,14,2,271,0,287,125,0,125,412
05/25/2023,MLB,FL,ASO,ES,Federal Contract Tower,17,7,120,2,146,0,2,127,0,129,17,9,247,2,275,80,0,80,355
05/26/2023,MLB,FL,ASO,ES,Federal Contract Tower,23,3,67,0,93,0,1,181,0,182,23,4,248,0,275,138,0,138,413
05/27/2023,MLB,FL,ASO,ES,Federal Contract Tower,22,5,166,0,193,0,2,220,0,222,22,7,386,0,415,175,0,175,590
05/28/2023,MLB,FL,ASO,ES,Federal Contract Tower,23,2,72,0,97,0,4,151,0,155,23,6,223,0,252,196,0,196,448
05/29/2023,MLB,FL,ASO,ES,Federal Contract Tower,15,5,99,0,119,0,1,194,0,195,15,6,293,0,314,170,0,170,484
05/30/2023,MLB,FL,ASO,ES,Federal Contract Tower,19,5,160,0,184,0,1,387,0,388,19,6,547,0,572,243,0,243,815
05/31/2023,MLB,FL,ASO,ES,Federal Contract Tower,22,2,131,0,155,0,0,190,0,190,22,2,321,0,345,174,0,174,519
06/01/2023,MLB,FL,ASO,ES,Federal Contract Tower,16,2,85,0,103,0,0,115,0,115,16,2,200,0,218,32,0,32,250
06/02/2023,MLB,FL,ASO,ES,Federal Contract Tower,17,3,108,1,129,0,1,179,0,180,17,4,287,1,309,193,0,193,502
06/03/2023,MLB,FL,ASO,ES,Federal Contract Tower,23,3,88,0,114,0,4,143,0,147,23,7,231,0,261,83,0,83,344
06/04/2023,MLB,FL,ASO,ES,Federal Contract Tower,18,2,68,1,89,0,2,140,2,144,18,4,208,3,233,108,0,108,341
06/05/2023,MLB,FL,ASO,ES,Federal Contract Tower,19,7,115,0,141,0,1,270,0,271,19,8,385,0,412,85,0,85,497
06/06/2023,MLB,FL,ASO,ES,Federal Contract Tower,19,20,118,0,157,0,2,356,0,358,19,22,474,0,515,236,0,236,751
06/07/2023,MLB,FL,ASO,ES,Federal Contract Tower,21,1,120,1,143,0,0,232,0,232,21,1,352,1,375,160,0,160,535
06/08/2023,MLB,FL,ASO,ES,Federal Contract Tower,18,0,109,2,129,0,1,215,0,216,18,1,324,2,345,102,0,102,447
06/09/2023,MLB,FL,ASO,ES,Federal Contract Tower,13,4,75,2,94,0,0,247,0,247,13,4,322,2,341,216,0,216,557
06/10/2023,MLB,FL,ASO,ES,Federal Contract Tower,19,4,55,0,78,0,5,224,1,230,19,9,279,1,308,106,0,106,414
06/11/2023,MLB,FL,ASO,ES,Federal Contract Tower,20,5,81,0,106,0,1,160,0,161,20,6,241,0,267,92,0,92,359
06/12/2023,MLB,FL,ASO,ES,Federal Contract Tower,14,4,78,0,96,0,2,246,0,248,14,6,324,0,344,60,0,60,404
06/13/2023,MLB,FL,ASO,ES,Federal Contract Tower,19,5,145,1,170,0,0,257,0,257,19,5,402,1,427,185,0,185,612
06/14/2023,MLB,FL,ASO,ES,Federal Contract Tower,16,0,115,2,133,0,0,261,0,261,16,0,376,2,394,146,0,146,540
06/15/2023,MLB,FL,ASO,ES,Federal Contract Tower,16,16,99,0,131,0,0,244,0,244,16,16,343,0,375,85,0,85,460
06/16/2023,MLB,FL,ASO,ES,Federal Contract Tower,12,5,97,0,114,0,1,141,0,142,12,6,238,0,256,88,0,88,344
06/17/2023,MLB,FL,ASO,ES,Federal Contract Tower,25,5,56,0,86,0,0,112,0,112,25,5,168,0,198,45,0,45,243
06/18/2023,MLB,FL,ASO,ES,Federal Contract Tower,25,3,63,0,91,0,0,126,0,126,25,3,189,0,217,72,0,72,289
06/19/2023,MLB,FL,ASO,ES,Federal Contract Tower,10,2,79,0,91,0,0,151,0,151,10,2,230,0,242,126,0,126,368
06/20/2023,MLB,FL,ASO,ES,Federal Contract Tower,22,3,112,0,137,0,0,135,0,135,22,3,247,0,272,126,0,126,398
06/21/2023,MLB,FL,ASO,ES,Federal Contract Tower,15,4,97,0,116,0,1,135,0,136,15,5,232,0,252,99,0,99,351
06/22/2023,MLB,FL,ASO,ES,Federal Contract Tower,20,3,118,0,141,0,3,222,0,225,20,6,340,0,366,234,0,234,600
06/23/2023,MLB,FL,ASO,ES,Federal Contract Tower,15,3,130,0,148,0,3,125,0,128,15,6,255,0,276,136,0,136,412
06/24/2023,MLB,FL,ASO,ES,Federal Contract Tower,22,1,65,0,88,0,0,234,0,234,22,1,299,0,322,96,0,96,418
06/25/2023,MLB,FL,ASO,ES,Federal Contract Tower,19,2,58,0,79,0,1,181,0,182,19,3,239,0,261,56,0,56,317
06/26/2023,MLB,FL,ASO,ES,Federal Contract Tower,19,6,185,0,210,0,4,266,2,272,19,10,451,2,482,134,0,134,616
06/27/2023,MLB,FL,ASO,ES,Federal Contract Tower,16,6,145,1,168,0,1,338,0,339,16,7,483,1,507,195,0,195,702
06/28/2023,MLB,FL,ASO,ES,Federal Contract Tower,22,2,120,0,144,0,1,201,0,202,22,3,321,0,346,172,0,172,518
06/29/2023,MLB,FL,ASO,ES,Federal Contract Tower,17,2,103,1,123,0,2,277,1,280,17,4,380,2,403,198,0,198,601
06/30/2023,MLB,FL,ASO,ES,Federal Contract Tower,12,3,132,0,147,0,4,228,0,232,12,7,360,0,379,206,0,206,585
07/01/2023,MLB,FL,ASO,ES,Federal Contract Tower,19,3,118,0,140,0,3,158,0,161,19,6,276,0,301,124,0,124,425
07/02/2023,MLB,FL,ASO,ES,Federal Contract Tower,24,5,77,0,106,0,2,165,0,167,24,7,242,0,273,108,0,108,381
07/03/2023,MLB,FL,ASO,ES,Federal Contract Tower,15,3,74,0,92,0,0,221,0,221,15,3,295,0,313,298,0,298,611
07/04/2023,MLB,FL,ASO,ES,Federal Contract Tower,16,1,49,0,66,0,1,134,0,135,16,2,183,0,201,48,0,48,249
07/05/2023,MLB,FL,ASO,ES,Federal Contract Tower,16,1,88,0,105,0,2,230,0,232,16,3,318,0,337,236,0,236,573
07/06/2023,MLB,FL,ASO,ES,Federal Contract Tower,15,1,96,2,114,0,0,188,0,188,15,1,284,2,302,133,0,133,435
07/07/2023,MLB,FL,ASO,ES,Federal Contract Tower,19,2,83,0,104,0,0,174,3,177,19,2,257,3,281,209,0,209,490
07/08/2023,MLB,FL,ASO,ES,Federal Contract Tower,21,3,62,0,86,0,0,144,0,144,21,3,206,0,230,99,0,99,329
07/09/2023,MLB,FL,ASO,ES,Federal Contract Tower,21,3,54,0,78,0,5,119,0,124,21,8,173,0,202,44,0,44,246
07/10/2023,MLB,FL,ASO,ES,Federal Contract Tower,22,1,78,0,101,0,0,245,0,245,22,1,323,0,346,120,0,120,466
07/11/2023,MLB,FL,ASO,ES,Federal Contract Tower,18,2,132,0,152,0,0,241,0,241,18,2,373,0,393,285,0,285,678
07/12/2023,MLB,FL,ASO,ES,Federal Contract Tower,17,6,120,0,143,0,0,279,0,279,17,6,399,0,422,230,0,230,652
07/13/2023,MLB,FL,ASO,ES,Federal Contract Tower,20,1,76,0,97,0,0,228,1,229,20,1,304,1,326,160,0,160,486
07/14/2023,MLB,FL,ASO,ES,Federal Contract Tower,16,1,63,0,80,0,0,208,0,208,16,1,271,0,288,126,0,126,414
07/15/2023,MLB,FL,ASO,ES,Federal Contract Tower,23,3,87,0,113,0,0,192,0,192,23,3,279,0,305,128,0,128,433
07/16/2023,MLB,FL,ASO,ES,Federal Contract Tower,21,1,49,0,71,0,2,132,0,134,21,3,181,0,205,46,0,46,251
07/17/2023,MLB,FL,ASO,ES,Federal Contract Tower,18,1,119,0,138,0,0,223,0,223,18,1,342,0,361,237,0,237,598
07/18/2023,MLB,FL,ASO,ES,Federal Contract Tower,17,3,106,0,126,0,2,232,0,234,17,5,338,0,360,122,0,122,482
07/19/2023,MLB,FL,ASO,ES,Federal Contract Tower,16,3,113,1,133,0,0,211,0,211,16,3,324,1,344,218,0,218,562
07/20/2023,MLB,FL,ASO,ES,Federal Contract Tower,15,2,137,0,154,0,0,275,0,275,15,2,412,0,429,170,0,170,599
07/21/2023,MLB,FL,ASO,ES,Federal Contract Tower,16,3,117,0,136,0,1,251,0,252,16,4,368,0,388,171,0,171,559
07/22/2023,MLB,FL,ASO,ES,Federal Contract Tower,17,0,51,0,68,0,0,159,0,159,17,0,210,0,227,60,0,60,287
07/23/2023,MLB,FL,ASO,ES,Federal Contract Tower,19,2,45,0,66,0,0,121,0,121,19,2,166,0,187,30,0,30,217
07/24/2023,MLB,FL,ASO,ES,Federal Contract Tower,12,0,84,0,96,0,1,245,0,246,12,1,329,0,342,286,0,286,628
07/25/2023,MLB,FL,ASO,ES,Federal Contract Tower,19,1,75,0,95,0,0,180,0,180,19,1,255,0,275,198,0,198,473
07/26/2023,MLB,FL,ASO,ES,Federal Contract Tower,17,2,114,0,133,0,0,205,0,205,17,2,319,0,338,203,0,203,541
07/27/2023,MLB,FL,ASO,ES,Federal Contract Tower,18,2,58,0,78,0,0,63,0,63,18,2,121,0,141,54,0,54,195
07/28/2023,MLB,FL,ASO,ES,Federal Contract Tower,15,3,37,1,56,0,1,118,1,120,15,4,155,2,176,54,0,54,230
07/29/2023,MLB,FL,ASO,ES,Federal Contract Tower,25,3,113,1,142,0,0,162,0,162,25,3,275,1,304,103,0,103,407
07/30/2023,MLB,FL,ASO,ES,Federal Contract Tower,19,1,66,0,86,0,2,191,0,193,19,3,257,0,279,52,0,52,331
07/31/2023,MLB,FL,ASO,ES,Federal Contract Tower,19,2,61,0,82,0,0,193,0,193,19,2,254,0,275,163,0,163,438
08/01/2023,MLB,FL,ASO,ES,Federal Contract Tower,15,13,86,1,115,0,2,198,0,200,15,15,284,1,315,171,0,171,486
08/02/2023,MLB,FL,ASO,ES,Federal Contract Tower,20,2,107,0,129,0,0,225,0,225,20,2,332,0,354,168,0,168,522
08/03/2023,MLB,FL,ASO,ES,Federal Contract Tower,18,4,102,0,124,0,2,198,0,200,18,6,300,0,324,165,0,165,489
08/04/2023,MLB,FL,ASO,ES,Federal Contract Tower,16,2,108,0,126,0,0,186,0,186,16,2,294,0,312,128,0,128,440
08/05/2023,MLB,FL,ASO,ES,Federal Contract Tower,27,2,66,0,95,0,1,189,0,190,27,3,255,0,285,108,0,108,393
08/06/2023,MLB,FL,ASO,ES,Federal Contract Tower,22,3,51,0,76,0,0,141,0,141,22,3,192,0,217,66,0,66,283
08/07/2023,MLB,FL,ASO,ES,Federal Contract Tower,15,1,108,0,124,0,1,200,0,201,15,2,308,0,325,79,10,89,414
08/08/2023,MLB,FL,ASO,ES,Federal Contract Tower,17,1,110,0,128,0,0,207,0,207,17,1,317,0,335,113,0,113,448
08/09/2023,MLB,FL,ASO,ES,Federal Contract Tower,21,15,135,0,171,0,0,205,0,205,21,15,340,0,376,163,0,163,539
08/10/2023,MLB,FL,ASO,ES,Federal Contract Tower,15,3,95,0,113,0,1,208,0,209,15,4,303,0,322,176,0,176,498
08/11/2023,MLB,FL,ASO,ES,Federal Contract Tower,22,3,107,1,133,0,2,208,1,211,22,5,315,2,344,188,0,188,532
08/12/2023,MLB,FL,ASO,ES,Federal Contract Tower,19,3,93,0,115,0,2,214,0,216,19,5,307,0,331,123,0,123,454
08/13/2023,MLB,FL,ASO,ES,Federal Contract Tower,19,9,69,0,97,0,0,100,0,100,19,9,169,0,197,66,0,66,263
08/14/2023,MLB,FL,ASO,ES,Federal Contract Tower,15,3,99,0,117,0,0,179,0,179,15,3,278,0,296,126,0,126,422
08/15/2023,MLB,FL,ASO,ES,Federal Contract Tower,20,3,108,0,131,0,0,233,0,233,20,3,341,0,364,247,0,247,611
08/16/2023,MLB,FL,ASO,ES,Federal Contract Tower,20,0,92,0,112,0,0,173,0,173,20,0,265,0,285,144,0,144,429
08/17/2023,MLB,FL,ASO,ES,Federal Contract Tower,15,2,127,0,144,0,0,140,0,140,15,2,267,0,284,100,0,100,384
08/18/2023,MLB,FL,ASO,ES,Federal Contract Tower,15,2,73,0,90,0,1,129,0,130,15,3,202,0,220,93,0,93,313
08/19/2023,MLB,FL,ASO,ES,Federal Contract Tower,23,7,84,1,115,0,0,158,0,158,23,7,242,1,273,134,2,136,409
08/20/2023,MLB,FL,ASO,ES,Federal Contract Tower,20,6,68,3,97,0,2,112,2,116,20,8,180,5,213,60,0,60,273
08/21/2023,MLB,FL,ASO,ES,Federal Contract Tower,13,9,128,2,152,0,1,179,0,180,13,10,307,2,332,179,0,179,511
08/22/2023,MLB,FL,ASO,ES,Federal Contract Tower,23,6,150,0,179,0,0,220,3,223,23,6,370,3,402,195,0,195,597
08/23/2023,MLB,FL,ASO,ES,Federal Contract Tower,18,1,129,1,149,0,0,224,1,225,18,1,353,2,374,150,0,150,524
08/24/2023,MLB,FL,ASO,ES,Federal Contract Tower,17,2,93,1,113,0,2,150,1,153,17,4,243,2,266,133,0,133,399
08/25/2023,MLB,FL,ASO,ES,Federal Contract Tower,17,2,86,2,107,0,3,197,0,200,17,5,283,2,307,94,0,94,401
08/26/2023,MLB,FL,ASO,ES,Federal Contract Tower,25,0,138,0,163,0,2,215,0,217,25,2,353,0,380,100,0,100,480
08/27/2023,MLB,FL,ASO,ES,Federal Contract Tower,19,2,64,6,91,0,4,127,0,131,19,6,191,6,222,36,10,46,268
08/28/2023,MLB,FL,ASO,ES,Federal Contract Tower,19,4,112,0,135,0,0,131,0,131,19,4,243,0,266,196,0,196,462
08/29/2023,MLB,FL,ASO,ES,Federal Contract Tower,24,14,105,6,149,0,0,123,6,129,24,14,228,12,278,59,0,59,337
08/30/2023,MLB,FL,ASO,ES,Federal Contract Tower,16,0,3,0,19,0,0,0,1,1,16,0,3,1,20,0,0,0,20
08/31/2023,MLB,FL,ASO,ES,Federal Contract Tower,17,5,106,4,132,0,2,151,4,157,17,7,257,8,289,38,6,44,333
01/01/2020,MLB,FL,ASO,ES,Federal Contract Tower,12,4,41,0,57,0,4,41,0,45,12,8,82,0,102,16,0,16,118
01/02/2020,MLB,FL,ASO,ES,Federal Contract Tower,17,5,104,0,126,0,9,112,0,121,17,14,216,0,247,82,0,82,329
01/03/2020,MLB,FL,ASO,ES,Federal Contract Tower,16,16,98,1,131,0,5,93,2,100,16,21,191,3,231,108,0,108,339
01/04/2020,MLB,FL,ASO,ES,Federal Contract Tower,18,5,57,0,80,0,2,6,0,8,18,7,63,0,88,4,0,4,92
01/05/2020,MLB,FL,ASO,ES,Federal Contract Tower,20,5,60,0,85,0,3,99,0,102,20,8,159,0,187,60,0,60,247
01/06/2020,MLB,FL,ASO,ES,Federal Contract Tower,21,0,99,0,120,0,1,204,0,205,21,1,303,0,325,106,0,106,431
01/07/2020,MLB,FL,ASO,ES,Federal Contract Tower,20,1,103,2,126,0,6,172,4,182,20,7,275,6,308,138,0,138,446
01/08/2020,MLB,FL,ASO,ES,Federal Contract Tower,19,3,115,0,137,0,9,173,0,182,19,12,288,0,319,130,0,130,449
01/09/2020,MLB,FL,ASO,ES,Federal Contract Tower,23,7,75,0,105,0,9,102,0,111,23,16,177,0,216,83,0,83,299
01/10/2020,MLB,FL,ASO,ES,Federal Contract Tower,17,7,64,4,92,0,0,92,0,92,17,7,156,4,184,92,14,106,290
01/11/2020,MLB,FL,ASO,ES,Federal Contract Tower,16,0,60,0,76,0,2,32,2,36,16,2,92,2,112,26,2,28,140
01/12/2020,MLB,FL,ASO,ES,Federal Contract Tower,22,5,64,14,105,0,4,58,2,64,22,9,122,16,169,38,0,38,207
01/13/2020,MLB,FL,ASO,ES,Federal Contract Tower,20,3,99,5,127,0,7,194,0,201,20,10,293,5,328,110,0,110,438
01/14/2020,MLB,FL,ASO,ES,Federal Contract Tower,16,5,92,2,115,0,1,112,0,113,16,6,204,2,228,84,0,84,312
01/15/2020,MLB,FL,ASO,ES,Federal Contract Tower,19,1,87,0,107,0,6,215,1,222,19,7,302,1,329,200,0,200,529
01/16/2020,MLB,FL,ASO,ES,Federal Contract Tower,19,4,123,1,147,0,2,215,0,217,19,6,338,1,364,164,0,164,528
01/17/2020,MLB,FL,ASO,ES,Federal Contract Tower,22,4,133,1,160,0,3,86,0,89,22,7,219,1,249,88,0,88,337
01/18/2020,MLB,FL,ASO,ES,Federal Contract Tower,17,3,84,0,104,0,6,101,0,107,17,9,185,0,211,32,0,32,243
01/19/2020,MLB,FL,ASO,ES,Federal Contract Tower,20,4,107,2,133,0,7,134,0,141,20,11,241,2,274,94,0,94,368
01/20/2020,MLB,FL,ASO,ES,Federal Contract Tower,23,2,89,0,114,0,7,169,0,176,23,9,258,0,290,54,0,54,344
01/21/2020,MLB,FL,ASO,ES,Federal Contract Tower,18,11,80,0,109,0,2,92,1,95,18,13,172,1,204,56,0,56,260
01/22/2020,MLB,FL,ASO,ES,Federal Contract Tower,30,5,37,0,72,1,3,11,0,15,31,8,48,0,87,0,0,0,87
01/23/2020,MLB,FL,ASO,ES,Federal Contract Tower,21,11,99,0,131,0,0,28,0,28,21,11,127,0,159,34,0,34,193
01/24/2020,MLB,FL,ASO,ES,Federal Contract Tower,24,2,151,1,178,0,0,187,0,187,24,2,338,1,365,286,0,286,651
01/25/2020,MLB,FL,ASO,ES,Federal Contract Tower,19,4,131,0,154,0,1,247,0,248,19,5,378,0,402,160,0,160,562
01/26/2020,MLB,FL,ASO,ES,Federal Contract Tower,19,6,85,0,110,0,5,176,0,181,19,11,261,0,291,104,0,104,395
01/27/2020,MLB,FL,ASO,ES,Federal Contract Tower,20,3,142,0,165,0,8,226,0,234,20,11,368,0,399,318,0,318,717
01/28/2020,MLB,FL,ASO,ES,Federal Contract Tower,17,5,101,1,124,0,3,178,0,181,17,8,279,1,305,100,0,100,405
01/29/2020,MLB,FL,ASO,ES,Federal Contract Tower,17,7,94,1,119,0,2,258,0,260,17,9,352,1,379,130,0,130,509
01/30/2020,MLB,FL,ASO,ES,Federal Contract Tower,21,4,106,0,131,0,1,51,0,52,21,5,157,0,183,0,0,0,183
01/31/2020,MLB,FL,ASO,ES,Federal Contract Tower,23,8,143,0,174,0,2,199,0,201,23,10,342,0,375,196,0,196,571
02/01/2020,MLB,FL,ASO,ES,Federal Contract Tower,18,3,65,0,86,0,2,26,0,28,18,5,91,0,114,12,0,12,126
02/02/2020,MLB,FL,ASO,ES,Federal Contract Tower,16,7,74,0,97,0,3,113,0,116,16,10,187,0,213,60,0,60,273
02/03/2020,MLB,FL,ASO,ES,Federal Contract Tower,22,13,102,0,137,0,6,291,0,297,22,19,393,0,434,186,0,186,620
02/04/2020,MLB,FL,ASO,ES,Federal Contract Tower,18,2,107,0,127,0,4,190,0,194,18,6,297,0,321,182,0,182,503
02/05/2020,MLB,FL,ASO,ES,Federal Contract Tower,15,15,98,0,128,0,4,207,0,211,15,19,305,0,339,188,0,188,527
02/06/2020,MLB,FL,ASO,ES,Federal Contract Tower,13,5,50,4,72,0,3,22,0,25,13,8,72,4,97,8,0,8,105
02/07/2020,MLB,FL,ASO,ES,Federal Contract Tower,16,8,113,1,138,0,9,110,0,119,16,17,223,1,257,56,0,56,313
02/08/2020,MLB,FL,ASO,ES,Federal Contract Tower,18,1,100,2,121,0,6,222,0,228,18,7,322,2,349,188,0,188,537
02/09/2020,MLB,FL,ASO,ES,Federal Contract Tower,19,3,66,0,88,0,10,128,2,140,19,13,194,2,228,97,0,97,325
02/10/2020,MLB,FL,ASO,ES,Federal Contract Tower,19,2,176,4,201,0,5,217,2,224,19,7,393,6,425,250,0,250,675
02/11/2020,MLB,FL,ASO,ES,Federal Contract Tower,16,6,128,0,150,0,6,175,0,181,16,12,303,0,331,238,0,238,569
02/12/2020,MLB,FL,ASO,ES,Federal Contract Tower,22,8,114,1,145,0,3,143,0,146,22,11,257,1,291,244,0,244,535
02/13/2020,MLB,FL,ASO,ES,Federal Contract Tower,15,6,121,1,143,0,3,137,0,140,15,9,258,1,283,86,6,92,375
02/14/2020,MLB,FL,ASO,ES,Federal Contract Tower,27,2,70,1,100,0,0,16,0,16,27,2,86,1,116,0,0,0,116
02/15/2020,MLB,FL,ASO,ES,Federal Contract Tower,11,2,79,2,94,0,7,57,0,64,11,9,136,2,158,96,0,96,254
02/16/2020,MLB,FL,ASO,ES,Federal Contract Tower,14,4,57,1,76,0,2,106,0,108,14,6,163,1,184,79,0,79,263
02/17/2020,MLB,FL,ASO,ES,Federal Contract Tower,23,2,104,0,129,0,1,208,0,209,23,3,312,0,338,200,0,200,538
02/18/2020,MLB,FL,ASO,ES,Federal Contract Tower,19,0,115,2,136,0,5,197,0,202,19,5,312,2,338,156,0,156,494
02/19/2020,MLB,FL,ASO,ES,Federal Contract Tower,21,4,88,1,114,0,5,182,1,188,21,9,270,2,302,168,0,168,470
02/20/2020,MLB,FL,ASO,ES,Federal Contract Tower,20,3,184,4,211,0,3,87,0,90,20,6,271,4,301,80,0,80,381
02/21/2020,MLB,FL,ASO,ES,Federal Contract Tower,20,4,35,0,59,0,5,5,10,20,20,9,40,10,79,0,0,0,79
02/22/2020,MLB,FL,ASO,ES,Federal Contract Tower,17,6,86,0,109,0,6,81,0,87,17,12,167,0,196,18,0,18,214
02/23/2020,MLB,FL,ASO,ES,Federal Contract Tower,20,4,73,0,97,0,4,190,3,197,20,8,263,3,294,130,0,130,424
02/24/2020,MLB,FL,ASO,ES,Federal Contract Tower,18,8,100,0,126,0,3,171,0,174,18,11,271,0,300,156,0,156,456
02/25/2020,MLB,FL,ASO,ES,Federal Contract Tower,25,0,104,0,129,0,7,157,0,164,25,7,261,0,293,100,0,100,393
02/26/2020,MLB,FL,ASO,ES,Federal Contract Tower,20,5,94,2,121,0,4,68,0,72,20,9,162,2,193,58,0,58,251
02/27/2020,MLB,FL,ASO,ES,Federal Contract Tower,17,10,122,0,149,0,3,171,0,174,17,13,293,0,323,114,0,114,437
02/28/2020,MLB,FL,ASO,ES,Federal Contract Tower,18,1,145,2,166,0,6,223,0,229,18,7,368,2,395,236,0,236,631
02/29/2020,MLB,FL,ASO,ES,Federal Contract Tower,17,8,77,0,102,0,5,104,1,110,17,13,181,1,212,48,0,48,260
03/01/2020,MLB,FL,ASO,ES,Federal Contract Tower,23,5,74,0,102,0,7,200,0,207,23,12,274,0,309,134,0,134,443
03/02/2020,MLB,FL,ASO,ES,Federal Contract Tower,18,3,101,1,123,0,6,169,0,175,18,9,270,1,298,100,0,100,398
03/03/2020,MLB,FL,ASO,ES,Federal Contract Tower,21,6,92,2,121,0,2,190,0,192,21,8,282,2,313,184,0,184,497
03/04/2020,MLB,FL,ASO,ES,Federal Contract Tower,21,17,98,0,136,0,4,163,0,167,21,21,261,0,303,150,0,150,453
03/05/2020,MLB,FL,ASO,ES,Federal Contract Tower,20,3,117,5,145,0,3,76,0,79,20,6,193,5,224,62,0,62,286
03/06/2020,MLB,FL,ASO,ES,Federal Contract Tower,18,10,125,0,153,0,6,162,0,168,18,16,287,0,321,178,0,178,499
03/07/2020,MLB,FL,ASO,ES,Federal Contract Tower,20,4,56,1,81,0,0,53,0,53,20,4,109,1,134,26,0,26,160
03/08/2020,MLB,FL,ASO,ES,Federal Contract Tower,16,3,104,5,128,0,5,117,0,122,16,8,221,5,250,40,0,40,290
03/09/2020,MLB,FL,ASO,ES,Federal Contract Tower,16,6,131,0,153,0,4,138,1,143,16,10,269,1,296,66,0,66,362
03/10/2020,MLB,FL,ASO,ES,Federal Contract Tower,19,2,103,8,132,0,8,217,0,225,19,10,320,8,357,242,0,242,599
03/11/2020,MLB,FL,ASO,ES,Federal Contract Tower,19,8,106,2,135,0,7,212,0,219,19,15,318,2,354,186,0,186,540
03/12/2020,MLB,FL,ASO,ES,Federal Contract Tower,24,7,98,0,129,0,5,186,0,191,24,12,284,0,320,206,0,206,526
03/13/2020,MLB,FL,ASO,ES,Federal Contract Tower,21,2,78,0,101,0,6,181,6,193,21,8,259,6,294,232,0,232,526
03/14/2020,MLB,FL,ASO,ES,Federal Contract Tower,21,1,35,0,57,0,4,97,0,101,21,5,132,0,158,24,0,24,182
03/15/2020,MLB,FL,ASO,ES,Federal Contract Tower,23,2,65,5,95,0,4,71,3,78,23,6,136,8,173,126,2,128,301
03/16/2020,MLB,FL,ASO,ES,Federal Contract Tower,21,1,70,1,93,0,6,69,2,77,21,7,139,3,170,66,0,66,236
03/17/2020,MLB,FL,ASO,ES,Federal Contract Tower,19,5,78,0,102,0,9,82,0,91,19,14,160,0,193,24,0,24,217
03/18/2020,MLB,FL,ASO,ES,Federal Contract Tower,18,5,58,0,81,0,4,125,0,129,18,9,183,0,210,52,0,52,262
03/19/2020,MLB,FL,ASO,ES,Federal Contract Tower,11,3,92,0,106,0,5,101,0,106,11,8,193,0,212,77,0,77,289
03/20/2020,MLB,FL,ASO,ES,Federal Contract Tower,10,4,56,1,71,0,13,99,1,113,10,17,155,2,184,72,0,72,256
03/21/2020,MLB,FL,ASO,ES,Federal Contract Tower,16,7,84,0,107,0,5,83,0,88,16,12,167,0,195,32,0,32,227
03/22/2020,MLB,FL,ASO,ES,Federal Contract Tower,12,0,72,0,84,0,3,76,0,79,12,3,148,0,163,32,0,32,195
03/23/2020,MLB,FL,ASO,ES,Federal Contract Tower,11,0,66,0,77,0,4,99,0,103,11,4,165,0,180,68,0,68,248
03/24/2020,MLB,FL,ASO,ES,Federal Contract Tower,8,3,50,0,61,0,4,80,0,84,8,7,130,0,145,58,0,58,203
03/25/2020,MLB,FL,ASO,ES,Federal Contract Tower,5,2,77,1,85,0,3,63,0,66,5,5,140,1,151,94,0,94,245
03/26/2020,MLB,FL,ASO,ES,Federal Contract Tower,13,0,49,0,62,0,3,67,0,70,13,3,116,0,132,84,0,84,216
03/27/2020,MLB,FL,ASO,ES,Federal Contract Tower,14,1,50,0,65,0,2,92,0,94,14,3,142,0,159,28,0,28,187
03/28/2020,MLB,FL,ASO,ES,Federal Contract Tower,11,1,73,0,85,0,0,69,0,69,11,1,142,0,154,102,0,102,256
03/29/2020,MLB,FL,ASO,ES,Federal Contract Tower,10,2,53,0,65,0,2,102,0,104,10,4,155,0,169,16,0,16,185
03/30/2020,MLB,FL,ASO,ES,Federal Contract Tower,8,1,65,0,74,0,2,96,0,98,8,3,161,0,172,18,0,18,190
03/31/2020,MLB,FL,ASO,ES,Federal Contract Tower,5,3,35,0,43,0,2,58,1,61,5,5,93,1,104,30,0,30,134
04/01/2020,MLB,FL,ASO,ES,Federal Contract Tower,7,0,42,0,49,0,0,58,0,58,7,0,100,0,107,50,0,50,157
04/02/2020,MLB,FL,ASO,ES,Federal Contract Tower,12,0,73,0,85,0,1,79,0,80,12,1,152,0,165,32,0,32,197
04/03/2020,MLB,FL,ASO,ES,Federal Contract Tower,12,2,31,0,45,0,1,96,0,97,12,3,127,0,142,50,0,50,192
04/04/2020,MLB,FL,ASO,ES,Federal Contract Tower,5,1,67,0,73,0,3,70,0,73,5,4,137,0,146,60,0,60,206
04/05/2020,MLB,FL,ASO,ES,Federal Contract Tower,8,1,39,0,48,0,0,0,0,0,8,1,39,0,48,0,0,0,48
04/06/2020,MLB,FL,ASO,ES,Federal Contract Tower,9,1,55,0,65,0,4,40,1,45,9,5,95,1,110,36,0,36,146
04/07/2020,MLB,FL,ASO,ES,Federal Contract Tower,9,6,52,1,68,0,2,99,2,103,9,8,151,3,171,88,0,88,259
04/08/2020,MLB,FL,ASO,ES,Federal Contract Tower,8,1,53,0,62,0,1,95,0,96,8,2,148,0,158,62,0,62,220
04/09/2020,MLB,FL,ASO,ES,Federal Contract Tower,21,2,57,0,80,0,2,31,0,33,21,4,88,0,113,2,0,2,115
04/10/2020,MLB,FL,ASO,ES,Federal Contract Tower,9,1,38,0,48,0,2,24,0,26,9,3,62,0,74,38,0,38,112
04/11/2020,MLB,FL,ASO,ES,Federal Contract Tower,10,0,50,0,60,0,3,96,0,99,10,3,146,0,159,61,0,61,220
04/12/2020,MLB,FL,ASO,ES,Federal Contract Tower,7,2,28,0,37,0,4,10,0,14,7,6,38,0,51,0,0,0,51
04/13/2020,MLB,FL,ASO,ES,Federal Contract Tower,10,0,59,0,69,0,4,24,0,28,10,4,83,0,97,8,0,8,105
04/14/2020,MLB,FL,ASO,ES,Federal Contract Tower,18,2,76,0,96,0,6,34,0,40,18,8,110,0,136,0,0,0,136
04/15/2020,MLB,FL,ASO,ES,Federal Contract Tower,9,0,51,0,60,0,0,36,0,36,9,0,87,0,96,0,0,0,96
04/16/2020,MLB,FL,ASO,ES,Federal Contract Tower,6,1,35,0,42,0,2,0,0,2,6,3,35,0,44,0,0,0,44
04/17/2020,MLB,FL,ASO,ES,Federal Contract Tower,9,3,64,0,76,0,2,20,0,22,9,5,84,0,98,8,0,8,106
04/18/2020,MLB,FL,ASO,ES,Federal Contract Tower,9,3,54,0,66,0,2,20,0,22,9,5,74,0,88,0,0,0,88
04/19/2020,MLB,FL,ASO,ES,Federal Contract Tower,7,1,59,0,67,0,6,90,0,96,7,7,149,0,163,24,0,24,187
04/20/2020,MLB,FL,ASO,ES,Federal Contract Tower,8,4,16,0,28,0,0,21,0,21,8,4,37,0,49,4,0,4,53
04/21/2020,MLB,FL,ASO,ES,Federal Contract Tower,10,6,56,0,72,0,1,111,0,112,10,7,167,0,184,16,0,16,200
04/22/2020,MLB,FL,ASO,ES,Federal Contract Tower,8,1,81,0,90,0,6,135,0,141,8,7,216,0,231,22,0,22,253
04/23/2020,MLB,FL,ASO,ES,Federal Contract Tower,7,10,34,0,51,0,4,48,0,52,7,14,82,0,103,10,0,10,113
04/24/2020,MLB,FL,ASO,ES,Federal Contract Tower,9,0,10,0,19,0,0,1,0,1,9,0,11,0,20,0,0,0,20
04/25/2020,MLB,FL,ASO,ES,Federal Contract Tower,5,0,46,6,57,0,5,47,0,52,5,5,93,6,109,16,0,16,125
04/26/2020,MLB,FL,ASO,ES,Federal Contract Tower,8,3,33,0,44,0,1,27,0,28,8,4,60,0,72,12,0,12,84
04/27/2020,MLB,FL,ASO,ES,Federal Contract Tower,6,5,37,0,48,0,4,102,0,106,6,9,139,0,154,4,0,4,158
04/28/2020,MLB,FL,ASO,ES,Federal Contract Tower,8,1,59,1,69,0,6,108,2,116,8,7,167,3,185,4,0,4,189
04/29/2020,MLB,FL,ASO,ES,Federal Contract Tower,8,6,51,0,65,0,6,77,0,83,8,12,128,0,148,14,0,14,162
04/30/2020,MLB,FL,ASO,ES,Federal Contract Tower,13,3,52,0,68,0,0,37,0,37,13,3,89,0,105,4,0,4,109
05/01/2020,MLB,FL,ASO,ES,Federal Contract Tower,5,2,80,0,87,0,5,103,0,108,5,7,183,0,195,38,0,38,233
05/02/2020,MLB,FL,ASO,ES,Federal Contract Tower,5,1,42,3,51,0,1,87,0,88,5,2,129,3,139,4,0,4,143
05/03/2020,MLB,FL,ASO,ES,Federal Contract Tower,5,2,33,0,40,0,3,87,0,90,5,5,120,0,130,35,0,35,165
05/04/2020,MLB,FL,ASO,ES,Federal Contract Tower,5,0,41,0,46,0,4,54,0,58,5,4,95,0,104,4,0,4,108
05/05/2020,MLB,FL,ASO,ES,Federal Contract Tower,5,3,61,0,69,0,4,73,3,80,5,7,134,3,149,24,0,24,173
05/06/2020,MLB,FL,ASO,ES,Federal Contract Tower,7,3,68,2,80,0,4,54,0,58,7,7,122,2,138,8,0,8,146
05/07/2020,MLB,FL,ASO,ES,Federal Contract Tower,4,5,50,0,59,0,2,63,0,65,4,7,113,0,124,16,0,16,140
05/08/2020,MLB,FL,ASO,ES,Federal Contract Tower,4,2,61,8,75,0,2,52,0,54,4,4,113,8,129,22,0,22,151
05/09/2020,MLB,FL,ASO,ES,Federal Contract Tower,8,0,40,0,48,0,4,78,0,82,8,4,118,0,130,10,0,10,140
05/10/2020,MLB,FL,ASO,ES,Federal Contract Tower,7,0,19,0,26,0,1,6,0,7,7,1,25,0,33,2,0,2,35
05/11/2020,MLB,FL,ASO,ES,Federal Contract Tower,6,7,41,0,54,0,6,91,0,97,6,13,132,0,151,18,0,18,169
05/12/2020,MLB,FL,ASO,ES,Federal Contract Tower,6,2,61,0,69,0,12,82,0,94,6,14,143,0,163,19,0,19,182
05/13/2020,MLB,FL,ASO,ES,Federal Contract Tower,6,1,60,0,67,0,1,78,2,81,6,2,138,2,148,34,0,34,182
05/14/2020,MLB,FL,ASO,ES,Federal Contract Tower,6,2,53,0,61,0,6,80,0,86,6,8,133,0,147,38,0,38,185
05/15/2020,MLB,FL,ASO,ES,Federal Contract Tower,6,2,62,0,70,0,2,33,0,35,6,4,95,0,105,42,0,42,147
05/16/2020,MLB,FL,ASO,ES,Federal Contract Tower,5,5,51,0,61,0,2,14,0,16,5,7,65,0,77,0,0,0,77
05/17/2020,MLB,FL,ASO,ES,Federal Contract Tower,6,0,94,0,100,0,2,68,0,70,6,2,162,0,170,4,0,4,174
05/18/2020,MLB,FL,ASO,ES,Federal Contract Tower,6,0,84,0,90,0,4,81,0,85,6,4,165,0,175,30,0,30,205
05/19/2020,MLB,FL,ASO,ES,Federal Contract Tower,6,1,95,0,102,0,5,86,0,91,6,6,181,0,193,32,0,32,225
05/20/2020,MLB,FL,ASO,ES,Federal Contract Tower,7,1,83,0,91,0,2,165,0,167,7,3,248,0,258,94,0,94,352
05/21/2020,MLB,FL,ASO,ES,Federal Contract Tower,5,6,45,0,56,0,2,127,0,129,5,8,172,0,185,64,0,64,249
05/22/2020,MLB,FL,ASO,ES,Federal Contract Tower,8,0,84,0,92,0,4,167,0,171,8,4,251,0,263,62,0,62,325
05/23/2020,MLB,FL,ASO,ES,Federal Contract Tower,7,2,61,1,71,0,3,86,0,89,7,5,147,1,160,70,0,70,230
05/24/2020,MLB,FL,ASO,ES,Federal Contract Tower,6,1,29,4,40,0,3,30,0,33,6,4,59,4,73,60,0,60,133
05/25/2020,MLB,FL,ASO,ES,Federal Contract Tower,8,3,33,0,44,0,0,2,0,2,8,3,35,0,46,0,0,0,46
05/26/2020,MLB,FL,ASO,ES,Federal Contract Tower,5,9,73,0,87,0,0,29,0,29,5,9,102,0,116,16,0,16,132
05/27/2020,MLB,FL,ASO,ES,Federal Contract Tower,6,7,47,0,60,0,0,19,0,19,6,7,66,0,79,2,0,2,81
05/28/2020,MLB,FL,ASO,ES,Federal Contract Tower,5,10,85,2,102,0,2,62,0,64,5,12,147,2,166,32,0,32,198
05/29/2020,MLB,FL,ASO,ES,Federal Contract Tower,7,6,133,0,146,0,1,110,0,111,7,7,243,0,257,58,0,58,315
05/30/2020,MLB,FL,ASO,ES,Federal Contract Tower,5,6,46,1,58,0,0,40,0,40,5,6,86,1,98,8,0,8,106
05/31/2020,MLB,FL,ASO,ES,Federal Contract Tower,6,4,66,0,76,6,4,77,0,87,12,8,143,0,163,2,0,2,165
06/01/2020,MLB,FL,ASO,ES,Federal Contract Tower,6,5,97,0,108,0,6,79,0,85,6,11,176,0,193,34,0,34,227
06/02/2020,MLB,FL,ASO,ES,Federal Contract Tower,7,0,57,2,66,0,1,7,0,8,7,1,64,2,74,0,0,0,74
06/03/2020,MLB,FL,ASO,ES,Federal Contract Tower,6,0,91,0,97,0,0,23,0,23,6,0,114,0,120,0,0,0,120
06/04/2020,MLB,FL,ASO,ES,Federal Contract Tower,9,3,43,12,67,0,0,26,0,26,9,3,69,12,93,14,0,14,107
06/05/2020,MLB,FL,ASO,ES,Federal Contract Tower,6,3,87,0,96,0,1,70,0,71,6,4,157,0,167,48,0,48,215
06/06/2020,MLB,FL,ASO,ES,Federal Contract Tower,4,4,91,0,99,0,2,27,0,29,4,6,118,0,128,18,0,18,146
06/07/2020,MLB,FL,ASO,ES,Federal Contract Tower,6,3,100,0,109,0,1,58,0,59,6,4,158,0,168,2,0,2,170
06/08/2020,MLB,FL,ASO,ES,Federal Contract Tower,5,1,77,0,83,0,3,123,0,126,5,4,200,0,209,34,0,34,243
06/09/2020,MLB,FL,ASO,ES,Federal Contract Tower,3,3,89,0,95,0,4,80,0,84,3,7,169,0,179,60,0,60,239
06/10/2020,MLB,FL,ASO,ES,Federal Contract Tower,5,3,79,0,87,0,6,138,0,144,5,9,217,0,231,56,1,57,288
06/11/2020,MLB,FL,ASO,ES,Federal Contract Tower,3,1,112,1,117,0,4,114,0,118,3,5,226,1,235,44,0,44,279
06/12/2020,MLB,FL,ASO,ES,Federal Contract Tower,8,2,122,0,132,0,7,177,0,184,8,9,299,0,316,67,0,67,383
06/13/2020,MLB,FL,ASO,ES,Federal Contract Tower,4,1,83,0,88,0,4,91,0,95,4,5,174,0,183,30,0,30,213
06/14/2020,MLB,FL,ASO,ES,Federal Contract Tower,8,1,40,0,49,0,3,67,0,70,8,4,107,0,119,44,0,44,163
06/15/2020,MLB,FL,ASO,ES,Federal Contract Tower,5,2,92,0,99,0,5,125,0,130,5,7,217,0,229,88,0,88,317
06/16/2020,MLB,FL,ASO,ES,Federal Contract Tower,6,1,117,6,130,0,3,158,0,161,6,4,275,6,291,82,16,98,389
06/17/2020,MLB,FL,ASO,ES,Federal Contract Tower,5,9,108,0,122,0,1,151,0,152,5,10,259,0,274,150,0,150,424
06/18/2020,MLB,FL,ASO,ES,Federal Contract Tower,6,0,74,0,80,0,0,83,0,83,6,0,157,0,163,110,0,110,273
06/19/2020,MLB,FL,ASO,ES,Federal Contract Tower,4,2,56,4,66,0,2,75,0,77,4,4,131,4,143,48,0,48,191
06/21/2020,MLB,FL,ASO,ES,Federal Contract Tower,4,1,17,0,22,0,4,49,0,53,4,5,66,0,75,16,0,16,91
06/22/2020,MLB,FL,ASO,ES,Federal Contract Tower,5,3,83,0,91,0,5,156,0,161,5,8,239,0,252,110,0,110,362
06/23/2020,MLB,FL,ASO,ES,Federal Contract Tower,6,8,78,0,92,0,4,117,0,121,6,12,195,0,213,74,0,74,287
06/24/2020,MLB,FL,ASO,ES,Federal Contract Tower,8,0,99,0,107,0,0,105,0,105,8,0,204,0,212,102,0,102,314
06/25/2020,MLB,FL,ASO,ES,Federal Contract Tower,7,0,65,0,72,0,0,122,0,122,7,0,187,0,194,40,0,40,234
06/26/2020,MLB,FL,ASO,ES,Federal Contract Tower,6,6,94,0,106,0,5,134,0,139,6,11,228,0,245,91,0,91,336
06/27/2020,MLB,FL,ASO,ES,Federal Contract Tower,5,1,63,0,69,0,2,77,0,79,5,3,140,0,148,50,0,50,198
06/28/2020,MLB,FL,ASO,ES,Federal Contract Tower,7,0,32,0,39,0,0,83,0,83,7,0,115,0,122,22,0,22,144
06/29/2020,MLB,FL,ASO,ES,Federal Contract Tower,5,2,93,0,100,0,7,114,0,121,5,9,207,0,221,48,0,48,269
06/30/2020,MLB,FL,ASO,ES,Federal Contract Tower,4,5,75,0,84,0,7,146,3,156,4,12,221,3,240,120,0,120,360
07/01/2020,MLB,FL,ASO,ES,Federal Contract Tower,4,1,61,0,66,0,2,106,0,108,4,3,167,0,174,32,0,32,206
07/02/2020,MLB,FL,ASO,ES,Federal Contract Tower,8,0,94,0,102,0,0,152,0,152,8,0,246,0,254,60,0,60,314
07/03/2020,MLB,FL,ASO,ES,Federal Contract Tower,6,1,94,0,101,0,5,104,0,109,6,6,198,0,210,61,0,61,271
07/04/2020,MLB,FL,ASO,ES,Federal Contract Tower,6,0,27,0,33,0,3,42,0,45,6,3,69,0,78,25,0,25,103
07/05/2020,MLB,FL,ASO,ES,Federal Contract Tower,7,7,34,0,48,0,2,39,0,41,7,9,73,0,89,20,0,20,109
07/06/2020,MLB,FL,ASO,ES,Federal Contract Tower,7,6,78,0,91,0,1,112,0,113,7,7,190,0,204,10,0,10,214
07/07/2020,MLB,FL,ASO,ES,Federal Contract Tower,8,10,95,0,113,0,2,131,0,133,8,12,226,0,246,158,0,158,404
07/08/2020,MLB,FL,ASO,ES,Federal Contract Tower,7,11,73,0,91,0,1,120,2,123,7,12,193,2,214,120,0,120,334
07/09/2020,MLB,FL,ASO,ES,Federal Contract Tower,10,1,97,0,108,0,2,149,0,151,10,3,246,0,259,104,0,104,363
07/10/2020,MLB,FL,ASO,ES,Federal Contract Tower,11,4,96,0,111,0,2,80,0,82,11,6,176,0,193,56,0,56,249
07/11/2020,MLB,FL,ASO,ES,Federal Contract Tower,11,9,79,0,99,0,0,38,3,41,11,9,117,3,140,48,0,48,188
07/12/2020,MLB,FL,ASO,ES,Federal Contract Tower,11,0,47,0,58,0,5,62,0,67,11,5,109,0,125,47,0,47,172
07/13/2020,MLB,FL,ASO,ES,Federal Contract Tower,10,2,104,1,117,0,3,150,0,153,10,5,254,1,270,26,0,26,296
07/14/2020,MLB,FL,ASO,ES,Federal Contract Tower,7,0,68,0,75,0,2,99,0,101,7,2,167,0,176,66,0,66,242
07/15/2020,MLB,FL,ASO,ES,Federal Contract Tower,8,7,102,1,118,0,4,145,0,149,8,11,247,1,267,102,0,102,369
07/16/2020,MLB,FL,ASO,ES,Federal Contract Tower,10,0,90,0,100,0,1,132,0,133,10,1,222,0,233,50,0,50,283
07/17/2020,MLB,FL,ASO,ES,Federal Contract Tower,8,0,94,0,102,0,3,114,0,117,8,3,208,0,219,72,0,72,291
07/18/2020,MLB,FL,ASO,ES,Federal Contract Tower,13,4,55,0,72,0,2,75,2,79,13,6,130,2,151,48,0,48,199
07/19/2020,MLB,FL,ASO,ES,Federal Contract Tower,9,3,46,0,58,0,6,99,0,105,9,9,145,0,163,42,0,42,205
07/20/2020,MLB,FL,ASO,ES,Federal Contract Tower,11,3,99,0,113,0,4,103,0,107,11,7,202,0,220,78,0,78,298
07/21/2020,MLB,FL,ASO,ES,Federal Contract Tower,7,2,108,6,123,0,2,108,0,110,7,4,216,6,233,61,4,65,298
07/22/2020,MLB,FL,ASO,ES,Federal Contract Tower,7,1,85,3,96,0,0,53,0,53,7,1,138,3,149,16,0,16,165
07/23/2020,MLB,FL,ASO,ES,Federal Contract Tower,14,6,70,0,90,0,0,72,3,75,14,6,142,3,165,50,0,50,215
07/24/2020,MLB,FL,ASO,ES,Federal Contract Tower,12,0,87,2,101,0,3,141,2,146,12,3,228,4,247,36,0,36,283
07/25/2020,MLB,FL,ASO,ES,Federal Contract Tower,10,3,54,0,67,0,2,94,0,96,10,5,148,0,163,44,0,44,207
07/26/2020,MLB,FL,ASO,ES,Federal Contract Tower,10,5,37,0,52,0,2,62,0,64,10,7,99,0,116,52,0,52,168
07/27/2020,MLB,FL,ASO,ES,Federal Contract Tower,12,12,75,0,99,0,4,100,0,104,12,16,175,0,203,62,0,62,265
07/28/2020,MLB,FL,ASO,ES,Federal Contract Tower,8,3,68,0,79,0,2,85,0,87,8,5,153,0,166,38,0,38,204
07/29/2020,MLB,FL,ASO,ES,Federal Contract Tower,8,0,91,2,101,0,1,116,0,117,8,1,207,2,218,74,0,74,292
07/30/2020,MLB,FL,ASO,ES,Federal Contract Tower,7,6,83,5,101,0,1,159,0,160,7,7,242,5,261,80,0,80,341
07/31/2020,MLB,FL,ASO,ES,Federal Contract Tower,11,3,137,0,151,0,4,171,0,175,11,7,308,0,326,104,0,104,430
08/01/2020,MLB,FL,ASO,ES,Federal Contract Tower,10,5,25,0,40,0,0,55,0,55,10,5,80,0,95,38,0,38,133
08/02/2020,MLB,FL,ASO,ES,Federal Contract Tower,12,0,3,0,15,0,0,0,0,0,12,0,3,0,15,0,0,0,15
08/03/2020,MLB,FL,ASO,ES,Federal Contract Tower,11,1,60,0,72,0,3,45,0,48,11,4,105,0,120,12,0,12,132
08/04/2020,MLB,FL,ASO,ES,Federal Contract Tower,8,1,81,0,90,0,7,121,0,128,8,8,202,0,218,67,0,67,285
08/05/2020,MLB,FL,ASO,ES,Federal Contract Tower,6,4,47,0,57,0,1,57,0,58,6,5,104,0,115,36,0,36,151
08/06/2020,MLB,FL,ASO,ES,Federal Contract Tower,11,5,96,0,112,0,4,132,0,136,11,9,228,0,248,92,0,92,340
08/07/2020,MLB,FL,ASO,ES,Federal Contract Tower,10,1,117,0,128,0,0,137,0,137,10,1,254,0,265,58,0,58,323
08/08/2020,MLB,FL,ASO,ES,Federal Contract Tower,8,4,78,1,91,0,4,135,0,139,8,8,213,1,230,88,0,88,318
08/09/2020,MLB,FL,ASO,ES,Federal Contract Tower,12,1,56,0,69,0,4,103,0,107,12,5,159,0,176,26,0,26,202
08/10/2020,MLB,FL,ASO,ES,Federal Contract Tower,7,7,103,2,119,0,4,179,4,187,7,11,282,6,306,78,0,78,384
08/11/2020,MLB,FL,ASO,ES,Federal Contract Tower,6,1,74,0,81,0,0,127,0,127,6,1,201,0,208,58,4,62,270
08/12/2020,MLB,FL,ASO,ES,Federal Contract Tower,8,2,103,0,113,0,3,108,0,111,8,5,211,0,224,72,0,72,296
08/13/2020,MLB,FL,ASO,ES,Federal Contract Tower,11,5,114,2,132,0,5,115,0,120,11,10,229,2,252,118,2,120,372
08/14/2020,MLB,FL,ASO,ES,Federal Contract Tower,10,1,123,0,134,0,3,142,0,145,10,4,265,0,279,76,0,76,355
08/15/2020,MLB,FL,ASO,ES,Federal Contract Tower,10,2,53,0,65,0,4,116,0,120,10,6,169,0,185,78,0,78,263
08/16/2020,MLB,FL,ASO,ES,Federal Contract Tower,9,1,59,0,69,0,2,88,0,90,9,3,147,0,159,26,0,26,185
08/17/2020,MLB,FL,ASO,ES,Federal Contract Tower,12,2,60,1,75,0,1,118,1,120,12,3,178,2,195,46,0,46,241
08/18/2020,MLB,FL,ASO,ES,Federal Contract Tower,4,2,88,0,94,0,3,129,2,134,4,5,217,2,228,116,0,116,344
08/19/2020,MLB,FL,ASO,ES,Federal Contract Tower,5,1,106,0,112,0,6,89,2,97,5,7,195,2,209,114,10,124,333
08/20/2020,MLB,FL,ASO,ES,Federal Contract Tower,12,5,99,1,117,0,2,106,2,110,12,7,205,3,227,68,0,68,295
08/21/2020,MLB,FL,ASO,ES,Federal Contract Tower,11,6,107,1,125,0,4,127,0,131,11,10,234,1,256,52,0,52,308
08/22/2020,MLB,FL,ASO,ES,Federal Contract Tower,10,0,96,0,106,0,4,158,0,162,10,4,254,0,268,88,0,88,356
08/23/2020,MLB,FL,ASO,ES,Federal Contract Tower,10,2,37,4,53,0,2,66,0,68,10,4,103,4,121,34,0,34,155
08/24/2020,MLB,FL,ASO,ES,Federal Contract Tower,10,7,98,4,119,0,10,57,0,67,10,17,155,4,186,42,0,42,228
08/25/2020,MLB,FL,ASO,ES,Federal Contract Tower,6,1,106,8,121,0,1,73,0,74,6,2,179,8,195,58,0,58,253
08/26/2020,MLB,FL,ASO,ES,Federal Contract Tower,11,1,134,0,146,0,1,142,0,143,11,2,276,0,289,80,0,80,369
08/27/2020,MLB,FL,ASO,ES,Federal Contract Tower,8,6,123,1,138,0,2,130,0,132,8,8,253,1,270,68,0,68,338
08/28/2020,MLB,FL,ASO,ES,Federal Contract Tower,9,10,148,1,168,0,4,167,0,171,9,14,315,1,339,94,0,94,433
08/29/2020,MLB,FL,ASO,ES,Federal Contract Tower,10,1,68,0,79,0,0,112,0,112,10,1,180,0,191,104,0,104,295
08/30/2020,MLB,FL,ASO,ES,Federal Contract Tower,10,3,30,0,43,0,0,37,0,37,10,3,67,0,80,8,0,8,88
08/31/2020,MLB,FL,ASO,ES,Federal Contract Tower,10,2,92,0,104,0,2,121,0,123,10,4,213,0,227,54,0,54,281
09/01/2020,MLB,FL,ASO,ES,Federal Contract Tower,5,6,126,0,137,0,2,165,0,167,5,8,291,0,304,126,0,126,430
09/02/2020,MLB,FL,ASO,ES,Federal Contract Tower,6,7,121,1,135,0,3,194,0,197,6,10,315,1,332,109,0,109,441
09/03/2020,MLB,FL,ASO,ES,Federal Contract Tower,9,4,106,1,120,0,1,207,0,208,9,5,313,1,328,72,0,72,400
09/04/2020,MLB,FL,ASO,ES,Federal Contract Tower,11,1,136,0,148,0,10,218,0,228,11,11,354,0,376,156,0,156,532
09/05/2020,MLB,FL,ASO,ES,Federal Contract Tower,10,1,60,0,71,0,1,146,0,147,10,2,206,0,218,68,0,68,286
09/06/2020,MLB,FL,ASO,ES,Federal Contract Tower,9,2,22,0,33,0,5,28,0,33,9,7,50,0,66,78,0,78,144
09/07/2020,MLB,FL,ASO,ES,Federal Contract Tower,9,2,39,0,50,0,7,65,0,72,9,9,104,0,122,138,0,138,260
09/08/2020,MLB,FL,ASO,ES,Federal Contract Tower,7,12,86,0,105,0,5,113,0,118,7,17,199,0,223,48,0,48,271
09/09/2020,MLB,FL,ASO,ES,Federal Contract Tower,10,2,129,0,141,0,2,170,4,176,10,4,299,4,317,132,0,132,449
09/10/2020,MLB,FL,ASO,ES,Federal Contract Tower,8,1,133,4,146,0,3,153,0,156,8,4,286,4,302,126,0,126,428
09/11/2020,MLB,FL,ASO,ES,Federal Contract Tower,10,1,124,0,135,0,3,65,0,68,10,4,189,0,203,2,0,2,205
09/12/2020,MLB,FL,ASO,ES,Federal Contract Tower,9,1,23,0,33,0,3,12,0,15,9,4,35,0,48,28,0,28,76
09/13/2020,MLB,FL,ASO,ES,Federal Contract Tower,8,0,29,0,37,0,4,35,0,39,8,4,64,0,76,32,0,32,108
09/14/2020,MLB,FL,ASO,ES,Federal Contract Tower,8,4,147,0,159,0,6,184,0,190,8,10,331,0,349,120,0,120,469
09/15/2020,MLB,FL,ASO,ES,Federal Contract Tower,9,5,124,0,138,0,9,185,1,195,9,14,309,1,333,48,0,48,381
09/16/2020,MLB,FL,ASO,ES,Federal Contract Tower,13,6,88,0,107,0,4,150,0,154,13,10,238,0,261,76,0,76,337
09/17/2020,MLB,FL,ASO,ES,Federal Contract Tower,10,6,96,0,112,0,0,170,0,170,10,6,266,0,282,88,0,88,370
09/18/2020,MLB,FL,ASO,ES,Federal Contract Tower,10,2,87,0,99,0,3,89,0,92,10,5,176,0,191,70,0,70,261
09/19/2020,MLB,FL,ASO,ES,Federal Contract Tower,8,2,72,0,82,0,5,191,0,196,8,7,263,0,278,109,6,115,393
09/20/2020,MLB,FL,ASO,ES,Federal Contract Tower,8,1,33,0,42,0,2,11,0,13,8,3,44,0,55,20,0,20,75
09/21/2020,MLB,FL,ASO,ES,Federal Contract Tower,9,0,33,0,42,0,5,16,4,25,9,5,49,4,67,26,0,26,93
09/22/2020,MLB,FL,ASO,ES,Federal Contract Tower,9,3,104,0,116,0,3,127,0,130,9,6,231,0,246,102,0,102,348
09/23/2020,MLB,FL,ASO,ES,Federal Contract Tower,9,0,119,2,130,0,4,280,0,284,9,4,399,2,414,180,2,182,596
09/24/2020,MLB,FL,ASO,ES,Federal Contract Tower,9,4,151,18,182,0,4,205,0,209,9,8,356,18,391,129,0,129,520
09/25/2020,MLB,FL,ASO,ES,Federal Contract Tower,11,7,75,0,93,0,0,100,0,100,11,7,175,0,193,62,0,62,255
09/26/2020,MLB,FL,ASO,ES,Federal Contract Tower,5,3,52,0,60,0,6,196,0,202,5,9,248,0,262,180,0,180,442
09/27/2020,MLB,FL,ASO,ES,Federal Contract Tower,10,5,32,0,47,0,0,87,0,87,10,5,119,0,134,56,0,56,190
09/28/2020,MLB,FL,ASO,ES,Federal Contract Tower,8,6,86,0,100,0,0,107,0,107,8,6,193,0,207,168,0,168,375
09/29/2020,MLB,FL,ASO,ES,Federal Contract Tower,9,1,113,0,123,0,2,122,3,127,9,3,235,3,250,66,0,66,316
09/30/2020,MLB,FL,ASO,ES,Federal Contract Tower,5,2,130,0,137,0,0,84,1,85,5,2,214,1,222,14,0,14,236
10/01/2020,MLB,FL,ASO,ES,Federal Contract Tower,10,2,113,0,125,0,5,173,0,178,10,7,286,0,303,160,0,160,463
10/02/2020,MLB,FL,ASO,ES,Federal Contract Tower,9,1,75,2,87,0,3,98,0,101,9,4,173,2,188,48,0,48,236
10/03/2020,MLB,FL,ASO,ES,Federal Contract Tower,11,2,34,0,47,0,0,13,0,13,11,2,47,0,60,8,0,8,68
10/04/2020,MLB,FL,ASO,ES,Federal Contract Tower,11,2,56,0,69,0,4,51,0,55,11,6,107,0,124,22,0,22,146
10/05/2020,MLB,FL,ASO,ES,Federal Contract Tower,10,4,98,1,113,0,6,89,0,95,10,10,187,1,208,102,0,102,310
10/06/2020,MLB,FL,ASO,ES,Federal Contract Tower,10,3,139,1,153,0,3,166,0,169,10,6,305,1,322,179,16,195,517
10/07/2020,MLB,FL,ASO,ES,Federal Contract Tower,10,1,135,2,148,0,2,241,0,243,10,3,376,2,391,198,0,198,589
10/08/2020,MLB,FL,ASO,ES,Federal Contract Tower,14,2,166,0,182,0,1,265,0,266,14,3,431,0,448,280,0,280,728
10/09/2020,MLB,FL,ASO,ES,Federal Contract Tower,11,2,113,0,126,0,8,190,0,198,11,10,303,0,324,80,0,80,404
10/10/2020,MLB,FL,ASO,ES,Federal Contract Tower,14,4,42,0,60,0,2,62,0,64,14,6,104,0,124,32,0,32,156
10/11/2020,MLB,FL,ASO,ES,Federal Contract Tower,11,1,38,0,50,0,6,85,0,91,11,7,123,0,141,30,0,30,171
10/12/2020,MLB,FL,ASO,ES,Federal Contract Tower,16,5,80,0,101,0,5,99,0,104,16,10,179,0,205,120,0,120,325
10/13/2020,MLB,FL,ASO,ES,Federal Contract Tower,11,2,135,0,148,0,1,269,0,270,11,3,404,0,418,186,0,186,604
10/14/2020,MLB,FL,ASO,ES,Federal Contract Tower,8,2,113,2,125,0,5,265,0,270,8,7,378,2,395,137,0,137,532
10/15/2020,MLB,FL,ASO,ES,Federal Contract Tower,12,2,121,3,138,0,6,294,0,300,12,8,415,3,438,224,0,224,662
10/16/2020,MLB,FL,ASO,ES,Federal Contract Tower,12,3,106,6,127,0,2,171,0,173,12,5,277,6,300,172,0,172,472
10/17/2020,MLB,FL,ASO,ES,Federal Contract Tower,11,3,53,1,68,0,5,121,4,130,11,8,174,5,198,88,0,88,286
10/18/2020,MLB,FL,ASO,ES,Federal Contract Tower,13,2,47,0,62,0,2,56,0,58,13,4,103,0,120,2,0,2,122
10/19/2020,MLB,FL,ASO,ES,Federal Contract Tower,11,0,68,0,79,0,2,33,0,35,11,2,101,0,114,54,0,54,168
10/20/2020,MLB,FL,ASO,ES,Federal Contract Tower,10,3,122,0,135,0,2,72,2,76,10,5,194,2,211,138,0,138,349
10/21/2020,MLB,FL,ASO,ES,Federal Contract Tower,10,1,90,0,101,0,5,53,0,58,10,6,143,0,159,92,0,92,251
10/22/2020,MLB,FL,ASO,ES,Federal Contract Tower,9,6,139,8,162,0,1,136,2,139,9,7,275,10,301,128,0,128,429
10/23/2020,MLB,FL,ASO,ES,Federal Contract Tower,12,5,148,7,172,0,3,100,0,103,12,8,248,7,275,90,0,90,365
10/24/2020,MLB,FL,ASO,ES,Federal Contract Tower,14,4,71,4,93,0,8,186,1,195,14,12,257,5,288,138,0,138,426
10/25/2020,MLB,FL,ASO,ES,Federal Contract Tower,13,2,20,1,36,0,0,40,0,40,13,2,60,1,76,8,0,8,84
10/26/2020,MLB,FL,ASO,ES,Federal Contract Tower,12,2,125,1,140,0,8,192,0,200,12,10,317,1,340,196,0,196,536
10/27/2020,MLB,FL,ASO,ES,Federal Contract Tower,10,9,102,4,125,0,4,211,0,215,10,13,313,4,340,273,0,273,613
10/28/2020,MLB,FL,ASO,ES,Federal Contract Tower,9,8,138,3,158,0,0,200,0,200,9,8,338,3,358,175,0,175,533
10/29/2020,MLB,FL,ASO,ES,Federal Contract Tower,11,1,119,4,135,0,4,198,3,205,11,5,317,7,340,83,7,90,430
10/30/2020,MLB,FL,ASO,ES,Federal Contract Tower,11,0,91,2,104,0,6,207,0,213,11,6,298,2,317,139,2,141,458
10/31/2020,MLB,FL,ASO,ES,Federal Contract Tower,12,9,48,0,69,0,2,145,3,150,12,11,193,3,219,138,0,138,357
11/01/2020,MLB,FL,ASO,ES,Federal Contract Tower,12,8,40,0,60,0,2,25,0,27,12,10,65,0,87,36,0,36,123
11/02/2020,MLB,FL,ASO,ES,Federal Contract Tower,10,2,44,0,56,0,5,19,0,24,10,7,63,0,80,6,0,6,86
11/03/2020,MLB,FL,ASO,ES,Federal Contract Tower,10,1,115,0,126,0,2,169,0,171,10,3,284,0,297,156,0,156,453
11/04/2020,MLB,FL,ASO,ES,Federal Contract Tower,7,3,99,0,109,0,5,111,0,116,7,8,210,0,225,62,0,62,287
11/05/2020,MLB,FL,ASO,ES,Federal Contract Tower,12,5,58,1,76,0,2,65,1,68,12,7,123,2,144,48,0,48,192
11/06/2020,MLB,FL,ASO,ES,Federal Contract Tower,13,9,55,0,77,0,2,93,0,95,13,11,148,0,172,90,0,90,262
11/07/2020,MLB,FL,ASO,ES,Federal Contract Tower,15,5,46,4,70,0,2,44,0,46,15,7,90,4,116,26,8,34,150
11/08/2020,MLB,FL,ASO,ES,Federal Contract Tower,15,16,13,0,44,0,0,9,0,9,15,16,22,0,53,12,16,28,81
11/09/2020,MLB,FL,ASO,ES,Federal Contract Tower,16,13,11,0,40,0,0,0,0,0,16,13,11,0,40,0,0,0,40
11/10/2020,MLB,FL,ASO,ES,Federal Contract Tower,9,6,58,0,73,0,0,29,0,29,9,6,87,0,102,52,0,52,154
11/11/2020,MLB,FL,ASO,ES,Federal Contract Tower,13,6,50,0,69,0,2,62,0,64,13,8,112,0,133,74,0,74,207
11/12/2020,MLB,FL,ASO,ES,Federal Contract Tower,15,14,62,0,91,0,7,43,0,50,15,21,105,0,141,46,0,46,187
11/13/2020,MLB,FL,ASO,ES,Federal Contract Tower,11,1,86,2,100,0,9,130,0,139,11,10,216,2,239,210,0,210,449
11/14/2020,MLB,FL,ASO,ES,Federal Contract Tower,14,4,68,0,86,0,6,108,0,114,14,10,176,0,200,32,0,32,232
11/15/2020,MLB,FL,ASO,ES,Federal Contract Tower,15,4,41,0,60,0,2,43,0,45,15,6,84,0,105,24,0,24,129
11/16/2020,MLB,FL,ASO,ES,Federal Contract Tower,14,3,120,0,137,0,6,204,0,210,14,9,324,0,347,138,0,138,485
11/17/2020,MLB,FL,ASO,ES,Federal Contract Tower,9,8,73,0,90,0,4,173,0,177,9,12,246,0,267,102,0,102,369
11/18/2020,MLB,FL,ASO,ES,Federal Contract Tower,10,2,84,2,98,0,7,83,1,91,10,9,167,3,189,52,0,52,241
11/19/2020,MLB,FL,ASO,ES,Federal Contract Tower,14,3,69,10,96,0,3,88,0,91,14,6,157,10,187,94,0,94,281
11/20/2020,MLB,FL,ASO,ES,Federal Contract Tower,12,7,106,0,125,0,4,181,0,185,12,11,287,0,310,4,0,4,314
11/21/2020,MLB,FL,ASO,ES,Federal Contract Tower,16,7,65,0,88,0,2,34,0,36,16,9,99,0,124,18,0,18,142
11/22/2020,MLB,FL,ASO,ES,Federal Contract Tower,13,9,32,2,56,0,1,11,0,12,13,10,43,2,68,16,0,16,84
11/23/2020,MLB,FL,ASO,ES,Federal Contract Tower,8,4,96,1,109,0,7,84,2,93,8,11,180,3,202,72,0,72,274
11/24/2020,MLB,FL,ASO,ES,Federal Contract Tower,14,6,86,3,109,0,1,267,0,268,14,7,353,3,377,218,2,220,597
11/25/2020,MLB,FL,ASO,ES,Federal Contract Tower,14,10,131,0,155,0,6,212,0,218,14,16,343,0,373,160,0,160,533
11/26/2020,MLB,FL,ASO,ES,Federal Contract Tower,5,3,11,0,19,0,7,37,0,44,5,10,48,0,63,8,0,8,71
11/27/2020,MLB,FL,ASO,ES,Federal Contract Tower,14,1,49,0,64,0,7,75,0,82,14,8,124,0,146,56,0,56,202
11/28/2020,MLB,FL,ASO,ES,Federal Contract Tower,12,1,53,0,66,0,6,211,0,217,12,7,264,0,283,154,0,154,437
11/29/2020,MLB,FL,ASO,ES,Federal Contract Tower,15,11,59,0,85,0,4,95,0,99,15,15,154,0,184,48,0,48,232
11/30/2020,MLB,FL,ASO,ES,Federal Contract Tower,12,4,57,0,73,0,3,51,0,54,12,7,108,0,127,40,0,40,167
12/01/2020,MLB,FL,ASO,ES,Federal Contract Tower,18,3,76,2,99,0,6,190,0,196,18,9,266,2,295,142,0,142,437
12/02/2020,MLB,FL,ASO,ES,Federal Contract Tower,11,2,99,0,112,0,10,201,0,211,11,12,300,0,323,258,0,258,581
12/03/2020,MLB,FL,ASO,ES,Federal Contract Tower,15,4,105,0,124,0,5,250,0,255,15,9,355,0,379,234,0,234,613
12/04/2020,MLB,FL,ASO,ES,Federal Contract Tower,16,4,131,1,152,0,6,214,16,236,16,10,345,17,388,284,0,284,672
12/05/2020,MLB,FL,ASO,ES,Federal Contract Tower,10,2,76,0,88,0,3,89,0,92,10,5,165,0,180,50,0,50,230
12/06/2020,MLB,FL,ASO,ES,Federal Contract Tower,13,5,57,0,75,0,6,84,0,90,13,11,141,0,165,14,0,14,179
12/07/2020,MLB,FL,ASO,ES,Federal Contract Tower,11,5,76,2,94,0,3,37,0,40,11,8,113,2,134,6,0,6,140
12/08/2020,MLB,FL,ASO,ES,Federal Contract Tower,9,2,133,1,145,0,6,229,4,239,9,8,362,5,384,162,1,163,547
12/09/2020,MLB,FL,ASO,ES,Federal Contract Tower,13,7,104,0,124,0,6,203,0,209,13,13,307,0,333,178,0,178,511
12/10/2020,MLB,FL,ASO,ES,Federal Contract Tower,15,3,97,1,116,0,4,232,0,236,15,7,329,1,352,186,0,186,538
12/11/2020,MLB,FL,ASO,ES,Federal Contract Tower,20,4,105,9,138,0,16,218,0,234,20,20,323,9,372,204,0,204,576
12/12/2020,MLB,FL,ASO,ES,Federal Contract Tower,14,5,72,2,93,0,0,118,2,120,14,5,190,4,213,106,1,107,320
12/13/2020,MLB,FL,ASO,ES,Federal Contract Tower,12,0,40,0,52,0,4,97,1,102,12,4,137,1,154,40,0,40,194
12/14/2020,MLB,FL,ASO,ES,Federal Contract Tower,13,3,77,2,95,0,7,112,0,119,13,10,189,2,214,76,4,80,294
12/15/2020,MLB,FL,ASO,ES,Federal Contract Tower,11,1,105,0,117,0,1,50,0,51,11,2,155,0,168,56,0,56,224
12/16/2020,MLB,FL,ASO,ES,Federal Contract Tower,11,0,105,0,116,0,0,102,0,102,11,0,207,0,218,38,0,38,256
12/17/2020,MLB,FL,ASO,ES,Federal Contract Tower,15,4,104,0,123,0,1,97,0,98,15,5,201,0,221,60,14,74,295
12/18/2020,MLB,FL,ASO,ES,Federal Contract Tower,13,0,89,0,102,0,9,191,0,200,13,9,280,0,302,184,0,184,486
12/19/2020,MLB,FL,ASO,ES,Federal Contract Tower,13,4,80,0,97,0,2,141,0,143,13,6,221,0,240,76,0,76,316
12/20/2020,MLB,FL,ASO,ES,Federal Contract Tower,14,1,57,0,72,0,0,75,0,75,14,1,132,0,147,22,0,22,169
12/21/2020,MLB,FL,ASO,ES,Federal Contract Tower,15,5,86,0,106,0,5,113,0,118,15,10,199,0,224,84,0,84,308
12/22/2020,MLB,FL,ASO,ES,Federal Contract Tower,12,4,67,0,83,0,4,154,0,158,12,8,221,0,241,68,0,68,309
12/23/2020,MLB,FL,ASO,ES,Federal Contract Tower,15,0,73,0,88,0,2,153,0,155,15,2,226,0,243,148,0,148,391
12/24/2020,MLB,FL,ASO,ES,Federal Contract Tower,5,2,18,0,25,0,3,32,0,35,5,5,50,0,60,7,0,7,67
12/25/2020,MLB,FL,ASO,ES,Federal Contract Tower,9,1,6,0,16,0,1,1,0,2,9,2,7,0,18,0,0,0,18
12/26/2020,MLB,FL,ASO,ES,Federal Contract Tower,16,6,28,0,50,0,4,63,0,67,16,10,91,0,117,24,0,24,141
12/27/2020,MLB,FL,ASO,ES,Federal Contract Tower,13,2,33,0,48,0,7,84,0,91,13,9,117,0,139,68,0,68,207
12/28/2020,MLB,FL,ASO,ES,Federal Contract Tower,14,8,78,0,100,0,6,96,0,102,14,14,174,0,202,56,0,56,258
12/29/2020,MLB,FL,ASO,ES,Federal Contract Tower,16,10,74,0,100,0,2,147,0,149,16,12,221,0,249,116,0,116,365
12/30/2020,MLB,FL,ASO,ES,Federal Contract Tower,15,12,43,3,73,0,5,121,1,127,15,17,164,4,200,108,0,108,308
12/31/2020,MLB,FL,ASO,ES,Federal Contract Tower,10,1,55,0,66,0,5,67,0,72,10,6,122,0,138,25,0,25,163
01/01/2021,MLB,FL,ASO,ES,Federal Contract Tower,13,0,32,0,45,0,4,33,0,37,13,4,65,0,82,2,0,2,84
01/02/2021,MLB,FL,ASO,ES,Federal Contract Tower,11,3,28,0,42,0,2,46,0,48,11,5,74,0,90,0,0,0,90
01/03/2021,MLB,FL,ASO,ES,Federal Contract Tower,14,2,43,0,59,0,0,57,0,57,14,2,100,0,116,18,0,18,134
01/04/2021,MLB,FL,ASO,ES,Federal Contract Tower,12,0,62,0,74,0,5,133,0,138,12,5,195,0,212,94,0,94,306
01/05/2021,MLB,FL,ASO,ES,Federal Contract Tower,13,2,96,0,111,0,6,140,0,146,13,8,236,0,257,66,0,66,323
01/06/2021,MLB,FL,ASO,ES,Federal Contract Tower,12,1,93,2,108,0,1,145,1,147,12,2,238,3,255,130,0,130,385
01/07/2021,MLB,FL,ASO,ES,Federal Contract Tower,16,10,72,0,98,0,0,123,0,123,16,10,195,0,221,54,0,54,275
01/08/2021,MLB,FL,ASO,ES,Federal Contract Tower,15,4,65,13,97,0,1,82,3,86,15,5,147,16,183,61,0,61,244
01/09/2021,MLB,FL,ASO,ES,Federal Contract Tower,10,5,51,0,66,0,2,93,0,95,10,7,144,0,161,92,0,92,253
01/10/2021,MLB,FL,ASO,ES,Federal Contract Tower,14,6,40,0,60,0,2,97,0,99,14,8,137,0,159,42,0,42,201
01/11/2021,MLB,FL,ASO,ES,Federal Contract Tower,17,4,89,8,118,0,5,124,0,129,17,9,213,8,247,60,0,60,307
01/12/2021,MLB,FL,ASO,ES,Federal Contract Tower,12,8,87,0,107,0,3,75,0,78,12,11,162,0,185,48,4,52,237
01/13/2021,MLB,FL,ASO,ES,Federal Contract Tower,14,4,95,0,113,0,7,87,0,94,14,11,182,0,207,65,0,65,272
01/14/2021,MLB,FL,ASO,ES,Federal Contract Tower,16,5,75,1,97,0,1,149,0,150,16,6,224,1,247,170,0,170,417
01/15/2021,MLB,FL,ASO,ES,Federal Contract Tower,17,13,96,0,126,0,5,149,0,154,17,18,245,0,280,126,0,126,406
01/16/2021,MLB,FL,ASO,ES,Federal Contract Tower,10,1,40,0,51,0,6,76,0,82,10,7,116,0,133,116,0,116,249
01/17/2021,MLB,FL,ASO,ES,Federal Contract Tower,13,7,48,0,68,0,2,88,0,90,13,9,136,0,158,20,0,20,178
01/18/2021,MLB,FL,ASO,ES,Federal Contract Tower,14,6,77,0,97,0,3,157,0,160,14,9,234,0,257,82,0,82,339
01/19/2021,MLB,FL,ASO,ES,Federal Contract Tower,10,4,98,1,113,0,7,173,2,182,10,11,271,3,295,70,0,70,365
01/20/2021,MLB,FL,ASO,ES,Federal Contract Tower,15,6,95,0,116,0,12,201,0,213,15,18,296,0,329,176,0,176,505
01/21/2021,MLB,FL,ASO,ES,Federal Contract Tower,13,5,77,12,107,0,2,190,0,192,13,7,267,12,299,99,14,113,412
01/22/2021,MLB,FL,ASO,ES,Federal Contract Tower,15,5,79,8,107,0,10,215,0,225,15,15,294,8,332,148,0,148,480
01/23/2021,MLB,FL,ASO,ES,Federal Contract Tower,9,7,46,0,62,0,2,56,0,58,9,9,102,0,120,38,0,38,158
01/24/2021,MLB,FL,ASO,ES,Federal Contract Tower,13,6,54,0,73,0,2,73,0,75,13,8,127,0,148,106,0,106,254
01/25/2021,MLB,FL,ASO,ES,Federal Contract Tower,12,7,102,1,122,0,3,162,0,165,12,10,264,1,287,110,0,110,397
01/26/2021,MLB,FL,ASO,ES,Federal Contract Tower,11,10,84,12,117,0,0,89,0,89,11,10,173,12,206,63,8,71,277
01/27/2021,MLB,FL,ASO,ES,Federal Contract Tower,12,9,107,0,128,0,3,117,1,121,12,12,224,1,249,154,0,154,403
01/28/2021,MLB,FL,ASO,ES,Federal Contract Tower,9,13,81,0,103,0,5,81,0,86,9,18,162,0,189,45,0,45,234
01/29/2021,MLB,FL,ASO,ES,Federal Contract Tower,25,12,113,0,150,0,7,250,0,257,25,19,363,0,407,170,0,170,577
01/30/2021,MLB,FL,ASO,ES,Federal Contract Tower,8,9,86,0,103,0,0,210,0,210,8,9,296,0,313,234,0,234,547
01/31/2021,MLB,FL,ASO,ES,Federal Contract Tower,12,8,50,0,70,0,0,90,0,90,12,8,140,0,160,42,0,42,202
02/01/2021,MLB,FL,ASO,ES,Federal Contract Tower,12,9,48,0,69,0,4,51,0,55,12,13,99,0,124,52,2,54,178
02/02/2021,MLB,FL,ASO,ES,Federal Contract Tower,15,10,46,0,71,0,4,51,0,55,15,14,97,0,126,50,0,50,176
02/03/2021,MLB,FL,ASO,ES,Federal Contract Tower,14,10,113,0,137,0,6,282,0,288,14,16,395,0,425,150,0,150,575
02/04/2021,MLB,FL,ASO,ES,Federal Contract Tower,16,11,130,1,158,0,0,275,0,275,16,11,405,1,433,204,0,204,637
02/05/2021,MLB,FL,ASO,ES,Federal Contract Tower,15,22,100,7,144,0,1,227,0,228,15,23,327,7,372,72,0,72,444
02/06/2021,MLB,FL,ASO,ES,Federal Contract Tower,10,4,47,0,61,0,0,3,0,3,10,4,50,0,64,0,0,0,64
02/07/2021,MLB,FL,ASO,ES,Federal Contract Tower,9,8,27,1,45,0,0,35,0,35,9,8,62,1,80,38,0,38,118
02/08/2021,MLB,FL,ASO,ES,Federal Contract Tower,16,11,78,0,105,0,0,4,0,4,16,11,82,0,109,14,0,14,123
02/09/2021,MLB,FL,ASO,ES,Federal Contract Tower,15,5,108,0,128,0,1,111,0,112,15,6,219,0,240,72,0,72,312
02/10/2021,MLB,FL,ASO,ES,Federal Contract Tower,15,6,153,1,175,0,6,239,0,245,15,12,392,1,420,224,0,224,644
02/11/2021,MLB,FL,ASO,ES,Federal Contract Tower,16,11,80,0,107,0,0,182,0,182,16,11,262,0,289,162,0,162,451
02/12/2021,MLB,FL,ASO,ES,Federal Contract Tower,15,10,116,28,169,0,3,184,0,187,15,13,300,28,356,150,0,150,506
02/13/2021,MLB,FL,ASO,ES,Federal Contract Tower,13,9,40,0,62,0,0,55,0,55,13,9,95,0,117,12,0,12,129
02/14/2021,MLB,FL,ASO,ES,Federal Contract Tower,12,1,21,0,34,0,0,43,0,43,12,1,64,0,77,32,0,32,109
02/15/2021,MLB,FL,ASO,ES,Federal Contract Tower,12,4,80,0,96,0,0,80,0,80,12,4,160,0,176,46,0,46,222
02/16/2021,MLB,FL,ASO,ES,Federal Contract Tower,10,9,107,7,133,0,1,104,2,107,10,10,211,9,240,77,0,77,317
02/17/2021,MLB,FL,ASO,ES,Federal Contract Tower,12,11,79,1,103,0,0,1,0,1,12,11,80,1,104,0,0,0,104
02/18/2021,MLB,FL,ASO,ES,Federal Contract Tower,17,8,94,1,120,0,2,224,0,226,17,10,318,1,346,88,0,88,434
02/19/2021,MLB,FL,ASO,ES,Federal Contract Tower,16,11,45,2,74,0,5,28,0,33,16,16,73,2,107,36,0,36,143
02/20/2021,MLB,FL,ASO,ES,Federal Contract Tower,13,5,39,0,57,0,12,125,1,138,13,17,164,1,195,36,0,36,231
02/21/2021,MLB,FL,ASO,ES,Federal Contract Tower,18,7,58,0,83,0,0,87,0,87,18,7,145,0,170,54,0,54,224
02/22/2021,MLB,FL,ASO,ES,Federal Contract Tower,16,11,113,2,142,0,6,189,0,195,16,17,302,2,337,170,0,170,507
02/23/2021,MLB,FL,ASO,ES,Federal Contract Tower,10,13,85,0,108,0,4,213,1,218,10,17,298,1,326,206,0,206,532
02/24/2021,MLB,FL,ASO,ES,Federal Contract Tower,13,4,123,5,145,0,4,284,2,290,13,8,407,7,435,280,0,280,715
02/25/2021,MLB,FL,ASO,ES,Federal Contract Tower,15,3,70,0,88,0,4,283,0,287,15,7,353,0,375,192,0,192,567
02/26/2021,MLB,FL,ASO,ES,Federal Contract Tower,17,2,78,0,97,0,6,263,0,269,17,8,341,0,366,320,0,320,686
02/27/2021,MLB,FL,ASO,ES,Federal Contract Tower,14,4,39,0,57,0,3,194,0,197,14,7,233,0,254,156,0,156,410
02/28/2021,MLB,FL,ASO,ES,Federal Contract Tower,16,3,38,2,59,0,7,99,9,115,16,10,137,11,174,30,0,30,204
03/01/2021,MLB,FL,ASO,ES,Federal Contract Tower,14,7,53,0,74,0,2,177,0,179,14,9,230,0,253,158,8,166,419
03/02/2021,MLB,FL,ASO,ES,Federal Contract Tower,9,9,53,0,71,0,0,156,0,156,9,9,209,0,227,184,0,184,411
03/03/2021,MLB,FL,ASO,ES,Federal Contract Tower,10,6,52,0,68,0,2,76,0,78,10,8,128,0,146,24,0,24,170
03/04/2021,MLB,FL,ASO,ES,Federal Contract Tower,15,5,71,3,94,0,5,164,0,169,15,10,235,3,263,136,4,140,403
03/05/2021,MLB,FL,ASO,ES,Federal Contract Tower,20,1,93,1,115,0,1,296,1,298,20,2,389,2,413,274,0,274,687
03/06/2021,MLB,FL,ASO,ES,Federal Contract Tower,20,3,34,0,57,0,14,79,0,93,20,17,113,0,150,22,0,22,172
03/07/2021,MLB,FL,ASO,ES,Federal Contract Tower,19,2,20,1,42,0,2,26,0,28,19,4,46,1,70,0,0,0,70
03/08/2021,MLB,FL,ASO,ES,Federal Contract Tower,18,3,42,0,63,0,7,79,0,86,18,10,121,0,149,34,0,34,183
03/09/2021,MLB,FL,ASO,ES,Federal Contract Tower,12,0,80,0,92,0,2,221,0,223,12,2,301,0,315,162,0,162,477
03/10/2021,MLB,FL,ASO,ES,Federal Contract Tower,13,8,108,1,130,0,4,238,3,245,13,12,346,4,375,208,0,208,583
03/11/2021,MLB,FL,ASO,ES,Federal Contract Tower,16,6,101,0,123,0,3,272,1,276,16,9,373,1,399,230,0,230,629
03/12/2021,MLB,FL,ASO,ES,Federal Contract Tower,15,9,95,1,120,0,2,282,0,284,15,11,377,1,404,260,0,260,664
03/13/2021,MLB,FL,ASO,ES,Federal Contract Tower,22,7,72,2,103,0,2,237,0,239,22,9,309,2,342,286,0,286,628
03/14/2021,MLB,FL,ASO,ES,Federal Contract Tower,16,5,44,0,65,0,3,172,0,175,16,8,216,0,240,108,0,108,348
03/15/2021,MLB,FL,ASO,ES,Federal Contract Tower,19,7,77,0,103,0,4,202,0,206,19,11,279,0,309,292,0,292,601
03/16/2021,MLB,FL,ASO,ES,Federal Contract Tower,17,6,110,0,133,0,6,160,1,167,17,12,270,1,300,204,0,204,504
03/17/2021,MLB,FL,ASO,ES,Federal Contract Tower,17,13,125,0,155,0,3,152,0,155,17,16,277,0,310,132,0,132,442
03/18/2021,MLB,FL,ASO,ES,Federal Contract Tower,15,5,60,10,90,0,2,105,0,107,15,7,165,10,197,58,0,58,255
03/19/2021,MLB,FL,ASO,ES,Federal Contract Tower,19,6,94,1,120,0,5,203,0,208,19,11,297,1,328,178,0,178,506
03/20/2021,MLB,FL,ASO,ES,Federal Contract Tower,19,6,43,1,69,0,6,99,0,105,19,12,142,1,174,18,4,22,196
03/21/2021,MLB,FL,ASO,ES,Federal Contract Tower,15,3,55,0,73,0,2,57,0,59,15,5,112,0,132,39,0,39,171
03/22/2021,MLB,FL,ASO,ES,Federal Contract Tower,16,5,109,0,130,0,3,86,0,89,16,8,195,0,219,106,0,106,325
03/23/2021,MLB,FL,ASO,ES,Federal Contract Tower,16,11,87,0,114,0,2,296,0,298,16,13,383,0,412,334,0,334,746
03/24/2021,MLB,FL,ASO,ES,Federal Contract Tower,10,16,120,0,146,0,4,260,1,265,10,20,380,1,411,260,0,260,671
03/25/2021,MLB,FL,ASO,ES,Federal Contract Tower,19,18,116,7,160,0,2,148,0,150,19,20,264,7,310,90,8,98,408
03/26/2021,MLB,FL,ASO,ES,Federal Contract Tower,21,10,133,0,164,0,5,196,0,201,21,15,329,0,365,138,0,138,503
03/27/2021,MLB,FL,ASO,ES,Federal Contract Tower,19,6,85,2,112,0,9,195,1,205,19,15,280,3,317,150,0,150,467
03/28/2021,MLB,FL,ASO,ES,Federal Contract Tower,16,12,69,0,97,0,4,89,0,93,16,16,158,0,190,68,0,68,258
03/29/2021,MLB,FL,ASO,ES,Federal Contract Tower,23,5,114,0,142,0,5,133,1,139,23,10,247,1,281,80,0,80,361
03/30/2021,MLB,FL,ASO,ES,Federal Contract Tower,15,5,110,0,130,0,5,178,0,183,15,10,288,0,313,207,0,207,520
03/31/2021,MLB,FL,ASO,ES,Federal Contract Tower,8,5,76,0,89,0,7,125,0,132,8,12,201,0,221,177,0,177,398
04/01/2021,MLB,FL,ASO,ES,Federal Contract Tower,14,6,72,1,93,0,9,65,1,75,14,15,137,2,168,20,4,24,192
04/02/2021,MLB,FL,ASO,ES,Federal Contract Tower,16,9,40,0,65,0,10,60,0,70,16,19,100,0,135,16,0,16,151
04/03/2021,MLB,FL,ASO,ES,Federal Contract Tower,18,4,74,0,96,0,4,104,0,108,18,8,178,0,204,84,0,84,288
04/04/2021,MLB,FL,ASO,ES,Federal Contract Tower,21,1,35,0,57,0,5,129,0,134,21,6,164,0,191,116,0,116,307
04/05/2021,MLB,FL,ASO,ES,Federal Contract Tower,16,3,124,0,143,0,6,325,0,331,16,9,449,0,474,242,0,242,716
04/06/2021,MLB,FL,ASO,ES,Federal Contract Tower,9,2,84,0,95,0,5,255,2,262,9,7,339,2,357,262,0,262,619
04/07/2021,MLB,FL,ASO,ES,Federal Contract Tower,14,5,115,0,134,0,7,244,0,251,14,12,359,0,385,298,0,298,683
04/08/2021,MLB,FL,ASO,ES,Federal Contract Tower,17,0,93,2,112,0,7,234,0,241,17,7,327,2,353,265,0,265,618
04/09/2021,MLB,FL,ASO,ES,Federal Contract Tower,17,4,74,0,95,0,5,276,0,281,17,9,350,0,376,214,4,218,594
04/10/2021,MLB,FL,ASO,ES,Federal Contract Tower,15,3,24,1,43,0,6,103,0,109,15,9,127,1,152,46,0,46,198
04/11/2021,MLB,FL,ASO,ES,Federal Contract Tower,14,7,21,0,42,0,0,38,0,38,14,7,59,0,80,16,0,16,96
04/12/2021,MLB,FL,ASO,ES,Federal Contract Tower,20,3,91,0,114,0,3,226,0,229,20,6,317,0,343,232,0,232,575
04/13/2021,MLB,FL,ASO,ES,Federal Contract Tower,11,11,81,3,106,0,4,236,0,240,11,15,317,3,346,364,0,364,710
04/14/2021,MLB,FL,ASO,ES,Federal Contract Tower,12,9,115,1,137,0,4,206,0,210,12,13,321,1,347,296,0,296,643
04/16/2021,MLB,FL,ASO,ES,Federal Contract Tower,18,9,77,8,112,0,2,173,0,175,18,11,250,8,287,190,0,190,477
04/18/2021,MLB,FL,ASO,ES,Federal Contract Tower,18,1,37,6,62,0,5,90,0,95,18,6,127,6,157,78,0,78,235
04/19/2021,MLB,FL,ASO,ES,Federal Contract Tower,13,15,38,4,70,0,5,28,0,33,13,20,66,4,103,26,0,26,129
04/20/2021,MLB,FL,ASO,ES,Federal Contract Tower,11,5,48,0,64,0,0,19,0,19,11,5,67,0,83,18,0,18,101
04/21/2021,MLB,FL,ASO,ES,Federal Contract Tower,15,6,141,2,164,0,7,179,0,186,15,13,320,2,350,178,0,178,528
04/22/2021,MLB,FL,ASO,ES,Federal Contract Tower,19,8,133,2,162,0,4,206,0,210,19,12,339,2,372,97,15,112,484
04/23/2021,MLB,FL,ASO,ES,Federal Contract Tower,18,6,105,0,129,0,8,232,0,240,18,14,337,0,369,190,0,190,559
04/24/2021,MLB,FL,ASO,ES,Federal Contract Tower,19,7,45,1,72,0,0,70,0,70,19,7,115,1,142,24,0,24,166
04/25/2021,MLB,FL,ASO,ES,Federal Contract Tower,15,7,37,0,59,0,4,54,0,58,15,11,91,0,117,9,0,9,126
04/26/2021,MLB,FL,ASO,ES,Federal Contract Tower,13,8,94,3,118,0,8,196,0,204,13,16,290,3,322,162,0,162,484
04/27/2021,MLB,FL,ASO,ES,Federal Contract Tower,11,10,113,0,134,0,4,208,0,212,11,14,321,0,346,200,0,200,546
04/28/2021,MLB,FL,ASO,ES,Federal Contract Tower,15,5,143,0,163,0,2,245,0,247,15,7,388,0,410,258,0,258,668
04/29/2021,MLB,FL,ASO,ES,Federal Contract Tower,16,12,148,0,176,0,5,190,0,195,16,17,338,0,371,142,0,142,513
04/30/2021,MLB,FL,ASO,ES,Federal Contract Tower,15,4,80,1,100,0,6,191,5,202,15,10,271,6,302,118,0,118,420
05/01/2021,MLB,FL,ASO,ES,Federal Contract Tower,20,4,75,0,99,0,7,142,0,149,20,11,217,0,248,216,0,216,464
05/02/2021,MLB,FL,ASO,ES,Federal Contract Tower,17,9,68,4,98,0,4,98,4,106,17,13,166,8,204,78,0,78,282
05/03/2021,MLB,FL,ASO,ES,Federal Contract Tower,19,10,53,12,94,0,8,119,0,127,19,18,172,12,221,70,0,70,291
05/04/2021,MLB,FL,ASO,ES,Federal Contract Tower,10,9,76,0,95,0,4,131,0,135,10,13,207,0,230,126,0,126,356
05/05/2021,MLB,FL,ASO,ES,Federal Contract Tower,16,6,118,0,140,0,4,212,0,216,16,10,330,0,356,162,0,162,518
05/06/2021,MLB,FL,ASO,ES,Federal Contract Tower,12,5,64,0,81,0,7,117,0,124,12,12,181,0,205,124,0,124,329
05/07/2021,MLB,FL,ASO,ES,Federal Contract Tower,15,13,137,3,168,0,2,198,6,206,15,15,335,9,374,150,0,150,524
05/08/2021,MLB,FL,ASO,ES,Federal Contract Tower,14,16,79,0,109,0,5,170,0,175,14,21,249,0,284,84,0,84,368
05/09/2021,MLB,FL,ASO,ES,Federal Contract Tower,14,1,41,2,58,0,4,96,8,108,14,5,137,10,166,68,0,68,234
05/10/2021,MLB,FL,ASO,ES,Federal Contract Tower,12,3,86,0,101,0,2,130,0,132,12,5,216,0,233,120,0,120,353
05/11/2021,MLB,FL,ASO,ES,Federal Contract Tower,15,6,112,0,133,0,4,189,0,193,15,10,301,0,326,270,0,270,596
05/12/2021,MLB,FL,ASO,ES,Federal Contract Tower,15,2,94,2,113,0,8,143,3,154,15,10,237,5,267,112,0,112,379
05/13/2021,MLB,FL,ASO,ES,Federal Contract Tower,17,13,79,3,112,0,2,75,0,77,17,15,154,3,189,50,0,50,239
05/14/2021,MLB,FL,ASO,ES,Federal Contract Tower,24,8,29,6,67,0,10,77,0,87,24,18,106,6,154,10,0,10,164
05/15/2021,MLB,FL,ASO,ES,Federal Contract Tower,11,0,45,3,59,0,3,44,0,47,11,3,89,3,106,16,0,16,122
05/16/2021,MLB,FL,ASO,ES,Federal Contract Tower,14,7,30,6,57,0,4,33,0,37,14,11,63,6,94,8,0,8,102
05/17/2021,MLB,FL,ASO,ES,Federal Contract Tower,17,9,51,3,80,0,9,163,0,172,17,18,214,3,252,100,0,100,352
05/18/2021,MLB,FL,ASO,ES,Federal Contract Tower,13,3,74,0,90,0,4,140,0,144,13,7,214,0,234,164,0,164,398
05/19/2021,MLB,FL,ASO,ES,Federal Contract Tower,20,8,90,0,118,0,2,106,0,108,20,10,196,0,226,86,0,86,312
05/20/2021,MLB,FL,ASO,ES,Federal Contract Tower,14,7,67,5,93,0,6,88,1,95,14,13,155,6,188,60,0,60,248
05/21/2021,MLB,FL,ASO,ES,Federal Contract Tower,19,3,87,10,119,0,9,119,0,128,19,12,206,10,247,42,0,42,289
05/22/2021,MLB,FL,ASO,ES,Federal Contract Tower,15,3,81,0,99,0,2,119,0,121,15,5,200,0,220,106,0,106,326
05/23/2021,MLB,FL,ASO,ES,Federal Contract Tower,18,2,75,6,101,0,3,199,0,202,18,5,274,6,303,110,0,110,413
05/24/2021,MLB,FL,ASO,ES,Federal Contract Tower,16,6,119,3,144,0,4,278,0,282,16,10,397,3,426,354,0,354,780
05/25/2021,MLB,FL,ASO,ES,Federal Contract Tower,15,2,88,0,105,0,2,276,2,280,15,4,364,2,385,288,0,288,673
05/26/2021,MLB,FL,ASO,ES,Federal Contract Tower,15,13,89,0,117,0,5,275,1,281,15,18,364,1,398,282,0,282,680
05/27/2021,MLB,FL,ASO,ES,Federal Contract Tower,20,4,116,0,140,0,2,249,0,251,20,6,365,0,391,286,0,286,677
05/28/2021,MLB,FL,ASO,ES,Federal Contract Tower,21,1,113,3,138,0,6,227,0,233,21,7,340,3,371,160,0,160,531
05/29/2021,MLB,FL,ASO,ES,Federal Contract Tower,16,1,60,1,78,0,0,153,0,153,16,1,213,1,231,122,0,122,353
05/30/2021,MLB,FL,ASO,ES,Federal Contract Tower,17,4,36,0,57,0,1,95,0,96,17,5,131,0,153,48,0,48,201
05/31/2021,MLB,FL,ASO,ES,Federal Contract Tower,15,7,0,0,22,0,4,106,0,110,15,11,106,0,132,151,0,151,283
06/01/2021,MLB,FL,ASO,ES,Federal Contract Tower,19,2,61,4,86,0,3,163,0,166,19,5,224,4,252,378,2,380,632
06/02/2021,MLB,FL,ASO,ES,Federal Contract Tower,13,2,71,0,86,0,4,84,0,88,13,6,155,0,174,108,0,108,282
06/03/2021,MLB,FL,ASO,ES,Federal Contract Tower,14,3,79,0,96,0,6,122,0,128,14,9,201,0,224,176,0,176,400
06/04/2021,MLB,FL,ASO,ES,Federal Contract Tower,14,4,78,2,98,0,2,115,1,118,14,6,193,3,216,114,0,114,330
06/05/2021,MLB,FL,ASO,ES,Federal Contract Tower,16,5,70,0,91,0,3,130,0,133,16,8,200,0,224,126,0,126,350
06/06/2021,MLB,FL,ASO,ES,Federal Contract Tower,15,5,81,2,103,0,4,88,0,92,15,9,169,2,195,56,0,56,251
06/07/2021,MLB,FL,ASO,ES,Federal Contract Tower,11,6,91,0,108,0,2,258,0,260,11,8,349,0,368,202,0,202,570
06/08/2021,MLB,FL,ASO,ES,Federal Contract Tower,11,6,102,10,129,0,2,169,1,172,11,8,271,11,301,118,0,118,419
06/09/2021,MLB,FL,ASO,ES,Federal Contract Tower,19,6,86,0,111,0,2,239,0,241,19,8,325,0,352,256,0,256,608
06/10/2021,MLB,FL,ASO,ES,Federal Contract Tower,13,11,99,0,123,0,5,260,0,265,13,16,359,0,388,310,0,310,698
06/11/2021,MLB,FL,ASO,ES,Federal Contract Tower,16,2,91,0,109,0,6,262,2,270,16,8,353,2,379,247,0,247,626
06/12/2021,MLB,FL,ASO,ES,Federal Contract Tower,16,6,77,0,99,0,2,162,0,164,16,8,239,0,263,104,0,104,367
06/13/2021,MLB,FL,ASO,ES,Federal Contract Tower,14,4,42,1,61,0,0,119,0,119,14,4,161,1,180,66,0,66,246
06/14/2021,MLB,FL,ASO,ES,Federal Contract Tower,14,3,57,0,74,0,1,125,0,126,14,4,182,0,200,114,0,114,314
06/15/2021,MLB,FL,ASO,ES,Federal Contract Tower,15,8,54,0,77,0,1,71,0,72,15,9,125,0,149,80,0,80,229
06/16/2021,MLB,FL,ASO,ES,Federal Contract Tower,12,5,60,0,77,0,0,137,0,137,12,5,197,0,214,208,0,208,422
06/17/2021,MLB,FL,ASO,ES,Federal Contract Tower,8,2,69,1,80,0,17,195,0,212,8,19,264,1,292,253,0,253,545
06/18/2021,MLB,FL,ASO,ES,Federal Contract Tower,19,3,60,0,82,0,1,336,0,337,19,4,396,0,419,214,0,214,633
06/19/2021,MLB,FL,ASO,ES,Federal Contract Tower,14,3,68,0,85,0,0,145,10,155,14,3,213,10,240,0,0,0,240
06/20/2021,MLB,FL,ASO,ES,Federal Contract Tower,15,2,46,0,63,0,4,66,0,70,15,6,112,0,133,60,0,60,193
06/21/2021,MLB,FL,ASO,ES,Federal Contract Tower,14,2,55,0,71,0,0,128,0,128,14,2,183,0,199,191,0,191,390
06/22/2021,MLB,FL,ASO,ES,Federal Contract Tower,14,3,51,1,69,0,4,98,0,102,14,7,149,1,171,89,4,93,264
06/23/2021,MLB,FL,ASO,ES,Federal Contract Tower,12,7,60,0,79,0,7,145,0,152,12,14,205,0,231,158,0,158,389
06/24/2021,MLB,FL,ASO,ES,Federal Contract Tower,18,8,88,0,114,0,1,264,1,266,18,9,352,1,380,248,0,248,628
06/25/2021,MLB,FL,ASO,ES,Federal Contract Tower,19,3,74,0,96,0,2,117,0,119,19,5,191,0,215,76,0,76,291
06/26/2021,MLB,FL,ASO,ES,Federal Contract Tower,14,3,36,0,53,0,4,124,0,128,14,7,160,0,181,136,0,136,317
06/27/2021,MLB,FL,ASO,ES,Federal Contract Tower,11,0,64,0,75,0,6,122,0,128,11,6,186,0,203,134,0,134,337
06/28/2021,MLB,FL,ASO,ES,Federal Contract Tower,12,5,85,0,102,0,3,252,0,255,12,8,337,0,357,184,0,184,541
06/29/2021,MLB,FL,ASO,ES,Federal Contract Tower,17,5,46,0,68,0,2,99,0,101,17,7,145,0,169,170,0,170,339
06/30/2021,MLB,FL,ASO,ES,Federal Contract Tower,11,13,53,1,78,0,4,116,0,120,11,17,169,1,198,80,0,80,278
07/01/2021,MLB,FL,ASO,ES,Federal Contract Tower,16,4,54,0,74,0,0,146,0,146,16,4,200,0,220,100,0,100,320
07/02/2021,MLB,FL,ASO,ES,Federal Contract Tower,18,5,105,2,130,0,5,219,0,224,18,10,324,2,354,226,0,226,580
07/03/2021,MLB,FL,ASO,ES,Federal Contract Tower,20,2,52,0,74,0,3,66,0,69,20,5,118,0,143,34,0,34,177
07/04/2021,MLB,FL,ASO,ES,Federal Contract Tower,15,1,25,0,41,0,0,79,0,79,15,1,104,0,120,44,0,44,164
07/05/2021,MLB,FL,ASO,ES,Federal Contract Tower,15,0,72,0,87,0,16,137,0,153,15,16,209,0,240,100,0,100,340
07/06/2021,MLB,FL,ASO,ES,Federal Contract Tower,16,0,51,0,67,0,1,52,0,53,16,1,103,0,120,58,0,58,178
07/07/2021,MLB,FL,ASO,ES,Federal Contract Tower,13,6,21,0,40,0,0,46,0,46,13,6,67,0,86,60,0,60,146
07/08/2021,MLB,FL,ASO,ES,Federal Contract Tower,16,5,58,0,79,0,0,176,0,176,16,5,234,0,255,174,0,174,429
07/09/2021,MLB,FL,ASO,ES,Federal Contract Tower,16,1,69,0,86,0,3,204,0,207,16,4,273,0,293,240,0,240,533
07/10/2021,MLB,FL,ASO,ES,Federal Contract Tower,16,3,64,0,83,0,1,155,0,156,16,4,219,0,239,120,0,120,359
07/11/2021,MLB,FL,ASO,ES,Federal Contract Tower,13,3,39,0,55,0,3,105,0,108,13,6,144,0,163,55,0,55,218
07/12/2021,MLB,FL,ASO,ES,Federal Contract Tower,15,5,59,0,79,0,7,141,0,148,15,12,200,0,227,126,0,126,353
07/13/2021,MLB,FL,ASO,ES,Federal Contract Tower,13,5,58,0,76,0,6,120,3,129,13,11,178,3,205,170,0,170,375
07/14/2021,MLB,FL,ASO,ES,Federal Contract Tower,14,4,101,7,126,0,3,200,4,207,14,7,301,11,333,291,14,305,638
07/15/2021,MLB,FL,ASO,ES,Federal Contract Tower,16,4,100,0,120,0,6,271,0,277,16,10,371,0,397,276,0,276,673
07/16/2021,MLB,FL,ASO,ES,Federal Contract Tower,14,3,87,3,107,0,9,321,2,332,14,12,408,5,439,252,0,252,691
07/17/2021,MLB,FL,ASO,ES,Federal Contract Tower,16,5,67,0,88,0,10,196,0,206,16,15,263,0,294,168,0,168,462
07/18/2021,MLB,FL,ASO,ES,Federal Contract Tower,14,0,49,0,63,0,7,127,1,135,14,7,176,1,198,72,0,72,270
07/19/2021,MLB,FL,ASO,ES,Federal Contract Tower,13,0,56,0,69,0,2,181,4,187,13,2,237,4,256,150,0,150,406
07/20/2021,MLB,FL,ASO,ES,Federal Contract Tower,21,6,49,18,94,0,2,192,2,196,21,8,241,20,290,196,0,196,486
07/21/2021,MLB,FL,ASO,ES,Federal Contract Tower,18,5,80,0,103,0,7,166,0,173,18,12,246,0,276,220,0,220,496
07/22/2021,MLB,FL,ASO,ES,Federal Contract Tower,17,6,53,0,76,0,1,215,0,216,17,7,268,0,292,212,0,212,504
07/23/2021,MLB,FL,ASO,ES,Federal Contract Tower,12,7,66,0,85,0,3,212,0,215,12,10,278,0,300,170,0,170,470
07/24/2021,MLB,FL,ASO,ES,Federal Contract Tower,17,8,96,11,132,0,9,174,0,183,17,17,270,11,315,86,0,86,401
07/25/2021,MLB,FL,ASO,ES,Federal Contract Tower,19,6,30,0,55,0,3,121,0,124,19,9,151,0,179,94,0,94,273
07/26/2021,MLB,FL,ASO,ES,Federal Contract Tower,18,1,43,0,62,0,1,151,0,152,18,2,194,0,214,244,0,244,458
07/27/2021,MLB,FL,ASO,ES,Federal Contract Tower,17,4,45,0,66,0,1,144,0,145,17,5,189,0,211,306,0,306,517
07/28/2021,MLB,FL,ASO,ES,Federal Contract Tower,15,4,53,0,72,0,2,187,3,192,15,6,240,3,264,150,0,150,414
07/29/2021,MLB,FL,ASO,ES,Federal Contract Tower,17,4,41,0,62,0,3,203,0,206,17,7,244,0,268,126,0,126,394
07/30/2021,MLB,FL,ASO,ES,Federal Contract Tower,20,4,59,1,84,0,2,208,1,211,20,6,267,2,295,182,0,182,477
07/31/2021,MLB,FL,ASO,ES,Federal Contract Tower,13,2,39,0,54,0,6,186,0,192,13,8,225,0,246,152,6,158,404
08/01/2021,MLB,FL,ASO,ES,Federal Contract Tower,11,2,53,2,68,0,5,97,0,102,11,7,150,2,170,86,0,86,256
08/02/2021,MLB,FL,ASO,ES,Federal Contract Tower,15,1,32,0,48,0,0,126,0,126,15,1,158,0,174,168,0,168,342
08/03/2021,MLB,FL,ASO,ES,Federal Contract Tower,13,5,54,0,72,0,0,114,0,114,13,5,168,0,186,154,0,154,340
08/04/2021,MLB,FL,ASO,ES,Federal Contract Tower,16,4,58,2,80,0,0,87,1,88,16,4,145,3,168,88,2,90,258
08/05/2021,MLB,FL,ASO,ES,Federal Contract Tower,18,2,75,1,96,0,4,226,0,230,18,6,301,1,326,226,0,226,552
08/06/2021,MLB,FL,ASO,ES,Federal Contract Tower,13,1,34,2,50,0,2,258,6,266,13,3,292,8,316,160,0,160,476
08/07/2021,MLB,FL,ASO,ES,Federal Contract Tower,14,4,24,0,42,0,6,143,0,149,14,10,167,0,191,165,0,165,356
08/08/2021,MLB,FL,ASO,ES,Federal Contract Tower,16,2,35,0,53,0,4,101,7,112,16,6,136,7,165,96,0,96,261
08/09/2021,MLB,FL,ASO,ES,Federal Contract Tower,14,5,52,10,81,0,5,180,0,185,14,10,232,10,266,230,0,230,496
08/10/2021,MLB,FL,ASO,ES,Federal Contract Tower,11,5,43,12,71,2,6,148,0,156,13,11,191,12,227,226,0,226,453
08/11/2021,MLB,FL,ASO,ES,Federal Contract Tower,14,6,80,0,100,0,6,170,0,176,14,12,250,0,276,271,0,271,547
08/12/2021,MLB,FL,ASO,ES,Federal Contract Tower,18,1,70,4,93,0,0,186,0,186,18,1,256,4,279,168,0,168,447
08/13/2021,MLB,FL,ASO,ES,Federal Contract Tower,13,1,62,0,76,0,2,118,0,120,13,3,180,0,196,160,0,160,356
08/14/2021,MLB,FL,ASO,ES,Federal Contract Tower,11,6,29,0,46,0,2,56,0,58,11,8,85,0,104,102,0,102,206
08/15/2021,MLB,FL,ASO,ES,Federal Contract Tower,12,1,20,0,33,0,10,65,0,75,12,11,85,0,108,41,0,41,149
08/16/2021,MLB,FL,ASO,ES,Federal Contract Tower,13,5,60,1,79,0,2,123,0,125,13,7,183,1,204,162,0,162,366
08/17/2021,MLB,FL,ASO,ES,Federal Contract Tower,13,3,82,8,106,0,3,235,0,238,13,6,317,8,344,203,0,203,547
08/18/2021,MLB,FL,ASO,ES,Federal Contract Tower,15,10,123,0,148,0,5,250,2,257,15,15,373,2,405,189,0,189,594
08/19/2021,MLB,FL,ASO,ES,Federal Contract Tower,22,7,84,0,113,0,2,222,0,224,22,9,306,0,337,170,0,170,507
08/20/2021,MLB,FL,ASO,ES,Federal Contract Tower,16,7,87,0,110,0,1,165,0,166,16,8,252,0,276,112,0,112,388
08/21/2021,MLB,FL,ASO,ES,Federal Contract Tower,12,3,52,0,67,0,6,168,0,174,12,9,220,0,241,148,0,148,389
08/22/2021,MLB,FL,ASO,ES,Federal Contract Tower,14,1,40,0,55,0,8,87,0,95,14,9,127,0,150,69,0,69,219
08/23/2021,MLB,FL,ASO,ES,Federal Contract Tower,13,3,49,0,65,0,2,119,2,123,13,5,168,2,188,208,0,208,396
08/24/2021,MLB,FL,ASO,ES,Federal Contract Tower,12,2,95,2,111,0,3,159,28,190,12,5,254,30,301,152,16,168,469
08/25/2021,MLB,FL,ASO,ES,Federal Contract Tower,10,2,87,0,99,0,2,196,0,198,10,4,283,0,297,210,0,210,507
08/26/2021,MLB,FL,ASO,ES,Federal Contract Tower,17,2,66,0,85,0,1,112,0,113,17,3,178,0,198,106,0,106,304
08/27/2021,MLB,FL,ASO,ES,Federal Contract Tower,14,3,32,0,49,0,1,35,0,36,14,4,67,0,85,54,0,54,139
08/28/2021,MLB,FL,ASO,ES,Federal Contract Tower,16,0,61,0,77,0,2,113,0,115,16,2,174,0,192,46,0,46,238
08/29/2021,MLB,FL,ASO,ES,Federal Contract Tower,17,8,60,0,85,0,5,86,0,91,17,13,146,0,176,58,0,58,234
08/30/2021,MLB,FL,ASO,ES,Federal Contract Tower,14,6,64,0,84,0,10,286,0,296,14,16,350,0,380,220,0,220,600
08/31/2021,MLB,FL,ASO,ES,Federal Contract Tower,12,2,79,0,93,0,0,188,0,188,12,2,267,0,281,176,0,176,457
09/01/2021,MLB,FL,ASO,ES,Federal Contract Tower,13,4,55,0,72,0,1,179,0,180,13,5,234,0,252,94,0,94,346
09/02/2021,MLB,FL,ASO,ES,Federal Contract Tower,17,5,58,0,80,0,4,134,2,140,17,9,192,2,220,162,0,162,382
09/03/2021,MLB,FL,ASO,ES,Federal Contract Tower,14,5,102,0,121,0,0,212,0,212,14,5,314,0,333,257,0,257,590
09/04/2021,MLB,FL,ASO,ES,Federal Contract Tower,14,4,58,0,76,0,8,116,0,124,14,12,174,0,200,130,0,130,330
09/05/2021,MLB,FL,ASO,ES,Federal Contract Tower,14,4,33,0,51,0,2,75,0,77,14,6,108,0,128,61,0,61,189
09/06/2021,MLB,FL,ASO,ES,Federal Contract Tower,12,6,60,0,78,0,4,170,0,174,12,10,230,0,252,94,0,94,346
09/07/2021,MLB,FL,ASO,ES,Federal Contract Tower,11,4,47,2,64,0,5,205,0,210,11,9,252,2,274,208,6,214,488
09/08/2021,MLB,FL,ASO,ES,Federal Contract Tower,10,0,69,0,79,0,5,193,0,198,10,5,262,0,277,152,0,152,429
09/09/2021,MLB,FL,ASO,ES,Federal Contract Tower,23,2,94,0,119,0,4,225,0,229,23,6,319,0,348,158,0,158,506
09/10/2021,MLB,FL,ASO,ES,Federal Contract Tower,12,3,56,0,71,0,2,216,0,218,12,5,272,0,289,116,0,116,405
09/11/2021,MLB,FL,ASO,ES,Federal Contract Tower,13,6,87,0,106,0,5,213,0,218,13,11,300,0,324,154,0,154,478
09/12/2021,MLB,FL,ASO,ES,Federal Contract Tower,16,3,46,1,66,0,7,78,0,85,16,10,124,1,151,50,3,53,204
09/13/2021,MLB,FL,ASO,ES,Federal Contract Tower,21,5,76,0,102,0,2,180,0,182,21,7,256,0,284,168,0,168,452
09/14/2021,MLB,FL,ASO,ES,Federal Contract Tower,10,3,121,0,134,0,5,282,0,287,10,8,403,0,421,204,0,204,625
09/15/2021,MLB,FL,ASO,ES,Federal Contract Tower,13,4,81,1,99,0,5,260,0,265,13,9,341,1,364,307,1,308,672
09/16/2021,MLB,FL,ASO,ES,Federal Contract Tower,14,4,59,0,77,0,1,136,0,137,14,5,195,0,214,109,0,109,323
09/17/2021,MLB,FL,ASO,ES,Federal Contract Tower,17,5,75,1,98,0,8,134,0,142,17,13,209,1,240,161,0,161,401
09/18/2021,MLB,FL,ASO,ES,Federal Contract Tower,11,5,36,0,52,0,2,98,0,100,11,7,134,0,152,76,0,76,228
09/19/2021,MLB,FL,ASO,ES,Federal Contract Tower,17,4,58,0,79,0,3,69,0,72,17,7,127,0,151,31,0,31,182
09/20/2021,MLB,FL,ASO,ES,Federal Contract Tower,16,5,36,0,57,15,1,73,2,91,31,6,109,2,148,146,0,146,294
09/21/2021,MLB,FL,ASO,ES,Federal Contract Tower,16,3,43,0,62,0,1,121,0,122,16,4,164,0,184,123,0,123,307
09/22/2021,MLB,FL,ASO,ES,Federal Contract Tower,15,9,67,0,91,0,4,161,0,165,15,13,228,0,256,332,0,332,588
09/23/2021,MLB,FL,ASO,ES,Federal Contract Tower,14,5,83,0,102,0,0,109,0,109,14,5,192,0,211,104,0,104,315
09/24/2021,MLB,FL,ASO,ES,Federal Contract Tower,20,12,100,0,132,0,5,303,4,312,20,17,403,4,444,266,0,266,710
09/25/2021,MLB,FL,ASO,ES,Federal Contract Tower,14,2,64,0,80,0,2,226,0,228,14,4,290,0,308,218,0,218,526
09/26/2021,MLB,FL,ASO,ES,Federal Contract Tower,13,0,46,0,59,0,0,100,0,100,13,0,146,0,159,75,0,75,234
09/27/2021,MLB,FL,ASO,ES,Federal Contract Tower,16,3,103,1,123,0,0,267,1,268,16,3,370,2,391,284,0,284,675
09/28/2021,MLB,FL,ASO,ES,Federal Contract Tower,10,6,94,0,110,0,3,216,0,219,10,9,310,0,329,368,0,368,697
09/29/2021,MLB,FL,ASO,ES,Federal Contract Tower,16,1,78,14,109,0,2,251,0,253,16,3,329,14,362,255,0,255,617
09/30/2021,MLB,FL,ASO,ES,Federal Contract Tower,16,1,94,0,111,0,4,213,0,217,16,5,307,0,328,376,0,376,704
10/01/2021,MLB,FL,ASO,ES,Federal Contract Tower,16,5,115,0,136,0,2,173,0,175,16,7,288,0,311,232,0,232,543
10/02/2021,MLB,FL,ASO,ES,Federal Contract Tower,15,2,75,0,92,0,8,170,0,178,15,10,245,0,270,176,0,176,446
10/03/2021,MLB,FL,ASO,ES,Federal Contract Tower,17,1,61,1,80,0,0,108,0,108,17,1,169,1,188,119,0,119,307
10/04/2021,MLB,FL,ASO,ES,Federal Contract Tower,16,2,61,0,79,0,6,231,0,237,16,8,292,0,316,286,0,286,602
10/05/2021,MLB,FL,ASO,ES,Federal Contract Tower,11,6,98,0,115,0,2,220,0,222,11,8,318,0,337,240,0,240,577
10/06/2021,MLB,FL,ASO,ES,Federal Contract Tower,8,1,136,6,151,0,4,258,0,262,8,5,394,6,413,316,0,316,729
10/07/2021,MLB,FL,ASO,ES,Federal Contract Tower,14,0,54,2,70,0,2,165,0,167,14,2,219,2,237,189,0,189,426
10/08/2021,MLB,FL,ASO,ES,Federal Contract Tower,15,2,78,0,95,0,1,128,0,129,15,3,206,0,224,98,1,99,323
10/09/2021,MLB,FL,ASO,ES,Federal Contract Tower,9,3,75,0,87,0,0,110,0,110,9,3,185,0,197,52,0,52,249
10/10/2021,MLB,FL,ASO,ES,Federal Contract Tower,17,0,41,0,58,0,4,81,1,86,17,4,122,1,144,29,0,29,173
10/11/2021,MLB,FL,ASO,ES,Federal Contract Tower,17,4,51,6,78,0,0,167,2,169,17,4,218,8,247,120,0,120,367
10/12/2021,MLB,FL,ASO,ES,Federal Contract Tower,12,5,100,0,117,0,5,208,2,215,12,10,308,2,332,229,0,229,561
10/13/2021,MLB,FL,ASO,ES,Federal Contract Tower,20,2,101,0,123,0,7,247,1,255,20,9,348,1,378,243,0,243,621
10/14/2021,MLB,FL,ASO,ES,Federal Contract Tower,13,19,79,0,111,0,1,298,0,299,13,20,377,0,410,264,0,264,674
10/15/2021,MLB,FL,ASO,ES,Federal Contract Tower,17,7,115,0,139,0,6,234,0,240,17,13,349,0,379,277,0,277,656
10/16/2021,MLB,FL,ASO,ES,Federal Contract Tower,10,8,46,0,64,0,4,195,0,199,10,12,241,0,263,294,0,294,557
10/17/2021,MLB,FL,ASO,ES,Federal Contract Tower,17,5,29,0,51,0,4,66,0,70,17,9,95,0,121,47,0,47,168
10/18/2021,MLB,FL,ASO,ES,Federal Contract Tower,17,1,66,0,84,0,7,164,0,171,17,8,230,0,255,202,0,202,457
10/19/2021,MLB,FL,ASO,ES,Federal Contract Tower,12,9,90,0,111,0,7,221,0,228,12,16,311,0,339,345,0,345,684
10/20/2021,MLB,FL,ASO,ES,Federal Contract Tower,10,5,90,0,105,0,2,223,0,225,10,7,313,0,330,284,0,284,614
10/21/2021,MLB,FL,ASO,ES,Federal Contract Tower,15,8,108,1,132,0,1,244,0,245,15,9,352,1,377,274,0,274,651
10/22/2021,MLB,FL,ASO,ES,Federal Contract Tower,15,4,87,0,106,0,2,228,0,230,15,6,315,0,336,245,0,245,581
10/23/2021,MLB,FL,ASO,ES,Federal Contract Tower,12,2,71,0,85,0,2,167,0,169,12,4,238,0,254,159,0,159,413
10/24/2021,MLB,FL,ASO,ES,Federal Contract Tower,14,1,38,0,53,0,2,43,0,45,14,3,81,0,98,115,0,115,213
10/25/2021,MLB,FL,ASO,ES,Federal Contract Tower,15,5,48,0,68,0,4,62,2,68,15,9,110,2,136,76,14,90,226
10/26/2021,MLB,FL,ASO,ES,Federal Contract Tower,13,4,86,0,103,0,2,126,0,128,13,6,212,0,231,134,0,134,365
10/27/2021,MLB,FL,ASO,ES,Federal Contract Tower,11,5,92,0,108,0,3,314,0,317,11,8,406,0,425,261,0,261,686
10/28/2021,MLB,FL,ASO,ES,Federal Contract Tower,18,9,49,0,76,0,0,67,0,67,18,9,116,0,143,76,0,76,219
10/29/2021,MLB,FL,ASO,ES,Federal Contract Tower,17,10,56,15,98,0,3,113,1,117,17,13,169,16,215,136,2,138,353
10/30/2021,MLB,FL,ASO,ES,Federal Contract Tower,13,5,84,0,102,0,5,131,0,136,13,10,215,0,238,122,0,122,360
10/31/2021,MLB,FL,ASO,ES,Federal Contract Tower,12,0,43,0,55,0,4,84,0,88,12,4,127,0,143,45,0,45,188
11/01/2021,MLB,FL,ASO,ES,Federal Contract Tower,15,1,116,0,132,0,4,241,0,245,15,5,357,0,377,212,0,212,589
11/02/2021,MLB,FL,ASO,ES,Federal Contract Tower,8,10,85,0,103,0,5,232,0,237,8,15,317,0,340,228,0,228,568
11/03/2021,MLB,FL,ASO,ES,Federal Contract Tower,13,8,124,0,145,0,3,267,0,270,13,11,391,0,415,296,0,296,711
11/04/2021,MLB,FL,ASO,ES,Federal Contract Tower,12,5,92,12,121,0,3,197,0,200,12,8,289,12,321,212,0,212,533
11/05/2021,MLB,FL,ASO,ES,Federal Contract Tower,15,3,33,0,51,0,0,3,0,3,15,3,36,0,54,10,0,10,64
11/06/2021,MLB,FL,ASO,ES,Federal Contract Tower,10,2,35,0,47,0,3,27,0,30,10,5,62,0,77,31,0,31,108
11/07/2021,MLB,FL,ASO,ES,Federal Contract Tower,20,1,57,0,78,0,8,80,0,88,20,9,137,0,166,31,0,31,197
11/08/2021,MLB,FL,ASO,ES,Federal Contract Tower,17,2,80,0,99,0,2,173,0,175,17,4,253,0,274,88,0,88,362
11/09/2021,MLB,FL,ASO,ES,Federal Contract Tower,13,1,105,4,123,0,4,245,0,249,13,5,350,4,372,254,0,254,626
11/10/2021,MLB,FL,ASO,ES,Federal Contract Tower,16,1,101,1,119,0,2,51,0,53,16,3,152,1,172,58,0,58,230
11/11/2021,MLB,FL,ASO,ES,Federal Contract Tower,21,3,95,0,119,0,1,185,0,186,21,4,280,0,305,157,0,157,462
11/12/2021,MLB,FL,ASO,ES,Federal Contract Tower,28,3,97,10,138,0,8,157,0,165,28,11,254,10,303,265,0,265,568
11/13/2021,MLB,FL,ASO,ES,Federal Contract Tower,10,5,61,0,76,0,0,149,0,149,10,5,210,0,225,232,0,232,457
11/14/2021,MLB,FL,ASO,ES,Federal Contract Tower,18,4,55,0,77,0,7,139,0,146,18,11,194,0,223,56,0,56,279
11/15/2021,MLB,FL,ASO,ES,Federal Contract Tower,17,8,77,0,102,0,0,226,0,226,17,8,303,0,328,224,0,224,552
11/16/2021,MLB,FL,ASO,ES,Federal Contract Tower,12,6,113,0,131,0,3,254,0,257,12,9,367,0,388,238,0,238,626
11/17/2021,MLB,FL,ASO,ES,Federal Contract Tower,19,6,88,8,121,0,3,244,0,247,19,9,332,8,368,316,0,316,684
11/18/2021,MLB,FL,ASO,ES,Federal Contract Tower,23,7,89,1,120,0,0,164,0,164,23,7,253,1,284,271,0,271,555
11/19/2021,MLB,FL,ASO,ES,Federal Contract Tower,19,14,93,1,127,0,1,148,2,151,19,15,241,3,278,100,0,100,378
11/20/2021,MLB,FL,ASO,ES,Federal Contract Tower,11,6,55,0,72,0,0,37,0,37,11,6,92,0,109,0,0,0,109
11/21/2021,MLB,FL,ASO,ES,Federal Contract Tower,20,8,45,0,73,0,0,58,0,58,20,8,103,0,131,95,0,95,226
11/22/2021,MLB,FL,ASO,ES,Federal Contract Tower,19,11,74,1,105,0,0,77,0,77,19,11,151,1,182,94,0,94,276
11/23/2021,MLB,FL,ASO,ES,Federal Contract Tower,32,5,61,0,98,0,4,123,0,127,32,9,184,0,225,70,0,70,295
11/24/2021,MLB,FL,ASO,ES,Federal Contract Tower,19,5,77,0,101,0,1,172,0,173,19,6,249,0,274,172,0,172,446
11/25/2021,MLB,FL,ASO,ES,Federal Contract Tower,6,33,23,0,62,0,4,49,0,53,6,37,72,0,115,78,0,78,193
11/26/2021,MLB,FL,ASO,ES,Federal Contract Tower,22,3,44,0,69,0,3,95,0,98,22,6,139,0,167,67,0,67,234
11/27/2021,MLB,FL,ASO,ES,Federal Contract Tower,15,4,70,0,89,0,0,168,0,168,15,4,238,0,257,134,0,134,391
11/28/2021,MLB,FL,ASO,ES,Federal Contract Tower,24,6,62,0,92,0,2,153,0,155,24,8,215,0,247,94,0,94,341
11/29/2021,MLB,FL,ASO,ES,Federal Contract Tower,13,5,55,0,73,0,2,204,0,206,13,7,259,0,279,182,0,182,461
11/30/2021,MLB,FL,ASO,ES,Federal Contract Tower,14,3,72,0,89,0,4,245,0,249,14,7,317,0,338,285,0,285,623
12/01/2021,MLB,FL,ASO,ES,Federal Contract Tower,12,2,86,3,103,0,5,236,0,241,12,7,322,3,344,288,0,288,632
12/02/2021,MLB,FL,ASO,ES,Federal Contract Tower,19,3,104,1,127,0,2,235,0,237,19,5,339,1,364,258,0,258,622
12/03/2021,MLB,FL,ASO,ES,Federal Contract Tower,17,10,90,0,117,0,2,260,0,262,17,12,350,0,379,232,0,232,611
12/04/2021,MLB,FL,ASO,ES,Federal Contract Tower,14,11,36,0,61,0,1,140,0,141,14,12,176,0,202,112,2,114,316
12/05/2021,MLB,FL,ASO,ES,Federal Contract Tower,27,3,56,0,86,0,3,163,0,166,27,6,219,0,252,105,0,105,357
12/06/2021,MLB,FL,ASO,ES,Federal Contract Tower,12,7,80,0,99,0,4,171,0,175,12,11,251,0,274,256,0,256,530
12/07/2021,MLB,FL,ASO,ES,Federal Contract Tower,18,7,114,0,139,0,0,111,0,111,18,7,225,0,250,80,0,80,330
12/08/2021,MLB,FL,ASO,ES,Federal Contract Tower,13,9,85,0,107,0,4,187,0,191,13,13,272,0,298,242,0,242,540
12/09/2021,MLB,FL,ASO,ES,Federal Contract Tower,21,11,106,0,138,0,4,198,0,202,21,15,304,0,340,257,2,259,599
12/10/2021,MLB,FL,ASO,ES,Federal Contract Tower,18,16,100,0,134,0,2,184,0,186,18,18,284,0,320,196,0,196,516
12/11/2021,MLB,FL,ASO,ES,Federal Contract Tower,14,3,85,0,102,0,7,204,0,211,14,10,289,0,313,216,0,216,529
12/12/2021,MLB,FL,ASO,ES,Federal Contract Tower,20,8,47,0,75,0,2,105,0,107,20,10,152,0,182,155,0,155,337
12/13/2021,MLB,FL,ASO,ES,Federal Contract Tower,15,2,100,0,117,0,2,198,0,200,15,4,298,0,317,184,0,184,501
12/14/2021,MLB,FL,ASO,ES,Federal Contract Tower,10,4,59,0,73,0,2,72,0,74,10,6,131,0,147,98,0,98,245
12/15/2021,MLB,FL,ASO,ES,Federal Contract Tower,13,6,75,0,94,0,9,78,0,87,13,15,153,0,181,138,8,146,327
12/16/2021,MLB,FL,ASO,ES,Federal Contract Tower,22,13,149,0,184,0,3,233,0,236,22,16,382,0,420,241,0,241,661
12/17/2021,MLB,FL,ASO,ES,Federal Contract Tower,20,4,99,0,123,0,7,244,3,254,20,11,343,3,377,144,0,144,521
12/18/2021,MLB,FL,ASO,ES,Federal Contract Tower,20,7,72,0,99,0,2,138,0,140,20,9,210,0,239,139,0,139,378
12/19/2021,MLB,FL,ASO,ES,Federal Contract Tower,17,3,36,0,56,0,1,47,0,48,17,4,83,0,104,40,0,40,144
12/20/2021,MLB,FL,ASO,ES,Federal Contract Tower,18,4,34,6,62,0,0,23,0,23,18,4,57,6,85,6,0,6,91
12/21/2021,MLB,FL,ASO,ES,Federal Contract Tower,20,5,28,0,53,0,0,3,0,3,20,5,31,0,56,2,0,2,58
12/22/2021,MLB,FL,ASO,ES,Federal Contract Tower,20,6,66,1,93,0,2,89,0,91,20,8,155,1,184,92,0,92,276
12/23/2021,MLB,FL,ASO,ES,Federal Contract Tower,21,1,37,0,59,0,5,146,0,151,21,6,183,0,210,171,0,171,381
12/24/2021,MLB,FL,ASO,ES,Federal Contract Tower,14,1,15,0,30,0,3,75,0,78,14,4,90,0,108,8,0,8,116
12/25/2021,MLB,FL,ASO,ES,Federal Contract Tower,14,5,3,0,22,0,2,18,0,20,14,7,21,0,42,4,0,4,46
12/26/2021,MLB,FL,ASO,ES,Federal Contract Tower,21,6,25,0,52,0,2,109,0,111,21,8,134,0,163,0,0,0,163
12/27/2021,MLB,FL,ASO,ES,Federal Contract Tower,19,8,47,0,74,0,4,85,0,89,19,12,132,0,163,145,0,145,308
12/28/2021,MLB,FL,ASO,ES,Federal Contract Tower,16,5,73,0,94,0,4,86,0,90,16,9,159,0,184,72,0,72,256
12/29/2021,MLB,FL,ASO,ES,Federal Contract Tower,18,7,25,0,50,0,4,80,0,84,18,11,105,0,134,86,0,86,220
12/30/2021,MLB,FL,ASO,ES,Federal Contract Tower,22,10,41,0,73,0,0,103,0,103,22,10,144,0,176,47,0,47,223
12/31/2021,MLB,FL,ASO,ES,Federal Contract Tower,14,3,31,0,48,0,5,74,0,79,14,8,105,0,127,46,0,46,173
01/01/2022,MLB,FL,ASO,ES,Federal Contract Tower,17,5,29,0,51,0,5,73,0,78,17,10,102,0,129,30,0,30,159
01/02/2022,MLB,FL,ASO,ES,Federal Contract Tower,16,5,39,0,60,0,2,67,0,69,16,7,106,0,129,28,0,28,157
01/03/2022,MLB,FL,ASO,ES,Federal Contract Tower,12,8,39,0,59,0,1,50,0,51,12,9,89,0,110,44,0,44,154
01/04/2022,MLB,FL,ASO,ES,Federal Contract Tower,10,5,34,0,49,0,3,132,0,135,10,8,166,0,184,134,0,134,318
01/05/2022,MLB,FL,ASO,ES,Federal Contract Tower,15,6,69,2,92,0,3,156,0,159,15,9,225,2,251,11,0,11,262
01/06/2022,MLB,FL,ASO,ES,Federal Contract Tower,20,1,75,8,104,0,4,166,0,170,20,5,241,8,274,8,2,10,284
01/07/2022,MLB,FL,ASO,ES,Federal Contract Tower,15,2,71,2,90,0,1,114,2,117,15,3,185,4,207,6,0,6,213
01/08/2022,MLB,FL,ASO,ES,Federal Contract Tower,14,1,77,0,92,0,2,133,0,135,14,3,210,0,227,65,0,65,292
01/09/2022,MLB,FL,ASO,ES,Federal Contract Tower,25,6,51,1,83,0,2,73,0,75,25,8,124,1,158,42,0,42,200
01/10/2022,MLB,FL,ASO,ES,Federal Contract Tower,15,2,43,0,60,0,0,66,0,66,15,2,109,0,126,24,0,24,150
01/11/2022,MLB,FL,ASO,ES,Federal Contract Tower,8,6,57,0,71,0,4,128,0,132,8,10,185,0,203,68,1,69,272
01/12/2022,MLB,FL,ASO,ES,Federal Contract Tower,9,20,68,0,97,0,3,145,0,148,9,23,213,0,245,218,0,218,463
01/13/2022,MLB,FL,ASO,ES,Federal Contract Tower,21,6,64,0,91,0,2,201,1,204,21,8,265,1,295,139,0,139,434
01/14/2022,MLB,FL,ASO,ES,Federal Contract Tower,13,6,79,1,99,0,3,166,0,169,13,9,245,1,268,106,0,106,374
01/15/2022,MLB,FL,ASO,ES,Federal Contract Tower,13,6,58,0,77,0,3,196,0,199,13,9,254,0,276,119,1,120,396
01/16/2022,MLB,FL,ASO,ES,Federal Contract Tower,10,5,13,0,28,0,0,0,0,0,10,5,13,0,28,0,0,0,28
01/17/2022,MLB,FL,ASO,ES,Federal Contract Tower,14,6,61,0,81,0,3,103,0,106,14,9,164,0,187,108,0,108,295
01/18/2022,MLB,FL,ASO,ES,Federal Contract Tower,15,4,87,0,106,0,2,196,0,198,15,6,283,0,304,200,0,200,504
01/19/2022,MLB,FL,ASO,ES,Federal Contract Tower,14,10,56,0,80,0,1,176,0,177,14,11,232,0,257,181,0,181,438
01/20/2022,MLB,FL,ASO,ES,Federal Contract Tower,20,8,107,1,136,0,6,189,2,197,20,14,296,3,333,205,0,205,538
01/21/2022,MLB,FL,ASO,ES,Federal Contract Tower,24,5,87,5,121,0,4,187,0,191,24,9,274,5,312,238,0,238,550
01/22/2022,MLB,FL,ASO,ES,Federal Contract Tower,11,9,48,0,68,0,0,0,0,0,11,9,48,0,68,0,0,0,68
01/23/2022,MLB,FL,ASO,ES,Federal Contract Tower,24,8,40,0,72,0,2,49,0,51,24,10,89,0,123,56,0,56,179
01/24/2022,MLB,FL,ASO,ES,Federal Contract Tower,9,1,98,2,110,0,3,273,0,276,9,4,371,2,386,266,0,266,652
01/25/2022,MLB,FL,ASO,ES,Federal Contract Tower,11,6,87,1,105,0,3,144,0,147,11,9,231,1,252,162,0,162,414
01/26/2022,MLB,FL,ASO,ES,Federal Contract Tower,12,10,56,0,78,0,0,3,0,3,12,10,59,0,81,0,0,0,81
01/27/2022,MLB,FL,ASO,ES,Federal Contract Tower,25,4,97,0,126,0,0,79,0,79,25,4,176,0,205,33,0,33,238
01/28/2022,MLB,FL,ASO,ES,Federal Contract Tower,19,2,71,1,93,0,1,39,0,40,19,3,110,1,133,42,4,46,179
01/29/2022,MLB,FL,ASO,ES,Federal Contract Tower,5,6,41,1,53,0,2,84,2,88,5,8,125,3,141,26,0,26,167
01/30/2022,MLB,FL,ASO,ES,Federal Contract Tower,19,5,62,0,86,0,2,177,2,181,19,7,239,2,267,100,2,102,369
01/31/2022,MLB,FL,ASO,ES,Federal Contract Tower,11,2,73,0,86,0,5,249,0,254,11,7,322,0,340,259,0,259,599
02/01/2022,MLB,FL,ASO,ES,Federal Contract Tower,14,6,102,0,122,0,3,250,0,253,14,9,352,0,375,228,0,228,603
02/02/2022,MLB,FL,ASO,ES,Federal Contract Tower,13,0,75,0,88,0,2,227,0,229,13,2,302,0,317,127,0,127,444
02/03/2022,MLB,FL,ASO,ES,Federal Contract Tower,21,5,80,2,108,0,8,161,0,169,21,13,241,2,277,176,0,176,453
02/04/2022,MLB,FL,ASO,ES,Federal Contract Tower,14,1,93,0,108,0,2,236,0,238,14,3,329,0,346,231,0,231,577
02/05/2022,MLB,FL,ASO,ES,Federal Contract Tower,10,4,80,31,125,0,0,6,0,6,10,4,86,31,131,1,0,1,132
02/06/2022,MLB,FL,ASO,ES,Federal Contract Tower,25,1,92,0,118,0,4,18,0,22,25,5,110,0,140,8,0,8,148
02/07/2022,MLB,FL,ASO,ES,Federal Contract Tower,16,0,66,10,92,0,0,66,0,66,16,0,132,10,158,64,18,82,240
02/08/2022,MLB,FL,ASO,ES,Federal Contract Tower,13,3,62,0,78,0,1,107,0,108,13,4,169,0,186,112,0,112,298
02/09/2022,MLB,FL,ASO,ES,Federal Contract Tower,19,6,97,4,126,0,1,195,0,196,19,7,292,4,322,150,0,150,472
02/10/2022,MLB,FL,ASO,ES,Federal Contract Tower,24,9,89,0,122,0,3,288,0,291,24,12,377,0,413,213,0,213,626
02/11/2022,MLB,FL,ASO,ES,Federal Contract Tower,15,9,67,2,93,0,4,210,4,218,15,13,277,6,311,240,0,240,551
02/12/2022,MLB,FL,ASO,ES,Federal Contract Tower,17,6,45,0,68,0,2,191,0,193,17,8,236,0,261,172,0,172,433
02/13/2022,MLB,FL,ASO,ES,Federal Contract Tower,21,2,39,0,62,0,0,23,0,23,21,2,62,0,85,16,0,16,101
02/14/2022,MLB,FL,ASO,ES,Federal Contract Tower,14,4,51,0,69,0,5,116,1,122,14,9,167,1,191,24,0,24,215
02/15/2022,MLB,FL,ASO,ES,Federal Contract Tower,10,7,78,0,95,0,3,191,0,194,10,10,269,0,289,303,0,303,592
02/16/2022,MLB,FL,ASO,ES,Federal Contract Tower,23,5,96,0,124,0,2,113,0,115,23,7,209,0,239,53,0,53,292
02/17/2022,MLB,FL,ASO,ES,Federal Contract Tower,23,2,91,0,116,0,1,123,1,125,23,3,214,1,241,83,13,96,337
02/18/2022,MLB,FL,ASO,ES,Federal Contract Tower,21,3,71,1,96,0,4,131,0,135,21,7,202,1,231,172,0,172,403
02/19/2022,MLB,FL,ASO,ES,Federal Contract Tower,20,7,57,0,84,0,2,39,0,41,20,9,96,0,125,50,0,50,175
02/20/2022,MLB,FL,ASO,ES,Federal Contract Tower,18,6,65,0,89,0,4,115,0,119,18,10,180,0,208,84,0,84,292
02/21/2022,MLB,FL,ASO,ES,Federal Contract Tower,19,6,95,0,120,0,0,295,0,295,19,6,390,0,415,228,0,228,643
02/22/2022,MLB,FL,ASO,ES,Federal Contract Tower,11,2,95,1,109,0,1,186,0,187,11,3,281,1,296,302,0,302,598
02/23/2022,MLB,FL,ASO,ES,Federal Contract Tower,13,3,96,7,119,0,7,246,0,253,13,10,342,7,372,220,0,220,592
02/24/2022,MLB,FL,ASO,ES,Federal Contract Tower,16,7,107,6,136,0,5,221,0,226,16,12,328,6,362,222,0,222,584
02/25/2022,MLB,FL,ASO,ES,Federal Contract Tower,13,6,76,31,126,0,1,243,6,250,13,7,319,37,376,271,6,277,653
02/26/2022,MLB,FL,ASO,ES,Federal Contract Tower,15,3,66,2,86,0,0,201,0,201,15,3,267,2,287,176,0,176,463
02/27/2022,MLB,FL,ASO,ES,Federal Contract Tower,19,2,63,0,84,0,2,138,1,141,19,4,201,1,225,148,4,152,377
02/28/2022,MLB,FL,ASO,ES,Federal Contract Tower,14,4,66,10,94,0,0,159,0,159,14,4,225,10,253,262,0,262,515
03/01/2022,MLB,FL,ASO,ES,Federal Contract Tower,11,10,84,0,105,0,2,114,0,116,11,12,198,0,221,108,0,108,329
03/02/2022,MLB,FL,ASO,ES,Federal Contract Tower,22,6,112,2,142,0,5,234,0,239,22,11,346,2,381,214,0,214,595
03/03/2022,MLB,FL,ASO,ES,Federal Contract Tower,17,9,92,1,119,0,2,253,0,255,17,11,345,1,374,261,0,261,635
03/04/2022,MLB,FL,ASO,ES,Federal Contract Tower,15,4,83,4,106,0,0,212,2,214,15,4,295,6,320,193,2,195,515
03/05/2022,MLB,FL,ASO,ES,Federal Contract Tower,18,8,72,0,98,0,0,135,2,137,18,8,207,2,235,128,0,128,363
03/06/2022,MLB,FL,ASO,ES,Federal Contract Tower,22,3,79,0,104,0,4,80,0,84,22,7,159,0,188,70,8,78,266
03/07/2022,MLB,FL,ASO,ES,Federal Contract Tower,12,4,78,2,96,0,0,120,1,121,12,4,198,3,217,74,0,74,291
03/08/2022,MLB,FL,ASO,ES,Federal Contract Tower,14,3,77,0,94,0,1,75,0,76,14,4,152,0,170,79,0,79,249
03/09/2022,MLB,FL,ASO,ES,Federal Contract Tower,16,1,35,0,52,0,0,66,0,66,16,1,101,0,118,52,22,74,192
03/10/2022,MLB,FL,ASO,ES,Federal Contract Tower,13,3,79,0,95,0,2,16,1,19,13,5,95,1,114,0,0,0,114
03/11/2022,MLB,FL,ASO,ES,Federal Contract Tower,9,3,40,0,52,0,1,141,0,142,9,4,181,0,194,118,0,118,312
03/12/2022,MLB,FL,ASO,ES,Federal Contract Tower,26,3,28,0,57,0,2,13,0,15,26,5,41,0,72,0,0,0,72
03/13/2022,MLB,FL,ASO,ES,Federal Contract Tower,19,13,58,0,90,0,3,86,0,89,19,16,144,0,179,73,0,73,252
03/14/2022,MLB,FL,ASO,ES,Federal Contract Tower,11,7,73,0,91,0,4,171,2,177,11,11,244,2,268,278,0,278,546
03/15/2022,MLB,FL,ASO,ES,Federal Contract Tower,14,10,135,0,159,0,3,130,2,135,14,13,265,2,294,202,0,202,496
03/16/2022,MLB,FL,ASO,ES,Federal Contract Tower,10,4,69,0,83,0,1,53,0,54,10,5,122,0,137,16,0,16,153
03/17/2022,MLB,FL,ASO,ES,Federal Contract Tower,13,2,110,0,125,0,0,222,0,222,13,2,332,0,347,274,0,274,621
03/18/2022,MLB,FL,ASO,ES,Federal Contract Tower,11,8,82,0,101,0,0,108,6,114,11,8,190,6,215,86,13,99,314
03/19/2022,MLB,FL,ASO,ES,Federal Contract Tower,21,5,95,0,121,0,2,142,3,147,21,7,237,3,268,127,2,129,397
03/20/2022,MLB,FL,ASO,ES,Federal Contract Tower,23,4,51,0,78,0,0,90,0,90,23,4,141,0,168,132,0,132,300
03/21/2022,MLB,FL,ASO,ES,Federal Contract Tower,12,1,109,0,122,0,5,188,0,193,12,6,297,0,315,163,0,163,478
03/22/2022,MLB,FL,ASO,ES,Federal Contract Tower,16,0,81,1,98,0,4,134,2,140,16,4,215,3,238,146,0,146,384
03/23/2022,MLB,FL,ASO,ES,Federal Contract Tower,11,3,48,0,62,0,4,118,0,122,11,7,166,0,184,180,0,180,364
03/24/2022,MLB,FL,ASO,ES,Federal Contract Tower,13,2,56,0,71,0,0,54,0,54,13,2,110,0,125,28,0,28,153
03/25/2022,MLB,FL,ASO,ES,Federal Contract Tower,15,6,158,1,180,0,3,259,0,262,15,9,417,1,442,189,0,189,631
03/26/2022,MLB,FL,ASO,ES,Federal Contract Tower,22,5,68,0,95,0,5,183,0,188,22,10,251,0,283,0,0,0,283
03/27/2022,MLB,FL,ASO,ES,Federal Contract Tower,21,6,71,0,98,0,2,151,0,153,21,8,222,0,251,90,0,90,341
03/28/2022,MLB,FL,ASO,ES,Federal Contract Tower,15,1,93,2,111,0,0,293,0,293,15,1,386,2,404,290,0,290,694
03/29/2022,MLB,FL,ASO,ES,Federal Contract Tower,14,4,151,43,212,0,5,299,0,304,14,9,450,43,516,338,2,340,856
03/30/2022,MLB,FL,ASO,ES,Federal Contract Tower,26,1,89,11,127,0,0,156,0,156,26,1,245,11,283,78,0,78,361
03/31/2022,MLB,FL,ASO,ES,Federal Contract Tower,20,5,51,10,86,0,0,49,0,49,20,5,100,10,135,10,0,10,145
04/01/2022,MLB,FL,ASO,ES,Federal Contract Tower,20,6,32,13,71,0,0,20,0,20,20,6,52,13,91,31,0,31,122
04/02/2022,MLB,FL,ASO,ES,Federal Contract Tower,14,6,57,0,77,0,2,22,0,24,14,8,79,0,101,19,0,19,120
04/03/2022,MLB,FL,ASO,ES,Federal Contract Tower,21,11,38,1,71,0,6,74,0,80,21,17,112,1,151,54,0,54,205
04/04/2022,MLB,FL,ASO,ES,Federal Contract Tower,17,0,109,0,126,0,5,253,1,259,17,5,362,1,385,426,0,426,811
04/05/2022,MLB,FL,ASO,ES,Federal Contract Tower,25,6,69,0,100,0,0,125,0,125,25,6,194,0,225,54,0,54,279
04/06/2022,MLB,FL,ASO,ES,Federal Contract Tower,19,2,75,0,96,1,2,201,0,204,20,4,276,0,300,65,0,65,365
04/07/2022,MLB,FL,ASO,ES,Federal Contract Tower,19,5,75,0,99,0,2,46,0,48,19,7,121,0,147,58,0,58,205
04/08/2022,MLB,FL,ASO,ES,Federal Contract Tower,21,2,72,0,95,0,3,282,1,286,21,5,354,1,381,101,1,102,483
04/09/2022,MLB,FL,ASO,ES,Federal Contract Tower,20,1,52,1,74,0,0,152,1,153,20,1,204,2,227,65,0,65,292
04/10/2022,MLB,FL,ASO,ES,Federal Contract Tower,21,1,73,1,96,0,0,183,1,184,21,1,256,2,280,58,0,58,338
04/11/2022,MLB,FL,ASO,ES,Federal Contract Tower,19,3,146,0,168,0,1,264,0,265,19,4,410,0,433,298,0,298,731
04/12/2022,MLB,FL,ASO,ES,Federal Contract Tower,11,2,151,0,164,0,1,187,0,188,11,3,338,0,352,276,0,276,628
04/13/2022,MLB,FL,ASO,ES,Federal Contract Tower,20,3,120,0,143,0,1,182,0,183,20,4,302,0,326,104,0,104,430
04/14/2022,MLB,FL,ASO,ES,Federal Contract Tower,21,10,87,0,118,0,0,211,0,211,21,10,298,0,329,208,6,214,543
04/15/2022,MLB,FL,ASO,ES,Federal Contract Tower,21,2,82,0,105,0,5,143,0,148,21,7,225,0,253,146,0,146,399
04/16/2022,MLB,FL,ASO,ES,Federal Contract Tower,23,6,64,0,93,0,3,185,0,188,23,9,249,0,281,179,0,179,460
04/17/2022,MLB,FL,ASO,ES,Federal Contract Tower,22,2,36,0,60,0,0,111,0,111,22,2,147,0,171,70,0,70,241
04/18/2022,MLB,FL,ASO,ES,Federal Contract Tower,21,8,100,0,129,0,2,197,1,200,21,10,297,1,329,279,0,279,608
04/19/2022,MLB,FL,ASO,ES,Federal Contract Tower,14,5,61,0,80,0,1,118,0,119,14,6,179,0,199,96,0,96,295
04/20/2022,MLB,FL,ASO,ES,Federal Contract Tower,10,5,80,0,95,0,0,118,0,118,10,5,198,0,213,52,0,52,265
04/21/2022,MLB,FL,ASO,ES,Federal Contract Tower,22,4,106,0,132,0,2,129,1,132,22,6,235,1,264,114,2,116,380
04/22/2022,MLB,FL,ASO,ES,Federal Contract Tower,20,12,68,0,100,0,1,124,0,125,20,13,192,0,225,112,0,112,337
04/23/2022,MLB,FL,ASO,ES,Federal Contract Tower,23,1,73,0,97,0,3,118,0,121,23,4,191,0,218,78,0,78,296
04/24/2022,MLB,FL,ASO,ES,Federal Contract Tower,17,3,47,0,67,0,0,103,0,103,17,3,150,0,170,77,0,77,247
04/25/2022,MLB,FL,ASO,ES,Federal Contract Tower,17,6,109,0,132,0,0,278,0,278,17,6,387,0,410,332,0,332,742
04/26/2022,MLB,FL,ASO,ES,Federal Contract Tower,17,0,128,3,148,0,2,280,0,282,17,2,408,3,430,344,0,344,774
04/27/2022,MLB,FL,ASO,ES,Federal Contract Tower,18,5,92,0,115,0,1,234,1,236,18,6,326,1,351,262,0,262,613
04/28/2022,MLB,FL,ASO,ES,Federal Contract Tower,20,6,98,0,124,0,1,139,0,140,20,7,237,0,264,177,0,177,441
04/29/2022,MLB,FL,ASO,ES,Federal Contract Tower,16,6,95,21,138,0,2,157,5,164,16,8,252,26,302,107,0,107,409
04/30/2022,MLB,FL,ASO,ES,Federal Contract Tower,23,7,91,0,121,0,3,125,0,128,23,10,216,0,249,171,0,171,420
05/01/2022,MLB,FL,ASO,ES,Federal Contract Tower,23,3,89,0,115,0,2,115,0,117,23,5,204,0,232,102,0,102,334
05/02/2022,MLB,FL,ASO,ES,Federal Contract Tower,22,2,122,0,146,0,1,209,0,210,22,3,331,0,356,317,0,317,673
05/03/2022,MLB,FL,ASO,ES,Federal Contract Tower,14,4,115,1,134,0,1,192,0,193,14,5,307,1,327,298,0,298,625
05/04/2022,MLB,FL,ASO,ES,Federal Contract Tower,18,5,131,0,154,0,0,221,6,227,18,5,352,6,381,204,0,204,585
05/05/2022,MLB,FL,ASO,ES,Federal Contract Tower,16,3,111,0,130,0,0,253,4,257,16,3,364,4,387,228,0,228,615
05/06/2022,MLB,FL,ASO,ES,Federal Contract Tower,13,1,89,0,103,0,1,224,1,226,13,2,313,1,329,168,2,170,499
05/07/2022,MLB,FL,ASO,ES,Federal Contract Tower,28,3,35,1,67,0,2,37,1,40,28,5,72,2,107,25,0,25,132
05/08/2022,MLB,FL,ASO,ES,Federal Contract Tower,23,1,65,3,92,0,3,115,2,120,23,4,180,5,212,40,2,42,254
05/09/2022,MLB,FL,ASO,ES,Federal Contract Tower,13,1,99,0,113,0,5,168,0,173,13,6,267,0,286,135,0,135,421
05/10/2022,MLB,FL,ASO,ES,Federal Contract Tower,21,8,74,0,103,0,0,146,0,146,21,8,220,0,249,132,0,132,381
05/11/2022,MLB,FL,ASO,ES,Federal Contract Tower,19,0,33,0,52,0,0,98,1,99,19,0,131,1,151,78,0,78,229
05/12/2022,MLB,FL,ASO,ES,Federal Contract Tower,19,8,52,0,79,0,3,217,0,220,19,11,269,0,299,127,0,127,426
05/13/2022,MLB,FL,ASO,ES,Federal Contract Tower,16,2,93,0,111,0,4,242,0,246,16,6,335,0,357,244,2,246,603
05/14/2022,MLB,FL,ASO,ES,Federal Contract Tower,16,1,65,0,82,0,1,226,4,231,16,2,291,4,313,188,0,188,501
05/15/2022,MLB,FL,ASO,ES,Federal Contract Tower,14,4,71,0,89,0,1,140,2,143,14,5,211,2,232,70,0,70,302
05/16/2022,MLB,FL,ASO,ES,Federal Contract Tower,17,4,109,1,131,0,3,241,0,244,17,7,350,1,375,228,0,228,603
05/17/2022,MLB,FL,ASO,ES,Federal Contract Tower,18,1,136,0,155,0,3,328,0,331,18,4,464,0,486,292,0,292,778
05/18/2022,MLB,FL,ASO,ES,Federal Contract Tower,18,5,140,0,163,0,0,252,0,252,18,5,392,0,415,177,0,177,592
05/19/2022,MLB,FL,ASO,ES,Federal Contract Tower,20,5,113,3,141,0,2,284,0,286,20,7,397,3,427,123,6,129,556
05/20/2022,MLB,FL,ASO,ES,Federal Contract Tower,14,3,63,0,80,0,0,105,2,107,14,3,168,2,187,98,0,98,285
05/21/2022,MLB,FL,ASO,ES,Federal Contract Tower,18,4,57,0,79,0,5,78,0,83,18,9,135,0,162,113,0,113,275
05/22/2022,MLB,FL,ASO,ES,Federal Contract Tower,22,5,100,0,127,0,4,132,1,137,22,9,232,1,264,102,1,103,367
05/23/2022,MLB,FL,ASO,ES,Federal Contract Tower,14,14,110,0,138,0,0,184,3,187,14,14,294,3,325,148,0,148,473
05/24/2022,MLB,FL,ASO,ES,Federal Contract Tower,15,5,123,2,145,0,3,250,0,253,15,8,373,2,398,80,0,80,478
05/25/2022,MLB,FL,ASO,ES,Federal Contract Tower,23,2,103,0,128,0,4,276,0,280,23,6,379,0,408,114,0,114,522
05/26/2022,MLB,FL,ASO,ES,Federal Contract Tower,24,7,127,2,160,0,4,201,2,207,24,11,328,4,367,146,0,146,513
05/27/2022,MLB,FL,ASO,ES,Federal Contract Tower,17,7,49,4,77,0,0,160,0,160,17,7,209,4,237,119,8,127,364
05/28/2022,MLB,FL,ASO,ES,Federal Contract Tower,16,1,38,1,56,0,2,91,0,93,16,3,129,1,149,152,0,152,301
05/29/2022,MLB,FL,ASO,ES,Federal Contract Tower,17,0,44,0,61,0,2,120,3,125,17,2,164,3,186,68,3,71,257
05/30/2022,MLB,FL,ASO,ES,Federal Contract Tower,11,0,56,0,67,0,6,133,0,139,11,6,189,0,206,138,0,138,344
05/31/2022,MLB,FL,ASO,ES,Federal Contract Tower,20,3,86,1,110,0,5,270,0,275,20,8,356,1,385,332,0,332,717
06/01/2022,MLB,FL,ASO,ES,Federal Contract Tower,18,4,107,0,129,0,1,95,1,97,18,5,202,1,226,113,0,113,339
06/02/2022,MLB,FL,ASO,ES,Federal Contract Tower,19,4,116,0,139,0,1,275,0,276,19,5,391,0,415,226,0,226,641
06/03/2022,MLB,FL,ASO,ES,Federal Contract Tower,16,3,54,0,73,0,0,144,0,144,16,3,198,0,217,149,0,149,366
06/04/2022,MLB,FL,ASO,ES,Federal Contract Tower,24,0,11,0,35,0,0,2,0,2,24,0,13,0,37,0,0,0,37
06/05/2022,MLB,FL,ASO,ES,Federal Contract Tower,22,5,75,0,102,0,0,109,0,109,22,5,184,0,211,58,0,58,269
06/06/2022,MLB,FL,ASO,ES,Federal Contract Tower,15,2,90,0,107,0,1,129,0,130,15,3,219,0,237,206,0,206,443
06/07/2022,MLB,FL,ASO,ES,Federal Contract Tower,15,3,107,0,125,0,2,228,0,230,15,5,335,0,355,176,0,176,531
06/08/2022,MLB,FL,ASO,ES,Federal Contract Tower,19,1,79,0,99,0,0,144,0,144,19,1,223,0,243,92,0,92,335
06/09/2022,MLB,FL,ASO,ES,Federal Contract Tower,18,4,67,0,89,0,4,115,0,119,18,8,182,0,208,92,0,92,300
06/10/2022,MLB,FL,ASO,ES,Federal Contract Tower,14,7,75,1,97,0,0,157,0,157,14,7,232,1,254,147,0,147,401
06/11/2022,MLB,FL,ASO,ES,Federal Contract Tower,21,1,66,0,88,0,0,143,0,143,21,1,209,0,231,118,0,118,349
06/12/2022,MLB,FL,ASO,ES,Federal Contract Tower,16,2,73,0,91,0,2,118,0,120,16,4,191,0,211,82,0,82,293
06/13/2022,MLB,FL,ASO,ES,Federal Contract Tower,14,7,109,0,130,0,3,236,0,239,14,10,345,0,369,187,0,187,556
06/14/2022,MLB,FL,ASO,ES,Federal Contract Tower,16,8,93,2,119,0,1,193,0,194,16,9,286,2,313,198,0,198,511
06/15/2022,MLB,FL,ASO,ES,Federal Contract Tower,20,2,89,2,113,0,3,206,0,209,20,5,295,2,322,240,0,240,562
06/16/2022,MLB,FL,ASO,ES,Federal Contract Tower,16,5,102,0,123,0,3,237,0,240,16,8,339,0,363,196,0,196,559
06/17/2022,MLB,FL,ASO,ES,Federal Contract Tower,16,5,78,0,99,0,1,216,0,217,16,6,294,0,316,128,0,128,444
06/18/2022,MLB,FL,ASO,ES,Federal Contract Tower,21,3,57,0,81,0,5,131,1,137,21,8,188,1,218,72,14,86,304
06/19/2022,MLB,FL,ASO,ES,Federal Contract Tower,20,2,43,0,65,0,4,79,0,83,20,6,122,0,148,70,0,70,218
06/20/2022,MLB,FL,ASO,ES,Federal Contract Tower,17,3,104,0,124,0,0,170,1,171,17,3,274,1,295,224,0,224,519
06/21/2022,MLB,FL,ASO,ES,Federal Contract Tower,23,11,121,1,156,0,0,215,0,215,23,11,336,1,371,236,0,236,607
06/22/2022,MLB,FL,ASO,ES,Federal Contract Tower,23,2,87,0,112,0,0,274,0,274,23,2,361,0,386,203,0,203,589
06/23/2022,MLB,FL,ASO,ES,Federal Contract Tower,16,4,40,0,60,0,1,287,0,288,16,5,327,0,348,303,0,303,651
06/24/2022,MLB,FL,ASO,ES,Federal Contract Tower,10,1,60,0,71,0,0,161,0,161,10,1,221,0,232,126,0,126,358
06/25/2022,MLB,FL,ASO,ES,Federal Contract Tower,19,4,46,0,69,0,2,99,0,101,19,6,145,0,170,154,0,154,324
06/26/2022,MLB,FL,ASO,ES,Federal Contract Tower,16,0,39,0,55,0,1,37,0,38,16,1,76,0,93,64,0,64,157
06/27/2022,MLB,FL,ASO,ES,Federal Contract Tower,13,1,84,0,98,0,2,192,0,194,13,3,276,0,292,133,0,133,425
06/28/2022,MLB,FL,ASO,ES,Federal Contract Tower,13,4,87,0,104,0,0,233,0,233,13,4,320,0,337,142,0,142,479
06/29/2022,MLB,FL,ASO,ES,Federal Contract Tower,17,4,63,18,102,0,0,157,0,157,17,4,220,18,259,242,0,242,501
06/30/2022,MLB,FL,ASO,ES,Federal Contract Tower,15,5,74,0,94,0,0,154,2,156,15,5,228,2,250,131,0,131,381
07/01/2022,MLB,FL,ASO,ES,Federal Contract Tower,17,0,75,0,92,0,3,126,0,129,17,3,201,0,221,133,0,133,354
07/02/2022,MLB,FL,ASO,ES,Federal Contract Tower,13,5,51,0,69,0,0,150,0,150,13,5,201,0,219,157,0,157,376
07/03/2022,MLB,FL,ASO,ES,Federal Contract Tower,19,1,43,0,63,0,1,96,0,97,19,2,139,0,160,102,0,102,262
07/04/2022,MLB,FL,ASO,ES,Federal Contract Tower,16,1,34,0,51,0,2,74,0,76,16,3,108,0,127,4,0,4,131
07/05/2022,MLB,FL,ASO,ES,Federal Contract Tower,16,2,107,1,126,0,1,169,1,171,16,3,276,2,297,90,0,90,387
07/06/2022,MLB,FL,ASO,ES,Federal Contract Tower,21,0,47,0,68,0,3,79,0,82,21,3,126,0,150,30,0,30,180
07/07/2022,MLB,FL,ASO,ES,Federal Contract Tower,20,1,86,4,111,0,0,238,1,239,20,1,324,5,350,242,0,242,592
07/08/2022,MLB,FL,ASO,ES,Federal Contract Tower,17,5,58,0,80,0,0,236,10,246,17,5,294,10,326,207,0,207,533
07/09/2022,MLB,FL,ASO,ES,Federal Contract Tower,15,0,58,1,74,0,1,160,0,161,15,1,218,1,235,152,0,152,387
07/10/2022,MLB,FL,ASO,ES,Federal Contract Tower,19,2,40,0,61,0,0,92,0,92,19,2,132,0,153,74,0,74,227
07/11/2022,MLB,FL,ASO,ES,Federal Contract Tower,19,0,74,0,93,0,1,152,0,153,19,1,226,0,246,182,0,182,428
07/12/2022,MLB,FL,ASO,ES,Federal Contract Tower,17,0,87,0,104,0,0,254,0,254,17,0,341,0,358,356,0,356,714
07/13/2022,MLB,FL,ASO,ES,Federal Contract Tower,20,2,65,0,87,0,1,193,0,194,20,3,258,0,281,287,0,287,568
07/14/2022,MLB,FL,ASO,ES,Federal Contract Tower,19,1,62,0,82,0,2,225,2,229,19,3,287,2,311,177,0,177,488
07/15/2022,MLB,FL,ASO,ES,Federal Contract Tower,16,7,76,3,102,0,1,240,1,242,16,8,316,4,344,242,0,242,586
07/16/2022,MLB,FL,ASO,ES,Federal Contract Tower,20,1,65,0,86,0,0,101,0,101,20,1,166,0,187,110,0,110,297
07/17/2022,MLB,FL,ASO,ES,Federal Contract Tower,16,4,47,0,67,0,4,79,0,83,16,8,126,0,150,42,0,42,192
07/18/2022,MLB,FL,ASO,ES,Federal Contract Tower,17,11,81,1,110,0,4,144,7,155,17,15,225,8,265,75,0,75,340
07/19/2022,MLB,FL,ASO,ES,Federal Contract Tower,14,0,63,1,78,0,2,257,0,259,14,2,320,1,337,164,0,164,501
07/20/2022,MLB,FL,ASO,ES,Federal Contract Tower,19,3,90,2,114,0,0,225,2,227,19,3,315,4,341,174,0,174,515
07/21/2022,MLB,FL,ASO,ES,Federal Contract Tower,15,4,81,11,111,0,3,214,5,222,15,7,295,16,333,221,1,222,555
07/22/2022,MLB,FL,ASO,ES,Federal Contract Tower,16,0,61,2,79,0,0,170,0,170,16,0,231,2,249,235,0,235,484
07/23/2022,MLB,FL,ASO,ES,Federal Contract Tower,18,1,51,3,73,0,2,163,0,165,18,3,214,3,238,81,0,81,319
07/24/2022,MLB,FL,ASO,ES,Federal Contract Tower,17,1,38,1,57,0,2,112,0,114,17,3,150,1,171,84,0,84,255
07/25/2022,MLB,FL,ASO,ES,Federal Contract Tower,18,1,80,0,99,0,3,161,0,164,18,4,241,0,263,148,0,148,411
07/26/2022,MLB,FL,ASO,ES,Federal Contract Tower,18,4,39,0,61,0,1,77,1,79,18,5,116,1,140,100,0,100,240
07/27/2022,MLB,FL,ASO,ES,Federal Contract Tower,15,1,108,0,124,0,0,217,0,217,15,1,325,0,341,276,0,276,617
07/28/2022,MLB,FL,ASO,ES,Federal Contract Tower,14,5,89,3,111,0,1,244,1,246,14,6,333,4,357,265,0,265,622
07/29/2022,MLB,FL,ASO,ES,Federal Contract Tower,13,1,85,2,101,0,3,226,0,229,13,4,311,2,330,240,0,240,570
07/30/2022,MLB,FL,ASO,ES,Federal Contract Tower,18,3,50,0,71,0,3,160,0,163,18,6,210,0,234,190,0,190,424
07/31/2022,MLB,FL,ASO,ES,Federal Contract Tower,19,0,65,4,88,0,2,106,0,108,19,2,171,4,196,39,0,39,235
08/01/2022,MLB,FL,ASO,ES,Federal Contract Tower,17,2,77,2,98,0,5,163,2,170,17,7,240,4,268,186,0,186,454
08/02/2022,MLB,FL,ASO,ES,Federal Contract Tower,15,1,81,0,97,0,2,167,0,169,15,3,248,0,266,300,12,312,578
08/03/2022,MLB,FL,ASO,ES,Federal Contract Tower,14,3,90,0,107,0,2,274,0,276,14,5,364,0,383,204,0,204,587
08/04/2022,MLB,FL,ASO,ES,Federal Contract Tower,18,1,93,2,114,0,2,236,1,239,18,3,329,3,353,282,0,282,635
08/05/2022,MLB,FL,ASO,ES,Federal Contract Tower,11,1,94,3,109,0,2,185,0,187,11,3,279,3,296,208,0,208,504
08/06/2022,MLB,FL,ASO,ES,Federal Contract Tower,20,0,33,0,53,0,3,144,4,151,20,3,177,4,204,160,9,169,373
08/07/2022,MLB,FL,ASO,ES,Federal Contract Tower,20,0,51,0,71,0,2,92,0,94,20,2,143,0,165,68,0,68,233
08/08/2022,MLB,FL,ASO,ES,Federal Contract Tower,16,4,70,0,90,0,6,159,1,166,16,10,229,1,256,246,0,246,502
08/09/2022,MLB,FL,ASO,ES,Federal Contract Tower,15,0,59,0,74,0,1,192,0,193,15,1,251,0,267,128,0,128,395
08/10/2022,MLB,FL,ASO,ES,Federal Contract Tower,17,0,81,0,98,0,1,203,0,204,17,1,284,0,302,269,0,269,571
08/11/2022,MLB,FL,ASO,ES,Federal Contract Tower,16,1,86,0,103,0,1,179,0,180,16,2,265,0,283,260,0,260,543
08/12/2022,MLB,FL,ASO,ES,Federal Contract Tower,15,2,57,2,76,0,0,194,1,195,15,2,251,3,271,219,3,222,493
08/13/2022,MLB,FL,ASO,ES,Federal Contract Tower,20,4,38,0,62,0,2,125,0,127,20,6,163,0,189,124,0,124,313
08/14/2022,MLB,FL,ASO,ES,Federal Contract Tower,19,3,42,0,64,0,4,119,0,123,19,7,161,0,187,72,0,72,259
08/15/2022,MLB,FL,ASO,ES,Federal Contract Tower,12,3,52,0,67,0,5,174,0,179,12,8,226,0,246,137,0,137,383
08/16/2022,MLB,FL,ASO,ES,Federal Contract Tower,15,1,80,1,97,0,1,259,2,262,15,2,339,3,359,226,0,226,585
08/17/2022,MLB,FL,ASO,ES,Federal Contract Tower,16,2,86,0,104,0,3,147,0,150,16,5,233,0,254,197,0,197,451
08/18/2022,MLB,FL,ASO,ES,Federal Contract Tower,23,7,68,0,98,0,2,149,0,151,23,9,217,0,249,128,0,128,377
08/19/2022,MLB,FL,ASO,ES,Federal Contract Tower,17,7,71,0,95,0,2,168,0,170,17,9,239,0,265,136,0,136,401
08/20/2022,MLB,FL,ASO,ES,Federal Contract Tower,18,4,48,2,72,0,1,147,0,148,18,5,195,2,220,100,0,100,320
08/21/2022,MLB,FL,ASO,ES,Federal Contract Tower,18,0,59,0,77,0,4,72,2,78,18,4,131,2,155,54,0,54,209
08/22/2022,MLB,FL,ASO,ES,Federal Contract Tower,16,1,71,0,88,0,2,159,0,161,16,3,230,0,249,120,0,120,369
08/23/2022,MLB,FL,ASO,ES,Federal Contract Tower,15,0,91,0,106,0,1,198,0,199,15,1,289,0,305,258,0,258,563
08/24/2022,MLB,FL,ASO,ES,Federal Contract Tower,15,0,89,0,104,0,0,158,0,158,15,0,247,0,262,175,0,175,437
08/25/2022,MLB,FL,ASO,ES,Federal Contract Tower,17,8,82,0,107,0,2,163,0,165,17,10,245,0,272,122,0,122,394
08/26/2022,MLB,FL,ASO,ES,Federal Contract Tower,16,2,59,0,77,0,0,160,0,160,16,2,219,0,237,120,0,120,357
08/27/2022,MLB,FL,ASO,ES,Federal Contract Tower,16,9,44,1,70,0,2,121,0,123,16,11,165,1,193,92,0,92,285
08/28/2022,MLB,FL,ASO,ES,Federal Contract Tower,20,1,71,0,92,0,0,77,0,77,20,1,148,0,169,68,0,68,237
08/29/2022,MLB,FL,ASO,ES,Federal Contract Tower,16,8,103,1,128,0,5,174,0,179,16,13,277,1,307,196,0,196,503
08/30/2022,MLB,FL,ASO,ES,Federal Contract Tower,15,5,76,2,98,0,4,171,0,175,15,9,247,2,273,138,0,138,411
08/31/2022,MLB,FL,ASO,ES,Federal Contract Tower,18,0,90,0,108,0,0,210,0,210,18,0,300,0,318,223,0,223,541
09/01/2022,MLB,FL,ASO,ES,Federal Contract Tower,18,1,63,1,83,0,2,174,0,176,18,3,237,1,259,157,0,157,416
09/02/2022,MLB,FL,ASO,ES,Federal Contract Tower,18,3,67,0,88,0,4,223,0,227,18,7,290,0,315,4,0,4,319
09/03/2022,MLB,FL,ASO,ES,Federal Contract Tower,21,5,83,0,109,0,3,177,0,180,21,8,260,0,289,62,0,62,351
09/04/2022,MLB,FL,ASO,ES,Federal Contract Tower,18,5,51,0,74,0,2,121,0,123,18,7,172,0,197,34,0,34,231
09/05/2022,MLB,FL,ASO,ES,Federal Contract Tower,12,1,77,0,90,0,1,172,0,173,12,2,249,0,263,0,0,0,263
09/06/2022,MLB,FL,ASO,ES,Federal Contract Tower,11,2,95,0,108,0,2,226,0,228,11,4,321,0,336,185,0,185,521
09/07/2022,MLB,FL,ASO,ES,Federal Contract Tower,18,4,79,0,101,0,4,202,0,206,18,8,281,0,307,168,0,168,475
09/08/2022,MLB,FL,ASO,ES,Federal Contract Tower,19,4,65,0,88,0,2,205,0,207,19,6,270,0,295,134,0,134,429
09/09/2022,MLB,FL,ASO,ES,Federal Contract Tower,17,2,86,0,105,0,2,201,0,203,17,4,287,0,308,162,0,162,470
09/10/2022,MLB,FL,ASO,ES,Federal Contract Tower,14,4,60,0,78,0,0,155,0,155,14,4,215,0,233,91,0,91,324
09/11/2022,MLB,FL,ASO,ES,Federal Contract Tower,19,3,37,0,59,0,2,173,0,175,19,5,210,0,234,56,0,56,290
09/12/2022,MLB,FL,ASO,ES,Federal Contract Tower,19,4,51,0,74,0,0,158,0,158,19,4,209,0,232,158,0,158,390
09/13/2022,MLB,FL,ASO,ES,Federal Contract Tower,15,0,101,1,117,0,0,192,0,192,15,0,293,1,309,132,2,134,443
09/14/2022,MLB,FL,ASO,ES,Federal Contract Tower,19,2,68,0,89,0,0,183,0,183,19,2,251,0,272,196,0,196,468
09/15/2022,MLB,FL,ASO,ES,Federal Contract Tower,19,4,72,0,95,0,0,221,0,221,19,4,293,0,316,195,0,195,511
09/16/2022,MLB,FL,ASO,ES,Federal Contract Tower,16,0,41,8,65,0,2,178,0,180,16,2,219,8,245,120,0,120,365
09/17/2022,MLB,FL,ASO,ES,Federal Contract Tower,20,5,47,0,72,0,1,200,3,204,20,6,247,3,276,184,4,188,464
09/18/2022,MLB,FL,ASO,ES,Federal Contract Tower,16,4,52,0,72,0,2,95,0,97,16,6,147,0,169,26,0,26,195
09/19/2022,MLB,FL,ASO,ES,Federal Contract Tower,16,4,70,0,90,0,0,219,0,219,16,4,289,0,309,194,0,194,503
09/20/2022,MLB,FL,ASO,ES,Federal Contract Tower,15,2,74,0,91,0,2,226,0,228,15,4,300,0,319,210,0,210,529
09/21/2022,MLB,FL,ASO,ES,Federal Contract Tower,23,5,82,0,110,0,0,187,0,187,23,5,269,0,297,128,0,128,425
09/22/2022,MLB,FL,ASO,ES,Federal Contract Tower,22,19,148,0,189,0,0,273,1,274,22,19,421,1,463,153,0,153,616
09/23/2022,MLB,FL,ASO,ES,Federal Contract Tower,15,3,73,2,93,0,0,254,2,256,15,3,327,4,349,230,0,230,579
09/24/2022,MLB,FL,ASO,ES,Federal Contract Tower,14,0,74,0,88,0,2,194,0,196,14,2,268,0,284,121,0,121,405
09/25/2022,MLB,FL,ASO,ES,Federal Contract Tower,21,2,44,0,67,0,1,76,0,77,21,3,120,0,144,44,0,44,188
09/26/2022,MLB,FL,ASO,ES,Federal Contract Tower,16,4,85,0,105,0,2,177,0,179,16,6,262,0,284,172,0,172,456
09/27/2022,MLB,FL,ASO,ES,Federal Contract Tower,19,9,70,1,99,0,2,95,0,97,19,11,165,1,196,180,0,180,376
09/28/2022,MLB,FL,ASO,ES,Federal Contract Tower,3,0,0,0,3,0,0,0,0,0,3,0,0,0,3,0,0,0,3
09/29/2022,MLB,FL,ASO,ES,Federal Contract Tower,0,0,0,0,0,0,0,0,0,0,0,0,0,0,0,0,0,0,0
09/30/2022,MLB,FL,ASO,ES,Federal Contract Tower,8,1,57,0,66,0,0,121,0,121,8,1,178,0,187,135,0,135,322
10/01/2022,MLB,FL,ASO,ES,Federal Contract Tower,26,4,71,1,102,0,0,245,0,245,26,4,316,1,347,201,0,201,548
10/02/2022,MLB,FL,ASO,ES,Federal Contract Tower,21,5,36,0,62,0,2,161,0,163,21,7,197,0,225,74,0,74,299
10/03/2022,MLB,FL,ASO,ES,Federal Contract Tower,17,3,86,0,106,0,0,265,0,265,17,3,351,0,371,132,0,132,503
10/04/2022,MLB,FL,ASO,ES,Federal Contract Tower,19,2,73,4,98,0,1,205,0,206,19,3,278,4,304,189,0,189,493
10/05/2022,MLB,FL,ASO,ES,Federal Contract Tower,19,5,96,0,120,0,1,225,0,226,19,6,321,0,346,178,0,178,524
10/06/2022,MLB,FL,ASO,ES,Federal Contract Tower,18,1,116,3,138,0,0,323,0,323,18,1,439,3,461,364,0,364,825
10/07/2022,MLB,FL,ASO,ES,Federal Contract Tower,13,2,108,1,124,0,1,302,6,309,13,3,410,7,433,217,0,217,650
10/08/2022,MLB,FL,ASO,ES,Federal Contract Tower,17,2,60,0,79,0,3,243,0,246,17,5,303,0,325,160,0,160,485
10/09/2022,MLB,FL,ASO,ES,Federal Contract Tower,22,3,60,5,90,0,3,126,0,129,22,6,186,5,219,72,0,72,291
10/10/2022,MLB,FL,ASO,ES,Federal Contract Tower,17,4,77,0,98,0,4,89,0,93,17,8,166,0,191,81,0,81,272
10/11/2022,MLB,FL,ASO,ES,Federal Contract Tower,17,4,125,0,146,0,0,217,0,217,17,4,342,0,363,235,0,235,598
10/12/2022,MLB,FL,ASO,ES,Federal Contract Tower,14,0,3,120,137,0,1,235,0,236,14,1,238,120,373,200,0,200,573
10/13/2022,MLB,FL,ASO,ES,Federal Contract Tower,19,11,113,1,144,0,1,228,2,231,19,12,341,3,375,160,1,161,536
10/14/2022,MLB,FL,ASO,ES,Federal Contract Tower,22,7,73,1,103,0,7,241,0,248,22,14,314,1,351,214,0,214,565
10/15/2022,MLB,FL,ASO,ES,Federal Contract Tower,19,4,61,0,84,0,0,115,0,115,19,4,176,0,199,117,0,117,316
10/16/2022,MLB,FL,ASO,ES,Federal Contract Tower,19,1,58,2,80,0,0,96,2,98,19,1,154,4,178,38,0,38,216
10/17/2022,MLB,FL,ASO,ES,Federal Contract Tower,18,2,52,1,73,0,1,188,0,189,18,3,240,1,262,196,0,196,458
10/18/2022,MLB,FL,ASO,ES,Federal Contract Tower,19,1,86,2,108,0,2,120,0,122,19,3,206,2,230,146,0,146,376
10/19/2022,MLB,FL,ASO,ES,Federal Contract Tower,28,5,76,0,109,0,1,220,0,221,28,6,296,0,330,142,0,142,472
10/20/2022,MLB,FL,ASO,ES,Federal Contract Tower,24,9,109,6,148,0,3,213,0,216,24,12,322,6,364,171,0,171,535
10/21/2022,MLB,FL,ASO,ES,Federal Contract Tower,21,1,69,5,96,0,0,194,0,194,21,1,263,5,290,93,0,93,383
10/22/2022,MLB,FL,ASO,ES,Federal Contract Tower,22,7,70,7,106,0,2,217,0,219,22,9,287,7,325,122,0,122,447
10/23/2022,MLB,FL,ASO,ES,Federal Contract Tower,21,5,51,1,78,0,1,107,0,108,21,6,158,1,186,36,0,36,222
10/24/2022,MLB,FL,ASO,ES,Federal Contract Tower,16,0,74,0,90,0,0,221,0,221,16,0,295,0,311,370,0,370,681
10/25/2022,MLB,FL,ASO,ES,Federal Contract Tower,19,9,130,1,159,0,4,270,0,274,19,13,400,1,433,286,0,286,719
10/26/2022,MLB,FL,ASO,ES,Federal Contract Tower,19,0,79,3,101,0,1,314,1,316,19,1,393,4,417,298,0,298,715
10/27/2022,MLB,FL,ASO,ES,Federal Contract Tower,17,1,90,0,108,0,2,329,0,331,17,3,419,0,439,299,0,299,738
10/28/2022,MLB,FL,ASO,ES,Federal Contract Tower,18,1,101,0,120,0,0,250,0,250,18,1,351,0,370,230,0,230,600
10/29/2022,MLB,FL,ASO,ES,Federal Contract Tower,17,25,39,0,81,0,1,161,0,162,17,26,200,0,243,191,0,191,434
10/30/2022,MLB,FL,ASO,ES,Federal Contract Tower,23,1,73,0,97,0,2,167,0,169,23,3,240,0,266,26,0,26,292
10/31/2022,MLB,FL,ASO,ES,Federal Contract Tower,17,0,86,0,103,0,3,243,0,246,17,3,329,0,349,232,0,232,581
11/01/2022,MLB,FL,ASO,ES,Federal Contract Tower,12,4,114,0,130,0,3,181,0,184,12,7,295,0,314,119,0,119,433
11/02/2022,MLB,FL,ASO,ES,Federal Contract Tower,13,3,92,0,108,0,0,234,0,234,13,3,326,0,342,221,0,221,563
11/03/2022,MLB,FL,ASO,ES,Federal Contract Tower,13,3,95,2,113,0,0,208,0,208,13,3,303,2,321,129,0,129,450
11/04/2022,MLB,FL,ASO,ES,Federal Contract Tower,16,3,93,1,113,0,2,182,0,184,16,5,275,1,297,134,0,134,431
11/05/2022,MLB,FL,ASO,ES,Federal Contract Tower,18,4,49,1,72,0,3,148,3,154,18,7,197,4,226,110,0,110,336
11/06/2022,MLB,FL,ASO,ES,Federal Contract Tower,15,2,50,1,68,0,1,90,8,99,15,3,140,9,167,94,0,94,261
11/07/2022,MLB,FL,ASO,ES,Federal Contract Tower,12,5,75,0,92,0,7,129,0,136,12,12,204,0,228,70,0,70,298
11/08/2022,MLB,FL,ASO,ES,Federal Contract Tower,15,7,43,0,65,0,6,28,0,34,15,13,71,0,99,31,0,31,130
11/09/2022,MLB,FL,ASO,ES,Federal Contract Tower,6,2,4,0,12,0,0,0,0,0,6,2,4,0,12,0,0,0,12
11/10/2022,MLB,FL,ASO,ES,Federal Contract Tower,4,1,10,0,15,0,0,6,0,6,4,1,16,0,21,0,0,0,21
11/11/2022,MLB,FL,ASO,ES,Federal Contract Tower,17,2,68,0,87,0,0,124,1,125,17,2,192,1,212,24,0,24,236
11/12/2022,MLB,FL,ASO,ES,Federal Contract Tower,16,1,63,0,80,0,2,165,0,167,16,3,228,0,247,108,0,108,355
11/13/2022,MLB,FL,ASO,ES,Federal Contract Tower,14,2,63,0,79,0,3,104,0,107,14,5,167,0,186,72,0,72,258
11/14/2022,MLB,FL,ASO,ES,Federal Contract Tower,20,2,94,0,116,0,6,220,0,226,20,8,314,0,342,205,0,205,547
11/15/2022,MLB,FL,ASO,ES,Federal Contract Tower,14,2,147,0,163,0,1,358,0,359,14,3,505,0,522,358,0,358,880
11/16/2022,MLB,FL,ASO,ES,Federal Contract Tower,16,4,108,0,128,0,0,264,0,264,16,4,372,0,392,130,0,130,522
11/17/2022,MLB,FL,ASO,ES,Federal Contract Tower,19,2,115,0,136,0,1,208,1,210,19,3,323,1,346,147,0,147,493
11/18/2022,MLB,FL,ASO,ES,Federal Contract Tower,20,5,90,0,115,0,1,277,0,278,20,6,367,0,393,239,0,239,632
11/19/2022,MLB,FL,ASO,ES,Federal Contract Tower,22,4,54,0,80,0,3,213,0,216,22,7,267,0,296,174,0,174,470
11/20/2022,MLB,FL,ASO,ES,Federal Contract Tower,16,9,40,2,67,0,0,27,0,27,16,9,67,2,94,16,0,16,110
11/21/2022,MLB,FL,ASO,ES,Federal Contract Tower,15,5,87,0,107,0,1,96,0,97,15,6,183,0,204,220,0,220,424
11/22/2022,MLB,FL,ASO,ES,Federal Contract Tower,17,6,63,0,86,0,0,4,0,4,17,6,67,0,90,0,0,0,90
11/23/2022,MLB,FL,ASO,ES,Federal Contract Tower,19,6,105,0,130,0,0,0,0,0,19,6,105,0,130,0,0,0,130
11/24/2022,MLB,FL,ASO,ES,Federal Contract Tower,8,0,48,0,56,0,0,46,0,46,8,0,94,0,102,0,0,0,102
11/25/2022,MLB,FL,ASO,ES,Federal Contract Tower,18,8,60,0,86,0,0,124,0,124,18,8,184,0,210,37,2,39,249
11/26/2022,MLB,FL,ASO,ES,Federal Contract Tower,12,2,102,0,116,0,7,103,0,110,12,9,205,0,226,78,0,78,304
11/27/2022,MLB,FL,ASO,ES,Federal Contract Tower,13,2,86,0,101,0,5,78,0,83,13,7,164,0,184,56,0,56,240
11/28/2022,MLB,FL,ASO,ES,Federal Contract Tower,13,8,101,0,122,0,6,275,0,281,13,14,376,0,403,309,0,309,712
11/29/2022,MLB,FL,ASO,ES,Federal Contract Tower,14,4,123,1,142,0,0,327,1,328,14,4,450,2,470,316,0,316,786
11/30/2022,MLB,FL,ASO,ES,Federal Contract Tower,16,3,125,8,152,0,0,301,0,301,16,3,426,8,453,276,0,276,729
12/01/2022,MLB,FL,ASO,ES,Federal Contract Tower,22,2,79,0,103,0,1,140,1,142,22,3,219,1,245,96,0,96,341
12/02/2022,MLB,FL,ASO,ES,Federal Contract Tower,13,3,112,1,129,0,0,276,3,279,13,3,388,4,408,246,0,246,654
12/03/2022,MLB,FL,ASO,ES,Federal Contract Tower,16,3,99,0,118,0,1,223,0,224,16,4,322,0,342,246,0,246,588
12/04/2022,MLB,FL,ASO,ES,Federal Contract Tower,14,5,37,3,59,0,2,133,4,139,14,7,170,7,198,118,0,118,316
12/05/2022,MLB,FL,ASO,ES,Federal Contract Tower,13,3,127,0,143,0,2,219,0,221,13,5,346,0,364,234,0,234,598
12/06/2022,MLB,FL,ASO,ES,Federal Contract Tower,19,4,106,0,129,0,2,281,0,283,19,6,387,0,412,300,0,300,712
12/07/2022,MLB,FL,ASO,ES,Federal Contract Tower,13,0,102,0,115,0,0,280,1,281,13,0,382,1,396,176,0,176,572
12/08/2022,MLB,FL,ASO,ES,Federal Contract Tower,17,6,112,0,135,0,0,283,1,284,17,6,395,1,419,271,2,273,692
12/09/2022,MLB,FL,ASO,ES,Federal Contract Tower,10,11,93,5,119,0,4,283,0,287,10,15,376,5,406,279,0,279,685
12/10/2022,MLB,FL,ASO,ES,Federal Contract Tower,15,3,71,6,95,0,3,169,0,172,15,6,240,6,267,187,0,187,454
12/11/2022,MLB,FL,ASO,ES,Federal Contract Tower,13,5,55,0,73,0,2,114,0,116,13,7,169,0,189,144,0,144,333
12/12/2022,MLB,FL,ASO,ES,Federal Contract Tower,19,6,108,0,133,0,0,134,0,134,19,6,242,0,267,135,0,135,402
12/13/2022,MLB,FL,ASO,ES,Federal Contract Tower,18,8,86,0,112,0,0,81,1,82,18,8,167,1,194,12,0,12,206
12/14/2022,MLB,FL,ASO,ES,Federal Contract Tower,19,4,100,0,123,0,1,169,0,170,19,5,269,0,293,96,2,98,391
12/15/2022,MLB,FL,ASO,ES,Federal Contract Tower,15,7,57,0,79,0,0,58,0,58,15,7,115,0,137,42,0,42,179
12/16/2022,MLB,FL,ASO,ES,Federal Contract Tower,14,9,99,10,132,0,0,205,2,207,14,9,304,12,339,231,0,231,570
12/17/2022,MLB,FL,ASO,ES,Federal Contract Tower,19,5,63,0,87,0,1,190,0,191,19,6,253,0,278,174,0,174,452
12/18/2022,MLB,FL,ASO,ES,Federal Contract Tower,13,2,49,0,64,0,0,108,0,108,13,2,157,0,172,64,0,64,236
12/19/2022,MLB,FL,ASO,ES,Federal Contract Tower,16,5,76,0,97,0,3,174,0,177,16,8,250,0,274,232,0,232,506
12/20/2022,MLB,FL,ASO,ES,Federal Contract Tower,13,2,85,0,100,0,1,161,0,162,13,3,246,0,262,78,0,78,340
12/21/2022,MLB,FL,ASO,ES,Federal Contract Tower,14,0,126,1,141,0,0,66,0,66,14,0,192,1,207,14,0,14,221
12/22/2022,MLB,FL,ASO,ES,Federal Contract Tower,15,9,70,0,94,0,0,18,0,18,15,9,88,0,112,17,0,17,129
12/23/2022,MLB,FL,ASO,ES,Federal Contract Tower,9,6,46,0,61,0,0,126,0,126,9,6,172,0,187,122,0,122,309
12/24/2022,MLB,FL,ASO,ES,Federal Contract Tower,12,2,7,0,21,0,0,42,0,42,12,2,49,0,63,32,0,32,95
12/25/2022,MLB,FL,ASO,ES,Federal Contract Tower,12,6,7,0,25,0,0,6,0,6,12,6,13,0,31,2,0,2,33
12/26/2022,MLB,FL,ASO,ES,Federal Contract Tower,15,5,68,0,88,0,0,55,0,55,15,5,123,0,143,44,0,44,187
12/27/2022,MLB,FL,ASO,ES,Federal Contract Tower,19,6,79,0,104,0,0,95,0,95,19,6,174,0,199,44,0,44,243
12/28/2022,MLB,FL,ASO,ES,Federal Contract Tower,13,6,44,0,63,0,1,152,0,153,13,7,196,0,216,40,0,40,256
12/29/2022,MLB,FL,ASO,ES,Federal Contract Tower,16,9,77,1,103,0,2,165,0,167,16,11,242,1,270,136,0,136,406
12/30/2022,MLB,FL,ASO,ES,Federal Contract Tower,20,8,80,0,108,0,0,150,0,150,20,8,230,0,258,62,0,62,320
12/31/2022,MLB,FL,ASO,ES,Federal Contract Tower,12,9,35,0,56,0,0,64,0,64,12,9,99,0,120,14,0,14,134
01/01/2023,MLB,FL,ASO,ES,Federal Contract Tower,8,7,29,0,44,0,0,36,0,36,8,7,65,0,80,0,0,0,80
01/02/2023,MLB,FL,ASO,ES,Federal Contract Tower,12,2,90,0,104,0,0,181,0,181,12,2,271,0,285,169,0,169,454
01/03/2023,MLB,FL,ASO,ES,Federal Contract Tower,13,7,76,3,99,0,1,156,0,157,13,8,232,3,256,165,0,165,421
01/04/2023,MLB,FL,ASO,ES,Federal Contract Tower,10,7,48,1,66,0,1,164,0,165,10,8,212,1,231,72,1,73,304
01/05/2023,MLB,FL,ASO,ES,Federal Contract Tower,15,9,64,8,96,0,2,106,0,108,15,11,170,8,204,86,0,86,290
01/06/2023,MLB,FL,ASO,ES,Federal Contract Tower,14,3,84,0,101,0,0,265,2,267,14,3,349,2,368,180,0,180,548
01/07/2023,MLB,FL,ASO,ES,Federal Contract Tower,21,4,65,0,90,0,2,227,4,233,21,6,292,4,323,83,0,83,406
01/08/2023,MLB,FL,ASO,ES,Federal Contract Tower,17,2,64,0,83,0,0,181,2,183,17,2,245,2,266,156,0,156,422
01/09/2023,MLB,FL,ASO,ES,Federal Contract Tower,13,0,67,1,81,0,2,201,0,203,13,2,268,1,284,270,0,270,554
01/10/2023,MLB,FL,ASO,ES,Federal Contract Tower,16,8,56,1,81,0,0,207,0,207,16,8,263,1,288,188,0,188,476
01/11/2023,MLB,FL,ASO,ES,Federal Contract Tower,16,3,75,2,96,0,7,271,0,278,16,10,346,2,374,280,0,280,654
01/12/2023,MLB,FL,ASO,ES,Federal Contract Tower,19,2,81,4,106,0,1,253,2,256,19,3,334,6,362,202,0,202,564
01/13/2023,MLB,FL,ASO,ES,Federal Contract Tower,21,7,76,0,104,0,0,75,0,75,21,7,151,0,179,50,0,50,229
01/14/2023,MLB,FL,ASO,ES,Federal Contract Tower,20,0,54,4,78,0,1,122,0,123,20,1,176,4,201,126,0,126,327
01/15/2023,MLB,FL,ASO,ES,Federal Contract Tower,14,1,59,0,74,0,3,132,0,135,14,4,191,0,209,160,0,160,369
01/16/2023,MLB,FL,ASO,ES,Federal Contract Tower,21,1,79,0,101,0,2,218,0,220,21,3,297,0,321,208,0,208,529
01/17/2023,MLB,FL,ASO,ES,Federal Contract Tower,12,6,44,0,62,0,0,236,0,236,12,6,280,0,298,202,4,206,504
01/18/2023,MLB,FL,ASO,ES,Federal Contract Tower,15,4,116,1,136,0,4,261,0,265,15,8,377,1,401,323,0,323,724
01/19/2023,MLB,FL,ASO,ES,Federal Contract Tower,17,3,83,1,104,0,1,266,0,267,17,4,349,1,371,252,0,252,623
01/20/2023,MLB,FL,ASO,ES,Federal Contract Tower,15,3,85,1,104,0,3,230,0,233,15,6,315,1,337,326,0,326,663
01/21/2023,MLB,FL,ASO,ES,Federal Contract Tower,13,2,85,0,100,0,0,209,0,209,13,2,294,0,309,230,0,230,539
01/22/2023,MLB,FL,ASO,ES,Federal Contract Tower,15,2,79,0,96,0,2,113,0,115,15,4,192,0,211,64,0,64,275
01/23/2023,MLB,FL,ASO,ES,Federal Contract Tower,14,3,84,0,101,0,1,178,1,180,14,4,262,1,281,311,0,311,592
01/24/2023,MLB,FL,ASO,ES,Federal Contract Tower,12,1,56,0,69,0,4,188,0,192,12,5,244,0,261,298,0,298,559
01/25/2023,MLB,FL,ASO,ES,Federal Contract Tower,15,5,69,4,93,0,0,159,0,159,15,5,228,4,252,154,0,154,406
01/26/2023,MLB,FL,ASO,ES,Federal Contract Tower,19,3,91,10,123,0,0,237,0,237,19,3,328,10,360,216,0,216,576
01/27/2023,MLB,FL,ASO,ES,Federal Contract Tower,22,2,65,10,99,0,3,193,0,196,22,5,258,10,295,150,2,152,447
01/28/2023,MLB,FL,ASO,ES,Federal Contract Tower,18,5,91,4,118,0,4,189,0,193,18,9,280,4,311,261,0,261,572
01/29/2023,MLB,FL,ASO,ES,Federal Contract Tower,17,0,70,3,90,0,0,164,0,164,17,0,234,3,254,146,0,146,400
01/30/2023,MLB,FL,ASO,ES,Federal Contract Tower,17,7,114,9,147,0,1,294,13,308,17,8,408,22,455,260,0,260,715
01/31/2023,MLB,FL,ASO,ES,Federal Contract Tower,14,2,114,3,133,0,3,250,2,255,14,5,364,5,388,252,0,252,640
02/01/2023,MLB,FL,ASO,ES,Federal Contract Tower,16,2,126,0,144,0,3,223,1,227,16,5,349,1,371,232,0,232,603
02/02/2023,MLB,FL,ASO,ES,Federal Contract Tower,16,3,71,0,90,0,0,222,0,222,16,3,293,0,312,62,0,62,374
02/03/2023,MLB,FL,ASO,ES,Federal Contract Tower,17,1,42,2,62,0,0,31,6,37,17,1,73,8,99,10,0,10,109
02/04/2023,MLB,FL,ASO,ES,Federal Contract Tower,15,1,67,0,83,0,0,95,0,95,15,1,162,0,178,85,8,93,271
02/05/2023,MLB,FL,ASO,ES,Federal Contract Tower,14,4,29,3,50,0,2,8,0,10,14,6,37,3,60,2,0,2,62
02/06/2023,MLB,FL,ASO,ES,Federal Contract Tower,20,3,97,0,120,0,0,298,0,298,20,3,395,0,418,258,0,258,676
02/07/2023,MLB,FL,ASO,ES,Federal Contract Tower,12,3,97,0,112,0,0,306,0,306,12,3,403,0,418,262,0,262,680
02/08/2023,MLB,FL,ASO,ES,Federal Contract Tower,17,9,154,0,180,0,0,318,0,318,17,9,472,0,498,410,0,410,908
02/09/2023,MLB,FL,ASO,ES,Federal Contract Tower,16,4,127,7,154,0,2,331,3,336,16,6,458,10,490,210,0,210,700
02/10/2023,MLB,FL,ASO,ES,Federal Contract Tower,27,0,156,12,195,0,4,276,3,283,27,4,432,15,478,233,10,243,721
02/11/2023,MLB,FL,ASO,ES,Federal Contract Tower,15,4,95,2,116,0,1,211,0,212,15,5,306,2,328,128,0,128,456
02/12/2023,MLB,FL,ASO,ES,Federal Contract Tower,17,6,15,0,38,0,0,24,0,24,17,6,39,0,62,42,0,42,104
02/13/2023,MLB,FL,ASO,ES,Federal Contract Tower,19,2,120,0,141,0,2,281,0,283,19,4,401,0,424,229,0,229,653
02/14/2023,MLB,FL,ASO,ES,Federal Contract Tower,10,6,86,3,105,0,0,288,0,288,10,6,374,3,393,242,0,242,635
02/15/2023,MLB,FL,ASO,ES,Federal Contract Tower,16,4,97,2,119,0,2,267,0,269,16,6,364,2,388,327,0,327,715
02/16/2023,MLB,FL,ASO,ES,Federal Contract Tower,13,3,114,1,131,0,0,255,2,257,13,3,369,3,388,288,0,288,676
02/17/2023,MLB,FL,ASO,ES,Federal Contract Tower,21,7,97,1,126,0,0,194,1,195,21,7,291,2,321,94,0,94,415
02/18/2023,MLB,FL,ASO,ES,Federal Contract Tower,22,3,58,0,83,0,6,127,1,134,22,9,185,1,217,33,0,33,250
02/19/2023,MLB,FL,ASO,ES,Federal Contract Tower,16,2,81,0,99,0,2,206,0,208,16,4,287,0,307,124,0,124,431
02/20/2023,MLB,FL,ASO,ES,Federal Contract Tower,21,3,77,0,101,0,4,267,0,271,21,7,344,0,372,116,0,116,488
02/21/2023,MLB,FL,ASO,ES,Federal Contract Tower,15,4,118,0,137,0,1,255,7,263,15,5,373,7,400,180,2,182,582
02/22/2023,MLB,FL,ASO,ES,Federal Contract Tower,17,7,110,2,136,0,3,257,6,266,17,10,367,8,402,214,0,214,616
02/23/2023,MLB,FL,ASO,ES,Federal Contract Tower,21,5,102,1,129,0,0,327,0,327,21,5,429,1,456,154,0,154,610
02/24/2023,MLB,FL,ASO,ES,Federal Contract Tower,18,1,89,13,121,0,2,329,2,333,18,3,418,15,454,86,0,86,540
02/25/2023,MLB,FL,ASO,ES,Federal Contract Tower,18,3,104,1,126,0,1,280,0,281,18,4,384,1,407,138,0,138,545
02/26/2023,MLB,FL,ASO,ES,Federal Contract Tower,20,4,88,7,119,0,2,187,0,189,20,6,275,7,308,100,0,100,408
02/27/2023,MLB,FL,ASO,ES,Federal Contract Tower,20,4,71,2,97,0,0,182,0,182,20,4,253,2,279,159,0,159,438
02/28/2023,MLB,FL,ASO,ES,Federal Contract Tower,14,2,86,2,104,0,0,145,0,145,14,2,231,2,249,103,0,103,352
03/01/2023,MLB,FL,ASO,ES,Federal Contract Tower,23,3,100,0,126,0,2,217,0,219,23,5,317,0,345,226,0,226,571
03/02/2023,MLB,FL,ASO,ES,Federal Contract Tower,14,3,155,2,174,0,3,321,0,324,14,6,476,2,498,158,0,158,656
03/03/2023,MLB,FL,ASO,ES,Federal Contract Tower,14,5,80,0,99,0,3,113,0,116,14,8,193,0,215,98,0,98,313
03/04/2023,MLB,FL,ASO,ES,Federal Contract Tower,18,1,111,2,132,0,3,157,6,166,18,4,268,8,298,38,0,38,336
03/05/2023,MLB,FL,ASO,ES,Federal Contract Tower,19,4,72,5,100,0,4,138,0,142,19,8,210,5,242,62,0,62,304
03/06/2023,MLB,FL,ASO,ES,Federal Contract Tower,18,2,92,0,112,0,2,233,2,237,18,4,325,2,349,225,0,225,574
03/07/2023,MLB,FL,ASO,ES,Federal Contract Tower,13,4,120,0,137,0,2,291,0,293,13,6,411,0,430,254,0,254,684
03/08/2023,MLB,FL,ASO,ES,Federal Contract Tower,21,2,125,2,150,0,2,248,0,250,21,4,373,2,400,175,0,175,575
03/09/2023,MLB,FL,ASO,ES,Federal Contract Tower,16,3,139,1,159,0,0,323,1,324,16,3,462,2,483,286,4,290,773
03/10/2023,MLB,FL,ASO,ES,Federal Contract Tower,15,7,109,1,132,0,4,257,4,265,15,11,366,5,397,108,0,108,505
03/11/2023,MLB,FL,ASO,ES,Federal Contract Tower,18,2,117,0,137,0,2,141,0,143,18,4,258,0,280,63,0,63,343
03/12/2023,MLB,FL,ASO,ES,Federal Contract Tower,14,11,134,0,159,0,0,187,0,187,14,11,321,0,346,82,0,82,428
03/13/2023,MLB,FL,ASO,ES,Federal Contract Tower,16,5,39,0,60,0,2,20,0,22,16,7,59,0,82,24,0,24,106
03/14/2023,MLB,FL,ASO,ES,Federal Contract Tower,14,5,143,0,162,0,0,226,4,230,14,5,369,4,392,77,2,79,471
03/15/2023,MLB,FL,ASO,ES,Federal Contract Tower,18,3,96,0,117,0,0,128,0,128,18,3,224,0,245,164,0,164,409
03/16/2023,MLB,FL,ASO,ES,Federal Contract Tower,13,5,102,0,120,0,0,283,0,283,13,5,385,0,403,238,2,240,643
03/17/2023,MLB,FL,ASO,ES,Federal Contract Tower,13,6,73,1,93,0,1,174,0,175,13,7,247,1,268,105,0,105,373
03/18/2023,MLB,FL,ASO,ES,Federal Contract Tower,19,2,72,0,93,0,3,140,0,143,19,5,212,0,236,74,0,74,310
03/19/2023,MLB,FL,ASO,ES,Federal Contract Tower,13,5,91,0,109,0,0,117,3,120,13,5,208,3,229,44,0,44,273
03/20/2023,MLB,FL,ASO,ES,Federal Contract Tower,19,5,55,0,79,0,2,176,0,178,19,7,231,0,257,137,0,137,394
03/21/2023,MLB,FL,ASO,ES,Federal Contract Tower,15,7,157,0,179,0,1,307,0,308,15,8,464,0,487,306,0,306,793
03/22/2023,MLB,FL,ASO,ES,Federal Contract Tower,16,8,129,0,153,0,0,259,0,259,16,8,388,0,412,224,0,224,636
03/23/2023,MLB,FL,ASO,ES,Federal Contract Tower,18,2,125,0,145,0,0,358,0,358,18,2,483,0,503,244,0,244,747
03/24/2023,MLB,FL,ASO,ES,Federal Contract Tower,17,3,78,3,101,0,1,271,4,276,17,4,349,7,377,120,0,120,497
03/25/2023,MLB,FL,ASO,ES,Federal Contract Tower,17,0,129,1,147,0,0,238,0,238,17,0,367,1,385,58,0,58,443
03/26/2023,MLB,FL,ASO,ES,Federal Contract Tower,15,3,78,2,98,0,0,135,0,135,15,3,213,2,233,78,0,78,311
03/27/2023,MLB,FL,ASO,ES,Federal Contract Tower,17,3,142,0,162,0,0,225,0,225,17,3,367,0,387,186,0,186,573
03/28/2023,MLB,FL,ASO,ES,Federal Contract Tower,20,1,118,0,139,0,2,275,1,278,20,3,393,1,417,278,0,278,695
03/29/2023,MLB,FL,ASO,ES,Federal Contract Tower,15,4,137,0,156,0,1,188,0,189,15,5,325,0,345,143,0,143,488
03/30/2023,MLB,FL,ASO,ES,Federal Contract Tower,21,2,151,0,174,0,1,289,0,290,21,3,440,0,464,360,0,360,824
03/31/2023,MLB,FL,ASO,ES,Federal Contract Tower,17,3,95,0,115,0,0,186,0,186,17,3,281,0,301,42,0,42,343
04/01/2023,MLB,FL,ASO,ES,Federal Contract Tower,21,9,88,0,118,0,1,242,0,243,21,10,330,0,361,125,0,125,486
04/02/2023,MLB,FL,ASO,ES,Federal Contract Tower,20,4,103,0,127,0,1,109,0,110,20,5,212,0,237,70,0,70,307
04/03/2023,MLB,FL,ASO,ES,Federal Contract Tower,19,3,104,2,128,0,0,149,0,149,19,3,253,2,277,103,0,103,380
04/04/2023,MLB,FL,ASO,ES,Federal Contract Tower,20,4,102,0,126,0,1,322,0,323,20,5,424,0,449,252,0,252,701
04/05/2023,MLB,FL,ASO,ES,Federal Contract Tower,15,5,128,1,149,0,5,269,0,274,15,10,397,1,423,236,0,236,659
04/06/2023,MLB,FL,ASO,ES,Federal Contract Tower,18,2,109,3,132,0,0,273,0,273,18,2,382,3,405,254,6,260,665
04/07/2023,MLB,FL,ASO,ES,Federal Contract Tower,23,4,134,5,166,0,2,247,0,249,23,6,381,5,415,156,0,156,571
04/08/2023,MLB,FL,ASO,ES,Federal Contract Tower,19,2,92,3,116,0,0,283,0,283,19,2,375,3,399,188,0,188,587
04/09/2023,MLB,FL,ASO,ES,Federal Contract Tower,17,5,58,1,81,0,0,11,0,11,17,5,69,1,92,4,0,4,96
04/10/2023,MLB,FL,ASO,ES,Federal Contract Tower,17,2,51,0,70,0,0,44,2,46,17,2,95,2,116,28,0,28,144
04/11/2023,MLB,FL,ASO,ES,Federal Contract Tower,17,1,67,0,85,0,1,132,0,133,17,2,199,0,218,70,0,70,288
04/12/2023,MLB,FL,ASO,ES,Federal Contract Tower,20,1,66,4,91,0,1,54,0,55,20,2,120,4,146,36,0,36,182
04/13/2023,MLB,FL,ASO,ES,Federal Contract Tower,16,8,39,0,63,0,0,108,0,108,16,8,147,0,171,20,0,20,191
04/14/2023,MLB,FL,ASO,ES,Federal Contract Tower,17,5,83,3,108,0,1,308,0,309,17,6,391,3,417,252,0,252,669
04/15/2023,MLB,FL,ASO,ES,Federal Contract Tower,26,1,110,2,139,0,0,325,0,325,26,1,435,2,464,193,0,193,657
04/16/2023,MLB,FL,ASO,ES,Federal Contract Tower,25,3,52,0,80,0,2,130,0,132,25,5,182,0,212,89,0,89,301
04/17/2023,MLB,FL,ASO,ES,Federal Contract Tower,18,9,66,0,93,0,0,84,0,84,18,9,150,0,177,104,0,104,281
04/18/2023,MLB,FL,ASO,ES,Federal Contract Tower,18,4,143,0,165,0,1,293,0,294,18,5,436,0,459,204,0,204,663
04/19/2023,MLB,FL,ASO,ES,Federal Contract Tower,17,10,157,0,184,0,3,275,1,279,17,13,432,1,463,308,0,308,771
04/20/2023,MLB,FL,ASO,ES,Federal Contract Tower,16,13,69,0,98,0,1,365,0,366,16,14,434,0,464,260,0,260,724
04/21/2023,MLB,FL,ASO,ES,Federal Contract Tower,21,5,163,0,189,0,4,340,2,346,21,9,503,2,535,372,0,372,907
04/22/2023,MLB,FL,ASO,ES,Federal Contract Tower,27,1,88,0,116,0,1,246,0,247,27,2,334,0,363,150,0,150,513
04/23/2023,MLB,FL,ASO,ES,Federal Contract Tower,17,3,51,0,71,0,1,134,4,139,17,4,185,4,210,86,0,86,296
04/24/2023,MLB,FL,ASO,ES,Federal Contract Tower,21,5,54,2,82,0,2,74,0,76,21,7,128,2,158,107,0,107,265
04/25/2023,MLB,FL,ASO,ES,Federal Contract Tower,15,4,63,0,82,0,0,176,0,176,15,4,239,0,258,90,0,90,348
04/26/2023,MLB,FL,ASO,ES,Federal Contract Tower,15,6,130,8,159,0,2,214,0,216,15,8,344,8,375,174,0,174,549
04/27/2023,MLB,FL,ASO,ES,Federal Contract Tower,15,4,113,0,132,0,1,218,0,219,15,5,331,0,351,120,0,120,471
04/28/2023,MLB,FL,ASO,ES,Federal Contract Tower,21,7,91,5,124,0,0,169,0,169,21,7,260,5,293,158,0,158,451
04/29/2023,MLB,FL,ASO,ES,Federal Contract Tower,21,7,49,0,77,0,0,206,0,206,21,7,255,0,283,138,0,138,421
04/30/2023,MLB,FL,ASO,ES,Federal Contract Tower,22,5,22,0,49,0,0,43,0,43,22,5,65,0,92,4,0,4,96
05/01/2023,MLB,FL,ASO,ES,Federal Contract Tower,18,3,141,0,162,0,0,305,0,305,18,3,446,0,467,196,0,196,663
05/02/2023,MLB,FL,ASO,ES,Federal Contract Tower,17,2,185,0,204,0,2,323,0,325,17,4,508,0,529,218,0,218,747
05/03/2023,MLB,FL,ASO,ES,Federal Contract Tower,19,5,114,0,138,0,1,316,0,317,19,6,430,0,455,189,0,189,644
05/04/2023,MLB,FL,ASO,ES,Federal Contract Tower,22,2,129,0,153,0,4,327,2,333,22,6,456,2,486,276,2,278,764
05/05/2023,MLB,FL,ASO,ES,Federal Contract Tower,24,5,162,0,191,0,4,254,2,260,24,9,416,2,451,188,0,188,639
05/06/2023,MLB,FL,ASO,ES,Federal Contract Tower,21,6,52,0,79,0,0,125,0,125,21,6,177,0,204,45,0,45,249
05/07/2023,MLB,FL,ASO,ES,Federal Contract Tower,23,4,65,0,92,0,3,151,0,154,23,7,216,0,246,144,0,144,390
05/08/2023,MLB,FL,ASO,ES,Federal Contract Tower,18,3,99,1,121,0,0,310,0,310,18,3,409,1,431,239,0,239,670
05/09/2023,MLB,FL,ASO,ES,Federal Contract Tower,16,4,123,0,143,0,0,302,0,302,16,4,425,0,445,108,0,108,553
05/10/2023,MLB,FL,ASO,ES,Federal Contract Tower,18,2,129,0,149,0,2,335,0,337,18,4,464,0,486,286,0,286,772
05/11/2023,MLB,FL,ASO,ES,Federal Contract Tower,20,2,136,0,158,0,2,254,0,256,20,4,390,0,414,224,0,224,638
05/12/2023,MLB,FL,ASO,ES,Federal Contract Tower,15,4,139,2,160,0,5,254,0,259,15,9,393,2,419,132,0,132,551
05/13/2023,MLB,FL,ASO,ES,Federal Contract Tower,18,4,153,0,175,0,2,209,0,211,18,6,362,0,386,111,0,111,497
05/14/2023,MLB,FL,ASO,ES,Federal Contract Tower,29,3,52,0,84,0,0,137,0,137,29,3,189,0,221,116,0,116,337
05/15/2023,MLB,FL,ASO,ES,Federal Contract Tower,19,4,107,0,130,0,1,299,0,300,19,5,406,0,430,196,0,196,626
05/16/2023,MLB,FL,ASO,ES,Federal Contract Tower,19,9,140,0,168,0,0,372,0,372,19,9,512,0,540,225,0,225,765
05/17/2023,MLB,FL,ASO,ES,Federal Contract Tower,18,7,112,2,139,0,0,239,0,239,18,7,351,2,378,223,0,223,601
05/18/2023,MLB,FL,ASO,ES,Federal Contract Tower,19,7,99,0,125,0,0,274,0,274,19,7,373,0,399,273,0,273,672
05/19/2023,MLB,FL,ASO,ES,Federal Contract Tower,16,3,142,3,164,0,3,324,6,333,16,6,466,9,497,270,0,270,767
05/20/2023,MLB,FL,ASO,ES,Federal Contract Tower,26,5,67,0,98,0,1,222,0,223,26,6,289,0,321,142,0,142,463
05/21/2023,MLB,FL,ASO,ES,Federal Contract Tower,21,1,93,0,115,0,3,150,0,153,21,4,243,0,268,128,0,128,396
05/22/2023,MLB,FL,ASO,ES,Federal Contract Tower,15,10,80,0,105,0,0,173,0,173,15,10,253,0,278,152,0,152,430
05/23/2023,MLB,FL,ASO,ES,Federal Contract Tower,21,7,138,2,168,0,0,119,0,119,21,7,257,2,287,196,0,196,483
05/24/2023,MLB,FL,ASO,ES,Federal Contract Tower,14,2,110,0,126,0,0,161,0,161,14,2,271,0,287,125,0,125,412
05/25/2023,MLB,FL,ASO,ES,Federal Contract Tower,17,7,120,2,146,0,2,127,0,129,17,9,247,2,275,80,0,80,355
05/26/2023,MLB,FL,ASO,ES,Federal Contract Tower,23,3,67,0,93,0,1,181,0,182,23,4,248,0,275,138,0,138,413
05/27/2023,MLB,FL,ASO,ES,Federal Contract Tower,22,5,166,0,193,0,2,220,0,222,22,7,386,0,415,175,0,175,590
05/28/2023,MLB,FL,ASO,ES,Federal Contract Tower,23,2,72,0,97,0,4,151,0,155,23,6,223,0,252,196,0,196,448
05/29/2023,MLB,FL,ASO,ES,Federal Contract Tower,15,5,99,0,119,0,1,194,0,195,15,6,293,0,314,170,0,170,484
05/30/2023,MLB,FL,ASO,ES,Federal Contract Tower,19,5,160,0,184,0,1,387,0,388,19,6,547,0,572,243,0,243,815
05/31/2023,MLB,FL,ASO,ES,Federal Contract Tower,22,2,131,0,155,0,0,190,0,190,22,2,321,0,345,174,0,174,519
06/01/2023,MLB,FL,ASO,ES,Federal Contract Tower,16,2,85,0,103,0,0,115,0,115,16,2,200,0,218,32,0,32,250
06/02/2023,MLB,FL,ASO,ES,Federal Contract Tower,17,3,108,1,129,0,1,179,0,180,17,4,287,1,309,193,0,193,502
06/03/2023,MLB,FL,ASO,ES,Federal Contract Tower,23,3,88,0,114,0,4,143,0,147,23,7,231,0,261,83,0,83,344
06/04/2023,MLB,FL,ASO,ES,Federal Contract Tower,18,2,68,1,89,0,2,140,2,144,18,4,208,3,233,108,0,108,341
06/05/2023,MLB,FL,ASO,ES,Federal Contract Tower,19,7,115,0,141,0,1,270,0,271,19,8,385,0,412,85,0,85,497
06/06/2023,MLB,FL,ASO,ES,Federal Contract Tower,19,20,118,0,157,0,2,356,0,358,19,22,474,0,515,236,0,236,751
06/07/2023,MLB,FL,ASO,ES,Federal Contract Tower,21,1,120,1,143,0,0,232,0,232,21,1,352,1,375,160,0,160,535
06/08/2023,MLB,FL,ASO,ES,Federal Contract Tower,18,0,109,2,129,0,1,215,0,216,18,1,324,2,345,102,0,102,447
06/09/2023,MLB,FL,ASO,ES,Federal Contract Tower,13,4,75,2,94,0,0,247,0,247,13,4,322,2,341,216,0,216,557
06/10/2023,MLB,FL,ASO,ES,Federal Contract Tower,19,4,55,0,78,0,5,224,1,230,19,9,279,1,308,106,0,106,414
06/11/2023,MLB,FL,ASO,ES,Federal Contract Tower,20,5,81,0,106,0,1,160,0,161,20,6,241,0,267,92,0,92,359
06/12/2023,MLB,FL,ASO,ES,Federal Contract Tower,14,4,78,0,96,0,2,246,0,248,14,6,324,0,344,60,0,60,404
06/13/2023,MLB,FL,ASO,ES,Federal Contract Tower,19,5,145,1,170,0,0,257,0,257,19,5,402,1,427,185,0,185,612
06/14/2023,MLB,FL,ASO,ES,Federal Contract Tower,16,0,115,2,133,0,0,261,0,261,16,0,376,2,394,146,0,146,540
06/15/2023,MLB,FL,ASO,ES,Federal Contract Tower,16,16,99,0,131,0,0,244,0,244,16,16,343,0,375,85,0,85,460
06/16/2023,MLB,FL,ASO,ES,Federal Contract Tower,12,5,97,0,114,0,1,141,0,142,12,6,238,0,256,88,0,88,344
06/17/2023,MLB,FL,ASO,ES,Federal Contract Tower,25,5,56,0,86,0,0,112,0,112,25,5,168,0,198,45,0,45,243
06/18/2023,MLB,FL,ASO,ES,Federal Contract Tower,25,3,63,0,91,0,0,126,0,126,25,3,189,0,217,72,0,72,289
06/19/2023,MLB,FL,ASO,ES,Federal Contract Tower,10,2,79,0,91,0,0,151,0,151,10,2,230,0,242,126,0,126,368
06/20/2023,MLB,FL,ASO,ES,Federal Contract Tower,22,3,112,0,137,0,0,135,0,135,22,3,247,0,272,126,0,126,398
06/21/2023,MLB,FL,ASO,ES,Federal Contract Tower,15,4,97,0,116,0,1,135,0,136,15,5,232,0,252,99,0,99,351
06/22/2023,MLB,FL,ASO,ES,Federal Contract Tower,20,3,118,0,141,0,3,222,0,225,20,6,340,0,366,234,0,234,600
06/23/2023,MLB,FL,ASO,ES,Federal Contract Tower,15,3,130,0,148,0,3,125,0,128,15,6,255,0,276,136,0,136,412
06/24/2023,MLB,FL,ASO,ES,Federal Contract Tower,22,1,65,0,88,0,0,234,0,234,22,1,299,0,322,96,0,96,418
06/25/2023,MLB,FL,ASO,ES,Federal Contract Tower,19,2,58,0,79,0,1,181,0,182,19,3,239,0,261,56,0,56,317
06/26/2023,MLB,FL,ASO,ES,Federal Contract Tower,19,6,185,0,210,0,4,266,2,272,19,10,451,2,482,134,0,134,616
06/27/2023,MLB,FL,ASO,ES,Federal Contract Tower,16,6,145,1,168,0,1,338,0,339,16,7,483,1,507,195,0,195,702
06/28/2023,MLB,FL,ASO,ES,Federal Contract Tower,22,2,120,0,144,0,1,201,0,202,22,3,321,0,346,172,0,172,518
06/29/2023,MLB,FL,ASO,ES,Federal Contract Tower,17,2,103,1,123,0,2,277,1,280,17,4,380,2,403,198,0,198,601
06/30/2023,MLB,FL,ASO,ES,Federal Contract Tower,12,3,132,0,147,0,4,228,0,232,12,7,360,0,379,206,0,206,585
07/01/2023,MLB,FL,ASO,ES,Federal Contract Tower,19,3,118,0,140,0,3,158,0,161,19,6,276,0,301,124,0,124,425
07/02/2023,MLB,FL,ASO,ES,Federal Contract Tower,24,5,77,0,106,0,2,165,0,167,24,7,242,0,273,108,0,108,381
07/03/2023,MLB,FL,ASO,ES,Federal Contract Tower,15,3,74,0,92,0,0,221,0,221,15,3,295,0,313,298,0,298,611
07/04/2023,MLB,FL,ASO,ES,Federal Contract Tower,16,1,49,0,66,0,1,134,0,135,16,2,183,0,201,48,0,48,249
07/05/2023,MLB,FL,ASO,ES,Federal Contract Tower,16,1,88,0,105,0,2,230,0,232,16,3,318,0,337,236,0,236,573
07/06/2023,MLB,FL,ASO,ES,Federal Contract Tower,15,1,96,2,114,0,0,188,0,188,15,1,284,2,302,133,0,133,435
07/07/2023,MLB,FL,ASO,ES,Federal Contract Tower,19,2,83,0,104,0,0,174,3,177,19,2,257,3,281,209,0,209,490
07/08/2023,MLB,FL,ASO,ES,Federal Contract Tower,21,3,62,0,86,0,0,144,0,144,21,3,206,0,230,99,0,99,329
07/09/2023,MLB,FL,ASO,ES,Federal Contract Tower,21,3,54,0,78,0,5,119,0,124,21,8,173,0,202,44,0,44,246
07/10/2023,MLB,FL,ASO,ES,Federal Contract Tower,22,1,78,0,101,0,0,245,0,245,22,1,323,0,346,120,0,120,466
07/11/2023,MLB,FL,ASO,ES,Federal Contract Tower,18,2,132,0,152,0,0,241,0,241,18,2,373,0,393,285,0,285,678
07/12/2023,MLB,FL,ASO,ES,Federal Contract Tower,17,6,120,0,143,0,0,279,0,279,17,6,399,0,422,230,0,230,652
07/13/2023,MLB,FL,ASO,ES,Federal Contract Tower,20,1,76,0,97,0,0,228,1,229,20,1,304,1,326,160,0,160,486
07/14/2023,MLB,FL,ASO,ES,Federal Contract Tower,16,1,63,0,80,0,0,208,0,208,16,1,271,0,288,126,0,126,414
07/15/2023,MLB,FL,ASO,ES,Federal Contract Tower,23,3,87,0,113,0,0,192,0,192,23,3,279,0,305,128,0,128,433
07/16/2023,MLB,FL,ASO,ES,Federal Contract Tower,21,1,49,0,71,0,2,132,0,134,21,3,181,0,205,46,0,46,251
07/17/2023,MLB,FL,ASO,ES,Federal Contract Tower,18,1,119,0,138,0,0,223,0,223,18,1,342,0,361,237,0,237,598
07/18/2023,MLB,FL,ASO,ES,Federal Contract Tower,17,3,106,0,126,0,2,232,0,234,17,5,338,0,360,122,0,122,482
07/19/2023,MLB,FL,ASO,ES,Federal Contract Tower,16,3,113,1,133,0,0,211,0,211,16,3,324,1,344,218,0,218,562
07/20/2023,MLB,FL,ASO,ES,Federal Contract Tower,15,2,137,0,154,0,0,275,0,275,15,2,412,0,429,170,0,170,599
07/21/2023,MLB,FL,ASO,ES,Federal Contract Tower,16,3,117,0,136,0,1,251,0,252,16,4,368,0,388,171,0,171,559
07/22/2023,MLB,FL,ASO,ES,Federal Contract Tower,17,0,51,0,68,0,0,159,0,159,17,0,210,0,227,60,0,60,287
07/23/2023,MLB,FL,ASO,ES,Federal Contract Tower,19,2,45,0,66,0,0,121,0,121,19,2,166,0,187,30,0,30,217
07/24/2023,MLB,FL,ASO,ES,Federal Contract Tower,12,0,84,0,96,0,1,245,0,246,12,1,329,0,342,286,0,286,628
07/25/2023,MLB,FL,ASO,ES,Federal Contract Tower,19,1,75,0,95,0,0,180,0,180,19,1,255,0,275,198,0,198,473
07/26/2023,MLB,FL,ASO,ES,Federal Contract Tower,17,2,114,0,133,0,0,205,0,205,17,2,319,0,338,203,0,203,541
07/27/2023,MLB,FL,ASO,ES,Federal Contract Tower,18,2,58,0,78,0,0,63,0,63,18,2,121,0,141,54,0,54,195
07/28/2023,MLB,FL,ASO,ES,Federal Contract Tower,15,3,37,1,56,0,1,118,1,120,15,4,155,2,176,54,0,54,230
07/29/2023,MLB,FL,ASO,ES,Federal Contract Tower,25,3,113,1,142,0,0,162,0,162,25,3,275,1,304,103,0,103,407
07/30/2023,MLB,FL,ASO,ES,Federal Contract Tower,19,1,66,0,86,0,2,191,0,193,19,3,257,0,279,52,0,52,331
07/31/2023,MLB,FL,ASO,ES,Federal Contract Tower,19,2,61,0,82,0,0,193,0,193,19,2,254,0,275,163,0,163,438
08/01/2023,MLB,FL,ASO,ES,Federal Contract Tower,15,13,86,1,115,0,2,198,0,200,15,15,284,1,315,171,0,171,486
08/02/2023,MLB,FL,ASO,ES,Federal Contract Tower,20,2,107,0,129,0,0,225,0,225,20,2,332,0,354,168,0,168,522
08/03/2023,MLB,FL,ASO,ES,Federal Contract Tower,18,4,102,0,124,0,2,198,0,200,18,6,300,0,324,165,0,165,489
08/04/2023,MLB,FL,ASO,ES,Federal Contract Tower,16,2,108,0,126,0,0,186,0,186,16,2,294,0,312,128,0,128,440
08/05/2023,MLB,FL,ASO,ES,Federal Contract Tower,27,2,66,0,95,0,1,189,0,190,27,3,255,0,285,108,0,108,393
08/06/2023,MLB,FL,ASO,ES,Federal Contract Tower,22,3,51,0,76,0,0,141,0,141,22,3,192,0,217,66,0,66,283
08/07/2023,MLB,FL,ASO,ES,Federal Contract Tower,15,1,108,0,124,0,1,200,0,201,15,2,308,0,325,79,10,89,414
08/08/2023,MLB,FL,ASO,ES,Federal Contract Tower,17,1,110,0,128,0,0,207,0,207,17,1,317,0,335,113,0,113,448
08/09/2023,MLB,FL,ASO,ES,Federal Contract Tower,21,15,135,0,171,0,0,205,0,205,21,15,340,0,376,163,0,163,539
08/10/2023,MLB,FL,ASO,ES,Federal Contract Tower,15,3,95,0,113,0,1,208,0,209,15,4,303,0,322,176,0,176,498
08/11/2023,MLB,FL,ASO,ES,Federal Contract Tower,22,3,107,1,133,0,2,208,1,211,22,5,315,2,344,188,0,188,532
08/12/2023,MLB,FL,ASO,ES,Federal Contract Tower,19,3,93,0,115,0,2,214,0,216,19,5,307,0,331,123,0,123,454
08/13/2023,MLB,FL,ASO,ES,Federal Contract Tower,19,9,69,0,97,0,0,100,0,100,19,9,169,0,197,66,0,66,263
08/14/2023,MLB,FL,ASO,ES,Federal Contract Tower,15,3,99,0,117,0,0,179,0,179,15,3,278,0,296,126,0,126,422
08/15/2023,MLB,FL,ASO,ES,Federal Contract Tower,20,3,108,0,131,0,0,233,0,233,20,3,341,0,364,247,0,247,611
08/16/2023,MLB,FL,ASO,ES,Federal Contract Tower,20,0,92,0,112,0,0,173,0,173,20,0,265,0,285,144,0,144,429
08/17/2023,MLB,FL,ASO,ES,Federal Contract Tower,15,2,127,0,144,0,0,140,0,140,15,2,267,0,284,100,0,100,384
08/18/2023,MLB,FL,ASO,ES,Federal Contract Tower,15,2,73,0,90,0,1,129,0,130,15,3,202,0,220,93,0,93,313
08/19/2023,MLB,FL,ASO,ES,Federal Contract Tower,23,7,84,1,115,0,0,158,0,158,23,7,242,1,273,134,2,136,409
08/20/2023,MLB,FL,ASO,ES,Federal Contract Tower,20,6,68,3,97,0,2,112,2,116,20,8,180,5,213,60,0,60,273
08/21/2023,MLB,FL,ASO,ES,Federal Contract Tower,13,9,128,2,152,0,1,179,0,180,13,10,307,2,332,179,0,179,511
08/22/2023,MLB,FL,ASO,ES,Federal Contract Tower,23,6,150,0,179,0,0,220,3,223,23,6,370,3,402,195,0,195,597
08/23/2023,MLB,FL,ASO,ES,Federal Contract Tower,18,1,129,1,149,0,0,224,1,225,18,1,353,2,374,150,0,150,524
08/24/2023,MLB,FL,ASO,ES,Federal Contract Tower,17,2,93,1,113,0,2,150,1,153,17,4,243,2,266,133,0,133,399
08/25/2023,MLB,FL,ASO,ES,Federal Contract Tower,17,2,86,2,107,0,3,197,0,200,17,5,283,2,307,94,0,94,401
08/26/2023,MLB,FL,ASO,ES,Federal Contract Tower,25,0,138,0,163,0,2,215,0,217,25,2,353,0,380,100,0,100,480
08/27/2023,MLB,FL,ASO,ES,Federal Contract Tower,19,2,64,6,91,0,4,127,0,131,19,6,191,6,222,36,10,46,268
08/28/2023,MLB,FL,ASO,ES,Federal Contract Tower,19,4,112,0,135,0,0,131,0,131,19,4,243,0,266,196,0,196,462
08/29/2023,MLB,FL,ASO,ES,Federal Contract Tower,24,14,105,6,149,0,0,123,6,129,24,14,228,12,278,59,0,59,337
08/30/2023,MLB,FL,ASO,ES,Federal Contract Tower,16,0,3,0,19,0,0,0,1,1,16,0,3,1,20,0,0,0,20
08/31/2023,MLB,FL,ASO,ES,Federal Contract Tower,17,5,106,4,132,0,2,151,4,157,17,7,257,8,289,38,6,44,333
